SBPRF35
12.7214
Curr Bio
754891
B35
894172
F35
0.167073
FOFL
0.137444
OFL
84728.5
Bzero
3.63469e+006
#pred survey bio
 3.5384e+006 3.4287e+006 3.334e+006 3.19328e+006 2.98859e+006 2.76818e+006 2.53946e+006 2.30641e+006 2.06643e+006 1.85177e+006 1.65219e+006 1.45155e+006 1.29564e+006 1.14897e+006 1.01123e+006 895532 810273 748066 705686 660564 629039 606254 596169 573307 565277 561811 561066 564099 565742 563903 571183 575025 576257 594087 606200 611183 628287 644404 654427 657174 659215 666871 670834 674387 681397 683403 684065 696063 698833 703911 702032 726757 745306 759415 2.61645e+007 1.54538e+007 1.55685e+007 1.64285e+007 1.78206e+007 1.94507e+007 2.10849e+007 2.25789e+007 2.38649e+007 2.49271e+007 2.57794e+007 2.64497e+007 2.69695e+007 2.73688e+007 2.76738e+007 2.7906e+007 2.80828e+007 2.82174e+007 2.83202e+007 2.83989e+007 2.84594e+007 2.85062e+007 2.85424e+007 2.85707e+007 2.85929e+007 2.86103e+007 2.8624e+007 2.86349e+007 2.86435e+007 2.86504e+007 2.8656e+007 2.86604e+007 2.8664e+007 2.86668e+007 2.86692e+007 2.86711e+007 2.86726e+007 2.86738e+007 2.86748e+007 2.86757e+007 2.86763e+007 2.86769e+007 2.86773e+007 2.86777e+007 2.8678e+007 2.86782e+007 2.86784e+007 2.86786e+007 2.86787e+007 2.86788e+007 2.86789e+007 2.8679e+007 2.86791e+007 2.86791e+007 2.86792e+007 2.86792e+007 2.86792e+007 2.86792e+007 2.86793e+007 2.86793e+007 2.86793e+007 2.86793e+007 2.86793e+007 2.86793e+007 2.86793e+007 2.86793e+007 2.86793e+007 2.86793e+007 2.86793e+007 2.86793e+007 2.86793e+007 2.86793e+007 2.86793e+007 2.86793e+007 2.86793e+007 2.86793e+007 2.86793e+007 2.86793e+007 2.86793e+007 2.86793e+007 2.86793e+007 2.86793e+007 2.86793e+007 2.86793e+007 2.86793e+007 2.86793e+007 2.86793e+007 2.86793e+007 2.86793e+007 2.86793e+007 2.86793e+007 2.86793e+007 2.86793e+007 2.86793e+007 2.86793e+007 2.86793e+007 2.86793e+007 2.86793e+007 2.86793e+007 2.86793e+007 0 0 0 0 0 0 0 0 0 0 0 0 0 0 0 0 0 0 0 0 0 0 0 0 0
#obs survey bio
 4.52994e+006 3.46792e+006 2.95457e+006 2.58129e+006 2.48608e+006 2.69595e+006 1.80906e+006 1.73372e+006 1.54347e+006 1.6878e+006 1.52962e+006 1.1368e+006 1.03058e+006 1.14587e+006 818291 805119 797679 726573 629898 650552 493016 707904 508578 468579 367962 694498 516904 647819 547575 465218 517986 578322 631982 583944 577247 735892 556553 788823 679778 523786 680622 694674 499233 577361 575618 475068 673970 668682 1.06026e+006 675870 576624 821872 957413 705799
#pred catch bio
 106154 95547.2 143047 211503 239434 262895 283653 306086 297370 295408 304599 270446 265705 257971 236372 206429 182322 160884 158480 142658 132460 120105 129148 114646 109644 106239 102253 102696 104516 96037 98675.9 100385 86650.9 92447.3 98494.9 88395.9 90205.8 95935 102270 103162 99156.6 103470 105219 104124 110173 112177 102711 109692 105933 110280 87015.5 91853.9 92513.4 107861 84728.5 99978.6 99550.5 103572 111706 121726 131827 140975 148722 154982 159874 163601 166385 168435 169925 170999 171766 172312 172698 172970 173161 173295 173389 173454 173500 173531 173553 173569 173579 173587 173592 173595 173598 173599 173600 173601 173602 173602 173602 173603 173603 173603 173603 173603 173603 173603 173603 173603 173603 173603 173603 173603 173603 173603 173603 173603 173603 173603 173603 173603 173603 173603 173603 173603 173603 173603 173603 173603 173603 173603 173603 173603 173603 173603 173603 173603 173603 173603 173603 173603 173603 173603 173603 173603 173603 173603 173603 173603 173603 173603 173603 173603 173603 173603 173603 173603 173603 173603 173603 173603 0 0 0 0 0 0 0 0 0 0 0 0 0 0 0 0 0 0 0 0 0 0 0 0 0
#obs catch bio
 0 95181.3 143096 212161 240205 264031 285677 309482 301102 299094 309636 274222 270782 263547 241730 211146 185838 162882 159601 143140 134040 120813 131000 116077 111492 106957 103129 103405 105430 96586 99011.1 100918 86865.2 92715.2 99095 88378.2 90473.1 96048.7 101921 103317 99341.6 103432 105698 104605 111110 113902 103928 110837 105849 110409 86986.4 92052.6 92476.2 107998
#pred cpue bio
 3.48749e+006 3.37947e+006 3.28655e+006 3.14658e+006 2.94226e+006 2.72221e+006 2.49398e+006 2.26155e+006 2.02255e+006 1.80891e+006 1.61053e+006 1.41154e+006 1.25685e+006 1.11166e+006 975752 861874 778254 717683 676741 633125 602486 580270 570442 548266 540523 537374 536929 540096 541914 540357 547637 551540 552853 570318 582267 587314 604135 619957 629857 632540 634374 641715 645429 648602 655109 656804 657405 669413 672707 678171 676574 700906 719649 734652 2.53702e+007 1.50111e+007 1.49928e+007 1.56561e+007 1.69579e+007 1.85601e+007 2.01871e+007 2.16794e+007 2.29649e+007 2.4027e+007 2.48794e+007 2.55497e+007 2.60694e+007 2.64687e+007 2.67737e+007 2.7006e+007 2.71827e+007 2.73174e+007 2.74201e+007 2.74989e+007 2.75594e+007 2.76061e+007 2.76424e+007 2.76707e+007 2.76928e+007 2.77103e+007 2.7724e+007 2.77349e+007 2.77435e+007 2.77504e+007 2.77559e+007 2.77603e+007 2.77639e+007 2.77668e+007 2.77691e+007 2.7771e+007 2.77725e+007 2.77738e+007 2.77748e+007 2.77756e+007 2.77763e+007 2.77768e+007 2.77773e+007 2.77777e+007 2.7778e+007 2.77782e+007 2.77784e+007 2.77786e+007 2.77787e+007 2.77788e+007 2.77789e+007 2.7779e+007 2.7779e+007 2.77791e+007 2.77791e+007 2.77791e+007 2.77792e+007 2.77792e+007 2.77792e+007 2.77792e+007 2.77792e+007 2.77792e+007 2.77793e+007 2.77793e+007 2.77793e+007 2.77793e+007 2.77793e+007 2.77793e+007 2.77793e+007 2.77793e+007 2.77793e+007 2.77793e+007 2.77793e+007 2.77793e+007 2.77793e+007 2.77793e+007 2.77793e+007 2.77793e+007 2.77793e+007 2.77793e+007 2.77793e+007 2.77793e+007 2.77793e+007 2.77793e+007 2.77793e+007 2.77793e+007 2.77793e+007 2.77793e+007 2.77793e+007 2.77793e+007 2.77793e+007 2.77793e+007 2.77793e+007 2.77793e+007 2.77793e+007 2.77793e+007 2.77793e+007 2.77793e+007 2.77793e+007 2.77793e+007 0 0 0 0 0 0 0 0 0 0 0 0 0 0 0 0 0 0 0 0 0 0 0 0 0
#obs cpue bio
 4.08939e+006 2.5323e+006 3.28442e+006 3.28944e+006 2.55443e+006 2.40154e+006 2.44988e+006 2.20108e+006 1.96865e+006 1.82741e+006 1.34855e+006 1.49838e+006 1.02701e+006 811584 854361 644984 683168 779210 989910 679091 408632 549663 425120 506934 497053 713199 431001 477282 470254 621861 720264 488522 450455 616187 500178 645660 521753 600287 948011 523915 528164 786711 548252 651295 553767 485762 562922 834528 952413 743649 623842 616352 634686 885047
#pred surv len freq
 0.00488585 0.00791498 0.0118801 0.0167543 0.0224198 0.0285952 0.0348034 0.0404804 0.0451834 0.0487343 0.051203 0.052787 0.0537037 0.0541385 0.0542332 0.0540922 0.0537959 0.0534003 0.0528907 0.052087 0.0505649 0.0477143 0.0430048 0.0363591 0.0283734
 0.00498087 0.00800324 0.011895 0.0166046 0.022028 0.0279502 0.0339936 0.039677 0.0445719 0.0484348 0.0512267 0.0530545 0.0541035 0.054588 0.0547083 0.0546168 0.054402 0.0540818 0.0535758 0.0526488 0.0508703 0.0476877 0.0426695 0.0358287 0.0277983
 0.00524751 0.00840484 0.0124351 0.0172525 0.0227121 0.0285588 0.0343913 0.0397438 0.0442587 0.0478044 0.0504439 0.0523189 0.0535655 0.0543014 0.054644 0.0547136 0.0546085 0.0543609 0.0538813 0.0529038 0.0509781 0.0475736 0.0423251 0.0353237 0.0272486
 0.00546644 0.00876941 0.012998 0.0180631 0.0237986 0.0299016 0.0358981 0.0412441 0.0455337 0.0486459 0.050724 0.0520369 0.0528476 0.0533491 0.0536559 0.0538231 0.053866 0.0537525 0.0533565 0.0523947 0.0504146 0.0469074 0.0415566 0.0345111 0.0264851
 0.0057108 0.00916142 0.0135797 0.0188738 0.0248721 0.0312577 0.037527 0.0430874 0.0474704 0.0504933 0.0522601 0.0530484 0.0531927 0.0530073 0.0527359 0.0525196 0.0523858 0.0522505 0.0519079 0.051007 0.0490625 0.0455728 0.0402574 0.0333063 0.0254521
 0.00598374 0.00959423 0.0142113 0.0197347 0.0259817 0.0326194 0.0391215 0.0448687 0.0493663 0.0524074 0.054069 0.0545981 0.0543086 0.053528 0.0525649 0.0516656 0.0509655 0.0504466 0.0499066 0.0489509 0.0470411 0.0436452 0.0384821 0.0317527 0.024186
 0.00627293 0.0100555 0.0148891 0.0206649 0.0271855 0.0340953 0.0408352 0.0467509 0.0513231 0.0543376 0.0558763 0.0561899 0.055584 0.0543702 0.0528509 0.0512987 0.0499161 0.0487769 0.0477611 0.046518 0.0445116 0.0411882 0.0362396 0.0298375 0.0226709
 0.00654629 0.0104975 0.01555 0.0215901 0.0284079 0.0356225 0.0426356 0.0487486 0.0534076 0.056385 0.0577696 0.0578302 0.0568897 0.0552672 0.0532617 0.0511416 0.0491227 0.0473248 0.0457043 0.0439962 0.0417311 0.038385 0.0336384 0.0276154 0.0209309
 0.0068449 0.0109746 0.0162529 0.0225589 0.0296702 0.0371842 0.0444693 0.0507869 0.0555473 0.0585024 0.0597383 0.0595349 0.0582348 0.056178 0.0536789 0.0510119 0.0483961 0.0459673 0.0437265 0.0414844 0.0388606 0.0354014 0.03081 0.025172 0.0190131
 0.00713383 0.011435 0.0169288 0.0234861 0.0308712 0.0386604 0.0461917 0.052691 0.0575406 0.0604783 0.06159 0.0611631 0.0595504 0.0571034 0.0541482 0.0509691 0.0477938 0.0447713 0.0419339 0.0391522 0.03613 0.0324974 0.0280029 0.022712 0.0170655
 0.0074127 0.0118828 0.0175926 0.0244057 0.0320727 0.0401446 0.0479224 0.0545914 0.0595036 0.0623874 0.0633379 0.0626611 0.0607284 0.0579054 0.0545268 0.0508809 0.0471979 0.043635 0.0402483 0.0369578 0.0335437 0.0297191 0.0252874 0.0203078 0.0151465
 0.00778029 0.0124608 0.018426 0.0255241 0.0334855 0.0418358 0.0498411 0.0566482 0.0615784 0.0643484 0.0650631 0.0640529 0.0617199 0.0584586 0.0546245 0.0505154 0.0463616 0.0423191 0.0384548 0.0347243 0.0309708 0.0269835 0.0226216 0.0179454 0.0132559
 0.00803957 0.0128811 0.0190561 0.0264076 0.034652 0.0432865 0.0515359 0.0585019 0.0634741 0.0661609 0.0666788 0.0653805 0.0626914 0.0590282 0.0547659 0.0502174 0.0456221 0.0411413 0.0368518 0.0327358 0.0286863 0.0245552 0.0202506 0.015837 0.0115618
 0.00827407 0.0132624 0.0196301 0.0272176 0.0357308 0.0446438 0.0531435 0.0602869 0.0653259 0.0679494 0.0682763 0.0666789 0.0636125 0.0595264 0.054824 0.0498388 0.0448211 0.0399384 0.035276 0.0308363 0.0265501 0.0223181 0.0180871 0.0139234 0.0100279
 0.0085213 0.0136586 0.0202161 0.0280278 0.036788 0.0459497 0.054668 0.0619625 0.0670538 0.0696141 0.0697626 0.0678842 0.0644565 0.0599568 0.0548185 0.0494015 0.0439755 0.0387193 0.033728 0.0290199 0.0245536 0.0202653 0.0161288 0.012208 0.00866147
 0.00866204 0.0138983 0.0205969 0.0285957 0.0375828 0.0469895 0.0559339 0.0633941 0.0685585 0.071086 0.0710993 0.0689971 0.0652743 0.0604275 0.0549107 0.0491053 0.0433012 0.0376952 0.0323989 0.0274495 0.0228293 0.0185012 0.0144562 0.0107508 0.00750587
 0.00867747 0.0139332 0.0206689 0.0287313 0.0378157 0.0473562 0.0564657 0.0641072 0.0694448 0.0721066 0.0721854 0.0700594 0.0662179 0.061167 0.0553794 0.0492591 0.0431196 0.0371808 0.0315782 0.0263745 0.0215791 0.0171792 0.0131788 0.00962611 0.00660844
 0.00870558 0.0139679 0.020702 0.028751 0.0378142 0.0473394 0.0564605 0.0641606 0.0696115 0.0724317 0.072687 0.0707182 0.0669778 0.0619436 0.0560768 0.0497867 0.0434064 0.0371847 0.03129 0.0258199 0.0208181 0.0163001 0.0122845 0.0088139 0.00594782
 0.00877144 0.014057 0.0208023 0.0288394 0.0378615 0.0473204 0.0563647 0.063999 0.0694196 0.0722657 0.0726131 0.0707952 0.0672367 0.0623737 0.0566228 0.0503606 0.0439081 0.0375245 0.0314079 0.0256968 0.0204783 0.0158059 0.0117212 0.00826805 0.00548597
 0.00899821 0.0143959 0.021256 0.0293874 0.0384625 0.0479175 0.0568922 0.0643908 0.0696231 0.0722585 0.0724149 0.0704666 0.0668629 0.0620391 0.0563855 0.0502353 0.0438642 0.0374999 0.0313325 0.0255175 0.0201772 0.0154044 0.011271 0.00783154 0.00511516
 0.00910652 0.0145738 0.0215257 0.0297674 0.0389593 0.0485151 0.0575437 0.0650206 0.0701428 0.0725913 0.0725173 0.0703387 0.066547 0.0616076 0.0559216 0.0498107 0.0435194 0.0372357 0.0311162 0.0253025 0.0199265 0.0151075 0.0109461 0.00751471 0.00484238
 0.0091917 0.0147015 0.0216988 0.0299839 0.0392156 0.0488106 0.0578801 0.0653963 0.0705423 0.0729788 0.072839 0.0705379 0.0665837 0.0614747 0.0556489 0.0494545 0.0431425 0.0368859 0.0308133 0.0250392 0.0196819 0.0148646 0.0107032 0.00728531 0.00464575
 0.00916098 0.0146594 0.0216498 0.0299368 0.0391814 0.0487987 0.0578972 0.0654469 0.0706324 0.0731152 0.0730241 0.0707606 0.0668153 0.061674 0.0557776 0.0494934 0.043098 0.0367837 0.0306836 0.0249025 0.0195448 0.0147258 0.0105627 0.00714955 0.00452576
 0.00922298 0.0147583 0.0217949 0.030135 0.039435 0.0491025 0.0582353 0.0657928 0.0709524 0.0733768 0.0732045 0.0708512 0.0668197 0.061602 0.0556381 0.0492926 0.0428435 0.0364898 0.0303719 0.0245969 0.0192645 0.014481 0.010357 0.00698328 0.00439822
 0.00913543 0.0146281 0.021622 0.0299287 0.0392137 0.0488908 0.0580618 0.0656855 0.0709337 0.0734564 0.0733749 0.0710897 0.0670946 0.0618802 0.0558914 0.0494995 0.0429902 0.0365705 0.03039 0.0245642 0.0191974 0.0143967 0.0102697 0.00690313 0.00433159
 0.00909877 0.0145584 0.0214994 0.0297309 0.0389243 0.0485113 0.057621 0.0652388 0.0705497 0.0731975 0.0732806 0.0711686 0.0673267 0.0622249 0.0562978 0.049917 0.0433762 0.0368953 0.0306378 0.024733 0.019296 0.0144405 0.0102764 0.00688921 0.00430981
 0.00909278 0.0145429 0.0214646 0.0296624 0.038804 0.0483216 0.0573507 0.0648908 0.0701472 0.0727858 0.072921 0.0709232 0.0672403 0.0623114 0.0565377 0.0502651 0.0437758 0.0372919 0.0309894 0.0250145 0.0194997 0.0145724 0.0103508 0.00692362 0.00432044
 0.00901518 0.014428 0.0213125 0.0294794 0.0385998 0.0481042 0.057123 0.0646512 0.0698938 0.0725226 0.0726631 0.0706997 0.06709 0.0622725 0.056634 0.0504954 0.044112 0.0376868 0.0313902 0.0253763 0.0197937 0.0147884 0.0104941 0.00700886 0.00436523
 0.00895894 0.0143374 0.021178 0.0292946 0.0383639 0.0478262 0.0568231 0.064358 0.0696356 0.0723173 0.0725147 0.0706025 0.0670391 0.0622722 0.0566981 0.0506393 0.0443408 0.0379875 0.0317318 0.0257187 0.0201 0.0150342 0.0106717 0.00712411 0.00443231
 0.0089602 0.0143344 0.021164 0.0292595 0.0382963 0.0477165 0.056668 0.0641629 0.0694155 0.0720941 0.0723121 0.0704395 0.0669263 0.0622123 0.0566909 0.0506865 0.0444461 0.0381511 0.0319443 0.0259584 0.0203382 0.0152441 0.0108361 0.00723898 0.00450379
 0.00892692 0.014276 0.0210685 0.0291133 0.0380882 0.0474428 0.0563376 0.0637986 0.0690499 0.0717633 0.0720486 0.0702678 0.0668599 0.0622522 0.0568268 0.0509006 0.0447184 0.0384628 0.0322772 0.0262931 0.0206529 0.0155179 0.0110541 0.00739635 0.00460627
 0.00889765 0.0142336 0.0210136 0.0290483 0.0380144 0.0473573 0.0562317 0.0636612 0.0688738 0.0715519 0.0718187 0.0700471 0.066679 0.0621374 0.0567939 0.050953 0.0448481 0.0386541 0.0325101 0.0265458 0.020903 0.0157448 0.011242 0.0075376 0.00470198
 0.00891241 0.0142514 0.0210291 0.0290534 0.0380008 0.0473206 0.0561733 0.0635867 0.0687881 0.0714553 0.0717071 0.0699175 0.0665365 0.0619973 0.0566788 0.0508851 0.0448422 0.0387132 0.0326259 0.0267014 0.0210769 0.0159154 0.0113916 0.00765526 0.00478496
 0.00881065 0.0140906 0.0207962 0.0287403 0.0376072 0.0468574 0.0556669 0.0630793 0.0683318 0.0711008 0.0714913 0.0698552 0.0666189 0.062199 0.0569676 0.0512318 0.0452248 0.0391155 0.0330331 0.0270968 0.021442 0.0162325 0.0116481 0.00784662 0.0049155
 0.00868992 0.0139119 0.0205594 0.0284558 0.0372913 0.0465259 0.0553312 0.0627476 0.0680143 0.0708144 0.07126 0.069706 0.0665741 0.0622684 0.0571453 0.0514985 0.0455544 0.0394815 0.033412 0.0274679 0.0217866 0.016534 0.0118941 0.00803201 0.00504336
 0.00871862 0.0139399 0.0205679 0.0284175 0.0371799 0.0463295 0.0550616 0.0624378 0.0677053 0.0705386 0.0710338 0.0695332 0.0664561 0.0622108 0.0571571 0.0515859 0.0457149 0.0397023 0.0336731 0.0277462 0.0220594 0.0167815 0.0121016 0.00819191 0.00515579
 0.00866456 0.0138557 0.0204471 0.0282545 0.0369685 0.0460623 0.0547329 0.0620509 0.0672799 0.0701136 0.0706611 0.0692625 0.0663198 0.0622168 0.0572931 0.0518288 0.0460388 0.0400814 0.0340807 0.0281551 0.0224431 0.0171177 0.0123754 0.00839788 0.00529788
 0.00856858 0.0137124 0.0202553 0.0280212 0.0367064 0.0457858 0.0544537 0.0617766 0.0670144 0.0698597 0.0704253 0.0690599 0.0661748 0.062157 0.0573389 0.0519859 0.0462959 0.0404151 0.0344609 0.0285498 0.022822 0.017455 0.0126532 0.0086084 0.00544387
 0.00862228 0.013778 0.0203144 0.0280445 0.0366634 0.045658 0.054246 0.0615159 0.0667376 0.0695984 0.0701958 0.0688649 0.0660124 0.0620305 0.0572609 0.0519736 0.0463631 0.0405638 0.034679 0.0288134 0.0231012 0.0177207 0.0128824 0.0087881 0.0055716
 0.00868169 0.0138781 0.0204697 0.028266 0.0369503 0.0459887 0.0545732 0.0617759 0.0668712 0.0695744 0.0700217 0.0685787 0.0656636 0.0616637 0.0569102 0.0516653 0.0461189 0.0404 0.0346024 0.0288178 0.023168 0.0178238 0.0129953 0.00889019 0.00565131
 0.00868067 0.0138841 0.0204935 0.0283235 0.0370598 0.046165 0.05482 0.0620784 0.0671933 0.0698625 0.0702181 0.06864 0.0655759 0.0614467 0.0566071 0.0513277 0.0457938 0.0401233 0.0343966 0.0286914 0.0231154 0.0178282 0.0130342 0.00894156 0.00569932
 0.00873739 0.013957 0.0205681 0.0283769 0.0370695 0.0461224 0.0547399 0.061997 0.0671533 0.0698933 0.0703209 0.0687857 0.0657168 0.0615356 0.0566158 0.0512555 0.0456642 0.0399723 0.0342593 0.0285924 0.023065 0.0178223 0.0130593 0.00898107 0.00573909
 0.00882719 0.0140975 0.020768 0.0286369 0.0373782 0.046453 0.0550506 0.0622397 0.067291 0.0699166 0.0702518 0.0686645 0.0655796 0.0613976 0.0564699 0.0510854 0.0454605 0.0397419 0.0340242 0.02838 0.0228968 0.0177076 0.0129944 0.00895339 0.0057337
 0.00887886 0.0141836 0.0209015 0.0288306 0.0376413 0.0467852 0.055436 0.0626439 0.0676648 0.070207 0.0704169 0.0686869 0.065471 0.0611916 0.0562063 0.0507948 0.0451597 0.0394395 0.0337293 0.0281069 0.0226627 0.0175255 0.0128677 0.00887582 0.0056926
 0.00886652 0.0141703 0.0208944 0.0288416 0.0376857 0.0468782 0.0555883 0.0628576 0.0679303 0.0705008 0.0707033 0.068924 0.0656217 0.0612352 0.0561439 0.0506466 0.0449545 0.0392049 0.0334875 0.0278754 0.0224564 0.0173562 0.0127417 0.00879183 0.00564314
 0.008741 0.0139975 0.0206922 0.0286467 0.0375439 0.0468288 0.0556515 0.0630308 0.0681934 0.0708243 0.0710539 0.0692665 0.0659206 0.061458 0.0562677 0.0506639 0.0448753 0.0390528 0.0332923 0.0276665 0.0222578 0.0171853 0.0126082 0.00869767 0.00558358
 0.00855813 0.0137217 0.0203187 0.0281894 0.0370369 0.0463245 0.0552162 0.0627344 0.0680918 0.0709407 0.0713696 0.069728 0.0664566 0.0619982 0.0567547 0.0510582 0.0451573 0.039222 0.0333644 0.0276669 0.0222153 0.0171254 0.0125494 0.00865036 0.00555108
 0.00832926 0.0133615 0.0198001 0.0274988 0.0361808 0.0453386 0.0541727 0.0617407 0.0672735 0.0704125 0.0712062 0.069946 0.0670137 0.0628059 0.0577012 0.0520326 0.0460686 0.0400095 0.0339992 0.0281473 0.0225583 0.0173574 0.0126987 0.0087421 0.0056049
 0.00830735 0.0133054 0.0196778 0.0272676 0.0357975 0.0447765 0.0534383 0.0608814 0.0663727 0.0695759 0.0705427 0.0695482 0.0669388 0.0630621 0.0582445 0.0527774 0.0469088 0.0408432 0.0347479 0.028765 0.0230308 0.0176946 0.012924 0.00888343 0.0056881
 0.00835047 0.0133617 0.0197353 0.0273026 0.0357758 0.0446575 0.0531832 0.0604636 0.0657908 0.0688644 0.0697752 0.0688272 0.0663744 0.062745 0.0582233 0.0530468 0.0474125 0.0414901 0.0354368 0.029409 0.0235724 0.0181099 0.0132166 0.0090735 0.00580223
 0.00831919 0.0133297 0.0197211 0.027332 0.0358707 0.0448207 0.0533854 0.0606447 0.0658754 0.0687871 0.0695044 0.0683794 0.0658139 0.0621707 0.0577434 0.0527493 0.0473412 0.041635 0.035742 0.0297949 0.0239615 0.0184461 0.013473 0.00924879 0.00591043
 0.00795307 0.012781 0.0189835 0.026435 0.034877 0.0438165 0.0524695 0.0599133 0.0654005 0.0685938 0.0695624 0.0686171 0.0661505 0.0625489 0.0581466 0.0531969 0.047866 0.0422564 0.0364471 0.0305366 0.0246741 0.0190679 0.013965 0.00960161 0.00613975
 0.00744241 0.0120088 0.0179308 0.0251264 0.0333777 0.042224 0.0509075 0.0585228 0.0643221 0.0679385 0.0693834 0.0688967 0.0668084 0.0634686 0.0592098 0.0543128 0.0489844 0.0433586 0.0375242 0.0315689 0.0256241 0.01989 0.0146234 0.0100843 0.00646156
 0.00679305 0.011014 0.0165489 0.0233642 0.031293 0.0399243 0.0485489 0.0563028 0.0624526 0.0666051 0.0687079 0.0689193 0.0674892 0.0647015 0.0608453 0.0561864 0.0509453 0.04529 0.0393466 0.0332291 0.0270812 0.0211096 0.0155837 0.0107861 0.00693213
#obs surv len freq
 nan nan nan nan nan nan nan nan nan nan nan nan nan nan nan nan nan nan nan nan nan nan nan nan nan
 0.00448413 0.00734536 0.0111754 0.0159921 0.0216935 0.0279699 0.0342848 0.0400165 0.0446961 0.0481596 0.0505168 0.0520118 0.0529032 0.0534148 0.0537284 0.0539828 0.0542611 0.0545536 0.0546922 0.054284 0.0527221 0.0493543 0.0438043 0.0362846 0.0276686
 0.00461649 0.00756152 0.0115022 0.0164542 0.0223074 0.0287348 0.0351733 0.0409721 0.0456407 0.0490084 0.0511947 0.0524642 0.0531016 0.0533575 0.0534365 0.0534926 0.0536151 0.0537942 0.053858 0.0534117 0.0518501 0.0485253 0.0430625 0.0356676 0.027197
 0.00477721 0.0078263 0.0119072 0.0170349 0.0230916 0.0297307 0.0363573 0.042284 0.0469902 0.0502911 0.0523075 0.0533186 0.0536318 0.0535263 0.0532377 0.0529491 0.0527724 0.0527116 0.0526016 0.0520517 0.0504618 0.0471894 0.0418592 0.034663 0.0264278
 0.0049736 0.00814593 0.0123891 0.0177163 0.0240014 0.0308789 0.0377238 0.0438123 0.048593 0.0518627 0.0537389 0.0545066 0.0544874 0.0539807 0.0532487 0.0525056 0.0518956 0.0514526 0.0510371 0.0502796 0.048598 0.0453617 0.040194 0.0332638 0.0253526
 0.00517892 0.00848373 0.0129049 0.018455 0.0249984 0.0321467 0.0392377 0.0455063 0.0503698 0.053612 0.0553533 0.0558892 0.0555517 0.0546512 0.0534637 0.0522231 0.0511013 0.0501673 0.0493223 0.0482395 0.0463765 0.0431306 0.0381288 0.0315108 0.0239971
 0.00541272 0.00886394 0.0134776 0.0192637 0.026077 0.0335069 0.0408562 0.0473185 0.0522768 0.0554984 0.0571042 0.0574015 0.0567382 0.0554394 0.0537931 0.0520445 0.0503816 0.0488998 0.0475419 0.0460367 0.0439027 0.0405866 0.035733 0.0294525 0.0223925
 0.0056452 0.00924826 0.0140677 0.0201134 0.0272289 0.0349753 0.0426098 0.0492765 0.0543221 0.0575019 0.0589459 0.0589807 0.0579738 0.0562659 0.0541562 0.0518984 0.0496892 0.0476416 0.0457328 0.0437481 0.0412781 0.0378369 0.0331034 0.027166 0.020594
 0.00587354 0.00962273 0.0146377 0.0209283 0.0283294 0.0363801 0.0443001 0.0511882 0.056352 0.0595251 0.0608355 0.0606221 0.059273 0.0571514 0.0545752 0.0518099 0.0490602 0.0464501 0.0439839 0.0414979 0.0386559 0.0350485 0.0304012 0.0247899 0.018708
 0.00613802 0.010051 0.0152791 0.0218276 0.0295187 0.0378662 0.0460508 0.0531281 0.058373 0.0615064 0.0626617 0.0621926 0.0605044 0.0579768 0.054943 0.0516809 0.0484047 0.0452494 0.0422418 0.0392628 0.0360455 0.032258 0.0276787 0.0223791 0.0167819
 0.00638423 0.0104586 0.0159056 0.02273 0.0307408 0.0394185 0.0478926 0.0551631 0.0604666 0.0635152 0.0644599 0.0636843 0.0616225 0.0586762 0.0551923 0.0514558 0.0476845 0.0440203 0.0405079 0.0370678 0.0334967 0.0295363 0.0250185 0.0200158 0.0148861
 0.00660217 0.010816 0.0164499 0.0235084 0.0317926 0.0407619 0.0495096 0.0569903 0.0624007 0.065429 0.0662224 0.0651785 0.0627577 0.0593925 0.0554571 0.0512545 0.0470108 0.0428726 0.0388971 0.0350364 0.0311416 0.0270207 0.0225556 0.0178216 0.0131203
 0.00683571 0.0111979 0.0170283 0.024329 0.0328889 0.0421406 0.0511362 0.058786 0.0642542 0.067219 0.0678361 0.0665215 0.0637557 0.0599915 0.0556233 0.0509729 0.0462805 0.0417031 0.037311 0.0330822 0.028912 0.0246638 0.0202622 0.0157851 0.0114832
 0.00707346 0.0115874 0.0176199 0.0251703 0.0340144 0.0435555 0.0528002 0.060609 0.06611 0.0689716 0.0693644 0.0677332 0.0645906 0.0604172 0.055628 0.0505581 0.0454561 0.0404866 0.0357317 0.0311924 0.0268013 0.0224671 0.0181481 0.0139214 0.00999204
 0.00727817 0.0119265 0.0181418 0.0259233 0.0350366 0.0448581 0.054351 0.0623268 0.067876 0.070652 0.0708343 0.0688924 0.0653709 0.0607832 0.055573 0.0500954 0.0446107 0.0392892 0.0342213 0.0294249 0.0248624 0.0204776 0.0162542 0.0122655 0.00867483
 0.00745603 0.0122186 0.0185868 0.0265596 0.035895 0.04595 0.0556562 0.0637872 0.0694012 0.0721345 0.0721654 0.0699756 0.0661308 0.0611714 0.0555692 0.0497046 0.0438563 0.0382077 0.0328593 0.0278437 0.0231452 0.0187333 0.0146089 0.0108377 0.00754582
 0.00753809 0.0123539 0.0187946 0.0268609 0.0363104 0.0464964 0.0563406 0.0646024 0.0703234 0.0731232 0.0731646 0.0709171 0.0669396 0.0617745 0.0559057 0.0497334 0.043561 0.0375963 0.0319633 0.0267173 0.0218659 0.0174007 0.0133339 0.00972254 0.00666022
 0.00760139 0.0124517 0.018933 0.0270431 0.0365386 0.0467733 0.0566702 0.0649894 0.0707718 0.0736335 0.07373 0.0715182 0.0675413 0.0623258 0.0563446 0.0499973 0.0435983 0.0373765 0.0314842 0.0260082 0.0209873 0.016438 0.0123848 0.00887758 0.00598206
 0.0076813 0.0125746 0.0191046 0.0272636 0.0368021 0.0470681 0.0569801 0.0652964 0.0710615 0.0739008 0.0739812 0.0717665 0.0677975 0.0625878 0.0565915 0.0501898 0.0436862 0.0373121 0.0312363 0.025574 0.0203976 0.0157543 0.0116863 0.0082415 0.00546428
 0.00773691 0.0126588 0.0192194 0.0274067 0.0369674 0.0472469 0.0571623 0.0654716 0.0712206 0.0740391 0.0741004 0.0718753 0.0679086 0.062712 0.0567307 0.0503307 0.043799 0.0373559 0.0311712 0.0253756 0.020069 0.0153293 0.0112212 0.00779857 0.00509279
 0.00779721 0.0127514 0.0193485 0.0275717 0.0371625 0.0474609 0.057379 0.0656713 0.0713846 0.0741547 0.074165 0.0718964 0.0679007 0.0626926 0.0567146 0.0503248 0.0437979 0.0373403 0.0311128 0.0252479 0.0198601 0.01505 0.010904 0.00748665 0.00482453
 0.00782277 0.0127917 0.0194067 0.0276498 0.0372605 0.047576 0.0575049 0.0657985 0.0715017 0.0742513 0.0742343 0.0719365 0.067915 0.0626887 0.0567021 0.0503121 0.0437879 0.0373276 0.031083 0.0251827 0.0197458 0.0148863 0.010707 0.00728369 0.00464342
 0.0078635 0.0128522 0.0194871 0.0277465 0.0373674 0.0476864 0.0576129 0.0658987 0.0715895 0.0743222 0.0742842 0.0719626 0.0679167 0.0626682 0.0566646 0.0502647 0.0437369 0.0372757 0.0310268 0.0251138 0.0196549 0.0147701 0.0105719 0.00714461 0.00451791
 0.00787569 0.0128694 0.019508 0.0277682 0.0373857 0.0476973 0.0576139 0.0658903 0.0715753 0.0743086 0.0742789 0.0719715 0.0679414 0.0627055 0.0567081 0.0503074 0.0437737 0.0373028 0.031041 0.0251106 0.01963 0.0147218 0.0105042 0.00706735 0.00444334
 0.00790219 0.0129068 0.0195537 0.027816 0.0374272 0.0477249 0.0576222 0.0658779 0.0715446 0.0742652 0.0742309 0.0719283 0.0679114 0.0626942 0.0567162 0.050331 0.0438057 0.0373353 0.0310668 0.0251239 0.0196268 0.0147008 0.010468 0.00702222 0.00439756
 0.0079048 0.0129118 0.0195625 0.0278296 0.0374454 0.0477446 0.0576375 0.0658814 0.0715301 0.0742316 0.074183 0.0718758 0.0678658 0.0626649 0.0567086 0.0503453 0.0438375 0.0373772 0.0311098 0.0251597 0.0196493 0.0147073 0.0104595 0.0070031 0.00437404
 0.007884 0.012875 0.0195021 0.0277378 0.0373175 0.0475832 0.0574557 0.0657006 0.071375 0.0741213 0.0741268 0.0718733 0.0679104 0.0627479 0.0568215 0.0504799 0.0439849 0.0375273 0.0312524 0.0252849 0.0197498 0.0147794 0.010504 0.00702495 0.00438032
 0.00788416 0.0128694 0.0194826 0.0276931 0.0372353 0.0474554 0.0572823 0.0654928 0.0711541 0.0739148 0.0739625 0.0717725 0.0678835 0.062793 0.0569267 0.0506284 0.0441592 0.0377111 0.0314313 0.0254469 0.0198858 0.0148841 0.010577 0.00706999 0.00440421
 0.0078929 0.0128823 0.0194993 0.0277111 0.0372496 0.0474572 0.0572603 0.0654355 0.0710543 0.073775 0.0737969 0.071605 0.0677414 0.0626992 0.0568938 0.0506566 0.0442384 0.0378252 0.0315624 0.0255785 0.0200045 0.0149813 0.010649 0.00711781 0.00443228
 0.00787461 0.0128547 0.0194618 0.0276646 0.0371962 0.0473998 0.0572015 0.0653769 0.0709952 0.073713 0.0737292 0.0715316 0.0676684 0.0626383 0.0568599 0.0506618 0.0442874 0.0379136 0.0316779 0.0257051 0.0201266 0.0150868 0.0107311 0.0071754 0.0044685
 0.00786247 0.0128304 0.0194172 0.0275902 0.0370847 0.0472508 0.0570253 0.0651937 0.0708296 0.0735854 0.0736502 0.0715007 0.0676771 0.0626766 0.0569205 0.0507425 0.0443889 0.0380357 0.0318165 0.0258509 0.0202673 0.0152106 0.0108301 0.00724714 0.00451538
 0.0078492 0.0128088 0.0193843 0.0275426 0.0370182 0.0471611 0.0569093 0.0650522 0.0706704 0.0734238 0.073507 0.0713962 0.0676247 0.0626791 0.0569712 0.0508299 0.0445018 0.0381656 0.0319564 0.0259937 0.0204043 0.0153327 0.0109301 0.00732158 0.0045655
 0.00780587 0.0127386 0.0192795 0.0273969 0.0368293 0.0469331 0.0566551 0.0647928 0.0704302 0.0732249 0.0733653 0.0713212 0.0676205 0.062745 0.057101 0.0510113 0.0447183 0.0383993 0.0321913 0.0262165 0.0206046 0.0155026 0.0110648 0.00742036 0.00463182
 0.00777443 0.0126857 0.0191964 0.0272747 0.036661 0.0467171 0.0563989 0.0645137 0.0701534 0.0729782 0.0731734 0.0712017 0.067582 0.0627877 0.0572179 0.0511903 0.0449434 0.0386519 0.032452 0.0264676 0.0208312 0.0156943 0.0112161 0.007531 0.00470615
 0.00773952 0.012629 0.0191112 0.0271548 0.0365015 0.0465169 0.0561623 0.0642523 0.0698852 0.0727254 0.0729595 0.0710478 0.0675041 0.0627936 0.0573068 0.0513529 0.0451641 0.038911 0.032728 0.0267393 0.0210801 0.0159067 0.0113845 0.00765431 0.00478906
 0.00769252 0.012552 0.0189946 0.0269897 0.0362827 0.046246 0.0558511 0.0639229 0.0695657 0.0724445 0.0727401 0.070906 0.0674488 0.0628279 0.0574277 0.0515515 0.0454255 0.0392153 0.033052 0.0270592 0.0213742 0.0161583 0.0115841 0.00780052 0.00488726
 0.00770818 0.0125704 0.0190088 0.0269883 0.0362519 0.0461733 0.0557295 0.0637532 0.0693571 0.0722127 0.0725062 0.0706929 0.0672778 0.0627163 0.0573866 0.051585 0.04553 0.03938 0.0332596 0.027288 0.0216015 0.016364 0.0117542 0.00792897 0.00497555
 0.00766152 0.0125061 0.0189331 0.026913 0.0361893 0.0461293 0.0556987 0.0637202 0.0693035 0.0721264 0.0723871 0.0705527 0.0671369 0.0625969 0.0573086 0.0515621 0.0455686 0.0394778 0.0334064 0.0274667 0.0217915 0.0165447 0.0119093 0.00804941 0.00506013
 0.00764076 0.01247 0.0188753 0.026828 0.0360764 0.0459965 0.0555641 0.0636072 0.069231 0.0720986 0.0723908 0.0705655 0.0671388 0.0625811 0.0572824 0.0515424 0.0455735 0.0395202 0.0334898 0.0275848 0.0219302 0.0166864 0.0120376 0.00815325 0.00513538
 0.00762821 0.0124484 0.0188403 0.0267746 0.0359995 0.0458927 0.0554346 0.06346 0.0690819 0.0719686 0.0722996 0.0705238 0.0671442 0.0626194 0.0573363 0.0516004 0.0456339 0.0395892 0.0335749 0.0276889 0.0220488 0.0168087 0.0121509 0.00824715 0.00520496
 0.00759595 0.0124011 0.0187786 0.0267019 0.0359205 0.0458112 0.0553517 0.063375 0.0689937 0.0718792 0.0722161 0.0704574 0.0671068 0.0626182 0.0573707 0.0516624 0.045713 0.0396774 0.0336694 0.0277894 0.022154 0.0169137 0.0122479 0.00832852 0.00526637
 0.00757291 0.0123617 0.0187162 0.0266102 0.0357963 0.0456583 0.0551824 0.0632087 0.0688509 0.0717742 0.0721535 0.0704338 0.0671161 0.0626564 0.0574355 0.0517518 0.0458224 0.0398001 0.0337977 0.0279173 0.0222765 0.0170265 0.0123463 0.00840848 0.0053258
 0.00756631 0.0123499 0.0186959 0.0265776 0.0357466 0.0455869 0.0550871 0.0630914 0.0687195 0.0716421 0.0720369 0.0703475 0.067069 0.0626496 0.0574651 0.0518114 0.0459056 0.0399005 0.0339088 0.028032 0.0223882 0.0171292 0.0124349 0.00847965 0.00537837
 0.00757069 0.012358 0.01871 0.0265995 0.035777 0.0456231 0.0551223 0.0631149 0.0687196 0.0716106 0.0719725 0.0702576 0.0669674 0.0625529 0.0573876 0.0517618 0.0458866 0.0399098 0.0339415 0.0280816 0.0224474 0.0171907 0.0124925 0.00852837 0.00541572
 0.00754765 0.0123233 0.0186631 0.0265421 0.0357132 0.0455591 0.0550651 0.0630712 0.0686934 0.071601 0.0719739 0.0702616 0.0669674 0.0625473 0.0573804 0.0517606 0.0458987 0.0399396 0.0339887 0.0281422 0.0225152 0.0172585 0.012554 0.00857909 0.00545372
 0.00753945 0.0123094 0.018641 0.0265096 0.0356691 0.0455045 0.0550044 0.0630118 0.0686441 0.0715688 0.0719617 0.070267 0.0669841 0.0625676 0.0573986 0.0517751 0.0459126 0.0399581 0.0340163 0.0281804 0.0225616 0.0173084 0.0126016 0.00861984 0.00548497
 0.00753026 0.012296 0.0186236 0.0264892 0.0356467 0.0454804 0.0549781 0.0629824 0.0686117 0.0715359 0.0719325 0.0702468 0.0669761 0.0625717 0.0574118 0.051793 0.0459319 0.0399782 0.0340389 0.0282076 0.0225941 0.0173443 0.0126373 0.00865147 0.00550995
 0.00750318 0.0122531 0.0185614 0.0264058 0.0355429 0.045361 0.0548523 0.0628633 0.0685126 0.0714671 0.071899 0.0702482 0.0670088 0.0626303 0.0574899 0.0518834 0.0460273 0.0400723 0.0341275 0.0282887 0.0226669 0.0174081 0.0126912 0.00869429 0.00554139
 0.00748485 0.0122237 0.0185179 0.0263457 0.0354648 0.0452655 0.0547433 0.0627481 0.0684017 0.0713722 0.0718306 0.0702132 0.0670097 0.0626652 0.0575531 0.0519676 0.0461242 0.040174 0.0342272 0.0283813 0.0227492 0.0174782 0.0127481 0.00873798 0.00557262
 0.00750433 0.0122489 0.0185441 0.0263642 0.0354657 0.0452409 0.0546904 0.0626704 0.0683071 0.0712709 0.0717333 0.0701299 0.0669487 0.0626323 0.0575505 0.0519936 0.0461736 0.0402396 0.0343012 0.0284563 0.0228194 0.0175396 0.0127984 0.00877653 0.00560001
 0.00750433 0.0122489 0.0185441 0.0263642 0.0354657 0.0452409 0.0546904 0.0626704 0.0683071 0.0712709 0.0717333 0.0701299 0.0669487 0.0626323 0.0575505 0.0519936 0.0461736 0.0402396 0.0343012 0.0284563 0.0228194 0.0175396 0.0127984 0.00877653 0.00560001
 0.0073635 0.0120313 0.0182379 0.0259672 0.0349862 0.044699 0.0541199 0.0621177 0.0678264 0.0709131 0.0715354 0.070108 0.0670967 0.0629252 0.0579519 0.0524626 0.0466715 0.040733 0.0347634 0.0288681 0.0231681 0.0178194 0.01301 0.00892625 0.00569835
 0.00725855 0.0118475 0.0179383 0.0255127 0.0343488 0.0438807 0.0531675 0.0611227 0.0669039 0.070172 0.0710536 0.0699223 0.0672056 0.0632972 0.0585345 0.0531913 0.0474785 0.041555 0.0355472 0.0295732 0.0237679 0.018301 0.0133732 0.00918183 0.00586497
 0.00723699 0.0118065 0.0178643 0.025386 0.0341435 0.0435688 0.0527259 0.0605447 0.0662115 0.0694221 0.0703328 0.0693285 0.0668228 0.0631749 0.0586795 0.0535721 0.0480372 0.0422209 0.0362489 0.0302483 0.0243691 0.0187988 0.0137564 0.00945505 0.0060445
#pred catch len freq
 0.00530138 0.0082706 0.0118319 0.0158055 0.0200757 0.0245969 0.0293145 0.0341001 0.0387651 0.0431154 0.0469898 0.0502713 0.0528944 0.0548479 0.0561703 0.0569401 0.0572663 0.0572612 0.0569691 0.0562484 0.0546813 0.0516357 0.0465556 0.0393678 0.0307237
 0.00541899 0.00840186 0.0119222 0.015776 0.0198559 0.0241695 0.0287441 0.03352 0.0383226 0.0429062 0.0470228 0.0504834 0.0531989 0.0551854 0.0565335 0.0573626 0.0577838 0.0578655 0.057581 0.0567302 0.0548901 0.0514928 0.0460904 0.0387077 0.0300345
 0.00574601 0.00888476 0.0125542 0.0165084 0.0205987 0.0248027 0.0291401 0.0335802 0.0380203 0.0423151 0.0463013 0.049813 0.0527102 0.0549202 0.0564614 0.0574292 0.0579472 0.0580967 0.0578363 0.0569304 0.0549333 0.0513009 0.0456572 0.038111 0.029401
 0.006043 0.00935214 0.0132279 0.0174088 0.0217227 0.026112 0.0305466 0.0349403 0.0391515 0.0430402 0.046508 0.0495002 0.0519948 0.0539919 0.0555087 0.0565787 0.0572452 0.0575274 0.0573477 0.0564519 0.0543907 0.0506417 0.0448803 0.0372774 0.0286103
 0.00636484 0.00984848 0.0139269 0.0183244 0.0228597 0.0274701 0.0321149 0.0366785 0.040968 0.04478 0.047966 0.0504666 0.052321 0.0536468 0.0545927 0.0552828 0.0557763 0.0560412 0.0559189 0.0550849 0.0530555 0.0493154 0.0435782 0.0360595 0.0275583
 0.00672696 0.0104025 0.0146975 0.0193151 0.0240594 0.0288618 0.0336794 0.0383907 0.0427877 0.0466399 0.0497585 0.0520369 0.0534801 0.0542131 0.054451 0.0544311 0.0543308 0.0541911 0.0538596 0.0529661 0.0509703 0.0473239 0.04174 0.0344465 0.02624
 0.00711769 0.0110022 0.0155346 0.0203955 0.0253702 0.0303785 0.0353679 0.0402047 0.0446688 0.0485199 0.0515601 0.0536692 0.0548296 0.0551414 0.0548111 0.0541059 0.0532786 0.0524731 0.0516282 0.0504228 0.0483188 0.0447443 0.0393826 0.0324308 0.0246433
 0.00750712 0.0116038 0.0163826 0.0215034 0.026734 0.0319801 0.0371732 0.0421593 0.0466965 0.050529 0.053453 0.0553503 0.0562073 0.0561237 0.0552995 0.0539982 0.0524905 0.0509735 0.049472 0.0477593 0.0453705 0.0417653 0.0366147 0.0300643 0.022789
 0.00790935 0.0122221 0.0172481 0.0226255 0.0281054 0.0335832 0.0389807 0.0441275 0.0487589 0.0525958 0.055418 0.0571014 0.0576381 0.0571406 0.0558213 0.053951 0.051807 0.0496078 0.0474305 0.0451328 0.0423473 0.0386101 0.0336164 0.0274703 0.020751
 0.00831673 0.0128462 0.0181176 0.0237451 0.0294611 0.0351509 0.0407276 0.0460092 0.0507152 0.0545506 0.0572827 0.0587792 0.0590301 0.0581524 0.0563682 0.0539597 0.0512155 0.0483722 0.0455432 0.0426535 0.0394285 0.035496 0.0306003 0.024824 0.0186543
 0.00874486 0.0135033 0.0190347 0.0249277 0.0308933 0.0368012 0.042551 0.0479438 0.0526826 0.0564623 0.059048 0.0603127 0.0602544 0.0589985 0.0567744 0.0538692 0.0505771 0.0471454 0.0437159 0.0402691 0.0366142 0.03247 0.0276412 0.0222032 0.016562
 0.00922078 0.014228 0.0200352 0.0262 0.0324097 0.0385216 0.0444266 0.0499132 0.0546669 0.0583667 0.0607707 0.0617569 0.0613389 0.0596641 0.0569815 0.053591 0.0497911 0.045833 0.041874 0.0379361 0.0338988 0.0295642 0.0247979 0.0196767 0.0145366
 0.0096183 0.0148414 0.0208979 0.0273227 0.0337823 0.040116 0.0461957 0.0517881 0.0565598 0.0601791 0.0624044 0.0631213 0.0623567 0.0602754 0.0571462 0.0532867 0.0490081 0.0445699 0.0401429 0.0357795 0.0314143 0.0269187 0.022212 0.0173756 0.0126868
 0.00999416 0.0154215 0.0217142 0.0283869 0.0350883 0.0416431 0.0479058 0.05362 0.0584266 0.0619745 0.0640149 0.0644415 0.0633019 0.060789 0.0571999 0.0528746 0.0481388 0.0432613 0.0384243 0.0337041 0.0290776 0.0244697 0.0198423 0.0152791 0.0110059
 0.0103548 0.0159755 0.0224887 0.0293885 0.0363064 0.0430549 0.0494768 0.0552985 0.0601404 0.063633 0.0655164 0.0656837 0.0641949 0.0612659 0.0572241 0.0524391 0.0472602 0.041972 0.0367698 0.0317494 0.0269191 0.0222437 0.0177144 0.0134123 0.00951749
 0.0105346 0.0162657 0.0229222 0.0299956 0.0371113 0.0440683 0.0506867 0.0566653 0.0615983 0.0650977 0.0668952 0.0668835 0.0651294 0.0618629 0.0574322 0.0522324 0.0466384 0.0409586 0.0354097 0.0301105 0.0250973 0.0203644 0.0159226 0.0118455 0.00827163
 0.0105449 0.0162918 0.0229804 0.0301111 0.0373176 0.0444038 0.0511877 0.057356 0.0624798 0.0661397 0.0680333 0.0680274 0.0661771 0.0627169 0.0580111 0.0524779 0.0465185 0.0404692 0.0345757 0.028987 0.0237705 0.0189485 0.0145465 0.0106291 0.00729845
 0.0105497 0.0162929 0.0229703 0.0300819 0.0372667 0.0443425 0.0511477 0.0573878 0.062642 0.0664811 0.0685752 0.0687515 0.067024 0.0635949 0.0588132 0.053101 0.0468802 0.0405188 0.0342999 0.0284121 0.0229616 0.0180028 0.0135781 0.00974595 0.00657818
 0.0106671 0.0164572 0.0231682 0.0302831 0.0374313 0.0444338 0.0511454 0.0572963 0.0624932 0.066331 0.0684933 0.068803 0.0672476 0.0639866 0.0593217 0.0536384 0.0473431 0.0408127 0.0343604 0.0282183 0.0225398 0.0174209 0.0129288 0.0091237 0.00605506
 0.0109237 0.016834 0.0236593 0.0308546 0.0380281 0.0449921 0.0516041 0.057605 0.0626192 0.066268 0.0682684 0.0684758 0.0668981 0.0636934 0.0591374 0.0535722 0.0473582 0.0408396 0.034322 0.0280568 0.0222362 0.0169996 0.0124479 0.00865304 0.00565305
 0.0110436 0.0170238 0.0239349 0.0312251 0.0384918 0.0455308 0.0521783 0.0581547 0.063074 0.066564 0.0683653 0.0683687 0.0666202 0.0633087 0.0587239 0.0531992 0.0470645 0.0406231 0.0341458 0.02787 0.0219989 0.0167014 0.0121105 0.0083177 0.0053611
 0.0111109 0.0171234 0.0240674 0.0313877 0.0386819 0.0457515 0.0524388 0.0584631 0.0634252 0.0669296 0.0686944 0.0686013 0.0667091 0.0632379 0.0585158 0.0529053 0.0467451 0.0403251 0.0338878 0.0276424 0.0217787 0.0164707 0.0118691 0.00808247 0.00515534
 0.0111415 0.0171719 0.0241378 0.0314821 0.0388 0.0458896 0.0525905 0.0586225 0.0635902 0.0671025 0.0688771 0.0687861 0.0668728 0.0633461 0.0585373 0.0528283 0.0465837 0.0401122 0.0336587 0.0274205 0.021571 0.0162746 0.0116828 0.00791117 0.00500909
 0.0111611 0.017206 0.0241935 0.0315676 0.038923 0.0460548 0.0527959 0.0588573 0.0638359 0.0673369 0.0690797 0.0689426 0.0669757 0.0633915 0.0585204 0.052744 0.0464317 0.0399028 0.0334131 0.0271643 0.0213255 0.0160526 0.0114903 0.0077509 0.0048829
 0.0110292 0.0170128 0.0239426 0.0312774 0.0386236 0.0457809 0.0525812 0.0587305 0.0638164 0.0674312 0.0692782 0.069221 0.0673004 0.0637265 0.0588334 0.0530088 0.0466302 0.0400261 0.0334632 0.0271531 0.0212713 0.0159745 0.0114045 0.0076694 0.00481363
 0.0109637 0.0169036 0.023774 0.0310352 0.0383004 0.0453842 0.0521398 0.0582939 0.0634456 0.067183 0.069191 0.0693065 0.0675426 0.0640874 0.0592623 0.0534529 0.0470435 0.0403754 0.0337305 0.0273352 0.0213771 0.0160206 0.0114102 0.0076528 0.00478873
 0.0109267 0.0168432 0.0236817 0.0309012 0.0381135 0.0451336 0.0518192 0.0579086 0.0630195 0.066761 0.0688338 0.0690755 0.0674824 0.0642113 0.0595492 0.0538548 0.0474994 0.0408262 0.0341299 0.0276556 0.0216097 0.016172 0.0114965 0.00769349 0.00480209
