SBPRF35
12.7214
Curr Bio
739218
B35
868800
F35
0.16934
FOFL
0.142244
OFL
86667.6
Bzero
3.63469e+06
#pred survey bio
 3.58357e+06 3.48402e+06 3.39062e+06 3.23128e+06 3.03979e+06 2.82846e+06 2.58107e+06 2.30039e+06 2.06805e+06 1.87059e+06 1.64808e+06 1.43258e+06 1.27651e+06 1.151e+06 1.00055e+06 899226 818207 748318 698590 663912 620083 595457 584588 573581 565810 554822 550703 545549 551447 556204 560933 567666 569944 566254 574458 587882 603557 619316 630840 630062 634216 641547 644122 651024 662016 665531 664933 662113 661460 668194 656996 696787 723011 747299 744198 2.59453e+07 1.52993e+07 1.54284e+07 1.63233e+07 1.77538e+07 1.94178e+07 2.10781e+07 2.25905e+07 2.38883e+07 2.49573e+07 2.58131e+07 2.64846e+07 2.70043e+07 2.74029e+07 2.77068e+07 2.7938e+07 2.81138e+07 2.82476e+07 2.83496e+07 2.84278e+07 2.84878e+07 2.85343e+07 2.85703e+07 2.85983e+07 2.86204e+07 2.86377e+07 2.86513e+07 2.86622e+07 2.86708e+07 2.86776e+07 2.86831e+07 2.86876e+07 2.86911e+07 2.8694e+07 2.86963e+07 2.86982e+07 2.86997e+07 2.8701e+07 2.8702e+07 2.87028e+07 2.87035e+07 2.8704e+07 2.87045e+07 2.87049e+07 2.87052e+07 2.87054e+07 2.87056e+07 2.87058e+07 2.87059e+07 2.8706e+07 2.87061e+07 2.87062e+07 2.87062e+07 2.87063e+07 2.87063e+07 2.87063e+07 2.87064e+07 2.87064e+07 2.87064e+07 2.87064e+07 2.87064e+07 2.87064e+07 2.87065e+07 2.87065e+07 2.87065e+07 2.87065e+07 2.87065e+07 2.87065e+07 2.87065e+07 2.87065e+07 2.87065e+07 2.87065e+07 2.87065e+07 2.87065e+07 2.87065e+07 2.87065e+07 2.87065e+07 2.87065e+07 2.87065e+07 2.87065e+07 2.87065e+07 2.87065e+07 2.87065e+07 2.87065e+07 2.87065e+07 2.87065e+07 2.87065e+07 2.87065e+07 2.87065e+07 2.87065e+07 2.87065e+07 2.87065e+07 2.87065e+07 2.87065e+07 2.87065e+07 2.87065e+07 2.87065e+07 2.87065e+07 2.87065e+07 2.87065e+07 0 0 0 0 0 0 0 0 0 0 0 0 0 0 0 0 0 0 0 0 0 0 0 0 0
#obs survey bio
 3.49412e+06 3.25714e+06 2.58682e+06 3.09694e+06 3.4726e+06 2.94234e+06 1.58059e+06 2.15615e+06 1.94873e+06 1.80443e+06 1.63587e+06 1.17000e+06 875475 1.02852e+06 1.0371e+06 958522 704854 666202 584989 718806 862800 465839 687427 507486 498381 637620 503774 421043 635250 461834 440394 503407 657584 570724 539069 387707 609824 800904 624873 602649 765080 721677 651899 522631 638189 797854 763121 556684 693874 688574 869284 531918 599021 865691 1.10786e+06
#pred catch bio
 94669.1 92241.8 158771 198003 228998 277089 323524 295153 277837 311680 312496 264333 240933 262713 216988 196825 183990 163220 147360 151084 130198 115648 113918 109992 111817 105273 105778 96787.9 98968.7 100205 99601.4 103775 108077 97469.3 93850 93372.2 94405.2 98225.5 107742 102410 99617.7 104123 101168 98705.2 105391 108331 109493 106949 100299 114661 71156.6 83520 83978.3 103985 97592.2 86667.6 100038 99518.8 103762 112296 122699 133114 142504 150426 156809 161783 165562 168378 170445 171945 173023 173792 174337 174722 174993 175182 175315 175407 175472 175516 175548 175569 175584 175594 175601 175606 175610 175612 175614 175615 175616 175616 175616 175617 175617 175617 175617 175617 175617 175617 175617 175617 175617 175617 175617 175617 175617 175617 175617 175617 175617 175617 175617 175617 175617 175617 175617 175617 175617 175617 175617 175617 175617 175617 175617 175617 175617 175617 175617 175617 175617 175617 175617 175617 175617 175617 175617 175617 175617 175617 175617 175617 175617 175617 175617 175617 175617 175617 175617 175617 175617 175617 175617 175617 175617 0 0 0 0 0 0 0 0 0 0 0 0 0 0 0 0 0 0 0 0 0 0 0 0 0
#obs catch bio
 0 91891 159156 198305 228936 277420 325607 296205 278995 314161 315730 265993 243282 267001 219000 197352 184541 163971 148326 152856 130690 115922 113443 110003 112151 105545 106535 97118.1 99172.2 101048 100568 104926 109005 98189.1 94198 94395.1 95336 98778 108404 102620 99423.1 104198 101476 99322.4 106104 108413 109685 107471 100522 115362 70848.4 83822.3 83991.6 104434 97548.5
#pred cpue bio
 3.53126e+06 3.43344e+06 3.34143e+06 3.18269e+06 2.99156e+06 2.78069e+06 2.5341e+06 2.25474e+06 2.02331e+06 1.8266e+06 1.60571e+06 1.3923e+06 1.23762e+06 1.11328e+06 965133 865496 785966 717523 668969 635270 592942 569398 559162 548585 540944 530173 526155 521147 526794 531253 535674 542169 544526 541187 549367 562455 577676 593211 604802 604377 608604 615742 618103 624680 635407 639047 638648 635960 635409 642142 631403 670595 696982 721527 719478 2.51318e+07 1.48369e+07 1.48064e+07 1.5495e+07 1.68414e+07 1.84821e+07 2.01371e+07 2.16483e+07 2.29459e+07 2.40149e+07 2.48706e+07 2.55422e+07 2.60619e+07 2.64604e+07 2.67644e+07 2.69956e+07 2.71713e+07 2.73051e+07 2.74072e+07 2.74853e+07 2.75454e+07 2.75918e+07 2.76278e+07 2.76559e+07 2.76779e+07 2.76953e+07 2.77089e+07 2.77197e+07 2.77283e+07 2.77352e+07 2.77407e+07 2.77451e+07 2.77487e+07 2.77516e+07 2.77539e+07 2.77558e+07 2.77573e+07 2.77585e+07 2.77596e+07 2.77604e+07 2.77611e+07 2.77616e+07 2.77621e+07 2.77624e+07 2.77627e+07 2.7763e+07 2.77632e+07 2.77633e+07 2.77635e+07 2.77636e+07 2.77637e+07 2.77637e+07 2.77638e+07 2.77638e+07 2.77639e+07 2.77639e+07 2.77639e+07 2.7764e+07 2.7764e+07 2.7764e+07 2.7764e+07 2.7764e+07 2.7764e+07 2.7764e+07 2.7764e+07 2.7764e+07 2.7764e+07 2.7764e+07 2.7764e+07 2.77641e+07 2.77641e+07 2.77641e+07 2.77641e+07 2.77641e+07 2.77641e+07 2.77641e+07 2.77641e+07 2.77641e+07 2.77641e+07 2.77641e+07 2.77641e+07 2.77641e+07 2.77641e+07 2.77641e+07 2.77641e+07 2.77641e+07 2.77641e+07 2.77641e+07 2.77641e+07 2.77641e+07 2.77641e+07 2.77641e+07 2.77641e+07 2.77641e+07 2.77641e+07 2.77641e+07 2.77641e+07 2.77641e+07 2.77641e+07 2.77641e+07 0 0 0 0 0 0 0 0 0 0 0 0 0 0 0 0 0 0 0 0 0 0 0 0 0
#obs cpue bio
 3.12976e+06 2.83771e+06 5.53522e+06 2.62893e+06 3.1734e+06 2.34819e+06 2.75038e+06 2.4646e+06 1.71475e+06 1.69173e+06 1.34291e+06 1.71684e+06 1.18058e+06 1.00588e+06 949656 1.11346e+06 884845 664290 606641 456429 538937 709521 785018 456663 527404 419141 425154 700102 511364 371314 516654 498657 541147 435531 701037 413838 529886 581835 628476 735214 671873 477914 463518 510894 644609 823474 508002 558494 601115 733736 511940 679433 885150 608380 606205
#pred surv len freq
 0.00463751 0.00756593 0.0114552 0.0163086 0.0220204 0.0282926 0.034611 0.0403742 0.0451204 0.0486775 0.0511369 0.0527207 0.0536621 0.0541514 0.0543259 0.0542792 0.0540776 0.0537608 0.0532988 0.0525 0.050937 0.0480085 0.0432028 0.0364652 0.0284098
 0.00480296 0.0077551 0.0115967 0.0162982 0.021763 0.0277605 0.0338819 0.0396144 0.0445151 0.0483471 0.0510938 0.0528871 0.053931 0.0544485 0.054639 0.0546466 0.0545461 0.0543377 0.0539217 0.0530457 0.0512689 0.0480406 0.0429435 0.0360126 0.0279021
 0.0049764 0.0080423 0.0120322 0.0169001 0.0225096 0.0285667 0.0345967 0.0400623 0.0445726 0.0480124 0.0504954 0.0522182 0.0533559 0.0540432 0.054398 0.0545315 0.0545276 0.0544001 0.0540372 0.0531504 0.0512719 0.0478648 0.042572 0.0355032 0.0273594
 0.00515723 0.00833819 0.0124819 0.0175426 0.0233769 0.0296692 0.0359007 0.0414699 0.0459195 0.0490972 0.0511395 0.0523344 0.0529839 0.053328 0.053521 0.0536405 0.0537038 0.053665 0.0533733 0.0525162 0.0506145 0.0471423 0.0417813 0.0346926 0.0266102
 0.00536442 0.00867018 0.0129731 0.0182238 0.0242717 0.0307881 0.0372322 0.0429714 0.0475118 0.0506623 0.0525242 0.0533686 0.0535202 0.0532916 0.0529422 0.0526438 0.0524574 0.0523197 0.0520246 0.0512006 0.0493318 0.045888 0.0405738 0.0335822 0.0256626
 0.00558482 0.00902605 0.0135042 0.0189658 0.0252501 0.0320089 0.038672 0.0445744 0.0491975 0.0523372 0.0540882 0.0547122 0.0545215 0.0538276 0.0529195 0.0520357 0.0513228 0.0507876 0.0502509 0.0493245 0.0474562 0.0440882 0.0389171 0.0321374 0.0244894
 0.0058248 0.00941731 0.0140953 0.0198027 0.0263679 0.0334182 0.0403445 0.0464381 0.051146 0.0542506 0.0558516 0.0562239 0.0556908 0.0545677 0.0531466 0.0516821 0.0503625 0.0492594 0.048263 0.047035 0.0450421 0.0417201 0.0367453 0.0302811 0.0230234
 0.00614865 0.00993343 0.0148532 0.0208427 0.0277157 0.0350753 0.0422765 0.0485676 0.0533591 0.0564138 0.0578312 0.0579006 0.0569666 0.0553655 0.053405 0.0513506 0.0494067 0.0476785 0.0461127 0.0444414 0.0421955 0.0388485 0.0340758 0.0279985 0.0212369
 0.00643867 0.0103983 0.0155407 0.0217934 0.0289565 0.0366089 0.0440706 0.0505507 0.05543 0.0584586 0.0597389 0.0595695 0.0583047 0.0562899 0.0538421 0.0512371 0.0486931 0.0463405 0.044171 0.0419845 0.0393916 0.0359321 0.0313058 0.0256007 0.0193521
 0.00662193 0.010708 0.0160287 0.0225156 0.0299618 0.0379215 0.0456723 0.0523751 0.0573741 0.0604047 0.0615747 0.0611976 0.0596432 0.057268 0.0543943 0.0513009 0.0482109 0.0452704 0.0425071 0.0397837 0.0367931 0.0331547 0.0286116 0.023233 0.0174733
 0.00685996 0.0110964 0.0166164 0.0233509 0.0310847 0.0393512 0.0473915 0.0543213 0.0594426 0.0624649 0.0634901 0.0628451 0.060926 0.0581199 0.0547747 0.0511822 0.0475687 0.0440829 0.0407713 0.037543 0.0341657 0.0303413 0.0258672 0.0208056 0.0155365
 0.00722824 0.0116713 0.0174378 0.0244413 0.032448 0.0409706 0.0492241 0.0562947 0.0614589 0.0644129 0.0652583 0.0643311 0.062043 0.0588019 0.0549786 0.0508855 0.0467622 0.0427661 0.0389573 0.035279 0.0315591 0.027573 0.0231719 0.0184184 0.0136267
 0.00748524 0.0120881 0.0180624 0.0253155 0.033597 0.0423886 0.0508618 0.0580599 0.0632362 0.0660911 0.0667502 0.0655755 0.0629943 0.0594191 0.055221 0.0507153 0.0461496 0.0416947 0.0374325 0.0333421 0.0293054 0.0251612 0.0208085 0.0163125 0.0119324
 0.00756714 0.012245 0.0183428 0.0257805 0.0343073 0.0433832 0.0521367 0.0595589 0.0648589 0.0677145 0.0682526 0.066856 0.0639824 0.060074 0.0555216 0.0506476 0.0456994 0.0408491 0.0361911 0.0317349 0.0274115 0.0231164 0.0187915 0.0145054 0.0104715
 0.0078363 0.0126683 0.0189544 0.026605 0.0353593 0.0446636 0.0536251 0.0612044 0.0665767 0.0693909 0.0697599 0.0680724 0.0648139 0.0604686 0.0554712 0.0501764 0.044845 0.0396485 0.0346794 0.0299576 0.0254442 0.021077 0.0168318 0.0127791 0.00909094
 0.00804057 0.0129859 0.0194055 0.0271991 0.036095 0.0455293 0.0545983 0.0622528 0.0676619 0.0704733 0.0707971 0.0690141 0.065597 0.0610219 0.0557294 0.0500951 0.0444089 0.0388691 0.0335888 0.0286074 0.0239106 0.0194659 0.0152721 0.0113984 0.00798262
 0.00817435 0.0132075 0.0197458 0.0276874 0.0367503 0.0463486 0.055547 0.063266 0.0686606 0.0713868 0.0715797 0.0696459 0.0660724 0.0613335 0.0558579 0.0500099 0.0440779 0.0382726 0.0327305 0.02752 0.0226585 0.0181426 0.013989 0.010263 0.00707208
 0.00829994 0.0134078 0.0200403 0.0280929 0.0372794 0.0470053 0.0563213 0.0641277 0.0695581 0.0722529 0.0723437 0.070249 0.0664793 0.0615348 0.0558618 0.0498277 0.0437139 0.0377236 0.0319954 0.0266144 0.0216252 0.0170534 0.0129344 0.00933142 0.00632635
 0.0083708 0.0135188 0.0202 0.0283072 0.0375521 0.0473385 0.0567142 0.0645762 0.0700533 0.0727794 0.0728775 0.0707564 0.0669193 0.0618665 0.056053 0.0498598 0.0435799 0.0374233 0.0315336 0.0260051 0.0208998 0.0162659 0.0121554 0.00863272 0.00576118
 0.00826454 0.0133731 0.0200309 0.0281466 0.0374395 0.0473075 0.0567822 0.0647424 0.0703056 0.0731029 0.0732588 0.0711813 0.0673673 0.0623072 0.0564472 0.0501657 0.0437615 0.0374563 0.031408 0.0257272 0.0204945 0.0157766 0.0116401 0.00815156 0.00536131
 0.0083262 0.0134565 0.0201263 0.028238 0.037513 0.0473628 0.0568382 0.0648314 0.0704562 0.0733233 0.0735314 0.0714716 0.06764 0.0625376 0.0566212 0.0502739 0.043793 0.037398 0.0312495 0.0254674 0.020147 0.015372 0.0112212 0.00776383 0.00504057
 0.0084034 0.0135594 0.0202391 0.0283307 0.0375484 0.0473094 0.0566835 0.06459 0.070171 0.0730567 0.0733493 0.0714223 0.0677387 0.0627629 0.0569263 0.0506031 0.0440953 0.0376332 0.03139 0.0254997 0.020074 0.0152138 0.0110122 0.00754378 0.00484392
 0.00849279 0.0136846 0.0203892 0.0284807 0.0376627 0.04735 0.056619 0.0644039 0.0698686 0.0726707 0.0729381 0.0710604 0.0674969 0.0626869 0.0570231 0.0508409 0.0444156 0.0379695 0.0316837 0.0257104 0.0201842 0.0152286 0.0109545 0.00744637 0.0047387
 0.00861663 0.0138748 0.0206538 0.0288162 0.0380518 0.0477588 0.056997 0.0646893 0.0700023 0.072615 0.0726916 0.0706622 0.0670177 0.0622113 0.0566273 0.0505732 0.0442864 0.0379535 0.0317334 0.0257747 0.0202238 0.0152246 0.0109088 0.00737471 0.00466127
 0.00862595 0.0139035 0.0207214 0.0289481 0.0382712 0.0480745 0.0573923 0.0651198 0.0704036 0.0729186 0.0728421 0.0706305 0.0668096 0.0618671 0.0562127 0.0501621 0.0439402 0.0377052 0.0315832 0.0256972 0.0201834 0.0151911 0.0108666 0.00732273 0.00460731
 0.00865969 0.0139552 0.0207944 0.0290457 0.0383991 0.0482424 0.0576127 0.0654008 0.0707391 0.0732798 0.0731778 0.0708787 0.0669162 0.0618047 0.0559907 0.0498244 0.0435509 0.0373286 0.0312652 0.0254565 0.0200139 0.0150735 0.0107807 0.00725556 0.00455368
 0.00867583 0.0139754 0.0208138 0.0290566 0.0383937 0.0482178 0.0575749 0.0653667 0.0707335 0.0733277 0.0732937 0.0710565 0.0671255 0.0619979 0.0561195 0.0498581 0.0434884 0.0371963 0.0311035 0.0253023 0.0198891 0.0149829 0.0107178 0.0072112 0.0045212
 0.00877857 0.0141252 0.0210067 0.0292769 0.0386171 0.0484174 0.0577272 0.065456 0.0707551 0.0732904 0.0732191 0.0709727 0.0670569 0.0619542 0.056091 0.0498217 0.0434199 0.0370843 0.0309554 0.0251394 0.0197354 0.0148553 0.0106221 0.00714473 0.0044774
 0.0088183 0.0141837 0.0210831 0.0293655 0.038707 0.0484944 0.0577758 0.0654624 0.0707121 0.0732016 0.0731005 0.07085 0.0669581 0.0619006 0.0560901 0.049864 0.0434828 0.0371412 0.0309866 0.0251389 0.0197101 0.014818 0.010585 0.00711442 0.00445571
 0.00882247 0.0141978 0.0211173 0.0294324 0.0388173 0.0486494 0.0579623 0.065653 0.070872 0.0733 0.07312 0.0707917 0.0668398 0.0617513 0.0559409 0.0497385 0.0433911 0.0370792 0.0309415 0.0250976 0.0196658 0.0147713 0.0105408 0.00707776 0.00442895
 0.00876298 0.0141141 0.0210161 0.0293294 0.0387345 0.0486097 0.057983 0.0657409 0.0710202 0.0734865 0.0733118 0.0709531 0.0669438 0.0617878 0.0559183 0.0496783 0.0433177 0.037011 0.0308865 0.0250546 0.0196298 0.0147385 0.0105106 0.00705187 0.004409
 0.00862949 0.0139142 0.0207476 0.0290036 0.0383753 0.0482507 0.0576646 0.0655053 0.0709037 0.073509 0.0734693 0.0712168 0.0672679 0.0621224 0.0562225 0.0499285 0.0435093 0.0371526 0.030991 0.0251329 0.0196878 0.0147792 0.0105361 0.00706556 0.00441482
 0.00853112 0.0137603 0.0205279 0.0287144 0.0380222 0.0478519 0.0572529 0.0651264 0.0706079 0.0733388 0.0734487 0.0713457 0.0675237 0.0624654 0.0566048 0.0503048 0.0438453 0.0374304 0.0312078 0.0252953 0.0198058 0.0148621 0.0105916 0.00710017 0.00443453
 0.00856477 0.0137998 0.0205592 0.0287149 0.0379667 0.0477222 0.0570464 0.0648597 0.070313 0.0730562 0.0732187 0.0712011 0.0674835 0.062531 0.0567598 0.050519 0.044083 0.0376589 0.0314047 0.0254506 0.0199197 0.0149406 0.0106428 0.00713139 0.0044522
 0.00863738 0.0138926 0.020652 0.0287721 0.0379458 0.0475876 0.0567832 0.0644799 0.0698539 0.0725728 0.0727737 0.0708537 0.067278 0.0624886 0.0568756 0.0507647 0.0444145 0.0380267 0.0317637 0.0257678 0.0201773 0.0151344 0.0107785 0.00721984 0.00450566
 0.00859804 0.0138434 0.0206036 0.0287398 0.0379401 0.0476026 0.0567902 0.0644338 0.069713 0.0723208 0.0724319 0.0704764 0.0669349 0.0622435 0.0567699 0.0508099 0.0445933 0.0383005 0.032084 0.0260881 0.0204621 0.0153637 0.0109471 0.00733353 0.00457599
 0.00841753 0.0135778 0.0202567 0.0283355 0.0375186 0.0472113 0.0564734 0.0642225 0.0696152 0.0723176 0.0724833 0.0705398 0.0669857 0.0622864 0.0568337 0.0509299 0.0447925 0.0385788 0.0324181 0.0264408 0.0207945 0.0156462 0.0111648 0.00748612 0.00467328
 0.00826809 0.0133367 0.0198989 0.0278438 0.0368927 0.0464795 0.0556999 0.0635019 0.0690494 0.0719835 0.0724085 0.0706979 0.0673127 0.062708 0.0572908 0.0513915 0.0452527 0.0390419 0.0328837 0.0268952 0.021214 0.0160057 0.0114478 0.00768943 0.00480609
 0.00817385 0.0131857 0.0196755 0.0275339 0.0364857 0.0459721 0.0551029 0.0628473 0.068393 0.0713999 0.0719767 0.0704804 0.0673357 0.0629534 0.0577048 0.0519062 0.0458078 0.0395971 0.0334165 0.0273916 0.0216598 0.0163858 0.0117501 0.00791073 0.00495376
 0.00821549 0.013242 0.0197384 0.0275878 0.0365091 0.0459424 0.055001 0.0626604 0.0681175 0.0710457 0.0715715 0.0700707 0.0669806 0.0627092 0.0576071 0.0519593 0.0459874 0.0398626 0.0337266 0.0277124 0.021966 0.0166582 0.0119751 0.00808163 0.0050719
 0.00829452 0.0133532 0.0198736 0.0277272 0.0366254 0.0460081 0.0549946 0.0625696 0.0679403 0.0707893 0.0712525 0.0697151 0.0666232 0.0623912 0.0573702 0.0518358 0.0459905 0.0399825 0.0339341 0.0279691 0.0222345 0.0169083 0.0121866 0.00824462 0.00518608
 0.00833049 0.0134126 0.0199637 0.0278526 0.0367845 0.0461873 0.0551664 0.0626965 0.067985 0.0707281 0.0710832 0.0694563 0.0663076 0.0620583 0.0570603 0.0515862 0.0458302 0.039926 0.0339777 0.0280917 0.0224039 0.0170908 0.0123546 0.00838104 0.00528498
 0.00835042 0.01345 0.0200291 0.0279591 0.0369436 0.0464041 0.0554333 0.0629895 0.068266 0.0709509 0.0712045 0.0694472 0.066162 0.0617954 0.0567201 0.0512195 0.0454878 0.0396493 0.033791 0.0279994 0.0223922 0.0171339 0.0124239 0.00845294 0.00534483
 0.00827369 0.0133392 0.019889 0.0278041 0.0367963 0.0462904 0.055377 0.0630085 0.0683668 0.071125 0.0714257 0.0696753 0.0663526 0.0619122 0.0567462 0.0511622 0.0453751 0.0395199 0.033682 0.0279354 0.0223805 0.0171659 0.0124812 0.00851618 0.00539985
 0.00813054 0.0131203 0.0195862 0.0274213 0.0363512 0.0458147 0.0549163 0.0626183 0.0681022 0.0710264 0.0715065 0.0699181 0.0667133 0.0623314 0.0571633 0.0515295 0.0456675 0.0397371 0.0338421 0.0280632 0.0224959 0.0172774 0.0125868 0.00860833 0.00547202
 0.00811748 0.0130868 0.0195133 0.0272853 0.0361305 0.0455015 0.0545263 0.062192 0.0676966 0.0707005 0.0713073 0.0698713 0.0668198 0.0625674 0.0574861 0.0518873 0.046012 0.0400351 0.0340805 0.0282468 0.0226388 0.0173933 0.0126836 0.00868768 0.00553298
 0.00813433 0.0131141 0.0195531 0.0273364 0.036185 0.0455417 0.0545254 0.0621207 0.0675366 0.0704572 0.0710147 0.0695833 0.0665925 0.0624418 0.0574764 0.0519801 0.0461741 0.0402259 0.0342654 0.0284051 0.0227646 0.0174905 0.0127587 0.00874579 0.00557652
 0.00810754 0.0130804 0.0195207 0.0273188 0.0361971 0.0455932 0.0546138 0.0622286 0.067634 0.0705094 0.0709938 0.0694805 0.0664246 0.0622475 0.057303 0.051866 0.0461361 0.0402569 0.0343421 0.0285002 0.0228567 0.0175685 0.0128198 0.00879141 0.00560932
 0.00808153 0.0130356 0.0194493 0.0272143 0.0360584 0.0454296 0.0544476 0.062091 0.0675538 0.0704994 0.071044 0.0695618 0.0665024 0.0622979 0.0573228 0.0518713 0.0461518 0.0403025 0.0344224 0.0286056 0.0229698 0.0176729 0.0129056 0.00885545 0.00565335
 0.00799373 0.0129002 0.0192593 0.0269679 0.0357593 0.0450871 0.0540788 0.0617228 0.0672229 0.0702472 0.0709065 0.0695577 0.0666259 0.0625195 0.0576007 0.0521673 0.0464419 0.0405783 0.034684 0.028852 0.0231951 0.0178677 0.0130619 0.00897081 0.0057313
 0.00797314 0.0128757 0.0192386 0.0269628 0.0357811 0.0451399 0.0541544 0.0618009 0.0672774 0.0702565 0.0708623 0.0694693 0.0665158 0.0624141 0.0575198 0.0521181 0.0464214 0.0405798 0.0347024 0.028885 0.0232399 0.0179192 0.0131128 0.00901477 0.00576459
 0.00761289 0.0123099 0.0184264 0.0258861 0.0344553 0.0436264 0.0525686 0.0603041 0.0660443 0.0694302 0.0705191 0.0696097 0.0670799 0.0633077 0.0586371 0.0533573 0.0476923 0.0418077 0.0358303 0.029874 0.0240682 0.0185796 0.0136109 0.00936682 0.00599551
 0.00744374 0.0120277 0.0179886 0.0252493 0.0335855 0.0425157 0.0512529 0.0588715 0.0646275 0.0681829 0.0695867 0.0691002 0.0670439 0.0637307 0.059449 0.054452 0.048951 0.0431175 0.0370957 0.0310224 0.0250515 0.0193734 0.0142129 0.00979294 0.00627487
 0.00706042 0.0114622 0.0172432 0.0243593 0.0326032 0.041487 0.0502031 0.0578107 0.0635703 0.0671699 0.0686935 0.0684293 0.0667003 0.0637923 0.0599418 0.0553402 0.0501448 0.0444941 0.0385243 0.0323854 0.0262593 0.0203709 0.0149799 0.0103399 0.00663467
 0.00666184 0.0108537 0.0164032 0.0233002 0.0313739 0.0401706 0.0489095 0.0566575 0.0626512 0.0665251 0.0683044 0.0682468 0.0666882 0.0639556 0.0603214 0.0559812 0.0510602 0.045644 0.0398197 0.0337104 0.0274997 0.0214381 0.0158248 0.0109546 0.00704436
#obs surv len freq
 nan nan nan nan nan nan nan nan nan nan nan nan nan nan nan nan nan nan nan nan nan nan nan nan nan
 0.004489 0.00735227 0.011184 0.0160013 0.021702 0.0279765 0.034289 0.0400184 0.0446961 0.0481581 0.0505145 0.052009 0.0529 0.0534114 0.0537249 0.0539792 0.0542573 0.0545497 0.0546883 0.0542801 0.0527183 0.0493508 0.0438012 0.0362821 0.0276667
 0.00462162 0.00757096 0.0115184 0.0164797 0.022344 0.0287822 0.035228 0.0410281 0.0456906 0.0490463 0.0512173 0.0524715 0.0530955 0.053341 0.0534123 0.0534629 0.0535818 0.0537585 0.0538209 0.0533741 0.0518131 0.0484905 0.0430315 0.0356419 0.0271774
 0.00477464 0.00782289 0.0119036 0.0170326 0.0230927 0.0297379 0.0363734 0.0423108 0.0470272 0.0503349 0.0523524 0.0533577 0.0536597 0.0535403 0.053238 0.0529378 0.0527525 0.0526857 0.0525721 0.0520203 0.0504302 0.0471593 0.0418322 0.0346406 0.0264107
 0.00497298 0.00814429 0.0123855 0.0177097 0.0239911 0.0308654 0.0377094 0.0438009 0.0485892 0.0518706 0.0537597 0.0545386 0.0545253 0.0540178 0.0532787 0.0525244 0.0519022 0.0514482 0.0510244 0.0502616 0.0485773 0.0453408 0.0401747 0.0332474 0.02534
 0.00517769 0.00848199 0.0129027 0.0184523 0.0249951 0.0321422 0.0392313 0.0454975 0.050359 0.0536015 0.0553468 0.0558906 0.0555636 0.054673 0.0534915 0.052251 0.0511237 0.0501805 0.0493254 0.0482339 0.0463648 0.0431159 0.0381139 0.0314976 0.0239867
 0.00541005 0.00886054 0.0134742 0.0192617 0.0260777 0.0335114 0.0408644 0.047329 0.0522874 0.0555069 0.0571091 0.0574031 0.0567386 0.0554415 0.0537992 0.0520547 0.0503933 0.0489089 0.047545 0.0460321 0.043891 0.0405702 0.0357151 0.0294359 0.022379
 0.00565393 0.00926049 0.0140825 0.020129 0.027243 0.0349867 0.0426188 0.0492845 0.0543308 0.0575117 0.0589558 0.0589885 0.0579776 0.0562652 0.0541523 0.0518932 0.0496841 0.0476362 0.0457255 0.0437368 0.0412618 0.0378168 0.0330818 0.0271457 0.0205772
 0.00589866 0.0096615 0.014692 0.0209981 0.0284122 0.0364707 0.0443908 0.0512695 0.0564153 0.059565 0.0608509 0.0606159 0.0592494 0.0571147 0.0545289 0.0517572 0.0490036 0.046392 0.0439252 0.0414388 0.0385967 0.0349906 0.0303474 0.0247434 0.0186713
 0.00613602 0.0100507 0.0152842 0.021843 0.0295494 0.0379146 0.0461153 0.053202 0.0584469 0.0615705 0.0627085 0.0622186 0.0605099 0.0579648 0.0549176 0.0516462 0.0483639 0.0452049 0.0421953 0.0392154 0.0359982 0.0322122 0.0276364 0.0223426 0.016753
 0.0063788 0.0104487 0.0158893 0.0227055 0.0307079 0.0393808 0.0478576 0.0551408 0.0604659 0.0635398 0.064506 0.0637423 0.0616811 0.058726 0.055228 0.0514765 0.047692 0.0440176 0.0404979 0.0370529 0.0334787 0.0295168 0.0249992 0.0199983 0.0148717
 0.0065984 0.0108106 0.0164429 0.0235 0.0317828 0.0407501 0.0494946 0.0569719 0.062381 0.0654129 0.0662166 0.0651881 0.0627836 0.0594299 0.055498 0.0512908 0.0470369 0.0428866 0.0389001 0.0350309 0.0311304 0.0270064 0.0225404 0.0178075 0.0131086
 0.00681028 0.011158 0.0169714 0.0242539 0.0327968 0.0420358 0.0510263 0.0586812 0.0641654 0.0671552 0.0678031 0.0665217 0.0637886 0.0600538 0.0557087 0.0510721 0.0463829 0.0417994 0.037395 0.0331514 0.0289666 0.0247054 0.0202929 0.0158066 0.0114975
 0.00706244 0.0115657 0.0175802 0.0251041 0.0339144 0.0434198 0.0526356 0.0604311 0.06594 0.0688301 0.069267 0.0676881 0.0645985 0.0604732 0.0557235 0.0506821 0.0455966 0.0406314 0.0358701 0.0313166 0.0269071 0.0225528 0.0182143 0.0139699 0.0100254
 0.00726325 0.0119028 0.0181068 0.0258745 0.0349709 0.044772 0.0542416 0.0621942 0.0677255 0.0704959 0.0706904 0.0687804 0.0653067 0.0607752 0.0556203 0.0501898 0.0447392 0.0394372 0.0343744 0.0295711 0.0249928 0.0205868 0.0163404 0.0123292 0.00871877
 0.00743734 0.0121858 0.0185335 0.0264788 0.0357814 0.0458035 0.0554838 0.0636025 0.0692211 0.071974 0.0720356 0.0698839 0.0660832 0.0611726 0.0556216 0.049806 0.043999 0.0383789 0.0330439 0.0280265 0.0233134 0.0188779 0.014725 0.0109246 0.00760613
 0.00749667 0.0122918 0.0187109 0.0267575 0.0361909 0.0463644 0.0561988 0.0644539 0.0701741 0.072982 0.0730437 0.0708281 0.0668916 0.0617721 0.0559496 0.0498214 0.0436879 0.0377537 0.0321395 0.0268985 0.0220384 0.017553 0.0134585 0.00981696 0.00672609
 0.00756331 0.0123861 0.018828 0.0268873 0.0363251 0.0465061 0.0563686 0.0646858 0.0705027 0.0734281 0.0736034 0.0714715 0.0675668 0.0624125 0.0564819 0.0501749 0.0438063 0.0376045 0.0317211 0.0262418 0.0212049 0.0166286 0.0125406 0.00899572 0.00606454
 0.0076422 0.0125084 0.0189998 0.027108 0.0365851 0.0467856 0.0566396 0.06492 0.0706844 0.0735653 0.0737276 0.0716238 0.067777 0.0626825 0.0567806 0.0504465 0.0439841 0.0376285 0.0315528 0.0258753 0.0206708 0.015989 0.0118758 0.00838403 0.00556327
 0.00773885 0.0126599 0.0192172 0.0273963 0.0369414 0.0471958 0.0570756 0.0653404 0.0710418 0.0738195 0.0738591 0.0716417 0.0677161 0.0625895 0.0566943 0.0503813 0.0439239 0.0375343 0.0313801 0.0255935 0.020278 0.0155153 0.011375 0.00791607 0.00517526
 0.00778774 0.0127403 0.0193395 0.0275704 0.0371737 0.0474856 0.0574111 0.0656975 0.0713878 0.0741187 0.0740806 0.0717657 0.0677385 0.0625242 0.0565696 0.050229 0.043766 0.0373733 0.0311996 0.02537 0.019997 0.0151835 0.0110207 0.00757898 0.00489081
 0.00779074 0.012742 0.0193366 0.0275596 0.0371542 0.0474627 0.0573983 0.0657139 0.0714511 0.0742372 0.0742478 0.0719606 0.0679325 0.0626897 0.0566888 0.0502973 0.043789 0.0373588 0.0311501 0.0252808 0.0198621 0.015005 0.0108143 0.00737037 0.00470647
 0.00782836 0.0127926 0.0193932 0.0276087 0.0371799 0.0474522 0.0573477 0.0656315 0.071356 0.0741555 0.0742051 0.0719743 0.0680053 0.0628085 0.0568291 0.0504322 0.0438974 0.0374289 0.0311775 0.0252646 0.0198034 0.0149089 0.0106923 0.00724012 0.00458674
 0.00787726 0.0128695 0.0195035 0.0277536 0.0373534 0.0476392 0.0575229 0.0657636 0.071418 0.0741355 0.0741132 0.0718393 0.0678637 0.0626912 0.0567522 0.0503945 0.0438851 0.0374234 0.0311622 0.0252291 0.0197439 0.0148276 0.0105969 0.0071424 0.00449863
 0.00786074 0.0128448 0.0194705 0.0277142 0.037312 0.0476018 0.0574962 0.0657526 0.071423 0.0741507 0.0741286 0.0718465 0.0678614 0.0626874 0.0567597 0.0504239 0.0439379 0.0374913 0.0312303 0.0252819 0.0197709 0.014826 0.0105711 0.00710194 0.00445457
 0.00788222 0.0128695 0.0194891 0.0277125 0.0372756 0.0475234 0.0573811 0.0656191 0.071296 0.0740532 0.0740738 0.0718353 0.0678852 0.0627339 0.0568191 0.0504918 0.0440136 0.0375735 0.0313136 0.0253573 0.0198286 0.0148599 0.0105814 0.0070941 0.00443702
 0.00788728 0.0128791 0.0195056 0.0277369 0.0373057 0.0475509 0.0573916 0.0655965 0.0712304 0.0739482 0.0739483 0.0717163 0.0677972 0.0626899 0.0568191 0.0505266 0.0440716 0.0376442 0.0313886 0.0254287 0.0198891 0.0149038 0.0106066 0.00710292 0.00443473
 0.00790264 0.0128996 0.0195282 0.0277567 0.0373173 0.0475516 0.0573819 0.0655786 0.0712054 0.0739135 0.0738995 0.0716523 0.0677243 0.0626216 0.0567704 0.0505077 0.0440841 0.0376824 0.0314425 0.025488 0.0199445 0.0149486 0.0106375 0.00712008 0.00444123
 0.00786149 0.0128384 0.0194467 0.0276579 0.0372068 0.0474351 0.0572651 0.0654676 0.0711076 0.0738378 0.0738534 0.0716395 0.0677432 0.0626667 0.0568362 0.0505905 0.044182 0.0377923 0.0315588 0.0256021 0.0200477 0.0150337 0.010701 0.00716234 0.00446593
 0.00784957 0.0128117 0.0193933 0.027564 0.0370613 0.0472371 0.0570291 0.0652223 0.0708871 0.0736707 0.0737557 0.0716138 0.0677822 0.0627583 0.0569663 0.0507457 0.0443505 0.0379647 0.0317272 0.0257592 0.0201864 0.0151483 0.0107883 0.00722312 0.0045041
 0.00784566 0.0128034 0.0193768 0.0275332 0.0370079 0.0471516 0.0569035 0.0650541 0.0706845 0.0734541 0.0735551 0.0714602 0.0676982 0.0627522 0.0570319 0.0508673 0.0445087 0.0381409 0.0319061 0.0259285 0.0203369 0.0152735 0.0108851 0.00729195 0.00454866
 0.00783193 0.0127815 0.0193447 0.0274891 0.0369503 0.0470794 0.0568159 0.0649509 0.070566 0.0733225 0.0734167 0.0713272 0.0675887 0.0626855 0.0570224 0.050919 0.0446145 0.0382853 0.0320701 0.0260943 0.0204898 0.0154037 0.0109874 0.00736582 0.00459738
 0.00779049 0.0127164 0.0192511 0.0273646 0.0367958 0.0469005 0.0566238 0.0647611 0.0703957 0.0731854 0.0733202 0.0712725 0.0675737 0.0627084 0.0570839 0.0510207 0.0447556 0.0384592 0.0322641 0.0262918 0.0206744 0.0155625 0.0111131 0.00745712 0.00465799
 0.00776133 0.0126636 0.0191621 0.0272252 0.0365952 0.0466376 0.0563125 0.0644312 0.0700853 0.0729315 0.073149 0.0711955 0.067588 0.0628016 0.0572389 0.051221 0.0449869 0.0387097 0.0325217 0.026543 0.0209048 0.0157597 0.0112694 0.00757114 0.00473402
 0.00772309 0.0126017 0.019069 0.0270937 0.0364186 0.0464119 0.0560394 0.0641209 0.0697589 0.0726195 0.072887 0.0710162 0.0675137 0.0628382 0.0573767 0.0514386 0.0452586 0.0390103 0.032829 0.0268384 0.0211727 0.0159877 0.0114501 0.00770334 0.00482263
 0.00768203 0.0125345 0.0189673 0.0269497 0.0362273 0.0461736 0.0557621 0.0638208 0.0694569 0.072338 0.0726467 0.0708367 0.0674124 0.0628289 0.0574651 0.0516192 0.0455142 0.0393157 0.0331563 0.0271609 0.0214683 0.0162402 0.0116507 0.00785057 0.00492173
 0.00769401 0.0125509 0.0189859 0.0269656 0.0362331 0.0461602 0.0557201 0.063742 0.0693373 0.0721796 0.0724588 0.0706354 0.0672188 0.0626664 0.0573554 0.0515787 0.0455498 0.0394222 0.0333176 0.027354 0.0216684 0.0164257 0.0118064 0.0079694 0.00500411
 0.00765145 0.0124878 0.0189023 0.0268654 0.0361227 0.046046 0.0556072 0.0636335 0.0692345 0.0720826 0.0723678 0.0705515 0.0671458 0.0626108 0.0573271 0.0515887 0.0456072 0.0395303 0.0334712 0.0275389 0.0218645 0.0166121 0.0119663 0.00809338 0.00509105
 0.00762832 0.0124497 0.0188444 0.0267839 0.0360165 0.0459194 0.0554708 0.0635025 0.0691242 0.0720023 0.0723182 0.070526 0.0671352 0.0626087 0.0573327 0.051607 0.0456467 0.0395991 0.0335726 0.0276691 0.0220119 0.0167605 0.0120999 0.00820119 0.00516903
 0.00762992 0.0124518 0.0188464 0.0267843 0.0360128 0.0459078 0.055447 0.0634635 0.0690698 0.0719368 0.0722492 0.0704614 0.0670803 0.0625649 0.0572989 0.0515831 0.0456354 0.0396061 0.0336037 0.0277263 0.0220909 0.0168514 0.01219 0.00827933 0.00522878
 0.00761804 0.0124347 0.0188249 0.0267604 0.0359891 0.0458865 0.0554286 0.0634466 0.0690516 0.0719144 0.0722208 0.0704279 0.0670452 0.0625326 0.0572737 0.0515673 0.0456307 0.0396142 0.0336269 0.0277662 0.0221465 0.0169173 0.0122579 0.00834059 0.00527735
 0.00759551 0.0124001 0.0187766 0.0266988 0.0359168 0.0458085 0.0553523 0.0633805 0.0690034 0.0718881 0.0722156 0.0704388 0.0670655 0.0625572 0.0572999 0.0515951 0.0456614 0.0396497 0.0336689 0.0278158 0.022203 0.016978 0.0123176 0.00839361 0.00531947
 0.00756196 0.012346 0.0186963 0.0265881 0.0357746 0.0456392 0.0551675 0.0631989 0.0688469 0.0717762 0.0721606 0.0704432 0.0671226 0.062654 0.0574211 0.0517269 0.0457937 0.0397767 0.0337881 0.0279263 0.0223042 0.0170686 0.0123955 0.00845655 0.00536642
 0.00754256 0.0123126 0.0186425 0.026507 0.0356604 0.0454899 0.054988 0.0630015 0.0686506 0.0716028 0.0720304 0.0703714 0.0671164 0.0627111 0.057531 0.0518734 0.0459593 0.039946 0.03395 0.0280739 0.0224341 0.0171788 0.012485 0.00852543 0.0054158
 0.00752668 0.0122883 0.0186088 0.0264632 0.0356056 0.0454224 0.054905 0.0629009 0.0685327 0.0714732 0.0719005 0.0702571 0.0670346 0.0626752 0.0575473 0.0519398 0.0460657 0.0400778 0.0340917 0.0282124 0.0225599 0.0172863 0.0125718 0.00859113 0.00546214
 0.00754823 0.0123181 0.0186439 0.0264977 0.0356321 0.0454348 0.0548998 0.0628774 0.0684911 0.0714133 0.0718224 0.0701632 0.066932 0.0625768 0.0574681 0.0518928 0.0460578 0.0401078 0.0341511 0.0282891 0.0226416 0.0173631 0.0126371 0.00864212 0.00549865
 0.00750964 0.0122665 0.0185864 0.0264469 0.0356017 0.0454323 0.0549225 0.0629127 0.0685227 0.0714283 0.0718153 0.0701354 0.066889 0.0625258 0.0574177 0.0518528 0.0460375 0.0401132 0.0341832 0.0283425 0.0227069 0.01743 0.0126972 0.0086904 0.00553363
 0.00747601 0.0122083 0.0184934 0.02631 0.0354181 0.045212 0.0546913 0.0627076 0.0683794 0.0713668 0.0718331 0.0702124 0.0669985 0.0626454 0.0575341 0.0519619 0.0461411 0.0402158 0.0342881 0.0284498 0.0228127 0.0175279 0.0127808 0.00875556 0.00557983
 0.00749351 0.0122325 0.0185213 0.026335 0.03543 0.0451991 0.0546432 0.06262 0.0682585 0.0712307 0.0717076 0.0701212 0.0669543 0.0626458 0.0575664 0.0520106 0.0461952 0.0402708 0.0343442 0.0285084 0.0228736 0.0175881 0.0128356 0.00880093 0.00561358
 0.00750535 0.0122547 0.0185597 0.0263958 0.0355167 0.0453082 0.0547616 0.0627256 0.0683262 0.0712414 0.0716559 0.0700181 0.0668232 0.0625134 0.0574536 0.0519271 0.0461405 0.0402391 0.0343295 0.0285069 0.0228826 0.0176049 0.0128566 0.008822 0.00563149
 0.00750535 0.0122547 0.0185597 0.0263958 0.0355167 0.0453082 0.0547616 0.0627256 0.0683262 0.0712414 0.0716559 0.0700181 0.0668232 0.0625134 0.0574536 0.0519271 0.0461405 0.0402391 0.0343295 0.0285069 0.0228826 0.0176049 0.0128566 0.008822 0.00563149
 0.0071751 0.0117323 0.0178032 0.0253829 0.0342571 0.0438584 0.053235 0.0612841 0.0671463 0.0704664 0.07136 0.0701968 0.0674099 0.0634076 0.0585461 0.053117 0.0473427 0.0413866 0.035373 0.0294137 0.0236353 0.0181997 0.0133014 0.00913414 0.00583514
 0.0071366 0.0116325 0.0175845 0.0249699 0.0335767 0.0428718 0.0519673 0.0598342 0.0656705 0.0691439 0.0703539 0.0696233 0.0673196 0.0637815 0.0593073 0.0541533 0.048532 0.0426163 0.0365515 0.030474 0.0245356 0.0189207 0.0138439 0.00951544 0.00608361
 0.00706981 0.011532 0.0174454 0.0247853 0.0333292 0.0425258 0.0514706 0.0591355 0.0647507 0.0680455 0.0691904 0.0685584 0.0665228 0.0633813 0.0593594 0.0546338 0.0493526 0.0436524 0.0376718 0.0315635 0.0255086 0.0197257 0.0144622 0.00995521 0.00637198
 0.00702852 0.0114669 0.0173518 0.0246606 0.033174 0.0423425 0.0512599 0.0588896 0.0644464 0.0676471 0.0686669 0.0679121 0.065812 0.0627182 0.058879 0.0544475 0.0495102 0.0441285 0.0383798 0.0323863 0.0263309 0.0204581 0.0150527 0.0103887 0.00666205
#pred catch len freq
 0.00455271 0.00717057 0.0103947 0.0141221 0.0182908 0.0228682 0.027779 0.0328601 0.0378857 0.0426246 0.0468789 0.0505022 0.0534125 0.0555968 0.0571007 0.0580123 0.058446 0.0585139 0.0582535 0.0575139 0.0558699 0.0526897 0.047429 0.0400376 0.0311949
 0.00473464 0.00739608 0.0106075 0.0142352 0.0182204 0.0225825 0.0273295 0.0323693 0.0374923 0.0424179 0.046865 0.0506191 0.0535799 0.0557664 0.0572806 0.0582537 0.0588027 0.058993 0.0587858 0.0579645 0.0560907 0.0525903 0.0470239 0.0394398 0.0305593
 0.00494307 0.00772365 0.0110743 0.0148386 0.0189209 0.023292 0.027917 0.0326967 0.0374749 0.0420754 0.0463211 0.0500426 0.0531043 0.055445 0.0570987 0.0581758 0.0588082 0.0590749 0.0589198 0.0580842 0.0560978 0.052401 0.0466197 0.038884 0.0299664
 0.0051649 0.00807141 0.0115751 0.0155122 0.0197792 0.0243334 0.029111 0.033964 0.0386773 0.0430355 0.0468757 0.0501095 0.0527213 0.0547508 0.0562665 0.0573453 0.0580541 0.0584142 0.0583319 0.0575233 0.0555048 0.0517271 0.0458574 0.0380821 0.0292119
 0.00541944 0.00846505 0.0121313 0.016243 0.0206888 0.0254215 0.0303716 0.0353751 0.0401874 0.0445485 0.0482469 0.0511621 0.0532922 0.054749 0.0557126 0.0563622 0.0568143 0.0570741 0.0569901 0.0562158 0.0542278 0.0504715 0.0446389 0.0369516 0.028239
 0.00570966 0.00891492 0.0127683 0.0170806 0.0217282 0.0266543 0.0317781 0.0369217 0.0418236 0.0462068 0.0498387 0.052573 0.054382 0.0553708 0.0557508 0.0557765 0.0556613 0.05549 0.0551426 0.0542549 0.0522638 0.0485837 0.0428975 0.0354289 0.0269992
 0.0060394 0.00942834 0.0134997 0.0180497 0.0229406 0.028102 0.0334355 0.0387399 0.0437298 0.0481099 0.0516379 0.0541638 0.0556577 0.0562215 0.0560686 0.0554735 0.0546991 0.0539055 0.0530519 0.0518299 0.0496973 0.0460608 0.0405803 0.033446 0.0254313
 0.00641567 0.0100092 0.014318 0.0191197 0.024262 0.0296649 0.0352184 0.0407022 0.0458044 0.0502023 0.0536336 0.0559394 0.057094 0.0572112 0.0565187 0.055306 0.053859 0.052381 0.0508979 0.0491812 0.0467593 0.0430792 0.0377987 0.031062 0.0235621
 0.00676485 0.0105499 0.0150827 0.020124 0.0255075 0.0311424 0.0369069 0.0425634 0.0477797 0.0522138 0.0555866 0.0577275 0.0586039 0.058331 0.0571447 0.0553486 0.053249 0.0510818 0.0489264 0.0466319 0.0438153 0.0399961 0.0348584 0.0285104 0.0215531
 0.00706468 0.0110227 0.0157679 0.0210507 0.0266929 0.0325877 0.0385905 0.0444351 0.0497626 0.0542134 0.0575019 0.0594588 0.0600567 0.0594164 0.0577788 0.0554517 0.0527498 0.049929 0.0471114 0.0442168 0.0409544 0.0369325 0.0318833 0.025894 0.0194762
 0.00741258 0.0115639 0.0165383 0.0220715 0.0279727 0.0341239 0.0403644 0.0464026 0.051848 0.0563111 0.0594881 0.0612076 0.0614577 0.0603844 0.0582534 0.0553882 0.0521101 0.0486821 0.0452499 0.0417874 0.038088 0.0338517 0.0288711 0.0232259 0.0173454
 0.0078371 0.01221 0.0174303 0.023207 0.0293308 0.0356771 0.0420831 0.0482499 0.0537709 0.058235 0.061317 0.062832 0.0627664 0.0612797 0.0586613 0.0552609 0.0514201 0.0474172 0.0434182 0.0394381 0.0353385 0.0309016 0.0259803 0.0206548 0.0152827
 0.00815969 0.0127129 0.0181472 0.0241556 0.0305118 0.0370729 0.0436546 0.0499361 0.0554955 0.059918 0.0628833 0.064212 0.0638924 0.0620825 0.0590733 0.0552223 0.0508856 0.0463612 0.0418427 0.0373873 0.0329184 0.0282892 0.0234062 0.018353 0.0134264
 0.00839089 0.0130847 0.0186996 0.0249248 0.031525 0.0383396 0.0451546 0.0516117 0.0572538 0.0616444 0.0644612 0.0655409 0.0648991 0.0627226 0.0593221 0.0550627 0.0503008 0.0453367 0.0403786 0.0355183 0.0307339 0.0259428 0.0210991 0.0162905 0.0117616
 0.00868772 0.01354 0.019336 0.0257501 0.0325382 0.0395375 0.0465309 0.0531462 0.058898 0.0633133 0.0660374 0.0668936 0.0659111 0.0633131 0.059456 0.0547431 0.0495513 0.0441865 0.0388602 0.0336798 0.0286592 0.0237642 0.0189877 0.0144196 0.0102592
 0.00894619 0.0139316 0.0198728 0.0264265 0.0333363 0.0404357 0.04751 0.0541896 0.0599891 0.0644301 0.0671449 0.0679364 0.0668117 0.0639814 0.0598083 0.0547208 0.0491302 0.0433748 0.0376914 0.0322102 0.0269743 0.0219835 0.0172569 0.0128833 0.0090238
 0.00913373 0.0142266 0.020298 0.0269958 0.0340521 0.0412852 0.0484615 0.0551935 0.0609863 0.0653658 0.0679795 0.0686458 0.067379 0.0643852 0.060015 0.0546874 0.0488156 0.0427542 0.0367678 0.0310206 0.0255917 0.0205139 0.0158267 0.0116147 0.00800465
 0.00926968 0.0144377 0.0205983 0.0273942 0.0345543 0.0418946 0.0491762 0.0559997 0.0618512 0.0662365 0.0687901 0.0693324 0.0678943 0.0647051 0.0601332 0.0546026 0.0485219 0.042241 0.0360305 0.0300756 0.0244875 0.0193328 0.0146723 0.0105885 0.00717978
 0.00933517 0.0145386 0.0207404 0.0275807 0.0347878 0.0421794 0.049519 0.0564077 0.0623281 0.0667763 0.0693719 0.0699182 0.0684329 0.0651426 0.0604248 0.0547192 0.0484491 0.0419739 0.0355715 0.0294393 0.0237093 0.0184743 0.0138146 0.00981432 0.00655086
 0.00926797 0.0144515 0.0206501 0.0275166 0.0347836 0.0422611 0.0496955 0.0566699 0.0626568 0.0671524 0.0697813 0.0703492 0.0688692 0.0655578 0.0607821 0.0549777 0.0485725 0.0419374 0.0353653 0.0290707 0.0232062 0.0178853 0.0132044 0.00925024 0.00608501
 0.009285 0.014469 0.0206588 0.0275054 0.034747 0.0422085 0.0496554 0.0566834 0.0627602 0.0673598 0.0700779 0.0706994 0.0692326 0.0659005 0.061079 0.0552077 0.048714 0.0419689 0.0352708 0.0288474 0.0228693 0.0174702 0.0127614 0.00883265 0.00573557
 0.00932062 0.0145102 0.0206896 0.0274998 0.0346749 0.0420474 0.049402 0.0563615 0.0624207 0.0670715 0.0699095 0.0706983 0.0694086 0.0662242 0.0614939 0.0556484 0.0491206 0.0422939 0.0354813 0.0289268 0.0228207 0.0173168 0.0125429 0.00859556 0.00552035
 0.00942446 0.0146556 0.0208645 0.0276756 0.0348117 0.0421032 0.0493432 0.0561708 0.0621043 0.0666634 0.0694711 0.0703079 0.0691424 0.0661331 0.061588 0.0558955 0.0494586 0.0426506 0.0357923 0.0291472 0.0229306 0.0173217 0.0124686 0.00847872 0.00539673
 0.00956004 0.0148593 0.0211389 0.0280099 0.0351815 0.0424721 0.0496651 0.0563948 0.0621835 0.0665683 0.0692021 0.0699011 0.0686646 0.0656672 0.0612108 0.0556566 0.0493677 0.0426788 0.0358865 0.0292501 0.0229987 0.0173343 0.0124288 0.00840536 0.00531375
 0.00959475 0.014923 0.0212481 0.0281834 0.0354352 0.0428098 0.0500701 0.0568266 0.0625831 0.06687 0.0693492 0.0698607 0.0684386 0.0652949 0.0607614 0.0552099 0.0489916 0.0424105 0.0357262 0.0291697 0.0229583 0.0173002 0.0123834 0.00834791 0.00525335
