SBPRF35
12.7214
Curr Bio
853043
B35
863560
F35
0.172809
FOFL
0.171509
OFL
119740
Bzero
3.63469e+006
#pred survey bio
 3.12957e+006 2.84682e+006 2.60487e+006 2.35947e+006 2.10304e+006 1.84772e+006 1.62031e+006 1.41924e+006 1.25829e+006 1.13639e+006 1.00435e+006 878471 790604 730232 669872 627361 588511 561539 541666 529050 524887 523783 514319 518609 516282 530676 537444 543349 556203 563127 576417 593396 609495 610662 619078 626427 634922 643355 651225 649730 656728 657846 657709 659929 667945 676008 693157 763739 824511 851854 859371 3.02299e+007 1.83816e+007 1.8883e+007 1.98101e+007 2.0994e+007 2.22495e+007 2.34439e+007 2.45023e+007 2.53956e+007 2.61242e+007 2.67046e+007 2.71592e+007 2.75113e+007 2.77823e+007 2.799e+007 2.8149e+007 2.82708e+007 2.83643e+007 2.84363e+007 2.8492e+007 2.85353e+007 2.8569e+007 2.85955e+007 2.86163e+007 2.86327e+007 2.86457e+007 2.86561e+007 2.86644e+007 2.8671e+007 2.86763e+007 2.86806e+007 2.86841e+007 2.86869e+007 2.86891e+007 2.8691e+007 2.86925e+007 2.86937e+007 2.86947e+007 2.86955e+007 2.86962e+007 2.86967e+007 2.86971e+007 2.86975e+007 2.86978e+007 2.8698e+007 2.86982e+007 2.86984e+007 2.86985e+007 2.86986e+007 2.86987e+007 2.86988e+007 2.86988e+007 2.86989e+007 2.86989e+007 2.8699e+007 2.8699e+007 2.8699e+007 2.8699e+007 2.8699e+007 2.86991e+007 2.86991e+007 2.86991e+007 2.86991e+007 2.86991e+007 2.86991e+007 2.86991e+007 2.86991e+007 2.86991e+007 2.86991e+007 2.86991e+007 2.86991e+007 2.86991e+007 2.86991e+007 2.86991e+007 2.86991e+007 2.86991e+007 2.86991e+007 2.86991e+007 2.86991e+007 2.86991e+007 2.86991e+007 2.86991e+007 2.86991e+007 2.86991e+007 2.86991e+007 2.86991e+007 2.86991e+007 2.86991e+007 2.86991e+007 2.86991e+007 2.86991e+007 2.86991e+007 2.86991e+007 2.86991e+007 2.86991e+007 2.86991e+007 2.86991e+007 2.86991e+007 2.86991e+007 2.86991e+007 0 0 0 0 0 0 0 0 0 0 0 0 0 0 0 0 0 0 0 0 0 0 0 0 0
#obs survey bio
 2.936e+006 4.27248e+006 3.26884e+006 2.59208e+006 2.47069e+006 1.67299e+006 1.2569e+006 1.65192e+006 1.32231e+006 1.34418e+006 1.28305e+006 801851 977537 822139 635524 393695 955094 695915 443068 526950 388824 413127 463735 386626 404924 683744 679309 496400 606374 767965 495539 751063 670627 518287 733123 589362 854322 789173 584808 720608 541927 496375 617684 644218 672405 682155 643003 932342 1.1449e+006 774914 665134
#pred catch bio
 282578 265879 290018 318490 333031 320285 305482 274945 243053 251315 241897 204441 177165 173028 153368 145889 131578 122711 115043 107388 104709 111072 99175.5 105056 91654.1 98559.4 98680.3 92761.1 97879.7 92539 90210.9 91877.3 104700 98767.6 100737 100827 101688 102928 111588 105327 111681 113743 112802 109198 110376 104083 62286 74187.4 103390 120380 123702 119740 121892 124144 129182 136353 144100 151418 157794 163053 167221 170428 172839 174621 175919 176854 177523 177997 178332 178567 178731 178846 178926 178982 179020 179047 179065 179078 179087 179093 179097 179100 179102 179103 179104 179105 179105 179105 179106 179106 179106 179106 179106 179106 179106 179106 179106 179106 179106 179106 179106 179106 179106 179106 179106 179106 179106 179106 179106 179106 179106 179106 179106 179106 179106 179106 179106 179106 179106 179106 179106 179106 179106 179106 179106 179106 179106 179106 179106 179106 179106 179106 179106 179106 179106 179106 179106 179106 179106 179106 179106 179106 179106 179106 179106 179106 179106 179106 179106 179106 179106 0 0 0 0 0 0 0 0 0 0 0 0 0 0 0 0 0 0 0 0 0 0 0 0 0
#obs catch bio
 227208 265102 289522 318978 333400 321189 309086 277426 244934 252062 241869 204070 176746 172524 153576 147229 131024 122325 115358 107656 105313 111532 99492.4 105902 92411.4 99194.1 98886.2 92577.4 98117.8 92325.2 90104.5 91501.4 104361 98307.6 100533 100930 101670 102441 111394 105104 111926 114255 113175 109852 111139 105029 62210.3 74176.7 103331 120360 123718
#pred cpue bio
 3.08465e+006 2.80305e+006 2.56111e+006 2.31581e+006 2.0604e+006 1.80632e+006 1.58008e+006 1.38046e+006 1.22104e+006 1.10054e+006 970449 846616 760215 701108 642224 600836 563260 537277 517907 505467 501349 500352 491194 495363 493032 507158 514148 520266 532951 539880 553044 569736 585605 586793 594877 601893 610143 618482 626148 624457 631051 631911 631574 633547 641295 649207 665987 735545 796077 823224 830023 2.91816e+007 1.77438e+007 1.81384e+007 1.8959e+007 2.01113e+007 2.13605e+007 2.25539e+007 2.36121e+007 2.45053e+007 2.5234e+007 2.58143e+007 2.62689e+007 2.66211e+007 2.6892e+007 2.70997e+007 2.72587e+007 2.73805e+007 2.7474e+007 2.75461e+007 2.76018e+007 2.7645e+007 2.76788e+007 2.77052e+007 2.7726e+007 2.77424e+007 2.77555e+007 2.77658e+007 2.77741e+007 2.77807e+007 2.77861e+007 2.77903e+007 2.77938e+007 2.77966e+007 2.77989e+007 2.78007e+007 2.78022e+007 2.78034e+007 2.78044e+007 2.78052e+007 2.78059e+007 2.78064e+007 2.78069e+007 2.78072e+007 2.78075e+007 2.78078e+007 2.7808e+007 2.78081e+007 2.78083e+007 2.78084e+007 2.78085e+007 2.78085e+007 2.78086e+007 2.78086e+007 2.78087e+007 2.78087e+007 2.78087e+007 2.78088e+007 2.78088e+007 2.78088e+007 2.78088e+007 2.78088e+007 2.78088e+007 2.78088e+007 2.78088e+007 2.78088e+007 2.78088e+007 2.78088e+007 2.78088e+007 2.78088e+007 2.78088e+007 2.78088e+007 2.78088e+007 2.78088e+007 2.78088e+007 2.78088e+007 2.78088e+007 2.78088e+007 2.78088e+007 2.78088e+007 2.78088e+007 2.78088e+007 2.78088e+007 2.78088e+007 2.78088e+007 2.78088e+007 2.78088e+007 2.78088e+007 2.78088e+007 2.78088e+007 2.78088e+007 2.78088e+007 2.78088e+007 2.78088e+007 2.78088e+007 2.78088e+007 2.78088e+007 2.78088e+007 2.78088e+007 2.78088e+007 2.78088e+007 0 0 0 0 0 0 0 0 0 0 0 0 0 0 0 0 0 0 0 0 0 0 0 0 0
#obs cpue bio
 3.03282e+006 2.65049e+006 1.96892e+006 1.53968e+006 1.86483e+006 1.63558e+006 1.0346e+006 1.23311e+006 1.0142e+006 1.35553e+006 916026 972254 626029 719436 506084 609495 682928 430344 444002 478467 498015 752323 450085 539297 411815 484532 520595 688883 397108 533104 595638 574571 610341 716704 449198 495335 502739 728592 634338 516308 589891 666408 691412 463438 575613 596219 613708 905990 816017 828360 981825
#pred surv len freq
 0.00475894 0.00780492 0.0118911 0.0170395 0.0231379 0.0298433 0.0365612 0.0426017 0.0474392 0.0508791 0.0530274 0.0541383 0.0544825 0.0542894 0.0537414 0.0529884 0.0521654 0.0513892 0.0507005 0.0499509 0.0487052 0.0462908 0.0420767 0.0358787 0.0282183
 0.00520103 0.00845271 0.0127383 0.0180451 0.0242515 0.0310383 0.0378492 0.044011 0.0489677 0.0524547 0.0545064 0.0553506 0.0552963 0.0546586 0.0537082 0.0526432 0.0515877 0.0505991 0.049646 0.0485414 0.0468817 0.0440978 0.0396894 0.0335601 0.026224
 0.00538419 0.00880857 0.0133758 0.0190868 0.0257879 0.0330659 0.040232 0.046504 0.0513031 0.0544388 0.0560609 0.0564791 0.0560181 0.0549686 0.0535864 0.0520876 0.0506297 0.0492845 0.048003 0.0465708 0.0445888 0.0415484 0.0370447 0.0310544 0.0240881
 0.00557737 0.00911591 0.0138312 0.0197315 0.0266788 0.0342771 0.0418362 0.0485299 0.0536863 0.0569973 0.0585266 0.0585769 0.0575487 0.055845 0.0538129 0.0517131 0.0497127 0.0478808 0.0461646 0.0443506 0.0420564 0.0388178 0.0342925 0.0285011 0.0219386
 0.00583631 0.00953703 0.0144644 0.0206214 0.027855 0.0357421 0.0435577 0.0504478 0.0557301 0.0590991 0.0606104 0.0605328 0.059221 0.0570569 0.0544161 0.0516288 0.0489384 0.0464685 0.0441943 0.0419191 0.0392855 0.0358708 0.0313785 0.0258482 0.0197397
 0.00614263 0.0100348 0.015213 0.0216754 0.0292535 0.037491 0.0456117 0.0527043 0.0580459 0.0613234 0.0626171 0.0622349 0.0605604 0.0579798 0.0548542 0.0515027 0.0481818 0.0450567 0.0421599 0.0393541 0.0363397 0.032748 0.0283214 0.0231011 0.0174923
 0.00636589 0.0104159 0.0158202 0.0225837 0.0305283 0.0391628 0.047651 0.0550123 0.0604695 0.0636865 0.064753 0.0640097 0.0618844 0.0588051 0.0551596 0.0512728 0.0473943 0.0436889 0.040213 0.0368836 0.0334751 0.0296936 0.0253303 0.0204239 0.0153164
 0.00658192 0.0107685 0.0163551 0.023348 0.0315664 0.0405067 0.049305 0.0569399 0.062587 0.0658675 0.0668431 0.0658491 0.0633332 0.059763 0.0555726 0.0511239 0.0466861 0.0424307 0.0384246 0.0346166 0.0308407 0.0268746 0.0225628 0.0179462 0.0133067
 0.0067714 0.0110761 0.0168172 0.0239991 0.0324336 0.0416014 0.0506148 0.0584255 0.0641885 0.0675141 0.0684577 0.0673463 0.0646176 0.0607348 0.0561406 0.0512192 0.0462695 0.041492 0.0369819 0.0327234 0.0286012 0.0244529 0.0201691 0.0157943 0.0115578
 0.00686219 0.0112344 0.0170755 0.0243949 0.0330022 0.0423637 0.0515662 0.0595326 0.0653962 0.0687592 0.0696806 0.0684942 0.0656402 0.0615769 0.0567376 0.0515001 0.0461671 0.0409572 0.0359978 0.0313186 0.0268599 0.0225177 0.0182242 0.0140278 0.0101129
 0.00705382 0.0115454 0.0175427 0.0250521 0.0338735 0.0434532 0.0528456 0.0609363 0.0668282 0.0701115 0.0708543 0.0694168 0.0662738 0.0619146 0.0567896 0.0512757 0.0456621 0.040155 0.0348838 0.0299033 0.0252003 0.0207252 0.0164516 0.0124336 0.00881786
 0.00732718 0.0119821 0.018185 0.0259329 0.0350084 0.0448297 0.0544114 0.0625962 0.0684571 0.0715773 0.0720421 0.0702451 0.0667014 0.0619409 0.0564472 0.0506162 0.0447375 0.0390044 0.0335324 0.0283763 0.0235443 0.0190238 0.0148208 0.0109956 0.00766466
 0.00744563 0.0121845 0.0185079 0.0264161 0.0356869 0.0457189 0.0554946 0.0638193 0.0697369 0.0728174 0.0731482 0.071135 0.0673113 0.0622304 0.0564027 0.0502504 0.0440838 0.0381059 0.0324342 0.0271241 0.0221932 0.0176476 0.0135115 0.00984712 0.0067464
 0.0075048 0.0122746 0.0186334 0.0265809 0.0358987 0.0459939 0.0558571 0.0642957 0.0703419 0.0735414 0.0739504 0.071948 0.0680536 0.0628219 0.0567782 0.0503681 0.0439287 0.0376887 0.0317859 0.0262918 0.0212376 0.0166426 0.0125396 0.00898711 0.0060553
 0.00763347 0.0124801 0.018935 0.0269916 0.0364197 0.046609 0.0565295 0.0649731 0.0709715 0.0740867 0.074399 0.0723038 0.0683217 0.0629953 0.0568357 0.0502807 0.0436715 0.0372503 0.0311749 0.0255378 0.0203902 0.0157663 0.0117055 0.00825968 0.00547801
 0.00760309 0.0124491 0.0189225 0.0270272 0.0365366 0.0468318 0.0568636 0.0654 0.0714537 0.0745784 0.0748576 0.0726997 0.0686407 0.0632343 0.0569925 0.0503464 0.0436283 0.0370783 0.0308629 0.025093 0.0198423 0.0151651 0.0111115 0.00772964 0.00505169
 0.00769457 0.0125731 0.0190645 0.0271622 0.0366404 0.0468974 0.0569106 0.0654696 0.0715883 0.0747986 0.0751511 0.0730266 0.0689519 0.0634891 0.0571674 0.0504322 0.043622 0.0369763 0.0306609 0.0247929 0.0194599 0.0147331 0.0106746 0.0073333 0.00472941
 0.00788747 0.0128535 0.0194239 0.0275676 0.0370401 0.0472325 0.0571293 0.0655407 0.0715138 0.074618 0.074932 0.0728401 0.0688448 0.063469 0.0572076 0.05049 0.0436562 0.0369568 0.0305702 0.0246258 0.019224 0.0144497 0.0103757 0.00705389 0.00449728
 0.00801973 0.0130695 0.0197485 0.0280186 0.0376167 0.0479022 0.0578195 0.0661475 0.0719301 0.0747722 0.0748143 0.0725048 0.0683865 0.0629878 0.0567774 0.050143 0.0433864 0.0367352 0.0303636 0.024409 0.0189868 0.0141973 0.0101251 0.0068267 0.00431147
 0.00807418 0.0131584 0.0198834 0.0282119 0.0378805 0.0482447 0.0582385 0.0666223 0.0724163 0.0752036 0.0751174 0.0726219 0.0682989 0.0627241 0.0564032 0.0497342 0.0430026 0.0364052 0.0300868 0.0241688 0.0187657 0.0139867 0.0099278 0.00665254 0.00417057
 0.00803525 0.0131015 0.0198101 0.028129 0.0378001 0.048183 0.0582152 0.0666581 0.0725282 0.0753973 0.0753791 0.0729151 0.068571 0.0629232 0.0564975 0.0497235 0.0429137 0.0362761 0.0299486 0.0240369 0.0186419 0.0138682 0.0098145 0.00654914 0.00408382
 0.00800965 0.0130549 0.0197314 0.0280064 0.0376261 0.0479616 0.0579666 0.0664187 0.0723425 0.0753056 0.075406 0.0730628 0.0688177 0.0632269 0.0568059 0.0499887 0.043106 0.0363895 0.0299959 0.0240385 0.0186156 0.0138259 0.00976392 0.00649696 0.00403637
 0.00810877 0.0132049 0.0199356 0.0282584 0.0379088 0.0482479 0.0582218 0.0666062 0.0724336 0.0752907 0.0752996 0.0728989 0.0686367 0.0630615 0.0566711 0.0498808 0.0430096 0.0362881 0.0298812 0.0239127 0.0184879 0.0137066 0.00966079 0.00641382 0.00397394
 0.00810388 0.0131941 0.0199142 0.0282204 0.0378489 0.0481637 0.0581163 0.0664876 0.0723135 0.0751815 0.075213 0.0728453 0.0686255 0.0630992 0.0567582 0.0500089 0.0431608 0.0364392 0.0300105 0.0240064 0.0185427 0.0137285 0.00965983 0.0064007 0.00395706
 0.00808088 0.0131721 0.0199088 0.0282539 0.037942 0.0483238 0.0583288 0.0667167 0.0725141 0.0753145 0.0752576 0.0728025 0.0685136 0.0629469 0.0565965 0.0498635 0.043047 0.03636 0.0299584 0.0239692 0.0185101 0.0136949 0.00962543 0.00636848 0.00393019
 0.00784852 0.012813 0.0194051 0.0276067 0.0371768 0.0474946 0.0575187 0.0660271 0.0720407 0.0751178 0.0753452 0.0731322 0.0690145 0.0635434 0.0572251 0.0504798 0.0436234 0.03688 0.0304112 0.0243473 0.018809 0.0139161 0.00977675 0.00646319 0.00398389
 0.00778698 0.0126974 0.0192031 0.0272809 0.0366967 0.0468546 0.0567534 0.0652143 0.0712861 0.0745283 0.0750014 0.0730713 0.069225 0.063974 0.0578017 0.0511254 0.0442734 0.0374885 0.0309503 0.0248018 0.0191733 0.0141915 0.00997109 0.00658994 0.00405956
 0.00784208 0.0127667 0.0192687 0.0273103 0.0366471 0.0466829 0.0564286 0.0647295 0.0706675 0.0738391 0.0743341 0.072528 0.068891 0.0638936 0.0579694 0.0514924 0.0447671 0.0380331 0.0314826 0.0252781 0.0195691 0.0144983 0.0101926 0.00673786 0.00415029
 0.00772394 0.0125997 0.0190625 0.0270868 0.0364297 0.046482 0.0562321 0.0645064 0.070384 0.0734794 0.0739154 0.0721024 0.0685329 0.0636786 0.0579509 0.0516856 0.0451448 0.0385363 0.0320385 0.025819 0.0200452 0.0148821 0.0104774 0.0069323 0.00427203
 0.0077143 0.0125688 0.0189897 0.0269477 0.0362077 0.0461826 0.0558899 0.0641757 0.0701141 0.0732893 0.0737867 0.0719966 0.0684214 0.0635646 0.0578705 0.0516883 0.0452678 0.0387861 0.0323876 0.0262175 0.0204382 0.015226 0.0107479 0.00712487 0.00439631
 0.00769923 0.0125375 0.0189294 0.0268401 0.0360313 0.0459184 0.0555298 0.0637322 0.0696258 0.0728172 0.0733983 0.0717423 0.0683173 0.0635929 0.0579976 0.0518872 0.045528 0.0391071 0.0327636 0.026627 0.0208461 0.0155943 0.0110482 0.00734598 0.00454315
 0.00760978 0.0124031 0.0187469 0.026613 0.0357665 0.045622 0.0552055 0.0633825 0.0692569 0.0724448 0.0730517 0.0714621 0.0681458 0.0635595 0.058108 0.0521232 0.045858 0.0394989 0.0331902 0.0270642 0.0212679 0.0159732 0.0113613 0.0075815 0.00470338
 0.00755788 0.0123129 0.0186014 0.0263947 0.0354644 0.04524 0.0547681 0.0629316 0.0688393 0.0720964 0.0727894 0.0712883 0.0680593 0.0635638 0.0582108 0.0523287 0.0461594 0.039876 0.0336139 0.0275025 0.0216896 0.0163508 0.0116741 0.00781916 0.00486757
 0.00766222 0.0124699 0.018813 0.0266517 0.0357455 0.0455129 0.0549926 0.0630662 0.0688519 0.071975 0.0725467 0.0709559 0.0676778 0.0631743 0.0578513 0.0520326 0.0459526 0.0397723 0.0336113 0.0275839 0.0218276 0.0165141 0.0118341 0.00795529 0.00496968
 0.00766793 0.0124859 0.018849 0.0267197 0.0358548 0.0456636 0.0551698 0.0632407 0.0689866 0.0720365 0.0725153 0.0708307 0.0674757 0.0629245 0.0575879 0.051789 0.0457571 0.0396451 0.0335619 0.0276089 0.021911 0.0166317 0.0119602 0.00806854 0.00505794
 0.00762634 0.0124279 0.01878 0.026652 0.035806 0.0456522 0.0552103 0.0633386 0.0691342 0.0722113 0.0726826 0.0709532 0.0675248 0.0628894 0.0574788 0.0516323 0.045587 0.039495 0.0334569 0.0275612 0.021919 0.0166821 0.0120328 0.00814394 0.00512205
 0.00754572 0.0123047 0.01861 0.0264382 0.03556 0.0453948 0.0549717 0.0631542 0.0690376 0.072223 0.0728016 0.0711553 0.0677687 0.0631291 0.0576764 0.0517683 0.0456632 0.0395294 0.0334748 0.0275851 0.0219616 0.016744 0.0121055 0.00821529 0.00518197
 0.00758282 0.0123424 0.0186255 0.0263979 0.03543 0.0451577 0.0546396 0.0627706 0.0686653 0.0719253 0.0726253 0.071121 0.0678686 0.0633317 0.0579358 0.0520368 0.0459036 0.0397234 0.0336225 0.027699 0.0220565 0.01683 0.0121851 0.00828534 0.0052382
 0.0076156 0.0123984 0.0187131 0.0265217 0.0355843 0.0453188 0.0547647 0.0628082 0.0685768 0.0717069 0.0723161 0.0707896 0.067587 0.0631495 0.057868 0.0520662 0.0459945 0.0398373 0.0337315 0.0277901 0.0221295 0.0168901 0.012237 0.0083302 0.00527487
 0.00768512 0.0125118 0.0188842 0.0267631 0.0359038 0.0457136 0.0552136 0.0632675 0.0689827 0.0719881 0.0724142 0.0706801 0.0672914 0.0627298 0.0574048 0.0516314 0.0456315 0.039558 0.0335255 0.0276398 0.0220199 0.0168123 0.0121857 0.00830076 0.00526128
 0.00768899 0.0125182 0.0188946 0.0267803 0.035933 0.0457633 0.0552953 0.0633919 0.0691535 0.0721951 0.072629 0.07086 0.0673922 0.0627237 0.0572926 0.051443 0.045413 0.0393523 0.0333591 0.0275195 0.02194 0.0167626 0.012157 0.00828613 0.00525563
 0.00769639 0.0125372 0.0189357 0.0268568 0.0360569 0.045939 0.0555153 0.0636375 0.0694008 0.0724223 0.0728198 0.0710021 0.0674724 0.0627271 0.0572079 0.0512712 0.0451727 0.039077 0.0330865 0.0272801 0.0217497 0.0166237 0.0120631 0.00822723 0.00522166
 0.00773739 0.0125974 0.0190148 0.0269518 0.0361646 0.0460596 0.055653 0.0637976 0.0695838 0.0726187 0.0730106 0.0711634 0.0675828 0.0627714 0.0571781 0.051166 0.0449989 0.0388514 0.032835 0.0270323 0.021531 0.0164493 0.0119367 0.00814357 0.00517108
 0.00771384 0.0125703 0.0189944 0.0269534 0.0362034 0.0461431 0.0557762 0.0639447 0.0697362 0.0727637 0.0731436 0.0712842 0.0676885 0.0628531 0.0572225 0.0511606 0.0449369 0.0387354 0.0326777 0.0268542 0.0213552 0.0162956 0.0118165 0.00805916 0.00511769
 0.00766065 0.0124837 0.0188649 0.0267752 0.0359789 0.0458884 0.0555233 0.0637362 0.0696124 0.0727478 0.0732353 0.0714634 0.0679256 0.0631176 0.0574868 0.0514 0.0451312 0.038871 0.0327511 0.0268726 0.0213346 0.0162547 0.0117719 0.00802163 0.00509123
 0.00766974 0.0124884 0.0188534 0.0267299 0.0358811 0.0457257 0.0552973 0.0634664 0.0693345 0.0725064 0.0730729 0.0714084 0.067985 0.0632763 0.0577138 0.0516581 0.045385 0.0390926 0.0329227 0.026988 0.0213985 0.0162797 0.0117732 0.00801251 0.00508053
 0.00751917 0.012269 0.0185695 0.0264005 0.0355321 0.0453791 0.0549643 0.0631499 0.0690384 0.0722453 0.0728747 0.0713088 0.0680144 0.0634474 0.058015 0.0520554 0.0458309 0.0395377 0.0333259 0.0273226 0.0216536 0.0164586 0.0118886 0.00808105 0.00511812
 0.00709768 0.0115889 0.0175594 0.0250082 0.0337476 0.0432644 0.0526747 0.0609235 0.0671443 0.0709113 0.0722326 0.0713802 0.0687318 0.0646878 0.0596295 0.053889 0.0477359 0.0413842 0.03501 0.0287722 0.0228313 0.0173594 0.012535 0.00851397 0.00538718
 0.00706596 0.011486 0.0173093 0.0245068 0.0328872 0.041974 0.0509615 0.0588932 0.064991 0.068882 0.0705785 0.0703061 0.0683561 0.0650245 0.0605968 0.0553378 0.0494854 0.0432522 0.0368347 0.0304263 0.0242302 0.0184638 0.013347 0.00906778 0.0057359
 0.00724735 0.0117718 0.0177175 0.0250343 0.0334939 0.0425676 0.0513936 0.058985 0.0645905 0.0679318 0.069157 0.0686189 0.0666797 0.0636291 0.0596783 0.0549814 0.0496637 0.0438524 0.0376989 0.0313917 0.0251591 0.0192618 0.0139678 0.00950741 0.00601945
 0.00726163 0.0118364 0.0178901 0.0253915 0.0341075 0.0434666 0.0525287 0.0602147 0.0657006 0.0686839 0.0693532 0.0681638 0.0656199 0.06215 0.0580546 0.0534967 0.0485332 0.0431764 0.0374614 0.0314923 0.0254614 0.0196362 0.0143199 0.00978652 0.00621269
#obs surv len freq
 0.0049669 0.00813558 0.0123743 0.017696 0.0239737 0.0308411 0.0376724 0.043745 0.0485112 0.0517734 0.0536534 0.0544377 0.0544446 0.0539678 0.0532639 0.0525434 0.0519497 0.0515174 0.0511084 0.050354 0.0486722 0.0454322 0.0402571 0.0333162 0.0253926
 0.00517445 0.00847697 0.0128957 0.0184434 0.0249848 0.0321312 0.0392199 0.0454849 0.0503419 0.0535748 0.0553053 0.0558325 0.0554933 0.0546009 0.0534309 0.0522135 0.0511157 0.0502022 0.0493722 0.0482986 0.0464393 0.043192 0.0381847 0.0315577 0.024033
 0.00539361 0.00883465 0.0134369 0.0192118 0.0260155 0.0334389 0.0407859 0.0472511 0.0522172 0.0554498 0.0570669 0.0573734 0.0567168 0.055424 0.0537862 0.0520514 0.0504074 0.048947 0.0476095 0.0461199 0.0439943 0.0406785 0.0358178 0.0295241 0.0224476
 0.00563621 0.00923151 0.0140386 0.0200669 0.0271608 0.034885 0.0425021 0.0491613 0.0542121 0.0574089 0.0588775 0.0589392 0.057957 0.0562693 0.0541753 0.0519309 0.0497356 0.0477039 0.0458125 0.0438438 0.0413845 0.0379459 0.0332057 0.0272535 0.0206619
 0.0058883 0.00964459 0.0146664 0.0209614 0.0283624 0.0364063 0.0443117 0.0511778 0.0563154 0.0594638 0.0607569 0.0605377 0.0591942 0.0570864 0.0545278 0.0517806 0.049048 0.0464548 0.0440055 0.0415358 0.0387074 0.0351082 0.0304619 0.0248446 0.018752
 0.00615601 0.010081 0.0153254 0.0218939 0.0296069 0.0379735 0.0461685 0.0532412 0.0584636 0.0615586 0.0626659 0.0621488 0.0604212 0.0578688 0.0548262 0.051569 0.0483067 0.0451703 0.0421832 0.0392246 0.0360258 0.0322534 0.0276843 0.0223899 0.0167934
 0.0063928 0.0104736 0.0159303 0.0227684 0.0307967 0.0394946 0.0479886 0.0552746 0.060584 0.0636249 0.0645462 0.0637328 0.0616244 0.0586309 0.0551077 0.0513461 0.0475658 0.0439066 0.0404088 0.0369885 0.0334381 0.0294969 0.0249948 0.0200033 0.0148807
 0.0066153 0.0108392 0.016488 0.023567 0.0318767 0.0408737 0.0496461 0.0571436 0.0625586 0.0655777 0.0663481 0.0652686 0.0628018 0.0593838 0.0553951 0.0511457 0.0468682 0.042713 0.038737 0.0348891 0.0310153 0.0269191 0.0224786 0.0177669 0.0130839
 0.00684431 0.0112115 0.0170485 0.0243573 0.0329273 0.0421919 0.0512032 0.0588705 0.0643555 0.0673325 0.0679532 0.0666302 0.0638429 0.0600452 0.055635 0.0509389 0.0462037 0.0415928 0.0371811 0.0329479 0.0287868 0.0245569 0.0201779 0.0157235 0.0114417
 0.00706886 0.0115818 0.017615 0.0251688 0.0340194 0.0435697 0.052825 0.0606447 0.0661568 0.0690295 0.0694331 0.0678106 0.064671 0.0604914 0.0556849 0.0505872 0.0454507 0.0404459 0.0356616 0.0311037 0.0267072 0.0223792 0.0180746 0.0138657 0.0099537
 0.00728101 0.0119286 0.0181403 0.0259146 0.0350178 0.0448291 0.0543162 0.0622942 0.067855 0.0706499 0.0708545 0.0689341 0.0654302 0.0608536 0.0556459 0.0501605 0.0446579 0.0393111 0.0342152 0.0293944 0.0248156 0.0204248 0.0162047 0.0122252 0.00864586
 0.00745233 0.0122126 0.0185778 0.0265466 0.0358764 0.0459241 0.0556214 0.0637435 0.0693519 0.0720866 0.0721285 0.0699593 0.0661412 0.061209 0.0556286 0.0497761 0.0439284 0.0382692 0.0329021 0.0278643 0.0231455 0.0187195 0.0145885 0.0108172 0.00752932
 0.00751301 0.0123153 0.0187407 0.0267916 0.0362278 0.0464045 0.0562454 0.0645113 0.0702442 0.0730622 0.0731268 0.0709057 0.0669568 0.0618209 0.0559792 0.0498284 0.043668 0.0377038 0.03206 0.026795 0.0219212 0.0174348 0.0133516 0.00972972 0.00666198
 0.00757818 0.012412 0.0188698 0.0269496 0.0364105 0.0466122 0.0564866 0.0648022 0.0706038 0.073505 0.073654 0.0714988 0.067575 0.0624049 0.0564595 0.050138 0.0437538 0.0375355 0.0316353 0.0261415 0.0210959 0.0165196 0.0124413 0.00891368 0.0060034
 0.00767563 0.0125611 0.0190764 0.0272113 0.0367161 0.0469424 0.0568155 0.0651028 0.070857 0.0737087 0.0738252 0.0716659 0.0677631 0.0626203 0.0566828 0.0503259 0.043851 0.0374896 0.0314119 0.0257354 0.0205357 0.0158641 0.0117671 0.00829644 0.00549872
 0.00772732 0.0126451 0.0192023 0.0273869 0.0369443 0.0472172 0.0571192 0.0654066 0.0711276 0.0739191 0.0739637 0.0717403 0.0677968 0.0626422 0.0567139 0.0503682 0.0438831 0.0374729 0.0313048 0.0255104 0.0201923 0.0154325 0.0113004 0.00785428 0.00512862
 0.00778864 0.0127377 0.0193285 0.0275449 0.0371293 0.0474234 0.05734 0.0656335 0.0713485 0.074117 0.0741206 0.0718414 0.067837 0.0626293 0.0566658 0.0503042 0.0438134 0.0373919 0.0311926 0.0253433 0.0199574 0.0151379 0.0109754 0.00753904 0.00485933
 0.00782219 0.0127902 0.0194036 0.0276438 0.0372504 0.047561 0.057485 0.0657746 0.0714759 0.0742252 0.0742086 0.0719099 0.0678854 0.0626546 0.0566659 0.0502805 0.0437702 0.0373314 0.0311112 0.0252316 0.0198066 0.0149488 0.0107625 0.00732713 0.00467368
 0.00786483 0.0128551 0.0194929 0.0277567 0.0373828 0.0477066 0.0576352 0.065919 0.0716029 0.074325 0.074275 0.0719422 0.067887 0.0626314 0.0566233 0.0502224 0.0436987 0.0372478 0.0310148 0.0251198 0.0196765 0.0148011 0.010605 0.00717383 0.00454002
 0.0078977 0.0129048 0.0195607 0.0278409 0.0374793 0.0478095 0.0577375 0.0660133 0.0716827 0.0743861 0.0743158 0.0719632 0.0678902 0.0626189 0.0565973 0.0501847 0.0436507 0.0371898 0.0309463 0.0250393 0.0195835 0.0146971 0.0104954 0.00706779 0.00444749
 0.00789106 0.0128937 0.0195435 0.0278162 0.0374464 0.0477693 0.0576933 0.0659709 0.0716496 0.0743696 0.0743212 0.0719927 0.0679418 0.0626871 0.0566738 0.0502607 0.043718 0.0372419 0.0309787 0.0250495 0.0195709 0.014664 0.0104476 0.0070134 0.00439542
 0.0078959 0.0128944 0.0195313 0.0277792 0.0373732 0.0476549 0.0575434 0.0658029 0.0714877 0.074238 0.0742385 0.0719684 0.0679762 0.0627727 0.0567975 0.0504061 0.0438684 0.0373826 0.031098 0.0251402 0.01963 0.014693 0.0104517 0.00700084 0.00437506
 0.00789726 0.0128956 0.0195308 0.0277738 0.0373574 0.0476207 0.0574823 0.0657083 0.0713603 0.0740889 0.0740888 0.071844 0.0678996 0.0627567 0.0568422 0.0505009 0.043996 0.0375234 0.0312339 0.0252571 0.0197196 0.0147526 0.0104841 0.00701238 0.00437373
 0.00788473 0.0128741 0.0194966 0.0277229 0.0372871 0.047531 0.0573764 0.0655928 0.0712427 0.0739758 0.073986 0.0717583 0.0678406 0.0627355 0.0568678 0.0505756 0.0441133 0.0376687 0.0313888 0.0254036 0.0198435 0.0148466 0.0105472 0.00704903 0.00439121
 0.00790725 0.0129024 0.0195237 0.0277372 0.0372753 0.0474831 0.0572903 0.0654752 0.0711068 0.0738374 0.0738591 0.0716533 0.067764 0.0626915 0.0568597 0.0506058 0.0441811 0.0377686 0.0315097 0.0255304 0.0199614 0.0149441 0.010619 0.00709582 0.00441782
 0.00787717 0.0128596 0.0194703 0.027678 0.0372148 0.0474222 0.0572246 0.0653969 0.0710106 0.0737256 0.0737432 0.0715504 0.0676909 0.062659 0.0568712 0.0506588 0.0442699 0.0378854 0.0316444 0.0256709 0.0200946 0.0150587 0.0107081 0.00715804 0.00445661
 0.00786421 0.0128337 0.0194231 0.0276 0.0370998 0.0472722 0.0570527 0.0652254 0.0708621 0.0736145 0.0736725 0.0715149 0.0676841 0.0626784 0.0569181 0.0507349 0.0443743 0.0380134 0.0317876 0.0258186 0.0202352 0.0151817 0.0108064 0.00722924 0.00450308
 0.00781892 0.0127632 0.0193224 0.0274663 0.0369322 0.0470723 0.0568262 0.0649844 0.0706266 0.0734101 0.0735245 0.0714412 0.0676901 0.0627565 0.0570526 0.0509086 0.0445726 0.0382244 0.032001 0.0260241 0.0204223 0.0153414 0.0109328 0.00732123 0.00456403
 0.00781112 0.0127431 0.0192788 0.0273848 0.0367999 0.0468839 0.0565894 0.0647196 0.0703614 0.0731717 0.0733351 0.0713163 0.0676392 0.0627826 0.0571511 0.0510673 0.044774 0.0384497 0.0322328 0.0262473 0.0206249 0.0155139 0.0110697 0.00742145 0.00463116
 0.00777314 0.0126868 0.0192036 0.0272925 0.0366921 0.0467595 0.0564441 0.0645491 0.0701668 0.0729641 0.0731354 0.0711507 0.0675311 0.0627471 0.0571928 0.0511806 0.0449457 0.0386612 0.0324636 0.0264777 0.0208377 0.0156969 0.0112156 0.00752879 0.00470352
 0.00774639 0.0126387 0.0191232 0.0271684 0.0365165 0.0465345 0.0561851 0.0642824 0.0699212 0.0727613 0.0729855 0.071055 0.0674889 0.0627601 0.0572642 0.0513113 0.0451304 0.0388877 0.0327139 0.0267313 0.0210752 0.0159026 0.0113804 0.00765034 0.00478559
 0.00771604 0.0125878 0.0190438 0.0270515 0.036354 0.0463219 0.0559251 0.0639883 0.069617 0.0724781 0.0727553 0.0709023 0.0674258 0.0627854 0.0573678 0.0514799 0.0453503 0.0391448 0.0329919 0.0270115 0.0213383 0.0161321 0.0115653 0.00778738 0.00487846
 0.00770006 0.0125621 0.0190053 0.0269969 0.0362798 0.0462244 0.0558012 0.0638365 0.0694394 0.0722823 0.0725552 0.0707182 0.0672806 0.062699 0.0573522 0.0515368 0.0454724 0.0393185 0.0332003 0.0272359 0.0215594 0.0163323 0.0117317 0.00791377 0.00496583
 0.0076617 0.0125031 0.018923 0.0268911 0.0361531 0.0460814 0.0556489 0.0636829 0.0692924 0.0721478 0.0724369 0.0706189 0.067205 0.062655 0.0573498 0.0515846 0.0455737 0.0394692 0.0333888 0.0274452 0.0217704 0.0165269 0.0118958 0.00804013 0.0050542
 0.00764122 0.0124702 0.0188742 0.0268239 0.0360664 0.0459772 0.0555325 0.0635629 0.0691783 0.0720474 0.0723542 0.0705542 0.0671569 0.0626234 0.0573377 0.0515982 0.0456201 0.0395529 0.0335084 0.027592 0.02193 0.0166827 0.0120331 0.00814937 0.00513262
 0.00761681 0.012431 0.0188162 0.026744 0.0359632 0.045852 0.0553908 0.0634149 0.0690369 0.0719258 0.0722626 0.0704982 0.0671366 0.062635 0.0573757 0.0516583 0.0457006 0.0396542 0.0336303 0.0277309 0.0220775 0.0168267 0.0121613 0.00825274 0.00520782
 0.00760882 0.0124171 0.0187935 0.0267091 0.0359129 0.0457843 0.0553062 0.0633166 0.068931 0.0718203 0.0721665 0.07042 0.067083 0.0626099 0.0573796 0.051689 0.0457548 0.0397287 0.0337224 0.0278371 0.022192 0.0169408 0.0122655 0.00833896 0.00527208
 0.00758683 0.0123844 0.0187499 0.0266563 0.0358533 0.0457203 0.0552392 0.0632472 0.0688601 0.0717498 0.0720998 0.0703619 0.0670393 0.0625857 0.0573786 0.0517126 0.0458019 0.0397965 0.0338068 0.0279334 0.022294 0.0170414 0.0123569 0.00841489 0.00532915
 0.00757912 0.012371 0.0187284 0.0266241 0.0358091 0.0456653 0.0551775 0.0631852 0.0688042 0.0717037 0.0720634 0.0703329 0.0670157 0.0625677 0.0573691 0.0517156 0.0458212 0.0398337 0.033861 0.0280012 0.0223701 0.0171191 0.0124294 0.00847623 0.00537605
 0.00753091 0.0122968 0.0186245 0.0264903 0.0356486 0.0454849 0.0549883 0.0630025 0.0686454 0.0715856 0.0719979 0.070324 0.0670591 0.0626531 0.0574835 0.0518472 0.0459615 0.0399772 0.0340041 0.0281403 0.022501 0.0172367 0.012529 0.00855473 0.00543297
 0.00755036 0.0123226 0.0186525 0.026513 0.0356572 0.0454722 0.0549514 0.0629433 0.0685697 0.0715004 0.071911 0.0702438 0.0669935 0.0626083 0.0574629 0.0518506 0.0459857 0.0400181 0.0340575 0.0282022 0.022567 0.0173021 0.0125887 0.00860472 0.00547096
 0.00752942 0.0122963 0.0186268 0.0264972 0.0356599 0.045496 0.0549895 0.0629806 0.0685894 0.0714915 0.0718724 0.0701833 0.0669238 0.0625424 0.057411 0.0518189 0.0459764 0.0400299 0.0340868 0.0282442 0.0226163 0.0173533 0.0126367 0.00864555 0.00550238
 0.00753012 0.0122922 0.0186118 0.0264638 0.0356035 0.0454194 0.0549053 0.0629079 0.0685452 0.0714817 0.0718897 0.0702118 0.0669484 0.0625559 0.0574148 0.0518203 0.0459833 0.0400478 0.0341173 0.0282853 0.022664 0.0174024 0.0126824 0.00868404 0.00553171
 0.00748875 0.0122345 0.0185421 0.0263912 0.0355376 0.0453657 0.0548621 0.0628689 0.0685057 0.0714442 0.0718631 0.0702059 0.0669668 0.0625937 0.0574625 0.0518692 0.0460298 0.0400927 0.0341635 0.0283344 0.0227151 0.0174526 0.0127279 0.00872181 0.00556015
 0.00747579 0.0122042 0.0184802 0.0262812 0.0353676 0.0451377 0.0545979 0.0626065 0.0682865 0.071298 0.0718004 0.0702202 0.0670437 0.062717 0.0576168 0.05204 0.0462035 0.040259 0.0343158 0.02847 0.022833 0.0175519 0.0128079 0.00878239 0.0056027
 0.00748681 0.0122237 0.0185116 0.026326 0.0354223 0.0451903 0.0546279 0.0625912 0.0682118 0.0711683 0.0716392 0.0700616 0.0669174 0.0626398 0.0575908 0.0520571 0.0462515 0.0403251 0.0343896 0.0285437 0.0229015 0.0176122 0.0128581 0.00882159 0.00563104
 0.00748681 0.0122237 0.0185116 0.026326 0.0354223 0.0451903 0.0546279 0.0625912 0.0682118 0.0711683 0.0716392 0.0700616 0.0669174 0.0626398 0.0575908 0.0520571 0.0462515 0.0403251 0.0343896 0.0285437 0.0229015 0.0176122 0.0128581 0.00882159 0.00563104
 0.00708956 0.0115942 0.0175975 0.0250978 0.0338882 0.0434141 0.0527418 0.0607865 0.0666994 0.0701244 0.0711642 0.0701683 0.0675475 0.0636888 0.0589321 0.0535605 0.047798 0.0418161 0.0357515 0.0297282 0.0238829 0.0183846 0.0134322 0.00922151 0.00588992
 0.00703845 0.0114667 0.0173241 0.0245873 0.033052 0.0422042 0.0511865 0.0590024 0.0648722 0.0684681 0.0698762 0.0693937 0.0673571 0.0640739 0.0598146 0.0548152 0.0492778 0.0433766 0.0372673 0.0311035 0.0250551 0.0193239 0.0141376 0.00971545 0.00621023
 0.00715991 0.0116685 0.0176308 0.0250111 0.0335735 0.0427515 0.0516274 0.0591688 0.064618 0.0677353 0.0687323 0.0680188 0.0659877 0.0629333 0.0590586 0.0545065 0.0493905 0.0438197 0.0379177 0.0318365 0.025767 0.0199431 0.0146278 0.0100704 0.0064454
 0.00725141 0.0118354 0.0179152 0.0254623 0.0342339 0.0436335 0.052688 0.0602958 0.0656376 0.0684455 0.0689567 0.067665 0.0650876 0.0616436 0.0576162 0.0531564 0.0483181 0.0431138 0.0375713 0.0317752 0.0258874 0.0201464 0.0148401 0.010249 0.00657471
#pred catch len freq
 0.00370333 0.00597402 0.00893934 0.0126174 0.0170237 0.0221243 0.0277679 0.0336721 0.0394799 0.044835 0.0494363 0.0530758 0.055668 0.0572548 0.0579791 0.0580482 0.0577016 0.0571684 0.0565801 0.0558337 0.0544833 0.0518004 0.0470916 0.0401574 0.0315843
 0.00408163 0.00652957 0.00966907 0.0134908 0.0180059 0.0232046 0.0289706 0.0350341 0.0410038 0.0464497 0.0509952 0.0544018 0.0566193 0.0577743 0.0580996 0.0578532 0.0572643 0.0565006 0.0556171 0.0544702 0.0526496 0.0495409 0.0445952 0.0377107 0.029468
 0.00427923 0.00688328 0.0102579 0.0143993 0.0192945 0.0248707 0.0309247 0.0371159 0.0430392 0.0483102 0.0526166 0.0557531 0.0576582 0.0584323 0.0583096 0.0575878 0.0565468 0.0553777 0.0541182 0.0525938 0.050397 0.046978 0.0418925 0.0351206 0.0272428
 0.00450127 0.00723165 0.0107644 0.0151002 0.0202409 0.0261337 0.0325788 0.0391966 0.0454906 0.0509572 0.055194 0.0579831 0.059333 0.0594509 0.0586586 0.0572986 0.0556648 0.0539519 0.0521999 0.0502389 0.0476812 0.0440266 0.0389006 0.0323333 0.0248892
 0.00478264 0.00767779 0.0114151 0.0159859 0.0213803 0.0275312 0.0342231 0.0410646 0.0475523 0.0531717 0.0574867 0.0602189 0.0613132 0.0609522 0.0594953 0.057369 0.0549581 0.0525215 0.0501329 0.0476422 0.0446902 0.0408229 0.0357169 0.0294242 0.0224713
 0.00509913 0.00818079 0.0121518 0.0169954 0.0226908 0.0291521 0.0361337 0.0432044 0.0498233 0.0554543 0.0596616 0.0621811 0.0629701 0.0622078 0.0602392 0.057486 0.054357 0.0511659 0.048056 0.0449471 0.0415449 0.0374556 0.0323992 0.0264295 0.0200133
 0.0053503 0.00859291 0.0127802 0.017897 0.0239166 0.0307334 0.0380641 0.0454269 0.0522299 0.0578988 0.0619804 0.064218 0.0645979 0.0633386 0.060817 0.057468 0.0537006 0.0498354 0.0460484 0.0423236 0.0384523 0.0341251 0.0291169 0.0234793 0.0176084
 0.00557402 0.00895064 0.0133098 0.0186363 0.0249041 0.0320058 0.039646 0.047314 0.0543722 0.0601917 0.0642706 0.0663257 0.0663489 0.0645945 0.0614897 0.0575147 0.0531068 0.0486007 0.0441897 0.0398976 0.035585 0.0310252 0.0260536 0.0207249 0.0153677
 0.00575815 0.00924438 0.0137426 0.0192349 0.0256921 0.0330017 0.0408583 0.0487359 0.0559779 0.0619334 0.0660743 0.0680881 0.0679417 0.0658785 0.0623365 0.0578261 0.0528243 0.0477044 0.0426958 0.037866 0.033135 0.0283454 0.0233857 0.0183153 0.0134033
 0.00592122 0.00950744 0.0141352 0.0197844 0.0264204 0.0339193 0.0419569 0.0499849 0.0573278 0.0633249 0.0674466 0.0693826 0.0690987 0.0668313 0.0630078 0.0581325 0.0526875 0.0470675 0.0415394 0.0362232 0.0311038 0.0260911 0.0211222 0.0162604 0.0117231
 0.00616388 0.00989013 0.0146897 0.0205343 0.0273788 0.0350848 0.043306 0.0514646 0.058856 0.0648 0.0687653 0.0704589 0.0698775 0.0672904 0.063146 0.0579509 0.0521755 0.0462029 0.0403048 0.034631 0.0292205 0.0240464 0.0190935 0.0144322 0.0102359
 0.00641421 0.010285 0.0152622 0.0213086 0.0283689 0.0362896 0.0447017 0.0529973 0.0604404 0.0663274 0.0701181 0.0715285 0.0705834 0.0675928 0.0630475 0.0574842 0.0513834 0.045121 0.0389581 0.0330478 0.0274558 0.0221988 0.0172998 0.0128367 0.00894858
 0.00651552 0.0104562 0.0155325 0.0217116 0.0289377 0.0370488 0.0456569 0.0541269 0.0616937 0.0676277 0.0713704 0.0726302 0.0714378 0.0681245 0.0632138 0.0572787 0.0508302 0.0442619 0.0378413 0.0317258 0.0259936 0.020684 0.0158416 0.0115471 0.00791164
 0.00661275 0.0106038 0.0157367 0.0219751 0.0292645 0.0374497 0.0461505 0.0547337 0.0624232 0.0684663 0.0722747 0.0735301 0.072248 0.0687592 0.063601 0.057371 0.0506099 0.0437406 0.0370547 0.0307282 0.0248556 0.0194917 0.0146915 0.0105311 0.00709618
 0.00671888 0.0107719 0.0159809 0.0223046 0.0296812 0.0379455 0.0467059 0.0553203 0.0630125 0.0690375 0.0728167 0.0740348 0.072699 0.0691254 0.0638384 0.0574327 0.0504587 0.0433591 0.0364514 0.029938 0.0239375 0.0185229 0.0137572 0.00970916 0.00643987
 0.0067064 0.0107655 0.0159974 0.0223693 0.0298224 0.0381858 0.0470525 0.0557607 0.0635158 0.069562 0.0733205 0.0744852 0.073077 0.069422 0.0640458 0.0575355 0.0504327 0.0431792 0.0361036 0.0294307 0.0233057 0.0178256 0.0130658 0.00909086 0.00594184
 0.00676791 0.0108467 0.0160861 0.0224463 0.0298718 0.0382081 0.0470732 0.0558238 0.0636645 0.0698172 0.0736683 0.0748825 0.0734693 0.0697616 0.0643019 0.0576922 0.050481 0.0431108 0.035911 0.0291152 0.0228858 0.0173403 0.0125685 0.00863603 0.00557009
 0.00693394 0.0110865 0.0163902 0.0227836 0.0301947 0.0384646 0.0472199 0.0558396 0.0635607 0.0696396 0.0734859 0.0747626 0.0734502 0.0698405 0.0644413 0.05784 0.0505895 0.0431453 0.035852 0.028957 0.0226383 0.0170293 0.0122329 0.00831815 0.00530383
 0.0070475 0.0112694 0.0166606 0.0231529 0.0306601 0.0389993 0.0477677 0.0563199 0.0638899 0.0697595 0.0733872 0.0744894 0.0730836 0.0694681 0.0641273 0.0576089 0.0504275 0.0430167 0.0357177 0.0287891 0.0224267 0.0167825 0.0119736 0.00807469 0.00510016
 0.00707795 0.0113207 0.0167421 0.0232767 0.0308413 0.0392535 0.0481046 0.056733 0.0643463 0.0701977 0.0737293 0.0746665 0.0730641 0.0692716 0.0638154 0.0572576 0.0500974 0.0427356 0.0354825 0.0285796 0.0222233 0.0165768 0.011771 0.00788927 0.00494639
 0.00703242 0.011254 0.0166557 0.0231782 0.030744 0.0391759 0.0480689 0.0567634 0.0644634 0.07041 0.0740229 0.0750011 0.0733796 0.0695075 0.0639336 0.0572559 0.0500055 0.0425966 0.0353317 0.0284344 0.0220855 0.0164431 0.0116415 0.00776986 0.00484552
 0.00704138 0.0112615 0.0166541 0.0231565 0.0306917 0.0390886 0.0479532 0.0566383 0.0643575 0.0703543 0.0740427 0.0751074 0.0735625 0.0697349 0.0641594 0.0574351 0.0501102 0.0426237 0.0352979 0.0283636 0.0219978 0.0163508 0.0115518 0.0076882 0.00477694
 0.00708085 0.0113203 0.0167323 0.0232494 0.0307901 0.0391791 0.0480206 0.0566687 0.0643431 0.070299 0.0739633 0.0750294 0.0735115 0.0697266 0.0641923 0.0574911 0.0501625 0.0426484 0.0352834 0.0283128 0.0219229 0.0162664 0.0114698 0.00761642 0.00471954
 0.00710253 0.0113503 0.0167676 0.0232836 0.0308143 0.0391848 0.0480012 0.0566212 0.0642685 0.070203 0.0738568 0.0749286 0.0734355 0.0696927 0.0642104 0.0575585 0.0502634 0.0427584 0.0353782 0.0283763 0.0219509 0.0162647 0.0114491 0.00758791 0.00469151
 0.00701375 0.0112264 0.016619 0.0231324 0.0306881 0.0391059 0.0479783 0.0566476 0.0643267 0.0702722 0.0739197 0.0749753 0.0734653 0.0697133 0.0642344 0.057598 0.050324 0.0428362 0.0354611 0.0284496 0.0220034 0.0162927 0.0114561 0.00758129 0.00467915
 0.00681305 0.0109191 0.0161929 0.0225925 0.0300586 0.0384309 0.0473211 0.0560835 0.0639271 0.0700848 0.0739551 0.0752078 0.0738456 0.0701851 0.0647474 0.0581144 0.0508185 0.0432919 0.0358653 0.0287916 0.0222758 0.0164943 0.0115928 0.00766537 0.00472541
 0.00673969 0.0107906 0.0159829 0.0222715 0.0296022 0.037833 0.0466063 0.0553122 0.0631885 0.0694778 0.0735653 0.0750864 0.0739977 0.0705714 0.0652988 0.0587529 0.051475 0.0439156 0.0364235 0.0292659 0.022658 0.016784 0.0117975 0.00779867 0.00480467
 0.00674846 0.0107917 0.0159589 0.0221949 0.0294378 0.0375453 0.0461702 0.0547249 0.0624796 0.0687148 0.0728464 0.0745205 0.0736755 0.0705399 0.0655498 0.05923 0.0520943 0.044589 0.0370773 0.0298488 0.0231415 0.0171585 0.0120677 0.00797905 0.00491533
 0.00665162 0.0106549 0.0157899 0.0220106 0.0292551 0.0373677 0.04598 0.054487 0.062158 0.0682934 0.0723455 0.0739996 0.0732214 0.0702425 0.0654757 0.0594019 0.0524849 0.0451323 0.0376897 0.0304514 0.0236754 0.0175907 0.0123891 0.00819886 0.00505306
 0.00660791 0.0105764 0.0156598 0.0218124 0.0289814 0.0370302 0.0456134 0.0541399 0.0618714 0.0680798 0.0721841 0.0738546 0.0730703 0.0700969 0.06538 0.0594125 0.0526423 0.0454409 0.038115 0.0309333 0.0241486 0.0180038 0.0127136 0.00842964 0.00520191
 0.00656773 0.0105086 0.0155523 0.0216502 0.0287473 0.0367087 0.0451984 0.0536447 0.0613358 0.0675672 0.0717657 0.0735834 0.0729627 0.0701332 0.0655247 0.0596381 0.0529398 0.0458115 0.0385525 0.0314123 0.0246272 0.0184365 0.0130669 0.0086899 0.00537482
 0.00647807 0.0103741 0.01537 0.0214235 0.0284821 0.0364092 0.0448644 0.0532742 0.0609313 0.067144 0.0713568 0.0732378 0.0727329 0.0700577 0.0656141 0.0598745 0.053289 0.0462376 0.0390249 0.0319028 0.0251051 0.018869 0.0134261 0.00896103 0.00555974
 0.00646888 0.0103515 0.0153223 0.0213355 0.0283396 0.0362052 0.0446036 0.0529723 0.0606088 0.0668191 0.0710433 0.072949 0.0724885 0.0698854 0.0655438 0.0599271 0.0534669 0.0465237 0.0393883 0.0323071 0.0255133 0.0192471 0.013747 0.00920925 0.00573344
