SBPRF35
12.7214
Curr Bio
760016
B35
884930
F35
0.173139
FOFL
0.151349
OFL
96810.4
Bzero
3.63469e+06
#pred survey bio
 3.23901e+06 3.1702e+06 3.10163e+06 2.96843e+06 2.80903e+06 2.58072e+06 2.35e+06 2.11214e+06 1.90502e+06 1.7109e+06 1.52492e+06 1.36653e+06 1.21152e+06 1.10876e+06 966249 845467 761664 704931 671787 629328 597694 578901 561557 555608 554980 539075 538078 527340 516355 519254 525879 522797 526537 541212 558578 577438 596598 608859 636493 644798 650133 657277 656857 660951 672767 682620 685866 686876 686867 698206 696534 732831 759855 758995 767462 765300 756410 760445 764709 2.74301e+07 1.67015e+07 1.72242e+07 1.82708e+07 1.96423e+07 2.11119e+07 2.25167e+07 2.3764e+07 2.48171e+07 2.56754e+07 2.63577e+07 2.68908e+07 2.73025e+07 2.76181e+07 2.78591e+07 2.80428e+07 2.81829e+07 2.82899e+07 2.8372e+07 2.84352e+07 2.84841e+07 2.8522e+07 2.85516e+07 2.85748e+07 2.85931e+07 2.86076e+07 2.86191e+07 2.86282e+07 2.86355e+07 2.86413e+07 2.8646e+07 2.86498e+07 2.86529e+07 2.86554e+07 2.86574e+07 2.8659e+07 2.86603e+07 2.86614e+07 2.86623e+07 2.8663e+07 2.86636e+07 2.86641e+07 2.86645e+07 2.86648e+07 2.8665e+07 2.86653e+07 2.86654e+07 2.86656e+07 2.86657e+07 2.86658e+07 2.86659e+07 2.86659e+07 2.8666e+07 2.8666e+07 2.86661e+07 2.86661e+07 2.86661e+07 2.86661e+07 2.86661e+07 2.86662e+07 2.86662e+07 2.86662e+07 2.86662e+07 2.86662e+07 2.86662e+07 2.86662e+07 2.86662e+07 2.86662e+07 2.86662e+07 2.86662e+07 2.86662e+07 2.86662e+07 2.86662e+07 2.86662e+07 2.86662e+07 2.86662e+07 2.86662e+07 2.86662e+07 2.86662e+07 2.86662e+07 2.86662e+07 2.86662e+07 2.86662e+07 2.86662e+07 2.86662e+07 2.86662e+07 2.86662e+07 2.86662e+07 2.86662e+07 2.86662e+07 2.86662e+07 2.86662e+07 2.86662e+07 2.86662e+07 2.86662e+07 2.86662e+07 2.86662e+07 2.86662e+07 2.86662e+07 2.86662e+07 0 0 0 0 0 0 0 0 0 0 0 0 0 0 0 0 0 0 0 0 0 0 0 0 0
#obs survey bio
 2.65642e+06 2.94973e+06 3.61451e+06 2.19844e+06 3.25636e+06 2.46911e+06 1.86625e+06 2.11024e+06 1.81899e+06 1.96506e+06 1.54287e+06 1.29536e+06 1.48395e+06 1.05900e+06 654470 483315 854751 633741 626157 609016 462205 558878 597927 605481 404917 457824 895727 418948 543301 526697 469300 418990 547416 474833 478792 680824 623019 694588 642434 739362 564190 816344 536942 779331 842567 634907 574414 647314 743725 629172 740360 932452 730891 775475 911984 753915 711265 658254 1.0912e+06
#pred catch bio
 88856.6 91035.9 157279 191096 266550 282975 303819 289474 289672 292093 275093 276575 232823 266624 243090 206653 179746 156876 161035 146809 131927 127176 114533 108374 119115 104014 110243 108439 96116.9 93942 103341 98987.2 92152.6 92810.7 94179 95702.2 102166 89848 106415 107880 105657 111620 107676 101780 104325 110423 112300 112974 103836 115402 83608 92284.9 114973 105913 114844 120320 110007 111603 100542 96810.4 111057 113385 119139 127615 136889 145703 153414 159789 164851 168749 171682 173851 175432 176571 177385 177963 178371 178657 178857 178997 179094 179162 179209 179241 179264 179279 179290 179297 179302 179306 179308 179310 179311 179312 179312 179313 179313 179313 179313 179313 179313 179313 179313 179313 179313 179313 179313 179313 179313 179313 179313 179313 179313 179313 179313 179313 179313 179313 179313 179313 179313 179313 179313 179313 179313 179313 179313 179313 179313 179313 179313 179313 179313 179313 179313 179313 179313 179313 179313 179313 179313 179313 179313 179313 179313 179313 179313 179313 179313 179313 179313 179313 179313 179313 179313 179313 179313 179313 179313 0 0 0 0 0 0 0 0 0 0 0 0 0 0 0 0 0 0 0 0 0 0 0 0 0
#obs catch bio
 0 90793.6 157938 191763 268362 284765 307465 292030 293404 294909 278432 282060 234447 270677 245798 210085 181152 158284 162996 148061 132789 128320 114770 107894 119851 103751 109343 108158 95755.4 93559.9 103284 99503.5 92871.5 93529.1 95268.2 96434 103084 89890.1 106695 107441 105385 111021 107513 101542 103970 110147 112210 112738 103303 115833 83305.4 91843.3 114798 105246 114282 119592 109531 111467 100444
#pred cpue bio
 3.19548e+06 3.12752e+06 3.05864e+06 2.92495e+06 2.76565e+06 2.53794e+06 2.30779e+06 2.07074e+06 1.86428e+06 1.67093e+06 1.4858e+06 1.32817e+06 1.17451e+06 1.07272e+06 932236 813244 730878 675353 643070 602011 571618 553673 537219 531854 531463 516188 515605 505387 494660 497399 503692 500324 503585 517700 534502 552924 571899 584213 611549 620024 625458 632568 632159 636069 647647 657349 660515 661536 661558 672594 670985 707003 734214 733634 741794 739535 730596 734181 738061 2.64906e+07 1.61383e+07 1.65356e+07 1.74488e+07 1.87797e+07 2.0241e+07 2.16444e+07 2.28915e+07 2.39446e+07 2.48028e+07 2.54851e+07 2.60182e+07 2.64299e+07 2.67456e+07 2.69865e+07 2.71702e+07 2.73103e+07 2.74174e+07 2.74995e+07 2.75626e+07 2.76115e+07 2.76494e+07 2.7679e+07 2.77023e+07 2.77206e+07 2.7735e+07 2.77465e+07 2.77556e+07 2.77629e+07 2.77688e+07 2.77735e+07 2.77773e+07 2.77803e+07 2.77828e+07 2.77848e+07 2.77864e+07 2.77878e+07 2.77888e+07 2.77897e+07 2.77904e+07 2.7791e+07 2.77915e+07 2.77919e+07 2.77922e+07 2.77925e+07 2.77927e+07 2.77929e+07 2.7793e+07 2.77931e+07 2.77932e+07 2.77933e+07 2.77934e+07 2.77934e+07 2.77935e+07 2.77935e+07 2.77935e+07 2.77935e+07 2.77936e+07 2.77936e+07 2.77936e+07 2.77936e+07 2.77936e+07 2.77936e+07 2.77936e+07 2.77936e+07 2.77936e+07 2.77936e+07 2.77936e+07 2.77936e+07 2.77936e+07 2.77936e+07 2.77936e+07 2.77936e+07 2.77936e+07 2.77936e+07 2.77936e+07 2.77936e+07 2.77937e+07 2.77937e+07 2.77937e+07 2.77937e+07 2.77937e+07 2.77937e+07 2.77937e+07 2.77937e+07 2.77937e+07 2.77937e+07 2.77937e+07 2.77937e+07 2.77937e+07 2.77937e+07 2.77937e+07 2.77937e+07 2.77937e+07 2.77937e+07 2.77937e+07 2.77937e+07 2.77937e+07 2.77937e+07 2.77937e+07 0 0 0 0 0 0 0 0 0 0 0 0 0 0 0 0 0 0 0 0 0 0 0 0 0
#obs cpue bio
 3.07028e+06 2.13699e+06 3.15944e+06 2.15208e+06 2.99909e+06 2.16638e+06 1.77862e+06 2.27561e+06 1.30858e+06 1.86624e+06 999622 854465 1.33489e+06 871764 1.3549e+06 822758 838314 551611 583295 614792 687371 470750 655632 712302 444252 840308 539566 489032 492454 517723 508827 383033 329411 537237 399055 534403 520494 666084 672301 874861 629844 737062 582119 564979 607996 707858 694608 841970 712285 527943 711072 821622 740625 900522 655760 940798 637087 769092 435353
#pred surv len freq
 0.00441128 0.00722649 0.010998 0.0157507 0.0213986 0.0276585 0.0340261 0.0399046 0.0448294 0.0486163 0.0513409 0.0532121 0.0544563 0.0552575 0.0557347 0.0559404 0.055873 0.0554888 0.0546854 0.0532524 0.0508349 0.0470015 0.0414609 0.034338 0.0263032
 0.0047304 0.00765427 0.0114773 0.0161819 0.0216794 0.0277399 0.0339467 0.0397731 0.0447589 0.0486531 0.0514345 0.0532462 0.0543189 0.054906 0.0552239 0.0554028 0.0554634 0.0553176 0.054769 0.0535043 0.0511066 0.0471525 0.0414215 0.0341294 0.0260082
 0.00480899 0.00784006 0.0118569 0.0168523 0.0227011 0.0290776 0.0354377 0.0411641 0.0458066 0.049228 0.0515565 0.0530304 0.0538821 0.0543085 0.0544799 0.0545326 0.0545329 0.0544295 0.054015 0.0529158 0.0506416 0.04673 0.0409771 0.0336533 0.0255415
 0.00494356 0.00804764 0.0121539 0.0172607 0.0232601 0.0298495 0.0364923 0.042534 0.0474313 0.050928 0.0530708 0.0541104 0.0543835 0.0542237 0.0539007 0.0535871 0.0533465 0.053119 0.0526886 0.0516597 0.049502 0.0457124 0.0400697 0.0328547 0.02487
 0.00510182 0.00830713 0.0125477 0.0178187 0.0240024 0.030778 0.0375878 0.043764 0.0487632 0.0523298 0.0544895 0.0554408 0.0554638 0.0548757 0.0539962 0.0530961 0.0523391 0.0517305 0.0510766 0.0499723 0.0478585 0.0441972 0.0387368 0.031738 0.0239886
 0.00533608 0.00868799 0.013121 0.0186275 0.0250786 0.0321293 0.039183 0.0455271 0.0505844 0.0540904 0.0560863 0.0567958 0.0565128 0.0555472 0.0542027 0.0527535 0.0514059 0.0502407 0.0491442 0.0477668 0.0455688 0.0419993 0.0367732 0.0301054 0.0227318
 0.00556131 0.00905822 0.0136861 0.0194374 0.0261747 0.0335298 0.0408675 0.0474283 0.0525946 0.056079 0.0579205 0.058358 0.0577105 0.0563134 0.0544864 0.0525085 0.0505924 0.0488469 0.0472161 0.0454262 0.043005 0.0394358 0.0344228 0.0281289 0.0212116
 0.00584286 0.00950945 0.0143538 0.0203625 0.0273871 0.0350393 0.0426515 0.0494242 0.0547029 0.058176 0.0598745 0.0600432 0.0590179 0.0571585 0.05481 0.0522714 0.0497702 0.0474328 0.0452391 0.0429771 0.0402513 0.0366086 0.0317724 0.0258658 0.0194575
 0.00608438 0.00990552 0.0149562 0.0212214 0.0285416 0.0365018 0.044393 0.0513702 0.0567451 0.0601942 0.0617541 0.0616823 0.060327 0.0580585 0.0552329 0.0521623 0.0490899 0.0461633 0.0433976 0.0406368 0.0375604 0.0337874 0.0290778 0.0235295 0.0176268
 0.00636847 0.0103586 0.0156223 0.0221375 0.029733 0.0379746 0.0461223 0.0532928 0.0587625 0.0621862 0.0635968 0.0632643 0.0615586 0.0588736 0.0555836 0.0520111 0.0484054 0.0449253 0.0416126 0.0383622 0.0349261 0.0309991 0.0263865 0.0211725 0.0157637
 0.00664698 0.0108164 0.0163199 0.0231326 0.0310669 0.0396522 0.0480936 0.0554498 0.0609586 0.0642685 0.0654332 0.0647549 0.0626353 0.0594934 0.0557221 0.0516554 0.0475474 0.0435616 0.0397558 0.0360634 0.0322999 0.0282323 0.0237147 0.0188251 0.0139001
 0.00679792 0.0110816 0.0167566 0.0238082 0.0320467 0.0409775 0.0497585 0.0573887 0.0630518 0.0663622 0.0673665 0.066384 0.0638517 0.0602317 0.0559551 0.0513813 0.0467768 0.0423102 0.0380496 0.0339569 0.0298979 0.025701 0.0212648 0.0166648 0.0121778
 0.00705245 0.0114813 0.0173334 0.0245866 0.0330447 0.0422062 0.0512156 0.0590475 0.0648521 0.0682075 0.0691306 0.0679281 0.0650466 0.0609789 0.056199 0.0511074 0.0460005 0.0410647 0.0363816 0.0319343 0.0276264 0.0233336 0.0189894 0.0146657 0.0105858
 0.00711302 0.0115989 0.0175453 0.0249386 0.0335796 0.042947 0.052153 0.060141 0.0660452 0.0694461 0.0703684 0.0691172 0.0661232 0.0618589 0.0567887 0.0513239 0.0457892 0.0404079 0.0352993 0.0304846 0.0259085 0.0214875 0.0171819 0.0130583 0.00929474
 0.00740976 0.012072 0.0182402 0.0258913 0.0348102 0.0444488 0.0538775 0.0619903 0.0678793 0.0711078 0.0717171 0.0700587 0.0666232 0.0619342 0.0564822 0.0506773 0.044829 0.0391492 0.0337624 0.0287132 0.0239835 0.0195285 0.0153322 0.0114539 0.00802819
 0.00762889 0.0124397 0.018814 0.0267296 0.0359577 0.0459134 0.0556103 0.063881 0.069775 0.0728445 0.0731494 0.0710774 0.0671644 0.0619835 0.0560703 0.0498669 0.0436935 0.0377556 0.0321663 0.0269701 0.0221645 0.0177298 0.0136678 0.0100306 0.00691602
 0.00778837 0.0126861 0.0191624 0.0271908 0.0365421 0.0466355 0.056486 0.064916 0.0709484 0.074097 0.0743835 0.0721735 0.0680056 0.0624798 0.056174 0.0495749 0.0430402 0.036799 0.0309751 0.0256177 0.0207308 0.0163052 0.0123487 0.00890334 0.00603594
 0.00789089 0.0128472 0.0193944 0.0275001 0.0369283 0.0470898 0.0569924 0.0654566 0.0715119 0.0746834 0.0749979 0.072809 0.068627 0.0630203 0.0565502 0.0497116 0.042892 0.0363601 0.0302771 0.0247203 0.0197127 0.0152558 0.011358 0.00804822 0.00536481
 0.0077727 0.0126828 0.0191983 0.027304 0.0367727 0.0470114 0.0570132 0.0655813 0.0717336 0.0749922 0.0753871 0.0732748 0.0691609 0.0635978 0.0571224 0.050208 0.0432356 0.0364893 0.030164 0.0243785 0.0191934 0.0146354 0.0107215 0.00747113 0.00489814
 0.0078105 0.0127316 0.0192499 0.0273465 0.0367985 0.0470268 0.0570425 0.0656597 0.0718895 0.0752302 0.0756843 0.0735926 0.0694646 0.0638684 0.0573541 0.0503943 0.0433576 0.0365152 0.0300616 0.0241327 0.0188184 0.0141751 0.0102375 0.00702462 0.00453311
 0.00788613 0.0128392 0.0193827 0.0274867 0.0369205 0.0471039 0.0570557 0.0656053 0.0717848 0.0751127 0.0756009 0.0735824 0.0695428 0.0640231 0.0575545 0.050604 0.0435422 0.0366434 0.0301058 0.0240739 0.0186548 0.0139275 0.00994587 0.00673572 0.00428556
 0.00781323 0.0127374 0.0192599 0.027359 0.0368053 0.0470105 0.056979 0.0655289 0.0716921 0.0750007 0.0754878 0.0735037 0.0695384 0.0641196 0.0577536 0.0508809 0.0438541 0.0369414 0.0303462 0.0242256 0.0187049 0.0138838 0.00983463 0.00659323 0.00414623
 0.00785085 0.0127751 0.0192743 0.0273176 0.0366788 0.0467908 0.0566902 0.0652223 0.0714247 0.0748109 0.0753846 0.0734748 0.0695678 0.0642014 0.0578915 0.0510775 0.0440998 0.0372109 0.0306033 0.0244344 0.0188408 0.0139401 0.00982328 0.00653864 0.00407568
 0.00792549 0.0128737 0.0193796 0.027396 0.0366861 0.0466833 0.0564392 0.0648271 0.0709207 0.0742681 0.0748917 0.0731131 0.0693861 0.0642059 0.0580547 0.0513566 0.0444507 0.037593 0.0309785 0.0247679 0.019105 0.0141213 0.00992449 0.00657692 0.00407477
 0.00779237 0.0126927 0.0191714 0.027198 0.036537 0.0466011 0.0564059 0.0647926 0.0708268 0.0740786 0.0746137 0.0727974 0.0691082 0.0640372 0.0580384 0.0514975 0.0447204 0.0379444 0.0313601 0.0251331 0.0194182 0.0143612 0.0100862 0.00666997 0.00411771
 0.00778672 0.0126787 0.0191433 0.0271526 0.0364801 0.0465536 0.0564026 0.0648675 0.0709891 0.0742948 0.074812 0.0728983 0.0690646 0.063858 0.0577825 0.051244 0.0445348 0.0378581 0.031369 0.0252089 0.0195241 0.0144649 0.0101672 0.00672136 0.00414309
 0.0077763 0.0126417 0.0190508 0.0269668 0.0361655 0.0460956 0.0558246 0.0642364 0.0704032 0.0738566 0.0745953 0.0729231 0.0692914 0.0642076 0.0581717 0.0516174 0.0448756 0.0381755 0.0316764 0.0255082 0.0198031 0.0147054 0.0103549 0.00685244 0.00422423
 0.0078922 0.0128196 0.019297 0.0272747 0.0365113 0.0464344 0.0560931 0.064365 0.0703405 0.0735949 0.0741818 0.072446 0.0688466 0.0638639 0.0579519 0.0515048 0.0448361 0.0381803 0.0317106 0.0255664 0.0198797 0.01479 0.0104344 0.00691639 0.00426833
 0.00802189 0.0130213 0.0195832 0.0276492 0.0369673 0.0469509 0.0566305 0.0648642 0.0707289 0.073802 0.0741603 0.0721901 0.0683988 0.0633045 0.0573737 0.0509838 0.0444143 0.037866 0.0314919 0.0254248 0.0197978 0.0147517 0.0104244 0.00692103 0.00427735
 0.00810433 0.0131371 0.0197239 0.0277968 0.0371001 0.0470538 0.0567016 0.0649143 0.070773 0.0738479 0.0742007 0.0722033 0.0683588 0.0631956 0.0572019 0.0507773 0.0442119 0.037701 0.0313811 0.0253677 0.0197831 0.0147643 0.0104501 0.00694904 0.00430107
 0.00818045 0.0132539 0.0198859 0.0280007 0.0373332 0.0472926 0.0569138 0.0650657 0.0708395 0.0738265 0.0741107 0.0720754 0.068219 0.0630542 0.0570557 0.0506203 0.0440464 0.0375404 0.0312434 0.0252665 0.019722 0.0147374 0.0104465 0.0069573 0.00431268
 0.00827722 0.013418 0.0201442 0.0283798 0.0378492 0.0479378 0.0576449 0.0658035 0.0714844 0.0742851 0.0743214 0.072023 0.0679331 0.0625953 0.0564943 0.0500193 0.0434533 0.0369883 0.0307561 0.0248606 0.0194055 0.0145082 0.0102935 0.00686367 0.00426032
 0.0082683 0.01341 0.0201453 0.0284042 0.0379174 0.0480738 0.0578705 0.0661295 0.0719003 0.0747522 0.0747754 0.072389 0.0681482 0.0626278 0.0563507 0.0497375 0.0430867 0.0365902 0.0303701 0.0245175 0.0191236 0.0142942 0.0101441 0.00676831 0.00420497
 0.00824715 0.0133631 0.0200527 0.0282426 0.0376699 0.0477438 0.0574927 0.0657689 0.0716365 0.0746541 0.0748775 0.0726787 0.0685683 0.0630945 0.056779 0.0500656 0.0432885 0.036674 0.0303657 0.0244618 0.019049 0.0142233 0.0100885 0.00673095 0.00418322
 0.00810563 0.0131604 0.0197972 0.0279568 0.0373803 0.0474676 0.0572307 0.0655125 0.0713845 0.0744284 0.0747247 0.0726531 0.0687066 0.0633943 0.0571958 0.0505275 0.0437219 0.0370257 0.0306142 0.0246138 0.019128 0.0142567 0.0100988 0.00673225 0.0041826
 0.00792812 0.012883 0.0194024 0.0274406 0.0367584 0.0467805 0.0565443 0.0649073 0.0709333 0.0741732 0.074669 0.0727748 0.0689783 0.0637948 0.0577052 0.0511145 0.0443383 0.0376142 0.0311246 0.025017 0.0194196 0.0144515 0.0102203 0.00680392 0.00422291
 0.00778053 0.0126456 0.0190504 0.0269543 0.0361293 0.0460202 0.0556941 0.0640406 0.0701458 0.0735623 0.0743096 0.072702 0.0691831 0.064234 0.0583183 0.0518383 0.0451127 0.0383821 0.0318336 0.0256249 0.0199023 0.0148061 0.0104615 0.00695618 0.00431227
 0.00774134 0.0125744 0.018929 0.0267606 0.0358408 0.0456217 0.0551858 0.0634432 0.0695014 0.0729304 0.0737596 0.0723025 0.068988 0.0642699 0.058578 0.0522844 0.0456879 0.0390217 0.0324745 0.0262134 0.0203999 0.0151933 0.0107385 0.00713805 0.00442184
 0.00754706 0.0122739 0.0185053 0.0262079 0.0351647 0.0448395 0.0543286 0.0625583 0.0686502 0.0721817 0.0731807 0.0719499 0.0689005 0.0644626 0.0590388 0.0529738 0.046543 0.0399648 0.0334245 0.0270972 0.0211619 0.0158021 0.0111878 0.00744331 0.00461194
 0.00754212 0.0122547 0.0184562 0.0261074 0.0349917 0.044581 0.0539861 0.0621478 0.0681962 0.0717099 0.072716 0.0715205 0.0685428 0.0642202 0.0589544 0.0530753 0.0468325 0.0404139 0.0339793 0.0276901 0.021727 0.0162885 0.0115678 0.00771295 0.00478558
 0.00753976 0.012253 0.0184565 0.02611 0.034992 0.0445667 0.053936 0.0620374 0.0680069 0.0714387 0.0723789 0.0711481 0.0681732 0.0638934 0.0587095 0.0529479 0.0468481 0.0405792 0.0342755 0.0280747 0.0221436 0.0166819 0.0118974 0.00795994 0.00495159
 0.00755521 0.0122692 0.0184646 0.0260973 0.0349461 0.0444812 0.0538147 0.0618915 0.0678482 0.0712724 0.0722026 0.0709578 0.0679708 0.0636921 0.0585331 0.0528262 0.0468098 0.0406441 0.0344471 0.0283352 0.0224568 0.0170024 0.0121841 0.00818667 0.00511094
 0.00761148 0.0123595 0.0185976 0.0262774 0.03517 0.0447335 0.0540657 0.0621018 0.0679794 0.0712993 0.0721195 0.0707755 0.0677101 0.0633778 0.0581932 0.052493 0.0465186 0.0404281 0.0343289 0.0283202 0.0225299 0.0171324 0.0123339 0.00832469 0.00521859
 0.00758188 0.0123205 0.0185558 0.0262453 0.0351633 0.0447657 0.0541433 0.0622201 0.0681218 0.0714401 0.0722293 0.0708298 0.0676952 0.063294 0.0580533 0.0523187 0.0463372 0.0402687 0.034218 0.0282743 0.0225506 0.0172056 0.0124349 0.00842773 0.00530495
 0.00754301 0.01225 0.0184373 0.0260621 0.0349053 0.0444404 0.0537821 0.061876 0.0678544 0.0712952 0.0722238 0.0709483 0.0678988 0.0635351 0.0582897 0.0525233 0.0465011 0.0403988 0.0343301 0.0283857 0.0226719 0.0173366 0.0125662 0.00854572 0.00539887
 0.0075198 0.0122142 0.0183864 0.0259927 0.0348122 0.0443148 0.0536143 0.0616614 0.0676026 0.0710348 0.0719987 0.0708035 0.0678628 0.0636089 0.0584482 0.0527271 0.0467123 0.0405925 0.0344978 0.0285312 0.0228033 0.0174594 0.0126796 0.00864433 0.00547704
 0.00747901 0.0121596 0.0183255 0.0259397 0.0347826 0.0443188 0.0536499 0.0617127 0.0676438 0.0710395 0.071951 0.0707064 0.0677395 0.063494 0.058373 0.052707 0.0467431 0.0406568 0.0345764 0.028611 0.0228796 0.0175317 0.0127474 0.00870507 0.00552714
 0.00748407 0.0121603 0.0183135 0.0259046 0.0347176 0.0442273 0.0535489 0.0616288 0.0676008 0.0710457 0.0719936 0.0707578 0.0677722 0.0634948 0.0583479 0.0526757 0.0467264 0.0406665 0.034612 0.0286642 0.0229404 0.0175927 0.0128038 0.00875399 0.00556645
 0.0075561 0.0122646 0.0184461 0.0260523 0.0348597 0.0443404 0.0536127 0.0616315 0.0675441 0.0709457 0.0718757 0.0706463 0.0676798 0.0634196 0.05828 0.0526074 0.0466591 0.0406084 0.0345724 0.0286472 0.0229437 0.01761 0.0128283 0.00877965 0.00558923
 0.00744701 0.0121113 0.0182596 0.0258563 0.0346827 0.0442026 0.0535171 0.0615649 0.0674873 0.0708866 0.0718172 0.0706049 0.0676765 0.0634686 0.0583815 0.0527479 0.0468187 0.0407696 0.0347246 0.0287861 0.0230677 0.0177174 0.012917 0.00884839 0.0056386
 0.00733559 0.0119475 0.0180463 0.0256105 0.0344339 0.0439882 0.0533751 0.0615242 0.067556 0.0710449 0.0720212 0.0708031 0.067831 0.0635676 0.0584371 0.052783 0.0468526 0.0408117 0.0347753 0.0288416 0.0231237 0.0177704 0.012964 0.00888725 0.00566807
 0.00708441 0.0115317 0.0174095 0.024703 0.0332326 0.0425241 0.0517548 0.0599268 0.0661955 0.0701119 0.0716305 0.0709702 0.0684806 0.0645666 0.0596361 0.0540501 0.0480911 0.0419602 0.035798 0.0297191 0.0238471 0.01834 0.013389 0.00918499 0.00586222
 0.00706882 0.0114792 0.0172787 0.0244351 0.0327612 0.0417949 0.0507494 0.0586815 0.0648092 0.0687386 0.0704543 0.0701642 0.0681618 0.0647642 0.0602886 0.0550317 0.0492522 0.0431639 0.036941 0.0307347 0.0246997 0.0190173 0.0138961 0.00954039 0.00609349
 0.00720621 0.011699 0.0175999 0.0248646 0.0332819 0.0423525 0.0512454 0.0589854 0.064794 0.0683285 0.0696627 0.0691016 0.0670098 0.0637242 0.0595245 0.0546288 0.0492061 0.0434 0.0373515 0.0312142 0.0251669 0.0194214 0.0142143 0.00977044 0.0062462
 0.00718527 0.0116796 0.0175983 0.0249058 0.0333945 0.0425573 0.051543 0.0593449 0.0651497 0.0685871 0.0697259 0.0689 0.0665368 0.0630515 0.0587868 0.0539807 0.04877 0.0432307 0.0374293 0.031467 0.0255044 0.0197644 0.0145104 0.00999614 0.00640062
 0.00725676 0.0117837 0.0177332 0.0250649 0.0335711 0.0427518 0.0517655 0.0596093 0.0654605 0.0689239 0.0700355 0.0691037 0.0665536 0.0628315 0.0583391 0.0533805 0.0481378 0.0426898 0.0370636 0.0312992 0.0255016 0.0198642 0.014649 0.0101278 0.00650251
 0.00740319 0.01201 0.0180513 0.0254752 0.0340611 0.043294 0.0523183 0.0601236 0.0658915 0.0692436 0.0702348 0.069182 0.0665036 0.0626336 0.0579732 0.0528487 0.047483 0.0419939 0.0364233 0.030792 0.0251615 0.019679 0.0145772 0.0101208 0.00652171
 0.007409 0.0120309 0.0181035 0.0255805 0.0342401 0.043557 0.0526568 0.0605086 0.0662809 0.0695942 0.0705137 0.0693716 0.0665986 0.0626321 0.0578698 0.0526355 0.0471608 0.0415861 0.0359798 0.0303761 0.0248274 0.0194526 0.0144522 0.0100698 0.00651259
 0.00724955 0.0118065 0.0178311 0.0252999 0.0340055 0.043422 0.0526599 0.0606645 0.0665781 0.0699974 0.0709702 0.0698222 0.0669906 0.062929 0.0580523 0.052698 0.0471071 0.0414299 0.0357489 0.030112 0.0245765 0.0192517 0.0143177 0.00999667 0.00648279
#obs surv len freq
 nan nan nan nan nan nan nan nan nan nan nan nan nan nan nan nan nan nan nan nan nan nan nan nan nan
 0.00448599 0.00734781 0.011178 0.0159942 0.0216942 0.0279686 0.0342815 0.0400117 0.0446907 0.0481543 0.0505124 0.0520086 0.0529013 0.0534142 0.0537288 0.053984 0.0542628 0.0545557 0.0546945 0.0542865 0.0527246 0.0493567 0.0438064 0.0362864 0.02767
 0.0046109 0.0075544 0.0114951 0.0164496 0.0223077 0.0287414 0.0351856 0.0409874 0.0456553 0.0490196 0.051201 0.0524659 0.0531 0.053354 0.0534321 0.053488 0.0536108 0.0537901 0.0538541 0.053408 0.0518466 0.0485221 0.0430597 0.0356653 0.0271953
 0.00477849 0.00782606 0.0119027 0.0170227 0.0230689 0.0296975 0.0363176 0.042245 0.0469596 0.0502736 0.0523037 0.0533252 0.0536445 0.0535415 0.0532534 0.0529648 0.0527884 0.052728 0.0526186 0.052069 0.0504789 0.0472057 0.0418737 0.0346751 0.0264371
 0.00497031 0.00814164 0.0123844 0.0177118 0.0239971 0.0308732 0.0377134 0.0437937 0.0485647 0.0518276 0.0537031 0.0544777 0.0544706 0.0539772 0.0532564 0.0525208 0.0519151 0.0514743 0.0510599 0.050303 0.0486212 0.0453838 0.0402138 0.0332803 0.0253652
 0.00517137 0.00847167 0.0128872 0.0184311 0.0249685 0.0321122 0.0392013 0.0454711 0.050338 0.0535841 0.0553287 0.0558676 0.0555349 0.0546425 0.0534662 0.0522379 0.0511273 0.0502015 0.0493617 0.0482813 0.0464184 0.0431704 0.0381646 0.0315406 0.0240199
 0.00540536 0.00885364 0.0134651 0.0192508 0.0260654 0.0334979 0.0408497 0.0473134 0.0522716 0.0554921 0.0570961 0.0573913 0.056726 0.0554261 0.053781 0.0520367 0.050381 0.0489076 0.0475575 0.0460581 0.0439271 0.0406114 0.035756 0.0294719 0.0224074
 0.00564955 0.00925257 0.0140692 0.0201083 0.0272136 0.0349486 0.0425745 0.0492384 0.054288 0.0574766 0.0589309 0.0589741 0.0579725 0.056267 0.0541583 0.0519017 0.0496955 0.0476527 0.0457501 0.0437716 0.0413058 0.0378663 0.0331314 0.0271901 0.0206127
 0.00590242 0.00966618 0.0146964 0.0209998 0.0284083 0.0364585 0.0443685 0.0512369 0.0563745 0.05952 0.0608071 0.0605783 0.0592219 0.0570987 0.0545237 0.0517607 0.0490138 0.0464079 0.0439473 0.041468 0.0386331 0.0350321 0.0303899 0.0247825 0.0187033
 0.00614047 0.0100593 0.0152994 0.0218677 0.0295852 0.0379604 0.0461661 0.0532493 0.0584811 0.0615841 0.0626987 0.062188 0.0604649 0.0579135 0.0548672 0.0516017 0.0483277 0.0451777 0.0421769 0.0392058 0.035997 0.0322184 0.0276476 0.0223561 0.0167657
 0.00640045 0.0104826 0.0159379 0.0227702 0.0307893 0.0394774 0.0479659 0.055254 0.0605739 0.0636301 0.0645664 0.0637639 0.0616609 0.058668 0.0551419 0.0513745 0.0475857 0.0439156 0.0404057 0.0369732 0.0334127 0.0294647 0.0249603 0.019971 0.014854
 0.00660845 0.0108304 0.0164788 0.0235597 0.0318729 0.0408727 0.0496443 0.0571363 0.0625429 0.0655556 0.0663263 0.0652555 0.0628032 0.0594009 0.0554242 0.0511809 0.0469034 0.0427428 0.0387577 0.0348987 0.0310141 0.0269091 0.0224632 0.0177498 0.0130683
 0.00681916 0.0111717 0.0169909 0.0242804 0.0328326 0.0420846 0.0510929 0.0587697 0.0642759 0.0672814 0.0679321 0.066637 0.0638743 0.0600983 0.0557068 0.0510249 0.0462974 0.0416867 0.0372681 0.0330228 0.0288468 0.0246014 0.0202085 0.0157429 0.0114529
 0.00706507 0.0115723 0.0175946 0.0251307 0.0339574 0.0434807 0.0527122 0.0605182 0.0660315 0.0689215 0.0693555 0.0677706 0.0646697 0.0605248 0.0557464 0.0506693 0.0455463 0.0405476 0.0357621 0.0311964 0.026787 0.0224434 0.0181225 0.013899 0.00997513
 0.00727898 0.0119268 0.0181401 0.0259175 0.0350236 0.0448344 0.054314 0.0622755 0.0678127 0.0705834 0.0707713 0.0688481 0.0653566 0.0608045 0.055627 0.0501717 0.0446941 0.039365 0.0342789 0.02946 0.0248766 0.0204765 0.0162448 0.0122536 0.00866429
 0.00744908 0.0122073 0.0185698 0.0265357 0.0358632 0.0459101 0.0556088 0.0637339 0.0693446 0.0720777 0.0721124 0.0699317 0.0661028 0.0611663 0.0555916 0.0497544 0.0439274 0.038289 0.0329384 0.0279103 0.0231939 0.0187641 0.0146252 0.0108446 0.00754774
 0.00752087 0.0123277 0.0187586 0.0268154 0.036257 0.0464375 0.0562793 0.0645421 0.0702681 0.073076 0.0731281 0.0708929 0.066929 0.0617791 0.0559275 0.0497739 0.0436196 0.0376688 0.032042 0.0267929 0.0219306 0.0174502 0.0133677 0.00974335 0.00667179
 0.00760074 0.012447 0.0189191 0.0270137 0.0364879 0.0466995 0.0565777 0.0648888 0.0706765 0.0735553 0.0736762 0.0714907 0.0675384 0.0623437 0.05638 0.0500476 0.0436613 0.0374496 0.0315631 0.0260869 0.0210592 0.0164978 0.0124299 0.00890842 0.00600119
 0.00768442 0.0125788 0.0191089 0.0272659 0.0367987 0.0470541 0.05695 0.0652463 0.0709915 0.0738169 0.0738947 0.0716908 0.0677438 0.0625617 0.0565931 0.0502153 0.0437303 0.0373692 0.0313013 0.0256415 0.020462 0.0158105 0.011731 0.00827378 0.00548534
 0.00771541 0.0126255 0.0191726 0.027346 0.0368939 0.0471638 0.057074 0.0653839 0.0711392 0.0739685 0.0740443 0.0718368 0.0678911 0.0627189 0.0567637 0.0503886 0.0438771 0.0374474 0.0312684 0.0254714 0.0201573 0.0154052 0.0112817 0.00784294 0.00512255
 0.00777183 0.0127098 0.0192856 0.0274831 0.0370463 0.0473198 0.0572221 0.0655136 0.0712438 0.0740461 0.0740982 0.0718736 0.0679186 0.0627451 0.0567951 0.0504272 0.043916 0.0374678 0.0312424 0.0253724 0.0199726 0.0151454 0.0109796 0.0075421 0.00486191
 0.0078034 0.0127584 0.0193532 0.0275694 0.0371476 0.0474293 0.0573296 0.0656074 0.0713138 0.0740874 0.074113 0.0718705 0.0679088 0.0627389 0.0567992 0.0504434 0.0439405 0.0374897 0.0312446 0.0253351 0.0198818 0.0150006 0.010797 0.00734941 0.00468766
 0.00784586 0.0128221 0.0194392 0.027675 0.0372669 0.0475544 0.0574514 0.0657161 0.0713996 0.0741424 0.074133 0.0718567 0.0678681 0.062682 0.0567382 0.0503882 0.043896 0.0374542 0.0312097 0.025288 0.0198107 0.0149007 0.0106743 0.00721923 0.00456801
 0.00786989 0.0128593 0.0194917 0.0277429 0.0373481 0.0476442 0.0575423 0.0657989 0.0714656 0.0741857 0.0741518 0.0718527 0.0678454 0.0626456 0.0566938 0.0503418 0.0438528 0.0374165 0.0311753 0.0252508 0.0197631 0.0148378 0.0105975 0.00713636 0.00449019
 0.00790226 0.0129076 0.0195563 0.0278212 0.0374354 0.0477346 0.0576299 0.0658777 0.0715296 0.0742297 0.0741725 0.0718494 0.0678199 0.0626022 0.056638 0.0502798 0.04379 0.037357 0.0311207 0.0251996 0.0197117 0.014783 0.0105388 0.00707713 0.00443601
 0.00787605 0.0128677 0.0195012 0.0277516 0.0373538 0.0476457 0.05754 0.0657954 0.0714648 0.0741919 0.0741681 0.07188 0.0678814 0.0626857 0.0567326 0.050375 0.0438782 0.0374333 0.0311827 0.0252457 0.0197409 0.014795 0.0105353 0.0070623 0.00441575
 0.00788062 0.0128683 0.0194897 0.027717 0.0372859 0.0475401 0.057403 0.0656433 0.0713197 0.0740748 0.0740936 0.0718549 0.0679051 0.062752 0.0568309 0.0504925 0.0440015 0.0375511 0.0312864 0.0253303 0.0198038 0.0148362 0.0105572 0.00706906 0.00441293
 0.00789918 0.0128946 0.0195219 0.0277495 0.0373099 0.0475445 0.0573764 0.0655777 0.0712147 0.0739404 0.0739499 0.0717262 0.0678129 0.062709 0.0568387 0.0505436 0.0440827 0.0376474 0.0313838 0.025418 0.019875 0.014888 0.0105901 0.00708643 0.00441933
 0.00789205 0.0128821 0.0195012 0.0277177 0.037264 0.0474827 0.057299 0.0654869 0.0711141 0.0738349 0.0738461 0.0716334 0.0677432 0.0626745 0.0568482 0.0505988 0.0441771 0.037768 0.0315148 0.0255441 0.0199844 0.0149743 0.0106516 0.00712562 0.00444134
 0.00785554 0.0128253 0.0194206 0.0276118 0.0371342 0.0473335 0.0571384 0.0653266 0.0709677 0.0737146 0.0737608 0.0715873 0.0677368 0.0627066 0.0569174 0.0507027 0.0443116 0.037925 0.0316822 0.0257077 0.0201312 0.0150947 0.0107417 0.00718695 0.00447899
 0.00785678 0.0128199 0.0193991 0.0275615 0.0370428 0.0471956 0.0569598 0.065125 0.0707672 0.0735391 0.073628 0.0715066 0.0677099 0.06273 0.0569847 0.0508066 0.0444445 0.0380784 0.0318464 0.0258711 0.0202818 0.0152226 0.0108412 0.00725731 0.00452404
 0.00782382 0.0127692 0.0193277 0.0274677 0.0369253 0.0470525 0.0567901 0.0649308 0.0705576 0.073332 0.0734472 0.0713767 0.0676488 0.0627443 0.0570692 0.0509481 0.0446261 0.0382832 0.0320588 0.026077 0.0204688 0.0153809 0.0109652 0.00734644 0.0045824
 0.00780021 0.0127269 0.0192571 0.0273584 0.0367697 0.0468504 0.0565525 0.0646784 0.0703153 0.0731213 0.073283 0.0712677 0.0676011 0.0627622 0.0571537 0.0510943 0.044822 0.0385118 0.0323007 0.0263137 0.0206844 0.0155639 0.0111091 0.00745076 0.00465152
 0.00774733 0.012645 0.0191413 0.0272063 0.0365813 0.0466281 0.0563019 0.0644107 0.0700483 0.072878 0.0730877 0.0711406 0.0675538 0.062797 0.057265 0.0512715 0.045051 0.0387757 0.0325801 0.0265885 0.0209362 0.0157784 0.0112785 0.00757403 0.00473365
 0.00774816 0.0126394 0.0191203 0.0271576 0.0364931 0.0464942 0.0561259 0.0642058 0.0698327 0.0726699 0.072902 0.0709894 0.0674483 0.062747 0.0572774 0.0513474 0.0451852 0.0389566 0.0327915 0.0268114 0.0211513 0.0159692 0.011434 0.00768993 0.00481239
 0.00770545 0.0125752 0.019033 0.0270484 0.0363638 0.046346 0.0559585 0.0640201 0.0696344 0.0724716 0.0727218 0.070847 0.0673592 0.0627201 0.0573148 0.0514462 0.0453386 0.0391538 0.0330179 0.0270492 0.0213815 0.0161747 0.0116027 0.00781676 0.00489924
 0.00768786 0.012541 0.0189718 0.0269481 0.0362153 0.0461487 0.0557247 0.063773 0.0694008 0.0722728 0.0725694 0.0707444 0.0673069 0.062719 0.0573662 0.0515501 0.0454911 0.0393469 0.0332392 0.0272827 0.0216096 0.0163807 0.0117738 0.00794684 0.00498927
 0.00765745 0.0124975 0.0189167 0.0268851 0.0361476 0.0460753 0.0556392 0.0636668 0.0692694 0.0721212 0.072413 0.0706033 0.0671993 0.0626563 0.0573531 0.0515866 0.0455747 0.0394724 0.0333979 0.0274621 0.0217941 0.016554 0.0119225 0.00806292 0.0050714
 0.00764777 0.0124787 0.0188831 0.0268307 0.0360685 0.0459733 0.0555231 0.0635502 0.0691643 0.0720329 0.072339 0.0705384 0.067142 0.0626114 0.0573299 0.0515945 0.0456194 0.0395545 0.0335128 0.0276005 0.0219431 0.0166993 0.012051 0.00816586 0.00514581
 0.00762284 0.0124414 0.0188328 0.0267683 0.0359955 0.0458904 0.0554304 0.0634487 0.0690586 0.0719315 0.0722524 0.0704753 0.0671054 0.0625998 0.0573403 0.0516255 0.0456725 0.0396316 0.0336137 0.0277206 0.0220734 0.016828 0.0121666 0.00825981 0.00521471
 0.00758322 0.0123802 0.0187469 0.0266576 0.0358633 0.0457439 0.0552804 0.0633081 0.0689394 0.0718419 0.0721956 0.0704506 0.0671108 0.0626327 0.0573977 0.0517036 0.0457676 0.0397409 0.0337348 0.0278501 0.0222055 0.0169545 0.0122786 0.00835052 0.00528133
 0.00760368 0.012407 0.0187754 0.0266793 0.0358685 0.0457252 0.0552359 0.063242 0.0688599 0.0717586 0.0721165 0.0703811 0.0670538 0.0625901 0.0573707 0.0516939 0.0457763 0.0397684 0.0337803 0.0279111 0.0222775 0.0170308 0.0123514 0.00841308 0.00532949
 0.00756731 0.0123576 0.0187185 0.0266253 0.035828 0.0457034 0.0552288 0.0632378 0.0688456 0.0717269 0.0720695 0.0703283 0.0670069 0.0625582 0.0573581 0.051701 0.0458015 0.0398095 0.033835 0.0279765 0.0223493 0.0171036 0.0124192 0.00847058 0.00537353
 0.00755148 0.0123265 0.0186626 0.0265344 0.0356966 0.0455367 0.0550461 0.0630687 0.0687188 0.0716585 0.0720576 0.0703583 0.0670611 0.0626241 0.057431 0.0517804 0.045888 0.0399027 0.0339327 0.0280755 0.0224457 0.0171928 0.0124968 0.00853322 0.0054199
 0.0075178 0.012275 0.0185906 0.0264409 0.0355806 0.0453973 0.0548833 0.0628872 0.0685316 0.0714876 0.0719291 0.0702931 0.0670671 0.062694 0.0575471 0.0519234 0.0460425 0.0400588 0.0340843 0.0282184 0.0225758 0.0173064 0.0125906 0.00860576 0.00547175
 0.00752654 0.0122861 0.0186017 0.0264477 0.0355785 0.0453821 0.0548526 0.0628399 0.0684671 0.0714057 0.071833 0.0701913 0.066974 0.0626257 0.0575155 0.0519314 0.0460846 0.0401248 0.0341639 0.0283028 0.0226586 0.0173825 0.012656 0.00865788 0.00550994
 0.00750169 0.0122506 0.0185571 0.0263982 0.0355291 0.0453363 0.0548108 0.0627996 0.0684252 0.0713606 0.071785 0.0701429 0.0669296 0.0625913 0.0574985 0.0519387 0.0461196 0.0401858 0.034244 0.0283927 0.0227488 0.0174653 0.0127263 0.00871289 0.00554949
 0.00751236 0.0122635 0.0185686 0.0264029 0.0355219 0.0453155 0.05478 0.0627662 0.0683965 0.0713393 0.0717684 0.070125 0.0669051 0.0625591 0.0574626 0.0519069 0.0461005 0.0401855 0.0342645 0.028431 0.0227983 0.017518 0.0127752 0.00875341 0.00557969
 0.00748542 0.0122253 0.0185213 0.0263513 0.0354715 0.0452695 0.0547378 0.062725 0.0683544 0.0712988 0.0717356 0.0701064 0.0669036 0.0625726 0.0574859 0.0519355 0.0461328 0.0402232 0.0343096 0.0284839 0.0228565 0.0175765 0.0128284 0.0087971 0.00561201
 0.0074921 0.0122328 0.0185268 0.0263508 0.0354616 0.0452503 0.0547134 0.0627023 0.068339 0.0712915 0.0717325 0.0701019 0.0668943 0.062559 0.0574712 0.0519228 0.0461246 0.040221 0.0343152 0.0284982 0.0228789 0.0176045 0.0128579 0.00882399 0.00563347
 0.0074921 0.0122328 0.0185268 0.0263508 0.0354616 0.0452503 0.0547134 0.0627023 0.068339 0.0712915 0.0717325 0.0701019 0.0668943 0.062559 0.0574712 0.0519228 0.0461246 0.040221 0.0343152 0.0284982 0.0228789 0.0176045 0.0128579 0.00882399 0.00563347
 0.0072114 0.011789 0.0178838 0.0254881 0.0343842 0.0439999 0.0533788 0.0614156 0.067252 0.0705389 0.0713982 0.0702033 0.0673869 0.0633551 0.0584639 0.0530077 0.0472145 0.0412513 0.0352432 0.0292993 0.0235418 0.0181284 0.0132504 0.00910012 0.0058141
 0.00720729 0.011748 0.0177588 0.0252148 0.0338976 0.0432614 0.052401 0.0602702 0.0660576 0.069435 0.0705173 0.0696487 0.0672165 0.0635729 0.0590219 0.0538195 0.0481753 0.0422592 0.0362138 0.0301726 0.024282 0.0187203 0.0136959 0.00941367 0.00601888
 0.00730377 0.0119129 0.0180183 0.0255878 0.0343791 0.0438025 0.0528996 0.0605886 0.0660679 0.0690725 0.0698132 0.0687224 0.0662356 0.0627028 0.0583846 0.0534725 0.0481114 0.0424228 0.0365248 0.0305495 0.0246585 0.0190523 0.0139609 0.00960721 0.00614835
 0.00726572 0.0118663 0.0179774 0.025578 0.0344329 0.0439503 0.0531557 0.0609364 0.0664502 0.0693953 0.069969 0.0686307 0.0658816 0.0621507 0.0577575 0.0529077 0.0477149 0.0422419 0.0365466 0.0307194 0.0249061 0.0193138 0.0141923 0.00978671 0.00627276
 0.00728361 0.011892 0.0180107 0.0256188 0.0344842 0.0440218 0.0532649 0.0611039 0.0666888 0.069695 0.0702869 0.0688935 0.0660055 0.0620748 0.0574745 0.0524738 0.0472311 0.0418151 0.0362517 0.0305802 0.0248999 0.0193922 0.0143044 0.00989491 0.00635749
 0.00725835 0.0118571 0.0179694 0.0255777 0.034451 0.0440028 0.0532638 0.0611242 0.0667368 0.0697817 0.0704219 0.0690739 0.0662053 0.0622448 0.0575583 0.0524346 0.0470728 0.0415849 0.0360196 0.0304074 0.0248159 0.0193909 0.0143566 0.00996655 0.00642364
 0.00725168 0.0118463 0.0179533 0.0255561 0.0344256 0.0439781 0.0532471 0.0611238 0.0667594 0.0698302 0.0704958 0.0691706 0.0663197 0.0623654 0.0576633 0.0524945 0.047063 0.0415008 0.0358836 0.0302608 0.0246994 0.0193265 0.0143428 0.00998626 0.00645608
 0.00715532 0.0116931 0.0177299 0.0252541 0.0340454 0.0435337 0.0527702 0.0606629 0.0663717 0.0695672 0.0703913 0.069234 0.0665366 0.0627035 0.0580781 0.0529363 0.0474835 0.0418623 0.0361675 0.0304704 0.0248539 0.0194483 0.0144466 0.0100757 0.00652857
#pred catch len freq
 0.0032812 0.00531219 0.00798831 0.0113461 0.015423 0.0202128 0.0256031 0.0313605 0.037177 0.0427348 0.0477552 0.0520353 0.0554743 0.0580706 0.0598866 0.0610052 0.0614992 0.0614089 0.0607009 0.0592015 0.0565565 0.05231 0.0461508 0.0382247 0.0292813
 0.00353089 0.00565102 0.00837726 0.0117152 0.0157006 0.0203662 0.0256619 0.0314005 0.037269 0.0428905 0.0479077 0.0520703 0.0552922 0.0576452 0.0592902 0.0603871 0.0610295 0.0612075 0.060784 0.0594723 0.0568495 0.0524691 0.0460989 0.0379858 0.0289477
 0.00362992 0.00584619 0.00872858 0.0122849 0.0165211 0.0214004 0.0267849 0.0324299 0.0380383 0.0433213 0.0480272 0.0519616 0.0550213 0.0572257 0.058707 0.0596528 0.0602176 0.060436 0.0601568 0.0590235 0.0565286 0.0521799 0.045763 0.0375863 0.0285272
 0.0037667 0.00605771 0.00903202 0.0127028 0.0170924 0.0221858 0.0278509 0.033805 0.0396593 0.045009 0.049525 0.0530271 0.0555159 0.0571429 0.0581344 0.0587115 0.0590286 0.0591166 0.058821 0.0577635 0.0553925 0.0511694 0.0448597 0.0367847 0.0278456
 0.00394842 0.00634701 0.00945576 0.0132817 0.0178384 0.0231005 0.0289267 0.0350311 0.0410261 0.0464984 0.0510803 0.0545221 0.0567567 0.0579201 0.0582993 0.0582282 0.0579735 0.057639 0.0570951 0.0559526 0.0536277 0.0495425 0.0434283 0.0355842 0.0268964
 0.00417581 0.0067099 0.0099903 0.0140196 0.0188046 0.0243067 0.0303616 0.0366518 0.0427591 0.0482513 0.0527581 0.0560357 0.0580163 0.0588205 0.0587181 0.0580521 0.057144 0.0561876 0.0551459 0.0536925 0.051264 0.047266 0.0413912 0.0338884 0.0255889
 0.00441026 0.00708616 0.0105487 0.0147978 0.0198347 0.0256091 0.031934 0.0384586 0.0447271 0.0502737 0.0547066 0.0577777 0.0594325 0.0598132 0.0592073 0.0579674 0.056428 0.0548193 0.0531728 0.0512489 0.0485593 0.0445467 0.0388906 0.0317821 0.0239672
 0.00467593 0.00750627 0.0111606 0.0156329 0.0209185 0.0269592 0.033552 0.0403196 0.0467709 0.0524036 0.0567958 0.0596829 0.0610121 0.0609449 0.0597971 0.0579488 0.0557571 0.0534786 0.0511896 0.048722 0.0456739 0.041558 0.0360746 0.0293704 0.0220946
 0.00492619 0.00790744 0.0117548 0.016458 0.0220048 0.0283226 0.0351843 0.0421811 0.0487911 0.0544878 0.0588333 0.061554 0.0625951 0.0621236 0.0604698 0.0580338 0.0551968 0.0522449 0.0492978 0.0462529 0.0427929 0.0385117 0.0331502 0.0268272 0.0200979
 0.00522627 0.00837852 0.012434 0.017373 0.0231742 0.029755 0.0368712 0.0440862 0.0508442 0.0565863 0.0608536 0.0633675 0.0640841 0.0631908 0.0610386 0.0580435 0.0545994 0.05101 0.0474293 0.0438142 0.0399307 0.035458 0.0301884 0.0242254 0.0180374
 0.00551035 0.00883525 0.0131124 0.0183167 0.0244155 0.0313041 0.038704 0.0461369 0.0530103 0.0587434 0.0628711 0.0651218 0.0654677 0.064119 0.0614515 0.0579019 0.0538783 0.0496968 0.045534 0.0413933 0.0371139 0.0324568 0.0272696 0.0216492 0.015986
 0.00571489 0.00917366 0.0136341 0.0190751 0.0254619 0.032675 0.0404035 0.0481221 0.0551865 0.0609723 0.06499 0.0669692 0.066908 0.0650581 0.0618382 0.0577174 0.0531229 0.0483815 0.0436855 0.0390729 0.0344415 0.029623 0.024516 0.0192148 0.0140419
 0.00593379 0.00951563 0.0141252 0.019737 0.0263162 0.0337469 0.041717 0.0496861 0.0569754 0.0629109 0.0669521 0.0687935 0.068428 0.0661335 0.0623755 0.0576739 0.052497 0.047199 0.0419934 0.0369467 0.0320017 0.0270452 0.0220161 0.0170053 0.0122752
 0.00612371 0.0098238 0.0145875 0.0203852 0.0271714 0.0348098 0.042961 0.0510591 0.0584137 0.0643551 0.0683513 0.0700955 0.0695646 0.0670162 0.0629069 0.0577691 0.0521015 0.0462982 0.0406134 0.0351561 0.0299157 0.0248262 0.0198574 0.0150936 0.0107441
 0.00644603 0.0103294 0.015315 0.021361 0.0284081 0.0363022 0.0446752 0.0529214 0.0603076 0.0661347 0.0698698 0.0712378 0.0702694 0.0672755 0.0627444 0.0572133 0.0511705 0.0450033 0.0389759 0.0332269 0.0277893 0.022642 0.0177823 0.0132861 0.00931299
 0.00665029 0.0106664 0.0158319 0.0221056 0.0294209 0.037602 0.0462432 0.0546919 0.0621712 0.0679525 0.071492 0.0725239 0.0711104 0.0676122 0.0625745 0.0565805 0.0501412 0.0436447 0.0373487 0.0313945 0.0258355 0.0206807 0.015948 0.0117059 0.00807166
 0.00678677 0.0108769 0.0161297 0.022502 0.0299313 0.0382513 0.0470639 0.0557101 0.0633847 0.0693118 0.0728958 0.0738348 0.0721839 0.068328 0.0628579 0.0564103 0.0495436 0.0426785 0.0360893 0.0299262 0.0242523 0.0190891 0.0144623 0.0104291 0.00707084
