SBPRF35
7.78865
Curr Bio
566908
B35
690819
F35
0.225523
FOFL
0.185632
OFL
81583.6
Bzero
2.22533e+006
#pred survey bio
 4.53841e+006 4.26699e+006 4.01416e+006 3.71215e+006 3.40823e+006 3.07419e+006 2.77303e+006 2.44299e+006 2.14713e+006 1.89718e+006 1.6546e+006 1.46305e+006 1.28642e+006 1.14349e+006 1.01787e+006 907912 820017 754413 708021 657389 633866 631457 625412 596449 586549 582272 586052 589090 586498 584256 585298 591787 588326 575352 565821 563956 551634 548220 540551 534374 540276 549895 557393 566002 564198 571206 572956 571859 576170 581242 579581 552057 554337 567065 557481 566947 2.0111e+007 1.24088e+007 1.2862e+007 1.35369e+007 1.42989e+007 1.50205e+007 1.56387e+007 1.61357e+007 1.6519e+007 1.68064e+007 1.70183e+007 1.7173e+007 1.72853e+007 1.73669e+007 1.74263e+007 1.74697e+007 1.75016e+007 1.75252e+007 1.75427e+007 1.75559e+007 1.75657e+007 1.75732e+007 1.75789e+007 1.75832e+007 1.75865e+007 1.7589e+007 1.75909e+007 1.75924e+007 1.75936e+007 1.75944e+007 1.75951e+007 1.75956e+007 1.7596e+007 1.75963e+007 1.75966e+007 1.75968e+007 1.75969e+007 1.7597e+007 1.75971e+007 1.75972e+007 1.75972e+007 1.75973e+007 1.75973e+007 1.75973e+007 1.75973e+007 1.75974e+007 1.75974e+007 1.75974e+007 1.75974e+007 1.75974e+007 1.75974e+007 1.75974e+007 1.75974e+007 1.75974e+007 1.75974e+007 1.75974e+007 1.75974e+007 1.75974e+007 1.75974e+007 1.75974e+007 1.75974e+007 1.75974e+007 1.75974e+007 1.75974e+007 1.75974e+007 1.75974e+007 1.75974e+007 1.75974e+007 1.75974e+007 1.75974e+007 1.75974e+007 1.75974e+007 1.75974e+007 1.75974e+007 1.75974e+007 1.75974e+007 1.75974e+007 1.75974e+007 1.75974e+007 1.75974e+007 1.75974e+007 1.75974e+007 1.75974e+007 1.75974e+007 1.75974e+007 1.75974e+007 1.75974e+007 1.75974e+007 1.75974e+007 1.75974e+007 1.75974e+007 1.75974e+007 1.75974e+007 1.75974e+007 1.75974e+007 1.75974e+007 1.75974e+007 1.75974e+007 1.75974e+007 1.75974e+007 0 0 0 0 0 0 0 0 0 0 0 0 0 0 0 0 0 0 0 0 0 0 0 0 0
#obs survey bio
 3.57368e+006 3.97178e+006 3.11569e+006 2.49846e+006 2.67501e+006 3.06436e+006 2.24926e+006 3.31011e+006 1.6685e+006 1.98327e+006 1.13347e+006 1.15851e+006 777886 1.31608e+006 1.11935e+006 716485 496928 520866 464166 690651 699431 560626 886842 372937 461428 609784 672158 486607 519086 578318 482664 791350 570033 905928 661586 712957 565417 677398 671677 610774 496381 616628 490828 471765 644616 551744 590240 970584 464439 670209 448088 474239 660151 588944 470234 474299
#pred catch bio
 99484.7 97837.5 167043 197935 257798 260466 316346 311135 291152 302153 270828 268165 245457 233928 221785 203047 183047 164293 163482 135934 115774 117231 133428 114715 108799 100519 99319.6 102284 100243 95769.8 89565.1 95440.2 99472.4 92197.4 82442.1 90930.9 87083 95398.8 95816.6 85236.1 81661.5 83596.5 83238 92289.7 85013.2 90099.7 92888.4 88875.1 89507.5 96306 118400 94217.4 87976.2 108633 95211.6 99862.4 81583.6 99613.7 102207 106456 111804 116974 121330 124719 127217 128990 130212 131035 131581 131937 132168 132316 132410 132469 132507 132531 132545 132555 132560 132564 132566 132568 132568 132569 132569 132569 132570 132570 132570 132570 132570 132570 132570 132570 132570 132570 132570 132570 132570 132570 132570 132570 132570 132570 132570 132570 132570 132570 132570 132570 132570 132570 132570 132570 132570 132570 132570 132570 132570 132570 132570 132570 132570 132570 132570 132570 132570 132570 132570 132570 132570 132570 132570 132570 132570 132570 132570 132570 132570 132570 132570 132570 132570 132570 132570 132570 132570 132570 132570 132570 132570 132570 132570 132570 132570 132570 0 0 0 0 0 0 0 0 0 0 0 0 0 0 0 0 0 0 0 0 0 0 0 0 0
#obs catch bio
 0 97528.2 167978 198963 260708 263432 323508 316335 295914 307310 276174 273865 252022 238608 225926 207486 187499 168429 167830 138240 116903 118674 134964 115941 110324 101701 99904.2 102819 100983 96305.2 89903.6 95822.3 99809.6 91822.8 82011.1 90473.9 86726.3 95140.7 95575.5 84859.2 80844.1 82661.2 82618.9 91711.8 84243.8 89348.5 92306.1 87849.9 88934.2 95549.3 118267 93859.4 87396 108414 94813 99887.1
#pred cpue bio
 4.46112e+006 4.19286e+006 3.942e+006 3.64091e+006 3.33842e+006 3.0062e+006 2.70675e+006 2.3797e+006 2.08689e+006 1.83938e+006 1.5993e+006 1.40967e+006 1.23517e+006 1.09429e+006 970917 862951 776670 712649 667998 619702 597612 595688 590236 562600 553088 549131 553401 557001 554827 552950 554366 561188 558628 546959 538542 537240 524517 519269 510588 504781 511229 520994 528225 536419 534632 541397 542965 541798 545827 550449 548590 521457 523027 535055 525385 533658 1.89229e+007 1.16888e+007 1.20818e+007 1.2676e+007 1.34088e+007 1.41238e+007 1.47408e+007 1.52376e+007 1.56208e+007 1.59083e+007 1.61202e+007 1.62748e+007 1.63872e+007 1.64688e+007 1.65281e+007 1.65715e+007 1.66035e+007 1.6627e+007 1.66446e+007 1.66577e+007 1.66676e+007 1.66751e+007 1.66807e+007 1.6685e+007 1.66883e+007 1.66909e+007 1.66928e+007 1.66943e+007 1.66954e+007 1.66963e+007 1.6697e+007 1.66975e+007 1.66979e+007 1.66982e+007 1.66984e+007 1.66986e+007 1.66988e+007 1.66989e+007 1.6699e+007 1.6699e+007 1.66991e+007 1.66991e+007 1.66992e+007 1.66992e+007 1.66992e+007 1.66992e+007 1.66992e+007 1.66992e+007 1.66992e+007 1.66992e+007 1.66993e+007 1.66993e+007 1.66993e+007 1.66993e+007 1.66993e+007 1.66993e+007 1.66993e+007 1.66993e+007 1.66993e+007 1.66993e+007 1.66993e+007 1.66993e+007 1.66993e+007 1.66993e+007 1.66993e+007 1.66993e+007 1.66993e+007 1.66993e+007 1.66993e+007 1.66993e+007 1.66993e+007 1.66993e+007 1.66993e+007 1.66993e+007 1.66993e+007 1.66993e+007 1.66993e+007 1.66993e+007 1.66993e+007 1.66993e+007 1.66993e+007 1.66993e+007 1.66993e+007 1.66993e+007 1.66993e+007 1.66993e+007 1.66993e+007 1.66993e+007 1.66993e+007 1.66993e+007 1.66993e+007 1.66993e+007 1.66993e+007 1.66993e+007 1.66993e+007 1.66993e+007 1.66993e+007 1.66993e+007 1.66993e+007 1.66993e+007 0 0 0 0 0 0 0 0 0 0 0 0 0 0 0 0 0 0 0 0 0 0 0 0 0
#obs cpue bio
 3.45934e+006 3.06699e+006 3.497e+006 2.83858e+006 3.23121e+006 1.78648e+006 1.74808e+006 2.77503e+006 2.118e+006 1.92739e+006 1.27022e+006 1.53547e+006 987859 1.16488e+006 769108 678714 772984 618674 793518 581666 565465 485819 502930 613773 477416 453167 656494 686405 477472 572736 639550 441845 625885 611772 475313 540050 440854 445867 436560 504111 1.02393e+006 631885 459955 744205 578640 641591 507693 543217 487206 550949 586776 599053 551000 509208 591194 522398
#pred surv len freq
 0.00462045 0.00748646 0.0112445 0.0158829 0.0213175 0.0273216 0.0334861 0.039302 0.0443387 0.0483792 0.0514252 0.0536149 0.0551357 0.0561636 0.0568202 0.0571473 0.0571078 0.0566043 0.0554867 0.053538 0.0504665 0.0459735 0.0399295 0.0325815 0.0246258
 0.00499582 0.00800356 0.0118554 0.0164978 0.0218459 0.0277287 0.0338224 0.0396773 0.0448455 0.0490136 0.0520595 0.0540432 0.0551672 0.0557111 0.0559424 0.05603 0.0559967 0.0557158 0.0549326 0.0532948 0.0504055 0.045936 0.0398048 0.0323462 0.0243283
 0.00514474 0.00829089 0.0123645 0.0173162 0.0230232 0.0292246 0.0354816 0.041266 0.0461452 0.0499127 0.0525747 0.054255 0.0551261 0.0553929 0.0552843 0.0550107 0.0546933 0.0542949 0.0535825 0.0521454 0.0494873 0.0451985 0.0391748 0.0317806 0.0238295
 0.00534503 0.00860149 0.0128092 0.0179208 0.023826 0.0302812 0.0368487 0.0429588 0.0480866 0.0519136 0.0543743 0.0556088 0.0558865 0.0555296 0.0548433 0.054063 0.05332 0.0526058 0.0517274 0.0502907 0.0477704 0.0436971 0.0379119 0.0307524 0.0230273
 0.00557142 0.00896341 0.013342 0.0186524 0.024772 0.0314398 0.0381988 0.0444653 0.0497103 0.0536103 0.0560751 0.0571942 0.0571848 0.0563555 0.0550562 0.0536082 0.0522327 0.0509915 0.0497401 0.0481134 0.0455901 0.0416756 0.0361632 0.0293366 0.0219571
 0.00579265 0.00932785 0.0138997 0.0194535 0.025858 0.0328278 0.0398649 0.0463381 0.0516809 0.0555566 0.0578855 0.0587774 0.0584605 0.0572357 0.0554386 0.0533926 0.0513575 0.0494677 0.0476654 0.0456618 0.042983 0.0391425 0.0339009 0.0274773 0.0205538
 0.00591056 0.00953375 0.0142373 0.0199761 0.0266217 0.0338779 0.0412191 0.0479732 0.0535294 0.0575118 0.0598156 0.0605449 0.0599413 0.058329 0.056063 0.0534767 0.0508398 0.0483159 0.045908 0.0434121 0.0404375 0.0365481 0.0315019 0.0254608 0.0190144
 0.00616851 0.00993581 0.0148118 0.0207428 0.0275941 0.0350663 0.0426268 0.0495875 0.0553109 0.0593884 0.0616834 0.0622782 0.0614091 0.0594131 0.056669 0.0535357 0.0503045 0.0471625 0.0441522 0.0411355 0.0378054 0.0337987 0.0288996 0.0232311 0.0172892
 0.00647762 0.0104245 0.0155211 0.0217005 0.0288097 0.0365234 0.0442773 0.0513531 0.0570983 0.0611094 0.0632672 0.0636677 0.0625483 0.0602378 0.0571064 0.0535129 0.0497586 0.0460528 0.0424766 0.0389525 0.035253 0.0310925 0.0262968 0.0209671 0.0155147
 0.00677456 0.0108979 0.0162163 0.0226539 0.0300427 0.0380325 0.0460217 0.0532493 0.0590277 0.0629402 0.0648796 0.0649727 0.0634942 0.0608021 0.0572786 0.053277 0.0490863 0.0449116 0.0408522 0.0368784 0.0328364 0.0285188 0.0238008 0.0187747 0.01378
 0.0071111 0.0114372 0.0170135 0.0237554 0.0314777 0.0398001 0.0480748 0.0554869 0.0613035 0.065086 0.0667324 0.0663993 0.064408 0.0611694 0.0571121 0.0526163 0.0479744 0.0433808 0.0389287 0.0346071 0.030311 0.025898 0.0212912 0.0165808 0.0120443
 0.00739347 0.0118873 0.0176752 0.0246655 0.0326624 0.0412672 0.0498026 0.0574144 0.0633306 0.0670823 0.0685537 0.067905 0.0654793 0.0617258 0.05712 0.0520863 0.0469489 0.0419167 0.0370885 0.0324638 0.0279663 0.0234954 0.019008 0.014591 0.0104702
 0.00761953 0.0122642 0.0182597 0.0255158 0.0338259 0.0427608 0.0515933 0.059413 0.0654047 0.0690819 0.0703346 0.0693437 0.0664794 0.0622217 0.0570797 0.0515125 0.0458758 0.0404037 0.0352131 0.0303207 0.0256719 0.0211925 0.0168563 0.0127389 0.00901664
 0.00785101 0.0126254 0.0187768 0.0262081 0.0347083 0.0438453 0.0528838 0.0608927 0.0670229 0.070748 0.0719255 0.0707237 0.0675251 0.0628418 0.0572233 0.0511666 0.0450595 0.0391624 0.0336162 0.028461 0.0236668 0.0191807 0.0149845 0.0111361 0.00776461
 0.00815912 0.0131059 0.0194615 0.0271115 0.0358248 0.0451463 0.0543144 0.0623755 0.0684704 0.0720792 0.0730752 0.0716397 0.0681601 0.0631504 0.057167 0.0507241 0.0442327 0.0379798 0.0321324 0.0267567 0.0218481 0.0173734 0.013319 0.00972296 0.00666978
 0.0084302 0.0135445 0.0201166 0.0280248 0.037019 0.0466088 0.055982 0.0641314 0.0701634 0.0735577 0.07422 0.0723825 0.0684842 0.063076 0.0567326 0.0499697 0.0431944 0.0366931 0.0306414 0.0251238 0.0201581 0.0157294 0.0118284 0.00847477 0.0057133
 0.00855284 0.0137573 0.0204624 0.0285534 0.0377782 0.047628 0.0572535 0.0655988 0.071722 0.0750692 0.0755355 0.0733707 0.0690565 0.063201 0.0564331 0.0493049 0.0422373 0.0355139 0.0293041 0.023692 0.0187036 0.0143347 0.0105774 0.00743637 0.0049234
 0.00853921 0.0137501 0.0204808 0.0286287 0.0379518 0.0479449 0.0577525 0.0663015 0.0726213 0.0761197 0.0766519 0.0744373 0.0699489 0.063813 0.0566985 0.0492077 0.0418063 0.0348077 0.0283953 0.022657 0.0176199 0.01328 0.0096246 0.00664271 0.00431884
 0.00845777 0.0136254 0.0203086 0.0284136 0.0377106 0.0477095 0.0575714 0.0662357 0.0727323 0.0764513 0.0772125 0.07519 0.0708134 0.0646786 0.0574476 0.049741 0.0420632 0.0347749 0.0281019 0.0221625 0.0170003 0.0126159 0.00899061 0.00609692 0.00389455
 0.0085944 0.0138194 0.0205485 0.0286711 0.0379482 0.0478944 0.0576872 0.066287 0.0727421 0.0764548 0.077249 0.0752924 0.0709966 0.0649311 0.0577287 0.0499889 0.0422118 0.034773 0.0279288 0.0218322 0.0165568 0.0121201 0.00850565 0.0056741 0.00356396
 0.00876598 0.0140585 0.0208336 0.0289548 0.0381675 0.0479888 0.0576178 0.0660481 0.0723653 0.0760053 0.0768137 0.0749604 0.070836 0.0649703 0.0579496 0.0503332 0.0425967 0.0351133 0.0281571 0.0219146 0.0164971 0.0119533 0.00828319 0.00544688 0.00336914
 0.00864144 0.0138885 0.0206359 0.028761 0.0380078 0.0478714 0.0575168 0.0659123 0.0721468 0.075691 0.0764417 0.0746107 0.0706016 0.0649246 0.0581227 0.0507041 0.0431016 0.0356636 0.0286638 0.0223098 0.0167481 0.012065 0.00828821 0.00539007 0.00329159
 0.00858295 0.0137876 0.0204755 0.0285275 0.0377004 0.047513 0.0571566 0.0656123 0.0719536 0.0756114 0.0764406 0.0746366 0.0706222 0.0649474 0.0581871 0.0508539 0.043356 0.0360043 0.029041 0.0226626 0.0170265 0.0122452 0.00837515 0.00540841 0.00327232
 0.00882228 0.0141457 0.0209556 0.0291088 0.03834 0.0481527 0.0577309 0.0660586 0.0722255 0.0756887 0.0763296 0.0743599 0.0702075 0.0644259 0.0576009 0.0502603 0.0428187 0.0355738 0.0287377 0.0224731 0.0169156 0.0121745 0.00831791 0.00535403 0.0032218
 0.00875757 0.0140688 0.0208914 0.0290953 0.0384154 0.0483353 0.0580045 0.0663739 0.0725174 0.0759018 0.0764359 0.0743612 0.0701254 0.0642865 0.0574263 0.0500678 0.0426264 0.0354027 0.0286067 0.0223909 0.0168761 0.0121614 0.00831362 0.00534752 0.00321043
 0.00858615 0.0138077 0.020533 0.02865 0.0379149 0.0478337 0.0575745 0.0660919 0.0724395 0.0760396 0.0767495 0.0747754 0.0705601 0.0646825 0.057754 0.0503221 0.0428159 0.035542 0.0287119 0.0224754 0.0169482 0.0122226 0.00836156 0.00537991 0.00322813
 0.00853317 0.0136963 0.0203201 0.0282829 0.0373491 0.0470591 0.0566378 0.0651008 0.071541 0.0753805 0.0764349 0.0748415 0.0709686 0.0653382 0.0585373 0.0511229 0.0435553 0.0361777 0.0292311 0.0228836 0.0172589 0.0124509 0.00852158 0.0054851 0.00329164
 0.00854447 0.0137078 0.0203222 0.0282567 0.0372635 0.0468718 0.0563032 0.0645882 0.0708582 0.0745921 0.0756597 0.0742221 0.070625 0.0653273 0.0588385 0.0516533 0.044204 0.0368408 0.0298339 0.0233867 0.0176513 0.0127397 0.00872237 0.00561615 0.0033711
 0.00847523 0.0136173 0.0202262 0.0281816 0.0372366 0.0469053 0.0563816 0.0646654 0.0708699 0.0744785 0.0753918 0.0738216 0.0701659 0.0649152 0.0585733 0.0515929 0.0443466 0.0371341 0.0302018 0.0237576 0.0179761 0.0129953 0.00890636 0.00573822 0.00344574
 0.00843676 0.0135476 0.0201098 0.0280042 0.0369937 0.0466129 0.0560804 0.0644115 0.0707111 0.0744292 0.0754234 0.0738768 0.0701907 0.0648886 0.0585184 0.0515625 0.0443941 0.0372851 0.0304441 0.02405 0.0182693 0.0132503 0.00910313 0.00587479 0.00353159
 0.00831911 0.0133722 0.0198745 0.0277155 0.0366625 0.0462496 0.0556945 0.0640182 0.0703398 0.0741247 0.0752345 0.0738355 0.0702947 0.0651017 0.0587895 0.0518515 0.0446859 0.0375848 0.0307592 0.0243755 0.0185851 0.0135304 0.0093276 0.00603676 0.00363681
 0.00805687 0.0129755 0.0193334 0.0270424 0.0358906 0.045428 0.0548836 0.0632842 0.0697454 0.0737191 0.0750468 0.073875 0.0705531 0.0655527 0.0593876 0.052537 0.0453975 0.0382737 0.0313949 0.0249423 0.0190731 0.0139315 0.00963719 0.00625769 0.00378089
 0.00787197 0.0126842 0.0189135 0.0264822 0.0351946 0.0446232 0.0540247 0.0624502 0.0690249 0.0731886 0.0747532 0.0738309 0.0707428 0.0659433 0.0599371 0.0531976 0.046118 0.039003 0.0320883 0.0255659 0.0196058 0.0143631 0.00996658 0.00649194 0.00393437
 0.0078238 0.0125981 0.0187694 0.0262562 0.034864 0.0441752 0.0534659 0.0618118 0.0683614 0.0725688 0.0742476 0.0734974 0.0706161 0.0660293 0.0602158 0.0536313 0.0466589 0.0396005 0.0326935 0.0261362 0.0201086 0.0147781 0.0102863 0.00672063 0.00408508
 0.00793617 0.0127432 0.0189177 0.0263553 0.0348506 0.0439954 0.0530942 0.0612602 0.0676761 0.0718207 0.0735209 0.0728768 0.0701732 0.0658102 0.0602341 0.0538677 0.0470692 0.0401259 0.0332714 0.0267093 0.0206305 0.0152176 0.0106289 0.00696702 0.00424781
 0.00862464 0.0137201 0.0201225 0.027637 0.0360038 0.0448226 0.0534599 0.0611151 0.0670524 0.0708148 0.0722725 0.0715451 0.0689107 0.0647395 0.0594323 0.0533639 0.046849 0.0401427 0.0334597 0.0269979 0.0209543 0.0155256 0.0108882 0.00716344 0.00438227
 0.00926571 0.014749 0.0216369 0.0296939 0.0385784 0.0477605 0.0564515 0.0637329 0.0688636 0.0715222 0.0718064 0.0700619 0.0667138 0.0621783 0.0568229 0.0509459 0.0447735 0.0384781 0.0322084 0.0261167 0.0203751 0.0151725 0.0106907 0.00706359 0.00433779
 0.00901577 0.0144727 0.0214632 0.0298279 0.0392521 0.0491478 0.0585831 0.0664501 0.0718303 0.0742907 0.073922 0.0711806 0.066695 0.0611135 0.0549871 0.0486981 0.0424556 0.0363484 0.0304193 0.0247244 0.0193652 0.0144885 0.0102586 0.00681 0.00420016
 0.00861003 0.0138636 0.0206491 0.028863 0.0382607 0.0483286 0.0581932 0.0667491 0.0729852 0.0762765 0.0764774 0.0738594 0.0689989 0.0626466 0.0555649 0.0483727 0.0414594 0.0349936 0.0289985 0.0234485 0.0183444 0.0137477 0.00976664 0.00651005 0.00403235
 0.00846481 0.0136038 0.0202167 0.0281963 0.0373185 0.0471278 0.0568429 0.0654603 0.0720378 0.0759477 0.0769503 0.0751438 0.0708989 0.0648006 0.0575541 0.049855 0.0422679 0.0351587 0.0286945 0.0229025 0.0177552 0.0132419 0.00939544 0.00627037 0.0038944
 0.00852064 0.0136525 0.0202101 0.0280582 0.0369581 0.0464659 0.0558441 0.064161 0.0705633 0.07451 0.0758185 0.0745797 0.0710725 0.065717 0.0590317 0.0515769 0.0438886 0.0364176 0.0294833 0.0232617 0.0178153 0.01315 0.00926361 0.00615883 0.00382115
 0.0086112 0.0137871 0.0203864 0.028258 0.037142 0.04657 0.0557838 0.0638475 0.0699362 0.0735754 0.0746753 0.0734161 0.0701255 0.0652031 0.0590722 0.0521478 0.044825 0.037475 0.0304299 0.0239539 0.0182227 0.0133284 0.00930257 0.00613727 0.00378761
 0.00860686 0.0137953 0.0204264 0.0283551 0.0373182 0.0468296 0.0560988 0.0641536 0.0701413 0.073583 0.0744161 0.0728807 0.0693853 0.0644049 0.0583998 0.051759 0.0447906 0.0377532 0.0308904 0.0244399 0.018615 0.0135778 0.00942269 0.00617288 0.0037836
 0.00851767 0.0136639 0.0202549 0.0281578 0.0371212 0.0466679 0.0560109 0.0641702 0.0702707 0.0737974 0.0746496 0.073047 0.0694103 0.0642623 0.0581303 0.0514602 0.0445773 0.0377061 0.0310214 0.0246937 0.0189037 0.0138254 0.00959197 0.00626546 0.0038225
 0.00858005 0.013751 0.0203599 0.0282662 0.0372166 0.0467405 0.0560632 0.0642176 0.0703341 0.0738914 0.0747719 0.0731713 0.0694907 0.0642487 0.0579922 0.0512074 0.0442636 0.03741 0.0308114 0.0245989 0.0189075 0.0138834 0.00965907 0.006315 0.00384852
 0.00860087 0.0137789 0.0203905 0.0282902 0.0372207 0.0467099 0.0559866 0.0640926 0.070173 0.0737231 0.0746361 0.0731042 0.0695084 0.0643369 0.0581112 0.0513105 0.0443207 0.037421 0.0308021 0.0246016 0.0189409 0.0139441 0.0097292 0.006376 0.00389075
 0.00854618 0.0137125 0.0203313 0.0282681 0.0372663 0.0468389 0.0561876 0.0643268 0.0703873 0.0738699 0.0746898 0.0730688 0.0694114 0.0642157 0.0579959 0.0512132 0.0442371 0.0373414 0.0307236 0.0245319 0.0188916 0.0139213 0.0097293 0.00638866 0.00390564
 0.00866757 0.0138761 0.0205168 0.0284399 0.0373882 0.0468952 0.0561955 0.0643287 0.0704255 0.0739595 0.0748085 0.0731697 0.0694499 0.064171 0.0578769 0.051048 0.0440565 0.0371675 0.0305684 0.0244012 0.0187892 0.0138493 0.00968571 0.00636717 0.0038979
 0.00871277 0.0139546 0.0206421 0.028622 0.0376248 0.0471623 0.0564456 0.0645044 0.0704855 0.0739019 0.0746723 0.0730117 0.0693129 0.0640667 0.0577911 0.0509602 0.0439555 0.0370556 0.0304557 0.0242986 0.0187045 0.013786 0.00964371 0.00634301 0.00388631
 0.00867999 0.013913 0.0206016 0.0286008 0.0376459 0.0472468 0.0566037 0.0647275 0.0707423 0.0741437 0.0748486 0.0730904 0.0692931 0.0639752 0.0576645 0.0508265 0.0438273 0.0369347 0.0303417 0.0241941 0.0186143 0.0137145 0.00959234 0.00630999 0.00386756
 0.00878051 0.0140579 0.0207859 0.0288096 0.0378612 0.0474561 0.0568062 0.0649313 0.0709547 0.0743594 0.0750438 0.0732272 0.0693339 0.0638992 0.0574779 0.0505595 0.0435209 0.0366263 0.0300571 0.0239476 0.0184121 0.0135579 0.00947888 0.006234 0.00382099
 0.00907195 0.0145214 0.0214622 0.0297234 0.0390092 0.0487927 0.0582325 0.0663027 0.0721106 0.0751653 0.0754226 0.0731666 0.0688735 0.063111 0.0564509 0.0493903 0.042306 0.0354532 0.0289951 0.0230417 0.0176825 0.0130035 0.00908307 0.0059701 0.00365795
 0.00900831 0.014435 0.0213652 0.0296416 0.0389802 0.0488592 0.0584327 0.0666576 0.0726121 0.0757689 0.0760515 0.0737299 0.0692905 0.0633301 0.0564569 0.0492006 0.0419617 0.0350096 0.0285119 0.0225731 0.0172695 0.0126695 0.00883433 0.00579953 0.00355054
 0.00906593 0.0144936 0.0213899 0.0295827 0.0387914 0.048525 0.0579899 0.0661944 0.0722426 0.0755937 0.0761239 0.0740405 0.0697729 0.0638843 0.0569789 0.0496093 0.0422142 0.0351028 0.0284737 0.0224482 0.0171053 0.0125052 0.00869489 0.00569551 0.00348131
 0.00940711 0.0150187 0.022122 0.0305144 0.0398774 0.0496771 0.059079 0.0670714 0.0727791 0.0757278 0.075883 0.073524 0.0691075 0.0631772 0.056292 0.0489603 0.0415953 0.0345026 0.0278922 0.0219004 0.016615 0.0120949 0.00837722 0.00546965 0.00333463
 0.00913345 0.0146592 0.0217382 0.0302159 0.0397899 0.0498924 0.0596116 0.0678463 0.0736558 0.0765453 0.0765066 0.0738793 0.0691921 0.0630478 0.0560332 0.0486489 0.0412785 0.0341967 0.0275965 0.0216132 0.0163428 0.0118512 0.00817577 0.00531796 0.00323134
#obs surv len freq
 nan nan nan nan nan nan nan nan nan nan nan nan nan nan nan nan nan nan nan nan nan nan nan nan nan
 0.00448983 0.00735341 0.0111853 0.0160026 0.0217029 0.0279769 0.0342888 0.0400176 0.044695 0.048157 0.0505134 0.0520081 0.0528993 0.0534109 0.0537246 0.053979 0.0542573 0.0545498 0.0546884 0.0542803 0.0527184 0.0493509 0.0438013 0.0362822 0.0276667
 0.00461421 0.00756025 0.0115047 0.0164642 0.0223282 0.0287674 0.0352153 0.0410175 0.0456822 0.0490401 0.0512136 0.0524704 0.0530973 0.0533456 0.0534194 0.0534721 0.0535925 0.0537702 0.0538333 0.0533867 0.0518256 0.0485023 0.0430421 0.0356506 0.0271841
 0.00477618 0.00782349 0.011901 0.017024 0.0230755 0.0297113 0.0363397 0.0422747 0.0469944 0.0503098 0.052337 0.0533515 0.0536611 0.0535474 0.0532494 0.0529526 0.05277 0.0527053 0.0525931 0.0520421 0.0504518 0.0471798 0.0418505 0.0346558 0.0264223
 0.00496605 0.0081343 0.0123727 0.0176947 0.0239742 0.030846 0.0376855 0.0437706 0.048552 0.0518289 0.053719 0.0545051 0.0545042 0.054011 0.0532856 0.0525425 0.0519287 0.0514806 0.0510607 0.0503 0.048616 0.0453777 0.0402078 0.0332751 0.0253611
 0.00517824 0.00848185 0.0129007 0.0184469 0.024985 0.0321272 0.0392125 0.0454768 0.0503379 0.0535801 0.0553242 0.0558665 0.0555394 0.0546522 0.0534782 0.0522481 0.051132 0.0501987 0.0493511 0.0482645 0.0463977 0.0431484 0.0381436 0.0315225 0.0240059
 0.00541134 0.00886293 0.0134783 0.0192678 0.0260858 0.0335204 0.040872 0.0473325 0.0522847 0.055497 0.0570928 0.057382 0.0567145 0.0554163 0.0537753 0.0520351 0.050381 0.0489059 0.0475514 0.0460464 0.0439105 0.040592 0.0357363 0.0294544 0.0223935
 0.00564601 0.00924871 0.0140669 0.0201103 0.0272229 0.034967 0.0426014 0.0492709 0.0543213 0.0575056 0.0589516 0.0589845 0.0579726 0.0562592 0.0541461 0.0518886 0.0496834 0.0476416 0.0457384 0.0437575 0.0412886 0.0378466 0.0331112 0.0271717 0.0205978
 0.00589802 0.00965833 0.0146835 0.0209804 0.0283821 0.0364274 0.0443372 0.0512123 0.0563626 0.0595239 0.0608254 0.0606058 0.0592521 0.0571261 0.0545454 0.0517765 0.0490254 0.0464169 0.0439546 0.0414735 0.0386359 0.0350319 0.0303873 0.0247785 0.0186991
 0.00612121 0.0100285 0.0152541 0.0218055 0.0295051 0.0378637 0.0460574 0.0531373 0.0583776 0.0615021 0.0626489 0.0621763 0.0604905 0.0579695 0.0549433 0.0516875 0.0484151 0.0452621 0.0422561 0.0392789 0.0360629 0.0322758 0.0276952 0.022393 0.0167924
 0.00637245 0.0104371 0.0158695 0.0226745 0.0306635 0.039323 0.0477899 0.0550693 0.0603971 0.0634787 0.0644552 0.0637032 0.0616555 0.0587166 0.0552372 0.0515045 0.0477366 0.0440746 0.0405629 0.0371221 0.0335487 0.0295844 0.0250608 0.0200504 0.0149123
 0.00659357 0.0108021 0.0164287 0.0234778 0.0317499 0.0407045 0.0494356 0.0569015 0.0623035 0.0653355 0.0661468 0.0651327 0.0627467 0.0594135 0.0555021 0.0513144 0.0470786 0.0429437 0.0389688 0.0351065 0.0312081 0.0270813 0.022608 0.0178641 0.0131522
 0.00682416 0.0111789 0.0169995 0.0242881 0.0328344 0.0420725 0.0510565 0.0586986 0.0641644 0.0671323 0.0677588 0.0664606 0.0637188 0.0599845 0.0556482 0.0510264 0.0463553 0.0417906 0.0374035 0.0331738 0.0289985 0.0247417 0.0203288 0.0158384 0.0115228
 0.00703791 0.0115307 0.0175366 0.0250567 0.0338694 0.0433826 0.0526088 0.0604145 0.0659309 0.068825 0.0692626 0.067682 0.0645901 0.0604636 0.0557158 0.0506802 0.0456043 0.0406511 0.0359022 0.0313594 0.0269569 0.0226048 0.0182635 0.0140121 0.0100583
 0.00725917 0.0118921 0.0180836 0.0258318 0.0349036 0.0446812 0.0541369 0.0620921 0.067644 0.0704471 0.0706769 0.0687957 0.0653401 0.0608163 0.0556625 0.0502307 0.0447795 0.0394793 0.0344207 0.0296223 0.0250473 0.0206415 0.0163911 0.0123724 0.00875215
 0.00742802 0.0121734 0.0185194 0.0264651 0.035769 0.0457904 0.0554641 0.0635696 0.0691715 0.0719118 0.071972 0.0698328 0.0660545 0.0611688 0.0556383 0.0498355 0.0440346 0.038417 0.0330834 0.0280678 0.0233561 0.0189205 0.0147648 0.0109588 0.0076328
 0.00749793 0.0122911 0.0187051 0.0267424 0.0361635 0.0463244 0.0561505 0.0644043 0.0701293 0.0729449 0.0730132 0.0708025 0.0668714 0.0617611 0.0559519 0.0498387 0.0437183 0.0377928 0.032183 0.0269432 0.0220823 0.0175944 0.0134957 0.00984812 0.00675009
 0.0075949 0.0124377 0.0189054 0.0269947 0.0364625 0.0466665 0.0565359 0.0648373 0.0706153 0.0734855 0.0736003 0.0714132 0.0674654 0.0622831 0.05634 0.0500352 0.0436798 0.0374983 0.0316374 0.0261794 0.0211611 0.0165999 0.0125235 0.00898686 0.00606085
 0.00766445 0.0125478 0.019065 0.0272087 0.0367292 0.0469753 0.0568668 0.0651649 0.0709185 0.073757 0.0738502 0.0716613 0.0677276 0.0625576 0.0566012 0.0502375 0.043769 0.0374263 0.0313759 0.0257298 0.0205576 0.0159055 0.0118175 0.00834579 0.00553986
 0.00771852 0.0126319 0.0191847 0.0273663 0.0369243 0.0472034 0.0571187 0.0654258 0.0711696 0.0739799 0.0740327 0.0718026 0.0678381 0.0626534 0.0566934 0.0503214 0.0438209 0.0374086 0.0312511 0.025476 0.0201804 0.0154407 0.0113221 0.00788128 0.00515409
 0.00775262 0.0126816 0.0192487 0.0274405 0.0370026 0.0472811 0.0571943 0.0655016 0.0712496 0.0740676 0.0741292 0.0719058 0.0679443 0.0627592 0.0567968 0.0504194 0.0439041 0.0374579 0.0312403 0.0253813 0.019993 0.0151745 0.0110125 0.0075736 0.00488813
 0.00781335 0.0127706 0.0193644 0.0275744 0.0371413 0.0474094 0.0572986 0.0655727 0.0712844 0.074071 0.0741124 0.0718835 0.0679291 0.0627589 0.0568125 0.0504469 0.0439348 0.0374788 0.0312338 0.0253295 0.0198842 0.0150111 0.0108131 0.00736738 0.00470407
 0.00784779 0.0128288 0.0194554 0.0277061 0.0373168 0.0476213 0.0575265 0.0657849 0.0714475 0.0741611 0.0741234 0.0718269 0.0678285 0.0626403 0.0566977 0.0503487 0.0438565 0.0374147 0.0311722 0.0252561 0.0197874 0.0148874 0.01067 0.00722113 0.00457297
 0.00789129 0.0128932 0.019541 0.02781 0.0374347 0.0477503 0.0576653 0.0659313 0.0715945 0.074294 0.0742223 0.0718735 0.0678142 0.0625701 0.0565883 0.050222 0.0437311 0.0373014 0.0310721 0.0251629 0.0196927 0.0147858 0.0105627 0.00711573 0.00447968
 0.00789191 0.0128941 0.0195422 0.0278111 0.0374349 0.0477487 0.0576615 0.0659271 0.0715949 0.0743064 0.0742536 0.0719247 0.0678779 0.062633 0.0566368 0.0502486 0.0437367 0.0372916 0.0310529 0.0251367 0.0196584 0.0147417 0.0105098 0.00705888 0.00442597
 0.00788383 0.0128771 0.0195098 0.0277555 0.03735 0.0476338 0.0575246 0.0657844 0.0714671 0.074213 0.0742084 0.0719342 0.0679406 0.0627393 0.0567706 0.0503909 0.04387 0.0374044 0.0311401 0.0251978 0.0196951 0.0147565 0.0105063 0.00704274 0.00440403
 0.00787938 0.012865 0.0194824 0.0277028 0.0372614 0.0475028 0.0573524 0.0655825 0.0712559 0.074019 0.0740582 0.0718493 0.0679328 0.0628083 0.0569046 0.0505694 0.0440688 0.0376004 0.0313151 0.025341 0.0198022 0.0148285 0.0105481 0.00706158 0.00440792
 0.00788877 0.0128782 0.0194981 0.0277175 0.037269 0.0474949 0.057319 0.0655149 0.07115 0.0738792 0.0738991 0.0716936 0.0678061 0.0627323 0.0568912 0.0506182 0.0441678 0.0377301 0.031454 0.0254703 0.0199091 0.0149075 0.0105997 0.00709042 0.00442076
 0.00788635 0.0128722 0.0194852 0.0276935 0.03723 0.0474386 0.0572464 0.0654295 0.0710566 0.0737818 0.0738012 0.0716001 0.0677249 0.0626747 0.0568697 0.0506417 0.0442377 0.0378386 0.0315857 0.0256066 0.0200333 0.0150082 0.0106726 0.00713738 0.00444731
 0.00788015 0.0128632 0.0194737 0.0276798 0.0372141 0.0474194 0.0572211 0.0653949 0.0710104 0.0737243 0.0737353 0.0715309 0.0676581 0.0626169 0.0568284 0.0506248 0.0442518 0.0378856 0.031661 0.0256993 0.0201293 0.0150945 0.010741 0.00718518 0.00447682
 0.00784127 0.0127995 0.0193771 0.027544 0.0370369 0.0472063 0.0569883 0.0651671 0.0708154 0.0735844 0.073662 0.0715236 0.0677078 0.0627106 0.0569532 0.0507703 0.0444107 0.0380532 0.0318323 0.0258673 0.0202851 0.0152288 0.0108471 0.0072615 0.0045263
 0.00781846 0.0127592 0.0193106 0.0274412 0.0368891 0.04701 0.0567493 0.0649026 0.0705516 0.073352 0.0734891 0.0714298 0.0677003 0.0627838 0.0570916 0.0509539 0.04462 0.0382719 0.0320481 0.0260708 0.0204677 0.0153836 0.0109694 0.00735041 0.0045852
 0.00779453 0.0127197 0.0192499 0.0273534 0.0367686 0.0468533 0.0565571 0.0646814 0.0703148 0.0731187 0.0732829 0.0712747 0.0676166 0.0627828 0.0571732 0.0511063 0.0448237 0.0385041 0.0322876 0.0262998 0.0206733 0.0155568 0.0111057 0.00744964 0.00465145
 0.00777428 0.0126841 0.0191916 0.0272639 0.036641 0.0466852 0.0563532 0.0644543 0.070082 0.072899 0.073093 0.0711292 0.0675278 0.0627609 0.0572235 0.0512276 0.0450059 0.0387298 0.0325346 0.0265459 0.0208993 0.0157495 0.0112579 0.00756071 0.0047258
 0.00775041 0.0126458 0.0191349 0.027185 0.0365367 0.0465534 0.0561945 0.0642733 0.0698878 0.0727051 0.0729155 0.0709839 0.0674284 0.0627171 0.057241 0.0513074 0.0451439 0.0389155 0.0327519 0.0267744 0.0211185 0.0159422 0.0114136 0.00767598 0.00480376
 0.00932625 0.0148505 0.0217933 0.0299143 0.0388578 0.0480696 0.0567313 0.0639041 0.0688507 0.0712806 0.0713389 0.0694145 0.0659588 0.0613962 0.0560921 0.0503391 0.0443555 0.0382989 0.0322921 0.0264504 0.0209049 0.0158118 0.0113409 0.00763965 0.00478798
 0.00930543 0.0151091 0.0226978 0.0319193 0.042308 0.0529319 0.0624257 0.0693985 0.0730282 0.0733809 0.0712087 0.0674483 0.0628262 0.0577548 0.0524257 0.0469328 0.0413452 0.0357334 0.030175 0.0247616 0.0196089 0.0148616 0.0106803 0.00720786 0.00452487
 0.0089827 0.0145995 0.0219805 0.0310416 0.0414392 0.0523998 0.0626783 0.0708429 0.0757858 0.0771051 0.0751283 0.0706603 0.064673 0.0580521 0.0514314 0.045134 0.0392296 0.0336566 0.0283381 0.0232479 0.0184304 0.0139922 0.0100746 0.00681201 0.00428402
 0.00878006 0.0142668 0.0214746 0.0303234 0.0404892 0.0512476 0.0614412 0.0697536 0.0751749 0.0773115 0.0763464 0.0727961 0.0673102 0.0605865 0.0533147 0.0460832 0.039283 0.0330752 0.0274461 0.0223105 0.0176076 0.0133496 0.00961637 0.00651066 0.00410109
 0.00873769 0.0141818 0.0213162 0.0300516 0.0400627 0.0506377 0.0606491 0.0688256 0.0742145 0.0764833 0.0758612 0.0728599 0.0680365 0.0619104 0.0549726 0.0476959 0.0405085 0.0337391 0.0275759 0.0220711 0.0171989 0.0129289 0.00927006 0.00626486 0.00394599
 0.00869933 0.0141218 0.0212292 0.0299311 0.0398982 0.0504124 0.0603408 0.068414 0.0736942 0.0758805 0.0752474 0.0723539 0.0677836 0.0620355 0.0555182 0.048579 0.041532 0.0346663 0.0282277 0.0223881 0.0172362 0.0128003 0.00908645 0.00609824 0.0038255
 0.0086874 0.0141024 0.0212 0.0298899 0.0398428 0.0503404 0.0602484 0.0682938 0.073534 0.0756653 0.074969 0.072025 0.0674512 0.0617809 0.0554345 0.0487297 0.0419111 0.0351873 0.0287559 0.0228007 0.0174716 0.0128697 0.00904759 0.00601597 0.00374533
 0.00869068 0.0141071 0.0212058 0.0298957 0.0398469 0.0503403 0.0602407 0.0682741 0.0734963 0.0756021 0.0748711 0.071885 0.0672703 0.0615779 0.0552505 0.0486202 0.0419232 0.0353328 0.028998 0.023068 0.0176922 0.013003 0.00909409 0.00600426 0.00370961
 0.00867163 0.014079 0.0211687 0.0298518 0.0397995 0.0502932 0.0601971 0.0682364 0.0734654 0.0755766 0.0748474 0.0718563 0.0672295 0.0615206 0.0551815 0.0485573 0.0418941 0.035363 0.0290952 0.0232134 0.017848 0.0131312 0.00917407 0.00603742 0.00371165
 0.00865413 0.0140515 0.0211294 0.0297998 0.039736 0.0502219 0.0601243 0.0681704 0.0734143 0.0755457 0.0748369 0.0718619 0.0672433 0.061534 0.0551884 0.0485577 0.041896 0.0353803 0.0291402 0.0232884 0.0179417 0.0132236 0.00924664 0.00608209 0.00373144
 0.00867792 0.014086 0.0211735 0.0298497 0.0397856 0.0502645 0.0601543 0.0681839 0.0734098 0.0755244 0.0748023 0.0718186 0.0671952 0.0614836 0.0551367 0.0485057 0.0418467 0.03534 0.0291169 0.0232876 0.0179622 0.0132571 0.00928156 0.00610914 0.00374716
 0.00866579 0.0140721 0.0211631 0.0298506 0.0398054 0.0503061 0.0602132 0.0682484 0.0734657 0.0755599 0.0748123 0.0718046 0.0671634 0.0614413 0.0550899 0.0484587 0.0418026 0.0353018 0.0290884 0.0232725 0.0179616 0.0132683 0.00929876 0.00612596 0.00375947
 0.00863882 0.0140261 0.0210904 0.0297446 0.0396643 0.0501376 0.0600365 0.0680916 0.0733563 0.075515 0.0748325 0.0718766 0.0672672 0.0615582 0.0552066 0.0485673 0.0418994 0.035386 0.0291609 0.0233351 0.0180163 0.0133159 0.00933868 0.00615698 0.00378111
 0.00863793 0.0140235 0.021084 0.0297312 0.039639 0.0500947 0.0599716 0.0680041 0.0732528 0.0754096 0.0747444 0.0718232 0.0672573 0.0615894 0.0552676 0.0486437 0.0419789 0.0354603 0.0292263 0.023391 0.0180635 0.0133553 0.0093706 0.0061815 0.00379845
 0.0086191 0.0139962 0.0210491 0.0296913 0.0395977 0.0500546 0.059933 0.0679651 0.07321 0.0753613 0.0746921 0.0717736 0.0672208 0.0615766 0.0552843 0.0486885 0.0420438 0.0355347 0.0293002 0.0234578 0.0181201 0.0134009 0.00940577 0.00620724 0.00381606
 0.0086191 0.0139962 0.0210491 0.0296913 0.0395977 0.0500546 0.059933 0.0679651 0.07321 0.0753613 0.0746921 0.0717736 0.0672208 0.0615766 0.0552843 0.0486885 0.0420438 0.0355347 0.0293002 0.0234578 0.0181201 0.0134009 0.00940577 0.00620724 0.00381606
 0.00888911 0.0144201 0.0216573 0.0304968 0.0405879 0.051182 0.0611079 0.0690611 0.0740884 0.0759058 0.0748386 0.071522 0.0666282 0.0607378 0.0543092 0.0476805 0.0410848 0.0346785 0.0285744 0.0228701 0.017665 0.0130652 0.00917166 0.00605419 0.0037231
 0.00873753 0.0142127 0.0214181 0.0302747 0.0404459 0.0511783 0.0612775 0.0694061 0.0745765 0.0764757 0.0754102 0.0720115 0.0669666 0.0608869 0.0542689 0.047485 0.0407888 0.0343408 0.0282442 0.0225798 0.0174303 0.0128887 0.00904783 0.00597329 0.00367417
 0.00869527 0.0141184 0.0212319 0.0299521 0.0399595 0.0505462 0.0605819 0.0687819 0.0741686 0.0763843 0.0756547 0.0725294 0.0676419 0.0615902 0.0548922 0.0479616 0.0410986 0.0345017 0.0282959 0.0225666 0.017389 0.0128434 0.00901025 0.00594692 0.00365787
 0.00881301 0.0143047 0.0214999 0.0303024 0.0403716 0.0509701 0.0609403 0.0689905 0.0741721 0.0761894 0.0753348 0.0721923 0.0673799 0.0614429 0.0548409 0.0479519 0.0410736 0.0344263 0.0281651 0.022399 0.0172131 0.0126847 0.00888401 0.00585713 0.00360035
 0.00879214 0.0142819 0.0214865 0.0303165 0.0404336 0.051095 0.0611277 0.0692183 0.074397 0.0763575 0.0754013 0.0721436 0.0672432 0.0612749 0.054699 0.0478671 0.0410409 0.0344162 0.028146 0.0223536 0.017143 0.0126035 0.00880755 0.00579595 0.0035578
#pred catch len freq
 0.00341807 0.0054827 0.00814851 0.0114221 0.01533 0.0198866 0.0250291 0.0305865 0.0363057 0.0419036 0.0471114 0.0517135 0.0555753 0.0586459 0.0609272 0.0624335 0.0631631 0.0630842 0.0621131 0.0600776 0.0567027 0.0516871 0.0449054 0.0366469 0.0277003
 0.00371295 0.00589322 0.00864307 0.0119392 0.0158093 0.02031 0.0254409 0.0310688 0.0369158 0.0426102 0.0477759 0.0521328 0.0555671 0.0581323 0.0599773 0.0612472 0.0620038 0.0621844 0.061591 0.0599024 0.0567265 0.0517285 0.0448372 0.0364406 0.0274095
 0.0038666 0.00616765 0.00909663 0.0126284 0.0167609 0.021488 0.0267328 0.0323149 0.0379754 0.043421 0.0483569 0.0525239 0.0557579 0.058041 0.0595037 0.0603585 0.0607881 0.0608319 0.060314 0.0588446 0.0559168 0.0511027 0.0443051 0.0359474 0.0269554
 0.00405854 0.00646489 0.00952153 0.0132052 0.0175265 0.0224967 0.0280416 0.0339418 0.0398507 0.0453676 0.0501281 0.0538873 0.0565691 0.0582607 0.0591578 0.0594942 0.0594694 0.0591652 0.0584592 0.056984 0.0541999 0.0496101 0.0430549 0.0349288 0.0261562
 0.00428936 0.00682796 0.0100456 0.0139101 0.018423 0.0235874 0.0293226 0.0354061 0.041488 0.0471516 0.0519875 0.0556796 0.058087 0.0592818 0.0595136 0.059115 0.0583878 0.057494 0.0563671 0.0546735 0.0518784 0.0474557 0.0411915 0.0334203 0.0250152
 0.0045016 0.00717068 0.0105582 0.0146309 0.0193853 0.0248125 0.030808 0.0371165 0.0433557 0.0490866 0.0538917 0.0574532 0.0596223 0.0604519 0.0601725 0.0591241 0.0576594 0.05603 0.0542724 0.0521414 0.0491552 0.0447952 0.0388095 0.0314605 0.0235349
 0.00466947 0.00744614 0.0109793 0.0152395 0.0202252 0.0259222 0.0322095 0.0388013 0.0452747 0.0511479 0.0559681 0.0594 0.0612989 0.0617349 0.0609557 0.0593115 0.0571689 0.0548164 0.0523637 0.0496646 0.0463332 0.0419084 0.0361347 0.0292098 0.0218158
 0.00492677 0.00784432 0.0115433 0.0159851 0.0211648 0.0270707 0.0335829 0.0404066 0.0470939 0.0531243 0.0580016 0.0613547 0.0630217 0.0630781 0.0617945 0.0595496 0.0567373 0.0536772 0.0505283 0.0472224 0.0434706 0.0388948 0.0332696 0.0267486 0.0199084
 0.00522209 0.00830603 0.0122044 0.0168657 0.0222711 0.028395 0.0351002 0.0420739 0.0488546 0.0549153 0.0597566 0.0629997 0.0644689 0.0642251 0.0625313 0.0597715 0.0563575 0.0526401 0.0488264 0.04492 0.0407238 0.0359485 0.0304163 0.0242561 0.01795
 0.00554915 0.00881883 0.0129419 0.0178543 0.0235237 0.0299079 0.0368456 0.0439912 0.0508495 0.056871 0.061552 0.0645299 0.0656573 0.0650221 0.0629011 0.0596772 0.055754 0.0514831 0.0470965 0.0426553 0.0380477 0.0330747 0.027615 0.0217879 0.015993
 0.00587718 0.00933748 0.0136965 0.0188805 0.0248457 0.0315331 0.0387534 0.0461215 0.0530982 0.0590964 0.0635926 0.0662286 0.066888 0.0657086 0.0630201 0.0592421 0.0547913 0.0500157 0.0451474 0.040273 0.0353396 0.0302236 0.024859 0.0193635 0.0140671
 0.00619859 0.00984131 0.0144215 0.0198547 0.0260872 0.033049 0.0405328 0.0481235 0.0552437 0.0612665 0.0656381 0.0679879 0.0682111 0.0664824 0.063184 0.0587899 0.0537584 0.04846 0.0431374 0.0378926 0.0327069 0.0275062 0.0222639 0.0170944 0.0122679
 0.00644617 0.010243 0.0150253 0.0207069 0.0272261 0.0344944 0.0422714 0.0500996 0.05736 0.0633951 0.067634 0.0697041 0.0695128 0.0672615 0.0633719 0.0583638 0.0527403 0.0469082 0.0411375 0.0355534 0.0301646 0.0249285 0.0198387 0.0149967 0.010616
 0.00671321 0.0106557 0.0156087 0.021476 0.0281918 0.0356679 0.0436616 0.0516991 0.0591276 0.065244 0.0694357 0.0713074 0.0707718 0.0680601 0.0636361 0.0580641 0.0518871 0.0455475 0.0393468 0.0334406 0.0278679 0.0226117 0.0176753 0.0131396 0.00916279
 0.00705215 0.0111785 0.0163433 0.0224302 0.0293542 0.0370109 0.045141 0.0532557 0.0606913 0.0667422 0.0707964 0.0724574 0.071635 0.0685614 0.0637133 0.05768 0.0510377 0.044263 0.0376908 0.0315088 0.0257865 0.0205303 0.0157491 0.0115006 0.00789037
 0.00734446 0.0116425 0.0170208 0.0233525 0.0305368 0.0384441 0.0467787 0.0550089 0.0624366 0.0683421 0.0721259 0.0734252 0.0721918 0.0686961 0.0634393 0.0570212 0.0500223 0.0429262 0.0360832 0.0297054 0.02389 0.0186655 0.0140457 0.0100669 0.00678777
 0.00748117 0.0118717 0.0173799 0.0238841 0.031284 0.0394395 0.0480293 0.0564814 0.0640492 0.0699685 0.0736122 0.0746186 0.0729738 0.0690053 0.0632757 0.0564311 0.0490743 0.0416934 0.034637 0.028121 0.0222544 0.0170793 0.0126117 0.00886986 0.00587355
 0.00746563 0.0118602 0.0173898 0.0239454 0.0314383 0.0397358 0.0485158 0.0571932 0.0649934 0.0711095 0.074865 0.0758566 0.0740514 0.06979 0.0636768 0.0564152 0.048663 0.0409471 0.0336369 0.0269559 0.0210168 0.0158629 0.0115055 0.00794403 0.00516595
 0.00743206 0.0118091 0.0173203 0.0238617 0.0313522 0.0396698 0.0485047 0.0572825 0.0652314 0.0715336 0.0754854 0.0766433 0.0749304 0.0706524 0.064401 0.0568952 0.0488332 0.0407936 0.0331937 0.0262918 0.0202201 0.0150275 0.0107178 0.00727129 0.00464571
 0.00748397 0.0118765 0.0173908 0.0239138 0.0313628 0.0396252 0.0484101 0.0571651 0.0651354 0.0715099 0.0755801 0.0768851 0.0753203 0.0711564 0.0649509 0.0574008 0.0492033 0.0409599 0.0331279 0.0260108 0.0197781 0.0145004 0.0101847 0.00679727 0.00427044
 0.0075617 0.0119762 0.0174909 0.0239759 0.0313398 0.0394764 0.0481169 0.0567412 0.0646293 0.0709995 0.0751589 0.0766417 0.0753151 0.0714041 0.0654147 0.058 0.0498319 0.0415116 0.0335207 0.0262044 0.019779 0.0143536 0.00995513 0.0065494 0.0040521
 0.00745492 0.0118295 0.0173179 0.0238012 0.0311859 0.0393456 0.0479822 0.056555 0.0643495 0.0706194 0.0747222 0.0762348 0.0750389 0.0713404 0.0655996 0.058413 0.0504021 0.0421378 0.0340989 0.0266544 0.0200616 0.0144738 0.00995148 0.00647476 0.00395497
