SBPRF35
7.99042
Curr Bio
599047
B35
531795
F35
0.210108
FOFL
0.210108
OFL
100478
Bzero
2.28298e+006
#pred survey bio
 2.69288e+006 2.55608e+006 2.37346e+006 2.17423e+006 1.90098e+006 1.59528e+006 1.37655e+006 1.27429e+006 1.17832e+006 1.0819e+006 930835 814191 731735 651455 591838 569015 553702 538156 518676 508183 495537 489683 499933 514495 511068 538824 552767 559374 537457 524522 522426 518792 542229 565944 590012 610774 572452 565280 591226 596608 602888 631705 592409 616897 635169 610032 591544 583885 562033 552315 566296 572078 615564 653647 616044 587812 576454 554345 572993 586179 584680 585875 594570 606864 1.4242e+007 1.29252e+007 1.30954e+007 1.3642e+007 1.43818e+007 1.51497e+007 1.58468e+007 1.64297e+007 1.68921e+007 1.7246e+007 1.75108e+007 1.77059e+007 1.78486e+007 1.79525e+007 1.80281e+007 1.80833e+007 1.81237e+007 1.81534e+007 1.81754e+007 1.81918e+007 1.82041e+007 1.82133e+007 1.82202e+007 1.82255e+007 1.82296e+007 1.82326e+007 1.8235e+007 1.82368e+007 1.82382e+007 1.82392e+007 1.82401e+007 1.82407e+007 1.82412e+007 1.82416e+007 1.82419e+007 1.82421e+007 1.82423e+007 1.82424e+007 1.82425e+007 1.82426e+007 1.82427e+007 1.82427e+007 1.82428e+007 1.82428e+007 1.82428e+007 1.82428e+007 1.82429e+007 1.82429e+007 1.82429e+007 1.82429e+007 1.82429e+007 1.82429e+007 1.82429e+007 1.82429e+007 1.82429e+007 1.82429e+007 1.82429e+007 1.82429e+007 1.82429e+007 1.82429e+007 1.82429e+007 1.82429e+007 1.82429e+007 1.82429e+007 1.82429e+007 1.82429e+007 1.82429e+007 1.82429e+007 1.82429e+007 1.82429e+007 1.82429e+007 1.82429e+007 1.82429e+007 1.82429e+007 1.82429e+007 1.82429e+007 1.82429e+007 1.82429e+007 1.82429e+007 1.82429e+007 1.82429e+007 1.82429e+007 1.82429e+007 1.82429e+007 1.82429e+007 1.82429e+007 1.82429e+007 1.82429e+007 1.82429e+007 1.82429e+007 1.82429e+007 1.82429e+007 1.82429e+007 1.82429e+007 1.82429e+007 1.82429e+007 1.82429e+007 1.82429e+007 1.82429e+007 1.82429e+007 0 0 0 0 0 0 0 0 0 0 0 0 0 0 0 0 0 0 0 0 0 0 0 0 0
#obs survey bio
 2.41814e+006 2.72841e+006 2.47632e+006 2.44179e+006 1.73028e+006 1.85468e+006 901594 1.28885e+006 1.26584e+006 1.18251e+006 812806 626683 576322 706538 507353 523402 598957 483001 649398 421403 501167 435821 674189 677224 364023 498004 630916 559720 466779 511020 478125 586612 500407 537147 630813 728486 437302 489642 560233 460963 643720 845883 452151 625114 779408 675833 664704 617200 520347 566881 616867 421909 675993 625566 681708 623838 495949 735826 650366 468448 629326 676452 766751 593751
#pred catch bio
 283296 289272 278807 296784 313405 299850 285954 275867 249065 272214 234149 204600 191349 171078 144754 144815 130576 123297 109008 111336 113351 103810 100618 108983 96761.8 106540 94698.3 99934.7 96520 92005.7 101573 88738.8 87463.5 88085.1 85240.6 95928.3 84988.5 80261.1 81810.8 90858.1 82979.3 96316 96412.7 91422 93358.6 98934.7 89313.8 92878.4 100189 71362.1 100678 89008.8 76009.5 123132 120579 77342.4 106472 78167.3 86989.9 95537.3 90001.6 90513.9 94967.5 96749.9 100478 99344.5 99294.5 102363 107359 112665 117427 121313 124290 126472 128019 129089 129816 130301 130623 130833 130969 131058 131115 131151 131174 131189 131198 131204 131208 131211 131212 131213 131214 131214 131214 131214 131215 131215 131215 131215 131215 131215 131215 131215 131215 131215 131215 131215 131215 131215 131215 131215 131215 131215 131215 131215 131215 131215 131215 131215 131215 131215 131215 131215 131215 131215 131215 131215 131215 131215 131215 131215 131215 131215 131215 131215 131215 131215 131215 131215 131215 131215 131215 131215 131215 131215 131215 131215 131215 131215 131215 131215 131215 131215 131215 131215 131215 131215 131215 131215 131215 131215 131215 131215 0 0 0 0 0 0 0 0 0 0 0 0 0 0 0 0 0 0 0 0 0 0 0 0 0
#obs catch bio
 254671 289306 278636 296551 313091 299242 288345 276684 248499 272239 234027 204823 191221 171072 144619 145732 130419 123294 108806 111223 113588 103890 100618 108826 96890.4 106865 94503.9 99816.7 96538 91888.5 101815 88852.3 87431.3 88112.5 85182.1 95890.9 84948 80359 81657.7 90989.5 82964.1 96089.1 96844.4 91403.4 93157 99104.3 89242.1 92748.2 100682 70919.3 101074 89300.1 75572.7 123373 121200 76787.3 107064 77954.6 87021.9 95634.6 89920.2 90486.2 95019.2 96746.5
#pred cpue bio
 2.66006e+006 2.52307e+006 2.33982e+006 2.14062e+006 1.86912e+006 1.5659e+006 1.34854e+006 1.24581e+006 1.14977e+006 1.05382e+006 904543 789417 708159 629486 571167 548765 533723 518692 499747 489641 477362 471574 481471 495689 492385 519278 532838 539571 518557 506127 504346 500710 522313 543395 565524 585709 549293 542433 567479 572923 578750 606595 568973 592228 610027 586095 568125 560894 539928 530216 544171 549623 591440 628782 591975 563732 553222 531772 550158 563403 562034 563048 571265 583073 1.36883e+007 1.24271e+007 1.24996e+007 1.29706e+007 1.3693e+007 1.44583e+007 1.51549e+007 1.57378e+007 1.62002e+007 1.65541e+007 1.68189e+007 1.7014e+007 1.71567e+007 1.72606e+007 1.73362e+007 1.73914e+007 1.74318e+007 1.74615e+007 1.74835e+007 1.74999e+007 1.75122e+007 1.75214e+007 1.75284e+007 1.75336e+007 1.75377e+007 1.75407e+007 1.75431e+007 1.75449e+007 1.75463e+007 1.75474e+007 1.75482e+007 1.75488e+007 1.75493e+007 1.75497e+007 1.755e+007 1.75502e+007 1.75504e+007 1.75505e+007 1.75506e+007 1.75507e+007 1.75508e+007 1.75508e+007 1.75509e+007 1.75509e+007 1.75509e+007 1.75509e+007 1.7551e+007 1.7551e+007 1.7551e+007 1.7551e+007 1.7551e+007 1.7551e+007 1.7551e+007 1.7551e+007 1.7551e+007 1.7551e+007 1.7551e+007 1.7551e+007 1.7551e+007 1.7551e+007 1.7551e+007 1.7551e+007 1.7551e+007 1.7551e+007 1.7551e+007 1.7551e+007 1.7551e+007 1.7551e+007 1.7551e+007 1.7551e+007 1.7551e+007 1.7551e+007 1.7551e+007 1.7551e+007 1.7551e+007 1.7551e+007 1.7551e+007 1.7551e+007 1.7551e+007 1.7551e+007 1.7551e+007 1.7551e+007 1.7551e+007 1.7551e+007 1.7551e+007 1.7551e+007 1.7551e+007 1.7551e+007 1.7551e+007 1.7551e+007 1.7551e+007 1.7551e+007 1.7551e+007 1.7551e+007 1.7551e+007 1.7551e+007 1.7551e+007 1.7551e+007 1.7551e+007 1.7551e+007 0 0 0 0 0 0 0 0 0 0 0 0 0 0 0 0 0 0 0 0 0 0 0 0 0
#obs cpue bio
 2.85012e+006 2.68473e+006 2.12265e+006 2.11848e+006 2.26897e+006 1.43124e+006 981358 1.63807e+006 1.28337e+006 1.02494e+006 992247 919812 1.01821e+006 574455 641189 434234 656852 570521 413540 609726 412741 515489 356738 486407 468405 597508 537686 600346 535172 532738 517041 378288 669133 558586 495199 627481 636606 513827 779183 676531 445626 733419 410709 722855 617166 447533 508267 602021 463806 662678 437525 563151 739805 698897 412727 711238 531913 408821 482287 719737 539910 475235 431150 609540
#pred surv len freq
 0.00470302 0.00774382 0.0118532 0.0170668 0.0232716 0.0301029 0.0369296 0.0430283 0.0478602 0.0512442 0.0533144 0.0543515 0.0546389 0.0544048 0.0538229 0.0530334 0.0521638 0.0513249 0.050554 0.0497036 0.0483489 0.0458381 0.0415658 0.0353669 0.0277643
 0.00513982 0.00838148 0.0126815 0.0180378 0.0243241 0.0311952 0.0380567 0.0442064 0.0490883 0.0524702 0.0544339 0.0552429 0.0552142 0.0546449 0.0537752 0.0527757 0.0517532 0.0507584 0.0497606 0.0485792 0.0468229 0.0439419 0.0394579 0.0332925 0.025965
 0.00532767 0.00875149 0.0133517 0.0191419 0.0259602 0.0333575 0.0405908 0.0468332 0.0514983 0.0544336 0.0558553 0.0561358 0.0556339 0.0546384 0.0533753 0.0520191 0.0506883 0.0494277 0.048176 0.046721 0.0446763 0.0415542 0.0369738 0.0309314 0.0239471
 0.00549565 0.00901349 0.0137315 0.01967 0.0266872 0.0343608 0.0419598 0.0486243 0.0536749 0.0568306 0.0582032 0.0581438 0.0570839 0.0554344 0.05353 0.0516044 0.0497902 0.0481213 0.0465178 0.0447519 0.0424427 0.039141 0.0345276 0.0286472 0.0220126
 0.0056931 0.00934386 0.0142446 0.0204145 0.0276976 0.0356411 0.0434753 0.0503118 0.055469 0.0586805 0.0600599 0.0599238 0.0586461 0.0566006 0.0541403 0.0515698 0.0491073 0.0468508 0.0447497 0.0425846 0.0399856 0.0365321 0.0319439 0.0262866 0.0200475
 0.00595445 0.00977362 0.0149005 0.0213535 0.0289643 0.0372491 0.0453871 0.0524307 0.0576536 0.0607778 0.0619412 0.0615041 0.0598772 0.0574428 0.0545375 0.0514479 0.0483997 0.0455319 0.042853 0.0402032 0.0372642 0.0336593 0.0291389 0.0237681 0.0179861
 0.00619207 0.010174 0.015529 0.0222796 0.0302466 0.0389119 0.0473972 0.0546893 0.0600106 0.0630619 0.0639898 0.0631863 0.0611057 0.0581741 0.0547579 0.0511516 0.0475734 0.0441588 0.0409377 0.0378015 0.0345026 0.0307334 0.0262874 0.0212246 0.0159232
 0.00637692 0.0104866 0.0160227 0.023014 0.0312777 0.0402755 0.049089 0.0566539 0.0621439 0.0652256 0.066031 0.0649572 0.0624812 0.0590655 0.0551169 0.050963 0.0468412 0.0428946 0.0391641 0.0355721 0.0319281 0.0279923 0.023607 0.0188325 0.0139876
 0.00662415 0.0108738 0.0165792 0.0237599 0.032225 0.0414273 0.0504359 0.0581685 0.0637773 0.066908 0.067675 0.066462 0.0637411 0.0599801 0.0556036 0.0509652 0.0463304 0.0418683 0.0376455 0.0336186 0.0296462 0.0255466 0.0212055 0.0166843 0.0122484
 0.0067209 0.0110534 0.0168895 0.0242567 0.0329557 0.0424083 0.0516353 0.0595085 0.0651597 0.0682462 0.0689124 0.0675671 0.064687 0.0607265 0.0560914 0.0511248 0.0460973 0.0411986 0.0365289 0.03209 0.0277953 0.02352 0.0191896 0.0148667 0.01077
 0.00699862 0.0115021 0.0175599 0.0251942 0.0341916 0.0439452 0.0534288 0.0614573 0.0671132 0.0700314 0.0703714 0.0685917 0.0652375 0.060826 0.0557973 0.0504944 0.0451639 0.0399703 0.0350068 0.0302954 0.0257941 0.0214317 0.0171733 0.0130842 0.00933966
 0.00717761 0.0118015 0.0180256 0.0258738 0.0351237 0.0451433 0.0548659 0.0630609 0.0687759 0.0716301 0.0717842 0.0697103 0.0659778 0.0611399 0.05568 0.0499793 0.0443044 0.0388193 0.0336072 0.0286894 0.0240435 0.0196326 0.0154525 0.0115712 0.00813004
 0.00722932 0.0119006 0.0182035 0.0261708 0.0355831 0.0457985 0.0557278 0.0641097 0.0699611 0.072877 0.0730034 0.0708069 0.0668613 0.0617338 0.0559318 0.0498666 0.0438364 0.0380304 0.0325478 0.0274202 0.0226382 0.0181834 0.0140668 0.0103541 0.00715755
 0.00733872 0.0120726 0.0184522 0.0265076 0.0360174 0.0463379 0.0563756 0.0648603 0.0707953 0.0737598 0.0738847 0.0716259 0.0675533 0.0622377 0.0561962 0.0498558 0.0435344 0.0374443 0.031708 0.0263795 0.0214688 0.0169742 0.0129146 0.0093477 0.00635772
 0.00751599 0.0123411 0.0188195 0.0269673 0.0365509 0.0469189 0.0569743 0.0654469 0.0713459 0.0742608 0.0743328 0.0720212 0.0678894 0.0624948 0.0563413 0.0498499 0.0433424 0.0370453 0.0311034 0.0255969 0.0205626 0.0160198 0.0119967 0.00854334 0.00571851
 0.00747265 0.0122899 0.0187773 0.0269602 0.0366056 0.0470502 0.0571764 0.0656962 0.0716138 0.0745293 0.0746017 0.0723034 0.0681971 0.0628254 0.056671 0.0501351 0.0435303 0.0370869 0.0309675 0.0252801 0.0200934 0.0154546 0.0114077 0.00800072 0.00527353
 0.00756135 0.0124124 0.0189228 0.0271085 0.0367364 0.0471565 0.0572711 0.065806 0.071762 0.0747194 0.0748147 0.0725096 0.0683737 0.0629662 0.0567812 0.050218 0.0435756 0.03707 0.0308589 0.0250605 0.0197659 0.015049 0.0109737 0.00759259 0.00493391
 0.00768887 0.0125927 0.0191434 0.0273382 0.0369322 0.047275 0.0572826 0.0657048 0.0715721 0.0744913 0.0746116 0.0723859 0.0683558 0.0630477 0.056932 0.0503999 0.0437523 0.0372094 0.0309323 0.0250463 0.0196569 0.0148582 0.0107331 0.00734368 0.00471376
 0.00777933 0.01274 0.0193636 0.0276414 0.037314 0.0477073 0.0577086 0.0660478 0.0717588 0.0744812 0.0744155 0.0720627 0.0679894 0.0627163 0.0566851 0.0502498 0.0436811 0.0371822 0.0309111 0.0249991 0.0195648 0.0147192 0.010562 0.00716556 0.00455403
 0.00777431 0.0127266 0.0193348 0.02759 0.0372374 0.0476132 0.0576164 0.0659823 0.0717368 0.0745007 0.0744548 0.0720937 0.0679961 0.0627051 0.0566803 0.0502784 0.0437564 0.0372966 0.0310396 0.0251105 0.0196337 0.0147342 0.0105282 0.00710049 0.00447935
 0.00776234 0.0127196 0.0193461 0.0276377 0.0373366 0.0477663 0.0578067 0.0661777 0.0719027 0.0746129 0.0745053 0.0720859 0.0679372 0.0626032 0.0565477 0.0501345 0.0436246 0.0371957 0.030975 0.025073 0.0196057 0.0146999 0.0104805 0.00704258 0.00442047
 0.00785947 0.0128597 0.0195248 0.0278415 0.0375493 0.0479768 0.0580136 0.0663843 0.0721065 0.0747976 0.0746424 0.0721455 0.0679015 0.062473 0.0563411 0.0498798 0.0433534 0.0369368 0.0307494 0.0248902 0.0194635 0.0145891 0.0103912 0.00696885 0.00436079
 0.00783405 0.0128233 0.0194786 0.0277882 0.037491 0.0479128 0.0579407 0.0663018 0.072023 0.0747336 0.0746235 0.0721894 0.0680057 0.0626143 0.0564858 0.0499987 0.043432 0.0369761 0.0307606 0.0248862 0.0194535 0.0145767 0.0103765 0.00695163 0.00434245
 0.00779469 0.0127519 0.0193585 0.0276016 0.0372261 0.0475733 0.0575522 0.0659099 0.0716806 0.074486 0.0744987 0.0721969 0.0681395 0.0628553 0.0568024 0.0503505 0.043778 0.0372842 0.0310136 0.0250812 0.0195962 0.014676 0.0104412 0.00698983 0.00436165
 0.00792166 0.0129391 0.0196035 0.0278872 0.0375214 0.0478387 0.057746 0.0659957 0.0716377 0.0743177 0.074234 0.0718831 0.0678285 0.06259 0.0566085 0.0502342 0.0437282 0.0372797 0.0310308 0.0251019 0.0196107 0.0146819 0.0104402 0.0069847 0.00435503
 0.00780779 0.0127754 0.0193962 0.0276548 0.037288 0.0476241 0.0575583 0.0658321 0.0714911 0.074185 0.0741214 0.0718053 0.0678039 0.0626337 0.0567273 0.0504235 0.0439722 0.0375538 0.0313073 0.0253552 0.0198231 0.0148453 0.0105558 0.00705975 0.00439949
 0.0078451 0.0128162 0.0194224 0.0276402 0.0372093 0.0474753 0.0573596 0.0656244 0.071317 0.0740685 0.0740595 0.0717769 0.0677873 0.0626212 0.0567267 0.0504503 0.0440388 0.0376618 0.0314462 0.0255069 0.0199677 0.0149679 0.0106489 0.00712334 0.0044386
 0.00778831 0.0127218 0.0192759 0.0274258 0.0369119 0.0470858 0.0568827 0.0650866 0.0707702 0.0735835 0.0737096 0.0716146 0.0678274 0.0628383 0.0570702 0.0508658 0.0444826 0.0381049 0.0318688 0.0258927 0.0203022 0.0152401 0.0108545 0.00726634 0.00452955
 0.00780083 0.0127421 0.0193056 0.0274644 0.0369546 0.0471203 0.0568885 0.0650373 0.0706417 0.0733661 0.0734173 0.0712878 0.0675232 0.0626124 0.0569583 0.0508743 0.044593 0.0382854 0.0320865 0.0261198 0.0205168 0.0154262 0.0110027 0.00737415 0.00460072
 0.00770636 0.0126108 0.0191492 0.0273077 0.036828 0.0470485 0.05688 0.0650812 0.0707113 0.0734271 0.0734382 0.0712499 0.067428 0.0624838 0.0568351 0.0507963 0.0445863 0.0383549 0.0322179 0.0262877 0.0206941 0.0155906 0.0111395 0.00747694 0.00467055
 0.00772305 0.0126094 0.0190964 0.02716 0.0365498 0.0466363 0.0563786 0.0645774 0.0703027 0.0731835 0.0733775 0.0713399 0.0676099 0.0626996 0.0570479 0.0509959 0.0447815 0.0385602 0.0324407 0.0265226 0.0209259 0.0158007 0.0113132 0.00760761 0.00475963
 0.00852461 0.0137619 0.0205496 0.028766 0.0380974 0.0479127 0.0572248 0.0649157 0.0701401 0.0725996 0.0725017 0.0703176 0.0665653 0.0617129 0.0561547 0.0502039 0.0440914 0.0379759 0.031969 0.0261664 0.020678 0.0156438 0.011224 0.00756276 0.00474025
 0.00924204 0.0148892 0.0221646 0.030891 0.0406676 0.0507442 0.0600032 0.0672406 0.0716336 0.0730357 0.0718817 0.0688489 0.0645658 0.0595005 0.0539733 0.0482011 0.0423342 0.0364824 0.0307349 0.0251798 0.019922 0.0150941 0.0108482 0.00732304 0.00459843
 0.00924448 0.0149898 0.0224928 0.0316222 0.0419726 0.052708 0.0625521 0.0701196 0.0744528 0.0753669 0.0733677 0.0692915 0.0639669 0.0580444 0.051957 0.0459428 0.0400978 0.0344432 0.0289839 0.0237476 0.0188033 0.0142628 0.010265 0.00694011 0.00436513
 0.00894015 0.0145413 0.0219109 0.0309651 0.0413536 0.052293 0.0625389 0.0706891 0.0756943 0.0772066 0.0755487 0.071431 0.0656737 0.0590412 0.0521532 0.0454325 0.0390974 0.0332049 0.0277248 0.0226144 0.0178708 0.013551 0.00975856 0.00660494 0.00415988
 0.00867043 0.0141035 0.0212566 0.0300598 0.0401964 0.050944 0.0611417 0.0694683 0.0749133 0.0770944 0.0762194 0.0728294 0.0675716 0.0610932 0.0539978 0.0467995 0.0398745 0.0334387 0.0275668 0.0222467 0.0174471 0.0131693 0.00946306 0.00640131 0.0040332
 0.00886377 0.0143566 0.0215234 0.0302565 0.0402212 0.0507108 0.060614 0.0686794 0.0739686 0.0761584 0.0754872 0.0724811 0.0677154 0.0617178 0.0549613 0.0478705 0.040812 0.0340742 0.0278483 0.022229 0.0172436 0.0128972 0.00920684 0.0062028 0.0039001
 0.00884572 0.0143573 0.0215761 0.0304005 0.0404783 0.0510558 0.0609586 0.0688897 0.0739178 0.0757889 0.0748491 0.0717237 0.0670372 0.0612975 0.0548965 0.0481451 0.0413072 0.0346196 0.0282903 0.0224832 0.0173081 0.012828 0.00907723 0.00607121 0.00379733
 0.00876634 0.0142274 0.0213815 0.030135 0.0401524 0.0507057 0.0606446 0.0686764 0.0738403 0.0758262 0.0749286 0.0717628 0.0669964 0.061209 0.0548476 0.0482268 0.041561 0.0350127 0.0287337 0.0228765 0.0175841 0.0129723 0.00911822 0.00605393 0.00376069
 0.00884473 0.0143252 0.0214739 0.0301802 0.0401036 0.0505297 0.06034 0.0682806 0.0734216 0.0754621 0.0746781 0.0716447 0.0669864 0.0612604 0.0549245 0.0483261 0.0417061 0.0352257 0.0290077 0.0231715 0.0178469 0.0131639 0.00922899 0.00609972 0.00376788
 0.00882005 0.0143207 0.0215301 0.0303494 0.0404266 0.0510048 0.0609025 0.0688133 0.0737969 0.0755946 0.0745567 0.071327 0.0665636 0.0608174 0.0545164 0.0479791 0.0414321 0.0350329 0.0288991 0.0231371 0.0178616 0.0131959 0.00925366 0.00610728 0.00376133
 0.00862936 0.0140261 0.0211188 0.0298282 0.0398297 0.0503987 0.060382 0.0684793 0.0737184 0.0757744 0.0749257 0.0717757 0.0669921 0.0611707 0.0547888 0.0481941 0.0416183 0.0352108 0.0290781 0.0233166 0.018033 0.0133461 0.00937082 0.00618685 0.00380738
 0.00879026 0.0142445 0.0213675 0.0300551 0.0399728 0.0504103 0.0602505 0.0682366 0.0734302 0.0755168 0.0747584 0.0717206 0.0670275 0.0612459 0.0548513 0.0482136 0.0415947 0.0351644 0.0290339 0.0232918 0.0180321 0.0133633 0.0093956 0.00620956 0.00382294
 0.00866725 0.0141055 0.0212677 0.0300749 0.0401851 0.0508357 0.0608271 0.0688315 0.0738931 0.0757461 0.0747391 0.0715156 0.0667341 0.0609479 0.0545922 0.047998 0.0414083 0.0349948 0.0288802 0.0231617 0.0179334 0.0132977 0.00935779 0.00619063 0.00381439
 0.00863675 0.0140202 0.0210787 0.0297283 0.0396522 0.0501501 0.0601025 0.0682342 0.0735728 0.0757642 0.0750436 0.0719794 0.0672257 0.0613856 0.054954 0.0482972 0.0416629 0.0352131 0.0290622 0.023307 0.0180454 0.0133824 0.0094208 0.00623592 0.00384492
 0.00866301 0.0140631 0.0211408 0.0298041 0.0397217 0.0501735 0.0600271 0.0680181 0.0732173 0.0753332 0.0746465 0.0717221 0.0671592 0.0614893 0.0551603 0.0485343 0.0418841 0.0354 0.0292136 0.023427 0.0181383 0.0134522 0.00947151 0.00627132 0.00386834
 0.00863324 0.0140396 0.0211506 0.0298861 0.0399133 0.0504905 0.0604455 0.0684699 0.073606 0.0755652 0.0746667 0.0715369 0.0668338 0.0611176 0.0548245 0.0482766 0.0417057 0.0352799 0.0291289 0.0233632 0.0180892 0.0134157 0.00944627 0.00625547 0.00385946
 0.00858805 0.0139547 0.0210041 0.0296573 0.0395955 0.0501071 0.0600577 0.0681643 0.0734614 0.075615 0.0748815 0.0718386 0.0671345 0.061358 0.0549909 0.0483912 0.041801 0.0353771 0.0292314 0.0234629 0.0181763 0.0134846 0.00949644 0.00628947 0.00388098
 0.0086523 0.0140506 0.0211313 0.0298064 0.039747 0.0502324 0.0601247 0.0681484 0.07336 0.0754554 0.0747131 0.0717102 0.067069 0.0613444 0.054997 0.0483873 0.0417762 0.035339 0.0291946 0.0234377 0.0181645 0.0134825 0.0094989 0.00629306 0.00388407
 0.00866977 0.0141037 0.0212555 0.0300461 0.0401391 0.050783 0.0607902 0.0688365 0.0739537 0.0758514 0.0748544 0.0715997 0.0667605 0.0609161 0.0545226 0.0479181 0.041339 0.034946 0.0288532 0.0231542 0.017942 0.0133186 0.00938594 0.00622027 0.00384036
 0.0084956 0.0138054 0.0207827 0.0293544 0.039214 0.0496707 0.0596152 0.0677839 0.073213 0.0755469 0.0750036 0.0721207 0.0675174 0.0617725 0.055376 0.0487077 0.042036 0.0355401 0.0293433 0.0235448 0.0182423 0.0135404 0.0095426 0.00632503 0.00390592
 0.00865307 0.0140533 0.0211373 0.0298161 0.0397572 0.0502344 0.060105 0.068094 0.0732675 0.0753381 0.0746001 0.0716354 0.0670563 0.0613965 0.055095 0.0485001 0.041874 0.0354044 0.0292258 0.0234441 0.0181594 0.0134761 0.00949602 0.00629394 0.00388695
 0.00854614 0.0139006 0.0209473 0.0296118 0.0395713 0.0501 0.0600443 0.0681096 0.0733382 0.0754244 0.0746599 0.0716456 0.0670261 0.0613616 0.0550956 0.0485582 0.0419851 0.0355451 0.029369 0.0235703 0.0182596 0.0135497 0.00954673 0.00632686 0.00390708
 0.00847606 0.0137531 0.0206661 0.0291316 0.0388437 0.0491294 0.0589141 0.0669756 0.0723845 0.0748007 0.074436 0.0718021 0.0674799 0.0620069 0.0558383 0.0493314 0.0427453 0.0362615 0.0300152 0.0241243 0.0187081 0.0138909 0.00978984 0.00648848 0.00400683
 0.00880143 0.0142788 0.0214455 0.030196 0.0401774 0.0506411 0.0604243 0.0682445 0.0731838 0.0749981 0.0740408 0.0709462 0.0663537 0.0607907 0.0546634 0.0482746 0.0418425 0.0355232 0.0294362 0.0236885 0.0183927 0.0136709 0.00964221 0.00639375 0.00394938
 0.00884997 0.0144005 0.0217074 0.0306859 0.0409805 0.0518009 0.0619042 0.0699108 0.0748216 0.0763584 0.0749031 0.0711792 0.0659503 0.0598633 0.0533997 0.0468763 0.0404762 0.0342982 0.028407 0.0228694 0.0177723 0.0132235 0.00933598 0.00619586 0.00382952
 0.0086602 0.0140661 0.0211626 0.0298713 0.0398781 0.0504797 0.0605462 0.0687847 0.0741984 0.0764048 0.0756112 0.0723711 0.0673502 0.0611973 0.0544771 0.0476236 0.040921 0.0345238 0.028505 0.0229098 0.017795 0.0132446 0.0093577 0.00621559 0.00384482
 0.00870526 0.0141632 0.021348 0.0301806 0.0403227 0.0510188 0.0610779 0.0691757 0.0743481 0.0763052 0.0753581 0.0721109 0.0671976 0.0611773 0.0545266 0.0476414 0.0408292 0.0343021 0.0281881 0.0225592 0.0174686 0.0129785 0.00916332 0.0060868 0.00376686
 0.00845332 0.0137621 0.0207644 0.0293998 0.0393637 0.049949 0.0600162 0.0682699 0.0737278 0.0760359 0.07543 0.0724679 0.0677786 0.0619346 0.0554116 0.0485842 0.0417375 0.0350871 0.0287948 0.0229801 0.017734 0.0131342 0.00925141 0.0061365 0.00379521
 0.00847692 0.0137689 0.0207161 0.0292412 0.0390366 0.0494168 0.0592871 0.0674076 0.0728428 0.075259 0.0748774 0.0722111 0.0678312 0.0622608 0.055948 0.0492575 0.0424725 0.0358085 0.0294355 0.0234944 0.0181073 0.0133804 0.00940064 0.00622102 0.00384072
 0.00863667 0.014015 0.0210583 0.0296721 0.0395249 0.0499015 0.0596789 0.0676047 0.0727631 0.0748773 0.0742447 0.0714434 0.0670717 0.0616349 0.0555314 0.0490684 0.0424816 0.0359579 0.0296572 0.0237263 0.0183051 0.0135236 0.00948967 0.00626876 0.00386283
 0.00867749 0.014088 0.02118 0.0298608 0.0397942 0.0502511 0.0600842 0.0680132 0.0731004 0.0750639 0.0742196 0.0711873 0.0666196 0.0610706 0.054963 0.0485942 0.0421622 0.0358056 0.0296435 0.0238004 0.0184144 0.0136283 0.00956912 0.00631906 0.00388988
 0.00860133 0.0139853 0.0210651 0.0297615 0.0397463 0.0502871 0.0602234 0.0682547 0.0734206 0.0754173 0.0745443 0.0714164 0.0666999 0.0609817 0.0547283 0.0482753 0.0418378 0.0355437 0.0294804 0.023736 0.0184222 0.0136728 0.00962069 0.00636079 0.00391691
 0.0085056 0.013841 0.0208703 0.0295248 0.0394884 0.0500408 0.0600313 0.0681618 0.0734618 0.0756028 0.074851 0.0717905 0.06707 0.061279 0.0549056 0.0483207 0.0417761 0.0354249 0.029359 0.0236506 0.0183861 0.0136775 0.0096472 0.00639158 0.00394171
#obs surv len freq
 0.00496748 0.00813755 0.0123794 0.0177072 0.023995 0.0308772 0.0377273 0.0438201 0.0486024 0.0518708 0.053743 0.0545059 0.0544827 0.0539745 0.0532436 0.0525031 0.0518962 0.0514554 0.0510411 0.050284 0.0486022 0.0453656 0.0401974 0.0332665 0.0253546
 0.00518442 0.00849153 0.0129146 0.0184657 0.0250093 0.0321577 0.0392499 0.0455214 0.0503887 0.053634 0.0553754 0.0559071 0.0555616 0.0546512 0.0534544 0.0522071 0.0510819 0.050147 0.0493025 0.0482207 0.0463587 0.0431141 0.0381142 0.0314987 0.0239878
 0.00542403 0.0088823 0.013505 0.0193018 0.026126 0.0335652 0.0409194 0.0473805 0.0523314 0.0555411 0.0571334 0.0574173 0.0567412 0.0554299 0.0537711 0.0520108 0.0503382 0.0488497 0.0474883 0.0459826 0.0438502 0.0405378 0.03569 0.029417 0.0223654
 0.00566127 0.00927406 0.0141059 0.0201662 0.0272976 0.0350592 0.042706 0.0493786 0.0544212 0.0575886 0.059012 0.0590209 0.0579866 0.0562528 0.0541207 0.0518443 0.0496202 0.0475612 0.045645 0.043657 0.041188 0.0377524 0.0330287 0.0271044 0.0205472
 0.00590077 0.00966514 0.0146981 0.0210079 0.0284278 0.0364951 0.0444271 0.0513199 0.0564796 0.0596391 0.060927 0.0606843 0.0593013 0.0571442 0.0545341 0.0517391 0.0489652 0.0463371 0.0438588 0.0413669 0.0385253 0.0349252 0.0302918 0.0246997 0.0186395
 0.006138 0.0100554 0.015294 0.0218609 0.0295783 0.037956 0.0461683 0.053264 0.0585139 0.061639 0.0627753 0.0622803 0.0605618 0.0580013 0.0549334 0.051638 0.0483313 0.0451506 0.042124 0.0391335 0.0359129 0.0321307 0.0275646 0.0222845 0.0167099
 0.00639494 0.0104727 0.0159212 0.0227444 0.0307523 0.0394295 0.0479103 0.0551976 0.0605262 0.0636013 0.064565 0.0637946 0.0617226 0.0587535 0.0552386 0.0514675 0.0476618 0.043966 0.0404273 0.0369684 0.0333873 0.0294267 0.0249179 0.0199311 0.0148212
 0.00662489 0.0108543 0.0165095 0.0235945 0.0319072 0.0409012 0.0496618 0.0571388 0.0625291 0.0655279 0.066291 0.0652219 0.062781 0.059397 0.05544 0.0512117 0.0469395 0.0427731 0.038773 0.0348945 0.0309912 0.0268728 0.0224209 0.0177089 0.0130342
 0.00683698 0.0112024 0.0170398 0.024353 0.0329315 0.0422073 0.0512291 0.0589018 0.064384 0.067349 0.0679515 0.0666104 0.0638126 0.0600169 0.0556211 0.0509464 0.0462309 0.0416303 0.0372159 0.0329685 0.028787 0.0245373 0.0201447 0.0156854 0.0114064
 0.00705766 0.0115626 0.0175844 0.0251239 0.0339593 0.0434976 0.0527493 0.0605778 0.0661107 0.069011 0.0694412 0.0678373 0.0647064 0.0605283 0.0557218 0.0506272 0.0454977 0.0405003 0.0357188 0.0311557 0.0267462 0.0224012 0.0180804 0.0138602 0.0099429
 0.00727109 0.0119125 0.0181162 0.0258807 0.0349723 0.044771 0.0542463 0.0622164 0.0677764 0.070581 0.070806 0.0689138 0.0654397 0.0608885 0.0556979 0.0502217 0.044723 0.0393776 0.034281 0.029456 0.0248683 0.0204646 0.0162301 0.0122379 0.0086497
 0.0074455 0.0122001 0.0185566 0.0265132 0.0358278 0.0458593 0.0555426 0.0636563 0.0692639 0.0720061 0.0720634 0.0699162 0.0661251 0.0612221 0.0556693 0.0498389 0.0440055 0.0383526 0.0329853 0.0279422 0.0232139 0.0187751 0.0146296 0.0108444 0.00754501
 0.00750408 0.0123028 0.0187257 0.0267759 0.0362128 0.0463901 0.0562292 0.0644892 0.0702125 0.0730201 0.0730772 0.0708547 0.0669125 0.0617908 0.0559686 0.0498394 0.0436991 0.0377503 0.0321155 0.0268528 0.0219755 0.0174812 0.0133876 0.00975483 0.00667757
 0.00762351 0.0124803 0.0189625 0.0270644 0.0365416 0.0467517 0.0566243 0.0649261 0.0707004 0.073561 0.0736598 0.0714514 0.0674801 0.0622756 0.0563138 0.0499939 0.0436257 0.0374318 0.031558 0.026088 0.021061 0.0164975 0.0124271 0.00890407 0.00599653
 0.00766206 0.0125473 0.0190705 0.0272253 0.0367618 0.0470253 0.0569306 0.0652348 0.0709855 0.0738149 0.0738965 0.0716966 0.0677525 0.0625718 0.0566039 0.0502277 0.0437466 0.0373914 0.0313291 0.0256721 0.0204914 0.0158353 0.0117493 0.00828567 0.00549215
 0.00771214 0.0126186 0.0191596 0.0273244 0.0368626 0.0471249 0.057034 0.0653513 0.0711218 0.0739691 0.0740599 0.0718604 0.0679154 0.0627393 0.0567785 0.0503985 0.0438847 0.0374553 0.0312788 0.0254848 0.0201724 0.0154198 0.0112939 0.00785176 0.00512802
 0.00778656 0.012732 0.0193155 0.0275194 0.0370857 0.0473576 0.0572524 0.0655313 0.0712462 0.0740347 0.0740776 0.0718497 0.0678955 0.0627237 0.0567742 0.0504057 0.0438939 0.0374465 0.0312242 0.0253589 0.0199644 0.0151416 0.0109785 0.00754226 0.00486229
 0.00781213 0.0127742 0.0193798 0.0276108 0.0372064 0.0475048 0.0574157 0.0656931 0.0713857 0.074134 0.0741279 0.0718542 0.0678678 0.0626821 0.0567354 0.050379 0.0438793 0.037434 0.031196 0.0252949 0.0198506 0.0149781 0.0107819 0.00733999 0.00468211
 0.00785916 0.0128439 0.0194724 0.0277224 0.0373308 0.0476358 0.0575484 0.065823 0.0715067 0.0742371 0.0742021 0.0718896 0.06786 0.0626351 0.0566609 0.0502926 0.043794 0.0373554 0.0311204 0.0252121 0.0197497 0.0148546 0.0106416 0.00719754 0.00455465
 0.00787679 0.0128726 0.0195155 0.0277821 0.0374072 0.0477251 0.0576428 0.0659121 0.0715811 0.0742924 0.0742391 0.0719115 0.0678688 0.0626302 0.0566406 0.0502574 0.0437476 0.0373027 0.0310643 0.0251513 0.01968 0.0147732 0.0105506 0.00710467 0.00447036
 0.00788475 0.0128809 0.0195195 0.0277755 0.0373846 0.0476852 0.0575911 0.0658598 0.0715413 0.0742744 0.0742464 0.0719423 0.0679178 0.0626907 0.0567051 0.0503183 0.0437986 0.0373398 0.0310857 0.0251563 0.0196683 0.0147452 0.0105094 0.0070564 0.00442275
 0.00790252 0.0129059 0.0195498 0.0278061 0.037408 0.0476933 0.0575771 0.0658206 0.0714798 0.0742005 0.0741748 0.0718882 0.0678917 0.0626956 0.0567367 0.0503674 0.0438546 0.037393 0.0311289 0.0251848 0.0196803 0.0147412 0.0104923 0.00703125 0.00439541
 0.00790158 0.0129026 0.0195414 0.0277891 0.0373784 0.0476481 0.0575156 0.0657451 0.0713951 0.0741138 0.0740952 0.0718263 0.0678578 0.0626967 0.0567746 0.0504371 0.0439457 0.0374924 0.0312238 0.0252652 0.0197404 0.0147793 0.0105105 0.00703443 0.00438966
 0.0079072 0.0129103 0.0195502 0.0277967 0.0373818 0.0476436 0.0574996 0.065715 0.07135 0.0740554 0.0740283 0.0717579 0.0677971 0.0626529 0.0567554 0.0504464 0.0439823 0.0375498 0.0312917 0.0253327 0.0197981 0.0148218 0.0105368 0.00704675 0.00439243
 0.00787649 0.0128595 0.0194724 0.0276858 0.0372346 0.0474633 0.0572979 0.0655115 0.0711683 0.0739163 0.0739449 0.0717343 0.0678295 0.062733 0.056873 0.0505917 0.0441456 0.0377214 0.0314613 0.0254894 0.0199325 0.014928 0.010613 0.00709596 0.00442055
 0.00787632 0.0128518 0.0194472 0.0276295 0.0371333 0.0473088 0.0570931 0.0652722 0.0709202 0.0736892 0.0737664 0.0716241 0.0677968 0.0627759 0.0569806 0.0507479 0.0443328 0.0379228 0.031662 0.0256766 0.0200958 0.0150602 0.0107116 0.00716313 0.00446189
 0.00786691 0.0128386 0.0194309 0.0276103 0.0371096 0.0472748 0.0570383 0.0651848 0.070793 0.073526 0.0735841 0.0714495 0.0676582 0.0626955 0.0569689 0.0508028 0.0444425 0.0380698 0.0318272 0.0258424 0.0202477 0.0151882 0.0108106 0.00723292 0.00450653
 0.00783195 0.0127823 0.0193474 0.0274957 0.0369637 0.0471033 0.0568538 0.0650046 0.0706336 0.0733974 0.0734886 0.0713849 0.067624 0.062696 0.0570115 0.0508931 0.0445794 0.0382441 0.0320232 0.0260417 0.0204329 0.0153463 0.0109345 0.00732181 0.0045646
 0.00781758 0.0127551 0.0192993 0.0274173 0.0368464 0.0469436 0.0566573 0.0647868 0.0704175 0.0732076 0.0733447 0.0712978 0.0675948 0.062719 0.0570791 0.050999 0.0447192 0.0384124 0.0322111 0.0262359 0.0206183 0.0155088 0.0110651 0.00741765 0.00462851
 0.00777203 0.0126841 0.0191983 0.0272834 0.0366792 0.0467449 0.0564324 0.0645458 0.0701763 0.0729868 0.0731667 0.0711825 0.0675552 0.0627576 0.0571885 0.0511649 0.044925 0.0386424 0.0324512 0.0264725 0.0208378 0.0156993 0.0112182 0.00753059 0.00470451
 0.00774017 0.0126291 0.0191099 0.0271512 0.0364954 0.0465099 0.0561579 0.0642547 0.0698966 0.0727448 0.0729817 0.071066 0.0675132 0.0627919 0.0572961 0.0513373 0.0451479 0.0388979 0.0327201 0.0267366 0.0210812 0.0159093 0.0113866 0.00765524 0.00478892
 0.0093383 0.0148657 0.021808 0.0299224 0.0388525 0.048046 0.0566894 0.0638497 0.0687943 0.0712352 0.0713158 0.0694201 0.0659925 0.0614502 0.0561543 0.0503971 0.0443993 0.0383238 0.0322983 0.0264422 0.0208883 0.0157924 0.0113226 0.00762461 0.00477689
 0.00933409 0.0151529 0.0227582 0.0319951 0.0423944 0.0530203 0.0625043 0.0694542 0.0730503 0.0733656 0.0711613 0.0673815 0.0627558 0.0576939 0.0523807 0.0469028 0.0413247 0.0357152 0.0301538 0.0247357 0.0195799 0.0148326 0.0106546 0.0071875 0.00451035
 0.0089562 0.0145635 0.0219394 0.0310039 0.0414148 0.0523963 0.0626976 0.0708802 0.0758313 0.0771478 0.0751589 0.0706744 0.0646719 0.058042 0.0514204 0.0451286 0.0392322 0.0336651 0.0283481 0.0232549 0.0184323 0.013989 0.0100684 0.00680495 0.00427784
 0.00878552 0.01427 0.0214693 0.0303017 0.0404449 0.0511816 0.0613637 0.0696827 0.0751293 0.0773018 0.0763714 0.0728439 0.0673652 0.060636 0.0533529 0.0461107 0.0393037 0.0330932 0.0274629 0.0223254 0.0176189 0.0133564 0.009619 0.00651038 0.00409946
 0.00870965 0.0141427 0.0212691 0.0300024 0.0400173 0.0505986 0.0606133 0.0687876 0.0741713 0.0764389 0.0758269 0.0728482 0.0680542 0.0619547 0.0550334 0.0477613 0.0405696 0.0337918 0.0276195 0.0221065 0.0172267 0.0129493 0.00928377 0.00627299 0.00395014
 0.00868616 0.0140981 0.0211897 0.0298707 0.0398146 0.0503095 0.06023 0.0683117 0.0736158 0.0758346 0.0752338 0.0723672 0.0678183 0.0620883 0.0555865 0.0486584 0.0416157 0.0347469 0.0282992 0.0224475 0.0172828 0.012835 0.00911075 0.00611399 0.00383482
 0.00868277 0.0140949 0.0211886 0.0298729 0.039818 0.0503048 0.0601992 0.0682306 0.0734604 0.0755902 0.0749042 0.0719812 0.0674346 0.0617914 0.0554681 0.0487807 0.041973 0.0352538 0.0288209 0.022859 0.0175199 0.012907 0.00907419 0.00603356 0.00375603
 0.00866553 0.0140659 0.0211435 0.0298081 0.0397322 0.0502015 0.0600868 0.0681196 0.0733578 0.075494 0.0748031 0.0718613 0.0672914 0.0616405 0.0553481 0.0487432 0.0420602 0.0354724 0.0291301 0.0231849 0.0177892 0.0130783 0.00914869 0.00604101 0.00373245
 0.00866548 0.0140662 0.0211444 0.0298095 0.039733 0.0501988 0.0600763 0.0680968 0.0733199 0.0754412 0.0747374 0.071784 0.0672017 0.0615387 0.0552416 0.0486518 0.0420128 0.0354941 0.0292269 0.0233356 0.0179533 0.0132154 0.00923645 0.00608016 0.00373858
 0.00863949 0.0140306 0.0211031 0.0297702 0.0397049 0.0501888 0.0600859 0.0681214 0.0733505 0.0754671 0.0747496 0.0717773 0.0671745 0.0614929 0.0551821 0.0485876 0.0419578 0.0354657 0.0292384 0.0233883 0.0180338 0.013301 0.00930628 0.00612414 0.00375853
 0.00864383 0.0140313 0.021093 0.02974 0.0396472 0.0501039 0.059985 0.0680245 0.0732789 0.0754345 0.0747565 0.0718126 0.0672218 0.0615371 0.0552138 0.0486048 0.0419652 0.0354726 0.0292556 0.0234229 0.0180848 0.0133599 0.00936107 0.0061656 0.00378381
 0.00863581 0.014022 0.0210853 0.0297377 0.0396523 0.0501136 0.0599908 0.0680155 0.0732479 0.0753839 0.0746986 0.0717636 0.0671934 0.0615314 0.0552246 0.0486221 0.0419817 0.0354863 0.0292697 0.0234423 0.0181123 0.0133936 0.00939573 0.00619513 0.00380466
 0.0086164 0.0139912 0.0210407 0.0296784 0.0395803 0.0500344 0.0599137 0.0679508 0.0732035 0.0753614 0.0746941 0.0717712 0.0672103 0.0615581 0.0552626 0.0486706 0.0420364 0.0355418 0.0293219 0.0234901 0.0181563 0.0134342 0.00943161 0.00622433 0.00382579
 0.00862126 0.013997 0.0210455 0.029679 0.0395727 0.0500157 0.0598829 0.0679102 0.0731582 0.0753181 0.0746589 0.0717477 0.0671986 0.0615564 0.055269 0.0486841 0.0420565 0.0355674 0.029351 0.0235204 0.0181859 0.0134619 0.00945619 0.00624462 0.00384098
 0.00862241 0.0140002 0.0210524 0.0296917 0.0395923 0.0500408 0.0599091 0.0679306 0.0731656 0.0753086 0.0746334 0.0717114 0.0671589 0.06152 0.0552402 0.0486646 0.0420464 0.0355658 0.0293565 0.0235312 0.0182001 0.0134774 0.00947128 0.00625777 0.00385124
 0.00862241 0.0140002 0.0210524 0.0296917 0.0395923 0.0500408 0.0599091 0.0679306 0.0731656 0.0753086 0.0746334 0.0717114 0.0671589 0.06152 0.0552402 0.0486646 0.0420464 0.0355658 0.0293565 0.0235312 0.0182001 0.0134774 0.00947128 0.00625777 0.00385124
 0.00858798 0.0139473 0.0209788 0.0295981 0.0394828 0.0499234 0.0597953 0.0678336 0.0730975 0.0752762 0.0746365 0.0717442 0.0672129 0.0615877 0.0553157 0.0487439 0.0421262 0.0356433 0.0294291 0.0235966 0.0182567 0.0135242 0.00950785 0.00628466 0.00386962
 0.00863109 0.01401 0.0210595 0.0296901 0.0395762 0.0500074 0.0598606 0.067874 0.0731103 0.0752618 0.0745986 0.0716885 0.0671457 0.0615149 0.0552427 0.0486756 0.0420666 0.035595 0.0293931 0.0235726 0.0182428 0.0135179 0.00950667 0.00628621 0.00387213
 0.00870752 0.0141382 0.0212585 0.0299768 0.0399578 0.0504715 0.0603681 0.0683622 0.0735085 0.075513 0.0746747 0.0715938 0.0669098 0.0611802 0.0548538 0.0482719 0.041679 0.035245 0.0290935 0.0233287 0.0180543 0.0133801 0.00941184 0.00622527 0.00383584
 0.00842203 0.0136949 0.020633 0.0291671 0.0389926 0.049417 0.0593302 0.0674738 0.0728975 0.0752632 0.0748009 0.0720438 0.0675895 0.0619848 0.0556917 0.0490758 0.0424071 0.0358762 0.0296215 0.0237558 0.0183875 0.0136296 0.00958953 0.00634452 0.00391049
 0.00863961 0.0140063 0.0210222 0.0295902 0.0393865 0.0497173 0.0594879 0.0674661 0.0727322 0.0749772 0.0744515 0.0716938 0.067288 0.0617567 0.0555365 0.0489768 0.0423432 0.0358308 0.0295847 0.0237243 0.0183614 0.0136095 0.00957562 0.00633596 0.00390588
 0.00854656 0.0138881 0.0209035 0.0295098 0.0393809 0.0497977 0.0596253 0.0675982 0.0727905 0.0749206 0.0742854 0.0714653 0.0670638 0.0615951 0.0554697 0.0490062 0.0424465 0.0359749 0.0297385 0.0238655 0.0184782 0.0136988 0.00963949 0.00637876 0.00393268
 0.00839938 0.0136427 0.0205263 0.0289747 0.0386856 0.0489825 0.0587821 0.0668535 0.0722632 0.0746757 0.0743142 0.0717038 0.0674331 0.062036 0.0559525 0.0495189 0.0429781 0.0365056 0.0302407 0.0243116 0.0188488 0.0139861 0.00984713 0.0065183 0.00401954
 0.00878015 0.0142301 0.0213479 0.0300253 0.0399185 0.0503032 0.0600502 0.0679038 0.0729488 0.0749145 0.0741106 0.0711324 0.0666011 0.0610496 0.0549038 0.0484863 0.0420267 0.0356827 0.0295709 0.0237958 0.0184707 0.0137211 0.00966948 0.00640499 0.00395144
 0.00886346 0.0144091 0.0216957 0.0306308 0.0408571 0.0515929 0.0616147 0.0695689 0.0744815 0.0760877 0.0747633 0.0712037 0.0661303 0.0601507 0.0537264 0.0471808 0.0407211 0.0344731 0.0285203 0.0229362 0.0178068 0.0132371 0.00933666 0.00618996 0.00382161
 0.00851946 0.0138638 0.0209073 0.0295872 0.0395982 0.0502338 0.0603522 0.0686477 0.0741169 0.0763787 0.0756461 0.0724766 0.0675323 0.0614491 0.0547738 0.0479267 0.0411904 0.0347314 0.0286418 0.0229836 0.0178231 0.0132451 0.00934508 0.00619943 0.00383031
 0.00879121 0.0142513 0.021388 0.0301011 0.040059 0.0505529 0.0604649 0.0685365 0.0738247 0.0760049 0.0753184 0.0723005 0.0675446 0.0616026 0.0549646 0.0480465 0.0411722 0.034567 0.0283705 0.0226663 0.0175163 0.012987 0.00915133 0.00606815 0.00374953
 0.00848902 0.0138097 0.0208145 0.0294318 0.0393447 0.0498382 0.0597753 0.0678827 0.0732213 0.0754898 0.0749598 0.0721837 0.0677407 0.0621319 0.0557752 0.0490216 0.0421666 0.0354535 0.0290736 0.0231693 0.0178461 0.0131888 0.00926941 0.00613554 0.0037874
 0.0085092 0.0138044 0.0207387 0.0292268 0.0389614 0.0492679 0.0590701 0.0671445 0.0725612 0.074984 0.074631 0.0720193 0.0677268 0.0622742 0.0560897 0.0495069 0.0427818 0.0361212 0.0297051 0.0236961 0.0182375 0.0134509 0.00942945 0.00622609 0.00383562
 0.00858116 0.0139239 0.0209198 0.0294755 0.0392636 0.0495784 0.0593117 0.0672278 0.0724229 0.0746207 0.074106 0.0714346 0.0671822 0.0618405 0.0558053 0.0493866 0.0428214 0.036294 0.0299622 0.023977 0.0184896 0.0136435 0.00955719 0.00630047 0.00387407
 0.00859591 0.0139586 0.020992 0.0296081 0.039479 0.0498874 0.0597013 0.0676532 0.0728104 0.0748834 0.0741709 0.0712707 0.0668159 0.0613469 0.0552818 0.0489219 0.0424746 0.0360882 0.0298872 0.023999 0.0185639 0.0137298 0.00962942 0.00634905 0.00390125
 0.00860969 0.0139798 0.0210226 0.0296511 0.0395405 0.0499784 0.0598363 0.0678451 0.0730602 0.0751702 0.0744482 0.0714754 0.0668887 0.0612572 0.0550421 0.0485854 0.042115 0.0357734 0.0296596 0.0238685 0.0185142 0.0137312 0.00965278 0.00637449 0.00391978
 0.00857564 0.0139274 0.0209492 0.0295568 0.0394291 0.0498579 0.0597207 0.0677547 0.0730192 0.0752007 0.0745611 0.0716611 0.0671138 0.0614711 0.0551948 0.0486469 0.0420878 0.0356887 0.0295613 0.0237928 0.0184778 0.0137311 0.00967451 0.00640233 0.00394346
#pred catch len freq
 0.00360726 0.00586639 0.0088673 0.0126553 0.0172547 0.022609 0.0285171 0.0346378 0.0405672 0.0459272 0.050421 0.0538653 0.0562106 0.0575366 0.0580173 0.0578768 0.0573561 0.0566744 0.055949 0.0550689 0.0535952 0.0508231 0.0460904 0.0392181 0.030788
 0.0039792 0.00641151 0.00958032 0.0135015 0.0181906 0.0236106 0.0295916 0.0358065 0.041828 0.0472225 0.0516378 0.0548718 0.0569094 0.0579012 0.0580909 0.0577351 0.0570536 0.0562016 0.0552239 0.0539737 0.0520494 0.0488577 0.0438762 0.0370217 0.0288739
 0.00415668 0.0067411 0.0101483 0.0144033 0.0194964 0.0253193 0.0316013 0.0379303 0.0438569 0.048997 0.0530787 0.0559582 0.0576343 0.0582482 0.0580459 0.0573089 0.0562853 0.0551323 0.0538639 0.0522981 0.0500363 0.0465505 0.0414234 0.0346552 0.0268304
 0.00434246 0.00703014 0.0105654 0.0149792 0.0202815 0.0263914 0.033051 0.0398151 0.0461401 0.051511 0.0555497 0.0580889 0.0591988 0.0591419 0.0582719 0.0569309 0.0553835 0.0537799 0.0521177 0.0502008 0.0476373 0.0439422 0.0387669 0.0321658 0.0247167
