SBPRF35
8.84508
Curr Bio
593047
B35
674825
F35
0.200912
FOFL
0.173356
OFL
80675.8
Bzero
2.52717e+006
#pred survey bio
 3.46762e+006 3.16284e+006 2.83747e+006 2.54786e+006 2.26435e+006 1.98799e+006 1.74965e+006 1.54522e+006 1.36584e+006 1.22412e+006 1.06014e+006 937321 845894 766662 706595 673614 637336 613538 595098 591670 585182 575670 576749 581356 575077 581247 573732 576615 570285 564617 561040 542620 537691 537642 541327 550625 546611 554711 568883 581971 584838 597662 594642 590868 592367 590845 581825 583962 582367 572627 599240 592860 600582 624872 592117 559199 577909 562780 581577 590676 589005 593883 598989 598257 2.07102e+007 1.23714e+007 1.25998e+007 1.33389e+007 1.43686e+007 1.54601e+007 1.64676e+007 1.73228e+007 1.80101e+007 1.85425e+007 1.89449e+007 1.92441e+007 1.94643e+007 1.96256e+007 1.97435e+007 1.98298e+007 1.98932e+007 1.99399e+007 1.99746e+007 2.00004e+007 2.00198e+007 2.00344e+007 2.00454e+007 2.00539e+007 2.00603e+007 2.00653e+007 2.00691e+007 2.00721e+007 2.00744e+007 2.00761e+007 2.00775e+007 2.00786e+007 2.00794e+007 2.00801e+007 2.00806e+007 2.0081e+007 2.00813e+007 2.00816e+007 2.00818e+007 2.00819e+007 2.0082e+007 2.00821e+007 2.00822e+007 2.00823e+007 2.00823e+007 2.00824e+007 2.00824e+007 2.00824e+007 2.00824e+007 2.00824e+007 2.00824e+007 2.00825e+007 2.00825e+007 2.00825e+007 2.00825e+007 2.00825e+007 2.00825e+007 2.00825e+007 2.00825e+007 2.00825e+007 2.00825e+007 2.00825e+007 2.00825e+007 2.00825e+007 2.00825e+007 2.00825e+007 2.00825e+007 2.00825e+007 2.00825e+007 2.00825e+007 2.00825e+007 2.00825e+007 2.00825e+007 2.00825e+007 2.00825e+007 2.00825e+007 2.00825e+007 2.00825e+007 2.00825e+007 2.00825e+007 2.00825e+007 2.00825e+007 2.00825e+007 2.00825e+007 2.00825e+007 2.00825e+007 2.00825e+007 2.00825e+007 2.00825e+007 2.00825e+007 2.00825e+007 2.00825e+007 2.00825e+007 2.00825e+007 2.00825e+007 2.00825e+007 2.00825e+007 2.00825e+007 2.00825e+007 2.00825e+007 0 0 0 0 0 0 0 0 0 0 0 0 0 0 0 0 0 0 0 0 0 0 0 0 0
#obs survey bio
 2.41814e+006 2.72841e+006 2.47632e+006 2.44179e+006 1.73028e+006 1.85468e+006 901594 1.28885e+006 1.26584e+006 1.18251e+006 812806 626683 576322 706538 507353 523402 598957 483001 649398 421403 501167 435821 674189 677224 364023 498004 630916 559720 466779 511020 478125 586612 500407 537147 630813 728486 437302 489642 560233 460963 643720 845883 452151 625114 779408 675833 664704 617200 520347 566881 616867 421909 675993 625566 681708 623838 495949 735826 650366 468448 629326 676452 766751 593751
#pred catch bio
 250495 287846 277110 294134 309568 295230 281012 269899 243578 265436 228914 200385 187361 167641 142054 142004 128098 121097 107262 109468 111360 102054 98939.3 107035 95312.6 104875 93520 98814.3 95565.5 91145.1 100536 87978.2 86845.8 87661.4 85049.6 96016.4 85171 80413 82000.6 91120.7 83182.6 96706.1 96754.5 91708.2 93777.6 99433.4 89683.7 93230.2 100466 71432.2 100692 88930.5 75972.1 123253 120802 77507.6 106770 78277.7 87072.5 95603.4 90047 90535.6 94960.3 96722.6 80675.8 91624.6 92011.5 96084.6 102965 110546 117516 123324 127865 131261 133720 135456 136659 137481 138036 138407 138654 138816 138923 138993 139039 139068 139087 139100 139108 139113 139117 139119 139120 139121 139122 139122 139122 139122 139123 139123 139123 139123 139123 139123 139123 139123 139123 139123 139123 139123 139123 139123 139123 139123 139123 139123 139123 139123 139123 139123 139123 139123 139123 139123 139123 139123 139123 139123 139123 139123 139123 139123 139123 139123 139123 139123 139123 139123 139123 139123 139123 139123 139123 139123 139123 139123 139123 139123 139123 139123 139123 139123 139123 139123 139123 139123 139123 139123 139123 139123 139123 139123 139123 139123 0 0 0 0 0 0 0 0 0 0 0 0 0 0 0 0 0 0 0 0 0 0 0 0 0
#obs catch bio
 254671 289306 278636 296551 313091 299242 288345 276684 248499 272239 234027 204823 191221 171072 144619 145732 130419 123294 108806 111223 113588 103890 100618 108826 96890.4 106865 94503.9 99816.7 96538 91888.5 101815 88852.3 87431.3 88112.5 85182.1 95890.9 84948 80359 81657.7 90989.5 82964.1 96089.1 96844.4 91403.4 93157 99104.3 89242.1 92748.2 100682 70919.3 101074 89300.1 75572.7 123373 121200 76787.3 107064 77954.6 87021.9 95634.6 89920.2 90486.2 95019.2 96746.5
#pred cpue bio
 3.40666e+006 3.10493e+006 2.78275e+006 2.49457e+006 2.21236e+006 1.93756e+006 1.70056e+006 1.49764e+006 1.32026e+006 1.18042e+006 1.01931e+006 898718 809117 731807 673382 641364 606437 583690 565968 562668 556330 547066 548153 552862 547081 553395 546658 550062 544411 539299 536334 518908 513678 512251 514904 524142 520825 528934 542817 555586 558287 570765 567891 564250 565865 564498 555715 557746 556063 546302 571969 565799 573293 597135 565410 533048 550972 536367 554727 563908 562454 567031 571839 571466 1.98167e+007 1.18533e+007 1.19678e+007 1.25667e+007 1.35442e+007 1.46228e+007 1.56276e+007 1.64823e+007 1.71695e+007 1.77019e+007 1.81043e+007 1.84035e+007 1.86237e+007 1.8785e+007 1.89029e+007 1.89892e+007 1.90526e+007 1.90993e+007 1.91339e+007 1.91598e+007 1.91791e+007 1.91937e+007 1.92048e+007 1.92133e+007 1.92197e+007 1.92247e+007 1.92285e+007 1.92315e+007 1.92337e+007 1.92355e+007 1.92369e+007 1.9238e+007 1.92388e+007 1.92395e+007 1.924e+007 1.92404e+007 1.92407e+007 1.9241e+007 1.92412e+007 1.92413e+007 1.92414e+007 1.92415e+007 1.92416e+007 1.92417e+007 1.92417e+007 1.92417e+007 1.92418e+007 1.92418e+007 1.92418e+007 1.92418e+007 1.92418e+007 1.92418e+007 1.92419e+007 1.92419e+007 1.92419e+007 1.92419e+007 1.92419e+007 1.92419e+007 1.92419e+007 1.92419e+007 1.92419e+007 1.92419e+007 1.92419e+007 1.92419e+007 1.92419e+007 1.92419e+007 1.92419e+007 1.92419e+007 1.92419e+007 1.92419e+007 1.92419e+007 1.92419e+007 1.92419e+007 1.92419e+007 1.92419e+007 1.92419e+007 1.92419e+007 1.92419e+007 1.92419e+007 1.92419e+007 1.92419e+007 1.92419e+007 1.92419e+007 1.92419e+007 1.92419e+007 1.92419e+007 1.92419e+007 1.92419e+007 1.92419e+007 1.92419e+007 1.92419e+007 1.92419e+007 1.92419e+007 1.92419e+007 1.92419e+007 1.92419e+007 1.92419e+007 1.92419e+007 1.92419e+007 1.92419e+007 0 0 0 0 0 0 0 0 0 0 0 0 0 0 0 0 0 0 0 0 0 0 0 0 0
#obs cpue bio
 2.85012e+006 2.68473e+006 2.12265e+006 2.11848e+006 2.26897e+006 1.43124e+006 981358 1.63807e+006 1.28337e+006 1.02494e+006 992247 919812 1.01821e+006 574455 641189 434234 656852 570521 413540 609726 412741 515489 356738 486407 468405 597508 537686 600346 535172 532738 517041 378288 669133 558586 495199 627481 636606 513827 779183 676531 445626 733419 410709 722855 617166 447533 508267 602021 463806 662678 437525 563151 739805 698897 412727 711238 531913 408821 482287 719737 539910 475235 431150 609540
#pred surv len freq
 0.00546981 0.00887952 0.0133583 0.0188748 0.0252759 0.032198 0.0390387 0.0451031 0.0498634 0.0531355 0.0550531 0.0559128 0.05603 0.0556639 0.0549926 0.0541093 0.0530361 0.0517405 0.0501333 0.0480379 0.0451701 0.0411968 0.0359102 0.0294449 0.0223715
 0.00578593 0.00930805 0.0138515 0.0193515 0.0256651 0.0324959 0.0393384 0.045563 0.0506205 0.0542132 0.0563238 0.0571405 0.056966 0.0561414 0.0549745 0.0536786 0.052342 0.0509278 0.049286 0.0471622 0.0442236 0.0401467 0.0347819 0.0283285 0.0213834
 0.00620403 0.00997769 0.0148339 0.0206798 0.0273189 0.0343764 0.0412651 0.0473152 0.0520206 0.0552023 0.0569683 0.0575579 0.057224 0.0562068 0.0547445 0.0530607 0.0513193 0.0495687 0.0477039 0.045463 0.0424809 0.0384144 0.033124 0.0268319 0.0201379
 0.00652488 0.0105018 0.015628 0.0218085 0.0288325 0.0362875 0.043519 0.04977 0.0544546 0.0573579 0.0586219 0.058585 0.0576233 0.0560651 0.0541647 0.0521057 0.0500072 0.0479113 0.0457464 0.0432947 0.0402194 0.0361865 0.0310546 0.0250342 0.0186954
 0.00687391 0.0110565 0.01644 0.0229207 0.0302748 0.03807 0.045619 0.0521195 0.0569351 0.059803 0.0608302 0.0603471 0.058763 0.0564827 0.053857 0.0511465 0.0485033 0.0459656 0.0434517 0.0407524 0.037558 0.033563 0.0286355 0.0229644 0.017067
 0.00726816 0.0116841 0.0173595 0.0241769 0.0318909 0.040035 0.0478759 0.0545634 0.0594282 0.0621987 0.0629898 0.0621401 0.0600631 0.0571727 0.0538494 0.0504088 0.0470695 0.043927 0.0409369 0.0379131 0.0345676 0.0306147 0.0259269 0.0206639 0.0152759
 0.00754296 0.0121411 0.0180661 0.0252015 0.0332885 0.0418241 0.0500157 0.0569471 0.0619002 0.0645877 0.065139 0.0639233 0.0613841 0.0579559 0.054032 0.0499432 0.0459365 0.0421537 0.0386076 0.0351701 0.031602 0.0276493 0.0231861 0.0183345 0.0134679
 0.00774693 0.0124763 0.0185786 0.02594 0.0342987 0.0431382 0.0516369 0.0588365 0.0639732 0.0667202 0.0671833 0.0657288 0.0628175 0.0589152 0.054448 0.0497728 0.0451583 0.0407733 0.0366726 0.0327862 0.0289381 0.0249233 0.0206297 0.0161445 0.0117628
 0.00798697 0.012855 0.0191276 0.0266828 0.0352492 0.0442977 0.0529894 0.0603454 0.0655824 0.0683596 0.0687724 0.0671782 0.0640317 0.059799 0.0549165 0.0497605 0.0446239 0.0397044 0.0350948 0.0307763 0.0266343 0.0225183 0.0183404 0.0141631 0.0102104
 0.00812397 0.0130865 0.0194919 0.0272199 0.0359914 0.0452553 0.0541382 0.0616263 0.0669155 0.0696657 0.0699879 0.0682568 0.064935 0.0604847 0.055333 0.0498486 0.0443269 0.0389822 0.0339399 0.0292306 0.0247999 0.0205533 0.0164332 0.0124885 0.00888488
 0.00844729 0.0135958 0.020228 0.0282094 0.0372419 0.0467477 0.0558168 0.0633937 0.0686422 0.0712122 0.071233 0.06912 0.0653861 0.0605386 0.0550302 0.0492312 0.0434217 0.0377986 0.0324847 0.0275314 0.0229271 0.0186261 0.0146026 0.0108994 0.0076345
 0.00868448 0.0139748 0.0207858 0.0289752 0.0382309 0.0479521 0.0571964 0.0648732 0.0701206 0.0725806 0.0723908 0.0699859 0.0659046 0.0606851 0.0548114 0.0486794 0.0425807 0.0367105 0.0311855 0.0260601 0.0213426 0.0170184 0.0130858 0.00958526 0.00660001
 0.00880664 0.0141768 0.0210962 0.0294233 0.0388412 0.0487356 0.058141 0.0659391 0.0712442 0.0736845 0.0733955 0.0708178 0.0665027 0.0610051 0.05483 0.0483956 0.042014 0.035895 0.0301643 0.0248839 0.0200736 0.0157351 0.0118791 0.00854153 0.00577823
 0.00896569 0.0144234 0.0214454 0.0298824 0.0394103 0.0494085 0.0589032 0.0667654 0.0720972 0.0745171 0.074155 0.0714517 0.0669639 0.0612565 0.0548478 0.0481707 0.0415526 0.0352182 0.0293067 0.0238929 0.0190091 0.0146683 0.0108859 0.00769002 0.00511213
 0.00914418 0.0146938 0.0218156 0.0303463 0.0399502 0.0499989 0.0595148 0.0673676 0.0726618 0.0750225 0.0745872 0.0718011 0.0672191 0.0614008 0.05486 0.0480304 0.0412465 0.0347453 0.028682 0.0231482 0.0181926 0.0138406 0.0101117 0.00702566 0.00459291
 0.00905014 0.0145703 0.0216837 0.0302431 0.0399175 0.050067 0.0596894 0.0676295 0.072979 0.0753657 0.0749391 0.0721547 0.0675695 0.0617357 0.0551555 0.048253 0.0413604 0.0347221 0.0285089 0.0228341 0.0177685 0.0133555 0.00962289 0.00658602 0.00423879
 0.00913459 0.0146815 0.0218044 0.0303453 0.0399758 0.0500759 0.0596734 0.0676355 0.0730528 0.0755272 0.0751728 0.0724208 0.0678255 0.0619528 0.0553205 0.0483601 0.0414018 0.0346853 0.0283817 0.0226134 0.0174672 0.0130036 0.00926151 0.00625621 0.00397044
 0.00924957 0.0148485 0.0220176 0.0305833 0.040204 0.050253 0.0597619 0.0676135 0.0729264 0.0753349 0.0749761 0.0722811 0.0677788 0.0619991 0.055431 0.0484942 0.0415213 0.0347606 0.0283925 0.0225495 0.0173312 0.0128126 0.00904412 0.00604452 0.0037906
 0.00937474 0.0150386 0.0222777 0.0309071 0.0405725 0.0506347 0.0601135 0.0678848 0.0730705 0.0753241 0.0748149 0.0720087 0.0674586 0.0616968 0.055193 0.0483361 0.0414298 0.0347055 0.028341 0.0224763 0.0172243 0.0126745 0.0088891 0.00589281 0.00366037
 0.00941903 0.0151016 0.0223561 0.0309923 0.0406535 0.0507023 0.060163 0.0679151 0.0730812 0.0753124 0.0747756 0.0719389 0.0673634 0.0615923 0.0551036 0.0482841 0.0414254 0.0347413 0.0283953 0.0225228 0.0172425 0.0126566 0.00884038 0.00582733 0.00359406
 0.00941308 0.015105 0.0223847 0.0310668 0.0407917 0.0509079 0.0604178 0.0681811 0.073313 0.0754724 0.0748448 0.0719169 0.0672631 0.0614344 0.0549129 0.0480878 0.0412484 0.0346002 0.0282938 0.0224522 0.0171881 0.0126049 0.00878558 0.00577108 0.00354229
 0.00944418 0.0151508 0.0224456 0.0311421 0.0408828 0.0510206 0.0605619 0.0683646 0.0735322 0.0757059 0.0750551 0.0720628 0.0673145 0.0613826 0.0547714 0.0478853 0.0410195 0.0343763 0.0280971 0.0222927 0.0170645 0.0125099 0.00871084 0.0057113 0.00349543
 0.00932321 0.0149729 0.0222128 0.0308689 0.0405922 0.0507388 0.0603146 0.0681764 0.0734272 0.0757046 0.0751675 0.0722797 0.0676053 0.0617017 0.0550718 0.0481328 0.0412 0.0344943 0.0281678 0.0223329 0.0170867 0.0125207 0.00871305 0.0057069 0.00348701
 0.00922858 0.0148163 0.0219734 0.0305291 0.040146 0.0502021 0.0597324 0.0676188 0.0729725 0.0754174 0.0750822 0.0723976 0.0679002 0.0621281 0.0555731 0.04865 0.0416823 0.0349075 0.0284974 0.0225809 0.0172645 0.0126423 0.00879169 0.00575386 0.00351201
 0.00919332 0.0147679 0.0219158 0.030469 0.0400872 0.0501393 0.0596491 0.0674943 0.0727953 0.0751974 0.0748531 0.0722066 0.0677904 0.0621235 0.0556731 0.0488323 0.0419113 0.0351453 0.0287131 0.0227563 0.0173943 0.0127307 0.00884717 0.00578575 0.00352843
 0.00894545 0.0143961 0.0214152 0.029858 0.039405 0.0494392 0.0589915 0.0669383 0.0723889 0.074967 0.074801 0.0723176 0.0680435 0.0624988 0.0561504 0.0493854 0.0425044 0.0357359 0.0292597 0.0232264 0.0177702 0.0130103 0.0090404 0.00590958 0.00360168
 0.00889624 0.0143043 0.0212564 0.0296051 0.0390385 0.0489615 0.0584371 0.066372 0.0718876 0.0745957 0.0745947 0.0722781 0.0681487 0.0627179 0.0564548 0.0497527 0.042915 0.0361676 0.0296853 0.0236173 0.0181027 0.0132711 0.00922852 0.00603408 0.00367708
 0.00882068 0.0141773 0.0210572 0.0293109 0.0386287 0.0484252 0.0577831 0.0656365 0.0711356 0.0739129 0.0740707 0.0719844 0.0681201 0.0629449 0.0568913 0.0503331 0.0435724 0.0368442 0.0303347 0.0242036 0.0185999 0.013665 0.00951811 0.00623035 0.00379902
 0.00878664 0.0141285 0.0209949 0.0292381 0.0385455 0.0483238 0.0576452 0.0654373 0.0708547 0.0735479 0.0736469 0.0715553 0.0677553 0.0627104 0.0568295 0.0504515 0.0438452 0.0372237 0.0307661 0.0246362 0.0189937 0.0139938 0.0097702 0.0064073 0.00391225
 0.00865221 0.0139305 0.0207353 0.0289331 0.0382216 0.0480109 0.0573693 0.0652151 0.0706897 0.0734293 0.0735546 0.0714705 0.0676739 0.0626496 0.0568229 0.0505342 0.0440369 0.0375189 0.0311353 0.0250358 0.019379 0.0143294 0.0100359 0.00659873 0.00403754
 0.00856622 0.0137827 0.0204998 0.0285846 0.0377465 0.0474211 0.0567123 0.0645699 0.0701453 0.073056 0.0733823 0.0714862 0.0678348 0.0629052 0.0571339 0.0508815 0.0444181 0.0379357 0.031581 0.02549 0.0198111 0.0147084 0.0103403 0.00682154 0.0041856
 0.00925661 0.0147596 0.0216995 0.0298539 0.038882 0.0482362 0.0570941 0.0644992 0.0696827 0.0723112 0.0724836 0.0705533 0.0669593 0.0621403 0.0564983 0.0503732 0.0440296 0.0376619 0.0314176 0.0254265 0.019827 0.0147746 0.0104264 0.00690348 0.00424994
 0.00986095 0.0157046 0.0230442 0.0316071 0.040977 0.050507 0.0592695 0.0662445 0.0706937 0.0724225 0.0717269 0.0691325 0.0651617 0.0602402 0.0546971 0.0487851 0.0426988 0.036591 0.0305897 0.0248172 0.0194063 0.0145071 0.0102729 0.00682587 0.0042166
 0.00967825 0.015527 0.0229965 0.0318764 0.0417594 0.0519216 0.0612814 0.0686393 0.07312 0.0744828 0.0730828 0.0695903 0.0647149 0.0590543 0.0530423 0.0469491 0.0409157 0.0350099 0.0292809 0.0237943 0.0186502 0.0139806 0.0099303 0.00661946 0.00410237
 0.00923365 0.0148624 0.0221121 0.0308309 0.0406793 0.0509997 0.0607563 0.0687419 0.0739879 0.0760763 0.0751568 0.0717541 0.0665581 0.0602784 0.0535375 0.0467918 0.0403037 0.0341758 0.0284211 0.0230364 0.0180525 0.0135509 0.00964679 0.00644798 0.00400778
 0.00902193 0.0144951 0.0215201 0.029945 0.0394592 0.0494755 0.0590648 0.0671296 0.0727647 0.0755304 0.0754604 0.0728953 0.0683295 0.0623323 0.0554936 0.0483534 0.0413322 0.0346943 0.0285604 0.0229593 0.0178955 0.0133986 0.00953499 0.00638043 0.00397367
 0.00914883 0.0146673 0.0217131 0.0301067 0.0395141 0.0493385 0.0586628 0.0664304 0.0718081 0.074448 0.0744642 0.0722241 0.0681651 0.0627245 0.0563329 0.0494113 0.0423503 0.0354776 0.0290295 0.0231449 0.0178911 0.0133056 0.00942725 0.00629489 0.00391908
 0.00912167 0.0146333 0.0216793 0.0300818 0.0395002 0.0493206 0.0586018 0.0662679 0.0714858 0.0739374 0.0737948 0.0714964 0.0675355 0.0623586 0.0563429 0.0498047 0.0430218 0.0362521 0.0297345 0.0236709 0.0182125 0.0134605 0.00947854 0.00629803 0.00390836
 0.00911803 0.0146128 0.0216226 0.0299648 0.039304 0.0490433 0.058266 0.0659139 0.0711516 0.0736386 0.07352 0.0712242 0.0672644 0.0621284 0.0562289 0.049884 0.0433286 0.0367504 0.0303274 0.0242428 0.0186753 0.0137794 0.00966683 0.00639355 0.00395019
 0.00910733 0.0145991 0.0216076 0.0299495 0.0392847 0.0490079 0.0581945 0.0657854 0.0709569 0.073388 0.0732412 0.0709489 0.0670158 0.0619204 0.056077 0.0498154 0.0433769 0.0369345 0.030631 0.0246122 0.0190402 0.014082 0.00988087 0.00652382 0.00401882
 0.0090533 0.0145329 0.0215477 0.0299258 0.0393292 0.0491402 0.058409 0.0660476 0.0712114 0.0735752 0.0733148 0.0708896 0.0668345 0.0616516 0.055768 0.0495162 0.0431333 0.0367825 0.0305877 0.0246682 0.0191619 0.0142247 0.0100071 0.00661449 0.00407309
 0.00899135 0.0144219 0.0213638 0.029646 0.0389436 0.0486679 0.0579065 0.0656004 0.0709055 0.0734631 0.0733955 0.0711134 0.0671281 0.0619481 0.0560258 0.0497244 0.0433051 0.0369426 0.0307588 0.0248607 0.0193692 0.0144272 0.0101823 0.00674745 0.00416137
 0.0089715 0.0144064 0.0213697 0.0296949 0.0390503 0.0488263 0.0580828 0.0657432 0.0709703 0.0734364 0.0733009 0.0709948 0.0670228 0.0618685 0.0559613 0.049657 0.0432257 0.0368579 0.0306865 0.0248189 0.019366 0.0144573 0.0102308 0.0067978 0.00420215
 0.00892196 0.0143322 0.0212708 0.0295786 0.0389323 0.0487302 0.058036 0.0657668 0.0710671 0.0735843 0.073459 0.0711226 0.0670986 0.061895 0.0559555 0.0496355 0.043197 0.0368252 0.0306543 0.0247949 0.019358 0.0144682 0.0102562 0.00682911 0.00423085
 0.00894151 0.0143451 0.0212563 0.0295071 0.0387762 0.0484785 0.0577071 0.0654093 0.0707471 0.0733631 0.0733732 0.0711732 0.0672554 0.0621114 0.0561875 0.0498531 0.0433866 0.0369839 0.0307845 0.0249013 0.019446 0.0145426 0.0103193 0.00688065 0.00426996
 0.00895243 0.0143692 0.0213026 0.029584 0.038884 0.0486018 0.0578115 0.0654507 0.0706913 0.0732061 0.0731478 0.0709368 0.0670648 0.0620005 0.056159 0.0498864 0.0434525 0.0370579 0.0308525 0.0249584 0.0194931 0.0145821 0.010353 0.00690907 0.00429247
 0.00902959 0.0144873 0.0214668 0.029795 0.0391384 0.0488921 0.0581241 0.0657615 0.070963 0.0733927 0.0732077 0.0708499 0.0668444 0.0616911 0.0558194 0.0495678 0.0431846 0.0368478 0.0306932 0.0248392 0.0194054 0.0145202 0.0103126 0.00688559 0.00428097
 0.00909391 0.0145752 0.0215686 0.029892 0.039209 0.048922 0.0581132 0.0657253 0.0709251 0.0733736 0.0732146 0.0708729 0.0668615 0.0616806 0.055772 0.0494914 0.0430985 0.0367716 0.0306382 0.0248065 0.0193899 0.0145155 0.0103138 0.00688945 0.00428559
 0.00917761 0.0147089 0.0217643 0.0301555 0.0395356 0.0492901 0.0584826 0.0660433 0.0711426 0.073463 0.0731786 0.0707385 0.0666643 0.0614493 0.0555234 0.0492343 0.0428417 0.0365276 0.0304212 0.0246274 0.0192527 0.0144176 0.0102486 0.00684905 0.0042625
 0.00927642 0.0148709 0.0220099 0.0305036 0.0399971 0.04986 0.0591311 0.066713 0.0717558 0.0739384 0.0734513 0.0707765 0.0664749 0.0610742 0.0550233 0.0486718 0.0422691 0.0359836 0.0299325 0.0242115 0.0189183 0.0141648 0.0100698 0.00673137 0.00419082
 0.00904297 0.0145104 0.0215049 0.0298557 0.039233 0.0490355 0.0583328 0.0660487 0.07133 0.0738208 0.0736527 0.0712469 0.0671224 0.0617946 0.055727 0.0492994 0.0427928 0.0363998 0.0302515 0.0244491 0.0190912 0.0142878 0.010155 0.00678823 0.00422686
 0.0091073 0.0146087 0.0216403 0.0300248 0.0394238 0.0492276 0.0584986 0.0661603 0.0713699 0.073791 0.0735765 0.0711581 0.0670492 0.0617472 0.0556958 0.0492639 0.0427346 0.0363114 0.0301381 0.0243242 0.0189703 0.0141833 0.0100736 0.00673095 0.00419039
 0.00897704 0.0144179 0.0213923 0.0297368 0.0391228 0.0489426 0.0582546 0.0659741 0.0712503 0.0737398 0.0735912 0.0712359 0.0671887 0.0619457 0.0559439 0.0495417 0.0430138 0.0365631 0.0303415 0.0244717 0.0190666 0.0142401 0.0101041 0.00674611 0.00419755
 0.0088403 0.0141843 0.0210219 0.0291912 0.038381 0.0480221 0.0572269 0.0649598 0.0703889 0.0731484 0.0733334 0.0713145 0.0675595 0.0625394 0.0566844 0.0503566 0.0438384 0.0373421 0.0310319 0.0250461 0.019515 0.0145685 0.0103296 0.00689118 0.00428469
 0.00914031 0.0146574 0.0217028 0.0300922 0.0394773 0.0492374 0.0584272 0.0659722 0.0710483 0.0733532 0.0730781 0.070682 0.0666821 0.0615545 0.0557052 0.0494603 0.0430675 0.0367107 0.0305336 0.024663 0.0192257 0.014354 0.0101749 0.00678446 0.00421564
 0.00934019 0.0149854 0.0222016 0.0308015 0.0404236 0.0504158 0.0597829 0.0673912 0.0723675 0.0743914 0.0736794 0.0707569 0.0662323 0.0606704 0.054536 0.0481708 0.0417998 0.0355636 0.0295601 0.0238788 0.0186219 0.0139086 0.00986116 0.00657488 0.00408425
 0.00909483 0.0146019 0.0216566 0.0300922 0.0395791 0.049508 0.0589305 0.0667443 0.0720677 0.0745204 0.0742225 0.0716028 0.06721 0.0616053 0.0553007 0.0487111 0.0421296 0.0357374 0.029641 0.0239162 0.0186443 0.013927 0.00987706 0.00658708 0.00409217
 0.00919716 0.0147564 0.0218656 0.0303469 0.039858 0.0497784 0.0591537 0.0668872 0.0721185 0.0744998 0.0741795 0.0715907 0.0672561 0.061693 0.0553768 0.048714 0.0420208 0.0355185 0.0293486 0.0236024 0.0183554 0.0136911 0.00970296 0.00646949 0.00401906
 0.00895723 0.014391 0.0213623 0.029713 0.0391202 0.0489812 0.0583571 0.0661621 0.0715373 0.0741239 0.0740498 0.0717253 0.0676494 0.0623122 0.0561582 0.0495673 0.0428467 0.036234 0.0299074 0.0239996 0.018616 0.0138524 0.00979927 0.00652584 0.00405132
 0.0089817 0.0144008 0.0213224 0.0295744 0.0388351 0.0485258 0.0577504 0.0654672 0.0708441 0.0735226 0.0736101 0.0714887 0.0676315 0.0625076 0.0565429 0.050097 0.0434582 0.0368536 0.0304674 0.0244542 0.0189499 0.0140761 0.00993757 0.00660583 0.00409507
 0.00913652 0.0146379 0.0216498 0.0299829 0.0392933 0.0489766 0.0581135 0.0656552 0.0707904 0.0732112 0.0730875 0.0708496 0.0669873 0.0619548 0.0561441 0.0498767 0.0434056 0.0369311 0.0306213 0.0246301 0.019106 0.0141913 0.0100098 0.0066446 0.00411286
 0.0091175 0.0146246 0.021662 0.0300492 0.039442 0.0492215 0.0584409 0.0660185 0.071118 0.0734247 0.0731258 0.0706904 0.066657 0.0615222 0.0556982 0.0494988 0.0431482 0.0368085 0.0306145 0.0246994 0.0192075 0.0142898 0.0100861 0.0066942 0.00414048
 0.00880041 0.0141736 0.0211037 0.0294516 0.0388992 0.0488257 0.0582572 0.0660719 0.0713915 0.073863 0.0736449 0.0711944 0.0670621 0.0617802 0.0558085 0.049503 0.0431088 0.0367834 0.0306375 0.0247744 0.0193161 0.0144055 0.0101867 0.00676851 0.00418811
 0.0083029 0.0134289 0.0201053 0.0282436 0.0375735 0.0475113 0.0571057 0.0652365 0.0709942 0.0739585 0.074199 0.0720929 0.0681457 0.0628891 0.0568188 0.0503463 0.043773 0.0372968 0.0310441 0.0251122 0.0196048 0.0146483 0.0103793 0.00690876 0.00428046
#obs surv len freq
 0.00496748 0.00813755 0.0123794 0.0177072 0.023995 0.0308772 0.0377273 0.0438201 0.0486024 0.0518708 0.053743 0.0545059 0.0544827 0.0539745 0.0532436 0.0525031 0.0518962 0.0514554 0.0510411 0.050284 0.0486022 0.0453656 0.0401974 0.0332665 0.0253546
 0.00518442 0.00849153 0.0129146 0.0184657 0.0250093 0.0321577 0.0392499 0.0455214 0.0503887 0.053634 0.0553754 0.0559071 0.0555616 0.0546512 0.0534544 0.0522071 0.0510819 0.050147 0.0493025 0.0482207 0.0463587 0.0431141 0.0381142 0.0314987 0.0239878
 0.00542403 0.0088823 0.013505 0.0193018 0.026126 0.0335652 0.0409194 0.0473805 0.0523314 0.0555411 0.0571334 0.0574173 0.0567412 0.0554299 0.0537711 0.0520108 0.0503382 0.0488497 0.0474883 0.0459826 0.0438502 0.0405378 0.03569 0.029417 0.0223654
 0.00566127 0.00927406 0.0141059 0.0201662 0.0272976 0.0350592 0.042706 0.0493786 0.0544212 0.0575886 0.059012 0.0590209 0.0579866 0.0562528 0.0541207 0.0518443 0.0496202 0.0475612 0.045645 0.043657 0.041188 0.0377524 0.0330287 0.0271044 0.0205472
 0.00590077 0.00966514 0.0146981 0.0210079 0.0284278 0.0364951 0.0444271 0.0513199 0.0564796 0.0596391 0.060927 0.0606843 0.0593013 0.0571442 0.0545341 0.0517391 0.0489652 0.0463371 0.0438588 0.0413669 0.0385253 0.0349252 0.0302918 0.0246997 0.0186395
 0.006138 0.0100554 0.015294 0.0218609 0.0295783 0.037956 0.0461683 0.053264 0.0585139 0.061639 0.0627753 0.0622803 0.0605618 0.0580013 0.0549334 0.051638 0.0483313 0.0451506 0.042124 0.0391335 0.0359129 0.0321307 0.0275646 0.0222845 0.0167099
 0.00639494 0.0104727 0.0159212 0.0227444 0.0307523 0.0394295 0.0479103 0.0551976 0.0605262 0.0636013 0.064565 0.0637946 0.0617226 0.0587535 0.0552386 0.0514675 0.0476618 0.043966 0.0404273 0.0369684 0.0333873 0.0294267 0.0249179 0.0199311 0.0148212
 0.00662489 0.0108543 0.0165095 0.0235945 0.0319072 0.0409012 0.0496618 0.0571388 0.0625291 0.0655279 0.066291 0.0652219 0.062781 0.059397 0.05544 0.0512117 0.0469395 0.0427731 0.038773 0.0348945 0.0309912 0.0268728 0.0224209 0.0177089 0.0130342
 0.00683698 0.0112024 0.0170398 0.024353 0.0329315 0.0422073 0.0512291 0.0589018 0.064384 0.067349 0.0679515 0.0666104 0.0638126 0.0600169 0.0556211 0.0509464 0.0462309 0.0416303 0.0372159 0.0329685 0.028787 0.0245373 0.0201447 0.0156854 0.0114064
 0.00705766 0.0115626 0.0175844 0.0251239 0.0339593 0.0434976 0.0527493 0.0605778 0.0661107 0.069011 0.0694412 0.0678373 0.0647064 0.0605283 0.0557218 0.0506272 0.0454977 0.0405003 0.0357188 0.0311557 0.0267462 0.0224012 0.0180804 0.0138602 0.0099429
 0.00727109 0.0119125 0.0181162 0.0258807 0.0349723 0.044771 0.0542463 0.0622164 0.0677764 0.070581 0.070806 0.0689138 0.0654397 0.0608885 0.0556979 0.0502217 0.044723 0.0393776 0.034281 0.029456 0.0248683 0.0204646 0.0162301 0.0122379 0.0086497
 0.0074455 0.0122001 0.0185566 0.0265132 0.0358278 0.0458593 0.0555426 0.0636563 0.0692639 0.0720061 0.0720634 0.0699162 0.0661251 0.0612221 0.0556693 0.0498389 0.0440055 0.0383526 0.0329853 0.0279422 0.0232139 0.0187751 0.0146296 0.0108444 0.00754501
 0.00750408 0.0123028 0.0187257 0.0267759 0.0362128 0.0463901 0.0562292 0.0644892 0.0702125 0.0730201 0.0730772 0.0708547 0.0669125 0.0617908 0.0559686 0.0498394 0.0436991 0.0377503 0.0321155 0.0268528 0.0219755 0.0174812 0.0133876 0.00975483 0.00667757
 0.00762351 0.0124803 0.0189625 0.0270644 0.0365416 0.0467517 0.0566243 0.0649261 0.0707004 0.073561 0.0736598 0.0714514 0.0674801 0.0622756 0.0563138 0.0499939 0.0436257 0.0374318 0.031558 0.026088 0.021061 0.0164975 0.0124271 0.00890407 0.00599653
 0.00766206 0.0125473 0.0190705 0.0272253 0.0367618 0.0470253 0.0569306 0.0652348 0.0709855 0.0738149 0.0738965 0.0716966 0.0677525 0.0625718 0.0566039 0.0502277 0.0437466 0.0373914 0.0313291 0.0256721 0.0204914 0.0158353 0.0117493 0.00828567 0.00549215
 0.00771214 0.0126186 0.0191596 0.0273244 0.0368626 0.0471249 0.057034 0.0653513 0.0711218 0.0739691 0.0740599 0.0718604 0.0679154 0.0627393 0.0567785 0.0503985 0.0438847 0.0374553 0.0312788 0.0254848 0.0201724 0.0154198 0.0112939 0.00785176 0.00512802
 0.00778656 0.012732 0.0193155 0.0275194 0.0370857 0.0473576 0.0572524 0.0655313 0.0712462 0.0740347 0.0740776 0.0718497 0.0678955 0.0627237 0.0567742 0.0504057 0.0438939 0.0374465 0.0312242 0.0253589 0.0199644 0.0151416 0.0109785 0.00754226 0.00486229
 0.00781213 0.0127742 0.0193798 0.0276108 0.0372064 0.0475048 0.0574157 0.0656931 0.0713857 0.074134 0.0741279 0.0718542 0.0678678 0.0626821 0.0567354 0.050379 0.0438793 0.037434 0.031196 0.0252949 0.0198506 0.0149781 0.0107819 0.00733999 0.00468211
 0.00785916 0.0128439 0.0194724 0.0277224 0.0373308 0.0476358 0.0575484 0.065823 0.0715067 0.0742371 0.0742021 0.0718896 0.06786 0.0626351 0.0566609 0.0502926 0.043794 0.0373554 0.0311204 0.0252121 0.0197497 0.0148546 0.0106416 0.00719754 0.00455465
 0.00787679 0.0128726 0.0195155 0.0277821 0.0374072 0.0477251 0.0576428 0.0659121 0.0715811 0.0742924 0.0742391 0.0719115 0.0678688 0.0626302 0.0566406 0.0502574 0.0437476 0.0373027 0.0310643 0.0251513 0.01968 0.0147732 0.0105506 0.00710467 0.00447036
 0.00788475 0.0128809 0.0195195 0.0277755 0.0373846 0.0476852 0.0575911 0.0658598 0.0715413 0.0742744 0.0742464 0.0719423 0.0679178 0.0626907 0.0567051 0.0503183 0.0437986 0.0373398 0.0310857 0.0251563 0.0196683 0.0147452 0.0105094 0.0070564 0.00442275
 0.00790252 0.0129059 0.0195498 0.0278061 0.037408 0.0476933 0.0575771 0.0658206 0.0714798 0.0742005 0.0741748 0.0718882 0.0678917 0.0626956 0.0567367 0.0503674 0.0438546 0.037393 0.0311289 0.0251848 0.0196803 0.0147412 0.0104923 0.00703125 0.00439541
 0.00790158 0.0129026 0.0195414 0.0277891 0.0373784 0.0476481 0.0575156 0.0657451 0.0713951 0.0741138 0.0740952 0.0718263 0.0678578 0.0626967 0.0567746 0.0504371 0.0439457 0.0374924 0.0312238 0.0252652 0.0197404 0.0147793 0.0105105 0.00703443 0.00438966
 0.0079072 0.0129103 0.0195502 0.0277967 0.0373818 0.0476436 0.0574996 0.065715 0.07135 0.0740554 0.0740283 0.0717579 0.0677971 0.0626529 0.0567554 0.0504464 0.0439823 0.0375498 0.0312917 0.0253327 0.0197981 0.0148218 0.0105368 0.00704675 0.00439243
 0.00787649 0.0128595 0.0194724 0.0276858 0.0372346 0.0474633 0.0572979 0.0655115 0.0711683 0.0739163 0.0739449 0.0717343 0.0678295 0.062733 0.056873 0.0505917 0.0441456 0.0377214 0.0314613 0.0254894 0.0199325 0.014928 0.010613 0.00709596 0.00442055
 0.00787632 0.0128518 0.0194472 0.0276295 0.0371333 0.0473088 0.0570931 0.0652722 0.0709202 0.0736892 0.0737664 0.0716241 0.0677968 0.0627759 0.0569806 0.0507479 0.0443328 0.0379228 0.031662 0.0256766 0.0200958 0.0150602 0.0107116 0.00716313 0.00446189
 0.00786691 0.0128386 0.0194309 0.0276103 0.0371096 0.0472748 0.0570383 0.0651848 0.070793 0.073526 0.0735841 0.0714495 0.0676582 0.0626955 0.0569689 0.0508028 0.0444425 0.0380698 0.0318272 0.0258424 0.0202477 0.0151882 0.0108106 0.00723292 0.00450653
 0.00783195 0.0127823 0.0193474 0.0274957 0.0369637 0.0471033 0.0568538 0.0650046 0.0706336 0.0733974 0.0734886 0.0713849 0.067624 0.062696 0.0570115 0.0508931 0.0445794 0.0382441 0.0320232 0.0260417 0.0204329 0.0153463 0.0109345 0.00732181 0.0045646
 0.00781758 0.0127551 0.0192993 0.0274173 0.0368464 0.0469436 0.0566573 0.0647868 0.0704175 0.0732076 0.0733447 0.0712978 0.0675948 0.062719 0.0570791 0.050999 0.0447192 0.0384124 0.0322111 0.0262359 0.0206183 0.0155088 0.0110651 0.00741765 0.00462851
 0.00777203 0.0126841 0.0191983 0.0272834 0.0366792 0.0467449 0.0564324 0.0645458 0.0701763 0.0729868 0.0731667 0.0711825 0.0675552 0.0627576 0.0571885 0.0511649 0.044925 0.0386424 0.0324512 0.0264725 0.0208378 0.0156993 0.0112182 0.00753059 0.00470451
 0.00774017 0.0126291 0.0191099 0.0271512 0.0364954 0.0465099 0.0561579 0.0642547 0.0698966 0.0727448 0.0729817 0.071066 0.0675132 0.0627919 0.0572961 0.0513373 0.0451479 0.0388979 0.0327201 0.0267366 0.0210812 0.0159093 0.0113866 0.00765524 0.00478892
 0.0093383 0.0148657 0.021808 0.0299224 0.0388525 0.048046 0.0566894 0.0638497 0.0687943 0.0712352 0.0713158 0.0694201 0.0659925 0.0614502 0.0561543 0.0503971 0.0443993 0.0383238 0.0322983 0.0264422 0.0208883 0.0157924 0.0113226 0.00762461 0.00477689
 0.00933409 0.0151529 0.0227582 0.0319951 0.0423944 0.0530203 0.0625043 0.0694542 0.0730503 0.0733656 0.0711613 0.0673815 0.0627558 0.0576939 0.0523807 0.0469028 0.0413247 0.0357152 0.0301538 0.0247357 0.0195799 0.0148326 0.0106546 0.0071875 0.00451035
 0.0089562 0.0145635 0.0219394 0.0310039 0.0414148 0.0523963 0.0626976 0.0708802 0.0758313 0.0771478 0.0751589 0.0706744 0.0646719 0.058042 0.0514204 0.0451286 0.0392322 0.0336651 0.0283481 0.0232549 0.0184323 0.013989 0.0100684 0.00680495 0.00427784
 0.00878552 0.01427 0.0214693 0.0303017 0.0404449 0.0511816 0.0613637 0.0696827 0.0751293 0.0773018 0.0763714 0.0728439 0.0673652 0.060636 0.0533529 0.0461107 0.0393037 0.0330932 0.0274629 0.0223254 0.0176189 0.0133564 0.009619 0.00651038 0.00409946
 0.00870965 0.0141427 0.0212691 0.0300024 0.0400173 0.0505986 0.0606133 0.0687876 0.0741713 0.0764389 0.0758269 0.0728482 0.0680542 0.0619547 0.0550334 0.0477613 0.0405696 0.0337918 0.0276195 0.0221065 0.0172267 0.0129493 0.00928377 0.00627299 0.00395014
 0.00868616 0.0140981 0.0211897 0.0298707 0.0398146 0.0503095 0.06023 0.0683117 0.0736158 0.0758346 0.0752338 0.0723672 0.0678183 0.0620883 0.0555865 0.0486584 0.0416157 0.0347469 0.0282992 0.0224475 0.0172828 0.012835 0.00911075 0.00611399 0.00383482
 0.00868277 0.0140949 0.0211886 0.0298729 0.039818 0.0503048 0.0601992 0.0682306 0.0734604 0.0755902 0.0749042 0.0719812 0.0674346 0.0617914 0.0554681 0.0487807 0.041973 0.0352538 0.0288209 0.022859 0.0175199 0.012907 0.00907419 0.00603356 0.00375603
 0.00866553 0.0140659 0.0211435 0.0298081 0.0397322 0.0502015 0.0600868 0.0681196 0.0733578 0.075494 0.0748031 0.0718613 0.0672914 0.0616405 0.0553481 0.0487432 0.0420602 0.0354724 0.0291301 0.0231849 0.0177892 0.0130783 0.00914869 0.00604101 0.00373245
 0.00866548 0.0140662 0.0211444 0.0298095 0.039733 0.0501988 0.0600763 0.0680968 0.0733199 0.0754412 0.0747374 0.071784 0.0672017 0.0615387 0.0552416 0.0486518 0.0420128 0.0354941 0.0292269 0.0233356 0.0179533 0.0132154 0.00923645 0.00608016 0.00373858
 0.00863949 0.0140306 0.0211031 0.0297702 0.0397049 0.0501888 0.0600859 0.0681214 0.0733505 0.0754671 0.0747496 0.0717773 0.0671745 0.0614929 0.0551821 0.0485876 0.0419578 0.0354657 0.0292384 0.0233883 0.0180338 0.013301 0.00930628 0.00612414 0.00375853
 0.00864383 0.0140313 0.021093 0.02974 0.0396472 0.0501039 0.059985 0.0680245 0.0732789 0.0754345 0.0747565 0.0718126 0.0672218 0.0615371 0.0552138 0.0486048 0.0419652 0.0354726 0.0292556 0.0234229 0.0180848 0.0133599 0.00936107 0.0061656 0.00378381
 0.00863581 0.014022 0.0210853 0.0297377 0.0396523 0.0501136 0.0599908 0.0680155 0.0732479 0.0753839 0.0746986 0.0717636 0.0671934 0.0615314 0.0552246 0.0486221 0.0419817 0.0354863 0.0292697 0.0234423 0.0181123 0.0133936 0.00939573 0.00619513 0.00380466
 0.0086164 0.0139912 0.0210407 0.0296784 0.0395803 0.0500344 0.0599137 0.0679508 0.0732035 0.0753614 0.0746941 0.0717712 0.0672103 0.0615581 0.0552626 0.0486706 0.0420364 0.0355418 0.0293219 0.0234901 0.0181563 0.0134342 0.00943161 0.00622433 0.00382579
 0.00862126 0.013997 0.0210455 0.029679 0.0395727 0.0500157 0.0598829 0.0679102 0.0731582 0.0753181 0.0746589 0.0717477 0.0671986 0.0615564 0.055269 0.0486841 0.0420565 0.0355674 0.029351 0.0235204 0.0181859 0.0134619 0.00945619 0.00624462 0.00384098
 0.00862241 0.0140002 0.0210524 0.0296917 0.0395923 0.0500408 0.0599091 0.0679306 0.0731656 0.0753086 0.0746334 0.0717114 0.0671589 0.06152 0.0552402 0.0486646 0.0420464 0.0355658 0.0293565 0.0235312 0.0182001 0.0134774 0.00947128 0.00625777 0.00385124
 0.00862241 0.0140002 0.0210524 0.0296917 0.0395923 0.0500408 0.0599091 0.0679306 0.0731656 0.0753086 0.0746334 0.0717114 0.0671589 0.06152 0.0552402 0.0486646 0.0420464 0.0355658 0.0293565 0.0235312 0.0182001 0.0134774 0.00947128 0.00625777 0.00385124
 0.00858798 0.0139473 0.0209788 0.0295981 0.0394828 0.0499234 0.0597953 0.0678336 0.0730975 0.0752762 0.0746365 0.0717442 0.0672129 0.0615877 0.0553157 0.0487439 0.0421262 0.0356433 0.0294291 0.0235966 0.0182567 0.0135242 0.00950785 0.00628466 0.00386962
 0.00863109 0.01401 0.0210595 0.0296901 0.0395762 0.0500074 0.0598606 0.067874 0.0731103 0.0752618 0.0745986 0.0716885 0.0671457 0.0615149 0.0552427 0.0486756 0.0420666 0.035595 0.0293931 0.0235726 0.0182428 0.0135179 0.00950667 0.00628621 0.00387213
 0.00870752 0.0141382 0.0212585 0.0299768 0.0399578 0.0504715 0.0603681 0.0683622 0.0735085 0.075513 0.0746747 0.0715938 0.0669098 0.0611802 0.0548538 0.0482719 0.041679 0.035245 0.0290935 0.0233287 0.0180543 0.0133801 0.00941184 0.00622527 0.00383584
 0.00842203 0.0136949 0.020633 0.0291671 0.0389926 0.049417 0.0593302 0.0674738 0.0728975 0.0752632 0.0748009 0.0720438 0.0675895 0.0619848 0.0556917 0.0490758 0.0424071 0.0358762 0.0296215 0.0237558 0.0183875 0.0136296 0.00958953 0.00634452 0.00391049
 0.00863961 0.0140063 0.0210222 0.0295902 0.0393865 0.0497173 0.0594879 0.0674661 0.0727322 0.0749772 0.0744515 0.0716938 0.067288 0.0617567 0.0555365 0.0489768 0.0423432 0.0358308 0.0295847 0.0237243 0.0183614 0.0136095 0.00957562 0.00633596 0.00390588
 0.00854656 0.0138881 0.0209035 0.0295098 0.0393809 0.0497977 0.0596253 0.0675982 0.0727905 0.0749206 0.0742854 0.0714653 0.0670638 0.0615951 0.0554697 0.0490062 0.0424465 0.0359749 0.0297385 0.0238655 0.0184782 0.0136988 0.00963949 0.00637876 0.00393268
 0.00839938 0.0136427 0.0205263 0.0289747 0.0386856 0.0489825 0.0587821 0.0668535 0.0722632 0.0746757 0.0743142 0.0717038 0.0674331 0.062036 0.0559525 0.0495189 0.0429781 0.0365056 0.0302407 0.0243116 0.0188488 0.0139861 0.00984713 0.0065183 0.00401954
 0.00878015 0.0142301 0.0213479 0.0300253 0.0399185 0.0503032 0.0600502 0.0679038 0.0729488 0.0749145 0.0741106 0.0711324 0.0666011 0.0610496 0.0549038 0.0484863 0.0420267 0.0356827 0.0295709 0.0237958 0.0184707 0.0137211 0.00966948 0.00640499 0.00395144
 0.00886346 0.0144091 0.0216957 0.0306308 0.0408571 0.0515929 0.0616147 0.0695689 0.0744815 0.0760877 0.0747633 0.0712037 0.0661303 0.0601507 0.0537264 0.0471808 0.0407211 0.0344731 0.0285203 0.0229362 0.0178068 0.0132371 0.00933666 0.00618996 0.00382161
 0.00851946 0.0138638 0.0209073 0.0295872 0.0395982 0.0502338 0.0603522 0.0686477 0.0741169 0.0763787 0.0756461 0.0724766 0.0675323 0.0614491 0.0547738 0.0479267 0.0411904 0.0347314 0.0286418 0.0229836 0.0178231 0.0132451 0.00934508 0.00619943 0.00383031
 0.00879121 0.0142513 0.021388 0.0301011 0.040059 0.0505529 0.0604649 0.0685365 0.0738247 0.0760049 0.0753184 0.0723005 0.0675446 0.0616026 0.0549646 0.0480465 0.0411722 0.034567 0.0283705 0.0226663 0.0175163 0.012987 0.00915133 0.00606815 0.00374953
 0.00848902 0.0138097 0.0208145 0.0294318 0.0393447 0.0498382 0.0597753 0.0678827 0.0732213 0.0754898 0.0749598 0.0721837 0.0677407 0.0621319 0.0557752 0.0490216 0.0421666 0.0354535 0.0290736 0.0231693 0.0178461 0.0131888 0.00926941 0.00613554 0.0037874
 0.0085092 0.0138044 0.0207387 0.0292268 0.0389614 0.0492679 0.0590701 0.0671445 0.0725612 0.074984 0.074631 0.0720193 0.0677268 0.0622742 0.0560897 0.0495069 0.0427818 0.0361212 0.0297051 0.0236961 0.0182375 0.0134509 0.00942945 0.00622609 0.00383562
 0.00858116 0.0139239 0.0209198 0.0294755 0.0392636 0.0495784 0.0593117 0.0672278 0.0724229 0.0746207 0.074106 0.0714346 0.0671822 0.0618405 0.0558053 0.0493866 0.0428214 0.036294 0.0299622 0.023977 0.0184896 0.0136435 0.00955719 0.00630047 0.00387407
 0.00859591 0.0139586 0.020992 0.0296081 0.039479 0.0498874 0.0597013 0.0676532 0.0728104 0.0748834 0.0741709 0.0712707 0.0668159 0.0613469 0.0552818 0.0489219 0.0424746 0.0360882 0.0298872 0.023999 0.0185639 0.0137298 0.00962942 0.00634905 0.00390125
 0.00860969 0.0139798 0.0210226 0.0296511 0.0395405 0.0499784 0.0598363 0.0678451 0.0730602 0.0751702 0.0744482 0.0714754 0.0668887 0.0612572 0.0550421 0.0485854 0.042115 0.0357734 0.0296596 0.0238685 0.0185142 0.0137312 0.00965278 0.00637449 0.00391978
 0.00857564 0.0139274 0.0209492 0.0295568 0.0394291 0.0498579 0.0597207 0.0677547 0.0730192 0.0752007 0.0745611 0.0716611 0.0671138 0.0614711 0.0551948 0.0486469 0.0420878 0.0356887 0.0295613 0.0237928 0.0184778 0.0137311 0.00967451 0.00640233 0.00394346
#pred catch len freq
 0.00524121 0.00825788 0.0119731 0.0162603 0.0210281 0.0262028 0.0316493 0.0371304 0.0423523 0.0470435 0.0510024 0.0541132 0.056348 0.0577556 0.0584297 0.0584707 0.0579607 0.0569456 0.0554069 0.0532142 0.0500985 0.0457197 0.0398644 0.0326917 0.0248399
 0.00561416 0.00877794 0.0126016 0.0169217 0.0216499 0.0267685 0.0322264 0.0378433 0.0433062 0.0482429 0.0523191 0.0553236 0.0572195 0.0581338 0.0582859 0.0578956 0.0571117 0.0559756 0.0544041 0.0521833 0.0489925 0.0445033 0.0385677 0.0314162 0.0237155
 0.00606153 0.00947266 0.0135818 0.0181892 0.0231584 0.0284172 0.0338682 0.039321 0.0445123 0.049166 0.0530336 0.0559179 0.057712 0.0584413 0.0582686 0.0574418 0.0562021 0.0546869 0.0528616 0.0505022 0.0472503 0.0427546 0.0368777 0.0298768 0.0224246
 0.00645289 0.0100877 0.0144697 0.0193857 0.0246837 0.0302683 0.0360001 0.0416251 0.0468102 0.0512365 0.0546709 0.0569964 0.0582156 0.0584347 0.0578299 0.05661 0.0549766 0.0530703 0.0508999 0.0482928 0.0449216 0.0404438 0.0347191 0.0279924 0.020906
