SBPRF35
7.78865
Curr Bio
485456
B35
681182
F35
0.224894
FOFL
0.175591
OFL
72538.1
Bzero
2.22533e+06
#pred survey bio
 4.5431e+06 4.27827e+06 4.03269e+06 3.74971e+06 3.42867e+06 3.10875e+06 2.78059e+06 2.43885e+06 2.15094e+06 1.90911e+06 1.70255e+06 1.50189e+06 1.32786e+06 1.15791e+06 1.02364e+06 921895 810889 750703 700749 671775 645808 627253 597089 575522 568735 557448 554116 560000 560813 551981 556246 567287 554151 536670 533332 526651 521615 513393 509202 510063 521813 532526 544902 555071 558865 565075 569546 569745 581255 586734 590236 600539 571130 521819 515147 480459 484943 482618 483265 484905 1.88426e+07 1.18891e+07 1.25207e+07 1.33156e+07 1.41544e+07 1.49235e+07 1.55705e+07 1.6085e+07 1.64787e+07 1.67727e+07 1.69886e+07 1.71457e+07 1.72597e+07 1.73423e+07 1.74024e+07 1.74462e+07 1.74785e+07 1.75023e+07 1.752e+07 1.75332e+07 1.75432e+07 1.75507e+07 1.75564e+07 1.75607e+07 1.75641e+07 1.75666e+07 1.75685e+07 1.757e+07 1.75712e+07 1.75721e+07 1.75727e+07 1.75733e+07 1.75737e+07 1.7574e+07 1.75742e+07 1.75744e+07 1.75746e+07 1.75747e+07 1.75748e+07 1.75748e+07 1.75749e+07 1.75749e+07 1.75749e+07 1.7575e+07 1.7575e+07 1.7575e+07 1.7575e+07 1.7575e+07 1.7575e+07 1.7575e+07 1.7575e+07 1.7575e+07 1.7575e+07 1.75751e+07 1.75751e+07 1.75751e+07 1.75751e+07 1.75751e+07 1.75751e+07 1.75751e+07 1.75751e+07 1.75751e+07 1.75751e+07 1.75751e+07 1.75751e+07 1.75751e+07 1.75751e+07 1.75751e+07 1.75751e+07 1.75751e+07 1.75751e+07 1.75751e+07 1.75751e+07 1.75751e+07 1.75751e+07 1.75751e+07 1.75751e+07 1.75751e+07 1.75751e+07 1.75751e+07 1.75751e+07 1.75751e+07 1.75751e+07 1.75751e+07 1.75751e+07 1.75751e+07 1.75751e+07 1.75751e+07 1.75751e+07 1.75751e+07 1.75751e+07 1.75751e+07 1.75751e+07 1.75751e+07 1.75751e+07 1.75751e+07 1.75751e+07 1.75751e+07 1.75751e+07 1.75751e+07 0 0 0 0 0 0 0 0 0 0 0 0 0 0 0 0 0 0 0 0 0 0 0 0 0
#obs survey bio
 3.82285e+06 3.48159e+06 3.02452e+06 3.05108e+06 2.9237e+06 3.83884e+06 3.06417e+06 1.57312e+06 1.42376e+06 1.95774e+06 1.50109e+06 1.1969e+06 989269 792133 871919 939715 973859 729612 635848 716393 635330 533495 495874 437360 571318 486275 418102 740707 377133 507977 472705 419963 514727 483227 526099 518606 558046 666113 720090 408548 580651 618509 399764 551421 494964 620808 497005 645318 534573 410245 843288 835225 589745 505844 505460 620086 468231 560977 383064 421824
#pred catch bio
 93806.9 90950.5 147550 209573 238921 277741 321309 301516 284457 272405 281896 268866 271911 243729 215743 220642 172851 160857 139922 134685 125992 132708 121900 107155 109381 101850 94371.7 98788.8 106306 94407.6 88087.9 106626 106733 91096.7 90382 87367.6 92085.9 91483.3 88763.7 80870.8 82871.4 82384.5 85112.3 90891.8 89343.8 91687.2 96163.6 87797.7 94245.9 96241.8 89751.7 121345 135427 98531.7 121437 87478.7 94293.3 94294 98325.7 61889.6 72538.1 95239.8 99421.1 104746 110757 116318 120902 124423 126998 128815 130063 130902 131456 131818 132052 132202 132297 132358 132396 132420 132435 132444 132450 132454 132456 132458 132458 132459 132459 132459 132460 132460 132460 132460 132460 132460 132460 132460 132460 132460 132460 132460 132460 132460 132460 132460 132460 132460 132460 132460 132460 132460 132460 132460 132460 132460 132460 132460 132460 132460 132460 132460 132460 132460 132460 132460 132460 132460 132460 132460 132460 132460 132460 132460 132460 132460 132460 132460 132460 132460 132460 132460 132460 132460 132460 132460 132460 132460 132460 132460 132460 132460 132460 132460 132460 132460 132460 132460 132460 132460 0 0 0 0 0 0 0 0 0 0 0 0 0 0 0 0 0 0 0 0 0 0 0 0 0
#obs catch bio
 0 90711.9 148193 211231 240719 280326 325570 306743 289877 277106 288127 273757 278813 249913 220491 225717 174626 163057 141627 135849 127174 134658 123200 108058 110303 102580 95402.9 99630.3 107811 95531.9 88675.8 107939 108010 91970.3 91104.6 87711.9 92277.2 91454.7 88084.3 80588.2 82599.1 81989.6 84974.2 90391.5 88891.3 91147.6 95969.2 87429.6 94118.2 96568.6 89188.3 119946 134909 97118.6 120917 86291.7 93404.7 92897.8 98459 61630.7
#pred cpue bio
 4.47017e+06 4.20811e+06 3.96429e+06 3.68231e+06 3.36327e+06 3.04528e+06 2.71916e+06 2.37971e+06 2.09358e+06 1.85339e+06 1.64854e+06 1.45003e+06 1.27804e+06 1.11056e+06 978613 879150 771252 712952 664672 636868 611966 594195 565324 544782 538482 527716 524400 530060 530951 522449 526835 538002 525748 509346 506912 501234 496077 486750 481863 482687 494178 504678 516693 526556 530239 536155 540307 540282 551281 556474 560034 570588 542217 493825 486851 453254 457631 455156 454767 454803 1.77041e+07 1.12002e+07 1.17784e+07 1.24998e+07 1.33124e+07 1.40757e+07 1.47217e+07 1.52359e+07 1.56297e+07 1.59236e+07 1.61395e+07 1.62967e+07 1.64106e+07 1.64932e+07 1.65533e+07 1.65972e+07 1.66294e+07 1.66532e+07 1.66709e+07 1.66842e+07 1.66941e+07 1.67016e+07 1.67074e+07 1.67117e+07 1.6715e+07 1.67175e+07 1.67195e+07 1.6721e+07 1.67221e+07 1.6723e+07 1.67237e+07 1.67242e+07 1.67246e+07 1.67249e+07 1.67252e+07 1.67254e+07 1.67255e+07 1.67256e+07 1.67257e+07 1.67258e+07 1.67258e+07 1.67259e+07 1.67259e+07 1.67259e+07 1.67259e+07 1.6726e+07 1.6726e+07 1.6726e+07 1.6726e+07 1.6726e+07 1.6726e+07 1.6726e+07 1.6726e+07 1.6726e+07 1.6726e+07 1.6726e+07 1.6726e+07 1.6726e+07 1.6726e+07 1.6726e+07 1.6726e+07 1.6726e+07 1.6726e+07 1.6726e+07 1.6726e+07 1.6726e+07 1.6726e+07 1.6726e+07 1.6726e+07 1.6726e+07 1.6726e+07 1.6726e+07 1.6726e+07 1.6726e+07 1.6726e+07 1.6726e+07 1.6726e+07 1.6726e+07 1.6726e+07 1.6726e+07 1.6726e+07 1.6726e+07 1.6726e+07 1.6726e+07 1.6726e+07 1.6726e+07 1.6726e+07 1.6726e+07 1.6726e+07 1.6726e+07 1.6726e+07 1.6726e+07 1.6726e+07 1.6726e+07 1.6726e+07 1.6726e+07 1.6726e+07 1.6726e+07 1.6726e+07 1.6726e+07 0 0 0 0 0 0 0 0 0 0 0 0 0 0 0 0 0 0 0 0 0 0 0 0 0
#obs cpue bio
 4.81792e+06 2.66284e+06 3.2702e+06 3.25222e+06 3.65353e+06 2.38393e+06 2.20132e+06 1.7572e+06 2.27378e+06 1.77086e+06 1.32779e+06 1.856e+06 1.03339e+06 1.10416e+06 907083 830556 739244 546193 568800 672758 466394 506608 671965 600582 539468 536953 400674 448740 534572 440228 657623 611180 496410 436810 562476 592990 576404 439929 637648 432921 503000 507805 565848 821831 585006 568099 525818 510900 554190 561720 679289 781151 388797 837029 433498 560287 492887 621276 279582 471778
#pred surv len freq
 0.00465214 0.00752118 0.0112661 0.0158668 0.0212386 0.0271656 0.0332588 0.0390299 0.0440607 0.0481336 0.0512408 0.0535072 0.0551086 0.0562133 0.0569376 0.0573193 0.0573179 0.0568325 0.0557108 0.0537359 0.0506207 0.0460752 0.0399805 0.032593 0.0246135
 0.00500034 0.00800398 0.0118433 0.0164614 0.0217734 0.0276134 0.0336672 0.0394949 0.044655 0.048835 0.0519096 0.0539341 0.0551065 0.0557033 0.0559892 0.0561295 0.0561425 0.0558956 0.0551285 0.0534852 0.0505695 0.0460588 0.0398815 0.0323822 0.0243359
 0.00510907 0.00822704 0.0122586 0.0171542 0.0227976 0.0289425 0.0351695 0.0409656 0.0458994 0.0497497 0.0524993 0.0542529 0.0551756 0.0554772 0.0553964 0.0551519 0.0548673 0.0545017 0.0538141 0.0523857 0.0497151 0.0453939 0.0393246 0.031882 0.0238892
 0.00526113 0.00846059 0.0125898 0.0176027 0.023398 0.0297517 0.0362538 0.0423606 0.047559 0.0515209 0.0541535 0.0555634 0.0559922 0.0557478 0.0551354 0.0544012 0.0536897 0.0530014 0.0521441 0.0507171 0.0481862 0.0440769 0.0382324 0.0309997 0.0232006
 0.00548342 0.00881388 0.0131058 0.0183042 0.0242948 0.0308362 0.037501 0.043735 0.0490257 0.0530462 0.0556858 0.0570059 0.0571959 0.0565424 0.055382 0.0540326 0.052721 0.051519 0.05029 0.0486704 0.046134 0.0421797 0.0365997 0.0296848 0.0222105
 0.0057109 0.0091803 0.0136513 0.0190648 0.0252966 0.032086 0.0389742 0.0453703 0.0507325 0.0547244 0.0572457 0.0583764 0.0583154 0.0573388 0.0557629 0.0538986 0.052 0.0502029 0.0484546 0.0464701 0.0437752 0.0398803 0.034546 0.0280001 0.0209418
 0.00599206 0.00962675 0.0143042 0.0199575 0.0264516 0.0335086 0.0406426 0.0472272 0.0526855 0.0566559 0.0590299 0.0598976 0.0594822 0.058088 0.0560497 0.0536816 0.051237 0.0488674 0.0465691 0.0441351 0.0411736 0.037249 0.0321232 0.0259693 0.0193952
 0.00633291 0.0101721 0.0151087 0.0210668 0.0278945 0.0352855 0.0427113 0.0494966 0.0550248 0.0589149 0.0610614 0.0615726 0.0606995 0.0587788 0.0561765 0.0532299 0.0502042 0.0472606 0.0444195 0.0415269 0.0382672 0.0342757 0.0293426 0.0236037 0.0175727
 0.00662962 0.0106483 0.015815 0.0220483 0.0291859 0.0369006 0.0446294 0.0516522 0.057309 0.061188 0.0631713 0.0633737 0.0620678 0.0596231 0.0564405 0.0528883 0.049255 0.0457206 0.0423308 0.0389751 0.0354026 0.031316 0.0265419 0.0211922 0.0156948
 0.00688677 0.0110613 0.016428 0.0229012 0.0303099 0.03831 0.0463104 0.053555 0.0593486 0.0632539 0.0651385 0.0651144 0.0634616 0.0605668 0.0568567 0.0527284 0.0484986 0.044375 0.0404352 0.0366136 0.0327192 0.0285167 0.0238689 0.0188701 0.0138713
 0.00710873 0.0114199 0.0169638 0.0236523 0.0313065 0.0395656 0.047811 0.0552523 0.0611634 0.0650868 0.0668829 0.0666653 0.0647224 0.0614526 0.057297 0.0526693 0.0479057 0.0432382 0.0387781 0.0345067 0.0302927 0.0259609 0.0214093 0.0167184 0.0121706
 0.0074026 0.0118852 0.0176414 0.0245732 0.0324882 0.0410056 0.0494772 0.0570769 0.0630464 0.0669099 0.0685269 0.068026 0.0657199 0.0620343 0.0574333 0.0523456 0.0471162 0.0419862 0.0370864 0.0324346 0.0279526 0.0235212 0.0190733 0.0146787 0.0105583
 0.00762277 0.0122497 0.018202 0.0253817 0.0335855 0.0424044 0.0511443 0.0589276 0.0649562 0.0687384 0.070142 0.0693194 0.066615 0.0624879 0.0574319 0.0518974 0.0462411 0.0407104 0.0354457 0.0304878 0.0257974 0.0213011 0.0169617 0.0128411 0.00910749
 0.00786822 0.0126477 0.0188001 0.0262254 0.0347124 0.0438321 0.0528541 0.0608519 0.0669773 0.0707017 0.07188 0.0706806 0.0674898 0.0628234 0.0572302 0.051201 0.045113 0.0392187 0.0336587 0.0284814 0.0236686 0.0191753 0.0149832 0.0111443 0.00778055
 0.00801144 0.0128869 0.0191726 0.0267718 0.035471 0.044828 0.0540871 0.0622875 0.0685465 0.0723072 0.0734046 0.0719989 0.0684831 0.0633978 0.0573324 0.0508244 0.0442928 0.0380188 0.0321593 0.0267733 0.0218548 0.0173734 0.0133174 0.00972408 0.00667485
 0.008038 0.0129415 0.0192771 0.0269567 0.035772 0.0452795 0.0547131 0.063094 0.0695166 0.0733984 0.0745507 0.0731139 0.06947 0.0641603 0.0577876 0.0509156 0.0439983 0.037355 0.0311776 0.025553 0.0204963 0.0159897 0.0120224 0.00861404 0.0058087
 0.00832441 0.0133746 0.0198688 0.0276984 0.0366397 0.0462424 0.0557371 0.0641405 0.0705384 0.0743414 0.0753583 0.0737354 0.069867 0.0643084 0.0576746 0.050538 0.043361 0.0364747 0.0300888 0.0243121 0.0191813 0.0146934 0.0108385 0.0076187 0.00504424
 0.00842532 0.0135323 0.0200937 0.0279941 0.0370007 0.0466525 0.0561707 0.0645683 0.0709392 0.0747108 0.0757085 0.0740816 0.0702102 0.0646258 0.0579222 0.0506632 0.0433167 0.0362311 0.0296409 0.0236843 0.0184265 0.0138862 0.0100608 0.00694171 0.00451244
 0.00851228 0.0136696 0.0202924 0.0282616 0.0373389 0.0470549 0.0566192 0.0650322 0.0713787 0.0750866 0.0759932 0.0742678 0.0703103 0.0646622 0.0579125 0.0506077 0.0431974 0.0360205 0.0293166 0.0232427 0.01789 0.0133012 0.00948674 0.00643473 0.00411011
 0.00859306 0.0137799 0.0204201 0.0283835 0.0374295 0.0470985 0.0566194 0.0650117 0.0713696 0.0751167 0.0760758 0.0743994 0.0704756 0.0648415 0.0580872 0.0507608 0.0433098 0.0360694 0.0292791 0.0231049 0.017656 0.0129969 0.00915425 0.00611972 0.00384799
 0.00863794 0.0138579 0.0205455 0.0285687 0.0376774 0.0473936 0.0569236 0.0652722 0.0715386 0.0751725 0.0760317 0.0742951 0.0703562 0.0647399 0.0580162 0.0507161 0.0432765 0.0360274 0.029208 0.0229882 0.0174878 0.0127862 0.00892367 0.00589831 0.00366082
 0.00853701 0.0137151 0.0203707 0.0283864 0.0375221 0.0473009 0.0569195 0.065365 0.0717142 0.0753965 0.0762591 0.0744865 0.0704926 0.0648263 0.0580729 0.0507635 0.043324 0.0360709 0.0292338 0.0229812 0.0174387 0.0126964 0.00880613 0.00577305 0.0035475
 0.00863361 0.0138509 0.0205364 0.0285627 0.0376877 0.0474446 0.0570479 0.0654984 0.0718726 0.0755832 0.0764531 0.0746478 0.0705788 0.0648108 0.057956 0.0505702 0.0430919 0.0358342 0.0290136 0.0227837 0.0172609 0.0125339 0.00865865 0.00564472 0.00344386
 0.00872355 0.0139858 0.0207176 0.0287809 0.0379232 0.0476685 0.0572271 0.0656042 0.0718933 0.0755319 0.0763644 0.0745613 0.0705186 0.0647755 0.0579244 0.050518 0.0430061 0.035718 0.0288803 0.0226475 0.0171315 0.0124157 0.00855391 0.00555569 0.00337294
 0.00874982 0.0140179 0.0207462 0.028791 0.0378979 0.0475956 0.0571041 0.0654399 0.0717046 0.0753412 0.0761972 0.0744447 0.0704768 0.0648213 0.0580515 0.0507003 0.043206 0.0359002 0.029022 0.0227416 0.0171822 0.0124327 0.00854802 0.00553714 0.00335026
 0.00893362 0.0142875 0.021097 0.029198 0.03832 0.047985 0.0574149 0.0656341 0.0717583 0.0752492 0.0759757 0.0741289 0.0701135 0.0644591 0.0577313 0.050447 0.0430253 0.0357807 0.0289433 0.0226837 0.0171318 0.0123847 0.00850262 0.00549699 0.00331777
 0.00890713 0.0142683 0.0211109 0.0292801 0.0385014 0.0482729 0.0577791 0.0660107 0.07207 0.075434 0.0760066 0.0740163 0.0698946 0.0641829 0.0574455 0.0501895 0.0428192 0.0356331 0.0288476 0.0226253 0.0170948 0.0123571 0.00847859 0.0054752 0.00329919
 0.0088555 0.0141757 0.020958 0.0290497 0.0381898 0.0479039 0.0574095 0.0657177 0.071922 0.0754592 0.0761806 0.0742767 0.0701726 0.0644296 0.0576422 0.0503417 0.0429431 0.0357437 0.0289526 0.0227239 0.0171814 0.0124258 0.00852672 0.00550442 0.0033141
 0.00880579 0.0141075 0.0208773 0.0289668 0.038113 0.0478315 0.0573283 0.065612 0.0717897 0.075322 0.0760789 0.0742487 0.0702317 0.0645576 0.0578009 0.0504942 0.0430686 0.0358398 0.0290267 0.0227847 0.0172332 0.0124688 0.00855939 0.00552632 0.00332669
 0.00874415 0.0140255 0.020788 0.0288947 0.0380882 0.0478795 0.0574591 0.0658131 0.0720263 0.0755458 0.0762436 0.0743271 0.0702251 0.0644902 0.0577042 0.0503918 0.0429713 0.0357499 0.0289456 0.0227153 0.0171786 0.0124298 0.0085341 0.00551104 0.0033178
 0.00866279 0.013882 0.0205532 0.0285398 0.0375975 0.0472684 0.0567861 0.0651745 0.07153 0.0752751 0.0762302 0.0745468 0.0706141 0.064972 0.0582122 0.05088 0.0434133 0.0361324 0.0292631 0.0229676 0.0173704 0.0125689 0.00863007 0.00557352 0.00335575
 0.00842932 0.0135343 0.0200878 0.027971 0.0369491 0.0465627 0.0560417 0.0644163 0.0708045 0.0746586 0.0758174 0.0744205 0.0708123 0.0654701 0.0589317 0.0517162 0.0442658 0.0369253 0.0299506 0.0235298 0.0178059 0.0128884 0.00885115 0.00571702 0.00344247
 0.0083256 0.0133825 0.0198913 0.0277452 0.0367191 0.0463563 0.0558811 0.0643092 0.0707389 0.0746049 0.0757432 0.0743122 0.0706896 0.065381 0.0589278 0.0518255 0.0444804 0.0372086 0.0302555 0.0238156 0.018047 0.0130747 0.00898406 0.0058048 0.00349603
 0.00819066 0.0131812 0.0196225 0.0274214 0.036365 0.0460051 0.0555703 0.0640756 0.0706106 0.0745912 0.0758281 0.0744586 0.0708538 0.0655323 0.0590609 0.0519582 0.0446375 0.0374038 0.0304822 0.0240518 0.0182663 0.0132574 0.00912171 0.00589907 0.00355488
 0.00810102 0.0130126 0.0193283 0.0269485 0.0356726 0.0450914 0.0544941 0.062957 0.0696034 0.0738409 0.075433 0.0744495 0.0711955 0.0661407 0.0598311 0.0527923 0.0454632 0.0381775 0.0311805 0.0246603 0.0187738 0.0136574 0.00941604 0.00609937 0.00368007
 0.00874048 0.0139051 0.020397 0.0280248 0.0365357 0.0455385 0.0544034 0.0623175 0.0685099 0.0724667 0.0739923 0.0731522 0.070202 0.0655313 0.0596004 0.0528705 0.0457505 0.0385762 0.0316139 0.0250766 0.0191417 0.0139599 0.00964691 0.00626184 0.00378471
 0.00924045 0.014711 0.0215878 0.0296439 0.0385523 0.0478034 0.0566291 0.0641198 0.0695206 0.0724686 0.073001 0.0714007 0.0680455 0.0633301 0.0576316 0.0512892 0.0445959 0.0378056 0.0311443 0.0248188 0.0190199 0.0139175 0.00964518 0.00627625 0.00380154
 0.00904957 0.0145128 0.0214981 0.0298433 0.0392416 0.0491274 0.0585988 0.06657 0.0721219 0.0747931 0.0746283 0.0720373 0.0676145 0.0619891 0.0557067 0.0491579 0.0425772 0.0360984 0.0298236 0.0238688 0.0183776 0.0135068 0.00939671 0.00613457 0.0037259
 0.00894209 0.0143189 0.0211793 0.0293745 0.0386454 0.0485121 0.0581709 0.066589 0.0727959 0.0761625 0.0765058 0.0740479 0.0693222 0.0630486 0.0559712 0.0487011 0.0416315 0.0349497 0.0287146 0.0229477 0.0176958 0.0130482 0.00911311 0.0059723 0.00363985
 0.00892773 0.0142862 0.0211108 0.029243 0.038416 0.0481518 0.0576694 0.0659876 0.0722108 0.0757773 0.0765159 0.0745684 0.0703082 0.0642852 0.0571505 0.0495479 0.0420068 0.0348797 0.0283439 0.0224561 0.0172276 0.0126811 0.00886451 0.00582343 0.00356004
 0.00883753 0.0141446 0.0209067 0.0289684 0.0380659 0.0477242 0.0571671 0.0654228 0.0716124 0.0752019 0.0760549 0.0743406 0.0704251 0.0647951 0.0579934 0.0505568 0.0429664 0.0356128 0.028774 0.0226134 0.0172065 0.0125835 0.00876188 0.00574808 0.00351594
 0.00885715 0.0141609 0.0209025 0.0289181 0.0379419 0.0475073 0.056855 0.0650315 0.0711709 0.0747446 0.0756204 0.0739757 0.0701889 0.0647522 0.0581896 0.0509877 0.0435603 0.0362479 0.0293254 0.0230019 0.0174198 0.0126619 0.00876425 0.00572323 0.00349105
 0.00876881 0.0140382 0.0207555 0.0287661 0.0378044 0.0473912 0.0567469 0.0649028 0.0709937 0.0745087 0.0753413 0.0736904 0.0699458 0.0646006 0.0581722 0.0511302 0.0438589 0.0366604 0.0297777 0.0234137 0.0177344 0.0128624 0.0088686 0.00576522 0.00350197
 0.00874009 0.0139848 0.0206639 0.0286232 0.0376045 0.0471447 0.0564837 0.0646644 0.0708147 0.0743998 0.0752855 0.0736571 0.0699118 0.0645656 0.058159 0.0511727 0.0439846 0.0368752 0.0300595 0.0237182 0.0180121 0.0130781 0.00901142 0.00584539 0.00353974
 0.00878614 0.0140546 0.0207586 0.0287384 0.0377285 0.0472585 0.0565636 0.0646885 0.0707721 0.0742968 0.0751424 0.0734973 0.0697506 0.064408 0.058008 0.0510387 0.0438872 0.0368351 0.030086 0.0238013 0.0181259 0.0131921 0.00910288 0.00590586 0.00357279
 0.0088191 0.0141036 0.0208239 0.0288171 0.0378152 0.047346 0.0566432 0.0647495 0.0708024 0.0742853 0.0750836 0.0733954 0.0696194 0.0642658 0.0578713 0.0509195 0.0437943 0.0367765 0.030068 0.0238242 0.0181806 0.0132617 0.00916974 0.005958 0.00360666
 0.00881952 0.0141113 0.020848 0.0288696 0.0379069 0.0474804 0.0568117 0.0649316 0.0709706 0.0744128 0.0751508 0.0733928 0.0695484 0.064138 0.057706 0.0507393 0.0436213 0.0366284 0.0299567 0.0237547 0.0181503 0.0132613 0.00918619 0.00597908 0.00362447
 0.00886992 0.0141871 0.0209512 0.0289992 0.0380607 0.0476573 0.0570115 0.0651511 0.0711989 0.0746279 0.0753223 0.0734897 0.0695493 0.0640383 0.0575189 0.0504918 0.0433464 0.0363584 0.0297175 0.0235628 0.0180115 0.0131719 0.00913593 0.00595511 0.00361522
 0.00882794 0.0141211 0.0208563 0.0288726 0.0379032 0.0474749 0.0568175 0.0649677 0.0710549 0.0745529 0.075337 0.0735974 0.0697317 0.06426 0.0577391 0.050677 0.0434794 0.0364395 0.0297589 0.0235812 0.0180215 0.0131821 0.00914886 0.00596935 0.00362811
 0.00861784 0.0138282 0.0205051 0.0285155 0.0376044 0.0472853 0.0567557 0.0650171 0.0711781 0.0747112 0.075505 0.0737662 0.0699033 0.0644373 0.0579182 0.0508461 0.0436234 0.036547 0.0298279 0.0236183 0.018038 0.0131892 0.00915362 0.00597457 0.0036337
 0.00845873 0.0135718 0.0201264 0.0280012 0.036965 0.0465687 0.056052 0.064443 0.070839 0.0746606 0.0757256 0.0741843 0.0704256 0.0649847 0.0584406 0.0513184 0.0440345 0.0368913 0.030103 0.0238267 0.0181876 0.0132916 0.00922117 0.00601786 0.00366057
 0.00846903 0.0135553 0.0200402 0.0277841 0.0365539 0.0459244 0.0551855 0.0634293 0.0698092 0.073774 0.0751287 0.0739698 0.0706065 0.065496 0.0591682 0.0521393 0.0448474 0.0376292 0.0307305 0.0243314 0.0185726 0.0135697 0.00941114 0.0061401 0.00373437
 0.0087625 0.0140244 0.0207269 0.0287108 0.0377048 0.0472247 0.0564895 0.0645373 0.0705203 0.073954 0.0747592 0.0731513 0.0695172 0.0643299 0.0580803 0.0512177 0.044116 0.0370704 0.0303103 0.0240169 0.0183389 0.0133995 0.00929154 0.00606057 0.00368511
 0.00910004 0.0145721 0.0215486 0.0298631 0.0392226 0.0490973 0.058633 0.0667788 0.0726095 0.0756064 0.0757204 0.0732654 0.068774 0.06287 0.0561521 0.0491029 0.0420585 0.0352341 0.0287746 0.022797 0.0174121 0.0127258 0.00882552 0.00575641 0.00349969
 0.00885143 0.0142126 0.0210931 0.0293614 0.0387556 0.0487652 0.0585398 0.0670127 0.0732169 0.0765631 0.0769153 0.0745117 0.069854 0.0635989 0.0564341 0.0489546 0.041589 0.034595 0.0281071 0.0221984 0.0169294 0.0123671 0.00857685 0.00559496 0.00340184
 0.00917301 0.014674 0.0216752 0.0300109 0.039405 0.0493629 0.0590714 0.0675002 0.0736972 0.0770609 0.0774225 0.0749821 0.0702099 0.0637494 0.0563018 0.0485044 0.0408481 0.0336517 0.0270858 0.0212225 0.0160898 0.0117089 0.00810284 0.00528027 0.00320918
 0.00927448 0.0148118 0.0218303 0.0301441 0.0394617 0.0492867 0.0588229 0.067078 0.0731549 0.0765091 0.0770056 0.0748293 0.0703832 0.0642144 0.0569382 0.0491516 0.0413617 0.0339472 0.027154 0.0211149 0.0158861 0.011484 0.0079069 0.00513478 0.00311413
 0.00982394 0.0156127 0.0228629 0.0313265 0.0406675 0.0503766 0.0596715 0.0675883 0.0732669 0.0762118 0.0763502 0.073931 0.0693992 0.0633015 0.0562048 0.0486287 0.041007 0.0336799 0.0268991 0.0208343 0.0155838 0.01119 0.00765424 0.00494286 0.00298477
 0.0101684 0.0161764 0.0237128 0.0325132 0.0421977 0.0521785 0.0615737 0.0693365 0.0745884 0.0768994 0.076322 0.0732404 0.068203 0.0618095 0.0546306 0.0471477 0.0397283 0.0326391 0.0260748 0.02018 0.0150573 0.0107672 0.00732596 0.00470394 0.00282523
 0.00991436 0.0158646 0.0234321 0.0324125 0.0424504 0.0529206 0.0628438 0.0710444 0.0765237 0.0787746 0.0778378 0.0741595 0.0684105 0.0613369 0.053633 0.0458462 0.0383437 0.0313414 0.0249618 0.0192831 0.0143646 0.0102488 0.00695061 0.00444433 0.00265676
#obs surv len freq
 nan nan nan nan nan nan nan nan nan nan nan nan nan nan nan nan nan nan nan nan nan nan nan nan nan
 0.00448273 0.00734318 0.0111723 0.0159881 0.0216886 0.0279643 0.0342787 0.0400106 0.0446908 0.0481553 0.0505139 0.0520105 0.0529034 0.0534164 0.0537312 0.0539865 0.0542653 0.0545582 0.0546971 0.054289 0.052727 0.049359 0.0438085 0.0362881 0.0276713
 0.00461663 0.00756196 0.0115033 0.0164563 0.0223109 0.0287397 0.0351793 0.0409786 0.0456467 0.0490132 0.0511977 0.0524651 0.0531008 0.0533553 0.0534334 0.053489 0.0536113 0.0537903 0.0538542 0.053408 0.0518465 0.048522 0.0430596 0.0356651 0.0271952
 0.00477249 0.00781892 0.0118966 0.0170211 0.0230748 0.0297117 0.0363378 0.042266 0.0469758 0.0502816 0.0523036 0.0533197 0.0536369 0.0535343 0.0532475 0.0529601 0.0527843 0.052724 0.0526145 0.0520649 0.0504748 0.0472017 0.0418701 0.0346721 0.0264348
 0.00496886 0.00813801 0.0123768 0.0176985 0.0239771 0.0308484 0.0376884 0.0437749 0.0485573 0.0518327 0.0537174 0.0544955 0.0544867 0.0539892 0.0532646 0.0525268 0.0519204 0.0514797 0.0510654 0.0503085 0.0486264 0.0453886 0.0402181 0.0332837 0.0253678
 0.00517669 0.00848046 0.0129006 0.0184497 0.0249921 0.0321389 0.0392275 0.0454928 0.0503523 0.0535911 0.0553309 0.055868 0.0555349 0.0546412 0.0534615 0.0522285 0.0511131 0.0501839 0.049342 0.0482609 0.0463983 0.0431514 0.0381476 0.0315265 0.0240091
 0.00540722 0.00885424 0.0134617 0.0192395 0.0260428 0.0334629 0.0408048 0.0472643 0.0522252 0.0554539 0.0570696 0.0573779 0.0567257 0.0554381 0.053803 0.0520656 0.0504129 0.0489396 0.0475881 0.0460868 0.0439537 0.0406356 0.035777 0.0294892 0.0224205
 0.00563788 0.00923648 0.0140501 0.0200887 0.0271959 0.0349331 0.0425586 0.0492178 0.0542593 0.05744 0.0588909 0.0589379 0.0579468 0.056256 0.0541632 0.0519208 0.0497253 0.0476893 0.0457897 0.0438112 0.0413436 0.0379007 0.0331612 0.0272144 0.0206311
 0.00590398 0.0096689 0.0147009 0.0210072 0.0284201 0.0364764 0.0443937 0.0512691 0.0564102 0.0595526 0.0608284 0.0605824 0.0592075 0.0570699 0.0544881 0.0517261 0.0489856 0.0463879 0.0439347 0.0414605 0.0386284 0.0350288 0.0303871 0.0247801 0.0187014
 0.0061298 0.0100429 0.0152767 0.0218387 0.0295511 0.0379237 0.0461304 0.0532194 0.0584619 0.0615793 0.0627088 0.0622094 0.0604912 0.0579378 0.0548854 0.0516134 0.0483358 0.0451864 0.0421889 0.0392218 0.0360158 0.0322378 0.0276655 0.022371 0.016777
 0.00637024 0.0104349 0.0158688 0.0226777 0.0306737 0.0393429 0.0478215 0.0551131 0.0604519 0.0635412 0.06452 0.0637629 0.0617016 0.0587413 0.0552359 0.0514777 0.0476895 0.0440157 0.040501 0.0370641 0.0334984 0.0295434 0.025029 0.0200272 0.0148962
 0.00662375 0.0108498 0.016498 0.0235711 0.0318677 0.0408437 0.0495894 0.0570585 0.0624505 0.0654593 0.0662377 0.0651852 0.062759 0.0593865 0.0554384 0.0512183 0.0469561 0.0428031 0.0388199 0.0349594 0.0310713 0.0269613 0.0225087 0.017787 0.0130964
 0.00685477 0.01123 0.0170786 0.0244025 0.0329889 0.0422663 0.0512803 0.0589347 0.0643898 0.0673244 0.0679003 0.0665415 0.0637366 0.0599426 0.0555539 0.0508892 0.0461854 0.0415986 0.0372005 0.032971 0.0288068 0.0245707 0.0201854 0.0157261 0.0114414
 0.00708078 0.0115996 0.0176389 0.0251985 0.0340547 0.0436107 0.0528724 0.060698 0.0662121 0.0690782 0.0694634 0.0678115 0.0646377 0.0604282 0.0556047 0.0505068 0.0453845 0.0404014 0.0356384 0.0310962 0.026708 0.0223821 0.0180762 0.0138652 0.00995179
 0.00727199 0.0119167 0.0181275 0.0259044 0.0350138 0.0448339 0.05433 0.0623155 0.0678814 0.0706796 0.0708853 0.0689625 0.0654505 0.0608596 0.055634 0.0501331 0.0446222 0.039277 0.0341903 0.0293816 0.024813 0.0204282 0.0162099 0.0122295 0.00864844
 0.00746349 0.0122288 0.0185986 0.0265708 0.0359026 0.0459518 0.0556512 0.0637765 0.0693883 0.0721241 0.072163 0.0699857 0.0661552 0.0612077 0.0556109 0.0497428 0.0438827 0.0382169 0.0328504 0.0278196 0.0231111 0.0186954 0.0145727 0.0108071 0.00752276
 0.00751843 0.0123259 0.01876 0.0268233 0.0362745 0.0464657 0.0563161 0.064583 0.0703074 0.0731102 0.0731569 0.0709185 0.0669543 0.0618048 0.0559502 0.0497872 0.0436163 0.0376449 0.0319988 0.0267369 0.0218709 0.0173949 0.0133222 0.0097096 0.00664897
 0.00760728 0.0124573 0.0189342 0.0270346 0.0365157 0.046735 0.0566216 0.0649401 0.070732 0.0736094 0.0737223 0.0715231 0.0675546 0.062345 0.0563696 0.0500285 0.0436342 0.0374135 0.0315173 0.026033 0.0210014 0.0164422 0.0123819 0.00887119 0.00597513
 0.00768169 0.0125738 0.0191003 0.0272525 0.0367799 0.0470306 0.0569248 0.0652244 0.070979 0.0738188 0.0739131 0.0717241 0.0677866 0.0626072 0.0566348 0.0502489 0.0437533 0.0373808 0.031301 0.0256301 0.0204419 0.0157856 0.0117058 0.00825202 0.00546896
 0.00771429 0.0126248 0.0191736 0.0273502 0.0369027 0.0471767 0.0570891 0.0653975 0.0711482 0.0739719 0.0740436 0.0718357 0.0678931 0.0627258 0.0567745 0.0504003 0.0438861 0.0374508 0.0312646 0.0254602 0.0201399 0.0153842 0.0112603 0.00782393 0.00510778
 0.00778635 0.0127313 0.0193141 0.0275175 0.0370846 0.04736 0.0572622 0.0655516 0.0712768 0.0740707 0.0741106 0.0718718 0.0679036 0.0627202 0.0567653 0.0503966 0.043887 0.0374404 0.0312158 0.0253455 0.0199454 0.0151189 0.0109553 0.00752171 0.00484644
 0.00782921 0.0128008 0.0194178 0.0276606 0.037267 0.0475729 0.0574862 0.0657596 0.0714418 0.0741753 0.0741521 0.0718601 0.0678549 0.062651 0.0566889 0.0503225 0.0438193 0.0373759 0.0311427 0.025247 0.0198078 0.0149402 0.0107495 0.00731398 0.004663
 0.00786205 0.0128512 0.0194882 0.0277517 0.0373782 0.0477029 0.0576321 0.0659148 0.0715953 0.0743111 0.0742534 0.0719143 0.0678581 0.0626095 0.0566159 0.0502331 0.0437258 0.0372844 0.031052 0.0251499 0.0196958 0.0148095 0.0106055 0.00717007 0.00453517
 0.00787379 0.0128666 0.0195045 0.0277645 0.0373829 0.0476972 0.0576183 0.0659004 0.0715905 0.0743257 0.0742921 0.0719745 0.06793 0.0626797 0.0566728 0.0502706 0.0437435 0.0372852 0.0310383 0.0251213 0.0196501 0.0147459 0.0105276 0.00708667 0.00445731
 0.00789025 0.01289 0.0195335 0.0277951 0.0374093 0.0477131 0.0576183 0.0658821 0.071556 0.0742823 0.0742515 0.0719492 0.0679286 0.0627035 0.0567152 0.0503203 0.0437894 0.0373192 0.0310564 0.0251221 0.0196336 0.0147135 0.0104829 0.00703609 0.00440844
 0.00789129 0.0128886 0.0195256 0.0277751 0.0373718 0.0476546 0.05754 0.06579 0.0714597 0.0741931 0.0741805 0.0719062 0.0679207 0.0627338 0.0567811 0.0504133 0.0438963 0.0374255 0.0311494 0.0251936 0.0196798 0.014735 0.0104837 0.00702279 0.00438851
 0.00787538 0.0128604 0.019479 0.0277032 0.0372684 0.0475179 0.0573746 0.0656082 0.0712796 0.0740351 0.0740628 0.071842 0.0679165 0.0627891 0.0568892 0.0505622 0.0440704 0.0376074 0.0313222 0.0253433 0.0197974 0.0148177 0.0105342 0.00704763 0.00439628
 0.00791147 0.0129111 0.0195402 0.0277655 0.0373187 0.0475426 0.0573628 0.0655543 0.0711844 0.0739064 0.0739151 0.0716942 0.0677887 0.0626977 0.0568444 0.0505663 0.0441181 0.0376871 0.031419 0.0254416 0.0198844 0.0148851 0.0105796 0.00707342 0.00440765
 0.00791677 0.012924 0.0195671 0.0278135 0.0373922 0.0476382 0.0574668 0.065644 0.0712355 0.0739017 0.0738511 0.0715813 0.0676472 0.0625519 0.0567166 0.0504729 0.044067 0.0376777 0.0314431 0.0254866 0.0199366 0.0149332 0.0106167 0.00709758 0.00442064
 0.00787258 0.012854 0.0194659 0.027679 0.0372283 0.0474572 0.0572896 0.0654964 0.0711398 0.0738674 0.0738716 0.0716385 0.0677209 0.0626282 0.0567915 0.0505499 0.0441523 0.0377753 0.0315519 0.0256003 0.0200457 0.0150283 0.0106914 0.00715024 0.00445371
 0.00784068 0.0127966 0.0193696 0.0275291 0.0370131 0.0471759 0.0569582 0.0651491 0.0708221 0.0736246 0.0737365 0.071623 0.0678149 0.0628052 0.0570184 0.0507972 0.0443998 0.0380121 0.0317728 0.0258014 0.0202221 0.015175 0.0108051 0.00723126 0.00450622
 0.00784994 0.0128067 0.0193752 0.0275208 0.0369783 0.0471007 0.0568317 0.0649669 0.0705915 0.0733671 0.0734858 0.0714179 0.0676882 0.062774 0.0570798 0.0509319 0.0445806 0.0382127 0.0319731 0.025988 0.0203868 0.0153125 0.0109127 0.00730923 0.00455789
 0.00780743 0.012743 0.0192891 0.0274143 0.0368553 0.046965 0.0566853 0.0648108 0.0704268 0.0731973 0.0733194 0.0712701 0.0675796 0.062726 0.0571076 0.0510383 0.0447541 0.0384309 0.0322094 0.0262184 0.0205935 0.0154849 0.0110465 0.00740549 0.00462158
 0.00778688 0.0127035 0.0192189 0.0273002 0.0366873 0.0467433 0.056425 0.0645399 0.0701778 0.072996 0.0731781 0.0711886 0.067552 0.0627479 0.0571791 0.0511617 0.0449286 0.038648 0.0324523 0.0264654 0.0208233 0.0156814 0.0112013 0.00751754 0.00469595
 0.00774209 0.0126348 0.0191228 0.027175 0.0365325 0.0465581 0.0562098 0.0642996 0.0699253 0.0727535 0.0729734 0.0710473 0.0674897 0.0627665 0.0572702 0.0513125 0.0451261 0.0388801 0.0327053 0.0267225 0.0210661 0.0158932 0.0113713 0.00764256 0.00477982
 0.0093253 0.0148466 0.0217832 0.0298942 0.038825 0.0480246 0.0566798 0.0638558 0.0688165 0.0712691 0.0713534 0.0694534 0.0660165 0.0614642 0.0561605 0.0503983 0.0443982 0.0383218 0.0322961 0.0264395 0.0208844 0.015787 0.0113163 0.00761845 0.00477181
 0.00932307 0.0151341 0.0227284 0.0319514 0.0423352 0.0529477 0.062425 0.0693791 0.0729923 0.073335 0.0711628 0.0674126 0.0628081 0.0577568 0.0524447 0.0469618 0.0413758 0.0357579 0.0301887 0.0247634 0.0196007 0.0148471 0.0106636 0.00719231 0.00451247
 0.00897275 0.0145854 0.0219631 0.0310226 0.0414205 0.0523822 0.0626607 0.0708228 0.0757607 0.0770747 0.0750952 0.0706305 0.0646539 0.0580498 0.0514486 0.0451692 0.0392768 0.0337077 0.028385 0.0232849 0.0184552 0.0140055 0.0100793 0.00681153 0.00428135
 0.00880891 0.014308 0.0215259 0.0303793 0.0405426 0.0512924 0.0614737 0.0697729 0.0751811 0.077304 0.0763243 0.0727593 0.0672613 0.0605317 0.0532621 0.0460403 0.0392538 0.0330597 0.0274407 0.02231 0.0176075 0.0133475 0.00961206 0.00650513 0.00409571
 0.00870416 0.0141368 0.0212657 0.0300065 0.0400346 0.0506337 0.0606676 0.0688575 0.0742478 0.076509 0.0758764 0.0728665 0.068038 0.0619094 0.0549709 0.0476953 0.0405109 0.0337463 0.0275878 0.0220859 0.0172137 0.0129409 0.0092781 0.00626905 0.00394744
 0.0086944 0.0141115 0.0212098 0.0298993 0.0398534 0.0503596 0.0602916 0.0683833 0.0736937 0.0759117 0.075301 0.0724137 0.0678348 0.0620699 0.055535 0.0485825 0.0415281 0.0346605 0.0282235 0.022387 0.0172377 0.0128031 0.00908906 0.00609982 0.003826
 0.00870303 0.014124 0.0212253 0.029914 0.0398588 0.050342 0.0602314 0.068259 0.0734876 0.0756185 0.074934 0.0720101 0.0674574 0.0618014 0.0554592 0.0487502 0.0419234 0.0351921 0.0287563 0.0227996 0.017471 0.0128702 0.00904862 0.00601694 0.0037459
 0.00868649 0.0141031 0.0212048 0.0299015 0.0398623 0.0503651 0.0602697 0.0682984 0.0735065 0.0755927 0.0748438 0.071848 0.0672349 0.0615535 0.0552409 0.0486231 0.0419328 0.0353432 0.029006 0.0230728 0.0176949 0.0130046 0.00909536 0.00600529 0.00371033
 0.00866552 0.014068 0.0211506 0.0298244 0.0397623 0.0502489 0.0601522 0.0681994 0.0734434 0.0755719 0.0748562 0.0718719 0.0672459 0.0615362 0.0551981 0.0485777 0.0419193 0.0353913 0.0291231 0.0232378 0.0178673 0.0131454 0.00918382 0.00604381 0.00371559
 0.00866109 0.0140605 0.0211385 0.0298057 0.0397345 0.0502092 0.0600988 0.0681336 0.0733712 0.0755035 0.0748033 0.071842 0.0672381 0.0615409 0.055203 0.0485766 0.0419174 0.0354033 0.0291638 0.0233109 0.0179613 0.0132391 0.00925791 0.0060896 0.00373606
 0.00864258 0.0140331 0.0211024 0.0297627 0.0396874 0.0501609 0.0600514 0.068088 0.0733276 0.0754628 0.0747675 0.0718151 0.0672247 0.0615435 0.0552203 0.0486037 0.0419495 0.0354394 0.0292072 0.0233655 0.018026 0.0133063 0.00931716 0.00613308 0.00376204
 0.0086431 0.0140312 0.0210945 0.0297442 0.0396545 0.0501128 0.0599917 0.0680247 0.0732697 0.075417 0.0747365 0.0717978 0.0672187 0.0615471 0.055233 0.0486251 0.0419786 0.0354747 0.0292476 0.0234106 0.0180748 0.0133556 0.00936195 0.00616856 0.00378604
 0.00862725 0.0140079 0.0210638 0.0297075 0.0396132 0.0500677 0.0599426 0.0679712 0.0732133 0.0753623 0.0746905 0.0717678 0.0672088 0.0615577 0.0552609 0.0486655 0.0420271 0.0355277 0.0293027 0.0234657 0.0181281 0.0134048 0.00940443 0.006202 0.00380951
 0.00862073 0.0139973 0.0210481 0.0296858 0.0395857 0.0500357 0.0599087 0.0679384 0.0731842 0.0753375 0.0746692 0.0717492 0.067194 0.0615493 0.0552619 0.0486776 0.0420498 0.0355589 0.0293394 0.0235052 0.0181677 0.0134421 0.00943703 0.00622812 0.00382839
 0.00859923 0.0139666 0.0210097 0.0296438 0.0395451 0.050001 0.059882 0.0679198 0.0731722 0.075331 0.0746672 0.071751 0.0671987 0.0615565 0.0552717 0.0486913 0.0420685 0.0355833 0.0293689 0.0235379 0.0182012 0.0134738 0.00946479 0.00625039 0.00384461
 0.00859923 0.0139666 0.0210097 0.0296438 0.0395451 0.050001 0.059882 0.0679198 0.0731722 0.075331 0.0746672 0.071751 0.0671987 0.0615565 0.0552717 0.0486913 0.0420685 0.0355833 0.0293689 0.0235379 0.0182012 0.0134738 0.00946479 0.00625039 0.00384461
 0.0085707 0.0139144 0.0209209 0.0295049 0.0393473 0.0497477 0.0595945 0.067635 0.0729329 0.0751715 0.0746045 0.0717828 0.0673087 0.0617213 0.0554678 0.0488984 0.0422715 0.0357722 0.0295378 0.0236837 0.0183224 0.0135704 0.00953773 0.00630217 0.00387876
 0.00888789 0.0144142 0.0216405 0.0304601 0.0405202 0.0510728 0.0609512 0.0688596 0.0738563 0.0756686 0.0746287 0.0713697 0.0665528 0.0607431 0.054385 0.0478092 0.0412482 0.0348611 0.0287636 0.0230546 0.0178345 0.0132108 0.00928768 0.00613932 0.00378025
 0.00917627 0.0149059 0.0224202 0.0316122 0.0421006 0.0530661 0.0632355 0.0712047 0.0759686 0.0772646 0.0755047 0.0714416 0.06586 0.0594253 0.0526416 0.0458542 0.0392727 0.0330115 0.0271354 0.0216972 0.0167607 0.0124064 0.00871986 0.00576417 0.00355002
 0.00894059 0.014559 0.0219694 0.0310996 0.0416051 0.0527 0.0631291 0.0714766 0.0766799 0.0783773 0.0768688 0.0728288 0.0670321 0.0602028 0.052947 0.045715 0.0387931 0.0323298 0.0263856 0.0209836 0.0161486 0.0119248 0.00836988 0.00552906 0.00340442
 0.00916206 0.014872 0.0223541 0.0315093 0.0419824 0.0530019 0.0633481 0.0716462 0.0768623 0.0786377 0.0772459 0.0733099 0.0675443 0.0606305 0.0531692 0.0456498 0.0384265 0.0317178 0.0256298 0.0201975 0.0154272 0.011328 0.00792005 0.00521894 0.00320881
 0.00898401 0.014612 0.0220164 0.0311139 0.0415567 0.052568 0.0629192 0.0712347 0.0764973 0.0783767 0.0771683 0.0734887 0.0680092 0.0613409 0.0540157 0.0464847 0.0391116 0.0321662 0.0258252 0.0201847 0.0152838 0.0111331 0.00773247 0.00506999 0.00310641
 0.00921149 0.0149385 0.022428 0.0315711 0.0420064 0.0529618 0.0632253 0.0714366 0.0765842 0.0783382 0.0770014 0.073214 0.0676791 0.0610279 0.0537818 0.0463519 0.0390518 0.0321198 0.0257349 0.020023 0.0150616 0.0108868 0.00750283 0.00488529 0.00297626
 0.00919843 0.0149452 0.0224872 0.0317246 0.0422862 0.0533665 0.0637045 0.071901 0.0769387 0.0785196 0.0769976 0.0730567 0.0674217 0.0607272 0.0534889 0.0461053 0.0388702 0.0319961 0.0256411 0.0199268 0.0149436 0.0107487 0.00736158 0.00476097 0.00288161
 0.00942009 0.0152858 0.0229635 0.03234 0.0430322 0.0542225 0.0646334 0.0728406 0.0777979 0.0791884 0.0773717 0.0730697 0.0670696 0.0600716 0.0526369 0.0451778 0.0379716 0.0311963 0.0249713 0.0193865 0.0145155 0.0104127 0.00710319 0.00457059 0.00275063
#pred catch len freq
 0.00340108 0.00546096 0.00812675 0.0114086 0.0153344 0.0199169 0.0250883 0.0306713 0.0364074 0.0420103 0.0472112 0.0517973 0.0556392 0.0586914 0.0609596 0.0624582 0.0631821 0.0630937 0.0621033 0.0600367 0.0566222 0.0515675 0.0447586 0.0364929 0.0275602
 0.00366971 0.00583689 0.00858409 0.0118958 0.0158025 0.0203551 0.0255406 0.0312114 0.0370786 0.0427669 0.0479036 0.0522171 0.055605 0.0581311 0.0599514 0.0612125 0.0619721 0.0621593 0.0615673 0.0598687 0.0566709 0.0516452 0.0447306 0.036324 0.0272997
 0.00378561 0.00605282 0.00895553 0.01248 0.0166321 0.0214063 0.026719 0.0323772 0.0381066 0.0435982 0.0485464 0.0526907 0.0558764 0.0581027 0.0595175 0.060344 0.0607669 0.060819 0.0603136 0.0588504 0.0559166 0.0510855 0.044267 0.0358934 0.0268964
 0.00394546 0.00629923 0.00930622 0.0129554 0.017266 0.0222523 0.0278376 0.0337976 0.0397794 0.0453735 0.0502045 0.0540161 0.056725 0.0584181 0.0592995 0.0596159 0.0595785 0.0592744 0.0585778 0.0571123 0.0543283 0.0497243 0.0431426 0.0349852 0.0261848
 0.00415316 0.00662589 0.00977743 0.0135883 0.0180689 0.0232253 0.0289749 0.0350924 0.0412258 0.046956 0.0518708 0.0556487 0.0581417 0.0594137 0.059707 0.0593517 0.0586523 0.057777 0.0566637 0.0549782 0.0521799 0.0477366 0.0414331 0.0336093 0.0251483
 0.0043819 0.00698882 0.0103081 0.0143147 0.0190119 0.0243943 0.0303599 0.0366565 0.0429054 0.0486714 0.053539 0.0571909 0.0594751 0.0604368 0.0602946 0.0593743 0.0580171 0.0564684 0.054764 0.0526594 0.0496723 0.045282 0.0392369 0.0318063 0.02379
 0.00467421 0.00744741 0.0109687 0.0152036 0.0201466 0.0257826 0.0319931 0.0384992 0.0448881 0.0506915 0.0554716 0.0589069 0.0608606 0.0614026 0.0607706 0.0592966 0.0573252 0.0551247 0.0527899 0.0501665 0.0468658 0.0424274 0.0366005 0.0295931 0.0221029
 0.00499138 0.00794959 0.0117007 0.0162015 0.021436 0.0273738 0.0338713 0.0406149 0.0471538 0.0529868 0.0576545 0.0608289 0.0623842 0.0624167 0.0611991 0.0590946 0.0564692 0.0536095 0.0506438 0.0474808 0.0438187 0.0392766 0.0336351 0.0270608 0.0201479
 0.00527824 0.00840479 0.0123668 0.0171155 0.0226288 0.0288669 0.0356665 0.0426814 0.0494193 0.0553366 0.059941 0.0628886 0.0640596 0.0635763 0.0617482 0.0589772 0.0556624 0.0521195 0.048511 0.0447992 0.0407571 0.0360806 0.0305913 0.0244295 0.0180937
 0.00553842 0.00881727 0.0129696 0.0179415 0.0237056 0.030214 0.0372882 0.0445561 0.0514919 0.0575164 0.0621055 0.0648931 0.0657527 0.0648175 0.0624241 0.05901 0.0550121 0.0507832 0.0465277 0.0422624 0.0378304 0.0329991 0.0276319 0.0218489 0.0160623
 0.00580064 0.0092322 0.0135742 0.0187658 0.0247721 0.0315345 0.0388562 0.0463389 0.0534272 0.0595151 0.0640585 0.0666808 0.0672547 0.0659219 0.0630345 0.0590515 0.0544356 0.0495713 0.0447048 0.0399089 0.0350965 0.0301046 0.0248372 0.0193991 0.0141233
 0.00610918 0.00971534 0.0142681 0.0196953 0.0259509 0.0329639 0.0405188 0.0481898 0.055389 0.0614822 0.0659087 0.0682911 0.0685168 0.0667521 0.0633756 0.0588672 0.0537054 0.0482912 0.0428972 0.0376414 0.0324993 0.0273731 0.0222071 0.0170942 0.012297
 0.00639328 0.0101704 0.0149408 0.0206258 0.0271676 0.0344734 0.0422935 0.0501596 0.0574454 0.0634919 0.0677326 0.0698015 0.0696113 0.0673629 0.0634706 0.0584436 0.0527788 0.0468882 0.0410585 0.0354353 0.0300406 0.0248294 0.019781 0.0149791 0.010625
 0.0066526 0.0105844 0.0155514 0.0214716 0.0282817 0.0358779 0.0439862 0.0520984 0.0595377 0.0655968 0.0696778 0.0714128 0.0707459 0.0679333 0.0634507 0.0578576 0.0516814 0.0453476 0.0391491 0.0332446 0.027682 0.0224505 0.0175519 0.0130582 0.00911788
