SBPRF35
12.7214
Curr Bio
814212
B35
886005
F35
0.170643
FOFL
0.154408
OFL
102696
Bzero
3.63469e+006
#pred survey bio
 3.53831e+006 3.43734e+006 3.34012e+006 3.17964e+006 2.98616e+006 2.78079e+006 2.55526e+006 2.32489e+006 2.07963e+006 1.86566e+006 1.6494e+006 1.46466e+006 1.29412e+006 1.15601e+006 994378 852997 767795 703006 660464 632897 593626 567146 554076 549936 540447 541274 536848 550167 555301 564218 576095 588953 592739 598411 613031 622369 634545 650163 649372 657808 660915 670374 689625 691746 691860 691887 702952 708625 714010 724386 729881 741633 757938 774456 780137 796242 816466 814614 845397 853147 839279 827729 805543 820988 2.8443e+007 1.72253e+007 1.76986e+007 1.86841e+007 1.99857e+007 2.13895e+007 2.27382e+007 2.39407e+007 2.49595e+007 2.57924e+007 2.64564e+007 2.69767e+007 2.73794e+007 2.76888e+007 2.79255e+007 2.81063e+007 2.82444e+007 2.83501e+007 2.84312e+007 2.84936e+007 2.8542e+007 2.85796e+007 2.86089e+007 2.86319e+007 2.865e+007 2.86643e+007 2.86757e+007 2.86847e+007 2.86919e+007 2.86977e+007 2.87024e+007 2.87061e+007 2.87092e+007 2.87116e+007 2.87136e+007 2.87152e+007 2.87165e+007 2.87176e+007 2.87185e+007 2.87192e+007 2.87197e+007 2.87202e+007 2.87206e+007 2.87209e+007 2.87212e+007 2.87214e+007 2.87216e+007 2.87217e+007 2.87218e+007 2.87219e+007 2.8722e+007 2.8722e+007 2.87221e+007 2.87221e+007 2.87222e+007 2.87222e+007 2.87222e+007 2.87222e+007 2.87223e+007 2.87223e+007 2.87223e+007 2.87223e+007 2.87223e+007 2.87223e+007 2.87223e+007 2.87223e+007 2.87223e+007 2.87223e+007 2.87223e+007 2.87223e+007 2.87223e+007 2.87223e+007 2.87223e+007 2.87223e+007 2.87223e+007 2.87223e+007 2.87223e+007 2.87223e+007 2.87223e+007 2.87223e+007 2.87223e+007 2.87223e+007 2.87223e+007 2.87223e+007 2.87223e+007 2.87223e+007 2.87223e+007 2.87223e+007 2.87223e+007 2.87223e+007 2.87223e+007 2.87223e+007 2.87223e+007 2.87223e+007 2.87223e+007 2.87223e+007 2.87223e+007 2.87223e+007 2.87223e+007 2.87223e+007 0 0 0 0 0 0 0 0 0 0 0 0 0 0 0 0 0 0 0 0 0 0 0 0 0
#obs survey bio
 3.01979e+006 3.22876e+006 2.80594e+006 3.99099e+006 4.22915e+006 2.29927e+006 2.69741e+006 2.20243e+006 1.57548e+006 1.11205e+006 1.74321e+006 1.84024e+006 963026 943810 977042 766534 720323 498087 760521 668018 704202 640265 417329 600259 514677 432862 441801 495935 397252 826657 717254 568242 629821 684766 512485 647479 522046 846813 783066 848354 532042 537143 600093 573040 668610 873049 866664 899496 570634 622145 615785 836741 1.04405e+006 687398 909168 831488 782135 985077 944021 762379 1.11671e+006 654476 1.01482e+006 798699
#pred catch bio
 95987.8 96630.8 162555 203370 227591 261167 281446 310427 296430 310385 290739 283408 257441 276829 254025 200775 179918 157397 141316 146842 131150 116915 108535 112889 104525 109580 95776.5 103850 100602 97555.2 95987.1 102607 100099 93012.3 98804.9 97687.8 96249.9 110705 102859 108044 103754 97266.8 112793 113964 113187 103458 108138 108373 104632 109572 104864 101589 101926 111357 102654 100012 119086 91559.3 112286 130205 127280 135559 103474 124518 102696 113444 115397 120816 128778 137497 145814 153117 159177 164002 167730 170543 172629 174153 175254 176043 176605 177002 177282 177478 177615 177711 177777 177824 177856 177878 177894 177904 177912 177917 177920 177923 177924 177925 177926 177927 177927 177927 177928 177928 177928 177928 177928 177928 177928 177928 177928 177928 177928 177928 177928 177928 177928 177928 177928 177928 177928 177928 177928 177928 177928 177928 177928 177928 177928 177928 177928 177928 177928 177928 177928 177928 177928 177928 177928 177928 177928 177928 177928 177928 177928 177928 177928 177928 177928 177928 177928 177928 177928 177928 177928 177928 177928 177928 177928 177928 177928 177928 177928 177928 0 0 0 0 0 0 0 0 0 0 0 0 0 0 0 0 0 0 0 0 0 0 0 0 0
#obs catch bio
 0 96303.4 163134 203734 227648 261800 281625 311063 297148 313085 292855 285235 259158 279449 256278 202204 181491 159482 141686 147935 131267 116784 108467 113126 104837 110619 96260.5 104948 101647 97876.1 95801.3 102210 99415 92320.6 98540.9 97677.4 96218.1 110733 102501 107528 103853 97271.5 112993 114156 113204 103127 107676 107899 104222 109186 104670 101243 101554 111402 102446 99655.9 119502 91102.3 111972 129787 126631 135668 102818 124700
#pred cpue bio
 3.49808e+006 3.39852e+006 3.30112e+006 3.14053e+006 2.94745e+006 2.74231e+006 2.51709e+006 2.28715e+006 2.04253e+006 1.82906e+006 1.61372e+006 1.43008e+006 1.26085e+006 1.12389e+006 964282 824929 740970 677337 635915 609326 571307 545715 533001 528796 519311 519928 515487 528483 533656 542763 554929 567952 571897 577508 591728 600715 612581 627916 627224 635540 638440 647513 666386 668592 668881 669095 680110 685754 691038 701167 706483 718106 734374 750780 756377 772253 792222 790439 820800 828510 814738 803214 781278 796457 2.75926e+007 1.67106e+007 1.70574e+007 1.79351e+007 1.9209e+007 2.06079e+007 2.19558e+007 2.31582e+007 2.4177e+007 2.50099e+007 2.56739e+007 2.61941e+007 2.65969e+007 2.69063e+007 2.7143e+007 2.73238e+007 2.74619e+007 2.75675e+007 2.76487e+007 2.77111e+007 2.77595e+007 2.7797e+007 2.78264e+007 2.78494e+007 2.78675e+007 2.78818e+007 2.78932e+007 2.79022e+007 2.79094e+007 2.79152e+007 2.79199e+007 2.79236e+007 2.79266e+007 2.79291e+007 2.79311e+007 2.79327e+007 2.7934e+007 2.79351e+007 2.79359e+007 2.79367e+007 2.79372e+007 2.79377e+007 2.79381e+007 2.79384e+007 2.79387e+007 2.79389e+007 2.7939e+007 2.79392e+007 2.79393e+007 2.79394e+007 2.79395e+007 2.79395e+007 2.79396e+007 2.79396e+007 2.79397e+007 2.79397e+007 2.79397e+007 2.79397e+007 2.79398e+007 2.79398e+007 2.79398e+007 2.79398e+007 2.79398e+007 2.79398e+007 2.79398e+007 2.79398e+007 2.79398e+007 2.79398e+007 2.79398e+007 2.79398e+007 2.79398e+007 2.79398e+007 2.79398e+007 2.79398e+007 2.79398e+007 2.79398e+007 2.79398e+007 2.79398e+007 2.79398e+007 2.79398e+007 2.79398e+007 2.79398e+007 2.79398e+007 2.79398e+007 2.79398e+007 2.79398e+007 2.79398e+007 2.79398e+007 2.79398e+007 2.79398e+007 2.79398e+007 2.79398e+007 2.79398e+007 2.79398e+007 2.79398e+007 2.79398e+007 2.79398e+007 2.79398e+007 2.79398e+007 2.79398e+007 0 0 0 0 0 0 0 0 0 0 0 0 0 0 0 0 0 0 0 0 0 0 0 0 0
#obs cpue bio
 3.14376e+006 3.30879e+006 3.37426e+006 2.92414e+006 2.33141e+006 2.64964e+006 2.80024e+006 2.37791e+006 2.14137e+006 2.02882e+006 1.44188e+006 1.20974e+006 1.34638e+006 1.31885e+006 914954 766334 672713 599765 836118 473567 611451 529976 656486 447633 432372 459308 575891 435503 598744 553285 632287 782021 729404 549278 567038 461812 683922 582758 597966 650451 492371 732898 830411 747151 811532 635337 709723 583702 827584 924921 716296 766121 552986 697184 725125 801574 659061 816561 876744 1.04794e+006 657188 820835 768296 609762
#pred surv len freq
 0.00425158 0.00700938 0.0107483 0.0155135 0.0212213 0.0275646 0.0339973 0.039885 0.0447495 0.0484221 0.0510084 0.0527419 0.0538571 0.0545338 0.0548904 0.0549987 0.0549029 0.0546245 0.0541215 0.053202 0.0514549 0.0483114 0.0433027 0.0364126 0.0282744
 0.00456035 0.00741923 0.0111979 0.0158966 0.021426 0.0275295 0.0337483 0.0395241 0.0443978 0.0481545 0.0508235 0.052584 0.0536689 0.0543052 0.0546741 0.0548868 0.0549794 0.0549148 0.0545644 0.0536617 0.0517731 0.0483767 0.043099 0.0360184 0.0278158
 0.00462584 0.00758893 0.0115625 0.0165592 0.0224522 0.0288828 0.0352561 0.0409138 0.0454022 0.0486253 0.0507776 0.0521565 0.0530213 0.0535564 0.0538928 0.0541226 0.0542873 0.0543463 0.0541344 0.0533249 0.0514372 0.0479513 0.0425491 0.0353846 0.0271888
 0.00475945 0.00779126 0.011845 0.0169375 0.0229597 0.0295803 0.0362171 0.0421792 0.0469198 0.0502188 0.0521822 0.0531171 0.0533936 0.0533482 0.0532282 0.0531702 0.0532027 0.0532467 0.0530916 0.0523618 0.0505339 0.0470706 0.0416733 0.0345391 0.0264328
 0.00496104 0.00811565 0.0123256 0.0175999 0.0238144 0.0306151 0.0373961 0.0434538 0.0482464 0.0515636 0.0534994 0.0543141 0.0543206 0.0538383 0.0531677 0.0525513 0.0521229 0.0518625 0.0515608 0.0508042 0.0490213 0.0456412 0.0403575 0.0333767 0.0254699
 0.00516436 0.00844992 0.0128354 0.0183286 0.0247944 0.0318533 0.0388589 0.0450627 0.049893 0.0531368 0.0549112 0.0555055 0.0552451 0.0544354 0.0533538 0.0522425 0.05128 0.0505246 0.0498424 0.0488613 0.0470107 0.043697 0.0385867 0.0318618 0.0242645
 0.00538903 0.0088176 0.0133936 0.0191236 0.0258635 0.0332109 0.0404815 0.0468815 0.0518 0.0550033 0.0566092 0.0569263 0.0563094 0.0550917 0.0535651 0.0519723 0.0504935 0.049211 0.0480452 0.0466925 0.0446397 0.0413187 0.036386 0.0299833 0.0227916
 0.00563627 0.00922016 0.0140007 0.0199822 0.0270095 0.0346563 0.0422001 0.0488029 0.0538179 0.0569935 0.058447 0.0584983 0.0575201 0.0558674 0.0538544 0.0517412 0.0497204 0.0478894 0.0462007 0.0444072 0.0420653 0.038665 0.0338818 0.0278245 0.0210979
 0.00593331 0.00970363 0.0147292 0.0210098 0.0283752 0.0363666 0.0442121 0.051019 0.0561004 0.0591916 0.0604224 0.0601384 0.0587402 0.0566068 0.0540712 0.0514074 0.048819 0.0464173 0.0441824 0.0419165 0.0392462 0.0357313 0.0310845 0.0253934 0.0191823
 0.00615726 0.0100797 0.0153175 0.0218743 0.0295708 0.037919 0.0460964 0.0531525 0.0583536 0.0614139 0.0624667 0.0618777 0.0600749 0.0574654 0.054406 0.0511884 0.0480283 0.0450506 0.04226 0.0395054 0.036481 0.0328194 0.0282782 0.0229325 0.0172304
 0.00638083 0.0104536 0.0159002 0.022728 0.0307504 0.039453 0.0479672 0.055286 0.0606268 0.0636758 0.064562 0.0636661 0.0614439 0.0583361 0.0547312 0.0509454 0.0472098 0.0436617 0.0403266 0.0370932 0.033719 0.0299072 0.0254632 0.0204547 0.0152578
 0.00660066 0.010809 0.0164322 0.0234758 0.0317467 0.0407161 0.0494896 0.0570264 0.0625109 0.0656032 0.0664176 0.0653301 0.0628027 0.059292 0.0552102 0.0508989 0.0466128 0.042511 0.0386449 0.0349433 0.0312215 0.027248 0.0228734 0.0181609 0.0134222
 0.00684123 0.0112028 0.0170292 0.0243224 0.0328751 0.0421281 0.0511423 0.0588313 0.0643515 0.0673625 0.0679982 0.0666597 0.0638263 0.059963 0.055485 0.0507377 0.045984 0.0413983 0.0370579 0.0329329 0.0288949 0.0247743 0.0204645 0.0160257 0.0117111
 0.00693058 0.0113736 0.0173338 0.0248258 0.0336408 0.0431941 0.052499 0.0604128 0.0660475 0.0690427 0.0695386 0.0679606 0.0648197 0.06061 0.0557652 0.0506371 0.0454881 0.0404945 0.0357474 0.03125 0.0269257 0.0226622 0.0183937 0.0141805 0.0102262
 0.00717034 0.0117643 0.0179239 0.0256621 0.0347607 0.0446116 0.0541881 0.0622969 0.0680023 0.0709143 0.0711693 0.0692165 0.0656129 0.0609084 0.0555858 0.0500262 0.0444981 0.0391691 0.034123 0.0293718 0.0248697 0.0205482 0.0163756 0.0124123 0.0088185
 0.00750682 0.0122947 0.018691 0.0266938 0.0360646 0.0461679 0.0559406 0.0641516 0.0698381 0.0726028 0.0725933 0.0702798 0.0662458 0.0610719 0.0552763 0.0492745 0.0433598 0.0377109 0.0324125 0.0274788 0.0228774 0.0185634 0.0145245 0.0108168 0.00756233
 0.00763948 0.0125154 0.0190319 0.0271876 0.0367369 0.0470263 0.0569652 0.0652935 0.0710298 0.0737731 0.073677 0.0712188 0.0669838 0.0615526 0.055449 0.0491043 0.0428377 0.0368571 0.0312739 0.0261237 0.0213929 0.0170536 0.0131021 0.00958468 0.00658957
 0.00765714 0.0125588 0.019125 0.027363 0.0370301 0.047465 0.0575583 0.0660255 0.0718625 0.0746534 0.074546 0.0720194 0.0676654 0.0620712 0.0557651 0.0491825 0.0426509 0.0363946 0.0305496 0.0251807 0.0203028 0.0159096 0.0120059 0.00862696 0.00583051
 0.00766993 0.0125647 0.019108 0.0273038 0.0369168 0.0473084 0.0574008 0.0659357 0.0719138 0.0748963 0.0749893 0.0726275 0.0683707 0.0627915 0.0564188 0.0496974 0.0429693 0.0364777 0.0303828 0.0247797 0.0197155 0.0152113 0.011286 0.00796952 0.0052949
 0.00758974 0.0124464 0.0189516 0.0271148 0.0367021 0.0470718 0.0571435 0.0656649 0.071655 0.0746998 0.0749216 0.0727486 0.068707 0.0633207 0.057073 0.0503819 0.0435858 0.0369431 0.0306428 0.0248152 0.0195454 0.014888 0.0108828 0.00756206 0.00494248
 0.00768956 0.0125918 0.0191395 0.0273318 0.0369291 0.0472895 0.0573359 0.0658172 0.0717508 0.0747223 0.0748634 0.0726237 0.0685551 0.0631963 0.0570219 0.0504193 0.0436874 0.0370553 0.0307035 0.0247768 0.0193901 0.014632 0.010569 0.00724364 0.00466492
 0.00787102 0.0128532 0.01947 0.0276987 0.0372848 0.0475855 0.0575353 0.0659018 0.0717218 0.0745977 0.0746718 0.0723963 0.0683206 0.0629805 0.0568485 0.0503071 0.0436421 0.0370618 0.0307269 0.0247745 0.0193294 0.0145037 0.0103894 0.00704544 0.00448211
 0.00804238 0.0131121 0.0198212 0.0281294 0.0377634 0.0480626 0.0579482 0.0661849 0.0718251 0.0745056 0.0744105 0.0720248 0.0679089 0.0625882 0.0565147 0.0500502 0.0434651 0.036955 0.0306693 0.0247367 0.019282 0.0144279 0.0102837 0.00692363 0.00436464
 0.00808574 0.0131912 0.0199555 0.0283396 0.0380637 0.0484487 0.0583884 0.0666206 0.0721845 0.0747246 0.0744525 0.07189 0.0676324 0.0622272 0.0561315 0.049697 0.0431745 0.0367384 0.03052 0.0246358 0.0192059 0.0143565 0.0102067 0.00684211 0.00428709
 0.00819253 0.0133561 0.0201876 0.0286431 0.0384376 0.0488881 0.058881 0.0671421 0.0726935 0.0751642 0.0747589 0.0720094 0.0675378 0.0619299 0.0556791 0.0491593 0.0426241 0.0362332 0.0300937 0.0242979 0.0189478 0.014161 0.0100568 0.00672625 0.00419914
 0.00815882 0.0133133 0.0201453 0.0286175 0.0384478 0.0489488 0.0589986 0.067314 0.072912 0.0754184 0.0750327 0.0722767 0.0677614 0.0620691 0.0557042 0.0490647 0.0424321 0.0359855 0.0298355 0.0240639 0.0187556 0.0140129 0.00994628 0.00664476 0.00414
 0.00821165 0.01339 0.0202443 0.028733 0.0385729 0.0490808 0.0591406 0.0674722 0.0730893 0.0756091 0.0752222 0.0724448 0.0678878 0.0621358 0.0556965 0.048974 0.0422605 0.0357495 0.0295645 0.0237922 0.0185119 0.0138139 0.00979592 0.00653823 0.00406861
 0.00804253 0.0131361 0.0199017 0.0283123 0.0380973 0.0485816 0.0586554 0.0670451 0.0727692 0.0754427 0.0752425 0.0726593 0.0682728 0.0626395 0.0562512 0.0495116 0.0427265 0.0361118 0.0298159 0.0239455 0.0185919 0.0138471 0.00980391 0.0065349 0.00406159
 0.00788518 0.0128972 0.0195745 0.0279034 0.0376275 0.0480836 0.0581715 0.0666223 0.0724506 0.0752587 0.075206 0.0727686 0.0685163 0.0629976 0.0566944 0.0499991 0.0432106 0.0365475 0.030171 0.0242073 0.0187658 0.0139508 0.0098589 0.0065603 0.00407119
 0.00771554 0.012624 0.0191694 0.0273462 0.0369145 0.0472396 0.0572584 0.0657359 0.0717004 0.0747391 0.0749726 0.0728306 0.0688439 0.0635373 0.0573823 0.0507699 0.0440013 0.0373007 0.0308393 0.0247591 0.019189 0.0142519 0.0100576 0.00668175 0.00413988
 0.00764637 0.012492 0.018935 0.0269618 0.036337 0.0464515 0.0562863 0.064657 0.0706309 0.0738089 0.0742977 0.0724909 0.0688698 0.0639079 0.058035 0.0516172 0.0449484 0.0382587 0.0317343 0.025537 0.0198189 0.0147262 0.0103887 0.00689557 0.00426713
 0.00759782 0.0124106 0.0188066 0.026768 0.0360548 0.0460549 0.0557533 0.0639805 0.069832 0.072946 0.073465 0.0718011 0.0684275 0.0637825 0.0582439 0.0521246 0.0456777 0.0391123 0.0326133 0.0263573 0.0205212 0.0152803 0.0107916 0.00716491 0.00443218
 0.007654 0.0124903 0.0189047 0.0268706 0.0361414 0.046101 0.0557325 0.0638659 0.0695984 0.0725767 0.0729632 0.0712019 0.0678012 0.0632239 0.0578487 0.0519611 0.0457665 0.0394233 0.0330776 0.0268893 0.0210411 0.0157296 0.0111403 0.00740944 0.00458744
 0.00775414 0.0126363 0.0190925 0.0270847 0.0363567 0.0462885 0.055864 0.0639169 0.0695503 0.0724181 0.0726917 0.0708259 0.0673435 0.062726 0.0573711 0.0515742 0.0455328 0.0393764 0.0332102 0.0271562 0.0213755 0.0160653 0.0114287 0.00762704 0.00473326
 0.00774969 0.0126346 0.0190997 0.0271079 0.0364004 0.0463491 0.0559267 0.0639586 0.0695474 0.0723558 0.072568 0.0706489 0.0671263 0.0624833 0.0571221 0.051347 0.0453647 0.039304 0.0332554 0.0273139 0.021613 0.0163338 0.0116808 0.00783099 0.00487782
 0.00771698 0.0125927 0.0190577 0.0270818 0.0364091 0.0464076 0.0560397 0.0641159 0.0697244 0.0725182 0.0726797 0.070682 0.0670681 0.0623394 0.0569131 0.0511047 0.0451263 0.0391084 0.0331348 0.0272851 0.0216706 0.0164519 0.0118234 0.00796512 0.0049833
 0.00767119 0.0125169 0.018942 0.0269191 0.0361999 0.0461661 0.055797 0.0639155 0.0696087 0.0725121 0.0727797 0.0708569 0.0672711 0.0625241 0.0570475 0.0511777 0.0451479 0.0391033 0.0331333 0.0273126 0.0217387 0.0165555 0.0119442 0.00808109 0.00507781
 0.00754351 0.0123255 0.018684 0.0266018 0.0358386 0.04578 0.0554074 0.0635485 0.0692973 0.0722942 0.0726899 0.0709146 0.06747 0.0628309 0.0574108 0.0515441 0.0454778 0.0393792 0.0333587 0.0275028 0.0219098 0.0167155 0.0120913 0.00820749 0.00517614
 0.00758271 0.0123769 0.0187387 0.0266452 0.0358549 0.0457596 0.0553518 0.0634679 0.0692038 0.0721956 0.0725898 0.0708177 0.0673875 0.0627778 0.0573979 0.0515702 0.0455296 0.0394389 0.0334135 0.0275502 0.0219548 0.0167641 0.0121448 0.0082617 0.00522444
 0.00763449 0.0124459 0.0188143 0.0267067 0.0358763 0.0457173 0.0552329 0.0632757 0.0689587 0.0719314 0.072345 0.0706259 0.0672688 0.0627376 0.0574298 0.0516613 0.0456627 0.0395945 0.0335727 0.0276985 0.0220846 0.0168739 0.0122358 0.008335 0.00528042
 0.00768968 0.0125404 0.0189638 0.026925 0.0361672 0.046065 0.0555954 0.0635903 0.06916 0.0719747 0.0722228 0.0703684 0.0669306 0.0623787 0.0570997 0.0513905 0.0454627 0.0394621 0.0334959 0.0276619 0.0220742 0.0168793 0.01225 0.00835311 0.00529859
 0.0076377 0.0124672 0.0188754 0.0268361 0.0360992 0.0460413 0.0556354 0.0637013 0.0693313 0.072175 0.0724066 0.0704906 0.0669642 0.0623244 0.0569835 0.0512508 0.0453353 0.0393697 0.0334456 0.0276488 0.0220872 0.0169064 0.0122815 0.00838265 0.00532286
 0.00748966 0.0122371 0.0185498 0.0264128 0.0355911 0.0454806 0.0550757 0.0632134 0.068988 0.0720299 0.0724758 0.0707476 0.0673492 0.0627651 0.0574172 0.0516396 0.0456683 0.0396543 0.0336947 0.0278709 0.0222838 0.017074 0.0124161 0.00848319 0.00539214
 0.00742985 0.012147 0.0184274 0.0262603 0.0354138 0.0452847 0.0548683 0.0630044 0.0687927 0.0718698 0.0723758 0.0707288 0.0674201 0.0629156 0.0576205 0.0518608 0.0458774 0.0398346 0.033844 0.0279954 0.0223904 0.0171659 0.0124931 0.00854368 0.00543582
 0.0073977 0.0120923 0.0183411 0.0261336 0.0352417 0.0450705 0.0546265 0.0627587 0.0685699 0.0716917 0.072256 0.0706738 0.0674333 0.0629978 0.0577666 0.0520568 0.0461007 0.0400601 0.0340517 0.0281745 0.0225384 0.0172847 0.0125856 0.00861259 0.00548391
 0.00741102 0.0121054 0.0183446 0.0261133 0.0351811 0.0449569 0.0544561 0.0625402 0.0683234 0.0714452 0.072039 0.0705116 0.0673423 0.0629843 0.0578281 0.0521835 0.0462767 0.040265 0.0342632 0.0283731 0.0227109 0.017425 0.0126932 0.00869032 0.00553653
 0.0073848 0.012058 0.0182647 0.0259867 0.0349946 0.0447026 0.054137 0.0621728 0.0679372 0.071078 0.0717309 0.0702979 0.0672469 0.0630157 0.0579785 0.0524324 0.0465956 0.0406223 0.0346276 0.0287171 0.0230131 0.0176727 0.0128825 0.00882502 0.00562531
 0.00739447 0.0120728 0.0182845 0.0260094 0.0350144 0.0447085 0.0541132 0.0621017 0.0678048 0.0708816 0.0714833 0.0700273 0.0669914 0.0628137 0.0578601 0.0524125 0.046672 0.0407778 0.0348356 0.0289471 0.0232375 0.0178703 0.0130411 0.00894138 0.00570346
 0.00742748 0.0121199 0.0183433 0.0260735 0.0350751 0.0447574 0.0541436 0.0621078 0.0677803 0.0708187 0.0713751 0.0698725 0.0667994 0.0626065 0.0576683 0.0522677 0.0465976 0.0407824 0.0349115 0.029074 0.0233889 0.0180207 0.0131718 0.00904264 0.0057739
 0.00741358 0.0121004 0.0183193 0.0260474 0.035049 0.0447313 0.0541146 0.0620715 0.0677335 0.0707613 0.0713099 0.0698026 0.0667264 0.0625314 0.0575956 0.0522078 0.0465656 0.0407929 0.0349712 0.0291781 0.0235216 0.018161 0.0133 0.00914598 0.00584799
 0.00735346 0.0120178 0.0182231 0.0259554 0.0349827 0.0447081 0.0541405 0.0621391 0.0678248 0.0708537 0.0713828 0.0698421 0.0667273 0.0624968 0.0575345 0.0521333 0.0464935 0.0407393 0.0349496 0.0291946 0.0235725 0.0182342 0.0133795 0.00921769 0.00590362
 0.00725563 0.0118604 0.0179905 0.0256382 0.0345838 0.0442507 0.0536718 0.0617242 0.0675287 0.0707194 0.0714169 0.070017 0.0669953 0.0628077 0.0578482 0.0524253 0.0467542 0.0409702 0.0351579 0.0293875 0.0237531 0.0183997 0.0135231 0.00933278 0.00598748
 0.00721905 0.0117868 0.0178542 0.025407 0.0342287 0.0437594 0.0530624 0.0610503 0.0668714 0.0701691 0.0710517 0.0698834 0.0670981 0.0631116 0.0582914 0.0529385 0.0472781 0.0414647 0.0356022 0.0297748 0.0240832 0.0186735 0.0137414 0.00949697 0.0061021
 0.00719912 0.0117534 0.0178009 0.0253243 0.0341024 0.0435703 0.0527897 0.0606797 0.0664069 0.069643 0.0705256 0.0694368 0.0668065 0.0630238 0.0584152 0.0532419 0.0477025 0.0419445 0.0360815 0.0302152 0.0244637 0.018986 0.0139853 0.0096765 0.00622523
 0.00719319 0.0117512 0.0178108 0.0253574 0.0341675 0.043667 0.0529017 0.0607739 0.0664398 0.0695735 0.0703312 0.0691264 0.0664243 0.0626402 0.0581059 0.053063 0.0476746 0.042051 0.0362807 0.0304583 0.0247089 0.0192052 0.0141642 0.00981121 0.00631886
 0.00715969 0.0116897 0.0177063 0.0251946 0.0339377 0.0433774 0.0525812 0.0604677 0.0661937 0.0694143 0.0702557 0.0691066 0.0664249 0.0626395 0.0581075 0.0530932 0.0477663 0.0422245 0.0365322 0.0307609 0.025024 0.0194963 0.0144065 0.00999444 0.00644516
 0.00707848 0.0115659 0.0175348 0.0249746 0.0336713 0.0430678 0.0522342 0.0600967 0.0658246 0.0690857 0.0700105 0.0689766 0.0664185 0.0627391 0.058281 0.0533116 0.0480153 0.0425039 0.0368445 0.0310992 0.0253682 0.0198182 0.0146805 0.0102059 0.00659298
 0.0071265 0.0116386 0.017634 0.0250983 0.0338133 0.0432178 0.0523772 0.0602121 0.0658875 0.0690729 0.069909 0.0687923 0.0661774 0.0624789 0.0580384 0.0531115 0.0478701 0.0424183 0.03682 0.0311332 0.0254507 0.019931 0.0148007 0.0103138 0.00667661
 0.00701539 0.0114588 0.0173658 0.0247263 0.0333323 0.042641 0.0517429 0.0595825 0.0653363 0.0686657 0.0696858 0.0687596 0.0663131 0.0627451 0.0583951 0.0535252 0.0483159 0.0428777 0.0372776 0.0315751 0.0258623 0.0202969 0.0151069 0.0105513 0.00684534
 0.00703561 0.0114889 0.0174053 0.0247706 0.0333716 0.0426589 0.0517181 0.0594938 0.0651716 0.0684302 0.0694055 0.068475 0.0660668 0.0625692 0.0583043 0.0535184 0.048382 0.0430017 0.0374444 0.0317698 0.0260693 0.0204997 0.0152897 0.0107018 0.00695763
 0.0070992 0.0116015 0.0175907 0.025054 0.0337703 0.0431689 0.0523025 0.0600825 0.0656754 0.0687645 0.0695137 0.0683431 0.0657249 0.0620807 0.0577473 0.0529659 0.0478877 0.042596 0.0371374 0.0315578 0.02594 0.020436 0.015272 0.0107108 0.00697732
 0.00711547 0.0116316 0.0176437 0.025143 0.0339119 0.0433812 0.0525994 0.0604654 0.0661242 0.0692327 0.0699325 0.0686376 0.0658361 0.0619857 0.0574661 0.0525535 0.0474158 0.0421322 0.0367316 0.0312367 0.0257097 0.0202877 0.0151885 0.0106722 0.00696529
 0.00720692 0.0117743 0.0178472 0.025412 0.0342458 0.0437731 0.0530358 0.0609261 0.0665845 0.0696655 0.070308 0.0689212 0.0659889 0.0619719 0.057266 0.052176 0.0469016 0.0415454 0.0361423 0.0307041 0.0252717 0.0199579 0.0149611 0.0105291 0.00688354
 0.00708214 0.0115796 0.0175703 0.0250493 0.0338057 0.0432801 0.0525334 0.0604758 0.0662554 0.0695183 0.0703786 0.0692093 0.0664554 0.0625448 0.0578564 0.0526995 0.0472998 0.0417987 0.0362681 0.0307428 0.0252674 0.0199443 0.0149553 0.0105342 0.00689544
#obs surv len freq
 nan nan nan nan nan nan nan nan nan nan nan nan nan nan nan nan nan nan nan nan nan nan nan nan nan
 0.00448175 0.00734178 0.0111706 0.0159861 0.0216866 0.0279626 0.0342774 0.0400096 0.0446902 0.0481551 0.050514 0.0520109 0.052904 0.0534172 0.0537321 0.0539875 0.0542664 0.0545594 0.0546982 0.0542902 0.0527282 0.0493601 0.0438094 0.0362889 0.0276719
 0.00461777 0.00756309 0.0115037 0.0164549 0.0223065 0.0287319 0.0351687 0.0409664 0.0456347 0.0490031 0.0511905 0.0524613 0.0531 0.0533571 0.0534371 0.0534941 0.0536175 0.0537971 0.0538614 0.0534154 0.0518538 0.0485289 0.0430657 0.0356703 0.0271991
 0.00477583 0.00782497 0.0119068 0.0170369 0.023097 0.0297397 0.036369 0.0422962 0.0470004 0.0502973 0.0523095 0.0533168 0.0536275 0.0535208 0.0532318 0.0529433 0.0527671 0.0527067 0.0525972 0.0520477 0.0504582 0.0471862 0.0418564 0.0346608 0.0264261
 0.00496684 0.00813499 0.0123728 0.0176939 0.023973 0.0308462 0.03769 0.0437818 0.0485698 0.0518494 0.0537353 0.0545109 0.0544969 0.0539934 0.0532635 0.0525219 0.0519135 0.0514718 0.0510575 0.0503007 0.048619 0.0453818 0.0402121 0.0332788 0.0253641
 0.00517347 0.00847375 0.0128878 0.0184278 0.0249585 0.0320931 0.0391723 0.0454344 0.0502989 0.0535507 0.0553085 0.0558648 0.0555484 0.0546664 0.0534932 0.0522623 0.0511469 0.0502168 0.0493742 0.0482925 0.0464289 0.0431801 0.0381732 0.0315477 0.0240253
 0.00539415 0.00883609 0.0134399 0.0192171 0.0260227 0.0334461 0.0407896 0.0472467 0.0522017 0.0554243 0.0570374 0.0573496 0.0567079 0.0554345 0.0538137 0.0520875 0.0504418 0.0489718 0.047621 0.0461191 0.0439846 0.0406641 0.0358023 0.0295101 0.0224365
 0.00564255 0.00924062 0.0140502 0.0200801 0.0271744 0.0348981 0.0425143 0.049172 0.0542199 0.0574112 0.0588719 0.0589252 0.0579377 0.0562507 0.0541642 0.0519307 0.0497447 0.0477166 0.0458222 0.0438459 0.0413779 0.0379328 0.0331895 0.0272377 0.0206488
 0.00589347 0.00965251 0.0146773 0.0209752 0.0283781 0.0364226 0.0443266 0.0511892 0.0563219 0.0594648 0.0607526 0.0605286 0.0591811 0.0570706 0.054512 0.0517681 0.0490417 0.0464549 0.0440095 0.0415395 0.0387072 0.0351031 0.0304529 0.0248343 0.0187425
 0.00613071 0.010042 0.0152709 0.021824 0.0295235 0.0378807 0.0460726 0.0531502 0.0583861 0.0615017 0.0626341 0.062143 0.0604394 0.0579067 0.054879 0.0516321 0.0483769 0.0452453 0.0422605 0.039301 0.0360973 0.0323161 0.0277357 0.0224292 0.0168212
 0.00635778 0.0104177 0.0158484 0.0226568 0.0306549 0.0393268 0.0478051 0.0550913 0.0604198 0.0634968 0.0644655 0.063704 0.0616453 0.0586949 0.0552056 0.051468 0.0477025 0.0440506 0.0405542 0.0371301 0.033571 0.0296159 0.0250955 0.0200829 0.0149388
 0.00659603 0.0108045 0.0164297 0.0234758 0.0317445 0.0406977 0.0494326 0.0569086 0.062325 0.0653703 0.0661881 0.0651706 0.0627719 0.0594203 0.0554894 0.0512854 0.0470393 0.042902 0.0389324 0.0350813 0.0311963 0.0270815 0.0226164 0.0178762 0.0131642
 0.00682939 0.0111875 0.0170126 0.0243064 0.0328574 0.0420985 0.0510823 0.0587207 0.0641806 0.0671436 0.0677682 0.0664708 0.0637293 0.0599916 0.0556466 0.0510123 0.0463283 0.0417543 0.0373639 0.0331375 0.0289706 0.0247242 0.0203209 0.0158372 0.0115251
 0.0070333 0.0115259 0.0175346 0.0250616 0.0338857 0.0434131 0.0526527 0.0604672 0.0659848 0.0688724 0.0692975 0.0677021 0.0645965 0.060459 0.0557026 0.0506592 0.0455753 0.0406145 0.0358605 0.0313169 0.0269183 0.022574 0.0182419 0.0139989 0.0100514
 0.00727286 0.0119122 0.0181101 0.0258637 0.0349399 0.0447214 0.0541819 0.0621429 0.0677001 0.0705049 0.0707296 0.068835 0.0653597 0.0608135 0.0556389 0.0501906 0.044728 0.0394208 0.0343588 0.0295609 0.0249903 0.0205926 0.0163526 0.0123447 0.00873414
 0.0074368 0.0121877 0.0185409 0.0264951 0.0358076 0.0458359 0.0555129 0.0636167 0.0692128 0.0719453 0.0719981 0.0698525 0.0660677 0.0611732 0.0556309 0.0498145 0.0440005 0.0383723 0.0330322 0.0280144 0.0233047 0.0188749 0.0147275 0.0109309 0.00761394
 0.00753292 0.0123455 0.0187821 0.0268432 0.0362863 0.0464641 0.056298 0.0645467 0.0702517 0.0730338 0.0730599 0.0708051 0.0668342 0.0616925 0.0558613 0.0497344 0.0436064 0.0376782 0.03207 0.0268361 0.0219852 0.0175111 0.0134285 0.00979761 0.00671511
 0.0075965 0.0124441 0.0189221 0.0270287 0.0365207 0.0467519 0.0566456 0.0649616 0.0707403 0.0735968 0.0736861 0.0714658 0.0674815 0.0622639 0.0562902 0.0499618 0.043591 0.0374014 0.0315386 0.026084 0.0210735 0.0165239 0.0124617 0.00894004 0.00602822
 0.0076398 0.0125094 0.0190109 0.0271393 0.0366486 0.0468923 0.056795 0.0651204 0.0709146 0.0737994 0.0739335 0.0717713 0.0678456 0.0626665 0.0566885 0.0502969 0.0438 0.0374324 0.0313628 0.0257041 0.0205255 0.0158724 0.0117875 0.00832143 0.00552209
 0.00772699 0.0126384 0.019181 0.0273409 0.0368659 0.0471066 0.0569889 0.0652802 0.0710329 0.0738777 0.0739841 0.0718152 0.067907 0.062763 0.0568225 0.0504493 0.0439318 0.0374938 0.0313087 0.0255091 0.0201947 0.0154426 0.0113173 0.00787417 0.00514741
 0.00775812 0.0126908 0.0192627 0.0274589 0.0370222 0.0472944 0.0571897 0.0654666 0.0711775 0.0739632 0.0740102 0.0717978 0.0678717 0.0627366 0.0568245 0.0504855 0.04399 0.037545 0.0313149 0.0254366 0.0200284 0.0151934 0.0110201 0.00757476 0.00488655
 0.00781658 0.0127775 0.0193778 0.0275978 0.0371778 0.0474597 0.0573591 0.0656342 0.0713335 0.0740929 0.0740966 0.0718286 0.0678455 0.0626659 0.0567315 0.0503935 0.0439137 0.0374841 0.031254 0.0253527 0.0199024 0.0150214 0.0108162 0.007366 0.0047009
 0.00783518 0.0128091 0.0194277 0.0276706 0.0372753 0.0475786 0.0574892 0.0657609 0.0714429 0.0741767 0.0741532 0.07186 0.0678533 0.0626504 0.0566942 0.0503402 0.0438532 0.0374238 0.0311942 0.0252858 0.0198176 0.0149123 0.0106871 0.00723098 0.00457759
 0.00788264 0.0128766 0.0195115 0.0277619 0.0373634 0.0476556 0.0575535 0.0658157 0.0714922 0.0742215 0.0741904 0.0718846 0.0678614 0.0626407 0.0566679 0.0502996 0.043802 0.0373658 0.0311322 0.0252196 0.0197443 0.0148293 0.0105958 0.00713833 0.0044934
 0.00789304 0.0128954 0.0195427 0.027809 0.0374273 0.0477313 0.0576296 0.0658773 0.0715275 0.0742276 0.074175 0.0718606 0.0678404 0.0626275 0.056661 0.050294 0.0437929 0.0373501 0.0311086 0.0251875 0.0197032 0.0147795 0.0105394 0.00708012 0.00443966
 0.00790686 0.0129151 0.0195675 0.027837 0.0374566 0.0477615 0.057662 0.0659133 0.071566 0.0742634 0.0742007 0.0718704 0.0678339 0.0626099 0.0566394 0.0502738 0.0437753 0.0373334 0.0310897 0.0251639 0.0196736 0.014744 0.0104999 0.00703997 0.00440303
 0.00788804 0.0128839 0.0195195 0.0277683 0.0373648 0.0476482 0.0575345 0.0657854 0.0714553 0.0741875 0.0741712 0.0718904 0.067897 0.0627035 0.0567496 0.0503887 0.0438864 0.0374345 0.0311762 0.025232 0.0197213 0.0147716 0.0105103 0.00703784 0.00439398
 0.00790759 0.0129068 0.0195377 0.0277687 0.0373332 0.0475746 0.0574183 0.0656366 0.0712926 0.074033 0.0740463 0.0718115 0.0678729 0.0627341 0.0568262 0.0504969 0.04401 0.0375591 0.0312905 0.0253287 0.0197964 0.0148241 0.0105422 0.00705343 0.00439862
 0.00788248 0.0128692 0.0194866 0.0277043 0.0372553 0.0474811 0.0573053 0.0655011 0.0711366 0.0738676 0.0738912 0.0716907 0.0678076 0.0627365 0.0568963 0.0506238 0.0441751 0.0377412 0.0314699 0.0254899 0.0199297 0.0149255 0.0106126 0.00709751 0.00442302
 0.00785016 0.0128145 0.0194008 0.0275793 0.0370864 0.0472719 0.0570699 0.0652623 0.0709196 0.0736921 0.0737678 0.0716227 0.0677959 0.0627821 0.0569997 0.050781 0.0443756 0.0379678 0.0317019 0.0257075 0.0201175 0.0150747 0.0107215 0.00717021 0.00446704
 0.00785193 0.0128119 0.0193867 0.027543 0.0370163 0.0471589 0.0569118 0.0650665 0.0707028 0.0734772 0.0735794 0.0714814 0.0677144 0.0627645 0.0570437 0.0508805 0.0445216 0.038148 0.0319005 0.0259063 0.0202993 0.0152267 0.0108376 0.00725093 0.00451794
 0.00783882 0.0127931 0.0193628 0.0275151 0.0369845 0.0471202 0.0568592 0.0649912 0.0705979 0.0733435 0.0734268 0.0713287 0.0675837 0.0626756 0.0570091 0.0509038 0.0445987 0.0382688 0.0320508 0.0260694 0.0204581 0.0153669 0.0109498 0.00733226 0.0045712
 0.00779614 0.0127237 0.0192586 0.0273701 0.0367974 0.0468977 0.0566182 0.0647562 0.0703946 0.0731899 0.0733296 0.0712848 0.0675865 0.0627204 0.0570943 0.0510293 0.0447619 0.0384627 0.0322636 0.0262861 0.0206627 0.0155453 0.0110927 0.00743689 0.00464082
 0.00777823 0.01269 0.0191995 0.027274 0.0366536 0.0467014 0.0563751 0.0644843 0.0701219 0.0729478 0.0731456 0.0711763 0.0675585 0.0627662 0.0572011 0.0511828 0.0449499 0.0386748 0.032489 0.0265122 0.0208757 0.0157321 0.011244 0.00754922 0.00471674
 0.00773118 0.0126157 0.0190916 0.0271276 0.036466 0.0464728 0.0561105 0.0641955 0.0698277 0.0726732 0.0729185 0.0710224 0.067496 0.0628018 0.0573281 0.0513842 0.0452035 0.0389576 0.0327808 0.0267953 0.0211348 0.015955 0.0114227 0.00768137 0.0048062
 0.00770106 0.0125636 0.0190078 0.0270017 0.0362898 0.046245 0.0558402 0.0639017 0.0695353 0.072407 0.0726986 0.0708645 0.0674118 0.0627997 0.057411 0.0515473 0.0454331 0.0392332 0.0330783 0.0270913 0.021409 0.0161918 0.0116128 0.00782239 0.00490205
 0.00769286 0.01255 0.0189864 0.0269693 0.0362417 0.0461748 0.055741 0.0637686 0.0693688 0.0722148 0.0724967 0.0706735 0.067253 0.0626912 0.057366 0.0515723 0.0455273 0.0393875 0.0332762 0.0273113 0.0216285 0.0163914 0.0117788 0.00794854 0.00498942
 0.00767296 0.0125214 0.0189503 0.0269288 0.0362009 0.0461364 0.0557044 0.0637298 0.0693206 0.0721499 0.0724105 0.0705672 0.0671356 0.0625782 0.0572759 0.0515226 0.0455296 0.0394454 0.033384 0.0274551 0.0217892 0.0165491 0.0119171 0.00805778 0.00506719
 0.00764799 0.0124818 0.0188926 0.0268515 0.0361051 0.0460275 0.0555926 0.063628 0.0692408 0.072098 0.0723838 0.0705565 0.0671298 0.0625704 0.0572669 0.0515205 0.0455463 0.0394917 0.0334645 0.0275661 0.0219195 0.0166828 0.012039 0.00815707 0.0051396
 0.00762353 0.0124441 0.0188398 0.0267831 0.036022 0.0459324 0.0554897 0.0635243 0.0691452 0.0720205 0.0723325 0.0705349 0.0671354 0.0625955 0.0573025 0.0515606 0.0455908 0.0395451 0.0335329 0.0276523 0.0220202 0.016789 0.0121392 0.00824145 0.00520294
 0.00760846 0.0124189 0.0188007 0.0267265 0.0359459 0.0458374 0.0553811 0.0634111 0.0690386 0.0719308 0.0722674 0.0704987 0.0671292 0.0626172 0.0573471 0.051621 0.0456605 0.0396203 0.0336129 0.027738 0.0221108 0.0168805 0.0122248 0.00831407 0.00525834
 0.00757381 0.0123678 0.0187335 0.0266465 0.0358581 0.0457466 0.0552904 0.0633226 0.068955 0.0718562 0.0722077 0.0704602 0.0671168 0.062633 0.0573895 0.0516857 0.0457412 0.0397105 0.0337075 0.0278333 0.0222041 0.0169686 0.0123037 0.00837965 0.00530807
 0.00757763 0.0123654 0.0187144 0.0265969 0.0357657 0.0456078 0.0551155 0.0631342 0.0687805 0.0717182 0.0721176 0.070419 0.0671192 0.062672 0.0574588 0.0517792 0.0458524 0.0398324 0.0338329 0.0279557 0.0223183 0.0170705 0.0123898 0.00844799 0.00535818
 0.00757598 0.0123659 0.0187203 0.0266113 0.0357885 0.0456321 0.0551265 0.063114 0.0687164 0.071611 0.0719838 0.0702837 0.0670066 0.0625974 0.0574267 0.0517864 0.0458916 0.0398953 0.033911 0.0280412 0.0224038 0.0171499 0.0124585 0.00850312 0.00539887
 0.00754666 0.0123215 0.0186601 0.0265373 0.0357062 0.0455497 0.0550533 0.0630576 0.068679 0.0715875 0.0719644 0.0702601 0.066978 0.0625717 0.057416 0.0518008 0.0459348 0.0399642 0.0339982 0.0281374 0.0224999 0.0172382 0.0125337 0.0085621 0.00544143
 0.00752728 0.0122915 0.0186177 0.0264823 0.03564 0.0454758 0.0549781 0.0629892 0.068626 0.071556 0.0719551 0.0702676 0.0669933 0.0625866 0.057428 0.0518134 0.0459554 0.0399993 0.0340497 0.0282021 0.0225712 0.0173083 0.0125959 0.00861224 0.00547814
 0.00753085 0.0122932 0.0186126 0.0264638 0.0356014 0.045414 0.0548954 0.0628946 0.0685322 0.0714761 0.0718988 0.0702398 0.0669928 0.0626075 0.0574621 0.0518536 0.0459984 0.0400455 0.0341013 0.0282601 0.0226335 0.0173702 0.0126519 0.00865818 0.00551214
 0.00749447 0.0122399 0.0185431 0.0263818 0.035512 0.0453209 0.0548 0.0627969 0.068434 0.0713835 0.0718223 0.0701915 0.0669817 0.0626363 0.0575262 0.0519432 0.046102 0.0401535 0.0342076 0.0283611 0.0227269 0.0174535 0.0127222 0.00871332 0.00555183
 0.00751548 0.012268 0.0185745 0.0264096 0.035529 0.0453227 0.0547872 0.0627738 0.0684052 0.0713502 0.0717823 0.0701424 0.0669256 0.0625803 0.0574801 0.0519151 0.0460951 0.0401661 0.0342348 0.0283976 0.0227679 0.0174948 0.0127604 0.00874552 0.00557642
 0.0074782 0.012214 0.0185051 0.0263297 0.0354447 0.0452385 0.0547048 0.0626931 0.0683277 0.0712812 0.0717302 0.0701149 0.0669257 0.0626063 0.0575271 0.0519784 0.0461713 0.040252 0.0343266 0.0284901 0.0228556 0.0175728 0.0128251 0.00879544 0.00561191
 0.0074782 0.012214 0.0185051 0.0263297 0.0354447 0.0452385 0.0547048 0.0626931 0.0683277 0.0712812 0.0717302 0.0701149 0.0669257 0.0626063 0.0575271 0.0519784 0.0461713 0.040252 0.0343266 0.0284901 0.0228556 0.0175728 0.0128251 0.00879544 0.00561191
 0.00738515 0.0120609 0.0182724 0.0260014 0.0350151 0.0447217 0.0541406 0.0621441 0.0678635 0.0709585 0.0715788 0.0701356 0.0670978 0.062897 0.0578993 0.052396 0.0466028 0.0406722 0.034717 0.0288378 0.0231519 0.0178133 0.0130094 0.00892772 0.00569995
 0.00728927 0.0119003 0.0180223 0.0256364 0.0345162 0.044086 0.0533926 0.0613394 0.067083 0.0702927 0.0711084 0.0699147 0.0671437 0.0631898 0.0583902 0.0530207 0.0472953 0.0413742 0.0353824 0.0294341 0.0236587 0.018221 0.0133184 0.00914657 0.00584365
 0.00730462 0.0119168 0.0180307 0.0256205 0.0344538 0.0439525 0.053166 0.0610066 0.0666473 0.0697799 0.0705687 0.0694163 0.0667588 0.0629761 0.0583766 0.0532011 0.0476332 0.0418153 0.035868 0.0299121 0.0240901 0.0185817 0.0135984 0.00934789 0.00597711
 0.00730615 0.0119247 0.0180518 0.0256625 0.0345204 0.0440375 0.0532479 0.0610508 0.0666143 0.0696386 0.0703091 0.0690567 0.0663453 0.0625738 0.0580541 0.0530125 0.0476038 0.0419368 0.0361046 0.0302135 0.0244055 0.0188707 0.0138361 0.00952531 0.0060975
 0.00720888 0.0117742 0.0178403 0.0253903 0.034198 0.0436869 0.0529025 0.0607492 0.0663884 0.0695011 0.070248 0.0690427 0.0663479 0.0625782 0.0580685 0.0530643 0.0477254 0.0421488 0.0364044 0.0305744 0.0247859 0.0192273 0.0141364 0.00975351 0.00625434
 0.00719315 0.0117416 0.0177786 0.0252844 0.0340344 0.0434609 0.0526244 0.0604455 0.0660963 0.0692579 0.0700799 0.0689574 0.0663342 0.0626127 0.0581286 0.0531398 0.0478227 0.0422849 0.0365938 0.0308168 0.0250626 0.0195074 0.0143881 0.00995516 0.00639862
 0.00721954 0.011784 0.0178408 0.025367 0.0341326 0.043561 0.0527034 0.0604755 0.066055 0.0691389 0.0698978 0.0687429 0.0661221 0.0624292 0.0579859 0.0530383 0.0477601 0.0422626 0.0366177 0.0308912 0.0251824 0.0196559 0.0145415 0.0100911 0.0065035
 0.00711223 0.011623 0.0176239 0.0251021 0.0338366 0.0432568 0.0524164 0.0602299 0.065868 0.0690171 0.0698368 0.0687329 0.0661548 0.0625021 0.0580995 0.0531921 0.0479488 0.042478 0.0368515 0.0311359 0.0254298 0.019894 0.0147555 0.0102674 0.00663494
 0.0071623 0.0116914 0.0177028 0.025177 0.0338906 0.0432784 0.0524046 0.0601933 0.0658194 0.0689657 0.0697835 0.068672 0.066079 0.0624092 0.0579958 0.0530911 0.0478666 0.0424277 0.03684 0.0311637 0.0254913 0.0199789 0.0148499 0.0103571 0.00670903
 0.00720673 0.0117721 0.0178386 0.0253871 0.0341856 0.0436488 0.0528133 0.0605813 0.0661235 0.0691407 0.0698156 0.0685749 0.0658819 0.0621434 0.0576886 0.0527665 0.0475475 0.0421359 0.0365941 0.0309757 0.0253646 0.0199081 0.0148229 0.0103585 0.00672397
 0.00721923 0.0117958 0.0178813 0.0254599 0.0343027 0.0438244 0.0530566 0.0608891 0.0664736 0.0694905 0.0701103 0.068764 0.0659352 0.0620591 0.0574894 0.0524884 0.0472291 0.0418124 0.0362943 0.0307211 0.0251676 0.0197713 0.0147398 0.0103164 0.00670832
 0.0072132 0.0117879 0.0178732 0.0254554 0.0343075 0.0438471 0.0531079 0.0609807 0.0666152 0.0696842 0.0703448 0.0690113 0.0661548 0.062209 0.0575403 0.052433 0.0470827 0.0416056 0.0360633 0.0304985 0.0249775 0.0196264 0.014642 0.0102587 0.00667966
 0.00709597 0.0116005 0.0175983 0.0250814 0.0338349 0.0432948 0.0525193 0.0604222 0.0661634 0.069408 0.0702867 0.0691786 0.066518 0.062709 0.058102 0.0529823 0.0475635 0.0419891 0.0363475 0.0306996 0.0251184 0.019728 0.0147183 0.0103171 0.00672323
#pred catch len freq
 0.0031564 0.00514488 0.00780221 0.0111851 0.0153386 0.0202435 0.0257565 0.0316071 0.0374564 0.0429688 0.0478613 0.0519383 0.0551147 0.0574131 0.0589307 0.0597985 0.0601534 0.0601088 0.0596927 0.0587458 0.0568469 0.0533866 0.0478565 0.0402435 0.0312496
 0.0033954 0.00546568 0.0081621 0.0115083 0.0155448 0.020288 0.0256563 0.0314307 0.0372807 0.0428325 0.047746 0.0517904 0.0548919 0.0571249 0.0586485 0.0596305 0.060194 0.0603861 0.0601389 0.0592111 0.0571573 0.05342 0.0475967 0.0397788 0.0307204
 0.00348059 0.00564267 0.00849368 0.012061 0.0163539 0.0213141 0.0267643 0.0324194 0.0379623 0.043113 0.0476535 0.0514328 0.0543849 0.0565454 0.0580396 0.0590337 0.0596687 0.0599915 0.0598931 0.0590633 0.0570019 0.0531509 0.0471674 0.0392268 0.0301415
 0.00361547 0.00584875 0.0087848 0.0124557 0.0168879 0.0220479 0.0277676 0.0337262 0.0395122 0.0447234 0.0490578 0.0523786 0.0547335 0.0563101 0.0573481 0.0580565 0.0585629 0.0588767 0.0588431 0.0581003 0.0561012 0.0522681 0.0462793 0.0383581 0.0293559
 0.00380113 0.00614285 0.00921248 0.0130342 0.0176238 0.0229361 0.0287936 0.0348745 0.0407737 0.0460863 0.0504759 0.0537359 0.0558432 0.0569681 0.0574153 0.0575169 0.0575203 0.0575015 0.0573077 0.0565344 0.0545801 0.0508287 0.0449489 0.0371754 0.0283691
