SBPRF35
12.7214
Curr Bio
807727
B35
883475
F35
0.171199
FOFL
0.152558
OFL
99271.2
Bzero
3.63469e+006
#pred survey bio
 3.54067e+006 3.44303e+006 3.34851e+006 3.18955e+006 2.99687e+006 2.79163e+006 2.56579e+006 2.33485e+006 2.08894e+006 1.87427e+006 1.65736e+006 1.47199e+006 1.30086e+006 1.16212e+006 1.00012e+006 858557 773161 708181 665448 637713 598396 571926 558872 554738 545286 546105 541705 554969 560066 568951 580787 593603 597437 603203 617895 627307 639520 655136 654410 662907 666097 675562 694730 696813 696931 697002 708079 713768 719139 729464 734924 746636 762878 779266 784780 800612 820435 818094 848045 854759 839591 826295 801733 813025 2.78977e+007 1.67064e+007 1.70015e+007 1.79106e+007 1.92304e+007 2.07093e+007 2.21573e+007 2.3462e+007 2.45741e+007 2.54865e+007 2.62152e+007 2.67863e+007 2.72283e+007 2.75676e+007 2.78267e+007 2.80242e+007 2.81748e+007 2.82897e+007 2.83777e+007 2.84454e+007 2.84975e+007 2.8538e+007 2.85695e+007 2.85942e+007 2.86136e+007 2.86289e+007 2.8641e+007 2.86507e+007 2.86584e+007 2.86645e+007 2.86694e+007 2.86734e+007 2.86766e+007 2.86792e+007 2.86813e+007 2.8683e+007 2.86844e+007 2.86855e+007 2.86865e+007 2.86872e+007 2.86878e+007 2.86883e+007 2.86887e+007 2.86891e+007 2.86893e+007 2.86896e+007 2.86897e+007 2.86899e+007 2.869e+007 2.86901e+007 2.86902e+007 2.86903e+007 2.86903e+007 2.86904e+007 2.86904e+007 2.86904e+007 2.86904e+007 2.86905e+007 2.86905e+007 2.86905e+007 2.86905e+007 2.86905e+007 2.86905e+007 2.86905e+007 2.86905e+007 2.86905e+007 2.86905e+007 2.86905e+007 2.86905e+007 2.86905e+007 2.86905e+007 2.86905e+007 2.86905e+007 2.86905e+007 2.86905e+007 2.86905e+007 2.86905e+007 2.86905e+007 2.86906e+007 2.86906e+007 2.86906e+007 2.86906e+007 2.86906e+007 2.86906e+007 2.86906e+007 2.86906e+007 2.86906e+007 2.86906e+007 2.86906e+007 2.86906e+007 2.86906e+007 2.86906e+007 2.86906e+007 2.86906e+007 2.86906e+007 2.86906e+007 2.86906e+007 2.86906e+007 2.86906e+007 2.86906e+007 0 0 0 0 0 0 0 0 0 0 0 0 0 0 0 0 0 0 0 0 0 0 0 0 0
#obs survey bio
 3.01979e+006 3.22876e+006 2.80594e+006 3.99099e+006 4.22915e+006 2.29927e+006 2.69741e+006 2.20243e+006 1.57548e+006 1.11205e+006 1.74321e+006 1.84024e+006 963026 943810 977042 766534 720323 498087 760521 668018 704202 640265 417329 600259 514677 432862 441801 495935 397252 826657 717254 568242 629821 684766 512485 647479 522046 846813 783066 848354 532042 537143 600093 573040 668610 873049 866664 899496 570634 622145 615785 836741 1.04405e+006 687398 909168 831488 782135 985077 944021 762379 1.11671e+006 654476 1.01482e+006 798699
#pred catch bio
 95877.6 96632.5 162567 203385 227605 261181 281452 310423 296419 310367 290706 283357 257389 276755 253948 200717 179860 157347 141253 146770 131079 116852 108480 112828 104471 109522 95727.1 103792 100544 97490.5 95920.1 102531 100028 92953.5 98745 97632.8 96196.9 110633 102796 107973 103696 97216.3 112725 113895 113117 103398 108072 108308 104574 109510 104811 101538 101876 111302 102608 99969 119032 91527.9 112244 130158 127247 135538 103470 124508 99271.2 110058 110760 115354 123301 132534 141568 149607 156329 161711 165883 169039 171383 173098 174339 175228 175861 176308 176623 176845 176999 177107 177182 177234 177271 177296 177313 177325 177333 177339 177343 177346 177347 177349 177350 177350 177351 177351 177351 177351 177351 177351 177351 177351 177351 177351 177352 177352 177352 177352 177352 177352 177352 177352 177352 177352 177352 177352 177352 177352 177352 177352 177352 177352 177352 177352 177352 177352 177352 177352 177352 177352 177352 177352 177352 177352 177352 177352 177352 177352 177352 177352 177352 177352 177352 177352 177352 177352 177352 177352 177352 177352 177352 177352 177352 177352 177352 177352 177352 177352 0 0 0 0 0 0 0 0 0 0 0 0 0 0 0 0 0 0 0 0 0 0 0 0 0
#obs catch bio
 0 96303.4 163134 203734 227648 261800 281625 311063 297148 313085 292855 285235 259158 279449 256278 202204 181491 159482 141686 147935 131267 116784 108467 113126 104837 110619 96260.5 104948 101647 97876.1 95801.3 102210 99415 92320.6 98540.9 97677.4 96218.1 110733 102501 107528 103853 97271.5 112993 114156 113204 103127 107676 107899 104222 109186 104670 101243 101554 111402 102446 99655.9 119502 91102.3 111972 129787 126631 135668 102818 124700
#pred cpue bio
 3.49085e+006 3.39471e+006 3.30101e+006 3.14234e+006 2.95015e+006 2.74535e+006 2.52005e+006 2.28977e+006 2.0448e+006 1.83085e+006 1.61516e+006 1.43117e+006 1.26169e+006 1.1244e+006 964841 825735 741822 678200 636704 610078 572232 546806 534202 530032 520615 521190 516763 529614 534715 543744 555857 568855 572885 578598 592836 601856 613680 628932 628318 636660 639657 648689 667357 669520 669815 670092 681094 686768 692040 702073 707324 718823 734973 751247 756712 772258 791777 789584 819032 825761 810864 797717 773634 785053 2.69642e+007 1.61588e+007 1.63176e+007 1.70639e+007 1.83242e+007 1.97886e+007 2.12336e+007 2.25378e+007 2.36498e+007 2.45621e+007 2.52908e+007 2.58619e+007 2.63039e+007 2.66432e+007 2.69023e+007 2.70998e+007 2.72504e+007 2.73653e+007 2.74533e+007 2.7521e+007 2.75732e+007 2.76136e+007 2.76452e+007 2.76698e+007 2.76892e+007 2.77045e+007 2.77167e+007 2.77263e+007 2.7734e+007 2.77401e+007 2.77451e+007 2.7749e+007 2.77522e+007 2.77548e+007 2.77569e+007 2.77586e+007 2.776e+007 2.77612e+007 2.77621e+007 2.77628e+007 2.77634e+007 2.77639e+007 2.77643e+007 2.77647e+007 2.77649e+007 2.77652e+007 2.77654e+007 2.77655e+007 2.77656e+007 2.77657e+007 2.77658e+007 2.77659e+007 2.77659e+007 2.7766e+007 2.7766e+007 2.7766e+007 2.77661e+007 2.77661e+007 2.77661e+007 2.77661e+007 2.77661e+007 2.77661e+007 2.77661e+007 2.77661e+007 2.77661e+007 2.77662e+007 2.77662e+007 2.77662e+007 2.77662e+007 2.77662e+007 2.77662e+007 2.77662e+007 2.77662e+007 2.77662e+007 2.77662e+007 2.77662e+007 2.77662e+007 2.77662e+007 2.77662e+007 2.77662e+007 2.77662e+007 2.77662e+007 2.77662e+007 2.77662e+007 2.77662e+007 2.77662e+007 2.77662e+007 2.77662e+007 2.77662e+007 2.77662e+007 2.77662e+007 2.77662e+007 2.77662e+007 2.77662e+007 2.77662e+007 2.77662e+007 2.77662e+007 2.77662e+007 2.77662e+007 2.77662e+007 0 0 0 0 0 0 0 0 0 0 0 0 0 0 0 0 0 0 0 0 0 0 0 0 0
#obs cpue bio
 3.14376e+006 3.30879e+006 3.37426e+006 2.92414e+006 2.33141e+006 2.64964e+006 2.80024e+006 2.37791e+006 2.14137e+006 2.02882e+006 1.44188e+006 1.20974e+006 1.34638e+006 1.31885e+006 914954 766334 672713 599765 836118 473567 611451 529976 656486 447633 432372 459308 575891 435503 598744 553285 632287 782021 729404 549278 567038 461812 683922 582758 597966 650451 492371 732898 830411 747151 811532 635337 709723 583702 827584 924921 716296 766121 552986 697184 725125 801574 659061 816561 876744 1.04794e+006 657188 820835 768296 609762
#pred surv len freq
 0.00459175 0.00748678 0.0113278 0.0161177 0.0217556 0.0279557 0.0342216 0.0399691 0.0447452 0.0483747 0.0509378 0.0526433 0.053715 0.0543364 0.0546387 0.0547056 0.0545889 0.0543102 0.0538229 0.052928 0.0512086 0.0480937 0.0431148 0.036257 0.0281534
 0.00481982 0.00777334 0.0116075 0.0162883 0.0217188 0.0276747 0.0337572 0.0394633 0.044354 0.0481905 0.0509516 0.0527675 0.0538457 0.0544153 0.0546789 0.0547766 0.0547692 0.0546347 0.0542486 0.0533401 0.0514674 0.048101 0.042862 0.0358254 0.0276688
 0.00493292 0.00798726 0.0119783 0.0168689 0.0225256 0.0286478 0.0347461 0.0402646 0.0447978 0.0482232 0.0506563 0.0523042 0.0533592 0.0539765 0.054292 0.0544265 0.0544604 0.0543895 0.0540747 0.0532007 0.0512855 0.0478003 0.0424158 0.0352772 0.0271088
 0.00508845 0.00823357 0.0123398 0.0173714 0.0231991 0.0295234 0.0358383 0.0415417 0.0461536 0.0494793 0.0516088 0.052802 0.0533641 0.0535662 0.0536067 0.0536018 0.0535912 0.0535293 0.053247 0.0524041 0.0504972 0.0469931 0.041586 0.0344612 0.0263727
 0.00530011 0.00857027 0.0128325 0.0180439 0.024064 0.0305777 0.0370595 0.0428879 0.0475671 0.0508863 0.0529113 0.0538718 0.0540606 0.0537793 0.0533026 0.0528388 0.0524913 0.0522296 0.0518595 0.0509999 0.0491149 0.0456577 0.0403301 0.0333339 0.0254295
 0.00551897 0.00892429 0.013362 0.0187848 0.0250413 0.0317944 0.0384856 0.0444575 0.0491891 0.0524628 0.0543522 0.0550959 0.0549859 0.0543177 0.0533708 0.0523868 0.0515308 0.0508402 0.0501664 0.04914 0.0472114 0.0438148 0.0386382 0.0318721 0.0242563
 0.00576135 0.00931555 0.013946 0.0196013 0.0261197 0.0331432 0.0400798 0.0462323 0.0510459 0.0542852 0.0560243 0.0565151 0.056068 0.0549936 0.053581 0.0520813 0.0506815 0.0494617 0.0483314 0.0469769 0.0448852 0.0415019 0.036503 0.0300461 0.0228189
 0.00602824 0.00974432 0.014582 0.0204844 0.0272779 0.0345827 0.0417736 0.0481144 0.0530179 0.0562315 0.0578276 0.0580676 0.0572766 0.055782 0.0538888 0.0518614 0.0499022 0.0481166 0.0464579 0.0446737 0.0423154 0.0388747 0.0340373 0.0279258 0.0211557
 0.00634851 0.0102583 0.0153432 0.0215381 0.028653 0.0362791 0.0437485 0.0502775 0.0552428 0.0583791 0.0597678 0.0596915 0.0584989 0.0565384 0.0541316 0.0515546 0.0490203 0.0466511 0.0444339 0.0421726 0.0394907 0.0359466 0.0312565 0.0255166 0.019261
 0.00658811 0.0106552 0.0159543 0.0224214 0.0298566 0.0378235 0.0456078 0.0523721 0.0574501 0.0605564 0.0617754 0.0614076 0.0598262 0.0574047 0.0544857 0.0513611 0.048255 0.0453038 0.0425221 0.0397641 0.0367251 0.0330367 0.0284574 0.0230675 0.0173221
 0.00682425 0.0110442 0.0165499 0.0232787 0.0310232 0.0393243 0.0474276 0.0544455 0.0596661 0.0627745 0.0638466 0.0631928 0.0612101 0.0583035 0.0548469 0.0511565 0.0474726 0.0439448 0.0406098 0.0373643 0.0339689 0.0301274 0.025646 0.0205952 0.0153563
 0.00706215 0.0114232 0.0171068 0.024045 0.0320232 0.0405699 0.0489103 0.0561295 0.0614867 0.064643 0.0656576 0.0648328 0.0625669 0.0592766 0.0553562 0.0511469 0.0469129 0.042827 0.0389536 0.0352314 0.0314808 0.0274725 0.0230583 0.0183034 0.0135233
 0.00732341 0.0118442 0.017733 0.0249149 0.0331598 0.0419684 0.050527 0.0578814 0.0632668 0.0663448 0.0671927 0.0661344 0.0635822 0.0599575 0.0556552 0.0510184 0.0463193 0.0417468 0.037393 0.0332392 0.0291647 0.0250033 0.0206501 0.0161676 0.0118118
 0.00743318 0.0120432 0.0180707 0.0254505 0.0339493 0.0430439 0.0518761 0.0594393 0.0649274 0.0679838 0.0686922 0.0674002 0.0645503 0.0605911 0.0559341 0.0509269 0.0458395 0.0408617 0.0360997 0.0315694 0.0272029 0.0228933 0.0185779 0.0143194 0.0103239
 0.00769439 0.0124628 0.0186934 0.026316 0.0350868 0.0444615 0.053547 0.0612918 0.0668462 0.0698243 0.0703037 0.0686513 0.0653512 0.0609047 0.0557717 0.0503304 0.044859 0.0395406 0.0344748 0.0296863 0.0251384 0.0207684 0.0165479 0.01254 0.00890703
 0.00804666 0.0130136 0.0194812 0.027362 0.0363913 0.0460001 0.0552648 0.0631016 0.0686371 0.0714781 0.0717101 0.0697164 0.066003 0.0610986 0.0554969 0.0496108 0.0437457 0.0380982 0.0327712 0.0277929 0.0231404 0.0187747 0.0146868 0.0109349 0.00764291
 0.00818512 0.0132413 0.0198287 0.0278588 0.0370597 0.046846 0.0562687 0.0642174 0.0698011 0.0726226 0.0727727 0.0706409 0.066735 0.0615832 0.0556834 0.0494623 0.0432494 0.0372698 0.0316539 0.0264531 0.021665 0.0172687 0.0132645 0.00970087 0.00666762
 0.00820855 0.0132919 0.0199284 0.0280372 0.0373493 0.0472726 0.0568417 0.0649244 0.0706085 0.0734811 0.0736258 0.0714322 0.0674135 0.0621043 0.0560073 0.0495533 0.0430794 0.0368263 0.0309483 0.025526 0.0205864 0.0161316 0.0121712 0.00874346 0.00590758
 0.00821751 0.0132946 0.0199122 0.027987 0.0372568 0.0471486 0.0567238 0.0648722 0.0706855 0.0737315 0.0740575 0.0720144 0.0680855 0.062791 0.0566321 0.050047 0.0433849 0.036904 0.0307815 0.0251277 0.0200022 0.0154353 0.0114517 0.00808501 0.00537029
 0.00814363 0.0131845 0.0197643 0.0278048 0.0370456 0.0469127 0.0564675 0.064607 0.0704393 0.0735527 0.0740068 0.0721446 0.0684187 0.0633053 0.0572642 0.0507083 0.0439821 0.0373567 0.0310353 0.0251621 0.0198337 0.0151142 0.01105 0.00767815 0.00501766
 0.00824582 0.0133343 0.0199594 0.0280327 0.0372868 0.0471464 0.0566744 0.064769 0.0705384 0.0735743 0.0739476 0.0720219 0.0682724 0.0631863 0.0572138 0.0507388 0.0440702 0.037452 0.0310795 0.0251101 0.0196685 0.0148515 0.0107317 0.00735651 0.00473776
 0.00844459 0.0136194 0.0203175 0.0284262 0.0376633 0.0474543 0.0568774 0.0648521 0.0705066 0.0734469 0.0737521 0.0717879 0.0680282 0.062959 0.0570287 0.0506154 0.0440137 0.0374469 0.0310913 0.025097 0.0195989 0.0147166 0.0105477 0.00715539 0.00455304
 0.00862067 0.0138859 0.0206804 0.0288734 0.0381631 0.0479559 0.0573155 0.0651575 0.0706257 0.0733616 0.0734881 0.0714052 0.0675989 0.0625455 0.056673 0.0503386 0.0438203 0.0373275 0.031024 0.0250518 0.0195459 0.0146366 0.0104389 0.00703165 0.00443437
 0.00866659 0.0139673 0.0208145 0.0290786 0.038452 0.0483255 0.0577386 0.065582 0.0709849 0.0735923 0.0735492 0.07129 0.0673363 0.0621902 0.0562884 0.0499801 0.0435239 0.0371067 0.0308728 0.024951 0.0194709 0.0145666 0.0103632 0.00695106 0.00435742
 0.00877689 0.0141362 0.0210499 0.0293821 0.03882 0.0487512 0.05821 0.0660775 0.0714686 0.0740135 0.0738497 0.0714174 0.0672611 0.0619173 0.0558587 0.0494591 0.042983 0.0366053 0.0304473 0.0246128 0.0192125 0.0143711 0.0102136 0.00683552 0.00426971
 0.00874889 0.0141015 0.0210176 0.0293671 0.0388396 0.0488185 0.0583298 0.0662464 0.0716784 0.0742538 0.074106 0.0716669 0.0674702 0.0620483 0.0558827 0.0493687 0.0427977 0.0363641 0.030194 0.0243821 0.0190225 0.0142246 0.0101043 0.00675498 0.00421123
 0.00878968 0.0141621 0.0210986 0.0294666 0.0389553 0.0489504 0.0584806 0.0664192 0.0718716 0.074458 0.0743045 0.0718395 0.0675978 0.0621146 0.0558745 0.0492785 0.0426275 0.03613 0.0299247 0.0241112 0.0187789 0.0140252 0.00995343 0.00664802 0.00413957
 0.00862017 0.0139069 0.020753 0.0290404 0.0384717 0.048442 0.0579881 0.0659898 0.0715557 0.0743009 0.0743348 0.07206 0.067982 0.0626116 0.0564202 0.0498087 0.0430904 0.036494 0.0301813 0.0242713 0.0188656 0.0140641 0.00996563 0.00664756 0.00413436
 0.0084448 0.0136448 0.0204015 0.0286136 0.0379971 0.0479555 0.0575288 0.0655963 0.0712624 0.0741327 0.0743053 0.0721709 0.0682252 0.0629685 0.0568606 0.0502913 0.0435682 0.0369235 0.0305318 0.0245307 0.0190389 0.0141682 0.0100214 0.00667367 0.00414447
 0.00826214 0.0133533 0.0199746 0.0280345 0.0372671 0.0471041 0.0566209 0.0647279 0.0705395 0.0736436 0.0740982 0.0722499 0.0685592 0.0635061 0.0575418 0.0510542 0.0443519 0.0376712 0.0311964 0.0250805 0.0194616 0.0144699 0.0102212 0.00679627 0.00421407
 0.00819569 0.0132265 0.0197493 0.0276645 0.0367101 0.0463414 0.0556761 0.0636735 0.0694874 0.0727213 0.073422 0.0719011 0.06857 0.0638575 0.0581731 0.0518799 0.0452792 0.0386128 0.032079 0.0258499 0.0200862 0.0149413 0.0105511 0.00700979 0.00434142
 0.00815232 0.0131541 0.0196353 0.0274922 0.0364575 0.0459821 0.055185 0.0630383 0.0687226 0.0718796 0.072594 0.0711998 0.0681031 0.0636993 0.0583459 0.0523521 0.0459768 0.0394397 0.0329368 0.0266545 0.0207778 0.0154886 0.01095 0.00727709 0.00450555
 0.00820656 0.0132318 0.0197325 0.0275971 0.0365516 0.0460427 0.0551864 0.0629526 0.0685219 0.0715433 0.0721207 0.0706201 0.0674842 0.0631353 0.057934 0.0521638 0.0460372 0.0397223 0.0333755 0.0271655 0.0212816 0.0159265 0.0112913 0.00751723 0.0046584
 0.00831182 0.0133839 0.0199258 0.0278133 0.0367635 0.0462212 0.0553061 0.0629942 0.0684721 0.0713935 0.0718675 0.0702675 0.0670494 0.0626546 0.0574648 0.0517762 0.0457951 0.0396622 0.0334933 0.0274182 0.0216044 0.0162537 0.011574 0.00773134 0.00480233
 0.00829939 0.0133715 0.0199209 0.0278256 0.0368002 0.0462801 0.0553718 0.0630413 0.0684745 0.071335 0.0717467 0.0700943 0.0668381 0.0624201 0.057225 0.0515573 0.0456325 0.039592 0.0335377 0.0275733 0.0218386 0.0165193 0.0118241 0.0079342 0.00494642
 0.00826587 0.0133266 0.0198715 0.027785 0.0367854 0.0463071 0.0554494 0.0631661 0.0686289 0.0714888 0.0718638 0.0701433 0.0668022 0.0623009 0.0570409 0.051338 0.0454141 0.0394123 0.0334286 0.0275519 0.0219005 0.0166397 0.0119679 0.00806903 0.00505241
 0.00821485 0.0132448 0.0197511 0.0276218 0.0365823 0.0460776 0.0552208 0.0629756 0.0685135 0.0714721 0.0719455 0.0702987 0.0669902 0.0624782 0.0571753 0.0514166 0.0454441 0.0394162 0.033435 0.0275854 0.0219725 0.0167455 0.0120898 0.00818551 0.00514716
 0.00808521 0.0130507 0.0194898 0.0273015 0.0362194 0.0456928 0.0548366 0.0626183 0.0682142 0.0712649 0.0718609 0.0703533 0.0671784 0.0627703 0.0575247 0.0517735 0.0457705 0.0396935 0.0336647 0.0277808 0.0221483 0.0169091 0.0122393 0.00831331 0.00524628
 0.00812901 0.0131087 0.0195533 0.0273548 0.0362454 0.0456803 0.0547856 0.0625384 0.0681184 0.0711633 0.0717594 0.0702578 0.0670988 0.062719 0.0575102 0.0517941 0.045814 0.0397442 0.0337116 0.0278219 0.0221886 0.0169541 0.0122902 0.00836563 0.0052933
 0.00818022 0.0131781 0.0196314 0.027423 0.0362793 0.0456569 0.0546903 0.0623708 0.067894 0.0709114 0.0715167 0.0700585 0.0669661 0.062662 0.0575256 0.0518703 0.0459342 0.0398888 0.0338617 0.027963 0.0223131 0.0170603 0.0123787 0.00843734 0.00534827
 0.00823112 0.0132645 0.0197671 0.0276199 0.0365408 0.045969 0.0550168 0.0626568 0.0680814 0.0709589 0.0714146 0.0698307 0.0666598 0.0623315 0.0572177 0.0516156 0.0457454 0.0397643 0.0337905 0.0279306 0.022306 0.0170682 0.0123948 0.00845678 0.00536731
 0.00817518 0.0131853 0.0196704 0.0275201 0.036459 0.0459287 0.0550368 0.0627452 0.0682293 0.0711386 0.0715847 0.0699495 0.066701 0.0622938 0.0571232 0.0514987 0.0456391 0.03969 0.0337551 0.0279296 0.0223285 0.0171025 0.0124317 0.00849006 0.005394
 0.00802444 0.0129529 0.0193451 0.0271028 0.035965 0.0453901 0.054504 0.0622822 0.0679016 0.0709944 0.0716392 0.0701799 0.0670545 0.0627055 0.0575355 0.0518757 0.0459687 0.0399769 0.0340094 0.0281578 0.0225308 0.017275 0.0125701 0.00859335 0.00546512
 0.00796559 0.0128643 0.0192246 0.0269527 0.0357907 0.0451982 0.0543024 0.0620813 0.0677166 0.0708458 0.0715498 0.0701682 0.0671268 0.0628511 0.0577287 0.0520843 0.0461655 0.0401472 0.0341515 0.0282775 0.0226344 0.0173652 0.012646 0.00865323 0.00550848
 0.00792708 0.0128018 0.0191313 0.0268231 0.0356231 0.0449974 0.0540812 0.0618594 0.0675157 0.0706844 0.0714402 0.0701177 0.0671399 0.0629293 0.0578673 0.0522695 0.0463758 0.0403591 0.0343468 0.0284464 0.0227747 0.0174786 0.012735 0.00871993 0.00555527
 0.00794004 0.0128136 0.0191318 0.0267971 0.0355541 0.0448737 0.0539018 0.0616365 0.0672723 0.0704484 0.0712389 0.0699723 0.0670633 0.0629259 0.057934 0.052397 0.0465493 0.0405591 0.0345521 0.0286389 0.022942 0.0176149 0.0128399 0.00879606 0.005607
 0.00790838 0.0127597 0.0190459 0.0266682 0.0353713 0.04463 0.0535983 0.0612856 0.0668989 0.0700876 0.0709307 0.0697538 0.0669611 0.0629502 0.0580783 0.0526411 0.0468644 0.0409133 0.034914 0.0289807 0.0232425 0.0178614 0.0130285 0.00893043 0.00569571
 0.0079196 0.0127754 0.0190645 0.0266854 0.0353798 0.0446194 0.0535558 0.0611984 0.0667575 0.0698913 0.0706908 0.0694951 0.0667179 0.0627589 0.0579682 0.0526274 0.0469456 0.0410726 0.0351249 0.029213 0.0234685 0.0180602 0.013188 0.0090475 0.00577438
 0.00795797 0.0128305 0.0191339 0.0267618 0.035453 0.0446786 0.0535916 0.0612029 0.0667241 0.069814 0.0705664 0.0693265 0.0665168 0.0625473 0.0577755 0.0524834 0.0468722 0.0410781 0.0352014 0.0293403 0.0236201 0.0182108 0.0133188 0.00914887 0.00584493
 0.00794347 0.0128109 0.0191116 0.0267407 0.0354366 0.0446676 0.0535819 0.0611872 0.0666949 0.069767 0.0705018 0.0692473 0.0664274 0.0624531 0.0576849 0.0524094 0.0468306 0.0410826 0.0352578 0.0294426 0.0237519 0.0183506 0.0134468 0.00925211 0.00591901
 0.00787992 0.0127232 0.0190083 0.0266399 0.0353608 0.0446356 0.0536022 0.0612546 0.0667927 0.0698725 0.0705918 0.0693038 0.0664413 0.0624251 0.0576241 0.0523308 0.0467525 0.0410235 0.035232 0.0294564 0.0238015 0.0184232 0.0135261 0.00932378 0.00597467
 0.00776589 0.0125444 0.0187527 0.026304 0.034954 0.0441847 0.0531531 0.0608669 0.0665242 0.0697603 0.0706404 0.0694864 0.0667122 0.0627355 0.0579347 0.0526174 0.0470064 0.0412471 0.0354338 0.0296444 0.0239789 0.0185868 0.0136689 0.00943857 0.00605848
 0.00772757 0.0124675 0.0186105 0.0260638 0.0345866 0.0436797 0.052532 0.0601871 0.0658696 0.0692209 0.070291 0.0693688 0.0668273 0.0630467 0.0583807 0.0531306 0.0475288 0.0417396 0.0358763 0.0300305 0.0243084 0.0188609 0.0138878 0.00960359 0.00617383
 0.00770679 0.0124333 0.0185572 0.0259824 0.0344632 0.0434941 0.0522616 0.0598154 0.0653994 0.0686857 0.0697554 0.0689155 0.0665335 0.0629607 0.0585086 0.0534382 0.0479566 0.0422219 0.0363573 0.0304723 0.0246904 0.0191749 0.0141332 0.00978447 0.00629805
 0.00769732 0.0124254 0.0185587 0.0260041 0.0345144 0.0435753 0.0523583 0.0598969 0.0654239 0.0686129 0.0695622 0.0686099 0.066159 0.0625873 0.0582112 0.0532721 0.0479409 0.0423387 0.0365646 0.0307213 0.0249398 0.0193973 0.0143145 0.00992102 0.00639301
 0.00765632 0.0123543 0.0184442 0.0258341 0.0342831 0.0432916 0.0520496 0.0596046 0.0651891 0.0684587 0.0694845 0.0685817 0.066148 0.0625749 0.0582039 0.0532978 0.0480327 0.0425161 0.036822 0.0310303 0.0252608 0.0196933 0.0145606 0.010107 0.0065212
 0.00756511 0.0122158 0.0182538 0.0255925 0.0339952 0.0429636 0.0516905 0.0592297 0.0648246 0.0681412 0.0692529 0.068464 0.0661497 0.0626781 0.0583783 0.0535168 0.0482845 0.0428016 0.0371433 0.0313793 0.0256157 0.0200246 0.0148422 0.0103241 0.00667281
 0.00760368 0.0122733 0.0183306 0.0256854 0.0340977 0.0430673 0.0517841 0.0592988 0.0648518 0.0681098 0.0691535 0.0683015 0.0659449 0.062461 0.0581778 0.0533532 0.0481685 0.0427388 0.0371372 0.031429 0.0257119 0.0201489 0.0149717 0.0104388 0.00676104
 0.00749127 0.0120924 0.0180625 0.0253159 0.0336222 0.042498 0.0511561 0.0586694 0.0642902 0.0676795 0.0688964 0.0682303 0.0660455 0.0627028 0.0585246 0.0537711 0.048629 0.0432188 0.0376177 0.0318933 0.026144 0.0205326 0.0152922 0.010687 0.00693707
 0.0074987 0.0121044 0.0180795 0.0253361 0.0336392 0.0424985 0.0511205 0.0585767 0.0641266 0.0674482 0.068621 0.0679494 0.0658009 0.0625272 0.0584348 0.0537683 0.0487035 0.0433556 0.0378003 0.0321049 0.0263672 0.0207498 0.0154867 0.0108464 0.00705556
 0.0075569 0.0122051 0.0182418 0.0255796 0.0339775 0.0429288 0.0516145 0.0590791 0.0645645 0.0677487 0.0687308 0.0678493 0.0655105 0.0620984 0.0579368 0.0532688 0.048255 0.0429895 0.037528 0.0319236 0.0262648 0.0207086 0.0154868 0.0108684 0.00708418
 0.0075427 0.0121917 0.01824 0.0256074 0.0340575 0.0430831 0.0518577 0.0594108 0.0649641 0.068173 0.0691187 0.068134 0.0656381 0.0620447 0.0577148 0.0529244 0.0478514 0.0425889 0.037178 0.0316503 0.0260745 0.0205928 0.0154286 0.0108483 0.00708459
 0.00746124 0.0120847 0.0181264 0.0255214 0.0340407 0.0431709 0.0520674 0.0597378 0.0653844 0.068649 0.069603 0.0685725 0.0659747 0.0622307 0.0577215 0.0527531 0.0475356 0.0421857 0.0367523 0.0312583 0.0257527 0.0203551 0.0152707 0.0107545 0.00703546
 0.00706552 0.0114803 0.0172915 0.0244682 0.0328186 0.0418674 0.0508063 0.0586665 0.064646 0.0683452 0.0697665 0.0691613 0.066888 0.0633354 0.0588795 0.0538456 0.0484813 0.0429487 0.0373378 0.0316972 0.0260832 0.0206088 0.0154668 0.0109028 0.00714157
#obs surv len freq
 nan nan nan nan nan nan nan nan nan nan nan nan nan nan nan nan nan nan nan nan nan nan nan nan nan
 0.00448175 0.00734178 0.0111706 0.0159861 0.0216866 0.0279626 0.0342774 0.0400096 0.0446902 0.0481551 0.050514 0.0520109 0.052904 0.0534172 0.0537321 0.0539875 0.0542664 0.0545594 0.0546982 0.0542902 0.0527282 0.0493601 0.0438094 0.0362889 0.0276719
 0.00461777 0.00756309 0.0115037 0.0164549 0.0223065 0.0287319 0.0351687 0.0409664 0.0456347 0.0490031 0.0511905 0.0524613 0.0531 0.0533571 0.0534371 0.0534941 0.0536175 0.0537971 0.0538614 0.0534154 0.0518538 0.0485289 0.0430657 0.0356703 0.0271991
 0.00477583 0.00782497 0.0119068 0.0170369 0.023097 0.0297397 0.036369 0.0422962 0.0470004 0.0502973 0.0523095 0.0533168 0.0536275 0.0535208 0.0532318 0.0529433 0.0527671 0.0527067 0.0525972 0.0520477 0.0504582 0.0471862 0.0418564 0.0346608 0.0264261
 0.00496684 0.00813499 0.0123728 0.0176939 0.023973 0.0308462 0.03769 0.0437818 0.0485698 0.0518494 0.0537353 0.0545109 0.0544969 0.0539934 0.0532635 0.0525219 0.0519135 0.0514718 0.0510575 0.0503007 0.048619 0.0453818 0.0402121 0.0332788 0.0253641
 0.00517347 0.00847375 0.0128878 0.0184278 0.0249585 0.0320931 0.0391723 0.0454344 0.0502989 0.0535507 0.0553085 0.0558648 0.0555484 0.0546664 0.0534932 0.0522623 0.0511469 0.0502168 0.0493742 0.0482925 0.0464289 0.0431801 0.0381732 0.0315477 0.0240253
 0.00539415 0.00883609 0.0134399 0.0192171 0.0260227 0.0334461 0.0407896 0.0472467 0.0522017 0.0554243 0.0570374 0.0573496 0.0567079 0.0554345 0.0538137 0.0520875 0.0504418 0.0489718 0.047621 0.0461191 0.0439846 0.0406641 0.0358023 0.0295101 0.0224365
 0.00564255 0.00924062 0.0140502 0.0200801 0.0271744 0.0348981 0.0425143 0.049172 0.0542199 0.0574112 0.0588719 0.0589252 0.0579377 0.0562507 0.0541642 0.0519307 0.0497447 0.0477166 0.0458222 0.0438459 0.0413779 0.0379328 0.0331895 0.0272377 0.0206488
 0.00589347 0.00965251 0.0146773 0.0209752 0.0283781 0.0364226 0.0443266 0.0511892 0.0563219 0.0594648 0.0607526 0.0605286 0.0591811 0.0570706 0.054512 0.0517681 0.0490417 0.0464549 0.0440095 0.0415395 0.0387072 0.0351031 0.0304529 0.0248343 0.0187425
 0.00613071 0.010042 0.0152709 0.021824 0.0295235 0.0378807 0.0460726 0.0531502 0.0583861 0.0615017 0.0626341 0.062143 0.0604394 0.0579067 0.054879 0.0516321 0.0483769 0.0452453 0.0422605 0.039301 0.0360973 0.0323161 0.0277357 0.0224292 0.0168212
 0.00635778 0.0104177 0.0158484 0.0226568 0.0306549 0.0393268 0.0478051 0.0550913 0.0604198 0.0634968 0.0644655 0.063704 0.0616453 0.0586949 0.0552056 0.051468 0.0477025 0.0440506 0.0405542 0.0371301 0.033571 0.0296159 0.0250955 0.0200829 0.0149388
 0.00659603 0.0108045 0.0164297 0.0234758 0.0317445 0.0406977 0.0494326 0.0569086 0.062325 0.0653703 0.0661881 0.0651706 0.0627719 0.0594203 0.0554894 0.0512854 0.0470393 0.042902 0.0389324 0.0350813 0.0311963 0.0270815 0.0226164 0.0178762 0.0131642
 0.00682939 0.0111875 0.0170126 0.0243064 0.0328574 0.0420985 0.0510823 0.0587207 0.0641806 0.0671436 0.0677682 0.0664708 0.0637293 0.0599916 0.0556466 0.0510123 0.0463283 0.0417543 0.0373639 0.0331375 0.0289706 0.0247242 0.0203209 0.0158372 0.0115251
 0.0070333 0.0115259 0.0175346 0.0250616 0.0338857 0.0434131 0.0526527 0.0604672 0.0659848 0.0688724 0.0692975 0.0677021 0.0645965 0.060459 0.0557026 0.0506592 0.0455753 0.0406145 0.0358605 0.0313169 0.0269183 0.022574 0.0182419 0.0139989 0.0100514
 0.00727286 0.0119122 0.0181101 0.0258637 0.0349399 0.0447214 0.0541819 0.0621429 0.0677001 0.0705049 0.0707296 0.068835 0.0653597 0.0608135 0.0556389 0.0501906 0.044728 0.0394208 0.0343588 0.0295609 0.0249903 0.0205926 0.0163526 0.0123447 0.00873414
 0.0074368 0.0121877 0.0185409 0.0264951 0.0358076 0.0458359 0.0555129 0.0636167 0.0692128 0.0719453 0.0719981 0.0698525 0.0660677 0.0611732 0.0556309 0.0498145 0.0440005 0.0383723 0.0330322 0.0280144 0.0233047 0.0188749 0.0147275 0.0109309 0.00761394
 0.00753292 0.0123455 0.0187821 0.0268432 0.0362863 0.0464641 0.056298 0.0645467 0.0702517 0.0730338 0.0730599 0.0708051 0.0668342 0.0616925 0.0558613 0.0497344 0.0436064 0.0376782 0.03207 0.0268361 0.0219852 0.0175111 0.0134285 0.00979761 0.00671511
 0.0075965 0.0124441 0.0189221 0.0270287 0.0365207 0.0467519 0.0566456 0.0649616 0.0707403 0.0735968 0.0736861 0.0714658 0.0674815 0.0622639 0.0562902 0.0499618 0.043591 0.0374014 0.0315386 0.026084 0.0210735 0.0165239 0.0124617 0.00894004 0.00602822
 0.0076398 0.0125094 0.0190109 0.0271393 0.0366486 0.0468923 0.056795 0.0651204 0.0709146 0.0737994 0.0739335 0.0717713 0.0678456 0.0626665 0.0566885 0.0502969 0.0438 0.0374324 0.0313628 0.0257041 0.0205255 0.0158724 0.0117875 0.00832143 0.00552209
 0.00772699 0.0126384 0.019181 0.0273409 0.0368659 0.0471066 0.0569889 0.0652802 0.0710329 0.0738777 0.0739841 0.0718152 0.067907 0.062763 0.0568225 0.0504493 0.0439318 0.0374938 0.0313087 0.0255091 0.0201947 0.0154426 0.0113173 0.00787417 0.00514741
 0.00775812 0.0126908 0.0192627 0.0274589 0.0370222 0.0472944 0.0571897 0.0654666 0.0711775 0.0739632 0.0740102 0.0717978 0.0678717 0.0627366 0.0568245 0.0504855 0.04399 0.037545 0.0313149 0.0254366 0.0200284 0.0151934 0.0110201 0.00757476 0.00488655
 0.00781658 0.0127775 0.0193778 0.0275978 0.0371778 0.0474597 0.0573591 0.0656342 0.0713335 0.0740929 0.0740966 0.0718286 0.0678455 0.0626659 0.0567315 0.0503935 0.0439137 0.0374841 0.031254 0.0253527 0.0199024 0.0150214 0.0108162 0.007366 0.0047009
 0.00783518 0.0128091 0.0194277 0.0276706 0.0372753 0.0475786 0.0574892 0.0657609 0.0714429 0.0741767 0.0741532 0.07186 0.0678533 0.0626504 0.0566942 0.0503402 0.0438532 0.0374238 0.0311942 0.0252858 0.0198176 0.0149123 0.0106871 0.00723098 0.00457759
 0.00788264 0.0128766 0.0195115 0.0277619 0.0373634 0.0476556 0.0575535 0.0658157 0.0714922 0.0742215 0.0741904 0.0718846 0.0678614 0.0626407 0.0566679 0.0502996 0.043802 0.0373658 0.0311322 0.0252196 0.0197443 0.0148293 0.0105958 0.00713833 0.0044934
 0.00789304 0.0128954 0.0195427 0.027809 0.0374273 0.0477313 0.0576296 0.0658773 0.0715275 0.0742276 0.074175 0.0718606 0.0678404 0.0626275 0.056661 0.050294 0.0437929 0.0373501 0.0311086 0.0251875 0.0197032 0.0147795 0.0105394 0.00708012 0.00443966
 0.00790686 0.0129151 0.0195675 0.027837 0.0374566 0.0477615 0.057662 0.0659133 0.071566 0.0742634 0.0742007 0.0718704 0.0678339 0.0626099 0.0566394 0.0502738 0.0437753 0.0373334 0.0310897 0.0251639 0.0196736 0.014744 0.0104999 0.00703997 0.00440303
 0.00788804 0.0128839 0.0195195 0.0277683 0.0373648 0.0476482 0.0575345 0.0657854 0.0714553 0.0741875 0.0741712 0.0718904 0.067897 0.0627035 0.0567496 0.0503887 0.0438864 0.0374345 0.0311762 0.025232 0.0197213 0.0147716 0.0105103 0.00703784 0.00439398
 0.00790759 0.0129068 0.0195377 0.0277687 0.0373332 0.0475746 0.0574183 0.0656366 0.0712926 0.074033 0.0740463 0.0718115 0.0678729 0.0627341 0.0568262 0.0504969 0.04401 0.0375591 0.0312905 0.0253287 0.0197964 0.0148241 0.0105422 0.00705343 0.00439862
 0.00788248 0.0128692 0.0194866 0.0277043 0.0372553 0.0474811 0.0573053 0.0655011 0.0711366 0.0738676 0.0738912 0.0716907 0.0678076 0.0627365 0.0568963 0.0506238 0.0441751 0.0377412 0.0314699 0.0254899 0.0199297 0.0149255 0.0106126 0.00709751 0.00442302
 0.00785016 0.0128145 0.0194008 0.0275793 0.0370864 0.0472719 0.0570699 0.0652623 0.0709196 0.0736921 0.0737678 0.0716227 0.0677959 0.0627821 0.0569997 0.050781 0.0443756 0.0379678 0.0317019 0.0257075 0.0201175 0.0150747 0.0107215 0.00717021 0.00446704
 0.00785193 0.0128119 0.0193867 0.027543 0.0370163 0.0471589 0.0569118 0.0650665 0.0707028 0.0734772 0.0735794 0.0714814 0.0677144 0.0627645 0.0570437 0.0508805 0.0445216 0.038148 0.0319005 0.0259063 0.0202993 0.0152267 0.0108376 0.00725093 0.00451794
 0.00783882 0.0127931 0.0193628 0.0275151 0.0369845 0.0471202 0.0568592 0.0649912 0.0705979 0.0733435 0.0734268 0.0713287 0.0675837 0.0626756 0.0570091 0.0509038 0.0445987 0.0382688 0.0320508 0.0260694 0.0204581 0.0153669 0.0109498 0.00733226 0.0045712
 0.00779614 0.0127237 0.0192586 0.0273701 0.0367974 0.0468977 0.0566182 0.0647562 0.0703946 0.0731899 0.0733296 0.0712848 0.0675865 0.0627204 0.0570943 0.0510293 0.0447619 0.0384627 0.0322636 0.0262861 0.0206627 0.0155453 0.0110927 0.00743689 0.00464082
 0.00777823 0.01269 0.0191995 0.027274 0.0366536 0.0467014 0.0563751 0.0644843 0.0701219 0.0729478 0.0731456 0.0711763 0.0675585 0.0627662 0.0572011 0.0511828 0.0449499 0.0386748 0.032489 0.0265122 0.0208757 0.0157321 0.011244 0.00754922 0.00471674
 0.00773118 0.0126157 0.0190916 0.0271276 0.036466 0.0464728 0.0561105 0.0641955 0.0698277 0.0726732 0.0729185 0.0710224 0.067496 0.0628018 0.0573281 0.0513842 0.0452035 0.0389576 0.0327808 0.0267953 0.0211348 0.015955 0.0114227 0.00768137 0.0048062
 0.00770106 0.0125636 0.0190078 0.0270017 0.0362898 0.046245 0.0558402 0.0639017 0.0695353 0.072407 0.0726986 0.0708645 0.0674118 0.0627997 0.057411 0.0515473 0.0454331 0.0392332 0.0330783 0.0270913 0.021409 0.0161918 0.0116128 0.00782239 0.00490205
 0.00769286 0.01255 0.0189864 0.0269693 0.0362417 0.0461748 0.055741 0.0637686 0.0693688 0.0722148 0.0724967 0.0706735 0.067253 0.0626912 0.057366 0.0515723 0.0455273 0.0393875 0.0332762 0.0273113 0.0216285 0.0163914 0.0117788 0.00794854 0.00498942
 0.00767296 0.0125214 0.0189503 0.0269288 0.0362009 0.0461364 0.0557044 0.0637298 0.0693206 0.0721499 0.0724105 0.0705672 0.0671356 0.0625782 0.0572759 0.0515226 0.0455296 0.0394454 0.033384 0.0274551 0.0217892 0.0165491 0.0119171 0.00805778 0.00506719
 0.00764799 0.0124818 0.0188926 0.0268515 0.0361051 0.0460275 0.0555926 0.063628 0.0692408 0.072098 0.0723838 0.0705565 0.0671298 0.0625704 0.0572669 0.0515205 0.0455463 0.0394917 0.0334645 0.0275661 0.0219195 0.0166828 0.012039 0.00815707 0.0051396
 0.00762353 0.0124441 0.0188398 0.0267831 0.036022 0.0459324 0.0554897 0.0635243 0.0691452 0.0720205 0.0723325 0.0705349 0.0671354 0.0625955 0.0573025 0.0515606 0.0455908 0.0395451 0.0335329 0.0276523 0.0220202 0.016789 0.0121392 0.00824145 0.00520294
 0.00760846 0.0124189 0.0188007 0.0267265 0.0359459 0.0458374 0.0553811 0.0634111 0.0690386 0.0719308 0.0722674 0.0704987 0.0671292 0.0626172 0.0573471 0.051621 0.0456605 0.0396203 0.0336129 0.027738 0.0221108 0.0168805 0.0122248 0.00831407 0.00525834
 0.00757381 0.0123678 0.0187335 0.0266465 0.0358581 0.0457466 0.0552904 0.0633226 0.068955 0.0718562 0.0722077 0.0704602 0.0671168 0.062633 0.0573895 0.0516857 0.0457412 0.0397105 0.0337075 0.0278333 0.0222041 0.0169686 0.0123037 0.00837965 0.00530807
 0.00757763 0.0123654 0.0187144 0.0265969 0.0357657 0.0456078 0.0551155 0.0631342 0.0687805 0.0717182 0.0721176 0.070419 0.0671192 0.062672 0.0574588 0.0517792 0.0458524 0.0398324 0.0338329 0.0279557 0.0223183 0.0170705 0.0123898 0.00844799 0.00535818
 0.00757598 0.0123659 0.0187203 0.0266113 0.0357885 0.0456321 0.0551265 0.063114 0.0687164 0.071611 0.0719838 0.0702837 0.0670066 0.0625974 0.0574267 0.0517864 0.0458916 0.0398953 0.033911 0.0280412 0.0224038 0.0171499 0.0124585 0.00850312 0.00539887
 0.00754666 0.0123215 0.0186601 0.0265373 0.0357062 0.0455497 0.0550533 0.0630576 0.068679 0.0715875 0.0719644 0.0702601 0.066978 0.0625717 0.057416 0.0518008 0.0459348 0.0399642 0.0339982 0.0281374 0.0224999 0.0172382 0.0125337 0.0085621 0.00544143
 0.00752728 0.0122915 0.0186177 0.0264823 0.03564 0.0454758 0.0549781 0.0629892 0.068626 0.071556 0.0719551 0.0702676 0.0669933 0.0625866 0.057428 0.0518134 0.0459554 0.0399993 0.0340497 0.0282021 0.0225712 0.0173083 0.0125959 0.00861224 0.00547814
 0.00753085 0.0122932 0.0186126 0.0264638 0.0356014 0.045414 0.0548954 0.0628946 0.0685322 0.0714761 0.0718988 0.0702398 0.0669928 0.0626075 0.0574621 0.0518536 0.0459984 0.0400455 0.0341013 0.0282601 0.0226335 0.0173702 0.0126519 0.00865818 0.00551214
 0.00749447 0.0122399 0.0185431 0.0263818 0.035512 0.0453209 0.0548 0.0627969 0.068434 0.0713835 0.0718223 0.0701915 0.0669817 0.0626363 0.0575262 0.0519432 0.046102 0.0401535 0.0342076 0.0283611 0.0227269 0.0174535 0.0127222 0.00871332 0.00555183
 0.00751548 0.012268 0.0185745 0.0264096 0.035529 0.0453227 0.0547872 0.0627738 0.0684052 0.0713502 0.0717823 0.0701424 0.0669256 0.0625803 0.0574801 0.0519151 0.0460951 0.0401661 0.0342348 0.0283976 0.0227679 0.0174948 0.0127604 0.00874552 0.00557642
 0.0074782 0.012214 0.0185051 0.0263297 0.0354447 0.0452385 0.0547048 0.0626931 0.0683277 0.0712812 0.0717302 0.0701149 0.0669257 0.0626063 0.0575271 0.0519784 0.0461713 0.040252 0.0343266 0.0284901 0.0228556 0.0175728 0.0128251 0.00879544 0.00561191
 0.0074782 0.012214 0.0185051 0.0263297 0.0354447 0.0452385 0.0547048 0.0626931 0.0683277 0.0712812 0.0717302 0.0701149 0.0669257 0.0626063 0.0575271 0.0519784 0.0461713 0.040252 0.0343266 0.0284901 0.0228556 0.0175728 0.0128251 0.00879544 0.00561191
 0.00738515 0.0120609 0.0182724 0.0260014 0.0350151 0.0447217 0.0541406 0.0621441 0.0678635 0.0709585 0.0715788 0.0701356 0.0670978 0.062897 0.0578993 0.052396 0.0466028 0.0406722 0.034717 0.0288378 0.0231519 0.0178133 0.0130094 0.00892772 0.00569995
 0.00728927 0.0119003 0.0180223 0.0256364 0.0345162 0.044086 0.0533926 0.0613394 0.067083 0.0702927 0.0711084 0.0699147 0.0671437 0.0631898 0.0583902 0.0530207 0.0472953 0.0413742 0.0353824 0.0294341 0.0236587 0.018221 0.0133184 0.00914657 0.00584365
 0.00730462 0.0119168 0.0180307 0.0256205 0.0344538 0.0439525 0.053166 0.0610066 0.0666473 0.0697799 0.0705687 0.0694163 0.0667588 0.0629761 0.0583766 0.0532011 0.0476332 0.0418153 0.035868 0.0299121 0.0240901 0.0185817 0.0135984 0.00934789 0.00597711
 0.00730615 0.0119247 0.0180518 0.0256625 0.0345204 0.0440375 0.0532479 0.0610508 0.0666143 0.0696386 0.0703091 0.0690567 0.0663453 0.0625738 0.0580541 0.0530125 0.0476038 0.0419368 0.0361046 0.0302135 0.0244055 0.0188707 0.0138361 0.00952531 0.0060975
 0.00720888 0.0117742 0.0178403 0.0253903 0.034198 0.0436869 0.0529025 0.0607492 0.0663884 0.0695011 0.070248 0.0690427 0.0663479 0.0625782 0.0580685 0.0530643 0.0477254 0.0421488 0.0364044 0.0305744 0.0247859 0.0192273 0.0141364 0.00975351 0.00625434
 0.00719315 0.0117416 0.0177786 0.0252844 0.0340344 0.0434609 0.0526244 0.0604455 0.0660963 0.0692579 0.0700799 0.0689574 0.0663342 0.0626127 0.0581286 0.0531398 0.0478227 0.0422849 0.0365938 0.0308168 0.0250626 0.0195074 0.0143881 0.00995516 0.00639862
 0.00721954 0.011784 0.0178408 0.025367 0.0341326 0.043561 0.0527034 0.0604755 0.066055 0.0691389 0.0698978 0.0687429 0.0661221 0.0624292 0.0579859 0.0530383 0.0477601 0.0422626 0.0366177 0.0308912 0.0251824 0.0196559 0.0145415 0.0100911 0.0065035
 0.00711223 0.011623 0.0176239 0.0251021 0.0338366 0.0432568 0.0524164 0.0602299 0.065868 0.0690171 0.0698368 0.0687329 0.0661548 0.0625021 0.0580995 0.0531921 0.0479488 0.042478 0.0368515 0.0311359 0.0254298 0.019894 0.0147555 0.0102674 0.00663494
 0.0071623 0.0116914 0.0177028 0.025177 0.0338906 0.0432784 0.0524046 0.0601933 0.0658194 0.0689657 0.0697835 0.068672 0.066079 0.0624092 0.0579958 0.0530911 0.0478666 0.0424277 0.03684 0.0311637 0.0254913 0.0199789 0.0148499 0.0103571 0.00670903
 0.00720673 0.0117721 0.0178386 0.0253871 0.0341856 0.0436488 0.0528133 0.0605813 0.0661235 0.0691407 0.0698156 0.0685749 0.0658819 0.0621434 0.0576886 0.0527665 0.0475475 0.0421359 0.0365941 0.0309757 0.0253646 0.0199081 0.0148229 0.0103585 0.00672397
 0.00721923 0.0117958 0.0178813 0.0254599 0.0343027 0.0438244 0.0530566 0.0608891 0.0664736 0.0694905 0.0701103 0.068764 0.0659352 0.0620591 0.0574894 0.0524884 0.0472291 0.0418124 0.0362943 0.0307211 0.0251676 0.0197713 0.0147398 0.0103164 0.00670832
 0.0072132 0.0117879 0.0178732 0.0254554 0.0343075 0.0438471 0.0531079 0.0609807 0.0666152 0.0696842 0.0703448 0.0690113 0.0661548 0.062209 0.0575403 0.052433 0.0470827 0.0416056 0.0360633 0.0304985 0.0249775 0.0196264 0.014642 0.0102587 0.00667966
 0.00709597 0.0116005 0.0175983 0.0250814 0.0338349 0.0432948 0.0525193 0.0604222 0.0661634 0.069408 0.0702867 0.0691786 0.066518 0.062709 0.058102 0.0529823 0.0475635 0.0419891 0.0363475 0.0306996 0.0251184 0.019728 0.0147183 0.0103171 0.00672323
#pred catch len freq
 0.00394886 0.00628439 0.00923939 0.0127742 0.0168717 0.0215113 0.0266019 0.0319512 0.0373003 0.0423831 0.0469676 0.0508814 0.05403 0.0564013 0.0580482 0.0590638 0.05956 0.0596383 0.0593221 0.0584526 0.0566114 0.0531938 0.0476977 0.040115 0.0311505
 0.00416062 0.00655965 0.00952919 0.0129984 0.0169513 0.0214129 0.0263664 0.0316806 0.0371054 0.0423236 0.0470247 0.0509782 0.0540846 0.0563779 0.0579792 0.0590325 0.059654 0.0598945 0.0596921 0.0588093 0.0568018 0.0531122 0.0473379 0.0395705 0.0305626
 0.00429346 0.00678846 0.00989191 0.0135241 0.0176369 0.0221983 0.0271284 0.0322652 0.0373945 0.0422954 0.0467621 0.0506143 0.0537267 0.0560656 0.0577002 0.0587699 0.0594198 0.0597207 0.0595919 0.0587437 0.0566852 0.0528582 0.0469144 0.0390225 0.0299882
 0.00447043 0.00706287 0.0102833 0.0140495 0.0183166 0.0230563 0.0281779 0.0334798 0.0386778 0.0434801 0.0476545 0.0510707 0.0537128 0.055659 0.0570366 0.0579785 0.0585896 0.0589021 0.058807 0.0579894 0.0559343 0.0520774 0.0460953 0.0382017 0.0292365
 0.00469585 0.00741295 0.0107801 0.0147046 0.0191322 0.024028 0.029296 0.0347274 0.0400257 0.0448743 0.0489995 0.0522241 0.0545095 0.0559651 0.0568034 0.0572602 0.0575132 0.0576125 0.0574231 0.0565858 0.0545494 0.0507341 0.044824 0.0370518 0.028267
