SBPRF35
12.7214
Curr Bio
794314
B35
849847
F35
0.171828
FOFL
0.159408
OFL
103592
Bzero
3.63469e+006
#pred survey bio
 3.11269e+006 2.80509e+006 2.53398e+006 2.30054e+006 2.02383e+006 1.80584e+006 1.59376e+006 1.41437e+006 1.27212e+006 1.11872e+006 963307 852967 750002 676042 658940 627932 598667 586905 572832 560074 546972 543469 546363 543663 547027 544285 535817 544638 557286 565334 563468 582314 603185 610687 623203 632662 639609 645119 656219 668663 668468 680011 690384 684893 686738 672769 678486 709858 735308 796250 836684 871251 875765 870025 854142 854768 833473 825300 815731 800477 2.79154e+007 1.68907e+007 1.73541e+007 1.83583e+007 1.9699e+007 2.11498e+007 2.25447e+007 2.37881e+007 2.4841e+007 2.57009e+007 2.63857e+007 2.69216e+007 2.7336e+007 2.76539e+007 2.78968e+007 2.80821e+007 2.82235e+007 2.83316e+007 2.84144e+007 2.84782e+007 2.85275e+007 2.85658e+007 2.85957e+007 2.86191e+007 2.86375e+007 2.86521e+007 2.86637e+007 2.86729e+007 2.86802e+007 2.86861e+007 2.86908e+007 2.86946e+007 2.86977e+007 2.87002e+007 2.87022e+007 2.87038e+007 2.87052e+007 2.87063e+007 2.87072e+007 2.87079e+007 2.87085e+007 2.87089e+007 2.87093e+007 2.87097e+007 2.87099e+007 2.87101e+007 2.87103e+007 2.87104e+007 2.87106e+007 2.87107e+007 2.87107e+007 2.87108e+007 2.87109e+007 2.87109e+007 2.87109e+007 2.8711e+007 2.8711e+007 2.8711e+007 2.8711e+007 2.8711e+007 2.8711e+007 2.87111e+007 2.87111e+007 2.87111e+007 2.87111e+007 2.87111e+007 2.87111e+007 2.87111e+007 2.87111e+007 2.87111e+007 2.87111e+007 2.87111e+007 2.87111e+007 2.87111e+007 2.87111e+007 2.87111e+007 2.87111e+007 2.87111e+007 2.87111e+007 2.87111e+007 2.87111e+007 2.87111e+007 2.87111e+007 2.87111e+007 2.87111e+007 2.87111e+007 2.87111e+007 2.87111e+007 2.87111e+007 2.87111e+007 2.87111e+007 2.87111e+007 2.87111e+007 2.87111e+007 2.87111e+007 2.87111e+007 2.87111e+007 2.87111e+007 2.87111e+007 2.87111e+007 0 0 0 0 0 0 0 0 0 0 0 0 0 0 0 0 0 0 0 0 0 0 0 0 0
#obs survey bio
 2.85557e+006 3.05015e+006 2.21311e+006 1.80342e+006 2.07145e+006 1.7646e+006 1.72558e+006 1.76806e+006 1.31044e+006 820591 827674 867075 713725 632068 538672 773319 434095 548876 662470 710015 357701 528807 653866 770068 664209 431568 557086 517401 530308 572761 364749 600632 594852 584571 528216 716530 551934 661708 731429 748086 741996 830920 572268 974220 727836 1.03246e+006 684482 573060 681402 993706 947615 1.06046e+006 1.03356e+006 651764 1.10191e+006 1.01657e+006 857722 905199 642308 819489
#pred catch bio
 303864 290144 275589 332560 294277 300511 279726 253442 267101 268185 225805 215039 184939 134604 146078 142349 125682 125912 122270 119776 109499 102871 106261 99853.7 104025 107590 92791.3 90876.5 95836.1 104497 87986.3 88248 100787 97647.9 101595 104845 107164 103349 102742 112802 101651 102061 114688 107869 121212 104929 86067.8 94354.5 67079.9 86754.3 92029.3 117348 125193 133030 118348 136539 124000 124550 128600 117275 103592 111709 113564 119040 127286 136380 145071 152705 159036 164076 167966 170899 173071 174657 175802 176621 177203 177615 177904 178107 178248 178347 178416 178463 178497 178519 178535 178546 178554 178559 178562 178565 178567 178568 178569 178569 178569 178570 178570 178570 178570 178570 178570 178570 178570 178570 178570 178570 178570 178570 178570 178570 178570 178570 178570 178570 178570 178570 178570 178570 178570 178570 178570 178570 178570 178570 178570 178570 178570 178570 178570 178570 178570 178570 178570 178570 178570 178570 178570 178570 178570 178570 178570 178570 178570 178570 178570 178570 178570 178570 178570 178570 178570 178570 178570 178570 178570 178570 178570 178570 0 0 0 0 0 0 0 0 0 0 0 0 0 0 0 0 0 0 0 0 0 0 0 0 0
#obs catch bio
 259559 289700 274438 333607 294843 302331 279968 253218 268178 271007 228110 216518 186393 134727 147592 143475 127243 127201 122986 120179 110230 103141 106310 99442.2 103440 107628 92459.5 90812.4 95884.2 104404 88308.6 88359.9 100702 97617.6 101940 104658 107501 103963 103075 113266 101612 101444 114020 106819 120736 104531 85707.8 95121.2 67009.4 87152.2 91960.9 117224 124868 133099 117613 136294 123634 124031 128606 117198
#pred cpue bio
 3.07065e+006 2.7646e+006 2.4939e+006 2.26057e+006 1.98501e+006 1.76792e+006 1.55713e+006 1.37877e+006 1.23717e+006 1.08507e+006 931561 822874 721824 649312 632350 601924 573340 561987 548544 536471 524019 520869 524002 521670 525208 522644 514377 522949 535275 543199 541305 559686 580253 587579 599639 608817 615498 620737 631708 644214 644385 656075 666509 661122 662755 648814 654127 684664 709747 770041 810388 844665 849001 843079 827292 827918 807075 799108 789736 774715 2.7018e+007 1.63492e+007 1.6679e+007 1.75576e+007 1.88632e+007 2.03072e+007 2.17011e+007 2.29444e+007 2.39972e+007 2.48571e+007 2.55419e+007 2.60778e+007 2.64921e+007 2.68101e+007 2.7053e+007 2.72383e+007 2.73797e+007 2.74877e+007 2.75706e+007 2.76344e+007 2.76837e+007 2.7722e+007 2.77519e+007 2.77753e+007 2.77937e+007 2.78083e+007 2.78199e+007 2.78291e+007 2.78364e+007 2.78423e+007 2.7847e+007 2.78508e+007 2.78539e+007 2.78564e+007 2.78584e+007 2.786e+007 2.78614e+007 2.78625e+007 2.78633e+007 2.78641e+007 2.78646e+007 2.78651e+007 2.78655e+007 2.78658e+007 2.78661e+007 2.78663e+007 2.78665e+007 2.78666e+007 2.78667e+007 2.78668e+007 2.78669e+007 2.7867e+007 2.7867e+007 2.78671e+007 2.78671e+007 2.78671e+007 2.78672e+007 2.78672e+007 2.78672e+007 2.78672e+007 2.78672e+007 2.78672e+007 2.78672e+007 2.78673e+007 2.78673e+007 2.78673e+007 2.78673e+007 2.78673e+007 2.78673e+007 2.78673e+007 2.78673e+007 2.78673e+007 2.78673e+007 2.78673e+007 2.78673e+007 2.78673e+007 2.78673e+007 2.78673e+007 2.78673e+007 2.78673e+007 2.78673e+007 2.78673e+007 2.78673e+007 2.78673e+007 2.78673e+007 2.78673e+007 2.78673e+007 2.78673e+007 2.78673e+007 2.78673e+007 2.78673e+007 2.78673e+007 2.78673e+007 2.78673e+007 2.78673e+007 2.78673e+007 2.78673e+007 2.78673e+007 2.78673e+007 2.78673e+007 0 0 0 0 0 0 0 0 0 0 0 0 0 0 0 0 0 0 0 0 0 0 0 0 0
#obs cpue bio
 2.17715e+006 3.46022e+006 3.22784e+006 2.00762e+006 1.54649e+006 1.46566e+006 1.98773e+006 1.12104e+006 945427 1.03267e+006 828683 954335 657605 688596 514908 499416 445787 632790 537253 476057 563161 619563 549933 473480 536278 498501 581043 463059 524166 702451 439232 649994 840578 514899 536183 808384 489310 424493 630217 630395 676006 920275 976304 600780 525222 419636 586068 407098 715652 672344 946610 968300 753690 971480 944290 655328 742144 887011 784231 707228
#pred surv len freq
 0.00470628 0.00773136 0.0118027 0.016949 0.0230613 0.0297934 0.0365436 0.0426143 0.0474752 0.0509321 0.0530924 0.0542115 0.0545588 0.0543614 0.0538002 0.0530259 0.0521774 0.0513772 0.050672 0.0499175 0.048679 0.0462808 0.0420854 0.0359023 0.0282491
 0.00513977 0.00836869 0.0126401 0.0179488 0.0241743 0.0309896 0.0378248 0.0439955 0.0489445 0.0524167 0.0544607 0.055314 0.0552858 0.0546829 0.053764 0.0527184 0.0516671 0.0506705 0.0497041 0.0485884 0.0469245 0.0441434 0.039741 0.0336154 0.0262769
 0.00537844 0.00880447 0.0133789 0.0191043 0.0258252 0.033122 0.0402961 0.0465569 0.051324 0.0544136 0.0559885 0.056373 0.0559016 0.0548668 0.0535179 0.0520593 0.0506362 0.0493131 0.0480401 0.0466074 0.0446223 0.0415806 0.0370782 0.0310893 0.0241218
 0.00556639 0.00910666 0.0138321 0.019753 0.0267271 0.0343462 0.041904 0.0485638 0.0536561 0.0568902 0.0583537 0.0583683 0.0573414 0.0556714 0.0536948 0.0516603 0.0497239 0.0479455 0.0462668 0.0444731 0.042185 0.0389426 0.0344071 0.0286008 0.0220196
 0.00584569 0.00956609 0.0145325 0.020752 0.0280656 0.0360307 0.043893 0.0507719 0.0559756 0.0592124 0.0605694 0.0603512 0.05894 0.0567299 0.0540947 0.051352 0.0487282 0.0463303 0.0441205 0.0418944 0.0392928 0.0358953 0.0314096 0.0258793 0.019767
 0.00604324 0.00989326 0.015037 0.0214842 0.0290717 0.0373388 0.0454976 0.052624 0.0579868 0.0612712 0.062561 0.0621696 0.0604878 0.0579088 0.0548 0.051484 0.0482157 0.0451533 0.0423189 0.0395644 0.0365817 0.032998 0.0285564 0.0233026 0.01765
 0.00635153 0.0103802 0.0157437 0.0224406 0.0302931 0.0388207 0.0472078 0.0544982 0.0599346 0.063189 0.0643464 0.0637311 0.0617488 0.0588059 0.0552762 0.0514811 0.0476748 0.0440289 0.0406033 0.0373119 0.0339223 0.0301333 0.025733 0.0207642 0.0155795
 0.00666362 0.0108841 0.0164945 0.0234844 0.0316553 0.0404892 0.0491184 0.0565363 0.0619571 0.0650596 0.0659614 0.0650264 0.0626903 0.0593743 0.0554548 0.0512466 0.0469953 0.0428697 0.0389458 0.0351823 0.0314182 0.027431 0.0230651 0.0183667 0.0136295
 0.00682661 0.0111697 0.0169626 0.0242033 0.0326866 0.0418629 0.050809 0.0584539 0.063962 0.0669922 0.0676742 0.066407 0.0636711 0.0599296 0.0555868 0.050967 0.0463096 0.041773 0.0374338 0.0332762 0.0291932 0.0250323 0.0206932 0.0162317 0.0118923
 0.00699569 0.0114616 0.0174341 0.02492 0.0337106 0.0432322 0.0525146 0.0604263 0.066075 0.0690814 0.069564 0.0679389 0.0647287 0.0604536 0.0555746 0.0504568 0.0453558 0.0404266 0.0357372 0.031277 0.0269691 0.0227102 0.0184435 0.0142328 0.0102797
 0.00722666 0.0118426 0.018018 0.0257604 0.034852 0.0446942 0.0542739 0.0624076 0.068157 0.0711151 0.0713933 0.0694194 0.0657438 0.0609285 0.055484 0.0498234 0.0442379 0.0389008 0.0338845 0.0291813 0.0247281 0.0204481 0.0163086 0.012372 0.00879888
 0.00734848 0.0120439 0.018328 0.0262105 0.0354729 0.045509 0.0552898 0.0636088 0.0695025 0.0725402 0.0728128 0.0707327 0.0668427 0.0617096 0.055864 0.0497522 0.0437066 0.0379402 0.0325579 0.0275765 0.0229538 0.0186315 0.0145869 0.0108715 0.00760696
 0.00758289 0.0124121 0.0188577 0.0269184 0.0363611 0.0465615 0.0564673 0.0648496 0.0707317 0.0736847 0.0738132 0.071546 0.0674367 0.062055 0.0559299 0.0495089 0.0431339 0.0370383 0.0313563 0.0261378 0.0213714 0.0170221 0.0130752 0.00956739 0.00658107
 0.00794316 0.0129513 0.0195828 0.0278052 0.037362 0.0476183 0.0575215 0.0658462 0.0716217 0.0744295 0.0743889 0.0719432 0.0676557 0.0620985 0.0557957 0.0491868 0.0426079 0.0362955 0.030399 0.0249956 0.0201071 0.015727 0.0118533 0.00851202 0.00575206
 0.00789492 0.0128954 0.0195389 0.0278025 0.0374273 0.0477609 0.0577252 0.066077 0.0718497 0.0746504 0.0746279 0.0722376 0.0680281 0.0625374 0.0562545 0.0495962 0.0428945 0.0363973 0.0302786 0.024649 0.0195684 0.0150646 0.0111558 0.00786628 0.00522154
 0.00793349 0.0129624 0.0196485 0.0279723 0.0376766 0.0481051 0.0581673 0.0665985 0.0724057 0.075175 0.0750523 0.072515 0.0681511 0.0625369 0.0561775 0.0494786 0.0427437 0.0361935 0.0299905 0.0242543 0.0190702 0.0144965 0.0105747 0.00733417 0.00478627
 0.00799581 0.0130605 0.0197903 0.0281634 0.0379204 0.0484022 0.0585143 0.0669863 0.0728184 0.0755882 0.0754323 0.0728219 0.0683474 0.0626 0.0561099 0.0493052 0.0424979 0.0359004 0.0296582 0.0238794 0.0186515 0.0140479 0.0101273 0.00692746 0.00445337
 0.00791276 0.0129354 0.0196209 0.0279555 0.0376874 0.048165 0.0583002 0.0668279 0.0727497 0.0756372 0.0756126 0.0731245 0.0687394 0.0630296 0.0565193 0.0496461 0.0427419 0.0360394 0.0296968 0.0238268 0.01852 0.0138556 0.00990126 0.00670021 0.00425435
 0.00785811 0.0128494 0.0194971 0.0277912 0.0374853 0.0479355 0.058063 0.0666109 0.0725839 0.0755501 0.0756223 0.0732378 0.0689504 0.0633194 0.056856 0.0499892 0.04305 0.0362794 0.0298499 0.0238892 0.0184997 0.0137704 0.00977539 0.00656077 0.00412555
 0.00784694 0.0128238 0.0194451 0.0276975 0.0373363 0.0477258 0.0578015 0.0663226 0.0723047 0.0753184 0.075471 0.0731887 0.0690117 0.0634855 0.0571082 0.0502973 0.0433765 0.0365852 0.0301016 0.0240656 0.0185948 0.0137925 0.0097435 0.00649889 0.00405624
 0.00788811 0.012882 0.0195158 0.0277696 0.0373927 0.0477467 0.0577686 0.0662237 0.0721389 0.0751003 0.07523 0.0729633 0.0688401 0.0633955 0.0571116 0.0503884 0.043534 0.0367777 0.0302945 0.0242283 0.0187079 0.0138504 0.00975386 0.00647743 0.00402061
 0.00784973 0.0128212 0.0194272 0.0276491 0.037238 0.047558 0.0575502 0.0659847 0.0718936 0.0748665 0.0750282 0.0728145 0.0687634 0.0634052 0.0572135 0.050577 0.0437919 0.0370771 0.0306017 0.0245102 0.0189387 0.014017 0.0098569 0.00652889 0.00403762
 0.007773 0.0126957 0.0192376 0.0273822 0.0368872 0.04713 0.0570698 0.0654941 0.0714443 0.0745062 0.0747904 0.0727146 0.0688009 0.0635684 0.0574844 0.0509334 0.0442085 0.0375246 0.0310478 0.0249226 0.0192901 0.0142906 0.0100495 0.00664988 0.00410422
 0.00777453 0.012692 0.0192203 0.0273386 0.0368024 0.0469906 0.0568684 0.0652336 0.0711393 0.074183 0.0744831 0.072459 0.0686272 0.0634956 0.057518 0.051067 0.044426 0.037803 0.031359 0.0252362 0.0195773 0.0145295 0.0102291 0.00677078 0.00417652
 0.00777771 0.0126865 0.0191923 0.0272684 0.0366698 0.0467818 0.0565838 0.0648893 0.0707645 0.0738128 0.074153 0.0722004 0.0684645 0.0634437 0.0575808 0.051237 0.0446854 0.0381266 0.0317168 0.0255964 0.0199103 0.0148119 0.0104478 0.00692451 0.00427387
 0.00779531 0.0127207 0.0192529 0.0273651 0.0368054 0.0469451 0.0567448 0.0650042 0.0707895 0.0737216 0.0739473 0.0719094 0.0681346 0.0631254 0.0573178 0.0510594 0.0446069 0.0381445 0.0318145 0.0257479 0.0200857 0.0149833 0.0105944 0.0070356 0.00434869
 0.00792283 0.0129092 0.0195019 0.0276629 0.0371334 0.0472839 0.0570768 0.0653105 0.0710438 0.0738887 0.0739896 0.0718007 0.067874 0.0627425 0.0568661 0.050602 0.0441998 0.0378256 0.0315993 0.0256311 0.0200471 0.0149959 0.0106317 0.00707742 0.0043834
 0.00791051 0.0128889 0.0194706 0.0276168 0.0370682 0.0471958 0.0569654 0.0651826 0.0709161 0.0737854 0.073934 0.071803 0.0679239 0.0628136 0.0569299 0.0506424 0.04422 0.0378427 0.0316325 0.0256915 0.0201333 0.015096 0.0107301 0.00716107 0.00444556
 0.00780794 0.0127365 0.0192681 0.0273733 0.0367999 0.0469216 0.0567033 0.0649486 0.0707245 0.0736498 0.0738666 0.0718133 0.068015 0.0629778 0.0571466 0.0508829 0.0444569 0.0380591 0.0318248 0.025864 0.0202908 0.0152387 0.0108534 0.00725959 0.00451703
 0.00782306 0.0127449 0.0192515 0.0273071 0.0366618 0.0467045 0.0564244 0.0646472 0.0704478 0.0734357 0.0737332 0.0717607 0.0680338 0.063057 0.057276 0.0510504 0.0446473 0.0382553 0.0320122 0.0260343 0.0204408 0.0153678 0.0109608 0.00734403 0.00457833
 0.00787856 0.0128418 0.019408 0.0275391 0.0369736 0.0470769 0.0568084 0.0649729 0.070648 0.0734717 0.0736088 0.0715146 0.0677201 0.0627262 0.056965 0.0507823 0.0444327 0.0380956 0.0319022 0.0259653 0.0204037 0.0153542 0.0109631 0.00735508 0.00459207
 0.00774256 0.012628 0.0191014 0.0271354 0.0364846 0.0465366 0.0562739 0.064515 0.07033 0.0733274 0.073633 0.071673 0.0679693 0.06303 0.0572998 0.0511327 0.0447867 0.038441 0.0322267 0.0262576 0.020655 0.0155595 0.0111215 0.00746981 0.00466944
 0.00771603 0.0125645 0.0189689 0.026893 0.0360952 0.0459855 0.0555863 0.0637596 0.0696059 0.072738 0.0732589 0.0715529 0.0680951 0.0633561 0.057762 0.0516673 0.0453422 0.0389809 0.0327262 0.0266999 0.0210291 0.01586 0.0113492 0.00763133 0.00477581
 0.00778032 0.0126706 0.0191293 0.0271139 0.0363679 0.0462765 0.0558344 0.0638878 0.0695492 0.0724743 0.0728247 0.0710326 0.0675904 0.062952 0.0575045 0.051561 0.0453619 0.0390881 0.0328828 0.0268747 0.0211994 0.0160106 0.0114716 0.00772284 0.00483856
 0.00771505 0.0125807 0.0190245 0.0270146 0.0363008 0.0462658 0.055892 0.0640052 0.0696947 0.072598 0.0728733 0.0709717 0.0674226 0.0627187 0.0572704 0.0513872 0.0452844 0.0391112 0.0329856 0.0270247 0.0213643 0.0161656 0.0116014 0.00782123 0.00490636
 0.0077327 0.0125957 0.0190228 0.0269776 0.036214 0.0461304 0.0557322 0.0638638 0.0696157 0.0726051 0.0729567 0.0710904 0.0675228 0.0627589 0.0572394 0.0513071 0.0451973 0.0390576 0.0329881 0.0270824 0.0214597 0.0162748 0.0117039 0.00790448 0.0049662
 0.00773754 0.0126107 0.0190573 0.0270417 0.0363117 0.046253 0.055855 0.0639537 0.0696473 0.0725755 0.0728871 0.0710127 0.0674588 0.0627091 0.0571874 0.051236 0.0451044 0.0389583 0.0329061 0.0270366 0.021455 0.0163024 0.0117481 0.00795032 0.00500412
 0.00763357 0.0124658 0.0188841 0.0268682 0.0361749 0.0461866 0.0558779 0.0640638 0.0698208 0.0727739 0.0730693 0.0711488 0.0675391 0.0627417 0.0571875 0.0512154 0.0450688 0.0389119 0.0328572 0.0269971 0.0214349 0.0163045 0.0117672 0.00797714 0.00503003
 0.00750908 0.0122629 0.0185801 0.0264473 0.0356384 0.0455651 0.0552385 0.063501 0.0694308 0.0726208 0.0731633 0.0714474 0.0679685 0.063225 0.057665 0.0516515 0.0454481 0.0392311 0.0331196 0.0272097 0.0216063 0.0164425 0.0118769 0.00806112 0.00509022
 0.00737043 0.0120457 0.0182683 0.026031 0.0351151 0.0449429 0.0545418 0.0627771 0.0687509 0.0720714 0.0728273 0.0713806 0.0681804 0.0636745 0.0582747 0.0523327 0.0461241 0.0398496 0.0336535 0.0276508 0.0219579 0.0167133 0.0120778 0.00820325 0.00518495
 0.00733243 0.0119815 0.0181671 0.0258813 0.0349071 0.0446717 0.0542107 0.0623986 0.0683449 0.0716646 0.072454 0.0710839 0.068007 0.0636623 0.0584367 0.0526483 0.0465441 0.0403128 0.0341044 0.0280512 0.0222887 0.016971 0.0122679 0.0083359 0.00527196
 0.0073065 0.011923 0.0180495 0.0256706 0.034572 0.044198 0.0536142 0.0617269 0.067667 0.0710526 0.0719674 0.0707621 0.0678707 0.0637177 0.0586783 0.0530574 0.0470852 0.040934 0.0347449 0.0286537 0.0228107 0.0173902 0.0125811 0.00855368 0.0054125
 0.00732146 0.0119414 0.0180647 0.0256696 0.0345337 0.044095 0.0534169 0.0614131 0.067234 0.0705266 0.0714043 0.0702349 0.0674506 0.0634576 0.0586051 0.0531723 0.0473681 0.041347 0.0352368 0.0291671 0.0232925 0.0178011 0.0129014 0.0087824 0.00556213
 0.00743542 0.012121 0.0183234 0.0260135 0.0349568 0.0445734 0.053904 0.0618404 0.0675228 0.0706081 0.0712409 0.0698348 0.066869 0.0627837 0.0579394 0.0526028 0.046953 0.0411079 0.0351616 0.029219 0.0234223 0.0179605 0.013053 0.00890464 0.00564852
 0.00745908 0.0121642 0.0183972 0.0261312 0.0351309 0.0448101 0.0541977 0.0621699 0.0678517 0.0708885 0.071421 0.0698697 0.0667341 0.0624857 0.0575205 0.0521321 0.0465079 0.0407532 0.0349333 0.0291198 0.0234274 0.0180306 0.0131485 0.00899591 0.00571987
 0.00760546 0.0123918 0.0187205 0.026556 0.0356537 0.0454158 0.0548573 0.0628393 0.0684743 0.0714035 0.0717719 0.0700122 0.0666421 0.0621574 0.0569824 0.0514399 0.0457401 0.0399965 0.0342643 0.0285882 0.0230491 0.0177916 0.0130163 0.0089338 0.00569659
 0.00766649 0.0124811 0.0188366 0.0266921 0.0358004 0.0455664 0.0550112 0.0630021 0.0686548 0.0716071 0.0719944 0.0702348 0.066831 0.06227 0.0569802 0.0513028 0.0454771 0.0396461 0.0338838 0.0282362 0.0227678 0.0175977 0.0129027 0.00887943 0.00567765
 0.00743548 0.012139 0.0183839 0.0261513 0.0352095 0.0449693 0.0544508 0.0625207 0.0682957 0.0714138 0.0720023 0.0704588 0.0672548 0.0628429 0.0576249 0.0519339 0.046023 0.0400665 0.0341752 0.0284239 0.0228893 0.0176856 0.012976 0.00894328 0.00573012
 0.00728183 0.0118874 0.0180041 0.0256197 0.034521 0.0441513 0.0535725 0.0616846 0.0676116 0.0709656 0.0718291 0.0705574 0.0675948 0.0633798 0.0583038 0.0526888 0.0467812 0.0407607 0.0347587 0.0288788 0.0232244 0.0179247 0.0131448 0.00906188 0.00581154
 0.00698489 0.011408 0.0172899 0.0246269 0.0332272 0.0425738 0.051788 0.0598362 0.0658916 0.0695781 0.0709447 0.0702766 0.0679306 0.0642632 0.0596071 0.0542565 0.0484567 0.0424048 0.0362616 0.0301678 0.0242661 0.0187204 0.0137201 0.009455 0.00606408
 0.00694426 0.0113202 0.0171165 0.0243168 0.0327255 0.0418389 0.0508092 0.058645 0.0645628 0.0682239 0.0697036 0.0692963 0.0673428 0.0641539 0.0599944 0.0550844 0.0496096 0.0437353 0.0376209 0.0314313 0.0253487 0.019581 0.0143567 0.00989344 0.00634463
 0.0069423 0.0113161 0.0171068 0.0242925 0.0326675 0.0417137 0.0505695 0.0582391 0.0639531 0.0674081 0.0687293 0.0682618 0.0663823 0.0634114 0.0595918 0.0550917 0.0500257 0.0444881 0.0385872 0.0324692 0.0263308 0.020418 0.015006 0.0103541 0.00664404
 0.00700677 0.0114295 0.0172927 0.0245754 0.0330636 0.042217 0.0511385 0.0587928 0.0643823 0.0675996 0.0685964 0.067772 0.0655752 0.0623984 0.0585346 0.0541635 0.0493671 0.044172 0.0386055 0.0327457 0.026753 0.0208743 0.0154135 0.0106699 0.00686079
 0.00701064 0.0114513 0.0173545 0.0247089 0.0333035 0.0425898 0.0516493 0.059416 0.0650584 0.0682385 0.0690893 0.0680121 0.0654855 0.0619598 0.0578014 0.0532581 0.0484497 0.0433958 0.0380738 0.0324881 0.0267296 0.0210032 0.0156061 0.0108581 0.00700852
 0.00703211 0.0114887 0.0174162 0.0248068 0.0334535 0.042811 0.0519606 0.0598293 0.0655696 0.0688183 0.0696784 0.0685252 0.065826 0.0620433 0.057583 0.0527535 0.04774 0.0426091 0.0373475 0.0319266 0.0263774 0.0208433 0.0155821 0.0109045 0.00707384
 0.00696716 0.0113864 0.0172693 0.0246124 0.0332166 0.042548 0.0517029 0.0596229 0.0654677 0.0688679 0.069904 0.0689148 0.0663255 0.0625634 0.05802 0.0530204 0.0477963 0.0424761 0.0370993 0.0316593 0.0261709 0.0207357 0.015567 0.0109482 0.00713796
 0.00701819 0.0114678 0.0173882 0.0247731 0.0334178 0.0427798 0.0519457 0.0598501 0.0656542 0.0690005 0.0699877 0.0689702 0.0663762 0.0626198 0.0580679 0.053022 0.0477074 0.0422711 0.03679 0.0312951 0.025819 0.0204525 0.0153784 0.0108476 0.00709938
 0.00703941 0.0114953 0.0174172 0.0247956 0.033426 0.0427711 0.051925 0.0598289 0.0656453 0.0690126 0.0700232 0.069028 0.0664557 0.062721 0.0581867 0.0531436 0.047804 0.0423105 0.0367514 0.0311829 0.0256628 0.020294 0.0152518 0.0107673 0.00706095
 0.0070633 0.0115358 0.0174805 0.0248869 0.0335463 0.0429133 0.0520728 0.0599595 0.0657377 0.0690564 0.070022 0.0689961 0.0664109 0.0626784 0.0581553 0.0531244 0.0477892 0.0422845 0.0366967 0.0310901 0.025538 0.0201574 0.015128 0.010674 0.00700253
 0.00707186 0.0115579 0.0175287 0.0249777 0.0336956 0.0431294 0.0523489 0.0602716 0.0660477 0.0693213 0.070205 0.0690762 0.0663875 0.0625697 0.0579904 0.0529328 0.0475928 0.0420931 0.0365105 0.0309051 0.0253544 0.0199827 0.014975 0.0105542 0.0069201
#obs surv len freq
 0.00497295 0.00814497 0.0123876 0.0177138 0.0239965 0.0308696 0.0377074 0.0437875 0.0485609 0.0518287 0.0537104 0.0544905 0.0544866 0.053993 0.0532689 0.052528 0.0519166 0.0514707 0.0510527 0.0502935 0.0486107 0.0453733 0.0402042 0.0332722 0.025359
 0.00518167 0.00848844 0.0129124 0.0184661 0.0250136 0.0321657 0.0392587 0.0455262 0.0503841 0.0536168 0.0553467 0.0558727 0.0555303 0.054631 0.0534491 0.0522152 0.0510983 0.0501662 0.0493206 0.0482362 0.0463717 0.0431251 0.0381235 0.0315063 0.0239936
 0.00541911 0.00887469 0.0134944 0.0192884 0.0261109 0.0335503 0.0409074 0.0473739 0.0523309 0.0555449 0.0571371 0.0574164 0.0567337 0.0554176 0.0537592 0.0520049 0.0503413 0.0488613 0.0475054 0.0460015 0.0438684 0.0405539 0.0357034 0.0294277 0.0223734
 0.00564673 0.00925052 0.0140707 0.0201174 0.0272342 0.034983 0.0426215 0.0492939 0.0543463 0.0575323 0.0589798 0.0590134 0.0579998 0.0562805 0.0541573 0.0518868 0.0496683 0.0476156 0.0457052 0.043721 0.0412523 0.037813 0.0330821 0.0271481 0.0205802
 0.00589887 0.00966059 0.0146885 0.02099 0.0283982 0.0364514 0.0443691 0.0512504 0.0564039 0.0595648 0.0608625 0.0606368 0.0592757 0.0571416 0.0545519 0.0517726 0.0490098 0.0463894 0.0439168 0.0414287 0.0385883 0.0349858 0.0303461 0.0247447 0.0186736
 0.00611555 0.0100208 0.0152451 0.0217972 0.0295002 0.0378648 0.0460667 0.0531562 0.0584058 0.0615378 0.0626892 0.062217 0.0605275 0.0579996 0.0549643 0.051698 0.0484144 0.0452499 0.0422329 0.0392466 0.036025 0.0322364 0.0276584 0.022362 0.0167687
 0.00638419 0.0104527 0.0158865 0.0226888 0.0306708 0.0393211 0.04778 0.0550563 0.0603875 0.0634778 0.0644655 0.0637238 0.0616828 0.0587458 0.0552635 0.051524 0.0477468 0.0440741 0.0405515 0.0371009 0.0335203 0.0295525 0.0250293 0.0200229 0.0148907
 0.00660171 0.0108174 0.0164554 0.0235201 0.0318101 0.0407802 0.0495183 0.0569781 0.0623611 0.0653664 0.0661516 0.0651183 0.0627223 0.0593862 0.0554751 0.0512877 0.04705 0.0429108 0.0389301 0.035062 0.0311594 0.0270316 0.0225613 0.017824 0.013121
 0.00683346 0.0111952 0.0170264 0.0243298 0.0328951 0.0421549 0.0511599 0.0588171 0.0642865 0.0672427 0.0678419 0.0665051 0.0637213 0.0599503 0.0555877 0.050951 0.0462737 0.0417074 0.0373205 0.0330917 0.0289184 0.0246663 0.0202614 0.0157823 0.01148
 0.00703903 0.0115333 0.0175421 0.0250671 0.0338875 0.0434115 0.0526514 0.0604724 0.066004 0.0689096 0.069351 0.0677631 0.0646518 0.0604964 0.0557156 0.0506498 0.045551 0.0405838 0.0358284 0.0312842 0.0268838 0.0225368 0.0182034 0.0139624 0.0100205
 0.0072677 0.0119055 0.0181028 0.0258576 0.0349362 0.0447205 0.0541822 0.0621423 0.0676978 0.0705031 0.0707334 0.0688497 0.0653871 0.0608499 0.0556762 0.05022 0.0447441 0.0394231 0.0343504 0.0295453 0.0249704 0.02057 0.0163287 0.0123217 0.00871412
 0.00742583 0.0121702 0.0185154 0.0264608 0.0357653 0.0457883 0.055465 0.0635749 0.0691828 0.0719306 0.0719992 0.0698682 0.0660963 0.0612132 0.0556794 0.0498668 0.0440503 0.0384139 0.0330622 0.0280324 0.0233125 0.018875 0.0147225 0.0109233 0.00760573
 0.00750333 0.012297 0.0187086 0.0267395 0.0361501 0.0462986 0.0561141 0.064363 0.070091 0.0729172 0.0730013 0.0708088 0.0668952 0.0617992 0.0559993 0.0498886 0.0437636 0.0378271 0.0322023 0.0269468 0.0220728 0.0175765 0.0134745 0.00982788 0.00673352
 0.00755798 0.0123806 0.0188249 0.0268897 0.0363346 0.0465197 0.056378 0.0646799 0.0704734 0.0733753 0.0735361 0.0714039 0.0675124 0.0623802 0.0564747 0.0501914 0.0438415 0.0376512 0.0317708 0.0262873 0.0212418 0.0166558 0.0125592 0.00900786 0.00607218
 0.00764994 0.0125205 0.0190174 0.0271319 0.0366165 0.0468253 0.0566875 0.064973 0.0707355 0.0736036 0.0737419 0.0716073 0.0677312 0.0626171 0.0567098 0.0503835 0.0439373 0.0376004 0.0315406 0.0258738 0.0206743 0.0159933 0.0118789 0.0083856 0.00556379
 0.00771203 0.0126194 0.019162 0.027328 0.0368638 0.047115 0.0569994 0.0652779 0.071002 0.0738084 0.0738772 0.0716832 0.0677704 0.0626454 0.0567444 0.0504235 0.0439611 0.0375706 0.0314178 0.0256324 0.0203153 0.0155479 0.0114008 0.00793465 0.0051874
 0.00776058 0.0126928 0.0192624 0.0274541 0.0370123 0.0472815 0.0571793 0.065465 0.0711866 0.0739775 0.0740167 0.0717822 0.067826 0.0626643 0.0567402 0.0504092 0.0439401 0.0375323 0.0313396 0.0254903 0.0200976 0.0152643 0.0110823 0.00762285 0.00491973
 0.00782742 0.0127959 0.0194068 0.02764 0.0372338 0.0475268 0.0574305 0.0657001 0.0713847 0.0741237 0.0741052 0.0718149 0.0678088 0.0626051 0.0566488 0.0502968 0.0438167 0.0374023 0.0311991 0.0253288 0.0199054 0.0150417 0.0108435 0.00739202 0.0047212
 0.0078573 0.0128449 0.0194813 0.0277453 0.0373732 0.0476982 0.0576247 0.0659007 0.0715715 0.0742777 0.0742135 0.0718722 0.0678173 0.0625716 0.0565818 0.0502052 0.0437084 0.0372832 0.0310712 0.0251903 0.0197533 0.0148763 0.010672 0.0072283 0.00458027
 0.00786259 0.0128494 0.0194808 0.0277346 0.0373486 0.0476614 0.0575847 0.0658728 0.0715712 0.0743144 0.0742862 0.0719707 0.0679259 0.0626747 0.0566676 0.0502668 0.0437435 0.0372921 0.0310552 0.0251504 0.0196906 0.0147941 0.0105773 0.00713157 0.00449309
 0.00787006 0.012857 0.0194837 0.0277254 0.0373185 0.0476039 0.0574988 0.0657653 0.0714571 0.0742144 0.0742217 0.0719576 0.067969 0.0627659 0.0567894 0.0503981 0.0438655 0.0373915 0.0311249 0.025188 0.0196973 0.0147739 0.0105375 0.00708195 0.00444354
 0.0079147 0.0129223 0.0195681 0.0278218 0.0374154 0.0476871 0.0575541 0.0657807 0.0714258 0.0741382 0.0741127 0.0718362 0.0678588 0.0626869 0.0567513 0.0503991 0.0438939 0.0374316 0.0311618 0.0252111 0.0197019 0.0147603 0.0105101 0.00704735 0.0044089
 0.00790024 0.012904 0.0195498 0.0278097 0.0374154 0.0477011 0.0575773 0.0658025 0.0714338 0.0741233 0.0740729 0.0717776 0.067794 0.0626311 0.0567186 0.0503976 0.0439238 0.0374846 0.0312247 0.0252701 0.0197466 0.014786 0.0105176 0.00704163 0.00439634
 0.00789071 0.0128838 0.0195112 0.0277443 0.0373177 0.0475739 0.0574346 0.0656669 0.0713285 0.0740626 0.0740576 0.0717975 0.0678353 0.0626836 0.0567786 0.0504666 0.0440044 0.0375765 0.0313224 0.0253646 0.019828 0.0148475 0.0105573 0.00706234 0.0044036
 0.00788513 0.0128725 0.0194899 0.0277069 0.0372573 0.0474844 0.0573138 0.0655194 0.0711675 0.073909 0.0739353 0.0717258 0.0678222 0.0627246 0.0568603 0.0505737 0.0441245 0.0377012 0.0314458 0.0254805 0.0199297 0.0149294 0.0106166 0.00710013 0.00442436
 0.00789493 0.0128837 0.019498 0.0277045 0.0372357 0.0474366 0.0572364 0.065414 0.0710404 0.0737702 0.0737983 0.0716071 0.0677384 0.0626881 0.0568755 0.0506357 0.0442212 0.0378181 0.0315693 0.0255997 0.0200362 0.0150174 0.0106831 0.0071456 0.00445204
 0.00785697 0.0128278 0.0194245 0.027617 0.0371392 0.0473352 0.0571321 0.065307 0.0709315 0.0736634 0.0737009 0.0715289 0.0676897 0.0626777 0.0569088 0.0507128 0.0443363 0.0379599 0.0317234 0.0257515 0.0201736 0.015132 0.0107711 0.00720743 0.00449144
 0.00781656 0.0127582 0.0193132 0.0274518 0.0369134 0.0470541 0.0568173 0.0649946 0.0706615 0.0734671 0.0735931 0.0715076 0.0677434 0.0627919 0.0570705 0.0509111 0.044561 0.0381996 0.0319648 0.0259805 0.0203772 0.0153008 0.0109008 0.0072992 0.00455081
 0.00781699 0.0127522 0.0192915 0.0274009 0.0368181 0.0469021 0.056605 0.0647311 0.0703695 0.0731801 0.0733484 0.0713371 0.0676657 0.0628089 0.0571704 0.0510746 0.0447676 0.0384305 0.0322031 0.0262108 0.0205857 0.0154769 0.0110386 0.00739841 0.00461611
 0.00777962 0.0126979 0.0192213 0.0273189 0.0367282 0.046805 0.0564958 0.064601 0.0702119 0.0729965 0.0731523 0.0711532 0.0675234 0.0627338 0.0571764 0.0511613 0.0449217 0.0386311 0.0324273 0.026437 0.020796 0.0156579 0.0111825 0.0075036 0.00468635
 0.00774006 0.0126288 0.0191092 0.0271503 0.0364955 0.0465131 0.0561672 0.0642726 0.069923 0.0727758 0.0730102 0.0710855 0.0675203 0.0627889 0.0572887 0.051331 0.0451447 0.0388956 0.0327143 0.0267241 0.0210618 0.0158858 0.0113633 0.00763558 0.00477456
 0.00770813 0.0125745 0.0190229 0.027021 0.0363126 0.0462703 0.0558669 0.0639299 0.0695668 0.0724445 0.0727437 0.0709145 0.0674591 0.0628339 0.0574241 0.0515373 0.0454034 0.03919 0.0330272 0.0270359 0.0213524 0.0161376 0.0115649 0.00778404 0.00487448
 0.00768952 0.0125447 0.0189788 0.0269591 0.0362291 0.0461606 0.0557266 0.0637563 0.0693611 0.0722151 0.0725077 0.0706972 0.0672894 0.0627366 0.0574133 0.0516131 0.0455544 0.0393978 0.0332705 0.0272931 0.0216021 0.0163613 0.0117494 0.00792314 0.00496999
 0.00766117 0.0125013 0.0189183 0.0268814 0.0361359 0.0460548 0.0556118 0.063636 0.069238 0.07209 0.0723813 0.0705722 0.0671738 0.0626446 0.0573626 0.0516193 0.0456251 0.0395298 0.0334506 0.0275013 0.0218163 0.0165608 0.0119185 0.00805365 0.00506133
 0.00766712 0.012508 0.0189231 0.02688 0.0361236 0.0460286 0.0555713 0.0635836 0.0691772 0.072023 0.0723082 0.0704917 0.0670856 0.0625525 0.0572762 0.051553 0.0455944 0.0395459 0.0335157 0.0276076 0.0219479 0.0166984 0.0120446 0.00815647 0.00513626
 0.00764004 0.0124721 0.0188838 0.0268468 0.0361064 0.0460325 0.0555935 0.0636137 0.0692016 0.0720311 0.0722954 0.0704587 0.0670362 0.0624913 0.057209 0.0514877 0.045542 0.039518 0.0335214 0.027649 0.0220188 0.0167861 0.0121339 0.00823466 0.00519627
 0.00759291 0.0123948 0.018767 0.0266837 0.035897 0.0457883 0.0553399 0.0633864 0.0690354 0.0719478 0.0722962 0.070528 0.0671498 0.0626262 0.057348 0.0516214 0.0456675 0.0396376 0.0336398 0.0277701 0.0221424 0.0169068 0.0122436 0.00832549 0.00526408
 0.00757335 0.0123617 0.0187145 0.0266052 0.035786 0.0456408 0.0551576 0.0631794 0.0688237 0.0717585 0.0721576 0.0704607 0.06716 0.0627047 0.0574745 0.0517728 0.0458251 0.0397902 0.0337832 0.0279042 0.0222676 0.0170217 0.0123442 0.00840755 0.0053253
 0.00755536 0.0123325 0.0186705 0.026543 0.0357025 0.0455342 0.055028 0.06303 0.0686614 0.0715938 0.0720054 0.0703393 0.0670877 0.0626942 0.0575286 0.0518823 0.0459722 0.0399552 0.0339495 0.028061 0.0224091 0.0171448 0.0124468 0.00848829 0.00538415
 0.00756188 0.0123421 0.0186831 0.0265574 0.0357162 0.0455432 0.0550271 0.0630128 0.0686218 0.0715281 0.071914 0.0702287 0.0669708 0.0625882 0.0574512 0.0518466 0.0459825 0.0400058 0.0340282 0.0281538 0.0225038 0.0172327 0.0125224 0.00854875 0.00542878
 0.00752754 0.0122901 0.0186122 0.0264691 0.0356147 0.0454348 0.0549193 0.0629137 0.0685385 0.071465 0.0718718 0.0702046 0.066961 0.062591 0.0574684 0.0518829 0.046043 0.0400921 0.0341364 0.0282746 0.0226255 0.0173444 0.0126166 0.00862179 0.00548081
 0.00752241 0.012282 0.0186004 0.0264533 0.035595 0.0454118 0.0548945 0.0628888 0.068515 0.0714432 0.0718506 0.0701821 0.0669356 0.0625625 0.057439 0.0518578 0.0460289 0.0400957 0.0341614 0.0283196 0.0226845 0.0174084 0.0126769 0.00867217 0.00551848
 0.00751125 0.0122638 0.0185728 0.0264144 0.0355439 0.0453497 0.0548252 0.0628189 0.0684522 0.0713946 0.0718206 0.0701713 0.0669412 0.0625798 0.057463 0.0518852 0.0460592 0.0401311 0.0342045 0.0283719 0.022744 0.0174704 0.012735 0.00872095 0.00555521
 0.00752223 0.0122812 0.0185983 0.0264484 0.0355857 0.0453959 0.0548699 0.0628544 0.0684712 0.0713925 0.0717976 0.0701317 0.0668916 0.0625266 0.0574113 0.0518381 0.046019 0.0400997 0.0341844 0.0283649 0.0227502 0.0174872 0.0127578 0.00874458 0.00557557
 0.0075092 0.012264 0.0185795 0.0264332 0.0355799 0.0454041 0.0548933 0.06289 0.0685125 0.0714315 0.0718264 0.0701451 0.0668882 0.0625084 0.0573831 0.0518055 0.0459871 0.0400725 0.0341646 0.0283544 0.0227496 0.0174953 0.0127717 0.00876059 0.00559032
 0.00747389 0.0122092 0.0185023 0.0263336 0.0354618 0.0452765 0.0547701 0.0627884 0.0684484 0.0714143 0.0718555 0.0702107 0.0669753 0.0626023 0.0574725 0.0518845 0.0460542 0.0401293 0.0342137 0.0283982 0.0227896 0.017532 0.0128044 0.00878798 0.00561145
 0.00747389 0.0122092 0.0185023 0.0263336 0.0354618 0.0452765 0.0547701 0.0627884 0.0684484 0.0714143 0.0718555 0.0702107 0.0669753 0.0626023 0.0574725 0.0518845 0.0460542 0.0401293 0.0342137 0.0283982 0.0227896 0.017532 0.0128044 0.00878798 0.00561145
 0.00730104 0.0119284 0.0180818 0.0257482 0.0347033 0.0443674 0.0537745 0.0618098 0.0676089 0.0708231 0.0715815 0.07027 0.067335 0.0631947 0.0582141 0.0526928 0.0468606 0.0408842 0.0348864 0.0289728 0.0232608 0.0179016 0.0130798 0.00898135 0.00573801
 0.00723922 0.0118097 0.0178696 0.0253972 0.0341707 0.0436309 0.0528502 0.0607601 0.0665359 0.0698492 0.0708263 0.0698275 0.0672554 0.0634753 0.0588026 0.0535021 0.0477896 0.0418379 0.0357891 0.0297729 0.02393 0.0184307 0.0134742 0.0092568 0.00591687
 0.00705062 0.0115084 0.0174255 0.0247851 0.0333735 0.0426462 0.0516996 0.0594966 0.0652443 0.068639 0.0698177 0.069134 0.0669644 0.0636306 0.0593925 0.0544603 0.0490077 0.0431866 0.037142 0.0310253 0.0250098 0.0193009 0.0141293 0.0097157 0.0062144
 0.00702792 0.0114565 0.0173196 0.0245917 0.0330578 0.0421826 0.0510818 0.0587409 0.0643862 0.0677269 0.0689116 0.0683073 0.0663029 0.0632228 0.0593104 0.0547371 0.0496235 0.0440685 0.0381798 0.0320974 0.0260082 0.0201497 0.0147916 0.0101906 0.00652663
 0.00704768 0.0114963 0.0173918 0.0247078 0.0332192 0.0423695 0.0512469 0.0588155 0.0643001 0.0674337 0.0684059 0.0676281 0.0655264 0.0624492 0.0586492 0.0542884 0.0494557 0.0442003 0.0385734 0.0326691 0.026653 0.0207694 0.0153167 0.0105885 0.00679816
 0.00711595 0.0116132 0.0175784 0.0249871 0.0336094 0.0428742 0.0518433 0.0594481 0.0648831 0.0678654 0.068591 0.0675031 0.0650803 0.061732 0.0577636 0.0533685 0.0486369 0.0435891 0.0382244 0.0325764 0.0267598 0.0209922 0.015573 0.0108188 0.00697274
 0.00715638 0.0116891 0.0177117 0.0252048 0.033938 0.0433299 0.052422 0.0601197 0.0655927 0.0685386 0.0691421 0.0678457 0.0651432 0.0614788 0.0572098 0.0525861 0.0477432 0.0427183 0.0374937 0.0320569 0.0264645 0.0208838 0.0155873 0.0108902 0.00705333
 0.00714684 0.0116807 0.0177131 0.0252306 0.0340085 0.0434677 0.0526484 0.0604484 0.0660234 0.0690505 0.0696907 0.0683649 0.065554 0.0617045 0.0571952 0.0523165 0.0472549 0.0420954 0.036846 0.0314879 0.0260417 0.0206253 0.0154685 0.0108639 0.00707238
 0.00709348 0.011596 0.01759 0.0250665 0.0338079 0.0432471 0.0524387 0.0602932 0.0659706 0.0691385 0.0699352 0.0687501 0.0660317 0.0622002 0.0576229 0.0525998 0.0473491 0.0420025 0.0366151 0.0311972 0.02577 0.0204257 0.0153566 0.0108249 0.00707707
 0.0071266 0.0116444 0.0176525 0.0251375 0.0338785 0.0433064 0.0524768 0.0603049 0.0659593 0.0691193 0.0699334 0.0687937 0.066139 0.0623687 0.0578235 0.0527817 0.0474563 0.0419951 0.0364866 0.0309787 0.0255166 0.0201937 0.0151827 0.0107184 0.0070257
 0.00711567 0.0116294 0.0176349 0.0251201 0.0338637 0.0432948 0.0524658 0.0602894 0.0659348 0.0690854 0.0698973 0.0687708 0.0661496 0.0624303 0.0579411 0.0529405 0.0476219 0.0421244 0.0365449 0.0309552 0.0254285 0.0200762 0.0150717 0.0106362 0.00697743
 0.00708525 0.0115797 0.0175599 0.0250153 0.0337281 0.0431338 0.0522927 0.0601239 0.0657974 0.0689912 0.0698524 0.0687744 0.0661985 0.0625234 0.0580786 0.0531188 0.0478277 0.0423321 0.0367234 0.031079 0.0254892 0.0200843 0.0150498 0.0106068 0.00695441
 0.00709838 0.0115957 0.017574 0.0250191 0.0337119 0.043089 0.0522155 0.0600174 0.0656716 0.0688614 0.0697359 0.0686863 0.0661494 0.0625174 0.0581159 0.0531965 0.047939 0.0424644 0.0368575 0.0311938 0.0255687 0.0201244 0.0150582 0.0105977 0.00694076
#pred catch len freq
 0.0036578 0.00591669 0.00888407 0.0125879 0.0170481 0.0222253 0.027954 0.0339343 0.0397938 0.0451667 0.0497491 0.0533367 0.0558522 0.0573485 0.0579798 0.0579624 0.0575426 0.0569539 0.0563307 0.0555711 0.0542288 0.0515725 0.0469033 0.0400144 0.0314853
 0.0040313 0.00646692 0.00960999 0.0134613 0.0180344 0.0233098 0.0291519 0.0352705 0.0412615 0.0466942 0.0512005 0.0545539 0.0567146 0.0578153 0.0580908 0.0577983 0.0571664 0.0563639 0.0554495 0.0542841 0.0524613 0.0493672 0.0444496 0.0376002 0.0293924
 0.00425323 0.00685449 0.0102394 0.0144115 0.0193593 0.0250025 0.0311217 0.0373577 0.0432908 0.0485318 0.0527749 0.0558307 0.0576568 0.05837 0.0582109 0.0574738 0.0564286 0.0552568 0.0539918 0.0524613 0.0502629 0.0468518 0.0417843 0.0350372 0.0271856
 0.0044905 0.00722819 0.0107845 0.0151658 0.0203718 0.0263361 0.0328365 0.039472 0.0457357 0.0511295 0.0552685 0.0579563 0.0592201 0.0592799 0.0584625 0.0571073 0.0554988 0.0538186 0.0520956 0.050155 0.04761 0.0439653 0.0388504 0.0322961 0.0248652
 0.00474647 0.00764136 0.0114012 0.0160284 0.021514 0.0277748 0.034566 0.0414629 0.0479397 0.0534782 0.0576585 0.060232 0.0611777 0.0607064 0.0591921 0.0570606 0.0546837 0.0523021 0.0499718 0.0475309 0.0446154 0.0407725 0.0356828 0.029402 0.0224582
 0.00497403 0.00800684 0.0119446 0.0167885 0.0225264 0.0290669 0.0361454 0.0433062 0.049987 0.0556383 0.0598209 0.0622788 0.0629864 0.0621464 0.060125 0.0573569 0.0542513 0.0511119 0.0480659 0.0450168 0.0416588 0.0375924 0.0325378 0.0265535 0.0201128
 0.00527861 0.00848181 0.0126232 0.017692 0.023666 0.030445 0.0377518 0.0451107 0.0519337 0.0576458 0.0617882 0.0640951 0.0645434 0.0633452 0.0608758 0.0575737 0.0538539 0.0500408 0.0463085 0.0426332 0.0387955 0.0344767 0.0294475 0.0237633 0.0178304
 0.00558069 0.00896122 0.0133232 0.0186458 0.0248922 0.0319401 0.0394814 0.0470058 0.0538986 0.059574 0.0635783 0.0656589 0.0658071 0.0642474 0.0613628 0.0575946 0.0533566 0.0489773 0.0446542 0.0404167 0.0361272 0.0315567 0.0265395 0.0211351 0.0156845
 0.00581873 0.00935138 0.0139169 0.0194946 0.0260395 0.0334066 0.0412478 0.0490017 0.0560064 0.061647 0.0654656 0.0672308 0.0669722 0.0649574 0.0616032 0.0573659 0.0526575 0.0477984 0.042989 0.0382893 0.0336246 0.0288457 0.0238507 0.0187102 0.0137087
 0.00606864 0.00975771 0.0145299 0.0203645 0.0272114 0.0349089 0.0430749 0.0510993 0.0582651 0.0639106 0.0675515 0.0689604 0.0682034 0.065608 0.0616556 0.0568519 0.0516315 0.0463146 0.0410943 0.0360382 0.0311067 0.0262074 0.0212885 0.0164299 0.0118671
 0.00628845 0.0101143 0.0150665 0.0211251 0.0282368 0.036229 0.0446955 0.0529877 0.0603425 0.0660525 0.0695986 0.0707381 0.0695492 0.0663991 0.0618284 0.0564051 0.050614 0.0448039 0.0391789 0.0338133 0.0286851 0.0237331 0.0189334 0.0143647 0.0102166
 0.00646373 0.0103929 0.0154753 0.0216881 0.0289757 0.0371614 0.0458293 0.0543139 0.0618283 0.0676375 0.0711942 0.0722316 0.0708141 0.0673114 0.0622859 0.0563448 0.0500214 0.0437122 0.0376601 0.0319688 0.0266408 0.0216366 0.0169442 0.01263 0.00883785
 0.0066814 0.0107314 0.0159567 0.0223242 0.029769 0.038105 0.0469052 0.0554899 0.0630582 0.0688651 0.0723584 0.0732701 0.0716646 0.0679117 0.0625755 0.056271 0.0495493 0.0428362 0.0364124 0.0304221 0.0249048 0.0198486 0.0152509 0.0111609 0.00767763
