SBPRF35
12.7214
Curr Bio
866093
B35
891997
F35
0.170496
FOFL
0.164607
OFL
116219
Bzero
3.63469e+06
#pred survey bio
 3.77533e+06 3.64579e+06 3.53293e+06 3.35854e+06 3.12431e+06 2.88967e+06 2.64641e+06 2.41146e+06 2.15252e+06 1.90954e+06 1.70029e+06 1.50944e+06 1.34013e+06 1.19206e+06 1.05017e+06 916691 807419 732616 683593 642104 622711 597305 587906 579822 570255 563618 554715 559757 557729 568028 561843 562819 574609 581828 585783 589930 600560 614494 618034 624608 640811 650411 656050 657723 665466 669954 670234 677338 680071 691789 703688 766038 820789 877897 918182 937776 939344 932748 923250 919726 912682 889701 882907 892586 902715 912543 901557 871855 3.03822e+07 1.81312e+07 1.83209e+07 1.9071e+07 2.02082e+07 2.15048e+07 2.27869e+07 2.39498e+07 2.49462e+07 2.57672e+07 2.64253e+07 2.6943e+07 2.73449e+07 2.76544e+07 2.78915e+07 2.80727e+07 2.82113e+07 2.83174e+07 2.83989e+07 2.84617e+07 2.85102e+07 2.85479e+07 2.85774e+07 2.86005e+07 2.86187e+07 2.86331e+07 2.86445e+07 2.86536e+07 2.86608e+07 2.86666e+07 2.86713e+07 2.8675e+07 2.86781e+07 2.86805e+07 2.86825e+07 2.86841e+07 2.86855e+07 2.86865e+07 2.86874e+07 2.86881e+07 2.86887e+07 2.86892e+07 2.86896e+07 2.86899e+07 2.86901e+07 2.86903e+07 2.86905e+07 2.86906e+07 2.86908e+07 2.86909e+07 2.86909e+07 2.8691e+07 2.86911e+07 2.86911e+07 2.86911e+07 2.86912e+07 2.86912e+07 2.86912e+07 2.86912e+07 2.86912e+07 2.86912e+07 2.86912e+07 2.86913e+07 2.86913e+07 2.86913e+07 2.86913e+07 2.86913e+07 2.86913e+07 2.86913e+07 2.86913e+07 2.86913e+07 2.86913e+07 2.86913e+07 2.86913e+07 2.86913e+07 2.86913e+07 2.86913e+07 2.86913e+07 2.86913e+07 2.86913e+07 2.86913e+07 2.86913e+07 2.86913e+07 2.86913e+07 2.86913e+07 2.86913e+07 2.86913e+07 2.86913e+07 2.86913e+07 2.86913e+07 2.86913e+07 2.86913e+07 2.86913e+07 2.86913e+07 2.86913e+07 2.86913e+07 2.86913e+07 2.86913e+07 2.86913e+07 2.86913e+07 0 0 0 0 0 0 0 0 0 0 0 0 0 0 0 0 0 0 0 0 0 0 0 0 0
#obs survey bio
 4.45919e+06 3.45773e+06 3.85034e+06 2.86984e+06 4.54635e+06 2.47377e+06 2.78784e+06 2.33993e+06 2.31649e+06 2.09468e+06 1.29664e+06 1.43444e+06 1.40027e+06 1.38196e+06 721377 1.12276e+06 769957 621021 490941 602677 497886 579458 550242 598959 567766 574188 436896 612642 553930 547331 552159 472888 487120 758534 579342 526287 700189 798416 683813 447917 709059 827178 660371 542368 805646 549255 950291 518172 955283 587468 899049 627156 772672 845556 1.14448e+06 1.18739e+06 798818 1.01961e+06 1.00277e+06 985372 938891 865911 821207 1.39961e+06 1.19262e+06 1.06445e+06 726475 1.01175e+06
#pred catch bio
 101612 93683 159210 226014 240763 264909 274654 313498 314217 296842 290713 278210 262626 257445 247702 222659 189194 164400 155060 133357 135408 118890 115720 114625 109753 109709 97005 102628 92093.4 105877 99203.1 90754.2 95516.6 98271 97963.4 92889.5 91110 100639 98716.9 92392.6 100013 104251 107657 102438 105445 109180 103972 108836 102787 105022 66386 77601.7 78153.4 93744.1 111356 126299 132930 134988 129361 132068 145210 131418 118948 119742 119591 135814 148391 121281 116219 119211 119257 122856 129548 137489 145342 152377 158288 163037 166728 169526 171608 173134 174239 175032 175597 175997 176279 176477 176616 176712 176780 176827 176859 176882 176897 176908 176916 176921 176924 176927 176928 176930 176930 176931 176931 176932 176932 176932 176932 176932 176932 176932 176932 176932 176932 176932 176932 176932 176932 176932 176932 176932 176932 176932 176932 176932 176932 176932 176932 176932 176932 176932 176932 176932 176932 176932 176932 176932 176932 176932 176932 176932 176932 176932 176932 176932 176932 176932 176932 176932 176932 176932 176932 176932 176932 176932 176932 176932 176932 176932 176932 176932 176932 176932 176932 176932 176932 176932 0 0 0 0 0 0 0 0 0 0 0 0 0 0 0 0 0 0 0 0 0 0 0 0 0
#obs catch bio
 0 93254 159372 226553 240197 264290 273526 313292 314472 296412 292923 280270 263355 257793 248880 222886 189518 166046 157473 134721 136995 119511 116370 115198 109619 109288 97061.7 102691 91915.8 105760 99173.1 90610.3 96073.4 98138.3 98026.9 93015.4 91083.8 100749 98648.9 92598.1 100349 104740 108140 102868 105301 109493 103789 109361 102898 105808 66269.3 78087.2 78530.6 94141 111619 126425 133264 135160 129318 131617 144947 131353 119151 120103 119604 135339 148885 121096
#pred cpue bio
 3.72624e+06 3.59832e+06 3.48658e+06 3.31279e+06 3.07939e+06 2.84543e+06 2.60274e+06 2.36822e+06 2.11019e+06 1.86831e+06 1.65997e+06 1.47022e+06 1.30237e+06 1.15594e+06 1.01585e+06 884260 776752 703214 655152 614804 596234 571875 563035 555456 546487 540353 531814 536795 534930 545075 539110 540051 551495 558642 562696 566820 577198 590830 594294 600539 616090 625349 630948 632728 640421 644830 645022 651812 654271 665471 676789 737754 791905 848495 888414 907740 909056 902271 892865 889499 882615 859855 852748 861987 872233 882468 872030 843273 2.9421e+07 1.75708e+07 1.76392e+07 1.82487e+07 1.93352e+07 2.06195e+07 2.1899e+07 2.30615e+07 2.40579e+07 2.48788e+07 2.5537e+07 2.60546e+07 2.64565e+07 2.6766e+07 2.70031e+07 2.71844e+07 2.73229e+07 2.7429e+07 2.75105e+07 2.75733e+07 2.76218e+07 2.76596e+07 2.7689e+07 2.77121e+07 2.77303e+07 2.77447e+07 2.77561e+07 2.77652e+07 2.77724e+07 2.77782e+07 2.77829e+07 2.77867e+07 2.77897e+07 2.77922e+07 2.77941e+07 2.77958e+07 2.77971e+07 2.77981e+07 2.7799e+07 2.77997e+07 2.78003e+07 2.78008e+07 2.78012e+07 2.78015e+07 2.78017e+07 2.7802e+07 2.78021e+07 2.78023e+07 2.78024e+07 2.78025e+07 2.78026e+07 2.78026e+07 2.78027e+07 2.78027e+07 2.78027e+07 2.78028e+07 2.78028e+07 2.78028e+07 2.78028e+07 2.78028e+07 2.78029e+07 2.78029e+07 2.78029e+07 2.78029e+07 2.78029e+07 2.78029e+07 2.78029e+07 2.78029e+07 2.78029e+07 2.78029e+07 2.78029e+07 2.78029e+07 2.78029e+07 2.78029e+07 2.78029e+07 2.78029e+07 2.78029e+07 2.78029e+07 2.78029e+07 2.78029e+07 2.78029e+07 2.78029e+07 2.78029e+07 2.78029e+07 2.78029e+07 2.78029e+07 2.78029e+07 2.78029e+07 2.78029e+07 2.78029e+07 2.78029e+07 2.78029e+07 2.78029e+07 2.78029e+07 2.78029e+07 2.78029e+07 2.78029e+07 2.78029e+07 2.78029e+07 2.78029e+07 0 0 0 0 0 0 0 0 0 0 0 0 0 0 0 0 0 0 0 0 0 0 0 0 0
#obs cpue bio
 3.08148e+06 3.14804e+06 3.55061e+06 3.33117e+06 3.27216e+06 3.56042e+06 2.64747e+06 1.91639e+06 1.61347e+06 1.94506e+06 1.05988e+06 1.4689e+06 1.57390e+06 1.09343e+06 1.20414e+06 843560 731547 451969 599112 609365 687881 658060 556308 536356 775516 709654 431149 590250 521256 690204 481342 649308 383953 743866 492437 557054 529053 468016 594165 554868 553158 413624 631435 653687 865614 576962 589969 538691 537299 608269 478125 634417 644139 1.17191e+06 925981 841388 885114 929754 870657 1.11744e+06 895771 719028 675182 511676 778404 1.20629e+06 720683 825713
#pred surv len freq
 0.00509374 0.00818883 0.0121733 0.0169823 0.0224813 0.028407 0.0343297 0.0397422 0.044245 0.04768 0.0501141 0.0517284 0.0527162 0.0532403 0.0534287 0.0533892 0.0532271 0.0530409 0.0528592 0.0525176 0.0515515 0.0492456 0.0449298 0.0384153 0.0302728
 0.00528317 0.00842109 0.0123869 0.0170835 0.0223826 0.0280794 0.0338369 0.0392249 0.0438576 0.0475181 0.05018 0.0519523 0.053014 0.0535656 0.0537902 0.0538281 0.0537706 0.0536575 0.0534421 0.0529109 0.0516124 0.0489145 0.0442667 0.037577 0.0294442
 0.00541957 0.00865249 0.0127474 0.017596 0.0230367 0.0288081 0.0345127 0.0396946 0.0440102 0.0473462 0.0497878 0.0514996 0.0526362 0.0533263 0.0536892 0.0538403 0.0538739 0.0538259 0.05362 0.0530006 0.0515008 0.0485288 0.043622 0.0367797 0.0286447
 0.00557256 0.00889944 0.0131171 0.0181172 0.0237351 0.0296975 0.0355777 0.0408703 0.0451734 0.0483326 0.0504407 0.0517307 0.0524635 0.0528608 0.0530793 0.0532115 0.0532963 0.0533136 0.0531417 0.0524923 0.0508871 0.0477587 0.0427064 0.0358006 0.0277237
 0.00581513 0.00927983 0.013664 0.0188496 0.0246612 0.030813 0.0368616 0.0422796 0.0466393 0.0497583 0.051702 0.0526875 0.0529902 0.0528889 0.0526279 0.052382 0.0522299 0.0521369 0.0519289 0.05126 0.0496178 0.0464404 0.0413675 0.0345185 0.0265998
 0.00610306 0.00973089 0.0143113 0.019713 0.0257452 0.032104 0.038323 0.0438509 0.0482424 0.0513084 0.0531134 0.0538721 0.0538528 0.0533331 0.052579 0.0518174 0.0511963 0.0507382 0.0502898 0.0494889 0.0477927 0.0446238 0.0396305 0.0329502 0.0252895
 0.00641002 0.010219 0.0150253 0.020687 0.0269965 0.0336236 0.0400659 0.0457329 0.0501519 0.053127 0.0547358 0.0552128 0.0548426 0.0539099 0.0526837 0.0514015 0.0502416 0.0492759 0.0484056 0.0473086 0.045461 0.0422885 0.0374353 0.0310256 0.0237325
 0.00667057 0.0106411 0.0156581 0.0215764 0.0281772 0.0351071 0.041826 0.0476986 0.0522134 0.0551541 0.0565975 0.0567934 0.0560489 0.0546726 0.0529512 0.0511345 0.049414 0.0478877 0.0465006 0.0449879 0.0428812 0.0396444 0.0349318 0.0288422 0.0219894
 0.00697574 0.0111289 0.0163777 0.0225695 0.0294733 0.036714 0.0437173 0.0498062 0.0544313 0.057352 0.0586381 0.0585465 0.0574032 0.0555418 0.0532756 0.0508766 0.0485542 0.046426 0.0444702 0.0424751 0.0400398 0.0366903 0.0321104 0.026377 0.0200293
 0.00735408 0.0117191 0.0172202 0.0236874 0.0308719 0.0383797 0.0456129 0.0518661 0.0565643 0.0594508 0.0605905 0.0602437 0.0587443 0.0564381 0.0536547 0.0506845 0.0477566 0.0450117 0.0424626 0.0399503 0.037145 0.0336445 0.0291748 0.0237976 0.0179747
 0.0076336 0.0121764 0.0179133 0.0246704 0.0321824 0.0400211 0.0475372 0.0539727 0.0587194 0.0615187 0.0624574 0.0618239 0.0599732 0.0572609 0.0540193 0.0505403 0.0470591 0.0437326 0.0406058 0.0375739 0.0343809 0.0307017 0.026312 0.021265 0.0159488
 0.00783927 0.0125166 0.018437 0.0254294 0.0332242 0.0413749 0.0491967 0.055884 0.0607808 0.0635945 0.0643998 0.0634973 0.0612729 0.05812 0.0544013 0.0504243 0.046427 0.0425688 0.0389113 0.0353924 0.0318243 0.0279586 0.0236243 0.0188733 0.014027
 0.00806444 0.0128719 0.0189527 0.0261295 0.0341265 0.042489 0.0505189 0.0573904 0.0624231 0.0652988 0.0660706 0.0650245 0.062544 0.059036 0.0548887 0.0504383 0.045946 0.0415868 0.0374396 0.0334749 0.0295597 0.0255124 0.0212127 0.0167154 0.012285
 0.00832153 0.0132757 0.0195339 0.0269071 0.0351047 0.0436537 0.0518336 0.0587969 0.0638509 0.0666795 0.0673461 0.0661458 0.0634634 0.0597006 0.0552412 0.0504243 0.0455222 0.0407286 0.0361478 0.0317867 0.0275629 0.0233528 0.0190799 0.0148028 0.0107373
 0.00858778 0.0137049 0.0201725 0.0277936 0.0362601 0.0450673 0.0534495 0.0605123 0.0655337 0.068198 0.0685974 0.0670696 0.0640402 0.0599375 0.0551543 0.0500233 0.0448051 0.0396861 0.0347784 0.0301155 0.0256599 0.0213404 0.0171196 0.0130595 0.00933367
 0.00886255 0.0141455 0.0208243 0.0286949 0.0374352 0.0465147 0.0551282 0.062334 0.0673692 0.0698976 0.070017 0.0680961 0.0646088 0.0600375 0.0548199 0.0493131 0.0437789 0.0383906 0.0332479 0.0283875 0.023796 0.0194396 0.0153118 0.0114769 0.00807249
 0.00918104 0.0146355 0.0215106 0.0295842 0.0385184 0.0477707 0.056523 0.0638162 0.0688674 0.0713226 0.0712695 0.0690771 0.0652335 0.0602502 0.0546044 0.0486932 0.042808 0.0371351 0.0317744 0.0267609 0.0220888 0.0177416 0.0137285 0.0101106 0.00699468
 0.00934314 0.0148978 0.0219025 0.0301307 0.0392334 0.0486488 0.0575322 0.0648998 0.0699569 0.0723542 0.072193 0.069852 0.0658195 0.0606022 0.0546779 0.0484575 0.0422578 0.0362946 0.0306926 0.0255045 0.0207377 0.0163862 0.0124641 0.00902234 0.00613877
 0.00933297 0.014893 0.0219177 0.0301894 0.0393653 0.0488834 0.0578915 0.0653914 0.0705693 0.0730564 0.0729386 0.070587 0.06649 0.0611577 0.0550715 0.0486457 0.0422063 0.0359872 0.0301398 0.0247463 0.0198402 0.0154339 0.0115466 0.00821845 0.00550038
 0.00935801 0.0149276 0.0219593 0.0302339 0.0394111 0.0489369 0.0579704 0.0655222 0.0707792 0.0733629 0.0733401 0.0710612 0.0669969 0.0616476 0.0554924 0.048949 0.0423501 0.0359414 0.0298927 0.0243115 0.0192596 0.014773 0.0108822 0.00762146 0.00501934
 0.00929139 0.0148188 0.0217951 0.0300028 0.0391075 0.0485673 0.0575593 0.0651149 0.070437 0.0731517 0.0733152 0.0712526 0.0673997 0.0622201 0.0561639 0.0496337 0.0429632 0.0364122 0.0301745 0.0243883 0.0191485 0.0145206 0.0105535 0.00728348 0.00472457
 0.00937536 0.0149388 0.0219445 0.0301634 0.0392523 0.0486667 0.0575876 0.0650562 0.0702904 0.0729353 0.0730678 0.0710273 0.0672518 0.0621907 0.0562657 0.0498458 0.0432356 0.0366799 0.0303747 0.0244769 0.0191106 0.0143726 0.0103357 0.00704534 0.00450903
 0.00935238 0.0149008 0.0218861 0.0300785 0.0391351 0.0485128 0.0573961 0.0648316 0.070044 0.0726855 0.0728393 0.0708498 0.0671561 0.0622033 0.0564018 0.0501014 0.0435835 0.0370712 0.0307492 0.0247786 0.0193033 0.0144488 0.0103155 0.00696594 0.00440961
 0.00925911 0.014765 0.021711 0.0298766 0.0389243 0.0483092 0.0572095 0.0646642 0.0698941 0.0725517 0.0727241 0.070761 0.067107 0.0622111 0.0564834 0.0502675 0.0438314 0.0373803 0.031082 0.0250889 0.0195499 0.0146085 0.0103887 0.00697268 0.00437886
 0.00925596 0.0147478 0.0216634 0.0297785 0.038759 0.0480746 0.056925 0.0643682 0.0696302 0.0723522 0.0726006 0.0707068 0.0671076 0.0622552 0.0565683 0.0503976 0.0440116 0.0376079 0.0313415 0.0253525 0.019785 0.0147888 0.0105031 0.00702733 0.00439142
 0.00933885 0.0148607 0.0217924 0.0298949 0.0388255 0.0480555 0.0567977 0.0641315 0.0693068 0.0719859 0.0722462 0.0704153 0.066912 0.0621648 0.056573 0.0504791 0.0441521 0.037793 0.0315564 0.0255783 0.0199986 0.0149681 0.010634 0.00710805 0.00443116
 0.00941117 0.0149778 0.0219662 0.0301324 0.0391222 0.0483887 0.0571224 0.0643858 0.0694298 0.0719395 0.0720308 0.0700704 0.0665024 0.0617589 0.0562249 0.050219 0.0439876 0.037716 0.0315506 0.0256234 0.0200723 0.0150484 0.0107035 0.00715711 0.0044589
 0.00933595 0.0148615 0.0218034 0.0299244 0.0388797 0.0481328 0.0568837 0.0641976 0.0693156 0.0719025 0.0720516 0.0701181 0.0665512 0.0618008 0.0562704 0.0502876 0.0440955 0.0378678 0.0317383 0.0258298 0.0202767 0.0152315 0.0108515 0.00726438 0.0045279
 0.00937838 0.0149195 0.0218699 0.029986 0.0389192 0.0481358 0.0568437 0.0641191 0.0692132 0.0717959 0.0719583 0.0700465 0.066498 0.0617553 0.0562237 0.0502402 0.0440583 0.0378557 0.0317615 0.0258884 0.0203604 0.0153245 0.0109381 0.00733399 0.00457657
 0.00928835 0.0147824 0.0216808 0.0297459 0.0386347 0.047817 0.0565046 0.0637791 0.068898 0.0715361 0.0717847 0.0699829 0.0665535 0.0619201 0.0564711 0.0505353 0.0443689 0.03816 0.0320486 0.0261533 0.0205989 0.0155303 0.011105 0.00745883 0.00466154
 0.00936693 0.014901 0.0218419 0.0299449 0.0388598 0.0480502 0.0567224 0.0639534 0.0690003 0.0715438 0.0716894 0.0697951 0.066302 0.0616445 0.0562103 0.0503172 0.0442057 0.0380512 0.0319867 0.0261295 0.0206041 0.0155552 0.0111396 0.00749393 0.00469074
 0.00945031 0.0150194 0.0219883 0.0301023 0.039006 0.048166 0.0567976 0.0639877 0.0689989 0.0715119 0.0716287 0.0697047 0.0661818 0.0615 0.0560546 0.0501685 0.044082 0.0379642 0.0319394 0.0261174 0.0206184 0.0155857 0.0111766 0.00752952 0.00471982
 0.00926763 0.0147607 0.0216694 0.0297605 0.0386879 0.047909 0.0566163 0.0638751 0.0689388 0.071493 0.0716507 0.0697732 0.0662993 0.0616597 0.0562417 0.0503667 0.0442795 0.0381552 0.0321219 0.0262892 0.0207757 0.0157232 0.0112896 0.00761578 0.00478033
 0.00918628 0.0146236 0.0214561 0.0294543 0.0382861 0.0474345 0.0561237 0.0634403 0.0686335 0.0713572 0.0716806 0.0699313 0.066538 0.0619396 0.0565376 0.050664 0.0445681 0.0384272 0.0323715 0.0265126 0.0209699 0.0158859 0.0114191 0.00771235 0.00484695
 0.00921776 0.0146615 0.0214878 0.0294577 0.0382331 0.0472988 0.0558903 0.0631153 0.0682493 0.0709698 0.0713556 0.0697232 0.0664717 0.0620057 0.0567028 0.0508877 0.0448161 0.0386759 0.0326065 0.0267253 0.021155 0.0160401 0.0115411 0.00780287 0.00490924
 0.00924533 0.0147044 0.0215482 0.0295342 0.0383182 0.0473765 0.0559358 0.0630985 0.0681446 0.0707685 0.0710752 0.0694073 0.0661783 0.0617882 0.0565929 0.0508881 0.0449058 0.0388226 0.0327788 0.026899 0.0213144 0.0161763 0.0116499 0.00788397 0.00496515
 0.00921074 0.0146502 0.0214707 0.0294321 0.0381936 0.0472358 0.0557891 0.0629572 0.0680164 0.0706538 0.0709679 0.0693013 0.0660763 0.0617062 0.0565557 0.0509184 0.0450125 0.0389964 0.0329957 0.0271298 0.021533 0.0163648 0.0117995 0.00799358 0.0050391
 0.00914539 0.0145487 0.0213267 0.0292434 0.0379628 0.0469711 0.0555056 0.0626769 0.0677658 0.0704574 0.0708419 0.0692497 0.0660916 0.0617752 0.0566672 0.0510681 0.045201 0.0392231 0.0332523 0.0273987 0.0217918 0.0165927 0.0119833 0.00812918 0.00513057
 0.009274 0.0147321 0.021555 0.0294904 0.0381928 0.0471496 0.0556085 0.0626941 0.067699 0.0703174 0.070646 0.0690195 0.0658498 0.0615424 0.0564596 0.0508976 0.0450767 0.0391513 0.0332346 0.0274295 0.0218576 0.0166756 0.0120658 0.00819897 0.00518218
 0.00936225 0.0148715 0.0217562 0.0297571 0.0385175 0.0475088 0.0559608 0.0629861 0.0678797 0.0703557 0.0705403 0.0687954 0.0655481 0.061206 0.0561249 0.0505911 0.0448163 0.0389475 0.0330917 0.0273458 0.0218247 0.0166798 0.012091 0.00823086 0.00521094
 0.00923398 0.0146913 0.0215378 0.0295321 0.0383279 0.0473932 0.0559424 0.0630658 0.0680368 0.0705535 0.0707358 0.0689513 0.065643 0.0612386 0.0561101 0.0505517 0.0447744 0.0389198 0.0330877 0.0273679 0.0218694 0.0167387 0.0121537 0.00828759 0.00525562
 0.00910037 0.0144916 0.0212709 0.0292115 0.0379814 0.0470607 0.0556711 0.0629024 0.0680151 0.0706808 0.070987 0.0692744 0.0659761 0.0615288 0.0563272 0.050691 0.044851 0.038958 0.0331114 0.0273936 0.0219048 0.0167834 0.0122021 0.00833289 0.00529246
 0.00904049 0.0143927 0.0211199 0.0289971 0.0376988 0.0467181 0.0552955 0.0625394 0.0677205 0.0705062 0.0709645 0.0694068 0.0662354 0.0618643 0.0566804 0.0510123 0.0451111 0.039151 0.0332483 0.0274928 0.0219827 0.0168498 0.0122602 0.00838163 0.00533014
 0.00902722 0.0143707 0.0210854 0.0289451 0.0376223 0.0466086 0.0551454 0.0623462 0.0674932 0.0702687 0.070754 0.0692648 0.0661941 0.061934 0.0568452 0.0512356 0.0453493 0.0393677 0.0334237 0.027624 0.0220778 0.0169198 0.0123135 0.00842273 0.00536074
 0.00905105 0.014395 0.0210953 0.0289186 0.0375362 0.0464487 0.0549136 0.0620616 0.0671852 0.0699685 0.0704898 0.0690615 0.0660743 0.0619158 0.0569355 0.0514244 0.0456083 0.0396579 0.0337065 0.0278716 0.0222773 0.0170709 0.0124227 0.00849863 0.00541112
 0.00906511 0.0144223 0.0211438 0.028995 0.0376414 0.0465707 0.0550249 0.0621246 0.0671659 0.0698517 0.0702861 0.0688036 0.0658058 0.0616793 0.0567646 0.0513389 0.0456115 0.039736 0.0338332 0.0280165 0.0224147 0.0171854 0.0125092 0.00855904 0.00545059
 0.0091507 0.0145478 0.0213074 0.0291876 0.0378494 0.0467817 0.0552294 0.0623127 0.0673213 0.0699495 0.0702981 0.0687101 0.0656076 0.0614017 0.0564511 0.0510378 0.0453626 0.0395612 0.0337347 0.0279806 0.0224195 0.0172095 0.0125373 0.00858285 0.00546769
 0.00917791 0.0145911 0.0213705 0.0292722 0.0379539 0.0468997 0.0553496 0.0624218 0.067408 0.0700076 0.0703257 0.068705 0.0655641 0.0613135 0.0563188 0.0508747 0.0451932 0.0394133 0.0336289 0.0279237 0.022405 0.0172227 0.0125625 0.00860862 0.00548809
 0.00925312 0.0147053 0.0215273 0.0294695 0.0381845 0.0471524 0.0556094 0.0626694 0.0676213 0.0701648 0.0704098 0.068708 0.0654873 0.0611656 0.0561124 0.0506258 0.0449219 0.0391437 0.0333856 0.0277257 0.0222607 0.0171292 0.0125089 0.00858171 0.00547639
 0.00930917 0.0147854 0.0216275 0.0295794 0.0382907 0.0472437 0.0556811 0.0627238 0.0676649 0.0702039 0.070447 0.06874 0.065506 0.0611609 0.056076 0.0505541 0.0448179 0.0390175 0.0332525 0.0276027 0.0221611 0.0170591 0.0124667 0.00856059 0.00546821
 0.00922944 0.0146823 0.0215207 0.0295017 0.0382774 0.0473153 0.0558319 0.0629228 0.0678696 0.0703788 0.0705744 0.0688199 0.0655476 0.0611734 0.0560637 0.0505168 0.044755 0.0389315 0.0331511 0.0274977 0.0220654 0.0169824 0.0124128 0.00852759 0.00545081
 0.00878196 0.0139891 0.0205447 0.0282395 0.0367688 0.0456517 0.0541587 0.061425 0.066733 0.0697393 0.0704838 0.0692439 0.0663906 0.0623111 0.057369 0.0518752 0.0460723 0.0401381 0.034203 0.0283744 0.0227655 0.0175175 0.0128028 0.0087965 0.00562452
 0.00856048 0.0136251 0.0199901 0.0274486 0.0357097 0.0443249 0.0526168 0.0597821 0.0651538 0.0684097 0.0695714 0.0688618 0.0665735 0.0630122 0.0584772 0.0532453 0.0475554 0.0416046 0.0355543 0.0295465 0.0237268 0.0182634 0.013349 0.00917205 0.00586523
 0.00841597 0.0133903 0.0196357 0.0269447 0.0350277 0.0434433 0.051532 0.0585194 0.0637773 0.0670244 0.0683172 0.0678934 0.0660302 0.0629828 0.0589753 0.0542046 0.0488475 0.0430703 0.037038 0.0309211 0.0249071 0.0192077 0.0140535 0.00966107 0.00617956
 0.00837653 0.0133266 0.0195396 0.0268061 0.0348328 0.0431731 0.051162 0.0580239 0.0631366 0.0662372 0.0674137 0.0669454 0.0651493 0.0623036 0.0586229 0.0542575 0.0493118 0.0438762 0.0380603 0.0320148 0.0259418 0.0200919 0.0147427 0.0101529 0.00650091
 0.00845391 0.0134428 0.0196962 0.026997 0.035044 0.0433828 0.0513405 0.0581329 0.063131 0.0660717 0.0670539 0.0663825 0.0644148 0.0614762 0.0578219 0.0536177 0.0489466 0.0438421 0.0383395 0.0325242 0.0265636 0.0207112 0.0152759 0.0105593 0.00677812
 0.00849653 0.0135255 0.0198445 0.0272407 0.0354067 0.0438677 0.0519174 0.0587373 0.0636765 0.0664699 0.0672317 0.0662935 0.0640453 0.060852 0.0570125 0.0527334 0.0481199 0.0431962 0.0379533 0.0324105 0.0266718 0.0209527 0.0155586 0.0108145 0.00697156
 0.00844769 0.013466 0.0197928 0.0272289 0.0354756 0.0440559 0.0522492 0.0592115 0.06426 0.0670972 0.0678126 0.0667301 0.0642543 0.0607846 0.056668 0.0521628 0.0474187 0.0424855 0.0373493 0.0319929 0.0264635 0.0209217 0.01564 0.0109399 0.0070912
 0.00842892 0.0134333 0.0197407 0.0271546 0.0353837 0.0439648 0.0521937 0.059238 0.0644115 0.067394 0.068238 0.0672264 0.0647339 0.0611517 0.0568442 0.0521102 0.0471527 0.0420721 0.036886 0.0315784 0.0261669 0.0207651 0.015602 0.0109752 0.00715403
 0.00846148 0.0134731 0.0197762 0.0271665 0.0353506 0.0438713 0.0520401 0.0590451 0.0642201 0.0672575 0.0682081 0.0673356 0.0649791 0.0614879 0.057194 0.0523878 0.0472936 0.0420557 0.0367416 0.0313704 0.0259669 0.0206242 0.0155367 0.0109718 0.00718459
 0.00855271 0.0136106 0.0199622 0.0273937 0.0356011 0.0441178 0.0522477 0.0591776 0.064251 0.0671819 0.0680504 0.0671445 0.0648118 0.0613877 0.0571724 0.0524189 0.0473264 0.0420387 0.0366479 0.0312092 0.0257762 0.0204497 0.0154101 0.0109013 0.00715874
 0.00875897 0.0139277 0.0204047 0.0279613 0.0362768 0.0448668 0.053016 0.0598933 0.0648333 0.0675583 0.0681747 0.0670109 0.0644567 0.0608804 0.0565938 0.0518377 0.046781 0.0415356 0.0361762 0.0307608 0.025359 0.0200853 0.015121 0.0106973 0.00703253
 0.00874993 0.0139327 0.0204488 0.0280791 0.036504 0.0452248 0.0534987 0.0604637 0.0654306 0.0681115 0.0686168 0.0672887 0.0645402 0.0607688 0.0563168 0.051447 0.0463348 0.0410816 0.0357427 0.0303601 0.0249978 0.0197727 0.014868 0.0105107 0.00690945
 0.00849454 0.0135578 0.0199608 0.0275144 0.0359238 0.044704 0.0531138 0.0602803 0.0654895 0.0684153 0.0691238 0.0679205 0.0652015 0.0613706 0.0567958 0.051775 0.0465175 0.0411475 0.0357282 0.0302976 0.0249112 0.019679 0.0147804 0.0104389 0.00685823
 0.00833127 0.0132901 0.0195556 0.0269455 0.035184 0.0438221 0.0521664 0.0593877 0.0647896 0.0680244 0.0691035 0.0682639 0.0658402 0.0621958 0.0576858 0.052622 0.0472465 0.0417235 0.0361507 0.0305882 0.0250993 0.0197932 0.0148447 0.0104721 0.00687388
 0.0083348 0.0132736 0.0194891 0.026785 0.0348804 0.0433369 0.0514902 0.0585532 0.0638751 0.0671459 0.0683934 0.0678404 0.0657745 0.0624916 0.0582789 0.0534018 0.0480885 0.0425204 0.0368321 0.031124 0.0254918 0.0200632 0.0150199 0.0105793 0.00693575
 0.00817856 0.0130721 0.0192805 0.0266311 0.0348413 0.0434353 0.0516857 0.0587482 0.0639536 0.0670245 0.0680598 0.0673606 0.0652681 0.0620893 0.0580786 0.0534391 0.0483332 0.0428961 0.0372485 0.0315063 0.0257967 0.0202793 0.0151576 0.0106587 0.00697736
 0.00786304 0.0126141 0.0186958 0.0259763 0.0342067 0.0429253 0.0513952 0.0587363 0.0642181 0.0674897 0.0685915 0.0678131 0.0655433 0.0621742 0.0580402 0.0533832 0.0483509 0.0430282 0.0374799 0.0317865 0.0260691 0.0205039 0.0153189 0.0107612 0.00703539
#obs surv len freq
 nan nan nan nan nan nan nan nan nan nan nan nan nan nan nan nan nan nan nan nan nan nan nan nan nan
 0.00448031 0.00733968 0.0111679 0.015983 0.0216835 0.0279596 0.0342749 0.0400076 0.0446888 0.0481543 0.0505138 0.0520111 0.0529048 0.0534184 0.0537336 0.0539892 0.0542683 0.0545614 0.0547004 0.0542924 0.0527303 0.0493621 0.0438112 0.0362904 0.027673
 0.00461308 0.00755673 0.0114964 0.0164483 0.0223025 0.0287319 0.0351731 0.0409746 0.0456454 0.0490144 0.0512009 0.0524696 0.0531056 0.05336 0.0534377 0.0534928 0.0536148 0.0537936 0.0538574 0.0534111 0.0518495 0.0485247 0.043062 0.0356672 0.0271967
 0.00478778 0.00784061 0.0119234 0.0170499 0.0231017 0.0297334 0.0363529 0.042275 0.0469804 0.0502835 0.0523037 0.0533182 0.0536333 0.053528 0.0532383 0.052948 0.0527698 0.0527077 0.052597 0.0520467 0.0504567 0.0471846 0.0418549 0.0346594 0.0264251
 0.00497365 0.00814854 0.0123975 0.0177344 0.0240319 0.0309215 0.037773 0.0438593 0.0486284 0.0518812 0.0537404 0.0544957 0.05447 0.0539613 0.0532295 0.0524867 0.0518765 0.0514326 0.0510161 0.0502581 0.0485765 0.0453414 0.0401759 0.0332487 0.0253411
 0.00518915 0.00849851 0.0129239 0.0184773 0.0250235 0.0321753 0.039272 0.0455486 0.0504194 0.0536643 0.0554 0.0559214 0.0555645 0.0546445 0.0534417 0.0521911 0.0510639 0.0501272 0.0492807 0.0481973 0.0463348 0.0430911 0.0380936 0.0314815 0.0239747
 0.00540821 0.00885942 0.0134758 0.0192688 0.0260926 0.0335346 0.0408942 0.0473624 0.0523218 0.0555415 0.057144 0.057437 0.0567667 0.055457 0.0537963 0.0520325 0.0503563 0.0488649 0.0475013 0.0459935 0.0438593 0.0405452 0.0356959 0.0294216 0.0223688
 0.00564917 0.00925204 0.0140687 0.0201083 0.0272152 0.0349536 0.0425854 0.0492575 0.0543163 0.0575133 0.0589734 0.0590191 0.0580165 0.0563069 0.0541904 0.0519219 0.0496998 0.0476392 0.0457194 0.0437271 0.0412529 0.0378109 0.0330792 0.0271455 0.0205781
 0.00588615 0.00964221 0.0146649 0.0209626 0.0283685 0.0364196 0.0443339 0.0512102 0.056359 0.0595188 0.0608222 0.0606097 0.0592672 0.0571533 0.0545818 0.0518161 0.0490607 0.0464416 0.0439651 0.04147 0.0386218 0.0350124 0.0303668 0.0247604 0.0186851
 0.00612795 0.0100369 0.0152622 0.0218104 0.0295045 0.0378575 0.0460485 0.0531308 0.0583776 0.0615095 0.0626611 0.0621891 0.0605014 0.057979 0.0549536 0.0516998 0.0484283 0.0452727 0.0422598 0.0392729 0.0360475 0.0322537 0.0276708 0.0223704 0.0167742
 0.00638902 0.0104653 0.015914 0.0227394 0.0307507 0.0394293 0.0479057 0.0551802 0.0604884 0.0635401 0.0644836 0.0637016 0.0616297 0.0586726 0.0551808 0.051441 0.0476703 0.0440079 0.040496 0.0370543 0.0334799 0.0295165 0.0249976 0.0199962 0.01487
 0.00662504 0.0108537 0.0165074 0.0235899 0.0319 0.0408923 0.0496536 0.0571336 0.0625266 0.0655241 0.066279 0.0651949 0.0627367 0.0593393 0.0553784 0.0511582 0.0469053 0.0427651 0.0387928 0.0349379 0.0310501 0.0269375 0.0224827 0.0177614 0.0130743
 0.00681742 0.0111708 0.0169927 0.0242875 0.0328466 0.0421048 0.051115 0.0587868 0.0642813 0.067271 0.0679061 0.0665984 0.0638278 0.0600497 0.0556625 0.0509917 0.046281 0.0416893 0.0372877 0.0330538 0.0288819 0.0246343 0.0202351 0.0157618 0.0114649
 0.00703751 0.0115282 0.0175297 0.0250427 0.033847 0.0433536 0.0525799 0.0603964 0.0659355 0.0688615 0.0693335 0.0677816 0.0647052 0.0605764 0.0558081 0.050738 0.0456211 0.040629 0.0358494 0.031287 0.0268761 0.022525 0.0181916 0.0139527 0.0100132
 0.00728631 0.0119329 0.0181387 0.0258991 0.0349782 0.0447558 0.0542031 0.062142 0.067673 0.0704564 0.0706737 0.0687904 0.0653412 0.0608267 0.0556779 0.0502412 0.0447743 0.039451 0.0343676 0.0295491 0.0249628 0.0205557 0.0163126 0.0123072 0.00870295
 0.00743895 0.0121937 0.0185544 0.0265206 0.0358492 0.0458944 0.0555839 0.0636901 0.0692749 0.071983 0.0720036 0.0698269 0.0660209 0.0611206 0.0555867 0.0497864 0.0439873 0.0383666 0.0330246 0.0279985 0.0232789 0.0188415 0.0146914 0.010897 0.00758584
 0.00749767 0.0122916 0.0187076 0.0267496 0.0361789 0.0463525 0.0561957 0.0644686 0.0702104 0.0730346 0.0730983 0.0708688 0.066909 0.0617673 0.0559316 0.0498011 0.0436719 0.0377427 0.0321302 0.0268868 0.0220224 0.0175336 0.0134384 0.00979888 0.00671194
 0.00758666 0.0124228 0.0188806 0.0269565 0.0364091 0.0465996 0.0564627 0.0647703 0.0705691 0.0734723 0.0736257 0.0714736 0.0675492 0.0623744 0.0564239 0.050102 0.0437264 0.0375261 0.0316497 0.0261791 0.0211506 0.0165818 0.0125014 0.00896461 0.00604169
 0.007671 0.0125563 0.0190737 0.0272143 0.0367274 0.0469616 0.0568382 0.0651214 0.0708641 0.0737003 0.0738026 0.0716344 0.0677286 0.0625864 0.0566507 0.0502959 0.0438247 0.0374709 0.0314058 0.0257452 0.0205607 0.0158996 0.0118062 0.00833248 0.00552745
 0.00769963 0.012601 0.0191379 0.0273004 0.0368373 0.0470962 0.0569964 0.065298 0.0710486 0.0738783 0.0739616 0.0717702 0.067849 0.0627079 0.0567862 0.0504418 0.0439544 0.0375402 0.0313684 0.0255716 0.020252 0.0154898 0.0113526 0.00789821 0.00516215
 0.00775437 0.0126826 0.0192469 0.0274324 0.0369842 0.0472488 0.0571459 0.0654373 0.0711726 0.0739839 0.0740472 0.071835 0.0678939 0.0627371 0.056807 0.0504613 0.0439721 0.037542 0.0313286 0.025463 0.0200605 0.0152247 0.0110461 0.0075937 0.00489876
 0.00779551 0.0127462 0.019336 0.027547 0.0371201 0.0473972 0.0572939 0.0655696 0.0712755 0.0740504 0.0740787 0.0718399 0.067883 0.0627193 0.0567882 0.0504442 0.0439559 0.037521 0.0312903 0.0253911 0.0199421 0.015059 0.0108482 0.00739034 0.00471742
 0.00784422 0.012817 0.0194272 0.0276516 0.0372283 0.0474993 0.057383 0.0656416 0.0713285 0.0740831 0.0740909 0.0718332 0.0678619 0.0626902 0.0567576 0.0504168 0.0439328 0.0374989 0.0312617 0.0253454 0.01987 0.0149573 0.0107239 0.00725884 0.0045968
 0.00788923 0.0128907 0.0195382 0.0278065 0.0374279 0.0477344 0.0576317 0.0658724 0.0715088 0.0741899 0.0741172 0.0717875 0.0677617 0.0625555 0.0566068 0.0502646 0.0437893 0.0373689 0.0311447 0.0252365 0.0197627 0.0148473 0.0106122 0.00715188 0.00450351
 0.0078811 0.0128796 0.0195258 0.0277966 0.0374266 0.0477496 0.0576714 0.0659414 0.0716051 0.074303 0.0742295 0.07188 0.0678204 0.0625761 0.0565937 0.0502276 0.043739 0.0373137 0.031089 0.0251807 0.0197047 0.0147854 0.010547 0.00708744 0.00444568
 0.00787463 0.0128622 0.0194877 0.0277254 0.0373126 0.0475925 0.0574853 0.0657547 0.0714529 0.074216 0.0742237 0.0719529 0.0679533 0.0627411 0.0567634 0.0503814 0.0438664 0.0374123 0.0311607 0.0252285 0.0197311 0.0147926 0.0105384 0.00706823 0.00442216
 0.00786886 0.0128493 0.0194614 0.027677 0.0372321 0.0474711 0.0573198 0.0655509 0.0712285 0.0739996 0.0740504 0.0718547 0.0679488 0.0628296 0.0569251 0.0505855 0.0440809 0.0376118 0.03133 0.0253614 0.0198274 0.0148557 0.0105737 0.00708286 0.00442362
 0.00789115 0.0128802 0.0194977 0.0277117 0.0372553 0.047472 0.0572885 0.0654806 0.0711169 0.0738515 0.0738795 0.0716836 0.0678057 0.0627406 0.056906 0.0506361 0.0441859 0.0377469 0.03147 0.025487 0.0199274 0.0149269 0.0106186 0.00710681 0.00443336
 0.00787317 0.0128535 0.0194621 0.0276684 0.0372055 0.0474163 0.0572257 0.0654085 0.0710338 0.0737577 0.073779 0.071584 0.0677186 0.06268 0.056886 0.0506664 0.0442673 0.0378696 0.0316156 0.0256343 0.0200585 0.0150309 0.0106923 0.00715349 0.00445939
 0.0078688 0.0128426 0.0194389 0.0276257 0.0371378 0.0473225 0.0571124 0.0652883 0.0709212 0.0736636 0.0737077 0.0715342 0.0676871 0.0626658 0.0568918 0.0506978 0.0443295 0.037963 0.0317337 0.025764 0.0201842 0.0151392 0.0107755 0.00721056 0.00449424
 0.00783968 0.0127965 0.0193716 0.0275342 0.03702 0.0471788 0.0569466 0.0651097 0.0707445 0.0735074 0.0735901 0.0714685 0.0676777 0.0627081 0.0569757 0.0508123 0.0444656 0.0381146 0.0318947 0.0259261 0.0203369 0.0152717 0.0108805 0.0072858 0.00454278
 0.00782221 0.0127648 0.019318 0.0274499 0.0368981 0.0470175 0.0567528 0.0648987 0.0705368 0.0733236 0.0734471 0.0713781 0.0676466 0.0627375 0.0570607 0.0509428 0.0446284 0.038296 0.0320823 0.0261092 0.0205055 0.0154171 0.0109966 0.0073707 0.00459912
 0.00778875 0.0127095 0.0192333 0.0273281 0.0367331 0.0468081 0.0565049 0.0646275 0.0702654 0.0730786 0.0732543 0.0712572 0.0676085 0.0627831 0.0571823 0.051126 0.0448551 0.0385466 0.0323382 0.0263538 0.0207254 0.0156027 0.0111427 0.00747698 0.00466994
 0.0077677 0.0126746 0.0191792 0.0272494 0.0366249 0.0466674 0.0563328 0.0644301 0.0700536 0.0728677 0.073062 0.0711024 0.0675083 0.0627503 0.0572221 0.0512351 0.0450223 0.0387549 0.0325675 0.0265841 0.0209392 0.0157869 0.0112897 0.00758509 0.00474274
 0.00772124 0.0126006 0.0190709 0.0271018 0.0364365 0.0464417 0.0560801 0.0641675 0.069802 0.0726477 0.07289 0.0709892 0.0674604 0.0627704 0.0573101 0.051387 0.045229 0.0390022 0.0328367 0.0268545 0.021191 0.0160044 0.0114634 0.00771287 0.0048288
 0.00771015 0.0125769 0.0190249 0.0270213 0.03631 0.0462637 0.0558555 0.0639124 0.0695403 0.072405 0.0726881 0.0708437 0.0673799 0.062758 0.0573644 0.0515032 0.0453995 0.0392157 0.033078 0.027105 0.0214312 0.016217 0.0116367 0.00784242 0.00491714
 0.007667 0.0125125 0.0189383 0.0269144 0.0361854 0.0461225 0.0556964 0.063734 0.0693451 0.072203 0.072497 0.0706851 0.0672737 0.0627171 0.0573933 0.0515989 0.0455534 0.0394152 0.0333078 0.0273473 0.0216671 0.0164291 0.0118122 0.00797526 0.00500875
 0.00764904 0.0124804 0.0188849 0.0268323 0.0360697 0.0459746 0.0555259 0.0635569 0.0691782 0.0720572 0.072376 0.0705884 0.0672022 0.0626768 0.0573931 0.0516467 0.0456518 0.0395602 0.0334888 0.0275489 0.0218714 0.0166185 0.0119728 0.00809954 0.00509601
 0.00764596 0.0124763 0.0188802 0.0268269 0.036062 0.0459601 0.0554975 0.0635071 0.0691031 0.0719591 0.0722637 0.0704737 0.0670962 0.0625878 0.057328 0.0516124 0.0456551 0.0396048 0.0335732 0.0276649 0.0220053 0.0167541 0.0120954 0.00819882 0.00516826
 0.00763461 0.0124607 0.0188621 0.0268098 0.03605 0.0459563 0.0555024 0.0635173 0.0691112 0.0719562 0.0722417 0.0704289 0.0670313 0.062511 0.057251 0.0515473 0.0456123 0.0395923 0.0335945 0.0277182 0.0220828 0.0168437 0.0121835 0.0082748 0.00522612
 0.00759272 0.0123959 0.0187711 0.0266925 0.0359106 0.0458041 0.0553518 0.063386 0.0690162 0.071908 0.0722408 0.070466 0.0670916 0.0625802 0.0573195 0.0516122 0.0456763 0.039661 0.0336729 0.0278082 0.0221817 0.0169444 0.0122772 0.00835347 0.00528543
 0.00756072 0.012344 0.0186934 0.0265842 0.0357697 0.0456336 0.0551621 0.0631948 0.0688457 0.0717796 0.0721697 0.0704578 0.0671415 0.062675 0.0574417 0.0517454 0.0458091 0.039788 0.033794 0.0279247 0.0222937 0.0170494 0.0123702 0.00842969 0.00534236
 0.00756326 0.0123428 0.0186817 0.0265524 0.0357075 0.0455342 0.0550254 0.0630295 0.0686673 0.071608 0.0720251 0.0703577 0.0670972 0.0626892 0.0575083 0.0518511 0.0459377 0.0399249 0.0339288 0.0280518 0.0224101 0.0171529 0.0124584 0.0085003 0.00539449
 0.00754706 0.012321 0.0186569 0.0265286 0.035688 0.0455175 0.0550041 0.0629918 0.0686027 0.0715133 0.0719079 0.0702348 0.0669895 0.0626157 0.0574808 0.0518721 0.0460009 0.040018 0.0340377 0.0281641 0.0225168 0.0172481 0.0125385 0.00856346 0.00544061
 0.00754992 0.0123261 0.0186655 0.0265427 0.0357098 0.0455493 0.0550466 0.0630421 0.0686528 0.0715496 0.0719153 0.0702025 0.0669169 0.0625146 0.0573714 0.0517762 0.0459344 0.0399876 0.0340409 0.0281924 0.0225598 0.0172961 0.0125844 0.00860247 0.00547056
 0.00751437 0.012273 0.0185943 0.0264562 0.0356142 0.0454528 0.0549589 0.0629736 0.0686125 0.0715427 0.07194 0.0702497 0.0669725 0.0625646 0.0574078 0.0518 0.045954 0.0400134 0.0340799 0.0282453 0.0226219 0.0173599 0.0126425 0.00865011 0.00550583
 0.0075199 0.0122761 0.0185884 0.0264322 0.0355638 0.045373 0.0548558 0.0628617 0.0685106 0.0714675 0.0719014 0.0702491 0.0670035 0.062616 0.0574668 0.051856 0.0460022 0.0400549 0.0341196 0.0282881 0.0226691 0.0174092 0.0126892 0.00868983 0.00553601
 0.00751715 0.0122729 0.0185854 0.02643 0.0355607 0.0453646 0.0548342 0.0628188 0.0684427 0.0713798 0.0718082 0.0701688 0.0669521 0.0626008 0.0574854 0.0518988 0.0460572 0.0401125 0.034175 0.0283403 0.0227187 0.0174559 0.0127315 0.00872532 0.00556308
 0.00749352 0.012238 0.0185397 0.0263763 0.035504 0.0453104 0.0547872 0.0627812 0.0684136 0.0713552 0.0717832 0.0701418 0.0669268 0.0625854 0.0574886 0.0519251 0.0461048 0.0401746 0.034243 0.0284073 0.0227805 0.0175104 0.0127774 0.00876178 0.00558997
 0.00750158 0.0122473 0.0185467 0.0263758 0.0354911 0.0452831 0.0547484 0.0627382 0.068375 0.0713267 0.0717655 0.0701307 0.0669166 0.0625727 0.0574751 0.0519161 0.0461062 0.0401897 0.0342709 0.0284437 0.02282 0.0175485 0.012811 0.00878906 0.00561034
 0.00750158 0.0122473 0.0185467 0.0263758 0.0354911 0.0452831 0.0547484 0.0627382 0.068375 0.0713267 0.0717655 0.0701307 0.0669166 0.0625727 0.0574751 0.0519161 0.0461062 0.0401897 0.0342709 0.0284437 0.02282 0.0175485 0.012811 0.00878906 0.00561034
 0.00713033 0.0116621 0.0177024 0.0252488 0.0340908 0.0436658 0.0530291 0.0610855 0.0669814 0.0703622 0.0713363 0.0702597 0.0675488 0.0635977 0.0587564 0.0533194 0.0475187 0.0415279 0.035479 0.0294881 0.0236837 0.0182285 0.0133168 0.00914176 0.00583879
 0.00708906 0.0115511 0.0174548 0.0247771 0.0333105 0.0425332 0.0515747 0.0594235 0.0652884 0.0688372 0.0701597 0.0695638 0.0673993 0.0639873 0.0596102 0.0545138 0.0489084 0.0429729 0.0368641 0.0307308 0.0247345 0.0190663 0.0139447 0.00958103 0.00612364
 0.00705295 0.0115001 0.0173888 0.0246911 0.0331838 0.042318 0.0511967 0.0588038 0.0643828 0.0676757 0.0688611 0.0683124 0.0663951 0.0633905 0.0595041 0.0548927 0.0496895 0.044024 0.0380369 0.0318905 0.0257788 0.0199332 0.0146106 0.0100541 0.00643312
 0.00700718 0.011432 0.0172983 0.0245833 0.033067 0.0422002 0.0510781 0.0586672 0.0641872 0.0673619 0.0683752 0.067642 0.0655976 0.0625931 0.0588683 0.0545597 0.0497337 0.0444337 0.0387259 0.0327313 0.0266404 0.0207111 0.0152421 0.010519 0.00674439
 0.00706934 0.0115329 0.0174495 0.024794 0.033341 0.042531 0.0514444 0.0590316 0.0644991 0.0675627 0.0684046 0.0674481 0.0651538 0.0619207 0.0580498 0.0537301 0.0490434 0.0439999 0.0385955 0.0328729 0.0269664 0.0211148 0.0156322 0.0108387 0.00697365
 0.00712623 0.0116373 0.0176281 0.0250775 0.0337551 0.0430824 0.0521091 0.0597523 0.0651958 0.0681496 0.0688057 0.0676055 0.0650317 0.0615103 0.0573792 0.0528725 0.0481143 0.0431345 0.0379116 0.0324353 0.026773 0.021109 0.0157337 0.0109744 0.00709585
 0.00714929 0.0116826 0.0177117 0.0252211 0.0339835 0.043418 0.0525634 0.0603181 0.0658417 0.0688193 0.0694236 0.0680886 0.0653052 0.0615225 0.0571116 0.0523472 0.0473962 0.0423247 0.0371277 0.031781 0.0263091 0.0208413 0.0156232 0.0109621 0.00712727
 0.00712183 0.0116416 0.0176574 0.0251584 0.0339237 0.0433801 0.0525742 0.060409 0.0660405 0.0691388 0.0698514 0.068582 0.0657957 0.0619283 0.0573572 0.0523825 0.0472122 0.0419593 0.0366575 0.0313002 0.0259004 0.0205526 0.0154595 0.0108961 0.00711945
 0.00712182 0.0116403 0.0176532 0.0251493 0.0339084 0.0433597 0.0525543 0.0604012 0.0660622 0.0692114 0.069994 0.0688036 0.066086 0.0622528 0.0576599 0.0525989 0.0472895 0.0418756 0.036432 0.0309882 0.0255736 0.0202731 0.0152613 0.0107813 0.00706815
 0.00713164 0.011657 0.0176795 0.0251877 0.0339597 0.0434217 0.052621 0.0604642 0.0661145 0.0692517 0.0700303 0.0688512 0.0661621 0.0623664 0.057803 0.0527435 0.0473932 0.0418977 0.0363518 0.0308159 0.0253473 0.020043 0.0150691 0.0106471 0.00699003
 0.00721103 0.0117796 0.0178519 0.0254109 0.0342287 0.0437247 0.0529384 0.0607688 0.0663753 0.0694402 0.0701282 0.0688559 0.0660871 0.0622376 0.0576494 0.0525851 0.047234 0.041726 0.0361505 0.0305773 0.0250824 0.0197789 0.0148373 0.0104693 0.00687142
 0.00722092 0.0118062 0.0179107 0.025522 0.0344102 0.0439835 0.0532628 0.061128 0.066727 0.0697428 0.0703495 0.0689776 0.0661058 0.0621629 0.0575012 0.0523891 0.0470133 0.0414947 0.0359128 0.0303325 0.0248338 0.0195389 0.014624 0.010299 0.0067509
 0.00718336 0.0117448 0.017819 0.0253969 0.0342568 0.0438196 0.0531205 0.0610475 0.0667426 0.0698673 0.0705671 0.0692497 0.0663846 0.0624066 0.0576836 0.0525015 0.0470606 0.0414887 0.0358657 0.0302538 0.0247319 0.0194242 0.01451 0.0101993 0.00667443
 0.00711319 0.0116264 0.0176334 0.0251253 0.0338866 0.0433541 0.0525876 0.0605021 0.0662585 0.0695205 0.0704157 0.0693178 0.0666559 0.0628301 0.0581894 0.0530201 0.0475384 0.041894 0.0361859 0.0304895 0.0248912 0.0195194 0.0145569 0.0102146 0.00667338
