SBPRF35
12.7214
Curr Bio
891196
B35
897900
F35
0.171213
FOFL
0.171213
OFL
126680
Bzero
3.63469e+06
#pred survey bio
 3.75076e+06 3.61425e+06 3.49713e+06 3.32145e+06 3.08773e+06 2.8549e+06 2.61418e+06 2.38213e+06 2.12601e+06 1.88564e+06 1.67882e+06 1.49024e+06 1.32294e+06 1.17659e+06 1.03609e+06 903632 795052 720818 672361 631322 612366 587208 578055 570203 560794 554205 545252 550346 548313 558690 552425 553311 565106 572328 576192 580217 590762 604654 608070 614521 630707 640292 645897 647493 655182 659551 659652 666567 669047 680468 692012 754284 808998 866248 906748 926596 928470 922291 913354 910651 904706 883120 878405 891144 905490 920968 917578 899101 2.10007e+07 1.94253e+07 1.99048e+07 2.07475e+07 2.18072e+07 2.29264e+07 2.39906e+07 2.49348e+07 2.57333e+07 2.63864e+07 2.69081e+07 2.73181e+07 2.76369e+07 2.7883e+07 2.80723e+07 2.82179e+07 2.83297e+07 2.84159e+07 2.84826e+07 2.85342e+07 2.85745e+07 2.8606e+07 2.86307e+07 2.86502e+07 2.86657e+07 2.86779e+07 2.86877e+07 2.86955e+07 2.87018e+07 2.87068e+07 2.87109e+07 2.87141e+07 2.87168e+07 2.87189e+07 2.87207e+07 2.87221e+07 2.87233e+07 2.87242e+07 2.8725e+07 2.87256e+07 2.87261e+07 2.87265e+07 2.87269e+07 2.87272e+07 2.87274e+07 2.87276e+07 2.87277e+07 2.87278e+07 2.8728e+07 2.8728e+07 2.87281e+07 2.87282e+07 2.87282e+07 2.87282e+07 2.87283e+07 2.87283e+07 2.87283e+07 2.87283e+07 2.87283e+07 2.87284e+07 2.87284e+07 2.87284e+07 2.87284e+07 2.87284e+07 2.87284e+07 2.87284e+07 2.87284e+07 2.87284e+07 2.87284e+07 2.87284e+07 2.87284e+07 2.87284e+07 2.87284e+07 2.87284e+07 2.87284e+07 2.87284e+07 2.87284e+07 2.87284e+07 2.87284e+07 2.87284e+07 2.87284e+07 2.87284e+07 2.87284e+07 2.87284e+07 2.87284e+07 2.87284e+07 2.87284e+07 2.87284e+07 2.87284e+07 2.87284e+07 2.87284e+07 2.87284e+07 2.87284e+07 2.87284e+07 2.87284e+07 2.87284e+07 2.87284e+07 2.87284e+07 2.87284e+07 2.87284e+07 0 0 0 0 0 0 0 0 0 0 0 0 0 0 0 0 0 0 0 0 0 0 0 0 0
#obs survey bio
 4.45919e+06 3.45773e+06 3.85034e+06 2.86984e+06 4.54635e+06 2.47377e+06 2.78784e+06 2.33993e+06 2.31649e+06 2.09468e+06 1.29664e+06 1.43444e+06 1.40027e+06 1.38196e+06 721377 1.12276e+06 769957 621021 490941 602677 497886 579458 550242 598959 567766 574188 436896 612642 553930 547331 552159 472888 487120 758534 579342 526287 700189 798416 683813 447917 709059 827178 660371 542368 805646 549255 950291 518172 955283 587468 899049 627156 772672 845556 1.14448e+06 1.18739e+06 798818 1.01961e+06 1.00277e+06 985372 938891 865911 821207 1.39961e+06 1.19262e+06 1.06445e+06 726475 1.01175e+06
#pred catch bio
 102090 93685.1 159210 226030 240815 265008 274801 313732 314501 297157 291033 278562 263011 257867 248123 223053 189510 164642 155296 133564 135647 119099 115928 114841 109969 109936 97172.2 102825 92253.9 106094 99390.4 90913 95681.2 98462.2 98148.5 93053.3 91269.6 100832 98903.7 92546.8 100194 104443 107863 102621 105650 109388 104166 109035 102968 105205 66460.1 77699 78249.2 93882.3 111548 126538 133179 135239 129584 132295 145466 131609 119088 119868 119695 135903 148452 121293 126680 128062 130209 134748 141038 147776 154126 159659 164226 167849 170640 172741 174296 175430 176249 176835 177251 177545 177752 177898 177999 178070 178119 178153 178177 178193 178205 178212 178218 178221 178224 178226 178227 178228 178228 178229 178229 178229 178229 178230 178230 178230 178230 178230 178230 178230 178230 178230 178230 178230 178230 178230 178230 178230 178230 178230 178230 178230 178230 178230 178230 178230 178230 178230 178230 178230 178230 178230 178230 178230 178230 178230 178230 178230 178230 178230 178230 178230 178230 178230 178230 178230 178230 178230 178230 178230 178230 178230 178230 178230 178230 178230 178230 178230 178230 178230 178230 178230 178230 178230 0 0 0 0 0 0 0 0 0 0 0 0 0 0 0 0 0 0 0 0 0 0 0 0 0
#obs catch bio
 0 93254 159372 226553 240197 264290 273526 313292 314472 296412 292923 280270 263355 257793 248880 222886 189518 166046 157473 134721 136995 119511 116370 115198 109619 109288 97061.7 102691 91915.8 105760 99173.1 90610.3 96073.4 98138.3 98026.9 93015.4 91083.8 100749 98648.9 92598.1 100349 104740 108140 102868 105301 109493 103789 109361 102898 105808 66269.3 78087.2 78530.6 94141 111619 126425 133264 135160 129318 131617 144947 131353 119151 120103 119604 135339 148885 121096
#pred cpue bio
 3.70766e+06 3.5726e+06 3.45541e+06 3.27978e+06 3.04687e+06 2.81456e+06 2.5742e+06 2.34242e+06 2.08702e+06 1.84758e+06 1.64147e+06 1.45381e+06 1.28783e+06 1.14296e+06 1.00405e+06 873303 766368 693292 645737 605793 587657 563494 554872 547487 538670 532586 523945 528987 527109 537363 531300 532163 543619 550811 554799 558795 569105 582722 586072 592192 607757 617037 622640 624344 632004 636295 636307 642932 645152 656120 667112 728219 782452 839231 879355 898887 900444 894047 885190 882613 876738 855213 850041 862215 876529 892154 888757 870131 2.03244e+07 1.88045e+07 1.91902e+07 1.99498e+07 2.09873e+07 2.21023e+07 2.31659e+07 2.411e+07 2.49085e+07 2.55616e+07 2.60833e+07 2.64933e+07 2.6812e+07 2.70582e+07 2.72475e+07 2.7393e+07 2.75049e+07 2.75911e+07 2.76577e+07 2.77094e+07 2.77497e+07 2.77812e+07 2.78059e+07 2.78254e+07 2.78408e+07 2.78531e+07 2.78629e+07 2.78707e+07 2.78769e+07 2.7882e+07 2.7886e+07 2.78893e+07 2.7892e+07 2.78941e+07 2.78959e+07 2.78973e+07 2.78984e+07 2.78994e+07 2.79002e+07 2.79008e+07 2.79013e+07 2.79017e+07 2.79021e+07 2.79023e+07 2.79026e+07 2.79028e+07 2.79029e+07 2.7903e+07 2.79031e+07 2.79032e+07 2.79033e+07 2.79033e+07 2.79034e+07 2.79034e+07 2.79035e+07 2.79035e+07 2.79035e+07 2.79035e+07 2.79035e+07 2.79035e+07 2.79035e+07 2.79036e+07 2.79036e+07 2.79036e+07 2.79036e+07 2.79036e+07 2.79036e+07 2.79036e+07 2.79036e+07 2.79036e+07 2.79036e+07 2.79036e+07 2.79036e+07 2.79036e+07 2.79036e+07 2.79036e+07 2.79036e+07 2.79036e+07 2.79036e+07 2.79036e+07 2.79036e+07 2.79036e+07 2.79036e+07 2.79036e+07 2.79036e+07 2.79036e+07 2.79036e+07 2.79036e+07 2.79036e+07 2.79036e+07 2.79036e+07 2.79036e+07 2.79036e+07 2.79036e+07 2.79036e+07 2.79036e+07 2.79036e+07 2.79036e+07 2.79036e+07 2.79036e+07 0 0 0 0 0 0 0 0 0 0 0 0 0 0 0 0 0 0 0 0 0 0 0 0 0
#obs cpue bio
 3.08148e+06 3.14804e+06 3.55061e+06 3.33117e+06 3.27216e+06 3.56042e+06 2.64747e+06 1.91639e+06 1.61347e+06 1.94506e+06 1.05988e+06 1.4689e+06 1.57390e+06 1.09343e+06 1.20414e+06 843560 731547 451969 599112 609365 687881 658060 556308 536356 775516 709654 431149 590250 521256 690204 481342 649308 383953 743866 492437 557054 529053 468016 594165 554868 553158 413624 631435 653687 865614 576962 589969 538691 537299 608269 478125 634417 644139 1.17191e+06 925981 841388 885114 929754 870657 1.11744e+06 895771 719028 675182 511676 778404 1.20629e+06 720683 825713
#pred surv len freq
 0.00418078 0.0068969 0.0105836 0.0152877 0.0209277 0.0271996 0.0335623 0.0393874 0.0442011 0.0478349 0.0503881 0.0520827 0.0531392 0.0537285 0.0539747 0.0539797 0.053849 0.0536886 0.0535393 0.053245 0.0523365 0.050078 0.0457697 0.0392001 0.030939
 0.0044649 0.0072787 0.0110128 0.0156746 0.0211767 0.0272568 0.0334468 0.0391812 0.0440015 0.0477011 0.0503202 0.0520431 0.0530985 0.0537008 0.0540197 0.05417 0.05422 0.0541976 0.0540563 0.0535885 0.0523444 0.0496821 0.0450322 0.0382868 0.0300448
 0.00451288 0.00741608 0.0113226 0.0162533 0.0220885 0.0284757 0.0348238 0.0404757 0.0449741 0.048215 0.0503834 0.0517713 0.0526363 0.0531636 0.0534834 0.0536893 0.053837 0.0539244 0.0538476 0.0533379 0.0519237 0.0490085 0.0441221 0.0372568 0.029057
 0.0046179 0.00757471 0.0115441 0.0165521 0.0224972 0.0290536 0.0356447 0.0415859 0.0463366 0.049678 0.051711 0.0527304 0.0530906 0.0531143 0.0530409 0.0530081 0.0530576 0.0531395 0.0530883 0.0525747 0.0510908 0.0480515 0.0430464 0.0361428 0.028028
 0.00482138 0.00790141 0.0120268 0.0172155 0.0233505 0.0300839 0.0368149 0.0428457 0.0476396 0.0509885 0.0529854 0.0538855 0.0539932 0.0536162 0.0530425 0.0525058 0.0521413 0.0519462 0.0517435 0.0511556 0.0496271 0.0465571 0.0415589 0.034741 0.0268123
 0.00505742 0.0082814 0.0125916 0.0180001 0.0243771 0.0313503 0.038283 0.0444379 0.049252 0.0525162 0.0543457 0.0550245 0.0548705 0.0541805 0.0532221 0.0522287 0.0513746 0.0507229 0.0501571 0.0493278 0.0476761 0.0445887 0.0396761 0.0330499 0.025408
 0.00531149 0.00869651 0.0132199 0.0188906 0.0255654 0.0328423 0.0400391 0.0463679 0.0512286 0.0544004 0.056012 0.0563771 0.0558476 0.0547473 0.0533555 0.0519036 0.0505643 0.0494185 0.048393 0.0471943 0.0453131 0.0421654 0.0373684 0.0310161 0.0237617
 0.00552485 0.0090539 0.0137776 0.019708 0.026694 0.0343067 0.0418173 0.0483836 0.0533601 0.056503 0.0579415 0.0580064 0.0570774 0.0555104 0.0536137 0.0516387 0.0497682 0.048093 0.046563 0.0449307 0.0427479 0.039488 0.0347966 0.0287516 0.0219439
 0.00577443 0.00946539 0.014408 0.0206154 0.0279274 0.0358895 0.0437291 0.0505508 0.0556626 0.0587936 0.0600674 0.0598264 0.0584739 0.0563961 0.053934 0.0513671 0.0488993 0.0466383 0.0445572 0.0424492 0.0399271 0.03653 0.0319451 0.0262391 0.0199333
 0.00609416 0.0099744 0.0151545 0.0216384 0.029252 0.0375184 0.0456319 0.052658 0.0578712 0.0609814 0.0621081 0.0616 0.0598721 0.0573271 0.0543264 0.0511721 0.0480912 0.0452161 0.0425509 0.0399351 0.0370453 0.0334899 0.0290015 0.0236388 0.0178513
 0.00632811 0.0103718 0.015783 0.0225695 0.0305422 0.0391833 0.0476228 0.0548604 0.0601308 0.0631437 0.0640475 0.0632272 0.0611237 0.0581516 0.0546751 0.0509983 0.0473559 0.0438972 0.0406587 0.0375313 0.0342612 0.0305302 0.0261202 0.0210844 0.0158018
 0.00649617 0.0106605 0.0162476 0.0232737 0.0315487 0.0405345 0.049319 0.056845 0.0622914 0.0653279 0.0660896 0.0649768 0.0624681 0.0590234 0.0550433 0.0508499 0.0466809 0.0426872 0.0389209 0.0353135 0.0316766 0.0277662 0.0234158 0.0186775 0.0138657
 0.00668195 0.0109611 0.0166983 0.0239092 0.0324001 0.0416229 0.0506467 0.0583873 0.0639937 0.0671078 0.0678415 0.0665803 0.0638015 0.0599808 0.0555485 0.0508602 0.0461801 0.0416766 0.0374188 0.0333695 0.0293925 0.0253077 0.0209972 0.0165153 0.0121203
 0.0068859 0.0112922 0.0171952 0.0246065 0.0333204 0.0427659 0.0519794 0.0598442 0.0654908 0.0685623 0.0691853 0.0677593 0.0647665 0.0606784 0.055921 0.0508531 0.0457512 0.0408044 0.0361088 0.0316637 0.0273825 0.023141 0.0188627 0.0146042 0.010575
 0.00710281 0.0116532 0.0177533 0.0254141 0.0344157 0.0441528 0.0536083 0.061609 0.0672479 0.0701647 0.0705152 0.0687455 0.0653842 0.0609357 0.0558385 0.0504459 0.0450218 0.0397467 0.0347237 0.029979 0.0254705 0.021125 0.0169039 0.0128656 0.00917711
 0.00732444 0.0120213 0.0183215 0.0262367 0.0355362 0.0455843 0.055314 0.0634932 0.0691665 0.0719515 0.0720125 0.0698313 0.0659898 0.0610507 0.0555008 0.04972 0.0439737 0.0384284 0.0331735 0.0282364 0.0235984 0.0192224 0.0150995 0.0112896 0.00792343
 0.00760361 0.0124562 0.0189414 0.0270582 0.036563 0.0468071 0.0567052 0.0650015 0.0707146 0.0734405 0.0733319 0.0708719 0.0666598 0.0612912 0.0552963 0.0490976 0.0429917 0.0371583 0.0316862 0.0266002 0.0218872 0.0175263 0.0135227 0.00993243 0.0068549
 0.00774495 0.0126936 0.0193117 0.0275976 0.0372963 0.0477326 0.0577842 0.0661615 0.0718691 0.0745137 0.0742713 0.0716426 0.0672292 0.0616199 0.0553423 0.0488309 0.0424078 0.0362835 0.0305723 0.0253171 0.0205168 0.0161596 0.012254 0.0088449 0.00600238
 0.00773629 0.0126905 0.0193286 0.0276578 0.0374301 0.0479721 0.0581554 0.0666754 0.0725148 0.0752557 0.0750549 0.0724048 0.0679108 0.0621702 0.0557179 0.0489933 0.0423268 0.0359459 0.0299911 0.0245344 0.0196008 0.0151954 0.0113309 0.00804024 0.005366
 0.00775734 0.0127195 0.0193633 0.0276949 0.0374693 0.0480209 0.0582323 0.0668078 0.0727313 0.0755747 0.0754749 0.0729013 0.0684396 0.0626768 0.0561467 0.0492946 0.0424607 0.0358855 0.0297282 0.0240854 0.0190095 0.0145284 0.0106647 0.00744463 0.00488805
 0.00769143 0.0126098 0.019194 0.0274511 0.0371423 0.0476162 0.057777 0.0663535 0.0723475 0.0753356 0.0754413 0.0731051 0.0688729 0.0632914 0.0568634 0.0500199 0.0431045 0.0363757 0.03002 0.0241661 0.0188996 0.0142769 0.0103381 0.00710986 0.00459697
 0.0077706 0.0127225 0.0193333 0.0275987 0.0372714 0.0476974 0.057785 0.0662728 0.0721782 0.0750977 0.075176 0.0728688 0.0687237 0.0632718 0.0569853 0.050259 0.0434062 0.0366702 0.0302416 0.0242702 0.0188725 0.0141368 0.0101267 0.00687733 0.00438628
 0.00775487 0.0126953 0.0192891 0.0275303 0.0371706 0.047556 0.0575979 0.0660409 0.0719115 0.0748169 0.0749119 0.0726582 0.0686037 0.0632719 0.0571206 0.050523 0.0437678 0.0370768 0.0306299 0.0245826 0.0190725 0.0142179 0.0101099 0.00680072 0.00428931
 0.00766767 0.0125683 0.0191251 0.0273411 0.0369727 0.0473645 0.0574214 0.0658808 0.0717647 0.0746804 0.0747869 0.0725527 0.0685335 0.0632583 0.0571845 0.0506778 0.0440112 0.0373868 0.0309665 0.0248974 0.019323 0.0143805 0.0101852 0.00680907 0.00425998
 0.00765528 0.0125352 0.0190526 0.0272068 0.0367594 0.0470732 0.0570789 0.0655357 0.0714705 0.0744747 0.0746798 0.0725308 0.0685733 0.0633411 0.057304 0.0508377 0.0442177 0.0376386 0.0312484 0.025181 0.0195749 0.0145739 0.0103092 0.00687043 0.004277
 0.00773104 0.0126367 0.0191646 0.0272993 0.0367939 0.0470133 0.0569024 0.0652441 0.0710921 0.0740614 0.0742952 0.072232 0.0683945 0.0632869 0.0573562 0.0509698 0.0444061 0.0378657 0.0314989 0.0254362 0.0198121 0.0147713 0.0104534 0.00696032 0.00432268
 0.00780174 0.0127546 0.0193456 0.0275552 0.0371238 0.0473929 0.0572786 0.0655417 0.0712364 0.0740064 0.0740429 0.071832 0.0679256 0.0628304 0.0569735 0.0506921 0.0442373 0.0377927 0.0315008 0.0254897 0.0198936 0.0148583 0.0105281 0.00701326 0.00435311
 0.00773543 0.01265 0.0191951 0.0273572 0.036886 0.0471357 0.0570349 0.0653489 0.0711218 0.0739735 0.0740689 0.0718808 0.0679681 0.0628589 0.0570023 0.0507458 0.0443355 0.0379408 0.0316894 0.0256996 0.020102 0.0150448 0.0106788 0.00712235 0.0044233
 0.00776979 0.0126966 0.0192482 0.0274051 0.036914 0.0471312 0.0569923 0.0652726 0.0710255 0.073876 0.0739867 0.0718209 0.0679248 0.0628194 0.0569567 0.0506956 0.0442942 0.0379259 0.0317126 0.0257608 0.02019 0.0151425 0.0107695 0.00719501 0.00447402
 0.00768445 0.0125643 0.019061 0.0271601 0.0366134 0.0467833 0.0566132 0.0648876 0.0706687 0.0735862 0.0738 0.0717624 0.068001 0.0630148 0.0572377 0.0510215 0.0446295 0.0382483 0.0320125 0.0260352 0.0204358 0.0153542 0.0109408 0.00732298 0.00456099
 0.00775146 0.0126669 0.0192031 0.0273399 0.0368228 0.0470067 0.0568271 0.065062 0.0707717 0.0735923 0.0736998 0.0715677 0.0677436 0.0627378 0.0569822 0.050815 0.0444821 0.0381566 0.0319667 0.0260252 0.0204524 0.0153881 0.0109823 0.00736307 0.00459352
 0.00783882 0.0127905 0.0193551 0.0275015 0.03697 0.0471187 0.0568934 0.065083 0.0707544 0.0735442 0.0736247 0.0714659 0.0676158 0.0625898 0.056827 0.050671 0.0443667 0.0380802 0.0319309 0.026024 0.020476 0.015426 0.0110248 0.00740249 0.00462511
 0.00767628 0.0125629 0.0190795 0.0272147 0.036715 0.0469265 0.0567692 0.0650094 0.0707075 0.0735108 0.0736094 0.071484 0.06768 0.0627003 0.0569725 0.0508353 0.044537 0.0382498 0.0320966 0.026183 0.0206235 0.0155561 0.0111325 0.00748508 0.00468326
 0.00760111 0.0124302 0.0188632 0.0268908 0.0362758 0.0463965 0.0562139 0.0645219 0.070375 0.0733792 0.0736686 0.0716831 0.0679578 0.0630103 0.0572891 0.051147 0.0448372 0.0385326 0.0323567 0.0264159 0.0208259 0.0157252 0.0112666 0.00758469 0.0047517
 0.00762691 0.01246 0.0188845 0.0268818 0.0362079 0.0462417 0.0559548 0.064163 0.0699511 0.0729534 0.0733165 0.071467 0.0679042 0.0631047 0.0574893 0.0514052 0.0451152 0.038806 0.032612 0.0266454 0.0210248 0.0158902 0.0113965 0.00768059 0.00481733
 0.00765823 0.0125086 0.0189525 0.0269672 0.0363025 0.0463282 0.056006 0.0641464 0.0698383 0.0727344 0.0730101 0.0711214 0.0675842 0.0628698 0.0573742 0.0514111 0.0452168 0.0389667 0.0327972 0.0268299 0.0211928 0.016033 0.0115101 0.007765 0.00487533
 0.00763196 0.0124666 0.0188909 0.0268836 0.036197 0.0462047 0.0558721 0.0640114 0.0697089 0.0726108 0.0728872 0.0709951 0.0674598 0.0627662 0.0573191 0.0514294 0.045318 0.0391402 0.033017 0.0270645 0.0214148 0.016224 0.0116614 0.00787558 0.00494981
 0.00756492 0.0123623 0.0187426 0.0266891 0.0359588 0.0459316 0.0555807 0.0637254 0.0694558 0.0724154 0.072765 0.0709483 0.0674792 0.0628378 0.0574319 0.0515797 0.0455079 0.0393698 0.033278 0.0273386 0.0216784 0.0164558 0.0118479 0.00801287 0.00504219
 0.00767463 0.0125177 0.018934 0.0268924 0.0361423 0.0460661 0.0556477 0.0637193 0.0693815 0.0722837 0.07259 0.0707465 0.0672682 0.0626342 0.0572502 0.0514318 0.0454037 0.0393165 0.0332778 0.0273856 0.0217587 0.0165508 0.0119396 0.0080891 0.0050979
 0.0077575 0.0126513 0.0191315 0.0271613 0.0364777 0.0464441 0.056022 0.0640288 0.0695684 0.0723147 0.0724671 0.070502 0.0669494 0.062287 0.0569105 0.0511241 0.0451436 0.0391136 0.0331363 0.0273039 0.0217284 0.0165579 0.0119676 0.0081232 0.00512822
 0.00765314 0.0125051 0.0189554 0.026982 0.0363312 0.0463636 0.0560277 0.064121 0.0697269 0.0725035 0.072644 0.0706315 0.067013 0.0622874 0.0568661 0.0510595 0.0450812 0.039069 0.0331181 0.0273143 0.0217637 0.0166097 0.0120252 0.00817671 0.00517095
 0.00753419 0.0123259 0.0187131 0.0266868 0.0360071 0.0460478 0.0557671 0.0639644 0.0697104 0.0726355 0.072898 0.0709529 0.0673376 0.0625622 0.0570627 0.0511767 0.045137 0.0390897 0.0331278 0.0273293 0.021791 0.0166484 0.0120694 0.00821913 0.00520598
 0.0074835 0.0122379 0.0185712 0.0264745 0.0357146 0.0456817 0.055358 0.0635661 0.0693884 0.0724481 0.0728788 0.0711011 0.0676189 0.0629195 0.0574333 0.0515094 0.0454035 0.039286 0.0332667 0.0274302 0.0218706 0.0167163 0.0121287 0.00826876 0.00524422
 0.00747087 0.0122174 0.0185399 0.0264278 0.0356452 0.0455796 0.0552124 0.0633712 0.0691512 0.0721939 0.0726495 0.0709439 0.06757 0.0629899 0.0576048 0.0517417 0.0456498 0.0395085 0.0334457 0.0275635 0.0219671 0.0167874 0.0121829 0.00831054 0.00527527
 0.00748522 0.0122269 0.0185288 0.0263739 0.0355267 0.0453845 0.0549467 0.0630584 0.0688244 0.0718861 0.072388 0.0707515 0.0674674 0.0629938 0.057721 0.0519584 0.0459366 0.0398237 0.0337493 0.0278272 0.0221784 0.0169469 0.0122979 0.00839022 0.00532799
 0.00749757 0.0122521 0.0185751 0.0264486 0.0356307 0.0455051 0.0550548 0.0631144 0.0687933 0.0717535 0.0721674 0.0704792 0.0671897 0.0627545 0.0575537 0.0518818 0.0459522 0.0399159 0.0338899 0.0279843 0.0223255 0.0170685 0.0123893 0.00845374 0.00536934
 0.00756886 0.0123578 0.0187154 0.0266182 0.0358209 0.0457072 0.0552604 0.0633116 0.068962 0.0718639 0.0721876 0.0703883 0.0669895 0.0624731 0.0572375 0.0515814 0.0457082 0.0397498 0.0338023 0.0279597 0.0223407 0.0171011 0.0124236 0.00848184 0.00538913
 0.00759072 0.0123935 0.018769 0.0266925 0.0359155 0.0458169 0.0553747 0.0634173 0.0690475 0.071923 0.0722181 0.0703871 0.06695 0.0623883 0.0571077 0.0514203 0.0455414 0.0396058 0.0337019 0.0279093 0.0223329 0.0171203 0.0124536 0.00851101 0.00541172
 0.0076452 0.0124791 0.0188923 0.0268571 0.036121 0.0460574 0.0556363 0.0636782 0.0692803 0.0721005 0.0723197 0.0704033 0.0668824 0.0622463 0.0569054 0.0511748 0.0452735 0.0393404 0.0334639 0.0277176 0.0221953 0.0170332 0.0124055 0.00848827 0.00540285
 0.00770262 0.0125588 0.0189873 0.0269532 0.0362016 0.046111 0.0556625 0.0636873 0.0692881 0.07212 0.0723553 0.070449 0.0669248 0.0622698 0.0568972 0.0511287 0.0451917 0.039233 0.0333468 0.0276083 0.0221074 0.0169729 0.0123711 0.00847292 0.00539856
 0.00765197 0.0124999 0.0189408 0.02695 0.036271 0.0462642 0.0558812 0.0639277 0.0694992 0.0722655 0.0724261 0.0704589 0.0668967 0.0622218 0.0568366 0.0510543 0.0451 0.0391239 0.0332266 0.0274883 0.0220002 0.0168878 0.0123116 0.00843642 0.00537916
 0.00728716 0.0119179 0.0180895 0.0257988 0.0348295 0.0446036 0.0541473 0.062326 0.0682455 0.0715227 0.0722606 0.0708389 0.067721 0.0633582 0.0581506 0.0524252 0.0464291 0.0403388 0.0342821 0.0283644 0.0226968 0.0174182 0.0126968 0.00870138 0.00554997
 0.00709711 0.0115991 0.0175917 0.0250698 0.0338275 0.0433177 0.0526203 0.0606663 0.0666186 0.0701225 0.071269 0.0703844 0.0678501 0.0640289 0.0592499 0.0538019 0.0479273 0.0418226 0.0356486 0.0295474 0.0236644 0.0181666 0.0132431 0.00907579 0.00578931
 0.00696892 0.0113849 0.0172579 0.0245794 0.0331449 0.0424188 0.0515047 0.0593675 0.0652089 0.0687118 0.0699963 0.0694014 0.0672945 0.0639912 0.059747 0.0547698 0.0492365 0.0433109 0.0371558 0.0309426 0.0248602 0.019121 0.0139532 0.00956727 0.00610434
 0.00693511 0.0113287 0.0171699 0.0244472 0.0329519 0.0421433 0.0511211 0.0588511 0.0645435 0.0679002 0.069073 0.0684402 0.0664067 0.0633095 0.0593951 0.0548264 0.0497089 0.0441295 0.0381945 0.0320537 0.0259106 0.0200174 0.0146505 0.0100638 0.00642796
 0.00699687 0.011424 0.0173033 0.0246179 0.0331518 0.0423546 0.0513138 0.0589823 0.0645609 0.0677519 0.0687208 0.0678753 0.0656634 0.0624706 0.0585833 0.0541788 0.0493401 0.0440965 0.0384791 0.0325717 0.0265425 0.0206461 0.0151912 0.0104752 0.00670807
 0.00703729 0.0115047 0.0174517 0.0248663 0.0335269 0.0428615 0.0519222 0.0596248 0.065146 0.0681846 0.0689217 0.0677935 0.0652842 0.0618223 0.057741 0.0532589 0.0484803 0.0434233 0.0380727 0.0324448 0.0266431 0.0208841 0.0154725 0.01073 0.00690144
 0.00700465 0.0114689 0.0174307 0.0248903 0.0336338 0.043087 0.0522887 0.0601302 0.0657566 0.0688337 0.0695171 0.0682349 0.0654858 0.0617346 0.0573642 0.0526474 0.0477348 0.0426696 0.037431 0.0319967 0.0264121 0.0208373 0.0155436 0.0108491 0.00701732
 0.00699445 0.011449 0.0173959 0.0248371 0.0335658 0.0430216 0.0522597 0.0601829 0.0659327 0.0691523 0.0699597 0.068742 0.0659686 0.0620959 0.0575254 0.0525714 0.0474387 0.0422228 0.0369345 0.0315524 0.026091 0.0206622 0.0154927 0.0108761 0.00707508
 0.00702317 0.0114839 0.0174264 0.024846 0.0335336 0.0429345 0.0521183 0.0600072 0.0657619 0.0690378 0.0699515 0.0688711 0.0662301 0.0624433 0.0578797 0.0528459 0.047569 0.0421896 0.0367695 0.0313228 0.025871 0.0205046 0.0154148 0.010864 0.00710014
 0.00710588 0.0116106 0.0176015 0.0250661 0.033785 0.0431924 0.0523477 0.0601687 0.0658239 0.068991 0.0698171 0.0686968 0.066073 0.0623474 0.057857 0.0528708 0.0475907 0.0421571 0.036657 0.0311413 0.0256606 0.0203128 0.0152744 0.0107834 0.00706766
 0.00730059 0.0119146 0.0180347 0.0256361 0.0344829 0.0439875 0.053183 0.0609623 0.0664814 0.0694272 0.0699782 0.0685749 0.0657078 0.0618139 0.0572425 0.0522492 0.0470041 0.0416141 0.0361478 0.0306586 0.0252131 0.019923 0.0149654 0.0105651 0.00693192
 0.00732875 0.0119757 0.0181548 0.0258478 0.0348165 0.0444569 0.0537733 0.0616267 0.0671505 0.070024 0.0704332 0.0688364 0.0657496 0.0616402 0.0568888 0.0517732 0.0464695 0.0410735 0.0356332 0.0301852 0.0247895 0.0195594 0.0146731 0.0103501 0.00678995
 0.00713951 0.0116977 0.0177931 0.0254303 0.0343914 0.0440853 0.05352 0.061549 0.0672839 0.0703684 0.0709469 0.069443 0.0663574 0.062165 0.0572722 0.0519926 0.0465364 0.0410223 0.0355061 0.0300195 0.0246129 0.0193915 0.014528 0.0102367 0.0067109
 0.0070247 0.0114996 0.0174759 0.0249597 0.0337504 0.0432947 0.0526534 0.0607283 0.0666491 0.0700352 0.0709722 0.0698129 0.0669972 0.0629632 0.0581086 0.0527639 0.0471739 0.0414979 0.0358263 0.030212 0.0247127 0.0194311 0.0145333 0.0102266 0.00669735
 0.00708475 0.0115659 0.0175169 0.0249241 0.0335774 0.042934 0.0520858 0.0599804 0.0657974 0.0691967 0.070282 0.0693916 0.0669165 0.0632251 0.058647 0.0534679 0.0479217 0.0421879 0.0363952 0.0306375 0.0250039 0.0196142 0.0146391 0.0102826 0.00672437
 0.00720114 0.0117604 0.0178163 0.0253481 0.0341242 0.0435618 0.0527032 0.0604585 0.0660078 0.0690614 0.0698083 0.0686746 0.0661086 0.062486 0.0580964 0.0531558 0.0478271 0.0422411 0.0365125 0.030751 0.0250768 0.0196396 0.0146292 0.0102554 0.00669475
 0.00724741 0.011857 0.0180011 0.0256696 0.0346288 0.044273 0.0535995 0.0614616 0.0669878 0.0698609 0.0702805 0.0687254 0.0657298 0.0617626 0.0571802 0.0522154 0.0469957 0.0415862 0.0360361 0.0304141 0.0248305 0.0194475 0.0144737 0.0101321 0.00660357
#obs surv len freq
 nan nan nan nan nan nan nan nan nan nan nan nan nan nan nan nan nan nan nan nan nan nan nan nan nan
 0.00448031 0.00733968 0.0111679 0.015983 0.0216835 0.0279596 0.0342749 0.0400076 0.0446888 0.0481543 0.0505138 0.0520111 0.0529048 0.0534184 0.0537336 0.0539892 0.0542683 0.0545614 0.0547004 0.0542924 0.0527303 0.0493621 0.0438112 0.0362904 0.027673
 0.00461308 0.00755673 0.0114964 0.0164483 0.0223025 0.0287319 0.0351731 0.0409746 0.0456454 0.0490144 0.0512009 0.0524696 0.0531056 0.05336 0.0534377 0.0534928 0.0536148 0.0537936 0.0538574 0.0534111 0.0518495 0.0485247 0.043062 0.0356672 0.0271967
 0.00478778 0.00784061 0.0119234 0.0170499 0.0231017 0.0297334 0.0363529 0.042275 0.0469804 0.0502835 0.0523037 0.0533182 0.0536333 0.053528 0.0532383 0.052948 0.0527698 0.0527077 0.052597 0.0520467 0.0504567 0.0471846 0.0418549 0.0346594 0.0264251
 0.00497365 0.00814854 0.0123975 0.0177344 0.0240319 0.0309215 0.037773 0.0438593 0.0486284 0.0518812 0.0537404 0.0544957 0.05447 0.0539613 0.0532295 0.0524867 0.0518765 0.0514326 0.0510161 0.0502581 0.0485765 0.0453414 0.0401759 0.0332487 0.0253411
 0.00518915 0.00849851 0.0129239 0.0184773 0.0250235 0.0321753 0.039272 0.0455486 0.0504194 0.0536643 0.0554 0.0559214 0.0555645 0.0546445 0.0534417 0.0521911 0.0510639 0.0501272 0.0492807 0.0481973 0.0463348 0.0430911 0.0380936 0.0314815 0.0239747
 0.00540821 0.00885942 0.0134758 0.0192688 0.0260926 0.0335346 0.0408942 0.0473624 0.0523218 0.0555415 0.057144 0.057437 0.0567667 0.055457 0.0537963 0.0520325 0.0503563 0.0488649 0.0475013 0.0459935 0.0438593 0.0405452 0.0356959 0.0294216 0.0223688
 0.00564917 0.00925204 0.0140687 0.0201083 0.0272152 0.0349536 0.0425854 0.0492575 0.0543163 0.0575133 0.0589734 0.0590191 0.0580165 0.0563069 0.0541904 0.0519219 0.0496998 0.0476392 0.0457194 0.0437271 0.0412529 0.0378109 0.0330792 0.0271455 0.0205781
 0.00588615 0.00964221 0.0146649 0.0209626 0.0283685 0.0364196 0.0443339 0.0512102 0.056359 0.0595188 0.0608222 0.0606097 0.0592672 0.0571533 0.0545818 0.0518161 0.0490607 0.0464416 0.0439651 0.04147 0.0386218 0.0350124 0.0303668 0.0247604 0.0186851
 0.00612795 0.0100369 0.0152622 0.0218104 0.0295045 0.0378575 0.0460485 0.0531308 0.0583776 0.0615095 0.0626611 0.0621891 0.0605014 0.057979 0.0549536 0.0516998 0.0484283 0.0452727 0.0422598 0.0392729 0.0360475 0.0322537 0.0276708 0.0223704 0.0167742
 0.00638902 0.0104653 0.015914 0.0227394 0.0307507 0.0394293 0.0479057 0.0551802 0.0604884 0.0635401 0.0644836 0.0637016 0.0616297 0.0586726 0.0551808 0.051441 0.0476703 0.0440079 0.040496 0.0370543 0.0334799 0.0295165 0.0249976 0.0199962 0.01487
 0.00662504 0.0108537 0.0165074 0.0235899 0.0319 0.0408923 0.0496536 0.0571336 0.0625266 0.0655241 0.066279 0.0651949 0.0627367 0.0593393 0.0553784 0.0511582 0.0469053 0.0427651 0.0387928 0.0349379 0.0310501 0.0269375 0.0224827 0.0177614 0.0130743
 0.00681742 0.0111708 0.0169927 0.0242875 0.0328466 0.0421048 0.051115 0.0587868 0.0642813 0.067271 0.0679061 0.0665984 0.0638278 0.0600497 0.0556625 0.0509917 0.046281 0.0416893 0.0372877 0.0330538 0.0288819 0.0246343 0.0202351 0.0157618 0.0114649
 0.00703751 0.0115282 0.0175297 0.0250427 0.033847 0.0433536 0.0525799 0.0603964 0.0659355 0.0688615 0.0693335 0.0677816 0.0647052 0.0605764 0.0558081 0.050738 0.0456211 0.040629 0.0358494 0.031287 0.0268761 0.022525 0.0181916 0.0139527 0.0100132
 0.00728631 0.0119329 0.0181387 0.0258991 0.0349782 0.0447558 0.0542031 0.062142 0.067673 0.0704564 0.0706737 0.0687904 0.0653412 0.0608267 0.0556779 0.0502412 0.0447743 0.039451 0.0343676 0.0295491 0.0249628 0.0205557 0.0163126 0.0123072 0.00870295
 0.00743895 0.0121937 0.0185544 0.0265206 0.0358492 0.0458944 0.0555839 0.0636901 0.0692749 0.071983 0.0720036 0.0698269 0.0660209 0.0611206 0.0555867 0.0497864 0.0439873 0.0383666 0.0330246 0.0279985 0.0232789 0.0188415 0.0146914 0.010897 0.00758584
 0.00749767 0.0122916 0.0187076 0.0267496 0.0361789 0.0463525 0.0561957 0.0644686 0.0702104 0.0730346 0.0730983 0.0708688 0.066909 0.0617673 0.0559316 0.0498011 0.0436719 0.0377427 0.0321302 0.0268868 0.0220224 0.0175336 0.0134384 0.00979888 0.00671194
 0.00758666 0.0124228 0.0188806 0.0269565 0.0364091 0.0465996 0.0564627 0.0647703 0.0705691 0.0734723 0.0736257 0.0714736 0.0675492 0.0623744 0.0564239 0.050102 0.0437264 0.0375261 0.0316497 0.0261791 0.0211506 0.0165818 0.0125014 0.00896461 0.00604169
 0.007671 0.0125563 0.0190737 0.0272143 0.0367274 0.0469616 0.0568382 0.0651214 0.0708641 0.0737003 0.0738026 0.0716344 0.0677286 0.0625864 0.0566507 0.0502959 0.0438247 0.0374709 0.0314058 0.0257452 0.0205607 0.0158996 0.0118062 0.00833248 0.00552745
 0.00769963 0.012601 0.0191379 0.0273004 0.0368373 0.0470962 0.0569964 0.065298 0.0710486 0.0738783 0.0739616 0.0717702 0.067849 0.0627079 0.0567862 0.0504418 0.0439544 0.0375402 0.0313684 0.0255716 0.020252 0.0154898 0.0113526 0.00789821 0.00516215
 0.00775437 0.0126826 0.0192469 0.0274324 0.0369842 0.0472488 0.0571459 0.0654373 0.0711726 0.0739839 0.0740472 0.071835 0.0678939 0.0627371 0.056807 0.0504613 0.0439721 0.037542 0.0313286 0.025463 0.0200605 0.0152247 0.0110461 0.0075937 0.00489876
 0.00779551 0.0127462 0.019336 0.027547 0.0371201 0.0473972 0.0572939 0.0655696 0.0712755 0.0740504 0.0740787 0.0718399 0.067883 0.0627193 0.0567882 0.0504442 0.0439559 0.037521 0.0312903 0.0253911 0.0199421 0.015059 0.0108482 0.00739034 0.00471742
 0.00784422 0.012817 0.0194272 0.0276516 0.0372283 0.0474993 0.057383 0.0656416 0.0713285 0.0740831 0.0740909 0.0718332 0.0678619 0.0626902 0.0567576 0.0504168 0.0439328 0.0374989 0.0312617 0.0253454 0.01987 0.0149573 0.0107239 0.00725884 0.0045968
 0.00788923 0.0128907 0.0195382 0.0278065 0.0374279 0.0477344 0.0576317 0.0658724 0.0715088 0.0741899 0.0741172 0.0717875 0.0677617 0.0625555 0.0566068 0.0502646 0.0437893 0.0373689 0.0311447 0.0252365 0.0197627 0.0148473 0.0106122 0.00715188 0.00450351
 0.0078811 0.0128796 0.0195258 0.0277966 0.0374266 0.0477496 0.0576714 0.0659414 0.0716051 0.074303 0.0742295 0.07188 0.0678204 0.0625761 0.0565937 0.0502276 0.043739 0.0373137 0.031089 0.0251807 0.0197047 0.0147854 0.010547 0.00708744 0.00444568
 0.00787463 0.0128622 0.0194877 0.0277254 0.0373126 0.0475925 0.0574853 0.0657547 0.0714529 0.074216 0.0742237 0.0719529 0.0679533 0.0627411 0.0567634 0.0503814 0.0438664 0.0374123 0.0311607 0.0252285 0.0197311 0.0147926 0.0105384 0.00706823 0.00442216
 0.00786886 0.0128493 0.0194614 0.027677 0.0372321 0.0474711 0.0573198 0.0655509 0.0712285 0.0739996 0.0740504 0.0718547 0.0679488 0.0628296 0.0569251 0.0505855 0.0440809 0.0376118 0.03133 0.0253614 0.0198274 0.0148557 0.0105737 0.00708286 0.00442362
 0.00789115 0.0128802 0.0194977 0.0277117 0.0372553 0.047472 0.0572885 0.0654806 0.0711169 0.0738515 0.0738795 0.0716836 0.0678057 0.0627406 0.056906 0.0506361 0.0441859 0.0377469 0.03147 0.025487 0.0199274 0.0149269 0.0106186 0.00710681 0.00443336
 0.00787317 0.0128535 0.0194621 0.0276684 0.0372055 0.0474163 0.0572257 0.0654085 0.0710338 0.0737577 0.073779 0.071584 0.0677186 0.06268 0.056886 0.0506664 0.0442673 0.0378696 0.0316156 0.0256343 0.0200585 0.0150309 0.0106923 0.00715349 0.00445939
 0.0078688 0.0128426 0.0194389 0.0276257 0.0371378 0.0473225 0.0571124 0.0652883 0.0709212 0.0736636 0.0737077 0.0715342 0.0676871 0.0626658 0.0568918 0.0506978 0.0443295 0.037963 0.0317337 0.025764 0.0201842 0.0151392 0.0107755 0.00721056 0.00449424
 0.00783968 0.0127965 0.0193716 0.0275342 0.03702 0.0471788 0.0569466 0.0651097 0.0707445 0.0735074 0.0735901 0.0714685 0.0676777 0.0627081 0.0569757 0.0508123 0.0444656 0.0381146 0.0318947 0.0259261 0.0203369 0.0152717 0.0108805 0.0072858 0.00454278
 0.00782221 0.0127648 0.019318 0.0274499 0.0368981 0.0470175 0.0567528 0.0648987 0.0705368 0.0733236 0.0734471 0.0713781 0.0676466 0.0627375 0.0570607 0.0509428 0.0446284 0.038296 0.0320823 0.0261092 0.0205055 0.0154171 0.0109966 0.0073707 0.00459912
 0.00778875 0.0127095 0.0192333 0.0273281 0.0367331 0.0468081 0.0565049 0.0646275 0.0702654 0.0730786 0.0732543 0.0712572 0.0676085 0.0627831 0.0571823 0.051126 0.0448551 0.0385466 0.0323382 0.0263538 0.0207254 0.0156027 0.0111427 0.00747698 0.00466994
 0.0077677 0.0126746 0.0191792 0.0272494 0.0366249 0.0466674 0.0563328 0.0644301 0.0700536 0.0728677 0.073062 0.0711024 0.0675083 0.0627503 0.0572221 0.0512351 0.0450223 0.0387549 0.0325675 0.0265841 0.0209392 0.0157869 0.0112897 0.00758509 0.00474274
 0.00772124 0.0126006 0.0190709 0.0271018 0.0364365 0.0464417 0.0560801 0.0641675 0.069802 0.0726477 0.07289 0.0709892 0.0674604 0.0627704 0.0573101 0.051387 0.045229 0.0390022 0.0328367 0.0268545 0.021191 0.0160044 0.0114634 0.00771287 0.0048288
 0.00771015 0.0125769 0.0190249 0.0270213 0.03631 0.0462637 0.0558555 0.0639124 0.0695403 0.072405 0.0726881 0.0708437 0.0673799 0.062758 0.0573644 0.0515032 0.0453995 0.0392157 0.033078 0.027105 0.0214312 0.016217 0.0116367 0.00784242 0.00491714
 0.007667 0.0125125 0.0189383 0.0269144 0.0361854 0.0461225 0.0556964 0.063734 0.0693451 0.072203 0.072497 0.0706851 0.0672737 0.0627171 0.0573933 0.0515989 0.0455534 0.0394152 0.0333078 0.0273473 0.0216671 0.0164291 0.0118122 0.00797526 0.00500875
 0.00764904 0.0124804 0.0188849 0.0268323 0.0360697 0.0459746 0.0555259 0.0635569 0.0691782 0.0720572 0.072376 0.0705884 0.0672022 0.0626768 0.0573931 0.0516467 0.0456518 0.0395602 0.0334888 0.0275489 0.0218714 0.0166185 0.0119728 0.00809954 0.00509601
 0.00764596 0.0124763 0.0188802 0.0268269 0.036062 0.0459601 0.0554975 0.0635071 0.0691031 0.0719591 0.0722637 0.0704737 0.0670962 0.0625878 0.057328 0.0516124 0.0456551 0.0396048 0.0335732 0.0276649 0.0220053 0.0167541 0.0120954 0.00819882 0.00516826
 0.00763461 0.0124607 0.0188621 0.0268098 0.03605 0.0459563 0.0555024 0.0635173 0.0691112 0.0719562 0.0722417 0.0704289 0.0670313 0.062511 0.057251 0.0515473 0.0456123 0.0395923 0.0335945 0.0277182 0.0220828 0.0168437 0.0121835 0.0082748 0.00522612
 0.00759272 0.0123959 0.0187711 0.0266925 0.0359106 0.0458041 0.0553518 0.063386 0.0690162 0.071908 0.0722408 0.070466 0.0670916 0.0625802 0.0573195 0.0516122 0.0456763 0.039661 0.0336729 0.0278082 0.0221817 0.0169444 0.0122772 0.00835347 0.00528543
 0.00756072 0.012344 0.0186934 0.0265842 0.0357697 0.0456336 0.0551621 0.0631948 0.0688457 0.0717796 0.0721697 0.0704578 0.0671415 0.062675 0.0574417 0.0517454 0.0458091 0.039788 0.033794 0.0279247 0.0222937 0.0170494 0.0123702 0.00842969 0.00534236
 0.00756326 0.0123428 0.0186817 0.0265524 0.0357075 0.0455342 0.0550254 0.0630295 0.0686673 0.071608 0.0720251 0.0703577 0.0670972 0.0626892 0.0575083 0.0518511 0.0459377 0.0399249 0.0339288 0.0280518 0.0224101 0.0171529 0.0124584 0.0085003 0.00539449
 0.00754706 0.012321 0.0186569 0.0265286 0.035688 0.0455175 0.0550041 0.0629918 0.0686027 0.0715133 0.0719079 0.0702348 0.0669895 0.0626157 0.0574808 0.0518721 0.0460009 0.040018 0.0340377 0.0281641 0.0225168 0.0172481 0.0125385 0.00856346 0.00544061
 0.00754992 0.0123261 0.0186655 0.0265427 0.0357098 0.0455493 0.0550466 0.0630421 0.0686528 0.0715496 0.0719153 0.0702025 0.0669169 0.0625146 0.0573714 0.0517762 0.0459344 0.0399876 0.0340409 0.0281924 0.0225598 0.0172961 0.0125844 0.00860247 0.00547056
 0.00751437 0.012273 0.0185943 0.0264562 0.0356142 0.0454528 0.0549589 0.0629736 0.0686125 0.0715427 0.07194 0.0702497 0.0669725 0.0625646 0.0574078 0.0518 0.045954 0.0400134 0.0340799 0.0282453 0.0226219 0.0173599 0.0126425 0.00865011 0.00550583
 0.0075199 0.0122761 0.0185884 0.0264322 0.0355638 0.045373 0.0548558 0.0628617 0.0685106 0.0714675 0.0719014 0.0702491 0.0670035 0.062616 0.0574668 0.051856 0.0460022 0.0400549 0.0341196 0.0282881 0.0226691 0.0174092 0.0126892 0.00868983 0.00553601
 0.00751715 0.0122729 0.0185854 0.02643 0.0355607 0.0453646 0.0548342 0.0628188 0.0684427 0.0713798 0.0718082 0.0701688 0.0669521 0.0626008 0.0574854 0.0518988 0.0460572 0.0401125 0.034175 0.0283403 0.0227187 0.0174559 0.0127315 0.00872532 0.00556308
 0.00749352 0.012238 0.0185397 0.0263763 0.035504 0.0453104 0.0547872 0.0627812 0.0684136 0.0713552 0.0717832 0.0701418 0.0669268 0.0625854 0.0574886 0.0519251 0.0461048 0.0401746 0.034243 0.0284073 0.0227805 0.0175104 0.0127774 0.00876178 0.00558997
 0.00750158 0.0122473 0.0185467 0.0263758 0.0354911 0.0452831 0.0547484 0.0627382 0.068375 0.0713267 0.0717655 0.0701307 0.0669166 0.0625727 0.0574751 0.0519161 0.0461062 0.0401897 0.0342709 0.0284437 0.02282 0.0175485 0.012811 0.00878906 0.00561034
 0.00750158 0.0122473 0.0185467 0.0263758 0.0354911 0.0452831 0.0547484 0.0627382 0.068375 0.0713267 0.0717655 0.0701307 0.0669166 0.0625727 0.0574751 0.0519161 0.0461062 0.0401897 0.0342709 0.0284437 0.02282 0.0175485 0.012811 0.00878906 0.00561034
 0.00713033 0.0116621 0.0177024 0.0252488 0.0340908 0.0436658 0.0530291 0.0610855 0.0669814 0.0703622 0.0713363 0.0702597 0.0675488 0.0635977 0.0587564 0.0533194 0.0475187 0.0415279 0.035479 0.0294881 0.0236837 0.0182285 0.0133168 0.00914176 0.00583879
 0.00708906 0.0115511 0.0174548 0.0247771 0.0333105 0.0425332 0.0515747 0.0594235 0.0652884 0.0688372 0.0701597 0.0695638 0.0673993 0.0639873 0.0596102 0.0545138 0.0489084 0.0429729 0.0368641 0.0307308 0.0247345 0.0190663 0.0139447 0.00958103 0.00612364
 0.00705295 0.0115001 0.0173888 0.0246911 0.0331838 0.042318 0.0511967 0.0588038 0.0643828 0.0676757 0.0688611 0.0683124 0.0663951 0.0633905 0.0595041 0.0548927 0.0496895 0.044024 0.0380369 0.0318905 0.0257788 0.0199332 0.0146106 0.0100541 0.00643312
 0.00700718 0.011432 0.0172983 0.0245833 0.033067 0.0422002 0.0510781 0.0586672 0.0641872 0.0673619 0.0683752 0.067642 0.0655976 0.0625931 0.0588683 0.0545597 0.0497337 0.0444337 0.0387259 0.0327313 0.0266404 0.0207111 0.0152421 0.010519 0.00674439
 0.00706934 0.0115329 0.0174495 0.024794 0.033341 0.042531 0.0514444 0.0590316 0.0644991 0.0675627 0.0684046 0.0674481 0.0651538 0.0619207 0.0580498 0.0537301 0.0490434 0.0439999 0.0385955 0.0328729 0.0269664 0.0211148 0.0156322 0.0108387 0.00697365
 0.00712623 0.0116373 0.0176281 0.0250775 0.0337551 0.0430824 0.0521091 0.0597523 0.0651958 0.0681496 0.0688057 0.0676055 0.0650317 0.0615103 0.0573792 0.0528725 0.0481143 0.0431345 0.0379116 0.0324353 0.026773 0.021109 0.0157337 0.0109744 0.00709585
 0.00714929 0.0116826 0.0177117 0.0252211 0.0339835 0.043418 0.0525634 0.0603181 0.0658417 0.0688193 0.0694236 0.0680886 0.0653052 0.0615225 0.0571116 0.0523472 0.0473962 0.0423247 0.0371277 0.031781 0.0263091 0.0208413 0.0156232 0.0109621 0.00712727
 0.00712183 0.0116416 0.0176574 0.0251584 0.0339237 0.0433801 0.0525742 0.060409 0.0660405 0.0691388 0.0698514 0.068582 0.0657957 0.0619283 0.0573572 0.0523825 0.0472122 0.0419593 0.0366575 0.0313002 0.0259004 0.0205526 0.0154595 0.0108961 0.00711945
 0.00712182 0.0116403 0.0176532 0.0251493 0.0339084 0.0433597 0.0525543 0.0604012 0.0660622 0.0692114 0.069994 0.0688036 0.066086 0.0622528 0.0576599 0.0525989 0.0472895 0.0418756 0.036432 0.0309882 0.0255736 0.0202731 0.0152613 0.0107813 0.00706815
 0.00713164 0.011657 0.0176795 0.0251877 0.0339597 0.0434217 0.052621 0.0604642 0.0661145 0.0692517 0.0700303 0.0688512 0.0661621 0.0623664 0.057803 0.0527435 0.0473932 0.0418977 0.0363518 0.0308159 0.0253473 0.020043 0.0150691 0.0106471 0.00699003
 0.00721103 0.0117796 0.0178519 0.0254109 0.0342287 0.0437247 0.0529384 0.0607688 0.0663753 0.0694402 0.0701282 0.0688559 0.0660871 0.0622376 0.0576494 0.0525851 0.047234 0.041726 0.0361505 0.0305773 0.0250824 0.0197789 0.0148373 0.0104693 0.00687142
 0.00722092 0.0118062 0.0179107 0.025522 0.0344102 0.0439835 0.0532628 0.061128 0.066727 0.0697428 0.0703495 0.0689776 0.0661058 0.0621629 0.0575012 0.0523891 0.0470133 0.0414947 0.0359128 0.0303325 0.0248338 0.0195389 0.014624 0.010299 0.0067509
 0.00718336 0.0117448 0.017819 0.0253969 0.0342568 0.0438196 0.0531205 0.0610475 0.0667426 0.0698673 0.0705671 0.0692497 0.0663846 0.0624066 0.0576836 0.0525015 0.0470606 0.0414887 0.0358657 0.0302538 0.0247319 0.0194242 0.01451 0.0101993 0.00667443
 0.00711319 0.0116264 0.0176334 0.0251253 0.0338866 0.0433541 0.0525876 0.0605021 0.0662585 0.0695205 0.0704157 0.0693178 0.0666559 0.0628301 0.0581894 0.0530201 0.0475384 0.041894 0.0361859 0.0304895 0.0248912 0.0195194 0.0145569 0.0102146 0.00667338
