SBPRF35
12.7214
Curr Bio
784817
B35
891161
F35
0.173138
FOFL
0.153724
OFL
100350
Bzero
3.63469e+06
#pred survey bio
 3.23733e+06 3.16829e+06 3.09963e+06 2.96645e+06 2.80713e+06 2.57896e+06 2.34839e+06 2.11068e+06 1.9037e+06 1.7097e+06 1.52383e+06 1.36554e+06 1.2106e+06 1.10792e+06 965476 844748 760991 704293 671180 628748 597137 578361 561032 555095 554475 538582 537594 526859 515876 518774 525397 522309 526044 540714 558077 576937 596101 608371 636021 644353 649726 656925 656583 660789 672767 682849 686418 687877 688486 700671 700151 737977 766995 768694 780417 782406 778858 789477 2.80294e+07 1.71265e+07 1.7699e+07 1.87465e+07 2.00805e+07 2.14913e+07 2.28304e+07 2.40145e+07 2.50118e+07 2.58236e+07 2.64686e+07 2.69726e+07 2.7362e+07 2.76607e+07 2.7889e+07 2.80633e+07 2.81963e+07 2.82982e+07 2.83764e+07 2.84367e+07 2.84834e+07 2.85197e+07 2.85481e+07 2.85704e+07 2.8588e+07 2.86019e+07 2.86129e+07 2.86217e+07 2.86288e+07 2.86344e+07 2.86389e+07 2.86426e+07 2.86456e+07 2.8648e+07 2.86499e+07 2.86515e+07 2.86528e+07 2.86538e+07 2.86547e+07 2.86554e+07 2.86559e+07 2.86564e+07 2.86568e+07 2.86571e+07 2.86574e+07 2.86576e+07 2.86577e+07 2.86579e+07 2.8658e+07 2.86581e+07 2.86581e+07 2.86582e+07 2.86583e+07 2.86583e+07 2.86583e+07 2.86584e+07 2.86584e+07 2.86584e+07 2.86584e+07 2.86584e+07 2.86584e+07 2.86585e+07 2.86585e+07 2.86585e+07 2.86585e+07 2.86585e+07 2.86585e+07 2.86585e+07 2.86585e+07 2.86585e+07 2.86585e+07 2.86585e+07 2.86585e+07 2.86585e+07 2.86585e+07 2.86585e+07 2.86585e+07 2.86585e+07 2.86585e+07 2.86585e+07 2.86585e+07 2.86585e+07 2.86585e+07 2.86585e+07 2.86585e+07 2.86585e+07 2.86585e+07 2.86585e+07 2.86585e+07 2.86585e+07 2.86585e+07 2.86585e+07 2.86585e+07 2.86585e+07 2.86585e+07 2.86585e+07 2.86585e+07 2.86585e+07 2.86585e+07 2.86585e+07 0 0 0 0 0 0 0 0 0 0 0 0 0 0 0 0 0 0 0 0 0 0 0 0 0
#obs survey bio
 2.65642e+06 2.94973e+06 3.61451e+06 2.19844e+06 3.25636e+06 2.46911e+06 1.86625e+06 2.11024e+06 1.81899e+06 1.96506e+06 1.54287e+06 1.29536e+06 1.48395e+06 1.05900e+06 654470 483315 854751 633741 626157 609016 462205 558878 597927 605481 404917 457824 895727 418948 543301 526697 469300 418990 547416 474833 478792 680824 623019 694588 642434 739362 564190 816344 536942 779331 842567 634907 574414 647314 743725 629172 740360 932452 730891 775475 911984 753915 711265 658254
#pred catch bio
 88875.8 91036.1 157280 191097 266556 282984 303831 289488 289689 292113 275113 276596 232841 266649 243113 206671 179761 156889 161050 146822 131938 127187 114543 108383 119125 104022 110253 108449 96124.5 93949.4 103350 98995 92159.3 92817.7 94185.9 95709.4 102174 89854.3 106423 107888 105665 111628 107683 101785 104329 110426 112300 112970 103828 115387 83594 92257.8 114916 105845 114737 120159 109837 111468 100350 113842 116578 122407 130631 139486 147833 155098 161085 165827 169473 172214 174237 175711 176773 177532 178070 178449 178716 178902 179032 179123 179186 179229 179259 179280 179295 179305 179311 179316 179319 179322 179323 179324 179325 179325 179326 179326 179326 179326 179326 179326 179326 179326 179326 179326 179326 179326 179326 179326 179326 179326 179326 179326 179326 179326 179326 179326 179326 179326 179326 179326 179326 179326 179326 179326 179326 179326 179326 179326 179326 179326 179326 179326 179326 179326 179326 179326 179326 179326 179326 179326 179326 179326 179326 179326 179326 179326 179326 179326 179326 179326 179326 179326 179326 179326 179326 179326 179326 179326 0 0 0 0 0 0 0 0 0 0 0 0 0 0 0 0 0 0 0 0 0 0 0 0 0
#obs catch bio
 0 90793.6 157938 191763 268362 284765 307465 292030 293404 294909 278432 282060 234447 270677 245798 210085 181152 158284 162996 148061 132789 128320 114770 107894 119851 103751 109343 108158 95755.4 93559.9 103284 99503.5 92871.5 93529.1 95268.2 96434 103084 89890.1 106695 107441 105385 111021 107513 101542 103970 110147 112210 112738 103303 115833 83305.4 91843.3 114798 105246 114282 119592 109531 111467
#pred cpue bio
 3.19433e+06 3.12611e+06 3.05713e+06 2.92346e+06 2.76425e+06 2.53666e+06 2.30666e+06 2.06975e+06 1.86342e+06 1.67018e+06 1.48515e+06 1.3276e+06 1.17401e+06 1.07229e+06 931843 812884 730550 675047 642786 601739 571354 553418 536969 531610 531224 515953 515376 505156 494427 497168 503463 500092 503354 517470 534275 552703 571683 584004 611359 619856 625323 632485 632149 636166 647899 657817 661286 662729 663331 675167 674647 712121 741234 743097 754367 756077 752220 762182 2.70632e+07 1.65422e+07 1.70013e+07 1.7929e+07 1.92266e+07 2.06301e+07 2.1968e+07 2.31519e+07 2.41492e+07 2.4961e+07 2.5606e+07 2.61099e+07 2.64993e+07 2.67981e+07 2.70264e+07 2.72006e+07 2.73337e+07 2.74356e+07 2.75138e+07 2.75741e+07 2.76208e+07 2.76571e+07 2.76855e+07 2.77077e+07 2.77253e+07 2.77392e+07 2.77503e+07 2.77591e+07 2.77661e+07 2.77718e+07 2.77763e+07 2.778e+07 2.77829e+07 2.77853e+07 2.77873e+07 2.77889e+07 2.77901e+07 2.77912e+07 2.7792e+07 2.77927e+07 2.77933e+07 2.77938e+07 2.77941e+07 2.77945e+07 2.77947e+07 2.77949e+07 2.77951e+07 2.77952e+07 2.77953e+07 2.77954e+07 2.77955e+07 2.77956e+07 2.77956e+07 2.77957e+07 2.77957e+07 2.77957e+07 2.77957e+07 2.77958e+07 2.77958e+07 2.77958e+07 2.77958e+07 2.77958e+07 2.77958e+07 2.77958e+07 2.77958e+07 2.77958e+07 2.77958e+07 2.77958e+07 2.77958e+07 2.77958e+07 2.77958e+07 2.77958e+07 2.77958e+07 2.77958e+07 2.77958e+07 2.77958e+07 2.77958e+07 2.77958e+07 2.77958e+07 2.77958e+07 2.77958e+07 2.77958e+07 2.77958e+07 2.77958e+07 2.77958e+07 2.77958e+07 2.77958e+07 2.77958e+07 2.77958e+07 2.77958e+07 2.77958e+07 2.77958e+07 2.77958e+07 2.77958e+07 2.77958e+07 2.77958e+07 2.77958e+07 2.77958e+07 2.77958e+07 2.77958e+07 0 0 0 0 0 0 0 0 0 0 0 0 0 0 0 0 0 0 0 0 0 0 0 0 0
#obs cpue bio
 3.07028e+06 2.13699e+06 3.15944e+06 2.15208e+06 2.99909e+06 2.16638e+06 1.77862e+06 2.27561e+06 1.30858e+06 1.86624e+06 999622 854465 1.33489e+06 871764 1.3549e+06 822758 838314 551611 583295 614792 687371 470750 655632 712302 444252 840308 539566 489032 492454 517723 508827 383033 329411 537237 399055 534403 520494 666084 672301 874861 629844 737062 582119 564979 607996 707858 694608 841970 712285 527943 711072 821622 740625 900522 655760 940798 637087 769092
#pred surv len freq
 0.00441572 0.00722851 0.0109917 0.0157278 0.0213516 0.0275847 0.0339304 0.0397993 0.0447299 0.048536 0.0512871 0.0531858 0.0544542 0.0552744 0.0557656 0.0559812 0.0559211 0.0555425 0.0547439 0.053315 0.0509004 0.0470675 0.0415238 0.0343936 0.0263482
 0.00473512 0.00765766 0.0114748 0.0161668 0.0216458 0.0276855 0.0338754 0.0396944 0.0446847 0.0485932 0.0513938 0.0532248 0.0543139 0.0549137 0.0552413 0.055428 0.0554952 0.0553553 0.0548121 0.0535523 0.0511581 0.0472054 0.0414726 0.034175 0.0260453
 0.00481266 0.00784142 0.0118507 0.0168316 0.0226602 0.0290154 0.0353605 0.0410846 0.0457391 0.0491827 0.0515361 0.0530308 0.0538961 0.0543294 0.0545034 0.0545575 0.0545595 0.0544592 0.054049 0.0529544 0.0506841 0.0467745 0.0410207 0.0336926 0.0255737
 0.00494702 0.00804856 0.0121469 0.0172385 0.0232167 0.0297837 0.0364108 0.0424503 0.0473612 0.0508835 0.0530563 0.054122 0.0544128 0.0542611 0.0539386 0.0536215 0.0533767 0.0531468 0.0527165 0.0516898 0.0495351 0.0457476 0.0401047 0.0328868 0.0248966
 0.00510549 0.00830816 0.0125404 0.0177956 0.0239569 0.0307089 0.0375017 0.0436751 0.0486879 0.0522811 0.0544729 0.0554539 0.0554987 0.0549228 0.0540466 0.0531434 0.05238 0.0517647 0.0511061 0.0499996 0.0478859 0.0442254 0.0387648 0.0317638 0.0240103
 0.00534006 0.00868935 0.0131139 0.0186042 0.0250323 0.0320586 0.0390947 0.0454355 0.0505063 0.0540391 0.0560675 0.0568074 0.0565477 0.0555964 0.0542579 0.0528079 0.0514552 0.0502826 0.0491789 0.0477959 0.0455945 0.0420233 0.0367958 0.0301259 0.022749
 0.00556543 0.00905962 0.0136787 0.0194132 0.0261267 0.0334568 0.0407766 0.0473344 0.0525151 0.0560273 0.0579022 0.0583705 0.0577462 0.0563635 0.0545431 0.0525655 0.0506457 0.0488937 0.0472554 0.0454583 0.0430313 0.039458 0.034442 0.0281454 0.0212251
 0.00584755 0.00951148 0.0143468 0.0203381 0.0273381 0.0349642 0.0425578 0.0493276 0.0546214 0.0581238 0.059857 0.0600573 0.0590557 0.0572105 0.054868 0.0523297 0.049825 0.0474816 0.0452808 0.0430113 0.0402787 0.0366303 0.0317897 0.0258795 0.0194681
 0.00608922 0.00990765 0.0149491 0.0211965 0.0284913 0.0364249 0.0442971 0.0512714 0.0566621 0.0601415 0.0617372 0.0616981 0.060367 0.0581127 0.0552928 0.0522221 0.0491458 0.0462131 0.0434403 0.040672 0.0375883 0.0338089 0.029094 0.0235415 0.0176355
 0.00637403 0.0103615 0.0156159 0.0221127 0.029682 0.0378958 0.0460239 0.0531915 0.0586779 0.0621332 0.063581 0.063282 0.0616008 0.05893 0.0556453 0.0520721 0.048462 0.0449755 0.0416554 0.0383974 0.0349539 0.0310202 0.0264019 0.0211833 0.015771
 0.00665313 0.0108201 0.0163142 0.0231082 0.0310157 0.0395725 0.0479938 0.055347 0.0608729 0.0642152 0.065418 0.0647741 0.0626793 0.0595514 0.0557852 0.0517172 0.0476042 0.0436116 0.0397982 0.036098 0.0323271 0.0282527 0.0237292 0.0188349 0.0139064
 0.00680427 0.0110855 0.0167508 0.0237833 0.0319945 0.0408964 0.0496573 0.0572851 0.0629663 0.0663104 0.0673537 0.0664059 0.0638983 0.0602918 0.0560194 0.0514436 0.0468334 0.0423594 0.038091 0.0339903 0.0299239 0.0257202 0.0212783 0.0166737 0.0121832
 0.00705958 0.0114862 0.0173287 0.0245626 0.0329929 0.042125 0.0511139 0.0589435 0.0647668 0.0681568 0.0691198 0.0679524 0.0650955 0.0610407 0.0562641 0.0511695 0.0460561 0.0411123 0.036421 0.0319657 0.0276505 0.0233512 0.0190015 0.0146733 0.0105903
 0.00712019 0.0116038 0.0175406 0.0249143 0.0335272 0.042865 0.0520504 0.0600363 0.0659599 0.069396 0.070359 0.0691436 0.0661746 0.0619231 0.0568557 0.0513871 0.0458451 0.040455 0.0353376 0.0305146 0.0259311 0.0215036 0.0171927 0.013065 0.00929856
 0.00741763 0.0120778 0.0182365 0.0258679 0.0347585 0.0443671 0.0537751 0.061886 0.0677948 0.0710591 0.0717095 0.0700869 0.0666757 0.0619989 0.0565492 0.0507399 0.0448838 0.039195 0.033799 0.0287415 0.0240043 0.019543 0.0153418 0.0114597 0.00803137
 0.00763642 0.0124449 0.0188093 0.0267049 0.0359043 0.0458299 0.0555065 0.0637763 0.0696914 0.0727982 0.0731452 0.0711093 0.0672204 0.0620507 0.0561386 0.0499297 0.0437478 0.0378002 0.0322015 0.0269969 0.0221839 0.0177431 0.0136764 0.0100357 0.00691873
 0.00779705 0.0126927 0.019159 0.0271667 0.036488 0.0465498 0.0563789 0.0648079 0.0708624 0.07405 0.0743806 0.0722082 0.0680651 0.0625503 0.0562448 0.0496392 0.0430949 0.0368432 0.0310094 0.0256432 0.0207489 0.0163174 0.0123563 0.00890776 0.00603822
 0.0078997 0.0128542 0.0193917 0.0274771 0.0368758 0.0470061 0.0568872 0.0653496 0.0714258 0.0746352 0.0749931 0.0728419 0.0686855 0.0630908 0.0566217 0.0497768 0.0429473 0.0364044 0.0303109 0.0247449 0.0197298 0.015267 0.0113648 0.00805204 0.0053667
 0.00778106 0.012689 0.0191945 0.0272796 0.0367186 0.0469261 0.0569067 0.0654738 0.0716481 0.0749453 0.075384 0.0733092 0.0692204 0.063669 0.0571945 0.0502738 0.0432916 0.0365342 0.0301982 0.0244033 0.0192103 0.0146462 0.0107279 0.00747463 0.00489982
 0.00781916 0.0127383 0.0192468 0.0273229 0.0367452 0.0469422 0.0569367 0.0655526 0.071804 0.0751832 0.075681 0.073627 0.0695241 0.0639395 0.0574258 0.0504597 0.0434131 0.0365596 0.0300954 0.024157 0.018835 0.0141857 0.0102437 0.00702786 0.00453459
 0.00789481 0.0128459 0.0193796 0.0274632 0.0368675 0.0470198 0.0569503 0.0654986 0.0716996 0.0750658 0.0755976 0.0736165 0.0696021 0.064094 0.0576261 0.0506693 0.0435975 0.0366876 0.0301394 0.024098 0.0186712 0.0139378 0.00995185 0.00673883 0.00428695
 0.00782158 0.0127436 0.0192561 0.0273345 0.036751 0.0469249 0.0568722 0.065421 0.0716062 0.0749537 0.0754848 0.0735386 0.0695987 0.0641916 0.0578264 0.0509473 0.0439103 0.0369865 0.0303804 0.0242502 0.0187215 0.0138943 0.00984072 0.0065964 0.00414766
 0.00785935 0.0127815 0.0192708 0.0272935 0.036625 0.0467056 0.0565835 0.0651142 0.0713382 0.074763 0.0753807 0.0735089 0.0696276 0.0642733 0.0579643 0.0511441 0.0441565 0.0372563 0.0306378 0.0244592 0.0188576 0.0139507 0.00982943 0.00654184 0.00407712
 0.00793478 0.0128813 0.0193774 0.0273733 0.0366335 0.0465988 0.0563326 0.0647183 0.0708329 0.0742184 0.0748858 0.0731454 0.0694445 0.0642769 0.0581274 0.0514235 0.0445079 0.037639 0.0310137 0.0247932 0.0191222 0.0141322 0.0099308 0.00658022 0.00407627
 0.00780076 0.0126991 0.0191679 0.0271742 0.0364839 0.0465168 0.0563001 0.0646849 0.0707398 0.0740292 0.0746075 0.072829 0.0691657 0.0641075 0.0581107 0.0515645 0.0447781 0.0379911 0.031396 0.0251592 0.019436 0.0143726 0.0100928 0.00667347 0.00411933
 0.00779438 0.012684 0.0191384 0.027127 0.0364251 0.0464677 0.0562958 0.0647598 0.0709033 0.0742474 0.0748081 0.0729319 0.0691234 0.0639287 0.0578546 0.0513105 0.044592 0.0379047 0.031405 0.0252353 0.0195423 0.0144766 0.0101741 0.00672504 0.00414484
 0.00778491 0.0126482 0.0190472 0.0269421 0.0361105 0.0460085 0.0557154 0.0641254 0.0703138 0.0738061 0.0745896 0.0729564 0.0693511 0.0642801 0.0582458 0.0516857 0.0449341 0.038223 0.0317132 0.0255352 0.0198218 0.0147175 0.0103621 0.00685637 0.00422613
 0.0079006 0.012826 0.0192937 0.0272511 0.0364582 0.0463501 0.0559868 0.0642563 0.0702518 0.0735432 0.0741731 0.0724755 0.0689029 0.0639339 0.0580247 0.0515728 0.044895 0.0382284 0.0317479 0.0255938 0.0198988 0.0148025 0.0104419 0.00692051 0.00427035
 0.00803075 0.0130282 0.01958 0.0276253 0.0369131 0.0468649 0.0565225 0.0647545 0.0706405 0.0737518 0.0741537 0.0722212 0.0684557 0.0633741 0.0574455 0.0510508 0.0444726 0.037914 0.0315294 0.0254526 0.0198173 0.0147645 0.0104322 0.00692537 0.00427952
 0.00811336 0.0131442 0.0197212 0.0277733 0.0370464 0.046968 0.0565935 0.064804 0.0706835 0.0737966 0.0741934 0.0722344 0.0684161 0.0632658 0.0572742 0.0508444 0.04427 0.0377487 0.0314184 0.0253956 0.0198028 0.0147772 0.0104581 0.00695351 0.00430334
 0.00818966 0.0132613 0.0198833 0.0279773 0.0372793 0.0472063 0.056805 0.0649545 0.0707492 0.0737744 0.0741027 0.072106 0.0682762 0.0631247 0.0571285 0.050688 0.0441052 0.0375886 0.031281 0.0252946 0.0197419 0.0147506 0.0104546 0.00696195 0.00431507
 0.00828651 0.0134254 0.0201417 0.0283563 0.0377951 0.0478513 0.0575358 0.065692 0.0713939 0.074233 0.0743135 0.0720536 0.0679902 0.0626656 0.0565669 0.050087 0.0435121 0.0370367 0.030794 0.0248889 0.0194255 0.0145217 0.0103019 0.00686846 0.00426282
 0.00827782 0.0134177 0.020143 0.0283808 0.0378631 0.0479868 0.0577607 0.0660175 0.0718097 0.0747004 0.0747681 0.0724205 0.068206 0.0626985 0.0564233 0.049805 0.0431452 0.0366382 0.0304078 0.0245457 0.0191436 0.0143076 0.0101525 0.00677313 0.00420751
 0.00825676 0.013371 0.0200507 0.0282198 0.0376165 0.0476578 0.0573838 0.0656575 0.0715459 0.0746018 0.0748695 0.0727094 0.0686257 0.0631649 0.0568515 0.0501329 0.0433468 0.0367217 0.030403 0.0244896 0.0190687 0.0142365 0.0100968 0.0067357 0.00418572
 0.00811455 0.0131673 0.0197942 0.0279328 0.0373259 0.0473809 0.0571216 0.0654012 0.0712942 0.0743765 0.0747169 0.072684 0.0687641 0.0634651 0.0572689 0.0505956 0.0437809 0.037074 0.030652 0.024642 0.019148 0.0142701 0.0101071 0.00673706 0.00418515
 0.00793693 0.0128897 0.0193991 0.0274163 0.0367036 0.0466934 0.0564348 0.0647956 0.0708428 0.0741211 0.0746612 0.0728057 0.0690359 0.0638658 0.0577785 0.0511828 0.0443976 0.037663 0.0311628 0.0250455 0.0194398 0.014465 0.0102287 0.00680878 0.00422548
 0.00778919 0.0126523 0.0190472 0.0269305 0.0360756 0.0459347 0.0555863 0.0639302 0.0700557 0.0735096 0.0743003 0.0727312 0.0692391 0.0643038 0.058391 0.0519064 0.0451721 0.0384311 0.031872 0.0256536 0.0199227 0.0148197 0.01047 0.00696107 0.00431485
 0.00775022 0.0125814 0.0189265 0.0267377 0.0357883 0.0455377 0.0550796 0.0633343 0.0694123 0.072878 0.0737498 0.0723304 0.0690423 0.0643378 0.058649 0.0523513 0.0457466 0.0390703 0.0325128 0.0262422 0.0204203 0.015207 0.010747 0.00714296 0.00442442
 0.00755544 0.0122803 0.0185021 0.0261845 0.0351121 0.044756 0.0542233 0.0624504 0.068562 0.0721299 0.0731711 0.0719777 0.0689545 0.06453 0.0591093 0.0530402 0.0466013 0.0400133 0.0334629 0.027126 0.0211825 0.0158159 0.0111964 0.00744826 0.00461454
 0.0075513 0.0122623 0.0184544 0.0260858 0.034941 0.0444991 0.0538821 0.0620408 0.0681083 0.0716579 0.0727057 0.0715472 0.0685953 0.0642862 0.0590235 0.0531405 0.0468898 0.0404615 0.034017 0.0277185 0.0217474 0.0163022 0.0115763 0.00771786 0.00478814
 0.00754895 0.0122608 0.0184553 0.0260894 0.034943 0.0444871 0.0538348 0.0619331 0.0679212 0.0713878 0.0723686 0.0711739 0.0682243 0.0639576 0.0587767 0.0530112 0.0469038 0.0406254 0.0343121 0.0281022 0.0221633 0.0166951 0.0119056 0.00796466 0.00495404
 0.0075658 0.0122788 0.0184657 0.026079 0.034899 0.0444031 0.0537144 0.0617879 0.0677632 0.0712224 0.0721931 0.0709838 0.0680214 0.0637551 0.0585986 0.0528875 0.0468634 0.0406884 0.0344819 0.0283613 0.0224754 0.0170147 0.0121917 0.00819099 0.00511314
 0.00762299 0.0123707 0.018601 0.0262624 0.0351272 0.0446603 0.0539704 0.0620025 0.0678972 0.0712503 0.0721094 0.0708 0.0677585 0.0634382 0.0582558 0.0525513 0.0465691 0.0404693 0.034361 0.0283439 0.0225464 0.0171432 0.0123404 0.00832826 0.00522032
 0.00759485 0.0123338 0.0185619 0.0262335 0.0351238 0.0446959 0.0540514 0.0621242 0.0680431 0.0713942 0.0722215 0.0708551 0.0677428 0.0633523 0.0581128 0.0523733 0.0463837 0.0403061 0.0342464 0.0282947 0.0225644 0.0172142 0.0124398 0.00843018 0.00530597
 0.00755823 0.0122668 0.0184482 0.0260562 0.0348727 0.0443779 0.0536973 0.0617862 0.06778 0.0712517 0.0722165 0.0709725 0.0679441 0.0635899 0.0583448 0.0525728 0.0465421 0.0404305 0.0343532 0.0284013 0.0226815 0.0173419 0.0125686 0.00854641 0.00539875
 0.00753787 0.0122353 0.0184033 0.0259946 0.0347887 0.0442622 0.0535394 0.0615806 0.0675352 0.0709956 0.0719927 0.0708261 0.0679041 0.0636581 0.0584965 0.0527692 0.0467457 0.0406167 0.0345137 0.0285403 0.0228074 0.0174602 0.0126785 0.00864257 0.00547533
 0.00750024 0.0121856 0.0183492 0.0259503 0.0347696 0.044278 0.0535872 0.0616435 0.0675863 0.0710074 0.0719486 0.070729 0.0677773 0.0635367 0.0584128 0.0527393 0.0467662 0.0406709 0.0345827 0.0286115 0.0228762 0.0175264 0.0127417 0.00870006 0.0055233
 0.00751 0.0121933 0.0183468 0.0259272 0.0347183 0.044201 0.0535007 0.0615729 0.0675545 0.0710218 0.0719956 0.0707808 0.0678065 0.0635305 0.0583779 0.0526961 0.0467365 0.0406673 0.0346057 0.0286533 0.0229273 0.0175794 0.0127921 0.00874466 0.00555977
 0.00758887 0.0123079 0.0184934 0.026092 0.0348799 0.0443345 0.0535842 0.0615929 0.0675112 0.0709302 0.0718808 0.0706674 0.0677077 0.0634452 0.058297 0.0526129 0.046653 0.0405928 0.0345502 0.0286216 0.0229178 0.0175864 0.0128086 0.00876466 0.00557884
 0.00748621 0.0121647 0.018321 0.0259146 0.0347254 0.0442221 0.0535151 0.0615514 0.0674754 0.0708858 0.0718296 0.0706256 0.0676972 0.0634815 0.0583817 0.0527339 0.0467916 0.0407326 0.0346817 0.0287415 0.0230253 0.0176802 0.0128868 0.00882592 0.00562328
 0.00738051 0.0120099 0.0181207 0.0256859 0.0344977 0.0440323 0.0533998 0.0615373 0.0675682 0.0710633 0.0720459 0.0708282 0.0678482 0.0635699 0.0584209 0.0527484 0.0468026 0.040751 0.0347092 0.0287755 0.0230623 0.0177175 0.0129217 0.00885602 0.00564694
 0.00713725 0.0116063 0.017501 0.0248007 0.0333234 0.0425987 0.0518119 0.0599719 0.0662367 0.0701537 0.0716712 0.0710028 0.0684964 0.0645589 0.0596021 0.0539914 0.0480127 0.0418687 0.035701 0.0296238 0.0237598 0.0182654 0.0133297 0.00914154 0.00583296
 0.00713311 0.0115713 0.0173945 0.0245635 0.0328882 0.0419091 0.0508468 0.0587642 0.0648821 0.0688038 0.0705088 0.0702009 0.0681724 0.0647429 0.0602335 0.0549455 0.0491413 0.043037 0.0368077 0.0306045 0.024581 0.0189161 0.013816 0.00948176 0.00605407
 0.0072827 0.0118096 0.0177412 0.0250249 0.0334459 0.0425069 0.0513833 0.059106 0.0648989 0.0684174 0.0697311 0.0691421 0.0670148 0.0636888 0.0594482 0.0545155 0.0490634 0.0432381 0.0371819 0.0310485 0.0250154 0.0192923 0.0141119 0.00969539 0.00619571
 0.0072767 0.0118127 0.0177701 0.025104 0.0336018 0.0427579 0.0517269 0.059508 0.0652905 0.0687027 0.0698101 0.0689449 0.0665353 0.0629999 0.0586861 0.0538361 0.0485909 0.0430288 0.0372182 0.0312605 0.0253152 0.0196025 0.0143817 0.0099016 0.0063369
 0.00738269 0.0119672 0.0179703 0.0253384 0.0338566 0.0430259 0.0520118 0.0598197 0.0656313 0.0690519 0.0701159 0.0691311 0.066524 0.0627438 0.0581964 0.0531898 0.0479095 0.042437 0.0368015 0.0310434 0.0252672 0.0196632 0.0144888 0.0100099 0.0064228
 0.007495 0.0121506 0.0182464 0.0257239 0.0343554 0.0436196 0.0526547 0.0604453 0.0661716 0.0694592 0.0703707 0.0692326 0.066471 0.0625251 0.0577989 0.0526207 0.0472146 0.0416996 0.0361194 0.0304953 0.0248887 0.019444 0.0143889 0.00998146 0.00642712
 0.00736496 0.0119719 0.0180387 0.0255278 0.0342236 0.0436009 0.0527787 0.0607135 0.066557 0.0699133 0.0708351 0.0696521 0.0668036 0.0627431 0.0578846 0.0525644 0.0470206 0.0413958 0.0357588 0.0301438 0.0246023 0.0192509 0.0142856 0.00994354 0.00642521
#obs surv len freq
 nan nan nan nan nan nan nan nan nan nan nan nan nan nan nan nan nan nan nan nan nan nan nan nan nan
 0.00448599 0.00734781 0.011178 0.0159942 0.0216942 0.0279686 0.0342815 0.0400117 0.0446907 0.0481543 0.0505124 0.0520086 0.0529013 0.0534142 0.0537288 0.053984 0.0542628 0.0545557 0.0546945 0.0542865 0.0527246 0.0493567 0.0438064 0.0362864 0.02767
 0.0046109 0.0075544 0.0114951 0.0164496 0.0223077 0.0287414 0.0351856 0.0409874 0.0456553 0.0490196 0.051201 0.0524659 0.0531 0.053354 0.0534321 0.053488 0.0536108 0.0537901 0.0538541 0.053408 0.0518466 0.0485221 0.0430597 0.0356653 0.0271953
 0.00477849 0.00782606 0.0119027 0.0170227 0.0230689 0.0296975 0.0363176 0.042245 0.0469596 0.0502736 0.0523037 0.0533252 0.0536445 0.0535415 0.0532534 0.0529648 0.0527884 0.052728 0.0526186 0.052069 0.0504789 0.0472057 0.0418737 0.0346751 0.0264371
 0.00497031 0.00814164 0.0123844 0.0177118 0.0239971 0.0308732 0.0377134 0.0437937 0.0485647 0.0518276 0.0537031 0.0544777 0.0544706 0.0539772 0.0532564 0.0525208 0.0519151 0.0514743 0.0510599 0.050303 0.0486212 0.0453838 0.0402138 0.0332803 0.0253652
 0.00517137 0.00847167 0.0128872 0.0184311 0.0249685 0.0321122 0.0392013 0.0454711 0.050338 0.0535841 0.0553287 0.0558676 0.0555349 0.0546425 0.0534662 0.0522379 0.0511273 0.0502015 0.0493617 0.0482813 0.0464184 0.0431704 0.0381646 0.0315406 0.0240199
 0.00540536 0.00885364 0.0134651 0.0192508 0.0260654 0.0334979 0.0408497 0.0473134 0.0522716 0.0554921 0.0570961 0.0573913 0.056726 0.0554261 0.053781 0.0520367 0.050381 0.0489076 0.0475575 0.0460581 0.0439271 0.0406114 0.035756 0.0294719 0.0224074
 0.00564955 0.00925257 0.0140692 0.0201083 0.0272136 0.0349486 0.0425745 0.0492384 0.054288 0.0574766 0.0589309 0.0589741 0.0579725 0.056267 0.0541583 0.0519017 0.0496955 0.0476527 0.0457501 0.0437716 0.0413058 0.0378663 0.0331314 0.0271901 0.0206127
 0.00590242 0.00966618 0.0146964 0.0209998 0.0284083 0.0364585 0.0443685 0.0512369 0.0563745 0.05952 0.0608071 0.0605783 0.0592219 0.0570987 0.0545237 0.0517607 0.0490138 0.0464079 0.0439473 0.041468 0.0386331 0.0350321 0.0303899 0.0247825 0.0187033
 0.00614047 0.0100593 0.0152994 0.0218677 0.0295852 0.0379604 0.0461661 0.0532493 0.0584811 0.0615841 0.0626987 0.062188 0.0604649 0.0579135 0.0548672 0.0516017 0.0483277 0.0451777 0.0421769 0.0392058 0.035997 0.0322184 0.0276476 0.0223561 0.0167657
 0.00640045 0.0104826 0.0159379 0.0227702 0.0307893 0.0394774 0.0479659 0.055254 0.0605739 0.0636301 0.0645664 0.0637639 0.0616609 0.058668 0.0551419 0.0513745 0.0475857 0.0439156 0.0404057 0.0369732 0.0334127 0.0294647 0.0249603 0.019971 0.014854
 0.00660845 0.0108304 0.0164788 0.0235597 0.0318729 0.0408727 0.0496443 0.0571363 0.0625429 0.0655556 0.0663263 0.0652555 0.0628032 0.0594009 0.0554242 0.0511809 0.0469034 0.0427428 0.0387577 0.0348987 0.0310141 0.0269091 0.0224632 0.0177498 0.0130683
 0.00681916 0.0111717 0.0169909 0.0242804 0.0328326 0.0420846 0.0510929 0.0587697 0.0642759 0.0672814 0.0679321 0.066637 0.0638743 0.0600983 0.0557068 0.0510249 0.0462974 0.0416867 0.0372681 0.0330228 0.0288468 0.0246014 0.0202085 0.0157429 0.0114529
 0.00706507 0.0115723 0.0175946 0.0251307 0.0339574 0.0434807 0.0527122 0.0605182 0.0660315 0.0689215 0.0693555 0.0677706 0.0646697 0.0605248 0.0557464 0.0506693 0.0455463 0.0405476 0.0357621 0.0311964 0.026787 0.0224434 0.0181225 0.013899 0.00997513
 0.00727898 0.0119268 0.0181401 0.0259175 0.0350236 0.0448344 0.054314 0.0622755 0.0678127 0.0705834 0.0707713 0.0688481 0.0653566 0.0608045 0.055627 0.0501717 0.0446941 0.039365 0.0342789 0.02946 0.0248766 0.0204765 0.0162448 0.0122536 0.00866429
 0.00744908 0.0122073 0.0185698 0.0265357 0.0358632 0.0459101 0.0556088 0.0637339 0.0693446 0.0720777 0.0721124 0.0699317 0.0661028 0.0611663 0.0555916 0.0497544 0.0439274 0.038289 0.0329384 0.0279103 0.0231939 0.0187641 0.0146252 0.0108446 0.00754774
 0.00752087 0.0123277 0.0187586 0.0268154 0.036257 0.0464375 0.0562793 0.0645421 0.0702681 0.073076 0.0731281 0.0708929 0.066929 0.0617791 0.0559275 0.0497739 0.0436196 0.0376688 0.032042 0.0267929 0.0219306 0.0174502 0.0133677 0.00974335 0.00667179
 0.00760074 0.012447 0.0189191 0.0270137 0.0364879 0.0466995 0.0565777 0.0648888 0.0706765 0.0735553 0.0736762 0.0714907 0.0675384 0.0623437 0.05638 0.0500476 0.0436613 0.0374496 0.0315631 0.0260869 0.0210592 0.0164978 0.0124299 0.00890842 0.00600119
 0.00768442 0.0125788 0.0191089 0.0272659 0.0367987 0.0470541 0.05695 0.0652463 0.0709915 0.0738169 0.0738947 0.0716908 0.0677438 0.0625617 0.0565931 0.0502153 0.0437303 0.0373692 0.0313013 0.0256415 0.020462 0.0158105 0.011731 0.00827378 0.00548534
 0.00771541 0.0126255 0.0191726 0.027346 0.0368939 0.0471638 0.057074 0.0653839 0.0711392 0.0739685 0.0740443 0.0718368 0.0678911 0.0627189 0.0567637 0.0503886 0.0438771 0.0374474 0.0312684 0.0254714 0.0201573 0.0154052 0.0112817 0.00784294 0.00512255
 0.00777183 0.0127098 0.0192856 0.0274831 0.0370463 0.0473198 0.0572221 0.0655136 0.0712438 0.0740461 0.0740982 0.0718736 0.0679186 0.0627451 0.0567951 0.0504272 0.043916 0.0374678 0.0312424 0.0253724 0.0199726 0.0151454 0.0109796 0.0075421 0.00486191
 0.0078034 0.0127584 0.0193532 0.0275694 0.0371476 0.0474293 0.0573296 0.0656074 0.0713138 0.0740874 0.074113 0.0718705 0.0679088 0.0627389 0.0567992 0.0504434 0.0439405 0.0374897 0.0312446 0.0253351 0.0198818 0.0150006 0.010797 0.00734941 0.00468766
 0.00784586 0.0128221 0.0194392 0.027675 0.0372669 0.0475544 0.0574514 0.0657161 0.0713996 0.0741424 0.074133 0.0718567 0.0678681 0.062682 0.0567382 0.0503882 0.043896 0.0374542 0.0312097 0.025288 0.0198107 0.0149007 0.0106743 0.00721923 0.00456801
 0.00786989 0.0128593 0.0194917 0.0277429 0.0373481 0.0476442 0.0575423 0.0657989 0.0714656 0.0741857 0.0741518 0.0718527 0.0678454 0.0626456 0.0566938 0.0503418 0.0438528 0.0374165 0.0311753 0.0252508 0.0197631 0.0148378 0.0105975 0.00713636 0.00449019
 0.00790226 0.0129076 0.0195563 0.0278212 0.0374354 0.0477346 0.0576299 0.0658777 0.0715296 0.0742297 0.0741725 0.0718494 0.0678199 0.0626022 0.056638 0.0502798 0.04379 0.037357 0.0311207 0.0251996 0.0197117 0.014783 0.0105388 0.00707713 0.00443601
 0.00787605 0.0128677 0.0195012 0.0277516 0.0373538 0.0476457 0.05754 0.0657954 0.0714648 0.0741919 0.0741681 0.07188 0.0678814 0.0626857 0.0567326 0.050375 0.0438782 0.0374333 0.0311827 0.0252457 0.0197409 0.014795 0.0105353 0.0070623 0.00441575
 0.00788062 0.0128683 0.0194897 0.027717 0.0372859 0.0475401 0.057403 0.0656433 0.0713197 0.0740748 0.0740936 0.0718549 0.0679051 0.062752 0.0568309 0.0504925 0.0440015 0.0375511 0.0312864 0.0253303 0.0198038 0.0148362 0.0105572 0.00706906 0.00441293
 0.00789918 0.0128946 0.0195219 0.0277495 0.0373099 0.0475445 0.0573764 0.0655777 0.0712147 0.0739404 0.0739499 0.0717262 0.0678129 0.062709 0.0568387 0.0505436 0.0440827 0.0376474 0.0313838 0.025418 0.019875 0.014888 0.0105901 0.00708643 0.00441933
 0.00789205 0.0128821 0.0195012 0.0277177 0.037264 0.0474827 0.057299 0.0654869 0.0711141 0.0738349 0.0738461 0.0716334 0.0677432 0.0626745 0.0568482 0.0505988 0.0441771 0.037768 0.0315148 0.0255441 0.0199844 0.0149743 0.0106516 0.00712562 0.00444134
 0.00785554 0.0128253 0.0194206 0.0276118 0.0371342 0.0473335 0.0571384 0.0653266 0.0709677 0.0737146 0.0737608 0.0715873 0.0677368 0.0627066 0.0569174 0.0507027 0.0443116 0.037925 0.0316822 0.0257077 0.0201312 0.0150947 0.0107417 0.00718695 0.00447899
 0.00785678 0.0128199 0.0193991 0.0275615 0.0370428 0.0471956 0.0569598 0.065125 0.0707672 0.0735391 0.073628 0.0715066 0.0677099 0.06273 0.0569847 0.0508066 0.0444445 0.0380784 0.0318464 0.0258711 0.0202818 0.0152226 0.0108412 0.00725731 0.00452404
 0.00782382 0.0127692 0.0193277 0.0274677 0.0369253 0.0470525 0.0567901 0.0649308 0.0705576 0.073332 0.0734472 0.0713767 0.0676488 0.0627443 0.0570692 0.0509481 0.0446261 0.0382832 0.0320588 0.026077 0.0204688 0.0153809 0.0109652 0.00734644 0.0045824
 0.00780021 0.0127269 0.0192571 0.0273584 0.0367697 0.0468504 0.0565525 0.0646784 0.0703153 0.0731213 0.073283 0.0712677 0.0676011 0.0627622 0.0571537 0.0510943 0.044822 0.0385118 0.0323007 0.0263137 0.0206844 0.0155639 0.0111091 0.00745076 0.00465152
 0.00774733 0.012645 0.0191413 0.0272063 0.0365813 0.0466281 0.0563019 0.0644107 0.0700483 0.072878 0.0730877 0.0711406 0.0675538 0.062797 0.057265 0.0512715 0.045051 0.0387757 0.0325801 0.0265885 0.0209362 0.0157784 0.0112785 0.00757403 0.00473365
 0.00774816 0.0126394 0.0191203 0.0271576 0.0364931 0.0464942 0.0561259 0.0642058 0.0698327 0.0726699 0.072902 0.0709894 0.0674483 0.062747 0.0572774 0.0513474 0.0451852 0.0389566 0.0327915 0.0268114 0.0211513 0.0159692 0.011434 0.00768993 0.00481239
 0.00770545 0.0125752 0.019033 0.0270484 0.0363638 0.046346 0.0559585 0.0640201 0.0696344 0.0724716 0.0727218 0.070847 0.0673592 0.0627201 0.0573148 0.0514462 0.0453386 0.0391538 0.0330179 0.0270492 0.0213815 0.0161747 0.0116027 0.00781676 0.00489924
 0.00768786 0.012541 0.0189718 0.0269481 0.0362153 0.0461487 0.0557247 0.063773 0.0694008 0.0722728 0.0725694 0.0707444 0.0673069 0.062719 0.0573662 0.0515501 0.0454911 0.0393469 0.0332392 0.0272827 0.0216096 0.0163807 0.0117738 0.00794684 0.00498927
 0.00765745 0.0124975 0.0189167 0.0268851 0.0361476 0.0460753 0.0556392 0.0636668 0.0692694 0.0721212 0.072413 0.0706033 0.0671993 0.0626563 0.0573531 0.0515866 0.0455747 0.0394724 0.0333979 0.0274621 0.0217941 0.016554 0.0119225 0.00806292 0.0050714
 0.00764777 0.0124787 0.0188831 0.0268307 0.0360685 0.0459733 0.0555231 0.0635502 0.0691643 0.0720329 0.072339 0.0705384 0.067142 0.0626114 0.0573299 0.0515945 0.0456194 0.0395545 0.0335128 0.0276005 0.0219431 0.0166993 0.012051 0.00816586 0.00514581
 0.00762284 0.0124414 0.0188328 0.0267683 0.0359955 0.0458904 0.0554304 0.0634487 0.0690586 0.0719315 0.0722524 0.0704753 0.0671054 0.0625998 0.0573403 0.0516255 0.0456725 0.0396316 0.0336137 0.0277206 0.0220734 0.016828 0.0121666 0.00825981 0.00521471
 0.00758322 0.0123802 0.0187469 0.0266576 0.0358633 0.0457439 0.0552804 0.0633081 0.0689394 0.0718419 0.0721956 0.0704506 0.0671108 0.0626327 0.0573977 0.0517036 0.0457676 0.0397409 0.0337348 0.0278501 0.0222055 0.0169545 0.0122786 0.00835052 0.00528133
 0.00760368 0.012407 0.0187754 0.0266793 0.0358685 0.0457252 0.0552359 0.063242 0.0688599 0.0717586 0.0721165 0.0703811 0.0670538 0.0625901 0.0573707 0.0516939 0.0457763 0.0397684 0.0337803 0.0279111 0.0222775 0.0170308 0.0123514 0.00841308 0.00532949
 0.00756731 0.0123576 0.0187185 0.0266253 0.035828 0.0457034 0.0552288 0.0632378 0.0688456 0.0717269 0.0720695 0.0703283 0.0670069 0.0625582 0.0573581 0.051701 0.0458015 0.0398095 0.033835 0.0279765 0.0223493 0.0171036 0.0124192 0.00847058 0.00537353
 0.00755148 0.0123265 0.0186626 0.0265344 0.0356966 0.0455367 0.0550461 0.0630687 0.0687188 0.0716585 0.0720576 0.0703583 0.0670611 0.0626241 0.057431 0.0517804 0.045888 0.0399027 0.0339327 0.0280755 0.0224457 0.0171928 0.0124968 0.00853322 0.0054199
 0.0075178 0.012275 0.0185906 0.0264409 0.0355806 0.0453973 0.0548833 0.0628872 0.0685316 0.0714876 0.0719291 0.0702931 0.0670671 0.062694 0.0575471 0.0519234 0.0460425 0.0400588 0.0340843 0.0282184 0.0225758 0.0173064 0.0125906 0.00860576 0.00547175
 0.00752654 0.0122861 0.0186017 0.0264477 0.0355785 0.0453821 0.0548526 0.0628399 0.0684671 0.0714057 0.071833 0.0701913 0.066974 0.0626257 0.0575155 0.0519314 0.0460846 0.0401248 0.0341639 0.0283028 0.0226586 0.0173825 0.012656 0.00865788 0.00550994
 0.00750169 0.0122506 0.0185571 0.0263982 0.0355291 0.0453363 0.0548108 0.0627996 0.0684252 0.0713606 0.071785 0.0701429 0.0669296 0.0625913 0.0574985 0.0519387 0.0461196 0.0401858 0.034244 0.0283927 0.0227488 0.0174653 0.0127263 0.00871289 0.00554949
 0.00751236 0.0122635 0.0185686 0.0264029 0.0355219 0.0453155 0.05478 0.0627662 0.0683965 0.0713393 0.0717684 0.070125 0.0669051 0.0625591 0.0574626 0.0519069 0.0461005 0.0401855 0.0342645 0.028431 0.0227983 0.017518 0.0127752 0.00875341 0.00557969
 0.00748542 0.0122253 0.0185213 0.0263513 0.0354715 0.0452695 0.0547378 0.062725 0.0683544 0.0712988 0.0717356 0.0701064 0.0669036 0.0625726 0.0574859 0.0519355 0.0461328 0.0402232 0.0343096 0.0284839 0.0228565 0.0175765 0.0128284 0.0087971 0.00561201
 0.0074921 0.0122328 0.0185268 0.0263508 0.0354616 0.0452503 0.0547134 0.0627023 0.068339 0.0712915 0.0717325 0.0701019 0.0668943 0.062559 0.0574712 0.0519228 0.0461246 0.040221 0.0343152 0.0284982 0.0228789 0.0176045 0.0128579 0.00882399 0.00563347
 0.0074921 0.0122328 0.0185268 0.0263508 0.0354616 0.0452503 0.0547134 0.0627023 0.068339 0.0712915 0.0717325 0.0701019 0.0668943 0.062559 0.0574712 0.0519228 0.0461246 0.040221 0.0343152 0.0284982 0.0228789 0.0176045 0.0128579 0.00882399 0.00563347
 0.0072114 0.011789 0.0178838 0.0254881 0.0343842 0.0439999 0.0533788 0.0614156 0.067252 0.0705389 0.0713982 0.0702033 0.0673869 0.0633551 0.0584639 0.0530077 0.0472145 0.0412513 0.0352432 0.0292993 0.0235418 0.0181284 0.0132504 0.00910012 0.0058141
 0.00720729 0.011748 0.0177588 0.0252148 0.0338976 0.0432614 0.052401 0.0602702 0.0660576 0.069435 0.0705173 0.0696487 0.0672165 0.0635729 0.0590219 0.0538195 0.0481753 0.0422592 0.0362138 0.0301726 0.024282 0.0187203 0.0136959 0.00941367 0.00601888
 0.00730377 0.0119129 0.0180183 0.0255878 0.0343791 0.0438025 0.0528996 0.0605886 0.0660679 0.0690725 0.0698132 0.0687224 0.0662356 0.0627028 0.0583846 0.0534725 0.0481114 0.0424228 0.0365248 0.0305495 0.0246585 0.0190523 0.0139609 0.00960721 0.00614835
 0.00726572 0.0118663 0.0179774 0.025578 0.0344329 0.0439503 0.0531557 0.0609364 0.0664502 0.0693953 0.069969 0.0686307 0.0658816 0.0621507 0.0577575 0.0529077 0.0477149 0.0422419 0.0365466 0.0307194 0.0249061 0.0193138 0.0141923 0.00978671 0.00627276
 0.00728361 0.011892 0.0180107 0.0256188 0.0344842 0.0440218 0.0532649 0.0611039 0.0666888 0.069695 0.0702869 0.0688935 0.0660055 0.0620748 0.0574745 0.0524738 0.0472311 0.0418151 0.0362517 0.0305802 0.0248999 0.0193922 0.0143044 0.00989491 0.00635749
 0.00725835 0.0118571 0.0179694 0.0255777 0.034451 0.0440028 0.0532638 0.0611242 0.0667368 0.0697817 0.0704219 0.0690739 0.0662053 0.0622448 0.0575583 0.0524346 0.0470728 0.0415849 0.0360196 0.0304074 0.0248159 0.0193909 0.0143566 0.00996655 0.00642364
 0.00725168 0.0118463 0.0179533 0.0255561 0.0344256 0.0439781 0.0532471 0.0611238 0.0667594 0.0698302 0.0704958 0.0691706 0.0663197 0.0623654 0.0576633 0.0524945 0.047063 0.0415008 0.0358836 0.0302608 0.0246994 0.0193265 0.0143428 0.00998626 0.00645608
#pred catch len freq
 0.00327261 0.00529976 0.00797246 0.0113282 0.0154051 0.0201967 0.0255901 0.031351 0.0371708 0.0427311 0.0477528 0.0520334 0.0554723 0.0580683 0.0598844 0.0610038 0.0614996 0.0614122 0.0607082 0.0592139 0.0565742 0.0523322 0.0461754 0.038249 0.0293026
 0.00352111 0.00563752 0.0083614 0.0116997 0.015689 0.0203611 0.0256643 0.0314094 0.0372818 0.0429035 0.0479177 0.0520749 0.0552906 0.0576382 0.0592795 0.0603752 0.0610187 0.0611997 0.0607806 0.0594744 0.0568573 0.0524821 0.0461153 0.0380032 0.0289637
 0.00361936 0.00583145 0.00871096 0.0122673 0.0165076 0.0213948 0.02679 0.0324463 0.0380643 0.0433528 0.0480585 0.0519868 0.0550361 0.0572284 0.0586987 0.0596367 0.0601978 0.0604162 0.0601402 0.059012 0.0565234 0.0521808 0.0457687 0.0375947 0.0285363
 0.00375528 0.00604164 0.00901255 0.0126828 0.0170759 0.0221769 0.0278526 0.0338188 0.0396848 0.0450437 0.0495645 0.0530659 0.055548 0.0571636 0.0581413 0.0587051 0.0590118 0.0590937 0.0587966 0.0577417 0.0553758 0.0511589 0.0448552 0.0367847 0.0278482
 0.00393646 0.00633013 0.00943518 0.0132603 0.0178202 0.0230895 0.028926 0.0350419 0.0410482 0.0465299 0.051118 0.0545617 0.0567936 0.05795 0.0583187 0.0582349 0.0579677 0.0576227 0.0570721 0.0559275 0.0536046 0.0495241 0.0434159 0.0355772 0.0268935
 0.00416311 0.00669201 0.00996853 0.0139971 0.0187855 0.0242952 0.0303606 0.0366624 0.0427807 0.0482816 0.0527939 0.0560732 0.0580518 0.058851 0.0587409 0.0580654 0.0571465 0.0561794 0.0551287 0.0536695 0.0512393 0.0472433 0.0413731 0.0338758 0.0255814
 0.00439669 0.00706704 0.0105254 0.0147737 0.0198143 0.0255967 0.0319328 0.0384697 0.0447497 0.0503051 0.054743 0.0578151 0.0594671 0.0598423 0.0592295 0.0579816 0.0564335 0.0548158 0.0531606 0.0512297 0.0485361 0.044523 0.0388696 0.0317658 0.0239561
 0.00466158 0.00748602 0.0111359 0.0156072 0.0208965 0.0269455 0.0335501 0.0403305 0.0467939 0.0524359 0.0568333 0.0597211 0.061047 0.0609738 0.0598186 0.0579625 0.055763 0.0534767 0.0511801 0.0487059 0.045653 0.0415351 0.0360529 0.0293524 0.0220814
 0.00491086 0.00788583 0.0117284 0.0164306 0.0219815 0.0283081 0.0351821 0.0421923 0.0488147 0.0545208 0.0588714 0.0615927 0.0626302 0.0621524 0.0604909 0.0580469 0.0552023 0.0522434 0.0492896 0.0462386 0.0427741 0.0384905 0.0331292 0.0268088 0.0200838
 0.00521016 0.00835577 0.0124062 0.017344 0.0231493 0.0297392 0.0368681 0.0440972 0.0508681 0.0566201 0.0608927 0.063407 0.0641196 0.0632196 0.0610593 0.0580561 0.0546045 0.0510084 0.0474216 0.0438012 0.0399135 0.0354385 0.0301687 0.0242078 0.0180234
 0.00549344 0.00881143 0.0130834 0.0182866 0.0243898 0.0312882 0.0387013 0.0461487 0.0530352 0.058778 0.0629107 0.0651614 0.065503 0.0641472 0.0614713 0.0579134 0.0538824 0.0496945 0.0455261 0.0413808 0.0370977 0.0324386 0.0272512 0.0216326 0.0159727
 0.00569735 0.00914896 0.013604 0.0190439 0.0254355 0.0326588 0.0404013 0.0481351 0.0552131 0.0610087 0.0650312 0.0670098 0.0669434 0.0650856 0.0618566 0.0577273 0.0531253 0.0483778 0.0436768 0.0390602 0.0344258 0.0296058 0.0244988 0.0191994 0.0140294
 0.00591567 0.0094901 0.0140942 0.0197048 0.0262888 0.0337301 0.0417147 0.0496996 0.057003 0.0629488 0.0669949 0.0688355 0.0684643 0.0661611 0.0623933 0.0576827 0.052498 0.0471939 0.0419837 0.0369335 0.0319862 0.0270286 0.0219999 0.0169909 0.0122637
 0.00610515 0.00979769 0.0145558 0.0203524 0.0271437 0.0347931 0.042959 0.0510731 0.0584419 0.0643935 0.0683945 0.0701377 0.069601 0.0670437 0.0629244 0.0577772 0.0521018 0.0462922 0.040603 0.0351426 0.0299004 0.0248103 0.0198422 0.0150803 0.0107335
 0.00642657 0.010302 0.0152819 0.021327 0.0283798 0.0362856 0.0446744 0.0529373 0.0603381 0.0661754 0.0699147 0.0712808 0.0703056 0.0673021 0.0627605 0.0572199 0.0511692 0.0449961 0.0389646 0.0332129 0.027774 0.0226266 0.0177679 0.0132738 0.00930333
 0.00662943 0.0106371 0.0157964 0.0220692 0.0293906 0.0375843 0.0462424 0.054709 0.0622039 0.067996 0.0715397 0.0725694 0.0711482 0.0676394 0.0625903 0.0565861 0.0501387 0.0436363 0.0373363 0.0313799 0.0258202 0.0206656 0.0159343 0.0116944 0.00806284
 0.00676605 0.0108476 0.016094 0.0224648 0.0298993 0.0382311 0.0470603 0.0557245 0.0634156 0.0693547 0.0729443 0.073882 0.072224 0.0683572 0.0628753 0.0564168 0.0495414 0.04267 0.0360769 0.0299117 0.0242372 0.0190746 0.0144494 0.0104185 0.00706282
 0.00682881 0.010947 0.0162388 0.0226618 0.0301531 0.0385446 0.0474363 0.0561695 0.0639426 0.0699809 0.0736788 0.0747068 0.0730799 0.0691464 0.0634828 0.0567413 0.0495207 0.0422921 0.0353763 0.0289579 0.0231232 0.0179067 0.013335 0.00944969 0.00629879
 0.00677159 0.010873 0.0161625 0.0226086 0.0301529 0.0386212 0.047599 0.056412 0.06425 0.0703401 0.0740858 0.0751657 0.0735924 0.0696962 0.0640237 0.0571992 0.0498108 0.0423451 0.0351603 0.0284886 0.0224594 0.0171368 0.0125572 0.00875088 0.00573696
