SBPRF35
9.58367
Curr Bio
576139
B35
726159
F35
0.192538
FOFL
0.152066
OFL
71382.1
Bzero
2.73819e+06
#pred survey bio
 4.22443e+06 4.01057e+06 3.8173e+06 3.5779e+06 3.29967e+06 3.0072e+06 2.71126e+06 2.41045e+06 2.14856e+06 1.91308e+06 1.68944e+06 1.50966e+06 1.34159e+06 1.18529e+06 1.04895e+06 958494 851440 780061 717941 679242 656963 622235 625496 607752 601359 597530 600186 592537 586780 580962 573324 566539 561152 547853 539266 521608 510009 503870 514254 526007 529101 533244 540031 541347 549021 555985 571085 580806 587195 589173 585740 594383 586723 555455 553572 590110 574838 613158 608084 618596 574356 582381 2.05428e+07 1.24492e+07 1.28627e+07 1.37834e+07 1.49903e+07 1.62526e+07 1.74188e+07 1.84154e+07 1.92238e+07 1.98566e+07 2.03398e+07 2.07028e+07 2.09728e+07 2.11723e+07 2.13194e+07 2.14279e+07 2.15081e+07 2.15677e+07 2.16121e+07 2.16453e+07 2.16704e+07 2.16894e+07 2.17039e+07 2.1715e+07 2.17236e+07 2.17302e+07 2.17353e+07 2.17392e+07 2.17423e+07 2.17448e+07 2.17467e+07 2.17481e+07 2.17493e+07 2.17502e+07 2.1751e+07 2.17515e+07 2.1752e+07 2.17524e+07 2.17526e+07 2.17529e+07 2.1753e+07 2.17532e+07 2.17533e+07 2.17534e+07 2.17535e+07 2.17535e+07 2.17536e+07 2.17536e+07 2.17536e+07 2.17537e+07 2.17537e+07 2.17537e+07 2.17537e+07 2.17537e+07 2.17537e+07 2.17537e+07 2.17537e+07 2.17537e+07 2.17537e+07 2.17537e+07 2.17537e+07 2.17537e+07 2.17537e+07 2.17537e+07 2.17537e+07 2.17537e+07 2.17537e+07 2.17537e+07 2.17537e+07 2.17537e+07 2.17537e+07 2.17537e+07 2.17537e+07 2.17537e+07 2.17537e+07 2.17537e+07 2.17537e+07 2.17537e+07 2.17537e+07 2.17537e+07 2.17537e+07 2.17537e+07 2.17537e+07 2.17537e+07 2.17537e+07 2.17537e+07 2.17537e+07 2.17537e+07 2.17537e+07 2.17537e+07 2.17537e+07 2.17537e+07 2.17537e+07 2.17537e+07 2.17537e+07 2.17537e+07 2.17537e+07 2.17537e+07 2.17537e+07 2.17537e+07 0 0 0 0 0 0 0 0 0 0 0 0 0 0 0 0 0 0 0 0 0 0 0 0 0
#obs survey bio
 5.38149e+06 3.14571e+06 3.92344e+06 2.623e+06 3.75663e+06 2.8859e+06 2.50793e+06 1.73644e+06 1.75885e+06 1.43323e+06 1.10136e+06 996126 1.50941e+06 1.16025e+06 840347 1.13101e+06 976544 682072 547116 510375 550098 674522 549758 569929 475438 699369 569427 539766 570529 584488 497669 510784 523424 404256 501928 544924 531192 395977 522228 572306 638482 458558 578407 399790 421929 709392 390613 774876 606995 620155 517680 869025 514724 569637 551105 464424 708164 444106 766055 562535 572996 455970
#pred catch bio
 105838 94481.6 149537 203664 239163 266785 296624 285815 283480 290428 264759 263133 256878 240824 201629 214497 180788 170617 148823 133522 141587 107797 123934 111777 107608 100441 106940 102673 100384 99892.6 97393.6 94458.8 98976.2 92292.1 96796.3 90063.3 87599.6 78093.1 80827.6 89694.8 89226.3 87542.5 92598.5 87928.2 89258.5 83059.7 88178.3 90915.1 94063.1 97507.3 86260.3 98808.9 116708 90918.9 60329.1 104700 60060.2 98102.2 85117.8 131291 86654.4 89400.9 71382.1 89390.5 91093.2 96461.2 104499 113114 121019 127653 132899 136877 139798 141894 143370 144395 145098 145577 145900 146117 146262 146358 146422 146465 146493 146511 146524 146532 146537 146540 146543 146544 146545 146546 146546 146546 146546 146547 146547 146547 146547 146547 146547 146547 146547 146547 146547 146547 146547 146547 146547 146547 146547 146547 146547 146547 146547 146547 146547 146547 146547 146547 146547 146547 146547 146547 146547 146547 146547 146547 146547 146547 146547 146547 146547 146547 146547 146547 146547 146547 146547 146547 146547 146547 146547 146547 146547 146547 146547 146547 146547 146547 146547 146547 146547 146547 146547 146547 146547 146547 146547 146547 0 0 0 0 0 0 0 0 0 0 0 0 0 0 0 0 0 0 0 0 0 0 0 0 0
#obs catch bio
 0 94105.3 149850 204673 240812 268375 299096 289312 288046 296603 270518 270147 261897 245038 204782 218293 182193 172367 152023 136089 145026 109192 126449 113256 109014 101229 108191 103236 100989 100208 98020.1 95039.6 99586.5 93181.5 97769.4 90831.5 87798.1 78108.5 80990.9 89765.6 88963.3 87575.9 92553.6 88105.8 89791.1 82933.6 88367.6 90596.5 93723.4 97262.1 85745.4 97892.7 115784 90464.4 59509.4 105001 59373.3 98431 84145.6 131484 86190.7 89415.4
#pred cpue bio
 4.1678e+06 3.95738e+06 3.76613e+06 3.52737e+06 3.24994e+06 2.95858e+06 2.66381e+06 2.36408e+06 2.10299e+06 1.86851e+06 1.64625e+06 1.46772e+06 1.3015e+06 1.14737e+06 1.01287e+06 923547 818552 748596 687597 649640 628034 594450 597864 580964 575121 571772 574753 567758 562552 557205 549950 543506 538540 525871 517950 501220 489529 482226 491281 502602 505898 510051 516647 517869 525227 532082 546971 556592 562988 565097 561959 570701 563484 532751 530613 566437 551769 589104 584175 594257 550548 558096 1.97192e+07 1.1967e+07 1.22534e+07 1.30417e+07 1.42053e+07 1.5458e+07 1.66224e+07 1.76187e+07 1.84271e+07 1.90598e+07 1.9543e+07 1.99061e+07 2.0176e+07 2.03755e+07 2.05226e+07 2.06311e+07 2.07113e+07 2.07709e+07 2.08153e+07 2.08485e+07 2.08736e+07 2.08926e+07 2.09071e+07 2.09182e+07 2.09268e+07 2.09334e+07 2.09385e+07 2.09424e+07 2.09455e+07 2.0948e+07 2.09499e+07 2.09513e+07 2.09525e+07 2.09534e+07 2.09542e+07 2.09548e+07 2.09552e+07 2.09556e+07 2.09559e+07 2.09561e+07 2.09563e+07 2.09564e+07 2.09565e+07 2.09566e+07 2.09567e+07 2.09567e+07 2.09568e+07 2.09568e+07 2.09568e+07 2.09569e+07 2.09569e+07 2.09569e+07 2.09569e+07 2.09569e+07 2.09569e+07 2.09569e+07 2.09569e+07 2.09569e+07 2.09569e+07 2.09569e+07 2.09569e+07 2.09569e+07 2.09569e+07 2.09569e+07 2.09569e+07 2.09569e+07 2.09569e+07 2.09569e+07 2.09569e+07 2.09569e+07 2.09569e+07 2.09569e+07 2.09569e+07 2.09569e+07 2.09569e+07 2.09569e+07 2.09569e+07 2.09569e+07 2.09569e+07 2.09569e+07 2.09569e+07 2.09569e+07 2.09569e+07 2.09569e+07 2.09569e+07 2.09569e+07 2.09569e+07 2.09569e+07 2.09569e+07 2.09569e+07 2.09569e+07 2.09569e+07 2.09569e+07 2.09569e+07 2.09569e+07 2.09569e+07 2.09569e+07 2.09569e+07 2.09569e+07 2.09569e+07 0 0 0 0 0 0 0 0 0 0 0 0 0 0 0 0 0 0 0 0 0 0 0 0 0
#obs cpue bio
 3.78399e+06 3.16236e+06 3.04805e+06 2.56481e+06 1.95894e+06 3.81495e+06 2.61052e+06 1.67825e+06 1.61637e+06 1.67372e+06 1.63059e+06 1.39707e+06 1.59408e+06 1.11897e+06 856877 792202 851084 692677 326294 627751 573620 443608 530893 608196 613223 528326 470056 795285 502456 653185 450914 527045 602868 415564 562903 418902 753170 600003 425073 563885 539330 438355 575334 511711 519786 653158 640883 674750 577598 570106 730098 614190 740860 480970 799650 514985 529056 586143 868492 483085 535331 619276
#pred surv len freq
 0.00490196 0.00795996 0.0119816 0.0169468 0.0227334 0.0290385 0.0353519 0.0410798 0.0457689 0.0492571 0.0516474 0.0531725 0.0540725 0.0545371 0.0546938 0.0546146 0.0543328 0.0538495 0.0531034 0.0519019 0.0498658 0.0464925 0.0413898 0.0345899 0.0267164
 0.005206 0.00834415 0.0123608 0.0171854 0.0226968 0.0286664 0.0347072 0.0403332 0.0451208 0.0488433 0.0514884 0.0531911 0.0541584 0.0546154 0.0547593 0.0547231 0.0545583 0.0542304 0.053605 0.0524155 0.0502513 0.0466424 0.04128 0.0342855 0.0263319
 0.00544106 0.00874224 0.0129811 0.0180708 0.0238386 0.0299655 0.035963 0.0412919 0.0455772 0.0487395 0.0509385 0.0524105 0.0533504 0.0538932 0.054145 0.0541994 0.0541178 0.0538847 0.0533575 0.0522305 0.0500537 0.0463537 0.0408658 0.0337779 0.0258106
 0.00564826 0.0090795 0.0134915 0.0187998 0.0248294 0.0312452 0.0375165 0.0430307 0.0473233 0.0502473 0.0519619 0.052793 0.0530863 0.0531179 0.0530619 0.0529949 0.0529153 0.052746 0.0523031 0.051254 0.0491292 0.0454516 0.0399777 0.0329323 0.0250635
 0.0058595 0.00942288 0.0140087 0.0195311 0.0258082 0.032489 0.0390164 0.0447436 0.0491688 0.0521042 0.0536662 0.0541477 0.0538992 0.0532624 0.0525276 0.0518917 0.0514268 0.0510614 0.050568 0.0495557 0.0475108 0.0439374 0.0385956 0.0317237 0.0240734
 0.00614435 0.00986924 0.0146501 0.0203897 0.0268942 0.0337995 0.0405306 0.0464191 0.0509424 0.0538963 0.0553825 0.0556745 0.0550998 0.0539868 0.0526451 0.0513365 0.0502304 0.0493496 0.0485203 0.0473556 0.0453126 0.0418602 0.0367323 0.0301474 0.0228311
 0.0064925 0.0104194 0.0154482 0.0214667 0.02826 0.0354346 0.0423779 0.0483854 0.0529145 0.0557657 0.0570624 0.0570994 0.0562096 0.0547091 0.0528887 0.0510073 0.049266 0.0477566 0.0463933 0.0448639 0.0426656 0.0392689 0.0343798 0.0281681 0.0212963
 0.00685708 0.0110054 0.016317 0.0226697 0.0298275 0.0373591 0.0445972 0.0507786 0.0553193 0.0580127 0.0590074 0.058642 0.0572926 0.0553038 0.0529732 0.0505495 0.0482253 0.0461085 0.0441659 0.0421668 0.0396917 0.0362647 0.0315955 0.0258045 0.0194652
 0.007151 0.0114823 0.0170337 0.0236797 0.0311726 0.0390549 0.0466159 0.0530394 0.0576945 0.0603463 0.061139 0.0604276 0.0586206 0.056102 0.053205 0.0501996 0.0472853 0.0445747 0.0420591 0.0395647 0.0367529 0.0332234 0.0287187 0.0233267 0.0175302
 0.00743301 0.0119339 0.0177013 0.0246036 0.0323821 0.0405599 0.0483956 0.0550354 0.0598142 0.0624745 0.0631504 0.0621966 0.06003 0.0570523 0.0536219 0.0500371 0.0465218 0.0432102 0.0401206 0.0371256 0.0339559 0.0302851 0.025899 0.0208678 0.0155921
 0.00772522 0.0124047 0.0184015 0.0255772 0.0336575 0.042137 0.0502327 0.0570465 0.0618826 0.0644762 0.0649739 0.0637503 0.0612386 0.0578514 0.0539545 0.0498552 0.0457905 0.0419145 0.0382767 0.0347983 0.0312763 0.0274552 0.0231662 0.0184685 0.0136889
 0.00785447 0.0126329 0.0187787 0.0261624 0.0345067 0.0432838 0.0516691 0.0587147 0.0636841 0.0662918 0.0666846 0.0652516 0.0624474 0.0587049 0.0544051 0.0498633 0.045322 0.0409452 0.0368067 0.032872 0.0290023 0.0250101 0.0207725 0.0163443 0.0119892
 0.00804259 0.012929 0.0192076 0.0267444 0.0352589 0.0442195 0.0527928 0.0600131 0.0651175 0.067791 0.068156 0.0665906 0.063555 0.059502 0.0548369 0.0498956 0.0449325 0.0401204 0.0355483 0.0312146 0.0270333 0.0228787 0.0186719 0.0144683 0.0104795
 0.00837527 0.0134412 0.0199249 0.0276703 0.0363748 0.0454865 0.054153 0.0613939 0.066443 0.068997 0.0691973 0.0674369 0.0641804 0.0598772 0.0549302 0.0496771 0.0443793 0.0392195 0.0343019 0.0296523 0.0252273 0.0209525 0.0167875 0.0127906 0.00913012
 0.0086795 0.0139307 0.0206503 0.0286708 0.037665 0.0470391 0.0558845 0.0631678 0.0680976 0.0703868 0.0702275 0.0680739 0.0644403 0.0598019 0.0545641 0.049052 0.0435102 0.0381098 0.0329564 0.0280934 0.0235115 0.0191779 0.0150844 0.0112918 0.00793265
 0.00869657 0.0139847 0.0207808 0.0289334 0.0381207 0.0477352 0.0568343 0.0643383 0.0694093 0.0717258 0.0714658 0.0690941 0.0651585 0.0601802 0.0546069 0.0487902 0.0429806 0.0373431 0.0319763 0.0269279 0.0222091 0.0178169 0.0137682 0.0101263 0.00699674
 0.00898714 0.0144231 0.0213787 0.0296823 0.0389996 0.0487211 0.0579064 0.0654725 0.0705682 0.0728503 0.0724757 0.0698992 0.065676 0.0603542 0.054421 0.0482672 0.0421712 0.0363086 0.0307763 0.0256175 0.0208462 0.0164711 0.01252 0.00905352 0.00615291
 0.00925765 0.0148346 0.0219445 0.0303937 0.0398267 0.0496169 0.0588128 0.066329 0.0713256 0.0734838 0.0729847 0.0702924 0.0659513 0.0604875 0.0543728 0.0480013 0.0416726 0.0355909 0.0298774 0.0245918 0.0197578 0.0153909 0.0115206 0.0081988 0.00548389
 0.00940174 0.015083 0.0223425 0.0309877 0.0406475 0.050657 0.0600082 0.0675622 0.0724541 0.0743822 0.0735794 0.0705721 0.0659529 0.0602688 0.0539855 0.0474759 0.0410199 0.034815 0.0289911 0.0236251 0.0187588 0.0144195 0.0106388 0.00745797 0.00491313
 0.00942845 0.0151238 0.0224014 0.0310719 0.0407731 0.0508527 0.0603123 0.0680087 0.0730505 0.0750917 0.0743213 0.0712439 0.0664649 0.06057 0.0540688 0.0473637 0.0407437 0.034402 0.0284631 0.023007 0.018086 0.0137396 0.0100047 0.00691579 0.00449109
 0.00936671 0.01503 0.0222726 0.0309106 0.0405877 0.0506588 0.060135 0.0678845 0.0730255 0.0752112 0.0746127 0.0716991 0.0670329 0.0611675 0.0546052 0.0477678 0.0409774 0.0344587 0.0283578 0.0227672 0.0177486 0.0133491 0.00960951 0.00655971 0.00420416
 0.00951611 0.0152508 0.0225634 0.0312549 0.0409574 0.0510208 0.0604571 0.0681393 0.0731946 0.0752907 0.0746167 0.0716576 0.066981 0.0611296 0.054583 0.0477395 0.0409092 0.0343209 0.0281367 0.0224685 0.0173945 0.0129725 0.00924696 0.00624342 0.00395484
 0.00932536 0.0149619 0.0221685 0.0307618 0.0403884 0.05041 0.059849 0.0675874 0.0727569 0.0750204 0.0745514 0.0718115 0.0673422 0.0616627 0.0552345 0.0484437 0.0415962 0.034926 0.0286114 0.0227886 0.017563 0.0130156 0.00920439 0.00615777 0.00386134
 0.00933134 0.0149684 0.0221724 0.0307578 0.0403705 0.0503725 0.059788 0.0675017 0.0726474 0.0748917 0.0744139 0.0716833 0.0672484 0.0616295 0.05528 0.0485698 0.0417848 0.0351422 0.0288133 0.0229398 0.0176429 0.0130242 0.00915887 0.00608388 0.00378363
 0.00929515 0.0149044 0.0220668 0.0305959 0.0401413 0.0500759 0.0594407 0.0671369 0.072308 0.074618 0.0742343 0.0716104 0.0672812 0.061759 0.0554937 0.0488528 0.0421176 0.0354983 0.0291594 0.023242 0.0178751 0.0131757 0.00923636 0.00610646 0.00377472
 0.00924212 0.0148213 0.0219473 0.0304353 0.0399363 0.0498253 0.0591472 0.0668106 0.0719694 0.074298 0.0739699 0.0714365 0.0672217 0.0618211 0.0556683 0.0491192 0.0424485 0.0358635 0.0295271 0.0235806 0.0181583 0.0133875 0.0093748 0.00618278 0.00380742
 0.00908885 0.0145881 0.0216266 0.0300313 0.0394647 0.0493108 0.058622 0.0663125 0.0715366 0.0739637 0.0737574 0.0713589 0.0672833 0.0620183 0.0559884 0.0495395 0.0429378 0.0363849 0.0300426 0.024055 0.0185631 0.0137053 0.00960185 0.00632848 0.00389014
 0.00906772 0.0145465 0.0215507 0.029905 0.0392738 0.0490512 0.0583048 0.065964 0.0711916 0.073655 0.0735091 0.0711853 0.0671922 0.0620145 0.0560747 0.0497146 0.0431927 0.036701 0.0303925 0.0244064 0.0188852 0.0139742 0.00980549 0.0064673 0.00397459
 0.0090524 0.0145186 0.021503 0.0298276 0.0391557 0.0488822 0.0580797 0.0656865 0.0708772 0.0733308 0.0732098 0.0709453 0.0670374 0.0619582 0.0561179 0.0498498 0.0434069 0.0369768 0.0307072 0.024733 0.019195 0.0142427 0.010017 0.00661808 0.0040712
 0.00908683 0.0145633 0.0215492 0.0298597 0.0391549 0.048832 0.0579713 0.0655205 0.0706618 0.0730806 0.0729438 0.0706874 0.0668142 0.0617951 0.0560341 0.049854 0.043497 0.0371406 0.0309253 0.0249808 0.0194458 0.0144717 0.010206 0.00675877 0.00416528
 0.00907302 0.014551 0.0215486 0.0298846 0.0392159 0.0489283 0.0580849 0.0656187 0.070709 0.0730512 0.0728319 0.0705066 0.0665922 0.0615653 0.0558294 0.0497016 0.0434147 0.0371343 0.0309888 0.0250976 0.0195928 0.0146245 0.0103438 0.00686842 0.00424273
 0.0089939 0.0144344 0.021396 0.0297071 0.0390331 0.0487653 0.0579674 0.0655663 0.0707277 0.0731284 0.0729385 0.0706069 0.0666581 0.0615865 0.0558145 0.0496725 0.0433965 0.0371477 0.0310438 0.0251923 0.019715 0.014756 0.0104666 0.00696933 0.00431621
 0.00893152 0.0143316 0.0212397 0.0294864 0.0387447 0.0484199 0.057595 0.0652144 0.0704504 0.0729695 0.0729175 0.0707133 0.0668569 0.0618314 0.0560634 0.049899 0.0435933 0.0373217 0.0312073 0.0253541 0.0198758 0.014909 0.0106015 0.00707775 0.00439475
 0.00879019 0.014135 0.0210043 0.0292462 0.0385388 0.0482751 0.057513 0.0651748 0.0704258 0.0729442 0.0728953 0.0707131 0.066898 0.061921 0.0561924 0.0500475 0.0437412 0.0374571 0.0313284 0.0254655 0.0199819 0.0150101 0.0106935 0.00715471 0.0044529
 0.00867175 0.0139369 0.0206985 0.0288097 0.0379671 0.047597 0.0567996 0.0645272 0.069944 0.0726906 0.0728773 0.0708928 0.067219 0.0623314 0.0566531 0.0505285 0.0442162 0.0379026 0.0317269 0.0258076 0.020266 0.0152386 0.0108705 0.00728496 0.00454246
 0.00932545 0.0148516 0.0218004 0.0299355 0.0389071 0.0481676 0.0569047 0.0641801 0.0692475 0.0717959 0.0719402 0.0700393 0.0665248 0.0618197 0.0563087 0.0503182 0.0441049 0.03786 0.031729 0.025836 0.0203075 0.0152843 0.0109147 0.00732361 0.00457311
 0.0100657 0.0159915 0.0233896 0.0319567 0.0412566 0.050642 0.059205 0.0659577 0.0701992 0.0717712 0.070998 0.0684172 0.0645429 0.0597758 0.0544132 0.0486803 0.0427545 0.0367809 0.0308865 0.0251931 0.0198305 0.014944 0.0106839 0.00717697 0.00448695
 0.0101462 0.0162025 0.0238527 0.032828 0.0426782 0.0526682 0.0617353 0.0687204 0.0728025 0.0738034 0.072137 0.0685123 0.0636454 0.0581097 0.052297 0.0464332 0.0406238 0.0349147 0.029344 0.0239744 0.0189058 0.0142714 0.0102183 0.0068733 0.00430237
 0.00973602 0.0156069 0.0230948 0.0319915 0.0419065 0.052147 0.0616626 0.0692576 0.0740099 0.0755829 0.0742225 0.0705298 0.0652269 0.0590083 0.0524506 0.0459551 0.0397349 0.033856 0.0283093 0.0230815 0.0182017 0.0137548 0.00986313 0.00664453 0.00416505
 0.00948355 0.0151948 0.0224754 0.0311305 0.0408038 0.0508647 0.0603471 0.0681328 0.0733306 0.0755585 0.0749403 0.0719103 0.0670309 0.0609001 0.0540973 0.0471247 0.0403509 0.0339885 0.028116 0.0227345 0.0178348 0.0134443 0.0096353 0.00649481 0.00407563
 0.0095156 0.0152226 0.0224711 0.0310491 0.0405908 0.0504718 0.0597517 0.0673589 0.0724621 0.0747395 0.0743515 0.0717198 0.0673314 0.0616611 0.0551612 0.0482556 0.041318 0.0346429 0.028425 0.0227638 0.0176971 0.0132472 0.00945107 0.00635576 0.0039854
 0.00953638 0.0152579 0.0225252 0.0311226 0.0406744 0.0505398 0.0597596 0.0672511 0.0721922 0.074297 0.0737832 0.0711319 0.0668665 0.0614512 0.0552753 0.0486657 0.0419057 0.0352466 0.0289054 0.0230509 0.0177983 0.0132204 0.00936552 0.00626389 0.00391358
 0.0095272 0.0152428 0.0225026 0.0310918 0.0406368 0.0504988 0.0597192 0.0672107 0.0721408 0.0742112 0.0736355 0.070909 0.066589 0.06118 0.0550953 0.0486493 0.0420756 0.0355603 0.0292734 0.0233781 0.0180239 0.0133329 0.00939172 0.00624379 0.00388023
 0.00959642 0.0153461 0.0226406 0.0312585 0.0408202 0.0506837 0.0598887 0.0673481 0.0722308 0.0742408 0.0735937 0.0707873 0.0663852 0.0609069 0.0547881 0.0483634 0.0418685 0.035467 0.0292886 0.0234608 0.0181199 0.0134015 0.00941878 0.00623786 0.00385872
 0.009449 0.0151402 0.022393 0.0310055 0.0406068 0.0505464 0.0598426 0.0673847 0.0723264 0.0743684 0.0737306 0.0709164 0.0664927 0.060982 0.0548259 0.048371 0.0418666 0.0354826 0.0293411 0.0235507 0.0182283 0.0135023 0.00949253 0.00627949 0.003875
 0.00940713 0.0150579 0.0222451 0.0307653 0.0402597 0.0501068 0.0593641 0.0669507 0.0720221 0.0742472 0.0737957 0.0711276 0.0667889 0.0613043 0.0551316 0.0486367 0.0420869 0.0356653 0.0295005 0.0236981 0.0183661 0.0136239 0.00958881 0.00634569 0.00391366
 0.00932119 0.0149217 0.0220459 0.0304918 0.0399026 0.0496611 0.0588358 0.0663665 0.0714355 0.0737357 0.0734437 0.0709995 0.0669054 0.0616352 0.0556093 0.0491813 0.0426299 0.036162 0.0299305 0.0240577 0.0186589 0.0138543 0.00976095 0.00646495 0.00398872
 0.00922543 0.0147809 0.0218613 0.0302731 0.0396636 0.0494133 0.058583 0.0661051 0.0711604 0.0734487 0.0731627 0.0707611 0.0667582 0.0616228 0.0557508 0.0494619 0.0430056 0.0365769 0.0303345 0.0244173 0.018958 0.0140892 0.00993498 0.00658553 0.00406575
 0.00916319 0.0146812 0.0217146 0.0300737 0.0394125 0.0491219 0.0582747 0.0658112 0.0709097 0.0732568 0.0730283 0.0706734 0.06671 0.0616204 0.0558128 0.049607 0.0432383 0.0368801 0.030674 0.0247539 0.0192593 0.0143361 0.0101216 0.00671584 0.0041495
 0.0090794 0.0145591 0.0215567 0.0298904 0.0392181 0.0489284 0.0580888 0.0656352 0.0707467 0.073114 0.072916 0.0706002 0.0666789 0.0616296 0.0558608 0.0496972 0.0433772 0.0370703 0.030907 0.0250087 0.0195088 0.014556 0.0102969 0.00684273 0.00423293
 0.00902818 0.0144794 0.0214441 0.0297444 0.039044 0.0487383 0.0579011 0.065471 0.0706229 0.073037 0.0728807 0.0705948 0.0666923 0.0616564 0.0559017 0.0497568 0.0434622 0.0371861 0.0310543 0.0251804 0.01969 0.0147277 0.0104429 0.00695407 0.00430917
 0.00894201 0.0143337 0.0212152 0.0294094 0.0385886 0.0481688 0.0572537 0.0648121 0.0700353 0.0725982 0.0726422 0.0705719 0.0668655 0.0619819 0.0563264 0.0502314 0.0439487 0.03766 0.0315007 0.025589 0.0200512 0.0150322 0.0106838 0.00713056 0.00442758
 0.00915098 0.0146355 0.0215979 0.0298345 0.0389976 0.0484966 0.0574426 0.0648226 0.069855 0.0722475 0.0721738 0.0700591 0.0663828 0.0615861 0.0560457 0.050067 0.0438836 0.0376702 0.0315631 0.0256843 0.0201633 0.0151466 0.0107881 0.00721577 0.00448991
 0.00937917 0.0150217 0.0222037 0.0307164 0.0401819 0.0499458 0.0590312 0.0663461 0.0710798 0.0729814 0.0723206 0.0696355 0.0654979 0.0604008 0.0547298 0.0487655 0.0426985 0.0366578 0.0307427 0.0250511 0.0196985 0.0148243 0.010579 0.00709003 0.00442049
 0.00928272 0.0148764 0.0220095 0.0304897 0.0399613 0.0497952 0.0590319 0.0665727 0.0715626 0.073675 0.0731021 0.070342 0.0659855 0.0605931 0.0546343 0.0484541 0.0422721 0.0362107 0.0303423 0.0247319 0.0194682 0.0146734 0.0104898 0.00704345 0.00439978
 0.0089938 0.0144054 0.0213011 0.0294993 0.0386745 0.0482541 0.0573582 0.0649669 0.0702672 0.0729102 0.0729995 0.0709029 0.0670813 0.0620079 0.0561325 0.0498467 0.0434528 0.0371542 0.0310753 0.0252993 0.0199092 0.0150141 0.0107458 0.0072263 0.00452163
 0.00931652 0.0148877 0.021945 0.0302703 0.0395004 0.0490305 0.0579605 0.0652746 0.0702011 0.0724706 0.0722812 0.0700701 0.0663093 0.0614207 0.0557673 0.0496606 0.043362 0.0370816 0.0309801 0.0251792 0.0197842 0.0149062 0.0106671 0.00717732 0.00449565
 0.00900364 0.014426 0.0213377 0.0295515 0.0387259 0.0482615 0.0572494 0.0646579 0.0696987 0.0720897 0.0720251 0.0699508 0.0663549 0.0616677 0.0562383 0.0503397 0.0441854 0.0379533 0.0318027 0.0258832 0.0203398 0.0153168 0.0109546 0.00736894 0.00461662
 0.0092117 0.0147237 0.0217111 0.0299634 0.0391281 0.0486126 0.0575271 0.0648559 0.0698129 0.0721048 0.0719144 0.0696909 0.0659474 0.0611543 0.0556965 0.049859 0.0438353 0.0377596 0.0317449 0.0259127 0.0204054 0.0153829 0.0110055 0.00740268 0.00463732
 0.00926285 0.014809 0.021842 0.0301474 0.0393625 0.0488773 0.0577826 0.0650528 0.0699109 0.0720899 0.0718017 0.0695101 0.065724 0.0609017 0.0554248 0.049588 0.0435983 0.0375915 0.0316651 0.025915 0.0204628 0.0154623 0.0110807 0.00746073 0.00467602
 0.00943986 0.0151363 0.0224047 0.0310411 0.0406603 0.0505818 0.0597862 0.0671359 0.0717903 0.0734962 0.0725501 0.0695371 0.0650841 0.0597347 0.0539107 0.0479079 0.04191 0.036019 0.0302948 0.0247942 0.0196007 0.0148374 0.0106532 0.00718476 0.00450867
 0.00876013 0.0141352 0.0210962 0.0295197 0.0390917 0.0491771 0.0587679 0.0666973 0.0720433 0.0744241 0.0739933 0.0712333 0.0667481 0.0611394 0.0549339 0.0485346 0.042203 0.0360785 0.030224 0.0246766 0.0194901 0.0147581 0.0106078 0.00716445 0.00450247
#obs surv len freq
 nan nan nan nan nan nan nan nan nan nan nan nan nan nan nan nan nan nan nan nan nan nan nan nan nan
 0.00447863 0.00733727 0.0111648 0.0159797 0.0216802 0.0279568 0.0342728 0.0400063 0.0446881 0.0481542 0.0505141 0.0520118 0.0529058 0.0534196 0.0537351 0.0539908 0.05427 0.0545632 0.0547022 0.0542942 0.0527321 0.0493638 0.0438127 0.0362916 0.027674
 0.0046181 0.00756312 0.0115028 0.0164523 0.0223017 0.0287247 0.0351599 0.0409576 0.0456276 0.0489988 0.0511892 0.0524624 0.0531027 0.0533606 0.053441 0.053498 0.0536214 0.053801 0.0538653 0.0534192 0.0518576 0.0485324 0.0430689 0.0356728 0.027201
 0.00478432 0.00783714 0.0119221 0.0170535 0.0231125 0.0297517 0.0363756 0.0422965 0.0469949 0.0502875 0.0522975 0.0533049 0.0536174 0.0535131 0.0532263 0.0529393 0.0527639 0.052704 0.0525946 0.0520452 0.0504557 0.0471839 0.0418544 0.0346591 0.0264249
 0.0049731 0.00814628 0.0123917 0.0177232 0.0240142 0.0308985 0.0377489 0.0438397 0.0486181 0.0518813 0.0537479 0.0545055 0.0544778 0.0539655 0.0532314 0.0524886 0.0518803 0.0514392 0.0510253 0.0502691 0.0485885 0.0453533 0.0401868 0.0332579 0.0253481
 0.00518045 0.00848643 0.0129094 0.0184623 0.0250097 0.0321634 0.039261 0.0455366 0.0504056 0.0536502 0.0553888 0.0559164 0.0555665 0.0546519 0.0534515 0.0522014 0.0510741 0.0501379 0.0492929 0.0482113 0.04635 0.0431065 0.0381079 0.0314937 0.0239842
 0.00541908 0.00887445 0.0134937 0.0192869 0.0261081 0.0335461 0.0409023 0.0473691 0.0523287 0.0555483 0.0571489 0.0574378 0.0567626 0.0554488 0.0537856 0.0520205 0.0503435 0.0488516 0.0474881 0.0459811 0.0438484 0.0405362 0.0356888 0.0294162 0.022365
 0.00565495 0.00926261 0.0140865 0.0201359 0.0272537 0.0350015 0.0426374 0.0493058 0.0543535 0.0575352 0.0589798 0.0590131 0.0580018 0.0562861 0.0541655 0.0518942 0.0496703 0.047609 0.0456894 0.043698 0.0412257 0.0377866 0.0330585 0.027129 0.0205659
 0.00588434 0.00964028 0.014664 0.0209648 0.0283764 0.036436 0.0443609 0.0512477 0.0564042 0.0595661 0.0608641 0.0606398 0.059282 0.0571529 0.054569 0.0517945 0.0490337 0.0464115 0.0439338 0.0414389 0.0385923 0.0349855 0.0303438 0.024742 0.0186715
 0.00614238 0.0100581 0.0152899 0.021843 0.0295399 0.0378938 0.0460852 0.0531682 0.0584164 0.0615495 0.0627001 0.0622229 0.0605248 0.0579874 0.0549447 0.0516744 0.0483896 0.045225 0.0422074 0.0392193 0.0359957 0.0322062 0.0276296 0.0223371 0.0167493
 0.00639609 0.0104765 0.0159302 0.0227609 0.0307768 0.0394582 0.0479345 0.0552054 0.0605075 0.0635531 0.064493 0.0637105 0.06164 0.0586835 0.0551886 0.0514415 0.0476604 0.0439872 0.0404665 0.0370191 0.0334427 0.0294808 0.024966 0.0199704 0.0148507
 0.00659913 0.0108144 0.0164535 0.0235225 0.0318222 0.0408094 0.0495723 0.0570612 0.0624706 0.0654897 0.0662689 0.0652094 0.0627739 0.0593954 0.055448 0.0512345 0.0469808 0.0428334 0.03885 0.0349831 0.0310844 0.026963 0.0225014 0.017775 0.0130838
 0.0068342 0.0111944 0.0170214 0.0243176 0.0328732 0.0421238 0.0511245 0.0587874 0.0642747 0.0672594 0.0678912 0.0665815 0.0638107 0.0600345 0.0556514 0.0509858 0.0462796 0.04169 0.0372875 0.0330502 0.0288742 0.0246235 0.0202231 0.0157505 0.0114558
 0.00705987 0.0115667 0.0175913 0.0251339 0.0339711 0.0435066 0.0527483 0.0605583 0.0660671 0.0689444 0.0693604 0.067756 0.064638 0.0604814 0.0556984 0.0506246 0.0455118 0.0405281 0.0357583 0.0312053 0.0268031 0.0224607 0.018137 0.0139088 0.00998053
 0.00725794 0.0118932 0.0180912 0.0258517 0.0349425 0.0447438 0.0542242 0.0622002 0.0677643 0.0705685 0.0707881 0.0688877 0.0654073 0.060856 0.0556734 0.0502116 0.04473 0.0394007 0.0343175 0.0295024 0.0249208 0.0205189 0.0162815 0.0122822 0.00868422
 0.00744983 0.0122055 0.0185616 0.0265157 0.0358258 0.0458521 0.0555317 0.0636449 0.0692555 0.0720019 0.0720619 0.0699132 0.0661159 0.0612042 0.0556442 0.0498116 0.0439828 0.0383401 0.0329856 0.0279552 0.0232368 0.018804 0.01466 0.0108723 0.00756772
 0.00753288 0.0123457 0.0187827 0.0268441 0.0362867 0.0464624 0.0562921 0.0645353 0.0702369 0.0730213 0.0730576 0.070819 0.0668654 0.061736 0.0559085 0.0497765 0.0436373 0.0376945 0.0320706 0.0268217 0.0219584 0.0174761 0.0133906 0.0097621 0.00668572
 0.00757012 0.0124021 0.0188606 0.0269455 0.036416 0.0466301 0.0565158 0.0648372 0.0706361 0.0735251 0.0736548 0.0714776 0.0675348 0.0623531 0.0564057 0.0500909 0.04372 0.0375184 0.0316354 0.0261567 0.0211222 0.0165516 0.0124735 0.00894168 0.00602477
 0.0076576 0.0125322 0.0190337 0.0271535 0.0366443 0.0468618 0.056736 0.0650373 0.0708173 0.0737006 0.0738464 0.0717067 0.067811 0.0626648 0.0567186 0.0503533 0.0438738 0.0375128 0.0314394 0.0257686 0.0205735 0.0159033 0.0118039 0.00832758 0.00552232
 0.0077158 0.0126276 0.019178 0.0273559 0.036907 0.0471742 0.0570716 0.0653567 0.0710803 0.0738809 0.0739416 0.0717387 0.0678154 0.0626757 0.0567541 0.0504075 0.0439173 0.0375018 0.0313309 0.0255364 0.0202197 0.0154607 0.0113275 0.00787779 0.00514693
 0.00775185 0.0126803 0.0192467 0.0274375 0.0369983 0.047275 0.0571852 0.0654872 0.0712265 0.0740326 0.0740816 0.0718498 0.0678896 0.0627188 0.0567815 0.0504336 0.0439441 0.0375143 0.0313011 0.0254362 0.0200352 0.0152019 0.0110264 0.00757788 0.00488696
 0.007827 0.0127933 0.0193994 0.0276246 0.037208 0.0474906 0.057388 0.0656594 0.0713557 0.0741148 0.0741208 0.0718537 0.0678652 0.0626706 0.0567143 0.0503542 0.0438599 0.0374273 0.0312044 0.0253158 0.0198786 0.0150075 0.0108083 0.00736116 0.00469742
 0.00786623 0.0128565 0.019493 0.0277529 0.0373712 0.047682 0.0575919 0.0658529 0.0715141 0.07422 0.0741662 0.0718453 0.0678168 0.0625976 0.0566288 0.0502638 0.0437681 0.0373346 0.0311083 0.0252103 0.0197572 0.014868 0.010657 0.0072116 0.00456564
 0.00787281 0.0128657 0.0195045 0.0277663 0.0373868 0.0477022 0.0576214 0.0658965 0.0715742 0.0742929 0.074243 0.0719145 0.0678688 0.0626285 0.0566401 0.0502599 0.0437533 0.0373111 0.0310752 0.0251648 0.0196962 0.014791 0.0105681 0.00711998 0.00448216
 0.00787603 0.0128677 0.0195013 0.0277526 0.0373573 0.0476547 0.0575587 0.0658279 0.0715132 0.0742541 0.0742369 0.0719444 0.0679298 0.0627089 0.0567261 0.0503399 0.04382 0.0373611 0.0311069 0.0251773 0.0196888 0.0147647 0.0105269 0.00707097 0.00443379
 0.00787791 0.0128655 0.0194886 0.0277199 0.0372952 0.0475572 0.0574276 0.0656738 0.071354 0.0741117 0.0741328 0.0718949 0.0679426 0.0627813 0.0568453 0.0504868 0.0439742 0.0375052 0.0312292 0.025271 0.0197518 0.0147983 0.0105359 0.00706274 0.00441668
 0.00790398 0.0129042 0.0195396 0.0277795 0.0373558 0.0476077 0.0574548 0.0656648 0.0713007 0.0740152 0.0740052 0.0717578 0.0678205 0.0626949 0.0568063 0.0504956 0.0440212 0.0375749 0.0313049 0.025339 0.0198033 0.0148302 0.0105494 0.00706237 0.00440841
 0.00787515 0.0128583 0.0194723 0.0276881 0.03724 0.0474711 0.0573054 0.0655146 0.071163 0.0739007 0.0739209 0.0717073 0.0678063 0.0627199 0.0568725 0.0506021 0.0441616 0.037737 0.0314723 0.0254953 0.0199355 0.0149308 0.0106179 0.00710316 0.00442887
 0.00787092 0.0128466 0.0194459 0.0276374 0.0371562 0.0473499 0.0571509 0.0653398 0.070987 0.0737435 0.0737986 0.0716295 0.0677763 0.0627361 0.0569309 0.0506976 0.0442881 0.037886 0.0316323 0.0256525 0.0200763 0.0150456 0.0107022 0.00715866 0.00446118
 0.00787824 0.0128584 0.0194633 0.02766 0.0371809 0.0473699 0.0571551 0.065316 0.0709264 0.0736459 0.0736744 0.0714971 0.067656 0.0626446 0.0568781 0.0506864 0.0443162 0.0379472 0.0317175 0.0257503 0.0201743 0.0151328 0.0107715 0.00720759 0.0044918
 0.00783794 0.0127956 0.0193739 0.027543 0.0370391 0.0472107 0.056991 0.0651622 0.0707971 0.0735502 0.0736144 0.07147 0.0676587 0.062676 0.056939 0.0507771 0.0444344 0.0380872 0.0318703 0.0259049 0.0203194 0.0152584 0.0108711 0.0072795 0.00453867
 0.00781941 0.0127616 0.019316 0.0274515 0.0369062 0.0470353 0.0567823 0.0649402 0.0705882 0.0733796 0.0735 0.071419 0.067668 0.062736 0.0570382 0.0509055 0.044584 0.0382511 0.0320412 0.0260738 0.0204765 0.0153947 0.0109803 0.00735958 0.00459206
 0.00779285 0.0127166 0.0192449 0.0273459 0.0367587 0.0468423 0.0565476 0.0646771 0.0703188 0.0731322 0.0733033 0.0712966 0.0676331 0.0627887 0.0571667 0.0510903 0.0448041 0.0384874 0.032278 0.0262984 0.0206785 0.0155657 0.0111155 0.00745837 0.00465814
 0.0077627 0.0126674 0.0191703 0.02724 0.036617 0.0466632 0.0563347 0.0644401 0.070073 0.0728966 0.0730988 0.0711437 0.0675495 0.0627858 0.0572466 0.0512448 0.0450158 0.0387339 0.0325366 0.0265489 0.020905 0.0157575 0.0112668 0.00756892 0.00473227
 0.00772516 0.0126053 0.0190751 0.0271035 0.0364335 0.0464333 0.0560677 0.0641544 0.0697926 0.0726459 0.072898 0.0710072 0.0674863 0.0628004 0.0573394 0.0514105 0.0452426 0.0390038 0.0328269 0.0268362 0.0211685 0.015982 0.0114442 0.00769836 0.004819
 0.00932593 0.0148462 0.0217799 0.0298848 0.0388051 0.0479894 0.0566253 0.0637807 0.0687238 0.0711667 0.0712531 0.0693676 0.0659554 0.061434 0.0561632 0.0504325 0.0444591 0.038402 0.0323867 0.0265318 0.0209712 0.0158635 0.0113793 0.00766671 0.00480586
 0.00930937 0.0151141 0.0227024 0.0319208 0.0423023 0.0529139 0.0623902 0.069342 0.0729506 0.0732875 0.07111 0.0673585 0.0627595 0.0577216 0.0524298 0.0469712 0.0414098 0.0358131 0.0302587 0.0248404 0.019677 0.0149161 0.0107211 0.00723644 0.00454349
 0.00895325 0.0145558 0.0219225 0.0309721 0.0413628 0.0523217 0.0626029 0.0707733 0.075724 0.0770518 0.0750838 0.0706262 0.0646527 0.0580507 0.0514537 0.0451827 0.0393026 0.0337477 0.0284379 0.0233463 0.0185189 0.0140654 0.0101305 0.00685133 0.00430952
 0.0087874 0.0142731 0.0214739 0.0303073 0.0404499 0.0511822 0.0613545 0.0696577 0.0750847 0.0772389 0.0762966 0.0727679 0.0672992 0.060589 0.0533294 0.0461115 0.0393263 0.0331335 0.027516 0.0223856 0.0176804 0.0134136 0.00966753 0.00654789 0.00412576
 0.00872257 0.0141623 0.021296 0.0300361 0.0400563 0.0506403 0.0606538 0.0688216 0.0741922 0.0764402 0.0758041 0.0728009 0.0679875 0.0618785 0.0549594 0.0477 0.0405276 0.0337714 0.0276192 0.0221218 0.017252 0.0129788 0.00931233 0.00629706 0.00396809
 0.00869166 0.0141089 0.0212094 0.0299034 0.0398634 0.0503745 0.0603066 0.0683911 0.0736865 0.0758857 0.0752577 0.0723599 0.0677804 0.0620244 0.0555052 0.0485709 0.0415335 0.0346792 0.0282512 0.0224198 0.0172723 0.0128367 0.00911907 0.00612435 0.00384417
 0.00867401 0.0140809 0.021168 0.0298455 0.0397851 0.0502706 0.0601705 0.0682155 0.0734654 0.0756168 0.0749476 0.0720318 0.0674811 0.0618248 0.0554835 0.0487784 0.0419579 0.0352331 0.028802 0.022847 0.0175167 0.0129114 0.00908326 0.00604395 0.00376526
 0.00865884 0.0140592 0.0211408 0.0298154 0.039755 0.0502418 0.0601413 0.0681802 0.0734149 0.0755403 0.0748355 0.0718801 0.0672974 0.0616339 0.055328 0.0487096 0.0420152 0.0354208 0.0290785 0.0231396 0.0177545 0.0130555 0.00913626 0.006036 0.00373166
 0.00867328 0.0140756 0.0211527 0.029813 0.0397288 0.0501877 0.0600636 0.0680911 0.0733287 0.0754667 0.0747752 0.0718255 0.0672382 0.0615641 0.0552534 0.0486496 0.0419977 0.0354689 0.0291957 0.0233033 0.0179245 0.0131933 0.00922201 0.0060723 0.00373527
 0.00864624 0.0140402 0.0211147 0.0297819 0.0397135 0.0501906 0.0600777 0.068102 0.0733226 0.0754373 0.0747268 0.0717688 0.067183 0.0615149 0.0552103 0.0486142 0.0419771 0.0354748 0.0292378 0.0233807 0.0180227 0.0132899 0.00929764 0.0061187 0.00375584
 0.0086241 0.0140024 0.0210552 0.0296956 0.0395999 0.0500572 0.0599416 0.067986 0.0732463 0.0754089 0.0747402 0.0718089 0.0672342 0.0615673 0.0552602 0.0486618 0.042025 0.0355275 0.0293003 0.0234554 0.018106 0.0133725 0.00936809 0.00616953 0.00378618
 0.00863519 0.0140171 0.021071 0.0297075 0.0396008 0.0500399 0.059901 0.0679217 0.0731648 0.0753231 0.0746655 0.0717578 0.0672111 0.0615684 0.0552769 0.0486859 0.0420521 0.0355573 0.029335 0.023497 0.0181542 0.0134232 0.00941498 0.00620689 0.00381147
 0.00863374 0.0140196 0.0210834 0.0297373 0.039654 0.0501165 0.0599917 0.0680088 0.0732276 0.0753457 0.074643 0.0716973 0.0671283 0.0614806 0.0551976 0.0486217 0.0420041 0.0355241 0.0293153 0.0234901 0.018159 0.0134369 0.00943317 0.00622481 0.00382569
 0.00862789 0.0140106 0.0210711 0.0297229 0.0396406 0.0501098 0.059999 0.0680366 0.073277 0.0754098 0.0747072 0.0717446 0.0671466 0.0614674 0.05516 0.048572 0.0419543 0.0354822 0.0292852 0.0234724 0.0181525 0.0134393 0.00944117 0.00623486 0.00383486
 0.00861068 0.0139825 0.0210286 0.0296633 0.0395631 0.0500171 0.0598991 0.0679427 0.0732051 0.0753741 0.0747153 0.0717939 0.067225 0.0615574 0.055245 0.0486416 0.042006 0.0355197 0.0293139 0.0234972 0.0181758 0.0134615 0.00946146 0.00625197 0.00384791
 0.00861068 0.0139825 0.0210286 0.0296633 0.0395631 0.0500171 0.0598991 0.0679427 0.0732051 0.0753741 0.0747153 0.0717939 0.067225 0.0615574 0.055245 0.0486416 0.042006 0.0355197 0.0293139 0.0234972 0.0181758 0.0134615 0.00946146 0.00625197 0.00384791
 0.00853927 0.0138685 0.0208615 0.0294359 0.0392747 0.0496773 0.0595312 0.0675829 0.0728966 0.0751569 0.0746167 0.0718237 0.0673742 0.0618014 0.0555488 0.0489681 0.0423231 0.0358054 0.0295572 0.0236958 0.0183324 0.0135808 0.00954858 0.00631233 0.00388708
 0.00863201 0.0140065 0.021045 0.0296549 0.0395098 0.0499019 0.0597147 0.0676955 0.0729159 0.0750758 0.0744478 0.0715969 0.0671284 0.0615733 0.055364 0.0488368 0.0422415 0.0357615 0.0295371 0.0236884 0.018331 0.0135824 0.00955178 0.00631623 0.00389088
 0.00887626 0.0144085 0.021656 0.0305175 0.0406387 0.051259 0.0611905 0.069116 0.0740821 0.0758198 0.0746782 0.0713145 0.0664121 0.0605508 0.0541784 0.0476187 0.0410913 0.0347422 0.0286787 0.0229965 0.0177964 0.0131877 0.00927554 0.00613462 0.00377983
 0.00869825 0.0141476 0.0213188 0.0301353 0.0402676 0.0509735 0.061072 0.0692326 0.0744618 0.0764283 0.0754169 0.0720465 0.0670068 0.0609231 0.0543071 0.0475389 0.0408706 0.0344547 0.0283848 0.0227351 0.0175853 0.0130298 0.00916532 0.0060628 0.00373637
 0.00832575 0.0135347 0.0203878 0.0288227 0.0385539 0.0489234 0.0588636 0.0671472 0.0728214 0.0755023 0.075342 0.0727948 0.068406 0.062716 0.0562238 0.0493587 0.0424561 0.0357519 0.0294008 0.0235072 0.018158 0.0134432 0.00945257 0.00625237 0.0038536
 0.00867147 0.0140433 0.0210497 0.0295839 0.039317 0.0495599 0.0592343 0.0671353 0.0723752 0.0746723 0.0742853 0.071731 0.0675429 0.06218 0.0560302 0.0494296 0.0426693 0.035994 0.0295994 0.0236368 0.0182262 0.0134707 0.00945937 0.00625144 0.00385122
 0.00833896 0.0135633 0.0204391 0.0288951 0.0386207 0.0489169 0.0586736 0.0666498 0.0719363 0.0742537 0.0738872 0.0713946 0.0673469 0.0622145 0.0563575 0.0500498 0.0435122 0.0369416 0.0305265 0.0244475 0.0188714 0.0139446 0.00978359 0.00645907 0.00397562
 0.00857 0.0138876 0.0208338 0.0293109 0.0390008 0.0492232 0.0589016 0.0668193 0.0720609 0.0743141 0.0738286 0.0711563 0.0669054 0.0616126 0.055699 0.0494617 0.0430952 0.0367351 0.0305051 0.0245452 0.0190159 0.0140827 0.00988956 0.00652893 0.00401652
 0.00846274 0.0137539 0.0207052 0.0292355 0.0390224 0.0493536 0.0591054 0.0670261 0.0722025 0.074359 0.0737902 0.0710688 0.0667916 0.0614728 0.0555272 0.0492704 0.0429233 0.036631 0.0304991 0.0246332 0.019164 0.0142465 0.0100336 0.00663615 0.00408603
 0.00898093 0.0145534 0.0218277 0.0306884 0.0407756 0.0513347 0.0611914 0.0690389 0.0739244 0.0755724 0.0743307 0.0708701 0.065902 0.0600356 0.0537356 0.0473217 0.0409895 0.0348481 0.0289631 0.0233962 0.0182332 0.013591 0.00960054 0.00636677 0.00392825
 0.00857989 0.0139811 0.0211152 0.0299187 0.0400654 0.050803 0.0609315 0.0691057 0.0743305 0.0762851 0.0752676 0.0719021 0.0668752 0.060809 0.0542202 0.0475004 0.0409105 0.0345991 0.0286402 0.0230799 0.0179741 0.0134085 0.00948887 0.00630736 0.00390079
#pred catch len freq
 0.00411062 0.00654789 0.00963701 0.0133366 0.0176223 0.022457 0.027723 0.0331971 0.0385951 0.0436398 0.048104 0.0518328 0.0547558 0.0568853 0.0582912 0.0590703 0.0593237 0.0591323 0.0585021 0.0572773 0.0550784 0.0513738 0.045744 0.038232 0.0295305
 0.00437556 0.00689043 0.00999295 0.0136005 0.0176875 0.0222724 0.0273312 0.0327223 0.0381828 0.0433846 0.0480117 0.051836 0.0547678 0.0568565 0.058238 0.0590645 0.0594501 0.0594333 0.0589389 0.0577304 0.0553945 0.0514373 0.0455322 0.0378204 0.0290478
 0.00460971 0.00727102 0.0105588 0.0143698 0.0186334 0.0232997 0.0282738 0.0333851 0.0384217 0.0431797 0.0474785 0.0511605 0.0541114 0.0562961 0.0577749 0.0586767 0.0591355 0.0592122 0.0588195 0.0576745 0.0553176 0.0512493 0.0451901 0.0373553 0.0285452
 0.00483771 0.00763192 0.0110864 0.0150955 0.019587 0.0245018 0.0297155 0.0349953 0.0400443 0.0445866 0.048433 0.0515074 0.0538417 0.0555407 0.056732 0.0575273 0.0579982 0.0581456 0.0578423 0.0567775 0.0544691 0.0504118 0.0443485 0.0365359 0.0278071
 0.00506904 0.0079975 0.0116183 0.0158203 0.0205258 0.0256701 0.0311173 0.0366142 0.0418301 0.0464391 0.0501901 0.0529548 0.0547594 0.0557753 0.0562572 0.0564511 0.0565127 0.0564518 0.0560951 0.0550689 0.0528421 0.0488874 0.0429517 0.0353071 0.0267936
 0.00537344 0.00846642 0.0122771 0.0166793 0.0215851 0.0269248 0.0325584 0.0382234 0.0435723 0.0482562 0.0519943 0.054622 0.0561283 0.0566642 0.0565054 0.0559724 0.0553329 0.0547043 0.0539758 0.0527782 0.0505474 0.046716 0.0410012 0.0336538 0.0254874
 0.00575389 0.00905527 0.0131086 0.0177672 0.0229237 0.0284909 0.0343105 0.0401 0.0454972 0.0501478 0.0537734 0.0562107 0.0574404 0.0575953 0.0569327 0.0557755 0.0544325 0.0531029 0.0517759 0.0501665 0.0477545 0.0439725 0.0385056 0.0315513 0.0238551
 0.0061359 0.00965518 0.013973 0.0189274 0.0243937 0.0302631 0.036346 0.0423218 0.0477922 0.0523819 0.0558121 0.0579376 0.0587664 0.0584545 0.0572686 0.0555272 0.0535383 0.0515258 0.0495427 0.0473971 0.0446607 0.0408244 0.035576 0.0290581 0.0219204
 0.00646723 0.0101781 0.0147321 0.0199581 0.0257212 0.0318992 0.0382792 0.0445053 0.0501371 0.0547604 0.0580706 0.0599173 0.0603263 0.0594889 0.0577104 0.0553376 0.0526917 0.0500086 0.0473732 0.0446594 0.0415307 0.0375619 0.0324767 0.0263818 0.0198271
 0.0068078 0.0107091 0.0154905 0.0209675 0.0269939 0.0334372 0.0400706 0.0465153 0.052302 0.0569861 0.0602363 0.0618846 0.0619527 0.0606452 0.0582949 0.055283 0.0519625 0.0485978 0.0453073 0.0420195 0.0384764 0.034336 0.0293708 0.0236678 0.0176851
