SBPRF35
12.7214
Curr Bio
789209
B35
881730
F35
0.170315
FOFL
0.143547
OFL
88896.4
Bzero
3.63469e+006
#pred survey bio
 3.66912e+006 3.54758e+006 3.43909e+006 3.29674e+006 3.10557e+006 2.85528e+006 2.60924e+006 2.34633e+006 2.08857e+006 1.84798e+006 1.64453e+006 1.44698e+006 1.30564e+006 1.15469e+006 1.01261e+006 881186 792988 734256 686280 644149 617525 597858 581170 567818 551371 551795 558069 562906 554493 546142 553081 574305 571774 582747 592969 604548 621589 637396 636750 640138 646830 645946 664755 671487 679697 683176 690780 695729 703049 701851 695985 754703 799507 829320 847134 866115 869248 842579 812102 793841 2.64022e+007 1.56742e+007 1.58938e+007 1.68252e+007 1.82427e+007 1.98578e+007 2.14517e+007 2.2894e+007 2.41263e+007 2.51385e+007 2.59472e+007 2.6581e+007 2.70712e+007 2.74469e+007 2.77336e+007 2.79517e+007 2.81176e+007 2.8244e+007 2.83406e+007 2.84146e+007 2.84716e+007 2.85156e+007 2.85499e+007 2.85766e+007 2.85976e+007 2.86141e+007 2.86272e+007 2.86376e+007 2.86458e+007 2.86524e+007 2.86577e+007 2.86619e+007 2.86653e+007 2.86681e+007 2.86703e+007 2.86722e+007 2.86736e+007 2.86748e+007 2.86758e+007 2.86766e+007 2.86773e+007 2.86778e+007 2.86782e+007 2.86786e+007 2.86789e+007 2.86791e+007 2.86793e+007 2.86795e+007 2.86796e+007 2.86797e+007 2.86798e+007 2.86798e+007 2.86799e+007 2.868e+007 2.868e+007 2.868e+007 2.868e+007 2.86801e+007 2.86801e+007 2.86801e+007 2.86801e+007 2.86801e+007 2.86801e+007 2.86801e+007 2.86801e+007 2.86801e+007 2.86801e+007 2.86802e+007 2.86802e+007 2.86802e+007 2.86802e+007 2.86802e+007 2.86802e+007 2.86802e+007 2.86802e+007 2.86802e+007 2.86802e+007 2.86802e+007 2.86802e+007 2.86802e+007 2.86802e+007 2.86802e+007 2.86802e+007 2.86802e+007 2.86802e+007 2.86802e+007 2.86802e+007 2.86802e+007 2.86802e+007 2.86802e+007 2.86802e+007 2.86802e+007 2.86802e+007 2.86802e+007 2.86802e+007 2.86802e+007 2.86802e+007 2.86802e+007 2.86802e+007 2.86802e+007 0 0 0 0 0 0 0 0 0 0 0 0 0 0 0 0 0 0 0 0 0 0 0 0 0
#obs survey bio
 3.90195e+006 4.26809e+006 2.92826e+006 3.98174e+006 2.831e+006 2.12027e+006 2.37908e+006 2.49435e+006 2.54676e+006 1.94596e+006 1.93436e+006 1.31651e+006 1.49752e+006 963182 903171 757835 677881 1.03558e+006 496786 657424 764407 578995 778241 298601 306837 595942 503540 469557 443015 708450 620958 646688 562230 519925 590036 639665 449140 849475 585136 671064 554630 494412 621367 796034 615572 542693 846686 686691 809942 673381 644405 704873 1.06168e+006 726453 847629 1.27413e+006 861704 866126 1.05077e+006 525578
#pred catch bio
 102501 97086.6 136968 193586 262765 275845 308416 319374 316748 293538 296109 252195 264863 258073 246910 206122 177676 164990 155806 138630 129665 124636 119834 120957 106041 101116 101931 111753 109645 95648.4 84200.5 104141 91751.2 92557.4 91966.9 88577.5 90936.5 104939 101215 99340.3 107068 92451.1 105213 105327 110562 108252 111588 110246 117448 120411 66806.4 81331.8 94405.3 104115 102217 114157 136652 136005 121561 134474 88896.4 102909 103068 107708 116249 126377 136383 145334 152847 158877 163562 167112 169752 171687 173088 174093 174810 175317 175675 175926 176101 176224 176310 176369 176411 176439 176459 176473 176482 176489 176493 176496 176498 176500 176501 176502 176502 176502 176503 176503 176503 176503 176503 176503 176503 176503 176503 176503 176503 176503 176503 176503 176503 176503 176503 176503 176503 176503 176503 176503 176503 176503 176503 176503 176503 176503 176503 176503 176503 176503 176503 176503 176503 176503 176503 176503 176503 176503 176503 176503 176503 176503 176503 176503 176503 176503 176503 176503 176503 176503 176503 176503 176503 176503 176503 176503 176503 176503 176503 176503 0 0 0 0 0 0 0 0 0 0 0 0 0 0 0 0 0 0 0 0 0 0 0 0 0
#obs catch bio
 0 96774.2 136922 193465 263378 276092 309584 321501 319050 294861 296966 253519 265354 260178 250016 209632 179931 166191 157695 139750 130204 125274 119980 122157 107395 101975 102420 112106 110456 95888.3 84158.2 104607 91572.9 92467.2 91809.9 88412.7 91176.1 104810 100548 98949.8 107350 92501.1 106040 105616 111058 108973 112383 111027 118162 121593 66567.3 81615.8 94542.5 104690 102490 113956 136424 135813 120842 134628
#pred cpue bio
 3.6184e+006 3.49848e+006 3.39114e+006 3.24894e+006 3.05797e+006 2.80836e+006 2.56295e+006 2.30107e+006 2.04471e+006 1.80577e+006 1.60375e+006 1.4077e+006 1.2672e+006 1.11763e+006 977107 847588 760944 703587 657001 616205 590574 571662 555557 542600 526460 526836 533247 538345 530397 522435 529392 550310 548160 559086 569171 580457 597009 612527 612112 615351 621597 620409 638414 644822 652787 656049 663305 668089 675291 674290 668732 726424 771010 800759 818384 837237 840780 814962 785257 767879 2.55576e+007 1.51813e+007 1.52542e+007 1.60024e+007 1.73479e+007 1.89441e+007 2.05339e+007 2.19753e+007 2.32075e+007 2.42196e+007 2.50283e+007 2.56621e+007 2.61523e+007 2.65281e+007 2.68147e+007 2.70328e+007 2.71987e+007 2.73251e+007 2.74217e+007 2.74957e+007 2.75527e+007 2.75968e+007 2.7631e+007 2.76578e+007 2.76787e+007 2.76953e+007 2.77083e+007 2.77187e+007 2.77269e+007 2.77335e+007 2.77388e+007 2.7743e+007 2.77465e+007 2.77492e+007 2.77515e+007 2.77533e+007 2.77548e+007 2.7756e+007 2.7757e+007 2.77577e+007 2.77584e+007 2.77589e+007 2.77594e+007 2.77597e+007 2.776e+007 2.77602e+007 2.77604e+007 2.77606e+007 2.77607e+007 2.77608e+007 2.77609e+007 2.7761e+007 2.7761e+007 2.77611e+007 2.77611e+007 2.77612e+007 2.77612e+007 2.77612e+007 2.77612e+007 2.77612e+007 2.77612e+007 2.77613e+007 2.77613e+007 2.77613e+007 2.77613e+007 2.77613e+007 2.77613e+007 2.77613e+007 2.77613e+007 2.77613e+007 2.77613e+007 2.77613e+007 2.77613e+007 2.77613e+007 2.77613e+007 2.77613e+007 2.77613e+007 2.77613e+007 2.77613e+007 2.77613e+007 2.77613e+007 2.77613e+007 2.77613e+007 2.77613e+007 2.77613e+007 2.77613e+007 2.77613e+007 2.77613e+007 2.77613e+007 2.77613e+007 2.77613e+007 2.77613e+007 2.77613e+007 2.77613e+007 2.77613e+007 2.77613e+007 2.77613e+007 2.77613e+007 2.77613e+007 2.77613e+007 0 0 0 0 0 0 0 0 0 0 0 0 0 0 0 0 0 0 0 0 0 0 0 0 0
#obs cpue bio
 3.4778e+006 3.01896e+006 3.91328e+006 3.00353e+006 2.52155e+006 3.25872e+006 2.27911e+006 1.55972e+006 1.56697e+006 1.83273e+006 1.74717e+006 969554 1.58531e+006 846860 817060 564999 846753 594374 615896 603077 545633 518412 487116 605552 553794 546832 680680 768628 470220 477187 461571 496881 687761 641799 629545 539138 522462 784995 981680 478354 512102 664175 457000 693310 636756 579164 504687 560809 638480 677961 751283 685312 739617 601714 856206 963073 996256 766968 793296 830941
#pred surv len freq
 0.00488884 0.0079005 0.0118226 0.0166177 0.0221667 0.0282004 0.0342661 0.0398275 0.0444613 0.0479956 0.0504936 0.0521397 0.0531363 0.0536564 0.053836 0.0537834 0.0535956 0.0533547 0.0530715 0.0525729 0.0514059 0.0488912 0.0444092 0.0378144 0.029692
 0.00510296 0.00816418 0.0120676 0.0167396 0.0220668 0.0278443 0.0337218 0.0392491 0.0440204 0.0478011 0.0505519 0.052375 0.0534511 0.0539895 0.054185 0.054187 0.0540876 0.053918 0.0536164 0.0529571 0.0514921 0.0486151 0.0438183 0.0370504 0.0289274
 0.00529129 0.00847663 0.012543 0.0174011 0.0228971 0.0287611 0.0345735 0.039855 0.0442478 0.0476359 0.0501095 0.0518376 0.0529763 0.053653 0.0539871 0.0540961 0.0540762 0.0539618 0.0536695 0.0529362 0.0512966 0.0481777 0.0431515 0.0362517 0.0281368
 0.00546477 0.00875715 0.0129638 0.017995 0.0236933 0.0297738 0.0357825 0.0411836 0.045554 0.0487333 0.0508224 0.0520691 0.0527496 0.0530953 0.0532657 0.0533499 0.0533811 0.0533325 0.0530767 0.0523224 0.050596 0.0473474 0.0422043 0.0352645 0.0272219
 0.00566655 0.00908131 0.0134448 0.0186639 0.0245734 0.0308743 0.0370904 0.042656 0.0471156 0.0502754 0.0522044 0.0531327 0.0533522 0.0531582 0.0528075 0.0524805 0.0522542 0.0520865 0.0517948 0.0510286 0.0492798 0.0460025 0.0408604 0.0339953 0.0261207
 0.00593575 0.00951043 0.0140751 0.0195288 0.0256939 0.0322513 0.0386949 0.0444255 0.0489594 0.0520873 0.0538723 0.0545403 0.0543793 0.0536905 0.0527626 0.0518387 0.0510748 0.0504923 0.0499316 0.0490252 0.0472329 0.04399 0.0389647 0.0323099 0.0247326
 0.00617253 0.00989514 0.014654 0.0203454 0.026782 0.0336229 0.0403276 0.0462565 0.0508932 0.0540122 0.0556756 0.0561156 0.0556263 0.0545127 0.0530696 0.0515605 0.0501843 0.049025 0.0479882 0.0467525 0.0447975 0.0415584 0.0366929 0.0303333 0.0231463
 0.00640384 0.0102729 0.0152263 0.0211596 0.0278774 0.035019 0.0420089 0.0481654 0.0529341 0.0560667 0.0576191 0.0578302 0.0570076 0.055471 0.0535271 0.0514508 0.0494595 0.0476737 0.0460557 0.0443535 0.0421097 0.0387997 0.034087 0.028071 0.0213503
 0.00665454 0.0106742 0.0158195 0.0219813 0.0289558 0.0363668 0.0436138 0.0499823 0.0548868 0.0580558 0.0595332 0.059556 0.0584381 0.0565106 0.0540941 0.0514765 0.0488898 0.0464782 0.0442478 0.0420127 0.0393951 0.0359387 0.0313372 0.0256636 0.0194375
 0.00696877 0.0111674 0.0165291 0.0229316 0.030156 0.0378076 0.0452622 0.0517788 0.0567509 0.0598975 0.0612642 0.0610937 0.059705 0.0574328 0.0546006 0.0515001 0.0483705 0.0453726 0.0425475 0.03977 0.0367439 0.0330948 0.0285642 0.0232116 0.0174788
 0.00729389 0.0116795 0.017269 0.023926 0.0314129 0.0393103 0.0469622 0.0535948 0.0585806 0.0616376 0.0628275 0.0624154 0.0607384 0.0581396 0.054942 0.0514311 0.0478401 0.0443333 0.0409748 0.0376911 0.034264 0.0304044 0.0259119 0.0208446 0.0155752
 0.00765604 0.0122563 0.0181146 0.0250812 0.0328967 0.0411068 0.0490067 0.0557714 0.060738 0.0636201 0.0645039 0.0636967 0.06158 0.0585326 0.0548974 0.0509618 0.0469481 0.0430077 0.0392069 0.0355033 0.031742 0.027713 0.0232763 0.0184966 0.013686
 0.00791472 0.0126669 0.0187145 0.0259009 0.0339567 0.0424122 0.0505379 0.0574765 0.0625317 0.065392 0.066133 0.0650675 0.0625982 0.0591368 0.0550607 0.0506842 0.0462417 0.0418858 0.0376841 0.0336124 0.0295601 0.0253794 0.0209825 0.0164435 0.0120262
 0.00821242 0.0131485 0.0194342 0.0269054 0.0352742 0.0440358 0.0524112 0.0594913 0.0645466 0.0672623 0.0677351 0.0663093 0.0634179 0.0594986 0.0549532 0.0501174 0.0452425 0.0404905 0.0359357 0.0315678 0.0273068 0.0230485 0.018743 0.0144682 0.0104436
 0.00843727 0.0135243 0.0200189 0.0277596 0.0364485 0.0455509 0.0542355 0.0615319 0.066659 0.0692766 0.0694871 0.0676653 0.0642901 0.0598483 0.0547834 0.0494602 0.0441456 0.0390095 0.0341325 0.0295167 0.025105 0.0208238 0.0166462 0.0126456 0.00899829
 0.00866514 0.0138923 0.0205691 0.0285317 0.0374752 0.0468486 0.0557915 0.0632935 0.0685322 0.0711339 0.0711831 0.0690566 0.0652568 0.060312 0.0547159 0.0488791 0.0431025 0.0375752 0.0323884 0.0275539 0.0230299 0.0187618 0.0147334 0.0110058 0.00771245
 0.00876541 0.0140528 0.020807 0.0288641 0.0379196 0.0474224 0.0565092 0.0641616 0.0695435 0.0722611 0.0723733 0.0702292 0.0663088 0.0611321 0.0552046 0.0489681 0.0427661 0.0368313 0.031292 0.026189 0.0215035 0.0171972 0.0132581 0.00973071 0.00670912
 0.00881083 0.0141201 0.0208965 0.0289737 0.0380478 0.0475727 0.0566941 0.064403 0.069869 0.0726974 0.0729358 0.0709119 0.067075 0.0619121 0.0559027 0.0494801 0.0430017 0.036735 0.0308553 0.0254523 0.0205489 0.0161352 0.012208 0.00879777 0.0059631
 0.0088565 0.0141919 0.0209999 0.0291109 0.0382168 0.0477662 0.0568996 0.0646062 0.0700611 0.0728819 0.0731313 0.0711458 0.0673707 0.0622735 0.0563036 0.0498625 0.043287 0.0368442 0.030733 0.025085 0.0199719 0.015425 0.0114626 0.00811112 0.00540188
 0.00891369 0.0142808 0.021126 0.0292766 0.0384204 0.0480017 0.0571551 0.0648638 0.0702992 0.0730805 0.0732789 0.0712451 0.067439 0.0623368 0.0563835 0.0499622 0.0433828 0.0368891 0.0306725 0.0248798 0.0196168 0.014955 0.0109425 0.00761361 0.00498457
 0.00900712 0.0144083 0.0212729 0.0294152 0.0385192 0.0480387 0.0571292 0.0647952 0.0702199 0.0730211 0.0732588 0.0712698 0.0675044 0.0624356 0.0565093 0.0501083 0.043536 0.0370242 0.0307533 0.0248701 0.0194964 0.0147319 0.010653 0.00730915 0.00471292
 0.00905945 0.0144925 0.0213968 0.0295817 0.0387216 0.0482559 0.0573251 0.064927 0.0702548 0.0729528 0.0731128 0.0710927 0.0673445 0.0623258 0.0564618 0.0501178 0.0435863 0.0370917 0.0308096 0.0248857 0.0194493 0.0146164 0.0104847 0.00711887 0.00453415
 0.00916353 0.0146438 0.0215915 0.0298057 0.0389553 0.0484811 0.0575289 0.0650994 0.070383 0.0730192 0.0730998 0.070994 0.0671735 0.0621149 0.0562508 0.04994 0.0434581 0.0370108 0.0307592 0.0248416 0.019389 0.0145273 0.0103683 0.00698962 0.00441166
 0.00930496 0.014856 0.0218772 0.030154 0.0393423 0.0488741 0.05789 0.0653913 0.0705763 0.0730989 0.0730672 0.0708623 0.0669612 0.0618437 0.0559461 0.0496306 0.0431721 0.0367678 0.0305651 0.0246887 0.0192619 0.0144114 0.0102562 0.00688296 0.00431761
 0.00931501 0.014897 0.0219834 0.0303692 0.0397052 0.0493957 0.0585367 0.066085 0.0712152 0.0735888 0.073347 0.0709135 0.0668032 0.0615196 0.0555097 0.0491363 0.0426686 0.0362948 0.0301491 0.024342 0.0189833 0.0141915 0.0100838 0.00674926 0.00421723
 0.00914827 0.0146396 0.0216241 0.0299135 0.0391819 0.0488618 0.0580755 0.0657902 0.0711608 0.0737971 0.0737758 0.0714712 0.0673834 0.0620356 0.0559121 0.049413 0.0428339 0.0363759 0.0301755 0.024338 0.0189646 0.0141661 0.0100549 0.00671898 0.00418822
 0.00904838 0.0144683 0.0213505 0.0295058 0.0386177 0.0481441 0.0572481 0.0649421 0.0704129 0.0732739 0.0735706 0.0716182 0.067847 0.0627221 0.0567003 0.05019 0.0435206 0.0369348 0.030603 0.0246499 0.0191835 0.0143132 0.0101479 0.00677241 0.00421465
 0.00900627 0.0143979 0.0212401 0.0293403 0.0383791 0.0478133 0.0568107 0.0643988 0.0697905 0.0726324 0.0729996 0.0712181 0.0676997 0.0628621 0.0571014 0.0507741 0.0441847 0.0375829 0.0311682 0.0251012 0.0195186 0.0145468 0.0103008 0.00686563 0.00426677
 0.00899719 0.0143954 0.0212582 0.0293971 0.0384884 0.0479733 0.0569948 0.0645559 0.0698584 0.0725594 0.072766 0.0708493 0.067264 0.0624527 0.0568059 0.0506451 0.0442247 0.0377501 0.0313991 0.0253358 0.0197174 0.0146938 0.0103977 0.0069231 0.00429727
 0.00903082 0.0144386 0.0213029 0.0294314 0.0385028 0.0479687 0.0569857 0.0645639 0.069897 0.0726195 0.0728136 0.0708397 0.0671655 0.0622672 0.0565729 0.0504265 0.0440784 0.0377062 0.0314516 0.0254515 0.0198544 0.0148185 0.0104928 0.00698585 0.00433364
 0.00899765 0.0143767 0.0211951 0.029257 0.0382434 0.0476171 0.0565557 0.0640946 0.0694485 0.072259 0.0725961 0.0707894 0.0672684 0.0624783 0.0568384 0.0507064 0.0443579 0.0379893 0.0317445 0.025749 0.0201384 0.0150663 0.0106878 0.00712376 0.00442119
 0.0087586 0.0140171 0.0207075 0.0286531 0.0375486 0.0468637 0.0557791 0.0633357 0.0687571 0.0716943 0.0722196 0.0706532 0.0673988 0.0628645 0.0574308 0.0514302 0.045134 0.0387538 0.032456 0.0263841 0.0206828 0.0155102 0.0110273 0.0073637 0.0045763
 0.00881345 0.0140865 0.0207756 0.0286938 0.0375334 0.046773 0.0556105 0.0631024 0.0684788 0.0713878 0.0718983 0.0703346 0.0671128 0.0626516 0.0573299 0.0514615 0.0452904 0.0390047 0.0327601 0.026702 0.0209837 0.0157729 0.0112392 0.0075207 0.00468219
 0.00881187 0.0140752 0.0207419 0.0286189 0.0373952 0.0465524 0.0552985 0.0627071 0.0680279 0.0709259 0.0714774 0.0700011 0.0668976 0.062568 0.0573782 0.0516349 0.0455753 0.0393776 0.0331868 0.0271419 0.0213979 0.0161313 0.0115248 0.00772992 0.00482238
 0.00883576 0.0141085 0.0207811 0.0286557 0.0374164 0.0465407 0.055235 0.0625742 0.0678151 0.0706358 0.0711303 0.0696343 0.066558 0.0623009 0.0572171 0.0515963 0.0456587 0.0395686 0.0334593 0.0274616 0.0217268 0.016435 0.0117785 0.00792211 0.00495435
 0.00886012 0.0141431 0.020824 0.0287012 0.0374563 0.0465655 0.0552349 0.0625397 0.0677372 0.0705073 0.0709487 0.0694059 0.0663007 0.062044 0.0569964 0.0514459 0.0456024 0.0396141 0.0335971 0.0276677 0.0219685 0.0166777 0.0119937 0.00809253 0.00507533
 0.00869103 0.0139016 0.0205221 0.0283707 0.0371394 0.0462993 0.0550398 0.0624169 0.0676751 0.07049 0.0709611 0.0694356 0.0663387 0.0620864 0.0570466 0.0515148 0.0457055 0.0397649 0.0337998 0.0279135 0.0222364 0.0169405 0.0122258 0.00827718 0.00520742
 0.00854967 0.0136762 0.0201931 0.027928 0.0365901 0.0456766 0.0544066 0.0618569 0.0672689 0.0702871 0.0709652 0.0696099 0.0666263 0.0624317 0.0574087 0.0518717 0.046051 0.0401025 0.0341354 0.0282478 0.0225613 0.0172404 0.0124832 0.00847971 0.00535205
 0.00872358 0.0139187 0.0204828 0.0282179 0.0368186 0.0457867 0.0543642 0.0616613 0.0669524 0.0699066 0.0705872 0.0692913 0.0663991 0.0622981 0.0573492 0.0518599 0.046067 0.0401383 0.0341923 0.0283293 0.0226664 0.0173606 0.0126045 0.00858749 0.00543655
 0.00882326 0.0140821 0.0207289 0.0285591 0.0372503 0.0462754 0.0548424 0.0620372 0.0671386 0.0698545 0.0703073 0.0688486 0.0658867 0.061804 0.0569325 0.0515434 0.0458458 0.0399947 0.0341084 0.0282928 0.0226687 0.0173926 0.0126545 0.00864256 0.00548583
 0.00886019 0.0141427 0.0208217 0.028694 0.037438 0.046525 0.0551551 0.0623975 0.0675078 0.0701715 0.0705029 0.0688701 0.065721 0.0614852 0.0565286 0.0511299 0.0454808 0.0397079 0.0339047 0.0281627 0.0225976 0.0173657 0.0126575 0.0086618 0.00551007
 0.00898875 0.0143372 0.0210877 0.0290269 0.0378254 0.04695 0.0555979 0.0628366 0.0679188 0.0705262 0.070768 0.0690083 0.0656975 0.0612814 0.0561554 0.0506315 0.0449242 0.0391624 0.0334237 0.0277749 0.0223092 0.0171677 0.0125331 0.00859164 0.00547564
 0.00883663 0.0141213 0.020821 0.0287413 0.0375633 0.0467498 0.0554841 0.0628173 0.0679919 0.0706854 0.0710041 0.0693044 0.0660237 0.0615948 0.0564093 0.0507909 0.0449791 0.0391307 0.0333415 0.0276807 0.0222309 0.0171176 0.0125102 0.00858805 0.0054821
 0.0088059 0.0140679 0.0207356 0.0286168 0.0374003 0.0465643 0.0553091 0.0626968 0.0679641 0.070767 0.0711833 0.0695485 0.0662929 0.0618531 0.0566275 0.0509461 0.0450565 0.0391287 0.0332743 0.0275755 0.022118 0.0170205 0.0124404 0.00854588 0.00546099
 0.00884255 0.014115 0.0207828 0.0286462 0.0373899 0.0464957 0.055176 0.06251 0.0677532 0.0705745 0.0710535 0.069513 0.0663596 0.0620039 0.0568263 0.0511512 0.0452316 0.0392497 0.0333333 0.0275797 0.022086 0.0169739 0.0123966 0.0085139 0.00544217
 0.00885012 0.0141375 0.0208345 0.0287438 0.0375448 0.0467033 0.0554089 0.0627218 0.0678939 0.0706109 0.0709835 0.0693657 0.0661822 0.0618428 0.0567107 0.0510861 0.045202 0.0392315 0.0333051 0.0275311 0.022019 0.0168993 0.0123274 0.00845918 0.00540495
 0.00879123 0.0140501 0.0207195 0.0286096 0.0374083 0.0465878 0.0553403 0.062721 0.0679669 0.0707418 0.0711372 0.0695018 0.0662735 0.0618858 0.056723 0.0510928 0.0452206 0.0392647 0.0333431 0.0275604 0.0220308 0.0168934 0.01231 0.00843874 0.00538754
 0.00873773 0.0139691 0.0206088 0.0284719 0.0372509 0.0464229 0.0551849 0.0625963 0.0678952 0.0707403 0.0712105 0.0696372 0.0664429 0.0620555 0.0568666 0.0512004 0.0452973 0.0393224 0.0333909 0.0276001 0.0220598 0.0169093 0.0123139 0.00843468 0.00538056
 0.00863022 0.0138075 0.0203906 0.0282036 0.0369474 0.0461043 0.0548745 0.06232 0.0676795 0.0706091 0.0711807 0.0697146 0.0666189 0.0623074 0.0571613 0.0515024 0.0455784 0.0395668 0.033594 0.0277638 0.0221871 0.0170031 0.0123778 0.00847431 0.00540256
 0.00860429 0.0137632 0.0203202 0.0280997 0.0368053 0.0459259 0.0546712 0.0621118 0.0674899 0.0704593 0.0710851 0.0696805 0.0666484 0.0623979 0.0573041 0.051682 0.0457744 0.0397584 0.0337653 0.0279059 0.0222979 0.0170842 0.0124334 0.00850931 0.00542252
 0.00860982 0.0137722 0.0203334 0.0281165 0.0368227 0.0459374 0.0546669 0.062081 0.067426 0.0703639 0.0709697 0.0695632 0.0665485 0.0623309 0.0572791 0.0517004 0.0458301 0.0398393 0.0338565 0.0279937 0.0223726 0.0171416 0.0124734 0.00853455 0.00543685
 0.00819359 0.013122 0.0194062 0.0268957 0.0353271 0.0442315 0.0528693 0.0603585 0.0659656 0.0693302 0.0704672 0.0696209 0.0671251 0.0633334 0.0585855 0.0531811 0.0473646 0.0413267 0.0352197 0.0291799 0.0233522 0.0179067 0.0130353 0.00892004 0.00568195
 0.00810672 0.0129526 0.0190993 0.0263831 0.0345439 0.0431434 0.0514989 0.058796 0.0643575 0.0678509 0.0692865 0.0688741 0.0668913 0.063624 0.059346 0.0543066 0.0487222 0.042779 0.0366439 0.0304794 0.0244622 0.0187948 0.013699 0.00938098 0.00597763
 0.00808967 0.0129305 0.0190732 0.0263498 0.0344861 0.04302 0.0512441 0.0583355 0.0636409 0.0668862 0.0681576 0.0677287 0.0659043 0.0629516 0.0590885 0.0544892 0.0492967 0.0436423 0.0376655 0.0315294 0.0254332 0.0196148 0.014335 0.009834 0.00627328
 0.00795209 0.0127399 0.0188479 0.0261274 0.0343126 0.0429309 0.0512453 0.058394 0.0636872 0.0668315 0.0679227 0.0672787 0.0652742 0.0622477 0.0584597 0.0540796 0.0492 0.043877 0.0381767 0.0322134 0.026171 0.0203034 0.0149062 0.0102602 0.00656047
 0.0077863 0.0124792 0.018474 0.0256348 0.0337163 0.0422736 0.0505996 0.0578503 0.0633248 0.0666847 0.0679613 0.0674183 0.0654132 0.0623143 0.0584455 0.0540427 0.0492365 0.0440744 0.0385738 0.0327849 0.0268403 0.0209742 0.0154957 0.0107202 0.00688126
 0.00776164 0.0124306 0.0183847 0.0254834 0.0334811 0.0419411 0.0501746 0.0573624 0.0628287 0.0662497 0.0676513 0.0672682 0.0654129 0.062412 0.0585746 0.0541577 0.0493377 0.0442048 0.0387893 0.0331172 0.027276 0.0214595 0.0159616 0.0111104 0.00716889
 0.00779732 0.0125007 0.0185112 0.0256898 0.0337816 0.0423252 0.0505972 0.0577484 0.0630955 0.0663369 0.067544 0.0669988 0.0650434 0.0620065 0.0581763 0.0537843 0.0489951 0.0439058 0.0385624 0.0329955 0.0272759 0.0215664 0.0161338 0.0112973 0.00733065
 0.00763222 0.0122747 0.0182504 0.0254474 0.033626 0.0423188 0.0507746 0.0581037 0.0635795 0.0668664 0.0680199 0.0673336 0.065187 0.0619586 0.0579781 0.0534962 0.0486744 0.0435977 0.038301 0.032808 0.0271795 0.0215609 0.0161986 0.0113985 0.00743436
 0.00726725 0.0117214 0.0174947 0.0245099 0.0325643 0.0412259 0.0497736 0.0573323 0.0631588 0.0668622 0.0684172 0.0680387 0.0660587 0.0628524 0.0587846 0.0541602 0.0491913 0.0439955 0.0386194 0.0330833 0.0274364 0.0218093 0.0164338 0.0116068 0.00760201
#obs surv len freq
 nan nan nan nan nan nan nan nan nan nan nan nan nan nan nan nan nan nan nan nan nan nan nan nan nan
 0.00448497 0.00734641 0.0111764 0.0159926 0.0216931 0.0279682 0.0342818 0.0400127 0.044692 0.0481558 0.0505137 0.0520097 0.0529021 0.0534147 0.0537291 0.0539842 0.0542628 0.0545556 0.0546944 0.0542863 0.0527244 0.0493565 0.0438062 0.0362863 0.0276699
 0.00462273 0.00757147 0.0115168 0.016474 0.0223323 0.0287639 0.0352044 0.0410023 0.0456665 0.0490272 0.051205 0.052466 0.0530961 0.0533463 0.0534211 0.0534743 0.053595 0.0537729 0.0538361 0.0533896 0.0518284 0.048505 0.0430444 0.0356526 0.0271856
 0.00477685 0.00782646 0.0119088 0.0170394 0.0231005 0.0297449 0.0363771 0.0423082 0.0470166 0.0503168 0.0523296 0.0533347 0.0536405 0.0535273 0.0532318 0.0529376 0.0527569 0.0526934 0.0525818 0.0520313 0.0504415 0.0471702 0.0418421 0.0346488 0.026417
 0.00496863 0.00813713 0.0123746 0.0176944 0.0239709 0.0308408 0.0376816 0.043772 0.048561 0.0518442 0.0537359 0.0545178 0.0545089 0.0540078 0.0532772 0.0525326 0.0519197 0.0514737 0.0510557 0.0502964 0.0486133 0.0453756 0.0402062 0.0332738 0.0253601
 0.005183 0.00848912 0.0129106 0.0184592 0.0249984 0.0321398 0.039222 0.0454815 0.0503376 0.0535768 0.0553208 0.0558652 0.0555402 0.0546529 0.0534762 0.0522423 0.051123 0.0501885 0.0493414 0.0482561 0.0463908 0.0431428 0.0381391 0.0315191 0.0240033
 0.00540087 0.00884782 0.013459 0.0192462 0.0260642 0.0335009 0.0408558 0.0473198 0.0522747 0.0554891 0.0570869 0.0573791 0.056716 0.0554234 0.0537874 0.0520504 0.0503974 0.048922 0.0475668 0.0460615 0.0439256 0.0406067 0.03575 0.029466 0.0224025
 0.00562845 0.00921983 0.014023 0.0200484 0.0271418 0.0348693 0.0424946 0.0491664 0.0542318 0.0574411 0.0589166 0.0589782 0.0579909 0.0562968 0.0541984 0.0519514 0.049753 0.0477148 0.0458125 0.0438304 0.0413586 0.0379116 0.0331687 0.0272193 0.0206341
 0.00588169 0.00963325 0.0146483 0.0209346 0.0283257 0.0363604 0.0442604 0.0511277 0.056275 0.0594409 0.0607562 0.0605588 0.0592325 0.0571347 0.0545791 0.05183 0.0490929 0.0464933 0.0440355 0.0415552 0.0387151 0.0351055 0.030452 0.0248317 0.0187396
 0.00611705 0.0100209 0.0152412 0.0217851 0.0294755 0.0378243 0.0460094 0.0530834 0.0583208 0.0614451 0.0625942 0.0621266 0.0604503 0.0579441 0.0549372 0.0517025 0.04845 0.045313 0.0423181 0.0393466 0.0361316 0.0323409 0.027753 0.0224407 0.0168286
 0.00637042 0.010433 0.0158616 0.0226607 0.0306415 0.0392909 0.0477472 0.0550173 0.0603389 0.0634185 0.0643977 0.0636525 0.0616148 0.0586886 0.0552243 0.0515089 0.0477597 0.0441157 0.040619 0.0371885 0.0336195 0.0296536 0.0251232 0.0201023 0.0149517
 0.00660143 0.0108163 0.0164528 0.0235151 0.0318024 0.0407707 0.0495091 0.056971 0.0623564 0.0653613 0.0661405 0.0650958 0.0626858 0.059338 0.0554222 0.0512393 0.0470156 0.0428975 0.0389411 0.0350961 0.0312111 0.0270929 0.0226234 0.0178794 0.0131648
 0.00683955 0.0112021 0.0170311 0.0243278 0.0328816 0.0421269 0.0511178 0.0587656 0.0642331 0.0671953 0.067806 0.0664823 0.0637088 0.059943 0.0555813 0.0509444 0.0462697 0.0417115 0.0373379 0.033125 0.0289663 0.0247234 0.0203204 0.0158359 0.0115231
 0.00705064 0.0115538 0.0175756 0.0251174 0.0339562 0.0434951 0.0527399 0.060551 0.0660572 0.0689277 0.0693331 0.0677163 0.0645869 0.0604237 0.0556421 0.0505792 0.0454858 0.0405268 0.0357835 0.0312548 0.0268711 0.022539 0.0182159 0.0139797 0.0100375
 0.00726407 0.0119032 0.0181063 0.0258733 0.0349714 0.0447804 0.0542675 0.0622472 0.06781 0.070606 0.0708099 0.0688874 0.0653814 0.0608052 0.0556032 0.0501316 0.0446518 0.0393352 0.034273 0.0294825 0.0249243 0.0205405 0.0163135 0.0123166 0.00871478
 0.00741739 0.0121554 0.0184912 0.0264249 0.0357177 0.0457334 0.055413 0.0635399 0.0691783 0.0719631 0.0720652 0.0699541 0.0661835 0.0612844 0.0557239 0.0498822 0.0440416 0.03839 0.0330323 0.0280041 0.0232907 0.0188618 0.0147175 0.0109243 0.00760992
 0.0075296 0.0123372 0.0187642 0.0268095 0.0362305 0.0463825 0.0561923 0.0644259 0.0701319 0.0729352 0.0730016 0.0707993 0.0668819 0.0617826 0.0559751 0.0498516 0.043711 0.0377613 0.0321295 0.0268748 0.0220087 0.0175249 0.0134368 0.00980314 0.00671894
 0.00758828 0.0124303 0.0189004 0.0269964 0.0364747 0.0466894 0.0565649 0.0648638 0.0706302 0.073484 0.0735847 0.071392 0.06745 0.0622825 0.0563567 0.0500643 0.0437115 0.0375217 0.031645 0.0261695 0.0211372 0.0165688 0.0124922 0.00896021 0.00604115
 0.00764086 0.0125095 0.0190081 0.0271304 0.0366304 0.0468621 0.0567517 0.0650644 0.0708479 0.0737249 0.0738558 0.0716971 0.0677845 0.062629 0.0566835 0.0503278 0.0438628 0.037516 0.0314533 0.0257887 0.0205961 0.015926 0.0118252 0.00834633 0.00553761
 0.00771726 0.0126247 0.0191644 0.0273235 0.0368495 0.0470919 0.0569744 0.0652627 0.0710088 0.0738449 0.073943 0.0717688 0.0678603 0.0627226 0.056796 0.0504434 0.0439502 0.0375355 0.0313671 0.0255745 0.0202573 0.0154954 0.0113573 0.00790175 0.00516484
 0.00776053 0.0126936 0.0192648 0.027459 0.0370192 0.0472885 0.0571824 0.0654604 0.0711735 0.0739604 0.0740049 0.0717857 0.0678501 0.0627066 0.0567909 0.0504553 0.0439707 0.0375418 0.0313287 0.025464 0.0200629 0.0152281 0.0110497 0.00759692 0.00490124
 0.0078063 0.0127629 0.0193599 0.0275785 0.0371595 0.047444 0.0573464 0.0656237 0.0713248 0.0740862 0.0740928 0.071828 0.0678471 0.0626674 0.0567309 0.0503908 0.0439112 0.0374859 0.0312635 0.0253708 0.0199272 0.0150487 0.0108417 0.00738654 0.00471542
 0.00782476 0.0127912 0.0193991 0.0276284 0.0372182 0.0475086 0.057413 0.0656886 0.0713851 0.0741411 0.0741426 0.071872 0.067883 0.0626914 0.0567408 0.0503874 0.043898 0.0374652 0.031233 0.0253231 0.0198538 0.0149462 0.0107167 0.00725451 0.00459442
 0.00789023 0.0128874 0.0195249 0.0277759 0.0373748 0.0476604 0.0575477 0.0657966 0.07146 0.07418 0.0741465 0.0718461 0.0678342 0.0626272 0.0566671 0.0503084 0.0438165 0.0373831 0.0311507 0.0252387 0.0197636 0.0148484 0.0106135 0.00715324 0.00450469
 0.007905 0.0129159 0.0195754 0.0278574 0.0374929 0.0478122 0.0577181 0.0659611 0.0715922 0.0742613 0.074172 0.071823 0.067777 0.0625503 0.0565818 0.0502217 0.0437319 0.0373019 0.0310724 0.0251619 0.0196868 0.0147705 0.010536 0.00708012 0.00444126
 0.00788619 0.0128837 0.0195248 0.0277845 0.0373983 0.0477042 0.0576141 0.0658838 0.0715609 0.0742834 0.0742397 0.0719183 0.0678799 0.0626469 0.0566655 0.0502913 0.0437882 0.0373454 0.0311027 0.0251781 0.0196883 0.0147581 0.0105125 0.00705033 0.00441083
 0.00787303 0.0128571 0.019475 0.0276997 0.0372679 0.0475243 0.0573929 0.0656435 0.0713347 0.0741073 0.074143 0.0719152 0.0679658 0.0628012 0.0568595 0.0504974 0.0439854 0.0375206 0.0312492 0.0252932 0.0197717 0.0148119 0.0105412 0.00706019 0.00440907
 0.00788782 0.0128754 0.0194918 0.0277058 0.0372512 0.0474724 0.0572969 0.065501 0.0711527 0.073904 0.0739461 0.0717565 0.067873 0.0627891 0.0569261 0.0506251 0.0441486 0.0376932 0.0314107 0.0254304 0.0198786 0.0148878 0.0105892 0.00708628 0.00442006
 0.00790113 0.0128968 0.019523 0.0277471 0.0373001 0.0475221 0.0573353 0.0655123 0.0711221 0.0738233 0.0738184 0.071598 0.0677095 0.0626501 0.056836 0.0505966 0.0441795 0.0377689 0.0315101 0.0255332 0.0199694 0.0149585 0.0106379 0.00711566 0.00443513
 0.00787647 0.0128592 0.0194712 0.0276823 0.0372257 0.0474436 0.0572601 0.0654474 0.0710717 0.0737867 0.0737903 0.071571 0.0676799 0.0626211 0.0568178 0.0506026 0.0442195 0.0378443 0.0316128 0.0256479 0.0200801 0.0150524 0.0107089 0.0071634 0.00446368
 0.00783959 0.012794 0.0193641 0.0275188 0.0369963 0.0471512 0.0569252 0.0651083 0.0707745 0.0735717 0.0736808 0.0715693 0.0677704 0.0627783 0.057016 0.0508217 0.0444478 0.0380753 0.0318406 0.0258642 0.0202742 0.0152146 0.0108334 0.00725065 0.00451905
 0.00781133 0.0127481 0.0192946 0.0274194 0.0368601 0.0469721 0.0567011 0.0648444 0.0704875 0.0732907 0.0734423 0.0714086 0.067711 0.0628249 0.0571547 0.051027 0.0446915 0.0383332 0.032095 0.0261022 0.0204856 0.0153914 0.0109711 0.00734919 0.00458335
 0.00778632 0.0127049 0.019225 0.0273146 0.0367132 0.0467811 0.0564719 0.0645906 0.0702276 0.0730437 0.0732267 0.0712425 0.0676126 0.0628095 0.0572294 0.0511864 0.0449175 0.0385998 0.0323748 0.0263716 0.0207271 0.0155935 0.0111286 0.00746266 0.00465824
 0.00775471 0.0126542 0.0191498 0.0272102 0.0365758 0.0466095 0.0562688 0.0643644 0.069992 0.0728161 0.0730258 0.0710853 0.0675127 0.0627772 0.0572706 0.0513018 0.0451004 0.038835 0.0326399 0.0266415 0.0209784 0.0158092 0.0112991 0.00758679 0.00474093
 0.00775236 0.0126446 0.0191248 0.0271588 0.0364873 0.0464778 0.0560963 0.0641621 0.0697769 0.0726064 0.0728371 0.0709305 0.0674023 0.0627194 0.0572717 0.0513649 0.045224 0.0390114 0.0328545 0.0268741 0.0212068 0.0160135 0.011466 0.0077111 0.00482518
 0.00771094 0.0125835 0.0190442 0.0270618 0.036378 0.0463583 0.0559655 0.0640177 0.0696191 0.0724416 0.0726784 0.0707945 0.0673043 0.0626704 0.0572772 0.0514259 0.0453379 0.0391718 0.0330505 0.02709 0.0214236 0.0162123 0.0116323 0.00783759 0.00491241
 0.00766729 0.0125121 0.0189364 0.026911 0.0361823 0.0461247 0.0557119 0.0637702 0.0694043 0.0722778 0.0725718 0.0707415 0.0672983 0.0627065 0.057354 0.0515431 0.0454938 0.0393618 0.033266 0.0273182 0.0216487 0.016418 0.0118051 0.00797022 0.00500483
 0.00766713 0.0125082 0.0189238 0.026882 0.0361284 0.0460384 0.0555899 0.0636161 0.0692295 0.0720999 0.0724106 0.0706141 0.0672147 0.0626693 0.0573605 0.0515894 0.0455765 0.0394777 0.0334098 0.0274813 0.0218185 0.0165802 0.0119466 0.00808234 0.00508515
 0.00765303 0.0124874 0.0188962 0.0268482 0.0360886 0.0459913 0.0555319 0.0635423 0.0691361 0.0719878 0.0722869 0.0704918 0.0671096 0.0625958 0.0573277 0.0516 0.045628 0.0395645 0.0335249 0.0276158 0.0219616 0.0167195 0.0120705 0.00818233 0.00515807
 0.00759011 0.0123938 0.0187715 0.0266982 0.0359241 0.0458253 0.0553778 0.0634113 0.0690359 0.0719205 0.0722493 0.0704779 0.0671148 0.0626192 0.057372 0.0516691 0.0457243 0.0396865 0.0336674 0.0277705 0.0221182 0.0168668 0.0121986 0.00828449 0.00523217
 0.00758744 0.0123809 0.0187369 0.0266273 0.0358046 0.0456552 0.0551703 0.0631942 0.068842 0.0717765 0.0721675 0.0704555 0.0671391 0.0626749 0.0574477 0.0517588 0.0458267 0.0398025 0.0337962 0.0279083 0.0222576 0.0169988 0.0123141 0.00837717 0.00529986
 0.00756925 0.012356 0.0187075 0.0265965 0.0357735 0.0456192 0.0551184 0.0631134 0.0687258 0.071632 0.072016 0.0703248 0.0670522 0.0626419 0.0574651 0.0518154 0.0459102 0.0399034 0.0339086 0.0280273 0.0223777 0.0171127 0.0124146 0.00845863 0.00535991
 0.00755038 0.0123257 0.018663 0.0265365 0.0356991 0.0455353 0.0550331 0.0630354 0.0686601 0.0715767 0.071965 0.0702731 0.0670022 0.062604 0.057452 0.0518356 0.0459641 0.039985 0.0340086 0.0281366 0.0224882 0.017217 0.0125061 0.00853258 0.0054145
 0.00753106 0.0122956 0.0186199 0.0264793 0.0356279 0.0454516 0.0549408 0.0629412 0.0685725 0.0715046 0.0719139 0.0702441 0.0669916 0.062607 0.0574667 0.051864 0.0460104 0.0400514 0.0340934 0.0282337 0.0225892 0.0173135 0.0125909 0.00860101 0.00546489
 0.00750849 0.0122583 0.0185629 0.0263982 0.03552 0.0453187 0.0547904 0.0627863 0.0684293 0.0713882 0.0718354 0.0702084 0.066998 0.0626499 0.0575377 0.0519545 0.0461139 0.040164 0.0342124 0.0283555 0.0227082 0.017423 0.0126847 0.00867512 0.00551847
 0.00749815 0.0122422 0.01854 0.0263672 0.0354799 0.0452676 0.0547265 0.0627089 0.0683404 0.0712935 0.0717441 0.0701316 0.0669454 0.0626278 0.0575473 0.0519928 0.0461753 0.0402421 0.0343012 0.0284498 0.0228027 0.0175118 0.0127622 0.00873747 0.00556421
 0.00749193 0.0122325 0.0185261 0.026349 0.0354573 0.0452409 0.0546961 0.0626747 0.068302 0.07125 0.071695 0.0700786 0.0668932 0.0625836 0.057519 0.0519862 0.0461924 0.0402812 0.0343577 0.0285175 0.0228751 0.0175825 0.0128255 0.00878931 0.00560281
 0.00752319 0.0122809 0.0185943 0.0264373 0.0355632 0.0453585 0.0548157 0.0627836 0.0683858 0.0712966 0.0716968 0.0700339 0.0668069 0.0624661 0.0573847 0.0518509 0.0460706 0.0401832 0.0342884 0.0284767 0.0228585 0.0175836 0.0128372 0.00880513 0.00561799
 0.00749211 0.012237 0.0185406 0.0263808 0.0355135 0.0453243 0.0548025 0.0627926 0.0684144 0.0713391 0.0717458 0.0700812 0.0668444 0.062488 0.0573889 0.0518401 0.0460513 0.0401639 0.0342767 0.0284768 0.0228707 0.0176048 0.0128625 0.0088297 0.0056384
 0.0074865 0.0122257 0.0185196 0.0263464 0.0354638 0.0452626 0.0547383 0.06274 0.0683872 0.0713449 0.0717828 0.0701392 0.0669096 0.0625472 0.057433 0.0518653 0.0460589 0.0401592 0.0342672 0.0284695 0.0228701 0.0176118 0.012875 0.00884428 0.00565188
 0.0074865 0.0122257 0.0185196 0.0263464 0.0354638 0.0452626 0.0547383 0.06274 0.0683872 0.0713449 0.0717828 0.0701392 0.0669096 0.0625472 0.057433 0.0518653 0.0460589 0.0401592 0.0342672 0.0284695 0.0228701 0.0176118 0.012875 0.00884428 0.00565188
 0.00712493 0.0116513 0.0176828 0.0252166 0.0340433 0.0436043 0.0529598 0.0610193 0.0669303 0.070335 0.0713355 0.0702808 0.0675822 0.0636324 0.0587834 0.0533345 0.0475237 0.0415299 0.0354872 0.0295098 0.023721 0.0182772 0.0133691 0.00918934 0.00587629
 0.00711088 0.0115863 0.017507 0.0248485 0.0334002 0.0426356 0.0516785 0.0595138 0.0653509 0.0688637 0.0701505 0.0695261 0.0673425 0.0639192 0.059535 0.0544333 0.0488246 0.0428903 0.0367896 0.0306721 0.0246967 0.01905 0.0139454 0.00959174 0.00613734
 0.00710195 0.0115837 0.0175216 0.0248879 0.0334544 0.0426605 0.0515913 0.0592116 0.0647539 0.0679612 0.0690254 0.0683406 0.0662932 0.0631817 0.0592204 0.0545672 0.049351 0.0436954 0.0377359 0.0316305 0.0255687 0.0197759 0.0145029 0.00998721 0.00639594
 0.00715439 0.0116708 0.0176562 0.0250836 0.0337223 0.0430023 0.0519883 0.0596143 0.0650771 0.0680965 0.0688721 0.0678491 0.0654997 0.0622126 0.0582581 0.0537919 0.0488855 0.0435762 0.0379172 0.0320137 0.0260404 0.0202398 0.0148965 0.010284 0.00659732
 0.00706624 0.0115406 0.0174854 0.0248838 0.0335145 0.0428143 0.0518509 0.0595556 0.0651133 0.0682189 0.0690377 0.0679845 0.0655239 0.0620733 0.0579642 0.0534206 0.0485554 0.0433988 0.0379522 0.0322515 0.0264156 0.0206639 0.0152913 0.0106013 0.00682213
 0.00703979 0.0114947 0.0174115 0.0247739 0.0333652 0.042632 0.0516556 0.0593795 0.0649927 0.0681816 0.0690917 0.0681107 0.0656773 0.0621934 0.0579971 0.053345 0.0483991 0.0432311 0.0378538 0.0322766 0.0265695 0.0209071 0.0155628 0.0108471 0.00701126
 0.00711765 0.0116224 0.0176045 0.025044 0.0337145 0.0430448 0.0520944 0.0597894 0.0653171 0.0683815 0.0691567 0.068056 0.0655288 0.0619718 0.0577097 0.0529913 0.0479861 0.0427878 0.0374323 0.0319354 0.026349 0.0208123 0.015566 0.0109043 0.00708229
 0.00713085 0.0116541 0.0176713 0.025168 0.0339182 0.0433422 0.0524817 0.0602405 0.0657849 0.0688073 0.0694836 0.0682428 0.0655594 0.0618553 0.0574715 0.052661 0.0475911 0.0423563 0.0369989 0.0315419 0.0260347 0.0205996 0.0154523 0.0108657 0.00708688
 0.00709881 0.0116016 0.0175929 0.0250615 0.0337889 0.0432083 0.0523754 0.0602028 0.0658519 0.0689934 0.0697719 0.0685868 0.0658976 0.0621299 0.0576437 0.052717 0.0475388 0.0422185 0.0368074 0.0313335 0.0258449 0.0204556 0.0153651 0.0108294 0.00708448
#pred catch len freq
 0.00422844 0.00669217 0.00976556 0.0133775 0.0174884 0.0220713 0.0270428 0.0322254 0.0373774 0.0422496 0.046625 0.05034 0.0533007 0.0554919 0.0569683 0.0578409 0.0582617 0.0583906 0.05831 0.0578876 0.056666 0.0539232 0.0489923 0.0417216 0.0327616
 0.00442362 0.00694071 0.0100158 0.0135473 0.0174987 0.0218917 0.0267219 0.0318777 0.0371296 0.0421791 0.0467299 0.0505569 0.0535553 0.0557462 0.0572381 0.0581758 0.0586997 0.0589111 0.0588126 0.0582148 0.0566671 0.0535299 0.0482603 0.040811 0.0318651
 0.00461347 0.00724412 0.0104575 0.0141333 0.0181997 0.022629 0.0273696 0.0322976 0.0372318 0.0419745 0.0463311 0.0501217 0.053209 0.0555385 0.0571561 0.058187 0.0587818 0.0590451 0.0589525 0.0582705 0.0565276 0.0531191 0.0475893 0.0399845 0.0310356
 0.00481347 0.00755805 0.0109108 0.0147466 0.0189887 0.0236003 0.0285054 0.0335333 0.0384426 0.0429896 0.046985 0.0503217 0.0529781 0.055001 0.0564746 0.0574947 0.0581491 0.0584819 0.0584249 0.057715 0.0558707 0.052311 0.0466401 0.0389753 0.030088
 0.00505767 0.00793879 0.0114546 0.0154701 0.0199006 0.0247023 0.0297893 0.0349731 0.039984 0.0445387 0.0484038 0.0514407 0.0536372 0.0551051 0.0560344 0.0566211 0.0570032 0.0572098 0.0571141 0.0563892 0.0545157 0.0509169 0.0452365 0.0376404 0.028923
 0.00534612 0.00838805 0.0120951 0.0163202 0.0209676 0.0259839 0.03127 0.0366187 0.0417379 0.0463216 0.0501134 0.052952 0.0548067 0.055789 0.0561226 0.0560763 0.0558792 0.0556347 0.0552441 0.0543625 0.0524345 0.0488613 0.0432904 0.035901 0.0274829
 0.00562909 0.00883291 0.0127375 0.0171859 0.0220727 0.0273324 0.032848 0.0383881 0.043634 0.0482573 0.051986 0.0546486 0.0562075 0.0567712 0.0565691 0.0558947 0.0550288 0.0541484 0.0532294 0.0519798 0.0498654 0.0462865 0.0408784 0.0337974 0.0257911
 0.005906 0.00926999 0.0133722 0.0180482 0.0231845 0.0287051 0.0344756 0.0402377 0.0456416 0.0503299 0.0540095 0.0564987 0.0577609 0.0579122 0.0571932 0.0559113 0.0543722 0.0527976 0.0512306 0.0494573 0.0470142 0.0433451 0.0380911 0.0313725 0.0238627
 0.00620156 0.00973063 0.01403 0.0189242 0.024291 0.0300479 0.0360502 0.0420216 0.0475865 0.0523593 0.0560213 0.0583736 0.0593732 0.0591417 0.0579323 0.0560682 0.0538744 0.0516033 0.0493497 0.046976 0.0441075 0.0402639 0.0351193 0.0287649 0.0217878
 0.00654403 0.0102579 0.01477 0.0198866 0.0254716 0.0314342 0.0376221 0.043747 0.0494173 0.054231 0.0578546 0.0600774 0.0608487 0.0602874 0.0586486 0.056263 0.0534679 0.0505387 0.0476128 0.0446223 0.0412848 0.0372107 0.0321272 0.0261109 0.0196633
 0.00693852 0.0108649 0.0156203 0.0209879 0.0268116 0.032985 0.0393406 0.0455729 0.0512753 0.0560382 0.0595302 0.0615482 0.0620498 0.0611585 0.0591301 0.0562916 0.0529782 0.0494724 0.0459402 0.0423729 0.0385762 0.034256 0.0292047 0.0234974 0.0175586
 0.00730726 0.0114407 0.0164434 0.022082 0.0281826 0.0346189 0.0411968 0.0475782 0.0533259 0.0580122 0.0613059 0.0630211 0.0631436 0.061828 0.059353 0.0560545 0.0522634 0.0482559 0.044206 0.0401432 0.0359455 0.0314076 0.0263895 0.0209743 0.0155206
 0.00766982 0.0119993 0.0172281 0.0231042 0.0294388 0.0360961 0.0428704 0.0494041 0.0552328 0.059901 0.0630577 0.0645132 0.0642686 0.0625098 0.0595525 0.0557634 0.0514895 0.0470102 0.0425032 0.03802 0.0334893 0.0287765 0.0238006 0.0186556 0.0136452
