SBPRF35
12.7214
Curr Bio
746663
B35
866049
F35
0.169528
FOFL
0.147092
OFL
91972.4
Bzero
3.63469e+006
#pred survey bio
 3.52426e+006 3.43516e+006 3.35201e+006 3.20511e+006 3.01732e+006 2.81675e+006 2.56431e+006 2.33355e+006 2.09924e+006 1.86642e+006 1.66365e+006 1.46766e+006 1.30381e+006 1.17146e+006 1.04078e+006 903940 817252 732483 691078 651142 619862 599151 584509 563918 563955 562657 559182 551296 551057 552289 564244 565267 568587 577972 592536 588785 600202 607398 626645 641044 645520 652326 657285 663913 674790 694258 709792 712210 719795 719749 717137 756324 760865 764166 758832 731987 715174 725671 752952 752098 2.66782e+007 1.56947e+007 1.57882e+007 1.66399e+007 1.80231e+007 1.96409e+007 2.12594e+007 2.2736e+007 2.40043e+007 2.50498e+007 2.58873e+007 2.65447e+007 2.70538e+007 2.74443e+007 2.77423e+007 2.7969e+007 2.81415e+007 2.82728e+007 2.8373e+007 2.84498e+007 2.85088e+007 2.85545e+007 2.85899e+007 2.86175e+007 2.86392e+007 2.86563e+007 2.86697e+007 2.86804e+007 2.86889e+007 2.86956e+007 2.87011e+007 2.87054e+007 2.8709e+007 2.87118e+007 2.87141e+007 2.8716e+007 2.87175e+007 2.87187e+007 2.87197e+007 2.87205e+007 2.87212e+007 2.87217e+007 2.87222e+007 2.87225e+007 2.87228e+007 2.87231e+007 2.87233e+007 2.87234e+007 2.87235e+007 2.87237e+007 2.87237e+007 2.87238e+007 2.87239e+007 2.87239e+007 2.8724e+007 2.8724e+007 2.8724e+007 2.8724e+007 2.87241e+007 2.87241e+007 2.87241e+007 2.87241e+007 2.87241e+007 2.87241e+007 2.87241e+007 2.87241e+007 2.87241e+007 2.87241e+007 2.87241e+007 2.87241e+007 2.87241e+007 2.87241e+007 2.87241e+007 2.87241e+007 2.87241e+007 2.87241e+007 2.87241e+007 2.87241e+007 2.87241e+007 2.87241e+007 2.87241e+007 2.87241e+007 2.87241e+007 2.87241e+007 2.87241e+007 2.87241e+007 2.87241e+007 2.87241e+007 2.87241e+007 2.87241e+007 2.87241e+007 2.87241e+007 2.87241e+007 2.87241e+007 2.87241e+007 2.87241e+007 2.87241e+007 2.87241e+007 2.87241e+007 2.87241e+007 0 0 0 0 0 0 0 0 0 0 0 0 0 0 0 0 0 0 0 0 0 0 0 0 0
#obs survey bio
 3.577e+006 3.46675e+006 2.94572e+006 3.44658e+006 2.63641e+006 3.26096e+006 2.97672e+006 2.91378e+006 1.37851e+006 1.51908e+006 1.13676e+006 1.41971e+006 1.32072e+006 1.23993e+006 774644 943525 766868 585468 626827 498388 641848 823402 561170 516176 461152 645884 418016 552436 409447 471108 613157 374057 518271 442269 589893 590760 591566 514653 809485 528348 754279 554409 761863 506730 650333 579960 772385 980700 726452 642440 763919 650172 773003 1.24404e+006 780773 675133 624420 846462 673776 790904
#pred catch bio
 89368.7 86468 150367 196857 220631 282243 277825 296291 308889 293858 297312 275265 251461 250869 252879 204560 197952 156409 152054 141108 128815 120863 123198 104179 104846 105624 107844 100331 98872.2 90291.3 100064 98220.6 93547 89956.6 105481 92406.5 96548.5 87373.2 93145.4 102618 101558 104609 104900 103123 97896.9 103012 114264 108992 114416 114768 78649.2 107766 106457 111677 127753 117187 93243.3 78905.9 100903 86557 91972.4 102735 101924 105895 114139 124245 134387 143543 151274 157507 162365 166057 168809 170829 172294 173348 174099 174632 175007 175272 175457 175586 175676 175739 175783 175813 175834 175849 175859 175866 175871 175874 175876 175878 175879 175880 175880 175881 175881 175881 175881 175881 175881 175881 175881 175881 175881 175881 175881 175881 175881 175881 175881 175881 175881 175881 175881 175881 175881 175881 175881 175881 175881 175881 175881 175881 175881 175881 175881 175881 175881 175881 175881 175881 175881 175881 175881 175881 175881 175881 175881 175881 175881 175881 175881 175881 175881 175881 175881 175881 175881 175881 175881 175881 175881 175881 175881 175881 175881 175881 0 0 0 0 0 0 0 0 0 0 0 0 0 0 0 0 0 0 0 0 0 0 0 0 0
#obs catch bio
 0 86128 150810 197338 220955 283629 277677 296547 310446 295178 299968 278609 254043 254179 256959 205799 199386 156893 153089 142519 129821 121051 123618 104493 105536 105685 108083 100228 99341.8 90290.1 100129 98567.5 94019 90134.8 105587 92609.1 96948.9 87509 92979.5 102929 101508 104873 105454 104066 98583.2 103676 115252 108927 114775 115416 78098.5 108018 106173 110925 126965 116951 93362.3 78618.4 101221 86446.3
#pred cpue bio
 3.47254e+006 3.38515e+006 3.30319e+006 3.15669e+006 2.96929e+006 2.76914e+006 2.5177e+006 2.28767e+006 2.05424e+006 1.82254e+006 1.62075e+006 1.42603e+006 1.26346e+006 1.1324e+006 1.00357e+006 869273 784362 701660 661310 622529 592282 572473 558571 538705 538768 537665 534548 527080 526904 528113 539801 540843 544040 553253 567612 564088 575275 582359 601123 615111 619367 625810 630328 636485 646934 665906 681170 683840 691583 691851 689672 728465 733545 737193 732208 705882 689206 699618 727012 727265 2.585e+007 1.52224e+007 1.51506e+007 1.58002e+007 1.71044e+007 1.87011e+007 2.03149e+007 2.17905e+007 2.30586e+007 2.41041e+007 2.49415e+007 2.5599e+007 2.6108e+007 2.64986e+007 2.67965e+007 2.70233e+007 2.71957e+007 2.7327e+007 2.74273e+007 2.7504e+007 2.75631e+007 2.76087e+007 2.76441e+007 2.76718e+007 2.76935e+007 2.77105e+007 2.7724e+007 2.77346e+007 2.77431e+007 2.77499e+007 2.77553e+007 2.77597e+007 2.77632e+007 2.7766e+007 2.77683e+007 2.77702e+007 2.77717e+007 2.7773e+007 2.7774e+007 2.77748e+007 2.77754e+007 2.7776e+007 2.77764e+007 2.77768e+007 2.77771e+007 2.77773e+007 2.77775e+007 2.77777e+007 2.77778e+007 2.77779e+007 2.7778e+007 2.77781e+007 2.77781e+007 2.77782e+007 2.77782e+007 2.77783e+007 2.77783e+007 2.77783e+007 2.77783e+007 2.77783e+007 2.77783e+007 2.77784e+007 2.77784e+007 2.77784e+007 2.77784e+007 2.77784e+007 2.77784e+007 2.77784e+007 2.77784e+007 2.77784e+007 2.77784e+007 2.77784e+007 2.77784e+007 2.77784e+007 2.77784e+007 2.77784e+007 2.77784e+007 2.77784e+007 2.77784e+007 2.77784e+007 2.77784e+007 2.77784e+007 2.77784e+007 2.77784e+007 2.77784e+007 2.77784e+007 2.77784e+007 2.77784e+007 2.77784e+007 2.77784e+007 2.77784e+007 2.77784e+007 2.77784e+007 2.77784e+007 2.77784e+007 2.77784e+007 2.77784e+007 2.77784e+007 2.77784e+007 2.77784e+007 0 0 0 0 0 0 0 0 0 0 0 0 0 0 0 0 0 0 0 0 0 0 0 0 0
#obs cpue bio
 4.32313e+006 2.45297e+006 3.72621e+006 2.76679e+006 2.75899e+006 2.45518e+006 3.1077e+006 1.69325e+006 2.16715e+006 2.02431e+006 1.76328e+006 1.00189e+006 1.15384e+006 840453 1.14199e+006 983374 844246 818442 604864 583155 547638 551623 567079 465291 521188 675903 660624 601591 485061 717984 562209 605420 479461 762958 819240 374657 580821 653266 683389 533530 634868 580754 405350 537567 622070 794098 566614 862424 535787 746377 1.03343e+006 687543 904460 681448 827880 577277 523094 771707 753724 723987
#pred surv len freq
 0.00465835 0.00760863 0.0115351 0.0164438 0.022225 0.0285681 0.0349395 0.0407204 0.0454427 0.0489425 0.0513298 0.0528457 0.0537366 0.054197 0.0543607 0.054312 0.054103 0.0537578 0.0532323 0.0523304 0.0506362 0.0475768 0.0426779 0.0359141 0.0279057
 0.00484579 0.00782691 0.0117083 0.0164597 0.0219798 0.0280286 0.034184 0.0399218 0.044795 0.0485733 0.0512535 0.0529821 0.0539735 0.0544554 0.0546269 0.0546273 0.0545222 0.0542986 0.053843 0.0528942 0.0510163 0.0476799 0.0425001 0.0355402 0.0274637
 0.00499975 0.00809163 0.0121264 0.0170613 0.0227541 0.0288937 0.0349803 0.0404549 0.0449203 0.0482748 0.0506568 0.0522871 0.0533543 0.0539955 0.0543245 0.0544456 0.054435 0.0542967 0.0539074 0.0529704 0.0510184 0.0475296 0.0421723 0.0350813 0.0269679
 0.00516755 0.00836421 0.0125378 0.0176465 0.0235452 0.0299081 0.0361998 0.041801 0.0462437 0.0493765 0.0513468 0.0524586 0.0530295 0.0533099 0.0534588 0.0535519 0.0536005 0.0535497 0.0532382 0.0523453 0.0503906 0.0468577 0.0414475 0.0343414 0.0262833
 0.005363 0.00867968 0.0130086 0.0183048 0.0244155 0.0309997 0.0374976 0.0432597 0.0477865 0.0508941 0.0526987 0.0534843 0.053582 0.0533054 0.0529139 0.0525804 0.0523664 0.0522063 0.0518884 0.0510345 0.0491261 0.0456383 0.0402893 0.0332872 0.0253895
 0.00555572 0.00899292 0.0134801 0.0189704 0.0253029 0.0321192 0.0388322 0.0447607 0.0493794 0.0524903 0.054202 0.0547894 0.0545721 0.0538608 0.0529394 0.0520413 0.0513109 0.0507548 0.0501934 0.0492373 0.0473335 0.0439279 0.0387258 0.0319325 0.0242951
 0.00584435 0.00945177 0.0141516 0.0198875 0.0264846 0.0335624 0.0405023 0.0465876 0.0512651 0.0543252 0.0558805 0.0562174 0.0556647 0.0545365 0.053119 0.0516596 0.0503405 0.0492301 0.0482175 0.0469651 0.0449421 0.0415893 0.0365904 0.0301167 0.0228684
 0.0061153 0.00988934 0.0148045 0.0207988 0.0276833 0.0350508 0.0422429 0.0485002 0.0532391 0.0562413 0.05763 0.0577099 0.0568257 0.0553006 0.0534238 0.0514447 0.0495574 0.0478632 0.0463085 0.0446275 0.0423545 0.038968 0.0341505 0.0280315 0.0212387
 0.00639821 0.010347 0.0154894 0.0217583 0.0289518 0.0366357 0.0441098 0.0505669 0.0553848 0.0583291 0.0595289 0.0593101 0.0580438 0.056077 0.0537143 0.0512117 0.0487668 0.0464938 0.0443758 0.0422104 0.0396105 0.0361218 0.0314527 0.0257008 0.0194105
 0.00672499 0.0108695 0.0162594 0.0228189 0.0303301 0.0383322 0.046085 0.052736 0.0576262 0.0605045 0.0615036 0.0609671 0.0592903 0.0568464 0.0539632 0.0509129 0.0479023 0.0450554 0.0423791 0.0397211 0.0367686 0.0331442 0.0285992 0.0232127 0.0174471
 0.00701574 0.0113403 0.0169646 0.0238073 0.0316358 0.0399599 0.0479952 0.0548405 0.0598012 0.0626141 0.0634214 0.0625864 0.0605259 0.0576323 0.0542508 0.0506685 0.0471048 0.0436975 0.0404771 0.0373354 0.0340271 0.0302491 0.0258014 0.0207538 0.0154939
 0.0072894 0.0117892 0.0176475 0.0247812 0.0329442 0.0416149 0.0499587 0.0570176 0.0620534 0.0647862 0.0653683 0.0641903 0.061702 0.0583267 0.0544336 0.0503248 0.0462286 0.0422913 0.0385619 0.0349705 0.0313323 0.0274131 0.0230611 0.018341 0.0135721
 0.00752539 0.0121697 0.0182151 0.0255754 0.0339967 0.0429405 0.0515436 0.0588106 0.0639672 0.0667069 0.0671707 0.0657518 0.0629165 0.0591144 0.0547436 0.050132 0.0455262 0.0410865 0.0368799 0.0328695 0.0289225 0.0248653 0.0205891 0.0161559 0.0118251
 0.00766312 0.0124039 0.0185867 0.0261291 0.034772 0.0439578 0.0527904 0.0602383 0.0655003 0.068259 0.0686561 0.067089 0.064027 0.0599235 0.0551853 0.0501552 0.0450992 0.0401992 0.0355482 0.0311447 0.0269036 0.0227041 0.0184748 0.0142754 0.0103142
 0.00778257 0.0126106 0.018921 0.0266373 0.0354972 0.0449243 0.0539888 0.0616181 0.0669765 0.0697289 0.0700178 0.0682559 0.0649343 0.0605271 0.0554556 0.0500704 0.044642 0.0393606 0.0343369 0.0296003 0.0251098 0.0207923 0.0166093 0.0126185 0.00898368
 0.00802582 0.0129963 0.0194837 0.0274035 0.0364811 0.0461221 0.0553698 0.0631195 0.0685072 0.071182 0.0712874 0.069252 0.0655938 0.060819 0.055378 0.0496403 0.0438834 0.0382974 0.0329956 0.0280222 0.0233662 0.018992 0.0148882 0.0111103 0.00778316
 0.00811795 0.0131458 0.0197084 0.0277208 0.0369066 0.0466657 0.0560322 0.0638894 0.0693616 0.0720876 0.0722005 0.0701179 0.0663486 0.0613959 0.0557187 0.0497038 0.0436503 0.0377684 0.0321892 0.0269766 0.022145 0.0176876 0.0136135 0.00997664 0.00687145
 0.00835175 0.0135037 0.0202054 0.0283559 0.0376631 0.0475144 0.0569321 0.0647897 0.0702082 0.0728327 0.0728109 0.0705762 0.0666479 0.061532 0.0556831 0.0494836 0.0432322 0.0371459 0.0313693 0.025986 0.0210348 0.0165334 0.0125064 0.00900466 0.00609675
 0.00838944 0.0135645 0.0202963 0.0284825 0.0378295 0.047721 0.0571754 0.0650636 0.0705065 0.0731529 0.0731528 0.0709382 0.0670204 0.0618934 0.0560001 0.0497147 0.0433343 0.0370821 0.0311182 0.0255498 0.0204444 0.0158471 0.0118009 0.00835697 0.00556505
 0.00842458 0.0136258 0.0203957 0.0286334 0.0380423 0.0479979 0.0575054 0.0654223 0.0708621 0.0734751 0.0734219 0.0711483 0.0671774 0.0620079 0.0560786 0.0497529 0.0433148 0.0369791 0.0309069 0.0252181 0.0200022 0.0153301 0.0112639 0.00785946 0.0051537
 0.00841305 0.0136104 0.0203793 0.0286222 0.0380458 0.0480286 0.0575765 0.0655441 0.0710376 0.0736963 0.07367 0.0713984 0.0674066 0.062201 0.0562292 0.049859 0.0433721 0.036977 0.0308297 0.025053 0.0197492 0.0150083 0.0109102 0.00751858 0.00486387
 0.00844208 0.0136402 0.0203926 0.0285939 0.0379518 0.0478589 0.0573457 0.0652919 0.0708176 0.0735591 0.0736477 0.0714978 0.06761 0.0624745 0.056533 0.0501562 0.0436334 0.0371801 0.0309574 0.0250935 0.0197002 0.0148816 0.0107321 0.0073237 0.00468508
 0.00850304 0.0137271 0.0204998 0.0287057 0.0380438 0.0479017 0.0573117 0.0651638 0.0705983 0.0732779 0.0733575 0.0712603 0.067476 0.0624671 0.0566436 0.0503515 0.0438686 0.0374109 0.0311479 0.0252194 0.0197508 0.0148604 0.0106563 0.00721906 0.00457798
 0.00864485 0.0139457 0.0208056 0.0290976 0.0385066 0.0484037 0.0578029 0.0655799 0.0708732 0.0733618 0.0732347 0.0709564 0.0670513 0.0619998 0.0562065 0.0499936 0.0436068 0.0372339 0.0310279 0.0251253 0.0196582 0.0147573 0.0105433 0.00710594 0.00447723
 0.00855317 0.0138128 0.020636 0.0289067 0.0383177 0.0482417 0.0576887 0.0655263 0.0708818 0.0734221 0.0733251 0.0710509 0.0671291 0.0620541 0.0562472 0.0500409 0.0436797 0.0373393 0.0311564 0.0252558 0.0197676 0.0148298 0.0105753 0.00710502 0.00445705
 0.00847475 0.0136885 0.0204559 0.0286663 0.0380216 0.0479083 0.0573521 0.0652325 0.0706767 0.0733366 0.0733647 0.0711953 0.0673413 0.0622937 0.0564826 0.0502566 0.0438748 0.0375208 0.0313295 0.025418 0.0199092 0.0149398 0.010648 0.0071429 0.00446925
 0.00847084 0.0136736 0.0204175 0.0285877 0.0378859 0.0477056 0.057087 0.0649269 0.0703674 0.0730679 0.0731777 0.0711172 0.0673784 0.0624301 0.0566868 0.0504925 0.044113 0.0377438 0.0315303 0.0255944 0.0200588 0.0150587 0.0107337 0.0071968 0.00449741
 0.00855966 0.0138043 0.0205881 0.0287853 0.038088 0.0478833 0.0572087 0.0649642 0.0703026 0.0729016 0.0729327 0.0708346 0.0671062 0.0622092 0.0565404 0.0504228 0.044106 0.0377781 0.0315861 0.0256572 0.0201194 0.0151112 0.0107742 0.00722387 0.00451233
 0.00857416 0.0138287 0.0206259 0.0288391 0.0381575 0.0479626 0.0572846 0.0650175 0.0703126 0.0728531 0.0728223 0.0706735 0.0669188 0.0620275 0.0563956 0.0503367 0.0440853 0.0378146 0.0316616 0.025751 0.0202137 0.015194 0.0108392 0.00726963 0.00454097
 0.00856959 0.0138216 0.020616 0.0288271 0.038145 0.0479527 0.0572813 0.0650234 0.0703266 0.0728683 0.072827 0.0706552 0.0668707 0.061953 0.0563091 0.0502591 0.0440363 0.0378057 0.0316927 0.0258116 0.0202885 0.0152682 0.0109023 0.00731682 0.00457224
 0.00851888 0.0137347 0.0204777 0.0286222 0.0378641 0.0476002 0.0568815 0.0646204 0.0699745 0.0726158 0.0727038 0.0706661 0.0669974 0.0621628 0.0565663 0.0505346 0.0443125 0.0380746 0.0319503 0.026053 0.0205058 0.0154524 0.0110474 0.00742176 0.00464137
 0.00854699 0.0137812 0.020548 0.0287191 0.037984 0.0477286 0.0569922 0.0646808 0.0699576 0.0725135 0.0725324 0.0704608 0.066798 0.0620004 0.0564554 0.0504748 0.0442948 0.0380886 0.0319878 0.0261075 0.0205705 0.0155196 0.0111088 0.00747161 0.00467724
 0.00848045 0.013688 0.0204356 0.0286044 0.0378893 0.0476737 0.0569877 0.0647236 0.0700311 0.0725919 0.0725888 0.0704772 0.0667727 0.061948 0.0563996 0.0504374 0.0442883 0.0381143 0.0320394 0.0261757 0.0206458 0.0155934 0.0111743 0.00752419 0.0047152
 0.00842055 0.0135835 0.0202667 0.028352 0.0375439 0.0472474 0.0565219 0.0642841 0.0696894 0.0724003 0.0725632 0.0705963 0.066992 0.0622189 0.0566848 0.0507166 0.0445551 0.0383684 0.0322799 0.0263984 0.0208441 0.0157611 0.0113073 0.00762229 0.00478183
 0.00833235 0.0134446 0.0200655 0.0280796 0.0371945 0.0468205 0.0560267 0.0637462 0.0691547 0.0719315 0.0722279 0.0704475 0.0670506 0.062467 0.0570737 0.0511851 0.0450477 0.0388455 0.0327177 0.0267845 0.0211717 0.0160267 0.011511 0.00776839 0.00487882
 0.00837895 0.013518 0.0201709 0.0282184 0.0373616 0.047001 0.056194 0.0638637 0.0691839 0.0718454 0.0720236 0.0701526 0.0667178 0.0621579 0.0568387 0.051049 0.0450074 0.0388791 0.0327976 0.0268861 0.0212775 0.0161248 0.0115942 0.00783307 0.00492469
 0.00833652 0.0134455 0.0200562 0.0280498 0.0371333 0.0467192 0.0558811 0.0635553 0.0689176 0.0716475 0.0719011 0.0700962 0.0667131 0.0621968 0.0569239 0.0511889 0.0452065 0.0391299 0.03308 0.0271734 0.0215442 0.0163527 0.0117742 0.00796433 0.0050128
 0.00837156 0.0134932 0.0201102 0.0280971 0.0371562 0.0466993 0.0558046 0.0634179 0.0687274 0.0714255 0.0716763 0.0698974 0.0665601 0.0620975 0.0568776 0.0511933 0.0452607 0.0392328 0.0332254 0.0273471 0.0217263 0.016523 0.0119176 0.00807359 0.00508825
 0.00834231 0.013443 0.0200297 0.0279761 0.0369855 0.0464748 0.0555305 0.0631084 0.0684054 0.0711186 0.0714139 0.0697063 0.0664607 0.0620995 0.0569776 0.0513765 0.045506 0.0395183 0.0335308 0.0276537 0.0220155 0.0167778 0.0121254 0.00822918 0.00519457
 0.00831056 0.0133991 0.0199776 0.0279231 0.0369382 0.0464344 0.0554894 0.0630516 0.0683172 0.0709905 0.0712496 0.0695225 0.0662831 0.0619562 0.0568925 0.0513638 0.0455675 0.0396447 0.0337051 0.0278551 0.0222229 0.0169717 0.0122908 0.0083577 0.00528509
 0.00837415 0.0134932 0.0201021 0.0280722 0.0371032 0.0466059 0.0556587 0.0632086 0.0684469 0.0710717 0.0712593 0.0694439 0.066115 0.0617167 0.0566158 0.0510907 0.0453348 0.0394764 0.0336094 0.027826 0.0222446 0.0170243 0.0123549 0.00841829 0.00533346
 0.00845276 0.0136114 0.0202619 0.0282682 0.0373233 0.0468333 0.0558739 0.0633921 0.0685826 0.0711498 0.0712759 0.0693985 0.0660075 0.0615489 0.0563959 0.050837 0.0450748 0.0392405 0.0334221 0.0276996 0.0221777 0.0170047 0.0123656 0.00844263 0.0053593
 0.00846456 0.0136431 0.0203321 0.0284002 0.0375368 0.0471331 0.0562405 0.0637825 0.068942 0.0714284 0.071442 0.0694426 0.0659374 0.0613822 0.0561537 0.050542 0.0447522 0.0389181 0.0331279 0.0274561 0.0219968 0.016886 0.0122985 0.00841177 0.00534956
 0.00843134 0.0135951 0.020272 0.0283369 0.0374865 0.0471181 0.056286 0.0639087 0.0691541 0.0717083 0.0717492 0.0697249 0.0661479 0.0614923 0.0561573 0.0504513 0.0445907 0.0387144 0.0329116 0.0272542 0.0218293 0.016763 0.0122193 0.00836798 0.00532962
 0.00837696 0.0135093 0.0201481 0.028172 0.0372835 0.0468889 0.0560542 0.0637094 0.0690271 0.071688 0.071852 0.0699411 0.0664421 0.0618125 0.0564504 0.0506778 0.0447323 0.0387743 0.0329081 0.0272125 0.021774 0.0167125 0.0121833 0.00834789 0.00532173
 0.00826427 0.0133339 0.0198988 0.0278446 0.0368822 0.0464285 0.0555626 0.0632281 0.0686079 0.0713837 0.0717065 0.06998 0.0666652 0.0621914 0.0569324 0.0511973 0.045227 0.0391989 0.0332411 0.0274546 0.0219403 0.0168231 0.0122564 0.00839676 0.00535436
 0.00807062 0.013048 0.0195222 0.0273971 0.0363958 0.0459374 0.0550957 0.0628082 0.0682545 0.0711166 0.0715466 0.0699475 0.0667756 0.0624487 0.0573225 0.0516859 0.0457636 0.0397278 0.0337151 0.0278445 0.0222376 0.0170356 0.0124005 0.00849009 0.00541226
 0.00804048 0.0129851 0.0194032 0.0271953 0.036092 0.0455344 0.0546276 0.0623354 0.0678427 0.0708134 0.0713687 0.0698866 0.0668145 0.0625752 0.0575324 0.0519752 0.0461187 0.0401212 0.0341096 0.0282036 0.0225354 0.0172619 0.0125591 0.0085934 0.00547516
 0.00796019 0.0128633 0.0192353 0.0269799 0.0358281 0.0452184 0.054255 0.0619088 0.0673827 0.0703632 0.0709872 0.0696302 0.0667181 0.0626439 0.0577469 0.0523046 0.0465296 0.04058 0.034581 0.0286516 0.0229284 0.0175792 0.0127946 0.00875401 0.00557583
 0.0078688 0.0127273 0.0190541 0.0267616 0.035587 0.0449706 0.0540141 0.0616821 0.0671704 0.0701603 0.0707909 0.0694484 0.0665734 0.0625684 0.0577689 0.0524369 0.0467653 0.0408959 0.0349442 0.0290253 0.0232782 0.0178781 0.0130276 0.00891955 0.00568281
 0.00783817 0.0126695 0.0189531 0.0265996 0.0353512 0.0446624 0.0536559 0.0613146 0.06684 0.0699023 0.0706188 0.0693549 0.0665419 0.0625862 0.0578357 0.052562 0.0469586 0.0411577 0.0352601 0.0293683 0.0236154 0.0181792 0.013272 0.00909954 0.00580285
 0.0075763 0.012255 0.0183508 0.0257865 0.0343232 0.0434445 0.0523122 0.0599518 0.0655944 0.0689134 0.0699981 0.0691622 0.0667751 0.0631877 0.0587127 0.053613 0.0480936 0.042306 0.0363675 0.0303904 0.024514 0.0189255 0.0138515 0.00951639 0.00607827
 0.00757431 0.0122409 0.0183089 0.0256931 0.0341495 0.0431627 0.0519032 0.059412 0.0649415 0.0681902 0.0692725 0.0685195 0.0663017 0.0629502 0.0587404 0.053892 0.0485754 0.0429242 0.0370534 0.0310823 0.0251608 0.0194877 0.0143046 0.00985256 0.00630625
 0.00756974 0.0122338 0.018298 0.0256753 0.0341176 0.043103 0.0517948 0.0592297 0.064663 0.0678055 0.0687928 0.0679822 0.0657679 0.0624955 0.0584378 0.0537935 0.0486975 0.0432447 0.0375198 0.031627 0.0257162 0.0199974 0.0147302 0.0101765 0.00653046
 0.00766913 0.0123783 0.0184837 0.0258873 0.0343342 0.043301 0.0519538 0.0593314 0.0646879 0.0677325 0.0686025 0.067666 0.0653385 0.0619925 0.0579255 0.053348 0.0483871 0.0431109 0.0375664 0.031822 0.0260043 0.0203171 0.0150294 0.0104216 0.00670887
 0.00780877 0.012612 0.0188459 0.0264092 0.0350303 0.0441524 0.0528952 0.0602556 0.0654711 0.0682673 0.0688236 0.0675553 0.064918 0.0613141 0.0570647 0.0523983 0.04745 0.0422802 0.0369095 0.0313676 0.025741 0.0202045 0.0150144 0.0104553 0.00675563
 0.00771899 0.0124969 0.0187309 0.0263401 0.0350649 0.0443437 0.0532737 0.0608163 0.0661673 0.0690152 0.0695162 0.0680861 0.0652061 0.061322 0.0568032 0.0519197 0.0468361 0.0416256 0.036304 0.0308778 0.0253983 0.0200042 0.0149256 0.0104367 0.00677042
 0.00745664 0.0120835 0.018136 0.0255525 0.0341042 0.0432738 0.0522101 0.0599141 0.0655848 0.0688636 0.0698211 0.0687796 0.06615 0.0623502 0.0577649 0.0527122 0.0474184 0.042013 0.0365491 0.0310447 0.0255395 0.020147 0.0150722 0.0105744 0.00688444
 0.00705533 0.0114606 0.0172543 0.0243986 0.0326924 0.0416515 0.0504671 0.0581881 0.0640527 0.0677142 0.0692155 0.0688108 0.0668146 0.063544 0.0593075 0.0543935 0.0490503 0.0434667 0.0377664 0.0320255 0.0263153 0.0207555 0.0155425 0.0109255 0.00713157
 0.00672629 0.0109539 0.0165445 0.023481 0.0315834 0.040387 0.0491032 0.0568017 0.0627374 0.0665721 0.0683501 0.0683196 0.0667771 0.0639988 0.060229 0.0556826 0.0505515 0.0450074 0.0392007 0.0332618 0.0273195 0.0215345 0.0161235 0.0113407 0.00741259
#obs surv len freq
 nan nan nan nan nan nan nan nan nan nan nan nan nan nan nan nan nan nan nan nan nan nan nan nan nan
 0.00448756 0.00735011 0.011181 0.0159977 0.0216978 0.0279721 0.0342845 0.0400142 0.0446925 0.0481555 0.0505129 0.0520084 0.0529005 0.0534128 0.0537271 0.0539819 0.0542605 0.0545532 0.054692 0.0542839 0.052722 0.0493543 0.0438043 0.0362846 0.0276686
 0.00461736 0.00756389 0.0115075 0.0164641 0.0223231 0.0287563 0.0351987 0.0409978 0.0456624 0.0490232 0.0512013 0.0524634 0.0530952 0.0533475 0.0534245 0.0534795 0.0536016 0.0537805 0.0538442 0.053398 0.0518368 0.0485129 0.0430515 0.0356585 0.0271901
 0.00477309 0.00781998 0.0118984 0.0170241 0.0230798 0.0297197 0.0363498 0.0422824 0.0469961 0.0503036 0.052324 0.0533352 0.0536454 0.0535352 0.0532421 0.05295 0.0527712 0.0527094 0.0525991 0.0520492 0.0504594 0.0471872 0.0418573 0.0346615 0.0264267
 0.00496814 0.00813687 0.0123752 0.0176963 0.0239746 0.0308458 0.0376866 0.043775 0.0485605 0.0518401 0.0537294 0.0545108 0.054503 0.0540035 0.0532744 0.0525309 0.051919 0.0514739 0.0510568 0.0502983 0.0486158 0.0453784 0.0402088 0.0332761 0.0253619
 0.00519188 0.00850213 0.0129276 0.0184792 0.02502 0.0321618 0.0392435 0.0455018 0.0503555 0.0535906 0.0553286 0.0558657 0.0555335 0.0546404 0.0534599 0.0522242 0.0511045 0.0501702 0.0493237 0.0482394 0.0463752 0.0431287 0.038127 0.0315092 0.0239959
 0.00541295 0.00886801 0.0134903 0.0192912 0.0261242 0.0335745 0.040938 0.0474022 0.0523479 0.0555454 0.0571219 0.0573918 0.0567081 0.0553977 0.0537475 0.0520004 0.0503409 0.0488621 0.047506 0.0460016 0.0438682 0.0405538 0.0357036 0.0294279 0.0223737
 0.00564565 0.0092474 0.0140638 0.0201049 0.0272157 0.0349607 0.0426012 0.0492824 0.0543483 0.0575471 0.0590012 0.0590328 0.0580111 0.0562827 0.054154 0.0518827 0.0496669 0.0476176 0.0457097 0.0437265 0.0412579 0.0378181 0.0330866 0.0271519 0.0205831
 0.00587929 0.00962996 0.0146446 0.0209315 0.028325 0.0363647 0.0442727 0.0511512 0.0563123 0.0594924 0.0608191 0.0606271 0.0592974 0.0571867 0.0546109 0.0518379 0.0490774 0.0464581 0.0439861 0.0414975 0.0386547 0.0350473 0.0304 0.0247888 0.0187071
 0.00612558 0.0100347 0.0152616 0.0218134 0.0295122 0.0378691 0.0460605 0.053138 0.0583758 0.061498 0.0626434 0.0621714 0.0604892 0.0579741 0.054954 0.0517014 0.0484279 0.0452695 0.0422559 0.0392713 0.0360501 0.0322605 0.0276801 0.02238 0.0167824
 0.00638481 0.0104574 0.0159001 0.0227174 0.0307193 0.0393897 0.0478623 0.0551394 0.060456 0.063519 0.0644733 0.0636997 0.061634 0.0586829 0.0551973 0.0514632 0.0476962 0.0440349 0.0405224 0.0370797 0.0335049 0.0295412 0.0250211 0.0200171 0.0148867
 0.00662251 0.0108481 0.0164961 0.0235696 0.031867 0.0408444 0.0495914 0.0570609 0.0624512 0.0654553 0.0662257 0.0651634 0.0627287 0.0593526 0.0554086 0.0512004 0.0469551 0.0428189 0.0388474 0.0349911 0.0311003 0.0269833 0.022523 0.0177948 0.0131
 0.00683035 0.0111922 0.0170254 0.0243335 0.032906 0.0421739 0.0511856 0.0588469 0.0643184 0.067277 0.0678798 0.0665461 0.0637607 0.0599797 0.0555991 0.0509403 0.0462429 0.0416635 0.0372718 0.0330452 0.0288784 0.0246341 0.0202369 0.0157646 0.0114679
 0.00704784 0.0115474 0.0175631 0.0250964 0.0339263 0.0434604 0.0527096 0.0605373 0.0660704 0.0689712 0.0694017 0.0677987 0.0646707 0.0604988 0.0557021 0.05062 0.0455051 0.0405241 0.0357598 0.0312134 0.0268171 0.0224789 0.0181566 0.0139273 0.00999588
 0.00728007 0.011927 0.0181377 0.0259103 0.03501 0.0448153 0.0542934 0.0622604 0.0678107 0.0705992 0.0708039 0.0688899 0.0653957 0.0608289 0.0556297 0.0501529 0.0446615 0.0393297 0.034251 0.0294455 0.024876 0.0204863 0.0162597 0.0122687 0.00867668
 0.00744958 0.0122082 0.0185714 0.0265379 0.0358652 0.0459106 0.0556057 0.0637255 0.0693312 0.0720625 0.072101 0.0699295 0.066112 0.0611839 0.0556106 0.049767 0.043929 0.0382804 0.0329247 0.0278981 0.0231879 0.0187655 0.0146322 0.0108539 0.00755651
 0.00754535 0.0123655 0.0188117 0.026884 0.0363392 0.0465289 0.0563727 0.064628 0.0703357 0.0731163 0.0731365 0.0708705 0.0668825 0.0617178 0.05586 0.0497056 0.0435525 0.0376033 0.0319793 0.0267358 0.0218825 0.0174133 0.0133424 0.00972773 0.00666313
 0.00758447 0.0124259 0.0188971 0.0269978 0.0364861 0.0467172 0.0566159 0.064943 0.0707387 0.0736162 0.0737276 0.0715268 0.067556 0.0623433 0.0563644 0.0500216 0.0436294 0.0374153 0.0315287 0.0260543 0.0210302 0.0164743 0.0124129 0.00889755 0.00599516
 0.00767823 0.0125645 0.0190802 0.0272157 0.0367226 0.0469548 0.0568405 0.0651472 0.0709245 0.073796 0.0739214 0.0717551 0.0678293 0.062652 0.0566759 0.0502838 0.0437825 0.0374064 0.0313262 0.0256571 0.0204712 0.015816 0.0117345 0.00827654 0.00548775
 0.00771109 0.0126214 0.0191713 0.0273507 0.0369061 0.0471803 0.057087 0.0653831 0.0711182 0.0739297 0.0739988 0.0718 0.0678743 0.062725 0.0567872 0.0504196 0.0439066 0.0374698 0.031282 0.0254773 0.0201578 0.0154029 0.0112786 0.00784035 0.00512088
 0.00777182 0.0127099 0.0192861 0.027485 0.037051 0.0473297 0.0572391 0.065538 0.0712722 0.0740715 0.0741121 0.0718709 0.067901 0.0627199 0.0567715 0.0504113 0.0439085 0.0374655 0.0312413 0.0253695 0.0199675 0.0151389 0.010973 0.00753659 0.00485798
 0.0078217 0.0127874 0.0193955 0.0276263 0.037219 0.0475124 0.0574188 0.0656945 0.0713897 0.074144 0.0741442 0.0718728 0.0678815 0.0626849 0.0567255 0.0503601 0.0438578 0.0374149 0.0311811 0.025283 0.0198397 0.0149673 0.0107715 0.00733102 0.00467535
 0.00784806 0.0128258 0.0194452 0.027684 0.0372801 0.047573 0.0574765 0.065748 0.0714372 0.0741832 0.0741728 0.0718903 0.0678905 0.0626892 0.0567284 0.0503627 0.0438591 0.0374118 0.0311676 0.0252504 0.0197794 0.0148761 0.0106557 0.00720589 0.00455907
 0.00786576 0.0128524 0.0194808 0.0277271 0.0373272 0.0476191 0.057516 0.065776 0.0714514 0.0741845 0.0741658 0.0718809 0.0678835 0.0626871 0.0567317 0.0503705 0.0438692 0.0374207 0.0311702 0.0252403 0.0197508 0.0148263 0.010588 0.00712928 0.00448529
 0.00791601 0.0129284 0.0195845 0.027856 0.0374745 0.0477746 0.0576663 0.065906 0.0715463 0.0742336 0.0741653 0.0718349 0.0678027 0.0625855 0.0566228 0.0502649 0.0437733 0.0373367 0.0310967 0.0251735 0.019686 0.0147603 0.0105205 0.00706369 0.00442702
 0.00788851 0.0128908 0.019541 0.0278147 0.0374451 0.0477644 0.0576776 0.0659353 0.071587 0.0742785 0.0742086 0.0718729 0.0678332 0.0626078 0.0566377 0.0502744 0.0437795 0.0373411 0.0310991 0.025172 0.0196781 0.014744 0.0104964 0.00703466 0.00439766
 0.00787668 0.0128616 0.0194796 0.0277036 0.0372711 0.047529 0.0574034 0.0656638 0.0713652 0.0741429 0.074174 0.071932 0.0679642 0.0627839 0.0568342 0.0504718 0.0439648 0.0375063 0.0312397 0.0252857 0.0197639 0.0148027 0.0105306 0.00704962 0.00439984
 0.00790486 0.0129007 0.0195252 0.0277453 0.0372934 0.0475129 0.0573316 0.065527 0.0711694 0.0739127 0.073949 0.0717548 0.0678653 0.062773 0.0569002 0.0505912 0.0441112 0.0376573 0.0313796 0.0254051 0.0198583 0.0148711 0.0105752 0.00707466 0.00441098
 0.00789618 0.0128928 0.0195242 0.0277597 0.0373297 0.0475706 0.0573988 0.0655813 0.0711845 0.0738691 0.0738429 0.0716018 0.0676972 0.0626265 0.0568047 0.0505598 0.0441392 0.0377275 0.0314707 0.0254983 0.0199405 0.0149355 0.0106203 0.00710256 0.00442579
 0.00786084 0.012833 0.0194308 0.0276248 0.0371513 0.0473581 0.0571751 0.065379 0.0710346 0.0737881 0.0738271 0.0716323 0.0677521 0.0626929 0.0568824 0.0506566 0.0442623 0.0378763 0.0316352 0.0256626 0.020089 0.0150574 0.0107111 0.00716394 0.00446322
 0.00785646 0.0128204 0.0194017 0.0275677 0.0370542 0.0472126 0.0569821 0.0651514 0.0707973 0.0735734 0.0736663 0.0715464 0.0677453 0.0627536 0.0569906 0.0507937 0.0444163 0.038041 0.0318054 0.0258305 0.0202441 0.0151895 0.0108139 0.0072365 0.00450954
 0.00783643 0.0127886 0.019355 0.0275031 0.0369683 0.0471019 0.0568436 0.064985 0.0706082 0.0733746 0.0734785 0.0713951 0.0676544 0.0627376 0.0570502 0.0509167 0.0445829 0.0382308 0.0320016 0.0260201 0.0204165 0.0153362 0.0109296 0.00732016 0.0045645
 0.00780769 0.0127408 0.0192811 0.0273966 0.0368252 0.0469236 0.056639 0.0647697 0.0704006 0.0731909 0.0733302 0.0712899 0.0675988 0.0627385 0.0571126 0.0510399 0.0447581 0.0384418 0.0322284 0.0262433 0.02062 0.0155089 0.0110656 0.00741888 0.00463005
 0.00779328 0.0127165 0.0192428 0.0273396 0.0367449 0.0468167 0.0565053 0.0646137 0.0702317 0.0730225 0.0731772 0.0711661 0.0675149 0.062701 0.0571251 0.0511032 0.0448696 0.0385939 0.032408 0.0264333 0.0208031 0.0156704 0.0111962 0.00751562 0.00469537
 0.00774037 0.0126314 0.0191168 0.0271659 0.0365212 0.0465478 0.0562061 0.0643082 0.069949 0.0727896 0.0730141 0.071083 0.0675131 0.0627752 0.0572655 0.0512976 0.0451046 0.0388558 0.0326819 0.0267032 0.0210527 0.0158857 0.0113683 0.00764219 0.0047805
 0.00770991 0.0125778 0.0190288 0.027031 0.0363287 0.0462945 0.0559005 0.0639724 0.0696146 0.0724911 0.0727815 0.0709374 0.0674645 0.0628228 0.0573993 0.0515018 0.0453606 0.039144 0.0329828 0.0269983 0.0213247 0.0161204 0.0115565 0.00778132 0.00487466
 0.00770671 0.0125706 0.0190137 0.0270022 0.0362783 0.0462133 0.0557801 0.0638081 0.0694089 0.0722562 0.0725393 0.0707161 0.0672923 0.0627214 0.0573802 0.0515647 0.0454954 0.0393336 0.0332069 0.0272353 0.0215543 0.0163256 0.0117254 0.00790887 0.00496254
 0.00767941 0.0125318 0.0189657 0.0269499 0.0362275 0.0461673 0.055737 0.0637607 0.0693469 0.0721706 0.0724268 0.0705819 0.0671512 0.0625949 0.0572912 0.0515314 0.0455264 0.0394265 0.0333493 0.0274085 0.021737 0.0164982 0.0118731 0.00802356 0.00504325
 0.00763512 0.0124627 0.0188676 0.0268219 0.0360736 0.0459976 0.0555678 0.0636114 0.0692346 0.0721031 0.0723996 0.0705816 0.0671628 0.0626095 0.05731 0.0515638 0.045585 0.0395204 0.0334792 0.027566 0.0219068 0.0166625 0.0120166 0.00813683 0.00512399
 0.00760991 0.0124204 0.0188016 0.0267258 0.0359432 0.0458335 0.0553787 0.0634146 0.0690528 0.0719588 0.072309 0.0705501 0.0671842 0.0626698 0.0573932 0.0516588 0.0456881 0.0396342 0.0336077 0.0277088 0.0220575 0.0168095 0.0121472 0.00824203 0.00520032
 0.00760729 0.0124132 0.0187852 0.0266938 0.0358884 0.0457501 0.0552648 0.0632736 0.0688945 0.0717981 0.0721643 0.0704394 0.0671209 0.0626588 0.0574301 0.0517326 0.0457863 0.0397471 0.0337298 0.0278371 0.0221879 0.0169351 0.0122596 0.00833388 0.00526818
 0.00758451 0.0123811 0.0187459 0.0266515 0.0358476 0.0457126 0.0552275 0.0632295 0.0688359 0.0717211 0.0720719 0.0703416 0.0670325 0.0625953 0.0574028 0.0517457 0.0458367 0.0398265 0.0338284 0.0279459 0.0222993 0.017042 0.0123551 0.00841231 0.00532677
 0.00757276 0.0123616 0.0187158 0.0266091 0.0357928 0.0456492 0.0551628 0.0631728 0.0687939 0.0716944 0.0720542 0.0703238 0.0670084 0.0625655 0.0573753 0.0517316 0.0458452 0.0398615 0.0338875 0.0280226 0.0223849 0.0171277 0.0124333 0.00847738 0.00537589
 0.00754907 0.0123254 0.0186658 0.0265454 0.035717 0.0455639 0.0550722 0.0630829 0.0687129 0.0716314 0.0720159 0.0703126 0.0670204 0.0625931 0.0574108 0.0517714 0.0458905 0.0399158 0.0339537 0.0280999 0.0224685 0.0172107 0.0125085 0.0085395 0.00542243
 0.00753747 0.0123055 0.0186339 0.0264978 0.0356514 0.0454808 0.0549764 0.0629832 0.0686199 0.0715544 0.0719617 0.0702845 0.0670188 0.0626156 0.0574525 0.0518261 0.0459528 0.0399829 0.0340248 0.0281745 0.022545 0.0172851 0.0125758 0.00859516 0.00546427
 0.00754221 0.0123128 0.0186441 0.0265104 0.0356646 0.045491 0.0549787 0.0629721 0.0685918 0.0715096 0.0719048 0.0702233 0.0669622 0.0625707 0.0574237 0.0518145 0.0459571 0.0400003 0.0340527 0.0282107 0.022587 0.0173297 0.0126189 0.00863297 0.00549399
 0.00752197 0.0122836 0.018607 0.0264688 0.0356232 0.0454546 0.0549501 0.0629519 0.0685782 0.0714993 0.0718946 0.0702112 0.0669488 0.062559 0.0574182 0.0518189 0.0459734 0.0400282 0.0340902 0.0282547 0.0226342 0.0173765 0.012662 0.00866934 0.00552196
 0.00751159 0.0122633 0.0185705 0.0264092 0.0355357 0.0453404 0.0548192 0.062822 0.0684693 0.0714267 0.0718642 0.0702192 0.0669857 0.0626142 0.0574831 0.0518888 0.0460462 0.0401033 0.0341664 0.02833 0.0227058 0.0174413 0.0127171 0.00871305 0.00555392
 0.00749402 0.0122373 0.0185358 0.0263663 0.035485 0.0452808 0.0547481 0.0627375 0.0683738 0.0713288 0.0717781 0.07016 0.0669632 0.06263 0.0575311 0.0519588 0.0461283 0.0401899 0.0342528 0.0284129 0.0227824 0.0175089 0.0127736 0.00875705 0.00558558
 0.00747234 0.0122018 0.0184823 0.0262915 0.0353878 0.0451642 0.0546201 0.0626102 0.068259 0.0712356 0.071711 0.0701209 0.066954 0.0626529 0.0575865 0.0520437 0.0462351 0.0403086 0.0343736 0.0285279 0.0228858 0.0175971 0.0128446 0.00881053 0.00562292
 0.00747234 0.0122018 0.0184823 0.0262915 0.0353878 0.0451642 0.0546201 0.0626102 0.068259 0.0712356 0.071711 0.0701209 0.066954 0.0626529 0.0575865 0.0520437 0.0462351 0.0403086 0.0343736 0.0285279 0.0228858 0.0175971 0.0128446 0.00881053 0.00562292
 0.00721859 0.0117984 0.0178938 0.0254956 0.0343853 0.0439912 0.0533583 0.0613832 0.06721 0.0704913 0.0713509 0.0701641 0.0673637 0.0633542 0.0584873 0.0530519 0.0472704 0.0413075 0.0352889 0.029328 0.0235527 0.0181253 0.0132395 0.00908712 0.00580286
 0.0073363 0.0119543 0.0180619 0.0256275 0.0344198 0.0438727 0.0530546 0.060896 0.0665762 0.0697788 0.0706479 0.0695633 0.0669435 0.0631612 0.0585284 0.0532977 0.0476671 0.0417917 0.0358008 0.0298186 0.0239873 0.0184837 0.0135148 0.00928357 0.00593229
 0.00727999 0.0118875 0.018005 0.0256088 0.0344605 0.0439666 0.0531562 0.060929 0.0664638 0.0694793 0.070177 0.0689913 0.0663724 0.0626937 0.0582415 0.0532274 0.0478062 0.042098 0.0362122 0.0302694 0.024421 0.0188606 0.013814 0.00950135 0.00607743
 0.00728981 0.011897 0.0180088 0.0256019 0.0344442 0.0439543 0.0531717 0.0609942 0.066578 0.0696049 0.0702464 0.0689373 0.066164 0.0623568 0.0578509 0.0528766 0.047573 0.0420211 0.0362863 0.0304559 0.0246662 0.019113 0.0140363 0.00967406 0.00619752
 0.00735381 0.0120074 0.0181853 0.0258635 0.0348009 0.0443963 0.0536642 0.0614822 0.0670023 0.0699193 0.0704228 0.0689586 0.0660177 0.0620386 0.0573799 0.0523053 0.0469808 0.0414918 0.0358812 0.0301981 0.0245419 0.0190852 0.0140625 0.00971955 0.00624084
 0.00733168 0.0119792 0.0181581 0.0258509 0.034822 0.0444727 0.0538138 0.0617121 0.0673027 0.0702597 0.0707577 0.0692377 0.0661974 0.0620896 0.0572902 0.0520842 0.0466613 0.0411281 0.0355356 0.029922 0.0243604 0.0189946 0.0140388 0.00973288 0.00626667
 0.00715931 0.0117034 0.017753 0.0253002 0.0341281 0.0436679 0.052969 0.0609325 0.0667051 0.0699401 0.0707622 0.0695514 0.0667521 0.0627856 0.0580223 0.0527647 0.0472352 0.0415779 0.035876 0.0301853 0.024579 0.0191877 0.01421 0.00987609 0.00637563
 0.00699498 0.0114229 0.0173072 0.0246381 0.0332119 0.0424962 0.051598 0.0594811 0.0653373 0.0688295 0.0700542 0.0693338 0.067039 0.0635172 0.05908 0.0540001 0.0485038 0.0427666 0.0369167 0.0310533 0.0252792 0.0197383 0.0146304 0.0101836 0.00658691
 0.00701091 0.0114359 0.0173012 0.0245849 0.0330723 0.0422244 0.0511512 0.0588344 0.0645004 0.0678611 0.0690633 0.0684616 0.0664257 0.0632636 0.0592203 0.0544942 0.0492528 0.043644 0.037803 0.0318607 0.02596 0.0202786 0.0150376 0.0104749 0.00678315
#pred catch len freq
 0.00442845 0.00699283 0.0101726 0.0138804 0.0180643 0.022692 0.0276793 0.0328506 0.0379674 0.0427883 0.0471081 0.0507777 0.0537167 0.0559168 0.057428 0.0583384 0.0587564 0.0587823 0.0584417 0.0575788 0.0557789 0.0524385 0.0470514 0.0395993 0.0307709
 0.00462561 0.00723894 0.0104088 0.0140147 0.0180077 0.0224088 0.0272207 0.032342 0.0375519 0.0425582 0.0470698 0.0508665 0.053848 0.0560393 0.0575498 0.0585155 0.0590519 0.0592154 0.0589545 0.0580432 0.0560463 0.0524104 0.046729 0.0390813 0.0302018
 0.00480733 0.00753175 0.0108389 0.0145897 0.0186982 0.0231314 0.0278398 0.0327071 0.0375638 0.0422273 0.0465185 0.0502683 0.0533428 0.0556838 0.0573298 0.0583953 0.0590134 0.0592583 0.0590644 0.058163 0.0560823 0.052276 0.0463958 0.0385994 0.0296739
 0.00501474 0.00785569 0.0113037 0.015214 0.019496 0.0241086 0.0289791 0.0339435 0.0387684 0.0432206 0.047124 0.0503854 0.0529946 0.055003 0.0564915 0.057545 0.0582323 0.0585705 0.0584572 0.0575991 0.055509 0.0516451 0.0456939 0.0378643 0.0289811
 0.00524539 0.00821477 0.0118155 0.0158934 0.0203504 0.0251397 0.0301807 0.0352946 0.0402218 0.0446897 0.048475 0.051448 0.053602 0.0550518 0.055987 0.0565993 0.0570146 0.0572412 0.0571234 0.0563064 0.0542613 0.0504363 0.0445364 0.0368005 0.0280707
 0.00550753 0.00862257 0.0123959 0.016662 0.0213126 0.026292 0.0315087 0.0367681 0.0417929 0.0462919 0.0500218 0.0528288 0.0546828 0.0556899 0.0560657 0.0560705 0.0559246 0.0557182 0.055333 0.0544021 0.0523591 0.048619 0.0428726 0.0353561 0.0269013
 0.00583957 0.00913461 0.013116 0.017601 0.0224675 0.0276508 0.033049 0.0384523 0.0435636 0.0480732 0.0517235 0.0543517 0.0559213 0.0565339 0.0564063 0.0558175 0.0550345 0.0542208 0.0533371 0.0520756 0.0498932 0.0461983 0.0406566 0.0334677 0.0254144
 0.00618104 0.00966516 0.0138696 0.0185952 0.023705 0.0291198 0.034721 0.0402771 0.0454697 0.0499734 0.0535229 0.0559538 0.0572316 0.0574605 0.05686 0.055715 0.0543104 0.0528506 0.0513632 0.0496214 0.0471543 0.0434111 0.0380554 0.0312409 0.0236718
 0.0065478 0.0102353 0.0146801 0.0196665 0.0250422 0.0307141 0.0365449 0.0422778 0.0475657 0.0520599 0.0554829 0.0576716 0.0586036 0.0584006 0.0572982 0.0555914 0.0535742 0.0514705 0.049352 0.0470645 0.0442249 0.0403565 0.0351509 0.0287267 0.0216973
 0.00694645 0.0108516 0.0155498 0.0208055 0.0264498 0.0323772 0.0384354 0.0443456 0.0497339 0.0542258 0.0575268 0.0594681 0.0600356 0.0593705 0.0577324 0.0554383 0.052798 0.0500522 0.0473035 0.0444558 0.0412099 0.0371739 0.032087 0.0260477 0.0195793
 0.00734078 0.0114641 0.0164192 0.0219516 0.0278746 0.0340659 0.0403532 0.0464322 0.051903 0.0563725 0.0595366 0.0612266 0.0614355 0.0603185 0.0581542 0.0552796 0.0520237 0.0486468 0.0452816 0.0418835 0.0382292 0.0340101 0.0290198 0.0233465 0.0174308
 0.00768949 0.0120119 0.0172091 0.0230139 0.0292253 0.0357039 0.0422517 0.0485308 0.0541067 0.0585601 0.0615758 0.0629892 0.0628108 0.0612205 0.0585226 0.0550755 0.0512242 0.0472448 0.0432956 0.0393777 0.0353366 0.0309415 0.0260395 0.0207136 0.0153291
 0.00798832 0.0124765 0.0178707 0.0238916 0.0303297 0.0370391 0.0438119 0.0502905 0.0560113 0.0605221 0.0634798 0.0647046 0.0642101 0.0621962 0.0589972 0.0550018 0.0505801 0.0460288 0.0415308 0.0371271 0.0327233 0.0281572 0.0233248 0.0183062 0.0134002
