SBPRF35
7.78865
Curr Bio
582938
B35
701271
F35
0.227948
FOFL
0.196487
OFL
90296.1
Bzero
2.22533e+006
#pred survey bio
 4.56382e+006 4.27375e+006 4.00922e+006 3.71003e+006 3.39077e+006 3.05379e+006 2.73992e+006 2.42202e+006 2.12222e+006 1.87144e+006 1.63672e+006 1.48508e+006 1.31376e+006 1.16744e+006 1.02236e+006 907869 814923 752616 706293 669411 640280 612907 582246 575477 574684 575893 567797 563447 561394 566611 564147 558587 560239 556345 548591 539917 531005 525429 531689 540888 539257 553452 554814 551007 562046 566397 573011 579377 593509 594324 605266 589799 575113 562679 581590 2.12694e+007 1.33164e+007 1.3875e+007 1.44972e+007 1.51155e+007 1.56665e+007 1.61238e+007 1.64859e+007 1.67636e+007 1.69722e+007 1.71269e+007 1.7241e+007 1.73249e+007 1.73866e+007 1.74322e+007 1.7466e+007 1.74912e+007 1.75101e+007 1.75243e+007 1.75351e+007 1.75432e+007 1.75494e+007 1.75542e+007 1.75578e+007 1.75606e+007 1.75628e+007 1.75644e+007 1.75657e+007 1.75666e+007 1.75674e+007 1.7568e+007 1.75684e+007 1.75688e+007 1.7569e+007 1.75693e+007 1.75694e+007 1.75695e+007 1.75696e+007 1.75697e+007 1.75698e+007 1.75698e+007 1.75698e+007 1.75699e+007 1.75699e+007 1.75699e+007 1.75699e+007 1.75699e+007 1.75699e+007 1.75699e+007 1.757e+007 1.757e+007 1.757e+007 1.757e+007 1.757e+007 1.757e+007 1.757e+007 1.757e+007 1.757e+007 1.757e+007 1.757e+007 1.757e+007 1.757e+007 1.757e+007 1.757e+007 1.757e+007 1.757e+007 1.757e+007 1.757e+007 1.757e+007 1.757e+007 1.757e+007 1.757e+007 1.757e+007 1.757e+007 1.757e+007 1.757e+007 1.757e+007 1.757e+007 1.757e+007 1.757e+007 1.757e+007 1.757e+007 1.757e+007 1.757e+007 1.757e+007 1.757e+007 1.757e+007 1.757e+007 1.757e+007 1.757e+007 1.757e+007 1.757e+007 1.757e+007 1.757e+007 1.757e+007 1.757e+007 1.757e+007 1.757e+007 1.757e+007 1.757e+007 0 0 0 0 0 0 0 0 0 0 0 0 0 0 0 0 0 0 0 0 0 0 0 0 0
#obs survey bio
 3.73868e+006 3.89347e+006 4.0605e+006 3.81248e+006 2.53884e+006 2.68338e+006 2.7593e+006 2.45567e+006 1.60569e+006 1.40701e+006 1.36954e+006 1.42586e+006 1.179e+006 822203 973185 682982 864627 586148 689418 500474 681763 567037 764256 568328 519033 401157 458035 685907 444276 460305 459141 619882 518470 580283 706371 563694 640177 584191 651590 541893 465574 597566 763447 591410 421188 622014 584297 715362 528704 609393 608441 758127 546445 510035 509514
#pred catch bio
 98335 95439 154374 203752 253686 266645 302502 315439 296708 303025 244452 271636 254414 254188 225926 204682 175696 159717 148680 138470 133040 131717 108820 103171 101759 109594 105287 101987 95426.8 101577 102542 93940.5 95501.8 94503.3 90871.3 89428.5 89349.7 83686.9 83911.9 93600.6 80566.7 91933.5 96265.2 84614 91645 90555 91853.1 86963 99597.6 92076.5 115412 116335 118067 97614.8 97472.5 90296.1 107348 111009 115010 119173 122885 125875 128133 129765 130905 131681 132200 132541 132762 132904 132995 133053 133089 133112 133126 133135 133141 133144 133146 133147 133148 133149 133149 133149 133149 133150 133150 133150 133150 133150 133150 133150 133150 133150 133150 133150 133150 133150 133150 133150 133150 133150 133150 133150 133150 133150 133150 133150 133150 133150 133150 133150 133150 133150 133150 133150 133150 133150 133150 133150 133150 133150 133150 133150 133150 133150 133150 133150 133150 133150 133150 133150 133150 133150 133150 133150 133150 133150 133150 133150 133150 133150 133150 133150 133150 133150 133150 133150 133150 133150 133150 133150 133150 133150 133150 0 0 0 0 0 0 0 0 0 0 0 0 0 0 0 0 0 0 0 0 0 0 0 0 0
#obs catch bio
 0 95133.2 154958 204685 256144 268747 306837 320257 301741 311257 249611 278892 260231 260574 229711 208484 177460 162037 150880 140370 134346 133282 109296 103903 102380 111088 106827 102586 96084.7 102665 104148 94691.4 96339 95003.2 90800.1 89236.9 89233.2 83468.3 83384.2 93001.1 79804.4 91290.9 95444.9 83935.1 91481 90172 91307.3 86479.2 99365.9 91540.3 114775 115429 117725 97133.4 97435
#pred cpue bio
 4.48277e+006 4.19571e+006 3.93321e+006 3.63516e+006 3.31783e+006 2.98295e+006 2.67091e+006 2.35526e+006 2.0578e+006 1.80881e+006 1.57624e+006 1.42603e+006 1.25755e+006 1.11412e+006 972453 860886 770529 710036 665240 629972 602428 576605 547468 541154 540388 541388 533503 529644 528051 533148 530867 525991 528409 525585 519185 511682 502608 495458 500269 509209 508021 521869 523207 519391 529774 533802 540144 546109 559494 560094 570530 555133 539796 526181 542860 1.98675e+007 1.24691e+007 1.2995e+007 1.35696e+007 1.41692e+007 1.47158e+007 1.51723e+007 1.55343e+007 1.58119e+007 1.60205e+007 1.61752e+007 1.62893e+007 1.63731e+007 1.64349e+007 1.64805e+007 1.65143e+007 1.65395e+007 1.65584e+007 1.65726e+007 1.65834e+007 1.65915e+007 1.65977e+007 1.66025e+007 1.66061e+007 1.66089e+007 1.6611e+007 1.66127e+007 1.6614e+007 1.66149e+007 1.66157e+007 1.66163e+007 1.66167e+007 1.66171e+007 1.66173e+007 1.66175e+007 1.66177e+007 1.66178e+007 1.66179e+007 1.6618e+007 1.66181e+007 1.66181e+007 1.66181e+007 1.66182e+007 1.66182e+007 1.66182e+007 1.66182e+007 1.66182e+007 1.66182e+007 1.66182e+007 1.66182e+007 1.66182e+007 1.66183e+007 1.66183e+007 1.66183e+007 1.66183e+007 1.66183e+007 1.66183e+007 1.66183e+007 1.66183e+007 1.66183e+007 1.66183e+007 1.66183e+007 1.66183e+007 1.66183e+007 1.66183e+007 1.66183e+007 1.66183e+007 1.66183e+007 1.66183e+007 1.66183e+007 1.66183e+007 1.66183e+007 1.66183e+007 1.66183e+007 1.66183e+007 1.66183e+007 1.66183e+007 1.66183e+007 1.66183e+007 1.66183e+007 1.66183e+007 1.66183e+007 1.66183e+007 1.66183e+007 1.66183e+007 1.66183e+007 1.66183e+007 1.66183e+007 1.66183e+007 1.66183e+007 1.66183e+007 1.66183e+007 1.66183e+007 1.66183e+007 1.66183e+007 1.66183e+007 1.66183e+007 1.66183e+007 1.66183e+007 1.66183e+007 0 0 0 0 0 0 0 0 0 0 0 0 0 0 0 0 0 0 0 0 0 0 0 0 0
#obs cpue bio
 2.9898e+006 3.74836e+006 2.5264e+006 2.68191e+006 2.47235e+006 3.67425e+006 1.58718e+006 2.22719e+006 1.74768e+006 1.19097e+006 1.26169e+006 1.35822e+006 1.2267e+006 1.26151e+006 1.14411e+006 825209 855585 570082 538780 699807 601105 525687 467953 416114 551790 463284 465895 690311 483155 495940 399805 588013 519038 600539 605247 558707 429391 481375 577868 665688 673164 516408 499046 452284 529736 590526 695639 406996 631141 577793 734628 489284 488600 602696 487861
#pred surv len freq
 0.0046009 0.00743751 0.0111396 0.015688 0.0210006 0.0268678 0.0329085 0.0386421 0.0436528 0.0477185 0.0508212 0.0530751 0.0546492 0.0557128 0.0563942 0.0567559 0.056793 0.0564443 0.0555858 0.0539968 0.0513384 0.0472244 0.0414253 0.0341209 0.0260064
 0.00495567 0.00793137 0.0117343 0.0163087 0.0215732 0.0273677 0.033386 0.0391952 0.0443554 0.0485485 0.0516386 0.0536696 0.0548311 0.0553972 0.0556377 0.0557342 0.0557333 0.0555406 0.0549317 0.053564 0.0510121 0.0468768 0.0409862 0.0336047 0.0254864
 0.00508094 0.00817895 0.0121821 0.017041 0.022642 0.0287453 0.0349409 0.0407244 0.0456669 0.0495419 0.0523216 0.054098 0.0550265 0.0553121 0.0551947 0.0549026 0.05458 0.0542173 0.0536091 0.0523595 0.0499568 0.045939 0.0401254 0.0328145 0.0247985
 0.00525824 0.00845156 0.0125684 0.0175611 0.0233295 0.0296544 0.0361334 0.0422299 0.0474333 0.0514119 0.0540648 0.0554892 0.0559193 0.0556583 0.0550107 0.0542275 0.0534662 0.0527505 0.0519182 0.0505943 0.0482475 0.0443705 0.0387429 0.0316452 0.0238633
 0.00549061 0.0088211 0.0131087 0.0182966 0.0242712 0.0307954 0.0374481 0.0436807 0.048982 0.053021 0.0556792 0.0570098 0.0571963 0.0565222 0.0553241 0.0539234 0.0525555 0.0513082 0.0500688 0.0484971 0.0460765 0.042289 0.036882 0.0300925 0.0226599
 0.00576134 0.00925427 0.0137481 0.0191794 0.0254226 0.032219 0.0391139 0.0455188 0.0508901 0.0548852 0.0573963 0.0584979 0.0583876 0.0573446 0.0556904 0.053742 0.0517612 0.0498948 0.0481065 0.0461303 0.043504 0.0397317 0.0345447 0.0281282 0.0211469
 0.0059958 0.00963622 0.0143251 0.019998 0.0265216 0.0336179 0.0407983 0.0474311 0.0529323 0.0569321 0.0593138 0.0601612 0.0596951 0.0582226 0.0560853 0.0536069 0.0510519 0.0485843 0.0462151 0.0437531 0.0408183 0.0369739 0.031963 0.0259264 0.0194407
 0.00631612 0.0101404 0.0150542 0.0209827 0.0277814 0.0351581 0.0426017 0.049449 0.0550798 0.059093 0.0613523 0.0619379 0.0610846 0.0591279 0.0564427 0.0533814 0.0502261 0.0471557 0.0442087 0.0412477 0.0379696 0.0340115 0.0291512 0.0235003 0.017546
 0.00668222 0.0107223 0.0159053 0.0221437 0.0292739 0.0369739 0.0446917 0.0517193 0.0574042 0.0613338 0.06338 0.0636397 0.0623655 0.0599106 0.0566699 0.0530169 0.0492548 0.045583 0.0420686 0.0386211 0.0350049 0.0309289 0.0262131 0.02095 0.0155429
 0.0069495 0.0111613 0.0165747 0.0231022 0.0305696 0.0386276 0.0466772 0.0539536 0.0597545 0.0636405 0.0654825 0.0653987 0.0636752 0.0607013 0.056902 0.0526714 0.0483263 0.0440804 0.0400251 0.036113 0.0321708 0.0279748 0.0233863 0.0184846 0.0135969
 0.00722761 0.0116084 0.0172394 0.0240302 0.0317991 0.0401806 0.0485451 0.0560836 0.0620452 0.0659484 0.0676396 0.0672364 0.0650505 0.0615159 0.0571082 0.0522637 0.0473258 0.0425239 0.0379657 0.0336345 0.0294073 0.0251176 0.0206641 0.016114 0.0117252
 0.00731237 0.011755 0.0174777 0.0243962 0.0323321 0.040915 0.0495021 0.0572642 0.0634274 0.0674852 0.0692568 0.0688317 0.0664988 0.062684 0.0578756 0.0525408 0.0470643 0.0417168 0.0366455 0.0318757 0.0273327 0.0228991 0.0185041 0.014205 0.0102018
 0.0074982 0.0120566 0.0179311 0.0250357 0.0331849 0.0419925 0.0507888 0.058712 0.064959 0.0690074 0.0706753 0.0700629 0.0674743 0.0633492 0.0581847 0.0524544 0.0465525 0.0407678 0.035277 0.0301456 0.0253472 0.0208108 0.0164927 0.0124399 0.00879934
 0.00763915 0.0122899 0.0182902 0.0255556 0.0338969 0.0429141 0.0519125 0.0599982 0.0663376 0.0703876 0.071959 0.0711585 0.0683086 0.0638734 0.0583731 0.052297 0.0460467 0.0399162 0.0340948 0.0286745 0.0236688 0.0190482 0.0147951 0.0109496 0.00761489
 0.00789808 0.0126952 0.0188715 0.0263318 0.0348745 0.0440853 0.0532488 0.0614443 0.0678109 0.071786 0.0731753 0.0720964 0.0688978 0.0640791 0.0581958 0.051764 0.0451985 0.0387958 0.032745 0.0271455 0.0220307 0.0173981 0.0132485 0.0096159 0.00656721
 0.00809496 0.013012 0.0193422 0.0269845 0.0357258 0.0451308 0.054454 0.0627427 0.0691142 0.0730004 0.0742159 0.0728943 0.0694016 0.0642567 0.0580369 0.0512811 0.0444238 0.0377747 0.0315298 0.025795 0.0206139 0.0159978 0.0119557 0.00851332 0.00570784
 0.00836273 0.0134186 0.0199014 0.0276924 0.0365655 0.0460795 0.0554844 0.0638188 0.0701853 0.0740008 0.0750719 0.0735368 0.0697786 0.0643405 0.0578242 0.0507886 0.0436824 0.0368258 0.0304232 0.0245882 0.0193725 0.0147946 0.0108647 0.00759672 0.00500186
 0.00844958 0.0135701 0.0201473 0.0280639 0.0370849 0.0467459 0.0562642 0.0646493 0.0709937 0.0747266 0.0756787 0.0740071 0.0701009 0.0644992 0.0578013 0.05057 0.0432664 0.0362264 0.0296703 0.0237263 0.0184583 0.0138928 0.0100396 0.00690124 0.00446599
 0.00844539 0.0135693 0.0201587 0.028103 0.0371745 0.0469141 0.0565386 0.0650463 0.0715067 0.0753195 0.0762912 0.0745717 0.0705614 0.0648216 0.0579702 0.0505808 0.0431184 0.0359238 0.0292274 0.0231713 0.0178343 0.0132534 0.00944066 0.00638926 0.00406846
 0.00843953 0.0135577 0.0201377 0.0280696 0.0371289 0.0468638 0.0565016 0.065051 0.0715857 0.0754994 0.0765802 0.0749519 0.0709901 0.0652416 0.0583252 0.0508275 0.0432318 0.0358955 0.0290629 0.0228897 0.0174677 0.0128449 0.00903747 0.00603293 0.00378582
 0.00844308 0.0135589 0.020131 0.0280466 0.0370805 0.0467837 0.0563904 0.0649194 0.0714557 0.0754024 0.0765514 0.07502 0.0711665 0.0655123 0.058652 0.0511572 0.0435103 0.0360809 0.0291329 0.0228431 0.0173227 0.012634 0.00880026 0.00580694 0.00359801
 0.00848475 0.0136199 0.0202098 0.0281366 0.0371704 0.0468595 0.0564375 0.0649251 0.0714137 0.0753163 0.0764374 0.074906 0.0710848 0.0654901 0.0587008 0.0512673 0.0436524 0.0362154 0.0292228 0.0228647 0.0172717 0.0125243 0.0086578 0.00566047 0.00347055
 0.00871578 0.0139581 0.0206493 0.0286469 0.0377041 0.047365 0.0568691 0.0652471 0.0715999 0.0753514 0.07632 0.0746522 0.0707288 0.0650796 0.0582874 0.0508942 0.0433441 0.035974 0.0290322 0.0227017 0.0171169 0.0123698 0.00850739 0.00552475 0.00335983
 0.00882261 0.014116 0.0208562 0.0288878 0.0379512 0.0475813 0.0570147 0.0652885 0.0715215 0.0751649 0.0760634 0.0743766 0.0704807 0.064888 0.0581622 0.0508322 0.0433351 0.0360035 0.0290819 0.0227515 0.0171495 0.0123758 0.00848765 0.00548834 0.00331873
 0.00890549 0.0142409 0.0210254 0.0290955 0.0381836 0.0478172 0.0572265 0.065444 0.0715901 0.0751259 0.0759152 0.0741405 0.0701972 0.0646051 0.0579214 0.0506582 0.0432334 0.0359642 0.0290865 0.0227785 0.0171796 0.0123954 0.00849134 0.00547812 0.00330094
 0.00880007 0.0141023 0.0208771 0.0289786 0.038144 0.0478864 0.0574053 0.0657005 0.0718709 0.0753743 0.0760867 0.0742118 0.0701678 0.0644954 0.057766 0.0504959 0.0430963 0.0358704 0.0290379 0.0227654 0.0171864 0.0124076 0.00849929 0.00547848 0.00329522
 0.00864828 0.0138828 0.0205992 0.0286729 0.0378597 0.0476825 0.0573388 0.0658114 0.0721661 0.0758165 0.076598 0.074695 0.0705376 0.0647038 0.0578107 0.0504113 0.0429357 0.0356866 0.0288702 0.022634 0.0170948 0.0123485 0.00846225 0.00545448 0.00327871
 0.00870258 0.0139308 0.0205987 0.0285647 0.0375891 0.0472318 0.0567514 0.0651911 0.0716461 0.0755134 0.0765725 0.0749359 0.0709715 0.065224 0.0583128 0.0508219 0.0432252 0.0358637 0.0289654 0.0226812 0.0171197 0.0123648 0.00847461 0.00546333 0.00328385
 0.00880371 0.0140833 0.0208032 0.028806 0.0378316 0.0474169 0.0568059 0.0650488 0.071282 0.0749714 0.0759643 0.0744038 0.070633 0.065128 0.0584308 0.0510736 0.0435181 0.0361272 0.0291651 0.0228143 0.0172008 0.0124123 0.00850254 0.00547992 0.00329342
 0.00868199 0.0139161 0.0206081 0.0286178 0.0376911 0.0473533 0.05682 0.0651087 0.0713315 0.0749514 0.0758397 0.0741845 0.0703774 0.0649221 0.0583505 0.0511508 0.0437312 0.0364171 0.0294652 0.0230757 0.0174013 0.012552 0.0085928 0.00553482 0.00332492
 0.00846215 0.0135955 0.0201953 0.0281484 0.0372227 0.0469534 0.0565527 0.0650198 0.0714343 0.0752158 0.0761942 0.0745384 0.0706546 0.0650905 0.0584303 0.0511961 0.0437972 0.0365329 0.0296257 0.0232534 0.0175657 0.0126831 0.00868531 0.00559361 0.00335901
 0.0083359 0.0133865 0.0198759 0.0276964 0.0366329 0.0462533 0.0558125 0.0643467 0.0709453 0.0749994 0.0762804 0.0748892 0.0711802 0.0656816 0.0589932 0.0516779 0.0441894 0.0368559 0.0299049 0.0235023 0.017783 0.0128609 0.0088183 0.00568371 0.00341423
 0.00812936 0.0130687 0.0194303 0.0271175 0.0359248 0.0454286 0.0548976 0.0633919 0.0700328 0.0742399 0.0757919 0.0747632 0.0714479 0.0662984 0.0598522 0.0526452 0.0451448 0.037719 0.0306391 0.024102 0.0182566 0.0132206 0.00907736 0.00585795 0.00352228
 0.00787676 0.0126865 0.0189084 0.0264658 0.0351701 0.0446085 0.0540561 0.0625765 0.069292 0.073621 0.0753417 0.0745295 0.0714751 0.0666135 0.0604453 0.05346 0.046087 0.038682 0.0315324 0.0248678 0.0188712 0.0136855 0.00940873 0.00607925 0.00365945
 0.00791153 0.0126974 0.0188416 0.0262468 0.0347272 0.043908 0.0531299 0.0615224 0.0682444 0.0727078 0.0746529 0.0741096 0.0713348 0.0667454 0.060832 0.0540704 0.0468691 0.0395614 0.0324228 0.0256895 0.019568 0.0142313 0.00980501 0.00634582 0.00382508
 0.00863778 0.0137288 0.0201142 0.0275986 0.0359326 0.0447415 0.0534262 0.0612123 0.067364 0.0713902 0.0730996 0.0725447 0.0699521 0.065672 0.0601205 0.0537142 0.0468237 0.0397594 0.0327833 0.0261279 0.0200081 0.0146174 0.0101078 0.00656027 0.00396286
 0.00924471 0.0147001 0.0215383 0.0295226 0.0383241 0.0474435 0.0561338 0.06351 0.0688363 0.0717604 0.0723242 0.0708132 0.0676064 0.063094 0.0576388 0.0515539 0.0450978 0.0384885 0.0319249 0.025604 0.0197281 0.0144952 0.0100732 0.006565 0.00397892
 0.00909393 0.0145639 0.0215364 0.0298376 0.0391576 0.0489404 0.0583047 0.0661876 0.0716851 0.0743396 0.0741909 0.0716418 0.0672834 0.0617462 0.0555793 0.0491729 0.0427511 0.0364263 0.0302732 0.0243843 0.0188931 0.0139644 0.00976013 0.00639383 0.00389234
 0.00873329 0.0140098 0.0207706 0.0288863 0.0381116 0.0479703 0.0576552 0.0661288 0.072417 0.0758865 0.076347 0.0740091 0.0693941 0.0632135 0.0562112 0.0490052 0.0419968 0.0353757 0.0291929 0.0234547 0.0181941 0.0134964 0.00947898 0.00624206 0.00381892
 0.00860658 0.013782 0.0203883 0.0282896 0.0372535 0.0468484 0.0563452 0.0648009 0.0713192 0.0752902 0.0764637 0.0749046 0.0709377 0.0650986 0.0580504 0.0504622 0.0428913 0.0357133 0.0291185 0.0231649 0.0178584 0.0132169 0.00929063 0.00613593 0.00376895
 0.00870611 0.0139256 0.0205679 0.0284788 0.0374054 0.0468981 0.0562201 0.0644427 0.0707173 0.0745124 0.0756644 0.0742911 0.0706989 0.0653245 0.0586843 0.051316 0.043722 0.036322 0.029418 0.0231867 0.0177064 0.013005 0.00909915 0.00599942 0.00368772
 0.00861464 0.0137904 0.0203892 0.028264 0.0371648 0.046638 0.0559371 0.0641231 0.0703431 0.0740747 0.0751806 0.0738207 0.0703431 0.0652008 0.058878 0.0518321 0.044468 0.0371378 0.0301408 0.0237124 0.0180145 0.0131406 0.00913203 0.00598949 0.00367006
 0.00867729 0.0138805 0.0205034 0.0283925 0.037295 0.0467593 0.0560428 0.0642068 0.0703912 0.0740619 0.0750745 0.0735975 0.070009 0.0648053 0.0585082 0.0515826 0.044399 0.037246 0.0303619 0.0239552 0.0182051 0.0132483 0.00916699 0.00598169 0.00364793
 0.0088327 0.0141157 0.0208241 0.0287907 0.0377492 0.0472366 0.0565019 0.064602 0.0706798 0.0742122 0.0750697 0.0734343 0.0696957 0.0643648 0.0579839 0.0510396 0.043912 0.0368746 0.0301285 0.0238398 0.0181615 0.0132303 0.00914742 0.0059544 0.00361872
 0.00871896 0.0139588 0.0206395 0.0286098 0.0376097 0.0471678 0.056513 0.0646811 0.0708018 0.0743504 0.0752038 0.0735511 0.069786 0.06442 0.057998 0.0510145 0.0438628 0.0368269 0.0301075 0.0238571 0.0182099 0.0132901 0.009199 0.00598785 0.0036346
 0.00871229 0.0139394 0.0205961 0.0285308 0.0374911 0.0470229 0.0563764 0.0645995 0.0708142 0.0744674 0.0754001 0.0737771 0.0699891 0.0645634 0.0580669 0.0510134 0.0438086 0.036744 0.0300216 0.023789 0.0181695 0.0132751 0.0091996 0.00599344 0.00363881
 0.00878368 0.0140377 0.0207103 0.0286381 0.037561 0.0470266 0.0562966 0.0644393 0.0706006 0.0742474 0.0752271 0.0736912 0.0700012 0.0646519 0.0581906 0.0511305 0.0438921 0.0367864 0.0300312 0.0237814 0.0181592 0.0132704 0.0092017 0.00599919 0.00364455
 0.00881565 0.0140949 0.0208051 0.0287818 0.0377576 0.0472638 0.0565411 0.064641 0.0707092 0.0742325 0.075093 0.073476 0.0697613 0.0644399 0.0580367 0.051037 0.0438409 0.0367538 0.0300003 0.0237468 0.0181242 0.0132408 0.0091809 0.00598707 0.00363863
 0.00872052 0.0139544 0.0206208 0.0285663 0.0375334 0.0470594 0.0563857 0.0645572 0.070705 0.0742961 0.0751958 0.0735852 0.0698552 0.0645167 0.0581105 0.0511249 0.0439504 0.0368785 0.0301248 0.0238561 0.0182099 0.0133023 0.00922227 0.00601374 0.00365515
 0.00875734 0.0140087 0.0206925 0.0286525 0.0376304 0.0471651 0.0565008 0.0646841 0.0708432 0.0744381 0.0753244 0.0736756 0.0698829 0.0644672 0.0579874 0.0509503 0.0437567 0.0366959 0.0299723 0.0237393 0.0181251 0.0132426 0.00918151 0.00598712 0.00363892
 0.00884525 0.0141256 0.0208204 0.0287588 0.0376772 0.0471244 0.0563675 0.0644798 0.0706095 0.0742238 0.0751713 0.0736077 0.0699001 0.0645479 0.0580976 0.0510573 0.0438403 0.0367514 0.030006 0.0237607 0.018141 0.0132557 0.00919202 0.00599477 0.0036439
 0.00925064 0.0147449 0.021676 0.029839 0.0389326 0.0484682 0.0576773 0.0656099 0.0714191 0.0746139 0.0751116 0.0731401 0.0691186 0.063568 0.0570293 0.0499886 0.0428327 0.0358444 0.0292231 0.023114 0.0176325 0.0128774 0.00892741 0.00582173 0.00353876
 0.00963214 0.0153417 0.0225291 0.0309674 0.0403253 0.0500747 0.0593971 0.0672919 0.0728805 0.0756766 0.0756427 0.0730809 0.0684955 0.0624823 0.0556307 0.0484401 0.0412801 0.0343978 0.027953 0.0220561 0.0167956 0.0122508 0.00848581 0.00553086 0.003361
 0.00989222 0.0157619 0.0231561 0.0318412 0.04147 0.0514826 0.0610128 0.0690047 0.0745347 0.0770964 0.0766632 0.0735772 0.0684054 0.0618197 0.054484 0.0469539 0.0396246 0.0327362 0.0264161 0.0207304 0.0157232 0.0114362 0.00790611 0.00514633 0.0031247
 0.00940733 0.0150786 0.0223239 0.0309766 0.0407302 0.0510197 0.0609332 0.0693501 0.0752834 0.0781719 0.0779438 0.0749088 0.0696231 0.0627765 0.0550798 0.0471552 0.039467 0.0323091 0.0258353 0.0201082 0.0151468 0.0109583 0.00754611 0.00489848 0.00296866
#obs surv len freq
 nan nan nan nan nan nan nan nan nan nan nan nan nan nan nan nan nan nan nan nan nan nan nan nan nan
 0.00448659 0.00734893 0.01118 0.0159974 0.0216989 0.0279748 0.034289 0.0400198 0.0446984 0.0481608 0.0505171 0.0520112 0.0529018 0.0534128 0.0537259 0.0539799 0.0542578 0.0545501 0.0546886 0.0542804 0.0527185 0.049351 0.0438013 0.0362822 0.0276668
 0.00461474 0.00755986 0.0115019 0.016457 0.022315 0.0287478 0.0351911 0.0409923 0.0456601 0.0490244 0.0512057 0.0524697 0.0531023 0.0533543 0.0534303 0.0534841 0.0536052 0.0537832 0.0538463 0.0533998 0.0518383 0.0485142 0.0430526 0.0356593 0.0271907
 0.00477804 0.00782678 0.0119064 0.0170317 0.0230854 0.029722 0.0363483 0.0422781 0.0469904 0.0502983 0.0523205 0.0533341 0.0536464 0.0535376 0.0532447 0.0529518 0.0527718 0.0527085 0.052597 0.0520461 0.0504558 0.0471835 0.0418538 0.0346585 0.0264244
 0.00497004 0.00814008 0.0123801 0.0177033 0.0239834 0.0308554 0.0376949 0.0437795 0.0485593 0.0518329 0.0537177 0.0544977 0.0544914 0.0539957 0.0532707 0.0525307 0.0519208 0.0514763 0.051059 0.0502998 0.0486166 0.0453786 0.0402087 0.0332758 0.0253617
 0.00518706 0.00849626 0.0129224 0.0184773 0.0250246 0.032175 0.0392651 0.0455293 0.0503845 0.053616 0.0553461 0.0558731 0.0555311 0.0546307 0.0534464 0.05221 0.0510914 0.0501586 0.0493131 0.0482291 0.046365 0.0431188 0.0381178 0.0315014 0.0239898
 0.00540935 0.00885988 0.0134741 0.0192629 0.0260808 0.0335169 0.0408719 0.047338 0.0522967 0.0555152 0.0571149 0.0574043 0.0567332 0.0554285 0.0537795 0.0520316 0.0503713 0.0488927 0.0475372 0.0460331 0.043899 0.0405825 0.0357288 0.0294485 0.0223892
 0.00564604 0.00924827 0.0140653 0.0201068 0.0272165 0.0349576 0.0425898 0.0492589 0.0543118 0.0575014 0.0589546 0.058995 0.057989 0.0562782 0.0541639 0.0519019 0.0496905 0.0476427 0.0457351 0.0437518 0.0412824 0.0378412 0.033107 0.0271687 0.0205958
 0.00588343 0.00963849 0.0146607 0.0209591 0.0283673 0.0364224 0.0443422 0.0512242 0.0563771 0.0595374 0.0608365 0.0606154 0.0592619 0.0571374 0.0545581 0.051789 0.0490353 0.0464226 0.0439554 0.0414702 0.0386301 0.0350254 0.0303813 0.0247736 0.0186956
 0.00614075 0.0100571 0.0152915 0.0218497 0.029554 0.0379159 0.0461132 0.0531975 0.0584408 0.0615636 0.0627011 0.0622107 0.060502 0.0579577 0.0549122 0.0516426 0.0483618 0.0452037 0.0421947 0.039216 0.0360009 0.0322174 0.0276436 0.0223507 0.0167605
 0.0063747 0.0104422 0.0158796 0.022692 0.0306901 0.0393582 0.0478303 0.05511 0.0604337 0.0635095 0.0644813 0.0637261 0.0616749 0.0587295 0.0552399 0.0514946 0.0477144 0.0440423 0.0405236 0.0370788 0.0335042 0.0295415 0.0250223 0.0200185 0.014888
 0.00660716 0.0108246 0.0164635 0.023528 0.031818 0.040791 0.0495374 0.0570114 0.0624109 0.0654283 0.0662151 0.0651707 0.0627539 0.0593935 0.0554602 0.0512555 0.0470065 0.0428618 0.0388804 0.0350158 0.0311192 0.0269986 0.0225357 0.0178051 0.0131078
 0.00683604 0.0111983 0.0170289 0.0243299 0.0328905 0.0421439 0.0511422 0.0587952 0.0642658 0.0672307 0.0678452 0.0665262 0.0637565 0.0599907 0.0556236 0.0509751 0.0462832 0.0417039 0.037308 0.0330749 0.0289012 0.0246513 0.0202498 0.0157742 0.0114748
 0.00706335 0.0115719 0.0175984 0.0251428 0.033982 0.0435199 0.0527643 0.0605765 0.0660851 0.0689577 0.0693631 0.0677439 0.0646107 0.0604432 0.055657 0.0505882 0.045486 0.0405147 0.0357564 0.0312122 0.0268157 0.0224764 0.0181534 0.0139241 0.00999319
 0.00725511 0.0118902 0.0180895 0.0258538 0.0349505 0.044759 0.0542459 0.0622258 0.0677906 0.070592 0.070806 0.0688972 0.065406 0.0608426 0.0556488 0.0501798 0.0446968 0.039372 0.0342971 0.0294914 0.0249181 0.0205222 0.0162882 0.0122899 0.00869133
 0.00742523 0.0121676 0.0185087 0.0264481 0.0357465 0.045767 0.0554496 0.0635762 0.0692099 0.0719857 0.0720753 0.0699515 0.0661708 0.0612665 0.0557056 0.0498667 0.0440292 0.0383788 0.0330193 0.0279864 0.023267 0.0188328 0.0146862 0.0108945 0.00758481
 0.00754051 0.012353 0.0187842 0.026832 0.0362532 0.0464034 0.0562102 0.0644407 0.0701442 0.0729452 0.0730089 0.0708027 0.0668802 0.0617754 0.0559636 0.049838 0.0436975 0.0377488 0.0321174 0.0268616 0.0219928 0.017506 0.0134162 0.00978289 0.00670144
 0.00759882 0.012449 0.0189311 0.027043 0.0365395 0.0467709 0.056656 0.0649529 0.0707043 0.0735331 0.0736047 0.0713844 0.0674199 0.0622363 0.0563006 0.0500036 0.0436505 0.0374639 0.0315923 0.0261226 0.0210958 0.0165322 0.0124603 0.00893365 0.00602046
 0.0076624 0.0125424 0.0190537 0.027189 0.0367013 0.046944 0.0568424 0.06516 0.0709415 0.0738067 0.073915 0.0717249 0.0677767 0.0625877 0.0566159 0.0502435 0.0437712 0.0374251 0.0313687 0.0257136 0.0205318 0.0158727 0.0117824 0.00831343 0.00551372
 0.00772594 0.0126416 0.0191948 0.0273733 0.0369237 0.047191 0.0570926 0.0653884 0.0711279 0.0739447 0.0740149 0.0718082 0.0678653 0.0626937 0.056736 0.0503583 0.0438487 0.0374272 0.0312612 0.0254777 0.0201739 0.0154271 0.011304 0.0078624 0.00513751
 0.0077602 0.0126945 0.0192691 0.0274701 0.0370416 0.047327 0.0572407 0.0655393 0.0712695 0.0740649 0.0741054 0.0718689 0.0679054 0.0627279 0.0567772 0.0504102 0.0439006 0.0374553 0.0312352 0.0253724 0.0199801 0.0151586 0.0109951 0.00755686 0.00487389
 0.00781342 0.0127742 0.0193764 0.0276012 0.0371892 0.0474814 0.0573919 0.0656775 0.0713862 0.0741536 0.0741626 0.0718942 0.0679018 0.0627022 0.0567394 0.0503703 0.0438636 0.0374168 0.0311812 0.0252845 0.0198453 0.0149775 0.0107846 0.00734438 0.00468673
 0.00785386 0.0128338 0.0194545 0.027693 0.0372864 0.0475747 0.0574726 0.0657391 0.0714258 0.0741726 0.074166 0.0718887 0.0678932 0.0626936 0.0567318 0.0503633 0.0438565 0.0374066 0.0311612 0.0252446 0.0197761 0.0148764 0.0106593 0.00721142 0.00456486
 0.00785811 0.0128425 0.0194707 0.0277198 0.0373258 0.0476251 0.057528 0.06579 0.0714626 0.0741898 0.0741647 0.0718757 0.0678775 0.0626831 0.0567305 0.0503713 0.0438703 0.0374208 0.031169 0.0252384 0.0197493 0.0148263 0.0105897 0.00713228 0.00448875
 0.00787383 0.0128613 0.0194869 0.0277248 0.0373114 0.0475881 0.0574735 0.0657303 0.0714116 0.0741573 0.0741534 0.0718824 0.0678971 0.062712 0.0567671 0.0504147 0.0439185 0.0374697 0.0312125 0.0252697 0.0197624 0.0148185 0.010563 0.00709338 0.00444663
 0.0078903 0.0128865 0.0195212 0.0277665 0.0373558 0.047627 0.0574963 0.0657268 0.0713772 0.0740965 0.0740792 0.0718116 0.0678436 0.0626824 0.056761 0.0504276 0.0439446 0.0375031 0.0312471 0.0252993 0.0197815 0.0148235 0.0105542 0.00707426 0.00442309
 0.00789461 0.0128899 0.0195198 0.0277548 0.0373285 0.0475817 0.057435 0.0656556 0.0713039 0.0740276 0.0740195 0.0717654 0.0678159 0.0626783 0.0567834 0.050475 0.0440114 0.0375806 0.031326 0.025371 0.0198395 0.014864 0.0105766 0.00708161 0.00442046
 0.00788276 0.0128719 0.0194949 0.0277227 0.0372888 0.0475335 0.0573769 0.0655874 0.071228 0.07395 0.0739492 0.0717115 0.0677854 0.0626748 0.0568074 0.0505245 0.0440818 0.0376652 0.0314163 0.0254579 0.0199148 0.0149225 0.0106165 0.00710457 0.00443068
 0.00786526 0.0128399 0.0194406 0.0276376 0.0371666 0.0473748 0.0571923 0.0653963 0.0710536 0.0738125 0.0738607 0.0716761 0.0678009 0.0627356 0.0569059 0.0506519 0.0442286 0.0378214 0.0315715 0.0256024 0.0200402 0.0150229 0.01069 0.00715317 0.00445919
 0.00785972 0.0128285 0.0194188 0.0275991 0.0371043 0.0472824 0.0570672 0.0652419 0.0708807 0.0736388 0.0737078 0.0715641 0.0677436 0.0627376 0.056963 0.050754 0.0443627 0.0379738 0.0317293 0.0257535 0.0201747 0.0151339 0.0107742 0.0072113 0.00449545
 0.00785576 0.0128182 0.0193961 0.0275561 0.037033 0.047178 0.0569303 0.0650799 0.0707057 0.0734656 0.0735518 0.0714403 0.0676655 0.0627147 0.0569989 0.0508447 0.0444975 0.0381377 0.0319056 0.0259267 0.0203317 0.0152654 0.0108758 0.00728326 0.0045418
 0.00782228 0.012768 0.0193284 0.0274722 0.0369355 0.0470687 0.0568101 0.0649495 0.0705682 0.0733277 0.073424 0.0713353 0.0675957 0.0626898 0.0570243 0.0509208 0.044619 0.0382939 0.0320817 0.0261062 0.0204993 0.0154093 0.0109893 0.00736519 0.00459568
 0.00779667 0.0127234 0.019256 0.0273633 0.0367844 0.0468779 0.0565928 0.0647281 0.0703679 0.0731683 0.0733153 0.0712779 0.0675857 0.0627232 0.0570986 0.0510339 0.0447672 0.0384703 0.0322753 0.026303 0.0206845 0.0155703 0.011118 0.00745941 0.00465853
 0.00775854 0.0126613 0.0191624 0.027231 0.0366083 0.0466569 0.0563334 0.0644465 0.0700888 0.0729214 0.0731287 0.0711717 0.0675674 0.0627877 0.0572321 0.0512194 0.0449883 0.0387125 0.0325252 0.026547 0.020909 0.0157634 0.0112721 0.00757259 0.00473447
 0.00774364 0.0126336 0.0191145 0.0271537 0.0364929 0.0464986 0.0561344 0.0642168 0.0698452 0.0726843 0.0729196 0.0710112 0.0674726 0.0627695 0.0572919 0.0513492 0.045173 0.0389334 0.0327632 0.0267845 0.0211303 0.0159559 0.0114274 0.00768798 0.00481283
 0.00932419 0.0148455 0.0217825 0.0298939 0.0388242 0.04802 0.0566664 0.0638282 0.068772 0.0712098 0.0712871 0.0693903 0.0659657 0.0614317 0.0561486 0.0504061 0.0444226 0.0383588 0.0323415 0.0264899 0.0209365 0.0158375 0.0113617 0.00765577 0.00479953
 0.00930105 0.0151033 0.0226913 0.0319133 0.0423032 0.0529273 0.0624183 0.0693839 0.0730027 0.0733436 0.0711631 0.067402 0.0627886 0.0577339 0.0524257 0.0469525 0.0413794 0.0357745 0.0302161 0.0247981 0.019639 0.0148853 0.0106984 0.00722123 0.00453422
 0.00897203 0.0145834 0.0219586 0.0310148 0.0414093 0.0523696 0.062651 0.0708214 0.0757713 0.0770966 0.0751226 0.0706544 0.0646658 0.0580457 0.05143 0.0451422 0.0392492 0.0336861 0.0283734 0.023284 0.0184632 0.0140192 0.0100954 0.00682687 0.00429397
 0.0087833 0.0142695 0.0214739 0.0303154 0.0404702 0.051216 0.0613991 0.0697068 0.0751312 0.0772777 0.0763262 0.0727892 0.0673135 0.0605959 0.0533275 0.0460987 0.0393021 0.033099 0.0274744 0.0223412 0.0176376 0.0133761 0.0096376 0.00652619 0.00411149
 0.00873362 0.014178 0.0213154 0.0300575 0.040078 0.0506621 0.0606775 0.0688498 0.0742262 0.076478 0.0758405 0.0728298 0.0680045 0.061882 0.0549505 0.0476807 0.0404997 0.0337366 0.0275791 0.0220793 0.0172105 0.0129415 0.00928183 0.00627437 0.00395279
 0.00867825 0.0140895 0.0211845 0.0298749 0.0398339 0.0503464 0.0602815 0.0683705 0.0736729 0.0758824 0.0752682 0.0723855 0.067819 0.0620705 0.0555517 0.0486115 0.041564 0.0346979 0.0282583 0.0224172 0.017263 0.0128238 0.00910584 0.00611297 0.00383571
 0.00869442 0.0141093 0.0212022 0.0298805 0.0398149 0.0502907 0.0601796 0.0682153 0.0734589 0.0756068 0.0749358 0.0720195 0.0674697 0.0618159 0.0554777 0.0487747 0.0419543 0.0352272 0.0287923 0.0228333 0.0175001 0.0128939 0.009067 0.00603053 0.00375539
 0.00870118 0.0141237 0.0212294 0.0299261 0.0398815 0.0503736 0.0602641 0.0682783 0.0734749 0.0755555 0.0748076 0.0718179 0.0672132 0.0615396 0.055233 0.0486203 0.041935 0.0353507 0.029018 0.0230878 0.0177105 0.0130191 0.00910745 0.00601456 0.00371691
 0.00864327 0.0140397 0.0211223 0.029806 0.0397638 0.0502754 0.0601999 0.0682563 0.0734941 0.0756038 0.0748643 0.0718589 0.0672197 0.0615052 0.055169 0.0485541 0.0419024 0.0353811 0.0291189 0.0232387 0.0178718 0.0131517 0.00919035 0.0060495 0.00371993
 0.00864161 0.0140268 0.0210848 0.0297271 0.0396302 0.0500866 0.0599748 0.0680313 0.0733117 0.0754966 0.0748439 0.0719138 0.0673219 0.0616225 0.0552756 0.0486394 0.0419722 0.035452 0.0292073 0.0233493 0.0179943 0.0132662 0.00927888 0.00610479 0.00374623
 0.00863636 0.0140222 0.0210841 0.0297337 0.0396438 0.0500994 0.0599709 0.0679922 0.0732267 0.0753723 0.0747049 0.0717929 0.0672453 0.0615992 0.0552968 0.0486864 0.0420283 0.0355094 0.0292672 0.0234158 0.0180672 0.013339 0.00934186 0.00615062 0.0037736
 0.00865294 0.0140454 0.0211126 0.0297642 0.0396731 0.0501257 0.0599942 0.068012 0.0732384 0.075367 0.0746725 0.0717298 0.0671594 0.0615082 0.0552201 0.0486366 0.0420072 0.0355116 0.0292855 0.023445 0.0181039 0.013379 0.00937975 0.00618136 0.0037946
 0.00863121 0.014016 0.0210789 0.0297329 0.0396512 0.0501176 0.0599995 0.0680259 0.0732549 0.0753811 0.0746812 0.0717307 0.0671503 0.0614886 0.0551936 0.0486107 0.0419905 0.0355095 0.0292988 0.0234706 0.0181368 0.0134142 0.00941272 0.00620849 0.00381412
 0.00862139 0.0139994 0.0210532 0.0296963 0.0396044 0.0500649 0.0599496 0.0679896 0.0732411 0.0753923 0.0747122 0.0717713 0.0671895 0.0615183 0.0552105 0.0486161 0.0419892 0.035508 0.0293025 0.0234823 0.0181557 0.0134374 0.00943618 0.00622894 0.00382962
 0.0086067 0.0139753 0.0210165 0.0296441 0.0395349 0.0499787 0.0598512 0.0678885 0.0731502 0.0753258 0.0746811 0.0717802 0.0672347 0.061589 0.0552929 0.0486978 0.0420624 0.03557 0.0293547 0.0235275 0.0181961 0.0134735 0.00946714 0.00625362 0.00384752
 0.0086067 0.0139753 0.0210165 0.0296441 0.0395349 0.0499787 0.0598512 0.0678885 0.0731502 0.0753258 0.0746811 0.0717802 0.0672347 0.061589 0.0552929 0.0486978 0.0420624 0.03557 0.0293547 0.0235275 0.0181961 0.0134735 0.00946714 0.00625362 0.00384752
 0.00884247 0.014346 0.0215491 0.0303503 0.0404027 0.050964 0.0608711 0.068828 0.0738861 0.0757598 0.0747669 0.0715305 0.0667094 0.0608742 0.0544784 0.0478618 0.0412638 0.0348481 0.0287326 0.0230156 0.0177953 0.0131766 0.00926057 0.00611958 0.00376698
 0.00900053 0.0146228 0.0220006 0.031036 0.0413662 0.0522041 0.0623173 0.0703387 0.075276 0.0768465 0.0754137 0.0716719 0.0663563 0.0601021 0.0534058 0.0466237 0.0399866 0.0336333 0.0276497 0.0221038 0.0170686 0.0126293 0.00887314 0.00586351 0.0036101
 0.00906918 0.0147413 0.0221931 0.0313329 0.041802 0.0528102 0.0631104 0.0713055 0.0763615 0.0779499 0.0764003 0.0724001 0.0667137 0.0600355 0.0529332 0.0458249 0.0389795 0.0325449 0.026592 0.021159 0.0162846 0.0120226 0.00843544 0.00557018 0.00342846
 0.00892866 0.0145225 0.0218838 0.0309334 0.0413317 0.0523141 0.0626631 0.0710046 0.0763052 0.0782057 0.0769747 0.0732269 0.0676643 0.0609511 0.053668 0.0462836 0.0391369 0.0324405 0.0263068 0.0207861 0.0159042 0.0116893 0.00817563 0.00538737 0.00331174
#pred catch len freq
 0.00340452 0.00544528 0.00806315 0.0112553 0.0150448 0.0194533 0.0244367 0.0298484 0.0354582 0.0409982 0.0462039 0.0508526 0.0547943 0.0579605 0.0603436 0.0619641 0.0628448 0.0629891 0.0623416 0.0607282 0.0578231 0.0532285 0.0467086 0.0384789 0.0293302
 0.00368532 0.0058401 0.00854735 0.0117782 0.0155578 0.0199465 0.0249552 0.0304674 0.0362237 0.041868 0.0470326 0.0514351 0.054949 0.0576093 0.0595495 0.0609121 0.0617748 0.0621065 0.061743 0.0603761 0.057584 0.0529543 0.046316 0.0379807 0.0288074
 0.00381632 0.00607754 0.0089457 0.0123924 0.0164184 0.0210294 0.0261691 0.0316789 0.0373143 0.0427843 0.0477849 0.0520419 0.0553744 0.0577508 0.0592934 0.0602153 0.0607128 0.0608518 0.0604875 0.0592491 0.056615 0.0520999 0.0455224 0.0372342 0.0281405
 0.00399631 0.00635441 0.00933795 0.0129195 0.017112 0.0219401 0.0273541 0.0331649 0.0390513 0.0446242 0.0495124 0.0534468 0.0563171 0.0581761 0.0591979 0.0596134 0.0596385 0.0593857 0.0587674 0.0574401 0.0548602 0.0504897 0.0441017 0.0360281 0.0271704
 0.00422728 0.00671636 0.00985768 0.0136139 0.0179879 0.0229961 0.0285828 0.0345576 0.0405995 0.046309 0.0512777 0.0551721 0.0578185 0.0592488 0.0596763 0.0594136 0.0587652 0.0579172 0.0568388 0.055227 0.0525553 0.0482733 0.0421166 0.0343692 0.0258823
 0.00448555 0.00712381 0.010449 0.0144164 0.019021 0.0242683 0.0300843 0.0362515 0.0424209 0.0481731 0.0530933 0.0568496 0.0592653 0.0603565 0.0603169 0.0594586 0.058123 0.0565704 0.0548616 0.0527799 0.04986 0.0455747 0.0396404 0.0322832 0.0242726
 0.00474076 0.00753007 0.0110458 0.0152387 0.020098 0.0256192 0.0317087 0.0381188 0.0444633 0.0502879 0.0551522 0.0587165 0.0608146 0.0614842 0.0609385 0.0594992 0.0575157 0.0552735 0.0528924 0.0502441 0.0469574 0.0425724 0.036818 0.0298702 0.0223999
 0.00506975 0.00804204 0.0117757 0.0162093 0.0213237 0.0271086 0.0334606 0.0401106 0.0466389 0.0525509 0.0573706 0.0607365 0.0624827 0.062669 0.0615431 0.0594603 0.0567956 0.0538574 0.0508021 0.0475663 0.0438681 0.0393319 0.0337264 0.0271941 0.0203058
 0.00542597 0.00860098 0.0125804 0.0172896 0.0226955 0.0287719 0.0353933 0.0422612 0.0489256 0.0548672 0.0595926 0.0627306 0.0641146 0.063815 0.0621017 0.0593603 0.0559977 0.0523543 0.0486254 0.0448051 0.0406907 0.035989 0.0305164 0.0243947 0.0181004
 0.00573445 0.00909395 0.0133078 0.018296 0.0240165 0.0304265 0.0373702 0.0445066 0.0513397 0.0573121 0.0619101 0.0647629 0.0657234 0.0648928 0.0625735 0.059179 0.0551387 0.0508168 0.0464424 0.0420631 0.0375498 0.0326872 0.0273401 0.021615 0.0159013
 0.00597449 0.0094769 0.013873 0.0190815 0.0250603 0.0317638 0.0390232 0.0464678 0.0535553 0.0596731 0.0642577 0.0669099 0.0674863 0.0661222 0.0631712 0.0590976 0.0543705 0.0493824 0.0443913 0.039487 0.0346022 0.0295895 0.0243572 0.0189992 0.0138264
 0.00615026 0.00975808 0.014289 0.01966 0.0258273 0.0327413 0.0402242 0.04789 0.0551758 0.061444 0.0661003 0.0687127 0.0691102 0.0674171 0.0639995 0.0593561 0.0540022 0.0483786 0.0427892 0.0373737 0.0321219 0.0269448 0.0217868 0.0167301 0.0120169
 0.00636431 0.0100978 0.0147858 0.0203407 0.0267125 0.0338421 0.0415349 0.0493806 0.0567889 0.063099 0.0677033 0.0701673 0.0703257 0.0683115 0.0645 0.0593994 0.0535411 0.0473917 0.0412937 0.0354365 0.0298683 0.0245549 0.019473 0.0146926 0.0103944
 0.00657618 0.0104343 0.0152784 0.0210157 0.0275894 0.0349296 0.0428231 0.0508329 0.0583396 0.0646575 0.0691653 0.071429 0.0712989 0.0689334 0.064734 0.0592282 0.0529579 0.0463977 0.0399064 0.0337056 0.0278904 0.0224762 0.0174701 0.0129339 0.00899637
 0.00684248 0.0108471 0.0158634 0.0217867 0.0285507 0.036078 0.0441439 0.0522917 0.0598741 0.0661769 0.0705584 0.0725812 0.0721124 0.0693446 0.0647193 0.0587987 0.0521462 0.0452454 0.0384597 0.032023 0.026056 0.0206063 0.0157034 0.011402 0.00778851
 0.00705601 0.0111847 0.0163539 0.0224516 0.0294016 0.0371128 0.0453407 0.0536046 0.0612354 0.0675045 0.0717638 0.0735771 0.0728204 0.0697041 0.0646968 0.0583924 0.0513827 0.044172 0.0371359 0.0305182 0.0244533 0.0190057 0.014215 0.0101263 0.00679065
 0.00728969 0.0115383 0.0168384 0.0230637 0.0301301 0.037947 0.0462726 0.054622 0.0623096 0.0685825 0.0727701 0.0744261 0.0734333 0.0700226 0.0646898 0.0580553 0.0507346 0.0432511 0.0359966 0.029228 0.0230919 0.0176628 0.012982 0.00908123 0.00598065
 0.00737325 0.0116804 0.0170636 0.023397 0.0305908 0.0385388 0.0469765 0.055398 0.0631085 0.069359 0.0734886 0.0750555 0.0739387 0.0703627 0.0648231 0.0579511 0.0503814 0.0426606 0.0352026 0.0282838 0.0220665 0.0166356 0.0120324 0.00827504 0.00535632
 0.00737263 0.0116847 0.0170812 0.0234432 0.0306882 0.0387164 0.0472641 0.0558155 0.0636532 0.0699979 0.0741624 0.0756948 0.0744824 0.0707685 0.0650656 0.058015 0.0502573 0.0423478 0.0347147 0.0276535 0.0213458 0.0158895 0.0113289 0.00767097 0.00488587
 0.00735728 0.0116595 0.0170433 0.0233912 0.0306249 0.038652 0.0472192 0.0558209 0.0637449 0.0702057 0.074497 0.076138 0.0749868 0.0712686 0.0654952 0.0583215 0.0504084 0.0423305 0.0345335 0.0273296 0.0209171 0.0154077 0.0108509 0.00724722 0.00454906
 0.0073613 0.0116621 0.0170397 0.0233741 0.030586 0.0385845 0.0471222 0.0557028 0.0636259 0.0701175 0.0744772 0.0762194 0.0751844 0.0715694 0.0658579 0.0586865 0.0507142 0.0425286 0.0345976 0.0272582 0.0207313 0.0151459 0.0105601 0.00697189 0.00432104
 0.00742103 0.0117503 0.0171557 0.0235104 0.0307288 0.0387163 0.0472237 0.0557562 0.0636189 0.0700492 0.0743623 0.0760875 0.0750736 0.0715143 0.0658768 0.0587732 0.0508387 0.0426475 0.0346687 0.0272542 0.0206469 0.0149972 0.0103772 0.00678819 0.00416317
 0.00755146 0.0119372 0.0173904 0.0237692 0.03098 0.0389311 0.0473842 0.055856 0.0636583 0.070029 0.0742834 0.0759547 0.0749007 0.0713259 0.0657031 0.0586399 0.0507565 0.0426077 0.0346474 0.0272234 0.0205867 0.0149029 0.0102596 0.00666624 0.00405521
 0.00762516 0.0120446 0.0175281 0.0239235 0.0311277 0.0390428 0.04743 0.0558138 0.0635229 0.0698185 0.0740365 0.0757179 0.0747129 0.0712082 0.0656587 0.0586605 0.0508283 0.0427129 0.0347644 0.0273286 0.0206602 0.014935 0.0102528 0.00663336 0.00401229
