SBPRF35
9.72132
Curr Bio
517013
B35
755957
F35
0.18998
FOFL
0.128605
OFL
54982.7
Bzero
2.77752e+006
#pred survey bio
 4.26903e+006 4.08403e+006 3.899e+006 3.67372e+006 3.40696e+006 3.12574e+006 2.83178e+006 2.55317e+006 2.30208e+006 2.03583e+006 1.78349e+006 1.54494e+006 1.35827e+006 1.20462e+006 1.06934e+006 934515 840605 779782 730767 693180 657350 638755 618894 615317 613547 600235 594705 598507 593353 597534 599711 597447 600347 586263 575157 561499 553544 538774 550635 542929 544359 545115 544688 550279 544418 542468 536874 543129 534164 528141 521528 1.84819e+007 1.11451e+007 1.15381e+007 1.25622e+007 1.39565e+007 1.54401e+007 1.68239e+007 1.80137e+007 1.89828e+007 1.97434e+007 2.03253e+007 2.07629e+007 2.10882e+007 2.13285e+007 2.15054e+007 2.16357e+007 2.17318e+007 2.1803e+007 2.18559e+007 2.18954e+007 2.19251e+007 2.19476e+007 2.19646e+007 2.19777e+007 2.19877e+007 2.19955e+007 2.20014e+007 2.20061e+007 2.20097e+007 2.20125e+007 2.20147e+007 2.20165e+007 2.20178e+007 2.20189e+007 2.20198e+007 2.20204e+007 2.2021e+007 2.20214e+007 2.20217e+007 2.2022e+007 2.20222e+007 2.20224e+007 2.20225e+007 2.20226e+007 2.20227e+007 2.20228e+007 2.20228e+007 2.20229e+007 2.20229e+007 2.20229e+007 2.20229e+007 2.2023e+007 2.2023e+007 2.2023e+007 2.2023e+007 2.2023e+007 2.2023e+007 2.2023e+007 2.2023e+007 2.2023e+007 2.2023e+007 2.2023e+007 2.2023e+007 2.2023e+007 2.2023e+007 2.2023e+007 2.2023e+007 2.2023e+007 2.2023e+007 2.2023e+007 2.2023e+007 2.2023e+007 2.2023e+007 2.2023e+007 2.2023e+007 2.2023e+007 2.2023e+007 2.2023e+007 2.2023e+007 2.2023e+007 2.2023e+007 2.2023e+007 2.2023e+007 2.2023e+007 2.2023e+007 2.2023e+007 2.2023e+007 2.2023e+007 2.2023e+007 2.2023e+007 2.2023e+007 2.2023e+007 2.2023e+007 2.2023e+007 2.2023e+007 2.2023e+007 2.2023e+007 2.2023e+007 2.2023e+007 2.2023e+007 0 0 0 0 0 0 0 0 0 0 0 0 0 0 0 0 0 0 0 0 0 0 0 0 0
#obs survey bio
 3.2139e+006 2.58002e+006 4.64749e+006 3.6853e+006 4.21165e+006 2.30133e+006 2.08901e+006 2.31045e+006 1.94903e+006 1.72556e+006 1.60843e+006 1.05433e+006 966640 1.05076e+006 1.06824e+006 868116 608729 557789 952145 542936 623164 508908 548207 588204 471371 551951 552061 657253 540307 477551 560306 641679 574111 704973 435686 500281 800878 628715 609757 841112 507431 399967 499801 411200 685141 705240 532418 460104 638158 304580 511868
#pred catch bio
 100994 102592 146407 198014 230265 264619 274692 272706 307095 311559 311457 273949 251092 238555 238400 201662 172274 160116 146688 141272 124008 123422 108721 106918 115216 106454 97217.2 103544 94702.5 96043.2 98695 92607.3 104229 97779.6 96391.4 90532.7 98389.7 79250.1 97545.6 89211.3 89452.1 90220.6 85040.8 94230.1 90013.9 92545.2 82833 95755 92196.5 91014.7 76902.7 54982.7 79250 80812.2 86697.7 95943.9 106096 115537 123529 129891 134743 138325 140908 142736 144010 144889 145490 145897 146172 146356 146479 146562 146616 146652 146677 146692 146703 146710 146714 146717 146719 146721 146722 146722 146722 146723 146723 146723 146723 146723 146723 146723 146723 146723 146723 146723 146723 146723 146723 146723 146723 146723 146723 146723 146723 146723 146723 146723 146723 146723 146723 146723 146723 146723 146723 146723 146723 146723 146723 146723 146723 146723 146723 146723 146723 146723 146723 146723 146723 146723 146723 146723 146723 146723 146723 146723 146723 146723 146723 146723 146723 146723 146723 146723 146723 146723 146723 146723 146723 146723 146723 0 0 0 0 0 0 0 0 0 0 0 0 0 0 0 0 0 0 0 0 0 0 0 0 0
#obs catch bio
 0 102461 146662 198690 230993 266145 277124 274687 310744 316376 316592 277587 255050 242727 242568 204123 175279 163599 148903 142467 124863 125009 109840 108176 116984 107660 97779.1 104415 95068.2 96682.8 99681.1 92998.7 104968 98172.6 96688 90873.3 98760.2 79092.9 97500.2 88337.9 88571 89973.3 84736.1 94085.9 89417 91850.8 82328 95867.9 91919.8 91162.7 76803.5
#pred cpue bio
 4.20804e+006 4.02633e+006 3.84425e+006 3.62044e+006 3.35476e+006 3.07459e+006 2.78172e+006 2.50416e+006 2.25409e+006 1.98944e+006 1.73909e+006 1.503e+006 1.31824e+006 1.16613e+006 1.03253e+006 899901 807495 747705 700084 664027 629472 611362 591996 588505 586886 574213 569195 573198 568411 572582 574789 572876 576165 562995 552807 539955 531738 516113 526835 519534 521372 522262 521834 527337 521755 519957 514494 520428 511704 505980 499916 1.77555e+007 1.07284e+007 1.09876e+007 1.18412e+007 1.31693e+007 1.46356e+007 1.60157e+007 1.72047e+007 1.81737e+007 1.89342e+007 1.95161e+007 1.99537e+007 2.0279e+007 2.05193e+007 2.06962e+007 2.08265e+007 2.09226e+007 2.09938e+007 2.10467e+007 2.10862e+007 2.11159e+007 2.11384e+007 2.11554e+007 2.11685e+007 2.11785e+007 2.11863e+007 2.11922e+007 2.11969e+007 2.12005e+007 2.12033e+007 2.12055e+007 2.12073e+007 2.12086e+007 2.12097e+007 2.12106e+007 2.12112e+007 2.12118e+007 2.12122e+007 2.12125e+007 2.12128e+007 2.1213e+007 2.12132e+007 2.12133e+007 2.12134e+007 2.12135e+007 2.12136e+007 2.12136e+007 2.12137e+007 2.12137e+007 2.12137e+007 2.12137e+007 2.12138e+007 2.12138e+007 2.12138e+007 2.12138e+007 2.12138e+007 2.12138e+007 2.12138e+007 2.12138e+007 2.12138e+007 2.12138e+007 2.12138e+007 2.12138e+007 2.12138e+007 2.12138e+007 2.12138e+007 2.12138e+007 2.12138e+007 2.12138e+007 2.12138e+007 2.12138e+007 2.12138e+007 2.12138e+007 2.12138e+007 2.12138e+007 2.12138e+007 2.12138e+007 2.12138e+007 2.12138e+007 2.12138e+007 2.12138e+007 2.12138e+007 2.12138e+007 2.12138e+007 2.12138e+007 2.12138e+007 2.12138e+007 2.12138e+007 2.12138e+007 2.12138e+007 2.12138e+007 2.12138e+007 2.12138e+007 2.12138e+007 2.12138e+007 2.12138e+007 2.12138e+007 2.12138e+007 2.12138e+007 2.12138e+007 0 0 0 0 0 0 0 0 0 0 0 0 0 0 0 0 0 0 0 0 0 0 0 0 0
#obs cpue bio
 2.87555e+006 3.91184e+006 3.8735e+006 3.18957e+006 2.48055e+006 3.25328e+006 2.31401e+006 2.81343e+006 2.13385e+006 1.54975e+006 1.78469e+006 2.03508e+006 1.28859e+006 991933 1.00168e+006 932907 586166 626659 583508 1.15163e+006 551988 504591 543335 462139 601965 600557 693910 471296 668666 551455 455450 625397 580986 475369 785094 478798 474354 440520 657952 624435 671731 460904 566539 737908 590421 527003 421467 452802 541098 701642 543682
#pred surv len freq
 0.00467843 0.00763121 0.011552 0.0164451 0.0222072 0.0285441 0.0349437 0.0408038 0.0456572 0.0493239 0.0518898 0.0535778 0.0546286 0.0552382 0.0555356 0.0555793 0.0553686 0.0548548 0.0539297 0.0523813 0.0498657 0.0459747 0.0404433 0.0334104 0.0255358
 0.0048278 0.00779694 0.0116634 0.0164006 0.0219162 0.0279837 0.0341958 0.040036 0.0450502 0.0489858 0.0518118 0.0536551 0.0547282 0.0552714 0.0554987 0.0555485 0.0554568 0.0551499 0.0544422 0.0530289 0.0505041 0.0464622 0.0407023 0.0334508 0.0254326
 0.00505772 0.00816161 0.012189 0.0170891 0.0227266 0.0288166 0.0348972 0.040439 0.0450465 0.0485876 0.0511529 0.0529219 0.054066 0.0547312 0.0550543 0.0551586 0.055118 0.0549027 0.0543325 0.0530595 0.0506167 0.0465629 0.0407129 0.0333484 0.0252505
 0.00525754 0.00849104 0.0126933 0.0178124 0.023701 0.0300424 0.0363188 0.0419294 0.0464167 0.0496266 0.0516927 0.052898 0.0535402 0.0538574 0.0540068 0.0540713 0.0540663 0.0539257 0.0534571 0.0523032 0.0499749 0.0460066 0.0402071 0.0328772 0.0248262
 0.00549674 0.00887172 0.0132519 0.0185802 0.0247016 0.0312865 0.0377935 0.043586 0.048161 0.051317 0.0531491 0.053931 0.0539981 0.0536763 0.0532347 0.0528472 0.0525677 0.0523153 0.0518552 0.050787 0.0485887 0.044773 0.0391375 0.0319808 0.0241123
 0.00577324 0.00931189 0.013897 0.0194626 0.0258398 0.0326774 0.0394046 0.0453531 0.0499959 0.0531187 0.0548086 0.0553267 0.0549945 0.0541396 0.053069 0.052033 0.0511788 0.0505008 0.0497973 0.0486591 0.0465317 0.0428915 0.0375049 0.0306431 0.0230871
 0.0060456 0.00975445 0.0145625 0.0203995 0.0270826 0.0342317 0.041232 0.0473672 0.0520757 0.0551333 0.0566383 0.0568699 0.0561611 0.0548407 0.0532154 0.051552 0.0500447 0.0487619 0.0475822 0.0461555 0.0439507 0.0404317 0.0353271 0.028854 0.0217302
 0.00632706 0.0102037 0.015224 0.0213111 0.0282716 0.035707 0.0429733 0.0493164 0.0541388 0.057192 0.0585658 0.0585458 0.0574802 0.0557151 0.0535701 0.0513217 0.0491813 0.047257 0.0454942 0.0436244 0.0411867 0.03768 0.0328186 0.02676 0.0201343
 0.00657647 0.0106082 0.0158308 0.0221637 0.0294016 0.0371225 0.0446461 0.051179 0.0560951 0.0591354 0.0603937 0.0601639 0.0588012 0.0566563 0.0540534 0.0512756 0.0485466 0.0460004 0.0436324 0.0412493 0.0384763 0.034879 0.0301892 0.0245192 0.0184048
 0.00680449 0.0109892 0.0164234 0.0230288 0.0305898 0.0386538 0.0464904 0.0532489 0.05826 0.0612487 0.06232 0.0617946 0.0600578 0.0574841 0.0544109 0.051124 0.0478467 0.0447217 0.0417756 0.038877 0.0357358 0.0319984 0.0274367 0.0221362 0.0165428
 0.00704142 0.0113721 0.0169963 0.0238339 0.0316631 0.0400161 0.0481338 0.0551266 0.060284 0.0632984 0.0642575 0.0634845 0.0613852 0.0583666 0.0547989 0.0509912 0.0471773 0.043506 0.0400214 0.0366361 0.0331315 0.0292329 0.024762 0.0197921 0.0146911
 0.00741297 0.0119499 0.0178175 0.0249162 0.0330041 0.0415925 0.049898 0.0570061 0.0621876 0.0651286 0.0659209 0.0648951 0.0624646 0.0590462 0.0550247 0.0507273 0.0464056 0.0422241 0.0382474 0.0344242 0.0305948 0.026553 0.0221688 0.0175108 0.0128791
 0.0077409 0.0124731 0.0185853 0.0259652 0.0343483 0.0432101 0.0517206 0.0589205 0.0640578 0.0668287 0.0673592 0.0660188 0.0632479 0.0594729 0.0550768 0.0503821 0.04564 0.0410237 0.0366185 0.0324105 0.0282946 0.024126 0.0198176 0.0154363 0.0112246
 0.00796338 0.0128416 0.0191522 0.026783 0.035458 0.044623 0.0533996 0.0607731 0.0659483 0.0686055 0.0688851 0.0671927 0.0640144 0.0598187 0.0550155 0.0499355 0.0448243 0.0398474 0.0350937 0.0305731 0.0262252 0.0219585 0.017725 0.0135913 0.00975178
 0.00815445 0.0131525 0.0196214 0.0274481 0.0363507 0.0457596 0.0547687 0.0623263 0.0676006 0.0702437 0.0703825 0.0684278 0.064889 0.0602725 0.055031 0.0495304 0.0440354 0.038716 0.0336608 0.028889 0.0243662 0.0200385 0.0158876 0.0119794 0.00846801
 0.00849572 0.0136828 0.0203736 0.0284363 0.0375686 0.0471786 0.0563348 0.0639594 0.0692023 0.071712 0.0716255 0.06937 0.0654728 0.0604602 0.054808 0.0489078 0.0430476 0.0374136 0.0321039 0.0271466 0.0225223 0.0181982 0.0141715 0.0105017 0.00730608
 0.00868697 0.0139953 0.020846 0.0291033 0.0384516 0.0482726 0.0575967 0.0653085 0.0705368 0.0729335 0.0726573 0.0701616 0.0659932 0.0606889 0.0547304 0.0485167 0.0423488 0.0364297 0.0308772 0.0257387 0.0210143 0.0166886 0.0127663 0.00929588 0.00636124
 0.00858214 0.0138625 0.0207169 0.0290334 0.0385092 0.0485189 0.0580663 0.065999 0.0714088 0.0739185 0.0736705 0.0711153 0.0668104 0.0613106 0.0551165 0.0486426 0.0422021 0.0360125 0.0302097 0.0248644 0.0200009 0.0156236 0.0117453 0.0084044 0.00565543
 0.00852163 0.0137571 0.020548 0.0287867 0.0381869 0.0481551 0.0577345 0.0658006 0.071442 0.0742408 0.0742739 0.0719296 0.0677264 0.0622111 0.0558998 0.0492336 0.0425542 0.0361049 0.0300455 0.0244714 0.0194323 0.0149539 0.0110596 0.00778104 0.00514944
 0.00866686 0.0139501 0.0207581 0.0289574 0.0382504 0.0480567 0.0574569 0.0653772 0.0709538 0.0737997 0.0739946 0.0718964 0.0679663 0.0626842 0.0565136 0.0498719 0.0431078 0.036492 0.0302217 0.0244302 0.0192021 0.014591 0.0106357 0.00736688 0.00479835
 0.00886911 0.0142644 0.0212013 0.0295276 0.0389185 0.048759 0.0580945 0.0658326 0.0711269 0.0736495 0.0735636 0.0713001 0.0673529 0.0621838 0.0561988 0.0497442 0.0431104 0.0365392 0.030231 0.0243466 0.0190088 0.0143074 0.010306 0.00704261 0.00452141
 0.0089184 0.0143479 0.021333 0.0297229 0.0391901 0.04911 0.0585103 0.066274 0.071531 0.0739406 0.073675 0.0712004 0.0670644 0.0617808 0.0557822 0.0494034 0.042891 0.0364327 0.0301886 0.0243072 0.0189264 0.0141662 0.0101199 0.00684296 0.0043405
 0.00900326 0.0144772 0.0215119 0.0299512 0.0394639 0.0494241 0.0588575 0.066643 0.0719021 0.0742821 0.0739435 0.0713474 0.0670509 0.0615951 0.0554518 0.0489906 0.0424711 0.0360661 0.0299006 0.0240874 0.0187456 0.0139975 0.00995254 0.00668272 0.00420101
 0.00895559 0.0144059 0.0214165 0.0298358 0.0393373 0.0492985 0.0587488 0.0665705 0.0718866 0.0743411 0.0740839 0.0715581 0.0672999 0.0618362 0.0556393 0.049097 0.0424973 0.0360363 0.0298468 0.0240318 0.0186936 0.0139436 0.00989095 0.00661457 0.00413404
 0.00880303 0.0141828 0.021127 0.0295004 0.0389877 0.0489688 0.0584687 0.0663624 0.0717666 0.0743199 0.0741661 0.0717405 0.067569 0.0621662 0.0559931 0.0494331 0.0427812 0.0362501 0.0299914 0.0241207 0.0187424 0.0139637 0.00988934 0.00659739 0.00410861
 0.00877001 0.0141255 0.0210352 0.0293648 0.0388052 0.0487491 0.0582371 0.066156 0.071622 0.0742596 0.074192 0.0718381 0.0677178 0.0623473 0.0561911 0.0496332 0.0429664 0.0364045 0.0301043 0.0241906 0.0187756 0.0139703 0.00987909 0.00657827 0.00408679
 0.008796 0.0141485 0.0210342 0.0293086 0.0386609 0.0484959 0.0578793 0.0657276 0.0711803 0.0738715 0.0739168 0.0717133 0.0677517 0.0625207 0.0564664 0.0499661 0.0433156 0.0367357 0.0303929 0.0244221 0.0189463 0.014085 0.00994826 0.0066144 0.00410171
 0.00873656 0.0140589 0.0209114 0.029152 0.0384687 0.0482619 0.0575933 0.0653823 0.0707822 0.0734499 0.0735241 0.0714137 0.0676015 0.0625504 0.0566719 0.0503122 0.0437486 0.0371978 0.0308341 0.0248069 0.0192553 0.0143139 0.0101043 0.00671166 0.00415657
 0.00881733 0.0141721 0.0210486 0.0292939 0.0385907 0.0483422 0.0576182 0.0653453 0.0706793 0.0732772 0.0732817 0.0711146 0.0672787 0.0622531 0.0564518 0.0502057 0.043764 0.0373156 0.0310164 0.0250114 0.0194469 0.0144708 0.0102186 0.00678608 0.00419984
 0.00877197 0.0141097 0.0209748 0.0292193 0.0385257 0.0482897 0.0575704 0.0652863 0.0705948 0.0731621 0.0731429 0.0709665 0.0671371 0.0621337 0.0563718 0.0501835 0.0438144 0.0374415 0.0312041 0.025233 0.0196695 0.0146666 0.0103715 0.00689285 0.00426667
 0.00859415 0.0138531 0.0206493 0.0288562 0.0381702 0.0479878 0.0573565 0.0651766 0.0705854 0.0732319 0.0732602 0.0710988 0.0672613 0.0622408 0.0564664 0.0502789 0.0439267 0.0375834 0.0313791 0.0254326 0.0198751 0.0148564 0.0105281 0.00700833 0.00434277
 0.00848262 0.0136709 0.0203753 0.0284754 0.0376828 0.0474208 0.0567694 0.0646539 0.0702124 0.0730648 0.0733071 0.0713218 0.0675959 0.0626209 0.0568423 0.0506246 0.0442374 0.0378665 0.0316446 0.0256851 0.0201111 0.0150659 0.0107005 0.00713765 0.00443036
 0.00828304 0.0133672 0.0199566 0.0279445 0.0370539 0.0467167 0.0560229 0.0639125 0.0695414 0.0725418 0.073006 0.0712907 0.0678391 0.0630955 0.0574718 0.0513236 0.0449338 0.0385137 0.0322201 0.0261823 0.0205294 0.0154058 0.0109632 0.00732753 0.00455682
 0.00814294 0.0131568 0.0196726 0.0275954 0.0366581 0.0462973 0.0556034 0.0635143 0.0691819 0.0722353 0.0727671 0.0711398 0.0678023 0.0631959 0.0577161 0.0516928 0.0453861 0.0389977 0.0326902 0.0266072 0.0208928 0.0157016 0.0111915 0.007493 0.00466793
 0.00820717 0.0132186 0.0196879 0.0275005 0.0363903 0.045826 0.0549539 0.0627671 0.0684459 0.0716096 0.0723145 0.0708815 0.0677309 0.0632925 0.0579605 0.052064 0.0458562 0.0395287 0.0332366 0.0271251 0.0213484 0.0160754 0.011478 0.00769763 0.00480323
 0.00886336 0.014158 0.0208631 0.02878 0.0375865 0.0467475 0.0554543 0.0627734 0.0679681 0.0707359 0.0711915 0.0696792 0.0666006 0.0623374 0.0572289 0.0515611 0.0455621 0.0394095 0.0332507 0.0272271 0.0214943 0.0162289 0.0116146 0.00780491 0.00487886
 0.0093572 0.0149544 0.0220422 0.0303909 0.0396133 0.0490677 0.0578163 0.0648276 0.06936 0.0712249 0.0707299 0.0684114 0.0647951 0.0602944 0.0552063 0.0497371 0.0440308 0.0381983 0.0323431 0.0265822 0.0210609 0.0159547 0.0114522 0.00771545 0.00483355
 0.00931381 0.0149724 0.0222332 0.0309138 0.0406333 0.0506886 0.0600134 0.0674171 0.0720205 0.0735642 0.0723777 0.069112 0.0644735 0.059069 0.0533412 0.0475554 0.0418289 0.0361914 0.0306514 0.0252455 0.0200639 0.0152514 0.0109838 0.00742236 0.00466232
 0.00879287 0.0141916 0.0211882 0.0296628 0.039305 0.0494792 0.0591698 0.0671899 0.0725853 0.0749365 0.0743699 0.0713691 0.066578 0.0606692 0.0542472 0.0477684 0.0415018 0.0355494 0.029911 0.0245624 0.0195188 0.014863 0.010733 0.00727467 0.00458287
 0.00873702 0.0140631 0.0209273 0.0291976 0.0385787 0.0484912 0.0580108 0.0660471 0.0717063 0.0745604 0.0746501 0.0723144 0.0680335 0.0623509 0.0558258 0.0489713 0.0421909 0.0357404 0.0297341 0.0241914 0.0191065 0.0145067 0.0104717 0.00710651 0.00448642
 0.00883688 0.014191 0.0210537 0.0292669 0.0385158 0.0482182 0.0574707 0.0652303 0.0706752 0.0734606 0.0736938 0.0717274 0.0679789 0.0628626 0.0567854 0.0501459 0.0433165 0.0366129 0.030265 0.0244079 0.0191067 0.0144024 0.0103474 0.00700633 0.00442168
 0.00883869 0.0142126 0.0211182 0.0294009 0.0387336 0.0485016 0.0577545 0.0654107 0.0706415 0.0731429 0.0731024 0.0709667 0.0672249 0.0623078 0.0565689 0.0502992 0.0437532 0.0371702 0.0307753 0.0247622 0.0192794 0.0144328 0.0103005 0.00693792 0.00436355
 0.00881317 0.0141747 0.0210692 0.0293479 0.0386919 0.0484942 0.0578069 0.0655369 0.0708268 0.0733333 0.0732157 0.0709262 0.0670032 0.0619517 0.056189 0.0500227 0.0436652 0.0372766 0.031008 0.0250215 0.0194835 0.0145471 0.010335 0.00692499 0.00433454
 0.00872585 0.0140395 0.0208788 0.0291014 0.0383962 0.0481668 0.0574776 0.0652476 0.070624 0.0732536 0.0732688 0.0710849 0.0672094 0.0621415 0.0563244 0.0501116 0.0437525 0.0374121 0.0312115 0.0252708 0.0197304 0.0147467 0.0104668 0.00699478 0.00436231
 0.00874277 0.0140647 0.0209122 0.0291405 0.0384361 0.0482 0.0574953 0.0652417 0.070591 0.0731985 0.0732047 0.0710284 0.0671708 0.0621178 0.0563008 0.0500733 0.0436992 0.0373615 0.0311888 0.0252903 0.0197857 0.0148158 0.0105268 0.00703339 0.00438004
 0.00881766 0.014167 0.0210302 0.0292517 0.0385137 0.0482233 0.0574579 0.0651525 0.0704686 0.073063 0.0730733 0.070914 0.067083 0.0620618 0.0562757 0.0500712 0.0437094 0.0373769 0.0312099 0.0253222 0.0198307 0.0148691 0.0105781 0.00707353 0.00440542
 0.00894561 0.0143647 0.0213075 0.0296069 0.0389307 0.0486684 0.0578803 0.0654918 0.0706707 0.0730985 0.0729468 0.0706598 0.06675 0.0616984 0.0559199 0.0497473 0.0434293 0.0371441 0.0310237 0.0251807 0.0197312 0.0148062 0.0105433 0.00705659 0.00439768
 0.00877708 0.0141312 0.0210309 0.0293334 0.0387178 0.0485643 0.0579062 0.0656354 0.0708933 0.0733486 0.0731754 0.0708323 0.0668531 0.0617393 0.0559188 0.0497276 0.0434095 0.0371342 0.0310265 0.0251947 0.0197532 0.0148324 0.0105698 0.00707984 0.00441533
 0.00874518 0.0140779 0.0209499 0.0292227 0.038586 0.0484366 0.0578248 0.0656489 0.0710349 0.0736153 0.0735214 0.0711833 0.0671345 0.0619022 0.0559518 0.0496522 0.0432651 0.0369623 0.0308597 0.0250527 0.019644 0.0147558 0.0105208 0.00705141 0.00440045
 0.00854144 0.0137845 0.0205782 0.0288064 0.0381713 0.0480666 0.0575293 0.0654458 0.0709389 0.0736435 0.0736874 0.0714837 0.0675372 0.0623489 0.0563755 0.0499996 0.0435117 0.0371131 0.0309382 0.0250872 0.0196576 0.0147626 0.0105268 0.007058 0.00440671
 0.0080074 0.0130005 0.019556 0.0276159 0.0369257 0.0468951 0.0565515 0.0647553 0.0705931 0.0736557 0.0740286 0.0720936 0.068341 0.0632694 0.0573369 0.0509305 0.0443516 0.0378219 0.0315014 0.0255132 0.0199679 0.0149822 0.0106779 0.00715818 0.0044698
#obs surv len freq
 nan nan nan nan nan nan nan nan nan nan nan nan nan nan nan nan nan nan nan nan nan nan nan nan nan
 0.00449287 0.00735783 0.0111909 0.016009 0.0217095 0.027983 0.0342938 0.0400215 0.0446977 0.0481585 0.0505138 0.0520074 0.0528977 0.0534085 0.0537215 0.0539755 0.0542533 0.0545456 0.054684 0.0542759 0.0527141 0.0493469 0.0437977 0.0362792 0.0276644
 0.00461957 0.00756805 0.0115147 0.0164756 0.0223398 0.0287778 0.0352231 0.0410221 0.0456831 0.0490377 0.0512087 0.0524642 0.0530908 0.0533394 0.0534138 0.053467 0.0535879 0.0537659 0.0538291 0.0533827 0.0518217 0.0484987 0.0430388 0.0356479 0.027182
 0.00477232 0.00781968 0.0118998 0.0170289 0.02309 0.029737 0.0363749 0.0423144 0.0470321 0.0503397 0.0523556 0.0533585 0.0536579 0.0535368 0.053234 0.0529345 0.0527506 0.0526853 0.052573 0.0520221 0.0504324 0.0471616 0.0418344 0.0346425 0.0264122
 0.00496941 0.00813844 0.0123767 0.0176974 0.0239751 0.0308466 0.0376894 0.0437824 0.0485749 0.0518624 0.0537581 0.0545423 0.0545323 0.0540261 0.053287 0.0525326 0.0519107 0.0514576 0.051035 0.0502733 0.0485897 0.0453529 0.0401858 0.0332568 0.0253472
 0.00518694 0.00849509 0.0129188 0.0184694 0.0250104 0.0321531 0.039236 0.0454958 0.0503517 0.0535906 0.0553348 0.0558796 0.0555549 0.0546667 0.0534868 0.0522469 0.0511196 0.0501764 0.0493216 0.0482308 0.0463626 0.0431145 0.0381132 0.0314973 0.0239865
 0.00541438 0.00886911 0.0134898 0.0192873 0.0261155 0.0335606 0.0409202 0.0473835 0.0523318 0.0555343 0.0571173 0.0573941 0.0567174 0.0554135 0.0537685 0.0520239 0.0503632 0.0488798 0.0475167 0.0460049 0.0438654 0.040547 0.0356952 0.0294197 0.0223669
 0.00564251 0.00924213 0.0140555 0.0200925 0.0271981 0.0349368 0.0425704 0.0492457 0.0543082 0.0575079 0.058968 0.0590105 0.0580029 0.0562895 0.0541743 0.0519137 0.0497045 0.0476573 0.0457473 0.0437591 0.0412839 0.0378377 0.0331006 0.0271615 0.0205894
 0.00588896 0.00964533 0.014667 0.0209617 0.0283627 0.036408 0.0443174 0.0511916 0.0563417 0.0595057 0.060814 0.0606054 0.0592641 0.0571488 0.0545748 0.0518082 0.0490556 0.0464432 0.0439752 0.0414875 0.0386433 0.035034 0.0303856 0.024775 0.0186954
 0.00614641 0.010068 0.0153105 0.0218803 0.0295979 0.0379716 0.0461743 0.0532536 0.0584812 0.0615812 0.0626948 0.0621857 0.0604666 0.05792 0.0548774 0.0516128 0.0483366 0.045182 0.0421751 0.0391974 0.0359822 0.0321985 0.0276251 0.0223339 0.0167467
 0.00637746 0.0104479 0.0158905 0.0227111 0.030721 0.0394037 0.0478912 0.0551837 0.0605134 0.0635847 0.0645403 0.0637593 0.0616782 0.0587055 0.0551961 0.0514403 0.0476575 0.0439876 0.0404728 0.0370321 0.0334613 0.0295024 0.0249876 0.0199893 0.0148652
 0.00659905 0.0108114 0.0164437 0.0235008 0.031784 0.040753 0.0495015 0.0569856 0.0624035 0.0654443 0.0662537 0.0652252 0.0628132 0.059446 0.0554978 0.0512757 0.0470116 0.0428568 0.0388705 0.0350042 0.0311077 0.0269878 0.0225257 0.0177964 0.0131007
 0.0068378 0.0112021 0.0170361 0.0243421 0.0329088 0.0421676 0.0511687 0.0588207 0.064287 0.0672468 0.067858 0.066539 0.0637711 0.0600059 0.0556352 0.050978 0.0462743 0.0416833 0.0372786 0.0330409 0.0288668 0.0246194 0.0202222 0.0157518 0.0114579
 0.00709143 0.0116156 0.0176605 0.0252244 0.034082 0.0436349 0.0528875 0.0606979 0.0661925 0.069039 0.0694099 0.0677533 0.0645856 0.060391 0.0555864 0.0505063 0.0453975 0.0404223 0.0356623 0.0311195 0.0267282 0.022398 0.0180872 0.0138718 0.00995491
 0.00728865 0.0119438 0.0181683 0.0259613 0.0350875 0.0449218 0.054425 0.062406 0.0679538 0.0707215 0.0708894 0.0689286 0.0653854 0.0607756 0.055545 0.0500509 0.0445542 0.039225 0.0341526 0.0293545 0.024793 0.0204125 0.016197 0.0122187 0.00863985
 0.00745536 0.0122187 0.0185892 0.0265667 0.0359093 0.045974 0.0556911 0.0638323 0.0694543 0.0721916 0.0722215 0.0700252 0.0661689 0.0611941 0.0555743 0.0496919 0.0438278 0.0381666 0.0328095 0.0277892 0.0230897 0.0186806 0.0145621 0.0107992 0.00751691
 0.00753109 0.0123429 0.0187791 0.0268409 0.036287 0.0464721 0.0563196 0.06459 0.0703246 0.0731408 0.0731987 0.0709638 0.066993 0.0618274 0.0559512 0.0497664 0.0435787 0.0375983 0.0319515 0.0266949 0.021837 0.0173695 0.0133041 0.00969698 0.00664045
 0.00759668 0.0124442 0.018922 0.0270281 0.0365195 0.0467505 0.0566451 0.0649648 0.0707515 0.0736216 0.0737304 0.0715329 0.0675699 0.0623649 0.0563888 0.0500402 0.0436338 0.0374005 0.0314951 0.0260069 0.0209764 0.0164214 0.0123663 0.00886038 0.0059681
 0.00766914 0.0125525 0.0190673 0.0272052 0.0367183 0.0469592 0.0568532 0.0651654 0.0709437 0.0738124 0.0739334 0.0717638 0.0678379 0.0626644 0.0566938 0.0503056 0.0438032 0.0374198 0.0313273 0.0256448 0.020448 0.015787 0.0117052 0.00825108 0.00546827
 0.00775727 0.0126895 0.0192611 0.0274574 0.0370222 0.0472977 0.0571986 0.0654827 0.0711993 0.0739852 0.0740224 0.0717878 0.0678277 0.0626505 0.0566953 0.0503216 0.0438112 0.0373812 0.0312009 0.0254027 0.0200893 0.0153415 0.0112265 0.00779912 0.00509103
 0.00777593 0.0127231 0.0193176 0.0275459 0.0371503 0.0474682 0.0574052 0.0657092 0.0714226 0.0741805 0.0741703 0.0718791 0.0678661 0.0626508 0.0566774 0.0503017 0.043793 0.0373525 0.0311366 0.0252762 0.0198866 0.0150708 0.0109179 0.00749444 0.00482803
 0.00782454 0.0127913 0.0194005 0.0276333 0.0372311 0.0475363 0.0574636 0.0657685 0.0714944 0.0742701 0.0742725 0.07198 0.0679493 0.062705 0.0567002 0.0502989 0.0437728 0.0373184 0.0310832 0.0251913 0.0197589 0.0148997 0.0107179 0.00729085 0.00464731
 0.00785173 0.0128325 0.0194563 0.0277011 0.0373043 0.0476043 0.0575136 0.0657897 0.0714838 0.0742364 0.0742342 0.0719578 0.0679557 0.0627398 0.0567523 0.0503535 0.0438178 0.0373461 0.0310882 0.0251679 0.0197023 0.0148097 0.0106027 0.00716643 0.00453188
 0.00788175 0.0128783 0.0195195 0.027781 0.0373974 0.0477043 0.0576116 0.0658738 0.0715415 0.0742579 0.0742169 0.0719087 0.0678903 0.0626761 0.0567041 0.0503255 0.0438056 0.03734 0.0310776 0.0251438 0.0196591 0.0147464 0.0105239 0.00708192 0.00445312
 0.00789883 0.0129042 0.019555 0.0278254 0.0374487 0.0477598 0.0576674 0.0659256 0.0715842 0.0742869 0.0742283 0.0719006 0.0678641 0.0626372 0.0566613 0.0502878 0.0437791 0.0373247 0.031068 0.025132 0.0196377 0.014712 0.0104779 0.00703013 0.00440322
 0.00789877 0.0128992 0.0195387 0.0277895 0.0373859 0.0476679 0.0575531 0.0658039 0.0714748 0.0742076 0.0741903 0.071906 0.067907 0.0627071 0.0567465 0.0503792 0.0438705 0.037412 0.0311472 0.0251981 0.0196857 0.0147388 0.0104846 0.00702145 0.00438632
 0.00789662 0.0128942 0.0195282 0.0277694 0.0373511 0.0476128 0.0574736 0.0656999 0.0713527 0.0740809 0.0740778 0.0718269 0.0678751 0.062726 0.0568102 0.0504746 0.0439827 0.0375277 0.0312561 0.0252927 0.0197608 0.0147918 0.0105159 0.00703476 0.00438746
 0.00791886 0.0129257 0.0195669 0.0278102 0.0373865 0.0476353 0.0574767 0.0656789 0.0713051 0.0740075 0.0739837 0.0717229 0.0677761 0.0626482 0.0567658 0.0504685 0.0440113 0.0375813 0.0313223 0.0253598 0.01982 0.0148375 0.0105462 0.00705119 0.00439357
 0.0079106 0.0129137 0.0195513 0.0277917 0.0373658 0.0476117 0.0574484 0.0656434 0.0712606 0.0739545 0.0739252 0.0716642 0.0677236 0.062609 0.0567468 0.0504751 0.0440453 0.0376396 0.031397 0.0254403 0.0198958 0.0149008 0.0105931 0.00708173 0.00441072
 0.00787402 0.012856 0.0194679 0.0276805 0.0372281 0.047454 0.0572831 0.0654874 0.0711314 0.0738652 0.0738814 0.0716637 0.0677598 0.062674 0.0568338 0.0505792 0.0441628 0.0377666 0.0315282 0.0255683 0.0200121 0.0149983 0.0106678 0.00713354 0.00444298
 0.00787263 0.0128474 0.0194435 0.0276286 0.0371376 0.0473197 0.0571098 0.0652915 0.0709367 0.0736968 0.0737594 0.0715995 0.0677551 0.0627223 0.0569237 0.050698 0.0442991 0.0379112 0.0316735 0.0257071 0.0201376 0.0151044 0.0107507 0.00719281 0.00448137
 0.00782495 0.0127715 0.0193324 0.0274766 0.0369413 0.0470798 0.0568333 0.0649939 0.070642 0.0734347 0.0735605 0.0714886 0.0677456 0.0628132 0.0571004 0.0509367 0.044573 0.0381956 0.0319482 0.0259575 0.0203538 0.0152805 0.010885 0.00728783 0.00454311
 0.00779784 0.012724 0.0192546 0.0273578 0.0367728 0.0468592 0.0565683 0.0647028 0.0703497 0.0731674 0.0733415 0.071337 0.067676 0.062834 0.0572116 0.051128 0.0448245 0.0384814 0.0322418 0.0262355 0.0205989 0.0154823 0.0110399 0.00739794 0.00461511
 0.00776049 0.0126635 0.0191638 0.0272298 0.0366024 0.0466444 0.0563131 0.0644188 0.0700564 0.0728892 0.0731044 0.071164 0.067584 0.062832 0.0573005 0.0513007 0.0450662 0.0387707 0.0325527 0.0265413 0.0208765 0.0157156 0.0112212 0.00752789 0.00470058
 0.00773629 0.0126221 0.0190978 0.0271313 0.0364647 0.0464648 0.056096 0.0641757 0.069804 0.0726463 0.0728889 0.0709925 0.067471 0.0627892 0.0573349 0.0514129 0.0452493 0.03901 0.0328268 0.0268254 0.0211457 0.0159498 0.0114082 0.00766464 0.00479187
 0.00935864 0.0148943 0.0218428 0.0299584 0.0388832 0.0480647 0.0566912 0.0638319 0.0687561 0.0711778 0.0712427 0.069338 0.0659112 0.0613816 0.0561093 0.0503825 0.0444162 0.0383662 0.0323555 0.0265019 0.02094 0.0158304 0.0113464 0.00763711 0.00478215
 0.0093272 0.0151469 0.0227583 0.0320087 0.0424278 0.053075 0.0625736 0.0695243 0.0731049 0.0733917 0.0711533 0.0673416 0.0626921 0.0576175 0.052304 0.0468375 0.0412793 0.0356934 0.0301537 0.0247508 0.0196017 0.0148537 0.0106706 0.00719727 0.00451513
 0.00898802 0.014609 0.0219966 0.0310677 0.0414793 0.0524581 0.0627568 0.0709394 0.075891 0.0772029 0.075199 0.0706876 0.0646501 0.057985 0.051336 0.04503 0.0391339 0.0335793 0.0282818 0.02321 0.0184055 0.0139749 0.0100615 0.00680133 0.00427548
 0.00882228 0.0143299 0.0215589 0.0304258 0.0406036 0.051367 0.0615585 0.0698626 0.0752702 0.0773879 0.0763983 0.0728172 0.067294 0.0605296 0.0532193 0.045959 0.0391449 0.0329395 0.0273257 0.0222122 0.0175324 0.0132949 0.00957795 0.00648447 0.00408388
 0.0087419 0.0141944 0.0213455 0.030108 0.0401545 0.0507665 0.0608052 0.0689897 0.0743634 0.0765981 0.0759322 0.0728864 0.0680232 0.0618625 0.0548946 0.0475928 0.040387 0.0336094 0.0274493 0.021958 0.0171057 0.0128576 0.00921913 0.00623063 0.00392433
 0.00868819 0.0141062 0.0212106 0.0299137 0.0398888 0.0504202 0.0603752 0.0684818 0.0737952 0.076005 0.0753776 0.0724687 0.0678659 0.0620764 0.0555172 0.0485416 0.0414662 0.0345816 0.0281342 0.0222959 0.0171537 0.012733 0.00903611 0.00606359 0.00380349
 0.00867642 0.0140827 0.0211672 0.0298394 0.0397722 0.0502524 0.0601527 0.0682074 0.0734767 0.0756537 0.0750106 0.0721147 0.0675732 0.0619128 0.0555545 0.0488222 0.0419688 0.0352109 0.0287518 0.0227778 0.0174396 0.0128369 0.00901936 0.00599475 0.00373113
 0.00867645 0.0140824 0.0211656 0.0298345 0.03976 0.0502261 0.0601031 0.0681243 0.0733517 0.0754837 0.0747993 0.0718743 0.0673253 0.0616906 0.0554019 0.0487858 0.0420793 0.0354624 0.0290932 0.0231293 0.0177258 0.0130175 0.0090976 0.00600287 0.00370696
 0.00867801 0.0140861 0.0211732 0.0298482 0.0397811 0.050254 0.0601337 0.0681492 0.0733593 0.0754616 0.0747371 0.0717672 0.0671772 0.061516 0.0552266 0.0486441 0.0420062 0.0354807 0.029201 0.0232966 0.0179055 0.013166 0.00919212 0.00604519 0.00371414
 0.00866626 0.0140707 0.0211571 0.0298363 0.0397794 0.0502673 0.0601633 0.0681922 0.0734087 0.075507 0.0747665 0.071769 0.0671428 0.0614435 0.0551234 0.0485279 0.0419023 0.0354151 0.0291905 0.0233405 0.0179855 0.0132543 0.00926485 0.00609096 0.00373474
 0.00864159 0.0140329 0.0211048 0.0297705 0.0397041 0.0501897 0.0600937 0.0681425 0.0733887 0.0755208 0.0748103 0.0718312 0.0672077 0.0614954 0.0551518 0.0485305 0.0418868 0.0353965 0.0291855 0.0233599 0.0180289 0.0133111 0.00932031 0.00613376 0.00376105
 0.00862727 0.0140077 0.0210634 0.0297075 0.0396158 0.0500769 0.0599644 0.0680118 0.0732758 0.0754436 0.0747806 0.0718517 0.0672712 0.0615873 0.0552539 0.0486263 0.0419662 0.0354581 0.029235 0.0234059 0.0180773 0.0133619 0.00936852 0.00617334 0.00378863
 0.00865288 0.0140453 0.0211121 0.0297632 0.039671 0.0501223 0.0599899 0.0680088 0.0732403 0.0753789 0.0746974 0.0717658 0.0671983 0.0615378 0.05523 0.048623 0.0419745 0.0354699 0.0292463 0.0234171 0.0180909 0.0133794 0.0093885 0.00619261 0.0038041
 0.00862708 0.0140111 0.0210749 0.0297322 0.0396564 0.05013 0.0600181 0.0680478 0.0732761 0.0753988 0.0746947 0.0717416 0.0671606 0.0614984 0.0551999 0.0486089 0.0419772 0.0354852 0.0292683 0.023441 0.0181142 0.0134013 0.00940862 0.00620995 0.00381764
 0.00861287 0.0139856 0.0210326 0.0296681 0.0395691 0.0500252 0.0599106 0.0679581 0.0732232 0.0753913 0.0747273 0.0717986 0.0672242 0.0615561 0.0552477 0.0486495 0.0420156 0.035525 0.02931 0.0234825 0.0181527 0.0134347 0.00943594 0.00623098 0.00383272
 0.00861287 0.0139856 0.0210326 0.0296681 0.0395691 0.0500252 0.0599106 0.0679581 0.0732232 0.0753913 0.0747273 0.0717986 0.0672242 0.0615561 0.0552477 0.0486495 0.0420156 0.035525 0.02931 0.0234825 0.0181527 0.0134347 0.00943594 0.00623098 0.00383272
#pred catch len freq
 0.00478849 0.007533 0.0109015 0.0147764 0.0190828 0.0237774 0.0287753 0.0339044 0.0389352 0.0436425 0.0478456 0.0514226 0.054315 0.0565227 0.0580819 0.0590379 0.0594272 0.0592604 0.0584858 0.0569292 0.0542571 0.0500524 0.0440427 0.0363886 0.0278138
 0.00496405 0.00774812 0.0110988 0.0148684 0.0189864 0.0234633 0.028299 0.033392 0.0385239 0.0434117 0.0477808 0.0514331 0.054292 0.0564014 0.0578779 0.0588429 0.0593656 0.0594271 0.0588923 0.0574867 0.0548115 0.0504534 0.0442107 0.0363389 0.0276301
 0.00522865 0.0081533 0.0116571 0.0155618 0.0197567 0.0242076 0.0288813 0.0336798 0.0384454 0.0429993 0.0471643 0.050776 0.0537107 0.0559244 0.0574695 0.0584642 0.0590235 0.0591745 0.0587843 0.0575292 0.0549419 0.0505698 0.0442284 0.0362325 0.027436
 0.00548108 0.00855032 0.0122303 0.0163329 0.0207337 0.0253768 0.0301912 0.0350254 0.0396677 0.043914 0.0476185 0.0507079 0.0531765 0.0550687 0.0564567 0.0574192 0.0580164 0.0582428 0.0579567 0.0568248 0.0543548 0.0500661 0.0437664 0.035792 0.0270289
 0.0057802 0.00901061 0.0128763 0.0171746 0.0217717 0.0266077 0.0316048 0.0365927 0.0413223 0.0455377 0.049042 0.0517382 0.0536489 0.0549046 0.0556942 0.0561947 0.0565099 0.0566218 0.0563461 0.0553045 0.0529696 0.0488366 0.0427009 0.0348969 0.0263124
 0.00613239 0.00955213 0.0136343 0.0181564 0.0229685 0.028 0.0331645 0.0382801 0.0430834 0.0473007 0.0507115 0.0531877 0.0547239 0.0554468 0.055585 0.0554008 0.0551027 0.0547574 0.0542186 0.0530995 0.0508372 0.0468869 0.0410095 0.0335108 0.0252491
 0.00647551 0.0100872 0.014398 0.01917 0.0242379 0.0295153 0.0348953 0.0401707 0.045054 0.0492556 0.0525485 0.0548024 0.0560077 0.0562837 0.0558576 0.0550128 0.0540136 0.0530124 0.0519535 0.0505162 0.0481625 0.0443331 0.038747 0.0316513 0.0238383
 0.0068297 0.0106333 0.0151663 0.0201733 0.0254766 0.0309824 0.0365753 0.0420314 0.0470373 0.0512751 0.0544945 0.0565539 0.057445 0.057296 0.0563445 0.0548855 0.053206 0.0515065 0.0498079 0.0478807 0.0452645 0.0414373 0.0361022 0.0294416 0.0221533
 0.00719323 0.0111963 0.0159624 0.0212176 0.0267676 0.0325047 0.0382984 0.0439061 0.0489968 0.053239 0.0563736 0.0582528 0.0588636 0.0583333 0.0569033 0.054877 0.0525575 0.0501763 0.0478114 0.0453175 0.0423292 0.038398 0.0332458 0.0270058 0.0202727
 0.00752203 0.0117153 0.016715 0.0222364 0.0280711 0.0340924 0.0401418 0.045942 0.0511289 0.0553509 0.0583446 0.059972 0.0602374 0.059286 0.0573713 0.0548022 0.0518857 0.0488669 0.0458617 0.0427943 0.0393934 0.0352991 0.0302775 0.0244322 0.01826
 0.00787494 0.0122607 0.017485 0.0232466 0.0293255 0.0355877 0.0418648 0.0478595 0.0531773 0.0574323 0.0603343 0.0617348 0.0616487 0.0602481 0.0578184 0.0546935 0.0511939 0.0475746 0.0439737 0.0403658 0.0365595 0.0322824 0.0273554 0.0218689 0.0162339
 0.00833677 0.0129603 0.0184439 0.0244543 0.0307485 0.0371843 0.0435925 0.0496735 0.0550248 0.0592486 0.0620416 0.0632431 0.0628613 0.0610715 0.0581741 0.0545256 0.0504702 0.0462845 0.0421323 0.0380307 0.033854 0.0294061 0.0245608 0.0194039 0.0142728
 0.00876345 0.013617 0.0193634 0.0256427 0.0321868 0.038831 0.0453842 0.051526 0.056842 0.060937 0.0635235 0.0644602 0.0637689 0.0616294 0.0583417 0.0542621 0.0497397 0.0450652 0.0404284 0.0358896 0.0313843 0.026784 0.0220107 0.0171481 0.0124706
 0.00908758 0.0141258 0.0200959 0.0266249 0.0334292 0.0403244 0.0470915 0.0533745 0.058725 0.0627274 0.0650946 0.0657069 0.064622 0.0620583 0.0583443 0.0538478 0.0489162 0.0438359 0.0388039 0.033909 0.029137 0.0244191 0.0197205 0.015125 0.0108534
 0.00941848 0.0146362 0.020814 0.0275619 0.0345826 0.0416818 0.0486281 0.0550455 0.0604583 0.0644238 0.0666355 0.066971 0.0655059 0.0624948 0.05831 0.0533574 0.0480064 0.0425497 0.0371856 0.0320138 0.0270498 0.022267 0.0176632 0.0133215 0.00941784
 0.00982381 0.0152505 0.021656 0.0286221 0.03583 0.0430757 0.0501235 0.0565915 0.0619941 0.0658772 0.0679263 0.0680154 0.0662245 0.0628233 0.0582098 0.0528222 0.0470612 0.0412426 0.0355793 0.0301835 0.0250889 0.0202929 0.0158112 0.01172 0.00815471
 0.0100299 0.0155769 0.0221311 0.0292664 0.0366533 0.0440718 0.0512647 0.0578269 0.0632556 0.0670914 0.0690239 0.0689355 0.0669133 0.0632328 0.0583001 0.0525669 0.0464537 0.0403008 0.0343465 0.0287276 0.0235009 0.0186837 0.0143007 0.0104163 0.00712901
 0.00991242 0.0154253 0.0219769 0.0291668 0.0366797 0.0442901 0.0517158 0.0585151 0.0641479 0.0681236 0.0701113 0.069986 0.0678411 0.0639673 0.0587883 0.0527722 0.0463549 0.0398948 0.0336531 0.027794 0.0224028 0.0175198 0.0131789 0.00943318 0.00634873
 0.00982701 0.0152874 0.0217735 0.028893 0.0363478 0.0439398 0.0514184 0.0583638 0.0642315 0.0684936 0.0707607 0.070849 0.068812 0.064928 0.0596314 0.053414 0.0467401 0.0399959 0.0334702 0.0273559 0.0217679 0.0167709 0.0124113 0.00873504 0.00578179
 0.0100116 0.0155381 0.0220589 0.0291516 0.0365033 0.043928 0.0512134 0.0579923 0.0637714 0.0680579 0.0704691 0.0707936 0.0690275 0.0653798 0.060228 0.0540365 0.047274 0.0403542 0.0336043 0.0272583 0.0214693 0.0163332 0.0119134 0.0082548 0.00537767
 0.0102015 0.0158268 0.0224541 0.029641 0.0370513 0.044474 0.0516752 0.05828 0.063814 0.067835 0.0700291 0.0702452 0.0685061 0.0650017 0.0600537 0.0540559 0.0474186 0.0405269 0.0337137 0.0272443 0.021315 0.0160624 0.0115779 0.00791456 0.00508218
 0.0102818 0.0159538 0.0226386 0.0298912 0.0373711 0.0448599 0.05211 0.0587264 0.0642127 0.0681128 0.0701198 0.0701172 0.0681829 0.0645619 0.0596043 0.0536921 0.0471884 0.0404197 0.0336749 0.0272062 0.0212264 0.0159063 0.0113705 0.00769132 0.00487955
 0.0103262 0.0160211 0.0227316 0.030011 0.0375192 0.0450406 0.0523303 0.0589915 0.0645182 0.0684366 0.0704185 0.0703332 0.0682624 0.0644782 0.0593739 0.053372 0.0468534 0.0401306 0.0334564 0.0270454 0.0210909 0.0157674 0.0112184 0.00753541 0.00473797
 0.0102618 0.0159264 0.0226076 0.0298657 0.037366 0.0448959 0.0522119 0.0589186 0.0645105 0.0685106 0.0705806 0.0705712 0.068542 0.0647491 0.0595859 0.0534946 0.0468873 0.0401026 0.0334016 0.026988 0.0210368 0.0157102 0.0111515 0.00746025 0.0046635
 0.0101252 0.0157298 0.022359 0.0295885 0.0370926 0.0446569 0.0520278 0.0587985 0.0644569 0.0685246 0.0706647 0.0707271 0.068765 0.0650223 0.0598789 0.0537695 0.0471111 0.0402588 0.0334929 0.0270299 0.0210463 0.0156988 0.0111255 0.00742473 0.00462475
 0.0100483 0.0156097 0.0221883 0.029366 0.0368259 0.044365 0.0517414 0.0585559 0.0642931 0.0684608 0.0707022 0.0708518 0.0689558 0.0652584 0.060141 0.0540373 0.0473622 0.0404721 0.0336546 0.0271374 0.0211065 0.0157234 0.0111262 0.00741142 0.0046053
 0.0100276 0.0155652 0.0221012 0.0292124 0.0365831 0.0440219 0.0513089 0.0580709 0.0638142 0.0680555 0.0704305 0.0707515 0.0690341 0.065493 0.0604896 0.0544501 0.0477917 0.0408787 0.0340093 0.0274232 0.0213188 0.0158678 0.011215 0.00745936 0.00462661
 0.00998364 0.0154995 0.0220121 0.0290991 0.0364422 0.0438431 0.0510758 0.057768 0.06344 0.0676339 0.0700134 0.0704075 0.068828 0.0654649 0.0606437 0.0547561 0.0481971 0.0413241 0.0344417 0.0278036 0.0216253 0.0160947 0.0113689 0.00755438 0.00467938
 0.0100339 0.0155668 0.022087 0.0291642 0.0364772 0.0438324 0.0510128 0.0576537 0.0632769 0.067422 0.069754 0.0701126 0.0685283 0.065208 0.0604793 0.0547181 0.04829 0.0415231 0.034703 0.0280794 0.0218766 0.0162979 0.0115163 0.00765065 0.00473584
 0.0099813 0.0154937 0.0219991 0.0290731 0.0363948 0.0437633 0.0509507 0.057584 0.0631854 0.067303 0.0696125 0.0699607 0.0683807 0.0650806 0.0603916 0.0546922 0.0483442 0.0416618 0.0349112 0.0283263 0.0221251 0.0165167 0.0116873 0.00777013 0.00481063
 0.00978024 0.0152057 0.0216381 0.0286775 0.036018 0.0434566 0.0507482 0.057496 0.0631995 0.0673909 0.0697386 0.0700929 0.0684984 0.0651781 0.0604766 0.0547805 0.048454 0.0418072 0.0350963 0.0285412 0.022349 0.0167247 0.0118597 0.00789752 0.00489469
 0.009613 0.0149462 0.0212723 0.0282046 0.0354545 0.042841 0.0501418 0.0569755 0.0628388 0.0672374 0.0697982 0.0703301 0.0688526 0.0655852 0.0608863 0.0551647 0.0488054 0.0421316 0.0354025 0.0288329 0.0226212 0.0169658 0.0120576 0.00804572 0.00499494
 0.00942801 0.0146694 0.0208994 0.0277451 0.0349264 0.0422635 0.0495339 0.056363 0.0622636 0.0667609 0.06949 0.0702459 0.0690113 0.0659595 0.0614124 0.0557656 0.0494139 0.0427037 0.0359169 0.0292832 0.0230061 0.0172839 0.0123074 0.00822881 0.00511825
