SBPRF35
7.24289
Curr Bio
576719
B35
472271
F35
0.219695
FOFL
0.219695
OFL
95314.8
Bzero
2.0694e+006
#pred survey bio
 2.69267e+006 2.55589e+006 2.37321e+006 2.17389e+006 1.90065e+006 1.5951e+006 1.37648e+006 1.27406e+006 1.17796e+006 1.08154e+006 930558 813968 731517 651294 591728 568904 553516 537964 518509 508059 495451 489585 499807 514360 510993 538701 552587 559200 537348 524435 522354 518714 542112 565819 589864 610587 572357 565199 591076 596478 602765 631606 592783 617416 635520 608444 584532 1.30547e+007 1.16912e+007 1.17867e+007 1.23013e+007 1.302e+007 1.37635e+007 1.44297e+007 1.4978e+007 1.54055e+007 1.57273e+007 1.59639e+007 1.61355e+007 1.6259e+007 1.63476e+007 1.64113e+007 1.64571e+007 1.64903e+007 1.65145e+007 1.65322e+007 1.65452e+007 1.65549e+007 1.65621e+007 1.65675e+007 1.65715e+007 1.65746e+007 1.65769e+007 1.65786e+007 1.658e+007 1.6581e+007 1.65818e+007 1.65823e+007 1.65828e+007 1.65831e+007 1.65834e+007 1.65836e+007 1.65837e+007 1.65839e+007 1.6584e+007 1.6584e+007 1.65841e+007 1.65841e+007 1.65841e+007 1.65842e+007 1.65842e+007 1.65842e+007 1.65842e+007 1.65842e+007 1.65842e+007 1.65842e+007 1.65842e+007 1.65842e+007 1.65842e+007 1.65842e+007 1.65842e+007 1.65842e+007 1.65842e+007 1.65842e+007 1.65843e+007 1.65843e+007 1.65843e+007 1.65843e+007 1.65843e+007 1.65843e+007 1.65843e+007 1.65843e+007 1.65843e+007 1.65843e+007 1.65843e+007 1.65843e+007 1.65843e+007 1.65843e+007 1.65843e+007 1.65843e+007 1.65843e+007 1.65843e+007 1.65843e+007 1.65843e+007 1.65843e+007 1.65843e+007 1.65843e+007 1.65843e+007 1.65843e+007 1.65843e+007 1.65843e+007 1.65843e+007 1.65843e+007 1.65843e+007 1.65843e+007 1.65843e+007 1.65843e+007 1.65843e+007 1.65843e+007 1.65843e+007 1.65843e+007 1.65843e+007 1.65843e+007 1.65843e+007 1.65843e+007 1.65843e+007 1.65843e+007 0 0 0 0 0 0 0 0 0 0 0 0 0 0 0 0 0 0 0 0 0 0 0 0 0
#obs survey bio
 2.41814e+006 2.72841e+006 2.47632e+006 2.44179e+006 1.73028e+006 1.85468e+006 901594 1.28885e+006 1.26584e+006 1.18251e+006 812806 626683 576322 706538 507353 523402 598957 483001 649398 421403 501167 435821 674189 677224 364023 498004 630916 559720 466779 511020 478125 586612 500407 537147 630813 728486 437302 489642 560233 460963 643720 845883 452151 625114 779408 675833 664704
#pred catch bio
 283285 289274 278810 296788 313410 299856 285958 275871 249070 272221 234156 204605 191354 171082 144757 144817 130579 123299 109011 111339 113353 103812 100620 108985 96763.1 106541 94699.7 99936.6 96521.8 92007.2 101575 88739.8 87464.5 88086.2 85241.6 95929.8 84989.7 80261.9 81811.8 90859.3 82980.1 96317 96412.6 91420.3 93357.1 98938.9 89292 95314.8 92801.4 92075.3 95020.1 100068 105409 110133 113920 116766 118810 120229 121190 121829 122247 122517 122691 122801 122871 122915 122942 122959 122970 122977 122981 122983 122985 122986 122987 122987 122987 122987 122987 122988 122988 122988 122988 122988 122988 122988 122988 122988 122988 122988 122988 122988 122988 122988 122988 122988 122988 122988 122988 122988 122988 122988 122988 122988 122988 122988 122988 122988 122988 122988 122988 122988 122988 122988 122988 122988 122988 122988 122988 122988 122988 122988 122988 122988 122988 122988 122988 122988 122988 122988 122988 122988 122988 122988 122988 122988 122988 122988 122988 122988 122988 122988 122988 122988 122988 122988 122988 0 0 0 0 0 0 0 0 0 0 0 0 0 0 0 0 0 0 0 0 0 0 0 0 0
#obs catch bio
 254671 289306 278636 296551 313091 299242 288345 276684 248499 272239 234027 204823 191221 171072 144619 145732 130419 123294 108806 111223 113588 103890 100618 108826 96890.4 106865 94503.9 99816.7 96538 91888.5 101815 88852.3 87431.3 88112.5 85182.1 95890.9 84948 80359 81657.7 90989.5 82964.1 96089.1 96844.4 91403.4 93157 99104.3 89242.1
#pred cpue bio
 2.65999e+006 2.52306e+006 2.33975e+006 2.14047e+006 1.86897e+006 1.56589e+006 1.34862e+006 1.24574e+006 1.14958e+006 1.05363e+006 904414 789332 708074 629448 571171 548766 533651 518610 499685 489619 477374 471574 481446 495657 492409 519262 532769 539508 518551 506140 504374 500728 522294 543376 565499 585656 549319 542467 567453 572917 578751 606627 569453 592858 610513 584715 561531 1.25409e+007 1.12198e+007 1.12085e+007 1.16469e+007 1.2349e+007 1.30899e+007 1.37557e+007 1.4304e+007 1.47315e+007 1.50533e+007 1.52899e+007 1.54615e+007 1.5585e+007 1.56736e+007 1.57373e+007 1.57831e+007 1.58163e+007 1.58405e+007 1.58582e+007 1.58712e+007 1.58809e+007 1.58881e+007 1.58935e+007 1.58975e+007 1.59006e+007 1.59029e+007 1.59047e+007 1.5906e+007 1.5907e+007 1.59078e+007 1.59083e+007 1.59088e+007 1.59091e+007 1.59094e+007 1.59096e+007 1.59097e+007 1.59099e+007 1.591e+007 1.591e+007 1.59101e+007 1.59101e+007 1.59102e+007 1.59102e+007 1.59102e+007 1.59102e+007 1.59102e+007 1.59102e+007 1.59102e+007 1.59102e+007 1.59102e+007 1.59102e+007 1.59102e+007 1.59103e+007 1.59103e+007 1.59103e+007 1.59103e+007 1.59103e+007 1.59103e+007 1.59103e+007 1.59103e+007 1.59103e+007 1.59103e+007 1.59103e+007 1.59103e+007 1.59103e+007 1.59103e+007 1.59103e+007 1.59103e+007 1.59103e+007 1.59103e+007 1.59103e+007 1.59103e+007 1.59103e+007 1.59103e+007 1.59103e+007 1.59103e+007 1.59103e+007 1.59103e+007 1.59103e+007 1.59103e+007 1.59103e+007 1.59103e+007 1.59103e+007 1.59103e+007 1.59103e+007 1.59103e+007 1.59103e+007 1.59103e+007 1.59103e+007 1.59103e+007 1.59103e+007 1.59103e+007 1.59103e+007 1.59103e+007 1.59103e+007 1.59103e+007 1.59103e+007 1.59103e+007 1.59103e+007 1.59103e+007 0 0 0 0 0 0 0 0 0 0 0 0 0 0 0 0 0 0 0 0 0 0 0 0 0
#obs cpue bio
 2.85012e+006 2.68473e+006 2.12265e+006 2.11848e+006 2.26897e+006 1.43124e+006 981358 1.63807e+006 1.28337e+006 1.02494e+006 992247 919812 1.01821e+006 574455 641189 434234 656852 570521 413540 609726 412741 515489 356738 486407 468405 597508 537686 600346 535172 532738 517041 378288 669133 558586 495199 627481 636606 513827 779183 676531 445626 733419 410709 722855 617166 447533 508267
#pred surv len freq
 0.00472217 0.00777376 0.0118959 0.0171228 0.0233396 0.0301792 0.037008 0.0431005 0.0479183 0.0512828 0.053332 0.0543501 0.0546224 0.0543772 0.0537873 0.0529919 0.0521177 0.0512752 0.0505014 0.0496491 0.048294 0.0457849 0.041517 0.0353252 0.0277315
 0.00516091 0.00841337 0.0127249 0.0180915 0.0243847 0.0312576 0.0381147 0.0442534 0.049119 0.0524827 0.0544297 0.0552264 0.0551907 0.0546183 0.0537475 0.0527473 0.0517234 0.0507266 0.0497263 0.0485426 0.0467852 0.0439048 0.0394235 0.033263 0.0259418
 0.00535022 0.00878581 0.0133988 0.0192004 0.0260265 0.0334252 0.0406515 0.0468776 0.0515193 0.0544288 0.0558282 0.0560942 0.0555871 0.054594 0.0533374 0.0519886 0.0506636 0.0494061 0.0481552 0.0466994 0.0446537 0.0415314 0.0369522 0.0309125 0.023932
 0.00551877 0.00904887 0.0137803 0.0197315 0.0267576 0.0344337 0.042026 0.0486732 0.0536977 0.056823 0.0581675 0.0580878 0.0570184 0.0553699 0.0534741 0.051561 0.0497593 0.0481006 0.0465037 0.0447411 0.0424329 0.0391312 0.034518 0.0286384 0.0220053
 0.00571674 0.00938002 0.0142945 0.0204773 0.0277697 0.0357161 0.043544 0.0503637 0.0554948 0.0586754 0.0600249 0.0598653 0.0585741 0.0565255 0.054071 0.0515125 0.0490649 0.0468233 0.0447345 0.0425779 0.0399838 0.0365322 0.0319442 0.0262865 0.020047
 0.00597875 0.00981081 0.0149519 0.0214182 0.0290386 0.0373263 0.0454576 0.0524836 0.0576795 0.0607718 0.0619047 0.0614438 0.0598027 0.0573641 0.0544628 0.0513834 0.0483494 0.0454974 0.0428336 0.0401963 0.0372659 0.0336656 0.0291466 0.0237752 0.0179915
 0.00621692 0.010212 0.0155816 0.0223457 0.0303224 0.0389905 0.0474686 0.0547424 0.0600357 0.063054 0.0639507 0.0631232 0.0610287 0.0580932 0.0546812 0.0510848 0.0475202 0.0441211 0.0409156 0.0377934 0.0345053 0.0307431 0.0262999 0.0212367 0.0159331
 0.00640201 0.010525 0.0160759 0.023081 0.0313547 0.0403552 0.0491613 0.0567071 0.0621682 0.0652158 0.0659892 0.064891 0.0624014 0.0589825 0.0550389 0.0508957 0.0467877 0.0428565 0.0391415 0.0355639 0.0319315 0.0280037 0.0236222 0.0188479 0.0140005
 0.00665004 0.0109134 0.0166339 0.0238286 0.0323035 0.0415082 0.0505089 0.0582217 0.0638007 0.0668966 0.0676308 0.0663932 0.0636587 0.059895 0.0555243 0.0508972 0.0462768 0.0418304 0.0376231 0.0336105 0.02965 0.0255586 0.0212218 0.0167011 0.0122629
 0.00674663 0.0110928 0.0169441 0.0243255 0.0330348 0.0424901 0.0517094 0.0595628 0.0651837 0.0682349 0.0688678 0.0674974 0.0646035 0.0606404 0.0560112 0.0510564 0.0460436 0.0411608 0.0365067 0.0320819 0.027799 0.023532 0.019206 0.0148838 0.0107849
 0.00702502 0.0115426 0.0176159 0.0252646 0.0342724 0.0440285 0.0535039 0.0615116 0.0671361 0.0700179 0.0703238 0.0685189 0.0651515 0.0607382 0.0557166 0.0504264 0.0451113 0.0399339 0.0349859 0.0302883 0.0257983 0.0214437 0.0171895 0.0131009 0.00935428
 0.00720416 0.0118421 0.0180819 0.0259446 0.0352049 0.045227 0.0549411 0.063115 0.0687982 0.0716154 0.0717351 0.0696358 0.0658903 0.0610512 0.0555992 0.0499119 0.0442531 0.0387845 0.0335879 0.0286836 0.0240483 0.0196448 0.0154683 0.0115874 0.0081441
 0.00725617 0.0119417 0.0182602 0.026242 0.0356644 0.0458819 0.0558023 0.0641626 0.0699817 0.0728606 0.0729527 0.0707313 0.0667731 0.0616451 0.0558514 0.0498003 0.0437866 0.0379973 0.0325301 0.0274158 0.0226439 0.0181958 0.0140824 0.0103698 0.00717099
 0.00736536 0.0121135 0.0185088 0.0265791 0.0360994 0.0464225 0.0564513 0.064914 0.0708161 0.0737425 0.0738323 0.0715482 0.0674632 0.0621477 0.0561155 0.0497899 0.0434856 0.0374125 0.0316917 0.026376 0.021475 0.0169867 0.0129298 0.00936273 0.00637045
 0.00754336 0.0123829 0.018877 0.0270392 0.0366326 0.0470023 0.0570481 0.0654986 0.071365 0.0742425 0.0742799 0.0719435 0.0677995 0.0624051 0.0562611 0.0497847 0.0432947 0.0370149 0.0310884 0.0255946 0.0205695 0.0160324 0.0120117 0.00855779 0.00573057
 0.00749972 0.0123313 0.0188344 0.0270318 0.0366871 0.0471335 0.0572502 0.0657476 0.0716323 0.0745101 0.0745482 0.0722255 0.0681075 0.0627364 0.0565916 0.0500709 0.0434835 0.0370573 0.0309532 0.0252783 0.0201006 0.0154672 0.0114223 0.00801463 0.005285
 0.0075883 0.0124536 0.0189797 0.0271798 0.0368177 0.0472397 0.0573448 0.0658574 0.0717803 0.0746999 0.0747607 0.072431 0.0682836 0.062877 0.0567022 0.0501545 0.0435297 0.0370413 0.0308455 0.0250593 0.0197734 0.0150616 0.010988 0.00760604 0.00494486
 0.00771667 0.012635 0.0192014 0.0274103 0.0370136 0.0473575 0.0573549 0.0657547 0.0715893 0.0744715 0.074558 0.072308 0.0682665 0.062959 0.0568531 0.0503364 0.0437065 0.0371808 0.030919 0.0250452 0.0196643 0.0148705 0.010747 0.00735664 0.00472422
 0.00780709 0.0127824 0.0194219 0.0277142 0.0373965 0.0477913 0.0577826 0.066099 0.0717766 0.0744613 0.0743613 0.0719841 0.0678995 0.0626273 0.056606 0.0501861 0.0436349 0.0371532 0.0308973 0.0249975 0.0195717 0.014731 0.0105753 0.00717794 0.00456397
 0.00780247 0.0127694 0.0193933 0.0276626 0.0373191 0.0476957 0.0576886 0.0660318 0.0717538 0.0744808 0.0744013 0.0720163 0.0679075 0.0626172 0.0566022 0.0502154 0.0437107 0.0372679 0.031026 0.0251089 0.0196405 0.0147458 0.0105413 0.00711255 0.00448899
 0.00778988 0.0127616 0.019404 0.02771 0.0374187 0.0478497 0.0578801 0.0662283 0.0719201 0.0745926 0.0744509 0.0720076 0.0678479 0.0625152 0.0564698 0.0500719 0.0435795 0.0371675 0.0309617 0.0250716 0.0196126 0.0147114 0.0104934 0.0070544 0.00442986
 0.00788777 0.0129027 0.0195836 0.0279143 0.0376311 0.0480592 0.0580853 0.066433 0.0721222 0.0747762 0.0745874 0.0720669 0.0678121 0.0623851 0.0562636 0.0498179 0.0433091 0.0369095 0.030737 0.0248895 0.0194709 0.0146009 0.0104042 0.00698062 0.00437006
 0.00786246 0.0128665 0.0195378 0.0278618 0.037574 0.0479966 0.0580137 0.0663515 0.0720392 0.0747121 0.074568 0.0721099 0.0679154 0.0625255 0.0564074 0.0499361 0.0433871 0.0369484 0.0307479 0.0248854 0.0194608 0.0145884 0.0103893 0.00696327 0.00435159
 0.00782259 0.0127944 0.0194168 0.0276743 0.0373083 0.0476567 0.0576256 0.0659605 0.0716983 0.0744663 0.0744449 0.0721187 0.06805 0.0627666 0.0567237 0.0502873 0.0437323 0.0372558 0.0310003 0.0250799 0.0196032 0.0146875 0.010454 0.00700139 0.00437073
 0.00794993 0.0129821 0.0196623 0.02796 0.0376032 0.0479212 0.057818 0.066045 0.0716543 0.0742973 0.0741802 0.0718057 0.0677401 0.0625024 0.0565307 0.0501715 0.0436829 0.0372514 0.0310175 0.0251005 0.0196175 0.0146933 0.0104528 0.0069962 0.00436404
 0.00783588 0.012818 0.0194545 0.027727 0.0373691 0.0477056 0.0576292 0.0658803 0.0715068 0.0741642 0.0740677 0.0717285 0.0677165 0.0625475 0.0566508 0.050362 0.0439276 0.0375259 0.0312941 0.0253539 0.01983 0.0148568 0.0105685 0.00707127 0.00440852
 0.00787339 0.0128592 0.0194813 0.0277132 0.0372914 0.0475581 0.0574317 0.0656733 0.0713328 0.0740471 0.0740046 0.0716985 0.0676985 0.0625339 0.0566496 0.0503886 0.0439943 0.0376341 0.0314332 0.0255056 0.0199746 0.0149793 0.0106615 0.00713482 0.00444761
 0.00781636 0.0127644 0.0193342 0.027498 0.0369931 0.0471676 0.0569542 0.0651357 0.070787 0.0735639 0.0736568 0.0715381 0.0677397 0.0627512 0.0569928 0.0508033 0.0444373 0.0380764 0.0318552 0.025891 0.0203088 0.0152513 0.010867 0.00727781 0.00453856
 0.00782896 0.0127848 0.019364 0.0275367 0.0370358 0.0472021 0.0569598 0.065086 0.0706581 0.073346 0.0733643 0.0712116 0.0674361 0.0625261 0.0568814 0.0508121 0.0445476 0.0382567 0.0320727 0.0261179 0.0205232 0.0154374 0.0110153 0.00738562 0.00460975
 0.00773408 0.0126529 0.0192069 0.0273792 0.0369086 0.0471298 0.056951 0.0651297 0.0707275 0.0734069 0.0733851 0.0711735 0.067341 0.0623978 0.0567588 0.0507348 0.0445416 0.0383268 0.0322045 0.0262861 0.0207008 0.015602 0.0111522 0.00748854 0.00467968
 0.0077506 0.0126512 0.0191536 0.0272309 0.0366295 0.0467165 0.0564485 0.0646248 0.0703181 0.0731629 0.0733243 0.0712638 0.0675232 0.0626141 0.0569722 0.050935 0.0447376 0.0385329 0.032428 0.0265217 0.0209332 0.0158126 0.0113263 0.00761952 0.00476898
 0.00855482 0.0138075 0.0206112 0.0288413 0.0381806 0.0479949 0.0572948 0.0649618 0.0701531 0.0725762 0.0724458 0.070239 0.0664766 0.0616257 0.0560776 0.0501421 0.0440467 0.037948 0.0319559 0.0261651 0.020685 0.0156554 0.0112369 0.0075745 0.00474947
 0.0092744 0.0149378 0.02223 0.0309703 0.0407545 0.0508292 0.060075 0.0672874 0.0716465 0.0730117 0.0718249 0.0687693 0.0644761 0.0594122 0.0538949 0.0481375 0.0422876 0.0364524 0.0307197 0.0251765 0.0199272 0.0151041 0.0108598 0.00733386 0.00460703
 0.00927582 0.0150371 0.0225569 0.0317007 0.0420595 0.052794 0.0626255 0.070168 0.0744666 0.0753429 0.0733103 0.0692115 0.0638772 0.0579569 0.0518799 0.0458806 0.0400522 0.0344136 0.0289685 0.0237437 0.0188076 0.0142719 0.0102757 0.00695019 0.00437318
 0.00897084 0.0145877 0.0219736 0.0310419 0.0414385 0.0523768 0.0626101 0.0707355 0.0757065 0.0771815 0.0754908 0.0713511 0.0655848 0.0589552 0.0520782 0.0453729 0.0390545 0.0331778 0.0277114 0.0226119 0.0178759 0.0135604 0.00976939 0.00661497 0.00416783
 0.00870007 0.0141483 0.0213176 0.0301348 0.0402799 0.051027 0.0612127 0.0695149 0.074926 0.0770698 0.0761619 0.0727497 0.0674829 0.0610073 0.0539232 0.0467406 0.0398324 0.0334126 0.0275544 0.0222451 0.0174528 0.0131791 0.00947411 0.00641143 0.00404118
 0.00889433 0.0144027 0.0215856 0.0303325 0.040305 0.0507933 0.0606839 0.0687247 0.0739802 0.0761332 0.0754295 0.0724014 0.0676267 0.0616318 0.0548865 0.0478115 0.04077 0.0340483 0.0278362 0.0222276 0.0172494 0.012907 0.00921783 0.00621282 0.00390798
 0.00887629 0.0144034 0.0216385 0.0304767 0.0405624 0.0511386 0.0610288 0.0689353 0.0739295 0.0757638 0.0747915 0.0716441 0.0669486 0.0612117 0.0548218 0.048086 0.0412651 0.0345935 0.0282779 0.0224815 0.0173137 0.0128375 0.00908791 0.00608096 0.00380499
 0.00879618 0.0142724 0.0214427 0.03021 0.0402356 0.050788 0.0607147 0.0687222 0.0738524 0.0758014 0.0748713 0.0716835 0.0669082 0.0611237 0.0547734 0.0481683 0.0415194 0.0349872 0.0287218 0.0228751 0.0175899 0.0129819 0.00912887 0.00606359 0.00376826
 0.00887501 0.0143707 0.0215354 0.0302551 0.0401861 0.0506106 0.0604083 0.0683246 0.0734325 0.0754369 0.0746211 0.0715662 0.066899 0.0611758 0.0548509 0.048268 0.041665 0.0352006 0.0289962 0.0231705 0.017853 0.0131738 0.00923973 0.00610939 0.00377542
 0.00884984 0.0143656 0.0215911 0.030424 0.0405092 0.0510863 0.0609716 0.068858 0.073808 0.075569 0.0744989 0.0712476 0.0664756 0.0607326 0.0544429 0.0479214 0.0413914 0.0350082 0.028888 0.0231365 0.017868 0.0132059 0.00926449 0.00611696 0.00376884
 0.00865835 0.0140699 0.0211781 0.0299007 0.0399099 0.0504779 0.0604491 0.0685225 0.0737288 0.0757489 0.0748685 0.0716974 0.0669054 0.0610872 0.0547166 0.0481377 0.0415789 0.0351874 0.0290682 0.0233171 0.0180403 0.0133569 0.00938222 0.00619691 0.00381511
 0.00881707 0.0142851 0.0214228 0.0301232 0.0400486 0.0504855 0.0603143 0.0682775 0.073439 0.0754905 0.0747014 0.0716433 0.0669426 0.0611649 0.0547821 0.0481605 0.0415586 0.0351442 0.029027 0.0232948 0.0180415 0.0133757 0.00940815 0.00622038 0.00383113
 0.00869098 0.0141412 0.021316 0.0301337 0.0402496 0.0508982 0.0608781 0.0688611 0.0738939 0.0757162 0.0746828 0.0714428 0.0666564 0.0608757 0.0545325 0.0479544 0.0413813 0.0349828 0.0288805 0.0231707 0.0179476 0.0133138 0.00937296 0.0062032 0.00382367
 0.00865812 0.0140523 0.0211217 0.02978 0.0397077 0.050202 0.0601415 0.0682513 0.0735618 0.0757245 0.0749811 0.0719048 0.0671509 0.0613203 0.054904 0.0482648 0.0416474 0.0352121 0.0290723 0.0233245 0.0180665 0.0134038 0.00943983 0.00625112 0.00385584
 0.00867569 0.0140828 0.0211685 0.0298394 0.0397619 0.0502132 0.0600582 0.0680313 0.0732056 0.0752947 0.0745864 0.0716507 0.0670885 0.0614294 0.0551174 0.0485107 0.0418784 0.0354092 0.0292335 0.0234532 0.0181668 0.0134793 0.00949478 0.00628942 0.0038811
 0.00870196 0.0141374 0.0212718 0.0300163 0.0400328 0.0505803 0.0604928 0.0684698 0.0735614 0.0754841 0.074561 0.07142 0.0667187 0.061015 0.0547414 0.0482165 0.0416685 0.0352631 0.0291283 0.0233738 0.0181062 0.0134348 0.00946409 0.00627008 0.00387012
#obs surv len freq
 0.00496748 0.00813755 0.0123794 0.0177072 0.023995 0.0308772 0.0377273 0.0438201 0.0486024 0.0518708 0.053743 0.0545059 0.0544827 0.0539745 0.0532436 0.0525031 0.0518962 0.0514554 0.0510411 0.050284 0.0486022 0.0453656 0.0401974 0.0332665 0.0253546
 0.00518442 0.00849153 0.0129146 0.0184657 0.0250093 0.0321577 0.0392499 0.0455214 0.0503887 0.053634 0.0553754 0.0559071 0.0555616 0.0546512 0.0534544 0.0522071 0.0510819 0.050147 0.0493025 0.0482207 0.0463587 0.0431141 0.0381142 0.0314987 0.0239878
 0.00542403 0.0088823 0.013505 0.0193018 0.026126 0.0335652 0.0409194 0.0473805 0.0523314 0.0555411 0.0571334 0.0574173 0.0567412 0.0554299 0.0537711 0.0520108 0.0503382 0.0488497 0.0474883 0.0459826 0.0438502 0.0405378 0.03569 0.029417 0.0223654
 0.00566127 0.00927406 0.0141059 0.0201662 0.0272976 0.0350592 0.042706 0.0493786 0.0544212 0.0575886 0.059012 0.0590209 0.0579866 0.0562528 0.0541207 0.0518443 0.0496202 0.0475612 0.045645 0.043657 0.041188 0.0377524 0.0330287 0.0271044 0.0205472
 0.00590077 0.00966514 0.0146981 0.0210079 0.0284278 0.0364951 0.0444271 0.0513199 0.0564796 0.0596391 0.060927 0.0606843 0.0593013 0.0571442 0.0545341 0.0517391 0.0489652 0.0463371 0.0438588 0.0413669 0.0385253 0.0349252 0.0302918 0.0246997 0.0186395
 0.006138 0.0100554 0.015294 0.0218609 0.0295783 0.037956 0.0461683 0.053264 0.0585139 0.061639 0.0627753 0.0622803 0.0605618 0.0580013 0.0549334 0.051638 0.0483313 0.0451506 0.042124 0.0391335 0.0359129 0.0321307 0.0275646 0.0222845 0.0167099
 0.00639494 0.0104727 0.0159212 0.0227444 0.0307523 0.0394295 0.0479103 0.0551976 0.0605262 0.0636013 0.064565 0.0637946 0.0617226 0.0587535 0.0552386 0.0514675 0.0476618 0.043966 0.0404273 0.0369684 0.0333873 0.0294267 0.0249179 0.0199311 0.0148212
 0.00662489 0.0108543 0.0165095 0.0235945 0.0319072 0.0409012 0.0496618 0.0571388 0.0625291 0.0655279 0.066291 0.0652219 0.062781 0.059397 0.05544 0.0512117 0.0469395 0.0427731 0.038773 0.0348945 0.0309912 0.0268728 0.0224209 0.0177089 0.0130342
 0.00683698 0.0112024 0.0170398 0.024353 0.0329315 0.0422073 0.0512291 0.0589018 0.064384 0.067349 0.0679515 0.0666104 0.0638126 0.0600169 0.0556211 0.0509464 0.0462309 0.0416303 0.0372159 0.0329685 0.028787 0.0245373 0.0201447 0.0156854 0.0114064
 0.00705766 0.0115626 0.0175844 0.0251239 0.0339593 0.0434976 0.0527493 0.0605778 0.0661107 0.069011 0.0694412 0.0678373 0.0647064 0.0605283 0.0557218 0.0506272 0.0454977 0.0405003 0.0357188 0.0311557 0.0267462 0.0224012 0.0180804 0.0138602 0.0099429
 0.00727109 0.0119125 0.0181162 0.0258807 0.0349723 0.044771 0.0542463 0.0622164 0.0677764 0.070581 0.070806 0.0689138 0.0654397 0.0608885 0.0556979 0.0502217 0.044723 0.0393776 0.034281 0.029456 0.0248683 0.0204646 0.0162301 0.0122379 0.0086497
 0.0074455 0.0122001 0.0185566 0.0265132 0.0358278 0.0458593 0.0555426 0.0636563 0.0692639 0.0720061 0.0720634 0.0699162 0.0661251 0.0612221 0.0556693 0.0498389 0.0440055 0.0383526 0.0329853 0.0279422 0.0232139 0.0187751 0.0146296 0.0108444 0.00754501
 0.00750408 0.0123028 0.0187257 0.0267759 0.0362128 0.0463901 0.0562292 0.0644892 0.0702125 0.0730201 0.0730772 0.0708547 0.0669125 0.0617908 0.0559686 0.0498394 0.0436991 0.0377503 0.0321155 0.0268528 0.0219755 0.0174812 0.0133876 0.00975483 0.00667757
 0.00762351 0.0124803 0.0189625 0.0270644 0.0365416 0.0467517 0.0566243 0.0649261 0.0707004 0.073561 0.0736598 0.0714514 0.0674801 0.0622756 0.0563138 0.0499939 0.0436257 0.0374318 0.031558 0.026088 0.021061 0.0164975 0.0124271 0.00890407 0.00599653
 0.00766206 0.0125473 0.0190705 0.0272253 0.0367618 0.0470253 0.0569306 0.0652348 0.0709855 0.0738149 0.0738965 0.0716966 0.0677525 0.0625718 0.0566039 0.0502277 0.0437466 0.0373914 0.0313291 0.0256721 0.0204914 0.0158353 0.0117493 0.00828567 0.00549215
 0.00771214 0.0126186 0.0191596 0.0273244 0.0368626 0.0471249 0.057034 0.0653513 0.0711218 0.0739691 0.0740599 0.0718604 0.0679154 0.0627393 0.0567785 0.0503985 0.0438847 0.0374553 0.0312788 0.0254848 0.0201724 0.0154198 0.0112939 0.00785176 0.00512802
 0.00778656 0.012732 0.0193155 0.0275194 0.0370857 0.0473576 0.0572524 0.0655313 0.0712462 0.0740347 0.0740776 0.0718497 0.0678955 0.0627237 0.0567742 0.0504057 0.0438939 0.0374465 0.0312242 0.0253589 0.0199644 0.0151416 0.0109785 0.00754226 0.00486229
 0.00781213 0.0127742 0.0193798 0.0276108 0.0372064 0.0475048 0.0574157 0.0656931 0.0713857 0.074134 0.0741279 0.0718542 0.0678678 0.0626821 0.0567354 0.050379 0.0438793 0.037434 0.031196 0.0252949 0.0198506 0.0149781 0.0107819 0.00733999 0.00468211
 0.00785916 0.0128439 0.0194724 0.0277224 0.0373308 0.0476358 0.0575484 0.065823 0.0715067 0.0742371 0.0742021 0.0718896 0.06786 0.0626351 0.0566609 0.0502926 0.043794 0.0373554 0.0311204 0.0252121 0.0197497 0.0148546 0.0106416 0.00719754 0.00455465
 0.00787679 0.0128726 0.0195155 0.0277821 0.0374072 0.0477251 0.0576428 0.0659121 0.0715811 0.0742924 0.0742391 0.0719115 0.0678688 0.0626302 0.0566406 0.0502574 0.0437476 0.0373027 0.0310643 0.0251513 0.01968 0.0147732 0.0105506 0.00710467 0.00447036
 0.00788475 0.0128809 0.0195195 0.0277755 0.0373846 0.0476852 0.0575911 0.0658598 0.0715413 0.0742744 0.0742464 0.0719423 0.0679178 0.0626907 0.0567051 0.0503183 0.0437986 0.0373398 0.0310857 0.0251563 0.0196683 0.0147452 0.0105094 0.0070564 0.00442275
 0.00790252 0.0129059 0.0195498 0.0278061 0.037408 0.0476933 0.0575771 0.0658206 0.0714798 0.0742005 0.0741748 0.0718882 0.0678917 0.0626956 0.0567367 0.0503674 0.0438546 0.037393 0.0311289 0.0251848 0.0196803 0.0147412 0.0104923 0.00703125 0.00439541
 0.00790158 0.0129026 0.0195414 0.0277891 0.0373784 0.0476481 0.0575156 0.0657451 0.0713951 0.0741138 0.0740952 0.0718263 0.0678578 0.0626967 0.0567746 0.0504371 0.0439457 0.0374924 0.0312238 0.0252652 0.0197404 0.0147793 0.0105105 0.00703443 0.00438966
 0.0079072 0.0129103 0.0195502 0.0277967 0.0373818 0.0476436 0.0574996 0.065715 0.07135 0.0740554 0.0740283 0.0717579 0.0677971 0.0626529 0.0567554 0.0504464 0.0439823 0.0375498 0.0312917 0.0253327 0.0197981 0.0148218 0.0105368 0.00704675 0.00439243
 0.00787649 0.0128595 0.0194724 0.0276858 0.0372346 0.0474633 0.0572979 0.0655115 0.0711683 0.0739163 0.0739449 0.0717343 0.0678295 0.062733 0.056873 0.0505917 0.0441456 0.0377214 0.0314613 0.0254894 0.0199325 0.014928 0.010613 0.00709596 0.00442055
 0.00787632 0.0128518 0.0194472 0.0276295 0.0371333 0.0473088 0.0570931 0.0652722 0.0709202 0.0736892 0.0737664 0.0716241 0.0677968 0.0627759 0.0569806 0.0507479 0.0443328 0.0379228 0.031662 0.0256766 0.0200958 0.0150602 0.0107116 0.00716313 0.00446189
 0.00786691 0.0128386 0.0194309 0.0276103 0.0371096 0.0472748 0.0570383 0.0651848 0.070793 0.073526 0.0735841 0.0714495 0.0676582 0.0626955 0.0569689 0.0508028 0.0444425 0.0380698 0.0318272 0.0258424 0.0202477 0.0151882 0.0108106 0.00723292 0.00450653
 0.00783195 0.0127823 0.0193474 0.0274957 0.0369637 0.0471033 0.0568538 0.0650046 0.0706336 0.0733974 0.0734886 0.0713849 0.067624 0.062696 0.0570115 0.0508931 0.0445794 0.0382441 0.0320232 0.0260417 0.0204329 0.0153463 0.0109345 0.00732181 0.0045646
 0.00781758 0.0127551 0.0192993 0.0274173 0.0368464 0.0469436 0.0566573 0.0647868 0.0704175 0.0732076 0.0733447 0.0712978 0.0675948 0.062719 0.0570791 0.050999 0.0447192 0.0384124 0.0322111 0.0262359 0.0206183 0.0155088 0.0110651 0.00741765 0.00462851
 0.00777203 0.0126841 0.0191983 0.0272834 0.0366792 0.0467449 0.0564324 0.0645458 0.0701763 0.0729868 0.0731667 0.0711825 0.0675552 0.0627576 0.0571885 0.0511649 0.044925 0.0386424 0.0324512 0.0264725 0.0208378 0.0156993 0.0112182 0.00753059 0.00470451
 0.00774017 0.0126291 0.0191099 0.0271512 0.0364954 0.0465099 0.0561579 0.0642547 0.0698966 0.0727448 0.0729817 0.071066 0.0675132 0.0627919 0.0572961 0.0513373 0.0451479 0.0388979 0.0327201 0.0267366 0.0210812 0.0159093 0.0113866 0.00765524 0.00478892
 0.0093383 0.0148657 0.021808 0.0299224 0.0388525 0.048046 0.0566894 0.0638497 0.0687943 0.0712352 0.0713158 0.0694201 0.0659925 0.0614502 0.0561543 0.0503971 0.0443993 0.0383238 0.0322983 0.0264422 0.0208883 0.0157924 0.0113226 0.00762461 0.00477689
 0.00933409 0.0151529 0.0227582 0.0319951 0.0423944 0.0530203 0.0625043 0.0694542 0.0730503 0.0733656 0.0711613 0.0673815 0.0627558 0.0576939 0.0523807 0.0469028 0.0413247 0.0357152 0.0301538 0.0247357 0.0195799 0.0148326 0.0106546 0.0071875 0.00451035
 0.0089562 0.0145635 0.0219394 0.0310039 0.0414148 0.0523963 0.0626976 0.0708802 0.0758313 0.0771478 0.0751589 0.0706744 0.0646719 0.058042 0.0514204 0.0451286 0.0392322 0.0336651 0.0283481 0.0232549 0.0184323 0.013989 0.0100684 0.00680495 0.00427784
 0.00878552 0.01427 0.0214693 0.0303017 0.0404449 0.0511816 0.0613637 0.0696827 0.0751293 0.0773018 0.0763714 0.0728439 0.0673652 0.060636 0.0533529 0.0461107 0.0393037 0.0330932 0.0274629 0.0223254 0.0176189 0.0133564 0.009619 0.00651038 0.00409946
 0.00870965 0.0141427 0.0212691 0.0300024 0.0400173 0.0505986 0.0606133 0.0687876 0.0741713 0.0764389 0.0758269 0.0728482 0.0680542 0.0619547 0.0550334 0.0477613 0.0405696 0.0337918 0.0276195 0.0221065 0.0172267 0.0129493 0.00928377 0.00627299 0.00395014
 0.00868616 0.0140981 0.0211897 0.0298707 0.0398146 0.0503095 0.06023 0.0683117 0.0736158 0.0758346 0.0752338 0.0723672 0.0678183 0.0620883 0.0555865 0.0486584 0.0416157 0.0347469 0.0282992 0.0224475 0.0172828 0.012835 0.00911075 0.00611399 0.00383482
 0.00868277 0.0140949 0.0211886 0.0298729 0.039818 0.0503048 0.0601992 0.0682306 0.0734604 0.0755902 0.0749042 0.0719812 0.0674346 0.0617914 0.0554681 0.0487807 0.041973 0.0352538 0.0288209 0.022859 0.0175199 0.012907 0.00907419 0.00603356 0.00375603
 0.00866553 0.0140659 0.0211435 0.0298081 0.0397322 0.0502015 0.0600868 0.0681196 0.0733578 0.075494 0.0748031 0.0718613 0.0672914 0.0616405 0.0553481 0.0487432 0.0420602 0.0354724 0.0291301 0.0231849 0.0177892 0.0130783 0.00914869 0.00604101 0.00373245
 0.00866548 0.0140662 0.0211444 0.0298095 0.039733 0.0501988 0.0600763 0.0680968 0.0733199 0.0754412 0.0747374 0.071784 0.0672017 0.0615387 0.0552416 0.0486518 0.0420128 0.0354941 0.0292269 0.0233356 0.0179533 0.0132154 0.00923645 0.00608016 0.00373858
 0.00863949 0.0140306 0.0211031 0.0297702 0.0397049 0.0501888 0.0600859 0.0681214 0.0733505 0.0754671 0.0747496 0.0717773 0.0671745 0.0614929 0.0551821 0.0485876 0.0419578 0.0354657 0.0292384 0.0233883 0.0180338 0.013301 0.00930628 0.00612414 0.00375853
 0.00864383 0.0140313 0.021093 0.02974 0.0396472 0.0501039 0.059985 0.0680245 0.0732789 0.0754345 0.0747565 0.0718126 0.0672218 0.0615371 0.0552138 0.0486048 0.0419652 0.0354726 0.0292556 0.0234229 0.0180848 0.0133599 0.00936107 0.0061656 0.00378381
 0.00863581 0.014022 0.0210853 0.0297377 0.0396523 0.0501136 0.0599908 0.0680155 0.0732479 0.0753839 0.0746986 0.0717636 0.0671934 0.0615314 0.0552246 0.0486221 0.0419817 0.0354863 0.0292697 0.0234423 0.0181123 0.0133936 0.00939573 0.00619513 0.00380466
 0.0086164 0.0139912 0.0210407 0.0296784 0.0395803 0.0500344 0.0599137 0.0679508 0.0732035 0.0753614 0.0746941 0.0717712 0.0672103 0.0615581 0.0552626 0.0486706 0.0420364 0.0355418 0.0293219 0.0234901 0.0181563 0.0134342 0.00943161 0.00622433 0.00382579
 0.00862126 0.013997 0.0210455 0.029679 0.0395727 0.0500157 0.0598829 0.0679102 0.0731582 0.0753181 0.0746589 0.0717477 0.0671986 0.0615564 0.055269 0.0486841 0.0420565 0.0355674 0.029351 0.0235204 0.0181859 0.0134619 0.00945619 0.00624462 0.00384098
 0.00862241 0.0140002 0.0210524 0.0296917 0.0395923 0.0500408 0.0599091 0.0679306 0.0731656 0.0753086 0.0746334 0.0717114 0.0671589 0.06152 0.0552402 0.0486646 0.0420464 0.0355658 0.0293565 0.0235312 0.0182001 0.0134774 0.00947128 0.00625777 0.00385124
 0.00862241 0.0140002 0.0210524 0.0296917 0.0395923 0.0500408 0.0599091 0.0679306 0.0731656 0.0753086 0.0746334 0.0717114 0.0671589 0.06152 0.0552402 0.0486646 0.0420464 0.0355658 0.0293565 0.0235312 0.0182001 0.0134774 0.00947128 0.00625777 0.00385124
#pred catch len freq
 0.00359569 0.00585126 0.00885134 0.0126435 0.0172527 0.0226217 0.0285463 0.0346816 0.0406207 0.045984 0.0504745 0.0539098 0.0562423 0.0575539 0.0580205 0.0578675 0.0573367 0.0566472 0.0559162 0.0550324 0.053557 0.0507854 0.0460554 0.0391881 0.0307644
 0.00396603 0.00639352 0.00955959 0.0134821 0.0181777 0.0236084 0.029602 0.0358286 0.0418587 0.0472577 0.0516732 0.0549039 0.0569357 0.0579204 0.0581026 0.0577393 0.0570509 0.0561927 0.0552096 0.0539553 0.0520283 0.0488357 0.0438552 0.0370034 0.0288594
 0.00414404 0.00672405 0.0101291 0.0143859 0.0194856 0.0253183 0.0316101 0.0379461 0.043875 0.0490131 0.0530904 0.0559654 0.0576383 0.0582512 0.0580493 0.0573135 0.0562904 0.0551366 0.0538663 0.0522977 0.0500331 0.0465452 0.0414171 0.034649 0.0268251
 0.00432909 0.00701224 0.0105455 0.0149619 0.0202719 0.0263931 0.0330638 0.039835 0.0461608 0.0515261 0.0555549 0.0580835 0.0591852 0.0591251 0.0582572 0.0569223 0.0553826 0.0537858 0.0521279 0.0502126 0.0476484 0.0439513 0.0387737 0.0321704 0.0247197
 0.00455874 0.00738313 0.0110985 0.0157321 0.0212822 0.0276467 0.034542 0.0415054 0.0479918 0.0534892 0.0576007 0.0601044 0.061001 0.060516 0.0590322 0.0569769 0.0547127 0.05246 0.0502469 0.047885 0.0449939 0.0411202 0.0359598 0.0295922 0.0225684
 0.00483734 0.0078306 0.0117629 0.0166573 0.0225029 0.0291785 0.0363663 0.0435583 0.0501664 0.0556553 0.0596326 0.0619012 0.0624859 0.0616161 0.0596582 0.0570267 0.0541013 0.0511546 0.0482852 0.0453718 0.04209 0.038034 0.0329323 0.0268645 0.0203297
 0.00509137 0.00824615 0.012394 0.0175587 0.0237224 0.0307435 0.0382669 0.0457346 0.0525093 0.0580184 0.0618531 0.0638246 0.0639888 0.0626183 0.0601159 0.0569118 0.0533849 0.0498108 0.0463168 0.0428413 0.0391397 0.0348822 0.0298445 0.0241001 0.0180818
 0.00528803 0.00856948 0.0128891 0.0182744 0.0247078 0.0320384 0.0398868 0.0476566 0.0546626 0.0602853 0.0640798 0.0658415 0.0656372 0.0637734 0.0606994 0.0568872 0.052743 0.0485567 0.0444723 0.040466 0.0363583 0.031896 0.0269092 0.0214716 0.0159499
 0.00550998 0.00891508 0.0133827 0.0189334 0.0255466 0.0330719 0.0411284 0.0491091 0.0563065 0.0620685 0.0659136 0.0676055 0.0671928 0.0649839 0.0614488 0.0570936 0.0523615 0.0475769 0.0429165 0.0383979 0.0338984 0.0292309 0.0242746 0.0191048 0.0140281
 0.00570814 0.00924111 0.0138797 0.0196417 0.0264934 0.0342566 0.0425115 0.0506147 0.0578425 0.0635529 0.0672887 0.0688336 0.068238 0.0657963 0.0619601 0.0572263 0.0520447 0.0467628 0.0415948 0.0366092 0.0317459 0.0268826 0.0219441 0.0170069 0.0123236
 0.00597627 0.0096687 0.014509 0.0205096 0.0276284 0.0356704 0.0441849 0.0524824 0.0597877 0.06542 0.0689138 0.0700829 0.0690384 0.0661395 0.0618804 0.0567649 0.0512241 0.0455837 0.0400547 0.0347316 0.0296064 0.0246183 0.0197377 0.0150441 0.0107421
 0.00615148 0.00995621 0.0149473 0.0211383 0.0284824 0.036771 0.0455273 0.0540272 0.0614599 0.0671141 0.0705029 0.0714328 0.0700281 0.0666853 0.0619515 0.0563808 0.0504339 0.0444409 0.0386055 0.0330233 0.0277099 0.022645 0.017834 0.0133606 0.00939068
 0.00623868 0.0101054 0.0151866 0.0215014 0.0290054 0.0374845 0.0464462 0.0551417 0.0627306 0.0684725 0.0718569 0.072676 0.0710526 0.0673962 0.0622802 0.0562948 0.0499386 0.043573 0.0374211 0.0315916 0.0261156 0.0209944 0.0162515 0.0119681 0.00827658
 0.00634728 0.0102749 0.0154298 0.0218287 0.0294268 0.0380117 0.0470909 0.0559098 0.0636137 0.0694411 0.0728588 0.07364 0.0718982 0.0680441 0.0626623 0.0563618 0.0496665 0.042966 0.0365127 0.0304416 0.0248076 0.0196314 0.014946 0.0108237 0.00736482
 0.00646217 0.010448 0.0156651 0.022122 0.029769 0.0383937 0.0475074 0.0563601 0.0641003 0.0699663 0.0734191 0.0742202 0.0724663 0.0685515 0.0630491 0.0565671 0.0496397 0.0426776 0.0359617 0.02966 0.0238592 0.0186052 0.0139423 0.0099343 0.00665262
 0.00644926 0.0104402 0.0156773 0.0221747 0.0298817 0.038575 0.0477488 0.0566388 0.064391 0.0702551 0.0737094 0.0745272 0.0728026 0.0689132 0.0634085 0.0568749 0.0498356 0.042706 0.0357869 0.0292781 0.023303 0.0179399 0.0132513 0.009299 0.00613223
 0.0064854 0.0104854 0.0157219 0.0222051 0.0298888 0.0385649 0.0477472 0.0566829 0.0645115 0.0704583 0.073974 0.0748171 0.0730868 0.0691764 0.0636471 0.057083 0.049994 0.042781 0.0357419 0.0290898 0.0229757 0.0175093 0.0127766 0.00884514 0.00575073
 0.00658488 0.0106246 0.0158887 0.0223722 0.0300185 0.0386202 0.0477041 0.0565411 0.0642995 0.0702302 0.0737945 0.0747391 0.0731322 0.0693319 0.0638757 0.0573405 0.050239 0.0429768 0.0358555 0.0290964 0.022867 0.0173008 0.0125063 0.00856193 0.00549851
 0.0066208 0.0106867 0.0159876 0.0225167 0.0302092 0.0388418 0.0479212 0.0567036 0.0643595 0.0701631 0.0736137 0.0744944 0.072892 0.0691581 0.0638027 0.0573676 0.050337 0.0431016 0.0359618 0.0291478 0.0228431 0.0172017 0.0123519 0.00838478 0.0053316
 0.00663887 0.0107095 0.0160106 0.0225334 0.0302155 0.0388403 0.0479222 0.0567198 0.0643953 0.070207 0.0736407 0.07448 0.0728294 0.069066 0.0637178 0.0573264 0.0503576 0.0431763 0.0360621 0.0292372 0.0228913 0.0171948 0.0122948 0.0082967 0.00523663
 0.00665259 0.0107391 0.0160678 0.0226313 0.030363 0.0390341 0.0481431 0.0569359 0.0645735 0.0703248 0.0736902 0.0744632 0.0727519 0.0689354 0.0635482 0.0571417 0.0501868 0.0430426 0.0359725 0.0291814 0.0228491 0.0171473 0.0122337 0.00822532 0.00516542
 0.00669566 0.0107986 0.0161389 0.0227057 0.0304346 0.0391058 0.0482287 0.0570535 0.0647318 0.070512 0.073874 0.0746035 0.0728173 0.0689137 0.0634474 0.0569835 0.0499998 0.0428553 0.035807 0.029048 0.0227459 0.0170651 0.012163 0.00816163 0.00510968
 0.0066441 0.0107222 0.0160374 0.0225826 0.0302949 0.038954 0.0480696 0.0568962 0.0645955 0.0704253 0.0738662 0.0746899 0.0729877 0.069134 0.0636728 0.0571766 0.0501415 0.0429455 0.035858 0.0290747 0.022759 0.0170692 0.012159 0.00815033 0.0050937
 0.00663482 0.0106989 0.0159876 0.0224907 0.0301472 0.038746 0.0478116 0.0566133 0.0643213 0.0701939 0.0737067 0.0746238 0.0730267 0.0692756 0.0638966 0.0574469 0.0504173 0.0431932 0.0360589 0.0292253 0.0228653 0.01714 0.0122024 0.00817334 0.00510261
 0.00668462 0.0107696 0.0160742 0.0225803 0.0302206 0.0387815 0.0477892 0.0565209 0.0641589 0.0699772 0.0734656 0.0743958 0.0728477 0.0691714 0.0638779 0.0575077 0.0505371 0.0433429 0.0362096 0.0293559 0.0229656 0.0172094 0.0122457 0.00819718 0.00511346
 0.00660589 0.0106575 0.0159344 0.0224268 0.0300697 0.0386435 0.0476631 0.0563955 0.0640215 0.0698233 0.0733045 0.0742499 0.0727455 0.0691383 0.0639291 0.0576435 0.050743 0.0435932 0.036473 0.0296032 0.0231755 0.0173716 0.0123604 0.00827116 0.00515687
 0.00657263 0.0105951 0.0158264 0.0222564 0.0298281 0.0383402 0.0473314 0.056086 0.0637828 0.0696816 0.0732556 0.0742683 0.0728031 0.06922 0.0640358 0.0577847 0.0509257 0.0438139 0.0367167 0.0298473 0.0233973 0.0175546 0.0124975 0.00836445 0.00521441
 0.00653978 0.0105383 0.0157338 0.0221125 0.0296147 0.0380403 0.0469373 0.0556092 0.0632625 0.0691839 0.072858 0.0740348 0.0727616 0.0693564 0.0643065 0.0581391 0.0513221 0.0442235 0.0371189 0.0302235 0.0237297 0.0178288 0.0127066 0.00851072 0.00530771
 0.00655063 0.0105554 0.0157581 0.0221425 0.0296446 0.0380574 0.0469209 0.0555332 0.0631033 0.068932 0.0725291 0.0736723 0.0724279 0.0691124 0.0641919 0.0581608 0.0514591 0.0444398 0.037377 0.0304915 0.0239824 0.0180478 0.0128809 0.00863749 0.00539139
 0.00645476 0.0104201 0.0155925 0.0219684 0.0294901 0.0379471 0.0468667 0.0555301 0.063131 0.0689604 0.0725273 0.0736197 0.0723238 0.0689804 0.0640726 0.0580967 0.0514777 0.044545 0.0375511 0.0307046 0.0242031 0.0182501 0.013048 0.00876256 0.00547611
 0.00650881 0.0104809 0.0156352 0.0219564 0.0293888 0.0377437 0.0465836 0.0552217 0.0628623 0.0687795 0.0724476 0.0736207 0.0723669 0.0690295 0.0641097 0.0581265 0.0515203 0.044622 0.0376731 0.0308656 0.0243841 0.0184278 0.0132026 0.00888267 0.00555986
 0.0071567 0.0114093 0.0167991 0.0232302 0.0305959 0.0387089 0.0471804 0.0553955 0.062632 0.0682243 0.0716849 0.0727746 0.0715368 0.068272 0.0634416 0.0575438 0.0510174 0.0442019 0.0373436 0.030631 0.0242381 0.0183531 0.0131762 0.00888273 0.00557006
 0.00780817 0.0124233 0.0182344 0.025093 0.0328184 0.041129 0.0495362 0.05736 0.063896 0.0685983 0.0711616 0.0715181 0.0698101 0.0663474 0.0615355 0.0557911 0.0494816 0.0429004 0.0362733 0.0297814 0.023594 0.0178918 0.0128671 0.00869036 0.00545945
 0.00784535 0.0125588 0.0185775 0.0257923 0.0340243 0.0429309 0.0518981 0.0600883 0.0666575 0.0709875 0.0727989 0.0721512 0.0693838 0.0650096 0.0595754 0.0535396 0.0472231 0.0408283 0.03449 0.0283231 0.0224568 0.0170493 0.0122783 0.0083056 0.0052263
 0.00754943 0.0121249 0.0180193 0.0251719 0.0334604 0.0425954 0.0519951 0.0608036 0.0680815 0.0730399 0.0752046 0.0744976 0.0712431 0.0660729 0.0597363 0.0528995 0.0460247 0.0393594 0.0330007 0.0269838 0.021355 0.0162081 0.0116798 0.00790944 0.00498369
 0.00733356 0.0117753 0.0174979 0.0244509 0.032537 0.0415134 0.050867 0.0598156 0.0674673 0.0730217 0.0759141 0.0759072 0.073142 0.0681113 0.0615314 0.0541586 0.0466273 0.0393642 0.0325862 0.0263631 0.0207067 0.0156449 0.0112497 0.00761397 0.00479943
 0.00746358 0.0119391 0.0176549 0.0245301 0.0324517 0.0411883 0.0502673 0.0589691 0.0664737 0.0720478 0.0751684 0.0755901 0.0733781 0.0688904 0.0626926 0.0554351 0.0477395 0.0401159 0.0329176 0.0263397 0.0204633 0.0153206 0.0109446 0.00737761 0.00464094
 0.00742912 0.0119085 0.0176525 0.0245856 0.0325802 0.0413665 0.0504204 0.0589862 0.0662533 0.0715516 0.0744564 0.0748146 0.0727394 0.0685689 0.0627829 0.0559081 0.0484514 0.0408654 0.0335244 0.0267061 0.0205894 0.0152748 0.0108163 0.00723845 0.00452955
 0.00734804 0.0117791 0.0174649 0.0243386 0.0322887 0.0410666 0.0501661 0.0588293 0.0662129 0.0715924 0.0744988 0.0747791 0.0726 0.0683791 0.0626534 0.0559477 0.0487071 0.0412959 0.0340219 0.0271501 0.0208993 0.0154328 0.0108552 0.00721121 0.00448174
 0.00744869 0.0119138 0.0176133 0.0244625 0.032341 0.0410079 0.0499811 0.058537 0.0658642 0.0712546 0.0742302 0.0746046 0.0725039 0.0683244 0.0626153 0.0559367 0.0487607 0.0414453 0.0342609 0.0274311 0.0211578 0.0156207 0.0109588 0.007247 0.00447871
 0.00739264 0.0118552 0.0175833 0.0245046 0.0324928 0.0412754 0.0503215 0.0588658 0.0660871 0.0713087 0.0741087 0.0743539 0.0721955 0.068022 0.0623564 0.0557354 0.0486224 0.0413764 0.0342648 0.027497 0.0212576 0.0157196 0.0110308 0.00728413 0.00448824
