SBPRF35
7.78865
Curr Bio
588430
B35
696114
F35
0.226008
FOFL
0.195804
OFL
90531.6
Bzero
2.22533e+006
#pred survey bio
 4.53282e+006 4.26112e+006 4.00844e+006 3.70683e+006 3.40345e+006 3.07e+006 2.76942e+006 2.4399e+006 2.14448e+006 1.8949e+006 1.65263e+006 1.46133e+006 1.28491e+006 1.14215e+006 1.01666e+006 906811 819002 753469 707135 656547 633061 630681 624655 595704 585818 581554 585342 588383 585792 583553 584601 591099 587649 574692 565186 563352 551056 547666 540035 533914 539889 549607 557245 566056 564543 571964 574300 574029 579501 586205 586854 562609 569510 588836 588225 2.12569e+007 1.30879e+007 1.3505e+007 1.40956e+007 1.47512e+007 1.53683e+007 1.58961e+007 1.63209e+007 1.66494e+007 1.68968e+007 1.708e+007 1.72145e+007 1.73129e+007 1.73847e+007 1.74374e+007 1.74761e+007 1.75048e+007 1.75261e+007 1.7542e+007 1.7554e+007 1.7563e+007 1.75699e+007 1.75751e+007 1.75791e+007 1.75822e+007 1.75845e+007 1.75863e+007 1.75877e+007 1.75887e+007 1.75895e+007 1.75902e+007 1.75906e+007 1.7591e+007 1.75913e+007 1.75915e+007 1.75917e+007 1.75919e+007 1.7592e+007 1.7592e+007 1.75921e+007 1.75921e+007 1.75922e+007 1.75922e+007 1.75922e+007 1.75923e+007 1.75923e+007 1.75923e+007 1.75923e+007 1.75923e+007 1.75923e+007 1.75923e+007 1.75923e+007 1.75923e+007 1.75923e+007 1.75923e+007 1.75923e+007 1.75923e+007 1.75923e+007 1.75923e+007 1.75923e+007 1.75923e+007 1.75923e+007 1.75923e+007 1.75923e+007 1.75923e+007 1.75923e+007 1.75923e+007 1.75923e+007 1.75923e+007 1.75923e+007 1.75923e+007 1.75923e+007 1.75923e+007 1.75923e+007 1.75923e+007 1.75923e+007 1.75923e+007 1.75923e+007 1.75923e+007 1.75923e+007 1.75923e+007 1.75923e+007 1.75923e+007 1.75923e+007 1.75923e+007 1.75923e+007 1.75923e+007 1.75923e+007 1.75923e+007 1.75923e+007 1.75923e+007 1.75923e+007 1.75923e+007 1.75923e+007 1.75923e+007 1.75923e+007 1.75923e+007 1.75923e+007 1.75923e+007 1.75923e+007 0 0 0 0 0 0 0 0 0 0 0 0 0 0 0 0 0 0 0 0 0 0 0 0 0
#obs survey bio
 3.57368e+006 3.97178e+006 3.11569e+006 2.49846e+006 2.67501e+006 3.06436e+006 2.24926e+006 3.31011e+006 1.6685e+006 1.98327e+006 1.13347e+006 1.15851e+006 777886 1.31608e+006 1.11935e+006 716485 496928 520866 464166 690651 699431 560626 886842 372937 461428 609784 672158 486607 519086 578318 482664 791350 570033 905928 661586 712957 565417 677398 671677 610774 496381 616628 490828 471765 644616 551744 590240 970584 464439 670209 448088 474239 660151 588944 470234
#pred catch bio
 99523.1 97838.2 167045 197940 257811 260482 316377 311175 291195 302207 270878 268220 245507 233980 221837 203094 183087 164327 163518 135962 115796 117253 133459 114738 108820 100537 99338.1 102304 100262 95787.6 89580.9 95458.2 99492.1 92215.2 82456.6 90948.7 87099.1 95417.8 95835.4 85250.6 81674.8 83609.6 83249.7 92302.2 85021.5 90105.6 92890.1 88868.4 89494.3 96276 118331 94145.5 87873.5 108408 94931.9 90531.6 105236 107572 111174 115624 119897 123484 126267 128315 129766 130764 131437 131882 132173 132361 132481 132558 132606 132637 132656 132668 132675 132680 132683 132685 132686 132687 132687 132687 132687 132688 132688 132688 132688 132688 132688 132688 132688 132688 132688 132688 132688 132688 132688 132688 132688 132688 132688 132688 132688 132688 132688 132688 132688 132688 132688 132688 132688 132688 132688 132688 132688 132688 132688 132688 132688 132688 132688 132688 132688 132688 132688 132688 132688 132688 132688 132688 132688 132688 132688 132688 132688 132688 132688 132688 132688 132688 132688 132688 132688 132688 132688 132688 132688 132688 132688 132688 132688 132688 132688 0 0 0 0 0 0 0 0 0 0 0 0 0 0 0 0 0 0 0 0 0 0 0 0 0
#obs catch bio
 0 97528.2 167978 198963 260708 263432 323508 316335 295914 307310 276174 273865 252022 238608 225926 207486 187499 168429 167830 138240 116903 118674 134964 115941 110324 101701 99904.2 102819 100983 96305.2 89903.6 95822.3 99809.6 91822.8 82011.1 90473.9 86726.3 95140.7 95575.5 84859.2 80844.1 82661.2 82618.9 91711.8 84243.8 89348.5 92306.1 87849.9 88934.2 95549.3 118267 93859.4 87396 108414 94813
#pred cpue bio
 4.45459e+006 4.18602e+006 3.93532e+006 3.63466e+006 3.33273e+006 3.00113e+006 2.70228e+006 2.3758e+006 2.08347e+006 1.83638e+006 1.59664e+006 1.40729e+006 1.23303e+006 1.09236e+006 969154 861326 775155 711224 666648 618423 596387 594499 589073 561467 551975 548033 552313 555922 553755 551884 553307 560140 557597 545958 537576 536313 523625 518391 509727 503965 510482 520340 527699 536072 534550 541690 543792 543381 548472 554583 554835 530714 536498 554531 553240 1.99956e+007 1.23248e+007 1.26934e+007 1.32177e+007 1.38488e+007 1.44604e+007 1.49872e+007 1.54118e+007 1.57402e+007 1.59876e+007 1.61709e+007 1.63054e+007 1.64037e+007 1.64756e+007 1.65282e+007 1.6567e+007 1.65956e+007 1.66169e+007 1.66329e+007 1.66448e+007 1.66539e+007 1.66607e+007 1.6666e+007 1.66699e+007 1.6673e+007 1.66753e+007 1.66771e+007 1.66785e+007 1.66796e+007 1.66804e+007 1.6681e+007 1.66815e+007 1.66819e+007 1.66822e+007 1.66824e+007 1.66826e+007 1.66827e+007 1.66828e+007 1.66829e+007 1.66829e+007 1.6683e+007 1.6683e+007 1.66831e+007 1.66831e+007 1.66831e+007 1.66831e+007 1.66831e+007 1.66831e+007 1.66831e+007 1.66831e+007 1.66831e+007 1.66831e+007 1.66831e+007 1.66831e+007 1.66831e+007 1.66831e+007 1.66831e+007 1.66831e+007 1.66832e+007 1.66832e+007 1.66832e+007 1.66832e+007 1.66832e+007 1.66832e+007 1.66832e+007 1.66832e+007 1.66832e+007 1.66832e+007 1.66832e+007 1.66832e+007 1.66832e+007 1.66832e+007 1.66832e+007 1.66832e+007 1.66832e+007 1.66832e+007 1.66832e+007 1.66832e+007 1.66832e+007 1.66832e+007 1.66832e+007 1.66832e+007 1.66832e+007 1.66832e+007 1.66832e+007 1.66832e+007 1.66832e+007 1.66832e+007 1.66832e+007 1.66832e+007 1.66832e+007 1.66832e+007 1.66832e+007 1.66832e+007 1.66832e+007 1.66832e+007 1.66832e+007 1.66832e+007 1.66832e+007 1.66832e+007 0 0 0 0 0 0 0 0 0 0 0 0 0 0 0 0 0 0 0 0 0 0 0 0 0
#obs cpue bio
 3.45934e+006 3.06699e+006 3.497e+006 2.83858e+006 3.23121e+006 1.78648e+006 1.74808e+006 2.77503e+006 2.118e+006 1.92739e+006 1.27022e+006 1.53547e+006 987859 1.16488e+006 769108 678714 772984 618674 793518 581666 565465 485819 502930 613773 477416 453167 656494 686405 477472 572736 639550 441845 625885 611772 475313 540050 440854 445867 436560 504111 1.02393e+006 631885 459955 744205 578640 641591 507693 543217 487206 550949 586776 599053 551000 509208 591194
#pred surv len freq
 0.00462183 0.00748605 0.0112391 0.0158682 0.0212892 0.0272782 0.0334296 0.0392385 0.0442757 0.0483233 0.0513801 0.0535812 0.0551121 0.0561483 0.0568122 0.0571466 0.0571157 0.0566231 0.0555191 0.0535856 0.0505288 0.0460469 0.0400072 0.0326552 0.0246883
 0.00499473 0.00800025 0.0118477 0.016483 0.0218222 0.0276962 0.0337844 0.0396395 0.0448139 0.0489919 0.052048 0.0540389 0.0551657 0.0557087 0.0559373 0.0560227 0.0559898 0.0557132 0.0549388 0.0533134 0.0504381 0.0459808 0.039857 0.0323989 0.0243749
 0.00514215 0.00828466 0.0123516 0.0172932 0.022988 0.0291784 0.0354303 0.0412195 0.0461135 0.0499021 0.0525855 0.0542813 0.0551589 0.0554233 0.0553061 0.0550214 0.0546943 0.0542905 0.0535785 0.0521477 0.0494999 0.0452223 0.0392072 0.0318164 0.023863
 0.0053419 0.00859427 0.0127947 0.0178951 0.0237865 0.0302287 0.0367891 0.0429023 0.048045 0.0518959 0.0543838 0.0556423 0.0559358 0.055584 0.0548925 0.0540998 0.0533414 0.0526131 0.0517256 0.0502865 0.04777 0.0437043 0.0379269 0.0307725 0.0230483
 0.00556743 0.0089548 0.0133254 0.0186237 0.0247286 0.0313826 0.0381335 0.0444024 0.049662 0.0535862 0.0560794 0.0572253 0.0572364 0.0564184 0.0551203 0.0536645 0.0522747 0.0510165 0.0497497 0.0481126 0.0455856 0.041673 0.0361656 0.029344 0.0219674
 0.00578729 0.00931705 0.0138798 0.0194205 0.0258091 0.0327642 0.0397931 0.0462693 0.0516278 0.0555293 0.0578882 0.0588083 0.0585132 0.057302 0.0555092 0.0534592 0.0514131 0.0495075 0.0476881 0.0456695 0.0429809 0.0391365 0.0338959 0.0274757 0.0205555
 0.00590452 0.00952168 0.0142152 0.0199395 0.0265677 0.0338075 0.0411394 0.0478965 0.0534695 0.0574796 0.0598158 0.0605756 0.0599958 0.0583984 0.0561382 0.0535496 0.0509038 0.0483659 0.0459415 0.0434293 0.0404414 0.0365439 0.0314947 0.0254545 0.0190107
 0.0061623 0.00992332 0.0147889 0.0207046 0.0275375 0.0349923 0.0425426 0.0495058 0.0552462 0.0593523 0.0616812 0.0623083 0.0614647 0.0594848 0.0567472 0.0536122 0.0503728 0.0472176 0.0441914 0.0411583 0.0378137 0.0337964 0.0288917 0.023222 0.0172817
 0.00647102 0.0104113 0.015497 0.0216607 0.0287508 0.0364466 0.04419 0.0512683 0.0570309 0.0610714 0.063264 0.0636976 0.0626045 0.0603106 0.0571864 0.0535915 0.0498293 0.0461108 0.0425192 0.0389789 0.0352646 0.0310924 0.0262895 0.0209571 0.0155055
 0.00676756 0.010884 0.0161909 0.0226121 0.029981 0.0379522 0.0459307 0.0531613 0.0589582 0.0629015 0.0648769 0.065004 0.0635521 0.0608767 0.05736 0.0533567 0.0491581 0.044971 0.0408966 0.0369071 0.0328504 0.0285208 0.0237949 0.0187651 0.0137703
 0.00710398 0.0114229 0.0169873 0.023712 0.0314136 0.0397165 0.0479802 0.0553957 0.0612322 0.0650474 0.0667318 0.0664342 0.06447 0.0612475 0.0571959 0.0526971 0.0480462 0.0434395 0.0389725 0.0346355 0.0303252 0.0259007 0.0212859 0.0165716 0.0120346
 0.00738594 0.0118723 0.0176479 0.0246205 0.0325962 0.0411812 0.0497053 0.0573209 0.0632577 0.0670434 0.0685543 0.0679421 0.0655443 0.0618071 0.0572065 0.052169 0.0470213 0.0419752 0.0371316 0.0324916 0.0279803 0.0234984 0.0190033 0.0145825 0.010461
 0.00761162 0.0122485 0.0182311 0.0254688 0.0337568 0.0426712 0.0514924 0.0593167 0.0653308 0.0690439 0.0703379 0.0693849 0.0665489 0.0623071 0.0571693 0.051597 0.0459488 0.0404616 0.035255 0.0303472 0.0256849 0.021195 0.0168517 0.0127308 0.00900797
 0.00784316 0.0126097 0.0187479 0.0261603 0.0346377 0.0437536 0.0527804 0.060794 0.0669472 0.0707095 0.0719298 0.0707672 0.0675977 0.0629305 0.0573157 0.0512529 0.0451332 0.0392201 0.0336571 0.0284863 0.0236788 0.0191826 0.0149799 0.0111283 0.00775646
 0.00815107 0.0130898 0.019432 0.0270628 0.0357531 0.0450532 0.0542097 0.0622757 0.0683942 0.0720411 0.0730808 0.0716851 0.068235 0.0632414 0.0572613 0.0508115 0.0443067 0.0380369 0.0321722 0.0267808 0.0218591 0.0173747 0.0133142 0.00971547 0.0066621
 0.00842242 0.0135286 0.0200871 0.0279755 0.036946 0.0465139 0.0558752 0.0640301 0.0700869 0.0735206 0.0742278 0.0724309 0.0685619 0.0631692 0.0568281 0.0500574 0.0432678 0.036749 0.0306798 0.0251465 0.0201679 0.0157301 0.0118235 0.00846755 0.00570608
 0.00854453 0.0137407 0.020432 0.0285031 0.0377041 0.0475321 0.0571462 0.0654974 0.0716462 0.0750335 0.0755454 0.0734215 0.0691366 0.0632961 0.0565297 0.0493928 0.0423099 0.0355685 0.0293409 0.0237132 0.0187124 0.0143348 0.0105725 0.00742943 0.00491665
 0.00853119 0.0137337 0.0204504 0.0285779 0.0378767 0.0478472 0.057643 0.0661983 0.0725444 0.0760842 0.076663 0.0744901 0.0700313 0.0639101 0.0567966 0.0492963 0.0418789 0.0348618 0.0284313 0.0226774 0.0176281 0.0132798 0.00961975 0.00663611 0.00431254
 0.00844991 0.0136093 0.0202787 0.0283637 0.0376365 0.0476129 0.0574627 0.0661326 0.0726546 0.0764141 0.0772217 0.0752412 0.0708948 0.0647755 0.057546 0.0498301 0.0421363 0.0348292 0.0281379 0.0221827 0.0170084 0.0126158 0.00898599 0.00609071 0.00388869
 0.00858747 0.0138046 0.0205203 0.0286229 0.0378758 0.0477995 0.05758 0.0661852 0.0726655 0.0764186 0.0772587 0.0753433 0.071077 0.0650264 0.0578252 0.050076 0.0422829 0.0348256 0.0279632 0.0218512 0.016564 0.0121195 0.00850087 0.00566798 0.00355832
 0.00875874 0.0140435 0.0208055 0.0289074 0.0380967 0.0478963 0.0575135 0.0659488 0.0722902 0.0759689 0.0768217 0.0750087 0.0709135 0.065063 0.0580441 0.050419 0.0426673 0.0351657 0.0281917 0.0219339 0.0165046 0.0119532 0.00827891 0.00544124 0.00336392
 0.00863307 0.0138718 0.0206055 0.0287109 0.0379342 0.0477764 0.0574104 0.0658118 0.0720711 0.0756547 0.07645 0.0746591 0.070679 0.0650172 0.0582174 0.0507909 0.0431738 0.0357183 0.0287008 0.0223315 0.0167578 0.0120666 0.0082853 0.00538545 0.0032871
 0.00857611 0.0137729 0.0204473 0.0284791 0.0376274 0.047417 0.0570478 0.0655083 0.0718744 0.0755722 0.0764469 0.0746839 0.0706992 0.0650399 0.0582819 0.0509409 0.0434286 0.0360597 0.0290792 0.0226856 0.0170376 0.012248 0.00837327 0.0054046 0.00326841
 0.00881519 0.0141309 0.0209278 0.0290617 0.0382697 0.0480606 0.0576266 0.065959 0.0721495 0.075651 0.0763359 0.0744062 0.0702829 0.0645164 0.0576934 0.0503446 0.0428884 0.0356264 0.0287734 0.0224942 0.0169254 0.0121767 0.00831582 0.00535026 0.00321803
 0.00874949 0.0140526 0.0208615 0.0290456 0.0383423 0.0482406 0.0578986 0.0662739 0.0724426 0.0758664 0.0764449 0.0744099 0.0702023 0.0643779 0.0575192 0.0501524 0.0426964 0.0354556 0.0286427 0.0224122 0.0168862 0.0121639 0.00831186 0.00534407 0.00320694
 0.00857827 0.0137915 0.020503 0.0285998 0.0378405 0.0477369 0.0574656 0.0659887 0.0723617 0.0760022 0.0767577 0.0748246 0.0706386 0.0647759 0.057849 0.0504086 0.0428876 0.0355963 0.028749 0.0224977 0.0169591 0.0122257 0.00836025 0.0053768 0.0032249
 0.00852634 0.0136818 0.0202923 0.0282355 0.0372777 0.046965 0.0565306 0.0649975 0.071461 0.0753388 0.0764376 0.0748852 0.0710428 0.0654291 0.0586317 0.0512101 0.0436285 0.0362338 0.02927 0.0229073 0.0172708 0.0124548 0.00852082 0.00548235 0.00328863
 0.00853705 0.0136926 0.020294 0.0282095 0.0371934 0.0467802 0.0561994 0.0644883 0.0707806 0.0745511 0.0756611 0.0742627 0.070695 0.065414 0.0589296 0.0517386 0.0442767 0.0368974 0.0298739 0.0234117 0.0176644 0.0127445 0.00872223 0.0056138 0.00336833
 0.00846774 0.0136019 0.0201974 0.0281334 0.0371649 0.0468118 0.056276 0.0645648 0.070793 0.0744396 0.0753961 0.0738648 0.0702373 0.065002 0.0586634 0.0516767 0.0444179 0.0371899 0.0302417 0.023783 0.0179898 0.0130007 0.00890676 0.00573625 0.00344321
 0.00843013 0.0135334 0.0200826 0.0279577 0.0369237 0.0465206 0.0559754 0.0643105 0.0706331 0.0743887 0.0754262 0.0739191 0.0702619 0.0649755 0.0586084 0.0516459 0.0444646 0.03734 0.0304831 0.024075 0.0182829 0.0132558 0.0091037 0.00587299 0.00352919
 0.00831156 0.0133569 0.0198463 0.0276685 0.0365929 0.0461588 0.0555918 0.0639197 0.0702636 0.0740848 0.0752367 0.0738763 0.0703642 0.0651872 0.0588787 0.0519347 0.0447565 0.0376398 0.0307982 0.0244004 0.0185987 0.0135359 0.00932825 0.00603506 0.00363449
 0.00804954 0.0129603 0.0193051 0.0269949 0.0358198 0.0453354 0.0547789 0.0631839 0.069668 0.0736788 0.0750491 0.0739161 0.0706229 0.0656384 0.0594771 0.0526208 0.0454691 0.0383299 0.0314353 0.0249683 0.0190875 0.0139376 0.00963823 0.00625623 0.00377872
 0.00786519 0.01267 0.0188865 0.0264365 0.0351259 0.0445328 0.0539216 0.0623505 0.0689469 0.0731466 0.0747533 0.0738699 0.070811 0.066028 0.060026 0.053281 0.0461894 0.0390591 0.0321285 0.0255918 0.0196202 0.0143692 0.00996755 0.00649041 0.00393214
 0.0078173 0.0125844 0.0187433 0.0262119 0.0347973 0.0440873 0.0533657 0.061715 0.0682858 0.0725283 0.0742479 0.0735355 0.0706825 0.0661118 0.0603027 0.0537128 0.0467286 0.0396551 0.0327325 0.0261611 0.0201221 0.0147834 0.0102867 0.00671869 0.00408257
 0.00793005 0.0127301 0.0188925 0.0263122 0.0347854 0.0439093 0.052996 0.0611653 0.0676019 0.071781 0.0735213 0.0729143 0.0702384 0.0658912 0.0603192 0.0539476 0.0471375 0.0401793 0.0333095 0.0267334 0.0206434 0.0152225 0.0106289 0.00696475 0.00424506
 0.00861853 0.0137071 0.0200975 0.0275945 0.0359397 0.0447379 0.0533633 0.0610216 0.0669792 0.0707754 0.0722722 0.0715812 0.0689742 0.0648186 0.0595159 0.0534427 0.0469168 0.040196 0.0334979 0.0270223 0.0209675 0.0155307 0.0108883 0.00716123 0.00437953
 0.00925899 0.0147349 0.0216102 0.0296487 0.0385106 0.0476716 0.0563509 0.0636365 0.0687895 0.071484 0.0718092 0.0701018 0.0667808 0.0622601 0.0569081 0.0510256 0.0448417 0.0385319 0.0322472 0.0261418 0.020389 0.0151783 0.0106914 0.00706184 0.00433536
 0.00900938 0.0144588 0.0214361 0.0297812 0.0391815 0.0490548 0.0584777 0.0663495 0.0717536 0.0742522 0.0739267 0.0712237 0.0667656 0.0611986 0.0550747 0.0487792 0.0425245 0.0364026 0.0304585 0.02475 0.0193796 0.0144949 0.0102599 0.00680873 0.00419807
 0.00860382 0.01385 0.0206226 0.0288172 0.0381912 0.048237 0.0580891 0.0666496 0.0729095 0.076239 0.0764832 0.073904 0.0690712 0.062733 0.055653 0.0484532 0.0415268 0.0350454 0.029035 0.0234716 0.0183569 0.0137526 0.00976695 0.00650819 0.00402994
 0.00846075 0.0135934 0.0201942 0.028155 0.0372536 0.0470401 0.0567416 0.065362 0.0719617 0.0759084 0.0769538 0.075186 0.0709693 0.0648858 0.0576415 0.0499348 0.0423341 0.0352087 0.0287287 0.0229231 0.0177653 0.0132448 0.00939431 0.00626752 0.00389139
 0.00851846 0.0136451 0.0201922 0.0280233 0.0369011 0.0463871 0.0557514 0.0640694 0.0704903 0.0744696 0.0758169 0.0746144 0.0711347 0.0657946 0.0591132 0.0516526 0.0439521 0.0364659 0.0295162 0.0232811 0.0178242 0.0131518 0.00926151 0.00615524 0.00381763
 0.00861026 0.0137817 0.0203714 0.0282271 0.0370902 0.0464975 0.0556982 0.0637633 0.0698699 0.0735398 0.0746755 0.073449 0.0701826 0.0652735 0.0591456 0.052216 0.0448824 0.0375189 0.0304599 0.0239713 0.0182303 0.0133292 0.0092997 0.0061331 0.00378368
 0.00860855 0.0137937 0.0204162 0.0283296 0.037272 0.0467623 0.0560181 0.0640739 0.0700792 0.0735512 0.0744192 0.072915 0.0694415 0.0644719 0.0584675 0.05182 0.0448405 0.0377902 0.0309147 0.024453 0.0186195 0.0135766 0.0094185 0.00616787 0.00377916
 0.00852284 0.0136676 0.0202519 0.0281412 0.037085 0.0466111 0.05594 0.0640987 0.0702143 0.0737684 0.0746528 0.0730792 0.0694626 0.0643239 0.0581914 0.0515135 0.0446188 0.0377345 0.0310377 0.0247 0.0189029 0.0138204 0.00958519 0.00625883 0.0038171
 0.00859057 0.0137626 0.0203674 0.0282623 0.0371946 0.046698 0.0560059 0.0641578 0.0702866 0.0738679 0.0747766 0.0732011 0.0695372 0.0643019 0.058043 0.0512493 0.0442932 0.0374266 0.0308166 0.0245954 0.0188986 0.0138721 0.00964787 0.00630549 0.0038414
 0.00861818 0.0138008 0.0204121 0.0283037 0.0372184 0.0466883 0.0559493 0.06405 0.0701381 0.0737062 0.0746412 0.0731287 0.069545 0.064377 0.0581469 0.0513365 0.0443345 0.0374226 0.0307935 0.0245861 0.0189219 0.0139248 0.00971221 0.00636258 0.00388121
 0.00857243 0.0137477 0.0203708 0.0283037 0.0372887 0.0468429 0.0561751 0.0643062 0.0703697 0.073864 0.0746986 0.0730894 0.0694373 0.0642397 0.0580118 0.0512175 0.0442289 0.037322 0.030696 0.0244999 0.018859 0.0138914 0.00970451 0.00636991 0.00389276
 0.00870742 0.0139317 0.0205835 0.0285081 0.0374467 0.046936 0.0562173 0.0643371 0.0704292 0.0739655 0.0748193 0.0731829 0.0694601 0.0641726 0.0578659 0.0510229 0.0440183 0.0371194 0.0305146 0.0243465 0.018738 0.013805 0.00965031 0.00634119 0.00388046
 0.00876989 0.0140362 0.020744 0.0287335 0.037732 0.0472537 0.0565158 0.0645545 0.07052 0.073925 0.0746853 0.0730131 0.0692998 0.0640364 0.0577428 0.0508951 0.0438772 0.0369693 0.0303672 0.0242138 0.0186285 0.0137225 0.00959427 0.00630745 0.00386283
 0.00876424 0.0140348 0.0207568 0.0287761 0.0378229 0.0474084 0.0567388 0.064832 0.0708162 0.0741881 0.0748636 0.0730751 0.0692471 0.0638996 0.0575629 0.0507045 0.0436922 0.0367946 0.0302048 0.0240676 0.0185042 0.0136245 0.00952361 0.00626132 0.0038358
 0.00890282 0.0142366 0.0210175 0.0290779 0.0381414 0.0477229 0.0570393 0.0651173 0.0710857 0.0744315 0.075056 0.0731816 0.0692354 0.0637554 0.0572985 0.0503558 0.0433049 0.0364102 0.0298521 0.0237628 0.0182545 0.0134312 0.00938356 0.0061673 0.00377791
 0.00923556 0.0147621 0.0217773 0.0300937 0.0394037 0.0491774 0.0585773 0.0665837 0.0723105 0.0752736 0.0754359 0.0730892 0.068716 0.0628886 0.0561814 0.0490922 0.0419973 0.0351505 0.0287127 0.022791 0.0174714 0.0128357 0.00895789 0.00588321 0.00360222
 0.00925792 0.0148012 0.0218426 0.0301991 0.0395687 0.0494258 0.0589314 0.0670537 0.0728818 0.0758989 0.0760397 0.0735853 0.0690317 0.0629822 0.0560482 0.0487595 0.0415146 0.0345794 0.0281172 0.0222276 0.016982 0.0124432 0.00866699 0.00568418 0.003477
 0.00928599 0.0148302 0.021856 0.0301734 0.0394824 0.0492729 0.058733 0.0668589 0.0727558 0.0759016 0.0762039 0.0739025 0.0694506 0.0634234 0.0564275 0.0490126 0.0416115 0.0345264 0.0279486 0.0219921 0.0167284 0.0122104 0.00847815 0.00554682 0.00338689
 0.00917365 0.0147082 0.0217821 0.0302326 0.0397569 0.0497981 0.0594658 0.0676817 0.07352 0.0764845 0.0765474 0.0740161 0.0693859 0.0632399 0.0561685 0.0486978 0.0412458 0.0341142 0.0275042 0.0215423 0.0163066 0.0118464 0.00819062 0.0053396 0.00325107
#obs surv len freq
 nan nan nan nan nan nan nan nan nan nan nan nan nan nan nan nan nan nan nan nan nan nan nan nan nan
 0.00448983 0.00735341 0.0111853 0.0160026 0.0217029 0.0279769 0.0342888 0.0400176 0.044695 0.048157 0.0505134 0.0520081 0.0528993 0.0534109 0.0537246 0.053979 0.0542573 0.0545498 0.0546884 0.0542803 0.0527184 0.0493509 0.0438013 0.0362822 0.0276667
 0.00461421 0.00756025 0.0115047 0.0164642 0.0223282 0.0287674 0.0352153 0.0410175 0.0456822 0.0490401 0.0512136 0.0524704 0.0530973 0.0533456 0.0534194 0.0534721 0.0535925 0.0537702 0.0538333 0.0533867 0.0518256 0.0485023 0.0430421 0.0356506 0.0271841
 0.00477618 0.00782349 0.011901 0.017024 0.0230755 0.0297113 0.0363397 0.0422747 0.0469944 0.0503098 0.052337 0.0533515 0.0536611 0.0535474 0.0532494 0.0529526 0.05277 0.0527053 0.0525931 0.0520421 0.0504518 0.0471798 0.0418505 0.0346558 0.0264223
 0.00496605 0.0081343 0.0123727 0.0176947 0.0239742 0.030846 0.0376855 0.0437706 0.048552 0.0518289 0.053719 0.0545051 0.0545042 0.054011 0.0532856 0.0525425 0.0519287 0.0514806 0.0510607 0.0503 0.048616 0.0453777 0.0402078 0.0332751 0.0253611
 0.00517824 0.00848185 0.0129007 0.0184469 0.024985 0.0321272 0.0392125 0.0454768 0.0503379 0.0535801 0.0553242 0.0558665 0.0555394 0.0546522 0.0534782 0.0522481 0.051132 0.0501987 0.0493511 0.0482645 0.0463977 0.0431484 0.0381436 0.0315225 0.0240059
 0.00541134 0.00886293 0.0134783 0.0192678 0.0260858 0.0335204 0.040872 0.0473325 0.0522847 0.055497 0.0570928 0.057382 0.0567145 0.0554163 0.0537753 0.0520351 0.050381 0.0489059 0.0475514 0.0460464 0.0439105 0.040592 0.0357363 0.0294544 0.0223935
 0.00564601 0.00924871 0.0140669 0.0201103 0.0272229 0.034967 0.0426014 0.0492709 0.0543213 0.0575056 0.0589516 0.0589845 0.0579726 0.0562592 0.0541461 0.0518886 0.0496834 0.0476416 0.0457384 0.0437575 0.0412886 0.0378466 0.0331112 0.0271717 0.0205978
 0.00589802 0.00965833 0.0146835 0.0209804 0.0283821 0.0364274 0.0443372 0.0512123 0.0563626 0.0595239 0.0608254 0.0606058 0.0592521 0.0571261 0.0545454 0.0517765 0.0490254 0.0464169 0.0439546 0.0414735 0.0386359 0.0350319 0.0303873 0.0247785 0.0186991
 0.00612121 0.0100285 0.0152541 0.0218055 0.0295051 0.0378637 0.0460574 0.0531373 0.0583776 0.0615021 0.0626489 0.0621763 0.0604905 0.0579695 0.0549433 0.0516875 0.0484151 0.0452621 0.0422561 0.0392789 0.0360629 0.0322758 0.0276952 0.022393 0.0167924
 0.00637245 0.0104371 0.0158695 0.0226745 0.0306635 0.039323 0.0477899 0.0550693 0.0603971 0.0634787 0.0644552 0.0637032 0.0616555 0.0587166 0.0552372 0.0515045 0.0477366 0.0440746 0.0405629 0.0371221 0.0335487 0.0295844 0.0250608 0.0200504 0.0149123
 0.00659357 0.0108021 0.0164287 0.0234778 0.0317499 0.0407045 0.0494356 0.0569015 0.0623035 0.0653355 0.0661468 0.0651327 0.0627467 0.0594135 0.0555021 0.0513144 0.0470786 0.0429437 0.0389688 0.0351065 0.0312081 0.0270813 0.022608 0.0178641 0.0131522
 0.00682416 0.0111789 0.0169995 0.0242881 0.0328344 0.0420725 0.0510565 0.0586986 0.0641644 0.0671323 0.0677588 0.0664606 0.0637188 0.0599845 0.0556482 0.0510264 0.0463553 0.0417906 0.0374035 0.0331738 0.0289985 0.0247417 0.0203288 0.0158384 0.0115228
 0.00703791 0.0115307 0.0175366 0.0250567 0.0338694 0.0433826 0.0526088 0.0604145 0.0659309 0.068825 0.0692626 0.067682 0.0645901 0.0604636 0.0557158 0.0506802 0.0456043 0.0406511 0.0359022 0.0313594 0.0269569 0.0226048 0.0182635 0.0140121 0.0100583
 0.00725917 0.0118921 0.0180836 0.0258318 0.0349036 0.0446812 0.0541369 0.0620921 0.067644 0.0704471 0.0706769 0.0687957 0.0653401 0.0608163 0.0556625 0.0502307 0.0447795 0.0394793 0.0344207 0.0296223 0.0250473 0.0206415 0.0163911 0.0123724 0.00875215
 0.00742802 0.0121734 0.0185194 0.0264651 0.035769 0.0457904 0.0554641 0.0635696 0.0691715 0.0719118 0.071972 0.0698328 0.0660545 0.0611688 0.0556383 0.0498355 0.0440346 0.038417 0.0330834 0.0280678 0.0233561 0.0189205 0.0147648 0.0109588 0.0076328
 0.00749793 0.0122911 0.0187051 0.0267424 0.0361635 0.0463244 0.0561505 0.0644043 0.0701293 0.0729449 0.0730132 0.0708025 0.0668714 0.0617611 0.0559519 0.0498387 0.0437183 0.0377928 0.032183 0.0269432 0.0220823 0.0175944 0.0134957 0.00984812 0.00675009
 0.0075949 0.0124377 0.0189054 0.0269947 0.0364625 0.0466665 0.0565359 0.0648373 0.0706153 0.0734855 0.0736003 0.0714132 0.0674654 0.0622831 0.05634 0.0500352 0.0436798 0.0374983 0.0316374 0.0261794 0.0211611 0.0165999 0.0125235 0.00898686 0.00606085
 0.00766445 0.0125478 0.019065 0.0272087 0.0367292 0.0469753 0.0568668 0.0651649 0.0709185 0.073757 0.0738502 0.0716613 0.0677276 0.0625576 0.0566012 0.0502375 0.043769 0.0374263 0.0313759 0.0257298 0.0205576 0.0159055 0.0118175 0.00834579 0.00553986
 0.00771852 0.0126319 0.0191847 0.0273663 0.0369243 0.0472034 0.0571187 0.0654258 0.0711696 0.0739799 0.0740327 0.0718026 0.0678381 0.0626534 0.0566934 0.0503214 0.0438209 0.0374086 0.0312511 0.025476 0.0201804 0.0154407 0.0113221 0.00788128 0.00515409
 0.00775262 0.0126816 0.0192487 0.0274405 0.0370026 0.0472811 0.0571943 0.0655016 0.0712496 0.0740676 0.0741292 0.0719058 0.0679443 0.0627592 0.0567968 0.0504194 0.0439041 0.0374579 0.0312403 0.0253813 0.019993 0.0151745 0.0110125 0.0075736 0.00488813
 0.00781335 0.0127706 0.0193644 0.0275744 0.0371413 0.0474094 0.0572986 0.0655727 0.0712844 0.074071 0.0741124 0.0718835 0.0679291 0.0627589 0.0568125 0.0504469 0.0439348 0.0374788 0.0312338 0.0253295 0.0198842 0.0150111 0.0108131 0.00736738 0.00470407
 0.00784779 0.0128288 0.0194554 0.0277061 0.0373168 0.0476213 0.0575265 0.0657849 0.0714475 0.0741611 0.0741234 0.0718269 0.0678285 0.0626403 0.0566977 0.0503487 0.0438565 0.0374147 0.0311722 0.0252561 0.0197874 0.0148874 0.01067 0.00722113 0.00457297
 0.00789129 0.0128932 0.019541 0.02781 0.0374347 0.0477503 0.0576653 0.0659313 0.0715945 0.074294 0.0742223 0.0718735 0.0678142 0.0625701 0.0565883 0.050222 0.0437311 0.0373014 0.0310721 0.0251629 0.0196927 0.0147858 0.0105627 0.00711573 0.00447968
 0.00789191 0.0128941 0.0195422 0.0278111 0.0374349 0.0477487 0.0576615 0.0659271 0.0715949 0.0743064 0.0742536 0.0719247 0.0678779 0.062633 0.0566368 0.0502486 0.0437367 0.0372916 0.0310529 0.0251367 0.0196584 0.0147417 0.0105098 0.00705888 0.00442597
 0.00788383 0.0128771 0.0195098 0.0277555 0.03735 0.0476338 0.0575246 0.0657844 0.0714671 0.074213 0.0742084 0.0719342 0.0679406 0.0627393 0.0567706 0.0503909 0.04387 0.0374044 0.0311401 0.0251978 0.0196951 0.0147565 0.0105063 0.00704274 0.00440403
 0.00787938 0.012865 0.0194824 0.0277028 0.0372614 0.0475028 0.0573524 0.0655825 0.0712559 0.074019 0.0740582 0.0718493 0.0679328 0.0628083 0.0569046 0.0505694 0.0440688 0.0376004 0.0313151 0.025341 0.0198022 0.0148285 0.0105481 0.00706158 0.00440792
 0.00788877 0.0128782 0.0194981 0.0277175 0.037269 0.0474949 0.057319 0.0655149 0.07115 0.0738792 0.0738991 0.0716936 0.0678061 0.0627323 0.0568912 0.0506182 0.0441678 0.0377301 0.031454 0.0254703 0.0199091 0.0149075 0.0105997 0.00709042 0.00442076
 0.00788635 0.0128722 0.0194852 0.0276935 0.03723 0.0474386 0.0572464 0.0654295 0.0710566 0.0737818 0.0738012 0.0716001 0.0677249 0.0626747 0.0568697 0.0506417 0.0442377 0.0378386 0.0315857 0.0256066 0.0200333 0.0150082 0.0106726 0.00713738 0.00444731
 0.00788015 0.0128632 0.0194737 0.0276798 0.0372141 0.0474194 0.0572211 0.0653949 0.0710104 0.0737243 0.0737353 0.0715309 0.0676581 0.0626169 0.0568284 0.0506248 0.0442518 0.0378856 0.031661 0.0256993 0.0201293 0.0150945 0.010741 0.00718518 0.00447682
 0.00784127 0.0127995 0.0193771 0.027544 0.0370369 0.0472063 0.0569883 0.0651671 0.0708154 0.0735844 0.073662 0.0715236 0.0677078 0.0627106 0.0569532 0.0507703 0.0444107 0.0380532 0.0318323 0.0258673 0.0202851 0.0152288 0.0108471 0.0072615 0.0045263
 0.00781846 0.0127592 0.0193106 0.0274412 0.0368891 0.04701 0.0567493 0.0649026 0.0705516 0.073352 0.0734891 0.0714298 0.0677003 0.0627838 0.0570916 0.0509539 0.04462 0.0382719 0.0320481 0.0260708 0.0204677 0.0153836 0.0109694 0.00735041 0.0045852
 0.00779453 0.0127197 0.0192499 0.0273534 0.0367686 0.0468533 0.0565571 0.0646814 0.0703148 0.0731187 0.0732829 0.0712747 0.0676166 0.0627828 0.0571732 0.0511063 0.0448237 0.0385041 0.0322876 0.0262998 0.0206733 0.0155568 0.0111057 0.00744964 0.00465145
 0.00777428 0.0126841 0.0191916 0.0272639 0.036641 0.0466852 0.0563532 0.0644543 0.070082 0.072899 0.073093 0.0711292 0.0675278 0.0627609 0.0572235 0.0512276 0.0450059 0.0387298 0.0325346 0.0265459 0.0208993 0.0157495 0.0112579 0.00756071 0.0047258
 0.00775041 0.0126458 0.0191349 0.027185 0.0365367 0.0465534 0.0561945 0.0642733 0.0698878 0.0727051 0.0729155 0.0709839 0.0674284 0.0627171 0.057241 0.0513074 0.0451439 0.0389155 0.0327519 0.0267744 0.0211185 0.0159422 0.0114136 0.00767598 0.00480376
 0.00932625 0.0148505 0.0217933 0.0299143 0.0388578 0.0480696 0.0567313 0.0639041 0.0688507 0.0712806 0.0713389 0.0694145 0.0659588 0.0613962 0.0560921 0.0503391 0.0443555 0.0382989 0.0322921 0.0264504 0.0209049 0.0158118 0.0113409 0.00763965 0.00478798
 0.00930543 0.0151091 0.0226978 0.0319193 0.042308 0.0529319 0.0624257 0.0693985 0.0730282 0.0733809 0.0712087 0.0674483 0.0628262 0.0577548 0.0524257 0.0469328 0.0413452 0.0357334 0.030175 0.0247616 0.0196089 0.0148616 0.0106803 0.00720786 0.00452487
 0.0089827 0.0145995 0.0219805 0.0310416 0.0414392 0.0523998 0.0626783 0.0708429 0.0757858 0.0771051 0.0751283 0.0706603 0.064673 0.0580521 0.0514314 0.045134 0.0392296 0.0336566 0.0283381 0.0232479 0.0184304 0.0139922 0.0100746 0.00681201 0.00428402
 0.00878006 0.0142668 0.0214746 0.0303234 0.0404892 0.0512476 0.0614412 0.0697536 0.0751749 0.0773115 0.0763464 0.0727961 0.0673102 0.0605865 0.0533147 0.0460832 0.039283 0.0330752 0.0274461 0.0223105 0.0176076 0.0133496 0.00961637 0.00651066 0.00410109
 0.00873769 0.0141818 0.0213162 0.0300516 0.0400627 0.0506377 0.0606491 0.0688256 0.0742145 0.0764833 0.0758612 0.0728599 0.0680365 0.0619104 0.0549726 0.0476959 0.0405085 0.0337391 0.0275759 0.0220711 0.0171989 0.0129289 0.00927006 0.00626486 0.00394599
 0.00869933 0.0141218 0.0212292 0.0299311 0.0398982 0.0504124 0.0603408 0.068414 0.0736942 0.0758805 0.0752474 0.0723539 0.0677836 0.0620355 0.0555182 0.048579 0.041532 0.0346663 0.0282277 0.0223881 0.0172362 0.0128003 0.00908645 0.00609824 0.0038255
 0.0086874 0.0141024 0.0212 0.0298899 0.0398428 0.0503404 0.0602484 0.0682938 0.073534 0.0756653 0.074969 0.072025 0.0674512 0.0617809 0.0554345 0.0487297 0.0419111 0.0351873 0.0287559 0.0228007 0.0174716 0.0128697 0.00904759 0.00601597 0.00374533
 0.00869068 0.0141071 0.0212058 0.0298957 0.0398469 0.0503403 0.0602407 0.0682741 0.0734963 0.0756021 0.0748711 0.071885 0.0672703 0.0615779 0.0552505 0.0486202 0.0419232 0.0353328 0.028998 0.023068 0.0176922 0.013003 0.00909409 0.00600426 0.00370961
 0.00867163 0.014079 0.0211687 0.0298518 0.0397995 0.0502932 0.0601971 0.0682364 0.0734654 0.0755766 0.0748474 0.0718563 0.0672295 0.0615206 0.0551815 0.0485573 0.0418941 0.035363 0.0290952 0.0232134 0.017848 0.0131312 0.00917407 0.00603742 0.00371165
 0.00865413 0.0140515 0.0211294 0.0297998 0.039736 0.0502219 0.0601243 0.0681704 0.0734143 0.0755457 0.0748369 0.0718619 0.0672433 0.061534 0.0551884 0.0485577 0.041896 0.0353803 0.0291402 0.0232884 0.0179417 0.0132236 0.00924664 0.00608209 0.00373144
 0.00867792 0.014086 0.0211735 0.0298497 0.0397856 0.0502645 0.0601543 0.0681839 0.0734098 0.0755244 0.0748023 0.0718186 0.0671952 0.0614836 0.0551367 0.0485057 0.0418467 0.03534 0.0291169 0.0232876 0.0179622 0.0132571 0.00928156 0.00610914 0.00374716
 0.00866579 0.0140721 0.0211631 0.0298506 0.0398054 0.0503061 0.0602132 0.0682484 0.0734657 0.0755599 0.0748123 0.0718046 0.0671634 0.0614413 0.0550899 0.0484587 0.0418026 0.0353018 0.0290884 0.0232725 0.0179616 0.0132683 0.00929876 0.00612596 0.00375947
 0.00863882 0.0140261 0.0210904 0.0297446 0.0396643 0.0501376 0.0600365 0.0680916 0.0733563 0.075515 0.0748325 0.0718766 0.0672672 0.0615582 0.0552066 0.0485673 0.0418994 0.035386 0.0291609 0.0233351 0.0180163 0.0133159 0.00933868 0.00615698 0.00378111
 0.00863793 0.0140235 0.021084 0.0297312 0.039639 0.0500947 0.0599716 0.0680041 0.0732528 0.0754096 0.0747444 0.0718232 0.0672573 0.0615894 0.0552676 0.0486437 0.0419789 0.0354603 0.0292263 0.023391 0.0180635 0.0133553 0.0093706 0.0061815 0.00379845
 0.0086191 0.0139962 0.0210491 0.0296913 0.0395977 0.0500546 0.059933 0.0679651 0.07321 0.0753613 0.0746921 0.0717736 0.0672208 0.0615766 0.0552843 0.0486885 0.0420438 0.0355347 0.0293002 0.0234578 0.0181201 0.0134009 0.00940577 0.00620724 0.00381606
 0.0086191 0.0139962 0.0210491 0.0296913 0.0395977 0.0500546 0.059933 0.0679651 0.07321 0.0753613 0.0746921 0.0717736 0.0672208 0.0615766 0.0552843 0.0486885 0.0420438 0.0355347 0.0293002 0.0234578 0.0181201 0.0134009 0.00940577 0.00620724 0.00381606
 0.00888911 0.0144201 0.0216573 0.0304968 0.0405879 0.051182 0.0611079 0.0690611 0.0740884 0.0759058 0.0748386 0.071522 0.0666282 0.0607378 0.0543092 0.0476805 0.0410848 0.0346785 0.0285744 0.0228701 0.017665 0.0130652 0.00917166 0.00605419 0.0037231
 0.00873753 0.0142127 0.0214181 0.0302747 0.0404459 0.0511783 0.0612775 0.0694061 0.0745765 0.0764757 0.0754102 0.0720115 0.0669666 0.0608869 0.0542689 0.047485 0.0407888 0.0343408 0.0282442 0.0225798 0.0174303 0.0128887 0.00904783 0.00597329 0.00367417
 0.00869527 0.0141184 0.0212319 0.0299521 0.0399595 0.0505462 0.0605819 0.0687819 0.0741686 0.0763843 0.0756547 0.0725294 0.0676419 0.0615902 0.0548922 0.0479616 0.0410986 0.0345017 0.0282959 0.0225666 0.017389 0.0128434 0.00901025 0.00594692 0.00365787
 0.00881301 0.0143047 0.0214999 0.0303024 0.0403716 0.0509701 0.0609403 0.0689905 0.0741721 0.0761894 0.0753348 0.0721923 0.0673799 0.0614429 0.0548409 0.0479519 0.0410736 0.0344263 0.0281651 0.022399 0.0172131 0.0126847 0.00888401 0.00585713 0.00360035
#pred catch len freq
 0.00342149 0.00548518 0.00814646 0.0114101 0.0153018 0.0198371 0.0249565 0.0304932 0.036198 0.0417905 0.0470032 0.0516196 0.0555031 0.0585994 0.0609075 0.0624395 0.0631932 0.063137 0.0621874 0.060172 0.0568137 0.0518081 0.0450267 0.0367577 0.0277917
 0.0037151 0.00589435 0.00864036 0.0119285 0.0157859 0.0202704 0.0253841 0.0309974 0.036835 0.0425272 0.0476982 0.0520667 0.0555169 0.0580998 0.0599623 0.0612487 0.0620211 0.0622176 0.0616408 0.0599692 0.0568089 0.0518218 0.0449337 0.0365308 0.0274852
 0.00386767 0.00616667 0.00909017 0.0126117 0.0167294 0.0214391 0.0266681 0.0322403 0.0378998 0.0433536 0.0483049 0.0524908 0.0557433 0.0580416 0.0595149 0.0603762 0.0608103 0.0608592 0.0603489 0.05889 0.0559741 0.05117 0.0443772 0.0360169 0.0270152
 0.00405945 0.0064635 0.00951416 0.0131867 0.0174915 0.0224422 0.0279687 0.0338569 0.0397643 0.045292 0.0500743 0.0538618 0.0565727 0.058288 0.0591997 0.059541 0.059514 0.0592049 0.0584955 0.0570209 0.0542415 0.0496578 0.0431068 0.0349801 0.0262015
 0.00428988 0.00682589 0.0100371 0.0138898 0.0183854 0.0235294 0.0292453 0.0353158 0.0413956 0.0470698 0.0519285 0.0556518 0.0580932 0.0593186 0.0595719 0.0591831 0.0584547 0.0575524 0.0564147 0.0547125 0.0519133 0.0474905 0.0412276 0.033456 0.0250473
 0.0045013 0.00716722 0.0105475 0.0146074 0.0193436 0.0247494 0.030725 0.0370206 0.0432582 0.0490009 0.05383 0.0574242 0.0596294 0.0604923 0.0602383 0.059204 0.0577416 0.0561045 0.0543337 0.0521885 0.0491912 0.0448245 0.0388356 0.0314846 0.0235564
 0.00466887 0.00744202 0.0109674 0.0152138 0.0201799 0.0258541 0.0321204 0.0386989 0.0451714 0.0510578 0.0559041 0.0593709 0.0613077 0.0617786 0.0610264 0.0593982 0.0572599 0.0549014 0.0524356 0.0497203 0.0463736 0.041937 0.0361558 0.0292265 0.0218295
 0.0049264 0.00784039 0.0115313 0.0159588 0.021118 0.027 0.0334902 0.0402997 0.0469859 0.0530301 0.0579349 0.0613249 0.0630317 0.0631248 0.0618691 0.0596408 0.0568333 0.0537678 0.050606 0.0472832 0.0435142 0.0389237 0.0332879 0.0267603 0.0199165
 0.00522179 0.00830209 0.0121921 0.0168386 0.022223 0.0283222 0.0350047 0.041964 0.0487437 0.054819 0.0596887 0.0629697 0.06448 0.0642737 0.0626086 0.0598657 0.0564567 0.0527339 0.0489073 0.0449838 0.0407695 0.035978 0.0304334 0.0242651 0.0179545
 0.00554899 0.00881495 0.0129294 0.0178265 0.0234741 0.029833 0.0367476 0.0438789 0.0507371 0.0567742 0.0614849 0.0645018 0.0656707 0.065073 0.0629805 0.059773 0.0558545 0.051578 0.0471784 0.04272 0.0380941 0.0331043 0.0276313 0.0217953 0.0159954
 0.00587741 0.00933398 0.0136841 0.0188523 0.0247947 0.0314558 0.0386524 0.0460064 0.0529839 0.0589994 0.0635272 0.0662039 0.0669058 0.0657639 0.0631028 0.0593399 0.0548923 0.05011 0.0452282 0.0403365 0.035385 0.0302522 0.0248743 0.0193696 0.0140681
 0.00619902 0.00983802 0.0144092 0.0198262 0.0260355 0.0329705 0.0404301 0.0480068 0.0551282 0.0611695 0.0655742 0.067966 0.0682327 0.0665418 0.0632702 0.0588899 0.0538599 0.0485534 0.0432163 0.0379539 0.0327501 0.0275331 0.0222778 0.0170995 0.012268
 0.0064467 0.0102397 0.0150127 0.0206775 0.0271728 0.0344136 0.0421662 0.0499808 0.0572438 0.0632991 0.067573 0.0696865 0.0695395 0.0673258 0.0634621 0.0584663 0.0528425 0.0470006 0.0412142 0.0356118 0.030205 0.024953 0.0198509 0.0150006 0.0106154
 0.00671431 0.0106531 0.0155968 0.0214471 0.0281383 0.0355863 0.043555 0.0515788 0.0590103 0.065148 0.0693761 0.0712926 0.0708023 0.0681284 0.0637297 0.0581687 0.0519898 0.0456388 0.0394212 0.0334961 0.0279053 0.0226337 0.0176856 0.0131423 0.00916149
 0.00705364 0.0111764 0.0163319 0.0224017 0.0293009 0.036929 0.0450341 0.0531352 0.0605744 0.0666473 0.0707388 0.0724455 0.0716687 0.0686327 0.0638091 0.0577857 0.05114 0.0443527 0.0377625 0.0315611 0.0258208 0.0205497 0.0157575 0.0115021 0.00788844
 0.0073467 0.0116414 0.0170103 0.0233245 0.0304835 0.0383615 0.0466707 0.0548876 0.0623197 0.0682486 0.072071 0.0734166 0.0722289 0.0687703 0.0635369 0.0571274 0.0501239 0.043014 0.0361523 0.0297548 0.0239215 0.0186826 0.0140525 0.0100675 0.0067854
 0.00748329 0.0118704 0.0173692 0.0238558 0.0312302 0.0393565 0.047921 0.05636 0.0639328 0.0698761 0.0735591 0.0746126 0.0730138 0.0690822 0.0633753 0.056538 0.0491754 0.0417797 0.034704 0.028168 0.0222838 0.0170947 0.0126174 0.00886985 0.005871
 0.00746811 0.0118593 0.0173794 0.023917 0.0313839 0.0396517 0.048406 0.0570704 0.064876 0.0710171 0.074813 0.0758525 0.0740938 0.0698693 0.0637784 0.0565234 0.0487644 0.0410328 0.0337026 0.0270014 0.0210447 0.0158772 0.0115105 0.00794371 0.00516338
 0.00743476 0.0118086 0.0173106 0.0238344 0.0312992 0.0395871 0.0483962 0.0571604 0.0651141 0.0714405 0.0754324 0.0766384 0.0749725 0.0707319 0.064503 0.0570038 0.0489346 0.0408788 0.0332585 0.0263363 0.0202469 0.0150408 0.0107222 0.00727074 0.00464314
 0.00748761 0.0118773 0.0173826 0.0238882 0.0313114 0.0395437 0.0483024 0.0570435 0.0650182 0.0714168 0.0755266 0.0768795 0.0753614 0.0712348 0.065052 0.0575086 0.0493041 0.0410444 0.033192 0.0260544 0.0198041 0.0145131 0.0101888 0.00679658 0.0042679
 0.00756509 0.0119768 0.0174827 0.0239506 0.0312892 0.0393962 0.0480105 0.0566203 0.0645117 0.0709047 0.0751028 0.076633 0.0753535 0.0714807 0.0655151 0.058108 0.0499336 0.0415975 0.0335862 0.0262493 0.0198061 0.0143672 0.00995983 0.00654921 0.00404995
 0.00745701 0.0118281 0.0173071 0.023773 0.0311323 0.0392628 0.0478738 0.0564329 0.0642316 0.0705247 0.0746663 0.0762259 0.0750767 0.0714165 0.0657 0.058522 0.0505058 0.0422264 0.0341675 0.0267022 0.0200912 0.0144894 0.00995765 0.00647562 0.00395353
 0.00748513 0.0118612 0.0173348 0.0237814 0.0311115 0.0392161 0.0478194 0.0563934 0.0642146 0.0705089 0.0746082 0.0760868 0.074854 0.0711557 0.0654785 0.0584142 0.0505493 0.0424081 0.0344317 0.0269759 0.0203119 0.0146237 0.0100058 0.00646136 0.00390846
 0.00764508 0.0120986 0.0176493 0.0241559 0.0315148 0.0396094 0.0481634 0.0566557 0.0643753 0.070563 0.0745603 0.0759412 0.0746107 0.0708182 0.0650691 0.057981 0.0501556 0.0421072 0.0342456 0.0268893 0.0202855 0.0146162 0.00999035 0.00643062 0.00386882
