SBPRF35
7.78865
Curr Bio
653163
B35
728193
F35
0.229285
FOFL
0.217364
OFL
112704
Bzero
2.22533e+06
#pred survey bio
 4.59503e+06 4.2992e+06 4.03124e+06 3.74348e+06 3.4338e+06 3.11331e+06 2.77333e+06 2.48216e+06 2.23425e+06 2.00004e+06 1.77172e+06 1.52288e+06 1.33717e+06 1.1724e+06 1.04206e+06 924491 824908 752585 696073 657450 627458 610808 596041 599356 576467 573403 574115 585658 592305 587496 583254 583814 587147 567785 561613 545782 531332 533509 542478 547734 558053 563296 559302 561953 569204 564219 570010 577683 594070 618223 649451 2.40867e+07 1.4738e+07 1.50282e+07 1.53884e+07 1.57746e+07 1.61356e+07 1.64458e+07 1.66986e+07 1.68974e+07 1.70503e+07 1.71663e+07 1.72536e+07 1.73191e+07 1.73683e+07 1.74052e+07 1.74331e+07 1.74541e+07 1.747e+07 1.74822e+07 1.74914e+07 1.74985e+07 1.7504e+07 1.75081e+07 1.75113e+07 1.75138e+07 1.75157e+07 1.75172e+07 1.75183e+07 1.75192e+07 1.75198e+07 1.75204e+07 1.75208e+07 1.75211e+07 1.75213e+07 1.75215e+07 1.75216e+07 1.75218e+07 1.75218e+07 1.75219e+07 1.7522e+07 1.7522e+07 1.7522e+07 1.75221e+07 1.75221e+07 1.75221e+07 1.75221e+07 1.75221e+07 1.75221e+07 1.75221e+07 1.75221e+07 1.75221e+07 1.75221e+07 1.75221e+07 1.75221e+07 1.75221e+07 1.75221e+07 1.75221e+07 1.75221e+07 1.75221e+07 1.75221e+07 1.75221e+07 1.75221e+07 1.75221e+07 1.75221e+07 1.75221e+07 1.75221e+07 1.75221e+07 1.75221e+07 1.75221e+07 1.75221e+07 1.75221e+07 1.75221e+07 1.75221e+07 1.75221e+07 1.75221e+07 1.75221e+07 1.75221e+07 1.75221e+07 1.75221e+07 1.75221e+07 1.75221e+07 1.75221e+07 1.75221e+07 1.75221e+07 1.75221e+07 1.75221e+07 1.75221e+07 1.75221e+07 1.75221e+07 1.75221e+07 1.75221e+07 1.75221e+07 1.75221e+07 1.75221e+07 1.75221e+07 1.75221e+07 1.75221e+07 1.75221e+07 1.75221e+07 1.75221e+07 0 0 0 0 0 0 0 0 0 0 0 0 0 0 0 0 0 0 0 0 0 0 0 0 0
#obs survey bio
 3.75355e+06 3.71390e+06 4.041e+06 2.48571e+06 2.5269e+06 3.18746e+06 2.56977e+06 2.01649e+06 1.92299e+06 2.13580e+06 1.50518e+06 1.32488e+06 895671 966983 1.45438e+06 586884 615693 538663 600085 733652 613721 488256 523341 693591 483676 573660 518692 500721 762728 628708 518087 597660 742405 735218 619936 499402 662351 506235 730666 696210 399514 517331 516027 573685 647617 567624 469541 325373 513569 608510 709257
#pred catch bio
 99914.5 96957.6 143724 195656 239423 291798 280354 270349 283134 298420 331949 286159 273732 245922 234608 217525 192174 176117 157043 145305 130492 126209 108913 128327 108992 104807 95428.7 99426.2 107502 104609 98409.1 93787.6 109254 93091.4 96624.4 93151 82016.2 81991.9 88593.3 85367.6 89858.2 96893.8 90493.6 86760.4 97605.6 90051.8 92533.7 91268.9 91657.1 92547.8 91642.4 112704 119959 121332 123117 125281 127355 129091 130434 131419 132115 132593 132913 133125 133263 133352 133408 133444 133467 133481 133490 133496 133499 133501 133503 133503 133504 133504 133505 133505 133505 133505 133505 133505 133505 133505 133505 133505 133505 133505 133505 133505 133505 133505 133505 133505 133505 133505 133505 133505 133505 133505 133505 133505 133505 133505 133505 133505 133505 133505 133505 133505 133505 133505 133505 133505 133505 133505 133505 133505 133505 133505 133505 133505 133505 133505 133505 133505 133505 133505 133505 133505 133505 133505 133505 133505 133505 133505 133505 133505 133505 133505 133505 133505 133505 133505 133505 133505 133505 133505 133505 0 0 0 0 0 0 0 0 0 0 0 0 0 0 0 0 0 0 0 0 0 0 0 0 0
#obs catch bio
 0 96694.7 144094 196688 241266 295019 283506 273770 287221 303605 340137 292234 281021 251169 238160 221747 195586 180416 161153 147690 132437 128403 110079 130224 109820 105938 96027.3 100316 108487 105131 98975.8 94036.3 109871 93113.1 96286.4 92945.6 81285.1 81738.8 88227.2 84570.6 89105.6 96042.9 89533.8 85832.8 96497 88904.1 91700.8 91300 92160.1 92837.2 91592.1
#pred cpue bio
 4.51405e+06 4.22093e+06 3.95482e+06 3.66789e+06 3.35987e+06 3.0413e+06 2.70356e+06 2.41406e+06 2.16743e+06 1.93478e+06 1.70863e+06 1.4632e+06 1.28024e+06 1.11846e+06 990883 876092 778845 708299 653624 616940 588776 573187 559299 562995 541438 538721 539609 550936 557646 553530 549960 551001 554932 537111 532247 517850 503495 503765 510866 515815 526227 531629 528010 530669 537643 532580 537500 543640 557896 579936 609161 2.2627e+07 1.38674e+07 1.41387e+07 1.44641e+07 1.48359e+07 1.51934e+07 1.55029e+07 1.57555e+07 1.59543e+07 1.61072e+07 1.62232e+07 1.63106e+07 1.63761e+07 1.64252e+07 1.64622e+07 1.649e+07 1.6511e+07 1.6527e+07 1.65391e+07 1.65484e+07 1.65555e+07 1.65609e+07 1.65651e+07 1.65683e+07 1.65707e+07 1.65726e+07 1.65741e+07 1.65752e+07 1.65761e+07 1.65768e+07 1.65773e+07 1.65777e+07 1.6578e+07 1.65783e+07 1.65784e+07 1.65786e+07 1.65787e+07 1.65788e+07 1.65789e+07 1.65789e+07 1.65789e+07 1.6579e+07 1.6579e+07 1.6579e+07 1.6579e+07 1.6579e+07 1.65791e+07 1.65791e+07 1.65791e+07 1.65791e+07 1.65791e+07 1.65791e+07 1.65791e+07 1.65791e+07 1.65791e+07 1.65791e+07 1.65791e+07 1.65791e+07 1.65791e+07 1.65791e+07 1.65791e+07 1.65791e+07 1.65791e+07 1.65791e+07 1.65791e+07 1.65791e+07 1.65791e+07 1.65791e+07 1.65791e+07 1.65791e+07 1.65791e+07 1.65791e+07 1.65791e+07 1.65791e+07 1.65791e+07 1.65791e+07 1.65791e+07 1.65791e+07 1.65791e+07 1.65791e+07 1.65791e+07 1.65791e+07 1.65791e+07 1.65791e+07 1.65791e+07 1.65791e+07 1.65791e+07 1.65791e+07 1.65791e+07 1.65791e+07 1.65791e+07 1.65791e+07 1.65791e+07 1.65791e+07 1.65791e+07 1.65791e+07 1.65791e+07 1.65791e+07 1.65791e+07 1.65791e+07 0 0 0 0 0 0 0 0 0 0 0 0 0 0 0 0 0 0 0 0 0 0 0 0 0
#obs cpue bio
 3.3908e+06 4.45191e+06 2.45654e+06 3.44315e+06 3.02432e+06 3.09006e+06 2.09250e+06 2.14564e+06 2.27052e+06 1.35174e+06 1.48586e+06 1.24824e+06 1.17321e+06 1.26814e+06 857808 870964 805147 514070 436468 689074 456674 520237 559626 490826 629357 398331 610883 497330 431657 603593 512895 564663 471781 445515 765919 548898 705224 360674 493251 631697 779845 725820 735882 584447 659911 629762 585931 453756 403208 682314 714995
#pred surv len freq
 0.00464763 0.00748395 0.0111557 0.0156294 0.0208231 0.0265479 0.03246 0.0381161 0.0431204 0.0472462 0.0504524 0.052825 0.0545109 0.0556675 0.056421 0.056839 0.056926 0.056631 0.0558372 0.0543242 0.0517433 0.0476899 0.0419147 0.0345857 0.0264018
 0.00501077 0.00799325 0.011777 0.0162932 0.02146 0.0271363 0.0330493 0.0387987 0.0439604 0.0482094 0.0513868 0.0535104 0.0547514 0.0553758 0.0556551 0.0557777 0.0557998 0.0556371 0.0550721 0.0537637 0.0512789 0.0472031 0.0413457 0.0339584 0.0257956
 0.00514691 0.00825471 0.0122391 0.0170364 0.0225339 0.0285152 0.0346098 0.0403501 0.0453225 0.0492869 0.0521824 0.054066 0.0550703 0.0553933 0.0552814 0.0549765 0.0546377 0.0542687 0.0536732 0.0524578 0.0501054 0.0461402 0.0403643 0.0330628 0.0250243
 0.00532285 0.00852511 0.012622 0.0175512 0.0232132 0.0294119 0.0357848 0.0418343 0.0470688 0.0511469 0.0539365 0.0554975 0.0560338 0.0558327 0.0551981 0.0543921 0.0535902 0.0528348 0.0519793 0.0506566 0.0483339 0.0444932 0.0388985 0.031816 0.0240254
 0.0055301 0.0088577 0.013114 0.0182302 0.0240954 0.0304963 0.0370512 0.0432491 0.0485962 0.0527504 0.0555618 0.0570468 0.0573594 0.0567665 0.0556001 0.0541869 0.0527758 0.0514724 0.0501822 0.0485787 0.0461508 0.0423754 0.0369874 0.0302102 0.022775
 0.00577636 0.00924864 0.0136857 0.0190124 0.025109 0.031748 0.0385243 0.0448963 0.0503407 0.0544988 0.0572211 0.0585348 0.0586014 0.0576813 0.0560919 0.0541557 0.0521462 0.0502255 0.0483745 0.0463429 0.0436783 0.0398856 0.0346892 0.0282641 0.0212671
 0.00609648 0.00975531 0.0144232 0.0200143 0.0263945 0.0333157 0.0403426 0.046897 0.0524224 0.0565403 0.0590979 0.0601341 0.0598327 0.058479 0.0564072 0.0539449 0.0513661 0.0488476 0.0464146 0.04389 0.0409052 0.0370296 0.032005 0.0259654 0.0194792
 0.00640329 0.0102417 0.0151329 0.0209818 0.0276416 0.0348454 0.0421293 0.0488792 0.0545053 0.0586064 0.0610217 0.061796 0.0611291 0.0593294 0.0567556 0.0537542 0.0506108 0.0475137 0.0445147 0.0414908 0.0381518 0.0341437 0.0292475 0.0235726 0.0176015
 0.00665785 0.0106516 0.015743 0.021833 0.0287651 0.0362536 0.0438036 0.050763 0.0565072 0.060613 0.0629119 0.063453 0.0624491 0.0602274 0.0571682 0.0536384 0.0499403 0.0462788 0.042731 0.0392196 0.0355225 0.0313597 0.0265584 0.0212151 0.0157357
 0.00686666 0.0109956 0.01627 0.0225923 0.0298009 0.0375913 0.0454349 0.0526357 0.058527 0.0626562 0.0648426 0.0651398 0.0637796 0.0611162 0.0575586 0.0534977 0.0492539 0.0450475 0.0409778 0.037007 0.0329729 0.0286623 0.0239473 0.0189172 0.0139091
 0.00706175 0.0113164 0.0167607 0.0232995 0.0307682 0.0388487 0.0469843 0.054439 0.0605031 0.0646871 0.0667875 0.0668536 0.0651319 0.0620081 0.0579289 0.0533202 0.0485283 0.0437922 0.0392312 0.0348399 0.0305051 0.0260712 0.0214492 0.0167215 0.0121626
 0.00739391 0.0118431 0.0175293 0.0243476 0.0321195 0.0405062 0.0489184 0.0565787 0.062736 0.0668714 0.0687697 0.0684876 0.0662968 0.0626214 0.0579519 0.0527543 0.0474049 0.0421626 0.0371629 0.0324237 0.0278687 0.0233852 0.0189131 0.0145233 0.0104299
 0.00761537 0.0122012 0.0180653 0.0250999 0.0331184 0.0417648 0.0504212 0.0582746 0.0645418 0.068682 0.0704701 0.0699626 0.0674396 0.0633423 0.0581874 0.0524726 0.0466072 0.0408803 0.035456 0.0303819 0.0256164 0.0210815 0.0167363 0.0126373 0.00894396
 0.0078309 0.0125488 0.0185839 0.0258253 0.0340789 0.0429717 0.0518577 0.059888 0.0662443 0.0703623 0.0720093 0.0712499 0.0683847 0.063882 0.0582857 0.0521174 0.0458069 0.0396637 0.033875 0.0285169 0.0235807 0.0190184 0.0148028 0.010974 0.00764102
 0.00809468 0.0129523 0.0191449 0.0265466 0.0349523 0.0439842 0.0529924 0.0611183 0.0675282 0.0716385 0.0732003 0.0722703 0.0691536 0.0643345 0.0583799 0.0518357 0.0451531 0.0386604 0.0325646 0.0269659 0.0218846 0.017299 0.0131932 0.00959188 0.00656082
 0.00838133 0.0134082 0.0198111 0.027451 0.0361012 0.0453506 0.0545067 0.062672 0.0689946 0.072903 0.0741827 0.0729293 0.069477 0.0643262 0.0580525 0.051207 0.0442467 0.0375069 0.0312051 0.0254573 0.0203041 0.0157434 0.011767 0.00838596 0.00562913
 0.00864734 0.013829 0.0204228 0.0282806 0.0371624 0.0466368 0.0559801 0.0642542 0.0705682 0.0743273 0.0753198 0.0736732 0.0697747 0.0641829 0.0575182 0.0503541 0.0431492 0.03623 0.0298056 0.0239915 0.0188357 0.0143466 0.0105188 0.0073505 0.00484064
 0.0086986 0.0139323 0.0206155 0.0286106 0.0376777 0.0473691 0.056928 0.0653764 0.0717887 0.0755479 0.0764335 0.0745759 0.0703786 0.0644309 0.0573948 0.0498861 0.0423948 0.0352624 0.028699 0.0228158 0.0176579 0.0132327 0.0095309 0.00653698 0.0042251
 0.00863501 0.0138457 0.0205181 0.0285292 0.0376535 0.0474524 0.0571701 0.0658166 0.072439 0.0763797 0.0773749 0.0755239 0.0712205 0.0650677 0.0577578 0.0499452 0.0421587 0.0347721 0.0280172 0.022015 0.0168121 0.0124113 0.00879368 0.00592726 0.00376347
 0.00870056 0.0139185 0.0205666 0.0285069 0.0375164 0.0471848 0.0568051 0.0654374 0.072156 0.0762956 0.0775514 0.0759624 0.0718621 0.0658087 0.0584764 0.0505304 0.042533 0.0349025 0.0279141 0.0217228 0.0163952 0.0119404 0.00833363 0.00552745 0.00345167
 0.00882439 0.0141028 0.0208101 0.0287911 0.0378033 0.0474188 0.0569214 0.0653809 0.0719086 0.0758981 0.0771027 0.075589 0.0716705 0.0658454 0.0587148 0.0508866 0.0428999 0.0351845 0.0280517 0.0217007 0.0162372 0.0116949 0.0080565 0.005267 0.00323918
 0.00884315 0.0141342 0.0208585 0.0288601 0.0378927 0.0475209 0.0570173 0.0654402 0.071895 0.0757828 0.0768813 0.0752945 0.0713718 0.0656268 0.0586429 0.050982 0.0431277 0.0354707 0.0283134 0.0218758 0.0163005 0.0116575 0.00795306 0.00513846 0.00311871
 0.00881395 0.0140938 0.0208111 0.0288144 0.0378604 0.047513 0.0570401 0.0654921 0.071965 0.0758499 0.0769189 0.0752795 0.0712968 0.0655094 0.0585238 0.0509093 0.0431344 0.0355574 0.0284484 0.0220113 0.0163948 0.0116915 0.00793214 0.00508387 0.00305466
 0.0086945 0.0138982 0.0205152 0.0283982 0.0373159 0.0468555 0.0563172 0.0647824 0.0713621 0.0754375 0.076748 0.0753568 0.0715884 0.0659553 0.0590586 0.0514793 0.0437043 0.0361049 0.0289537 0.0224514 0.0167472 0.0119435 0.00808766 0.00516208 0.00308212
 0.00887502 0.0141688 0.0208786 0.0288383 0.0377978 0.0473289 0.0567216 0.0650565 0.0714583 0.0753387 0.0764749 0.0749622 0.0711385 0.0655107 0.0586617 0.0511526 0.0434554 0.0359328 0.0288508 0.0224037 0.0167351 0.011946 0.00808906 0.00515547 0.00306855
 0.00886453 0.014155 0.0208637 0.0288253 0.0377889 0.0473224 0.05671 0.0650273 0.0713985 0.07524 0.0763399 0.0748059 0.0709864 0.0653913 0.0585982 0.0511552 0.0435203 0.0360452 0.028991 0.0225518 0.0168737 0.0120619 0.00817484 0.00521058 0.00309827
 0.00891356 0.0142161 0.0209216 0.0288554 0.0377652 0.0472293 0.0565515 0.0648264 0.0711875 0.0750478 0.0761832 0.0746898 0.0709096 0.0653528 0.0585998 0.0512005 0.0436096 0.0361726 0.0291438 0.0227129 0.017026 0.0121918 0.00827461 0.00527907 0.00313978
 0.0087379 0.0139629 0.0205995 0.0284904 0.0373895 0.0468665 0.056208 0.0644971 0.0708717 0.0747635 0.0759681 0.0745868 0.0709473 0.0655329 0.0588984 0.051579 0.0440281 0.036597 0.0295477 0.0230765 0.017335 0.0124381 0.00845713 0.00540355 0.00321716
 0.00854017 0.0136619 0.0201861 0.0279736 0.0367983 0.0462486 0.0556255 0.0640153 0.0705412 0.074604 0.0759657 0.0747086 0.0711619 0.0658218 0.0592528 0.0519895 0.0444765 0.0370573 0.0299914 0.0234787 0.0176778 0.0127121 0.0086612 0.00554408 0.00330586
 0.00852479 0.0136242 0.0201064 0.0278269 0.0365621 0.0459153 0.0552124 0.063567 0.0701196 0.0742704 0.0757627 0.074649 0.0712298 0.0659846 0.0594769 0.0522508 0.0447614 0.0373562 0.0302927 0.0237671 0.0179369 0.0129286 0.00882849 0.00566289 0.00338293
 0.00846258 0.0135343 0.0199907 0.0276912 0.0364109 0.0457443 0.0550078 0.0633122 0.0698102 0.0739266 0.0754312 0.0743891 0.0710916 0.0659907 0.059618 0.0524944 0.0450674 0.0376889 0.0306249 0.0240789 0.0182131 0.0131584 0.00900645 0.00579003 0.00346608
 0.00829578 0.0132816 0.0196455 0.0272613 0.0359178 0.0452208 0.0544935 0.0628481 0.0694305 0.0736513 0.0752659 0.0743326 0.0711452 0.0661596 0.0599039 0.0528858 0.0455357 0.0381939 0.0311247 0.0245385 0.0186088 0.0134779 0.00924748 0.00595889 0.00357505
 0.00800507 0.012842 0.0190457 0.0265142 0.0350576 0.0442982 0.0535719 0.0620015 0.0687356 0.0731745 0.0750485 0.0743828 0.0714395 0.0666537 0.0605457 0.0536246 0.0463248 0.0389888 0.0318827 0.0252216 0.0191886 0.0139396 0.0095908 0.00619596 0.0037261
 0.00785247 0.012609 0.0187237 0.0261066 0.0345806 0.0437791 0.0530483 0.0615169 0.0683318 0.0728827 0.0748838 0.0743458 0.0715218 0.0668429 0.0608275 0.053983 0.0467413 0.039442 0.0323474 0.02567 0.0195935 0.0142798 0.00985517 0.006385 0.00384986
 0.00783702 0.0125453 0.0185578 0.0257673 0.0340011 0.0429302 0.0519661 0.0603076 0.0671477 0.0718808 0.0741873 0.0740217 0.0715765 0.0672324 0.0614756 0.0548014 0.0476458 0.0403609 0.0332242 0.026462 0.0202709 0.0148257 0.0102667 0.00667282 0.00403522
 0.008576 0.0135984 0.019865 0.0271709 0.0352792 0.0438584 0.0523752 0.0601175 0.0663783 0.070647 0.0726786 0.0724616 0.070171 0.066126 0.0607318 0.0544109 0.0475507 0.0404817 0.0334804 0.0267833 0.0206017 0.0151263 0.0105134 0.00685678 0.0041597
 0.00942605 0.0149098 0.0216992 0.0295172 0.0380339 0.0468082 0.0551956 0.0624116 0.0677701 0.0708987 0.0717695 0.0705879 0.067673 0.063385 0.0580815 0.0520839 0.0456652 0.0390583 0.0324742 0.0261173 0.0201915 0.0148946 0.0103967 0.00680697 0.00414406
 0.00925763 0.0147662 0.0217229 0.0299185 0.0390323 0.0485372 0.0576159 0.06528 0.070683 0.0733899 0.0734268 0.0711544 0.0671075 0.0618619 0.0559272 0.0496764 0.0433363 0.0370339 0.0308611 0.0249249 0.0193686 0.0143631 0.010076 0.00662717 0.00405106
 0.00879816 0.0140762 0.0207998 0.0288222 0.0378999 0.0475868 0.057125 0.0655219 0.0718206 0.0753724 0.0759545 0.073751 0.0692728 0.0632309 0.0563663 0.0492859 0.0423759 0.0358148 0.0296514 0.0238971 0.0185936 0.0138356 0.00974913 0.00644231 0.00395578
 0.00869631 0.0138789 0.0204464 0.0282428 0.0370414 0.0464536 0.0558172 0.0642477 0.0708639 0.075018 0.0763907 0.0749839 0.0710944 0.0652687 0.0582036 0.0506018 0.043038 0.0358858 0.0293216 0.0233887 0.0180845 0.0134258 0.00946749 0.00627297 0.00386582
 0.00858876 0.0137156 0.0202189 0.0279424 0.0366506 0.0459394 0.0551376 0.0633784 0.06984 0.0739663 0.0755251 0.0745484 0.0712689 0.0660818 0.0595016 0.0520965 0.0444148 0.0369161 0.029925 0.0236216 0.0180775 0.0133131 0.0093425 0.00617902 0.00381003
 0.00851232 0.0135984 0.020056 0.0277343 0.0364031 0.0456603 0.0548329 0.0630458 0.069466 0.0735343 0.0750381 0.0740578 0.0708845 0.0659428 0.0597126 0.0526641 0.045228 0.0377886 0.0306751 0.0241419 0.0183571 0.013411 0.00933982 0.00614143 0.00377367
 0.0086081 0.013733 0.0202193 0.0279036 0.0365493 0.0457579 0.0548674 0.0630142 0.0693706 0.0733744 0.0748071 0.0737505 0.0705135 0.0655548 0.0593879 0.0524902 0.0452562 0.0380017 0.0309921 0.0244582 0.0185933 0.0135397 0.00937957 0.00613067 0.00374662
 0.00865326 0.0138023 0.0203151 0.0280226 0.0366804 0.0458807 0.0549536 0.063034 0.0693038 0.0732198 0.0745839 0.0734889 0.0702428 0.065298 0.0591669 0.0523332 0.0451945 0.0380545 0.0311481 0.0246737 0.0188098 0.0137106 0.00948632 0.0061813 0.00376177
 0.00871169 0.0138837 0.0204126 0.0281217 0.0367629 0.0459317 0.0549655 0.063006 0.0692376 0.0731165 0.0744445 0.0733186 0.0700545 0.065111 0.0590026 0.0522111 0.0451311 0.0380608 0.0312248 0.0248056 0.0189672 0.0138596 0.00960203 0.0062556 0.00380082
 0.00903422 0.0143622 0.0210467 0.028879 0.0375854 0.0467486 0.0557039 0.0635984 0.069628 0.0732685 0.0743476 0.0729893 0.0695317 0.0644495 0.0582661 0.0514649 0.0444347 0.0374606 0.0307492 0.0244617 0.0187419 0.0137258 0.00952845 0.00621581 0.0037779
 0.00941653 0.0149338 0.0218127 0.0298081 0.0386147 0.0477945 0.0566729 0.0643966 0.0701742 0.0735107 0.0742742 0.072628 0.0689379 0.0636913 0.0574133 0.0505832 0.0435829 0.0366884 0.0300933 0.0239419 0.0183595 0.0134653 0.00936388 0.00611856 0.00372342
 0.00961416 0.0152655 0.0223289 0.0305559 0.0396199 0.0490367 0.058066 0.0657914 0.0713913 0.0743881 0.0747083 0.0725906 0.0684689 0.0628787 0.0563685 0.0494204 0.0424042 0.0355767 0.0291093 0.0231233 0.0177207 0.0129994 0.00904746 0.00591892 0.00360653
 0.00961143 0.0152767 0.0223768 0.0306765 0.0398602 0.0494458 0.0586803 0.0666155 0.0723797 0.0754384 0.0756749 0.0733206 0.0688463 0.0628564 0.0559745 0.0487393 0.0415483 0.0346585 0.0282237 0.0223388 0.0170774 0.0125101 0.00870282 0.00569479 0.00347235
 0.00956755 0.0152083 0.0222804 0.0305545 0.039725 0.0493243 0.0586163 0.066665 0.0725968 0.0758535 0.0762736 0.0740343 0.0695626 0.0634479 0.056337 0.048822 0.0413638 0.0342707 0.0277219 0.021812 0.016595 0.0121143 0.00840838 0.00549544 0.00334944
 0.00911315 0.0145606 0.021474 0.0296787 0.0388976 0.0486516 0.0581622 0.0664482 0.0726098 0.0760853 0.0767175 0.0746779 0.0703691 0.0643447 0.0572215 0.0495861 0.041925 0.034595 0.0278283 0.0217573 0.0164504 0.0119433 0.0082539 0.0053778 0.00327125
#obs surv len freq
 nan nan nan nan nan nan nan nan nan nan nan nan nan nan nan nan nan nan nan nan nan nan nan nan nan
 0.00448985 0.00735346 0.0111854 0.0160027 0.0217032 0.0279773 0.0342893 0.0400181 0.0446955 0.0481575 0.0505138 0.0520083 0.0528994 0.0534109 0.0537244 0.0539788 0.054257 0.0545494 0.054688 0.0542799 0.052718 0.0493505 0.043801 0.0362819 0.0276665
 0.00460985 0.00755354 0.0114953 0.0164522 0.0223139 0.0287515 0.0351987 0.0410015 0.0456682 0.0490293 0.0512068 0.0524679 0.053099 0.0533508 0.0534274 0.0534822 0.0536042 0.0537828 0.0538465 0.0534002 0.0518389 0.0485148 0.0430532 0.0356599 0.0271912
 0.00477741 0.00782518 0.011903 0.0170259 0.0230769 0.029712 0.0363393 0.0422733 0.0469923 0.050307 0.0523337 0.0533481 0.0536578 0.0535446 0.0532475 0.0529517 0.0527701 0.0527062 0.0525947 0.052044 0.050454 0.0471819 0.0418524 0.0346574 0.0264236
 0.00497522 0.00814776 0.0123903 0.0177152 0.0239958 0.0308667 0.0377035 0.0437844 0.0485607 0.0518322 0.0537171 0.0544988 0.0544945 0.0539991 0.0532723 0.0525289 0.0519153 0.0514678 0.0510486 0.0502887 0.0486055 0.0453682 0.0401995 0.0332682 0.0253559
 0.00518029 0.00848553 0.0129068 0.0184562 0.0249978 0.0321428 0.039229 0.0454914 0.0503477 0.0535835 0.0553212 0.0558585 0.0555286 0.0546406 0.0534669 0.0522379 0.0511231 0.0501913 0.0493451 0.0482598 0.0463939 0.0431454 0.0381413 0.0315208 0.0240046
 0.00541055 0.00886253 0.0134793 0.0192719 0.0260947 0.0335354 0.0408932 0.0473586 0.0523127 0.0555231 0.0571131 0.0573936 0.0567163 0.0554093 0.0537617 0.0520177 0.0503622 0.0488872 0.0475337 0.0460301 0.0438959 0.0405791 0.0357254 0.0294456 0.022387
 0.0056355 0.00923139 0.0140405 0.0200731 0.0271743 0.034909 0.0425392 0.0492124 0.0542751 0.0574784 0.0589457 0.0589978 0.0579999 0.0562941 0.0541834 0.0519249 0.0497175 0.0476739 0.0457696 0.043788 0.0413183 0.0378747 0.0331365 0.0271928 0.020614
 0.00587339 0.00962078 0.0146315 0.0209142 0.0283033 0.0363386 0.0442422 0.0511164 0.0562733 0.0594498 0.0607748 0.0605848 0.0592625 0.0571648 0.0546057 0.0518502 0.049105 0.0464974 0.0440332 0.0415488 0.038707 0.0350972 0.0304445 0.0248256 0.0187349
 0.00612419 0.01003 0.0152502 0.0217909 0.0294745 0.0378146 0.0459915 0.0530609 0.058299 0.061429 0.0625873 0.06213 0.0604629 0.057963 0.0549588 0.0517229 0.0484661 0.0453228 0.042321 0.0393436 0.0361246 0.0323321 0.0277442 0.0224331 0.0168227
 0.00637051 0.0104351 0.0158683 0.0226748 0.0306651 0.0393231 0.0477829 0.0550488 0.0603585 0.0634223 0.0643871 0.0636333 0.0615941 0.0586718 0.0552137 0.0515038 0.0477573 0.0441129 0.0406133 0.0371789 0.0336064 0.0296387 0.0251085 0.0200894 0.0149416
 0.00660477 0.0108212 0.0164593 0.0235234 0.0318131 0.0407853 0.0495295 0.0569985 0.0623899 0.0653961 0.0661698 0.0651131 0.062688 0.059327 0.0554028 0.0512173 0.0469945 0.0428785 0.0389233 0.0350781 0.0311923 0.0270737 0.022605 0.0178634 0.0131523
 0.0068385 0.0112031 0.0170376 0.0243443 0.0329122 0.0421732 0.0511774 0.0588323 0.064299 0.0672533 0.0678512 0.0665115 0.0637199 0.059935 0.0555557 0.0509049 0.0462218 0.0416606 0.0372879 0.0330779 0.0289228 0.0246841 0.0202861 0.0158078 0.0115018
 0.00706802 0.0115779 0.0176047 0.0251476 0.0339837 0.0435185 0.0527615 0.0605756 0.0660892 0.0689677 0.069377 0.0677569 0.0646167 0.0604373 0.0556372 0.0505566 0.0454486 0.0404798 0.0357318 0.0312028 0.0268221 0.0224951 0.0181786 0.0139498 0.0100152
 0.00726217 0.0119012 0.018105 0.0258737 0.0349737 0.0447831 0.0542677 0.0622417 0.0677983 0.0705917 0.0708001 0.0688889 0.0653972 0.0608326 0.0556352 0.0501602 0.0446708 0.0393425 0.0342692 0.0294706 0.0249079 0.0205229 0.016297 0.0123026 0.00870411
 0.00743037 0.0121765 0.018523 0.0264695 0.0357761 0.0458046 0.0554927 0.0636201 0.0692486 0.0720134 0.0720885 0.0699494 0.0661559 0.0612424 0.055676 0.0498339 0.0439943 0.0383427 0.0329841 0.0279552 0.023243 0.0188179 0.0146798 0.0108943 0.00758792
 0.00752741 0.0123349 0.0187629 0.0268114 0.0362381 0.0463985 0.0562183 0.064462 0.0701763 0.0729837 0.0730482 0.0708368 0.0669047 0.0617882 0.0559649 0.0498298 0.0436826 0.0377299 0.0320968 0.0268417 0.021976 0.017494 0.0134096 0.00978091 0.0067024
 0.00759114 0.0124351 0.018908 0.0270076 0.0364905 0.0467107 0.0565921 0.0648965 0.0706674 0.0735237 0.0736238 0.0714266 0.0674756 0.0622952 0.0563543 0.0500471 0.0436822 0.0374845 0.0316042 0.0261285 0.0210984 0.0165339 0.0124625 0.00893661 0.00602385
 0.0076681 0.0125517 0.0190674 0.0272073 0.0367232 0.0469663 0.0568602 0.0651679 0.0709363 0.0737897 0.073892 0.0717036 0.0677634 0.0625843 0.0566199 0.0502502 0.043776 0.0374253 0.0313638 0.0257049 0.0205215 0.015863 0.0117747 0.00830835 0.005511
 0.00771946 0.0126329 0.019185 0.0273648 0.0369192 0.0471928 0.0571014 0.0654027 0.071144 0.0739582 0.074022 0.0718076 0.0678591 0.0626861 0.056731 0.0503579 0.0438521 0.0374319 0.0312644 0.025478 0.0201715 0.0154232 0.0113 0.00785924 0.00513553
 0.00777241 0.0127118 0.0192906 0.0274933 0.037064 0.0473467 0.0572578 0.0655551 0.0712854 0.0740805 0.0741184 0.0718755 0.0679024 0.0627143 0.0567553 0.0503841 0.0438745 0.0374319 0.0312154 0.0253556 0.0199657 0.0151462 0.010985 0.00754928 0.00486875
 0.00781469 0.0127754 0.0193764 0.0275984 0.0371815 0.0474672 0.0573705 0.0656502 0.0713564 0.0741267 0.0741442 0.0718884 0.0679093 0.0627199 0.0567624 0.0503936 0.0438842 0.0374338 0.0311947 0.0252951 0.0198531 0.0149828 0.0107878 0.00734602 0.00468747
 0.00782572 0.0127914 0.019397 0.0276218 0.037205 0.0474878 0.0573858 0.0656586 0.0713581 0.0741236 0.0741407 0.0718903 0.0679221 0.0627474 0.0568047 0.0504474 0.0439431 0.0374883 0.0312332 0.0253045 0.0198235 0.0149119 0.0106845 0.00722815 0.00457523
 0.00788705 0.0128835 0.019521 0.0277733 0.0373745 0.047662 0.0575492 0.065795 0.0714527 0.0741668 0.0741304 0.0718324 0.0678293 0.0626355 0.0566895 0.0503411 0.0438522 0.0374133 0.0311687 0.0252419 0.0197538 0.0148302 0.0105926 0.00713409 0.00448973
 0.00789604 0.0129006 0.0195512 0.0278219 0.0374453 0.047754 0.0576549 0.0659008 0.0715432 0.0742295 0.0741592 0.071828 0.0677972 0.0625838 0.0566271 0.0502766 0.0437926 0.0373623 0.0311258 0.0252028 0.0197128 0.0147828 0.0105383 0.00707699 0.00443636
 0.00787949 0.0128727 0.0195078 0.0277598 0.0373644 0.04766 0.0575605 0.0658233 0.0714991 0.0742275 0.0741972 0.0718952 0.0678789 0.0626671 0.0567036 0.0503426 0.0438479 0.037408 0.0311627 0.0252302 0.0197286 0.0147853 0.010528 0.0070573 0.0044127
 0.00787518 0.01286 0.0194784 0.0277028 0.0372693 0.0475222 0.0573855 0.0656289 0.0713115 0.074076 0.0741058 0.0718766 0.0679318 0.0627776 0.0568503 0.0505036 0.0440054 0.0375507 0.0312845 0.0253285 0.0198025 0.0148354 0.0105565 0.00706854 0.00441259
 0.00787246 0.0128509 0.0194559 0.027657 0.0371893 0.0473995 0.0572179 0.0654231 0.0710842 0.0738518 0.0739142 0.0717457 0.0678819 0.0628155 0.0569675 0.0506792 0.0442126 0.0377632 0.0314819 0.0254978 0.0199375 0.014935 0.0106236 0.00710888 0.00443336
 0.00789396 0.0128819 0.0194946 0.0276984 0.0372251 0.0474189 0.0572089 0.0653748 0.0709901 0.0737134 0.0737433 0.071564 0.067717 0.062694 0.0569085 0.0506889 0.0442832 0.0378767 0.0316156 0.0256305 0.020054 0.015027 0.0106892 0.00715088 0.00445712
 0.00788526 0.0128727 0.0194897 0.0277046 0.0372484 0.0474608 0.0572631 0.0654274 0.0710233 0.0737113 0.073697 0.071475 0.067597 0.0625634 0.0567912 0.0506064 0.0442489 0.037892 0.0316708 0.025709 0.020138 0.0151025 0.0107484 0.00719178 0.0044821
 0.00784433 0.0128046 0.0193853 0.0275564 0.0370549 0.0472311 0.0570204 0.0652051 0.0708551 0.0736187 0.0736826 0.0715238 0.0676858 0.0626708 0.0569045 0.0507232 0.0443729 0.0380276 0.0318179 0.0258609 0.0202832 0.0152294 0.010849 0.00726384 0.0045286
 0.0078229 0.0127662 0.0193209 0.0274552 0.036907 0.0470318 0.0567746 0.0649307 0.0705814 0.0733814 0.0735152 0.0714484 0.0677067 0.0627746 0.0570666 0.050917 0.044578 0.038232 0.0320156 0.0260474 0.0204528 0.0153751 0.0109652 0.00734871 0.00458486
 0.00781108 0.0127456 0.0192869 0.0274021 0.0368284 0.0469218 0.0566296 0.0647516 0.0703757 0.0731644 0.0733095 0.0712812 0.0676033 0.0627513 0.0571254 0.0510455 0.0447545 0.0384327 0.0322206 0.0262424 0.0206282 0.0155242 0.0110839 0.00743618 0.00464377
 0.00776428 0.0126712 0.0191784 0.0272549 0.0366415 0.0466991 0.0563816 0.064495 0.0701302 0.0729489 0.0731392 0.071167 0.067554 0.0627735 0.057222 0.0512123 0.0449786 0.0386938 0.0324944 0.0265065 0.020865 0.0157225 0.0112389 0.00754851 0.00471874
 0.00772972 0.0126124 0.0190852 0.0271171 0.0364513 0.0464561 0.0560964 0.0641895 0.0698337 0.0726906 0.0729418 0.0710444 0.067511 0.0628089 0.0573307 0.0513866 0.0452077 0.0389623 0.0327826 0.0267922 0.0211274 0.015946 0.0114151 0.00767675 0.00480438
 0.00932936 0.014852 0.0217888 0.0298975 0.0388222 0.0480109 0.0566503 0.0638078 0.0687516 0.0711941 0.0712795 0.069392 0.0659759 0.0614477 0.0561671 0.0504245 0.0444392 0.0383723 0.0323506 0.0264932 0.0209338 0.0158301 0.0113518 0.00764602 0.00479164
 0.00928505 0.0150776 0.0226535 0.0318614 0.0422366 0.0528475 0.0623298 0.0692945 0.0729221 0.0732817 0.0711277 0.0673974 0.0628148 0.0577869 0.0524981 0.0470357 0.0414648 0.0358552 0.0302869 0.0248561 0.0196829 0.0149156 0.0107172 0.00723159 0.00453917
 0.0089561 0.0145567 0.0219173 0.0309549 0.0413283 0.0522682 0.0625343 0.0706993 0.0756566 0.077002 0.0750581 0.0706263 0.0646761 0.0580924 0.0515074 0.0452417 0.0393607 0.0337994 0.0284795 0.0233763 0.0185379 0.0140755 0.0101345 0.00685187 0.00430856
 0.00881197 0.0143117 0.021529 0.0303794 0.0405359 0.0512742 0.0614399 0.0697212 0.0751134 0.0772269 0.0762485 0.0726959 0.0672188 0.0605132 0.0532665 0.0460639 0.0392927 0.03311 0.0274985 0.0223708 0.0176664 0.0134001 0.00965524 0.00653764 0.00411808
 0.00875255 0.0142115 0.0213705 0.0301414 0.0401947 0.0508087 0.0608408 0.0690072 0.0743513 0.0765487 0.0758453 0.0727703 0.0678935 0.0617394 0.0547981 0.0475377 0.0403792 0.0336447 0.0275154 0.0220389 0.0171869 0.0129285 0.00927462 0.00627016 0.00395014
 0.00871265 0.0141437 0.0212629 0.0299806 0.0399684 0.0505085 0.060466 0.068566 0.0738614 0.0760413 0.0753738 0.0724196 0.067774 0.0619524 0.0553789 0.0484095 0.041359 0.0345109 0.0281022 0.0222962 0.0171749 0.0127631 0.00906583 0.00608771 0.00382048
 0.00867158 0.0140813 0.0211768 0.0298705 0.0398347 0.0503505 0.0602812 0.0683512 0.0736152 0.0757668 0.0750828 0.0721375 0.0675443 0.0618361 0.05544 0.0486855 0.0418288 0.0350858 0.0286545 0.0227136 0.0174057 0.0128254 0.00902083 0.00600144 0.0037382
 0.00867502 0.0140807 0.0211647 0.0298369 0.0397699 0.05025 0.0601488 0.0681975 0.0734525 0.0756036 0.0749211 0.071977 0.0673899 0.0617057 0.0553662 0.0487071 0.0419723 0.0353449 0.0289826 0.0230385 0.0176607 0.0129774 0.00907698 0.00599471 0.0037052
 0.00867192 0.014078 0.0211644 0.029841 0.0397785 0.0502587 0.0601478 0.0681745 0.0733978 0.0755148 0.0748047 0.0718445 0.067254 0.0615783 0.0552613 0.0486431 0.0419697 0.035417 0.0291237 0.0232199 0.0178405 0.0131184 0.00916198 0.00602886 0.00370676
 0.00868122 0.0140904 0.0211784 0.0298538 0.0397874 0.0502626 0.0601476 0.0681716 0.0733916 0.0755008 0.0747757 0.0717946 0.0671821 0.0614904 0.0551687 0.0485611 0.0419151 0.0354042 0.029159 0.0232968 0.0179395 0.0132145 0.00923554 0.00607243 0.00372472
 0.00865748 0.0140578 0.0211402 0.0298164 0.039758 0.050246 0.060144 0.068177 0.0734004 0.0755087 0.0747804 0.0717943 0.0671746 0.0614733 0.0551417 0.0485285 0.0418855 0.0353888 0.0291673 0.0233317 0.0179951 0.0132779 0.00929257 0.00611388 0.00374873
 0.00864755 0.0140397 0.0211098 0.0297697 0.0396936 0.0501675 0.0600616 0.0681056 0.0733538 0.0754941 0.0747958 0.0718305 0.0672198 0.0615172 0.0551777 0.0485541 0.0419026 0.0354028 0.0291853 0.0233592 0.0180332 0.0133222 0.00933563 0.00614886 0.00377243
 0.00862767 0.0140106 0.0210716 0.0297244 0.0396433 0.0501139 0.060005 0.0680467 0.0732958 0.0754442 0.074763 0.0718224 0.0672384 0.0615578 0.0552312 0.0486103 0.0419544 0.0354475 0.0292243 0.0233959 0.0180701 0.0133594 0.00937053 0.00617802 0.00379362
 0.00863424 0.0140181 0.0210772 0.0297238 0.0396325 0.0500909 0.0599717 0.0680076 0.0732563 0.0754079 0.0747318 0.0717974 0.0672218 0.0615524 0.0552383 0.0486287 0.0419802 0.035476 0.0292522 0.0234222 0.0180953 0.0133838 0.00939332 0.00619764 0.00380866
 0.00861763 0.013994 0.0210463 0.029688 0.0395943 0.0500518 0.0599315 0.0679656 0.0732131 0.0753663 0.074697 0.071775 0.0672153 0.0615628 0.0552642 0.0486671 0.0420272 0.0355272 0.0293032 0.0234696 0.0181371 0.0134191 0.00942215 0.00621995 0.0038247
 0.00861763 0.013994 0.0210463 0.029688 0.0395943 0.0500518 0.0599315 0.0679656 0.0732131 0.0753663 0.074697 0.071775 0.0672153 0.0615628 0.0552642 0.0486671 0.0420272 0.0355272 0.0293032 0.0234696 0.0181371 0.0134191 0.00942215 0.00621995 0.0038247
#pred catch len freq
 0.00339132 0.00541974 0.008017 0.0111779 0.0149249 0.0192828 0.0242138 0.0295799 0.0351593 0.0406893 0.0459075 0.0505887 0.0545776 0.0577988 0.0602392 0.0619174 0.0628588 0.0630722 0.062507 0.060988 0.058179 0.0536627 0.0471817 0.0389385 0.029727
 0.00367399 0.00581975 0.00851308 0.011724 0.0154777 0.0198364 0.0248146 0.0303008 0.03604 0.0416785 0.046849 0.0512674 0.0548042 0.0574908 0.0594584 0.0608495 0.0617452 0.06212 0.0618151 0.060523 0.0578139 0.0532591 0.0466672 0.0383356 0.0291229
 0.00380852 0.00606133 0.00891501 0.01234 0.0163384 0.0209211 0.0260393 0.0315417 0.0371873 0.0426823 0.0477149 0.0520018 0.0553548 0.057739 0.0592779 0.0601904 0.0606813 0.0608256 0.0604862 0.0592949 0.0567246 0.0522759 0.0457488 0.0374796 0.0283695
 0.00398495 0.006333 0.00930041 0.0128587 0.0170217 0.021819 0.0272085 0.0330102 0.0389097 0.0445193 0.0494622 0.0534574 0.0563796 0.058269 0.0592934 0.0596872 0.0596777 0.0593928 0.0587592 0.057442 0.0548966 0.0505746 0.0442318 0.0361845 0.0273263
 0.00418872 0.00665517 0.00976854 0.0134933 0.0178355 0.0228162 0.0283867 0.0343636 0.0404314 0.0461915 0.0512303 0.0552044 0.0579263 0.0594134 0.0598677 0.059598 0.0589144 0.058017 0.0568928 0.0552543 0.0525817 0.0483204 0.042193 0.0344683 0.0259872
 0.00444229 0.00705277 0.0103411 0.0142638 0.01882 0.0240232 0.0298111 0.0359781 0.0421823 0.0480034 0.0530174 0.0568781 0.0593931 0.0605636 0.0605725 0.0597263 0.0583682 0.0567677 0.055001 0.0528683 0.0499167 0.0456224 0.039695 0.0323489 0.0243428
 0.00473422 0.00751085 0.0110012 0.0151521 0.0199538 0.0254105 0.0314443 0.0378252 0.0441806 0.0500596 0.0550156 0.0586931 0.0609062 0.0616733 0.0611931 0.0597805 0.0577856 0.0555016 0.0530611 0.050351 0.0470145 0.0425998 0.0368357 0.0298907 0.022426
 0.00502145 0.00796202 0.0116524 0.0160306 0.0210793 0.0267941 0.0330828 0.0396912 0.0462155 0.0521724 0.0570882 0.0605923 0.0624989 0.0628417 0.0618437 0.0598436 0.0572109 0.0542589 0.0511564 0.0478559 0.0440914 0.0394986 0.0338507 0.0272887 0.0203784
 0.00529108 0.008389 0.0122752 0.0168813 0.0221827 0.0281649 0.0347174 0.041559 0.0482535 0.0542869 0.0591617 0.0624937 0.0640971 0.064018 0.0625017 0.0599125 0.0566442 0.0530345 0.0492861 0.0454074 0.041212 0.0364209 0.0308605 0.0246575 0.0182911
 0.00553951 0.00878703 0.0128648 0.0177016 0.0232679 0.0295381 0.0363802 0.0434794 0.0503603 0.0564721 0.0612906 0.0644212 0.0656849 0.0651505 0.0630927 0.0599052 0.056007 0.0517587 0.0473934 0.0429679 0.0383665 0.033388 0.027911 0.0220541 0.0162174
 0.00582048 0.00923305 0.0135177 0.0185977 0.024437 0.0309999 0.038134 0.0454917 0.0525561 0.0587356 0.0634745 0.0663649 0.0672377 0.0661917 0.0635428 0.0597253 0.0551902 0.0503226 0.045381 0.0404613 0.0355059 0.0303806 0.0250091 0.0195022 0.0141871
 0.00613832 0.00973258 0.0142392 0.0195721 0.0256868 0.0325379 0.0399551 0.0475608 0.0547981 0.0610328 0.0656753 0.0683017 0.0687506 0.0671526 0.0638706 0.059389 0.0542011 0.0487242 0.0432433 0.0378863 0.0326409 0.0274243 0.0221939 0.0170479 0.0122447
 0.0064012 0.0101488 0.014846 0.0204001 0.0267586 0.0338651 0.0415305 0.0493501 0.0567357 0.0630239 0.0676015 0.0700299 0.0701464 0.0680953 0.0642684 0.0591892 0.0533937 0.0473389 0.0413465 0.035582 0.0300751 0.0247842 0.0196894 0.0148722 0.0105274
 0.00663018 0.0105125 0.0153787 0.0211314 0.0277128 0.0350571 0.0429577 0.0509819 0.0585075 0.0648386 0.0693392 0.071563 0.0713562 0.0688855 0.0645722 0.0589702 0.0526452 0.0460843 0.0396417 0.0335201 0.0277899 0.0224453 0.0174833 0.012966 0.00902961
 0.00692904 0.0109679 0.0160088 0.0219367 0.0286825 0.0361774 0.0442139 0.0523526 0.0599541 0.0662989 0.0707277 0.0727798 0.0723018 0.0694761 0.0647498 0.0587062 0.0519382 0.0449573 0.0381433 0.0317288 0.025819 0.0204396 0.0156008 0.0113469 0.00776282
 0.00724221 0.0114587 0.0167129 0.0228739 0.0298526 0.037555 0.0457426 0.0539452 0.0615048 0.0677028 0.0718975 0.0736522 0.0728353 0.0696465 0.0645483 0.0581381 0.0510225 0.043727 0.0366467 0.0300348 0.0240211 0.0186546 0.0139547 0.00994943 0.0066801
 0.00750335 0.0118683 0.0173025 0.0236661 0.0308605 0.0387796 0.0471639 0.0555098 0.0631186 0.0692365 0.0732073 0.0746101 0.0733579 0.0697085 0.0641757 0.0573882 0.0499633 0.0424245 0.0351645 0.02844 0.0223923 0.0170835 0.0125368 0.00876482 0.00577342
 0.00757457 0.0119976 0.017523 0.0240189 0.0313883 0.0395149 0.0481153 0.0566533 0.0643966 0.0705613 0.0744688 0.0756873 0.0741371 0.0701056 0.0641538 0.0569627 0.0491907 0.041384 0.0339407 0.0271155 0.0210481 0.0158004 0.0113912 0.00781685 0.00505365
 0.00750073 0.0118949 0.0174028 0.023908 0.0313296 0.0395627 0.0483282 0.0570808 0.0650621 0.071446 0.075505 0.0767676 0.075135 0.0709011 0.0646549 0.0571194 0.0489999 0.0408846 0.0332015 0.0262207 0.0200858 0.0148549 0.0105356 0.00710528 0.00451274
 0.00754065 0.0119337 0.0174139 0.0238538 0.0311754 0.0392984 0.0479858 0.056737 0.0648207 0.0714075 0.0757348 0.0772731 0.0758596 0.071736 0.0654661 0.0577802 0.0494192 0.0410215 0.0330658 0.025863 0.0195814 0.0142874 0.00998222 0.00662474 0.00413815
 0.00760958 0.0120342 0.0175416 0.0239919 0.0312926 0.039351 0.0479254 0.0565284 0.0644651 0.0709604 0.0753021 0.0769802 0.0758053 0.0719532 0.0659097 0.058345 0.0499761 0.0414569 0.0333099 0.0258989 0.0194395 0.0140277 0.00967402 0.00632827 0.00389312
 0.00762285 0.0120565 0.0175762 0.0240413 0.0313562 0.0394216 0.047986 0.0565506 0.0644144 0.0708089 0.0750466 0.0766573 0.0754905 0.0717395 0.0658701 0.0584993 0.0502811 0.0418243 0.0336415 0.0261217 0.0195243 0.0139889 0.00955383 0.00617643 0.00374993
 0.00752488 0.0119116 0.0173853 0.0238159 0.0311165 0.0391924 0.0477922 0.0564124 0.0643416 0.0707963 0.0750733 0.0766958 0.0755219 0.071767 0.0659214 0.058612 0.0504782 0.0420957 0.0339433 0.0263953 0.0197215 0.0140899 0.00956964 0.00613709 0.00368873
 0.00750102 0.0118638 0.0172971 0.0236669 0.0308884 0.0388784 0.0474053 0.0559882 0.0639326 0.0704586 0.0748523 0.0766141 0.075575 0.0719296 0.0661606 0.0589008 0.0508006 0.0424401 0.0342923 0.0267209 0.019992 0.0142831 0.00968196 0.00618328 0.00369304
 0.00758983 0.0119951 0.0174694 0.0238682 0.0310964 0.0390631 0.0475332 0.0560288 0.0638668 0.0702877 0.0746011 0.0763249 0.0752945 0.0716949 0.0659918 0.058802 0.0507661 0.0424604 0.0343556 0.0268109 0.0200884 0.0143658 0.0097378 0.00620994 0.00369738
 0.00756054 0.0119524 0.0174141 0.0238035 0.0310262 0.0389889 0.0474525 0.0559351 0.0637527 0.0701495 0.0744436 0.0761637 0.0751544 0.0716037 0.0659706 0.0588585 0.0508923 0.0426371 0.0345583 0.027016 0.0202756 0.01452 0.00985102 0.00628265 0.00373694
 0.00755074 0.0119269 0.0173585 0.0236999 0.0308592 0.0387546 0.047165 0.0556256 0.0634604 0.0699086 0.0742743 0.0760713 0.0751348 0.0716497 0.0660767 0.0590198 0.0511017 0.0428817 0.0348195 0.0272722 0.0205066 0.0147109 0.00999476 0.00638024 0.00379595
 0.00739933 0.0117082 0.017079 0.02338 0.0305239 0.0384201 0.0468322 0.0552869 0.0631155 0.0695787 0.0740024 0.0759073 0.0751145 0.0717811 0.0663401 0.0593788 0.0515159 0.0433149 0.035242 0.0276599 0.0208412 0.0149807 0.0101964 0.00651861 0.00388228
 0.00725055 0.0114826 0.016771 0.0229978 0.0300899 0.0379689 0.046406 0.054927 0.0628504 0.0694152 0.0739277 0.0759031 0.0751721 0.0719061 0.0665435 0.0596632 0.051868 0.0437079 0.0356431 0.0280388 0.0211742 0.0152531 0.0104029 0.00666274 0.00397414
 0.00721914 0.0114235 0.0166672 0.0228292 0.029839 0.0376299 0.0459939 0.0544799 0.0624237 0.0690668 0.0737013 0.0758159 0.0752137 0.0720485 0.0667563 0.0599246 0.0521652 0.0440303 0.0359766 0.0283635 0.0214693 0.0155018 0.0105963 0.0068006 0.00406384
 0.0071324 0.0112953 0.0164971 0.0226222 0.0296004 0.037359 0.0456828 0.0541208 0.0620218 0.0686513 0.0733255 0.0755429 0.075094 0.072102 0.0669679 0.0602544 0.0525653 0.0444582 0.0363996 0.0287577 0.0218166 0.0157893 0.010818 0.00695851 0.00416684
 0.00695573 0.0110283 0.0161334 0.0221704 0.0290824 0.0368062 0.0451316 0.0536082 0.0615795 0.0683011 0.0730803 0.075413 0.0750931 0.0722452 0.0672615 0.0606849 0.0530973 0.0450415 0.0369823 0.0292969 0.0222826 0.0161666 0.0111032 0.00715864 0.00429615
 0.00675708 0.0107292 0.0157272 0.0216663 0.0285017 0.0361769 0.0444858 0.0529832 0.0610187 0.0678505 0.0727798 0.0752878 0.0751491 0.0724717 0.0676371 0.061183 0.0536857 0.0456815 0.0376295 0.0299063 0.0228173 0.0166033 0.0114344 0.00739089 0.00444599
 0.0065565 0.0104242 0.0153081 0.0211392 0.027888 0.0355104 0.0438104 0.05235 0.0604787 0.067446 0.0725378 0.0752182 0.0752482 0.0727252 0.0680232 0.0616744 0.054252 0.0462898 0.0382446 0.0304923 0.0233408 0.0170392 0.0117708 0.00763017 0.00460197
