SBPRF35
12.7214
Curr Bio
836153
B35
875548
F35
0.171006
FOFL
0.159432
OFL
107129
Bzero
3.63469e+006
#pred survey bio
 3.51702e+006 3.41576e+006 3.31515e+006 3.15712e+006 2.9825e+006 2.74925e+006 2.49267e+006 2.27028e+006 2.00062e+006 1.78419e+006 1.57556e+006 1.40532e+006 1.23607e+006 1.07078e+006 957969 842345 769075 719315 678727 644559 614824 594119 565996 556638 548998 549141 527414 514648 519479 528141 531422 532493 549234 563556 571067 581898 587874 595891 614371 626020 636377 648817 645750 650497 655630 655784 655073 655220 648322 642135 653466 723085 786304 816268 836710 840242 2.88065e+007 1.71011e+007 1.72502e+007 1.80486e+007 1.92959e+007 2.07286e+007 2.21484e+007 2.34367e+007 2.45399e+007 2.54477e+007 2.61743e+007 2.67447e+007 2.71867e+007 2.75262e+007 2.77857e+007 2.79836e+007 2.81344e+007 2.82497e+007 2.83379e+007 2.84057e+007 2.8458e+007 2.84986e+007 2.85302e+007 2.85549e+007 2.85743e+007 2.85897e+007 2.86018e+007 2.86115e+007 2.86192e+007 2.86253e+007 2.86303e+007 2.86343e+007 2.86375e+007 2.86401e+007 2.86422e+007 2.86439e+007 2.86453e+007 2.86464e+007 2.86473e+007 2.86481e+007 2.86487e+007 2.86492e+007 2.86496e+007 2.86499e+007 2.86502e+007 2.86504e+007 2.86506e+007 2.86508e+007 2.86509e+007 2.8651e+007 2.86511e+007 2.86511e+007 2.86512e+007 2.86512e+007 2.86513e+007 2.86513e+007 2.86513e+007 2.86513e+007 2.86514e+007 2.86514e+007 2.86514e+007 2.86514e+007 2.86514e+007 2.86514e+007 2.86514e+007 2.86514e+007 2.86514e+007 2.86514e+007 2.86514e+007 2.86514e+007 2.86514e+007 2.86514e+007 2.86514e+007 2.86514e+007 2.86514e+007 2.86514e+007 2.86514e+007 2.86514e+007 2.86514e+007 2.86514e+007 2.86514e+007 2.86514e+007 2.86514e+007 2.86514e+007 2.86514e+007 2.86514e+007 2.86514e+007 2.86514e+007 2.86514e+007 2.86514e+007 2.86514e+007 2.86514e+007 2.86514e+007 2.86514e+007 2.86514e+007 2.86514e+007 2.86514e+007 2.86514e+007 2.86514e+007 2.86514e+007 0 0 0 0 0 0 0 0 0 0 0 0 0 0 0 0 0 0 0 0 0 0 0 0 0
#obs survey bio
 2.60395e+006 3.85732e+006 3.18284e+006 3.08712e+006 3.42911e+006 1.88297e+006 2.43824e+006 2.00652e+006 1.56725e+006 1.83096e+006 991915 958261 1.23294e+006 803867 843716 692664 488562 791782 879001 672703 594696 540214 736190 587284 313060 611041 560563 496048 455995 531405 312357 613335 456194 497568 511308 501221 466614 698512 586595 839420 733927 361203 486095 595460 889515 833244 660519 472999 542114 645574 591441 717584 960924 977894 820461 923986
#pred catch bio
 92714.3 96539.7 156463 182073 249256 286286 271051 329087 294337 298684 273318 278563 277356 231646 232569 193240 171296 160659 151002 142904 131479 133816 114856 112404 105450 121896 111182 95337.7 92592.8 97374.4 99158.4 86881.6 90871.5 98045.6 96324.3 101308 100102 92292.1 99278.6 101185 100597 114297 107186 106348 109593 109301 108323 114420 113560 99194.6 53218.1 62649.3 91365.5 98211.1 110796 124312 107129 112869 112618 116491 123944 132855 141692 149614 156273 161622 165778 168929 171271 172988 174230 175122 175756 176205 176522 176744 176899 177008 177083 177136 177172 177198 177215 177227 177235 177241 177245 177248 177250 177251 177252 177253 177253 177253 177254 177254 177254 177254 177254 177254 177254 177254 177254 177254 177254 177254 177254 177254 177254 177254 177254 177254 177254 177254 177254 177254 177254 177254 177254 177254 177254 177254 177254 177254 177254 177254 177254 177254 177254 177254 177254 177254 177254 177254 177254 177254 177254 177254 177254 177254 177254 177254 177254 177254 177254 177254 177254 177254 177254 177254 177254 177254 177254 177254 177254 177254 0 0 0 0 0 0 0 0 0 0 0 0 0 0 0 0 0 0 0 0 0 0 0 0 0
#obs catch bio
 0 96216.9 156856 181711 249476 287290 271506 330112 295446 300062 274975 281830 280130 235521 236408 195339 173725 163451 152474 143587 132245 134712 114545 112438 106463 122947 111593 95651.4 93142.2 97764.6 99846.2 86989.4 91315.4 98519.1 96898.3 102082 101119 92723.5 99883 101316 100686 115533 108018 106923 109639 109090 108087 114951 114670 100052 53107.1 62754.9 91718.6 98356.1 110882 124434
#pred cpue bio
 3.47078e+006 3.37084e+006 3.27121e+006 3.11353e+006 2.93906e+006 2.70636e+006 2.45055e+006 2.22881e+006 1.96048e+006 1.74494e+006 1.53742e+006 1.36804e+006 1.20012e+006 1.03652e+006 924887 811029 738816 689918 650581 617771 589110 569192 542105 533130 525564 525722 504911 492717 497469 505995 509305 510353 526618 540521 547768 558310 564172 572061 590200 601661 611763 623797 620778 625612 630961 631397 630794 630777 623813 617700 628761 697158 759994 790149 810406 814152 2.79348e+007 1.6591e+007 1.66108e+007 1.72524e+007 1.84415e+007 1.98599e+007 2.12768e+007 2.25645e+007 2.36676e+007 2.45753e+007 2.53019e+007 2.58724e+007 2.63143e+007 2.66538e+007 2.69133e+007 2.71112e+007 2.72621e+007 2.73773e+007 2.74655e+007 2.75333e+007 2.75856e+007 2.76262e+007 2.76578e+007 2.76825e+007 2.7702e+007 2.77174e+007 2.77295e+007 2.77391e+007 2.77468e+007 2.7753e+007 2.77579e+007 2.77619e+007 2.77651e+007 2.77677e+007 2.77698e+007 2.77715e+007 2.77729e+007 2.77741e+007 2.7775e+007 2.77757e+007 2.77763e+007 2.77768e+007 2.77773e+007 2.77776e+007 2.77779e+007 2.77781e+007 2.77783e+007 2.77784e+007 2.77785e+007 2.77786e+007 2.77787e+007 2.77788e+007 2.77788e+007 2.77789e+007 2.77789e+007 2.77789e+007 2.7779e+007 2.7779e+007 2.7779e+007 2.7779e+007 2.7779e+007 2.7779e+007 2.7779e+007 2.77791e+007 2.77791e+007 2.77791e+007 2.77791e+007 2.77791e+007 2.77791e+007 2.77791e+007 2.77791e+007 2.77791e+007 2.77791e+007 2.77791e+007 2.77791e+007 2.77791e+007 2.77791e+007 2.77791e+007 2.77791e+007 2.77791e+007 2.77791e+007 2.77791e+007 2.77791e+007 2.77791e+007 2.77791e+007 2.77791e+007 2.77791e+007 2.77791e+007 2.77791e+007 2.77791e+007 2.77791e+007 2.77791e+007 2.77791e+007 2.77791e+007 2.77791e+007 2.77791e+007 2.77791e+007 2.77791e+007 2.77791e+007 2.77791e+007 0 0 0 0 0 0 0 0 0 0 0 0 0 0 0 0 0 0 0 0 0 0 0 0 0
#obs cpue bio
 4.44106e+006 3.95687e+006 3.32522e+006 3.84048e+006 2.29507e+006 2.76372e+006 2.01546e+006 3.50736e+006 1.67384e+006 1.79183e+006 1.78906e+006 1.37442e+006 1.32496e+006 628520 1.08776e+006 930032 768127 425360 633417 711324 488766 624705 611324 450071 395708 603584 531230 431908 434026 576948 693973 505877 485255 627485 463519 563333 510936 556788 585701 618610 479561 599899 765311 749511 696525 591758 620256 540612 479724 691596 541075 741588 849904 627436 938840 818814
#pred surv len freq
 0.00502999 0.00808819 0.0120284 0.0167911 0.0222509 0.0281568 0.0340938 0.0395648 0.0441697 0.047738 0.0503191 0.0520807 0.0532127 0.0538808 0.0542124 0.0543002 0.0542133 0.0539965 0.0536234 0.0529032 0.0514038 0.0485131 0.0437077 0.0369278 0.0287935
 0.00523596 0.00834294 0.0122681 0.0169178 0.0221734 0.0278461 0.0336181 0.0390714 0.0438169 0.0476166 0.0504151 0.0522997 0.0534447 0.0540623 0.0543526 0.0544625 0.0544677 0.0543663 0.0540548 0.0532752 0.0515789 0.0484049 0.0433262 0.0363739 0.0282079
 0.0053962 0.00861316 0.0126867 0.0175108 0.0229301 0.0286943 0.0344192 0.039658 0.0440654 0.047513 0.0500629 0.0518584 0.053044 0.0537522 0.0541173 0.0542708 0.0543105 0.0542536 0.0539823 0.0531961 0.0514122 0.0480788 0.0428266 0.0357608 0.0275866
 0.00559953 0.00893436 0.0131543 0.0181494 0.0237592 0.0297226 0.0356283 0.0409807 0.045373 0.048631 0.0508207 0.0521547 0.0528875 0.0532483 0.0534097 0.0534806 0.0535096 0.0534712 0.0532205 0.052437 0.0506237 0.0472336 0.0419304 0.0348656 0.0267746
 0.00580606 0.00926429 0.0136402 0.0188183 0.0246292 0.0307969 0.0368885 0.0423825 0.0468458 0.0500781 0.05212 0.0531662 0.0534803 0.0533424 0.0530088 0.0526705 0.0524206 0.0522292 0.0519143 0.0511122 0.0492983 0.0459223 0.0406664 0.0337075 0.0257912
 0.00605187 0.00966017 0.0142293 0.0196387 0.0257079 0.0321394 0.0384675 0.0441322 0.0486695 0.051863 0.0537506 0.0545293 0.0544656 0.053849 0.0529634 0.0520531 0.0512796 0.0506721 0.0500767 0.049125 0.0472716 0.0439503 0.0388393 0.0321136 0.0245013
 0.00632801 0.0101009 0.0148782 0.0205327 0.0268732 0.0335839 0.0401699 0.0460344 0.0506788 0.0538635 0.0556171 0.0561398 0.0557083 0.0546258 0.0531935 0.0516815 0.0502918 0.0491092 0.048039 0.0467596 0.044751 0.0414517 0.0365289 0.0301288 0.0229305
 0.00659107 0.0105162 0.0154809 0.0213497 0.0279214 0.0348673 0.0416735 0.0477191 0.0524815 0.0557027 0.0573993 0.0577641 0.0570699 0.0556204 0.0537231 0.0516619 0.0496652 0.0478606 0.0462135 0.0444715 0.0421775 0.0388103 0.0340412 0.0279808 0.0212372
 0.00695939 0.0111033 0.0163423 0.0225283 0.0294386 0.0367108 0.0437839 0.0499886 0.0547702 0.0578676 0.0593191 0.0593485 0.0582553 0.0563581 0.0539679 0.0513669 0.0487852 0.0463677 0.0441219 0.0418639 0.0392187 0.0357358 0.0311171 0.0254434 0.0192376
 0.00727674 0.0116052 0.0170726 0.0235209 0.0307154 0.0382757 0.0456129 0.0520209 0.0569075 0.0599846 0.0612812 0.0610307 0.0595568 0.0572084 0.0543218 0.0511925 0.048054 0.0450569 0.0422332 0.0394536 0.036423 0.0327731 0.0282531 0.0229284 0.0172409
 0.00764466 0.0121862 0.0179152 0.0246589 0.0321629 0.0400194 0.0476033 0.054169 0.0590959 0.0620863 0.0631767 0.0626166 0.0607483 0.0579399 0.054548 0.0508857 0.0471988 0.0436476 0.0402824 0.0370148 0.0336184 0.0298034 0.0253734 0.0203884 0.0152159
 0.00788615 0.0125832 0.0185209 0.0255258 0.0333326 0.0415063 0.049378 0.0561517 0.0611673 0.0641105 0.0650242 0.0641785 0.0619407 0.0587028 0.0548401 0.0506795 0.0464774 0.0424048 0.0385318 0.0348078 0.0310659 0.0270867 0.0227246 0.0180391 0.0133334
 0.00819543 0.013072 0.0192311 0.0264896 0.0345696 0.0430185 0.0511393 0.0580996 0.0632018 0.0661044 0.0668403 0.0656895 0.0630461 0.0593383 0.0549766 0.0503129 0.0456163 0.041065 0.0367404 0.0326202 0.028587 0.0244816 0.0202032 0.0158109 0.0115504
 0.00853191 0.0136127 0.0200325 0.0275982 0.0360114 0.0447837 0.0531674 0.0602772 0.0653802 0.0681294 0.0685777 0.0670366 0.0639329 0.0597246 0.0548498 0.0496841 0.0445133 0.0395256 0.0348126 0.0303717 0.0261223 0.0219515 0.0177934 0.0137038 0.00987553
 0.00868957 0.0138697 0.0204217 0.0281538 0.0367663 0.0457627 0.0543767 0.0616932 0.066944 0.0697489 0.0701382 0.068417 0.0650241 0.0604428 0.0551422 0.0495271 0.0439084 0.0384947 0.0333976 0.0286396 0.0241729 0.0199217 0.0158448 0.0119919 0.00851042
 0.00905429 0.0144283 0.0211989 0.0291502 0.0379612 0.0471188 0.0558418 0.063201 0.0684177 0.0711097 0.0713133 0.0693436 0.0656497 0.060727 0.0550592 0.0490679 0.0430805 0.0373217 0.0319203 0.0269207 0.0223039 0.0180236 0.0140564 0.0104426 0.00728775
 0.00918502 0.0146486 0.0215439 0.0296556 0.038653 0.0479994 0.0568786 0.0643273 0.0695493 0.0721678 0.07224 0.0701032 0.0662185 0.061083 0.0551769 0.0489212 0.0426495 0.036601 0.0309258 0.0256956 0.0209222 0.0165878 0.0126846 0.00924455 0.00633775
 0.00904007 0.0144525 0.0213232 0.0294634 0.0385589 0.0480713 0.0571638 0.0648402 0.0702674 0.0730351 0.0731775 0.0710245 0.0670471 0.0617612 0.0556658 0.0491933 0.0426834 0.0363822 0.030454 0.0249941 0.0200446 0.0156166 0.0117192 0.00837976 0.00564077
 0.00901423 0.0143928 0.0212032 0.0292544 0.0382458 0.0476736 0.0567485 0.0645134 0.0701417 0.0731879 0.0736225 0.0717093 0.0678743 0.0626188 0.0564523 0.0498311 0.0431205 0.0365886 0.0304194 0.0247303 0.0195895 0.0150346 0.0110924 0.00779023 0.00515062
 0.0091194 0.0145399 0.0213788 0.0294274 0.0383716 0.0477044 0.0566483 0.0642732 0.0697931 0.0728066 0.0733124 0.07157 0.0679633 0.06293 0.0569205 0.0503576 0.0436038 0.0369471 0.030602 0.0247192 0.0193999 0.0147108 0.0106985 0.00739443 0.00480804
 0.00915808 0.0146102 0.0214971 0.0296093 0.0386236 0.0480121 0.0569686 0.0645392 0.069934 0.0727764 0.0731132 0.0712575 0.0676301 0.0626728 0.0568044 0.0503941 0.0437516 0.0371322 0.0307468 0.0247669 0.0193274 0.0145306 0.0104495 0.00712713 0.00456716
 0.00910659 0.0145333 0.021395 0.0294892 0.0385009 0.0479097 0.0569127 0.0645505 0.0700165 0.0729083 0.0732513 0.0713555 0.0676631 0.0626518 0.0567717 0.0504 0.0438264 0.0372699 0.0309086 0.0249005 0.0193911 0.0145089 0.0103558 0.00699348 0.00442921
 0.00933036 0.0148518 0.0217905 0.0299169 0.0389019 0.048232 0.0571287 0.0646612 0.0700427 0.0728762 0.0731796 0.0712482 0.0675119 0.0624475 0.0565177 0.0501198 0.0435569 0.0370445 0.0307408 0.0247793 0.0192907 0.0144054 0.0102395 0.00687088 0.00431504
 0.0095191 0.0151288 0.0221503 0.0303316 0.0393234 0.0486014 0.0573869 0.0647622 0.0699679 0.0726454 0.0728487 0.0708904 0.0671905 0.0621954 0.0563351 0.0499878 0.043456 0.036965 0.0306808 0.0247366 0.0192575 0.0143703 0.0101946 0.00681624 0.00425797
 0.00943068 0.0150305 0.0220849 0.0303627 0.0395136 0.0489788 0.0579198 0.0653593 0.0705074 0.0730183 0.0729942 0.0708093 0.0669355 0.0618453 0.0559661 0.0496525 0.0431779 0.0367457 0.0305119 0.0246077 0.0191585 0.0142919 0.0101291 0.00675934 0.00420929
 0.00915365 0.0146138 0.0215238 0.0296831 0.0387752 0.0482721 0.0573557 0.0650461 0.070515 0.0733446 0.0735579 0.0714787 0.0675792 0.0623769 0.0563595 0.0499283 0.0433758 0.0369009 0.030644 0.0247222 0.0192532 0.0143632 0.0101758 0.00678382 0.00421719
 0.00929649 0.0148058 0.0217387 0.0298725 0.0388837 0.0482612 0.0572245 0.0648368 0.0702997 0.0731999 0.0735359 0.0715863 0.0677749 0.0625879 0.0565133 0.0499821 0.043328 0.0367815 0.0304942 0.0245761 0.0191299 0.0142681 0.010106 0.00673405 0.0041824
 0.00947893 0.0150747 0.0220899 0.0302795 0.0392983 0.0486207 0.057462 0.0648966 0.070158 0.0728817 0.0731155 0.071165 0.0674427 0.0623904 0.056441 0.0499854 0.0433477 0.0367762 0.0304512 0.0245054 0.0190504 0.0141953 0.010048 0.00669184 0.00415369
 0.00941004 0.0149787 0.0219747 0.0301611 0.039195 0.0485431 0.0574059 0.0648424 0.0700789 0.0727564 0.0729423 0.0709688 0.0672716 0.062299 0.0564676 0.0501339 0.0435859 0.0370505 0.03071 0.024716 0.0192027 0.0142958 0.0101096 0.00672736 0.00417273
 0.00934601 0.0148714 0.0218087 0.0299233 0.0388815 0.0481677 0.0570044 0.0644671 0.0697812 0.0725681 0.0728649 0.0709806 0.0673455 0.0624194 0.0566357 0.0503592 0.0438706 0.0373792 0.0310506 0.0250317 0.0194657 0.0144941 0.0102462 0.00681387 0.00422327
 0.00937806 0.0149154 0.0218591 0.0299679 0.0389027 0.0481451 0.0569206 0.0643144 0.0695676 0.0723192 0.0726185 0.0707738 0.0672018 0.0623447 0.0566241 0.0504029 0.0439648 0.037519 0.031225 0.0252211 0.0196464 0.0146466 0.0103606 0.00689075 0.00426978
 0.00946375 0.015043 0.0220287 0.030171 0.0391225 0.0483588 0.0571018 0.0644347 0.0696019 0.0722523 0.072452 0.070529 0.0669155 0.0620588 0.0563738 0.0502105 0.0438389 0.0374585 0.0312219 0.0252615 0.0197125 0.0147198 0.010426 0.00694031 0.00430238
 0.00942316 0.0149755 0.0219249 0.0300221 0.0389233 0.0481126 0.0568231 0.0641492 0.0693405 0.0720429 0.0723122 0.070464 0.0669209 0.0621259 0.0564939 0.0503759 0.0440417 0.0376886 0.0314662 0.025505 0.0199393 0.0149158 0.0105821 0.00705377 0.00437714
 0.00936465 0.014891 0.021817 0.0298986 0.038794 0.0479832 0.056693 0.0640134 0.0691958 0.0718937 0.0721723 0.0703522 0.0668545 0.0621149 0.0565394 0.0504725 0.0441807 0.0378598 0.0316579 0.025704 0.0201311 0.015087 0.0107224 0.00715875 0.00444834
 0.00932394 0.0148333 0.0217461 0.0298241 0.0387288 0.04794 0.0566795 0.0640294 0.0692315 0.0719314 0.072192 0.0703396 0.0668072 0.0620442 0.0564653 0.0504155 0.0441557 0.037873 0.0317076 0.025782 0.0202255 0.0151842 0.0108106 0.00722992 0.00449954
 0.00925486 0.0147252 0.0215917 0.0296211 0.0384823 0.0476649 0.0564016 0.0637831 0.0690515 0.0718418 0.0721977 0.0704259 0.0669465 0.0622066 0.056629 0.0505708 0.0443034 0.0380188 0.0318557 0.025932 0.0203718 0.0153185 0.0109246 0.00731853 0.00456207
 0.00920594 0.0146528 0.0214959 0.0295058 0.0383534 0.0475277 0.0562599 0.0636407 0.0689157 0.0717254 0.0721173 0.0703959 0.0669725 0.0622826 0.0567393 0.0506971 0.0444315 0.0381421 0.0319738 0.0260462 0.0204817 0.0154205 0.0110133 0.00738939 0.00461345
 0.0091882 0.0146174 0.0214309 0.0293976 0.0381911 0.0473106 0.0560018 0.0633692 0.0686642 0.0715228 0.071982 0.0703356 0.0669874 0.0623672 0.0568827 0.050883 0.0446401 0.0383546 0.032176 0.0262298 0.0206427 0.0155568 0.0111234 0.007473 0.00467214
 0.00910483 0.014485 0.0212374 0.0291335 0.0378516 0.0468979 0.05553 0.0628674 0.0681762 0.0711013 0.0716779 0.0701864 0.0670089 0.0625507 0.0571996 0.051293 0.0450999 0.0388237 0.0326215 0.026628 0.0209798 0.0158274 0.011329 0.00761965 0.00476951
 0.00911038 0.0144887 0.0212326 0.02911 0.0377964 0.0467982 0.0553762 0.0626558 0.0679111 0.0707973 0.0713611 0.0698928 0.0667787 0.0624189 0.0571866 0.0513991 0.045306 0.0390978 0.0329268 0.0269309 0.0212542 0.0160574 0.011508 0.00774903 0.00485593
 0.00915752 0.0145565 0.0213179 0.0292033 0.0378832 0.0468618 0.0554005 0.0626271 0.06782 0.070641 0.0711457 0.0696354 0.0665065 0.0621666 0.0569897 0.0512859 0.04529 0.0391741 0.0330743 0.0271192 0.0214521 0.0162393 0.0116582 0.00786153 0.00493267
 0.00901266 0.0143565 0.0210824 0.0289713 0.0377011 0.0467639 0.0553941 0.0626908 0.0679156 0.0707295 0.0711995 0.0696428 0.0664704 0.0621017 0.0569188 0.0512354 0.0452838 0.0392265 0.0331856 0.0272753 0.0216295 0.0164131 0.0118085 0.00797781 0.00501362
 0.0089209 0.0142214 0.0209067 0.0287702 0.0375028 0.0466064 0.0553188 0.0627311 0.0680818 0.0709977 0.0715135 0.0699311 0.0666724 0.0621866 0.0568915 0.0511282 0.0451418 0.0390934 0.0330924 0.0272355 0.0216393 0.0164568 0.0118667 0.0080343 0.00505877
 0.00881618 0.0140515 0.0206526 0.0284177 0.0370487 0.0460679 0.0547413 0.0621869 0.0676564 0.0707655 0.0715143 0.0701563 0.067067 0.0626682 0.0573767 0.0515567 0.0454879 0.0393622 0.033306 0.0274174 0.0218039 0.0166069 0.0119975 0.0081393 0.00513508
 0.0087564 0.0139526 0.0205002 0.0281963 0.0367444 0.0456729 0.0542605 0.0616448 0.0670997 0.0702605 0.0711354 0.0699685 0.0671057 0.0629253 0.0578014 0.0520721 0.0460163 0.0398464 0.0337186 0.0277553 0.0220769 0.016826 0.0121696 0.00826852 0.00522551
 0.00882237 0.0140418 0.0206005 0.0282841 0.0367885 0.0456434 0.0541363 0.0614176 0.066776 0.0698622 0.0707013 0.0695528 0.0667705 0.0627257 0.0577684 0.0522013 0.0462694 0.0401662 0.0340491 0.0280569 0.0223304 0.0170277 0.0123236 0.00838097 0.00530295
 0.00896487 0.0142526 0.020878 0.0286109 0.037133 0.0459647 0.0543891 0.0615586 0.0667715 0.0696971 0.070386 0.0691232 0.0662825 0.0622455 0.0573599 0.0519127 0.0461216 0.040149 0.034128 0.0281878 0.0224744 0.0171592 0.0124306 0.00846089 0.00535835
 0.0089842 0.0142989 0.0209744 0.0287852 0.0374078 0.046342 0.054839 0.0620196 0.0671651 0.0699514 0.0704542 0.068994 0.0659787 0.0618173 0.0568742 0.0514396 0.0457206 0.0398569 0.0339531 0.0281137 0.02247 0.0171919 0.0124752 0.00850242 0.00539046
 0.00894603 0.0142537 0.0209385 0.0287867 0.0374821 0.0465224 0.0551454 0.0624478 0.0676807 0.0704894 0.0709302 0.0693236 0.066102 0.0617162 0.0565759 0.051007 0.0452329 0.0393893 0.0335605 0.0278222 0.0222787 0.017082 0.0124211 0.00848081 0.00538485
 0.00903492 0.0143719 0.0210687 0.0288996 0.037549 0.0465324 0.055118 0.06243 0.0677278 0.0706391 0.0711826 0.069637 0.0664055 0.0619329 0.0566489 0.0509175 0.045004 0.0390749 0.0332251 0.0275206 0.0220435 0.0169209 0.012324 0.00842959 0.0053615
 0.00891312 0.0141964 0.0208454 0.0286454 0.0372835 0.0462677 0.0548543 0.0621645 0.0674708 0.0704267 0.0710714 0.069681 0.0666265 0.0623032 0.0570981 0.0513585 0.0453651 0.0393216 0.0333627 0.0275809 0.0220646 0.0169316 0.0123379 0.00844824 0.00538082
 0.00833027 0.0132959 0.0195804 0.0270115 0.0353262 0.0440892 0.0526165 0.0600767 0.0657543 0.0692649 0.0705736 0.0698727 0.0674607 0.0636765 0.058863 0.0533385 0.0473784 0.0412106 0.0350182 0.0289506 0.0231439 0.0177463 0.0129266 0.00885269 0.00564203
 0.0081139 0.0129183 0.0189653 0.0260742 0.0339967 0.0423464 0.0505225 0.0577877 0.0634977 0.0672931 0.0691122 0.069082 0.0674139 0.0643562 0.0601714 0.055117 0.0494329 0.0433396 0.037042 0.0307359 0.0246159 0.0188858 0.0137561 0.00941952 0.00600366
 0.00817512 0.0130058 0.0190709 0.0261723 0.0340373 0.0422523 0.050196 0.0571348 0.0624679 0.0659195 0.0675285 0.0675008 0.0660752 0.0634656 0.0598529 0.0553922 0.0502258 0.0445021 0.0383911 0.0320931 0.0258405 0.0198924 0.0145162 0.00994856 0.0063432
 0.00795957 0.0127153 0.0187435 0.0258783 0.0338555 0.0422327 0.0503276 0.0573366 0.0626081 0.0658564 0.0671591 0.0668041 0.0651325 0.0624483 0.0589755 0.0548471 0.0501269 0.0448567 0.0391092 0.0330233 0.0268184 0.0207829 0.0152374 0.0104745 0.00669056
 0.00754926 0.0121112 0.0179544 0.0249605 0.032907 0.0413755 0.0496853 0.0570073 0.0626326 0.0661903 0.067671 0.0673122 0.0654712 0.0625337 0.0588388 0.0546188 0.0499799 0.0449355 0.0394759 0.0336433 0.0275852 0.0215655 0.0159266 0.0110092 0.00705983
#obs surv len freq
 nan nan nan nan nan nan nan nan nan nan nan nan nan nan nan nan nan nan nan nan nan nan nan nan nan
 0.00448842 0.00735152 0.0111832 0.0160007 0.0217018 0.027977 0.0342901 0.04002 0.0446979 0.0481599 0.050516 0.05201 0.0529006 0.0534116 0.0537247 0.0539787 0.0542567 0.054549 0.0546875 0.0542793 0.0527174 0.04935 0.0438004 0.0362815 0.0276662
 0.00461878 0.00756653 0.0115121 0.0164714 0.0223339 0.0287708 0.0352163 0.0410172 0.0456818 0.0490405 0.0512148 0.052472 0.0530986 0.0533459 0.0534185 0.0534699 0.0535893 0.0537662 0.0538287 0.0533819 0.0518208 0.0484977 0.0430379 0.0356471 0.0271814
 0.00477008 0.00781508 0.0118911 0.017014 0.023067 0.0297051 0.0363351 0.0422702 0.0469886 0.0503023 0.0523291 0.0533454 0.0536584 0.0535489 0.0532546 0.0529603 0.0527791 0.0527149 0.0526028 0.0520516 0.0504609 0.0471883 0.041858 0.034662 0.026427
 0.00496288 0.00812909 0.0123648 0.0176839 0.0239607 0.0308312 0.0376718 0.0437605 0.0485475 0.05183 0.0537238 0.0545111 0.0545094 0.0540152 0.0532894 0.052547 0.0519343 0.0514872 0.0510679 0.0503073 0.048623 0.0453842 0.0402135 0.0332797 0.0253646
 0.00517763 0.00848031 0.0128973 0.0184405 0.0249745 0.0321118 0.0391926 0.0454542 0.0503154 0.0535611 0.0553116 0.0558615 0.0555416 0.0546595 0.0534884 0.0522596 0.0511442 0.0502116 0.0493647 0.0482786 0.0464116 0.0431614 0.0381551 0.0315321 0.0240131
 0.00540662 0.00885559 0.0134678 0.0192538 0.0260681 0.0334988 0.0408466 0.0473038 0.0522539 0.0554665 0.0570656 0.0573616 0.0567036 0.0554161 0.0537852 0.0520531 0.0504044 0.0489326 0.0475798 0.0460754 0.0439391 0.0406189 0.0357603 0.0294742 0.0224086
 0.00565236 0.00925771 0.0140779 0.020122 0.0272334 0.0349744 0.0426046 0.049269 0.0543141 0.0574931 0.058934 0.058963 0.0579496 0.0562376 0.0541293 0.0518785 0.0496805 0.0476451 0.0457466 0.0437685 0.0413009 0.0378589 0.0331225 0.0271812 0.0206051
 0.00590055 0.0096642 0.0146954 0.0210016 0.0284151 0.0364722 0.0443899 0.0512656 0.0564081 0.0595546 0.0608374 0.0605993 0.0592298 0.0570923 0.0545054 0.0517353 0.0489871 0.0463841 0.0439281 0.0414527 0.0386197 0.0350193 0.0303774 0.024771 0.0186936
 0.00613864 0.0100566 0.015296 0.0218639 0.0295821 0.0379595 0.0461693 0.0532588 0.0584983 0.061609 0.0627292 0.0622199 0.060493 0.0579327 0.0548744 0.0515965 0.0483125 0.0451568 0.0421545 0.0391847 0.0359784 0.0322021 0.0276334 0.0223439 0.016756
 0.00638271 0.010455 0.0158986 0.0227188 0.0307267 0.0394066 0.0478923 0.0551851 0.0605181 0.0635953 0.0645574 0.0637815 0.0617015 0.0587245 0.0552056 0.0514371 0.0476415 0.0439624 0.0404439 0.0370051 0.0334399 0.0294883 0.0249801 0.0199867 0.0148653
 0.0066165 0.0108385 0.0164819 0.0235503 0.0318431 0.040818 0.0495664 0.0570432 0.0624472 0.0654704 0.0662623 0.0652197 0.0627981 0.0594246 0.0554711 0.0512428 0.0469714 0.0428094 0.0388182 0.0349512 0.0310585 0.026946 0.0224931 0.017773 0.0130852
 0.00684686 0.011217 0.0170591 0.024375 0.0329527 0.0422222 0.0512311 0.0588854 0.0643468 0.0672946 0.0678886 0.0665503 0.0637644 0.0599849 0.0556042 0.0509406 0.0462324 0.0416375 0.0372297 0.0329908 0.0288185 0.0245761 0.0201867 0.0157251 0.0114396
 0.0070806 0.011599 0.0176375 0.0251954 0.0340489 0.043601 0.0528578 0.060678 0.0661872 0.0690506 0.0694369 0.0677908 0.0646272 0.0604306 0.0556199 0.0505317 0.0454146 0.0404314 0.0356643 0.0311156 0.0267203 0.0223883 0.018078 0.0138644 0.00994995
 0.00729674 0.0119552 0.0181822 0.0259759 0.0351004 0.0449309 0.0544294 0.0624063 0.0679516 0.0707195 0.0708901 0.0689334 0.0653941 0.0607863 0.0555548 0.0500568 0.0445544 0.039219 0.034141 0.0293387 0.0247747 0.0203939 0.01618 0.0122049 0.00862977
 0.0074503 0.0122113 0.0185796 0.0265553 0.0358967 0.0459604 0.055676 0.0638155 0.0694362 0.0721738 0.0722073 0.0700182 0.0661718 0.0612076 0.0555965 0.0497191 0.0438555 0.0381909 0.0328279 0.027801 0.0230954 0.0186818 0.0145606 0.0107967 0.00751451
 0.00751773 0.0123216 0.0187478 0.0267983 0.0362333 0.0464097 0.0562534 0.0645269 0.070272 0.0731045 0.0731813 0.0709654 0.0670119 0.0618613 0.0559972 0.0498208 0.043637 0.0376557 0.0320035 0.0267386 0.0218712 0.0173945 0.0133212 0.009708 0.00664719
 0.00756226 0.0123891 0.0188409 0.0269173 0.0363782 0.0465829 0.0564621 0.0647835 0.0705927 0.0735044 0.073668 0.0715298 0.0676224 0.062463 0.0565192 0.050189 0.0437884 0.0375507 0.031633 0.0261271 0.0210759 0.0164995 0.0124244 0.00890108 0.00599482
 0.00767626 0.0125609 0.0190737 0.0272043 0.0367037 0.046925 0.0567962 0.065086 0.0708469 0.0737074 0.0738323 0.0716799 0.0677825 0.0626444 0.0567104 0.0503541 0.0438752 0.0375052 0.0314161 0.0257288 0.0205215 0.0158467 0.0117504 0.00828292 0.00548905
 0.00773926 0.0126642 0.0192302 0.0274244 0.0369907 0.0472695 0.0571715 0.0654515 0.0711586 0.0739323 0.07396 0.0717232 0.0677714 0.0626131 0.0566847 0.0503409 0.0438583 0.0374495 0.0312812 0.0254853 0.0201659 0.0154065 0.0112772 0.00783557 0.00511513
 0.00779359 0.0127466 0.0193434 0.0275683 0.0371632 0.0474683 0.0573942 0.0656922 0.0714046 0.0741627 0.0741493 0.0718497 0.0678253 0.0626016 0.0566278 0.0502618 0.0437711 0.0373523 0.0311564 0.0253103 0.0199273 0.0151109 0.0109523 0.00752068 0.00484602
 0.00782323 0.012793 0.0194096 0.0276554 0.03727 0.0475905 0.0575249 0.0658235 0.0715301 0.0742794 0.0742563 0.0719446 0.0679021 0.0626512 0.0566437 0.050244 0.0437252 0.0372838 0.0310653 0.0251898 0.0197702 0.0149181 0.0107377 0.00730817 0.00466023
 0.00786633 0.0128546 0.0194869 0.0277406 0.037353 0.0476629 0.0575827 0.0658677 0.0715646 0.0743093 0.0742856 0.0719765 0.0679373 0.0626875 0.0566754 0.0502636 0.0437262 0.0372622 0.031019 0.0251171 0.01967 0.0147931 0.0105969 0.00716658 0.00453429
 0.00788049 0.0128772 0.0195197 0.0277841 0.0374049 0.0477173 0.0576304 0.0658982 0.0715713 0.074293 0.0742558 0.0719474 0.067922 0.0626931 0.0567011 0.050302 0.0437663 0.0372927 0.0310306 0.0251039 0.0196301 0.0147288 0.0105157 0.00707983 0.00445404
 0.00788794 0.0128874 0.0195316 0.0277956 0.0374141 0.0477232 0.0576333 0.0658993 0.0715709 0.0742898 0.0742483 0.0719357 0.06791 0.0626873 0.0567079 0.0503239 0.0438003 0.0373309 0.0310629 0.0251211 0.0196265 0.0147039 0.010474 0.00702968 0.00440465
 0.00788695 0.012881 0.0195134 0.0277571 0.0373475 0.0476254 0.0575095 0.0657634 0.0714422 0.0741876 0.0741862 0.0719193 0.0679368 0.0627498 0.0567967 0.0504301 0.0439156 0.0374466 0.0311697 0.0252098 0.0196902 0.0147399 0.0104849 0.00702236 0.0043878
 0.0078981 0.0128955 0.0195282 0.0277664 0.0373432 0.0475991 0.0574544 0.065677 0.0713285 0.0740585 0.0740599 0.0718159 0.0678728 0.0627334 0.0568267 0.0504981 0.0440092 0.0375529 0.0312763 0.025306 0.0197677 0.0147942 0.0105161 0.00703445 0.00438742
 0.00789489 0.012888 0.0195126 0.0277377 0.0372963 0.0475304 0.0573636 0.0655678 0.0712077 0.0739352 0.0739446 0.0717205 0.0678091 0.0627114 0.0568516 0.0505681 0.0441157 0.0376824 0.0314134 0.0254363 0.0198798 0.0148811 0.0105761 0.00707045 0.00440531
 0.00787825 0.0128619 0.0194751 0.0276875 0.0372325 0.0474529 0.0572733 0.0654672 0.0711016 0.0738302 0.0738489 0.0716424 0.0677566 0.062691 0.0568678 0.0506225 0.0442054 0.0377996 0.031546 0.0255702 0.0200018 0.0149818 0.0106509 0.00712007 0.00443435
 0.00786018 0.0128279 0.0194156 0.0275917 0.037092 0.047267 0.0570529 0.0652345 0.0708844 0.0736533 0.0737285 0.0715845 0.067759 0.0627471 0.0569693 0.0507605 0.0443712 0.0379835 0.0317369 0.0257556 0.0201693 0.0151216 0.0107578 0.00719451 0.00448111
 0.00786607 0.0128334 0.0194162 0.0275796 0.0370574 0.0471998 0.0569461 0.0650873 0.0707045 0.073458 0.0735417 0.0714311 0.0676586 0.0627092 0.056993 0.0508378 0.0444901 0.0381307 0.0318992 0.0259198 0.0203229 0.0152541 0.0108627 0.00727016 0.00453048
 0.00781143 0.0127516 0.019306 0.0274443 0.0369031 0.0470337 0.0567744 0.0649156 0.0705385 0.0733048 0.0734105 0.0713334 0.0676066 0.0627131 0.0570576 0.0509599 0.0446595 0.0383321 0.0321151 0.0261332 0.020519 0.0154216 0.010995 0.00736616 0.00459399
 0.00779571 0.0127196 0.0192464 0.0273439 0.0367519 0.0468312 0.0565348 0.0646657 0.0703096 0.0731216 0.0732851 0.0712659 0.0675913 0.0627446 0.0571331 0.0510782 0.0448172 0.0385213 0.0323232 0.0263445 0.0207175 0.0155941 0.0111334 0.00746795 0.00466231
 0.00776832 0.0126766 0.019184 0.0272587 0.0366402 0.0466888 0.056359 0.0644586 0.0700821 0.0728949 0.0730867 0.0711221 0.0675191 0.0627478 0.0572047 0.0512054 0.0449867 0.0387205 0.0325391 0.0265631 0.0209241 0.0157755 0.0112803 0.00757722 0.00473642
 0.00773396 0.0126195 0.0190962 0.0271327 0.0364715 0.0464792 0.056119 0.0642062 0.0698385 0.0726794 0.0729138 0.0710027 0.0674623 0.0627599 0.0572872 0.0513526 0.0451858 0.0389547 0.0327902 0.0268135 0.0211578 0.015979 0.0114449 0.00769972 0.0048198
 0.00768688 0.012543 0.0189813 0.0269713 0.0362586 0.0462158 0.0558153 0.0638828 0.0695239 0.0724038 0.0727033 0.0708748 0.0674239 0.0628095 0.0574169 0.0515507 0.0454376 0.0392427 0.0330946 0.0271139 0.0214352 0.0162185 0.011637 0.00784209 0.00491649
 0.00769104 0.0125452 0.0189759 0.0269499 0.0362109 0.0461329 0.055692 0.0637198 0.0693283 0.072189 0.0724877 0.0706799 0.0672708 0.0627154 0.0573918 0.0515967 0.045549 0.0394076 0.0332965 0.0273332 0.021652 0.0164149 0.0118004 0.00796643 0.00500272
 0.00765257 0.0124911 0.0189098 0.0268795 0.036145 0.0460759 0.0556412 0.0636657 0.0692595 0.0720976 0.0723743 0.0705534 0.067147 0.0626128 0.057328 0.0515845 0.0455941 0.0395073 0.0334406 0.0275056 0.0218336 0.016587 0.0119482 0.00808169 0.00508414
 0.00764759 0.0124774 0.0188795 0.0268234 0.0360566 0.0459573 0.0555054 0.0635342 0.0691528 0.072026 0.0723338 0.0705304 0.0671277 0.0625912 0.0573086 0.0515789 0.0456155 0.0395648 0.0335356 0.0276309 0.0219755 0.0167291 0.0120754 0.00818409 0.00515825
 0.00762006 0.0124381 0.01883 0.0267675 0.0359979 0.0458959 0.0554375 0.0634547 0.0690611 0.0719295 0.0722466 0.0704668 0.0670947 0.0625865 0.0573241 0.0516081 0.0456572 0.0396226 0.0336138 0.0277298 0.022089 0.0168462 0.0121838 0.00827386 0.00522482
 0.00760641 0.0124155 0.0187954 0.0267187 0.0359348 0.0458223 0.0553608 0.0633841 0.0690034 0.0718863 0.0722144 0.0704413 0.0670748 0.0625749 0.0573248 0.0516231 0.0456865 0.0396657 0.0336707 0.0278004 0.0221708 0.0169331 0.012267 0.00834531 0.00527956
 0.00758772 0.0123874 0.0187575 0.0266718 0.0358805 0.0457622 0.0552969 0.0633191 0.0689415 0.071833 0.0721751 0.0704187 0.0670683 0.0625816 0.0573416 0.0516485 0.0457207 0.0397094 0.0337242 0.027863 0.0222403 0.017005 0.0123356 0.0084046 0.00532562
 0.00757074 0.0123577 0.0187091 0.0265987 0.0357789 0.0456335 0.05515 0.0631695 0.0688075 0.0717303 0.0721125 0.0703984 0.067087 0.0626327 0.0574169 0.0517395 0.0458202 0.0398121 0.033827 0.0279636 0.0223364 0.0170937 0.0124132 0.00846788 0.00537298
 0.00755654 0.012337 0.018682 0.0265661 0.0357412 0.0455895 0.0550965 0.0631031 0.0687276 0.0716417 0.0720258 0.0703265 0.0670409 0.0626183 0.0574343 0.051784 0.0458846 0.0398891 0.03391 0.0280477 0.0224176 0.0171684 0.0124783 0.00852082 0.00541259
 0.00752271 0.0122854 0.018611 0.0264768 0.0356379 0.045479 0.0549873 0.0630044 0.0686466 0.0715817 0.0719864 0.0703057 0.0670382 0.0626355 0.0574737 0.0518465 0.0459677 0.039987 0.0340154 0.0281532 0.0225168 0.0172565 0.0125519 0.00857834 0.00545418
 0.00751828 0.0122714 0.0185777 0.0264118 0.0355303 0.0453257 0.0547978 0.0628004 0.0684562 0.0714302 0.0718894 0.0702671 0.0670522 0.0626915 0.057561 0.0519566 0.046094 0.0401236 0.0341559 0.0282902 0.0226432 0.0173663 0.0126413 0.00864616 0.00550177
 0.0075021 0.0122495 0.0185521 0.0263859 0.0355054 0.0452983 0.0547582 0.0627363 0.0683597 0.0713051 0.0717522 0.0701417 0.0669611 0.0626479 0.0575668 0.052005 0.0461746 0.0402255 0.0342693 0.0284063 0.0227541 0.0174651 0.0127231 0.00870887 0.00554594
 0.00750205 0.0122488 0.0185502 0.0263822 0.0355006 0.045294 0.0547567 0.0627384 0.0683618 0.0712984 0.071726 0.0700897 0.0668866 0.0625644 0.0574928 0.0519561 0.0461587 0.0402423 0.0343123 0.0284664 0.0228216 0.0175316 0.012782 0.00875604 0.00558023
 0.00748696 0.012227 0.0185224 0.0263509 0.0354689 0.0452649 0.0547323 0.0627199 0.0683501 0.0712935 0.0717263 0.0700907 0.0668823 0.0625505 0.05747 0.0519314 0.0461423 0.0402431 0.034334 0.0285067 0.0228738 0.0175873 0.0128338 0.0087988 0.00561187
 0.00750246 0.0122475 0.0185447 0.0263695 0.0354778 0.0452608 0.0547163 0.0626971 0.0683272 0.0712754 0.0717145 0.0700834 0.0668757 0.0625403 0.0574533 0.0519083 0.0461166 0.0402214 0.0343231 0.0285106 0.0228919 0.017615 0.0128648 0.00882752 0.00563475
 0.00750246 0.0122475 0.0185447 0.0263695 0.0354778 0.0452608 0.0547163 0.0626971 0.0683272 0.0712754 0.0717145 0.0700834 0.0668757 0.0625403 0.0574533 0.0519083 0.0461166 0.0402214 0.0343231 0.0285106 0.0228919 0.017615 0.0128648 0.00882752 0.00563475
 0.00707787 0.0115782 0.017579 0.0250803 0.0338759 0.043411 0.0527505 0.0608086 0.0667363 0.0701767 0.071229 0.0702371 0.0676059 0.0637209 0.0589279 0.053521 0.0477352 0.0417479 0.0356942 0.029691 0.0238665 0.0183835 0.0134389 0.00922996 0.00589678
 0.00700211 0.0114066 0.0172324 0.0244574 0.0328814 0.0419992 0.050964 0.0587894 0.0646995 0.0683614 0.0698496 0.0694475 0.0674787 0.0642412 0.0600009 0.0549953 0.0494346 0.0435039 0.0373687 0.0311868 0.025127 0.0193866 0.0141904 0.00975641 0.00623896
 0.0070324 0.011462 0.0173224 0.024582 0.0330155 0.0420758 0.0508727 0.0584023 0.0639242 0.0671978 0.068415 0.0679538 0.0661721 0.0633328 0.0596164 0.0551552 0.0500646 0.0444656 0.0384992 0.0323344 0.0261753 0.0202641 0.0148681 0.0102398 0.0065565
 0.00709023 0.0115654 0.0174951 0.0248511 0.0334029 0.0425837 0.0514664 0.0589981 0.0643931 0.0673896 0.0682041 0.0672918 0.0651235 0.0620719 0.0583782 0.0541627 0.0494637 0.0442944 0.0386975 0.0327812 0.0267338 0.0208182 0.0153418 0.0105995 0.00680204
 0.00708056 0.0115621 0.0175137 0.0249157 0.0335424 0.0428243 0.0518223 0.0594624 0.0649297 0.0679275 0.0686394 0.0675052 0.0650155 0.0616066 0.0576139 0.0532464 0.0485864 0.0436256 0.0383312 0.0327175 0.026899 0.0211061 0.015654 0.0108702 0.00700237
#pred catch len freq
 0.00393543 0.00626647 0.00921945 0.0127564 0.01686 0.0215064 0.0265991 0.0319404 0.037268 0.0423153 0.0468526 0.050711 0.0537999 0.0561116 0.0577053 0.0586838 0.0591746 0.0592982 0.0590958 0.0584131 0.0568123 0.0536422 0.0483391 0.0408446 0.0318489
 0.00410291 0.00647803 0.00942895 0.0128922 0.0168553 0.0213411 0.0263253 0.0316669 0.0371075 0.0423245 0.047006 0.050923 0.0539805 0.0562186 0.0577655 0.0587736 0.0593713 0.0596258 0.0594934 0.0587464 0.0569303 0.0534515 0.0478534 0.0401785 0.0311596
 0.0042652 0.0067417 0.00982047 0.0134229 0.0175046 0.0220402 0.0269582 0.0321029 0.0372599 0.0422005 0.0467055 0.0505825 0.0536991 0.0560213 0.0576238 0.0586558 0.0592755 0.0595704 0.059478 0.0587212 0.0568057 0.0531466 0.0473508 0.0395422 0.0305049
 0.00445961 0.0070455 0.0102568 0.0140102 0.0182581 0.0229691 0.0280515 0.0333073 0.0384625 0.0432396 0.0474176 0.0508676 0.0535635 0.0555656 0.0569849 0.0579474 0.0585628 0.0588785 0.0588062 0.0580481 0.0560933 0.0523604 0.0464912 0.0386616 0.0296909
 0.00468694 0.00740155 0.0107683 0.014695 0.0191259 0.0240213 0.0292779 0.0346802 0.0399298 0.0447162 0.0487797 0.0519612 0.0542375 0.0557221 0.0566183 0.0571442 0.0574603 0.0576108 0.057468 0.0566876 0.0547277 0.0510028 0.0451747 0.0374479 0.0286543
 0.00494637 0.00781105 0.0113627 0.0155011 0.0201612 0.0252906 0.0307666 0.0363475 0.0417072 0.0465114 0.0504826 0.0534475 0.0553737 0.0563789 0.0566972 0.0566087 0.0563544 0.0560478 0.0555946 0.0546459 0.0526362 0.0489609 0.0432764 0.0357856 0.0273041
 0.00520734 0.00822242 0.0119592 0.0163107 0.021205 0.0265819 0.0323036 0.0381039 0.0436248 0.0484998 0.052425 0.0552111 0.0568216 0.0573812 0.0571412 0.0564132 0.0554885 0.0545478 0.0535665 0.0522489 0.0500568 0.0463895 0.0408894 0.0337288 0.0256715
 0.00552533 0.00871525 0.0126573 0.0172301 0.0223503 0.0279497 0.0338814 0.0398634 0.0455175 0.0504546 0.0543498 0.0569963 0.0583463 0.0585213 0.0577785 0.0564463 0.054847 0.0532113 0.0515835 0.0497461 0.0472316 0.0434835 0.0381493 0.0313608 0.0238037
 0.0058745 0.00926484 0.0134515 0.0182999 0.0237111 0.029597 0.0357828 0.0419535 0.0477014 0.0526211 0.0563849 0.0587934 0.0598088 0.0595618 0.0583152 0.0564017 0.0541538 0.0518281 0.0495209 0.0470932 0.044169 0.0402691 0.0350735 0.0286818 0.0216872
 0.00622475 0.00981006 0.0142287 0.0193321 0.0250099 0.0311642 0.0376048 0.0439908 0.04988 0.0548324 0.0584967 0.0606683 0.061324 0.0606209 0.0588486 0.0563569 0.0534862 0.0505047 0.0475396 0.0445153 0.0411462 0.0370451 0.0319448 0.0259276 0.0194972
 0.00659331 0.0103849 0.0150496 0.0204225 0.0263777 0.0328014 0.0394831 0.0460557 0.05205 0.0570044 0.0605544 0.0624901 0.0627925 0.0616343 0.0593286 0.0562506 0.0527611 0.0491449 0.0455542 0.0419623 0.0381614 0.0338527 0.0288296 0.0231687 0.0172919
 0.00690145 0.0108745 0.0157662 0.0214031 0.0276472 0.0343656 0.0413181 0.0481 0.0542066 0.0591526 0.0625657 0.0642423 0.0641801 0.0625725 0.0597544 0.0561194 0.0520446 0.0478309 0.0436558 0.0395366 0.0353343 0.0308294 0.025873 0.0205414 0.015184
 0.00728447 0.0114683 0.0166073 0.0225108 0.0290257 0.0360071 0.0431979 0.0501668 0.0563742 0.0613021 0.0645572 0.0659354 0.0654547 0.0633443 0.0599773 0.0557776 0.05114 0.0463766 0.0416806 0.037103 0.0325616 0.0279054 0.0230367 0.0180313 0.0131735
 0.00760175 0.0119725 0.017345 0.0235189 0.0303272 0.0376027 0.0450559 0.0522164 0.0585101 0.0633972 0.0664781 0.0675543 0.0666607 0.0640529 0.0601379 0.0553743 0.050185 0.0449017 0.0397348 0.0347617 0.0299432 0.0251821 0.0204199 0.0157295 0.0113363
 0.00785117 0.0123632 0.0179072 0.0242749 0.0312932 0.0387889 0.0464604 0.0538146 0.0602453 0.0651786 0.0681883 0.0690652 0.067853 0.0648316 0.0604402 0.0551698 0.049472 0.043703 0.0380974 0.0327619 0.0276956 0.0228437 0.0181763 0.0137592 0.00976547
 0.00817425 0.012856 0.0185894 0.0251461 0.0323381 0.0399851 0.0477813 0.0552263 0.0617018 0.066619 0.0695378 0.0702397 0.0687661 0.065406 0.0606173 0.054916 0.04878 0.0425906 0.0366071 0.0309646 0.025697 0.0207839 0.0162164 0.01205 0.00841036
 0.0082935 0.0130547 0.0188972 0.0255932 0.0329492 0.0407691 0.048723 0.0562844 0.0628178 0.0677305 0.0705883 0.0711795 0.0695477 0.0659796 0.0609319 0.0549251 0.0484499 0.0419089 0.0355894 0.0296603 0.0241922 0.0191983 0.014688 0.0107072 0.00734133
 0.00816787 0.0128855 0.018709 0.0254348 0.0328853 0.0408652 0.049028 0.0568186 0.0635663 0.0686439 0.0715903 0.072182 0.0704679 0.0667507 0.0615037 0.0552586 0.0485138 0.0416813 0.035067 0.0288687 0.0231929 0.018087 0.01358 0.00971279 0.00653892
 0.00813701 0.0128226 0.0185928 0.0252436 0.0326103 0.0405269 0.0486875 0.0565704 0.0635114 0.0688537 0.07208 0.0729054 0.0713335 0.0676478 0.0623271 0.0559238 0.0489609 0.0418738 0.0349904 0.0285345 0.0226435 0.0173958 0.0128412 0.0090209 0.00596511
 0.00822978 0.0129517 0.0187454 0.0253905 0.0327093 0.040533 0.0485663 0.0563146 0.0631547 0.0684746 0.0717862 0.0727999 0.0714747 0.068027 0.0628726 0.0565273 0.0495106 0.0422786 0.0351929 0.0285146 0.0224186 0.017017 0.0123823 0.00856065 0.00556714
 0.00824484 0.0129841 0.0188079 0.0254968 0.0328667 0.0407323 0.048775 0.0564797 0.0632188 0.0684003 0.0715781 0.0725115 0.0711956 0.0678506 0.0628597 0.0566822 0.0497806 0.042577 0.0354301 0.0286257 0.0223783 0.016841 0.0121176 0.00826721 0.00529852
 0.00823325 0.0129674 0.0187876 0.0254776 0.0328582 0.0407484 0.0488308 0.0565837 0.0633633 0.0685552 0.0716975 0.0725528 0.0711429 0.0677285 0.0627253 0.0565985 0.0497853 0.0426646 0.0355564 0.0287303 0.0224124 0.0167859 0.0119874 0.0080976 0.00512924
