SBPRF35
12.7214
Curr Bio
798964
B35
887487
F35
0.16909
FOFL
0.151349
OFL
99770.9
Bzero
3.63469e+006
#pred survey bio
 3.59215e+006 3.46631e+006 3.34923e+006 3.17061e+006 2.95997e+006 2.74299e+006 2.50216e+006 2.27489e+006 2.03997e+006 1.82312e+006 1.59876e+006 1.41203e+006 1.23647e+006 1.08065e+006 990084 871987 790230 719943 680320 650829 622232 584646 573952 553721 537476 529305 532585 539809 546369 545558 551659 558121 561656 572609 587620 611910 629030 633093 644116 660082 666035 673791 683230 691302 693572 701256 701359 707032 713835 707672 710679 734407 761216 792304 806716 803801 2.81228e+007 1.67513e+007 1.69494e+007 1.779e+007 1.90735e+007 2.05412e+007 2.1995e+007 2.33149e+007 2.44461e+007 2.53779e+007 2.61245e+007 2.67111e+007 2.7166e+007 2.75156e+007 2.77829e+007 2.79868e+007 2.81423e+007 2.8261e+007 2.83519e+007 2.84217e+007 2.84755e+007 2.85172e+007 2.85497e+007 2.8575e+007 2.8595e+007 2.86107e+007 2.86232e+007 2.8633e+007 2.86409e+007 2.86472e+007 2.86522e+007 2.86563e+007 2.86595e+007 2.86622e+007 2.86643e+007 2.86661e+007 2.86675e+007 2.86686e+007 2.86696e+007 2.86703e+007 2.86709e+007 2.86714e+007 2.86719e+007 2.86722e+007 2.86725e+007 2.86727e+007 2.86729e+007 2.8673e+007 2.86732e+007 2.86733e+007 2.86733e+007 2.86734e+007 2.86735e+007 2.86735e+007 2.86735e+007 2.86736e+007 2.86736e+007 2.86736e+007 2.86736e+007 2.86737e+007 2.86737e+007 2.86737e+007 2.86737e+007 2.86737e+007 2.86737e+007 2.86737e+007 2.86737e+007 2.86737e+007 2.86737e+007 2.86737e+007 2.86737e+007 2.86737e+007 2.86737e+007 2.86737e+007 2.86737e+007 2.86737e+007 2.86737e+007 2.86737e+007 2.86737e+007 2.86737e+007 2.86737e+007 2.86737e+007 2.86737e+007 2.86737e+007 2.86737e+007 2.86737e+007 2.86737e+007 2.86737e+007 2.86737e+007 2.86737e+007 2.86737e+007 2.86737e+007 2.86737e+007 2.86737e+007 2.86737e+007 2.86737e+007 2.86737e+007 2.86737e+007 2.86737e+007 2.86737e+007 0 0 0 0 0 0 0 0 0 0 0 0 0 0 0 0 0 0 0 0 0 0 0 0 0
#obs survey bio
 3.37977e+006 2.49818e+006 3.08481e+006 4.5905e+006 1.90577e+006 2.34165e+006 2.33631e+006 1.80092e+006 1.84323e+006 2.04186e+006 1.02302e+006 1.23461e+006 977937 950926 669337 790477 769040 652194 730845 585972 454597 592610 470840 425333 456871 525875 402704 613241 586559 517047 736695 514922 452215 629214 610394 614973 764740 596241 754924 612266 684351 418580 877538 692688 814587 599212 607871 737957 785572 869850 538500 684598 772733 786577 946241 1.07674e+006
#pred catch bio
 104407 101967 166359 206805 226597 264559 269433 293413 292429 311943 288089 284763 270285 214820 237817 201984 187289 156803 145256 141874 146287 121154 127670 121830 112847 102230 98805.1 98949.3 103885 96741.3 95963.7 98436 92912.3 91218.7 85808 93936.8 105621 100133 97156 106492 105156 104081 105247 109323 104114 110910 106804 106536 117372 109253 92980.5 92230.4 89490.5 103410 115675 108700 99770.9 109601 109710 113864 121507 130576 139558 147616 154396 159851 164097 167321 169723 171485 172764 173683 174338 174803 175131 175362 175524 175637 175716 175771 175809 175836 175854 175867 175875 175882 175886 175889 175891 175892 175893 175894 175894 175894 175895 175895 175895 175895 175895 175895 175895 175895 175895 175895 175895 175895 175895 175895 175895 175895 175895 175895 175895 175895 175895 175895 175895 175895 175895 175895 175895 175895 175895 175895 175895 175895 175895 175895 175895 175895 175895 175895 175895 175895 175895 175895 175895 175895 175895 175895 175895 175895 175895 175895 175895 175895 175895 175895 175895 175895 175895 175895 175895 175895 175895 175895 0 0 0 0 0 0 0 0 0 0 0 0 0 0 0 0 0 0 0 0 0 0 0 0 0
#obs catch bio
 0 101581 166613 206542 226413 264814 268876 294511 293073 313185 291258 289096 275605 218371 243809 205606 189714 158152 146347 142533 148352 122244 129608 124115 114582 103273 100224 99807 104672 97123.5 95758.9 98586 93158.4 91557 86208.6 94456.8 105836 100595 97307.1 107173 105468 104554 105473 109696 103256 110750 107003 106831 117439 109091 92931.5 92514.7 89576.8 103476 116059 108648
#pred cpue bio
 3.54798e+006 3.42378e+006 3.30787e+006 3.12985e+006 2.91971e+006 2.70307e+006 2.46271e+006 2.23576e+006 2.00139e+006 1.78521e+006 1.56192e+006 1.37609e+006 1.20183e+006 1.04748e+006 957660 841439 761279 692638 654014 625317 597363 560605 550147 530491 514831 507134 510511 517760 524504 524080 530319 536765 540168 550746 565282 588958 605822 609888 620640 636243 642136 649804 659124 667255 669817 677418 677288 682651 689380 683481 686380 709545 736069 767062 781666 779396 2.73066e+007 1.62783e+007 1.63485e+007 1.70359e+007 1.82629e+007 1.97168e+007 2.11677e+007 2.2487e+007 2.36181e+007 2.45499e+007 2.52965e+007 2.58831e+007 2.6338e+007 2.66876e+007 2.69549e+007 2.71588e+007 2.73143e+007 2.7433e+007 2.75239e+007 2.75937e+007 2.76475e+007 2.76892e+007 2.77216e+007 2.7747e+007 2.7767e+007 2.77827e+007 2.77951e+007 2.7805e+007 2.78129e+007 2.78191e+007 2.78242e+007 2.78282e+007 2.78315e+007 2.78342e+007 2.78363e+007 2.7838e+007 2.78395e+007 2.78406e+007 2.78415e+007 2.78423e+007 2.78429e+007 2.78434e+007 2.78438e+007 2.78442e+007 2.78445e+007 2.78447e+007 2.78449e+007 2.7845e+007 2.78451e+007 2.78452e+007 2.78453e+007 2.78454e+007 2.78454e+007 2.78455e+007 2.78455e+007 2.78456e+007 2.78456e+007 2.78456e+007 2.78456e+007 2.78456e+007 2.78456e+007 2.78457e+007 2.78457e+007 2.78457e+007 2.78457e+007 2.78457e+007 2.78457e+007 2.78457e+007 2.78457e+007 2.78457e+007 2.78457e+007 2.78457e+007 2.78457e+007 2.78457e+007 2.78457e+007 2.78457e+007 2.78457e+007 2.78457e+007 2.78457e+007 2.78457e+007 2.78457e+007 2.78457e+007 2.78457e+007 2.78457e+007 2.78457e+007 2.78457e+007 2.78457e+007 2.78457e+007 2.78457e+007 2.78457e+007 2.78457e+007 2.78457e+007 2.78457e+007 2.78457e+007 2.78457e+007 2.78457e+007 2.78457e+007 2.78457e+007 2.78457e+007 2.78457e+007 0 0 0 0 0 0 0 0 0 0 0 0 0 0 0 0 0 0 0 0 0 0 0 0 0
#obs cpue bio
 2.59789e+006 4.78154e+006 4.27645e+006 3.0342e+006 3.03614e+006 3.00557e+006 3.19672e+006 1.65174e+006 2.2529e+006 1.55459e+006 1.1732e+006 1.13818e+006 1.04012e+006 756491 1.05435e+006 824506 888699 709440 570530 742632 485572 461359 470076 420193 542459 515141 409391 566026 523716 578034 620831 468482 546239 453935 396619 560135 734651 438270 602247 506841 725599 844980 601244 626032 1.43365e+006 520480 540438 558142 888163 641961 711342 580095 740129 947861 572672 714748
#pred surv len freq
 0.00478218 0.00773834 0.0115997 0.0163372 0.0218396 0.0278443 0.0339038 0.0394861 0.0441688 0.0477756 0.0503612 0.0520999 0.0531846 0.0537819 0.0540237 0.0540174 0.0538606 0.0536376 0.0533617 0.0528619 0.0516855 0.0491525 0.0446423 0.0380098 0.0298436
 0.00497262 0.00797193 0.0118144 0.0164381 0.0217362 0.0275031 0.0333829 0.0389206 0.0437103 0.0475222 0.0503224 0.0522159 0.05338 0.0540162 0.0543092 0.0543988 0.0543707 0.054253 0.053984 0.0533389 0.0518708 0.0489735 0.0441393 0.0373194 0.0291355
 0.00512043 0.00822346 0.0122078 0.0170004 0.0224589 0.0283166 0.0341503 0.0394734 0.0439201 0.047367 0.0498996 0.0516874 0.0528916 0.0536457 0.0540709 0.05428 0.0543598 0.0543337 0.0541093 0.053418 0.0517915 0.0486559 0.0435842 0.0366156 0.0284183
 0.00532568 0.00854732 0.0126786 0.0176415 0.0232886 0.0293416 0.0353502 0.0407795 0.0452028 0.0484516 0.0506149 0.0519311 0.0526733 0.0530773 0.0533114 0.0534719 0.0535927 0.0536403 0.0534744 0.0527899 0.0511015 0.0478527 0.0426708 0.0356608 0.0275297
 0.00557899 0.00894918 0.0132648 0.0184388 0.0243105 0.0305825 0.0367784 0.042334 0.0467961 0.049974 0.0519379 0.0529156 0.0531941 0.0530639 0.0527803 0.0525257 0.0523811 0.0523047 0.0521078 0.0514267 0.0497374 0.0464809 0.0413161 0.03439 0.0264306
 0.00583721 0.00936235 0.0138745 0.0192798 0.0254053 0.0319323 0.0383529 0.0440669 0.0485921 0.0517235 0.0535293 0.0542393 0.0541427 0.0535374 0.0527063 0.0518867 0.0512306 0.0507574 0.050304 0.0494938 0.0477722 0.0445589 0.0395126 0.0327896 0.0251123
 0.00616589 0.00988107 0.0146265 0.0202961 0.0267011 0.0335014 0.0401587 0.0460374 0.0506255 0.0537021 0.055335 0.0557632 0.0552877 0.0542177 0.0528482 0.0514381 0.0501785 0.0491447 0.0482327 0.0471101 0.0452426 0.0420509 0.037183 0.0307723 0.0234996
 0.00645557 0.0103502 0.0153289 0.0212805 0.0280014 0.0351223 0.0420614 0.0481353 0.0527973 0.0558155 0.057267 0.0574093 0.0565602 0.0550409 0.0531548 0.0511703 0.0492971 0.0476461 0.0461683 0.0445974 0.04246 0.0392161 0.034519 0.0284685 0.0216762
 0.00676467 0.0108458 0.0160629 0.022298 0.0293354 0.0367825 0.0440203 0.0503199 0.0550927 0.0580819 0.0593604 0.0591994 0.0579417 0.0559358 0.0535072 0.0509378 0.0484476 0.0461657 0.0440821 0.041994 0.0395055 0.0361441 0.0315922 0.0259215 0.0196611
 0.00708444 0.0113544 0.0168077 0.0233173 0.0306527 0.0383996 0.0459064 0.0524061 0.0572781 0.0602477 0.0613842 0.0609649 0.0593442 0.0568872 0.053938 0.0507967 0.047699 0.0447923 0.0420985 0.0394706 0.0365904 0.033064 0.0286191 0.0233108 0.0175858
 0.00744895 0.0119394 0.0176737 0.0245142 0.0322103 0.0403112 0.0481142 0.0547971 0.0597016 0.0625453 0.0634176 0.0626283 0.0605637 0.0576124 0.0541335 0.0504355 0.0467593 0.0432627 0.0399917 0.0368482 0.0335875 0.0298966 0.0255565 0.0206138 0.0154368
 0.00772205 0.0123844 0.0183456 0.0254663 0.0334848 0.041925 0.050041 0.0569587 0.0619738 0.0647776 0.0654574 0.0643414 0.0618477 0.0584011 0.054392 0.0501487 0.0459215 0.0418739 0.0380685 0.0344456 0.0308253 0.026969 0.0227111 0.0180957 0.0134217
 0.0080161 0.0128555 0.0190421 0.0264297 0.0347438 0.0434855 0.0518735 0.0589912 0.064097 0.0668605 0.0673647 0.0659481 0.0630501 0.0591245 0.0545936 0.0498137 0.0450542 0.0404912 0.0362014 0.032155 0.0282232 0.0242308 0.0200588 0.015751 0.0115449
 0.00834494 0.0133753 0.0197969 0.0274508 0.0360449 0.0450552 0.0536665 0.0609246 0.0660593 0.0687299 0.0690267 0.0673063 0.0640289 0.0596695 0.0546707 0.049408 0.0441679 0.0391416 0.0344239 0.0300131 0.0258234 0.0217307 0.0176537 0.0136335 0.00985372
 0.00835574 0.0134172 0.0199058 0.0276768 0.0364433 0.0456697 0.0545135 0.0619865 0.0672887 0.0700595 0.0703783 0.068596 0.0651709 0.0605806 0.0552756 0.0496453 0.0439951 0.0385396 0.0334027 0.0286187 0.0241466 0.0199081 0.0158535 0.0120212 0.00855089
 0.00850424 0.0136643 0.0202883 0.0282336 0.0372075 0.046657 0.0557087 0.0633363 0.0687064 0.07144 0.0716175 0.0696076 0.0658967 0.0609911 0.0553628 0.0494106 0.0434414 0.0376707 0.0322316 0.0271815 0.0225149 0.018194 0.0141962 0.0105577 0.00737952
 0.00860687 0.0138181 0.0204972 0.0284963 0.0375243 0.0470364 0.0561703 0.0639046 0.069397 0.0722447 0.072496 0.0704909 0.0667011 0.0616361 0.0557849 0.0495693 0.0433165 0.0372578 0.0315401 0.0262406 0.0213823 0.01696 0.0129744 0.0094616 0.0064927
 0.00878884 0.014095 0.020878 0.0289752 0.0380806 0.0476382 0.0567778 0.0644781 0.0699073 0.0726829 0.0728737 0.0708274 0.0670053 0.0618941 0.0559607 0.0496163 0.0431917 0.0369318 0.0310038 0.0255085 0.0204966 0.0159908 0.0120116 0.0085954 0.00579035
 0.00887682 0.0142258 0.0210521 0.0291853 0.0383141 0.0478806 0.0570166 0.0647034 0.0701129 0.072868 0.0730447 0.0709979 0.0671907 0.0621019 0.0561809 0.049817 0.0433244 0.0369448 0.0308571 0.0251873 0.020018 0.0154037 0.0113869 0.00800847 0.00530066
 0.00902495 0.0144429 0.0213346 0.0295137 0.0386578 0.0482064 0.0572961 0.0649167 0.0702507 0.0729322 0.0730484 0.0709625 0.0671415 0.0620618 0.0561639 0.0498223 0.043333 0.0369222 0.0307635 0.024992 0.0197136 0.0150118 0.0109535 0.00758967 0.00494411
 0.00907961 0.0145469 0.0215174 0.029808 0.0390861 0.0487635 0.0579358 0.0655567 0.0707955 0.073305 0.0732134 0.0709289 0.0669511 0.0617718 0.0558304 0.0494885 0.0430227 0.0366372 0.030488 0.0247029 0.0193942 0.0146629 0.0105956 0.00725491 0.00466298
 0.00924889 0.0148062 0.0218787 0.0302741 0.0396535 0.0494238 0.0586735 0.0663399 0.0715676 0.0739848 0.0737092 0.0711644 0.0668912 0.0614346 0.0552802 0.048813 0.042307 0.0359448 0.0298529 0.024134 0.0188863 0.0142098 0.0101983 0.00692148 0.00440201
 0.00921397 0.0147525 0.0218041 0.0301802 0.0395467 0.0493183 0.0585922 0.0663147 0.0716336 0.0741687 0.0740147 0.0715612 0.0673172 0.0618128 0.055545 0.0489318 0.0422858 0.0358173 0.0296611 0.0239124 0.0186569 0.013985 0.00998785 0.00673562 0.0042503
 0.00917725 0.0147115 0.0217765 0.0301925 0.0396254 0.0494768 0.0588217 0.0665848 0.0719054 0.0744113 0.0742155 0.0717244 0.0674518 0.0619194 0.0556097 0.0489319 0.0422036 0.0356516 0.0294297 0.0236446 0.0183827 0.0137279 0.00976296 0.00655128 0.00410957
 0.0091743 0.0146971 0.0217385 0.0301175 0.039507 0.0493257 0.0586701 0.0664794 0.0718885 0.0745008 0.0743977 0.071963 0.067706 0.0621582 0.0558138 0.0490883 0.0423006 0.03568 0.0293883 0.0235439 0.0182428 0.0135727 0.00961366 0.0064228 0.00400943
 0.00925415 0.0148005 0.021845 0.0301909 0.0395046 0.0492138 0.0584395 0.0661533 0.0715197 0.0741595 0.0741524 0.0718605 0.0677579 0.0623403 0.0560784 0.0493822 0.0425775 0.035907 0.0295468 0.0236295 0.0182636 0.0135459 0.00956034 0.006362 0.00395461
 0.00916795 0.0146772 0.0216895 0.0300154 0.0393211 0.0490244 0.0582323 0.0659086 0.0712264 0.0738311 0.0738332 0.071615 0.0676484 0.062403 0.0563107 0.0497444 0.0430083 0.0363419 0.0299338 0.0239368 0.0184806 0.0136795 0.0096285 0.00638659 0.00395552
 0.00900463 0.014427 0.0213427 0.0295759 0.0388083 0.0484733 0.0576907 0.0654292 0.070853 0.0735859 0.0737142 0.0716079 0.0677428 0.0626005 0.0566185 0.0501602 0.0435088 0.036883 0.0304618 0.0244031 0.0188541 0.0139505 0.00980558 0.00648991 0.00400846
 0.00888935 0.0142403 0.0210636 0.0291873 0.0383031 0.0478621 0.0570097 0.0647406 0.0702337 0.0731086 0.0734289 0.0715313 0.0678607 0.0628798 0.0570219 0.0506552 0.0440673 0.0374747 0.0310496 0.0249461 0.0193164 0.0143107 0.0100612 0.00665417 0.00410356
 0.00888355 0.0142242 0.0210266 0.0291138 0.038174 0.0476595 0.0567224 0.06437 0.0697987 0.0726472 0.0729934 0.0711784 0.0676373 0.0628112 0.0571083 0.050877 0.0443937 0.0378708 0.0314788 0.0253713 0.0197027 0.0146313 0.0103029 0.00681878 0.00420438
 0.00892561 0.0142715 0.0210586 0.0290984 0.0380756 0.0474523 0.0564013 0.0639536 0.0693232 0.0721565 0.0725325 0.0707897 0.0673588 0.0626727 0.0571255 0.0510469 0.0446946 0.0382666 0.0319261 0.0258258 0.0201246 0.0149904 0.0105822 0.00701636 0.0043308
 0.00898333 0.0143582 0.0211745 0.0292356 0.038216 0.0475665 0.0564513 0.0639008 0.0691413 0.071845 0.0721211 0.070332 0.0669171 0.0623041 0.0568723 0.0509327 0.044723 0.0384223 0.0321778 0.0261322 0.0204426 0.0152825 0.0108229 0.00719494 0.00444995
 0.00904287 0.0144524 0.0213111 0.0294189 0.0384445 0.0478297 0.0567261 0.0641503 0.0693197 0.0719073 0.0720368 0.0700961 0.0665553 0.0618682 0.0564278 0.0505427 0.0444348 0.0382594 0.0321389 0.026195 0.0205716 0.0154389 0.0109738 0.00731907 0.00453913
 0.00906398 0.0144795 0.0213389 0.0294392 0.0384502 0.0478194 0.0567072 0.064137 0.0693247 0.0719331 0.0720705 0.0701126 0.066528 0.0617815 0.0562866 0.0503731 0.0442752 0.0381476 0.0320988 0.0262305 0.0206674 0.0155679 0.011107 0.00743446 0.00462559
 0.00900775 0.0143985 0.0212363 0.0293237 0.0383325 0.0477081 0.0566058 0.0640461 0.0692472 0.0718771 0.0720476 0.0701306 0.0665831 0.061857 0.0563597 0.0504266 0.0443068 0.03817 0.0321324 0.0262915 0.0207596 0.0156817 0.0112249 0.00753913 0.00470642
 0.00880699 0.0140956 0.0208249 0.0288155 0.0377563 0.0471056 0.0560283 0.0635485 0.0688792 0.0716729 0.0720193 0.0702686 0.0668623 0.0622422 0.0568097 0.0508988 0.044764 0.0385876 0.0325008 0.0266127 0.0210392 0.0159224 0.0114249 0.00769522 0.00481839
 0.00875039 0.0139942 0.0206556 0.0285533 0.0373827 0.0466214 0.0554628 0.0629598 0.0683405 0.0712525 0.0717635 0.0701957 0.0669644 0.062493 0.0571721 0.051331 0.0452247 0.0390406 0.0329194 0.0269816 0.0213529 0.0161809 0.0116301 0.00784988 0.00492711
 0.00879165 0.01406 0.0207506 0.0286772 0.0375254 0.0467586 0.0555565 0.0629661 0.0682272 0.071016 0.0714356 0.069834 0.0666326 0.0622417 0.0570277 0.0512956 0.0452815 0.0391628 0.033078 0.0271513 0.0215154 0.0163251 0.0117502 0.00794384 0.00499536
 0.0087724 0.0140292 0.0207058 0.0286173 0.0374524 0.0466778 0.0554756 0.0628914 0.0681577 0.0709414 0.0713406 0.0697098 0.0664869 0.0621003 0.0569253 0.0512614 0.0453282 0.0392836 0.0332515 0.0273499 0.0217133 0.0165029 0.0118967 0.00805518 0.00507345
 0.00865308 0.0138523 0.0204714 0.0283368 0.0371452 0.0463667 0.0551829 0.0626378 0.0679621 0.0708176 0.0712938 0.069733 0.0665637 0.0622121 0.0570606 0.0514192 0.045515 0.039504 0.0335013 0.0276141 0.0219707 0.016733 0.0120854 0.00819714 0.00517123
 0.00863458 0.013818 0.0204126 0.028244 0.0370125 0.0461963 0.0549888 0.0624435 0.0677932 0.070693 0.0712204 0.0697071 0.0665756 0.0622508 0.0571173 0.0514896 0.0456002 0.0396088 0.0336295 0.0277634 0.0221312 0.0168897 0.0122234 0.00830672 0.00524969
 0.00859972 0.0137642 0.0203367 0.0281442 0.0368874 0.0460451 0.0548119 0.0622459 0.0675871 0.0704988 0.0710627 0.0696075 0.0665454 0.0622883 0.05721 0.0516205 0.0457541 0.0397755 0.0338033 0.0279405 0.0223056 0.0170523 0.0123645 0.00841869 0.00533031
 0.00845396 0.0135513 0.0200609 0.027825 0.0365539 0.0457267 0.0545306 0.0620141 0.0674098 0.0703767 0.0709962 0.0695984 0.0665974 0.0624037 0.057386 0.0518471 0.0460149 0.0400522 0.0340795 0.0282034 0.0225456 0.0172616 0.0125367 0.00855083 0.00542352
 0.00833196 0.0133568 0.0197766 0.0274409 0.0360735 0.0451737 0.053953 0.0614783 0.0669832 0.0701072 0.0708985 0.0696572 0.0667804 0.0626767 0.0577216 0.0522247 0.0464174 0.0404624 0.0344796 0.0285762 0.0228767 0.0175409 0.0127591 0.00871622 0.00553733
 0.00846845 0.0135361 0.0199675 0.0275872 0.0361088 0.0450454 0.0536439 0.0610151 0.066429 0.0695434 0.0704052 0.0692947 0.0665785 0.062634 0.0578135 0.0524169 0.0466761 0.0407591 0.0347907 0.0288814 0.0231583 0.017785 0.0129567 0.00886486 0.00564032
 0.00857086 0.0136975 0.0201983 0.0278871 0.0364586 0.0453999 0.0539314 0.0611512 0.066346 0.0692221 0.0698893 0.0686787 0.0659747 0.0621365 0.0574761 0.0522503 0.0466587 0.0408534 0.0349562 0.0290823 0.0233657 0.017977 0.013119 0.00899036 0.00572893
 0.00856985 0.0137172 0.020267 0.0280436 0.0367403 0.0458247 0.0544799 0.0617596 0.0669151 0.0696407 0.0700657 0.0685698 0.0656015 0.0615788 0.0568455 0.0516542 0.046172 0.0405079 0.0347476 0.0289844 0.0233448 0.0180014 0.0131633 0.00903705 0.00576815
 0.00845864 0.0135518 0.0200484 0.0277873 0.036478 0.0456028 0.0543541 0.0617824 0.0671156 0.0700048 0.0705286 0.0690305 0.0659561 0.061757 0.0568342 0.0514962 0.0459435 0.040286 0.0345851 0.0289008 0.0233318 0.0180358 0.0132195 0.00909499 0.0058161
 0.00838693 0.0134328 0.0198658 0.0275268 0.0361337 0.0451862 0.0539018 0.0613566 0.066793 0.0698557 0.0705935 0.069303 0.0663797 0.0622402 0.0572801 0.0518351 0.0461531 0.0403895 0.0346302 0.0289337 0.0233797 0.0181033 0.0132967 0.00916804 0.00587495
 0.00850682 0.0136051 0.0200823 0.0277632 0.0363541 0.0453508 0.0539768 0.061322 0.0666499 0.0696308 0.0703366 0.0690748 0.0662306 0.0621906 0.0573124 0.0519032 0.0462055 0.0403933 0.034583 0.0288574 0.0233039 0.0180492 0.0132706 0.00916419 0.00588303
 0.00854741 0.0136721 0.0201842 0.0279057 0.0365357 0.0455573 0.0541782 0.0614763 0.0667154 0.0695821 0.0701768 0.0688369 0.0659683 0.0619608 0.0571556 0.051831 0.0461996 0.0404186 0.0346064 0.0288622 0.0232915 0.0180313 0.013258 0.00916106 0.00588735
 0.0083011 0.0133097 0.0197101 0.0273506 0.0359498 0.0449981 0.053699 0.0611182 0.0665017 0.0695147 0.0702369 0.0689941 0.0661936 0.0622367 0.0574772 0.0521978 0.0466042 0.0408404 0.0350145 0.0292262 0.0235918 0.0182627 0.0134268 0.00927859 0.0059654
 0.00809806 0.0129819 0.0192233 0.0266803 0.0350938 0.0439913 0.0526235 0.0600969 0.0656689 0.0689766 0.0700427 0.0691302 0.0666004 0.0628346 0.0581901 0.052966 0.0473857 0.0416039 0.035732 0.0298701 0.0241386 0.0186992 0.0137529 0.00950597 0.00611301
 0.00795723 0.0127503 0.0188693 0.0261724 0.0344057 0.0431135 0.0515767 0.0589424 0.064509 0.0679411 0.0692639 0.0687115 0.06659 0.0632149 0.0588883 0.0538795 0.0484099 0.0426501 0.0367326 0.0307759 0.0249156 0.0193277 0.0142291 0.00984163 0.00633174
 0.00769573 0.0123753 0.0183964 0.0256438 0.0338731 0.042612 0.0511075 0.0584759 0.0640078 0.0673898 0.0686898 0.0681861 0.0662102 0.0630713 0.0590342 0.0543136 0.0490794 0.0434701 0.0376101 0.0316283 0.0256803 0.0199654 0.014723 0.0101957 0.00656519
 0.00731714 0.0118101 0.0176413 0.0247342 0.032879 0.0416262 0.05023 0.0577946 0.0635743 0.0672001 0.0686866 0.0682892 0.0663597 0.0632568 0.0592929 0.0547009 0.0496316 0.044181 0.0384302 0.0324821 0.0264894 0.0206675 0.0152823 0.0106044 0.00683852
#obs surv len freq
 nan nan nan nan nan nan nan nan nan nan nan nan nan nan nan nan nan nan nan nan nan nan nan nan nan
 0.00448543 0.00734711 0.0111774 0.0159939 0.0216946 0.0279699 0.0342837 0.0400145 0.0446936 0.048157 0.0505145 0.0520101 0.052902 0.0534142 0.0537283 0.053983 0.0542615 0.0545542 0.0546929 0.0542848 0.0527229 0.0493551 0.043805 0.0362852 0.0276691
 0.00461869 0.00756566 0.0115094 0.0164658 0.0223243 0.0287569 0.0351991 0.0409987 0.0456646 0.0490268 0.0512059 0.052468 0.0530989 0.0533497 0.053425 0.0534784 0.0535993 0.0537773 0.0538405 0.053394 0.0518327 0.048509 0.043048 0.0356555 0.0271878
 0.00477904 0.00782842 0.0119088 0.0170352 0.0230897 0.0297268 0.036353 0.0422816 0.0469919 0.0502975 0.0523177 0.0533301 0.0536421 0.0535335 0.0532412 0.0529491 0.0527698 0.0527071 0.0525961 0.0520456 0.0504555 0.0471834 0.0418538 0.0346585 0.0264244
 0.00495854 0.00812352 0.0123592 0.0176799 0.0239603 0.0308352 0.0376794 0.0437692 0.048554 0.0518316 0.0537194 0.0545014 0.0544967 0.0540024 0.0532789 0.0525405 0.0519322 0.0514891 0.0510729 0.0503144 0.0486312 0.0453926 0.0402213 0.0332863 0.0253697
 0.00518804 0.00849534 0.0129165 0.0184625 0.0249977 0.0321352 0.0392163 0.045479 0.0503412 0.0535861 0.055332 0.0558732 0.0555416 0.0546475 0.0534667 0.052232 0.0511146 0.0501829 0.0493385 0.0482551 0.0463909 0.0431434 0.0381399 0.0315198 0.0240039
 0.0054138 0.00886936 0.0134922 0.0192935 0.0261263 0.0335753 0.0409361 0.0473965 0.0523386 0.0555341 0.0571116 0.0573849 0.0567054 0.055398 0.0537491 0.0520019 0.0503423 0.0488641 0.0475092 0.0460062 0.0438737 0.0405595 0.0357089 0.0294323 0.022377
 0.00565201 0.0092572 0.0140775 0.0201226 0.0272369 0.0349845 0.0426257 0.0493053 0.0543666 0.0575582 0.0590036 0.0590269 0.0579989 0.056267 0.0541371 0.0518659 0.0496506 0.0476018 0.0456948 0.0437129 0.0412457 0.0378077 0.0330779 0.027145 0.0205779
 0.00589888 0.00966236 0.0146942 0.0210024 0.0284193 0.0364809 0.0444037 0.0512852 0.0564343 0.0595886 0.06088 0.0606487 0.0592811 0.0571383 0.0545385 0.05175 0.0489815 0.0463596 0.0438886 0.0414033 0.0385662 0.034967 0.0303305 0.0247323 0.0186645
 0.00613207 0.0100451 0.0152773 0.0218359 0.0295436 0.0379116 0.0461164 0.053208 0.0584579 0.0615861 0.0627282 0.0622419 0.0605357 0.0579909 0.0549403 0.0516609 0.048367 0.0451957 0.0421761 0.0391907 0.0359729 0.0321901 0.0276192 0.0223308 0.0167455
 0.00637005 0.0104335 0.0158647 0.0226685 0.0306569 0.0393166 0.0477853 0.055069 0.0604048 0.0634982 0.064489 0.0637506 0.0617117 0.0587737 0.0552864 0.0515386 0.0477514 0.044069 0.0405386 0.0370833 0.033501 0.029534 0.0250134 0.0200102 0.0148815
 0.00662194 0.0108474 0.0164952 0.0235683 0.0318647 0.0408397 0.0495822 0.0570457 0.0624299 0.0654308 0.0662042 0.0651523 0.062734 0.0593759 0.0554461 0.0512437 0.0469945 0.0428468 0.0388603 0.0349899 0.0310888 0.0269665 0.022505 0.0177788 0.0130875
 0.00684027 0.0112071 0.0170455 0.0243583 0.0329341 0.0422033 0.0512138 0.0588709 0.0643349 0.0672829 0.0678736 0.0665292 0.0637376 0.059957 0.0555825 0.0509325 0.0462423 0.041665 0.0372699 0.0330362 0.0288618 0.0246125 0.0202139 0.0157437 0.0114512
 0.00704373 0.0115417 0.0175562 0.0250894 0.0339204 0.0434563 0.0527076 0.060537 0.0660711 0.0689722 0.0694024 0.0677986 0.0646697 0.0604977 0.0557023 0.0506237 0.0455135 0.0405364 0.0357732 0.0312241 0.0268226 0.0224786 0.0181519 0.0139205 0.00998917
 0.00726151 0.0118967 0.0180922 0.0258469 0.0349281 0.0447179 0.0541883 0.0621596 0.0677273 0.0705439 0.0707819 0.0689004 0.0654334 0.0608864 0.0556994 0.0502287 0.0447388 0.0394053 0.0343222 0.0295095 0.0249303 0.0205293 0.0162913 0.0122903 0.00869028
 0.00741168 0.0121468 0.0184797 0.0264101 0.0356989 0.0457089 0.0553798 0.0634953 0.0691218 0.0718988 0.0720022 0.069905 0.0661603 0.0612942 0.0557661 0.0499489 0.0441206 0.0384683 0.0330998 0.0280545 0.0233218 0.0188751 0.0147172 0.0109159 0.00759863
 0.00751969 0.0123216 0.0187417 0.0267796 0.0361936 0.0463402 0.0561473 0.0643814 0.0700904 0.072898 0.0729689 0.0707718 0.0668626 0.061777 0.0559888 0.0498874 0.0437664 0.0378289 0.0321992 0.0269372 0.0220573 0.0175573 0.0134545 0.00980976 0.00671899
 0.00757609 0.0124086 0.0188644 0.0269408 0.0363958 0.0465875 0.0564462 0.0647404 0.0705175 0.0733958 0.0735299 0.0713729 0.0674635 0.0623229 0.0564184 0.0501429 0.0438031 0.0376217 0.0317468 0.0262653 0.0212199 0.0166338 0.0125383 0.00898959 0.00605779
 0.0076424 0.0125094 0.0190029 0.027115 0.036599 0.0468096 0.0566758 0.0649676 0.0707374 0.0736124 0.0737554 0.0716222 0.067744 0.062626 0.0567151 0.0503873 0.0439421 0.0376074 0.0315493 0.0258822 0.0206804 0.0159959 0.0118782 0.0083827 0.00556014
 0.00772228 0.0126332 0.0191775 0.0273417 0.036872 0.0471152 0.0569918 0.0652653 0.0709887 0.073798 0.0738719 0.0716828 0.0677732 0.0626486 0.056746 0.0504228 0.0439585 0.0375676 0.0314156 0.0256312 0.0203145 0.0155468 0.0113988 0.00793178 0.00518433
 0.00777158 0.0127116 0.0192921 0.0274975 0.03707 0.0473506 0.057252 0.0655299 0.0712324 0.0739972 0.0740101 0.0717546 0.0677853 0.0626177 0.0566925 0.0503632 0.0438971 0.0374931 0.0313054 0.0254616 0.0200745 0.0152463 0.0110686 0.00761268 0.00491243
 0.00780622 0.012764 0.0193637 0.0275874 0.0371761 0.0474704 0.0573832 0.0656696 0.0713759 0.0741367 0.0741352 0.0718542 0.0678502 0.0626443 0.0566841 0.0503281 0.0438443 0.0374261 0.031219 0.0253447 0.0199176 0.0150506 0.0108495 0.00739568 0.00472312
 0.00782397 0.0127899 0.0193974 0.0276264 0.0372168 0.0475093 0.0574179 0.0657003 0.0714056 0.0741705 0.0741784 0.0719091 0.0679146 0.0627106 0.0567425 0.0503703 0.0438657 0.0374248 0.0311933 0.0252913 0.0198333 0.0149368 0.0107153 0.00725742 0.00459849
 0.00786175 0.0128452 0.0194691 0.0277093 0.0373026 0.0475886 0.0574826 0.0657445 0.0714267 0.0741701 0.0741625 0.0718869 0.0678951 0.0626999 0.0567414 0.0503748 0.0438686 0.0374189 0.0311726 0.0252516 0.0197728 0.0148571 0.0106227 0.00716222 0.00451231
 0.00787841 0.0128699 0.0195014 0.0277471 0.0373416 0.0476233 0.0575069 0.0657532 0.0714172 0.0741439 0.0741256 0.0718486 0.067865 0.0626854 0.0567457 0.050396 0.0439005 0.0374525 0.0311984 0.0252619 0.0197631 0.0148272 0.0105772 0.00710923 0.00446081
 0.00788066 0.0128704 0.0194966 0.0277318 0.0373109 0.0475746 0.0574422 0.0656789 0.0713422 0.0740776 0.0740753 0.0718192 0.0678596 0.062705 0.0567895 0.0504605 0.0439793 0.0375368 0.0312779 0.0253271 0.0198071 0.0148476 0.0105765 0.00709382 0.00443867
 0.00788587 0.0128773 0.0195038 0.0277366 0.0373093 0.0475622 0.0574148 0.0656341 0.0712813 0.0740059 0.074002 0.0717553 0.0678145 0.062685 0.0567967 0.0504931 0.0440326 0.0376035 0.031349 0.0253931 0.01986 0.0148827 0.0105934 0.00709596 0.00443185
 0.00790007 0.0128967 0.0195263 0.0277577 0.0373234 0.0475643 0.0574017 0.0656051 0.0712378 0.0739506 0.0739393 0.0716909 0.0677561 0.0626404 0.0567722 0.0504921 0.0440547 0.0376445 0.0314019 0.0254491 0.0199109 0.0149223 0.0106189 0.00710836 0.00443476
 0.00786473 0.0128433 0.0194532 0.0276662 0.0372169 0.0474474 0.0572805 0.0654868 0.0711309 0.0738644 0.0738815 0.0716668 0.0677668 0.0626836 0.0568434 0.0505858 0.0441647 0.0377641 0.0315236 0.0255649 0.0200128 0.0150045 0.0106789 0.00714741 0.00445688
 0.00786769 0.0128402 0.0194345 0.0276189 0.0371292 0.047315 0.0571113 0.0653005 0.070953 0.0737174 0.0737801 0.071616 0.067765 0.0627254 0.0569214 0.0506917 0.0442899 0.0378998 0.031661 0.0256956 0.0201291 0.0151005 0.0107517 0.00719745 0.00448776
 0.00786533 0.0128355 0.0194252 0.0276012 0.037097 0.0472604 0.0570258 0.0651792 0.0707987 0.0735441 0.0736111 0.0714775 0.0676778 0.0626994 0.0569547 0.0507743 0.0444078 0.0380385 0.0318072 0.0258375 0.0202573 0.015208 0.0108348 0.00725632 0.00452558
 0.00782451 0.012773 0.0193386 0.0274909 0.0369665 0.0471154 0.0568738 0.0650286 0.0706572 0.0734179 0.0735053 0.0713985 0.0676341 0.0627004 0.0570067 0.0508769 0.0445528 0.0382119 0.0319923 0.0260185 0.020421 0.0153455 0.0109416 0.00733269 0.00457544
 0.00778577 0.0127063 0.0192316 0.0273315 0.0367469 0.0468385 0.0565578 0.0647061 0.0703671 0.0731937 0.0733668 0.0713494 0.0676666 0.0628013 0.057163 0.0510772 0.044786 0.0384655 0.0322514 0.0262668 0.0206437 0.0155317 0.0110861 0.00743609 0.00464327
 0.00777188 0.0126795 0.0191832 0.0272503 0.0366208 0.0466587 0.0563231 0.0644264 0.0700644 0.0728997 0.0731169 0.0711749 0.0675868 0.0628201 0.0572705 0.0512548 0.0450128 0.0387211 0.0325171 0.026525 0.0208788 0.0157312 0.0112432 0.00754994 0.00471882
 0.00775231 0.01265 0.0191429 0.0271988 0.0365572 0.0465798 0.0562234 0.0642992 0.0699058 0.0727129 0.0729148 0.0709801 0.0674269 0.0627208 0.057248 0.0513126 0.0451416 0.0389029 0.0327298 0.0267468 0.02109 0.0159164 0.0113927 0.00766063 0.0047936
 0.00769556 0.0125583 0.0190064 0.0270102 0.036315 0.0462918 0.0559094 0.0639888 0.0696306 0.0724971 0.0727697 0.0709053 0.0674172 0.0627717 0.0573584 0.0514818 0.0453652 0.0391696 0.0330216 0.0270415 0.0213657 0.0161554 0.0115841 0.00780162 0.0048886
 0.0076812 0.0125295 0.018953 0.0269193 0.036174 0.0460937 0.0556578 0.0637 0.0693316 0.0722198 0.0725437 0.0707518 0.0673455 0.0627802 0.0574385 0.0516229 0.0455571 0.0394016 0.0332804 0.0273098 0.0216239 0.0163851 0.0117721 0.00794267 0.00498501
 0.00766063 0.0125018 0.0189213 0.0268887 0.0361479 0.0460696 0.0556248 0.0636417 0.0692332 0.0720764 0.0723655 0.0705619 0.0671728 0.0626508 0.0573694 0.0516201 0.0456176 0.0395163 0.0334363 0.0274911 0.0218127 0.0165634 0.0119252 0.00806186 0.00506897
 0.00762679 0.0124466 0.0188385 0.0267739 0.0360013 0.0458989 0.055446 0.0634756 0.069098 0.0719798 0.0723023 0.0705206 0.0671445 0.0626355 0.0573759 0.05166 0.0456993 0.0396408 0.0335968 0.0276747 0.0220027 0.0167429 0.0120799 0.00818321 0.00515518
 0.0076188 0.0124333 0.0188179 0.0267434 0.0359577 0.0458391 0.0553683 0.0633815 0.0689935 0.0718753 0.0722096 0.0704479 0.0670939 0.0626043 0.0573609 0.0516619 0.0457232 0.0396931 0.0336803 0.0277855 0.0221305 0.0168734 0.0121991 0.00828079 0.0052269
 0.00761192 0.0124241 0.0188077 0.0267343 0.0359517 0.0458365 0.0553665 0.0633754 0.0689766 0.0718427 0.0721603 0.0703859 0.067027 0.0625411 0.0573083 0.0516245 0.0457043 0.0396961 0.033708 0.0278381 0.0222033 0.0169571 0.0122823 0.00835337 0.00528282
 0.00758568 0.0123842 0.0187528 0.0266654 0.0358726 0.0457533 0.0552875 0.0633092 0.0689302 0.0718184 0.0721553 0.0703934 0.0670401 0.0625553 0.0573231 0.0516424 0.0457288 0.0397308 0.0337553 0.0278986 0.0222748 0.0170341 0.012357 0.00841842 0.00533333
 0.00756693 0.0123531 0.0187049 0.026597 0.0357816 0.0456419 0.0551633 0.0631855 0.0688228 0.0717412 0.0721163 0.0703933 0.0670724 0.0626101 0.0573898 0.0517131 0.0457997 0.0398015 0.0338273 0.027973 0.0223512 0.0171097 0.012427 0.00847797 0.00537921
 0.00754218 0.0123139 0.018648 0.0265199 0.0356832 0.0455232 0.0550283 0.0630424 0.0686835 0.0716202 0.0720278 0.0703482 0.0670756 0.0626589 0.0574751 0.0518221 0.0459197 0.0399225 0.0339436 0.0280819 0.0224513 0.0171993 0.0125039 0.00853997 0.00542534
 0.0075276 0.0122894 0.0186099 0.0264641 0.035607 0.045426 0.0549135 0.0629169 0.068557 0.0715033 0.0719303 0.0702788 0.0670415 0.0626647 0.057521 0.0519033 0.0460267 0.0400438 0.0340681 0.0282012 0.0225598 0.0172936 0.012582 0.00860094 0.00546957
 0.00752316 0.0122822 0.0185989 0.0264482 0.0355844 0.0453946 0.0548708 0.0628613 0.0684886 0.0714246 0.071847 0.0701989 0.0669741 0.0626185 0.0575027 0.0519165 0.0460704 0.0401127 0.0341534 0.0282932 0.0226496 0.0173745 0.0126499 0.00865392 0.00550783
 0.00753484 0.0122986 0.0186186 0.0264683 0.035601 0.0454039 0.0548703 0.0628493 0.0684643 0.0713873 0.071797 0.070138 0.0669068 0.0625517 0.0574455 0.0518771 0.046055 0.0401231 0.034187 0.0283434 0.0227081 0.0174332 0.0127024 0.00869636 0.00553904
 0.0075012 0.0122511 0.0185605 0.0264066 0.0355446 0.0453594 0.0548398 0.0628303 0.0684519 0.0713775 0.0717876 0.0701289 0.0668986 0.0625457 0.0574434 0.051882 0.0460705 0.0401523 0.0342307 0.0283993 0.0227707 0.0174956 0.0127582 0.0087415 0.00557203
 0.00750004 0.0122454 0.0185451 0.0263757 0.0354943 0.0452915 0.0547639 0.0627615 0.0684047 0.0713592 0.0717955 0.0701527 0.0669267 0.0625699 0.0574607 0.051894 0.0460816 0.0401675 0.0342538 0.0284317 0.0228106 0.0175388 0.0127997 0.00877676 0.0055988
 0.00749435 0.0122378 0.0185365 0.0263672 0.0354858 0.0452807 0.054746 0.0627316 0.0683619 0.0713087 0.0717479 0.070119 0.0669131 0.0625749 0.0574779 0.051916 0.0461039 0.0401893 0.034277 0.0284583 0.0228413 0.0175721 0.0128323 0.00880534 0.00562109
 0.00749435 0.0122378 0.0185365 0.0263672 0.0354858 0.0452807 0.054746 0.0627316 0.0683619 0.0713087 0.0717479 0.070119 0.0669131 0.0625749 0.0574779 0.051916 0.0461039 0.0401893 0.034277 0.0284583 0.0228413 0.0175721 0.0128323 0.00880534 0.00562109
 0.00736702 0.0120353 0.0182413 0.0259686 0.0349855 0.0446993 0.0541271 0.0621388 0.0678651 0.0709664 0.0715932 0.0701565 0.0671235 0.0629236 0.0579218 0.0524102 0.0466072 0.0406692 0.0347114 0.028835 0.0231551 0.0178227 0.0130227 0.00894158 0.00571181
 0.00727318 0.0118707 0.017972 0.0255577 0.0344042 0.0439433 0.0532318 0.061182 0.066953 0.0702088 0.0710791 0.0699378 0.06721 0.0632865 0.058504 0.0531393 0.0474083 0.0414748 0.035468 0.0295052 0.0237177 0.0182701 0.0133584 0.00917776 0.00586624
 0.00718213 0.0117217 0.0177452 0.0252323 0.03396 0.043366 0.0525206 0.0603584 0.0660664 0.0693359 0.0703147 0.0693782 0.0669313 0.0633271 0.0588561 0.0537531 0.0482054 0.0423655 0.0363667 0.0303418 0.0244434 0.0188588 0.0138047 0.00949266 0.00607185
 0.00718798 0.011724 0.0177348 0.0251945 0.0338766 0.0432175 0.0522899 0.0600332 0.0656416 0.0688186 0.0697307 0.0687771 0.0663852 0.0629176 0.0586539 0.0537973 0.0484915 0.0428474 0.0369707 0.0309858 0.0250546 0.0193854 0.0142199 0.00979305 0.00627097
 0.00722951 0.0117979 0.0178565 0.0253795 0.0341322 0.0435331 0.0526292 0.0603362 0.0658383 0.0688484 0.0695596 0.068407 0.0658548 0.0622979 0.0580368 0.0532767 0.0481416 0.0427036 0.037023 0.0311869 0.0253378 0.0196853 0.0144879 0.0100028 0.00641734
#pred catch len freq
 0.00416231 0.00660371 0.00966779 0.0132948 0.0174503 0.0221022 0.0271531 0.032408 0.0376105 0.0425035 0.0468686 0.0505466 0.0534523 0.0555807 0.0569963 0.057816 0.0581945 0.0582909 0.0581859 0.0577455 0.0565124 0.0537664 0.0488425 0.0415897 0.0326556
 0.00433759 0.00682599 0.00988932 0.0134399 0.0174452 0.0219171 0.0268289 0.0320455 0.0373225 0.0423599 0.0468708 0.050645 0.0535916 0.0557415 0.0572075 0.0581335 0.0586554 0.0588691 0.0587728 0.058175 0.0566252 0.0534855 0.0482156 0.0407695 0.0318303
 0.00450362 0.00709476 0.0102868 0.0139764 0.018099 0.0226179 0.0274587 0.0324692 0.0374462 0.0421817 0.0464857 0.0501947 0.0531957 0.0554576 0.0570411 0.0580735 0.0586967 0.0590011 0.058949 0.0582981 0.0565734 0.0531709 0.047638 0.0400247 0.0310655
 0.00472693 0.00744037 0.0107764 0.0146234 0.018911 0.0235962 0.028586 0.0336879 0.0386421 0.0431932 0.0471498 0.0504117 0.0529743 0.0549067 0.0563158 0.057312 0.0579852 0.0583692 0.0583781 0.057731 0.0559336 0.0523996 0.0467343 0.0390602 0.0301551
 0.00499187 0.0078521 0.0113614 0.0153956 0.019873 0.0247409 0.0298942 0.0351241 0.0401472 0.0446782 0.04849 0.0514556 0.0535754 0.0549737 0.0558524 0.0564182 0.056815 0.0570705 0.0570477 0.0564028 0.0545987 0.0510457 0.0453824 0.0377779 0.0290355
 0.00528339 0.00830691 0.0120111 0.0162596 0.0209588 0.0260438 0.0313933 0.0367765 0.0418866 0.0464173 0.0501253 0.0528698 0.0546407 0.0555654 0.0558753 0.0558401 0.0556859 0.0555108 0.0552079 0.05442 0.0525758 0.0490609 0.0435135 0.0361129 0.0276586
 0.00563217 0.00884683 0.0127745 0.017262 0.0222017 0.0275179 0.0330764 0.0386262 0.0438357 0.0483751 0.0519838 0.0545115 0.0559468 0.0564219 0.0561809 0.0555206 0.0547147 0.0539275 0.0531204 0.0519857 0.049974 0.0464701 0.0410992 0.0340165 0.0259781
 0.00597207 0.00938092 0.0135446 0.018297 0.0235159 0.0291079 0.0349138 0.0406529 0.0459652 0.0505021 0.0539947 0.0562925 0.0573883 0.0574209 0.0566438 0.0553678 0.0538921 0.0524247 0.0509906 0.0493564 0.0470396 0.0434672 0.0382695 0.0315648 0.0240347
 0.00632372 0.00993075 0.014333 0.0193512 0.0248512 0.0307275 0.0368021 0.0427649 0.0482207 0.0527881 0.0561768 0.0582318 0.0589573 0.0585137 0.0571772 0.0552761 0.0531259 0.0509601 0.0488508 0.0466367 0.0439213 0.0402054 0.0351505 0.0288442 0.021879
 0.00672584 0.0105535 0.0152138 0.0205079 0.0262849 0.0324259 0.0387371 0.0448869 0.0504544 0.0550347 0.0583206 0.060148 0.0605225 0.0596168 0.0577268 0.0552032 0.0523823 0.0495211 0.0467297 0.0439104 0.0407532 0.0368462 0.0319012 0.0259872 0.0196058
 0.00713523 0.0111943 0.0161329 0.0217346 0.0278292 0.0342756 0.0408506 0.0471869 0.052832 0.0573626 0.0604691 0.0619976 0.0619704 0.0605788 0.0581363 0.0550084 0.0515444 0.0480186 0.0445725 0.0411649 0.0375683 0.0334603 0.0286109 0.0230805 0.0172849
 0.0074927 0.0117562 0.0169441 0.0228273 0.0292228 0.0359728 0.0428287 0.0493874 0.0551569 0.0596814 0.0626348 0.0638663 0.0634197 0.0615192 0.0585117 0.0547873 0.0507093 0.0465631 0.0425118 0.0385594 0.0345513 0.0302485 0.0254806 0.0203052 0.0150615
 0.00786492 0.0123357 0.0177695 0.0239213 0.0305929 0.0376124 0.0447122 0.051462 0.0573383 0.0618572 0.064674 0.065633 0.0647893 0.062393 0.0588257 0.0545107 0.0498372 0.045108 0.0405055 0.0360687 0.0317015 0.0272359 0.0225541 0.0177131 0.012984
 0.00816332 0.012802 0.0184376 0.0248132 0.0317197 0.0389737 0.0462916 0.0532198 0.0592077 0.063747 0.0664757 0.0672308 0.0660712 0.0632623 0.0592091 0.0543632 0.0491408 0.0438702 0.0387596 0.0338838 0.0291966 0.0245879 0.0199823 0.0154346 0.0111563
 0.00831865 0.0130557 0.018822 0.0253604 0.0324571 0.0399167 0.0474344 0.0545309 0.060633 0.0652174 0.0679145 0.0685576 0.0672042 0.0641212 0.0597201 0.054465 0.0487906 0.0430492 0.0374802 0.0321983 0.0272073 0.0224493 0.017884 0.0135635 0.0096488
 0.00846175 0.0132896 0.0191772 0.0258686 0.0331479 0.0408105 0.0485319 0.0558042 0.0620217 0.0666343 0.0692581 0.0697294 0.0681239 0.0647339 0.0599941 0.0543828 0.0483417 0.0422294 0.0363002 0.0306975 0.025467 0.0205968 0.0160778 0.0119596 0.0083602
 0.00859519 0.0134886 0.0194448 0.0262001 0.0335382 0.0412634 0.0490646 0.0564414 0.0627812 0.0675103 0.0702115 0.0706897 0.0690025 0.0654428 0.0604616 0.0545606 0.0482039 0.0417681 0.0355241 0.0296384 0.0241899 0.0192036 0.0146974 0.0107205 0.00735736
 0.00872838 0.0136898 0.019719 0.0265414 0.0339318 0.0416899 0.0495046 0.0568805 0.0632151 0.0679468 0.0706655 0.0711705 0.0694989 0.0659166 0.0608528 0.0548022 0.0482375 0.0415551 0.0350513 0.0289217 0.0232778 0.0181772 0.0136604 0.00977765 0.00658757
 0.00880891 0.0138086 0.0198754 0.0267276 0.0341355 0.0418992 0.0497115 0.0570814 0.0634101 0.0681398 0.0708651 0.0713894 0.0697496 0.0662017 0.0611553 0.0550816 0.0484359 0.0416119 0.0349205 0.0285862 0.0227573 0.0175278 0.0129634 0.00911959 0.00603687
 0.00898079 0.0140598 0.0202008 0.0271035 0.0345261 0.0422666 0.0500249 0.0573209 0.0635677 0.0682186 0.0708785 0.0713591 0.0697014 0.0661601 0.061136 0.0550845 0.0484407 0.0415804 0.0348082 0.0283588 0.0224065 0.0170782 0.0124675 0.00864093 0.00562967
 0.00910376 0.014261 0.0205048 0.0275299 0.0350807 0.0429303 0.0507454 0.0580168 0.0641479 0.0686093 0.0710438 0.0713058 0.0694707 0.0658113 0.0607309 0.0546736 0.0480538 0.0412228 0.0344642 0.0280035 0.0220216 0.0166645 0.0120479 0.00825148 0.00530422
 0.00919594 0.0144032 0.0207059 0.0277968 0.0354217 0.0433567 0.0512674 0.0586312 0.0648231 0.0692777 0.0716113 0.0716793 0.0695902 0.0656701 0.0603732 0.0541745 0.0474921 0.0406594 0.0339326 0.0275126 0.0215668 0.0162419 0.0116627 0.00791745 0.00503614
