SBPRF35
12.7214
Curr Bio
842273
B35
893122
F35
0.172942
FOFL
0.167727
OFL
118654
Bzero
3.63469e+006
#pred survey bio
 3.53586e+006 3.39962e+006 3.27742e+006 3.09835e+006 2.89019e+006 2.67762e+006 2.44216e+006 2.2206e+006 1.99124e+006 1.77951e+006 1.55958e+006 1.37691e+006 1.20479e+006 1.0519e+006 964242 848230 768203 699130 660609 632034 604115 566992 556859 536992 521003 512966 516380 523764 530383 529466 535424 541651 544883 555570 570387 594630 611639 615441 626328 642261 648175 655942 665521 673856 676426 684564 685416 692354 700950 697085 703375 731921 765467 805785 832772 847692 3.05522e+007 1.86118e+007 1.91108e+007 2.00155e+007 2.11674e+007 2.2388e+007 2.35492e+007 2.45785e+007 2.54478e+007 2.61572e+007 2.67226e+007 2.71658e+007 2.75093e+007 2.77738e+007 2.79767e+007 2.81321e+007 2.82513e+007 2.83429e+007 2.84134e+007 2.8468e+007 2.85105e+007 2.85436e+007 2.85695e+007 2.859e+007 2.86062e+007 2.8619e+007 2.86292e+007 2.86373e+007 2.86439e+007 2.86491e+007 2.86533e+007 2.86567e+007 2.86595e+007 2.86617e+007 2.86636e+007 2.8665e+007 2.86662e+007 2.86672e+007 2.8668e+007 2.86687e+007 2.86692e+007 2.86696e+007 2.867e+007 2.86703e+007 2.86705e+007 2.86707e+007 2.86709e+007 2.8671e+007 2.86711e+007 2.86712e+007 2.86713e+007 2.86713e+007 2.86714e+007 2.86714e+007 2.86714e+007 2.86715e+007 2.86715e+007 2.86715e+007 2.86715e+007 2.86715e+007 2.86715e+007 2.86715e+007 2.86715e+007 2.86716e+007 2.86716e+007 2.86716e+007 2.86716e+007 2.86716e+007 2.86716e+007 2.86716e+007 2.86716e+007 2.86716e+007 2.86716e+007 2.86716e+007 2.86716e+007 2.86716e+007 2.86716e+007 2.86716e+007 2.86716e+007 2.86716e+007 2.86716e+007 2.86716e+007 2.86716e+007 2.86716e+007 2.86716e+007 2.86716e+007 2.86716e+007 2.86716e+007 2.86716e+007 2.86716e+007 2.86716e+007 2.86716e+007 2.86716e+007 2.86716e+007 2.86716e+007 2.86716e+007 2.86716e+007 2.86716e+007 2.86716e+007 2.86716e+007 0 0 0 0 0 0 0 0 0 0 0 0 0 0 0 0 0 0 0 0 0 0 0 0 0
#obs survey bio
 3.37977e+006 2.49818e+006 3.08481e+006 4.5905e+006 1.90577e+006 2.34165e+006 2.33631e+006 1.80092e+006 1.84323e+006 2.04186e+006 1.02302e+006 1.23461e+006 977937 950926 669337 790477 769040 652194 730845 585972 454597 592610 470840 425333 456871 525875 402704 613241 586559 517047 736695 514922 452215 629214 610394 614973 764740 596241 754924 612266 684351 418580 877538 692688 814587 599212 607871 737957 785572 869850 538500 684598 772733 786577 946241 1.07674e+006
#pred catch bio
 105316 101978 166388 206898 226752 264847 269832 293956 293088 312824 288896 285656 271193 215468 238702 202723 188033 157385 145797 142434 146871 121585 128159 122280 113267 102604 99148 99318.5 104302 97110.2 96346 98823.7 93250.8 91542.8 86086.3 94267.4 106050 100499 97502.5 106889 105546 104453 105627 109724 104502 111318 107160 106875 117777 109586 93199.4 92418.2 89637.5 103553 115784 108726 118654 123659 125937 130837 137788 145293 152382 158560 163658 167699 170808 173147 174875 176134 177041 177689 178149 178474 178702 178861 178973 179050 179104 179141 179167 179185 179197 179206 179212 179216 179218 179220 179222 179223 179223 179224 179224 179224 179224 179224 179224 179225 179225 179225 179225 179225 179225 179225 179225 179225 179225 179225 179225 179225 179225 179225 179225 179225 179225 179225 179225 179225 179225 179225 179225 179225 179225 179225 179225 179225 179225 179225 179225 179225 179225 179225 179225 179225 179225 179225 179225 179225 179225 179225 179225 179225 179225 179225 179225 179225 179225 179225 179225 179225 179225 179225 179225 179225 179225 179225 0 0 0 0 0 0 0 0 0 0 0 0 0 0 0 0 0 0 0 0 0 0 0 0 0
#obs catch bio
 0 101581 166613 206542 226413 264814 268876 294511 293073 313185 291258 289096 275605 218371 243809 205606 189714 158152 146347 142533 148352 122244 129608 124115 114582 103273 100224 99807 104672 97123.5 95758.9 98586 93158.4 91557 86208.6 94456.8 105836 100595 97307.1 107173 105468 104554 105473 109696 103256 110750 107003 106831 117439 109091 92931.5 92514.7 89576.8 103476 116059 108648
#pred cpue bio
 3.4929e+006 3.35785e+006 3.23573e+006 3.05677e+006 2.84915e+006 2.63683e+006 2.40173e+006 2.18037e+006 1.95147e+006 1.74036e+006 1.52141e+006 1.3396e+006 1.16875e+006 1.01731e+006 930430 816357 738052 670712 633237 605496 578230 541940 532083 512819 497480 489974 493490 500922 507782 507289 513418 519628 522714 533018 547328 570957 587743 591531 602124 617681 623536 631215 640653 649053 651938 659923 660410 666947 675410 671683 677634 705308 738215 777969 804383 818677 2.95179e+007 1.79888e+007 1.83885e+007 1.91902e+007 2.03114e+007 2.15259e+007 2.2686e+007 2.37152e+007 2.45844e+007 2.52939e+007 2.58593e+007 2.63025e+007 2.6646e+007 2.69105e+007 2.71134e+007 2.72688e+007 2.7388e+007 2.74795e+007 2.75501e+007 2.76047e+007 2.76471e+007 2.76802e+007 2.77062e+007 2.77267e+007 2.77428e+007 2.77557e+007 2.77659e+007 2.7774e+007 2.77805e+007 2.77858e+007 2.779e+007 2.77934e+007 2.77962e+007 2.77984e+007 2.78002e+007 2.78017e+007 2.78029e+007 2.78039e+007 2.78047e+007 2.78053e+007 2.78059e+007 2.78063e+007 2.78067e+007 2.78069e+007 2.78072e+007 2.78074e+007 2.78075e+007 2.78077e+007 2.78078e+007 2.78079e+007 2.78079e+007 2.7808e+007 2.7808e+007 2.78081e+007 2.78081e+007 2.78081e+007 2.78081e+007 2.78082e+007 2.78082e+007 2.78082e+007 2.78082e+007 2.78082e+007 2.78082e+007 2.78082e+007 2.78082e+007 2.78082e+007 2.78082e+007 2.78082e+007 2.78082e+007 2.78082e+007 2.78082e+007 2.78082e+007 2.78082e+007 2.78082e+007 2.78082e+007 2.78082e+007 2.78082e+007 2.78082e+007 2.78082e+007 2.78082e+007 2.78082e+007 2.78082e+007 2.78082e+007 2.78082e+007 2.78082e+007 2.78082e+007 2.78082e+007 2.78082e+007 2.78082e+007 2.78082e+007 2.78082e+007 2.78082e+007 2.78082e+007 2.78082e+007 2.78082e+007 2.78082e+007 2.78082e+007 2.78082e+007 2.78082e+007 2.78082e+007 0 0 0 0 0 0 0 0 0 0 0 0 0 0 0 0 0 0 0 0 0 0 0 0 0
#obs cpue bio
 2.59789e+006 4.78154e+006 4.27645e+006 3.0342e+006 3.03614e+006 3.00557e+006 3.19672e+006 1.65174e+006 2.2529e+006 1.55459e+006 1.1732e+006 1.13818e+006 1.04012e+006 756491 1.05435e+006 824506 888699 709440 570530 742632 485572 461359 470076 420193 542459 515141 409391 566026 523716 578034 620831 468482 546239 453935 396619 560135 734651 438270 602247 506841 725599 844980 601244 626032 1.43365e+006 520480 540438 558142 888163 641961 711342 580095 740129 947861 572672 714748
#pred surv len freq
 0.00422906 0.00693362 0.0105635 0.0151479 0.0206098 0.0266823 0.0328843 0.0386431 0.0435081 0.0472906 0.0500429 0.0519394 0.0531719 0.0539036 0.054264 0.0543618 0.0543039 0.054192 0.0540587 0.053741 0.0527697 0.0504181 0.0460041 0.0393364 0.0310004
 0.00450936 0.00731607 0.0110064 0.0155742 0.0209374 0.026867 0.0329462 0.0386543 0.0435454 0.0473867 0.0501691 0.052033 0.0531866 0.0538485 0.0542061 0.0543911 0.0544796 0.0544957 0.0543812 0.0539143 0.0526374 0.0499117 0.0451819 0.03836 0.0300606
 0.00456027 0.0074532 0.0113074 0.0161292 0.0218084 0.0280344 0.0342791 0.0399383 0.0445662 0.0480185 0.0504111 0.0519725 0.0529296 0.053473 0.0537613 0.0539218 0.0540348 0.0541075 0.0540304 0.0535197 0.0520891 0.0491364 0.0441977 0.0372795 0.0290404
 0.00471651 0.00768633 0.0116246 0.0165371 0.0223276 0.0287121 0.0351806 0.0411083 0.0459734 0.0495247 0.051796 0.053014 0.0534897 0.053536 0.0534098 0.0532813 0.0532263 0.0532204 0.0531088 0.0525586 0.0510504 0.0479891 0.0429622 0.0360423 0.027924
 0.00493919 0.00804484 0.012156 0.0172691 0.0232699 0.0298469 0.0364597 0.0424655 0.0473479 0.0508741 0.0530824 0.0541701 0.0544017 0.0540685 0.0534619 0.0528327 0.0523414 0.0520128 0.0516928 0.0510173 0.0494328 0.0463342 0.0413295 0.0345242 0.0266246
 0.00515902 0.00840413 0.0127004 0.0180425 0.0243063 0.0311555 0.03801 0.0441799 0.0491125 0.0525642 0.0545909 0.0554228 0.0553495 0.0546656 0.053651 0.0525542 0.051564 0.05076 0.0500445 0.0490874 0.0473445 0.0442103 0.0392949 0.0327035 0.0251226
 0.00544587 0.0088632 0.0133782 0.0189791 0.0255293 0.0326712 0.0397905 0.0461559 0.0511762 0.054584 0.05643 0.056958 0.0564859 0.055342 0.0538332 0.0522213 0.050702 0.0493712 0.0481677 0.0468133 0.0448159 0.0416068 0.0368101 0.0305141 0.0233548
 0.00569232 0.00927156 0.014007 0.019887 0.0267635 0.0342479 0.0416772 0.0482659 0.0533834 0.056748 0.0584177 0.0586531 0.0577909 0.056179 0.0541453 0.0519728 0.0498759 0.0479701 0.0462236 0.0444053 0.0420852 0.0387539 0.0340675 0.0280987 0.0214174
 0.00595829 0.00970568 0.0146643 0.0208221 0.0280221 0.0358533 0.0436123 0.0504623 0.0557244 0.0590853 0.0605939 0.0605226 0.0592351 0.0571122 0.0545121 0.0517406 0.049029 0.0465103 0.0441808 0.0418566 0.0391737 0.0356921 0.0311106 0.0254907 0.0193295
 0.00623581 0.0101544 0.0153356 0.0217633 0.0292696 0.0374204 0.0454759 0.0525561 0.0579452 0.0613085 0.0626887 0.0623625 0.0607048 0.0581142 0.0549719 0.0516083 0.048277 0.0451334 0.0422041 0.0393529 0.036283 0.0326276 0.0281339 0.0228558 0.0172171
 0.00655427 0.0106761 0.0161278 0.0228898 0.030777 0.0393168 0.0477098 0.0550115 0.0604603 0.0637094 0.064821 0.0641075 0.06198 0.058866 0.0551663 0.051223 0.0472986 0.0435605 0.0400598 0.0367054 0.0332678 0.0294546 0.025064 0.0201448 0.0150479
 0.00678638 0.011063 0.0167284 0.0237668 0.0319861 0.0408885 0.0496284 0.0572035 0.0627992 0.0660356 0.0669671 0.065922 0.0633451 0.0597058 0.0554431 0.0509254 0.0464289 0.0421295 0.038095 0.0342706 0.0304867 0.02652 0.022218 0.0176267 0.01303
 0.00705236 0.0114947 0.0173774 0.0246819 0.033206 0.0424289 0.0514669 0.0592708 0.0649839 0.0681996 0.068964 0.0676138 0.0646155 0.0604709 0.0556557 0.0505723 0.0455209 0.0406934 0.036173 0.0319336 0.027853 0.023766 0.0195624 0.0152852 0.0111577
 0.00734294 0.0119639 0.0180773 0.0256582 0.0344891 0.0440196 0.053322 0.0612986 0.067057 0.0701786 0.0707203 0.069041 0.0656334 0.0610241 0.0557123 0.0501218 0.0445722 0.0392724 0.0343247 0.0297308 0.0254087 0.0212403 0.0171481 0.0131696 0.00947327
 0.00732957 0.0119691 0.0181359 0.0258222 0.0348183 0.0445652 0.0541107 0.062324 0.0682803 0.0715351 0.0721268 0.0704029 0.0668516 0.0620032 0.0563688 0.0503905 0.0444111 0.0386668 0.0332914 0.0283238 0.0237255 0.0194212 0.0153607 0.0115758 0.00818969
 0.00745737 0.0121871 0.0184833 0.0263432 0.0355537 0.045539 0.0553139 0.0637058 0.0697514 0.072983 0.0734357 0.0714741 0.0676172 0.0624294 0.0564482 0.0501294 0.043819 0.0377545 0.0320789 0.026853 0.0220727 0.0177 0.013709 0.0101261 0.00703511
 0.00755116 0.0123268 0.0186713 0.0265776 0.035835 0.0458777 0.0557341 0.0642385 0.0704194 0.0737836 0.0743306 0.0723911 0.0684652 0.0631182 0.0569058 0.0503102 0.0437022 0.037339 0.0313799 0.0259058 0.02094 0.0164743 0.0125032 0.00905045 0.00616899
 0.00772811 0.012599 0.0190511 0.0270638 0.0364109 0.0465111 0.05638 0.0648473 0.070952 0.0742254 0.0746937 0.0727014 0.0687395 0.0633489 0.0570593 0.0503387 0.0435606 0.0369969 0.030829 0.0251633 0.0200508 0.0155102 0.011553 0.00820144 0.00548457
 0.00780191 0.0127108 0.0192041 0.0272553 0.0366333 0.0467536 0.0566293 0.0650893 0.0711739 0.0744205 0.0748655 0.0728638 0.0689112 0.063542 0.0572676 0.0505325 0.0436912 0.0370112 0.030686 0.0248482 0.0195816 0.0149364 0.0109452 0.00763307 0.00501252
 0.00793105 0.0129 0.0194503 0.0275419 0.036934 0.0470403 0.0568783 0.0652843 0.071307 0.0744925 0.0748857 0.0728487 0.0688817 0.0635184 0.0572639 0.0505491 0.0437112 0.0370014 0.0306071 0.0246698 0.0192961 0.014565 0.0105332 0.00723493 0.00467408
 0.00797729 0.0129932 0.0196223 0.0278286 0.0373615 0.0476045 0.0575315 0.0659393 0.0718633 0.0748699 0.0750481 0.0728068 0.0686798 0.0632154 0.0569168 0.0502023 0.0433896 0.0367086 0.0303287 0.0243834 0.018985 0.0142291 0.010191 0.00691647 0.00440772
 0.00814113 0.0132457 0.0199775 0.028293 0.0379361 0.0482858 0.0583067 0.0667758 0.0726988 0.0756126 0.0755936 0.0730681 0.0686166 0.0628484 0.0563182 0.04947 0.0426178 0.0359671 0.0296555 0.0237888 0.0184636 0.0137729 0.00979817 0.00659169 0.00415645
 0.00809874 0.0131811 0.0198884 0.0281813 0.0378086 0.0481561 0.0581973 0.0667191 0.0727333 0.0757715 0.0758881 0.0734726 0.0690679 0.0632625 0.0566201 0.0496194 0.0426175 0.0358516 0.0294701 0.0235719 0.0182397 0.0135557 0.00959722 0.00641604 0.00401423
 0.00805959 0.0131364 0.019856 0.0281881 0.0378823 0.0483122 0.0584287 0.0669968 0.0730173 0.0760273 0.0760985 0.0736386 0.0691985 0.0633612 0.0566766 0.049613 0.0425303 0.0356817 0.0292349 0.0233013 0.0179649 0.0133008 0.00937704 0.00623798 0.00388
 0.00806383 0.0131301 0.0198235 0.0281113 0.0377501 0.0481335 0.0582392 0.0668509 0.0729669 0.0760978 0.0762785 0.0738889 0.0694725 0.0636213 0.0568994 0.0497843 0.0426389 0.0357196 0.0292016 0.0232077 0.0178316 0.0131522 0.00923456 0.00611616 0.00378581
 0.00815182 0.0132459 0.019947 0.028205 0.0377682 0.0480369 0.0580115 0.066509 0.0725614 0.0757037 0.0759756 0.0737375 0.0694942 0.063795 0.0571738 0.0500984 0.0429395 0.0359689 0.0293791 0.0233087 0.0178649 0.0131356 0.00918966 0.00606226 0.00373644
 0.00807037 0.0131311 0.0198053 0.0280499 0.0376116 0.0478779 0.0578318 0.0662799 0.0722637 0.0753473 0.0756082 0.0734334 0.0693283 0.0638151 0.0573834 0.0504579 0.0433822 0.0364234 0.0297871 0.0236346 0.0180967 0.0132804 0.00926599 0.00609281 0.00374163
 0.00791847 0.0128941 0.0194687 0.0276108 0.0370832 0.0472933 0.0572437 0.0657519 0.0718506 0.0750779 0.0754799 0.0734264 0.0694265 0.0640175 0.0576984 0.0508858 0.0439014 0.0369886 0.0303413 0.0241259 0.0184911 0.0135672 0.00945428 0.0062036 0.00379933
 0.0078092 0.0127144 0.0191952 0.0272221 0.0365669 0.0466559 0.05652 0.0650067 0.0711683 0.0745417 0.0751505 0.0733281 0.0695465 0.0643182 0.0581349 0.0514188 0.0444984 0.0376171 0.0309631 0.0246989 0.0189783 0.0139467 0.00972351 0.00637681 0.0038999
 0.00780757 0.0127041 0.0191646 0.0271543 0.0364409 0.0464519 0.0562252 0.0646215 0.0707114 0.0740518 0.0746826 0.0729434 0.0692974 0.064235 0.05822 0.0516513 0.0448437 0.0380361 0.0314158 0.0251457 0.0193832 0.0142821 0.00997615 0.0065489 0.00400542
 0.00784751 0.0127478 0.0191911 0.0271306 0.0363305 0.0462274 0.0558805 0.064175 0.0702006 0.0735242 0.0741879 0.072529 0.0690052 0.0640963 0.0582503 0.0518455 0.0451767 0.0384676 0.0318985 0.025632 0.0198313 0.0146612 0.0102697 0.00675584 0.00413752
 0.00789622 0.0128227 0.0192945 0.0272578 0.0364662 0.0463433 0.0559359 0.0641259 0.0700149 0.0731982 0.0737525 0.0720426 0.0685367 0.0637087 0.0579894 0.0517358 0.0452201 0.0386457 0.032176 0.0259641 0.0201721 0.0149715 0.0105237 0.00694332 0.00426213
 0.00796064 0.0129235 0.0194387 0.0274483 0.0367007 0.0466109 0.0562146 0.0643803 0.0701996 0.0732663 0.0736697 0.0718001 0.068159 0.06325 0.0575202 0.0513246 0.0449182 0.038478 0.0321401 0.026035 0.0203115 0.0151381 0.0106831 0.00707358 0.00435528
 0.00799276 0.0129671 0.0194884 0.0274949 0.0367337 0.046625 0.0562125 0.0643717 0.0701957 0.0732716 0.0736765 0.0717894 0.068108 0.0631442 0.0573637 0.0511424 0.044749 0.0383602 0.0320981 0.0260725 0.0204117 0.0152725 0.0108213 0.00719282 0.0044443
 0.00794063 0.0128937 0.0193987 0.0273992 0.0366441 0.0465487 0.0561487 0.0643145 0.0701405 0.0732215 0.0736421 0.0717819 0.06813 0.0631858 0.0574068 0.051172 0.0447625 0.0383695 0.0321226 0.0261278 0.0205009 0.0153852 0.0109391 0.00729786 0.00452548
 0.00774506 0.0125955 0.0189877 0.0268819 0.0360446 0.0459081 0.055523 0.0637682 0.0697341 0.0729964 0.0736116 0.0719327 0.0684308 0.063596 0.057882 0.0516684 0.0452425 0.038808 0.0325095 0.0264644 0.0207926 0.0156348 0.0111452 0.00745767 0.00463952
 0.00769787 0.0125047 0.018826 0.0266176 0.0356525 0.045385 0.0549004 0.0631122 0.0691295 0.0725233 0.0733248 0.0718531 0.0685483 0.0638781 0.0582842 0.0521425 0.0457429 0.0392964 0.0329584 0.0268582 0.0211259 0.0159077 0.0113602 0.00761856 0.0047518
 0.0077401 0.0125749 0.0189324 0.0267642 0.0358319 0.0455712 0.0550475 0.063164 0.0690417 0.0722851 0.0729695 0.0714468 0.0681665 0.0635812 0.0581046 0.0520833 0.0457857 0.0394115 0.0331141 0.0270273 0.021289 0.0160529 0.0114813 0.00771308 0.00482032
 0.00772984 0.0125561 0.0189008 0.0267162 0.0357668 0.045494 0.0549682 0.0630927 0.0689798 0.0722212 0.0728837 0.0713247 0.0680127 0.0634229 0.0579811 0.0520293 0.0458175 0.0395233 0.0332836 0.0272251 0.0214874 0.0162315 0.0116284 0.00782475 0.00489845
 0.00761225 0.0123822 0.0186713 0.0264424 0.0354677 0.0451906 0.0546797 0.0628372 0.0687755 0.0720845 0.0728241 0.0713397 0.0680872 0.0635367 0.0581194 0.0521889 0.0460045 0.0397433 0.0335333 0.02749 0.021746 0.0164628 0.0118178 0.00796693 0.0049961
 0.0075998 0.0123547 0.0186172 0.0263488 0.0353256 0.0450025 0.0544642 0.0626252 0.0685989 0.0719643 0.072764 0.0713301 0.0681133 0.0635853 0.0581817 0.0522618 0.04609 0.039847 0.0336596 0.0276375 0.021905 0.0166184 0.0119551 0.00807597 0.00507409
 0.00757927 0.012322 0.0185686 0.02628 0.035231 0.0448754 0.0542996 0.0624239 0.0683733 0.0717394 0.0725726 0.0712021 0.0680648 0.0636144 0.0582728 0.0523938 0.0462448 0.0400132 0.0338315 0.0278115 0.022076 0.0167778 0.0120933 0.00818571 0.00515308
 0.00744802 0.0121307 0.0183219 0.025996 0.0349364 0.0445961 0.0540534 0.0622187 0.0682095 0.0716149 0.0724878 0.0711625 0.0680805 0.0636946 0.0584197 0.0525988 0.0464904 0.0402784 0.0340978 0.028065 0.0223068 0.0169787 0.0122585 0.00831235 0.00524239
 0.00732812 0.0119378 0.0180368 0.0256064 0.0344442 0.044026 0.0534574 0.0616693 0.0677798 0.0713543 0.0724084 0.0712425 0.0682814 0.0639789 0.0587601 0.0529773 0.0468925 0.0406884 0.0344977 0.0284369 0.022636 0.017255 0.0124772 0.00847424 0.00535331
 0.00747155 0.0121253 0.0182342 0.0257533 0.0344695 0.0438745 0.053113 0.0611642 0.0671852 0.0707605 0.0719012 0.0708839 0.0680983 0.0639636 0.0588813 0.0531956 0.0471722 0.0410009 0.0348206 0.0287507 0.0229234 0.0175023 0.0126762 0.00862287 0.00545566
 0.00757367 0.0122912 0.0184806 0.0260869 0.0348757 0.0443047 0.053482 0.061367 0.0671347 0.0704286 0.0713375 0.0702 0.0674257 0.0634103 0.0585062 0.0530072 0.0471429 0.0410879 0.0349801 0.0289456 0.0231247 0.0176885 0.0128333 0.00874404 0.00554098
 0.00758833 0.0123346 0.0185822 0.0262858 0.03521 0.0447938 0.0541077 0.0620637 0.0677955 0.0709278 0.0715659 0.0701008 0.0670173 0.062782 0.0577864 0.0523201 0.0465748 0.0406751 0.0347177 0.0288053 0.0230705 0.0176873 0.0128585 0.00877734 0.00557138
 0.00749095 0.0121898 0.0183909 0.0260625 0.0349844 0.0446105 0.0540212 0.0621265 0.0680376 0.0713355 0.0720723 0.0705992 0.0673948 0.06296 0.0577485 0.0521131 0.046284 0.040388 0.0344951 0.0286705 0.0230164 0.0176899 0.0128912 0.0088187 0.00560838
 0.00744062 0.0121002 0.0182427 0.0258354 0.0346659 0.0442075 0.0535706 0.0616951 0.067709 0.0711862 0.0721464 0.07089 0.0678422 0.0634662 0.0582091 0.0524526 0.046478 0.0404621 0.0345028 0.0286644 0.0230285 0.0177277 0.0129455 0.00887526 0.0056562
 0.00758645 0.0123128 0.0185161 0.0261456 0.034974 0.0444676 0.0537385 0.0617389 0.067619 0.0709833 0.0718818 0.0706312 0.0676489 0.0633666 0.05819 0.0524687 0.0464767 0.04041 0.0343982 0.0285321 0.0229016 0.0176305 0.0128858 0.00884733 0.0056484
 0.00767617 0.0124546 0.0187207 0.026417 0.0353045 0.0448323 0.0540934 0.0620254 0.0677797 0.070982 0.0717184 0.0703442 0.0673031 0.0630322 0.0579199 0.0522833 0.046363 0.0403347 0.0343291 0.0284533 0.0228161 0.0175517 0.0128257 0.0088098 0.00562982
 0.00750332 0.0122015 0.0183923 0.026037 0.0349105 0.0444663 0.0537923 0.0618148 0.0676705 0.0709681 0.0717798 0.0704548 0.0674423 0.0631929 0.0581078 0.0525077 0.0466245 0.0406189 0.0346094 0.0287024 0.0230167 0.0177004 0.0129297 0.00888005 0.005676
 0.00737813 0.0119891 0.0180581 0.0255493 0.0342542 0.0436619 0.0529084 0.0609621 0.0669724 0.0705219 0.0716279 0.0705811 0.0677894 0.0636877 0.0586838 0.0531163 0.0472349 0.04121 0.0351618 0.0291953 0.0234317 0.0180276 0.0131704 0.0090451 0.00578158
 0.00735865 0.0119366 0.0179399 0.0253202 0.0338658 0.0430788 0.0521276 0.0600257 0.0659693 0.0695754 0.0708706 0.0701219 0.0676842 0.0639271 0.0592031 0.0538222 0.0480335 0.0420243 0.035936 0.0298912 0.0240239 0.0185024 0.0135266 0.00929347 0.00594164
 0.00738089 0.0119795 0.0180148 0.025436 0.0340192 0.0432429 0.0522458 0.0600218 0.0657732 0.069156 0.0702586 0.0694089 0.0669976 0.0633909 0.0589015 0.0537801 0.04822 0.0423735 0.0363717 0.0303456 0.0244465 0.018861 0.0138064 0.00949415 0.00607356
 0.00728931 0.0118624 0.0178978 0.0253631 0.0340413 0.0433979 0.0525392 0.060416 0.0661907 0.069496 0.0704233 0.0693359 0.0666855 0.0629055 0.0583558 0.053295 0.0478851 0.0422245 0.0363924 0.0304862 0.0246475 0.0190711 0.0139908 0.00963637 0.00617152
#obs surv len freq
 nan nan nan nan nan nan nan nan nan nan nan nan nan nan nan nan nan nan nan nan nan nan nan nan nan
 0.00448543 0.00734711 0.0111774 0.0159939 0.0216946 0.0279699 0.0342837 0.0400145 0.0446936 0.048157 0.0505145 0.0520101 0.052902 0.0534142 0.0537283 0.053983 0.0542615 0.0545542 0.0546929 0.0542848 0.0527229 0.0493551 0.043805 0.0362852 0.0276691
 0.00461869 0.00756566 0.0115094 0.0164658 0.0223243 0.0287569 0.0351991 0.0409987 0.0456646 0.0490268 0.0512059 0.052468 0.0530989 0.0533497 0.053425 0.0534784 0.0535993 0.0537773 0.0538405 0.053394 0.0518327 0.048509 0.043048 0.0356555 0.0271878
 0.00477904 0.00782842 0.0119088 0.0170352 0.0230897 0.0297268 0.036353 0.0422816 0.0469919 0.0502975 0.0523177 0.0533301 0.0536421 0.0535335 0.0532412 0.0529491 0.0527698 0.0527071 0.0525961 0.0520456 0.0504555 0.0471834 0.0418538 0.0346585 0.0264244
 0.00495854 0.00812352 0.0123592 0.0176799 0.0239603 0.0308352 0.0376794 0.0437692 0.048554 0.0518316 0.0537194 0.0545014 0.0544967 0.0540024 0.0532789 0.0525405 0.0519322 0.0514891 0.0510729 0.0503144 0.0486312 0.0453926 0.0402213 0.0332863 0.0253697
 0.00518804 0.00849534 0.0129165 0.0184625 0.0249977 0.0321352 0.0392163 0.045479 0.0503412 0.0535861 0.055332 0.0558732 0.0555416 0.0546475 0.0534667 0.052232 0.0511146 0.0501829 0.0493385 0.0482551 0.0463909 0.0431434 0.0381399 0.0315198 0.0240039
 0.0054138 0.00886936 0.0134922 0.0192935 0.0261263 0.0335753 0.0409361 0.0473965 0.0523386 0.0555341 0.0571116 0.0573849 0.0567054 0.055398 0.0537491 0.0520019 0.0503423 0.0488641 0.0475092 0.0460062 0.0438737 0.0405595 0.0357089 0.0294323 0.022377
 0.00565201 0.0092572 0.0140775 0.0201226 0.0272369 0.0349845 0.0426257 0.0493053 0.0543666 0.0575582 0.0590036 0.0590269 0.0579989 0.056267 0.0541371 0.0518659 0.0496506 0.0476018 0.0456948 0.0437129 0.0412457 0.0378077 0.0330779 0.027145 0.0205779
 0.00589888 0.00966236 0.0146942 0.0210024 0.0284193 0.0364809 0.0444037 0.0512852 0.0564343 0.0595886 0.06088 0.0606487 0.0592811 0.0571383 0.0545385 0.05175 0.0489815 0.0463596 0.0438886 0.0414033 0.0385662 0.034967 0.0303305 0.0247323 0.0186645
 0.00613207 0.0100451 0.0152773 0.0218359 0.0295436 0.0379116 0.0461164 0.053208 0.0584579 0.0615861 0.0627282 0.0622419 0.0605357 0.0579909 0.0549403 0.0516609 0.048367 0.0451957 0.0421761 0.0391907 0.0359729 0.0321901 0.0276192 0.0223308 0.0167455
 0.00637005 0.0104335 0.0158647 0.0226685 0.0306569 0.0393166 0.0477853 0.055069 0.0604048 0.0634982 0.064489 0.0637506 0.0617117 0.0587737 0.0552864 0.0515386 0.0477514 0.044069 0.0405386 0.0370833 0.033501 0.029534 0.0250134 0.0200102 0.0148815
 0.00662194 0.0108474 0.0164952 0.0235683 0.0318647 0.0408397 0.0495822 0.0570457 0.0624299 0.0654308 0.0662042 0.0651523 0.062734 0.0593759 0.0554461 0.0512437 0.0469945 0.0428468 0.0388603 0.0349899 0.0310888 0.0269665 0.022505 0.0177788 0.0130875
 0.00684027 0.0112071 0.0170455 0.0243583 0.0329341 0.0422033 0.0512138 0.0588709 0.0643349 0.0672829 0.0678736 0.0665292 0.0637376 0.059957 0.0555825 0.0509325 0.0462423 0.041665 0.0372699 0.0330362 0.0288618 0.0246125 0.0202139 0.0157437 0.0114512
 0.00704373 0.0115417 0.0175562 0.0250894 0.0339204 0.0434563 0.0527076 0.060537 0.0660711 0.0689722 0.0694024 0.0677986 0.0646697 0.0604977 0.0557023 0.0506237 0.0455135 0.0405364 0.0357732 0.0312241 0.0268226 0.0224786 0.0181519 0.0139205 0.00998917
 0.00726151 0.0118967 0.0180922 0.0258469 0.0349281 0.0447179 0.0541883 0.0621596 0.0677273 0.0705439 0.0707819 0.0689004 0.0654334 0.0608864 0.0556994 0.0502287 0.0447388 0.0394053 0.0343222 0.0295095 0.0249303 0.0205293 0.0162913 0.0122903 0.00869028
 0.00741168 0.0121468 0.0184797 0.0264101 0.0356989 0.0457089 0.0553798 0.0634953 0.0691218 0.0718988 0.0720022 0.069905 0.0661603 0.0612942 0.0557661 0.0499489 0.0441206 0.0384683 0.0330998 0.0280545 0.0233218 0.0188751 0.0147172 0.0109159 0.00759863
 0.00751969 0.0123216 0.0187417 0.0267796 0.0361936 0.0463402 0.0561473 0.0643814 0.0700904 0.072898 0.0729689 0.0707718 0.0668626 0.061777 0.0559888 0.0498874 0.0437664 0.0378289 0.0321992 0.0269372 0.0220573 0.0175573 0.0134545 0.00980976 0.00671899
 0.00757609 0.0124086 0.0188644 0.0269408 0.0363958 0.0465875 0.0564462 0.0647404 0.0705175 0.0733958 0.0735299 0.0713729 0.0674635 0.0623229 0.0564184 0.0501429 0.0438031 0.0376217 0.0317468 0.0262653 0.0212199 0.0166338 0.0125383 0.00898959 0.00605779
 0.0076424 0.0125094 0.0190029 0.027115 0.036599 0.0468096 0.0566758 0.0649676 0.0707374 0.0736124 0.0737554 0.0716222 0.067744 0.062626 0.0567151 0.0503873 0.0439421 0.0376074 0.0315493 0.0258822 0.0206804 0.0159959 0.0118782 0.0083827 0.00556014
 0.00772228 0.0126332 0.0191775 0.0273417 0.036872 0.0471152 0.0569918 0.0652653 0.0709887 0.073798 0.0738719 0.0716828 0.0677732 0.0626486 0.056746 0.0504228 0.0439585 0.0375676 0.0314156 0.0256312 0.0203145 0.0155468 0.0113988 0.00793178 0.00518433
 0.00777158 0.0127116 0.0192921 0.0274975 0.03707 0.0473506 0.057252 0.0655299 0.0712324 0.0739972 0.0740101 0.0717546 0.0677853 0.0626177 0.0566925 0.0503632 0.0438971 0.0374931 0.0313054 0.0254616 0.0200745 0.0152463 0.0110686 0.00761268 0.00491243
 0.00780622 0.012764 0.0193637 0.0275874 0.0371761 0.0474704 0.0573832 0.0656696 0.0713759 0.0741367 0.0741352 0.0718542 0.0678502 0.0626443 0.0566841 0.0503281 0.0438443 0.0374261 0.031219 0.0253447 0.0199176 0.0150506 0.0108495 0.00739568 0.00472312
 0.00782397 0.0127899 0.0193974 0.0276264 0.0372168 0.0475093 0.0574179 0.0657003 0.0714056 0.0741705 0.0741784 0.0719091 0.0679146 0.0627106 0.0567425 0.0503703 0.0438657 0.0374248 0.0311933 0.0252913 0.0198333 0.0149368 0.0107153 0.00725742 0.00459849
 0.00786175 0.0128452 0.0194691 0.0277093 0.0373026 0.0475886 0.0574826 0.0657445 0.0714267 0.0741701 0.0741625 0.0718869 0.0678951 0.0626999 0.0567414 0.0503748 0.0438686 0.0374189 0.0311726 0.0252516 0.0197728 0.0148571 0.0106227 0.00716222 0.00451231
 0.00787841 0.0128699 0.0195014 0.0277471 0.0373416 0.0476233 0.0575069 0.0657532 0.0714172 0.0741439 0.0741256 0.0718486 0.067865 0.0626854 0.0567457 0.050396 0.0439005 0.0374525 0.0311984 0.0252619 0.0197631 0.0148272 0.0105772 0.00710923 0.00446081
 0.00788066 0.0128704 0.0194966 0.0277318 0.0373109 0.0475746 0.0574422 0.0656789 0.0713422 0.0740776 0.0740753 0.0718192 0.0678596 0.062705 0.0567895 0.0504605 0.0439793 0.0375368 0.0312779 0.0253271 0.0198071 0.0148476 0.0105765 0.00709382 0.00443867
 0.00788587 0.0128773 0.0195038 0.0277366 0.0373093 0.0475622 0.0574148 0.0656341 0.0712813 0.0740059 0.074002 0.0717553 0.0678145 0.062685 0.0567967 0.0504931 0.0440326 0.0376035 0.031349 0.0253931 0.01986 0.0148827 0.0105934 0.00709596 0.00443185
 0.00790007 0.0128967 0.0195263 0.0277577 0.0373234 0.0475643 0.0574017 0.0656051 0.0712378 0.0739506 0.0739393 0.0716909 0.0677561 0.0626404 0.0567722 0.0504921 0.0440547 0.0376445 0.0314019 0.0254491 0.0199109 0.0149223 0.0106189 0.00710836 0.00443476
 0.00786473 0.0128433 0.0194532 0.0276662 0.0372169 0.0474474 0.0572805 0.0654868 0.0711309 0.0738644 0.0738815 0.0716668 0.0677668 0.0626836 0.0568434 0.0505858 0.0441647 0.0377641 0.0315236 0.0255649 0.0200128 0.0150045 0.0106789 0.00714741 0.00445688
 0.00786769 0.0128402 0.0194345 0.0276189 0.0371292 0.047315 0.0571113 0.0653005 0.070953 0.0737174 0.0737801 0.071616 0.067765 0.0627254 0.0569214 0.0506917 0.0442899 0.0378998 0.031661 0.0256956 0.0201291 0.0151005 0.0107517 0.00719745 0.00448776
 0.00786533 0.0128355 0.0194252 0.0276012 0.037097 0.0472604 0.0570258 0.0651792 0.0707987 0.0735441 0.0736111 0.0714775 0.0676778 0.0626994 0.0569547 0.0507743 0.0444078 0.0380385 0.0318072 0.0258375 0.0202573 0.015208 0.0108348 0.00725632 0.00452558
 0.00782451 0.012773 0.0193386 0.0274909 0.0369665 0.0471154 0.0568738 0.0650286 0.0706572 0.0734179 0.0735053 0.0713985 0.0676341 0.0627004 0.0570067 0.0508769 0.0445528 0.0382119 0.0319923 0.0260185 0.020421 0.0153455 0.0109416 0.00733269 0.00457544
 0.00778577 0.0127063 0.0192316 0.0273315 0.0367469 0.0468385 0.0565578 0.0647061 0.0703671 0.0731937 0.0733668 0.0713494 0.0676666 0.0628013 0.057163 0.0510772 0.044786 0.0384655 0.0322514 0.0262668 0.0206437 0.0155317 0.0110861 0.00743609 0.00464327
 0.00777188 0.0126795 0.0191832 0.0272503 0.0366208 0.0466587 0.0563231 0.0644264 0.0700644 0.0728997 0.0731169 0.0711749 0.0675868 0.0628201 0.0572705 0.0512548 0.0450128 0.0387211 0.0325171 0.026525 0.0208788 0.0157312 0.0112432 0.00754994 0.00471882
 0.00775231 0.01265 0.0191429 0.0271988 0.0365572 0.0465798 0.0562234 0.0642992 0.0699058 0.0727129 0.0729148 0.0709801 0.0674269 0.0627208 0.057248 0.0513126 0.0451416 0.0389029 0.0327298 0.0267468 0.02109 0.0159164 0.0113927 0.00766063 0.0047936
 0.00769556 0.0125583 0.0190064 0.0270102 0.036315 0.0462918 0.0559094 0.0639888 0.0696306 0.0724971 0.0727697 0.0709053 0.0674172 0.0627717 0.0573584 0.0514818 0.0453652 0.0391696 0.0330216 0.0270415 0.0213657 0.0161554 0.0115841 0.00780162 0.0048886
 0.0076812 0.0125295 0.018953 0.0269193 0.036174 0.0460937 0.0556578 0.0637 0.0693316 0.0722198 0.0725437 0.0707518 0.0673455 0.0627802 0.0574385 0.0516229 0.0455571 0.0394016 0.0332804 0.0273098 0.0216239 0.0163851 0.0117721 0.00794267 0.00498501
 0.00766063 0.0125018 0.0189213 0.0268887 0.0361479 0.0460696 0.0556248 0.0636417 0.0692332 0.0720764 0.0723655 0.0705619 0.0671728 0.0626508 0.0573694 0.0516201 0.0456176 0.0395163 0.0334363 0.0274911 0.0218127 0.0165634 0.0119252 0.00806186 0.00506897
 0.00762679 0.0124466 0.0188385 0.0267739 0.0360013 0.0458989 0.055446 0.0634756 0.069098 0.0719798 0.0723023 0.0705206 0.0671445 0.0626355 0.0573759 0.05166 0.0456993 0.0396408 0.0335968 0.0276747 0.0220027 0.0167429 0.0120799 0.00818321 0.00515518
 0.0076188 0.0124333 0.0188179 0.0267434 0.0359577 0.0458391 0.0553683 0.0633815 0.0689935 0.0718753 0.0722096 0.0704479 0.0670939 0.0626043 0.0573609 0.0516619 0.0457232 0.0396931 0.0336803 0.0277855 0.0221305 0.0168734 0.0121991 0.00828079 0.0052269
 0.00761192 0.0124241 0.0188077 0.0267343 0.0359517 0.0458365 0.0553665 0.0633754 0.0689766 0.0718427 0.0721603 0.0703859 0.067027 0.0625411 0.0573083 0.0516245 0.0457043 0.0396961 0.033708 0.0278381 0.0222033 0.0169571 0.0122823 0.00835337 0.00528282
 0.00758568 0.0123842 0.0187528 0.0266654 0.0358726 0.0457533 0.0552875 0.0633092 0.0689302 0.0718184 0.0721553 0.0703934 0.0670401 0.0625553 0.0573231 0.0516424 0.0457288 0.0397308 0.0337553 0.0278986 0.0222748 0.0170341 0.012357 0.00841842 0.00533333
 0.00756693 0.0123531 0.0187049 0.026597 0.0357816 0.0456419 0.0551633 0.0631855 0.0688228 0.0717412 0.0721163 0.0703933 0.0670724 0.0626101 0.0573898 0.0517131 0.0457997 0.0398015 0.0338273 0.027973 0.0223512 0.0171097 0.012427 0.00847797 0.00537921
 0.00754218 0.0123139 0.018648 0.0265199 0.0356832 0.0455232 0.0550283 0.0630424 0.0686835 0.0716202 0.0720278 0.0703482 0.0670756 0.0626589 0.0574751 0.0518221 0.0459197 0.0399225 0.0339436 0.0280819 0.0224513 0.0171993 0.0125039 0.00853997 0.00542534
 0.0075276 0.0122894 0.0186099 0.0264641 0.035607 0.045426 0.0549135 0.0629169 0.068557 0.0715033 0.0719303 0.0702788 0.0670415 0.0626647 0.057521 0.0519033 0.0460267 0.0400438 0.0340681 0.0282012 0.0225598 0.0172936 0.012582 0.00860094 0.00546957
 0.00752316 0.0122822 0.0185989 0.0264482 0.0355844 0.0453946 0.0548708 0.0628613 0.0684886 0.0714246 0.071847 0.0701989 0.0669741 0.0626185 0.0575027 0.0519165 0.0460704 0.0401127 0.0341534 0.0282932 0.0226496 0.0173745 0.0126499 0.00865392 0.00550783
 0.00753484 0.0122986 0.0186186 0.0264683 0.035601 0.0454039 0.0548703 0.0628493 0.0684643 0.0713873 0.071797 0.070138 0.0669068 0.0625517 0.0574455 0.0518771 0.046055 0.0401231 0.034187 0.0283434 0.0227081 0.0174332 0.0127024 0.00869636 0.00553904
 0.0075012 0.0122511 0.0185605 0.0264066 0.0355446 0.0453594 0.0548398 0.0628303 0.0684519 0.0713775 0.0717876 0.0701289 0.0668986 0.0625457 0.0574434 0.051882 0.0460705 0.0401523 0.0342307 0.0283993 0.0227707 0.0174956 0.0127582 0.0087415 0.00557203
 0.00750004 0.0122454 0.0185451 0.0263757 0.0354943 0.0452915 0.0547639 0.0627615 0.0684047 0.0713592 0.0717955 0.0701527 0.0669267 0.0625699 0.0574607 0.051894 0.0460816 0.0401675 0.0342538 0.0284317 0.0228106 0.0175388 0.0127997 0.00877676 0.0055988
 0.00749435 0.0122378 0.0185365 0.0263672 0.0354858 0.0452807 0.054746 0.0627316 0.0683619 0.0713087 0.0717479 0.070119 0.0669131 0.0625749 0.0574779 0.051916 0.0461039 0.0401893 0.034277 0.0284583 0.0228413 0.0175721 0.0128323 0.00880534 0.00562109
 0.00749435 0.0122378 0.0185365 0.0263672 0.0354858 0.0452807 0.054746 0.0627316 0.0683619 0.0713087 0.0717479 0.070119 0.0669131 0.0625749 0.0574779 0.051916 0.0461039 0.0401893 0.034277 0.0284583 0.0228413 0.0175721 0.0128323 0.00880534 0.00562109
 0.00736702 0.0120353 0.0182413 0.0259686 0.0349855 0.0446993 0.0541271 0.0621388 0.0678651 0.0709664 0.0715932 0.0701565 0.0671235 0.0629236 0.0579218 0.0524102 0.0466072 0.0406692 0.0347114 0.028835 0.0231551 0.0178227 0.0130227 0.00894158 0.00571181
 0.00727318 0.0118707 0.017972 0.0255577 0.0344042 0.0439433 0.0532318 0.061182 0.066953 0.0702088 0.0710791 0.0699378 0.06721 0.0632865 0.058504 0.0531393 0.0474083 0.0414748 0.035468 0.0295052 0.0237177 0.0182701 0.0133584 0.00917776 0.00586624
 0.00718213 0.0117217 0.0177452 0.0252323 0.03396 0.043366 0.0525206 0.0603584 0.0660664 0.0693359 0.0703147 0.0693782 0.0669313 0.0633271 0.0588561 0.0537531 0.0482054 0.0423655 0.0363667 0.0303418 0.0244434 0.0188588 0.0138047 0.00949266 0.00607185
 0.00718798 0.011724 0.0177348 0.0251945 0.0338766 0.0432175 0.0522899 0.0600332 0.0656416 0.0688186 0.0697307 0.0687771 0.0663852 0.0629176 0.0586539 0.0537973 0.0484915 0.0428474 0.0369707 0.0309858 0.0250546 0.0193854 0.0142199 0.00979305 0.00627097
 0.00722951 0.0117979 0.0178565 0.0253795 0.0341322 0.0435331 0.0526292 0.0603362 0.0658383 0.0688484 0.0695596 0.068407 0.0658548 0.0622979 0.0580368 0.0532767 0.0481416 0.0427036 0.037023 0.0311869 0.0253378 0.0196853 0.0144879 0.0100028 0.00641734
#pred catch len freq
 0.00313063 0.00507304 0.00763835 0.0108669 0.014801 0.0194418 0.0246879 0.0303185 0.0360346 0.0415179 0.0464768 0.0506859 0.0540191 0.0564604 0.0580869 0.0590436 0.059521 0.0597174 0.0597459 0.0594844 0.0584514 0.0558646 0.0509808 0.0435943 0.0343569
 0.0033482 0.00537269 0.00799162 0.0112195 0.0150956 0.0196486 0.0248231 0.0304327 0.036176 0.0416951 0.0466506 0.0507963 0.0540308 0.0563964 0.0580273 0.0590881 0.0597325 0.0600731 0.0601231 0.0596961 0.0583238 0.0553213 0.0500858 0.0425259 0.0333259
 0.00342115 0.00552399 0.00827538 0.0116947 0.0157982 0.0205562 0.0258368 0.0313993 0.036948 0.0421925 0.0468804 0.0508206 0.0539149 0.0561812 0.0577404 0.0587684 0.0594335 0.0598323 0.059921 0.0594423 0.0578941 0.0546297 0.0491456 0.0414553 0.0322941
 0.00357454 0.00575528 0.00859474 0.0121126 0.0163383 0.0212659 0.0267768 0.0326062 0.038383 0.0437132 0.0482685 0.05186 0.0544742 0.056248 0.0573969 0.0581375 0.0586341 0.0589532 0.0590055 0.058482 0.0568441 0.0534524 0.0478597 0.0401534 0.0311097
 0.00377655 0.00607532 0.00906006 0.0127413 0.0171359 0.0222222 0.027868 0.0338039 0.0396652 0.0450628 0.0496485 0.0531805 0.0555842 0.056975 0.0576131 0.0578114 0.0578321 0.0577979 0.0576212 0.0569575 0.0552294 0.0517844 0.0461976 0.038593 0.0297632
 0.00399685 0.00642774 0.00958078 0.0134627 0.0180834 0.0234076 0.0292781 0.0353912 0.0413489 0.0467425 0.0512248 0.0545693 0.0567144 0.0577722 0.0579906 0.0576853 0.0571563 0.056593 0.0559734 0.054992 0.0530803 0.0495833 0.044077 0.0366858 0.0281825
 0.0042642 0.00684996 0.0101946 0.014298 0.0191632 0.0247457 0.0308709 0.0372066 0.0433186 0.0487614 0.0531612 0.0562836 0.058082 0.0586983 0.0584109 0.0575551 0.0564448 0.0552938 0.054125 0.0526925 0.050485 0.0468871 0.0414881 0.0343942 0.0263252
 0.00452321 0.00726775 0.0108181 0.0151711 0.0203216 0.0262077 0.0326255 0.0392051 0.0454761 0.0509658 0.0552841 0.0581902 0.0596413 0.0597951 0.0589557 0.0574879 0.0557336 0.053934 0.0521488 0.0501865 0.0476048 0.0438536 0.0385569 0.0318037 0.0242421
 0.00479284 0.00769913 0.0114562 0.0160582 0.0214954 0.0276959 0.0344332 0.0413008 0.0477824 0.0533613 0.0576156 0.060294 0.0613655 0.061016 0.0595829 0.0574613 0.055019 0.0525236 0.0500713 0.0475259 0.04452 0.04058 0.0353774 0.028989 0.0219829
 0.00510655 0.0081953 0.0121785 0.0170419 0.0227662 0.0292661 0.0362938 0.0434122 0.0500701 0.0557188 0.0599118 0.0623833 0.0631018 0.0622681 0.0602464 0.0574639 0.054319 0.0511091 0.0479676 0.044814 0.0413577 0.0372075 0.0320892 0.0260712 0.01964
 0.00542611 0.00870828 0.0129393 0.0180991 0.024157 0.0310056 0.0383602 0.0457372 0.0525416 0.0581952 0.0622413 0.0644212 0.0647224 0.0633705 0.0607554 0.0573264 0.0535013 0.0495995 0.0457878 0.0420399 0.0381417 0.033786 0.0287559 0.0231143 0.0172667
 0.00570428 0.0091567 0.0136087 0.0190384 0.0254095 0.0325994 0.0402937 0.0479641 0.0549646 0.0606724 0.0646029 0.0664945 0.0663574 0.0644572 0.0612274 0.0571516 0.0526691 0.0481147 0.0436782 0.0393775 0.0350677 0.0305207 0.0255757 0.0202925 0.0150013
 0.00600747 0.00963779 0.0143122 0.020002 0.0266621 0.034157 0.0421485 0.0500733 0.0572442 0.0629999 0.066828 0.0684562 0.0679053 0.065472 0.0616325 0.0569137 0.0517885 0.0466152 0.0416052 0.0368113 0.0321443 0.0274429 0.0225947 0.0176564 0.0128893
 0.006239 0.0100101 0.0148662 0.0207762 0.0276899 0.0354595 0.043724 0.0518869 0.0592243 0.0650421 0.0688049 0.0702303 0.0693441 0.0664626 0.0620924 0.0567948 0.0510769 0.0453269 0.0397861 0.0345436 0.0295588 0.0247247 0.0199669 0.0153364 0.0110325
 0.00635358 0.0102049 0.015176 0.0212407 0.0283485 0.0363409 0.044835 0.0532053 0.0606996 0.0666018 0.0703618 0.0716882 0.070604 0.0674292 0.062681 0.056939 0.0507337 0.0444822 0.0384605 0.0327999 0.0275099 0.0225334 0.0178276 0.0134367 0.00950682
 0.00646384 0.0103913 0.0154711 0.0216828 0.0289778 0.0371908 0.0459191 0.054505 0.0621574 0.0681239 0.0718314 0.0729868 0.0716324 0.0681199 0.0629973 0.0568647 0.0502635 0.0436192 0.0372237 0.0312372 0.0257109 0.0206315 0.0159848 0.0118089 0.0082048
 0.00657294 0.0105547 0.0156926 0.0219613 0.0293139 0.0375954 0.0464165 0.0551266 0.0629264 0.0690374 0.0728485 0.0740299 0.0726012 0.0689125 0.0635299 0.057082 0.0501382 0.0431472 0.0364208 0.0301436 0.024399 0.0192093 0.0145841 0.0105584 0.00719742
 0.00668754 0.0107303 0.0159366 0.0222728 0.0296838 0.0380082 0.0468532 0.0555701 0.063369 0.0694849 0.0733168 0.0745306 0.0731249 0.0694197 0.063956 0.0573534 0.0501909 0.0429398 0.0359414 0.0294123 0.02347 0.0181686 0.0135382 0.00961249 0.00642872
 0.00674587 0.0108182 0.0160562 0.0224219 0.0298571 0.0381994 0.047056 0.0557787 0.0635785 0.0696939 0.0735302 0.0747603 0.073385 0.0697158 0.0642732 0.0576508 0.0504081 0.0430127 0.0358212 0.0290817 0.0229508 0.0175196 0.0128431 0.00895832 0.00588332
 0.00687964 0.0110148 0.0163131 0.0227229 0.0301765 0.0385092 0.0473325 0.0560049 0.0637449 0.0697989 0.0735808 0.0747712 0.0733767 0.0697098 0.0642853 0.0576823 0.0504398 0.0430069 0.0357327 0.0288753 0.0226178 0.0170853 0.0123606 0.00849174 0.00548654
 0.00698281 0.011189 0.0165858 0.0231193 0.0307094 0.0391642 0.0480582 0.0567167 0.0643462 0.0702108 0.0737635 0.0747301 0.0731522 0.069362 0.063877 0.057266 0.0500478 0.0426464 0.0353894 0.0285245 0.0222407 0.0166817 0.0119522 0.00811333 0.00517093
 0.00706128 0.0113112 0.0167614 0.0233586 0.0310264 0.0395784 0.0485884 0.0573659 0.0650828 0.0709581 0.0744115 0.0751677 0.073307 0.0692237 0.0634953 0.0567259 0.0494386 0.0420376 0.0348198 0.0280057 0.0217684 0.0162507 0.0115656 0.00778226 0.00490766
