SBPRF35
7.78865
Curr Bio
518340
B35
670127
F35
0.215023
FOFL
0.153103
OFL
58919.6
Bzero
2.22533e+006
#pred survey bio
 4.95732e+006 4.66141e+006 4.37931e+006 4.04977e+006 3.706e+006 3.3242e+006 2.9553e+006 2.62527e+006 2.33027e+006 2.05933e+006 1.82823e+006 1.60447e+006 1.41839e+006 1.25909e+006 1.12432e+006 1.01055e+006 926074 872245 805845 767620 744307 716356 692844 678234 670796 651687 639703 642184 636618 639387 631098 625819 621417 610906 596929 575780 563097 550557 545257 551701 556820 562951 570798 574266 568141 575885 582785 590261 597382 606507 611663 609898 637383 611908 565651 536860 530233 547597 567038 587679 582328 586622 577496 580871 591631 568229 558312 559280 523348 1.71991e+007 1.02301e+007 1.04819e+007 1.12818e+007 1.23673e+007 1.34849e+007 1.44866e+007 1.5313e+007 1.5959e+007 1.64464e+007 1.68055e+007 1.70662e+007 1.72538e+007 1.73884e+007 1.74848e+007 1.75542e+007 1.76043e+007 1.76406e+007 1.76672e+007 1.76868e+007 1.77013e+007 1.77121e+007 1.77203e+007 1.77264e+007 1.7731e+007 1.77345e+007 1.77372e+007 1.77392e+007 1.77408e+007 1.7742e+007 1.77429e+007 1.77436e+007 1.77441e+007 1.77445e+007 1.77449e+007 1.77451e+007 1.77453e+007 1.77455e+007 1.77456e+007 1.77457e+007 1.77457e+007 1.77458e+007 1.77458e+007 1.77459e+007 1.77459e+007 1.77459e+007 1.77459e+007 1.77459e+007 1.77459e+007 1.77459e+007 1.77459e+007 1.7746e+007 1.7746e+007 1.7746e+007 1.7746e+007 1.7746e+007 1.7746e+007 1.7746e+007 1.7746e+007 1.7746e+007 1.7746e+007 1.7746e+007 1.7746e+007 1.7746e+007 1.7746e+007 1.7746e+007 1.7746e+007 1.7746e+007 1.7746e+007 1.7746e+007 1.7746e+007 1.7746e+007 1.7746e+007 1.7746e+007 1.7746e+007 1.7746e+007 1.7746e+007 1.7746e+007 1.7746e+007 1.7746e+007 1.7746e+007 1.7746e+007 1.7746e+007 1.7746e+007 1.7746e+007 1.7746e+007 1.7746e+007 1.7746e+007 1.7746e+007 1.7746e+007 1.7746e+007 1.7746e+007 1.7746e+007 1.7746e+007 1.7746e+007 1.7746e+007 1.7746e+007 1.7746e+007 1.7746e+007 1.7746e+007 0 0 0 0 0 0 0 0 0 0 0 0 0 0 0 0 0 0 0 0 0 0 0 0 0
#obs survey bio
 4.14754e+006 3.73661e+006 4.02538e+006 3.25368e+006 2.37853e+006 2.61597e+006 3.03944e+006 3.05249e+006 1.64449e+006 1.60301e+006 1.4596e+006 1.41391e+006 786767 1.3502e+006 681490 1.03962e+006 931873 749589 863398 708551 703701 559465 679577 655440 462694 710234 557649 635390 477530 584225 609722 517592 564977 615047 640263 747540 722852 456821 581726 431844 530115 606538 681814 396222 747947 544303 598508 391444 487061 601730 409491 720690 946667 649712 645825 364447 674579 439480 604549 564630 614569 609412 498628 718821 668458 472648 554733 579028 445492
#pred catch bio
 98454.2 95451 156647 195531 261880 284518 282619 281971 288298 276519 289120 270569 257312 241425 225406 200201 172838 180472 152306 136315 136766 129328 119006 111296 119189 110710 97094.9 102940 94858.1 102540 97597.7 94574.9 97057.3 96233.1 97935.8 88877.2 91518.9 90290 84569.3 88073.7 87906.2 86116.9 89130.9 96470.3 84544.2 85807.6 86499.6 88445 88275.4 92643 98440.5 73632 116547 130783 114595 96549 77635.5 76483.1 75481.2 96814.1 88493.9 99840.3 88776.8 82021.2 108912 95344.1 85174.7 113434 104656 58919.6 79388.5 79860.3 84596.8 92345.4 100614 107979 113927 118437 121710 124009 125585 126645 127348 127808 128107 128300 128424 128503 128553 128585 128605 128617 128625 128630 128633 128635 128637 128637 128638 128638 128638 128638 128638 128639 128639 128639 128639 128639 128639 128639 128639 128639 128639 128639 128639 128639 128639 128639 128639 128639 128639 128639 128639 128639 128639 128639 128639 128639 128639 128639 128639 128639 128639 128639 128639 128639 128639 128639 128639 128639 128639 128639 128639 128639 128639 128639 128639 128639 128639 128639 128639 128639 128639 128639 128639 128639 128639 128639 128639 128639 128639 128639 128639 128639 128639 128639 128639 128639 128639 0 0 0 0 0 0 0 0 0 0 0 0 0 0 0 0 0 0 0 0 0 0 0 0 0
#obs catch bio
 0 95123.7 157322 196236 264404 288030 285762 285451 293484 281768 296218 276970 266406 249040 232202 205673 176005 185003 155132 138289 138880 131059 120075 112210 121134 111782 97892 103917 95855.5 103760 98509 95238.6 97906.9 97119.8 98783.9 89056.4 91404.1 90497.5 84974 88831.8 88517.7 86536 89057 96867.6 84655.1 85886 86417.2 88945.9 88719.9 93018.8 99728.5 73386.6 116735 130535 114402 96911.2 77744.9 76864.5 75435.6 97280.4 88541.9 100384 89190.6 81821.8 109268 95405.9 84765.8 113115 104641
#pred cpue bio
 4.87546e+006 4.58511e+006 4.30748e+006 3.98025e+006 3.63828e+006 3.25882e+006 2.89234e+006 2.56441e+006 2.27107e+006 2.00168e+006 1.77202e+006 1.55024e+006 1.36585e+006 1.20848e+006 1.07603e+006 964488 881950 829690 765616 729069 707006 680424 658085 644203 637117 618854 607602 610279 605049 607964 600375 595768 591958 582286 569536 549784 537058 523087 516289 521997 527112 533408 541475 545094 539125 546621 553279 560225 566758 575439 580413 578862 606057 581865 536669 507956 501078 518183 537733 558238 553064 556927 547941 551409 562347 540010 530408 531509 497218 1.63495e+007 9.73066e+006 9.8476e+006 1.04912e+007 1.15199e+007 1.26239e+007 1.36228e+007 1.44487e+007 1.50947e+007 1.5582e+007 1.59411e+007 1.62018e+007 1.63894e+007 1.6524e+007 1.66204e+007 1.66898e+007 1.67399e+007 1.67762e+007 1.68028e+007 1.68224e+007 1.68369e+007 1.68477e+007 1.68559e+007 1.6862e+007 1.68666e+007 1.68701e+007 1.68728e+007 1.68748e+007 1.68764e+007 1.68776e+007 1.68785e+007 1.68792e+007 1.68797e+007 1.68801e+007 1.68805e+007 1.68807e+007 1.68809e+007 1.68811e+007 1.68812e+007 1.68813e+007 1.68813e+007 1.68814e+007 1.68814e+007 1.68815e+007 1.68815e+007 1.68815e+007 1.68815e+007 1.68815e+007 1.68815e+007 1.68815e+007 1.68816e+007 1.68816e+007 1.68816e+007 1.68816e+007 1.68816e+007 1.68816e+007 1.68816e+007 1.68816e+007 1.68816e+007 1.68816e+007 1.68816e+007 1.68816e+007 1.68816e+007 1.68816e+007 1.68816e+007 1.68816e+007 1.68816e+007 1.68816e+007 1.68816e+007 1.68816e+007 1.68816e+007 1.68816e+007 1.68816e+007 1.68816e+007 1.68816e+007 1.68816e+007 1.68816e+007 1.68816e+007 1.68816e+007 1.68816e+007 1.68816e+007 1.68816e+007 1.68816e+007 1.68816e+007 1.68816e+007 1.68816e+007 1.68816e+007 1.68816e+007 1.68816e+007 1.68816e+007 1.68816e+007 1.68816e+007 1.68816e+007 1.68816e+007 1.68816e+007 1.68816e+007 1.68816e+007 1.68816e+007 1.68816e+007 1.68816e+007 0 0 0 0 0 0 0 0 0 0 0 0 0 0 0 0 0 0 0 0 0 0 0 0 0
#obs cpue bio
 5.03843e+006 4.48064e+006 2.70788e+006 3.42647e+006 3.56382e+006 2.66531e+006 3.05558e+006 1.82911e+006 1.85059e+006 1.81946e+006 1.54604e+006 1.36032e+006 816692 1.00425e+006 1.35426e+006 700113 887512 639294 599228 717262 631910 779467 720458 548514 529838 700684 527889 617524 490858 650498 582410 736270 542386 476764 550664 561426 598706 465388 331894 491024 557964 509054 712029 605545 389997 641037 617763 465595 643728 612474 481367 817735 556330 650274 441154 508924 373320 491630 671835 537440 505336 468714 521275 638656 504008 613621 674199 665758 441378
#pred surv len freq
 0.00517206 0.00835513 0.0124955 0.0175474 0.0233748 0.0296798 0.0359701 0.0416705 0.0463381 0.0498122 0.0521955 0.053725 0.0546503 0.055169 0.055402 0.0553901 0.0551058 0.0544714 0.0533574 0.0515543 0.0487548 0.0446188 0.0389573 0.0319579 0.0242747
 0.00544068 0.00868579 0.0128025 0.0176995 0.0232481 0.0292317 0.0352863 0.0409435 0.0457784 0.0495443 0.0522032 0.0538759 0.0547773 0.0551572 0.0552396 0.0551655 0.0549603 0.0545286 0.0536611 0.0520439 0.0492926 0.0450557 0.0392001 0.0319999 0.0241783
 0.00571695 0.00913393 0.0134671 0.0186005 0.0243529 0.0304282 0.0363816 0.0417135 0.0460613 0.0493243 0.0516195 0.0531415 0.0540627 0.0545224 0.0546512 0.0545717 0.0543573 0.0539733 0.0532292 0.0517716 0.0491479 0.0449576 0.03907 0.0318049 0.0239389
 0.0059581 0.00952582 0.0140577 0.0194365 0.025472 0.0318413 0.0380468 0.0435115 0.0477922 0.0507421 0.0525034 0.0533759 0.0536788 0.0536698 0.0535179 0.0533085 0.053054 0.0526829 0.0519992 0.050649 0.0481613 0.0441059 0.0383334 0.0311691 0.0234071
 0.00619277 0.00990166 0.0146138 0.0202082 0.0264879 0.0331175 0.0395764 0.0452538 0.0496631 0.0526087 0.0541861 0.0546688 0.0543962 0.0537054 0.0528831 0.0521225 0.0514928 0.0509213 0.050179 0.0488754 0.0465107 0.0426314 0.0370686 0.0301319 0.0226028
 0.00647418 0.0103504 0.0152731 0.0211133 0.0276612 0.034561 0.0412625 0.0471219 0.0516261 0.0545638 0.0560201 0.0562541 0.0555879 0.0543538 0.0528684 0.0513979 0.0501091 0.0490178 0.0479447 0.0465064 0.044181 0.0404816 0.0352025 0.0286137 0.0214535
 0.00682156 0.0108939 0.016052 0.0221516 0.0289662 0.0361206 0.0430399 0.0490515 0.0536185 0.0565174 0.0578338 0.0578317 0.0568341 0.0551676 0.0531438 0.0510404 0.0490683 0.0473194 0.0457038 0.0439122 0.0414617 0.0378632 0.0328741 0.0267021 0.0200105
 0.00720639 0.0114971 0.0169181 0.0233069 0.0304146 0.0378389 0.0449709 0.0511041 0.0556794 0.0584726 0.0595852 0.059303 0.057964 0.0558983 0.053411 0.0507719 0.0481972 0.0458126 0.0435964 0.0413291 0.0386118 0.0350032 0.0302538 0.024511 0.0183425
 0.00758115 0.0120919 0.0177859 0.0244867 0.031924 0.0396629 0.0470501 0.0533315 0.0579147 0.0605693 0.0614169 0.0607771 0.059022 0.0565063 0.0535448 0.0504036 0.0472905 0.0443359 0.041553 0.038793 0.0357474 0.0320522 0.0274848 0.0221514 0.0165229
 0.00793172 0.0126526 0.0186129 0.025626 0.033404 0.0414813 0.049159 0.0556308 0.0602628 0.0628065 0.0633917 0.0623655 0.0601376 0.0571017 0.0536037 0.0499264 0.0462799 0.0427934 0.0394938 0.0362767 0.032908 0.0291028 0.0246827 0.0197324 0.0146361
 0.0082349 0.0131367 0.0193253 0.0266067 0.0346797 0.0430563 0.0510036 0.0576742 0.0623971 0.0649013 0.0653112 0.0639827 0.061346 0.0578236 0.0537939 0.0495689 0.0453795 0.0413678 0.0375763 0.0339334 0.0302615 0.0263421 0.0220409 0.0174314 0.0128251
 0.00864412 0.013775 0.0202359 0.0278121 0.0361798 0.0448252 0.052984 0.0597745 0.0644999 0.0668809 0.0670502 0.0653827 0.0623298 0.0583356 0.0537998 0.0490549 0.0443502 0.0398449 0.0356018 0.0315807 0.0276518 0.023651 0.0194805 0.0152047 0.0110701
 0.00886916 0.0141579 0.0208428 0.0287125 0.0374284 0.046435 0.0549023 0.0618807 0.0666303 0.0688685 0.0687581 0.0667164 0.0632335 0.0587805 0.0537745 0.0485589 0.0433921 0.0384446 0.0337973 0.0294408 0.0252881 0.0212222 0.017175 0.013201 0.00948949
 0.00905245 0.014453 0.0212834 0.0293327 0.0382617 0.0475096 0.0562294 0.063439 0.0683538 0.0706449 0.0704424 0.0681582 0.0643081 0.0594093 0.0539274 0.0482414 0.0426294 0.0372714 0.0322594 0.0276053 0.0232562 0.0191332 0.015192 0.0114773 0.008129
 0.00931487 0.014855 0.0218429 0.0300513 0.0391275 0.0485019 0.057322 0.0646007 0.0695491 0.0718341 0.0715777 0.0691785 0.0651377 0.0599671 0.0541436 0.0480733 0.0420667 0.0363335 0.0309894 0.0260693 0.0215483 0.0173758 0.0135246 0.0100289 0.00698616
 0.00945417 0.0150956 0.0222299 0.0306315 0.039935 0.049537 0.0585351 0.0658948 0.070806 0.0729497 0.0724876 0.0698597 0.0655918 0.060198 0.0541437 0.0478232 0.0415457 0.0355333 0.0299252 0.0247861 0.0201223 0.0159107 0.0121376 0.00882683 0.0060396
 0.00957637 0.0152791 0.0224797 0.0309475 0.0403184 0.0499982 0.0590932 0.0665664 0.0715862 0.0737978 0.0733296 0.0706085 0.0661743 0.060572 0.0542961 0.0477557 0.0412611 0.035032 0.0292132 0.0238878 0.0190898 0.0148237 0.0110911 0.00790986 0.00531237
 0.0095015 0.0151798 0.0223713 0.0308575 0.0402786 0.0500329 0.0592126 0.0667695 0.0718706 0.0741672 0.0737888 0.0711492 0.0667622 0.061148 0.0547915 0.0481099 0.0414328 0.035 0.0289745 0.0234579 0.0185069 0.0141494 0.0104025 0.00728276 0.00480196
 0.00958467 0.0153044 0.0225399 0.0310673 0.0405251 0.0503135 0.059527 0.0671152 0.0722364 0.0745306 0.0741216 0.0714281 0.0669762 0.0612966 0.0548749 0.0481206 0.0413545 0.034814 0.028669 0.0230357 0.0179901 0.0135796 0.00983451 0.00677184 0.00438879
 0.00964565 0.0153837 0.0226228 0.0311285 0.0405367 0.0502579 0.0594078 0.0669601 0.0720904 0.0744425 0.0741284 0.0715444 0.0671914 0.06158 0.0551859 0.0484174 0.0415985 0.0349723 0.028717 0.0229626 0.0178038 0.0133085 0.00952194 0.00646527 0.00412677
 0.00960241 0.0153223 0.0225459 0.0310421 0.0404451 0.0501586 0.05929 0.066811 0.0719068 0.0742419 0.0739506 0.0714401 0.0672029 0.0617244 0.0554486 0.0487576 0.0419618 0.0353039 0.0289718 0.0231122 0.0178406 0.0132463 0.00939191 0.00630651 0.00397475
 0.009636 0.015369 0.0226018 0.0310993 0.0404949 0.050195 0.0593114 0.0668175 0.0718957 0.0742052 0.0738798 0.0713357 0.0670822 0.0616195 0.0553938 0.0487737 0.0420459 0.0354302 0.0291021 0.0232094 0.0178803 0.0132231 0.00931851 0.00620662 0.00387351
 0.00974639 0.015526 0.0227964 0.0313082 0.0406864 0.0503391 0.0593885 0.0668222 0.0718355 0.0740957 0.0737389 0.071179 0.0669215 0.0614657 0.0552601 0.0486759 0.0419962 0.0354299 0.0291375 0.023256 0.0179129 0.0132254 0.00928835 0.00615412 0.00381409
 0.00983641 0.0156604 0.0229754 0.0315224 0.0409161 0.0505569 0.0595624 0.0669215 0.0718391 0.0740009 0.073564 0.0709574 0.06669 0.0612539 0.0550856 0.0485464 0.0419135 0.0353916 0.0291361 0.0232778 0.0179402 0.0132426 0.00928725 0.00613586 0.00378628
 0.0097022 0.0154769 0.0227633 0.0313214 0.0407732 0.0505066 0.0596115 0.0670467 0.071998 0.074149 0.0736693 0.071008 0.066693 0.0612289 0.0550561 0.0485312 0.0419231 0.0354277 0.0291936 0.0233469 0.0180087 0.013299 0.00932445 0.00615301 0.00378806
 0.00971014 0.01548 0.0227514 0.0312831 0.0407043 0.0504195 0.0595387 0.0670312 0.0720724 0.0743145 0.07389 0.0712245 0.0668491 0.0612932 0.0550297 0.0484399 0.0418024 0.0353093 0.0290976 0.0232804 0.0179688 0.0132772 0.00931164 0.00614291 0.0037781
 0.00979682 0.0155966 0.0228815 0.0313957 0.0407608 0.0503879 0.0594071 0.0668155 0.0718148 0.0740732 0.0737211 0.0711623 0.0668926 0.0614089 0.0551688 0.0485603 0.0418833 0.0353518 0.0291153 0.0232884 0.0179765 0.013287 0.00932172 0.00615047 0.00378187
 0.00976608 0.0155501 0.022817 0.0313112 0.0406521 0.0502462 0.0592201 0.0665732 0.0715198 0.0737498 0.0734162 0.0709349 0.0667943 0.0614637 0.0553634 0.0488504 0.0422115 0.0356679 0.0293886 0.0235082 0.018145 0.0134117 0.00941028 0.00620979 0.0038185
 0.00972705 0.0154993 0.0227639 0.0312716 0.0406434 0.0502785 0.0592889 0.0666575 0.0715869 0.0737656 0.0733587 0.0708044 0.0666173 0.0612854 0.0552314 0.0487956 0.0422381 0.0357559 0.0295067 0.0236276 0.0182479 0.0134913 0.00946721 0.00624775 0.00384198
 0.0095357 0.0152133 0.0223811 0.0308089 0.040135 0.0497709 0.0588346 0.0663079 0.0713812 0.0737195 0.0734578 0.0710103 0.0668829 0.0615727 0.0555213 0.0490872 0.0425375 0.0360642 0.0298137 0.023915 0.0184968 0.0136898 0.00961298 0.00634638 0.0039034
 0.00947903 0.015118 0.0222326 0.030594 0.0398468 0.0494169 0.0584424 0.0659236 0.0710591 0.0735061 0.0733784 0.0710634 0.0670435 0.0618027 0.0557824 0.0493515 0.0427919 0.0363067 0.0300453 0.0241327 0.0186925 0.0138541 0.00973984 0.00643583 0.00396079
 0.00944614 0.0150602 0.0221373 0.0304462 0.0396322 0.0491266 0.0580796 0.0655082 0.0706286 0.0731107 0.073072 0.0708907 0.0670278 0.0619393 0.0560413 0.0496882 0.0431613 0.0366734 0.0303868 0.0244369 0.0189527 0.0140659 0.0099018 0.0065506 0.00403534
 0.00929626 0.0148432 0.0218596 0.0301295 0.0393052 0.048813 0.0577897 0.0652394 0.0703744 0.0728714 0.0728619 0.0707372 0.0669637 0.0619913 0.0562186 0.0499778 0.043531 0.0370815 0.0307931 0.0248103 0.0192737 0.0143253 0.0100983 0.00668913 0.00412542
 0.00903684 0.0144614 0.02136 0.0295445 0.0386887 0.0482277 0.057294 0.0648777 0.0701693 0.0728189 0.0729336 0.0708936 0.0671715 0.0622347 0.0564997 0.0503052 0.0439065 0.0374929 0.0312157 0.0252139 0.0196316 0.0146202 0.0103238 0.00684868 0.00422934
 0.00895818 0.014314 0.0211044 0.0291375 0.0381009 0.0474675 0.0564246 0.0640123 0.0694389 0.0723297 0.0727352 0.0709728 0.0674699 0.0626769 0.0570183 0.0508541 0.0444609 0.0380393 0.0317416 0.0257023 0.0200627 0.0149773 0.010599 0.00704455 0.00435734
 0.00975108 0.0154278 0.0224547 0.0305322 0.039289 0.0482216 0.0566134 0.0636286 0.0685837 0.0711732 0.0714724 0.0697812 0.0664757 0.0619379 0.0565301 0.0505739 0.0443351 0.0380219 0.0317984 0.0258075 0.0201933 0.0151118 0.0107197 0.00714049 0.00442534
 0.0106213 0.0167625 0.024306 0.032872 0.0419907 0.0510492 0.0592279 0.0656384 0.0696472 0.0711161 0.0703525 0.0678608 0.06412 0.0594995 0.0542699 0.0486365 0.0427654 0.0368012 0.0308799 0.0251387 0.0197254 0.0148008 0.0105255 0.00702772 0.00436492
 0.0107402 0.0170471 0.0248999 0.0339571 0.0437307 0.053503 0.0622723 0.0689492 0.0727599 0.0735436 0.0717127 0.0679712 0.0630345 0.0574771 0.0516879 0.0458814 0.0401461 0.0345093 0.028997 0.0236686 0.0186292 0.014021 0.00999944 0.00669396 0.0041675
 0.0104573 0.0166503 0.0244263 0.0334991 0.0434336 0.0535468 0.0628374 0.0701624 0.0746287 0.0759026 0.074224 0.0701998 0.0645768 0.0580863 0.0513389 0.0447532 0.0385386 0.03274 0.0273199 0.0222386 0.0175073 0.0132014 0.00943935 0.0063363 0.00395509
 0.0102173 0.0162642 0.0238569 0.0327249 0.0424677 0.0524604 0.0617772 0.069344 0.0742914 0.0762353 0.0752886 0.0718838 0.066602 0.0600784 0.0529391 0.0457269 0.0388341 0.0324737 0.0267046 0.0214962 0.016806 0.0126332 0.00902966 0.00606887 0.00379582
 0.0100442 0.0159986 0.0234852 0.0322425 0.0418766 0.0517677 0.061002 0.0685319 0.0735297 0.0756568 0.0750504 0.0721196 0.0673609 0.0612809 0.054379 0.0471297 0.0399487 0.0331549 0.0269451 0.0214002 0.0165253 0.0123053 0.00874303 0.00585937 0.00366247
 0.00989433 0.0157645 0.0231512 0.0318018 0.0413328 0.0511375 0.0603166 0.0678348 0.0728722 0.0750937 0.0746415 0.0719337 0.06747 0.0617351 0.0551688 0.0481614 0.0410557 0.0341496 0.0276854 0.0218339 0.0166905 0.0122928 0.00864912 0.00575372 0.00357942
 0.00992572 0.0157851 0.0231266 0.031682 0.0410669 0.0506952 0.0597067 0.067109 0.0721109 0.0743832 0.0740561 0.0715293 0.0672874 0.0618039 0.0555036 0.0487459 0.0418273 0.0349989 0.028483 0.0224724 0.0171191 0.012524 0.00873719 0.00576238 0.00355816
 0.00996946 0.015858 0.0232373 0.0318335 0.0412484 0.0508736 0.059825 0.0670986 0.0719179 0.0739958 0.0735163 0.0709218 0.0667127 0.0613527 0.0552405 0.0487029 0.0419996 0.0353426 0.0289204 0.0229121 0.0174842 0.0127748 0.00887567 0.00581822 0.00356791
 0.00999466 0.0159095 0.0233341 0.0319992 0.0415041 0.0512267 0.060257 0.0675593 0.0723299 0.074271 0.0735806 0.0707406 0.0663066 0.0607951 0.0546366 0.0481591 0.0415959 0.035115 0.0288583 0.0229679 0.0175943 0.0128836 0.00895117 0.00585444 0.00357551
 0.0100348 0.0159486 0.023346 0.031948 0.0413592 0.0509839 0.0599525 0.0672637 0.0721211 0.0741994 0.0736462 0.0708947 0.0664762 0.0609157 0.0546789 0.0481371 0.0415539 0.0351034 0.0289092 0.0230831 0.017749 0.0130415 0.00908221 0.00594466 0.00362709
 0.0101673 0.0161433 0.0235994 0.032239 0.0416504 0.0512263 0.0600951 0.0672676 0.0719764 0.073936 0.0733283 0.0705954 0.0662459 0.0607643 0.0545822 0.0480603 0.0414766 0.0350292 0.0288569 0.0230701 0.0177779 0.0130991 0.00914752 0.00600035 0.00366516
 0.010191 0.0161943 0.023698 0.0324089 0.0419093 0.051572 0.0604949 0.067659 0.0722827 0.0740921 0.0733035 0.0704044 0.0659414 0.0604154 0.054248 0.0477738 0.0412444 0.0348448 0.0287142 0.0229684 0.0177178 0.0130758 0.00915003 0.0060149 0.00368085
 0.0101114 0.0160846 0.0235704 0.0322896 0.0418338 0.0515767 0.0606061 0.0678835 0.0726011 0.0744573 0.073649 0.070662 0.0660645 0.0603944 0.0541106 0.0475694 0.041023 0.0346417 0.0285475 0.0228433 0.0176329 0.0130261 0.00912746 0.00600974 0.00368394
 0.0100522 0.0159875 0.0234238 0.0320856 0.0415742 0.0512802 0.0603124 0.0676492 0.072484 0.0744954 0.0738437 0.0709753 0.0664302 0.0607401 0.0543804 0.0477384 0.0410985 0.0346514 0.028524 0.0228124 0.0176093 0.0130149 0.00912737 0.00601652 0.003693
 0.00989031 0.0157586 0.023142 0.031784 0.0412936 0.0510519 0.060148 0.0675426 0.0724255 0.0744855 0.0738966 0.0711084 0.066648 0.0610234 0.0546886 0.0480242 0.0413249 0.0348039 0.0286096 0.0228513 0.0176234 0.0130202 0.00913225 0.00602306 0.0037002
 0.00974702 0.0155413 0.0228456 0.0314178 0.0408829 0.0506376 0.0597819 0.0672776 0.0722995 0.0745075 0.0740451 0.0713445 0.066934 0.0613336 0.0550067 0.0483344 0.0416078 0.0350396 0.0287865 0.0229701 0.0176954 0.013061 0.00915536 0.00603725 0.00370978
 0.00950632 0.0151468 0.0222481 0.0305758 0.0397786 0.0492995 0.0583036 0.065816 0.0710447 0.0736336 0.0736645 0.0714842 0.0675393 0.0622923 0.0561824 0.0495954 0.0428448 0.0361722 0.0297628 0.0237651 0.0183075 0.0135067 0.00946218 0.00623647 0.00383118
 0.00988902 0.0157152 0.0230008 0.0314686 0.0407271 0.0501899 0.0590077 0.0662128 0.0710512 0.0732363 0.0729328 0.0705538 0.0665699 0.0614212 0.0554942 0.0491157 0.0425534 0.0360238 0.0297065 0.023757 0.0183173 0.0135178 0.00946863 0.0062385 0.00383095
 0.0103671 0.0164711 0.024095 0.0329331 0.0425474 0.0522825 0.0612029 0.0682626 0.0726757 0.0741953 0.0730912 0.0699137 0.0652623 0.0596651 0.0535394 0.0471871 0.0408121 0.0345556 0.0285325 0.0228566 0.0176502 0.0130401 0.00913985 0.00602317 0.00369848
 0.0104539 0.0166387 0.0243969 0.0334369 0.0433201 0.0533656 0.0625843 0.0698596 0.0743364 0.0757195 0.0742662 0.07056 0.0652777 0.0590544 0.0524137 0.0457322 0.0392375 0.0330443 0.0272094 0.0217814 0.0168296 0.0124476 0.00873422 0.00576074 0.00353914
 0.0102011 0.0162665 0.0239115 0.0328768 0.0427561 0.0528934 0.0623142 0.0698976 0.0747556 0.0765268 0.0753817 0.0718222 0.0664799 0.0599987 0.0529647 0.0458501 0.0389789 0.0325325 0.0265881 0.0211729 0.0163114 0.012051 0.00845641 0.00558084 0.00343105
 0.0099264 0.0158143 0.023224 0.0319063 0.0414863 0.0513698 0.0606669 0.0683377 0.0735334 0.0758651 0.075413 0.0725527 0.0677878 0.061664 0.0547234 0.0474583 0.0402687 0.0334388 0.0271398 0.0214565 0.0164278 0.0120829 0.00845624 0.00557396 0.0034259
 0.00988477 0.0157192 0.0230292 0.0315487 0.0408985 0.0505023 0.0595149 0.066961 0.0720623 0.0744884 0.0743459 0.0719881 0.0678423 0.0623385 0.0558966 0.0489198 0.0417791 0.0347945 0.0282174 0.0222237 0.0169219 0.0123748 0.00861772 0.00565974 0.00347065
 0.00990254 0.0157375 0.0230352 0.0315188 0.0407971 0.0502842 0.0591314 0.0663724 0.0712566 0.0735017 0.0732749 0.0709839 0.067081 0.0619742 0.056012 0.0494952 0.0426951 0.0358706 0.02927 0.0231172 0.0175937 0.0128283 0.00889592 0.00581689 0.00355349
 0.0100813 0.0160222 0.0234505 0.0320787 0.0414954 0.0510823 0.0599488 0.0670894 0.0717347 0.0736195 0.0729653 0.0702601 0.0660439 0.060795 0.0548921 0.0486114 0.0421499 0.0356686 0.029332 0.0233229 0.0178307 0.0130249 0.00902648 0.00588835 0.00358567
 0.00997243 0.0158783 0.0232961 0.0319586 0.0414654 0.0511907 0.0602185 0.0675064 0.0722461 0.0741391 0.0733882 0.0704865 0.0660083 0.0604929 0.0543891 0.0480275 0.041621 0.0353001 0.0291656 0.0233333 0.01795 0.0131787 0.00916219 0.0059836 0.00364142
 0.00987853 0.0157465 0.0231374 0.0317998 0.0413458 0.0511549 0.060307 0.0677456 0.0726379 0.0746519 0.0739543 0.0710113 0.0663916 0.0606559 0.0543004 0.0477158 0.0411692 0.0348183 0.0287535 0.0230491 0.0178 0.0131306 0.00917012 0.00600973 0.00366489
 0.00971618 0.0154886 0.0227623 0.0312964 0.0407214 0.0504453 0.0595834 0.0671094 0.0721995 0.074499 0.074124 0.0714769 0.0670687 0.0614234 0.0550315 0.0483114 0.0415819 0.0350585 0.0288736 0.0231136 0.0178579 0.0132017 0.00924981 0.0060837 0.00372193
 0.00960436 0.0153001 0.0224664 0.0308616 0.0401237 0.0496816 0.0586857 0.0661514 0.0712896 0.0737612 0.0736717 0.0713868 0.0673593 0.062047 0.0558833 0.0492563 0.0424905 0.0358389 0.029487 0.0235681 0.0181875 0.0134431 0.00942888 0.0062142 0.00381161
 0.00981682 0.0156276 0.0229239 0.0314446 0.0408021 0.0503953 0.0593431 0.0666417 0.0715108 0.0736559 0.0732522 0.0707362 0.0666064 0.061326 0.0552954 0.0488458 0.0422442 0.0357065 0.0294114 0.0235094 0.0181307 0.0133912 0.00938968 0.00619113 0.00380202
 0.00977046 0.0155742 0.022884 0.0314512 0.0408918 0.0505932 0.0596487 0.067022 0.0719034 0.0739826 0.0734394 0.0707376 0.0664203 0.0609996 0.0549096 0.0484862 0.0419719 0.0355419 0.0293382 0.0234928 0.0181377 0.013402 0.00939765 0.00619667 0.00380672
 0.00938072 0.0150035 0.0221435 0.0305958 0.0400101 0.0497871 0.0590147 0.0666368 0.071812 0.0741864 0.0738903 0.0713465 0.0670811 0.0616198 0.0554344 0.048906 0.0423107 0.0358347 0.029609 0.0237463 0.018364 0.0135884 0.00953771 0.00629287 0.00386747
 0.00914733 0.0146687 0.0217234 0.0301365 0.039579 0.0494552 0.0588403 0.0666543 0.0720265 0.0745714 0.0743905 0.0718874 0.0675847 0.0620207 0.0556926 0.0490142 0.0422929 0.0357364 0.0294812 0.023629 0.0182778 0.0135355 0.00951033 0.00628086 0.00386316
#obs surv len freq
 nan nan nan nan nan nan nan nan nan nan nan nan nan nan nan nan nan nan nan nan nan nan nan nan nan
 0.00448381 0.00734483 0.0111746 0.0159909 0.0216919 0.0279678 0.0342823 0.040014 0.0446937 0.0481576 0.0505154 0.052011 0.0529031 0.0534153 0.0537294 0.0539842 0.0542627 0.0545554 0.0546941 0.054286 0.052724 0.0493562 0.043806 0.036286 0.0276697
 0.00461993 0.00756686 0.0115098 0.0164641 0.0223194 0.0287484 0.0351876 0.0409859 0.0456526 0.0490173 0.0511999 0.0524656 0.0530995 0.0533526 0.0534294 0.0534839 0.0536054 0.0537838 0.0538473 0.0534008 0.0518395 0.0485153 0.0430536 0.0356602 0.0271914
 0.00477489 0.00782295 0.0119029 0.0170302 0.0230869 0.0297266 0.0363544 0.0422825 0.0469903 0.0502925 0.0523102 0.053322 0.0536354 0.0535298 0.0532407 0.0529514 0.0527742 0.0527129 0.0526027 0.0520526 0.0504626 0.0471901 0.0418598 0.0346635 0.0264283
 0.00496633 0.00813499 0.0123743 0.0176981 0.0239807 0.0308575 0.0377033 0.0437947 0.0485798 0.0518553 0.0537374 0.0545106 0.0544957 0.053992 0.0532618 0.0525194 0.0519096 0.0514664 0.0510505 0.0502926 0.0486104 0.0453732 0.0402042 0.0332722 0.0253589
 0.00517676 0.00847908 0.0128959 0.0184393 0.0249742 0.0321136 0.0391977 0.0454639 0.0503303 0.0535806 0.0553331 0.055881 0.0555548 0.0546636 0.053483 0.0522469 0.0511277 0.0501949 0.0493501 0.0482669 0.0464027 0.0431549 0.0381503 0.0315285 0.0240106
 0.00541004 0.00886007 0.0134726 0.0192576 0.0260694 0.0334969 0.0408418 0.0472978 0.0522491 0.0554655 0.05707 0.0573714 0.0567169 0.0554296 0.0537952 0.0520569 0.0504017 0.0489248 0.0475696 0.0460654 0.0439307 0.0406127 0.035756 0.0294714 0.0224068
 0.00563956 0.00923884 0.0140531 0.0200924 0.0272007 0.0349405 0.0425704 0.0492356 0.0542828 0.0574663 0.0589152 0.0589556 0.0579555 0.0562565 0.054158 0.0519125 0.0497152 0.0476773 0.0457753 0.0437941 0.0413245 0.0378809 0.0331426 0.0271983 0.0206185
 0.00589831 0.00965791 0.0146812 0.0209748 0.0283717 0.0364113 0.0443159 0.0511871 0.0563352 0.0594958 0.0607975 0.0605792 0.0592287 0.0571087 0.0545371 0.0517794 0.0490395 0.0464403 0.0439842 0.0415061 0.0386691 0.0350639 0.0304162 0.0248029 0.0187181
 0.00613616 0.0100528 0.0152903 0.0218554 0.0295691 0.0379389 0.0461373 0.0532124 0.0584374 0.0615384 0.0626578 0.0621583 0.0604499 0.0579128 0.0548781 0.051621 0.0483535 0.045209 0.0422129 0.0392446 0.036036 0.0322546 0.0276788 0.0223808 0.0167838
 0.00635571 0.0104144 0.0158438 0.0226513 0.0306501 0.0393256 0.0478116 0.0551091 0.0604498 0.0635363 0.0645085 0.0637441 0.0616784 0.0587198 0.0552229 0.0514778 0.0477038 0.0440417 0.0405342 0.0370999 0.0335332 0.0295745 0.025055 0.0200473 0.0149108
 0.00659748 0.0108062 0.016431 0.0234757 0.031742 0.0406924 0.0494251 0.0569011 0.062321 0.0653735 0.0662013 0.0651935 0.0628015 0.0594518 0.0555181 0.0513078 0.0470535 0.042907 0.0389276 0.0350668 0.0311736 0.0270535 0.0225871 0.0178492 0.0131421
 0.00683503 0.0111966 0.0170261 0.0243248 0.0328807 0.0421253 0.0511098 0.0587451 0.0641986 0.0671534 0.0677706 0.0664687 0.0637264 0.0599904 0.0556476 0.0510135 0.0463272 0.0417482 0.0373513 0.033118 0.0289449 0.0246947 0.0202907 0.0158096 0.0115027
 0.0070468 0.0115463 0.0175624 0.0250962 0.0339257 0.0434564 0.0526969 0.0605092 0.0660211 0.0688992 0.0693119 0.067703 0.0645851 0.0604387 0.0556774 0.0506327 0.0455489 0.0405881 0.0358329 0.0312869 0.0268859 0.0225404 0.0182094 0.0139702 0.0100284
 0.00726384 0.0118995 0.0180943 0.0258468 0.0349242 0.0447091 0.0541742 0.0621402 0.0677022 0.0705118 0.0707409 0.0688503 0.0653774 0.0608316 0.0556557 0.0502051 0.0447399 0.0394299 0.0343647 0.0295627 0.0249877 0.0205859 0.0163431 0.0123343 0.00872457
 0.00743048 0.0121767 0.018523 0.0264682 0.0357709 0.0457908 0.0554642 0.0635714 0.0691785 0.0719273 0.071998 0.0698683 0.0660953 0.0612083 0.0556692 0.0498526 0.0440359 0.0384034 0.033058 0.0280343 0.0233186 0.018883 0.0147308 0.0109309 0.00761211
 0.00749439 0.0122852 0.0186958 0.0267289 0.0361449 0.0463009 0.056123 0.0643754 0.0701027 0.0729253 0.0730051 0.0708094 0.0668945 0.0617981 0.0559975 0.0498854 0.0437587 0.0378217 0.0321983 0.0269457 0.022075 0.0175812 0.0134804 0.0098338 0.00673858
 0.00757448 0.0124038 0.0188535 0.0269205 0.0363638 0.0465453 0.0564001 0.0647004 0.0704938 0.0733948 0.0735511 0.0714101 0.0675067 0.0623627 0.0564478 0.0501589 0.043807 0.0376175 0.0317402 0.0262615 0.0212218 0.0166416 0.0125503 0.00900278 0.00606967
 0.00765379 0.0125281 0.019031 0.027154 0.0366481 0.0468649 0.0567299 0.065011 0.0707624 0.0736167 0.0737425 0.0715995 0.0677185 0.0626011 0.0566904 0.0503604 0.0439112 0.0375728 0.0315138 0.0258496 0.0206543 0.0159782 0.0118685 0.00837916 0.00556022
 0.00771425 0.0126228 0.0191667 0.0273342 0.0368723 0.047127 0.0570165 0.0653011 0.0710302 0.0738377 0.0739027 0.0717001 0.0677764 0.062641 0.056732 0.0504059 0.04394 0.0375476 0.0313944 0.0256101 0.0202958 0.0155322 0.0113893 0.00792697 0.00518279
 0.00777507 0.0127149 0.0192927 0.0274922 0.0370564 0.047329 0.0572268 0.0655087 0.0712233 0.0740046 0.0740331 0.0717872 0.067819 0.0626453 0.0567102 0.0503708 0.0438966 0.0374871 0.031296 0.0254506 0.0200634 0.0152367 0.0110615 0.00760838 0.00491047
 0.00780153 0.0127578 0.019357 0.0275816 0.0371721 0.0474675 0.0573789 0.065661 0.0713618 0.0741194 0.0741204 0.071848 0.0678562 0.0626614 0.0567073 0.0503514 0.043863 0.0374383 0.0312248 0.0253456 0.0199156 0.0150474 0.0108464 0.00739349 0.00472197
 0.00783897 0.0128112 0.0194237 0.0276548 0.0372438 0.0475319 0.0574352 0.0657123 0.0714123 0.074171 0.0741715 0.0718946 0.0678945 0.062689 0.0567233 0.0503554 0.0438545 0.0374154 0.0311838 0.0252809 0.0198226 0.0149267 0.0107069 0.00725118 0.00459442
 0.00787119 0.0128616 0.0194954 0.0277483 0.0373553 0.0476528 0.0575514 0.0658079 0.0714744 0.0741954 0.0741637 0.071867 0.0678596 0.0626547 0.0566923 0.0503263 0.0438243 0.0373804 0.03114 0.0252243 0.01975 0.0148385 0.0106082 0.00715175 0.00450538
 0.00787501 0.0128668 0.0195015 0.0277546 0.0373614 0.0476592 0.0575597 0.0658195 0.0714896 0.0742123 0.0741792 0.0718792 0.0678691 0.0626648 0.0567062 0.0503452 0.0438458 0.0373997 0.0311511 0.0252218 0.0197304 0.0148017 0.0105582 0.00709577 0.00445199
 0.00787506 0.0128631 0.019489 0.0277267 0.037312 0.0475861 0.0574674 0.0657194 0.0713973 0.0741429 0.0741432 0.0718799 0.0679034 0.062725 0.0567836 0.0504316 0.0439341 0.0374833 0.0312237 0.0252774 0.0197651 0.0148145 0.0105519 0.0070767 0.0044276
 0.00787896 0.0128641 0.0194807 0.0276997 0.0372562 0.0474943 0.0573395 0.0655639 0.0712305 0.0739863 0.0740187 0.0718053 0.0678884 0.0627691 0.0568771 0.0505591 0.0440785 0.0376292 0.0313584 0.0253917 0.0198531 0.0148742 0.0105856 0.00708985 0.00442759
 0.00786877 0.0128482 0.0194575 0.0276674 0.0372123 0.0474353 0.0572608 0.0654624 0.0711071 0.0738486 0.0738814 0.0716878 0.0678101 0.0627441 0.0569102 0.0506449 0.0442035 0.0377755 0.0315078 0.0255289 0.0199674 0.0149602 0.0106432 0.00712326 0.00444338
 0.00786458 0.0128372 0.0194334 0.0276225 0.0371395 0.0473322 0.0571322 0.0653196 0.0709644 0.0737182 0.0737715 0.0716038 0.0677568 0.0627275 0.056936 0.0507155 0.0443151 0.0379173 0.0316641 0.0256826 0.020104 0.0150702 0.0107232 0.00717531 0.00447334
 0.00784965 0.0128128 0.0193962 0.0275689 0.037066 0.0472357 0.0570122 0.0651794 0.0708127 0.0735683 0.0736397 0.0715044 0.0676997 0.0627166 0.0569704 0.0507917 0.0444277 0.0380583 0.031822 0.0258432 0.0202528 0.0151958 0.0108194 0.00724186 0.00451466
 0.00785525 0.0128167 0.0193927 0.0275494 0.0370216 0.0471609 0.0569074 0.0650515 0.0706727 0.0734284 0.0735111 0.0713974 0.0676232 0.0626779 0.0569736 0.0508369 0.044511 0.0381723 0.0319566 0.0259861 0.0203909 0.0153173 0.0109165 0.00731209 0.00456037
 0.00782419 0.0127709 0.0193322 0.0274767 0.0369398 0.0470717 0.0568101 0.0649448 0.0705574 0.07331 0.0733999 0.0713059 0.0675627 0.0626558 0.0569929 0.0508965 0.0446065 0.0382966 0.0321 0.026137 0.0205368 0.015447 0.011022 0.00739012 0.0046126
 0.00778328 0.0127042 0.019232 0.027337 0.0367593 0.046857 0.0565778 0.0647192 0.0703639 0.0731673 0.0733153 0.0712774 0.0675836 0.0627193 0.0570937 0.0510299 0.0447668 0.0384765 0.03229 0.0263263 0.0207139 0.0156015 0.0111468 0.00748267 0.00467509
 0.00775132 0.0126468 0.0191357 0.0271866 0.0365423 0.0465702 0.0562337 0.0643475 0.0700063 0.0728674 0.0731083 0.0711826 0.0676022 0.0628376 0.0572891 0.0512777 0.045045 0.0387666 0.0325771 0.026597 0.0209566 0.0158068 0.0113091 0.00760153 0.00475493
 0.00773018 0.012612 0.0190821 0.0271082 0.0364318 0.0464202 0.0560388 0.0641078 0.0697312 0.0725783 0.0728368 0.0709645 0.0674689 0.0628069 0.0573619 0.0514395 0.0452717 0.0390314 0.032855 0.026867 0.0212022 0.0160162 0.0114756 0.00772409 0.00483776
 0.00932022 0.0148394 0.0217739 0.0298827 0.0388097 0.0480013 0.0566418 0.0637955 0.068729 0.0711565 0.071226 0.069328 0.0659123 0.0613973 0.0561401 0.0504249 0.0444642 0.0384153 0.0324043 0.026552 0.0209932 0.0158862 0.011401 0.00768533 0.00482011
 0.00928883 0.0150826 0.0226589 0.0318661 0.0422394 0.0528483 0.0623296 0.0692947 0.0729229 0.073281 0.0711213 0.0673803 0.0627849 0.0577467 0.0524549 0.0469988 0.041442 0.03585 0.0302984 0.0248802 0.0197143 0.0149493 0.010749 0.00725833 0.00455932
 0.00895112 0.0145499 0.0219094 0.0309473 0.0413223 0.0522646 0.0625327 0.0706985 0.0756555 0.0770003 0.0750561 0.0706236 0.0646715 0.058084 0.0514945 0.0452257 0.0393457 0.0337903 0.0284799 0.0233869 0.0185567 0.0140986 0.0101579 0.00687241 0.00432448
 0.00878184 0.0142671 0.02147 0.0303091 0.0404603 0.0512005 0.0613755 0.0696727 0.0750854 0.0772215 0.0762641 0.0727284 0.0672623 0.0605618 0.0533149 0.0461084 0.0393318 0.0331445 0.0275305 0.0224022 0.0176979 0.0134307 0.00968288 0.00656048 0.00413514
 0.00873298 0.0141777 0.0213163 0.0300607 0.0400844 0.0506717 0.0606887 0.0688594 0.0742296 0.0764712 0.0758205 0.0727965 0.0679613 0.0618353 0.054908 0.0476497 0.0404848 0.033739 0.027597 0.0221084 0.0172454 0.0129771 0.00931363 0.00629981 0.00397106
 0.00869374 0.014116 0.0212267 0.0299374 0.0399196 0.050454 0.0604037 0.0684939 0.0737805 0.0759584 0.075301 0.0723707 0.0677592 0.0619746 0.0554333 0.048486 0.0414459 0.034598 0.0281824 0.0223659 0.0172331 0.0128099 0.00910223 0.00611463 0.00383913
 0.00868072 0.0140913 0.0211831 0.0298664 0.0398136 0.0503094 0.0602227 0.0682828 0.0735454 0.0757022 0.0750264 0.072091 0.0675105 0.0618199 0.0554459 0.0487149 0.0418781 0.0351479 0.0287208 0.0227769 0.0174612 0.0128708 0.0090558 0.00602682 0.00375544
 0.00867222 0.0140778 0.021163 0.0298378 0.0397736 0.050254 0.0601472 0.0681832 0.0734208 0.0755547 0.0748617 0.0719166 0.0673378 0.0616684 0.0553474 0.0487081 0.0419924 0.0353813 0.0290298 0.0230898 0.01771 0.0130201 0.0091108 0.00601943 0.00372187
 0.0086788 0.0140884 0.0211785 0.0298588 0.0397996 0.0502827 0.0601737 0.0682002 0.0734189 0.0755252 0.0747985 0.0718186 0.0672105 0.0615242 0.0552059 0.0485956 0.0419365 0.0354009 0.0291238 0.0232327 0.0178608 0.0131408 0.00918257 0.00604533 0.0037185
 0.00866493 0.0140681 0.0211525 0.0298291 0.0397696 0.0502561 0.0601538 0.0681888 0.0734158 0.0755275 0.0748005 0.0718131 0.0671907 0.061487 0.0551545 0.0485403 0.0418938 0.0353883 0.0291523 0.0233 0.0179506 0.0132299 0.00925143 0.00608616 0.00373499
 0.00863915 0.0140292 0.0210994 0.0297634 0.0396951 0.0501787 0.0600812 0.0681292 0.0733768 0.0755134 0.0748109 0.0718426 0.0672304 0.061527 0.0551868 0.0485619 0.0419082 0.0354042 0.0291797 0.0233445 0.0180099 0.013294 0.00930822 0.00612729 0.00375886
 0.00864046 0.0140275 0.0210902 0.0297403 0.0396525 0.0501147 0.0599999 0.068041 0.0732952 0.0754509 0.0747756 0.0718366 0.0672502 0.0615651 0.0552339 0.0486095 0.0419511 0.0354418 0.0292154 0.0233828 0.0180528 0.0133393 0.0093505 0.00616105 0.00378156
 0.00864096 0.0140273 0.0210877 0.029733 0.0396368 0.0500865 0.0599554 0.067979 0.0732185 0.0753675 0.0746977 0.0717772 0.0672191 0.0615657 0.0552627 0.0486581 0.0420094 0.0355016 0.0292721 0.0234352 0.0181012 0.0133835 0.00938898 0.0061917 0.00380321
 0.00861843 0.0139949 0.0210469 0.0296876 0.0395917 0.0500456 0.0599202 0.067948 0.0731885 0.0753358 0.0746637 0.0717442 0.0671933 0.0615545 0.0552716 0.0486884 0.0420575 0.0355607 0.0293347 0.0234954 0.0181556 0.0134303 0.00942731 0.0062211 0.00382388
 0.00860675 0.0139754 0.0210167 0.0296446 0.0395355 0.0499792 0.0598508 0.0678853 0.0731418 0.0753097 0.0746567 0.0717503 0.0672059 0.0615701 0.0552907 0.048714 0.0420923 0.035605 0.0293856 0.0235484 0.018206 0.0134746 0.00946341 0.00624844 0.00384293
 0.00860675 0.0139754 0.0210167 0.0296446 0.0395355 0.0499792 0.0598508 0.0678853 0.0731418 0.0753097 0.0746567 0.0717503 0.0672059 0.0615701 0.0552907 0.048714 0.0420923 0.035605 0.0293856 0.0235484 0.018206 0.0134746 0.00946341 0.00624844 0.00384293
 0.0086415 0.0140295 0.0210934 0.0297441 0.0396545 0.0501094 0.0599789 0.0679948 0.073217 0.0753407 0.0746419 0.0716951 0.06712 0.0614639 0.0551745 0.0485977 0.0419853 0.0355146 0.0293162 0.0235005 0.0181767 0.0134595 0.00945769 0.00624798 0.00384472
 0.00843666 0.0137106 0.0206409 0.0291534 0.0389401 0.0493106 0.0591625 0.0672497 0.0726366 0.0749981 0.0745715 0.0718874 0.0675305 0.0620281 0.0558231 0.0492681 0.0426289 0.0360989 0.0298232 0.023923 0.0185148 0.0137179 0.00964487 0.00637528 0.00392524
 0.00873264 0.014155 0.0212398 0.0298838 0.0397518 0.0501315 0.0599059 0.0678253 0.0729675 0.0750426 0.0743356 0.0714231 0.0669176 0.0613519 0.0551554 0.0486578 0.0421014 0.0356616 0.0294728 0.0236513 0.0183119 0.0135733 0.00954745 0.00631383 0.00388928
 0.00895223 0.0145386 0.0218627 0.0308219 0.0410514 0.0517674 0.0617502 0.0696546 0.0745178 0.0760864 0.0747441 0.0711858 0.0661244 0.060155 0.0537288 0.0471635 0.0406676 0.0343741 0.0283775 0.0227628 0.0176237 0.0130659 0.00919347 0.00608203 0.00374802
 0.00896974 0.0145864 0.0219726 0.0310418 0.0414404 0.0523836 0.0626304 0.0707898 0.0758333 0.0774368 0.0759348 0.0720222 0.066469 0.0599676 0.0530699 0.0461665 0.0394942 0.0331748 0.0272666 0.0218107 0.0168606 0.0124916 0.00878797 0.00581451 0.00358414
 0.00884515 0.0143838 0.0216703 0.0306272 0.0409227 0.0518085 0.0620897 0.0704128 0.0757532 0.0777428 0.076631 0.0730124 0.067578 0.0609914 0.0538371 0.0465846 0.039564 0.0329709 0.026899 0.0213867 0.0164603 0.0121604 0.00854118 0.00564689 0.00347998
 0.00860458 0.0139846 0.0210566 0.029748 0.0397499 0.0503643 0.0604704 0.0687925 0.0743568 0.076795 0.0763011 0.0733707 0.0685747 0.0624639 0.0555475 0.0482804 0.0410412 0.0341154 0.0276922 0.0218798 0.0167363 0.0123002 0.00860618 0.00567535 0.00349223
 0.00861174 0.0139661 0.0209719 0.029538 0.0393483 0.0497185 0.0595642 0.0676623 0.0730957 0.075546 0.0752377 0.0726659 0.0683604 0.0627909 0.0563642 0.0494409 0.0423452 0.0353653 0.0287441 0.0226684 0.0172681 0.0126259 0.00878934 0.00577127 0.00353974
 0.00856796 0.0139019 0.0208865 0.0294299 0.0392088 0.0495243 0.0592759 0.0672341 0.0724961 0.0747824 0.074372 0.0718126 0.0676645 0.0623919 0.056355 0.0498363 0.0430731 0.0362868 0.0296977 0.0235181 0.0179351 0.0130934 0.0090848 0.00594124 0.00362957
 0.00872254 0.0141456 0.021238 0.0298986 0.0397892 0.0501884 0.0599653 0.0678588 0.0729457 0.0749501 0.0741851 0.0712598 0.0668108 0.0613716 0.0553416 0.0489952 0.0425149 0.0360394 0.0297091 0.0236883 0.018159 0.0132949 0.00922899 0.00602685 0.00367217
 0.00872193 0.014163 0.021298 0.0300349 0.0400357 0.0505642 0.0604618 0.0684342 0.0735308 0.0754603 0.0745344 0.0713757 0.0666513 0.0609424 0.0547056 0.0482639 0.0418194 0.03549 0.0293623 0.0235371 0.0181494 0.0133573 0.00930684 0.00608899 0.00371048
 0.00871327 0.0141498 0.0212812 0.0300193 0.040033 0.0505956 0.0605562 0.0686205 0.0738235 0.0758456 0.0749643 0.0717756 0.0669386 0.0610498 0.0546025 0.0479685 0.0413965 0.0350323 0.0289596 0.0232472 0.0179853 0.0132946 0.00930445 0.00611012 0.00373268
