SBPRF35
7.78865
Curr Bio
570765
B35
662594
F35
0.225798
FOFL
0.201791
OFL
91575
Bzero
2.22533e+006
#pred survey bio
 4.3734e+006 4.12421e+006 3.8861e+006 3.59099e+006 3.30699e+006 2.99526e+006 2.68048e+006 2.36834e+006 2.10054e+006 1.83606e+006 1.62473e+006 1.42437e+006 1.25715e+006 1.12169e+006 1.00815e+006 907510 820743 772482 734620 691460 662624 649180 637106 611564 601642 598186 587980 591581 592042 589942 584095 583900 581059 579802 571830 560549 550651 539551 540490 549978 551229 554841 549806 549234 558780 559378 562127 567273 573176 574466 568898 566999 566628 587875 573862 563837 564174 540220 506626 496096 497947 501739 521142 525543 506914 499001 519927 549665 571735 2.08779e+007 1.25898e+007 1.28156e+007 1.33773e+007 1.41104e+007 1.48486e+007 1.55013e+007 1.60357e+007 1.6452e+007 1.67661e+007 1.69981e+007 1.71674e+007 1.72902e+007 1.73792e+007 1.74438e+007 1.74908e+007 1.75252e+007 1.75506e+007 1.75694e+007 1.75834e+007 1.75939e+007 1.76018e+007 1.76078e+007 1.76124e+007 1.76159e+007 1.76186e+007 1.76206e+007 1.76222e+007 1.76234e+007 1.76243e+007 1.7625e+007 1.76255e+007 1.7626e+007 1.76263e+007 1.76265e+007 1.76267e+007 1.76269e+007 1.7627e+007 1.76271e+007 1.76272e+007 1.76272e+007 1.76273e+007 1.76273e+007 1.76273e+007 1.76273e+007 1.76274e+007 1.76274e+007 1.76274e+007 1.76274e+007 1.76274e+007 1.76274e+007 1.76274e+007 1.76274e+007 1.76274e+007 1.76274e+007 1.76274e+007 1.76274e+007 1.76274e+007 1.76274e+007 1.76274e+007 1.76274e+007 1.76274e+007 1.76274e+007 1.76274e+007 1.76274e+007 1.76274e+007 1.76274e+007 1.76274e+007 1.76274e+007 1.76274e+007 1.76274e+007 1.76274e+007 1.76274e+007 1.76274e+007 1.76274e+007 1.76274e+007 1.76274e+007 1.76274e+007 1.76274e+007 1.76274e+007 1.76274e+007 1.76274e+007 1.76274e+007 1.76274e+007 1.76274e+007 1.76274e+007 1.76274e+007 1.76274e+007 1.76274e+007 1.76274e+007 1.76274e+007 1.76274e+007 1.76274e+007 1.76274e+007 1.76274e+007 1.76274e+007 1.76274e+007 1.76274e+007 1.76274e+007 1.76274e+007 0 0 0 0 0 0 0 0 0 0 0 0 0 0 0 0 0 0 0 0 0 0 0 0 0
#obs survey bio
 2.82243e+006 3.67184e+006 3.09057e+006 3.09396e+006 2.55353e+006 2.61633e+006 2.15189e+006 1.74061e+006 2.1924e+006 1.53472e+006 1.29927e+006 967520 1.16685e+006 814907 599248 988388 727690 1.01731e+006 599175 499646 732944 662102 932048 897892 417270 530478 419201 547948 626032 488561 565534 430454 719480 519331 483894 838413 458734 543275 717791 626374 596241 576097 499164 705994 421449 559794 658150 677716 493229 518269 600348 481443 816022 603190 655469 676819 928781 617903 507071 424458 498644 547146 625045 534426 516779 437665 584532 535086 733400
#pred catch bio
 90709.6 92870.3 166583 183684 240008 275550 304434 291793 311420 282001 286600 268546 248337 233205 222142 206666 169759 157148 156726 139837 123487 119310 126878 111165 105422 110991 99375.2 101727 102277 103365 96523 96297.4 92054.8 94350.8 93215.1 90268.2 93897.4 88075.2 83936.2 91949.4 89990.7 96791.3 92079 83359.1 91385.5 90013.6 88728.2 89236.5 94374.7 100951 98478 97733.8 80207 109805 105297 95708.3 113996 119245 98998.9 89403.3 87862.1 74455.1 86718.4 105408 96834.2 75212.6 71211.6 80371.8 79804.6 91575 101303 101829 104919 109972 115297 119970 123691 126477 128474 129861 130801 131426 131836 132101 132272 132381 132450 132493 132521 132538 132549 132555 132559 132562 132564 132565 132565 132566 132566 132566 132566 132566 132566 132566 132566 132566 132566 132566 132566 132566 132566 132566 132566 132566 132566 132566 132566 132566 132566 132566 132566 132566 132566 132566 132566 132566 132566 132566 132566 132566 132566 132566 132566 132566 132566 132566 132566 132566 132566 132566 132566 132566 132566 132566 132566 132566 132566 132566 132566 132566 132566 132566 132566 132566 132566 132566 132566 132566 132566 132566 132566 132566 132566 132566 132566 132566 132566 132566 132566 0 0 0 0 0 0 0 0 0 0 0 0 0 0 0 0 0 0 0 0 0 0 0 0 0
#obs catch bio
 0 92578.2 167733 184224 242424 279371 310676 297695 319201 288348 294082 276034 256956 240885 230601 212577 172686 159595 159330 141618 124502 120578 127499 110998 106285 112064 100397 102929 103194 103897 97244.4 97070.3 92266.1 94778.6 93579.1 89877.1 93713.1 87777.9 83543.1 91407.7 89257.2 96346 91824.9 82573.1 90951 89549.8 88172.9 88652.8 94058.5 100776 98315.7 98152.6 79638.8 109777 105245 95241.3 112929 118147 98360.4 88961.3 87730.3 74063.8 86035.5 104644 96622.4 75131.2 71157.2 80422.1 79769.2
#pred cpue bio
 4.29407e+006 4.04822e+006 3.81236e+006 3.51839e+006 3.23555e+006 2.9252e+006 2.61211e+006 2.30218e+006 2.03651e+006 1.7747e+006 1.56547e+006 1.36719e+006 1.20164e+006 1.06797e+006 956498 858536 774837 728555 692577 651604 624295 611778 600785 576714 567113 563505 553500 556959 557772 556356 551172 551468 549429 548973 542076 531962 522024 509449 508931 518016 519606 523313 518596 518254 527586 528013 530497 535339 540808 541752 536106 534033 533626 554432 541042 531215 531785 509125 476542 465793 467394 471475 490851 495445 477042 468548 488229 516963 538286 1.96849e+007 1.18797e+007 1.20291e+007 1.24822e+007 1.31751e+007 1.39041e+007 1.45551e+007 1.50892e+007 1.55055e+007 1.58195e+007 1.60515e+007 1.62209e+007 1.63437e+007 1.64327e+007 1.64972e+007 1.65442e+007 1.65787e+007 1.6604e+007 1.66228e+007 1.66369e+007 1.66474e+007 1.66553e+007 1.66613e+007 1.66659e+007 1.66694e+007 1.6672e+007 1.66741e+007 1.66756e+007 1.66768e+007 1.66777e+007 1.66785e+007 1.6679e+007 1.66794e+007 1.66798e+007 1.668e+007 1.66802e+007 1.66804e+007 1.66805e+007 1.66806e+007 1.66806e+007 1.66807e+007 1.66807e+007 1.66808e+007 1.66808e+007 1.66808e+007 1.66808e+007 1.66808e+007 1.66808e+007 1.66809e+007 1.66809e+007 1.66809e+007 1.66809e+007 1.66809e+007 1.66809e+007 1.66809e+007 1.66809e+007 1.66809e+007 1.66809e+007 1.66809e+007 1.66809e+007 1.66809e+007 1.66809e+007 1.66809e+007 1.66809e+007 1.66809e+007 1.66809e+007 1.66809e+007 1.66809e+007 1.66809e+007 1.66809e+007 1.66809e+007 1.66809e+007 1.66809e+007 1.66809e+007 1.66809e+007 1.66809e+007 1.66809e+007 1.66809e+007 1.66809e+007 1.66809e+007 1.66809e+007 1.66809e+007 1.66809e+007 1.66809e+007 1.66809e+007 1.66809e+007 1.66809e+007 1.66809e+007 1.66809e+007 1.66809e+007 1.66809e+007 1.66809e+007 1.66809e+007 1.66809e+007 1.66809e+007 1.66809e+007 1.66809e+007 1.66809e+007 1.66809e+007 1.66809e+007 0 0 0 0 0 0 0 0 0 0 0 0 0 0 0 0 0 0 0 0 0 0 0 0 0
#obs cpue bio
 4.79856e+006 3.51114e+006 3.1976e+006 3.46057e+006 2.14699e+006 2.12361e+006 1.90712e+006 2.31937e+006 1.63803e+006 1.62244e+006 1.5025e+006 1.28296e+006 566697 1.10009e+006 820182 906559 907548 471819 714375 826058 572571 431537 652439 499552 364105 601986 502858 505707 559320 843016 387895 683105 601241 524132 635865 661454 600840 560344 425395 610705 572497 462687 520037 691315 596898 560849 539378 492400 520517 580154 490952 451452 634295 506091 430013 543105 556113 500710 423559 549745 438442 483573 617724 547519 354045 419816 421466 565901 410678
#pred surv len freq
 0.00461579 0.00749707 0.0112934 0.016001 0.0215336 0.0276477 0.0339063 0.0397728 0.0448032 0.0487864 0.0517448 0.0538409 0.0552812 0.0562508 0.0568706 0.0571725 0.0571032 0.0565467 0.0553391 0.0532619 0.0500411 0.0454127 0.0392864 0.0319354 0.0240552
 0.00496882 0.00797756 0.0118489 0.0165379 0.02196 0.0279317 0.034107 0.0400138 0.0451921 0.049331 0.0523221 0.054242 0.0553069 0.0558044 0.056004 0.056071 0.0560183 0.0557049 0.0548616 0.0531293 0.05012 0.045531 0.0393158 0.0318357 0.0238642
 0.00512692 0.00827628 0.0123684 0.0173599 0.0231265 0.0293947 0.0357055 0.0415127 0.0463777 0.0501027 0.0527119 0.0543457 0.0551853 0.0554365 0.0553233 0.0550497 0.0547295 0.0543161 0.0535661 0.0520623 0.0493121 0.0449241 0.0388221 0.031396 0.023468
 0.0053728 0.00865489 0.0129038 0.0180732 0.0240464 0.0305637 0.0371645 0.0432609 0.0483251 0.0520549 0.0544125 0.0555645 0.0557947 0.0554255 0.0547521 0.0539964 0.0532764 0.052572 0.0516814 0.0502054 0.0476218 0.043475 0.0376286 0.0304414 0.022732
 0.00561202 0.0090415 0.0134805 0.0188759 0.0250966 0.0318582 0.0386703 0.0449208 0.0500731 0.0538229 0.0561176 0.0570864 0.0569733 0.0560954 0.0547959 0.05338 0.0520495 0.0508479 0.0496169 0.0479841 0.0454296 0.0414701 0.0359175 0.029074 0.02171
 0.00584726 0.00942694 0.0140668 0.0197138 0.0262287 0.0333045 0.0404115 0.0468884 0.0521554 0.0558864 0.0580312 0.0587364 0.0582616 0.0569281 0.0550779 0.053029 0.0510261 0.0491837 0.0474247 0.0454465 0.0427709 0.0389177 0.033662 0.0272381 0.0203365
 0.00609041 0.0098206 0.0146573 0.0205462 0.0273417 0.0347215 0.0421266 0.0488562 0.0542887 0.0580635 0.0601104 0.0605732 0.059726 0.057915 0.0555071 0.0528392 0.0501759 0.0476677 0.0452994 0.0428496 0.0399174 0.0360665 0.0310626 0.0250766 0.0187007
 0.00636243 0.0102589 0.0153101 0.0214575 0.0285454 0.036231 0.0439229 0.0508802 0.0564459 0.0602368 0.0621733 0.0623997 0.0611977 0.0589278 0.055976 0.0527005 0.0493883 0.0462192 0.0432249 0.0402544 0.03699 0.0330632 0.0282584 0.0226991 0.0168764
 0.00660457 0.0106496 0.0158936 0.0222745 0.0296285 0.037595 0.0455531 0.0527254 0.0584211 0.0622354 0.0640808 0.0641045 0.0625974 0.0599318 0.0565063 0.0526915 0.0487891 0.0450022 0.041403 0.0379043 0.0342699 0.030207 0.0255355 0.0203489 0.0150469
 0.00694189 0.0111828 0.0166681 0.0233239 0.0309701 0.0392236 0.0474307 0.0547755 0.0605341 0.0642838 0.0659383 0.0656604 0.0637652 0.0606507 0.0567365 0.0524063 0.0479682 0.043634 0.0394997 0.035527 0.0315521 0.0273575 0.022807 0.0179769 0.0131857
 0.00729431 0.0117355 0.0174623 0.0243852 0.0323053 0.0408161 0.0492339 0.0567092 0.0624918 0.0661487 0.0675995 0.0670238 0.0647576 0.0612207 0.0568526 0.0520516 0.047135 0.0423225 0.0377263 0.0333445 0.0290716 0.0247564 0.0203067 0.0157904 0.0114584
 0.00765143 0.0123129 0.0183244 0.0255873 0.0338798 0.0427527 0.0514603 0.0590879 0.0648416 0.0682828 0.0693616 0.0683075 0.065509 0.0614302 0.056541 0.0512554 0.0458942 0.0406749 0.0357132 0.031027 0.0265518 0.0221876 0.0178783 0.0136855 0.00980192
 0.00787886 0.0126939 0.0189193 0.0264612 0.0350909 0.0443322 0.0533888 0.0612812 0.0671535 0.0705267 0.0713411 0.0698496 0.0664924 0.0618 0.0563056 0.0504686 0.0446314 0.0390145 0.0337315 0.028806 0.0241953 0.0198318 0.0156821 0.0117989 0.00832457
 0.0080936 0.0130327 0.0194117 0.0271323 0.0359628 0.0454232 0.0547071 0.0628124 0.0688491 0.0722965 0.0730561 0.071357 0.0676417 0.0624714 0.0564323 0.0500435 0.0436985 0.0376515 0.0320326 0.0268751 0.0221481 0.017799 0.0138022 0.010195 0.00707479
 0.00809202 0.0130713 0.0195457 0.027437 0.0365141 0.046267 0.0558341 0.0641563 0.0703081 0.0737637 0.0744389 0.0725773 0.0686258 0.063145 0.0567273 0.0499129 0.0431309 0.0366767 0.0307183 0.0253172 0.0204629 0.0161144 0.012245 0.00887089 0.0060472
 0.00815652 0.0131658 0.0196718 0.0275982 0.036726 0.0465668 0.0562805 0.0648092 0.0711958 0.074854 0.0756352 0.0737457 0.069635 0.0638963 0.0571607 0.0499988 0.0428612 0.0360641 0.0298009 0.0241634 0.0191683 0.0147923 0.0110095 0.00781605 0.00522822
 0.00834644 0.0134512 0.020057 0.0280703 0.037257 0.0471206 0.0568212 0.0653117 0.0716552 0.0752882 0.0760731 0.0742031 0.0700938 0.0643021 0.0574401 0.050084 0.0427074 0.0356558 0.0291521 0.0233165 0.0181926 0.0137769 0.0100488 0.00698997 0.00458475
 0.00831004 0.0134081 0.0200214 0.0280635 0.0373 0.047223 0.0569737 0.0654892 0.0718307 0.0754498 0.0762341 0.0743968 0.0703551 0.0646429 0.0578345 0.0504699 0.0430051 0.035793 0.0290857 0.023043 0.0177479 0.013227 0.00947371 0.00646367 0.00415806
 0.0082899 0.0133685 0.0199503 0.0279492 0.0371382 0.0470256 0.0567728 0.0653303 0.0717553 0.0754785 0.0763607 0.0745987 0.07061 0.0649393 0.0581662 0.0508223 0.0433442 0.0360681 0.0292444 0.0230514 0.0176048 0.0129654 0.0091496 0.00613788 0.0038783
 0.00840729 0.0135425 0.02018 0.0282206 0.0374257 0.0472961 0.0569921 0.0654705 0.0718034 0.0754421 0.0762652 0.074477 0.0704902 0.0648385 0.0580923 0.0507773 0.0433233 0.0360557 0.0292143 0.0229749 0.0174641 0.0127639 0.00891183 0.00589949 0.00367165
 0.00848092 0.0136531 0.0203292 0.0284025 0.0376267 0.0474964 0.0571668 0.0655931 0.0718519 0.0754067 0.0761545 0.0743171 0.070317 0.0646865 0.0579846 0.0507214 0.0433123 0.0360723 0.0292351 0.0229755 0.0174259 0.012681 0.00879388 0.00576736 0.00354831
 0.0083504 0.013465 0.0200907 0.0281353 0.0373606 0.0472588 0.0569749 0.0654525 0.0717607 0.0753613 0.0761526 0.0743589 0.0704046 0.0648215 0.0581663 0.0509437 0.0435622 0.0363299 0.0294762 0.0231765 0.0175691 0.0127597 0.00881441 0.00574672 0.00350761
 0.00833112 0.0134139 0.019979 0.0279284 0.0370323 0.0468103 0.0564479 0.0649238 0.0713176 0.0750699 0.0760389 0.0744102 0.0705852 0.0650914 0.0584919 0.0513 0.0439296 0.0366902 0.0298105 0.0234656 0.0177974 0.0129198 0.00890939 0.00578947 0.00351619
 0.00866377 0.0138983 0.0206012 0.0286347 0.0377379 0.0474185 0.0568708 0.0650995 0.0712246 0.0747352 0.075533 0.0738249 0.0700054 0.0645746 0.0580643 0.0509661 0.043683 0.0365206 0.0297046 0.0234071 0.0177682 0.0129032 0.0088941 0.00577094 0.00349542
 0.00874567 0.0140491 0.0208582 0.0290353 0.0383013 0.0481208 0.0576294 0.0657827 0.0716912 0.0748861 0.0753464 0.0733589 0.0693699 0.0638909 0.0574311 0.0504418 0.0432869 0.0362444 0.0295263 0.023301 0.0177103 0.0128731 0.00887708 0.00575826 0.00348376
 0.00873837 0.0140388 0.0208476 0.0290334 0.0383269 0.0482049 0.0578082 0.0660813 0.0721001 0.0753463 0.0757589 0.0736197 0.0694142 0.063719 0.0571028 0.0500457 0.0429049 0.0359292 0.0292974 0.0231527 0.017624 0.0128277 0.0088547 0.00574674 0.0034765
 0.00878043 0.0141069 0.0209492 0.0291745 0.0385106 0.0484294 0.0580669 0.0663646 0.0723988 0.0756508 0.0760527 0.0738703 0.0695729 0.0637361 0.0569518 0.0497411 0.0424997 0.0354948 0.0288973 0.0228262 0.017383 0.0126643 0.00875142 0.00568502 0.00344119
 0.00856499 0.0137933 0.0205455 0.0287129 0.0380397 0.048001 0.0577249 0.0661414 0.0723155 0.0757182 0.0762697 0.0742212 0.0700232 0.0642324 0.057429 0.0501387 0.0427805 0.0356552 0.0289628 0.0228354 0.0173705 0.0126511 0.008745 0.00568457 0.00344339
 0.00844551 0.0135943 0.0202396 0.0282773 0.0374687 0.0473204 0.0570019 0.065476 0.0718136 0.0754577 0.0762786 0.0744782 0.0704746 0.0648102 0.0580633 0.0507632 0.0433389 0.036109 0.0292981 0.0230619 0.0175129 0.0127375 0.00879749 0.00571723 0.00346374
 0.00843154 0.0135615 0.0201705 0.0281475 0.0372496 0.0469878 0.0565468 0.0649163 0.0712001 0.0748715 0.0758146 0.0742187 0.0704634 0.065041 0.0584854 0.0513006 0.0439113 0.0366479 0.0297565 0.023418 0.0177677 0.012907 0.00890377 0.00578083 0.00350029
 0.00835006 0.0134497 0.0200395 0.0280177 0.0371416 0.0469085 0.0564806 0.064828 0.0710508 0.0746394 0.0755115 0.0738927 0.0701855 0.0648809 0.0584867 0.0514666 0.0442069 0.0370142 0.0301313 0.0237522 0.0180339 0.013099 0.00903052 0.0058581 0.00354412
 0.00818884 0.013199 0.0196851 0.027558 0.0365927 0.0463077 0.0558863 0.0643097 0.0706688 0.0744231 0.0754518 0.0739542 0.0703314 0.0650923 0.058766 0.0518242 0.0446424 0.0375063 0.0306392 0.0242288 0.0184404 0.0134148 0.00925455 0.00600357 0.00363074
 0.00810338 0.0130557 0.0194616 0.027232 0.036148 0.0457447 0.0552315 0.0636196 0.0700218 0.0739024 0.0751228 0.0738478 0.0704382 0.0653719 0.0591663 0.0522995 0.0451613 0.0380462 0.0311768 0.0247354 0.0188858 0.013776 0.0095229 0.00618547 0.003743
 0.00791275 0.0127713 0.0190805 0.0267659 0.0356171 0.0451689 0.0546264 0.0630009 0.0694157 0.073352 0.0746874 0.0735893 0.0704025 0.0655722 0.0595781 0.0528695 0.0458247 0.0387422 0.0318564 0.0253609 0.0194284 0.014217 0.0098553 0.00641585 0.00388877
 0.00781709 0.0126108 0.0188311 0.0264058 0.0351357 0.0445779 0.0539671 0.0623381 0.0688183 0.0728716 0.0743484 0.0733968 0.0703571 0.065679 0.0598417 0.0532827 0.0463602 0.039355 0.032493 0.0259707 0.0199712 0.0146661 0.0101998 0.00665905 0.00404578
 0.00848964 0.0135454 0.0199432 0.0275163 0.0360193 0.0450423 0.05392 0.0618072 0.0679242 0.0717782 0.0732168 0.0723551 0.0694874 0.0650201 0.0594014 0.0530514 0.0463175 0.0394702 0.0327246 0.0262694 0.0202878 0.0149597 0.0104432 0.00684108 0.0041686
 0.0091572 0.0145992 0.0214604 0.0295203 0.0384436 0.0476943 0.0564694 0.0638385 0.0690584 0.0718126 0.0721985 0.0705461 0.0672504 0.0626968 0.0572398 0.0511916 0.0448141 0.0383226 0.0319006 0.025719 0.0199518 0.0147772 0.0103594 0.00681252 0.00416559
 0.00909967 0.0146147 0.021685 0.0301472 0.0396712 0.0496404 0.0590884 0.0668844 0.0721175 0.074396 0.0738686 0.071036 0.0665371 0.060994 0.0549126 0.0486349 0.0423526 0.0361648 0.0301426 0.0243741 0.0189823 0.0141197 0.00994158 0.00656505 0.00402974
 0.00877903 0.0141288 0.021028 0.0293595 0.0388568 0.0489773 0.0588153 0.0672457 0.0732655 0.0762914 0.0762404 0.0734416 0.068503 0.0621717 0.055178 0.0480945 0.041268 0.0348425 0.0288413 0.0232584 0.0181216 0.0135129 0.00954801 0.00633002 0.00390078
 0.0086114 0.0138401 0.0205656 0.0286697 0.0379059 0.0477828 0.057478 0.0659609 0.0722977 0.0759092 0.0766278 0.0746154 0.0702766 0.0641945 0.0570465 0.0494877 0.0420418 0.0350417 0.028638 0.0228595 0.017696 0.0131591 0.00929908 0.00617715 0.00381785
 0.00861036 0.0138327 0.0205416 0.0286098 0.0377788 0.047546 0.0570865 0.0653883 0.0715657 0.0751127 0.0759342 0.074224 0.0703454 0.0647647 0.0580076 0.0506088 0.0430597 0.0357611 0.0289907 0.0228994 0.0175439 0.0129387 0.00909569 0.00602819 0.00372575
 0.00853515 0.0137244 0.0204038 0.0284539 0.0376181 0.0473878 0.056925 0.0652024 0.071326 0.0747966 0.0755471 0.0738186 0.0700216 0.0646424 0.0581738 0.0510674 0.0437163 0.0364576 0.0295733 0.0232786 0.0177148 0.0129579 0.0090382 0.00595368 0.00366553
 0.00850857 0.0136857 0.0203547 0.0284 0.037569 0.0473555 0.0569206 0.0652303 0.071377 0.0748439 0.0755516 0.0737444 0.0698594 0.0644252 0.0579733 0.0509649 0.0437616 0.0366408 0.0298289 0.0235212 0.0178811 0.0130297 0.00903646 0.00591501 0.00362088
 0.00862346 0.0138361 0.0205143 0.0285232 0.0376053 0.0472715 0.0567179 0.0649473 0.071074 0.0745794 0.075362 0.0736354 0.0698107 0.0644073 0.0579672 0.0509748 0.0438097 0.0367478 0.0299932 0.0237134 0.0180588 0.0131595 0.00910828 0.00594003 0.00361931
 0.00863725 0.0138619 0.0205574 0.0285848 0.0376759 0.0473239 0.0567076 0.0648269 0.0708175 0.0742053 0.0749352 0.0732446 0.0695327 0.0642791 0.0579816 0.0510968 0.0439998 0.0369766 0.0302409 0.0239619 0.0182865 0.0133455 0.00924059 0.0060203 0.00365976
 0.00864768 0.0138889 0.0206164 0.0286963 0.0378597 0.047589 0.0570417 0.0651903 0.0711463 0.0744258 0.0749874 0.0731062 0.0692311 0.0638827 0.0575733 0.0507444 0.0437396 0.0368144 0.0301635 0.0239477 0.0183118 0.0133877 0.00928172 0.00605014 0.00367622
 0.0086801 0.0139312 0.0206617 0.0287345 0.0378831 0.0476008 0.0570594 0.0652407 0.071251 0.074585 0.0751719 0.0732645 0.06931 0.0638509 0.0574357 0.0505386 0.0435185 0.0366243 0.0300306 0.023876 0.0182894 0.013396 0.00930294 0.0060715 0.00369157
 0.00873987 0.0140182 0.0207734 0.0288604 0.0380063 0.0477012 0.0571193 0.0652505 0.0712154 0.0745241 0.0751143 0.0732336 0.0693098 0.063863 0.0574301 0.0504927 0.0434297 0.0365107 0.0299195 0.0237898 0.0182378 0.0133755 0.00930286 0.0060804 0.00370141
 0.00874624 0.014036 0.0208133 0.0289352 0.0381259 0.047865 0.0573107 0.0654384 0.0713633 0.0746039 0.0751173 0.0731724 0.0692111 0.0637543 0.0573277 0.0503978 0.0433347 0.0364099 0.0298158 0.023694 0.0181612 0.013324 0.00927453 0.00606861 0.00369862
 0.00873298 0.0140238 0.0208125 0.0289624 0.0382006 0.0480037 0.0575198 0.0657087 0.071668 0.074901 0.0753588 0.0733174 0.0692392 0.0636714 0.0571611 0.0501837 0.043105 0.036186 0.0296103 0.0235148 0.0180143 0.0132127 0.00919798 0.00602131 0.00367252
 0.00880225 0.0141284 0.0209555 0.0291426 0.0384147 0.0482489 0.0577946 0.0660098 0.0719851 0.0752129 0.0756323 0.0735129 0.0693204 0.0636176 0.0569749 0.0498908 0.0427468 0.0358072 0.0292484 0.0231955 0.0177515 0.0130109 0.00905394 0.00592658 0.00361555
 0.00872241 0.0140238 0.0208443 0.0290564 0.038389 0.0483085 0.0579429 0.0662285 0.0722448 0.0754854 0.075897 0.0737539 0.0695209 0.0637567 0.0570322 0.0498551 0.0426228 0.035616 0.0290213 0.022965 0.0175434 0.0128407 0.00892697 0.00584007 0.00356187
 0.00868663 0.013958 0.020733 0.0288855 0.0381546 0.048029 0.0576635 0.0660128 0.0721521 0.0755457 0.0761 0.0740567 0.0698678 0.0640963 0.0573255 0.0500763 0.0427586 0.0356662 0.0289989 0.0228929 0.0174479 0.0127446 0.00884557 0.00577974 0.00352219
 0.0085591 0.0137466 0.0204075 0.028416 0.0375193 0.0472267 0.0567285 0.0650232 0.0712242 0.0748129 0.0756808 0.0740219 0.0702192 0.0647674 0.058203 0.0510332 0.0436833 0.0364797 0.0296593 0.0233912 0.0177989 0.0129763 0.00898933 0.00586381 0.00356858
 0.00867523 0.0139385 0.0206996 0.0288269 0.0380496 0.0478448 0.0573606 0.0655616 0.0715561 0.0748603 0.0754312 0.073535 0.069605 0.0641479 0.0576746 0.0506435 0.0434306 0.0363299 0.0295689 0.0233249 0.0177375 0.0129152 0.00893228 0.00581644 0.00353393
 0.0085352 0.0137522 0.0204968 0.0286625 0.037992 0.0479521 0.0576585 0.0660297 0.0721275 0.0754341 0.0758962 0.0738011 0.0696323 0.0639601 0.0573467 0.0502701 0.0430913 0.0360678 0.0293892 0.023209 0.0176608 0.012859 0.00888752 0.00578069 0.00350734
 0.0083811 0.0134965 0.0201055 0.0281103 0.0372784 0.0471223 0.0568148 0.0653178 0.0716936 0.0753707 0.0762054 0.0743957 0.0703721 0.0647018 0.0579874 0.0507669 0.0434541 0.0363342 0.0295977 0.0233821 0.0178048 0.0129718 0.00896768 0.00583145 0.00353576
 0.00868188 0.0139327 0.0206624 0.0287358 0.0378924 0.0476359 0.0571516 0.0654322 0.0715848 0.0750875 0.075834 0.0740283 0.0700703 0.0644768 0.0578075 0.050586 0.0432416 0.0360893 0.0293434 0.0231485 0.0176132 0.0128293 0.00886967 0.00576805 0.00349684
 0.00905645 0.0145267 0.0215248 0.029892 0.039327 0.0492727 0.0588405 0.0669621 0.0727319 0.0756818 0.0758117 0.0734442 0.0690683 0.0632371 0.0564938 0.0493137 0.042073 0.03505 0.0284433 0.0223945 0.01701 0.0123737 0.00854751 0.00555601 0.00336743
 0.00898337 0.0144464 0.0214761 0.0299377 0.0395404 0.0497136 0.0595294 0.0678631 0.0737498 0.0766761 0.0766257 0.0739455 0.0691875 0.0629863 0.0559557 0.0486064 0.0413105 0.0343161 0.0277862 0.0218362 0.0165573 0.0120254 0.00829581 0.00538684 0.00326251
 0.00874575 0.0140809 0.020968 0.0292954 0.0388034 0.0489584 0.0588693 0.0674319 0.0736654 0.0769957 0.0773155 0.074884 0.0702017 0.0639047 0.0566562 0.0490407 0.0414991 0.0343219 0.0276828 0.0216853 0.0164008 0.0118871 0.00818639 0.00530827 0.00321127
 0.00866425 0.0139297 0.0207068 0.0288778 0.0381921 0.0481478 0.0579074 0.0664262 0.0727673 0.076365 0.0770785 0.0750961 0.070828 0.0648265 0.0577049 0.0500479 0.0423412 0.0349425 0.0280873 0.0219169 0.0165144 0.011931 0.00819505 0.00530281 0.00320269
 0.00862642 0.0138434 0.0205302 0.0285542 0.0376611 0.0473653 0.0568688 0.0651832 0.0714314 0.0750971 0.0760631 0.0745027 0.0707662 0.0653122 0.0586508 0.0512869 0.043675 0.0361943 0.0291395 0.0227224 0.0170829 0.0123047 0.00842559 0.00543668 0.00327581
 0.00882578 0.0141409 0.020926 0.0290245 0.038156 0.0478107 0.0571715 0.0652456 0.071177 0.0745024 0.0751803 0.0734595 0.0697395 0.0644809 0.0581464 0.0511572 0.0438766 0.0366165 0.0296487 0.0232052 0.0174715 0.0125788 0.00859795 0.00553442 0.00332616
 0.00916457 0.0146806 0.0217151 0.030094 0.0395049 0.0493869 0.0588547 0.0668485 0.0724748 0.0752849 0.0753066 0.072896 0.0685717 0.0628963 0.0563905 0.0494733 0.0424478 0.0355324 0.0289058 0.0227371 0.0171909 0.0124099 0.00849092 0.00546311 0.00327866
 0.00921483 0.0147841 0.021912 0.0304369 0.0400481 0.0501674 0.0598711 0.0680459 0.0737437 0.0764725 0.0762409 0.0734208 0.0685856 0.0623851 0.0554378 0.0482415 0.0411346 0.0343168 0.0279061 0.021996 0.0166879 0.0120913 0.00829794 0.00534899 0.00321228
 0.00903501 0.0144936 0.0214816 0.0298497 0.0393141 0.0493413 0.0590618 0.0674049 0.0734251 0.0765792 0.0767826 0.0743038 0.0696386 0.0634092 0.0562637 0.0487745 0.0413714 0.0343286 0.0277979 0.0218625 0.0165863 0.0120379 0.00828239 0.00535292 0.00322135
 0.00895706 0.0143495 0.0212325 0.0294487 0.0387178 0.0485294 0.0580594 0.0662956 0.0723478 0.0757051 0.0762759 0.074275 0.0701049 0.064282 0.0573723 0.0499195 0.042385 0.0351163 0.0283461 0.0222149 0.016807 0.0121815 0.00838234 0.00542414 0.00326991
 0.00869239 0.0139806 0.0207885 0.0289894 0.0383091 0.048208 0.05781 0.0660583 0.0720549 0.0753273 0.0758502 0.0738994 0.0699022 0.0643488 0.0577371 0.0505287 0.0431238 0.0358532 0.0289784 0.0226942 0.017136 0.0123925 0.00851321 0.00550473 0.0033191
#obs surv len freq
 nan nan nan nan nan nan nan nan nan nan nan nan nan nan nan nan nan nan nan nan nan nan nan nan nan
 0.00448489 0.0073463 0.0111763 0.0159925 0.021693 0.0279682 0.0342819 0.0400128 0.0446922 0.0481559 0.0505139 0.0520098 0.0529022 0.0534147 0.0537292 0.0539842 0.0542628 0.0545556 0.0546944 0.0542863 0.0527243 0.0493565 0.0438062 0.0362862 0.0276699
 0.00461519 0.00756049 0.0115026 0.0164578 0.0223156 0.0287482 0.035191 0.0409918 0.0456592 0.049023 0.0512039 0.0524678 0.0531004 0.0533527 0.0534292 0.0534836 0.0536052 0.0537837 0.0538472 0.0534009 0.0518395 0.0485154 0.0430537 0.0356603 0.0271914
 0.00477337 0.0078194 0.0118957 0.0170173 0.0230673 0.0297006 0.0363248 0.0422542 0.0469682 0.0502799 0.0523073 0.053327 0.0536454 0.0535422 0.053254 0.052965 0.052788 0.0527268 0.0526168 0.0520668 0.0504765 0.0472032 0.0418714 0.0346732 0.0264356
 0.00496382 0.00813015 0.0123655 0.0176833 0.0239577 0.0308243 0.0376596 0.0437424 0.0485234 0.0518011 0.0536927 0.0544812 0.0544844 0.053998 0.0532819 0.0525494 0.0519456 0.0515058 0.0510918 0.0503344 0.0486515 0.0454119 0.0402387 0.0333008 0.0253808
 0.00518017 0.00848413 0.0129025 0.0184468 0.0249812 0.032118 0.0391968 0.0454546 0.0503103 0.0535493 0.0552928 0.0558369 0.0555136 0.0546319 0.053465 0.0522437 0.0511375 0.0502144 0.0493758 0.0482958 0.0464325 0.0431835 0.038176 0.03155 0.024027
 0.00540958 0.00886053 0.0134754 0.0192649 0.0260828 0.0335169 0.0408667 0.0473237 0.0522706 0.055477 0.0570676 0.0573537 0.0566862 0.0553911 0.0537558 0.0520234 0.0503787 0.0489139 0.0475694 0.046073 0.0439431 0.0406268 0.0357698 0.0294833 0.0224161
 0.00563787 0.00923547 0.014047 0.0200827 0.027187 0.034924 0.0425541 0.0492235 0.0542784 0.0574705 0.0589253 0.0589664 0.0579617 0.0562546 0.0541482 0.0518982 0.0497015 0.0476693 0.045776 0.0438037 0.041341 0.0379011 0.033163 0.0272165 0.0206329
 0.0058848 0.00963969 0.0146606 0.020956 0.0283594 0.0364085 0.0443223 0.0511998 0.0563504 0.0595108 0.0608114 0.0605921 0.05924 0.0571165 0.0545391 0.0517744 0.0490288 0.0464274 0.0439733 0.0415005 0.0386699 0.03507 0.0304254 0.0248126 0.0187265
 0.0061208 0.0100263 0.0152481 0.0217934 0.0294854 0.0378372 0.0460279 0.0531107 0.0583593 0.0614942 0.0626498 0.0621814 0.0604953 0.0579714 0.0549423 0.0516849 0.0484135 0.0452638 0.0422633 0.0392928 0.0360834 0.032301 0.0277221 0.0224183 0.0168134
 0.00637984 0.0104484 0.0158851 0.0226937 0.0306846 0.0393431 0.047805 0.0550757 0.0603931 0.0634655 0.0644366 0.0636839 0.0616383 0.0587019 0.0552235 0.0514906 0.0477224 0.0440614 0.0405528 0.0371171 0.0335497 0.029591 0.0250712 0.0200623 0.0149232
 0.00660649 0.0108247 0.0164658 0.0235342 0.0318289 0.0408054 0.0495517 0.0570198 0.0624081 0.0654114 0.0661849 0.0651313 0.0627109 0.0593522 0.0554253 0.0512303 0.0469929 0.0428605 0.0388911 0.035037 0.0311487 0.0270333 0.0225716 0.0178383 0.0131352
 0.00684789 0.0112158 0.0170519 0.0243574 0.032921 0.0421762 0.0511753 0.0588278 0.0642953 0.0672527 0.0678543 0.0665181 0.0637301 0.059949 0.0555725 0.0509218 0.0462345 0.0416647 0.0372808 0.0330603 0.0288982 0.0246573 0.0202615 0.015788 0.0114877
 0.00707476 0.011591 0.0176279 0.0251852 0.0340381 0.0435882 0.0528394 0.0606502 0.0661485 0.0690035 0.0693875 0.0677459 0.064591 0.0604037 0.055601 0.0505208 0.045414 0.0404451 0.0356951 0.0311631 0.0267802 0.0224536 0.018141 0.0139189 0.00999227
 0.00727516 0.0119228 0.0181385 0.0259225 0.035041 0.0448704 0.0543732 0.0623592 0.0679165 0.0706963 0.0708765 0.0689268 0.065393 0.0607908 0.0555656 0.0500745 0.0445792 0.0392516 0.0341825 0.0293893 0.0248329 0.0204555 0.0162393 0.0122565 0.00867016
 0.00741532 0.0121535 0.0184914 0.0264302 0.0357321 0.045761 0.055457 0.0636012 0.0692545 0.072048 0.0721494 0.0700276 0.0662377 0.0613142 0.0557279 0.0498621 0.044001 0.0383334 0.0329646 0.0279303 0.023216 0.018791 0.0146551 0.0108735 0.00757196
 0.00752234 0.0123255 0.018747 0.0267863 0.0362021 0.0463517 0.0561643 0.0644079 0.0701314 0.0729575 0.0730474 0.0708638 0.0669561 0.0618555 0.0560365 0.0498942 0.0437316 0.0377604 0.0321102 0.026842 0.0219679 0.0174816 0.013396 0.00976847 0.00669237
 0.00757572 0.0124104 0.0188713 0.0269569 0.0364245 0.0466301 0.0565002 0.0648 0.0705758 0.0734479 0.0735747 0.0714122 0.0674994 0.0623549 0.0564418 0.0501499 0.0437866 0.0375788 0.031681 0.0261856 0.0211373 0.0165582 0.0124763 0.00894371 0.006027
 0.0076504 0.0125229 0.0190241 0.0271467 0.0366435 0.0468685 0.0567488 0.065051 0.0708246 0.0736943 0.0738224 0.0716672 0.0677645 0.0626238 0.0566946 0.0503525 0.0438945 0.0375469 0.0314767 0.0258007 0.0205964 0.0159173 0.0118114 0.00833153 0.00552467
 0.00771315 0.0126207 0.0191632 0.0273286 0.0368643 0.047117 0.0570062 0.0652942 0.0710317 0.0738531 0.0739345 0.0717464 0.0678302 0.0626923 0.0567723 0.0504305 0.0439488 0.0375425 0.0313774 0.0255828 0.0202603 0.0154923 0.0113496 0.00789209 0.00515565
 0.0077596 0.0126901 0.0192562 0.0274422 0.0369927 0.0472537 0.057145 0.0654287 0.0711553 0.0739589 0.0740172 0.071805 0.0678695 0.0627219 0.0568023 0.0504656 0.0439831 0.0375577 0.0313473 0.0254824 0.020078 0.0152379 0.0110539 0.00759688 0.00489898
 0.00779087 0.0127374 0.0193205 0.0275218 0.0370828 0.0473474 0.0572342 0.0655055 0.0712146 0.0739996 0.074043 0.0718218 0.0678829 0.0627362 0.05682 0.0504879 0.0440075 0.0375761 0.0313447 0.0254412 0.0199851 0.0150931 0.0108729 0.00740644 0.00472675
 0.00782429 0.0127854 0.0193811 0.0275889 0.0371483 0.0474033 0.0572753 0.0655298 0.0712229 0.073995 0.0740302 0.0718066 0.0678713 0.0627331 0.0568279 0.0505063 0.0440331 0.0376021 0.0313609 0.0254351 0.0199463 0.0150181 0.010769 0.00728968 0.00461609
 0.00787219 0.0128604 0.0194881 0.0277294 0.0373182 0.0475918 0.0574635 0.0656938 0.0713396 0.0740492 0.0740198 0.0717415 0.0677688 0.0626122 0.0567052 0.0503937 0.0439367 0.0375222 0.0312929 0.0253709 0.0198772 0.014939 0.0106806 0.00719932 0.00453377
 0.00785065 0.012829 0.0194479 0.027684 0.0372738 0.0475558 0.0574431 0.0656941 0.0713617 0.0740896 0.0740701 0.0717922 0.0678127 0.0626462 0.0567309 0.0504148 0.0439569 0.0375429 0.0313122 0.025384 0.0198786 0.0149249 0.0106514 0.00716012 0.00449232
 0.00788983 0.0128822 0.0195087 0.0277405 0.0373125 0.0475675 0.0574278 0.0656609 0.0713246 0.074061 0.0740566 0.071793 0.0678217 0.062656 0.0567356 0.0504127 0.0439493 0.0375329 0.0313017 0.0253729 0.0198648 0.0149059 0.0106266 0.00713132 0.00446345
 0.00788613 0.0128789 0.0195084 0.0277457 0.0373237 0.0475802 0.0574322 0.0656451 0.0712813 0.0739936 0.07398 0.0717275 0.0677841 0.0626529 0.0567627 0.0504589 0.0440027 0.0375844 0.0313463 0.0254081 0.0198893 0.0149193 0.0106294 0.00712589 0.00445329
 0.00788301 0.012873 0.019498 0.0277295 0.0373015 0.047554 0.057406 0.0656235 0.0712658 0.0739816 0.0739659 0.0717077 0.0677608 0.0626339 0.0567574 0.0504724 0.0440338 0.0376266 0.0313913 0.0254491 0.0199218 0.0149413 0.0106413 0.00712939 0.00445129
 0.00788611 0.0128725 0.0194871 0.0276989 0.0372421 0.0474617 0.0572854 0.0654884 0.0711359 0.0738764 0.073899 0.0716835 0.0677751 0.062678 0.0568223 0.0505518 0.0441231 0.0377212 0.0314852 0.0255356 0.0199951 0.0149979 0.0106806 0.0071535 0.00446392
 0.00787143 0.0128493 0.0194532 0.027652 0.0371795 0.0473803 0.0571826 0.0653645 0.0709968 0.0737354 0.0737746 0.0715954 0.0677376 0.0626956 0.0568892 0.0506554 0.0442488 0.0378558 0.0316179 0.0256577 0.0201001 0.0150817 0.0107421 0.00719454 0.00448854
 0.00781763 0.0127632 0.0193268 0.0274797 0.0369605 0.0471216 0.0569009 0.0650846 0.0707471 0.0735397 0.073649 0.0715469 0.0677668 0.0627983 0.0570565 0.0508729 0.0444979 0.0381159 0.0318698 0.0258861 0.0202943 0.0152363 0.0108567 0.00727307 0.00453781
 0.00781555 0.0127514 0.0192934 0.0274089 0.0368366 0.0469357 0.0566572 0.0648022 0.0704556 0.0732725 0.0734355 0.0714078 0.067712 0.0628281 0.0571634 0.0510438 0.0447156 0.0383607 0.032121 0.0261243 0.0205041 0.0154079 0.0109868 0.0073639 0.00459595
 0.00778685 0.0127061 0.0192273 0.0273179 0.0367163 0.0467811 0.0564645 0.0645718 0.0701964 0.073004 0.073186 0.071209 0.0675914 0.0628014 0.0572325 0.0511981 0.0449359 0.0386231 0.0324003 0.0263968 0.0207498 0.0156131 0.0111451 0.00747625 0.00466894
 0.00776586 0.0126705 0.0191711 0.027235 0.0366021 0.0466351 0.0562914 0.0643815 0.0700004 0.0728129 0.0730087 0.0710555 0.0674745 0.0627371 0.0572349 0.0512746 0.0450831 0.038827 0.0326394 0.0266461 0.020986 0.0158179 0.0113077 0.00759446 0.00474724
 0.00774111 0.0126305 0.0191115 0.0271517 0.0364921 0.0464976 0.0561295 0.0642027 0.0698166 0.0726376 0.0728551 0.0709334 0.067391 0.0626967 0.0572423 0.0513341 0.0451966 0.0389908 0.0328417 0.0268684 0.0212065 0.0160165 0.0114706 0.00771596 0.00482945
 0.00931908 0.0148388 0.0217756 0.0298893 0.0388244 0.0480272 0.0566808 0.0638478 0.0687919 0.0712235 0.0712876 0.0693723 0.0659283 0.061379 0.0560899 0.0503538 0.0443885 0.0383499 0.0323579 0.0265248 0.0209798 0.0158794 0.0113958 0.00767987 0.00481466
 0.00928601 0.0150801 0.0226589 0.031872 0.0422549 0.052876 0.0623698 0.0693453 0.0729801 0.07334 0.071177 0.0674272 0.0628167 0.0577575 0.0524406 0.0469597 0.041384 0.0357835 0.0302346 0.0248272 0.0196754 0.014923 0.0107318 0.00724688 0.00455153
 0.00896491 0.0145706 0.0219373 0.0309818 0.0413624 0.052309 0.0625806 0.070749 0.0757069 0.0770497 0.0750995 0.0706568 0.0646906 0.0580859 0.0514773 0.0451891 0.0392918 0.0337241 0.028409 0.0233197 0.0184995 0.0140545 0.0101267 0.00685174 0.00431152
 0.008786 0.0142753 0.0214851 0.0303342 0.0404976 0.0512502 0.0614341 0.069734 0.0751422 0.0772682 0.076298 0.0727494 0.0672713 0.0605591 0.0533001 0.0460809 0.0392917 0.0330936 0.0274726 0.022343 0.0176432 0.0133851 0.00964832 0.0065366 0.00412
 0.00873143 0.0141768 0.0213181 0.0300682 0.0401012 0.0507006 0.0607309 0.0689132 0.0742905 0.0765323 0.0758743 0.0728366 0.0679839 0.06184 0.0548965 0.0476247 0.0404488 0.0336944 0.0275465 0.0220558 0.017195 0.0129329 0.00927853 0.00627445 0.00395445
 0.0087029 0.0141293 0.0212439 0.0299574 0.0399413 0.0504769 0.0604285 0.0685221 0.0738135 0.0759956 0.0753399 0.0724066 0.0677864 0.0619887 0.0554318 0.0484693 0.0414162 0.0345586 0.028137 0.0223182 0.0171869 0.0127687 0.00906848 0.00608949 0.00382217
 0.00867639 0.0140857 0.0211771 0.0298616 0.0398118 0.0503114 0.0602283 0.0682909 0.0735554 0.0757143 0.0750422 0.0721117 0.0675358 0.061847 0.0554703 0.0487318 0.0418844 0.0351426 0.0287053 0.022754 0.0174347 0.0128443 0.00903243 0.00600835 0.00374237
 0.00868228 0.0140917 0.0211794 0.0298541 0.0397871 0.0502628 0.0601515 0.0681849 0.0734222 0.0755573 0.0748656 0.0719214 0.0673431 0.0616742 0.0553533 0.0487127 0.0419938 0.0353771 0.0290192 0.0230733 0.0176897 0.0129987 0.00909117 0.00600339 0.00371019
 0.00866992 0.0140761 0.0211641 0.0298443 0.0397873 0.0502737 0.0601674 0.0681945 0.0734125 0.0755183 0.0747933 0.0718185 0.0672174 0.0615386 0.0552262 0.0486189 0.0419596 0.0354206 0.0291377 0.0232395 0.0178609 0.013136 0.00917514 0.00603758 0.00371197
 0.00866649 0.0140678 0.021147 0.0298142 0.0397416 0.0502147 0.0601031 0.068137 0.0733722 0.0754985 0.0747883 0.0718163 0.0672064 0.0615124 0.055187 0.0485774 0.0419326 0.0354254 0.0291846 0.0233251 0.0179676 0.0132393 0.0092551 0.00608625 0.00373349
 0.00865503 0.0140526 0.0211301 0.029799 0.0397312 0.0502092 0.0600994 0.0681297 0.0733574 0.0754767 0.074764 0.0717948 0.0671897 0.061498 0.0551706 0.0485571 0.0419121 0.0354136 0.0291915 0.0233558 0.0180186 0.0132992 0.00931022 0.00612701 0.00375749
 0.00864288 0.0140327 0.0211001 0.0297573 0.0396781 0.0501485 0.0600381 0.0680769 0.0733207 0.0754595 0.0747643 0.0718076 0.0672098 0.0615217 0.0551953 0.0485806 0.0419334 0.0354342 0.029215 0.0233865 0.0180576 0.0133433 0.00935286 0.00616181 0.00378126
 0.00862276 0.0139997 0.0210502 0.0296869 0.0395853 0.0500346 0.0599099 0.0679466 0.0732042 0.0753724 0.0747181 0.0718066 0.0672503 0.0615941 0.055287 0.04868 0.0420313 0.0355252 0.0292971 0.0234601 0.0181238 0.0134021 0.00940263 0.00620065 0.00380841
 0.00862475 0.0140032 0.0210558 0.0296946 0.039594 0.0500414 0.0599095 0.0679331 0.073173 0.0753235 0.0746573 0.0717439 0.0671974 0.0615598 0.0552753 0.048689 0.0420557 0.0355586 0.0293342 0.0234975 0.0181598 0.0134355 0.00943213 0.00622478 0.00382622
 0.00863003 0.0140123 0.0210703 0.0297163 0.0396241 0.0500795 0.0599529 0.067976 0.0732076 0.0753415 0.0746525 0.0717145 0.0671474 0.0614981 0.0552131 0.0486365 0.0420187 0.0355382 0.029328 0.0235016 0.0181703 0.0134493 0.0094466 0.00623797 0.00383679
 0.00863003 0.0140123 0.0210703 0.0297163 0.0396241 0.0500795 0.0599529 0.067976 0.0732076 0.0753415 0.0746525 0.0717145 0.0671474 0.0614981 0.0552131 0.0486365 0.0420187 0.0355382 0.029328 0.0235016 0.0181703 0.0134493 0.0094466 0.00623797 0.00383679
 0.00867533 0.014085 0.0211775 0.029863 0.039811 0.0503004 0.0601923 0.0682095 0.0734067 0.0754802 0.0747132 0.0716914 0.067046 0.0613337 0.0550076 0.0484139 0.0418016 0.0353435 0.0291658 0.023375 0.0180775 0.0133855 0.00940588 0.00621407 0.00382411
 0.00865101 0.0140515 0.0211384 0.0298261 0.0397872 0.0503006 0.0602248 0.068278 0.0735081 0.0756043 0.0748436 0.0718085 0.0671314 0.0613751 0.0550013 0.0483656 0.041724 0.0352525 0.0290761 0.0232974 0.0180172 0.0133431 0.00937897 0.00619872 0.00381635
 0.00848202 0.0137828 0.0207471 0.0292992 0.0391296 0.0495445 0.0594361 0.0675509 0.0729451 0.0752871 0.0748105 0.0720475 0.0675893 0.0619753 0.0556629 0.0490192 0.0423205 0.0357651 0.0294968 0.0236302 0.0182721 0.0135318 0.00951276 0.00628871 0.00387306
 0.00876388 0.0142073 0.0213212 0.0300023 0.0399131 0.0503361 0.0601466 0.0680868 0.07323 0.0752854 0.0745408 0.0715752 0.0670029 0.0613588 0.0550772 0.0484965 0.0418696 0.0353823 0.0291751 0.0233644 0.0180596 0.0133699 0.00939704 0.00621187 0.00382607
 0.00876454 0.0142426 0.021436 0.0302547 0.0403541 0.0509793 0.0609448 0.0689329 0.073986 0.075826 0.0747889 0.0715168 0.0666803 0.0608509 0.0544749 0.0478806 0.0412972 0.0348839 0.02876 0.02303 0.0177985 0.0131737 0.00925705 0.00611822 0.00376806
 0.00865757 0.0140716 0.0211873 0.0299263 0.0399663 0.0505846 0.0606282 0.0687921 0.0740931 0.0761885 0.0753366 0.0721265 0.0672241 0.0612405 0.0546812 0.0479264 0.0412338 0.0347658 0.0286291 0.0229107 0.0177007 0.0130991 0.0092032 0.00608176 0.00374512
 0.00875676 0.0142127 0.0213616 0.0301115 0.0401306 0.0506967 0.0606684 0.0687621 0.0740199 0.07612 0.0753239 0.0721984 0.0673689 0.0614075 0.0548046 0.0479562 0.0411555 0.0346 0.0284162 0.0226918 0.0175056 0.0129427 0.00908837 0.00600393 0.00369643
 0.00902724 0.0146495 0.0220102 0.0310029 0.0412646 0.0520202 0.0620615 0.0700495 0.0750146 0.0766817 0.0754027 0.071841 0.0666877 0.0605342 0.0538494 0.0469901 0.040216 0.0337092 0.0275959 0.0219672 0.0168996 0.0124672 0.00874072 0.00576827 0.00354902
 0.00899113 0.0146202 0.0220212 0.0311061 0.0415188 0.0524723 0.0627248 0.0708897 0.0759479 0.0775866 0.0761458 0.0723104 0.0668249 0.0603477 0.0534048 0.0463801 0.0395297 0.0330143 0.026937 0.0213737 0.016392 0.0120585 0.00843385 0.00555525 0.00341325
 0.00880972 0.0143216 0.0215689 0.0304742 0.040711 0.0515436 0.0617949 0.0701276 0.0755244 0.077613 0.0766295 0.0731526 0.0678565 0.0613858 0.0543033 0.0470586 0.0399739 0.0332557 0.0270273 0.0213651 0.0163284 0.0119732 0.0083502 0.00548655 0.0033642
 0.0087409 0.0141897 0.0213336 0.030086 0.040124 0.0507373 0.0607966 0.069025 0.0744596 0.0767558 0.0761376 0.0731264 0.0683055 0.0622219 0.0553671 0.0481703 0.0409833 0.0340732 0.0276261 0.0217649 0.0165714 0.0121064 0.00841423 0.00551189 0.00337098
 0.00867892 0.0140841 0.0211648 0.0298303 0.0397554 0.050233 0.0601457 0.0682387 0.07358 0.0758619 0.0753413 0.0725556 0.0680733 0.0623901 0.0559205 0.0490154 0.0419759 0.035062 0.028494 0.0224492 0.0170623 0.0124292 0.00860978 0.0056212 0.00342731
