SBPRF35
7.78865
Curr Bio
562800
B35
671121
F35
0.221708
FOFL
0.18269
OFL
78918.3
Bzero
2.22533e+006
#pred survey bio
 4.82056e+006 4.50941e+006 4.22353e+006 3.89987e+006 3.5672e+006 3.19907e+006 2.84437e+006 2.52774e+006 2.24476e+006 1.98429e+006 1.76214e+006 1.54566e+006 1.36566e+006 1.21161e+006 1.08101e+006 970501 888728 837159 772393 735608 713549 686572 663815 649841 643050 624437 612820 615719 610485 613723 605799 600886 596856 586742 573188 552323 539746 527158 521909 528480 533630 539738 547515 550759 544342 551927 558603 565866 572904 582031 587248 585724 613835 588533 542086 513234 506788 524623 544726 566252 561945 567930 561187 568146 583957 567232 566861 581480 565175 1.96423e+007 1.20909e+007 1.25543e+007 1.32731e+007 1.40894e+007 1.48658e+007 1.55332e+007 1.6071e+007 1.64864e+007 1.67981e+007 1.70278e+007 1.71953e+007 1.73168e+007 1.74048e+007 1.74688e+007 1.75154e+007 1.75495e+007 1.75747e+007 1.75933e+007 1.76073e+007 1.76177e+007 1.76256e+007 1.76316e+007 1.76361e+007 1.76395e+007 1.76422e+007 1.76442e+007 1.76457e+007 1.76469e+007 1.76479e+007 1.76486e+007 1.76491e+007 1.76495e+007 1.76498e+007 1.76501e+007 1.76503e+007 1.76504e+007 1.76506e+007 1.76506e+007 1.76507e+007 1.76508e+007 1.76508e+007 1.76508e+007 1.76509e+007 1.76509e+007 1.76509e+007 1.76509e+007 1.76509e+007 1.76509e+007 1.76509e+007 1.76509e+007 1.76509e+007 1.76509e+007 1.7651e+007 1.7651e+007 1.7651e+007 1.7651e+007 1.7651e+007 1.7651e+007 1.7651e+007 1.7651e+007 1.7651e+007 1.7651e+007 1.7651e+007 1.7651e+007 1.7651e+007 1.7651e+007 1.7651e+007 1.7651e+007 1.7651e+007 1.7651e+007 1.7651e+007 1.7651e+007 1.7651e+007 1.7651e+007 1.7651e+007 1.7651e+007 1.7651e+007 1.7651e+007 1.7651e+007 1.7651e+007 1.7651e+007 1.7651e+007 1.7651e+007 1.7651e+007 1.7651e+007 1.7651e+007 1.7651e+007 1.7651e+007 1.7651e+007 1.7651e+007 1.7651e+007 1.7651e+007 1.7651e+007 1.7651e+007 1.7651e+007 1.7651e+007 1.7651e+007 1.7651e+007 1.7651e+007 0 0 0 0 0 0 0 0 0 0 0 0 0 0 0 0 0 0 0 0 0 0 0 0 0
#obs survey bio
 4.14754e+006 3.73661e+006 4.02538e+006 3.25368e+006 2.37853e+006 2.61597e+006 3.03944e+006 3.05249e+006 1.64449e+006 1.60301e+006 1.4596e+006 1.41391e+006 786767 1.3502e+006 681490 1.03962e+006 931873 749589 863398 708551 703701 559465 679577 655440 462694 710234 557649 635390 477530 584225 609722 517592 564977 615047 640263 747540 722852 456821 581726 431844 530115 606538 681814 396222 747947 544303 598508 391444 487061 601730 409491 720690 946667 649712 645825 364447 674579 439480 604549 564630 614569 609412 498628 718821 668458 472648 554733 579028 445492
#pred catch bio
 99510.2 95462.9 156672 195609 262099 284889 283152 282661 289161 277476 290340 271817 258494 242649 226616 201262 173740 181498 153101 137005 137493 130012 119625 111852 119811 111291 97549.2 103467 95297.8 103067 98087 95047.9 97557.1 96728.9 98467.4 89341.1 92034.3 90785 84997.4 88530.6 88366 86559.8 89622.6 97023.7 84968.4 86249.2 86952.2 88888.8 88715.8 93130 98957.9 73941.6 117316 131745 115332 97063.5 77979.5 76813.4 75812.7 97340.1 88924.5 100364 89173.1 82349.2 109429 95683.4 85378.3 113628 104699 78918.3 96017.4 98625 103225 109005 114585 119300 122982 125708 127650 128994 129903 130507 130904 131161 131327 131433 131500 131543 131570 131587 131597 131604 131608 131611 131612 131613 131614 131614 131615 131615 131615 131615 131615 131615 131615 131615 131615 131615 131615 131615 131615 131615 131615 131615 131615 131615 131615 131615 131615 131615 131615 131615 131615 131615 131615 131615 131615 131615 131615 131615 131615 131615 131615 131615 131615 131615 131615 131615 131615 131615 131615 131615 131615 131615 131615 131615 131615 131615 131615 131615 131615 131615 131615 131615 131615 131615 131615 131615 131615 131615 131615 131615 131615 131615 131615 131615 131615 131615 131615 0 0 0 0 0 0 0 0 0 0 0 0 0 0 0 0 0 0 0 0 0 0 0 0 0
#obs catch bio
 0 95123.7 157322 196236 264404 288030 285762 285451 293484 281768 296218 276970 266406 249040 232202 205673 176005 185003 155132 138289 138880 131059 120075 112210 121134 111782 97892 103917 95855.5 103760 98509 95238.6 97906.9 97119.8 98783.9 89056.4 91404.1 90497.5 84974 88831.8 88517.7 86536 89057 96867.6 84655.1 85886 86417.2 88945.9 88719.9 93018.8 99728.5 73386.6 116735 130535 114402 96911.2 77744.9 76864.5 75435.6 97280.4 88541.9 100384 89190.6 81821.8 109268 95405.9 84765.8 113115 104641
#pred cpue bio
 4.74899e+006 4.44152e+006 4.15765e+006 3.83508e+006 3.5042e+006 3.1382e+006 2.78566e+006 2.47089e+006 2.18935e+006 1.93021e+006 1.70935e+006 1.49467e+006 1.31615e+006 1.16389e+006 1.03552e+006 927112 847181 797138 734584 699417 678559 652889 631268 617981 611506 593717 582819 585910 580970 584347 577102 572832 569357 560025 547648 528105 515450 501434 494763 500698 505878 512154 520167 523560 517266 524636 531099 537828 544285 553000 558022 556656 584522 560399 514912 486120 479455 497065 517249 538580 534295 539721 532903 539695 555338 539072 538230 551912 535409 1.85855e+007 1.14453e+007 1.18393e+007 1.24789e+007 1.327e+007 1.40413e+007 1.47078e+007 1.52455e+007 1.56608e+007 1.59725e+007 1.62022e+007 1.63697e+007 1.64912e+007 1.65793e+007 1.66432e+007 1.66898e+007 1.67239e+007 1.67491e+007 1.67678e+007 1.67817e+007 1.67921e+007 1.68e+007 1.6806e+007 1.68105e+007 1.6814e+007 1.68166e+007 1.68186e+007 1.68202e+007 1.68214e+007 1.68223e+007 1.6823e+007 1.68235e+007 1.68239e+007 1.68243e+007 1.68245e+007 1.68247e+007 1.68249e+007 1.6825e+007 1.68251e+007 1.68251e+007 1.68252e+007 1.68252e+007 1.68253e+007 1.68253e+007 1.68253e+007 1.68253e+007 1.68253e+007 1.68253e+007 1.68254e+007 1.68254e+007 1.68254e+007 1.68254e+007 1.68254e+007 1.68254e+007 1.68254e+007 1.68254e+007 1.68254e+007 1.68254e+007 1.68254e+007 1.68254e+007 1.68254e+007 1.68254e+007 1.68254e+007 1.68254e+007 1.68254e+007 1.68254e+007 1.68254e+007 1.68254e+007 1.68254e+007 1.68254e+007 1.68254e+007 1.68254e+007 1.68254e+007 1.68254e+007 1.68254e+007 1.68254e+007 1.68254e+007 1.68254e+007 1.68254e+007 1.68254e+007 1.68254e+007 1.68254e+007 1.68254e+007 1.68254e+007 1.68254e+007 1.68254e+007 1.68254e+007 1.68254e+007 1.68254e+007 1.68254e+007 1.68254e+007 1.68254e+007 1.68254e+007 1.68254e+007 1.68254e+007 1.68254e+007 1.68254e+007 1.68254e+007 1.68254e+007 1.68254e+007 0 0 0 0 0 0 0 0 0 0 0 0 0 0 0 0 0 0 0 0 0 0 0 0 0
#obs cpue bio
 5.03843e+006 4.48064e+006 2.70788e+006 3.42647e+006 3.56382e+006 2.66531e+006 3.05558e+006 1.82911e+006 1.85059e+006 1.81946e+006 1.54604e+006 1.36032e+006 816692 1.00425e+006 1.35426e+006 700113 887512 639294 599228 717262 631910 779467 720458 548514 529838 700684 527889 617524 490858 650498 582410 736270 542386 476764 550664 561426 598706 465388 331894 491024 557964 509054 712029 605545 389997 641037 617763 465595 643728 612474 481367 817735 556330 650274 441154 508924 373320 491630 671835 537440 505336 468714 521275 638656 504008 613621 674199 665758 441378
#pred surv len freq
 0.00448169 0.00729759 0.011027 0.0156764 0.0211648 0.0272466 0.033478 0.0393172 0.0443195 0.0482765 0.051212 0.0532839 0.054689 0.0556047 0.056157 0.0564058 0.0563506 0.0559422 0.0550715 0.0535274 0.0509672 0.0469851 0.0413208 0.0341242 0.0260732
 0.00485159 0.00780612 0.0116247 0.0162701 0.0216567 0.027589 0.0337049 0.0395244 0.0445977 0.0486414 0.0515783 0.0535028 0.0546244 0.0552048 0.0554837 0.0556135 0.0556258 0.0554294 0.0548172 0.0534669 0.050964 0.0469028 0.04109 0.0337646 0.0256653
 0.00497852 0.0080649 0.012104 0.0170661 0.0228279 0.0290987 0.0353916 0.0411368 0.0458925 0.0494836 0.0519732 0.0535413 0.054392 0.0547296 0.0547554 0.0546431 0.0544878 0.0542517 0.0537261 0.0525295 0.0501683 0.0461887 0.0404046 0.0331014 0.0250629
 0.00515565 0.00833703 0.0124897 0.0175866 0.0235199 0.0300219 0.0366132 0.0426875 0.0477103 0.0513864 0.0536963 0.0548282 0.0550855 0.054802 0.0542732 0.0537096 0.0532123 0.0527503 0.0521243 0.050945 0.0486851 0.0448471 0.0392183 0.0320827 0.0242319
 0.00535282 0.0086571 0.0129695 0.0182581 0.0244025 0.0311144 0.0378906 0.0441093 0.0492346 0.0529739 0.0552891 0.0563192 0.0563103 0.0555767 0.0544576 0.0532553 0.0521688 0.0512373 0.0502973 0.0489677 0.0467079 0.0429933 0.037578 0.0307144 0.0231643
 0.00558397 0.00903285 0.0135354 0.0190577 0.0254701 0.0324627 0.0394966 0.0459059 0.0511191 0.0548291 0.0570074 0.0578135 0.0575065 0.056394 0.0547997 0.0530264 0.0513117 0.0497683 0.0483169 0.0466433 0.0442422 0.0405894 0.0354097 0.0289049 0.0217727
 0.00588132 0.00950184 0.0142153 0.0199779 0.0266485 0.0339018 0.0411753 0.0477722 0.0530888 0.0567933 0.0588459 0.0594101 0.0587621 0.0572315 0.0551574 0.0528484 0.050548 0.048395 0.0463675 0.0442316 0.0415597 0.037874 0.0328975 0.0267804 0.0201347
 0.00621463 0.0100304 0.0149857 0.0210245 0.0279874 0.0355223 0.0430306 0.0497782 0.0551355 0.0587652 0.0606381 0.0609339 0.0599419 0.0580021 0.055462 0.0526378 0.0497807 0.0470454 0.0444468 0.0418161 0.0388087 0.0350195 0.0301992 0.0244623 0.018331
 0.00653585 0.0105477 0.0157551 0.0220944 0.0293898 0.0372579 0.0450531 0.0519885 0.0573942 0.060919 0.0625472 0.0624894 0.0610707 0.0586611 0.0556268 0.0522898 0.0489012 0.0456199 0.0424831 0.0393732 0.0360219 0.0321025 0.02741 0.0220392 0.0164285
 0.00683479 0.0110332 0.0164855 0.0231246 0.0307621 0.0389865 0.0471062 0.054278 0.0597828 0.0632416 0.0646365 0.0641994 0.0622932 0.0593331 0.0557265 0.0518228 0.047884 0.0440713 0.040432 0.0368821 0.0332146 0.029175 0.0246057 0.0195918 0.0144967
 0.00709288 0.011451 0.0171116 0.0240053 0.0319351 0.0404702 0.0488856 0.0562951 0.0619376 0.0654034 0.0666596 0.0659392 0.0636223 0.0601549 0.0559835 0.0514963 0.046985 0.0426307 0.038498 0.0345316 0.030572 0.0264226 0.0219669 0.0172827 0.012667
 0.0074674 0.0120394 0.0179595 0.0251425 0.0333723 0.0421937 0.0508486 0.0584134 0.0640954 0.0674692 0.0685044 0.0674483 0.0647025 0.0607379 0.0560278 0.0509866 0.0459308 0.0410636 0.036473 0.0321342 0.0279305 0.023713 0.0193963 0.0150477 0.0109022
 0.00764237 0.0123538 0.0184871 0.0259681 0.0345695 0.0437916 0.0528023 0.060599 0.0663377 0.0695851 0.0703394 0.0688928 0.0656888 0.0612308 0.0560143 0.0504693 0.0449248 0.0395982 0.0345976 0.0299283 0.0255142 0.0212482 0.0170695 0.0130324 0.0093148
 0.00780428 0.012613 0.0188726 0.0265116 0.0353082 0.0447671 0.0540496 0.0621254 0.0680984 0.0714698 0.0721828 0.0705096 0.0669186 0.0619706 0.0562249 0.0501604 0.0441328 0.0383719 0.0329966 0.0280319 0.0234325 0.019125 0.0150676 0.0113013 0.00795321
 0.00802935 0.0129639 0.0193727 0.0271725 0.0361294 0.0457352 0.0551385 0.0632991 0.0693171 0.0726945 0.0733704 0.0716016 0.0678339 0.0626137 0.0565087 0.0500291 0.0435728 0.0374084 0.0316842 0.0264497 0.0216848 0.0173404 0.0133865 0.00984998 0.00681361
 0.00815802 0.0131883 0.0197376 0.0277265 0.0369106 0.0467506 0.056347 0.0646108 0.0706151 0.0738684 0.0743434 0.072338 0.0683281 0.0628686 0.0565189 0.0497766 0.0430369 0.0365812 0.0305842 0.0251282 0.0202254 0.0158519 0.011988 0.00864633 0.0058714
 0.00827244 0.0133608 0.0199738 0.0280281 0.0372815 0.0472044 0.0569059 0.0652941 0.0714193 0.0747521 0.0752287 0.0731311 0.0689474 0.0632653 0.0566772 0.0496998 0.0427316 0.0360524 0.029842 0.0242008 0.0191688 0.0147489 0.0109345 0.00772992 0.00514933
 0.00819164 0.013253 0.0198549 0.0279264 0.0372296 0.0472265 0.0570115 0.0654811 0.071686 0.0751053 0.0756782 0.0736732 0.0695496 0.0638658 0.0572008 0.0500791 0.0429208 0.0360289 0.0296046 0.0237685 0.0185833 0.0140746 0.0102497 0.00710976 0.00464731
 0.00828334 0.0133887 0.0200352 0.0281461 0.0374826 0.0475119 0.0573339 0.0658444 0.0720821 0.0755082 0.0760498 0.0739785 0.0697702 0.0640007 0.0572559 0.0500543 0.0428057 0.0358087 0.0292695 0.0233227 0.01805 0.0134958 0.00967965 0.00660191 0.00423987
 0.00833882 0.0134622 0.0201147 0.0282097 0.0375043 0.047472 0.0572295 0.0656944 0.0719264 0.0753975 0.0760304 0.0740758 0.0699796 0.0642903 0.0575787 0.0503619 0.0430559 0.0359682 0.0293156 0.023247 0.0178627 0.0132263 0.00937152 0.00630178 0.00398491
 0.00829081 0.0133932 0.0200269 0.0281085 0.0373944 0.0473516 0.0570887 0.0655216 0.0717189 0.0751733 0.0758304 0.0739536 0.069982 0.0644386 0.0578592 0.0507306 0.0434522 0.0363313 0.0295968 0.0234173 0.0179155 0.0131772 0.00925287 0.00615313 0.00384149
 0.00831844 0.0134305 0.0200693 0.0281481 0.037423 0.047365 0.0570884 0.0655111 0.071698 0.0751345 0.0757629 0.0738544 0.0698655 0.0643363 0.0578076 0.0507529 0.0435472 0.0364727 0.0297441 0.0235311 0.0179702 0.0131671 0.00919075 0.00606289 0.00374816
 0.00843308 0.0135933 0.0202704 0.0283626 0.0376167 0.0475054 0.0571538 0.0654956 0.0716109 0.0749951 0.0755946 0.0736774 0.0696942 0.064181 0.0576791 0.0506645 0.0435096 0.0364862 0.0297946 0.0235931 0.0180176 0.0131828 0.00917221 0.00602 0.00369626
 0.00851518 0.013719 0.0204438 0.0285795 0.0378619 0.0477513 0.0573621 0.0656242 0.0716271 0.07489 0.0753884 0.0734126 0.0694191 0.0639346 0.0574838 0.050528 0.0434303 0.0364578 0.0298061 0.0236286 0.0180581 0.013212 0.00918149 0.00601022 0.00367495
 0.00836886 0.0135174 0.0202074 0.0283494 0.0376882 0.0476731 0.0573914 0.0657419 0.0717918 0.0750538 0.0755125 0.0734776 0.0694284 0.0639091 0.0574518 0.0505136 0.0434468 0.0365068 0.0298802 0.0237154 0.0181431 0.0132825 0.00923005 0.00603603 0.00368297
 0.00839726 0.0135454 0.020218 0.028321 0.0376067 0.0475479 0.0572625 0.0656688 0.0718253 0.0752068 0.0757487 0.0737275 0.0696211 0.0640013 0.0574392 0.0504235 0.0433205 0.036382 0.0297809 0.0236498 0.0181073 0.0132666 0.00922341 0.00603139 0.00367731
 0.00847489 0.0136536 0.0203466 0.0284463 0.0376951 0.0475638 0.0571799 0.0654835 0.0715637 0.0749252 0.0755174 0.0736031 0.0696212 0.0640991 0.057581 0.0505568 0.0434155 0.0364353 0.0298061 0.0236635 0.0181203 0.0132818 0.00923862 0.00604341 0.00368456
 0.00845557 0.013621 0.0202948 0.0283677 0.0375801 0.0474016 0.0569612 0.0652045 0.0712326 0.0745679 0.0751796 0.0733432 0.0694945 0.0641371 0.0577768 0.0508672 0.0437779 0.0367912 0.0301171 0.0239146 0.0183129 0.013424 0.00933944 0.00611102 0.00372653
 0.00841369 0.0135687 0.0202449 0.0283404 0.0375961 0.0474707 0.0570733 0.0653291 0.0713273 0.0745929 0.0751118 0.0731861 0.0692796 0.0639155 0.0576024 0.0507775 0.0437814 0.036869 0.0302353 0.0240403 0.018424 0.0135113 0.00940241 0.00615331 0.0037529
 0.00823645 0.0132993 0.0198756 0.02788 0.0370713 0.0469258 0.0565668 0.064925 0.0710786 0.0745235 0.0752081 0.0734039 0.069564 0.0642221 0.0579092 0.0510831 0.0440935 0.0371904 0.0305567 0.0243428 0.0186874 0.0137222 0.00955758 0.00625833 0.00381825
 0.00818954 0.0132183 0.0197453 0.027685 0.0368015 0.0465839 0.0561759 0.0645284 0.0707314 0.0742774 0.0750965 0.0734328 0.0697123 0.0644504 0.0581748 0.0513536 0.0443531 0.0374367 0.0307916 0.0245643 0.0188877 0.0138913 0.00968889 0.00635126 0.00387801
 0.00816351 0.0131705 0.0196631 0.0275523 0.0366015 0.0463048 0.0558172 0.0641066 0.0702819 0.0738514 0.0747524 0.0732225 0.0696668 0.0645706 0.0584319 0.0517003 0.044739 0.0378214 0.0311495 0.0248819 0.0191583 0.0141109 0.00985656 0.00646997 0.00395509
 0.00802816 0.0129743 0.0194113 0.0272636 0.0363004 0.0460107 0.0555369 0.0638355 0.0700131 0.0735867 0.0745087 0.0730316 0.0695666 0.0645928 0.0585896 0.0519818 0.0451111 0.0382389 0.0315682 0.0252674 0.0194892 0.0143775 0.0100578 0.00661144 0.00404684
 0.00778996 0.0126219 0.0189466 0.0267138 0.0357133 0.0454446 0.0550497 0.0634746 0.069805 0.0735293 0.0745733 0.0731764 0.0697565 0.0648126 0.058844 0.0522834 0.0454652 0.0386351 0.0319815 0.0256661 0.0198446 0.0146708 0.010282 0.00676982 0.00414978
 0.00772194 0.0124883 0.0187055 0.0263175 0.0351275 0.0446745 0.0541588 0.0625801 0.0690449 0.0730172 0.0743636 0.0732573 0.0700669 0.0652717 0.0593791 0.0528448 0.0460271 0.0391854 0.0325092 0.0261554 0.0202762 0.0150281 0.0105569 0.00696501 0.00427698
 0.00842561 0.01348 0.019914 0.0275758 0.0362133 0.0453799 0.0543534 0.0622397 0.0682465 0.0719122 0.0731406 0.0720984 0.0691066 0.0645738 0.0589394 0.0526167 0.045952 0.0392132 0.0326041 0.0262915 0.0204311 0.015181 0.0106908 0.00706982 0.00435045
 0.00919645 0.0146764 0.0215999 0.0297485 0.0387772 0.0481237 0.0569471 0.064283 0.0693767 0.0719314 0.072089 0.0702301 0.0667889 0.0621672 0.056714 0.0507228 0.0444347 0.0380503 0.0317436 0.0256763 0.0200095 0.0149075 0.0105251 0.00697725 0.00430328
 0.0093052 0.0149446 0.0221702 0.0308039 0.0404868 0.0505571 0.0599961 0.0676374 0.0725762 0.0744766 0.0735703 0.0704331 0.0657444 0.0601295 0.0540731 0.0478874 0.0417352 0.0356926 0.0298149 0.0241794 0.0189011 0.0141251 0.0100016 0.00664789 0.00411017
 0.00907131 0.0146131 0.021769 0.0304093 0.0402281 0.0506074 0.0605441 0.0688316 0.0744483 0.0768756 0.0761548 0.0727481 0.0673588 0.0607727 0.053709 0.0466989 0.0400377 0.0338233 0.0280446 0.0226734 0.0177235 0.0132685 0.00941915 0.00627799 0.00389175
 0.00884823 0.0142528 0.0212343 0.029677 0.0393059 0.0495575 0.0595027 0.0680055 0.0740764 0.0771576 0.0771721 0.0744076 0.0693913 0.0627981 0.0553513 0.0477045 0.040343 0.0335432 0.0273989 0.0218942 0.016988 0.0126733 0.00899096 0.00599928 0.00372632
 0.00869408 0.0140132 0.0208933 0.0292248 0.038738 0.0488765 0.0587258 0.0671791 0.0732898 0.0765461 0.0768961 0.0746063 0.0701216 0.0639876 0.0567967 0.0491272 0.0414829 0.0342454 0.0276505 0.0217988 0.0167008 0.0123364 0.00869606 0.00578378 0.00358932
 0.00854883 0.0137858 0.0205678 0.028793 0.0382018 0.04825 0.0580371 0.0664703 0.0726122 0.075957 0.0764595 0.0743954 0.0702121 0.0644317 0.0575862 0.0501683 0.0426072 0.0352616 0.0284118 0.0222492 0.0168766 0.0123291 0.0086038 0.00567806 0.00350571
 0.00858364 0.0138093 0.0205426 0.028665 0.0379156 0.047773 0.0573798 0.0656892 0.0717954 0.0751986 0.0758402 0.073975 0.0700318 0.0645194 0.0579521 0.0507915 0.0434206 0.0361522 0.0292474 0.0229203 0.0173311 0.0125791 0.00870427 0.00569419 0.00348857
 0.00861308 0.013865 0.0206379 0.0288102 0.0381059 0.0479757 0.05753 0.0657047 0.0716088 0.0747921 0.0752602 0.0733179 0.0694122 0.0640376 0.0576766 0.0507526 0.0436088 0.0365183 0.0297093 0.0233834 0.0177166 0.0128463 0.00885494 0.00575831 0.00350346
 0.00864773 0.0139283 0.0207466 0.0289845 0.0383656 0.048331 0.0579701 0.0661881 0.0720618 0.0751201 0.0753737 0.0731652 0.0690039 0.0634488 0.0570237 0.0501559 0.0431589 0.0362565 0.0296252 0.0234271 0.0178217 0.0129543 0.00893173 0.00579654 0.00351293
 0.00868045 0.0139571 0.0207463 0.0289205 0.0382079 0.0480742 0.0576476 0.0658686 0.0718249 0.075023 0.0754259 0.0733247 0.0691967 0.0636026 0.0570987 0.0501589 0.0431327 0.036254 0.0296822 0.0235478 0.0179819 0.0131177 0.00906767 0.0058907 0.00356738
 0.00881632 0.014157 0.0210066 0.0292196 0.0385071 0.0483225 0.0577913 0.0658655 0.0716627 0.0747319 0.0750737 0.0729916 0.0689416 0.0634412 0.0570073 0.0500985 0.0430762 0.0361994 0.0296455 0.0235464 0.0180195 0.0131818 0.00913815 0.00595035 0.0036083
 0.00882814 0.0141941 0.0210942 0.029389 0.0387832 0.0487063 0.0582459 0.0663176 0.0720218 0.0749205 0.075055 0.0727812 0.068599 0.0630458 0.0566286 0.0497768 0.042821 0.0360025 0.0294975 0.023443 0.017959 0.0131587 0.009141 0.00596542 0.00362459
 0.00876004 0.0140979 0.0209775 0.0292717 0.0386965 0.0486878 0.0583311 0.0665273 0.0723482 0.0753191 0.0754497 0.0730875 0.068755 0.0630343 0.0564791 0.0495466 0.0425697 0.0357729 0.029311 0.0233048 0.0178662 0.0131044 0.00911585 0.00595884 0.00362698
 0.00871602 0.0140225 0.0208581 0.029097 0.0384626 0.0484071 0.0580381 0.0662765 0.0722009 0.0753222 0.0756163 0.0733885 0.0691256 0.0633956 0.0567651 0.0497244 0.0426437 0.0357733 0.0292748 0.0232619 0.0178333 0.0130869 0.00911176 0.00596323 0.00363466
 0.0085711 0.0138194 0.0206116 0.0288395 0.0382323 0.0482311 0.057922 0.0662071 0.0721619 0.0753101 0.0756464 0.0734841 0.0693004 0.063639 0.0570413 0.0499856 0.04285 0.0359065 0.0293409 0.0232818 0.0178306 0.0130789 0.00910707 0.00596347 0.00363806
 0.00845441 0.0136391 0.0203597 0.0285194 0.037863 0.04785 0.0575827 0.0659676 0.0720644 0.075363 0.0758214 0.073733 0.069579 0.063921 0.0573159 0.0502455 0.0430828 0.0360969 0.0294785 0.0233673 0.0178752 0.0130982 0.00911438 0.00596692 0.00364091
 0.00820008 0.0132241 0.019734 0.0276406 0.036712 0.0464524 0.0560287 0.0644139 0.0707083 0.0743947 0.0753745 0.0738524 0.0702161 0.0649553 0.0585927 0.0516133 0.0444172 0.0373096 0.0305155 0.0242052 0.0185153 0.0135605 0.00942997 0.00617006 0.00376366
 0.00851512 0.0136978 0.0203726 0.0284174 0.0375654 0.0472897 0.0567335 0.0648641 0.0708065 0.0741042 0.0747405 0.0729931 0.0692862 0.0640993 0.0579077 0.0511357 0.0441319 0.037171 0.0304704 0.0242075 0.0185333 0.0135775 0.00944025 0.00617438 0.00376468
 0.00896292 0.0144104 0.0214132 0.0298254 0.0393383 0.0493586 0.0589428 0.0669755 0.0725401 0.0752067 0.0750513 0.0724834 0.068061 0.0623656 0.0559207 0.0491378 0.0423063 0.0356218 0.0292294 0.0232572 0.0178324 0.0130785 0.00909909 0.00595248 0.00362908
 0.00906227 0.0145972 0.0217417 0.0303632 0.0401518 0.050488 0.0603749 0.0686265 0.0742573 0.076789 0.0762835 0.0731807 0.0681127 0.0617665 0.0547748 0.0476304 0.0406543 0.034021 0.0278185 0.0221062 0.016953 0.0124445 0.00866672 0.00567419 0.00346112
 0.00887589 0.0143176 0.0213676 0.0299168 0.0396834 0.0500772 0.0601256 0.0686496 0.0746382 0.0775488 0.0773539 0.0744076 0.0692915 0.062697 0.0553149 0.0477322 0.0403682 0.0334687 0.0271471 0.021445 0.0163865 0.0120088 0.00836046 0.00547563 0.00334193
 0.00863245 0.0139127 0.0207438 0.0290226 0.0384936 0.0486227 0.0585185 0.0670847 0.0733585 0.0767855 0.0772629 0.0750251 0.0705205 0.0643284 0.0570806 0.0493741 0.0417007 0.0344121 0.0277219 0.0217361 0.0164982 0.0120295 0.00834772 0.00545802 0.00332912
 0.00860026 0.0138315 0.020567 0.0286857 0.0379263 0.0477715 0.0573736 0.0657002 0.0718602 0.0753602 0.0761293 0.0743861 0.0705073 0.0649568 0.0582391 0.0508531 0.0432529 0.0358208 0.0288509 0.022544 0.0170189 0.0123351 0.00851385 0.0055436 0.00337193
 0.00861658 0.0138489 0.020574 0.0286603 0.0378334 0.0475637 0.0569972 0.0651087 0.0710362 0.0743386 0.0750108 0.0733292 0.0696971 0.0645552 0.0583346 0.0514292 0.0441898 0.0369335 0.0299478 0.0234811 0.0177267 0.012814 0.00880732 0.00570837 0.00345775
 0.00879888 0.0141411 0.0210044 0.0292471 0.0385754 0.0484259 0.0578991 0.0659249 0.0716161 0.0745438 0.0747564 0.0726159 0.0686225 0.0632986 0.0571133 0.0504386 0.0435484 0.0366561 0.0299583 0.0236565 0.017949 0.0130049 0.00893617 0.00577929 0.00348944
 0.00873043 0.0140549 0.0209218 0.0292055 0.0386208 0.0485987 0.0582191 0.0663799 0.0721575 0.0750888 0.0751996 0.0728526 0.0685803 0.0629667 0.0565559 0.0497803 0.0429347 0.0362034 0.0297182 0.0236091 0.0180274 0.0131324 0.00905617 0.00586565 0.00354031
 0.00869426 0.0140091 0.0208781 0.029186 0.0386556 0.0487209 0.0584569 0.0667479 0.0726468 0.0756601 0.0757819 0.0733525 0.068902 0.0630381 0.0563525 0.0493382 0.042345 0.0355853 0.0291804 0.0232174 0.0177923 0.0130221 0.00902217 0.00586568 0.00354875
 0.00860148 0.0138538 0.0206377 0.028841 0.0381997 0.0481744 0.057876 0.0662221 0.0722789 0.0755353 0.0759401 0.0737736 0.0695093 0.0637172 0.0569818 0.0498225 0.0426405 0.035707 0.0291861 0.0231776 0.0177612 0.0130227 0.0090504 0.00590515 0.00358461
 0.0085691 0.0137839 0.0205002 0.028597 0.0378106 0.0476177 0.0571621 0.0654043 0.0714505 0.074815 0.0754473 0.0735991 0.0696884 0.0642163 0.057705 0.050639 0.0434229 0.036365 0.0296831 0.0235253 0.0179974 0.0131874 0.00917093 0.00599452 0.00364788
 0.00887859 0.0142604 0.0211651 0.0294453 0.038804 0.0486791 0.0581748 0.066224 0.0719383 0.0748802 0.0750814 0.0728817 0.0687624 0.0632437 0.0568205 0.0499188 0.0428785 0.0359621 0.029373 0.023271 0.0177838 0.0130154 0.00904463 0.00591233 0.00360113
 0.00900331 0.0144605 0.0214609 0.0298528 0.0393302 0.0493146 0.0588853 0.0669462 0.0725848 0.0753548 0.0753015 0.0728016 0.0683904 0.0626443 0.0560987 0.0491882 0.0422288 0.0354389 0.0289787 0.022982 0.0175715 0.0128588 0.00893202 0.00583648 0.0035548
 0.00904062 0.0145107 0.021518 0.0299071 0.0393743 0.0493511 0.0589312 0.0670289 0.0727289 0.0755666 0.0755583 0.0730535 0.0685756 0.0627117 0.0560282 0.0489995 0.0419713 0.0351708 0.0287446 0.0228022 0.0174449 0.0127736 0.00887576 0.00580016 0.00353259
 0.00909373 0.0146378 0.0217821 0.0303852 0.0401299 0.050395 0.0601918 0.0683562 0.0739366 0.0764902 0.0760976 0.0731826 0.0683254 0.0621454 0.0552226 0.0480372 0.0409382 0.0341516 0.0278133 0.0220111 0.0168183 0.0123092 0.00855319 0.00559031 0.00340536
#obs surv len freq
 nan nan nan nan nan nan nan nan nan nan nan nan nan nan nan nan nan nan nan nan nan nan nan nan nan
 0.00448381 0.00734483 0.0111746 0.0159909 0.0216919 0.0279678 0.0342823 0.040014 0.0446937 0.0481576 0.0505154 0.052011 0.0529031 0.0534153 0.0537294 0.0539842 0.0542627 0.0545554 0.0546941 0.054286 0.052724 0.0493562 0.043806 0.036286 0.0276697
 0.00461993 0.00756686 0.0115098 0.0164641 0.0223194 0.0287484 0.0351876 0.0409859 0.0456526 0.0490173 0.0511999 0.0524656 0.0530995 0.0533526 0.0534294 0.0534839 0.0536054 0.0537838 0.0538473 0.0534008 0.0518395 0.0485153 0.0430536 0.0356602 0.0271914
 0.00477489 0.00782295 0.0119029 0.0170302 0.0230869 0.0297266 0.0363544 0.0422825 0.0469903 0.0502925 0.0523102 0.053322 0.0536354 0.0535298 0.0532407 0.0529514 0.0527742 0.0527129 0.0526027 0.0520526 0.0504626 0.0471901 0.0418598 0.0346635 0.0264283
 0.00496633 0.00813499 0.0123743 0.0176981 0.0239807 0.0308575 0.0377033 0.0437947 0.0485798 0.0518553 0.0537374 0.0545106 0.0544957 0.053992 0.0532618 0.0525194 0.0519096 0.0514664 0.0510505 0.0502926 0.0486104 0.0453732 0.0402042 0.0332722 0.0253589
 0.00517676 0.00847908 0.0128959 0.0184393 0.0249742 0.0321136 0.0391977 0.0454639 0.0503303 0.0535806 0.0553331 0.055881 0.0555548 0.0546636 0.053483 0.0522469 0.0511277 0.0501949 0.0493501 0.0482669 0.0464027 0.0431549 0.0381503 0.0315285 0.0240106
 0.00541004 0.00886007 0.0134726 0.0192576 0.0260694 0.0334969 0.0408418 0.0472978 0.0522491 0.0554655 0.05707 0.0573714 0.0567169 0.0554296 0.0537952 0.0520569 0.0504017 0.0489248 0.0475696 0.0460654 0.0439307 0.0406127 0.035756 0.0294714 0.0224068
 0.00563956 0.00923884 0.0140531 0.0200924 0.0272007 0.0349405 0.0425704 0.0492356 0.0542828 0.0574663 0.0589152 0.0589556 0.0579555 0.0562565 0.054158 0.0519125 0.0497152 0.0476773 0.0457753 0.0437941 0.0413245 0.0378809 0.0331426 0.0271983 0.0206185
 0.00589831 0.00965791 0.0146812 0.0209748 0.0283717 0.0364113 0.0443159 0.0511871 0.0563352 0.0594958 0.0607975 0.0605792 0.0592287 0.0571087 0.0545371 0.0517794 0.0490395 0.0464403 0.0439842 0.0415061 0.0386691 0.0350639 0.0304162 0.0248029 0.0187181
 0.00613616 0.0100528 0.0152903 0.0218554 0.0295691 0.0379389 0.0461373 0.0532124 0.0584374 0.0615384 0.0626578 0.0621583 0.0604499 0.0579128 0.0548781 0.051621 0.0483535 0.045209 0.0422129 0.0392446 0.036036 0.0322546 0.0276788 0.0223808 0.0167838
 0.00635571 0.0104144 0.0158438 0.0226513 0.0306501 0.0393256 0.0478116 0.0551091 0.0604498 0.0635363 0.0645085 0.0637441 0.0616784 0.0587198 0.0552229 0.0514778 0.0477038 0.0440417 0.0405342 0.0370999 0.0335332 0.0295745 0.025055 0.0200473 0.0149108
 0.00659748 0.0108062 0.016431 0.0234757 0.031742 0.0406924 0.0494251 0.0569011 0.062321 0.0653735 0.0662013 0.0651935 0.0628015 0.0594518 0.0555181 0.0513078 0.0470535 0.042907 0.0389276 0.0350668 0.0311736 0.0270535 0.0225871 0.0178492 0.0131421
 0.00683503 0.0111966 0.0170261 0.0243248 0.0328807 0.0421253 0.0511098 0.0587451 0.0641986 0.0671534 0.0677706 0.0664687 0.0637264 0.0599904 0.0556476 0.0510135 0.0463272 0.0417482 0.0373513 0.033118 0.0289449 0.0246947 0.0202907 0.0158096 0.0115027
 0.0070468 0.0115463 0.0175624 0.0250962 0.0339257 0.0434564 0.0526969 0.0605092 0.0660211 0.0688992 0.0693119 0.067703 0.0645851 0.0604387 0.0556774 0.0506327 0.0455489 0.0405881 0.0358329 0.0312869 0.0268859 0.0225404 0.0182094 0.0139702 0.0100284
 0.00726384 0.0118995 0.0180943 0.0258468 0.0349242 0.0447091 0.0541742 0.0621402 0.0677022 0.0705118 0.0707409 0.0688503 0.0653774 0.0608316 0.0556557 0.0502051 0.0447399 0.0394299 0.0343647 0.0295627 0.0249877 0.0205859 0.0163431 0.0123343 0.00872457
 0.00743048 0.0121767 0.018523 0.0264682 0.0357709 0.0457908 0.0554642 0.0635714 0.0691785 0.0719273 0.071998 0.0698683 0.0660953 0.0612083 0.0556692 0.0498526 0.0440359 0.0384034 0.033058 0.0280343 0.0233186 0.018883 0.0147308 0.0109309 0.00761211
 0.00749439 0.0122852 0.0186958 0.0267289 0.0361449 0.0463009 0.056123 0.0643754 0.0701027 0.0729253 0.0730051 0.0708094 0.0668945 0.0617981 0.0559975 0.0498854 0.0437587 0.0378217 0.0321983 0.0269457 0.022075 0.0175812 0.0134804 0.0098338 0.00673858
 0.00757448 0.0124038 0.0188535 0.0269205 0.0363638 0.0465453 0.0564001 0.0647004 0.0704938 0.0733948 0.0735511 0.0714101 0.0675067 0.0623627 0.0564478 0.0501589 0.043807 0.0376175 0.0317402 0.0262615 0.0212218 0.0166416 0.0125503 0.00900278 0.00606967
 0.00765379 0.0125281 0.019031 0.027154 0.0366481 0.0468649 0.0567299 0.065011 0.0707624 0.0736167 0.0737425 0.0715995 0.0677185 0.0626011 0.0566904 0.0503604 0.0439112 0.0375728 0.0315138 0.0258496 0.0206543 0.0159782 0.0118685 0.00837916 0.00556022
 0.00771425 0.0126228 0.0191667 0.0273342 0.0368723 0.047127 0.0570165 0.0653011 0.0710302 0.0738377 0.0739027 0.0717001 0.0677764 0.062641 0.056732 0.0504059 0.04394 0.0375476 0.0313944 0.0256101 0.0202958 0.0155322 0.0113893 0.00792697 0.00518279
 0.00777507 0.0127149 0.0192927 0.0274922 0.0370564 0.047329 0.0572268 0.0655087 0.0712233 0.0740046 0.0740331 0.0717872 0.067819 0.0626453 0.0567102 0.0503708 0.0438966 0.0374871 0.031296 0.0254506 0.0200634 0.0152367 0.0110615 0.00760838 0.00491047
 0.00780153 0.0127578 0.019357 0.0275816 0.0371721 0.0474675 0.0573789 0.065661 0.0713618 0.0741194 0.0741204 0.071848 0.0678562 0.0626614 0.0567073 0.0503514 0.043863 0.0374383 0.0312248 0.0253456 0.0199156 0.0150474 0.0108464 0.00739349 0.00472197
 0.00783897 0.0128112 0.0194237 0.0276548 0.0372438 0.0475319 0.0574352 0.0657123 0.0714123 0.074171 0.0741715 0.0718946 0.0678945 0.062689 0.0567233 0.0503554 0.0438545 0.0374154 0.0311838 0.0252809 0.0198226 0.0149267 0.0107069 0.00725118 0.00459442
 0.00787119 0.0128616 0.0194954 0.0277483 0.0373553 0.0476528 0.0575514 0.0658079 0.0714744 0.0741954 0.0741637 0.071867 0.0678596 0.0626547 0.0566923 0.0503263 0.0438243 0.0373804 0.03114 0.0252243 0.01975 0.0148385 0.0106082 0.00715175 0.00450538
 0.00787501 0.0128668 0.0195015 0.0277546 0.0373614 0.0476592 0.0575597 0.0658195 0.0714896 0.0742123 0.0741792 0.0718792 0.0678691 0.0626648 0.0567062 0.0503452 0.0438458 0.0373997 0.0311511 0.0252218 0.0197304 0.0148017 0.0105582 0.00709577 0.00445199
 0.00787506 0.0128631 0.019489 0.0277267 0.037312 0.0475861 0.0574674 0.0657194 0.0713973 0.0741429 0.0741432 0.0718799 0.0679034 0.062725 0.0567836 0.0504316 0.0439341 0.0374833 0.0312237 0.0252774 0.0197651 0.0148145 0.0105519 0.0070767 0.0044276
 0.00787896 0.0128641 0.0194807 0.0276997 0.0372562 0.0474943 0.0573395 0.0655639 0.0712305 0.0739863 0.0740187 0.0718053 0.0678884 0.0627691 0.0568771 0.0505591 0.0440785 0.0376292 0.0313584 0.0253917 0.0198531 0.0148742 0.0105856 0.00708985 0.00442759
 0.00786877 0.0128482 0.0194575 0.0276674 0.0372123 0.0474353 0.0572608 0.0654624 0.0711071 0.0738486 0.0738814 0.0716878 0.0678101 0.0627441 0.0569102 0.0506449 0.0442035 0.0377755 0.0315078 0.0255289 0.0199674 0.0149602 0.0106432 0.00712326 0.00444338
 0.00786458 0.0128372 0.0194334 0.0276225 0.0371395 0.0473322 0.0571322 0.0653196 0.0709644 0.0737182 0.0737715 0.0716038 0.0677568 0.0627275 0.056936 0.0507155 0.0443151 0.0379173 0.0316641 0.0256826 0.020104 0.0150702 0.0107232 0.00717531 0.00447334
 0.00784965 0.0128128 0.0193962 0.0275689 0.037066 0.0472357 0.0570122 0.0651794 0.0708127 0.0735683 0.0736397 0.0715044 0.0676997 0.0627166 0.0569704 0.0507917 0.0444277 0.0380583 0.031822 0.0258432 0.0202528 0.0151958 0.0108194 0.00724186 0.00451466
 0.00785525 0.0128167 0.0193927 0.0275494 0.0370216 0.0471609 0.0569074 0.0650515 0.0706727 0.0734284 0.0735111 0.0713974 0.0676232 0.0626779 0.0569736 0.0508369 0.044511 0.0381723 0.0319566 0.0259861 0.0203909 0.0153173 0.0109165 0.00731209 0.00456037
 0.00782419 0.0127709 0.0193322 0.0274767 0.0369398 0.0470717 0.0568101 0.0649448 0.0705574 0.07331 0.0733999 0.0713059 0.0675627 0.0626558 0.0569929 0.0508965 0.0446065 0.0382966 0.0321 0.026137 0.0205368 0.015447 0.011022 0.00739012 0.0046126
 0.00778328 0.0127042 0.019232 0.027337 0.0367593 0.046857 0.0565778 0.0647192 0.0703639 0.0731673 0.0733153 0.0712774 0.0675836 0.0627193 0.0570937 0.0510299 0.0447668 0.0384765 0.03229 0.0263263 0.0207139 0.0156015 0.0111468 0.00748267 0.00467509
 0.00775132 0.0126468 0.0191357 0.0271866 0.0365423 0.0465702 0.0562337 0.0643475 0.0700063 0.0728674 0.0731083 0.0711826 0.0676022 0.0628376 0.0572891 0.0512777 0.045045 0.0387666 0.0325771 0.026597 0.0209566 0.0158068 0.0113091 0.00760153 0.00475493
 0.00773018 0.012612 0.0190821 0.0271082 0.0364318 0.0464202 0.0560388 0.0641078 0.0697312 0.0725783 0.0728368 0.0709645 0.0674689 0.0628069 0.0573619 0.0514395 0.0452717 0.0390314 0.032855 0.026867 0.0212022 0.0160162 0.0114756 0.00772409 0.00483776
 0.00932022 0.0148394 0.0217739 0.0298827 0.0388097 0.0480013 0.0566418 0.0637955 0.068729 0.0711565 0.071226 0.069328 0.0659123 0.0613973 0.0561401 0.0504249 0.0444642 0.0384153 0.0324043 0.026552 0.0209932 0.0158862 0.011401 0.00768533 0.00482011
 0.00928883 0.0150826 0.0226589 0.0318661 0.0422394 0.0528483 0.0623296 0.0692947 0.0729229 0.073281 0.0711213 0.0673803 0.0627849 0.0577467 0.0524549 0.0469988 0.041442 0.03585 0.0302984 0.0248802 0.0197143 0.0149493 0.010749 0.00725833 0.00455932
 0.00895112 0.0145499 0.0219094 0.0309473 0.0413223 0.0522646 0.0625327 0.0706985 0.0756555 0.0770003 0.0750561 0.0706236 0.0646715 0.058084 0.0514945 0.0452257 0.0393457 0.0337903 0.0284799 0.0233869 0.0185567 0.0140986 0.0101579 0.00687241 0.00432448
 0.00878184 0.0142671 0.02147 0.0303091 0.0404603 0.0512005 0.0613755 0.0696727 0.0750854 0.0772215 0.0762641 0.0727284 0.0672623 0.0605618 0.0533149 0.0461084 0.0393318 0.0331445 0.0275305 0.0224022 0.0176979 0.0134307 0.00968288 0.00656048 0.00413514
 0.00873298 0.0141777 0.0213163 0.0300607 0.0400844 0.0506717 0.0606887 0.0688594 0.0742296 0.0764712 0.0758205 0.0727965 0.0679613 0.0618353 0.054908 0.0476497 0.0404848 0.033739 0.027597 0.0221084 0.0172454 0.0129771 0.00931363 0.00629981 0.00397106
 0.00869374 0.014116 0.0212267 0.0299374 0.0399196 0.050454 0.0604037 0.0684939 0.0737805 0.0759584 0.075301 0.0723707 0.0677592 0.0619746 0.0554333 0.048486 0.0414459 0.034598 0.0281824 0.0223659 0.0172331 0.0128099 0.00910223 0.00611463 0.00383913
 0.00868072 0.0140913 0.0211831 0.0298664 0.0398136 0.0503094 0.0602227 0.0682828 0.0735454 0.0757022 0.0750264 0.072091 0.0675105 0.0618199 0.0554459 0.0487149 0.0418781 0.0351479 0.0287208 0.0227769 0.0174612 0.0128708 0.0090558 0.00602682 0.00375544
 0.00867222 0.0140778 0.021163 0.0298378 0.0397736 0.050254 0.0601472 0.0681832 0.0734208 0.0755547 0.0748617 0.0719166 0.0673378 0.0616684 0.0553474 0.0487081 0.0419924 0.0353813 0.0290298 0.0230898 0.01771 0.0130201 0.0091108 0.00601943 0.00372187
 0.0086788 0.0140884 0.0211785 0.0298588 0.0397996 0.0502827 0.0601737 0.0682002 0.0734189 0.0755252 0.0747985 0.0718186 0.0672105 0.0615242 0.0552059 0.0485956 0.0419365 0.0354009 0.0291238 0.0232327 0.0178608 0.0131408 0.00918257 0.00604533 0.0037185
 0.00866493 0.0140681 0.0211525 0.0298291 0.0397696 0.0502561 0.0601538 0.0681888 0.0734158 0.0755275 0.0748005 0.0718131 0.0671907 0.061487 0.0551545 0.0485403 0.0418938 0.0353883 0.0291523 0.0233 0.0179506 0.0132299 0.00925143 0.00608616 0.00373499
 0.00863915 0.0140292 0.0210994 0.0297634 0.0396951 0.0501787 0.0600812 0.0681292 0.0733768 0.0755134 0.0748109 0.0718426 0.0672304 0.061527 0.0551868 0.0485619 0.0419082 0.0354042 0.0291797 0.0233445 0.0180099 0.013294 0.00930822 0.00612729 0.00375886
 0.00864046 0.0140275 0.0210902 0.0297403 0.0396525 0.0501147 0.0599999 0.068041 0.0732952 0.0754509 0.0747756 0.0718366 0.0672502 0.0615651 0.0552339 0.0486095 0.0419511 0.0354418 0.0292154 0.0233828 0.0180528 0.0133393 0.0093505 0.00616105 0.00378156
 0.00864096 0.0140273 0.0210877 0.029733 0.0396368 0.0500865 0.0599554 0.067979 0.0732185 0.0753675 0.0746977 0.0717772 0.0672191 0.0615657 0.0552627 0.0486581 0.0420094 0.0355016 0.0292721 0.0234352 0.0181012 0.0133835 0.00938898 0.0061917 0.00380321
 0.00861843 0.0139949 0.0210469 0.0296876 0.0395917 0.0500456 0.0599202 0.067948 0.0731885 0.0753358 0.0746637 0.0717442 0.0671933 0.0615545 0.0552716 0.0486884 0.0420575 0.0355607 0.0293347 0.0234954 0.0181556 0.0134303 0.00942731 0.0062211 0.00382388
 0.00860675 0.0139754 0.0210167 0.0296446 0.0395355 0.0499792 0.0598508 0.0678853 0.0731418 0.0753097 0.0746567 0.0717503 0.0672059 0.0615701 0.0552907 0.048714 0.0420923 0.035605 0.0293856 0.0235484 0.018206 0.0134746 0.00946341 0.00624844 0.00384293
 0.00860675 0.0139754 0.0210167 0.0296446 0.0395355 0.0499792 0.0598508 0.0678853 0.0731418 0.0753097 0.0746567 0.0717503 0.0672059 0.0615701 0.0552907 0.048714 0.0420923 0.035605 0.0293856 0.0235484 0.018206 0.0134746 0.00946341 0.00624844 0.00384293
 0.0086415 0.0140295 0.0210934 0.0297441 0.0396545 0.0501094 0.0599789 0.0679948 0.073217 0.0753407 0.0746419 0.0716951 0.06712 0.0614639 0.0551745 0.0485977 0.0419853 0.0355146 0.0293162 0.0235005 0.0181767 0.0134595 0.00945769 0.00624798 0.00384472
 0.00843666 0.0137106 0.0206409 0.0291534 0.0389401 0.0493106 0.0591625 0.0672497 0.0726366 0.0749981 0.0745715 0.0718874 0.0675305 0.0620281 0.0558231 0.0492681 0.0426289 0.0360989 0.0298232 0.023923 0.0185148 0.0137179 0.00964487 0.00637528 0.00392524
 0.00873264 0.014155 0.0212398 0.0298838 0.0397518 0.0501315 0.0599059 0.0678253 0.0729675 0.0750426 0.0743356 0.0714231 0.0669176 0.0613519 0.0551554 0.0486578 0.0421014 0.0356616 0.0294728 0.0236513 0.0183119 0.0135733 0.00954745 0.00631383 0.00388928
 0.00895223 0.0145386 0.0218627 0.0308219 0.0410514 0.0517674 0.0617502 0.0696546 0.0745178 0.0760864 0.0747441 0.0711858 0.0661244 0.060155 0.0537288 0.0471635 0.0406676 0.0343741 0.0283775 0.0227628 0.0176237 0.0130659 0.00919347 0.00608203 0.00374802
 0.00896974 0.0145864 0.0219726 0.0310418 0.0414404 0.0523836 0.0626304 0.0707898 0.0758333 0.0774368 0.0759348 0.0720222 0.066469 0.0599676 0.0530699 0.0461665 0.0394942 0.0331748 0.0272666 0.0218107 0.0168606 0.0124916 0.00878797 0.00581451 0.00358414
 0.00884515 0.0143838 0.0216703 0.0306272 0.0409227 0.0518085 0.0620897 0.0704128 0.0757532 0.0777428 0.076631 0.0730124 0.067578 0.0609914 0.0538371 0.0465846 0.039564 0.0329709 0.026899 0.0213867 0.0164603 0.0121604 0.00854118 0.00564689 0.00347998
 0.00860458 0.0139846 0.0210566 0.029748 0.0397499 0.0503643 0.0604704 0.0687925 0.0743568 0.076795 0.0763011 0.0733707 0.0685747 0.0624639 0.0555475 0.0482804 0.0410412 0.0341154 0.0276922 0.0218798 0.0167363 0.0123002 0.00860618 0.00567535 0.00349223
 0.00861174 0.0139661 0.0209719 0.029538 0.0393483 0.0497185 0.0595642 0.0676623 0.0730957 0.075546 0.0752377 0.0726659 0.0683604 0.0627909 0.0563642 0.0494409 0.0423452 0.0353653 0.0287441 0.0226684 0.0172681 0.0126259 0.00878934 0.00577127 0.00353974
 0.00856796 0.0139019 0.0208865 0.0294299 0.0392088 0.0495243 0.0592759 0.0672341 0.0724961 0.0747824 0.074372 0.0718126 0.0676645 0.0623919 0.056355 0.0498363 0.0430731 0.0362868 0.0296977 0.0235181 0.0179351 0.0130934 0.0090848 0.00594124 0.00362957
 0.00872254 0.0141456 0.021238 0.0298986 0.0397892 0.0501884 0.0599653 0.0678588 0.0729457 0.0749501 0.0741851 0.0712598 0.0668108 0.0613716 0.0553416 0.0489952 0.0425149 0.0360394 0.0297091 0.0236883 0.018159 0.0132949 0.00922899 0.00602685 0.00367217
 0.00872193 0.014163 0.021298 0.0300349 0.0400357 0.0505642 0.0604618 0.0684342 0.0735308 0.0754603 0.0745344 0.0713757 0.0666513 0.0609424 0.0547056 0.0482639 0.0418194 0.03549 0.0293623 0.0235371 0.0181494 0.0133573 0.00930684 0.00608899 0.00371048
 0.00871327 0.0141498 0.0212812 0.0300193 0.040033 0.0505956 0.0605562 0.0686205 0.0738235 0.0758456 0.0749643 0.0717756 0.0669386 0.0610498 0.0546025 0.0479685 0.0413965 0.0350323 0.0289596 0.0232472 0.0179853 0.0132946 0.00930445 0.00611012 0.00373268
