SBPRF35
7.78865
Curr Bio
507907
B35
645633
F35
0.209774
FOFL
0.14567
OFL
53187.7
Bzero
2.22533e+006
#pred survey bio
 3.73187e+006 3.38816e+006 3.04186e+006 2.69167e+006 2.3766e+006 2.05999e+006 1.81825e+006 1.58579e+006 1.38655e+006 1.24592e+006 1.09712e+006 976441 884055 828208 781995 741640 710893 679085 654110 635451 612802 608967 600151 592424 586464 585593 587646 596511 594161 595358 595556 586701 582849 572424 566323 564427 569614 565024 566670 573118 587141 584811 583410 591216 597617 604403 611553 577078 590167 583864 604595 596387 578736 567852 541432 526677 552289 564162 529609 513151 1.61975e+007 9.62043e+006 9.89179e+006 1.07481e+007 1.19096e+007 1.31112e+007 1.41934e+007 1.50897e+007 1.57929e+007 1.63249e+007 1.67177e+007 1.70033e+007 1.7209e+007 1.73565e+007 1.74622e+007 1.7538e+007 1.75927e+007 1.76324e+007 1.76613e+007 1.76825e+007 1.76982e+007 1.77098e+007 1.77185e+007 1.77251e+007 1.773e+007 1.77338e+007 1.77366e+007 1.77388e+007 1.77404e+007 1.77417e+007 1.77427e+007 1.77434e+007 1.7744e+007 1.77444e+007 1.77448e+007 1.7745e+007 1.77452e+007 1.77454e+007 1.77455e+007 1.77456e+007 1.77457e+007 1.77457e+007 1.77458e+007 1.77458e+007 1.77458e+007 1.77459e+007 1.77459e+007 1.77459e+007 1.77459e+007 1.77459e+007 1.77459e+007 1.77459e+007 1.77459e+007 1.77459e+007 1.77459e+007 1.77459e+007 1.77459e+007 1.77459e+007 1.77459e+007 1.77459e+007 1.77459e+007 1.77459e+007 1.77459e+007 1.77459e+007 1.77459e+007 1.77459e+007 1.77459e+007 1.77459e+007 1.77459e+007 1.77459e+007 1.77459e+007 1.77459e+007 1.77459e+007 1.77459e+007 1.77459e+007 1.77459e+007 1.77459e+007 1.77459e+007 1.77459e+007 1.77459e+007 1.77459e+007 1.77459e+007 1.77459e+007 1.77459e+007 1.77459e+007 1.77459e+007 1.77459e+007 1.77459e+007 1.77459e+007 1.77459e+007 1.77459e+007 1.77459e+007 1.77459e+007 1.77459e+007 1.77459e+007 1.77459e+007 1.77459e+007 1.77459e+007 1.77459e+007 1.77459e+007 0 0 0 0 0 0 0 0 0 0 0 0 0 0 0 0 0 0 0 0 0 0 0 0 0
#obs survey bio
 2.67988e+006 3.4828e+006 1.68731e+006 2.20586e+006 1.84668e+006 1.82706e+006 1.24064e+006 1.23407e+006 935232 990015 1.12697e+006 621824 667020 659017 642543 684066 902070 536518 492776 525274 574566 627660 392941 424486 441464 541990 559676 341602 638894 513725 527450 622748 641451 730300 655107 503320 707907 483117 434651 466781 570213 461319 419646 536899 702875 607599 525776 622238 500148 738725 571776 571366 641374 507940 407360 536497 687066 541198 497013 596670
#pred catch bio
 241884 265959 295381 291266 318702 274243 284650 270139 230209 244909 224275 201811 171177 161408 152311 139054 135225 126007 118383 119404 101366 103681 101022 98323.8 93530.1 91183.2 86054.5 95304.4 90496.8 88334.3 92109 85972 92872 91287.1 89121.9 84209.9 92948 88253.8 85914.3 81868.3 96889.1 96139 88598.1 89977.8 89731.6 89937.1 123999 83359 99578.8 76256.1 99961.1 106499 100226 112776 102099 68472.4 79230.3 114014 93645.1 115725 53187.7 73378.1 74090.1 79192.3 87377.6 96143.3 103998 110377 115241 118788 121294 123020 124187 124966 125478 125813 126030 126169 126259 126316 126353 126376 126390 126400 126406 126409 126412 126413 126414 126415 126415 126415 126415 126415 126416 126416 126416 126416 126416 126416 126416 126416 126416 126416 126416 126416 126416 126416 126416 126416 126416 126416 126416 126416 126416 126416 126416 126416 126416 126416 126416 126416 126416 126416 126416 126416 126416 126416 126416 126416 126416 126416 126416 126416 126416 126416 126416 126416 126416 126416 126416 126416 126416 126416 126416 126416 126416 126416 126416 126416 126416 126416 126416 126416 126416 126416 126416 126416 126416 126416 0 0 0 0 0 0 0 0 0 0 0 0 0 0 0 0 0 0 0 0 0 0 0 0 0
#obs catch bio
 224223 266586 297617 293812 324150 278404 290641 276266 235995 252639 230958 208520 176743 166776 156589 141940 136686 128113 120588 122040 103351 105030 102618 99761 94912.2 92589 87237.3 97577.9 92250 89850.1 93538.7 86846 93583.8 91413.5 88929.2 84212.3 93152.9 88447.5 86288.3 82498.2 97872.2 97220.2 89443 90758.2 90154.4 90056 126233 83479.7 100941 76334.7 100454 107145 100192 113217 103136 68578.4 79260.5 114863 93103.3 116026
#pred cpue bio
 3.66496e+006 3.32535e+006 2.98331e+006 2.63556e+006 2.32211e+006 2.00791e+006 1.76796e+006 1.53757e+006 1.34014e+006 1.20058e+006 1.05382e+006 934989 844084 789337 744813 706481 677536 647189 623028 604944 583160 579829 571690 564370 558652 557787 559730 568281 566200 567964 569081 561348 557478 546265 539558 537599 542672 538239 539637 545476 558740 556428 555110 562771 569149 575838 582684 549103 561661 555876 576417 568714 551408 540513 514599 500115 525331 537882 505133 489637 1.54626e+007 9.19557e+006 9.33647e+006 1.00329e+007 1.11325e+007 1.23179e+007 1.33964e+007 1.42921e+007 1.49951e+007 1.55271e+007 1.59199e+007 1.62055e+007 1.64112e+007 1.65587e+007 1.66644e+007 1.67402e+007 1.67949e+007 1.68346e+007 1.68635e+007 1.68847e+007 1.69004e+007 1.6912e+007 1.69207e+007 1.69273e+007 1.69322e+007 1.6936e+007 1.69388e+007 1.6941e+007 1.69426e+007 1.69439e+007 1.69449e+007 1.69456e+007 1.69462e+007 1.69466e+007 1.6947e+007 1.69472e+007 1.69474e+007 1.69476e+007 1.69477e+007 1.69478e+007 1.69479e+007 1.69479e+007 1.6948e+007 1.6948e+007 1.6948e+007 1.69481e+007 1.69481e+007 1.69481e+007 1.69481e+007 1.69481e+007 1.69481e+007 1.69481e+007 1.69481e+007 1.69481e+007 1.69481e+007 1.69481e+007 1.69481e+007 1.69481e+007 1.69481e+007 1.69481e+007 1.69481e+007 1.69481e+007 1.69481e+007 1.69481e+007 1.69481e+007 1.69481e+007 1.69481e+007 1.69481e+007 1.69481e+007 1.69481e+007 1.69481e+007 1.69481e+007 1.69481e+007 1.69481e+007 1.69481e+007 1.69481e+007 1.69481e+007 1.69481e+007 1.69481e+007 1.69481e+007 1.69481e+007 1.69481e+007 1.69481e+007 1.69481e+007 1.69481e+007 1.69481e+007 1.69481e+007 1.69481e+007 1.69481e+007 1.69481e+007 1.69481e+007 1.69481e+007 1.69481e+007 1.69481e+007 1.69481e+007 1.69481e+007 1.69481e+007 1.69481e+007 1.69481e+007 1.69481e+007 0 0 0 0 0 0 0 0 0 0 0 0 0 0 0 0 0 0 0 0 0 0 0 0 0
#obs cpue bio
 2.73691e+006 2.68974e+006 2.94056e+006 2.17316e+006 1.7766e+006 1.52188e+006 1.83404e+006 1.45473e+006 883203 1.09785e+006 727303 761910 563794 617600 810977 758390 858266 414427 511875 510786 362986 852767 538121 674186 534353 452291 433741 454668 458931 566285 694450 549842 693380 633921 628432 441573 435139 539773 560025 368708 594841 522893 633013 625761 598738 576915 377929 585162 445718 521712 725007 498231 638530 542324 428365 440238 587417 534523 812910 358895
#pred surv len freq
 0.00535624 0.00874527 0.0132485 0.0188605 0.0254326 0.0325725 0.0396235 0.045834 0.050643 0.0538671 0.0556661 0.056371 0.0563258 0.0558076 0.0550016 0.0540012 0.0528235 0.0514293 0.0497242 0.0475329 0.0445817 0.0405554 0.0352646 0.0288521 0.02188
 0.00562609 0.00909458 0.0136158 0.019151 0.0255672 0.0325521 0.0395642 0.0459343 0.0510877 0.0547214 0.0568267 0.0576045 0.0573673 0.0564625 0.0552026 0.0538051 0.0523622 0.0508393 0.0490883 0.0468586 0.0438267 0.0396837 0.0342954 0.0278686 0.020994
 0.00608372 0.00981185 0.0146386 0.0204863 0.027163 0.0342817 0.0412329 0.0473281 0.0520586 0.0552589 0.0570564 0.0577001 0.0574362 0.0564852 0.0550637 0.0533814 0.0515995 0.0497731 0.0478083 0.0454563 0.0423663 0.0382111 0.0328657 0.0265605 0.0198925
 0.00643116 0.0103946 0.0155474 0.0218129 0.0289738 0.0365779 0.0439093 0.0501596 0.0547341 0.0574588 0.0585457 0.0583954 0.0574115 0.0559103 0.0541085 0.0521461 0.0501089 0.0480231 0.0458187 0.0432921 0.0401276 0.0360141 0.0308291 0.0247936 0.0184758
 0.00671469 0.0108546 0.0162404 0.0227966 0.0303036 0.0382957 0.0460232 0.05262 0.0574143 0.0601514 0.0609827 0.0602988 0.0585638 0.0562151 0.0536063 0.0509739 0.04843 0.0459734 0.0434969 0.0407857 0.037543 0.0334858 0.0285062 0.0228089 0.0169151
 0.00709337 0.0114536 0.0171111 0.0239765 0.0318116 0.0401251 0.048134 0.0549369 0.0598355 0.0625593 0.0632458 0.062264 0.0600558 0.0570592 0.053674 0.0502251 0.0469247 0.0438469 0.0409177 0.0379276 0.0345803 0.0305987 0.0258737 0.020583 0.0151866
 0.00742861 0.0119854 0.0178866 0.0250305 0.0331603 0.0417574 0.0500024 0.0569566 0.0618983 0.0645568 0.0650854 0.0638691 0.0613499 0.0579501 0.0540518 0.0499842 0.0460008 0.0422487 0.0387374 0.0353265 0.0317642 0.0277917 0.0232902 0.0183949 0.0134921
 0.0078192 0.0126076 0.0187984 0.0262751 0.034756 0.0436834 0.0521842 0.0592656 0.064172 0.0666342 0.0668394 0.0652204 0.0622617 0.0584092 0.0540455 0.0494855 0.0449722 0.0406665 0.0366258 0.0327831 0.0289622 0.0249567 0.0206572 0.0161576 0.0117615
 0.00819341 0.0132052 0.0196772 0.0274808 0.0363123 0.0455775 0.0543518 0.0615855 0.0664814 0.0687593 0.0686266 0.0665575 0.0630868 0.0587064 0.0538309 0.0487866 0.043811 0.0390573 0.0345931 0.0303913 0.0263388 0.0222903 0.0181637 0.014027 0.0101084
 0.00837203 0.0135068 0.0201522 0.0281833 0.0372896 0.0468525 0.0559048 0.0633475 0.0683428 0.0705897 0.0702945 0.067945 0.0640994 0.0592799 0.0539349 0.0484204 0.0429935 0.0378182 0.0329723 0.0284522 0.0241864 0.020077 0.0160702 0.01222 0.00869509
 0.00867836 0.0139887 0.0208479 0.0291184 0.0384743 0.0482763 0.0575286 0.0650981 0.0701176 0.07227 0.0717629 0.0691001 0.0648648 0.0596097 0.0538128 0.0478561 0.0420162 0.0364701 0.0313079 0.0265433 0.0221326 0.0180101 0.0141411 0.0105671 0.00740697
 0.00896724 0.0144467 0.0215147 0.0300212 0.0396207 0.0496455 0.0590628 0.066704 0.0716819 0.0736835 0.0729388 0.0699783 0.0654072 0.0597932 0.0536275 0.0473053 0.0411179 0.035257 0.0298281 0.0248641 0.0203446 0.0162275 0.0124897 0.00915934 0.00631323
 0.00906205 0.0146227 0.0218194 0.0305114 0.0403475 0.0506318 0.0602832 0.0680797 0.0730973 0.075014 0.0740769 0.070848 0.0659659 0.0600258 0.053537 0.0469048 0.0404268 0.0343019 0.0286469 0.0235121 0.0188985 0.0147836 0.0111527 0.00802077 0.00542946
 0.00892129 0.0144208 0.0215677 0.0302437 0.0401189 0.0505116 0.0603444 0.0683835 0.0736735 0.0758437 0.0750877 0.0719281 0.0669917 0.060889 0.0541613 0.047248 0.0404751 0.0340632 0.0281476 0.0227977 0.0180353 0.0138563 0.0102534 0.00723178 0.00480482
 0.00879263 0.0142182 0.0212768 0.0298597 0.0396531 0.049999 0.0598489 0.0679937 0.0734857 0.0759348 0.0754904 0.0726172 0.0678874 0.0618751 0.055111 0.0480496 0.0410489 0.0343679 0.0281785 0.0225818 0.0176266 0.0133288 0.00968999 0.00670863 0.00437563
 0.00875649 0.0141492 0.0211543 0.0296589 0.0393521 0.04959 0.0593494 0.0674516 0.0729746 0.0755413 0.0752963 0.0726811 0.0682279 0.0624611 0.0558642 0.0488609 0.041803 0.034968 0.0285636 0.022734 0.0175685 0.0131142 0.00938958 0.00639243 0.00409748
 0.00888711 0.0143227 0.0213428 0.0298112 0.0394056 0.0494915 0.0590741 0.067012 0.0724174 0.0749387 0.0747348 0.0722486 0.0679983 0.0624779 0.0561274 0.0493231 0.0423783 0.0355525 0.0290613 0.0230789 0.0177367 0.0131233 0.00928624 0.00623432 0.00393529
 0.00907654 0.0146157 0.0217534 0.0303355 0.0400147 0.0501258 0.0596431 0.0674084 0.072547 0.0747558 0.0742628 0.071575 0.0672479 0.0617783 0.0555792 0.048981 0.0422439 0.0355805 0.029177 0.0232035 0.0178112 0.0131221 0.00921687 0.00612527 0.0038195
 0.00913966 0.0147271 0.021937 0.0306173 0.0404149 0.0506458 0.0602529 0.0680419 0.073111 0.07515 0.0744069 0.0714329 0.0668416 0.0611845 0.0549089 0.0483474 0.0417324 0.0352293 0.0289758 0.0231076 0.0177648 0.0130803 0.00915823 0.00605042 0.00374152
 0.00909963 0.0146731 0.0218771 0.0305686 0.0404022 0.0506977 0.0603952 0.0682896 0.0734583 0.0755629 0.074823 0.0717733 0.0670337 0.061187 0.0547277 0.0480348 0.0413672 0.034889 0.0287112 0.0229324 0.0176621 0.0130194 0.00911221 0.00600572 0.00369705
 0.00905498 0.01461 0.0218001 0.030489 0.0403367 0.0506649 0.060413 0.0683729 0.0736167 0.0757966 0.0751176 0.0720961 0.0673353 0.0614115 0.0548298 0.0479963 0.0412061 0.0346526 0.0284576 0.0227088 0.0174915 0.0129014 0.00903325 0.00595082 0.00365651
 0.00903213 0.0145489 0.0216655 0.0302378 0.0399339 0.0501073 0.0597467 0.067691 0.0730349 0.0754178 0.075003 0.0722544 0.0677265 0.0619608 0.0554446 0.0485872 0.0417058 0.035029 0.028714 0.0228717 0.0175934 0.0129674 0.00907706 0.00597825 0.00367086
 0.0090998 0.0146499 0.0217985 0.0303906 0.0400801 0.0502056 0.0597467 0.0675483 0.0727332 0.0749873 0.0745215 0.0718238 0.0674373 0.0618609 0.0555288 0.048806 0.0419886 0.0353084 0.0289444 0.0230358 0.0176967 0.0130265 0.00910872 0.00599433 0.00367816
 0.00914179 0.0147173 0.021898 0.0305266 0.0402519 0.0504037 0.0599486 0.0677172 0.0728236 0.0749579 0.0743522 0.07153 0.0670723 0.0615018 0.0552493 0.0486509 0.0419605 0.0353748 0.0290569 0.0231508 0.0177882 0.013087 0.00914287 0.0060109 0.00368488
 0.00921787 0.0148273 0.0220386 0.0306864 0.0404158 0.0505586 0.0600869 0.0678355 0.0729173 0.0750155 0.0743545 0.0714565 0.0669131 0.0612686 0.054978 0.0483918 0.0417596 0.035256 0.0290162 0.023164 0.0178255 0.0131254 0.0091711 0.00602728 0.00369247
 0.00923842 0.0148623 0.0220934 0.0307656 0.04052 0.0506815 0.060214 0.0679472 0.072996 0.0750527 0.0743517 0.0714201 0.066847 0.0611724 0.0548525 0.0482461 0.0416138 0.0351346 0.0289373 0.0231311 0.0178281 0.0131466 0.00919584 0.00604697 0.00370486
 0.00926012 0.0148915 0.0221266 0.0307965 0.0405427 0.0506938 0.0602193 0.0679531 0.0730089 0.0750735 0.0743752 0.071438 0.0668524 0.0611614 0.0548237 0.0482005 0.041556 0.035074 0.0288861 0.0230992 0.0178184 0.0131544 0.00921235 0.00606413 0.00371807
 0.00904247 0.0145814 0.0217407 0.0303771 0.0401455 0.0503675 0.0599912 0.0678269 0.0729749 0.0751195 0.0744919 0.0716171 0.0670814 0.061422 0.0550942 0.04846 0.0417888 0.0352724 0.0290497 0.0232326 0.0179275 0.0132432 0.00928247 0.00611612 0.00375335
 0.0087929 0.0142077 0.0212397 0.029772 0.0394845 0.0497191 0.0594348 0.0674391 0.0728095 0.0751891 0.074763 0.0720246 0.0675542 0.0619038 0.0555498 0.0488715 0.0421484 0.0355771 0.0293001 0.0234327 0.0180834 0.0133617 0.00936981 0.00617757 0.00379386
 0.00852852 0.0137912 0.0206395 0.0289729 0.0384971 0.0485906 0.0582575 0.0663452 0.0719453 0.0746766 0.0746658 0.0723337 0.0681972 0.0627702 0.0565222 0.0498496 0.043061 0.0363827 0.02998 0.0239837 0.0185123 0.0136815 0.00959669 0.00632965 0.00388923
 0.00840588 0.0135775 0.0202922 0.0284451 0.0377509 0.0476167 0.0570947 0.0650869 0.0707272 0.0736493 0.0739637 0.072048 0.0683578 0.0633406 0.0574093 0.0509278 0.0442018 0.0374785 0.0309572 0.0248029 0.0191619 0.0141692 0.0099426 0.00656006 0.00403232
 0.00897665 0.0143708 0.0212357 0.029384 0.0384863 0.0479706 0.0569661 0.064473 0.0697107 0.0723703 0.0725917 0.0707575 0.0673027 0.062629 0.0570856 0.0509687 0.0445289 0.0379841 0.0315324 0.0253599 0.0196441 0.0145509 0.0102215 0.00674872 0.00415034
 0.0094343 0.0151053 0.0223149 0.0308419 0.0402893 0.04998 0.0589225 0.0660355 0.070557 0.0723146 0.0716534 0.0691428 0.0653212 0.0605967 0.0552548 0.049496 0.0434727 0.0373213 0.0311865 0.0252327 0.0196427 0.0146046 0.0102865 0.00680375 0.00418906
 0.00936223 0.015076 0.0224332 0.031259 0.0411619 0.0514033 0.0608651 0.0683113 0.0728494 0.0742477 0.0728864 0.0694628 0.0647024 0.0592023 0.0533778 0.0474662 0.0415705 0.0357267 0.0299707 0.0243806 0.0190892 0.0142685 0.0100939 0.00669873 0.00413437
 0.00923438 0.0148722 0.0221403 0.0308845 0.0407531 0.0510646 0.0607572 0.0686124 0.0736806 0.0755929 0.0745571 0.071138 0.0660318 0.0599241 0.0533998 0.0468772 0.0405857 0.0346007 0.0289169 0.023527 0.0184754 0.0138709 0.00985971 0.00657225 0.00407124
 0.00923213 0.0148503 0.0220737 0.0307391 0.0404961 0.0506827 0.0602774 0.0681155 0.0732977 0.0754768 0.0748303 0.0718314 0.0670463 0.0610449 0.0543672 0.0474837 0.0407493 0.0343772 0.0284544 0.0229931 0.0179977 0.0135126 0.00962699 0.00643941 0.00400399
 0.00918566 0.0147805 0.0219782 0.0306165 0.0403422 0.0504874 0.0600256 0.0677967 0.0729219 0.0750911 0.0745225 0.071711 0.0672029 0.0614998 0.055046 0.0482322 0.0413918 0.0347871 0.0285979 0.0229241 0.0178151 0.0133097 0.00946156 0.00632978 0.00394286
 0.00935054 0.0150179 0.0222786 0.0309513 0.0406713 0.0507712 0.060233 0.0679064 0.0729186 0.0749655 0.0742793 0.0713815 0.0668506 0.0612073 0.0548832 0.0482213 0.0414918 0.0349133 0.0286651 0.0228883 0.0176859 0.0131331 0.00928865 0.00619364 0.00385277
 0.00950036 0.0152479 0.0225982 0.0313565 0.0411416 0.051268 0.0607008 0.0682807 0.0731417 0.0750039 0.0741328 0.0710801 0.0664447 0.0607581 0.0544549 0.0478689 0.041245 0.0347652 0.0285773 0.0228127 0.0175904 0.0130137 0.00916262 0.00608301 0.00377098
 0.00947912 0.015235 0.0226184 0.0314447 0.0413325 0.051579 0.0611179 0.0687554 0.0736024 0.0753758 0.0743575 0.0711287 0.0663214 0.0604965 0.054108 0.0474967 0.0409007 0.034483 0.0283657 0.0226576 0.0174685 0.0129067 0.00906476 0.00599842 0.00370569
 0.00931188 0.0149859 0.0222874 0.0310513 0.0409153 0.0511926 0.0608257 0.0686178 0.0736586 0.075626 0.0747568 0.071599 0.0667765 0.0608688 0.0543642 0.0476392 0.0409575 0.0344912 0.0283567 0.0226484 0.0174616 0.0128973 0.00904904 0.00597739 0.00368389
 0.00928737 0.0149472 0.0222314 0.030977 0.040825 0.0510941 0.0607342 0.0685554 0.0736507 0.0756939 0.0749081 0.0718204 0.0670334 0.061113 0.0545489 0.0477347 0.0409596 0.0344193 0.0282429 0.0225242 0.0173483 0.0128043 0.00897708 0.00592375 0.00364557
 0.00927535 0.0149264 0.022198 0.0309267 0.0407545 0.0510029 0.0606266 0.068442 0.0735481 0.0756219 0.0748868 0.0718644 0.0671457 0.0612806 0.0547432 0.047919 0.0411007 0.0344989 0.0282619 0.0224982 0.0172986 0.0127492 0.00892785 0.00588496 0.00361763
 0.00919322 0.0147981 0.0220151 0.0306855 0.0404582 0.0506628 0.0602646 0.0680895 0.0732422 0.0753982 0.0747726 0.0718748 0.067282 0.0615299 0.0550785 0.0483016 0.0414864 0.0348473 0.0285448 0.0227052 0.0174353 0.0128307 0.00897166 0.00590579 0.00362592
 0.00919878 0.0147948 0.0219874 0.030612 0.0403174 0.050443 0.0599715 0.0677484 0.0728916 0.0750804 0.0745246 0.0717236 0.0672429 0.0616057 0.0552596 0.0485659 0.0418015 0.0351751 0.0288495 0.0229601 0.0176282 0.0129629 0.00905377 0.00595209 0.00364954
 0.00927089 0.014897 0.0221125 0.0307418 0.0404251 0.0504987 0.0599489 0.0676309 0.0726784 0.0747899 0.0741935 0.0713991 0.0669717 0.0614232 0.0551838 0.0485965 0.0419221 0.0353575 0.0290596 0.0231653 0.017804 0.0130967 0.00914496 0.00600778 0.00368004
 0.00917076 0.0147671 0.0219768 0.0306406 0.0404003 0.0505729 0.0601093 0.06783 0.0728518 0.0748818 0.074176 0.0712786 0.0667821 0.0612127 0.0550003 0.0484758 0.0418811 0.0353934 0.0291539 0.023291 0.0179337 0.0132099 0.00923082 0.00606523 0.00371411
 0.00937602 0.0150881 0.0224367 0.0312523 0.0411651 0.0514756 0.0611108 0.0688598 0.0738084 0.0756451 0.0746319 0.071349 0.0664491 0.0605266 0.0540664 0.0474252 0.0408387 0.0344541 0.028372 0.0226831 0.0174883 0.0129002 0.00902563 0.00593551 0.00363621
 0.00907086 0.0146327 0.0218285 0.0305198 0.0403652 0.050686 0.0604229 0.0683689 0.0735979 0.0757629 0.0750696 0.072035 0.0672643 0.0613374 0.0547626 0.0479476 0.0411846 0.034661 0.0284924 0.022762 0.0175522 0.0129583 0.00907673 0.00597599 0.00366445
 0.00907284 0.0146118 0.0217537 0.0303511 0.0400683 0.0502541 0.0598922 0.0678181 0.0731261 0.0754598 0.0749905 0.0721901 0.0676196 0.0618241 0.055293 0.0484362 0.0415701 0.0349202 0.0286381 0.0228282 0.0175762 0.0129669 0.00908317 0.00598357 0.00367197
 0.00900515 0.0144863 0.021536 0.0299991 0.0395416 0.0495305 0.0589857 0.06679 0.0720827 0.0745361 0.0743228 0.0718846 0.0677248 0.0623175 0.0560874 0.0494037 0.0425751 0.0358496 0.0294211 0.0234395 0.0180253 0.0132818 0.00929562 0.00612129 0.00375685
 0.0091717 0.0147459 0.0219033 0.0304734 0.0400987 0.050115 0.0595086 0.0671409 0.0721603 0.0742864 0.0737667 0.0711182 0.0668925 0.0615685 0.0555333 0.0490923 0.042488 0.0359224 0.029574 0.0236052 0.0181637 0.0133797 0.00935724 0.0061572 0.0037769
 0.00933117 0.0150057 0.0222945 0.0310221 0.0408174 0.0509885 0.0604809 0.0681114 0.0729965 0.0748523 0.0739566 0.0708874 0.0662736 0.0606674 0.0545024 0.048088 0.0416295 0.0352678 0.0291217 0.0233151 0.0179841 0.0132672 0.00928406 0.0061088 0.00374589
 0.00938252 0.0150928 0.0224328 0.0312302 0.0411144 0.0513898 0.0609913 0.0687167 0.0736575 0.0755026 0.0745082 0.071246 0.0663628 0.0604549 0.0540158 0.0474115 0.0408795 0.0345571 0.0285286 0.0228706 0.0176792 0.0130714 0.00916359 0.00603653 0.00370364
 0.00945534 0.0152257 0.0226589 0.0315871 0.041633 0.0520779 0.0618196 0.0696187 0.0745447 0.0762859 0.0751141 0.0716202 0.0664684 0.0602727 0.0535513 0.0467047 0.0400072 0.0336215 0.0276337 0.0220971 0.0170689 0.0126281 0.00886461 0.00584815 0.0035925
 0.00923943 0.0149197 0.0222831 0.0311927 0.0412932 0.0518697 0.0618058 0.0698343 0.0749887 0.0769186 0.0758613 0.0723871 0.0671585 0.0608044 0.0538694 0.0467862 0.0398643 0.0333008 0.0272071 0.0216441 0.0166566 0.0122968 0.00862602 0.00569247 0.00349975
 0.00877073 0.0141719 0.0211892 0.0297141 0.0394439 0.0497457 0.0596044 0.0678375 0.0734994 0.0761729 0.0759606 0.0732801 0.0686711 0.0626955 0.0558871 0.0487127 0.0415443 0.0346519 0.0282154 0.0223471 0.0171197 0.0125897 0.00880697 0.00580269 0.00356546
 0.008622 0.0139116 0.0207626 0.0290578 0.038499 0.0484821 0.0580485 0.0660913 0.0717394 0.074626 0.0748589 0.0728057 0.0689059 0.0635965 0.0572989 0.0504121 0.0432983 0.0362677 0.0295699 0.0233922 0.0178683 0.0130917 0.00912481 0.00599393 0.00367508
 0.00867399 0.0140235 0.0209776 0.0294213 0.0390331 0.0491515 0.0587393 0.0666255 0.0719317 0.0743576 0.0741333 0.0717562 0.0677542 0.0625801 0.0565982 0.050103 0.043346 0.0365598 0.0299684 0.0237805 0.0181774 0.0133011 0.00924743 0.00605638 0.00370284
 0.00809102 0.0131823 0.0199116 0.0282366 0.0378866 0.048209 0.0581328 0.0664219 0.0721141 0.0748242 0.0747229 0.0723032 0.0681526 0.0628225 0.0567662 0.0503149 0.043693 0.0370644 0.0305826 0.0244165 0.0187491 0.0137543 0.00956773 0.00626006 0.00382019
#obs surv len freq
 0.0049718 0.00814423 0.0123886 0.0177184 0.0240066 0.0308862 0.0377294 0.0438113 0.0485809 0.0518386 0.0537056 0.0544705 0.0544552 0.0539578 0.0532374 0.0525056 0.0519048 0.0514682 0.0510566 0.0503012 0.0486201 0.045383 0.0402132 0.0332798 0.0253648
 0.0051919 0.00850288 0.0129302 0.0184853 0.0250321 0.0321823 0.0392742 0.0455422 0.0504021 0.0536361 0.0553639 0.0558824 0.0555278 0.0546145 0.0534211 0.0521815 0.0510655 0.0501389 0.0493008 0.0482233 0.0463638 0.0431203 0.0381205 0.0315043 0.0239923
 0.00541866 0.00887683 0.0135028 0.0193076 0.0261447 0.0335994 0.0409677 0.0474371 0.0523879 0.0555891 0.057166 0.0574307 0.0567346 0.0554055 0.0537341 0.0519679 0.0502958 0.0488124 0.0474579 0.045959 0.0438321 0.0405239 0.0356794 0.029409 0.0223597
 0.00566268 0.00927353 0.0141002 0.0201514 0.027271 0.0350224 0.0426657 0.0493456 0.0544061 0.0575965 0.0590406 0.0590615 0.0580281 0.0562859 0.0541403 0.0518503 0.0496163 0.0475527 0.0456368 0.0436523 0.0411878 0.0377558 0.0330341 0.0271102 0.0205523
 0.00588849 0.00964865 0.0146794 0.0209905 0.0284148 0.0364868 0.0444207 0.0513109 0.0564649 0.0596208 0.0609118 0.0606799 0.0593117 0.0571673 0.054563 0.0517659 0.0489846 0.0463481 0.0438638 0.0413694 0.0385283 0.0349301 0.0302982 0.0247065 0.0186455
 0.00612927 0.0100391 0.0152657 0.0218162 0.0295147 0.0378755 0.0460789 0.053178 0.0584435 0.0615919 0.0627529 0.06228 0.0605805 0.0580365 0.0549827 0.0516972 0.0483944 0.0452117 0.0421794 0.0391825 0.0359563 0.0321694 0.0275986 0.0223131 0.0167322
 0.0063789 0.0104482 0.0158872 0.0227003 0.0306978 0.0393639 0.0478332 0.0551105 0.0604339 0.0635131 0.0644924 0.063748 0.0617077 0.0587701 0.0552825 0.051532 0.0477397 0.0440502 0.0405115 0.0370482 0.0334598 0.0294904 0.0249719 0.0199746 0.014854
 0.00662432 0.0108522 0.0165043 0.0235839 0.0318893 0.040875 0.0496277 0.0570982 0.0624837 0.0654788 0.0662397 0.0651716 0.0627373 0.0593669 0.0554293 0.0512229 0.046971 0.04282 0.0388292 0.0349537 0.0310483 0.0269242 0.0224646 0.0177437 0.0130601
 0.00683293 0.0111942 0.0170247 0.0243271 0.0328915 0.0421514 0.0511584 0.0588213 0.064301 0.0672717 0.0678867 0.0665625 0.0637834 0.0600068 0.0556302 0.0509749 0.0462781 0.0416939 0.0372914 0.0330499 0.0288677 0.0246117 0.0202085 0.0157362 0.0114439
 0.00706027 0.0115667 0.0175903 0.0251312 0.0339668 0.0435025 0.0527473 0.060564 0.0660816 0.0689662 0.0693844 0.0677755 0.0646477 0.06048 0.0556886 0.0506118 0.0455009 0.0405215 0.0357554 0.0312035 0.0267997 0.0224544 0.0181283 0.0138994 0.00997212
 0.00725339 0.0118852 0.0180778 0.0258312 0.0349132 0.0447054 0.054179 0.0621527 0.0677217 0.0705381 0.0707754 0.0688943 0.0654304 0.0608892 0.0557098 0.0502463 0.0447608 0.0394282 0.0343425 0.029525 0.0249401 0.0205338 0.0162916 0.012288 0.00868695
 0.00742275 0.0121618 0.0184967 0.0264258 0.0357096 0.0457122 0.0553763 0.0634877 0.0691136 0.0718922 0.0719971 0.0698998 0.0661535 0.0612856 0.0557572 0.0499421 0.0441174 0.038469 0.0331028 0.0280578 0.0233236 0.0188745 0.0147145 0.0109119 0.00759448
 0.00753943 0.0123539 0.0187904 0.0268474 0.0362806 0.0464417 0.056253 0.0644767 0.070161 0.0729342 0.072969 0.0707407 0.0668086 0.0617089 0.055914 0.0498119 0.0436951 0.037765 0.0321445 0.0268917 0.02202 0.0175269 0.01343 0.00979059 0.00670485
 0.0076044 0.0124574 0.0189428 0.0270583 0.0365593 0.0467965 0.0566893 0.0649942 0.0707507 0.0735771 0.0736355 0.0713921 0.0673996 0.062191 0.0562403 0.0499415 0.0435982 0.0374278 0.0315732 0.0261167 0.0210974 0.0165364 0.012464 0.00893546 0.00602062
 0.00766346 0.0125467 0.0190646 0.0272111 0.0367384 0.0469974 0.0569091 0.0652331 0.0710124 0.0738677 0.07396 0.0717496 0.0677777 0.062563 0.0565671 0.0501767 0.0436965 0.0373533 0.0313081 0.025668 0.0205006 0.0158526 0.0117697 0.00830512 0.00550806
 0.00772308 0.0126369 0.0191877 0.027364 0.0369134 0.0471831 0.057092 0.0654007 0.0711564 0.0739887 0.0740687 0.0718629 0.0679118 0.0627244 0.0567464 0.0503478 0.0438206 0.037388 0.0312188 0.0254391 0.0201434 0.0154056 0.0112902 0.00785396 0.00513247
 0.00775624 0.0126874 0.0192574 0.027452 0.0370159 0.0472937 0.0572023 0.0655009 0.0712383 0.0740485 0.0741094 0.0718948 0.0679492 0.0627815 0.0568306 0.0504543 0.0439297 0.0374683 0.031235 0.0253641 0.0199692 0.0151488 0.0109882 0.00755267 0.00487166
 0.007807 0.012763 0.0193581 0.0275734 0.0371497 0.0474296 0.0573299 0.0656102 0.0713209 0.0740988 0.0741265 0.0718831 0.0679184 0.0627449 0.0568018 0.0504423 0.0439346 0.0374781 0.0312282 0.0253167 0.0198655 0.0149894 0.0107916 0.00734872 0.00468953
 0.00784489 0.0128209 0.0194381 0.0276743 0.0372667 0.0475543 0.0574505 0.0657135 0.0713953 0.0741378 0.0741302 0.0718577 0.0678736 0.0626909 0.0567483 0.0503974 0.0439025 0.0374568 0.0312079 0.0252828 0.019804 0.0148947 0.0106705 0.0072179 0.00456853
 0.0078717 0.0128622 0.0194961 0.027749 0.0373561 0.0476541 0.0575536 0.0658106 0.071476 0.074193 0.0741548 0.0718514 0.0678407 0.0626393 0.0566875 0.0503362 0.0438476 0.0374109 0.0311687 0.025243 0.0197547 0.0148301 0.0105915 0.00713257 0.00448836
 0.00789356 0.0128941 0.0195371 0.0277962 0.0374053 0.0477012 0.0575961 0.0658475 0.0715072 0.0742183 0.074173 0.0718608 0.0678398 0.0626275 0.0566659 0.050308 0.0438168 0.0373811 0.0311409 0.0252153 0.0197228 0.0147903 0.0105434 0.00707997 0.0044379
 0.0079005 0.0129045 0.0195511 0.027813 0.0374231 0.0477174 0.0576078 0.0658521 0.071504 0.0742093 0.0741627 0.0718542 0.0678397 0.062634 0.0566764 0.0503189 0.0438255 0.0373861 0.0311419 0.0252117 0.0197133 0.0147735 0.0105194 0.00705126 0.00440874
 0.0079061 0.0129097 0.0195518 0.0278033 0.0373973 0.0476727 0.0575466 0.065782 0.0714355 0.0741523 0.0741246 0.0718386 0.0678476 0.0626634 0.0567229 0.0503763 0.0438867 0.0374446 0.0311927 0.0252516 0.0197406 0.0147879 0.0105221 0.00704524 0.00439787
 0.00788508 0.0128745 0.0194968 0.0277229 0.0372871 0.0475318 0.0573802 0.0656024 0.071261 0.074004 0.0740216 0.0717943 0.0678664 0.0627407 0.0568468 0.0505308 0.0440547 0.0376109 0.0313449 0.0253813 0.0198434 0.0148627 0.0105713 0.00707338 0.00441097
 0.00788136 0.0128649 0.0194758 0.027683 0.0372206 0.0474337 0.0572507 0.0654481 0.0710944 0.0738411 0.0738798 0.0716902 0.0678133 0.0627457 0.0569094 0.0506423 0.0442006 0.0377736 0.0315073 0.0255292 0.0199672 0.0149582 0.0106385 0.00711607 0.00443504
 0.00788555 0.0128687 0.0194759 0.027674 0.0371957 0.0473864 0.0571764 0.0653464 0.070969 0.0737009 0.073738 0.0715625 0.0677155 0.0626909 0.0569053 0.0506899 0.0442935 0.0378991 0.0316491 0.0256707 0.0200945 0.0150621 0.0107157 0.00716807 0.00446655
 0.00785034 0.0128138 0.0193976 0.0275706 0.0370677 0.047237 0.0570122 0.0651769 0.0708062 0.073557 0.0736235 0.0714855 0.0676816 0.0627035 0.0569652 0.050795 0.0444377 0.0380721 0.0318369 0.0258572 0.0202644 0.0152043 0.0108246 0.00724418 0.00451482
 0.00781063 0.0127487 0.0192989 0.027431 0.0368838 0.0470121 0.0567594 0.0649185 0.0705689 0.073365 0.0734931 0.0714235 0.0676869 0.06277 0.0570845 0.0509577 0.0446339 0.0382906 0.0320647 0.0260797 0.0204674 0.015376 0.0109585 0.00733981 0.00457701
 0.00779525 0.0127186 0.0192442 0.0273397 0.0367443 0.0468187 0.0565165 0.0646428 0.0702866 0.0731064 0.0732866 0.0712899 0.0676368 0.0628031 0.0571917 0.0511246 0.0448438 0.0385267 0.0323107 0.0263199 0.0206872 0.0155637 0.0111068 0.00744739 0.00464823
 0.00776365 0.0126687 0.0191716 0.0272406 0.0366154 0.0466574 0.0563224 0.0644196 0.0700444 0.0728627 0.0730646 0.0711151 0.0675315 0.062781 0.0572553 0.0512655 0.0450456 0.0387685 0.0325709 0.0265779 0.0209253 0.0157682 0.0112695 0.0075666 0.00472804
 0.00775011 0.012645 0.0191329 0.0271814 0.0365312 0.0465463 0.0561868 0.0642657 0.0698806 0.0726971 0.0729051 0.0709708 0.0674144 0.0627059 0.057236 0.0513104 0.045154 0.0389305 0.0327691 0.0267915 0.0211336 0.015954 0.0114215 0.00768038 0.00480562
 0.00934695 0.0148804 0.0218312 0.0299566 0.0388995 0.0481054 0.0567574 0.0639187 0.0688534 0.0712724 0.0713214 0.0693893 0.0659278 0.0613616 0.0560569 0.0503068 0.0443289 0.0382797 0.0322801 0.0264442 0.0209024 0.0158112 0.0113408 0.00763936 0.00478739
 0.00932237 0.0151381 0.0227437 0.0319868 0.0423992 0.0530436 0.0625476 0.0695144 0.0731203 0.0734357 0.0712207 0.0674205 0.0627669 0.0576745 0.0523343 0.0468387 0.0412555 0.0356531 0.0301071 0.0247074 0.0195678 0.0148318 0.0106597 0.00719418 0.00451623
 0.00896674 0.014577 0.0219531 0.0310138 0.0414173 0.0523912 0.0626893 0.070877 0.0758414 0.0771751 0.0752007 0.0707223 0.0647144 0.0580687 0.0514247 0.0451098 0.0391951 0.0336185 0.0283017 0.0232166 0.0184058 0.0139742 0.0100624 0.00680415 0.00427923
 0.00878378 0.0142681 0.0214678 0.0303012 0.0404456 0.0511817 0.0613606 0.0696736 0.0751141 0.0772845 0.0763592 0.0728441 0.0673805 0.0606633 0.053384 0.0461362 0.0393173 0.0330932 0.0274528 0.0223108 0.0176054 0.0133472 0.00961467 0.00650972 0.00410067
 0.00873581 0.0141799 0.0213153 0.0300524 0.0400644 0.050637 0.0606397 0.0688011 0.0741724 0.0764284 0.0758058 0.0728192 0.068022 0.0619249 0.0550097 0.0477441 0.0405559 0.0337777 0.0276027 0.0220872 0.0172074 0.0129329 0.00927189 0.00626578 0.00394654
 0.00871547 0.0141477 0.0212675 0.0299838 0.0399657 0.0504928 0.0604282 0.0684981 0.0737618 0.0759185 0.0752475 0.0723157 0.0677162 0.0619539 0.0554379 0.0485109 0.0414796 0.0346273 0.0281974 0.0223626 0.0172138 0.0127811 0.00907117 0.0060871 0.00381816
 0.00868331 0.0140991 0.0212013 0.0299012 0.03987 0.0503872 0.0603145 0.0683739 0.0736186 0.0757432 0.0750285 0.0720567 0.0674502 0.0617481 0.0553774 0.0486601 0.0418407 0.0351248 0.0287048 0.0227606 0.0174405 0.0128458 0.00902959 0.0060031 0.00373681
 0.00868388 0.0140941 0.0211828 0.0298591 0.0397951 0.0502765 0.0601745 0.0682201 0.0734689 0.07561 0.0749137 0.0719525 0.0673477 0.06165 0.0553062 0.048655 0.0419389 0.035335 0.0289934 0.0230613 0.0176859 0.0129977 0.00908988 0.00600095 0.00370717
 0.00866902 0.0140734 0.0211578 0.0298322 0.0397676 0.0502462 0.0601349 0.0681627 0.0733889 0.07551 0.0748042 0.0718469 0.0672562 0.0615775 0.0552556 0.0486339 0.0419616 0.0354154 0.0291319 0.0232373 0.017863 0.0131404 0.00917954 0.00604053 0.00371326
 0.00866688 0.0140693 0.0211506 0.0298209 0.0397521 0.0502278 0.0601159 0.0681454 0.0733728 0.0754909 0.0747755 0.0718038 0.0671992 0.0615124 0.0551924 0.0485836 0.041935 0.0354223 0.0291774 0.0233168 0.017961 0.0132354 0.00925343 0.00608572 0.00373326
 0.00864544 0.0140374 0.021108 0.0297694 0.0396948 0.0501685 0.0600586 0.0680942 0.0733319 0.0754638 0.0747635 0.0718047 0.0672079 0.0615231 0.0552014 0.0485915 0.041947 0.0354453 0.0292174 0.0233752 0.0180324 0.013309 0.00931715 0.00613185 0.00376063
 0.00861536 0.0139876 0.021032 0.0296616 0.0395529 0.0499972 0.0598714 0.0679124 0.0731796 0.0753607 0.07472 0.0718203 0.0672735 0.0616245 0.0553229 0.0487194 0.0420718 0.0355632 0.0293284 0.0234805 0.0181314 0.0133981 0.00939127 0.00618717 0.00379689
 0.00863041 0.0140116 0.0210668 0.0297074 0.0396071 0.0500526 0.0599165 0.0679338 0.0731667 0.0753113 0.0746417 0.0717282 0.0671846 0.0615516 0.0552723 0.0486911 0.0420622 0.0355676 0.0293434 0.0235041 0.0181615 0.0134316 0.00942393 0.0062149 0.00381722
 0.00860825 0.01398 0.0210276 0.0296652 0.0395685 0.0500238 0.0599016 0.0679329 0.0731759 0.0753233 0.0746486 0.0717248 0.0671705 0.0615324 0.055256 0.0486849 0.0420694 0.0355877 0.0293733 0.0235399 0.0181996 0.0134689 0.00945744 0.00624227 0.00383726
 0.00861062 0.0139798 0.0210199 0.029644 0.0395286 0.0499651 0.0598309 0.0678633 0.0731218 0.0752945 0.0746466 0.0717431 0.0671987 0.0615607 0.0552796 0.0487039 0.0420875 0.0356089 0.0293996 0.0235708 0.0182329 0.0135015 0.00948664 0.00626607 0.00385478
 0.00861062 0.0139798 0.0210199 0.029644 0.0395286 0.0499651 0.0598309 0.0678633 0.0731218 0.0752945 0.0746466 0.0717431 0.0671987 0.0615607 0.0552796 0.0487039 0.0420875 0.0356089 0.0293996 0.0235708 0.0182329 0.0135015 0.00948664 0.00626607 0.00385478
 0.00883595 0.0143377 0.0215407 0.0303443 0.0404017 0.0509684 0.0608789 0.0688348 0.0738873 0.0757528 0.0747516 0.0715085 0.0666839 0.0608484 0.0544563 0.0478477 0.0412612 0.0348581 0.028753 0.0230418 0.0178222 0.0132 0.00927847 0.00613177 0.00377442
 0.00856958 0.01394 0.0210098 0.0297069 0.039712 0.0503019 0.060323 0.0684746 0.0737843 0.0759232 0.0751574 0.0720693 0.067303 0.0614411 0.0549667 0.0482515 0.0415597 0.0350678 0.028896 0.0231393 0.0178902 0.0132489 0.00931425 0.00615749 0.00379201
 0.00865423 0.0140415 0.021097 0.0297314 0.0396249 0.0500794 0.0599855 0.0680867 0.0734342 0.0756909 0.0750892 0.0721669 0.0675292 0.0617353 0.0552649 0.0485034 0.0417382 0.0351697 0.0289352 0.0231372 0.0178678 0.0132219 0.00929127 0.0061416 0.0037827
 0.00853929 0.0138736 0.0208778 0.0294706 0.039332 0.0497544 0.0596174 0.0676651 0.0729695 0.0752301 0.0747117 0.0719592 0.0675498 0.0619903 0.0557065 0.04905 0.0423026 0.0356832 0.0293586 0.0234599 0.0180987 0.013379 0.00939373 0.00620581 0.00382116
 0.00871285 0.0141324 0.0212239 0.0298902 0.0397988 0.0502344 0.0600708 0.0680445 0.0732202 0.0752993 0.0745673 0.0716101 0.0670533 0.0614386 0.0551945 0.0486432 0.0420212 0.0355084 0.0292534 0.0233897 0.0180424 0.0133291 0.00935089 0.00617245 0.00379812
 0.00888949 0.0144317 0.021694 0.030576 0.0407231 0.0513726 0.0613327 0.0692814 0.0742602 0.0759963 0.0748364 0.0714373 0.0664863 0.0605708 0.0541476 0.0475461 0.0409855 0.0346086 0.0285205 0.0228198 0.0176134 0.013015 0.00912867 0.00602275 0.0037037
 0.00882998 0.0143556 0.0216194 0.0305373 0.040768 0.0515526 0.0616889 0.0698281 0.0749696 0.0767911 0.0756004 0.0720437 0.0668339 0.0606118 0.0538965 0.0470693 0.0403787 0.0339701 0.0279291 0.0223224 0.0172258 0.0127309 0.00893126 0.00589261 0.00362291
 0.00899423 0.0146011 0.0219495 0.030942 0.041229 0.0520506 0.0622094 0.0703606 0.0755036 0.0773094 0.076072 0.0724207 0.0670568 0.0606243 0.0536661 0.0466032 0.0397272 0.0332145 0.0271603 0.0216183 0.0166369 0.0122769 0.00860665 0.00567689 0.00348982
 0.00892497 0.0145102 0.0218523 0.0308652 0.0412018 0.0520929 0.062323 0.070532 0.0757155 0.0775528 0.0763485 0.0727325 0.0673912 0.0609448 0.0539175 0.04673 0.039696 0.0330284 0.0268579 0.0212595 0.0162822 0.0119708 0.0083709 0.00551288 0.00338608
 0.00864301 0.0140514 0.0211651 0.0299124 0.0399811 0.0506627 0.060818 0.0691493 0.0746654 0.0769948 0.0763484 0.0732583 0.0683395 0.0621753 0.0552788 0.0480784 0.0409109 0.0340276 0.0276068 0.0217695 0.0165969 0.0121468 0.00846045 0.00555478 0.00340443
 0.00867077 0.0140613 0.021114 0.0297363 0.0396091 0.0500419 0.0599403 0.0680681 0.0734952 0.0758938 0.075485 0.0727709 0.0683007 0.0625751 0.0560334 0.0490567 0.0419679 0.035033 0.0284665 0.0224353 0.0170652 0.0124462 0.00863498 0.0056479 0.00345024
 0.00895167 0.0145106 0.0217716 0.0306216 0.0407018 0.0512599 0.0611283 0.0690178 0.0740018 0.0758289 0.0748484 0.071693 0.0669978 0.0612804 0.0549332 0.0482521 0.0414697 0.0347846 0.0283793 0.0224238 0.0170688 0.0124364 0.00860808 0.00561296 0.00341759
 0.00890411 0.0144685 0.021774 0.0307277 0.040977 0.0517503 0.0618349 0.0698803 0.0749007 0.0766065 0.0753468 0.0718008 0.0666899 0.060631 0.054092 0.0473927 0.0407337 0.0342464 0.0280428 0.0222444 0.0169857 0.012398 0.00858372 0.00559099 0.00339731
#pred catch len freq
 0.00595297 0.00930744 0.013352 0.0178889 0.0227754 0.0279229 0.03321 0.0384271 0.0433124 0.0476298 0.0512162 0.0539896 0.0559436 0.057133 0.0576454 0.0575681 0.0569672 0.0558742 0.0542621 0.052002 0.0488398 0.04446 0.0386732 0.0316461 0.0240007
 0.00632526 0.00981438 0.0139389 0.018459 0.0232368 0.0282512 0.0334857 0.0388082 0.04395 0.0485737 0.05237 0.0551422 0.0568557 0.0576295 0.0576702 0.0571855 0.0563151 0.055095 0.0534414 0.0511459 0.0479028 0.043405 0.0375244 0.0304976 0.0229763
 0.00691027 0.0106998 0.0151441 0.0199459 0.0249068 0.0299542 0.0350431 0.0400578 0.0448065 0.0490712 0.0526432 0.0553421 0.057051 0.0577641 0.0576046 0.0567868 0.055532 0.053973 0.052082 0.0496504 0.046341 0.0418261 0.0359878 0.0290886 0.0217876
 0.00736444 0.0114191 0.0161913 0.0213666 0.0267194 0.0321339 0.0374979 0.042613 0.0472181 0.0510766 0.0540368 0.0560407 0.0571093 0.0573235 0.0568056 0.0557031 0.0541685 0.0523148 0.0501473 0.0475087 0.0440997 0.0396083 0.0339183 0.0272827 0.0203324
 0.00779775 0.012088 0.0171349 0.022606 0.028266 0.0339964 0.0396761 0.0450755 0.0498711 0.0537439 0.056468 0.0579583 0.0582837 0.057642 0.0562953 0.0544937 0.0524206 0.0501643 0.0476948 0.0448467 0.0413428 0.0369032 0.0314272 0.0251506 0.0186533
 0.00827751 0.0128208 0.0181515 0.023908 0.029834 0.035802 0.0416885 0.0472586 0.0521764 0.0560992 0.0587633 0.0600337 0.0599351 0.0586563 0.056508 0.0538397 0.0509496 0.0480127 0.0450402 0.0418747 0.0382411 0.0338662 0.0286483 0.0227947 0.0168199
 0.00877883 0.0135843 0.0192056 0.0252476 0.0314277 0.0376038 0.0436436 0.0493036 0.05424 0.0581074 0.0606432 0.0617099 0.0613178 0.0596309 0.0569395 0.0536003 0.0499602 0.0462787 0.0426606 0.039027 0.0351523 0.0307837 0.0258089 0.0203885 0.0149558
 0.00932923 0.0144259 0.0203738 0.0267415 0.0332152 0.0396301 0.0458337 0.051561 0.0564503 0.0601519 0.0624157 0.0631292 0.0623292 0.0601968 0.0570225 0.0531518 0.0489264 0.0446262 0.0404132 0.0362916 0.0321204 0.0277048 0.0229429 0.0179496 0.0130674
 0.00980597 0.015159 0.0213997 0.0280692 0.0348296 0.0414971 0.0478991 0.0537441 0.0586421 0.0622224 0.0642309 0.0645701 0.0633087 0.0606672 0.0569701 0.0525807 0.0478418 0.0430325 0.0383318 0.0337915 0.0293426 0.0248582 0.0202669 0.0156553 0.0112833
 0.010157 0.0157058 0.0221789 0.0291009 0.0361178 0.0430287 0.0496392 0.0556301 0.0605837 0.0641089 0.0659423 0.0659895 0.064335 0.0612267 0.0570238 0.0521222 0.0468882 0.0416138 0.0364911 0.0315991 0.0269155 0.0223669 0.0179132 0.0136252 0.00969634
 0.0105974 0.016374 0.0230969 0.0302612 0.037491 0.0445762 0.0513175 0.0573859 0.0623465 0.0657891 0.0674374 0.0671965 0.0651644 0.0616139 0.0569351 0.0515544 0.0458631 0.0401722 0.0346901 0.0295178 0.0246648 0.020094 0.015787 0.0118006 0.00827289
 0.010994 0.0169793 0.0239347 0.031328 0.0387604 0.0460051 0.0528499 0.0589534 0.0638716 0.0671925 0.0686453 0.0681437 0.0657952 0.0618837 0.0568144 0.0510328 0.0449508 0.0389002 0.0331098 0.0277034 0.022718 0.018143 0.0139733 0.0102508 0.0070667
 0.0110803 0.0171358 0.0242003 0.0317498 0.0393837 0.0468575 0.0539246 0.0602025 0.0652123 0.0685234 0.0698644 0.0691625 0.0665464 0.0623233 0.0569187 0.0507943 0.0443757 0.038009 0.0319409 0.0263179 0.0212029 0.0166081 0.012538 0.00902044 0.00610732
