SBPRF35
7.78865
Curr Bio
561744
B35
675120
F35
0.22644
FOFL
0.195712
OFL
87600.1
Bzero
2.22533e+06
#pred survey bio
 4.52736e+06 4.25631e+06 4.0071e+06 3.71378e+06 3.39947e+06 3.07193e+06 2.77252e+06 2.46866e+06 2.16778e+06 1.9096e+06 1.66799e+06 1.48583e+06 1.30326e+06 1.14027e+06 1.00593e+06 893272 806190 743900 708648 684376 661804 632635 628361 612516 615339 610009 594663 595391 588490 579925 581206 585685 586422 581887 571079 548467 541737 529881 531098 531377 543293 542615 543381 540897 545422 548532 550535 547819 556306 562281 571396 580549 572481 577128 560902 557253 565525 557139 542771 551230 572104 559145 541542 562173 2.05913e+07 1.25364e+07 1.28523e+07 1.34561e+07 1.41978e+07 1.49266e+07 1.5563e+07 1.60803e+07 1.64816e+07 1.67835e+07 1.70063e+07 1.71689e+07 1.72869e+07 1.73725e+07 1.74346e+07 1.748e+07 1.75132e+07 1.75377e+07 1.7556e+07 1.75696e+07 1.75798e+07 1.75875e+07 1.75933e+07 1.75978e+07 1.76012e+07 1.76038e+07 1.76058e+07 1.76073e+07 1.76085e+07 1.76094e+07 1.76101e+07 1.76106e+07 1.7611e+07 1.76113e+07 1.76116e+07 1.76118e+07 1.76119e+07 1.7612e+07 1.76121e+07 1.76122e+07 1.76123e+07 1.76123e+07 1.76123e+07 1.76124e+07 1.76124e+07 1.76124e+07 1.76124e+07 1.76124e+07 1.76124e+07 1.76124e+07 1.76124e+07 1.76124e+07 1.76124e+07 1.76124e+07 1.76124e+07 1.76124e+07 1.76124e+07 1.76124e+07 1.76124e+07 1.76124e+07 1.76124e+07 1.76124e+07 1.76124e+07 1.76124e+07 1.76124e+07 1.76124e+07 1.76124e+07 1.76124e+07 1.76124e+07 1.76124e+07 1.76124e+07 1.76124e+07 1.76124e+07 1.76124e+07 1.76124e+07 1.76124e+07 1.76124e+07 1.76124e+07 1.76124e+07 1.76124e+07 1.76124e+07 1.76124e+07 1.76124e+07 1.76124e+07 1.76124e+07 1.76124e+07 1.76124e+07 1.76124e+07 1.76124e+07 1.76124e+07 1.76124e+07 1.76124e+07 1.76124e+07 1.76124e+07 1.76124e+07 1.76124e+07 1.76124e+07 1.76124e+07 1.76124e+07 1.76124e+07 0 0 0 0 0 0 0 0 0 0 0 0 0 0 0 0 0 0 0 0 0 0 0 0 0
#obs survey bio
 3.94308e+06 3.04106e+06 3.75172e+06 3.091e+06 2.10461e+06 2.76842e+06 1.80942e+06 1.89748e+06 2.00341e+06 1.52679e+06 1.36996e+06 1.52319e+06 833764 755471 945990 732165 887582 663308 666832 732519 722573 535508 600024 824987 481342 494357 542445 737014 547171 509289 506213 531994 489146 557187 642073 508570 723960 619720 877434 691508 540512 500507 509883 565152 818034 662694 552411 477956 429216 643218 585852 546982 651652 496606 732063 625217 535468 596638 400043 619686 733803 586254 499699 509550
#pred catch bio
 91834.2 88250.3 152507 201416 247422 255891 291478 317250 302854 307320 269550 280859 270242 248232 229923 206130 181180 154342 142038 137438 139379 115936 124201 107310 113048 118668 101951 105688 105061 95897 92930.8 95197.8 96950.5 97657.2 102236 85819.3 91587.3 83275.7 85529.8 76060.1 87062.3 86183.8 89403.1 84111.1 86418.1 88794.6 94179.5 86365.8 90521.9 89400.6 90306.2 104527 93120.5 110076 98387.8 88174 101926 106102 86905.6 77622.9 106519 110718 81597.2 80896.5 87600.1 100924 102282 105796 110940 116189 120725 124304 126968 128868 130183 131072 131663 132049 132299 132459 132561 132626 132666 132692 132708 132718 132724 132728 132731 132732 132733 132734 132734 132734 132734 132734 132734 132734 132734 132734 132734 132734 132734 132734 132734 132734 132734 132734 132734 132734 132734 132734 132734 132734 132734 132734 132734 132734 132734 132734 132734 132734 132734 132734 132734 132734 132734 132734 132734 132734 132734 132734 132734 132734 132734 132734 132734 132734 132734 132734 132734 132734 132734 132734 132734 132734 132734 132734 132734 132734 132734 132734 132734 132734 132734 132734 132734 132734 132734 132734 132734 132734 132734 132734 0 0 0 0 0 0 0 0 0 0 0 0 0 0 0 0 0 0 0 0 0 0 0 0 0
#obs catch bio
 0 87972.1 153102 202311 249650 258830 296391 323164 308911 314775 275036 287632 278711 255319 236637 212633 186336 156929 144307 139290 141392 117134 125809 108039 114701 120150 102724 105873 105237 96493.2 93393.3 95991.8 98120.5 98033.2 102484 85689.3 91201 82692.4 84731.2 75121.1 85862.4 85295.4 88775.2 83451.3 85591.5 88078 93978.4 86100.7 90471.6 89474.8 90029.6 104790 92610.9 110117 98193.9 87767.7 101458 106091 86782.9 77130 105895 110655 81307.9 80860.4
#pred cpue bio
 4.4462e+06 4.17834e+06 3.93139e+06 3.63929e+06 3.32643e+06 3.00029e+06 2.70235e+06 2.40069e+06 2.1024e+06 1.84658e+06 1.60751e+06 1.42714e+06 1.24697e+06 1.08661e+06 954864 844683 760056 700275 666787 643784 622495 594751 590848 575705 578588 573867 559708 561220 555172 546974 548174 552642 553792 550369 541226 520378 513721 500864 501053 501461 513404 512785 513285 510687 514919 517683 519204 516177 524021 529469 538168 547124 539514 544122 528437 524947 533120 525093 511053 519120 539478 526883 509016 527907 1.93581e+07 1.18016e+07 1.20494e+07 1.25532e+07 1.32573e+07 1.39774e+07 1.46122e+07 1.51291e+07 1.55303e+07 1.58323e+07 1.60551e+07 1.62177e+07 1.63357e+07 1.64213e+07 1.64834e+07 1.65287e+07 1.6562e+07 1.65865e+07 1.66047e+07 1.66183e+07 1.66286e+07 1.66363e+07 1.66421e+07 1.66466e+07 1.665e+07 1.66526e+07 1.66546e+07 1.66561e+07 1.66573e+07 1.66582e+07 1.66589e+07 1.66594e+07 1.66598e+07 1.66601e+07 1.66604e+07 1.66606e+07 1.66607e+07 1.66608e+07 1.66609e+07 1.6661e+07 1.6661e+07 1.66611e+07 1.66611e+07 1.66611e+07 1.66612e+07 1.66612e+07 1.66612e+07 1.66612e+07 1.66612e+07 1.66612e+07 1.66612e+07 1.66612e+07 1.66612e+07 1.66612e+07 1.66612e+07 1.66612e+07 1.66612e+07 1.66612e+07 1.66612e+07 1.66612e+07 1.66612e+07 1.66612e+07 1.66612e+07 1.66612e+07 1.66612e+07 1.66612e+07 1.66612e+07 1.66612e+07 1.66612e+07 1.66612e+07 1.66612e+07 1.66612e+07 1.66612e+07 1.66612e+07 1.66612e+07 1.66612e+07 1.66612e+07 1.66612e+07 1.66612e+07 1.66612e+07 1.66612e+07 1.66612e+07 1.66612e+07 1.66612e+07 1.66612e+07 1.66612e+07 1.66612e+07 1.66612e+07 1.66612e+07 1.66612e+07 1.66612e+07 1.66612e+07 1.66612e+07 1.66612e+07 1.66612e+07 1.66612e+07 1.66612e+07 1.66612e+07 1.66612e+07 1.66612e+07 0 0 0 0 0 0 0 0 0 0 0 0 0 0 0 0 0 0 0 0 0 0 0 0 0
#obs cpue bio
 6.25331e+06 2.82998e+06 4.83094e+06 3.05e+06 3.11561e+06 1.67295e+06 2.97777e+06 3.17646e+06 1.51571e+06 1.73879e+06 1.55338e+06 1.13373e+06 952433 1.30160e+06 695690 580128 500994 912005 553399 560320 509416 530158 585442 413075 415545 795981 552730 741523 590325 372134 624558 441880 444421 967146 607959 581478 639774 517048 483556 506747 792944 449348 510964 544424 468437 412625 380414 572640 631285 398386 684893 477714 665018 560048 433131 525680 699302 400276 666042 600456 585076 377876 521048 521929
#pred surv len freq
 0.00461778 0.00748694 0.0112537 0.0159079 0.0213635 0.0273875 0.0335612 0.0393669 0.0443703 0.0483574 0.0513377 0.0534578 0.0549113 0.0558791 0.0564879 0.0567877 0.0567539 0.0563024 0.0552933 0.0535064 0.0506286 0.0463224 0.0404135 0.0331177 0.0251272
 0.00494105 0.00793085 0.0117757 0.0164302 0.021811 0.0277381 0.0338718 0.0397463 0.044906 0.0490404 0.0520374 0.0539678 0.0550409 0.0555391 0.0557311 0.0557893 0.0557451 0.055485 0.0547677 0.0532457 0.0505098 0.0462003 0.0401949 0.0327951 0.0247596
 0.00509365 0.00821332 0.0122583 0.0171835 0.0228709 0.0290634 0.0353247 0.041127 0.0460344 0.0498331 0.0525214 0.054217 0.055091 0.0553504 0.055228 0.0549392 0.0546129 0.0542226 0.0535483 0.0521874 0.049639 0.045471 0.0395456 0.0321969 0.0242271
 0.00533347 0.00858151 0.0127763 0.0178682 0.0237441 0.0301584 0.0366742 0.042728 0.0478082 0.0516121 0.0540858 0.0553699 0.0557214 0.0554429 0.0548224 0.0540874 0.0533723 0.0526798 0.0518322 0.0504471 0.0480004 0.0440093 0.0382894 0.0311539 0.0234013
 0.005592 0.00899959 0.0134004 0.0187375 0.0248815 0.0315584 0.0382954 0.0444985 0.0496422 0.0534233 0.0557826 0.0568384 0.0568229 0.0560406 0.0548225 0.0534652 0.0521711 0.0509948 0.0497972 0.0482241 0.0457614 0.0419104 0.0364492 0.029644 0.0222469
 0.00581875 0.00937352 0.0139738 0.0195647 0.0260103 0.0330149 0.0400657 0.0465168 0.0517949 0.0555681 0.0577734 0.0585451 0.0581366 0.0568679 0.0550809 0.0530914 0.0511407 0.0493431 0.0476273 0.0457004 0.04309 0.0393091 0.0341118 0.0277075 0.0207731
 0.00603169 0.00971553 0.0144823 0.0202757 0.0269573 0.0342238 0.0415455 0.0482483 0.0537231 0.0576005 0.0597858 0.0603944 0.0596798 0.0579786 0.0556579 0.0530597 0.0504544 0.0479968 0.0456752 0.043271 0.0403832 0.0365688 0.0315802 0.0255737 0.0191366
 0.00628609 0.0101244 0.0150891 0.0211188 0.0280642 0.0356026 0.0431743 0.0500722 0.0556606 0.0595569 0.0616635 0.0620959 0.0611056 0.059028 0.0562343 0.0530788 0.049853 0.0467459 0.0437978 0.0408627 0.037622 0.0337003 0.028872 0.0232533 0.0173377
 0.00657906 0.0105954 0.0157885 0.0220911 0.029341 0.0371909 0.0450431 0.0521444 0.0578203 0.0616689 0.0635957 0.0637362 0.0623691 0.0598545 0.056578 0.0528985 0.0491096 0.0454113 0.0418778 0.0384249 0.0348169 0.0307572 0.0260602 0.0208166 0.0154308
 0.0068765 0.0110679 0.0164798 0.0230366 0.0305643 0.038697 0.046808 0.054107 0.0598836 0.0637107 0.0654846 0.0653478 0.0636005 0.0606327 0.0568602 0.0526626 0.0483434 0.0441086 0.0400501 0.0361268 0.0321725 0.027967 0.0233717 0.0184652 0.0135749
 0.00722652 0.0116244 0.0172942 0.0241483 0.0319942 0.040437 0.0488087 0.0562738 0.0620863 0.0658056 0.0673361 0.0668424 0.0646529 0.0611876 0.056891 0.0521663 0.0473322 0.042604 0.0380861 0.0337668 0.0295316 0.0252229 0.020746 0.0161724 0.0117626
 0.00746198 0.0120078 0.0178725 0.0249665 0.0330878 0.0418193 0.0504564 0.0581191 0.064023 0.0677055 0.0690684 0.06829 0.0657223 0.0618143 0.0570391 0.0518246 0.0465078 0.0413189 0.0363789 0.0317033 0.0272201 0.0228209 0.0184456 0.0141593 0.0101665
 0.00770545 0.0124082 0.0184841 0.0258432 0.0342732 0.0433301 0.0522641 0.0601401 0.0661262 0.0697335 0.0708633 0.0697154 0.0666796 0.0622503 0.0569433 0.0512191 0.0454344 0.0398292 0.0345336 0.0295799 0.0249258 0.020499 0.016263 0.0122733 0.00868296
 0.00797239 0.0128334 0.0191083 0.0267013 0.0353906 0.0447161 0.0539004 0.0619707 0.068054 0.0716281 0.0725771 0.0711048 0.067627 0.0626811 0.0568332 0.0505886 0.0443358 0.0383332 0.032721 0.0275425 0.0227735 0.0183634 0.0142876 0.0105873 0.00736856
 0.00822802 0.0132402 0.0197043 0.0275161 0.0364402 0.0459959 0.0553759 0.0635744 0.0696929 0.0731976 0.0739739 0.0722345 0.0684082 0.0630509 0.0567547 0.050057 0.0433792 0.0370076 0.0311036 0.0257275 0.0208703 0.0164947 0.012578 0.00914266 0.00625174
 0.0083257 0.0134236 0.0200256 0.0280384 0.0372224 0.047068 0.0567166 0.0651047 0.0712904 0.0747249 0.0753056 0.0732737 0.069092 0.0633474 0.0566568 0.0495764 0.0425436 0.0358613 0.0297088 0.0241651 0.0192383 0.0149023 0.011133 0.00793202 0.00532334
 0.00834779 0.0134641 0.0200975 0.0281628 0.037432 0.0474068 0.0572334 0.0658367 0.0722412 0.0758464 0.0764972 0.0744033 0.0700295 0.0639944 0.0569597 0.0495231 0.0421523 0.0351703 0.028772 0.0230519 0.0180338 0.0137017 0.0100302 0.00700265 0.00460916
 0.00851116 0.0136894 0.0203626 0.028424 0.0376391 0.0475271 0.0572721 0.0658408 0.0722863 0.0760103 0.0768312 0.0749097 0.070655 0.0646423 0.0575172 0.0498919 0.04227 0.0350166 0.0283651 0.0224403 0.017288 0.0129054 0.00926746 0.00634295 0.00409407
 0.00856324 0.0137741 0.020488 0.0285915 0.0378364 0.0477218 0.0574125 0.0658728 0.0721813 0.0757923 0.0765804 0.0747359 0.0706514 0.0648447 0.0578893 0.0503409 0.0426814 0.0352914 0.0284445 0.0223142 0.0169894 0.0124968 0.00882254 0.00592832 0.00375506
 0.00853741 0.0137373 0.0204426 0.0285441 0.0377971 0.0477013 0.0574177 0.0659008 0.0722162 0.0758087 0.0765569 0.0746735 0.0705833 0.0648268 0.0579721 0.0505395 0.0429623 0.035584 0.0286701 0.0224162 0.0169506 0.0123396 0.00859531 0.00568573 0.00354075
 0.00856946 0.0137785 0.0204847 0.0285737 0.0378 0.0476704 0.0573577 0.0658281 0.0721516 0.0757671 0.0765404 0.074672 0.0705836 0.064825 0.0579807 0.0505809 0.0430521 0.0357152 0.0288106 0.0225219 0.0169872 0.0122972 0.00849072 0.00555147 0.00340978
 0.00874532 0.0140416 0.0208377 0.0290017 0.0382723 0.0481449 0.0577862 0.0661627 0.0723541 0.0758189 0.0764468 0.0744582 0.0702841 0.0644751 0.0576126 0.0502251 0.0427361 0.035458 0.0286155 0.022375 0.0168648 0.012179 0.00836896 0.00543163 0.00330371
 0.00871788 0.0140019 0.0207866 0.0289422 0.0382078 0.048076 0.0577104 0.066076 0.0722558 0.0757155 0.0763533 0.0743934 0.0702643 0.0645069 0.0576916 0.0503382 0.0428676 0.0355941 0.0287452 0.0224883 0.0169515 0.0122315 0.00838617 0.00542067 0.00327708
 0.00879508 0.0141203 0.0209516 0.0291539 0.0384607 0.0483592 0.0580063 0.0663589 0.0724932 0.0758733 0.0764043 0.0743264 0.0700894 0.0642539 0.0574007 0.0500485 0.0426081 0.0353801 0.0285798 0.022366 0.0168624 0.0121643 0.00833173 0.00537417 0.00323774
 0.00861315 0.0138534 0.0206035 0.0287474 0.0380318 0.0479475 0.0576477 0.0660833 0.0723243 0.0758271 0.0764844 0.0745205 0.0703693 0.0645823 0.0577413 0.050374 0.0429034 0.0356393 0.0288017 0.0225502 0.0170081 0.0122715 0.00840301 0.00541515 0.00325658
 0.00845735 0.0136148 0.0202731 0.0283297 0.0375473 0.0474334 0.0571563 0.0656751 0.0720536 0.0757259 0.076554 0.0747352 0.0706886 0.0649631 0.0581446 0.0507686 0.0432665 0.0359576 0.0290696 0.0227675 0.0171774 0.0123966 0.00848902 0.0054689 0.00328623
 0.00839849 0.0135205 0.0201339 0.0281386 0.0373019 0.0471396 0.0568318 0.0653503 0.0717679 0.0755187 0.0764548 0.0747557 0.0708202 0.0651806 0.0584147 0.0510582 0.0435488 0.0362142 0.0292904 0.0229486 0.017319 0.0125017 0.00856216 0.00551584 0.00331343
 0.00840809 0.0135039 0.0200499 0.0279308 0.0369151 0.0465453 0.0560505 0.0644567 0.0708745 0.0747475 0.0759091 0.0745008 0.0708747 0.0655171 0.058969 0.051746 0.0442844 0.0369253 0.0299261 0.0234805 0.0177381 0.0128128 0.00877896 0.00565679 0.00339818
 0.00855701 0.0137267 0.0203469 0.0282824 0.0372786 0.0468551 0.0562251 0.0644164 0.0705707 0.0741903 0.0751764 0.0737189 0.0701794 0.0650137 0.0587092 0.0517253 0.0444553 0.0372185 0.0302708 0.0238193 0.018033 0.013046 0.0089481 0.00576962 0.00346727
 0.0086066 0.0138197 0.0205086 0.0285413 0.0376552 0.0473459 0.0567881 0.0649693 0.0710054 0.0744028 0.0750997 0.073348 0.0695772 0.0642948 0.0580051 0.0511457 0.0440613 0.0370171 0.030227 0.0238783 0.0181406 0.0131608 0.00904602 0.00584156 0.00351405
 0.00857167 0.0137614 0.0204198 0.0284188 0.0375058 0.0471926 0.0566708 0.0649339 0.0710831 0.0745879 0.0753427 0.0735706 0.0697044 0.0642872 0.0578751 0.0509495 0.0438726 0.0368958 0.0302 0.0239371 0.0182537 0.0132911 0.0091648 0.00593349 0.00357628
 0.00836155 0.0134569 0.02003 0.0279749 0.0370515 0.0467695 0.056309 0.064654 0.0709048 0.0745344 0.075433 0.0738039 0.070048 0.0646801 0.0582494 0.0512577 0.0441033 0.03707 0.0303513 0.0240905 0.0184151 0.0134502 0.00930518 0.00604331 0.00365241
 0.00803261 0.0129636 0.0193664 0.0271671 0.0361559 0.0458642 0.0554849 0.0640019 0.0704972 0.0744082 0.0755821 0.0741878 0.0706078 0.065351 0.0589661 0.0519582 0.0447379 0.0376105 0.0307943 0.0244493 0.0187071 0.013687 0.00949153 0.00618127 0.00374626
 0.00775121 0.0125204 0.0187278 0.0263168 0.0351038 0.0446578 0.0542175 0.0628079 0.0695267 0.0737882 0.075384 0.0744139 0.0711995 0.0662115 0.0599845 0.0530295 0.0457746 0.0385494 0.0315983 0.0251062 0.0192229 0.0140779 0.00977643 0.00637878 0.00387454
 0.00769674 0.0124065 0.0185097 0.0259374 0.0345079 0.0438158 0.0531483 0.061589 0.0682855 0.0726776 0.0745511 0.0739692 0.0711946 0.0666287 0.0607457 0.0540186 0.0468655 0.0396297 0.032584 0.0259465 0.0198976 0.0145901 0.0101443 0.00662778 0.00403225
 0.00837789 0.0133732 0.0197019 0.0272047 0.0356438 0.0446183 0.0534733 0.0613762 0.0675588 0.0715346 0.0731473 0.0724946 0.0698393 0.0655466 0.0600258 0.053675 0.0468475 0.0398458 0.0329312 0.026334 0.0202605 0.0148923 0.0103736 0.00678809 0.00413577
 0.00890627 0.0142097 0.0209109 0.0288088 0.0375944 0.0467632 0.0555445 0.0630288 0.0684674 0.0715083 0.0721981 0.0708238 0.067758 0.0633804 0.0580428 0.0520493 0.0456527 0.0390695 0.0325015 0.0261521 0.0202292 0.0149343 0.010438 0.00684781 0.00418057
 0.00881704 0.0141652 0.0210298 0.0292635 0.0385649 0.048361 0.0577396 0.0656164 0.0710944 0.0737511 0.0736684 0.0712719 0.067142 0.0618706 0.0559591 0.0497589 0.0434737 0.0372127 0.0310591 0.0251195 0.0195427 0.0145079 0.0101893 0.00671128 0.00411009
 0.00849766 0.0136743 0.0203516 0.0284233 0.0376485 0.0475292 0.0572207 0.0656571 0.0718663 0.0752522 0.0756794 0.0734044 0.0689637 0.0630482 0.0563545 0.0494447 0.0426729 0.0362008 0.0300733 0.0243079 0.0189583 0.014134 0.00997545 0.00660168 0.00405991
 0.00848125 0.0136103 0.0201871 0.0280889 0.0370802 0.0467052 0.0561972 0.0645846 0.0709712 0.0747817 0.0758215 0.0742084 0.0702977 0.0646255 0.0578283 0.0505306 0.0432391 0.0362851 0.0298299 0.023923 0.0185803 0.0138426 0.00978813 0.00649951 0.00401275
 0.00851969 0.013653 0.0202123 0.0280568 0.0369351 0.0463833 0.0556439 0.0637787 0.0699549 0.0736808 0.0748384 0.0735746 0.070195 0.0651082 0.0587889 0.0517332 0.0444089 0.0372091 0.0304183 0.0242067 0.0186591 0.0138239 0.00974679 0.00646984 0.00400051
 0.00858795 0.0137737 0.0204099 0.0283547 0.0373425 0.046878 0.0561587 0.0642047 0.0701673 0.0735818 0.0744007 0.0728667 0.0693733 0.0643713 0.0583064 0.0515796 0.0445393 0.037491 0.030702 0.0243906 0.0187172 0.0137886 0.00967108 0.00639573 0.00394749
 0.00858664 0.013777 0.0204259 0.0283973 0.0374315 0.0470358 0.0564027 0.0645348 0.0705525 0.0739535 0.0746641 0.0729323 0.0691982 0.0639877 0.0578177 0.0511203 0.0442173 0.0373444 0.0306949 0.0244473 0.0187685 0.0138007 0.0096464 0.00635441 0.00390849
 0.00863742 0.0138525 0.0205268 0.0285207 0.0375728 0.0471928 0.0565777 0.0647338 0.0707802 0.0742054 0.0749177 0.0731433 0.0693085 0.0639473 0.0576116 0.0507839 0.0438269 0.0369845 0.030422 0.0242723 0.0186668 0.0137373 0.00959666 0.00631003 0.00387117
 0.00870905 0.0139522 0.0206457 0.0286398 0.0376685 0.0472453 0.0565789 0.0646911 0.0707147 0.0741466 0.0748939 0.0731714 0.069384 0.0640418 0.0576823 0.0507935 0.0437626 0.0368648 0.0302846 0.0241528 0.0185824 0.0136856 0.00956558 0.00628862 0.00385433
 0.00879356 0.0140857 0.0208384 0.0288955 0.0379803 0.0475913 0.0569203 0.0649781 0.0709007 0.0742052 0.0748297 0.0730163 0.0691827 0.0638335 0.0574875 0.0506119 0.0435825 0.0366769 0.0300919 0.02397 0.0184262 0.0135658 0.00948189 0.00623396 0.00382012
 0.0087908 0.0140961 0.0208814 0.0289982 0.0381702 0.0478837 0.0573078 0.0654252 0.0713493 0.0745884 0.0750881 0.0731147 0.0691186 0.0636357 0.0572035 0.0502901 0.0432587 0.0363708 0.0298121 0.0237221 0.0182164 0.0133993 0.00935945 0.00615101 0.00376825
 0.00890645 0.0142641 0.0210983 0.0292507 0.0384428 0.0481687 0.0576096 0.0657547 0.0717093 0.0749594 0.0754253 0.0733584 0.0692154 0.0635582 0.05696 0.0499202 0.0428178 0.0359133 0.0293799 0.0233413 0.0179002 0.0131516 0.00917757 0.00602683 0.00369
 0.00888345 0.0142368 0.0210748 0.0292431 0.0384611 0.0482145 0.0576737 0.0658226 0.0717735 0.0750278 0.075518 0.0734919 0.0693856 0.0637354 0.0571002 0.0499856 0.0427931 0.0358088 0.0292232 0.0231644 0.01773 0.0130055 0.00906371 0.00594571 0.00363721
 0.00879371 0.0141109 0.0209229 0.0290885 0.0383353 0.0481483 0.0576872 0.0659195 0.0719397 0.0752355 0.075735 0.0736928 0.0695582 0.0638779 0.0572122 0.0500607 0.0428201 0.0357801 0.0291423 0.023047 0.0175984 0.0128806 0.00895965 0.00586829 0.00358538
 0.00870735 0.0139713 0.0207157 0.0288046 0.0379776 0.0477388 0.0572719 0.0655625 0.0717061 0.0751695 0.0758442 0.0739487 0.0699098 0.0642701 0.0575993 0.0504111 0.0431138 0.0360054 0.029295 0.0231319 0.0176288 0.012875 0.00893659 0.00584172 0.00356313
 0.00855324 0.0137433 0.0204139 0.0284425 0.0375765 0.0473207 0.0568555 0.0651678 0.071361 0.074913 0.0757199 0.0739898 0.0701233 0.0646308 0.0580567 0.0509048 0.0435892 0.0364228 0.0296322 0.023382 0.0177976 0.012977 0.00899035 0.00586533 0.00357082
 0.00865888 0.0138895 0.0205875 0.0286168 0.037721 0.0474139 0.0568939 0.0651621 0.0713245 0.0748504 0.0756275 0.0738649 0.0699761 0.064485 0.0579392 0.0508327 0.0435626 0.0364278 0.0296493 0.023395 0.0177977 0.0129638 0.00896847 0.00584135 0.00354997
 0.00858775 0.0137908 0.0204692 0.0284936 0.0376065 0.0473104 0.0567884 0.0650337 0.071161 0.0746622 0.0754474 0.0737337 0.0699234 0.0645197 0.0580521 0.0510052 0.0437735 0.0366551 0.0298708 0.0235909 0.0179545 0.0130766 0.00904091 0.00588241 0.00357017
 0.00864505 0.0138866 0.0206183 0.0287122 0.0379086 0.0477016 0.0572572 0.0655445 0.0716525 0.0750573 0.0756733 0.0737461 0.0697229 0.0641512 0.0575874 0.0505182 0.0433219 0.0362728 0.0295698 0.0233667 0.0177939 0.0129641 0.00896306 0.00582947 0.00353539
 0.00865594 0.0138933 0.0206091 0.0286717 0.0378255 0.0475785 0.0571175 0.0654295 0.0716073 0.0751113 0.0758249 0.0739603 0.0699442 0.0643249 0.0576802 0.0505273 0.0432697 0.036192 0.0294889 0.0233024 0.0177504 0.0129379 0.00894794 0.00582023 0.00352913
 0.0086101 0.0138159 0.0204871 0.0284903 0.0375707 0.0472424 0.0567056 0.0649678 0.0711454 0.0747171 0.0755698 0.0738973 0.0700875 0.064643 0.058106 0.0509834 0.043693 0.0365477 0.0297692 0.0235158 0.0179102 0.0130552 0.009031 0.00587558 0.0035631
 0.00869278 0.0139483 0.0206814 0.0287536 0.0378998 0.0476175 0.0570861 0.0652951 0.0713569 0.0747665 0.075445 0.0736271 0.0697328 0.0642751 0.0577832 0.0507341 0.0435157 0.0364229 0.0296756 0.0234398 0.0178475 0.013006 0.0089956 0.00585241 0.00354921
 0.00879813 0.0141169 0.02093 0.0290956 0.0383418 0.0481541 0.0576928 0.0659246 0.071941 0.0752265 0.075709 0.0736486 0.0695062 0.0638402 0.0572144 0.0501182 0.042927 0.0359084 0.0292532 0.0231076 0.0175948 0.0128207 0.00886601 0.0057672 0.00349717
 0.00870394 0.0139683 0.0207159 0.0288119 0.0379954 0.0477686 0.0573114 0.0656062 0.0717468 0.0752002 0.0758598 0.0739458 0.0698879 0.0642338 0.0575595 0.0503828 0.0431096 0.0360274 0.0293322 0.0231643 0.0176379 0.0128532 0.00888905 0.0057822 0.00350609
 0.00868113 0.0139059 0.0205757 0.0285444 0.0375544 0.0471338 0.056509 0.064715 0.0708841 0.0744942 0.0754189 0.0738335 0.0701089 0.0647343 0.0582436 0.0511405 0.0438452 0.0366778 0.0298692 0.0235861 0.0179562 0.013084 0.0090486 0.00588619 0.00356926
 0.00905766 0.0144806 0.0213679 0.0295388 0.0386961 0.0483261 0.0576171 0.0655828 0.0713712 0.0745206 0.0749942 0.0730538 0.0691231 0.0636979 0.0572796 0.0503188 0.0431845 0.0361622 0.02947 0.0232773 0.0177201 0.0129091 0.00892561 0.0058052 0.00351981
 0.00937825 0.0149953 0.0221285 0.0305839 0.0400367 0.0499255 0.0593717 0.0673203 0.0728755 0.0755798 0.0754533 0.0728531 0.0683117 0.0624186 0.0557295 0.0486991 0.041657 0.0348278 0.0283702 0.0224112 0.0170646 0.0124331 0.00859617 0.00559022 0.00338896
 0.00893488 0.0143648 0.0213487 0.0297525 0.0392907 0.0494042 0.0591818 0.0675147 0.073445 0.0764521 0.0764998 0.0739112 0.069221 0.0630616 0.0560596 0.048744 0.0414972 0.0345616 0.0280818 0.0221542 0.0168616 0.0122856 0.00849565 0.00552559 0.00334992
#obs surv len freq
 nan nan nan nan nan nan nan nan nan nan nan nan nan nan nan nan nan nan nan nan nan nan nan nan nan
 0.00447916 0.00733816 0.0111662 0.0159817 0.0216828 0.0279601 0.0342765 0.0400102 0.0446918 0.0481572 0.0505162 0.0520129 0.0529059 0.0534188 0.0537335 0.0539887 0.0542675 0.0545604 0.0546992 0.0542911 0.0527291 0.0493609 0.0438102 0.0362895 0.0276723
 0.00461387 0.00755737 0.0114962 0.0164463 0.0222979 0.0287244 0.0351634 0.0409644 0.0456365 0.0490083 0.0511981 0.0524698 0.053108 0.0533638 0.0534421 0.0534975 0.0536195 0.0537982 0.0538619 0.0534155 0.0518537 0.0485287 0.0430655 0.0356701 0.0271989
 0.00477615 0.00782374 0.0119018 0.017025 0.0230757 0.029708 0.0363288 0.0422525 0.0469596 0.0502652 0.0522898 0.0533104 0.053633 0.0535352 0.0532521 0.0529667 0.0527917 0.0527316 0.0526219 0.0520719 0.0504814 0.0472077 0.0418755 0.0346765 0.0264381
 0.00496911 0.00813875 0.0123784 0.0177014 0.0239813 0.030853 0.0376916 0.0437743 0.0485508 0.0518198 0.0536996 0.0544758 0.054469 0.0539765 0.0532584 0.052527 0.0519256 0.0514881 0.0510756 0.0503192 0.048637 0.0453985 0.0402268 0.0332909 0.0253733
 0.00517334 0.00847479 0.0128917 0.0184368 0.0249748 0.0321177 0.0392041 0.0454693 0.0503309 0.0535729 0.0553158 0.0558555 0.0555249 0.0546347 0.0534602 0.0522339 0.0511257 0.0502031 0.0493661 0.0482879 0.046426 0.043178 0.0381714 0.0315462 0.0240242
 0.00540709 0.00885553 0.0134663 0.0192499 0.0260611 0.0334895 0.0408373 0.0472982 0.052255 0.055475 0.0570796 0.0573764 0.0567139 0.0554181 0.0537778 0.0520385 0.0503872 0.0489177 0.0475711 0.0460744 0.043945 0.0406293 0.0357724 0.0294857 0.022418
 0.00563611 0.00923304 0.014044 0.0200793 0.027183 0.0349184 0.0425455 0.0492108 0.0542617 0.0574523 0.0589102 0.0589591 0.0579645 0.0562669 0.0541663 0.0519172 0.0497177 0.0476807 0.0457828 0.0438074 0.0413431 0.0379027 0.0331646 0.0272181 0.0206342
 0.00588317 0.00963433 0.0146476 0.0209305 0.0283171 0.036348 0.044247 0.0511173 0.0562707 0.0594429 0.0607616 0.0605638 0.0592344 0.057133 0.0545751 0.0518253 0.0490885 0.04649 0.0440344 0.0415574 0.0387216 0.035116 0.0304648 0.0248447 0.0187508
 0.00613146 0.0100433 0.0152728 0.0218259 0.029524 0.037877 0.046061 0.0531277 0.0583529 0.0614625 0.0625976 0.0621184 0.0604327 0.0579187 0.0549053 0.0516656 0.0484102 0.0452729 0.0422799 0.0393122 0.0361025 0.032318 0.0277363 0.0224295 0.0168217
 0.00637709 0.0104464 0.0158866 0.0227028 0.0307055 0.039378 0.0478527 0.0551304 0.0604453 0.0635043 0.0644529 0.0636735 0.0616034 0.0586505 0.0551666 0.0514385 0.047682 0.0440354 0.0405398 0.0371136 0.0335518 0.0295953 0.0250757 0.020066 0.014926
 0.00661649 0.0108384 0.0164817 0.0235498 0.0318421 0.0408162 0.0495629 0.0570362 0.0624337 0.0654461 0.0662233 0.0651638 0.0627278 0.0593478 0.0553997 0.0511896 0.0469464 0.0428169 0.038856 0.0350122 0.0311332 0.0270243 0.0225666 0.0178354 0.0131334
 0.00684284 0.0112122 0.0170548 0.0243737 0.0329567 0.0422327 0.0512475 0.0589051 0.0643655 0.0673076 0.0678914 0.0665389 0.0637365 0.0599409 0.0555485 0.0508815 0.0461808 0.0416036 0.0372198 0.0330054 0.0288527 0.0246219 0.0202353 0.0157693 0.011475
 0.00704499 0.0115449 0.0175633 0.0251028 0.0339427 0.0434894 0.0527513 0.0605887 0.0661257 0.0690233 0.0694436 0.0678254 0.0646795 0.0604898 0.055677 0.0505823 0.0454589 0.0404741 0.0357114 0.0311713 0.0267849 0.0224579 0.0181459 0.013924 0.00999693
 0.00727063 0.0119085 0.0181044 0.0258559 0.0349305 0.0447125 0.0541776 0.0621493 0.0677241 0.0705523 0.0708024 0.0689291 0.0654641 0.0609122 0.0557148 0.0502307 0.0447269 0.0393817 0.0342914 0.0294776 0.0249035 0.0205116 0.0162834 0.0122902 0.00869452
 0.00742237 0.0121656 0.0185102 0.0264559 0.0357613 0.0457849 0.055461 0.0635693 0.0691766 0.0719277 0.0720059 0.06989 0.0661344 0.061263 0.0557316 0.0499106 0.0440769 0.0384192 0.033047 0.0280017 0.0232737 0.0188356 0.0146886 0.0108978 0.00758887
 0.00753367 0.0123424 0.0187697 0.0268141 0.0362337 0.0463858 0.0561985 0.0644377 0.0701488 0.072952 0.0730101 0.0707931 0.0668613 0.0617553 0.0559526 0.0498424 0.0437171 0.0377774 0.0321468 0.0268859 0.0220097 0.0175165 0.0134227 0.00978748 0.00670514
 0.00757774 0.0124161 0.0188844 0.0269817 0.0364648 0.0466865 0.0565687 0.0648721 0.0706407 0.0734954 0.0735964 0.071403 0.0674579 0.0622851 0.0563541 0.0500597 0.0437095 0.0375252 0.0316534 0.0261791 0.0211438 0.0165699 0.0124881 0.00895307 0.00603347
 0.00765955 0.0125356 0.0190395 0.027163 0.0366595 0.0468848 0.0567682 0.0650776 0.0708606 0.0737378 0.0738668 0.0717026 0.0677814 0.062616 0.0566616 0.0502995 0.0438318 0.0374865 0.0314283 0.025769 0.0205806 0.0159129 0.0118132 0.00833531 0.00552822
 0.00770659 0.0126123 0.0191545 0.0273223 0.0368629 0.0471214 0.0570154 0.0653057 0.0710437 0.073866 0.0739504 0.0717669 0.0678538 0.0627142 0.0567857 0.0504303 0.0439342 0.0375176 0.0313492 0.0255583 0.0202437 0.0154843 0.0113481 0.00789398 0.00515851
 0.00775745 0.0126859 0.0192487 0.0274304 0.0369763 0.0472341 0.0571259 0.0654148 0.0711507 0.0739649 0.0740325 0.0718265 0.0678942 0.0627472 0.0568254 0.0504834 0.0439925 0.0375576 0.0313393 0.0254704 0.0200663 0.0152296 0.0110498 0.00759611 0.00489996
 0.00782373 0.0127885 0.0193928 0.0276159 0.0371959 0.0474728 0.0573608 0.0656193 0.0713016 0.0740503 0.074054 0.071796 0.0678273 0.0626595 0.0567306 0.050393 0.0439126 0.0374849 0.0312601 0.0253657 0.0199213 0.0150428 0.0108364 0.00738217 0.00471206
 0.00784884 0.0128307 0.0194589 0.0277123 0.0373273 0.0476382 0.0575514 0.0658175 0.0714842 0.0741943 0.0741431 0.0718244 0.0678003 0.0625903 0.0566359 0.0502883 0.0438092 0.0373876 0.0311663 0.0252669 0.0198077 0.0149099 0.0106895 0.00723533 0.00458176
 0.00786526 0.0128533 0.0194856 0.0277396 0.0373522 0.0476613 0.0575779 0.065856 0.071542 0.0742723 0.0742337 0.0719133 0.0678718 0.0626331 0.0566467 0.0502711 0.0437723 0.0373393 0.0311113 0.025205 0.019736 0.0148264 0.0105968 0.00714126 0.00449668
 0.00788831 0.012886 0.019526 0.0277824 0.0373898 0.0476862 0.057585 0.065845 0.071518 0.074246 0.0742176 0.0719172 0.0678978 0.0626747 0.0566917 0.0503074 0.0437924 0.0373412 0.0310969 0.0251769 0.0196958 0.0147758 0.0105388 0.00708142 0.00444167
 0.00789275 0.0128934 0.0195371 0.0277976 0.0374082 0.0477049 0.0575988 0.0658475 0.0715046 0.0742165 0.0741782 0.071879 0.0678732 0.0626722 0.0567125 0.0503452 0.0438362 0.0373801 0.0311231 0.0251871 0.01969 0.0147563 0.0105095 0.00704748 0.00440859
 0.00788035 0.0128687 0.0194919 0.0277225 0.0372961 0.0475561 0.0574244 0.0656685 0.0713458 0.0740987 0.0741132 0.0718688 0.0679137 0.0627564 0.0568319 0.0504894 0.0439926 0.0375346 0.0312623 0.025301 0.0197737 0.0148099 0.0105373 0.00705625 0.00440593
 0.00788887 0.0128763 0.0194916 0.0277033 0.0372454 0.0474634 0.0572861 0.0654906 0.0711448 0.073899 0.0739423 0.0717509 0.0678637 0.0627769 0.056915 0.0506204 0.0441538 0.0377077 0.0314306 0.0254505 0.0198949 0.0148987 0.0105953 0.00708902 0.00442097
 0.00789642 0.0128868 0.0195038 0.0277139 0.0372488 0.0474515 0.0572494 0.0654203 0.0710363 0.0737561 0.0737786 0.0715888 0.0677286 0.0626909 0.0568907 0.0506585 0.0442444 0.037834 0.0315729 0.0255905 0.0200182 0.0149966 0.0106651 0.00713334 0.0044456
 0.00787306 0.0128522 0.0194579 0.0276588 0.0371879 0.0473884 0.0571863 0.0653578 0.0709733 0.0736899 0.0737075 0.0715143 0.0676574 0.0626348 0.0568636 0.0506718 0.0443023 0.0379316 0.0316974 0.025725 0.0201459 0.0151051 0.0107478 0.00718991 0.00448014
 0.0078384 0.0127954 0.0193719 0.0275381 0.0370307 0.0472002 0.0569818 0.0651596 0.0708058 0.0735719 0.0736466 0.0715064 0.0676916 0.0626992 0.0569502 0.0507778 0.0444279 0.0380762 0.0318563 0.025888 0.0203004 0.0152389 0.0108532 0.00726509 0.00452848
 0.00780933 0.0127445 0.0192888 0.0274112 0.0368508 0.0469651 0.0567013 0.0648567 0.0705136 0.073326 0.0734767 0.0714301 0.067711 0.0628025 0.0571166 0.0509846 0.0446557 0.0383112 0.0320882 0.0261082 0.0204994 0.0154081 0.0109866 0.0073616 0.00459198
 0.00778239 0.0126984 0.0192153 0.0273009 0.0366949 0.0467585 0.0564464 0.0645657 0.070208 0.0730347 0.0732317 0.0712608 0.0676385 0.0628347 0.0572465 0.0511924 0.044915 0.0385947 0.0323729 0.0263762 0.0207378 0.0156079 0.0111432 0.00747508 0.00466734
 0.00777996 0.0126904 0.0191956 0.0272609 0.036625 0.0466508 0.0562975 0.0643781 0.0699905 0.0728016 0.0730018 0.0710567 0.067484 0.0627507 0.0572462 0.0512774 0.0450743 0.0388076 0.0326139 0.0266203 0.0209644 0.0158024 0.0112978 0.00758849 0.00474353
 0.00771969 0.0126004 0.0190747 0.0271129 0.0364567 0.0464694 0.056109 0.0641876 0.0698036 0.0726257 0.0728464 0.0709324 0.0674022 0.0627223 0.0572801 0.0513782 0.0452397 0.0390265 0.0328673 0.0268844 0.0212156 0.0160218 0.011474 0.00771839 0.00483109
 0.00930736 0.0148168 0.0217373 0.0298283 0.0387371 0.047916 0.0565566 0.0637283 0.0686961 0.0711645 0.0712691 0.06939 0.0659741 0.0614451 0.0561702 0.0504426 0.0444797 0.0384369 0.0324348 0.0265878 0.0210279 0.0159141 0.0114196 0.00769549 0.0048243
 0.00932211 0.0151341 0.0227312 0.0319587 0.0423478 0.0529631 0.0624372 0.0693798 0.0729739 0.0732943 0.071102 0.0673388 0.0627301 0.0576828 0.0523825 0.0469185 0.0413578 0.035769 0.0302281 0.024825 0.0196746 0.0149221 0.0107305 0.00724551 0.00455037
 0.0089553 0.0145602 0.021931 0.0309869 0.041386 0.0523541 0.0626433 0.0708178 0.0757664 0.0770859 0.0751046 0.0706312 0.0646424 0.0580274 0.0514206 0.0451428 0.0392597 0.0337059 0.0284017 0.0233194 0.0185027 0.0140584 0.0101299 0.0068539 0.00431273
 0.00877657 0.0142586 0.0214578 0.0302936 0.0404435 0.0511875 0.0613737 0.0696902 0.0751271 0.0772858 0.0763416 0.0728047 0.0673229 0.0605969 0.053322 0.0460913 0.0392973 0.0331002 0.0274829 0.0223568 0.0176586 0.0133995 0.00966015 0.00654518 0.00412556
 0.00871236 0.0141472 0.021276 0.0300128 0.0400324 0.0506199 0.0606418 0.0688225 0.074209 0.0764728 0.0758485 0.0728502 0.0680338 0.0619148 0.0549813 0.0477064 0.0405201 0.0337537 0.0275958 0.0220976 0.0172306 0.0129625 0.00930157 0.00629107 0.00396538
 0.00870303 0.0141267 0.0212347 0.0299366 0.0399041 0.0504208 0.0603556 0.0684387 0.0737286 0.0759191 0.0752806 0.0723719 0.0677812 0.0620139 0.0554833 0.0485382 0.0414917 0.0346312 0.0282009 0.0223715 0.0172298 0.0128024 0.0090939 0.0061076 0.00383413
 0.00868979 0.0141064 0.021206 0.0298983 0.0398533 0.0503524 0.0602606 0.0683053 0.0735447 0.0756765 0.0749818 0.0720387 0.0674628 0.0617856 0.0554286 0.0487129 0.0418862 0.0351594 0.02873 0.0227804 0.0174588 0.0128643 0.00904788 0.00601954 0.00374989
 0.00868552 0.0140984 0.0211922 0.0298761 0.0398208 0.0503087 0.0602064 0.0682417 0.0734709 0.0755877 0.07487 0.0718974 0.0672943 0.0616098 0.0552849 0.0486517 0.0419478 0.035349 0.0290071 0.0230728 0.0176957 0.013007 0.00909919 0.00600987 0.00371482
 0.00865556 0.0140535 0.0211316 0.0298016 0.0397361 0.0502185 0.0601156 0.0681554 0.073394 0.0755239 0.0748201 0.0718579 0.0672592 0.0615739 0.0552511 0.0486346 0.0419706 0.0354322 0.0291529 0.0232588 0.0178822 0.0131565 0.00919257 0.00605079 0.00372097
 0.00866327 0.0140625 0.0211387 0.029802 0.0397248 0.0501927 0.0600765 0.0681078 0.0733441 0.0754766 0.0747773 0.0718189 0.0672216 0.0615358 0.0552123 0.0485994 0.0419488 0.0354367 0.0291937 0.0233346 0.0179786 0.0132512 0.00926634 0.00609559 0.00374031
 0.0086383 0.0140264 0.0210925 0.029749 0.0396693 0.0501379 0.0600234 0.0680557 0.0732932 0.0754295 0.074739 0.0717947 0.0672143 0.0615441 0.0552322 0.0486265 0.0419815 0.0354771 0.029246 0.023401 0.0180552 0.0133284 0.00933278 0.0061435 0.00376866
 0.00863987 0.0140264 0.0210882 0.0297367 0.0396462 0.0501038 0.0599821 0.0680139 0.0732571 0.0754021 0.0747196 0.0717803 0.0672027 0.0615353 0.0552277 0.0486279 0.0419897 0.0354931 0.029271 0.0234356 0.0180981 0.0133751 0.00937657 0.00617862 0.00379242
 0.00862888 0.0140123 0.0210736 0.0297259 0.039643 0.0501093 0.0599931 0.0680241 0.0732601 0.075395 0.0747038 0.0717598 0.0671816 0.0615162 0.0552118 0.048616 0.0419829 0.0354927 0.0292782 0.023451 0.0181208 0.0134024 0.00940444 0.00620287 0.00381044
 0.00861857 0.0139928 0.0210395 0.0296715 0.0395653 0.0500109 0.0598845 0.0679216 0.0731808 0.0753498 0.0746944 0.0717804 0.0672233 0.0615704 0.0552722 0.048678 0.0420438 0.0355507 0.0293327 0.0235019 0.018168 0.0134449 0.00944092 0.00623184 0.00383127
 0.00861902 0.0139938 0.0210412 0.0296736 0.0395658 0.050006 0.0598688 0.0678903 0.0731329 0.0752904 0.0746341 0.0717313 0.0671937 0.0615628 0.0552836 0.0487027 0.0420759 0.0355861 0.0293686 0.0235368 0.0182009 0.013475 0.00946701 0.00625291 0.00384681
 0.00861902 0.0139938 0.0210412 0.0296736 0.0395658 0.050006 0.0598688 0.0678903 0.0731329 0.0752904 0.0746341 0.0717313 0.0671937 0.0615628 0.0552836 0.0487027 0.0420759 0.0355861 0.0293686 0.0235368 0.0182009 0.013475 0.00946701 0.00625291 0.00384681
 0.00851892 0.0138395 0.0208255 0.0293968 0.0392371 0.0496445 0.0595035 0.0675575 0.0728692 0.075124 0.0745787 0.0717852 0.0673438 0.0617885 0.0555608 0.0490062 0.0423821 0.0358755 0.0296274 0.0237571 0.0183798 0.0136136 0.00956891 0.00632351 0.00389244
 0.008636 0.0140116 0.0210501 0.0296586 0.039511 0.049901 0.0597137 0.0676972 0.0729214 0.0750828 0.0744509 0.07159 0.0671084 0.0615424 0.0553298 0.0488088 0.0422271 0.0357631 0.0295518 0.02371 0.0183531 0.0136003 0.00956394 0.00632312 0.00389406
 0.00854221 0.0138806 0.0208924 0.0294964 0.0393707 0.0498018 0.0596596 0.0676775 0.0729191 0.0750845 0.0744523 0.0715948 0.0671233 0.0615732 0.0553793 0.0488769 0.0423118 0.03586 0.0296547 0.0238112 0.0184453 0.013678 0.00962447 0.00636664 0.00392284
 0.00868135 0.0140866 0.0211651 0.0298237 0.0397331 0.050179 0.0600338 0.0680301 0.073225 0.07531 0.0745613 0.0715615 0.0669443 0.061271 0.0549962 0.0484621 0.0419091 0.0355007 0.0293559 0.0235779 0.0182734 0.0135586 0.00954626 0.00631861 0.00389537
 0.0085954 0.0139693 0.0210297 0.0296952 0.03964 0.0501418 0.0600564 0.0681014 0.0733291 0.0754351 0.0747013 0.0717094 0.0670854 0.0613842 0.0550621 0.0484733 0.0418732 0.0354361 0.0292834 0.0235133 0.0182249 0.0135273 0.00952906 0.00631083 0.00389281
 0.00857847 0.0139299 0.02095 0.0295556 0.0394291 0.0498691 0.0597592 0.0678381 0.0731578 0.0753904 0.074783 0.0718887 0.0673212 0.0616366 0.0552991 0.048672 0.0420212 0.0355324 0.0293367 0.0235379 0.0182348 0.0135321 0.00953344 0.00631571 0.00389753
 0.00864295 0.0140306 0.0210926 0.029739 0.0396417 0.0500859 0.0599437 0.0679513 0.0731742 0.0753119 0.0746401 0.0717261 0.0671771 0.0615294 0.0552264 0.0486193 0.0419722 0.035476 0.0292699 0.023465 0.0181639 0.0134711 0.00948693 0.00628421 0.00387851
 0.00871801 0.0141563 0.0212876 0.0300209 0.0400204 0.050554 0.0604679 0.068472 0.0736165 0.0756061 0.0747418 0.07163 0.066916 0.0611609 0.0548127 0.0482099 0.0415957 0.0351432 0.0289816 0.0232195 0.0179608 0.0133106 0.00936794 0.00620253 0.00382714
 0.00857584 0.0139381 0.0209849 0.0296386 0.0395801 0.0500965 0.0600519 0.0681652 0.0734767 0.0756595 0.0749714 0.0719809 0.0673172 0.0615494 0.0551499 0.0484836 0.0418113 0.0353116 0.0291119 0.0233169 0.0180292 0.0133548 0.00939393 0.00621649 0.00383411
 0.00852505 0.0138401 0.0208099 0.0293521 0.0391552 0.049531 0.0593837 0.0674728 0.0728629 0.0752231 0.0747803 0.0720551 0.0676274 0.0620284 0.0557142 0.0490558 0.0423364 0.035761 0.0294775 0.0236027 0.0182437 0.0135084 0.00949782 0.00628237 0.00387301
 0.00866132 0.0140545 0.0211169 0.0297539 0.0396334 0.0500394 0.0598465 0.0677983 0.072973 0.0750864 0.0744284 0.0715722 0.0671173 0.0615785 0.0553723 0.0488277 0.0421987 0.0356802 0.029425 0.0235616 0.0182074 0.0134761 0.00947082 0.00626158 0.00385844
 0.00880302 0.0142929 0.0214891 0.0302957 0.0403667 0.050953 0.06088 0.0688393 0.0738764 0.0757102 0.0746725 0.0714056 0.0665856 0.0607883 0.0544583 0.0479143 0.0413731 0.0349843 0.028865 0.0231241 0.0178735 0.0132285 0.0092944 0.00614261 0.0037835
 0.00860843 0.0139982 0.0210884 0.0298041 0.0398244 0.0504258 0.0604544 0.0686072 0.0739065 0.076017 0.0752015 0.0720465 0.0672092 0.0612906 0.0547891 0.0480813 0.0414228 0.0349735 0.0288378 0.0231031 0.0178636 0.013226 0.00929463 0.00614277 0.00378295
#pred catch len freq
 0.00345137 0.00552395 0.00818641 0.0114372 0.0152983 0.0197868 0.024849 0.0303264 0.0359784 0.0415305 0.046718 0.0513234 0.0552059 0.0583064 0.0606224 0.0621703 0.0629598 0.062975 0.0621451 0.0602974 0.0571341 0.0523111 0.0456536 0.0374176 0.0283917
 0.00370993 0.00588344 0.00861895 0.0118896 0.0157208 0.0201698 0.025241 0.030809 0.0366062 0.0422705 0.0474324 0.0518114 0.055287 0.0579012 0.059793 0.0611046 0.0619049 0.0621467 0.061649 0.0600982 0.0570899 0.0522549 0.0454774 0.0371107 0.0280197
 0.00386357 0.00614991 0.00904645 0.0125219 0.0165747 0.0212092 0.0263677 0.0318902 0.0375314 0.043 0.0479933 0.0522395 0.0555607 0.0579275 0.0594616 0.0603725 0.0608476 0.0609389 0.060487 0.0591131 0.0563063 0.0516144 0.044903 0.0365643 0.0275153
 0.00409556 0.00650523 0.00954482 0.0131783 0.0174095 0.0222551 0.0276588 0.0334284 0.0392465 0.0447362 0.0495438 0.053417 0.0562554 0.0581134 0.0591581 0.059608 0.0596627 0.0594167 0.0587662 0.0573584 0.0546559 0.0501468 0.0436438 0.0355158 0.0266796
 0.00435123 0.00691028 0.0101347 0.0139795 0.0184366 0.023508 0.02912 0.0350654 0.0410153 0.0465781 0.0513686 0.0550866 0.0575915 0.058938 0.0593456 0.0591155 0.0585277 0.0577386 0.0566902 0.0550631 0.0523308 0.0479623 0.0417269 0.0339415 0.0254739
