SBPRF35
12.7214
Curr Bio
801092
B35
895622
F35
0.171548
FOFL
0.158698
OFL
108436
Bzero
3.63469e+006
#pred survey bio
 3.69991e+006 3.57518e+006 3.46069e+006 3.29038e+006 3.09424e+006 2.84544e+006 2.56545e+006 2.33385e+006 2.10525e+006 1.87827e+006 1.67744e+006 1.44512e+006 1.28521e+006 1.10959e+006 956722 842096 755334 703553 663357 635361 603805 573392 551735 544084 536683 534785 536544 535325 528986 536260 544365 553872 559121 567493 576145 597924 610151 613303 624584 638748 652732 668614 675907 688982 706209 709405 714504 715877 717104 714790 725735 755457 779163 807773 2.93494e+007 1.79133e+007 1.84491e+007 1.94162e+007 2.06479e+007 2.19563e+007 2.32039e+007 2.43116e+007 2.5248e+007 2.60126e+007 2.66221e+007 2.70996e+007 2.74696e+007 2.77542e+007 2.79722e+007 2.8139e+007 2.82666e+007 2.83645e+007 2.84398e+007 2.84979e+007 2.8543e+007 2.85781e+007 2.86056e+007 2.86272e+007 2.86442e+007 2.86577e+007 2.86684e+007 2.8677e+007 2.86838e+007 2.86893e+007 2.86937e+007 2.86972e+007 2.87001e+007 2.87025e+007 2.87044e+007 2.87059e+007 2.87071e+007 2.87082e+007 2.8709e+007 2.87097e+007 2.87102e+007 2.87107e+007 2.8711e+007 2.87113e+007 2.87116e+007 2.87118e+007 2.87119e+007 2.87121e+007 2.87122e+007 2.87123e+007 2.87124e+007 2.87124e+007 2.87125e+007 2.87125e+007 2.87125e+007 2.87126e+007 2.87126e+007 2.87126e+007 2.87126e+007 2.87126e+007 2.87126e+007 2.87127e+007 2.87127e+007 2.87127e+007 2.87127e+007 2.87127e+007 2.87127e+007 2.87127e+007 2.87127e+007 2.87127e+007 2.87127e+007 2.87127e+007 2.87127e+007 2.87127e+007 2.87127e+007 2.87127e+007 2.87127e+007 2.87127e+007 2.87127e+007 2.87127e+007 2.87127e+007 2.87127e+007 2.87127e+007 2.87127e+007 2.87127e+007 2.87127e+007 2.87127e+007 2.87127e+007 2.87127e+007 2.87127e+007 2.87127e+007 2.87127e+007 2.87127e+007 2.87127e+007 2.87127e+007 2.87127e+007 2.87127e+007 2.87127e+007 2.87127e+007 2.87127e+007 0 0 0 0 0 0 0 0 0 0 0 0 0 0 0 0 0 0 0 0 0 0 0 0 0
#obs survey bio
 3.3318e+006 5.00464e+006 3.30945e+006 3.614e+006 3.49429e+006 2.07136e+006 2.54008e+006 1.83185e+006 2.17249e+006 1.57711e+006 2.91495e+006 1.66944e+006 1.4569e+006 1.4403e+006 746298 793866 748945 457612 691954 835969 498588 510022 523469 748138 523335 741064 462769 671998 490539 672499 551028 333596 481338 491558 603664 774683 638108 559005 787952 637569 422739 483403 841168 870718 909834 581513 615423 818730 674406 608048 550351 684975 838017 914285
#pred catch bio
 99301.1 98048.6 160609 197495 261272 307045 280366 294097 306942 294600 329723 269876 286548 265886 230755 204208 171453 158709 144647 143181 137598 126337 111766 109671 103751 99913.2 101592 104675 92685.8 92774.3 93025.5 98037.8 96218.3 96847.5 87373.5 97125.7 105426 99215.7 98050.2 99843.2 100251 108755 104196 101313 113377 111295 113973 113555 116382 105965 92858.1 101383 99867.1 100076 108436 118317 120760 126064 133548 141626 149270 155948 161469 165855 169236 171783 173668 175044 176037 176748 177253 177610 177861 178037 178160 178245 178305 178346 178375 178395 178409 178418 178425 178429 178432 178434 178436 178437 178438 178438 178438 178439 178439 178439 178439 178439 178439 178439 178439 178439 178439 178439 178439 178439 178439 178439 178439 178439 178439 178439 178439 178439 178439 178439 178439 178439 178439 178439 178439 178439 178439 178439 178439 178439 178439 178439 178439 178439 178439 178439 178439 178439 178439 178439 178439 178439 178439 178439 178439 178439 178439 178439 178439 178439 178439 178439 178439 178439 178439 178439 178439 178439 178439 178439 0 0 0 0 0 0 0 0 0 0 0 0 0 0 0 0 0 0 0 0 0 0 0 0 0
#obs catch bio
 0 97648.1 160922 197292 261089 307586 279988 294765 307677 295966 330230 268478 287514 267372 233303 207214 173554 160991 145944 143168 137563 127263 112274 109496 103733 99928.9 101410 104485 92366 92355.4 92510.4 98629.5 96518.5 96990.3 87383.2 97070.8 105689 99506.1 98132.3 99709.6 100528 109607 104290 101030 113032 111087 113788 112910 115884 105624 92399.3 101437 100007 100045
#pred cpue bio
 3.65674e+006 3.53338e+006 3.41879e+006 3.24834e+006 3.05259e+006 2.80437e+006 2.52513e+006 2.29396e+006 2.06597e+006 1.83988e+006 1.6402e+006 1.40983e+006 1.25086e+006 1.07673e+006 925452 812098 726665 676000 636956 610137 579800 550255 529295 522187 515197 513436 515350 514351 508286 515435 523293 532326 537327 545629 554114 575419 587420 590455 601450 615338 628883 644237 651490 664555 681623 684854 689933 691415 692675 690283 700761 729641 752764 780867 2.8398e+007 1.7342e+007 1.77639e+007 1.86261e+007 1.98291e+007 2.11322e+007 2.23789e+007 2.34864e+007 2.44228e+007 2.51874e+007 2.57969e+007 2.62745e+007 2.66444e+007 2.6929e+007 2.7147e+007 2.73138e+007 2.74414e+007 2.75393e+007 2.76146e+007 2.76727e+007 2.77178e+007 2.77529e+007 2.77804e+007 2.7802e+007 2.7819e+007 2.78325e+007 2.78432e+007 2.78518e+007 2.78586e+007 2.78641e+007 2.78685e+007 2.78721e+007 2.78749e+007 2.78773e+007 2.78792e+007 2.78807e+007 2.7882e+007 2.7883e+007 2.78838e+007 2.78845e+007 2.7885e+007 2.78855e+007 2.78859e+007 2.78862e+007 2.78864e+007 2.78866e+007 2.78868e+007 2.78869e+007 2.7887e+007 2.78871e+007 2.78872e+007 2.78872e+007 2.78873e+007 2.78873e+007 2.78874e+007 2.78874e+007 2.78874e+007 2.78874e+007 2.78874e+007 2.78875e+007 2.78875e+007 2.78875e+007 2.78875e+007 2.78875e+007 2.78875e+007 2.78875e+007 2.78875e+007 2.78875e+007 2.78875e+007 2.78875e+007 2.78875e+007 2.78875e+007 2.78875e+007 2.78875e+007 2.78875e+007 2.78875e+007 2.78875e+007 2.78875e+007 2.78875e+007 2.78875e+007 2.78875e+007 2.78875e+007 2.78875e+007 2.78875e+007 2.78875e+007 2.78875e+007 2.78875e+007 2.78875e+007 2.78875e+007 2.78875e+007 2.78875e+007 2.78875e+007 2.78875e+007 2.78875e+007 2.78875e+007 2.78875e+007 2.78875e+007 2.78875e+007 2.78875e+007 2.78875e+007 0 0 0 0 0 0 0 0 0 0 0 0 0 0 0 0 0 0 0 0 0 0 0 0 0
#obs cpue bio
 4.76723e+006 3.26866e+006 3.31721e+006 3.10519e+006 3.1837e+006 3.0568e+006 2.61337e+006 2.18182e+006 2.0992e+006 1.49507e+006 1.56737e+006 1.47641e+006 767244 682552 757540 605782 606079 782796 655255 773297 707453 378015 548795 587125 473234 356437 704870 460305 565654 503766 581300 392207 689974 745956 471335 542975 470468 532087 553966 758840 630135 637589 800827 675776 658506 712697 842728 869847 765392 775418 1.00153e+006 594269 579023 807685
#pred surv len freq
 0.00421583 0.0069431 0.0106337 0.0153295 0.0209492 0.0271959 0.0335406 0.0393655 0.0442005 0.0478725 0.0504724 0.0522158 0.053322 0.0539643 0.0542676 0.0543276 0.0542322 0.0540614 0.0538285 0.0533631 0.0522099 0.0496809 0.0451462 0.0384563 0.0302055
 0.00451492 0.00734352 0.0110807 0.0157268 0.0211953 0.027236 0.0334001 0.0391382 0.043995 0.0477521 0.05043 0.0521976 0.0532796 0.0538971 0.0542309 0.0544021 0.0544735 0.054454 0.0542696 0.05369 0.052265 0.0493851 0.0445389 0.0376769 0.0294271
 0.00458486 0.00751589 0.0114414 0.0163733 0.0221896 0.0285454 0.0348643 0.0405038 0.0450132 0.0482844 0.0504908 0.0519108 0.0527932 0.0533218 0.0536324 0.053827 0.0539656 0.0540397 0.0539278 0.0533403 0.0517971 0.0487198 0.0436808 0.0367216 0.0285154
 0.0047139 0.00771223 0.0117173 0.0167451 0.0226908 0.0292345 0.0358113 0.041747 0.0465032 0.0498547 0.0518922 0.052903 0.0532401 0.0532295 0.0531165 0.0530441 0.0530569 0.0531025 0.0530063 0.0524257 0.0508456 0.0476908 0.0425807 0.0356193 0.0275168
 0.00488424 0.00798978 0.0121349 0.0173308 0.0234602 0.0301822 0.0369088 0.0429523 0.0477772 0.0511661 0.0531968 0.0541113 0.0542082 0.0537975 0.0531748 0.0525824 0.0521618 0.0519114 0.0516503 0.0509941 0.049383 0.0462231 0.0411478 0.0342916 0.0263796
 0.00509774 0.0083409 0.0126707 0.0180974 0.0244927 0.0314894 0.0384572 0.0446606 0.0495304 0.0528432 0.0546981 0.0553679 0.0551692 0.0544062 0.0533584 0.0522705 0.0513243 0.0505866 0.0499398 0.0490318 0.0473033 0.0441479 0.039191 0.0325611 0.0249636
 0.00537796 0.00879352 0.0133468 0.0190432 0.0257422 0.0330514 0.0403004 0.0467058 0.0516568 0.0549078 0.0565584 0.0569024 0.0562898 0.0550586 0.0535107 0.0518982 0.0504082 0.0491284 0.0479865 0.0466894 0.0447299 0.0415323 0.0367254 0.0304121 0.0232438
 0.00560298 0.00916346 0.0139114 0.019852 0.0268356 0.0344467 0.0419768 0.048599 0.0536677 0.0569194 0.0584515 0.0585634 0.0576156 0.0559611 0.0539213 0.0517692 0.0497108 0.0478557 0.0461662 0.0444028 0.0421239 0.0388116 0.0341198 0.0281293 0.0214226
 0.00582935 0.00953622 0.0144815 0.0206707 0.0279454 0.0358663 0.0436856 0.05053 0.0557161 0.0589621 0.0603659 0.06024 0.0589613 0.0568984 0.0543858 0.0517077 0.0490827 0.04664 0.0443758 0.0421042 0.0394552 0.0359814 0.0313779 0.0257109 0.0194897
 0.00601685 0.00985708 0.0149943 0.0214403 0.02903 0.037296 0.045441 0.0525351 0.0578501 0.061084 0.062339 0.0619467 0.0603086 0.0578175 0.0548262 0.0516306 0.0484562 0.0454426 0.0426112 0.0398254 0.0367874 0.0331273 0.0285911 0.0232384 0.0175071
 0.0061781 0.0101238 0.0154053 0.0220384 0.0298575 0.0383857 0.0468038 0.0541482 0.0596521 0.0629786 0.0642053 0.063655 0.0617383 0.0588701 0.0554303 0.0517374 0.0480328 0.044469 0.0410891 0.0377988 0.0343665 0.0304981 0.0259937 0.0209134 0.0156307
 0.00660447 0.0107899 0.0163572 0.0233002 0.0314273 0.0402314 0.0488564 0.0563022 0.0617794 0.0649511 0.0659143 0.0650188 0.0626988 0.0593878 0.0554792 0.0513021 0.0471048 0.0430468 0.039186 0.0354622 0.031702 0.0276815 0.0232543 0.0184828 0.013679
 0.00681154 0.0111493 0.0169388 0.024179 0.0326624 0.0418345 0.0507666 0.0583862 0.0638637 0.0668696 0.0675444 0.0662895 0.0635783 0.0598638 0.0555444 0.0509474 0.0463196 0.041824 0.0375335 0.0334202 0.0293631 0.0252009 0.0208344 0.0163297 0.0119454
 0.0071061 0.0116309 0.0176695 0.02522 0.0340641 0.043618 0.0529006 0.0607707 0.0663324 0.0692137 0.0695516 0.0677867 0.0644642 0.0601179 0.0552104 0.0500993 0.0450307 0.0401513 0.0355224 0.0311255 0.0268744 0.0226571 0.0184136 0.014211 0.0102581
 0.00743805 0.0121634 0.0184574 0.0263093 0.0354832 0.0453647 0.0549274 0.0629802 0.0685873 0.0713577 0.0714286 0.0692552 0.0654094 0.0604668 0.0549444 0.0492549 0.0436836 0.0383936 0.0334458 0.0288211 0.0244467 0.0202377 0.0161563 0.0122639 0.00872339
 0.00759177 0.0124356 0.0189076 0.0270058 0.036486 0.0466999 0.0565645 0.0648269 0.0705089 0.0732085 0.0730779 0.0705977 0.0663633 0.0609705 0.0549578 0.0487659 0.0427142 0.0369995 0.0317097 0.0268452 0.0223494 0.0181526 0.0142239 0.0106093 0.00742764
 0.00770549 0.0126159 0.0191727 0.0273745 0.0369813 0.0473498 0.0573964 0.0658547 0.0717162 0.0745372 0.0744307 0.0718546 0.0674071 0.0617059 0.0553197 0.0487189 0.0422506 0.0361399 0.0305049 0.0253771 0.0207272 0.0165043 0.0126809 0.00928401 0.0063901
 0.007707 0.0126193 0.01918 0.0273895 0.0370106 0.0474053 0.0574978 0.0660319 0.0720083 0.0749837 0.075055 0.0726457 0.0683075 0.0626172 0.0561224 0.0492995 0.0425237 0.0360609 0.0300747 0.0246407 0.019769 0.0154366 0.0116251 0.00834685 0.00564185
 0.00762975 0.0125096 0.0190441 0.0272436 0.0368765 0.0473034 0.0574431 0.0660337 0.072075 0.0751285 0.0752976 0.0730066 0.0687961 0.0632167 0.0567807 0.0499324 0.0430321 0.0363558 0.0301002 0.0243884 0.0192805 0.0147937 0.01093 0.00769649 0.00510568
 0.00761196 0.0124611 0.0189367 0.0270432 0.036557 0.0468658 0.0569287 0.0655204 0.071654 0.074875 0.0752519 0.0731737 0.0691571 0.0637393 0.0574219 0.0506336 0.0437175 0.0369396 0.0305047 0.0245657 0.0192275 0.0145535 0.0105779 0.00731638 0.00476592
 0.0077497 0.0126643 0.0192022 0.0273499 0.0368661 0.0471252 0.0570817 0.0655199 0.071481 0.0745536 0.074848 0.072776 0.0688481 0.0635726 0.0574138 0.0507669 0.0439481 0.0372047 0.0307342 0.0246983 0.0192285 0.0144254 0.0103576 0.00705942 0.0045249
 0.00779556 0.012757 0.0193735 0.027636 0.0372928 0.0476868 0.0577253 0.0661478 0.0719761 0.0748172 0.074833 0.0725005 0.0683866 0.0630303 0.0568944 0.0503453 0.043657 0.0370343 0.0306436 0.0246335 0.0191425 0.0142937 0.0101836 0.00686766 0.00434614
 0.00779366 0.0127488 0.0193538 0.0276016 0.0372498 0.0476575 0.0577479 0.0662635 0.0722055 0.0751389 0.0751812 0.0727877 0.0685406 0.0630238 0.0567531 0.0501314 0.0434392 0.0368615 0.030531 0.0245662 0.0190903 0.0142296 0.0100966 0.00676409 0.00424255
 0.007823 0.0127715 0.019342 0.0275153 0.0370487 0.0473208 0.0572923 0.065749 0.071724 0.0747884 0.075035 0.0728688 0.0688131 0.0634083 0.057159 0.0504911 0.0437256 0.0370814 0.0307053 0.0247095 0.019204 0.014307 0.0101331 0.00676436 0.00421945
 0.00788428 0.0128661 0.0194733 0.0276779 0.0372241 0.0474738 0.0573732 0.0657061 0.0715263 0.0744481 0.0746141 0.0724614 0.0685107 0.0632647 0.0571746 0.0506219 0.04391 0.0372678 0.0308652 0.0248352 0.0192969 0.0143697 0.0101676 0.00677456 0.00421263
 0.00782554 0.0127848 0.0193772 0.0275832 0.0371503 0.0474358 0.0573732 0.0657298 0.0715453 0.0744286 0.0745313 0.0723144 0.0683289 0.0631006 0.0570817 0.0506313 0.0440183 0.0374431 0.0310648 0.0250231 0.019452 0.0144843 0.0102432 0.0068175 0.00423167
 0.0077917 0.0127187 0.0192584 0.0273896 0.0368681 0.0470723 0.0569655 0.0653395 0.0712381 0.0742486 0.0744852 0.0723745 0.0684523 0.0632515 0.057246 0.0508148 0.0442333 0.0376924 0.0313353 0.0252898 0.0196891 0.0146745 0.0103808 0.00690686 0.00428323
 0.00776281 0.012678 0.0192079 0.0273321 0.0368031 0.0469915 0.0568528 0.0651789 0.0710269 0.0740071 0.0742544 0.0721999 0.0683636 0.0632526 0.0573196 0.0509374 0.0443873 0.037869 0.0315281 0.0254886 0.0198784 0.0148381 0.0105081 0.00699547 0.00433809
 0.00786945 0.0128287 0.0193928 0.0275287 0.036983 0.047131 0.0569396 0.0652104 0.0710029 0.0739247 0.0741103 0.0719995 0.0681277 0.0630141 0.057112 0.0507831 0.0442934 0.0378313 0.0315372 0.0255325 0.0199434 0.01491 0.0105739 0.00704713 0.00437318
 0.00789516 0.0128639 0.0194329 0.0275631 0.0369956 0.0471027 0.056853 0.0650571 0.0707899 0.0736775 0.0738667 0.0717967 0.0679901 0.0629488 0.0571138 0.050842 0.0443987 0.0379719 0.0317004 0.0257043 0.0201097 0.0150583 0.0106954 0.0071378 0.00443435
 0.00800531 0.0130214 0.0196295 0.0277769 0.0371957 0.0472581 0.0569395 0.06506 0.0707042 0.0735078 0.0736289 0.0715185 0.0677074 0.0626975 0.0569207 0.0507195 0.0443463 0.0379799 0.0317545 0.0257889 0.0202089 0.0151574 0.010783 0.00720701 0.00448328
 0.00791518 0.0129131 0.0195359 0.0277481 0.0372806 0.0474776 0.0572676 0.0654272 0.0710235 0.0737082 0.073678 0.0714247 0.067507 0.062439 0.0566516 0.0504785 0.0441587 0.0378564 0.0316931 0.0257785 0.020234 0.0152018 0.0108326 0.00725159 0.00451758
 0.0078205 0.0127655 0.0193279 0.0274839 0.0369829 0.0471924 0.0570614 0.0653687 0.0711535 0.0740129 0.0740859 0.0718336 0.0678264 0.0626213 0.0566993 0.0504294 0.0440629 0.0377578 0.03162 0.025742 0.0202316 0.0152234 0.0108656 0.00728539 0.0045456
 0.00783674 0.012768 0.0192881 0.0273621 0.036741 0.0468141 0.0565696 0.064831 0.0706679 0.0736798 0.0739748 0.0719593 0.0681431 0.0630417 0.0571281 0.0507968 0.0443398 0.0379516 0.0317563 0.0258472 0.0203229 0.0153064 0.0109388 0.00734513 0.00458969
 0.00784231 0.0127816 0.0193151 0.0274055 0.0367943 0.0468544 0.0565572 0.0647209 0.0704336 0.0733359 0.0735837 0.0716123 0.0679249 0.0629959 0.0572434 0.0510182 0.044598 0.038191 0.0319496 0.0259925 0.0204312 0.01539 0.0110049 0.00739654 0.00462727
 0.00773875 0.0126165 0.0190739 0.0270796 0.0363864 0.0463832 0.0560591 0.0642439 0.0700225 0.0730187 0.0733693 0.0715017 0.0679252 0.0631227 0.0575087 0.051413 0.0450845 0.0387116 0.0324463 0.0264239 0.0207789 0.0156543 0.0111962 0.0075284 0.00471304
 0.00771506 0.0125781 0.0190159 0.0269969 0.0362732 0.0462343 0.0558723 0.0640226 0.0697781 0.07277 0.0731383 0.0713082 0.0677842 0.0630468 0.0575105 0.0515038 0.0452665 0.0389699 0.0327488 0.0267308 0.0210557 0.0158801 0.0113654 0.00764578 0.00478881
 0.00773613 0.0126147 0.019075 0.0270849 0.0363933 0.0463818 0.0560309 0.0641651 0.0698722 0.0727877 0.0730651 0.0711476 0.0675575 0.0627869 0.0572553 0.0512888 0.0451192 0.0389043 0.0327619 0.0268038 0.0211607 0.01599 0.0114609 0.00771825 0.00483793
 0.00769409 0.0125469 0.0189748 0.0269484 0.036222 0.0461862 0.055832 0.0639908 0.0697489 0.0727295 0.0730684 0.0711937 0.0676214 0.0628488 0.0573073 0.051336 0.0451751 0.0389836 0.0328727 0.0269433 0.0213155 0.0161414 0.011592 0.00781936 0.00490763
 0.0077449 0.0126071 0.019024 0.0269542 0.0361498 0.0460134 0.0555609 0.0636521 0.0693934 0.0724131 0.0728368 0.0710718 0.0676095 0.0629264 0.0574431 0.0514999 0.0453474 0.0391565 0.0330463 0.0271183 0.021488 0.0163021 0.0117302 0.00792724 0.00498351
 0.00774769 0.0126224 0.0190652 0.027036 0.0362783 0.0461749 0.0557164 0.0637458 0.0693754 0.0722646 0.0725812 0.0707659 0.0673198 0.0627042 0.0573117 0.0514555 0.0453699 0.0392224 0.0331373 0.0272227 0.0215977 0.0164095 0.011827 0.00800653 0.00504189
 0.00756791 0.0123652 0.018744 0.0266875 0.0359547 0.0459288 0.0555854 0.063742 0.069481 0.0724359 0.0727618 0.0709074 0.0674004 0.0627352 0.0573259 0.0514882 0.0454418 0.0393355 0.03328 0.0273783 0.0217511 0.0165493 0.0119453 0.00809905 0.00510814
 0.00750197 0.0122476 0.01855 0.0263936 0.0355517 0.0454383 0.0550688 0.0632916 0.0691896 0.0723595 0.0728971 0.0711961 0.0677573 0.0630823 0.0576177 0.0517164 0.0456245 0.039498 0.0334398 0.02754 0.0219089 0.0166933 0.012067 0.0081936 0.00517535
 0.00747112 0.0121879 0.0184417 0.0262112 0.035268 0.0450339 0.0545446 0.062679 0.0685543 0.0717937 0.0724974 0.0710337 0.0678518 0.0633955 0.0580708 0.0522226 0.0461172 0.0399424 0.0338273 0.0278741 0.0221939 0.01693 0.0122544 0.00833262 0.00527062
 0.00740053 0.0120787 0.0182873 0.0260072 0.035011 0.0447198 0.0541692 0.0622422 0.0680673 0.0712858 0.0720203 0.0706557 0.0676421 0.0634013 0.0582981 0.0526319 0.0466384 0.0404997 0.0343603 0.0283469 0.0225912 0.0172491 0.0124985 0.00850866 0.00538879
 0.00739408 0.0120711 0.018281 0.0260057 0.0350172 0.0447327 0.054181 0.0622365 0.0680206 0.0711732 0.0718253 0.0703824 0.0673224 0.063092 0.0580646 0.0525251 0.0466757 0.0406615 0.034602 0.0286181 0.0228514 0.0174733 0.0126763 0.00863931 0.00547762
 0.00733999 0.0119898 0.0181712 0.0258714 0.0348673 0.0445798 0.0540396 0.0621206 0.0679391 0.0711254 0.0717986 0.0703561 0.0672777 0.063023 0.0579863 0.0524697 0.0466795 0.0407471 0.0347678 0.0288393 0.0230917 0.0176989 0.0128645 0.00878107 0.00557467
 0.00736147 0.0120129 0.0181846 0.0258581 0.0348107 0.0444719 0.0538876 0.0619466 0.0677726 0.070992 0.0717117 0.0703136 0.0672651 0.0630213 0.0579812 0.0524597 0.0466775 0.0407742 0.0348408 0.0289608 0.0232477 0.0178651 0.0130169 0.0089037 0.00566237
 0.00741945 0.0120992 0.0182989 0.025993 0.0349505 0.0445944 0.0539668 0.0619588 0.0677052 0.0708513 0.0715226 0.0701115 0.0670819 0.0628748 0.057873 0.0523824 0.046624 0.0407445 0.034841 0.0289966 0.0233174 0.0179574 0.0131146 0.00899103 0.00572976
 0.00753548 0.0122765 0.018544 0.0263029 0.0353122 0.0449842 0.0543503 0.0622926 0.0679435 0.0709568 0.0714779 0.0699249 0.0667857 0.0625152 0.0574969 0.0520261 0.0463093 0.0404815 0.0346342 0.0288479 0.0232252 0.0179143 0.0131077 0.0090046 0.00575017
 0.00760181 0.0123756 0.0186768 0.0264643 0.0354924 0.0451707 0.05453 0.0624523 0.0680706 0.0710393 0.0715059 0.0698915 0.0666893 0.0623622 0.0573027 0.0518129 0.0461006 0.0402968 0.0344859 0.0287413 0.0231599 0.017885 0.0131053 0.009018 0.00576902
 0.0074914 0.0122122 0.0184609 0.0262068 0.0352115 0.0448873 0.0542641 0.0622229 0.0678965 0.0709385 0.0714914 0.0699659 0.0668414 0.0625685 0.0575337 0.0520421 0.0463114 0.0404835 0.0346504 0.0288882 0.0232922 0.0180029 0.0132065 0.00909976 0.00582997
 0.00740539 0.0120775 0.0182686 0.0259541 0.0349049 0.0445448 0.0539166 0.06191 0.0676563 0.0707965 0.0714547 0.0700264 0.0669824 0.0627708 0.0577772 0.0523059 0.0465752 0.040731 0.0348719 0.0290803 0.0234557 0.0181396 0.0133173 0.00918526 0.00589164
 0.00723544 0.0118187 0.0179118 0.0255031 0.0343757 0.043964 0.0533208 0.0613459 0.0671767 0.0704516 0.0712815 0.07004 0.0671738 0.0631105 0.0582235 0.0528136 0.0471025 0.0412427 0.0353418 0.0294915 0.0237999 0.0184153 0.0135278 0.00933739 0.00599452
#obs surv len freq
 nan nan nan nan nan nan nan nan nan nan nan nan nan nan nan nan nan nan nan nan nan nan nan nan nan
 0.00448499 0.00734651 0.0111767 0.0159932 0.0216941 0.0279696 0.0342837 0.0400148 0.0446941 0.0481575 0.050515 0.0520105 0.0529024 0.0534144 0.0537285 0.0539832 0.0542616 0.0545542 0.0546929 0.0542848 0.0527229 0.0493551 0.043805 0.0362852 0.0276691
 0.00461677 0.00756293 0.0115061 0.0164622 0.022321 0.0287545 0.0351978 0.0409987 0.0456658 0.0490288 0.0512084 0.0524705 0.0531012 0.0533517 0.0534265 0.0534796 0.0536001 0.0537779 0.0538409 0.0533944 0.051833 0.0485092 0.0430482 0.0356557 0.027188
 0.00477909 0.00782846 0.0119089 0.0170352 0.0230898 0.0297272 0.0363541 0.0422839 0.0469956 0.0503025 0.0523234 0.0533357 0.0536467 0.0535366 0.0532425 0.0529486 0.0527678 0.0527039 0.0525921 0.0520411 0.0504509 0.0471789 0.0418498 0.0346552 0.0264219
 0.00497269 0.00814483 0.012388 0.0177156 0.0240009 0.0308784 0.0377223 0.043809 0.0485879 0.0518574 0.0537358 0.0545081 0.054494 0.0539911 0.0532602 0.0525154 0.0519021 0.0514552 0.0510363 0.0502764 0.0485934 0.0453567 0.0401892 0.0332596 0.0253493
 0.00518376 0.00849093 0.0129145 0.0184667 0.0250116 0.0321607 0.0392519 0.0455199 0.0503815 0.0536206 0.0553578 0.0558896 0.0555492 0.0546476 0.0534602 0.0522197 0.051097 0.0501607 0.0493125 0.0482268 0.0463617 0.0431151 0.0381143 0.0314984 0.0239874
 0.00541182 0.00886414 0.0134809 0.0192729 0.0260944 0.0335337 0.0408908 0.0473569 0.052314 0.0555297 0.0571266 0.0574137 0.0567406 0.0554335 0.053781 0.0520285 0.0503631 0.0488793 0.0475194 0.0460122 0.0438766 0.0405603 0.0357085 0.0294314 0.0223761
 0.00564664 0.00924861 0.0140647 0.0201043 0.0272116 0.0349503 0.0425813 0.0492512 0.0543068 0.0575006 0.0589583 0.0590025 0.0579994 0.0562903 0.0541765 0.0519137 0.0496998 0.0476483 0.0457363 0.0437489 0.0412765 0.0378334 0.0330989 0.0271613 0.0205899
 0.00588119 0.00963317 0.0146496 0.0209388 0.0283345 0.0363757 0.0442833 0.0511582 0.0563118 0.0594812 0.0607964 0.0605957 0.0592635 0.057158 0.0545934 0.0518339 0.049085 0.0464728 0.0440031 0.0415134 0.0386679 0.0350574 0.0304074 0.024794 0.0187105
 0.00612231 0.0100291 0.0152528 0.0218005 0.0294949 0.0378479 0.0460371 0.053115 0.0583558 0.0614821 0.0626312 0.062161 0.0604792 0.0579649 0.0549481 0.0517024 0.0484382 0.0452894 0.0422831 0.0393018 0.0360803 0.0322876 0.0277026 0.0223975 0.016795
 0.0063689 0.0104304 0.0158578 0.0226552 0.0306343 0.0392825 0.0477386 0.0550105 0.0603362 0.0634224 0.0644097 0.0636732 0.0616427 0.0587207 0.0552565 0.051537 0.0477799 0.0441256 0.0406175 0.0371758 0.0335978 0.0296263 0.0250944 0.0200758 0.0149302
 0.00658931 0.0107975 0.016426 0.02348 0.0317596 0.0407219 0.0494573 0.0569208 0.0623131 0.0653301 0.0661256 0.0650995 0.0627082 0.0593769 0.0554732 0.0512967 0.0470731 0.0429495 0.0389833 0.0351265 0.0312296 0.0271013 0.0226244 0.0178763 0.0131604
 0.00682543 0.0111818 0.0170054 0.0242991 0.032853 0.042101 0.0510961 0.058748 0.0642188 0.0671837 0.0677976 0.0664784 0.0637115 0.0599542 0.0556021 0.0509737 0.0463048 0.0417481 0.0373715 0.0331519 0.0289845 0.0247329 0.020323 0.0158341 0.0115195
 0.0070708 0.0115836 0.0176152 0.0251651 0.034009 0.0435502 0.0527947 0.0606028 0.0661027 0.0689621 0.0693515 0.067715 0.0645657 0.060386 0.0555943 0.0505284 0.0454377 0.0404844 0.0357468 0.0312221 0.0268405 0.0225096 0.0181884 0.0139554 0.0100178
 0.00729738 0.0119563 0.0181839 0.0259781 0.035103 0.0449329 0.054429 0.0624005 0.067937 0.0706927 0.0708494 0.0688801 0.0653325 0.0607229 0.0554968 0.0500112 0.0445271 0.0392147 0.0341622 0.0293842 0.024839 0.0204678 0.0162533 0.0122689 0.00867936
 0.00745002 0.0122115 0.0185813 0.0265597 0.0359049 0.0459729 0.0556919 0.0638326 0.069451 0.0721822 0.0722053 0.070003 0.0661424 0.0611656 0.0555465 0.0496678 0.0438106 0.0381594 0.0328151 0.0278087 0.0231219 0.0187214 0.0146055 0.0108394 0.00754946
 0.00751976 0.0123242 0.0187504 0.0268002 0.036234 0.0464092 0.0562529 0.0645281 0.0702762 0.0731118 0.0731898 0.0709717 0.0670121 0.0618524 0.0559781 0.0497935 0.0436059 0.037627 0.0319834 0.0267315 0.0218785 0.0174139 0.0133478 0.00973603 0.00667172
 0.0076 0.012448 0.0189245 0.0270267 0.0365108 0.0467317 0.0566148 0.0649241 0.0707043 0.073574 0.0736894 0.0715042 0.0675563 0.0623656 0.0564003 0.0500582 0.043655 0.0374234 0.0315196 0.0260337 0.0210059 0.0164527 0.0123974 0.00888853 0.00599105
 0.00769163 0.0125876 0.0191169 0.0272696 0.0367953 0.0470433 0.0569353 0.0652337 0.0709868 0.0738223 0.0739088 0.0717101 0.0677653 0.0625844 0.0566164 0.050237 0.0437462 0.0373748 0.0312939 0.0256221 0.0204353 0.0157829 0.0117077 0.00825732 0.00547564
 0.00772832 0.0126491 0.0192126 0.0274082 0.0369817 0.0472742 0.0571963 0.0655005 0.0712321 0.074025 0.0740609 0.0718182 0.0678461 0.0626571 0.0566932 0.0503155 0.0438055 0.0373788 0.0312029 0.0254089 0.0200989 0.0153535 0.0112394 0.00781153 0.00510165
 0.00776272 0.0126951 0.019264 0.0274546 0.037013 0.0472874 0.0571993 0.0655099 0.0712653 0.0740917 0.0741587 0.0719361 0.0679715 0.0627821 0.0568154 0.0504335 0.0439123 0.0374571 0.0312269 0.0253532 0.0199512 0.0151236 0.0109595 0.00752575 0.00485019
 0.00781927 0.0127832 0.0193885 0.0276156 0.0372033 0.0474911 0.057392 0.0656644 0.0713603 0.0741216 0.0741353 0.0718821 0.0679098 0.0627274 0.0567733 0.0504034 0.0438893 0.0374322 0.0311858 0.0252791 0.0198313 0.0149574 0.010762 0.00732304 0.0046694
 0.00785177 0.0128336 0.0194598 0.0277088 0.0373174 0.0476224 0.0575333 0.0658036 0.0714819 0.074209 0.0741767 0.0718751 0.0678631 0.0626578 0.0566989 0.0503374 0.0438366 0.0373892 0.031143 0.0252237 0.0197525 0.0148514 0.0106351 0.00719012 0.00454811
 0.00788267 0.0128778 0.0195154 0.0277702 0.0373777 0.0476758 0.0575775 0.0658402 0.071514 0.074239 0.0742039 0.0718956 0.0678717 0.0626513 0.0566788 0.0503092 0.0438071 0.0373623 0.0311172 0.025193 0.0197092 0.0147911 0.0105599 0.00710832 0.00447097
 0.00788467 0.0128817 0.0195221 0.0277806 0.0373912 0.0476901 0.057588 0.065842 0.0715048 0.0742214 0.0741853 0.0718849 0.0678748 0.0626683 0.0567049 0.050338 0.0438335 0.0373838 0.031132 0.0251987 0.0197026 0.0147698 0.010525 0.00706494 0.0044267
 0.00789736 0.0128966 0.0195343 0.0277823 0.0373749 0.0476519 0.0575308 0.0657747 0.0714389 0.0741664 0.0741472 0.0718661 0.0678761 0.0626895 0.0567442 0.0503907 0.043893 0.0374427 0.0311839 0.0252387 0.0197278 0.0147789 0.0105192 0.00704853 0.00440537
 0.00790494 0.0129079 0.0195489 0.0277985 0.0373888 0.0476574 0.0575208 0.0657429 0.0713835 0.074093 0.0740675 0.0717949 0.067826 0.0626674 0.0567508 0.0504219 0.0439418 0.0375007 0.0312426 0.0252909 0.0197678 0.0148043 0.0105303 0.0070482 0.00439811
 0.00788698 0.0128791 0.0195065 0.0277406 0.0373149 0.04757 0.057425 0.0656465 0.0712947 0.0740183 0.0740114 0.0717606 0.0678166 0.0626858 0.056798 0.0504958 0.0440361 0.0376064 0.0313494 0.025389 0.01985 0.0148663 0.0105717 0.00707175 0.00440858
 0.00787899 0.0128611 0.0194705 0.0276765 0.0372141 0.0474294 0.0572517 0.0654575 0.0711132 0.073867 0.0739069 0.0717107 0.0678207 0.0627381 0.0568897 0.0506176 0.0441784 0.0377588 0.0315014 0.0255301 0.0199715 0.0149627 0.0106414 0.00711716 0.00443482
 0.00788154 0.0128635 0.0194706 0.0276702 0.0371952 0.0473904 0.0571852 0.0653589 0.0709843 0.0737182 0.0737567 0.0715809 0.0677306 0.062699 0.0569035 0.050678 0.0442745 0.0378781 0.0316308 0.0256577 0.0200869 0.0150585 0.010714 0.00716706 0.00446564
 0.00783879 0.0127945 0.0193678 0.0275278 0.0370112 0.0471691 0.0569394 0.0651091 0.070754 0.0735285 0.0736222 0.0715096 0.0677258 0.0627601 0.0570262 0.0508531 0.0444879 0.0381124 0.0318681 0.0258814 0.0202838 0.0152198 0.0108366 0.00725267 0.00452023
 0.00782378 0.0127667 0.0193196 0.0274503 0.0368958 0.0470116 0.0567428 0.0648858 0.0705235 0.0733137 0.0734446 0.071386 0.0676662 0.0627675 0.0570978 0.0509814 0.0446619 0.0383177 0.0320876 0.0260976 0.0204808 0.015386 0.0109658 0.007345 0.00458043
 0.00780243 0.0127309 0.0192638 0.0273682 0.0367819 0.0468626 0.05656 0.0646764 0.0703011 0.0730963 0.0732527 0.0712394 0.0675803 0.0627513 0.0571524 0.0511008 0.0448342 0.0385273 0.0323167 0.0263275 0.0206941 0.015569 0.0111106 0.00745004 0.00464998
 0.00776986 0.0126785 0.019186 0.0272604 0.0366412 0.0466898 0.0563608 0.0644618 0.0700857 0.0728962 0.0730827 0.0711125 0.067507 0.0627391 0.0572047 0.0512156 0.0450037 0.0387381 0.0325516 0.0265672 0.0209199 0.0157656 0.0112683 0.00756604 0.00472779
 0.00772751 0.0126095 0.0190822 0.0271146 0.0364496 0.0464544 0.0560928 0.064181 0.0698173 0.0726648 0.0729074 0.0710046 0.0674707 0.0627733 0.0573049 0.0513748 0.0452123 0.0389836 0.0328181 0.0268363 0.021173 0.0159865 0.0114463 0.00769781 0.00481683
 0.00768011 0.0125325 0.0189664 0.0269518 0.0362348 0.0461887 0.0557864 0.0638545 0.0694988 0.0723843 0.0726913 0.0708714 0.0674291 0.0628225 0.0574362 0.0515747 0.0454649 0.0392716 0.0331233 0.0271397 0.021456 0.0162329 0.0116452 0.00784558 0.00491718
 0.00767817 0.0125243 0.0189445 0.0269059 0.0361536 0.0460638 0.0556156 0.0636436 0.069261 0.0721384 0.0724592 0.0706752 0.0672886 0.0627522 0.057443 0.0516571 0.0456137 0.0394722 0.0333574 0.0273874 0.0216971 0.0164497 0.0118248 0.00798188 0.00501146
 0.00766498 0.0125061 0.0189228 0.0268831 0.0361308 0.0460382 0.0555792 0.0635848 0.0691695 0.0720105 0.072301 0.0705022 0.0671224 0.0626154 0.0573548 0.0516302 0.0456523 0.0395715 0.0335049 0.0275653 0.021885 0.0166281 0.0119784 0.00810199 0.00509648
 0.00763094 0.0124573 0.0188615 0.026816 0.0360673 0.0459875 0.0555475 0.0635727 0.069171 0.0720138 0.0722916 0.0704685 0.067061 0.062534 0.0572702 0.0515631 0.0456211 0.039587 0.0335683 0.0276679 0.0220115 0.0167602 0.0120998 0.00820124 0.00516913
 0.00761697 0.0124306 0.0188148 0.0267411 0.0359594 0.0458496 0.0553937 0.0634263 0.0690572 0.0719497 0.0722797 0.0704972 0.0671102 0.0625842 0.0573101 0.0515925 0.0456492 0.039627 0.0336304 0.0277548 0.0221176 0.0168736 0.0122068 0.008291 0.00523623
 0.00759558 0.0123976 0.0187678 0.0266786 0.0358797 0.0457509 0.055275 0.0632903 0.068913 0.0718138 0.0721731 0.0704375 0.0671053 0.0626284 0.0573877 0.0516856 0.0457449 0.0397209 0.0337249 0.0278539 0.0222219 0.0169785 0.0123042 0.00837299 0.0052982
 0.00758545 0.0123826 0.0187479 0.0266547 0.0358529 0.0457221 0.0552436 0.0632543 0.0688691 0.0717593 0.0721082 0.0703682 0.0670425 0.0625849 0.0573721 0.051699 0.0457817 0.039773 0.0337857 0.0279203 0.0222923 0.0170503 0.0123726 0.00843258 0.00534485
 0.00757789 0.0123685 0.0187237 0.0266163 0.0357975 0.04565 0.0551601 0.0631686 0.0687914 0.0716972 0.0720643 0.0703403 0.0670276 0.0625814 0.0573817 0.051725 0.0458257 0.0398334 0.0338579 0.0279985 0.0223711 0.0171254 0.01244 0.00848878 0.00538783
 0.00754104 0.0123148 0.0186543 0.0265358 0.0357123 0.0455655 0.055079 0.063092 0.0687207 0.071636 0.0720184 0.0703154 0.0670263 0.0626027 0.0574222 0.0517806 0.0458935 0.0399111 0.0339429 0.028087 0.0224581 0.0172059 0.0125098 0.00854503 0.00542959
 0.00754124 0.0123093 0.0186355 0.0264943 0.0356402 0.0454619 0.0549532 0.0629616 0.0686056 0.0715503 0.071967 0.0702957 0.0670324 0.0626295 0.057466 0.0518387 0.0459632 0.0399895 0.0340267 0.0281726 0.0225414 0.0172825 0.0125757 0.0085977 0.00546828
 0.00751542 0.0122724 0.018589 0.0264417 0.0355846 0.0454033 0.0548873 0.0628828 0.0685122 0.071449 0.071872 0.0702237 0.0669957 0.0626319 0.0575036 0.0519034 0.0460463 0.0400835 0.0341255 0.0282708 0.0226344 0.0173657 0.0126457 0.00865242 0.00550771
 0.00750767 0.0122572 0.0185617 0.0263971 0.0355197 0.0453196 0.0547925 0.0627886 0.0684293 0.0713827 0.0718217 0.0701865 0.0669714 0.0626241 0.0575175 0.0519419 0.0461079 0.0401627 0.034215 0.0283634 0.0227233 0.0174457 0.0127129 0.00870477 0.00554523
 0.00751287 0.0122663 0.0185764 0.0264184 0.0355469 0.0453486 0.0548158 0.0627973 0.0684168 0.0713477 0.0717687 0.0701235 0.0669061 0.0625629 0.0574658 0.0519048 0.0460897 0.0401654 0.034237 0.0284001 0.0227683 0.0174925 0.0127559 0.00874036 0.00557183
 0.0075048 0.0122556 0.0185648 0.0264092 0.035544 0.0453555 0.0548337 0.0628239 0.0684463 0.071372 0.0717799 0.0701166 0.0668808 0.0625239 0.0574206 0.0518615 0.0460554 0.0401451 0.0342331 0.0284117 0.0227918 0.0175224 0.0127867 0.00876759 0.00559304
 0.0075047 0.0122545 0.0185614 0.0264022 0.0355329 0.0453415 0.0548204 0.0628166 0.0684496 0.0713872 0.0718038 0.0701419 0.0668992 0.0625291 0.0574107 0.0518396 0.0460281 0.0401198 0.0342161 0.0284061 0.0227977 0.0175368 0.0128053 0.00878621 0.00560865
 0.0075047 0.0122545 0.0185614 0.0264022 0.0355329 0.0453415 0.0548204 0.0628166 0.0684496 0.0713872 0.0718038 0.0701419 0.0668992 0.0625291 0.0574107 0.0518396 0.0460281 0.0401198 0.0342161 0.0284061 0.0227977 0.0175368 0.0128053 0.00878621 0.00560865
 0.00733887 0.0119951 0.018191 0.025914 0.0349345 0.0446598 0.0541053 0.0621387 0.0678884 0.0710119 0.0716565 0.0702291 0.0671942 0.0629815 0.0579595 0.0524265 0.0466061 0.0406572 0.0346946 0.0288175 0.0231391 0.017809 0.0130118 0.00893342 0.00570625
 0.00735152 0.0119909 0.0181392 0.0257717 0.0346589 0.0442274 0.0535279 0.0614673 0.0672011 0.0703947 0.0711842 0.0699535 0.0671387 0.0631395 0.0582981 0.0528938 0.0471428 0.0412081 0.0352163 0.0292812 0.0235294 0.0181207 0.013247 0.00910016 0.00581612
 0.00725474 0.011847 0.0179463 0.0255326 0.0343753 0.0438925 0.0531259 0.0609825 0.0666356 0.0697823 0.0705924 0.0694684 0.0668397 0.0630768 0.0584815 0.0532938 0.0477019 0.041855 0.035881 0.0299056 0.0240734 0.018563 0.013583 0.0093378 0.00597175
#pred catch len freq
 0.00313335 0.00509472 0.00770302 0.0110079 0.0150531 0.0198283 0.0252085 0.0309451 0.0367167 0.0421946 0.0470911 0.051195 0.0544009 0.0567141 0.0582268 0.0590877 0.059478 0.0595759 0.0594727 0.0590351 0.0577944 0.0550097 0.0499942 0.0425879 0.0334513
 0.00336622 0.00541006 0.00806301 0.0113442 0.0152933 0.0199335 0.0251963 0.0308794 0.0366667 0.0421917 0.0471136 0.0511927 0.05434 0.0566124 0.0581567 0.0591428 0.0597201 0.0599868 0.0599376 0.0593736 0.0578326 0.0546604 0.0493021 0.0417081 0.0325762
 0.00345199 0.00558465 0.00838537 0.0118766 0.0160695 0.0209187 0.0262679 0.0318544 0.037374 0.0425458 0.0471393 0.0509865 0.0540051 0.056218 0.0577434 0.0587494 0.0593935 0.0597586 0.0597863 0.0592097 0.0575308 0.0541269 0.0485341 0.0408036 0.0316857
 0.00358121 0.00578263 0.00866601 0.0122584 0.0165873 0.0216304 0.0272402 0.0331202 0.0388781 0.0441186 0.0485326 0.0519647 0.0544376 0.0561157 0.0572235 0.0579684 0.0584918 0.0588334 0.0588805 0.0583106 0.0565868 0.0530898 0.0474063 0.0396578 0.0306373
 0.0037597 0.00606637 0.00908056 0.0128223 0.0173094 0.0225074 0.0282591 0.0342653 0.0401384 0.0454803 0.0499499 0.0533268 0.0555681 0.0568224 0.0573759 0.0575506 0.0575979 0.0576142 0.0574801 0.0568257 0.0550644 0.0515549 0.0458994 0.0382532 0.0294277
 0.00398032 0.0064202 0.00960485 0.0135505 0.018267 0.0237046 0.0296792 0.0358575 0.0418211 0.0471564 0.0515263 0.0547237 0.0567109 0.0576249 0.0577356 0.0573733 0.0568407 0.056315 0.0557499 0.0548122 0.0529139 0.0493981 0.043857 0.0364395 0.0279376
 0.00422656 0.00681277 0.0101827 0.0143485 0.0193146 0.025021 0.0312632 0.0376754 0.0437997 0.0491852 0.0534697 0.0564419 0.0580821 0.0585567 0.0581618 0.0572423 0.0561142 0.0549853 0.0538643 0.0524851 0.0503167 0.0467337 0.0413299 0.0342269 0.02616
 0.00445638 0.00718188 0.0107309 0.0151131 0.0203275 0.0263029 0.0328138 0.0394651 0.0457668 0.0512383 0.0554937 0.0583063 0.0596528 0.0597108 0.0587995 0.057292 0.0555317 0.0537557 0.0520151 0.050105 0.0475678 0.0438414 0.0385468 0.0317808 0.024204
 0.00469869 0.00757074 0.011308 0.015917 0.0213913 0.0276469 0.0344356 0.0413298 0.0478041 0.0533484 0.0575575 0.0601977 0.0612493 0.0609016 0.0594895 0.0574037 0.0550077 0.0525656 0.0501699 0.0476778 0.0447122 0.0407895 0.035576 0.0291525 0.0220992
 0.00489652 0.00789784 0.0118115 0.0166476 0.0223966 0.0289599 0.0360597 0.0432275 0.0498963 0.0555225 0.0596815 0.0621351 0.0628738 0.0621067 0.0601909 0.0575361 0.0545202 0.0514257 0.0483773 0.0452903 0.0418692 0.0377173 0.0325577 0.0264641 0.0199378
 0.00513328 0.00827397 0.0123631 0.017407 0.0233927 0.0302159 0.037584 0.0450023 0.0518675 0.0575973 0.0617355 0.064028 0.0644695 0.0632904 0.0608764 0.0576629 0.0540469 0.0503268 0.0466536 0.0429913 0.0391203 0.0347302 0.0296057 0.0238211 0.0178044
 0.0055045 0.00884927 0.0131774 0.018477 0.0247189 0.0317848 0.0393658 0.046945 0.0538954 0.0596149 0.063635 0.0656984 0.0658059 0.0642023 0.0612944 0.0575394 0.0533528 0.0490495 0.0448031 0.0406191 0.0363447 0.0317488 0.026676 0.0212041 0.0156935
 0.0057953 0.00932426 0.0138957 0.0194932 0.0260703 0.0334725 0.041337 0.049091 0.0560708 0.0616706 0.0654455 0.0671731 0.0668847 0.0648462 0.0614758 0.0572363 0.0525478 0.0477328 0.0429837 0.0383439 0.0337203 0.0289531 0.0239412 0.0187664 0.0137284
 0.00612932 0.00985703 0.0146803 0.0205772 0.0274927 0.0352547 0.0434652 0.0514958 0.0586162 0.0641626 0.0676636 0.0689164 0.0680159 0.0653123 0.0612975 0.0564754 0.0512728 0.0460006 0.040843 0.0358567 0.0309897 0.0261388 0.0212477 0.0163998 0.0118385
 0.00646169 0.0103823 0.0154438 0.0216143 0.0288269 0.036893 0.0453887 0.0536493 0.0609038 0.0664504 0.0697884 0.0707017 0.0692969 0.0659666 0.0612698 0.0557821 0.0499849 0.0442154 0.0386624 0.033385 0.0283478 0.023479 0.0187484 0.014233 0.0101244
 0.00662895 0.0106666 0.0158952 0.0222887 0.029776 0.0381481 0.0469425 0.0554472 0.0628494 0.0684207 0.0716501 0.0723224 0.0705536 0.0667537 0.0615103 0.0554398 0.0490713 0.0427879 0.0368141 0.0312341 0.0260327 0.0211559 0.0165815 0.0123692 0.00866021
 0.0067032 0.0107859 0.0160748 0.0225488 0.0301469 0.0386721 0.0476694 0.056418 0.0640725 0.0698522 0.07319 0.0738319 0.0718844 0.0677753 0.0621245 0.0555849 0.0487227 0.0419599 0.0355616 0.0296513 0.0242474 0.019319 0.0148478 0.0108719 0.00748346
 0.00670311 0.0107869 0.0160789 0.0225601 0.030173 0.0387271 0.0477769 0.0566138 0.0644032 0.0703647 0.0739126 0.0747522 0.0729361 0.0688438 0.0630701 0.0562741 0.0490545 0.0418805 0.0350705 0.0288004 0.023135 0.0180764 0.0136173 0.00977867 0.00661008
 0.00661168 0.0106548 0.0159111 0.0223722 0.0299876 0.0385679 0.0476644 0.0565655 0.0644371 0.0705032 0.0741825 0.0751778 0.0735257 0.0695736 0.0638746 0.0570507 0.0496842 0.0422571 0.0351275 0.0285275 0.0225811 0.0173375 0.0128135 0.00902417 0.00598686
 0.00660931 0.0106344 0.0158507 0.0222439 0.0297681 0.0382534 0.0472813 0.0561694 0.0640971 0.0702817 0.074121 0.0752952 0.0738232 0.0700376 0.0644737 0.0577288 0.0503589 0.0428308 0.0355095 0.0286609 0.0224606 0.0170117 0.0123685 0.00855623 0.00557398
 0.00674291 0.0108306 0.0161055 0.0225353 0.030057 0.0384882 0.0474075 0.0561431 0.0639026 0.0699456 0.0737108 0.0749004 0.0735269 0.0698947 0.0645017 0.0579096 0.0506448 0.0431517 0.0357856 0.0288216 0.0224658 0.0168648 0.0121131 0.00825717 0.00529303
 0.00677193 0.0108927 0.0162254 0.0227423 0.0303739 0.0389147 0.0479066 0.0566408 0.0643046 0.0701663 0.0737022 0.0746696 0.0731347 0.0694359 0.0640746 0.0575871 0.0504567 0.0430831 0.035788 0.028833 0.0224329 0.0167612 0.0119455 0.00805708 0.00509924
 0.00672241 0.0108143 0.0161134 0.0225994 0.0302159 0.0387757 0.0478367 0.0566915 0.0645036 0.0704943 0.0740895 0.0750196 0.0733635 0.0695065 0.064007 0.0574424 0.0503055 0.0429753 0.0357377 0.028821 0.0224242 0.0167254 0.0118713 0.0079543 0.00498945
 0.00673946 0.0108224 0.0160893 0.0225097 0.0300263 0.0384667 0.0474198 0.0562162 0.0640521 0.0701603 0.0739488 0.0751011 0.0736358 0.0698899 0.064408 0.0577911 0.0505753 0.0431768 0.0358956 0.028952 0.022529 0.0167949 0.0118991 0.0079445 0.00495598
 0.00677202 0.0108721 0.0161566 0.0225883 0.0300995 0.0385048 0.0473822 0.0560638 0.0637665 0.0697636 0.0735082 0.0747117 0.0733863 0.0698282 0.0645251 0.0580313 0.0508657 0.0434576 0.0361344 0.0291406 0.02267 0.0168923 0.0119564 0.00796774 0.00495497
 0.00670159 0.0107721 0.0160328 0.0224557 0.0299778 0.038411 0.0473227 0.0560299 0.0637348 0.0697034 0.0733957 0.0745458 0.0731983 0.0696736 0.0644603 0.0580874 0.051035 0.0437004 0.0363999 0.0293865 0.0228717 0.0170416 0.0120556 0.00802501 0.00498156
