SBPRF35
7.78865
Curr Bio
461114
B35
673685
F35
0.211032
FOFL
0.12862
OFL
43837.2
Bzero
2.22533e+06
#pred survey bio
 4.74306e+06 4.45187e+06 4.17679e+06 3.84762e+06 3.5083e+06 3.16429e+06 2.85185e+06 2.51585e+06 2.26276e+06 2.00437e+06 1.76274e+06 1.54089e+06 1.3567e+06 1.17772e+06 1.05021e+06 947451 859277 793436 745492 698974 680817 665939 646175 628381 619073 607308 602125 600341 599072 593789 597557 594020 587142 585995 577793 570850 551387 551244 551577 562202 566240 569403 576399 584327 579846 580252 579049 576633 581955 586129 595441 583396 571280 573058 540840 524717 522313 504806 483061 464914 1.49513e+07 8.86537e+06 9.15317e+06 1.00908e+07 1.13669e+07 1.26838e+07 1.38667e+07 1.48443e+07 1.56095e+07 1.61869e+07 1.66123e+07 1.69207e+07 1.71424e+07 1.73009e+07 1.74142e+07 1.74953e+07 1.75537e+07 1.75959e+07 1.76266e+07 1.76492e+07 1.76658e+07 1.76781e+07 1.76873e+07 1.76942e+07 1.76994e+07 1.77034e+07 1.77064e+07 1.77086e+07 1.77104e+07 1.77117e+07 1.77127e+07 1.77135e+07 1.77141e+07 1.77146e+07 1.77149e+07 1.77152e+07 1.77154e+07 1.77156e+07 1.77157e+07 1.77158e+07 1.77159e+07 1.7716e+07 1.7716e+07 1.77161e+07 1.77161e+07 1.77161e+07 1.77161e+07 1.77161e+07 1.77161e+07 1.77161e+07 1.77162e+07 1.77162e+07 1.77162e+07 1.77162e+07 1.77162e+07 1.77162e+07 1.77162e+07 1.77162e+07 1.77162e+07 1.77162e+07 1.77162e+07 1.77162e+07 1.77162e+07 1.77162e+07 1.77162e+07 1.77162e+07 1.77162e+07 1.77162e+07 1.77162e+07 1.77162e+07 1.77162e+07 1.77162e+07 1.77162e+07 1.77162e+07 1.77162e+07 1.77162e+07 1.77162e+07 1.77162e+07 1.77162e+07 1.77162e+07 1.77162e+07 1.77162e+07 1.77162e+07 1.77162e+07 1.77162e+07 1.77162e+07 1.77162e+07 1.77162e+07 1.77162e+07 1.77162e+07 1.77162e+07 1.77162e+07 1.77162e+07 1.77162e+07 1.77162e+07 1.77162e+07 1.77162e+07 1.77162e+07 1.77162e+07 1.77162e+07 0 0 0 0 0 0 0 0 0 0 0 0 0 0 0 0 0 0 0 0 0 0 0 0 0
#obs survey bio
 4.37712e+06 2.73035e+06 3.58973e+06 2.44549e+06 2.75883e+06 1.69793e+06 2.69048e+06 1.83645e+06 2.28284e+06 1.0621e+06 1.48075e+06 1.63741e+06 1.67101e+06 1.16199e+06 885325 794764 672938 639489 705395 664237 440204 649818 555614 578003 532884 615039 400158 416918 531649 646850 480252 516561 526453 467076 513866 593045 374295 429927 622084 561068 878158 546245 517920 467794 382882 614625 644678 493572 763476 352933 473542 679607 742742 560743 441799 599374 450478 673679 639099 362429
#pred catch bio
 97226.7 92404.1 160549 198199 237069 244974 301995 258956 290393 297043 294875 271169 271650 229686 210446 198870 179344 161939 156424 128396 122881 123983 119274 109944 110211 103070 99085.5 97589.3 99464.3 90524.8 95521 96330.5 89012.7 91939 87486.6 96588.4 82865.1 86927.8 81092.3 87184.1 86881.2 83301.1 83415.5 94649.1 91041 92936 94121.4 87677.8 88696.9 84814.6 102647 101079 87795.6 114116 97982.5 85096 95700.6 95783 88475.3 99025.2 43837.2 68180.7 68997.1 74803.6 84012.2 93788.1 102508 109572 114948 118863 121624 123524 124807 125661 126223 126589 126826 126979 127076 127139 127178 127203 127219 127229 127236 127240 127242 127244 127245 127245 127246 127246 127246 127246 127246 127246 127246 127246 127246 127246 127247 127247 127247 127247 127247 127247 127247 127247 127247 127247 127247 127247 127247 127247 127247 127247 127247 127247 127247 127247 127247 127247 127247 127247 127247 127247 127247 127247 127247 127247 127247 127247 127247 127247 127247 127247 127247 127247 127247 127247 127247 127247 127247 127247 127247 127247 127247 127247 127247 127247 127247 127247 127247 127247 127247 127247 127247 127247 127247 127247 0 0 0 0 0 0 0 0 0 0 0 0 0 0 0 0 0 0 0 0 0 0 0 0 0
#obs catch bio
 0 92026 161077 198908 238987 248162 309176 264246 298169 307188 306122 280181 280756 236322 217097 204776 185704 167719 161604 131095 125447 126642 121328 111842 112128 104748 100748 99208.6 101163 91554.3 96868.1 98028.4 90134.2 93230.1 88403.5 97710.6 83461.9 87652.8 81420.3 87855.8 86838 82904.4 83312.5 95071.8 91436.3 93361.8 94723.4 88248.6 88961.9 85065.1 103436 101986 87550.6 114739 98265.5 84867.6 95866.3 95702.1 87985.7 99180.4
#pred cpue bio
 4.67546e+06 4.38916e+06 4.11794e+06 3.79047e+06 3.45194e+06 3.10865e+06 2.79689e+06 2.46246e+06 2.21038e+06 1.95356e+06 1.7138e+06 1.49439e+06 1.31273e+06 1.13654e+06 1.0108e+06 909443 822599 758037 711640 667101 650011 635913 617052 600027 591153 579906 575065 573521 572510 567676 571602 568380 562067 561496 554156 547979 528628 527041 526341 536655 541147 544732 551543 558959 554361 554592 553355 550995 556274 560473 569493 557737 546151 548256 517121 501408 499276 482679 461994 445046 1.43263e+07 8.50086e+06 8.64873e+06 9.42356e+06 1.06411e+07 1.19439e+07 1.3124e+07 1.4101e+07 1.48661e+07 1.54436e+07 1.58689e+07 1.61774e+07 1.6399e+07 1.65575e+07 1.66708e+07 1.6752e+07 1.68103e+07 1.68525e+07 1.68833e+07 1.69058e+07 1.69224e+07 1.69347e+07 1.69439e+07 1.69508e+07 1.6956e+07 1.696e+07 1.6963e+07 1.69653e+07 1.6967e+07 1.69683e+07 1.69694e+07 1.69701e+07 1.69707e+07 1.69712e+07 1.69716e+07 1.69718e+07 1.69721e+07 1.69722e+07 1.69724e+07 1.69725e+07 1.69725e+07 1.69726e+07 1.69726e+07 1.69727e+07 1.69727e+07 1.69727e+07 1.69727e+07 1.69728e+07 1.69728e+07 1.69728e+07 1.69728e+07 1.69728e+07 1.69728e+07 1.69728e+07 1.69728e+07 1.69728e+07 1.69728e+07 1.69728e+07 1.69728e+07 1.69728e+07 1.69728e+07 1.69728e+07 1.69728e+07 1.69728e+07 1.69728e+07 1.69728e+07 1.69728e+07 1.69728e+07 1.69728e+07 1.69728e+07 1.69728e+07 1.69728e+07 1.69728e+07 1.69728e+07 1.69728e+07 1.69728e+07 1.69728e+07 1.69728e+07 1.69728e+07 1.69728e+07 1.69728e+07 1.69728e+07 1.69728e+07 1.69728e+07 1.69728e+07 1.69728e+07 1.69728e+07 1.69728e+07 1.69728e+07 1.69728e+07 1.69728e+07 1.69728e+07 1.69728e+07 1.69728e+07 1.69728e+07 1.69728e+07 1.69728e+07 1.69728e+07 1.69728e+07 1.69728e+07 0 0 0 0 0 0 0 0 0 0 0 0 0 0 0 0 0 0 0 0 0 0 0 0 0
#obs cpue bio
 3.64079e+06 5.40109e+06 4.78311e+06 3.00598e+06 2.38577e+06 1.63866e+06 1.98834e+06 1.83334e+06 1.91019e+06 1.7242e+06 1.29799e+06 1.22523e+06 972466 785804 676972 856014 437536 499126 623028 661661 736507 503473 698808 429859 577590 425992 615326 631702 543227 506484 550854 410720 609739 602254 577716 579949 668314 688578 499523 428012 650926 805016 431886 512179 686401 503095 418440 502965 583546 707535 642550 380135 707320 477637 575315 571314 512177 431809 446718 449095
#pred surv len freq
 0.00509654 0.00823316 0.0123145 0.0172991 0.0230602 0.0293155 0.0355913 0.0413269 0.0460798 0.0496727 0.0521801 0.0538107 0.0547949 0.0553249 0.0555284 0.0554621 0.0551217 0.0544552 0.0533549 0.0516208 0.0489356 0.0449288 0.0393706 0.0324151 0.0247062
 0.00536809 0.00856666 0.0126219 0.017445 0.022915 0.0288295 0.0348441 0.0405085 0.0454052 0.0492794 0.052073 0.0538815 0.054897 0.0553538 0.0554687 0.055386 0.0551447 0.0546719 0.0537839 0.052186 0.0494966 0.0453456 0.0395667 0.0324017 0.0245595
 0.00572837 0.00913402 0.0134337 0.0185031 0.0241626 0.0301318 0.035993 0.041274 0.0456274 0.0489502 0.0513442 0.0529846 0.0540263 0.0545937 0.0548058 0.0547766 0.0545784 0.0541854 0.0534254 0.0519662 0.0493674 0.0452241 0.0393841 0.0321416 0.0242579
 0.00607868 0.00969643 0.014267 0.019657 0.0256662 0.0319729 0.0380905 0.0434574 0.0476455 0.0505206 0.0522345 0.0530925 0.0534144 0.053452 0.0533633 0.0532188 0.0530173 0.0526797 0.0520132 0.050676 0.0482109 0.044193 0.0384649 0.0313348 0.0235823
 0.00644373 0.0102732 0.015105 0.0207943 0.0271267 0.0337606 0.040177 0.0457682 0.0500504 0.0528331 0.054224 0.0545173 0.0540774 0.0532631 0.0523722 0.0515944 0.050984 0.0504496 0.0497482 0.0484865 0.0461705 0.042354 0.0368676 0.0300103 0.0225487
 0.00678349 0.0108192 0.015915 0.0219181 0.0285978 0.0355832 0.0423125 0.0481307 0.0525174 0.0552628 0.0564647 0.0564055 0.055437 0.0539238 0.0522106 0.0505813 0.0492055 0.0480882 0.0470334 0.0456437 0.0433921 0.0397922 0.0346366 0.0281855 0.0211597
 0.00705401 0.0112569 0.0165707 0.0228399 0.0298253 0.0371362 0.0441772 0.0502509 0.0547977 0.057581 0.058687 0.0583948 0.0570546 0.0550279 0.0526631 0.0502703 0.0480818 0.0461976 0.0445239 0.0427416 0.0403574 0.0368747 0.0320417 0.0260509 0.0195433
 0.00742391 0.0118385 0.0174098 0.0239679 0.0312563 0.0388631 0.0461639 0.0524277 0.0570657 0.0598257 0.0607917 0.0602487 0.0585536 0.0560716 0.0531515 0.0501058 0.0471855 0.0445401 0.0421599 0.0398279 0.0371411 0.0336496 0.0290888 0.023581 0.0176607
 0.00771318 0.012297 0.0180784 0.0248773 0.0324236 0.0402853 0.0478103 0.0542375 0.0589559 0.0617056 0.0625748 0.0618563 0.0599109 0.0571016 0.0537698 0.0502206 0.0467063 0.0433992 0.0403467 0.0374225 0.0343287 0.0306982 0.0262915 0.0211837 0.0158052
 0.00800044 0.0127632 0.0187782 0.0258598 0.0337215 0.0418988 0.0496915 0.0562867 0.0610385 0.0636814 0.0643253 0.0632979 0.0609936 0.057797 0.0540555 0.050065 0.0460629 0.0422169 0.0385979 0.035143 0.0316486 0.0278419 0.0235345 0.0187805 0.0139195
 0.00819726 0.0130955 0.0193014 0.0266345 0.0348019 0.0433137 0.0514232 0.0582613 0.063132 0.0657416 0.066198 0.064851 0.0621334 0.0584745 0.0542583 0.0497996 0.0453345 0.0410207 0.0369308 0.033034 0.029194 0.0252204 0.0209825 0.0165312 0.0121348
 0.0084404 0.0134783 0.0198557 0.0273852 0.0357672 0.0445039 0.0528341 0.0598643 0.0648674 0.0675174 0.0678967 0.0663438 0.0633004 0.0592235 0.0545366 0.0495924 0.0446531 0.0398876 0.035375 0.0311033 0.026979 0.022871 0.0186961 0.0145079 0.0105195
 0.00871438 0.013905 0.0204628 0.0281858 0.0367588 0.0456666 0.0541296 0.0612372 0.0662534 0.0688542 0.0691296 0.0674213 0.0641667 0.0598162 0.054794 0.0494657 0.0441158 0.0389389 0.0340389 0.0294322 0.0250625 0.020843 0.0167249 0.0127616 0.00912091
 0.00915815 0.0145898 0.0214243 0.0294307 0.0382627 0.0473732 0.0559483 0.0630469 0.0679192 0.0702548 0.0701821 0.0680911 0.0644594 0.0597596 0.0544176 0.048789 0.0431469 0.0376829 0.0325111 0.0276724 0.0231465 0.0188856 0.0148676 0.0111426 0.00783745
 0.00949343 0.0151163 0.0221815 0.030441 0.0395257 0.0488584 0.057587 0.0647319 0.0695194 0.0716409 0.0712511 0.0687804 0.0647493 0.0596665 0.0539817 0.0480583 0.0421638 0.0364786 0.0311119 0.0261131 0.0214863 0.0172148 0.0132984 0.00978443 0.00676583
 0.00977467 0.0155596 0.0228226 0.0313034 0.0406159 0.0501594 0.05905 0.0662726 0.0710264 0.0729938 0.0723406 0.0695241 0.0651007 0.0596174 0.0535584 0.0473113 0.0411541 0.0352657 0.0297483 0.024649 0.0199797 0.0157399 0.0119418 0.00862774 0.00586282
 0.00989643 0.0157754 0.0231798 0.0318558 0.0414099 0.0512127 0.0603322 0.0677015 0.0724827 0.0743478 0.0734767 0.0703542 0.0655692 0.0597018 0.0532679 0.0466828 0.0402445 0.034142 0.0284792 0.0233015 0.0186209 0.0144397 0.010771 0.00764699 0.00510768
 0.00981267 0.0156677 0.0230723 0.0317933 0.0414525 0.0514229 0.0607596 0.0683682 0.0733722 0.0754 0.0745925 0.0714133 0.0664544 0.0603219 0.0535696 0.0466526 0.0399031 0.0335357 0.0276707 0.0223621 0.0176256 0.0134631 0.00988193 0.00689978 0.00453247
 0.00969142 0.0154786 0.0228043 0.0314469 0.0410458 0.0509982 0.0603866 0.0681367 0.0733714 0.0756895 0.0751791 0.0722428 0.0674228 0.0612989 0.0544278 0.0472919 0.0402652 0.0336076 0.0274786 0.021961 0.0170876 0.0128662 0.00929964 0.00639042 0.00413108
 0.00984723 0.0156877 0.0230374 0.0316492 0.0411522 0.0509589 0.0601892 0.067815 0.0729979 0.0753572 0.0749785 0.0722396 0.0676386 0.061703 0.0549435 0.0478163 0.0406972 0.0338719 0.0275404 0.0218279 0.0168016 0.0124899 0.00890002 0.00602434 0.00383515
 0.00989181 0.0157498 0.0231101 0.0317153 0.0411835 0.0509188 0.0600396 0.0675295 0.0725788 0.0748492 0.0744678 0.0718344 0.0674363 0.0617584 0.0552507 0.0483112 0.041277 0.0344249 0.027975 0.0220926 0.0168908 0.0124363 0.00875747 0.00584924 0.00367145
 0.00982824 0.0156643 0.0230139 0.0316286 0.0411278 0.0509048 0.0600584 0.067551 0.0725613 0.0747555 0.074284 0.0715812 0.0671697 0.0615543 0.0551787 0.048407 0.0415274 0.0347717 0.0283369 0.022394 0.0170847 0.0125136 0.00874101 0.00577811 0.00358391
 0.00989938 0.0157594 0.02312 0.0317232 0.041188 0.0509202 0.0600378 0.0675179 0.0725377 0.0747455 0.0742681 0.0715277 0.067056 0.0613852 0.0549904 0.0482533 0.0414547 0.0347973 0.0284416 0.0225325 0.0172076 0.0125878 0.00875865 0.0057525 0.00353753
 0.00996524 0.0158619 0.0232644 0.0319084 0.0414034 0.0511432 0.0602357 0.067655 0.0725891 0.0747078 0.0741597 0.0713764 0.0668836 0.0612015 0.0547993 0.0480651 0.0412903 0.0346809 0.0283863 0.0225314 0.017237 0.0126195 0.00877338 0.0057456 0.00351578
 0.00994566 0.0158333 0.0232276 0.0318669 0.0413634 0.0511124 0.0602208 0.0676594 0.0726096 0.0747347 0.0741807 0.071383 0.0668751 0.0611834 0.0547786 0.0480464 0.0412775 0.0346791 0.0284015 0.0225659 0.0172851 0.0126691 0.00881221 0.00576724 0.00352148
 0.00996075 0.0158547 0.023254 0.0318954 0.0413902 0.0511348 0.0602384 0.0676739 0.0726238 0.0747501 0.0741954 0.0713919 0.0668713 0.0611625 0.0547409 0.0479973 0.0412252 0.0346325 0.0283677 0.0225488 0.017284 0.0126788 0.00882515 0.0057771 0.00352557
 0.00996262 0.0158515 0.0232378 0.0318555 0.0413166 0.051023 0.0600942 0.0675138 0.0724714 0.0746294 0.0741247 0.0713794 0.0669138 0.0612471 0.0548495 0.048112 0.0413332 0.0347274 0.0284489 0.0226184 0.0173441 0.0127297 0.00886577 0.00580637 0.00354388
 0.00990071 0.0157609 0.0231198 0.0317169 0.0411665 0.0508687 0.0599391 0.0673591 0.0723207 0.0744932 0.0740202 0.0713259 0.0669256 0.0613273 0.0549885 0.0482906 0.0415281 0.034918 0.0286208 0.0227644 0.0174624 0.0128217 0.00893376 0.00585345 0.00357378
 0.00979872 0.0156071 0.0229113 0.0314599 0.0408761 0.0505667 0.0596511 0.0671113 0.0721347 0.0743809 0.0739825 0.0713564 0.0670163 0.0614718 0.0551807 0.048521 0.0417821 0.0351765 0.0288649 0.0229793 0.0176397 0.012959 0.00903379 0.00592152 0.00361669
 0.00983024 0.015641 0.0229306 0.0314392 0.0407895 0.0504001 0.0594117 0.0668287 0.0718511 0.0741373 0.0738073 0.0712611 0.0669983 0.0615202 0.0552824 0.0486641 0.041955 0.0353669 0.0290587 0.0231619 0.0177991 0.0130879 0.00913022 0.00598821 0.00365914
 0.00976315 0.0155404 0.0227943 0.0312686 0.0405868 0.050165 0.0591415 0.0665237 0.0715229 0.0738146 0.0735326 0.0710788 0.0669398 0.0615937 0.0554726 0.0489403 0.0422817 0.0357113 0.0293939 0.0234674 0.0180604 0.013297 0.00928613 0.00609581 0.0037275
 0.00957832 0.0152788 0.0224726 0.0309264 0.0402753 0.0499275 0.0589981 0.0664661 0.0715225 0.0738357 0.0735474 0.0710774 0.066933 0.0616067 0.0555323 0.0490627 0.0424658 0.0359411 0.0296454 0.0237157 0.018285 0.0134844 0.00943028 0.0061978 0.00379357
 0.00946789 0.0150981 0.0222006 0.0305487 0.039794 0.0493728 0.0584332 0.0659775 0.0711916 0.0737077 0.0736147 0.0712888 0.0672213 0.0619166 0.0558356 0.0493557 0.0427569 0.0362367 0.0299424 0.0240018 0.018544 0.0137024 0.0095997 0.00631882 0.00387264
 0.00925553 0.0147773 0.0217626 0.0300007 0.0391549 0.0486686 0.0576975 0.0652563 0.0705479 0.0732172 0.0733486 0.0712902 0.0674869 0.0623967 0.0564517 0.0500281 0.0434246 0.0368635 0.0305102 0.0245009 0.0189669 0.0140435 0.0098583 0.00650092 0.00399065
 0.00919759 0.0146716 0.0215832 0.0297185 0.0387475 0.0481335 0.0570618 0.0645754 0.0698918 0.0726523 0.0729273 0.0710499 0.0674509 0.0625707 0.0568172 0.0505405 0.0440225 0.0374842 0.0311029 0.025032 0.0194177 0.0144062 0.0101329 0.00669482 0.00411701
 0.00986826 0.0156036 0.0226925 0.0308267 0.0396298 0.0485978 0.0570143 0.0640405 0.0689851 0.0715332 0.0717566 0.0699629 0.0665451 0.0619031 0.0564074 0.0503758 0.0440644 0.0376768 0.0313841 0.0253449 0.0197183 0.0146665 0.0103394 0.00684531 0.00421754
 0.0107026 0.0168951 0.0245065 0.0331564 0.0423717 0.0515306 0.059799 0.0662688 0.0702874 0.0717036 0.0708227 0.0681597 0.0642171 0.0593944 0.0539904 0.0482269 0.0422719 0.0362615 0.0303211 0.0245833 0.0191976 0.0143271 0.0101296 0.00672334 0.00415148
 0.0105327 0.0167407 0.0244984 0.0334895 0.0432502 0.05308 0.0619849 0.068868 0.072928 0.0739575 0.0723162 0.0686695 0.0637218 0.0580654 0.0521235 0.0461476 0.0402546 0.0344877 0.0288772 0.0234821 0.0184053 0.0137882 0.00978346 0.00651418 0.00403333
 0.0101689 0.0161999 0.023786 0.032663 0.0424287 0.0524431 0.0617521 0.0692475 0.0740343 0.0757312 0.0744983 0.0708599 0.0655046 0.0591413 0.0523905 0.0457021 0.0393249 0.0333411 0.0277411 0.0225029 0.0176461 0.0132495 0.00943041 0.00629982 0.00391278
 0.00979596 0.0156184 0.0229594 0.0315806 0.0411164 0.0509771 0.0602736 0.0679637 0.0731904 0.0755508 0.0751072 0.0722237 0.0674105 0.0612454 0.0543199 0.0471703 0.0402082 0.0336834 0.0276976 0.0222588 0.0173531 0.0129974 0.00925207 0.00619122 0.00385487
 0.00973002 0.0154871 0.0227173 0.0311711 0.040486 0.050099 0.0591717 0.0667245 0.0719581 0.074507 0.0744409 0.0720906 0.0678857 0.0622827 0.0557434 0.048716 0.0416062 0.0347439 0.0283569 0.0225689 0.0174287 0.0129569 0.00918005 0.00613045 0.00381684
 0.00997985 0.0158326 0.0231232 0.0315619 0.0407598 0.050155 0.0589369 0.0661714 0.0711141 0.073457 0.073323 0.0710789 0.0671571 0.0619725 0.0559016 0.0492837 0.0424285 0.0356206 0.029112 0.0231032 0.0177327 0.0130842 0.00920451 0.00611301 0.00379279
 0.0100821 0.0160075 0.0233994 0.0319623 0.0412854 0.0507643 0.0595346 0.0666206 0.0712763 0.0732434 0.0727312 0.0701986 0.0661471 0.0610189 0.055172 0.048884 0.0423756 0.0358423 0.029479 0.0234809 0.018028 0.0132642 0.00928524 0.00613204 0.00378509
 0.0100301 0.0159432 0.0233409 0.0319419 0.041344 0.0509396 0.0598452 0.0670515 0.071769 0.073699 0.0730322 0.0702478 0.0659071 0.0605343 0.0545584 0.048289 0.0419271 0.0356072 0.0294486 0.0235891 0.0181884 0.0134082 0.0093805 0.00617847 0.00379909
 0.0100732 0.0160109 0.023439 0.032076 0.0415205 0.0511666 0.0601315 0.0674017 0.072176 0.0741353 0.0734443 0.0705596 0.0660385 0.0604292 0.0542132 0.0477629 0.0413265 0.0350481 0.0290156 0.0233116 0.0180451 0.0133511 0.0093627 0.00617067 0.00379033
 0.010038 0.015962 0.0233811 0.032019 0.0414779 0.0511521 0.0601566 0.0674757 0.0723063 0.0743265 0.073693 0.0708471 0.0663255 0.0606599 0.0543306 0.0477327 0.0411549 0.0347834 0.0287284 0.0230653 0.0178732 0.0132536 0.00931835 0.00615442 0.00378457
 0.0100224 0.0159379 0.0233472 0.0319761 0.0414293 0.0511047 0.060121 0.0674647 0.0723318 0.0743963 0.0738089 0.0710041 0.0665109 0.0608519 0.0544978 0.0478399 0.0411757 0.0347131 0.0285892 0.0228977 0.017718 0.0131363 0.00924436 0.00611476 0.00376595
 0.00996298 0.0158548 0.0232472 0.0318735 0.0413419 0.0510469 0.0600988 0.0674758 0.0723698 0.0744557 0.0738877 0.0711029 0.0666296 0.0609858 0.0546357 0.0479634 0.0412632 0.0347475 0.0285661 0.022829 0.0176274 0.0130484 0.00917555 0.00606968 0.00374069
 0.00993149 0.0157917 0.0231316 0.0316819 0.0410582 0.0506756 0.0596742 0.0670582 0.0720278 0.0742433 0.0738291 0.0711921 0.0668402 0.0612826 0.054982 0.0483242 0.0416058 0.0350439 0.0287972 0.0229888 0.0177234 0.0130976 0.00919687 0.00607798 0.00374437
 0.0100281 0.015926 0.0232906 0.0318367 0.0411689 0.0507014 0.0595852 0.0668452 0.0717086 0.0738631 0.0734521 0.0708838 0.0666481 0.0612246 0.0550466 0.0484798 0.0418127 0.0352633 0.0289978 0.0231499 0.0178374 0.0131681 0.00923474 0.00609558 0.00375161
 0.00989777 0.0157504 0.0230924 0.0316566 0.0410507 0.0506694 0.0596284 0.0669187 0.0717541 0.0738361 0.0733413 0.0707153 0.0664729 0.061098 0.0550084 0.0485433 0.0419641 0.0354708 0.0292232 0.0233599 0.0180101 0.013295 0.00931859 0.00614567 0.00377886
 0.0097675 0.0155733 0.0228908 0.0314756 0.0409485 0.0507002 0.0598228 0.0672711 0.0722176 0.0743286 0.0737646 0.0709835 0.0665415 0.060978 0.0547578 0.048241 0.0416809 0.0352496 0.0290758 0.0232752 0.0179671 0.0132741 0.00930668 0.00613677 0.0037715
 0.0097363 0.0155096 0.0227732 0.0312819 0.0406683 0.0503514 0.0594613 0.0669824 0.0720882 0.0744098 0.0740478 0.0714011 0.0669918 0.0613628 0.0550144 0.0483571 0.0416868 0.0351966 0.029011 0.0232271 0.0179434 0.0132691 0.00931067 0.00614241 0.00377545
 0.00968905 0.0154233 0.0226253 0.031045 0.0403161 0.0498696 0.0588609 0.0663096 0.0714247 0.0738605 0.0737156 0.0713548 0.0672402 0.061848 0.0556325 0.0489948 0.0422578 0.0356592 0.0293637 0.0234902 0.0181406 0.0134173 0.00941951 0.00621795 0.00382375
 0.00990985 0.0157734 0.0231332 0.0317238 0.0411524 0.0508104 0.0598063 0.0671225 0.0719653 0.074032 0.0734995 0.070817 0.066505 0.0610539 0.054889 0.0483588 0.0417361 0.0352303 0.0290034 0.0231858 0.0178908 0.0132242 0.00928129 0.00612704 0.00376884
 0.00982516 0.0156636 0.0230203 0.031648 0.0411641 0.0509545 0.0601055 0.067565 0.0724996 0.0745731 0.0739472 0.0710849 0.0665502 0.0608916 0.0545833 0.0479937 0.0413829 0.0349288 0.0287628 0.0229977 0.017744 0.0131113 0.00919846 0.00607054 0.00373363
 0.00962113 0.0153446 0.0225663 0.0310554 0.0404537 0.0501804 0.0593584 0.0669615 0.0721534 0.0745558 0.0742603 0.0716571 0.0672617 0.0616146 0.0552199 0.0484966 0.0417534 0.0351961 0.0289604 0.023149 0.0178602 0.0131972 0.00925785 0.00610868 0.00375639
 0.00951783 0.0151942 0.0223715 0.0308278 0.0402081 0.0499267 0.0591 0.0667015 0.0719068 0.0743575 0.0741595 0.0716972 0.0674572 0.0619377 0.0556084 0.0488782 0.0420722 0.0354279 0.0291107 0.023239 0.0179126 0.0132282 0.00927666 0.00611991 0.00376272
 0.0092531 0.0148138 0.0218923 0.0302981 0.0396951 0.0494955 0.058794 0.0665352 0.0718684 0.0744196 0.0742921 0.0718809 0.0676879 0.0622208 0.0559441 0.0492495 0.0424453 0.0357646 0.0293836 0.0234397 0.0180487 0.0133152 0.00933003 0.00615156 0.00378075
 0.00879163 0.0141193 0.020953 0.0291463 0.0384058 0.0481775 0.0575798 0.0655638 0.0712573 0.0742326 0.0745207 0.0724523 0.0684958 0.0631599 0.0569313 0.0502269 0.0433713 0.0366052 0.03011 0.0240333 0.0185052 0.0136454 0.00955445 0.00629485 0.00386634
#obs surv len freq
 nan nan nan nan nan nan nan nan nan nan nan nan nan nan nan nan nan nan nan nan nan nan nan nan nan
 0.00449225 0.00735691 0.0111898 0.0160077 0.0217081 0.0279817 0.0342928 0.0400207 0.0446971 0.0481582 0.0505137 0.0520075 0.052898 0.053409 0.0537222 0.0539762 0.0542541 0.0545465 0.0546849 0.0542768 0.052715 0.0493477 0.0437984 0.0362798 0.0276649
 0.00461412 0.00756055 0.0115059 0.0164671 0.0223334 0.028775 0.0352245 0.0410271 0.0456905 0.049046 0.0512166 0.0524708 0.0530958 0.0533427 0.0534156 0.0534677 0.0535878 0.0537652 0.0538281 0.0533815 0.0518205 0.0484975 0.0430377 0.035647 0.0271813
 0.00477763 0.00782545 0.0119033 0.0170262 0.0230774 0.0297131 0.036342 0.0422783 0.0469999 0.0503169 0.0523446 0.0533581 0.0536655 0.0535491 0.0532485 0.0529496 0.0527656 0.0527 0.0525872 0.052036 0.0504457 0.047174 0.0418453 0.0346515 0.026419
 0.00496641 0.0081349 0.0123736 0.0176959 0.0239756 0.0308473 0.0376863 0.0437706 0.0485513 0.0518281 0.053719 0.0545066 0.0545071 0.0540147 0.0532889 0.0525447 0.0519292 0.0514797 0.0510586 0.0502972 0.0486129 0.0453746 0.040205 0.0332727 0.0253593
 0.00517617 0.0084783 0.012895 0.0184384 0.0249733 0.0321124 0.0391953 0.0454589 0.050321 0.0535661 0.0553144 0.0558616 0.0555399 0.0546578 0.053488 0.0522609 0.0511461 0.0502129 0.0493647 0.0482771 0.0464092 0.0431587 0.0381525 0.0315299 0.0240114
 0.00540382 0.00885122 0.0134616 0.0192458 0.0260584 0.0334882 0.0408362 0.0472953 0.0522487 0.0554654 0.0570684 0.057367 0.05671 0.0554224 0.0537909 0.0520586 0.0504102 0.0489386 0.0475856 0.0460805 0.0439432 0.040622 0.0357625 0.0294758 0.0224097
 0.00563662 0.00923275 0.0140416 0.020073 0.0271716 0.0349019 0.0425256 0.0491906 0.0542442 0.0574394 0.0589017 0.058954 0.0579625 0.0562687 0.0541734 0.0519309 0.0497373 0.0477037 0.0458054 0.043826 0.0413555 0.0379089 0.033166 0.0272167 0.0206319
 0.00589436 0.00965383 0.0146792 0.0209779 0.0283823 0.0364296 0.0443382 0.0512073 0.0563474 0.0594967 0.0607881 0.0605636 0.0592115 0.057093 0.0545242 0.0517692 0.0490319 0.0464357 0.0439829 0.0415077 0.0386727 0.035068 0.0304198 0.0248054 0.0187196
 0.00613689 0.0100528 0.0152883 0.0218502 0.0295599 0.0379272 0.0461267 0.0532075 0.0584412 0.0615502 0.0626734 0.0621719 0.0604573 0.0579132 0.0548734 0.0516141 0.0483469 0.0452043 0.0422106 0.0392449 0.0360384 0.0322582 0.0276826 0.022384 0.0167861
 0.00639359 0.0104723 0.0159236 0.0227521 0.0307673 0.0394516 0.047936 0.0552202 0.0605371 0.0635929 0.0645324 0.0637369 0.0616437 0.0586618 0.0551464 0.0513882 0.0476074 0.0439443 0.0404405 0.037013 0.033455 0.0295064 0.024998 0.0200021 0.0148772
 0.00660762 0.0108272 0.016471 0.023544 0.0318465 0.0408346 0.0495966 0.0570836 0.0624909 0.0655094 0.0662888 0.0652282 0.0627869 0.0593959 0.0554308 0.0511985 0.0469308 0.0427784 0.0387998 0.0349452 0.0310625 0.0269563 0.0225059 0.0177853 0.0130952
 0.00684166 0.0112076 0.0170434 0.0243512 0.0329206 0.0421846 0.0511946 0.058859 0.064339 0.0673086 0.0679214 0.0665929 0.0638059 0.0600159 0.0556201 0.0509417 0.0462233 0.0416248 0.0372196 0.0329872 0.0288224 0.024586 0.0201996 0.0157382 0.0114506
 0.00703278 0.0115248 0.0175325 0.0250583 0.0338818 0.0434107 0.0526561 0.0604827 0.0660196 0.0689319 0.0693825 0.0678064 0.064707 0.0605589 0.0557759 0.0506954 0.0455714 0.0405741 0.0357915 0.0312289 0.0268216 0.022478 0.0181547 0.0139263 0.00999619
 0.00727297 0.0119118 0.0181081 0.0258591 0.0349312 0.0447082 0.054165 0.062125 0.0676857 0.0705004 0.0707415 0.0688686 0.0654156 0.0608867 0.0557183 0.0502621 0.0447785 0.0394422 0.0343495 0.0295253 0.0249368 0.0205309 0.0162919 0.0122918 0.00869286
 0.00742151 0.0121644 0.0185086 0.026454 0.0357591 0.045782 0.0554567 0.0635621 0.0691648 0.0719094 0.0719798 0.0698566 0.0660972 0.0612285 0.0557076 0.0499037 0.0440899 0.0384492 0.0330871 0.0280432 0.0233095 0.0188619 0.0147049 0.0109062 0.00759214
 0.00749872 0.0122892 0.0186965 0.0267221 0.036127 0.0462711 0.0560849 0.0643357 0.0700688 0.0729016 0.0729923 0.0708056 0.066898 0.0618095 0.0560185 0.0499169 0.0437986 0.0378645 0.0322364 0.0269729 0.0220882 0.0175817 0.0134723 0.00982197 0.0067271
 0.00760873 0.0124584 0.0189331 0.0270276 0.0364967 0.0466957 0.0565528 0.064835 0.0705903 0.0734402 0.0735432 0.0713558 0.0674189 0.0622551 0.0563333 0.0500483 0.0437077 0.0375333 0.0316707 0.0262034 0.0211714 0.0165966 0.0125104 0.00896936 0.00604394
 0.00766256 0.0125466 0.0190666 0.0272158 0.0367446 0.0469995 0.0568973 0.0651956 0.0709414 0.0737648 0.0738389 0.0716322 0.0676869 0.062515 0.0565662 0.0502168 0.0437648 0.0374359 0.0313936 0.0257485 0.0205712 0.015911 0.0118151 0.00833827 0.00553063
 0.00771247 0.0126193 0.0191607 0.0273258 0.0368637 0.047124 0.0570287 0.0653392 0.0711011 0.07394 0.0740235 0.0718188 0.0678707 0.0626943 0.056738 0.0503687 0.0438716 0.0374628 0.0313067 0.025529 0.0202262 0.0154757 0.0113453 0.00789413 0.00515961
 0.00775795 0.0126886 0.0192562 0.0274454 0.0370007 0.0472673 0.057164 0.0654526 0.0711846 0.0739949 0.0740611 0.0718545 0.0679176 0.0627581 0.0568166 0.0504531 0.0439457 0.0375034 0.0312869 0.0254265 0.0200337 0.0152079 0.011037 0.00758934 0.00489679
 0.0078229 0.0127879 0.0193937 0.02762 0.0372057 0.0474906 0.0573883 0.0656565 0.0713456 0.0740959 0.0740955 0.0718289 0.0678492 0.0626695 0.0567282 0.0503769 0.0438828 0.0374439 0.0312134 0.0253199 0.0198819 0.0150127 0.0108157 0.00736945 0.00470496
 0.0078542 0.0128377 0.0194663 0.0277181 0.0373295 0.0476364 0.0575469 0.0658142 0.0714864 0.0742052 0.0741633 0.0718514 0.0678294 0.0626162 0.0566544 0.0502966 0.043806 0.0373734 0.0311432 0.0252389 0.0197794 0.0148853 0.0106708 0.00722274 0.00457424
 0.00788031 0.0128743 0.0195108 0.0277651 0.0373726 0.0476717 0.0575754 0.0658407 0.071517 0.0742434 0.0742078 0.0718965 0.0678675 0.0626407 0.0566623 0.050289 0.043787 0.0373471 0.0311107 0.0251971 0.0197235 0.0148126 0.0105844 0.00713194 0.00449059
 0.00787662 0.0128719 0.0195134 0.0277775 0.0373985 0.0477105 0.0576208 0.0658827 0.0715466 0.0742577 0.0742112 0.0718976 0.0678736 0.062654 0.0566795 0.0503046 0.0437962 0.0373472 0.031101 0.0251768 0.0196914 0.0147686 0.0105309 0.00707452 0.00443663
 0.0078962 0.0128943 0.0195302 0.0277761 0.0373672 0.0476453 0.0575297 0.0657839 0.0714614 0.0742014 0.074189 0.0719062 0.0679065 0.0627051 0.0567432 0.0503752 0.0438667 0.0374108 0.0311517 0.0252109 0.0197075 0.0147673 0.0105153 0.00704981 0.00440917
 0.0078833 0.0128768 0.0195097 0.0277548 0.0373457 0.0476196 0.0574913 0.0657237 0.0713761 0.0740992 0.0740888 0.0718307 0.0678724 0.0627178 0.0567973 0.0504585 0.0439653 0.0375116 0.031244 0.0252871 0.0197631 0.0148013 0.0105301 0.00705041 0.00440153
 0.00788594 0.0128722 0.019487 0.0276998 0.037246 0.0474723 0.0573077 0.065527 0.0711935 0.0739518 0.0739873 0.0717779 0.0678681 0.0627616 0.0568871 0.0505875 0.0441211 0.0376783 0.0314057 0.0254304 0.0198792 0.0148869 0.0105865 0.00708256 0.00441645
 0.00787102 0.012852 0.0194634 0.0276755 0.0372215 0.0474426 0.057262 0.065453 0.0710846 0.0738142 0.0738404 0.0716468 0.0677752 0.0627198 0.0568991 0.0506486 0.0442217 0.0378053 0.0315438 0.0255644 0.0199968 0.0149801 0.0106531 0.00712496 0.00444009
 0.00788269 0.0128624 0.0194636 0.027653 0.037165 0.0473483 0.0571371 0.0653141 0.07095 0.073696 0.0737423 0.0715686 0.0677184 0.0626904 0.056905 0.0506947 0.0443068 0.0379214 0.0316782 0.0257024 0.0201244 0.015087 0.0107341 0.00718031 0.00447392
 0.00786136 0.0128322 0.0194259 0.0276105 0.0371194 0.0472971 0.0570736 0.0652301 0.0708426 0.0735721 0.073618 0.0714629 0.0676459 0.0626579 0.0569131 0.0507406 0.0443866 0.0380295 0.0318057 0.0258375 0.0202542 0.0152002 0.0108236 0.00724432 0.0045151
 0.00781291 0.0127535 0.0193083 0.0274477 0.0369106 0.0470509 0.0568098 0.0649771 0.0706291 0.0734181 0.0735309 0.07144 0.0676805 0.0627431 0.0570421 0.0509059 0.0445788 0.0382378 0.0320189 0.0260437 0.020442 0.0153599 0.0109492 0.00733482 0.00457449
 0.00779697 0.0127221 0.019251 0.0273516 0.0367634 0.0468467 0.0565542 0.0646894 0.0703397 0.0731615 0.0733375 0.0713298 0.0676592 0.0628041 0.0571709 0.0510853 0.0447921 0.0384697 0.0322551 0.0262711 0.0206482 0.0155352 0.0110878 0.00743579 0.00464168
 0.00777167 0.0126809 0.0191884 0.0272619 0.0366408 0.0466866 0.056355 0.0644552 0.0700823 0.0729014 0.0731019 0.0711477 0.0675551 0.0627915 0.0572496 0.0512423 0.0450067 0.0387187 0.0325162 0.026525 0.0208791 0.0157317 0.0112432 0.00754939 0.00471776
 0.00774015 0.0126284 0.0191074 0.027145 0.0364829 0.0464876 0.0561224 0.0642036 0.0698305 0.072668 0.0729028 0.0709964 0.0674642 0.062772 0.0573083 0.0513786 0.0452103 0.0389706 0.0327928 0.0268019 0.0211353 0.0159515 0.011418 0.00767747 0.00480381
 0.00934216 0.014871 0.0218141 0.0299279 0.0388557 0.0480448 0.056682 0.0638341 0.068769 0.0711991 0.0712695 0.0693668 0.0659383 0.0614036 0.0561239 0.0503887 0.0444143 0.0383584 0.0323452 0.0264929 0.0209357 0.0158321 0.0113531 0.00764631 0.00479123
 0.00930163 0.0151057 0.0226976 0.0319257 0.0423232 0.0529542 0.0624482 0.0694107 0.0730203 0.0733483 0.071155 0.0673843 0.0627656 0.0577096 0.0524029 0.0469336 0.041366 0.0357673 0.030214 0.0247989 0.0196401 0.0148846 0.0106956 0.00721702 0.0045298
 0.00897186 0.0145837 0.0219603 0.0310192 0.041418 0.0523845 0.062673 0.0708499 0.0758037 0.077128 0.0751471 0.0706671 0.0646644 0.0580314 0.0514068 0.0451148 0.0392221 0.0336626 0.0283549 0.0232705 0.0184536 0.014012 0.0100894 0.00682171 0.00428966
 0.00879006 0.0142779 0.0214818 0.0303195 0.0404671 0.0512044 0.0613807 0.0696866 0.0751155 0.0772715 0.0763313 0.0728037 0.0673324 0.0606137 0.0533398 0.046104 0.0393012 0.0330946 0.027469 0.0223366 0.0176343 0.0133739 0.00963595 0.00652465 0.00411
 0.00872322 0.0141635 0.021298 0.0300395 0.0400616 0.0506482 0.060665 0.0688364 0.0742103 0.0764609 0.0758263 0.0728238 0.0680101 0.0618993 0.0549757 0.0477085 0.0405253 0.0337572 0.0275945 0.0220903 0.0172184 0.0129473 0.00928586 0.00627693 0.00395418
 0.00872471 0.0141589 0.0212773 0.0299876 0.0399594 0.0504759 0.0604054 0.0684782 0.0737535 0.0759262 0.0752688 0.072343 0.0677398 0.0619668 0.0554373 0.0484985 0.0414604 0.0346073 0.0281818 0.0223544 0.017213 0.0127857 0.00907823 0.00609415 0.00382372
 0.00870341 0.0141307 0.0212465 0.0299604 0.0399406 0.0504633 0.0603861 0.0684297 0.0736498 0.075747 0.0750094 0.0720232 0.0674102 0.0617058 0.0553332 0.0486131 0.0417915 0.0350757 0.0286599 0.0227236 0.0174135 0.0128286 0.00902025 0.00599898 0.00373551
 0.00869658 0.0141179 0.0212245 0.0299264 0.0398939 0.0504074 0.0603293 0.0683813 0.073614 0.075717 0.0749675 0.0719489 0.0672929 0.0615573 0.0551913 0.0485315 0.0418168 0.0352209 0.0288918 0.0229757 0.0176181 0.0129479 0.00905605 0.00597986 0.00369512
 0.00868476 0.0140984 0.0211946 0.0298832 0.0398353 0.0503329 0.0602414 0.0682869 0.0735236 0.075642 0.074916 0.0719205 0.067279 0.0615457 0.0551755 0.0485193 0.041829 0.03528 0.0290052 0.0231271 0.0177731 0.013072 0.0091312 0.00600896 0.00369432
 0.00867296 0.0140824 0.021176 0.0298653 0.0398212 0.0503238 0.0602352 0.0682786 0.0735074 0.075615 0.0748792 0.0718789 0.0672385 0.0615101 0.0551459 0.0484961 0.0418162 0.0352861 0.0290387 0.0231886 0.0178519 0.0131496 0.00919098 0.00604382 0.00370744
 0.00866886 0.0140731 0.0211576 0.0298332 0.0397723 0.0502592 0.0601617 0.0682073 0.0734499 0.0755781 0.0748631 0.0718789 0.0672481 0.0615245 0.0551629 0.0485157 0.0418395 0.0353159 0.0290782 0.0232394 0.0179112 0.0132098 0.00924266 0.00608053 0.00372829
 0.00866421 0.0140673 0.021152 0.0298294 0.0397711 0.0502591 0.0601584 0.0681956 0.0734264 0.0755439 0.0748243 0.0718431 0.0672214 0.0615089 0.0551571 0.048517 0.0418465 0.0353284 0.0290975 0.0232663 0.0179448 0.0132464 0.00927689 0.0061077 0.00374629
 0.00863924 0.0140293 0.0210996 0.0297637 0.0396957 0.0501799 0.0600832 0.0681325 0.0733817 0.0755202 0.07482 0.0718545 0.067245 0.0615424 0.055199 0.0485654 0.0418986 0.0353816 0.02915 0.0233171 0.017993 0.0132904 0.00931458 0.00613704 0.00376656
 0.00862764 0.0140085 0.021065 0.0297103 0.0396199 0.0500823 0.0599706 0.0680175 0.0732799 0.0754456 0.0747811 0.0718526 0.0672752 0.0615967 0.0552686 0.0486431 0.0419789 0.0354605 0.0292244 0.0233851 0.0180531 0.0133415 0.00935584 0.0061681 0.00378794
 0.00864056 0.014026 0.0210847 0.0297273 0.0396276 0.0500738 0.0599406 0.0679643 0.0732064 0.0753599 0.0746953 0.0717796 0.0672257 0.0615757 0.0552754 0.0486721 0.0420229 0.0355125 0.0292789 0.0234378 0.0181011 0.013383 0.00938954 0.00619361 0.0038057
 0.00864056 0.014026 0.0210847 0.0297273 0.0396276 0.0500738 0.0599406 0.0679643 0.0732064 0.0753599 0.0746953 0.0717796 0.0672257 0.0615757 0.0552754 0.0486721 0.0420229 0.0355125 0.0292789 0.0234378 0.0181011 0.013383 0.00938954 0.00619361 0.0038057
 0.00872014 0.0141572 0.0212844 0.0300092 0.0399961 0.050515 0.0604163 0.068415 0.073565 0.0755716 0.0747331 0.0716496 0.0669602 0.061222 0.0548828 0.0482827 0.041666 0.0352047 0.0290264 0.02324 0.0179534 0.0132783 0.00931983 0.00615035 0.00378089
 0.00870845 0.0141455 0.0212807 0.0300271 0.0400524 0.0506259 0.0605921 0.0686537 0.073849 0.0758666 0.0749941 0.0718318 0.0670327 0.0611771 0.0547363 0.0480672 0.0414195 0.0349606 0.0288082 0.02306 0.0178149 0.0131786 0.0092527 0.00610831 0.00375657
 0.00860609 0.0139827 0.0210438 0.0297091 0.0396588 0.0501812 0.0601435 0.0682674 0.0735942 0.075794 0.0751182 0.0721259 0.0674383 0.0616218 0.0551548 0.0484158 0.0416817 0.0351423 0.0289275 0.0231374 0.0178665 0.0132146 0.00927864 0.00612678 0.00376911
 0.00893076 0.0144792 0.0217307 0.0305772 0.0406677 0.0512585 0.0611872 0.0691576 0.0742191 0.0760821 0.0750583 0.0717645 0.0668561 0.0609054 0.0543763 0.0476261 0.0409149 0.0344238 0.0282793 0.0225787 0.0174102 0.0128642 0.00902714 0.00595913 0.00366589
 0.00884255 0.0143807 0.0216646 0.0306091 0.0408657 0.0516625 0.0617838 0.0698758 0.0749511 0.076716 0.0755083 0.0719864 0.0668493 0.060704 0.0540338 0.0471992 0.0404522 0.0339616 0.0278436 0.0221885 0.0170795 0.0126012 0.00883238 0.00582592 0.00358225
 0.00873199 0.0141884 0.0213562 0.0301558 0.0402649 0.0509614 0.0610908 0.0693408 0.0747132 0.0768451 0.0759741 0.072675 0.0676122 0.0614105 0.0546018 0.0476 0.0406964 0.0340803 0.0278731 0.0221619 0.0170241 0.0125374 0.00877397 0.00578013 0.00355076
 0.00888155 0.0144093 0.0216452 0.0304902 0.0406024 0.0512461 0.0612641 0.0693605 0.0745759 0.0765979 0.0757035 0.07247 0.0675232 0.0614292 0.0546746 0.0476607 0.0406975 0.0340065 0.0277368 0.0219903 0.016846 0.0123758 0.0086426 0.00568357 0.00348651
 0.00880802 0.0143105 0.0215341 0.0303905 0.0405397 0.0512345 0.0612964 0.069408 0.0745995 0.0765677 0.0756157 0.0723536 0.0674298 0.0614094 0.054752 0.0478204 0.0408945 0.0341888 0.0278676 0.0220574 0.0168586 0.0123535 0.00860573 0.0056468 0.00345745
 0.00879343 0.0142778 0.0214699 0.0302804 0.0403765 0.0510281 0.0610785 0.0692241 0.0744901 0.0765481 0.0756686 0.0724418 0.0675197 0.0614889 0.0548321 0.0479205 0.0410239 0.0343375 0.0280117 0.0221728 0.0169326 0.0123879 0.00861178 0.00563818 0.00344479
#pred catch len freq
 0.00462461 0.00730529 0.0106313 0.0145102 0.0188823 0.0237026 0.0288684 0.0341816 0.0393863 0.044235 0.0485311 0.0521444 0.0550179 0.0571596 0.0586161 0.0594404 0.0596714 0.0593192 0.058334 0.0565529 0.0536684 0.0493003 0.0432124 0.0355825 0.0271219
 0.00488612 0.00763828 0.010966 0.0147352 0.0188875 0.0234405 0.0283944 0.0336391 0.0389382 0.0439818 0.0484661 0.0521718 0.0550148 0.0570465 0.0583987 0.0592076 0.059552 0.0594166 0.0586679 0.0570406 0.0541582 0.0496423 0.0433267 0.0354851 0.026898
 0.00525959 0.00821242 0.0117623 0.0157349 0.0200185 0.0245702 0.0293417 0.0342204 0.0390404 0.0436226 0.047793 0.0513864 0.0542735 0.056403 0.0578239 0.0586575 0.0590261 0.0589648 0.0583494 0.0568695 0.0540819 0.0495685 0.0431782 0.035242 0.0265993
 0.00563561 0.00880063 0.0126056 0.0168602 0.0214335 0.0262548 0.0312284 0.0361721 0.0408465 0.0450334 0.0485911 0.0514681 0.0536894 0.055328 0.0564726 0.0572035 0.0575732 0.0575684 0.0570478 0.0556919 0.0530373 0.0486419 0.0423475 0.0345016 0.025967
 0.00604227 0.00942897 0.0134922 0.0180228 0.0228764 0.0279734 0.0332057 0.0383626 0.0431558 0.0473015 0.0505945 0.0529518 0.054431 0.0552122 0.055533 0.0556054 0.0555464 0.0553338 0.0547755 0.0534974 0.0509961 0.0468049 0.0407518 0.0331758 0.0249285
 0.00641752 0.0100163 0.0143348 0.0191492 0.0243001 0.0296928 0.0351985 0.0405801 0.0455202 0.0497059 0.0528993 0.0549803 0.0559748 0.0560604 0.0555263 0.0546914 0.0538056 0.0529578 0.0520108 0.0505874 0.0481468 0.0441768 0.038463 0.0313028 0.0235013
 0.0067739 0.0105727 0.0151311 0.0202116 0.0256433 0.0313209 0.0370994 0.0427171 0.0478254 0.0520811 0.0552217 0.0571079 0.0577506 0.0573157 0.0560932 0.0544321 0.0526551 0.0509601 0.0493263 0.0474643 0.0448714 0.0410234 0.0356564 0.0289934 0.021752
 0.00715931 0.0111677 0.0159693 0.0213079 0.0269982 0.0329262 0.0389376 0.0447544 0.0500051 0.0543216 0.0574193 0.0591424 0.0594915 0.0586273 0.0568381 0.0544792 0.0518996 0.0493585 0.046933 0.0444498 0.0415062 0.0376289 0.0325386 0.0263812 0.0197592
 0.00753885 0.0117525 0.0167906 0.022376 0.0283062 0.034455 0.0406564 0.046618 0.0519534 0.0562832 0.0593158 0.0608905 0.0610021 0.0598036 0.0575748 0.0546643 0.0514248 0.0481438 0.0449639 0.0418148 0.0384115 0.0343732 0.0294486 0.023731 0.0177071
 0.00791116 0.0123354 0.0176265 0.0234909 0.0297076 0.0361281 0.0425579 0.0486711 0.0540537 0.0583144 0.0611677 0.0624718 0.0622442 0.0606563 0.0579941 0.0546 0.050815 0.0469255 0.0431037 0.0393517 0.0354906 0.0312449 0.0264206 0.021087 0.0156302
 0.00819431 0.0127877 0.0182933 0.0244121 0.0309136 0.0376325 0.0443446 0.0506834 0.0561921 0.0604457 0.0631442 0.0641537 0.0635214 0.06146 0.0582945 0.0543894 0.0500883 0.0456704 0.0413132 0.0370569 0.0327993 0.0283572 0.0236014 0.0185978 0.013653
 0.0084961 0.013252 0.018945 0.0252621 0.0319646 0.0388853 0.0457976 0.0523225 0.0579768 0.0622996 0.0649544 0.0657845 0.0648363 0.0623465 0.0586804 0.0542451 0.0494157 0.0444874 0.039648 0.0349613 0.0303741 0.0257706 0.0210753 0.0163573 0.0118615
 0.00888139 0.0138378 0.0197514 0.0262822 0.0331698 0.0402352 0.0472455 0.0538179 0.0594673 0.0637337 0.0662816 0.0669498 0.0657748 0.0629845 0.0589453 0.0540803 0.0487905 0.0434004 0.0381262 0.0330633 0.0282011 0.0234739 0.0188443 0.0143819 0.01028
 0.00935874 0.0145629 0.0207483 0.0275398 0.034648 0.0418738 0.0489696 0.0555383 0.0610853 0.0651534 0.0674257 0.0677697 0.0662509 0.0631163 0.0587382 0.053535 0.0479028 0.0421689 0.0365655 0.0312181 0.0261575 0.0213623 0.0168254 0.0126129 0.00887264
