SBPRF35
12.7214
Curr Bio
843254
B35
890446
F35
0.172784
FOFL
0.165099
OFL
115008
Bzero
3.63469e+006
#pred survey bio
 3.53756e+006 3.40151e+006 3.27936e+006 3.10024e+006 2.89196e+006 2.67924e+006 2.44362e+006 2.2219e+006 1.99239e+006 1.78053e+006 1.56048e+006 1.37771e+006 1.20549e+006 1.05252e+006 964796 848734 768665 699560 661011 632415 604480 567343 557196 537320 521324 513282 516693 524074 530694 529778 535739 541969 545204 555891 570706 594945 611947 615740 626609 642514 648387 656095 665588 673801 676204 684108 684633 691113 699080 694354 699477 726441 757869 795389 818624 828684 848651 3.00366e+007 1.8278e+007 1.87762e+007 1.97053e+007 2.08964e+007 2.21616e+007 2.33663e+007 2.44347e+007 2.53368e+007 2.60729e+007 2.66592e+007 2.71185e+007 2.74744e+007 2.77481e+007 2.79578e+007 2.81184e+007 2.82413e+007 2.83357e+007 2.84084e+007 2.84645e+007 2.85081e+007 2.85421e+007 2.85688e+007 2.85897e+007 2.86063e+007 2.86194e+007 2.86298e+007 2.86382e+007 2.86448e+007 2.86502e+007 2.86545e+007 2.8658e+007 2.86608e+007 2.86631e+007 2.86649e+007 2.86664e+007 2.86677e+007 2.86686e+007 2.86695e+007 2.86701e+007 2.86707e+007 2.86711e+007 2.86715e+007 2.86718e+007 2.8672e+007 2.86722e+007 2.86724e+007 2.86725e+007 2.86726e+007 2.86727e+007 2.86728e+007 2.86728e+007 2.86729e+007 2.86729e+007 2.86729e+007 2.8673e+007 2.8673e+007 2.8673e+007 2.8673e+007 2.8673e+007 2.8673e+007 2.86731e+007 2.86731e+007 2.86731e+007 2.86731e+007 2.86731e+007 2.86731e+007 2.86731e+007 2.86731e+007 2.86731e+007 2.86731e+007 2.86731e+007 2.86731e+007 2.86731e+007 2.86731e+007 2.86731e+007 2.86731e+007 2.86731e+007 2.86731e+007 2.86731e+007 2.86731e+007 2.86731e+007 2.86731e+007 2.86731e+007 2.86731e+007 2.86731e+007 2.86731e+007 2.86731e+007 2.86731e+007 2.86731e+007 2.86731e+007 2.86731e+007 2.86731e+007 2.86731e+007 2.86731e+007 2.86731e+007 2.86731e+007 2.86731e+007 2.86731e+007 2.86731e+007 0 0 0 0 0 0 0 0 0 0 0 0 0 0 0 0 0 0 0 0 0 0 0 0 0
#obs survey bio
 3.37977e+006 2.49818e+006 3.08481e+006 4.5905e+006 1.90577e+006 2.34165e+006 2.33631e+006 1.80092e+006 1.84323e+006 2.04186e+006 1.02302e+006 1.23461e+006 977937 950926 669337 790477 769040 652194 730845 585972 454597 592610 470840 425333 456871 525875 402704 613241 586559 517047 736695 514922 452215 629214 610394 614973 764740 596241 754924 612266 684351 418580 877538 692688 814587 599212 607871 737957 785572 869850 538500 684598 772733 786577 946241 1.07674e+006 712911
#pred catch bio
 105292 101977 166387 206894 226747 264837 269819 293938 293067 312796 288871 285628 271165 215448 238676 202702 188012 157369 145782 142419 146855 121574 128146 122268 113256 102594 99139.1 99309.2 104292 97101 96336.6 98814 93242.3 91534.6 86079.3 94259.2 106040 100490 97494.2 106880 105538 104445 105620 109717 104498 111314 107158 106877 117787 109602 93216.4 92441.5 89669 103612 115878 108898 119437 115008 121371 123624 128682 135905 143721 151112 157557 162878 167097 170344 172786 174591 175907 176855 177533 178014 178353 178592 178759 178875 178956 179012 179052 179079 179097 179110 179119 179125 179129 179132 179134 179136 179137 179137 179138 179138 179138 179138 179139 179139 179139 179139 179139 179139 179139 179139 179139 179139 179139 179139 179139 179139 179139 179139 179139 179139 179139 179139 179139 179139 179139 179139 179139 179139 179139 179139 179139 179139 179139 179139 179139 179139 179139 179139 179139 179139 179139 179139 179139 179139 179139 179139 179139 179139 179139 179139 179139 179139 179139 179139 179139 179139 179139 179139 179139 179139 179139 179139 179139 0 0 0 0 0 0 0 0 0 0 0 0 0 0 0 0 0 0 0 0 0 0 0 0 0
#obs catch bio
 0 101581 166613 206542 226413 264814 268876 294511 293073 313185 291258 289096 275605 218371 243809 205606 189714 158152 146347 142533 148352 122244 129608 124115 114582 103273 100224 99807 104672 97123.5 95758.9 98586 93158.4 91557 86208.6 94456.8 105836 100595 97307.1 107173 105468 104554 105473 109696 103256 110750 107003 106831 117439 109091 92931.5 92514.7 89576.8 103476 116059 108648 119506
#pred cpue bio
 3.49499e+006 3.36014e+006 3.23806e+006 3.05905e+006 2.8513e+006 2.63883e+006 2.40356e+006 2.18204e+006 1.95298e+006 1.74173e+006 1.52265e+006 1.34072e+006 1.16977e+006 1.01823e+006 931278 817137 738775 671387 633875 606105 578814 542503 532630 513352 498001 490486 493997 501426 508286 507791 513921 520134 523224 533531 547844 571474 588259 592038 602617 618151 623969 631594 640953 649239 651965 659731 659913 666025 673897 669356 674207 700397 731304 768405 791284 800923 820204 2.90325e+007 1.7671e+007 1.80654e+007 1.88886e+007 2.00484e+007 2.13073e+007 2.25111e+007 2.35793e+007 2.44814e+007 2.52174e+007 2.58038e+007 2.62631e+007 2.66189e+007 2.68926e+007 2.71024e+007 2.72629e+007 2.73859e+007 2.74802e+007 2.75529e+007 2.76091e+007 2.76527e+007 2.76867e+007 2.77133e+007 2.77343e+007 2.77508e+007 2.7764e+007 2.77744e+007 2.77827e+007 2.77894e+007 2.77947e+007 2.7799e+007 2.78025e+007 2.78053e+007 2.78076e+007 2.78095e+007 2.7811e+007 2.78122e+007 2.78132e+007 2.7814e+007 2.78147e+007 2.78152e+007 2.78157e+007 2.7816e+007 2.78163e+007 2.78166e+007 2.78168e+007 2.78169e+007 2.78171e+007 2.78172e+007 2.78172e+007 2.78173e+007 2.78174e+007 2.78174e+007 2.78175e+007 2.78175e+007 2.78175e+007 2.78175e+007 2.78176e+007 2.78176e+007 2.78176e+007 2.78176e+007 2.78176e+007 2.78176e+007 2.78176e+007 2.78176e+007 2.78176e+007 2.78176e+007 2.78176e+007 2.78176e+007 2.78176e+007 2.78176e+007 2.78176e+007 2.78176e+007 2.78176e+007 2.78176e+007 2.78176e+007 2.78176e+007 2.78176e+007 2.78176e+007 2.78176e+007 2.78176e+007 2.78176e+007 2.78176e+007 2.78176e+007 2.78176e+007 2.78176e+007 2.78176e+007 2.78176e+007 2.78176e+007 2.78176e+007 2.78176e+007 2.78176e+007 2.78176e+007 2.78176e+007 2.78176e+007 2.78176e+007 2.78176e+007 2.78176e+007 2.78176e+007 2.78176e+007 0 0 0 0 0 0 0 0 0 0 0 0 0 0 0 0 0 0 0 0 0 0 0 0 0
#obs cpue bio
 2.59789e+006 4.78154e+006 4.27645e+006 3.0342e+006 3.03614e+006 3.00557e+006 3.19672e+006 1.65174e+006 2.2529e+006 1.55459e+006 1.1732e+006 1.13818e+006 1.04012e+006 756491 1.05435e+006 824506 888699 709440 570530 742632 485572 461359 470076 420193 542459 515141 409391 566026 523716 578034 620831 468482 546239 453935 396619 560135 734651 438270 602247 506841 725599 844980 601244 626032 1.43365e+006 520480 540438 558142 888163 641961 711342 580095 740129 947861 572672 714748 875239
#pred surv len freq
 0.00422966 0.00693529 0.0105673 0.0151551 0.0206215 0.0266989 0.0329047 0.0386653 0.0435295 0.0473093 0.0500581 0.0519512 0.053181 0.0539109 0.0542697 0.0543659 0.0543057 0.05419 0.0540512 0.0537264 0.052747 0.0503878 0.0459691 0.0393008 0.0309686
 0.00451101 0.00731894 0.0110111 0.015581 0.0209466 0.026878 0.0329576 0.0386642 0.0435523 0.0473898 0.0501693 0.0520321 0.0531866 0.0538508 0.054211 0.0543981 0.0544873 0.0545023 0.0543842 0.0539118 0.0526278 0.0498949 0.0451598 0.0383356 0.0300377
 0.00456263 0.00745741 0.0113143 0.0161396 0.0218225 0.028051 0.0342956 0.0399513 0.0445721 0.0480159 0.0504009 0.0519578 0.0529145 0.0534611 0.0537549 0.0539214 0.0540394 0.0541149 0.0540376 0.053524 0.0520882 0.0491293 0.0441852 0.0372639 0.0290246
 0.0047192 0.00769111 0.0116325 0.0165489 0.0223437 0.0287316 0.035201 0.0411254 0.0459833 0.0495244 0.0517852 0.0529949 0.0534662 0.0535127 0.0533908 0.0532693 0.053222 0.0532229 0.0531154 0.0525661 0.0510557 0.04799 0.0429582 0.0360347 0.0279147
 0.00494229 0.00805029 0.0121648 0.0172823 0.0232879 0.0298687 0.0364826 0.0424856 0.0473608 0.0508767 0.0530737 0.0541516 0.0543765 0.0540405 0.0534353 0.0528111 0.0523274 0.0520071 0.0516944 0.0510236 0.0494404 0.0463401 0.041332 0.0345232 0.0266212
 0.00516236 0.00841 0.0127099 0.0180569 0.0243259 0.0311795 0.0380355 0.0442026 0.0491277 0.0525687 0.0545837 0.0554052 0.0553244 0.0546365 0.0536215 0.0525277 0.0515435 0.0507472 0.0500399 0.0490897 0.0473512 0.0442181 0.0393013 0.0327073 0.0251237
 0.00544964 0.00886974 0.0133888 0.0189948 0.0255505 0.0326968 0.0398177 0.0461801 0.0511926 0.0545892 0.056423 0.0569403 0.0564604 0.0553123 0.0538026 0.052193 0.0506784 0.0493544 0.0481588 0.0468121 0.0448206 0.0416149 0.0368188 0.0305212 0.0233595
 0.00569644 0.00927872 0.0140185 0.0199042 0.0267866 0.034276 0.0417069 0.0482924 0.0534014 0.0567539 0.0584105 0.0586344 0.0577641 0.0561479 0.0541134 0.051943 0.0498505 0.0479509 0.0462118 0.0444012 0.0420878 0.0387612 0.0340767 0.0281075 0.0214242
 0.0059627 0.00971334 0.0146766 0.0208404 0.0280469 0.0358834 0.0436442 0.0504907 0.0557438 0.0590917 0.0605862 0.0605027 0.0592066 0.0570793 0.0544786 0.0517095 0.0490026 0.0464901 0.0441678 0.0418512 0.039175 0.0356986 0.0311199 0.0255003 0.0193376
 0.00624044 0.0101625 0.0153486 0.0217826 0.0292957 0.0374521 0.0455095 0.052586 0.0579657 0.0613153 0.0626807 0.0623416 0.0606749 0.0580797 0.0549369 0.051576 0.0482497 0.0451127 0.0421906 0.0393468 0.0362837 0.0326336 0.028143 0.0228657 0.0172259
 0.00655936 0.0106849 0.0161418 0.0229105 0.0308048 0.0393502 0.047745 0.0550425 0.0604809 0.0637153 0.0648113 0.0640843 0.0619476 0.0588294 0.0551297 0.0511898 0.047271 0.0435399 0.0400467 0.0366998 0.0332688 0.0294608 0.0250733 0.020155 0.0150571
 0.00679155 0.011072 0.016743 0.0237885 0.0320155 0.040924 0.0496659 0.0572366 0.0628211 0.0660418 0.0669565 0.065897 0.0633104 0.0596668 0.0554045 0.0508909 0.0464006 0.0421088 0.0380821 0.0342653 0.0304879 0.0265263 0.0222273 0.0176368 0.0130391
 0.00705786 0.0115042 0.0173926 0.0247044 0.0332363 0.0424654 0.0515053 0.0593045 0.065006 0.0682053 0.0689523 0.0675872 0.064579 0.0604301 0.0556158 0.0505369 0.0454925 0.0406731 0.0361609 0.0319291 0.0278549 0.0237727 0.0195718 0.0152952 0.0111668
 0.00734876 0.011974 0.0180934 0.025682 0.0345211 0.0440579 0.053362 0.0613333 0.0670792 0.0701834 0.0707067 0.069012 0.0655945 0.0609812 0.0556708 0.0500856 0.0445436 0.0392524 0.0343133 0.029727 0.0254113 0.0212473 0.0171576 0.0131795 0.00948202
 0.0073356 0.0119795 0.0181526 0.0258468 0.0348512 0.0446048 0.0541524 0.0623607 0.0683044 0.0715416 0.0721144 0.0703744 0.0668123 0.0619593 0.0563258 0.0503527 0.044381 0.0386456 0.033279 0.0283193 0.0237274 0.0194275 0.0153694 0.0115849 0.00819772
 0.00746339 0.0121976 0.0185002 0.0263683 0.0355876 0.0455798 0.0553567 0.063743 0.0697754 0.0729884 0.0734215 0.0714436 0.0675762 0.0623843 0.0564049 0.0500919 0.0437896 0.0377342 0.0320674 0.0268492 0.0220751 0.0177065 0.0137176 0.0101349 0.00704274
 0.00755683 0.0123367 0.0186875 0.0266019 0.0358681 0.045918 0.0557766 0.0642759 0.070444 0.0737899 0.0743172 0.0723612 0.0684244 0.0630731 0.0568624 0.0502727 0.0436731 0.0373192 0.031369 0.0259025 0.0209426 0.0164807 0.0125115 0.0090588 0.00617616
 0.00773406 0.0126093 0.0190677 0.0270882 0.0364437 0.0465505 0.0564213 0.0648832 0.0709751 0.0742305 0.0746798 0.0726715 0.0686992 0.0633046 0.0570168 0.0503022 0.0435325 0.036978 0.0308189 0.0251607 0.0200538 0.0155167 0.0115611 0.00820946 0.00549133
 0.00780766 0.0127208 0.0192204 0.0272797 0.0366665 0.0467937 0.0566715 0.0651261 0.0711977 0.0744259 0.0748517 0.0728338 0.0688709 0.0634978 0.0572253 0.050496 0.043663 0.0369922 0.0306757 0.0248452 0.0195842 0.0149424 0.0109527 0.00764047 0.00501873
 0.00793676 0.01291 0.0194664 0.0275658 0.0369665 0.0470796 0.0569197 0.0653206 0.0713308 0.0744984 0.0748728 0.0728199 0.0688424 0.0634751 0.0572222 0.0505132 0.0436834 0.0369825 0.0305967 0.0246666 0.0192983 0.0145706 0.0105402 0.00724177 0.00467979
 0.00798314 0.0130034 0.0196387 0.0278529 0.0373943 0.047644 0.0575728 0.0659752 0.0718864 0.074875 0.0750344 0.0727775 0.0686405 0.0631725 0.0568758 0.0501671 0.0433625 0.0366902 0.0303186 0.0243803 0.0189871 0.0142343 0.0101976 0.00692286 0.00441301
 0.00814695 0.0132559 0.019994 0.0283176 0.0379694 0.0483259 0.0583485 0.0668119 0.0727214 0.0756165 0.0755782 0.0730368 0.0685758 0.0628046 0.0562772 0.0494355 0.0425918 0.0359501 0.0296466 0.0237866 0.0184662 0.0137784 0.00980471 0.0065979 0.0041615
 0.00810481 0.0131916 0.0199052 0.0282061 0.037842 0.0481962 0.0582392 0.0667556 0.0727567 0.0757767 0.075874 0.0734425 0.0690275 0.0632184 0.0565782 0.0495838 0.0425905 0.0358338 0.0294607 0.0235694 0.018242 0.0135609 0.0096034 0.00642189 0.00401897
 0.00806566 0.013147 0.019873 0.0282134 0.0379165 0.0483533 0.0584717 0.067034 0.0730409 0.0760322 0.0760838 0.0736078 0.0691576 0.0633168 0.0566345 0.0495772 0.0425031 0.0356637 0.0292253 0.0232986 0.017967 0.0133057 0.00938303 0.00624363 0.00388453
 0.00806952 0.0131401 0.0198399 0.0281358 0.0377835 0.0481741 0.058282 0.0668884 0.0729912 0.0761036 0.0762647 0.0738588 0.069432 0.0635772 0.0568575 0.0497486 0.0426118 0.0357015 0.0291919 0.0232049 0.0178337 0.0131571 0.00924043 0.00612167 0.00379021
 0.00815757 0.013256 0.0199631 0.028229 0.0378007 0.0480761 0.0580528 0.0665453 0.0725851 0.0757096 0.0759628 0.0737089 0.0694554 0.0637523 0.0571328 0.0500633 0.0429125 0.0359508 0.0293693 0.0233058 0.0178668 0.0131403 0.00919535 0.00606761 0.00374071
 0.00807632 0.0131414 0.0198218 0.0280744 0.0376445 0.0479176 0.0578733 0.0663163 0.0722873 0.0753533 0.0755956 0.0734052 0.0692901 0.0637731 0.0573429 0.0504229 0.043355 0.0364047 0.0297765 0.0236308 0.0180978 0.0132844 0.0092712 0.00609782 0.00374567
 0.00792435 0.0129044 0.0194852 0.0276354 0.0371164 0.0473334 0.057286 0.065789 0.0718752 0.0750847 0.0754679 0.0733987 0.0693886 0.0639756 0.0576579 0.0508506 0.0438738 0.0369693 0.03033 0.0241212 0.0184914 0.0135706 0.00945898 0.00620825 0.00380313
 0.00781498 0.0127245 0.0192114 0.0272463 0.0365997 0.0466956 0.056562 0.0650439 0.0711933 0.0745494 0.0751397 0.0733015 0.0695095 0.0642768 0.0580946 0.0513836 0.0444705 0.0375974 0.0309513 0.0246937 0.0189781 0.0139496 0.00972781 0.00638117 0.00390352
 0.00781322 0.012714 0.0191806 0.0271781 0.0364733 0.0464912 0.0562668 0.0646584 0.0707362 0.0740594 0.0746719 0.0729172 0.069261 0.0641943 0.0581804 0.0516166 0.0448162 0.0380166 0.031404 0.0251405 0.0193829 0.0142848 0.00998031 0.00655313 0.00400894
 0.00785309 0.0127575 0.0192069 0.0271541 0.0363623 0.046266 0.0559215 0.0642114 0.0702252 0.0735321 0.0741779 0.0725037 0.0689697 0.0640566 0.0582114 0.0518112 0.0451493 0.0384481 0.0318865 0.0256265 0.0198308 0.0146637 0.0102736 0.00675991 0.00414093
 0.00790165 0.0128322 0.0193099 0.0272808 0.0364976 0.0463815 0.0559765 0.0641619 0.0700394 0.0732061 0.0737428 0.0720178 0.0685019 0.0636697 0.0579512 0.051702 0.0451931 0.0386263 0.032164 0.0259585 0.0201713 0.0149738 0.0105275 0.00694727 0.00426545
 0.00796589 0.0129328 0.0194537 0.0274709 0.0367315 0.0466484 0.0562544 0.0644156 0.0702234 0.0732737 0.0736596 0.0717753 0.0681246 0.0632116 0.0574827 0.0512917 0.044892 0.0384593 0.0321286 0.0260298 0.0203109 0.0151406 0.0106869 0.00707752 0.00435859
 0.00799811 0.0129764 0.0195036 0.0275174 0.0367643 0.0466621 0.0562516 0.0644063 0.0702189 0.0732787 0.0736664 0.0717648 0.0680739 0.0631062 0.0573267 0.05111 0.0447232 0.0383418 0.0320869 0.0260674 0.0204112 0.0152749 0.0108251 0.00719674 0.00444758
 0.00794623 0.0129034 0.0194143 0.0274223 0.0366753 0.0465863 0.0561884 0.0643495 0.0701638 0.0732284 0.0736317 0.0717569 0.0680956 0.0631475 0.0573695 0.0511393 0.0447364 0.0383508 0.0321111 0.0261224 0.0205002 0.0153874 0.0109428 0.00730167 0.0045287
 0.00775019 0.0126046 0.0190026 0.0269044 0.0360755 0.0459459 0.0555634 0.0638044 0.069759 0.073005 0.0736027 0.0719088 0.068397 0.0635578 0.0578444 0.051635 0.0452155 0.0387883 0.032497 0.0264581 0.0207912 0.0156365 0.0111485 0.00746127 0.00464262
 0.00770276 0.0125134 0.0188402 0.026639 0.0356819 0.0454211 0.0549391 0.063147 0.0691537 0.072532 0.0733169 0.0718308 0.0685163 0.0638415 0.0582479 0.05211 0.0457166 0.0392771 0.0329461 0.026852 0.0211245 0.0159094 0.0113635 0.00762217 0.00475491
 0.00774481 0.0125833 0.0189463 0.0267852 0.0358607 0.0456066 0.0550851 0.0631975 0.0690643 0.0722923 0.0729602 0.0714238 0.0681344 0.0635454 0.0580696 0.0520524 0.0457609 0.0393936 0.0331029 0.0270221 0.0212882 0.0160551 0.0114849 0.00771691 0.00482357
 0.0077344 0.0125642 0.0189143 0.0267366 0.035795 0.0455286 0.0550051 0.0631254 0.0690018 0.0722279 0.0728741 0.0713014 0.0679805 0.0633872 0.0579465 0.051999 0.0457936 0.0395063 0.0332733 0.0272206 0.0214872 0.0162341 0.0116323 0.00782877 0.00490182
 0.00761654 0.0123899 0.0186842 0.0264622 0.0354952 0.0452244 0.054716 0.0628695 0.0687972 0.0720912 0.0728147 0.0713167 0.0680553 0.0635012 0.058085 0.0521589 0.0459809 0.0397267 0.0335235 0.0274859 0.0217463 0.0164658 0.011822 0.00797116 0.00499961
 0.00760298 0.0123609 0.0186282 0.0263664 0.0353509 0.0450344 0.0544989 0.0626564 0.0686201 0.0719707 0.0727547 0.0713076 0.0680823 0.0635509 0.0581485 0.0522332 0.0460678 0.0398319 0.0336512 0.0276347 0.0219065 0.0166223 0.01196 0.00808069 0.00507792
 0.00758184 0.012327 0.0185778 0.026295 0.0352529 0.0449033 0.0543299 0.0624512 0.0683916 0.0717444 0.0725635 0.071181 0.0680359 0.0635826 0.0582424 0.0523679 0.0462252 0.0400004 0.0338253 0.0278107 0.0220791 0.0167831 0.0120993 0.00819117 0.0051574
 0.00745004 0.012135 0.01833 0.0260096 0.0349564 0.0446217 0.0540811 0.062243 0.0682246 0.0716171 0.0724765 0.0711404 0.0680519 0.0636643 0.0583915 0.0525756 0.0464736 0.0402683 0.034094 0.0280664 0.0223118 0.0169855 0.0122657 0.0083187 0.00524729
 0.00732822 0.0119393 0.0180413 0.025616 0.0344602 0.0440479 0.053482 0.0616913 0.0677934 0.0713556 0.0723967 0.0712204 0.0682534 0.0639499 0.0587339 0.0529568 0.0468789 0.0406817 0.0344973 0.0284414 0.0226436 0.017264 0.0124861 0.00848176 0.00535899
 0.00746924 0.012123 0.0182335 0.0257562 0.0344776 0.0438878 0.0531293 0.0611791 0.067194 0.0707596 0.07189 0.0708644 0.0680743 0.0639393 0.0588603 0.0531806 0.0471641 0.0409998 0.0348255 0.02876 0.0229352 0.0175147 0.0126876 0.00863225 0.00546257
 0.00756851 0.0122846 0.0184739 0.0260821 0.0348746 0.044308 0.0534881 0.0613723 0.0671355 0.0704224 0.0713242 0.0701818 0.0674059 0.0633925 0.058493 0.0530003 0.0471431 0.0410947 0.0349922 0.0289613 0.023142 0.0177054 0.0128482 0.00875589 0.00554951
 0.00757998 0.0123232 0.0185687 0.0262724 0.0351989 0.0447861 0.0541023 0.062058 0.0677866 0.0709141 0.071548 0.0700813 0.0669998 0.0627696 0.0577813 0.0523231 0.0465856 0.0406925 0.0347399 0.02883 0.0230955 0.0177104 0.0128781 0.00879251 0.00558209
 0.0074781 0.0121715 0.0183682 0.0260377 0.0349603 0.0445888 0.054002 0.0621082 0.0680183 0.0713144 0.0720505 0.0705793 0.0673802 0.0629536 0.057752 0.0521268 0.0463068 0.0404179 0.0345295 0.0287065 0.0230512 0.017721 0.0129169 0.00883819 0.00562193
 0.00742168 0.0120726 0.0182072 0.0257946 0.0346232 0.0441659 0.0535317 0.0616591 0.0676757 0.0711561 0.072121 0.0708718 0.0678338 0.0634696 0.0582252 0.0524806 0.0465163 0.0405079 0.0345527 0.0287148 0.0230759 0.0177692 0.0129792 0.00890054 0.00567357
 0.0075595 0.0122731 0.0184641 0.0260843 0.0349078 0.0444009 0.0536748 0.0616804 0.0675675 0.0709409 0.0718509 0.0706146 0.0676484 0.0633831 0.0582229 0.052516 0.0465356 0.0404764 0.0344679 0.0286007 0.0229649 0.0176851 0.0129297 0.00887993 0.00567061
 0.00763997 0.0124008 0.0186492 0.0263309 0.0352092 0.044734 0.0539978 0.0619376 0.0677043 0.0709233 0.0716802 0.070329 0.0673121 0.0630648 0.0579739 0.0523551 0.0464478 0.0404274 0.0344239 0.0285447 0.0228993 0.0176227 0.0128823 0.00885151 0.00565808
 0.00745803 0.0121336 0.0183006 0.0259243 0.0347827 0.0443309 0.0536574 0.0616889 0.0675621 0.070885 0.0717278 0.0704373 0.0674597 0.0632432 0.0581867 0.0526092 0.0467419 0.0407447 0.0347363 0.0288233 0.0231255 0.0177926 0.0130026 0.00893352 0.00571209
 0.00731982 0.0119014 0.0179395 0.025403 0.0340875 0.0434843 0.0527305 0.0607953 0.0668282 0.0704108 0.0715583 0.0705577 0.0678129 0.0637552 0.0587893 0.0532517 0.0473907 0.0413762 0.0353286 0.0293534 0.0235733 0.0181469 0.0132643 0.00911372 0.00582774
 0.00726815 0.0118015 0.0177592 0.0251009 0.0336211 0.0428251 0.0518813 0.0598028 0.0657846 0.0694411 0.0707951 0.0701089 0.0677325 0.0640317 0.0593557 0.0540121 0.0482483 0.0422511 0.0361619 0.030104 0.0242136 0.0186615 0.0136513 0.00938422 0.00600248
 0.00729723 0.0118488 0.0178285 0.0251909 0.0337191 0.0429009 0.0518854 0.0596752 0.0654752 0.0689357 0.070133 0.0693818 0.0670625 0.0635353 0.0591103 0.0540368 0.0485078 0.0426753 0.036671 0.0306268 0.0246964 0.0190701 0.01397 0.00961297 0.00615305
 0.00736326 0.0119565 0.0179911 0.0254199 0.0340207 0.0432692 0.0522954 0.060078 0.0658008 0.0691056 0.070081 0.0690787 0.0665342 0.0628646 0.0584162 0.053439 0.0480908 0.0424694 0.0366544 0.0307452 0.0248861 0.0192759 0.0141542 0.00975674 0.00625291
 0.00724267 0.0117871 0.0177857 0.0252084 0.0338431 0.0431641 0.0522886 0.0601769 0.065993 0.0693584 0.0703439 0.0692897 0.0666357 0.0628237 0.0582416 0.0531836 0.0478339 0.0422867 0.0365908 0.0308034 0.0250339 0.0194656 0.0143414 0.00991243 0.00636575
#obs surv len freq
 nan nan nan nan nan nan nan nan nan nan nan nan nan nan nan nan nan nan nan nan nan nan nan nan nan
 0.00448543 0.00734711 0.0111774 0.0159939 0.0216946 0.0279699 0.0342837 0.0400145 0.0446936 0.048157 0.0505145 0.0520101 0.052902 0.0534142 0.0537283 0.053983 0.0542615 0.0545542 0.0546929 0.0542848 0.0527229 0.0493551 0.043805 0.0362852 0.0276691
 0.00461869 0.00756566 0.0115094 0.0164658 0.0223243 0.0287569 0.0351991 0.0409987 0.0456646 0.0490268 0.0512059 0.052468 0.0530989 0.0533497 0.053425 0.0534784 0.0535993 0.0537773 0.0538405 0.053394 0.0518327 0.048509 0.043048 0.0356555 0.0271878
 0.00477904 0.00782842 0.0119088 0.0170352 0.0230897 0.0297268 0.036353 0.0422816 0.0469919 0.0502975 0.0523177 0.0533301 0.0536421 0.0535335 0.0532412 0.0529491 0.0527698 0.0527071 0.0525961 0.0520456 0.0504555 0.0471834 0.0418538 0.0346585 0.0264244
 0.00495854 0.00812352 0.0123592 0.0176799 0.0239603 0.0308352 0.0376794 0.0437692 0.048554 0.0518316 0.0537194 0.0545014 0.0544967 0.0540024 0.0532789 0.0525405 0.0519322 0.0514891 0.0510729 0.0503144 0.0486312 0.0453926 0.0402213 0.0332863 0.0253697
 0.00518804 0.00849534 0.0129165 0.0184625 0.0249977 0.0321352 0.0392163 0.045479 0.0503412 0.0535861 0.055332 0.0558732 0.0555416 0.0546475 0.0534667 0.052232 0.0511146 0.0501829 0.0493385 0.0482551 0.0463909 0.0431434 0.0381399 0.0315198 0.0240039
 0.0054138 0.00886936 0.0134922 0.0192935 0.0261263 0.0335753 0.0409361 0.0473965 0.0523386 0.0555341 0.0571116 0.0573849 0.0567054 0.055398 0.0537491 0.0520019 0.0503423 0.0488641 0.0475092 0.0460062 0.0438737 0.0405595 0.0357089 0.0294323 0.022377
 0.00565201 0.0092572 0.0140775 0.0201226 0.0272369 0.0349845 0.0426257 0.0493053 0.0543666 0.0575582 0.0590036 0.0590269 0.0579989 0.056267 0.0541371 0.0518659 0.0496506 0.0476018 0.0456948 0.0437129 0.0412457 0.0378077 0.0330779 0.027145 0.0205779
 0.00589888 0.00966236 0.0146942 0.0210024 0.0284193 0.0364809 0.0444037 0.0512852 0.0564343 0.0595886 0.06088 0.0606487 0.0592811 0.0571383 0.0545385 0.05175 0.0489815 0.0463596 0.0438886 0.0414033 0.0385662 0.034967 0.0303305 0.0247323 0.0186645
 0.00613207 0.0100451 0.0152773 0.0218359 0.0295436 0.0379116 0.0461164 0.053208 0.0584579 0.0615861 0.0627282 0.0622419 0.0605357 0.0579909 0.0549403 0.0516609 0.048367 0.0451957 0.0421761 0.0391907 0.0359729 0.0321901 0.0276192 0.0223308 0.0167455
 0.00637005 0.0104335 0.0158647 0.0226685 0.0306569 0.0393166 0.0477853 0.055069 0.0604048 0.0634982 0.064489 0.0637506 0.0617117 0.0587737 0.0552864 0.0515386 0.0477514 0.044069 0.0405386 0.0370833 0.033501 0.029534 0.0250134 0.0200102 0.0148815
 0.00662194 0.0108474 0.0164952 0.0235683 0.0318647 0.0408397 0.0495822 0.0570457 0.0624299 0.0654308 0.0662042 0.0651523 0.062734 0.0593759 0.0554461 0.0512437 0.0469945 0.0428468 0.0388603 0.0349899 0.0310888 0.0269665 0.022505 0.0177788 0.0130875
 0.00684027 0.0112071 0.0170455 0.0243583 0.0329341 0.0422033 0.0512138 0.0588709 0.0643349 0.0672829 0.0678736 0.0665292 0.0637376 0.059957 0.0555825 0.0509325 0.0462423 0.041665 0.0372699 0.0330362 0.0288618 0.0246125 0.0202139 0.0157437 0.0114512
 0.00704373 0.0115417 0.0175562 0.0250894 0.0339204 0.0434563 0.0527076 0.060537 0.0660711 0.0689722 0.0694024 0.0677986 0.0646697 0.0604977 0.0557023 0.0506237 0.0455135 0.0405364 0.0357732 0.0312241 0.0268226 0.0224786 0.0181519 0.0139205 0.00998917
 0.00726151 0.0118967 0.0180922 0.0258469 0.0349281 0.0447179 0.0541883 0.0621596 0.0677273 0.0705439 0.0707819 0.0689004 0.0654334 0.0608864 0.0556994 0.0502287 0.0447388 0.0394053 0.0343222 0.0295095 0.0249303 0.0205293 0.0162913 0.0122903 0.00869028
 0.00741168 0.0121468 0.0184797 0.0264101 0.0356989 0.0457089 0.0553798 0.0634953 0.0691218 0.0718988 0.0720022 0.069905 0.0661603 0.0612942 0.0557661 0.0499489 0.0441206 0.0384683 0.0330998 0.0280545 0.0233218 0.0188751 0.0147172 0.0109159 0.00759863
 0.00751969 0.0123216 0.0187417 0.0267796 0.0361936 0.0463402 0.0561473 0.0643814 0.0700904 0.072898 0.0729689 0.0707718 0.0668626 0.061777 0.0559888 0.0498874 0.0437664 0.0378289 0.0321992 0.0269372 0.0220573 0.0175573 0.0134545 0.00980976 0.00671899
 0.00757609 0.0124086 0.0188644 0.0269408 0.0363958 0.0465875 0.0564462 0.0647404 0.0705175 0.0733958 0.0735299 0.0713729 0.0674635 0.0623229 0.0564184 0.0501429 0.0438031 0.0376217 0.0317468 0.0262653 0.0212199 0.0166338 0.0125383 0.00898959 0.00605779
 0.0076424 0.0125094 0.0190029 0.027115 0.036599 0.0468096 0.0566758 0.0649676 0.0707374 0.0736124 0.0737554 0.0716222 0.067744 0.062626 0.0567151 0.0503873 0.0439421 0.0376074 0.0315493 0.0258822 0.0206804 0.0159959 0.0118782 0.0083827 0.00556014
 0.00772228 0.0126332 0.0191775 0.0273417 0.036872 0.0471152 0.0569918 0.0652653 0.0709887 0.073798 0.0738719 0.0716828 0.0677732 0.0626486 0.056746 0.0504228 0.0439585 0.0375676 0.0314156 0.0256312 0.0203145 0.0155468 0.0113988 0.00793178 0.00518433
 0.00777158 0.0127116 0.0192921 0.0274975 0.03707 0.0473506 0.057252 0.0655299 0.0712324 0.0739972 0.0740101 0.0717546 0.0677853 0.0626177 0.0566925 0.0503632 0.0438971 0.0374931 0.0313054 0.0254616 0.0200745 0.0152463 0.0110686 0.00761268 0.00491243
 0.00780622 0.012764 0.0193637 0.0275874 0.0371761 0.0474704 0.0573832 0.0656696 0.0713759 0.0741367 0.0741352 0.0718542 0.0678502 0.0626443 0.0566841 0.0503281 0.0438443 0.0374261 0.031219 0.0253447 0.0199176 0.0150506 0.0108495 0.00739568 0.00472312
 0.00782397 0.0127899 0.0193974 0.0276264 0.0372168 0.0475093 0.0574179 0.0657003 0.0714056 0.0741705 0.0741784 0.0719091 0.0679146 0.0627106 0.0567425 0.0503703 0.0438657 0.0374248 0.0311933 0.0252913 0.0198333 0.0149368 0.0107153 0.00725742 0.00459849
 0.00786175 0.0128452 0.0194691 0.0277093 0.0373026 0.0475886 0.0574826 0.0657445 0.0714267 0.0741701 0.0741625 0.0718869 0.0678951 0.0626999 0.0567414 0.0503748 0.0438686 0.0374189 0.0311726 0.0252516 0.0197728 0.0148571 0.0106227 0.00716222 0.00451231
 0.00787841 0.0128699 0.0195014 0.0277471 0.0373416 0.0476233 0.0575069 0.0657532 0.0714172 0.0741439 0.0741256 0.0718486 0.067865 0.0626854 0.0567457 0.050396 0.0439005 0.0374525 0.0311984 0.0252619 0.0197631 0.0148272 0.0105772 0.00710923 0.00446081
 0.00788066 0.0128704 0.0194966 0.0277318 0.0373109 0.0475746 0.0574422 0.0656789 0.0713422 0.0740776 0.0740753 0.0718192 0.0678596 0.062705 0.0567895 0.0504605 0.0439793 0.0375368 0.0312779 0.0253271 0.0198071 0.0148476 0.0105765 0.00709382 0.00443867
 0.00788587 0.0128773 0.0195038 0.0277366 0.0373093 0.0475622 0.0574148 0.0656341 0.0712813 0.0740059 0.074002 0.0717553 0.0678145 0.062685 0.0567967 0.0504931 0.0440326 0.0376035 0.031349 0.0253931 0.01986 0.0148827 0.0105934 0.00709596 0.00443185
 0.00790007 0.0128967 0.0195263 0.0277577 0.0373234 0.0475643 0.0574017 0.0656051 0.0712378 0.0739506 0.0739393 0.0716909 0.0677561 0.0626404 0.0567722 0.0504921 0.0440547 0.0376445 0.0314019 0.0254491 0.0199109 0.0149223 0.0106189 0.00710836 0.00443476
 0.00786473 0.0128433 0.0194532 0.0276662 0.0372169 0.0474474 0.0572805 0.0654868 0.0711309 0.0738644 0.0738815 0.0716668 0.0677668 0.0626836 0.0568434 0.0505858 0.0441647 0.0377641 0.0315236 0.0255649 0.0200128 0.0150045 0.0106789 0.00714741 0.00445688
 0.00786769 0.0128402 0.0194345 0.0276189 0.0371292 0.047315 0.0571113 0.0653005 0.070953 0.0737174 0.0737801 0.071616 0.067765 0.0627254 0.0569214 0.0506917 0.0442899 0.0378998 0.031661 0.0256956 0.0201291 0.0151005 0.0107517 0.00719745 0.00448776
 0.00786533 0.0128355 0.0194252 0.0276012 0.037097 0.0472604 0.0570258 0.0651792 0.0707987 0.0735441 0.0736111 0.0714775 0.0676778 0.0626994 0.0569547 0.0507743 0.0444078 0.0380385 0.0318072 0.0258375 0.0202573 0.015208 0.0108348 0.00725632 0.00452558
 0.00782451 0.012773 0.0193386 0.0274909 0.0369665 0.0471154 0.0568738 0.0650286 0.0706572 0.0734179 0.0735053 0.0713985 0.0676341 0.0627004 0.0570067 0.0508769 0.0445528 0.0382119 0.0319923 0.0260185 0.020421 0.0153455 0.0109416 0.00733269 0.00457544
 0.00778577 0.0127063 0.0192316 0.0273315 0.0367469 0.0468385 0.0565578 0.0647061 0.0703671 0.0731937 0.0733668 0.0713494 0.0676666 0.0628013 0.057163 0.0510772 0.044786 0.0384655 0.0322514 0.0262668 0.0206437 0.0155317 0.0110861 0.00743609 0.00464327
 0.00777188 0.0126795 0.0191832 0.0272503 0.0366208 0.0466587 0.0563231 0.0644264 0.0700644 0.0728997 0.0731169 0.0711749 0.0675868 0.0628201 0.0572705 0.0512548 0.0450128 0.0387211 0.0325171 0.026525 0.0208788 0.0157312 0.0112432 0.00754994 0.00471882
 0.00775231 0.01265 0.0191429 0.0271988 0.0365572 0.0465798 0.0562234 0.0642992 0.0699058 0.0727129 0.0729148 0.0709801 0.0674269 0.0627208 0.057248 0.0513126 0.0451416 0.0389029 0.0327298 0.0267468 0.02109 0.0159164 0.0113927 0.00766063 0.0047936
 0.00769556 0.0125583 0.0190064 0.0270102 0.036315 0.0462918 0.0559094 0.0639888 0.0696306 0.0724971 0.0727697 0.0709053 0.0674172 0.0627717 0.0573584 0.0514818 0.0453652 0.0391696 0.0330216 0.0270415 0.0213657 0.0161554 0.0115841 0.00780162 0.0048886
 0.0076812 0.0125295 0.018953 0.0269193 0.036174 0.0460937 0.0556578 0.0637 0.0693316 0.0722198 0.0725437 0.0707518 0.0673455 0.0627802 0.0574385 0.0516229 0.0455571 0.0394016 0.0332804 0.0273098 0.0216239 0.0163851 0.0117721 0.00794267 0.00498501
 0.00766063 0.0125018 0.0189213 0.0268887 0.0361479 0.0460696 0.0556248 0.0636417 0.0692332 0.0720764 0.0723655 0.0705619 0.0671728 0.0626508 0.0573694 0.0516201 0.0456176 0.0395163 0.0334363 0.0274911 0.0218127 0.0165634 0.0119252 0.00806186 0.00506897
 0.00762679 0.0124466 0.0188385 0.0267739 0.0360013 0.0458989 0.055446 0.0634756 0.069098 0.0719798 0.0723023 0.0705206 0.0671445 0.0626355 0.0573759 0.05166 0.0456993 0.0396408 0.0335968 0.0276747 0.0220027 0.0167429 0.0120799 0.00818321 0.00515518
 0.0076188 0.0124333 0.0188179 0.0267434 0.0359577 0.0458391 0.0553683 0.0633815 0.0689935 0.0718753 0.0722096 0.0704479 0.0670939 0.0626043 0.0573609 0.0516619 0.0457232 0.0396931 0.0336803 0.0277855 0.0221305 0.0168734 0.0121991 0.00828079 0.0052269
 0.00761192 0.0124241 0.0188077 0.0267343 0.0359517 0.0458365 0.0553665 0.0633754 0.0689766 0.0718427 0.0721603 0.0703859 0.067027 0.0625411 0.0573083 0.0516245 0.0457043 0.0396961 0.033708 0.0278381 0.0222033 0.0169571 0.0122823 0.00835337 0.00528282
 0.00758568 0.0123842 0.0187528 0.0266654 0.0358726 0.0457533 0.0552875 0.0633092 0.0689302 0.0718184 0.0721553 0.0703934 0.0670401 0.0625553 0.0573231 0.0516424 0.0457288 0.0397308 0.0337553 0.0278986 0.0222748 0.0170341 0.012357 0.00841842 0.00533333
 0.00756693 0.0123531 0.0187049 0.026597 0.0357816 0.0456419 0.0551633 0.0631855 0.0688228 0.0717412 0.0721163 0.0703933 0.0670724 0.0626101 0.0573898 0.0517131 0.0457997 0.0398015 0.0338273 0.027973 0.0223512 0.0171097 0.012427 0.00847797 0.00537921
 0.00754218 0.0123139 0.018648 0.0265199 0.0356832 0.0455232 0.0550283 0.0630424 0.0686835 0.0716202 0.0720278 0.0703482 0.0670756 0.0626589 0.0574751 0.0518221 0.0459197 0.0399225 0.0339436 0.0280819 0.0224513 0.0171993 0.0125039 0.00853997 0.00542534
 0.0075276 0.0122894 0.0186099 0.0264641 0.035607 0.045426 0.0549135 0.0629169 0.068557 0.0715033 0.0719303 0.0702788 0.0670415 0.0626647 0.057521 0.0519033 0.0460267 0.0400438 0.0340681 0.0282012 0.0225598 0.0172936 0.012582 0.00860094 0.00546957
 0.00752316 0.0122822 0.0185989 0.0264482 0.0355844 0.0453946 0.0548708 0.0628613 0.0684886 0.0714246 0.071847 0.0701989 0.0669741 0.0626185 0.0575027 0.0519165 0.0460704 0.0401127 0.0341534 0.0282932 0.0226496 0.0173745 0.0126499 0.00865392 0.00550783
 0.00753484 0.0122986 0.0186186 0.0264683 0.035601 0.0454039 0.0548703 0.0628493 0.0684643 0.0713873 0.071797 0.070138 0.0669068 0.0625517 0.0574455 0.0518771 0.046055 0.0401231 0.034187 0.0283434 0.0227081 0.0174332 0.0127024 0.00869636 0.00553904
 0.0075012 0.0122511 0.0185605 0.0264066 0.0355446 0.0453594 0.0548398 0.0628303 0.0684519 0.0713775 0.0717876 0.0701289 0.0668986 0.0625457 0.0574434 0.051882 0.0460705 0.0401523 0.0342307 0.0283993 0.0227707 0.0174956 0.0127582 0.0087415 0.00557203
 0.00750004 0.0122454 0.0185451 0.0263757 0.0354943 0.0452915 0.0547639 0.0627615 0.0684047 0.0713592 0.0717955 0.0701527 0.0669267 0.0625699 0.0574607 0.051894 0.0460816 0.0401675 0.0342538 0.0284317 0.0228106 0.0175388 0.0127997 0.00877676 0.0055988
 0.00749435 0.0122378 0.0185365 0.0263672 0.0354858 0.0452807 0.054746 0.0627316 0.0683619 0.0713087 0.0717479 0.070119 0.0669131 0.0625749 0.0574779 0.051916 0.0461039 0.0401893 0.034277 0.0284583 0.0228413 0.0175721 0.0128323 0.00880534 0.00562109
 0.00749435 0.0122378 0.0185365 0.0263672 0.0354858 0.0452807 0.054746 0.0627316 0.0683619 0.0713087 0.0717479 0.070119 0.0669131 0.0625749 0.0574779 0.051916 0.0461039 0.0401893 0.034277 0.0284583 0.0228413 0.0175721 0.0128323 0.00880534 0.00562109
 0.00736702 0.0120353 0.0182413 0.0259686 0.0349855 0.0446993 0.0541271 0.0621388 0.0678651 0.0709664 0.0715932 0.0701565 0.0671235 0.0629236 0.0579218 0.0524102 0.0466072 0.0406692 0.0347114 0.028835 0.0231551 0.0178227 0.0130227 0.00894158 0.00571181
 0.00727318 0.0118707 0.017972 0.0255577 0.0344042 0.0439433 0.0532318 0.061182 0.066953 0.0702088 0.0710791 0.0699378 0.06721 0.0632865 0.058504 0.0531393 0.0474083 0.0414748 0.035468 0.0295052 0.0237177 0.0182701 0.0133584 0.00917776 0.00586624
 0.00718213 0.0117217 0.0177452 0.0252323 0.03396 0.043366 0.0525206 0.0603584 0.0660664 0.0693359 0.0703147 0.0693782 0.0669313 0.0633271 0.0588561 0.0537531 0.0482054 0.0423655 0.0363667 0.0303418 0.0244434 0.0188588 0.0138047 0.00949266 0.00607185
 0.00718798 0.011724 0.0177348 0.0251945 0.0338766 0.0432175 0.0522899 0.0600332 0.0656416 0.0688186 0.0697307 0.0687771 0.0663852 0.0629176 0.0586539 0.0537973 0.0484915 0.0428474 0.0369707 0.0309858 0.0250546 0.0193854 0.0142199 0.00979305 0.00627097
 0.00722951 0.0117979 0.0178565 0.0253795 0.0341322 0.0435331 0.0526292 0.0603362 0.0658383 0.0688484 0.0695596 0.068407 0.0658548 0.0622979 0.0580368 0.0532767 0.0481416 0.0427036 0.037023 0.0311869 0.0253378 0.0196853 0.0144879 0.0100028 0.00641734
 0.00716103 0.0116983 0.0177292 0.0252373 0.0339966 0.0434307 0.052586 0.0603695 0.0659477 0.069009 0.0697235 0.0685163 0.065862 0.0621839 0.0578204 0.0530108 0.0478974 0.0425477 0.0369957 0.0312907 0.0255405 0.0199352 0.0147338 0.0102088 0.00656804
#pred catch len freq
 0.00312856 0.00507166 0.00763997 0.0108749 0.0148193 0.0194729 0.0247322 0.0303736 0.0360957 0.0415791 0.0465321 0.0507307 0.0540505 0.0564776 0.0580908 0.0590359 0.0595034 0.0596908 0.0597102 0.0594392 0.0583967 0.0558025 0.0509157 0.0435323 0.0343037
 0.00334652 0.00537163 0.00799312 0.0112264 0.0151109 0.0196743 0.0248592 0.0304768 0.0362239 0.041742 0.0466919 0.0508288 0.054053 0.0564082 0.0580296 0.0590824 0.05972 0.0600541 0.0600972 0.0596624 0.0582821 0.0552729 0.0500341 0.0424758 0.0332824
 0.00342005 0.00552405 0.00827881 0.0117046 0.0158175 0.0205865 0.0258768 0.031445 0.0369935 0.042232 0.0469097 0.0508379 0.0539208 0.056178 0.0577311 0.0587555 0.0594185 0.0598152 0.0599006 0.0594171 0.057863 0.054593 0.0491056 0.0414158 0.0322592
 0.00357347 0.00575545 0.0085985 0.0121232 0.0163591 0.0212985 0.0268202 0.0326561 0.0384328 0.0437557 0.0482979 0.0518731 0.0544713 0.0562326 0.0573739 0.0581119 0.0586094 0.0589308 0.0589846 0.0584606 0.0568202 0.0534249 0.0478297 0.0401233 0.0310827
 0.00377559 0.00607573 0.00906431 0.0127529 0.0171581 0.0222569 0.0279141 0.0338569 0.0397182 0.0451082 0.0496799 0.0531939 0.0555792 0.0569541 0.0575815 0.0577753 0.0577968 0.0577669 0.0575952 0.0569352 0.0552086 0.0517632 0.0461753 0.0385709 0.0297431
 0.00399579 0.00642814 0.00958525 0.0134749 0.0181069 0.0234442 0.0293267 0.035447 0.0414046 0.0467903 0.051258 0.0545838 0.0567094 0.0577497 0.0579554 0.0576434 0.0571135 0.0565541 0.0559409 0.0549659 0.0530592 0.0495651 0.04406 0.0366697 0.0281681
 0.00426314 0.00685043 0.0101993 0.0143108 0.0191878 0.0247839 0.0309215 0.0372646 0.0433763 0.0488107 0.0531952 0.0562982 0.0580763 0.0586747 0.0583739 0.0575104 0.0563981 0.0552501 0.0540876 0.0526627 0.0504623 0.0468698 0.0414743 0.0343826 0.0263155
 0.00452211 0.00726828 0.0108231 0.0151846 0.0203475 0.026248 0.0326786 0.0392656 0.0455357 0.051016 0.0553179 0.0582037 0.0596339 0.0597695 0.0589166 0.057441 0.0556846 0.0538877 0.0521087 0.0501542 0.0475807 0.0438364 0.0385448 0.0317951 0.0242356
 0.00479158 0.00769956 0.0114614 0.0160722 0.0215225 0.027738 0.0344885 0.0413636 0.0478439 0.0534125 0.0576492 0.0603061 0.0613559 0.0609878 0.0595412 0.0574123 0.0549683 0.052476 0.05003 0.0474927 0.0444954 0.0405632 0.0353667 0.0289824 0.0219789
 0.00510502 0.00819543 0.0121835 0.017056 0.0227938 0.0293092 0.0363506 0.0434764 0.0501327 0.0557703 0.0599447 0.0623938 0.0630899 0.0622373 0.0602024 0.0574131 0.0542673 0.051061 0.0479263 0.0447812 0.0413338 0.0371918 0.03208 0.0260665 0.0196379
 0.00542451 0.0087084 0.0129445 0.0181138 0.0241857 0.0310503 0.0384188 0.0458029 0.0526049 0.0582462 0.0622726 0.064429 0.0647072 0.0633365 0.0607086 0.0572736 0.0534486 0.0495514 0.0457473 0.0420083 0.0381193 0.0337719 0.0287483 0.0231112 0.0172662
 0.00570231 0.00915641 0.0136136 0.0190533 0.0254389 0.0326455 0.040354 0.0480315 0.055029 0.0607234 0.0646328 0.0664998 0.066339 0.0644198 0.0611777 0.0570968 0.0526154 0.0480667 0.0436387 0.0393474 0.035047 0.0305083 0.0255697 0.0202909 0.015002
 0.00600528 0.00963723 0.0143169 0.0200167 0.0266917 0.0342035 0.0422095 0.0501412 0.0573087 0.0630503 0.0668564 0.0684592 0.0678841 0.0654318 0.0615805 0.0568575 0.0517346 0.0465679 0.0415672 0.0367833 0.0321259 0.0274326 0.0225906 0.0176563 0.0128911
 0.00623669 0.0100095 0.014871 0.0207915 0.0277206 0.0355077 0.0437869 0.0519566 0.0592898 0.0650923 0.0688319 0.0702308 0.0693198 0.0664192 0.0620376 0.0567366 0.0510219 0.0452796 0.0397489 0.0345169 0.0295419 0.0247159 0.0199641 0.0153372 0.011035
 0.00635128 0.0102044 0.0151809 0.0212562 0.0283795 0.0363897 0.0448987 0.0532758 0.0607658 0.0666525 0.0703887 0.071688 0.0705785 0.0673841 0.0626245 0.0568793 0.0506777 0.0444345 0.0384235 0.0327739 0.0274939 0.0225255 0.0178256 0.013438 0.00950961
 0.0064613 0.0103905 0.0154758 0.0216984 0.0290094 0.0372405 0.0459838 0.0545762 0.0622235 0.0681736 0.0718566 0.0729845 0.0716048 0.0680731 0.0629396 0.0568046 0.0502077 0.0435724 0.0371879 0.0312126 0.0256962 0.0206248 0.0159836 0.0118108 0.00820789
 0.00656985 0.0105531 0.0156963 0.0219758 0.0293444 0.0376442 0.0464806 0.0551978 0.062993 0.0690877 0.0728742 0.0740277 0.0725732 0.0688651 0.0634718 0.0570216 0.0500827 0.0431011 0.036386 0.0301201 0.0243855 0.0192035 0.0145835 0.0105607 0.00720066
 0.00668448 0.0107287 0.0159403 0.0222872 0.029714 0.0380564 0.0469167 0.0556406 0.0634349 0.0695347 0.0733422 0.0745283 0.0730969 0.0693724 0.0638979 0.0572931 0.0501355 0.042894 0.0359071 0.0293895 0.0234571 0.0181633 0.0135379 0.00961485 0.00643193
 0.00674253 0.0108163 0.0160596 0.0224361 0.0298874 0.0382481 0.0471202 0.05585 0.0636451 0.0697442 0.0735558 0.0747581 0.0733571 0.0696685 0.064215 0.0575904 0.0503525 0.0429666 0.0357866 0.0290587 0.0229377 0.0175141 0.0128425 0.00896044 0.00588628
 0.00687605 0.0110125 0.0163159 0.0227363 0.030206 0.0385571 0.0473961 0.0560758 0.0638116 0.0698498 0.0736073 0.07477 0.0733497 0.0696633 0.0642277 0.0576223 0.0503846 0.042961 0.0356982 0.0288522 0.0226045 0.0170795 0.0123598 0.00849356 0.00548922
