SBPRF35
9.69072
Curr Bio
637255
B35
734038
F35
0.191769
FOFL
0.164212
OFL
83652.9
Bzero
2.76878e+006
#pred survey bio
 4.23447e+006 4.0396e+006 3.84935e+006 3.61719e+006 3.3503e+006 3.0573e+006 2.77355e+006 2.45089e+006 2.19391e+006 1.94226e+006 1.73015e+006 1.54914e+006 1.342e+006 1.16019e+006 1.02745e+006 936043 839998 765430 713526 666761 649613 625896 618329 607641 600016 588257 591612 588728 578189 573631 575212 570403 570915 560017 553474 538388 531211 523693 524754 521037 528691 538167 544546 550910 556066 562397 558293 557563 558815 564818 580037 574088 540479 609700 639697 672636 664627 633738 590251 560642 581208 657587 630604 601365 576016 543063 605042 670880 643050 2.23788e+007 1.3461e+007 1.37798e+007 1.45876e+007 1.56776e+007 1.6832e+007 1.79064e+007 1.88295e+007 1.95816e+007 2.01728e+007 2.0626e+007 2.09679e+007 2.1223e+007 2.14122e+007 2.15523e+007 2.1656e+007 2.17329e+007 2.17902e+007 2.1833e+007 2.18653e+007 2.18896e+007 2.19082e+007 2.19223e+007 2.19332e+007 2.19416e+007 2.19481e+007 2.19531e+007 2.1957e+007 2.19601e+007 2.19625e+007 2.19643e+007 2.19658e+007 2.1967e+007 2.19679e+007 2.19686e+007 2.19692e+007 2.19697e+007 2.197e+007 2.19703e+007 2.19705e+007 2.19707e+007 2.19709e+007 2.1971e+007 2.19711e+007 2.19711e+007 2.19712e+007 2.19713e+007 2.19713e+007 2.19713e+007 2.19713e+007 2.19714e+007 2.19714e+007 2.19714e+007 2.19714e+007 2.19714e+007 2.19714e+007 2.19714e+007 2.19714e+007 2.19714e+007 2.19714e+007 2.19714e+007 2.19714e+007 2.19714e+007 2.19714e+007 2.19714e+007 2.19714e+007 2.19714e+007 2.19714e+007 2.19714e+007 2.19714e+007 2.19714e+007 2.19714e+007 2.19714e+007 2.19714e+007 2.19714e+007 2.19714e+007 2.19714e+007 2.19714e+007 2.19714e+007 2.19714e+007 2.19714e+007 2.19714e+007 2.19714e+007 2.19714e+007 2.19714e+007 2.19714e+007 2.19714e+007 2.19714e+007 2.19714e+007 2.19714e+007 2.19714e+007 2.19714e+007 2.19714e+007 2.19714e+007 2.19714e+007 2.19714e+007 2.19714e+007 2.19714e+007 2.19714e+007 2.19714e+007 0 0 0 0 0 0 0 0 0 0 0 0 0 0 0 0 0 0 0 0 0 0 0 0 0
#obs survey bio
 3.61266e+006 3.35282e+006 3.79115e+006 2.90716e+006 4.20754e+006 2.54289e+006 3.00543e+006 1.66402e+006 2.3274e+006 1.25882e+006 1.8276e+006 1.36394e+006 969831 990955 752710 676738 614902 676395 780074 639840 506188 656338 430217 758525 500878 473107 492247 614206 562733 588753 440709 542738 601850 590509 610279 621598 523787 864566 546612 339936 361739 633604 488686 559385 597032 673003 339196 523337 657546 490049 833725 479391 506386 492939 642186 719480 799460 767435 628934 436754 771709 738270 775626 881231 450063 487510 773597 682861 682867
#pred catch bio
 109960 108631 155603 202054 245432 259346 318335 281183 295908 277392 264119 297663 281317 242239 209287 213140 190623 165825 155898 127243 130847 115927 117850 114156 116345 102538 106161 109574 101530 94269.7 97876.5 91556 98659.4 91447.1 94949.4 86585.8 88963 85283 92195.1 84728.5 85139.8 88992.7 89822.8 91289.7 90363.7 98736.7 95469.1 93927.5 90294.5 83258.2 101156 123074 39395.7 77211.4 75974.5 110079 126689 134170 120414 78961.3 35530.1 122128 120307 116339 122699 45586 47416.9 125505 100681 83652.9 96378.6 97442.3 101960 109063 116816 123996 130054 134865 138524 141220 143159 144528 145481 146136 146583 146885 147088 147225 147316 147376 147416 147443 147460 147472 147480 147485 147488 147490 147492 147493 147493 147494 147494 147494 147494 147494 147494 147494 147494 147494 147494 147494 147494 147494 147494 147494 147494 147494 147494 147494 147494 147494 147494 147494 147494 147494 147494 147494 147494 147494 147494 147494 147494 147494 147494 147494 147494 147494 147494 147494 147494 147494 147494 147494 147494 147494 147494 147494 147494 147494 147494 147494 147494 147494 147494 147494 147494 147494 147494 147494 147494 147494 147494 147494 147494 147494 147494 147494 147494 0 0 0 0 0 0 0 0 0 0 0 0 0 0 0 0 0 0 0 0 0 0 0 0 0
#obs catch bio
 0 108438 156020 202924 246850 260631 321868 284373 299737 280501 266590 304046 287101 248037 214606 220111 197119 169367 158421 128024 132957 117140 120109 115516 118347 104262 108011 110805 102359 94868.5 98465.9 92062 99530.7 91869 95397.5 86657.1 88866.4 84658 91772.1 84746.4 85279.4 88942.5 89942.4 91419.2 90256.8 98355.6 95444.4 93744.2 90478.8 83107 100386 123877 38809.1 77652.9 75824.2 110375 126616 133388 119968 79285.3 34938.4 122427 119281 114838 122756 45219.9 46966 126447 100520
#pred cpue bio
 4.17444e+006 3.98297e+006 3.79527e+006 3.56424e+006 3.29839e+006 3.00664e+006 2.72401e+006 2.40301e+006 2.14726e+006 1.89714e+006 1.68611e+006 1.50593e+006 1.30072e+006 1.12086e+006 989455 898962 804777 732436 682597 637615 621029 597906 590463 580104 572826 561489 565005 562802 553159 549161 551054 546634 547451 537358 531676 517566 510194 501578 501619 497655 504986 514209 520433 526608 531695 538027 534121 533341 534488 540360 555329 549622 516518 583533 613217 645818 638214 608017 565333 535991 555909 631301 605933 576923 551222 518481 578906 644094 617642 2.15048e+007 1.29407e+007 1.31469e+007 1.38283e+007 1.48738e+007 1.60175e+007 1.70898e+007 1.80125e+007 1.87646e+007 1.93557e+007 1.9809e+007 2.01508e+007 2.04059e+007 2.05952e+007 2.07352e+007 2.08389e+007 2.09159e+007 2.09731e+007 2.1016e+007 2.10482e+007 2.10726e+007 2.10911e+007 2.11053e+007 2.11161e+007 2.11245e+007 2.1131e+007 2.1136e+007 2.114e+007 2.1143e+007 2.11454e+007 2.11473e+007 2.11488e+007 2.11499e+007 2.11509e+007 2.11516e+007 2.11522e+007 2.11526e+007 2.1153e+007 2.11533e+007 2.11535e+007 2.11537e+007 2.11538e+007 2.11539e+007 2.1154e+007 2.11541e+007 2.11542e+007 2.11542e+007 2.11542e+007 2.11543e+007 2.11543e+007 2.11543e+007 2.11543e+007 2.11543e+007 2.11543e+007 2.11544e+007 2.11544e+007 2.11544e+007 2.11544e+007 2.11544e+007 2.11544e+007 2.11544e+007 2.11544e+007 2.11544e+007 2.11544e+007 2.11544e+007 2.11544e+007 2.11544e+007 2.11544e+007 2.11544e+007 2.11544e+007 2.11544e+007 2.11544e+007 2.11544e+007 2.11544e+007 2.11544e+007 2.11544e+007 2.11544e+007 2.11544e+007 2.11544e+007 2.11544e+007 2.11544e+007 2.11544e+007 2.11544e+007 2.11544e+007 2.11544e+007 2.11544e+007 2.11544e+007 2.11544e+007 2.11544e+007 2.11544e+007 2.11544e+007 2.11544e+007 2.11544e+007 2.11544e+007 2.11544e+007 2.11544e+007 2.11544e+007 2.11544e+007 2.11544e+007 2.11544e+007 0 0 0 0 0 0 0 0 0 0 0 0 0 0 0 0 0 0 0 0 0 0 0 0 0
#obs cpue bio
 3.57102e+006 3.14479e+006 3.22777e+006 3.21905e+006 2.5935e+006 3.00427e+006 2.17316e+006 1.86824e+006 2.2326e+006 2.76234e+006 1.51435e+006 879449 1.49676e+006 718500 740737 741284 597819 975954 697726 768085 432739 537112 421994 560456 438200 411509 574574 745118 550743 491041 772145 458897 451646 536391 526429 499926 681301 477740 474842 475123 664468 544139 484532 518954 565524 643385 641034 675241 337494 696081 740218 475286 669845 493905 576043 620348 628016 756589 552951 435154 673065 709810 598916 587457 542010 455993 625377 484096 546102
#pred surv len freq
 0.00484139 0.00787 0.0118625 0.0168058 0.0225844 0.0289007 0.0352478 0.0410322 0.0457975 0.0493749 0.0518611 0.0534864 0.0544935 0.0550758 0.0553567 0.0553889 0.0551679 0.054644 0.0537096 0.0521559 0.0496426 0.0457645 0.0402573 0.0332576 0.0254207
 0.00506704 0.00814394 0.0121077 0.0169055 0.0224283 0.0284505 0.0345785 0.0403141 0.0452182 0.0490485 0.0517803 0.053545 0.0545568 0.0550557 0.0552528 0.0552828 0.0551771 0.0548594 0.0541434 0.0527261 0.0502058 0.0461808 0.040452 0.033244 0.0252756
 0.00528692 0.00850761 0.0126593 0.0176704 0.023386 0.0295058 0.0355573 0.0410077 0.0454706 0.0488356 0.0512224 0.052835 0.0538569 0.0544341 0.0546963 0.0547592 0.0546901 0.0544554 0.0538734 0.0525977 0.050165 0.0461389 0.0403368 0.0330375 0.0250141
 0.00547892 0.00882152 0.0131362 0.0183526 0.0243105 0.0306891 0.0369716 0.0425566 0.0469822 0.05009 0.0520147 0.0530508 0.0535149 0.053666 0.0536768 0.0536359 0.0535566 0.053367 0.0528695 0.0517053 0.0493878 0.0454551 0.039718 0.0324732 0.0245192
 0.00570206 0.00917757 0.0136603 0.0190751 0.0252543 0.0318646 0.0383683 0.0441346 0.0486654 0.0517614 0.053517 0.0542015 0.0541464 0.0536792 0.0530793 0.052537 0.0521223 0.0517647 0.0512333 0.050128 0.0479273 0.044145 0.0385778 0.0315175 0.0237599
 0.005979 0.00961728 0.0143026 0.0199505 0.0263792 0.033235 0.0399517 0.0458682 0.0504635 0.0535283 0.0551525 0.0555975 0.0551804 0.0542226 0.0530264 0.0518451 0.0508372 0.050014 0.0491912 0.0479732 0.045814 0.0421931 0.036874 0.0301174 0.0226861
 0.00623428 0.010031 0.0149228 0.0208207 0.0275304 0.0346724 0.0416418 0.0477344 0.0523983 0.0554145 0.0568824 0.0570787 0.0563307 0.054959 0.0532618 0.0515002 0.0498697 0.0484486 0.0471334 0.0455957 0.0433234 0.0397925 0.0347325 0.0283495 0.0213413
 0.00655398 0.0105447 0.015685 0.0218787 0.0289161 0.0363897 0.0436515 0.0499471 0.0546839 0.0576238 0.0588719 0.0587282 0.0575498 0.0556842 0.0534455 0.0511014 0.048855 0.046812 0.0449252 0.0429436 0.0404301 0.0369042 0.0320894 0.0261355 0.0196495
 0.00682936 0.0109823 0.0163255 0.0227555 0.0300523 0.0377926 0.0453035 0.0517994 0.056657 0.0596157 0.0607688 0.0604139 0.0589148 0.0566334 0.0539022 0.0510067 0.0481667 0.0455107 0.0430332 0.0405497 0.0377045 0.0340846 0.0294359 0.0238674 0.0178943
 0.00722795 0.0116035 0.0172103 0.0239243 0.0315026 0.0394965 0.0472036 0.0538088 0.05867 0.061526 0.0624837 0.0618586 0.0600265 0.0573548 0.0541779 0.050784 0.0474001 0.0441715 0.0411274 0.038143 0.0349423 0.0311902 0.0266722 0.0214733 0.0160212
 0.00757219 0.0121577 0.0180334 0.0250645 0.0329857 0.0413082 0.0492738 0.0560118 0.0608472 0.0635233 0.064182 0.0631843 0.0609445 0.0578511 0.0542433 0.0504024 0.0465466 0.0428208 0.0392744 0.0358314 0.0322901 0.0283942 0.0239787 0.0191172 0.0141611
 0.00777343 0.0124994 0.018575 0.0258712 0.0341156 0.0427906 0.0510869 0.0580712 0.0630153 0.065634 0.0660712 0.064716 0.0620275 0.058443 0.0543404 0.0500206 0.045702 0.041523 0.0375357 0.0336927 0.0298493 0.025819 0.0214865 0.0169233 0.0124171
 0.0081392 0.0130765 0.0194115 0.0270021 0.0355591 0.0445418 0.0531065 0.0602771 0.0652838 0.0678136 0.0680018 0.0662508 0.063053 0.0588934 0.054202 0.0493223 0.044497 0.0398703 0.0354943 0.0313325 0.0272743 0.023183 0.0189823 0.0147412 0.0106906
 0.00856104 0.0137403 0.0203687 0.0282843 0.0371709 0.0464522 0.0552396 0.0625128 0.0674753 0.0698152 0.0696908 0.067534 0.0638629 0.0591851 0.0539544 0.0485425 0.0432201 0.038154 0.0334128 0.028977 0.0247613 0.0206612 0.0166235 0.0127077 0.00909234
 0.0088647 0.0142264 0.0210858 0.0292715 0.0384495 0.048013 0.0570303 0.0644342 0.0693954 0.0715944 0.0712072 0.068697 0.064615 0.0594952 0.0538108 0.0479479 0.0421917 0.0367267 0.0316434 0.0269489 0.0225871 0.0184814 0.0145921 0.0109639 0.00772659
 0.00885057 0.0142423 0.0211821 0.0295203 0.0389285 0.0487787 0.0580927 0.0657482 0.07087 0.0731141 0.0726521 0.069958 0.0656027 0.0601455 0.0540848 0.0478292 0.0416822 0.0358458 0.0304314 0.0254724 0.0209435 0.016795 0.0129994 0.00958676 0.00664387
 0.00877616 0.0141538 0.021111 0.029521 0.0390708 0.0491317 0.0587062 0.0666366 0.0720027 0.0744133 0.0740026 0.0712273 0.0666676 0.0609132 0.0545019 0.0478772 0.0413688 0.0351963 0.0294867 0.0242927 0.0196128 0.0154197 0.0116956 0.00845787 0.00575655
 0.00877774 0.0141398 0.0210614 0.0294136 0.0388952 0.0489078 0.0584963 0.0665376 0.0721174 0.0748115 0.0746919 0.0721463 0.0677021 0.0619254 0.0553615 0.0484845 0.0416647 0.0351626 0.0291402 0.02368 0.018807 0.0145149 0.0107947 0.00765383 0.0051122
 0.00886327 0.0142528 0.0211825 0.0295064 0.0389139 0.0488122 0.0582683 0.0661952 0.0717202 0.0744555 0.0744882 0.0721877 0.0680281 0.0625031 0.0560928 0.0492355 0.0423028 0.035587 0.0292981 0.0235691 0.0184695 0.0140255 0.0102438 0.00712687 0.00467179
 0.00917912 0.014714 0.0217783 0.0301892 0.0396079 0.0494296 0.0587259 0.0664266 0.0716887 0.0741672 0.0740009 0.0716048 0.0674744 0.0620885 0.0558776 0.0492128 0.0424057 0.0357161 0.0293578 0.023497 0.0182501 0.0136881 0.00984656 0.00673528 0.00433781
 0.00922877 0.014805 0.0219323 0.0304275 0.0399399 0.0498379 0.0591572 0.0667989 0.0719161 0.0741914 0.0738133 0.071249 0.0670319 0.0616562 0.0555424 0.0490289 0.0423791 0.0358043 0.0294868 0.0235896 0.0182541 0.0135906 0.00967154 0.00652694 0.00414022
 0.00937749 0.0150287 0.0222362 0.0308064 0.040382 0.0503296 0.0596823 0.0673314 0.0724115 0.0745854 0.0740338 0.0712407 0.0667808 0.0612015 0.0549676 0.0484353 0.0418542 0.0353966 0.0291977 0.0233848 0.0180863 0.0134241 0.00949455 0.0063495 0.00398166
 0.00932939 0.0149666 0.022172 0.0307608 0.0403778 0.0503833 0.0597977 0.0675007 0.0726212 0.0748213 0.0742792 0.0714697 0.0669571 0.0612875 0.0549426 0.0483089 0.0416649 0.035195 0.0290237 0.0232528 0.0179872 0.0133383 0.0094075 0.00625912 0.0038958
 0.00931668 0.0149454 0.02214 0.0307176 0.0403281 0.050339 0.0597785 0.0675286 0.0727119 0.0749756 0.0744809 0.0716907 0.0671648 0.0614514 0.0550381 0.0483226 0.0415997 0.0350715 0.028873 0.0231043 0.017858 0.0132314 0.00931816 0.00618273 0.00383154
 0.00933668 0.0149693 0.0221601 0.0307215 0.0403025 0.0502756 0.0596796 0.0674096 0.0725987 0.0748982 0.0744643 0.0717461 0.0672857 0.0616143 0.0552098 0.0484697 0.0416977 0.0351108 0.0288598 0.0230554 0.0177927 0.0131645 0.00925739 0.00613082 0.00378923
 0.00927155 0.014888 0.0220822 0.0306782 0.0403249 0.0503783 0.0598489 0.0676059 0.072773 0.0750135 0.0745093 0.0717356 0.0672482 0.0615772 0.055188 0.0484622 0.0416924 0.0350928 0.02882 0.0229942 0.0177183 0.0130881 0.00918832 0.00607428 0.00374659
 0.0090118 0.0144915 0.0215359 0.0299927 0.039538 0.0495559 0.0590808 0.0669926 0.0723997 0.0749229 0.0746888 0.0721281 0.0677791 0.0621788 0.05581 0.0490698 0.042259 0.0355956 0.0292412 0.0233244 0.017959 0.0132503 0.00928872 0.00613066 0.00377462
 0.00890538 0.0143101 0.0212481 0.029567 0.0389536 0.0488181 0.0582355 0.0661276 0.0716289 0.0743575 0.0744078 0.0721596 0.0680973 0.0627169 0.0564829 0.0497957 0.0429726 0.0362515 0.0298103 0.023791 0.0183188 0.0135095 0.00946205 0.00623749 0.00383484
 0.00892791 0.0143362 0.0212668 0.0295582 0.0388893 0.0486667 0.0579693 0.0657334 0.0711199 0.0737804 0.0738403 0.0716936 0.0678125 0.062657 0.0566447 0.0501349 0.0434223 0.0367422 0.0302842 0.0242082 0.0186578 0.0137644 0.00963895 0.0063503 0.00390052
 0.00892087 0.0143206 0.0212355 0.0295012 0.0387947 0.0485231 0.0577682 0.0654704 0.0707958 0.0734044 0.0734344 0.0712965 0.067478 0.0624435 0.0565973 0.0502697 0.0437191 0.0371511 0.0307416 0.0246541 0.0190478 0.0140747 0.00986475 0.0065006 0.00399185
 0.00889366 0.0142713 0.0211521 0.0293695 0.0386026 0.0482655 0.057452 0.0651152 0.0704292 0.0730544 0.0731236 0.0710412 0.0672921 0.0623426 0.0566006 0.050394 0.0439693 0.0375111 0.0311736 0.025107 0.0194712 0.0144314 0.010137 0.00668936 0.00411065
 0.00881309 0.0141612 0.021024 0.0292454 0.0385057 0.0482078 0.0574259 0.0650952 0.0703843 0.0729627 0.0729813 0.0708622 0.0671008 0.0621674 0.0564689 0.0503307 0.0439934 0.0376305 0.0313791 0.0253718 0.0197569 0.0146994 0.0103593 0.00685367 0.0042193
 0.00858829 0.0138222 0.0205646 0.0286808 0.0378727 0.0475611 0.0568317 0.064621 0.0700823 0.0728532 0.0730469 0.0710581 0.0673749 0.0624785 0.0567947 0.0506656 0.0443416 0.0379975 0.0317645 0.0257648 0.0201362 0.0150393 0.0106384 0.00706166 0.00435931
 0.00841478 0.0135564 0.0201956 0.0282111 0.037319 0.0469551 0.0562201 0.0640633 0.0696416 0.0725817 0.0729712 0.0711718 0.0676425 0.0628473 0.057212 0.051092 0.0447564 0.0383957 0.0321478 0.0261326 0.020481 0.0153469 0.0108939 0.00725631 0.00449373
 0.00834054 0.0134173 0.0199534 0.0278221 0.0367481 0.0461971 0.0553168 0.0631043 0.0687449 0.0718624 0.0725149 0.0710201 0.0677913 0.0632537 0.0578065 0.051795 0.0454949 0.0391144 0.0328129 0.0267263 0.020994 0.0157732 0.0112301 0.00750393 0.00466175
 0.0090414 0.0144035 0.0211524 0.0290665 0.0378173 0.0468881 0.0555062 0.0627723 0.0679637 0.0707671 0.0712715 0.0697955 0.0667247 0.0624357 0.0572706 0.051524 0.0454376 0.0392062 0.0329924 0.0269454 0.0212192 0.0159824 0.0114089 0.00764461 0.00476276
 0.00966493 0.0153853 0.0225621 0.0309239 0.040062 0.0493478 0.057886 0.0646978 0.0690855 0.0708836 0.0704003 0.0681529 0.0646355 0.0602275 0.0552003 0.0497492 0.0440218 0.0381432 0.0322353 0.0264318 0.0208882 0.0157825 0.0112986 0.00759149 0.00474237
 0.00967334 0.0154851 0.0228706 0.0316014 0.0412672 0.0511661 0.060261 0.0674037 0.0717596 0.0731087 0.0718097 0.0685269 0.0639578 0.0586805 0.0530981 0.0474388 0.0417963 0.0361942 0.03065 0.025218 0.0200068 0.0151742 0.0109012 0.00734758 0.00460316
 0.00950629 0.0152327 0.0225328 0.0312079 0.0408916 0.0509345 0.0603426 0.0679689 0.0729054 0.0747841 0.0737873 0.0704499 0.0654497 0.059468 0.0530916 0.0467397 0.0406373 0.0348478 0.0293478 0.0241072 0.0191475 0.0145621 0.0104967 0.00709908 0.00446172
 0.00949876 0.0152114 0.0224843 0.0311154 0.0407417 0.0507296 0.060115 0.0677909 0.0728854 0.0750415 0.0744049 0.0714193 0.0666403 0.0606464 0.053996 0.0471756 0.0405462 0.0343143 0.0285492 0.0232383 0.0183597 0.0139371 0.0100525 0.00681285 0.0042935
 0.00940681 0.0150703 0.0222876 0.0308616 0.040434 0.050375 0.0597267 0.0673933 0.0725216 0.0747769 0.0743229 0.0716014 0.0671314 0.0614178 0.0549296 0.0480885 0.0412526 0.0346953 0.0285913 0.0230221 0.0180115 0.0135743 0.0097499 0.00659779 0.00415968
 0.0093567 0.0149859 0.0221553 0.0306683 0.040171 0.0500437 0.0593434 0.0669886 0.0721344 0.0744477 0.0740906 0.0715059 0.067213 0.0617065 0.0554226 0.048731 0.0419382 0.0352965 0.0290067 0.0232143 0.0180121 0.0134575 0.00959401 0.00645756 0.00405871
 0.00934142 0.014963 0.0221239 0.0306272 0.040117 0.04997 0.0592396 0.0668446 0.0719463 0.0742236 0.0738527 0.0712882 0.0670558 0.0616496 0.0554967 0.0489449 0.0422665 0.0356785 0.0293627 0.0234752 0.0181462 0.0134775 0.00954179 0.00637953 0.0039876
 0.00925136 0.0148339 0.0219619 0.030449 0.039945 0.0498246 0.0591319 0.066774 0.0719023 0.0741906 0.0738165 0.0712424 0.0670068 0.0616171 0.0555085 0.0490267 0.04243 0.0359113 0.0296276 0.0237225 0.0183332 0.0135851 0.00957817 0.00637007 0.0039596
 0.00917312 0.0147107 0.0217848 0.030215 0.0396604 0.0495085 0.0588176 0.0665037 0.0717149 0.0741076 0.0738342 0.0713359 0.0671428 0.0617685 0.0556636 0.0491896 0.0426125 0.0361209 0.0298583 0.0239529 0.018535 0.0137356 0.0096704 0.00641291 0.00397059
 0.00915538 0.0146723 0.0217096 0.0300825 0.039452 0.0492162 0.0584532 0.066101 0.0713245 0.0737846 0.073624 0.0712623 0.0672031 0.0619374 0.0559038 0.0494657 0.0429001 0.0364074 0.0301366 0.0242138 0.0187647 0.0139202 0.00980213 0.00649442 0.00401308
 0.00924631 0.014812 0.0219036 0.0303273 0.0397321 0.0495024 0.0587026 0.0662645 0.0713607 0.0736762 0.073387 0.0709419 0.0668585 0.0616218 0.055652 0.0492898 0.0427953 0.0363612 0.030135 0.0242435 0.0188124 0.013972 0.0098467 0.00652532 0.00402994
 0.00926096 0.0148408 0.0219559 0.0304146 0.0398643 0.0496823 0.0589203 0.0664953 0.0715677 0.0738186 0.0734316 0.0708739 0.0666878 0.0613815 0.0553874 0.0490446 0.0425995 0.0362268 0.0300593 0.024215 0.0188158 0.0139926 0.00987196 0.00654698 0.00404446
 0.00922456 0.0147882 0.0218894 0.0303418 0.0397977 0.0496375 0.0589134 0.0665387 0.0716652 0.0739607 0.073594 0.0710227 0.0667894 0.0614148 0.0553512 0.0489573 0.0424908 0.0361263 0.0299867 0.0241768 0.0188079 0.0140046 0.00989255 0.00656751 0.0040602
 0.00916098 0.0146867 0.0217407 0.0301402 0.0395447 0.0493454 0.0586088 0.0662608 0.0714578 0.0738601 0.0736174 0.0711629 0.0670165 0.061685 0.0556197 0.0491905 0.042674 0.0362626 0.0300898 0.0242615 0.0188833 0.0140728 0.00995131 0.00661372 0.00409276
 0.00907881 0.0145496 0.0215286 0.0298336 0.039131 0.0488278 0.0580149 0.0656442 0.0708903 0.0734159 0.073357 0.0711201 0.0671918 0.0620461 0.0561092 0.0497399 0.0432198 0.0367588 0.0305125 0.0246057 0.0191546 0.0142806 0.0101047 0.00672126 0.00416306
 0.0092934 0.0148671 0.0219465 0.0303262 0.0396514 0.0493161 0.0584063 0.0658787 0.0709249 0.0732387 0.0729949 0.0706349 0.0666638 0.0615523 0.0557045 0.0494479 0.0430343 0.0366548 0.0304604 0.0245814 0.019144 0.0142773 0.0101062 0.00672558 0.00416837
 0.00970515 0.0155176 0.0228871 0.0315833 0.041211 0.0511055 0.0602808 0.0676302 0.0723232 0.0740905 0.0731952 0.0701863 0.0656655 0.0601672 0.0541195 0.0478365 0.0415297 0.0353384 0.0293659 0.0237089 0.018475 0.0137856 0.00976239 0.00649954 0.00403012
 0.00897264 0.0144088 0.0213758 0.0297112 0.0390907 0.0489134 0.0582444 0.0660004 0.0713208 0.0738428 0.0736944 0.0712977 0.0671773 0.0618563 0.0558037 0.0493985 0.0429142 0.0365326 0.0303761 0.024545 0.0191454 0.0142998 0.0101354 0.00675281 0.00418972
 0.00886832 0.0142066 0.0210129 0.0291144 0.0381999 0.0477186 0.0568161 0.0644935 0.069943 0.0728003 0.0731387 0.0712909 0.0676844 0.0627621 0.0569481 0.0506201 0.0440854 0.0375757 0.0312593 0.0252661 0.0197156 0.0147344 0.0104509 0.00696828 0.00432648
 0.00871096 0.0139706 0.0206918 0.0287076 0.0377032 0.0471137 0.0560724 0.0635875 0.0688909 0.0716841 0.0721056 0.0705186 0.0673242 0.0628879 0.0575348 0.0515571 0.0452172 0.0387475 0.0323512 0.0262062 0.0204752 0.0153144 0.0108695 0.00725205 0.00450564
 0.00876586 0.0140657 0.0208451 0.0289373 0.0380206 0.047511 0.0565104 0.0639905 0.0691552 0.0717046 0.0718137 0.0699185 0.0665083 0.062016 0.0567822 0.0510546 0.0450131 0.0388073 0.0325886 0.0265239 0.0207951 0.0155895 0.0110811 0.00740056 0.00460137
 0.00895925 0.0143696 0.0212826 0.0295221 0.0387532 0.0483739 0.0574608 0.0649555 0.0700353 0.0723846 0.0721817 0.0698898 0.0660524 0.0611779 0.0556842 0.0498691 0.043913 0.037917 0.0319575 0.0261329 0.0205855 0.0154949 0.011048 0.00739463 0.00460462
 0.00931745 0.0149204 0.0220523 0.0305124 0.0399402 0.0497083 0.0588667 0.0663317 0.0712648 0.0733525 0.072791 0.0700716 0.0657718 0.0604419 0.0545514 0.0484533 0.0423705 0.0364154 0.0306361 0.0250735 0.0198053 0.0149625 0.0107084 0.00719095 0.00448946
 0.00935072 0.0150098 0.022251 0.0308887 0.0405575 0.050594 0.0599875 0.0675913 0.0725284 0.0744831 0.0736778 0.0706397 0.0659782 0.0602702 0.054012 0.0475903 0.0412675 0.0351903 0.0294211 0.0239855 0.0189205 0.0143057 0.0102614 0.00691067 0.00432713
 0.00883782 0.0142262 0.0211699 0.0295313 0.0390015 0.0489781 0.0585062 0.0664683 0.0719626 0.0745851 0.0744309 0.0719083 0.0675538 0.0619271 0.0555523 0.0488707 0.0422125 0.0357937 0.0297357 0.0240986 0.0189242 0.014272 0.0102308 0.00689628 0.00432607
 0.00835047 0.0133998 0.0198683 0.0276208 0.036399 0.0457194 0.0548049 0.0627183 0.0686634 0.072216 0.0733297 0.0721975 0.0691288 0.0644993 0.0587268 0.0522374 0.0454232 0.0386094 0.0320384 0.0258744 0.0202291 0.0151936 0.0108593 0.00730879 0.00458403
 0.00900974 0.0143801 0.0211659 0.0291522 0.0379983 0.0471513 0.0557934 0.0630012 0.0680756 0.070772 0.0712562 0.0698809 0.0669969 0.0628905 0.0578052 0.0519778 0.0456597 0.0391158 0.0326067 0.0263647 0.0205816 0.0154112 0.0109767 0.00736588 0.00461052
 0.00938664 0.0150155 0.0221588 0.030594 0.0399335 0.0495226 0.0583966 0.0654885 0.0700257 0.0718073 0.0711579 0.068659 0.0648908 0.0603009 0.0551778 0.04968 0.0438967 0.0379161 0.0318692 0.0259359 0.0203229 0.0152332 0.0108391 0.00725841 0.00453275
 0.00944937 0.0151489 0.0224206 0.0310644 0.0407045 0.0506734 0.0599589 0.0674117 0.0721519 0.0738717 0.0728274 0.0696127 0.0649201 0.0593874 0.0535088 0.0475885 0.041752 0.0360133 0.0303656 0.0248515 0.0195886 0.0147509 0.0105238 0.00705257 0.00440153
 0.00947459 0.0152066 0.0225398 0.031287 0.0410813 0.0512554 0.060786 0.0685008 0.0734846 0.0753789 0.074376 0.0710053 0.065923 0.0597902 0.0531977 0.0465986 0.0402668 0.0343052 0.0287055 0.023432 0.0184939 0.0139737 0.0100066 0.00672577 0.00420476
 0.00882681 0.0141759 0.0210366 0.0292603 0.0385494 0.0483439 0.057756 0.0657336 0.0714057 0.0743448 0.0745734 0.0724017 0.0682773 0.0627121 0.0562403 0.049365 0.0424989 0.0359228 0.0297803 0.0241155 0.0189386 0.0142856 0.0102383 0.00689603 0.00432122
 0.00847028 0.0135862 0.0201302 0.027953 0.0367745 0.0460836 0.0550789 0.0628198 0.0685432 0.0718916 0.072892 0.0717779 0.0688427 0.0643963 0.0587764 0.0523549 0.0455182 0.0386276 0.0319753 0.0257606 0.020103 0.015082 0.0107726 0.00724687 0.0045426
 0.00852085 0.0137118 0.0203935 0.0284229 0.0374876 0.0469937 0.0560241 0.0635432 0.0687729 0.0714502 0.0717804 0.070193 0.0671214 0.0629088 0.0578084 0.0520227 0.045751 0.0392204 0.0326851 0.0263962 0.0205701 0.0153748 0.0109343 0.00732912 0.00458366
#obs surv len freq
 nan nan nan nan nan nan nan nan nan nan nan nan nan nan nan nan nan nan nan nan nan nan nan nan nan
 0.00448653 0.00734901 0.0111804 0.0159984 0.0217008 0.0279778 0.0342928 0.0400242 0.0447028 0.0481647 0.05052 0.0520129 0.0529024 0.0534123 0.0537245 0.0539779 0.0542553 0.0545473 0.0546856 0.0542773 0.0527154 0.0493481 0.0437987 0.03628 0.0276651
 0.00461566 0.00756087 0.0115025 0.0164566 0.0223128 0.0287438 0.0351855 0.0409862 0.0456549 0.0490209 0.0512043 0.0524703 0.0531042 0.0533569 0.0534331 0.0534868 0.0536076 0.0537854 0.0538484 0.0534016 0.05184 0.0485157 0.043054 0.0356605 0.0271916
 0.00477981 0.00782926 0.0119093 0.0170347 0.0230875 0.0297223 0.0363461 0.0422728 0.0469822 0.0502882 0.0523102 0.0533253 0.0536406 0.0535351 0.0532451 0.0529546 0.0527759 0.0527133 0.0526019 0.0520511 0.0504606 0.047188 0.0418577 0.0346618 0.0264269
 0.00497134 0.008143 0.0123859 0.0177135 0.0239993 0.0308771 0.0377207 0.043806 0.0485826 0.0518492 0.053725 0.054496 0.0544825 0.0539821 0.0532553 0.0525152 0.0519061 0.0514626 0.051046 0.0502873 0.0486045 0.0453673 0.0401987 0.0332675 0.0253553
 0.00518259 0.00848809 0.0129086 0.0184559 0.0249945 0.032137 0.039223 0.0454891 0.0503524 0.0535962 0.0553395 0.0558773 0.0555425 0.054646 0.0534637 0.0522287 0.0511116 0.0501806 0.0493367 0.0482538 0.0463897 0.0431422 0.0381387 0.0315187 0.024003
 0.00540824 0.00885943 0.0134758 0.0192684 0.0260915 0.0335321 0.0408888 0.047352 0.0523041 0.0555143 0.0571074 0.0573937 0.0567229 0.0554201 0.0537729 0.052026 0.0503663 0.0488881 0.0475333 0.0460302 0.0438972 0.0405814 0.0357282 0.0294483 0.0223891
 0.00564493 0.00924623 0.0140619 0.0201018 0.0272104 0.0349516 0.0425862 0.0492599 0.0543182 0.057512 0.058966 0.0590038 0.0579931 0.0562778 0.0541608 0.051898 0.049687 0.0476399 0.045733 0.0437505 0.0412819 0.0378413 0.0331076 0.0271695 0.0205965
 0.00589945 0.0096626 0.0146933 0.0209991 0.0284124 0.0364695 0.0443876 0.0512646 0.0564097 0.0595607 0.06085 0.060619 0.0592557 0.0571213 0.0545328 0.0517564 0.0489982 0.0463834 0.0439165 0.0414327 0.0385952 0.0349941 0.0303544 0.024752 0.0186794
 0.00614746 0.0100681 0.0153079 0.0218726 0.0295835 0.037951 0.046151 0.0532338 0.0584712 0.0615851 0.0627126 0.0622133 0.0604975 0.0579477 0.0548975 0.0516234 0.0483382 0.0451767 0.0421658 0.0391869 0.0359731 0.0321923 0.0276222 0.0223336 0.0167478
 0.00638014 0.0104536 0.0159013 0.0227294 0.0307481 0.0394383 0.0479291 0.0552183 0.0605389 0.0635985 0.0645441 0.0637575 0.0616749 0.0587022 0.0551916 0.0514319 0.0476429 0.0439663 0.0404462 0.0370029 0.0334324 0.0294765 0.0249665 0.0199737 0.0148547
 0.00661153 0.0108308 0.0164714 0.0235376 0.0318302 0.0408084 0.0495646 0.0570532 0.0624698 0.0655018 0.0662949 0.0652448 0.0628106 0.0594246 0.055463 0.0512325 0.0469633 0.0428049 0.038816 0.0349489 0.031054 0.0269388 0.022484 0.0177635 0.013077
 0.00683685 0.0112009 0.0170352 0.0243423 0.0329108 0.0421726 0.0511777 0.0588348 0.064307 0.0672728 0.0678889 0.0665716 0.0638007 0.0600278 0.0556462 0.0509775 0.0462637 0.0416648 0.0372544 0.0330131 0.0288376 0.0245911 0.0201971 0.0157316 0.0114431
 0.00706451 0.0115742 0.0176025 0.02515 0.0339937 0.0435378 0.0527896 0.0606095 0.0661244 0.0690003 0.0694054 0.0677828 0.0646441 0.0604699 0.0556752 0.0505951 0.0454786 0.0404914 0.035718 0.0311625 0.0267602 0.0224211 0.0181035 0.013883 0.00996246
 0.00727626 0.0119213 0.01813 0.0259013 0.0350011 0.0448088 0.0542921 0.0622667 0.0678254 0.0706207 0.0708281 0.0689123 0.0654133 0.0608416 0.0556394 0.0501619 0.04467 0.0393357 0.0342513 0.0294378 0.0248601 0.0204644 0.0162356 0.0122464 0.00865857
 0.00743083 0.0121791 0.0185304 0.0264846 0.0358011 0.0458391 0.0555327 0.0636591 0.0692803 0.0720346 0.0721001 0.0699546 0.066158 0.061243 0.0556754 0.0498315 0.0439897 0.0383347 0.0329705 0.0279336 0.0232122 0.0187792 0.0146375 0.0108539 0.00755413
 0.00751821 0.0123198 0.0187403 0.0267802 0.036199 0.0463547 0.0561761 0.0644294 0.0701599 0.0729863 0.0730676 0.0708682 0.0669424 0.0618283 0.0560048 0.0498679 0.0437172 0.037759 0.0321185 0.0268541 0.0219781 0.0174865 0.013395 0.00976313 0.00668531
 0.00759594 0.012441 0.0189133 0.0270095 0.0364856 0.0466964 0.0565677 0.0648642 0.070632 0.0734916 0.0736016 0.0714185 0.0674822 0.062314 0.056381 0.0500771 0.043712 0.0375113 0.0316259 0.0261435 0.0211057 0.0165336 0.0124561 0.00892678 0.00601335
 0.00768772 0.0125842 0.0191171 0.0272777 0.0368151 0.0470757 0.0569764 0.0652747 0.0710166 0.0738307 0.0738896 0.0716631 0.0676959 0.0625031 0.0565364 0.050172 0.0437068 0.0373659 0.0313132 0.0256616 0.0204839 0.01583 0.0117461 0.00828436 0.00549219
 0.00771186 0.0126231 0.0191751 0.0273587 0.0369222 0.0472101 0.0571364 0.0654554 0.0712102 0.0740287 0.0740849 0.0718516 0.0678771 0.0626776 0.0567017 0.0503164 0.0438068 0.0373888 0.0312265 0.0254459 0.0201444 0.0154001 0.0112805 0.00784313 0.00512295
 0.00777106 0.012709 0.0192854 0.0274849 0.0370525 0.0473341 0.0572484 0.0655549 0.0713001 0.0741127 0.0741657 0.0719305 0.0679543 0.0627531 0.0567742 0.0503821 0.0438556 0.0374029 0.0311829 0.0253244 0.0199384 0.0151234 0.0109666 0.00753491 0.00485808
 0.00781465 0.0127741 0.0193723 0.0275892 0.037165 0.0474422 0.0573379 0.0656137 0.0713222 0.0741022 0.0741365 0.0719013 0.0679416 0.0627658 0.0568122 0.0504376 0.0439157 0.0374506 0.0311988 0.0252906 0.0198444 0.0149729 0.0107786 0.00733831 0.00468151
 0.00784483 0.0128218 0.0194412 0.027681 0.0372782 0.0475706 0.0574696 0.0657319 0.0714092 0.0741449 0.0741312 0.0718558 0.0678725 0.0626931 0.056753 0.0504009 0.0439008 0.0374478 0.0311928 0.0252647 0.0197861 0.0148793 0.0106582 0.00720864 0.00456185
 0.00786444 0.0128496 0.0194758 0.0277188 0.0373151 0.047604 0.0574995 0.0657604 0.0714378 0.0741724 0.0741533 0.0718667 0.0678692 0.0626771 0.056731 0.050382 0.0438917 0.0374492 0.0311984 0.0252636 0.0197672 0.0148368 0.0105944 0.00713344 0.00448821
 0.00786718 0.0128519 0.0194752 0.0277116 0.0372971 0.047572 0.0574533 0.0657038 0.0713788 0.0741214 0.0741205 0.0718588 0.0678864 0.0627143 0.0567805 0.0504369 0.0439479 0.0375043 0.0312493 0.0253048 0.0197922 0.0148409 0.0105779 0.00710203 0.00445103
 0.00788977 0.0128838 0.0195139 0.0277517 0.037331 0.0475919 0.0574537 0.065682 0.0713358 0.0740625 0.0740541 0.0717957 0.0678371 0.0626861 0.0567753 0.0504518 0.0439769 0.0375408 0.031287 0.0253381 0.019816 0.0148515 0.0105747 0.00708772 0.00443099
 0.00786937 0.012852 0.0194685 0.0276915 0.0372558 0.0475028 0.0573533 0.0655756 0.0712311 0.0739689 0.0739817 0.071753 0.0678299 0.0627162 0.0568401 0.0505449 0.0440886 0.0376602 0.0314033 0.025442 0.0199008 0.0149134 0.0106136 0.00710701 0.00443637
 0.00788377 0.0128687 0.0194814 0.027691 0.0372316 0.0474486 0.0572698 0.0654709 0.0711179 0.07386 0.0738876 0.0716813 0.0677856 0.0627027 0.0568588 0.050594 0.0441633 0.0377522 0.0315026 0.0255382 0.019985 0.0149798 0.01066 0.00713509 0.00445024
 0.00786781 0.0128468 0.0194555 0.0276643 0.0372066 0.0474239 0.0572395 0.0654263 0.0710529 0.0737757 0.0737937 0.0715927 0.0677174 0.0626654 0.0568567 0.0506262 0.0442249 0.0378357 0.0315986 0.0256363 0.0200755 0.0150554 0.0107168 0.00717305 0.00447253
 0.00787939 0.0128568 0.0194549 0.0276404 0.0371478 0.0473264 0.0571114 0.0652862 0.0709219 0.0736692 0.0737172 0.0715445 0.0676941 0.0626656 0.0568818 0.0506775 0.0443012 0.0379322 0.0317073 0.0257476 0.0201798 0.0151446 0.0107863 0.00722203 0.00450347
 0.00786762 0.012842 0.0194399 0.0276289 0.0371414 0.0473212 0.0570967 0.0652486 0.0708527 0.0735711 0.0736051 0.071439 0.0676131 0.0626187 0.0568705 0.0506986 0.0443497 0.0380027 0.0317933 0.025841 0.0202717 0.0152268 0.010853 0.00727097 0.00453578
 0.00782622 0.0127739 0.0193367 0.0274841 0.0369537 0.0470987 0.056859 0.0650231 0.0706668 0.0734426 0.0735385 0.0714291 0.0676519 0.0626996 0.0569882 0.0508469 0.0445203 0.0381854 0.0319775 0.0260166 0.0204298 0.0153603 0.0109579 0.00734694 0.00458602
 0.00778883 0.0127115 0.0192399 0.0273434 0.036762 0.0468548 0.0565724 0.0647156 0.0703701 0.0731918 0.0733641 0.0713495 0.0676696 0.0628037 0.0571597 0.0510646 0.044765 0.0384404 0.0322283 0.0262507 0.0206366 0.0155324 0.0110918 0.00744339 0.00464985
 0.00776323 0.0126674 0.019169 0.0272362 0.03661 0.0466539 0.0563257 0.0644359 0.0700783 0.0729149 0.0731305 0.0711855 0.067595 0.0628268 0.0572759 0.0512577 0.0450115 0.038715 0.0325078 0.0265157 0.0208724 0.0157293 0.0112451 0.00755403 0.00472327
 0.00773727 0.012624 0.0191014 0.0271372 0.0364734 0.0464763 0.0561096 0.0641902 0.0698184 0.0726602 0.0729025 0.0710055 0.067482 0.0627952 0.0573321 0.0513983 0.0452227 0.0389749 0.0327903 0.0267955 0.0211282 0.0159461 0.0114155 0.00767776 0.00480573
 0.00931516 0.0148319 0.0217642 0.0298717 0.0387992 0.0479941 0.0566414 0.0638058 0.0687534 0.0711958 0.0712778 0.0693862 0.0659682 0.0614426 0.0561694 0.0504365 0.0444598 0.0383974 0.0323756 0.0265146 0.0209502 0.0158418 0.01136 0.00765163 0.00479547
 0.00929815 0.0150967 0.0226781 0.0318899 0.0422666 0.0528773 0.0623584 0.0693215 0.0729466 0.0733015 0.0711392 0.0673969 0.0628001 0.0577589 0.0524611 0.0469959 0.0414281 0.0358253 0.0302647 0.0248403 0.0196716 0.0149074 0.0107114 0.00722761 0.00453674
 0.00894702 0.0145442 0.0219023 0.0309399 0.0413157 0.0522599 0.0625307 0.0706994 0.0756594 0.0770072 0.0750663 0.0706376 0.0646894 0.0581051 0.051517 0.0452467 0.0393616 0.0337983 0.0284785 0.0233766 0.0185395 0.0140777 0.0101366 0.0068535 0.00430969
 0.00879855 0.01429 0.0214967 0.0303349 0.0404795 0.0512092 0.061373 0.0696616 0.0750702 0.0772065 0.076252 0.0727203 0.0672585 0.0605619 0.0533183 0.046114 0.0393378 0.0331485 0.0275303 0.0223966 0.0176872 0.0134165 0.00966756 0.00654632 0.00412372
 0.00872611 0.0141674 0.0213023 0.0300431 0.0400629 0.0506456 0.060657 0.0688217 0.0741878 0.0764298 0.0757868 0.0727777 0.0679615 0.0618547 0.0549429 0.0476942 0.0405327 0.0337849 0.0276367 0.0221394 0.0172668 0.0129894 0.00931887 0.00630041 0.00396939
 0.00868014 0.0140938 0.021193 0.0298901 0.039858 0.05038 0.0603226 0.0684138 0.0737104 0.0759054 0.0752694 0.072362 0.0677732 0.0620101 0.0554876 0.0485543 0.0415217 0.0346743 0.0282528 0.0224259 0.0172801 0.0128438 0.00912431 0.0061275 0.00384568
 0.00869723 0.0141145 0.0212112 0.0298951 0.039837 0.0503216 0.0602193 0.0682618 0.0735082 0.0756528 0.0749713 0.0720372 0.0674647 0.061787 0.0554288 0.0487141 0.0418922 0.0351731 0.0287522 0.0228091 0.0174898 0.0128933 0.00907144 0.00603636 0.00376045
 0.0086811 0.0140947 0.0211926 0.0298851 0.0398415 0.0503404 0.0602428 0.0682724 0.0734863 0.0755835 0.0748491 0.0718671 0.0672623 0.0615806 0.0552598 0.0486307 0.0419312 0.0353381 0.0290035 0.0230767 0.0177056 0.01302 0.00911216 0.00602054 0.00372228
 0.00866037 0.0140614 0.0211438 0.0298195 0.0397616 0.0502535 0.0601612 0.0682102 0.0734527 0.0755773 0.0748575 0.0718708 0.067245 0.0615367 0.0551991 0.0485768 0.0419145 0.0353825 0.0291129 0.0232297 0.0178638 0.013147 0.00918921 0.00605078 0.00372217
 0.0086719 0.014076 0.021158 0.0298275 0.0397565 0.05023 0.0601181 0.0681518 0.0733882 0.0755182 0.0748129 0.0718439 0.0672309 0.0615255 0.0551821 0.0485527 0.0418926 0.0353787 0.0291405 0.0232906 0.0179456 0.013229 0.00925303 0.00608861 0.00373717
 0.00866218 0.0140641 0.0211472 0.0298224 0.0397609 0.0502442 0.0601369 0.0681657 0.0733875 0.0754981 0.074776 0.0717989 0.0671881 0.0614916 0.0551583 0.0485365 0.0418818 0.0353752 0.0291496 0.0233164 0.0179867 0.0132772 0.00929757 0.00612132 0.00375588
 0.00865339 0.0140499 0.0211261 0.029794 0.0397265 0.0502076 0.0601047 0.0681448 0.0733823 0.0755073 0.0747928 0.0718146 0.0671966 0.0614919 0.0551538 0.0485316 0.0418799 0.0353783 0.0291594 0.0233345 0.0180129 0.0133085 0.00932863 0.00614693 0.00377327
 0.00863032 0.0140143 0.0210762 0.0297295 0.039649 0.0501207 0.0600143 0.0680598 0.0733131 0.0754636 0.0747809 0.0718347 0.0672425 0.0615538 0.0552211 0.048597 0.0419399 0.0354326 0.0292091 0.0233809 0.0180566 0.0133489 0.00936379 0.0061748 0.00379285
 0.00864066 0.0140275 0.0210895 0.029738 0.0396472 0.0501045 0.0599828 0.0680157 0.0732616 0.0754114 0.0747346 0.0718001 0.0672237 0.0615518 0.0552339 0.0486201 0.0419681 0.0354619 0.0292375 0.023408 0.0180826 0.0133734 0.00938586 0.00619306 0.0038064
 0.008621 0.0140004 0.0210575 0.0297061 0.0396205 0.0500858 0.0599704 0.0680042 0.0732454 0.0753877 0.0747056 0.0717716 0.0672028 0.0615442 0.055242 0.0486429 0.0420019 0.0355016 0.0292785 0.0234468 0.0181174 0.0134033 0.00941041 0.00621208 0.00382001
 0.008621 0.0140004 0.0210575 0.0297061 0.0396205 0.0500858 0.0599704 0.0680042 0.0732454 0.0753877 0.0747056 0.0717716 0.0672028 0.0615442 0.055242 0.0486429 0.0420019 0.0355016 0.0292785 0.0234468 0.0181174 0.0134033 0.00941041 0.00621208 0.00382001
 0.00860894 0.013979 0.0210222 0.0296527 0.0395473 0.049996 0.0598741 0.067916 0.0731794 0.0753519 0.0746992 0.0717877 0.0672332 0.0615832 0.0552874 0.0486943 0.0420587 0.0355617 0.0293385 0.0235032 0.018167 0.0134444 0.00944253 0.00623561 0.00383605
 0.00897054 0.0145493 0.0218449 0.0307483 0.0409003 0.0515391 0.0614784 0.0694016 0.0743533 0.0760606 0.0748686 0.0714327 0.0664396 0.0604773 0.0540063 0.0473637 0.0407797 0.0344051 0.0283455 0.0226906 0.0175331 0.0129745 0.00911336 0.00601945 0.00370407
 0.00823246 0.0134217 0.0202876 0.0287858 0.0386298 0.0491331 0.0591791 0.0674926 0.0730986 0.0756285 0.0752809 0.0725672 0.06808 0.0623797 0.0559552 0.0492022 0.0424148 0.0357975 0.0294912 0.0236044 0.018238 0.013497 0.00948204 0.00626455 0.00385603
 0.00835654 0.0135291 0.020277 0.0285105 0.0379435 0.0479602 0.0575723 0.0656417 0.0712813 0.074129 0.0743167 0.0722458 0.0683907 0.063213 0.0571396 0.0505498 0.0437615 0.0370268 0.0305394 0.0244509 0.0188902 0.0139769 0.00981794 0.00648643 0.00399304
 0.00826752 0.0134203 0.0201736 0.0284414 0.0379129 0.047914 0.0573889 0.06517 0.0704196 0.0729037 0.0729055 0.0709261 0.0674378 0.0628058 0.0573155 0.0512174 0.0447513 0.038151 0.0316392 0.0254201 0.0196769 0.014572 0.0102392 0.00676533 0.00416486
 0.00845355 0.0137073 0.0205774 0.0289684 0.0385598 0.0486652 0.0582041 0.0659668 0.0710647 0.0732301 0.072766 0.0702638 0.0663351 0.0614742 0.0560228 0.0501908 0.0441081 0.0378863 0.0316619 0.0256078 0.0199219 0.0148028 0.0104221 0.00689332 0.00424574
 0.00860277 0.0139699 0.0210075 0.0296231 0.0394793 0.0498447 0.0595726 0.0673888 0.0723685 0.0742466 0.0733565 0.0703345 0.0658502 0.0604757 0.0546441 0.0486397 0.0426129 0.0366286 0.0307312 0.0249997 0.0195701 0.0146221 0.0103392 0.00685897 0.00423257
 0.00872126 0.0141703 0.0213245 0.0300958 0.0401456 0.050729 0.0606701 0.0686515 0.0737007 0.0755127 0.0744015 0.0710121 0.0660519 0.0601541 0.0538265 0.0474304 0.0411785 0.035163 0.0294077 0.0239301 0.0187893 0.0141024 0.0100203 0.00667651 0.00413433
 0.00887682 0.0144241 0.0217079 0.0306376 0.0408657 0.0516286 0.0617225 0.0698 0.074866 0.0766058 0.0753325 0.0716942 0.0664051 0.0601154 0.0533672 0.0465727 0.0400044 0.0338059 0.0280266 0.0226715 0.017754 0.0133293 0.00949359 0.00634754 0.00394517
 0.00849124 0.0138273 0.0208691 0.029558 0.0395886 0.0502497 0.060393 0.0687123 0.0742122 0.0765224 0.0758576 0.0727556 0.0678406 0.0617117 0.0549047 0.0478688 0.0409464 0.0343667 0.0282575 0.0226739 0.0176403 0.0131898 0.00937977 0.00627509 0.00390791
 0.00799956 0.0130032 0.0195884 0.0277045 0.0370979 0.0471703 0.056937 0.065253 0.0712104 0.0744096 0.0749287 0.0731108 0.0693814 0.0641786 0.057939 0.0510862 0.044007 0.0370273 0.0303945 0.0242751 0.018772 0.0139539 0.00987864 0.00659147 0.00410163
 0.00857235 0.0138604 0.0207336 0.0290734 0.0385524 0.0485041 0.0578979 0.0655915 0.0707596 0.0731659 0.0730859 0.0710149 0.0674245 0.0626797 0.0570636 0.0508264 0.0442181 0.037498 0.0309221 0.0247189 0.019072 0.0141164 0.00994461 0.00660621 0.00409753
