SBPRF35
10.2064
Curr Bio
544604
B35
739671
F35
0.187602
FOFL
0.148003
OFL
70792.6
Bzero
2.91611e+006
#pred survey bio
 4.22162e+006 4.04264e+006 3.8655e+006 3.63907e+006 3.37103e+006 3.0829e+006 2.81792e+006 2.51034e+006 2.22897e+006 1.94845e+006 1.69739e+006 1.48594e+006 1.3172e+006 1.16619e+006 1.02998e+006 912155 821526 757411 699454 662977 634501 608832 588407 577380 582726 583787 573092 570579 576809 578098 580007 580690 570714 567756 550184 539666 529954 528574 535060 532855 548275 549536 551959 563097 575549 578778 584845 584557 594246 597264 601028 588120 577007 558235 518320 561611 606635 585110 535311 564417 548329 515234 539758 551771 576933 556272 549499 2.08557e+007 1.27632e+007 1.32502e+007 1.42485e+007 1.55506e+007 1.69193e+007 1.81936e+007 1.92922e+007 2.01915e+007 2.09019e+007 2.14492e+007 2.1864e+007 2.21748e+007 2.24063e+007 2.25782e+007 2.27058e+007 2.28007e+007 2.28715e+007 2.29246e+007 2.29646e+007 2.29948e+007 2.30179e+007 2.30355e+007 2.30491e+007 2.30595e+007 2.30677e+007 2.3074e+007 2.3079e+007 2.30828e+007 2.30859e+007 2.30883e+007 2.30902e+007 2.30917e+007 2.30929e+007 2.30938e+007 2.30946e+007 2.30952e+007 2.30956e+007 2.3096e+007 2.30963e+007 2.30966e+007 2.30968e+007 2.30969e+007 2.3097e+007 2.30971e+007 2.30972e+007 2.30973e+007 2.30973e+007 2.30974e+007 2.30974e+007 2.30974e+007 2.30975e+007 2.30975e+007 2.30975e+007 2.30975e+007 2.30975e+007 2.30975e+007 2.30975e+007 2.30975e+007 2.30975e+007 2.30975e+007 2.30975e+007 2.30975e+007 2.30975e+007 2.30975e+007 2.30975e+007 2.30975e+007 2.30975e+007 2.30975e+007 2.30975e+007 2.30975e+007 2.30975e+007 2.30975e+007 2.30975e+007 2.30975e+007 2.30975e+007 2.30975e+007 2.30975e+007 2.30975e+007 2.30975e+007 2.30975e+007 2.30975e+007 2.30975e+007 2.30975e+007 2.30975e+007 2.30975e+007 2.30975e+007 2.30975e+007 2.30975e+007 2.30975e+007 2.30975e+007 2.30975e+007 2.30975e+007 2.30975e+007 2.30975e+007 2.30975e+007 2.30975e+007 2.30975e+007 2.30975e+007 2.30975e+007 0 0 0 0 0 0 0 0 0 0 0 0 0 0 0 0 0 0 0 0 0 0 0 0 0
#obs survey bio
 3.32651e+006 3.05483e+006 4.1413e+006 3.60098e+006 3.10207e+006 3.0422e+006 2.42286e+006 2.20898e+006 1.46396e+006 1.98796e+006 1.09723e+006 1.17438e+006 1.23414e+006 844526 1.1949e+006 632709 821733 679331 740793 898454 632518 521513 565971 495216 532665 621656 631131 583182 421811 611654 457890 582175 563994 495397 546937 895273 536413 480677 570160 537727 651758 597854 510400 570301 549351 517820 667367 889336 587048 853580 628383 709217 695422 565589 485846 558083 530787 378747 548305 575821 443343 606376 474010 556888 529776 564065 492112
#pred catch bio
 108446 109582 162470 214268 250827 249973 309570 305557 322323 310877 288216 260723 252435 243018 227371 202205 176672 167647 145392 135416 130366 123665 114168 100077 103467 111596 102583 94096 97133.9 94885.7 93962.2 100148 91086.9 100238 90581.9 88396.9 83542.1 81055.1 91381.3 78785.4 92811.8 92878.8 87100.3 88133.1 97401.7 95274.4 99545.9 89701.6 94291.5 92495.3 105358 102691 108371 124560 55062 56800.7 112351 133426 67356.1 107616 120815 73482.4 86644.7 77115 116036 102845 57978.3 70792.6 89788.8 92075.1 97791.1 106271 115450 123963 131184 136958 141385 144675 147062 148763 149959 150789 151360 151751 152016 152195 152316 152398 152452 152489 152513 152529 152540 152547 152552 152555 152557 152558 152559 152560 152560 152561 152561 152561 152561 152561 152561 152561 152561 152561 152561 152561 152561 152561 152561 152561 152561 152561 152561 152561 152561 152561 152561 152561 152561 152561 152561 152561 152561 152561 152561 152561 152561 152561 152561 152561 152561 152561 152561 152561 152561 152561 152561 152561 152561 152561 152561 152561 152561 152561 152561 152561 152561 152561 152561 152561 152561 152561 152561 152561 152561 152561 152561 152561 152561 152561 152561 0 0 0 0 0 0 0 0 0 0 0 0 0 0 0 0 0 0 0 0 0 0 0 0 0
#obs catch bio
 0 109366 162836 214986 252378 250654 312425 307506 324437 312390 290676 264117 256908 248373 231059 206872 179675 170479 147471 136473 131777 125421 115736 101288 104885 112939 103498 94771.7 98093.3 95402.6 94357.8 100698 90803.2 100292 91018.9 88061.1 83185.6 80591.2 90914 77992.8 92321.2 92490.6 86857.1 87907.1 97557 95683.5 99674.1 88915.5 93657.1 91485.3 104213 101262 106309 123394 54456.1 56158.9 111176 133144 66398.4 106811 120683 72959 86879.1 76625.2 116203 103333 57699.3
#pred cpue bio
 4.16084e+006 3.98487e+006 3.81033e+006 3.58523e+006 3.3183e+006 3.03147e+006 2.76763e+006 2.46191e+006 2.18239e+006 1.90395e+006 1.65472e+006 1.44463e+006 1.27693e+006 1.12731e+006 992865 876897 787973 725438 669185 633942 606444 581510 561663 550983 556260 557578 547568 545435 551774 553398 555696 556822 547652 545270 528597 518841 509116 506502 511793 509402 524328 525443 527637 538273 550183 553207 559313 559577 569483 572716 576594 564023 552994 534490 495323 537438 582148 561585 512283 539938 524311 491771 515192 527106 551838 531592 524901 1.99857e+007 1.22613e+007 1.26297e+007 1.3478e+007 1.47228e+007 1.6077e+007 1.73482e+007 1.84462e+007 1.93454e+007 2.00558e+007 2.06031e+007 2.10179e+007 2.13287e+007 2.15602e+007 2.17321e+007 2.18597e+007 2.19546e+007 2.20254e+007 2.20785e+007 2.21184e+007 2.21487e+007 2.21717e+007 2.21894e+007 2.22029e+007 2.22134e+007 2.22216e+007 2.22279e+007 2.22328e+007 2.22367e+007 2.22398e+007 2.22422e+007 2.22441e+007 2.22456e+007 2.22468e+007 2.22477e+007 2.22485e+007 2.22491e+007 2.22495e+007 2.22499e+007 2.22502e+007 2.22505e+007 2.22506e+007 2.22508e+007 2.22509e+007 2.2251e+007 2.22511e+007 2.22512e+007 2.22512e+007 2.22513e+007 2.22513e+007 2.22513e+007 2.22513e+007 2.22513e+007 2.22514e+007 2.22514e+007 2.22514e+007 2.22514e+007 2.22514e+007 2.22514e+007 2.22514e+007 2.22514e+007 2.22514e+007 2.22514e+007 2.22514e+007 2.22514e+007 2.22514e+007 2.22514e+007 2.22514e+007 2.22514e+007 2.22514e+007 2.22514e+007 2.22514e+007 2.22514e+007 2.22514e+007 2.22514e+007 2.22514e+007 2.22514e+007 2.22514e+007 2.22514e+007 2.22514e+007 2.22514e+007 2.22514e+007 2.22514e+007 2.22514e+007 2.22514e+007 2.22514e+007 2.22514e+007 2.22514e+007 2.22514e+007 2.22514e+007 2.22514e+007 2.22514e+007 2.22514e+007 2.22514e+007 2.22514e+007 2.22514e+007 2.22514e+007 2.22514e+007 2.22514e+007 2.22514e+007 0 0 0 0 0 0 0 0 0 0 0 0 0 0 0 0 0 0 0 0 0 0 0 0 0
#obs cpue bio
 3.13456e+006 3.96535e+006 3.49939e+006 3.10053e+006 2.4247e+006 3.40892e+006 2.44876e+006 2.93363e+006 3.70568e+006 1.99375e+006 1.74452e+006 1.06835e+006 890181 993947 973398 628410 755853 694857 505180 583584 441545 450030 470289 465393 486380 584350 464411 471160 604160 629500 691039 556811 866352 592943 316008 667296 547586 630652 608150 651117 403121 454882 502797 534743 472713 435980 698142 769506 610053 584042 692276 635948 774162 480952 471619 736415 892117 593986 667903 632251 498677 403592 455987 700307 582034 413133 672854
#pred surv len freq
 0.0049438 0.00799959 0.0119898 0.016882 0.0225557 0.0287314 0.0349372 0.0406162 0.0453322 0.0489143 0.0514405 0.0531185 0.054174 0.0547934 0.0551024 0.0551644 0.0549912 0.0545515 0.0537511 0.0523805 0.0500766 0.046391 0.0410094 0.0340341 0.0261189
 0.00512145 0.00820769 0.0121584 0.0169081 0.022346 0.0282603 0.0342843 0.0399467 0.044823 0.0486684 0.0514432 0.0532606 0.0543212 0.0548583 0.0550833 0.0551373 0.0550641 0.054804 0.0541858 0.0529119 0.050566 0.046711 0.0411017 0.0339273 0.0258999
 0.00533912 0.00855699 0.0126694 0.0175891 0.0231636 0.0291211 0.0350367 0.040422 0.0449085 0.0483697 0.0508874 0.0526273 0.0537491 0.0543931 0.0546954 0.0547836 0.0547394 0.054545 0.0540329 0.052864 0.0505662 0.0466749 0.0409676 0.0336903 0.0256077
 0.0055353 0.00887768 0.0131557 0.0182813 0.0240922 0.030291 0.0364047 0.0418789 0.0462815 0.0494565 0.0515167 0.0527217 0.0533534 0.0536455 0.0537588 0.0537844 0.0537489 0.0535987 0.0531545 0.0520683 0.0498496 0.0460153 0.0403435 0.0331026 0.0250834
 0.00574708 0.00921789 0.013661 0.0189852 0.0250222 0.0314613 0.0378058 0.0434664 0.0479689 0.0511132 0.0529747 0.0537996 0.0538995 0.0535861 0.0531258 0.0526993 0.0523742 0.0520859 0.0516166 0.0505779 0.0484504 0.0447347 0.0392036 0.0321272 0.0242957
 0.00599991 0.00961857 0.0142452 0.0197806 0.0260458 0.0327147 0.0392686 0.0450922 0.0496881 0.0528382 0.0546024 0.0552088 0.0549523 0.0541454 0.0530895 0.0520375 0.051146 0.0504243 0.0496889 0.0485466 0.0464506 0.0428716 0.0375576 0.0307561 0.0232302
 0.00619257 0.00993499 0.0147275 0.0204702 0.0269759 0.0338982 0.0406859 0.0466882 0.0513811 0.0545367 0.0562179 0.0566567 0.0561446 0.0549828 0.0534649 0.0518568 0.0503604 0.0490588 0.0478487 0.0463975 0.0441848 0.0406742 0.0355826 0.0291111 0.0219668
 0.00646359 0.010367 0.0153623 0.0213427 0.0281099 0.0352993 0.0423307 0.0485175 0.0533027 0.0564389 0.0579857 0.0581864 0.0573504 0.0557944 0.0538185 0.0516893 0.049617 0.0477166 0.0459466 0.044054 0.0415906 0.0380601 0.0331731 0.0270792 0.0204035
 0.00675619 0.0108303 0.0160368 0.0222589 0.0292843 0.0367284 0.0439834 0.0503311 0.055189 0.0582972 0.0597158 0.0596954 0.0585553 0.0566229 0.0542085 0.0515856 0.0489713 0.0464972 0.0441612 0.0417783 0.0389831 0.0353487 0.0306096 0.0248785 0.0186928
 0.0071401 0.0114347 0.0169095 0.0234308 0.0307646 0.0384969 0.0459819 0.0524611 0.057324 0.0603058 0.0614831 0.0611336 0.0596033 0.0572393 0.0543624 0.0512495 0.0481176 0.0451044 0.0422327 0.0393706 0.0362311 0.0324663 0.0278541 0.0224863 0.0168164
 0.0075857 0.0121331 0.0179121 0.0247678 0.0324401 0.0404824 0.0482071 0.0548112 0.0596523 0.0624586 0.0633252 0.0625637 0.0605579 0.0576882 0.0542985 0.050676 0.0470381 0.0435214 0.0401608 0.0368627 0.0334066 0.0295204 0.0250322 0.0200242 0.0148736
 0.00796548 0.012743 0.0188151 0.0260161 0.0340629 0.0424694 0.0504911 0.0572646 0.0621058 0.0647347 0.065269 0.0640598 0.061534 0.0581103 0.0541634 0.0500004 0.0458475 0.041844 0.0380327 0.0343467 0.0306173 0.0266365 0.0222784 0.0176201 0.0129719
 0.00822559 0.0131664 0.0194541 0.0269212 0.0352754 0.0440075 0.0523335 0.0593399 0.0642959 0.0668906 0.0672332 0.0656875 0.0627104 0.0587612 0.0542561 0.0495368 0.0448527 0.0403569 0.0361053 0.0320544 0.0280763 0.024013 0.0197748 0.0154329 0.0112382
 0.00842913 0.013502 0.0199682 0.027661 0.036281 0.0452984 0.0538941 0.0611125 0.0661863 0.0687822 0.0690015 0.0672117 0.0638817 0.0594921 0.0544884 0.0492454 0.0440436 0.0390624 0.0343813 0.0299838 0.0257775 0.0216446 0.017521 0.0134679 0.00968227
 0.00867821 0.0138939 0.0205345 0.0284241 0.037253 0.0464779 0.0552605 0.0626203 0.0677653 0.0703448 0.0704529 0.0684592 0.0648421 0.0600969 0.0546867 0.0490059 0.0433567 0.0379425 0.0328699 0.028155 0.0237424 0.0195497 0.0155323 0.011739 0.00831631
 0.00885541 0.0141895 0.0209925 0.0290883 0.0381554 0.0476227 0.056609 0.0640911 0.0692509 0.0717384 0.0716678 0.0694349 0.0655386 0.0604861 0.0547475 0.0487223 0.0427205 0.0369585 0.0315638 0.026582 0.0219941 0.0177516 0.0138281 0.0102604 0.00715064
 0.00893924 0.0143293 0.0212105 0.0294104 0.0386095 0.0482335 0.0573894 0.0650322 0.0703151 0.0728586 0.0727568 0.0704014 0.066305 0.0609993 0.0549786 0.0486595 0.0423611 0.0363071 0.0306375 0.0254204 0.0206678 0.0163623 0.0124948 0.0090941 0.00622648
 0.00899562 0.0144118 0.0213188 0.0295405 0.038759 0.0484077 0.0576058 0.0653184 0.0707003 0.073361 0.0733711 0.0710926 0.067011 0.0616429 0.0554837 0.0489643 0.0424252 0.0361118 0.0301856 0.0247385 0.0198101 0.0154104 0.011547 0.00824468 0.00554227
 0.00908542 0.014553 0.0215217 0.0298096 0.03909 0.0487853 0.0580029 0.0657015 0.071041 0.0736483 0.0736157 0.0713183 0.0672384 0.0618736 0.0556939 0.0491107 0.0424577 0.0359882 0.0298825 0.0242589 0.0191861 0.0147013 0.0108291 0.00759354 0.00501329
 0.009201 0.0147139 0.0217143 0.030006 0.0392576 0.0489011 0.0580644 0.0657257 0.071054 0.073673 0.0736661 0.0714014 0.0673582 0.0620315 0.0558829 0.0493089 0.042627 0.0360817 0.029858 0.0240929 0.0188841 0.0142985 0.0103821 0.00716437 0.00465135
 0.00933025 0.0149108 0.0219846 0.0303427 0.0396386 0.0492893 0.0584105 0.0659783 0.0711758 0.0736564 0.0735376 0.0712108 0.0671591 0.0618648 0.0557693 0.0492488 0.0426029 0.0360622 0.0298057 0.0239755 0.0186867 0.0140308 0.0100759 0.00686211 0.00439074
 0.00939867 0.015026 0.0221648 0.0306055 0.0399948 0.0497338 0.0589142 0.0664866 0.0716191 0.073968 0.0736731 0.0711612 0.0669524 0.0615553 0.0554199 0.0489123 0.0423096 0.0358172 0.0295938 0.0237723 0.0184712 0.0137959 0.00983157 0.00662972 0.0041928
 0.00948387 0.0151508 0.022328 0.0307991 0.0402091 0.0499638 0.0591622 0.0667575 0.0719102 0.0742598 0.073928 0.0713334 0.0670046 0.0614742 0.0552221 0.0486374 0.042005 0.0355213 0.0293266 0.0235352 0.018255 0.0135918 0.00963852 0.00645516 0.00404731
 0.00953119 0.0152209 0.0224204 0.0309081 0.0403248 0.0500742 0.0592567 0.0668311 0.0719666 0.0743116 0.0739909 0.0714151 0.0670969 0.0615533 0.0552593 0.0486138 0.0419205 0.0353922 0.0291755 0.0233805 0.0181061 0.0134516 0.00950853 0.00633922 0.00395087
 0.00934818 0.0149508 0.0220651 0.0304878 0.0398728 0.0496283 0.0588523 0.0664991 0.0717333 0.0741986 0.0740129 0.0715768 0.067389 0.0619492 0.0557163 0.0490803 0.0423482 0.0357479 0.0294458 0.0235683 0.0182236 0.0135133 0.00952902 0.00633266 0.00393049
 0.00921245 0.0147378 0.0217599 0.0300847 0.0393801 0.0490726 0.0582815 0.0659765 0.0713238 0.0739498 0.0739447 0.0716825 0.0676447 0.0623238 0.0561749 0.0495845 0.0428562 0.0362194 0.029849 0.0238859 0.0184532 0.0136642 0.009617 0.00637559 0.0039452
 0.00924301 0.0147761 0.021796 0.0301012 0.0393553 0.048987 0.0581244 0.0657515 0.07105 0.0736604 0.0736798 0.07148 0.0675313 0.06231 0.0562562 0.0497444 0.0430706 0.0364595 0.0300851 0.024093 0.0186155 0.0137769 0.00968521 0.00640989 0.00395768
 0.00923513 0.014759 0.021762 0.0300398 0.0392547 0.0488372 0.0579206 0.0654972 0.0707587 0.0733552 0.0733924 0.0712457 0.0673828 0.0622698 0.0563309 0.0499236 0.0433297 0.0367651 0.0304017 0.0243883 0.0188655 0.0139691 0.00981882 0.00649324 0.00400378
 0.00907714 0.0145235 0.0214474 0.0296584 0.0388287 0.0483923 0.0574814 0.0650865 0.070398 0.0730652 0.0731914 0.0711489 0.0674005 0.0624063 0.0565824 0.0502765 0.0437598 0.0372393 0.0308819 0.0248375 0.0192537 0.0142785 0.010045 0.00664427 0.0040953
 0.00897163 0.0143557 0.0212027 0.029328 0.0384143 0.0479109 0.0569685 0.0645921 0.0699743 0.0727518 0.0730062 0.0710898 0.067455 0.0625606 0.0568255 0.0505986 0.0441478 0.0376733 0.0313342 0.0252758 0.0196472 0.0146043 0.0102925 0.00681591 0.00420341
 0.00886649 0.0141904 0.0209644 0.0290086 0.0380116 0.0474316 0.0564316 0.0640318 0.0694388 0.0722953 0.0726782 0.0709237 0.0674612 0.062727 0.0571249 0.0509977 0.0446146 0.038178 0.031848 0.0257692 0.0200918 0.0149771 0.0105813 0.00702087 0.00433589
 0.0086601 0.0138844 0.0205587 0.0285216 0.0374745 0.0468778 0.0558901 0.0635259 0.0689896 0.0719249 0.0724105 0.0707827 0.0674662 0.0628863 0.0574313 0.0514283 0.0451348 0.0387484 0.0324294 0.0263256 0.0205923 0.0153982 0.0109101 0.00725725 0.00449114
 0.00866652 0.0138722 0.0204995 0.0283786 0.037215 0.0464925 0.0554056 0.0630015 0.0684954 0.0715165 0.0721142 0.0705994 0.0673864 0.0629036 0.0575458 0.0516411 0.0454399 0.0391282 0.0328553 0.026763 0.0210067 0.0157608 0.0112024 0.00747324 0.0046365
 0.00851654 0.0136542 0.0202179 0.02805 0.0368585 0.0461173 0.0550063 0.062567 0.068028 0.0710467 0.0716991 0.070303 0.0672547 0.0629505 0.057756 0.0519836 0.0458803 0.0396333 0.0333924 0.0272978 0.0215049 0.0161931 0.0115496 0.00772961 0.00480944
 0.00844436 0.0135449 0.0200691 0.0278669 0.0366543 0.0459118 0.0548214 0.0624189 0.0679177 0.0709564 0.0716005 0.0701761 0.0671041 0.0628072 0.0576626 0.0519755 0.0459731 0.0398219 0.0336563 0.0276074 0.021827 0.0164958 0.0118078 0.00792949 0.00494942
 0.00907541 0.0144104 0.0210763 0.0288322 0.0373588 0.0461871 0.0546183 0.0618183 0.0670833 0.0700631 0.0707791 0.0694919 0.0665673 0.0623992 0.0573622 0.0517727 0.0458686 0.0398172 0.033744 0.0277679 0.0220312 0.0167112 0.0120059 0.00809116 0.00506722
 0.0098168 0.0155566 0.022682 0.0308843 0.0397527 0.0487083 0.0569472 0.0635843 0.0679747 0.069944 0.0697418 0.0678074 0.0645684 0.0603694 0.0554823 0.0501275 0.0444832 0.0386903 0.0328646 0.0271178 0.0215824 0.0164267 0.0118435 0.00801001 0.00503353
 0.00975685 0.0155639 0.0228848 0.0314628 0.0408856 0.0504898 0.0593099 0.0662748 0.0705994 0.0720708 0.0710172 0.0680527 0.0638203 0.0588501 0.0535116 0.0480204 0.0424778 0.0369271 0.0314037 0.0259679 0.0207234 0.0158214 0.0114447 0.00776638 0.00489673
 0.00946476 0.0151258 0.0223014 0.0307784 0.0402013 0.0499677 0.059158 0.0666953 0.0717046 0.0738002 0.0731116 0.070116 0.0654491 0.0597676 0.0536435 0.047485 0.0415102 0.0357832 0.0302887 0.0250075 0.0199703 0.0152769 0.0110807 0.00754214 0.00477019
 0.00954257 0.015211 0.0223544 0.0307399 0.0400131 0.0496066 0.0586663 0.0661927 0.0713678 0.0738125 0.0735944 0.0710652 0.0667088 0.0610658 0.0546841 0.048055 0.0415471 0.0353734 0.029608 0.0242438 0.0192671 0.0147124 0.0106751 0.00727837 0.00461436
 0.00944735 0.0150721 0.0221728 0.030521 0.0397586 0.0493048 0.0582931 0.0657283 0.0708268 0.0732701 0.0731857 0.070947 0.0669936 0.0617589 0.0556612 0.0490991 0.0424307 0.0359436 0.0298298 0.0241863 0.0190505 0.0144514 0.0104455 0.0071116 0.00450999
 0.00948492 0.0151309 0.0222572 0.0306335 0.0398992 0.0494684 0.0584654 0.0658811 0.0709186 0.0732563 0.0730417 0.0706933 0.0667052 0.0615433 0.0556094 0.0492343 0.0426914 0.0362133 0.0299968 0.0241956 0.0189174 0.0142378 0.0102212 0.00692477 0.00437905
 0.0095618 0.0152435 0.0224035 0.0308042 0.0400801 0.0496457 0.0586286 0.0660232 0.0710317 0.0733284 0.0730548 0.0706297 0.0665596 0.061337 0.0553915 0.0490647 0.0426095 0.0362141 0.030034 0.0242098 0.0188707 0.0141303 0.0100819 0.00678952 0.00427219
 0.00956643 0.0152506 0.0224133 0.030816 0.0400918 0.0496541 0.0586297 0.0660142 0.0710137 0.0733069 0.0730379 0.0706219 0.0665586 0.0613349 0.055383 0.0490552 0.0426136 0.036245 0.0300895 0.0242698 0.0189086 0.0141298 0.0100454 0.0067338 0.00421643
 0.00946724 0.0151108 0.0222425 0.0306364 0.0399321 0.0495384 0.05857 0.0660077 0.0710479 0.0733665 0.0731103 0.0707002 0.0666399 0.0614179 0.0554656 0.0491348 0.0426898 0.0363197 0.030164 0.0243403 0.0189659 0.014164 0.0100533 0.00672097 0.00419365
 0.00925815 0.0148139 0.0218759 0.0302456 0.0395791 0.0492828 0.0584514 0.0660384 0.0712126 0.0736287 0.0734212 0.0710104 0.0669112 0.06163 0.0556166 0.049235 0.0427543 0.0363628 0.0301962 0.0243668 0.0189867 0.0141762 0.0100545 0.00671226 0.00417929
 0.00900218 0.0144178 0.0213195 0.0295301 0.0387336 0.0483704 0.0575699 0.065308 0.0707464 0.0734967 0.0736275 0.0714957 0.0675778 0.0623736 0.056351 0.0499038 0.0433305 0.0368411 0.0305831 0.0246728 0.0192216 0.0143485 0.0101726 0.00678591 0.00421998
 0.0090182 0.0144109 0.0212487 0.0293382 0.0383636 0.0477915 0.0568014 0.0644265 0.069872 0.0727633 0.0731491 0.0713391 0.067748 0.062817 0.0569753 0.050606 0.0440227 0.0374646 0.0311089 0.0250942 0.0195448 0.0145852 0.0103365 0.00689169 0.00428255
 0.00896467 0.0143277 0.0211287 0.0291721 0.0381356 0.0474761 0.0563672 0.0638505 0.0691612 0.0719724 0.0723812 0.0707227 0.0673988 0.0628005 0.0572876 0.0511804 0.0447546 0.0382439 0.0318457 0.0257313 0.0200567 0.0149704 0.0106081 0.00707047 0.00439146
 0.00893983 0.0142903 0.0210779 0.0291086 0.0380603 0.0473879 0.0562593 0.0637075 0.0689599 0.0716883 0.0720036 0.0702723 0.0669357 0.0624139 0.0570671 0.0511817 0.0449793 0.0386414 0.0323356 0.0262312 0.020504 0.0153307 0.010873 0.00724904 0.00450191
 0.00899862 0.0143658 0.0211547 0.0291608 0.0380594 0.0473148 0.0561138 0.0635076 0.0687315 0.0714518 0.0717653 0.0700262 0.0666766 0.0621528 0.056839 0.0510381 0.0449671 0.0387794 0.032604 0.0265786 0.0208678 0.0156581 0.0111332 0.00743424 0.00462075
 0.00914034 0.0145945 0.0214937 0.0296249 0.0386454 0.0479898 0.0568092 0.0641274 0.0691777 0.0716553 0.0717043 0.0697239 0.0661836 0.0615301 0.0561502 0.0503492 0.0443441 0.0382792 0.0322596 0.0263903 0.0208057 0.0156764 0.0111871 0.00749189 0.00466621
 0.00920354 0.0147002 0.0216586 0.0298674 0.0389826 0.0484313 0.0573481 0.0647327 0.069791 0.0721971 0.0720906 0.069888 0.0660956 0.0612042 0.0556376 0.0497232 0.0436845 0.0376599 0.0317385 0.0260005 0.0205515 0.0155368 0.0111277 0.00747775 0.00467116
 0.00932473 0.0148902 0.0219316 0.0302319 0.0394405 0.048976 0.057962 0.0653848 0.0704383 0.0727875 0.0725667 0.0701926 0.0661803 0.0610417 0.0552331 0.0491181 0.0429501 0.0368821 0.0310001 0.0253659 0.0200564 0.0151869 0.0109043 0.00734928 0.00460471
 0.00949512 0.0151805 0.0223914 0.0309112 0.0403727 0.0501549 0.059322 0.0668021 0.0717571 0.0738604 0.0732877 0.0705092 0.0660881 0.0605715 0.0544397 0.0480741 0.0417432 0.0356105 0.0297633 0.0242514 0.0191263 0.0144697 0.0103948 0.0070169 0.00440608
 0.008854 0.0141887 0.0209982 0.0291179 0.0382479 0.0478481 0.0570673 0.0648927 0.0704793 0.0734101 0.0737114 0.0717 0.0678303 0.0626043 0.0565144 0.0499926 0.0433771 0.0369042 0.0307236 0.0249272 0.0195851 0.0147764 0.0105998 0.00715379 0.00449558
 0.00880022 0.0140234 0.0206072 0.0283514 0.0369646 0.0459832 0.0546947 0.0622419 0.0678943 0.0712665 0.0723267 0.0712633 0.0683665 0.0639786 0.0584755 0.0522401 0.0456294 0.0389478 0.0324343 0.026265 0.0205725 0.0154702 0.0110667 0.00745507 0.004681
 0.00935648 0.0148866 0.0218212 0.0299063 0.0387725 0.0478574 0.0563488 0.0633383 0.0681462 0.0705552 0.0707659 0.0691706 0.0661542 0.0620229 0.0570181 0.0513527 0.0452383 0.0388962 0.032552 0.0264197 0.0206908 0.0155318 0.0110831 0.00744765 0.00466717
 0.00968829 0.0154705 0.022779 0.0313703 0.0408432 0.0505379 0.0594843 0.0665982 0.0710746 0.0726765 0.0717113 0.0687818 0.0645316 0.0594964 0.054046 0.0483865 0.0426096 0.0367673 0.0309339 0.0252332 0.0198308 0.0149088 0.0106365 0.00713822 0.00446543
 0.00925928 0.0148015 0.0218335 0.0301559 0.0394357 0.0491032 0.0582785 0.065919 0.0711601 0.0735917 0.0732901 0.0706679 0.0663048 0.0608218 0.0547774 0.0485817 0.0424631 0.0365036 0.0307177 0.0251324 0.0198338 0.014968 0.0107064 0.00719333 0.00449965
 0.00957116 0.015244 0.0223782 0.0307316 0.0399439 0.0494494 0.0584059 0.0658349 0.0709458 0.0733875 0.0732465 0.0708742 0.0667307 0.0613148 0.0551275 0.0486215 0.0421439 0.0359052 0.0299955 0.0244404 0.0192701 0.0145623 0.0104404 0.00703026 0.00440439
 0.00984644 0.0157085 0.0231035 0.0317807 0.0413399 0.051135 0.0602169 0.0675184 0.072232 0.0740856 0.0733126 0.0704146 0.0659403 0.060386 0.054177 0.0476707 0.0411566 0.034852 0.0288988 0.0233745 0.0183249 0.0138024 0.00988536 0.00665994 0.00417742
 0.00940183 0.0150384 0.0221982 0.0306784 0.0401321 0.0499618 0.0592518 0.0669327 0.0721397 0.0744937 0.0741118 0.0714259 0.0669913 0.0613669 0.0550473 0.0484245 0.0417843 0.0353285 0.0292016 0.0235085 0.0183294 0.0137356 0.00979974 0.00658742 0.00412849
 0.00943189 0.0150363 0.0221023 0.0304048 0.0396025 0.0491465 0.058206 0.0658021 0.0711266 0.0737955 0.0738595 0.0716455 0.0676029 0.062222 0.0559846 0.0493174 0.0425576 0.0359486 0.0296582 0.0238068 0.0184898 0.0137937 0.00979744 0.00656092 0.00410054
 0.0094015 0.0149865 0.0220238 0.0302807 0.0394026 0.0488247 0.0577086 0.0650917 0.0702174 0.0727795 0.0729016 0.070939 0.0673016 0.0623837 0.0565558 0.0501622 0.0435127 0.0368717 0.0304544 0.0244303 0.018935 0.0140818 0.00996506 0.00664772 0.00414035
 0.00939124 0.0150269 0.0221874 0.0306631 0.0400879 0.049835 0.0589619 0.0663991 0.0713286 0.0734605 0.0730106 0.0704712 0.0663883 0.0612446 0.0554233 0.0492096 0.0428157 0.0364162 0.0301745 0.0242513 0.0188012 0.0139651 0.00985908 0.00655703 0.00407051
 0.00884489 0.0142328 0.0211713 0.0295205 0.0389722 0.0489269 0.0584327 0.0663719 0.0718375 0.0744207 0.0742243 0.0716823 0.0673686 0.0618699 0.0557007 0.0492466 0.0427542 0.0363684 0.0301907 0.0243253 0.0188988 0.0140525 0.00991846 0.00658743 0.00408048
#obs surv len freq
 nan nan nan nan nan nan nan nan nan nan nan nan nan nan nan nan nan nan nan nan nan nan nan nan nan
 0.00448496 0.00734662 0.0111771 0.0159943 0.0216961 0.0279727 0.0342876 0.0400192 0.0446985 0.0481614 0.0505179 0.0520122 0.0529029 0.0534139 0.053727 0.0539811 0.054259 0.0545514 0.0546899 0.0542816 0.0527198 0.0493521 0.0438024 0.036283 0.0276674
 0.00461657 0.00756219 0.0115042 0.0164585 0.0223148 0.0287457 0.0351872 0.0409877 0.045656 0.0490217 0.0512046 0.05247 0.0531034 0.0533557 0.0534316 0.0534853 0.0536061 0.053784 0.0538471 0.0534004 0.0518389 0.0485147 0.0430531 0.0356597 0.027191
 0.00477983 0.00783012 0.0119121 0.0170409 0.0230984 0.0297385 0.0363667 0.0422955 0.0470042 0.0503068 0.0523235 0.0533326 0.0536419 0.0535312 0.0532371 0.0529434 0.0527626 0.0526986 0.0525866 0.0520355 0.0504453 0.0471736 0.041845 0.0346512 0.0264188
 0.00496824 0.0081391 0.0123822 0.0177118 0.0240018 0.030886 0.0377374 0.0438305 0.0486133 0.051883 0.0537578 0.0545237 0.0545018 0.0539915 0.0532548 0.0525062 0.0518906 0.0514424 0.0510228 0.0502626 0.0485797 0.0453436 0.0401775 0.0332498 0.0253418
 0.00518568 0.00849265 0.0129146 0.0184634 0.0250034 0.032148 0.0392374 0.0455083 0.0503775 0.0536271 0.0553741 0.0559121 0.0555729 0.0546678 0.053474 0.0522263 0.0510973 0.0501564 0.0493054 0.048218 0.0463524 0.0431059 0.0381059 0.0314913 0.023982
 0.00541258 0.0088656 0.0134834 0.0192766 0.026099 0.0335379 0.0408924 0.0473539 0.0523057 0.0555181 0.0571157 0.0574081 0.0567428 0.0554429 0.0537944 0.0520417 0.0503728 0.0488841 0.0475194 0.0460086 0.0438709 0.0405537 0.0357021 0.0294259 0.0223718
 0.00564204 0.00924187 0.014056 0.0200943 0.0272013 0.0349409 0.0425737 0.0492457 0.054303 0.0574974 0.0589546 0.0589987 0.057997 0.0562918 0.0541835 0.0519257 0.0497147 0.047663 0.0457485 0.0437575 0.0412816 0.037836 0.0330999 0.0271615 0.0205898
 0.00588711 0.00964147 0.0146597 0.0209493 0.028344 0.036383 0.0442882 0.0511616 0.0563146 0.0594838 0.0607983 0.0605958 0.0592607 0.0571525 0.0545864 0.0518273 0.0490801 0.0464696 0.0440006 0.0415101 0.0386629 0.0350509 0.0304002 0.0247871 0.0187048
 0.00612735 0.0100375 0.0152656 0.0218185 0.0295182 0.0378751 0.0460654 0.0531404 0.0583745 0.0614919 0.0626323 0.0621551 0.0604686 0.0579514 0.0549327 0.051686 0.0484219 0.0452739 0.0422688 0.0392885 0.0360674 0.032275 0.0276906 0.0223869 0.0167865
 0.0063693 0.0104329 0.0158647 0.02267 0.0306602 0.0393213 0.0477892 0.0550682 0.0603941 0.0634727 0.064446 0.0636915 0.0616427 0.0587048 0.055229 0.0515021 0.0477414 0.0440863 0.0405791 0.0371395 0.0335641 0.0295958 0.0250678 0.0200538 0.0149134
 0.00662623 0.0108526 0.0165 0.0235705 0.0318621 0.0408314 0.0495691 0.0570302 0.0624142 0.0654158 0.066188 0.0651315 0.0627056 0.0593397 0.0554059 0.0512069 0.0469696 0.0428403 0.0388748 0.0350232 0.0311347 0.0270171 0.0225532 0.0178193 0.013118
 0.00683929 0.0112075 0.0170496 0.0243691 0.0329537 0.0422316 0.0512472 0.0589028 0.0643585 0.0672936 0.0678705 0.0665137 0.0637121 0.0599232 0.0555423 0.0508889 0.0462002 0.0416309 0.0372494 0.0330319 0.0288725 0.0246335 0.0202393 0.0157679 0.0114708
 0.00707261 0.0115859 0.0176176 0.025168 0.0340145 0.0435628 0.0528214 0.0606506 0.0661744 0.0690536 0.0694512 0.0678079 0.0646385 0.0604307 0.0556083 0.0505132 0.0453969 0.0404231 0.0356714 0.0311397 0.0267582 0.0224335 0.018123 0.0139033 0.00997958
 0.00725597 0.0118926 0.0180949 0.0258639 0.0349669 0.0447823 0.0542758 0.0622613 0.067831 0.0706378 0.0708571 0.0689508 0.0654552 0.0608776 0.0556608 0.0501646 0.0446567 0.0393144 0.0342318 0.0294277 0.0248626 0.020478 0.0162556 0.0122676 0.00867696
 0.00742712 0.0121702 0.0185117 0.0264512 0.0357496 0.0457708 0.0554556 0.0635865 0.0692262 0.0720085 0.0721043 0.0699851 0.0662069 0.0613012 0.0557336 0.049882 0.0440272 0.0383586 0.0329844 0.0279434 0.0232233 0.0187941 0.0146556 0.0108726 0.00757047
 0.00751351 0.0123128 0.0187307 0.0267676 0.0361822 0.0463311 0.0561425 0.0643834 0.0701033 0.0729259 0.0730147 0.0708341 0.0669346 0.061847 0.0560443 0.0499187 0.0437694 0.0378055 0.0321558 0.0268828 0.022001 0.0175063 0.0134134 0.00977988 0.00669938
 0.00759139 0.0124326 0.0188986 0.0269862 0.0364518 0.0466521 0.0565154 0.0648083 0.0705774 0.0734421 0.0735599 0.0713875 0.0674659 0.0623163 0.0564041 0.0501193 0.0437672 0.0375716 0.0316838 0.0261942 0.0211476 0.0165672 0.0124828 0.00894764 0.00602902
 0.00766449 0.0125479 0.0190655 0.0272096 0.0367309 0.0469777 0.0568696 0.0651668 0.0709173 0.0737502 0.073836 0.0716407 0.0677054 0.0625416 0.0565996 0.0502544 0.0438023 0.0374672 0.0314129 0.0257529 0.0205622 0.0158934 0.0117948 0.00831994 0.0055168
 0.00773117 0.0126488 0.0192033 0.0273822 0.0369325 0.0472004 0.0571043 0.0654033 0.0711439 0.0739555 0.0740122 0.0717863 0.0678251 0.0626438 0.0566887 0.0503247 0.0438343 0.0374313 0.0312782 0.0255006 0.0201964 0.0154452 0.0113165 0.00786981 0.00514133
 0.00777767 0.0127213 0.0193062 0.027517 0.0370962 0.0473852 0.0572973 0.0655884 0.0713058 0.0740851 0.074108 0.0718534 0.0678717 0.0626773 0.0567143 0.0503429 0.0438384 0.0374057 0.0312017 0.0253536 0.0199719 0.0151561 0.0109948 0.00755671 0.00487341
 0.00781563 0.0127777 0.0193814 0.0276079 0.0371977 0.0474916 0.0574036 0.06569 0.0713985 0.0741645 0.0741711 0.0718993 0.0679025 0.0626973 0.056728 0.0503526 0.0438418 0.0373951 0.0311638 0.025274 0.0198417 0.0149788 0.0107881 0.00734796 0.00468935
 0.00785032 0.0128303 0.0194533 0.0276973 0.0372997 0.0475985 0.0575058 0.0657778 0.0714641 0.0742051 0.0741888 0.0719001 0.0678933 0.0626835 0.0567131 0.050338 0.0438267 0.0373753 0.0311315 0.0252197 0.0197578 0.0148647 0.010653 0.00720852 0.00456373
 0.00786873 0.0128587 0.0194933 0.027749 0.0373615 0.0476673 0.0575763 0.0658431 0.0715173 0.0742409 0.0742055 0.0719 0.0678813 0.062666 0.0566953 0.0503228 0.0438142 0.0373625 0.0311133 0.0251891 0.019709 0.014796 0.0105688 0.00711908 0.00448107
 0.00786645 0.012852 0.0194776 0.027719 0.0373129 0.0475997 0.0574955 0.0657606 0.0714473 0.0741955 0.0741914 0.0719174 0.0679257 0.0627303 0.0567721 0.0504053 0.0438963 0.0374383 0.0311765 0.0252337 0.0197303 0.0147925 0.010544 0.00708076 0.00443903
 0.00787314 0.0128574 0.0194756 0.0277004 0.0372678 0.047521 0.0573831 0.0656229 0.0713002 0.0740593 0.0740863 0.071859 0.0679212 0.0627777 0.0568614 0.0505221 0.0440256 0.0375666 0.0312927 0.0253295 0.0198 0.0148342 0.0105602 0.00707773 0.00442517
 0.00789701 0.0128929 0.0195224 0.0277552 0.0373234 0.0475673 0.0574074 0.065613 0.0712483 0.0739662 0.0739636 0.0717267 0.0678025 0.062692 0.0568196 0.050525 0.0440652 0.0376301 0.0313658 0.0253994 0.0198573 0.0148738 0.0105813 0.00708355 0.00442118
 0.00788214 0.0128692 0.0194879 0.0277082 0.0372639 0.0474965 0.0573286 0.0655309 0.0711677 0.0738908 0.073896 0.0716698 0.0677611 0.0626731 0.0568305 0.0505701 0.0441431 0.0377331 0.0314815 0.0255138 0.0199582 0.0149532 0.0106365 0.00711667 0.00443751
 0.00786943 0.0128459 0.019448 0.0276451 0.0371722 0.0473756 0.0571849 0.065378 0.0710231 0.0737711 0.0738121 0.071626 0.0677559 0.0627019 0.0568886 0.0506538 0.0442492 0.0378569 0.0316153 0.025647 0.0200797 0.015054 0.0107119 0.00716713 0.00446731
 0.00786203 0.01283 0.019417 0.0275905 0.0370853 0.0472512 0.0570247 0.065192 0.0708288 0.0735899 0.0736656 0.0715308 0.0677209 0.0627268 0.0569655 0.0507708 0.0443936 0.038017 0.0317806 0.0258073 0.0202251 0.0151762 0.0108063 0.00723332 0.00450911
 0.00784931 0.0128094 0.0193861 0.0275463 0.0370247 0.0471707 0.0569215 0.0650658 0.0706832 0.0734344 0.0735149 0.0714031 0.0676334 0.0626922 0.0569882 0.0508469 0.0445125 0.0381643 0.0319414 0.0259677 0.0203733 0.015303 0.0109062 0.00730535 0.00455619
 0.00781655 0.0127596 0.0193174 0.0274595 0.0369227 0.047058 0.0568034 0.0649481 0.0705712 0.0733321 0.0734255 0.0713304 0.067583 0.0626716 0.0570051 0.0509056 0.0446117 0.0382965 0.0320942 0.0261266 0.0205241 0.0154347 0.0110119 0.00738285 0.00460791
 0.0077819 0.0127003 0.0192231 0.0273201 0.036732 0.0468191 0.0565325 0.0646735 0.0703262 0.0731451 0.0733124 0.0712931 0.0676134 0.0627569 0.0571331 0.0510669 0.044799 0.0385022 0.0323087 0.0263379 0.0207194 0.0156028 0.0111458 0.00748101 0.0046736
 0.00776469 0.0126687 0.0191687 0.0272325 0.0366007 0.0466374 0.0563018 0.0644057 0.0700442 0.0728793 0.0730951 0.0711505 0.0675602 0.0627932 0.057247 0.0512395 0.0450105 0.0387351 0.0325481 0.0265704 0.0209326 0.0157862 0.0112925 0.00758912 0.00474651
 0.00773255 0.0126178 0.0190944 0.027131 0.0364693 0.0464746 0.0561087 0.0641873 0.0698106 0.0726458 0.0728818 0.0709804 0.067455 0.0627685 0.0573078 0.0513787 0.0452113 0.0389755 0.0328053 0.026824 0.0211659 0.0159868 0.0114529 0.00770758 0.00482671
 0.0093059 0.0148188 0.0217483 0.0298551 0.0387852 0.0479857 0.0566406 0.0638129 0.0687665 0.0712113 0.0712911 0.069393 0.0659661 0.0614319 0.0561523 0.0504168 0.0444416 0.038385 0.032372 0.0265215 0.0209665 0.015864 0.0113836 0.00767264 0.00481149
 0.00927056 0.0150524 0.0226129 0.031801 0.0421546 0.0527474 0.0622225 0.0691962 0.0728499 0.0732469 0.0711317 0.0674326 0.0628683 0.0578466 0.0525561 0.0470893 0.041515 0.035904 0.0303356 0.0249043 0.0197293 0.0149582 0.0107538 0.00726062 0.00456019
 0.00895148 0.0145482 0.0219024 0.0309304 0.0412906 0.0522145 0.0624638 0.0706151 0.0755665 0.0769177 0.0749933 0.0705917 0.0646761 0.0581235 0.0515607 0.0453063 0.0394278 0.033864 0.0285395 0.0234313 0.0185876 0.0141188 0.0101704 0.00687972 0.00432844
 0.0087984 0.0142894 0.0214949 0.0303307 0.0404708 0.051193 0.0613457 0.0696203 0.0750141 0.0771383 0.076179 0.072653 0.0672077 0.0605362 0.0533211 0.0461432 0.0393867 0.0332085 0.0275932 0.0224565 0.0177403 0.013461 0.00970292 0.00657281 0.00414218
 0.00873272 0.0141786 0.0213198 0.0300683 0.0400965 0.0506861 0.0606999 0.0688596 0.074212 0.0764325 0.0757638 0.0727301 0.0678961 0.0617826 0.0548766 0.0476437 0.0405034 0.0337766 0.0276451 0.0221581 0.0172898 0.0130123 0.00933888 0.00631627 0.00398087
 0.00868374 0.0141015 0.0212081 0.0299164 0.0398992 0.0504375 0.0603939 0.068492 0.0737853 0.0759655 0.0753044 0.0723652 0.067743 0.0619507 0.0554085 0.0484685 0.0414418 0.0346096 0.0282075 0.0223993 0.0172682 0.0128414 0.00912699 0.00613195 0.00385
 0.00867554 0.0140813 0.0211654 0.0298377 0.0397717 0.050255 0.0601609 0.0682223 0.0734966 0.0756729 0.0750194 0.0721032 0.067535 0.0618489 0.0554739 0.0487401 0.0419025 0.0351745 0.0287517 0.0228116 0.017497 0.0129039 0.00908315 0.00604702 0.00376878
 0.00865792 0.0140564 0.0211341 0.0298019 0.0397317 0.0502069 0.0600956 0.0681283 0.0733659 0.0755056 0.0748254 0.0718999 0.0673437 0.0616953 0.0553892 0.0487575 0.0420433 0.0354302 0.0290759 0.023133 0.0177498 0.0130552 0.00913962 0.00604106 0.00373656
 0.00864102 0.0140288 0.0210927 0.0297444 0.0396582 0.0501207 0.0600038 0.0680395 0.0732858 0.0754342 0.0747572 0.0718276 0.0672652 0.0616167 0.0553264 0.0487327 0.0420785 0.0355376 0.0292478 0.0233398 0.0179494 0.013211 0.00923542 0.00608268 0.00374296
 0.00866251 0.0140601 0.0211329 0.02979 0.0397033 0.0501585 0.0600273 0.0680437 0.0732682 0.0753952 0.0746993 0.071754 0.0671781 0.0615195 0.0552254 0.0486401 0.0420113 0.0355122 0.0292724 0.0234085 0.0180426 0.0133033 0.00930652 0.00612483 0.00376018
 0.0086615 0.0140636 0.0211475 0.029824 0.0397637 0.0502464 0.0601347 0.0681537 0.0733601 0.0754516 0.0747109 0.0717207 0.0671069 0.0614209 0.0551108 0.0485214 0.0419015 0.0354247 0.0292183 0.0233918 0.0180576 0.0133366 0.00934265 0.00615266 0.00377594
 0.00862356 0.0140043 0.0210631 0.0297143 0.0396338 0.0501081 0.0600069 0.0680585 0.0733159 0.0754654 0.0747749 0.0718161 0.0672114 0.0615163 0.055187 0.0485763 0.0419391 0.0354529 0.029246 0.0234257 0.0180999 0.0133837 0.00938753 0.00618887 0.00380046
 0.00862167 0.0139989 0.0210507 0.0296903 0.0395933 0.0500487 0.0599303 0.0679721 0.0732325 0.0753999 0.0747405 0.0718191 0.067249 0.061577 0.0552556 0.0486394 0.0419891 0.035489 0.0292725 0.023449 0.0181245 0.0134107 0.00941486 0.00621287 0.00381844
 0.00860681 0.0139757 0.0210175 0.0296459 0.0395371 0.0499807 0.0598515 0.0678854 0.0731431 0.0753165 0.0746736 0.0717799 0.0672457 0.0616119 0.0553231 0.0487274 0.0420835 0.0355778 0.029349 0.0235119 0.0181758 0.013453 0.00944941 0.00623989 0.0038379
 0.00861951 0.0139933 0.0210383 0.0296663 0.0395526 0.0499868 0.0598452 0.0678653 0.0731094 0.0752702 0.0746176 0.0717195 0.0671888 0.0615675 0.0552991 0.0487271 0.0421043 0.0356128 0.0293898 0.0235516 0.0182108 0.0134821 0.0094729 0.00625809 0.00385114
 0.00861951 0.0139933 0.0210383 0.0296663 0.0395526 0.0499868 0.0598452 0.0678653 0.0731094 0.0752702 0.0746176 0.0717195 0.0671888 0.0615675 0.0552991 0.0487271 0.0421043 0.0356128 0.0293898 0.0235516 0.0182108 0.0134821 0.0094729 0.00625809 0.00385114
 0.00882535 0.0143204 0.0215146 0.0303078 0.0403543 0.0509117 0.0608171 0.0687742 0.0738346 0.0757135 0.0747288 0.0715038 0.0666982 0.0608819 0.0545073 0.0479113 0.0413296 0.0349222 0.0288054 0.0230794 0.0178459 0.0132135 0.00928585 0.00613612 0.00377736
 0.00881878 0.0143339 0.0215797 0.0304687 0.0406566 0.051384 0.0614531 0.0695259 0.0746192 0.0764306 0.0752817 0.0718191 0.0667398 0.0606575 0.0540636 0.0473206 0.0406717 0.0342689 0.0282105 0.0225749 0.0174444 0.0129128 0.0090744 0.00599716 0.00369264
 0.00885456 0.0143847 0.0216441 0.0305449 0.0407484 0.0515074 0.0616377 0.0698056 0.0750138 0.0769271 0.075827 0.0723299 0.0671263 0.06085 0.0540309 0.0470756 0.0402634 0.0337667 0.0276854 0.0220855 0.0170288 0.0125877 0.00883922 0.00583977 0.00359549
 0.00907879 0.014739 0.0221562 0.0312284 0.0415938 0.0524734 0.0626462 0.070752 0.0757941 0.0774686 0.0761048 0.0723589 0.0669382 0.0604736 0.0534877 0.0463877 0.0394649 0.0329081 0.0268288 0.0212923 0.0163474 0.0120451 0.00843925 0.00556761 0.00342514
 0.00843995 0.0137514 0.0207697 0.0294433 0.0394748 0.0501608 0.0603601 0.0687696 0.0743912 0.076844 0.0763255 0.0733533 0.0685306 0.0624356 0.0555843 0.0484127 0.0412646 0.0343931 0.0279732 0.0221205 0.0169137 0.0124133 0.00866819 0.00570395 0.00350266
 0.00826816 0.0134015 0.020116 0.0283351 0.037785 0.0478593 0.0575748 0.0657936 0.0716197 0.0746708 0.0750466 0.0731106 0.0693009 0.0640547 0.0577941 0.0509172 0.0437849 0.0367081 0.0299411 0.0236811 0.0180742 0.0132254 0.00920376 0.0060367 0.00369678
 0.00878352 0.0142094 0.0212666 0.0298289 0.0395432 0.0496949 0.0591897 0.0668316 0.071781 0.0738391 0.0733545 0.0709001 0.067003 0.0620521 0.0563275 0.0500574 0.04346 0.0367622 0.0301982 0.023994 0.0183494 0.0134236 0.00932501 0.00610015 0.00372494
 0.00906661 0.0147228 0.0221339 0.0311879 0.0414997 0.0522526 0.0621868 0.0699264 0.0745098 0.0757312 0.0740622 0.0702989 0.0652285 0.0594593 0.0533823 0.0472028 0.0410096 0.0348583 0.0288334 0.0230711 0.0177439 0.0130276 0.00906321 0.00592724 0.00361408
 0.00848215 0.0138241 0.0208862 0.0296167 0.0397123 0.0504532 0.060669 0.0690192 0.0744699 0.0766253 0.0757085 0.0723155 0.0671702 0.0609749 0.0543185 0.047615 0.0410894 0.0348239 0.0288407 0.0231789 0.0179326 0.0132427 0.00925516 0.00607019 0.00370571
 0.00880219 0.0142541 0.0213663 0.0300348 0.0399359 0.0503822 0.0602851 0.0684067 0.0737997 0.076106 0.0755172 0.0725279 0.0677197 0.06167 0.0549193 0.0479351 0.0410679 0.0345303 0.0284188 0.0227697 0.0176217 0.01305 0.00915702 0.00602966 0.00369252
 0.00899252 0.0146006 0.0219488 0.0309307 0.0411767 0.0519 0.0618825 0.0697902 0.0746811 0.076323 0.0751024 0.0716834 0.0667164 0.0607292 0.0541394 0.0472908 0.04047 0.0339036 0.0277507 0.0221081 0.0170365 0.012592 0.0088388 0.00583167 0.00358098
 0.00857428 0.0139585 0.0210592 0.0298129 0.0399063 0.0506151 0.0607729 0.0690536 0.0744513 0.0766062 0.0757717 0.0725442 0.0676019 0.0615606 0.0549167 0.0480371 0.0411804 0.0345363 0.0282547 0.0224591 0.0172493 0.0127072 0.00889928 0.00586675 0.00360448
 0.00860714 0.0139591 0.0209637 0.0295334 0.039359 0.0497644 0.0596696 0.0678437 0.0733428 0.0758069 0.075422 0.0726737 0.0681284 0.062333 0.0557796 0.0488798 0.0419473 0.0352053 0.0288131 0.0228958 0.0175627 0.0129114 0.00902107 0.00593505 0.00364193
 0.00858403 0.0139324 0.02094 0.0295161 0.0393352 0.0496919 0.0594769 0.0674537 0.072718 0.0749914 0.0745499 0.0719302 0.0676793 0.0622619 0.0560654 0.0494213 0.042615 0.035886 0.0294309 0.0234101 0.0179588 0.0131935 0.00920616 0.00604702 0.00370482
