SBPRF35
7.78865
Curr Bio
590017
B35
674999
F35
0.226179
FOFL
0.20691
OFL
96844.8
Bzero
2.22533e+006
#pred survey bio
 4.47082e+006 4.21734e+006 3.97665e+006 3.69631e+006 3.38187e+006 3.09597e+006 2.77794e+006 2.47044e+006 2.19665e+006 1.9379e+006 1.71085e+006 1.50429e+006 1.32909e+006 1.19399e+006 1.06059e+006 924458 825038 767721 698457 663182 625045 603013 599149 588011 581265 574357 580945 579889 572903 574475 564817 557482 552014 539239 531787 517341 498490 493023 488217 498189 506707 519607 526901 529147 534277 548137 551162 558474 559516 558160 560094 509556 458395 445639 455284 483952 513818 541241 566664 572782 590664 601042 589796 571210 549144 551099 590155 2.17107e+007 1.35499e+007 1.40707e+007 1.46551e+007 1.52392e+007 1.5763e+007 1.62001e+007 1.65479e+007 1.68158e+007 1.70178e+007 1.71681e+007 1.72793e+007 1.73612e+007 1.74217e+007 1.74664e+007 1.74997e+007 1.75245e+007 1.75431e+007 1.75571e+007 1.75677e+007 1.75758e+007 1.75819e+007 1.75866e+007 1.75902e+007 1.7593e+007 1.75951e+007 1.75967e+007 1.75979e+007 1.75989e+007 1.75997e+007 1.76002e+007 1.76007e+007 1.7601e+007 1.76013e+007 1.76015e+007 1.76016e+007 1.76018e+007 1.76019e+007 1.76019e+007 1.7602e+007 1.7602e+007 1.76021e+007 1.76021e+007 1.76021e+007 1.76021e+007 1.76022e+007 1.76022e+007 1.76022e+007 1.76022e+007 1.76022e+007 1.76022e+007 1.76022e+007 1.76022e+007 1.76022e+007 1.76022e+007 1.76022e+007 1.76022e+007 1.76022e+007 1.76022e+007 1.76022e+007 1.76022e+007 1.76022e+007 1.76022e+007 1.76022e+007 1.76022e+007 1.76022e+007 1.76022e+007 1.76022e+007 1.76022e+007 1.76022e+007 1.76022e+007 1.76022e+007 1.76022e+007 1.76022e+007 1.76022e+007 1.76022e+007 1.76022e+007 1.76022e+007 1.76022e+007 1.76022e+007 1.76022e+007 1.76022e+007 1.76022e+007 1.76022e+007 1.76022e+007 1.76022e+007 1.76022e+007 1.76022e+007 1.76022e+007 1.76022e+007 1.76022e+007 1.76022e+007 1.76022e+007 1.76022e+007 1.76022e+007 1.76022e+007 1.76022e+007 1.76022e+007 1.76022e+007 1.76022e+007 0 0 0 0 0 0 0 0 0 0 0 0 0 0 0 0 0 0 0 0 0 0 0 0 0
#obs survey bio
 3.13199e+006 3.13629e+006 3.04369e+006 4.25754e+006 2.03539e+006 3.52014e+006 2.35318e+006 1.75403e+006 2.96142e+006 2.08562e+006 1.23182e+006 1.39941e+006 901321 1.0911e+006 1.1139e+006 804552 747936 848558 644054 737876 483148 392267 639077 614314 337349 495437 564558 653673 961595 582158 520477 654086 515251 898305 470616 424248 535263 516588 569516 442198 303566 426428 486857 475499 464194 600014 544777 624140 863199 498767 665367 575238 466027 409832 479041 507739 397762 651880 520716 671810 619872 693276 807417 553027 499339 600054 535796
#pred catch bio
 95832.7 96757.4 154491 213499 219086 281150 304020 302262 312052 302214 298475 281330 252840 253571 253375 216814 176079 180981 147290 146256 130110 113423 117745 112007 110489 97895.1 102833 104971 94735.2 101612 96945 92740.8 95750.9 87427.1 90078.8 93008.3 84955.4 89049.5 79744.3 83412.3 81529.7 86974.7 90889 87744.1 79726.5 88127.1 83965.9 88520.2 89198.3 85782 129146 127969 96071.2 79354.1 65659.5 66850.4 71054.3 75117 93162.4 84548.2 92043.1 110504 116938 121532 105493 81652.3 95205.2 96844.8 108721 112032 115694 119548 123006 125806 127932 129474 130555 131293 131788 132114 132326 132462 132550 132605 132640 132663 132676 132685 132690 132694 132696 132697 132698 132699 132699 132699 132699 132699 132699 132699 132699 132699 132699 132699 132699 132699 132699 132699 132699 132699 132699 132699 132699 132699 132699 132699 132699 132699 132699 132699 132699 132699 132699 132699 132699 132699 132699 132699 132699 132699 132699 132699 132699 132699 132699 132699 132699 132699 132699 132699 132699 132699 132699 132699 132699 132699 132699 132699 132699 132699 132699 132699 132699 132699 132699 132699 132699 132699 132699 132699 132699 132699 132699 132699 132699 132699 132699 0 0 0 0 0 0 0 0 0 0 0 0 0 0 0 0 0 0 0 0 0 0 0 0 0
#obs catch bio
 0 96561.1 155148 215064 220666 285051 309525 309246 319199 308877 305904 289053 260413 260705 261268 221888 179238 183488 149152 148175 132209 115605 119266 113386 112263 98848.6 103979 106127 94714.9 101895 97374 92970.2 96283.7 87328.1 89721.8 93308 84839 89436.8 79426.9 83222 81784.4 87117.2 90848.3 87793.4 79485.6 87513.1 83308.1 88180.3 88151.5 84409.6 127385 126213 95130.6 79121 65352.8 66747.5 71104.1 74866.4 93530.7 84494.8 91723.2 110000 116037 120618 105288 81317.6 95271.9
#pred cpue bio
 4.39072e+006 4.14039e+006 3.90179e+006 3.62236e+006 3.3094e+006 3.02443e+006 2.70795e+006 2.4022e+006 2.13037e+006 1.87418e+006 1.64949e+006 1.44517e+006 1.27211e+006 1.13909e+006 1.00869e+006 876367 780106 725084 658593 624802 588119 566798 563337 553115 546934 540510 547248 546809 540823 543073 534179 527492 522748 511085 504731 491199 472126 464975 459041 468466 476659 489101 496382 498812 504069 517932 521167 528314 529610 528624 530493 481052 430522 417296 426493 454582 483783 510255 534568 540179 557359 567467 556398 537708 515106 515398 551844 2.03329e+007 1.27209e+007 1.32094e+007 1.37482e+007 1.43154e+007 1.48353e+007 1.52717e+007 1.56193e+007 1.58872e+007 1.60892e+007 1.62395e+007 1.63507e+007 1.64326e+007 1.64931e+007 1.65378e+007 1.65711e+007 1.65959e+007 1.66145e+007 1.66285e+007 1.66391e+007 1.66472e+007 1.66533e+007 1.6658e+007 1.66616e+007 1.66643e+007 1.66665e+007 1.66681e+007 1.66693e+007 1.66703e+007 1.66711e+007 1.66716e+007 1.66721e+007 1.66724e+007 1.66727e+007 1.66729e+007 1.6673e+007 1.66732e+007 1.66733e+007 1.66733e+007 1.66734e+007 1.66734e+007 1.66735e+007 1.66735e+007 1.66735e+007 1.66735e+007 1.66735e+007 1.66736e+007 1.66736e+007 1.66736e+007 1.66736e+007 1.66736e+007 1.66736e+007 1.66736e+007 1.66736e+007 1.66736e+007 1.66736e+007 1.66736e+007 1.66736e+007 1.66736e+007 1.66736e+007 1.66736e+007 1.66736e+007 1.66736e+007 1.66736e+007 1.66736e+007 1.66736e+007 1.66736e+007 1.66736e+007 1.66736e+007 1.66736e+007 1.66736e+007 1.66736e+007 1.66736e+007 1.66736e+007 1.66736e+007 1.66736e+007 1.66736e+007 1.66736e+007 1.66736e+007 1.66736e+007 1.66736e+007 1.66736e+007 1.66736e+007 1.66736e+007 1.66736e+007 1.66736e+007 1.66736e+007 1.66736e+007 1.66736e+007 1.66736e+007 1.66736e+007 1.66736e+007 1.66736e+007 1.66736e+007 1.66736e+007 1.66736e+007 1.66736e+007 1.66736e+007 1.66736e+007 1.66736e+007 0 0 0 0 0 0 0 0 0 0 0 0 0 0 0 0 0 0 0 0 0 0 0 0 0
#obs cpue bio
 3.55954e+006 3.25304e+006 3.77972e+006 2.71046e+006 2.5169e+006 2.28882e+006 1.94794e+006 1.67148e+006 1.76326e+006 1.51438e+006 1.64415e+006 998057 977213 1.18352e+006 693649 929212 652981 859070 465215 524721 459232 433150 756219 413729 633765 622999 500325 454692 559626 489683 454031 471975 477564 432960 770112 379292 533911 339138 615433 533835 466713 707090 655802 517404 688279 861638 563356 401973 754590 766970 473147 478375 406717 351647 454520 372360 524294 564375 420075 492258 727862 611035 507085 633508 429822 443214 561420
#pred surv len freq
 0.00464506 0.00752888 0.0113127 0.0159856 0.0214618 0.02751 0.0337137 0.0395562 0.0446032 0.0486391 0.0516725 0.05385 0.0553666 0.0564013 0.0570721 0.0574082 0.0573519 0.056782 0.0555309 0.053382 0.0500709 0.0453516 0.0391537 0.0317652 0.0238847
 0.00500321 0.00802035 0.0118895 0.0165598 0.0219466 0.0278754 0.0340155 0.0399089 0.045101 0.0492756 0.0523122 0.0542758 0.0553759 0.0558996 0.0561186 0.0561997 0.0561538 0.0558343 0.0549653 0.0531845 0.0501082 0.0454472 0.0391732 0.0316625 0.0236931
 0.00515114 0.00830361 0.0123881 0.0173568 0.0230879 0.0293195 0.0356103 0.0414285 0.0463372 0.0501262 0.0527986 0.0544771 0.0553348 0.0555805 0.0554479 0.0551509 0.0548086 0.0543736 0.053597 0.0520557 0.0492565 0.0448155 0.0386701 0.0312229 0.0233013
 0.00538083 0.00865415 0.0128782 0.018002 0.0239133 0.0303685 0.0369322 0.0430381 0.0481651 0.0519975 0.0544705 0.0557222 0.0560172 0.0556719 0.0549878 0.054199 0.0534366 0.0526891 0.0517567 0.050238 0.0476083 0.0434149 0.0375291 0.0303194 0.022609
 0.00565547 0.0090953 0.013531 0.0189022 0.0250783 0.0317875 0.0385607 0.0448055 0.0499931 0.0538116 0.0561893 0.0572337 0.057172 0.0563127 0.0549986 0.0535413 0.0521527 0.0508871 0.0495942 0.0479059 0.0453046 0.0413095 0.0357368 0.0288927 0.021548
 0.00588106 0.0094618 0.014083 0.0196832 0.0261251 0.0331189 0.0401631 0.0466231 0.0519303 0.0557496 0.0580075 0.0588246 0.0584412 0.0571676 0.0553426 0.0532856 0.051247 0.0493495 0.0475257 0.0454819 0.0427472 0.0388469 0.0335603 0.0271244 0.0202287
 0.00616118 0.00991093 0.0147481 0.0206059 0.0273371 0.034633 0.0419612 0.048647 0.0540832 0.057906 0.0600297 0.060578 0.0598087 0.0580575 0.0556859 0.053029 0.0503519 0.047808 0.0453881 0.0428788 0.0398886 0.0359905 0.0309567 0.0249611 0.0185939
 0.00639415 0.0102972 0.0153438 0.0214692 0.0285179 0.0361564 0.0438089 0.0507495 0.0563275 0.0601548 0.0621405 0.0624173 0.0612595 0.0590244 0.0560972 0.0528346 0.0495214 0.0463351 0.0433079 0.0402926 0.0369791 0.0330086 0.0281739 0.0226029 0.0167857
 0.00661636 0.0106537 0.0158732 0.0222086 0.0295014 0.0374103 0.0453408 0.0525363 0.0583068 0.0622252 0.0641709 0.0642639 0.0627856 0.0601158 0.0566683 0.052827 0.0488997 0.0450883 0.0414615 0.0379295 0.0342581 0.0301603 0.0254636 0.0202664 0.0149686
 0.00693363 0.0111506 0.0165864 0.0231608 0.0307004 0.0388461 0.0469815 0.0543254 0.0601674 0.0640697 0.0659086 0.0658038 0.0640369 0.0609915 0.0570914 0.0527363 0.0482538 0.0438699 0.0396874 0.0356689 0.0316496 0.0274133 0.0228274 0.017972 0.0131674
 0.00724457 0.0116496 0.0173246 0.0241804 0.0320246 0.040466 0.0488427 0.0563252 0.0621718 0.0659419 0.0675347 0.0671042 0.064964 0.0615177 0.0571968 0.0524008 0.0474561 0.0425954 0.0379438 0.0335073 0.0291848 0.0248267 0.0203421 0.0158006 0.0114536
 0.0075356 0.0121207 0.0180301 0.0251702 0.0333358 0.0421079 0.050779 0.0584638 0.0643706 0.0680305 0.0693446 0.0684977 0.065854 0.0618737 0.0570342 0.0517591 0.046377 0.0411126 0.0360901 0.0313359 0.0267929 0.0223662 0.0180027 0.0137659 0.00984919
 0.00774649 0.0124691 0.0185655 0.0259438 0.0343925 0.0434718 0.0524364 0.0603527 0.0663824 0.0700233 0.0711619 0.0699886 0.0668945 0.0623848 0.0569908 0.0511851 0.0453285 0.0396585 0.0343016 0.0292908 0.024591 0.0201406 0.0159112 0.011959 0.00842901
 0.00781622 0.0125971 0.0187865 0.0263024 0.0349374 0.0442443 0.0534565 0.0616087 0.0678268 0.071575 0.0727121 0.0714122 0.0680647 0.0631912 0.0573552 0.0510715 0.0447445 0.0386482 0.0329351 0.0276576 0.0227994 0.0183183 0.0141966 0.0104779 0.00726467
 0.00789848 0.0127408 0.0190221 0.0266667 0.0354685 0.0449716 0.0543892 0.0627274 0.0690824 0.0728932 0.0740018 0.0725758 0.0690088 0.0638361 0.0576418 0.0509659 0.0442412 0.0377714 0.0317379 0.02622 0.0212245 0.0167262 0.0127111 0.00920548 0.00627153
 0.00810962 0.0130736 0.0195039 0.0273173 0.0362982 0.0459777 0.0555497 0.0639953 0.0703859 0.0741434 0.0751055 0.0734487 0.0695869 0.0640817 0.057543 0.050531 0.0434931 0.036745 0.0304823 0.0248017 0.0197295 0.0152553 0.0113673 0.00807388 0.00540053
 0.00823168 0.0132704 0.0197968 0.0277253 0.0368342 0.0466435 0.0563306 0.0648583 0.0712842 0.0750241 0.0759157 0.0741377 0.0701075 0.0643924 0.0576131 0.0503446 0.0430509 0.0360647 0.029598 0.0237651 0.0186103 0.014137 0.0103358 0.00720095 0.00472726
 0.00828828 0.0133443 0.0198756 0.0277888 0.0368638 0.0466353 0.0563046 0.0648571 0.0713593 0.0752177 0.076246 0.0745923 0.0706457 0.0649525 0.0581224 0.0507321 0.043259 0.0360587 0.0293719 0.0233427 0.0180427 0.0134948 0.00969658 0.00663296 0.00427507
 0.00850808 0.0136874 0.0203636 0.0284271 0.0376353 0.0474942 0.0571742 0.0656399 0.0719622 0.075582 0.0763644 0.0745047 0.0704159 0.0646421 0.057773 0.0503588 0.042855 0.0356064 0.028856 0.0227621 0.0174165 0.0128613 0.00910389 0.0061255 0.0038806
 0.00863695 0.0138732 0.0206001 0.028695 0.0379098 0.0477556 0.0574146 0.0658599 0.0721618 0.0757525 0.0764898 0.0745708 0.0704208 0.0645987 0.0577012 0.0502732 0.042756 0.0354798 0.0286814 0.0225253 0.0171189 0.0125236 0.00876047 0.00581343 0.00362751
 0.00883009 0.0141754 0.0210309 0.0292605 0.0385961 0.0485234 0.0581964 0.0665688 0.0727122 0.0760849 0.0765851 0.0744472 0.0701194 0.0641697 0.0571953 0.0497373 0.0422277 0.0349819 0.0282208 0.0220977 0.0167188 0.0121518 0.00842692 0.00553227 0.00340946
 0.0087806 0.014119 0.0209909 0.0292739 0.0387043 0.0487567 0.0585594 0.0670338 0.0732237 0.0765732 0.0769833 0.0747066 0.0702198 0.0641194 0.0570238 0.0494831 0.0419283 0.0346673 0.0279107 0.0218022 0.0164419 0.0118968 0.0081998 0.00534096 0.0032604
 0.00868726 0.0139569 0.0207301 0.0288869 0.0381811 0.0481233 0.0578899 0.0664411 0.0728271 0.076456 0.0771635 0.0751363 0.0708072 0.0647619 0.0576346 0.0500058 0.0423375 0.0349616 0.0281021 0.0219077 0.0164794 0.0118842 0.00815505 0.00528176 0.00320176
 0.00874859 0.0140423 0.0208306 0.0289814 0.0382371 0.0481026 0.0577587 0.0661844 0.0724633 0.0760438 0.0767909 0.074891 0.070743 0.064879 0.0578852 0.050318 0.0426436 0.0352153 0.0282829 0.0220156 0.0165258 0.0118855 0.00812814 0.00524201 0.00316123
 0.00873346 0.0140254 0.0208188 0.0289837 0.0382597 0.0481415 0.0577947 0.0661854 0.0723947 0.0758851 0.0765503 0.07461 0.0704866 0.0647132 0.057851 0.0504166 0.0428388 0.0354522 0.0285096 0.0221974 0.0166496 0.0119545 0.00815538 0.00524289 0.0031495
 0.00871038 0.0139891 0.0207673 0.0289172 0.0381829 0.048064 0.0577304 0.0661471 0.0723865 0.0758962 0.0765571 0.0745875 0.0704244 0.0646248 0.0577704 0.0503815 0.0428722 0.0355514 0.0286493 0.0223438 0.0167745 0.0120434 0.00820736 0.00526614 0.00315499
 0.00852526 0.0137068 0.0203773 0.0284235 0.0376031 0.0474289 0.057084 0.0655463 0.0718957 0.0755746 0.0764435 0.0746885 0.0707123 0.0650479 0.0582709 0.0509118 0.043401 0.0360594 0.0291204 0.0227602 0.0171193 0.0123068 0.00839081 0.00538157 0.00322001
 0.00832778 0.0134093 0.0199737 0.0279244 0.0370335 0.0468235 0.0564833 0.0649945 0.0714374 0.0752493 0.07628 0.0747013 0.0708994 0.0653896 0.0587313 0.051445 0.0439604 0.0366058 0.0296251 0.0232035 0.0174881 0.0125944 0.00859856 0.00551883 0.00330218
 0.00834237 0.0134043 0.0199144 0.0277635 0.0367272 0.0463542 0.0558774 0.0643218 0.07079 0.0747126 0.0759109 0.0745234 0.0709098 0.0655689 0.0590504 0.051868 0.0444467 0.0371134 0.030116 0.0236474 0.0178643 0.0128926 0.00881813 0.00566775 0.00339436
 0.00830921 0.0133503 0.019831 0.0276377 0.0365382 0.0460729 0.0554726 0.0637756 0.0701186 0.0739786 0.0752172 0.0739839 0.0706125 0.0655508 0.0592944 0.0523184 0.0450306 0.0377576 0.0307566 0.024235 0.0183657 0.0132912 0.00911252 0.00586861 0.00352013
 0.00825391 0.0132795 0.0197592 0.0275891 0.0365376 0.046132 0.055578 0.0638857 0.0701727 0.0739174 0.0750068 0.073635 0.0701841 0.065133 0.0589774 0.0521628 0.0450519 0.0379307 0.0310316 0.0245553 0.0186817 0.0135677 0.00933065 0.00602481 0.00362162
 0.00818647 0.0131688 0.0195922 0.0273571 0.0362434 0.045797 0.0552452 0.0636107 0.0700029 0.073869 0.0750549 0.0737254 0.0702609 0.0651668 0.0589781 0.0521703 0.0451128 0.0380739 0.0312567 0.0248353 0.0189767 0.0138398 0.00955428 0.0061899 0.00373145
 0.0079818 0.0128677 0.0191973 0.0268899 0.0357368 0.045284 0.054753 0.0631641 0.0696322 0.0736124 0.0749494 0.0737895 0.0704808 0.0654978 0.0593623 0.0525611 0.0454891 0.0384376 0.0316166 0.0251924 0.0193186 0.0141456 0.00980524 0.006377 0.00385755
 0.00786766 0.0126814 0.0189171 0.0265 0.0352351 0.0446931 0.0541249 0.062573 0.0691533 0.0732982 0.0748185 0.073832 0.0706721 0.0658078 0.0597569 0.0530026 0.0459416 0.0388742 0.0320237 0.0255649 0.0196528 0.0144347 0.0100408 0.00655437 0.00397921
 0.00799788 0.0128393 0.0190552 0.02654 0.0350889 0.0442959 0.0534664 0.0617093 0.0681953 0.0723835 0.0740772 0.0733576 0.0705044 0.0659318 0.0601175 0.0535247 0.0465486 0.0395007 0.0326209 0.0261019 0.0201128 0.0148107 0.0103323 0.006766 0.0041213
 0.00871571 0.0138832 0.0203944 0.0280582 0.0366048 0.0456054 0.0543835 0.0620972 0.0679907 0.0716156 0.0728706 0.0719062 0.0690218 0.0645986 0.0590467 0.0527553 0.0460605 0.0392398 0.0325228 0.0261076 0.0201761 0.0148983 0.0104219 0.006844 0.00418099
 0.00942544 0.015004 0.0220128 0.0302131 0.0392577 0.048606 0.0574486 0.0648367 0.0699947 0.0725738 0.0726625 0.0706228 0.0669188 0.0620153 0.0563234 0.05017 0.0437961 0.0373815 0.0310784 0.0250371 0.0194177 0.0143864 0.0100951 0.00664876 0.00407318
 0.00923019 0.01481 0.0219493 0.0304784 0.0400682 0.0501119 0.0596541 0.0675636 0.0729073 0.0752504 0.0746911 0.0716963 0.0669082 0.0609941 0.0545338 0.0479438 0.0414644 0.0352063 0.0292214 0.0235634 0.0183207 0.0136174 0.0095877 0.0063351 0.00389281
 0.00907453 0.0145543 0.0215687 0.0299719 0.0394882 0.0495933 0.059417 0.0678622 0.0739261 0.0769942 0.0769359 0.07404 0.0688981 0.0622715 0.054931 0.0475059 0.040401 0.0338034 0.0277536 0.0222339 0.0172403 0.0128157 0.00903961 0.00598879 0.00369076
 0.00905166 0.0144879 0.0214142 0.0296693 0.038978 0.0488453 0.0584647 0.0668274 0.0730175 0.0764674 0.0770145 0.0748199 0.0702827 0.0639806 0.0565934 0.0487912 0.0411255 0.0339641 0.0274865 0.0217347 0.0166884 0.0123306 0.00867409 0.00574533 0.00354534
 0.00893715 0.0143343 0.0212406 0.0295066 0.0388509 0.0487494 0.0583544 0.0666313 0.0726802 0.0759987 0.076515 0.0744605 0.0702384 0.0643466 0.0573278 0.0497206 0.042015 0.034614 0.0278041 0.0217458 0.0164971 0.0120585 0.00841426 0.00554515 0.00341367
 0.00876019 0.0140595 0.0208536 0.0290084 0.0382641 0.0481218 0.0577558 0.0661367 0.0723423 0.0758256 0.0764741 0.0745123 0.0703757 0.0646075 0.0577649 0.0503486 0.0427749 0.0353839 0.0284508 0.022183 0.0167136 0.0121049 0.00836598 0.00546734 0.0033447
 0.00868718 0.0139394 0.0206704 0.0287467 0.0379136 0.0476834 0.05725 0.0656071 0.071851 0.0754383 0.0762403 0.0744496 0.0704696 0.0648274 0.0580862 0.0507607 0.043268 0.0359269 0.0289842 0.0226368 0.0170376 0.0122897 0.00843917 0.00547337 0.00332342
 0.00860443 0.0138196 0.0205165 0.0285693 0.0377251 0.0474908 0.0570505 0.0653917 0.0716135 0.0751858 0.0759979 0.0742549 0.0703595 0.0648252 0.0581959 0.050971 0.0435593 0.036274 0.0293538 0.0229875 0.0173293 0.0124973 0.00856114 0.00552822 0.00333771
 0.00850859 0.0136655 0.0202888 0.028258 0.0373303 0.0470297 0.05656 0.0649236 0.0712202 0.0749039 0.0758401 0.074215 0.0704247 0.0649851 0.0584436 0.0512976 0.0439492 0.0367034 0.0297921 0.023401 0.0176864 0.0127757 0.00875406 0.00564509 0.00339836
 0.00848271 0.0136014 0.0201519 0.0280031 0.0369142 0.0464303 0.0557953 0.0640577 0.0703529 0.0741478 0.0752933 0.0739393 0.0704355 0.0652543 0.0589149 0.0519048 0.0446299 0.0374041 0.0304679 0.0240145 0.0182081 0.0131875 0.00905261 0.00584158 0.00351458
 0.00851856 0.0136638 0.0202511 0.0281451 0.0370915 0.0466119 0.0559236 0.0640605 0.0701714 0.0737663 0.0747547 0.0733351 0.0698747 0.0648294 0.0586787 0.0518654 0.0447602 0.0376577 0.030793 0.0243624 0.0185382 0.0134702 0.00927164 0.00599457 0.00361034
 0.00830942 0.0133654 0.0198798 0.0277439 0.0367195 0.0463255 0.0557579 0.0640187 0.0702236 0.0738578 0.0748244 0.0733393 0.0698071 0.0647253 0.0585981 0.0518662 0.044875 0.0378853 0.0311039 0.0247126 0.0188829 0.0137739 0.00951327 0.00616832 0.00372295
 0.00832531 0.0133593 0.0198142 0.0275706 0.0364007 0.0458616 0.055206 0.0634836 0.069819 0.0736592 0.074839 0.0735103 0.0700471 0.0649564 0.0587814 0.0520068 0.0450064 0.0380438 0.0313086 0.0249577 0.0191444 0.0140214 0.009722 0.00632579 0.00382931
 0.00844539 0.0135373 0.0200475 0.027839 0.0366639 0.0460615 0.0552767 0.0633718 0.0695117 0.0732022 0.0743292 0.0730588 0.0697321 0.0647965 0.0587434 0.052038 0.0450666 0.0381188 0.031403 0.0250783 0.0192879 0.0141734 0.00986336 0.00644132 0.00391256
 0.0084888 0.0136112 0.0201641 0.0280096 0.0368933 0.0463398 0.0555721 0.0636302 0.0696675 0.0731989 0.0741439 0.0727171 0.069304 0.0643718 0.0583973 0.0518069 0.0449466 0.0380835 0.031424 0.0251359 0.0193694 0.0142675 0.00995742 0.00652352 0.00397552
 0.00902872 0.0144512 0.0213565 0.0295737 0.038808 0.0485339 0.0579122 0.0659181 0.0716602 0.074652 0.0748632 0.072603 0.068377 0.0627703 0.0563456 0.0495608 0.042737 0.0360782 0.029718 0.0237636 0.0183238 0.0135156 0.00945083 0.00620636 0.00379239
 0.00939553 0.0150614 0.0222986 0.0309333 0.0406427 0.0508366 0.0605769 0.0687327 0.074339 0.0768939 0.0764095 0.0732785 0.0681115 0.0616076 0.0544369 0.0471401 0.0400775 0.0334417 0.0273128 0.0217222 0.0167024 0.0123089 0.00861093 0.00566232 0.00346649
 0.00926036 0.014867 0.022057 0.0306825 0.0404502 0.0507969 0.0607995 0.0693157 0.0753293 0.0782499 0.0779878 0.0748578 0.0694474 0.0624936 0.0547519 0.0468702 0.0393106 0.0323386 0.0260635 0.020501 0.0156359 0.0114631 0.00799752 0.00525445 0.00321809
 0.00908918 0.0145745 0.0215932 0.0299995 0.0395227 0.0496521 0.059542 0.0681284 0.0744398 0.0778694 0.0782466 0.0757596 0.0708592 0.0641755 0.0564204 0.048273 0.0402872 0.0328459 0.026163 0.0203186 0.0153127 0.011116 0.00769967 0.00503552 0.00307648
 0.00899388 0.0143914 0.0212647 0.029453 0.0386861 0.0484816 0.0580536 0.0664201 0.072692 0.0763235 0.0771603 0.0753464 0.0712255 0.06528 0.0580755 0.0501941 0.0421722 0.0344538 0.0273632 0.0210969 0.0157403 0.0113024 0.00775006 0.00502681 0.00305272
 0.00898155 0.0143627 0.0212029 0.0293307 0.0384629 0.048106 0.0574714 0.065592 0.0716192 0.0750723 0.075872 0.074221 0.0704764 0.0650731 0.0584732 0.0511287 0.043462 0.0358598 0.0286614 0.0221371 0.0164697 0.0117495 0.00798773 0.00513433 0.00309247
 0.00896552 0.0143405 0.021176 0.0293005 0.0384276 0.0480547 0.0573798 0.0654217 0.0713245 0.074615 0.0752428 0.0734603 0.0696839 0.0643946 0.0580624 0.0510941 0.0438233 0.0365362 0.0295007 0.0229718 0.0171714 0.0122584 0.00830852 0.00531014 0.00317583
 0.00884567 0.0141699 0.0209643 0.0290724 0.0382159 0.0478893 0.0572768 0.0653781 0.0713177 0.0746065 0.0751858 0.073314 0.0694321 0.0640633 0.0577239 0.0508496 0.0437665 0.0367125 0.0298854 0.02348 0.0176948 0.0127075 0.00863786 0.00551904 0.00329099
 0.00880487 0.0141178 0.020913 0.0290437 0.0382379 0.0479886 0.0574695 0.0656619 0.0716666 0.0749699 0.0754949 0.0734962 0.0694314 0.0638591 0.0573431 0.0503654 0.0432809 0.036326 0.029663 0.0234316 0.0177792 0.0128575 0.00879135 0.00563893 0.00336747
 0.00869513 0.01394 0.0206479 0.0286782 0.0377724 0.0474473 0.0569072 0.0651593 0.0713115 0.0748294 0.075592 0.073801 0.0698703 0.064337 0.0577727 0.050693 0.043499 0.0364681 0.0297814 0.0235693 0.0179508 0.0130486 0.00897294 0.00578593 0.00346947
 0.00871509 0.0139624 0.0206626 0.0286675 0.0377143 0.0473205 0.0566996 0.0648752 0.0709775 0.0744942 0.0753173 0.0736433 0.06986 0.0644659 0.0579962 0.0509486 0.0437315 0.036649 0.0299132 0.0236742 0.0180519 0.0131557 0.00908065 0.00588134 0.00354238
 0.00898267 0.0143699 0.0212231 0.029372 0.0385296 0.0481906 0.0575463 0.0656037 0.0714913 0.0747188 0.0752232 0.0732559 0.0692528 0.0637379 0.0572431 0.0502398 0.0431024 0.0361085 0.0294598 0.0233073 0.0177733 0.0129635 0.00896423 0.00582185 0.00351838
 0.00939102 0.0149952 0.0220915 0.0304789 0.039839 0.0496351 0.0590264 0.0669904 0.0726404 0.0754971 0.0755361 0.0730681 0.0685952 0.0627015 0.0559601 0.0488555 0.0417461 0.0348741 0.0284009 0.0224448 0.0171063 0.0124772 0.00863368 0.00561492 0.0034003
 0.00982371 0.0156726 0.0230607 0.0317619 0.0414234 0.0514641 0.0609876 0.0689183 0.0743397 0.0767813 0.0762654 0.0731711 0.0680743 0.0616278 0.0544604 0.0470919 0.0398905 0.0330818 0.0267905 0.0210884 0.0160318 0.0116773 0.00807648 0.00525411 0.00318486
 0.0099096 0.0158255 0.0233159 0.0321611 0.042007 0.0522561 0.0619804 0.0700632 0.0755492 0.077941 0.0772509 0.0738672 0.0683941 0.0615286 0.0539522 0.0462368 0.0387919 0.0318654 0.0255813 0.0199896 0.0151113 0.0109637 0.00756447 0.00491502 0.00297849
 0.00929774 0.0149309 0.0221571 0.030826 0.0406353 0.0510075 0.0610062 0.0694891 0.0754617 0.0783719 0.0781626 0.0751503 0.0698835 0.0630344 0.0552979 0.047293 0.0394969 0.0322278 0.0256649 0.0198871 0.0149166 0.0107515 0.00738089 0.00477913 0.00289003
#obs surv len freq
 nan nan nan nan nan nan nan nan nan nan nan nan nan nan nan nan nan nan nan nan nan nan nan nan nan
 0.00448026 0.00733962 0.0111678 0.015983 0.0216834 0.0279596 0.0342749 0.0400077 0.0446889 0.0481544 0.0505138 0.0520112 0.0529048 0.0534184 0.0537336 0.0539892 0.0542683 0.0545614 0.0547004 0.0542923 0.0527303 0.0493621 0.0438112 0.0362904 0.027673
 0.00460813 0.00754949 0.011487 0.0164374 0.0222909 0.0287207 0.0351631 0.0409664 0.0456392 0.0490105 0.0511993 0.0524702 0.0531083 0.0533644 0.0534434 0.0534996 0.0536223 0.0538016 0.0538656 0.0534194 0.0518577 0.0485325 0.0430689 0.0356729 0.0272011
 0.00477931 0.00782688 0.0119029 0.0170215 0.023065 0.0296896 0.036305 0.0422277 0.046939 0.0502524 0.0522851 0.0533123 0.0536387 0.0535427 0.0532602 0.0529752 0.0528006 0.0527411 0.0526319 0.0520822 0.0504916 0.0472175 0.0418842 0.0346838 0.0264437
 0.00496759 0.00813772 0.0123794 0.0177061 0.0239909 0.0308665 0.0377057 0.0437839 0.048552 0.0518115 0.0536846 0.054459 0.0544547 0.053967 0.0532535 0.0525254 0.051926 0.0514896 0.0510777 0.0503218 0.04864 0.0454015 0.0402296 0.0332933 0.0253751
 0.00518294 0.00848815 0.0129078 0.0184536 0.0249901 0.0321305 0.039215 0.0454801 0.0503422 0.0535835 0.0553225 0.0558552 0.0555167 0.0546205 0.0534433 0.0522173 0.0511112 0.0501907 0.0493555 0.0482785 0.0464176 0.0431706 0.0381651 0.0315411 0.0240203
 0.00540726 0.00885775 0.013473 0.0192642 0.0260853 0.0335234 0.0408773 0.0473378 0.0522879 0.0554974 0.0570906 0.0573775 0.056707 0.0554045 0.0537586 0.0520153 0.0503622 0.048893 0.0475478 0.0460532 0.0439258 0.0406123 0.0357579 0.029474 0.0224092
 0.00565475 0.00926017 0.0140791 0.0201202 0.0272272 0.0349642 0.0425929 0.0492602 0.0543123 0.0575005 0.05895 0.0589844 0.0579716 0.0562554 0.0541385 0.0518771 0.0496694 0.0476279 0.0457286 0.0437542 0.0412929 0.0378571 0.0331252 0.027186 0.02061
 0.00590391 0.00967072 0.014707 0.0210204 0.0284422 0.0365065 0.0444278 0.0513014 0.0564366 0.059573 0.0608466 0.0606022 0.0592293 0.0570894 0.0544987 0.0517227 0.0489668 0.0463563 0.0438952 0.0414187 0.0385887 0.0349939 0.0303585 0.0247581 0.0186855
 0.00614149 0.0100616 0.0153041 0.0218765 0.0296008 0.0379858 0.0462038 0.0533006 0.058544 0.0616535 0.0627665 0.0622453 0.0605045 0.0579313 0.0548626 0.0515767 0.0482861 0.0451243 0.0421169 0.0391443 0.0359384 0.0321659 0.0276034 0.0223212 0.0167402
 0.00638434 0.010458 0.0159039 0.0227274 0.0307397 0.0394249 0.0479164 0.0552147 0.0605525 0.0636327 0.0645951 0.0638159 0.0617283 0.0587401 0.0552082 0.0514271 0.0476206 0.0439328 0.0404081 0.0369655 0.0333995 0.0294501 0.0249471 0.0199605 0.0148465
 0.006633 0.0108633 0.0165156 0.023592 0.031891 0.0408696 0.0496191 0.0570944 0.0624941 0.0655106 0.066294 0.0652414 0.0628088 0.0594235 0.0554575 0.0512167 0.0469335 0.0427616 0.0387632 0.0348923 0.0309994 0.0268905 0.0224446 0.0177339 0.0130564
 0.00683379 0.0112014 0.0170459 0.0243719 0.0329678 0.0422599 0.0512896 0.0589567 0.0644201 0.0673598 0.0679399 0.0665857 0.0637848 0.0599921 0.0555995 0.0509247 0.0462057 0.041601 0.037185 0.0329406 0.0287662 0.0245257 0.0201418 0.0156884 0.0114122
 0.00706229 0.0115683 0.0175899 0.0251278 0.0339615 0.0435006 0.0527586 0.0605991 0.0661463 0.0690563 0.0694859 0.06787 0.0647203 0.0605237 0.0557038 0.0506018 0.0454691 0.0404703 0.0356883 0.0311267 0.0267212 0.0223825 0.0180689 0.013855 0.00994194
 0.00728917 0.0119422 0.0181612 0.0259439 0.0350542 0.0448683 0.0543507 0.0623164 0.0678608 0.0706423 0.0708417 0.0689245 0.0654265 0.0608523 0.0556408 0.050148 0.0446393 0.0392906 0.0341966 0.0293782 0.0248002 0.0204084 0.0161868 0.0122071 0.00862969
 0.00744091 0.0121967 0.018559 0.0265281 0.0358626 0.0459191 0.0556273 0.0637597 0.0693746 0.07211 0.0721477 0.0699718 0.0661484 0.061214 0.0556338 0.0497815 0.0439322 0.0382701 0.0329 0.0278602 0.02314 0.0187127 0.0145804 0.0108084 0.00752086
 0.00753276 0.0123431 0.0187747 0.0268278 0.0362613 0.0464322 0.0562672 0.0645298 0.0702624 0.0730814 0.0731447 0.0709175 0.0669582 0.0618099 0.0559572 0.0497991 0.0436355 0.0376711 0.0320287 0.0267658 0.0218947 0.0174114 0.0133314 0.0097131 0.00664903
 0.00761429 0.0124691 0.0189522 0.0270591 0.0365448 0.0467633 0.0566398 0.0649385 0.0707051 0.0735597 0.0736606 0.0714637 0.0675088 0.0623173 0.0563589 0.0500307 0.0436457 0.0374318 0.0315402 0.0260576 0.0210246 0.0164611 0.0123952 0.00887907 0.00597891
 0.0076478 0.0125224 0.0190302 0.0271655 0.0366807 0.0469269 0.0568257 0.0651391 0.0709144 0.0737778 0.0738949 0.0717264 0.0678081 0.0626478 0.056694 0.0503237 0.0438384 0.0374695 0.0313874 0.0257093 0.0205105 0.0158416 0.0117482 0.00828173 0.005488
 0.00774526 0.0126683 0.0192264 0.0274052 0.0369507 0.0472101 0.0571042 0.0653952 0.071132 0.0739457 0.0740099 0.0717957 0.0678478 0.0626777 0.0567281 0.050361 0.0438586 0.0374369 0.0312632 0.0254679 0.0201525 0.015398 0.0112725 0.00783321 0.00511389
 0.00778409 0.0127325 0.0193244 0.0275439 0.0371323 0.047428 0.0573407 0.065624 0.071326 0.0740862 0.0740925 0.0718284 0.0678465 0.0626594 0.0567072 0.0503452 0.0438448 0.0374095 0.0311968 0.0253374 0.0199455 0.0151238 0.010962 0.00752788 0.00485105
 0.00779401 0.0127456 0.0193389 0.0275575 0.037144 0.0474407 0.0573619 0.0656629 0.0713889 0.0741717 0.0741911 0.0719267 0.0679334 0.0627304 0.0567643 0.0503928 0.0438849 0.0374372 0.0311998 0.0252995 0.0198546 0.0149802 0.0107816 0.00733792 0.0046793
 0.00784432 0.0128167 0.0194259 0.0276488 0.0372244 0.0474963 0.0573851 0.0656549 0.071359 0.0741345 0.0741616 0.0719155 0.0679431 0.0627566 0.0567985 0.0504275 0.0439148 0.0374578 0.0312049 0.0252804 0.0198034 0.0148949 0.0106699 0.00721575 0.00456529
 0.00786241 0.0128474 0.0194741 0.0277181 0.0373144 0.0475995 0.0574855 0.0657312 0.0713923 0.0741171 0.0741015 0.0718332 0.0678628 0.0626969 0.0567675 0.0504227 0.0439272 0.0374763 0.0312187 0.0252801 0.0197821 0.01485 0.0106053 0.00714111 0.00449283
 0.00789235 0.0128912 0.0195311 0.0277851 0.0373872 0.0476747 0.057561 0.0658044 0.0714579 0.0741653 0.0741208 0.0718159 0.0678106 0.0626215 0.0566863 0.0503515 0.0438747 0.0374425 0.031197 0.0252613 0.0197577 0.0148152 0.0105602 0.00709057 0.00444399
 0.00788016 0.0128728 0.0195058 0.0277533 0.0373495 0.0476324 0.0575159 0.0657603 0.0714203 0.0741413 0.0741161 0.0718318 0.0678425 0.0626615 0.0567274 0.0503908 0.0439131 0.0374818 0.0312366 0.025297 0.0197839 0.0148275 0.0105577 0.00707651 0.00442411
 0.00787529 0.0128594 0.019476 0.0276969 0.0372582 0.0475041 0.0573593 0.0655937 0.0712674 0.0740236 0.0740481 0.0718189 0.0678819 0.0627439 0.0568394 0.0505178 0.0440426 0.0376046 0.0313471 0.0253915 0.0198592 0.0148816 0.0105908 0.00709178 0.00442692
 0.00790033 0.012896 0.019523 0.0277494 0.0373074 0.0475381 0.0573649 0.0655601 0.0711906 0.0739105 0.0739158 0.0716906 0.0677796 0.0626818 0.0568213 0.0505387 0.0440916 0.0376694 0.0314165 0.0254569 0.0199148 0.0149239 0.0106189 0.0071071 0.00443267
 0.00788946 0.0128799 0.0195016 0.0277236 0.0372781 0.0475059 0.057329 0.0655183 0.0711401 0.0738492 0.073845 0.0716164 0.0677129 0.0626357 0.056807 0.050561 0.044148 0.0377508 0.0315102 0.0255505 0.0199983 0.0149914 0.010668 0.00713898 0.00445074
 0.00785086 0.0128166 0.0194059 0.027589 0.0371025 0.0472949 0.0570984 0.0652931 0.0709477 0.0737119 0.0737733 0.071609 0.0677603 0.0627262 0.0569305 0.0507103 0.0443167 0.0379311 0.0316921 0.0257225 0.0201497 0.0151146 0.0107604 0.00720223 0.00449
 0.00784779 0.0128053 0.019377 0.0275301 0.0370009 0.0471428 0.056898 0.0650587 0.0707038 0.0734877 0.073597 0.0715008 0.0677292 0.0627689 0.0570347 0.0508595 0.0444945 0.0381233 0.0318864 0.0259073 0.0203147 0.0152519 0.0108658 0.00727653 0.00453765
 0.00782072 0.0127646 0.0193215 0.0274598 0.0369156 0.0470404 0.0567744 0.0649099 0.0705307 0.0732998 0.0734129 0.0713454 0.0676265 0.0627357 0.0570758 0.0509677 0.044654 0.0383144 0.0320895 0.0261054 0.0204942 0.0154031 0.0109838 0.00736115 0.00459305
 0.00778517 0.0127064 0.0192338 0.0273369 0.0367555 0.0468476 0.0565616 0.0646962 0.070336 0.0731384 0.0732914 0.0712651 0.0675889 0.0627447 0.0571367 0.0510828 0.0448189 0.0385168 0.0323116 0.0263277 0.0206992 0.0155778 0.0111214 0.00746073 0.00465896
 0.00774426 0.0126378 0.0191268 0.0271809 0.036543 0.0465787 0.0562484 0.0643642 0.0700192 0.0728721 0.0731031 0.0711696 0.0675868 0.0628262 0.0572873 0.0512876 0.0450642 0.0387892 0.0325957 0.0266059 0.0209541 0.0157951 0.0112928 0.00758526 0.00474173
 0.00774898 0.0126383 0.0191139 0.0271412 0.0364615 0.0464436 0.0560561 0.0641216 0.0697441 0.0725905 0.0728451 0.0709645 0.0674574 0.0627846 0.0573331 0.0514103 0.0452473 0.0390138 0.0328426 0.0268564 0.0211902 0.0160016 0.0114595 0.00770874 0.0048252
 0.00931772 0.0148372 0.021774 0.0298875 0.0388207 0.0480178 0.0566599 0.0638096 0.0687346 0.0711529 0.0712165 0.0693176 0.0659045 0.0613928 0.0561373 0.0504223 0.0444617 0.0384136 0.0324041 0.0265525 0.0209928 0.0158836 0.011396 0.00767903 0.00481389
 0.00930877 0.015111 0.0226944 0.031905 0.0422773 0.0528819 0.0623577 0.0693175 0.0729407 0.0732925 0.0711237 0.0673717 0.0627654 0.0577192 0.0524233 0.0469666 0.0414116 0.0358227 0.0302749 0.0248605 0.0196982 0.0149361 0.010738 0.00724918 0.00455215
 0.00895903 0.0145658 0.0219386 0.0309957 0.0413939 0.0523578 0.0626387 0.0708022 0.0757405 0.0770546 0.0750756 0.0706111 0.0646332 0.0580274 0.0514263 0.0451522 0.0392723 0.0337215 0.0284186 0.0233348 0.0185143 0.0140655 0.0101331 0.00685468 0.00431246
 0.00878963 0.0142776 0.0214821 0.0303213 0.0404718 0.051213 0.0613937 0.069702 0.0751287 0.0772756 0.0763199 0.0727745 0.0672894 0.0605658 0.0532973 0.0460744 0.0392878 0.0330966 0.0274835 0.0223597 0.017662 0.0134021 0.00966134 0.0065452 0.00412495
 0.0087169 0.0141539 0.0212848 0.030023 0.0400428 0.0506289 0.0606475 0.0688234 0.0742043 0.0764626 0.0758339 0.0728332 0.0680161 0.0618986 0.0549684 0.0476984 0.0405177 0.0337565 0.0276026 0.0221064 0.0172397 0.0129704 0.00930749 0.00629489 0.00396749
 0.00867966 0.014092 0.0211886 0.0298813 0.0398435 0.05036 0.0602994 0.0683915 0.0736945 0.0759007 0.0752788 0.0723857 0.0678083 0.0620511 0.055527 0.0485849 0.0415386 0.0346764 0.0282429 0.022409 0.0172618 0.012828 0.00911306 0.0061208 0.00384243
 0.00868731 0.0141008 0.0211949 0.0298786 0.039823 0.0503116 0.0602128 0.0682569 0.0735031 0.0756473 0.0749673 0.0720383 0.067474 0.0618055 0.0554546 0.0487429 0.0419183 0.0351918 0.0287612 0.0228091 0.0174839 0.012885 0.00906376 0.00603078 0.00375716
 0.0086911 0.014108 0.0212075 0.0298983 0.0398498 0.0503421 0.0602388 0.068266 0.0734806 0.0755801 0.0748473 0.0718649 0.0672588 0.0615765 0.0552571 0.0486307 0.0419337 0.0353412 0.0290047 0.0230744 0.0176998 0.0130123 0.00910431 0.00601411 0.00371787
 0.0086722 0.0140809 0.0211733 0.0298607 0.0398144 0.0503145 0.0602233 0.0682639 0.0734892 0.0755915 0.0748498 0.0718458 0.0672087 0.0614947 0.0551557 0.0485352 0.041877 0.0353503 0.0290858 0.0232068 0.0178443 0.0131304 0.00917571 0.00604058 0.00371519
 0.00865108 0.0140447 0.0211159 0.0297764 0.0397003 0.0501746 0.0600706 0.0681189 0.0733746 0.0755247 0.0748361 0.0718781 0.0672702 0.0615655 0.0552203 0.048588 0.0419244 0.0354066 0.0291641 0.0233095 0.0179596 0.0132382 0.00925838 0.00609117 0.00373811
 0.00863927 0.0140265 0.0210903 0.0297423 0.0396565 0.050119 0.060001 0.0680352 0.0732809 0.0754309 0.0747568 0.0718271 0.0672554 0.0615857 0.0552658 0.0486462 0.0419856 0.0354681 0.0292289 0.0233812 0.0180371 0.0133142 0.00932298 0.00613749 0.00376535
 0.00863573 0.0140214 0.0210838 0.029735 0.0396489 0.0501111 0.0599918 0.0680223 0.073261 0.0754008 0.0747155 0.0717779 0.0672061 0.0615459 0.0552432 0.0486435 0.0420004 0.0354956 0.0292651 0.0234238 0.018084 0.0133618 0.0093661 0.00617141 0.00378806
 0.00864851 0.0140401 0.021108 0.0297631 0.0396783 0.0501391 0.0600161 0.0680409 0.0732717 0.0754012 0.0747029 0.0717506 0.0671647 0.0614943 0.0551887 0.0485943 0.0419633 0.0354741 0.0292591 0.0234309 0.0181008 0.0133842 0.00938961 0.0061921 0.00380347
 0.00863802 0.0140261 0.0210924 0.0297495 0.0396705 0.0501395 0.0600244 0.0680541 0.0732858 0.0754129 0.0747103 0.0717529 0.0671613 0.0614851 0.0551741 0.0485765 0.0419461 0.0354617 0.0292547 0.0234356 0.0181132 0.0134015 0.00940829 0.00620901 0.00381659
 0.00861375 0.0139886 0.02104 0.0296825 0.0395921 0.050056 0.0599451 0.0679902 0.0732468 0.0754037 0.0747295 0.071794 0.0672154 0.0615436 0.0552304 0.0486269 0.0419891 0.0354982 0.0292868 0.0234653 0.0181416 0.0134283 0.00943224 0.00622868 0.00383118
 0.00861375 0.0139886 0.02104 0.0296825 0.0395921 0.050056 0.0599451 0.0679902 0.0732468 0.0754037 0.0747295 0.071794 0.0672154 0.0615436 0.0552304 0.0486269 0.0419891 0.0354982 0.0292868 0.0234653 0.0181416 0.0134283 0.00943224 0.00622868 0.00383118
 0.0091424 0.0148167 0.0222241 0.0312438 0.0415013 0.0522157 0.0621788 0.070055 0.0748826 0.0764004 0.074982 0.0713173 0.0661238 0.0600099 0.0534449 0.0467644 0.04019 0.0338612 0.0278712 0.0222983 0.0172253 0.0127457 0.00895275 0.00591347 0.00363873
 0.00922802 0.0150137 0.0226253 0.0319664 0.0426513 0.0538342 0.0641955 0.0722797 0.0770444 0.0782159 0.0762202 0.0718419 0.0659076 0.0591276 0.0520477 0.0450443 0.038342 0.0320533 0.026228 0.0208964 0.016098 0.0118918 0.00834559 0.00551046 0.00339071
 0.00904705 0.014725 0.0222073 0.0314191 0.042016 0.0532125 0.0637507 0.0722023 0.0774809 0.0791938 0.0776144 0.0734067 0.0673575 0.0602249 0.0526594 0.0451552 0.0380325 0.0314586 0.0254953 0.0201526 0.0154325 0.0113525 0.00794551 0.00523781 0.00322019
 0.00882466 0.0143475 0.0216122 0.0305448 0.0408246 0.051724 0.0620747 0.070545 0.0761134 0.0783858 0.0775553 0.0741418 0.0687656 0.0620478 0.0545785 0.0468827 0.0393814 0.0323661 0.0260027 0.0203606 0.0154555 0.0112868 0.00785605 0.00515887 0.00316367
 0.00862951 0.0140088 0.0210632 0.0297116 0.0396445 0.050176 0.0602099 0.0685013 0.0741047 0.0766682 0.076382 0.0737134 0.0691793 0.0632613 0.0564061 0.0490368 0.0415483 0.0342875 0.027528 0.0214552 0.0161706 0.0117153 0.00809342 0.00528161 0.00322351
 0.00869362 0.0140857 0.0211261 0.0297122 0.0395178 0.049851 0.0596261 0.0676263 0.0729532 0.0753178 0.0749784 0.0724545 0.0682777 0.06289 0.0566458 0.0498443 0.0427635 0.0356812 0.0288722 0.0225846 0.0170115 0.0122757 0.00843019 0.00546538 0.00331522
 0.00867557 0.0140699 0.0211255 0.0297425 0.0395863 0.0499427 0.0596933 0.0675937 0.0727378 0.0748606 0.074272 0.0715592 0.0673191 0.0620364 0.0560674 0.0496635 0.0430134 0.0362922 0.0296965 0.0234493 0.0177747 0.0128601 0.00882436 0.00570175 0.00344211
 0.00861531 0.0139768 0.0209956 0.0295781 0.0393986 0.0497524 0.0595279 0.0674768 0.0726741 0.0748231 0.0742053 0.0714017 0.0670363 0.0616485 0.0556539 0.0493408 0.0428915 0.0364295 0.0300756 0.0239851 0.0183514 0.0133756 0.00922013 0.00596708 0.00359892
 0.00873057 0.0141591 0.0212595 0.0299308 0.0398355 0.0502519 0.0600484 0.0679613 0.0730615 0.0750633 0.0742658 0.0712664 0.0667021 0.0611289 0.0549899 0.0486083 0.0421937 0.0358703 0.0297245 0.0238536 0.0183942 0.0135163 0.00938436 0.00610588 0.00369404
 0.00860827 0.0139839 0.02104 0.0296918 0.039613 0.0500837 0.0599654 0.0679806 0.0731838 0.0752707 0.0745246 0.0715323 0.066928 0.0612738 0.0550281 0.0485383 0.042044 0.0356954 0.029587 0.0237998 0.0184357 0.0136298 0.00952753 0.00623935 0.00379523
 0.0086368 0.0140168 0.0210655 0.0296934 0.0395765 0.0500087 0.0598709 0.0679021 0.0731589 0.0753224 0.0746506 0.0717061 0.067109 0.0614198 0.0551053 0.048529 0.0419512 0.0355436 0.0294175 0.0236569 0.0183507 0.0136097 0.00955722 0.00629267 0.00384878
 0.00882302 0.0143184 0.0215147 0.0303121 0.040364 0.0509259 0.0608324 0.0687865 0.0738421 0.075718 0.0747337 0.0715093 0.0666972 0.0608619 0.0544583 0.0478346 0.0412415 0.0348495 0.0287727 0.0230963 0.0179025 0.013286 0.00934951 0.00617653 0.00379351
 0.00895882 0.0145533 0.0218935 0.030883 0.0411644 0.0519608 0.0620534 0.0700862 0.0750694 0.0767121 0.0753631 0.0717015 0.0664522 0.0602445 0.0535735 0.0467976 0.0401541 0.0337903 0.0277991 0.0222493 0.0172091 0.0127572 0.00897828 0.00593904 0.00365626
 0.0090691 0.0147378 0.0221814 0.0313059 0.0417509 0.0527272 0.0629915 0.0711536 0.0761883 0.0777756 0.0762493 0.072295 0.0666685 0.0600524 0.053003 0.0459316 0.0391058 0.0326767 0.0267206 0.0212803 0.0163963 0.0121215 0.00851726 0.00563153 0.00346908
