SBPRF35
7.78865
Curr Bio
516414
B35
673333
F35
0.213388
FOFL
0.155429
OFL
61211.2
Bzero
2.22533e+006
#pred survey bio
 4.6899e+006 4.46091e+006 4.22637e+006 3.93688e+006 3.60468e+006 3.29663e+006 2.95539e+006 2.62569e+006 2.33176e+006 2.05587e+006 1.8145e+006 1.5961e+006 1.41081e+006 1.26682e+006 1.12633e+006 984843 881037 819907 748156 710594 670859 647318 641950 629870 622376 614841 620717 619051 611590 612733 602740 594906 588846 575493 567443 552593 533579 527961 523056 533096 541882 554954 562545 565163 570526 584488 587710 594885 595557 593694 594845 544404 493634 480867 490365 518745 548149 574756 598745 602627 616816 621880 603356 574475 537456 516852 521880 1.76548e+007 1.04795e+007 1.06706e+007 1.14052e+007 1.2441e+007 1.3527e+007 1.45105e+007 1.53273e+007 1.5969e+007 1.64547e+007 1.68137e+007 1.70747e+007 1.72629e+007 1.73981e+007 1.7495e+007 1.75648e+007 1.76151e+007 1.76517e+007 1.76785e+007 1.76982e+007 1.77127e+007 1.77236e+007 1.77317e+007 1.77379e+007 1.77425e+007 1.7746e+007 1.77487e+007 1.77507e+007 1.77523e+007 1.77535e+007 1.77544e+007 1.77551e+007 1.77557e+007 1.77561e+007 1.77564e+007 1.77566e+007 1.77568e+007 1.7757e+007 1.77571e+007 1.77572e+007 1.77573e+007 1.77573e+007 1.77574e+007 1.77574e+007 1.77574e+007 1.77574e+007 1.77575e+007 1.77575e+007 1.77575e+007 1.77575e+007 1.77575e+007 1.77575e+007 1.77575e+007 1.77575e+007 1.77575e+007 1.77575e+007 1.77575e+007 1.77575e+007 1.77575e+007 1.77575e+007 1.77575e+007 1.77575e+007 1.77575e+007 1.77575e+007 1.77575e+007 1.77575e+007 1.77575e+007 1.77575e+007 1.77575e+007 1.77575e+007 1.77575e+007 1.77575e+007 1.77575e+007 1.77575e+007 1.77575e+007 1.77575e+007 1.77575e+007 1.77575e+007 1.77575e+007 1.77575e+007 1.77575e+007 1.77575e+007 1.77575e+007 1.77575e+007 1.77575e+007 1.77575e+007 1.77575e+007 1.77575e+007 1.77575e+007 1.77575e+007 1.77575e+007 1.77575e+007 1.77575e+007 1.77575e+007 1.77575e+007 1.77575e+007 1.77575e+007 1.77575e+007 1.77575e+007 1.77575e+007 0 0 0 0 0 0 0 0 0 0 0 0 0 0 0 0 0 0 0 0 0 0 0 0 0
#obs survey bio
 3.13199e+006 3.13629e+006 3.04369e+006 4.25754e+006 2.03539e+006 3.52014e+006 2.35318e+006 1.75403e+006 2.96142e+006 2.08562e+006 1.23182e+006 1.39941e+006 901321 1.0911e+006 1.1139e+006 804552 747936 848558 644054 737876 483148 392267 639077 614314 337349 495437 564558 653673 961595 582158 520477 654086 515251 898305 470616 424248 535263 516588 569516 442198 303566 426428 486857 475499 464194 600014 544777 624140 863199 498767 665367 575238 466027 409832 479041 507739 397762 651880 520716 671810 619872 693276 807417 553027 499339 600054 535796
#pred catch bio
 94377 96741.1 154450 213332 218833 280528 303064 301097 310415 300329 296330 279167 250911 251339 250938 214776 174593 179193 146045 144931 129029 112593 116737 111071 109575 97137.9 101986 104076 93946.8 100711 96133.3 91979.3 94937.9 86707.9 89280.3 92187.4 84240.5 88274.4 79076.9 82685.9 80877.8 86231.4 90075.3 87000.6 79107 87347.3 83268.2 87775.7 88404.2 85046 127554 126409 95169.7 78736.7 65218 66402.1 70565.5 74572.6 92382.6 83922.7 91323.8 109533 115946 120601 104937 81451.4 95143.5 61211.2 80744 80750.1 84837.7 92047.3 99972.2 107136 112970 117419 120662 122948 124520 125580 126285 126748 127049 127243 127368 127448 127499 127531 127552 127565 127573 127578 127581 127583 127585 127585 127586 127586 127586 127586 127587 127587 127587 127587 127587 127587 127587 127587 127587 127587 127587 127587 127587 127587 127587 127587 127587 127587 127587 127587 127587 127587 127587 127587 127587 127587 127587 127587 127587 127587 127587 127587 127587 127587 127587 127587 127587 127587 127587 127587 127587 127587 127587 127587 127587 127587 127587 127587 127587 127587 127587 127587 127587 127587 127587 127587 127587 127587 127587 127587 127587 127587 127587 127587 127587 127587 127587 0 0 0 0 0 0 0 0 0 0 0 0 0 0 0 0 0 0 0 0 0 0 0 0 0
#obs catch bio
 0 96561.1 155148 215064 220666 285051 309525 309246 319199 308877 305904 289053 260413 260705 261268 221888 179238 183488 149152 148175 132209 115605 119266 113386 112263 98848.6 103979 106127 94714.9 101895 97374 92970.2 96283.7 87328.1 89721.8 93308 84839 89436.8 79426.9 83222 81784.4 87117.2 90848.3 87793.4 79485.6 87513.1 83308.1 88180.3 88151.5 84409.6 127385 126213 95130.6 79121 65352.8 66747.5 71104.1 74866.4 93530.7 84494.8 91723.2 110000 116037 120618 105288 81317.6 95271.9
#pred cpue bio
 4.60096e+006 4.37783e+006 4.14893e+006 3.86229e+006 3.53159e+006 3.22457e+006 2.88509e+006 2.55734e+006 2.26546e+006 1.99217e+006 1.75324e+006 1.53719e+006 1.35417e+006 1.2123e+006 1.07477e+006 937014 836285 777324 708278 672144 633825 611004 605976 594738 587799 580741 586751 585688 579192 580979 571783 564613 559269 547016 540035 526121 506924 499642 493572 502968 511448 524080 531628 534429 539926 553855 557317 564400 565357 563913 565066 515745 465559 452261 461257 489055 517874 543660 566735 570403 584230 589497 571821 543790 507699 487652 493335 1.67458e+007 9.96352e+006 1.00245e+007 1.05919e+007 1.15595e+007 1.26271e+007 1.36064e+007 1.44224e+007 1.50638e+007 1.55496e+007 1.59085e+007 1.61696e+007 1.63578e+007 1.64929e+007 1.65898e+007 1.66596e+007 1.671e+007 1.67466e+007 1.67733e+007 1.6793e+007 1.68076e+007 1.68184e+007 1.68266e+007 1.68327e+007 1.68373e+007 1.68408e+007 1.68435e+007 1.68456e+007 1.68471e+007 1.68483e+007 1.68492e+007 1.68499e+007 1.68505e+007 1.68509e+007 1.68512e+007 1.68515e+007 1.68517e+007 1.68518e+007 1.68519e+007 1.6852e+007 1.68521e+007 1.68521e+007 1.68522e+007 1.68522e+007 1.68522e+007 1.68523e+007 1.68523e+007 1.68523e+007 1.68523e+007 1.68523e+007 1.68523e+007 1.68523e+007 1.68523e+007 1.68523e+007 1.68523e+007 1.68523e+007 1.68523e+007 1.68523e+007 1.68523e+007 1.68523e+007 1.68523e+007 1.68523e+007 1.68523e+007 1.68523e+007 1.68523e+007 1.68523e+007 1.68523e+007 1.68523e+007 1.68523e+007 1.68523e+007 1.68523e+007 1.68523e+007 1.68523e+007 1.68523e+007 1.68523e+007 1.68523e+007 1.68523e+007 1.68523e+007 1.68523e+007 1.68523e+007 1.68523e+007 1.68523e+007 1.68523e+007 1.68523e+007 1.68523e+007 1.68523e+007 1.68523e+007 1.68523e+007 1.68523e+007 1.68523e+007 1.68523e+007 1.68523e+007 1.68523e+007 1.68523e+007 1.68523e+007 1.68523e+007 1.68523e+007 1.68523e+007 1.68523e+007 1.68523e+007 0 0 0 0 0 0 0 0 0 0 0 0 0 0 0 0 0 0 0 0 0 0 0 0 0
#obs cpue bio
 3.55954e+006 3.25304e+006 3.77972e+006 2.71046e+006 2.5169e+006 2.28882e+006 1.94794e+006 1.67148e+006 1.76326e+006 1.51438e+006 1.64415e+006 998057 977213 1.18352e+006 693649 929212 652981 859070 465215 524721 459232 433150 756219 413729 633765 622999 500325 454692 559626 489683 454031 471975 477564 432960 770112 379292 533911 339138 615433 533835 466713 707090 655802 517404 688279 861638 563356 401973 754590 766970 473147 478375 406717 351647 454520 372360 524294 564375 420075 492258 727862 611035 507085 633508 429822 443214 561420
#pred surv len freq
 0.00557487 0.0089698 0.0133455 0.0186277 0.0246546 0.0311086 0.0374821 0.0431885 0.0477835 0.0511215 0.0533344 0.0546937 0.0554765 0.055891 0.0560446 0.0559356 0.0554691 0.0544913 0.0528203 0.0502589 0.0466056 0.0417087 0.0355864 0.0285584 0.021269
 0.00574456 0.00914362 0.0134252 0.0184762 0.024154 0.0302396 0.0363727 0.0420864 0.0469508 0.05071 0.0533188 0.0548991 0.0556767 0.055919 0.055864 0.0556485 0.0552657 0.054562 0.0532677 0.0510493 0.0475838 0.0426693 0.0363609 0.0290716 0.0215404
 0.00615041 0.00975734 0.0142558 0.0194831 0.025236 0.0312351 0.0370821 0.0423285 0.046643 0.0499274 0.052278 0.0538569 0.0548062 0.0552458 0.0553014 0.0550985 0.0547072 0.0540708 0.0529634 0.051011 0.0477951 0.0430242 0.0367226 0.029339 0.0216811
 0.00647502 0.0102891 0.0150617 0.020622 0.0267381 0.0330707 0.0391302 0.0443678 0.0483858 0.0510943 0.0526884 0.0534938 0.0538165 0.0538696 0.0537681 0.0535538 0.0532122 0.0526554 0.0516745 0.0499153 0.0469411 0.0424091 0.0362944 0.0290303 0.0214426
 0.00681643 0.0108278 0.0158438 0.0216846 0.0281089 0.0347631 0.0411283 0.0466049 0.0507244 0.0533216 0.0545386 0.0547029 0.0541985 0.0533795 0.0525154 0.051753 0.0511032 0.0504409 0.049504 0.0478988 0.0451623 0.0409218 0.035115 0.02814 0.0208022
 0.00711253 0.0112994 0.0165358 0.0226333 0.0293378 0.0362758 0.042901 0.0485827 0.0528257 0.0554424 0.0565479 0.0564338 0.0554529 0.0539629 0.052296 0.0507152 0.0493603 0.0482004 0.047008 0.0453735 0.0427917 0.0388391 0.0333998 0.0268186 0.0198535
 0.00746702 0.0118587 0.0173462 0.0237276 0.0307315 0.0379608 0.0448372 0.0506943 0.0550091 0.0575832 0.0585348 0.0581604 0.0568072 0.0548183 0.0525175 0.0501914 0.04805 0.0461687 0.0444281 0.0424926 0.039879 0.0361361 0.0310854 0.0249902 0.0185247
 0.00777804 0.0123601 0.018093 0.024768 0.032098 0.0396562 0.0468202 0.0528752 0.0572627 0.0597733 0.0605365 0.0598702 0.0581402 0.0556971 0.0528606 0.0499123 0.0470755 0.0444764 0.0420846 0.0396702 0.0368344 0.0331587 0.0284327 0.022835 0.0169308
 0.00805903 0.0128068 0.0187475 0.0256652 0.0332627 0.0410975 0.048521 0.0547843 0.0592943 0.061816 0.0624678 0.0615712 0.0595071 0.0566454 0.0533212 0.0498225 0.0463777 0.0431324 0.0401086 0.0371625 0.0339942 0.0302569 0.0257502 0.0205917 0.0152363
 0.00844039 0.0133967 0.0195793 0.0267516 0.0345959 0.0426515 0.0502504 0.0566231 0.0611605 0.0636214 0.0641264 0.0630031 0.0606382 0.0574076 0.0536533 0.0496701 0.0456933 0.0418822 0.0382921 0.034843 0.0313223 0.0274649 0.0231067 0.0183307 0.0134953
 0.00881511 0.0139877 0.0204342 0.0279002 0.0360435 0.0443689 0.0521658 0.0586232 0.0631105 0.0653946 0.0656283 0.0641767 0.0614551 0.0578521 0.0537097 0.049316 0.0448997 0.0406219 0.0365585 0.0326771 0.0288382 0.0248539 0.0206059 0.0161618 0.0118014
 0.00914988 0.0145227 0.0212219 0.0289827 0.0374437 0.046078 0.0541278 0.0607301 0.0652139 0.0673333 0.0672585 0.0653944 0.0622056 0.0581259 0.0535278 0.0487093 0.0438923 0.0392267 0.0347883 0.0305701 0.0264852 0.0224099 0.0182703 0.0141288 0.0102028
 0.00941126 0.0149424 0.0218443 0.0298465 0.0385761 0.0474844 0.0557795 0.0625567 0.0671073 0.0691624 0.0688871 0.0666993 0.0630913 0.0585367 0.0534508 0.048167 0.0429273 0.037886 0.0331188 0.0286287 0.0243589 0.020229 0.0161986 0.012327 0.00878225
 0.00953109 0.0151453 0.0221651 0.030324 0.039247 0.0483722 0.0568829 0.0638428 0.0685145 0.0706083 0.0702776 0.0679357 0.0640778 0.0591904 0.053712 0.0480076 0.0423512 0.0369243 0.0318223 0.0270663 0.0226227 0.0184388 0.0144937 0.0108404 0.00760616
 0.00964975 0.0153443 0.0224761 0.0307812 0.0398805 0.0491984 0.057893 0.0649981 0.0697508 0.0718469 0.071437 0.0689399 0.0648609 0.0596981 0.0539032 0.0478564 0.0418501 0.036087 0.0306864 0.0256942 0.0211022 0.0168807 0.0130205 0.00956381 0.0066005
 0.00987843 0.0157022 0.0229893 0.0314648 0.0407376 0.0502168 0.0590405 0.0662198 0.0709723 0.0729851 0.072413 0.0696892 0.0653393 0.0598827 0.0537891 0.0474509 0.0411683 0.0351515 0.0295311 0.0243705 0.0196837 0.0154612 0.0117024 0.00843761 0.00572284
 0.0100266 0.0159342 0.0233219 0.0319082 0.0412943 0.0508806 0.059794 0.067033 0.0718052 0.073792 0.0731478 0.0703075 0.0658005 0.0601525 0.0538426 0.047275 0.0407625 0.0345271 0.0287124 0.0233979 0.0186167 0.014377 0.0106859 0.00756423 0.00504014
 0.0100787 0.0160061 0.0234072 0.031995 0.0413716 0.0509466 0.0598626 0.0671326 0.0719694 0.0740476 0.0735038 0.0707501 0.0662939 0.0606442 0.0542723 0.0475842 0.040904 0.0344723 0.0284557 0.0229585 0.0180386 0.0137242 0.0100326 0.00697871 0.0045696
 0.0103335 0.0163918 0.0239333 0.0326483 0.0421164 0.0517284 0.0606134 0.0677792 0.0724497 0.0743279 0.0735884 0.0706761 0.066113 0.060403 0.0539986 0.0472834 0.0405637 0.0340728 0.0279814 0.0224083 0.0174312 0.013098 0.00943701 0.00646123 0.00416193
 0.0104642 0.0165851 0.0241887 0.032953 0.0424492 0.0520661 0.0609349 0.0680663 0.0726855 0.0744979 0.0736838 0.070698 0.0660743 0.0603246 0.053901 0.0471777 0.0404464 0.0339275 0.0277871 0.0221507 0.017112 0.0127378 0.0090709 0.00612746 0.00388979
 0.0106693 0.0168987 0.0246229 0.0335033 0.0430933 0.052764 0.0616304 0.0686922 0.0731761 0.0748045 0.0737859 0.0706044 0.0658161 0.0599456 0.0534491 0.0466971 0.0399707 0.0334747 0.02736 0.0217433 0.016719 0.0123627 0.00872675 0.00583224 0.00365761
 0.0106358 0.0168658 0.0246127 0.0335496 0.0432314 0.0530166 0.061994 0.0691345 0.0736435 0.075237 0.0741312 0.0708274 0.0659027 0.059902 0.053297 0.0464671 0.0396949 0.0331801 0.0270644 0.0214555 0.0164426 0.0121015 0.00848866 0.0056279 0.00349602
 0.0105204 0.0166795 0.0243368 0.0331734 0.0427617 0.0524878 0.0614737 0.068713 0.0734085 0.0752412 0.0743734 0.0712556 0.0664355 0.0604552 0.0538038 0.0468865 0.040011 0.0333954 0.0271914 0.0215098 0.0164398 0.012057 0.00841859 0.0055488 0.00342233
 0.0105864 0.0167669 0.024431 0.0332467 0.0427789 0.0524172 0.061299 0.0684429 0.0730798 0.0749147 0.0741188 0.0711301 0.0664636 0.0606207 0.0540581 0.0471692 0.0402694 0.0335963 0.0273228 0.0215752 0.0164514 0.0120303 0.00836954 0.00549191 0.00336908
 0.010575 0.0167558 0.0244273 0.0332589 0.0428115 0.0524632 0.0613361 0.0684381 0.0730025 0.0747536 0.0738929 0.0708865 0.0662625 0.0605131 0.0540679 0.0472855 0.0404543 0.0338016 0.0275069 0.021713 0.0165356 0.012067 0.00837189 0.00547453 0.00334459
 0.0105224 0.0166793 0.0243295 0.033149 0.0427043 0.0523757 0.0612826 0.0684254 0.0730252 0.0747928 0.0739219 0.0708831 0.0662222 0.060454 0.0540229 0.047286 0.0405147 0.0339132 0.0276438 0.0218453 0.0166408 0.0121356 0.0084062 0.005484 0.00334023
 0.0103329 0.0163895 0.0239281 0.0326402 0.042109 0.0517315 0.0606443 0.0678601 0.0726011 0.0745616 0.073904 0.0710628 0.0665551 0.060884 0.0544992 0.0477736 0.0409942 0.0343725 0.0280698 0.0222211 0.0169502 0.0123698 0.00856718 0.0055834 0.00339471
 0.0101224 0.0160765 0.0235113 0.0321373 0.0415515 0.0511562 0.0600875 0.0673569 0.0721872 0.0742724 0.0737695 0.0711003 0.0667623 0.0612371 0.0549571 0.0482885 0.0415224 0.034881 0.0285359 0.0226294 0.0172896 0.0126339 0.00875714 0.00570805 0.00346856
 0.0101069 0.0160304 0.0234045 0.0319322 0.0412161 0.050683 0.0595072 0.0667362 0.0716085 0.0738077 0.0734631 0.0709677 0.066799 0.0614265 0.0552747 0.0487017 0.0419922 0.035367 0.0290025 0.0230489 0.017644 0.0129144 0.00896341 0.00584766 0.00355468
 0.0100784 0.0159784 0.0233149 0.0317855 0.040989 0.0503529 0.0590603 0.0661786 0.0709748 0.073163 0.0728923 0.0705538 0.0665997 0.061461 0.055524 0.0491207 0.0425231 0.0359505 0.0295843 0.0235852 0.0181042 0.0132822 0.00923636 0.00603471 0.0036722
 0.0100148 0.0158967 0.0232309 0.0317249 0.0409763 0.0503961 0.0591396 0.0662468 0.0709735 0.0730458 0.0726457 0.0702058 0.0662136 0.061115 0.0552872 0.0490332 0.0425896 0.0361449 0.0298627 0.0238987 0.0184095 0.013548 0.00944594 0.00618487 0.00376986
 0.00992469 0.0157552 0.0230288 0.0314607 0.0406611 0.0500574 0.0588205 0.0659969 0.0708295 0.0730131 0.0726936 0.0702827 0.0662736 0.0611407 0.0552956 0.0490629 0.0426791 0.0363141 0.0301052 0.0241869 0.018706 0.0138184 0.00966703 0.00634789 0.0038784
 0.00971858 0.0154504 0.0226262 0.0309805 0.0401367 0.0495258 0.0583171 0.0655555 0.0704856 0.0728017 0.0726398 0.070389 0.0665137 0.061467 0.0556571 0.049425 0.0430306 0.0366612 0.0304561 0.0245396 0.0190452 0.0141223 0.00991662 0.00653424 0.00400428
 0.00956111 0.0152072 0.0222848 0.0305406 0.0396124 0.0489478 0.0577321 0.0650214 0.070059 0.0725239 0.0725288 0.0704413 0.066711 0.0617809 0.0560517 0.0498613 0.0434743 0.0370892 0.0308581 0.0249116 0.0193827 0.0144163 0.0101573 0.00671595 0.00412918
 0.00970331 0.0153772 0.0224285 0.0305717 0.0394384 0.0485095 0.0570369 0.0641492 0.0691376 0.0716893 0.0718899 0.0700613 0.066605 0.0619245 0.0563948 0.0503413 0.044028 0.0376618 0.031408 0.0254118 0.0198175 0.0147774 0.0104414 0.00692486 0.00427092
 0.0105482 0.0165954 0.0239707 0.0322846 0.0410967 0.0498756 0.0579166 0.0644257 0.0687868 0.0707832 0.0705843 0.0685613 0.0651147 0.0606027 0.0553318 0.0495614 0.043508 0.0373529 0.031255 0.0253644 0.0198353 0.0148299 0.0105064 0.00698709 0.0043214
 0.0113816 0.0178904 0.0258006 0.0346582 0.043935 0.0529895 0.0609982 0.0670802 0.0706214 0.0715221 0.0701517 0.067091 0.0628914 0.0579723 0.0526196 0.0470179 0.0412884 0.0355239 0.0298178 0.0242816 0.0190528 0.0142901 0.0101538 0.00677149 0.00419938
 0.0111972 0.0177194 0.025781 0.0349962 0.0448484 0.0546172 0.0633161 0.0698732 0.0735223 0.0741007 0.0720166 0.0679771 0.0627155 0.0568413 0.0507872 0.0448072 0.0390089 0.0334127 0.0280168 0.0228457 0.0179739 0.0135241 0.00964088 0.00644937 0.00401116
 0.0109551 0.0173507 0.02528 0.0343946 0.0442327 0.0541396 0.0631856 0.0703051 0.0746517 0.0758937 0.0742361 0.0702354 0.0645927 0.0580153 0.0511194 0.0443561 0.0379808 0.0320787 0.0266314 0.021594 0.0169558 0.0127654 0.00911863 0.00611647 0.003815
 0.0109088 0.0172421 0.0250563 0.0339904 0.0435929 0.0532559 0.0621307 0.0692455 0.0738235 0.0755425 0.0745371 0.0712184 0.0661083 0.0597651 0.0527485 0.0455702 0.038632 0.0321863 0.0263381 0.0210906 0.0164117 0.0122915 0.00876246 0.00587887 0.00367245
 0.0108082 0.0171047 0.0248953 0.0338268 0.0434402 0.0531014 0.0619295 0.0689391 0.073382 0.0750073 0.0740343 0.0709253 0.0661813 0.0602626 0.0535911 0.0465624 0.0395384 0.0328225 0.0266305 0.021079 0.016206 0.0120126 0.00850048 0.00567839 0.00354082
 0.010609 0.0168054 0.0244919 0.0333352 0.0428959 0.0525537 0.0614327 0.0685394 0.0731017 0.0748377 0.0739482 0.0709074 0.0662549 0.0604867 0.0540216 0.0472015 0.0403092 0.0335906 0.0272605 0.0214904 0.0163955 0.0120368 0.00843662 0.00559099 0.00346649
 0.0105196 0.0166606 0.0242757 0.0330351 0.0425079 0.0520894 0.0609247 0.0680405 0.0726736 0.0745324 0.0737914 0.0708941 0.0663603 0.0606875 0.0543115 0.0475875 0.0407896 0.0341317 0.0277949 0.0219416 0.0167119 0.0122109 0.00849932 0.00558875 0.00343972
 0.0104205 0.0165162 0.0240886 0.0328169 0.0422732 0.0518486 0.06068 0.0677893 0.0724173 0.0742849 0.0735797 0.0707503 0.066309 0.0607377 0.0544583 0.0478192 0.0410929 0.0344886 0.0281754 0.0223035 0.0170121 0.0124227 0.00862163 0.00564181 0.00345174
 0.0103114 0.0163441 0.0238404 0.0324864 0.0418654 0.0513836 0.0601949 0.0673332 0.0720384 0.0740163 0.0734332 0.0707207 0.066385 0.0609089 0.0547153 0.0481505 0.041482 0.0349135 0.0286088 0.022714 0.0173684 0.0127014 0.00881467 0.00575807 0.00351128
 0.0102514 0.0162332 0.0236495 0.0321818 0.0414186 0.0507866 0.0594744 0.066553 0.0712883 0.07339 0.0730055 0.0705324 0.0664389 0.0611764 0.0551493 0.0486986 0.0420951 0.0355483 0.0292274 0.0232822 0.0178575 0.0130918 0.00909997 0.00594677 0.00362303
 0.0102878 0.0162894 0.0237268 0.0322752 0.0415128 0.0508527 0.0594712 0.0664367 0.0710304 0.0729951 0.0725188 0.0700296 0.0660028 0.0608727 0.0550116 0.0487268 0.0422638 0.0358186 0.029556 0.023628 0.0181844 0.0133722 0.0093181 0.0060997 0.00371898
 0.0100738 0.0159864 0.023354 0.0318788 0.0411527 0.0505807 0.0593118 0.066381 0.0710424 0.0730262 0.0725258 0.0699902 0.0659253 0.0607925 0.0549768 0.0487785 0.0424207 0.0360732 0.0298797 0.0239815 0.0185283 0.0136745 0.00955911 0.00627373 0.00383229
 0.0100391 0.0159125 0.0232127 0.0316389 0.0407952 0.0501185 0.0588009 0.0659107 0.0707029 0.072871 0.0725503 0.0701405 0.0661284 0.0609901 0.055145 0.0489273 0.0425786 0.0362662 0.0301175 0.0242532 0.0188088 0.0139349 0.00977668 0.00643731 0.00394279
 0.0102102 0.0161522 0.023501 0.0319296 0.0410246 0.0502224 0.058734 0.0656616 0.0703018 0.0723868 0.072073 0.0697524 0.0658753 0.060871 0.0551249 0.0489637 0.0426435 0.0363524 0.0302298 0.0243944 0.0189717 0.0141025 0.00992952 0.00656068 0.0040311
 0.0103586 0.0163806 0.0238189 0.0323326 0.04149 0.0507057 0.0591685 0.0659672 0.0704062 0.0722516 0.071713 0.0692347 0.0652978 0.0603297 0.0546854 0.0486497 0.0424451 0.0362447 0.030189 0.0244042 0.0190191 0.0141741 0.0100094 0.00663448 0.00408938
 0.0110014 0.0173686 0.0251974 0.0340995 0.0435907 0.0530299 0.0615461 0.068174 0.0721937 0.0733974 0.072073 0.0687761 0.0641041 0.0585785 0.052606 0.0464728 0.0403603 0.0343797 0.0286111 0.0231344 0.0180481 0.0134723 0.00953407 0.00633516 0.00391549
 0.0113575 0.0179638 0.0261207 0.0354371 0.0453984 0.0552943 0.0641496 0.0708913 0.0747303 0.0754553 0.073412 0.0692518 0.0636826 0.0573349 0.0507087 0.0441534 0.0378709 0.0319496 0.0264141 0.0212766 0.0165718 0.0123694 0.00876214 0.00583187 0.00361191
 0.011148 0.0176648 0.0257521 0.0350545 0.0450928 0.0551809 0.0643493 0.0715004 0.0757822 0.0768866 0.0750555 0.0708678 0.0650196 0.0581938 0.0509874 0.0438608 0.0371122 0.0308906 0.0252375 0.0201415 0.0155886 0.0115931 0.00819965 0.00545733 0.00338314
 0.0108955 0.0172553 0.025141 0.0342105 0.0440159 0.0539269 0.0630482 0.0703514 0.0750133 0.0766906 0.075527 0.0719674 0.066577 0.0599492 0.0526592 0.0452165 0.0380197 0.0313335 0.0252945 0.019943 0.0152706 0.0112631 0.0079217 0.00525538 0.00325349
 0.0107706 0.0170256 0.0247462 0.0335792 0.043084 0.0526683 0.0615058 0.0686522 0.0733578 0.0753188 0.0746698 0.071793 0.0671436 0.0611796 0.0543514 0.0470934 0.0398033 0.0328141 0.0263703 0.0206196 0.0156274 0.0114075 0.00795146 0.00523898 0.00322826
 0.0107656 0.0170046 0.0246888 0.0334523 0.0428428 0.0522612 0.0608854 0.0677934 0.0722793 0.0741016 0.0734609 0.0707847 0.0665292 0.0610971 0.0548364 0.0480611 0.0410697 0.0341515 0.0275749 0.0215631 0.0162734 0.0117928 0.0081492 0.00532403 0.00325704
 0.0107086 0.0169266 0.0245973 0.0333608 0.0427624 0.0521897 0.0607985 0.067645 0.0720138 0.0736752 0.0728658 0.0700679 0.065796 0.0604926 0.054505 0.0480965 0.0414768 0.0348414 0.0283968 0.0223588 0.0169276 0.0122573 0.00843549 0.00547693 0.00332726
 0.0105636 0.0167158 0.0243269 0.0330541 0.0424549 0.0519192 0.0605954 0.0675233 0.0719652 0.0736666 0.0728456 0.0699839 0.0656208 0.060245 0.0542535 0.0479388 0.0415008 0.0350848 0.0288283 0.0228916 0.0174568 0.0127002 0.00875412 0.0056757 0.00343517
 0.010455 0.0165664 0.0241524 0.0328867 0.0423348 0.0518811 0.0606563 0.067678 0.0721884 0.0739183 0.0730766 0.0701422 0.0656615 0.0601445 0.0540238 0.0476325 0.0411996 0.0348721 0.0287568 0.0229634 0.0176283 0.0129073 0.00894108 0.0058131 0.00351982
 0.0102612 0.0162649 0.023726 0.0323332 0.0416738 0.0511591 0.059949 0.067081 0.0717939 0.0737863 0.0732145 0.0705043 0.0661657 0.0606969 0.0545428 0.048068 0.0415418 0.0351463 0.0290045 0.0232173 0.0178958 0.0131707 0.00917241 0.0059912 0.0036395
 0.0102182 0.0161892 0.0236011 0.0321402 0.0413951 0.0507864 0.0594918 0.0665726 0.0712906 0.0733584 0.0729306 0.0704119 0.0662756 0.0609785 0.0549341 0.0484963 0.0419468 0.035496 0.0292963 0.0234671 0.0181203 0.0133755 0.00935144 0.00613426 0.00374139
 0.0103812 0.0164401 0.023951 0.0325858 0.0419155 0.0513398 0.0600151 0.0669883 0.0715251 0.0733655 0.0727095 0.0700093 0.0657705 0.0604563 0.0544616 0.0481075 0.0416445 0.0352648 0.0291197 0.0233361 0.0180333 0.0133308 0.00934143 0.00614599 0.00376119
 0.0105822 0.0167576 0.0244106 0.0332029 0.0426889 0.052244 0.0609921 0.0679468 0.072352 0.0739492 0.0729663 0.0699035 0.0653235 0.0597418 0.0535864 0.047184 0.0407655 0.0344896 0.0284746 0.022825 0.0176481 0.0130579 0.00916273 0.0060399 0.00370508
 0.0106779 0.0169327 0.0247095 0.0336769 0.0433821 0.0531707 0.0621169 0.0691792 0.0735613 0.0749923 0.0737156 0.0702682 0.0652626 0.0592707 0.0527748 0.0461426 0.0396223 0.033364 0.0274574 0.0219699 0.0169749 0.0125607 0.00881989 0.00582071 0.00357631
 0.0101603 0.0161996 0.0238089 0.032727 0.042545 0.0526061 0.0619394 0.0694367 0.0742323 0.0759928 0.0749125 0.0715004 0.0663703 0.0601259 0.0533038 0.046335 0.039525 0.0330623 0.0270499 0.0215447 0.0165944 0.0122576 0.00860146 0.00567762 0.00349117
 0.00920879 0.0147549 0.021831 0.0302625 0.0397329 0.0496737 0.0591903 0.0672168 0.0728601 0.075672 0.0756698 0.0731829 0.0686976 0.0627664 0.0559452 0.048734 0.0415325 0.0346249 0.028191 0.0223348 0.0171197 0.0125974 0.0088171 0.00581171 0.00357198
#obs surv len freq
 nan nan nan nan nan nan nan nan nan nan nan nan nan nan nan nan nan nan nan nan nan nan nan nan nan
 0.00448026 0.00733962 0.0111678 0.015983 0.0216834 0.0279596 0.0342749 0.0400077 0.0446889 0.0481544 0.0505138 0.0520112 0.0529048 0.0534184 0.0537336 0.0539892 0.0542683 0.0545614 0.0547004 0.0542923 0.0527303 0.0493621 0.0438112 0.0362904 0.027673
 0.00460813 0.00754949 0.011487 0.0164374 0.0222909 0.0287207 0.0351631 0.0409664 0.0456392 0.0490105 0.0511993 0.0524702 0.0531083 0.0533644 0.0534434 0.0534996 0.0536223 0.0538016 0.0538656 0.0534194 0.0518577 0.0485325 0.0430689 0.0356729 0.0272011
 0.00477931 0.00782688 0.0119029 0.0170215 0.023065 0.0296896 0.036305 0.0422277 0.046939 0.0502524 0.0522851 0.0533123 0.0536387 0.0535427 0.0532602 0.0529752 0.0528006 0.0527411 0.0526319 0.0520822 0.0504916 0.0472175 0.0418842 0.0346838 0.0264437
 0.00496759 0.00813772 0.0123794 0.0177061 0.0239909 0.0308665 0.0377057 0.0437839 0.048552 0.0518115 0.0536846 0.054459 0.0544547 0.053967 0.0532535 0.0525254 0.051926 0.0514896 0.0510777 0.0503218 0.04864 0.0454015 0.0402296 0.0332933 0.0253751
 0.00518294 0.00848815 0.0129078 0.0184536 0.0249901 0.0321305 0.039215 0.0454801 0.0503422 0.0535835 0.0553225 0.0558552 0.0555167 0.0546205 0.0534433 0.0522173 0.0511112 0.0501907 0.0493555 0.0482785 0.0464176 0.0431706 0.0381651 0.0315411 0.0240203
 0.00540726 0.00885775 0.013473 0.0192642 0.0260853 0.0335234 0.0408773 0.0473378 0.0522879 0.0554974 0.0570906 0.0573775 0.056707 0.0554045 0.0537586 0.0520153 0.0503622 0.048893 0.0475478 0.0460532 0.0439258 0.0406123 0.0357579 0.029474 0.0224092
 0.00565475 0.00926017 0.0140791 0.0201202 0.0272272 0.0349642 0.0425929 0.0492602 0.0543123 0.0575005 0.05895 0.0589844 0.0579716 0.0562554 0.0541385 0.0518771 0.0496694 0.0476279 0.0457286 0.0437542 0.0412929 0.0378571 0.0331252 0.027186 0.02061
 0.00590391 0.00967072 0.014707 0.0210204 0.0284422 0.0365065 0.0444278 0.0513014 0.0564366 0.059573 0.0608466 0.0606022 0.0592293 0.0570894 0.0544987 0.0517227 0.0489668 0.0463563 0.0438952 0.0414187 0.0385887 0.0349939 0.0303585 0.0247581 0.0186855
 0.00614149 0.0100616 0.0153041 0.0218765 0.0296008 0.0379858 0.0462038 0.0533006 0.058544 0.0616535 0.0627665 0.0622453 0.0605045 0.0579313 0.0548626 0.0515767 0.0482861 0.0451243 0.0421169 0.0391443 0.0359384 0.0321659 0.0276034 0.0223212 0.0167402
 0.00638434 0.010458 0.0159039 0.0227274 0.0307397 0.0394249 0.0479164 0.0552147 0.0605525 0.0636327 0.0645951 0.0638159 0.0617283 0.0587401 0.0552082 0.0514271 0.0476206 0.0439328 0.0404081 0.0369655 0.0333995 0.0294501 0.0249471 0.0199605 0.0148465
 0.006633 0.0108633 0.0165156 0.023592 0.031891 0.0408696 0.0496191 0.0570944 0.0624941 0.0655106 0.066294 0.0652414 0.0628088 0.0594235 0.0554575 0.0512167 0.0469335 0.0427616 0.0387632 0.0348923 0.0309994 0.0268905 0.0224446 0.0177339 0.0130564
 0.00683379 0.0112014 0.0170459 0.0243719 0.0329678 0.0422599 0.0512896 0.0589567 0.0644201 0.0673598 0.0679399 0.0665857 0.0637848 0.0599921 0.0555995 0.0509247 0.0462057 0.041601 0.037185 0.0329406 0.0287662 0.0245257 0.0201418 0.0156884 0.0114122
 0.00706229 0.0115683 0.0175899 0.0251278 0.0339615 0.0435006 0.0527586 0.0605991 0.0661463 0.0690563 0.0694859 0.06787 0.0647203 0.0605237 0.0557038 0.0506018 0.0454691 0.0404703 0.0356883 0.0311267 0.0267212 0.0223825 0.0180689 0.013855 0.00994194
 0.00728917 0.0119422 0.0181612 0.0259439 0.0350542 0.0448683 0.0543507 0.0623164 0.0678608 0.0706423 0.0708417 0.0689245 0.0654265 0.0608523 0.0556408 0.050148 0.0446393 0.0392906 0.0341966 0.0293782 0.0248002 0.0204084 0.0161868 0.0122071 0.00862969
 0.00744091 0.0121967 0.018559 0.0265281 0.0358626 0.0459191 0.0556273 0.0637597 0.0693746 0.07211 0.0721477 0.0699718 0.0661484 0.061214 0.0556338 0.0497815 0.0439322 0.0382701 0.0329 0.0278602 0.02314 0.0187127 0.0145804 0.0108084 0.00752086
 0.00753276 0.0123431 0.0187747 0.0268278 0.0362613 0.0464322 0.0562672 0.0645298 0.0702624 0.0730814 0.0731447 0.0709175 0.0669582 0.0618099 0.0559572 0.0497991 0.0436355 0.0376711 0.0320287 0.0267658 0.0218947 0.0174114 0.0133314 0.0097131 0.00664903
 0.00761429 0.0124691 0.0189522 0.0270591 0.0365448 0.0467633 0.0566398 0.0649385 0.0707051 0.0735597 0.0736606 0.0714637 0.0675088 0.0623173 0.0563589 0.0500307 0.0436457 0.0374318 0.0315402 0.0260576 0.0210246 0.0164611 0.0123952 0.00887907 0.00597891
 0.0076478 0.0125224 0.0190302 0.0271655 0.0366807 0.0469269 0.0568257 0.0651391 0.0709144 0.0737778 0.0738949 0.0717264 0.0678081 0.0626478 0.056694 0.0503237 0.0438384 0.0374695 0.0313874 0.0257093 0.0205105 0.0158416 0.0117482 0.00828173 0.005488
 0.00774526 0.0126683 0.0192264 0.0274052 0.0369507 0.0472101 0.0571042 0.0653952 0.071132 0.0739457 0.0740099 0.0717957 0.0678478 0.0626777 0.0567281 0.050361 0.0438586 0.0374369 0.0312632 0.0254679 0.0201525 0.015398 0.0112725 0.00783321 0.00511389
 0.00778409 0.0127325 0.0193244 0.0275439 0.0371323 0.047428 0.0573407 0.065624 0.071326 0.0740862 0.0740925 0.0718284 0.0678465 0.0626594 0.0567072 0.0503452 0.0438448 0.0374095 0.0311968 0.0253374 0.0199455 0.0151238 0.010962 0.00752788 0.00485105
 0.00779401 0.0127456 0.0193389 0.0275575 0.037144 0.0474407 0.0573619 0.0656629 0.0713889 0.0741717 0.0741911 0.0719267 0.0679334 0.0627304 0.0567643 0.0503928 0.0438849 0.0374372 0.0311998 0.0252995 0.0198546 0.0149802 0.0107816 0.00733792 0.0046793
 0.00784432 0.0128167 0.0194259 0.0276488 0.0372244 0.0474963 0.0573851 0.0656549 0.071359 0.0741345 0.0741616 0.0719155 0.0679431 0.0627566 0.0567985 0.0504275 0.0439148 0.0374578 0.0312049 0.0252804 0.0198034 0.0148949 0.0106699 0.00721575 0.00456529
 0.00786241 0.0128474 0.0194741 0.0277181 0.0373144 0.0475995 0.0574855 0.0657312 0.0713923 0.0741171 0.0741015 0.0718332 0.0678628 0.0626969 0.0567675 0.0504227 0.0439272 0.0374763 0.0312187 0.0252801 0.0197821 0.01485 0.0106053 0.00714111 0.00449283
 0.00789235 0.0128912 0.0195311 0.0277851 0.0373872 0.0476747 0.057561 0.0658044 0.0714579 0.0741653 0.0741208 0.0718159 0.0678106 0.0626215 0.0566863 0.0503515 0.0438747 0.0374425 0.031197 0.0252613 0.0197577 0.0148152 0.0105602 0.00709057 0.00444399
 0.00788016 0.0128728 0.0195058 0.0277533 0.0373495 0.0476324 0.0575159 0.0657603 0.0714203 0.0741413 0.0741161 0.0718318 0.0678425 0.0626615 0.0567274 0.0503908 0.0439131 0.0374818 0.0312366 0.025297 0.0197839 0.0148275 0.0105577 0.00707651 0.00442411
 0.00787529 0.0128594 0.019476 0.0276969 0.0372582 0.0475041 0.0573593 0.0655937 0.0712674 0.0740236 0.0740481 0.0718189 0.0678819 0.0627439 0.0568394 0.0505178 0.0440426 0.0376046 0.0313471 0.0253915 0.0198592 0.0148816 0.0105908 0.00709178 0.00442692
 0.00790033 0.012896 0.019523 0.0277494 0.0373074 0.0475381 0.0573649 0.0655601 0.0711906 0.0739105 0.0739158 0.0716906 0.0677796 0.0626818 0.0568213 0.0505387 0.0440916 0.0376694 0.0314165 0.0254569 0.0199148 0.0149239 0.0106189 0.0071071 0.00443267
 0.00788946 0.0128799 0.0195016 0.0277236 0.0372781 0.0475059 0.057329 0.0655183 0.0711401 0.0738492 0.073845 0.0716164 0.0677129 0.0626357 0.056807 0.050561 0.044148 0.0377508 0.0315102 0.0255505 0.0199983 0.0149914 0.010668 0.00713898 0.00445074
 0.00785086 0.0128166 0.0194059 0.027589 0.0371025 0.0472949 0.0570984 0.0652931 0.0709477 0.0737119 0.0737733 0.071609 0.0677603 0.0627262 0.0569305 0.0507103 0.0443167 0.0379311 0.0316921 0.0257225 0.0201497 0.0151146 0.0107604 0.00720223 0.00449
 0.00784779 0.0128053 0.019377 0.0275301 0.0370009 0.0471428 0.056898 0.0650587 0.0707038 0.0734877 0.073597 0.0715008 0.0677292 0.0627689 0.0570347 0.0508595 0.0444945 0.0381233 0.0318864 0.0259073 0.0203147 0.0152519 0.0108658 0.00727653 0.00453765
 0.00782072 0.0127646 0.0193215 0.0274598 0.0369156 0.0470404 0.0567744 0.0649099 0.0705307 0.0732998 0.0734129 0.0713454 0.0676265 0.0627357 0.0570758 0.0509677 0.044654 0.0383144 0.0320895 0.0261054 0.0204942 0.0154031 0.0109838 0.00736115 0.00459305
 0.00778517 0.0127064 0.0192338 0.0273369 0.0367555 0.0468476 0.0565616 0.0646962 0.070336 0.0731384 0.0732914 0.0712651 0.0675889 0.0627447 0.0571367 0.0510828 0.0448189 0.0385168 0.0323116 0.0263277 0.0206992 0.0155778 0.0111214 0.00746073 0.00465896
 0.00774426 0.0126378 0.0191268 0.0271809 0.036543 0.0465787 0.0562484 0.0643642 0.0700192 0.0728721 0.0731031 0.0711696 0.0675868 0.0628262 0.0572873 0.0512876 0.0450642 0.0387892 0.0325957 0.0266059 0.0209541 0.0157951 0.0112928 0.00758526 0.00474173
 0.00774898 0.0126383 0.0191139 0.0271412 0.0364615 0.0464436 0.0560561 0.0641216 0.0697441 0.0725905 0.0728451 0.0709645 0.0674574 0.0627846 0.0573331 0.0514103 0.0452473 0.0390138 0.0328426 0.0268564 0.0211902 0.0160016 0.0114595 0.00770874 0.0048252
 0.00931772 0.0148372 0.021774 0.0298875 0.0388207 0.0480178 0.0566599 0.0638096 0.0687346 0.0711529 0.0712165 0.0693176 0.0659045 0.0613928 0.0561373 0.0504223 0.0444617 0.0384136 0.0324041 0.0265525 0.0209928 0.0158836 0.011396 0.00767903 0.00481389
 0.00930877 0.015111 0.0226944 0.031905 0.0422773 0.0528819 0.0623577 0.0693175 0.0729407 0.0732925 0.0711237 0.0673717 0.0627654 0.0577192 0.0524233 0.0469666 0.0414116 0.0358227 0.0302749 0.0248605 0.0196982 0.0149361 0.010738 0.00724918 0.00455215
 0.00895903 0.0145658 0.0219386 0.0309957 0.0413939 0.0523578 0.0626387 0.0708022 0.0757405 0.0770546 0.0750756 0.0706111 0.0646332 0.0580274 0.0514263 0.0451522 0.0392723 0.0337215 0.0284186 0.0233348 0.0185143 0.0140655 0.0101331 0.00685468 0.00431246
 0.00878963 0.0142776 0.0214821 0.0303213 0.0404718 0.051213 0.0613937 0.069702 0.0751287 0.0772756 0.0763199 0.0727745 0.0672894 0.0605658 0.0532973 0.0460744 0.0392878 0.0330966 0.0274835 0.0223597 0.017662 0.0134021 0.00966134 0.0065452 0.00412495
 0.0087169 0.0141539 0.0212848 0.030023 0.0400428 0.0506289 0.0606475 0.0688234 0.0742043 0.0764626 0.0758339 0.0728332 0.0680161 0.0618986 0.0549684 0.0476984 0.0405177 0.0337565 0.0276026 0.0221064 0.0172397 0.0129704 0.00930749 0.00629489 0.00396749
 0.00867966 0.014092 0.0211886 0.0298813 0.0398435 0.05036 0.0602994 0.0683915 0.0736945 0.0759007 0.0752788 0.0723857 0.0678083 0.0620511 0.055527 0.0485849 0.0415386 0.0346764 0.0282429 0.022409 0.0172618 0.012828 0.00911306 0.0061208 0.00384243
 0.00868731 0.0141008 0.0211949 0.0298786 0.039823 0.0503116 0.0602128 0.0682569 0.0735031 0.0756473 0.0749673 0.0720383 0.067474 0.0618055 0.0554546 0.0487429 0.0419183 0.0351918 0.0287612 0.0228091 0.0174839 0.012885 0.00906376 0.00603078 0.00375716
 0.0086911 0.014108 0.0212075 0.0298983 0.0398498 0.0503421 0.0602388 0.068266 0.0734806 0.0755801 0.0748473 0.0718649 0.0672588 0.0615765 0.0552571 0.0486307 0.0419337 0.0353412 0.0290047 0.0230744 0.0176998 0.0130123 0.00910431 0.00601411 0.00371787
 0.0086722 0.0140809 0.0211733 0.0298607 0.0398144 0.0503145 0.0602233 0.0682639 0.0734892 0.0755915 0.0748498 0.0718458 0.0672087 0.0614947 0.0551557 0.0485352 0.041877 0.0353503 0.0290858 0.0232068 0.0178443 0.0131304 0.00917571 0.00604058 0.00371519
 0.00865108 0.0140447 0.0211159 0.0297764 0.0397003 0.0501746 0.0600706 0.0681189 0.0733746 0.0755247 0.0748361 0.0718781 0.0672702 0.0615655 0.0552203 0.048588 0.0419244 0.0354066 0.0291641 0.0233095 0.0179596 0.0132382 0.00925838 0.00609117 0.00373811
 0.00863927 0.0140265 0.0210903 0.0297423 0.0396565 0.050119 0.060001 0.0680352 0.0732809 0.0754309 0.0747568 0.0718271 0.0672554 0.0615857 0.0552658 0.0486462 0.0419856 0.0354681 0.0292289 0.0233812 0.0180371 0.0133142 0.00932298 0.00613749 0.00376535
 0.00863573 0.0140214 0.0210838 0.029735 0.0396489 0.0501111 0.0599918 0.0680223 0.073261 0.0754008 0.0747155 0.0717779 0.0672061 0.0615459 0.0552432 0.0486435 0.0420004 0.0354956 0.0292651 0.0234238 0.018084 0.0133618 0.0093661 0.00617141 0.00378806
 0.00864851 0.0140401 0.021108 0.0297631 0.0396783 0.0501391 0.0600161 0.0680409 0.0732717 0.0754012 0.0747029 0.0717506 0.0671647 0.0614943 0.0551887 0.0485943 0.0419633 0.0354741 0.0292591 0.0234309 0.0181008 0.0133842 0.00938961 0.0061921 0.00380347
 0.00863802 0.0140261 0.0210924 0.0297495 0.0396705 0.0501395 0.0600244 0.0680541 0.0732858 0.0754129 0.0747103 0.0717529 0.0671613 0.0614851 0.0551741 0.0485765 0.0419461 0.0354617 0.0292547 0.0234356 0.0181132 0.0134015 0.00940829 0.00620901 0.00381659
 0.00861375 0.0139886 0.02104 0.0296825 0.0395921 0.050056 0.0599451 0.0679902 0.0732468 0.0754037 0.0747295 0.071794 0.0672154 0.0615436 0.0552304 0.0486269 0.0419891 0.0354982 0.0292868 0.0234653 0.0181416 0.0134283 0.00943224 0.00622868 0.00383118
 0.00861375 0.0139886 0.02104 0.0296825 0.0395921 0.050056 0.0599451 0.0679902 0.0732468 0.0754037 0.0747295 0.071794 0.0672154 0.0615436 0.0552304 0.0486269 0.0419891 0.0354982 0.0292868 0.0234653 0.0181416 0.0134283 0.00943224 0.00622868 0.00383118
 0.0091424 0.0148167 0.0222241 0.0312438 0.0415013 0.0522157 0.0621788 0.070055 0.0748826 0.0764004 0.074982 0.0713173 0.0661238 0.0600099 0.0534449 0.0467644 0.04019 0.0338612 0.0278712 0.0222983 0.0172253 0.0127457 0.00895275 0.00591347 0.00363873
 0.00922802 0.0150137 0.0226253 0.0319664 0.0426513 0.0538342 0.0641955 0.0722797 0.0770444 0.0782159 0.0762202 0.0718419 0.0659076 0.0591276 0.0520477 0.0450443 0.038342 0.0320533 0.026228 0.0208964 0.016098 0.0118918 0.00834559 0.00551046 0.00339071
 0.00904705 0.014725 0.0222073 0.0314191 0.042016 0.0532125 0.0637507 0.0722023 0.0774809 0.0791938 0.0776144 0.0734067 0.0673575 0.0602249 0.0526594 0.0451552 0.0380325 0.0314586 0.0254953 0.0201526 0.0154325 0.0113525 0.00794551 0.00523781 0.00322019
 0.00882466 0.0143475 0.0216122 0.0305448 0.0408246 0.051724 0.0620747 0.070545 0.0761134 0.0783858 0.0775553 0.0741418 0.0687656 0.0620478 0.0545785 0.0468827 0.0393814 0.0323661 0.0260027 0.0203606 0.0154555 0.0112868 0.00785605 0.00515887 0.00316367
 0.00862951 0.0140088 0.0210632 0.0297116 0.0396445 0.050176 0.0602099 0.0685013 0.0741047 0.0766682 0.076382 0.0737134 0.0691793 0.0632613 0.0564061 0.0490368 0.0415483 0.0342875 0.027528 0.0214552 0.0161706 0.0117153 0.00809342 0.00528161 0.00322351
 0.00869362 0.0140857 0.0211261 0.0297122 0.0395178 0.049851 0.0596261 0.0676263 0.0729532 0.0753178 0.0749784 0.0724545 0.0682777 0.06289 0.0566458 0.0498443 0.0427635 0.0356812 0.0288722 0.0225846 0.0170115 0.0122757 0.00843019 0.00546538 0.00331522
 0.00867557 0.0140699 0.0211255 0.0297425 0.0395863 0.0499427 0.0596933 0.0675937 0.0727378 0.0748606 0.074272 0.0715592 0.0673191 0.0620364 0.0560674 0.0496635 0.0430134 0.0362922 0.0296965 0.0234493 0.0177747 0.0128601 0.00882436 0.00570175 0.00344211
 0.00861531 0.0139768 0.0209956 0.0295781 0.0393986 0.0497524 0.0595279 0.0674768 0.0726741 0.0748231 0.0742053 0.0714017 0.0670363 0.0616485 0.0556539 0.0493408 0.0428915 0.0364295 0.0300756 0.0239851 0.0183514 0.0133756 0.00922013 0.00596708 0.00359892
 0.00873057 0.0141591 0.0212595 0.0299308 0.0398355 0.0502519 0.0600484 0.0679613 0.0730615 0.0750633 0.0742658 0.0712664 0.0667021 0.0611289 0.0549899 0.0486083 0.0421937 0.0358703 0.0297245 0.0238536 0.0183942 0.0135163 0.00938436 0.00610588 0.00369404
 0.00860827 0.0139839 0.02104 0.0296918 0.039613 0.0500837 0.0599654 0.0679806 0.0731838 0.0752707 0.0745246 0.0715323 0.066928 0.0612738 0.0550281 0.0485383 0.042044 0.0356954 0.029587 0.0237998 0.0184357 0.0136298 0.00952753 0.00623935 0.00379523
 0.0086368 0.0140168 0.0210655 0.0296934 0.0395765 0.0500087 0.0598709 0.0679021 0.0731589 0.0753224 0.0746506 0.0717061 0.067109 0.0614198 0.0551053 0.048529 0.0419512 0.0355436 0.0294175 0.0236569 0.0183507 0.0136097 0.00955722 0.00629267 0.00384878
 0.00882302 0.0143184 0.0215147 0.0303121 0.040364 0.0509259 0.0608324 0.0687865 0.0738421 0.075718 0.0747337 0.0715093 0.0666972 0.0608619 0.0544583 0.0478346 0.0412415 0.0348495 0.0287727 0.0230963 0.0179025 0.013286 0.00934951 0.00617653 0.00379351
 0.00895882 0.0145533 0.0218935 0.030883 0.0411644 0.0519608 0.0620534 0.0700862 0.0750694 0.0767121 0.0753631 0.0717015 0.0664522 0.0602445 0.0535735 0.0467976 0.0401541 0.0337903 0.0277991 0.0222493 0.0172091 0.0127572 0.00897828 0.00593904 0.00365626
 0.0090691 0.0147378 0.0221814 0.0313059 0.0417509 0.0527272 0.0629915 0.0711536 0.0761883 0.0777756 0.0762493 0.072295 0.0666685 0.0600524 0.053003 0.0459316 0.0391058 0.0326767 0.0267206 0.0212803 0.0163963 0.0121215 0.00851726 0.00563153 0.00346908
