SBPRF35
12.7214
Curr Bio
718927
B35
851753
F35
0.172723
FOFL
0.150969
OFL
92980
Bzero
3.63469e+006
#pred survey bio
 2.92389e+006 2.66953e+006 2.42959e+006 2.2049e+006 1.97515e+006 1.75414e+006 1.57014e+006 1.37972e+006 1.1946e+006 1.03999e+006 924452 837393 762871 704146 650838 614761 582016 563170 553203 537965 533670 522230 523013 531702 530695 531981 532124 538029 549323 559953 572505 579402 594275 596235 609518 616245 625962 625802 633459 632727 643221 662638 672939 673309 672423 673089 676104 723513 2.64022e+007 1.62417e+007 1.68813e+007 1.80158e+007 1.94522e+007 2.09697e+007 2.24101e+007 2.36838e+007 2.47566e+007 2.56294e+007 2.63225e+007 2.68637e+007 2.72813e+007 2.76013e+007 2.78455e+007 2.80316e+007 2.81735e+007 2.82819e+007 2.83649e+007 2.84288e+007 2.84782e+007 2.85166e+007 2.85465e+007 2.857e+007 2.85884e+007 2.8603e+007 2.86146e+007 2.86238e+007 2.86312e+007 2.86371e+007 2.86418e+007 2.86456e+007 2.86487e+007 2.86512e+007 2.86532e+007 2.86549e+007 2.86562e+007 2.86573e+007 2.86582e+007 2.86589e+007 2.86595e+007 2.866e+007 2.86604e+007 2.86607e+007 2.86609e+007 2.86612e+007 2.86613e+007 2.86615e+007 2.86616e+007 2.86617e+007 2.86618e+007 2.86618e+007 2.86619e+007 2.86619e+007 2.8662e+007 2.8662e+007 2.8662e+007 2.8662e+007 2.86621e+007 2.86621e+007 2.86621e+007 2.86621e+007 2.86621e+007 2.86621e+007 2.86621e+007 2.86621e+007 2.86621e+007 2.86621e+007 2.86621e+007 2.86621e+007 2.86621e+007 2.86621e+007 2.86621e+007 2.86621e+007 2.86621e+007 2.86621e+007 2.86621e+007 2.86621e+007 2.86621e+007 2.86621e+007 2.86621e+007 2.86621e+007 2.86621e+007 2.86621e+007 2.86621e+007 2.86621e+007 2.86621e+007 2.86621e+007 2.86621e+007 2.86621e+007 2.86621e+007 2.86621e+007 2.86621e+007 2.86621e+007 2.86621e+007 2.86621e+007 2.86621e+007 2.86621e+007 2.86621e+007 2.86621e+007 0 0 0 0 0 0 0 0 0 0 0 0 0 0 0 0 0 0 0 0 0 0 0 0 0
#obs survey bio
 2.53466e+006 2.67558e+006 3.24528e+006 2.60726e+006 2.21672e+006 1.64844e+006 1.2379e+006 1.19883e+006 1.12329e+006 726942 768428 951860 634274 753457 809627 475344 557904 493308 561221 367384 652596 566151 430867 497107 654533 385726 505583 380602 559032 632307 559102 803326 569156 738366 489159 601929 534756 822234 645004 669239 510026 612315 734594 703102 575297 670496 565546 811687
#pred catch bio
 269995 272952 275331 294577 300237 278925 293573 293257 267256 232626 206887 193514 176179 167095 148255 142053 127279 117741 120420 109777 114132 102199 95619 103963 101861 102857 98305.2 95008.7 97133.9 96693.6 101672 94609.9 105123 95772.7 102634 101048 109675 103025 110290 101608 96490.6 106170 114541 114662 112732 110842 75755.1 93045.7 92980 107814 110962 117351 126278 135870 144912 152786 159281 164430 168391 171370 173572 175176 176333 177160 177746 178160 178451 178655 178797 178896 178964 179012 179045 179068 179084 179094 179102 179107 179111 179113 179115 179116 179117 179117 179118 179118 179118 179118 179118 179118 179118 179118 179118 179118 179118 179118 179118 179118 179118 179118 179118 179118 179118 179118 179118 179118 179118 179118 179118 179118 179118 179118 179118 179118 179118 179118 179118 179118 179118 179118 179118 179118 179118 179118 179118 179118 179118 179118 179118 179118 179118 179118 179118 179118 179118 179118 179118 179118 179118 179118 179118 179118 179118 179118 179118 179118 179118 179118 0 0 0 0 0 0 0 0 0 0 0 0 0 0 0 0 0 0 0 0 0 0 0 0 0
#obs catch bio
 233514 273991 276206 294004 299827 279331 296136 296006 270136 234802 209598 195400 176832 167535 147817 142894 128061 118031 120800 110411 115030 102064 95536.6 104135 101632 103383 98365.1 95289.3 97526.2 97238.4 102525 94526.2 105002 95166.3 102786 101399 109970 102918 110276 101299 96727.1 106738 114854 114390 112592 110987 75341.7 93154.3
#pred cpue bio
 2.8832e+006 2.62968e+006 2.39016e+006 2.16603e+006 1.93718e+006 1.7168e+006 1.53328e+006 1.34404e+006 1.16062e+006 1.00768e+006 893365 807427 734310 676891 624923 589744 557813 539621 530113 515297 511175 500338 501338 509847 508871 510088 510235 516000 526921 537242 549628 556720 571663 573736 586563 592918 602446 602408 609987 609259 619264 637996 648154 648823 648135 648805 651624 697995 2.55017e+007 1.57014e+007 1.62173e+007 1.72237e+007 1.86223e+007 2.01324e+007 2.15715e+007 2.28451e+007 2.39178e+007 2.47906e+007 2.54837e+007 2.60249e+007 2.64425e+007 2.67625e+007 2.70067e+007 2.71928e+007 2.73347e+007 2.74431e+007 2.75261e+007 2.759e+007 2.76394e+007 2.76778e+007 2.77077e+007 2.77312e+007 2.77496e+007 2.77642e+007 2.77758e+007 2.7785e+007 2.77924e+007 2.77982e+007 2.7803e+007 2.78068e+007 2.78099e+007 2.78124e+007 2.78144e+007 2.78161e+007 2.78174e+007 2.78185e+007 2.78194e+007 2.78201e+007 2.78207e+007 2.78212e+007 2.78216e+007 2.78219e+007 2.78221e+007 2.78224e+007 2.78225e+007 2.78227e+007 2.78228e+007 2.78229e+007 2.7823e+007 2.7823e+007 2.78231e+007 2.78231e+007 2.78232e+007 2.78232e+007 2.78232e+007 2.78232e+007 2.78233e+007 2.78233e+007 2.78233e+007 2.78233e+007 2.78233e+007 2.78233e+007 2.78233e+007 2.78233e+007 2.78233e+007 2.78233e+007 2.78233e+007 2.78233e+007 2.78233e+007 2.78233e+007 2.78233e+007 2.78233e+007 2.78233e+007 2.78233e+007 2.78233e+007 2.78233e+007 2.78233e+007 2.78233e+007 2.78233e+007 2.78233e+007 2.78233e+007 2.78233e+007 2.78233e+007 2.78233e+007 2.78233e+007 2.78233e+007 2.78233e+007 2.78233e+007 2.78233e+007 2.78233e+007 2.78233e+007 2.78233e+007 2.78233e+007 2.78233e+007 2.78233e+007 2.78233e+007 2.78233e+007 2.78233e+007 0 0 0 0 0 0 0 0 0 0 0 0 0 0 0 0 0 0 0 0 0 0 0 0 0
#obs cpue bio
 1.89897e+006 1.7736e+006 1.8395e+006 3.50705e+006 1.6765e+006 1.2389e+006 1.2253e+006 1.43928e+006 992860 1.29209e+006 721563 767012 1.07613e+006 670264 639640 478467 495294 681328 531846 523060 391951 706832 555536 519563 506117 434449 674090 572070 474428 372473 469721 639144 759244 611383 457205 449008 843852 514721 658980 673994 445862 585103 739281 893936 702748 669087 811584 548569
#pred surv len freq
 0.0048666 0.00794552 0.0120403 0.0171565 0.0231808 0.0297917 0.0364323 0.0424488 0.0473324 0.0508812 0.053178 0.0544542 0.0549666 0.0549386 0.0545443 0.0539128 0.0531405 0.0522913 0.0513565 0.0501701 0.0483409 0.045311 0.0406032 0.0341627 0.0265533
 0.00521309 0.00846538 0.0127455 0.0180394 0.0242294 0.0310066 0.0378283 0.0440308 0.0490563 0.0526271 0.0547603 0.0556729 0.0556758 0.055095 0.0542116 0.053221 0.0522229 0.0512283 0.0501501 0.048764 0.0466796 0.0434084 0.0385779 0.0322121 0.0248782
 0.00537455 0.00877075 0.0132812 0.0189039 0.0255009 0.0326984 0.0398585 0.0462345 0.0512406 0.0546328 0.0564861 0.0570532 0.0566441 0.0555751 0.0541456 0.0526072 0.0511261 0.0497508 0.048386 0.0467715 0.0444958 0.0410943 0.0362548 0.0300544 0.0230592
 0.00562521 0.00915239 0.013812 0.0195957 0.0263726 0.0337875 0.0412165 0.047897 0.0531851 0.0567506 0.0585943 0.0589429 0.0581358 0.0565479 0.0545346 0.0523894 0.0503155 0.0484001 0.0465803 0.0446148 0.0421019 0.0385937 0.0338055 0.0278319 0.0212169
 0.00595522 0.00968323 0.0145982 0.0206791 0.0277687 0.0354706 0.0431114 0.0498917 0.0551645 0.058629 0.0603195 0.0604692 0.059393 0.0574338 0.0549375 0.05222 0.0495289 0.0470028 0.0446297 0.0422151 0.0394007 0.0357761 0.0310803 0.0254026 0.0192391
 0.00626318 0.01019 0.0153721 0.021787 0.0292619 0.0373614 0.0453487 0.052351 0.0576646 0.0609719 0.0623357 0.0620489 0.0604888 0.0580378 0.0550472 0.0518163 0.0485785 0.0454815 0.0425517 0.039655 0.0365026 0.0327461 0.0281594 0.0228198 0.0171588
 0.00644759 0.0105055 0.0158771 0.0225484 0.0303445 0.0388088 0.047161 0.0544707 0.0599774 0.0633203 0.064541 0.0639376 0.0619203 0.0589244 0.0553554 0.0515486 0.0477487 0.0441023 0.0406447 0.037279 0.0337803 0.0298705 0.0253691 0.020347 0.0151699
 0.00664666 0.0108391 0.0163986 0.0233161 0.0314127 0.0402121 0.0488957 0.0564847 0.0621718 0.0655622 0.0666791 0.0658174 0.0634 0.0598909 0.0557367 0.0513174 0.0469141 0.0426971 0.0387195 0.0349117 0.031096 0.0270532 0.0226459 0.0179407 0.0132407
 0.00690803 0.0112625 0.0170334 0.0242085 0.0325984 0.0417042 0.0506708 0.0584752 0.0642718 0.0676436 0.0686093 0.0674727 0.0646733 0.0606967 0.0560141 0.0510321 0.0460594 0.0412937 0.0368168 0.0325941 0.0284934 0.0243456 0.0200472 0.0156571 0.0114181
 0.00724115 0.0117845 0.0177828 0.0252088 0.0338559 0.0432038 0.0523703 0.0603014 0.066127 0.0694197 0.0702026 0.0687934 0.0656488 0.061271 0.0561469 0.0506966 0.0452433 0.0400031 0.0350842 0.0304895 0.0261341 0.021897 0.0177042 0.0136048 0.00978513
 0.00741546 0.0120853 0.0182666 0.0259361 0.0348744 0.044524 0.053945 0.0620257 0.0678627 0.0710323 0.0715891 0.0698891 0.0664185 0.0616956 0.0562124 0.0503905 0.0445553 0.038931 0.0336447 0.028732 0.0241526 0.0198313 0.0157221 0.0118665 0.00840188
 0.00747565 0.0121926 0.0184474 0.0262257 0.0353147 0.0451567 0.0547991 0.0631025 0.0691229 0.0723926 0.0729329 0.0710916 0.0673747 0.0623382 0.0565121 0.0503426 0.0441652 0.0382077 0.0326053 0.027415 0.0226315 0.0182187 0.0141566 0.0104827 0.00729513
 0.00758396 0.0123599 0.0186835 0.0265359 0.0357021 0.0456249 0.0553532 0.0637475 0.0698593 0.073209 0.073799 0.0719531 0.0681572 0.0629603 0.0569031 0.0504557 0.0439804 0.0377268 0.0318474 0.0264174 0.0214568 0.0169587 0.0129236 0.00938648 0.00641469
 0.0076282 0.0124401 0.018819 0.0267483 0.0360086 0.0460293 0.0558394 0.0642821 0.0704041 0.0737363 0.0742984 0.0724258 0.0686013 0.0633575 0.0572145 0.0506302 0.0439688 0.0374952 0.031386 0.0257442 0.0206194 0.0160315 0.0119984 0.00855351 0.00573993
 0.00781434 0.0127134 0.0191768 0.0271711 0.0364686 0.0465021 0.0563108 0.0647452 0.0708495 0.0741454 0.0746454 0.0726878 0.0687686 0.0634347 0.0572118 0.0505502 0.0437993 0.0372138 0.0309719 0.0251931 0.0199531 0.0152995 0.0112692 0.00789674 0.00520754
 0.00788176 0.0128314 0.019368 0.0274572 0.03686 0.0469848 0.0568401 0.0652541 0.0712728 0.0744453 0.0748215 0.0727668 0.068783 0.0634065 0.0571491 0.0504503 0.0436526 0.0370053 0.0306849 0.0248175 0.019495 0.014787 0.0107486 0.00742015 0.00481624
 0.00791809 0.012894 0.0194693 0.0276129 0.0370871 0.0472974 0.057242 0.0657303 0.0717848 0.0749342 0.0752221 0.0730283 0.0688858 0.063365 0.056999 0.0502305 0.0433907 0.0367128 0.0303612 0.0244577 0.0191002 0.0143713 0.0103394 0.00705095 0.00451485
 0.00796841 0.0129557 0.0195261 0.0276396 0.0370596 0.0472079 0.0571098 0.0656009 0.0717148 0.0749689 0.0753771 0.0732827 0.0691903 0.0636611 0.0572393 0.0503896 0.0434648 0.0367097 0.0302905 0.024327 0.0189176 0.0141505 0.0101023 0.00682407 0.00432175
 0.00801805 0.0130266 0.0196136 0.0277301 0.0371311 0.0472329 0.0570617 0.0654644 0.071498 0.0747103 0.0751395 0.0731324 0.069171 0.0637761 0.0574527 0.0506444 0.0437048 0.0368955 0.0304029 0.0243631 0.0188849 0.0140642 0.00998303 0.00669501 0.00420384
 0.0080693 0.013117 0.0197614 0.0279539 0.0374413 0.0476205 0.0574896 0.0658691 0.071805 0.0748582 0.0751026 0.0729303 0.068862 0.0634358 0.057147 0.0504095 0.0435423 0.0367827 0.0303096 0.0242654 0.0187718 0.0139365 0.00985037 0.00657029 0.0040986
 0.00789386 0.0128617 0.019434 0.0275832 0.0370732 0.0473073 0.0572794 0.0657955 0.0718782 0.0750592 0.0753847 0.0732336 0.0691342 0.0636502 0.0573066 0.0505366 0.0436607 0.0369031 0.0304262 0.0243628 0.0188355 0.0139612 0.00984089 0.00653898 0.00405943
 0.00800021 0.0129903 0.0195474 0.0276239 0.0369848 0.0470657 0.056915 0.0653898 0.071533 0.0748556 0.0753546 0.0733557 0.069351 0.0638947 0.0575264 0.0507059 0.0437797 0.0369863 0.0304886 0.0244114 0.0188692 0.0139765 0.0098374 0.00652134 0.00403534
 0.0080801 0.0131078 0.0196986 0.0277903 0.0371303 0.0471373 0.0568521 0.0651453 0.071102 0.0742951 0.0747762 0.0728872 0.0690864 0.0638613 0.0576856 0.0509823 0.0440962 0.0372879 0.0307475 0.0246191 0.0190266 0.0140874 0.00990772 0.0065592 0.00405067
 0.00800932 0.0130087 0.0195785 0.0276652 0.0370183 0.0470491 0.0567821 0.06507 0.0709868 0.0741099 0.0745147 0.0725799 0.0687986 0.0636707 0.0576501 0.0511154 0.044365 0.0376314 0.0311027 0.0249397 0.019288 0.0142829 0.0100421 0.00664325 0.00409771
 0.00806386 0.0130852 0.0196719 0.027765 0.0371134 0.0471347 0.0568622 0.0651521 0.0710706 0.0741774 0.0745312 0.0725087 0.0686225 0.0634086 0.0573553 0.0508553 0.044193 0.0375673 0.0311315 0.0250256 0.0193927 0.0143789 0.0101155 0.00669184 0.00412563
 0.00802301 0.0130343 0.0196231 0.0277373 0.0371251 0.0471932 0.056958 0.0652621 0.0711698 0.0742504 0.0745742 0.0725223 0.0686031 0.0633482 0.0572512 0.0507208 0.0440577 0.0374653 0.0310848 0.0250353 0.0194424 0.0144447 0.0101776 0.00673943 0.00415654
 0.00806497 0.0130857 0.0196707 0.0277611 0.037108 0.0471325 0.0568721 0.0651848 0.0711337 0.0742696 0.0746384 0.0726049 0.0686754 0.0633897 0.0572525 0.0506832 0.0439919 0.0373901 0.0310218 0.0250004 0.0194395 0.0144663 0.0102104 0.00677133 0.00418088
 0.00812389 0.0131689 0.0197717 0.0278637 0.037188 0.0471626 0.0568298 0.0650611 0.0709407 0.0740425 0.0744263 0.0724531 0.0686076 0.0634009 0.0573164 0.050767 0.04407 0.0374508 0.0310663 0.0250371 0.0194765 0.0145066 0.0102514 0.00680793 0.00420905
 0.0080649 0.0130884 0.0196784 0.0277739 0.0371184 0.0471214 0.0568094 0.0650397 0.070893 0.0739531 0.0743003 0.0723165 0.0684981 0.063352 0.0573438 0.0508631 0.0442102 0.0376056 0.0312127 0.0251634 0.0195806 0.0145908 0.0103182 0.00685878 0.00424513
 0.00795524 0.0129232 0.0194552 0.0275012 0.0368168 0.0468213 0.0565474 0.064851 0.0707999 0.0739558 0.0743758 0.0724305 0.0686217 0.0634743 0.0574709 0.0510078 0.0443791 0.0377933 0.0314041 0.0253418 0.0197338 0.0147137 0.0104112 0.00692525 0.00428966
 0.00775404 0.0126183 0.0190381 0.0269808 0.0362184 0.0461844 0.0559242 0.0643031 0.0703897 0.0737325 0.0743618 0.0726141 0.068962 0.0639145 0.0579559 0.0514968 0.0448486 0.0382315 0.031803 0.0256928 0.0200287 0.0149476 0.0105853 0.00704621 0.00436769
 0.00768858 0.012498 0.0188327 0.0266568 0.0357511 0.0455749 0.0552123 0.063566 0.0697234 0.0732249 0.0740713 0.0725619 0.0691346 0.0642725 0.0584441 0.0520553 0.0454239 0.0387831 0.032305 0.02613 0.020393 0.0152362 0.0108005 0.00719592 0.00446409
 0.00766767 0.0124477 0.0187262 0.026457 0.0354177 0.0450772 0.0545442 0.0627575 0.0688435 0.0723737 0.0733617 0.072094 0.0689708 0.0644234 0.0588702 0.0526824 0.046164 0.0395532 0.0330388 0.0267824 0.0209389 0.0156667 0.0111194 0.00741641 0.00460524
 0.00783856 0.0127017 0.0190624 0.0268548 0.0358364 0.0454593 0.0548207 0.0628576 0.068711 0.071988 0.0727535 0.0713456 0.0681987 0.0637478 0.0583837 0.0524295 0.0461371 0.0397051 0.0333031 0.027093 0.0212434 0.0159311 0.0113277 0.0075663 0.00470395
 0.00783032 0.012703 0.0190906 0.0269326 0.0359823 0.0456748 0.0550796 0.0631066 0.068883 0.0720226 0.0726154 0.0710356 0.0677561 0.0632434 0.0579049 0.0520578 0.0459272 0.0396711 0.0334196 0.0273091 0.0215009 0.0161809 0.011538 0.00772404 0.0048104
 0.00773154 0.0125677 0.0189348 0.026789 0.0358944 0.0456841 0.0552126 0.063364 0.0692345 0.0724084 0.0729564 0.0712541 0.0677989 0.0631009 0.0576144 0.0516927 0.0455727 0.0393988 0.0332686 0.02728 0.0215644 0.0162944 0.0116617 0.00783131 0.00488961
 0.0076513 0.0124314 0.0187206 0.0264787 0.035484 0.0451979 0.0547114 0.0629376 0.0689753 0.0723767 0.0731562 0.0716302 0.0682572 0.0635401 0.0579583 0.0519096 0.0456781 0.0394402 0.0333006 0.0273415 0.0216672 0.0164262 0.0117986 0.00795105 0.00498
 0.00766038 0.012445 0.018738 0.0264953 0.0354899 0.0451762 0.054642 0.0628065 0.0687878 0.0721655 0.0729754 0.0715344 0.0682751 0.0636594 0.0581313 0.0520762 0.0457934 0.0394911 0.0333048 0.0273317 0.0216718 0.0164569 0.0118502 0.00800963 0.00503218
 0.00765446 0.0124276 0.0186978 0.0264179 0.0353621 0.0449927 0.0544097 0.0625436 0.0685182 0.071913 0.072763 0.0713864 0.0682172 0.0637103 0.0582907 0.052318 0.0460721 0.0397595 0.0335318 0.0275093 0.0218094 0.0165685 0.0119446 0.00808853 0.00509368
 0.00782523 0.0126778 0.0190226 0.0267933 0.0357486 0.0453443 0.0546822 0.0627011 0.0685386 0.0717928 0.0725193 0.0710536 0.0678407 0.0633385 0.0579665 0.0520701 0.0459087 0.0396683 0.0334886 0.027491 0.0218019 0.0165674 0.0119503 0.00810018 0.00510836
 0.00785179 0.0127316 0.0191219 0.0269577 0.0359903 0.0456551 0.0550256 0.0630173 0.0687627 0.0718784 0.0724534 0.0708569 0.0675554 0.0630142 0.0576488 0.0517948 0.0456978 0.0395285 0.0334123 0.0274611 0.0217996 0.0165785 0.0119661 0.00811679 0.00512355
 0.00764551 0.0124329 0.0187414 0.0265316 0.0355735 0.045308 0.0547996 0.0629438 0.0688448 0.072088 0.0727372 0.0711531 0.0678137 0.0632102 0.0577849 0.0518914 0.0457803 0.0396167 0.0335151 0.0275759 0.0219165 0.0166857 0.0120553 0.00818443 0.00517064
 0.00748771 0.0121842 0.0183839 0.0260592 0.035 0.0446745 0.0541787 0.0624294 0.0685276 0.0720238 0.0729261 0.0715405 0.0683127 0.0637309 0.0582598 0.0522867 0.0460938 0.0398654 0.0337207 0.0277546 0.0220746 0.0168222 0.0121664 0.00826806 0.00522836
 0.00750489 0.0121937 0.0183638 0.025978 0.034824 0.0443822 0.0537742 0.061949 0.0680361 0.0716003 0.0726447 0.0714493 0.0684189 0.0639987 0.0586242 0.0526767 0.0464541 0.0401678 0.0339615 0.0279442 0.0222261 0.0169444 0.0122631 0.00834086 0.00527914
 0.00754346 0.0122543 0.0184496 0.0260864 0.0349428 0.0444856 0.0538231 0.0619002 0.0678592 0.071297 0.0722568 0.0710504 0.0680902 0.063802 0.0585822 0.0527705 0.0466366 0.0403849 0.0341709 0.0281231 0.0223688 0.0170543 0.0123459 0.00840119 0.00532078
 0.00762736 0.0123756 0.0186043 0.0262615 0.03512 0.0446466 0.0539529 0.061985 0.0678825 0.0712394 0.0721031 0.0708018 0.0677744 0.063471 0.0582968 0.0525783 0.0465558 0.0404019 0.0342519 0.0282307 0.0224749 0.0171441 0.012415 0.00845087 0.00535439
 0.00772515 0.0125253 0.0188117 0.0265235 0.0354233 0.0449675 0.0542577 0.062235 0.0680428 0.0712879 0.0720343 0.0706244 0.0675068 0.0631397 0.0579379 0.0522349 0.0462688 0.0401979 0.0341352 0.0281858 0.0224762 0.0171672 0.0124431 0.00847536 0.00537247
 0.00734835 0.0119611 0.0180531 0.0255979 0.0343865 0.0438925 0.0532264 0.0613326 0.0673504 0.07087 0.0719258 0.070823 0.0679737 0.0638092 0.0587325 0.0530822 0.0471137 0.0410052 0.0348832 0.0288577 0.0230558 0.017641 0.0128056 0.0087324 0.00554022
#obs surv len freq
 0.0049606 0.00812706 0.0123649 0.0176887 0.023973 0.0308525 0.037701 0.0437941 0.0485794 0.051854 0.0537351 0.0545082 0.0544942 0.0539924 0.0532645 0.0525241 0.0519156 0.0514729 0.0510571 0.0502989 0.0486163 0.0453786 0.0402089 0.0332761 0.0253619
 0.00517706 0.00847875 0.0128939 0.0184346 0.024966 0.0321023 0.0391853 0.0454534 0.0503244 0.0535803 0.0553373 0.0558874 0.055561 0.0546684 0.0534864 0.0522497 0.0511306 0.0501982 0.0493538 0.0482707 0.0464063 0.0431581 0.038153 0.0315307 0.0240122
 0.00539667 0.00884033 0.0134465 0.0192265 0.026035 0.0334609 0.0408054 0.0472624 0.0522167 0.0554389 0.0570526 0.0573655 0.056723 0.0554459 0.0538186 0.0520846 0.0504314 0.0489556 0.0476008 0.0460964 0.0439608 0.0406408 0.0357808 0.0294918 0.0224223
 0.0056441 0.00924454 0.0140587 0.0200958 0.0272001 0.0349349 0.0425609 0.0492244 0.0542722 0.0574575 0.0589079 0.058949 0.0579494 0.0562518 0.0541558 0.0519134 0.0497188 0.0476828 0.045782 0.0438014 0.0413318 0.037888 0.0331488 0.0272035 0.0206224
 0.00588951 0.00964585 0.0146671 0.0209608 0.0283601 0.0364031 0.0443098 0.0511807 0.0563262 0.0594837 0.060784 0.0605672 0.0592206 0.0571057 0.0545393 0.0517862 0.0490502 0.0464543 0.0440005 0.0415237 0.0386869 0.0350807 0.0304312 0.0248153 0.0187274
 0.00612555 0.0100362 0.0152667 0.0218248 0.0295326 0.0378998 0.0461001 0.0531824 0.0584186 0.0615317 0.0626609 0.0621673 0.0604613 0.0579251 0.0548915 0.0516364 0.0483715 0.0452298 0.0422359 0.039269 0.0360606 0.032278 0.0276996 0.022398 0.0167969
 0.00636541 0.0104266 0.0158557 0.0226581 0.0306465 0.039308 0.0477801 0.0550678 0.0604059 0.0634972 0.06448 0.0637286 0.061675 0.0587254 0.0552338 0.0514913 0.0477189 0.0440583 0.0405525 0.0371196 0.0335535 0.0295943 0.0250729 0.0200623 0.0149222
 0.00663654 0.0108691 0.0165242 0.0236034 0.0319036 0.04088 0.0496214 0.0570813 0.0624598 0.0654525 0.0662149 0.0651487 0.062713 0.0593361 0.0553894 0.0511761 0.0469252 0.0427859 0.0388161 0.0349664 0.0310852 0.0269781 0.0225251 0.0178009 0.013107
 0.00685537 0.0112328 0.0170862 0.0244182 0.0330155 0.0423044 0.0513273 0.0589844 0.0644339 0.0673555 0.0679132 0.0665348 0.0637117 0.0599036 0.0555066 0.0508395 0.0461395 0.0415612 0.0371743 0.0329565 0.0288022 0.0245729 0.020191 0.0157325 0.011447
 0.00705403 0.0115586 0.0175819 0.0251264 0.0339711 0.0435226 0.0527898 0.0606323 0.0661731 0.0690707 0.0694854 0.067855 0.0646923 0.0604843 0.055656 0.0505507 0.0454218 0.0404349 0.0356712 0.0311303 0.0267436 0.0224178 0.0181094 0.0138933 0.00997336
 0.00727462 0.0119174 0.0181222 0.0258873 0.0349793 0.0447796 0.0542588 0.0622362 0.0678064 0.0706211 0.0708523 0.0689581 0.0654717 0.0608991 0.0556827 0.0501825 0.0446674 0.039316 0.0342242 0.0294123 0.0248422 0.0204561 0.0162356 0.0122515 0.00866551
 0.00743366 0.0121821 0.0185316 0.0264814 0.0357901 0.0458178 0.0555001 0.0636172 0.0692338 0.0719909 0.0720677 0.0699416 0.0661684 0.0612751 0.0557213 0.0498801 0.0440304 0.0383616 0.0329835 0.0279371 0.023212 0.0187801 0.0146413 0.0108601 0.00756107
 0.00753418 0.0123462 0.0187807 0.0268374 0.0362736 0.046443 0.056269 0.0645131 0.07022 0.0730124 0.0730568 0.070826 0.0668806 0.06176 0.055941 0.0498139 0.0436727 0.0377204 0.0320819 0.0268183 0.0219443 0.0174573 0.0133727 0.0097481 0.00667649
 0.00761616 0.0124737 0.0189619 0.0270772 0.0365743 0.0468052 0.0566921 0.0649945 0.0707543 0.0735901 0.0736618 0.0714314 0.0674471 0.0622383 0.0562785 0.0499635 0.0436002 0.0374093 0.0315365 0.0260667 0.0210408 0.0164805 0.0124149 0.00889711 0.00599382
 0.0076712 0.0125586 0.0190814 0.0272323 0.0367625 0.0470213 0.0569285 0.0652437 0.0710116 0.0738567 0.0739445 0.0717373 0.0677754 0.0625735 0.0565876 0.0502007 0.0437158 0.0373614 0.0313017 0.0256476 0.02047 0.0158175 0.0117357 0.00827653 0.00548695
 0.00773176 0.0126525 0.0192137 0.0274043 0.0369708 0.047257 0.0571773 0.0654871 0.0712312 0.0740402 0.0740898 0.0718533 0.0678774 0.0626754 0.0566933 0.0502978 0.0437762 0.0373477 0.0311792 0.025398 0.0201005 0.0153631 0.0112515 0.00782209 0.00510888
 0.00776437 0.0127003 0.0192762 0.0274779 0.0370502 0.0473377 0.0572567 0.0655649 0.0713083 0.0741174 0.0741677 0.0719327 0.0679603 0.0627647 0.0567908 0.0504 0.04387 0.0374096 0.0311804 0.0253141 0.0199232 0.0151071 0.0109519 0.0075233 0.00484993
 0.0078108 0.012769 0.0193668 0.0275851 0.0371648 0.0474483 0.0573522 0.0656365 0.0713514 0.0741336 0.0741643 0.0719208 0.0679508 0.0627655 0.0568058 0.0504285 0.0439058 0.0374396 0.0311857 0.0252747 0.0198264 0.0149546 0.010762 0.00732503 0.004672
 0.00783646 0.0128092 0.0194241 0.0276602 0.0372554 0.0475482 0.057451 0.0657209 0.071409 0.0741571 0.0741547 0.0718867 0.0679056 0.0627229 0.056776 0.0504162 0.0439092 0.037451 0.0311919 0.0252603 0.019779 0.0148703 0.0106489 0.00720032 0.00455539
 0.00787889 0.0128711 0.0195043 0.027753 0.0373527 0.0476418 0.0575348 0.0657904 0.0714606 0.0741869 0.0741594 0.0718653 0.0678612 0.0626632 0.0567117 0.0503576 0.0438632 0.0374183 0.0311671 0.0252336 0.01974 0.0148132 0.0105752 0.0071187 0.0044778
 0.00791181 0.0129243 0.0195834 0.0278616 0.0374902 0.0478012 0.0577007 0.0659418 0.0715762 0.0742526 0.0741717 0.07183 0.0677891 0.0625663 0.0566014 0.0502445 0.0437565 0.0373244 0.0310879 0.0251661 0.0196782 0.0147516 0.0105117 0.00705585 0.00442101
 0.00788832 0.0128868 0.0195284 0.0277877 0.0373994 0.0477007 0.0576036 0.0658645 0.0715335 0.0742516 0.0742097 0.0718966 0.0678711 0.0626521 0.0566829 0.0503173 0.043819 0.0373767 0.0311304 0.0251984 0.0196986 0.0147584 0.0105052 0.0070393 0.00439963
 0.00788807 0.0128793 0.0195042 0.0277342 0.0373047 0.0475598 0.0574233 0.0656649 0.0713436 0.0741014 0.0741222 0.0718823 0.0679265 0.0627622 0.056827 0.0504747 0.0439732 0.0375167 0.0312503 0.0252954 0.0197719 0.0148084 0.0105341 0.00705126 0.00440024
 0.00788587 0.0128742 0.0194934 0.0277131 0.0372667 0.0474968 0.0573277 0.065533 0.0711797 0.0739208 0.07395 0.0717476 0.0678536 0.0627631 0.0568981 0.0505997 0.0441293 0.0376815 0.0314056 0.0254296 0.0198791 0.0148873 0.0105868 0.00708212 0.00441529
 0.00790505 0.0129028 0.0195315 0.0277585 0.0373151 0.0475416 0.0573605 0.0655436 0.0711579 0.0738594 0.0738489 0.0716166 0.0677123 0.0626363 0.0568087 0.0505611 0.0441419 0.0377344 0.0314818 0.0255119 0.0199542 0.0149476 0.0106296 0.0071089 0.00442965
 0.00786399 0.0128387 0.0194403 0.0276387 0.0371689 0.0473756 0.0571866 0.0653777 0.0710168 0.0737563 0.0737893 0.0715986 0.0677296 0.0626829 0.0568816 0.0506606 0.0442682 0.0378833 0.0316437 0.0256727 0.0201 0.0150679 0.0107199 0.00717044 0.00446748
 0.00784796 0.012808 0.0193857 0.0275495 0.0370361 0.0471973 0.0569717 0.0651467 0.0707971 0.0735744 0.073665 0.071541 0.0677375 0.0627473 0.0569897 0.0508 0.0444287 0.038057 0.0318227 0.0258476 0.02026 0.0152034 0.0108252 0.00724497 0.00451524
 0.00783535 0.0127846 0.0193449 0.027483 0.0369351 0.047055 0.0567872 0.0649271 0.0705585 0.073341 0.0734643 0.0713988 0.0676711 0.062762 0.0570788 0.0509476 0.0446157 0.0382648 0.0320353 0.0260518 0.0204445 0.0153595 0.0109476 0.00733317 0.00457313
 0.00778759 0.0127113 0.0192425 0.0273508 0.0367748 0.0468705 0.0565839 0.0647129 0.0703441 0.0731394 0.073291 0.0712703 0.0676031 0.062766 0.0571586 0.0510974 0.0448206 0.0385043 0.0322874 0.0262964 0.0206656 0.0155459 0.0110938 0.00743884 0.00464311
 0.00776865 0.0126739 0.0191746 0.0272382 0.036606 0.0466434 0.056311 0.0644203 0.0700643 0.0729013 0.0731128 0.0711596 0.0675607 0.0627905 0.0572479 0.0512479 0.0450241 0.038747 0.0325504 0.0265587 0.0209077 0.0157529 0.0112575 0.00755808 0.00472263
 0.00775684 0.0126551 0.0191466 0.0271977 0.0365479 0.0465601 0.0561938 0.0642635 0.06987 0.0726831 0.0728951 0.0709704 0.067424 0.0627206 0.0572487 0.0513157 0.0451506 0.0389205 0.0327555 0.026777 0.0211198 0.0159419 0.0114117 0.00767308 0.00480074
 0.00770533 0.0125745 0.0190313 0.0270454 0.0363603 0.0463442 0.0559622 0.0640326 0.0696566 0.0725 0.0727503 0.0708692 0.067372 0.0627241 0.0573127 0.0514402 0.0453297 0.0391422 0.0330039 0.0270333 0.021365 0.016159 0.0115889 0.00780572 0.00489123
 0.00770218 0.0125639 0.0190053 0.0269933 0.0362721 0.0462145 0.0557944 0.0638396 0.0694573 0.0723141 0.0725931 0.07075 0.0672948 0.0626903 0.0573236 0.0514975 0.0454334 0.0392887 0.0331838 0.0272323 0.0215657 0.0163442 0.0117451 0.00792582 0.00497501
 0.0076618 0.0125046 0.0189273 0.0269002 0.0361681 0.0461018 0.0556717 0.0637043 0.0693095 0.0721603 0.072447 0.0706285 0.0672131 0.0626574 0.0573416 0.0515636 0.0455425 0.0394342 0.0333574 0.0274225 0.021758 0.0165232 0.0118979 0.00804469 0.00505892
 0.00764386 0.0124731 0.0188761 0.0268231 0.0360617 0.0459688 0.0555226 0.063555 0.0691756 0.0720512 0.0723634 0.070567 0.0671711 0.0626372 0.0573488 0.051604 0.0456187 0.0395444 0.0334955 0.027579 0.0219205 0.0166781 0.012033 0.00815194 0.00513601
 0.00761742 0.0124346 0.0188262 0.0267647 0.0359979 0.0459008 0.0554492 0.063474 0.0690872 0.0719601 0.0722784 0.0704971 0.0671223 0.0626113 0.0573458 0.0516243 0.0456639 0.0396158 0.0335919 0.027695 0.0220468 0.0168031 0.0121454 0.00824351 0.00520329
 0.00760563 0.0124131 0.0187899 0.0267082 0.035918 0.0457992 0.0553342 0.0633589 0.0689854 0.0718804 0.0722227 0.0704629 0.0671063 0.062612 0.0573632 0.051659 0.0457165 0.0396864 0.0336796 0.0277967 0.0221564 0.016912 0.0122443 0.00832501 0.00526393
 0.00760798 0.0124165 0.0187941 0.026712 0.0359186 0.0457924 0.0553144 0.0633216 0.0689295 0.0718099 0.0721465 0.070391 0.0670467 0.0625687 0.0573373 0.0516503 0.045725 0.0397124 0.0337229 0.0278555 0.0222264 0.0169866 0.0123157 0.00838644 0.00531123
 0.00758259 0.0123804 0.0187492 0.0266634 0.0358729 0.0457552 0.0552881 0.0633046 0.0689173 0.0717971 0.072129 0.0703679 0.067021 0.062546 0.0573231 0.0516487 0.0457377 0.0397396 0.0337636 0.0279078 0.0222869 0.0170503 0.0123766 0.00843902 0.00535203
 0.00755229 0.0123298 0.0186712 0.0265518 0.0357258 0.0455785 0.0550982 0.063126 0.0687759 0.0717112 0.0721036 0.0703958 0.0670876 0.062636 0.0574252 0.0517561 0.0458474 0.0398501 0.0338735 0.028015 0.0223886 0.0171428 0.0124562 0.00850274 0.00539895
 0.00755602 0.0123339 0.0186733 0.0265478 0.03571 0.0455444 0.0550404 0.0630431 0.0686724 0.0715991 0.072 0.0703172 0.0670448 0.0626308 0.0574515 0.0518044 0.0459088 0.0399185 0.0339452 0.0280878 0.0224599 0.0172096 0.0125151 0.00855095 0.00543511
 0.00754058 0.0123136 0.0186514 0.0265299 0.0357016 0.0455479 0.0550524 0.0630545 0.0686719 0.0715775 0.0719547 0.0702542 0.0669766 0.062572 0.0574139 0.0517931 0.0459224 0.0399512 0.0339905 0.0281396 0.0225137 0.0172614 0.0125615 0.00858943 0.00546425
 0.00753074 0.0122965 0.018624 0.0264896 0.0356482 0.0454853 0.0549894 0.063003 0.0686413 0.0715703 0.0719646 0.0702699 0.0669876 0.0625743 0.0574109 0.0517929 0.0459325 0.0399756 0.0340283 0.0281867 0.0225646 0.017311 0.0126058 0.0086256 0.0054913
 0.00752635 0.012288 0.0186089 0.0264645 0.0356096 0.045431 0.0549204 0.062924 0.0685617 0.0715018 0.0719182 0.0702513 0.0669957 0.0626016 0.057448 0.0518328 0.0459732 0.0400184 0.0340753 0.0282379 0.0226177 0.0173621 0.0126509 0.00866213 0.00551824
 0.00750513 0.0122552 0.0185626 0.0264039 0.0355352 0.0453445 0.0548248 0.0628241 0.0684642 0.0714149 0.0718508 0.0702119 0.0669901 0.062631 0.0575075 0.0519135 0.0460647 0.0401124 0.0341665 0.0283238 0.0226963 0.0174313 0.0127086 0.00870688 0.0055502
 0.00749899 0.0122431 0.0185404 0.0263671 0.0354796 0.0452689 0.0547324 0.0627227 0.0683636 0.0713246 0.071778 0.0701614 0.0669653 0.062634 0.0575391 0.0519713 0.046143 0.0402032 0.0342614 0.0284157 0.0227802 0.017504 0.0127679 0.00875222 0.00558222
 0.00749899 0.0122431 0.0185404 0.0263671 0.0354796 0.0452689 0.0547324 0.0627227 0.0683636 0.0713246 0.071778 0.0701614 0.0669653 0.062634 0.0575391 0.0519713 0.046143 0.0402032 0.0342614 0.0284157 0.0227802 0.017504 0.0127679 0.00875222 0.00558222
 0.00723403 0.0118266 0.0179417 0.025571 0.0344943 0.0441344 0.0535281 0.0615636 0.0673808 0.0706335 0.0714515 0.0702172 0.0673694 0.0633166 0.0584123 0.0529467 0.0471428 0.0411656 0.0351415 0.0291836 0.0234193 0.0180094 0.0131454 0.00901645 0.00575403
#pred catch len freq
 0.00371654 0.00600081 0.00898968 0.0127043 0.0171613 0.0223232 0.0280319 0.0339971 0.0398566 0.0452539 0.0498939 0.053579 0.0562348 0.0579085 0.0587355 0.0588957 0.0585792 0.0579506 0.0570812 0.0558463 0.0538489 0.0504902 0.0452506 0.0380752 0.0295951
 0.00402027 0.00645738 0.00961141 0.0134885 0.0181047 0.023438 0.0293454 0.035526 0.0415661 0.0470283 0.0515447 0.0548964 0.0570592 0.0581835 0.0585159 0.0583081 0.0577568 0.0569719 0.0559422 0.0544801 0.0521898 0.0485487 0.0431524 0.0360338 0.0278306
 0.00418458 0.00675006 0.0100975 0.0142399 0.0191797 0.0248529 0.0310543 0.0374283 0.0435394 0.0489627 0.0533493 0.0564776 0.0582996 0.0589531 0.0587155 0.057914 0.0568289 0.0556183 0.0542637 0.0525381 0.0500206 0.0462128 0.0407766 0.033805 0.0259375
 0.00443876 0.00713764 0.0106377 0.0149464 0.0200734 0.0259743 0.0324587 0.0391553 0.0455701 0.0511909 0.0555917 0.058521 0.0599542 0.0600818 0.0592334 0.057779 0.0560424 0.0542292 0.0523625 0.0502381 0.0474471 0.0435095 0.0381175 0.031384 0.0239255
 0.00476348 0.00765138 0.0113836 0.0159532 0.0213493 0.0275011 0.0341888 0.0410212 0.0475028 0.0531345 0.0574959 0.0603144 0.0615237 0.0612791 0.0599082 0.0578155 0.0553817 0.0528746 0.0503758 0.0477351 0.0445913 0.040505 0.0351947 0.0287674 0.0217882
 0.00505862 0.00812839 0.0120975 0.0169561 0.0226844 0.0291888 0.0362086 0.0432966 0.0499029 0.0554948 0.0596527 0.0621372 0.0629285 0.0622163 0.0603359 0.0576815 0.0546283 0.0514637 0.0483184 0.0451132 0.041565 0.0373034 0.0320843 0.0260025 0.0195525
 0.00529635 0.0085168 0.0126874 0.0178009 0.0238352 0.0306847 0.0380598 0.0454684 0.052306 0.057987 0.0620528 0.0642525 0.0645897 0.0633067 0.0607988 0.0575039 0.053814 0.0500197 0.0462658 0.042517 0.0385638 0.0341157 0.0289804 0.0232454 0.0173314
 0.0055478 0.00892291 0.0132952 0.0186567 0.0249815 0.0321519 0.0398538 0.0475573 0.0546137 0.0603939 0.0644049 0.0663761 0.0663136 0.0644862 0.0613353 0.0573521 0.0529745 0.0485238 0.0441682 0.0399052 0.03558 0.0309692 0.0259295 0.020544 0.0151626
 0.00582567 0.00936494 0.0139438 0.0195485 0.0261459 0.033606 0.0415924 0.0495425 0.0567698 0.062611 0.0665484 0.0683006 0.0678776 0.0655667 0.0618386 0.0572196 0.0521854 0.0470941 0.042151 0.0373957 0.0327265 0.0279771 0.023043 0.0179988 0.0131264
 0.00614153 0.00985593 0.0146421 0.0204724 0.0273019 0.0349902 0.0431872 0.0513092 0.0586438 0.0645033 0.0683525 0.0699027 0.0691684 0.0664507 0.0622403 0.0570863 0.0514881 0.0458317 0.0403571 0.0351499 0.0301637 0.0252876 0.0204509 0.0157173 0.0113052
 0.00631786 0.0101517 0.015104 0.0211495 0.0282349 0.0361958 0.0446421 0.0529462 0.0603636 0.0661955 0.069914 0.0712462 0.0702226 0.0671581 0.0625544 0.0569702 0.0509163 0.0447945 0.0388712 0.033272 0.0280032 0.0230068 0.0182449 0.0137724 0.00975189
 0.00640503 0.0102975 0.015333 0.0214926 0.02873 0.0368836 0.0455559 0.0540959 0.0617186 0.0676765 0.0714009 0.0726036 0.0713306 0.0679335 0.0629534 0.0569769 0.0505282 0.044016 0.0377192 0.03179 0.0262764 0.0211664 0.0164522 0.0121843 0.00847981
 0.00651045 0.0104596 0.0155608 0.0217911 0.0291035 0.03734 0.0461087 0.0547609 0.062507 0.0685838 0.0723957 0.0736219 0.0722813 0.0687151 0.0634765 0.0571805 0.0503837 0.0435219 0.0368953 0.0306789 0.0249508 0.0197335 0.0150432 0.0109276 0.00746841
 0.00657503 0.0105679 0.0157295 0.0220368 0.0294385 0.037766 0.0466126 0.0553168 0.0630857 0.0691638 0.0729681 0.0741843 0.0728238 0.0692089 0.0638713 0.0574138 0.0503968 0.0432753 0.0363776 0.0299113 0.0239888 0.0186641 0.0139736 0.00996318 0.00668642
 0.00672294 0.0107843 0.0160116 0.0223694 0.0298018 0.0381466 0.0470091 0.0557348 0.0635256 0.0696111 0.0733944 0.074558 0.0731234 0.0694267 0.0640056 0.0574562 0.0503253 0.0430587 0.0359897 0.029347 0.0232745 0.017859 0.0131592 0.0092227 0.00608245
 0.00680012 0.0109133 0.0162107 0.0226543 0.0301777 0.0385996 0.0475014 0.0562126 0.0639378 0.0699289 0.0736177 0.0747057 0.073216 0.0694751 0.0640095 0.0574082 0.0502128 0.0428646 0.0356953 0.0289411 0.0227652 0.0172798 0.0125652 0.00867578 0.00563172
 0.00680452 0.0109264 0.0162425 0.0227207 0.0303 0.0388009 0.0477993 0.0566088 0.0644084 0.0704227 0.0740682 0.0750528 0.073427 0.069551 0.0639754 0.0572944 0.0500408 0.0426415 0.0354174 0.0286025 0.022368 0.0168424 0.0121218 0.00826794 0.00529458
 0.0068211 0.0109398 0.0162387 0.0226806 0.0302081 0.0386572 0.0476285 0.0564591 0.0643378 0.0704779 0.0742647 0.0753673 0.0738044 0.0699246 0.064289 0.0575165 0.0501638 0.042672 0.0353648 0.0284745 0.022174 0.0165987 0.0118547 0.00800927 0.00507281
 0.00688828 0.0110373 0.0163625 0.0228163 0.0303309 0.038735 0.0476291 0.0563612 0.0641448 0.0702266 0.0740202 0.0752013 0.0737666 0.0700224 0.0644876 0.0577569 0.0503874 0.0428371 0.0354513 0.0284799 0.0221068 0.0164758 0.0116993 0.0078475 0.00492795
 0.00690168 0.0110676 0.0164231 0.0229235 0.0304976 0.0389617 0.0478957 0.056626 0.0643539 0.0703309 0.0739948 0.0750574 0.0735502 0.0697975 0.0643105 0.0576549 0.0503534 0.04284 0.0354545 0.0284559 0.0220443 0.0163783 0.0115807 0.0077259 0.00481994
 0.00677026 0.0108782 0.0161841 0.0226602 0.0302483 0.0387685 0.0477948 0.0566393 0.0644816 0.0705482 0.0742547 0.0753048 0.0737415 0.0699163 0.0643707 0.0576887 0.0503911 0.0428949 0.0355196 0.0285125 0.0220743 0.0163739 0.011546 0.00767341 0.00476414
 0.0068096 0.0109116 0.0161794 0.0225731 0.0300394 0.0384282 0.0473607 0.0561929 0.0641215 0.0703529 0.0742556 0.07548 0.0740304 0.0702452 0.0646785 0.0579422 0.0505862 0.0430445 0.0356386 0.0286076 0.022144 0.0164144 0.0115578 0.00766331 0.00474243
 0.00684201 0.0109565 0.0162303 0.0226126 0.0300366 0.038339 0.0471373 0.0558042 0.0635788 0.0697266 0.0736647 0.0750524 0.0738532 0.0703335 0.0649787 0.0583639 0.0510401 0.043468 0.0359999 0.0288977 0.0223647 0.0165714 0.0116593 0.00772029 0.00476818
 0.00681296 0.0109191 0.0161916 0.0225838 0.0300275 0.0383497 0.0471509 0.0557854 0.0634827 0.0695168 0.0733353 0.0746435 0.0734471 0.070028 0.0648483 0.0584307 0.0512705 0.0437943 0.0363509 0.0292199 0.0226291 0.0167693 0.0117946 0.00780414 0.00481424
 0.00685282 0.0109746 0.0162586 0.0226547 0.0300952 0.0384133 0.0472169 0.055862 0.0635682 0.0695897 0.0733561 0.0745706 0.073261 0.0697495 0.064537 0.0581618 0.0511036 0.0437505 0.0364113 0.0293422 0.0227688 0.0168943 0.0118896 0.00786693 0.00485055
 0.00682178 0.0109364 0.016223 0.0226368 0.0301092 0.0384647 0.0472978 0.0559541 0.0636528 0.0696559 0.0734009 0.0745914 0.0732482 0.0696893 0.0644241 0.0580114 0.0509508 0.0436355 0.0363604 0.029357 0.0228297 0.0169736 0.0119639 0.00792376 0.00488742
 0.00683437 0.0109459 0.0162184 0.0226039 0.0300383 0.0383596 0.0471806 0.0558592 0.0636112 0.0696798 0.073479 0.0746962 0.0733497 0.0697645 0.0644598 0.0580053 0.0509115 0.0435824 0.0363171 0.0293413 0.0228464 0.017014 0.012013 0.0079683 0.00492039
 0.00686261 0.0109833 0.016258 0.0226319 0.0300354 0.038305 0.047059 0.0556692 0.063372 0.0694321 0.0732743 0.0745779 0.0733362 0.0698429 0.0645955 0.0581582 0.0510514 0.0436953 0.0364045 0.0294132 0.0229125 0.0170783 0.0120733 0.00801935 0.00495848
 0.00681076 0.0109119 0.0161739 0.022548 0.029965 0.0382538 0.0470193 0.0556212 0.0632934 0.0693108 0.0731181 0.0744161 0.0732097 0.0697882 0.064629 0.0582707 0.0512142 0.0438746 0.0365739 0.0295592 0.0230328 0.0171758 0.0121508 0.00807846 0.00500049
 0.00669984 0.0107454 0.01595 0.0222762 0.0296661 0.0379575 0.0467599 0.0554308 0.0631915 0.0692963 0.0731694 0.074502 0.073306 0.0698886 0.0647436 0.0584141 0.0513927 0.0440799 0.0367871 0.0297597 0.023206 0.0173151 0.0122565 0.00815422 0.00505139
 0.00652731 0.0104849 0.0155953 0.0218356 0.0291606 0.037418 0.0462255 0.054948 0.0628106 0.0690619 0.0731085 0.0746145 0.0735638 0.0702458 0.0651521 0.0588373 0.0518091 0.0444784 0.0371588 0.0300939 0.0234915 0.0175446 0.012429 0.00827501 0.00512984
 0.00642287 0.0103103 0.0153244 0.0214436 0.0286326 0.0367607 0.0454772 0.0541788 0.0621088 0.0685133 0.0727768 0.0745315 0.0737268 0.0706206 0.0656821 0.0594562 0.052455 0.0451031 0.0377306 0.0305939 0.0239093 0.0178762 0.0126767 0.00844749 0.005241
 0.00642865 0.0103037 0.0152836 0.0213348 0.0284142 0.036393 0.0449362 0.0534702 0.0612788 0.0676491 0.0719941 0.0739468 0.0734264 0.0706383 0.0659951 0.0599984 0.0531389 0.0458413 0.0384501 0.0312435 0.0244588 0.0183131 0.0130024 0.00867388 0.00538656
 0.00653788 0.010464 0.0154914 0.0215722 0.0286488 0.0365805 0.0450246 0.0534066 0.061022 0.0671868 0.0713567 0.0732116 0.0727036 0.0700442 0.0656198 0.0598825 0.0532677 0.0461572 0.0388751 0.031701 0.0248888 0.0186778 0.0132854 0.00887551 0.00551836
 0.0065543 0.0104995 0.0155606 0.0216915 0.0288299 0.0368195 0.0452941 0.0536552 0.0611849 0.067203 0.0711877 0.0728545 0.0721976 0.069466 0.0650678 0.0594515 0.0530221 0.046115 0.0390082 0.0319506 0.0251873 0.0189679 0.01353 0.00905909 0.00564233
 0.0064597 0.0103685 0.0154066 0.0215439 0.0287291 0.0368068 0.0453993 0.0538855 0.0615167 0.06758 0.0715295 0.0730772 0.0722406 0.0693144 0.0647588 0.0590633 0.0526484 0.0458355 0.038866 0.0319455 0.0252849 0.0191185 0.0136876 0.00919333 0.00574049
 0.00641221 0.0102857 0.0152728 0.0213453 0.0284615 0.0364867 0.0450702 0.0536138 0.0613718 0.0676082 0.0717327 0.0734082 0.0726167 0.0696445 0.0649747 0.059141 0.0526132 0.0457457 0.0387866 0.0319217 0.0253295 0.0192156 0.0138068 0.00930594 0.00582909
 0.00639139 0.0102536 0.0152268 0.0212816 0.0283732 0.0363628 0.0448992 0.0533923 0.0611165 0.0673611 0.0715534 0.0733509 0.072704 0.0698532 0.0652436 0.0593975 0.0528036 0.0458544 0.0388338 0.0319456 0.0253633 0.0192732 0.013883 0.00938517 0.00589688
 0.00640699 0.0102705 0.0152369 0.0212718 0.0283292 0.0362735 0.0447606 0.0532079 0.0608953 0.0671177 0.0713102 0.0731411 0.0725679 0.0698246 0.0653329 0.0595825 0.0530371 0.0460849 0.0390271 0.0320933 0.0254763 0.0193672 0.0139671 0.00945966 0.00595763
