SBPRF35
9.57072
Curr Bio
597621
B35
725388
F35
0.192267
FOFL
0.155967
OFL
74693.7
Bzero
2.73449e+06
#pred survey bio
 4.22571e+06 4.01229e+06 3.81947e+06 3.58033e+06 3.30227e+06 3.00988e+06 2.71396e+06 2.41313e+06 2.15118e+06 1.91561e+06 1.69186e+06 1.51196e+06 1.34376e+06 1.18737e+06 1.05094e+06 960372 853255 781830 719678 680919 658596 623842 627030 609245 602814 598953 601563 593884 588102 582269 574620 567823 562436 549160 540598 522981 511404 505255 515605 527349 530455 534609 541404 542735 550410 557366 572439 582135 588497 590438 586964 595532 587802 556471 554476 590866 575471 613621 608524 619275 575870 586350 597006 611077 603455 2.10236e+07 1.27228e+07 1.31015e+07 1.39764e+07 1.51361e+07 1.63556e+07 1.74857e+07 1.84533e+07 1.92393e+07 1.98551e+07 2.03259e+07 2.06799e+07 2.09434e+07 2.11382e+07 2.1282e+07 2.13882e+07 2.14667e+07 2.1525e+07 2.15685e+07 2.16011e+07 2.16257e+07 2.16444e+07 2.16586e+07 2.16695e+07 2.16779e+07 2.16844e+07 2.16894e+07 2.16933e+07 2.16963e+07 2.16987e+07 2.17006e+07 2.1702e+07 2.17032e+07 2.17041e+07 2.17048e+07 2.17054e+07 2.17058e+07 2.17062e+07 2.17065e+07 2.17067e+07 2.17069e+07 2.1707e+07 2.17071e+07 2.17072e+07 2.17073e+07 2.17073e+07 2.17074e+07 2.17074e+07 2.17074e+07 2.17074e+07 2.17075e+07 2.17075e+07 2.17075e+07 2.17075e+07 2.17075e+07 2.17075e+07 2.17075e+07 2.17075e+07 2.17075e+07 2.17075e+07 2.17075e+07 2.17075e+07 2.17075e+07 2.17075e+07 2.17075e+07 2.17075e+07 2.17075e+07 2.17075e+07 2.17075e+07 2.17075e+07 2.17075e+07 2.17075e+07 2.17075e+07 2.17075e+07 2.17075e+07 2.17075e+07 2.17075e+07 2.17075e+07 2.17075e+07 2.17075e+07 2.17075e+07 2.17075e+07 2.17075e+07 2.17075e+07 2.17075e+07 2.17075e+07 2.17075e+07 2.17075e+07 2.17075e+07 2.17075e+07 2.17075e+07 2.17075e+07 2.17075e+07 2.17075e+07 2.17075e+07 2.17075e+07 2.17075e+07 2.17075e+07 2.17075e+07 2.17075e+07 0 0 0 0 0 0 0 0 0 0 0 0 0 0 0 0 0 0 0 0 0 0 0 0 0
#obs survey bio
 5.38149e+06 3.14571e+06 3.92344e+06 2.623e+06 3.75663e+06 2.8859e+06 2.50793e+06 1.73644e+06 1.75885e+06 1.43323e+06 1.10136e+06 996126 1.50941e+06 1.16025e+06 840347 1.13101e+06 976544 682072 547116 510375 550098 674522 549758 569929 475438 699369 569427 539766 570529 584488 497669 510784 523424 404256 501928 544924 531192 395977 522228 572306 638482 458558 578407 399790 421929 709392 390613 774876 606995 620155 517680 869025 514724 569637 551105 464424 708164 444106 766055 562535 572996 455970 583625 492001 798508
#pred catch bio
 105815 94481.2 149537 203665 239164 266786 296624 285815 283479 290425 264754 263125 256862 240804 201612 214474 180764 170593 148808 133507 141567 107783 123913 111758 107589 100423 106921 102653 100366 99874 97377 94443.4 98958.6 92278.1 96779.6 90047.9 87581.7 78077.6 80811.4 89674.5 89205.7 87524.5 92578.2 87911.1 89242 83043.7 88161.5 90896.4 94044 97487.8 86245.3 98789.4 116683 90905.3 60323 104686 60056.4 98097.1 85116.3 131301 86666.9 89410.9 87973.9 105656 98214.9 74693.7 91133.3 92646.7 97609.8 105219 113475 121091 127498 132573 136423 139254 141285 142716 143710 144392 144856 145170 145381 145521 145615 145678 145719 145746 145764 145776 145784 145789 145792 145794 145796 145797 145797 145798 145798 145798 145798 145798 145798 145798 145798 145798 145798 145798 145798 145798 145798 145798 145798 145798 145798 145798 145798 145798 145798 145798 145798 145798 145798 145798 145798 145798 145798 145798 145798 145798 145798 145798 145798 145798 145798 145798 145798 145798 145798 145798 145798 145798 145798 145798 145798 145798 145798 145798 145798 145798 145798 145798 145798 145798 145798 145798 145798 145798 145798 145798 145798 145798 145798 145798 145798 0 0 0 0 0 0 0 0 0 0 0 0 0 0 0 0 0 0 0 0 0 0 0 0 0
#obs catch bio
 0 94105.3 149850 204673 240812 268375 299096 289312 288046 296603 270518 270147 261897 245038 204782 218293 182193 172367 152023 136089 145026 109192 126449 113256 109014 101229 108191 103236 100989 100208 98020.1 95039.6 99586.5 93181.5 97769.4 90831.5 87798.1 78108.5 80990.9 89765.6 88963.3 87575.9 92553.6 88105.8 89791.1 82933.6 88367.6 90596.5 93723.4 97262.1 85745.4 97892.7 115784 90464.4 59509.4 105001 59373.3 98431 84145.6 131484 86190.7 89415.4 87875.8 105993 98169.8
#pred cpue bio
 4.16507e+06 3.95512e+06 3.76477e+06 3.52661e+06 3.24948e+06 2.95832e+06 2.66372e+06 2.36415e+06 2.10312e+06 1.86867e+06 1.64643e+06 1.46788e+06 1.30164e+06 1.14757e+06 1.01315e+06 923786 818845 748923 687993 650006 628350 594810 598128 581225 575351 571985 574922 567917 562709 557367 550131 543688 538721 526101 518210 501577 490007 482744 491668 502867 506162 510344 516944 518186 525529 532352 547186 556775 563138 565216 562047 570699 563451 532757 530485 566039 551328 588418 583456 593692 550779 560195 570492 584480 577489 2.01512e+07 1.2214e+07 1.24767e+07 1.32127e+07 1.43206e+07 1.55272e+07 1.66545e+07 1.76216e+07 1.84074e+07 1.90232e+07 1.9494e+07 1.98481e+07 2.01115e+07 2.03064e+07 2.04502e+07 2.05563e+07 2.06348e+07 2.06931e+07 2.07366e+07 2.07693e+07 2.07939e+07 2.08125e+07 2.08267e+07 2.08376e+07 2.0846e+07 2.08525e+07 2.08575e+07 2.08614e+07 2.08645e+07 2.08668e+07 2.08687e+07 2.08702e+07 2.08713e+07 2.08722e+07 2.08729e+07 2.08735e+07 2.0874e+07 2.08743e+07 2.08746e+07 2.08748e+07 2.0875e+07 2.08751e+07 2.08752e+07 2.08753e+07 2.08754e+07 2.08755e+07 2.08755e+07 2.08755e+07 2.08756e+07 2.08756e+07 2.08756e+07 2.08756e+07 2.08756e+07 2.08756e+07 2.08756e+07 2.08756e+07 2.08756e+07 2.08756e+07 2.08757e+07 2.08757e+07 2.08757e+07 2.08757e+07 2.08757e+07 2.08757e+07 2.08757e+07 2.08757e+07 2.08757e+07 2.08757e+07 2.08757e+07 2.08757e+07 2.08757e+07 2.08757e+07 2.08757e+07 2.08757e+07 2.08757e+07 2.08757e+07 2.08757e+07 2.08757e+07 2.08757e+07 2.08757e+07 2.08757e+07 2.08757e+07 2.08757e+07 2.08757e+07 2.08757e+07 2.08757e+07 2.08757e+07 2.08757e+07 2.08757e+07 2.08757e+07 2.08757e+07 2.08757e+07 2.08757e+07 2.08757e+07 2.08757e+07 2.08757e+07 2.08757e+07 2.08757e+07 2.08757e+07 2.08757e+07 0 0 0 0 0 0 0 0 0 0 0 0 0 0 0 0 0 0 0 0 0 0 0 0 0
#obs cpue bio
 3.78399e+06 3.16236e+06 3.04805e+06 2.56481e+06 1.95894e+06 3.81495e+06 2.61052e+06 1.67825e+06 1.61637e+06 1.67372e+06 1.63059e+06 1.39707e+06 1.59408e+06 1.11897e+06 856877 792202 851084 692677 326294 627751 573620 443608 530893 608196 613223 528326 470056 795285 502456 653185 450914 527045 602868 415564 562903 418902 753170 600003 425073 563885 539330 438355 575334 511711 519786 653158 640883 674750 577598 570106 730098 614190 740860 480970 799650 514985 529056 586143 868492 483085 535331 619276 551406 682726 491865
#pred surv len freq
 0.00464502 0.00758932 0.0115114 0.0164211 0.0222151 0.0285898 0.0350182 0.0408831 0.0457096 0.0493189 0.051803 0.0533898 0.054321 0.0547936 0.0549441 0.0548531 0.0545598 0.0540683 0.0533182 0.0521147 0.0500758 0.0466943 0.0415744 0.0347478 0.0268406
 0.00489057 0.00789254 0.0117947 0.0165646 0.0221029 0.0281763 0.0343714 0.0401686 0.0451169 0.0489725 0.0517155 0.0534791 0.054474 0.0549323 0.0550602 0.0549997 0.0548093 0.0544596 0.0538182 0.0526179 0.0504448 0.0468248 0.0414452 0.0344261 0.0264422
 0.00512728 0.00828513 0.0123923 0.0173973 0.0231522 0.0293435 0.0354711 0.0409745 0.0454538 0.0488035 0.0511597 0.052743 0.0537448 0.0543068 0.0545478 0.0545741 0.0544575 0.0541897 0.0536324 0.0524811 0.0502839 0.0465635 0.0410512 0.033933 0.0259309
 0.00532667 0.00861469 0.0128996 0.018133 0.0241615 0.030648 0.037041 0.0427032 0.0471512 0.0502273 0.0520836 0.053038 0.0534275 0.0535215 0.0534928 0.0534225 0.0533177 0.0531117 0.0526293 0.0515432 0.0493852 0.0456766 0.0401704 0.0330899 0.0251839
 0.00552897 0.00894472 0.0133992 0.0188442 0.0251213 0.0318791 0.0385397 0.0444283 0.0490178 0.0521028 0.0537904 0.0543713 0.0541994 0.0536204 0.0529257 0.052311 0.0518462 0.0514616 0.050935 0.0498823 0.0477953 0.0441803 0.0387974 0.0318842 0.0241934
 0.00580091 0.00937276 0.014018 0.0196784 0.0261845 0.0331715 0.0400426 0.0461005 0.050797 0.0539095 0.0555274 0.0559189 0.0554126 0.0543437 0.0530298 0.0517381 0.0506387 0.049752 0.0489028 0.0477056 0.045621 0.042122 0.036946 0.0303135 0.0229524
 0.0061317 0.00989828 0.0147855 0.0207226 0.02752 0.034783 0.0418758 0.0480628 0.0527744 0.0557921 0.057227 0.0573681 0.0565484 0.055089 0.0532888 0.0514146 0.0496724 0.0481554 0.0467762 0.0452207 0.0429856 0.0395433 0.0346036 0.0283404 0.0214203
 0.00647837 0.0104583 0.0156212 0.0218882 0.0290502 0.0366749 0.044071 0.0504426 0.0551776 0.0580489 0.0591919 0.0589382 0.0576633 0.0557166 0.0534032 0.0509801 0.0486467 0.0465145 0.0445514 0.0425254 0.0400152 0.0365445 0.031825 0.0259811 0.0195916
 0.00676031 0.010918 0.016316 0.0228738 0.0303712 0.0383497 0.0460738 0.052694 0.0575502 0.0603869 0.0613347 0.0607411 0.0590134 0.0565397 0.0536601 0.0506527 0.0477237 0.044991 0.0424484 0.0399226 0.0370738 0.0335006 0.0289464 0.0235021 0.0176556
 0.00703054 0.0113528 0.0169629 0.0237753 0.0315601 0.0398387 0.0478439 0.054687 0.0596731 0.0625234 0.0633585 0.062526 0.0604414 0.0575102 0.0540975 0.0505091 0.0469757 0.0436368 0.0405143 0.0374826 0.0342721 0.0305559 0.0261204 0.021038 0.0157135
 0.00730948 0.0118044 0.0176388 0.024722 0.0328092 0.0413936 0.0496654 0.0566908 0.0617428 0.0645346 0.0651986 0.0641014 0.0616747 0.0583348 0.0544547 0.0503491 0.0462621 0.0423536 0.0386771 0.0351562 0.031589 0.0277198 0.0233804 0.0186321 0.0138051
 0.00743848 0.0120321 0.0180151 0.0253055 0.0336559 0.0425371 0.0510983 0.0583561 0.0635429 0.0663513 0.0669133 0.0656098 0.0628932 0.0591997 0.0549169 0.0503678 0.0458017 0.0413888 0.0372073 0.0332259 0.0293071 0.0252645 0.0209759 0.016498 0.0120975
 0.00762098 0.0123205 0.0184349 0.0258787 0.0344013 0.0434695 0.0522226 0.0596584 0.0649827 0.0678585 0.0683941 0.0669594 0.0640126 0.0600089 0.0553603 0.0504098 0.0454192 0.0405674 0.0359482 0.0315636 0.0273299 0.0231226 0.0188642 0.0146119 0.0105796
 0.00793668 0.0128088 0.0191229 0.0267737 0.0354898 0.0447171 0.0535737 0.0610406 0.0663187 0.0690819 0.0694573 0.0678301 0.064663 0.0604083 0.0554754 0.0502096 0.0448799 0.0396754 0.0347058 0.0300007 0.0255195 0.0211894 0.0169717 0.0129263 0.00922362
 0.00822727 0.0132785 0.019823 0.0277456 0.0367513 0.0462446 0.0552868 0.062805 0.0679737 0.0704818 0.0705059 0.0684916 0.0649505 0.060361 0.0551354 0.0496069 0.0440282 0.0385778 0.033367 0.0284436 0.0238014 0.0194097 0.0152621 0.0114209 0.00802053
 0.00825139 0.0133427 0.0199668 0.0280235 0.0372227 0.0469549 0.056248 0.0639828 0.0692882 0.0718194 0.0717397 0.0695055 0.0656622 0.0607335 0.0551736 0.0493414 0.0434954 0.0378071 0.0323814 0.0272709 0.0224901 0.0180389 0.013936 0.0102465 0.00707744
 0.00853136 0.0137661 0.0205459 0.0287521 0.0380828 0.0479264 0.0573119 0.0651163 0.0704536 0.072957 0.0727678 0.0703318 0.0662016 0.0609279 0.0550048 0.0488311 0.0426939 0.0367763 0.0311812 0.0259572 0.0211216 0.0166861 0.0126804 0.0091669 0.00622805
 0.00878041 0.0141486 0.0210788 0.0294337 0.0388909 0.0488194 0.058232 0.0659983 0.0712414 0.0736189 0.0732997 0.0707418 0.0664887 0.0610697 0.0549628 0.0485696 0.0421978 0.0360587 0.0302802 0.0249272 0.0200275 0.0155993 0.0116743 0.00830612 0.00555412
 0.00892166 0.0143909 0.0214656 0.030009 0.0396847 0.0498263 0.0593941 0.0672061 0.0723597 0.0745254 0.073918 0.0710537 0.0665236 0.0608802 0.0545981 0.0480604 0.0415557 0.0352892 0.0293968 0.0239606 0.0190263 0.0146243 0.0107884 0.00756125 0.00497996
 0.00894927 0.0144343 0.0215298 0.0301027 0.0398244 0.0500391 0.0597144 0.067663 0.0729572 0.0752269 0.0746466 0.0717126 0.0670271 0.0611781 0.0546817 0.0479495 0.04128 0.0348748 0.0288658 0.0233381 0.0183483 0.0139389 0.010149 0.00701444 0.00455425
 0.00888561 0.0143383 0.0213996 0.0299423 0.0396441 0.0498559 0.0595536 0.0675596 0.0729538 0.0753643 0.074948 0.072168 0.0675867 0.0617622 0.0552041 0.0483415 0.0415044 0.0349244 0.0287545 0.0230928 0.0180055 0.0135432 0.00974897 0.00665428 0.00426416
 0.00902581 0.0145444 0.0216692 0.0302584 0.0399795 0.0501803 0.0598399 0.067787 0.07311 0.0754486 0.0749735 0.0721597 0.0675724 0.0617597 0.0552108 0.0483347 0.0414513 0.034797 0.0285405 0.0227986 0.0176539 0.0131675 0.00938618 0.00633716 0.00401385
 0.00884647 0.0142732 0.0212992 0.0297971 0.0394472 0.0496072 0.0592643 0.0672559 0.0726763 0.0751645 0.0748805 0.0722787 0.067899 0.0622637 0.0558403 0.0490235 0.0421277 0.0353947 0.0290097 0.0231146 0.0178191 0.0132077 0.00934119 0.00624946 0.00391873
 0.00885389 0.0142809 0.0213026 0.0297896 0.0394218 0.049559 0.0591924 0.0671627 0.0725661 0.0750423 0.0747538 0.0721616 0.0678132 0.0622344 0.0558869 0.0491495 0.042316 0.035611 0.0292118 0.0232658 0.0178988 0.0132158 0.00929498 0.0061748 0.00384029
 0.00881415 0.0142129 0.0211944 0.0296287 0.0391992 0.0492747 0.0588607 0.0668129 0.0722368 0.074772 0.0745718 0.072083 0.0678393 0.0623571 0.056094 0.0494262 0.0426432 0.0359626 0.0295548 0.023566 0.0181297 0.0133665 0.00937172 0.00619672 0.00383082
 0.00876062 0.0141283 0.0210715 0.0294618 0.0389849 0.0490127 0.0585563 0.0664797 0.0718978 0.074458 0.0743175 0.0719196 0.067788 0.0624244 0.0562713 0.0496937 0.0429748 0.0363285 0.0299233 0.0239057 0.0184141 0.0135793 0.00951097 0.00627354 0.00386375
 0.00862053 0.0139137 0.0207733 0.0290812 0.0385332 0.0485109 0.0580345 0.0659753 0.0714513 0.0741061 0.0740871 0.0718266 0.0678379 0.0626131 0.0565849 0.0501089 0.0434598 0.0368466 0.0304365 0.0243788 0.0188183 0.013897 0.00973819 0.00641943 0.0039466
 0.00859699 0.0138693 0.0206953 0.0289549 0.0383458 0.0482585 0.0577268 0.0656362 0.0711125 0.0737987 0.0738352 0.0716464 0.0677395 0.0626033 0.0566675 0.0502821 0.043714 0.0371623 0.0307862 0.0247301 0.0191404 0.0141661 0.00994208 0.0065585 0.00403124
 0.00858423 0.0138447 0.0206507 0.0288794 0.0382274 0.0480869 0.057498 0.0653557 0.0707973 0.0734762 0.0735387 0.0714083 0.0675846 0.0625447 0.0567073 0.0504142 0.0439263 0.0374375 0.0311012 0.0250574 0.0194512 0.0144355 0.0101544 0.00670986 0.00412826
 0.00861328 0.0138823 0.0206894 0.0289057 0.0382244 0.0480392 0.0573959 0.0651974 0.0705887 0.0732302 0.0732747 0.0711508 0.0673611 0.0623811 0.0566225 0.0504171 0.0440149 0.0376003 0.031319 0.0253056 0.0197028 0.0146654 0.0103442 0.00685121 0.0042228
 0.0086011 0.0138716 0.0206895 0.0289288 0.0382802 0.0481269 0.0574992 0.0652865 0.0706305 0.0732003 0.0731663 0.0709758 0.0671451 0.0621563 0.0564216 0.0502674 0.0439345 0.0375953 0.0313837 0.0254235 0.019851 0.0148194 0.0104831 0.0069617 0.00430084
 0.00852914 0.0137653 0.0205499 0.0287655 0.0381108 0.0479742 0.0573869 0.0652332 0.0706426 0.073267 0.0732608 0.0710649 0.0672022 0.0621713 0.0564025 0.0502351 0.0439137 0.0376064 0.0314367 0.0255168 0.0199722 0.0149504 0.0106056 0.0070626 0.0043744
 0.00846776 0.0136645 0.0203972 0.0285509 0.0378314 0.0476406 0.0570279 0.0648943 0.0703751 0.0731126 0.0732381 0.0711642 0.0673904 0.0624045 0.0566405 0.0504527 0.0441036 0.0377753 0.0315965 0.0256757 0.0201309 0.0151019 0.0107397 0.00717058 0.00445274
 0.00833379 0.0134775 0.0201718 0.0283183 0.0376279 0.0474914 0.056936 0.0648426 0.0703405 0.073082 0.0732161 0.0711677 0.0674362 0.0624977 0.0567711 0.0506009 0.0442502 0.037909 0.0317159 0.0257857 0.020236 0.0152024 0.0108312 0.0072473 0.00451079
 0.00822428 0.0132922 0.0198821 0.0278995 0.0370726 0.0468259 0.0562288 0.0641938 0.0698503 0.0728149 0.0731824 0.0713327 0.0677457 0.0629002 0.0572269 0.0510788 0.0447228 0.0383525 0.0321126 0.0261264 0.020519 0.0154302 0.0110078 0.00737732 0.00460025
 0.00883674 0.0141494 0.0209151 0.0289552 0.037954 0.0473591 0.0563217 0.0638565 0.0691783 0.0719515 0.0722779 0.0705106 0.0670811 0.0624169 0.0569098 0.0508944 0.0446352 0.0383306 0.032132 0.0261686 0.020571 0.0154838 0.0110575 0.00741971 0.00463325
 0.00953179 0.0152255 0.0224263 0.0308942 0.0402303 0.0497812 0.0585969 0.065636 0.0701538 0.0719649 0.0713804 0.0689335 0.0651408 0.0604097 0.0550466 0.0492853 0.0433108 0.0372749 0.03131 0.0255429 0.0201079 0.0151538 0.0108342 0.00727804 0.0045502
 0.00962056 0.0154465 0.0228983 0.0317689 0.0416461 0.0517909 0.061103 0.0683735 0.0727383 0.0739894 0.0725229 0.0690398 0.0642569 0.0587555 0.0529386 0.0470428 0.0411826 0.0354102 0.0297691 0.0243261 0.0191852 0.014483 0.01037 0.0069754 0.00436628
 0.00923577 0.0148882 0.0221892 0.0309895 0.0409338 0.0513244 0.0610733 0.0689363 0.073951 0.0757551 0.0745799 0.0710205 0.0657991 0.0596159 0.0530567 0.0465321 0.0402641 0.0343255 0.0287125 0.0234157 0.0184677 0.0139568 0.0100083 0.00674238 0.00422637
 0.00899406 0.0144914 0.0215888 0.0301491 0.0398511 0.0500602 0.0597737 0.0678261 0.0732854 0.0757423 0.0753049 0.0724011 0.0675955 0.0614932 0.0546844 0.0476807 0.0408591 0.0344384 0.0285017 0.023054 0.0180892 0.0136377 0.00977447 0.00658879 0.00413462
 0.00902121 0.014512 0.0215747 0.0300559 0.039625 0.0496536 0.0591657 0.067042 0.0724113 0.0749244 0.0747251 0.072227 0.0679169 0.0622758 0.0557664 0.0488242 0.0418327 0.0350942 0.0288087 0.0230796 0.0179475 0.0134371 0.00958763 0.00644798 0.00404334
 0.00904205 0.0145471 0.0216283 0.0301281 0.0397061 0.0497175 0.0591673 0.0669259 0.0721316 0.0744719 0.0741485 0.0716347 0.0674531 0.0620728 0.0558919 0.0492474 0.0424323 0.0357067 0.0292942 0.0233686 0.0180485 0.0134091 0.0095007 0.00635498 0.00397076
 0.00903339 0.0145331 0.0216077 0.0301007 0.0396733 0.0496826 0.0591334 0.066891 0.0720829 0.0743847 0.0739951 0.0714029 0.0671654 0.0617927 0.0557062 0.0492294 0.0426041 0.0360241 0.0296659 0.0236983 0.0182751 0.0135214 0.00952606 0.00633394 0.00393665
 0.009097 0.0146283 0.0217352 0.0302554 0.0398448 0.0498572 0.0592958 0.0670254 0.0721745 0.0744199 0.0739614 0.0712899 0.0669693 0.0615254 0.0554032 0.0489468 0.0424007 0.0359351 0.0296857 0.0237853 0.0183743 0.0135919 0.00955403 0.00632825 0.00391508
 0.00895613 0.0144316 0.0214988 0.030014 0.0396414 0.0497266 0.0592521 0.0670603 0.0722652 0.0745407 0.0740909 0.0714118 0.0670702 0.0615945 0.0554356 0.0489498 0.042395 0.0359481 0.029737 0.0238749 0.0184831 0.0136932 0.00962803 0.00636987 0.0039312
 0.00891658 0.0143522 0.0213538 0.0297756 0.0392939 0.049284 0.0587682 0.06662 0.071955 0.074415 0.0741534 0.0716222 0.0673669 0.0619181 0.0557429 0.0492172 0.042617 0.0361327 0.0298983 0.0240244 0.0186229 0.0138166 0.00972571 0.006437 0.00397036
 0.00883342 0.0142207 0.0211619 0.0295127 0.0389505 0.048854 0.0582553 0.0660474 0.0713736 0.0739009 0.0737919 0.07148 0.0674678 0.0622345 0.0562086 0.0497529 0.0431539 0.0366256 0.0303264 0.0243833 0.0189159 0.0140476 0.00989849 0.0065568 0.00404579
 0.00874247 0.0140862 0.0209839 0.0292991 0.0387135 0.0486043 0.057998 0.0657813 0.0710957 0.0736141 0.0735128 0.0712434 0.0673206 0.0622197 0.0563461 0.050029 0.0435259 0.0370381 0.0307293 0.0247429 0.0192155 0.0142833 0.0100734 0.00667813 0.00412335
 0.00868298 0.0139903 0.0208418 0.0291042 0.0384657 0.0483139 0.0576876 0.0654822 0.0708375 0.0734142 0.0733721 0.0711523 0.067272 0.0622189 0.0564103 0.0501758 0.0437595 0.0373417 0.0310692 0.0250801 0.0195178 0.0145314 0.0102612 0.0068094 0.00420779
 0.00860548 0.0138769 0.0206942 0.0289311 0.0382792 0.0481244 0.0575009 0.0653011 0.0706662 0.0732614 0.0732495 0.07107 0.0672341 0.0622241 0.056457 0.0502665 0.0438997 0.0375332 0.0313032 0.0253357 0.0197681 0.0147521 0.0104373 0.00693696 0.00429174
 0.00855156 0.0137936 0.0205774 0.0287812 0.0381024 0.0479332 0.0573134 0.0651375 0.0705426 0.0731836 0.0732124 0.0710624 0.0672458 0.0622504 0.0564988 0.0503286 0.0439881 0.0376527 0.031454 0.0255105 0.0199516 0.0149256 0.0105847 0.00704932 0.00436869
 0.00847564 0.013662 0.0203653 0.0284629 0.0376604 0.0473715 0.0566679 0.0644755 0.0699489 0.0727368 0.0729646 0.0710288 0.067407 0.0625637 0.0569125 0.0507946 0.0444692 0.0381242 0.0319003 0.0259203 0.0203145 0.0152317 0.0108269 0.00722687 0.00448784
 0.00867288 0.013948 0.02073 0.0288714 0.0380582 0.0476958 0.0568604 0.0644939 0.0697771 0.0723932 0.0725015 0.0705207 0.0669294 0.0621732 0.0566369 0.0506344 0.0444073 0.038137 0.0319652 0.0260182 0.0204292 0.0153485 0.0109331 0.0073135 0.00455113
 0.00889127 0.0143191 0.0213146 0.0297262 0.0392109 0.0491118 0.0584184 0.0659945 0.0709907 0.0731293 0.0726629 0.0701205 0.0660725 0.0610167 0.0553476 0.0493554 0.0432399 0.0371375 0.0311537 0.0253909 0.0199685 0.0150291 0.0107261 0.00718921 0.00448265
 0.0087959 0.0141766 0.0211266 0.0295108 0.0390079 0.0489842 0.0584442 0.066243 0.0714871 0.0738252 0.0734356 0.0708104 0.0665399 0.0611894 0.0552354 0.0490314 0.0428045 0.0366843 0.0307489 0.0250684 0.0197356 0.0148762 0.0106355 0.00714175 0.00446144
 0.0085189 0.0137234 0.020442 0.0285496 0.0377543 0.0474788 0.0568071 0.0646721 0.0702213 0.0730796 0.073337 0.0713576 0.0676057 0.0625629 0.0566886 0.0503821 0.0439508 0.0376023 0.0314646 0.0256246 0.0201696 0.0152126 0.0108889 0.00732304 0.00458241
 0.00883104 0.0141883 0.0210597 0.0292838 0.0385329 0.0482004 0.0573538 0.0649332 0.0701277 0.0726389 0.0726451 0.0705727 0.0668926 0.0620336 0.0563711 0.0502295 0.0438804 0.0375408 0.0313752 0.0255083 0.0200477 0.0151074 0.0108125 0.00727578 0.0045576
 0.00855392 0.0137808 0.0205262 0.0286561 0.0378602 0.0475332 0.0567305 0.0643758 0.0696451 0.0722353 0.0723307 0.0703739 0.0668532 0.0622025 0.0567768 0.050856 0.0446613 0.038377 0.0321681 0.0261879 0.0205843 0.0155042 0.0110906 0.00746136 0.00467497
 0.00878174 0.0141071 0.0209363 0.0291102 0.038307 0.0479292 0.0570528 0.0646182 0.0698019 0.0722865 0.0722427 0.0701171 0.0664272 0.0616522 0.0561865 0.0503229 0.0442605 0.0381372 0.0320699 0.0261831 0.0206219 0.0155486 0.0111257 0.00748461 0.00468919
 0.00888437 0.0142705 0.0211739 0.0294271 0.0386926 0.0483512 0.0574562 0.0649369 0.0699817 0.0723063 0.0721185 0.0698856 0.0661232 0.0612982 0.0558007 0.0499329 0.0439068 0.0378611 0.0318951 0.0261056 0.0206153 0.015579 0.0111656 0.00751873 0.00471289
 0.00927906 0.0149087 0.022125 0.0307448 0.0403946 0.0503897 0.0596939 0.0671481 0.0718934 0.0736655 0.0727566 0.069753 0.0652866 0.0599087 0.0540491 0.0480105 0.041981 0.0360651 0.0303233 0.0248113 0.0196111 0.0148441 0.0106578 0.00718814 0.00451105
 0.00896086 0.014453 0.0215563 0.0301333 0.0398467 0.0500275 0.0596294 0.0674583 0.0725944 0.0746936 0.0739681 0.0709539 0.0662849 0.0605664 0.0543126 0.0479097 0.0416048 0.035528 0.029736 0.0242608 0.0191515 0.0144965 0.0104174 0.00703506 0.00442098
 0.00882336 0.0142104 0.0211597 0.0295359 0.0390278 0.0490246 0.0585602 0.0665102 0.0719753 0.0745624 0.0743793 0.0718397 0.0674777 0.061849 0.0554776 0.0488089 0.042175 0.0357878 0.0297598 0.0241439 0.01898 0.0143302 0.0102867 0.00694659 0.00436813
 0.00857189 0.0138381 0.0206653 0.0289366 0.038348 0.0482818 0.0577633 0.0656759 0.0711554 0.0738601 0.0739354 0.0717866 0.0678818 0.0626732 0.0565854 0.0500088 0.043282 0.0366743 0.0303775 0.0245149 0.0191668 0.014404 0.0103048 0.00694477 0.00436308
 0.00815211 0.0132327 0.0198977 0.0280792 0.0375037 0.0475506 0.0572126 0.0653263 0.0709837 0.073817 0.0739736 0.0718897 0.0680774 0.063016 0.0571163 0.0507156 0.0440898 0.0374713 0.0310599 0.0250224 0.0194937 0.0145843 0.0103881 0.00697541 0.00437089
#obs surv len freq
 nan nan nan nan nan nan nan nan nan nan nan nan nan nan nan nan nan nan nan nan nan nan nan nan nan
 0.00447863 0.00733727 0.0111648 0.0159797 0.0216802 0.0279568 0.0342728 0.0400063 0.0446881 0.0481542 0.0505141 0.0520118 0.0529058 0.0534196 0.0537351 0.0539908 0.05427 0.0545632 0.0547022 0.0542942 0.0527321 0.0493638 0.0438127 0.0362916 0.027674
 0.0046181 0.00756312 0.0115028 0.0164523 0.0223017 0.0287247 0.0351599 0.0409576 0.0456276 0.0489988 0.0511892 0.0524624 0.0531027 0.0533606 0.053441 0.053498 0.0536214 0.053801 0.0538653 0.0534192 0.0518576 0.0485324 0.0430689 0.0356728 0.027201
 0.00478432 0.00783714 0.0119221 0.0170535 0.0231125 0.0297517 0.0363756 0.0422965 0.0469949 0.0502875 0.0522975 0.0533049 0.0536174 0.0535131 0.0532263 0.0529393 0.0527639 0.052704 0.0525946 0.0520452 0.0504557 0.0471839 0.0418544 0.0346591 0.0264249
 0.0049731 0.00814628 0.0123917 0.0177232 0.0240142 0.0308985 0.0377489 0.0438397 0.0486181 0.0518813 0.0537479 0.0545055 0.0544778 0.0539655 0.0532314 0.0524886 0.0518803 0.0514392 0.0510253 0.0502691 0.0485885 0.0453533 0.0401868 0.0332579 0.0253481
 0.00518045 0.00848643 0.0129094 0.0184623 0.0250097 0.0321634 0.039261 0.0455366 0.0504056 0.0536502 0.0553888 0.0559164 0.0555665 0.0546519 0.0534515 0.0522014 0.0510741 0.0501379 0.0492929 0.0482113 0.04635 0.0431065 0.0381079 0.0314937 0.0239842
 0.00541908 0.00887445 0.0134937 0.0192869 0.0261081 0.0335461 0.0409023 0.0473691 0.0523287 0.0555483 0.0571489 0.0574378 0.0567626 0.0554488 0.0537856 0.0520205 0.0503435 0.0488516 0.0474881 0.0459811 0.0438484 0.0405362 0.0356888 0.0294162 0.022365
 0.00565495 0.00926261 0.0140865 0.0201359 0.0272537 0.0350015 0.0426374 0.0493058 0.0543535 0.0575352 0.0589798 0.0590131 0.0580018 0.0562861 0.0541655 0.0518942 0.0496703 0.047609 0.0456894 0.043698 0.0412257 0.0377866 0.0330585 0.027129 0.0205659
 0.00588434 0.00964028 0.014664 0.0209648 0.0283764 0.036436 0.0443609 0.0512477 0.0564042 0.0595661 0.0608641 0.0606398 0.059282 0.0571529 0.054569 0.0517945 0.0490337 0.0464115 0.0439338 0.0414389 0.0385923 0.0349855 0.0303438 0.024742 0.0186715
 0.00614238 0.0100581 0.0152899 0.021843 0.0295399 0.0378938 0.0460852 0.0531682 0.0584164 0.0615495 0.0627001 0.0622229 0.0605248 0.0579874 0.0549447 0.0516744 0.0483896 0.045225 0.0422074 0.0392193 0.0359957 0.0322062 0.0276296 0.0223371 0.0167493
 0.00639609 0.0104765 0.0159302 0.0227609 0.0307768 0.0394582 0.0479345 0.0552054 0.0605075 0.0635531 0.064493 0.0637105 0.06164 0.0586835 0.0551886 0.0514415 0.0476604 0.0439872 0.0404665 0.0370191 0.0334427 0.0294808 0.024966 0.0199704 0.0148507
 0.00659913 0.0108144 0.0164535 0.0235225 0.0318222 0.0408094 0.0495723 0.0570612 0.0624706 0.0654897 0.0662689 0.0652094 0.0627739 0.0593954 0.055448 0.0512345 0.0469808 0.0428334 0.03885 0.0349831 0.0310844 0.026963 0.0225014 0.017775 0.0130838
 0.0068342 0.0111944 0.0170214 0.0243176 0.0328732 0.0421238 0.0511245 0.0587874 0.0642747 0.0672594 0.0678912 0.0665815 0.0638107 0.0600345 0.0556514 0.0509858 0.0462796 0.04169 0.0372875 0.0330502 0.0288742 0.0246235 0.0202231 0.0157505 0.0114558
 0.00705987 0.0115667 0.0175913 0.0251339 0.0339711 0.0435066 0.0527483 0.0605583 0.0660671 0.0689444 0.0693604 0.067756 0.064638 0.0604814 0.0556984 0.0506246 0.0455118 0.0405281 0.0357583 0.0312053 0.0268031 0.0224607 0.018137 0.0139088 0.00998053
 0.00725794 0.0118932 0.0180912 0.0258517 0.0349425 0.0447438 0.0542242 0.0622002 0.0677643 0.0705685 0.0707881 0.0688877 0.0654073 0.060856 0.0556734 0.0502116 0.04473 0.0394007 0.0343175 0.0295024 0.0249208 0.0205189 0.0162815 0.0122822 0.00868422
 0.00744983 0.0122055 0.0185616 0.0265157 0.0358258 0.0458521 0.0555317 0.0636449 0.0692555 0.0720019 0.0720619 0.0699132 0.0661159 0.0612042 0.0556442 0.0498116 0.0439828 0.0383401 0.0329856 0.0279552 0.0232368 0.018804 0.01466 0.0108723 0.00756772
 0.00753288 0.0123457 0.0187827 0.0268441 0.0362867 0.0464624 0.0562921 0.0645353 0.0702369 0.0730213 0.0730576 0.070819 0.0668654 0.061736 0.0559085 0.0497765 0.0436373 0.0376945 0.0320706 0.0268217 0.0219584 0.0174761 0.0133906 0.0097621 0.00668572
 0.00757012 0.0124021 0.0188606 0.0269455 0.036416 0.0466301 0.0565158 0.0648372 0.0706361 0.0735251 0.0736548 0.0714776 0.0675348 0.0623531 0.0564057 0.0500909 0.04372 0.0375184 0.0316354 0.0261567 0.0211222 0.0165516 0.0124735 0.00894168 0.00602477
 0.0076576 0.0125322 0.0190337 0.0271535 0.0366443 0.0468618 0.056736 0.0650373 0.0708173 0.0737006 0.0738464 0.0717067 0.067811 0.0626648 0.0567186 0.0503533 0.0438738 0.0375128 0.0314394 0.0257686 0.0205735 0.0159033 0.0118039 0.00832758 0.00552232
 0.0077158 0.0126276 0.019178 0.0273559 0.036907 0.0471742 0.0570716 0.0653567 0.0710803 0.0738809 0.0739416 0.0717387 0.0678154 0.0626757 0.0567541 0.0504075 0.0439173 0.0375018 0.0313309 0.0255364 0.0202197 0.0154607 0.0113275 0.00787779 0.00514693
 0.00775185 0.0126803 0.0192467 0.0274375 0.0369983 0.047275 0.0571852 0.0654872 0.0712265 0.0740326 0.0740816 0.0718498 0.0678896 0.0627188 0.0567815 0.0504336 0.0439441 0.0375143 0.0313011 0.0254362 0.0200352 0.0152019 0.0110264 0.00757788 0.00488696
 0.007827 0.0127933 0.0193994 0.0276246 0.037208 0.0474906 0.057388 0.0656594 0.0713557 0.0741148 0.0741208 0.0718537 0.0678652 0.0626706 0.0567143 0.0503542 0.0438599 0.0374273 0.0312044 0.0253158 0.0198786 0.0150075 0.0108083 0.00736116 0.00469742
 0.00786623 0.0128565 0.019493 0.0277529 0.0373712 0.047682 0.0575919 0.0658529 0.0715141 0.07422 0.0741662 0.0718453 0.0678168 0.0625976 0.0566288 0.0502638 0.0437681 0.0373346 0.0311083 0.0252103 0.0197572 0.014868 0.010657 0.0072116 0.00456564
 0.00787281 0.0128657 0.0195045 0.0277663 0.0373868 0.0477022 0.0576214 0.0658965 0.0715742 0.0742929 0.074243 0.0719145 0.0678688 0.0626285 0.0566401 0.0502599 0.0437533 0.0373111 0.0310752 0.0251648 0.0196962 0.014791 0.0105681 0.00711998 0.00448216
 0.00787603 0.0128677 0.0195013 0.0277526 0.0373573 0.0476547 0.0575587 0.0658279 0.0715132 0.0742541 0.0742369 0.0719444 0.0679298 0.0627089 0.0567261 0.0503399 0.04382 0.0373611 0.0311069 0.0251773 0.0196888 0.0147647 0.0105269 0.00707097 0.00443379
 0.00787791 0.0128655 0.0194886 0.0277199 0.0372952 0.0475572 0.0574276 0.0656738 0.071354 0.0741117 0.0741328 0.0718949 0.0679426 0.0627813 0.0568453 0.0504868 0.0439742 0.0375052 0.0312292 0.025271 0.0197518 0.0147983 0.0105359 0.00706274 0.00441668
 0.00790398 0.0129042 0.0195396 0.0277795 0.0373558 0.0476077 0.0574548 0.0656648 0.0713007 0.0740152 0.0740052 0.0717578 0.0678205 0.0626949 0.0568063 0.0504956 0.0440212 0.0375749 0.0313049 0.025339 0.0198033 0.0148302 0.0105494 0.00706237 0.00440841
 0.00787515 0.0128583 0.0194723 0.0276881 0.03724 0.0474711 0.0573054 0.0655146 0.071163 0.0739007 0.0739209 0.0717073 0.0678063 0.0627199 0.0568725 0.0506021 0.0441616 0.037737 0.0314723 0.0254953 0.0199355 0.0149308 0.0106179 0.00710316 0.00442887
 0.00787092 0.0128466 0.0194459 0.0276374 0.0371562 0.0473499 0.0571509 0.0653398 0.070987 0.0737435 0.0737986 0.0716295 0.0677763 0.0627361 0.0569309 0.0506976 0.0442881 0.037886 0.0316323 0.0256525 0.0200763 0.0150456 0.0107022 0.00715866 0.00446118
 0.00787824 0.0128584 0.0194633 0.02766 0.0371809 0.0473699 0.0571551 0.065316 0.0709264 0.0736459 0.0736744 0.0714971 0.067656 0.0626446 0.0568781 0.0506864 0.0443162 0.0379472 0.0317175 0.0257503 0.0201743 0.0151328 0.0107715 0.00720759 0.0044918
 0.00783794 0.0127956 0.0193739 0.027543 0.0370391 0.0472107 0.056991 0.0651622 0.0707971 0.0735502 0.0736144 0.07147 0.0676587 0.062676 0.056939 0.0507771 0.0444344 0.0380872 0.0318703 0.0259049 0.0203194 0.0152584 0.0108711 0.0072795 0.00453867
 0.00781941 0.0127616 0.019316 0.0274515 0.0369062 0.0470353 0.0567823 0.0649402 0.0705882 0.0733796 0.0735 0.071419 0.067668 0.062736 0.0570382 0.0509055 0.044584 0.0382511 0.0320412 0.0260738 0.0204765 0.0153947 0.0109803 0.00735958 0.00459206
 0.00779285 0.0127166 0.0192449 0.0273459 0.0367587 0.0468423 0.0565476 0.0646771 0.0703188 0.0731322 0.0733033 0.0712966 0.0676331 0.0627887 0.0571667 0.0510903 0.0448041 0.0384874 0.032278 0.0262984 0.0206785 0.0155657 0.0111155 0.00745837 0.00465814
 0.0077627 0.0126674 0.0191703 0.02724 0.036617 0.0466632 0.0563347 0.0644401 0.070073 0.0728966 0.0730988 0.0711437 0.0675495 0.0627858 0.0572466 0.0512448 0.0450158 0.0387339 0.0325366 0.0265489 0.020905 0.0157575 0.0112668 0.00756892 0.00473227
 0.00772516 0.0126053 0.0190751 0.0271035 0.0364335 0.0464333 0.0560677 0.0641544 0.0697926 0.0726459 0.072898 0.0710072 0.0674863 0.0628004 0.0573394 0.0514105 0.0452426 0.0390038 0.0328269 0.0268362 0.0211685 0.015982 0.0114442 0.00769836 0.004819
 0.00932593 0.0148462 0.0217799 0.0298848 0.0388051 0.0479894 0.0566253 0.0637807 0.0687238 0.0711667 0.0712531 0.0693676 0.0659554 0.061434 0.0561632 0.0504325 0.0444591 0.038402 0.0323867 0.0265318 0.0209712 0.0158635 0.0113793 0.00766671 0.00480586
 0.00930937 0.0151141 0.0227024 0.0319208 0.0423023 0.0529139 0.0623902 0.069342 0.0729506 0.0732875 0.07111 0.0673585 0.0627595 0.0577216 0.0524298 0.0469712 0.0414098 0.0358131 0.0302587 0.0248404 0.019677 0.0149161 0.0107211 0.00723644 0.00454349
 0.00895325 0.0145558 0.0219225 0.0309721 0.0413628 0.0523217 0.0626029 0.0707733 0.075724 0.0770518 0.0750838 0.0706262 0.0646527 0.0580507 0.0514537 0.0451827 0.0393026 0.0337477 0.0284379 0.0233463 0.0185189 0.0140654 0.0101305 0.00685133 0.00430952
 0.0087874 0.0142731 0.0214739 0.0303073 0.0404499 0.0511822 0.0613545 0.0696577 0.0750847 0.0772389 0.0762966 0.0727679 0.0672992 0.060589 0.0533294 0.0461115 0.0393263 0.0331335 0.027516 0.0223856 0.0176804 0.0134136 0.00966753 0.00654789 0.00412576
 0.00872257 0.0141623 0.021296 0.0300361 0.0400563 0.0506403 0.0606538 0.0688216 0.0741922 0.0764402 0.0758041 0.0728009 0.0679875 0.0618785 0.0549594 0.0477 0.0405276 0.0337714 0.0276192 0.0221218 0.017252 0.0129788 0.00931233 0.00629706 0.00396809
 0.00869166 0.0141089 0.0212094 0.0299034 0.0398634 0.0503745 0.0603066 0.0683911 0.0736865 0.0758857 0.0752577 0.0723599 0.0677804 0.0620244 0.0555052 0.0485709 0.0415335 0.0346792 0.0282512 0.0224198 0.0172723 0.0128367 0.00911907 0.00612435 0.00384417
 0.00867401 0.0140809 0.021168 0.0298455 0.0397851 0.0502706 0.0601705 0.0682155 0.0734654 0.0756168 0.0749476 0.0720318 0.0674811 0.0618248 0.0554835 0.0487784 0.0419579 0.0352331 0.028802 0.022847 0.0175167 0.0129114 0.00908326 0.00604395 0.00376526
 0.00865884 0.0140592 0.0211408 0.0298154 0.039755 0.0502418 0.0601413 0.0681802 0.0734149 0.0755403 0.0748355 0.0718801 0.0672974 0.0616339 0.055328 0.0487096 0.0420152 0.0354208 0.0290785 0.0231396 0.0177545 0.0130555 0.00913626 0.006036 0.00373166
 0.00867328 0.0140756 0.0211527 0.029813 0.0397288 0.0501877 0.0600636 0.0680911 0.0733287 0.0754667 0.0747752 0.0718255 0.0672382 0.0615641 0.0552534 0.0486496 0.0419977 0.0354689 0.0291957 0.0233033 0.0179245 0.0131933 0.00922201 0.0060723 0.00373527
 0.00864624 0.0140402 0.0211147 0.0297819 0.0397135 0.0501906 0.0600777 0.068102 0.0733226 0.0754373 0.0747268 0.0717688 0.067183 0.0615149 0.0552103 0.0486142 0.0419771 0.0354748 0.0292378 0.0233807 0.0180227 0.0132899 0.00929764 0.0061187 0.00375584
 0.0086241 0.0140024 0.0210552 0.0296956 0.0395999 0.0500572 0.0599416 0.067986 0.0732463 0.0754089 0.0747402 0.0718089 0.0672342 0.0615673 0.0552602 0.0486618 0.042025 0.0355275 0.0293003 0.0234554 0.018106 0.0133725 0.00936809 0.00616953 0.00378618
 0.00863519 0.0140171 0.021071 0.0297075 0.0396008 0.0500399 0.059901 0.0679217 0.0731648 0.0753231 0.0746655 0.0717578 0.0672111 0.0615684 0.0552769 0.0486859 0.0420521 0.0355573 0.029335 0.023497 0.0181542 0.0134232 0.00941498 0.00620689 0.00381147
 0.00863374 0.0140196 0.0210834 0.0297373 0.039654 0.0501165 0.0599917 0.0680088 0.0732276 0.0753457 0.074643 0.0716973 0.0671283 0.0614806 0.0551976 0.0486217 0.0420041 0.0355241 0.0293153 0.0234901 0.018159 0.0134369 0.00943317 0.00622481 0.00382569
 0.00862789 0.0140106 0.0210711 0.0297229 0.0396406 0.0501098 0.059999 0.0680366 0.073277 0.0754098 0.0747072 0.0717446 0.0671466 0.0614674 0.05516 0.048572 0.0419543 0.0354822 0.0292852 0.0234724 0.0181525 0.0134393 0.00944117 0.00623486 0.00383486
 0.00861068 0.0139825 0.0210286 0.0296633 0.0395631 0.0500171 0.0598991 0.0679427 0.0732051 0.0753741 0.0747153 0.0717939 0.067225 0.0615574 0.055245 0.0486416 0.042006 0.0355197 0.0293139 0.0234972 0.0181758 0.0134615 0.00946146 0.00625197 0.00384791
 0.00861068 0.0139825 0.0210286 0.0296633 0.0395631 0.0500171 0.0598991 0.0679427 0.0732051 0.0753741 0.0747153 0.0717939 0.067225 0.0615574 0.055245 0.0486416 0.042006 0.0355197 0.0293139 0.0234972 0.0181758 0.0134615 0.00946146 0.00625197 0.00384791
 0.00853927 0.0138685 0.0208615 0.0294359 0.0392747 0.0496773 0.0595312 0.0675829 0.0728966 0.0751569 0.0746167 0.0718237 0.0673742 0.0618014 0.0555488 0.0489681 0.0423231 0.0358054 0.0295572 0.0236958 0.0183324 0.0135808 0.00954858 0.00631233 0.00388708
 0.00863201 0.0140065 0.021045 0.0296549 0.0395098 0.0499019 0.0597147 0.0676955 0.0729159 0.0750758 0.0744478 0.0715969 0.0671284 0.0615733 0.055364 0.0488368 0.0422415 0.0357615 0.0295371 0.0236884 0.018331 0.0135824 0.00955178 0.00631623 0.00389088
 0.00887626 0.0144085 0.021656 0.0305175 0.0406387 0.051259 0.0611905 0.069116 0.0740821 0.0758198 0.0746782 0.0713145 0.0664121 0.0605508 0.0541784 0.0476187 0.0410913 0.0347422 0.0286787 0.0229965 0.0177964 0.0131877 0.00927554 0.00613462 0.00377983
 0.00869825 0.0141476 0.0213188 0.0301353 0.0402676 0.0509735 0.061072 0.0692326 0.0744618 0.0764283 0.0754169 0.0720465 0.0670068 0.0609231 0.0543071 0.0475389 0.0408706 0.0344547 0.0283848 0.0227351 0.0175853 0.0130298 0.00916532 0.0060628 0.00373637
 0.00832575 0.0135347 0.0203878 0.0288227 0.0385539 0.0489234 0.0588636 0.0671472 0.0728214 0.0755023 0.075342 0.0727948 0.068406 0.062716 0.0562238 0.0493587 0.0424561 0.0357519 0.0294008 0.0235072 0.018158 0.0134432 0.00945257 0.00625237 0.0038536
 0.00867147 0.0140433 0.0210497 0.0295839 0.039317 0.0495599 0.0592343 0.0671353 0.0723752 0.0746723 0.0742853 0.071731 0.0675429 0.06218 0.0560302 0.0494296 0.0426693 0.035994 0.0295994 0.0236368 0.0182262 0.0134707 0.00945937 0.00625144 0.00385122
 0.00833896 0.0135633 0.0204391 0.0288951 0.0386207 0.0489169 0.0586736 0.0666498 0.0719363 0.0742537 0.0738872 0.0713946 0.0673469 0.0622145 0.0563575 0.0500498 0.0435122 0.0369416 0.0305265 0.0244475 0.0188714 0.0139446 0.00978359 0.00645907 0.00397562
 0.00857 0.0138876 0.0208338 0.0293109 0.0390008 0.0492232 0.0589016 0.0668193 0.0720609 0.0743141 0.0738286 0.0711563 0.0669054 0.0616126 0.055699 0.0494617 0.0430952 0.0367351 0.0305051 0.0245452 0.0190159 0.0140827 0.00988956 0.00652893 0.00401652
 0.00846274 0.0137539 0.0207052 0.0292355 0.0390224 0.0493536 0.0591054 0.0670261 0.0722025 0.074359 0.0737902 0.0710688 0.0667916 0.0614728 0.0555272 0.0492704 0.0429233 0.036631 0.0304991 0.0246332 0.019164 0.0142465 0.0100336 0.00663615 0.00408603
 0.00898093 0.0145534 0.0218277 0.0306884 0.0407756 0.0513347 0.0611914 0.0690389 0.0739244 0.0755724 0.0743307 0.0708701 0.065902 0.0600356 0.0537356 0.0473217 0.0409895 0.0348481 0.0289631 0.0233962 0.0182332 0.013591 0.00960054 0.00636677 0.00392825
 0.00857989 0.0139811 0.0211152 0.0299187 0.0400654 0.050803 0.0609315 0.0691057 0.0743305 0.0762851 0.0752676 0.0719021 0.0668752 0.060809 0.0542202 0.0475004 0.0409105 0.0345991 0.0286402 0.0230799 0.0179741 0.0134085 0.00948887 0.00630736 0.00390079
 0.00852136 0.0138371 0.0208133 0.0293754 0.039224 0.0496847 0.0596692 0.0679263 0.0734837 0.0759532 0.0755062 0.072637 0.0679433 0.0620122 0.0553724 0.0484614 0.0416063 0.0350242 0.028843 0.0231352 0.0179555 0.0133695 0.00945752 0.0062913 0.0038966
 0.00854723 0.0138745 0.0208572 0.0294081 0.0392079 0.0495599 0.0593643 0.0673902 0.0727287 0.0750835 0.0747032 0.0720976 0.0678008 0.0622857 0.0559686 0.0492209 0.0423639 0.0356577 0.0292951 0.023409 0.0180927 0.0134229 0.00947128 0.00629236 0.00389659
 0.00866186 0.0140554 0.0211184 0.0297561 0.0396368 0.0500434 0.0598484 0.067792 0.0729495 0.0750387 0.0743602 0.071504 0.0670823 0.0616063 0.0554683 0.048964 0.0423262 0.0357542 0.0294284 0.0235094 0.0181335 0.0134127 0.00943429 0.00625133 0.00386431
#pred catch len freq
 0.00455261 0.00718502 0.0104441 0.014236 0.018503 0.0232073 0.0282593 0.0334762 0.0386142 0.0434293 0.0477191 0.0513406 0.0542212 0.0563586 0.057803 0.0586332 0.058938 0.0587922 0.0582004 0.0570082 0.0548387 0.0511636 0.0455656 0.0380882 0.0294224
 0.00481561 0.00752557 0.0107991 0.0145018 0.0185744 0.0230343 0.0278842 0.0330223 0.0382258 0.0432008 0.0476565 0.0513765 0.0542675 0.0563621 0.0577752 0.0586411 0.0590631 0.0590763 0.0586067 0.0574213 0.0551105 0.0511835 0.0453148 0.0376449 0.0289161
 0.00508234 0.00794719 0.0114052 0.0152959 0.0195159 0.024022 0.0287602 0.0336116 0.0384071 0.0429698 0.0471319 0.0507368 0.0536618 0.0558563 0.0573628 0.0582946 0.0587768 0.0588679 0.058484 0.0573482 0.0550069 0.0509644 0.0449425 0.037154 0.0283939
