SBPRF35
7.98219
Curr Bio
535940
B35
563706
F35
0.210627
FOFL
0.206739
OFL
89688
Bzero
2.28062e+006
#pred survey bio
 3.61596e+006 3.451e+006 3.38243e+006 3.15325e+006 2.8916e+006 2.63012e+006 2.34318e+006 2.17096e+006 2.07445e+006 1.94205e+006 1.7388e+006 1.51282e+006 1.29693e+006 1.12159e+006 983995 875242 766158 723790 697296 699969 674692 594570 552061 538948 538599 543858 542037 520687 495159 498374 506220 520478 537337 557637 579496 568024 579802 602699 552379 530787 529969 552074 579216 604192 621928 551890 545530 567550 555939 582327 596425 578951 559719 604857 609227 603764 606813 548085 516833 542665 1.96161e+007 1.16714e+007 1.18806e+007 1.25625e+007 1.34851e+007 1.44406e+007 1.5305e+007 1.6025e+007 1.65935e+007 1.70264e+007 1.73484e+007 1.75843e+007 1.77556e+007 1.78795e+007 1.7969e+007 1.80339e+007 1.80811e+007 1.81157e+007 1.81411e+007 1.81598e+007 1.81738e+007 1.81843e+007 1.81922e+007 1.81982e+007 1.82027e+007 1.82062e+007 1.82088e+007 1.82108e+007 1.82124e+007 1.82136e+007 1.82145e+007 1.82152e+007 1.82157e+007 1.82162e+007 1.82165e+007 1.82167e+007 1.82169e+007 1.82171e+007 1.82172e+007 1.82173e+007 1.82174e+007 1.82174e+007 1.82175e+007 1.82175e+007 1.82175e+007 1.82176e+007 1.82176e+007 1.82176e+007 1.82176e+007 1.82176e+007 1.82176e+007 1.82176e+007 1.82176e+007 1.82176e+007 1.82176e+007 1.82176e+007 1.82176e+007 1.82176e+007 1.82176e+007 1.82176e+007 1.82176e+007 1.82176e+007 1.82176e+007 1.82176e+007 1.82176e+007 1.82176e+007 1.82176e+007 1.82176e+007 1.82176e+007 1.82176e+007 1.82176e+007 1.82176e+007 1.82176e+007 1.82176e+007 1.82176e+007 1.82176e+007 1.82176e+007 1.82176e+007 1.82176e+007 1.82176e+007 1.82176e+007 1.82176e+007 1.82176e+007 1.82176e+007 1.82176e+007 1.82176e+007 1.82176e+007 1.82176e+007 1.82176e+007 1.82176e+007 1.82176e+007 1.82176e+007 1.82176e+007 1.82176e+007 1.82176e+007 1.82176e+007 1.82176e+007 1.82176e+007 1.82176e+007 1.82176e+007 0 0 0 0 0 0 0 0 0 0 0 0 0 0 0 0 0 0 0 0 0 0 0 0 0
#obs survey bio
 3.86588e+006 2.76493e+006 3.74556e+006 2.98391e+006 2.37551e+006 3.1064e+006 1.93087e+006 2.07433e+006 1.77519e+006 2.1759e+006 1.48269e+006 1.33481e+006 1.14544e+006 1.14411e+006 850089 913660 654533 959279 756878 802318 829692 600964 419946 684781 502862 616548 660701 404544 466620 540128 471244 406768 476845 522900 737043 568368 620192 633390 525109 438182 424827 694015 602413 605471 697963 431325 420798 778596 559532 442600 551418 579727 577576 654060 501187 729294 557341 534037 621757 477682
#pred catch bio
 103021 97220.7 148939 209954 226061 277375 280114 290566 320505 282581 279012 280477 262386 240920 228725 221657 179083 166171 149054 143370 133456 115594 120517 112995 116382 110806 111678 103784 98015.2 99952.8 106214 98258.3 90888.6 92689.6 94218 93469.1 89473.5 85725.3 81752.1 85772.6 81462 80109.5 96817.8 86726.3 86423.6 88385 88013.4 91207 82939.9 89902.9 95896.9 116438 61687.8 93616.6 113464 84653.1 122197 101159 57600.9 65306.3 89688 89935.9 90050.1 94130.3 100631 107490 113622 118615 122433 125227 127207 128574 129502 130121 130530 130798 130972 131084 131156 131203 131232 131251 131263 131270 131275 131278 131280 131281 131282 131283 131283 131283 131283 131283 131283 131283 131283 131283 131283 131283 131283 131283 131283 131283 131283 131283 131283 131283 131283 131283 131283 131283 131283 131283 131283 131283 131283 131283 131283 131283 131283 131283 131283 131283 131283 131283 131283 131283 131283 131283 131283 131283 131283 131283 131283 131283 131283 131283 131283 131283 131283 131283 131283 131283 131283 131283 131283 131283 131283 131283 131283 131283 131283 131283 131283 131283 131283 131283 131283 131283 0 0 0 0 0 0 0 0 0 0 0 0 0 0 0 0 0 0 0 0 0 0 0 0 0
#obs catch bio
 0 96893.9 148944 210372 225798 277548 280148 291149 321952 281786 278717 280521 262459 240820 229004 221556 179321 166136 149646 143449 133044 115314 121025 112880 116825 110741 111669 103522 98157.5 99856.1 106725 98237.3 90743.9 92878.7 93979.9 93650.2 89738.8 85474.7 81700 85891.1 81517.7 79930.5 97215 86730.2 86122.4 88547.6 88248.1 91082.8 82974.2 89943.4 95603.6 117387 61217.7 93673.2 114101 84170.9 122576 101504 57336.3 65347.5
#pred cpue bio
 3.57692e+006 3.4139e+006 3.34465e+006 3.11628e+006 2.85575e+006 2.59525e+006 2.30952e+006 2.13689e+006 2.03893e+006 1.90574e+006 1.70364e+006 1.47944e+006 1.26554e+006 1.09197e+006 955878 848353 740910 698854 672592 674930 650470 573061 531838 518918 518669 523725 522112 501637 477021 480125 487803 501629 518094 537902 559296 548319 558340 578555 529609 508809 508079 529449 555714 579582 596916 529990 523555 544711 533752 559150 572727 555817 536463 580611 585313 579490 582649 525752 495330 521027 1.88699e+007 1.12265e+007 1.13091e+007 1.18945e+007 1.27951e+007 1.37471e+007 1.4611e+007 1.5331e+007 1.58994e+007 1.63324e+007 1.66544e+007 1.68902e+007 1.70615e+007 1.71854e+007 1.7275e+007 1.73399e+007 1.73871e+007 1.74216e+007 1.7447e+007 1.74658e+007 1.74798e+007 1.74903e+007 1.74982e+007 1.75041e+007 1.75087e+007 1.75121e+007 1.75148e+007 1.75168e+007 1.75183e+007 1.75195e+007 1.75204e+007 1.75211e+007 1.75217e+007 1.75221e+007 1.75224e+007 1.75227e+007 1.75229e+007 1.7523e+007 1.75232e+007 1.75233e+007 1.75233e+007 1.75234e+007 1.75234e+007 1.75235e+007 1.75235e+007 1.75235e+007 1.75235e+007 1.75235e+007 1.75235e+007 1.75236e+007 1.75236e+007 1.75236e+007 1.75236e+007 1.75236e+007 1.75236e+007 1.75236e+007 1.75236e+007 1.75236e+007 1.75236e+007 1.75236e+007 1.75236e+007 1.75236e+007 1.75236e+007 1.75236e+007 1.75236e+007 1.75236e+007 1.75236e+007 1.75236e+007 1.75236e+007 1.75236e+007 1.75236e+007 1.75236e+007 1.75236e+007 1.75236e+007 1.75236e+007 1.75236e+007 1.75236e+007 1.75236e+007 1.75236e+007 1.75236e+007 1.75236e+007 1.75236e+007 1.75236e+007 1.75236e+007 1.75236e+007 1.75236e+007 1.75236e+007 1.75236e+007 1.75236e+007 1.75236e+007 1.75236e+007 1.75236e+007 1.75236e+007 1.75236e+007 1.75236e+007 1.75236e+007 1.75236e+007 1.75236e+007 1.75236e+007 1.75236e+007 0 0 0 0 0 0 0 0 0 0 0 0 0 0 0 0 0 0 0 0 0 0 0 0 0
#obs cpue bio
 3.46254e+006 3.42178e+006 4.11681e+006 2.88281e+006 3.55292e+006 2.44313e+006 2.46535e+006 1.72541e+006 2.22108e+006 2.56146e+006 1.87688e+006 1.63662e+006 1.39249e+006 1.0934e+006 1.00474e+006 964718 692273 604382 438001 715455 704981 523009 522734 493393 433985 548875 446455 748656 384974 520722 383982 792717 618182 447163 649079 394958 429999 924144 463770 583572 596011 483454 425450 575154 817448 482765 559208 603294 384657 796688 770532 418112 572747 601835 553272 581723 652014 487070 409939 614124
#pred surv len freq
 0.00421612 0.00695504 0.0106722 0.0154141 0.0210969 0.0274121 0.0338116 0.0396608 0.0444834 0.0481136 0.0506576 0.0523456 0.0534045 0.0540073 0.0542753 0.0542996 0.0541653 0.0539503 0.0536676 0.0531487 0.0519441 0.049376 0.0448259 0.0381514 0.0299447
 0.00454014 0.00738824 0.011154 0.0158371 0.0213455 0.0274181 0.0335922 0.0393096 0.0441177 0.0478138 0.0504397 0.0521791 0.053259 0.0538915 0.0542433 0.0544233 0.0544876 0.0544435 0.0542193 0.0535897 0.0521126 0.0491888 0.0443176 0.0374563 0.0292325
 0.00457871 0.00752246 0.0114804 0.0164692 0.0223604 0.0287873 0.0351428 0.0407596 0.0451851 0.0483354 0.0504231 0.051762 0.0526171 0.0531671 0.0535286 0.0537802 0.0539627 0.0540561 0.0539364 0.0533183 0.0517316 0.0486105 0.04354 0.03657 0.0283749
 0.0047205 0.00772685 0.0117459 0.0167944 0.0227645 0.0293284 0.0359104 0.0418265 0.0465352 0.0498182 0.0517818 0.0527325 0.05304 0.0530394 0.0529741 0.0529747 0.0530666 0.053178 0.0531201 0.0525456 0.0509434 0.0477498 0.0425976 0.035603 0.0274824
 0.00491 0.00804367 0.0122363 0.0175002 0.0237078 0.0304941 0.0372393 0.0432325 0.0479395 0.0511716 0.0530491 0.0538487 0.0538849 0.0534655 0.0528758 0.0523466 0.0520068 0.0518402 0.0516497 0.0510381 0.0494408 0.0462689 0.0411679 0.0342856 0.0263564
 0.00508053 0.00832687 0.0126744 0.0181385 0.0245873 0.0316383 0.0386372 0.0448269 0.0496305 0.0528366 0.0545709 0.0551364 0.0548726 0.0540936 0.0530761 0.0520544 0.0511972 0.0505572 0.0500025 0.0491667 0.0474796 0.0443313 0.039353 0.032685 0.0250463
 0.00535721 0.00876993 0.0133289 0.0190425 0.0257663 0.0330953 0.0403424 0.0467119 0.0515946 0.0547611 0.0563341 0.0566262 0.0559958 0.0547805 0.0532781 0.0517362 0.0503365 0.049159 0.0481204 0.0469126 0.0450141 0.0418391 0.0370156 0.0306556 0.0234259
 0.00557915 0.00914533 0.0139204 0.0199159 0.0269752 0.0346579 0.0422195 0.0488043 0.053763 0.056859 0.0582339 0.0582276 0.057221 0.0555668 0.053573 0.0514973 0.0495343 0.0477856 0.0462053 0.0445425 0.042342 0.0390734 0.0343859 0.0283649 0.0216066
 0.00577101 0.00946358 0.0144123 0.0206327 0.0279658 0.0359558 0.0438268 0.0506789 0.0558164 0.0589658 0.0602503 0.0600127 0.0586553 0.0565611 0.0540664 0.0514479 0.0489123 0.0465763 0.0444243 0.0422583 0.0396948 0.0362732 0.0316809 0.0259863 0.0197108
 0.00605083 0.00991003 0.0150687 0.0215346 0.0291358 0.0373959 0.0455093 0.0525429 0.0577747 0.0609187 0.0620959 0.0616515 0.0599914 0.0575064 0.0545462 0.0514047 0.0483064 0.0453871 0.0426606 0.0399783 0.0370278 0.0334245 0.0289048 0.0235286 0.0177442
 0.00631889 0.0103347 0.0156872 0.0223738 0.030208 0.0386926 0.0469941 0.0541515 0.0594257 0.0625302 0.0635985 0.0629887 0.0611118 0.0583537 0.0550554 0.0515053 0.0479312 0.0444849 0.041213 0.0380204 0.034668 0.0308496 0.0263557 0.0212453 0.0159018
 0.00652836 0.0106945 0.0162628 0.023235 0.0314089 0.0402435 0.0488373 0.05616 0.0614326 0.0643734 0.0651573 0.0641978 0.0619518 0.0588306 0.0551774 0.0512661 0.0473041 0.043432 0.0397065 0.0360736 0.0323633 0.0283494 0.0238817 0.0190255 0.0141066
 0.00675176 0.0110659 0.0168379 0.0240728 0.0325625 0.0417418 0.0506638 0.0582382 0.0636265 0.0665071 0.0670458 0.065683 0.062932 0.0592725 0.0551049 0.0507311 0.0463559 0.0420995 0.0380039 0.0340262 0.030042 0.0258916 0.0214802 0.016884 0.0123792
 0.00696088 0.0114129 0.0173734 0.0248487 0.0336223 0.0431051 0.05231 0.0600995 0.0655965 0.0684565 0.0688384 0.0671863 0.0640294 0.059878 0.0551773 0.0502779 0.0454209 0.0407424 0.0362852 0.0320102 0.0278153 0.0235823 0.0192552 0.0149164 0.0107992
 0.00712244 0.0116858 0.0178033 0.0254851 0.0345086 0.044263 0.0537235 0.0617087 0.0673058 0.0701532 0.0704099 0.0685304 0.065058 0.0605189 0.0553778 0.0500105 0.0446887 0.0395782 0.0347471 0.0301779 0.0257928 0.0215012 0.0172687 0.0131733 0.00940719
 0.00724958 0.0119066 0.0181619 0.0260318 0.0352894 0.0453027 0.0550085 0.0631806 0.0688696 0.0716962 0.0718212 0.0697147 0.065942 0.0610523 0.0555297 0.0497656 0.0440459 0.0385542 0.0333817 0.0285394 0.0239803 0.0196423 0.0155058 0.0116382 0.00818962
 0.00752244 0.0123321 0.018769 0.0268367 0.036295 0.0464965 0.0563582 0.0646285 0.0703339 0.0730795 0.0730247 0.0706524 0.0665522 0.0613021 0.0554128 0.0492939 0.0432413 0.0374451 0.032007 0.0269567 0.0222743 0.0179241 0.0138996 0.0102564 0.00710525
 0.00759312 0.0124533 0.0189627 0.0271265 0.0367005 0.0470254 0.057 0.0653566 0.0711144 0.0738812 0.0738205 0.0714119 0.0672321 0.0618453 0.0557575 0.0493877 0.0430516 0.0369637 0.0312509 0.0259694 0.0211267 0.0167122 0.0127321 0.00923263 0.00629216
 0.00768192 0.0125831 0.0191318 0.0273264 0.0369213 0.0472637 0.0572629 0.0656586 0.071469 0.0742921 0.0742786 0.0718974 0.0677176 0.0622967 0.0561322 0.0496358 0.0431231 0.0368199 0.0308759 0.0253779 0.020367 0.0158608 0.011881 0.00846879 0.00567651
 0.00769191 0.0125956 0.0191435 0.0273309 0.0369105 0.04723 0.0572038 0.0655821 0.0713978 0.0742631 0.0743342 0.0720712 0.06802 0.0627076 0.056604 0.0501032 0.0435149 0.0370712 0.0309405 0.0252389 0.0200431 0.0154044 0.0113664 0.00797278 0.00525841
 0.0077412 0.0126627 0.0192204 0.0274019 0.0369561 0.0472336 0.0571576 0.0654892 0.0712711 0.074124 0.0742114 0.0719981 0.0680296 0.0628218 0.0568236 0.0504018 0.043842 0.037363 0.0311355 0.0252946 0.0199478 0.015181 0.0110648 0.00765354 0.00497377
 0.00790529 0.012905 0.0195387 0.0277761 0.037351 0.0476059 0.0574624 0.065687 0.0713352 0.0740481 0.0740136 0.071718 0.0677193 0.0625345 0.0566022 0.0502692 0.0437952 0.037373 0.0311564 0.0252789 0.0198632 0.0150217 0.0108518 0.00742386 0.00476462
 0.0078214 0.0128094 0.0194686 0.0277873 0.0374979 0.0479122 0.0579 0.0661779 0.071779 0.0743591 0.0741476 0.0716777 0.067543 0.0622788 0.056326 0.0500214 0.043606 0.0372491 0.0310817 0.0252227 0.0197937 0.0149201 0.0107185 0.00727593 0.0046252
 0.00777922 0.0127481 0.0193924 0.0277107 0.0374495 0.0479349 0.0580436 0.0664805 0.0722421 0.0749295 0.0747233 0.0721409 0.0678042 0.0623073 0.0561522 0.0497155 0.0432473 0.0369017 0.0307816 0.0249775 0.0195923 0.0147458 0.0105607 0.00713397 0.00450509
 0.00777913 0.0127297 0.0193317 0.0275771 0.0372173 0.0476009 0.0576421 0.0660844 0.0719459 0.0748189 0.0748429 0.0724745 0.0682767 0.062811 0.0565855 0.0500166 0.0434061 0.0369477 0.0307594 0.0249254 0.0195315 0.0146831 0.0104966 0.00707006 0.00444599
 0.00776588 0.0127203 0.0193383 0.0276139 0.0372913 0.0477006 0.0577328 0.0661192 0.0718897 0.0746731 0.0746533 0.0723135 0.068209 0.0628621 0.0567316 0.0501997 0.0435641 0.0370412 0.0307813 0.0248923 0.0194684 0.0146103 0.0104261 0.0070077 0.00439453
 0.00771736 0.0126367 0.0192053 0.0274191 0.0370315 0.0473902 0.057407 0.0658259 0.0716708 0.0745476 0.0746144 0.0723433 0.0682974 0.0630127 0.0569514 0.0504817 0.0438791 0.0373465 0.031038 0.0250796 0.0195862 0.0146724 0.0104503 0.00700969 0.00438588
 0.00780752 0.0127625 0.0193554 0.0275686 0.0371466 0.0474382 0.0573667 0.0656942 0.0714649 0.0743013 0.0743683 0.0721327 0.0681435 0.062923 0.0569256 0.0505163 0.0439664 0.0374702 0.0311736 0.0252017 0.0196773 0.0147273 0.0104746 0.00701369 0.00437976
 0.00784069 0.0128214 0.019452 0.0277133 0.0373416 0.0476686 0.0575959 0.0658698 0.0715368 0.0742418 0.0741853 0.0718661 0.0678491 0.0626529 0.0567149 0.0503802 0.0439036 0.0374684 0.031214 0.0252623 0.0197379 0.0147742 0.0105028 0.00702544 0.00438092
 0.00775679 0.012701 0.0193012 0.0275495 0.0371906 0.0475581 0.0575481 0.0658943 0.0716251 0.0743672 0.0743092 0.0719524 0.0678792 0.0626326 0.0566692 0.0503402 0.0438933 0.0374978 0.0312785 0.025348 0.0198275 0.0148529 0.010562 0.0070636 0.00440178
 0.00768821 0.0125902 0.0191369 0.0273247 0.0369078 0.0472355 0.0572226 0.0656174 0.071448 0.0743222 0.074397 0.0721419 0.06812 0.0628745 0.0568787 0.0505071 0.0440267 0.0376148 0.0313928 0.0254636 0.0199396 0.0149524 0.0106412 0.00711965 0.00443682
 0.00775207 0.0126769 0.0192353 0.0274131 0.0369589 0.0472254 0.0571398 0.0654674 0.0712538 0.0741191 0.074224 0.0720299 0.068082 0.0629016 0.0569459 0.0505859 0.0440972 0.0376706 0.0314384 0.0255068 0.0199845 0.0149977 0.0106823 0.00715227 0.00445928
 0.00784647 0.0128023 0.0193716 0.0275233 0.0369975 0.0471537 0.0569399 0.0651489 0.0708519 0.0736877 0.0738249 0.0717214 0.0679056 0.0628728 0.0570514 0.0507894 0.0443525 0.0379355 0.031684 0.0257188 0.0201593 0.0151365 0.0107878 0.00722769 0.00450904
 0.00775413 0.0126733 0.0192153 0.0273578 0.03684 0.0470073 0.0567867 0.0649572 0.0705956 0.0733665 0.073473 0.0713989 0.0676779 0.0627887 0.0571296 0.0510162 0.0446888 0.0383294 0.0320847 0.0260869 0.0204713 0.0153835 0.0109711 0.007355 0.00459112
 0.00778734 0.0126985 0.0192017 0.0272636 0.0366287 0.04667 0.056356 0.0644992 0.0701816 0.073042 0.0732457 0.0712515 0.0675937 0.0627686 0.0571906 0.0511759 0.0449494 0.0386709 0.0324697 0.0264724 0.0208202 0.0156722 0.0111909 0.00750922 0.00469077
 0.00862698 0.0138891 0.0206693 0.0288254 0.0380397 0.0477019 0.0568657 0.0644558 0.0696529 0.0721602 0.0721677 0.0701227 0.0665218 0.0618166 0.0563868 0.050531 0.0444668 0.0383464 0.0322869 0.0264015 0.0208239 0.0157143 0.0112439 0.0075567 0.00472603
 0.00922374 0.014881 0.0221898 0.0309786 0.0408377 0.0509883 0.0602733 0.0674591 0.0717238 0.0729567 0.0716467 0.0685169 0.0642156 0.0592029 0.0537741 0.0481166 0.0423538 0.0365756 0.0308616 0.0253016 0.0200126 0.0151444 0.0108639 0.00731733 0.00458446
 0.00908167 0.0147483 0.0221748 0.0312502 0.0415898 0.0523734 0.0623298 0.0700607 0.0745725 0.0756296 0.0736943 0.0695911 0.0641763 0.0581509 0.0519927 0.045959 0.040138 0.0345266 0.0291046 0.0238837 0.0189293 0.0143607 0.0103288 0.00697425 0.00437916
 0.00897048 0.0145527 0.02186 0.0307947 0.0410147 0.0517776 0.0619031 0.070048 0.0751845 0.0769349 0.075553 0.0716729 0.0660617 0.059471 0.0525454 0.0457516 0.0393482 0.0334121 0.0279115 0.02279 0.0180305 0.0136845 0.00985834 0.00667083 0.00419799
 0.00878085 0.0142781 0.0215075 0.0303879 0.0405833 0.0513441 0.0614834 0.0696706 0.074918 0.0768968 0.0758765 0.0724358 0.0672168 0.0608271 0.0538221 0.0466849 0.0397878 0.0333613 0.0274973 0.0221918 0.0174113 0.0131509 0.0094558 0.0063987 0.00403139
 0.00880205 0.0142863 0.0214733 0.0302726 0.0403543 0.0509963 0.0610516 0.0692226 0.0745307 0.076633 0.0757802 0.0725424 0.0675557 0.061401 0.0545741 0.0474876 0.040476 0.0337969 0.0276255 0.0220531 0.0171092 0.0127998 0.00914069 0.00616059 0.00387457
 0.0087942 0.0142726 0.0214493 0.0302298 0.0402775 0.0508631 0.0608374 0.0689128 0.0741362 0.0761997 0.0753828 0.0722644 0.0674657 0.0615354 0.0549288 0.0480131 0.0410804 0.0343647 0.0280527 0.0222847 0.0171539 0.0127149 0.00899904 0.00602046 0.00376654
 0.00872021 0.0141588 0.0212904 0.0300258 0.0400338 0.0505897 0.0605477 0.0686208 0.0738539 0.0759361 0.0751491 0.0720807 0.0673648 0.0615566 0.0551026 0.0483444 0.0415377 0.0348822 0.0285467 0.0226805 0.0174109 0.012836 0.00902038 0.00598912 0.00372097
 0.00872172 0.0141713 0.0213272 0.0301038 0.0401669 0.0507798 0.060777 0.0688524 0.0740402 0.076033 0.0751277 0.0719357 0.0671169 0.0612507 0.0547992 0.048104 0.0414022 0.03486 0.028611 0.0227819 0.0174997 0.0128821 0.00901971 0.00595713 0.00367867
 0.00860003 0.0139766 0.0210416 0.0297175 0.0396857 0.0502333 0.0602231 0.0683691 0.0737039 0.0758914 0.0751838 0.0721503 0.0674281 0.061598 0.0551419 0.0484278 0.0417131 0.0351697 0.0289219 0.0230804 0.0177615 0.0130848 0.00915449 0.00603152 0.00371046
 0.00877686 0.0142119 0.0212993 0.0299315 0.0397781 0.0501437 0.0599347 0.0679168 0.0731634 0.075356 0.0747392 0.0718547 0.067301 0.0616213 0.0552735 0.0486204 0.0419304 0.035392 0.029141 0.0232904 0.0179522 0.0132434 0.00927154 0.00610619 0.00375042
 0.00863676 0.0140643 0.021221 0.0300312 0.040153 0.050818 0.0608177 0.0688177 0.0738627 0.0756957 0.0746789 0.0714677 0.0667245 0.0609964 0.0547031 0.0481562 0.0415825 0.0351473 0.0289797 0.0231934 0.0179024 0.0132242 0.00926808 0.0061073 0.00375043
 0.00854769 0.0139015 0.0209489 0.0296219 0.0396121 0.050213 0.0602844 0.0685224 0.0739259 0.0761208 0.0753382 0.0721623 0.0672786 0.0613263 0.0548249 0.0481458 0.0415229 0.0350959 0.0289609 0.0232079 0.0179392 0.0132702 0.00931203 0.00614227 0.00377399
 0.00871211 0.0141271 0.0212096 0.0298635 0.039763 0.0502063 0.0600841 0.0681446 0.0734471 0.0756633 0.0750283 0.0720757 0.0674046 0.0615763 0.0550834 0.0483282 0.041604 0.0350998 0.0289303 0.0231776 0.0179255 0.0132737 0.00932587 0.00615853 0.00378754
 0.00862449 0.014019 0.0211081 0.029809 0.0397902 0.0503186 0.0602375 0.0682575 0.0734363 0.0754893 0.0747223 0.071731 0.0671346 0.0614621 0.0551401 0.0485076 0.0418294 0.0353063 0.0290873 0.0232858 0.0180001 0.0133292 0.00936964 0.00619259 0.00381202
 0.00863652 0.0140235 0.0210893 0.0297487 0.0396796 0.0501716 0.0600947 0.0681708 0.0734394 0.0755711 0.0748285 0.0717956 0.0671213 0.0613859 0.0550535 0.0484645 0.0418536 0.0353855 0.0291896 0.0233819 0.0180756 0.0133832 0.00940729 0.00621889 0.00383007
 0.00872749 0.0141661 0.0212925 0.0300132 0.0399937 0.0505074 0.0604096 0.0684179 0.0735843 0.0756058 0.0747694 0.071667 0.0669392 0.061156 0.054784 0.0481777 0.0415832 0.0351618 0.0290258 0.0232727 0.0180062 0.013339 0.00937892 0.00620126 0.00382005
 0.00883905 0.0143782 0.0216662 0.0306182 0.0408833 0.0516827 0.0617906 0.0698438 0.0748508 0.0765241 0.0752184 0.0716173 0.0664455 0.0603268 0.0537472 0.0470537 0.040472 0.034139 0.0281419 0.0225524 0.0174509 0.0129333 0.00909816 0.00601819 0.00370853
 0.0084434 0.0137352 0.0207058 0.0292944 0.0392062 0.0497565 0.0598336 0.0681594 0.0737414 0.0761849 0.0756699 0.0727129 0.0679397 0.0619625 0.0553192 0.0484364 0.0416145 0.0350434 0.0288386 0.0230805 0.0178458 0.0132227 0.00930289 0.00615561 0.00379468
 0.00859608 0.0139409 0.0209343 0.0294845 0.0392745 0.0496181 0.0594294 0.0674832 0.0728604 0.0752407 0.074848 0.0721843 0.0677986 0.0621954 0.0558214 0.0490624 0.0422331 0.0355705 0.0292425 0.0233673 0.01804 0.0133509 0.00938652 0.00620923 0.00382784
 0.00868281 0.0141252 0.0212869 0.0300854 0.0401772 0.0508003 0.0607586 0.0687288 0.0737609 0.0755974 0.0745985 0.0714197 0.0667224 0.0610453 0.0547912 0.0482545 0.041656 0.035173 0.0289582 0.023146 0.0178572 0.013201 0.0092708 0.00612732 0.00377529
 0.00845921 0.0137682 0.0207673 0.0293951 0.0393473 0.0499192 0.0599724 0.0682074 0.0736313 0.0758781 0.0751811 0.0721175 0.0673579 0.0615226 0.0551146 0.0484923 0.0418835 0.0354299 0.0292396 0.0234209 0.0180934 0.0133812 0.00939462 0.00620513 0.00382051
 0.00873981 0.0141999 0.0213689 0.0301606 0.0402411 0.0508733 0.060891 0.0689856 0.0741855 0.0761724 0.0752294 0.0719562 0.0670141 0.0610056 0.0544351 0.04769 0.0410326 0.0346191 0.0285403 0.0228673 0.0176837 0.0130923 0.00919844 0.00607692 0.00374091
 0.00874707 0.0142338 0.02146 0.0303494 0.0405651 0.0513478 0.0614932 0.0696511 0.0748244 0.0766963 0.0755767 0.0721048 0.0669769 0.0608121 0.054115 0.0472671 0.0405336 0.0340826 0.0280156 0.0224016 0.0173073 0.0128131 0.00900625 0.00595312 0.00366603
 0.00839181 0.0136518 0.0205814 0.0291211 0.0389798 0.0494805 0.059524 0.0678477 0.0734733 0.0760126 0.0756392 0.0728475 0.0682298 0.0623625 0.0557592 0.0488418 0.0419281 0.0352394 0.0289235 0.0230828 0.0178014 0.0131619 0.00924532 0.00611029 0.00376339
#obs surv len freq
 nan nan nan nan nan nan nan nan nan nan nan nan nan nan nan nan nan nan nan nan nan nan nan nan nan
 0.00448282 0.00734349 0.0111731 0.0159896 0.0216911 0.0279679 0.0342834 0.0400157 0.0446958 0.0481597 0.0505172 0.0520124 0.052904 0.0534157 0.0537295 0.053984 0.0542622 0.0545548 0.0546934 0.0542853 0.0527233 0.0493555 0.0438053 0.0362855 0.0276693
 0.00461877 0.00756469 0.011506 0.0164581 0.0223108 0.0287372 0.0351747 0.040973 0.0456415 0.0490095 0.051196 0.0524653 0.0531021 0.0533573 0.0534355 0.0534908 0.0536128 0.0537915 0.0538551 0.0534087 0.0518471 0.0485225 0.04306 0.0356655 0.0271954
 0.00477827 0.00782803 0.0119097 0.0170384 0.0230959 0.0297352 0.0363614 0.0422866 0.0469907 0.0502894 0.0523045 0.0533151 0.0536288 0.0535242 0.0532364 0.0529482 0.0527716 0.0527106 0.0526005 0.0520505 0.0504605 0.0471882 0.041858 0.0346621 0.0264271
 0.00496948 0.00813988 0.0123812 0.0177071 0.0239916 0.0308695 0.0377156 0.0438057 0.0485881 0.0518594 0.0537368 0.0545056 0.0544875 0.0539822 0.0532519 0.0525106 0.0519022 0.0514602 0.0510453 0.0502879 0.0486061 0.0453693 0.0402008 0.0332693 0.0253568
 0.00518066 0.00848673 0.0129097 0.0184623 0.0250087 0.0321602 0.0392542 0.0455249 0.0503888 0.0536294 0.0553671 0.0558976 0.0555539 0.0546475 0.053455 0.052211 0.0510874 0.0501527 0.0493077 0.0482252 0.0463627 0.0431177 0.0381174 0.0315014 0.0239899
 0.00542239 0.0088795 0.0135007 0.0192957 0.0261185 0.0335574 0.0409133 0.0473782 0.052334 0.0555479 0.0571417 0.0574241 0.0567447 0.0554301 0.0537696 0.0520096 0.0503383 0.0488512 0.0474906 0.045985 0.0438523 0.0405395 0.0356914 0.0294181 0.0223663
 0.00566515 0.00927924 0.0141116 0.020171 0.0272996 0.0350573 0.0426995 0.0493687 0.0544101 0.0575788 0.0590058 0.0590192 0.0579884 0.0562562 0.0541238 0.0518463 0.0496214 0.0475624 0.0456466 0.0436591 0.0411904 0.0377547 0.0330307 0.027106 0.0205483
 0.0058991 0.00966322 0.0146966 0.0210077 0.0284296 0.0364986 0.0444309 0.0513216 0.0564769 0.0596314 0.0609156 0.060672 0.0592913 0.0571386 0.054533 0.0517415 0.0489695 0.0463422 0.0438642 0.0413724 0.0385308 0.0349306 0.0302966 0.0247036 0.0186425
 0.00613421 0.0100493 0.0152849 0.0218485 0.0295628 0.0379385 0.0461509 0.0532491 0.0585033 0.0616332 0.0627731 0.0622801 0.0605624 0.0580029 0.0549371 0.0516447 0.0483411 0.0451628 0.0421376 0.0391475 0.0359265 0.0321433 0.0275757 0.0222936 0.0167168
 0.00637155 0.0104361 0.0158688 0.022675 0.0306666 0.0393306 0.0478045 0.0550942 0.0604358 0.0635339 0.0645273 0.0637883 0.0617452 0.0587991 0.0553004 0.0515393 0.0477388 0.0440449 0.0405056 0.0370439 0.033458 0.0294904 0.0249725 0.0199751 0.0148541
 0.00662231 0.0108476 0.016495 0.0235673 0.0318626 0.0408368 0.0495794 0.0570447 0.0624329 0.0654399 0.0662204 0.0651755 0.0627623 0.0594061 0.0554739 0.051265 0.0470061 0.0428471 0.0388497 0.03497 0.0310625 0.026937 0.0224759 0.017753 0.0130669
 0.00685716 0.0112341 0.0170851 0.0244122 0.0330021 0.0422829 0.051299 0.058953 0.0644045 0.0673324 0.0678997 0.0665329 0.0637229 0.059929 0.0555458 0.0508898 0.0461947 0.0416125 0.0372126 0.0329751 0.0287992 0.0245517 0.0201588 0.0156974 0.0114157
 0.00706853 0.0115812 0.0176141 0.0251683 0.034021 0.0435765 0.0528412 0.0606734 0.0661969 0.0690738 0.069469 0.0678247 0.0646555 0.0604483 0.0556266 0.0505311 0.0454121 0.0404319 0.0356692 0.0311231 0.0267267 0.0223907 0.0180755 0.0138583 0.00994242
 0.0072662 0.0119071 0.0181127 0.0258832 0.0349858 0.0448 0.054293 0.06228 0.0678523 0.070661 0.0708793 0.0689686 0.0654662 0.0608817 0.0556596 0.0501599 0.0446496 0.0393044 0.0342172 0.0294062 0.024833 0.0204415 0.0162161 0.0122299 0.00864537
 0.00746015 0.012223 0.0185893 0.0265566 0.0358823 0.0459248 0.055618 0.0637392 0.0693503 0.0720899 0.0721371 0.0699718 0.0661549 0.0612204 0.055634 0.0497726 0.0439159 0.0382508 0.032883 0.0278493 0.0231363 0.0187149 0.0145858 0.0108143 0.0075256
 0.00753603 0.0123526 0.0187964 0.0268686 0.0363259 0.046519 0.0563656 0.064622 0.0703299 0.0731123 0.0731383 0.0708827 0.0669078 0.0617548 0.0559032 0.0497473 0.0435854 0.0376225 0.0319835 0.0267267 0.0218638 0.0173894 0.0133173 0.00970469 0.00664431
 0.00759569 0.0124418 0.0189171 0.0270198 0.0365077 0.0467372 0.0566341 0.0649601 0.0707547 0.0736296 0.0737361 0.0715286 0.0675518 0.0623358 0.0563571 0.0500162 0.0436249 0.0374087 0.0315171 0.0260362 0.0210065 0.0164474 0.012386 0.00887372 0.0059762
 0.00764044 0.0125073 0.019002 0.0271179 0.0366094 0.0468327 0.0567179 0.0650347 0.0708339 0.0737382 0.0739041 0.0717801 0.0678921 0.0627435 0.0567849 0.0503995 0.0438959 0.0375106 0.0314157 0.0257287 0.020524 0.0158512 0.0117556 0.0082874 0.0054923
 0.00770984 0.0126123 0.0191451 0.0272952 0.0368105 0.0470414 0.0569138 0.0651961 0.0709438 0.0737917 0.0739132 0.0717725 0.0679028 0.0628015 0.0568999 0.050555 0.0440509 0.0376107 0.0314101 0.0255861 0.0202442 0.0154667 0.0113223 0.00786784 0.00513671
 0.00780501 0.0127614 0.0193582 0.0275764 0.0371549 0.0474324 0.0573206 0.0655761 0.0712508 0.0739882 0.0739809 0.0717178 0.067754 0.0626011 0.0566923 0.050373 0.0439052 0.0374871 0.0312768 0.0254091 0.0200038 0.0151678 0.0109933 0.00754905 0.00486461
 0.00781007 0.0127743 0.0193864 0.0276298 0.0372439 0.0475639 0.0574942 0.065782 0.0714706 0.0741978 0.074155 0.0718354 0.0678036 0.0625846 0.0566252 0.0502787 0.0438058 0.0373937 0.0311848 0.0253023 0.0198654 0.0149922 0.0107916 0.00734488 0.00468372
 0.00784623 0.0128233 0.0194426 0.027683 0.037284 0.0475872 0.0575075 0.065801 0.0715126 0.0742729 0.0742607 0.0719561 0.0679169 0.062669 0.0566672 0.0502767 0.0437684 0.0373334 0.0311108 0.0252166 0.019764 0.0148723 0.0106574 0.00720892 0.00456152
 0.00784873 0.0128276 0.0194491 0.0276911 0.0372909 0.0475872 0.0574928 0.065766 0.071459 0.0742135 0.0742166 0.0719483 0.0679562 0.0627503 0.0567718 0.050381 0.0438533 0.0373888 0.0311352 0.025212 0.0197335 0.0148192 0.0105876 0.00713182 0.00448822
 0.00787831 0.0128667 0.0194915 0.0277258 0.0373057 0.0475736 0.0574502 0.0657008 0.0713814 0.0741333 0.0741427 0.0718902 0.0679241 0.0627532 0.0568126 0.0504527 0.0439406 0.0374738 0.0312027 0.0252536 0.019747 0.0148074 0.0105567 0.0070903 0.00444519
 0.00790185 0.0129054 0.0195496 0.0278061 0.0374062 0.0476852 0.0575553 0.0657772 0.0714097 0.0741055 0.0740651 0.0717806 0.0678051 0.0626453 0.0567307 0.0504044 0.0439247 0.0374818 0.0312219 0.025271 0.0197535 0.0147995 0.0105361 0.00706227 0.00441587
 0.00789831 0.012899 0.0195393 0.027791 0.037387 0.0476649 0.0575391 0.0657702 0.0714135 0.0741159 0.0740734 0.0717782 0.0677888 0.0626197 0.0567056 0.0503905 0.0439292 0.0375054 0.0312588 0.0253117 0.0197884 0.0148221 0.0105446 0.00705922 0.0044062
 0.00791024 0.0129119 0.0195468 0.0277835 0.0373547 0.0476022 0.0574488 0.0656641 0.0713095 0.0740317 0.0740214 0.0717616 0.0678025 0.0626535 0.0567499 0.0504398 0.0439822 0.0375629 0.0313201 0.025373 0.0198438 0.0148658 0.0105739 0.00707472 0.0044114
 0.00788105 0.0128683 0.0194879 0.0277102 0.0372686 0.0475037 0.0573375 0.0655406 0.0711786 0.0739053 0.0739167 0.071697 0.0677904 0.0626959 0.0568383 0.0505588 0.044116 0.0376986 0.0314491 0.0254897 0.0199437 0.0149456 0.0106322 0.00711285 0.00443322
 0.00787046 0.0128455 0.0194436 0.0276337 0.0371509 0.047344 0.0571461 0.0653382 0.0709895 0.0737496 0.0738065 0.0716369 0.0677818 0.0627386 0.0569296 0.0506914 0.0442774 0.0378731 0.0316217 0.0256481 0.0200796 0.0150547 0.0107133 0.00716822 0.00446743
 0.00787276 0.0128467 0.0194404 0.0276202 0.0371195 0.047286 0.0570542 0.0652099 0.0708304 0.0735748 0.0736378 0.0714977 0.0676899 0.0627033 0.0569514 0.0507645 0.0443914 0.0380146 0.0317755 0.0257995 0.0202161 0.0151681 0.0108 0.00722901 0.00450623
 0.00784095 0.0127985 0.0193745 0.0275375 0.0370225 0.0471779 0.0569382 0.065089 0.0707077 0.0734542 0.0735253 0.0714023 0.0676234 0.0626774 0.056974 0.050837 0.0445081 0.0381642 0.0319429 0.0259687 0.0203727 0.0153012 0.010904 0.00730335 0.00455466
 0.00778892 0.0127117 0.0192405 0.027345 0.0367659 0.0468635 0.0565881 0.0647398 0.0704012 0.0732252 0.0733929 0.071368 0.0676767 0.0628027 0.0571562 0.0510628 0.0447653 0.0384396 0.0322215 0.0262345 0.0206108 0.0155003 0.0110584 0.0074137 0.00462689
 0.00776763 0.0126724 0.0191724 0.027235 0.0366011 0.0466359 0.0563003 0.0644079 0.0700546 0.0729017 0.0731313 0.0711996 0.0676181 0.0628535 0.0573017 0.0512807 0.0450315 0.0387317 0.0325196 0.0265206 0.020869 0.0157182 0.0112293 0.0075373 0.00470873
 0.00774241 0.0126305 0.0191074 0.0271399 0.036469 0.0464615 0.0560823 0.0641511 0.0697712 0.0726115 0.0728607 0.0709785 0.0674749 0.0628082 0.0573613 0.0514371 0.0452645 0.0390146 0.0328244 0.0268216 0.021145 0.0159537 0.0114157 0.00767331 0.00479962
 0.00932557 0.0148474 0.0217849 0.0298962 0.0388251 0.0480177 0.0566581 0.063811 0.0687434 0.0711697 0.0712384 0.0693398 0.0659232 0.0614071 0.0561487 0.0504319 0.0444686 0.0384148 0.0323959 0.0265332 0.0209642 0.0158499 0.0113626 0.00765033 0.00479224
 0.00930376 0.015106 0.0226925 0.0319104 0.0422938 0.0529102 0.0623941 0.0693551 0.0729722 0.0733138 0.071135 0.0673758 0.0627654 0.0577167 0.0524188 0.0469601 0.0414031 0.0358118 0.0302607 0.024842 0.0196752 0.0149103 0.0107122 0.00722654 0.00453457
 0.00897385 0.0145866 0.0219639 0.0310225 0.0414192 0.0523802 0.0626595 0.0708242 0.0757655 0.0770814 0.0750997 0.0706269 0.0646373 0.0580195 0.0514089 0.0451287 0.0392458 0.0336937 0.0283906 0.0233069 0.0184866 0.0140388 0.0101088 0.00683417 0.00429679
 0.00879562 0.0142868 0.0214948 0.0303371 0.0404893 0.0512298 0.0614066 0.0697084 0.0751279 0.0772698 0.0763134 0.0727713 0.0672909 0.0605705 0.053302 0.0460764 0.0392856 0.0330904 0.0274741 0.0223479 0.0176485 0.0133878 0.0096474 0.00653278 0.00411499
 0.00871384 0.0141501 0.0212812 0.0300212 0.0400445 0.0506351 0.060658 0.0688363 0.0742167 0.0764718 0.0758383 0.0728332 0.0680141 0.0618969 0.0549687 0.0477003 0.0405198 0.0337572 0.0276006 0.0221017 0.0172327 0.0129618 0.00929857 0.00628662 0.00396065
 0.00868653 0.0141017 0.0212006 0.0298944 0.0398562 0.0503713 0.0603096 0.0684015 0.0737049 0.075911 0.0752874 0.0723903 0.0678074 0.0620444 0.0555162 0.0485723 0.0415262 0.034665 0.0282323 0.0223988 0.0172516 0.012818 0.00910378 0.0061128 0.00383614
 0.00868746 0.0141018 0.0211977 0.0298844 0.0398326 0.0503247 0.0602278 0.0682713 0.0735143 0.0756542 0.0749703 0.0720386 0.0674726 0.0618026 0.05545 0.0487362 0.0419101 0.0351829 0.0287523 0.0228006 0.0174758 0.0128774 0.00905686 0.00602486 0.0037525
 0.00869314 0.01411 0.021208 0.0298955 0.0398422 0.0503295 0.0602232 0.0682507 0.0734694 0.0755752 0.0748489 0.0718716 0.0672687 0.0615878 0.0552686 0.0486413 0.0419424 0.0353476 0.0290087 0.0230763 0.0177 0.0130112 0.00910242 0.0060119 0.00371578
 0.00866693 0.0140727 0.0211619 0.0298458 0.0397959 0.0502923 0.0601977 0.068236 0.0734612 0.0755672 0.0748332 0.0718403 0.0672154 0.0615123 0.0551811 0.0485645 0.0419066 0.0353775 0.0291089 0.023225 0.0178576 0.0131393 0.00918113 0.00604344 0.00371642
 0.00866176 0.0140615 0.0211399 0.0298081 0.039739 0.0502182 0.0601149 0.0681584 0.0734029 0.0755368 0.0748301 0.0718555 0.0672358 0.0615257 0.055181 0.0485533 0.041896 0.0353844 0.0291471 0.0232964 0.0179494 0.0132303 0.00925228 0.00608664 0.00373494
 0.00863551 0.0140229 0.0210893 0.0297477 0.0396723 0.0501474 0.0600412 0.068083 0.0733296 0.0754732 0.0747862 0.0718396 0.0672501 0.0615646 0.0552337 0.0486089 0.0419484 0.0354349 0.0292014 0.0233597 0.0180209 0.0133023 0.0093144 0.00613156 0.00376146
 0.00862495 0.0140035 0.0210564 0.0296964 0.0395992 0.050054 0.059935 0.0679764 0.073236 0.0754024 0.0747428 0.0718239 0.0672605 0.0615989 0.0552881 0.0486772 0.0420235 0.0355105 0.0292748 0.0234304 0.0180889 0.0133655 0.00936867 0.00617303 0.00378893
 0.00862194 0.0139991 0.0210503 0.0296881 0.0395874 0.0500359 0.0599067 0.0679345 0.0731803 0.0753372 0.0746766 0.0717667 0.0672206 0.0615808 0.0552922 0.0487011 0.0420626 0.0355596 0.0293287 0.0234854 0.018142 0.0134142 0.00941047 0.0062058 0.00381182
 0.00862839 0.0140066 0.0210562 0.0296884 0.0395777 0.0500138 0.0598728 0.0678921 0.0731335 0.0752894 0.0746301 0.0717236 0.0671842 0.0615554 0.0552819 0.0487081 0.0420862 0.0355966 0.0293745 0.0235349 0.0181908 0.0134588 0.00944832 0.00623529 0.00383267
 0.00863281 0.0140172 0.0210782 0.0297276 0.0396383 0.0500942 0.0599637 0.0679779 0.0731969 0.0753179 0.0746195 0.071678 0.067113 0.0614702 0.0551942 0.0486278 0.0420207 0.0355499 0.0293469 0.0235239 0.0181923 0.0134679 0.00946073 0.0062476 0.00384278
 0.00863281 0.0140172 0.0210782 0.0297276 0.0396383 0.0500942 0.0599637 0.0679779 0.0731969 0.0753179 0.0746195 0.071678 0.067113 0.0614702 0.0551942 0.0486278 0.0420207 0.0355499 0.0293469 0.0235239 0.0181923 0.0134679 0.00946073 0.0062476 0.00384278
 0.00869686 0.014118 0.0212235 0.0299219 0.0398811 0.0503779 0.0602715 0.0682825 0.0734642 0.0755132 0.0747158 0.0716626 0.0669902 0.0612596 0.0549255 0.0483338 0.0417309 0.0352866 0.0291239 0.023347 0.0180606 0.0133763 0.00940128 0.00621194 0.00382315
 0.00886761 0.0143958 0.0216403 0.0305032 0.0406355 0.0512836 0.061265 0.0692622 0.0743107 0.0761204 0.0750157 0.0716352 0.0666595 0.0606817 0.0541754 0.0474925 0.0408745 0.0344778 0.0284074 0.0227484 0.0175883 0.013025 0.00915593 0.00605196 0.00372639
 0.00839738 0.0136701 0.0206243 0.0292011 0.0391009 0.049628 0.0596592 0.0679164 0.0734265 0.0758301 0.075341 0.072487 0.0678738 0.062071 0.0555724 0.048776 0.041977 0.0353779 0.0291152 0.0232892 0.0179913 0.0133168 0.00935954 0.00618715 0.0038107
 0.00858463 0.0139105 0.0208678 0.0293613 0.039079 0.0493509 0.0591138 0.0671613 0.072578 0.0750306 0.074724 0.0721461 0.0678429 0.0623197 0.0560204 0.0493204 0.0425221 0.0358565 0.0294949 0.0235675 0.0181834 0.0134438 0.00944103 0.00623799 0.00384132
 0.00879554 0.0142733 0.0214447 0.0302059 0.0402044 0.0506895 0.0604952 0.0683384 0.0733047 0.0751568 0.0742519 0.07122 0.0666833 0.0611438 0.0549836 0.0484951 0.0419084 0.0354119 0.0291664 0.0233131 0.0179793 0.0132812 0.00931749 0.00615091 0.00378524
 0.00858065 0.0139526 0.021019 0.0297042 0.0396872 0.0502448 0.0602243 0.0683247 0.0735734 0.0756459 0.0748238 0.0717161 0.0669946 0.0612524 0.0549528 0.0484221 0.0418726 0.0354471 0.0292627 0.0234379 0.0180999 0.0133775 0.00938399 0.00619173 0.00380796
 0.00880685 0.0142835 0.0214483 0.0302023 0.0402093 0.0507464 0.0606739 0.0687102 0.0738982 0.0759183 0.0750396 0.0718462 0.0669873 0.061057 0.0545531 0.0478561 0.0412232 0.0348092 0.0287094 0.0230029 0.0177821 0.0131567 0.00923588 0.00609569 0.00374847
 0.00875409 0.014231 0.0214291 0.030263 0.0403923 0.0510647 0.0610949 0.0691619 0.0742996 0.0762145 0.0752207 0.0719366 0.0670173 0.061037 0.0544685 0.0476841 0.0409578 0.0344744 0.0283519 0.0226722 0.0175113 0.0129567 0.00909997 0.00600947 0.00369698
 0.00836878 0.0136089 0.0205064 0.0289989 0.0387948 0.0492219 0.0591918 0.0674564 0.0730534 0.075608 0.0753019 0.0726285 0.0681667 0.062468 0.0560152 0.0492051 0.0423429 0.0356528 0.0292962 0.0233925 0.0180407 0.0133341 0.00936058 0.00618157 0.00380387
#pred catch len freq
 0.00310341 0.00506639 0.00769809 0.0110596 0.0151982 0.0200934 0.0255983 0.0314375 0.037268 0.04275 0.0475961 0.0516055 0.0546884 0.0568678 0.0582509 0.0589957 0.0592858 0.0592969 0.0591159 0.0586076 0.0573077 0.0544861 0.0494695 0.042105 0.0330484
 0.00334956 0.00539829 0.00807343 0.011402 0.0154247 0.0201547 0.0255049 0.0312519 0.0370657 0.0425767 0.047451 0.0514606 0.0545283 0.0567201 0.0581877 0.0591024 0.0596117 0.0598116 0.0596951 0.0590649 0.057465 0.0542523 0.0488839 0.0413172 0.0322462
 0.00340812 0.00553864 0.00836216 0.0119132 0.0162029 0.0211675 0.0266185 0.0322606 0.0377719 0.0428763 0.0473662 0.0511028 0.0540279 0.0561772 0.0576685 0.0586596 0.0592933 0.0596403 0.0596357 0.0590139 0.0572852 0.0538401 0.0482283 0.0405092 0.0314318
 0.00355636 0.00575798 0.00865807 0.0122924 0.0166906 0.0218215 0.0275181 0.0334593 0.0392318 0.0444303 0.0487509 0.0520585 0.0544062 0.055988 0.057046 0.0577869 0.0583356 0.058709 0.0587745 0.0582005 0.0564529 0.0529248 0.0472183 0.0394664 0.030465
 0.00373049 0.00604213 0.00908609 0.0128926 0.0174772 0.0227859 0.028628 0.0346722 0.0405152 0.0457654 0.0501046 0.0533399 0.0554525 0.0566088 0.0571068 0.0572722 0.0573498 0.0574197 0.0573407 0.0567246 0.054977 0.051461 0.0457916 0.0381376 0.029318
 0.00391858 0.00634563 0.00954012 0.013532 0.0183343 0.0238832 0.0299652 0.0362132 0.0421832 0.0474544 0.0517019 0.0547469 0.0565863 0.0573871 0.0574372 0.0570698 0.0565783 0.0561235 0.0556392 0.054772 0.0529201 0.0494221 0.0438761 0.0364431 0.0279265
 0.00417567 0.00675223 0.010132 0.0143384 0.0193768 0.0251731 0.0314968 0.0379543 0.0440706 0.0493934 0.0535731 0.0564195 0.057936 0.0583112 0.0578583 0.056931 0.0558434 0.0547917 0.0537663 0.0524801 0.0503839 0.0468412 0.0414451 0.0343254 0.0262306
 0.0043946 0.00711259 0.0106832 0.0151307 0.0204535 0.0265572 0.033176 0.039874 0.046139 0.0514963 0.0555887 0.0582272 0.0594221 0.0593731 0.0584091 0.0569026 0.0551899 0.0534971 0.0518606 0.0500577 0.0476125 0.0439481 0.0386798 0.0319083 0.0243061
 0.00460593 0.00745382 0.0111944 0.0158528 0.0214272 0.0278173 0.034739 0.0417232 0.0482133 0.0536882 0.0577556 0.0602129 0.0610814 0.0605885 0.0590936 0.0569935 0.0546427 0.0522888 0.0500051 0.0476301 0.0447683 0.0409204 0.0357438 0.0293202 0.02224
 0.00484355 0.00783008 0.0117433 0.016603 0.0224022 0.0290335 0.0362 0.0434123 0.0500876 0.0556769 0.0597602 0.0621118 0.0627402 0.0618757 0.0598955 0.0572225 0.0542389 0.0512201 0.0482769 0.0453052 0.0419893 0.0379143 0.0327916 0.0266937 0.0201316
 0.00511639 0.0082569 0.0123552 0.0174198 0.0234321 0.0302725 0.0376286 0.044992 0.0517634 0.0573835 0.0614281 0.0636688 0.064109 0.062971 0.0606254 0.0574939 0.0539676 0.0503439 0.0467729 0.0432123 0.0394295 0.0350976 0.0299889 0.0241753 0.0180953
 0.00536861 0.00867103 0.0129857 0.018319 0.0246387 0.0317938 0.0394232 0.0469653 0.0537832 0.059309 0.0631385 0.0650791 0.0651709 0.0636618 0.0609302 0.0573896 0.053415 0.0492958 0.0451964 0.0411222 0.0369191 0.0323508 0.0272563 0.0217153 0.0161013
 0.00562016 0.00907772 0.0135954 0.0191792 0.0257934 0.0332733 0.0412274 0.0490456 0.0560315 0.0615639 0.065209 0.0667837 0.0663765 0.0643064 0.0610169 0.0569587 0.0525096 0.0479414 0.0434056 0.0389226 0.034391 0.02965 0.024602 0.0193391 0.0141796
