SBPRF35
8.06725
Curr Bio
632396
B35
556830
F35
0.210124
FOFL
0.210124
OFL
100592
Bzero
2.30493e+06
#pred survey bio
 4.63554e+06 3.85995e+06 3.35421e+06 2.95424e+06 2.61815e+06 2.4199e+06 2.32761e+06 2.2232e+06 2.10418e+06 1.82265e+06 1.46646e+06 1.20385e+06 1.09181e+06 990036 900242 809434 757929 711308 686897 644732 614410 588986 548392 508779 498817 511055 517278 509093 501513 484909 489136 519686 555429 600697 635576 644965 546513 471167 474724 510097 543854 584736 576383 557174 547325 562194 599555 627294 615512 638684 654936 640882 1.42987e+07 1.31655e+07 1.35038e+07 1.41224e+07 1.48628e+07 1.5593e+07 1.62384e+07 1.67703e+07 1.71888e+07 1.7508e+07 1.77466e+07 1.79227e+07 1.80518e+07 1.81462e+07 1.82153e+07 1.82659e+07 1.83032e+07 1.83308e+07 1.83513e+07 1.83666e+07 1.83782e+07 1.83869e+07 1.83935e+07 1.83986e+07 1.84024e+07 1.84053e+07 1.84076e+07 1.84093e+07 1.84107e+07 1.84117e+07 1.84125e+07 1.84131e+07 1.84136e+07 1.8414e+07 1.84143e+07 1.84145e+07 1.84147e+07 1.84148e+07 1.84149e+07 1.8415e+07 1.8415e+07 1.84151e+07 1.84151e+07 1.84152e+07 1.84152e+07 1.84152e+07 1.84152e+07 1.84152e+07 1.84152e+07 1.84152e+07 1.84153e+07 1.84153e+07 1.84153e+07 1.84153e+07 1.84153e+07 1.84153e+07 1.84153e+07 1.84153e+07 1.84153e+07 1.84153e+07 1.84153e+07 1.84153e+07 1.84153e+07 1.84153e+07 1.84153e+07 1.84153e+07 1.84153e+07 1.84153e+07 1.84153e+07 1.84153e+07 1.84153e+07 1.84153e+07 1.84153e+07 1.84153e+07 1.84153e+07 1.84153e+07 1.84153e+07 1.84153e+07 1.84153e+07 1.84153e+07 1.84153e+07 1.84153e+07 1.84153e+07 1.84153e+07 1.84153e+07 1.84153e+07 1.84153e+07 1.84153e+07 1.84153e+07 1.84153e+07 1.84153e+07 1.84153e+07 1.84153e+07 1.84153e+07 1.84153e+07 1.84153e+07 1.84153e+07 1.84153e+07 1.84153e+07 1.84153e+07 0 0 0 0 0 0 0 0 0 0 0 0 0 0 0 0 0 0 0 0 0 0 0 0 0
#obs survey bio
 4.83077e+06 3.76893e+06 3.07702e+06 2.8542e+06 1.91998e+06 2.0681e+06 2.97382e+06 1.88993e+06 2.34466e+06 2.14548e+06 1.22247e+06 1.11569e+06 1.22756e+06 921840 1.12688e+06 742829 533013 716819 679437 565589 633284 657764 596163 489371 493938 627823 478344 567734 690051 404144 432109 559249 524430 440873 638476 759747 592288 360108 397672 591416 442890 629619 508417 714762 574235 489296 665022 803543 569850 541547 799189 723637
#pred catch bio
 116127 97060.4 149209 219427 261282 252598 270511 294641 313814 287701 303059 242362 256019 243811 229796 194437 198830 161165 155603 145843 129551 132440 117961 113555 109712 105865 105426 97177.1 99854 93396.7 94182.6 97477.9 88707.6 98339.6 85428.2 92778.4 89182.5 81319.7 87174.2 90162.6 79407.2 88829.3 85247.6 82591.8 87475.2 82897.3 86073.8 94598.8 86429.9 89629.2 101978 106531 100592 100810 102217 105951 110943 115920 120246 123709 126331 128236 129579 130504 131131 131549 131825 132006 132123 132199 132248 132279 132299 132312 132320 132325 132328 132330 132331 132332 132333 132333 132333 132333 132334 132334 132334 132334 132334 132334 132334 132334 132334 132334 132334 132334 132334 132334 132334 132334 132334 132334 132334 132334 132334 132334 132334 132334 132334 132334 132334 132334 132334 132334 132334 132334 132334 132334 132334 132334 132334 132334 132334 132334 132334 132334 132334 132334 132334 132334 132334 132334 132334 132334 132334 132334 132334 132334 132334 132334 132334 132334 132334 132334 132334 132334 132334 132334 132334 132334 132334 132334 0 0 0 0 0 0 0 0 0 0 0 0 0 0 0 0 0 0 0 0 0 0 0 0 0
#obs catch bio
 0 96636.1 149260 219718 261893 252821 270444 295538 313715 286561 303623 242500 256913 244311 229665 193933 200321 160949 155267 146123 129363 132609 117552 113685 110322 105830 105390 97056.5 99785.7 93245.4 94516.1 97746.8 88523.7 98715.3 85283.7 92596.6 89117.2 81381 87596.2 90309.9 79312.3 88790.7 85177.3 82484.4 87641.5 82939.4 86052.8 94551.7 86444.9 89562.1 101953 106589
#pred cpue bio
 4.58331e+06 3.81636e+06 3.31541e+06 2.91825e+06 2.58424e+06 2.38613e+06 2.29257e+06 2.18702e+06 2.06698e+06 1.78759e+06 1.43581e+06 1.17576e+06 1.06402e+06 962668 873373 783424 732152 685813 661860 620827 591229 566710 527479 489260 479422 491183 497404 489575 482397 466446 470459 499921 534587 578534 612328 621776 525911 451512 453725 487530 520247 559899 552115 533715 524288 538443 574356 601176 589923 612143 627798 614153 1.36918e+07 1.25976e+07 1.28548e+07 1.3414e+07 1.41405e+07 1.48685e+07 1.55135e+07 1.60454e+07 1.64639e+07 1.67831e+07 1.70217e+07 1.71978e+07 1.73269e+07 1.74213e+07 1.74904e+07 1.7541e+07 1.75783e+07 1.76059e+07 1.76264e+07 1.76417e+07 1.76533e+07 1.7662e+07 1.76686e+07 1.76737e+07 1.76775e+07 1.76804e+07 1.76827e+07 1.76844e+07 1.76858e+07 1.76868e+07 1.76876e+07 1.76882e+07 1.76887e+07 1.76891e+07 1.76894e+07 1.76896e+07 1.76898e+07 1.76899e+07 1.769e+07 1.76901e+07 1.76902e+07 1.76902e+07 1.76902e+07 1.76903e+07 1.76903e+07 1.76903e+07 1.76903e+07 1.76903e+07 1.76903e+07 1.76904e+07 1.76904e+07 1.76904e+07 1.76904e+07 1.76904e+07 1.76904e+07 1.76904e+07 1.76904e+07 1.76904e+07 1.76904e+07 1.76904e+07 1.76904e+07 1.76904e+07 1.76904e+07 1.76904e+07 1.76904e+07 1.76904e+07 1.76904e+07 1.76904e+07 1.76904e+07 1.76904e+07 1.76904e+07 1.76904e+07 1.76904e+07 1.76904e+07 1.76904e+07 1.76904e+07 1.76904e+07 1.76904e+07 1.76904e+07 1.76904e+07 1.76904e+07 1.76904e+07 1.76904e+07 1.76904e+07 1.76904e+07 1.76904e+07 1.76904e+07 1.76904e+07 1.76904e+07 1.76904e+07 1.76904e+07 1.76904e+07 1.76904e+07 1.76904e+07 1.76904e+07 1.76904e+07 1.76904e+07 1.76904e+07 1.76904e+07 1.76904e+07 0 0 0 0 0 0 0 0 0 0 0 0 0 0 0 0 0 0 0 0 0 0 0 0 0
#obs cpue bio
 2.28673e+06 3.92083e+06 3.77926e+06 3.17576e+06 2.96298e+06 2.35881e+06 2.19844e+06 1.79196e+06 2.74505e+06 1.82423e+06 1.47377e+06 1.03104e+06 915079 1.03414e+06 824636 867657 707508 857926 778473 572916 633812 490131 602751 410232 348822 530420 568256 432456 382831 565270 372276 499338 662513 617053 668483 712064 476726 473462 409745 529423 601288 631978 609454 428979 433512 581176 546992 577283 499846 779822 557107 516209
#pred surv len freq
 0.00428104 0.0070532 0.0108058 0.0155791 0.0212829 0.0276029 0.033987 0.0397991 0.0445668 0.048133 0.050616 0.0522551 0.0532811 0.0538655 0.0541248 0.054146 0.0540124 0.0538034 0.0535348 0.0530408 0.0518715 0.0493445 0.0448332 0.0381869 0.0299933
 0.00446501 0.00729786 0.0110756 0.0158128 0.0214176 0.027607 0.033881 0.0396456 0.0444325 0.0480498 0.0505678 0.0522006 0.0531952 0.0537705 0.0540899 0.0542554 0.0543164 0.0542764 0.0540637 0.0534546 0.0520074 0.0491206 0.0442871 0.0374571 0.0292526
 0.00460696 0.00754421 0.0114706 0.0163955 0.0221984 0.028541 0.0348558 0.0405049 0.0450335 0.0483217 0.0505314 0.0519388 0.0528009 0.0533144 0.0536233 0.0538281 0.0539798 0.0540596 0.0539405 0.0533343 0.0517674 0.0486693 0.0436188 0.0366592 0.0284616
 0.00469221 0.0077018 0.0117442 0.0168405 0.0228724 0.0294839 0.0360646 0.041913 0.0465061 0.0496759 0.0515813 0.0525506 0.0529319 0.0530149 0.0530047 0.0530193 0.0530957 0.0531822 0.053106 0.0525269 0.0509338 0.0477579 0.0426252 0.0356451 0.0275299
 0.0048806 0.00800222 0.0121868 0.0174529 0.0236795 0.0305053 0.0373072 0.0433602 0.048107 0.0513359 0.0531604 0.0538769 0.053836 0.0533767 0.0527902 0.052288 0.0519735 0.0518159 0.05162 0.0509998 0.0494009 0.0462375 0.041152 0.034286 0.0263686
 0.00511498 0.00838816 0.0127759 0.0182944 0.024808 0.0319241 0.0389741 0.0451886 0.049986 0.0531565 0.0548293 0.0553085 0.0549368 0.05404 0.0529156 0.0518167 0.0509177 0.0502622 0.0497044 0.0488703 0.0471914 0.0440635 0.0391206 0.0324999 0.0249125
 0.00532325 0.00872723 0.0132878 0.0190204 0.0257832 0.0331669 0.0404732 0.0468947 0.0518139 0.0549986 0.0565728 0.0568499 0.0561865 0.0549172 0.0533408 0.0517143 0.0502345 0.0489948 0.0479174 0.0466923 0.0447934 0.0416321 0.0368347 0.0305102 0.0233197
 0.00554139 0.00908317 0.013826 0.019783 0.0268025 0.0344532 0.0420028 0.0486068 0.05362 0.0568001 0.0582744 0.0583649 0.0574358 0.0558273 0.053841 0.0517359 0.049716 0.0478981 0.0462528 0.0445405 0.0423102 0.0390295 0.0343427 0.0283298 0.0215822
 0.00570786 0.00937137 0.0142921 0.02049 0.0278063 0.0357804 0.0436304 0.050456 0.0555721 0.0587236 0.0600505 0.0598999 0.058661 0.056691 0.0542986 0.051741 0.049219 0.0468562 0.0446529 0.0424287 0.0398138 0.0363541 0.0317368 0.0260263 0.0197402
 0.00592271 0.00972005 0.0148168 0.0212326 0.0288037 0.0370555 0.045179 0.0522358 0.0574999 0.0606834 0.0619097 0.0615296 0.0599546 0.057575 0.0547298 0.0516938 0.0486716 0.0457869 0.0430535 0.0403334 0.0373288 0.0336683 0.0290954 0.0236724 0.0178477
 0.0061637 0.0101116 0.0154054 0.0220604 0.0299002 0.0384246 0.0467871 0.0540104 0.0593425 0.0624904 0.0635858 0.0629909 0.0611249 0.0583853 0.055122 0.0516251 0.0481134 0.0447227 0.0414842 0.0382953 0.0349197 0.0310611 0.026521 0.0213666 0.0159857
 0.00647142 0.0106327 0.0162268 0.0232718 0.0315698 0.0405626 0.0493138 0.0567514 0.0620638 0.0649556 0.0656083 0.0644586 0.061998 0.0586748 0.0548639 0.0508579 0.0468662 0.0430151 0.0393388 0.0357605 0.0320967 0.0281192 0.0236832 0.0188604 0.0139785
 0.00656622 0.0108031 0.0165157 0.0237359 0.0322745 0.0415703 0.0506642 0.058442 0.0640329 0.0670783 0.0677089 0.0663421 0.0634902 0.0596554 0.0552778 0.0507037 0.0461729 0.0418229 0.0376932 0.0337247 0.0297728 0.0256622 0.0212908 0.0167334 0.0122659
 0.0067719 0.0111377 0.0170199 0.0244481 0.0332247 0.04277 0.0520968 0.0600591 0.065762 0.0688331 0.0693958 0.0678592 0.0647279 0.0605063 0.0556545 0.0505553 0.0454916 0.0406373 0.0360594 0.0317244 0.0275203 0.023312 0.0190275 0.0147374 0.010668
 0.00699437 0.0114985 0.0175609 0.0252066 0.034225 0.0440111 0.0535405 0.0616285 0.0673553 0.070347 0.0707452 0.0689834 0.065584 0.061057 0.0558596 0.0503737 0.0448907 0.0396075 0.0346244 0.0299481 0.0255097 0.021214 0.0170124 0.012967 0.0092556
 0.00729625 0.0119725 0.0182427 0.0261176 0.0353683 0.0453657 0.0550543 0.0632164 0.0689091 0.0717552 0.0719135 0.0698485 0.066116 0.0612527 0.05573 0.0499293 0.0441347 0.0385393 0.0332543 0.0283146 0.0236932 0.0193368 0.015222 0.011403 0.00801431
 0.00733641 0.0120652 0.0184323 0.0264606 0.035918 0.0461488 0.0560518 0.0643622 0.0701086 0.0729124 0.0729502 0.0707085 0.0667608 0.0616557 0.0558739 0.049805 0.0437386 0.0378721 0.0323251 0.0271518 0.0223566 0.0179222 0.0138494 0.0101898 0.00704388
 0.00749816 0.0123159 0.0187883 0.026933 0.0365156 0.04688 0.0569206 0.0653564 0.0711874 0.0740016 0.0739519 0.0715242 0.0673166 0.0619164 0.0558405 0.0495002 0.0431918 0.0371102 0.0313732 0.0260419 0.021139 0.0166715 0.0126583 0.00914936 0.00621792
 0.00756417 0.0124009 0.0188755 0.0269947 0.0365235 0.0468215 0.0568128 0.0652506 0.0711584 0.0741255 0.0742786 0.0720546 0.0679952 0.0626451 0.0565068 0.0500078 0.0434779 0.0371479 0.0311651 0.0256137 0.020538 0.0159656 0.0119297 0.00847915 0.00566716
 0.00765076 0.0125415 0.019085 0.0272814 0.0368816 0.0472227 0.057204 0.0655652 0.0713424 0.0741654 0.0742133 0.0719613 0.0679541 0.0627031 0.0566583 0.0501996 0.0436331 0.0371945 0.0310562 0.0253372 0.0201154 0.0154465 0.0113801 0.00796586 0.00524126
 0.00769196 0.0126117 0.0191966 0.0274481 0.0371153 0.0475278 0.0575701 0.0659627 0.0717234 0.0744736 0.0744015 0.0720104 0.067884 0.0625662 0.0565157 0.0500921 0.0435635 0.0371302 0.0309491 0.025148 0.0198316 0.0150867 0.0109867 0.00758948 0.0049236
 0.00763916 0.012528 0.0190756 0.0272878 0.0369213 0.0473172 0.0573737 0.0658205 0.0716737 0.0745381 0.074575 0.0722605 0.0681646 0.0628358 0.056752 0.0502938 0.0437381 0.0372783 0.031056 0.0251899 0.0197906 0.0149638 0.0108052 0.00738624 0.00473513
 0.00772801 0.0126612 0.0192545 0.0275053 0.0371622 0.0475608 0.0575964 0.0660001 0.0717946 0.0745965 0.0745792 0.0722265 0.0681071 0.0627622 0.0566636 0.0501903 0.043623 0.0371569 0.030931 0.025057 0.0196416 0.0147948 0.0106227 0.00720676 0.00457783
 0.00782727 0.0128076 0.0194468 0.0277317 0.0374029 0.0477922 0.0577956 0.0661475 0.0718771 0.0746102 0.0745314 0.0721339 0.0679907 0.062641 0.056549 0.0500857 0.0435255 0.0370619 0.030834 0.0249543 0.0195301 0.0146737 0.010496 0.0070838 0.00446996
 0.00778576 0.0127706 0.0194462 0.0278124 0.037607 0.0481356 0.0582505 0.066645 0.0723294 0.0749422 0.0747026 0.0721431 0.0678662 0.0624254 0.056286 0.0498106 0.0432617 0.036821 0.0306188 0.0247626 0.0193583 0.0145192 0.0103586 0.00696602 0.00437517
 0.00775551 0.0127078 0.0193294 0.0276206 0.0373338 0.0478062 0.057929 0.0664192 0.0722757 0.0750876 0.0750107 0.0725319 0.0682461 0.0627325 0.0564949 0.0499283 0.0433111 0.0368268 0.0305994 0.0247285 0.0193143 0.0144681 0.0103037 0.00691191 0.0043271
 0.00781393 0.0127771 0.0193853 0.0276233 0.0372367 0.0475726 0.0575504 0.0659274 0.0717432 0.0746138 0.0746941 0.0724369 0.0683789 0.0630415 0.0568956 0.0503372 0.0436711 0.037113 0.0308111 0.0248761 0.0194104 0.0145239 0.0103293 0.00691681 0.00432031
 0.00784794 0.0128384 0.0194867 0.027775 0.0374372 0.0477978 0.0577487 0.0660297 0.0716888 0.074381 0.0743178 0.0720013 0.0679873 0.0627773 0.0567939 0.0503808 0.0438077 0.0372831 0.0309692 0.0249988 0.0194928 0.0145712 0.0103505 0.00692118 0.00431569
 0.00779785 0.0127591 0.0193723 0.0276242 0.0372564 0.0476034 0.0575661 0.0658851 0.071596 0.0743316 0.0742848 0.0719569 0.0679241 0.0627175 0.0567784 0.050445 0.0439614 0.0375051 0.0312194 0.0252365 0.01969 0.014717 0.0104473 0.00697873 0.00434591
 0.0079289 0.0129446 0.0196004 0.0278661 0.0374738 0.047762 0.057646 0.0658852 0.0715302 0.0742204 0.0741457 0.0717986 0.067747 0.0625218 0.0565742 0.0502559 0.0438164 0.0374248 0.0312052 0.0252711 0.0197476 0.0147747 0.010492 0.00700698 0.0043605
 0.00788534 0.0128989 0.0195765 0.0278972 0.0375883 0.0479638 0.0579023 0.0661332 0.0717028 0.0742761 0.074084 0.0716528 0.0675622 0.0623344 0.0564036 0.0501097 0.0436994 0.0373437 0.0311655 0.0252713 0.0197771 0.0148177 0.0105339 0.00703931 0.00438113
 0.00780498 0.0127697 0.0193868 0.0276429 0.0372802 0.0476342 0.0576056 0.0659324 0.0716436 0.0743637 0.0742791 0.0718914 0.0677869 0.0625148 0.0565381 0.0502118 0.0437854 0.0374252 0.0312493 0.0253596 0.0198674 0.0149036 0.0106078 0.00709596 0.00441951
 0.00793025 0.0129279 0.0195411 0.0277318 0.0372356 0.0474102 0.0572036 0.0654083 0.0710926 0.0738906 0.0739661 0.0717755 0.0678538 0.062712 0.0568002 0.0504848 0.0440378 0.0376468 0.0314414 0.0255267 0.0200122 0.015026 0.0107061 0.00716919 0.00446928
 0.00787176 0.0128467 0.0194423 0.0276226 0.0371151 0.0472588 0.056981 0.0650695 0.0706182 0.0733135 0.0733761 0.0712922 0.0675817 0.0627014 0.0570344 0.0508962 0.0445398 0.0381623 0.0319186 0.0259392 0.0203512 0.0152923 0.0109051 0.00730912 0.00456069
 0.00793087 0.012923 0.0195215 0.0276812 0.0371292 0.0472153 0.0568833 0.0649305 0.0704454 0.0730996 0.073106 0.0709653 0.0672308 0.0623916 0.0568376 0.0508581 0.0446612 0.038404 0.0322224 0.0262505 0.0206321 0.0155233 0.0110811 0.00743376 0.00464244
 0.00846197 0.0136566 0.0203852 0.0285265 0.0377726 0.0475053 0.0567567 0.0644278 0.0696836 0.0722244 0.0722469 0.0702094 0.0666185 0.061931 0.0565253 0.0506928 0.0446412 0.0385163 0.0324352 0.0265178 0.0209067 0.0157687 0.0112772 0.007576 0.00473648
 0.00920867 0.0148274 0.0220574 0.0307178 0.0404086 0.0503883 0.059556 0.0667287 0.0711025 0.072542 0.0714822 0.0685904 0.0644778 0.059592 0.0542341 0.048604 0.0428372 0.0370309 0.0312691 0.0256467 0.0202877 0.0153501 0.0110078 0.00741127 0.00464146
 0.00926 0.0150308 0.0225819 0.0317855 0.0422268 0.053044 0.0629238 0.0704496 0.0746568 0.0753855 0.073188 0.0689497 0.0635327 0.0575985 0.0515704 0.0456632 0.0399445 0.0344074 0.0290357 0.0238461 0.0189092 0.0143489 0.0103203 0.00696727 0.00437354
 0.00883404 0.0144169 0.0218123 0.0309629 0.0415249 0.0526899 0.06316 0.0714692 0.0765175 0.0779359 0.0760603 0.0716446 0.0655708 0.0586666 0.0515979 0.0448051 0.0384949 0.032693 0.0273322 0.0223378 0.0176875 0.0134322 0.00968005 0.00655105 0.00412244
 0.00867138 0.0141221 0.0213177 0.0302011 0.0404639 0.0513811 0.0617746 0.0702897 0.0758705 0.0780859 0.0771081 0.0734723 0.067859 0.0609808 0.0535181 0.0460484 0.0389806 0.0325286 0.0267385 0.0215566 0.0169125 0.0127796 0.00919342 0.00622362 0.00392199
 0.00877881 0.0142503 0.0214226 0.0302074 0.0402784 0.0509207 0.0609997 0.0692352 0.0746636 0.0769419 0.0762911 0.0732201 0.0682934 0.0620455 0.0549815 0.0475787 0.0402617 0.0333618 0.027085 0.0215117 0.0166362 0.0124264 0.00886949 0.00597802 0.00376059
 0.00868598 0.0141135 0.0212407 0.0299827 0.040008 0.0505863 0.0605652 0.0686584 0.0739239 0.0760714 0.0753942 0.0724663 0.0678758 0.062115 0.0555809 0.0486105 0.0415118 0.0345747 0.0280542 0.0221404 0.0169423 0.0125012 0.00882149 0.00589195 0.00368343
 0.00878357 0.014246 0.0213924 0.0301238 0.0401041 0.0506113 0.0605086 0.0685207 0.0737026 0.075753 0.0749632 0.0719307 0.0672938 0.0615983 0.0552636 0.0485922 0.0418065 0.0350971 0.0286549 0.0226704 0.0173098 0.0126908 0.00887466 0.00587015 0.00363771
 0.00877195 0.0142456 0.021424 0.0302135 0.0402707 0.0508501 0.0607815 0.0687633 0.0738474 0.0757543 0.0748086 0.0716366 0.066895 0.0611452 0.0548248 0.0482494 0.0416314 0.0351191 0.0288425 0.0229433 0.0175762 0.0128868 0.00898138 0.00590499 0.00363222
 0.00876143 0.0142248 0.0213873 0.0301571 0.0401983 0.0507773 0.0607365 0.0687761 0.0739325 0.075896 0.0749616 0.0717435 0.066911 0.0610558 0.0546499 0.048037 0.0414428 0.0350091 0.0288386 0.0230345 0.0177201 0.013032 0.00909127 0.00596817 0.00365736
 0.0087959 0.0142808 0.0214708 0.0302719 0.0403432 0.0509436 0.0609076 0.068932 0.0740571 0.0759833 0.0750133 0.0717604 0.0668853 0.0609725 0.0544986 0.0478239 0.0411963 0.0347724 0.0286534 0.0229243 0.0176823 0.013043 0.0091213 0.00599496 0.00367198
 0.00873672 0.0141878 0.0213377 0.0300968 0.0401306 0.0507077 0.0606723 0.0687283 0.0739156 0.0759254 0.0750457 0.0718752 0.0670627 0.0611844 0.0547122 0.0480092 0.041335 0.034864 0.0287136 0.0229746 0.0177378 0.0131063 0.00918438 0.00604759 0.00370839
 0.00868 0.0140968 0.0212031 0.0299116 0.0398925 0.0504222 0.0603562 0.0684106 0.0736334 0.0757159 0.0749378 0.0718829 0.0671825 0.0613964 0.054985 0.0483058 0.0416208 0.0351143 0.0289177 0.023135 0.0178643 0.013208 0.00926594 0.00610981 0.00375161
 0.00881431 0.0142884 0.0214415 0.0301691 0.0401308 0.0506035 0.0604531 0.0684102 0.073537 0.0755375 0.0747025 0.0716235 0.0669344 0.06119 0.0548387 0.0482229 0.0415908 0.0351189 0.0289385 0.0231595 0.0178871 0.0132287 0.00928539 0.00612752 0.00376618
 0.00876058 0.0142227 0.0213816 0.0301415 0.0401597 0.0506949 0.0605851 0.0685377 0.0736111 0.0755277 0.0746088 0.0714729 0.0667664 0.0610418 0.0547359 0.0481767 0.0415993 0.0351698 0.0290143 0.0232426 0.0179645 0.0132935 0.00933561 0.00616411 0.0037912
 0.00871267 0.0141445 0.0212649 0.0299827 0.0399649 0.0504857 0.0603986 0.0684162 0.0735839 0.0755942 0.0747365 0.0716137 0.0668801 0.0611129 0.0547735 0.0482029 0.0416351 0.0352264 0.029091 0.0233304 0.0180518 0.0133706 0.00939701 0.00620881 0.00382108
 0.00878796 0.014262 0.0214317 0.0301998 0.0402251 0.0507708 0.0606803 0.0686613 0.0737637 0.0756938 0.0747559 0.071561 0.0667631 0.0609367 0.0545464 0.0479422 0.0413669 0.0349788 0.0288852 0.0231758 0.0179462 0.0133047 0.00935944 0.00618923 0.00381189
#obs surv len freq
 nan nan nan nan nan nan nan nan nan nan nan nan nan nan nan nan nan nan nan nan nan nan nan nan nan
 0.00447945 0.00733852 0.0111666 0.0159819 0.0216829 0.0279597 0.0342758 0.0400092 0.0446908 0.0481562 0.0505154 0.0520124 0.0529056 0.0534187 0.0537336 0.053989 0.0542679 0.0545608 0.0546997 0.0542917 0.0527296 0.0493614 0.0438106 0.0362899 0.0276726
 0.00461464 0.00755789 0.0114957 0.0164435 0.0222916 0.028714 0.0351491 0.0409476 0.0456191 0.0489925 0.0511855 0.0524615 0.0531045 0.0533646 0.0534467 0.0535049 0.0536291 0.0538093 0.0538739 0.0534279 0.051866 0.0485404 0.0430759 0.0356787 0.0272055
 0.00477587 0.0078236 0.0119021 0.0170261 0.0230775 0.02971 0.0363297 0.0422503 0.046953 0.050254 0.0522751 0.0532947 0.0536189 0.0535249 0.0532465 0.052966 0.0527952 0.0527384 0.052631 0.0520823 0.0504923 0.0472184 0.0418851 0.0346846 0.0264444
 0.00496637 0.00813527 0.012375 0.0176994 0.0239824 0.0308584 0.0377014 0.0437874 0.0485649 0.0518319 0.0537068 0.0544764 0.0544629 0.0539656 0.0532454 0.0525146 0.0519159 0.0514818 0.0510727 0.0503189 0.0486384 0.0454007 0.0402292 0.0332932 0.0253751
 0.00518443 0.0084912 0.0129134 0.0184629 0.0250039 0.0321486 0.039236 0.045502 0.0503635 0.0536036 0.0553414 0.0558725 0.0555302 0.0546268 0.0534402 0.0522045 0.0510909 0.0501664 0.0493303 0.0482544 0.0463956 0.0431511 0.0381484 0.0315277 0.0240102
 0.00541515 0.00886837 0.013485 0.0192751 0.0260925 0.0335256 0.0408753 0.0473342 0.0522856 0.0554986 0.0570961 0.0573867 0.0567185 0.0554162 0.0537681 0.0520199 0.0503603 0.0488847 0.0475348 0.0460378 0.0439103 0.0405982 0.035746 0.0294646 0.0224023
 0.00563819 0.00923745 0.0140526 0.0200942 0.0272065 0.0349516 0.0425874 0.0492582 0.0543097 0.0574957 0.0589446 0.058982 0.0579757 0.0562672 0.0541569 0.0518992 0.0496915 0.0476471 0.0457434 0.0437648 0.0413004 0.0378628 0.0331298 0.0271899 0.0206132
 0.0058859 0.00964021 0.0146592 0.020951 0.0283498 0.0363953 0.0443086 0.0511902 0.0563492 0.0595196 0.0608286 0.0606144 0.0592642 0.0571404 0.0545614 0.0517935 0.0490423 0.0464328 0.0439693 0.0414879 0.0386514 0.0350492 0.0304056 0.0247961 0.0187141
 0.006141 0.0100585 0.0152951 0.0218567 0.0295646 0.0379283 0.0461233 0.0532002 0.0584327 0.0615448 0.0626758 0.062185 0.0604807 0.0579428 0.054903 0.0516376 0.0483597 0.0452046 0.0421989 0.039224 0.0360124 0.0322318 0.0276593 0.0223659 0.0167734
 0.00637963 0.0104497 0.0158902 0.0227058 0.0307074 0.039379 0.0478544 0.055136 0.0604585 0.0635286 0.0644899 0.0637216 0.0616581 0.0587042 0.0552112 0.0514667 0.0476897 0.0440219 0.0405077 0.0370675 0.0334974 0.0295389 0.025023 0.0200213 0.0148916
 0.00661813 0.0108424 0.0164901 0.0235651 0.0318662 0.040849 0.0496018 0.0570764 0.0624701 0.0654755 0.0662456 0.0651817 0.0627446 0.0593649 0.0554159 0.0512009 0.0469477 0.0428039 0.0388271 0.034969 0.03108 0.0269672 0.0225119 0.0177882 0.0130967
 0.00685603 0.0112307 0.0170774 0.0243977 0.0329793 0.0422524 0.0512649 0.0589225 0.0643852 0.0673297 0.0679136 0.0665583 0.0637508 0.05995 0.0555534 0.0508829 0.0461776 0.0415933 0.0371997 0.0329744 0.0288124 0.0245764 0.0201897 0.0157288 0.0114428
 0.00704966 0.0115527 0.0175752 0.0251194 0.0339636 0.0435125 0.0527729 0.0606045 0.0661329 0.0690223 0.069438 0.0678199 0.0646777 0.0604924 0.055683 0.0505894 0.0454647 0.0404762 0.0357074 0.0311595 0.0267652 0.022432 0.0181175 0.0138971 0.00997451
 0.00727122 0.0119128 0.0181171 0.025883 0.0349775 0.0447818 0.0542655 0.062246 0.0678158 0.0706252 0.0708467 0.0689418 0.0654481 0.0608752 0.0556657 0.050177 0.0446732 0.0393298 0.0342412 0.0294285 0.0248549 0.0204644 0.0162398 0.0122526 0.00866496
 0.00743743 0.0121884 0.0185416 0.0264961 0.0358105 0.045844 0.0555315 0.0636515 0.0692679 0.0720205 0.0720882 0.0699486 0.0661595 0.0612512 0.0556869 0.0498419 0.0439951 0.0383335 0.0329636 0.0279237 0.0232026 0.0187724 0.0146343 0.0108536 0.00755554
 0.00754362 0.012361 0.0188019 0.0268656 0.0363087 0.0464842 0.0563145 0.0645599 0.0702643 0.07305 0.0730842 0.0708401 0.0668791 0.0617424 0.0559085 0.0497701 0.0436231 0.037671 0.0320376 0.0267815 0.0219154 0.0174351 0.0133557 0.00973533 0.0066672
 0.00760727 0.0124613 0.0189472 0.0270626 0.0365628 0.0467998 0.0566945 0.0650052 0.0707726 0.0736145 0.0736903 0.0714612 0.0674747 0.0622603 0.0562918 0.0499663 0.043593 0.0373944 0.0315177 0.0260476 0.0210241 0.0164672 0.012405 0.00888994 0.00598881
 0.00767278 0.0125605 0.0190829 0.0272327 0.0367616 0.0470197 0.0569281 0.0652472 0.0710213 0.0738732 0.0739663 0.0717612 0.0677977 0.062591 0.0565982 0.050203 0.0437096 0.0373477 0.0312826 0.0256263 0.0204493 0.0157995 0.0117215 0.0082662 0.00547995
 0.0077161 0.0126284 0.01918 0.027361 0.0369188 0.0471989 0.0571171 0.0654303 0.0711849 0.0740111 0.0740829 0.0718704 0.0679163 0.06273 0.0567558 0.0503604 0.0438324 0.0373936 0.0312135 0.0254212 0.0201149 0.0153714 0.011256 0.00782441 0.00511005
 0.00777155 0.0127082 0.0192812 0.0274744 0.0370326 0.0473027 0.0572055 0.0655033 0.0712451 0.0740613 0.0741261 0.0719101 0.0679588 0.0627835 0.0568265 0.050447 0.0439214 0.0374589 0.0312228 0.0253471 0.0199468 0.0151225 0.0109612 0.00752861 0.00485277
 0.00781718 0.0127796 0.0193829 0.0276072 0.0371916 0.0474759 0.0573735 0.0656431 0.0713369 0.074097 0.0741112 0.0718616 0.0678969 0.0627261 0.0567854 0.0504271 0.0439195 0.0374629 0.0312124 0.0252997 0.0198466 0.0149691 0.0107713 0.00733036 0.00467478
 0.00783839 0.0128135 0.0194329 0.0276759 0.0372805 0.0475837 0.0574952 0.0657686 0.0714522 0.0741864 0.0741626 0.0718698 0.0678666 0.0626702 0.0567205 0.0503678 0.043874 0.0374304 0.0311836 0.0252601 0.0197825 0.0148744 0.010652 0.007202 0.00455604
 0.00787025 0.0128573 0.0194841 0.027726 0.0373197 0.0476059 0.0575012 0.0657659 0.0714511 0.0741949 0.0741825 0.0718964 0.0678916 0.062686 0.0567243 0.0503621 0.0438643 0.0374211 0.0311743 0.0252451 0.0197538 0.0148266 0.0105862 0.00712659 0.00448277
 0.00789706 0.0128984 0.019541 0.0277972 0.0373999 0.0476855 0.0575673 0.0658054 0.0714557 0.074166 0.0741314 0.0718397 0.0678435 0.0626532 0.0567054 0.0503517 0.0438571 0.0374141 0.0311657 0.0252326 0.0197339 0.0147964 0.0105457 0.00707978 0.00443645
 0.00789721 0.0129006 0.0195477 0.0278118 0.0374255 0.0477233 0.0576148 0.0658557 0.0714991 0.0741928 0.0741354 0.071821 0.0678092 0.0626143 0.0566721 0.0503298 0.0438468 0.0374115 0.0311659 0.0252311 0.019727 0.014782 0.0105238 0.00705291 0.00440876
 0.00790491 0.0129067 0.0195454 0.0277918 0.0373797 0.0476496 0.057521 0.0657585 0.071418 0.0741423 0.0741204 0.0718368 0.0678456 0.0626613 0.0567236 0.0503832 0.0439015 0.0374664 0.0312179 0.0252762 0.0197614 0.0148034 0.0105324 0.00705119 0.00440084
 0.00787924 0.0128672 0.01949 0.0277193 0.0372891 0.0475402 0.0573929 0.0656153 0.0712699 0.0740065 0.0740181 0.0717865 0.0678563 0.0627294 0.0568352 0.0505204 0.0440476 0.0376087 0.0313482 0.0253886 0.0198522 0.014871 0.0105776 0.00707736 0.00441307
 0.00791453 0.0129132 0.0195383 0.0277555 0.0372969 0.047508 0.0573187 0.0655071 0.0711412 0.0738717 0.0738897 0.0716762 0.0677757 0.0626885 0.0568392 0.0505667 0.0441266 0.0377066 0.0314511 0.0254852 0.0199349 0.0149357 0.0106235 0.00710642 0.00442902
 0.00788485 0.0128759 0.0195017 0.027732 0.0372975 0.0475343 0.0573583 0.0655369 0.071138 0.0738236 0.073802 0.0715674 0.067669 0.0626043 0.0567906 0.0505593 0.0441584 0.0377696 0.0315332 0.0255732 0.0200174 0.0150048 0.0106756 0.00714174 0.00445036
 0.00785808 0.0128258 0.0194153 0.0275961 0.0371055 0.0472943 0.0570977 0.0652968 0.0709579 0.0737256 0.0737834 0.0716082 0.0677458 0.0627011 0.0569022 0.0506861 0.0443014 0.037926 0.0316955 0.0257311 0.02016 0.0151236 0.0107666 0.00720534 0.00449074
 0.0078168 0.0127584 0.0193128 0.0274497 0.0369073 0.0470406 0.0567934 0.0649598 0.0706211 0.073432 0.0735763 0.0715173 0.067778 0.0628399 0.0571169 0.0509445 0.0445776 0.0382025 0.0319602 0.025974 0.020372 0.0152979 0.0108999 0.00729947 0.00455155
 0.00780918 0.0127401 0.0192745 0.0273788 0.0367914 0.0468718 0.0565723 0.0646973 0.0703361 0.0731489 0.0733225 0.071322 0.067667 0.0628301 0.0572093 0.0511238 0.044817 0.038472 0.0322335 0.0262309 0.0205987 0.0154855 0.0110448 0.00740302 0.00461941
 0.0077989 0.0127251 0.0192545 0.0273536 0.0367589 0.0468264 0.0565051 0.064598 0.070198 0.0729735 0.0731226 0.0711193 0.0674888 0.0627032 0.0571546 0.0511508 0.0449218 0.0386378 0.0324357 0.0264435 0.0207994 0.0156588 0.0111823 0.00750321 0.00468618
 0.00772777 0.0126129 0.0190927 0.0271379 0.0364918 0.0465196 0.0561809 0.0642865 0.0699299 0.0727713 0.072995 0.071064 0.0674984 0.0627714 0.0572787 0.05133 0.0451527 0.038911 0.0327338 0.026744 0.0210791 0.015899 0.0113724 0.00764132 0.004778
 0.00934296 0.0148695 0.0218069 0.0299113 0.0388274 0.0480069 0.0566427 0.0638065 0.0687663 0.0712289 0.0713301 0.0694473 0.0660228 0.0614761 0.0561733 0.0504111 0.0444125 0.0383387 0.0323147 0.0264572 0.0208984 0.0157961 0.0113208 0.00761983 0.0047716
 0.00932865 0.0151476 0.0227563 0.032001 0.0424115 0.0530479 0.0625364 0.0694813 0.0730639 0.0733631 0.0711468 0.0673631 0.0627403 0.0576837 0.0523745 0.0468979 0.0413195 0.0357099 0.0301495 0.0247326 0.0195772 0.0148293 0.0106502 0.00718243 0.00450554
 0.00898253 0.0146011 0.0219865 0.0310559 0.0414664 0.0524438 0.06274 0.0709183 0.075865 0.0771738 0.0751715 0.0706689 0.0646475 0.0580025 0.0513724 0.0450784 0.039184 0.0336213 0.0283096 0.0232224 0.0184058 0.0139681 0.0100523 0.0067929 0.00426927
 0.0088339 0.0143476 0.0215836 0.0304572 0.0406407 0.0514077 0.0615995 0.0698992 0.0752972 0.0774 0.0763925 0.0727939 0.0672578 0.0604883 0.0531815 0.0459306 0.0391273 0.0329298 0.0273186 0.0222034 0.0175202 0.0132802 0.00956308 0.00647173 0.00407447
 0.0087458 0.0142026 0.0213612 0.0301348 0.0401957 0.0508224 0.0608723 0.0690604 0.074428 0.0766471 0.0759591 0.0728884 0.0680011 0.0618209 0.0548406 0.0475349 0.0403327 0.0335633 0.0274123 0.0219283 0.017081 0.0128363 0.00920101 0.00621613 0.00391378
 0.00869681 0.0141198 0.0212306 0.0299412 0.0399249 0.0504658 0.0604304 0.0685449 0.0738622 0.0760692 0.0754303 0.0725017 0.0678734 0.062057 0.0554743 0.048482 0.0413988 0.0345147 0.0280739 0.0222452 0.0171129 0.0127011 0.00901186 0.00604583 0.00379125
 0.00870543 0.0141285 0.0212333 0.0299279 0.0398825 0.0503802 0.0602895 0.0683409 0.0735933 0.0757417 0.0750624 0.0721273 0.0675471 0.0618513 0.0554633 0.0487093 0.0418442 0.0350855 0.0286348 0.0226762 0.0173567 0.012773 0.00897272 0.00596255 0.00371026
 0.00869739 0.0141183 0.021223 0.0299203 0.0398788 0.0503778 0.0602799 0.0683103 0.0735261 0.0756262 0.0748943 0.0719137 0.0673084 0.0616229 0.0552927 0.0486468 0.0419231 0.0353016 0.0289395 0.022992 0.0176111 0.0129277 0.00903185 0.00595789 0.00367832
 0.00867347 0.0140808 0.0211693 0.0298497 0.0397936 0.0502838 0.0601864 0.0682277 0.0734621 0.0755808 0.0748593 0.0718761 0.0672571 0.0615562 0.0552233 0.0486001 0.0419296 0.0353826 0.0290936 0.0231911 0.0178109 0.013088 0.00913293 0.00600377 0.00368746
 0.00866835 0.0140737 0.021161 0.0298411 0.0397856 0.0502763 0.0601779 0.0682162 0.0734462 0.0755602 0.0748345 0.0718464 0.06722 0.0615082 0.0551644 0.0485376 0.0418791 0.0353634 0.029119 0.0232601 0.0179065 0.013185 0.00920967 0.00605103 0.00370845
 0.00866395 0.0140649 0.0211449 0.0298145 0.0397462 0.0502245 0.0601183 0.0681565 0.0733948 0.0755235 0.0748145 0.0718413 0.0672252 0.0615182 0.0551739 0.0485437 0.0418838 0.0353735 0.0291435 0.0233045 0.0179682 0.0132534 0.00927157 0.00609691 0.00373599
 0.00864247 0.0140322 0.0210997 0.0297569 0.0396775 0.0501469 0.0600349 0.068072 0.0733159 0.0754584 0.0747716 0.0718261 0.0672387 0.0615564 0.0552289 0.0486068 0.0419478 0.0354353 0.0292039 0.023366 0.0180317 0.013316 0.00932758 0.00614091 0.00376572
 0.00864942 0.0140414 0.0211096 0.029765 0.0396805 0.0501423 0.0600213 0.0680497 0.073286 0.0754223 0.0747314 0.0717852 0.0672019 0.0615287 0.0552139 0.0486053 0.0419579 0.0354538 0.0292283 0.023395 0.0180644 0.0133505 0.00936069 0.00616901 0.00378646
 0.00863567 0.0140222 0.0210863 0.0297405 0.0396584 0.0501246 0.0600078 0.0680381 0.0732734 0.0754071 0.0747138 0.0717671 0.0671861 0.0615178 0.0552102 0.0486103 0.041972 0.035476 0.0292566 0.0234269 0.0180977 0.013383 0.00939021 0.0061935 0.00380468
 0.00861383 0.0139867 0.0210334 0.0296675 0.0395653 0.0500162 0.0598945 0.0679343 0.0731938 0.0753612 0.0747038 0.0717884 0.0672304 0.0615768 0.0552774 0.0486814 0.0420441 0.0355472 0.029325 0.0234907 0.018155 0.0134323 0.00943034 0.0062241 0.00382621
 0.00861383 0.0139867 0.0210334 0.0296675 0.0395653 0.0500162 0.0598945 0.0679343 0.0731938 0.0753612 0.0747038 0.0717884 0.0672304 0.0615768 0.0552774 0.0486814 0.0420441 0.0355472 0.029325 0.0234907 0.018155 0.0134323 0.00943034 0.0062241 0.00382621
 0.00872095 0.0141546 0.0212735 0.0299838 0.0399508 0.0504491 0.0603361 0.0683328 0.0734959 0.075527 0.0747174 0.0716592 0.0669864 0.0612552 0.0549161 0.0483137 0.0416963 0.0352374 0.0290637 0.0232816 0.0179966 0.0133194 0.00935505 0.00617757 0.0037998
#pred catch len freq
 0.00316137 0.00514487 0.00778693 0.0111391 0.0152439 0.0200846 0.0255248 0.031303 0.0370882 0.0425478 0.0473965 0.0514298 0.054551 0.0567734 0.0581963 0.058973 0.0592873 0.0593191 0.0591613 0.0586834 0.0574205 0.0546359 0.0496456 0.0422875 0.0332146
 0.00330277 0.00533512 0.00800174 0.0113357 0.0153784 0.0201355 0.0255069 0.0312582 0.0370564 0.042539 0.0473846 0.0513764 0.0544424 0.056647 0.058136 0.0590743 0.0596056 0.0598255 0.0597297 0.0591243 0.0575541 0.0543719 0.0490264 0.0414671 0.0323848
 0.00344244 0.00556704 0.00835623 0.0118347 0.01602 0.020877 0.026259 0.0319047 0.0374968 0.0427294 0.0473486 0.0511778 0.0541461 0.0562995 0.057776 0.0587509 0.0593761 0.0597241 0.0597293 0.0591244 0.0574172 0.0539933 0.0483948 0.0406747 0.0315797
 0.00355859 0.00576407 0.00866965 0.0123069 0.0166956 0.02179 0.0274126 0.0332484 0.0389147 0.0440517 0.0483918 0.051802 0.0542991 0.0560237 0.0571782 0.0579597 0.0585087 0.0588662 0.0589184 0.0583416 0.0566013 0.0530838 0.0473832 0.0396255 0.0306045
 0.00375261 0.00606895 0.0091107 0.0129057 0.0174729 0.0227672 0.0286075 0.0346628 0.0405164 0.0457576 0.0500596 0.053244 0.0553222 0.0564848 0.0570286 0.0572552 0.0573815 0.0574736 0.0573952 0.0567721 0.0550215 0.0515099 0.0458489 0.0382008 0.0293798
 0.00395843 0.00640207 0.00960962 0.0136063 0.0184032 0.0239394 0.0300093 0.0362546 0.0422373 0.0475334 0.0518049 0.054854 0.0566655 0.0574109 0.0573985 0.0569841 0.0564709 0.0560136 0.0555332 0.0546692 0.0528209 0.0493319 0.0438024 0.0363909 0.0278956
 0.00415877 0.00672249 0.0100836 0.0142657 0.0192776 0.0250523 0.031369 0.0378433 0.0440033 0.0493924 0.0536495 0.0565677 0.0581332 0.058521 0.0580409 0.0570569 0.055903 0.0547944 0.0537313 0.0524259 0.050324 0.0467845 0.0413978 0.0342913 0.0262102
 0.00437844 0.00707352 0.0106015 0.014982 0.0202175 0.0262301 0.0327807 0.0394601 0.0457712 0.0512359 0.0554771 0.0582772 0.0596176 0.059675 0.0587647 0.057258 0.0555023 0.0537436 0.052039 0.0501807 0.0476981 0.0440118 0.038731 0.0319513 0.0243416
 0.00456729 0.00738623 0.0110834 0.015681 0.0211771 0.0274768 0.0343094 0.0412258 0.0476918 0.0532053 0.0573808 0.0600058 0.0610742 0.060777 0.0594391 0.0574359 0.055117 0.052741 0.0504013 0.0479584 0.0450325 0.0411313 0.0359116 0.0294514 0.0223385
 0.0047863 0.00773522 0.0115975 0.0163932 0.022119 0.0286758 0.0357791 0.0429525 0.0496219 0.0552418 0.0593919 0.061846 0.0626097 0.0619042 0.0600883 0.0575606 0.0546801 0.0517103 0.0487636 0.0457499 0.0423715 0.0382284 0.0330405 0.0268836 0.0202693
 0.00510466 0.008237 0.0123236 0.0173725 0.0233652 0.0301829 0.0375152 0.0448566 0.05161 0.0572175 0.0612561 0.0634994 0.0639554 0.0628527 0.0605658 0.0575138 0.0540749 0.0505276 0.0470046 0.0434562 0.0396542 0.0352839 0.0301308 0.0242763 0.018163
 0.00537666 0.00868961 0.0130244 0.0183916 0.0247616 0.0319821 0.0396844 0.0472932 0.0541527 0.0596764 0.0634479 0.0652767 0.0652211 0.0635592 0.0607012 0.0570835 0.0530879 0.0489935 0.0449434 0.0409204 0.0367564 0.0322128 0.0271351 0.0216108 0.0160174
 0.00554881 0.00897228 0.0134578 0.0190221 0.0256417 0.0331643 0.041207 0.0491585 0.056306 0.0619948 0.0657493 0.0673514 0.0668761 0.0646558 0.0611705 0.0569162 0.0523103 0.0476467 0.0430769 0.0386053 0.0341091 0.0294108 0.0244049 0.0191822 0.0140614
 0.00577697 0.00933519 0.01399 0.0197533 0.0265951 0.0343535 0.04263 0.0507921 0.0581037 0.0638863 0.0676389 0.0691169 0.0683758 0.0657471 0.0617355 0.0568837 0.0516628 0.046412 0.041317 0.0364127 0.0316146 0.026791 0.021871 0.0169411 0.0122636
 0.00601989 0.00972082 0.0145535 0.0205225 0.0275871 0.0355692 0.0440463 0.0523576 0.0597424 0.0655103 0.0691611 0.0704589 0.0694673 0.0665213 0.0621262 0.0568291 0.051117 0.0453596 0.0397838 0.0344719 0.0293897 0.0244511 0.0196123 0.0149498 0.0106713
 0.00627173 0.0101138 0.0151152 0.02127 0.0285278 0.0366999 0.0453484 0.05379 0.0612383 0.0669814 0.0705099 0.0715943 0.0703189 0.0670449 0.0622981 0.0566347 0.050543 0.0443963 0.0384394 0.0327905 0.0274649 0.0224254 0.0176571 0.0132285 0.00929766
 0.00637753 0.0102995 0.0154196 0.0217371 0.029196 0.0375863 0.0464345 0.0550191 0.0625281 0.0682432 0.0716633 0.0725727 0.0710689 0.0675259 0.0624828 0.0565082 0.0500993 0.0436357 0.0373726 0.0314507 0.0259216 0.0207901 0.0160691 0.0118242 0.00817407
 0.00644644 0.0104082 0.0155796 0.0219631 0.0295113 0.0380252 0.0470373 0.0558161 0.0635159 0.0693681 0.0728241 0.0736454 0.0719411 0.0681217 0.0627682 0.0564806 0.0497718 0.0430273 0.0365067 0.0303634 0.0246725 0.0194683 0.0147855 0.0106881 0.00726399
 0.00651087 0.0104935 0.0156723 0.02204 0.0295479 0.03801 0.0469851 0.055773 0.0635524 0.0695594 0.0732222 0.0742535 0.072702 0.0689301 0.0635011 0.0570307 0.0500687 0.0430402 0.0362383 0.029843 0.0239545 0.0186314 0.0139252 0.00989864 0.00661625
 0.00659158 0.0106222 0.0158597 0.0222902 0.0298526 0.0383431 0.0473017 0.0560201 0.0636905 0.0695859 0.0731807 0.0742196 0.0727502 0.0690985 0.0637724 0.0573382 0.0503215 0.0431548 0.0361611 0.0295606 0.0234934 0.0180501 0.0133018 0.00931215 0.00612741
 0.00659515 0.0106338 0.0158887 0.0223502 0.0299599 0.0385119 0.0475374 0.0563116 0.0640063 0.0698782 0.0734009 0.0743397 0.072779 0.0690789 0.0637583 0.0573633 0.0503796 0.0432025 0.03614 0.0294247 0.0232289 0.0176808 0.0128793 0.00889799 0.00577282
 0.00658566 0.010617 0.0158613 0.0223098 0.0299074 0.0384548 0.0474916 0.0562996 0.0640503 0.0699899 0.0735734 0.0745467 0.0729845 0.0692529 0.06389 0.0574616 0.0504594 0.0432674 0.0361737 0.0293992 0.0231219 0.0174921 0.0126342 0.00863764 0.0055377
 0.0066449 0.0107049 0.0159779 0.022449 0.0300582 0.038604 0.047626 0.0564091 0.0641303 0.0700431 0.0736084 0.0745732 0.0730071 0.069268 0.0638892 0.0574379 0.0504127 0.0432022 0.0360923 0.0292966 0.0229893 0.0173259 0.0124434 0.00844306 0.00536347
 0.00674942 0.0108593 0.016181 0.022689 0.030315 0.0388535 0.0478448 0.0565768 0.0642324 0.070074 0.0735734 0.0744878 0.0728923 0.0691437 0.0637681 0.0573243 0.0503044 0.0430947 0.0359812 0.029178 0.0228599 0.0171849 0.0122956 0.00829939 0.00523733
 0.00670302 0.0108099 0.016154 0.022722 0.0304452 0.0390993 0.048191 0.0569745 0.064615 0.0703794 0.0737621 0.0745489 0.0728398 0.0690068 0.0635814 0.0571183 0.0501005 0.0429037 0.0358055 0.0290155 0.0227072 0.0170403 0.0121606 0.00817888 0.00513726
 0.00664216 0.0107053 0.0159887 0.0224838 0.030138 0.0387552 0.0478749 0.0567695 0.0645894 0.070554 0.0740975 0.0749629 0.0732431 0.0693356 0.0638094 0.0572516 0.0501616 0.0429175 0.0357908 0.0289829 0.0226618 0.016985 0.0120995 0.00811765 0.00508226
 0.00668431 0.0107529 0.0160208 0.0224659 0.0300283 0.0385192 0.0475011 0.0562834 0.0640585 0.0700771 0.0737777 0.074871 0.0733894 0.0696671 0.0642364 0.0576846 0.0505393 0.0432139 0.0360061 0.0291295 0.0227539 0.0170352 0.0121186 0.00811609 0.00506972
 0.00668384 0.0107593 0.016042 0.0225095 0.0300941 0.0385898 0.0475387 0.0562374 0.0638865 0.0697704 0.0733765 0.0744582 0.073063 0.0695031 0.0642605 0.0578673 0.0508155 0.0435124 0.0362738 0.0293399 0.0229024 0.0171294 0.0121711 0.00813966 0.0050758
 0.00665999 0.0107209 0.0159859 0.0224348 0.0300047 0.0384958 0.0474544 0.0561745 0.0638441 0.0697297 0.0733076 0.0743391 0.0728996 0.0693347 0.0641445 0.0578512 0.0509135 0.0437013 0.0365071 0.0295696 0.0230952 0.0172715 0.012264 0.00819339 0.00510265
 0.00675546 0.0108544 0.0161465 0.0225984 0.030141 0.0385786 0.0474716 0.0561307 0.0637568 0.0696201 0.0731903 0.074217 0.0727654 0.0691822 0.0639806 0.0577003 0.0508077 0.0436633 0.036538 0.0296491 0.0231934 0.0173623 0.0123328 0.00823743 0.00512655
 0.00671227 0.010805 0.0161092 0.0225998 0.0302039 0.038707 0.0476404 0.0562919 0.0638595 0.0696344 0.0731191 0.0740893 0.0726178 0.0690416 0.0638591 0.0576008 0.0507336 0.0436222 0.0365365 0.0296858 0.0232566 0.0174341 0.0123973 0.0082856 0.00515713
 0.00662383 0.0106663 0.0159118 0.0223442 0.0299052 0.0383992 0.0473747 0.0561235 0.0638253 0.069733 0.0733092 0.0743098 0.0728168 0.0691951 0.0639696 0.0576845 0.0508072 0.0436969 0.0366186 0.0297768 0.0233529 0.0175278 0.012479 0.00834874 0.0052001
