SBPRF35
7.78865
Curr Bio
568913
B35
702571
F35
0.210496
FOFL
0.159743
OFL
68528.5
Bzero
2.22533e+06
#pred survey bio
 4.86092e+06 4.60104e+06 4.34372e+06 4.02564e+06 3.6874e+06 3.33025e+06 2.96103e+06 2.61341e+06 2.29914e+06 2.04001e+06 1.78624e+06 1.5613e+06 1.40289e+06 1.23315e+06 1.08584e+06 960869 868357 803683 746269 707303 683833 660554 630352 620534 619622 618492 609624 603326 602868 603079 614977 608433 606965 599866 604201 585161 570035 564204 568947 557132 564400 569521 573450 579865 588321 594781 593761 598095 608637 601512 597085 575854 572123 578861 605631 615001 606252 574455 1.91329e+07 1.13949e+07 1.15924e+07 1.22506e+07 1.31483e+07 1.40796e+07 1.49207e+07 1.56197e+07 1.61701e+07 1.65883e+07 1.68986e+07 1.71254e+07 1.72897e+07 1.74083e+07 1.74938e+07 1.75556e+07 1.76005e+07 1.76333e+07 1.76573e+07 1.7675e+07 1.76882e+07 1.76981e+07 1.77055e+07 1.7711e+07 1.77153e+07 1.77185e+07 1.77209e+07 1.77228e+07 1.77242e+07 1.77253e+07 1.77262e+07 1.77268e+07 1.77273e+07 1.77277e+07 1.7728e+07 1.77282e+07 1.77284e+07 1.77285e+07 1.77286e+07 1.77287e+07 1.77288e+07 1.77288e+07 1.77289e+07 1.77289e+07 1.77289e+07 1.77289e+07 1.77289e+07 1.7729e+07 1.7729e+07 1.7729e+07 1.7729e+07 1.7729e+07 1.7729e+07 1.7729e+07 1.7729e+07 1.7729e+07 1.7729e+07 1.7729e+07 1.7729e+07 1.7729e+07 1.7729e+07 1.7729e+07 1.7729e+07 1.7729e+07 1.7729e+07 1.7729e+07 1.7729e+07 1.7729e+07 1.7729e+07 1.7729e+07 1.7729e+07 1.7729e+07 1.7729e+07 1.7729e+07 1.7729e+07 1.7729e+07 1.7729e+07 1.7729e+07 1.7729e+07 1.7729e+07 1.7729e+07 1.7729e+07 1.7729e+07 1.7729e+07 1.7729e+07 1.7729e+07 1.7729e+07 1.7729e+07 1.7729e+07 1.7729e+07 1.7729e+07 1.7729e+07 1.7729e+07 1.7729e+07 1.7729e+07 1.7729e+07 1.7729e+07 1.7729e+07 1.7729e+07 1.7729e+07 0 0 0 0 0 0 0 0 0 0 0 0 0 0 0 0 0 0 0 0 0 0 0 0 0
#obs survey bio
 3.2008e+06 4.4728e+06 4.288e+06 2.7505e+06 3.93964e+06 2.65786e+06 2.06979e+06 2.40636e+06 1.93906e+06 1.50197e+06 1.68714e+06 952076 1.63642e+06 494635 1.13624e+06 949219 707768 607182 507708 636097 837490 734185 451211 668344 524211 481689 673177 418321 511231 539606 431641 601875 573340 537998 691125 608529 585112 684394 703575 477396 562874 540215 777420 505777 565125 553690 840265 351604 549414 664220 567168 503394 519705 472663 603168 779037 641011 819215
#pred catch bio
 85934.5 87076.4 156449 198428 245179 289658 304506 306407 284765 303268 295921 250553 268858 252850 232986 202441 175637 165646 145793 129048 125855 129175 110747 103181 103235 108778 105457 100265 99695.5 90131.4 104877 97947.4 98929.5 85103.3 100101 94150.5 88539 83734.6 99575.6 83919.7 86205.5 87016.3 84819.7 83639.4 86136.1 92908.7 89118.8 85286.9 100410 97576 111707 97954.7 90547.5 74548.6 88537.9 101543 117649 109302 68528.5 87248.2 87524.7 91242.5 97378.6 103985 109918 114742 118422 121107 123003 124309 125192 125781 126168 126421 126585 126690 126758 126801 126828 126846 126857 126864 126868 126871 126873 126874 126875 126875 126875 126876 126876 126876 126876 126876 126876 126876 126876 126876 126876 126876 126876 126876 126876 126876 126876 126876 126876 126876 126876 126876 126876 126876 126876 126876 126876 126876 126876 126876 126876 126876 126876 126876 126876 126876 126876 126876 126876 126876 126876 126876 126876 126876 126876 126876 126876 126876 126876 126876 126876 126876 126876 126876 126876 126876 126876 126876 126876 126876 126876 126876 126876 126876 126876 126876 126876 126876 126876 126876 0 0 0 0 0 0 0 0 0 0 0 0 0 0 0 0 0 0 0 0 0 0 0 0 0
#obs catch bio
 0 86774.2 157155 199596 247316 292825 309516 312435 290612 311258 304919 258620 277503 263820 241494 208229 180301 169576 149320 131427 127534 131093 112918 104756 105192 110847 106969 101990 101702 91443.7 107357 100017 100679 85979.4 101268 94748.7 88883.2 83901.1 100038 83983.9 86460.3 87286.2 84750.9 83765.2 86252.5 93183.9 89051.2 85736.5 101069 97499.9 112375 98517.3 91409.1 74836.6 89019.4 101688 117883 109306
#pred cpue bio
 4.78661e+06 4.53187e+06 4.27869e+06 3.96261e+06 3.62586e+06 3.27062e+06 2.90341e+06 2.55757e+06 2.24506e+06 1.98733e+06 1.73539e+06 1.51237e+06 1.35538e+06 1.188e+06 1.04315e+06 920947 830764 767896 712376 674940 652634 630331 600915 591187 590311 589343 580940 574920 574395 574616 586282 580253 579524 573547 578752 561124 546101 538945 542474 530986 538279 543463 547475 553791 561918 568072 566998 571008 581057 574239 569971 548924 544656 551144 577712 587587 579457 548665 1.8282e+07 1.0901e+07 1.10023e+07 1.15402e+07 1.23932e+07 1.33134e+07 1.41521e+07 1.48507e+07 1.5401e+07 1.58192e+07 1.61295e+07 1.63563e+07 1.65206e+07 1.66392e+07 1.67247e+07 1.67866e+07 1.68315e+07 1.68642e+07 1.68882e+07 1.6906e+07 1.69192e+07 1.6929e+07 1.69364e+07 1.6942e+07 1.69462e+07 1.69494e+07 1.69519e+07 1.69537e+07 1.69552e+07 1.69562e+07 1.69571e+07 1.69577e+07 1.69582e+07 1.69586e+07 1.69589e+07 1.69591e+07 1.69593e+07 1.69595e+07 1.69596e+07 1.69596e+07 1.69597e+07 1.69598e+07 1.69598e+07 1.69598e+07 1.69599e+07 1.69599e+07 1.69599e+07 1.69599e+07 1.69599e+07 1.69599e+07 1.69599e+07 1.69599e+07 1.69599e+07 1.69599e+07 1.69599e+07 1.69599e+07 1.69599e+07 1.69599e+07 1.69599e+07 1.69599e+07 1.69599e+07 1.69599e+07 1.69599e+07 1.69599e+07 1.69599e+07 1.69599e+07 1.69599e+07 1.69599e+07 1.69599e+07 1.69599e+07 1.69599e+07 1.69599e+07 1.69599e+07 1.69599e+07 1.69599e+07 1.69599e+07 1.69599e+07 1.69599e+07 1.69599e+07 1.69599e+07 1.69599e+07 1.69599e+07 1.69599e+07 1.69599e+07 1.69599e+07 1.69599e+07 1.69599e+07 1.69599e+07 1.69599e+07 1.69599e+07 1.69599e+07 1.69599e+07 1.69599e+07 1.69599e+07 1.69599e+07 1.69599e+07 1.69599e+07 1.69599e+07 1.69599e+07 1.69599e+07 0 0 0 0 0 0 0 0 0 0 0 0 0 0 0 0 0 0 0 0 0 0 0 0 0
#obs cpue bio
 3.27302e+06 3.59951e+06 3.72863e+06 2.30642e+06 2.66968e+06 4.10595e+06 1.97938e+06 1.97794e+06 1.6739e+06 1.9557e+06 1.15418e+06 971642 1.36872e+06 940405 937233 836108 665652 903927 622179 674740 604047 487245 352732 534630 406194 663216 539846 471693 438879 527590 503173 392825 716665 591434 631386 618968 592184 420524 499084 570216 494760 548606 538665 495770 577649 578690 502055 460225 746168 712063 449058 479582 424331 627855 661394 624986 598886 400671
#pred surv len freq
 0.00434241 0.00717963 0.0110475 0.0160051 0.0219722 0.0286269 0.0353879 0.0415746 0.0466663 0.0504679 0.0530828 0.054766 0.05579 0.0563712 0.0566384 0.0566249 0.0562816 0.0555014 0.0541321 0.0519666 0.0487383 0.0441842 0.038205 0.0310532 0.0233938
 0.00455409 0.00742762 0.011248 0.016034 0.0217145 0.0280456 0.0345686 0.0407054 0.0459533 0.0500361 0.0529222 0.0547541 0.055769 0.0562336 0.0563797 0.0563449 0.0561375 0.0556347 0.0545987 0.0527041 0.0495892 0.0449644 0.0387805 0.0313822 0.0235183
 0.00481595 0.00785783 0.0118955 0.016925 0.0228218 0.0292572 0.0356834 0.0414832 0.046214 0.0497498 0.0522235 0.0538624 0.0548695 0.0554047 0.0556067 0.0555931 0.0554205 0.0550272 0.0541921 0.0525424 0.049633 0.0451085 0.0389102 0.031428 0.0234744
 0.00502386 0.00820928 0.0124501 0.0177481 0.0239706 0.0307542 0.0374824 0.0434443 0.0481054 0.051292 0.0531692 0.0540813 0.0543917 0.0543913 0.0542666 0.0541037 0.0539001 0.0535564 0.0528431 0.0513792 0.0486884 0.0443692 0.0383297 0.0309588 0.0230907
 0.00523199 0.0085475 0.0129603 0.0184729 0.0249503 0.0320187 0.0390386 0.04526 0.0500962 0.0533115 0.0550117 0.0555081 0.0551867 0.0544289 0.053555 0.0527752 0.0521562 0.0516049 0.0508598 0.0494977 0.0470018 0.0429302 0.0371549 0.0300385 0.0224022
 0.00551855 0.0090018 0.0136227 0.0193741 0.0261075 0.0334299 0.0406763 0.0470698 0.0520031 0.0552287 0.0568399 0.0571245 0.0564374 0.0551424 0.053585 0.0520542 0.0507294 0.0496234 0.048538 0.0470619 0.0446506 0.0408146 0.0353713 0.02863 0.0213647
 0.00582859 0.00950769 0.0143866 0.0204525 0.0275374 0.0352091 0.0427452 0.0493111 0.0542657 0.0573649 0.0587333 0.0586939 0.0576186 0.0558634 0.0537545 0.0515771 0.0495467 0.0477557 0.0461074 0.0442775 0.0417663 0.0380776 0.032979 0.0267027 0.0199374
 0.00613861 0.0100108 0.0151424 0.0215169 0.0289528 0.0369888 0.0448546 0.0516578 0.0567076 0.0597344 0.0608664 0.0604546 0.0589109 0.0566275 0.0539498 0.0511642 0.0484857 0.0460303 0.043764 0.0414544 0.0386912 0.0350276 0.0302186 0.0244242 0.018226
 0.00647688 0.0105523 0.0159418 0.0226201 0.0303897 0.0387612 0.0469232 0.0539367 0.0590732 0.0620447 0.0629801 0.0622431 0.0602656 0.0574647 0.0542118 0.0508145 0.0475018 0.0444066 0.0415312 0.0387112 0.0356241 0.0318978 0.027309 0.0219682 0.0163503
 0.00675992 0.0110145 0.016641 0.0236104 0.03171 0.0404183 0.0488745 0.0560873 0.0612919 0.064192 0.0649312 0.0638966 0.0615398 0.0582922 0.0545352 0.0505864 0.0466875 0.0429904 0.039532 0.036206 0.032769 0.0289258 0.024491 0.0195457 0.0144713
 0.00706801 0.0115155 0.0173953 0.0246736 0.0331219 0.0421851 0.0509505 0.0583677 0.0636272 0.0664166 0.0668934 0.0654781 0.0626628 0.0589141 0.0546375 0.0501606 0.0457273 0.0414939 0.0375174 0.0337368 0.0299783 0.0260203 0.0217211 0.017145 0.012592
 0.00733776 0.0119597 0.0180742 0.0256462 0.034434 0.0438496 0.052928 0.0605597 0.0658894 0.0685865 0.0688173 0.0670296 0.0637513 0.0594873 0.054677 0.0496723 0.0447288 0.0400082 0.0355781 0.0314073 0.0273748 0.0233214 0.0191468 0.0149055 0.0108293
 0.00752102 0.0122536 0.0185098 0.0262529 0.0352376 0.0448678 0.0541624 0.0619873 0.0674583 0.0702164 0.0704066 0.0684656 0.0649242 0.0603035 0.0550688 0.0496013 0.0441831 0.0389979 0.0341352 0.0295935 0.025295 0.0211296 0.0170304 0.0130457 0.00935242
 0.00770874 0.0125764 0.019027 0.0270268 0.0363157 0.0462569 0.0558077 0.0637733 0.0692371 0.071848 0.0717877 0.0695349 0.0656497 0.0606671 0.0550577 0.0492066 0.0434033 0.0378436 0.0326352 0.0278042 0.0233101 0.0190829 0.0150818 0.0113477 0.00800996
 0.00779917 0.0127416 0.0193103 0.0274827 0.0370007 0.0472122 0.0570395 0.0652384 0.0708413 0.073459 0.0732591 0.0707353 0.0664876 0.0611009 0.0550877 0.0488565 0.0427038 0.036825 0.0313325 0.0262684 0.0216206 0.0173514 0.0134405 0.00992165 0.00688409
 0.00800234 0.0130464 0.0197232 0.0279969 0.0376043 0.047899 0.0578135 0.0661088 0.0718076 0.074496 0.074308 0.071708 0.0672832 0.0616288 0.0552878 0.0487074 0.0422174 0.0360345 0.0302833 0.0250176 0.0202426 0.0159412 0.0121064 0.00876435 0.00597136
 0.00811741 0.0132399 0.0200246 0.028433 0.0381883 0.048617 0.0586171 0.0669241 0.0725616 0.0751449 0.0748475 0.0721576 0.0676568 0.0619136 0.0554423 0.048679 0.0419639 0.0355392 0.0295591 0.0241046 0.0192047 0.0148612 0.0110757 0.007866 0.00526092
 0.00814454 0.0132851 0.0200954 0.02854 0.0383457 0.0488418 0.0589245 0.0673196 0.0730326 0.075658 0.0753564 0.0726194 0.0680453 0.0622194 0.0556611 0.0487966 0.0419528 0.0353683 0.0292095 0.0235833 0.018549 0.0141342 0.0103538 0.00722095 0.00474265
 0.00818552 0.0133504 0.0201912 0.0286711 0.0385145 0.0490478 0.0591638 0.0675857 0.0733184 0.0759564 0.0756588 0.0729119 0.0683086 0.0624328 0.0558076 0.0488647 0.0419324 0.0352469 0.0289748 0.0232318 0.0180963 0.0136188 0.00982997 0.00674466 0.00435523
 0.0082125 0.0133837 0.0202224 0.0286868 0.0385019 0.0490018 0.0590927 0.0675113 0.0732697 0.0759605 0.0757335 0.0730618 0.0685244 0.0626926 0.0560806 0.0491164 0.0421303 0.0353639 0.0289916 0.0231402 0.0179032 0.013349 0.00952324 0.00644556 0.00410041
 0.00829722 0.013496 0.0203441 0.0287847 0.0385361 0.0489402 0.0589242 0.0672516 0.0729582 0.0756515 0.0754837 0.0729183 0.0685137 0.0628151 0.0563119 0.0494142 0.0424442 0.0356455 0.0292017 0.0232545 0.0179159 0.0132732 0.00938769 0.00628632 0.0039503
 0.00846916 0.0137563 0.0206982 0.0292205 0.0390218 0.0494244 0.05934 0.0675274 0.0730372 0.0755136 0.0751569 0.0724715 0.0680346 0.0623841 0.0559823 0.0492047 0.042342 0.0356162 0.0292029 0.0232478 0.0178763 0.0131935 0.00927721 0.0061643 0.00383719
 0.00860905 0.0139923 0.0210677 0.0297584 0.0397468 0.0503193 0.0603361 0.0685061 0.0738554 0.0760424 0.0753177 0.0722543 0.067496 0.0616279 0.055131 0.04837 0.0416025 0.0350089 0.0287278 0.0228819 0.0175891 0.0129597 0.00908247 0.00600441 0.00371272
 0.00860055 0.0139784 0.0210483 0.0297381 0.0397395 0.0503517 0.0604457 0.0687286 0.0742041 0.07649 0.0757936 0.0726636 0.0677524 0.0616845 0.0549937 0.0480895 0.0412517 0.0346566 0.0284198 0.0226358 0.0174005 0.0128145 0.00896724 0.0059116 0.00363997
 0.00855515 0.0139045 0.0209372 0.0295829 0.0395379 0.0501112 0.0601886 0.0684941 0.0740437 0.0764545 0.0759144 0.0729364 0.0681308 0.0620916 0.0553484 0.0483349 0.0413713 0.034671 0.0283696 0.0225603 0.0173254 0.01275 0.00891404 0.00586764 0.00360421
 0.00847654 0.0137882 0.0207835 0.0293988 0.0393346 0.0499002 0.0599789 0.0682947 0.0738672 0.0763211 0.0758513 0.0729709 0.0682784 0.0623441 0.0556697 0.0486698 0.0416644 0.0348863 0.028499 0.0226187 0.0173377 0.0127389 0.00889437 0.00584688 0.00358567
 0.00855052 0.0138877 0.0208951 0.0294985 0.0393952 0.0499034 0.059924 0.0681968 0.0737484 0.0761997 0.0757382 0.0728731 0.0682057 0.0623096 0.0556839 0.0487311 0.0417554 0.0349796 0.0285693 0.0226534 0.0173389 0.012718 0.00886453 0.0058178 0.00356218
 0.00864023 0.0140253 0.0210856 0.0297376 0.0396668 0.050178 0.0601602 0.0683503 0.073786 0.0761136 0.0755499 0.0726241 0.0679417 0.0620676 0.0554875 0.0485907 0.04167 0.0349379 0.0285532 0.0226445 0.017325 0.0126958 0.00883728 0.00579107 0.00354019
 0.00858104 0.0139497 0.0210098 0.0296887 0.0396747 0.0502619 0.0603179 0.0685549 0.073994 0.0762787 0.0756378 0.0726224 0.0678617 0.0619385 0.0553446 0.0484644 0.0415784 0.0348854 0.0285331 0.0226439 0.0173306 0.0126987 0.00883431 0.00578359 0.00353129
 0.00857687 0.0139307 0.0209602 0.0295905 0.0395174 0.050055 0.0600973 0.0683755 0.0739078 0.0763105 0.0757728 0.0728145 0.0680558 0.0620929 0.0554431 0.0485144 0.0416001 0.0348992 0.0285514 0.0226695 0.0173593 0.0127241 0.00885241 0.00579361 0.00353509
 0.00835755 0.0136097 0.0205423 0.0291017 0.0389954 0.0495361 0.0596091 0.067941 0.0735555 0.0760795 0.075705 0.0729362 0.0683599 0.0625358 0.0559585 0.0490361 0.0420805 0.0353148 0.0288974 0.02295 0.0175804 0.0128913 0.0089715 0.0058722 0.00358252
 0.00812396 0.0132641 0.0200868 0.0285635 0.0384231 0.0489896 0.0591486 0.0676155 0.0733918 0.0760753 0.0758331 0.07316 0.0686494 0.0628738 0.056333 0.0494308 0.0424713 0.0356764 0.0292111 0.0232074 0.0177818 0.0130419 0.00907831 0.00594323 0.00362616
 0.00792974 0.0129418 0.0195925 0.0278599 0.0374971 0.0478748 0.0579413 0.0664666 0.072469 0.0755116 0.075688 0.0734118 0.0692172 0.0636517 0.0572202 0.0503465 0.0433569 0.03649 0.0299236 0.0238014 0.018252 0.0133943 0.00932714 0.00610775 0.00372721
 0.00775636 0.0126732 0.0192118 0.0273576 0.036869 0.0471221 0.0570765 0.0655252 0.0715201 0.074658 0.075049 0.0730912 0.0692696 0.0640647 0.0579217 0.051231 0.0443154 0.0374316 0.0307831 0.0245389 0.0188487 0.0138488 0.00965186 0.00632406 0.00386069
 0.00761004 0.0124194 0.0188023 0.0267422 0.0360122 0.0460267 0.0558009 0.0641805 0.0702441 0.0735796 0.0742658 0.0726661 0.069237 0.0644302 0.0586544 0.0522578 0.0455283 0.0387077 0.0320094 0.0256296 0.019753 0.0145492 0.010158 0.00666391 0.00407162
 0.00828532 0.0133715 0.0199634 0.0279528 0.0370593 0.0467092 0.0559884 0.0638381 0.0694254 0.0724037 0.0728896 0.0712571 0.0679482 0.0633821 0.0579246 0.0518768 0.0454786 0.0389286 0.0324107 0.026113 0.0202328 0.0149661 0.0104828 0.00689322 0.00421876
 0.00894908 0.0144264 0.0214962 0.030001 0.0395726 0.0495074 0.0587431 0.0661193 0.0708206 0.0726609 0.0720024 0.0694464 0.0655647 0.0607926 0.0554332 0.0496924 0.0437147 0.0376171 0.0315198 0.0255687 0.019942 0.0148381 0.0104444 0.00689469 0.00423207
 0.00886131 0.0143937 0.0216496 0.0305287 0.0406681 0.0512855 0.0611604 0.0689429 0.0736635 0.075072 0.0735793 0.0699395 0.0649391 0.0592264 0.0532504 0.0472623 0.0413604 0.0355618 0.0298761 0.0243547 0.0191111 0.0143104 0.0101333 0.00672427 0.00414523
 0.00849235 0.0138365 0.0208983 0.0296272 0.0397252 0.0504814 0.0607329 0.0691339 0.0746278 0.0767822 0.0757884 0.0722348 0.0668724 0.0604576 0.053643 0.046895 0.0404645 0.0344238 0.0287475 0.0234005 0.0184004 0.0138377 0.00985108 0.00657301 0.00407266
 0.00851108 0.0138291 0.0208188 0.0294143 0.0393247 0.0498821 0.0599986 0.0684125 0.074125 0.0767043 0.0762681 0.0732676 0.0682912 0.0619695 0.0549214 0.0476917 0.0406874 0.0341454 0.0281499 0.0226918 0.0177453 0.0133259 0.00950226 0.00636259 0.0039595
 0.00843652 0.0137114 0.0206463 0.0291732 0.0389963 0.0494418 0.0594243 0.067704 0.0733298 0.0759345 0.0756916 0.0730628 0.0685781 0.0627468 0.056047 0.0489231 0.0417688 0.0348988 0.0285241 0.0227519 0.0176173 0.0131337 0.00932824 0.00624061 0.00388907
 0.00837637 0.0136177 0.0205131 0.0289975 0.0387782 0.0491837 0.0591288 0.0673723 0.0729611 0.0755321 0.0752773 0.0726925 0.0683428 0.0627468 0.056344 0.049497 0.0425092 0.0356437 0.0291266 0.0231345 0.0177864 0.0131528 0.00927501 0.00617357 0.00383716
 0.00841689 0.0136653 0.0205512 0.029 0.0387173 0.0490413 0.0589059 0.067089 0.0726474 0.0752154 0.0749752 0.072416 0.0681086 0.0625883 0.0563093 0.0496282 0.0428127 0.0360725 0.0295914 0.0235406 0.0180728 0.0133095 0.00933183 0.00617463 0.00381868
 0.00847509 0.0137517 0.0206648 0.0291318 0.0388489 0.0491458 0.0589513 0.0670455 0.0724984 0.0749671 0.074657 0.0720714 0.0677815 0.062315 0.0561182 0.0495432 0.0428494 0.0362276 0.0298336 0.023815 0.018321 0.0134922 0.00943988 0.00622302 0.00383165
 0.00846273 0.0137406 0.0206644 0.0291552 0.0389081 0.049244 0.0590768 0.0671711 0.0725881 0.074987 0.0745875 0.0719139 0.0675589 0.0620646 0.0558823 0.0493596 0.0427456 0.0362161 0.0299082 0.0239505 0.0184795 0.0136369 0.00954729 0.00628813 0.0038631
 0.00843269 0.013697 0.0206089 0.0290943 0.0388529 0.0492091 0.0590773 0.0672176 0.0726805 0.0751098 0.0747108 0.0720018 0.0675829 0.0620151 0.0557723 0.0492196 0.0426133 0.036124 0.0298746 0.0239751 0.0185458 0.0137197 0.00962353 0.00634433 0.00389696
 0.00854126 0.0138534 0.0208071 0.0293162 0.0390736 0.0494061 0.0592374 0.0673383 0.0727664 0.0751666 0.0747396 0.0719968 0.0675323 0.0619067 0.0556016 0.0489962 0.0423616 0.0358774 0.0296648 0.0238222 0.0184535 0.0136772 0.00961274 0.00634779 0.00390319
 0.00853927 0.0138639 0.0208474 0.0294075 0.0392323 0.0496314 0.0595031 0.0675985 0.0729723 0.075287 0.0747709 0.071958 0.0674493 0.0617982 0.055474 0.0488484 0.0421941 0.0356988 0.0294919 0.023674 0.0183431 0.0136073 0.00957636 0.00633336 0.00389977
 0.00833954 0.0135736 0.0204753 0.0289868 0.0388149 0.0492756 0.0592612 0.0675054 0.0730372 0.0754895 0.0750661 0.0722913 0.0677743 0.062087 0.0557162 0.0490428 0.0423418 0.0358024 0.0295574 0.0237119 0.0183658 0.0136249 0.00959374 0.0063506 0.00391474
 0.00844096 0.0137023 0.0206034 0.0290703 0.0388101 0.0491642 0.0590671 0.0672908 0.0728766 0.0754367 0.0751329 0.0724475 0.0679659 0.0622601 0.0558349 0.0490947 0.0423338 0.0357509 0.0294808 0.0236268 0.0182855 0.0135587 0.00954591 0.00632047 0.00389837
 0.00865613 0.0140232 0.0210305 0.0295791 0.0393512 0.0496681 0.0594551 0.0674925 0.0728552 0.0752087 0.074767 0.0720382 0.0675944 0.0619671 0.0556176 0.0489256 0.0421826 0.0355996 0.0293266 0.0234767 0.0181502 0.0134468 0.00946169 0.00626307 0.00386315
 0.00887345 0.0143882 0.0215985 0.0304003 0.0404494 0.0510112 0.0609324 0.0689207 0.0740202 0.0759284 0.0749461 0.0716893 0.0668228 0.0609288 0.054471 0.0477943 0.0411416 0.0346822 0.0285412 0.0228226 0.0176237 0.013042 0.00916806 0.00606444 0.00373908
 0.0086558 0.0140935 0.0212663 0.0301092 0.0403015 0.0511033 0.0613252 0.0696171 0.074956 0.0769778 0.0759441 0.0724716 0.0672718 0.061006 0.0542198 0.0473137 0.0405462 0.0340688 0.0279736 0.0223332 0.017224 0.0127318 0.00894063 0.00590861 0.00364035
 0.00842059 0.0137106 0.0206938 0.029321 0.0393082 0.0499775 0.0602148 0.0687258 0.0744858 0.0770551 0.0765693 0.0735176 0.0685291 0.0622504 0.0552743 0.0480841 0.0410237 0.0343051 0.0280455 0.0223126 0.0171634 0.0126628 0.00887939 0.0058614 0.00360789
 0.00816147 0.0132869 0.0200523 0.0284132 0.0381042 0.0484877 0.0585145 0.0669671 0.0728849 0.0758526 0.0759726 0.0736424 0.0693606 0.063641 0.0569854 0.0498557 0.0426426 0.035645 0.0290692 0.0230469 0.0176651 0.0129924 0.00908798 0.00598783 0.0036805
 0.00818314 0.0132968 0.0200192 0.028289 0.0378318 0.0480159 0.0578147 0.0660471 0.0717969 0.0746965 0.0748912 0.0728029 0.068917 0.063688 0.0575211 0.0507758 0.0437723 0.0367958 0.0300925 0.0238624 0.0182581 0.0133916 0.00933942 0.00613695 0.00376382
 0.00815294 0.0132804 0.0200522 0.0284173 0.0380897 0.0483965 0.0582494 0.0664133 0.0719558 0.0745458 0.0744063 0.0720498 0.0680362 0.0628567 0.0569036 0.0504761 0.043806 0.0370936 0.0305347 0.0243269 0.018658 0.0136883 0.009534 0.00625159 0.00382518
 0.00783275 0.0128483 0.0195665 0.0279903 0.0378603 0.0484822 0.058701 0.0671907 0.0729327 0.0755361 0.0752082 0.0724995 0.0680573 0.0624846 0.0562714 0.0497661 0.0431872 0.0366708 0.0303301 0.0242955 0.0187247 0.0137844 0.00961722 0.00630698 0.0038553
#obs surv len freq
 nan nan nan nan nan nan nan nan nan nan nan nan nan nan nan nan nan nan nan nan nan nan nan nan nan
 0.00448405 0.00734538 0.0111757 0.015993 0.0216952 0.0279725 0.0342881 0.0400203 0.0446999 0.0481629 0.0505193 0.0520133 0.0529037 0.0534143 0.0537272 0.0539811 0.0542589 0.0545511 0.0546895 0.0542813 0.0527194 0.0493518 0.043802 0.0362828 0.0276672
 0.00461459 0.00755896 0.0114994 0.0164518 0.0223062 0.0287356 0.0351764 0.0409775 0.0456477 0.0490162 0.0512023 0.0524706 0.0531063 0.0533602 0.0534372 0.0534914 0.0536126 0.0537906 0.0538538 0.0534071 0.0518454 0.0485209 0.0430585 0.0356643 0.0271945
 0.00477438 0.00782068 0.0118969 0.0170179 0.0230662 0.0296969 0.0363175 0.0422429 0.0469535 0.0502635 0.052292 0.0533153 0.0536391 0.0535415 0.0532581 0.0529724 0.052797 0.0527366 0.0526266 0.0520763 0.0504855 0.0472115 0.0418787 0.0346791 0.0264402
 0.00495895 0.00812362 0.0123582 0.0176768 0.0239537 0.0308239 0.0376624 0.0437465 0.0485263 0.0518006 0.0536878 0.0544728 0.0544745 0.0539894 0.0532765 0.0525483 0.0519487 0.0515119 0.0510996 0.0503429 0.0486599 0.0454197 0.0402455 0.0333064 0.025385
 0.00517402 0.00847447 0.0128886 0.0184287 0.0249595 0.0320947 0.0391749 0.0454376 0.050301 0.0535484 0.0552984 0.0558455 0.0555221 0.0546385 0.05347 0.0522487 0.0511442 0.0502238 0.0493879 0.0483098 0.0464472 0.0431977 0.0381887 0.0315605 0.024035
 0.00540515 0.00885411 0.0134672 0.0192555 0.0260731 0.0335075 0.0408582 0.0473164 0.0522652 0.0554744 0.0570687 0.0573588 0.056694 0.0553996 0.0537629 0.0520282 0.0503814 0.0489158 0.047572 0.046077 0.0439484 0.0406327 0.0357756 0.0294883 0.0224199
 0.00566089 0.00926877 0.0140895 0.0201308 0.0272358 0.0349688 0.0425921 0.0492534 0.0542998 0.0574834 0.0589296 0.0589623 0.0579498 0.0562362 0.0541243 0.0518698 0.0496696 0.0476349 0.0457405 0.0437688 0.0413081 0.0378715 0.0331377 0.0271961 0.0206176
 0.00590249 0.00967019 0.0147094 0.0210282 0.0284578 0.0365301 0.0444568 0.0513304 0.0564593 0.0595847 0.0608454 0.0605892 0.0592076 0.0570629 0.0544714 0.0516979 0.0489471 0.046343 0.0438885 0.0414173 0.0385907 0.0349976 0.0303626 0.0247616 0.0186881
 0.00614996 0.0100731 0.0153173 0.0218893 0.0296111 0.0379932 0.0462102 0.0533091 0.0585572 0.0616709 0.0627844 0.0622583 0.0605079 0.0579236 0.0548453 0.0515533 0.048261 0.0451014 0.0420986 0.0391314 0.0359304 0.0321615 0.0276013 0.0223203 0.0167399
 0.00637587 0.0104475 0.0158939 0.0227218 0.0307423 0.0394372 0.0479359 0.0552367 0.0605718 0.0636467 0.0646045 0.0638226 0.0617337 0.0587433 0.0552071 0.0514203 0.0476086 0.0439179 0.0403931 0.0369529 0.0333906 0.0294448 0.0249445 0.0199597 0.0148465
 0.00662068 0.0108429 0.0164845 0.0235484 0.0318351 0.0408053 0.0495545 0.0570402 0.0624597 0.0655007 0.0663068 0.0652709 0.062848 0.0594664 0.0555002 0.0512563 0.0469681 0.0427906 0.0387872 0.0349128 0.0310179 0.0269078 0.0224605 0.0177476 0.0130671
 0.00685937 0.0112363 0.0170857 0.0244085 0.0329908 0.0422607 0.0512646 0.058909 0.064358 0.0672954 0.0678847 0.0665481 0.0637678 0.0599932 0.0556133 0.0509449 0.0462274 0.0416209 0.0372017 0.032954 0.0287772 0.0245351 0.02015 0.0156955 0.0114179
 0.00706349 0.0115756 0.0176103 0.0251696 0.0340304 0.0435945 0.0528644 0.0606949 0.0662091 0.0690719 0.069454 0.0678034 0.0646381 0.0604434 0.0556366 0.0505516 0.0454339 0.0404458 0.0356702 0.031112 0.0267086 0.0223718 0.0180603 0.0138486 0.00993769
 0.00726228 0.0118985 0.0180962 0.0258551 0.0349438 0.0447458 0.0542332 0.0622249 0.0678121 0.0706409 0.0708783 0.0689812 0.0654869 0.0609078 0.0556914 0.0501983 0.0446931 0.0393485 0.034256 0.0294355 0.024852 0.0204525 0.0162224 0.0122342 0.00864909
 0.00745135 0.0122077 0.0185644 0.0265184 0.0358274 0.0458513 0.0555273 0.0636372 0.0692477 0.0720002 0.0720737 0.0699434 0.0661636 0.0612614 0.0556984 0.0498514 0.0440012 0.0383363 0.0329635 0.0279203 0.0231949 0.0187602 0.0146191 0.0108379 0.00754176
 0.00754755 0.0123693 0.0188175 0.0268916 0.0363471 0.0465332 0.0563675 0.0646068 0.0702947 0.0730579 0.0730703 0.070811 0.066844 0.0617094 0.0558818 0.0497502 0.0436081 0.0376585 0.0320256 0.026769 0.0219018 0.0174204 0.0133406 0.00972104 0.00665508
 0.00759978 0.012449 0.0189288 0.0270373 0.0365315 0.0467659 0.0566638 0.0649845 0.0707668 0.073624 0.0737103 0.0714847 0.0674959 0.0622772 0.0563057 0.0499798 0.0436076 0.03741 0.0315327 0.0260601 0.0210328 0.0164718 0.0124059 0.00888827 0.00598593
 0.00763389 0.0124999 0.0189968 0.0271199 0.0366238 0.046863 0.0567637 0.0650913 0.0708926 0.0737891 0.0739376 0.0717897 0.0678757 0.0627043 0.0567304 0.0503401 0.0438418 0.0374689 0.0313895 0.0257169 0.0205227 0.0158559 0.0117622 0.00829351 0.00549686
 0.00769735 0.0125918 0.0191141 0.0272522 0.0367563 0.0469805 0.0568551 0.0651514 0.0709242 0.0738025 0.0739516 0.0718286 0.0679632 0.062854 0.0569372 0.0505756 0.0440586 0.037612 0.0314112 0.0255909 0.0202536 0.0154791 0.0113352 0.00787898 0.00514505
 0.00777533 0.0127138 0.019288 0.0274799 0.0370311 0.0472843 0.0571576 0.0654139 0.0711095 0.0738882 0.0739375 0.0717368 0.0678304 0.06272 0.0568338 0.0505175 0.0440385 0.0376018 0.0313719 0.0254868 0.0200672 0.015219 0.0110334 0.00757874 0.00488504
 0.00783543 0.0128108 0.0194323 0.02768 0.0372905 0.047598 0.0575075 0.0657685 0.0714281 0.0741296 0.0740706 0.0717487 0.0677297 0.0625352 0.0566047 0.050284 0.0438284 0.0374238 0.0312149 0.0253286 0.0198871 0.0150098 0.0108058 0.00735602 0.00469188
 0.00786497 0.0128552 0.0194927 0.0277559 0.0373814 0.0477047 0.0576326 0.0659145 0.0715934 0.0743049 0.0742379 0.071884 0.0678103 0.0625473 0.0565494 0.0501768 0.0436929 0.0372821 0.0310788 0.0251975 0.019753 0.0148661 0.0106543 0.00720782 0.00456157
 0.00785672 0.0128414 0.0194714 0.0277253 0.0373405 0.0476549 0.0575791 0.0658668 0.071565 0.0743102 0.0742872 0.0719785 0.067939 0.0626886 0.0566779 0.0502724 0.0437469 0.037297 0.0310636 0.0251605 0.0196987 0.0147968 0.0105738 0.00712376 0.00448386
 0.00786892 0.0128548 0.0194797 0.027719 0.0373097 0.0475934 0.0574884 0.0657572 0.071453 0.0742145 0.0742254 0.0719636 0.0679764 0.0627744 0.0567981 0.0504059 0.0438716 0.0373961 0.0311289 0.0251919 0.0197006 0.0147755 0.0105363 0.00707816 0.00443845
 0.00789872 0.0128989 0.0195377 0.0277864 0.037378 0.0476509 0.0575214 0.0657535 0.071406 0.0741276 0.0741127 0.0718471 0.0678794 0.0627147 0.0567835 0.0504324 0.043926 0.0374605 0.0311866 0.0252316 0.0197178 0.0147717 0.0105171 0.00705052 0.00440932
 0.00790208 0.0129045 0.0195461 0.0277981 0.0373926 0.0476664 0.0575342 0.0657576 0.0713949 0.0740962 0.07406 0.0717783 0.0678057 0.062651 0.0567441 0.0504263 0.0439534 0.037513 0.0312503 0.0252919 0.0197638 0.0147987 0.010526 0.00704645 0.00439846
 0.00788107 0.0128682 0.0194881 0.0277118 0.0372743 0.0475187 0.0573683 0.0655928 0.0712529 0.0739945 0.074007 0.0717721 0.0678387 0.062714 0.0568302 0.0505316 0.044075 0.0376462 0.0313865 0.0254199 0.019873 0.0148819 0.0105818 0.00707832 0.00441311
 0.00789503 0.0128846 0.0195008 0.0277109 0.0372481 0.0474576 0.0572685 0.0654589 0.0710979 0.0738375 0.0738693 0.0716719 0.0677869 0.0627121 0.056872 0.0506073 0.0441742 0.0377599 0.0315061 0.0255365 0.0199776 0.0149673 0.0106443 0.00711885 0.00443588
 0.00786648 0.0128413 0.0194414 0.0276356 0.0371575 0.0473519 0.0571474 0.0653227 0.0709504 0.0736879 0.0737321 0.0715651 0.0677269 0.0627093 0.0569279 0.0507142 0.0443185 0.0379254 0.0316773 0.0257002 0.020123 0.0150869 0.0107348 0.00718111 0.00447443
 0.00784801 0.0128069 0.019382 0.0275409 0.0370201 0.0471718 0.0569359 0.0651011 0.0707435 0.0735163 0.0736077 0.0714919 0.067705 0.0627383 0.057007 0.0508402 0.0444836 0.0381168 0.0318791 0.0258962 0.0202994 0.0152339 0.0108479 0.00726079 0.00452551
 0.00782541 0.0127723 0.0193335 0.0274773 0.0369399 0.0470723 0.056814 0.0649559 0.0705799 0.073347 0.0734513 0.0713684 0.0676293 0.0627178 0.0570415 0.0509246 0.0446099 0.0382745 0.0320553 0.0260759 0.0204678 0.0153792 0.0109628 0.00734398 0.00458024
 0.00779707 0.0127225 0.0192519 0.0273534 0.0367662 0.0468502 0.0565569 0.0646883 0.0703303 0.0731399 0.073302 0.0712834 0.0676099 0.0627622 0.0571456 0.0510809 0.0448074 0.0384993 0.0322921 0.0263088 0.0206819 0.0155623 0.0111078 0.00744937 0.0046502
 0.00775237 0.0126507 0.0191454 0.0272054 0.036572 0.0466089 0.0562748 0.0643807 0.0700219 0.072861 0.0730832 0.0711482 0.0675703 0.0628174 0.0572847 0.0512872 0.0450618 0.0387826 0.0325848 0.0265925 0.0209401 0.015782 0.0112814 0.00757591 0.00473465
 0.00773187 0.0126135 0.0190825 0.0271062 0.0364271 0.0464143 0.0560351 0.0641102 0.0697416 0.0725944 0.0728528 0.0709742 0.0674693 0.0628003 0.0573541 0.0514363 0.0452758 0.0390411 0.0328654 0.0268729 0.0212004 0.0160068 0.0114613 0.00770845 0.004824
 0.00934259 0.0148725 0.0218177 0.0299346 0.0388653 0.0480551 0.0566882 0.0638301 0.0687495 0.0711628 0.0712202 0.0693124 0.0658882 0.0613656 0.0561023 0.0503842 0.0444249 0.038381 0.0323764 0.0265291 0.020973 0.0158669 0.0113824 0.00766855 0.00480643
 0.00931531 0.0151276 0.0227296 0.0319694 0.0423789 0.0530201 0.0625198 0.0694804 0.073078 0.0733841 0.0711613 0.0673586 0.0627114 0.0576358 0.0523214 0.0468556 0.0412997 0.0357169 0.0301803 0.02478 0.0196328 0.0148851 0.0107002 0.00722277 0.00453488
 0.00896248 0.0145703 0.0219438 0.0310018 0.041403 0.0523753 0.0626729 0.0708609 0.0758258 0.0771589 0.0751817 0.0706984 0.0646857 0.0580382 0.0513985 0.0450951 0.0391974 0.0336394 0.0283379 0.0232618 0.0184526 0.0140165 0.0100966 0.00682918 0.00429589
 0.00879017 0.0142784 0.0214833 0.0303227 0.040473 0.0512139 0.0613947 0.0697051 0.0751381 0.077297 0.0763573 0.0728272 0.0673497 0.0606212 0.0533352 0.046087 0.0392744 0.0330626 0.0274373 0.0223099 0.0176151 0.0133624 0.00963059 0.00652327 0.00411057
 0.00872985 0.0141734 0.0213113 0.0300557 0.0400799 0.0506676 0.0606847 0.0688555 0.0742281 0.0764769 0.0758399 0.0728343 0.0680166 0.0619005 0.0549703 0.0476953 0.0405044 0.0337303 0.0275647 0.0220616 0.017194 0.0129292 0.00927415 0.00627043 0.00395119
 0.00870714 0.0141355 0.0212517 0.0299661 0.0399492 0.0504818 0.0604277 0.0685126 0.073793 0.0759641 0.0753008 0.0723671 0.0677563 0.0619763 0.0554405 0.0484955 0.0414512 0.0345925 0.0281628 0.0223336 0.0171932 0.0127692 0.00906613 0.00608642 0.00381944
 0.00868339 0.0140942 0.0211849 0.0298649 0.0398064 0.0502948 0.0602008 0.0682556 0.073517 0.0756772 0.0750094 0.072085 0.0675169 0.0618385 0.0554747 0.0487505 0.0419156 0.0351811 0.0287442 0.0227874 0.0174594 0.0128602 0.00904128 0.0060126 0.00374406
 0.00866741 0.0140709 0.0211544 0.029828 0.0397634 0.0502433 0.0601351 0.0681684 0.0734025 0.0755338 0.0748408 0.0718997 0.0673292 0.0616709 0.0553618 0.0487328 0.0420241 0.0354149 0.0290603 0.0231128 0.0177233 0.0130242 0.00910841 0.00601382 0.00371587
 0.00866718 0.0140697 0.0211511 0.0298214 0.0397524 0.0502278 0.0601158 0.0681456 0.0733743 0.0754952 0.0747847 0.0718203 0.0672255 0.0615508 0.0552426 0.0486406 0.0419872 0.0354536 0.0291741 0.0232761 0.0178942 0.0131634 0.00919536 0.00605097 0.00371993
 0.00864997 0.0140451 0.0211202 0.0297873 0.0397191 0.0501985 0.060092 0.068127 0.0733596 0.0754828 0.0747724 0.0718045 0.0672019 0.0615158 0.0551972 0.0485928 0.0419521 0.0354485 0.0292105 0.0233523 0.0179939 0.0132624 0.00927332 0.00609915 0.00374166
 0.00865912 0.0140558 0.0211288 0.0297883 0.0397072 0.0501718 0.0600537 0.0680847 0.0733222 0.0754563 0.0747577 0.0717984 0.0671985 0.0615094 0.0551841 0.0485731 0.0419307 0.0354346 0.0292142 0.0233792 0.0180412 0.0133195 0.00932678 0.00613927 0.00376563
 0.00865747 0.0140561 0.0211344 0.0298034 0.0397345 0.0502098 0.0600954 0.0681193 0.0733395 0.0754517 0.0747341 0.0717634 0.0671602 0.0614727 0.05515 0.0485407 0.0418999 0.035408 0.0291965 0.0233752 0.0180525 0.0133426 0.00935455 0.00616436 0.00378362
 0.00862207 0.0140031 0.0210636 0.0297181 0.0396418 0.0501199 0.0600195 0.0680678 0.0733187 0.0754613 0.0747674 0.0718103 0.0672121 0.0615241 0.0551988 0.0485861 0.0419413 0.0354451 0.0292303 0.0234076 0.0180852 0.0133757 0.0093859 0.00619092 0.00380322
 0.00862006 0.0139955 0.0210441 0.0296791 0.0395769 0.0500279 0.059908 0.0679525 0.0732192 0.0753945 0.0747422 0.0718259 0.0672595 0.061591 0.0552732 0.0486592 0.0420083 0.0355042 0.0292816 0.0234522 0.0181243 0.0134099 0.00941529 0.00621465 0.00382068
 0.00861662 0.01399 0.0210359 0.0296668 0.0395579 0.0499982 0.0598626 0.0678882 0.0731372 0.0753032 0.0746563 0.0717619 0.0672297 0.0615991 0.0553141 0.048722 0.0420809 0.0355768 0.0293481 0.0235098 0.0181726 0.0134495 0.00944667 0.00623842 0.00383751
 0.00861662 0.01399 0.0210359 0.0296668 0.0395579 0.0499982 0.0598626 0.0678882 0.0731372 0.0753032 0.0746563 0.0717619 0.0672297 0.0615991 0.0553141 0.048722 0.0420809 0.0355768 0.0293481 0.0235098 0.0181726 0.0134495 0.00944667 0.00623842 0.00383751
 0.00891241 0.014456 0.0217071 0.0305598 0.0406604 0.0512569 0.0611749 0.0691084 0.0741059 0.0758891 0.074791 0.0714534 0.0665508 0.0606624 0.0542426 0.0476255 0.041042 0.0346481 0.0285567 0.0228644 0.0176693 0.0130763 0.00918548 0.00606738 0.00373361
 0.00878641 0.0142914 0.0215346 0.0304347 0.0406503 0.0514194 0.0615369 0.0696549 0.074781 0.0766062 0.0754491 0.071957 0.0668315 0.0606944 0.0540462 0.047257 0.0405748 0.034153 0.0280887 0.0224584 0.0173413 0.0128282 0.0090099 0.00595168 0.00366307
 0.00864868 0.0140515 0.0211479 0.0298606 0.039875 0.0504849 0.0605582 0.0688054 0.074241 0.0764977 0.0757914 0.0726659 0.0677554 0.061665 0.0549232 0.0479541 0.0410645 0.0344548 0.028248 0.0225255 0.0173584 0.0128237 0.00899964 0.00594257 0.00365704
 0.00852875 0.0138492 0.0208294 0.0293889 0.0392168 0.049625 0.0595178 0.0676574 0.073113 0.0755549 0.0752001 0.0725447 0.0681332 0.0624683 0.0559998 0.0491225 0.0421664 0.0353878 0.0289723 0.0230499 0.017718 0.0130602 0.00914988 0.00603469 0.0037111
 0.00860154 0.013951 0.0209508 0.0295068 0.0392959 0.0496222 0.0593884 0.0673642 0.0726397 0.0749219 0.0744762 0.0718429 0.0675865 0.0621883 0.0560368 0.0494477 0.0426852 0.0359783 0.0295274 0.0235038 0.0180497 0.0132811 0.00928607 0.00611347 0.0037542
 0.00875565 0.0142068 0.0213428 0.0300639 0.0400265 0.0504948 0.0603179 0.0682169 0.073263 0.075189 0.0743239 0.071291 0.0667328 0.0611847 0.0550508 0.0486183 0.042089 0.0356188 0.0293528 0.0234405 0.018034 0.0132746 0.00927484 0.00609793 0.00373901
 0.00897075 0.0145654 0.0218978 0.0308664 0.0411105 0.0518533 0.0618805 0.0698434 0.0747622 0.0763578 0.0749919 0.0713573 0.0661887 0.0601171 0.053624 0.0470367 0.040549 0.0342672 0.0282646 0.022623 0.0174501 0.0128712 0.0090031 0.00592018 0.00362794
#pred catch len freq
 0.00487813 0.00767566 0.0111109 0.0150647 0.0194599 0.0242499 0.0293443 0.0345637 0.0396718 0.0444404 0.0486905 0.0523061 0.0552355 0.0574801 0.0590641 0.0600013 0.0602761 0.0598384 0.058593 0.0563738 0.0529344 0.0480172 0.0415317 0.033762 0.0254362
 0.00515938 0.00803637 0.0114792 0.0153242 0.0194938 0.0240043 0.0288697 0.0340001 0.0391792 0.0441148 0.0485193 0.0521853 0.0550359 0.057122 0.058566 0.0594816 0.0599081 0.0597758 0.0588971 0.0569792 0.0536742 0.0486972 0.042012 0.034002 0.0254832
 0.00549209 0.00855371 0.0122075 0.016255 0.0205677 0.0250988 0.0298073 0.0345931 0.0393043 0.043777 0.0478523 0.0513781 0.0542335 0.0563704 0.0578352 0.0587385 0.0591787 0.0591517 0.0584839 0.0568278 0.053743 0.0488722 0.0421686 0.0340645 0.0254452
 0.00577254 0.00899866 0.0128581 0.0171458 0.0217223 0.0265191 0.0314509 0.0363478 0.0409794 0.0451311 0.0486622 0.0515213 0.0537347 0.0553779 0.0565425 0.0573088 0.0577211 0.0577443 0.0572016 0.0557384 0.0528796 0.0482161 0.0416645 0.0336568 0.0251046
 0.00607132 0.00946055 0.013511 0.0180054 0.0227983 0.0278201 0.0329822 0.0380962 0.0428901 0.0470848 0.0504672 0.0529373 0.0545327 0.0554163 0.0558178 0.0559496 0.0559319 0.0557394 0.0551645 0.0538094 0.0511559 0.0467515 0.0404733 0.0327256 0.0244077
 0.00647995 0.0100827 0.0143699 0.0190982 0.0241032 0.0293085 0.0346243 0.0398608 0.044739 0.0489649 0.0522975 0.0545941 0.0558451 0.056188 0.0558781 0.0552144 0.054442 0.053653 0.0527106 0.051231 0.0486664 0.0445125 0.038587 0.0312371 0.0233117
 0.00691183 0.0107519 0.0153163 0.0203381 0.0256297 0.031092 0.0366105 0.0419693 0.0468706 0.0510172 0.0541777 0.0562198 0.0571325 0.0570359 0.0561643 0.0548173 0.0532852 0.0517519 0.0501943 0.0483248 0.0456444 0.0416403 0.0360757 0.0292143 0.0218141
 0.00735096 0.0114302 0.0162723 0.0215883 0.0271723 0.0329112 0.0386729 0.0442141 0.0492033 0.0533128 0.0562965 0.0580278 0.0585186 0.0579161 0.0564714 0.0544874 0.052259 0.0500018 0.0477656 0.0453657 0.0424013 0.0384132 0.0331504 0.0267979 0.0199987
 0.00781232 0.0121377 0.0172593 0.0228616 0.0287184 0.0347047 0.0406784 0.0463803 0.0514566 0.0555558 0.0584113 0.0598853 0.0599911 0.0588923 0.0568654 0.0542386 0.0513272 0.0483702 0.0454618 0.0424944 0.0391644 0.0350943 0.0300565 0.0241824 0.0179996
 0.00825879 0.0128271 0.0182297 0.0241265 0.0302686 0.0365121 0.0426946 0.048534 0.0536556 0.0576964 0.0603882 0.0615973 0.0613432 0.0597966 0.0572437 0.054026 0.0504762 0.0468579 0.043306 0.0397784 0.0360593 0.0318558 0.0269823 0.0215379 0.0159476
 0.00872483 0.0135463 0.0192413 0.0254445 0.0318842 0.0383977 0.0448008 0.0507835 0.055942 0.0598928 0.0623638 0.0632341 0.062548 0.0605052 0.0574155 0.0536345 0.0495019 0.0452911 0.0411628 0.0371272 0.0330459 0.0287076 0.0239746 0.0189275 0.0139025
 0.00907494 0.0140948 0.0200296 0.0264998 0.0332196 0.0400093 0.0466609 0.052832 0.058085 0.0620097 0.0643197 0.0648961 0.0638014 0.0612654 0.0576336 0.0532916 0.0485989 0.0438415 0.0391972 0.0347127 0.0303097 0.0258459 0.0212292 0.0165303 0.0120111
 0.00943413 0.014641 0.0207827 0.027458 0.0343664 0.0413249 0.0481258 0.054421 0.0597568 0.0636989 0.0659372 0.0663361 0.064955 0.0620362 0.057949 0.0531084 0.0479023 0.0426408 0.0375265 0.0326396 0.02795 0.0233704 0.0188459 0.0144399 0.0103531
 0.00973941 0.0151257 0.0214901 0.0284188 0.0355923 0.0427988 0.0497928 0.0561891 0.0615123 0.0653306 0.0673541 0.0674721 0.0657621 0.0624766 0.0579923 0.0527332 0.0470995 0.0414183 0.0359146 0.0307004 0.0257874 0.0211329 0.0167109 0.0125769 0.00887871
 0.009907 0.0153988 0.0219035 0.029009 0.0363941 0.0438379 0.0510724 0.0576767 0.0631311 0.0669642 0.0688645 0.068727 0.0666618 0.0629676 0.0580625 0.0523963 0.0463792 0.0403416 0.0345171 0.0290375 0.0239472 0.0192396 0.0149117 0.0110108 0.0076409
 0.0101795 0.0157997 0.0224307 0.0296381 0.0370924 0.0445839 0.0518681 0.0585421 0.0640848 0.0679992 0.0699331 0.0697421 0.0675147 0.0635547 0.0583099 0.0522712 0.0458863 0.0395116 0.0333962 0.027687 0.0224489 0.0176992 0.0134498 0.00973991 0.00663707
 0.0103059 0.0160032 0.0227317 0.0300514 0.0376213 0.0452135 0.0525631 0.0592538 0.0647689 0.0686332 0.0705195 0.0702921 0.0680243 0.063989 0.0586069 0.0523616 0.0457172 0.039061 0.0326769 0.0267435 0.0213528 0.0165434 0.0123375 0.00876515 0.0058633
 0.0103628 0.0160912 0.022857 0.0302196 0.0378398 0.0454928 0.0529143 0.0596813 0.0652613 0.0691601 0.0710383 0.0707638 0.0684249 0.0643097 0.0588406 0.0524893 0.045705 0.038872 0.032289 0.026164 0.0206231 0.0157341 0.0115335 0.00804664 0.00528594
 0.0103809 0.0161209 0.0229024 0.0302851 0.0379303 0.0456135 0.0530709 0.0598797 0.0655066 0.0694539 0.0713739 0.0711226 0.068778 0.0646248 0.0590903 0.0526529 0.0457654 0.0388115 0.0320915 0.0258249 0.0201603 0.0151912 0.0109726 0.00753148 0.00486425
