SBPRF35
12.7214
Curr Bio
840732
B35
892534
F35
0.170523
FOFL
0.160061
OFL
110268
Bzero
3.63469e+06
#pred survey bio
 3.71044e+06 3.58016e+06 3.46408e+06 3.29839e+06 3.07255e+06 2.84257e+06 2.59801e+06 2.34481e+06 2.11056e+06 1.86751e+06 1.65594e+06 1.49521e+06 1.30647e+06 1.13144e+06 1.0171e+06 895825 802415 725739 672886 637359 618918 595656 578735 558623 552781 555393 553574 550164 546169 552960 558689 570991 583287 593932 607324 631667 638196 661572 675924 687771 693801 690405 681631 680812 685861 695519 687389 694121 703462 710701 705103 743431 776246 810167 849874 869324 875901 856376 846731 846297 2.95984e+07 1.76353e+07 1.78165e+07 1.85951e+07 1.97854e+07 2.11468e+07 2.24948e+07 2.37182e+07 2.47663e+07 2.56296e+07 2.63213e+07 2.6865e+07 2.72867e+07 2.76111e+07 2.78594e+07 2.8049e+07 2.81937e+07 2.83044e+07 2.83893e+07 2.84546e+07 2.85051e+07 2.85442e+07 2.85748e+07 2.85987e+07 2.86175e+07 2.86324e+07 2.86442e+07 2.86535e+07 2.8661e+07 2.8667e+07 2.86718e+07 2.86756e+07 2.86788e+07 2.86813e+07 2.86833e+07 2.8685e+07 2.86864e+07 2.86875e+07 2.86884e+07 2.86891e+07 2.86897e+07 2.86902e+07 2.86906e+07 2.86909e+07 2.86911e+07 2.86914e+07 2.86915e+07 2.86917e+07 2.86918e+07 2.86919e+07 2.8692e+07 2.8692e+07 2.86921e+07 2.86921e+07 2.86922e+07 2.86922e+07 2.86922e+07 2.86922e+07 2.86923e+07 2.86923e+07 2.86923e+07 2.86923e+07 2.86923e+07 2.86923e+07 2.86923e+07 2.86923e+07 2.86923e+07 2.86923e+07 2.86923e+07 2.86923e+07 2.86923e+07 2.86923e+07 2.86923e+07 2.86923e+07 2.86923e+07 2.86923e+07 2.86923e+07 2.86923e+07 2.86923e+07 2.86923e+07 2.86923e+07 2.86923e+07 2.86923e+07 2.86923e+07 2.86923e+07 2.86923e+07 2.86923e+07 2.86923e+07 2.86923e+07 2.86923e+07 2.86923e+07 2.86923e+07 2.86923e+07 2.86923e+07 2.86923e+07 2.86923e+07 2.86923e+07 2.86923e+07 2.86923e+07 2.86923e+07 0 0 0 0 0 0 0 0 0 0 0 0 0 0 0 0 0 0 0 0 0 0 0 0 0
#obs survey bio
 3.78886e+06 4.02415e+06 4.00973e+06 4.20744e+06 1.96888e+06 3.34761e+06 2.22238e+06 2.68556e+06 1.53692e+06 1.83233e+06 1.1326e+06 1.35666e+06 933022 949255 1.12119e+06 780961 567952 934964 501251 513976 750734 646818 568713 536218 549498 539558 633403 429378 535105 705227 436898 645021 585353 689828 624300 488436 613400 600207 1.07503e+06 724620 789151 793587 517302 444694 636399 675888 660740 473574 766696 930578 822146 600423 783706 758644 983480 809284 978932 853219 649007 963091
#pred catch bio
 96348.2 92100.7 148322 217163 237514 269069 295477 295822 319431 303840 268474 299731 289253 236110 240693 212607 193430 167851 148679 131120 132689 124807 125046 111053 103241 106305 106467 105630 95715.2 96494.2 91617.9 93022.9 95615.1 94440.5 87087 103758 90495.6 99240.5 101493 106260 113768 117806 111406 107737 105223 120596 107717 106233 108542 119125 82560.7 89522.5 89828.3 85979.9 103536 113738 135091 125792 117206 114488 110268 115938 115901 119621 126652 135038 143351 150804 157069 162104 166019 168987 171195 172814 173986 174828 175427 175852 176151 176361 176508 176611 176683 176732 176767 176791 176807 176819 176827 176832 176836 176839 176840 176842 176843 176843 176844 176844 176844 176844 176844 176844 176844 176844 176844 176844 176844 176844 176844 176844 176844 176844 176844 176844 176844 176844 176844 176844 176844 176844 176844 176844 176844 176844 176844 176844 176844 176844 176844 176844 176844 176844 176844 176844 176844 176844 176844 176844 176844 176844 176844 176844 176844 176844 176844 176844 176844 176844 176844 176844 176844 176844 176844 176844 176844 176844 176844 176844 176844 176844 0 0 0 0 0 0 0 0 0 0 0 0 0 0 0 0 0 0 0 0 0 0 0 0 0
#obs catch bio
 0 91698.5 148238 216925 237184 268729 296004 295922 320688 306567 270324 302618 293492 238249 243410 214964 195701 169414 150084 131784 133122 125466 126160 111716 103910 106609 106822 106276 95912.8 96481.4 91393.4 93224.1 95792.4 94572.8 86923.7 104290 90727.1 99492.4 101189 105832 113086 116964 111268 108313 105561 121293 107943 106736 108683 119446 82310.1 89731.6 90079.1 86103.2 103750 113409 134745 125739 117487 114468
#pred cpue bio
 3.66146e+06 3.53279e+06 3.41768e+06 3.25229e+06 3.02693e+06 2.79722e+06 2.55309e+06 2.30058e+06 2.06703e+06 1.82503e+06 1.61452e+06 1.4546e+06 1.26765e+06 1.09464e+06 981573 862204 770511 695634 644374 610068 592318 569776 553363 533918 528375 531118 529573 526453 522752 529597 535343 547251 559141 569525 582613 606339 612704 635638 649915 661727 667744 664412 655627 654465 659160 668593 660768 667380 676532 683702 678323 715934 748406 781972 821202 840615 847155 827744 817930 817821 2.86469e+07 1.70856e+07 1.71393e+07 1.77632e+07 1.8896e+07 2.02431e+07 2.15882e+07 2.2811e+07 2.3859e+07 2.47223e+07 2.5414e+07 2.59577e+07 2.63794e+07 2.67038e+07 2.69521e+07 2.71416e+07 2.72864e+07 2.73971e+07 2.7482e+07 2.75473e+07 2.75977e+07 2.76369e+07 2.76674e+07 2.76913e+07 2.77102e+07 2.77251e+07 2.77368e+07 2.77462e+07 2.77537e+07 2.77596e+07 2.77644e+07 2.77683e+07 2.77714e+07 2.7774e+07 2.7776e+07 2.77777e+07 2.7779e+07 2.77801e+07 2.7781e+07 2.77817e+07 2.77823e+07 2.77828e+07 2.77832e+07 2.77835e+07 2.77838e+07 2.7784e+07 2.77842e+07 2.77844e+07 2.77845e+07 2.77846e+07 2.77846e+07 2.77847e+07 2.77848e+07 2.77848e+07 2.77848e+07 2.77849e+07 2.77849e+07 2.77849e+07 2.77849e+07 2.77849e+07 2.7785e+07 2.7785e+07 2.7785e+07 2.7785e+07 2.7785e+07 2.7785e+07 2.7785e+07 2.7785e+07 2.7785e+07 2.7785e+07 2.7785e+07 2.7785e+07 2.7785e+07 2.7785e+07 2.7785e+07 2.7785e+07 2.7785e+07 2.7785e+07 2.7785e+07 2.7785e+07 2.7785e+07 2.7785e+07 2.7785e+07 2.7785e+07 2.7785e+07 2.7785e+07 2.7785e+07 2.7785e+07 2.7785e+07 2.7785e+07 2.7785e+07 2.7785e+07 2.7785e+07 2.7785e+07 2.7785e+07 2.7785e+07 2.7785e+07 2.7785e+07 2.7785e+07 2.7785e+07 0 0 0 0 0 0 0 0 0 0 0 0 0 0 0 0 0 0 0 0 0 0 0 0 0
#obs cpue bio
 3.09878e+06 3.92819e+06 3.50853e+06 3.44099e+06 2.96053e+06 2.45397e+06 2.10774e+06 2.03399e+06 2.3158e+06 1.11764e+06 2.02036e+06 1.63765e+06 1.19645e+06 1.20589e+06 849907 790506 917493 497792 726604 786495 565604 403940 449017 531013 437398 702695 424750 544596 587068 528189 771464 343234 575465 507154 601841 614888 510842 844687 636998 714846 750546 703377 540947 563723 714599 706784 689506 757327 781867 639335 535015 734318 658493 714884 892589 1.33994e+06 911827 612581 787200 947318
#pred surv len freq
 0.00470919 0.00763938 0.0114865 0.0162313 0.0217637 0.0278104 0.0339043 0.0394947 0.0441501 0.0476983 0.0502056 0.0518575 0.0528532 0.053361 0.0535163 0.0534382 0.0532495 0.0530711 0.0529544 0.0527463 0.0519697 0.0498675 0.0457097 0.0392552 0.0310571
 0.00492717 0.00791295 0.0117526 0.0163912 0.0217222 0.0275301 0.0334419 0.0389862 0.0437497 0.0475063 0.0502338 0.0520493 0.0531376 0.0537014 0.0539242 0.0539488 0.0538752 0.0537602 0.0535789 0.0531345 0.0519738 0.0494359 0.0449207 0.0382884 0.0301168
 0.00506486 0.00815614 0.0121482 0.0169782 0.0225034 0.0284403 0.0343377 0.0396823 0.0440972 0.0474677 0.0499006 0.0515873 0.052702 0.0533811 0.0537418 0.053894 0.053929 0.0538881 0.0537083 0.0531494 0.0517496 0.0489007 0.0441043 0.0373198 0.029168
 0.0052562 0.00845593 0.0125807 0.0175641 0.023262 0.0293866 0.0354672 0.0409466 0.0453832 0.0486054 0.0507098 0.0519482 0.052607 0.0529321 0.0530966 0.0531981 0.0532727 0.0532967 0.0531497 0.0525499 0.0510224 0.0479912 0.0430309 0.0361815 0.0281054
 0.00551536 0.00887 0.0131898 0.0183999 0.0243409 0.030701 0.0369782 0.0425827 0.0470492 0.050191 0.0520924 0.0529955 0.0531962 0.052988 0.0526278 0.0523008 0.0520935 0.0519744 0.0517703 0.0511357 0.049557 0.0464643 0.0414793 0.034698 0.0268085
 0.00576182 0.00926828 0.0137851 0.0192333 0.0254428 0.0320798 0.0386071 0.0443938 0.0489397 0.0520405 0.0537784 0.0544021 0.0542147 0.0535218 0.0526073 0.0517082 0.0509786 0.0504457 0.04996 0.0491619 0.0475081 0.0444135 0.039511 0.0329171 0.0253193
 0.00601963 0.0096838 0.0144042 0.0200978 0.0265842 0.0335096 0.0403043 0.046298 0.050956 0.0540523 0.0556625 0.0560386 0.0554932 0.0543436 0.0528903 0.0513955 0.0500542 0.0489478 0.0479836 0.0468435 0.0450045 0.0418872 0.037122 0.0308127 0.023611
 0.00632184 0.0101652 0.0151108 0.0210669 0.0278398 0.0350542 0.0421086 0.048296 0.0530504 0.0561294 0.0576069 0.0577412 0.0568541 0.0552724 0.0533059 0.0512305 0.0492631 0.0475233 0.0459728 0.0443583 0.0422173 0.0390127 0.0343871 0.0284182 0.0216932
 0.00661146 0.0106313 0.0158034 0.0220296 0.0291025 0.0366208 0.0439447 0.0503246 0.0551625 0.0582044 0.059531 0.059416 0.0581963 0.0562089 0.0537694 0.0511572 0.0485978 0.0462322 0.0440659 0.0419123 0.0393889 0.0360286 0.0315083 0.0258845 0.0196675
 0.00691316 0.0111217 0.0165414 0.02307 0.0304853 0.0383552 0.0459915 0.0525892 0.0575076 0.0604758 0.0615843 0.061134 0.0594942 0.0570312 0.0540798 0.0509265 0.0477969 0.0448372 0.0420773 0.0393853 0.0364591 0.0329162 0.0284854 0.0232125 0.0175291
 0.00721933 0.0116073 0.0172506 0.0240383 0.0317367 0.0398963 0.0478011 0.0546099 0.0596455 0.0626099 0.0635812 0.0628641 0.0608462 0.0579221 0.0544566 0.0507592 0.0470685 0.0435385 0.0402163 0.037011 0.0336905 0.0299534 0.0255865 0.0206341 0.015457
 0.00738798 0.0118907 0.0176941 0.0246901 0.0326381 0.041067 0.0492249 0.0562319 0.0613831 0.0643705 0.0652743 0.0644034 0.0621469 0.0589001 0.0550341 0.0508719 0.04667 0.0426029 0.0387443 0.0350455 0.0313366 0.0273891 0.0230442 0.0183504 0.013608
 0.00765895 0.0123298 0.0183525 0.0256145 0.0338625 0.0425978 0.0510257 0.0582159 0.0634226 0.0663205 0.0669994 0.0657983 0.0631444 0.0594674 0.0551597 0.0505512 0.0458968 0.0413713 0.037061 0.0329502 0.0289247 0.0248221 0.0205343 0.0161135 0.011805
 0.00801241 0.0128859 0.0191551 0.026693 0.0352277 0.0442364 0.052891 0.0602225 0.0654519 0.0682368 0.0686698 0.0671095 0.0640153 0.0598557 0.0550598 0.0499834 0.0448922 0.0399607 0.0352766 0.0308413 0.0265796 0.0223822 0.018183 0.0140372 0.0101409
 0.00814483 0.0131117 0.0195146 0.0272301 0.0359813 0.0452256 0.0541019 0.0616044 0.0669267 0.0697152 0.0700634 0.0683347 0.0649941 0.0605181 0.0553513 0.0498716 0.0443689 0.039039 0.0339882 0.0292397 0.0247506 0.020451 0.0163053 0.0123693 0.00879837
 0.00835395 0.0134499 0.0200203 0.0279386 0.0369178 0.0463954 0.0554781 0.0631215 0.0684864 0.0712026 0.0713677 0.0693664 0.0656936 0.0608558 0.0553202 0.0494782 0.0436274 0.0379713 0.0326277 0.0276395 0.0229915 0.0186449 0.0145855 0.0108649 0.00760073
 0.00843743 0.0135964 0.0202613 0.0283108 0.0374572 0.0471253 0.0563974 0.0641987 0.0696629 0.0724018 0.0725047 0.0703571 0.0664631 0.0613469 0.0554982 0.0493312 0.0431616 0.0372063 0.0315957 0.0263893 0.0215953 0.0172 0.0132053 0.00965666 0.00663927
 0.00849623 0.0136921 0.0204063 0.0285195 0.0377458 0.0475114 0.0568959 0.0648165 0.0703918 0.0732137 0.0733516 0.0711754 0.0671832 0.0619027 0.0558359 0.0494143 0.0429733 0.0367489 0.0308906 0.025478 0.0205413 0.0160878 0.0121314 0.00871131 0.00588499
 0.00860711 0.0138457 0.0205887 0.0287028 0.0378986 0.0476146 0.0569553 0.0648645 0.0704772 0.0733848 0.0736394 0.0715827 0.0676806 0.0624333 0.0563265 0.0497901 0.0431717 0.0367297 0.0306414 0.0250159 0.0199125 0.0153627 0.0113939 0.00804105 0.00533939
 0.00872108 0.0140148 0.0208121 0.028966 0.0381737 0.0478638 0.0571379 0.0649473 0.0704492 0.0732688 0.0734916 0.0714752 0.0676747 0.0625554 0.0565584 0.0500757 0.0434348 0.0368957 0.0306558 0.0248565 0.0195934 0.01493 0.0109136 0.00758138 0.004953
 0.00876958 0.0140853 0.0209026 0.0290685 0.0382758 0.0479508 0.0571947 0.0649603 0.0704082 0.0731718 0.0733508 0.0713211 0.0675521 0.0625115 0.0566239 0.0502497 0.0436806 0.0371505 0.0308508 0.0249387 0.0195415 0.0147586 0.0106651 0.00731033 0.00470725
 0.00884267 0.0142045 0.0210816 0.0293179 0.0385981 0.0483336 0.057606 0.0653504 0.0707204 0.0733582 0.073385 0.0712048 0.0673143 0.062202 0.0563025 0.0499704 0.043475 0.0370188 0.0307642 0.0248547 0.0194238 0.0145928 0.0104625 0.00709873 0.00451707
 0.00882784 0.014188 0.0210715 0.0293275 0.038644 0.0484313 0.0577648 0.0655677 0.0709793 0.0736271 0.073623 0.0713712 0.0673812 0.0621638 0.0561778 0.0497959 0.0432925 0.03686 0.0306402 0.0247557 0.0193289 0.0144845 0.0103366 0.0069657 0.00439391
 0.00891249 0.0143102 0.0212272 0.0295042 0.0388256 0.0486058 0.0579289 0.0657266 0.07114 0.0737908 0.0737798 0.0714998 0.0674547 0.0621585 0.0560835 0.0496209 0.0430628 0.03661 0.0304009 0.0245447 0.0191488 0.0143288 0.0101987 0.00684414 0.00429223
 0.00888891 0.0142734 0.0211743 0.029433 0.0387342 0.0484929 0.0577963 0.0655823 0.0710019 0.0736858 0.0737379 0.0715427 0.0675844 0.0623536 0.0563051 0.0498272 0.043223 0.0367123 0.0304507 0.0245561 0.0191355 0.0143 0.0101598 0.00680001 0.00424873
 0.00882181 0.0141641 0.02101 0.0292031 0.0384342 0.0481296 0.057392 0.065174 0.0706344 0.0734022 0.0735714 0.0715137 0.0676986 0.0626005 0.0566563 0.050239 0.0436452 0.0371 0.030774 0.0248034 0.01931 0.0144125 0.0102239 0.00682958 0.00425635
 0.00878715 0.0141115 0.0209372 0.0291094 0.0383185 0.0479894 0.0572233 0.0649749 0.0704095 0.0731669 0.0733513 0.0713403 0.0676016 0.0626003 0.056759 0.0504335 0.0439048 0.0373881 0.0310532 0.0250444 0.019497 0.0145432 0.0103056 0.00687392 0.00427596
 0.00876386 0.0140746 0.0208835 0.029037 0.0382274 0.0478818 0.0571039 0.0648494 0.0702826 0.0730408 0.0732274 0.071223 0.0675021 0.0625363 0.0567497 0.0504921 0.0440317 0.037569 0.0312624 0.0252525 0.019679 0.0146847 0.0104034 0.00693386 0.00430799
 0.0087442 0.0140435 0.0208384 0.0289759 0.0381495 0.0477881 0.0569977 0.0647365 0.0701708 0.0729376 0.0731385 0.071151 0.067448 0.0625022 0.056741 0.0505175 0.044099 0.0376797 0.0314079 0.0254152 0.0198375 0.0148207 0.0105068 0.00700347 0.0043494
 0.00874281 0.0140227 0.0207735 0.0288344 0.0379015 0.0474218 0.0565323 0.0642229 0.0696778 0.0725321 0.072868 0.071036 0.0674833 0.0626641 0.0569965 0.0508331 0.0444469 0.0380389 0.0317618 0.0257479 0.0201333 0.0150662 0.0106947 0.00713479 0.00443258
 0.00886963 0.0142032 0.0209963 0.0290691 0.038103 0.0475395 0.0565215 0.0640563 0.0693558 0.0720887 0.0723672 0.0705563 0.0670952 0.062412 0.0568919 0.0508606 0.0445755 0.0382337 0.0319911 0.0259857 0.0203583 0.0152621 0.0108512 0.00724876 0.00450769
 0.00881686 0.0141396 0.0209403 0.0290484 0.0381427 0.0476456 0.0566688 0.0641913 0.0694151 0.072025 0.0721687 0.0702521 0.0667454 0.0620876 0.0566535 0.0507428 0.0445828 0.0383458 0.0321742 0.0262031 0.0205781 0.0154605 0.0110135 0.0073694 0.00458896
 0.00874932 0.0140331 0.0207879 0.02885 0.0379095 0.047404 0.0564591 0.0640569 0.0693834 0.0720896 0.072288 0.0703671 0.0668085 0.0620843 0.056606 0.0506946 0.0445767 0.0384066 0.0323023 0.0263795 0.0207744 0.015649 0.0111741 0.00749228 0.0046736
 0.00871663 0.013979 0.0207047 0.0287299 0.0377467 0.0471984 0.0562206 0.0638084 0.0691596 0.0719288 0.0722189 0.0703955 0.0669127 0.0622241 0.0567416 0.0508054 0.0446669 0.0384963 0.0324118 0.0265166 0.0209314 0.0158082 0.0113171 0.00760632 0.00475477
 0.00874303 0.0140075 0.0207208 0.0287115 0.0376694 0.0470451 0.05599 0.0635175 0.0688404 0.0716214 0.0719643 0.0702282 0.0668531 0.0622717 0.0568748 0.0509896 0.0448683 0.0386939 0.0325996 0.0266968 0.0211052 0.015971 0.0114596 0.00772036 0.00483705
 0.00860307 0.0138022 0.0204526 0.0283951 0.0373254 0.0466906 0.0556334 0.0631617 0.0684917 0.0712982 0.0716982 0.0700577 0.0668111 0.0623747 0.0571165 0.0513417 0.0452882 0.0391362 0.0330267 0.0270846 0.0214416 0.0162508 0.0116814 0.0078856 0.00495094
 0.00855344 0.01373 0.0203601 0.028291 0.0372236 0.0466068 0.0555802 0.0631433 0.0684988 0.0713083 0.0716829 0.0699964 0.0667044 0.062247 0.0570065 0.0512853 0.0453047 0.0392232 0.0331654 0.0272497 0.0216098 0.0164054 0.0118121 0.00798759 0.00502406
 0.00839216 0.0134748 0.0199904 0.0277954 0.0366064 0.045895 0.0548291 0.0624331 0.0679184 0.0709302 0.0715426 0.0700852 0.0669783 0.0626468 0.0574777 0.0517906 0.0458237 0.0397435 0.0336736 0.0277272 0.022036 0.0167632 0.0120928 0.00819215 0.00516169
 0.00831843 0.0133565 0.0198148 0.0275511 0.0362845 0.0454919 0.0543521 0.0619048 0.0673794 0.0704358 0.0711535 0.0698534 0.0669327 0.0627848 0.0577685 0.0521878 0.0462804 0.0402222 0.0341472 0.0281748 0.0224395 0.0171068 0.0123665 0.00839407 0.00529865
 0.00830455 0.0133272 0.019758 0.0274512 0.0361252 0.0452618 0.0540493 0.0615393 0.0669714 0.0700135 0.0707516 0.069512 0.0666933 0.062682 0.0578197 0.0523867 0.0465986 0.0406184 0.0345779 0.0286023 0.0228338 0.017447 0.0126399 0.00859751 0.00543764
 0.00831048 0.0133388 0.0197784 0.0274824 0.0361652 0.045301 0.0540686 0.0615132 0.066876 0.0698361 0.0704971 0.0692039 0.0663694 0.0623877 0.0575992 0.0522734 0.0466072 0.0407415 0.0347892 0.0288651 0.0231104 0.0177055 0.0128586 0.00876595 0.00555565
 0.00842648 0.013511 0.0200072 0.0277574 0.0364685 0.0456113 0.0543639 0.0617697 0.0670663 0.06993 0.0704679 0.0690374 0.0660727 0.0619919 0.0571549 0.0518401 0.0462391 0.0404756 0.0346385 0.0288191 0.0231426 0.017783 0.0129511 0.00885157 0.00562283
 0.00857387 0.0137424 0.0203392 0.0281972 0.0370094 0.0462282 0.0550101 0.0623805 0.067572 0.0702724 0.0706119 0.0689726 0.0658094 0.0615569 0.0565902 0.0512017 0.0455913 0.0398803 0.0341431 0.0284479 0.0228952 0.0176398 0.0128829 0.008829 0.0056227
 0.00856755 0.0137473 0.0203746 0.0282909 0.0371905 0.0465162 0.0554042 0.0628548 0.0680788 0.0707522 0.0710052 0.0692307 0.0659017 0.0614745 0.056346 0.0508271 0.0451328 0.0393931 0.0336822 0.0280571 0.0225987 0.01744 0.012765 0.00876987 0.00559903
 0.00848958 0.0136295 0.0202152 0.0280974 0.036982 0.0463241 0.0552701 0.0628235 0.0681843 0.0710029 0.0713753 0.0696644 0.0663285 0.0618275 0.0565773 0.0509158 0.0450861 0.0392416 0.0334708 0.0278334 0.0224016 0.0172918 0.0126702 0.00871931 0.00557803
 0.00837187 0.013448 0.019961 0.0277699 0.0365907 0.04589 0.054828 0.0624221 0.0678812 0.0708527 0.0714149 0.0699005 0.0667313 0.0623358 0.0571126 0.0514029 0.0454707 0.0395004 0.0336112 0.0278846 0.0224011 0.0172726 0.0126533 0.00871256 0.00558016
 0.00845127 0.0135611 0.0201013 0.0279206 0.0367285 0.0459917 0.0548765 0.0624097 0.0678104 0.0707372 0.0712789 0.0697758 0.0666493 0.0623165 0.0571554 0.0514847 0.0455546 0.0395504 0.0336064 0.0278255 0.022306 0.0171675 0.0125603 0.0086436 0.00553663
 0.00843252 0.0135323 0.0200609 0.027867 0.0366591 0.0459021 0.0547612 0.0622649 0.0676388 0.0705514 0.0711017 0.0696359 0.0665745 0.0623264 0.0572557 0.0516638 0.0457841 0.0397915 0.0338211 0.027988 0.0224088 0.0172195 0.0125788 0.0086458 0.00553402
 0.00835661 0.0134195 0.0199108 0.0276866 0.0364605 0.0456993 0.054567 0.0620894 0.0674885 0.0704291 0.0710088 0.0695753 0.0665537 0.0623569 0.0573487 0.0518236 0.0460027 0.0400472 0.0340829 0.0282247 0.0225982 0.0173538 0.0126635 0.00869372 0.00555883
 0.00831045 0.013344 0.0197969 0.027527 0.0362531 0.045451 0.0542966 0.0618256 0.0672622 0.0702638 0.070914 0.0695474 0.0665818 0.0624305 0.0574628 0.0519779 0.0461967 0.0402745 0.034328 0.0284648 0.0228105 0.0175224 0.0127837 0.00877076 0.00560346
 0.00836344 0.0134248 0.019908 0.0276656 0.03641 0.0456104 0.0544369 0.0619229 0.0672971 0.0702282 0.0708139 0.0693996 0.0664076 0.0622499 0.0572923 0.0518315 0.0460865 0.0402085 0.0343069 0.0284809 0.022849 0.0175671 0.0128222 0.0087976 0.0056189
 0.00813933 0.0130722 0.0194002 0.0269894 0.0355716 0.0446438 0.0534092 0.0609312 0.066451 0.0696232 0.07051 0.0694123 0.0667121 0.0627927 0.0580045 0.0526414 0.0469297 0.0410339 0.0350769 0.0291686 0.0234354 0.0180407 0.0131807 0.00904909 0.00578104
 0.0080298 0.0128896 0.0191173 0.0265779 0.0350092 0.0439238 0.0525521 0.0599903 0.0655081 0.0687757 0.0698528 0.0690207 0.066628 0.0630176 0.0585016 0.0533458 0.0477627 0.0419172 0.0359428 0.0299646 0.0241252 0.0186033 0.0136103 0.00935372 0.00597991
 0.00791669 0.0127126 0.018863 0.0262366 0.0345739 0.0433903 0.0519218 0.0592757 0.064738 0.0679988 0.0691362 0.0684425 0.0662632 0.0629221 0.0586979 0.0538168 0.0484549 0.0427526 0.036835 0.0308333 0.0249069 0.0192568 0.0141173 0.00971743 0.00621971
 0.0077507 0.0124546 0.0184969 0.0257562 0.0339837 0.0427068 0.0511744 0.058505 0.0639895 0.067315 0.0685526 0.0679904 0.0659759 0.0628358 0.0588447 0.0542121 0.0490851 0.0435706 0.0377659 0.0317889 0.0258034 0.0200296 0.0147304 0.0101642 0.00651765
 0.00778355 0.0124897 0.0185159 0.0257303 0.0338808 0.0425026 0.0508621 0.0580975 0.0635144 0.0668049 0.0680387 0.0675009 0.0655391 0.0624847 0.0586184 0.0541507 0.049218 0.0439029 0.0382694 0.0324047 0.0264548 0.0206418 0.0152472 0.0105581 0.00678895
 0.00787121 0.0126284 0.0187158 0.0259941 0.0341981 0.042844 0.0511771 0.0583218 0.0635869 0.0666889 0.0677338 0.0670407 0.0649786 0.0618868 0.0580459 0.0536629 0.0488674 0.043727 0.0382806 0.0325833 0.0267515 0.0209909 0.0155858 0.0108413 0.00699716
 0.00798901 0.0128274 0.0190284 0.0264529 0.0348257 0.0436377 0.0520941 0.0592747 0.0644566 0.0673495 0.0680824 0.0670212 0.0645932 0.0611929 0.0571408 0.0526624 0.0478853 0.0428595 0.037595 0.03211 0.0264826 0.0208866 0.0155897 0.0108977 0.00706466
 0.00772363 0.0124621 0.0186021 0.0260459 0.0345416 0.0435714 0.0523021 0.0597607 0.0651719 0.0682026 0.0689532 0.0677807 0.0651287 0.0614333 0.057073 0.0523313 0.0473795 0.0422867 0.0370564 0.0316795 0.0261951 0.0207384 0.0155486 0.0109202 0.00711148
 0.00724575 0.0117346 0.0176035 0.0247996 0.0331222 0.0421054 0.0509627 0.0587446 0.0646531 0.068277 0.0696033 0.0688794 0.0664797 0.0628252 0.0583278 0.0533362 0.0480979 0.0427492 0.0373361 0.0318602 0.0263439 0.0208905 0.0157084 0.0110734 0.00724033
#obs surv len freq
 nan nan nan nan nan nan nan nan nan nan nan nan nan nan nan nan nan nan nan nan nan nan nan nan nan
 0.00448887 0.00735221 0.0111841 0.0160019 0.0217033 0.0279786 0.0342918 0.0400216 0.0446993 0.048161 0.0505167 0.0520103 0.0529005 0.0534111 0.0537239 0.0539777 0.0542555 0.0545477 0.0546861 0.0542779 0.0527161 0.0493487 0.0437993 0.0362805 0.0276655
 0.00461412 0.00755992 0.0115039 0.0164627 0.022326 0.0287647 0.0352127 0.0410159 0.0456824 0.0490423 0.0512175 0.0524751 0.053102 0.0533494 0.0534219 0.0534733 0.0535926 0.0537695 0.0538319 0.0533851 0.0518238 0.0485005 0.0430404 0.0356492 0.027183
 0.00478154 0.00783174 0.0119126 0.0170388 0.0230931 0.0297308 0.0363596 0.0422934 0.0470103 0.0503218 0.0523447 0.0533552 0.0536611 0.053544 0.0532428 0.0529428 0.0527574 0.0526903 0.0525764 0.0520243 0.0504339 0.0471626 0.0418351 0.0346429 0.0264125
 0.00497433 0.00814742 0.0123918 0.0177204 0.0240066 0.0308843 0.0377275 0.0438129 0.0485907 0.0518604 0.0537407 0.054516 0.0545047 0.0540024 0.0532694 0.0525203 0.0519015 0.0514495 0.0510265 0.0502639 0.0485795 0.0453428 0.0401764 0.0332488 0.025341
 0.00518344 0.0084899 0.012912 0.0184618 0.0250035 0.0321491 0.0392374 0.045504 0.050366 0.0536075 0.0553487 0.0558859 0.0555519 0.0546567 0.0534745 0.0522368 0.051114 0.0501753 0.0493235 0.0482339 0.0463658 0.0431172 0.0381151 0.0314986 0.0239874
 0.00540202 0.00884884 0.013459 0.0192439 0.0260583 0.0334912 0.0408434 0.0473074 0.052266 0.0554877 0.0570945 0.0573947 0.0567364 0.0554443 0.0538054 0.0520638 0.0504058 0.0489256 0.0475659 0.0460563 0.0439168 0.0405955 0.0357382 0.0294552 0.0223938
 0.00564208 0.00924057 0.0140515 0.020084 0.0271827 0.0349123 0.0425355 0.0492006 0.0542556 0.0574529 0.0589177 0.0589719 0.0579811 0.0562859 0.0541867 0.0519379 0.0497361 0.0476934 0.0457865 0.0438004 0.0413257 0.037878 0.0331369 0.0271917 0.0206124
 0.00587443 0.0096237 0.0146381 0.0209264 0.0283227 0.0363646 0.0442717 0.0511438 0.0562922 0.0594557 0.0607662 0.0605639 0.0592341 0.0571351 0.0545803 0.0518328 0.0490965 0.0464961 0.0440357 0.0415516 0.0387077 0.0350953 0.0304405 0.0248207 0.0187302
 0.00612972 0.010039 0.0152639 0.0218105 0.0295014 0.0378496 0.0460346 0.0531103 0.0583505 0.0614763 0.0626228 0.0621476 0.0604595 0.0579402 0.0549219 0.0516793 0.0484225 0.0452837 0.0422877 0.0393152 0.0360994 0.0323089 0.0277228 0.0224145 0.0168078
 0.00636476 0.0104276 0.0158604 0.0226689 0.0306642 0.0393298 0.0477988 0.0550737 0.0603914 0.0634608 0.0644277 0.0636713 0.061624 0.0586886 0.0552148 0.05149 0.0477327 0.0440829 0.0405829 0.0371509 0.0335819 0.0296176 0.0250903 0.0200742 0.0149297
 0.0066103 0.010827 0.0164621 0.0235187 0.031797 0.0407567 0.0494921 0.0569605 0.0623607 0.0653833 0.0661763 0.065137 0.0627238 0.059367 0.0554398 0.0512455 0.0470113 0.0428843 0.0389209 0.0350713 0.0311842 0.027066 0.0225983 0.0178579 0.013148
 0.00683492 0.0111987 0.0170332 0.0243412 0.0329105 0.0421712 0.0511712 0.0588172 0.0642727 0.0672185 0.0678156 0.0664847 0.0637097 0.0599437 0.0555799 0.0509375 0.0462551 0.0416888 0.0373083 0.0330908 0.02893 0.0246878 0.020288 0.0158087 0.0115022
 0.00707524 0.0115897 0.0176225 0.025173 0.0340176 0.0435608 0.0528102 0.0606262 0.0661345 0.0689995 0.0693887 0.0677463 0.0645875 0.0603976 0.0555964 0.0505212 0.0454208 0.0404578 0.0357124 0.0311836 0.0268024 0.0224757 0.018161 0.0139352 0.0100042
 0.00727477 0.0119222 0.0181375 0.0259207 0.0350371 0.0448625 0.0543591 0.0623377 0.0678888 0.0706665 0.0708503 0.0689086 0.0653843 0.0607897 0.0555694 0.0500815 0.0445892 0.0392651 0.0341997 0.0294095 0.0248547 0.0204771 0.016259 0.0122727 0.00868225
 0.00744526 0.0121993 0.0185548 0.0265107 0.0358264 0.0458634 0.055559 0.0636921 0.0693226 0.072084 0.0721487 0.0699921 0.0661747 0.061234 0.0556406 0.0497757 0.0439207 0.0382624 0.0329048 0.0278824 0.0231794 0.0187644 0.0146368 0.0108614 0.00756435
 0.00752353 0.0123318 0.0187642 0.0268219 0.036263 0.0464402 0.0562753 0.0645289 0.0702457 0.0730489 0.0731046 0.0708817 0.0669354 0.061802 0.0559594 0.0498041 0.0436384 0.0376718 0.0320314 0.0267758 0.021915 0.0174415 0.0133672 0.00974884 0.00667979
 0.00758492 0.0124234 0.0188877 0.0269759 0.0364464 0.0466574 0.0565381 0.0648543 0.0706486 0.0735348 0.0736638 0.0714879 0.0675475 0.062367 0.0564175 0.0500954 0.043712 0.0374953 0.0315984 0.0261108 0.0210745 0.0165089 0.01244 0.00891857 0.00601077
 0.00766137 0.0125397 0.0190474 0.0271759 0.0366772 0.046904 0.056783 0.0650817 0.0708515 0.07372 0.0738507 0.0716998 0.0677985 0.0626516 0.0567072 0.0503432 0.0438623 0.0374963 0.0314155 0.0257376 0.0205386 0.0158691 0.0117746 0.00830553 0.00550775
 0.00769315 0.0125898 0.0191196 0.0272723 0.0367968 0.0470421 0.0569301 0.0652248 0.0709778 0.0738223 0.0739321 0.0717743 0.0678866 0.0627714 0.0568638 0.0505219 0.0440281 0.0376017 0.0314143 0.0256004 0.0202644 0.0154892 0.0113441 0.00788697 0.00515197
 0.00776138 0.0126914 0.0192551 0.0274362 0.0369789 0.0472304 0.0571125 0.0653897 0.0711142 0.0739208 0.0739876 0.0717881 0.0678685 0.0627382 0.0568346 0.0505096 0.0440316 0.0376027 0.0313821 0.0255042 0.0200874 0.0152385 0.0110499 0.00759175 0.00489461
 0.00781375 0.0127753 0.0193786 0.0276043 0.0371909 0.0474765 0.0573721 0.0656338 0.0713129 0.0740526 0.0740445 0.071776 0.0678015 0.0626346 0.0567132 0.0503875 0.0439202 0.0375035 0.0312848 0.0253908 0.0199417 0.0150558 0.0108422 0.00738284 0.00471021
 0.00783672 0.0128103 0.0194273 0.0276671 0.0372681 0.0475686 0.0574794 0.0657546 0.0714413 0.0741771 0.0741504 0.0718493 0.0678341 0.0626262 0.0566712 0.0503236 0.0438463 0.0374276 0.0312082 0.0253076 0.0198436 0.014938 0.0107089 0.00724685 0.00458756
 0.00787828 0.0128697 0.0195013 0.0277478 0.0373449 0.0476324 0.0575259 0.0657855 0.0714627 0.074197 0.0741746 0.0718787 0.0678641 0.0626484 0.0566776 0.0503102 0.0438145 0.037382 0.0311531 0.0252446 0.0197714 0.0148556 0.0106186 0.00715584 0.00450525
 0.00788345 0.0128816 0.0195255 0.0277901 0.0374089 0.0477153 0.0576166 0.0658668 0.0715183 0.0742188 0.0741667 0.0718539 0.0678369 0.0626284 0.0566664 0.0503029 0.0438041 0.0373633 0.031124 0.0252052 0.0197226 0.0147989 0.0105571 0.00709436 0.00444985
 0.00787267 0.0128587 0.0194817 0.0277159 0.037298 0.047571 0.057455 0.0657141 0.0714014 0.0741555 0.07416 0.0718958 0.067915 0.0627315 0.0567858 0.0504306 0.0439308 0.0374791 0.0312202 0.0252763 0.0197668 0.0148183 0.0105562 0.00708005 0.00442947
 0.00789231 0.0128846 0.0195092 0.0277357 0.037298 0.0475389 0.0573824 0.0656005 0.071257 0.0740008 0.0740216 0.071798 0.067872 0.0627448 0.056846 0.0505231 0.0440404 0.0375919 0.0313246 0.0253634 0.0198315 0.0148591 0.0105759 0.00708399 0.00442414
 0.00788486 0.0128731 0.0194928 0.0277136 0.0372683 0.0474984 0.0573266 0.0655245 0.0711586 0.0738834 0.073896 0.0716818 0.0677861 0.0627062 0.0568627 0.0505919 0.0441485 0.0377216 0.0314579 0.0254855 0.0199321 0.0149336 0.0106246 0.0071112 0.0044361
 0.0078846 0.0128699 0.0194829 0.0276921 0.0372308 0.047443 0.0572555 0.0654436 0.0710746 0.0738012 0.0738183 0.0716106 0.0677255 0.0626642 0.0568493 0.0506149 0.0442095 0.0378142 0.0315692 0.0255999 0.0200359 0.0150176 0.0106852 0.00714981 0.00445752
 0.00785159 0.0128181 0.0194084 0.0275926 0.037106 0.0472957 0.0570922 0.0652754 0.0709165 0.0736692 0.0737254 0.0715644 0.0677266 0.0627077 0.0569284 0.0507232 0.0443418 0.0379645 0.0317292 0.0257583 0.0201805 0.0151383 0.0107768 0.00721273 0.00449631
 0.00784601 0.0128038 0.0193774 0.0275346 0.0370117 0.0471611 0.0569225 0.0650854 0.0707267 0.0735001 0.0735938 0.0714811 0.0676962 0.0627296 0.0569972 0.0508304 0.0444775 0.0381186 0.0318917 0.0259189 0.0203287 0.015265 0.0108762 0.00728368 0.00454206
 0.00781554 0.012755 0.0193051 0.0274341 0.0368794 0.0469952 0.0567254 0.0648653 0.0704989 0.0732859 0.0734167 0.0713621 0.0676489 0.0627578 0.0570948 0.0509843 0.0446709 0.0383341 0.0321129 0.0261314 0.0205203 0.0154266 0.0110027 0.00737481 0.00460194
 0.00779967 0.0127289 0.0192655 0.0273776 0.0368031 0.0468978 0.0566078 0.0647311 0.0703536 0.0731369 0.0732734 0.0712363 0.0675547 0.0627087 0.0571003 0.0510467 0.0447843 0.0384862 0.0322873 0.0263112 0.0206901 0.0155745 0.0111215 0.00746227 0.00466063
 0.00776852 0.012677 0.019185 0.0272612 0.0366463 0.0467019 0.0563829 0.0644959 0.0701312 0.0729487 0.0731344 0.0711535 0.0675288 0.0627372 0.05718 0.0511736 0.0449526 0.0386863 0.032506 0.0265321 0.0208971 0.0157542 0.0112654 0.00756825 0.00473193
 0.00772972 0.0126125 0.0190856 0.0271177 0.036452 0.0464562 0.0560951 0.064186 0.0698278 0.072683 0.0729339 0.0710368 0.0675031 0.0627988 0.057317 0.0513701 0.0451919 0.0389522 0.0327825 0.0268032 0.0211468 0.0159692 0.0114372 0.00769472 0.00481713
 0.00769014 0.0125499 0.0189946 0.0269941 0.0362931 0.0462619 0.0558688 0.0639365 0.0695696 0.0724354 0.072719 0.0708765 0.0674155 0.0627944 0.0573964 0.0515246 0.0454056 0.0392056 0.0330551 0.0270751 0.0214002 0.0161894 0.0116148 0.00782664 0.0049068
 0.00767123 0.0125151 0.0189347 0.0268987 0.0361533 0.0460748 0.0556412 0.0636847 0.0693152 0.0721998 0.0725194 0.0707254 0.0673227 0.0627676 0.0574405 0.0516393 0.0455838 0.0394331 0.0333125 0.0273408 0.0216534 0.0164127 0.0117968 0.00796302 0.00500022
 0.00766418 0.0125049 0.0189211 0.0268813 0.0361298 0.0460397 0.0555859 0.0635999 0.0691954 0.0720478 0.072347 0.0705515 0.0671676 0.0626493 0.0573725 0.0516299 0.0456354 0.0395415 0.0334662 0.0275226 0.0218431 0.016591 0.0119488 0.00808073 0.00508287
 0.00763348 0.0124587 0.0188587 0.0268046 0.0360433 0.0459493 0.0554978 0.0635188 0.069123 0.0719816 0.0722824 0.0704848 0.0671001 0.0625886 0.0573306 0.0516195 0.0456659 0.0396165 0.0335822 0.0276689 0.0220037 0.0167482 0.0120872 0.00819071 0.00516162
 0.0076185 0.0124318 0.0188137 0.0267352 0.035945 0.0458233 0.0553531 0.0633716 0.0689922 0.0718822 0.0722206 0.0704575 0.0670982 0.0626025 0.0573547 0.0516545 0.0457173 0.0396907 0.0336823 0.027792 0.0221405 0.0168853 0.012211 0.0082913 0.0052351
 0.00760192 0.0124102 0.0187908 0.0267166 0.0359357 0.0458236 0.0553567 0.0633676 0.0689703 0.0718386 0.0721601 0.0703909 0.0670367 0.0625528 0.0573192 0.0516329 0.0457102 0.039701 0.0337135 0.0278453 0.0222124 0.0169675 0.0122927 0.00836258 0.00529008
 0.00758675 0.0123837 0.018748 0.0266529 0.0358496 0.0457198 0.0552471 0.0632687 0.0688969 0.0717974 0.0721479 0.070398 0.0670538 0.0625751 0.0573461 0.0516661 0.0457512 0.0397507 0.0337727 0.027914 0.022289 0.0170472 0.0123687 0.00842811 0.00534071
 0.00755085 0.0123297 0.0186749 0.0265623 0.0357445 0.0456038 0.0551242 0.0631448 0.0687813 0.0717025 0.0720865 0.0703782 0.0670757 0.0626314 0.0574255 0.0517578 0.0458479 0.0398486 0.0338704 0.0280106 0.0223828 0.0171354 0.0124473 0.00849311 0.0053898
 0.00754488 0.0123145 0.018642 0.0265014 0.0356472 0.0454681 0.0549588 0.0629678 0.0686147 0.0715656 0.0719912 0.0703298 0.0670745 0.062674 0.0575053 0.0518651 0.0459715 0.0399782 0.0339982 0.0281317 0.0224939 0.0172338 0.0125304 0.00855906 0.00543823
 0.00753482 0.0123034 0.0186344 0.0265032 0.0356621 0.0454934 0.054983 0.0629738 0.0685875 0.0715 0.0718954 0.0702217 0.0669743 0.062598 0.0574625 0.0518572 0.0459948 0.0400254 0.0340608 0.0282016 0.0225645 0.0173 0.0125884 0.00860633 0.00547367
 0.00752847 0.01229 0.0186092 0.0264612 0.0356007 0.0454159 0.0548997 0.0628989 0.0685325 0.0714677 0.071879 0.0702103 0.0669608 0.0625834 0.0574544 0.0518648 0.0460238 0.0400762 0.0341286 0.028279 0.0226434 0.0173735 0.0126516 0.00865645 0.00551021
 0.0075041 0.0122539 0.0185613 0.0264029 0.0355343 0.0453427 0.0548203 0.0628149 0.0684489 0.0713934 0.0718245 0.0701829 0.0669612 0.062606 0.0574919 0.0519124 0.0460804 0.0401427 0.0342049 0.0283618 0.0227272 0.0174516 0.0127186 0.00870914 0.00554814
 0.00751211 0.0122646 0.018573 0.0264131 0.03554 0.0453422 0.0548134 0.0628026 0.0684315 0.07137 0.0717938 0.0701455 0.0669204 0.0625675 0.0574607 0.0518916 0.0460716 0.0401463 0.034221 0.0283895 0.0227636 0.017492 0.0127577 0.00874273 0.00557382
 0.00750091 0.0122496 0.0185563 0.0263981 0.0355303 0.0453394 0.054816 0.0628064 0.0684318 0.0713642 0.0717816 0.0701283 0.0669005 0.0625469 0.0574419 0.0518775 0.0460646 0.0401485 0.034233 0.0284109 0.0227921 0.0175245 0.01279 0.00877107 0.00559596
 0.00747475 0.0122073 0.0184933 0.0263114 0.0354203 0.0452117 0.0546828 0.0626846 0.0683385 0.0713105 0.0717699 0.0701533 0.0669525 0.0626161 0.0575201 0.0519588 0.0461458 0.0402279 0.0343097 0.0284841 0.0228604 0.0175859 0.0128421 0.00881239 0.00562601
 0.00747475 0.0122073 0.0184933 0.0263114 0.0354203 0.0452117 0.0546828 0.0626846 0.0683385 0.0713105 0.0717699 0.0701533 0.0669525 0.0626161 0.0575201 0.0519588 0.0461458 0.0402279 0.0343097 0.0284841 0.0228604 0.0175859 0.0128421 0.00881239 0.00562601
 0.00726259 0.0118659 0.0179877 0.0256159 0.0345289 0.0441522 0.0535281 0.0615503 0.0673611 0.070613 0.0714318 0.0701957 0.0673419 0.0632794 0.0583651 0.0528935 0.0470915 0.0411255 0.0351203 0.0291845 0.0234402 0.0180438 0.0131848 0.00905319 0.00578336
 0.00719819 0.0117423 0.0177669 0.0252507 0.0339747 0.0433851 0.0525634 0.060451 0.0662303 0.0695761 0.0706126 0.0696939 0.0672147 0.0635309 0.058948 0.0537221 0.0480626 0.0421389 0.0360929 0.0300575 0.0241785 0.0186328 0.013627 0.00936352 0.00598547
 0.0071555 0.011672 0.017658 0.0250886 0.0337391 0.0430501 0.0521018 0.0598439 0.0654818 0.0687255 0.0697386 0.0689042 0.0666232 0.0632304 0.0589868 0.054093 0.0487071 0.0429637 0.0369929 0.0309369 0.0249648 0.0192827 0.0141252 0.00971721 0.00621707
 0.00711488 0.0116096 0.0175706 0.024975 0.0335987 0.0428811 0.0518983 0.0595948 0.065171 0.0683366 0.0692656 0.0683651 0.0660696 0.0627431 0.0586577 0.0539972 0.0488776 0.0433806 0.0375904 0.0316231 0.0256474 0.0198892 0.0146129 0.0100745 0.00645558
 0.00709886 0.0115828 0.0175288 0.0249142 0.0335162 0.0427766 0.051775 0.0594571 0.0650207 0.0681685 0.0690662 0.0681186 0.065769 0.062404 0.0583246 0.0537372 0.0487603 0.0434518 0.0378531 0.0320352 0.0261367 0.0203775 0.0150386 0.0104041 0.00668428
 0.00713522 0.0116473 0.0176351 0.0250763 0.0337425 0.0430624 0.0520961 0.0597716 0.0652789 0.0683259 0.0690934 0.0680036 0.0655148 0.0620276 0.0578592 0.0532352 0.0482897 0.0430828 0.0376374 0.0319885 0.0262343 0.0205658 0.0152564 0.0106028 0.00683725
 0.00720112 0.0117605 0.0178167 0.025349 0.0341248 0.0435593 0.0526892 0.0604156 0.065906 0.0688589 0.0694612 0.0681548 0.0654265 0.0617078 0.0573441 0.0525831 0.0475745 0.0423858 0.037034 0.0315325 0.0259451 0.0204268 0.0152257 0.0106315 0.00688538
 0.00722041 0.0117997 0.0178907 0.0254776 0.0343298 0.0438581 0.0530882 0.0609044 0.0664558 0.0694232 0.0699801 0.0685628 0.0656641 0.0617341 0.0571468 0.0521826 0.0470217 0.0417531 0.0364024 0.0309752 0.0255118 0.0201343 0.0150596 0.0105577 0.00686583
 0.00711422 0.0116366 0.0176641 0.025191 0.0339995 0.0435154 0.0527804 0.0606897 0.0663901 0.0695431 0.0702882 0.0690227 0.066207 0.062274 0.0576002 0.0524878 0.0471523 0.0417226 0.0362569 0.0307774 0.0253213 0.0199911 0.0149776 0.0105281 0.00686878
#pred catch len freq
 0.00399336 0.00634395 0.00930473 0.012827 0.0168873 0.0214634 0.0264678 0.0317143 0.0369504 0.0419139 0.0463723 0.0501467 0.0531327 0.0553117 0.0567462 0.0575674 0.0579633 0.0581408 0.0582286 0.0581164 0.0573189 0.0550268 0.0504498 0.04333 0.0342823
 0.00418882 0.0065965 0.00956717 0.0130226 0.0169403 0.0213418 0.0262107 0.0314212 0.0367332 0.0418425 0.0464502 0.0503287 0.0533702 0.0555909 0.0570962 0.0580339 0.0585608 0.058811 0.0588292 0.0584574 0.0572379 0.054469 0.0495049 0.0421999 0.033195
 0.0043375 0.00684358 0.00994392 0.0135481 0.0176021 0.0220757 0.0268984 0.0319213 0.0369425 0.0417511 0.0461489 0.0499601 0.0530577 0.0553976 0.0570321 0.0580878 0.0587185 0.0590414 0.0590566 0.058556 0.0570701 0.0539539 0.0486724 0.0411891 0.0321935
 0.00455682 0.00718105 0.0104187 0.0141718 0.0183832 0.0230216 0.0280037 0.033143 0.038177 0.0428381 0.0469159 0.0502921 0.0529494 0.0549519 0.0564051 0.0574223 0.0581016 0.0584946 0.0585426 0.057993 0.0563618 0.0530379 0.0475662 0.0399987 0.0310719
 0.00482336 0.0075972 0.0110135 0.014962 0.0193734 0.0242043 0.0293566 0.0346268 0.039732 0.0443789 0.0483242 0.0514201 0.0536475 0.0551188 0.0560333 0.0566041 0.0569881 0.0572313 0.0572191 0.0566296 0.0549355 0.0515314 0.0460126 0.0384939 0.0297425
 0.0050954 0.00802469 0.0116304 0.0157932 0.0204344 0.025499 0.0308712 0.0363217 0.0415388 0.046204 0.0500553 0.0529325 0.0548098 0.0558051 0.0561468 0.0561085 0.0559271 0.0557179 0.0553956 0.0546233 0.0528401 0.0494223 0.0439767 0.0366411 0.028185
 0.00538818 0.00848353 0.0122904 0.0166794 0.0215624 0.0268747 0.0324854 0.0381416 0.0435027 0.0482214 0.0520127 0.0547016 0.0562582 0.056806 0.0565898 0.055914 0.0550649 0.0542231 0.053369 0.0522136 0.0502183 0.0467638 0.0414536 0.0344117 0.02637
 0.00571597 0.00899391 0.013018 0.017645 0.0227754 0.0283347 0.0341784 0.0400332 0.045533 0.0503057 0.0540459 0.0565649 0.0578274 0.057959 0.0572146 0.0559162 0.0543804 0.0528349 0.0513249 0.0496349 0.0472937 0.0437277 0.0385527 0.0318643 0.0243251
 0.00606725 0.00954248 0.0138026 0.0186897 0.0240897 0.0299128 0.035995 0.0420373 0.0476482 0.0524363 0.0560861 0.0584067 0.0593651 0.0590923 0.0578492 0.0559657 0.0537721 0.0515248 0.0493208 0.047021 0.0442434 0.0404925 0.0354218 0.0291029 0.0221141
 0.00640756 0.0100796 0.014582 0.019746 0.0254448 0.0315712 0.0379343 0.0441995 0.0499383 0.0547318 0.0582526 0.0603138 0.0609 0.0601654 0.058392 0.0559226 0.0530942 0.0501753 0.0472951 0.0443783 0.0411339 0.0371599 0.0321672 0.0262161 0.0197985
 0.00672605 0.0105752 0.0152884 0.0206851 0.0266298 0.0330097 0.0396238 0.0461167 0.0520277 0.0569009 0.0603764 0.0622499 0.0625088 0.0613292 0.0590242 0.0559655 0.0525105 0.048943 0.0454165 0.0419053 0.0381979 0.0339838 0.0290385 0.0234213 0.017546
 0.00701191 0.0110264 0.0159429 0.0215706 0.0277617 0.0343872 0.041224 0.0478914 0.0539078 0.0588047 0.0622162 0.0639331 0.0639372 0.0624032 0.0596515 0.0560701 0.0520378 0.0478624 0.0437285 0.0396582 0.0355113 0.0310599 0.0261416 0.0208201 0.0154405
 0.00736526 0.0115796 0.0167368 0.0226319 0.0291019 0.0359998 0.0430767 0.0499174 0.0560053 0.0608474 0.0640726 0.0654868 0.0651011 0.0631218 0.0598932 0.0558145 0.0512677 0.0465655 0.0419097 0.0373621 0.0328458 0.0282082 0.0233439 0.0183214 0.0134235
 0.00770885 0.0121121 0.017491 0.0236247 0.0303372 0.0374713 0.044764 0.0517769 0.0579625 0.0627968 0.0658862 0.0670311 0.0662586 0.0638095 0.0600696 0.0554735 0.0504236 0.0452402 0.0401332 0.0351875 0.0303729 0.0255972 0.0208031 0.016063 0.0116054
 0.00794711 0.0124899 0.0180425 0.0243762 0.0313047 0.0386554 0.0461433 0.0533049 0.0595708 0.0644038 0.0674043 0.0683702 0.067329 0.0645283 0.0603713 0.0553186 0.0498012 0.0441645 0.0386402 0.0333383 0.0282655 0.0233751 0.0186445 0.0141468 0.0100636
