SBPRF35
12.7214
Curr Bio
812727
B35
872398
F35
0.168627
FOFL
0.151296
OFL
98457.4
Bzero
3.63469e+006
#pred survey bio
 3.53132e+006 3.42728e+006 3.32005e+006 3.16624e+006 2.97792e+006 2.76895e+006 2.53002e+006 2.30616e+006 2.06562e+006 1.82321e+006 1.6345e+006 1.45652e+006 1.28229e+006 1.11201e+006 995774 874870 776898 708982 667185 635719 623207 605413 597112 588094 582812 584937 568261 566972 577985 574431 576911 575173 576135 587227 604074 616740 632674 638910 640021 653166 653132 662251 657282 663636 671983 686179 678464 692893 700825 699603 701155 734560 769986 782672 832426 860955 875858 889481 909433 904162 902081 915199 901163 898901 878260 850683 817812 2.77155e+007 1.6178e+007 1.61604e+007 1.69244e+007 1.82361e+007 1.9795e+007 2.1367e+007 2.28078e+007 2.40496e+007 2.50758e+007 2.58993e+007 2.65469e+007 2.70491e+007 2.74348e+007 2.77294e+007 2.79537e+007 2.81245e+007 2.82546e+007 2.8354e+007 2.84302e+007 2.84888e+007 2.85341e+007 2.85693e+007 2.85968e+007 2.86183e+007 2.86352e+007 2.86486e+007 2.86592e+007 2.86676e+007 2.86744e+007 2.86797e+007 2.86841e+007 2.86876e+007 2.86904e+007 2.86927e+007 2.86945e+007 2.8696e+007 2.86972e+007 2.86982e+007 2.8699e+007 2.86997e+007 2.87002e+007 2.87007e+007 2.8701e+007 2.87013e+007 2.87016e+007 2.87018e+007 2.87019e+007 2.8702e+007 2.87022e+007 2.87022e+007 2.87023e+007 2.87024e+007 2.87024e+007 2.87025e+007 2.87025e+007 2.87025e+007 2.87025e+007 2.87026e+007 2.87026e+007 2.87026e+007 2.87026e+007 2.87026e+007 2.87026e+007 2.87026e+007 2.87026e+007 2.87026e+007 2.87026e+007 2.87026e+007 2.87026e+007 2.87026e+007 2.87026e+007 2.87026e+007 2.87026e+007 2.87026e+007 2.87026e+007 2.87026e+007 2.87026e+007 2.87026e+007 2.87026e+007 2.87026e+007 2.87026e+007 2.87026e+007 2.87026e+007 2.87026e+007 2.87026e+007 2.87026e+007 2.87026e+007 2.87026e+007 2.87026e+007 2.87026e+007 2.87026e+007 2.87026e+007 2.87026e+007 2.87026e+007 2.87026e+007 2.87026e+007 2.87026e+007 2.87026e+007 2.87026e+007 0 0 0 0 0 0 0 0 0 0 0 0 0 0 0 0 0 0 0 0 0 0 0 0 0
#obs survey bio
 2.7063e+006 3.82232e+006 3.89526e+006 4.11062e+006 3.16998e+006 2.45616e+006 2.7742e+006 1.92432e+006 2.3192e+006 1.64219e+006 1.74816e+006 1.31115e+006 1.32806e+006 801126 722950 777885 709528 800151 586878 523646 746318 689133 486072 679422 517066 637511 551298 438822 598893 663102 532784 713492 535850 459278 521743 653492 576214 599030 539394 531938 581345 637188 548290 578010 425985 673618 749911 587905 895678 646529 640904 633622 515136 934463 970150 613315 718274 940593 824545 798992 986883 1.04404e+006 1.17621e+006 898593 898718 1.03022e+006 860704
#pred catch bio
 105557 109860 157001 196889 227451 268907 270661 301373 316864 279957 279259 281608 280730 234392 237300 213086 182571 156713 145261 127196 129397 118799 117480 112627 105334 119650 104979 94535.9 106231 99776.4 102415 99293.2 90767.5 87049.1 91791 89711.1 98147 102344 92893.7 105456 99258 112904 104456 104441 101196 120115 101024 107069 114206 110922 84769.6 85464.1 106047 75961.9 96483.3 108949 110225 104834 125581 120780 106138 127221 113943 127154 129664 129266 116593 98457.4 105735 104254 107743 115533 125215 134998 143870 151387 157463 162208 165820 168516 170498 171938 172974 173714 174239 174610 174871 175054 175182 175271 175334 175377 175407 175428 175442 175452 175459 175464 175467 175470 175471 175472 175473 175474 175474 175474 175474 175475 175475 175475 175475 175475 175475 175475 175475 175475 175475 175475 175475 175475 175475 175475 175475 175475 175475 175475 175475 175475 175475 175475 175475 175475 175475 175475 175475 175475 175475 175475 175475 175475 175475 175475 175475 175475 175475 175475 175475 175475 175475 175475 175475 175475 175475 175475 175475 175475 175475 175475 175475 175475 175475 175475 175475 175475 175475 175475 175475 0 0 0 0 0 0 0 0 0 0 0 0 0 0 0 0 0 0 0 0 0 0 0 0 0
#obs catch bio
 0 109657 157272 197106 227816 269963 270435 302428 319642 281710 281164 283163 282457 238560 242842 217158 184944 158223 146984 128764 130938 119402 118150 113025 105591 119777 105429 94896.1 106666 99499.7 102357 99160.8 90813.7 86962.4 92005.8 89737.6 97946.8 101877 92651.9 105415 99070.2 113700 105190 105221 101911 121495 101422 107651 114897 111084 84704.2 85358.2 107118 75847.6 96926.6 109619 110987 105051 126516 121558 106257 128079 113695 127097 129952 129601 116535
#pred cpue bio
 3.48465e+006 3.3824e+006 3.27658e+006 3.12326e+006 2.93528e+006 2.72671e+006 2.48847e+006 2.26507e+006 2.02529e+006 1.78406e+006 1.59626e+006 1.41946e+006 1.24663e+006 1.07791e+006 962663 843596 747518 681096 640295 609629 597596 580644 572877 564273 559287 561546 545420 544226 555149 552014 554685 553119 554153 565059 581527 593959 609732 616013 617046 629707 629428 637973 632814 638854 646920 660757 653364 667626 675547 674579 676209 708972 743861 756435 805266 833378 848005 861434 881263 876412 874645 887909 874654 872823 852762 825950 794480 2.69605e+007 1.57465e+007 1.55752e+007 1.61582e+007 1.74025e+007 1.89444e+007 2.05127e+007 2.19529e+007 2.31945e+007 2.42207e+007 2.50443e+007 2.56919e+007 2.6194e+007 2.65797e+007 2.68743e+007 2.70986e+007 2.72694e+007 2.73996e+007 2.7499e+007 2.75751e+007 2.76337e+007 2.7679e+007 2.77142e+007 2.77417e+007 2.77632e+007 2.77802e+007 2.77935e+007 2.78041e+007 2.78125e+007 2.78193e+007 2.78247e+007 2.7829e+007 2.78325e+007 2.78353e+007 2.78376e+007 2.78394e+007 2.78409e+007 2.78421e+007 2.78431e+007 2.78439e+007 2.78446e+007 2.78451e+007 2.78456e+007 2.78459e+007 2.78462e+007 2.78465e+007 2.78467e+007 2.78468e+007 2.7847e+007 2.78471e+007 2.78472e+007 2.78472e+007 2.78473e+007 2.78473e+007 2.78474e+007 2.78474e+007 2.78474e+007 2.78475e+007 2.78475e+007 2.78475e+007 2.78475e+007 2.78475e+007 2.78475e+007 2.78475e+007 2.78475e+007 2.78475e+007 2.78475e+007 2.78475e+007 2.78475e+007 2.78475e+007 2.78475e+007 2.78475e+007 2.78475e+007 2.78475e+007 2.78475e+007 2.78475e+007 2.78475e+007 2.78475e+007 2.78475e+007 2.78475e+007 2.78475e+007 2.78475e+007 2.78475e+007 2.78475e+007 2.78475e+007 2.78475e+007 2.78475e+007 2.78475e+007 2.78475e+007 2.78475e+007 2.78475e+007 2.78475e+007 2.78475e+007 2.78475e+007 2.78475e+007 2.78475e+007 2.78475e+007 2.78475e+007 2.78475e+007 2.78475e+007 0 0 0 0 0 0 0 0 0 0 0 0 0 0 0 0 0 0 0 0 0 0 0 0 0
#obs cpue bio
 2.55253e+006 2.99487e+006 2.77109e+006 2.64911e+006 2.17879e+006 2.79196e+006 3.26039e+006 1.90074e+006 1.19711e+006 1.80894e+006 1.45546e+006 1.6739e+006 1.18793e+006 509546 955823 863278 832416 559796 563449 503254 499361 617120 650920 522476 564035 704788 375475 583467 645402 679254 560684 483781 485730 792581 556884 582458 923650 895294 522091 833157 639662 398529 556991 671994 778267 651808 621357 746892 509742 1.10374e+006 616910 894184 610641 722215 627367 955234 839681 973629 797825 896657 897476 706503 1.06815e+006 923248 622601 693112 891449
#pred surv len freq
 0.00481477 0.00781549 0.0117595 0.0166276 0.0223034 0.0284976 0.0347198 0.0403958 0.0450832 0.0486174 0.0510886 0.0527136 0.0537196 0.0542901 0.0545523 0.0545837 0.0544271 0.0540939 0.0535287 0.0525317 0.0506986 0.0474844 0.0424526 0.0356103 0.0275904
 0.00498814 0.00801628 0.0119162 0.0166349 0.0220647 0.0279832 0.0340051 0.0396441 0.0444752 0.0482678 0.0510028 0.0528076 0.0538833 0.0544514 0.0547085 0.0547903 0.0547543 0.0545743 0.0541213 0.0531235 0.0511479 0.0476851 0.0423833 0.0353386 0.027232
 0.00517436 0.00832224 0.0123762 0.0172658 0.0228427 0.0288216 0.0347521 0.0401235 0.0445622 0.047957 0.0504166 0.0521312 0.0532722 0.053975 0.0543602 0.0545388 0.0545868 0.0544993 0.0541374 0.0531886 0.0511796 0.0475985 0.0421393 0.0349668 0.0268122
 0.00536759 0.00863381 0.0128412 0.0179172 0.023706 0.0299026 0.036017 0.0414794 0.045853 0.0489898 0.0510191 0.0522176 0.0528788 0.0532389 0.0534532 0.053602 0.0537022 0.0536992 0.0534239 0.052542 0.0505623 0.0469699 0.0414816 0.034303 0.0261985
 0.00558122 0.00897665 0.0133492 0.018622 0.0246307 0.0310541 0.0373772 0.0429971 0.0474419 0.0505294 0.0523598 0.0531976 0.0533594 0.0531508 0.0528268 0.0525577 0.0524037 0.0522979 0.052024 0.0511954 0.0492846 0.0457642 0.0403608 0.0333001 0.0253576
 0.00580958 0.00934329 0.0138928 0.0193761 0.025619 0.0322824 0.0388236 0.0446083 0.0491376 0.052213 0.0539251 0.0545292 0.0543333 0.0536467 0.0527567 0.0518998 0.0512197 0.0507182 0.0502082 0.0492909 0.0474052 0.0439928 0.038764 0.0319358 0.024269
 0.00612723 0.00984299 0.014614 0.0203455 0.0268475 0.0337606 0.0405148 0.046445 0.0510276 0.0540528 0.0556129 0.0559702 0.0554375 0.0543245 0.0529216 0.0514831 0.0501965 0.04913 0.0481672 0.046961 0.0449705 0.0416299 0.0366238 0.0301309 0.0228623
 0.00640417 0.0102928 0.0152899 0.0212955 0.0281041 0.0353259 0.0423454 0.0484495 0.0530828 0.0560302 0.0574003 0.0574793 0.0565985 0.0550756 0.0532007 0.0512279 0.0493565 0.0476905 0.0461751 0.0445381 0.0423048 0.0389459 0.0341407 0.0280219 0.021224
 0.00666325 0.0107188 0.0159402 0.0222276 0.0293654 0.0369364 0.0442791 0.050625 0.0553709 0.0582767 0.059452 0.0592051 0.0579005 0.0558899 0.0534871 0.0509565 0.0485006 0.0462353 0.0441415 0.0420122 0.0394533 0.036003 0.0313646 0.0256349 0.0193603
 0.00698916 0.0112348 0.0166921 0.0232512 0.030684 0.0385546 0.0461734 0.0527351 0.0576002 0.0605012 0.0615342 0.0610085 0.0593039 0.0567986 0.0538382 0.0507147 0.0476496 0.0447741 0.0420952 0.0394563 0.0365379 0.0329543 0.0284505 0.0231012 0.017367
 0.00723944 0.0116379 0.0172915 0.0240852 0.0317788 0.0399147 0.0477712 0.0545092 0.0594656 0.0623652 0.0633078 0.0626066 0.0606405 0.0577852 0.0543889 0.0507554 0.047126 0.0436588 0.0403973 0.0372381 0.0339331 0.0301714 0.0257447 0.0207165 0.015471
 0.00752811 0.0120963 0.0179613 0.0249983 0.0329525 0.0413439 0.049419 0.056303 0.061305 0.0641409 0.0649201 0.0639767 0.0617111 0.0585129 0.0547339 0.0506741 0.046572 0.0425935 0.0388091 0.0351664 0.0314893 0.0275436 0.0231718 0.0184331 0.0136441
 0.00788155 0.0126572 0.0187795 0.0261097 0.0343713 0.0430516 0.0513532 0.0583551 0.0633363 0.0660094 0.0665065 0.0651979 0.0625215 0.0588975 0.0546962 0.0502216 0.0457056 0.0413059 0.0370987 0.0330629 0.0290819 0.0249924 0.0206894 0.0162339 0.0118834
 0.00823192 0.0132263 0.0196341 0.0273089 0.0359518 0.0450064 0.0536101 0.0607728 0.0657259 0.0681743 0.0682801 0.0664662 0.0632292 0.0590416 0.0543118 0.0493638 0.0444302 0.0396587 0.0351174 0.0307957 0.026613 0.0224595 0.0182731 0.0141176 0.0101996
 0.00831168 0.0133781 0.0199049 0.0277597 0.0366479 0.0459995 0.0549175 0.0623635 0.0675175 0.0700414 0.0700705 0.0680235 0.0644172 0.0597655 0.054528 0.0490756 0.0436748 0.0384897 0.0335957 0.0289914 0.0246185 0.0204002 0.0163022 0.0123868 0.00881884
 0.00846807 0.0136323 0.0202881 0.0283032 0.0373801 0.0469394 0.0560662 0.0636963 0.0689816 0.0715583 0.0715415 0.069338 0.0654644 0.0604491 0.0547803 0.0488672 0.0430146 0.0374195 0.0321806 0.0273153 0.0227844 0.0185324 0.0145382 0.0108547 0.00760644
 0.00866214 0.0139314 0.0207081 0.0288491 0.038048 0.0477186 0.0569401 0.0646415 0.0699685 0.0725524 0.0725041 0.0702236 0.0662182 0.0610077 0.0550781 0.048848 0.0426439 0.0366937 0.0311309 0.0260061 0.02131 0.0170098 0.013093 0.00959897 0.00661419
 0.00883135 0.0141889 0.0210629 0.0292976 0.0385755 0.0483028 0.057554 0.0652569 0.0705609 0.073107 0.0730169 0.0706962 0.0666469 0.0613734 0.0553428 0.0489588 0.0425456 0.0363443 0.0305165 0.025151 0.020278 0.0158959 0.0120066 0.00863982 0.0058495
 0.00893257 0.0143421 0.021272 0.0295587 0.0388775 0.0486303 0.0578893 0.0655826 0.0708634 0.0733804 0.0732654 0.0709314 0.066881 0.0616101 0.0555692 0.049142 0.0426367 0.0362901 0.030276 0.0247119 0.0196664 0.0151753 0.011263 0.00795885 0.0052936
 0.00894814 0.0143757 0.0213376 0.0296729 0.0390545 0.0488735 0.0581856 0.065903 0.0711721 0.0736472 0.0734753 0.0710862 0.0669952 0.0617022 0.0556521 0.0492152 0.042682 0.0362737 0.0301596 0.0244682 0.0192943 0.0147063 0.0107543 0.00747597 0.00488923
 0.00880665 0.0141601 0.0210411 0.0293021 0.0386314 0.0484358 0.0577848 0.0655974 0.0710128 0.0736621 0.0736608 0.0714116 0.0674163 0.0621749 0.0561405 0.0496904 0.0431168 0.0366385 0.0304222 0.0246019 0.0192889 0.0145766 0.0105396 0.00722869 0.00465809
 0.00886699 0.0142317 0.0211002 0.0293115 0.0385514 0.0482425 0.0574849 0.0652314 0.0706438 0.0733575 0.0734734 0.0713686 0.0675162 0.0623931 0.0564389 0.0500281 0.0434562 0.0369466 0.0306697 0.0247644 0.0193524 0.0145441 0.010433 0.00708315 0.00451019
 0.00889202 0.0142681 0.0211457 0.0293575 0.0385808 0.0482292 0.0573974 0.0650429 0.0703479 0.0729804 0.0730747 0.0710252 0.0672973 0.062338 0.0565483 0.05027 0.04378 0.037297 0.0309973 0.0250308 0.0195342 0.0146352 0.0104451 0.00704123 0.00444382
 0.00889113 0.0142712 0.0211587 0.0293878 0.0386343 0.0483054 0.0574845 0.065117 0.0703764 0.0729325 0.0729342 0.070802 0.0670301 0.0620848 0.0563671 0.0501983 0.0438237 0.0374323 0.031182 0.0252192 0.0196892 0.0147357 0.0104883 0.00703896 0.00441537
 0.0088924 0.014267 0.0211412 0.0293476 0.0385644 0.0482069 0.0573702 0.0650081 0.0702935 0.0728841 0.0729122 0.070786 0.0669998 0.0620338 0.0563088 0.0501609 0.0438357 0.0375077 0.0313133 0.0253803 0.0198471 0.0148631 0.0105717 0.00707957 0.00442469
 0.0088324 0.0141736 0.0210084 0.0291721 0.0383463 0.0479503 0.0570854 0.0647139 0.0700179 0.0726607 0.0727714 0.0707451 0.0670565 0.0621674 0.0564905 0.0503665 0.0440533 0.0377356 0.0315504 0.0256188 0.0200705 0.0150523 0.0107136 0.00717184 0.00447527
 0.00893298 0.0143296 0.0212283 0.0294569 0.038687 0.0483255 0.0574595 0.0650401 0.0702468 0.0727544 0.0727153 0.0705526 0.0667637 0.0618208 0.0561338 0.0500323 0.0437621 0.037499 0.0313743 0.0255026 0.020006 0.0150248 0.0107062 0.00717126 0.00447412
 0.00888334 0.0142547 0.0211269 0.0293328 0.0385498 0.0481897 0.0573434 0.0649621 0.07022 0.0727802 0.0727819 0.0706387 0.0668472 0.0618871 0.0561798 0.0500643 0.0437905 0.0375331 0.0314196 0.0255598 0.0200716 0.0150919 0.0107667 0.00721873 0.00450629
 0.00868032 0.0139452 0.0207001 0.0287943 0.0379217 0.0475098 0.0566648 0.0643497 0.0697422 0.072494 0.0727188 0.0707969 0.0671932 0.0623661 0.0567295 0.0506294 0.0443307 0.0380252 0.0318531 0.0259315 0.0203812 0.01534 0.0109554 0.00735281 0.00459392
 0.00871288 0.0139774 0.0207107 0.0287515 0.0377923 0.0472741 0.0563277 0.0639436 0.0693174 0.0721053 0.0724134 0.0706079 0.0671371 0.062441 0.0569166 0.0508962 0.0446399 0.0383422 0.0321524 0.0261978 0.0206072 0.0155233 0.0110963 0.00745436 0.00466153
 0.00870903 0.0139702 0.020697 0.0287248 0.0377408 0.0471793 0.0561674 0.0636997 0.0689878 0.0717131 0.0720072 0.0702502 0.0668855 0.0623329 0.0569612 0.0510768 0.044921 0.0386801 0.0325046 0.0265302 0.0208972 0.0157595 0.0112764 0.00758238 0.00474577
 0.00870823 0.0139723 0.0207062 0.0287464 0.0377788 0.0472325 0.0562257 0.0637426 0.0689877 0.0716432 0.0718524 0.0700168 0.0666052 0.0620557 0.0567405 0.0509525 0.0449084 0.0387688 0.0326657 0.0267277 0.0210977 0.0159386 0.0114208 0.0076885 0.00481704
 0.00874375 0.0140169 0.0207495 0.0287717 0.0377694 0.0471802 0.0561365 0.0636353 0.0688839 0.0715562 0.07178 0.069945 0.0665182 0.0619486 0.0566257 0.0508565 0.0448608 0.0387889 0.0327544 0.0268681 0.0212627 0.016101 0.0115605 0.00779549 0.0048907
 0.00876005 0.0140326 0.0207527 0.0287441 0.0376897 0.0470313 0.0559135 0.0633503 0.0685667 0.0712488 0.0715267 0.0697789 0.0664515 0.0619711 0.0567133 0.0509853 0.0450165 0.0389679 0.0329565 0.027088 0.0214869 0.0163108 0.0117387 0.00793238 0.00498553
 0.00864987 0.0138731 0.0205487 0.0285108 0.0374467 0.0467931 0.0556834 0.0631227 0.0683354 0.0710173 0.0713136 0.0696146 0.0663681 0.0619898 0.0568364 0.0511961 0.0452875 0.039271 0.0332695 0.0273948 0.021774 0.0165652 0.0119491 0.00809262 0.00509672
 0.00852451 0.0136829 0.0202885 0.028187 0.0370777 0.046408 0.0553187 0.0628155 0.0681133 0.070889 0.0712676 0.0696293 0.0664258 0.0620861 0.0569781 0.0513916 0.0455368 0.0395626 0.0335838 0.0277098 0.0220696 0.0168254 0.012163 0.00825522 0.00520996
 0.00845569 0.0135618 0.0200902 0.027885 0.0366534 0.0458636 0.0546885 0.0621654 0.0675262 0.0704414 0.0710083 0.0695699 0.066545 0.0623427 0.0573281 0.0517995 0.0459785 0.0400209 0.0340418 0.0281485 0.0224691 0.0171682 0.0124381 0.00846003 0.00535026
 0.00853855 0.0136796 0.0202348 0.0280351 0.0367758 0.0459193 0.0546403 0.0619879 0.0672169 0.0700278 0.070547 0.0691322 0.0661955 0.0621217 0.0572448 0.0518385 0.0461124 0.0402208 0.0342827 0.028408 0.0227262 0.0174038 0.0126371 0.00861421 0.00545917
 0.00863988 0.0138402 0.0204677 0.0283464 0.0371596 0.0463514 0.0550739 0.0623569 0.0674495 0.0700682 0.070374 0.0687684 0.0657017 0.0615793 0.0567337 0.0514174 0.0458102 0.0400393 0.0342052 0.0284097 0.0227806 0.0174859 0.0127257 0.00869386 0.00552134
 0.00865374 0.0138597 0.0204921 0.0283745 0.0371924 0.0463938 0.0551346 0.0624431 0.0675592 0.0701831 0.070461 0.0687899 0.0656322 0.0614191 0.056511 0.0511794 0.0456057 0.0399027 0.0341494 0.0284271 0.0228506 0.0175834 0.0128277 0.00878383 0.00559067
 0.00879519 0.0140757 0.0207904 0.0287517 0.0376331 0.0468717 0.0556138 0.0628819 0.0679169 0.0704283 0.0705753 0.068766 0.0654699 0.0611249 0.0561032 0.0506924 0.0450887 0.0394102 0.0337274 0.0281024 0.0226278 0.0174492 0.0127596 0.00875769 0.00558658
 0.00874435 0.014016 0.0207426 0.0287488 0.0377101 0.0470514 0.0558938 0.0632329 0.0682924 0.0707789 0.0708612 0.0689616 0.0655625 0.061111 0.0559858 0.0504825 0.0448083 0.0390924 0.033412 0.027826 0.0224141 0.0173048 0.0126758 0.00871779 0.00557294
 0.00876407 0.0140505 0.0208 0.0288403 0.0378509 0.0472582 0.056181 0.0636041 0.068732 0.0712478 0.0713011 0.0693094 0.0657677 0.0611483 0.0558577 0.0502125 0.0444327 0.0386545 0.0329573 0.027398 0.0220475 0.0170194 0.0124748 0.00859012 0.00550014
 0.00875393 0.0140277 0.0207546 0.0287613 0.0377311 0.0471026 0.0560121 0.0634619 0.0686641 0.0712941 0.0714777 0.0696002 0.0661259 0.0615093 0.0561577 0.0504062 0.0445021 0.0386084 0.0328247 0.0272176 0.0218581 0.0168516 0.0123455 0.00850296 0.0054486
 0.00871782 0.0139753 0.0206871 0.0286823 0.0376443 0.0470083 0.0559073 0.0633441 0.0685393 0.0711822 0.0714117 0.0696144 0.0662409 0.0617188 0.056427 0.0506826 0.0447327 0.0387575 0.0328816 0.0271958 0.0217858 0.0167603 0.0122602 0.0084373 0.00540563
 0.00852014 0.0136856 0.0203104 0.0282444 0.0371858 0.0465731 0.0555327 0.063056 0.0683514 0.0710979 0.0714275 0.0697257 0.0664453 0.0620137 0.0568018 0.0511113 0.0451742 0.0391645 0.0332153 0.0274368 0.0219369 0.0168405 0.0122945 0.00844771 0.0054068
 0.00857873 0.0137596 0.0203832 0.02829 0.0371787 0.0465025 0.0554118 0.0629185 0.0682352 0.0710267 0.0714019 0.0697287 0.0664573 0.0620258 0.0568192 0.051146 0.0452331 0.0392417 0.0332935 0.0274961 0.0219653 0.0168381 0.0122715 0.00841737 0.00537939
 0.00849436 0.0136282 0.0201958 0.0280405 0.0368633 0.0461206 0.0549696 0.0624364 0.0677533 0.070603 0.0711001 0.0695985 0.0665166 0.0622563 0.057177 0.0515795 0.0456969 0.0397004 0.0337193 0.0278665 0.0222641 0.0170595 0.0124209 0.00850893 0.00543036
 0.00837314 0.013451 0.0199656 0.0277724 0.0365791 0.0458401 0.0547042 0.0621878 0.0675176 0.0703785 0.0708949 0.0694348 0.0664271 0.0622725 0.0573152 0.0518324 0.046036 0.040086 0.0341106 0.0282291 0.0225735 0.0173022 0.0125952 0.00862293 0.00549797
 0.0084399 0.0135332 0.0200417 0.0278083 0.0365402 0.0457087 0.0544911 0.0619295 0.067259 0.0701522 0.0707109 0.0692857 0.0663037 0.0621772 0.0572643 0.051847 0.0461287 0.0402521 0.0343286 0.0284678 0.0228019 0.0174969 0.0127443 0.00872559 0.00556155
 0.00847593 0.0135931 0.0201325 0.0279328 0.0366911 0.0458628 0.0546089 0.0619655 0.0671813 0.0699602 0.0704379 0.0689842 0.0660225 0.0619469 0.0570973 0.0517471 0.0460977 0.0402898 0.0344275 0.0286103 0.0229631 0.0176516 0.0128738 0.00882147 0.00562459
 0.00833557 0.0133667 0.0197967 0.0274713 0.0361025 0.0451699 0.0538645 0.0612455 0.0665649 0.0695069 0.0701758 0.0689142 0.0661306 0.0622135 0.0574978 0.0522506 0.0466686 0.040892 0.0350279 0.0291795 0.0234745 0.0180835 0.0132131 0.00906699 0.00578689
 0.0082174 0.0131781 0.019519 0.0270889 0.0356053 0.044558 0.0531548 0.0604781 0.0658025 0.0688266 0.0696535 0.0686072 0.0660658 0.0623849 0.0578745 0.0527873 0.047315 0.0415976 0.035745 0.0298648 0.0240917 0.0186054 0.0136245 0.00936684 0.00598723
 0.00825365 0.0132314 0.0195881 0.0271668 0.035678 0.0446043 0.0531473 0.0603866 0.0656025 0.0685102 0.0692383 0.0681384 0.065608 0.0620062 0.0576284 0.0527016 0.0473889 0.0418072 0.0360518 0.0302243 0.02446 0.0189453 0.0139098 0.00958471 0.00613819
 0.00808518 0.0129653 0.0192031 0.0266506 0.0350328 0.0438522 0.0523348 0.0595816 0.0648802 0.0679334 0.0688441 0.067937 0.0655922 0.062163 0.0579463 0.0531692 0.0479884 0.0425088 0.0368122 0.0309912 0.0251802 0.0195738 0.0144174 0.00996211 0.00639498
 0.00805101 0.0129096 0.0191182 0.0265279 0.0348621 0.0436232 0.0520398 0.0592203 0.0644645 0.06749 0.0684112 0.0675564 0.0653005 0.0619857 0.0578978 0.053255 0.0482073 0.0428503 0.037253 0.0314939 0.0256975 0.0200574 0.0148289 0.0102804 0.00661818
 0.0079675 0.0127966 0.0189899 0.0264101 0.0347833 0.0436003 0.0520671 0.0592687 0.0644913 0.0674545 0.0682896 0.0673497 0.0650342 0.0617024 0.0576455 0.0530768 0.0481339 0.0428963 0.0374153 0.0317515 0.0260145 0.02039 0.0151358 0.0105322 0.00680272
 0.00787036 0.0126444 0.0187727 0.0261266 0.034445 0.0432356 0.0517215 0.0589953 0.0643323 0.0674219 0.0683581 0.067468 0.0651484 0.0617789 0.0576811 0.0530946 0.0481703 0.0429853 0.037577 0.0319861 0.0263021 0.0206974 0.015426 0.0107759 0.00698514
 0.00774139 0.0124421 0.0184823 0.02574 0.0339632 0.0426726 0.0511088 0.0583846 0.0637905 0.0670179 0.0681439 0.0674624 0.0653302 0.062095 0.0580669 0.0534975 0.0485633 0.0433669 0.0379586 0.0323766 0.0266975 0.0210792 0.0157686 0.0110567 0.00719328
 0.00772026 0.0124108 0.0184404 0.0256876 0.0338988 0.042591 0.0510002 0.0582375 0.0635983 0.0667861 0.0678948 0.0672319 0.0651574 0.0620075 0.0580709 0.0535775 0.0486935 0.0435252 0.0381348 0.0325698 0.0269074 0.0212979 0.0159799 0.0112418 0.00733847
 0.00764753 0.0123011 0.0182915 0.0255034 0.0336891 0.0423687 0.0507802 0.058033 0.0634185 0.0666337 0.0677674 0.0671278 0.0650815 0.0619732 0.0580945 0.0536696 0.0488518 0.0437355 0.0383774 0.0328271 0.0271656 0.0215451 0.0162037 0.01143 0.00748299
 0.00746672 0.0120217 0.0178988 0.0249954 0.0330784 0.0416845 0.0500693 0.0573577 0.0628456 0.0662194 0.0675437 0.0670976 0.0652244 0.0622561 0.0584836 0.0541363 0.0493729 0.0442893 0.0389404 0.0333738 0.0276718 0.0219905 0.0165738 0.0117179 0.00769037
 0.00750732 0.0120694 0.0179365 0.0249957 0.0330102 0.0415246 0.0498121 0.0570187 0.0624573 0.0658233 0.0671815 0.066805 0.065026 0.0621636 0.0584957 0.0542429 0.0495595 0.0445394 0.039236 0.0336944 0.0279947 0.0222932 0.0168371 0.0119295 0.00784643
 0.00750457 0.0120636 0.0179244 0.0249708 0.0329613 0.0414347 0.0496606 0.056788 0.0621424 0.0654398 0.0667675 0.0664131 0.064709 0.0619614 0.0584279 0.0543087 0.0497425 0.0448143 0.0395734 0.0340639 0.0283664 0.0226395 0.0171359 0.0121671 0.0080194
 0.00743141 0.0119732 0.0178405 0.0249316 0.0330066 0.0415866 0.0499077 0.0570823 0.0624127 0.0656144 0.0667961 0.0662815 0.064442 0.0616137 0.0580678 0.0539985 0.0495248 0.0447067 0.0395715 0.0341477 0.0285075 0.0228073 0.0173029 0.0123126 0.0081323
 0.00710867 0.011509 0.0172557 0.0242878 0.0323945 0.041102 0.0496283 0.0570511 0.0626281 0.0660272 0.0673169 0.0668029 0.0648699 0.0618949 0.0582002 0.0540228 0.0495025 0.0446959 0.0396101 0.0342476 0.0286581 0.0229849 0.0174803 0.0124678 0.00825265
 0.00678109 0.0109948 0.0165194 0.0233182 0.0312176 0.039795 0.048326 0.0559311 0.0618672 0.0657448 0.0675354 0.0674437 0.0657855 0.0629175 0.0591879 0.0548885 0.0502202 0.0452858 0.0401129 0.0346992 0.0290756 0.0233654 0.0178095 0.0127318 0.00844603
#obs surv len freq
 nan nan nan nan nan nan nan nan nan nan nan nan nan nan nan nan nan nan nan nan nan nan nan nan nan
 0.00448496 0.00734643 0.0111765 0.0159929 0.0216935 0.0279689 0.0342827 0.0400137 0.0446931 0.0481567 0.0505144 0.0520101 0.0529023 0.0534146 0.0537288 0.0539837 0.0542622 0.0545549 0.0546937 0.0542856 0.0527236 0.0493558 0.0438056 0.0362858 0.0276695
 0.00461559 0.00756136 0.0115044 0.0164608 0.0223203 0.0287548 0.0351992 0.0410009 0.0456681 0.0490309 0.0512099 0.0524715 0.0531017 0.0533517 0.0534262 0.0534791 0.0535997 0.0537774 0.0538404 0.0533939 0.0518325 0.0485088 0.0430478 0.0356554 0.0271877
 0.00478525 0.0078374 0.0119203 0.0170483 0.0231035 0.0297404 0.0363663 0.042295 0.0470055 0.050311 0.0523299 0.0533393 0.0536469 0.0535333 0.053236 0.0529396 0.052757 0.0526919 0.0525794 0.0520282 0.0504382 0.0471669 0.0418391 0.0346463 0.0264151
 0.00496883 0.00813994 0.0123832 0.0177125 0.0240014 0.0308831 0.0377305 0.0438185 0.0485964 0.0518635 0.0537395 0.0545101 0.0544954 0.0539922 0.0532609 0.0525152 0.0519007 0.0514526 0.0510328 0.0502723 0.0485891 0.0453524 0.0401853 0.0332564 0.0253469
 0.00518941 0.00849906 0.0129248 0.0184785 0.0250243 0.0321743 0.0392671 0.0455379 0.0504024 0.053643 0.0553786 0.0559054 0.0555578 0.0546484 0.053454 0.0522081 0.0510814 0.0501422 0.049292 0.0482049 0.0463396 0.0430939 0.0380952 0.0314825 0.0239753
 0.00541854 0.008875 0.013497 0.0192951 0.0261228 0.0335671 0.0409265 0.0473915 0.0523443 0.0555538 0.0571441 0.0574252 0.0567462 0.0554326 0.053773 0.0520132 0.0503411 0.048852 0.0474883 0.0459788 0.0438427 0.0405277 0.0356791 0.0294069 0.0223573
 0.00565317 0.00926104 0.0140867 0.0201402 0.0272652 0.0350228 0.0426696 0.0493479 0.0544015 0.0575826 0.0590192 0.0590382 0.0580096 0.0562777 0.0541451 0.0518674 0.0496419 0.0475817 0.0456636 0.0436729 0.0412004 0.0377611 0.0330342 0.0271075 0.0205488
 0.00590408 0.00966958 0.014703 0.0210119 0.0284292 0.0364922 0.044419 0.051307 0.0564636 0.0596231 0.0609147 0.0606782 0.0593025 0.0571515 0.054545 0.0517509 0.048976 0.0463461 0.0438658 0.0413714 0.0385274 0.034925 0.0302897 0.0246966 0.0186363
 0.00615844 0.010087 0.0153381 0.0219177 0.0296457 0.03803 0.0462425 0.0533303 0.0585642 0.0616675 0.06278 0.0622636 0.0605293 0.0579596 0.0548881 0.0515925 0.0482869 0.0451074 0.0420816 0.0390919 0.0358725 0.0320924 0.02753 0.0222553 0.0166872
 0.00636707 0.0104328 0.0158714 0.0226898 0.0307003 0.0393869 0.0478816 0.0551842 0.0605268 0.0636131 0.0645845 0.0638183 0.0617479 0.0587787 0.0552633 0.0514921 0.0476865 0.0439906 0.0404509 0.03699 0.033406 0.0294419 0.0249294 0.0199393 0.0148265
 0.00660687 0.010822 0.0164558 0.0235122 0.0317923 0.0407571 0.0495023 0.056986 0.0624072 0.0654543 0.0662716 0.0652509 0.0628459 0.0594837 0.0555368 0.0513106 0.0470359 0.0428645 0.0388583 0.0349726 0.0310609 0.0269329 0.0224704 0.0177473 0.0130619
 0.00682678 0.0111836 0.0170075 0.0243005 0.0328519 0.0420952 0.0510837 0.0587298 0.0642003 0.0671758 0.0678134 0.0665277 0.0637953 0.0600624 0.0557163 0.0510734 0.0463729 0.0417745 0.037354 0.0330958 0.0289005 0.024635 0.020225 0.0157476 0.0114513
 0.00703669 0.0115283 0.0175326 0.0250503 0.0338606 0.0433722 0.0525989 0.060408 0.065931 0.0688342 0.0692828 0.0677145 0.0646353 0.0605202 0.0557791 0.0507421 0.0456548 0.0406807 0.035905 0.0313343 0.0269082 0.0225409 0.0181948 0.0139483 0.0100061
 0.0072717 0.0119124 0.0181137 0.0258733 0.0349567 0.0447436 0.0542034 0.0621554 0.0676962 0.0704828 0.0706943 0.0687971 0.0653304 0.0608014 0.0556473 0.0502171 0.0447661 0.0394616 0.0343929 0.0295805 0.0249915 0.0205759 0.0163232 0.01231 0.00870135
 0.0074387 0.0121914 0.0185475 0.0265062 0.0358254 0.0458621 0.0555482 0.0636592 0.0692573 0.0719837 0.0720216 0.0698553 0.0660499 0.0611414 0.0555953 0.0497845 0.0439814 0.0383639 0.0330298 0.0280114 0.0232956 0.0188572 0.0147026 0.0109029 0.00758762
 0.00753234 0.0123451 0.0187825 0.0268455 0.0362916 0.046474 0.0563134 0.0645681 0.070279 0.0730653 0.0730921 0.0708326 0.0668515 0.0616956 0.0558503 0.0497133 0.0435818 0.037656 0.0320527 0.0268226 0.0219725 0.0174962 0.0134107 0.00977835 0.00669691
 0.00762244 0.0124837 0.0189769 0.0270983 0.0366025 0.0468416 0.056737 0.0650473 0.0708125 0.0736491 0.0737144 0.0714689 0.0674606 0.0622215 0.0562299 0.0498885 0.0435107 0.0373209 0.0314638 0.0260184 0.021018 0.0164775 0.0124231 0.00890859 0.00600371
 0.00767307 0.0125635 0.0190921 0.0272523 0.0367951 0.0470679 0.0569873 0.0653098 0.0710785 0.0739182 0.0739955 0.0717741 0.0677946 0.0625716 0.0565622 0.0501514 0.0436466 0.037281 0.0312216 0.0255788 0.0204194 0.0157864 0.0117206 0.00827158 0.00548684
 0.00771443 0.0126246 0.0191728 0.0273489 0.0369019 0.0471797 0.057101 0.0654245 0.0711948 0.0740379 0.0741223 0.0719145 0.0679566 0.0627604 0.0567725 0.050362 0.0438199 0.03737 0.0311842 0.0253929 0.020093 0.0153587 0.0112519 0.00782618 0.00511432
 0.00776902 0.0127047 0.0192769 0.0274697 0.0370276 0.0472969 0.0571982 0.0654942 0.0712353 0.0740543 0.0741262 0.0719205 0.0679793 0.0628103 0.0568534 0.0504678 0.0439322 0.0374588 0.0312136 0.0253328 0.019932 0.0151111 0.0109548 0.00752672 0.00485374
 0.00781979 0.0127828 0.0193859 0.0276086 0.0371902 0.0474711 0.0573657 0.0656335 0.0713272 0.0740883 0.0741047 0.0718584 0.0678986 0.0627337 0.0567984 0.0504429 0.0439344 0.037473 0.0312159 0.0252972 0.0198404 0.0149621 0.0107658 0.0073274 0.00467398
 0.00784848 0.0128279 0.0194508 0.0276953 0.0372983 0.0475967 0.0575011 0.0657662 0.0714418 0.07417 0.0741429 0.0718502 0.06785 0.0626586 0.0567149 0.0503679 0.0438783 0.0374362 0.0311882 0.0252618 0.0197811 0.0148711 0.0106484 0.00719927 0.00455457
 0.00787242 0.0128634 0.019498 0.0277521 0.0373616 0.0476634 0.0575689 0.0658335 0.0715064 0.0742284 0.0741897 0.0718791 0.0678559 0.0626397 0.0566748 0.0503152 0.0438234 0.0373873 0.0311469 0.0252229 0.0197355 0.0148116 0.0105744 0.00711803 0.00447722
 0.00788763 0.0128836 0.0195197 0.0277696 0.0373681 0.047654 0.0575431 0.0657959 0.071466 0.0741956 0.0741736 0.0718843 0.067881 0.0626781 0.0567171 0.0503533 0.0438532 0.0374083 0.0311603 0.0252283 0.0197305 0.0147935 0.010543 0.00707756 0.00443481
 0.00789236 0.0128902 0.0195277 0.0277772 0.0373721 0.0476504 0.057527 0.0657639 0.071418 0.0741368 0.0741143 0.0718373 0.067857 0.0626822 0.0567473 0.0504017 0.0439092 0.0374627 0.0312066 0.0252629 0.0197515 0.0148001 0.0105364 0.00706113 0.00441373
 0.00790153 0.0129016 0.0195383 0.0277822 0.0373661 0.0476296 0.0574911 0.0657157 0.0713623 0.0740787 0.0740585 0.071789 0.0678223 0.0626672 0.056756 0.0504339 0.0439601 0.0375236 0.0312682 0.0253171 0.0197929 0.0148265 0.0105484 0.00706175 0.0044073
 0.00789203 0.0128859 0.019514 0.0277469 0.0373174 0.0475662 0.0574134 0.0656273 0.0712698 0.0739913 0.0739863 0.0717405 0.0678027 0.0626779 0.0567955 0.0504982 0.0440435 0.0376185 0.0313654 0.0254075 0.019869 0.014884 0.0105868 0.00708335 0.00441667
 0.00788471 0.0128719 0.0194893 0.0277063 0.0372569 0.047484 0.0573126 0.0655153 0.0711573 0.0738893 0.0739043 0.0716853 0.067779 0.0626876 0.0568375 0.0505686 0.044136 0.0377249 0.0314765 0.025514 0.0199627 0.0149593 0.0106414 0.0071187 0.00443671
 0.00786609 0.012839 0.0194349 0.0276227 0.0371374 0.0473269 0.0571241 0.0653105 0.0709572 0.0737162 0.0737772 0.0716164 0.0677722 0.0627398 0.05694 0.0507098 0.0443026 0.0379037 0.031655 0.0256806 0.0201081 0.0150772 0.0107296 0.00717903 0.00447404
 0.00786003 0.0128274 0.019414 0.0275874 0.0370819 0.0472459 0.0570147 0.065174 0.0708004 0.0735519 0.0736225 0.0714901 0.0676908 0.0627133 0.0569707 0.0507921 0.0444256 0.0380531 0.0318156 0.0258384 0.0202511 0.015197 0.010822 0.00724419 0.00451581
 0.00782288 0.0127687 0.019329 0.0274729 0.0369374 0.0470747 0.0568244 0.0649769 0.0706114 0.0733855 0.0734911 0.0714031 0.0676548 0.0627326 0.0570458 0.0509189 0.0445946 0.0382506 0.0320252 0.0260433 0.0204369 0.0153532 0.0109432 0.0073307 0.00457218
 0.00780714 0.0127379 0.0192734 0.0273808 0.0367987 0.0468863 0.0565945 0.0647251 0.0703645 0.0731699 0.0733267 0.0713013 0.067619 0.0627608 0.0571327 0.0510571 0.0447744 0.0384597 0.0322487 0.0262649 0.020641 0.0155273 0.0110804 0.00742999 0.00463781
 0.00777548 0.0126867 0.0191967 0.0272727 0.0366541 0.0467022 0.0563724 0.0644735 0.0701001 0.0729164 0.0731113 0.0711488 0.0675466 0.062774 0.0572264 0.0512183 0.0449864 0.0387044 0.0325077 0.0265201 0.0208758 0.0157284 0.0112399 0.00754633 0.00471539
 0.0077442 0.0126353 0.0191183 0.0271611 0.0365049 0.0465153 0.056154 0.0642363 0.0698606 0.0726921 0.0729186 0.0710025 0.0674599 0.0627575 0.0572848 0.0513488 0.0451779 0.0389397 0.0327663 0.0267811 0.0211198 0.0159401 0.0114096 0.00767149 0.00479973
 0.00770275 0.01257 0.0190241 0.0270344 0.0363447 0.0463237 0.0559375 0.0640063 0.0696326 0.0724832 0.0727444 0.0708757 0.0673893 0.0627485 0.0573399 0.0514668 0.0453531 0.0391607 0.0330164 0.0270401 0.0213672 0.0161582 0.0115869 0.00780368 0.00488969
 0.0076791 0.0125287 0.0189566 0.0269317 0.0361997 0.046135 0.0557129 0.0637627 0.069392 0.0722672 0.0725698 0.0707532 0.0673242 0.0627428 0.057393 0.0515761 0.0455135 0.0393635 0.0332489 0.0272854 0.0216061 0.0163731 0.0117645 0.00793799 0.00498219
 0.00766815 0.0125096 0.0189254 0.0268832 0.036128 0.0460347 0.055581 0.0636005 0.0692068 0.0720726 0.0723839 0.070595 0.0672099 0.0626826 0.0573909 0.0516311 0.0456207 0.0395153 0.0334342 0.0274896 0.0218124 0.0165642 0.0119267 0.00806341 0.00507022
 0.00762602 0.0124478 0.0188446 0.0267882 0.0360254 0.0459306 0.0554782 0.0634986 0.0691041 0.0719679 0.072279 0.0704961 0.0671269 0.0626275 0.0573743 0.0516599 0.0456965 0.0396342 0.0335876 0.0276649 0.0219942 0.0167366 0.0120758 0.00818086 0.00515398
 0.00760891 0.012417 0.018793 0.0267086 0.0359136 0.0457892 0.0553192 0.0633415 0.068969 0.0718676 0.0722156 0.0704626 0.0671138 0.0626287 0.0573904 0.0516961 0.0457593 0.0397274 0.0337096 0.0278087 0.0221479 0.0168861 0.0122081 0.00828708 0.00523104
 0.00758906 0.0123872 0.0187526 0.0266577 0.0358522 0.045716 0.0552322 0.0632396 0.0688558 0.0717529 0.0721133 0.0703859 0.0670704 0.0626184 0.0574078 0.0517354 0.0458178 0.039805 0.0338069 0.0279229 0.0222721 0.0170099 0.0123204 0.00837928 0.00529926
 0.00756873 0.0123564 0.0187105 0.0266052 0.0357918 0.0456516 0.0551677 0.0631785 0.0687995 0.0717009 0.0720641 0.0703399 0.0670312 0.0625921 0.0574 0.051749 0.0458525 0.0398591 0.0338781 0.0280083 0.0223667 0.0171064 0.0124103 0.00845492 0.00535653
 0.00756693 0.012351 0.018698 0.0265812 0.0357525 0.0455958 0.055099 0.0631045 0.0687295 0.0716425 0.0720209 0.0703108 0.067013 0.062582 0.0573979 0.051757 0.0458736 0.0398954 0.0339296 0.0280729 0.0224402 0.0171827 0.0124824 0.00851671 0.00540415
 0.00755274 0.0123318 0.018676 0.0265602 0.0357362 0.0455851 0.0550909 0.0630931 0.0687091 0.0716113 0.071982 0.0702708 0.0669782 0.0625564 0.0573825 0.0517518 0.0458787 0.0399118 0.0339582 0.0281133 0.0224901 0.0172375 0.0125363 0.00856424 0.00544167
 0.00754278 0.0123138 0.018646 0.0265142 0.0356724 0.0455063 0.0550054 0.0630133 0.068647 0.0715733 0.0719673 0.0702736 0.066992 0.0625772 0.057409 0.0517839 0.0459167 0.0399555 0.0340073 0.0281671 0.0225468 0.0172942 0.0125891 0.00860936 0.00547662
 0.00753263 0.012299 0.0186265 0.0264908 0.0356453 0.0454749 0.0549678 0.0629681 0.0685955 0.0715204 0.0719211 0.0702415 0.0669781 0.0625807 0.0574261 0.0518103 0.0459494 0.039993 0.0340488 0.028212 0.0225937 0.0173407 0.0126322 0.00864624 0.00550532
 0.00749641 0.0122435 0.0185496 0.026393 0.0355307 0.0453502 0.0548429 0.0628542 0.0685029 0.0714564 0.0718884 0.0702399 0.0670053 0.0626337 0.0575006 0.0519004 0.0460483 0.0400941 0.0341472 0.0283042 0.0226772 0.0174137 0.0126931 0.00869395 0.00554003
 0.00750256 0.0122476 0.0185451 0.0263707 0.0354813 0.0452694 0.0547344 0.06273 0.0683799 0.0713507 0.0718115 0.0701965 0.0669951 0.0626529 0.0575443 0.0519635 0.0461252 0.0401793 0.0342349 0.0283892 0.0227554 0.0174819 0.0127495 0.00873765 0.00557146
 0.00750032 0.0122484 0.0185538 0.0263932 0.0355211 0.0453233 0.0547902 0.0627695 0.0683859 0.0713154 0.0717398 0.070104 0.0669008 0.0625726 0.0574871 0.0519323 0.0461183 0.0401924 0.0342628 0.0284262 0.0227962 0.0175218 0.012785 0.00876658 0.00559301
 0.00748015 0.0122149 0.0185026 0.0263212 0.0354287 0.045217 0.0546831 0.0626783 0.0683241 0.0712872 0.0717389 0.0701184 0.0669205 0.0625944 0.0575143 0.05197 0.04617 0.0402576 0.0343375 0.0285045 0.022872 0.0175898 0.0128414 0.00880991 0.00562358
 0.00748015 0.0122149 0.0185026 0.0263212 0.0354287 0.045217 0.0546831 0.0626783 0.0683241 0.0712872 0.0717389 0.0701184 0.0669205 0.0625944 0.0575143 0.05197 0.04617 0.0402576 0.0343375 0.0285045 0.022872 0.0175898 0.0128414 0.00880991 0.00562358
 0.00728182 0.0118975 0.0180357 0.0256837 0.0346175 0.0442587 0.0536438 0.0616616 0.0674522 0.0706705 0.0714478 0.0701697 0.0672798 0.0631922 0.0582663 0.0527962 0.0470052 0.0410546 0.0350642 0.0291399 0.0234037 0.0180133 0.0131599 0.00903405 0.00576997
 0.00719433 0.0117376 0.0177627 0.0252499 0.0339809 0.0434024 0.0525951 0.060498 0.0662904 0.0696427 0.0706755 0.0697422 0.0672396 0.0635287 0.0589208 0.0536771 0.0480095 0.0420866 0.0360475 0.030021 0.0241501 0.0186108 0.0136099 0.00935055 0.00597621
 0.00722118 0.0117746 0.0178044 0.0252817 0.0339764 0.0433224 0.0523918 0.0601269 0.0657301 0.0689139 0.0698493 0.0689292 0.0665635 0.0630943 0.0587887 0.0538518 0.0484441 0.0427001 0.0367469 0.0307213 0.0247865 0.0191433 0.014022 0.00964545 0.0061705
 0.00705574 0.0115221 0.0174553 0.0248388 0.0334541 0.042744 0.0517861 0.0595238 0.0651541 0.0683798 0.069365 0.0685075 0.0662345 0.0629078 0.0588018 0.0541066 0.048947 0.0434131 0.0375945 0.03161 0.025627 0.0198683 0.0145953 0.0100612 0.00644655
 0.00706698 0.0115255 0.0174334 0.0247672 0.033309 0.042513 0.0514767 0.0591624 0.0647748 0.0680099 0.0690167 0.0681795 0.0659241 0.0626259 0.0585809 0.0539966 0.0489974 0.0436506 0.0380074 0.0321474 0.026214 0.0204287 0.0150713 0.0104243 0.00669618
 0.00704577 0.0115033 0.0174214 0.0247797 0.0333555 0.0425874 0.0515516 0.0591957 0.0647265 0.0678605 0.0687744 0.0678731 0.0655884 0.062291 0.0582728 0.0537443 0.0488367 0.0436169 0.0381212 0.0323996 0.0265641 0.0208162 0.0154362 0.0107241 0.00691367
 0.00698386 0.0114057 0.0172813 0.0245958 0.0331353 0.0423501 0.0513271 0.0590167 0.0646142 0.0678132 0.068767 0.0678705 0.0655632 0.0622352 0.0581976 0.0536731 0.0487989 0.0436427 0.0382343 0.0326079 0.026852 0.0211463 0.0157611 0.011003 0.00712418
 0.00690582 0.0112813 0.0170988 0.0243469 0.0328177 0.0419716 0.0509101 0.0585991 0.0642445 0.0675383 0.0686179 0.0678523 0.0656539 0.0623958 0.0583883 0.0538682 0.0489926 0.043846 0.0384652 0.0328794 0.0271623 0.0214759 0.0160783 0.0112762 0.0073336
 0.0069503 0.0113447 0.0171774 0.0244304 0.0328906 0.0420161 0.0509097 0.0585416 0.064126 0.0673663 0.0684128 0.0676429 0.0654695 0.0622556 0.0582966 0.0538171 0.048971 0.0438495 0.0384987 0.0329527 0.0272805 0.0216318 0.0162524 0.0114433 0.00747259
 0.006887 0.0112564 0.0170712 0.024321 0.0327947 0.0419446 0.0508614 0.0585036 0.0640806 0.0672996 0.0683209 0.0675344 0.0653619 0.06217 0.0582502 0.053818 0.0490176 0.0439336 0.0386119 0.03309 0.0274383 0.0218035 0.0164256 0.0116018 0.00760227
 0.00682991 0.0111601 0.016921 0.0241046 0.0325085 0.0416019 0.0504968 0.0581671 0.0638209 0.0671457 0.0682729 0.0675691 0.0654487 0.0622855 0.0583843 0.053971 0.0491931 0.0441322 0.0388296 0.0333191 0.0276694 0.0220266 0.0166292 0.011775 0.00773748
 0.00685799 0.0112008 0.0169722 0.0241592 0.0325543 0.0416224 0.0504746 0.0580902 0.0636894 0.0669761 0.068094 0.067411 0.0653307 0.0622111 0.0583459 0.0539595 0.0492039 0.0441665 0.0388898 0.0334051 0.0277768 0.0221463 0.0167498 0.0118849 0.00782754
 0.00683389 0.0111677 0.0169335 0.0241214 0.0325241 0.041603 0.0504624 0.0580745 0.0636561 0.0669136 0.068 0.0672954 0.0652135 0.0621148 0.0582871 0.0539438 0.0492279 0.0442226 0.0389711 0.0335061 0.0278917 0.0222675 0.0168675 0.0119892 0.00791142
 0.00688144 0.0112421 0.01704 0.024263 0.0327008 0.041811 0.050692 0.0583086 0.06387 0.0670778 0.0680862 0.0672844 0.0651018 0.061918 0.0580358 0.0536747 0.0489732 0.0440043 0.0388 0.0333847 0.0278171 0.0222328 0.0168631 0.0120036 0.00793362
