SBPRF35
7.78865
Curr Bio
513455
B35
709155
F35
0.209284
FOFL
0.137852
OFL
52890.1
Bzero
2.22533e+006
#pred survey bio
 5.05311e+006 4.77094e+006 4.48982e+006 4.16638e+006 3.80993e+006 3.42941e+006 3.07305e+006 2.70156e+006 2.38572e+006 2.09803e+006 1.85254e+006 1.63975e+006 1.4583e+006 1.28173e+006 1.13868e+006 1.00058e+006 885633 816076 762414 727011 694559 663373 638248 628980 610296 608358 604825 601000 599096 607238 608314 603462 587971 587094 580416 565214 561271 551409 550360 556411 567428 575295 580213 588726 588249 605676 615013 616014 610678 616975 594026 518512 1.69281e+007 9.91278e+006 1.0056e+007 1.08225e+007 1.19327e+007 1.31087e+007 1.41805e+007 1.50744e+007 1.57789e+007 1.63134e+007 1.6709e+007 1.69969e+007 1.72046e+007 1.73535e+007 1.74603e+007 1.7537e+007 1.75923e+007 1.76323e+007 1.76615e+007 1.76829e+007 1.76988e+007 1.77105e+007 1.77193e+007 1.77259e+007 1.77309e+007 1.77346e+007 1.77375e+007 1.77397e+007 1.77414e+007 1.77426e+007 1.77436e+007 1.77444e+007 1.77449e+007 1.77454e+007 1.77457e+007 1.7746e+007 1.77462e+007 1.77463e+007 1.77465e+007 1.77466e+007 1.77466e+007 1.77467e+007 1.77467e+007 1.77468e+007 1.77468e+007 1.77468e+007 1.77468e+007 1.77469e+007 1.77469e+007 1.77469e+007 1.77469e+007 1.77469e+007 1.77469e+007 1.77469e+007 1.77469e+007 1.77469e+007 1.77469e+007 1.77469e+007 1.77469e+007 1.77469e+007 1.77469e+007 1.77469e+007 1.77469e+007 1.77469e+007 1.77469e+007 1.77469e+007 1.77469e+007 1.77469e+007 1.77469e+007 1.77469e+007 1.77469e+007 1.77469e+007 1.77469e+007 1.77469e+007 1.77469e+007 1.77469e+007 1.77469e+007 1.77469e+007 1.77469e+007 1.77469e+007 1.77469e+007 1.77469e+007 1.77469e+007 1.77469e+007 1.77469e+007 1.77469e+007 1.77469e+007 1.77469e+007 1.77469e+007 1.77469e+007 1.77469e+007 1.77469e+007 1.77469e+007 1.77469e+007 1.77469e+007 1.77469e+007 1.77469e+007 1.77469e+007 1.77469e+007 1.77469e+007 0 0 0 0 0 0 0 0 0 0 0 0 0 0 0 0 0 0 0 0 0 0 0 0 0
#obs survey bio
 3.73328e+006 3.95652e+006 3.35215e+006 2.99742e+006 4.51924e+006 2.74745e+006 3.73167e+006 2.39624e+006 1.74285e+006 2.56476e+006 1.06293e+006 1.26392e+006 1.15299e+006 1.16212e+006 793374 1.03817e+006 731179 781406 639608 500372 406502 782208 486757 546167 589052 428169 472878 581029 480105 493995 530304 565388 392487 540436 416290 771743 407717 690272 471920 417319 626607 470163 468867 624754 633422 614832 505291 495181 794716 703574 656904 597115
#pred catch bio
 106768 106851 155418 206521 257227 267918 315383 297378 300659 287005 277102 263288 267466 242445 238894 216660 174862 158733 141168 137183 134227 127047 112395 118488 102363 102386 101130 98061.9 88741.2 93519 96139.2 101809 86730.7 89434.1 93887.1 84037.5 92769.5 90302.4 88309.7 86397.5 89653.6 91839 88578.3 95631.7 80569.9 87599.8 93801.6 97415.3 85669.1 107012 143830 100151 52890.1 75591.9 75266.4 79607.1 87340.5 95879.7 103640 109992 114860 118423 120947 122689 123870 124657 125177 125517 125737 125879 125970 126029 126066 126089 126104 126114 126120 126124 126126 126127 126128 126129 126129 126130 126130 126130 126130 126130 126130 126130 126130 126130 126130 126130 126130 126130 126130 126130 126130 126130 126130 126130 126130 126130 126130 126130 126130 126130 126130 126130 126130 126130 126130 126130 126130 126130 126130 126130 126130 126130 126130 126130 126130 126130 126130 126130 126130 126130 126130 126130 126130 126130 126130 126130 126130 126130 126130 126130 126130 126130 126130 126130 126130 126130 126130 126130 126130 126130 126130 126130 126130 126130 0 0 0 0 0 0 0 0 0 0 0 0 0 0 0 0 0 0 0 0 0 0 0 0 0
#obs catch bio
 0 106669 155960 207788 259345 270589 320077 302050 307565 293426 285327 271518 276611 249971 247259 222935 179051 161841 143607 140291 137967 129860 115220 122099 104308 104516 103328 99783.2 90250.6 95207.7 97740.1 103505 87558.1 90580.3 95678.2 84786.8 94199.7 91085.8 89473.9 87599.8 90656.1 92756.7 89293.4 96629 80974.1 88282.2 94389.3 98184.3 85649.7 107234 145179 99947.6
#pred cpue bio
 4.97052e+006 4.69435e+006 4.41914e+006 4.09894e+006 3.74445e+006 3.36613e+006 3.0118e+006 2.64277e+006 2.3288e+006 2.043e+006 1.79925e+006 1.58824e+006 1.40878e+006 1.2349e+006 1.0943e+006 959074 846914 779265 727244 692839 661209 630948 606657 597733 579964 578469 575323 571886 570303 578444 579897 575760 561294 560810 554716 540376 536032 524816 522379 527787 538659 546704 551755 560149 559837 576855 586140 587383 582556 589157 567566 495221 1.61935e+007 9.49511e+006 9.50693e+006 1.01087e+007 1.11526e+007 1.23108e+007 1.33784e+007 1.42715e+007 1.49758e+007 1.55104e+007 1.59059e+007 1.61939e+007 1.64015e+007 1.65505e+007 1.66572e+007 1.67339e+007 1.67892e+007 1.68293e+007 1.68585e+007 1.68799e+007 1.68957e+007 1.69074e+007 1.69162e+007 1.69228e+007 1.69278e+007 1.69316e+007 1.69344e+007 1.69366e+007 1.69383e+007 1.69396e+007 1.69405e+007 1.69413e+007 1.69419e+007 1.69423e+007 1.69427e+007 1.69429e+007 1.69431e+007 1.69433e+007 1.69434e+007 1.69435e+007 1.69436e+007 1.69436e+007 1.69437e+007 1.69437e+007 1.69437e+007 1.69438e+007 1.69438e+007 1.69438e+007 1.69438e+007 1.69438e+007 1.69438e+007 1.69438e+007 1.69438e+007 1.69438e+007 1.69438e+007 1.69438e+007 1.69438e+007 1.69438e+007 1.69438e+007 1.69438e+007 1.69438e+007 1.69438e+007 1.69438e+007 1.69438e+007 1.69438e+007 1.69438e+007 1.69438e+007 1.69438e+007 1.69438e+007 1.69438e+007 1.69438e+007 1.69438e+007 1.69438e+007 1.69438e+007 1.69438e+007 1.69438e+007 1.69438e+007 1.69438e+007 1.69438e+007 1.69438e+007 1.69438e+007 1.69438e+007 1.69438e+007 1.69438e+007 1.69438e+007 1.69438e+007 1.69438e+007 1.69438e+007 1.69438e+007 1.69438e+007 1.69438e+007 1.69438e+007 1.69438e+007 1.69438e+007 1.69438e+007 1.69438e+007 1.69438e+007 1.69438e+007 1.69438e+007 1.69438e+007 0 0 0 0 0 0 0 0 0 0 0 0 0 0 0 0 0 0 0 0 0 0 0 0 0
#obs cpue bio
 2.45839e+006 3.51611e+006 3.61351e+006 3.41614e+006 3.3811e+006 2.20924e+006 2.41247e+006 1.8335e+006 1.5908e+006 1.43199e+006 1.38458e+006 1.30609e+006 1.37148e+006 990515 1.01624e+006 874799 696183 789657 656548 542449 580885 529727 336153 443524 617500 572660 492529 599094 423464 595490 580654 610238 809703 441794 445121 527223 492983 541257 350533 500937 541717 651455 599064 499249 470449 496771 772672 647513 581644 517642 483772 542065
#pred surv len freq
 0.00529749 0.0085559 0.0127915 0.0179544 0.0239007 0.0303196 0.0367013 0.0424538 0.0471249 0.0505575 0.0528689 0.0543146 0.05516 0.0556107 0.0557842 0.0557037 0.0553117 0.0544945 0.0530959 0.0509103 0.0476803 0.0431582 0.0372594 0.0302398 0.0227508
 0.00540145 0.00864043 0.0127685 0.0177054 0.0233271 0.0294112 0.0355791 0.041345 0.0462705 0.050102 0.0528001 0.0544872 0.0553807 0.0557345 0.0557754 0.0556421 0.0553468 0.0547699 0.0536759 0.0517426 0.0486157 0.0440167 0.0379065 0.0306307 0.0229245
 0.00578732 0.00921517 0.0135296 0.0185999 0.0242474 0.0302025 0.0360653 0.0413795 0.0458027 0.0492226 0.051721 0.0534506 0.05455 0.0551385 0.0553398 0.0552766 0.0550217 0.0545331 0.0536072 0.0518843 0.0489304 0.0444003 0.0382419 0.0308445 0.0230082
 0.00604721 0.0096547 0.0142197 0.0196093 0.0256161 0.0319039 0.0379719 0.0432598 0.0473655 0.0502006 0.05196 0.052963 0.0535033 0.0537797 0.053896 0.0538883 0.0537424 0.0533773 0.052595 0.0510469 0.0482837 0.0439227 0.0378826 0.0305528 0.0227576
 0.00632018 0.0100853 0.014846 0.0204646 0.0267315 0.0333054 0.039666 0.0452067 0.0494515 0.0522254 0.0536589 0.0540694 0.053833 0.0532972 0.0527225 0.0522456 0.0518689 0.0514635 0.0507671 0.0493822 0.0468293 0.0427017 0.0368953 0.0297825 0.0221804
 0.00664163 0.0105929 0.0155819 0.0214585 0.0279966 0.0348334 0.0414225 0.0471311 0.0514636 0.0542302 0.0555394 0.0556718 0.0549685 0.0537777 0.0524238 0.051163 0.0501276 0.0492776 0.048374 0.0469909 0.0445978 0.040737 0.0352601 0.0284999 0.0212385
 0.00695491 0.0110904 0.0163089 0.0224498 0.029271 0.0363861 0.0432151 0.0490889 0.0534855 0.0562081 0.0573729 0.0572688 0.0562312 0.0545889 0.052652 0.0506958 0.048922 0.047397 0.0459874 0.0443342 0.0419196 0.0382531 0.0331264 0.0268015 0.0199902
 0.00737793 0.0117508 0.0172521 0.0237007 0.0308317 0.0382326 0.045291 0.0513023 0.0557172 0.0583302 0.0592682 0.0588418 0.0574075 0.0553047 0.0528407 0.0502834 0.0478434 0.0456331 0.0436045 0.0414999 0.038882 0.0352898 0.0304836 0.0246456 0.0183849
 0.00773743 0.0123254 0.018098 0.0248625 0.0323331 0.0400631 0.0473924 0.0535666 0.0580037 0.0604939 0.061184 0.0604148 0.0585699 0.0560067 0.0530396 0.0499351 0.0469018 0.0440672 0.0414312 0.0388196 0.0358916 0.0322574 0.0276878 0.0223057 0.0166115
 0.00811803 0.0129238 0.0189615 0.026023 0.0338044 0.0418352 0.049422 0.0557704 0.0602625 0.0626681 0.063135 0.0620228 0.0597451 0.0566913 0.0532011 0.0495533 0.0459593 0.0425511 0.0393541 0.0362518 0.0329885 0.0292555 0.0248604 0.0198913 0.0147507
 0.00845599 0.0134615 0.0197485 0.0270972 0.0351849 0.0435121 0.0513458 0.0578496 0.0623764 0.064689 0.0649463 0.0635268 0.0608631 0.0573626 0.0533825 0.0492179 0.0450928 0.0411507 0.037438 0.0338819 0.0302948 0.0264424 0.0221764 0.0175673 0.0129355
 0.00869413 0.0138526 0.0203444 0.0279486 0.0363312 0.0449654 0.0530744 0.0597718 0.0643719 0.0666222 0.0666897 0.0649759 0.0619408 0.0580169 0.0535808 0.0489406 0.0443293 0.0399007 0.0357204 0.0317532 0.0278686 0.0238962 0.0197296 0.0154302 0.0112505
 0.00889407 0.0141727 0.0208181 0.0286061 0.0371972 0.046054 0.0543797 0.0612601 0.0659787 0.0682568 0.0682453 0.0663433 0.0630224 0.0587378 0.0538922 0.0488166 0.0437602 0.0388897 0.034288 0.0299505 0.0257945 0.0217033 0.0176076 0.0135633 0.00976771
 0.00917037 0.0146075 0.0214453 0.0294471 0.0382571 0.0473161 0.0558003 0.0627685 0.0674871 0.0696768 0.0695002 0.067371 0.0637727 0.0591691 0.0539727 0.0485261 0.0430911 0.0378477 0.0328958 0.0282569 0.023887 0.0197131 0.0156961 0.0118873 0.0084371
 0.00933794 0.0148845 0.0218705 0.0300584 0.0390828 0.0483615 0.0570349 0.0641229 0.0688649 0.0709758 0.0706325 0.0682728 0.0644049 0.0595111 0.0540144 0.0482619 0.0425185 0.0369699 0.0317287 0.0268397 0.0222924 0.0180505 0.0140993 0.0104863 0.00732314
 0.00951915 0.0151783 0.0223112 0.0306777 0.0399039 0.0493897 0.0582461 0.0654578 0.0702335 0.0722718 0.0717514 0.0691288 0.0649422 0.0597084 0.0538794 0.0478206 0.0418021 0.0360085 0.0305529 0.02549 0.0208306 0.0165651 0.0126973 0.00927026 0.00636333
 0.00973695 0.0155125 0.0227778 0.0312799 0.0406349 0.0502356 0.0591864 0.0664621 0.0712588 0.0732627 0.0726433 0.0698549 0.065442 0.0599374 0.0538169 0.0474704 0.0411884 0.0351669 0.0295251 0.0243241 0.0195865 0.0153181 0.011533 0.00826843 0.00557699
 0.00986907 0.0157085 0.0230381 0.0315936 0.0409841 0.0506035 0.059563 0.0668467 0.0716581 0.0736858 0.0730947 0.0703249 0.0659012 0.060337 0.0540987 0.0475808 0.0410916 0.0348519 0.0290058 0.0236361 0.018784 0.0144702 0.0107156 0.0075508 0.00500625
 0.0100919 0.016037 0.0234691 0.0321012 0.0415253 0.0511297 0.0600303 0.0672224 0.0719257 0.0738487 0.0731755 0.0703584 0.0659201 0.0603582 0.0541141 0.0475601 0.0409928 0.0346369 0.028654 0.0231522 0.018199 0.0138361 0.0100945 0.0070004 0.00456628
 0.010227 0.0162487 0.0237717 0.0324997 0.0420106 0.0516742 0.0605857 0.0677254 0.0723138 0.07408 0.0732426 0.0702878 0.0657601 0.0601601 0.0539161 0.0473765 0.0408129 0.0344326 0.0283943 0.0228184 0.0177945 0.0133879 0.00964544 0.00659547 0.00423857
 0.0102436 0.0162919 0.0238666 0.0326787 0.0423049 0.0520987 0.0611263 0.0683348 0.0729197 0.0746026 0.0736144 0.0704694 0.0657482 0.0599853 0.0536307 0.0470362 0.0404593 0.0340846 0.02805 0.0224666 0.0174284 0.0130145 0.00928579 0.00627657 0.0039822
 0.0103333 0.0164214 0.0240323 0.0328701 0.0425115 0.0523193 0.0613728 0.068626 0.0732659 0.0749906 0.0740023 0.0707967 0.0659555 0.0600355 0.0535201 0.0467925 0.0401284 0.0337127 0.0276708 0.0220972 0.0170756 0.0126833 0.0089856 0.00602017 0.00378029
 0.0104279 0.0165651 0.0242293 0.0331158 0.0427922 0.0526138 0.0616552 0.0688721 0.0734617 0.0751382 0.0741164 0.0708918 0.066032 0.0600754 0.0534956 0.0466822 0.0399298 0.0334434 0.0273598 0.0217742 0.016763 0.0123963 0.00873458 0.00581299 0.00362129
 0.0102334 0.01629 0.0238912 0.0327571 0.0424687 0.0523752 0.0615298 0.0688626 0.0735521 0.0753055 0.0743401 0.0711578 0.0663304 0.0603935 0.0538121 0.0469673 0.0401526 0.0335831 0.0274123 0.0217514 0.0166865 0.0122899 0.00861944 0.00570551 0.00353226
 0.0102883 0.0163503 0.0239303 0.0327374 0.0423572 0.0521656 0.0612568 0.0685943 0.0733624 0.0752419 0.0744064 0.0713216 0.0665449 0.0606189 0.0540237 0.0471518 0.0403004 0.0336845 0.0274603 0.0217458 0.0166362 0.0122106 0.00852923 0.00561985 0.00346135
 0.0102883 0.0163417 0.0239005 0.0326665 0.0422201 0.0519381 0.0609248 0.0681661 0.072878 0.0747725 0.074039 0.0711304 0.0665651 0.0608357 0.0543833 0.0475846 0.0407422 0.0340872 0.0277935 0.0219953 0.0168019 0.0123036 0.00856783 0.0056244 0.00344951
 0.0102139 0.0162392 0.0237796 0.0325459 0.0421195 0.0518665 0.0608722 0.068105 0.0727752 0.074607 0.0738169 0.0708893 0.0663637 0.060732 0.054412 0.0477444 0.0409989 0.0343897 0.0280914 0.0222511 0.0169959 0.0124328 0.00864144 0.00565779 0.00345877
 0.0102115 0.0162235 0.0237354 0.0324548 0.0419683 0.0516577 0.0606302 0.0678698 0.0725854 0.074481 0.0737465 0.0708502 0.0663357 0.0607145 0.0544246 0.0478131 0.0411384 0.0345924 0.0283296 0.0224891 0.0172026 0.0125904 0.00874695 0.00571917 0.00348901
 0.010189 0.0161897 0.0236892 0.0323948 0.0418913 0.0515566 0.0604962 0.0676977 0.072382 0.0742687 0.0735581 0.0707156 0.0662695 0.0607135 0.0544761 0.0479063 0.0412694 0.0347595 0.0285252 0.0226959 0.017398 0.0127545 0.00886891 0.00579922 0.00353514
 0.00998897 0.0158924 0.0232939 0.0319201 0.0413707 0.0510309 0.0600058 0.0672787 0.0720622 0.0740657 0.0734786 0.0707586 0.0664285 0.0609762 0.0548231 0.0483112 0.0417032 0.0351963 0.028944 0.0230796 0.0177314 0.0130258 0.0090729 0.00593923 0.00362206
 0.00979792 0.0156025 0.0228969 0.0314242 0.0408002 0.050424 0.0594119 0.0667535 0.0716581 0.073819 0.0734015 0.07084 0.0666426 0.0612933 0.0552154 0.0487541 0.0421734 0.0356704 0.0293994 0.0234958 0.018092 0.0133198 0.00929622 0.00609556 0.00372191
 0.00969329 0.0154341 0.022647 0.0310793 0.0403557 0.0498909 0.0588223 0.0661603 0.0711258 0.073408 0.0731547 0.0707748 0.0667518 0.0615508 0.0555851 0.0491981 0.0426569 0.0361634 0.0298761 0.0239339 0.0184735 0.0136325 0.00953539 0.00626476 0.00383162
 0.00980417 0.015587 0.0228259 0.0312507 0.0404754 0.0499171 0.0587278 0.0659394 0.070795 0.0730037 0.0727271 0.0703787 0.0664359 0.0613475 0.0555062 0.0492361 0.042791 0.036366 0.0301182 0.0241884 0.0187166 0.0138458 0.00970745 0.00639178 0.00391696
 0.00965742 0.0153789 0.0225683 0.0309711 0.0402063 0.0496796 0.0585209 0.0657431 0.0705853 0.0727701 0.0724826 0.070157 0.0662792 0.0612926 0.0555737 0.0494261 0.0430847 0.0367316 0.0305181 0.0245858 0.0190808 0.014155 0.00995042 0.00656773 0.00403368
 0.0095695 0.0152379 0.0223612 0.0306912 0.0398589 0.0492881 0.0581281 0.0654017 0.0703391 0.0726349 0.0724414 0.0701745 0.0663242 0.061355 0.0556647 0.0495665 0.0432895 0.0370006 0.0308345 0.0249217 0.0194052 0.0144415 0.010182 0.00673899 0.00414912
 0.01039 0.0163878 0.0237515 0.0321238 0.0410828 0.0500898 0.0584053 0.0651817 0.0697427 0.0718177 0.0715436 0.0692942 0.0655133 0.0606305 0.0550283 0.0490209 0.0428443 0.0366672 0.0306166 0.0248095 0.019376 0.0144658 0.0102315 0.00679211 0.00419335
 0.0111318 0.017538 0.0253696 0.0342043 0.04353 0.0526973 0.0608569 0.0671024 0.0708055 0.0718625 0.070635 0.0676816 0.0635219 0.058552 0.0530614 0.0472689 0.0413456 0.0354273 0.0296279 0.0240565 0.018834 0.0141009 0.0100035 0.00666092 0.00412434
 0.0111382 0.0176507 0.0257262 0.0349904 0.0449246 0.0547859 0.0635535 0.0701256 0.0737308 0.0742294 0.0720695 0.0679916 0.0627378 0.0568976 0.0508694 0.044878 0.0390242 0.0333458 0.0278701 0.0226461 0.0177582 0.0133242 0.00947647 0.00632722 0.00392861
 0.010863 0.0172487 0.0252126 0.0344271 0.0444269 0.0545189 0.0637092 0.070873 0.0751401 0.0762033 0.0743264 0.0701297 0.0643594 0.0577362 0.0508606 0.04415 0.037824 0.0319455 0.0264943 0.0214396 0.0167888 0.0126022 0.00897645 0.00600596 0.00373805
 0.0105813 0.0168145 0.0246055 0.0336495 0.0435107 0.0535332 0.0627692 0.0701399 0.0747995 0.0764174 0.0751722 0.071546 0.066134 0.0595518 0.0523895 0.0451586 0.0382366 0.031841 0.0260469 0.0208425 0.0161961 0.0121052 0.00860842 0.00576071 0.00358988
 0.0103922 0.0165104 0.0241547 0.0330272 0.0427069 0.0525645 0.0616916 0.0690533 0.0738404 0.0757388 0.0749157 0.0718097 0.0669369 0.0608063 0.0539026 0.0466752 0.0395154 0.0327286 0.0265135 0.0209643 0.016102 0.0119207 0.00842151 0.00561439 0.00349328
 0.0103751 0.0164676 0.0240618 0.0328508 0.0424108 0.0521211 0.0610941 0.0683247 0.0730355 0.0749416 0.0742321 0.0713544 0.0668117 0.061071 0.0545459 0.0476015 0.0405611 0.0337095 0.0272843 0.02146 0.0163421 0.011979 0.00838374 0.00554715 0.00343332
 0.0103656 0.0164562 0.0240508 0.0328416 0.0423989 0.0520903 0.061015 0.0681599 0.0727537 0.0745348 0.0737282 0.0708187 0.0663369 0.0607568 0.054472 0.0477995 0.0409975 0.0342901 0.027884 0.0219671 0.016694 0.0121718 0.00845582 0.00555043 0.00341047
 0.0102801 0.0163281 0.023879 0.0326329 0.0421677 0.0518554 0.0607953 0.0679695 0.072596 0.0743994 0.0735949 0.0706705 0.0661751 0.0606102 0.054392 0.0478416 0.0411952 0.0346346 0.0283218 0.0224182 0.0170832 0.0124549 0.00862786 0.00563514 0.00344138
 0.0103189 0.0163802 0.0239371 0.032684 0.0421963 0.0518504 0.0607546 0.0679003 0.0725102 0.0743065 0.0734967 0.0705603 0.0660431 0.0604535 0.0542241 0.0476946 0.0411103 0.034644 0.0284311 0.0226011 0.0172924 0.0126433 0.0087665 0.00571873 0.00348166
 0.0101544 0.0161323 0.0236007 0.0322673 0.041719 0.0513397 0.0602427 0.0674246 0.0721118 0.0740251 0.0733623 0.0705843 0.0662139 0.0607387 0.0545809 0.0480838 0.0415075 0.0350403 0.0288247 0.0229849 0.0176488 0.0129488 0.00900265 0.00588104 0.00357991
 0.010042 0.0159599 0.0233608 0.0319609 0.0413556 0.0509373 0.0598272 0.0670277 0.0717666 0.0737598 0.073196 0.0705273 0.0662682 0.060898 0.0548296 0.0483978 0.0418592 0.0354052 0.0291846 0.0233271 0.0179608 0.0132173 0.00921632 0.00603527 0.00367953
 0.0099054 0.015761 0.0231041 0.031665 0.0410474 0.0506422 0.0595625 0.0668017 0.0715822 0.0736191 0.0731028 0.0704865 0.0662851 0.0609765 0.0549703 0.0485963 0.0421049 0.0356823 0.0294747 0.0236121 0.0182248 0.0134469 0.00940184 0.0061727 0.00377166
 0.0097997 0.0155984 0.0228777 0.0313766 0.0407094 0.0502788 0.0592083 0.0664965 0.0713605 0.0734987 0.0730803 0.0705425 0.0663957 0.0611233 0.0551444 0.0487956 0.0423288 0.0359271 0.0297316 0.0238682 0.0184652 0.013658 0.00957376 0.00630149 0.0038595
 0.00948433 0.0151261 0.0222422 0.0306 0.039837 0.0493698 0.0583294 0.0657188 0.0707541 0.073123 0.0729705 0.0707007 0.0667902 0.0616975 0.0558311 0.0495318 0.0430649 0.0366284 0.030375 0.0244377 0.0189495 0.0140502 0.00987328 0.00651484 0.00399978
 0.00898322 0.0144089 0.0213437 0.0296142 0.038891 0.0485799 0.0577665 0.0653987 0.070652 0.0731958 0.0731756 0.071006 0.0671754 0.0621496 0.0563372 0.0500742 0.0436205 0.0371728 0.0308864 0.0248987 0.0193473 0.014377 0.0101263 0.00669754 0.00412155
 0.00878153 0.0141143 0.0209648 0.0291875 0.0384795 0.0482645 0.0576305 0.0655051 0.0710157 0.0737641 0.0738339 0.0716141 0.067618 0.0623734 0.0563572 0.0499513 0.0434294 0.0369764 0.0307242 0.0247871 0.0192859 0.0143556 0.0101308 0.00671446 0.00414081
#obs surv len freq
 nan nan nan nan nan nan nan nan nan nan nan nan nan nan nan nan nan nan nan nan nan nan nan nan nan
 0.00447744 0.00733573 0.0111632 0.0159785 0.02168 0.027958 0.0342754 0.0400099 0.0446922 0.048158 0.0505173 0.0520141 0.052907 0.0534199 0.0537346 0.0539898 0.0542686 0.0545615 0.0547003 0.0542922 0.0527301 0.0493619 0.043811 0.0362902 0.0276729
 0.00461652 0.00756053 0.0114989 0.0164469 0.0222949 0.028717 0.0351521 0.0409511 0.0456236 0.0489979 0.0511913 0.0524667 0.053108 0.0533661 0.053446 0.0535023 0.053625 0.0538042 0.053868 0.0534217 0.0518598 0.0485344 0.0430706 0.0356743 0.0272022
 0.00478603 0.00783853 0.0119216 0.0170489 0.0231017 0.0297332 0.03635 0.0422663 0.0469639 0.05026 0.052277 0.0532933 0.053615 0.0535186 0.0532379 0.0529549 0.0527817 0.0527227 0.0526137 0.0520642 0.0504741 0.047201 0.0418696 0.0346716 0.0264344
 0.00497301 0.00814704 0.0123944 0.017729 0.0240238 0.0309108 0.0377611 0.0438474 0.0486173 0.0518703 0.0537283 0.0544815 0.0544544 0.0539471 0.05322 0.0524844 0.051882 0.051445 0.0510335 0.0502783 0.0485978 0.0453621 0.0401945 0.0332643 0.025353
 0.00518206 0.00848754 0.0129084 0.018457 0.0249983 0.0321457 0.039239 0.0455139 0.0503856 0.0536343 0.0553761 0.055905 0.0555553 0.0546419 0.053445 0.0522008 0.0510809 0.0501519 0.0493125 0.0482345 0.0463747 0.0431305 0.0381295 0.0315117 0.0239979
 0.00540044 0.00884582 0.0134537 0.0192351 0.0260451 0.0334733 0.0408219 0.0472851 0.0522471 0.0554766 0.0570943 0.0574053 0.0567536 0.0554613 0.0538158 0.0520648 0.0503992 0.048917 0.0475613 0.0460597 0.0439285 0.0406133 0.0357583 0.0294742 0.0224093
 0.0056244 0.00921384 0.014015 0.0200384 0.0271297 0.0348542 0.042475 0.049141 0.0542009 0.0574079 0.0588871 0.0589597 0.0579889 0.0563119 0.0542258 0.0519831 0.0497815 0.0477363 0.0458278 0.0438425 0.0413706 0.0379248 0.0331826 0.0272323 0.0206449
 0.00588042 0.0096302 0.014642 0.0209231 0.0283074 0.036335 0.0442291 0.0510932 0.0562403 0.0594084 0.0607272 0.0605353 0.0592171 0.0571308 0.0545888 0.0518526 0.0491245 0.0465283 0.0440692 0.0415855 0.038742 0.0351299 0.030474 0.0248508 0.0187548
 0.00613672 0.010051 0.0152828 0.0218376 0.0295363 0.0378887 0.0460708 0.0531343 0.0583544 0.061457 0.0625837 0.0620967 0.0604061 0.0578921 0.0548841 0.051654 0.0484095 0.0452811 0.0422928 0.0393254 0.0361126 0.0323238 0.0277384 0.0224293 0.0168205
 0.00636091 0.0104217 0.0158523 0.022659 0.0306537 0.0393206 0.0477931 0.0550731 0.0603952 0.0634658 0.0644287 0.063664 0.0616073 0.0586655 0.055191 0.0514715 0.0477234 0.0440843 0.0405941 0.0371696 0.0336052 0.0296426 0.0251146 0.0200958 0.0149471
 0.00659469 0.0108035 0.0164302 0.0234794 0.0317524 0.0407097 0.0494466 0.0569207 0.0623309 0.0653668 0.066174 0.0651467 0.0627409 0.0593864 0.0554581 0.0512622 0.0470285 0.0429049 0.038947 0.035103 0.0312197 0.0271024 0.0226327 0.0178875 0.0131712
 0.00682906 0.0111873 0.017013 0.024308 0.0328616 0.0421064 0.051095 0.0587383 0.0642018 0.0671649 0.0677848 0.066478 0.0637244 0.0599745 0.0556206 0.0509824 0.0463005 0.0417335 0.0373528 0.0331357 0.0289753 0.0247319 0.0203284 0.015843 0.0115288
 0.00705669 0.0115608 0.0175813 0.0251182 0.0339488 0.0434784 0.0527159 0.060524 0.0660318 0.0689065 0.0693163 0.0677041 0.0645805 0.0604255 0.0556533 0.0505983 0.0455086 0.0405487 0.0358014 0.0312678 0.0268803 0.0225458 0.0182215 0.0139843 0.0100411
 0.00728225 0.011931 0.0181444 0.0259207 0.0350248 0.0448341 0.0543141 0.0622787 0.0678208 0.0705948 0.0707802 0.0688459 0.0653353 0.0607607 0.0555644 0.050101 0.0446297 0.0393203 0.0342625 0.0294741 0.0249166 0.0205333 0.0163073 0.0123117 0.00871142
 0.0074485 0.0122089 0.0185769 0.0265524 0.0358929 0.0459534 0.0556619 0.0637893 0.0693938 0.0721139 0.0721326 0.0699351 0.066089 0.0611346 0.0555421 0.0496898 0.0438548 0.0382189 0.032882 0.0278756 0.0231834 0.0187744 0.0146489 0.010873 0.00757406
 0.00752645 0.0123367 0.0187724 0.0268354 0.0362849 0.0464753 0.0563281 0.0646015 0.0703341 0.0731415 0.0731837 0.0709295 0.0669409 0.0617647 0.0558886 0.0497151 0.0435472 0.0375909 0.0319679 0.0267313 0.0218876 0.0174269 0.0133611 0.00974758 0.00668071
 0.00760211 0.0124509 0.018928 0.0270309 0.0365165 0.0467408 0.0566307 0.0649498 0.0707404 0.0736167 0.0737302 0.0715328 0.0675636 0.0623482 0.0563616 0.0500071 0.0436025 0.0373792 0.0314893 0.0260183 0.0210026 0.0164572 0.0124055 0.00889699 0.00599816
 0.00764702 0.0125198 0.0190238 0.0271528 0.0366599 0.0468979 0.0567918 0.0651068 0.070892 0.0737731 0.0739122 0.0717644 0.0678597 0.0627018 0.056739 0.0503509 0.0438445 0.0374572 0.0313639 0.0256836 0.0204904 0.0158315 0.0117484 0.00828923 0.00549858
 0.00771231 0.0126174 0.0191548 0.0273124 0.0368384 0.0470828 0.0569696 0.0652644 0.0710188 0.0738642 0.0739719 0.0718079 0.0679097 0.0627807 0.0568573 0.0504984 0.0439877 0.0375463 0.0313485 0.025531 0.020199 0.0154337 0.0113017 0.00785761 0.00513353
 0.00776942 0.0127072 0.0192839 0.0274835 0.0370485 0.047321 0.0572162 0.0654928 0.071202 0.0739828 0.0740206 0.0717951 0.0678552 0.0627097 0.056794 0.0504584 0.0439707 0.0375336 0.0313076 0.0254284 0.0200159 0.0151762 0.0110004 0.00755592 0.00487109
 0.00780187 0.0127572 0.0193541 0.0275746 0.0371597 0.04745 0.0573583 0.0656405 0.0713443 0.0741061 0.0741116 0.0718447 0.0678614 0.0626797 0.0567417 0.0504003 0.0439189 0.0374895 0.0312601 0.0253581 0.019905 0.0150198 0.0108108 0.00735845 0.00469332
 0.00784995 0.0128258 0.0194395 0.0276677 0.0372485 0.0475242 0.0574135 0.0656785 0.0713711 0.074129 0.0741349 0.0718684 0.0678814 0.0626901 0.0567387 0.0503842 0.0438938 0.0374594 0.0312246 0.0253106 0.0198365 0.014925 0.010694 0.00723332 0.00457714
 0.00788499 0.0128829 0.0195251 0.0277859 0.0373984 0.0476966 0.057589 0.065831 0.0714766 0.0741744 0.0741229 0.0718145 0.0678052 0.0626074 0.0566579 0.0503073 0.0438202 0.0373881 0.0311543 0.025239 0.0197597 0.0148403 0.0106025 0.00714154 0.00449421
 0.00787368 0.0128667 0.0195051 0.0277653 0.0373825 0.0476921 0.0576024 0.0658664 0.0715324 0.0742422 0.0741899 0.0718683 0.0678392 0.0626226 0.0566606 0.0503043 0.0438152 0.0373814 0.0311436 0.0252212 0.0197322 0.014802 0.0105553 0.00709015 0.00444526
 0.00787964 0.0128691 0.0194957 0.0277327 0.0373166 0.04759 0.0574732 0.0657309 0.071417 0.0741702 0.0741733 0.0719053 0.0679169 0.0627227 0.0567661 0.0504038 0.0439031 0.0374554 0.0312028 0.0252641 0.0197577 0.01481 0.0105481 0.00707254 0.0044232
 0.00789744 0.0128933 0.0195227 0.0277554 0.0373245 0.0475715 0.0574184 0.0656358 0.0712871 0.0740222 0.0740329 0.0717999 0.0678658 0.0627315 0.0568259 0.050497 0.04401 0.0375604 0.0312955 0.0253389 0.0198121 0.0148443 0.0105645 0.00707523 0.00441766
 0.0078958 0.012891 0.01952 0.0277519 0.0373191 0.0475611 0.0573978 0.0655983 0.0712269 0.0739378 0.0739299 0.0716921 0.0677727 0.0626724 0.0568138 0.0505334 0.0440855 0.0376587 0.031399 0.0254337 0.0198894 0.0149004 0.0106002 0.00709415 0.00442486
 0.00788389 0.0128703 0.0194862 0.0277011 0.0372486 0.0474719 0.0572961 0.0654942 0.0711315 0.0738587 0.0738699 0.0716501 0.0677479 0.0626667 0.0568323 0.0505814 0.0441644 0.0377628 0.0315168 0.025551 0.0199935 0.0149834 0.0106595 0.00713185 0.00444583
 0.00786299 0.0128341 0.0194279 0.0276132 0.0371252 0.0473123 0.0571072 0.0652918 0.0709375 0.0736963 0.0737576 0.0715975 0.067755 0.062726 0.0569324 0.0507114 0.0443153 0.037927 0.0316856 0.0257137 0.0201393 0.0151035 0.0107499 0.00719354 0.00448374
 0.00785827 0.0128237 0.0194071 0.0275756 0.0370638 0.0472213 0.0569847 0.0651415 0.0707692 0.0735252 0.0736025 0.0714775 0.0676851 0.0627136 0.0569763 0.0508031 0.0444424 0.0380761 0.0318439 0.0258697 0.0202823 0.0152248 0.0108444 0.00726066 0.00452684
 0.00783849 0.0127926 0.0193622 0.0275149 0.036986 0.0471259 0.0568725 0.0650151 0.0706335 0.073388 0.0734739 0.0713696 0.0676103 0.0626829 0.0569959 0.0508729 0.0445556 0.0382206 0.0320053 0.026033 0.0204344 0.0153558 0.0109482 0.0073359 0.00457643
 0.00777918 0.0126995 0.0192286 0.0273378 0.0367672 0.0468738 0.0566035 0.0647523 0.0704022 0.0732096 0.073361 0.0713257 0.0676322 0.0627639 0.0571285 0.0510491 0.044766 0.0384534 0.0322463 0.0262669 0.0206468 0.0155355 0.0110893 0.00743792 0.00464392
 0.0077635 0.0126663 0.0191647 0.0272268 0.0365948 0.0466348 0.0563082 0.064427 0.070084 0.0729355 0.0731601 0.0712141 0.067613 0.06283 0.0572663 0.0512423 0.0449982 0.0387088 0.0325092 0.0265218 0.0208791 0.0157335 0.0112459 0.00755209 0.00472012
 0.00773955 0.0126266 0.0191029 0.0271358 0.0364663 0.0464615 0.056086 0.0641594 0.069785 0.072631 0.0728845 0.071003 0.0674941 0.0628164 0.0573551 0.0514177 0.0452369 0.0389858 0.0328007 0.0268066 0.0211394 0.0159557 0.0114222 0.0076812 0.00480676
 0.00931861 0.0148361 0.0217679 0.0298727 0.0387949 0.0479824 0.0566209 0.063777 0.0687182 0.0711578 0.071242 0.0693583 0.0659534 0.0614435 0.0561846 0.0504617 0.0444891 0.0384262 0.0324015 0.026537 0.0209691 0.015857 0.0113713 0.00765912 0.00479973
 0.00929853 0.0150973 0.0226787 0.0318903 0.0422663 0.052875 0.0623527 0.0693107 0.0729297 0.0732786 0.0711123 0.0673692 0.062776 0.0577427 0.0524558 0.0470023 0.0414444 0.0358479 0.0302895 0.0248639 0.0196922 0.014924 0.0107238 0.00723615 0.00454201
 0.00897804 0.0145915 0.0219677 0.0310224 0.0414119 0.0523634 0.0626325 0.0707887 0.075725 0.0770403 0.0750628 0.0705988 0.0646217 0.0580183 0.051422 0.0451537 0.0392783 0.0337287 0.0284236 0.0233351 0.0185093 0.0140563 0.010122 0.00684398 0.00430378
 0.00879358 0.0142876 0.0215034 0.0303599 0.0405315 0.051292 0.0614819 0.0697836 0.0751873 0.0773014 0.0763123 0.0727405 0.0672395 0.0605095 0.0532417 0.046024 0.0392449 0.0330615 0.0274549 0.0223356 0.0176406 0.0133827 0.00964432 0.00653117 0.00411444
 0.00872364 0.014164 0.0212986 0.0300409 0.040066 0.0506597 0.0606891 0.0688776 0.0742685 0.0765285 0.0758892 0.0728657 0.0680195 0.0618739 0.0549232 0.0476426 0.0404603 0.0337037 0.0275572 0.0220688 0.0172092 0.0129457 0.00928792 0.00627996 0.00395681
 0.00871018 0.0141394 0.0212556 0.0299686 0.0399489 0.050478 0.0604212 0.0685063 0.0737912 0.075971 0.0753181 0.0723923 0.0677819 0.0619929 0.0554412 0.0484795 0.0414241 0.0345636 0.0281403 0.0223216 0.0171912 0.0127736 0.00907289 0.00609263 0.00382384
 0.00870257 0.0141275 0.0212383 0.0299444 0.0399154 0.0504304 0.0603516 0.0684027 0.073639 0.0757571 0.0750395 0.0720676 0.0674608 0.0617542 0.055372 0.0486368 0.0417978 0.0350668 0.0286413 0.0227022 0.0173947 0.0128152 0.00901247 0.00599538 0.00373434
 0.00868278 0.0140951 0.0211894 0.0298757 0.0398255 0.0503215 0.0602299 0.0682773 0.0735184 0.0756445 0.0749307 0.0719546 0.0673402 0.0616378 0.0552912 0.0486359 0.0419128 0.0353001 0.0289513 0.0230169 0.0176453 0.0129658 0.00906814 0.0059883 0.00370095
 0.00867331 0.0140801 0.0211676 0.0298459 0.0397865 0.0502722 0.0601699 0.0682075 0.0734414 0.0755647 0.0748526 0.0718806 0.0672703 0.0615717 0.0552338 0.0486015 0.0419227 0.0353726 0.0290869 0.0231924 0.0178213 0.0131053 0.00915313 0.00602294 0.00370295
 0.00865559 0.0140522 0.0211274 0.0297922 0.0397196 0.0501943 0.0600854 0.0681227 0.0733631 0.0754984 0.0748015 0.0718455 0.06725 0.0615638 0.0552366 0.0486159 0.0419541 0.0354293 0.0291746 0.023307 0.0179472 0.0132207 0.00924035 0.00607585 0.00372687
 0.00865908 0.0140576 0.0211348 0.0298013 0.0397293 0.0502025 0.0600892 0.0681187 0.0733485 0.0754718 0.0747638 0.0717997 0.0672 0.061514 0.0551911 0.0485786 0.0419297 0.0354231 0.0291909 0.0233465 0.018004 0.0132833 0.00929611 0.00611625 0.00375025
 0.00865605 0.0140518 0.0211244 0.0297844 0.0397045 0.05017 0.0600512 0.0680793 0.0733123 0.0754423 0.0747422 0.0717852 0.0671912 0.0615092 0.0551895 0.0485807 0.041937 0.0354379 0.0292159 0.0233828 0.0180496 0.0133328 0.00934219 0.0061528 0.00377473
 0.00864197 0.0140329 0.0211034 0.0297659 0.0396934 0.0501688 0.0600585 0.0680904 0.0733212 0.0754446 0.0747369 0.0717739 0.0671766 0.0614939 0.0551753 0.0485688 0.0419288 0.0354353 0.0292207 0.0233963 0.0180714 0.0133601 0.00937041 0.00617747 0.00379303
 0.00861186 0.0139856 0.0210356 0.0296766 0.0395852 0.0500494 0.0599408 0.0679905 0.0732538 0.075418 0.0747504 0.071819 0.0672419 0.0615689 0.0552523 0.0486432 0.0419981 0.0354986 0.0292784 0.0234491 0.0181198 0.0134036 0.00940778 0.00620719 0.0038144
 0.00862264 0.0139982 0.0210455 0.0296765 0.039567 0.0500075 0.059875 0.0679072 0.0731646 0.075337 0.07469 0.0717872 0.0672401 0.0615925 0.0552933 0.0486929 0.0420498 0.0355483 0.0293242 0.0234906 0.0181571 0.0134366 0.00943582 0.00622958 0.00383079
 0.00862264 0.0139982 0.0210455 0.0296765 0.039567 0.0500075 0.059875 0.0679072 0.0731646 0.075337 0.07469 0.0717872 0.0672401 0.0615925 0.0552933 0.0486929 0.0420498 0.0355483 0.0293242 0.0234906 0.0181571 0.0134366 0.00943582 0.00622958 0.00383079
 0.00896319 0.0145381 0.0218294 0.0307285 0.0408762 0.0515109 0.061446 0.0693656 0.0743159 0.0760255 0.0748414 0.0714194 0.0664443 0.0605002 0.0540434 0.0474081 0.0408239 0.0344438 0.0283764 0.0227139 0.0175499 0.0129861 0.00912074 0.00602349 0.00370572
#pred catch len freq
 0.00526697 0.00824791 0.0118604 0.0159456 0.0203981 0.0251634 0.0301598 0.0352246 0.0401405 0.0447 0.0487464 0.0521826 0.0549691 0.0571102 0.058626 0.0595211 0.0597686 0.0593075 0.0580349 0.0557836 0.0523151 0.047387 0.0409249 0.0332205 0.0249954
 0.00538602 0.00836995 0.0119165 0.0158395 0.0200467 0.0245521 0.029377 0.0344425 0.039541 0.0443875 0.0486993 0.0522728 0.0550332 0.0570331 0.0583963 0.0592384 0.0595995 0.0594087 0.0584765 0.0565099 0.0531659 0.0481697 0.0414974 0.0335381 0.0251025
 0.00580756 0.00898917 0.0127204 0.0167597 0.0209617 0.025305 0.0298069 0.0344303 0.0390631 0.0435462 0.0476968 0.0513261 0.0542772 0.0564764 0.0579578 0.0588333 0.0592127 0.059106 0.0583532 0.0566166 0.0534641 0.0485473 0.041828 0.0337425 0.025172
 0.00611621 0.0094846 0.0134525 0.0177655 0.0222511 0.0268386 0.0314738 0.0360418 0.0403804 0.0443429 0.0478356 0.0508141 0.0532643 0.0551895 0.0566067 0.0575456 0.0580343 0.0580496 0.0574418 0.0558852 0.0529285 0.0481802 0.0415685 0.0335309 0.0249779
 0.00646127 0.0100134 0.0141916 0.0187265 0.0234398 0.0282634 0.033139 0.0379223 0.042386 0.0462952 0.0494822 0.0518883 0.0535736 0.0546879 0.0554089 0.055873 0.0561286 0.0561063 0.0555912 0.0542076 0.0514721 0.0469664 0.0405934 0.0327728 0.0244093
 0.00684539 0.0106027 0.0150139 0.0197872 0.0247271 0.0297562 0.0348116 0.0397437 0.0443146 0.0482674 0.051393 0.0535742 0.0548192 0.0552729 0.0551823 0.0548162 0.0543679 0.0538678 0.0531289 0.0517451 0.0491775 0.0449513 0.0389209 0.0314639 0.0234491
 0.0072611 0.0112409 0.0159053 0.0209384 0.026125 0.0313748 0.0366131 0.0416758 0.0463097 0.0502472 0.0532727 0.0552599 0.0561964 0.0561985 0.055496 0.0543812 0.0531276 0.0518865 0.0505897 0.0489058 0.0463097 0.0422903 0.0366356 0.0296456 0.0221133
 0.00776398 0.0120065 0.0169621 0.0222823 0.0277274 0.0331949 0.0386032 0.0437768 0.0484465 0.052329 0.0552006 0.0569348 0.0575242 0.0570872 0.0558484 0.0540953 0.0521165 0.0501199 0.0481353 0.0459456 0.0431146 0.0391623 0.0338416 0.0273655 0.0204156
 0.00822656 0.0127203 0.017966 0.0235891 0.0293259 0.0350538 0.04067 0.0459748 0.0506775 0.0544837 0.0571699 0.0586185 0.0588341 0.0579466 0.0561878 0.0538472 0.051217 0.0485263 0.0458623 0.043102 0.0399169 0.0359054 0.0308318 0.0248434 0.0185031
 0.00870671 0.0134541 0.0189849 0.0248956 0.0309013 0.0368681 0.0426837 0.0481319 0.0528971 0.0566591 0.0591783 0.0603363 0.0601531 0.0587838 0.0564852 0.0535626 0.050316 0.0469851 0.0436894 0.0403732 0.0368032 0.0326681 0.0277727 0.0222264 0.016484
 0.00914973 0.0141355 0.0199389 0.0261308 0.0324039 0.0386077 0.0446141 0.0501879 0.054995 0.0587021 0.0610633 0.0619595 0.0614161 0.0596003 0.0567876 0.0533046 0.0494694 0.045539 0.04166 0.0378273 0.033885 0.0296047 0.0248406 0.0196824 0.0144945
 0.00947807 0.0146502 0.0206787 0.0271214 0.0336569 0.040118 0.046353 0.0520967 0.0569852 0.0606648 0.0628825 0.0635256 0.0626344 0.0603958 0.0571049 0.053105 0.0487287 0.0442492 0.0398381 0.0355346 0.0312479 0.0268216 0.0221566 0.0173328 0.0126393
 0.00980394 0.01515 0.0213765 0.0280236 0.0347578 0.0414063 0.0478121 0.0536977 0.0586776 0.0623725 0.0645074 0.0649588 0.0637723 0.0611533 0.0574224 0.0529471 0.0480791 0.0431073 0.0382245 0.0335056 0.0289143 0.0243549 0.0197699 0.0152333 0.0109718
 0.0101622 0.0156974 0.0221355 0.0289935 0.0359188 0.0427261 0.0492493 0.0552009 0.0601866 0.0638212 0.0658284 0.0660847 0.064637 0.0616957 0.0575918 0.0527086 0.0474154 0.0420194 0.0367348 0.0316681 0.0268266 0.0221647 0.0176589 0.0133779 0.00949649
 0.0104493 0.016144 0.0227704 0.0298308 0.0369565 0.0439456 0.050611 0.0566422 0.0616261 0.065171 0.0670075 0.0670286 0.0653001 0.0620491 0.0576179 0.0523963 0.0467586 0.0410201 0.0354107 0.0300633 0.0250233 0.020286 0.0158557 0.0117965 0.00823946
 0.0107051 0.0165415 0.0233351 0.030576 0.0378845 0.0450471 0.0518616 0.0579955 0.0630115 0.0664979 0.0681774 0.067951 0.065908 0.0623073 0.0575224 0.0519645 0.0460174 0.039998 0.0341398 0.0285882 0.023414 0.0186428 0.0142996 0.0104438 0.00717014
 0.0109039 0.0168426 0.0237483 0.0310992 0.0385089 0.0457652 0.0526695 0.0588884 0.0639731 0.0674921 0.0691447 0.0688142 0.066585 0.062728 0.0576414 0.0517671 0.0455157 0.0392227 0.0331326 0.0274016 0.0221156 0.0173189 0.013049 0.00935885 0.00631372
 0.0110544 0.0170634 0.024037 0.0314394 0.038877 0.0461413 0.0530457 0.0592709 0.0643781 0.0679372 0.0696383 0.0693455 0.0671182 0.0632043 0.0579913 0.0519265 0.0454413 0.0388996 0.0325747 0.0266484 0.0212281 0.0163754 0.0121358 0.008555 0.00567325
 0.0112843 0.0173985 0.0244692 0.0319359 0.0393892 0.0466196 0.0534529 0.0595877 0.0646035 0.0680866 0.0697395 0.0694307 0.0672127 0.0633145 0.0580983 0.0519891 0.0454078 0.0387248 0.0322344 0.026148 0.0206033 0.015686 0.0114531 0.00794605 0.00518431
 0.0114612 0.0176677 0.024839 0.0323997 0.0399249 0.0471911 0.054012 0.0600796 0.0649773 0.0683094 0.0698069 0.0693676 0.0670632 0.0631269 0.0579086 0.0518103 0.045227 0.0385108 0.0319533 0.0257792 0.0201516 0.0151826 0.0109472 0.00748894 0.0048139
 0.0115071 0.0177513 0.0249816 0.0326263 0.040258 0.0476404 0.0545638 0.0606922 0.065586 0.0688396 0.0701915 0.0695634 0.0670621 0.0629561 0.0576196 0.0514597 0.0448581 0.0381432 0.0315844 0.0253969 0.0197487 0.014768 0.0105454 0.00713116 0.0045255
 0.0116122 0.0179029 0.0251751 0.0328485 0.0404948 0.0478877 0.0548325 0.0610019 0.0659493 0.0692453 0.0705985 0.0699096 0.0672849 0.0630143 0.0575068 0.0512032 0.0445054 0.0377434 0.0311736 0.0249938 0.0193608 0.0144013 0.010211 0.00684427 0.00429885
 0.011666 0.0179843 0.0252861 0.0329859 0.0406509 0.0480513 0.0549921 0.0611503 0.0660883 0.0693871 0.0707587 0.0700946 0.0674803 0.0631848 0.0576086 0.0512034 0.0443953 0.0375393 0.0309067 0.0246969 0.0190604 0.0141159 0.00995458 0.00662801 0.00413008
 0.0114863 0.0177326 0.024982 0.032673 0.0403842 0.0478775 0.0549334 0.0612012 0.0662247 0.0695804 0.0709875 0.0703484 0.0677551 0.0634735 0.0578935 0.0514553 0.0445826 0.0376402 0.0309176 0.0246316 0.0189428 0.013972 0.00980744 0.00649494 0.00402204
 0.0114705 0.0176913 0.0248927 0.03251 0.0401312 0.0475436 0.054563 0.0608663 0.0659995 0.0695119 0.0710794 0.0705672 0.068051 0.0638008 0.0582192 0.0517565 0.0448407 0.0378382 0.0310436 0.0246837 0.0189311 0.0139157 0.0097286 0.0064132 0.00395104
 0.0114648 0.0176749 0.0248539 0.0324308 0.039988 0.0473128 0.0542299 0.0604372 0.0655123 0.0690372 0.070705 0.07037 0.0680688 0.0640205 0.0585875 0.0522029 0.0452987 0.038257 0.0313902 0.0249421 0.0191003 0.0140074 0.00976262 0.00641182 0.00393351
 0.0113715 0.0175445 0.0246963 0.0322667 0.0398406 0.0471949 0.054135 0.06034 0.0653807 0.0688503 0.070469 0.0701232 0.0678719 0.0639342 0.0586475 0.0524063 0.0456071 0.0386133 0.0317381 0.0252398 0.019326 0.014158 0.00984886 0.00645142 0.00394499
 0.0113515 0.0175049 0.0246247 0.0321498 0.0396706 0.0469777 0.0538937 0.0601097 0.0651935 0.0687197 0.0703855 0.0700648 0.067823 0.0638998 0.0586522 0.0524796 0.045764 0.0388439 0.0320099 0.0255115 0.0195619 0.0143379 0.00996932 0.00652151 0.00397954
 0.0112659 0.0173783 0.024457 0.0319473 0.0394426 0.0467314 0.0536333 0.0598408 0.0649304 0.0684883 0.0702175 0.0699843 0.067836 0.0639933 0.0588054 0.052676 0.0459962 0.0391077 0.0322953 0.0257983 0.0198246 0.0145544 0.010129 0.00662629 0.00404038
 0.0110506 0.017062 0.0240438 0.0314632 0.0389283 0.0462301 0.0531807 0.0594616 0.0646395 0.0682939 0.0701244 0.0699968 0.0679569 0.0642197 0.0591239 0.0530629 0.0464228 0.0395467 0.0327237 0.0261964 0.0201745 0.0148418 0.0103463 0.00677597 0.00413342
 0.0108379 0.0167447 0.0236195 0.0309494 0.0383584 0.0456462 0.0526274 0.0589819 0.0642705 0.0680609 0.0700371 0.0700492 0.0681326 0.0644987 0.0594858 0.0534871 0.0468867 0.0400255 0.0331919 0.0266303 0.0205545 0.0151541 0.010585 0.00694379 0.00424093
