SBPRF35
7.78865
Curr Bio
510353
B35
657590
F35
0.21185
FOFL
0.1546
OFL
59992.7
Bzero
2.22533e+006
#pred survey bio
 3.74528e+006 3.39449e+006 3.051e+006 2.74218e+006 2.44467e+006 2.16472e+006 1.90333e+006 1.65793e+006 1.4401e+006 1.25974e+006 1.11992e+006 1.01046e+006 905991 827940 764002 734852 694843 664768 658092 638729 621591 607966 609226 594323 600515 589585 588936 594392 587095 580093 578630 564356 553979 550620 557608 563232 578013 568715 572585 574646 579760 571335 574516 563866 553974 527737 506074 515759 1.7276e+007 1.0012e+007 1.00747e+007 1.08028e+007 1.19037e+007 1.3086e+007 1.41692e+007 1.50745e+007 1.57883e+007 1.63297e+007 1.67299e+007 1.7021e+007 1.72306e+007 1.73808e+007 1.74884e+007 1.75656e+007 1.76212e+007 1.76615e+007 1.76909e+007 1.77124e+007 1.77283e+007 1.77401e+007 1.7749e+007 1.77556e+007 1.77606e+007 1.77644e+007 1.77673e+007 1.77695e+007 1.77712e+007 1.77725e+007 1.77734e+007 1.77742e+007 1.77748e+007 1.77752e+007 1.77756e+007 1.77759e+007 1.77761e+007 1.77762e+007 1.77763e+007 1.77764e+007 1.77765e+007 1.77766e+007 1.77766e+007 1.77766e+007 1.77767e+007 1.77767e+007 1.77767e+007 1.77767e+007 1.77767e+007 1.77767e+007 1.77767e+007 1.77768e+007 1.77768e+007 1.77768e+007 1.77768e+007 1.77768e+007 1.77768e+007 1.77768e+007 1.77768e+007 1.77768e+007 1.77768e+007 1.77768e+007 1.77768e+007 1.77768e+007 1.77768e+007 1.77768e+007 1.77768e+007 1.77768e+007 1.77768e+007 1.77768e+007 1.77768e+007 1.77768e+007 1.77768e+007 1.77768e+007 1.77768e+007 1.77768e+007 1.77768e+007 1.77768e+007 1.77768e+007 1.77768e+007 1.77768e+007 1.77768e+007 1.77768e+007 1.77768e+007 1.77768e+007 1.77768e+007 1.77768e+007 1.77768e+007 1.77768e+007 1.77768e+007 1.77768e+007 1.77768e+007 1.77768e+007 1.77768e+007 1.77768e+007 1.77768e+007 1.77768e+007 1.77768e+007 1.77768e+007 1.77768e+007 0 0 0 0 0 0 0 0 0 0 0 0 0 0 0 0 0 0 0 0 0 0 0 0 0
#obs survey bio
 2.94819e+006 2.78793e+006 2.0493e+006 1.62945e+006 1.86467e+006 1.47226e+006 1.8108e+006 1.70822e+006 1.02795e+006 1.04601e+006 1.34388e+006 646479 851395 531724 693624 524158 530950 437879 502002 558852 467894 503922 735170 481817 541285 405086 617125 569076 524362 289029 603489 456590 656683 754112 507770 573588 741368 430182 462125 532442 526820 481466 641242 521471 460364 387531 654970 570558
#pred catch bio
 265372 278646 271779 287603 296274 300834 303321 291175 266903 237188 214111 210649 186941 172515 140360 146351 134183 112662 122300 118500 113470 99342.5 110734 90954.1 103377 92546.9 85923.4 94548.2 91674.5 84502.1 92449.3 88092.7 84802.9 80240.2 84419.1 78298.1 98510.3 87010.2 88647.8 85900.1 96491.2 85686 95895.6 93124.6 104089 96512.4 66511.1 87801.7 59992.7 77067.1 75892.7 79814.1 87526.4 96211.8 104154 110669 115665 119320 121905 123688 124894 125697 126225 126570 126793 126936 127028 127087 127124 127148 127163 127172 127178 127182 127184 127186 127187 127187 127188 127188 127188 127188 127188 127188 127188 127188 127188 127188 127188 127188 127188 127188 127188 127188 127188 127188 127188 127188 127188 127188 127188 127188 127188 127188 127188 127188 127188 127188 127188 127188 127188 127188 127188 127188 127188 127188 127188 127188 127188 127188 127188 127188 127188 127188 127188 127188 127188 127188 127188 127188 127188 127188 127188 127188 127188 127188 127188 127188 127188 127188 127188 127188 127188 127188 127188 127188 127188 127188 0 0 0 0 0 0 0 0 0 0 0 0 0 0 0 0 0 0 0 0 0 0 0 0 0
#obs catch bio
 239648 279509 274058 292214 301948 307664 310905 298072 273979 243759 219184 216737 191489 178174 143309 150038 137115 114217 124987 121332 116122 101207 112974 92224.3 105310 93846 86908.2 95930.9 92672.4 85636 93512.4 89357.2 85482.3 80456.1 84855.1 78329.9 98847.1 87184.6 89308.4 86165.8 97079.6 85920.6 96243 93132.8 104679 97442.9 66345.1 88016.6
#pred cpue bio
 3.67032e+006 3.32446e+006 2.98538e+006 2.67823e+006 2.38221e+006 2.10442e+006 1.84558e+006 1.60314e+006 1.38826e+006 1.21039e+006 1.07269e+006 965136 862876 786697 724760 696891 658672 629936 623510 604735 588319 575447 577072 563164 569577 559458 559179 564881 558353 552013 551130 537873 527372 522669 528313 533558 548148 539434 543149 545170 550289 542316 545600 535634 526367 501289 480806 491278 1.65026e+007 9.57724e+006 9.48499e+006 1.00274e+007 1.10569e+007 1.22206e+007 1.32998e+007 1.42043e+007 1.49179e+007 1.54592e+007 1.58595e+007 1.61505e+007 1.63601e+007 1.65104e+007 1.6618e+007 1.66952e+007 1.67508e+007 1.67911e+007 1.68204e+007 1.68419e+007 1.68578e+007 1.68697e+007 1.68785e+007 1.68851e+007 1.68902e+007 1.6894e+007 1.68968e+007 1.6899e+007 1.69007e+007 1.6902e+007 1.6903e+007 1.69038e+007 1.69043e+007 1.69048e+007 1.69051e+007 1.69054e+007 1.69056e+007 1.69058e+007 1.69059e+007 1.6906e+007 1.69061e+007 1.69061e+007 1.69062e+007 1.69062e+007 1.69062e+007 1.69062e+007 1.69063e+007 1.69063e+007 1.69063e+007 1.69063e+007 1.69063e+007 1.69063e+007 1.69063e+007 1.69063e+007 1.69063e+007 1.69063e+007 1.69063e+007 1.69063e+007 1.69063e+007 1.69063e+007 1.69063e+007 1.69063e+007 1.69063e+007 1.69063e+007 1.69063e+007 1.69063e+007 1.69063e+007 1.69063e+007 1.69063e+007 1.69063e+007 1.69063e+007 1.69063e+007 1.69063e+007 1.69063e+007 1.69063e+007 1.69063e+007 1.69063e+007 1.69063e+007 1.69063e+007 1.69063e+007 1.69063e+007 1.69063e+007 1.69063e+007 1.69063e+007 1.69063e+007 1.69063e+007 1.69063e+007 1.69063e+007 1.69063e+007 1.69063e+007 1.69063e+007 1.69063e+007 1.69063e+007 1.69063e+007 1.69063e+007 1.69063e+007 1.69063e+007 1.69063e+007 1.69063e+007 1.69063e+007 0 0 0 0 0 0 0 0 0 0 0 0 0 0 0 0 0 0 0 0 0 0 0 0 0
#obs cpue bio
 3.0912e+006 3.02504e+006 1.53528e+006 1.93564e+006 2.23805e+006 2.11825e+006 1.5355e+006 1.42416e+006 1.18118e+006 889548 770291 926027 734027 526122 728450 715300 696592 858342 475677 408490 574627 479800 514763 464624 561032 688434 452710 497554 657101 587580 701242 389107 645971 498127 515574 553173 505266 557986 448170 682063 584942 572495 563775 625608 498674 500675 472559 565045
#pred surv len freq
 0.00566739 0.00921783 0.013897 0.0196748 0.0263792 0.0336 0.0406674 0.0468229 0.0515106 0.0545674 0.0561836 0.0567188 0.0565344 0.0559096 0.0550182 0.0539326 0.052643 0.0510841 0.0491466 0.0466641 0.0434052 0.039125 0.0337087 0.0273429 0.0205785
 0.00604831 0.00971852 0.0144387 0.02013 0.0266317 0.0336256 0.040581 0.0468453 0.0518588 0.0553322 0.0572701 0.0578853 0.0574994 0.0564639 0.0550901 0.0535878 0.0520334 0.0503719 0.0484371 0.0459778 0.0426987 0.0383479 0.0328574 0.0264771 0.0197921
 0.00655993 0.01053 0.0156133 0.0216901 0.0285293 0.0357158 0.0426229 0.0485599 0.0530375 0.0559331 0.0574269 0.0578092 0.0573416 0.056237 0.0546933 0.0529024 0.0510103 0.0490588 0.0469429 0.0444134 0.04114 0.0368397 0.0314412 0.0252109 0.0187408
 0.00684819 0.0110235 0.0164021 0.0228723 0.030187 0.0378739 0.0452048 0.0513641 0.0557596 0.0582356 0.0590367 0.0586014 0.0573647 0.0556587 0.0536996 0.0516139 0.0494683 0.0472713 0.0449404 0.0422718 0.0389672 0.0347504 0.0295413 0.0235884 0.0174548
 0.00711314 0.0114486 0.017034 0.0237578 0.031373 0.0394024 0.047098 0.0536014 0.0582524 0.0608112 0.0614457 0.0605602 0.0586274 0.0560905 0.0533084 0.0505214 0.0478408 0.0452592 0.0426608 0.0398282 0.0364756 0.0323462 0.0273635 0.0217526 0.0160279
 0.00739383 0.0118978 0.0176966 0.024671 0.0325603 0.0408657 0.0488099 0.0555063 0.0602768 0.0628744 0.0634559 0.0623974 0.0601319 0.0570791 0.0536215 0.0500766 0.0466602 0.0434544 0.0403937 0.0372763 0.0338183 0.0297621 0.025021 0.0197865 0.0145125
 0.00764832 0.0123135 0.0183255 0.0255619 0.0337483 0.0423563 0.0505636 0.057436 0.062264 0.0647973 0.0652134 0.0639146 0.0613469 0.0579215 0.0540007 0.0498946 0.0458452 0.041999 0.0383738 0.0348439 0.0311759 0.0271317 0.0226112 0.0177589 0.012954
 0.00797652 0.0128296 0.0190703 0.0265629 0.0350172 0.0438838 0.0523114 0.0593303 0.0642 0.0666536 0.0668715 0.0652763 0.0623437 0.0585119 0.0541571 0.0495871 0.0450381 0.0406676 0.0365356 0.0325855 0.0286587 0.0245699 0.0202283 0.0157373 0.0113956
 0.00834865 0.0134173 0.0199218 0.0277095 0.0364655 0.0456061 0.0542363 0.0613442 0.0661651 0.0684366 0.0683661 0.0664105 0.0630751 0.0588202 0.0540369 0.0490399 0.044066 0.0392734 0.0347373 0.0304411 0.0262867 0.0221472 0.0179579 0.0137974 0.00989326
 0.0086384 0.013888 0.020629 0.0287023 0.037775 0.0472273 0.0561108 0.0633567 0.0681615 0.0702571 0.0698762 0.0675183 0.0637342 0.0590217 0.0537967 0.0483858 0.0430272 0.0378776 0.0330173 0.0284522 0.0241248 0.0199546 0.0159041 0.0120377 0.0085253
 0.00889941 0.0142965 0.0212151 0.0294859 0.0387653 0.0484213 0.0574873 0.0648688 0.0697335 0.0717889 0.0712549 0.0686351 0.064501 0.0593838 0.0537364 0.0479162 0.0421803 0.0366943 0.0315451 0.0267523 0.0222847 0.0180935 0.0141609 0.0105411 0.00735812
 0.00908392 0.0145958 0.0216635 0.030113 0.0395884 0.049435 0.0586548 0.0661233 0.0709926 0.0729736 0.0723015 0.0694933 0.0651262 0.0597336 0.0537751 0.0476233 0.0415567 0.0357625 0.0303469 0.0253485 0.0207579 0.0165486 0.0127146 0.00929911 0.00638843
 0.00927025 0.0148987 0.0221191 0.0307539 0.040436 0.0504878 0.0598765 0.0674392 0.0723002 0.074164 0.0732815 0.0702003 0.0655312 0.0598345 0.0535845 0.0471586 0.0408364 0.0348093 0.0291939 0.0240457 0.0193758 0.0151761 0.0114483 0.00822341 0.00555496
 0.00931168 0.0149788 0.0222635 0.0309957 0.0408098 0.0510192 0.0605709 0.0682753 0.0732304 0.0751211 0.0741878 0.0709783 0.0661152 0.0601796 0.0536706 0.0469874 0.0404238 0.0341797 0.0283793 0.0230893 0.0183367 0.0141283 0.0104721 0.00738936 0.00490641
 0.00938446 0.0150861 0.0224056 0.0311687 0.0410108 0.0512525 0.0608515 0.0686243 0.0736647 0.0756406 0.0747685 0.0715731 0.0666627 0.0606168 0.0539449 0.0470646 0.0402911 0.033844 0.0278638 0.022432 0.0175892 0.013354 0.00973886 0.00675629 0.00441085
 0.00933238 0.0149998 0.0222733 0.0309795 0.040759 0.0509442 0.0605108 0.0682964 0.0734112 0.0755275 0.0748488 0.0718702 0.0671586 0.0612523 0.0546318 0.0477063 0.0408037 0.0341708 0.0279819 0.022351 0.0173461 0.0130053 0.00934947 0.0063863 0.0041033
 0.00942676 0.0151413 0.0224632 0.0312092 0.0410097 0.0511885 0.0607157 0.0684291 0.0734484 0.0754669 0.0747152 0.0717112 0.0670305 0.0611995 0.0546701 0.0478165 0.0409386 0.0342723 0.0280008 0.0222611 0.0171507 0.0127334 0.00904533 0.00609557 0.00386039
 0.00968353 0.0155094 0.0229258 0.031719 0.0415019 0.0516019 0.0610091 0.0685853 0.0734685 0.0753622 0.0745043 0.0714217 0.0667003 0.0608742 0.0543925 0.047614 0.0408132 0.0342 0.0279419 0.0221771 0.0170191 0.0125548 0.00884014 0.00589326 0.00368693
 0.0096625 0.0154972 0.0229458 0.0318012 0.0416687 0.0518489 0.0612945 0.0688393 0.0736214 0.0753758 0.0743869 0.0712181 0.0664681 0.0606623 0.0542328 0.0475209 0.0407865 0.0342256 0.0279936 0.0222232 0.017033 0.0125242 0.00877048 0.00580257 0.00359637
 0.00961526 0.0154406 0.0228988 0.0317962 0.041745 0.0520407 0.0616166 0.0692749 0.0741184 0.0758538 0.074757 0.0714109 0.0664579 0.0604734 0.0539258 0.0471678 0.040448 0.0339388 0.0277698 0.0220541 0.0169001 0.0124101 0.00866542 0.00570634 0.00351417
 0.00960777 0.0154205 0.0228553 0.0317181 0.0416286 0.0518993 0.0614859 0.0692074 0.0741642 0.0760367 0.0750588 0.0717725 0.066799 0.0607216 0.0540411 0.0471523 0.0403369 0.0337809 0.0276076 0.0219122 0.0167852 0.0123177 0.00858863 0.00564119 0.00346047
 0.00957194 0.0153678 0.0227858 0.0316341 0.0415323 0.0517909 0.0613644 0.0690759 0.0740376 0.0759447 0.0750383 0.0718519 0.0669797 0.0609715 0.054305 0.0473742 0.0404815 0.0338426 0.0276049 0.0218729 0.0167329 0.012266 0.00854271 0.00560209 0.00342846
 0.0094289 0.0151432 0.0224637 0.0312077 0.0410083 0.051194 0.0607404 0.0684877 0.0735528 0.0756198 0.0749083 0.0719282 0.0672532 0.0614137 0.0548674 0.0479922 0.0410859 0.034376 0.0280344 0.022192 0.0169545 0.0124109 0.00863155 0.0056521 0.00345319
 0.00948311 0.0152178 0.0225504 0.0312889 0.0410602 0.0511927 0.0606684 0.0683388 0.0733348 0.0753551 0.0746308 0.0716774 0.0670663 0.0613183 0.0548756 0.0480972 0.0412626 0.0345872 0.0282412 0.0223656 0.0170816 0.0124928 0.00867774 0.00567431 0.00346143
 0.00933164 0.0149868 0.0222313 0.0308841 0.0405823 0.0506626 0.0601148 0.0677982 0.072849 0.0749661 0.0743746 0.0715788 0.0671359 0.0615512 0.0552524 0.0485855 0.0418202 0.0351661 0.0287938 0.0228519 0.0174762 0.0127876 0.00888055 0.00580251 0.0035357
 0.00937779 0.0150481 0.0222981 0.0309389 0.0406042 0.0506344 0.0600287 0.0676565 0.072661 0.0747439 0.0741322 0.071334 0.0669122 0.0613764 0.0551529 0.0485788 0.0419087 0.0353352 0.029015 0.0230903 0.0176992 0.0129724 0.00901744 0.0058935 0.00359004
 0.00928425 0.0149105 0.0221175 0.0307244 0.040369 0.0503902 0.0597821 0.0674114 0.0724236 0.0745265 0.0739527 0.0712108 0.0668588 0.0613988 0.0552509 0.0487484 0.0421426 0.0356206 0.0293317 0.0234116 0.0179971 0.013224 0.00921051 0.00602773 0.00367438
 0.00910855 0.0146393 0.0217372 0.030235 0.0397863 0.049748 0.059132 0.0668172 0.0719476 0.0742132 0.0738191 0.0712486 0.0670442 0.0617029 0.0556451 0.0492062 0.0426394 0.0361329 0.0298363 0.0238849 0.0184165 0.0135716 0.00947724 0.00621557 0.00379492
 0.00910453 0.0146211 0.0216885 0.0301334 0.0396101 0.0494847 0.0587879 0.0664193 0.0715385 0.0738407 0.0735246 0.0710595 0.0669709 0.0617408 0.0557799 0.0494195 0.0429119 0.0364456 0.0301692 0.0242171 0.0187265 0.0138406 0.0096924 0.00637302 0.00389956
 0.00897315 0.0144354 0.0214597 0.0298872 0.039376 0.0492817 0.0586141 0.0662555 0.0713627 0.0736444 0.0733217 0.0708813 0.0668537 0.061712 0.0558507 0.0495841 0.0431526 0.0367389 0.0304901 0.024541 0.0190309 0.0141066 0.00990728 0.00653228 0.00400707
 0.00885347 0.0142359 0.0211525 0.0294493 0.038801 0.0485944 0.0578787 0.0655654 0.0708116 0.0732937 0.0731836 0.0709282 0.0670426 0.0620059 0.0562254 0.0500236 0.0436406 0.0372536 0.0310053 0.0250294 0.019468 0.0144741 0.0101955 0.00674159 0.00414657
 0.0095237 0.0151753 0.0222877 0.0306159 0.0397874 0.0492145 0.0580333 0.0652632 0.0701481 0.0724105 0.072227 0.0700181 0.0662554 0.0613737 0.0557491 0.0496895 0.0434326 0.037156 0.0310001 0.0250937 0.0195752 0.0145979 0.0103138 0.00683978 0.00421868
 0.0101251 0.0161257 0.0236582 0.0324308 0.0419922 0.0516426 0.0603951 0.0671894 0.0712965 0.0725888 0.0714609 0.0685248 0.0643459 0.0593466 0.0538235 0.0479903 0.0420098 0.0360137 0.0301195 0.0244454 0.0191236 0.0143033 0.0101361 0.00674192 0.00417019
 0.0100938 0.0161558 0.023853 0.0329356 0.042955 0.05315 0.0624095 0.0695226 0.0736348 0.0745637 0.0727435 0.0689146 0.063825 0.0580743 0.0520726 0.0460566 0.0401362 0.0343558 0.0287498 0.0233766 0.0183332 0.0137508 0.00977319 0.00651961 0.00404421
 0.00978109 0.0156936 0.0232487 0.032241 0.0422714 0.0526242 0.0622166 0.0698272 0.0745294 0.0760064 0.0745339 0.0707336 0.0653303 0.059009 0.0523388 0.0457236 0.0393893 0.0334171 0.0278095 0.0225579 0.0176909 0.013289 0.00946688 0.00633212 0.00393871
 0.00961156 0.015416 0.0228297 0.0316546 0.0415135 0.0517318 0.0612852 0.0690111 0.074015 0.0759617 0.0750495 0.0717781 0.0667394 0.0605219 0.0536744 0.0466687 0.039858 0.0334563 0.027554 0.0221659 0.0172907 0.0129561 0.00922713 0.00617892 0.00385092
 0.00947682 0.0151951 0.0224936 0.0311753 0.0408696 0.0509194 0.0603313 0.0679842 0.0730266 0.0751557 0.0745783 0.0717664 0.0672412 0.0614873 0.0549467 0.0480223 0.0410678 0.0343668 0.0281162 0.0224266 0.0173489 0.0129136 0.00915748 0.00611981 0.003813
 0.0096447 0.0154438 0.0228215 0.0315608 0.041272 0.0512825 0.0605895 0.0680715 0.0728934 0.0747897 0.0740217 0.0711177 0.0666357 0.061058 0.0547775 0.0481153 0.0413421 0.0346947 0.0283782 0.0225561 0.0173448 0.0128206 0.00903254 0.00600584 0.0037298
 0.00956091 0.0153345 0.0227059 0.0314719 0.0412448 0.0513367 0.0607159 0.0682303 0.0730266 0.0748408 0.0739546 0.0709297 0.0663628 0.0607693 0.054557 0.0480321 0.0414217 0.0349063 0.0286488 0.0228047 0.0175169 0.012903 0.00904542 0.0059822 0.00369728
 0.00950104 0.0152373 0.0225618 0.0312765 0.0410051 0.0510776 0.0604808 0.0680711 0.0729826 0.0749175 0.0741164 0.0711142 0.0665086 0.0608435 0.0545674 0.0480199 0.0414382 0.0349858 0.0287916 0.0229797 0.0176809 0.0130238 0.00911337 0.00600742 0.00369793
 0.00942334 0.0151159 0.022388 0.0310457 0.0407178 0.050741 0.060113 0.0677042 0.0726619 0.0746928 0.0740278 0.0711755 0.0666993 0.061115 0.0548635 0.0482995 0.0416874 0.035213 0.0290104 0.0231934 0.0178784 0.0131875 0.00923131 0.00607972 0.00373477
 0.00941753 0.0151132 0.0223961 0.0310743 0.0407741 0.050824 0.0602085 0.0677869 0.0727036 0.0746752 0.073951 0.0710594 0.0665747 0.0610102 0.0547925 0.0482604 0.0416699 0.0352088 0.0290182 0.0232153 0.0179132 0.0132283 0.00926852 0.0061064 0.00374951
 0.00926216 0.0148778 0.0220745 0.0306747 0.0403193 0.0503498 0.059761 0.0674158 0.0724514 0.0745645 0.0739792 0.0712032 0.0668027 0.0612942 0.0551114 0.0485978 0.0420097 0.0355344 0.0293151 0.0234738 0.0181289 0.0134 0.0093973 0.00619565 0.00380558
 0.00926474 0.0148749 0.0220574 0.0306312 0.0402379 0.0502253 0.0595991 0.0672344 0.0722758 0.0744202 0.0738841 0.0711641 0.0668151 0.0613467 0.0551916 0.048696 0.04212 0.0356525 0.0294358 0.0235907 0.0182354 0.0134907 0.00946901 0.00624774 0.00383987
 0.00915628 0.0147226 0.0218719 0.0304363 0.0400616 0.0500874 0.0595026 0.0671671 0.0722206 0.0743672 0.0738369 0.0711365 0.0668228 0.0613985 0.0552862 0.0488239 0.0422681 0.0358084 0.0295895 0.0237345 0.018363 0.0135976 0.00955259 0.00630818 0.00387985
 0.00906536 0.014599 0.0217313 0.0303097 0.0399884 0.0501028 0.059625 0.0673896 0.0725108 0.0746729 0.0740996 0.071308 0.0668805 0.06135 0.0551622 0.0486639 0.0421068 0.0356683 0.0294812 0.0236594 0.0183171 0.013574 0.00954387 0.00630759 0.0038825
 0.00872437 0.0140996 0.021083 0.0295602 0.039215 0.0493947 0.0590668 0.0670499 0.0724315 0.0748591 0.0745139 0.0718771 0.0675133 0.0619622 0.0556956 0.0490937 0.0424369 0.0359187 0.0296744 0.023813 0.0184412 0.0136732 0.00962016 0.00636279 0.00391946
 0.00800047 0.0129809 0.0195122 0.0275348 0.0367999 0.0467332 0.0563859 0.0646421 0.0705991 0.0738379 0.0744116 0.0726557 0.069015 0.0639581 0.0579386 0.0513628 0.0445649 0.0378018 0.0312651 0.0251039 0.0194488 0.0144266 0.0101558 0.00672139 0.00414324
#obs surv len freq
 0.00496642 0.00813568 0.0123763 0.0177024 0.0239882 0.0308687 0.0377184 0.0438134 0.0486024 0.051882 0.0537682 0.0545438 0.0545275 0.0540172 0.0532757 0.0525198 0.051897 0.0514433 0.0510204 0.0502586 0.0485752 0.0453393 0.0401737 0.0332467 0.0253395
 0.00517855 0.0084809 0.0128966 0.0184376 0.0249686 0.032104 0.0391855 0.0454521 0.0503225 0.0535796 0.0553408 0.0558976 0.0555791 0.0546926 0.0535123 0.0522714 0.0511434 0.0501996 0.0493445 0.0482532 0.0463842 0.0431346 0.038131 0.0315119 0.0239977
 0.00540059 0.00884669 0.013456 0.0192397 0.0260521 0.0334813 0.0408276 0.047284 0.052235 0.0554518 0.0570596 0.0573678 0.0567233 0.0554468 0.0538217 0.0520888 0.0504339 0.0489525 0.0475894 0.0460764 0.0439342 0.0406109 0.0357515 0.0294662 0.0224023
 0.00563009 0.00922187 0.0140248 0.020049 0.0271398 0.034863 0.0424825 0.0491474 0.0542055 0.0574085 0.0588809 0.0589446 0.0579658 0.0562855 0.0542034 0.0519711 0.0497826 0.0477481 0.0458441 0.0438568 0.0413785 0.0379255 0.0331779 0.0272251 0.0206377
 0.00586671 0.00961043 0.0146168 0.0208947 0.0282786 0.036308 0.044205 0.0510722 0.0562225 0.0593943 0.0607177 0.0605305 0.0592165 0.0571331 0.054594 0.0518623 0.049141 0.0465532 0.0441015 0.0416211 0.0387762 0.0351586 0.0304956 0.0248654 0.0187639
 0.00611733 0.0100186 0.0152326 0.0217655 0.0294405 0.0377721 0.0459425 0.0530086 0.058247 0.0613801 0.0625429 0.062091 0.0604302 0.0579388 0.0549465 0.0517267 0.048489 0.0453656 0.0423809 0.0394147 0.0361992 0.0324029 0.0278056 0.0224822 0.0168588
 0.0063635 0.0104256 0.0158575 0.0226646 0.0306574 0.0393187 0.0477807 0.0550456 0.0603509 0.063408 0.0643656 0.0636057 0.0615628 0.0586396 0.0551841 0.051481 0.0477458 0.0441163 0.0406329 0.0372127 0.0336497 0.0296851 0.0251519 0.0201256 0.0149687
 0.00662583 0.0108506 0.0164945 0.0235594 0.0318442 0.0408074 0.049542 0.0570038 0.062391 0.0653942 0.0661633 0.065099 0.062664 0.0592929 0.0553614 0.0511732 0.0469535 0.042846 0.0389032 0.0350719 0.0311986 0.0270885 0.0226235 0.0178812 0.0131668
 0.00681986 0.0111786 0.0170111 0.0243224 0.0329012 0.0421757 0.0511899 0.0588466 0.0643066 0.0672503 0.0678396 0.0664968 0.0637072 0.0599264 0.0555501 0.0509007 0.0462185 0.0416597 0.037292 0.0330892 0.0289416 0.0247086 0.0203127 0.0158326 0.011522
 0.00706478 0.0115702 0.0175888 0.0251199 0.0339425 0.0434669 0.0527087 0.0605339 0.066069 0.0689719 0.0693997 0.0677874 0.0646455 0.0604595 0.0556527 0.0505673 0.0454568 0.0404873 0.0357404 0.0312143 0.0268376 0.0225142 0.0181994 0.0139696 0.0100318
 0.00724858 0.0118791 0.0180715 0.0258259 0.0349092 0.044701 0.0541698 0.0621348 0.0676938 0.0705046 0.0707447 0.0688738 0.065422 0.0608886 0.0557097 0.0502412 0.0447502 0.0394162 0.0343362 0.0295315 0.0249633 0.0205728 0.0163407 0.0123389 0.00873191
 0.00742676 0.0121684 0.0185069 0.0264408 0.0357303 0.0457393 0.0554088 0.0635226 0.0691456 0.0719147 0.0720044 0.06989 0.0661292 0.0612524 0.0557203 0.0499046 0.0440803 0.0384334 0.0330716 0.0280352 0.0233137 0.0188786 0.0147303 0.0109342 0.00761751
 0.00750547 0.0122999 0.0187116 0.026741 0.0361472 0.0462876 0.0560909 0.0643254 0.0700408 0.0728614 0.0729507 0.0707739 0.0668825 0.061809 0.0560268 0.0499265 0.0438043 0.0378646 0.0322329 0.0269696 0.0220894 0.0175896 0.0134862 0.00983909 0.00674376
 0.00762737 0.0124897 0.0189818 0.0270981 0.0365915 0.0468128 0.0566832 0.0649631 0.0706969 0.0735075 0.073561 0.0713246 0.0673487 0.0621616 0.0562318 0.0499494 0.0436166 0.0374512 0.031598 0.0261411 0.0211213 0.0165599 0.0124869 0.00895683 0.00603901
 0.00764288 0.0125179 0.0190297 0.0271742 0.0367043 0.0469682 0.056883 0.0652051 0.0709772 0.0738232 0.0739097 0.0717016 0.0677418 0.0625475 0.056576 0.0502089 0.0437465 0.0374136 0.0313712 0.0257283 0.0205547 0.0158992 0.0118084 0.00833593 0.00553131
 0.00773771 0.0126579 0.0192145 0.0273947 0.0369459 0.0472161 0.0571258 0.0654353 0.0711895 0.0740141 0.0740777 0.0718483 0.0678718 0.0626647 0.0566786 0.0502845 0.0437711 0.0373564 0.031204 0.0254373 0.0201496 0.0154159 0.0113018 0.00786496 0.00514178
 0.00776564 0.0127053 0.0192886 0.0275019 0.0370881 0.0473871 0.057309 0.0656076 0.07133 0.0741133 0.0741411 0.0718922 0.0679142 0.0627179 0.0567449 0.0503559 0.0438302 0.0373784 0.031162 0.0253105 0.0199336 0.0151274 0.0109769 0.00754783 0.00487043
 0.00780134 0.0127545 0.0193469 0.0275608 0.0371387 0.0474252 0.0573382 0.0656366 0.0713674 0.0741614 0.0741954 0.0719458 0.067964 0.0627664 0.0567974 0.0504151 0.0438911 0.0374269 0.0311778 0.0252741 0.0198338 0.0149689 0.0107803 0.0073437 0.0046881
 0.0078504 0.0128297 0.0194509 0.0276916 0.0372886 0.0475803 0.0574796 0.0657446 0.071428 0.0741719 0.0741656 0.0718926 0.0679035 0.0627096 0.0567502 0.0503796 0.0438662 0.037407 0.0311523 0.025229 0.019758 0.0148598 0.0106467 0.00720346 0.00456074
 0.0078642 0.012852 0.0194843 0.0277381 0.0373491 0.0476533 0.0575603 0.0658245 0.0714958 0.0742171 0.0741817 0.0718802 0.0678703 0.0626676 0.0567108 0.0503502 0.0438487 0.0373982 0.0311446 0.0252125 0.0197235 0.0148029 0.0105709 0.00711888 0.00448036
 0.00789088 0.0128891 0.0195285 0.0277829 0.0373868 0.0476789 0.0575735 0.0658297 0.071499 0.0742226 0.0741896 0.0718869 0.0678714 0.0626607 0.0566973 0.0503346 0.0438358 0.0373901 0.0311394 0.0252049 0.019707 0.0147731 0.0105282 0.00706862 0.00443057
 0.00789125 0.0128903 0.0195313 0.0277874 0.0373922 0.047682 0.0575693 0.0658134 0.071469 0.0741832 0.0741504 0.0718587 0.0678616 0.0626703 0.0567217 0.0503673 0.0438711 0.0374245 0.0311703 0.0252292 0.0197212 0.0147745 0.0105167 0.00704758 0.0044056
 0.00790047 0.0128998 0.0195357 0.027779 0.0373633 0.0476293 0.0574963 0.0657296 0.0713868 0.074113 0.0740987 0.0718287 0.0678549 0.0626874 0.0567615 0.0504252 0.0439402 0.0374967 0.0312384 0.0252875 0.0197658 0.0148035 0.0105303 0.00704878 0.00439898
 0.00789276 0.0128871 0.019516 0.0277498 0.0373214 0.047571 0.057419 0.0656337 0.0712778 0.0740021 0.0740012 0.0717596 0.0678244 0.0626987 0.0568108 0.0505047 0.0440395 0.0376049 0.031345 0.0253838 0.0198453 0.0148629 0.0105696 0.0070707 0.00440827
 0.00789429 0.0128849 0.019504 0.0277199 0.0372657 0.0474858 0.0573069 0.0655042 0.0711441 0.0738775 0.0738967 0.0716837 0.0677839 0.0626982 0.0568514 0.0505825 0.0441461 0.0377287 0.0314732 0.0255047 0.0199499 0.0149457 0.0106291 0.00710898 0.0044299
 0.00788977 0.0128761 0.019488 0.0276925 0.0372218 0.0474204 0.0572171 0.0653905 0.0710125 0.0737395 0.0737677 0.0715798 0.0677175 0.0626763 0.0568753 0.0506485 0.0442466 0.0378529 0.0316086 0.0256383 0.0200703 0.015045 0.0107038 0.00716003 0.00446123
 0.00783129 0.0127858 0.019361 0.027528 0.0370234 0.0471962 0.0569804 0.0651588 0.0708051 0.0735736 0.073656 0.0715293 0.0677303 0.0627503 0.0570044 0.0508229 0.0444536 0.0380779 0.0318362 0.0258535 0.0202606 0.0152015 0.0108228 0.00724312 0.00451413
 0.00783575 0.0127833 0.0193395 0.0274709 0.0369149 0.0470288 0.0567609 0.064909 0.070555 0.0733528 0.0734861 0.071422 0.0676889 0.0627724 0.0570842 0.0509523 0.044622 0.0382726 0.0320424 0.0260561 0.0204455 0.0153579 0.010945 0.00733054 0.00457118
 0.00780701 0.0127418 0.0192864 0.0274086 0.0368448 0.0469475 0.0566595 0.064777 0.0703883 0.0731598 0.0732891 0.0712504 0.0675699 0.0627225 0.0571071 0.0510412 0.0447638 0.0384511 0.0322407 0.026257 0.0206334 0.0155203 0.0110742 0.00742484 0.00463387
 0.0077851 0.0127006 0.0192146 0.027294 0.036679 0.0467323 0.0564107 0.064522 0.070156 0.0729708 0.0731513 0.0711635 0.0675323 0.0627361 0.0571759 0.051166 0.0449393 0.0386648 0.0324752 0.0264935 0.0208541 0.0157111 0.0112266 0.00753659 0.00470873
 0.0077332 0.0126212 0.0191041 0.0271515 0.0365049 0.0465279 0.056179 0.0642703 0.0698995 0.0727326 0.0729582 0.0710379 0.0674859 0.0627688 0.0572788 0.0513276 0.0451472 0.0389062 0.0327351 0.0267545 0.0210984 0.0159235 0.0113972 0.00766261 0.00479374
 0.00933176 0.0148541 0.0217892 0.0298945 0.0388154 0.0480026 0.0566462 0.063815 0.0687747 0.0712319 0.0713249 0.0694349 0.0660077 0.0614638 0.0561672 0.050411 0.0444161 0.0383441 0.0323218 0.0264673 0.0209124 0.0158134 0.0113391 0.00763639 0.00478458
 0.00932247 0.0151361 0.0227367 0.0319703 0.0423682 0.0529938 0.0624776 0.0694274 0.0730246 0.0733441 0.071148 0.0673796 0.0627651 0.0577116 0.0524027 0.0469262 0.0413481 0.0357385 0.0301773 0.024759 0.0196021 0.0148523 0.0106706 0.00719934 0.0045183
 0.00897841 0.014596 0.0219817 0.0310531 0.0414666 0.0524463 0.0627419 0.0709154 0.0758544 0.077156 0.0751506 0.0706504 0.0646355 0.0579983 0.0513743 0.0450843 0.039192 0.0336305 0.0283199 0.0232336 0.0184176 0.01398 0.0100635 0.00680274 0.00427706
 0.00880239 0.0142997 0.0215179 0.0303752 0.040547 0.0513094 0.0615064 0.0698217 0.0752439 0.0773757 0.0763965 0.0728218 0.067304 0.0605471 0.0532482 0.0460009 0.0391973 0.0329961 0.0273788 0.0222561 0.0175647 0.0133164 0.00959127 0.00649249 0.00408875
 0.00872461 0.0141648 0.0212984 0.0300383 0.0400594 0.0506479 0.0606722 0.0688581 0.0742519 0.0765223 0.0759008 0.0728988 0.0680715 0.0619359 0.0549827 0.047688 0.0404845 0.033705 0.0275386 0.0220364 0.0171699 0.0129061 0.00925314 0.00625281 0.00393785
 0.00870847 0.0141338 0.0212421 0.029942 0.0399046 0.0504143 0.0603417 0.0684196 0.0737092 0.0759061 0.0752802 0.0723877 0.0678127 0.0620556 0.0555269 0.0485751 0.0415154 0.0346391 0.0281936 0.0223522 0.0172029 0.0127725 0.00906522 0.00608323 0.00381564
 0.00869796 0.0141181 0.0212206 0.0299138 0.0398672 0.0503614 0.0602621 0.0682975 0.0735277 0.0756526 0.0749558 0.072017 0.0674515 0.0617882 0.0554446 0.0487376 0.0419128 0.0351809 0.0287418 0.0227811 0.0174499 0.0128493 0.00903057 0.00600328 0.00373678
 0.00867013 0.0140782 0.0211705 0.0298586 0.0398137 0.0503158 0.0602266 0.0682692 0.0734976 0.0756063 0.0748771 0.0718935 0.0672839 0.0615987 0.0552786 0.0486531 0.0419564 0.0353613 0.0290186 0.0230795 0.0176959 0.0130014 0.00908996 0.00599972 0.00370586
 0.00868946 0.0141022 0.0211931 0.0298706 0.0398057 0.0502836 0.0601745 0.0682087 0.0734419 0.0755632 0.0748441 0.0718593 0.0672338 0.0615237 0.0551833 0.0485596 0.0418979 0.035368 0.0290996 0.0232154 0.0178469 0.0131274 0.0091688 0.00603214 0.00370733
 0.00867329 0.0140811 0.0211706 0.0298519 0.0397952 0.050281 0.0601734 0.068199 0.0734156 0.07552 0.0747922 0.0718098 0.0671941 0.0614934 0.0551574 0.0485346 0.041879 0.0353679 0.0291311 0.0232814 0.0179355 0.0132175 0.00924081 0.00607687 0.00372729
 0.00865343 0.0140523 0.021134 0.0298114 0.0397571 0.0502527 0.0601614 0.0682065 0.0734403 0.0755536 0.0748228 0.0718274 0.0671943 0.0614784 0.055133 0.048507 0.0418537 0.035351 0.0291295 0.0232996 0.0179721 0.0132641 0.00928578 0.00611111 0.00374771
 0.00864654 0.0140387 0.0211093 0.0297708 0.0396974 0.0501753 0.0600743 0.0681238 0.0733777 0.0755231 0.0748278 0.0718619 0.0672459 0.0615335 0.0551813 0.0485442 0.041881 0.0353727 0.0291512 0.023326 0.018005 0.0133012 0.00932195 0.00614097 0.00376832
 0.00864164 0.0140299 0.0210943 0.0297467 0.039661 0.0501237 0.0600067 0.0680427 0.0732902 0.0754408 0.0747644 0.0718292 0.067249 0.0615694 0.0552399 0.0486128 0.0419485 0.0354332 0.0292036 0.0233721 0.018047 0.01334 0.0093562 0.0061687 0.00378823
 0.00864019 0.0140308 0.0211016 0.0297653 0.0396949 0.0501728 0.0600645 0.0680969 0.0733267 0.0754485 0.0747399 0.0717779 0.0671836 0.0615043 0.0551868 0.0485771 0.0419294 0.0354263 0.029204 0.0233769 0.018055 0.0133504 0.00936806 0.00618023 0.0037978
 0.0086444 0.0140346 0.0211019 0.0297584 0.039678 0.0501471 0.060036 0.0680748 0.0733188 0.0754566 0.0747585 0.0717969 0.067194 0.0615026 0.055176 0.048564 0.0419205 0.0354249 0.0292101 0.0233882 0.0180688 0.0133648 0.00938154 0.00619183 0.00380684
 0.0086444 0.0140346 0.0211019 0.0297584 0.039678 0.0501471 0.060036 0.0680748 0.0733188 0.0754566 0.0747585 0.0717969 0.067194 0.0615026 0.055176 0.048564 0.0419205 0.0354249 0.0292101 0.0233882 0.0180688 0.0133648 0.00938154 0.00619183 0.00380684
 0.00841455 0.0136752 0.020589 0.0290829 0.0388517 0.049209 0.0590581 0.0671581 0.0725757 0.0749834 0.0746105 0.0719772 0.0676576 0.0621725 0.0559634 0.049387 0.0427153 0.0361489 0.0298391 0.0239114 0.0184852 0.0136802 0.00960765 0.00634399 0.0039022
#pred catch len freq
 0.00575333 0.00901891 0.0129854 0.0174796 0.0223766 0.0275925 0.0329999 0.0383761 0.0434438 0.0479501 0.0517146 0.054641 0.0567137 0.0579827 0.0585304 0.0584342 0.0577443 0.0564745 0.0545879 0.051969 0.0484093 0.0436681 0.0376368 0.0305346 0.0229826
 0.00620868 0.00964003 0.013706 0.0181803 0.0229392 0.027975 0.0332812 0.0387288 0.0440398 0.0488542 0.0528323 0.0557506 0.0575593 0.0583757 0.0584126 0.057882 0.0569205 0.0555515 0.0536778 0.0510921 0.0475178 0.042708 0.0366067 0.0295036 0.0220564
 0.00678194 0.0105189 0.0149236 0.0197157 0.0247062 0.0298205 0.035002 0.040123 0.0449845 0.0493656 0.0530535 0.0558577 0.057646 0.058398 0.0582296 0.0573558 0.0560009 0.0542972 0.0522123 0.0495381 0.0459565 0.0411846 0.0351628 0.0282002 0.0209647
 0.00715744 0.0111228 0.0158211 0.0209652 0.0263495 0.031862 0.0373791 0.0426808 0.0474788 0.0515087 0.0545968 0.0566752 0.0577679 0.0579662 0.0574014 0.0562247 0.0545866 0.0525955 0.0502527 0.0474036 0.043765 0.0390599 0.0332178 0.026529 0.0196326
 0.00751917 0.0116813 0.0166099 0.0220055 0.0276586 0.0334624 0.0392939 0.0449103 0.0499653 0.0541056 0.057065 0.0587223 0.0591268 0.0584781 0.0570568 0.0551369 0.0529207 0.050504 0.0478568 0.0448135 0.0411074 0.0364836 0.0308761 0.0245498 0.0180905
 0.00790341 0.0122726 0.0174388 0.0230811 0.0289733 0.0349989 0.0410289 0.0468152 0.0520041 0.0562288 0.0591929 0.0607246 0.0608151 0.0596321 0.0574823 0.0547291 0.0516943 0.0485775 0.045407 0.0420368 0.0382031 0.0336507 0.0283024 0.022386 0.0164208
 0.00827206 0.0128457 0.0182534 0.0241559 0.0303096 0.0365803 0.0428179 0.0487494 0.0540008 0.0581965 0.0610447 0.0623811 0.0621953 0.0606377 0.0579923 0.0546172 0.0508695 0.0470254 0.0432108 0.0393668 0.0352872 0.0307389 0.0256294 0.020134 0.014688
 0.00872186 0.0135307 0.0191994 0.0253605 0.0317495 0.0382225 0.0446231 0.0506659 0.0559559 0.0600965 0.0627836 0.0638564 0.0633222 0.0613535 0.0582474 0.0543616 0.0500509 0.0456088 0.0412122 0.036883 0.0325008 0.0278921 0.0229752 0.0178787 0.0129478
 0.0092084 0.0142741 0.02023 0.0266762 0.0333205 0.0399996 0.0465408 0.0526425 0.0578968 0.0619025 0.0643606 0.0651219 0.0642091 0.0618128 0.0582483 0.0538873 0.0490911 0.0441596 0.0392907 0.034554 0.0298985 0.0252174 0.0204586 0.0157231 0.0112755
 0.00958156 0.0148556 0.021059 0.0277736 0.034688 0.0416173 0.0483612 0.0545848 0.0598501 0.0637399 0.065958 0.0663752 0.0650448 0.0621908 0.0581573 0.0533353 0.0480952 0.042742 0.0374848 0.0324212 0.0275484 0.0228126 0.0181928 0.0137741 0.00975643
 0.00992098 0.0153719 0.0217715 0.0286813 0.0357768 0.0428701 0.0497598 0.0561023 0.0614376 0.0653189 0.0674237 0.0676108 0.0659436 0.0626755 0.0581898 0.0529135 0.0472429 0.0414975 0.0358977 0.0305601 0.025513 0.0207399 0.0162426 0.0120945 0.00844385
 0.0102195 0.0158321 0.0224172 0.0295182 0.0367929 0.044038 0.0510373 0.0574336 0.0627596 0.066569 0.068544 0.068546 0.0666364 0.0630688 0.0582352 0.0525826 0.0465338 0.0404345 0.034528 0.0289533 0.0237641 0.0189693 0.0145844 0.0106703 0.00733174
 0.0104522 0.0161959 0.0229381 0.030212 0.0376642 0.0450779 0.0522185 0.0587046 0.0640461 0.0677829 0.0695978 0.0693675 0.0671775 0.0633049 0.058159 0.0521961 0.0458461 0.0394647 0.0333114 0.027547 0.0222498 0.0174505 0.0131735 0.00946622 0.00639571
 0.0105233 0.0163165 0.0231299 0.0305003 0.0380755 0.0456337 0.0529275 0.0595557 0.0650044 0.0687904 0.0705787 0.0702379 0.0678595 0.0637396 0.0583133 0.0520623 0.0454348 0.0387987 0.0324248 0.0264885 0.0210875 0.0162703 0.0120691 0.00851963 0.00565808
 0.0105262 0.0163196 0.023133 0.0305058 0.038093 0.0456848 0.0530467 0.0597845 0.065378 0.069321 0.0712449 0.0709842 0.0686061 0.0643993 0.0588084 0.0523368 0.0454602 0.0385734 0.0319703 0.0258465 0.0203179 0.0154483 0.0112753 0.00782561 0.00511013
 0.0105185 0.0163017 0.0230956 0.0304375 0.0379827 0.0455282 0.0528532 0.0595822 0.0652137 0.0692531 0.0713286 0.0712528 0.0690547 0.0649793 0.0594371 0.0529177 0.0459062 0.0388244 0.0320011 0.0256675 0.0199702 0.0149947 0.0107885 0.00737258 0.00473813
 0.0106089 0.0164348 0.0232696 0.0306401 0.0381928 0.0457194 0.0529981 0.0596575 0.0652063 0.0691686 0.0711951 0.0711176 0.0689713 0.0649884 0.0595492 0.0531062 0.0461151 0.0389863 0.0320595 0.025593 0.0197673 0.0146977 0.0104494 0.00704502 0.00446279
 0.0108271 0.0167425 0.0236461 0.0310369 0.0385481 0.0459803 0.0531378 0.0596775 0.0651263 0.0690127 0.0709857 0.0708775 0.0687288 0.0647776 0.0594026 0.053042 0.0461258 0.0390387 0.0321054 0.0255877 0.0196861 0.0145439 0.0102494 0.00683595 0.0042778
 0.0108642 0.0168129 0.0237686 0.0312303 0.0388201 0.0463142 0.0534859 0.0599704 0.0652977 0.069027 0.0708512 0.0706381 0.0684423 0.0644971 0.0591669 0.052874 0.0460324 0.0390093 0.0321134 0.0255981 0.0196683 0.014483 0.0101506 0.00671881 0.0041653
 0.0108145 0.0167521 0.023715 0.0312155 0.0388838 0.046492 0.0537953 0.0603983 0.0657946 0.0695129 0.071235 0.0708465 0.0684458 0.0643179 0.0588654 0.0525239 0.0456965 0.0387262 0.0318948 0.0254343 0.0195389 0.0143687 0.0100413 0.00661546 0.00407508
 0.0107964 0.0167182 0.0236574 0.0311276 0.0387664 0.0463612 0.0536861 0.0603592 0.0658711 0.0697257 0.0715643 0.0712321 0.0688054 0.0645757 0.0589793 0.052496 0.0455654 0.0385453 0.0317107 0.025274 0.0194093 0.0142643 0.00995424 0.0065412 0.00401359
 0.0106805 0.0165477 0.0234335 0.0308623 0.0384776 0.0460672 0.0534031 0.0601054 0.0656729 0.0696198 0.0715888 0.0714093 0.0691242 0.0649874 0.0594105 0.0528748 0.0458457 0.0387172 0.0317933 0.0252984 0.0194033 0.014245 0.00992948 0.00651461 0.00398796
 0.0105716 0.0163787 0.0231945 0.0305503 0.0380986 0.0456367 0.0529478 0.0596617 0.0652826 0.0693233 0.0714207 0.0713954 0.0692779 0.065302 0.0598532 0.0533882 0.0463611 0.0391745 0.0321568 0.0255608 0.0195774 0.0143521 0.00999009 0.0065448 0.00399963
 0.0105278 0.0163079 0.0230886 0.0304016 0.0379009 0.0453875 0.0526514 0.0593317 0.0649429 0.0690057 0.0711604 0.0712255 0.0692238 0.0653772 0.0600555 0.0536969 0.0467378 0.0395702 0.0325238 0.0258649 0.0198044 0.0145058 0.0100847 0.00659745 0.00402563
 0.0104103 0.0161312 0.0228487 0.0301035 0.037555 0.0450059 0.0522458 0.058916 0.0645362 0.0686355 0.0708609 0.0710322 0.0691662 0.0654715 0.0603001 0.0540718 0.0472067 0.0400853 0.0330333 0.0263231 0.0201805 0.0147879 0.0102782 0.0067189 0.00409514
 0.0104077 0.0161204 0.0228207 0.0300461 0.0374561 0.0448585 0.0520515 0.0586849 0.0642833 0.068376 0.0706092 0.0708043 0.0689825 0.0653563 0.0602765 0.0541535 0.0473918 0.0403537 0.0333508 0.0266489 0.0204773 0.0150303 0.0104566 0.00683726 0.00416601
 0.0102545 0.0158961 0.0225285 0.0297039 0.0370899 0.0444927 0.0517026 0.0583623 0.0639956 0.0681357 0.0704329 0.070708 0.0689761 0.065442 0.0604503 0.0544082 0.0477168 0.0407326 0.0337591 0.0270553 0.0208492 0.0153418 0.0106943 0.00700202 0.00426938
 0.0100877 0.0156436 0.0221838 0.0292744 0.0365961 0.0439649 0.0511782 0.0578821 0.0635974 0.0678476 0.0702691 0.0706701 0.0690579 0.065633 0.0607369 0.0547737 0.0481416 0.0411945 0.0342333 0.0275146 0.0212663 0.0156939 0.010968 0.00719651 0.00439492
 0.0100674 0.0156033 0.0221096 0.0291487 0.0364019 0.0436927 0.0508324 0.0574846 0.0631848 0.0674634 0.0699545 0.0704558 0.0689596 0.0656513 0.0608615 0.054988 0.0484267 0.04153 0.0345968 0.0278817 0.0216119 0.0159955 0.0112103 0.00737437 0.00451338
 0.00987357 0.0153259 0.0217612 0.0287628 0.0360205 0.0433481 0.0505348 0.0572236 0.0629437 0.067236 0.0697534 0.070309 0.0688987 0.0656988 0.0610233 0.0552535 0.048773 0.0419288 0.0350185 0.0282978 0.0219966 0.0163276 0.0114761 0.00757002 0.00464478
 0.00977575 0.0151654 0.0215185 0.0284227 0.0355802 0.0428258 0.0499749 0.0566894 0.0624981 0.0669197 0.0695755 0.0702552 0.0689485 0.0658391 0.0612498 0.0555633 0.0491563 0.0423655 0.0354804 0.0287537 0.0224171 0.0166893 0.011765 0.00778269 0.00478805
 0.010541 0.0162406 0.0228231 0.0297739 0.0367414 0.0435879 0.0502243 0.0564303 0.0618293 0.0659896 0.0685383 0.069239 0.0680383 0.0650763 0.0606445 0.0551107 0.0488473 0.0421884 0.035418 0.0287811 0.0225039 0.0168045 0.0118819 0.00788304 0.00486328
 0.0112476 0.0173216 0.0243178 0.0316564 0.0389085 0.045853 0.052324 0.0580625 0.0627294 0.0660187 0.0677327 0.0677899 0.0662166 0.0631464 0.058807 0.0534855 0.047487 0.0411014 0.0345887 0.0281811 0.0220969 0.0165493 0.0117366 0.00780969 0.00483176
 0.0112215 0.0173486 0.0244874 0.032097 0.0397562 0.0471977 0.0541535 0.0602298 0.064962 0.0679705 0.0690694 0.0682837 0.0658157 0.0619838 0.0571436 0.0516173 0.0456636 0.0394857 0.0332581 0.0271503 0.0213429 0.0160298 0.0114016 0.00760903 0.00472106
 0.0108907 0.0168682 0.023876 0.0314226 0.0391354 0.0467841 0.0541154 0.0607129 0.0660358 0.0695748 0.0709923 0.0701981 0.06737 0.0629116 0.0573424 0.0511631 0.0447593 0.038377 0.0321569 0.0261947 0.0205941 0.0154915 0.0110445 0.00739046 0.00459806
 0.0106395 0.0164781 0.0233246 0.0307059 0.0382745 0.0458343 0.0531757 0.0599289 0.0655817 0.0696124 0.0716143 0.0713765 0.0689354 0.0645849 0.0588158 0.0521988 0.0452597 0.0383939 0.0318427 0.0257288 0.0201228 0.0151008 0.0107635 0.00721102 0.00449523
 0.0105791 0.0163726 0.0231516 0.0304374 0.037881 0.0452926 0.0524828 0.0591163 0.0647275 0.068843 0.0710881 0.0712444 0.0692869 0.0654002 0.0599527 0.0534295 0.0463473 0.0391722 0.0322605 0.025841 0.0200416 0.0149403 0.0106036 0.00708951 0.00441828
 0.0107109 0.0165641 0.023396 0.0307109 0.0381442 0.0454969 0.0525764 0.0590518 0.0644734 0.0683994 0.0705015 0.0706123 0.068742 0.0650731 0.0599227 0.0536882 0.0467961 0.0396619 0.0326536 0.0260621 0.0200917 0.0148732 0.0104875 0.00697658 0.00433378
 0.0106199 0.0164431 0.0232633 0.0305988 0.038088 0.0455183 0.0526694 0.0591806 0.0645828 0.0684329 0.0704202 0.0704104 0.0684547 0.0647733 0.059702 0.0536232 0.0469148 0.0399282 0.0329834 0.0263624 0.0202998 0.0149747 0.0105065 0.00695172 0.00429759
