SBPRF35
7.78865
Curr Bio
617877
B35
714753
F35
0.22964
FOFL
0.205341
OFL
98999.9
Bzero
2.22533e+006
#pred survey bio
 4.73542e+006 4.42304e+006 4.13808e+006 3.83066e+006 3.50122e+006 3.15272e+006 2.82923e+006 2.4883e+006 2.19995e+006 1.93608e+006 1.71085e+006 1.51536e+006 1.34848e+006 1.18362e+006 1.05032e+006 919748 810598 746038 696209 664037 634305 605380 582063 574608 557174 556239 553425 550151 548680 557463 559108 554699 539420 539071 533104 518644 515124 505317 504466 510971 522575 531095 537068 547503 550057 572516 589176 600727 610638 638895 646764 614447 2.23676e+007 1.38891e+007 1.43751e+007 1.49081e+007 1.54323e+007 1.58969e+007 1.6282e+007 1.65872e+007 1.68222e+007 1.69998e+007 1.71324e+007 1.72309e+007 1.7304e+007 1.73583e+007 1.73988e+007 1.7429e+007 1.74517e+007 1.74688e+007 1.74818e+007 1.74917e+007 1.74992e+007 1.7505e+007 1.75094e+007 1.75127e+007 1.75153e+007 1.75173e+007 1.75189e+007 1.75201e+007 1.7521e+007 1.75217e+007 1.75222e+007 1.75227e+007 1.7523e+007 1.75232e+007 1.75234e+007 1.75236e+007 1.75237e+007 1.75238e+007 1.75239e+007 1.75239e+007 1.7524e+007 1.7524e+007 1.7524e+007 1.7524e+007 1.75241e+007 1.75241e+007 1.75241e+007 1.75241e+007 1.75241e+007 1.75241e+007 1.75241e+007 1.75241e+007 1.75241e+007 1.75241e+007 1.75241e+007 1.75241e+007 1.75241e+007 1.75241e+007 1.75241e+007 1.75241e+007 1.75241e+007 1.75241e+007 1.75241e+007 1.75241e+007 1.75241e+007 1.75241e+007 1.75241e+007 1.75241e+007 1.75241e+007 1.75241e+007 1.75241e+007 1.75241e+007 1.75241e+007 1.75241e+007 1.75241e+007 1.75241e+007 1.75241e+007 1.75241e+007 1.75241e+007 1.75241e+007 1.75241e+007 1.75241e+007 1.75241e+007 1.75241e+007 1.75241e+007 1.75241e+007 1.75241e+007 1.75241e+007 1.75241e+007 1.75241e+007 1.75241e+007 1.75241e+007 1.75241e+007 1.75241e+007 1.75241e+007 1.75241e+007 1.75241e+007 1.75241e+007 1.75241e+007 1.75241e+007 0 0 0 0 0 0 0 0 0 0 0 0 0 0 0 0 0 0 0 0 0 0 0 0 0
#obs survey bio
 3.73328e+006 3.95652e+006 3.35215e+006 2.99742e+006 4.51924e+006 2.74745e+006 3.73167e+006 2.39624e+006 1.74285e+006 2.56476e+006 1.06293e+006 1.26392e+006 1.15299e+006 1.16212e+006 793374 1.03817e+006 731179 781406 639608 500372 406502 782208 486757 546167 589052 428169 472878 581029 480105 493995 530304 565388 392487 540436 416290 771743 407717 690272 471920 417319 626607 470163 468867 624754 633422 614832 505291 495181 794716 703574 656904 597115
#pred catch bio
 109223 106884 155488 206744 257815 268771 317008 299186 302849 289465 279683 265970 270641 245392 242031 219614 176987 160713 142861 138818 135825 128627 113623 119894 103514 103562 102287 99205 89668.9 94563.5 97258.1 103093 87699 90460 94993.6 84985.7 93901.8 91432.9 89356.2 87380.7 90718.5 92942.4 89580.5 96766.9 81353.5 88475 94746.3 98337 86288.4 107770 144730 100244 98999.9 112757 115835 119149 122527 125505 127883 129668 130951 131843 132448 132851 133115 133286 133396 133466 133510 133538 133555 133566 133573 133577 133579 133581 133582 133583 133583 133583 133583 133584 133584 133584 133584 133584 133584 133584 133584 133584 133584 133584 133584 133584 133584 133584 133584 133584 133584 133584 133584 133584 133584 133584 133584 133584 133584 133584 133584 133584 133584 133584 133584 133584 133584 133584 133584 133584 133584 133584 133584 133584 133584 133584 133584 133584 133584 133584 133584 133584 133584 133584 133584 133584 133584 133584 133584 133584 133584 133584 133584 133584 133584 133584 133584 133584 133584 133584 133584 133584 133584 133584 0 0 0 0 0 0 0 0 0 0 0 0 0 0 0 0 0 0 0 0 0 0 0 0 0
#obs catch bio
 0 106669 155960 207788 259345 270589 320077 302050 307565 293426 285327 271518 276611 249971 247259 222935 179051 161841 143607 140291 137967 129860 115220 122099 104308 104516 103328 99783.2 90250.6 95207.7 97740.1 103505 87558.1 90580.3 95678.2 84786.8 94199.7 91085.8 89473.9 87599.8 90656.1 92756.7 89293.4 96629 80974.1 88282.2 94389.3 98184.3 85649.7 107234 145179 99947.6
#pred cpue bio
 4.65088e+006 4.34143e+006 4.05885e+006 3.75308e+006 3.42603e+006 3.08006e+006 2.75879e+006 2.4206e+006 2.13433e+006 1.87257e+006 1.64927e+006 1.45573e+006 1.29114e+006 1.12938e+006 998955 871824 766017 703777 655921 624911 596144 568327 545982 538963 522656 522287 519940 517135 516032 524800 526882 523323 509219 509292 503937 490425 486548 475237 472753 478460 489846 498484 504439 514507 516883 538381 554295 565139 574220 600899 607617 575033 2.09226e+007 1.30104e+007 1.34719e+007 1.39696e+007 1.44793e+007 1.49405e+007 1.53248e+007 1.563e+007 1.58649e+007 1.60425e+007 1.61751e+007 1.62736e+007 1.63467e+007 1.6401e+007 1.64414e+007 1.64717e+007 1.64944e+007 1.65115e+007 1.65245e+007 1.65344e+007 1.65419e+007 1.65476e+007 1.65521e+007 1.65554e+007 1.6558e+007 1.656e+007 1.65616e+007 1.65628e+007 1.65637e+007 1.65644e+007 1.65649e+007 1.65654e+007 1.65657e+007 1.65659e+007 1.65661e+007 1.65663e+007 1.65664e+007 1.65665e+007 1.65666e+007 1.65666e+007 1.65667e+007 1.65667e+007 1.65667e+007 1.65667e+007 1.65667e+007 1.65668e+007 1.65668e+007 1.65668e+007 1.65668e+007 1.65668e+007 1.65668e+007 1.65668e+007 1.65668e+007 1.65668e+007 1.65668e+007 1.65668e+007 1.65668e+007 1.65668e+007 1.65668e+007 1.65668e+007 1.65668e+007 1.65668e+007 1.65668e+007 1.65668e+007 1.65668e+007 1.65668e+007 1.65668e+007 1.65668e+007 1.65668e+007 1.65668e+007 1.65668e+007 1.65668e+007 1.65668e+007 1.65668e+007 1.65668e+007 1.65668e+007 1.65668e+007 1.65668e+007 1.65668e+007 1.65668e+007 1.65668e+007 1.65668e+007 1.65668e+007 1.65668e+007 1.65668e+007 1.65668e+007 1.65668e+007 1.65668e+007 1.65668e+007 1.65668e+007 1.65668e+007 1.65668e+007 1.65668e+007 1.65668e+007 1.65668e+007 1.65668e+007 1.65668e+007 1.65668e+007 1.65668e+007 1.65668e+007 0 0 0 0 0 0 0 0 0 0 0 0 0 0 0 0 0 0 0 0 0 0 0 0 0
#obs cpue bio
 2.45839e+006 3.51611e+006 3.61351e+006 3.41614e+006 3.3811e+006 2.20924e+006 2.41247e+006 1.8335e+006 1.5908e+006 1.43199e+006 1.38458e+006 1.30609e+006 1.37148e+006 990515 1.01624e+006 874799 696183 789657 656548 542449 580885 529727 336153 443524 617500 572660 492529 599094 423464 595490 580654 610238 809703 441794 445121 527223 492983 541257 350533 500937 541717 651455 599064 499249 470449 496771 772672 647513 581644 517642 483772 542065
#pred surv len freq
 0.00462839 0.0074554 0.0111176 0.0155833 0.0207707 0.0264907 0.0323979 0.0380483 0.043046 0.0471661 0.05037 0.052747 0.0544465 0.0556273 0.0564151 0.0568745 0.0570044 0.056746 0.0559751 0.0544656 0.0518681 0.0477827 0.0419692 0.0346058 0.0263983
 0.00493098 0.00787911 0.011634 0.0161362 0.0213087 0.0270082 0.0329539 0.0387359 0.0439234 0.0481885 0.0513732 0.0534987 0.0547409 0.0553713 0.0556654 0.0558135 0.0558701 0.055745 0.0552126 0.0539227 0.0514372 0.0473413 0.0414507 0.0340266 0.025832
 0.00504587 0.00809975 0.012024 0.0167632 0.0222146 0.028172 0.0342743 0.0400587 0.0451077 0.0491669 0.0521557 0.0541146 0.0551689 0.0555197 0.0554232 0.0551318 0.054812 0.0544691 0.053902 0.0527084 0.0503619 0.0463812 0.0405701 0.0332211 0.0251335
 0.00520225 0.00834072 0.0123662 0.0172243 0.022823 0.0289724 0.0353169 0.0413676 0.046641 0.050799 0.0537042 0.0554014 0.0560734 0.0559882 0.0554389 0.0546882 0.053921 0.0531907 0.0523566 0.0510496 0.0487291 0.0448689 0.0392301 0.0320842 0.0242222
 0.0054279 0.00869609 0.0128793 0.0179133 0.0236932 0.0300151 0.0365093 0.0426779 0.0480365 0.0522465 0.0551552 0.0567717 0.0572388 0.0568082 0.0557942 0.0545088 0.053193 0.0519542 0.0507037 0.0491197 0.04669 0.0428868 0.0374421 0.0305837 0.0230551
 0.00566471 0.00907951 0.0134536 0.0187191 0.0247603 0.0313503 0.0380835 0.0444203 0.0498444 0.0540071 0.0567682 0.05816 0.0583423 0.0575671 0.056138 0.0543614 0.0524952 0.05069 0.0489209 0.046936 0.0442824 0.0404644 0.0352072 0.0286927 0.0215914
 0.0059175 0.00947959 0.0140369 0.0195152 0.0257926 0.032632 0.0396096 0.0461562 0.0517193 0.0559162 0.0585845 0.0597546 0.059605 0.0584183 0.0565252 0.0542457 0.0518424 0.0494786 0.0471668 0.0447192 0.0417599 0.0378539 0.0327454 0.0265797 0.0199457
 0.00627171 0.010038 0.0148452 0.0206057 0.0271802 0.0343092 0.0415377 0.048261 0.0538965 0.058045 0.0605411 0.061421 0.0608759 0.0592085 0.0567755 0.0539233 0.0509348 0.0479905 0.0451281 0.0422079 0.0389237 0.0349111 0.0299508 0.0241636 0.018054
 0.00655837 0.0105019 0.0155399 0.0215805 0.0284723 0.0359303 0.0434583 0.0504033 0.0561412 0.0602514 0.0625684 0.0631438 0.0621922 0.060041 0.0570701 0.0536457 0.0500685 0.0465384 0.0431217 0.0397246 0.0361058 0.0319694 0.0271369 0.0217129 0.0161229
 0.00689963 0.0110371 0.0163102 0.0226152 0.0297892 0.0375337 0.0453311 0.0524951 0.0583624 0.0624757 0.0646471 0.0649265 0.0635486 0.060877 0.0573312 0.0533098 0.0491361 0.0450266 0.041071 0.0372152 0.0332769 0.0290249 0.0243209 0.0192564 0.0141825
 0.00716995 0.0114777 0.0169752 0.0235555 0.0310421 0.0391081 0.047192 0.0545601 0.0605138 0.0645831 0.0665848 0.0665807 0.0648187 0.0616783 0.0576007 0.0530114 0.0482606 0.0435908 0.039119 0.0348295 0.0305928 0.0262347 0.0216531 0.0169273 0.0123398
 0.00735904 0.0117914 0.0174605 0.0242633 0.0320212 0.0403926 0.0487841 0.0564161 0.0625406 0.0666473 0.0685326 0.0682626 0.0661118 0.0624977 0.0578986 0.0527684 0.0474777 0.0422869 0.0373371 0.0326482 0.0281391 0.0236861 0.0192179 0.0148017 0.0106575
 0.00751739 0.0120482 0.0178471 0.0248121 0.0327639 0.0413554 0.0499791 0.0578313 0.064133 0.0683395 0.0702167 0.0698102 0.0673922 0.0633979 0.0583391 0.0527081 0.0469094 0.0412308 0.0358379 0.0307819 0.0260222 0.0214778 0.017103 0.0129531 0.00919284
 0.00774195 0.0124079 0.0183786 0.0255466 0.0337224 0.0425408 0.0513671 0.059366 0.0657318 0.0699065 0.0716547 0.0710295 0.0683142 0.0639584 0.0584915 0.0524269 0.046192 0.0400978 0.0343344 0.0289813 0.024032 0.0194392 0.0151758 0.0112839 0.00787884
 0.00784679 0.0125912 0.0186786 0.0260082 0.0343885 0.043438 0.0524907 0.060672 0.0671413 0.0713192 0.0729654 0.0721428 0.0691542 0.0644733 0.0586518 0.0522209 0.045622 0.0391801 0.0331038 0.0274977 0.0223861 0.0177511 0.0135801 0.00990309 0.0067931
 0.00802289 0.0128718 0.0190915 0.0265782 0.0351371 0.0443791 0.053622 0.0619648 0.0685326 0.072713 0.0742443 0.0731885 0.0698715 0.0648065 0.0585887 0.0517832 0.0448511 0.038125 0.0318177 0.0260432 0.0208424 0.016216 0.0121608 0.00869432 0.0058536
 0.00822851 0.0131922 0.0195483 0.027183 0.0358911 0.0452726 0.0546318 0.0630523 0.0696455 0.0737893 0.0752168 0.0739882 0.0704318 0.0650728 0.0585284 0.0513935 0.0441574 0.0371741 0.0306689 0.024764 0.0195086 0.014912 0.0109723 0.00769364 0.00508283
 0.0083802 0.0134132 0.0198337 0.0275135 0.0362399 0.045618 0.0549662 0.0633836 0.0699913 0.0741682 0.0756386 0.0744456 0.070896 0.0654935 0.0588423 0.0515381 0.0440871 0.036871 0.0301469 0.0240651 0.0186969 0.0140645 0.010168 0.00699929 0.00453941
 0.00860427 0.013749 0.020285 0.028062 0.0368477 0.0462326 0.0555287 0.0638379 0.0702988 0.0743203 0.0756617 0.0743904 0.0708157 0.0654223 0.0587835 0.0514651 0.0439559 0.0366384 0.029787 0.02358 0.0181177 0.0134443 0.00956868 0.00647598 0.00412722
 0.00870608 0.0139144 0.0205328 0.0284066 0.0372925 0.0467618 0.0561006 0.0643877 0.0707527 0.0746183 0.0757764 0.0743344 0.0706347 0.0651775 0.0585296 0.0512327 0.0437447 0.0364233 0.0295348 0.0232671 0.0177431 0.0130315 0.00915733 0.00610765 0.00383171
 0.00869773 0.0139183 0.0205712 0.0285122 0.037501 0.0470993 0.0565704 0.0649622 0.0713741 0.0752079 0.0762511 0.0746274 0.0707144 0.0650559 0.0582554 0.0508716 0.0433556 0.0360418 0.0291702 0.0229126 0.0173905 0.0126836 0.00882957 0.00582143 0.00360437
 0.00883311 0.0141089 0.0208049 0.0287628 0.0377407 0.0473157 0.0567765 0.0651906 0.0716565 0.0755511 0.0766246 0.0749696 0.0709541 0.065138 0.0581599 0.0506178 0.0429913 0.0356238 0.0287455 0.0225096 0.0170215 0.0123533 0.0085427 0.00558465 0.00342267
 0.00887119 0.0141824 0.0209352 0.0289719 0.0380403 0.0476934 0.0571898 0.065577 0.0719595 0.0757465 0.0767271 0.0750152 0.0709709 0.0651278 0.0581011 0.0504842 0.0427721 0.0353314 0.0284098 0.0221648 0.0166956 0.0120639 0.00829921 0.00539107 0.00327885
 0.00867918 0.0138978 0.0205594 0.0285281 0.0375712 0.0472547 0.0568406 0.0653682 0.07192 0.0758735 0.0769893 0.075368 0.0713739 0.0655517 0.0585215 0.050873 0.0430977 0.0355676 0.0285463 0.0222103 0.0166723 0.0119989 0.00821691 0.00530981 0.00321012
 0.00877823 0.0140223 0.0206804 0.0285986 0.0375429 0.0471021 0.0565796 0.0650561 0.0716346 0.0756833 0.0769299 0.0754351 0.0715336 0.0657585 0.0587354 0.051067 0.0432556 0.0356795 0.0286064 0.0222187 0.0166372 0.011935 0.00814149 0.00523769 0.00315074
 0.00875651 0.0139887 0.0206309 0.0285253 0.0374293 0.0469206 0.0562964 0.0646479 0.071112 0.0751067 0.0764022 0.0750693 0.0714098 0.065895 0.0590886 0.0515553 0.0437903 0.0361874 0.0290394 0.0225536 0.0168711 0.0120798 0.00821797 0.00526884 0.00315682
 0.00868565 0.0138868 0.0205021 0.0283819 0.0372874 0.0467933 0.0561866 0.0645445 0.0709917 0.074944 0.0761853 0.0748158 0.0711701 0.0657372 0.0590695 0.0516948 0.0440639 0.0365392 0.0294051 0.0228808 0.0171294 0.0122611 0.00833043 0.00532941 0.00318396
 0.00871779 0.0139198 0.0205172 0.0283518 0.0371864 0.0466115 0.0559395 0.0642706 0.0707369 0.074741 0.0760421 0.0747187 0.0711 0.0656873 0.0590532 0.051738 0.0441868 0.0367409 0.0296601 0.0231491 0.0173722 0.0124535 0.00846478 0.00541216 0.00322862
 0.00869232 0.0138873 0.0204833 0.0283237 0.0371663 0.0465893 0.0558913 0.0641674 0.0705621 0.0745052 0.0757838 0.0744879 0.0709362 0.0656062 0.0590498 0.0517994 0.044303 0.0369051 0.0298622 0.0233702 0.0175875 0.0126392 0.00860679 0.00550832 0.00328619
 0.00849586 0.0135908 0.0200803 0.0278255 0.0366009 0.045997 0.0553203 0.0636667 0.0701723 0.0742502 0.0756692 0.0745083 0.0710831 0.0658708 0.0594178 0.0522467 0.0447972 0.0374119 0.0303513 0.0238175 0.0179742 0.0129527 0.0088421 0.00567011 0.00338716
 0.00829125 0.0132814 0.0196586 0.027301 0.0359989 0.0453554 0.0546864 0.0630946 0.0697159 0.0739527 0.0755525 0.0745694 0.0712989 0.0662079 0.0598424 0.0527295 0.0453123 0.0379343 0.0308556 0.0242798 0.0183747 0.0132784 0.00908875 0.00584236 0.00349707
 0.00822699 0.0131662 0.0194662 0.0270028 0.0355736 0.0448027 0.0540382 0.062415 0.0690865 0.0734508 0.0752327 0.0744555 0.0713851 0.0664662 0.0602319 0.0532056 0.0458337 0.0384659 0.0313687 0.0247504 0.0187836 0.0136127 0.00934367 0.0060221 0.00361324
 0.00836183 0.0133614 0.019714 0.027277 0.0358317 0.0449935 0.0541115 0.0623328 0.0688358 0.0730531 0.0747438 0.0739513 0.07094 0.0661338 0.0600366 0.053145 0.0458874 0.0386049 0.0315621 0.0249688 0.0190013 0.0138091 0.00950514 0.00614291 0.00369519
 0.00821504 0.0131543 0.0194598 0.0270054 0.0355774 0.0447787 0.053934 0.0621677 0.0686506 0.0728273 0.0744829 0.0736888 0.0707268 0.0660214 0.0600599 0.0533121 0.0461795 0.038984 0.0319824 0.0253869 0.0193825 0.0141303 0.00975557 0.0063229 0.00381378
 0.00812073 0.0130027 0.0192367 0.0267037 0.0352041 0.0443621 0.053525 0.0618283 0.0684306 0.0727411 0.0745035 0.0737647 0.070812 0.0660978 0.0601407 0.0534275 0.046356 0.0392296 0.0322832 0.0257139 0.0197018 0.0144131 0.00998386 0.00649102 0.00392654
 0.00889804 0.014094 0.0205598 0.0280736 0.0363844 0.0451491 0.0538171 0.0616454 0.0678834 0.0719781 0.0736624 0.0729427 0.070057 0.0654193 0.0595323 0.0528881 0.0458979 0.0388722 0.0320393 0.02558 0.0196576 0.0144285 0.0100286 0.0065417 0.00396953
 0.00950395 0.0150566 0.0219568 0.0299352 0.0386563 0.0476534 0.0562403 0.0635897 0.0689884 0.0720575 0.0727731 0.071344 0.0680921 0.0633941 0.0576491 0.051243 0.0445164 0.0377473 0.0311553 0.0249177 0.0191914 0.0141246 0.00984728 0.00644397 0.0039226
 0.00953728 0.0151921 0.022312 0.0306713 0.0399391 0.0495844 0.0587852 0.0665379 0.0719674 0.0746065 0.0744593 0.0718885 0.0674547 0.0617745 0.0554014 0.0487503 0.0420888 0.0355806 0.0293415 0.0234782 0.0181068 0.0133519 0.00933067 0.0061223 0.00373741
 0.00930994 0.0148586 0.0218834 0.0301993 0.0395242 0.0493774 0.0589703 0.0672875 0.0733686 0.0765863 0.0767567 0.0741032 0.069166 0.0626776 0.0553989 0.0479599 0.040773 0.0340414 0.0278324 0.0221625 0.0170583 0.0125785 0.00880066 0.0057855 0.00353991
 0.00905124 0.0144595 0.0213245 0.0294811 0.0386732 0.0484537 0.0580767 0.066573 0.0730123 0.0767554 0.077545 0.0754729 0.0709238 0.0645099 0.0569644 0.0490018 0.0411951 0.0339154 0.0273393 0.0215095 0.0164128 0.0120399 0.00840414 0.00552297 0.00338239
 0.00890938 0.0142217 0.0209541 0.0289415 0.0379389 0.0475263 0.0570021 0.0654486 0.0719792 0.0759773 0.0771792 0.0756354 0.0716501 0.0657239 0.0584759 0.0505482 0.0425201 0.0348487 0.0278389 0.0216475 0.0163211 0.0118502 0.00820982 0.00537032 0.00328154
 0.00892508 0.0142318 0.0209395 0.0288711 0.0377731 0.0472249 0.0565361 0.0648132 0.0712056 0.0751404 0.0763943 0.075041 0.0713763 0.0658541 0.0590133 0.0514024 0.0435254 0.0358134 0.0286079 0.0221469 0.0165646 0.0119092 0.00817047 0.00530058 0.00321928
 0.00894353 0.014264 0.0209908 0.0289445 0.0378637 0.0473143 0.0565884 0.0647792 0.0710374 0.0748107 0.0759145 0.0744691 0.0708103 0.0654106 0.0587944 0.0514609 0.0438423 0.0363015 0.0291423 0.0226116 0.016891 0.0120875 0.00823446 0.00529929 0.0031938
 0.00893495 0.014246 0.0209565 0.0288867 0.0377776 0.0472016 0.0564588 0.0646461 0.0709086 0.0746812 0.0757672 0.074286 0.0705904 0.0651814 0.0586106 0.0513861 0.0439212 0.0365363 0.0294875 0.0229911 0.0172292 0.0123372 0.00838634 0.00537269 0.00321877
 0.00904634 0.0144116 0.0211766 0.0291499 0.0380628 0.0474817 0.0567045 0.0648301 0.0710095 0.074687 0.0756753 0.074101 0.0703214 0.0648448 0.0582359 0.0510184 0.043614 0.0363339 0.0294069 0.0230148 0.0173142 0.0124359 0.00846514 0.00541962 0.00323844
 0.00897122 0.0142949 0.021011 0.0289322 0.0377945 0.0471694 0.0563621 0.0644802 0.0706832 0.0744195 0.0754994 0.0740383 0.0703753 0.0649989 0.0584595 0.0512787 0.0438875 0.0366112 0.0296867 0.0232934 0.017579 0.0126674 0.00864679 0.00554537 0.00331449
 0.00899756 0.0143285 0.0210444 0.0289526 0.0377865 0.0471202 0.0562658 0.0643392 0.070507 0.0742228 0.0753006 0.0738585 0.0702358 0.0649169 0.0584427 0.0513234 0.0439814 0.0367395 0.0298364 0.0234542 0.0177404 0.012817 0.0087725 0.0056395 0.00337655
 0.009051 0.0144141 0.0211701 0.0291227 0.0379984 0.0473601 0.0565067 0.0645438 0.0706371 0.0742509 0.0752189 0.0736797 0.0699887 0.0646381 0.0581691 0.0510852 0.0437979 0.0366175 0.029773 0.0234397 0.0177615 0.0128593 0.00882168 0.00568431 0.00341059
 0.00919927 0.0146314 0.0214532 0.0294541 0.038352 0.0477103 0.0568335 0.0648315 0.0708683 0.074403 0.0752667 0.0736046 0.0697882 0.0643307 0.0577917 0.0506833 0.0434152 0.0362871 0.0295133 0.0232548 0.0176443 0.0127956 0.00879489 0.00567877 0.00341431
 0.0092487 0.0147013 0.0215386 0.0295422 0.0384241 0.0477463 0.0568176 0.0647583 0.0707474 0.0742595 0.0751336 0.07351 0.0697436 0.0643278 0.05781 0.0507033 0.043427 0.0362919 0.0295188 0.0232683 0.0176688 0.0128288 0.00883114 0.00571216 0.00344079
 0.00941204 0.0149635 0.0219255 0.030072 0.0390991 0.048542 0.0576741 0.0655822 0.0714298 0.074704 0.0752833 0.07336 0.0693366 0.0637372 0.0571176 0.0499815 0.0427309 0.0356594 0.0289741 0.0228247 0.0173293 0.0125867 0.00867141 0.00561544 0.00338739
 0.0094786 0.0151295 0.0222811 0.0307331 0.0401745 0.0500812 0.0596203 0.0677594 0.0735742 0.0765267 0.0765357 0.0738854 0.0690965 0.0628107 0.0556737 0.0482334 0.0408879 0.0338925 0.0274009 0.0215104 0.0162952 0.0118214 0.00814104 0.0052733 0.00318331
#obs surv len freq
 nan nan nan nan nan nan nan nan nan nan nan nan nan nan nan nan nan nan nan nan nan nan nan nan nan
 0.00447744 0.00733573 0.0111632 0.0159785 0.02168 0.027958 0.0342754 0.0400099 0.0446922 0.048158 0.0505173 0.0520141 0.052907 0.0534199 0.0537346 0.0539898 0.0542686 0.0545615 0.0547003 0.0542922 0.0527301 0.0493619 0.043811 0.0362902 0.0276729
 0.00461652 0.00756053 0.0114989 0.0164469 0.0222949 0.028717 0.0351521 0.0409511 0.0456236 0.0489979 0.0511913 0.0524667 0.053108 0.0533661 0.053446 0.0535023 0.053625 0.0538042 0.053868 0.0534217 0.0518598 0.0485344 0.0430706 0.0356743 0.0272022
 0.00478603 0.00783853 0.0119216 0.0170489 0.0231017 0.0297332 0.03635 0.0422663 0.0469639 0.05026 0.052277 0.0532933 0.053615 0.0535186 0.0532379 0.0529549 0.0527817 0.0527227 0.0526137 0.0520642 0.0504741 0.047201 0.0418696 0.0346716 0.0264344
 0.00497301 0.00814704 0.0123944 0.017729 0.0240238 0.0309108 0.0377611 0.0438474 0.0486173 0.0518703 0.0537283 0.0544815 0.0544544 0.0539471 0.05322 0.0524844 0.051882 0.051445 0.0510335 0.0502783 0.0485978 0.0453621 0.0401945 0.0332643 0.025353
 0.00518206 0.00848754 0.0129084 0.018457 0.0249983 0.0321457 0.039239 0.0455139 0.0503856 0.0536343 0.0553761 0.055905 0.0555553 0.0546419 0.053445 0.0522008 0.0510809 0.0501519 0.0493125 0.0482345 0.0463747 0.0431305 0.0381295 0.0315117 0.0239979
 0.00540044 0.00884582 0.0134537 0.0192351 0.0260451 0.0334733 0.0408219 0.0472851 0.0522471 0.0554766 0.0570943 0.0574053 0.0567536 0.0554613 0.0538158 0.0520648 0.0503992 0.048917 0.0475613 0.0460597 0.0439285 0.0406133 0.0357583 0.0294742 0.0224093
 0.0056244 0.00921384 0.014015 0.0200384 0.0271297 0.0348542 0.042475 0.049141 0.0542009 0.0574079 0.0588871 0.0589597 0.0579889 0.0563119 0.0542258 0.0519831 0.0497815 0.0477363 0.0458278 0.0438425 0.0413706 0.0379248 0.0331826 0.0272323 0.0206449
 0.00588042 0.0096302 0.014642 0.0209231 0.0283074 0.036335 0.0442291 0.0510932 0.0562403 0.0594084 0.0607272 0.0605353 0.0592171 0.0571308 0.0545888 0.0518526 0.0491245 0.0465283 0.0440692 0.0415855 0.038742 0.0351299 0.030474 0.0248508 0.0187548
 0.00613672 0.010051 0.0152828 0.0218376 0.0295363 0.0378887 0.0460708 0.0531343 0.0583544 0.061457 0.0625837 0.0620967 0.0604061 0.0578921 0.0548841 0.051654 0.0484095 0.0452811 0.0422928 0.0393254 0.0361126 0.0323238 0.0277384 0.0224293 0.0168205
 0.00636091 0.0104217 0.0158523 0.022659 0.0306537 0.0393206 0.0477931 0.0550731 0.0603952 0.0634658 0.0644287 0.063664 0.0616073 0.0586655 0.055191 0.0514715 0.0477234 0.0440843 0.0405941 0.0371696 0.0336052 0.0296426 0.0251146 0.0200958 0.0149471
 0.00659469 0.0108035 0.0164302 0.0234794 0.0317524 0.0407097 0.0494466 0.0569207 0.0623309 0.0653668 0.066174 0.0651467 0.0627409 0.0593864 0.0554581 0.0512622 0.0470285 0.0429049 0.038947 0.035103 0.0312197 0.0271024 0.0226327 0.0178875 0.0131712
 0.00682906 0.0111873 0.017013 0.024308 0.0328616 0.0421064 0.051095 0.0587383 0.0642018 0.0671649 0.0677848 0.066478 0.0637244 0.0599745 0.0556206 0.0509824 0.0463005 0.0417335 0.0373528 0.0331357 0.0289753 0.0247319 0.0203284 0.015843 0.0115288
 0.00705669 0.0115608 0.0175813 0.0251182 0.0339488 0.0434784 0.0527159 0.060524 0.0660318 0.0689065 0.0693163 0.0677041 0.0645805 0.0604255 0.0556533 0.0505983 0.0455086 0.0405487 0.0358014 0.0312678 0.0268803 0.0225458 0.0182215 0.0139843 0.0100411
 0.00728225 0.011931 0.0181444 0.0259207 0.0350248 0.0448341 0.0543141 0.0622787 0.0678208 0.0705948 0.0707802 0.0688459 0.0653353 0.0607607 0.0555644 0.050101 0.0446297 0.0393203 0.0342625 0.0294741 0.0249166 0.0205333 0.0163073 0.0123117 0.00871142
 0.0074485 0.0122089 0.0185769 0.0265524 0.0358929 0.0459534 0.0556619 0.0637893 0.0693938 0.0721139 0.0721326 0.0699351 0.066089 0.0611346 0.0555421 0.0496898 0.0438548 0.0382189 0.032882 0.0278756 0.0231834 0.0187744 0.0146489 0.010873 0.00757406
 0.00752645 0.0123367 0.0187724 0.0268354 0.0362849 0.0464753 0.0563281 0.0646015 0.0703341 0.0731415 0.0731837 0.0709295 0.0669409 0.0617647 0.0558886 0.0497151 0.0435472 0.0375909 0.0319679 0.0267313 0.0218876 0.0174269 0.0133611 0.00974758 0.00668071
 0.00760211 0.0124509 0.018928 0.0270309 0.0365165 0.0467408 0.0566307 0.0649498 0.0707404 0.0736167 0.0737302 0.0715328 0.0675636 0.0623482 0.0563616 0.0500071 0.0436025 0.0373792 0.0314893 0.0260183 0.0210026 0.0164572 0.0124055 0.00889699 0.00599816
 0.00764702 0.0125198 0.0190238 0.0271528 0.0366599 0.0468979 0.0567918 0.0651068 0.070892 0.0737731 0.0739122 0.0717644 0.0678597 0.0627018 0.056739 0.0503509 0.0438445 0.0374572 0.0313639 0.0256836 0.0204904 0.0158315 0.0117484 0.00828923 0.00549858
 0.00771231 0.0126174 0.0191548 0.0273124 0.0368384 0.0470828 0.0569696 0.0652644 0.0710188 0.0738642 0.0739719 0.0718079 0.0679097 0.0627807 0.0568573 0.0504984 0.0439877 0.0375463 0.0313485 0.025531 0.020199 0.0154337 0.0113017 0.00785761 0.00513353
 0.00776942 0.0127072 0.0192839 0.0274835 0.0370485 0.047321 0.0572162 0.0654928 0.071202 0.0739828 0.0740206 0.0717951 0.0678552 0.0627097 0.056794 0.0504584 0.0439707 0.0375336 0.0313076 0.0254284 0.0200159 0.0151762 0.0110004 0.00755592 0.00487109
 0.00780187 0.0127572 0.0193541 0.0275746 0.0371597 0.04745 0.0573583 0.0656405 0.0713443 0.0741061 0.0741116 0.0718447 0.0678614 0.0626797 0.0567417 0.0504003 0.0439189 0.0374895 0.0312601 0.0253581 0.019905 0.0150198 0.0108108 0.00735845 0.00469332
 0.00784995 0.0128258 0.0194395 0.0276677 0.0372485 0.0475242 0.0574135 0.0656785 0.0713711 0.074129 0.0741349 0.0718684 0.0678814 0.0626901 0.0567387 0.0503842 0.0438938 0.0374594 0.0312246 0.0253106 0.0198365 0.014925 0.010694 0.00723332 0.00457714
 0.00788499 0.0128829 0.0195251 0.0277859 0.0373984 0.0476966 0.057589 0.065831 0.0714766 0.0741744 0.0741229 0.0718145 0.0678052 0.0626074 0.0566579 0.0503073 0.0438202 0.0373881 0.0311543 0.025239 0.0197597 0.0148403 0.0106025 0.00714154 0.00449421
 0.00787368 0.0128667 0.0195051 0.0277653 0.0373825 0.0476921 0.0576024 0.0658664 0.0715324 0.0742422 0.0741899 0.0718683 0.0678392 0.0626226 0.0566606 0.0503043 0.0438152 0.0373814 0.0311436 0.0252212 0.0197322 0.014802 0.0105553 0.00709015 0.00444526
 0.00787964 0.0128691 0.0194957 0.0277327 0.0373166 0.04759 0.0574732 0.0657309 0.071417 0.0741702 0.0741733 0.0719053 0.0679169 0.0627227 0.0567661 0.0504038 0.0439031 0.0374554 0.0312028 0.0252641 0.0197577 0.01481 0.0105481 0.00707254 0.0044232
 0.00789744 0.0128933 0.0195227 0.0277554 0.0373245 0.0475715 0.0574184 0.0656358 0.0712871 0.0740222 0.0740329 0.0717999 0.0678658 0.0627315 0.0568259 0.050497 0.04401 0.0375604 0.0312955 0.0253389 0.0198121 0.0148443 0.0105645 0.00707523 0.00441766
 0.0078958 0.012891 0.01952 0.0277519 0.0373191 0.0475611 0.0573978 0.0655983 0.0712269 0.0739378 0.0739299 0.0716921 0.0677727 0.0626724 0.0568138 0.0505334 0.0440855 0.0376587 0.031399 0.0254337 0.0198894 0.0149004 0.0106002 0.00709415 0.00442486
 0.00788389 0.0128703 0.0194862 0.0277011 0.0372486 0.0474719 0.0572961 0.0654942 0.0711315 0.0738587 0.0738699 0.0716501 0.0677479 0.0626667 0.0568323 0.0505814 0.0441644 0.0377628 0.0315168 0.025551 0.0199935 0.0149834 0.0106595 0.00713185 0.00444583
 0.00786299 0.0128341 0.0194279 0.0276132 0.0371252 0.0473123 0.0571072 0.0652918 0.0709375 0.0736963 0.0737576 0.0715975 0.067755 0.062726 0.0569324 0.0507114 0.0443153 0.037927 0.0316856 0.0257137 0.0201393 0.0151035 0.0107499 0.00719354 0.00448374
 0.00785827 0.0128237 0.0194071 0.0275756 0.0370638 0.0472213 0.0569847 0.0651415 0.0707692 0.0735252 0.0736025 0.0714775 0.0676851 0.0627136 0.0569763 0.0508031 0.0444424 0.0380761 0.0318439 0.0258697 0.0202823 0.0152248 0.0108444 0.00726066 0.00452684
 0.00783849 0.0127926 0.0193622 0.0275149 0.036986 0.0471259 0.0568725 0.0650151 0.0706335 0.073388 0.0734739 0.0713696 0.0676103 0.0626829 0.0569959 0.0508729 0.0445556 0.0382206 0.0320053 0.026033 0.0204344 0.0153558 0.0109482 0.0073359 0.00457643
 0.00777918 0.0126995 0.0192286 0.0273378 0.0367672 0.0468738 0.0566035 0.0647523 0.0704022 0.0732096 0.073361 0.0713257 0.0676322 0.0627639 0.0571285 0.0510491 0.044766 0.0384534 0.0322463 0.0262669 0.0206468 0.0155355 0.0110893 0.00743792 0.00464392
 0.0077635 0.0126663 0.0191647 0.0272268 0.0365948 0.0466348 0.0563082 0.064427 0.070084 0.0729355 0.0731601 0.0712141 0.067613 0.06283 0.0572663 0.0512423 0.0449982 0.0387088 0.0325092 0.0265218 0.0208791 0.0157335 0.0112459 0.00755209 0.00472012
 0.00773955 0.0126266 0.0191029 0.0271358 0.0364663 0.0464615 0.056086 0.0641594 0.069785 0.072631 0.0728845 0.071003 0.0674941 0.0628164 0.0573551 0.0514177 0.0452369 0.0389858 0.0328007 0.0268066 0.0211394 0.0159557 0.0114222 0.0076812 0.00480676
 0.00931861 0.0148361 0.0217679 0.0298727 0.0387949 0.0479824 0.0566209 0.063777 0.0687182 0.0711578 0.071242 0.0693583 0.0659534 0.0614435 0.0561846 0.0504617 0.0444891 0.0384262 0.0324015 0.026537 0.0209691 0.015857 0.0113713 0.00765912 0.00479973
 0.00929853 0.0150973 0.0226787 0.0318903 0.0422663 0.052875 0.0623527 0.0693107 0.0729297 0.0732786 0.0711123 0.0673692 0.062776 0.0577427 0.0524558 0.0470023 0.0414444 0.0358479 0.0302895 0.0248639 0.0196922 0.014924 0.0107238 0.00723615 0.00454201
 0.00897804 0.0145915 0.0219677 0.0310224 0.0414119 0.0523634 0.0626325 0.0707887 0.075725 0.0770403 0.0750628 0.0705988 0.0646217 0.0580183 0.051422 0.0451537 0.0392783 0.0337287 0.0284236 0.0233351 0.0185093 0.0140563 0.010122 0.00684398 0.00430378
 0.00879358 0.0142876 0.0215034 0.0303599 0.0405315 0.051292 0.0614819 0.0697836 0.0751873 0.0773014 0.0763123 0.0727405 0.0672395 0.0605095 0.0532417 0.046024 0.0392449 0.0330615 0.0274549 0.0223356 0.0176406 0.0133827 0.00964432 0.00653117 0.00411444
 0.00872364 0.014164 0.0212986 0.0300409 0.040066 0.0506597 0.0606891 0.0688776 0.0742685 0.0765285 0.0758892 0.0728657 0.0680195 0.0618739 0.0549232 0.0476426 0.0404603 0.0337037 0.0275572 0.0220688 0.0172092 0.0129457 0.00928792 0.00627996 0.00395681
 0.00871018 0.0141394 0.0212556 0.0299686 0.0399489 0.050478 0.0604212 0.0685063 0.0737912 0.075971 0.0753181 0.0723923 0.0677819 0.0619929 0.0554412 0.0484795 0.0414241 0.0345636 0.0281403 0.0223216 0.0171912 0.0127736 0.00907289 0.00609263 0.00382384
 0.00870257 0.0141275 0.0212383 0.0299444 0.0399154 0.0504304 0.0603516 0.0684027 0.073639 0.0757571 0.0750395 0.0720676 0.0674608 0.0617542 0.055372 0.0486368 0.0417978 0.0350668 0.0286413 0.0227022 0.0173947 0.0128152 0.00901247 0.00599538 0.00373434
 0.00868278 0.0140951 0.0211894 0.0298757 0.0398255 0.0503215 0.0602299 0.0682773 0.0735184 0.0756445 0.0749307 0.0719546 0.0673402 0.0616378 0.0552912 0.0486359 0.0419128 0.0353001 0.0289513 0.0230169 0.0176453 0.0129658 0.00906814 0.0059883 0.00370095
 0.00867331 0.0140801 0.0211676 0.0298459 0.0397865 0.0502722 0.0601699 0.0682075 0.0734414 0.0755647 0.0748526 0.0718806 0.0672703 0.0615717 0.0552338 0.0486015 0.0419227 0.0353726 0.0290869 0.0231924 0.0178213 0.0131053 0.00915313 0.00602294 0.00370295
 0.00865559 0.0140522 0.0211274 0.0297922 0.0397196 0.0501943 0.0600854 0.0681227 0.0733631 0.0754984 0.0748015 0.0718455 0.06725 0.0615638 0.0552366 0.0486159 0.0419541 0.0354293 0.0291746 0.023307 0.0179472 0.0132207 0.00924035 0.00607585 0.00372687
 0.00865908 0.0140576 0.0211348 0.0298013 0.0397293 0.0502025 0.0600892 0.0681187 0.0733485 0.0754718 0.0747638 0.0717997 0.0672 0.061514 0.0551911 0.0485786 0.0419297 0.0354231 0.0291909 0.0233465 0.018004 0.0132833 0.00929611 0.00611625 0.00375025
 0.00865605 0.0140518 0.0211244 0.0297844 0.0397045 0.05017 0.0600512 0.0680793 0.0733123 0.0754423 0.0747422 0.0717852 0.0671912 0.0615092 0.0551895 0.0485807 0.041937 0.0354379 0.0292159 0.0233828 0.0180496 0.0133328 0.00934219 0.0061528 0.00377473
 0.00864197 0.0140329 0.0211034 0.0297659 0.0396934 0.0501688 0.0600585 0.0680904 0.0733212 0.0754446 0.0747369 0.0717739 0.0671766 0.0614939 0.0551753 0.0485688 0.0419288 0.0354353 0.0292207 0.0233963 0.0180714 0.0133601 0.00937041 0.00617747 0.00379303
 0.00861186 0.0139856 0.0210356 0.0296766 0.0395852 0.0500494 0.0599408 0.0679905 0.0732538 0.075418 0.0747504 0.071819 0.0672419 0.0615689 0.0552523 0.0486432 0.0419981 0.0354986 0.0292784 0.0234491 0.0181198 0.0134036 0.00940778 0.00620719 0.0038144
 0.00862264 0.0139982 0.0210455 0.0296765 0.039567 0.0500075 0.059875 0.0679072 0.0731646 0.075337 0.07469 0.0717872 0.0672401 0.0615925 0.0552933 0.0486929 0.0420498 0.0355483 0.0293242 0.0234906 0.0181571 0.0134366 0.00943582 0.00622958 0.00383079
 0.00862264 0.0139982 0.0210455 0.0296765 0.039567 0.0500075 0.059875 0.0679072 0.0731646 0.075337 0.07469 0.0717872 0.0672401 0.0615925 0.0552933 0.0486929 0.0420498 0.0355483 0.0293242 0.0234906 0.0181571 0.0134366 0.00943582 0.00622958 0.00383079
 0.00896319 0.0145381 0.0218294 0.0307285 0.0408762 0.0515109 0.061446 0.0693656 0.0743159 0.0760255 0.0748414 0.0714194 0.0664443 0.0605002 0.0540434 0.0474081 0.0408239 0.0344438 0.0283764 0.0227139 0.0175499 0.0129861 0.00912074 0.00602349 0.00370572
#pred catch len freq
 0.00338254 0.00540438 0.00799174 0.0111385 0.014867 0.0192022 0.0241082 0.0294502 0.03501 0.040529 0.0457483 0.0504456 0.0544662 0.0577338 0.0602318 0.0619732 0.0629759 0.06324 0.0627063 0.061194 0.0583662 0.0538112 0.0472823 0.0389936 0.0297479
 0.00362063 0.00574135 0.00841043 0.0116029 0.0153467 0.0197034 0.0246847 0.0301759 0.0359202 0.0415647 0.0467437 0.0511753 0.0547322 0.0574477 0.0594539 0.0608928 0.0618422 0.0622699 0.0620081 0.0607402 0.0580307 0.0534513 0.0468179 0.0384391 0.0291842
 0.0037373 0.00594989 0.00875587 0.0121303 0.0160818 0.0206294 0.0257338 0.0312508 0.03694 0.0424999 0.0476056 0.0519611 0.0553704 0.0577981 0.0593723 0.0603186 0.0608466 0.061032 0.0607326 0.0595707 0.0570099 0.0525453 0.0459792 0.037657 0.0284917
 0.00389601 0.00619458 0.00910334 0.0125978 0.0166962 0.0214325 0.0267723 0.0325466 0.0384537 0.044115 0.0491538 0.0532776 0.0563401 0.0583587 0.0594861 0.0599534 0.0599949 0.0597485 0.0591469 0.0578529 0.0553143 0.0509738 0.044585 0.0364701 0.0275356
 0.00411612 0.00653771 0.00959264 0.0132463 0.0175076 0.0224038 0.0278964 0.0338154 0.0398583 0.0456365 0.0507423 0.0548315 0.0577076 0.0593702 0.0599983 0.0598797 0.0593127 0.0584966 0.0574243 0.0558133 0.0531436 0.048856 0.0426705 0.0348609 0.0262816
 0.00434037 0.00689529 0.0101188 0.0139718 0.0184562 0.0235869 0.0293043 0.0354095 0.041572 0.0473856 0.0524383 0.0563902 0.0590457 0.0603948 0.060602 0.059953 0.0587714 0.0573125 0.055646 0.0535705 0.0506328 0.0463086 0.0403092 0.032857 0.0247272
 0.00461072 0.00731794 0.0107254 0.0147856 0.0194952 0.0248648 0.0308253 0.0371561 0.0434926 0.0493889 0.0544004 0.0581727 0.0605198 0.061457 0.0611748 0.0599743 0.058188 0.0560905 0.053798 0.0511852 0.0478872 0.0434487 0.0376019 0.0305281 0.0229107
 0.00493851 0.00783024 0.0114593 0.0157659 0.020735 0.0263667 0.0325761 0.0391199 0.0456054 0.0515585 0.0565098 0.0600875 0.0621009 0.062578 0.061737 0.0599123 0.0574663 0.0547 0.0517645 0.0485925 0.0448998 0.0403114 0.0346003 0.0279209 0.0208634
 0.0052372 0.00830505 0.0121552 0.0167209 0.0219783 0.0279128 0.0344146 0.0412053 0.047854 0.0538547 0.058718 0.0620664 0.0637169 0.0637152 0.0623036 0.0598431 0.056723 0.0532738 0.0496849 0.0459452 0.0418463 0.0370916 0.031501 0.0252108 0.0187223
 0.00557639 0.0088326 0.0129069 0.0177204 0.0232411 0.0294497 0.0362268 0.0432703 0.0501113 0.0561982 0.0610016 0.0641234 0.0653863 0.064865 0.062842 0.0597172 0.0559114 0.0517818 0.0475511 0.0432583 0.0387654 0.0338504 0.0283802 0.0224763 0.0165559
 0.00586671 0.00929614 0.0135896 0.0186618 0.0244703 0.0309785 0.0380391 0.0453163 0.0523083 0.0584389 0.0631621 0.0660693 0.0669809 0.0659817 0.0633793 0.0596087 0.0551291 0.0503339 0.0454828 0.0406631 0.0357995 0.030737 0.0253844 0.01985 0.0144724
 0.00608624 0.00965046 0.0141201 0.0194102 0.0254776 0.0322782 0.039645 0.0472063 0.0544136 0.0606428 0.0653131 0.068004 0.0685495 0.0670663 0.0638991 0.0595168 0.054407 0.0489913 0.0435633 0.0382559 0.0330526 0.0278581 0.0226178 0.0174258 0.0125488
 0.00631138 0.0100054 0.0146354 0.0201116 0.0263875 0.0334157 0.0410203 0.0488104 0.0562076 0.0625505 0.0672209 0.0697704 0.0700249 0.068117 0.0644266 0.0594662 0.0537639 0.0477745 0.0418228 0.0360799 0.030578 0.0252726 0.020139 0.0152576 0.0108302
 0.00655077 0.0103833 0.0151838 0.0208556 0.0273438 0.0345906 0.0424031 0.0503671 0.0578785 0.0642537 0.0688582 0.0712352 0.0712104 0.0689262 0.0647824 0.0593194 0.0530972 0.0466033 0.0401959 0.0340822 0.0283363 0.0229543 0.0179335 0.0133394 0.00931584
 0.00673057 0.0106756 0.0156246 0.0214802 0.0281826 0.0356604 0.0436961 0.0518423 0.0594614 0.0658445 0.0703455 0.0725114 0.0721844 0.0695313 0.0649772 0.0590844 0.0524316 0.0455247 0.0387451 0.0323304 0.0263915 0.0209587 0.0160469 0.0117068 0.00803196
 0.00693519 0.0109968 0.0160882 0.0221068 0.0289895 0.0366611 0.0448941 0.0532189 0.060964 0.0673813 0.071794 0.0737388 0.0730747 0.0700074 0.0650091 0.0586825 0.0516325 0.0443787 0.0373116 0.0306826 0.0246237 0.0191883 0.0144021 0.0103012 0.00693702
 0.0070785 0.0112206 0.016409 0.0225364 0.0295371 0.0373345 0.0456985 0.0541515 0.0620074 0.0684975 0.0729196 0.0747866 0.0739437 0.0706005 0.0652534 0.0585439 0.0511176 0.0435278 0.0361871 0.0293624 0.0231993 0.017763 0.0130821 0.00917746 0.00606461
 0.00721273 0.0114163 0.0166624 0.0228313 0.029852 0.0376542 0.0460217 0.0544927 0.0623901 0.068944 0.0734403 0.0753703 0.0745518 0.0711683 0.0657 0.0587897 0.0511037 0.0432296 0.035619 0.0285739 0.0222667 0.0167792 0.0121423 0.00836268 0.00542509
 0.00739047 0.0116813 0.0170159 0.0232572 0.030319 0.0381223 0.0464496 0.0548449 0.0626462 0.0691071 0.073538 0.0754442 0.0746399 0.0712865 0.0658326 0.0588918 0.0511156 0.0430963 0.0353089 0.0280903 0.021649 0.0160934 0.0114657 0.00776409 0.00494957
 0.00750313 0.0118605 0.0172773 0.0236108 0.0307648 0.0386444 0.0470113 0.0553899 0.0631092 0.0694314 0.0736931 0.0754359 0.0745071 0.0710861 0.0656179 0.0586923 0.0509281 0.0428909 0.0350473 0.0277463 0.021223 0.0156152 0.010984 0.00733008 0.00459999
 0.00752224 0.0119032 0.0173639 0.0237687 0.0310237 0.0390265 0.0475203 0.0560017 0.0637699 0.070063 0.0742086 0.0757615 0.074604 0.0709625 0.0653237 0.058298 0.0504982 0.0424649 0.0346352 0.0273401 0.0208141 0.0152077 0.0105975 0.00699095 0.0043298
 0.00764472 0.0120769 0.0175795 0.0240052 0.0312593 0.0392537 0.047754 0.0562738 0.0641091 0.0704723 0.0746529 0.0761729 0.0749031 0.071086 0.0652457 0.058037 0.0501061 0.0420052 0.0341616 0.0268857 0.0203936 0.0148274 0.0102643 0.00671394 0.00411606
 0.00763215 0.0120703 0.0175941 0.0240604 0.0313702 0.0394202 0.047956 0.0564791 0.0642922 0.0706309 0.0748081 0.0763499 0.0751068 0.0712888 0.0653978 0.0580901 0.0500366 0.0418221 0.0338983 0.0265831 0.0200871 0.0145417 0.0100145 0.00650919 0.00396016
 0.00749782 0.0118732 0.0173379 0.0237653 0.0310704 0.0391576 0.0477715 0.0564033 0.064336 0.0707818 0.0750362 0.0766229 0.0754026 0.0715962 0.0657048 0.0583741 0.0502656 0.0419676 0.0339485 0.0265477 0.0199907 0.0144139 0.00988123 0.00638911 0.00386387
 0.00751231 0.0118743 0.0172992 0.0236513 0.0308496 0.0388217 0.0473505 0.0559647 0.0639658 0.0705555 0.0749942 0.0767612 0.0756809 0.0719566 0.0660916 0.0587441 0.050589 0.0422235 0.0341246 0.0266419 0.0200129 0.0143839 0.00982271 0.00632313 0.00380496
 0.00748539 0.0118322 0.0172368 0.0235596 0.0307113 0.0386088 0.0470297 0.0555141 0.0633989 0.0699367 0.0744316 0.0763734 0.0755527 0.0721089 0.0664795 0.0592811 0.051179 0.042786 0.0346051 0.027013 0.0202706 0.0145412 0.00990318 0.00635316 0.00380777
 0.0074158 0.0117314 0.017108 0.0234133 0.0305618 0.038467 0.0468967 0.0553772 0.0632339 0.0697183 0.074151 0.0760551 0.075258 0.0719175 0.0664566 0.0594482 0.0515057 0.0432053 0.0350406 0.0274025 0.020578 0.0147568 0.0100367 0.00642487 0.00383971
 0.0074262 0.0117346 0.017088 0.0233486 0.030433 0.0382679 0.046642 0.0551004 0.062974 0.0695031 0.073987 0.0759304 0.0751577 0.071841 0.0664244 0.0594925 0.0516501 0.0434472 0.035348 0.0277263 0.0208712 0.014989 0.0101989 0.00652481 0.00389364
 0.00735142 0.0116259 0.0169472 0.0231827 0.0302483 0.0380638 0.0464091 0.0548287 0.0626666 0.0691859 0.0737054 0.0757325 0.0750735 0.0718725 0.0665529 0.0596941 0.0519071 0.0437479 0.0356781 0.0280626 0.0211841 0.0152518 0.0103968 0.00665785 0.00397329
 0.00718701 0.0113786 0.0166126 0.0227709 0.029782 0.0375736 0.0459287 0.0543903 0.062296 0.0688999 0.0735135 0.075643 0.0750975 0.07202 0.0668232 0.0600697 0.0523562 0.0442329 0.036164 0.0285199 0.0215884 0.0155851 0.0106501 0.0068335 0.00408343
 0.00700896 0.0111101 0.0162479 0.0223188 0.0292636 0.0370181 0.0453709 0.0538698 0.0618546 0.0685751 0.073331 0.075611 0.0752077 0.0722539 0.0671589 0.0604853 0.0528288 0.0447362 0.0366683 0.0289955 0.0220094 0.0159332 0.010917 0.00702154 0.00420421
