SBPRF35
9.87573
Curr Bio
730329
B35
734918
F35
0.192453
FOFL
0.187478
OFL
106500
Bzero
2.82164e+006
#pred survey bio
 3.33114e+006 3.07807e+006 2.78639e+006 2.48153e+006 2.22e+006 1.97e+006 1.76433e+006 1.56135e+006 1.37818e+006 1.20643e+006 1.06583e+006 960408 847942 751372 710733 659236 635369 607085 591246 571163 572456 564486 574305 572392 572463 570960 556103 560715 562076 557783 549880 529007 515111 507910 513772 515974 519645 525046 527967 538085 530866 533730 546518 548411 559508 551999 559258 535338 539183 603217 706017 741077 735054 736286 2.52871e+007 1.55239e+007 1.60238e+007 1.67826e+007 1.76699e+007 1.85539e+007 1.93521e+007 2.00279e+007 2.05751e+007 2.10049e+007 2.13355e+007 2.15863e+007 2.17751e+007 2.19166e+007 2.20224e+007 2.21017e+007 2.21613e+007 2.22063e+007 2.22403e+007 2.22663e+007 2.22861e+007 2.23013e+007 2.23131e+007 2.23222e+007 2.23293e+007 2.23348e+007 2.23391e+007 2.23425e+007 2.23452e+007 2.23473e+007 2.23489e+007 2.23502e+007 2.23513e+007 2.23521e+007 2.23527e+007 2.23532e+007 2.23537e+007 2.2354e+007 2.23542e+007 2.23544e+007 2.23546e+007 2.23547e+007 2.23548e+007 2.23549e+007 2.2355e+007 2.2355e+007 2.23551e+007 2.23551e+007 2.23551e+007 2.23552e+007 2.23552e+007 2.23552e+007 2.23552e+007 2.23552e+007 2.23552e+007 2.23552e+007 2.23552e+007 2.23552e+007 2.23552e+007 2.23552e+007 2.23552e+007 2.23552e+007 2.23552e+007 2.23552e+007 2.23553e+007 2.23553e+007 2.23553e+007 2.23553e+007 2.23553e+007 2.23553e+007 2.23553e+007 2.23553e+007 2.23553e+007 2.23553e+007 2.23553e+007 2.23553e+007 2.23553e+007 2.23553e+007 2.23553e+007 2.23553e+007 2.23553e+007 2.23553e+007 2.23553e+007 2.23553e+007 2.23553e+007 2.23553e+007 2.23553e+007 2.23553e+007 2.23553e+007 2.23553e+007 2.23553e+007 2.23553e+007 2.23553e+007 2.23553e+007 2.23553e+007 2.23553e+007 2.23553e+007 2.23553e+007 2.23553e+007 2.23553e+007 0 0 0 0 0 0 0 0 0 0 0 0 0 0 0 0 0 0 0 0 0 0 0 0 0
#obs survey bio
 2.14277e+006 2.69381e+006 1.83628e+006 2.8711e+006 1.16239e+006 1.60427e+006 1.76632e+006 1.2204e+006 1.55054e+006 1.27718e+006 931156 715130 922173 576281 1.03642e+006 604193 530495 511998 510402 739373 526704 399903 538606 536876 420951 396099 601340 490468 546604 556044 925674 544062 448981 453701 528726 674289 615143 461588 505322 570088 358093 489121 685839 496343 966060 575994 506069 587639 371576 614514 665393 731572 742466 848920
#pred catch bio
 233979 284929 315952 296236 304131 279964 289604 280233 274736 249358 219253 223129 204160 152078 158089 131810 133423 120591 121790 101868 108632 93317.2 103113 100582 100854 109940 91157.6 91839.7 93500.1 92469.9 98807 90670 87491.1 81053.5 87422.2 87269.1 86184.2 88530 83122.3 98357.5 90865.2 84910.6 95791.9 88595.5 103488 90078.3 116207 94477.9 50644.3 27296.9 89267.6 124841 120010 132880 106500 111261 113897 118296 123921 129616 134698 138896 142186 144666 146483 147785 148701 149338 149775 150074 150275 150411 150502 150563 150603 150630 150648 150660 150668 150673 150676 150678 150680 150681 150682 150682 150682 150682 150683 150683 150683 150683 150683 150683 150683 150683 150683 150683 150683 150683 150683 150683 150683 150683 150683 150683 150683 150683 150683 150683 150683 150683 150683 150683 150683 150683 150683 150683 150683 150683 150683 150683 150683 150683 150683 150683 150683 150683 150683 150683 150683 150683 150683 150683 150683 150683 150683 150683 150683 150683 150683 150683 150683 150683 150683 150683 150683 150683 150683 150683 150683 150683 150683 150683 0 0 0 0 0 0 0 0 0 0 0 0 0 0 0 0 0 0 0 0 0 0 0 0 0
#obs catch bio
 247643 286190 318556 297719 308398 283574 293326 284677 277999 252762 222114 227219 207070 153413 159309 133053 135630 121844 123909 102549 109631 94087.2 104012 101389 101690 111392 91723.2 92673.9 93914.1 92560.7 98292.5 89968.6 87142.3 80764.8 87357.6 86808.5 85633.4 88055.9 82501.6 97758.1 90521.1 84975 96361.7 88763.9 103489 89223 115320 94154.3 50719.8 26948.5 90190.2 125692 120084 133002
#pred cpue bio
 3.27678e+006 3.02563e+006 2.73607e+006 2.43262e+006 2.17213e+006 1.92341e+006 1.71897e+006 1.51771e+006 1.33639e+006 1.16675e+006 1.02798e+006 924062 813911 719757 680322 630266 606971 579536 564295 545045 546631 539010 548596 546874 547131 545928 531828 536814 538804 535344 528465 508732 494614 486000 490583 492664 496570 502035 504889 514663 507408 509714 521794 523607 534650 527735 534925 511118 513766 575464 676188 711006 704467 704740 2.41999e+007 1.48714e+007 1.53026e+007 1.59853e+007 1.68465e+007 1.77246e+007 1.85217e+007 1.91973e+007 1.97444e+007 2.01742e+007 2.05048e+007 2.07557e+007 2.09445e+007 2.10859e+007 2.11918e+007 2.12711e+007 2.13307e+007 2.13756e+007 2.14097e+007 2.14356e+007 2.14554e+007 2.14707e+007 2.14824e+007 2.14915e+007 2.14986e+007 2.15041e+007 2.15085e+007 2.15119e+007 2.15145e+007 2.15166e+007 2.15183e+007 2.15196e+007 2.15206e+007 2.15214e+007 2.15221e+007 2.15226e+007 2.1523e+007 2.15233e+007 2.15236e+007 2.15238e+007 2.1524e+007 2.15241e+007 2.15242e+007 2.15243e+007 2.15243e+007 2.15244e+007 2.15244e+007 2.15245e+007 2.15245e+007 2.15245e+007 2.15245e+007 2.15245e+007 2.15246e+007 2.15246e+007 2.15246e+007 2.15246e+007 2.15246e+007 2.15246e+007 2.15246e+007 2.15246e+007 2.15246e+007 2.15246e+007 2.15246e+007 2.15246e+007 2.15246e+007 2.15246e+007 2.15246e+007 2.15246e+007 2.15246e+007 2.15246e+007 2.15246e+007 2.15246e+007 2.15246e+007 2.15246e+007 2.15246e+007 2.15246e+007 2.15246e+007 2.15246e+007 2.15246e+007 2.15246e+007 2.15246e+007 2.15246e+007 2.15246e+007 2.15246e+007 2.15246e+007 2.15246e+007 2.15246e+007 2.15246e+007 2.15246e+007 2.15246e+007 2.15246e+007 2.15246e+007 2.15246e+007 2.15246e+007 2.15246e+007 2.15246e+007 2.15246e+007 2.15246e+007 2.15246e+007 2.15246e+007 0 0 0 0 0 0 0 0 0 0 0 0 0 0 0 0 0 0 0 0 0 0 0 0 0
#obs cpue bio
 4.19289e+006 2.84e+006 2.845e+006 2.27087e+006 1.89011e+006 1.91434e+006 1.88429e+006 1.31802e+006 1.46182e+006 816157 901815 912216 788743 732376 582989 418322 461961 698742 408112 506965 575359 496038 651378 491452 622513 622315 490685 484600 758158 639974 586505 603068 493841 503671 447587 546301 488717 613999 582632 583110 608410 354383 346002 571092 489238 779257 770767 423535 386614 546908 590573 747327 804987 713754
#pred surv len freq
 0.00563611 0.00909243 0.0135731 0.0190157 0.0252586 0.0319637 0.0385822 0.044476 0.049153 0.0524328 0.0544284 0.055407 0.0556579 0.0554236 0.0548739 0.0541014 0.0531327 0.0519422 0.0504453 0.0484634 0.0457002 0.0418015 0.0365382 0.0300338 0.022867
 0.00596091 0.00953912 0.0141008 0.0195513 0.025737 0.032381 0.0390216 0.0450768 0.0500287 0.0535861 0.0557206 0.0566031 0.0565212 0.0558052 0.0547555 0.0535803 0.0523646 0.0510711 0.0495499 0.0475434 0.0447087 0.040705 0.0353645 0.028877 0.0218466
 0.00628268 0.0100728 0.0149174 0.0207073 0.0272443 0.0341725 0.0409392 0.0469074 0.0515853 0.0547846 0.0565914 0.0572257 0.0569338 0.0559613 0.0545565 0.05295 0.0513063 0.0496696 0.0479273 0.0458073 0.0429306 0.0389369 0.0336706 0.0273466 0.0205725
 0.00664262 0.0106428 0.0157491 0.0218442 0.0287194 0.0359992 0.0430902 0.0492887 0.0540245 0.0570512 0.0584532 0.0585175 0.057598 0.056033 0.0541058 0.052031 0.0499487 0.0479083 0.0458321 0.0434872 0.0405165 0.0365641 0.0314706 0.0254384 0.0190436
 0.00694371 0.0111274 0.0164695 0.0228462 0.0300351 0.0376362 0.0450192 0.051439 0.0562896 0.0592986 0.0605303 0.0602585 0.0588442 0.0566657 0.054074 0.0513525 0.0486861 0.0461429 0.0436563 0.0410146 0.037891 0.0339553 0.0290535 0.0233636 0.0174072
 0.00721908 0.0115743 0.0171409 0.023792 0.0312938 0.0392214 0.0469045 0.0535509 0.0585154 0.0615053 0.0625828 0.062029 0.0602134 0.0575246 0.0543333 0.0509584 0.0476341 0.0444807 0.0414783 0.0384554 0.0351217 0.0311755 0.0264693 0.0211511 0.0156749
 0.00746006 0.011957 0.017701 0.0245596 0.0322916 0.040461 0.0483782 0.0552246 0.0603263 0.0633663 0.0643902 0.0636721 0.0615823 0.0585159 0.0548541 0.0509317 0.0470093 0.0432481 0.0396833 0.0362056 0.0325846 0.0285623 0.0240033 0.0190244 0.0140069
 0.00770451 0.012356 0.018304 0.0254122 0.0334254 0.0418784 0.0500385 0.0570426 0.0621885 0.0651565 0.0660102 0.0650463 0.0626522 0.0592308 0.0551645 0.0507879 0.0463666 0.0420802 0.038002 0.0340812 0.0301565 0.0260296 0.0215908 0.0169322 0.0123625
 0.00795851 0.0127608 0.018899 0.0262304 0.0344897 0.0431942 0.0515835 0.0587574 0.0639783 0.0669032 0.0675912 0.0663554 0.0636129 0.0597998 0.0553232 0.0505277 0.0456782 0.0409546 0.0364459 0.0321412 0.0279395 0.0237039 0.0193598 0.0149856 0.0108262
 0.00827443 0.0132601 0.0196236 0.0272091 0.035733 0.0446867 0.0532749 0.060561 0.0657811 0.0685854 0.0690443 0.0674917 0.0643699 0.0601416 0.0552393 0.0500276 0.0447815 0.0396838 0.0348289 0.030227 0.025818 0.0215145 0.0172753 0.0131719 0.00939563
 0.00854081 0.0136863 0.0202518 0.0280735 0.0368527 0.0460551 0.0548485 0.0622557 0.0674828 0.070171 0.0704027 0.0685369 0.0650452 0.0604182 0.0551117 0.0495082 0.0438946 0.0384612 0.0333108 0.0284695 0.0239053 0.0195661 0.0154349 0.011577 0.00813955
 0.00855956 0.0137474 0.0204007 0.0283725 0.037367 0.0468304 0.055889 0.0635162 0.068877 0.07159 0.071734 0.0696787 0.0659155 0.06096 0.0552948 0.0493261 0.0433597 0.0376002 0.0321637 0.0270932 0.0223801 0.017998 0.0139464 0.0102827 0.00711741
 0.00868147 0.013943 0.020692 0.0287819 0.0379184 0.0475462 0.0567836 0.0645835 0.0700792 0.0728523 0.072952 0.0707367 0.0667116 0.0614244 0.0553968 0.0490687 0.0427692 0.0367168 0.0310374 0.0257856 0.0209688 0.0165778 0.0126207 0.00914471 0.00622711
 0.00894923 0.0143443 0.0212328 0.0294464 0.0386748 0.0483583 0.0576183 0.0654143 0.0708851 0.0736156 0.073652 0.0713434 0.0671814 0.0617056 0.0554413 0.0488457 0.0422728 0.0359663 0.0300727 0.0246638 0.0197623 0.0153715 0.0115031 0.00819226 0.00548661
 0.00901912 0.0144425 0.0213518 0.0295692 0.0387796 0.0484268 0.0576443 0.06541 0.0708822 0.073661 0.0737967 0.0716241 0.0676026 0.0622289 0.0559901 0.0493244 0.0425916 0.0360631 0.029925 0.0242895 0.0192138 0.0147245 0.0108424 0.00759397 0.00500295
 0.00927037 0.0148275 0.0218863 0.030248 0.0395745 0.0492847 0.0584885 0.0661479 0.0714253 0.0739508 0.0738248 0.0714348 0.0672753 0.0618495 0.055622 0.0489905 0.0422742 0.03572 0.0295133 0.0237874 0.0186313 0.0141014 0.0102354 0.00705879 0.00457767
 0.00922945 0.0147817 0.0218555 0.0302637 0.0396708 0.0494854 0.0587946 0.0665332 0.0718423 0.0743432 0.0741415 0.0716427 0.067367 0.0618439 0.055555 0.048898 0.0421754 0.0356096 0.0293677 0.0235808 0.0183531 0.013766 0.00987817 0.00672292 0.00429834
 0.00931289 0.0149006 0.0220044 0.03043 0.0398421 0.0496592 0.0589829 0.0667564 0.0721139 0.0746551 0.0744587 0.071913 0.0675406 0.0618919 0.0554784 0.0487234 0.0419412 0.0353488 0.0290974 0.0233024 0.0180629 0.0134662 0.00958329 0.00645541 0.0040789
 0.00922367 0.0147768 0.021857 0.0302808 0.0397162 0.0495739 0.0589418 0.0667533 0.0721447 0.0747265 0.0745864 0.0721077 0.0677935 0.0621705 0.0557375 0.0489236 0.042062 0.0353904 0.0290722 0.0232251 0.0179457 0.0133208 0.00942427 0.00630052 0.00394503
 0.00929756 0.0148735 0.0219602 0.0303637 0.0397523 0.0495517 0.058874 0.0666724 0.072086 0.0747112 0.0746154 0.0721696 0.0678755 0.0622639 0.055834 0.0490103 0.0421222 0.0354098 0.0290449 0.0231547 0.0178423 0.0131975 0.00929518 0.00617931 0.00384281
 0.00933582 0.0149125 0.0219756 0.0303175 0.0396017 0.0492649 0.0584466 0.0661365 0.071509 0.0741821 0.0742234 0.0719795 0.0679104 0.0625023 0.0562219 0.0494797 0.0426076 0.0358578 0.0294191 0.0234369 0.0180308 0.0133038 0.00933849 0.00618167 0.00382448
 0.00941562 0.0150446 0.0221765 0.0305984 0.0399586 0.0496675 0.0588327 0.0664216 0.0716126 0.0740607 0.0738919 0.0715083 0.0674005 0.062051 0.0558948 0.0492983 0.0425544 0.0358921 0.0294944 0.0235146 0.0180867 0.013329 0.00933615 0.00616149 0.00379746
 0.00928796 0.0148502 0.0219097 0.030266 0.0395818 0.0492816 0.0584831 0.066154 0.0714567 0.074017 0.073931 0.0715883 0.0674911 0.0621485 0.0560191 0.0494758 0.0427979 0.0361908 0.0298179 0.0238245 0.0183508 0.0135292 0.00947045 0.00624016 0.00383652
 0.00924473 0.0147859 0.0218242 0.0301625 0.0394664 0.0491612 0.0583651 0.0660474 0.0713725 0.073966 0.0739186 0.071609 0.0675287 0.0621842 0.0560432 0.0494946 0.0428301 0.0362551 0.0299201 0.0239543 0.0184867 0.0136496 0.00956167 0.00629926 0.00386885
 0.00916648 0.014666 0.0216576 0.0299506 0.0392169 0.0488888 0.0580912 0.0657977 0.0711733 0.0738383 0.0738737 0.0716468 0.0676385 0.0623469 0.0562352 0.0496946 0.0430249 0.0364416 0.0301008 0.0241298 0.0186516 0.0137938 0.00967594 0.00637996 0.0039191
 0.00900069 0.0144229 0.0213408 0.0295805 0.0388252 0.0485087 0.0577503 0.0655166 0.0709669 0.0737179 0.0738464 0.0717136 0.0677929 0.0625743 0.0565148 0.0500021 0.043337 0.03674 0.0303745 0.0243734 0.018862 0.0139679 0.00981138 0.00647701 0.00398211
 0.00896989 0.0143709 0.02126 0.0294648 0.038674 0.0483315 0.0575682 0.0653579 0.0708567 0.0736669 0.0738478 0.0717498 0.0678465 0.0626364 0.0565851 0.0500842 0.0434327 0.0368472 0.0304876 0.0244859 0.0189677 0.0140616 0.00988875 0.0065357 0.00402241
 0.00874739 0.0140268 0.0207755 0.0288359 0.0379135 0.0474719 0.056665 0.0644901 0.0701179 0.0731468 0.073611 0.071819 0.0681982 0.0632097 0.0573003 0.0508622 0.0442087 0.0375751 0.0311381 0.0250423 0.0194231 0.0144166 0.0101503 0.00671633 0.00413809
 0.00855616 0.0137273 0.0203463 0.0282657 0.0372046 0.0466436 0.0557588 0.0635704 0.0692656 0.0724462 0.073136 0.0716221 0.0683024 0.063603 0.0579358 0.0516665 0.0450967 0.0384663 0.0319687 0.0257696 0.0200245 0.0148862 0.0104954 0.00695329 0.00428899
 0.0083075 0.0133541 0.0198422 0.0276443 0.0364941 0.0458784 0.054974 0.0628023 0.0685543 0.0718368 0.0726754 0.0713548 0.0682638 0.0638121 0.0583878 0.0523284 0.0459098 0.039355 0.0328544 0.0265848 0.0207223 0.0154431 0.0109096 0.0072394 0.00447157
 0.00825722 0.0132455 0.0196306 0.0272761 0.035925 0.0450992 0.0540303 0.0617911 0.0675952 0.0710342 0.0720943 0.0710196 0.0681735 0.0639563 0.0587529 0.0528937 0.04664 0.0401965 0.0337387 0.0274397 0.0214852 0.0160723 0.0113888 0.00757571 0.00468828
 0.00914363 0.0145032 0.021182 0.0289277 0.0374149 0.0461783 0.0545333 0.0616673 0.0668999 0.0699005 0.0706981 0.0695434 0.0667734 0.0627425 0.0577879 0.0522023 0.04622 0.0400239 0.0337695 0.0276137 0.0217356 0.0163381 0.0116254 0.00775986 0.00481562
 0.00994534 0.0157634 0.022988 0.0313048 0.0402904 0.0493446 0.0576342 0.0642465 0.0685228 0.0703003 0.0698643 0.067704 0.0642932 0.0600022 0.0550992 0.0497755 0.0441696 0.0383909 0.0325441 0.0267522 0.0211731 0.0160007 0.0114419 0.00767069 0.00477788
 0.00990071 0.0158001 0.0232451 0.0319783 0.0415811 0.0513721 0.0603545 0.0674156 0.0717294 0.0730569 0.0717264 0.0683845 0.0637356 0.0583833 0.052759 0.0471072 0.0415202 0.0360052 0.0305557 0.0252023 0.0200391 0.0152224 0.0109421 0.00737155 0.00461168
 0.0094514 0.0151361 0.0223768 0.0309796 0.0405958 0.050608 0.0600586 0.06782 0.0729659 0.0750706 0.0742424 0.0709625 0.0658991 0.0597674 0.053211 0.0467036 0.0405041 0.0346838 0.0292054 0.0240133 0.0191041 0.0145547 0.0105061 0.00711074 0.00446888
 0.00927237 0.0148314 0.0218961 0.0302761 0.0396484 0.0494534 0.0588195 0.0667072 0.0722412 0.0749751 0.0749128 0.0723658 0.0678154 0.0618379 0.0550435 0.047995 0.0411263 0.0346954 0.0287935 0.0234045 0.0184871 0.0140433 0.0101403 0.00687973 0.0043388
 0.00926533 0.0148016 0.0218156 0.0301033 0.0393333 0.0489504 0.0581065 0.0658069 0.0712395 0.0740259 0.0742182 0.0721247 0.0681515 0.0627376 0.0563385 0.0494091 0.0423696 0.0355638 0.0292243 0.023466 0.01832 0.0137912 0.00990353 0.0067043 0.00422944
 0.0092983 0.014847 0.0218675 0.0301475 0.0393464 0.0489001 0.0579541 0.0655147 0.0707844 0.0734181 0.0735184 0.0714487 0.0676515 0.0625569 0.0565543 0.0499892 0.0431732 0.0363922 0.0298985 0.0238894 0.0184951 0.0137894 0.00981564 0.00660131 0.00414813
 0.00935484 0.0149344 0.0219901 0.0303049 0.0395314 0.0490966 0.0581351 0.0656423 0.070814 0.073309 0.0732482 0.0710282 0.0671359 0.0620434 0.0561598 0.0498098 0.0432421 0.0366616 0.03026 0.0242235 0.0187213 0.0138885 0.00981768 0.00655459 0.00409272
 0.00938216 0.0149694 0.0220258 0.0303296 0.0395332 0.0490693 0.0580818 0.0655739 0.0707421 0.0732371 0.0731672 0.0709203 0.0669862 0.0618549 0.0559631 0.049659 0.0431935 0.0367446 0.0304576 0.0244784 0.0189632 0.0140668 0.00991736 0.00659079 0.00409271
 0.00965249 0.0153787 0.0225843 0.0310236 0.0403254 0.0499021 0.0588812 0.0662572 0.0712317 0.0734781 0.0731391 0.0706372 0.0664867 0.0611926 0.0552007 0.0488671 0.0424463 0.0361076 0.0299709 0.0241455 0.0187551 0.0139393 0.00983177 0.00652518 0.00404022
 0.00965865 0.0154128 0.0226793 0.0312227 0.0406682 0.0504038 0.0595159 0.0669564 0.0719011 0.0740246 0.0734935 0.0707647 0.0663867 0.0608913 0.0547428 0.0483084 0.0418484 0.0355317 0.0294688 0.0237489 0.0184702 0.0137502 0.00971172 0.00644891 0.0039905
 0.00944718 0.0151008 0.0222708 0.0307475 0.0401804 0.0499747 0.0592235 0.0668694 0.0720591 0.0744185 0.0740613 0.0714071 0.0669972 0.0613852 0.0550735 0.048469 0.0418635 0.0354452 0.029331 0.0236049 0.0183501 0.0136659 0.00966014 0.00641995 0.00397421
 0.00931618 0.0149024 0.0220003 0.0304122 0.0398006 0.0495831 0.0588651 0.0665983 0.0719299 0.0744722 0.0743094 0.0718232 0.0675189 0.0619289 0.0555566 0.0488309 0.0420782 0.0355217 0.0293036 0.0235184 0.0182458 0.0135722 0.00959013 0.00637421 0.00394715
 0.00908002 0.0145393 0.0214935 0.0297624 0.0390278 0.0487284 0.0579919 0.0657905 0.0712813 0.0740684 0.0742095 0.0720463 0.0680393 0.0626787 0.0564371 0.0497327 0.0429043 0.0362067 0.0298221 0.0238796 0.0184806 0.0137175 0.00967775 0.00642655 0.00397794
 0.00927637 0.0148058 0.0217969 0.0300388 0.0392 0.0487335 0.0578049 0.0654311 0.070803 0.0735415 0.0737066 0.0716332 0.0677679 0.0625789 0.0565092 0.0499449 0.0431998 0.0365201 0.0300978 0.0240861 0.0186124 0.0137881 0.00970832 0.00643608 0.00397898
 0.00951988 0.0151592 0.0222478 0.0305428 0.0396853 0.0491145 0.0579984 0.0653743 0.0704734 0.0729711 0.0729814 0.0708722 0.0670899 0.062073 0.0562197 0.0498707 0.043303 0.0367395 0.0303654 0.0243435 0.0188223 0.0139372 0.00980175 0.00648835 0.00400537
 0.0101264 0.0160916 0.0235479 0.0322044 0.0416465 0.0512516 0.0601229 0.0672461 0.0718424 0.0736397 0.0728594 0.0700004 0.065624 0.0602394 0.05426 0.0479922 0.0416479 0.0353764 0.0293009 0.0235439 0.0182376 0.0135184 0.009509 0.00629129 0.00387998
 0.0101123 0.0161187 0.0236806 0.0325321 0.0422589 0.0521997 0.0613833 0.0687098 0.0733339 0.074956 0.0738135 0.0704574 0.065528 0.0596245 0.0532421 0.0467395 0.0403382 0.0341575 0.0282662 0.0227292 0.0176341 0.0130929 0.00922147 0.00610507 0.00376528
 0.00945026 0.0151019 0.0222671 0.030739 0.0401763 0.0500002 0.0593206 0.0670856 0.0724256 0.0749266 0.0746521 0.0719828 0.0674509 0.0616352 0.0550879 0.0482697 0.0415104 0.0350113 0.02888 0.0231805 0.0179772 0.0133563 0.00941765 0.00624201 0.0038529
 0.00899551 0.0143362 0.0210695 0.0289909 0.0378006 0.0470199 0.0559118 0.0635883 0.0692886 0.0726043 0.0734917 0.0721406 0.0688588 0.0640252 0.0580674 0.0514248 0.0444998 0.0376189 0.0310179 0.0248549 0.0192432 0.0142824 0.0100687 0.00667628 0.00412381
 0.00928413 0.0147618 0.0216227 0.0296184 0.0383985 0.0474362 0.0559644 0.0631076 0.0681849 0.0709342 0.0714825 0.0701453 0.0672521 0.0630863 0.0578998 0.0519436 0.0454856 0.0388072 0.0321828 0.0258552 0.0200244 0.0148509 0.0104596 0.0069312 0.0042806
 0.00943349 0.0150535 0.0221485 0.0304827 0.039679 0.0491252 0.0579193 0.0650474 0.0697479 0.0717797 0.0713965 0.0691126 0.0654696 0.0609098 0.0557372 0.0501337 0.0442105 0.0380748 0.0318749 0.0258067 0.0200912 0.0149416 0.0105339 0.00698055 0.00430975
 0.0090044 0.0144553 0.0214364 0.0297817 0.0391631 0.0489748 0.0582719 0.0659535 0.0711377 0.0734511 0.0730412 0.0703916 0.06612 0.0608358 0.055042 0.0490724 0.0430881 0.0371374 0.0312443 0.0254793 0.0199849 0.0149559 0.0105906 0.0070366 0.00434992
#obs surv len freq
 0.00497135 0.00814236 0.0123837 0.0177083 0.0239892 0.0308604 0.0376964 0.0437746 0.048546 0.0518116 0.0536913 0.0544706 0.0544683 0.0539793 0.0532622 0.0525296 0.0519261 0.0514865 0.0510728 0.0503159 0.0486337 0.0453954 0.0402241 0.0332887 0.0253716
 0.00518287 0.00849039 0.0129153 0.0184701 0.0250187 0.0321715 0.0392646 0.045531 0.0503866 0.0536157 0.0553411 0.0558623 0.0555155 0.0546134 0.0534313 0.0522002 0.0510886 0.0501629 0.0493235 0.0482439 0.0463823 0.0431367 0.0381347 0.0315158 0.024001
 0.00541106 0.00886234 0.0134772 0.0192665 0.026085 0.0335218 0.0408784 0.0473467 0.0523079 0.0555279 0.0571267 0.057412 0.0567339 0.0554209 0.0537646 0.0520126 0.0503523 0.048877 0.0475266 0.0460279 0.0438983 0.0405848 0.0357325 0.0294525 0.0223927
 0.00565704 0.00926515 0.0140888 0.0201368 0.0272521 0.0349968 0.0426299 0.0492968 0.0543444 0.0575266 0.0589712 0.0590026 0.0579872 0.0562664 0.0541422 0.0518712 0.0496534 0.0476028 0.045696 0.0437164 0.0412523 0.0378166 0.0330877 0.0271542 0.0205855
 0.00589309 0.00965416 0.0146841 0.0209917 0.0284096 0.0364736 0.0443992 0.0512822 0.0564302 0.0595803 0.0608658 0.0606298 0.059262 0.0571246 0.0545339 0.0517548 0.0489929 0.0463742 0.0439043 0.0414197 0.0385833 0.0349845 0.0303476 0.0247476 0.0186768
 0.00614723 0.0100663 0.0153027 0.0218619 0.0295659 0.0379272 0.0461247 0.0532109 0.0584578 0.0615845 0.0627243 0.0622334 0.0605209 0.0579701 0.0549163 0.0516377 0.0483481 0.0451824 0.0421678 0.0391862 0.0359711 0.0321902 0.0276209 0.0223332 0.0167481
 0.00637908 0.010451 0.0158958 0.0227189 0.0307302 0.0394113 0.0478922 0.0551733 0.0604901 0.0635531 0.0645096 0.0637401 0.0616768 0.0587214 0.0552227 0.0514687 0.0476802 0.0440009 0.0404765 0.0370285 0.0334539 0.0294945 0.0249815 0.0199858 0.014864
 0.00660958 0.0108289 0.0164708 0.0235399 0.0318368 0.0408189 0.0495764 0.0570616 0.0624699 0.0654904 0.0662724 0.0652155 0.0627812 0.059402 0.0554515 0.0512327 0.0469726 0.0428193 0.0388316 0.0349632 0.0310659 0.0269481 0.0224911 0.0177689 0.013081
 0.00684951 0.0112206 0.017063 0.0243787 0.0329557 0.042225 0.0512354 0.0588939 0.0643615 0.0673154 0.0679124 0.0665713 0.0637764 0.0599841 0.0555914 0.0509205 0.0462114 0.0416205 0.0372182 0.0329835 0.0288126 0.0245698 0.0201792 0.0157173 0.0114326
 0.00705412 0.0115584 0.017581 0.0251232 0.0339631 0.043506 0.0527601 0.0605864 0.0661119 0.0690013 0.0694201 0.067808 0.0646742 0.0604984 0.0556976 0.05061 0.0454878 0.040498 0.0357247 0.0311705 0.0267691 0.0224298 0.018111 0.0138888 0.00996661
 0.00727354 0.0119162 0.0181214 0.0258876 0.0349814 0.0447832 0.0542623 0.0622365 0.0677992 0.0706026 0.0708212 0.0689175 0.0654293 0.0608652 0.055666 0.0501871 0.0446908 0.0393514 0.034263 0.0294472 0.0248684 0.0204721 0.0162424 0.0122518 0.00866257
 0.00744919 0.0122046 0.0185604 0.0265142 0.0358237 0.0458491 0.055527 0.0636383 0.0692479 0.0719961 0.0720616 0.0699219 0.066135 0.0612316 0.0556746 0.0498385 0.0440006 0.0383462 0.0329805 0.0279415 0.0232182 0.0187841 0.0146416 0.0108572 0.00755659
 0.00753324 0.0123474 0.0187873 0.0268536 0.0363028 0.0464856 0.0563207 0.0645658 0.0702642 0.073041 0.0730674 0.0708193 0.0668593 0.0617274 0.0559007 0.0497703 0.0436312 0.0376859 0.0320573 0.0268034 0.0219365 0.0174532 0.0133694 0.0097445 0.00667263
 0.00758162 0.0124212 0.0188902 0.0269881 0.0364736 0.0467025 0.0565996 0.0649254 0.0707191 0.0735927 0.0736983 0.0714919 0.0675197 0.0623128 0.0563479 0.0500243 0.0436517 0.0374529 0.0315745 0.0261008 0.0210716 0.0165071 0.0124362 0.00891252 0.00600378
 0.00765359 0.0125283 0.0190329 0.0271602 0.0366635 0.0468973 0.0567888 0.0651047 0.0708937 0.0737779 0.0739157 0.0717596 0.0678408 0.0626684 0.0566968 0.0503108 0.0438178 0.0374507 0.0313773 0.0257106 0.0205217 0.015859 0.0117677 0.00829972 0.00550244
 0.00774289 0.0126665 0.0192272 0.0274109 0.0369627 0.0472267 0.0571203 0.0654038 0.0711283 0.0739298 0.0739883 0.0717771 0.0678385 0.0626778 0.0567325 0.0503632 0.0438548 0.0374279 0.0312531 0.0254615 0.0201525 0.015404 0.0112824 0.00784411 0.00512354
 0.00780544 0.0127665 0.0193743 0.0276122 0.0372197 0.0475328 0.0574571 0.0657413 0.0714299 0.0741615 0.0741274 0.0718186 0.0677962 0.0625797 0.0566116 0.0502449 0.0437471 0.0373185 0.0311155 0.0252686 0.0198915 0.0150851 0.010937 0.00751366 0.004844
 0.00781342 0.0127795 0.0193943 0.0276416 0.0372622 0.0475934 0.0575412 0.0658528 0.0715681 0.0743188 0.0742886 0.0719642 0.0679081 0.0626477 0.0566365 0.0502366 0.0437178 0.0372741 0.0310512 0.0251719 0.0197513 0.0149016 0.010726 0.00730156 0.0046575
 0.0078597 0.0128445 0.019473 0.0277235 0.0373343 0.0476455 0.0575708 0.065866 0.0715768 0.0743358 0.074323 0.0720177 0.0679741 0.0627136 0.0566887 0.0502656 0.0437205 0.0372519 0.0310058 0.0251022 0.0196546 0.0147787 0.0105853 0.00715869 0.00452977
 0.0078672 0.0128569 0.0194915 0.0277483 0.0373628 0.0476716 0.0575848 0.065858 0.0715423 0.0742805 0.0742632 0.0719746 0.0679652 0.0627451 0.0567537 0.0503484 0.0438026 0.0373182 0.0310465 0.0251124 0.0196332 0.0147286 0.010514 0.00707797 0.00445275
 0.00788802 0.0128849 0.0195231 0.0277767 0.0373807 0.0476738 0.0575708 0.065831 0.0715065 0.0742389 0.0742178 0.0719292 0.0679274 0.0627253 0.0567604 0.0503832 0.0438588 0.0373824 0.0311041 0.0251513 0.019647 0.0147167 0.0104814 0.00703369 0.00440674
 0.00789363 0.0128915 0.0195282 0.027776 0.0373685 0.0476447 0.0575212 0.0657612 0.0714219 0.0741496 0.0741366 0.0718678 0.0678934 0.062722 0.0567874 0.0504379 0.0439356 0.0374726 0.0311958 0.0252319 0.0197065 0.0147504 0.010491 0.00702537 0.00438912
 0.00792181 0.0129321 0.0195794 0.0278324 0.0374221 0.0476867 0.0575436 0.0657582 0.0713906 0.074091 0.0740564 0.0717762 0.0678036 0.0626466 0.0567359 0.050415 0.043941 0.0375015 0.0312397 0.0252806 0.0197496 0.0147809 0.010506 0.007027 0.00438226
 0.00788051 0.0128707 0.0194976 0.0277336 0.0373121 0.0475718 0.0574298 0.0656508 0.0712953 0.0740139 0.0740033 0.0717518 0.0678099 0.0626835 0.0568014 0.0505052 0.0440508 0.0376238 0.031366 0.0254011 0.019855 0.0148642 0.0105647 0.00706275 0.00440029
 0.007892 0.0128797 0.0194939 0.0277025 0.0372401 0.0474538 0.057274 0.0654783 0.0711322 0.0738822 0.0739149 0.0717083 0.067807 0.062715 0.0568616 0.0505892 0.0441534 0.0377391 0.0314867 0.0255188 0.0199613 0.0149522 0.0106306 0.0071069 0.00442623
 0.00787156 0.01285 0.0194551 0.0276557 0.0371848 0.0473858 0.0571857 0.0653623 0.0709883 0.073722 0.0737611 0.0715873 0.0677393 0.0627085 0.056912 0.0506845 0.0442791 0.0378818 0.0316345 0.0256613 0.0200897 0.0150595 0.0107131 0.00716461 0.00446259
 0.00783342 0.0127852 0.0193529 0.0275059 0.0369822 0.047135 0.056905 0.0650807 0.0707372 0.0735258 0.0736323 0.0715286 0.0677493 0.0627849 0.0570501 0.0508748 0.0445067 0.0381281 0.0318809 0.0258916 0.0202915 0.0152251 0.0108395 0.00725361 0.00451987
 0.00782918 0.0127752 0.0193318 0.027466 0.0369142 0.0470306 0.0567595 0.0648967 0.0705266 0.0733092 0.073435 0.0713747 0.0676556 0.0627585 0.05709 0.0509741 0.0446546 0.0383102 0.0320804 0.0260909 0.0204749 0.015381 0.0109617 0.00734161 0.00457773
 0.00780289 0.0127322 0.0192667 0.0273737 0.036791 0.0468757 0.0565765 0.0646945 0.0703178 0.0731085 0.0732583 0.0712377 0.0675726 0.0627401 0.0571401 0.0510892 0.0448238 0.0385181 0.0323085 0.0263202 0.0206877 0.0155637 0.0111063 0.00744671 0.00464751
 0.00779065 0.0127096 0.0192277 0.0273112 0.0366982 0.0467493 0.0564191 0.0645147 0.0701292 0.0729262 0.0730962 0.0711075 0.0674838 0.0627004 0.057155 0.0511603 0.044948 0.038686 0.0325055 0.0265281 0.0208883 0.0157412 0.0112503 0.00755358 0.00471971
 0.00773735 0.0126265 0.0191095 0.0271551 0.0365051 0.0465238 0.0561706 0.0642584 0.0698845 0.0727136 0.0729339 0.0710082 0.0674536 0.0627387 0.0572563 0.0513166 0.0451493 0.0389207 0.0327595 0.026785 0.0211307 0.0159535 0.0114221 0.00768116 0.00480616
 0.0093326 0.0148565 0.0217944 0.029904 0.0388301 0.048022 0.0566675 0.0638338 0.0687863 0.0712337 0.0713158 0.0694161 0.0659812 0.0614324 0.0561346 0.0503816 0.0443939 0.0383321 0.0323205 0.0264753 0.0209267 0.0158302 0.0113552 0.00764959 0.00479406
 0.00930277 0.0151052 0.0226923 0.0319118 0.0422971 0.0529146 0.0623983 0.0693579 0.0729744 0.0733191 0.0711487 0.0674019 0.0628024 0.0577571 0.0524513 0.0469747 0.0413951 0.0357841 0.0302217 0.0248022 0.0196426 0.0148884 0.0107005 0.00722201 0.00453393
 0.00895962 0.0145652 0.0219349 0.0309869 0.0413793 0.0523395 0.0626221 0.0707943 0.0757466 0.0770752 0.0751068 0.0706472 0.0646703 0.0580632 0.0514592 0.0451788 0.0392877 0.0337218 0.0284035 0.0233079 0.0184815 0.0140329 0.010105 0.00683313 0.00429757
 0.00879527 0.0142862 0.0214939 0.0303358 0.0404875 0.0512276 0.061404 0.0697059 0.0751256 0.0772681 0.0763126 0.0727717 0.0672932 0.0605755 0.0533104 0.0460876 0.0392976 0.0330999 0.0274781 0.0223455 0.0176413 0.0133786 0.00963917 0.006527 0.00411179
 0.00871634 0.0141519 0.0212799 0.0300132 0.0400266 0.0506059 0.0606194 0.0687935 0.0741765 0.0764406 0.0758204 0.0728299 0.068024 0.0619174 0.0549966 0.0477323 0.0405528 0.0337882 0.0276271 0.0221217 0.0172457 0.0129691 0.00930186 0.00628789 0.00396121
 0.00869534 0.0141144 0.0212165 0.0299115 0.0398712 0.0503803 0.0603085 0.0683875 0.0736777 0.0758735 0.0752457 0.0723519 0.0677787 0.0620293 0.0555149 0.0485826 0.0415443 0.0346868 0.0282542 0.0224179 0.0172663 0.012828 0.00910968 0.00611589 0.00383761
 0.00866821 0.0140714 0.0211537 0.0298255 0.039759 0.0502391 0.0601357 0.0681807 0.0734345 0.0755931 0.0749336 0.0720288 0.0674897 0.0618446 0.0555128 0.048814 0.0419957 0.0352691 0.0288326 0.0228703 0.0175322 0.01292 0.00908682 0.00604444 0.00376436
 0.00865894 0.0140539 0.0211232 0.029776 0.0396853 0.0501389 0.0600111 0.068038 0.0732811 0.0754342 0.0747705 0.0718613 0.0673227 0.0616958 0.0554162 0.0488133 0.0421241 0.0355258 0.0291727 0.0232185 0.017816 0.0131 0.00916609 0.00605441 0.00374208
 0.00864845 0.0140417 0.0211134 0.0297745 0.039697 0.0501636 0.0600414 0.0680602 0.0732803 0.0753995 0.0746983 0.071755 0.0671904 0.0615498 0.0552748 0.0487018 0.0420711 0.0355526 0.0292795 0.0233793 0.0179876 0.0132416 0.00925596 0.00609419 0.00374817
 0.00862557 0.0140067 0.0210651 0.0297144 0.0396293 0.0500962 0.0599845 0.0680239 0.0732698 0.0754121 0.074723 0.0717763 0.0671951 0.0615316 0.0552369 0.0486562 0.0420362 0.0355477 0.0293172 0.0234583 0.0180913 0.0133453 0.00933844 0.00614615 0.00377268
 0.00863191 0.0140132 0.0210678 0.0297075 0.0396071 0.0500557 0.0599282 0.0679598 0.0732097 0.0753676 0.0747008 0.0717761 0.0672092 0.0615488 0.0552468 0.0486545 0.0420268 0.0355411 0.0293256 0.0234889 0.0181424 0.0134063 0.00939565 0.00618947 0.00379907
 0.00864749 0.0140377 0.0211027 0.0297528 0.0396604 0.050111 0.0599762 0.0679896 0.0732129 0.0753419 0.0746521 0.0717158 0.0671494 0.061497 0.0552046 0.048619 0.041995 0.0355131 0.0293056 0.0234821 0.0181511 0.0134277 0.00942278 0.00621466 0.0038175
 0.00862775 0.0140102 0.0210701 0.0297204 0.0396349 0.0500982 0.0599787 0.0680058 0.0732373 0.0753668 0.0746699 0.0717224 0.0671449 0.0614857 0.0551921 0.0486096 0.0419901 0.0355125 0.0293088 0.02349 0.0181647 0.0134465 0.00944421 0.0062349 0.00383345
 0.00864462 0.0140341 0.0210995 0.0297522 0.0396657 0.0501263 0.060005 0.0680331 0.0732675 0.0753988 0.0746985 0.0717396 0.0671439 0.0614636 0.0551518 0.0485577 0.0419349 0.035461 0.0292657 0.0234577 0.0181439 0.0134363 0.00944229 0.00623799 0.0038383
 0.0086033 0.0139747 0.0210245 0.0296686 0.0395828 0.0500524 0.0599452 0.0679898 0.0732421 0.0753936 0.0747162 0.0717809 0.0672049 0.061536 0.0552248 0.0486227 0.0419872 0.0355005 0.0292951 0.0234806 0.0181631 0.0134535 0.00945769 0.00625117 0.00384864
 0.0086033 0.0139747 0.0210245 0.0296686 0.0395828 0.0500524 0.0599452 0.0679898 0.0732421 0.0753936 0.0747162 0.0717809 0.0672049 0.061536 0.0552248 0.0486227 0.0419872 0.0355005 0.0292951 0.0234806 0.0181631 0.0134535 0.00945769 0.00625117 0.00384864
 0.00889912 0.0144358 0.0216797 0.0305268 0.0406263 0.0512292 0.0611636 0.0691236 0.0741536 0.0759666 0.0748863 0.0715475 0.0666246 0.0607022 0.0542438 0.0475932 0.040988 0.0345868 0.0285006 0.0228218 0.017643 0.0130644 0.00918373 0.00607105 0.00373892
 0.00880952 0.0143282 0.0215884 0.0305075 0.0407417 0.0515256 0.06165 0.0697642 0.074876 0.0766794 0.0754975 0.0719799 0.0668286 0.0606641 0.0539868 0.0471698 0.0404659 0.034033 0.0279707 0.0223539 0.017258 0.0127683 0.00897135 0.00592955 0.0036519
 0.00829154 0.013492 0.0203478 0.0288057 0.0385853 0.0490269 0.0590528 0.0674186 0.0731514 0.0758496 0.0756575 0.0730349 0.0685457 0.062752 0.0561684 0.04923 0.0422712 0.0355268 0.0291525 0.0232555 0.0179237 0.013243 0.00929599 0.00614051 0.00378071
 0.0079381 0.0128775 0.019351 0.0272941 0.0364526 0.0462517 0.0557554 0.0638828 0.0697877 0.0731109 0.0739358 0.0725708 0.0693733 0.0646973 0.0589032 0.0523609 0.0454313 0.0384383 0.03165 0.0252745 0.0194722 0.0143722 0.0100771 0.00664987 0.00409139
 0.00833292 0.0134776 0.0201693 0.0282961 0.0375417 0.0472604 0.0564532 0.0640177 0.0691672 0.0716939 0.0718853 0.0702301 0.067169 0.0630105 0.0579627 0.052198 0.0459044 0.0393093 0.0326709 0.0262519 0.0202931 0.0149963 0.0105136 0.00693291 0.00426177
 0.00854659 0.01387 0.020839 0.0293516 0.0390608 0.0492307 0.0587211 0.0662829 0.0710403 0.0727987 0.0719678 0.0692359 0.0652673 0.0605546 0.0553925 0.0499155 0.0441705 0.0382009 0.0321082 0.0260707 0.0203211 0.0151025 0.0106226 0.00701492 0.00431339
 0.00866685 0.0140824 0.0211927 0.0299097 0.0398941 0.0504011 0.0602543 0.0681363 0.0730762 0.0747776 0.073578 0.0701638 0.0652925 0.0596316 0.0536798 0.0477337 0.0419021 0.0361756 0.0305228 0.0249704 0.0196377 0.014718 0.0104226 0.00691561 0.00426467
#pred catch len freq
 0.00462291 0.00735137 0.0107928 0.0148855 0.0195829 0.0248212 0.0304453 0.0361847 0.0417096 0.0467118 0.0509563 0.0543024 0.0567122 0.0582397 0.0589937 0.0590936 0.0586385 0.0576878 0.0562289 0.0541258 0.0510908 0.046755 0.0408771 0.0336038 0.0255863
 0.00495084 0.00781298 0.0113604 0.0155024 0.0201975 0.0254308 0.0311171 0.0370268 0.0428004 0.0480285 0.05235 0.0555411 0.0575678 0.0585719 0.058792 0.0584643 0.0577482 0.0566905 0.0552078 0.0530784 0.0499643 0.0455122 0.0395499 0.0322979 0.0244357
 0.00528566 0.00835087 0.0121534 0.0165825 0.021558 0.0270074 0.0327845 0.0386297 0.0442139 0.0492089 0.0533314 0.056372 0.0582362 0.0589807 0.0588051 0.0579873 0.056784 0.0553351 0.0535979 0.0513329 0.0481596 0.0437015 0.0377995 0.0307032 0.0230987
 0.00563859 0.00890232 0.0129448 0.0176454 0.0229173 0.0286796 0.0347611 0.040849 0.0465385 0.0514343 0.0552346 0.0577806 0.0590738 0.059257 0.0585625 0.0572533 0.0555684 0.053663 0.0515408 0.0490087 0.0457107 0.0412733 0.0355325 0.0287249 0.021505
 0.00596855 0.0094217 0.0136958 0.0186593 0.0242139 0.0302651 0.0366231 0.0429486 0.0488045 0.0537573 0.0574629 0.0597269 0.0605441 0.0600966 0.058693 0.056677 0.0543423 0.0518692 0.0492777 0.0464006 0.0429163 0.03848 0.0329335 0.0264868 0.0197352
 0.00625186 0.00987215 0.0143563 0.0195667 0.0253973 0.0317413 0.0383862 0.0449609 0.0509928 0.0560167 0.0596651 0.0617276 0.0621906 0.0612385 0.0592016 0.0564681 0.0533939 0.0502252 0.0470389 0.0437155 0.0399753 0.0355052 0.0301538 0.0240983 0.0178601
 0.00654594 0.0103294 0.0150072 0.0204304 0.0264845 0.0330572 0.0399277 0.0467079 0.0528998 0.0580089 0.0616406 0.0635656 0.0637617 0.0624153 0.0598663 0.056522 0.0527708 0.0489084 0.0450768 0.0412291 0.0371543 0.032589 0.0273956 0.021716 0.0159896
 0.00683337 0.0107851 0.015672 0.0213355 0.0276479 0.0344773 0.0415757 0.0485239 0.054799 0.0598951 0.063418 0.0651442 0.0650576 0.0633488 0.0603608 0.0565057 0.0521826 0.0477126 0.043284 0.0389185 0.0344841 0.0297854 0.0247142 0.0193846 0.014154
 0.00714737 0.0112743 0.0163698 0.0222625 0.0288132 0.0358792 0.0431953 0.0503158 0.0566848 0.061767 0.0651527 0.0666234 0.0661867 0.0640649 0.060628 0.0563014 0.0514873 0.0465107 0.041581 0.0367669 0.0320061 0.0271737 0.0222015 0.0171881 0.0124182
 0.00749053 0.0118077 0.0171277 0.0232624 0.0300561 0.0373495 0.0448574 0.0521092 0.0585244 0.0635501 0.0667695 0.0679675 0.0671665 0.0646141 0.0607116 0.0559124 0.0506362 0.0452164 0.0398723 0.0346989 0.0296819 0.0247534 0.0198836 0.0151634 0.0108171
 0.00776414 0.0122384 0.0177501 0.0241012 0.0311243 0.0386448 0.0463547 0.0537539 0.0602329 0.065218 0.068285 0.0692254 0.0680796 0.0651209 0.060779 0.0555332 0.0498239 0.0439995 0.0382932 0.032821 0.0276026 0.0226108 0.0178441 0.0133866 0.00941272
 0.00788356 0.012445 0.0180846 0.0246106 0.0318534 0.0396217 0.0475752 0.0551734 0.0617701 0.0667677 0.069733 0.0704631 0.0690152 0.0656883 0.060941 0.0552801 0.0491683 0.0429713 0.0369381 0.0312048 0.025818 0.0207805 0.0161094 0.01188 0.00822383
 0.00804505 0.0126976 0.0184483 0.025102 0.0324893 0.0404204 0.0485518 0.0563273 0.0630699 0.068142 0.0710746 0.0716473 0.0699265 0.0662426 0.0610951 0.0550289 0.0485348 0.0419968 0.0356777 0.0297287 0.0242157 0.0191619 0.0145947 0.0105774 0.00720349
 0.00819286 0.0129177 0.0187428 0.0254628 0.0329043 0.0408835 0.0490693 0.0569164 0.0637495 0.0689186 0.0719291 0.0725272 0.0707491 0.0669097 0.0615151 0.055137 0.0483033 0.0414352 0.0348262 0.0286518 0.0229988 0.0179061 0.0134067 0.00955029 0.00639691
 0.00832538 0.01311 0.0189889 0.0257415 0.0331843 0.0411334 0.0492677 0.0570601 0.0638578 0.0690324 0.0721012 0.0728028 0.0711433 0.0673923 0.0620129 0.0555522 0.0485413 0.0414297 0.0345534 0.0281328 0.0222935 0.0171014 0.0125991 0.00882666 0.00581581
 0.00850492 0.0133843 0.0193682 0.0262217 0.0337458 0.0417416 0.0498737 0.0576048 0.0642828 0.0692971 0.0721973 0.0727595 0.071017 0.0672451 0.0618867 0.0554513 0.0484317 0.0412555 0.0342631 0.027702 0.0217366 0.0164682 0.0119597 0.00825026 0.00535109
 0.00850492 0.0133975 0.0194125 0.0263218 0.0339273 0.0420204 0.050246 0.0580432 0.06474 0.0697163 0.0725263 0.0729634 0.0710888 0.0672068 0.0617795 0.0553165 0.0482918 0.0411046 0.0340738 0.0274444 0.0213986 0.0160663 0.011535 0.00785274 0.00502141
 0.00855212 0.0134631 0.0194919 0.0264071 0.034014 0.0421155 0.050371 0.0582268 0.0650021 0.0700511 0.0728962 0.0733092 0.0713501 0.0673437 0.0617841 0.0552108 0.0481124 0.0408848 0.0338306 0.0271786 0.021106 0.0157509 0.0112153 0.00755693 0.00477561
 0.00849024 0.013379 0.0193953 0.0263157 0.0339467 0.0420836 0.0503738 0.0582562 0.0650543 0.070135 0.0730301 0.0735058 0.0716006 0.0676141 0.0620272 0.0553856 0.0481992 0.040886 0.0337615 0.0270564 0.0209444 0.0155625 0.0110163 0.00736697 0.00461347
 0.00847085 0.0133384 0.0193189 0.026188 0.0337594 0.0418459 0.0501179 0.0580305 0.0649061 0.0700924 0.0730954 0.0736624 0.0718256 0.0678841 0.0623169 0.0556651 0.0484371 0.0410577 0.0338561 0.027077 0.0209037 0.0154781 0.0109076 0.00725337 0.00451145
 0.00853529 0.013419 0.0193945 0.0262219 0.0337066 0.0416673 0.0497959 0.0575808 0.0643808 0.0695726 0.0726721 0.0734106 0.0717825 0.0680416 0.0626305 0.0560717 0.0488715 0.0414644 0.0341954 0.0273278 0.0210628 0.0155569 0.0109261 0.00723477 0.00447669
 0.00853691 0.013431 0.0194285 0.0262905 0.0338151 0.0418029 0.0499219 0.0576424 0.064325 0.069373 0.0723461 0.0730192 0.0714106 0.0677693 0.0625071 0.056104 0.0490286 0.0416935 0.0344408 0.027545 0.0212258 0.0156585 0.010974 0.00724456 0.00446568
 0.0084565 0.013309 0.0192619 0.0260848 0.0335851 0.0415723 0.0497192 0.0574934 0.0642406 0.0693416 0.072337 0.0729997 0.0713671 0.0677182 0.0624875 0.0561566 0.049174 0.0419223 0.0347182 0.0278262 0.0214717 0.015846 0.0110983 0.00731492 0.00449798
 0.00840136 0.0132271 0.019153 0.0259534 0.0334392 0.0414211 0.0495725 0.0573623 0.0641384 0.0692808 0.0723234 0.0730262 0.0714146 0.0677647 0.0625217 0.0561859 0.0492198 0.0420057 0.0348456 0.0279848 0.0216362 0.0159911 0.011208 0.00738601 0.00453699
 0.00832435 0.0131101 0.0189923 0.0257515 0.0332046 0.0411672 0.0493169 0.0571257 0.0639422 0.069144 0.072259 0.073039 0.0714991 0.0679054 0.0626966 0.0563734 0.0494066 0.0421889 0.0350282 0.0281672 0.0218116 0.016147 0.0113327 0.00747452 0.00459216
 0.00821333 0.0129491 0.0187859 0.0255157 0.0329615 0.0409364 0.0491103 0.0569475 0.0637939 0.06903 0.0721878 0.0730212 0.0715424 0.0680101 0.0628541 0.056568 0.0496197 0.0424044 0.0352356 0.0283606 0.0219864 0.0162978 0.011454 0.00756352 0.00465079
