SBPRF35
10.674
Curr Bio
664426
B35
777482
F35
0.184293
FOFL
0.157013
OFL
84834.8
Bzero
3.04971e+006
#pred survey bio
 4.13589e+006 3.96668e+006 3.80613e+006 3.58556e+006 3.31455e+006 3.01959e+006 2.71739e+006 2.43586e+006 2.16008e+006 1.89994e+006 1.70006e+006 1.47096e+006 1.29533e+006 1.13179e+006 1.02476e+006 920463 824304 737412 681955 647331 618223 592139 578699 557582 540129 526140 521641 518778 516855 514213 509933 513060 514050 502667 503215 499036 492911 486419 490805 504712 511454 526757 532077 535562 535846 548945 552839 562802 569302 576361 579888 553942 594592 593871 654025 647763 666341 671090 2.36049e+007 1.45645e+007 1.51663e+007 1.61515e+007 1.73524e+007 1.85831e+007 1.97183e+007 2.06952e+007 2.14967e+007 2.21329e+007 2.26263e+007 2.30031e+007 2.32878e+007 2.35017e+007 2.3662e+007 2.37821e+007 2.38723e+007 2.39402e+007 2.39915e+007 2.40305e+007 2.40603e+007 2.40831e+007 2.41007e+007 2.41144e+007 2.4125e+007 2.41333e+007 2.41398e+007 2.41449e+007 2.41489e+007 2.41521e+007 2.41546e+007 2.41566e+007 2.41582e+007 2.41595e+007 2.41605e+007 2.41613e+007 2.4162e+007 2.41625e+007 2.41629e+007 2.41632e+007 2.41635e+007 2.41637e+007 2.41639e+007 2.4164e+007 2.41641e+007 2.41642e+007 2.41643e+007 2.41644e+007 2.41644e+007 2.41644e+007 2.41645e+007 2.41645e+007 2.41645e+007 2.41645e+007 2.41645e+007 2.41645e+007 2.41646e+007 2.41646e+007 2.41646e+007 2.41646e+007 2.41646e+007 2.41646e+007 2.41646e+007 2.41646e+007 2.41646e+007 2.41646e+007 2.41646e+007 2.41646e+007 2.41646e+007 2.41646e+007 2.41646e+007 2.41646e+007 2.41646e+007 2.41646e+007 2.41646e+007 2.41646e+007 2.41646e+007 2.41646e+007 2.41646e+007 2.41646e+007 2.41646e+007 2.41646e+007 2.41646e+007 2.41646e+007 2.41646e+007 2.41646e+007 2.41646e+007 2.41646e+007 2.41646e+007 2.41646e+007 2.41646e+007 2.41646e+007 2.41646e+007 2.41646e+007 2.41646e+007 2.41646e+007 2.41646e+007 2.41646e+007 2.41646e+007 2.41646e+007 0 0 0 0 0 0 0 0 0 0 0 0 0 0 0 0 0 0 0 0 0 0 0 0 0
#obs survey bio
 3.59153e+006 4.69884e+006 2.68375e+006 3.50696e+006 3.73459e+006 2.24089e+006 2.63474e+006 2.12366e+006 2.10287e+006 1.47171e+006 2.22458e+006 867578 1.28682e+006 1.30781e+006 1.16211e+006 1.07537e+006 774828 683783 691689 528172 468809 519782 589435 568981 617701 512907 277125 399217 511601 444033 419977 384093 478732 346347 512394 753749 534792 491478 545816 639945 509823 661366 704205 380903 480211 592248 474942 676748 454289 714427 523212 666490 411286 808042 551051 637071 623979 665576
#pred catch bio
 90773.3 89326.9 154572 215790 256903 285782 290126 307160 313043 275341 313274 273299 266934 219622 217649 207943 195349 163866 142795 135244 129659 116581 120779 114907 109725 100963 100150 99719.6 99878.8 100146 92853.9 93663.2 102052 89262.1 90177.6 89702.8 90544 83313.9 77404.3 84709.2 78373.8 87343.9 88909.2 92019 82286 91191.1 86886.9 90822.3 91248 95176.4 120197 66621.4 105128 57163.8 116160 96582.3 110459 110866 84834.8 100950 104079 109790 117461 125484 132829 139034 143998 147815 150663 152741 154231 155285 156022 156533 156885 157126 157290 157401 157477 157528 157562 157585 157601 157611 157618 157623 157626 157628 157630 157630 157631 157631 157632 157632 157632 157632 157632 157632 157632 157632 157632 157632 157632 157632 157632 157632 157632 157632 157632 157632 157632 157632 157632 157632 157632 157632 157632 157632 157632 157632 157632 157632 157632 157632 157632 157632 157632 157632 157632 157632 157632 157632 157632 157632 157632 157632 157632 157632 157632 157632 157632 157632 157632 157632 157632 157632 157632 157632 157632 157632 157632 157632 157632 157632 157632 157632 157632 157632 0 0 0 0 0 0 0 0 0 0 0 0 0 0 0 0 0 0 0 0 0 0 0 0 0
#obs catch bio
 0 88949 154882 216300 256756 286188 290850 308856 315902 278946 318534 278152 272344 222817 221265 210796 197576 165971 144367 136893 131618 117568 122514 116166 110796 101469 101809 101633 101804 101962 94368.8 94983.1 103832 91115.8 91691.5 90492.7 91008.9 83250.8 76850.8 84367.8 77756.8 86933.8 87897.3 91663.2 81974 90854.2 86523.3 90172.7 90895 94199.9 120174 65799.7 106011 56470.6 116888 96222.4 110444 110858
#pred cpue bio
 4.07944e+006 3.9129e+006 3.75432e+006 3.53474e+006 3.26486e+006 2.97104e+006 2.6698e+006 2.38912e+006 2.11441e+006 1.85547e+006 1.6566e+006 1.42963e+006 1.25564e+006 1.09403e+006 988231 885608 791426 706566 652549 618990 590843 565661 552733 532368 515611 502138 497558 494446 492548 490224 486345 489677 490957 480220 481383 478138 472133 464900 468574 482155 488944 503962 509285 512668 512721 525352 529139 538821 545093 551888 555170 529410 568423 567651 626366 620252 637779 642201 2.26175e+007 1.3977e+007 1.44743e+007 1.53447e+007 1.65052e+007 1.77264e+007 1.88598e+007 1.98363e+007 2.06378e+007 2.1274e+007 2.17674e+007 2.21441e+007 2.24288e+007 2.26428e+007 2.28031e+007 2.29232e+007 2.30133e+007 2.30812e+007 2.31326e+007 2.31715e+007 2.32013e+007 2.32242e+007 2.32418e+007 2.32554e+007 2.32661e+007 2.32744e+007 2.32809e+007 2.3286e+007 2.329e+007 2.32932e+007 2.32957e+007 2.32977e+007 2.32993e+007 2.33005e+007 2.33016e+007 2.33024e+007 2.3303e+007 2.33035e+007 2.3304e+007 2.33043e+007 2.33046e+007 2.33048e+007 2.33049e+007 2.33051e+007 2.33052e+007 2.33053e+007 2.33053e+007 2.33054e+007 2.33054e+007 2.33055e+007 2.33055e+007 2.33055e+007 2.33056e+007 2.33056e+007 2.33056e+007 2.33056e+007 2.33056e+007 2.33056e+007 2.33056e+007 2.33056e+007 2.33056e+007 2.33056e+007 2.33056e+007 2.33056e+007 2.33056e+007 2.33056e+007 2.33056e+007 2.33056e+007 2.33056e+007 2.33056e+007 2.33056e+007 2.33056e+007 2.33056e+007 2.33056e+007 2.33056e+007 2.33056e+007 2.33056e+007 2.33056e+007 2.33056e+007 2.33056e+007 2.33056e+007 2.33056e+007 2.33056e+007 2.33056e+007 2.33056e+007 2.33056e+007 2.33056e+007 2.33056e+007 2.33056e+007 2.33056e+007 2.33056e+007 2.33056e+007 2.33056e+007 2.33056e+007 2.33056e+007 2.33056e+007 2.33056e+007 2.33056e+007 2.33056e+007 2.33056e+007 0 0 0 0 0 0 0 0 0 0 0 0 0 0 0 0 0 0 0 0 0 0 0 0 0
#obs cpue bio
 4.08798e+006 3.66585e+006 4.59534e+006 3.1175e+006 4.52904e+006 2.94968e+006 2.06989e+006 2.09268e+006 1.62768e+006 1.06043e+006 1.40767e+006 1.44046e+006 1.06401e+006 810466 735594 749568 845760 520986 550563 601860 551071 695009 365397 503896 415161 559893 370908 413267 375431 485534 432072 603884 426617 298839 532269 463833 556008 647343 687918 379145 621795 386174 692886 484116 504675 627836 602425 669986 541813 738952 494836 552862 481073 619102 558993 699654 680215 623797
#pred surv len freq
 0.0050122 0.00809627 0.0121075 0.0170022 0.0226504 0.0287671 0.0348809 0.0404403 0.0450194 0.0484609 0.0508547 0.0524134 0.0533592 0.053872 0.0540798 0.0540676 0.0538944 0.0535941 0.0531332 0.0523208 0.0507359 0.0477871 0.0429742 0.0362497 0.0282268
 0.00522927 0.00835791 0.0123372 0.0170842 0.0224761 0.028299 0.0341945 0.0397068 0.0444304 0.0481399 0.0508111 0.052563 0.0535897 0.0541082 0.0543146 0.0543486 0.0542791 0.0540986 0.053701 0.0528303 0.0510483 0.0478123 0.0427156 0.0358009 0.0277233
 0.00540847 0.00865906 0.0128016 0.0177383 0.0233038 0.0292144 0.0350366 0.0402822 0.0445972 0.0478836 0.0502565 0.0519063 0.052999 0.0536619 0.0540085 0.0541475 0.0541604 0.0540564 0.0537174 0.0528495 0.0509833 0.0475862 0.0423088 0.0352678 0.0271651
 0.00557507 0.00893159 0.0132164 0.0183334 0.0241144 0.0302594 0.0362964 0.0416748 0.0459687 0.0490313 0.0509884 0.0521152 0.0527068 0.0530028 0.0531605 0.0532598 0.0533188 0.0532893 0.0530159 0.0521809 0.0503014 0.0468518 0.0415176 0.0344639 0.0264254
 0.00584067 0.00934517 0.0138058 0.0191148 0.0250936 0.0314327 0.0376477 0.0431685 0.047541 0.050582 0.0523775 0.0531757 0.0532837 0.0530063 0.0526049 0.0522585 0.0520363 0.0518798 0.0515834 0.0507729 0.0489286 0.0455184 0.0402472 0.0333078 0.0254473
 0.00616612 0.00985988 0.0145532 0.0201246 0.0263757 0.0329695 0.0393861 0.0450213 0.0494016 0.0523443 0.0539465 0.0544615 0.0541891 0.0534278 0.0524574 0.0515132 0.050745 0.050166 0.0496036 0.0486741 0.0468273 0.0435055 0.0384042 0.031713 0.0241636
 0.00649564 0.0103883 0.0153348 0.021205 0.0277834 0.0347027 0.041398 0.0472143 0.0516393 0.0544768 0.0558364 0.0559986 0.0552903 0.0540275 0.052498 0.0509491 0.049562 0.0484053 0.0473717 0.0461298 0.0441551 0.0408899 0.0360113 0.0296751 0.0225615
 0.00682108 0.010906 0.0160935 0.0222445 0.0291301 0.0363613 0.0433402 0.0493708 0.0539023 0.0567133 0.0579051 0.0577656 0.0566405 0.0548707 0.0527685 0.0506012 0.0485709 0.0467788 0.0451698 0.0434796 0.0412473 0.0379556 0.0332828 0.0273427 0.0207377
 0.00717082 0.0114633 0.0169112 0.0233648 0.0305773 0.038132 0.0453912 0.0516155 0.0562211 0.0589743 0.0599818 0.0595447 0.0580228 0.0557702 0.0531134 0.0503353 0.0476573 0.0452084 0.0429782 0.0407676 0.0381937 0.0348049 0.0303049 0.0247729 0.0187223
 0.00747674 0.0119614 0.0176624 0.0244259 0.0319905 0.0399071 0.0474882 0.0539378 0.0586295 0.0613134 0.0621068 0.0613363 0.0593904 0.0566469 0.0534478 0.0500854 0.0467889 0.0437036 0.0408543 0.0381029 0.0351471 0.0316143 0.0272499 0.0221107 0.0166217
 0.00767013 0.0122758 0.0181369 0.0251004 0.0329023 0.0410839 0.0489363 0.0556318 0.0605076 0.0632806 0.0640441 0.0631152 0.0608881 0.0577592 0.0540935 0.0502041 0.046336 0.0426516 0.0392055 0.0359128 0.0325475 0.0288168 0.0245161 0.0196918 0.014692
 0.00804235 0.012862 0.0189836 0.0262376 0.0343386 0.0427988 0.0508726 0.0576948 0.0625781 0.0652375 0.0657822 0.0645514 0.0619585 0.0584136 0.0542923 0.0499159 0.0455366 0.0413266 0.0373612 0.0335977 0.0298767 0.0259812 0.0217596 0.0172549 0.0127458
 0.0082923 0.0132682 0.0195946 0.0270978 0.0354792 0.0442238 0.0525444 0.0595297 0.0644592 0.0670378 0.0673879 0.0658747 0.0629393 0.0590139 0.054488 0.0496886 0.0448695 0.0402066 0.0357908 0.0316144 0.0275753 0.023523 0.0193553 0.0151168 0.0110288
 0.00864265 0.0138135 0.0203706 0.028123 0.0367543 0.0457303 0.054239 0.0613393 0.0662824 0.068757 0.0688862 0.0670529 0.0637283 0.0593794 0.0544254 0.0492115 0.0439962 0.0389539 0.0341782 0.0296818 0.0254043 0.0212493 0.0171563 0.0131727 0.00947181
 0.00876146 0.014018 0.0206989 0.0286172 0.0374504 0.0466438 0.0553521 0.062599 0.0676128 0.0700764 0.0701194 0.0681325 0.0645918 0.0599694 0.0546955 0.0491316 0.0435548 0.0381554 0.0330422 0.028249 0.0237484 0.0194849 0.0154302 0.0116338 0.00823104
 0.00886195 0.0141907 0.0209768 0.0290381 0.0380505 0.0474462 0.0563531 0.0637606 0.0688643 0.0713263 0.0712717 0.0691027 0.0653179 0.0604145 0.0548419 0.0489736 0.0430934 0.0373983 0.0320083 0.0269761 0.0223024 0.017964 0.0139562 0.0103281 0.0071825
 0.00902221 0.0144409 0.0213346 0.0295148 0.0386519 0.0481721 0.0571952 0.0646975 0.0698583 0.0723235 0.0722062 0.0699042 0.0659221 0.0607734 0.0549295 0.0487847 0.0426373 0.0366928 0.0310786 0.02586 0.0210575 0.0166725 0.0127176 0.00923938 0.00631311
 0.00921497 0.0147452 0.0217751 0.0301067 0.0393964 0.0490513 0.0581673 0.0656993 0.0708172 0.0731742 0.0729019 0.0704172 0.0662371 0.0608802 0.0548213 0.0484601 0.0421028 0.035964 0.0301804 0.0248287 0.0199448 0.0155467 0.0116582 0.00832125 0.00558762
 0.00933484 0.0149235 0.0220133 0.0303977 0.0397291 0.0494179 0.0585667 0.066134 0.071286 0.0736654 0.0733913 0.0708724 0.0666234 0.0611659 0.0549792 0.0484678 0.0419444 0.035633 0.0296836 0.0241894 0.0192048 0.0147646 0.0109018 0.0076546 0.00505516
 0.00939167 0.0150077 0.0221245 0.0305296 0.039871 0.0495576 0.0586944 0.066247 0.0713919 0.0737825 0.0735429 0.071076 0.0668795 0.0614535 0.0552597 0.0486947 0.0420737 0.0356315 0.0295346 0.0238968 0.0187943 0.0142818 0.0104041 0.00719798 0.00468102
 0.00942139 0.0150573 0.0222011 0.0306395 0.0400169 0.0497348 0.0588888 0.0664362 0.0715523 0.0738986 0.0736146 0.0711187 0.0669176 0.0615084 0.0553391 0.0487868 0.0421501 0.0356563 0.0294766 0.0237396 0.0185431 0.0139632 0.0100593 0.00687166 0.0044081
 0.00954426 0.015234 0.0224246 0.0308895 0.0402664 0.0499605 0.0590784 0.0665878 0.0716677 0.0739772 0.0736517 0.0711101 0.0668661 0.0614269 0.0552465 0.0486994 0.0420727 0.0355789 0.0293788 0.0236013 0.0183551 0.0137329 0.0098099 0.00663301 0.00420622
 0.00949124 0.0151652 0.0223524 0.030834 0.0402475 0.0499869 0.0591407 0.0666625 0.0717308 0.0740173 0.0736747 0.0711323 0.0669021 0.061482 0.0553174 0.0487786 0.0421518 0.0356479 0.0294248 0.0236103 0.0183171 0.0136488 0.00969264 0.00650398 0.0040871
 0.00951325 0.0151988 0.0223997 0.0308972 0.0403305 0.0500962 0.0592831 0.0668397 0.0719321 0.0742168 0.0738373 0.0712272 0.0669157 0.0614225 0.055208 0.0486463 0.0420175 0.0355225 0.0293098 0.0235002 0.0182052 0.0135311 0.00957205 0.00638907 0.00398817
 0.00960312 0.0153253 0.0225538 0.0310586 0.0404736 0.0502003 0.059341 0.0668596 0.0719326 0.0742183 0.0738524 0.0712549 0.0669423 0.0614291 0.0551806 0.0485827 0.0419265 0.0354179 0.0292031 0.0233972 0.0181065 0.0134358 0.00948089 0.0063058 0.00391789
 0.00990223 0.0157561 0.0230987 0.0316639 0.0410627 0.0506958 0.0596847 0.067022 0.071914 0.0740452 0.0735704 0.0709173 0.0665964 0.061105 0.0548886 0.0483193 0.0416841 0.0351924 0.0289954 0.0232109 0.0179443 0.0132984 0.00936741 0.00621532 0.0038494
 0.0100024 0.0159294 0.0233763 0.0320741 0.0416158 0.0513649 0.0603943 0.0676588 0.0723617 0.0742267 0.0734745 0.0705947 0.0661332 0.0605896 0.0543887 0.0478726 0.0413023 0.0348714 0.0287257 0.0229845 0.0177561 0.0131454 0.0092472 0.00612484 0.0037849
 0.00986802 0.0157508 0.0231822 0.0319189 0.0415678 0.051485 0.0607135 0.0681632 0.0729891 0.074877 0.0740328 0.0709647 0.0662665 0.0604972 0.054129 0.0475232 0.0409328 0.0345274 0.0284288 0.022739 0.0175585 0.0129904 0.00912934 0.00603905 0.00372584
 0.00973319 0.0155398 0.0228822 0.0315299 0.04111 0.0510064 0.0602915 0.0678927 0.072954 0.0751155 0.0745156 0.0715993 0.0669271 0.0610663 0.0545317 0.0477411 0.0409945 0.0344856 0.0283358 0.0226329 0.0174602 0.012908 0.0090645 0.0059906 0.00369167
 0.00966999 0.0154351 0.0227211 0.0312977 0.0407961 0.0506113 0.059835 0.0674195 0.0725322 0.0748246 0.0744257 0.0717466 0.0672957 0.0615878 0.0551054 0.0482678 0.0414069 0.034761 0.0284894 0.0226993 0.0174753 0.0128989 0.0090472 0.0059731 0.00367725
 0.00963152 0.0153755 0.0226365 0.0311851 0.0406525 0.0504322 0.0596161 0.0671601 0.072241 0.074526 0.0741614 0.0715695 0.0672549 0.061709 0.0553766 0.048639 0.0418066 0.0351217 0.0287685 0.0228857 0.0175824 0.0129505 0.00906641 0.00597652 0.00367465
 0.00954199 0.0152322 0.0224256 0.0308967 0.0402848 0.0499958 0.0591374 0.0666795 0.0718044 0.0741735 0.0739209 0.0714573 0.0672809 0.0618786 0.0556866 0.0490691 0.0423149 0.0356503 0.0292585 0.0232936 0.0178893 0.0131607 0.00919848 0.00605312 0.00371578
 0.00940464 0.0150289 0.0221562 0.0305733 0.0399263 0.0496213 0.0587618 0.0663148 0.071465 0.0738794 0.0736965 0.0713263 0.0672609 0.0619782 0.0559048 0.0493951 0.0427267 0.0361132 0.029728 0.0237247 0.0182479 0.0134313 0.00938396 0.00616897 0.00378189
 0.00917382 0.0147009 0.0217505 0.030138 0.0395252 0.0493117 0.0585754 0.0662516 0.0714983 0.0739685 0.0738006 0.0714169 0.0673294 0.0620361 0.0559763 0.049506 0.0428936 0.0363369 0.0299925 0.0240017 0.018506 0.0136458 0.00954353 0.00627531 0.00384551
 0.00891532 0.0142812 0.0211236 0.0292715 0.0384189 0.0480201 0.0572212 0.0650113 0.0705553 0.0734533 0.0737516 0.0717814 0.0679973 0.062884 0.0569002 0.0504353 0.0437881 0.0371753 0.0307598 0.0246819 0.0190824 0.0141059 0.00988504 0.00650871 0.00399129
 0.00946368 0.0150213 0.0219566 0.0300097 0.0388351 0.0479299 0.0565555 0.0638423 0.069071 0.0719011 0.0723749 0.0707653 0.0674337 0.0627649 0.0571414 0.050918 0.0443977 0.0378241 0.03139 0.0252578 0.019581 0.0145128 0.0101948 0.00672638 0.00413111
 0.0100189 0.0158927 0.0232009 0.0316341 0.0407682 0.0499929 0.0584564 0.0652244 0.0696219 0.0714757 0.0710609 0.0688507 0.0652961 0.060748 0.0554721 0.0496855 0.0435815 0.0373431 0.0311478 0.0251699 0.0195833 0.0145601 0.0102565 0.00678361 0.00417486
 0.00995803 0.0158808 0.0233434 0.0320813 0.0416731 0.0514429 0.0604074 0.0674731 0.0718342 0.0732641 0.072089 0.0689307 0.0644478 0.0591883 0.0535362 0.0477151 0.0418324 0.0359463 0.0301237 0.0244702 0.0191339 0.0142882 0.0101022 0.00670223 0.00413547
 0.00973688 0.0155371 0.0228621 0.0314766 0.0410062 0.0508368 0.0600433 0.0675497 0.0724887 0.0744891 0.0736947 0.0705878 0.0657976 0.0599681 0.0536621 0.0472873 0.0410699 0.0350904 0.0293582 0.0238883 0.0187479 0.0140629 0.00998723 0.00665245 0.00411869
 0.00956109 0.0152492 0.0224259 0.0308599 0.0401924 0.049843 0.0589413 0.0664771 0.0716373 0.0740628 0.0738447 0.0713459 0.0670401 0.0614396 0.0550592 0.0483663 0.0417234 0.0353561 0.0293663 0.0237856 0.0186411 0.0140004 0.009972 0.0066666 0.00414275
 0.00958218 0.0152682 0.0224249 0.0308098 0.0400559 0.0495832 0.0585325 0.065918 0.0709637 0.073357 0.0732327 0.0709726 0.0670224 0.0618133 0.0557496 0.0492064 0.0425178 0.0359576 0.0297223 0.0239324 0.0186608 0.013972 0.00994404 0.00665531 0.00414534
 0.00941625 0.0150262 0.0221115 0.0304451 0.039667 0.0491912 0.0581438 0.0655251 0.0705558 0.0729349 0.0728218 0.0706292 0.066827 0.0618476 0.0560616 0.0497787 0.0432608 0.0367374 0.0304118 0.0244559 0.0190076 0.0141779 0.0100594 0.00672111 0.00418553
 0.00950079 0.0151326 0.0222155 0.0305076 0.0396478 0.0490685 0.0579272 0.065251 0.0702667 0.0726568 0.0725566 0.0703668 0.0665687 0.0616227 0.055924 0.0497832 0.0434315 0.0370487 0.0307951 0.0248298 0.0193113 0.0143884 0.0101868 0.00679054 0.00422143
 0.00960297 0.0152924 0.0224422 0.0308002 0.0399895 0.0494218 0.0582346 0.0654474 0.0703016 0.0725157 0.0722657 0.0699785 0.0661387 0.0611966 0.0555389 0.0494743 0.0432312 0.0369745 0.0308372 0.0249503 0.0194595 0.0145217 0.0102834 0.0068493 0.00425227
 0.00960158 0.0153081 0.0224987 0.0309298 0.0402234 0.0497746 0.0586904 0.0659543 0.0707809 0.0728814 0.072449 0.0699471 0.0659045 0.0608087 0.0550662 0.0489876 0.042791 0.036624 0.0305972 0.0248174 0.0194097 0.0145212 0.0103017 0.00686765 0.00426386
 0.00950532 0.0151524 0.0222678 0.0306152 0.0398324 0.0493397 0.058273 0.0656347 0.0706324 0.0729399 0.0726954 0.0703137 0.0663018 0.0611583 0.0553233 0.0491471 0.0428775 0.0366754 0.030648 0.0248875 0.0195012 0.0146224 0.0103963 0.00694321 0.00431592
 0.00951842 0.0151713 0.022291 0.0306378 0.0398448 0.0493285 0.0582241 0.0655414 0.0705039 0.0728055 0.0725968 0.0702865 0.0663563 0.0612723 0.055453 0.0492488 0.0429271 0.036675 0.0306191 0.0248563 0.0194862 0.0146286 0.0104179 0.00697 0.00433956
 0.00950645 0.0151478 0.0222485 0.0305675 0.0397392 0.0491854 0.0580494 0.0653484 0.07031 0.0726288 0.0724558 0.0702007 0.0663443 0.0613441 0.0556015 0.0494476 0.0431388 0.0368659 0.0307713 0.0249696 0.0195707 0.0146955 0.0104735 0.00701535 0.00437378
 0.00950021 0.0151423 0.0222482 0.0305781 0.0397643 0.0492222 0.0580867 0.0653687 0.0702962 0.0725719 0.0723591 0.0700795 0.0662212 0.0612437 0.0555439 0.049442 0.0431805 0.0369381 0.0308528 0.0250438 0.0196303 0.014741 0.0105084 0.00704246 0.00439431
 0.00953826 0.0151932 0.0223049 0.0306281 0.0397947 0.0492258 0.058066 0.0653339 0.0702585 0.0725359 0.0723207 0.0700308 0.0661579 0.06117 0.0554726 0.0493889 0.0431575 0.0369481 0.0308889 0.0250936 0.0196814 0.0147856 0.0105435 0.00706849 0.00441264
 0.00968031 0.0154035 0.0225826 0.0309572 0.0401466 0.0495647 0.0583552 0.0655414 0.0703627 0.0725311 0.0722174 0.0698501 0.065924 0.0609048 0.0551952 0.0491176 0.0429101 0.0367392 0.0307264 0.024977 0.0196037 0.014737 0.0105148 0.00705256 0.00440466
 0.0100813 0.0160284 0.0234703 0.0321196 0.0415587 0.0511555 0.0600001 0.0670703 0.071591 0.0733056 0.0724548 0.0695512 0.0651621 0.0597996 0.0538828 0.0477272 0.0415491 0.0354873 0.0296355 0.0240736 0.0188926 0.0142061 0.0101404 0.00680482 0.00425199
 0.0096133 0.0153379 0.0225641 0.0310557 0.0404386 0.0501045 0.0591477 0.0665311 0.0714428 0.0735666 0.0730728 0.0704153 0.0661339 0.0607499 0.0547188 0.0484024 0.042058 0.035852 0.0298896 0.0242502 0.0190178 0.0142968 0.0102062 0.00685115 0.00428275
 0.00972234 0.0154791 0.0227112 0.0311654 0.0404667 0.05003 0.05899 0.0663477 0.0713074 0.0735387 0.0731758 0.0706309 0.0664119 0.0610254 0.0549315 0.0485113 0.0420504 0.0357422 0.0297109 0.0240427 0.0188168 0.0141262 0.0100766 0.00676207 0.00422715
 0.00943316 0.015017 0.0220314 0.0302339 0.0392694 0.0485879 0.057376 0.0646954 0.0697992 0.0723741 0.0725265 0.0705977 0.0669969 0.06213 0.0563833 0.0501104 0.043615 0.0371414 0.0308748 0.0249549 0.0194969 0.0146111 0.0104075 0.00697713 0.00435909
 0.00980463 0.0155786 0.022795 0.0311741 0.0403212 0.0496473 0.0583063 0.0653439 0.0700328 0.0721241 0.0718219 0.0695666 0.0658312 0.061028 0.055493 0.0494963 0.0432592 0.0369727 0.0308087 0.0249247 0.0194666 0.0145715 0.0103639 0.00693806 0.00432972
 0.00953635 0.0152249 0.0224141 0.0308696 0.0402101 0.0498114 0.0587504 0.0659868 0.070733 0.0727243 0.0721943 0.0696447 0.065625 0.0606186 0.0550057 0.0490582 0.0429584 0.0368363 0.030809 0.0250051 0.0195708 0.0146624 0.0104272 0.00697506 0.00434833
 0.00903006 0.0144853 0.0214599 0.0297819 0.0391228 0.0488857 0.0581446 0.065823 0.0710608 0.0734925 0.07325 0.0707742 0.0666211 0.0613445 0.0554254 0.0492266 0.0429807 0.0368184 0.0308206 0.0250676 0.0196695 0.0147688 0.0105178 0.0070398 0.00438826
#obs surv len freq
 nan nan nan nan nan nan nan nan nan nan nan nan nan nan nan nan nan nan nan nan nan nan nan nan nan
 0.00448703 0.00734917 0.0111795 0.0159952 0.0216944 0.0279676 0.0342793 0.0400086 0.0446871 0.0481509 0.0505096 0.0520066 0.0529002 0.0534139 0.0537292 0.0539849 0.0542641 0.0545572 0.0546962 0.0542882 0.0527263 0.0493583 0.0438079 0.0362876 0.0276709
 0.00460995 0.00755336 0.0114944 0.01645 0.0223099 0.0287454 0.0351908 0.0409927 0.0456594 0.0490215 0.0512006 0.0524637 0.0530969 0.0533507 0.0534293 0.0534857 0.0536091 0.0537888 0.0538532 0.0534074 0.0518461 0.0485217 0.0430593 0.035665 0.0271951
 0.00477655 0.00782338 0.0118996 0.0170198 0.0230673 0.029698 0.0363212 0.0422519 0.0469693 0.0502848 0.0523145 0.0533337 0.0536495 0.0535427 0.0532516 0.0529609 0.0527834 0.0527227 0.0526133 0.052064 0.0504741 0.0472012 0.0418699 0.0346719 0.0264347
 0.00496805 0.00813809 0.0123793 0.0177052 0.0239891 0.0308646 0.0377054 0.043788 0.0485629 0.0518305 0.0537107 0.0544886 0.0544828 0.0539884 0.0532649 0.052526 0.0519173 0.0514742 0.0510586 0.0503011 0.0486192 0.0453819 0.0402122 0.033279 0.0253642
 0.00519086 0.00849961 0.0129224 0.0184699 0.0250062 0.0321444 0.0392252 0.0454862 0.0503452 0.0535853 0.0553259 0.0558623 0.0555281 0.0546342 0.0534557 0.0522244 0.05111 0.0501807 0.0493379 0.0482559 0.0463926 0.0431459 0.0381426 0.0315224 0.024006
 0.0054137 0.008869 0.0134913 0.0192916 0.026123 0.0335706 0.04093 0.0473896 0.0523315 0.0555274 0.0571053 0.0573789 0.0566994 0.0553922 0.0537443 0.0519993 0.0503428 0.0488681 0.0475163 0.0460155 0.0438845 0.0405706 0.0357194 0.0294415 0.0223842
 0.0056436 0.00924426 0.0140594 0.0200993 0.0272089 0.0349528 0.042592 0.0492718 0.054336 0.057533 0.0589859 0.0590178 0.0579983 0.0562738 0.0541498 0.0518833 0.0496718 0.0476265 0.0457226 0.043743 0.0412769 0.0378382 0.0331059 0.0271686 0.0205962
 0.00588593 0.00964166 0.0146638 0.0209608 0.0283662 0.0364177 0.0443341 0.051215 0.0563702 0.0595367 0.0608444 0.0606312 0.0592814 0.0571546 0.0545681 0.0517899 0.0490287 0.0464119 0.0439441 0.0414606 0.0386233 0.0350214 0.0303794 0.0247732 0.0186958
 0.00613175 0.0100424 0.0152692 0.0218181 0.029512 0.0378637 0.0460528 0.0531332 0.058379 0.0615115 0.0626654 0.0621965 0.0605109 0.0579874 0.0549565 0.0516938 0.048413 0.0452512 0.0422375 0.0392551 0.0360372 0.0322512 0.027674 0.0223764 0.0167804
 0.00636998 0.0104353 0.0158707 0.0226814 0.0306782 0.0393446 0.0478141 0.0550894 0.0604078 0.0634785 0.0644477 0.0636946 0.0616509 0.058718 0.0552431 0.0515117 0.0477415 0.0440745 0.0405565 0.0371098 0.0335323 0.0295666 0.0250442 0.0200367 0.0149021
 0.00661554 0.010839 0.0164864 0.0235622 0.0318654 0.0408511 0.0496066 0.0570823 0.0624739 0.0654736 0.0662353 0.065163 0.0627208 0.0593419 0.0553997 0.0511952 0.0469528 0.0428174 0.0388449 0.0349871 0.0310954 0.0269788 0.0225196 0.0177928 0.0130991
 0.0068488 0.0112196 0.0170619 0.0243779 0.0329562 0.0422278 0.0512417 0.0589038 0.0643736 0.067326 0.0679165 0.0665644 0.0637568 0.0599538 0.0555556 0.0508861 0.046185 0.0416066 0.0372183 0.032996 0.028834 0.0245953 0.0202047 0.0157396 0.0114499
 0.00708167 0.0116015 0.0176425 0.0252045 0.0340629 0.04362 0.0528804 0.0607019 0.0662105 0.0690722 0.0694562 0.0678064 0.0646358 0.0604276 0.0556019 0.0504993 0.0453731 0.0403897 0.0356304 0.0310941 0.0267112 0.0223883 0.0180827 0.0138703 0.0099549
 0.00727364 0.0119195 0.018132 0.0259113 0.0350237 0.0448471 0.0543463 0.0623336 0.0678989 0.0706934 0.070893 0.0689631 0.0654447 0.0608496 0.0556217 0.0501193 0.0446073 0.0392614 0.0341756 0.0293696 0.024805 0.0204241 0.0162085 0.0122293 0.00864853
 0.00743644 0.0121858 0.0185359 0.0264862 0.0357967 0.0458292 0.0555218 0.0636547 0.0692897 0.0720619 0.0721435 0.0700078 0.0662118 0.0612883 0.0557048 0.0498408 0.0439779 0.0383048 0.0329286 0.0278875 0.023169 0.0187439 0.0146119 0.0108372 0.00754418
 0.00752786 0.0123382 0.0187727 0.026832 0.0362738 0.0464506 0.0562838 0.064534 0.0702459 0.0730435 0.0730944 0.0708695 0.0669254 0.0617986 0.055965 0.0498181 0.0436568 0.0376891 0.032042 0.0267764 0.0219051 0.0174235 0.0133452 0.00972709 0.00666141
 0.00760738 0.0124597 0.0189415 0.02705 0.0365412 0.0467693 0.0566585 0.0649697 0.0707441 0.0735973 0.073686 0.0714695 0.0674946 0.06229 0.0563284 0.0500053 0.0436287 0.0374219 0.0315345 0.026054 0.0210226 0.0164612 0.0123976 0.00888325 0.00598371
 0.00767296 0.0125615 0.0190856 0.0272379 0.0367693 0.0470283 0.0569344 0.0652471 0.0710122 0.0738555 0.0739439 0.0717398 0.0677826 0.0625853 0.0566023 0.0502152 0.0437266 0.0373653 0.031297 0.0256349 0.0204518 0.0157973 0.0117168 0.00826093 0.00547547
 0.007719 0.0126303 0.0191781 0.027351 0.0368973 0.0471647 0.0570731 0.065383 0.0711415 0.0739771 0.0740608 0.0718601 0.0679168 0.0627411 0.0567769 0.0503903 0.0438686 0.0374323 0.0312504 0.0254529 0.0201391 0.0153878 0.0112658 0.0078295 0.00511229
 0.00778323 0.0127269 0.0193085 0.027511 0.037077 0.0473505 0.0572493 0.0655341 0.0712552 0.0740482 0.074093 0.0718646 0.0679094 0.0627373 0.0567881 0.0504186 0.0439036 0.0374507 0.0312217 0.02535 0.0199507 0.0151255 0.0109625 0.00752843 0.00485182
 0.00780868 0.0127679 0.0193693 0.0275943 0.037183 0.0474746 0.0573812 0.0656589 0.0713574 0.0741167 0.0741246 0.0718648 0.0678897 0.0627114 0.0567682 0.0504122 0.0439103 0.0374605 0.031216 0.0253074 0.0198558 0.0149776 0.0107778 0.00733456 0.00467704
 0.00786468 0.0128523 0.0194838 0.0277362 0.0373458 0.0476497 0.0575584 0.0658262 0.0715013 0.0742235 0.0741831 0.0718696 0.0678434 0.0626247 0.0566575 0.0502949 0.0437999 0.0373625 0.0311265 0.0252156 0.01975 0.0148518 0.0106368 0.00719209 0.00454975
 0.00787269 0.0128652 0.0195029 0.0277625 0.0373793 0.047689 0.0576009 0.0658688 0.0715417 0.0742614 0.0742192 0.0719039 0.0678734 0.0626463 0.056667 0.0502916 0.0437865 0.0373427 0.0311018 0.0251833 0.0197049 0.0147906 0.0105613 0.00711038 0.00447281
 0.0078985 0.0129024 0.0195503 0.0278159 0.037433 0.0477381 0.0576422 0.0659013 0.0715657 0.0742776 0.0742283 0.0719071 0.067872 0.0626413 0.0566582 0.0502782 0.0437675 0.037318 0.0310719 0.025148 0.0196632 0.0147416 0.0105062 0.00705337 0.00442007
 0.00791089 0.0129203 0.0195728 0.0278405 0.0374558 0.0477543 0.0576477 0.0658939 0.0715461 0.07425 0.0741999 0.0718854 0.0678625 0.0626455 0.056674 0.0503008 0.0437914 0.0373383 0.0310848 0.0251514 0.0196561 0.0147241 0.0104804 0.00702303 0.00438989
 0.00790117 0.0129051 0.0195512 0.0278118 0.03742 0.0477122 0.0576008 0.0658446 0.0714979 0.0742071 0.074167 0.0718673 0.0678632 0.062667 0.0567152 0.0503574 0.0438566 0.0374042 0.0311441 0.0251987 0.0196883 0.0147408 0.0104836 0.00701655 0.00437843
 0.00788529 0.0128738 0.0194941 0.0277172 0.0372785 0.0475229 0.0573762 0.0656099 0.0712847 0.0740438 0.0740722 0.0718468 0.0679122 0.062774 0.0568652 0.0505346 0.0440454 0.0375902 0.0313151 0.0253453 0.0198049 0.0148259 0.0105395 0.00704867 0.00439367
 0.00788752 0.0128753 0.0194922 0.0277067 0.0372521 0.0474714 0.0572908 0.065486 0.0711258 0.0738647 0.0738971 0.0717035 0.0678234 0.0627513 0.0569077 0.050631 0.0441789 0.0377426 0.0314693 0.0254874 0.0199249 0.0149188 0.0106049 0.00708996 0.00441665
 0.00788042 0.0128608 0.019465 0.0276604 0.0371805 0.0473717 0.0571652 0.0653415 0.0709726 0.0737131 0.0737573 0.0715866 0.0677423 0.0627184 0.0569316 0.0507123 0.0443091 0.0379057 0.0316461 0.0256591 0.020077 0.0150419 0.010696 0.00715134 0.00445397
 0.00785425 0.0128196 0.0194053 0.0275796 0.0370773 0.0472464 0.0570205 0.0651838 0.0708119 0.0735618 0.0736285 0.071491 0.0676877 0.0627095 0.0569706 0.0507987 0.0444388 0.0380693 0.0318292 0.0258444 0.0202477 0.0151857 0.0108066 0.00722873 0.00450308
 0.00782836 0.0127753 0.0193348 0.0274749 0.036933 0.0470629 0.0568074 0.0649592 0.0705981 0.07338 0.0734934 0.0714106 0.067664 0.0627408 0.0570522 0.0509248 0.0446018 0.0382597 0.0320349 0.0260509 0.0204399 0.0153506 0.0109364 0.007322 0.00456395
 0.00780111 0.0127287 0.0192603 0.0273636 0.0367769 0.0468592 0.0565618 0.0646876 0.0703248 0.0731331 0.0732992 0.0712886 0.0676236 0.0627811 0.0571642 0.0510945 0.0448134 0.0384973 0.032283 0.0262941 0.0206634 0.0155423 0.0110884 0.0074326 0.00463732
 0.00776849 0.0126747 0.0191775 0.0272441 0.0366148 0.0466524 0.0563151 0.0644138 0.0700441 0.0728696 0.0730779 0.0711315 0.0675469 0.0627925 0.0572616 0.0512666 0.0450424 0.0387624 0.0325627 0.0265685 0.0209152 0.0157579 0.0112598 0.00755816 0.0047214
 0.00774476 0.012636 0.0191187 0.0271604 0.0365019 0.0465082 0.0561408 0.0642153 0.0698315 0.0726568 0.0728806 0.0709668 0.0674314 0.0627402 0.0572811 0.0513591 0.0452006 0.0389714 0.0328025 0.026817 0.0211517 0.0159657 0.0114281 0.0076833 0.00480637
 0.0093321 0.014859 0.0218042 0.0299264 0.0388691 0.0480771 0.056732 0.0638953 0.0688307 0.0712502 0.0713012 0.0693749 0.0659234 0.0613705 0.0560798 0.0503412 0.04437 0.038322 0.032319 0.0264768 0.0209274 0.0158289 0.0113521 0.00764588 0.00479064
 0.00930246 0.0151045 0.0226915 0.0319113 0.0422984 0.052921 0.0624138 0.0693857 0.0730145 0.0733659 0.0711923 0.067431 0.0628096 0.0577415 0.0524186 0.0469344 0.0413565 0.0357534 0.0302008 0.0247893 0.019635 0.0148832 0.0106962 0.00721826 0.0045308
 0.00897575 0.0145868 0.0219591 0.0310081 0.0413913 0.0523381 0.0626071 0.0707706 0.0757221 0.0770583 0.0751026 0.070656 0.0646869 0.0580798 0.0514687 0.045178 0.0392782 0.033708 0.0283901 0.0232979 0.0184754 0.0140296 0.0101032 0.00683184 0.00429646
 0.00880003 0.0142947 0.021508 0.0303568 0.0405153 0.0512592 0.0614332 0.0697244 0.0751272 0.0772515 0.076283 0.0727385 0.0672656 0.0605587 0.0533038 0.0460867 0.0392975 0.0330975 0.0274733 0.0223398 0.0176362 0.0133751 0.00963709 0.00652583 0.00411107
 0.00871183 0.0141463 0.0212746 0.0300109 0.0400303 0.0506182 0.0606411 0.0688227 0.0742085 0.0764687 0.0758379 0.0728329 0.0680133 0.0618979 0.0549749 0.0477135 0.0405387 0.0337781 0.0276191 0.0221146 0.0172394 0.0129638 0.00929796 0.0062853 0.00395962
 0.00870268 0.0141257 0.0212326 0.0299326 0.0398975 0.0504115 0.0603442 0.0684266 0.0737178 0.0759109 0.0752754 0.0723688 0.0677787 0.0620114 0.0554819 0.0485403 0.0414995 0.034645 0.0282183 0.0223887 0.0172433 0.0128105 0.00909697 0.00610721 0.00383212
 0.00866185 0.0140632 0.0211455 0.02982 0.0397595 0.050248 0.0601534 0.0682058 0.0734642 0.0756246 0.0749642 0.0720561 0.0675108 0.0618563 0.0555129 0.0488023 0.0419745 0.0352423 0.0288047 0.0228448 0.017511 0.0129036 0.0090749 0.00603633 0.00375923
 0.0086488 0.0140383 0.0211014 0.0297485 0.0396538 0.0501068 0.0599833 0.0680201 0.0732776 0.0754471 0.074798 0.0718989 0.0673646 0.061736 0.0554503 0.0488379 0.0421379 0.0355295 0.0291686 0.0232098 0.0178058 0.0130906 0.00915858 0.00604904 0.00373859
 0.00865964 0.0140578 0.0211337 0.0297969 0.0397185 0.0501814 0.0600535 0.0680661 0.0732808 0.0753967 0.0746948 0.0717527 0.0671901 0.0615508 0.0552752 0.0486994 0.0420643 0.0355407 0.0292633 0.0233606 0.0179689 0.0132249 0.0092426 0.00608455 0.00374187
 0.00865274 0.0140466 0.0211171 0.0297747 0.0396922 0.0501548 0.0600325 0.068056 0.0732832 0.0754065 0.0747011 0.0717431 0.0671565 0.0614928 0.0552009 0.0486239 0.042007 0.0355204 0.0292909 0.0234329 0.0180679 0.013325 0.0093222 0.00613428 0.00376481
 0.00863666 0.0140228 0.0210856 0.0297371 0.039651 0.0501128 0.0599927 0.0680218 0.0732582 0.0753944 0.0747031 0.0717568 0.0671747 0.0615064 0.0552031 0.0486137 0.041991 0.0355103 0.029299 0.0234656 0.0181219 0.0133888 0.00938156 0.00617896 0.00379192
 0.00863481 0.0140184 0.0210764 0.0297205 0.039625 0.0500774 0.0599509 0.0679791 0.073221 0.0753678 0.0746897 0.0717565 0.0671852 0.0615234 0.0552211 0.0486279 0.0419994 0.0355153 0.0293065 0.023482 0.0181498 0.0134254 0.00941981 0.00621169 0.00381501
 0.00860438 0.0139755 0.0210239 0.029665 0.0395742 0.0500373 0.0599229 0.0679609 0.0732088 0.0753594 0.0746858 0.0717596 0.0671975 0.0615453 0.0552505 0.0486608 0.0420316 0.0355444 0.0293327 0.0235074 0.018177 0.0134546 0.00944897 0.0062373 0.0038344
 0.00861611 0.0139869 0.0210274 0.0296498 0.039531 0.0499638 0.0598278 0.067862 0.0731262 0.0753068 0.0746664 0.0717678 0.0672243 0.0615828 0.0552937 0.0487066 0.0420775 0.0355882 0.0293728 0.0235435 0.0182095 0.0134841 0.00947515 0.00625915 0.00385093
 0.0086058 0.0139758 0.0210204 0.0296536 0.0395502 0.0499961 0.0598625 0.067883 0.0731198 0.07527 0.0746087 0.071706 0.0671739 0.0615521 0.055283 0.0487116 0.0420926 0.0356087 0.0293954 0.0235662 0.0182311 0.0135041 0.00949294 0.00627408 0.00386244
 0.0086058 0.0139758 0.0210204 0.0296536 0.0395502 0.0499961 0.0598625 0.067883 0.0731198 0.07527 0.0746087 0.071706 0.0671739 0.0615521 0.055283 0.0487116 0.0420926 0.0356087 0.0293954 0.0235662 0.0182311 0.0135041 0.00949294 0.00627408 0.00386244
 0.00892054 0.0144675 0.0217214 0.0305757 0.0406768 0.0512736 0.0611928 0.0691283 0.0741266 0.075906 0.0747971 0.0714421 0.0665196 0.0606146 0.0541863 0.047571 0.0409985 0.0346214 0.0285484 0.0228723 0.0176887 0.0131012 0.00921065 0.00608901 0.00374989
 0.00847167 0.0137981 0.0208285 0.0295024 0.039508 0.0501241 0.0601931 0.0684078 0.0737886 0.0759978 0.0752913 0.072242 0.0674885 0.0616145 0.0551108 0.0483599 0.0416348 0.0351169 0.0289269 0.0231582 0.0179018 0.0132565 0.00931984 0.0061621 0.00379588
 0.00866047 0.0140351 0.0210579 0.0296337 0.0394476 0.0498202 0.0596712 0.0677701 0.0731766 0.0755401 0.0750646 0.0722587 0.0677073 0.0619617 0.0555033 0.0487258 0.0419275 0.0353195 0.0290473 0.0232177 0.0179241 0.0132604 0.00931716 0.00615863 0.00379354
 0.00824202 0.0134064 0.0202058 0.0285748 0.0382168 0.0484565 0.0582163 0.0662852 0.0717645 0.0743525 0.0742777 0.072021 0.0680849 0.06291 0.0568796 0.0503346 0.0435738 0.036849 0.0303643 0.0242826 0.0187394 0.0138535 0.00972666 0.00642558 0.00395655
 0.00870593 0.0140889 0.0210993 0.0296241 0.0393312 0.0495313 0.0591462 0.0669665 0.0720971 0.0742559 0.0737228 0.0710626 0.0668682 0.0616364 0.0557441 0.0494649 0.0430038 0.0365345 0.0302229 0.0242337 0.0187265 0.0138479 0.00971938 0.00641687 0.00394877
 0.00857779 0.0139504 0.0210165 0.0296934 0.0396432 0.0501199 0.0599525 0.0678465 0.0728727 0.0747783 0.0739122 0.0709113 0.0664234 0.0609849 0.0549998 0.0487508 0.0424231 0.036142 0.0300161 0.0241675 0.0187412 0.013893 0.00976445 0.00644993 0.00396897
 0.00869094 0.0141075 0.0212074 0.0299016 0.0398637 0.0503771 0.0603033 0.0683531 0.0735547 0.0755731 0.0746766 0.0714706 0.0666401 0.0608084 0.0544753 0.0479938 0.0415777 0.0353407 0.0293497 0.0236733 0.0184098 0.0136889 0.00964614 0.00638378 0.00393267
#pred catch len freq
 0.00405096 0.0064438 0.00946681 0.0130746 0.0172428 0.0219419 0.0270697 0.0324224 0.0377339 0.0427375 0.0472077 0.0509827 0.0539797 0.0561978 0.0577009 0.0585928 0.0589982 0.0590324 0.0587322 0.0579446 0.0562436 0.0529993 0.0476716 0.0402158 0.0313164
 0.00423304 0.00666979 0.00968095 0.0131908 0.0171793 0.0216695 0.0266427 0.0319649 0.0373826 0.0425754 0.0472307 0.0511179 0.0541395 0.0563334 0.0578265 0.0587712 0.0592953 0.0594656 0.0592379 0.058388 0.0564726 0.052917 0.0472861 0.0396353 0.0306938
 0.00441414 0.00696216 0.0101114 0.013768 0.0178749 0.0224009 0.0272752 0.0323487 0.0374199 0.0422771 0.046719 0.0505634 0.0536766 0.0560128 0.0576298 0.0586619 0.0592579 0.059502 0.0593338 0.0584838 0.0564718 0.0527329 0.0468945 0.039094 0.0301134
 0.0045997 0.00725695 0.0105442 0.0143652 0.0186602 0.0233877 0.0284483 0.0336398 0.0386922 0.0433424 0.0473932 0.0507412 0.0533787 0.0553708 0.056818 0.0578249 0.0584766 0.0588011 0.0587013 0.0578828 0.0558495 0.0520424 0.0461266 0.0382934 0.0293629
 0.0048719 0.00767527 0.0111301 0.0151266 0.0195963 0.0244955 0.0297228 0.0350654 0.040227 0.0448999 0.0488329 0.0518813 0.0540418 0.0554467 0.0563104 0.0568478 0.0572024 0.0573934 0.0572702 0.0564768 0.0544765 0.0507023 0.0448399 0.037112 0.028355
 0.00520431 0.00819172 0.0118632 0.0160922 0.0207937 0.025908 0.0313159 0.0367854 0.0420042 0.046655 0.050477 0.0533094 0.0551266 0.0560496 0.0563158 0.0562082 0.0559658 0.0556914 0.055273 0.0543447 0.0523342 0.0486444 0.0429495 0.0354697 0.0270271
 0.00554026 0.00871956 0.0126245 0.0171164 0.0220969 0.0274895 0.0331501 0.0388134 0.044133 0.0487664 0.0524432 0.0550068 0.0564429 0.0568833 0.0565747 0.055819 0.0548973 0.0539808 0.0530344 0.0517518 0.049588 0.0459437 0.0404711 0.0333536 0.0253592
 0.00589519 0.00927286 0.0134147 0.018168 0.0234227 0.0290918 0.0350153 0.0409023 0.0463724 0.0510484 0.0546329 0.0569572 0.0580122 0.0579493 0.0570413 0.0556157 0.0539822 0.052354 0.0507586 0.0489662 0.0465036 0.0428148 0.0375527 0.0308539 0.0234017
 0.00628038 0.00987372 0.0142729 0.0193088 0.0248553 0.03081 0.0369925 0.0430849 0.0486787 0.0533737 0.0568569 0.0589511 0.0596464 0.0591023 0.0576078 0.0555131 0.0531554 0.0507848 0.0484826 0.0460949 0.0432353 0.0394214 0.0343333 0.0280692 0.0212146
 0.0065873 0.0103631 0.0149926 0.0203001 0.0261496 0.0324217 0.0389073 0.0452506 0.0510042 0.0557382 0.0591243 0.0609845 0.0613194 0.0603054 0.0582495 0.055518 0.0524656 0.049368 0.0463524 0.0433361 0.0400248 0.0360238 0.0310595 0.025205 0.0189489
 0.00689016 0.0108357 0.0156689 0.0212034 0.0272955 0.0338195 0.0405558 0.0471276 0.0530566 0.0578781 0.0612338 0.0629287 0.0629635 0.06153 0.0589582 0.0556368 0.0519391 0.0481617 0.0444669 0.0408341 0.0370563 0.03283 0.0279389 0.0224441 0.0167465
 0.00727087 0.0114262 0.0165054 0.0223033 0.0286583 0.0354286 0.0423762 0.0491017 0.0551049 0.0599062 0.0631404 0.0646116 0.0643249 0.0624814 0.059425 0.0555602 0.051276 0.0468863 0.0425819 0.0383927 0.0341884 0.0297516 0.0249256 0.0197685 0.0146036
 0.00759187 0.0119309 0.0172339 0.023283 0.029902 0.0369307 0.0441045 0.0509918 0.0570633 0.0618221 0.0649013 0.0661167 0.0654923 0.0632497 0.0597493 0.0554062 0.0506154 0.0456996 0.0408698 0.0361977 0.0316189 0.0269925 0.022218 0.0173555 0.0126631
 0.00791724 0.0124327 0.01794 0.0242055 0.031041 0.0382788 0.0456445 0.0526876 0.0588507 0.0636064 0.0665664 0.0675424 0.0665746 0.0639161 0.0599617 0.0551529 0.0498982 0.0445259 0.0392562 0.0341878 0.0293061 0.0245326 0.019815 0.0152169 0.0109426
 0.00810721 0.012738 0.018393 0.0248344 0.0318658 0.0393039 0.0468522 0.0540352 0.0602762 0.0650385 0.0679303 0.0687612 0.0675701 0.0646136 0.0602996 0.0550906 0.0494186 0.0436317 0.0379691 0.0325543 0.0274114 0.0225092 0.0178326 0.0134478 0.00951539
 0.00826598 0.0129936 0.018774 0.0253678 0.032575 0.0402034 0.047938 0.0552769 0.0616135 0.0663865 0.0691928 0.0698462 0.0684038 0.0651459 0.0605013 0.054947 0.048925 0.0427934 0.0368062 0.0311103 0.0257625 0.0207691 0.0161427 0.0119487 0.0083104
 0.0084745 0.0133131 0.0192195 0.025943 0.0332761 0.0410235 0.0488679 0.0562997 0.062698 0.0674826 0.0702326 0.0707519 0.0691 0.0655732 0.0606245 0.0547549 0.0484244 0.0420026 0.035753 0.0298377 0.0243373 0.0192868 0.0147186 0.0106956 0.00730895
 0.00863028 0.0135581 0.0195728 0.0264174 0.0338759 0.0417427 0.0496872 0.0571856 0.0636065 0.0683661 0.0710445 0.0714478 0.0696372 0.0659113 0.06073 0.0546069 0.0480174 0.0413473 0.0348751 0.0287787 0.0231582 0.0180688 0.0135561 0.00967841 0.00649974
