SBPRF35
9.13172
Curr Bio
635228
B35
738476
F35
0.1982
FOFL
0.160367
OFL
77465.8
Bzero
2.60906e+006
#pred survey bio
 4.3604e+006 4.15925e+006 3.96048e+006 3.71403e+006 3.4241e+006 3.13184e+006 2.80883e+006 2.52425e+006 2.24715e+006 1.99684e+006 1.75114e+006 1.54957e+006 1.36185e+006 1.19965e+006 1.06996e+006 951796 859208 781396 727806 681988 641008 617770 605601 582907 578109 564582 559872 560585 549321 547130 551101 561945 563801 562265 559089 551277 554398 544313 542103 557691 565202 561996 561930 570135 581481 587535 597875 594784 603848 588415 596377 640200 2.13164e+007 1.25807e+007 1.26947e+007 1.33955e+007 1.44536e+007 1.56117e+007 1.66998e+007 1.76346e+007 1.83927e+007 1.89843e+007 1.9434e+007 1.977e+007 2.00183e+007 2.02007e+007 2.03345e+007 2.04326e+007 2.05047e+007 2.0558e+007 2.05976e+007 2.06271e+007 2.06492e+007 2.0666e+007 2.06787e+007 2.06884e+007 2.06958e+007 2.07015e+007 2.07059e+007 2.07093e+007 2.0712e+007 2.0714e+007 2.07157e+007 2.07169e+007 2.07179e+007 2.07187e+007 2.07193e+007 2.07198e+007 2.07201e+007 2.07204e+007 2.07207e+007 2.07209e+007 2.0721e+007 2.07211e+007 2.07212e+007 2.07213e+007 2.07213e+007 2.07214e+007 2.07214e+007 2.07214e+007 2.07215e+007 2.07215e+007 2.07215e+007 2.07215e+007 2.07215e+007 2.07215e+007 2.07215e+007 2.07215e+007 2.07215e+007 2.07215e+007 2.07215e+007 2.07215e+007 2.07215e+007 2.07215e+007 2.07215e+007 2.07215e+007 2.07215e+007 2.07215e+007 2.07215e+007 2.07215e+007 2.07215e+007 2.07215e+007 2.07215e+007 2.07215e+007 2.07215e+007 2.07215e+007 2.07215e+007 2.07215e+007 2.07215e+007 2.07215e+007 2.07215e+007 2.07215e+007 2.07215e+007 2.07215e+007 2.07215e+007 2.07215e+007 2.07215e+007 2.07215e+007 2.07215e+007 2.07215e+007 2.07215e+007 2.07215e+007 2.07215e+007 2.07215e+007 2.07215e+007 2.07215e+007 2.07215e+007 2.07215e+007 2.07215e+007 2.07215e+007 2.07215e+007 2.07215e+007 0 0 0 0 0 0 0 0 0 0 0 0 0 0 0 0 0 0 0 0 0 0 0 0 0
#obs survey bio
 3.6244e+006 3.59681e+006 3.52109e+006 3.9128e+006 2.61229e+006 2.76939e+006 3.56453e+006 2.09129e+006 1.63831e+006 2.03621e+006 1.47854e+006 1.26257e+006 1.13595e+006 1.12055e+006 998671 702910 701105 612185 702091 549831 630277 482858 530394 794436 440859 456396 369614 459979 405074 427369 384938 706208 553298 760874 540789 557863 650745 716004 303305 602461 621566 716954 617476 539464 533378 646178 828586 635094 724714 434257 630532 515908
#pred catch bio
 107198 106337 157317 212420 235476 287719 277734 294602 291687 305264 279652 277085 260053 233639 223460 200201 185592 161997 151752 143295 124515 112772 119160 101795 107712 99630.7 95787.9 106240 98433.2 93379.4 87722.3 94353.4 94636.2 92304.1 92197 81817.9 95616 92508.2 80706.3 88942.5 97165.9 93275.2 86224.9 84616.7 89930.1 86691.5 97754.7 86916.3 106625 85898.5 56085.5 115774 77465.8 92273.3 91702.9 95299.6 102250 110241 117751 124098 129117 132907 135675 137645 139021 139968 140611 141045 141334 141527 141654 141738 141793 141829 141853 141868 141878 141885 141889 141892 141894 141895 141896 141896 141896 141897 141897 141897 141897 141897 141897 141897 141897 141897 141897 141897 141897 141897 141897 141897 141897 141897 141897 141897 141897 141897 141897 141897 141897 141897 141897 141897 141897 141897 141897 141897 141897 141897 141897 141897 141897 141897 141897 141897 141897 141897 141897 141897 141897 141897 141897 141897 141897 141897 141897 141897 141897 141897 141897 141897 141897 141897 141897 141897 141897 141897 141897 141897 141897 141897 141897 141897 0 0 0 0 0 0 0 0 0 0 0 0 0 0 0 0 0 0 0 0 0 0 0 0 0
#obs catch bio
 0 106119 157953 213506 236973 291267 280383 299011 296095 311017 285214 283316 266605 238570 226906 203259 189077 165396 154198 146084 126097 114390 120882 102623 108889 100301 97061.8 108186 100292 95374.1 89159 96165 96187.3 93571.4 93059.4 81973.2 96130.3 92557.6 81072.3 89071.3 97001.4 92965.6 85760.9 84473.1 90189.9 86457.6 97650.5 86510.1 106149 85859.7 55431.4 116457
#pred cpue bio
 4.28798e+006 4.09077e+006 3.89578e+006 3.65141e+006 3.36289e+006 3.07196e+006 2.75081e+006 2.4678e+006 2.19238e+006 1.94371e+006 1.70012e+006 1.50043e+006 1.31495e+006 1.15518e+006 1.02783e+006 911978 821107 745009 693023 648951 609646 587458 575909 554172 549775 536776 531982 532347 521255 519093 523080 533888 536240 535515 533413 526628 529258 517972 514606 529528 537327 534722 534883 542787 553623 559481 569657 566843 575834 561007 568779 612033 2.04168e+007 1.2064e+007 1.20512e+007 1.25893e+007 1.35818e+007 1.47224e+007 1.58065e+007 1.67405e+007 1.74985e+007 1.80901e+007 1.85397e+007 1.88757e+007 1.91241e+007 1.93065e+007 1.94403e+007 1.95384e+007 1.96105e+007 1.96638e+007 1.97033e+007 1.97328e+007 1.9755e+007 1.97717e+007 1.97844e+007 1.97941e+007 1.98016e+007 1.98073e+007 1.98117e+007 1.98151e+007 1.98178e+007 1.98198e+007 1.98214e+007 1.98227e+007 1.98237e+007 1.98244e+007 1.98251e+007 1.98255e+007 1.98259e+007 1.98262e+007 1.98264e+007 1.98266e+007 1.98268e+007 1.98269e+007 1.9827e+007 1.9827e+007 1.98271e+007 1.98271e+007 1.98272e+007 1.98272e+007 1.98272e+007 1.98272e+007 1.98273e+007 1.98273e+007 1.98273e+007 1.98273e+007 1.98273e+007 1.98273e+007 1.98273e+007 1.98273e+007 1.98273e+007 1.98273e+007 1.98273e+007 1.98273e+007 1.98273e+007 1.98273e+007 1.98273e+007 1.98273e+007 1.98273e+007 1.98273e+007 1.98273e+007 1.98273e+007 1.98273e+007 1.98273e+007 1.98273e+007 1.98273e+007 1.98273e+007 1.98273e+007 1.98273e+007 1.98273e+007 1.98273e+007 1.98273e+007 1.98273e+007 1.98273e+007 1.98273e+007 1.98273e+007 1.98273e+007 1.98273e+007 1.98273e+007 1.98273e+007 1.98273e+007 1.98273e+007 1.98273e+007 1.98273e+007 1.98273e+007 1.98273e+007 1.98273e+007 1.98273e+007 1.98273e+007 1.98273e+007 1.98273e+007 1.98273e+007 0 0 0 0 0 0 0 0 0 0 0 0 0 0 0 0 0 0 0 0 0 0 0 0 0
#obs cpue bio
 3.29859e+006 3.13149e+006 2.16553e+006 4.38229e+006 2.3504e+006 2.6375e+006 2.13401e+006 1.90185e+006 2.52724e+006 1.5553e+006 1.29092e+006 1.43318e+006 1.02192e+006 1.10998e+006 1.36189e+006 932432 672885 550368 749296 527098 636868 474548 685511 381368 634197 675145 379167 482037 427294 385338 675808 322655 513323 371377 717524 645815 452414 523570 493789 732301 676914 475577 591288 430382 456954 704717 467969 542975 738722 556733 742448 519473
#pred surv len freq
 0.00541642 0.00870081 0.0129204 0.0179992 0.0237864 0.0299939 0.0361588 0.041739 0.0463135 0.0497277 0.0520792 0.0535962 0.0545205 0.0550451 0.0552881 0.0552869 0.0550102 0.0543743 0.0532445 0.051409 0.0485656 0.044386 0.0386969 0.0316974 0.0240438
 0.00557283 0.0088712 0.0130273 0.0179331 0.0234528 0.0293772 0.0353618 0.0409587 0.0457557 0.0495067 0.0521667 0.0538469 0.0547547 0.0551371 0.0552181 0.0551408 0.0549312 0.054492 0.0536098 0.0519669 0.0491798 0.0449043 0.0390196 0.0318106 0.0240042
 0.00586427 0.0093185 0.0136451 0.0187017 0.0243056 0.0301951 0.0359865 0.0412384 0.0456133 0.0489929 0.0514483 0.0531257 0.0541665 0.0547001 0.0548634 0.0547911 0.0545685 0.0541683 0.0534014 0.0519127 0.0492481 0.0450098 0.0390748 0.0317728 0.0238872
 0.00611014 0.00971989 0.0142515 0.0195572 0.0254358 0.0315851 0.0375566 0.0428333 0.0470209 0.0499955 0.0518931 0.0529811 0.0535307 0.0537513 0.0537776 0.0536821 0.0534836 0.053126 0.0524278 0.0510437 0.0485062 0.0443874 0.038544 0.03131 0.0234893
 0.00638074 0.0101481 0.0148755 0.0204085 0.0265375 0.0329478 0.0391667 0.044637 0.0489113 0.0518099 0.0534275 0.0540296 0.0539417 0.0534786 0.052895 0.0523494 0.0518841 0.0514152 0.0507167 0.0494091 0.047004 0.0430577 0.037411 0.0303847 0.0227726
 0.00663281 0.0105515 0.0154708 0.0212303 0.0276095 0.0342754 0.0407286 0.0463819 0.0507614 0.0536678 0.0551767 0.0555298 0.0550334 0.0540081 0.0527585 0.0515333 0.0504753 0.0495745 0.0486319 0.0472553 0.044925 0.0411639 0.0357813 0.0290659 0.0217769
 0.00696963 0.0110791 0.0162284 0.0222426 0.0288856 0.0358057 0.042479 0.0482893 0.0527378 0.0556116 0.0569836 0.0570973 0.0562566 0.0547758 0.0529595 0.05108 0.049338 0.0478076 0.0463748 0.0447068 0.0423048 0.0386771 0.0335923 0.0272812 0.0204358
 0.00729279 0.0115888 0.0169666 0.0232382 0.0301505 0.0373294 0.0442209 0.0501767 0.054675 0.0574963 0.0587214 0.0586056 0.0574603 0.0555989 0.0533196 0.0508916 0.048531 0.046358 0.0443351 0.0422187 0.0395838 0.0359724 0.0311358 0.0252415 0.0188912
 0.00762469 0.012116 0.0177369 0.0242881 0.0314993 0.0389696 0.0461075 0.0522233 0.0567637 0.0594989 0.0605208 0.0601084 0.0585982 0.0563221 0.0535851 0.050653 0.0477388 0.0449758 0.0423714 0.039759 0.0368043 0.0331193 0.0284726 0.0229843 0.0171588
 0.00792044 0.0125886 0.0184332 0.0252474 0.0327473 0.0405089 0.0479061 0.054208 0.0588262 0.0615124 0.0623591 0.0616601 0.059776 0.057065 0.0538539 0.0504209 0.0469818 0.0436747 0.0405302 0.0374359 0.034138 0.0303279 0.0258142 0.0206905 0.0153731
 0.00826459 0.013132 0.0192213 0.0263127 0.034105 0.0421506 0.04979 0.0562542 0.0609231 0.063533 0.0641785 0.0631687 0.0608867 0.0577161 0.0540089 0.0500625 0.0461047 0.0422818 0.0386406 0.0351074 0.0314924 0.0275594 0.0231626 0.0183831 0.0135604
 0.00853303 0.0135617 0.0198558 0.0271884 0.0352456 0.0435574 0.0514313 0.0580609 0.0627964 0.0653606 0.0658507 0.0645879 0.0619711 0.0584015 0.0542488 0.0498281 0.0453824 0.0410729 0.0369671 0.0330262 0.0291144 0.0250568 0.0207496 0.0162669 0.0118845
 0.00875045 0.0139191 0.020401 0.0279683 0.0362971 0.0448925 0.0530219 0.0598329 0.0646394 0.0671488 0.0674639 0.0659256 0.062958 0.0589873 0.0544044 0.0495396 0.044647 0.0398985 0.0353784 0.0310787 0.0269098 0.0227494 0.0185298 0.0143195 0.0103386
 0.00896812 0.0142624 0.0208989 0.0286434 0.0371653 0.0459605 0.0542808 0.0612503 0.0661552 0.0686776 0.0689038 0.067172 0.0639184 0.0595927 0.0546136 0.0493357 0.0440308 0.0388835 0.0339935 0.0293777 0.0249847 0.0207356 0.0165922 0.012618 0.00898545
 0.00925532 0.0146977 0.0214956 0.0293943 0.0380472 0.0469429 0.0553308 0.0623341 0.067238 0.0697239 0.0698766 0.0680287 0.0646092 0.0600626 0.0548098 0.0492169 0.0435731 0.0380831 0.0328687 0.0279743 0.0233828 0.0190521 0.0149678 0.0111883 0.00784606
 0.00958946 0.01522 0.0222412 0.0303781 0.0392573 0.0483335 0.0568178 0.0638013 0.0685607 0.0708006 0.0706519 0.0684955 0.0647913 0.059992 0.05451 0.0486963 0.042829 0.0371119 0.0316777 0.0265935 0.0218742 0.0175099 0.0135067 0.0099181 0.00684206
 0.00973932 0.0154742 0.0226431 0.0309737 0.0400838 0.049402 0.0580951 0.065204 0.0699662 0.0720733 0.0716719 0.0691817 0.0651129 0.059965 0.0541809 0.0481204 0.0420522 0.0361643 0.0305806 0.0253734 0.0205766 0.0162058 0.0122845 0.00886305 0.00601201
 0.00978014 0.0155526 0.0227844 0.0312121 0.0404583 0.0499476 0.0588309 0.0661222 0.0710249 0.0731954 0.0727527 0.0701063 0.0657802 0.0603101 0.0541863 0.0478113 0.0414805 0.0353888 0.0296548 0.0243452 0.0194965 0.015134 0.01129 0.00801049 0.00534438
 0.00978358 0.0155517 0.0227724 0.0311826 0.0404124 0.0499022 0.0588245 0.0662101 0.0712636 0.0736205 0.0733606 0.0708471 0.0665649 0.0610308 0.0547418 0.0481304 0.0415335 0.0351862 0.029235 0.023762 0.0188109 0.0144114 0.0105961 0.00740317 0.0048623
 0.00980962 0.015591 0.0228255 0.0312466 0.0404805 0.0499646 0.0588713 0.0662376 0.0712821 0.0736587 0.0734605 0.0710472 0.06688 0.0614373 0.0551789 0.0485165 0.0417912 0.0352636 0.029117 0.0234686 0.0183885 0.0139208 0.0101007 0.00695787 0.00450365
 0.00995169 0.0157955 0.0230844 0.0315353 0.0407651 0.0502122 0.059059 0.0663544 0.0713268 0.0736384 0.0733917 0.0709578 0.066806 0.0614119 0.0552171 0.0486042 0.0418867 0.0353122 0.029072 0.0233083 0.0181224 0.0135845 0.0097433 0.00662676 0.00423236
 0.0100378 0.0159214 0.0232467 0.0317203 0.04095 0.0503698 0.059163 0.0663851 0.0712776 0.0735194 0.0732293 0.0707882 0.0666653 0.0613287 0.055207 0.0486662 0.0420006 0.0354407 0.02917 0.0233377 0.0180659 0.0134507 0.00956164 0.00643472 0.00406203
 0.00997181 0.0158294 0.0231365 0.0316078 0.0408538 0.050303 0.0591265 0.0663678 0.0712626 0.0734931 0.0731882 0.0707413 0.0666314 0.0613296 0.0552603 0.048779 0.0421654 0.0356352 0.029361 0.0234901 0.0181536 0.0134661 0.00951687 0.00635503 0.00397469
 0.010056 0.0159514 0.0232929 0.0317871 0.0410409 0.0504856 0.0592988 0.0665275 0.0714039 0.0736013 0.0732416 0.0707197 0.0665274 0.0611556 0.0550464 0.0485627 0.0419793 0.035497 0.0292694 0.0234291 0.0181016 0.0134064 0.00944414 0.00627515 0.00389899
 0.0101201 0.0160321 0.023371 0.0318305 0.041014 0.0503643 0.059083 0.0662456 0.0711052 0.0733412 0.0730647 0.0706477 0.0665552 0.0612572 0.0551881 0.048717 0.0421315 0.0356424 0.0294065 0.023553 0.0182032 0.0134768 0.00948031 0.00628201 0.00388724
 0.010381 0.0164201 0.0238862 0.0324454 0.0416761 0.0510039 0.059623 0.066613 0.071247 0.0732416 0.0727527 0.0701889 0.0660296 0.0607352 0.0547157 0.0483139 0.0417993 0.0353751 0.0291968 0.0233933 0.0180846 0.013389 0.00941343 0.00622938 0.00384581
 0.0104805 0.0165845 0.0241372 0.0328017 0.0421449 0.0515703 0.0602411 0.0672076 0.0717297 0.0735346 0.0728116 0.0700136 0.0656616 0.0602434 0.0541764 0.0477923 0.041338 0.0349929 0.028895 0.0231634 0.0179147 0.0132664 0.00932647 0.00616843 0.00380374
 0.0104046 0.0164833 0.0240267 0.0327126 0.0421169 0.051641 0.0604342 0.0675233 0.0721406 0.073987 0.0732344 0.0703347 0.0658283 0.0602377 0.0540185 0.0475303 0.0410299 0.0346898 0.0286302 0.0229515 0.0177559 0.0131532 0.00924876 0.00611654 0.00376997
 0.0104231 0.0165151 0.0240784 0.0327929 0.0422369 0.0518126 0.0606679 0.0678238 0.0725015 0.0743861 0.0736322 0.0706782 0.0660617 0.0603172 0.0539256 0.0472789 0.0406628 0.0342654 0.0282067 0.022573 0.0174468 0.0129196 0.00908387 0.00600745 0.00370224
 0.0103489 0.0164029 0.0239257 0.0326043 0.0420247 0.0515966 0.0604753 0.0676876 0.0724553 0.0744558 0.0738266 0.0709828 0.0664373 0.0607066 0.0542667 0.0475212 0.0407813 0.0342655 0.0281183 0.0224374 0.0173022 0.0127922 0.00898575 0.00593956 0.00365938
 0.0102363 0.0162275 0.0236767 0.0322781 0.0416273 0.0511463 0.060005 0.0672442 0.0720934 0.0742273 0.0737692 0.0711118 0.0667417 0.0611491 0.0547886 0.0480531 0.0412586 0.034643 0.0283788 0.0225904 0.0173744 0.0128145 0.00898406 0.00593022 0.00365029
 0.00993591 0.0157818 0.0230851 0.0315682 0.0408466 0.0503498 0.0592456 0.0665712 0.0715541 0.0738663 0.0736234 0.0712035 0.0670722 0.0616939 0.055498 0.0488574 0.0420784 0.035404 0.0290256 0.0230953 0.0177375 0.0130564 0.00913413 0.00601759 0.00369823
 0.009689 0.0154033 0.0225594 0.0308991 0.04006 0.049493 0.0583863 0.0657902 0.0709295 0.0734544 0.0734486 0.0712617 0.0673429 0.0621503 0.0561086 0.0495818 0.0428641 0.0361894 0.0297498 0.0237108 0.0182194 0.0134039 0.00936537 0.00615977 0.00377916
 0.00937505 0.0149308 0.0219191 0.0301079 0.039156 0.0485281 0.0574206 0.0648912 0.0701691 0.0729006 0.0731526 0.0712475 0.0676036 0.0626528 0.0568029 0.0504107 0.0437678 0.037107 0.0306218 0.0244846 0.0188576 0.0138911 0.00970834 0.00638192 0.00391131
 0.00935363 0.0148552 0.0217317 0.0297347 0.0385307 0.0476276 0.0562928 0.0636543 0.0689789 0.0719044 0.0724545 0.070898 0.067607 0.0629803 0.0574028 0.0512161 0.0447035 0.0380963 0.0315917 0.0253714 0.0196134 0.014489 0.0101452 0.00667526 0.0040916
 0.0102071 0.016059 0.0232007 0.0312672 0.0398567 0.0484911 0.0565268 0.0632157 0.0679437 0.0704398 0.0707808 0.0692436 0.0661634 0.0618716 0.0566785 0.050863 0.0446669 0.038299 0.0319486 0.0258004 0.0200438 0.014869 0.0104456 0.00688913 0.0042289
 0.0107992 0.0169986 0.0245629 0.0330823 0.0420751 0.0509462 0.0589188 0.0651534 0.069053 0.0704954 0.0697874 0.0674232 0.063866 0.0594627 0.0544532 0.0490069 0.0432565 0.0373255 0.0313494 0.0254874 0.019925 0.0148629 0.0104901 0.00694438 0.00427476
 0.0107988 0.0170873 0.0248614 0.0337572 0.0432954 0.05281 0.0613816 0.0679947 0.0719019 0.0729084 0.0713567 0.0678847 0.063173 0.0577934 0.0521469 0.0464558 0.0408029 0.0352005 0.029661 0.0242437 0.0190708 0.0143147 0.0101612 0.00675989 0.00417803
 0.0104637 0.0166012 0.0242448 0.0330833 0.0426914 0.0524463 0.061447 0.0686522 0.0732237 0.0748134 0.0735881 0.0700573 0.0648809 0.0587361 0.0522175 0.0457567 0.0395871 0.0337733 0.0282868 0.0230916 0.0182075 0.0137284 0.00979773 0.0065534 0.00407035
 0.0100716 0.0159869 0.0233669 0.0319281 0.041287 0.0508802 0.0598813 0.0673187 0.0723857 0.0746965 0.0743035 0.0715468 0.0669095 0.0609435 0.0542194 0.0472586 0.0404633 0.0340758 0.0281881 0.0227978 0.017885 0.0134713 0.00963298 0.00646706 0.00403447
 0.00996091 0.0157948 0.0230549 0.0314522 0.0406071 0.0499771 0.0587764 0.0660892 0.071167 0.0736692 0.0736636 0.0714586 0.06745 0.062059 0.0557197 0.0488646 0.0418945 0.0351391 0.0288255 0.0230734 0.0179274 0.0134087 0.00955307 0.00640941 0.00400486
 0.010028 0.0158901 0.0231709 0.0315686 0.0406893 0.0499787 0.0586447 0.0657766 0.0706497 0.0729687 0.0728605 0.0706889 0.0668772 0.0618254 0.0558932 0.0494053 0.0426614 0.0359411 0.0294937 0.0235174 0.0181474 0.0134671 0.0095284 0.00636205 0.00396569
 0.0101987 0.0161338 0.0234748 0.0318982 0.040997 0.0502165 0.0587745 0.0657719 0.0704926 0.072649 0.072383 0.0700864 0.0662209 0.0612211 0.0554573 0.0492244 0.0427553 0.0362505 0.029904 0.0239074 0.018436 0.0136319 0.00959357 0.00636962 0.00395167
 0.0102325 0.0161936 0.0235726 0.0320446 0.0411944 0.0504507 0.0590103 0.0659584 0.0705784 0.0725995 0.07219 0.0697668 0.0658105 0.0607712 0.0550327 0.0488965 0.0425831 0.036257 0.0300621 0.02415 0.0186853 0.0138306 0.00972033 0.00643358 0.00397544
 0.0100905 0.0159925 0.0233259 0.031785 0.0409666 0.0502979 0.0589607 0.0660175 0.0707265 0.0727961 0.072383 0.0699072 0.0658666 0.0607376 0.0549312 0.0487702 0.042484 0.0362295 0.0301269 0.0242949 0.018872 0.0140134 0.00986575 0.00652978 0.00402872
 0.0100158 0.0158733 0.0231516 0.0315511 0.0406795 0.0499808 0.0586562 0.0657807 0.0706087 0.072824 0.0725464 0.0701607 0.0661464 0.0609831 0.0551043 0.0488635 0.0425189 0.036244 0.0301581 0.0243638 0.0189766 0.014134 0.00997771 0.00661608 0.00408476
 0.00989891 0.0156941 0.0229022 0.031231 0.0402958 0.0495473 0.0581959 0.0653285 0.0702122 0.0725372 0.0724173 0.0702152 0.0663761 0.0613449 0.0555329 0.0492932 0.0429033 0.0365652 0.0304224 0.0245882 0.0191748 0.0143091 0.0101245 0.00672837 0.00416132
 0.00989291 0.0156855 0.0228911 0.0312174 0.0402785 0.0495225 0.0581562 0.0652643 0.0701152 0.0724065 0.072264 0.0700637 0.0662585 0.061289 0.0555504 0.0493739 0.0430214 0.0366919 0.0305384 0.0246878 0.0192612 0.0143865 0.0101934 0.00678566 0.0042041
 0.00980221 0.0155415 0.0226814 0.0309347 0.0399236 0.049109 0.0577129 0.0648334 0.0697431 0.0721312 0.0721068 0.0700286 0.0663377 0.0614701 0.0558185 0.0497109 0.0434021 0.0370855 0.0309138 0.0250208 0.0195389 0.0146064 0.0103593 0.00690422 0.00428336
 0.00994553 0.0157599 0.022982 0.0313115 0.0403563 0.0495623 0.0581385 0.0651755 0.0699507 0.0721725 0.0719788 0.0697559 0.0659637 0.0610453 0.0553918 0.0493225 0.0430799 0.0368418 0.0307461 0.0249163 0.0194806 0.0145787 0.0103502 0.00690521 0.00428861
 0.00954533 0.0151882 0.0222678 0.0305325 0.0396176 0.0489616 0.0577373 0.0649902 0.0699617 0.0723399 0.0722558 0.0700986 0.0663364 0.0614238 0.0557629 0.0496814 0.0434259 0.0371743 0.0310615 0.0252067 0.0197361 0.0147906 0.0105142 0.00702303 0.00436664
 0.00854702 0.0136835 0.020228 0.0280203 0.036783 0.0460239 0.0549651 0.0626723 0.0683569 0.0716152 0.0724444 0.0711026 0.0679692 0.063465 0.0580034 0.0519484 0.0455909 0.0391508 0.0327967 0.0266731 0.020925 0.0157094 0.0111854 0.00748214 0.00465813
#obs surv len freq
 nan nan nan nan nan nan nan nan nan nan nan nan nan nan nan nan nan nan nan nan nan nan nan nan nan
 0.00448279 0.0073436 0.0111735 0.0159906 0.021693 0.0279708 0.0342871 0.0400199 0.0447 0.0481633 0.0505199 0.052014 0.0529045 0.0534152 0.0537281 0.053982 0.0542598 0.0545521 0.0546905 0.0542823 0.0527203 0.0493527 0.0438028 0.0362834 0.0276677
 0.0046184 0.00756441 0.0115062 0.0164594 0.0223137 0.0287422 0.035182 0.0409822 0.0456517 0.0490197 0.051205 0.0524722 0.0531064 0.0533586 0.0534341 0.053487 0.0536072 0.0537846 0.0538474 0.0534005 0.0518389 0.0485147 0.043053 0.0356596 0.027191
 0.00477896 0.00782891 0.0119106 0.0170392 0.0230963 0.0297356 0.0363621 0.0422887 0.0469949 0.0502959 0.0523128 0.0533243 0.0536374 0.0535309 0.0532404 0.0529491 0.0527695 0.052706 0.052594 0.0520428 0.0504523 0.0471801 0.0418507 0.0346559 0.0264224
 0.00496603 0.00813475 0.0123743 0.0176987 0.0239822 0.0308596 0.0377055 0.0437961 0.0485797 0.0518535 0.0537345 0.0545077 0.054494 0.0539922 0.0532638 0.0525226 0.0519128 0.0514687 0.0510515 0.0502923 0.0486089 0.0453712 0.040202 0.0332701 0.0253573
 0.00517838 0.00848138 0.0128987 0.0184424 0.0249772 0.0321164 0.0392004 0.0454667 0.0503332 0.0535831 0.0553346 0.0558811 0.0555534 0.0546614 0.0534807 0.0522452 0.0511267 0.0501941 0.0493491 0.048265 0.0463999 0.0431514 0.0381466 0.0315251 0.0240078
 0.00540785 0.00885742 0.0134702 0.0192568 0.0260714 0.0335023 0.0408501 0.0473078 0.052259 0.0554738 0.0570761 0.057375 0.0567181 0.0554287 0.0537926 0.0520532 0.0503976 0.0489207 0.0475655 0.046061 0.043926 0.0406077 0.035751 0.0294669 0.0224031
 0.00564406 0.00924617 0.0140642 0.0201082 0.0272221 0.0349678 0.0426034 0.0492725 0.0543209 0.0575018 0.058944 0.0589743 0.0579625 0.0562519 0.0541434 0.0518903 0.049688 0.0476471 0.0457438 0.0437626 0.0412937 0.037852 0.0331166 0.0271766 0.0206018
 0.00589831 0.00966002 0.0146882 0.0209905 0.0283999 0.0364541 0.0443721 0.0512523 0.0564031 0.0595593 0.0608507 0.0606178 0.05925 0.0571117 0.0545225 0.0517495 0.0489976 0.0463903 0.0439297 0.04145 0.0386142 0.0350125 0.0303708 0.0247653 0.0186894
 0.00614768 0.0100688 0.0153095 0.0218756 0.0295879 0.0379561 0.0461554 0.0532358 0.0584701 0.0615812 0.0627073 0.0622079 0.0604919 0.057941 0.0548887 0.0516131 0.0483285 0.0451701 0.0421641 0.0391903 0.0359804 0.0322015 0.0276315 0.0223416 0.016754
 0.00638676 0.0104622 0.0159104 0.0227364 0.0307501 0.0394338 0.0479184 0.0552035 0.060523 0.063584 0.0645321 0.0637485 0.0616687 0.0586986 0.0551898 0.0514313 0.047643 0.0439675 0.0404495 0.037009 0.0334415 0.0294875 0.0249779 0.0199839 0.0148628
 0.0066308 0.0108621 0.016518 0.0236018 0.0319121 0.0409039 0.0496648 0.0571454 0.062541 0.0655429 0.0663031 0.0652235 0.0627666 0.0593658 0.0553964 0.0511633 0.0468952 0.0427404 0.0387568 0.0348964 0.0310091 0.0269019 0.022455 0.0177419 0.0130617
 0.00685153 0.0112269 0.017078 0.0244081 0.033005 0.0422965 0.0513263 0.0589957 0.0644624 0.0674033 0.067978 0.0666095 0.0637861 0.0599671 0.0555511 0.0508612 0.0461383 0.0415396 0.0371357 0.032905 0.0287425 0.0245106 0.0201321 0.0156819 0.0114076
 0.00705824 0.0115653 0.017592 0.0251403 0.0339889 0.0435438 0.0528132 0.0606567 0.0661977 0.069096 0.069513 0.0678864 0.0647271 0.0605196 0.0556861 0.0505695 0.0454245 0.0404193 0.0356384 0.0310836 0.0266879 0.0223589 0.0180532 0.0138448 0.00993546
 0.00725988 0.0118949 0.0180911 0.0258481 0.0349339 0.044731 0.0542116 0.0621958 0.067778 0.070609 0.0708587 0.0689832 0.0655139 0.060955 0.055747 0.0502484 0.0447271 0.0393629 0.034254 0.0294243 0.0248386 0.0204414 0.0162151 0.0122301 0.00864707
 0.00743518 0.0121817 0.0185259 0.0264656 0.0357599 0.0457713 0.0554402 0.0635511 0.0691713 0.0719413 0.0720378 0.0699343 0.0661834 0.0613098 0.0557714 0.0499399 0.0440932 0.0384205 0.0330323 0.0279719 0.0232318 0.0187867 0.0146386 0.0108525 0.00755233
 0.00754341 0.0123592 0.0187964 0.0268529 0.0362846 0.0464444 0.0562557 0.064482 0.0701713 0.0729511 0.0729921 0.0707691 0.0668409 0.0617434 0.055948 0.0498412 0.043714 0.0377683 0.032129 0.0268585 0.021974 0.0174755 0.0133809 0.00974955 0.00667437
 0.00759857 0.0124496 0.0189341 0.0270507 0.0365545 0.0467957 0.0566918 0.0649984 0.0707551 0.0735816 0.0736417 0.0714023 0.0674155 0.0622129 0.0562667 0.0499693 0.0436233 0.0374455 0.0315793 0.0261092 0.0210776 0.0165082 0.0124331 0.00890713 0.00599822
 0.00767117 0.0125569 0.0190759 0.0272209 0.0367443 0.0469982 0.0569059 0.0652289 0.07101 0.0738687 0.0739639 0.0717548 0.067783 0.0625687 0.0565739 0.0501852 0.0437058 0.0373612 0.0313115 0.0256644 0.020489 0.0158345 0.0117483 0.00828428 0.00549072
 0.00771168 0.0126196 0.0191639 0.0273338 0.0368774 0.0471419 0.0570471 0.0653542 0.0711125 0.0739529 0.0740469 0.0718596 0.0679279 0.0627574 0.0567915 0.0503994 0.0438735 0.037438 0.031262 0.0254728 0.020166 0.0154173 0.0112933 0.00785155 0.00512779
 0.00777338 0.0127111 0.0192851 0.027479 0.0370364 0.047303 0.0571986 0.0654852 0.0712136 0.0740178 0.0740759 0.071862 0.0679209 0.0627613 0.0568211 0.0504557 0.0439401 0.0374843 0.0312527 0.0253801 0.0199808 0.0151549 0.0109892 0.00755022 0.00486769
 0.00782329 0.0127906 0.0194014 0.027636 0.0372326 0.0475286 0.0574337 0.0657026 0.0713855 0.0741245 0.0741115 0.0718337 0.067846 0.0626617 0.0567184 0.0503668 0.0438716 0.0374291 0.031192 0.0252906 0.0198462 0.0149744 0.0107793 0.00733846 0.00468136
 0.0078627 0.0128512 0.019486 0.0277453 0.0373652 0.0476813 0.0576009 0.065875 0.0715494 0.0742632 0.0742082 0.0718766 0.067832 0.062598 0.0566205 0.0502535 0.0437592 0.0373263 0.031097 0.0251935 0.0197351 0.0148433 0.0106334 0.00719194 0.00455118
 0.00787386 0.0128683 0.0195098 0.0277759 0.0374021 0.0477237 0.0576483 0.0659272 0.0716066 0.0743254 0.0742738 0.0719407 0.0678867 0.0626342 0.0566321 0.05024 0.0437261 0.037281 0.0310451 0.0251355 0.0196678 0.014764 0.010544 0.00710025 0.00446758
 0.00788505 0.0128814 0.0195205 0.0277772 0.0373871 0.0476888 0.0575961 0.0658669 0.0715512 0.0742881 0.0742641 0.0719625 0.0679373 0.0627052 0.0567111 0.0503143 0.0437858 0.0373213 0.0310653 0.0251369 0.0196519 0.0147325 0.0105002 0.0070502 0.00441886
 0.00788862 0.0128861 0.0195251 0.0277794 0.037383 0.0476734 0.0575645 0.0658161 0.071483 0.0742105 0.0741909 0.0719097 0.0679173 0.0627231 0.0567631 0.0503893 0.0438695 0.0374 0.0311292 0.0251807 0.0196742 0.0147352 0.0104874 0.00702766 0.00439309
 0.00790695 0.0129101 0.0195507 0.0277991 0.0373883 0.047658 0.0575263 0.0657582 0.0714114 0.0741322 0.0741134 0.0718407 0.0678659 0.0626978 0.0567694 0.050427 0.0439317 0.0374752 0.0312044 0.0252449 0.0197209 0.0147623 0.0104971 0.00702476 0.00438335
 0.00791204 0.012916 0.0195549 0.0277974 0.0373751 0.0476274 0.0574742 0.0656836 0.0713182 0.0740296 0.0740138 0.0717573 0.0678095 0.0626748 0.0567816 0.0504725 0.0440048 0.0375669 0.031303 0.0253385 0.0197996 0.0148206 0.0105343 0.00704415 0.00439035
 0.00788992 0.0128802 0.0195014 0.0277228 0.0372776 0.0475082 0.0573383 0.0655403 0.0711795 0.0739075 0.0739187 0.0716975 0.0677901 0.0626979 0.0568458 0.0505726 0.0441327 0.0377118 0.0314527 0.0254807 0.0199236 0.0149192 0.0106052 0.00708971 0.00441609
 0.00786961 0.0128448 0.019444 0.0276358 0.0371552 0.0473494 0.0571504 0.0653385 0.0709843 0.0737395 0.0737946 0.071627 0.0677766 0.0627393 0.0569363 0.0507035 0.0442934 0.0378903 0.0316359 0.0256556 0.0200786 0.0150461 0.0107004 0.00715473 0.00445607
 0.00786593 0.0128354 0.0194232 0.027596 0.0370881 0.0472489 0.0570149 0.0651733 0.0708014 0.0735562 0.0736305 0.0715008 0.0677022 0.0627236 0.0569787 0.0507974 0.0444276 0.0380515 0.0318096 0.0258274 0.0202357 0.0151787 0.0108031 0.00722734 0.00450259
 0.0078121 0.0127534 0.01931 0.0274522 0.0369174 0.047057 0.0568095 0.064964 0.0706003 0.0733772 0.0734877 0.0714072 0.0676677 0.0627536 0.0570722 0.0509474 0.0446218 0.0382738 0.0320427 0.0260541 0.0204409 0.0153514 0.0109376 0.0073235 0.00456534
 0.0078078 0.0127367 0.0192676 0.0273669 0.0367739 0.0468503 0.056551 0.0646811 0.0703275 0.0731452 0.0733162 0.0713037 0.0676322 0.0627824 0.0571609 0.0510897 0.0448088 0.0384927 0.0322775 0.0262875 0.0206563 0.0155358 0.0110834 0.00742937 0.00463552
 0.00777373 0.0126843 0.0191937 0.0272692 0.0366493 0.0466943 0.0563587 0.0644517 0.0700696 0.0728803 0.0730758 0.0711208 0.0675312 0.0627732 0.057239 0.0512413 0.0450158 0.0387364 0.0325387 0.0265473 0.0208971 0.0157432 0.0112486 0.00755035 0.00471649
 0.00773956 0.0126289 0.0191108 0.0271536 0.0364992 0.0465126 0.0561545 0.0642388 0.0698624 0.0726901 0.0729104 0.0709881 0.0674419 0.0627405 0.0572736 0.0513463 0.0451845 0.0389536 0.0327844 0.0268 0.0211366 0.0159531 0.0114184 0.00767638 0.00480186
 0.00933489 0.0148595 0.0217974 0.029906 0.0388295 0.0480169 0.0566567 0.0638169 0.0687642 0.0712082 0.0712899 0.0693928 0.0659635 0.0614229 0.0561355 0.0503939 0.0444161 0.0383601 0.032349 0.0264994 0.0209438 0.01584 0.0113594 0.00765029 0.00479317
 0.00932659 0.0151418 0.0227434 0.031977 0.0423738 0.0529977 0.06248 0.0694286 0.0730243 0.073341 0.0711401 0.0673651 0.0627441 0.057686 0.0523766 0.0469041 0.0413342 0.0357354 0.030185 0.024775 0.0196221 0.0148722 0.0106875 0.00721184 0.00452649
 0.00898128 0.0146011 0.0219902 0.031066 0.0414844 0.0524683 0.0627657 0.0709375 0.0758711 0.0771647 0.0751504 0.0706417 0.0646193 0.0579757 0.0513474 0.0450556 0.0391653 0.0336093 0.0283066 0.0232288 0.0184198 0.0139864 0.0100713 0.00680976 0.00428226
 0.00879648 0.0142919 0.0215094 0.0303683 0.0405446 0.0513139 0.0615188 0.0698413 0.075268 0.0774004 0.0764179 0.0728363 0.0673097 0.0605438 0.053237 0.045984 0.0391775 0.0329766 0.0273625 0.022245 0.0175593 0.0133158 0.00959364 0.00649594 0.00409195
 0.00872257 0.0141621 0.0212953 0.0300358 0.0400588 0.0506509 0.0606804 0.0688725 0.0742725 0.0765475 0.0759271 0.0729221 0.0680878 0.0619424 0.0549787 0.0476748 0.0404647 0.0336821 0.027516 0.022017 0.0171553 0.0128968 0.00924826 0.00625099 0.00393767
 0.00870542 0.0141311 0.0212422 0.0299484 0.0399207 0.050442 0.0603798 0.068464 0.0737542 0.075946 0.0753112 0.0724073 0.0678199 0.0620504 0.0555101 0.0485483 0.0414815 0.0346015 0.0281561 0.0223181 0.0171746 0.0127511 0.00905064 0.00607426 0.0038107
 0.00869899 0.014121 0.0212272 0.0299268 0.0398895 0.0503954 0.0603082 0.0683538 0.0735893 0.0757128 0.0750068 0.072052 0.0674661 0.0617818 0.0554193 0.0486976 0.0418631 0.0351266 0.0286878 0.0227315 0.0174077 0.012816 0.00900648 0.00598728 0.0037271
 0.00869096 0.0141067 0.0212036 0.0298906 0.039838 0.0503285 0.0602285 0.0682657 0.073496 0.0756126 0.074893 0.0719162 0.0673074 0.0616162 0.0552849 0.0486457 0.041936 0.035331 0.0289826 0.0230425 0.0176617 0.0129728 0.00906811 0.00598457 0.00369634
 0.00865484 0.0140529 0.0211318 0.0298035 0.0397405 0.0502259 0.0601259 0.0681679 0.0734077 0.0755382 0.0748347 0.0718725 0.0672731 0.061586 0.0552601 0.0486393 0.0419703 0.0354262 0.0291414 0.023242 0.0178615 0.013134 0.00917086 0.00603219 0.00370681
 0.00866713 0.014068 0.0211455 0.0298093 0.0397319 0.0501992 0.0600826 0.0681141 0.0733512 0.0754846 0.0747858 0.0718272 0.067229 0.0615417 0.0552164 0.0486011 0.0419476 0.035432 0.0291852 0.0233224 0.0179634 0.0132345 0.00924995 0.00608124 0.00372912
 0.00863458 0.0140225 0.0210907 0.0297523 0.0396808 0.0501587 0.0600518 0.0680875 0.0733227 0.0754524 0.0747533 0.0718005 0.0672131 0.0615379 0.0552226 0.0486147 0.0419682 0.0354628 0.0292307 0.0233847 0.0180384 0.0133119 0.00931757 0.00613065 0.00375881
 0.00864919 0.0140385 0.021101 0.0297468 0.0396504 0.0501011 0.059975 0.0680073 0.0732563 0.0754094 0.0747334 0.0717965 0.0672166 0.061544 0.0552304 0.0486253 0.0419832 0.035484 0.0292602 0.0234237 0.0180858 0.0133628 0.00936524 0.00616895 0.00378492
 0.0086431 0.014034 0.0211034 0.029763 0.0396847 0.0501511 0.0600289 0.0680479 0.0732683 0.075388 0.0746858 0.0717371 0.0671594 0.0614966 0.0551944 0.0485993 0.0419657 0.0354749 0.0292602 0.0234335 0.0181046 0.0133879 0.00939212 0.00619305 0.00380319
 0.00862539 0.0140076 0.0210686 0.0297225 0.039644 0.0501181 0.0600125 0.0680543 0.0732979 0.0754328 0.074732 0.0717713 0.0671744 0.061494 0.0551813 0.0485835 0.0419529 0.0354677 0.0292596 0.0234396 0.0181168 0.0134047 0.00941076 0.00621052 0.00381719
 0.00863006 0.0140095 0.0210613 0.029697 0.0395923 0.0500378 0.0599103 0.0679465 0.0732052 0.0753736 0.0747158 0.0717956 0.0672274 0.0615599 0.0552466 0.0486407 0.0420004 0.0355074 0.0292944 0.0234715 0.0181467 0.0134322 0.00943514 0.0062306 0.00383225
 0.00863006 0.0140095 0.0210613 0.029697 0.0395923 0.0500378 0.0599103 0.0679465 0.0732052 0.0753736 0.0747158 0.0717956 0.0672274 0.0615599 0.0552466 0.0486407 0.0420004 0.0355074 0.0292944 0.0234715 0.0181467 0.0134322 0.00943514 0.0062306 0.00383225
 0.00823894 0.0133974 0.0201863 0.0285424 0.0381763 0.0484252 0.0582216 0.0663521 0.0718956 0.0745142 0.0744061 0.0720507 0.0679827 0.062694 0.0566113 0.0500904 0.0434141 0.0367996 0.0304149 0.0243989 0.01888 0.0139848 0.00982956 0.00649519 0.00399761
#pred catch len freq
 0.00470867 0.00741425 0.0107436 0.0145877 0.0188788 0.0235793 0.0286078 0.0337941 0.0389082 0.0437211 0.0480458 0.0517535 0.0547793 0.0571158 0.0587872 0.0598191 0.0602186 0.0599631 0.0589761 0.0570852 0.0540001 0.0493868 0.0430714 0.0352864 0.0267683
 0.00485332 0.0075827 0.0108781 0.0146044 0.0187043 0.0232001 0.0280999 0.0333043 0.0385863 0.043642 0.04817 0.0519493 0.0548928 0.0570472 0.0585388 0.0594949 0.0599781 0.0599479 0.0592411 0.0575693 0.0545541 0.0498452 0.0433273 0.0353281 0.0266605
 0.00514166 0.0080178 0.0114653 0.0153136 0.0194632 0.0238958 0.0285964 0.0334824 0.0383994 0.0431541 0.0475382 0.0513479 0.0544246 0.0567047 0.0582407 0.0591659 0.0596125 0.0596143 0.0590308 0.0575281 0.0546474 0.0499778 0.043402 0.035297 0.0265386
 0.00541164 0.00844446 0.0120846 0.0161502 0.0205246 0.0251604 0.0299964 0.0348912 0.039639 0.0440337 0.0479165 0.0511907 0.0538196 0.055817 0.0572332 0.0581408 0.0586089 0.0586485 0.0581318 0.056736 0.0539856 0.0494342 0.0429401 0.0348865 0.0261744
 0.00570241 0.00889506 0.0127235 0.0169948 0.0215849 0.0264425 0.0314967 0.036579 0.0414352 0.0457964 0.0494477 0.052275 0.0542868 0.0556022 0.0563989 0.0568438 0.0570355 0.056959 0.0564415 0.055125 0.0525108 0.048134 0.041835 0.0339831 0.0254712
 0.0060046 0.009365 0.0133921 0.0178795 0.022692 0.027769 0.0330287 0.0382874 0.0432706 0.0476834 0.0512764 0.0538936 0.0555107 0.0562479 0.0563369 0.0560466 0.0555905 0.0550385 0.0542501 0.052854 0.0503169 0.046136 0.0401163 0.0325924 0.0244208
 0.00635953 0.00991113 0.0141579 0.0188749 0.0239131 0.029204 0.0346583 0.0400789 0.0451719 0.0496213 0.0531584 0.0556093 0.0569313 0.0572287 0.0567315 0.0557377 0.0545305 0.0532787 0.0519408 0.0502131 0.0475851 0.0435365 0.0378261 0.0307246 0.0230169
 0.00673217 0.0104858 0.0149657 0.0199269 0.0252034 0.0307143 0.0363579 0.041921 0.047093 0.0515445 0.0549982 0.057275 0.0583266 0.0582499 0.0572668 0.0556751 0.0537797 0.0518055 0.0498002 0.0475617 0.0446627 0.0406196 0.0351713 0.028518 0.0213451
 0.00711045 0.0110724 0.0157966 0.0210197 0.0265587 0.032318 0.0381772 0.0438994 0.0491488 0.0535773 0.0569008 0.0589445 0.0596716 0.0591913 0.0577323 0.0555925 0.0530784 0.0504358 0.0477666 0.0449581 0.0416852 0.0375427 0.0322884 0.0260695 0.0194637
 0.00748701 0.0116565 0.0166248 0.0221104 0.0279149 0.0339289 0.0400149 0.0459113 0.051254 0.0556706 0.0588629 0.0606553 0.061024 0.0601003 0.0581359 0.0554444 0.0523402 0.0490784 0.0457905 0.0424275 0.0387561 0.0344609 0.0293446 0.023525 0.0174808
 0.00787453 0.0122554 0.0174696 0.0232161 0.0292801 0.0355396 0.0418426 0.0479059 0.0533392 0.0577457 0.0608107 0.0623539 0.0623599 0.0609802 0.0584932 0.0552381 0.0515481 0.0476935 0.0438289 0.0399518 0.0359028 0.0314485 0.0264436 0.0209917 0.0154862
 0.00822543 0.0128 0.018242 0.0242335 0.0305442 0.0370386 0.0435473 0.0497653 0.0552787 0.0596716 0.0626183 0.0639362 0.0636155 0.0618211 0.058851 0.0550662 0.0508214 0.0464073 0.042005 0.0376538 0.0332564 0.0286501 0.0237371 0.0186136 0.0136004
 0.00850878 0.0132477 0.0188924 0.0251158 0.0316765 0.0384227 0.0451614 0.0515562 0.0571623 0.0615418 0.0643601 0.0654383 0.0647817 0.0625762 0.0591426 0.0548622 0.0501065 0.0451831 0.0402961 0.0355219 0.0308177 0.0260807 0.0212546 0.0164295 0.0118635
 0.00876531 0.0136438 0.019451 0.0258489 0.0325887 0.0395162 0.0464336 0.0529912 0.0587201 0.0631519 0.0659243 0.0668432 0.0659165 0.0633493 0.0594909 0.054751 0.0495244 0.0441374 0.0388151 0.0336653 0.0286902 0.0238377 0.0190855 0.0145183 0.0103401
 0.00912463 0.0141821 0.0201766 0.0267415 0.0336093 0.0406221 0.0475891 0.0541688 0.0598955 0.0642981 0.0670059 0.0678124 0.0667122 0.0639031 0.059737 0.0546381 0.049022 0.0432393 0.0375413 0.032068 0.0268617 0.0219123 0.0172254 0.0128799 0.00903371
 0.00949733 0.0147537 0.0209723 0.0277606 0.0348252 0.0419846 0.0490261 0.0555902 0.0612058 0.065416 0.067879 0.0684202 0.067056 0.0639912 0.0595726 0.0542144 0.0483268 0.0422638 0.0362928 0.0305816 0.0252097 0.0202046 0.0155955 0.0114558 0.00790417
 0.00969644 0.0150748 0.021451 0.0284289 0.0357057 0.0430814 0.0503119 0.0569988 0.0626352 0.0667436 0.0689854 0.0692131 0.0674873 0.06406 0.0593128 0.0536735 0.0475467 0.0412736 0.0351147 0.0292461 0.0237704 0.0187449 0.0142189 0.0102623 0.00696245
 0.0097255 0.0151334 0.0215617 0.0286238 0.0360248 0.0435652 0.0509915 0.057883 0.0636989 0.0679202 0.0701701 0.0702793 0.0683142 0.0645604 0.0594497 0.0534594 0.0470274 0.0405074 0.0341581 0.0281524 0.022598 0.0175648 0.0131128 0.00930737 0.00621084
 0.0097374 0.0151465 0.0215712 0.0286252 0.0360197 0.0435701 0.0510424 0.058032 0.064 0.0684091 0.0708449 0.071091 0.069171 0.0653466 0.0600538 0.0538 0.047069 0.0402595 0.0336629 0.0274702 0.0217985 0.0167232 0.0123051 0.00860067 0.00564999
 0.009771 0.0151965 0.0216375 0.0287033 0.0361011 0.0436438 0.0510987 0.058069 0.0640311 0.0684667 0.0709743 0.0713329 0.0695396 0.0658143 0.0605518 0.0542366 0.0473566 0.0403394 0.0335178 0.0271234 0.0213034 0.01615 0.0117273 0.00808176 0.00523228
 0.00986431 0.0153282 0.0217988 0.028874 0.0362555 0.0437602 0.0511667 0.05809 0.0640146 0.0684265 0.0709289 0.0713075 0.0695644 0.0659145 0.060732 0.0544705 0.0475887 0.0405022 0.0335554 0.0270103 0.0210517 0.0158027 0.0113433 0.00771836 0.00493069
 0.00991208 0.0153963 0.0218832 0.0289634 0.0363333 0.0438077 0.051168 0.0580365 0.0639092 0.0682853 0.0707791 0.0711816 0.0694926 0.0659186 0.0608217 0.0546386 0.0478082 0.0407276 0.0337333 0.0270964 0.0210264 0.0156771 0.0111533 0.00750918 0.00474145
 0.00989347 0.0153743 0.0218647 0.028959 0.0363524 0.0438526 0.0512291 0.0580934 0.0639377 0.0682674 0.0707115 0.0710779 0.0693802 0.0658302 0.0607858 0.0546708 0.047906 0.0408695 0.0338832 0.0272143 0.0210817 0.0156599 0.0110761 0.00739945 0.00462902
 0.00990558 0.0153892 0.021879 0.0289682 0.0363546 0.0438519 0.051237 0.0581237 0.0639975 0.0683493 0.0707932 0.0711314 0.0693859 0.0657872 0.0607123 0.0545957 0.0478557 0.0408567 0.0339025 0.0272459 0.0211013 0.0156501 0.0110335 0.00733443 0.00455827
 0.0100082 0.0155285 0.0220377 0.0291126 0.0364436 0.0438523 0.0511367 0.0579374 0.0637623 0.0681133 0.0706005 0.0710095 0.0693387 0.0657984 0.0607572 0.0546545 0.0479198 0.0409261 0.0339778 0.0273218 0.0211663 0.0156924 0.0110476 0.00732378 0.00453296
 0.0102473 0.0158809 0.0224995 0.0296535 0.0370115 0.0443835 0.0515661 0.0582087 0.0638384 0.0679878 0.0703026 0.070597 0.0688805 0.0653545 0.0603654 0.0543288 0.0476583 0.040721 0.0338211 0.0272059 0.0210824 0.0156302 0.0109979 0.00728113 0.0044962
 0.0103406 0.0160324 0.0227261 0.0299689 0.0374202 0.0448733 0.0521013 0.0587297 0.0642718 0.0682644 0.0703766 0.0704595 0.0685614 0.0649135 0.0598743 0.0538513 0.0472371 0.0403751 0.0335515 0.0270036 0.0209349 0.0155247 0.0109227 0.00722737 0.00445781
 0.0103358 0.0160358 0.0227527 0.0300412 0.0375646 0.0451126 0.0524455 0.0591682 0.064769 0.068761 0.070799 0.0707364 0.0686444 0.064792 0.0595785 0.0534415 0.0467835 0.0399386 0.0331719 0.0266983 0.020704 0.0153585 0.0108079 0.00715073 0.00440845
 0.0103239 0.0160221 0.0227435 0.0300478 0.0376037 0.0452044 0.0526103 0.0594212 0.065113 0.069179 0.0712503 0.0711599 0.0689711 0.064963 0.0595628 0.0532458 0.0464495 0.0395291 0.0327514 0.026317 0.0203906 0.015121 0.0106402 0.00703985 0.00433953
 0.0102149 0.0158597 0.0225268 0.0297872 0.0373193 0.0449237 0.0523663 0.0592503 0.0650515 0.0692552 0.0714749 0.0715178 0.0694187 0.0654345 0.059985 0.0535575 0.0466187 0.0395592 0.0326753 0.0261816 0.02024 0.014986 0.0105354 0.00696706 0.00429349
 0.0100509 0.0156106 0.022185 0.0293579 0.0368205 0.0443836 0.0518234 0.0587525 0.0646527 0.0690078 0.0714197 0.0716745 0.0697784 0.0659576 0.0606048 0.0541931 0.0471934 0.0400181 0.0329966 0.0263752 0.0203364 0.0150213 0.01054 0.00696048 0.00428555
