SBPRF35
12.7214
Curr Bio
876142
B35
864602
F35
0.169436
FOFL
0.168905
OFL
119005
Bzero
3.63469e+006
#pred survey bio
 2.98975e+006 2.78232e+006 2.55587e+006 2.36218e+006 2.1282e+006 1.88499e+006 1.66288e+006 1.45926e+006 1.30099e+006 1.16156e+006 1.0292e+006 891512 785038 730017 678494 658358 632053 599299 587910 572555 566043 557429 555373 550538 549558 547330 554119 559455 562966 571519 589926 596653 609494 635442 645099 647484 663558 666375 682206 686143 688205 685801 686915 696919 694712 693587 689991 739381 783187 809721 850862 872020 891081 881610 3.03471e+007 1.78737e+007 1.78842e+007 1.85504e+007 1.96797e+007 2.10179e+007 2.23658e+007 2.36011e+007 2.46663e+007 2.55474e+007 2.62555e+007 2.68132e+007 2.72465e+007 2.75802e+007 2.78357e+007 2.80309e+007 2.81799e+007 2.82938e+007 2.83812e+007 2.84483e+007 2.85002e+007 2.85404e+007 2.85718e+007 2.85963e+007 2.86156e+007 2.86308e+007 2.86429e+007 2.86525e+007 2.86601e+007 2.86662e+007 2.86711e+007 2.86751e+007 2.86782e+007 2.86808e+007 2.86829e+007 2.86846e+007 2.8686e+007 2.86871e+007 2.8688e+007 2.86887e+007 2.86893e+007 2.86898e+007 2.86902e+007 2.86906e+007 2.86908e+007 2.86911e+007 2.86912e+007 2.86914e+007 2.86915e+007 2.86916e+007 2.86917e+007 2.86917e+007 2.86918e+007 2.86918e+007 2.86919e+007 2.86919e+007 2.86919e+007 2.8692e+007 2.8692e+007 2.8692e+007 2.8692e+007 2.8692e+007 2.8692e+007 2.8692e+007 2.8692e+007 2.8692e+007 2.8692e+007 2.8692e+007 2.8692e+007 2.8692e+007 2.8692e+007 2.8692e+007 2.8692e+007 2.8692e+007 2.8692e+007 2.8692e+007 2.8692e+007 2.8692e+007 2.8692e+007 2.8692e+007 2.8692e+007 2.8692e+007 2.8692e+007 2.8692e+007 2.8692e+007 2.8692e+007 2.8692e+007 2.8692e+007 2.8692e+007 2.8692e+007 2.8692e+007 2.8692e+007 2.8692e+007 2.8692e+007 2.8692e+007 2.8692e+007 2.8692e+007 2.8692e+007 2.8692e+007 2.8692e+007 0 0 0 0 0 0 0 0 0 0 0 0 0 0 0 0 0 0 0 0 0 0 0 0 0
#obs survey bio
 2.31506e+006 2.08192e+006 2.12837e+006 1.65976e+006 2.12314e+006 2.8455e+006 1.29967e+006 1.11707e+006 986504 968479 1.06195e+006 596600 773265 865744 718680 691362 472060 967680 567786 659892 498237 386442 465522 649510 502278 444723 563771 478764 480564 345644 481989 834167 508638 617485 672844 431346 929546 1.13308e+006 675165 590989 899261 721572 561425 983870 631074 762482 671387 797751 564414 752568 1.06091e+006 855870 835618 913517
#pred catch bio
 247400 275752 258929 308563 327742 317082 307021 272020 259482 254597 256516 224139 175465 168339 137938 140413 141734 119854 120594 111124 111617 104896 105852 100995 100761 92387.2 93523.8 95363.3 92216 86173.4 98038.2 94200.5 85957 102678 110036 99322.2 110603 99053.8 109021 109477 111527 107246 100048 111450 111189 113875 71131 79681.5 96024.3 84245.5 101283 101645 123226 121851 119005 116975 115793 118673 125206 133376 141644 149142 155491 160619 164621 167666 169937 171605 172815 173686 174307 174748 175059 175277 175430 175538 175612 175664 175701 175726 175743 175755 175763 175769 175773 175776 175778 175779 175780 175781 175781 175781 175782 175782 175782 175782 175782 175782 175782 175782 175782 175782 175782 175782 175782 175782 175782 175782 175782 175782 175782 175782 175782 175782 175782 175782 175782 175782 175782 175782 175782 175782 175782 175782 175782 175782 175782 175782 175782 175782 175782 175782 175782 175782 175782 175782 175782 175782 175782 175782 175782 175782 175782 175782 175782 175782 175782 175782 175782 175782 175782 175782 175782 175782 0 0 0 0 0 0 0 0 0 0 0 0 0 0 0 0 0 0 0 0 0 0 0 0 0
#obs catch bio
 233018 276526 259344 312017 331389 318486 308921 274148 262211 258621 260831 228409 178030 170767 138727 141222 143524 120199 121032 111095 112041 105758 106510 101031 100838 92527.1 93253.6 95006.9 92250.3 86293.7 98926.1 94296.8 86084.2 103409 111096 100305 111756 98788.3 109472 109957 111590 106620 99653.5 111116 111347 114701 70941.2 79853 96903.4 84466.8 101905 101730 123445 121856
#pred cpue bio
 2.94013e+006 2.73414e+006 2.50931e+006 2.31586e+006 2.08278e+006 1.84132e+006 1.62104e+006 1.41905e+006 1.26182e+006 1.12346e+006 992644 857282 752906 699223 649377 630082 604700 573120 562429 547772 541523 533187 531346 526980 526354 524393 531181 536498 539809 547875 565542 572051 584521 609529 618683 620909 636706 639892 655671 659679 661969 660025 661220 670768 668327 666977 663337 711642 754864 781211 821850 843109 862256 853613 2.94185e+007 1.73402e+007 1.72232e+007 1.7724e+007 1.87869e+007 2.01071e+007 2.14509e+007 2.26854e+007 2.37504e+007 2.46315e+007 2.53395e+007 2.58973e+007 2.63306e+007 2.66642e+007 2.69198e+007 2.71149e+007 2.7264e+007 2.73779e+007 2.74652e+007 2.75324e+007 2.75843e+007 2.76245e+007 2.76558e+007 2.76804e+007 2.76997e+007 2.77149e+007 2.7727e+007 2.77365e+007 2.77442e+007 2.77503e+007 2.77552e+007 2.77591e+007 2.77623e+007 2.77649e+007 2.7767e+007 2.77687e+007 2.777e+007 2.77712e+007 2.77721e+007 2.77728e+007 2.77734e+007 2.77739e+007 2.77743e+007 2.77746e+007 2.77749e+007 2.77751e+007 2.77753e+007 2.77755e+007 2.77756e+007 2.77757e+007 2.77758e+007 2.77758e+007 2.77759e+007 2.77759e+007 2.7776e+007 2.7776e+007 2.7776e+007 2.7776e+007 2.77761e+007 2.77761e+007 2.77761e+007 2.77761e+007 2.77761e+007 2.77761e+007 2.77761e+007 2.77761e+007 2.77761e+007 2.77761e+007 2.77761e+007 2.77761e+007 2.77761e+007 2.77761e+007 2.77761e+007 2.77761e+007 2.77761e+007 2.77761e+007 2.77761e+007 2.77761e+007 2.77761e+007 2.77761e+007 2.77761e+007 2.77761e+007 2.77761e+007 2.77761e+007 2.77761e+007 2.77761e+007 2.77761e+007 2.77761e+007 2.77761e+007 2.77761e+007 2.77761e+007 2.77761e+007 2.77761e+007 2.77761e+007 2.77761e+007 2.77761e+007 2.77761e+007 2.77761e+007 2.77761e+007 2.77761e+007 0 0 0 0 0 0 0 0 0 0 0 0 0 0 0 0 0 0 0 0 0 0 0 0 0
#obs cpue bio
 3.55452e+006 3.56104e+006 2.21238e+006 1.62621e+006 2.10319e+006 1.86923e+006 1.81067e+006 1.35359e+006 1.2757e+006 865448 869122 874623 581982 571944 677973 611137 527145 461481 594598 541827 489807 477787 708155 603717 592442 536307 780465 719057 463030 688243 446294 674884 504796 484775 469054 569481 535058 787953 437932 667653 709538 1.09983e+006 645442 536761 472432 498889 707480 559002 652898 852312 691627 1.08561e+006 1.16069e+006 868393
#pred surv len freq
 0.00544628 0.00882517 0.0132468 0.0186719 0.0249477 0.0317239 0.0384232 0.044377 0.049075 0.052334 0.054274 0.0551706 0.0553193 0.0549688 0.0543025 0.0534402 0.0524495 0.0513527 0.0501021 0.0485213 0.0462616 0.0428625 0.0379669 0.0316036 0.0243335
 0.0057401 0.00922482 0.0137095 0.0191241 0.0253242 0.0320202 0.0387225 0.0448232 0.0497953 0.053357 0.0554962 0.0563921 0.0563263 0.0556135 0.0545417 0.0533235 0.0520716 0.050796 0.0493971 0.0476443 0.0451728 0.0415633 0.0365368 0.0301894 0.0230943
 0.00611697 0.00982854 0.0145955 0.0203226 0.0268175 0.0337202 0.0404674 0.0464157 0.0510773 0.0542782 0.0561208 0.0568325 0.0566519 0.0558027 0.0545056 0.0529721 0.0513684 0.0497661 0.0480968 0.0461276 0.0434842 0.0397609 0.0347192 0.0284937 0.0216578
 0.00629861 0.0101459 0.0151147 0.02112 0.0279641 0.0352518 0.0423519 0.0485329 0.0532283 0.0562281 0.0576643 0.0578546 0.0571499 0.0558544 0.0542035 0.0523691 0.0504689 0.0485564 0.0465813 0.0443454 0.041509 0.0376975 0.0327005 0.026665 0.0201438
 0.00647272 0.010438 0.0155727 0.0217993 0.0289219 0.0365355 0.0439815 0.0504826 0.0554137 0.0585021 0.0598265 0.0596828 0.05845 0.0565107 0.0542009 0.0517725 0.0493752 0.0470527 0.0447339 0.0422184 0.0391909 0.0353159 0.0304145 0.0246368 0.0184983
 0.00676578 0.0108948 0.0162249 0.0226663 0.0300125 0.0378494 0.0455074 0.0521939 0.0572653 0.0604277 0.0617338 0.0614476 0.0599197 0.0575246 0.0546258 0.0515379 0.0484873 0.0455807 0.0427832 0.0399116 0.0366673 0.0327386 0.0279656 0.0224899 0.0167783
 0.0071321 0.0114704 0.0170532 0.0237726 0.031398 0.0394846 0.0473259 0.0540972 0.0591417 0.0621795 0.0632938 0.0627742 0.0609751 0.0582525 0.0549449 0.0513573 0.0477368 0.0442405 0.0408989 0.037592 0.0340735 0.0300688 0.0254315 0.0202816 0.0150236
 0.00752048 0.012089 0.0179596 0.0250098 0.0329843 0.041399 0.0494931 0.0563849 0.061381 0.0642009 0.0649627 0.0640111 0.0617541 0.0585826 0.054842 0.0508213 0.0467467 0.0427716 0.0389546 0.0352337 0.0314343 0.0273435 0.0228429 0.0180317 0.0132451
 0.00782669 0.0125793 0.0186837 0.0260095 0.0342871 0.0430062 0.0513664 0.0584385 0.0634875 0.0662102 0.0667262 0.0654026 0.062687 0.0590168 0.0547791 0.0502863 0.0457673 0.0413675 0.0371468 0.0330708 0.0290191 0.0248399 0.0204531 0.0159472 0.0115953
 0.00801586 0.0129015 0.0191957 0.0267729 0.0353545 0.0444005 0.0530599 0.0603469 0.0654839 0.0681504 0.0684715 0.0668336 0.0637096 0.0595676 0.0548288 0.0498388 0.0448511 0.0400247 0.0354279 0.031043 0.0267832 0.0225406 0.0182665 0.0140424 0.0100887
 0.00816306 0.0131506 0.0195898 0.0273609 0.0361841 0.0455044 0.0544399 0.0619621 0.0672491 0.0699458 0.0701596 0.0682791 0.0647981 0.0602184 0.0549989 0.0495205 0.0440648 0.0388124 0.0338495 0.0291786 0.0247396 0.0204556 0.0162971 0.0123353 0.00874269
 0.00840092 0.0135332 0.020158 0.0281501 0.0372179 0.0467852 0.0559374 0.0636089 0.0689481 0.0715853 0.0716287 0.0694775 0.0656429 0.0606494 0.0549831 0.0490532 0.0431676 0.037529 0.032243 0.0273325 0.0227614 0.0184759 0.014457 0.0107606 0.00751319
 0.00855216 0.0137808 0.0205341 0.0286861 0.0379394 0.0477024 0.0570359 0.0648449 0.070253 0.0728773 0.072824 0.0704984 0.0664215 0.06113 0.0551247 0.0488323 0.0425808 0.0365955 0.0310067 0.0258636 0.0211566 0.0168534 0.0129424 0.00946318 0.00650095
 0.00851154 0.0137154 0.0204387 0.0285609 0.0377958 0.0475697 0.0569641 0.0648982 0.0704934 0.0733426 0.0735119 0.0713623 0.0673789 0.0620772 0.0559541 0.0494471 0.0429079 0.036594 0.0306735 0.0252355 0.0203079 0.0158871 0.0119734 0.00859511 0.00580395
 0.00866262 0.0139294 0.0207019 0.02884 0.038047 0.0477538 0.0570609 0.0649141 0.0704612 0.0733143 0.0735463 0.0715076 0.0676554 0.0624672 0.0564022 0.0498724 0.0432225 0.0367225 0.0305697 0.0248931 0.0197639 0.0152148 0.0112658 0.00794197 0.00526954
 0.00868019 0.013953 0.0207272 0.0288576 0.0380413 0.0477048 0.056948 0.0647247 0.0702013 0.0730177 0.0732735 0.0713333 0.0676459 0.0626575 0.0567818 0.0503847 0.0437772 0.0372178 0.030917 0.0250381 0.0196987 0.0149769 0.0109244 0.00757528 0.00494216
 0.00860569 0.0138613 0.0206428 0.0288194 0.0380893 0.04786 0.0571962 0.0650155 0.0704638 0.0731861 0.073311 0.0712452 0.0674778 0.06248 0.0566652 0.0503729 0.0438717 0.0373775 0.031075 0.0251276 0.0196775 0.0148411 0.0107055 0.00732402 0.0047078
 0.00865788 0.0139303 0.0207191 0.0288886 0.038142 0.047903 0.0572567 0.0651304 0.0706563 0.073444 0.0735822 0.0714577 0.0675727 0.062439 0.0565169 0.050177 0.0436891 0.0372442 0.0309905 0.0250629 0.0195955 0.0147184 0.0105431 0.00714378 0.00453864
 0.00870031 0.0139761 0.0207448 0.0288581 0.0380155 0.047654 0.0568881 0.0646825 0.0702021 0.0730713 0.0733675 0.0714392 0.0677371 0.0627287 0.0568575 0.0505078 0.0439806 0.0374934 0.0312034 0.0252387 0.0197239 0.0147882 0.0105534 0.00710812 0.00447957
 0.00880634 0.0141396 0.0209727 0.0291462 0.038344 0.0479838 0.0571619 0.0648354 0.0701833 0.0728681 0.0730177 0.0710219 0.0673434 0.062429 0.05668 0.0504394 0.0439846 0.0375319 0.03125 0.025279 0.0197494 0.0147929 0.0105351 0.00707104 0.00443342
 0.00882444 0.0141696 0.0210189 0.0292131 0.0384354 0.0481001 0.0572971 0.0649731 0.0702961 0.0729219 0.0729831 0.0708887 0.0671312 0.0621841 0.0564592 0.0502873 0.0439182 0.03754 0.031305 0.0253508 0.019815 0.0148389 0.0105572 0.00707175 0.0044201
 0.00877025 0.0140987 0.0209439 0.0291564 0.0384226 0.0481507 0.0574158 0.0651477 0.0705011 0.0731249 0.0731503 0.0709899 0.0671462 0.0621103 0.0563162 0.0501125 0.0437536 0.0374169 0.0312346 0.0253253 0.0198165 0.0148492 0.010564 0.00707047 0.00441184
 0.00864104 0.0138986 0.0206628 0.0287951 0.037997 0.0476947 0.0569819 0.0647995 0.0702968 0.0730977 0.0732965 0.0712711 0.0675035 0.0624828 0.0566563 0.0503951 0.043977 0.0375954 0.0313863 0.0254622 0.0199404 0.0149547 0.0106451 0.00712517 0.0044434
 0.0086274 0.0138633 0.0205857 0.0286502 0.0377602 0.0473557 0.0565555 0.064329 0.0698466 0.072738 0.0730849 0.0712379 0.0676444 0.0627612 0.0570158 0.0507766 0.0443346 0.0379041 0.0316408 0.0256686 0.0201068 0.0150865 0.0107446 0.00719461 0.00448703
 0.00863634 0.0138697 0.0205795 0.0286149 0.0376744 0.0471975 0.0563083 0.0639896 0.0694317 0.0722878 0.07266 0.0709066 0.067464 0.0627606 0.0571871 0.0510793 0.0447105 0.0382955 0.0320041 0.0259796 0.0203578 0.0152794 0.0108856 0.00729155 0.00454866
 0.0086264 0.0138582 0.0205702 0.0286125 0.0376811 0.0472079 0.0563067 0.0639514 0.069331 0.0721086 0.0724059 0.0706057 0.067165 0.0625207 0.0570545 0.0510779 0.044833 0.0385084 0.0322617 0.0262387 0.0205879 0.0154653 0.0110243 0.00738738 0.00460985
 0.0086359 0.0138559 0.020535 0.028516 0.037498 0.0469306 0.0559547 0.0635691 0.0689713 0.0718125 0.0721909 0.070468 0.0670931 0.0625085 0.0571071 0.0512069 0.0450451 0.0387952 0.0325974 0.0265866 0.0209114 0.0157378 0.0112336 0.00753456 0.00470458
 0.00874215 0.0140095 0.0207293 0.0287295 0.0376961 0.0470715 0.0559982 0.0634866 0.0687568 0.071489 0.0718068 0.0700821 0.066755 0.0622477 0.0569339 0.0511213 0.0450443 0.0388741 0.0327441 0.0267794 0.0211213 0.0159361 0.0113994 0.00765838 0.00478767
 0.0088447 0.014172 0.0209649 0.0290446 0.038085 0.0475104 0.0564413 0.0638689 0.0690086 0.0715565 0.0716704 0.0697633 0.066309 0.0617462 0.056445 0.050696 0.0447119 0.0386453 0.0326155 0.0267367 0.0211422 0.015994 0.0114692 0.00772215 0.00483621
 0.00889267 0.014247 0.0210726 0.0291889 0.0382685 0.0477338 0.0567004 0.064151 0.0692881 0.0717955 0.0718243 0.0697935 0.0661971 0.0615029 0.056109 0.0503224 0.0443558 0.0383487 0.0324007 0.0266071 0.021086 0.0159907 0.0114956 0.00775842 0.00486937
 0.00869761 0.0139678 0.0207227 0.0288055 0.0379028 0.047435 0.0565035 0.0640724 0.0693296 0.0719473 0.0720655 0.0700907 0.0665068 0.0617798 0.0563195 0.0504547 0.044422 0.0383768 0.0324214 0.0266421 0.021143 0.0160645 0.0115743 0.0078296 0.00492505
 0.00875094 0.0140253 0.0207572 0.0287783 0.0377798 0.0472093 0.0562094 0.0637792 0.0691143 0.0718625 0.0721213 0.070258 0.0667355 0.0620176 0.0565238 0.0505987 0.0444972 0.0383927 0.0324005 0.0266107 0.0211216 0.0160623 0.0115895 0.00785419 0.00495039
 0.00889785 0.014236 0.0210206 0.0290618 0.0380335 0.047376 0.0562385 0.0636428 0.0688213 0.071465 0.0717037 0.069909 0.066516 0.061942 0.0565638 0.050703 0.044615 0.0384893 0.0324628 0.0266431 0.0211375 0.0160745 0.0116048 0.00787292 0.00496931
 0.0087668 0.0140601 0.0208234 0.0288853 0.0379222 0.0473538 0.0562916 0.063721 0.0688596 0.0714139 0.0715529 0.0696935 0.0663019 0.0617992 0.0565381 0.0508007 0.0448064 0.0387259 0.0326984 0.0268475 0.0212993 0.0161958 0.0116933 0.00793623 0.00501319
 0.00868441 0.0139399 0.0206696 0.0287149 0.0377652 0.0472498 0.0562818 0.0638338 0.0690932 0.0717253 0.071865 0.0699225 0.066393 0.0617498 0.0563938 0.0506294 0.0446659 0.0386444 0.0326735 0.0268594 0.0213262 0.0162235 0.011716 0.00795352 0.005026
 0.00859414 0.0138084 0.0205004 0.0285219 0.0375706 0.0470794 0.0561616 0.0637886 0.0691434 0.0718802 0.0721135 0.070227 0.0666944 0.0619856 0.0565229 0.0506479 0.0446049 0.0385506 0.032587 0.0268007 0.0212967 0.0162142 0.011717 0.00795809 0.00503093
 0.00833812 0.0134188 0.0199647 0.0278492 0.0367922 0.0462476 0.0553476 0.063077 0.0686196 0.0716116 0.0721334 0.0705274 0.0672274 0.0626734 0.0572729 0.0513739 0.0452464 0.0390822 0.0330127 0.0271389 0.0215656 0.0164254 0.0118767 0.00807163 0.00510563
 0.00839357 0.0134706 0.0199726 0.0277542 0.036535 0.045796 0.0547193 0.0623426 0.0678829 0.0709795 0.07169 0.0703212 0.0672694 0.0629399 0.0577119 0.051915 0.0458151 0.0396161 0.0334728 0.0275112 0.0218544 0.0166426 0.0120349 0.00818174 0.0051776
 0.00833347 0.0133839 0.0198603 0.0276181 0.0363693 0.0455788 0.0544129 0.0619084 0.0673084 0.0703022 0.0709999 0.069737 0.0668994 0.0628486 0.0579055 0.0523473 0.0464065 0.040276 0.03412 0.0280877 0.0223294 0.017009 0.0123009 0.00836346 0.00529368
 0.00819624 0.0131911 0.0196262 0.0273757 0.0361605 0.0454387 0.0543539 0.0619121 0.0673285 0.070278 0.0708804 0.0695065 0.0665929 0.0625434 0.0576928 0.0522958 0.0465383 0.0405642 0.034505 0.0285008 0.0227134 0.0173285 0.0125431 0.00853207 0.00540188
 0.00810182 0.0130346 0.0193873 0.0270387 0.0357246 0.0449294 0.053829 0.0614521 0.0670097 0.0701404 0.0709097 0.0696428 0.0667612 0.0626907 0.0578098 0.052414 0.0467055 0.0408144 0.0348391 0.0288873 0.0231041 0.0176785 0.012824 0.00873571 0.00553577
 0.00825241 0.0132365 0.0196111 0.0272291 0.0358135 0.0448597 0.0535767 0.0610375 0.0664937 0.0696094 0.0704513 0.0693199 0.0665939 0.0626557 0.0578601 0.0525074 0.0468243 0.0409646 0.0350337 0.0291276 0.0233718 0.0179426 0.0130544 0.00891414 0.00565898
 0.00839864 0.0134645 0.0199336 0.0276443 0.0362981 0.0453611 0.054013 0.0613118 0.0665245 0.0693655 0.0699704 0.068698 0.06595 0.0620908 0.0574306 0.0522221 0.0466618 0.0408964 0.0350388 0.0291922 0.023482 0.0180783 0.013192 0.00903318 0.00574839
 0.00840521 0.013485 0.0199827 0.027742 0.0364642 0.0456066 0.0543294 0.0616644 0.066854 0.0695985 0.0700409 0.0685719 0.065642 0.0616634 0.0569715 0.0518133 0.046355 0.0407069 0.0349555 0.0291922 0.0235399 0.0181698 0.0132944 0.0091278 0.00582345
 0.00843971 0.0135454 0.0200819 0.0278954 0.0366872 0.0459098 0.0547127 0.0621121 0.067332 0.0700554 0.0704124 0.0687915 0.0656586 0.0614599 0.0565762 0.0512943 0.0457993 0.0401939 0.0345374 0.0288889 0.0233457 0.0180641 0.013251 0.00912143 0.00583396
 0.00841217 0.0135106 0.0200484 0.0278785 0.0367066 0.0459848 0.0548578 0.0623331 0.0676246 0.070403 0.0707846 0.069144 0.0659377 0.0616136 0.0565691 0.0511224 0.0454948 0.0398166 0.034155 0.0285567 0.0230941 0.0178978 0.0131566 0.00907773 0.00581989
 0.0084383 0.0135458 0.0200883 0.0279161 0.0367361 0.0460072 0.054884 0.0623824 0.0677177 0.070553 0.0709903 0.0693882 0.0661887 0.0618301 0.0567082 0.0511503 0.0453987 0.0396114 0.0338806 0.028265 0.0228319 0.0176939 0.0130185 0.00899642 0.00577886
 0.00814724 0.0130884 0.0194306 0.0270408 0.0356499 0.0447502 0.0535394 0.061076 0.0666001 0.0697683 0.0706428 0.0695195 0.0667711 0.0627744 0.0578839 0.0524131 0.046618 0.0406926 0.0347747 0.0289654 0.0233605 0.0180838 0.0133009 0.00919549 0.0059129
 0.00798578 0.0128243 0.0190305 0.0264729 0.034891 0.043797 0.0524207 0.0598595 0.0653881 0.0686834 0.0698095 0.069044 0.0667216 0.0631649 0.0586671 0.0534868 0.047847 0.0419379 0.0359218 0.0299417 0.0241379 0.0186688 0.0137197 0.00948094 0.00609709
 0.00787235 0.0126558 0.018805 0.0261955 0.0345671 0.043424 0.0519844 0.0593401 0.0647743 0.0679888 0.0690826 0.0683667 0.0661954 0.0628867 0.0587031 0.0538514 0.0484952 0.0427757 0.0368319 0.0308139 0.0248929 0.0192677 0.0141594 0.00978144 0.00628856
 0.007643 0.0122997 0.0183015 0.0255396 0.0337732 0.0425287 0.0510466 0.0584334 0.0639691 0.0673329 0.0685936 0.0680426 0.0660352 0.0629067 0.0589353 0.0543261 0.0492167 0.0437052 0.0378873 0.0318886 0.0258837 0.0200999 0.0147988 0.0102321 0.00658019
 0.00757853 0.0121872 0.018118 0.0252593 0.0333739 0.0420015 0.0504059 0.05772 0.0632434 0.0666602 0.0680284 0.0676184 0.0657643 0.0627895 0.0589739 0.054532 0.0496053 0.0442785 0.038617 0.0327106 0.0267114 0.0208488 0.0154099 0.0106828 0.00688107
 0.00731052 0.0118003 0.017625 0.0247005 0.0328011 0.0414558 0.0499019 0.0572481 0.0627876 0.0662178 0.0676196 0.0672815 0.0655412 0.0627115 0.0590561 0.0547769 0.0500091 0.0448329 0.0393016 0.0334836 0.0275091 0.0215971 0.0160451 0.0111694 0.00721681
 0.00693821 0.011248 0.0168945 0.0238324 0.0318698 0.0405543 0.0491249 0.056674 0.0624583 0.0661244 0.0677058 0.067469 0.0657648 0.0629428 0.0593042 0.0550724 0.0503849 0.0453098 0.039881 0.0341439 0.0282056 0.0222704 0.0166365 0.0116385 0.00755126
#obs surv len freq
 0.00496104 0.00812614 0.0123606 0.0176784 0.0239546 0.030826 0.0376698 0.0437642 0.0485585 0.0518479 0.053746 0.0545333 0.0545274 0.0540261 0.0532926 0.0525435 0.0519263 0.0514769 0.0510569 0.0502965 0.048613 0.0453752 0.0402058 0.0332734 0.0253599
 0.00518185 0.00848732 0.0129081 0.018456 0.0249952 0.0321374 0.0392217 0.0454846 0.050345 0.0535884 0.0553357 0.0558818 0.0555566 0.0546676 0.0534875 0.0522488 0.0511239 0.0501837 0.0493319 0.0482434 0.0463764 0.0431284 0.038126 0.031508 0.0239948
 0.005406 0.00885396 0.0134643 0.0192474 0.0260581 0.0334856 0.040832 0.0472907 0.0522455 0.0554651 0.0570722 0.0573754 0.056723 0.0554386 0.0538076 0.0520723 0.0504177 0.0489388 0.047579 0.0460693 0.0439299 0.0406087 0.0357506 0.029466 0.0224023
 0.00564631 0.0092487 0.0140659 0.0201073 0.0272165 0.0349558 0.0425843 0.0492477 0.0542928 0.0574742 0.0589206 0.0589581 0.0579549 0.0562531 0.0541526 0.0519063 0.0497087 0.0476703 0.0457665 0.0437825 0.0413097 0.0378639 0.0331251 0.0271825 0.0206058
 0.0058927 0.00965257 0.01468 0.0209833 0.0283954 0.0364528 0.0443725 0.0512513 0.0563973 0.059547 0.0608325 0.0605969 0.0592306 0.0570978 0.0545167 0.0517524 0.0490085 0.046407 0.0439496 0.0414705 0.0386328 0.035028 0.0303827 0.0247739 0.0186952
 0.00612515 0.010033 0.0152574 0.0218055 0.0295005 0.0378557 0.0460501 0.053137 0.058389 0.0615255 0.0626794 0.0622053 0.06051 0.0579753 0.0549361 0.0516715 0.048396 0.0452446 0.0422425 0.039269 0.0360557 0.0322698 0.0276897 0.0223881 0.0167883
 0.00638181 0.010452 0.0158912 0.0227033 0.0306986 0.0393615 0.0478271 0.0551 0.0604179 0.0634895 0.064459 0.0637039 0.0616546 0.0587125 0.0552267 0.0514855 0.0477096 0.0440428 0.0405301 0.0370915 0.0335217 0.0295614 0.0250418 0.0200352 0.0149008
 0.00660599 0.0108237 0.016464 0.0235313 0.0318251 0.0408013 0.0495486 0.0570197 0.0624125 0.065421 0.0661994 0.0651493 0.0627307 0.0593718 0.0554423 0.0512428 0.0469994 0.0428603 0.0388845 0.0350252 0.031133 0.0270152 0.0225526 0.0178204 0.0131199
 0.00683781 0.0112014 0.0170341 0.0243382 0.032903 0.0421614 0.0511649 0.058822 0.0642939 0.0672556 0.0678619 0.0665308 0.0637477 0.0599703 0.0555956 0.0509442 0.0462538 0.0416789 0.0372891 0.0330624 0.0288949 0.0246499 0.0202518 0.0157778 0.0114786
 0.00707553 0.0115911 0.0176262 0.0251802 0.0340289 0.0435751 0.0528248 0.0606379 0.0661418 0.0690043 0.0693951 0.067758 0.0646051 0.060418 0.0556148 0.0505336 0.0454251 0.0404536 0.0356998 0.0311635 0.0267763 0.0224463 0.0181317 0.0139093 0.0099838
 0.0073019 0.0119639 0.0181957 0.0259955 0.0351266 0.0449629 0.054464 0.0624382 0.0679746 0.0707277 0.0708803 0.0689063 0.0653538 0.0607389 0.0555064 0.0500123 0.0445174 0.0391923 0.0341269 0.0293378 0.0247858 0.0204133 0.0162029 0.0122269 0.00864772
 0.00744643 0.0122063 0.0185747 0.0265524 0.0358982 0.0459684 0.0556916 0.063838 0.0694631 0.0722011 0.0722297 0.0700306 0.0661711 0.0611932 0.0555711 0.0496873 0.0438229 0.0381623 0.0328072 0.0277901 0.0230946 0.0186892 0.014573 0.0108106 0.00752689
 0.00753878 0.0123558 0.0187993 0.0268704 0.0363275 0.0465241 0.0563812 0.0646567 0.0703894 0.0731958 0.0732362 0.0709789 0.0669839 0.0617964 0.0559035 0.0497084 0.043517 0.0375383 0.0318972 0.0266489 0.0218008 0.0173431 0.0132866 0.00968666 0.00663509
 0.00760587 0.0124581 0.0189408 0.0270518 0.0365475 0.0467825 0.056681 0.0650044 0.0707938 0.0736643 0.0737695 0.0715634 0.0675866 0.0623641 0.0563696 0.0500047 0.0435867 0.0373477 0.0314424 0.0259589 0.0209362 0.0163902 0.0123441 0.008846 0.00595965
 0.00766745 0.0125503 0.0190649 0.0272032 0.0367174 0.0469599 0.0568559 0.0651704 0.0709517 0.0738245 0.0739508 0.0717864 0.0678639 0.0626897 0.0567134 0.0503152 0.0438007 0.0374062 0.0313059 0.0256198 0.0204237 0.0157663 0.0116896 0.00824062 0.00546203
 0.00773291 0.0126541 0.0192156 0.0274056 0.0369695 0.0472501 0.0571608 0.0654579 0.0711892 0.07399 0.0740413 0.0718193 0.0678693 0.0626989 0.0567462 0.0503699 0.0438519 0.0374111 0.0312191 0.0254107 0.0200901 0.0153387 0.0112227 0.007796 0.00508907
 0.0077858 0.0127331 0.0193217 0.0275356 0.0371177 0.0474106 0.0573284 0.0656267 0.0713505 0.074132 0.0741511 0.0718876 0.0678963 0.0626954 0.0567298 0.0503562 0.0438448 0.0373974 0.031172 0.0253011 0.0199019 0.0150789 0.0109214 0.00749562 0.00482834
 0.00780087 0.0127556 0.0193518 0.0275718 0.0371572 0.0474496 0.0573634 0.065656 0.0713758 0.0741584 0.0741851 0.0719334 0.0679531 0.0627582 0.0567929 0.0504159 0.0438988 0.0374404 0.0311921 0.0252818 0.0198292 0.014951 0.0107529 0.00731345 0.00466103
 0.00785907 0.0128427 0.0194686 0.0277137 0.0373149 0.0476106 0.057514 0.0657819 0.0714649 0.0742032 0.0741853 0.0718966 0.0678917 0.0626856 0.0567196 0.050348 0.043838 0.0373845 0.031135 0.0252143 0.0197424 0.0148406 0.0106243 0.00718029 0.00454004
 0.00788645 0.0128849 0.0195276 0.0277892 0.0374039 0.0477071 0.0576088 0.0658644 0.0715251 0.074235 0.0741885 0.0718757 0.0678543 0.0626401 0.0566734 0.0503063 0.0438029 0.0373548 0.0311064 0.0251801 0.0196959 0.0147784 0.0105484 0.00709874 0.00446354
 0.00787825 0.0128715 0.0195073 0.0277611 0.0373678 0.047665 0.0575652 0.0658255 0.0714973 0.0742229 0.0741933 0.0718959 0.0678869 0.0626815 0.0567205 0.0503564 0.0438534 0.0374026 0.0311473 0.0252092 0.0197083 0.0147716 0.0105242 0.00706288 0.00442431
 0.00789457 0.012891 0.0195239 0.0277649 0.0373483 0.0476157 0.0574871 0.0657283 0.0713963 0.0741345 0.0741306 0.0718663 0.0678911 0.0627154 0.0567765 0.050426 0.0439287 0.0374768 0.0312145 0.0252641 0.0197469 0.0147919 0.0105271 0.00705254 0.00440698
 0.00790209 0.0129016 0.0195364 0.0277763 0.0373533 0.0476069 0.0574563 0.0656693 0.0713086 0.0740259 0.0740172 0.071768 0.0678255 0.0626924 0.0567963 0.050481 0.0440071 0.0375657 0.0313025 0.0253425 0.0198095 0.0148356 0.010552 0.00706199 0.0044061
 0.00789535 0.0128908 0.0195204 0.0277542 0.0373245 0.0475711 0.0574137 0.0656201 0.0712528 0.0739637 0.0739504 0.0717017 0.0677688 0.0626562 0.0567901 0.050509 0.0440661 0.0376469 0.0313938 0.0254317 0.0198871 0.0148957 0.0105931 0.0070859 0.0044171
 0.00787397 0.0128548 0.0194642 0.0276724 0.037214 0.0474337 0.0572583 0.0654621 0.0711105 0.073853 0.0738806 0.0716746 0.0677805 0.0627009 0.0568629 0.050606 0.0441836 0.0377789 0.0315317 0.0255649 0.0200054 0.0149918 0.0106639 0.00713281 0.00444467
 0.00786392 0.0128355 0.0194299 0.0276157 0.0371279 0.0473144 0.0571079 0.0652904 0.0709336 0.0736907 0.0737519 0.0715939 0.0677549 0.0627294 0.0569377 0.0507163 0.0443182 0.0379276 0.0316847 0.0257125 0.0201383 0.0151026 0.0107486 0.00719174 0.00448162
 0.0078463 0.0128045 0.0193789 0.0275371 0.037015 0.047164 0.0569233 0.0650824 0.0707195 0.0734911 0.0735875 0.0714822 0.0677078 0.0627511 0.0570241 0.0508562 0.0444958 0.0381256 0.031887 0.0259051 0.0203099 0.0152454 0.0108587 0.00726972 0.00453194
 0.00783953 0.0127936 0.0193624 0.0275132 0.0369807 0.0471153 0.0568556 0.0649915 0.0706046 0.0733565 0.0734437 0.0713451 0.0675952 0.0626792 0.0570038 0.0508907 0.0445803 0.0382486 0.0320331 0.026058 0.020455 0.0153715 0.0109592 0.00734302 0.00458056
 0.00779807 0.012728 0.0192672 0.0273853 0.0368206 0.0469288 0.0566543 0.0647926 0.0704261 0.0732128 0.0733427 0.0712886 0.0675822 0.0627084 0.0570748 0.0510027 0.0447298 0.0384279 0.03223 0.0262574 0.0206416 0.0155327 0.0110877 0.00743686 0.00464312
 0.00776589 0.0126721 0.0191768 0.0272488 0.0366296 0.0466828 0.0563659 0.0644873 0.0701374 0.0729738 0.0731778 0.0712095 0.067588 0.0627892 0.0572161 0.0511896 0.044949 0.0386675 0.0324775 0.0264994 0.0208644 0.0157243 0.0112403 0.00754882 0.00471818
 0.00773314 0.0126176 0.0190922 0.0271253 0.0364594 0.0464619 0.0560976 0.0641846 0.0698234 0.0726785 0.0729337 0.0710449 0.0675213 0.0628248 0.057345 0.051393 0.0452039 0.0389508 0.0327688 0.0267809 0.0211206 0.0159432 0.0114145 0.00767674 0.00480428
 0.00770808 0.0125749 0.0190243 0.027024 0.0363174 0.0462759 0.0558704 0.0639266 0.0695511 0.0724122 0.0726953 0.0708562 0.0674022 0.0627906 0.057402 0.0515369 0.0454195 0.0392157 0.0330577 0.0270693 0.0213878 0.0161736 0.0115989 0.00781297 0.00489651
 0.00768036 0.0125299 0.0189568 0.0269288 0.0361905 0.0461155 0.0556788 0.063711 0.0693233 0.0721872 0.0724893 0.0706854 0.0672816 0.0627329 0.0574167 0.0516273 0.0455815 0.0394363 0.0333165 0.0273418 0.0216498 0.0164052 0.0117873 0.00795373 0.00499259
 0.00768124 0.0125325 0.0189624 0.0269387 0.0362045 0.0461302 0.0556866 0.0637009 0.069284 0.0721105 0.0723742 0.0705393 0.0671195 0.0625751 0.0572851 0.0515414 0.0455547 0.0394728 0.0334099 0.0274769 0.0218055 0.0165599 0.0119236 0.00806139 0.00506909
 0.00763184 0.0124599 0.0188677 0.0268284 0.0360888 0.0460208 0.0555939 0.063632 0.069241 0.07209 0.0723674 0.0705356 0.0671104 0.0625582 0.0572655 0.0515308 0.0455666 0.0395185 0.0334937 0.027594 0.0219432 0.0167009 0.0120516 0.00816501 0.00514421
 0.00762704 0.0124462 0.0188366 0.0267696 0.0359944 0.045891 0.0554409 0.0634784 0.0691127 0.0720062 0.0723343 0.0705457 0.0671482 0.0626065 0.0573123 0.051572 0.0456065 0.0395661 0.0335578 0.0276784 0.0220445 0.0168093 0.0121544 0.00825174 0.00520926
 0.0076024 0.0124104 0.0187903 0.0267148 0.0359327 0.0458212 0.0553585 0.0633792 0.0689974 0.0718853 0.0722264 0.070471 0.0671196 0.0626249 0.0573672 0.0516482 0.0456912 0.0396528 0.0336463 0.0277709 0.0221413 0.0169066 0.0122452 0.00832862 0.00526771
 0.00758378 0.0123787 0.0187403 0.0266417 0.0358344 0.0457005 0.0552247 0.0632459 0.0688782 0.0717886 0.072155 0.0704252 0.0671011 0.0626376 0.0574135 0.0517259 0.0457922 0.0397665 0.0337636 0.0278861 0.0222509 0.0170077 0.0123341 0.00840152 0.00532242
 0.00756653 0.0123519 0.0187022 0.0265911 0.0357704 0.0456223 0.0551325 0.0631423 0.0687691 0.0716836 0.0720648 0.0703593 0.0670649 0.0626326 0.0574391 0.0517798 0.0458709 0.0398643 0.0338725 0.0279979 0.0223584 0.0171054 0.0124178 0.00846855 0.00537198
 0.00756153 0.0123433 0.0186884 0.0265704 0.0357414 0.0455843 0.0550862 0.063089 0.0687106 0.0716217 0.0720018 0.0702987 0.0670124 0.0625945 0.0574212 0.0517857 0.0459011 0.0399165 0.0339421 0.0280779 0.0224415 0.0171844 0.0124871 0.00852461 0.00541354
 0.00754952 0.0123241 0.0186601 0.0265316 0.0356913 0.0455237 0.0550174 0.0630164 0.0686399 0.0715583 0.07195 0.0702607 0.0669888 0.0625857 0.0574276 0.0518085 0.0459413 0.0399736 0.0340134 0.0281585 0.0225249 0.0172637 0.0125564 0.00858021 0.00545429
 0.00751603 0.0122741 0.018593 0.0264497 0.0355992 0.0454269 0.0549216 0.0629272 0.0685627 0.0714978 0.0719097 0.0702426 0.0669928 0.0626101 0.0574697 0.0518654 0.0460106 0.0400532 0.0341008 0.0282502 0.0226158 0.0173481 0.0126291 0.0086378 0.00549602
 0.00753234 0.0122954 0.0186156 0.0264674 0.0356051 0.0454167 0.0548958 0.0628906 0.0685215 0.071457 0.0718712 0.0702063 0.0669584 0.0625788 0.0574442 0.0518489 0.0460058 0.0400617 0.0341226 0.0282836 0.0226573 0.0173929 0.012672 0.00867456 0.00552421
 0.00751865 0.0122788 0.0186008 0.0264611 0.0356133 0.0454407 0.0549293 0.0629216 0.0685379 0.0714519 0.071846 0.0701681 0.0669162 0.0625391 0.0574109 0.0518239 0.0459905 0.0400573 0.0341297 0.0283016 0.022684 0.0174245 0.0127041 0.0087032 0.00554686
 0.00749155 0.0122353 0.0185369 0.0263749 0.035507 0.0453223 0.0548136 0.0628267 0.0684789 0.0714348 0.0718655 0.0702117 0.0669708 0.0625963 0.0574673 0.0518796 0.0460463 0.0401137 0.0341868 0.0283588 0.0227398 0.0174766 0.01275 0.00874049 0.00557458
 0.00749519 0.0122363 0.0185291 0.0263498 0.0354558 0.0452396 0.0547014 0.0626958 0.0683471 0.0713226 0.0717901 0.0701822 0.0669859 0.0626461 0.0575385 0.0519599 0.0461277 0.0401923 0.0342612 0.0284283 0.0228036 0.0175332 0.0127978 0.00877826 0.00560211
 0.00749519 0.0122363 0.0185291 0.0263498 0.0354558 0.0452396 0.0547014 0.0626958 0.0683471 0.0713226 0.0717901 0.0701822 0.0669859 0.0626461 0.0575385 0.0519599 0.0461277 0.0401923 0.0342612 0.0284283 0.0228036 0.0175332 0.0127978 0.00877826 0.00560211
 0.00718539 0.0117453 0.0178158 0.0253893 0.0342504 0.0438327 0.0531882 0.0612204 0.0670773 0.0704104 0.0713363 0.070219 0.0674791 0.0635102 0.0586587 0.0532148 0.0474082 0.0414134 0.0353647 0.02938 0.023588 0.0181493 0.0132558 0.00909791 0.00580957
 0.00715254 0.0116596 0.0176273 0.0250322 0.0336595 0.0429705 0.0520702 0.0599237 0.0657287 0.0691595 0.070328 0.0695691 0.0672573 0.0637299 0.059276 0.0541399 0.0485249 0.0426019 0.0365208 0.0304261 0.024476 0.0188583 0.0137872 0.00946988 0.00605101
 0.00713604 0.0116394 0.0176063 0.0250098 0.0336221 0.0428815 0.0518686 0.0595397 0.0651144 0.0683219 0.0693437 0.0685722 0.0664037 0.0631561 0.059067 0.0543133 0.0490342 0.0433533 0.0373986 0.0313182 0.0252932 0.0195437 0.014317 0.00984748 0.00629862
 0.00703823 0.0114845 0.0173819 0.0247095 0.0332496 0.0424528 0.051411 0.0590826 0.0646743 0.0678924 0.0689022 0.0681043 0.0659307 0.0627443 0.058811 0.0543011 0.0493121 0.0439073 0.0381586 0.03218 0.0261478 0.020303 0.0149281 0.0102952 0.00659743
 0.0070145 0.011446 0.0173239 0.0246271 0.0331375 0.0423067 0.0512294 0.0588685 0.0644352 0.0676368 0.068634 0.067819 0.0656208 0.0624139 0.0584909 0.0540522 0.0492079 0.0440041 0.0384684 0.0326621 0.026723 0.020881 0.0154351 0.0106898 0.00687208
 0.00702593 0.011467 0.0173596 0.0246827 0.0332155 0.0424036 0.0513323 0.0589561 0.0644822 0.0676207 0.0685411 0.0676463 0.0653738 0.0621051 0.0581418 0.0536982 0.0489006 0.0438026 0.0384195 0.0327795 0.0269783 0.0212138 0.0157762 0.0109846 0.00709291
 0.0070567 0.0115254 0.0174627 0.0248503 0.0334646 0.0427385 0.0517368 0.0593911 0.0648927 0.0679482 0.0687362 0.0676777 0.0652329 0.061805 0.0577143 0.0531897 0.0483682 0.0433096 0.0380259 0.0325275 0.0268787 0.0212426 0.0158855 0.0111216 0.0072177
#pred catch len freq
 0.00528074 0.00830499 0.0120117 0.0162632 0.0209619 0.0260365 0.0313627 0.0367177 0.0418208 0.0464082 0.0502801 0.0533169 0.0554844 0.0568284 0.0574511 0.05748 0.057043 0.0562415 0.0550993 0.0534841 0.0510549 0.0473322 0.0419381 0.0349138 0.0268839
 0.00562777 0.00878947 0.0125982 0.016882 0.0215452 0.0265677 0.0319026 0.0373811 0.0427087 0.0475349 0.0515435 0.0545298 0.0564484 0.0574071 0.0576076 0.0572676 0.0565591 0.0555702 0.0542693 0.0524668 0.0498063 0.0458544 0.0403207 0.0333204 0.0254911
 0.00602513 0.00940698 0.0134703 0.0180111 0.0228909 0.0280409 0.0333725 0.0387084 0.0437993 0.0483825 0.0522209 0.0551251 0.0569884 0.0578266 0.0577848 0.0570944 0.0559937 0.0546403 0.0530365 0.0509884 0.0481277 0.0440346 0.0384627 0.0315703 0.0239978
 0.00629412 0.00984258 0.014124 0.0189325 0.0241209 0.0295963 0.0352232 0.0407564 0.0458777 0.0502844 0.0537563 0.0561803 0.0575523 0.0579629 0.0575691 0.0565619 0.0551344 0.0534319 0.0514816 0.0491301 0.0460468 0.0418457 0.03631 0.0296125 0.022372
 0.00655001 0.0102482 0.0147176 0.0197491 0.0251942 0.0309578 0.0368922 0.0427227 0.0480798 0.0525946 0.0559822 0.0580936 0.0589432 0.0586977 0.0576182 0.0559821 0.0540188 0.0518664 0.0495334 0.0468664 0.0435637 0.0392826 0.0338415 0.0274168 0.020587
 0.00691487 0.0108038 0.0154854 0.0207294 0.0263742 0.032324 0.0384362 0.0444366 0.0499453 0.0545685 0.0579822 0.0599899 0.0605639 0.0598554 0.0581534 0.0558051 0.0531268 0.050329 0.0474625 0.0443952 0.0408442 0.036494 0.0311841 0.0250823 0.0187137
 0.00737047 0.0115004 0.0164521 0.0219648 0.0278509 0.0339957 0.0402426 0.0463064 0.0518033 0.0563465 0.0596251 0.0614492 0.0617814 0.0607478 0.0586121 0.0557155 0.0524025 0.0489435 0.0454641 0.0419039 0.0380386 0.0335934 0.0284231 0.0226713 0.0167951
 0.00781887 0.0121944 0.017432 0.0232463 0.0294257 0.0358321 0.0422811 0.0484551 0.0539418 0.0583428 0.0613583 0.0628291 0.0627558 0.0612937 0.0587153 0.0553503 0.0515282 0.0475224 0.0434955 0.0394543 0.0352553 0.0306921 0.0256506 0.0202519 0.0148773
 0.00821539 0.0128082 0.0182995 0.0243843 0.0308338 0.0374952 0.0441653 0.0504987 0.0560501 0.0603916 0.0632076 0.0643439 0.0638287 0.0618612 0.0587582 0.0548786 0.0505596 0.0460708 0.0415803 0.0371283 0.0326331 0.0279575 0.02303 0.01796 0.0130601
 0.00850716 0.0132734 0.018983 0.0253234 0.0320531 0.0389989 0.0459259 0.0524508 0.0580932 0.0624023 0.0650539 0.0658973 0.064976 0.0625166 0.0588735 0.0544453 0.0496006 0.0446279 0.0397075 0.0349 0.0301627 0.0254079 0.0205994 0.0158394 0.0113809
 0.00879098 0.013719 0.0196255 0.0261886 0.0331581 0.04035 0.0475115 0.0542304 0.0599906 0.0643071 0.0668331 0.0674136 0.0661079 0.0631742 0.0590056 0.0540386 0.048674 0.0432262 0.0378969 0.0327701 0.0278342 0.0230363 0.018362 0.0139016 0.00985392
 0.00908764 0.0141806 0.0202826 0.0270583 0.0342451 0.0416469 0.0489956 0.0558574 0.0616921 0.0659935 0.0683996 0.0687497 0.0671088 0.0637539 0.0591077 0.0536418 0.0477907 0.0418982 0.0361913 0.0307799 0.0256804 0.0208665 0.0163362 0.0121625 0.00849312
 0.00917866 0.0143331 0.0205215 0.0274126 0.0347452 0.0423195 0.0498551 0.0568987 0.0628853 0.0672834 0.0697087 0.0699844 0.0681696 0.0645466 0.0595536 0.0536864 0.04741 0.0411008 0.0350203 0.0293123 0.0240257 0.0191601 0.0147223 0.0107678 0.00739825
 0.00916111 0.0143041 0.0204786 0.0273572 0.0346876 0.0422848 0.0498858 0.0570496 0.0632105 0.0678176 0.0704518 0.0708953 0.06917 0.0655327 0.0604124 0.0543128 0.0477215 0.0410499 0.0346016 0.028566 0.023035 0.0180412 0.0136052 0.00976959 0.00659808
 0.00924022 0.01441 0.0205961 0.0274582 0.0347398 0.0422649 0.049793 0.0569114 0.0630791 0.0677594 0.0705313 0.0711569 0.0696216 0.0661379 0.0610939 0.0549669 0.0482396 0.0413404 0.0346088 0.0282816 0.0225012 0.0173427 0.0128498 0.00906167 0.00601352
 0.00929056 0.0144819 0.020685 0.0275506 0.0348137 0.0422927 0.0497467 0.0567715 0.0628471 0.0674669 0.0702411 0.0709501 0.0695742 0.0662947 0.061451 0.0554686 0.0487911 0.0418312 0.0349408 0.028394 0.0223847 0.0170391 0.0124367 0.00862693 0.00562929
 0.0092456 0.0144324 0.0206532 0.02757 0.0349172 0.0424952 0.0500307 0.0570862 0.063122 0.0676359 0.0702665 0.0708371 0.0693714 0.066079 0.0613005 0.0554335 0.0488745 0.0419886 0.0350979 0.0284759 0.0223443 0.0168718 0.0121781 0.00833436 0.00535822
 0.0092263 0.0143962 0.0205917 0.0274775 0.0347981 0.0423722 0.0499458 0.0570887 0.0632444 0.0678713 0.0705628 0.0711165 0.069565 0.0661571 0.0612817 0.0553702 0.0488225 0.0419791 0.0351249 0.028504 0.0223313 0.0167928 0.0120368 0.00815877 0.00518446
 0.00928649 0.01447 0.020658 0.0275009 0.0347377 0.0421968 0.0496504 0.0567038 0.062834 0.0675185 0.0703443 0.0710754 0.0696934 0.0664018 0.0615717 0.0556483 0.0490631 0.042183 0.0353004 0.0286502 0.0224354 0.0168406 0.0120259 0.00810271 0.00510731
 0.00936742 0.014593 0.0208256 0.0277061 0.0349609 0.0424047 0.0497975 0.0567414 0.0627276 0.0672665 0.0699879 0.0706898 0.0693623 0.0661868 0.0614921 0.0556818 0.0491653 0.0423102 0.0354229 0.0287524 0.0225086 0.0168792 0.0120287 0.00807638 0.0050647
 0.00939971 0.0146433 0.0208973 0.0278011 0.0350795 0.0425441 0.0499495 0.0568885 0.0628416 0.0673122 0.0699353 0.0705293 0.0691163 0.0659069 0.0612409 0.0555086 0.0490885 0.0423171 0.0354825 0.028831 0.0225805 0.0169293 0.0120521 0.00807595 0.00504871
 0.00931059 0.01452 0.020752 0.0276588 0.034972 0.0424991 0.0499812 0.0569947 0.063005 0.0675048 0.070122 0.0706736 0.0691888 0.0658964 0.0611609 0.0553942 0.0489818 0.0422499 0.0354653 0.028854 0.0226233 0.016972 0.0120819 0.0080892 0.00504845
 0.00917176 0.0143095 0.0204646 0.0273024 0.0345686 0.0420842 0.0496017 0.0567025 0.0628453 0.0675025 0.0702719 0.0709418 0.0695232 0.0662412 0.0614716 0.0556471 0.0491769 0.0424034 0.0355973 0.0289775 0.0227392 0.0170734 0.012161 0.00814265 0.00507886
 0.00912814 0.0142323 0.0203367 0.0271046 0.0342848 0.04171 0.0491529 0.0562191 0.0623874 0.0671376 0.0700587 0.070914 0.0696794 0.0665456 0.0618652 0.0560667 0.0495719 0.0427459 0.035881 0.0292083 0.022926 0.0172217 0.0122732 0.00822103 0.00512812
 0.00913261 0.0142326 0.0203234 0.0270624 0.0341934 0.0415473 0.0489013 0.0558727 0.0619602 0.0666685 0.0696095 0.0705568 0.0694772 0.0665326 0.0620366 0.0563816 0.0499688 0.0431623 0.0362691 0.0295414 0.0231953 0.017429 0.0124251 0.00832559 0.00519469
 0.00907275 0.0141463 0.0202138 0.026938 0.0340643 0.0414187 0.0487691 0.0557237 0.0617776 0.0664415 0.0693425 0.070275 0.0692252 0.0663634 0.0619945 0.0564858 0.0502058 0.0434911 0.036636 0.0298969 0.0235052 0.0176769 0.0126088 0.00845208 0.00527523
