SBPRF35
8.74523
Curr Bio
439102
B35
614845
F35
0.202004
FOFL
0.100543
OFL
26593.2
Bzero
2.49864e+006
#pred survey bio
 4.59827e+006 3.48287e+006 3.06882e+006 2.86641e+006 2.75053e+006 2.71315e+006 2.56021e+006 2.24875e+006 1.85153e+006 1.62892e+006 1.44435e+006 1.3108e+006 1.12593e+006 987653 890597 801157 739235 659699 619827 586006 586353 578881 561702 520439 493223 497803 499862 519277 511318 508589 521760 541478 567394 590781 610903 606967 586919 585141 577291 576463 587916 593154 603571 638283 667401 675387 689442 693418 627749 536504 536928 615870 624121 567713 538992 596501 619677 603752 619456 623937 641010 643703 675630 615297 445303 1.14429e+007 7.38771e+006 8.43666e+006 1.00285e+007 1.18196e+007 1.35381e+007 1.50344e+007 1.62562e+007 1.72106e+007 1.79338e+007 1.84705e+007 1.88634e+007 1.91487e+007 1.9355e+007 1.95042e+007 1.96122e+007 1.96907e+007 1.97481e+007 1.97903e+007 1.98215e+007 1.98447e+007 1.98622e+007 1.98753e+007 1.98853e+007 1.98928e+007 1.98987e+007 1.99031e+007 1.99065e+007 1.99092e+007 1.99112e+007 1.99128e+007 1.9914e+007 1.9915e+007 1.99158e+007 1.99163e+007 1.99168e+007 1.99172e+007 1.99174e+007 1.99177e+007 1.99178e+007 1.9918e+007 1.99181e+007 1.99182e+007 1.99182e+007 1.99183e+007 1.99183e+007 1.99184e+007 1.99184e+007 1.99184e+007 1.99184e+007 1.99184e+007 1.99184e+007 1.99184e+007 1.99185e+007 1.99185e+007 1.99185e+007 1.99185e+007 1.99185e+007 1.99185e+007 1.99185e+007 1.99185e+007 1.99185e+007 1.99185e+007 1.99185e+007 1.99185e+007 1.99185e+007 1.99185e+007 1.99185e+007 1.99185e+007 1.99185e+007 1.99185e+007 1.99185e+007 1.99185e+007 1.99185e+007 1.99185e+007 1.99185e+007 1.99185e+007 1.99185e+007 1.99185e+007 1.99185e+007 1.99185e+007 1.99185e+007 1.99185e+007 1.99185e+007 1.99185e+007 1.99185e+007 1.99185e+007 1.99185e+007 1.99185e+007 1.99185e+007 1.99185e+007 1.99185e+007 1.99185e+007 1.99185e+007 1.99185e+007 1.99185e+007 1.99185e+007 1.99185e+007 1.99185e+007 1.99185e+007 0 0 0 0 0 0 0 0 0 0 0 0 0 0 0 0 0 0 0 0 0 0 0 0 0
#obs survey bio
 5.13506e+006 2.50796e+006 2.65736e+006 3.67853e+006 2.15619e+006 2.84259e+006 2.72019e+006 2.586e+006 1.71855e+006 1.65106e+006 1.39701e+006 1.82806e+006 1.24836e+006 849914 848026 970632 840724 772346 606852 659080 595705 604388 831818 398602 364948 558932 514806 421075 441940 459107 616063 679248 544135 492247 464647 610984 494717 623500 606368 537218 754029 562430 522089 726631 639099 755562 707636 680805 634579 500844 408496 783175 504138 484328 594980 773300 604822 631841 424996 667303 658075 644464 651073 598227 504751
#pred catch bio
 130878 102207 142854 203674 235254 265637 256625 306495 287470 316355 287800 265620 256512 243169 242375 213850 210858 164945 154742 130948 134916 126354 114746 109668 108481 114837 97871.2 102617 95893.3 96966.2 99073.5 89805.3 96993.2 89059.4 99603.9 87648.9 85726.8 83312.1 85733.9 92462.4 88359.2 88265.4 86105.1 87553 90018.9 90071 87151.9 83935.8 87885.9 84304.7 42984.5 83744.4 119804 127879 62977.4 89661.1 130985 93041.7 114310 94786.5 112901 81568.5 86952.3 122530 89587.4 26593.2 54298.3 60816.1 71927.3 85075.2 97691.2 108520 117177 123759 128582 132020 134418 136064 137178 137925 138422 138750 138966 139107 139199 139258 139297 139322 139338 139349 139355 139360 139363 139364 139366 139366 139367 139367 139367 139367 139367 139367 139368 139368 139368 139368 139368 139368 139368 139368 139368 139368 139368 139368 139368 139368 139368 139368 139368 139368 139368 139368 139368 139368 139368 139368 139368 139368 139368 139368 139368 139368 139368 139368 139368 139368 139368 139368 139368 139368 139368 139368 139368 139368 139368 139368 139368 139368 139368 139368 139368 139368 139368 139368 139368 139368 139368 139368 139368 139368 139368 139368 139368 139368 139368 0 0 0 0 0 0 0 0 0 0 0 0 0 0 0 0 0 0 0 0 0 0 0 0 0
#obs catch bio
 0 101852 142887 204050 235907 266004 255832 306442 287407 317418 289278 264293 256605 243526 243151 214312 211085 164695 154706 131010 135264 126483 114349 109436 108888 115259 97920.6 102473 95697.4 97078.5 99350.4 89598.8 97234.5 88878.1 99838.8 87459.5 85811.4 83217.5 85673.8 92666.7 88273.6 88243.9 86171.1 87550.4 89953.7 90122.1 87188.9 83755.7 87788.9 84956.5 42613.2 83841.1 119710 129050 62540 89525.7 131916 92565.1 114790 94448.3 113390 81412.3 86600.5 122870 89603.8
#pred cpue bio
 4.54804e+006 3.44475e+006 3.03426e+006 2.83222e+006 2.71566e+006 2.67647e+006 2.5231e+006 2.21373e+006 1.81992e+006 1.59832e+006 1.41445e+006 1.28132e+006 1.09857e+006 961423 864884 776139 714901 636858 597819 564626 564776 557414 540850 501197 474790 479051 481012 500035 492475 489855 502536 521656 546955 569636 589463 585662 565200 561456 553011 552237 563343 568693 578725 612004 640151 647950 661461 665465 602731 515000 515057 592323 601316 546091 516645 572462 595577 579450 594194 597753 613982 616070 647139 590147 426492 1.09071e+007 6.98868e+006 7.86067e+006 9.34105e+006 1.11068e+007 1.28212e+007 1.4317e+007 1.55387e+007 1.64931e+007 1.72163e+007 1.7753e+007 1.81459e+007 1.84312e+007 1.86376e+007 1.87867e+007 1.88947e+007 1.89733e+007 1.90306e+007 1.90728e+007 1.9104e+007 1.91273e+007 1.91447e+007 1.91578e+007 1.91678e+007 1.91754e+007 1.91812e+007 1.91856e+007 1.91891e+007 1.91917e+007 1.91937e+007 1.91953e+007 1.91966e+007 1.91975e+007 1.91983e+007 1.91989e+007 1.91993e+007 1.91997e+007 1.92e+007 1.92002e+007 1.92004e+007 1.92005e+007 1.92006e+007 1.92007e+007 1.92008e+007 1.92008e+007 1.92009e+007 1.92009e+007 1.92009e+007 1.92009e+007 1.92009e+007 1.9201e+007 1.9201e+007 1.9201e+007 1.9201e+007 1.9201e+007 1.9201e+007 1.9201e+007 1.9201e+007 1.9201e+007 1.9201e+007 1.9201e+007 1.9201e+007 1.9201e+007 1.9201e+007 1.9201e+007 1.9201e+007 1.9201e+007 1.9201e+007 1.9201e+007 1.9201e+007 1.9201e+007 1.9201e+007 1.9201e+007 1.9201e+007 1.9201e+007 1.9201e+007 1.9201e+007 1.9201e+007 1.9201e+007 1.9201e+007 1.9201e+007 1.9201e+007 1.9201e+007 1.9201e+007 1.9201e+007 1.9201e+007 1.9201e+007 1.9201e+007 1.9201e+007 1.9201e+007 1.9201e+007 1.9201e+007 1.9201e+007 1.9201e+007 1.9201e+007 1.9201e+007 1.9201e+007 1.9201e+007 1.9201e+007 1.9201e+007 0 0 0 0 0 0 0 0 0 0 0 0 0 0 0 0 0 0 0 0 0 0 0 0 0
#obs cpue bio
 5.17125e+006 4.24055e+006 3.67303e+006 2.18092e+006 2.17507e+006 3.50787e+006 3.01257e+006 2.09668e+006 1.55125e+006 1.44586e+006 1.08719e+006 1.74143e+006 768895 1.00853e+006 867214 592345 731435 535916 640176 422199 539140 546997 477161 644717 436892 460577 435899 819425 567398 453065 392324 507815 473188 781812 697939 699967 558698 608498 520566 507472 509117 599700 576287 574053 740857 518472 610434 823243 671338 377277 641641 628998 851576 436197 503105 538438 485004 671262 716749 655307 529960 551613 864189 624308 339344
#pred surv len freq
 0.00423813 0.00698823 0.0107172 0.0154693 0.0211586 0.0274745 0.033868 0.0397047 0.0445106 0.0481239 0.0506553 0.0523372 0.0533959 0.0540013 0.0542704 0.0542914 0.0541485 0.0539212 0.0536253 0.0530956 0.0518854 0.0493181 0.0447747 0.0381108 0.0299158
 0.00445492 0.00728035 0.0110473 0.0157705 0.0213593 0.0275339 0.0337989 0.0395647 0.0443653 0.0480076 0.0505579 0.0522254 0.0532526 0.0538547 0.0541929 0.054368 0.0544286 0.0543781 0.0541443 0.0535045 0.0520204 0.0490959 0.0442318 0.0373843 0.0291778
 0.00463149 0.00758286 0.0115262 0.016469 0.022288 0.0286409 0.0349559 0.0405922 0.0450961 0.0483529 0.0505327 0.0519186 0.0527713 0.0532864 0.0536041 0.0538194 0.0539778 0.0540564 0.0539258 0.053298 0.0517028 0.0485762 0.043505 0.0365389 0.0283507
 0.00472945 0.00776271 0.0118364 0.0169706 0.0230442 0.0296953 0.0363046 0.0421612 0.0467361 0.0498613 0.0517025 0.0525989 0.0529114 0.0529396 0.0528935 0.0528905 0.0529612 0.0530461 0.0529653 0.052375 0.0507656 0.0475744 0.0424356 0.0354645 0.0273742
 0.0048972 0.00803126 0.0122344 0.0175262 0.0237856 0.0306484 0.0374865 0.0435682 0.0483293 0.0515533 0.0533514 0.054021 0.0539184 0.0533912 0.0527411 0.0521881 0.0518391 0.0516613 0.0514538 0.0508244 0.0492162 0.0460457 0.0409611 0.0341087 0.0262182
 0.00507098 0.00831916 0.0126772 0.0181643 0.0246498 0.0317474 0.0387963 0.0450338 0.0498796 0.0531187 0.054868 0.0554172 0.0550958 0.0542223 0.0530945 0.0519727 0.051042 0.0503556 0.0497728 0.0489188 0.0472221 0.0440762 0.039116 0.0324817 0.024887
 0.00529028 0.00867099 0.0131984 0.0188875 0.0255986 0.032929 0.0401916 0.0465915 0.0515206 0.0547506 0.0564018 0.0567776 0.05622 0.0550475 0.0535448 0.0519611 0.0504938 0.0492441 0.0481442 0.0468921 0.0449648 0.0417738 0.0369451 0.0305894 0.0233708
 0.005468 0.00896812 0.0136605 0.0195613 0.0265219 0.0341147 0.0416136 0.0481824 0.0531856 0.0563894 0.0579259 0.0581164 0.0573173 0.0558541 0.05401 0.0520254 0.0500917 0.0483216 0.0466895 0.0449641 0.0427022 0.0393762 0.0346336 0.0285584 0.0217481
 0.00573585 0.00941038 0.0143386 0.020536 0.0278404 0.0357904 0.0436044 0.0503839 0.0554453 0.058538 0.0598104 0.0596224 0.0583776 0.0564428 0.0541258 0.0516714 0.0492596 0.0469928 0.0448565 0.0426652 0.0400525 0.036572 0.0319195 0.0261677 0.0198405
 0.0058565 0.00964105 0.0147499 0.0212163 0.0288765 0.0372362 0.0454518 0.0525504 0.0577879 0.0608821 0.0619795 0.0614604 0.0597638 0.0573004 0.0544218 0.0514055 0.0484469 0.0456506 0.043007 0.0403588 0.0373983 0.0337537 0.0291758 0.0237364 0.0178923
 0.00608662 0.010014 0.015311 0.0220119 0.0299519 0.0386275 0.0471716 0.0545713 0.0600313 0.0632177 0.0642383 0.06346 0.0613386 0.0583267 0.0548292 0.0511729 0.0475889 0.044203 0.0410218 0.0379141 0.03462 0.0308301 0.0263437 0.0212317 0.0158862
 0.006295 0.0103532 0.0158221 0.0227332 0.0309118 0.0398345 0.0486051 0.0561819 0.0617522 0.0649785 0.0659687 0.0650811 0.0627529 0.0594196 0.055485 0.0512974 0.0471259 0.0431407 0.0393921 0.0357954 0.0321446 0.0281874 0.0237629 0.0189374 0.0140416
 0.00655445 0.0107643 0.016421 0.0235463 0.0319515 0.0410923 0.0500441 0.0577349 0.0633318 0.0664953 0.0673494 0.0662755 0.0637265 0.0601387 0.0559025 0.051349 0.0467415 0.0422654 0.0380097 0.0339473 0.0299409 0.025804 0.0214173 0.0168431 0.0123534
 0.00674968 0.0111099 0.0169917 0.0244243 0.0332024 0.0427293 0.0519985 0.0598555 0.0654204 0.0683612 0.0688536 0.0673478 0.0643579 0.0603592 0.055754 0.0508617 0.0459205 0.0410942 0.0364722 0.0320594 0.0277773 0.0235077 0.0191792 0.0148555 0.0107568
 0.00687981 0.0113366 0.0173624 0.0249977 0.0340401 0.0438808 0.0534792 0.0616265 0.0673788 0.0703468 0.0706746 0.0688216 0.0653528 0.0608192 0.0556956 0.0503461 0.0450184 0.0398606 0.0349433 0.0302712 0.0257949 0.0214439 0.0171876 0.0130955 0.00934616
 0.00701989 0.0115799 0.0177577 0.0256002 0.0349003 0.0450263 0.0548969 0.0632574 0.0691266 0.0720944 0.0722969 0.0701929 0.0663565 0.0613636 0.0557332 0.0498833 0.0441072 0.038578 0.0333704 0.0284868 0.023885 0.0195155 0.0153686 0.0115125 0.00808996
 0.00706757 0.0116611 0.0178883 0.0258014 0.0351996 0.0454558 0.0554883 0.0640322 0.0700854 0.073207 0.0734998 0.0713943 0.0674477 0.062234 0.0562853 0.0500482 0.0438565 0.0379274 0.0323734 0.0272239 0.0224556 0.0180333 0.0139539 0.0102748 0.00710515
 0.00734021 0.0120757 0.0184586 0.0265205 0.0360422 0.0463828 0.0564518 0.0649799 0.0709682 0.073989 0.0741615 0.0719283 0.0678468 0.0624809 0.0563492 0.04989 0.0434409 0.0372371 0.031421 0.0260568 0.0211532 0.0166976 0.0126938 0.00918577 0.00624819
 0.00748426 0.01229 0.0187435 0.0268623 0.0364157 0.046758 0.0567999 0.0652811 0.0712178 0.0742013 0.0743671 0.0721608 0.0681262 0.0627995 0.0566684 0.0501475 0.0435657 0.0371674 0.0311216 0.0255304 0.0204442 0.0158843 0.0118714 0.00844345 0.00564806
 0.00765006 0.0125504 0.0191171 0.0273562 0.0370201 0.0474396 0.0574994 0.0659192 0.0717155 0.0745055 0.0744688 0.0720957 0.067958 0.0625951 0.0564743 0.0499759 0.0433939 0.0369499 0.0308104 0.0250965 0.0198922 0.0152549 0.01123 0.00785906 0.0051722
 0.00762137 0.0125072 0.0190592 0.0272873 0.036949 0.0473805 0.0574707 0.0659389 0.0717949 0.074643 0.0746493 0.0722975 0.0681624 0.0627938 0.056668 0.0501659 0.0435708 0.0370887 0.0308749 0.025054 0.0197294 0.014988 0.0109017 0.00752432 0.00487916
 0.00766142 0.0125665 0.0191375 0.0273806 0.0370506 0.0474831 0.0575684 0.0660285 0.0718757 0.0747169 0.0747182 0.0723615 0.0682189 0.0628392 0.0567008 0.0501876 0.043583 0.0370874 0.0308469 0.0249802 0.0195952 0.0147941 0.0106681 0.00728406 0.0046655
 0.00768093 0.0125919 0.0191638 0.0273994 0.0370519 0.0474596 0.0575183 0.0659579 0.0717976 0.0746483 0.0746766 0.07236 0.0682629 0.0629243 0.0568146 0.0503141 0.0437064 0.0371937 0.030923 0.0250136 0.0195764 0.0147222 0.0105546 0.00715082 0.00453705
 0.00780278 0.012758 0.0193546 0.0275766 0.0371692 0.0474794 0.0574263 0.0657674 0.0715429 0.0743735 0.0744251 0.0721667 0.0681496 0.0628976 0.0568666 0.0504254 0.0438517 0.0373467 0.0310603 0.0251167 0.0196336 0.0147305 0.0105208 0.00709013 0.00446798
 0.00778068 0.0127569 0.0194149 0.0277499 0.0374963 0.0479595 0.0579978 0.0663171 0.0719469 0.0745467 0.0743509 0.0718934 0.0677614 0.0624807 0.0564863 0.0501177 0.0436261 0.0371936 0.0309596 0.0250458 0.0195732 0.0146682 0.0104529 0.00702021 0.00440332
 0.00766689 0.0125893 0.0191974 0.027504 0.0372631 0.0477968 0.0579694 0.0664719 0.072292 0.0750288 0.0748655 0.0723222 0.0680199 0.0625477 0.0563994 0.049945 0.0434338 0.0370255 0.0308329 0.0249574 0.0195104 0.0146176 0.0104061 0.00697498 0.00436202
 0.0077662 0.0127186 0.0193333 0.0276073 0.0372928 0.0477319 0.0578257 0.0663032 0.0721721 0.0750216 0.0749967 0.0725656 0.0683058 0.0627902 0.0565325 0.0499463 0.0433253 0.0368551 0.0306494 0.0247937 0.0193795 0.0145182 0.0103313 0.00691829 0.00431938
 0.00775281 0.0126852 0.0192606 0.0274679 0.0370551 0.0473692 0.0573294 0.0656955 0.071514 0.0744102 0.0745457 0.0723718 0.0684126 0.0631691 0.0570924 0.0505698 0.0439099 0.0373402 0.0310195 0.0250625 0.0195703 0.0146514 0.0104207 0.00697391 0.00435008
 0.00786557 0.0128501 0.0194735 0.0277102 0.0372952 0.0475663 0.0574387 0.0656745 0.071333 0.0740663 0.0740744 0.0718476 0.0679336 0.062827 0.0569414 0.0506078 0.0440859 0.0375802 0.0312574 0.0252586 0.0197127 0.0147458 0.0104791 0.00700753 0.00436758
 0.00786291 0.0128565 0.019502 0.0277773 0.0374128 0.0477323 0.0576288 0.0658447 0.0714317 0.0740511 0.073927 0.0715803 0.0675886 0.0624685 0.0566395 0.0504188 0.0440332 0.0376487 0.0314034 0.0254308 0.0198709 0.0148691 0.010564 0.0070601 0.00439711
 0.00780269 0.0127696 0.0193924 0.0276576 0.0373035 0.0476576 0.0576114 0.065898 0.071552 0.0742128 0.0740861 0.0716881 0.0676104 0.0623979 0.0565025 0.0502634 0.0439108 0.0375947 0.0314255 0.025511 0.019978 0.014974 0.0106484 0.00711863 0.00443279
 0.00786153 0.012839 0.0194492 0.0276666 0.03723 0.0474862 0.05736 0.0656171 0.071307 0.074059 0.0740483 0.0717543 0.0677398 0.0625392 0.0566142 0.0503285 0.0439389 0.0376119 0.0314581 0.0255717 0.0200623 0.0150662 0.0107319 0.00718305 0.00447592
 0.00784081 0.0128005 0.0193814 0.0275531 0.0370505 0.0472203 0.0569951 0.0651596 0.0707918 0.0735521 0.0736344 0.0715113 0.0677107 0.0627163 0.0569449 0.0507387 0.0443612 0.0380035 0.0318025 0.0258692 0.020317 0.015279 0.0109006 0.00730688 0.00455867
 0.00779674 0.0127414 0.0193151 0.0274929 0.037009 0.0472004 0.0569834 0.0651271 0.0707042 0.0733854 0.0733902 0.0712235 0.0674381 0.0625229 0.0568755 0.0508026 0.0445327 0.0382375 0.0320547 0.0261085 0.0205273 0.0154541 0.011039 0.00740929 0.00462849
 0.00780747 0.0127284 0.0192411 0.0273091 0.0366735 0.046704 0.0563673 0.0644776 0.0701227 0.0729501 0.0731329 0.0711325 0.0674807 0.0626695 0.0571109 0.0511214 0.0449258 0.0386828 0.0325171 0.0265497 0.0209162 0.0157727 0.0112823 0.00758226 0.0047423
 0.00858392 0.0138408 0.0206353 0.0288342 0.0381169 0.0478539 0.0570689 0.064661 0.0698041 0.0722184 0.0721251 0.0700003 0.0663557 0.0616415 0.0562273 0.0504004 0.0443708 0.0382871 0.0322641 0.026412 0.0208606 0.0157667 0.0113 0.00760665 0.00476426
 0.00933401 0.0150188 0.0223217 0.0310517 0.0407977 0.0508073 0.0599689 0.0670911 0.0713688 0.0726762 0.0714679 0.0684353 0.06421 0.059251 0.0538597 0.0482292 0.0424857 0.0367199 0.0310115 0.0254506 0.0201543 0.0152721 0.0109716 0.0074011 0.00464383
 0.00920277 0.0149451 0.022467 0.031646 0.0420725 0.0528883 0.0627823 0.0703386 0.0745904 0.0753716 0.0732257 0.0690284 0.0636358 0.0577086 0.0516741 0.0457538 0.040021 0.0344729 0.0290946 0.0239031 0.018967 0.0144072 0.010376 0.00701578 0.00441137
 0.00894008 0.0145316 0.02188 0.0309003 0.0412492 0.0521593 0.062406 0.0705976 0.0756744 0.0772592 0.075641 0.0715124 0.0657022 0.0590028 0.0520655 0.0453334 0.0390271 0.0331906 0.0277736 0.022714 0.0179971 0.0136779 0.00986675 0.0066853 0.0042126
 0.00877712 0.0142711 0.0214965 0.0303746 0.0405748 0.0513562 0.0615397 0.0697947 0.0751201 0.0771603 0.076154 0.0726617 0.0673311 0.0608005 0.0536677 0.0464503 0.0395332 0.0331365 0.0273291 0.0220843 0.0173543 0.013129 0.00945444 0.00640687 0.00404191
 0.00870593 0.0141584 0.0213319 0.0301496 0.0402829 0.050994 0.0611104 0.069315 0.0746283 0.0767253 0.0758766 0.0726574 0.0676891 0.0615298 0.054664 0.0475132 0.0404358 0.0337131 0.0275299 0.0219724 0.0170564 0.0127748 0.00913575 0.00616636 0.00388371
 0.00880317 0.0142749 0.0214312 0.0301735 0.0401692 0.050703 0.0606459 0.0687261 0.0739921 0.076123 0.0753794 0.0723264 0.0675795 0.0616854 0.0550951 0.048171 0.0412065 0.0344458 0.0280912 0.022295 0.0171533 0.0127156 0.00900531 0.0060309 0.00377773
 0.00887491 0.0143949 0.021615 0.0304298 0.0404882 0.0510446 0.0609361 0.0688728 0.0739198 0.075809 0.0748688 0.0717176 0.0669907 0.0612225 0.0548312 0.048135 0.0413763 0.034751 0.0284322 0.0225772 0.0173206 0.0127636 0.0089685 0.00595652 0.00370322
 0.00880864 0.0143025 0.0215049 0.0303213 0.040408 0.0510186 0.0609798 0.0689818 0.0740642 0.0759367 0.0749218 0.0716565 0.0668163 0.0609804 0.0545957 0.0479803 0.0413496 0.0348563 0.0286313 0.0228067 0.0175187 0.0128932 0.00902523 0.00596021 0.00368115
 0.00881698 0.0142974 0.0214642 0.0302163 0.0402153 0.0507372 0.0606421 0.0686499 0.0738088 0.0758079 0.0749287 0.0717654 0.066969 0.0611222 0.0546993 0.0480539 0.0414254 0.0349676 0.0287911 0.0230004 0.0177129 0.013054 0.00913407 0.006018 0.00370215
 0.0088506 0.0143489 0.0215344 0.0303005 0.0403002 0.0507992 0.0606504 0.0685769 0.0736451 0.0755744 0.074674 0.071547 0.0668276 0.0610658 0.0547072 0.0480957 0.0414803 0.0350322 0.0288722 0.0231016 0.0178261 0.0131622 0.00922055 0.00607492 0.00373198
 0.00882209 0.014312 0.0214962 0.030273 0.0402967 0.0508273 0.0607069 0.0686447 0.0736977 0.0755844 0.074625 0.0714425 0.0666921 0.0609351 0.0546123 0.0480509 0.0414823 0.0350686 0.0289308 0.0231743 0.0179062 0.013241 0.00928867 0.0061255 0.00376367
 0.00872118 0.0141586 0.0212862 0.0300116 0.0399995 0.0505204 0.0604243 0.068424 0.0735693 0.0755609 0.0746953 0.071577 0.0668558 0.0611016 0.0547713 0.0482052 0.041639 0.0352308 0.0290954 0.0233338 0.0180524 0.0133668 0.00938912 0.00619882 0.00381175
 0.00867052 0.014072 0.0211486 0.0298083 0.0397216 0.0501728 0.0600322 0.0680319 0.073232 0.0753275 0.074596 0.0716157 0.0670117 0.0613383 0.0550487 0.0484906 0.0419128 0.0354849 0.0293276 0.0235425 0.0182344 0.0135184 0.00950769 0.00628468 0.00386854
 0.00877755 0.0142393 0.0213867 0.0301187 0.0400928 0.0505755 0.0604183 0.0683414 0.0734089 0.0753402 0.0744484 0.0713446 0.0666718 0.0609832 0.0547175 0.0482043 0.0416779 0.0353002 0.0291895 0.0234466 0.018175 0.0134877 0.00949661 0.00628457 0.00387273
 0.00855149 0.0139454 0.0210795 0.0298926 0.0400531 0.0507939 0.0608964 0.0690043 0.0741314 0.0759888 0.0749193 0.0715842 0.0666797 0.0608017 0.0544128 0.0478453 0.0413204 0.0349803 0.0289248 0.0232417 0.0180263 0.0133874 0.00943446 0.00624963 0.00385513
 0.00796863 0.0130008 0.0196724 0.0279555 0.0375943 0.0479484 0.0579547 0.0663767 0.0722376 0.0751185 0.0751421 0.0727533 0.0685125 0.0629829 0.0566724 0.0499947 0.0432521 0.0366484 0.0303204 0.0243747 0.0189157 0.0140574 0.00991435 0.00657319 0.00405843
 0.00821809 0.0133235 0.020002 0.0281714 0.0375453 0.047498 0.0570312 0.0650103 0.0705732 0.0733991 0.0736555 0.0717532 0.0681416 0.0632358 0.0574169 0.0510342 0.044394 0.0377478 0.0312923 0.0251832 0.0195559 0.0145411 0.0102616 0.00680806 0.00420663
 0.00867658 0.014084 0.0211656 0.0298166 0.039681 0.050004 0.0596212 0.0672637 0.0720502 0.0737923 0.0729024 0.0700506 0.0658654 0.0608103 0.0551922 0.0492147 0.0430326 0.0367909 0.0306412 0.0247427 0.0192561 0.0143377 0.0101271 0.00672356 0.00415716
 0.00877183 0.0143118 0.0216432 0.0306983 0.0411184 0.0520806 0.0622853 0.0702943 0.0750758 0.0763619 0.0745892 0.0705654 0.0651416 0.0590258 0.0527098 0.0464642 0.0403884 0.0344953 0.0287935 0.0233355 0.0182279 0.0136129 0.00963612 0.00640711 0.00396564
 0.00827947 0.0135023 0.0204193 0.0289943 0.0389511 0.0496104 0.0598483 0.0683555 0.0740909 0.0766018 0.0760218 0.0728589 0.067786 0.0615098 0.0546751 0.0477801 0.0411291 0.0348481 0.0289543 0.0234401 0.0183362 0.013731 0.00974811 0.00649803 0.00402982
 0.00836436 0.0135884 0.02045 0.0288777 0.0385764 0.0488819 0.0587296 0.0669102 0.0725043 0.0751639 0.0750587 0.0726219 0.0683454 0.0627139 0.0562066 0.0492836 0.042341 0.0356649 0.0294169 0.0236644 0.0184396 0.0137908 0.00979729 0.00654233 0.00406575
 0.00877797 0.014257 0.0214423 0.0302363 0.0402862 0.0508316 0.0606891 0.068556 0.0735061 0.0753039 0.0743233 0.0712159 0.0666187 0.0610321 0.0548238 0.0482776 0.0416355 0.0351162 0.0289077 0.0231516 0.0179452 0.0133609 0.00946541 0.0063143 0.00392541
 0.00880191 0.0142885 0.0214793 0.0302799 0.0403504 0.0509507 0.0609127 0.0689243 0.0740116 0.0758646 0.0747945 0.0714479 0.0665318 0.0606622 0.0543062 0.0477768 0.0412657 0.0349015 0.028799 0.0230784 0.0178613 0.0132586 0.00936104 0.00622699 0.00386426
 0.00895149 0.0145354 0.0218554 0.030812 0.0410478 0.0517914 0.0618352 0.0698366 0.074817 0.0764876 0.0751888 0.0715847 0.066388 0.0602276 0.0536089 0.046899 0.040329 0.034025 0.0280586 0.022494 0.017414 0.0129189 0.00910664 0.00604437 0.00374251
 0.00893699 0.0145013 0.0217869 0.0306941 0.0408762 0.0515848 0.0616415 0.0697229 0.0748451 0.076687 0.0755433 0.0720382 0.0668615 0.0606386 0.0538882 0.0470071 0.0402688 0.0338398 0.0278132 0.0222476 0.0172024 0.0127531 0.0089832 0.00595589 0.0036823
 0.00903071 0.0146591 0.0220323 0.031047 0.0413415 0.0521402 0.0622307 0.0702659 0.0752654 0.0769409 0.0756328 0.0719989 0.0667366 0.0604565 0.0536551 0.0467146 0.0399096 0.0334216 0.0273634 0.0218067 0.0168093 0.012433 0.00874332 0.00578948 0.0035752
 0.00866594 0.0141073 0.0212808 0.0301176 0.0402916 0.051059 0.0612318 0.0694725 0.0747834 0.0768299 0.0758905 0.0725688 0.0675315 0.0613808 0.054618 0.0476354 0.0407219 0.0340807 0.0278521 0.0221357 0.0170094 0.0125425 0.00879695 0.00581254 0.00358336
 0.00845879 0.0137685 0.0207694 0.0294001 0.0393569 0.0499369 0.0600081 0.0682849 0.0737924 0.0761756 0.0756555 0.0727642 0.0681045 0.0622365 0.0556436 0.0487201 0.0417693 0.0350163 0.0286282 0.0227331 0.0174356 0.0128243 0.00896993 0.0059113 0.00363585
 0.00952255 0.0153271 0.0227948 0.031748 0.041796 0.0522053 0.0618638 0.0695358 0.0743167 0.0759417 0.0747333 0.0713127 0.0663348 0.0603636 0.0538451 0.0471134 0.0404093 0.0339075 0.0277442 0.0220366 0.0168918 0.0124071 0.0086607 0.00569418 0.00349396
#obs surv len freq
 nan nan nan nan nan nan nan nan nan nan nan nan nan nan nan nan nan nan nan nan nan nan nan nan nan
 0.00448294 0.00734372 0.0111735 0.0159902 0.0216919 0.027969 0.0342846 0.040017 0.0446971 0.0481607 0.0505179 0.0520128 0.052904 0.0534155 0.053729 0.0539833 0.0542614 0.0545539 0.0546924 0.0542842 0.0527223 0.0493545 0.0438045 0.0362848 0.0276687
 0.00462057 0.00756782 0.0115111 0.0164658 0.0223216 0.0287511 0.0351912 0.0409906 0.0456584 0.0490239 0.0512065 0.0524712 0.0531035 0.0533544 0.053429 0.0534815 0.0536016 0.0537789 0.0538416 0.0533948 0.0518333 0.0485095 0.0430484 0.0356558 0.0271881
 0.00477985 0.00783009 0.0119119 0.0170402 0.0230969 0.0297354 0.0363613 0.0422875 0.0469938 0.050295 0.0523122 0.0533238 0.0536369 0.0535303 0.0532397 0.0529485 0.0527691 0.0527059 0.0525942 0.0520432 0.0504529 0.0471807 0.0418513 0.0346564 0.0264228
 0.004972 0.00814465 0.0123896 0.0177205 0.0240111 0.030895 0.0377452 0.0438362 0.0486157 0.0518815 0.0537522 0.0545146 0.0544908 0.0539805 0.0532454 0.0524993 0.0518863 0.0514403 0.051022 0.0502626 0.04858 0.0453441 0.040178 0.0332503 0.0253422
 0.00517576 0.00847838 0.0128966 0.0184432 0.0249834 0.0321301 0.0392225 0.0454966 0.0503685 0.0536202 0.0553692 0.055909 0.0555718 0.0546689 0.0534778 0.0522332 0.0511078 0.0501704 0.0493222 0.0482368 0.0463717 0.0431247 0.0381228 0.0315054 0.0239928
 0.00540787 0.00885635 0.0134667 0.0192492 0.0260586 0.0334849 0.0408312 0.0472924 0.0522525 0.0554797 0.0570947 0.0574033 0.0567508 0.05546 0.0538178 0.0520698 0.0504047 0.0489194 0.0475578 0.0460491 0.043912 0.0405932 0.0357377 0.0294556 0.0223945
 0.00564197 0.00924176 0.0140556 0.0200931 0.027198 0.0349329 0.0425579 0.0492194 0.0542658 0.0574525 0.0589086 0.0589591 0.0579696 0.056279 0.0541844 0.0519375 0.0497345 0.0476885 0.0457782 0.04379 0.0413154 0.0378692 0.0331303 0.0271872 0.0206096
 0.00589596 0.00965695 0.0146849 0.0209875 0.0283974 0.0364511 0.0443664 0.0512405 0.0563824 0.0595293 0.0608141 0.0605807 0.05922 0.0570953 0.054523 0.0517658 0.0490252 0.046423 0.0439618 0.0414781 0.0386368 0.0350298 0.0303836 0.0247746 0.0186958
 0.00613735 0.0100528 0.0152871 0.0218467 0.0295536 0.0379185 0.0461175 0.053201 0.0584408 0.0615582 0.0626895 0.0621936 0.0604808 0.057935 0.0548914 0.0516277 0.048356 0.0452085 0.0422089 0.0392363 0.0360233 0.0322386 0.0276616 0.0223647 0.0167705
 0.00636789 0.0104316 0.0158648 0.0226731 0.0306681 0.0393351 0.0478091 0.0550938 0.0604247 0.0635079 0.064485 0.0637317 0.0616791 0.0587307 0.0552383 0.0514923 0.0477144 0.0440476 0.0405356 0.0370971 0.0335266 0.0295649 0.0250436 0.020036 0.014901
 0.00660236 0.0108149 0.0164456 0.0234979 0.0317725 0.0407293 0.0494634 0.056933 0.0623388 0.0653724 0.066182 0.0651621 0.0627671 0.0594225 0.0554985 0.0512979 0.04705 0.0429057 0.0389254 0.0350621 0.0311659 0.0270436 0.0225759 0.0178383 0.0131328
 0.00682588 0.0111822 0.0170054 0.0242977 0.0328482 0.0420903 0.0510767 0.0587191 0.0641833 0.0671494 0.0677749 0.0664768 0.0637349 0.0599988 0.055658 0.0510287 0.0463483 0.041774 0.0373788 0.0331439 0.0289668 0.0247116 0.0203024 0.0158171 0.0115069
 0.00705134 0.0115519 0.0175674 0.025098 0.0339215 0.0434442 0.0526766 0.0604831 0.0659936 0.0688749 0.0692948 0.0676947 0.0645844 0.0604431 0.0556844 0.050641 0.0455592 0.0406009 0.0358482 0.0313034 0.0269017 0.0225536 0.0182192 0.0139766 0.0100321
 0.00726882 0.0119106 0.0181165 0.0258855 0.0349835 0.0447883 0.0542658 0.0622304 0.0677756 0.0705562 0.0707521 0.0688311 0.0653357 0.0607766 0.0555951 0.0501444 0.0446826 0.0393783 0.0343202 0.0295257 0.0249578 0.0205619 0.0163241 0.0123196 0.00871369
 0.00742866 0.012174 0.0185196 0.0264654 0.0357711 0.0457983 0.0554841 0.0636081 0.0692323 0.0719923 0.0720628 0.0699198 0.0661239 0.0612108 0.0556488 0.0498166 0.0439921 0.0383584 0.033016 0.0279977 0.0232883 0.0188589 0.0147123 0.0109172 0.00760241
 0.00750459 0.0123004 0.0187162 0.0267536 0.0361725 0.0463295 0.0561515 0.0644033 0.0701307 0.0729547 0.0730365 0.0708408 0.0669208 0.0618126 0.0559947 0.0498638 0.0437212 0.0377744 0.0321478 0.0268976 0.0220329 0.0175467 0.0134537 0.00981428 0.00672517
 0.00761588 0.0124712 0.0189546 0.0270614 0.0365464 0.0467632 0.0566368 0.0649303 0.0706878 0.0735288 0.0736127 0.0713995 0.0674347 0.0622441 0.0562977 0.0499903 0.0436302 0.0374415 0.0315732 0.0261105 0.021092 0.0165357 0.0124685 0.00894342 0.0060294
 0.00766143 0.0125449 0.0190646 0.0272142 0.0367447 0.047004 0.0569097 0.06522 0.0709803 0.0738178 0.0739015 0.0716965 0.0677437 0.062556 0.0565864 0.0502142 0.0437405 0.0373933 0.0313381 0.0256875 0.0205127 0.0158613 0.0117777 0.00831325 0.00551573
 0.00774163 0.0126648 0.0192255 0.027411 0.0369676 0.0472418 0.0571518 0.0654562 0.0712006 0.0740128 0.0740656 0.0718304 0.0678548 0.0626544 0.0566773 0.0502904 0.0437792 0.0373607 0.0312005 0.025425 0.0201311 0.015395 0.0112823 0.0078492 0.00513045
 0.00776702 0.0127067 0.0192893 0.027501 0.037085 0.047382 0.0573034 0.0656036 0.0713293 0.0741156 0.0741448 0.071895 0.0679151 0.0627179 0.0567465 0.0503613 0.0438395 0.0373893 0.0311709 0.0253145 0.0199316 0.0151207 0.0109679 0.00753897 0.00486326
 0.00780553 0.0127614 0.0193572 0.0275749 0.0371564 0.0474454 0.0573584 0.0656539 0.071379 0.0741662 0.0741939 0.0719393 0.0679539 0.0627539 0.0567838 0.0504019 0.0438798 0.0374182 0.0311714 0.0252684 0.0198274 0.0149612 0.0107718 0.00733562 0.00468146
 0.00786206 0.0128473 0.0194749 0.0277215 0.0373231 0.0476175 0.0575172 0.0657797 0.0714571 0.0741917 0.0741737 0.0718879 0.0678871 0.0626841 0.056719 0.050346 0.0438333 0.0373771 0.0311264 0.0252074 0.0197401 0.0148448 0.0106343 0.00719349 0.00455326
 0.00787199 0.0128641 0.0195013 0.0277601 0.0373756 0.0476829 0.0575908 0.0658531 0.0715197 0.0742343 0.0741911 0.0718815 0.0678637 0.0626535 0.0566904 0.0503253 0.0438217 0.0373713 0.0311196 0.0251907 0.0197054 0.0147883 0.0105594 0.00711013 0.00447405
 0.00787511 0.0128654 0.0194965 0.0277437 0.0373429 0.0476338 0.0575315 0.0657953 0.0714764 0.0742147 0.0741974 0.071909 0.0679044 0.0627002 0.0567387 0.0503737 0.0438698 0.0374177 0.0311606 0.0252204 0.0197179 0.0147803 0.0105325 0.00707081 0.0044314
 0.00790638 0.0129092 0.0195494 0.0277972 0.0373858 0.0476547 0.0575227 0.0657548 0.0714096 0.0741332 0.0741169 0.0718443 0.0678653 0.0626886 0.0567502 0.0504008 0.0439053 0.0374559 0.0311967 0.0252498 0.0197363 0.0147848 0.0105232 0.00705137 0.00440755
 0.00788536 0.0128804 0.0195154 0.0277633 0.037357 0.0476326 0.0575035 0.0657305 0.0713724 0.0740805 0.0740541 0.0717837 0.0678216 0.0626735 0.0567683 0.0504492 0.043975 0.0375359 0.0312763 0.0253207 0.0197924 0.0148232 0.0105439 0.00705739 0.00440402
 0.00790404 0.0129018 0.0195315 0.0277622 0.0373274 0.0475706 0.057416 0.0656338 0.0712846 0.0740135 0.0740098 0.0717572 0.0678073 0.0626702 0.0567793 0.0504785 0.0440239 0.0376005 0.031349 0.0253922 0.0198548 0.0148711 0.0105757 0.00707467 0.00441055
 0.00788806 0.0128769 0.0194959 0.0277137 0.0372632 0.0474865 0.0573081 0.065502 0.0711362 0.0738653 0.0738843 0.0716755 0.0677809 0.0626982 0.0568517 0.0505822 0.0441468 0.0377326 0.0314817 0.025517 0.0199637 0.0149586 0.0106396 0.00711648 0.00443465
 0.00785817 0.012829 0.0194253 0.0276173 0.0371402 0.0473403 0.0571469 0.0653379 0.0709824 0.0737329 0.073782 0.0716101 0.0677594 0.0627258 0.0569289 0.0507028 0.0442987 0.0379011 0.0316524 0.0256775 0.0201045 0.0150734 0.0107259 0.00717576 0.00447145
 0.00784897 0.0128082 0.0193834 0.0275421 0.037021 0.0471727 0.0569377 0.0651056 0.0707532 0.0735333 0.0736323 0.0715218 0.0677352 0.0627626 0.0570201 0.0508398 0.0444707 0.0380947 0.0318524 0.0258691 0.0202752 0.0152145 0.0108338 0.00725153 0.00451995
 0.00782265 0.0127676 0.0193259 0.027466 0.0369242 0.0470525 0.0567912 0.0649328 0.07056 0.0733342 0.073449 0.0713785 0.0676515 0.062749 0.0570764 0.050957 0.0446346 0.038289 0.0320599 0.0260732 0.0204611 0.0153715 0.0109561 0.007339 0.00457706
 0.00782542 0.0127665 0.019314 0.0274338 0.0368627 0.046957 0.0566646 0.0647849 0.0704034 0.0731802 0.0733062 0.0712543 0.0675552 0.0626919 0.0570686 0.0510037 0.0447334 0.0384297 0.0322273 0.0262498 0.0206304 0.0155199 0.0110753 0.00742648 0.00463547
 0.00777082 0.0126843 0.0192023 0.0272946 0.0367005 0.0467769 0.0564721 0.0645868 0.0702104 0.0730066 0.0731678 0.0711646 0.0675216 0.0627155 0.057146 0.0511293 0.0449001 0.0386283 0.0324452 0.0264714 0.0208393 0.015702 0.0112216 0.00753421 0.00470782
 0.00774253 0.0126329 0.0191154 0.027159 0.0365068 0.0465264 0.0561814 0.0642862 0.069935 0.0727856 0.0730178 0.0710895 0.0675181 0.062777 0.0572646 0.0512962 0.0451052 0.03886 0.0326904 0.0267158 0.0210679 0.0159014 0.0113826 0.00765367 0.00478872
 0.00935261 0.0148861 0.0218333 0.0299499 0.0388785 0.0480674 0.0567049 0.0638601 0.0688022 0.0712432 0.0713255 0.0694308 0.0660008 0.0614516 0.0561452 0.0503763 0.0443693 0.0382895 0.0322652 0.0264142 0.0208672 0.0157781 0.0113138 0.00761981 0.0047746
 0.00929775 0.015101 0.0226933 0.0319239 0.0423258 0.0529621 0.0624606 0.0694255 0.0730356 0.0733641 0.0711735 0.0674087 0.0627975 0.0577469 0.0524393 0.0469601 0.0413748 0.0357551 0.0301834 0.0247571 0.0195956 0.0148445 0.0106638 0.00719447 0.0045153
 0.0089771 0.0145917 0.0219714 0.0310334 0.0414355 0.0524051 0.0626966 0.0708759 0.0758304 0.0771527 0.0751673 0.070681 0.0646723 0.0580352 0.051408 0.0451134 0.0392157 0.033648 0.0283304 0.0232374 0.018416 0.0139754 0.0100582 0.00679819 0.00427384
 0.00879045 0.0142799 0.0214872 0.0303306 0.0404861 0.0512319 0.0614152 0.0697243 0.0751518 0.0773023 0.076354 0.0728173 0.0673369 0.0606102 0.05333 0.0460896 0.0392835 0.0330736 0.0274442 0.0223079 0.0176032 0.0133432 0.00960866 0.00650308 0.00409483
 0.00873272 0.0141769 0.0213143 0.0300568 0.0400779 0.0506625 0.0606782 0.0688503 0.0742268 0.0764801 0.0758462 0.072841 0.0680215 0.0619029 0.0549714 0.0476974 0.040509 0.0337373 0.0275719 0.0220659 0.017193 0.0129225 0.00926364 0.00625889 0.00394106
 0.00870477 0.0141304 0.0212417 0.0299484 0.0399214 0.0504429 0.0603794 0.0684599 0.073743 0.0759248 0.0752784 0.0723647 0.0677729 0.0620074 0.0554804 0.0485388 0.041494 0.0346324 0.0281979 0.0223624 0.0172143 0.0127823 0.00907216 0.00608744 0.00381785
 0.00869353 0.0141126 0.0212156 0.0299122 0.0398726 0.0503774 0.0602908 0.0683389 0.0735781 0.075705 0.0750008 0.0720453 0.0674568 0.0617695 0.0554068 0.0486896 0.0418645 0.0351401 0.0287125 0.0227632 0.0174407 0.0128454 0.00902914 0.0060027 0.00373637
 0.00870472 0.0141292 0.0212375 0.029938 0.0398997 0.050402 0.060308 0.0683419 0.0735583 0.0756522 0.0749047 0.0718994 0.0672651 0.061554 0.0552098 0.0485661 0.0418602 0.0352664 0.0289339 0.0230106 0.0176443 0.0129654 0.00906634 0.00598499 0.0036971
 0.00868572 0.0141018 0.0212027 0.0298989 0.0398607 0.0503672 0.0602799 0.0683211 0.0735436 0.0756403 0.0748904 0.0718755 0.0672242 0.0614925 0.0551339 0.0484945 0.0418212 0.0352856 0.0290189 0.0231433 0.0177879 0.0130832 0.00913836 0.00601271 0.0036958
 0.00864903 0.0140451 0.0211232 0.0297967 0.0397394 0.0502351 0.0601493 0.0682074 0.0734613 0.0755987 0.0748904 0.0719099 0.0672801 0.0615554 0.0551923 0.0485444 0.0418676 0.0353406 0.0290941 0.0232409 0.0178974 0.0131858 0.00921719 0.00606103 0.00371765
 0.00864701 0.0140345 0.0210942 0.0297364 0.0396361 0.0500845 0.05996 0.0680009 0.0732668 0.0754445 0.0747965 0.0718838 0.0673171 0.0616415 0.0553086 0.0486725 0.0419948 0.0354617 0.0292098 0.0233538 0.0180061 0.0132841 0.00929691 0.00611715 0.00375097
 0.00865459 0.014051 0.0211257 0.0297891 0.0397122 0.0501767 0.0600497 0.0680616 0.0732745 0.0753892 0.0746871 0.071745 0.0671783 0.0615268 0.0552305 0.0486317 0.0419845 0.0354728 0.0292354 0.0233892 0.018048 0.0133279 0.00933716 0.00614902 0.00377235
 0.00862406 0.0140044 0.0210619 0.0297101 0.0396242 0.0500903 0.059978 0.0680168 0.0732622 0.0754041 0.0747151 0.0717696 0.0671904 0.0615281 0.055231 0.0486429 0.0420131 0.0355187 0.0292937 0.0234532 0.0181115 0.013386 0.00938616 0.00618659 0.00379811
 0.00863134 0.0140129 0.0210684 0.0297099 0.0396122 0.0500637 0.0599383 0.0679706 0.0732191 0.0753735 0.0747019 0.0717722 0.067201 0.0615372 0.0552328 0.048638 0.0420076 0.0355199 0.0293058 0.0234763 0.0181421 0.0134192 0.00941718 0.00621213 0.0038167
 0.00863042 0.0140133 0.0210722 0.0297196 0.0396291 0.0500863 0.0599612 0.0679856 0.0732194 0.0753569 0.0746724 0.071738 0.0671705 0.0615148 0.0552179 0.0486276 0.0419991 0.0355136 0.0293041 0.0234815 0.0181544 0.0134365 0.00943602 0.0062293 0.00383014
 0.00863042 0.0140133 0.0210722 0.0297196 0.0396291 0.0500863 0.0599612 0.0679856 0.0732194 0.0753569 0.0746724 0.071738 0.0671705 0.0615148 0.0552179 0.0486276 0.0419991 0.0355136 0.0293041 0.0234815 0.0181544 0.0134365 0.00943602 0.0062293 0.00383014
 0.0081251 0.0132173 0.0199256 0.028194 0.037745 0.047933 0.057711 0.0658814 0.0715256 0.0742904 0.0743472 0.0721483 0.0682101 0.063016 0.0569919 0.0504965 0.043817 0.0371763 0.0307485 0.0246793 0.0191034 0.0141526 0.00994763 0.00657252 0.00404442
 0.00830249 0.0134444 0.020153 0.0283342 0.0376923 0.0475969 0.0570495 0.0649192 0.0703534 0.0730494 0.0732036 0.0712607 0.0676954 0.0629244 0.0573003 0.0511218 0.0446432 0.0380828 0.0316332 0.0254702 0.0197604 0.0146631 0.0103188 0.00682434 0.00420286
 0.00875802 0.0141936 0.0212885 0.0299261 0.0397467 0.0500052 0.0595567 0.0671515 0.071917 0.0736595 0.072777 0.0699271 0.0657366 0.0606803 0.0550817 0.0491537 0.0430438 0.0368748 0.0307741 0.0248876 0.0193795 0.0144213 0.01017 0.00673627 0.00415342
 0.0088519 0.014394 0.0216792 0.0306168 0.0408476 0.0515834 0.061588 0.0694905 0.0743008 0.0757504 0.0742358 0.0705022 0.065338 0.0594069 0.0531867 0.046963 0.0408646 0.0349308 0.0291826 0.0236727 0.0185047 0.0138227 0.00977979 0.00649459 0.00401227
 0.00828458 0.0135009 0.020398 0.0289308 0.038816 0.049372 0.0594825 0.0678593 0.0734956 0.0759781 0.0754696 0.0724794 0.0676481 0.0616266 0.0550036 0.0482422 0.0416417 0.0353464 0.0294001 0.023817 0.0186395 0.0139617 0.00991139 0.00660367 0.00409134
 0.00845543 0.0137037 0.0205637 0.0289472 0.0385559 0.0487423 0.0584729 0.0665689 0.0721249 0.0747898 0.0747215 0.0723462 0.0681561 0.062636 0.056255 0.0494519 0.0425991 0.0359682 0.0297212 0.0239376 0.0186646 0.0139628 0.00991948 0.00662223 0.0041132
 0.00877922 0.0142447 0.0213971 0.0301306 0.0400905 0.0505259 0.0602748 0.0680633 0.0729926 0.074843 0.0739846 0.0710452 0.0666259 0.061194 0.0550996 0.0486245 0.0420177 0.0355044 0.0292764 0.0234795 0.0182174 0.0135714 0.00961652 0.00641456 0.00398645
 0.00863007 0.0140392 0.0211595 0.0299152 0.0399769 0.050603 0.0606142 0.0686855 0.0738352 0.0757524 0.0747511 0.0714809 0.0666467 0.0608559 0.0545648 0.0480769 0.0415817 0.0352112 0.0290859 0.0233313 0.0180725 0.0134244 0.0094822 0.00630868 0.00391471
 0.00884774 0.0143565 0.0215703 0.030393 0.0404866 0.0511184 0.0611302 0.0692163 0.074398 0.076342 0.0753193 0.0719323 0.0668632 0.0607451 0.0541081 0.0473472 0.0407149 0.0343491 0.0283259 0.0227105 0.0175851 0.0130492 0.00920084 0.00610799 0.00378213
 0.00871026 0.0141684 0.0213515 0.0301817 0.0403254 0.0510352 0.0611273 0.069277 0.0745069 0.0765044 0.07556 0.0722725 0.067289 0.061194 0.0544855 0.0475683 0.0407442 0.0342123 0.0280896 0.0224461 0.0173425 0.0128505 0.00904943 0.0059991 0.00370882
 0.00890925 0.0144545 0.0217139 0.0305896 0.0407402 0.0514279 0.0614877 0.0696074 0.0748058 0.0767536 0.0757292 0.0723369 0.0672461 0.061062 0.0542868 0.0473123 0.0404265 0.0338305 0.0276595 0.0220039 0.0169313 0.0125041 0.0087831 0.00581117 0.00358675
 0.00868742 0.0141294 0.0212903 0.0300931 0.0402093 0.050901 0.0609965 0.0691816 0.0744819 0.0765775 0.0757443 0.0725636 0.0676669 0.0616226 0.0549128 0.0479294 0.0409736 0.0342661 0.0279647 0.0221833 0.0170093 0.0125155 0.00876115 0.00577982 0.00355898
 0.00862146 0.0139957 0.0210428 0.0296798 0.0395932 0.0500888 0.0600582 0.0682416 0.0736816 0.0760292 0.0755036 0.0726316 0.0680085 0.0621835 0.0556268 0.048721 0.041765 0.0349881 0.0285673 0.0226426 0.0173274 0.0127141 0.00887187 0.00583418 0.00358194
 0.00908738 0.0147223 0.0220733 0.0310196 0.0411923 0.0518269 0.0617407 0.069628 0.0745501 0.0762505 0.0750831 0.0716942 0.066744 0.0607865 0.054256 0.0474828 0.040713 0.0341315 0.0278865 0.0221058 0.0169046 0.0123841 0.00862153 0.00565391 0.00346121
#pred catch len freq
 0.00313777 0.00511408 0.00775472 0.0111159 0.0152424 0.0201157 0.0255941 0.0314089 0.0372228 0.0426992 0.047551 0.0515749 0.0546768 0.0568741 0.0582694 0.059018 0.0593035 0.0593038 0.0591097 0.05859 0.0572835 0.054461 0.0494483 0.0420903 0.0330401
 0.00330448 0.00534078 0.00801555 0.0113634 0.0154256 0.0202058 0.0255997 0.0313683 0.0371751 0.0426567 0.0474929 0.0514696 0.0545175 0.0567032 0.0581738 0.0590937 0.059605 0.0598009 0.0596754 0.0590341 0.0574251 0.0542084 0.0488422 0.0412824 0.0322207
