SBPRF35
10.654
Curr Bio
700864
B35
718297
F35
0.184065
FOFL
0.166657
OFL
88235.6
Bzero
3.04401e+06
#pred survey bio
 2.94341e+06 3.15532e+06 3.38427e+06 3.43823e+06 3.07723e+06 2.796e+06 2.49639e+06 2.20059e+06 1.88023e+06 1.53292e+06 1.34006e+06 1.19998e+06 1.06928e+06 990779 902477 823463 731502 647209 622460 616720 603957 556706 540916 531485 517623 506850 512200 524524 526906 528902 551843 592602 612965 574235 502710 454928 446971 466373 510114 548468 570384 561495 562702 567860 542429 532900 535914 514652 504745 526923 552141 589056 598079 607480 619495 649457 703767 727859 710090 2.32026e+07 1.47612e+07 1.58007e+07 1.70204e+07 1.82711e+07 1.9436e+07 2.04499e+07 2.12906e+07 2.1964e+07 2.24902e+07 2.28946e+07 2.32019e+07 2.34338e+07 2.36082e+07 2.37393e+07 2.3838e+07 2.39124e+07 2.39688e+07 2.40117e+07 2.40445e+07 2.40697e+07 2.40892e+07 2.41043e+07 2.4116e+07 2.41252e+07 2.41324e+07 2.4138e+07 2.41425e+07 2.4146e+07 2.41488e+07 2.4151e+07 2.41528e+07 2.41542e+07 2.41553e+07 2.41562e+07 2.41569e+07 2.41575e+07 2.41579e+07 2.41583e+07 2.41586e+07 2.41588e+07 2.4159e+07 2.41592e+07 2.41593e+07 2.41594e+07 2.41595e+07 2.41595e+07 2.41596e+07 2.41596e+07 2.41597e+07 2.41597e+07 2.41597e+07 2.41597e+07 2.41597e+07 2.41598e+07 2.41598e+07 2.41598e+07 2.41598e+07 2.41598e+07 2.41598e+07 2.41598e+07 2.41598e+07 2.41598e+07 2.41598e+07 2.41598e+07 2.41598e+07 2.41598e+07 2.41598e+07 2.41598e+07 2.41598e+07 2.41598e+07 2.41598e+07 2.41598e+07 2.41598e+07 2.41598e+07 2.41598e+07 2.41598e+07 2.41598e+07 2.41598e+07 2.41598e+07 2.41598e+07 2.41598e+07 2.41598e+07 2.41598e+07 2.41598e+07 2.41598e+07 2.41598e+07 2.41598e+07 2.41598e+07 2.41598e+07 2.41598e+07 2.41598e+07 2.41598e+07 2.41598e+07 2.41598e+07 2.41598e+07 2.41598e+07 2.41598e+07 2.41598e+07 2.41598e+07 0 0 0 0 0 0 0 0 0 0 0 0 0 0 0 0 0 0 0 0 0 0 0 0 0
#obs survey bio
 2.89885e+06 3.05602e+06 3.7048e+06 4.23263e+06 2.975e+06 3.24816e+06 2.26414e+06 2.34339e+06 1.91144e+06 1.40173e+06 1.41756e+06 1.45516e+06 1.17498e+06 844872 667448 1.00046e+06 658792 638818 550696 667883 651821 566919 439834 519193 408097 535331 533401 584922 652300 509434 410501 559423 715017 797856 365564 418987 436532 450165 380791 755761 656286 527993 462190 560797 477713 467365 605808 415465 496434 524512 589800 686442 548357 666824 521528 598826 591153 847339 760331
#pred catch bio
 88298.5 94561.2 156330 212678 212004 280306 285679 286478 302158 299007 282680 279420 242978 253956 236432 220087 205356 156697 140047 129109 133018 122794 120175 114802 103892 100945 104183 103085 98194.4 102624 95601.8 102019 104133 98317 93116.6 84893.3 85923 80127 88369.6 80385.3 84290.6 88501.5 93352.9 94849 96280.2 94796.2 96509.5 92776.9 85399.4 89114.1 79107.9 96733.6 99048.2 93472.5 92929.9 74148.1 106476 102971 132880 88235.6 102117 108596 116412 124572 132100 138521 143706 147725 150746 152962 154559 155693 156488 157041 157422 157684 157862 157984 158066 158121 158159 158184 158201 158213 158220 158225 158229 158231 158233 158234 158234 158235 158235 158235 158235 158236 158236 158236 158236 158236 158236 158236 158236 158236 158236 158236 158236 158236 158236 158236 158236 158236 158236 158236 158236 158236 158236 158236 158236 158236 158236 158236 158236 158236 158236 158236 158236 158236 158236 158236 158236 158236 158236 158236 158236 158236 158236 158236 158236 158236 158236 158236 158236 158236 158236 158236 158236 158236 158236 158236 158236 158236 158236 158236 158236 158236 158236 158236 158236 0 0 0 0 0 0 0 0 0 0 0 0 0 0 0 0 0 0 0 0 0 0 0 0 0
#obs catch bio
 0 94308.3 156566 212761 211553 280904 285758 286259 301458 300108 283125 279621 242912 254667 237158 219402 205501 156823 140395 128985 132581 122992 120414 114835 103641 100944 104514 103025 97854.4 103012 95714.8 102172 103982 98122.1 93122.9 84908 86232.1 80176.7 88624.1 80210.6 84145.6 88519.1 93515.6 94666.1 96355.8 94945.6 96407.1 92760.5 85457.3 89283.6 78922.6 96783.1 99140.4 93365.2 93174.2 73795.6 106908 102553 133212
#pred cpue bio
 2.9116e+06 3.12165e+06 3.34659e+06 3.39819e+06 3.0398e+06 2.75954e+06 2.46106e+06 2.16686e+06 1.84897e+06 1.505e+06 1.31306e+06 1.17358e+06 1.04354e+06 964981 877006 798602 708138 625292 600809 595009 582634 536766 521275 512101 498780 488408 493537 505481 507907 509904 531976 571553 591506 554411 485629 439323 430578 447659 488981 525795 547345 539100 540274 545300 521016 511753 514699 494388 484732 506049 530378 566351 575161 583937 595375 624109 676818 699816 682630 2.22678e+07 1.41574e+07 1.51241e+07 1.62987e+07 1.75391e+07 1.87023e+07 1.97159e+07 2.05566e+07 2.12299e+07 2.17562e+07 2.21606e+07 2.24679e+07 2.26998e+07 2.28742e+07 2.30053e+07 2.31039e+07 2.31784e+07 2.32348e+07 2.32777e+07 2.33105e+07 2.33357e+07 2.33551e+07 2.33702e+07 2.3382e+07 2.33911e+07 2.33983e+07 2.3404e+07 2.34084e+07 2.3412e+07 2.34147e+07 2.3417e+07 2.34187e+07 2.34201e+07 2.34213e+07 2.34222e+07 2.34229e+07 2.34234e+07 2.34239e+07 2.34243e+07 2.34246e+07 2.34248e+07 2.3425e+07 2.34251e+07 2.34253e+07 2.34254e+07 2.34254e+07 2.34255e+07 2.34256e+07 2.34256e+07 2.34256e+07 2.34257e+07 2.34257e+07 2.34257e+07 2.34257e+07 2.34257e+07 2.34257e+07 2.34257e+07 2.34257e+07 2.34257e+07 2.34258e+07 2.34258e+07 2.34258e+07 2.34258e+07 2.34258e+07 2.34258e+07 2.34258e+07 2.34258e+07 2.34258e+07 2.34258e+07 2.34258e+07 2.34258e+07 2.34258e+07 2.34258e+07 2.34258e+07 2.34258e+07 2.34258e+07 2.34258e+07 2.34258e+07 2.34258e+07 2.34258e+07 2.34258e+07 2.34258e+07 2.34258e+07 2.34258e+07 2.34258e+07 2.34258e+07 2.34258e+07 2.34258e+07 2.34258e+07 2.34258e+07 2.34258e+07 2.34258e+07 2.34258e+07 2.34258e+07 2.34258e+07 2.34258e+07 2.34258e+07 2.34258e+07 2.34258e+07 2.34258e+07 0 0 0 0 0 0 0 0 0 0 0 0 0 0 0 0 0 0 0 0 0 0 0 0 0
#obs cpue bio
 3.278e+06 2.25995e+06 3.63097e+06 4.70237e+06 2.3098e+06 2.29323e+06 2.67981e+06 2.14917e+06 2.32589e+06 1.06788e+06 1.29831e+06 1.08358e+06 871178 1.06556e+06 1.07568e+06 888973 726855 543718 612259 628770 709995 381341 625085 575558 722018 405382 391993 564328 489957 357498 693930 622773 645513 425080 619197 439856 369621 463900 640584 462112 523122 503247 580280 723476 506258 513762 575737 589339 415723 526588 515072 524620 573826 589374 602548 763400 684265 791611 557122
#pred surv len freq
 0.00423791 0.00699547 0.010742 0.0155255 0.0212597 0.027628 0.0340705 0.0399408 0.0447577 0.0483595 0.0508641 0.052515 0.0535504 0.0541494 0.0544319 0.0544796 0.0543587 0.0541212 0.0537547 0.0530778 0.0516549 0.0488532 0.0441179 0.037361 0.0291933
 0.00462986 0.00751416 0.011307 0.0159972 0.0214891 0.0275284 0.033667 0.0393612 0.0441654 0.0478742 0.0505207 0.0522802 0.0533757 0.0540208 0.0543863 0.0545829 0.0546606 0.0546106 0.0543386 0.0536016 0.0519591 0.0488423 0.0438031 0.03685 0.0286342
 0.0046146 0.00758979 0.0115966 0.0166516 0.0226166 0.0291036 0.0354787 0.0410568 0.0453907 0.0484258 0.0504141 0.051697 0.0525442 0.0531203 0.0535218 0.053812 0.0540223 0.0541237 0.0539791 0.0532905 0.0515854 0.0483177 0.0431128 0.036064 0.0278702
 0.00471777 0.00772375 0.0117445 0.0167991 0.0227832 0.0293722 0.0359902 0.0419468 0.0466875 0.0499786 0.0519186 0.0528214 0.0530771 0.0530434 0.0529752 0.0529993 0.053126 0.0532642 0.0532069 0.0525928 0.0509078 0.0476009 0.0423354 0.0352632 0.0271244
 0.00500985 0.0081767 0.0123824 0.0176228 0.0237644 0.0304535 0.0370965 0.0430129 0.0476909 0.0509472 0.0528898 0.0537718 0.053883 0.0535173 0.0529612 0.0524563 0.0521415 0.0519997 0.0518222 0.0511956 0.0495457 0.0462879 0.0410889 0.0341258 0.026156
 0.00514688 0.00843343 0.01283 0.0183442 0.0248291 0.0318798 0.0388198 0.0448839 0.0495149 0.0525481 0.0541641 0.0547018 0.0545004 0.0538419 0.0529602 0.052057 0.0512879 0.0507064 0.0501836 0.0493515 0.0476357 0.044428 0.0393726 0.0326323 0.0249463
 0.00534384 0.0087547 0.013318 0.0190453 0.0257925 0.0331493 0.0404167 0.0467843 0.0516294 0.0547186 0.0561868 0.0563756 0.0556798 0.0544642 0.0530304 0.0516054 0.0503376 0.0492769 0.0483212 0.0471552 0.0452561 0.0420429 0.0371554 0.0307244 0.0234354
 0.00553159 0.00906793 0.0138042 0.0197537 0.0267646 0.0344048 0.0419412 0.0485281 0.0535183 0.0566664 0.0580965 0.0581311 0.0571439 0.0554968 0.053519 0.0514883 0.0496056 0.04796 0.0464814 0.0448936 0.0427246 0.0394392 0.0346942 0.0285928 0.021752
 0.00569585 0.00934711 0.0142472 0.0204149 0.0276934 0.0356294 0.043451 0.0502669 0.0553937 0.0585697 0.0599224 0.0597865 0.0585448 0.0565581 0.0541492 0.0515973 0.0491229 0.0468554 0.0447798 0.0426843 0.040164 0.0367422 0.0321029 0.0263262 0.0199547
 0.00593214 0.00973737 0.0148461 0.0212776 0.0288653 0.0371289 0.0452522 0.0522915 0.0575214 0.0606609 0.0618425 0.0614236 0.0598173 0.0574114 0.0545443 0.0514959 0.0484823 0.0456389 0.0429818 0.0403606 0.0374525 0.0338593 0.0293097 0.0238679 0.0179986
 0.00610215 0.0100447 0.0153657 0.0220977 0.0300668 0.0387528 0.0472691 0.0545938 0.0599438 0.0630182 0.0639649 0.063177 0.06111 0.0581917 0.0547912 0.0512053 0.0476522 0.0442653 0.0410715 0.0379603 0.0346797 0.0309137 0.0264465 0.0213377 0.0159781
 0.00632782 0.0103996 0.0158798 0.0227978 0.0309801 0.0399081 0.0486899 0.0562813 0.0618569 0.0650618 0.065995 0.0650247 0.0626155 0.0592332 0.0552963 0.0511454 0.0470266 0.0430874 0.0393684 0.0357887 0.0321516 0.0282101 0.0238009 0.0189847 0.0140884
 0.00663494 0.0108966 0.016622 0.0238303 0.0323247 0.0415455 0.0505478 0.0582413 0.0637856 0.066847 0.0675634 0.0663315 0.0636196 0.0598816 0.0555279 0.0509064 0.0462841 0.0418354 0.0376302 0.0336247 0.0296735 0.0255893 0.0212535 0.0167264 0.0122768
 0.00676388 0.0111242 0.0169981 0.0244131 0.0331681 0.0426791 0.0519559 0.0598545 0.0654909 0.0685136 0.069071 0.0675912 0.0645794 0.0605158 0.0558192 0.0508308 0.0458099 0.0409348 0.0362978 0.0318965 0.0276414 0.0234041 0.0191066 0.0148094 0.0107307
 0.00693849 0.0114189 0.0174617 0.0250986 0.0341224 0.0439252 0.0534747 0.0615757 0.0672993 0.0702684 0.0706299 0.0688335 0.0654234 0.0609276 0.0558058 0.050422 0.0450367 0.039818 0.0348541 0.0301588 0.0256824 0.0213474 0.0171146 0.0130462 0.00931647
 0.0070596 0.0116236 0.017785 0.0255796 0.0347981 0.0448199 0.0545876 0.0628734 0.0687167 0.0717161 0.0720048 0.0700292 0.0663433 0.0614976 0.055985 0.0502041 0.0444427 0.0388826 0.033618 0.0286721 0.0240176 0.0196102 0.0154385 0.0115654 0.00812959
 0.00722882 0.0118904 0.0181714 0.0261016 0.0354642 0.0456292 0.0555254 0.0639087 0.0698034 0.0727987 0.0730231 0.0709221 0.0670507 0.0619639 0.0561645 0.0500676 0.043982 0.0381115 0.0325703 0.0274005 0.0225961 0.0181363 0.0140261 0.0103246 0.00713904
 0.00752702 0.0123553 0.0188329 0.0269714 0.0365313 0.046855 0.0568401 0.0652159 0.070998 0.0737916 0.0737599 0.0713856 0.0672494 0.0619162 0.0558864 0.0495682 0.0432662 0.0371873 0.0314571 0.0261363 0.021242 0.016775 0.0127521 0.0092258 0.00627401
 0.00765037 0.0125343 0.0190629 0.0272362 0.03681 0.0471331 0.0571168 0.0655043 0.0713173 0.0741567 0.0741731 0.0718322 0.067699 0.0623267 0.0562102 0.0497586 0.0432831 0.0370034 0.0310638 0.0255496 0.0205056 0.0159579 0.0119379 0.00849435 0.00568265
 0.00770916 0.012622 0.0191796 0.0273747 0.0369559 0.0472661 0.0572157 0.0655542 0.0713203 0.0741382 0.0741777 0.071908 0.0678763 0.0626033 0.0565497 0.0501007 0.0435596 0.0371538 0.031047 0.0253528 0.0201478 0.0154876 0.0114229 0.00800455 0.00527211
 0.00771691 0.01263 0.0191833 0.0273668 0.0369287 0.0472139 0.0571374 0.0654541 0.0712078 0.0740276 0.0740895 0.071869 0.0679157 0.062743 0.0567923 0.0504216 0.0439088 0.037467 0.0312633 0.0254308 0.020077 0.0152909 0.0111482 0.0077096 0.00500683
 0.00781819 0.0127915 0.0194193 0.0276858 0.0373278 0.0476733 0.0576157 0.0658925 0.0715426 0.0742091 0.0740967 0.0717148 0.0676418 0.062409 0.0564602 0.0501395 0.0436981 0.0373183 0.0311432 0.0252986 0.0199028 0.0150677 0.0108935 0.00745529 0.00478468
 0.00777495 0.0127424 0.0193846 0.0276975 0.037421 0.0478723 0.0579218 0.066279 0.0719602 0.0745981 0.0744003 0.0718915 0.0676747 0.0623089 0.0562624 0.0498929 0.0434497 0.0370989 0.0309603 0.0251394 0.0197465 0.0149 0.0107145 0.0072788 0.00462919
 0.00777576 0.0127332 0.0193529 0.0276295 0.037311 0.0477334 0.0577919 0.0662122 0.0720057 0.0747753 0.0746869 0.07223 0.0679942 0.0625497 0.0563931 0.0499142 0.0433873 0.0369889 0.030834 0.0250142 0.0196256 0.0147797 0.0105934 0.00716201 0.00452602
 0.0079076 0.0129157 0.0195681 0.0278395 0.0374667 0.0477912 0.0577293 0.0660377 0.071759 0.0745184 0.0744866 0.0721353 0.0680184 0.0626665 0.05655 0.0500562 0.0434775 0.0370166 0.0308092 0.0249554 0.0195495 0.0146967 0.0105096 0.00708261 0.0044567
 0.00795221 0.0129895 0.0196797 0.0279929 0.0376549 0.0479891 0.0578919 0.0661101 0.0716981 0.0743166 0.0741823 0.0718026 0.0677391 0.0624996 0.0565124 0.0501235 0.0436008 0.0371454 0.0309091 0.0250129 0.0195672 0.014685 0.01048 0.00704533 0.00441968
 0.00787583 0.0128842 0.0195567 0.027875 0.0375711 0.0479643 0.0579365 0.0662143 0.0718318 0.0744369 0.0742476 0.0717901 0.0676567 0.0623846 0.0564148 0.0500828 0.0436295 0.0372279 0.0310141 0.0251097 0.019637 0.0147229 0.0104912 0.0070391 0.00440536
 0.00786783 0.0128604 0.0195022 0.027773 0.0374113 0.0477542 0.0577083 0.0660186 0.0717188 0.0744331 0.0743434 0.0719443 0.0678167 0.0625101 0.0564928 0.0501275 0.0436676 0.0372811 0.0310876 0.0251936 0.019715 0.0147821 0.0105272 0.007055 0.00440803
 0.00794747 0.0129683 0.0196241 0.0278804 0.0374679 0.0477269 0.0575792 0.0657932 0.0714288 0.074131 0.0740884 0.0717832 0.0677674 0.0625569 0.0565986 0.0502532 0.0437886 0.0373904 0.0311883 0.0252886 0.0198016 0.0148543 0.0105801 0.00708804 0.00442501
 0.00795557 0.0129861 0.0196582 0.0279368 0.0375459 0.047813 0.0576443 0.0657989 0.0713427 0.0739444 0.0738263 0.0714984 0.0675218 0.0623991 0.056548 0.0502982 0.0438981 0.0375297 0.0313315 0.0254208 0.0199158 0.0149471 0.0106499 0.00713566 0.00445381
 0.00796718 0.0130067 0.0196924 0.0279905 0.0376252 0.0479217 0.0577801 0.0659495 0.0714832 0.0740408 0.0738449 0.0714204 0.0673546 0.0621776 0.0563217 0.0501126 0.0437786 0.0374779 0.0313317 0.0254519 0.0199595 0.0149908 0.0106867 0.0071627 0.00447124
 0.00787837 0.0128613 0.0194728 0.0276828 0.0372257 0.0474461 0.0572694 0.0654674 0.071101 0.0738152 0.0737993 0.0715399 0.0675949 0.0624844 0.0566501 0.0504376 0.0440935 0.0377836 0.0316264 0.025727 0.0202025 0.0151911 0.0108395 0.00727001 0.00454019
 0.00776094 0.0126848 0.0192338 0.0273862 0.0368823 0.0470678 0.0568691 0.065062 0.0707167 0.0734894 0.0735753 0.0714541 0.0676641 0.0626971 0.056971 0.0508203 0.0444954 0.0381752 0.0319909 0.0260546 0.0204858 0.0154239 0.0110186 0.00739742 0.00462331
 0.00761039 0.0124578 0.0189256 0.0270057 0.0364507 0.0466154 0.056431 0.0646733 0.0704059 0.0732725 0.0734559 0.0714301 0.0677343 0.0628631 0.0572306 0.0511602 0.0448898 0.0385911 0.0323968 0.0264262 0.0208072 0.0156866 0.0112202 0.00754141 0.00471796
 0.00772589 0.0125997 0.0190554 0.0270619 0.0363689 0.0463583 0.0560113 0.0641536 0.069875 0.0728118 0.0731155 0.0712245 0.0676533 0.0628874 0.0573431 0.0513484 0.045141 0.0388878 0.0327153 0.0267404 0.0210937 0.0159289 0.0114102 0.00767906 0.00480957
 0.00849444 0.0137174 0.0204902 0.0286918 0.038006 0.0477958 0.0570682 0.0647052 0.0698712 0.0722873 0.0721831 0.070044 0.0663876 0.0616656 0.0562461 0.0504152 0.0443832 0.038301 0.0322848 0.0264436 0.0209033 0.0158163 0.0113499 0.00765049 0.00479821
 0.00913285 0.0147469 0.022015 0.0307787 0.0406423 0.0508384 0.0602141 0.067526 0.0719248 0.0732597 0.0719841 0.06881 0.0644048 0.0592678 0.0537322 0.0480068 0.0422181 0.0364475 0.0307629 0.025243 0.0199952 0.0151609 0.0109014 0.00736173 0.00462462
 0.00913308 0.0148387 0.0223223 0.031473 0.0418983 0.0527611 0.0627673 0.0705007 0.0749653 0.0759386 0.0739011 0.0696883 0.0641578 0.0580101 0.0517313 0.0455964 0.0397121 0.0340851 0.0286928 0.0235342 0.0186589 0.0141708 0.0102088 0.00690722 0.00434689
 0.00890198 0.0144751 0.0218051 0.0308117 0.0411553 0.0520734 0.0623469 0.0705903 0.0757492 0.0774433 0.075945 0.0719166 0.0661509 0.0594161 0.0523639 0.0454646 0.0389816 0.0329995 0.0274921 0.0224021 0.0177036 0.0134334 0.00968307 0.0065601 0.00413505
 0.00881816 0.0143273 0.021562 0.0304384 0.0406252 0.051387 0.0615545 0.0698061 0.0751446 0.0772126 0.0762442 0.0727938 0.0675012 0.060992 0.0538488 0.0465795 0.0395729 0.0330692 0.0271648 0.0218565 0.0171064 0.0128997 0.00926836 0.00627229 0.00395457
 0.00876806 0.0142241 0.0213667 0.0301017 0.0401003 0.0506499 0.0606237 0.0687525 0.0740863 0.0762997 0.0756373 0.072635 0.0678746 0.0618826 0.0551231 0.0480084 0.0408998 0.0340924 0.0277949 0.0221213 0.0171107 0.012768 0.0091006 0.00612668 0.00385177
 0.00875674 0.0142101 0.0213516 0.0300846 0.0400712 0.0505825 0.0604751 0.068474 0.0736461 0.0757083 0.0749616 0.0719923 0.0674062 0.0617132 0.0553173 0.0485406 0.0416534 0.0348968 0.0284864 0.0225985 0.0173563 0.0128314 0.00905899 0.00604832 0.00377868
 0.00865088 0.0140676 0.0211918 0.0299435 0.0399903 0.0505915 0.0605751 0.0686314 0.0737993 0.0757851 0.0749035 0.0717793 0.0670728 0.0613457 0.0550281 0.0484262 0.0417546 0.0351805 0.0288614 0.0229576 0.0176207 0.0129744 0.00910024 0.00602949 0.00373889
 0.00855624 0.013922 0.0209896 0.0296895 0.0397033 0.0503068 0.0603425 0.0685038 0.073812 0.0759349 0.0751415 0.0720263 0.0672512 0.0614136 0.0549971 0.0483544 0.0417164 0.0352295 0.0290054 0.0231595 0.0178229 0.0131298 0.00919025 0.00606312 0.00373846
 0.00860207 0.0139766 0.0210354 0.0296984 0.039646 0.0501662 0.0601258 0.0682455 0.0735652 0.0757544 0.0750652 0.0720604 0.0673671 0.0615595 0.0551212 0.0484289 0.0417479 0.03525 0.0290486 0.0232393 0.0179276 0.0132332 0.00926941 0.00610931 0.00375682
 0.00853186 0.0138968 0.020977 0.0297064 0.039761 0.0503991 0.0604407 0.0685668 0.0738084 0.0758637 0.0750349 0.0719295 0.0671933 0.06139 0.054977 0.0483071 0.0416376 0.0351472 0.0289611 0.0231789 0.0178996 0.0132311 0.00927976 0.00611972 0.00376141
 0.00844225 0.0137528 0.0207659 0.0294246 0.0394224 0.0500435 0.0601333 0.0683815 0.0737971 0.0760276 0.0753206 0.0722544 0.0674849 0.0616122 0.0551307 0.0484122 0.0417139 0.0352063 0.0290086 0.0232195 0.0179375 0.0132681 0.00931364 0.0061469 0.00377962
 0.00858508 0.0139461 0.0209846 0.0296208 0.0395386 0.050034 0.059985 0.0681215 0.0734858 0.0757399 0.0751204 0.072173 0.067512 0.0617058 0.0552403 0.0485011 0.0417684 0.0352309 0.0290153 0.0232195 0.0179379 0.0132719 0.00932067 0.00615503 0.00378657
 0.00864515 0.0140568 0.0211727 0.0299117 0.039941 0.0505214 0.0604854 0.068531 0.0737055 0.0757188 0.0748787 0.0717902 0.0670893 0.0613251 0.0549412 0.0482828 0.041608 0.0351036 0.0289067 0.0231258 0.017861 0.0132138 0.00928104 0.00613064 0.00377299
 0.00860232 0.0139866 0.0210677 0.0297694 0.0397701 0.0503464 0.0603461 0.0684693 0.0737439 0.0758429 0.0750399 0.0719303 0.0671713 0.0613493 0.0549367 0.0482842 0.0416348 0.0351551 0.0289696 0.0231859 0.01791 0.0132501 0.00930632 0.00614774 0.00378415
 0.00858534 0.0139565 0.0210177 0.0296916 0.0396572 0.0501958 0.0601644 0.068276 0.0735704 0.0757252 0.0750049 0.0719827 0.0672899 0.0614969 0.0550789 0.0484037 0.0417331 0.0352421 0.0290524 0.0232643 0.0179795 0.0133062 0.00934775 0.00617587 0.00380185
 0.00845753 0.0137487 0.020706 0.0292566 0.0390911 0.0495126 0.0594081 0.0675199 0.0729042 0.0752345 0.0747521 0.0719954 0.0675571 0.0619724 0.0556916 0.0490745 0.0423933 0.0358448 0.0295737 0.0236966 0.0183237 0.0135678 0.00953554 0.00630196 0.00388037
 0.00862601 0.0139904 0.0210092 0.0295871 0.0393983 0.0497414 0.0595107 0.067465 0.0726837 0.0748683 0.0742883 0.0715031 0.0671105 0.061633 0.0554931 0.0490177 0.042451 0.0359755 0.0297358 0.0238587 0.0184669 0.0136835 0.00962215 0.00636203 0.00391875
 0.00869366 0.0141167 0.021227 0.0299308 0.0398875 0.0503595 0.0601903 0.0680951 0.0731411 0.0750598 0.0741805 0.0711278 0.0665482 0.060986 0.0548599 0.0484731 0.0420354 0.0356949 0.0295707 0.023777 0.0184368 0.0136801 0.00962963 0.00637171 0.00392687
 0.00876023 0.0142046 0.0213236 0.0300167 0.0399483 0.0503996 0.0602386 0.0681929 0.0733151 0.0752971 0.0744247 0.0713015 0.0665888 0.0608736 0.0546223 0.0481704 0.0417344 0.0354469 0.0294001 0.0236827 0.0184009 0.0136799 0.00964517 0.00639018 0.00394204
 0.00881679 0.0142915 0.0214439 0.0301669 0.0401162 0.0505641 0.0603728 0.0682737 0.0733362 0.0752754 0.0743928 0.071286 0.0665916 0.0608693 0.0545764 0.0480631 0.0415738 0.0352637 0.029231 0.023554 0.0183209 0.0136418 0.00963487 0.0063937 0.00394967
 0.00869276 0.0140896 0.0211409 0.029745 0.0395708 0.049914 0.0596681 0.0675912 0.0727632 0.0748869 0.0742351 0.0713717 0.0669017 0.0613571 0.0551734 0.0486916 0.0421652 0.0357743 0.0296469 0.0238829 0.0185791 0.013843 0.00978784 0.0065041 0.0040236
 0.00873263 0.0141669 0.0212784 0.0299662 0.0398878 0.0503114 0.0600935 0.0679634 0.0729981 0.0749301 0.0740825 0.0710676 0.0665191 0.0609721 0.0548439 0.0484454 0.0420003 0.0356701 0.0295786 0.0238335 0.0185418 0.0138175 0.00977406 0.00649991 0.00402509
 0.0087992 0.0142577 0.021384 0.0300706 0.0399766 0.0503832 0.0601637 0.0680555 0.073125 0.0750779 0.0742099 0.0711257 0.0664767 0.0608323 0.0546413 0.0482282 0.0418096 0.035527 0.029484 0.0237763 0.0185088 0.0137991 0.00976493 0.0064969 0.00402574
#obs surv len freq
 nan nan nan nan nan nan nan nan nan nan nan nan nan nan nan nan nan nan nan nan nan nan nan nan nan
 0.00448328 0.0073439 0.0111731 0.0159887 0.0216888 0.0279638 0.0342777 0.0400091 0.0446891 0.0481537 0.0505126 0.0520095 0.0529029 0.0534163 0.0537313 0.0539869 0.0542659 0.0545589 0.0546978 0.0542898 0.0527278 0.0493597 0.0438092 0.0362887 0.0276717
 0.00461565 0.007561 0.011503 0.0164576 0.0223147 0.0287463 0.0351884 0.0409889 0.0456565 0.049021 0.0512027 0.0524673 0.0531004 0.0533531 0.0534298 0.0534845 0.0536064 0.053785 0.0538487 0.0534025 0.0518411 0.0485169 0.0430551 0.0356614 0.0271923
 0.00477422 0.00782112 0.0118989 0.0170227 0.0230753 0.0297112 0.0363372 0.0422668 0.0469792 0.0502878 0.0523117 0.053328 0.0536436 0.0535382 0.0532485 0.0529584 0.0527807 0.0527192 0.0526089 0.0520589 0.0504688 0.047196 0.0418651 0.0346679 0.0264316
 0.00496903 0.00813832 0.0123773 0.0176991 0.0239776 0.0308483 0.0376871 0.0437719 0.0485527 0.0518276 0.0537135 0.0544942 0.0544885 0.0539935 0.05327 0.0525317 0.051924 0.0514816 0.051066 0.0503081 0.0486255 0.0453875 0.040217 0.0332828 0.0253671
 0.00518174 0.00848804 0.0129108 0.0184623 0.0250063 0.0321539 0.0392422 0.045506 0.0503626 0.0535975 0.0553327 0.0558656 0.0555295 0.0546343 0.0534543 0.0522214 0.0511058 0.0501758 0.0493327 0.0482505 0.0463872 0.0431405 0.0381376 0.0315181 0.0240026
 0.00542294 0.00888091 0.0135037 0.0193012 0.0261271 0.0335689 0.040926 0.0473894 0.05234 0.0555457 0.0571296 0.0574028 0.0567173 0.0554014 0.0537448 0.0519928 0.0503312 0.048853 0.047499 0.0459973 0.0438661 0.0405531 0.0357036 0.0294282 0.022374
 0.00564488 0.00924725 0.0140654 0.0201093 0.0272231 0.0349692 0.0426064 0.0492796 0.0543344 0.0575236 0.058974 0.0590094 0.0579967 0.0562784 0.054157 0.0518892 0.0496739 0.0476243 0.0457167 0.0437346 0.0412672 0.0378283 0.0330966 0.0271607 0.02059
 0.00589259 0.00965066 0.0146741 0.0209705 0.0283735 0.0364216 0.0443355 0.0512152 0.0563702 0.059536 0.0608416 0.0606255 0.0592742 0.0571484 0.0545652 0.0517906 0.0490315 0.0464143 0.0439444 0.0414582 0.0386186 0.0350154 0.0303732 0.0247676 0.0186914
 0.00613681 0.0100541 0.0152927 0.02186 0.0295772 0.0379525 0.0461583 0.0532423 0.0584761 0.0615839 0.0627064 0.0622055 0.0604918 0.0579463 0.0549007 0.0516302 0.0483469 0.0451856 0.0421737 0.0391933 0.0359781 0.0321962 0.0276253 0.0223362 0.0167499
 0.00637075 0.0104354 0.0158689 0.0226769 0.0306716 0.0393399 0.0478181 0.0551103 0.0604503 0.0635406 0.0645199 0.0637632 0.0617033 0.0587469 0.0552475 0.0514954 0.0477107 0.0440353 0.0405136 0.0370663 0.0334902 0.0295275 0.0250095 0.020008 0.0148802
 0.00662474 0.0108502 0.0164965 0.0235656 0.0318562 0.0408252 0.0495642 0.0570294 0.0624211 0.065434 0.0662198 0.0651764 0.0627595 0.0593956 0.0554551 0.0512415 0.0469842 0.0428335 0.0388486 0.0349824 0.0310861 0.0269676 0.0225084 0.0177829 0.0130912
 0.00684699 0.0112189 0.0170647 0.0243871 0.0329732 0.0422509 0.0512645 0.0589171 0.0643692 0.0673014 0.0678773 0.0665225 0.0637253 0.0599413 0.0555634 0.0509083 0.046212 0.0416299 0.037233 0.0330014 0.0288319 0.0245887 0.0201964 0.0157315 0.0114432
 0.00706138 0.011571 0.0176014 0.0251546 0.0340083 0.0435667 0.0528353 0.0606712 0.0661969 0.0690738 0.069467 0.0678199 0.0646488 0.0604417 0.0556219 0.0505291 0.0454124 0.040434 0.0356737 0.0311312 0.0267395 0.0224079 0.0180953 0.0138778 0.00995921
 0.00725856 0.0118928 0.0180881 0.0258443 0.0349298 0.0447278 0.0542106 0.062198 0.0677831 0.0706142 0.0708592 0.0689737 0.065491 0.0609196 0.0557047 0.0502082 0.0446984 0.0393521 0.0342628 0.0294495 0.024874 0.02048 0.016251 0.0122597 0.00866889
 0.00742028 0.0121581 0.0184915 0.0264194 0.0357021 0.0457042 0.0553689 0.063483 0.0691152 0.0719046 0.0720242 0.0699425 0.066208 0.061343 0.055806 0.0499723 0.0441238 0.0384527 0.0330698 0.0280162 0.0232812 0.0188369 0.0146847 0.0108906 0.00758068
 0.007534 0.0123455 0.0187786 0.0268322 0.0362623 0.0464214 0.0562322 0.0644576 0.070146 0.0729262 0.0729705 0.0707541 0.066835 0.0617471 0.0559597 0.0498574 0.0437321 0.0377873 0.0321499 0.0268827 0.0220019 0.0175058 0.0134106 0.00977542 0.0066945
 0.00758065 0.0124193 0.0188866 0.0269814 0.0364613 0.046681 0.0565647 0.0648734 0.0706485 0.0735066 0.0736049 0.0714034 0.0674497 0.0622729 0.0563447 0.0500576 0.0437147 0.0375344 0.0316622 0.0261845 0.0211447 0.0165669 0.0124824 0.00894635 0.00602705
 0.00764786 0.0125174 0.0190135 0.0271286 0.0366167 0.0468346 0.056713 0.0650221 0.0708114 0.0737022 0.0738504 0.0717071 0.0678039 0.0626509 0.0567032 0.0503441 0.0438775 0.0375318 0.0314709 0.0258062 0.0206103 0.0159343 0.011827 0.00834308 0.00553188
 0.00772541 0.0126398 0.0191903 0.0273637 0.0369056 0.0471607 0.0570466 0.0653248 0.071048 0.0738545 0.0739247 0.0717312 0.0678139 0.0626758 0.0567526 0.0504043 0.0439153 0.0375052 0.0313422 0.0255551 0.0202425 0.0154833 0.0113466 0.00789185 0.00515611
 0.0077713 0.0127112 0.0192917 0.0274976 0.0370719 0.0473564 0.0572644 0.0655515 0.0712642 0.0740378 0.0740559 0.0718012 0.0678286 0.062654 0.0567184 0.0503747 0.0438912 0.0374692 0.0312659 0.0254121 0.0200216 0.0151962 0.0110256 0.00757904 0.00488842
 0.00783355 0.0128042 0.0194164 0.0276495 0.0372423 0.0475351 0.0574412 0.0657173 0.0714115 0.0741599 0.074147 0.0718561 0.0678437 0.0626301 0.0566624 0.0502987 0.0438068 0.0373802 0.0311656 0.0252862 0.0198584 0.0149954 0.0108024 0.00735895 0.00469704
 0.00786466 0.0128546 0.0194915 0.0277532 0.0373749 0.0476908 0.0576074 0.0658759 0.0715443 0.0742554 0.0742028 0.0718774 0.0678384 0.0626041 0.0566191 0.0502403 0.043736 0.0372997 0.0310754 0.0251828 0.0197365 0.0148542 0.0106489 0.00720764 0.00456411
 0.00786545 0.0128563 0.019495 0.0277601 0.0373878 0.0477133 0.0576432 0.0659275 0.0716109 0.0743316 0.0742801 0.0719469 0.0678935 0.0626426 0.0566413 0.0502475 0.0437291 0.0372788 0.0310397 0.025131 0.0196677 0.0147693 0.0105533 0.00711088 0.00447716
 0.00786309 0.0128472 0.0194719 0.0277137 0.0373104 0.0476037 0.0575106 0.0657914 0.071496 0.0742605 0.074266 0.0719908 0.0679856 0.062766 0.0567776 0.0503809 0.043848 0.0373758 0.0311105 0.0251733 0.0196813 0.0147568 0.0105206 0.00706681 0.0044315
 0.00788746 0.0128787 0.019504 0.0277346 0.0373056 0.04756 0.0574212 0.0656588 0.0713338 0.0740911 0.0741172 0.0718885 0.067947 0.0627946 0.0568635 0.0505047 0.0439876 0.0375114 0.0312277 0.0252633 0.0197405 0.0147864 0.0105256 0.00705505 0.00441172
 0.00788235 0.012872 0.0194964 0.0277268 0.0372964 0.0475448 0.0573913 0.0656037 0.071246 0.0739716 0.0739782 0.0717521 0.067839 0.0627369 0.0568675 0.0505685 0.0440971 0.0376457 0.0313648 0.0253854 0.0198363 0.0148518 0.0105626 0.00707003 0.00441265
 0.00788988 0.0128798 0.0195004 0.0277208 0.0372747 0.0475047 0.0573353 0.0655382 0.0711774 0.0739028 0.0739085 0.0716804 0.0677687 0.0626779 0.0568337 0.050572 0.0441425 0.0377275 0.0314689 0.0254942 0.0199339 0.0149281 0.0106142 0.00709948 0.00442586
 0.00787632 0.0128588 0.0194705 0.027681 0.0372237 0.0474416 0.0572593 0.0654508 0.0710834 0.0738109 0.0738288 0.0716213 0.0677342 0.062668 0.0568472 0.0506089 0.0442038 0.0378126 0.0315726 0.0256061 0.0200411 0.0150192 0.0106828 0.00714492 0.00445203
 0.00785934 0.0128276 0.0194173 0.0275971 0.0371027 0.0472833 0.0570734 0.0652557 0.0709019 0.0736632 0.0737283 0.0715736 0.0677384 0.0627189 0.0569367 0.0507275 0.0443426 0.0379637 0.0317287 0.025759 0.0201819 0.0151391 0.0107761 0.00721052 0.00449334
 0.00785842 0.0128244 0.0194089 0.0275791 0.0370691 0.0472275 0.05699 0.065143 0.0707644 0.0735129 0.0735832 0.0714531 0.0676585 0.062688 0.056955 0.0507891 0.0444377 0.0380815 0.0318585 0.0258908 0.0203062 0.0152478 0.0108634 0.00727425 0.0045353
 0.00782637 0.0127728 0.0193323 0.0274731 0.036932 0.0470618 0.0568036 0.0649492 0.0705791 0.0733513 0.0734573 0.0713719 0.0676279 0.0627116 0.0570321 0.050914 0.0446 0.0382674 0.0320532 0.0260804 0.0204788 0.0153945 0.0109792 0.00735851 0.00459124
 0.0078029 0.0127347 0.019275 0.0273925 0.0368252 0.0469286 0.056648 0.06478 0.070409 0.0731945 0.0733273 0.0712791 0.0675794 0.0627107 0.0570792 0.0510063 0.0447314 0.0384281 0.0322304 0.0262599 0.020647 0.0155405 0.0110963 0.00744477 0.00464929
 0.00775712 0.0126607 0.0191647 0.0272394 0.0366263 0.0466876 0.0563775 0.0645017 0.0701496 0.0729796 0.073176 0.071202 0.0675784 0.0627809 0.0572112 0.0511881 0.0449497 0.0386689 0.0324792 0.0265017 0.0208678 0.015729 0.0112458 0.00755422 0.00472271
 0.00773546 0.0126187 0.0190893 0.0271147 0.0364383 0.0464307 0.0560609 0.0641503 0.0697995 0.0726694 0.0729383 0.0710585 0.0675381 0.0628411 0.0573595 0.0514064 0.0452168 0.0389635 0.0327809 0.026792 0.0211307 0.0159521 0.0114223 0.00768321 0.00480924
 0.00933019 0.0148539 0.0217926 0.0299037 0.0388303 0.0480186 0.0566535 0.0638018 0.0687335 0.0711654 0.0712462 0.0693628 0.0659583 0.0614449 0.0561772 0.050442 0.0444576 0.0383872 0.0323608 0.0265 0.0209393 0.0158356 0.0113575 0.00765127 0.00479583
 0.00931252 0.0151206 0.0227149 0.0319424 0.0423359 0.0529605 0.0624479 0.0694049 0.0730103 0.0733346 0.0711377 0.0673645 0.0627465 0.057696 0.0523984 0.0469383 0.0413763 0.0357777 0.0302206 0.0248005 0.0196381 0.0148815 0.0106932 0.00721608 0.00453002
 0.00897413 0.0145861 0.0219617 0.0310173 0.0414104 0.0523689 0.0626484 0.0708173 0.0757662 0.0770905 0.075115 0.0706446 0.0646539 0.0580332 0.0514198 0.0451373 0.0392515 0.0336952 0.0283866 0.0232978 0.0184747 0.0140271 0.0100996 0.00682851 0.00429416
 0.00879298 0.0142838 0.0214928 0.0303377 0.0404938 0.0512386 0.061418 0.0697198 0.0751367 0.0772752 0.0763163 0.0727734 0.0672935 0.0605735 0.0533046 0.0460775 0.0392848 0.0330872 0.0274683 0.0223396 0.0176385 0.0133776 0.00963856 0.0065263 0.00411103
 0.00872425 0.0141658 0.0213025 0.0300476 0.0400751 0.0506686 0.0606929 0.0688707 0.0742476 0.0764954 0.0758513 0.0728334 0.068002 0.0618751 0.054941 0.0476702 0.0404898 0.0337286 0.0275741 0.0220773 0.0172109 0.0129432 0.00928364 0.00627567 0.00395346
 0.00868308 0.0140982 0.0211992 0.0298982 0.0398683 0.0503932 0.0603401 0.068437 0.0737404 0.0759421 0.075311 0.0724047 0.0678118 0.0620391 0.0555022 0.0485518 0.0415019 0.0346394 0.0282075 0.0223759 0.0172314 0.012801 0.00909024 0.0061028 0.0038294
 0.00869423 0.0141097 0.0212041 0.0298855 0.039825 0.0503078 0.0602051 0.0682497 0.0735014 0.0756545 0.0749837 0.0720611 0.0674984 0.0618263 0.0554679 0.0487467 0.0419133 0.03518 0.0287452 0.0227912 0.0174658 0.012868 0.00904877 0.00601857 0.00374806
 0.00868219 0.0140944 0.0211884 0.0298735 0.0398195 0.0503066 0.060199 0.068224 0.0734406 0.075548 0.0748294 0.0718663 0.0672807 0.0616156 0.0553067 0.0486827 0.041981 0.0353795 0.0290324 0.0230922 0.0177094 0.013016 0.00910432 0.00601221 0.00371543
 0.00867763 0.014087 0.0211778 0.0298598 0.0398041 0.0502925 0.0601902 0.0682231 0.0734459 0.0755509 0.0748164 0.0718233 0.0672001 0.0615015 0.0551774 0.0485687 0.0419166 0.03539 0.0291205 0.0232337 0.0178626 0.0131414 0.00918115 0.0060425 0.00371527
 0.00864235 0.0140346 0.0211079 0.0297756 0.0397114 0.0501985 0.0601029 0.0681506 0.0733957 0.0755284 0.0748218 0.0718503 0.0672365 0.0615337 0.0551963 0.048575 0.0419224 0.0354133 0.0291755 0.0233216 0.0179695 0.0132448 0.00926163 0.00609209 0.00373777
 0.00865027 0.0140427 0.0211115 0.029768 0.0396861 0.0501529 0.0600405 0.0680808 0.0733303 0.0754777 0.0747911 0.07184 0.0672424 0.061549 0.0552132 0.048588 0.0419309 0.0354226 0.0291945 0.023357 0.0180205 0.0133027 0.00931474 0.0061315 0.00376111
 0.00864505 0.0140367 0.0211068 0.0297671 0.0396905 0.0501606 0.0600454 0.0680748 0.0733074 0.0754375 0.0747407 0.0717905 0.0672041 0.0615274 0.0552078 0.0485942 0.0419433 0.0354382 0.0292137 0.023382 0.0180525 0.0133395 0.00935092 0.00616144 0.00378174
 0.00864448 0.0140339 0.0210995 0.0297527 0.039667 0.0501291 0.0600101 0.0680417 0.0732814 0.0754199 0.0747288 0.0717804 0.0671944 0.0615197 0.055206 0.0486009 0.0419587 0.0354602 0.02924 0.0234109 0.0180833 0.0133707 0.00938023 0.00618603 0.00379975
 0.00863033 0.0140129 0.0210715 0.0297185 0.0396281 0.0500867 0.0599653 0.067996 0.0732378 0.075383 0.0747037 0.0717705 0.0671996 0.0615375 0.0552326 0.0486333 0.0419952 0.0354995 0.0292807 0.0234514 0.0181219 0.0134059 0.00941051 0.00621019 0.00381724
 0.00860846 0.0139777 0.0210195 0.0296472 0.0395375 0.0499804 0.0598515 0.0678869 0.0731461 0.0753192 0.0746728 0.0717727 0.0672317 0.0615939 0.0553065 0.0487177 0.0420832 0.0355859 0.0293615 0.0235243 0.0181851 0.0134585 0.00945213 0.00624112 0.00383853
 0.00860846 0.0139777 0.0210195 0.0296472 0.0395375 0.0499804 0.0598515 0.0678869 0.0731461 0.0753192 0.0746728 0.0717727 0.0672317 0.0615939 0.0553065 0.0487177 0.0420832 0.0355859 0.0293615 0.0235243 0.0181851 0.0134585 0.00945213 0.00624112 0.00383853
 0.00845131 0.0137317 0.0206675 0.0291824 0.038967 0.04933 0.0591695 0.0672417 0.0726139 0.0749653 0.0745364 0.0718589 0.0675153 0.0620288 0.0558374 0.04929 0.0426509 0.0361143 0.0298283 0.0239174 0.0185011 0.0137002 0.00962702 0.00636001 0.00391379
 0.00855114 0.0138714 0.0208356 0.0293525 0.0391034 0.0493977 0.0591435 0.0671126 0.0723897 0.0746707 0.0742096 0.0715455 0.0672584 0.0618595 0.0557682 0.0493147 0.0427486 0.0362576 0.0299901 0.0240758 0.0186413 0.0138146 0.00971365 0.00642088 0.00395334
 0.00865559 0.0140506 0.0211204 0.0297711 0.0396674 0.0500836 0.0598809 0.0677912 0.0728899 0.0749025 0.0741408 0.0712062 0.0667238 0.0612241 0.0551222 0.0487272 0.0422608 0.035883 0.0297214 0.0238943 0.0185252 0.0137439 0.00967285 0.00639873 0.00394219
 0.00852901 0.0138621 0.0208704 0.0294763 0.0393614 0.0498148 0.0597052 0.0677577 0.0730209 0.0751772 0.0744955 0.0715559 0.0669948 0.0613793 0.0551673 0.0486984 0.042204 0.0358359 0.0297042 0.0239095 0.0185635 0.013792 0.00971923 0.00643643 0.00396897
 0.00861966 0.0139885 0.0210224 0.0296316 0.0394937 0.0499049 0.0597508 0.0677753 0.0730386 0.0752224 0.0745808 0.0716698 0.0671034 0.0614389 0.0551439 0.048583 0.0420162 0.0356142 0.0294891 0.0237304 0.0184329 0.0137079 0.00967115 0.00641218 0.00395832
 0.00844743 0.0137294 0.020671 0.0291964 0.0389939 0.0493663 0.0592038 0.0672579 0.0725986 0.0749143 0.0744556 0.0717595 0.067406 0.0619129 0.0557165 0.0491715 0.0425521 0.0360585 0.0298346 0.0239905 0.0186278 0.0138545 0.00978025 0.00649022 0.00401054
 0.00864816 0.0140258 0.0210613 0.0296585 0.0394901 0.049852 0.0596339 0.0675889 0.0727911 0.0749398 0.0743072 0.0714599 0.0670067 0.0614802 0.0553099 0.0488261 0.0422733 0.0358324 0.0296435 0.0238246 0.0184869 0.0137426 0.00969941 0.00643778 0.00398015
 0.00862439 0.0140166 0.0211001 0.0297904 0.039755 0.0502603 0.0601499 0.0681342 0.0732705 0.0752738 0.0744539 0.071418 0.066805 0.0611653 0.0549359 0.0484445 0.0419236 0.0355358 0.0294032 0.0236339 0.018337 0.0136275 0.00961532 0.0063809 0.00394518
#pred catch len freq
 0.00310839 0.0050809 0.00773179 0.0111254 0.0153093 0.020258 0.0258152 0.031695 0.0375465 0.0430285 0.0478582 0.0518436 0.0549061 0.0570776 0.0584686 0.0592302 0.0595276 0.0595086 0.0592316 0.0585469 0.0570047 0.0539241 0.0487013 0.0412439 0.0322278
 0.00340446 0.00547619 0.00817012 0.0115076 0.0155283 0.0202504 0.0255959 0.0313491 0.0371814 0.0427175 0.0476141 0.0516363 0.0547063 0.0568955 0.0583631 0.0592838 0.0597991 0.0599868 0.0598143 0.0590639 0.057281 0.0538561 0.0483036 0.0406375 0.0315777
 0.0034237 0.00557288 0.00842894 0.0120278 0.0163743 0.0213892 0.0268634 0.0324877 0.0379433 0.0429752 0.0474038 0.0511095 0.0540368 0.0562105 0.0577341 0.0587552 0.0594096 0.0597586 0.0597225 0.0590199 0.0571579 0.053548 0.0477836 0.0399725 0.0308911
 0.00353324 0.0057259 0.00862083 0.0122591 0.0166758 0.021843 0.0275919 0.0335922 0.0394138 0.0446325 0.0489342 0.0521915 0.0544804 0.0560204 0.0570684 0.0578282 0.0584095 0.0588079 0.0588711 0.0582516 0.0564113 0.0527574 0.0469254 0.0390877 0.0300666
 0.0037774 0.00610156 0.00914452 0.0129273 0.0174632 0.0227064 0.0284848 0.0344883 0.040329 0.045618 0.0500251 0.0533359 0.0555101 0.0567039 0.0572204 0.0573991 0.0574954 0.0575875 0.0575199 0.0568859 0.0550794 0.0514685 0.0456915 0.0379497 0.0290873
 0.00394624 0.006393 0.00961395 0.0136351 0.0184588 0.0240035 0.0300378 0.0361874 0.0420245 0.0471662 0.0513329 0.0543748 0.0562875 0.0572099 0.0573917 0.0571376 0.0567304 0.056332 0.0558782 0.0550122 0.0531262 0.0495593 0.0439239 0.0364057 0.0278314
 0.00414097 0.00670562 0.0100802 0.014294 0.019355 0.0251851 0.0315419 0.0380151 0.044112 0.0493712 0.0534517 0.0561916 0.0576346 0.058002 0.057615 0.0568073 0.0558579 0.0549302 0.0539935 0.0527517 0.0506538 0.047068 0.0416002 0.0344011 0.0262403
 0.00433458 0.00702026 0.0105543 0.0149655 0.0202577 0.0263421 0.0329584 0.0396744 0.0459755 0.051377 0.0555056 0.0581583 0.0593432 0.0592747 0.0583075 0.0568372 0.0552061 0.0536249 0.0521011 0.050383 0.0479756 0.0442971 0.0389715 0.0321192 0.0244351
 0.00454124 0.0073565 0.0110619 0.0156863 0.021229 0.0275879 0.0344773 0.0414306 0.0479001 0.0533774 0.0574787 0.0599995 0.0609473 0.0605309 0.0590992 0.0570525 0.0547592 0.0524783 0.0502812 0.0479889 0.0451819 0.0413431 0.0361267 0.0296272 0.0224572
 0.00481413 0.00779441 0.0117113 0.0165894 0.0224196 0.0290828 0.0362639 0.0434565 0.0500725 0.0555735 0.0595632 0.0618431 0.062442 0.0615951 0.0596702 0.0570738 0.054174 0.0512406 0.0483829 0.0454918 0.0422399 0.0381977 0.0330689 0.0269304 0.0203083
 0.00500763 0.00812587 0.0122423 0.0173901 0.0235566 0.0305984 0.0381528 0.0456539 0.0524588 0.0579933 0.0618487 0.0638365 0.0640132 0.0626527 0.0601609 0.0569706 0.0534609 0.0499054 0.0464296 0.0429714 0.0392835 0.0350277 0.0299697 0.0241815 0.0181079
 0.00526429 0.00852508 0.0128125 0.0181539 0.0245374 0.0318251 0.0396553 0.0474443 0.0545068 0.060208 0.0640803 0.0659008 0.0657288 0.0638751 0.0607983 0.0569802 0.0528334 0.0486506 0.0445751 0.0405802 0.0364814 0.0320191 0.0270182 0.021552 0.015994
 0.00553594 0.00895987 0.0134537 0.0190364 0.0256806 0.0332244 0.0412739 0.049216 0.0563503 0.0620445 0.0658386 0.0675077 0.0670963 0.0648992 0.0613739 0.0570218 0.0522895 0.0475072 0.0428554 0.0383517 0.0338701 0.0292182 0.0242711 0.0191024 0.0140212
 0.00573413 0.00928572 0.0139516 0.0197516 0.0266524 0.0344733 0.0427859 0.0509324 0.0581711 0.0638456 0.0674967 0.0689224 0.0682005 0.0656525 0.0617459 0.0569777 0.0517885 0.0465155 0.0413663 0.0364064 0.0315738 0.0267432 0.021836 0.0169261 0.0122648
 0.00592289 0.00959539 0.014424 0.0204303 0.0275779 0.0356724 0.0442572 0.0526336 0.0600148 0.0657058 0.0692262 0.0703778 0.0692693 0.0662714 0.0619002 0.056684 0.0510708 0.0453911 0.0398516 0.0345383 0.0294354 0.0244762 0.0196264 0.014962 0.0106849
 0.00606537 0.00982831 0.0147781 0.020938 0.0282712 0.0365765 0.0453818 0.0539629 0.0615012 0.0672696 0.0707602 0.0717589 0.0703764 0.0670057 0.0622012 0.0565337 0.0504854 0.0444063 0.0385119 0.0329004 0.0275826 0.0225301 0.0177405 0.0132909 0.00934285
