SBPRF35
7.78865
Curr Bio
528986
B35
651536
F35
0.212881
FOFL
0.164598
OFL
66471.2
Bzero
2.22533e+006
#pred survey bio
 3.84455e+006 3.43391e+006 3.08188e+006 2.75454e+006 2.4263e+006 2.14846e+006 1.91175e+006 1.67289e+006 1.47024e+006 1.28544e+006 1.1152e+006 993935 895459 840581 784379 739115 708001 671208 646538 630083 624681 624136 624155 628508 632824 643573 647571 638715 633443 626637 611261 595675 572039 567038 558801 563731 570198 567145 572106 578791 588904 592795 587102 587858 591812 586198 589521 584030 592130 591450 594902 576027 560922 532456 533475 1.80323e+007 1.06018e+007 1.07184e+007 1.14149e+007 1.24304e+007 1.35046e+007 1.44818e+007 1.52957e+007 1.59362e+007 1.64219e+007 1.67811e+007 1.70425e+007 1.72311e+007 1.73666e+007 1.74638e+007 1.75337e+007 1.75843e+007 1.7621e+007 1.76478e+007 1.76676e+007 1.76822e+007 1.76931e+007 1.77012e+007 1.77073e+007 1.7712e+007 1.77155e+007 1.77182e+007 1.77202e+007 1.77218e+007 1.7723e+007 1.77239e+007 1.77246e+007 1.77252e+007 1.77256e+007 1.77259e+007 1.77262e+007 1.77264e+007 1.77265e+007 1.77266e+007 1.77267e+007 1.77268e+007 1.77268e+007 1.77269e+007 1.77269e+007 1.77269e+007 1.7727e+007 1.7727e+007 1.7727e+007 1.7727e+007 1.7727e+007 1.7727e+007 1.7727e+007 1.7727e+007 1.7727e+007 1.7727e+007 1.7727e+007 1.7727e+007 1.7727e+007 1.7727e+007 1.7727e+007 1.7727e+007 1.7727e+007 1.7727e+007 1.7727e+007 1.7727e+007 1.7727e+007 1.7727e+007 1.7727e+007 1.7727e+007 1.7727e+007 1.7727e+007 1.7727e+007 1.7727e+007 1.7727e+007 1.7727e+007 1.7727e+007 1.7727e+007 1.7727e+007 1.7727e+007 1.7727e+007 1.7727e+007 1.7727e+007 1.7727e+007 1.7727e+007 1.7727e+007 1.7727e+007 1.7727e+007 1.7727e+007 1.7727e+007 1.7727e+007 1.7727e+007 1.7727e+007 1.7727e+007 1.7727e+007 1.7727e+007 1.7727e+007 1.7727e+007 1.7727e+007 1.7727e+007 1.7727e+007 0 0 0 0 0 0 0 0 0 0 0 0 0 0 0 0 0 0 0 0 0 0 0 0 0
#obs survey bio
 3.66218e+006 2.56615e+006 2.99116e+006 2.41058e+006 1.69466e+006 2.5846e+006 1.71136e+006 1.51056e+006 928546 1.41962e+006 1.05662e+006 924950 787742 610007 619919 636104 559994 1.07993e+006 594565 551733 510681 529887 607786 577417 628141 474722 604054 792261 632638 499444 710152 609114 554643 549179 707980 560523 535601 449340 623735 457444 515788 896074 496078 574683 578976 636533 528727 507112 628939 594552 578168 720755 477026 519220 536511
#pred catch bio
 293065 266634 272130 302205 284799 272432 294402 277513 271632 263320 222331 202733 164821 165051 153568 139097 140608 126546 117058 106928 103181 102966 98909.4 97957.7 91447.3 95481 103152 96178.8 93591.7 96531.1 92314.9 97221.7 83984.5 91205.3 82916.2 83033.9 91505.3 85364.2 85245 84014.1 90077.2 97464.5 91555.7 89363.1 97663.2 90301 97980.2 86799.6 93949.1 89448.7 106505 101032 109641 81668.2 93141.8 66471.2 82063.3 81500.5 85407.3 92542.7 100398 107510 113313 117747 120983 123268 124840 125902 126608 127072 127375 127570 127696 127776 127827 127860 127880 127893 127901 127907 127910 127912 127913 127914 127914 127915 127915 127915 127915 127915 127915 127915 127915 127915 127915 127915 127915 127915 127915 127915 127915 127915 127915 127915 127915 127915 127915 127915 127915 127915 127915 127915 127915 127915 127915 127915 127915 127915 127915 127915 127915 127915 127915 127915 127915 127915 127915 127915 127915 127915 127915 127915 127915 127915 127915 127915 127915 127915 127915 127915 127915 127915 127915 127915 127915 127915 127915 127915 127915 127915 127915 127915 127915 127915 127915 0 0 0 0 0 0 0 0 0 0 0 0 0 0 0 0 0 0 0 0 0 0 0 0 0
#obs catch bio
 247611 267476 273403 304833 288026 276060 300788 282970 280256 270541 227227 207748 167356 168068 157127 141564 144064 128343 118622 108290 104858 105024 100659 99502 92469.3 96862.7 104303 96905.5 94064.4 97179.6 92546.1 97569.5 83889.1 91414.8 83036.8 82972.9 91411.7 85413.8 85438.6 84300.3 90801.4 97605.1 91624.4 89537 98245.2 90460.3 98689.1 87105.5 94557.5 89547.8 107028 100920 110426 81476.4 93255.9
#pred cpue bio
 3.77846e+006 3.37204e+006 3.02367e+006 2.69825e+006 2.37161e+006 2.09507e+006 1.85965e+006 1.62282e+006 1.42215e+006 1.23988e+006 1.07267e+006 953573 857097 803402 748567 704611 674596 639284 615813 600004 594606 593883 593929 598488 603138 614019 618470 610586 606238 600344 586127 571593 548103 541612 532377 537040 543639 540741 545361 551598 561176 565058 559801 560505 564175 558644 561817 556410 564286 563918 567610 549492 534923 507481 509188 1.725e+007 1.01536e+007 1.01443e+007 1.06913e+007 1.16527e+007 1.27139e+007 1.36885e+007 1.45019e+007 1.51424e+007 1.5628e+007 1.59872e+007 1.62487e+007 1.64373e+007 1.65727e+007 1.66699e+007 1.67399e+007 1.67904e+007 1.68271e+007 1.68539e+007 1.68737e+007 1.68883e+007 1.68992e+007 1.69073e+007 1.69135e+007 1.69181e+007 1.69217e+007 1.69243e+007 1.69264e+007 1.69279e+007 1.69291e+007 1.69301e+007 1.69308e+007 1.69313e+007 1.69317e+007 1.69321e+007 1.69323e+007 1.69325e+007 1.69326e+007 1.69328e+007 1.69329e+007 1.69329e+007 1.6933e+007 1.6933e+007 1.69331e+007 1.69331e+007 1.69331e+007 1.69331e+007 1.69331e+007 1.69331e+007 1.69331e+007 1.69331e+007 1.69331e+007 1.69332e+007 1.69332e+007 1.69332e+007 1.69332e+007 1.69332e+007 1.69332e+007 1.69332e+007 1.69332e+007 1.69332e+007 1.69332e+007 1.69332e+007 1.69332e+007 1.69332e+007 1.69332e+007 1.69332e+007 1.69332e+007 1.69332e+007 1.69332e+007 1.69332e+007 1.69332e+007 1.69332e+007 1.69332e+007 1.69332e+007 1.69332e+007 1.69332e+007 1.69332e+007 1.69332e+007 1.69332e+007 1.69332e+007 1.69332e+007 1.69332e+007 1.69332e+007 1.69332e+007 1.69332e+007 1.69332e+007 1.69332e+007 1.69332e+007 1.69332e+007 1.69332e+007 1.69332e+007 1.69332e+007 1.69332e+007 1.69332e+007 1.69332e+007 1.69332e+007 1.69332e+007 1.69332e+007 1.69332e+007 0 0 0 0 0 0 0 0 0 0 0 0 0 0 0 0 0 0 0 0 0 0 0 0 0
#obs cpue bio
 3.17401e+006 2.15409e+006 2.5272e+006 2.49568e+006 1.96741e+006 1.17623e+006 1.22558e+006 1.56962e+006 815624 1.25497e+006 923918 684224 948260 861539 493187 747303 482006 505595 549547 516910 428638 416190 498941 612742 596018 558054 893537 494209 667679 668831 599949 599294 624160 534578 367490 642907 698137 514295 442104 557928 427803 684271 608748 474682 479091 545174 480970 595712 489526 651921 564660 546236 457151 635164 554959
#pred surv len freq
 0.00594911 0.00955804 0.0141933 0.0197639 0.0260869 0.0328162 0.0394052 0.0452218 0.0497811 0.0529123 0.0547401 0.0555435 0.0556216 0.0552233 0.0545225 0.0536153 0.0525318 0.0512501 0.0496903 0.0476788 0.0449243 0.0410757 0.0359013 0.029515 0.0224785
 0.00630098 0.0100419 0.0147646 0.0203427 0.0266012 0.0332595 0.0398652 0.0458488 0.0507014 0.0541373 0.0561318 0.0568587 0.0566088 0.0557163 0.0544871 0.0531367 0.0517593 0.0503272 0.0487002 0.0466304 0.0437836 0.0398238 0.0345808 0.028232 0.0213596
 0.00676622 0.0107643 0.0157832 0.0216571 0.0281584 0.0349455 0.0415144 0.047285 0.051806 0.0549033 0.0566554 0.0572616 0.0569434 0.0559246 0.0544401 0.0527188 0.0509351 0.0491504 0.047273 0.0450515 0.0421242 0.0381409 0.0329457 0.0267408 0.0201109
 0.00714807 0.0113813 0.0167038 0.0229404 0.0298382 0.037007 0.0438669 0.0497511 0.0541441 0.056865 0.0580563 0.0580334 0.0571368 0.0556568 0.0538183 0.0517903 0.0496927 0.0475801 0.0453985 0.042947 0.0398994 0.0359222 0.0308637 0.0249182 0.0186404
 0.00756239 0.0120352 0.0176528 0.0242261 0.0314861 0.0390187 0.0462065 0.0523297 0.0568129 0.0594228 0.0602737 0.0596927 0.0580813 0.0558295 0.0532656 0.0506247 0.0480379 0.0455345 0.0430375 0.0403516 0.0371828 0.0332346 0.0283733 0.0227772 0.0169495
 0.00790909 0.0125885 0.0184664 0.0253438 0.0329352 0.0408 0.0482826 0.0546209 0.0592055 0.0617837 0.0624594 0.0615518 0.0594584 0.0565844 0.0533049 0.0499275 0.0466582 0.0435792 0.0406376 0.0376482 0.0343312 0.0304107 0.0257636 0.0205466 0.0152025
 0.00818518 0.0130321 0.0191249 0.0262593 0.0341383 0.0423002 0.0500561 0.0566041 0.0613011 0.0638758 0.0644293 0.0632851 0.0608457 0.0575189 0.0536866 0.049678 0.0457422 0.0420217 0.0385268 0.0351272 0.031584 0.0276466 0.0231938 0.0183496 0.0134873
 0.00853263 0.0135815 0.0199229 0.0273395 0.0355162 0.0439656 0.0519631 0.0586673 0.0634043 0.0658915 0.0662379 0.0647874 0.0619648 0.058196 0.0538731 0.049331 0.0448291 0.0405354 0.0365075 0.0326775 0.0288715 0.0248861 0.0206124 0.01614 0.0117659
 0.00870602 0.0138827 0.0204117 0.0280829 0.036573 0.0453621 0.0536707 0.0605966 0.0654215 0.0678485 0.0679998 0.0662472 0.0630465 0.058851 0.054072 0.0490552 0.0440655 0.0392811 0.0347848 0.030556 0.0264822 0.0224166 0.0182749 0.0141233 0.0101881
 0.00891544 0.0142133 0.0208927 0.0287395 0.0374276 0.0464329 0.0549643 0.0620949 0.0670697 0.0695516 0.0696317 0.0676726 0.0641472 0.0595445 0.0543165 0.0488403 0.0433987 0.0381795 0.0332797 0.0287079 0.0243978 0.0202516 0.0162133 0.0123343 0.00878242
 0.0092946 0.0147933 0.0216975 0.0297669 0.0386514 0.047808 0.0564306 0.0635813 0.0685022 0.0708636 0.0707687 0.0685876 0.0647938 0.0598765 0.0542946 0.0484415 0.0426204 0.0370383 0.0318109 0.0269707 0.0224853 0.0182943 0.0143641 0.0107357 0.00752813
 0.00948422 0.0151061 0.0221754 0.0304486 0.0395604 0.0489367 0.0577267 0.0649498 0.0698273 0.07204 0.0717259 0.0692946 0.0652467 0.0600793 0.0542462 0.0481315 0.0420354 0.0361722 0.0306761 0.0256075 0.0209677 0.0167291 0.0128771 0.0094444 0.00651099
 0.00973871 0.0154897 0.022698 0.031103 0.0403296 0.0498032 0.0586751 0.0659591 0.0708588 0.0730316 0.0725982 0.0699701 0.0656707 0.060231 0.0541338 0.0477771 0.0414599 0.0353904 0.0297025 0.0244697 0.0197186 0.0154495 0.0116652 0.00839327 0.00568323
 0.00984293 0.0156509 0.0229248 0.031397 0.040685 0.0502069 0.0591093 0.066406 0.0713079 0.0734825 0.0730555 0.0704294 0.0661071 0.0605998 0.0543827 0.0478623 0.0413553 0.0350877 0.0292086 0.023807 0.0189291 0.014597 0.0108287 0.00764954 0.0050871
 0.0098781 0.0157259 0.0230698 0.0316491 0.0410763 0.0507476 0.0597733 0.0671307 0.0720109 0.0740875 0.0735139 0.0707284 0.0662619 0.0606362 0.0543204 0.0477062 0.0410976 0.0347171 0.0287205 0.0232109 0.0182531 0.0138875 0.0101439 0.00704661 0.00460647
 0.00996358 0.0158463 0.0232186 0.0318124 0.0412429 0.0509202 0.0599738 0.0673912 0.072353 0.0745031 0.0739603 0.0711423 0.0665843 0.0608327 0.0543851 0.0476516 0.0409398 0.0344666 0.0283821 0.0227918 0.0177709 0.0133743 0.00964281 0.00660127 0.00424886
 0.00985419 0.0156982 0.0230495 0.0316556 0.041135 0.0508854 0.0600138 0.0674898 0.072493 0.0746806 0.0741851 0.0714236 0.066913 0.0611761 0.0546974 0.0478909 0.04108 0.0344984 0.0283082 0.0226225 0.0175241 0.0130773 0.00933065 0.00631031 0.00400751
 0.00989998 0.0157555 0.0231056 0.0316915 0.0411356 0.0508515 0.0599679 0.0674692 0.0725303 0.0747864 0.0743444 0.0716078 0.0670967 0.0613445 0.0548425 0.048003 0.0411452 0.0345024 0.0282426 0.0224884 0.0173329 0.0128496 0.00909284 0.00608941 0.00382448
 0.0101161 0.0160569 0.0234662 0.0320544 0.0414272 0.0510066 0.0599525 0.0672909 0.0722351 0.0744448 0.0740306 0.0713792 0.0669795 0.0613324 0.0549069 0.0481073 0.0412544 0.0345878 0.0282835 0.0224738 0.0172633 0.0127367 0.00895659 0.00595222 0.00370509
 0.0103132 0.0163586 0.023883 0.0325775 0.0420236 0.0516163 0.060491 0.0676636 0.0723649 0.0743025 0.0736516 0.070852 0.066414 0.0608233 0.0545098 0.0478345 0.0410856 0.0344869 0.0282134 0.0224058 0.0171814 0.0126379 0.00884821 0.00584676 0.00361448
 0.0103823 0.0164692 0.0240463 0.0328022 0.0423139 0.0519673 0.0608833 0.0680593 0.072709 0.0745335 0.0737181 0.0707327 0.0661294 0.0604322 0.05409 0.047456 0.0407903 0.0342829 0.0280828 0.0223197 0.0171134 0.0125718 0.00877961 0.00577948 0.00355528
 0.0102761 0.0163237 0.0238777 0.0326435 0.0422062 0.051947 0.06097 0.0682505 0.0729825 0.0748517 0.0740335 0.0709945 0.0662943 0.0604778 0.0540232 0.0473114 0.0406162 0.0341223 0.02796 0.0222371 0.0170595 0.0125317 0.00874323 0.00574387 0.00352244
 0.0101231 0.0160928 0.0235649 0.0322603 0.0417813 0.0515245 0.0606064 0.068006 0.072906 0.0749639 0.0743173 0.0713984 0.066748 0.0609106 0.0543813 0.047568 0.0407735 0.0342038 0.0279968 0.022255 0.0170717 0.0125411 0.00874755 0.00574191 0.00351556
 0.0100059 0.0159023 0.0232792 0.0318619 0.041264 0.0509037 0.0599268 0.0673425 0.0723503 0.0746022 0.0742075 0.0715556 0.0671408 0.0614704 0.0550205 0.0482015 0.0413373 0.0346644 0.0283495 0.0225135 0.0172563 0.0126696 0.00883354 0.0057954 0.00354537
 0.00994262 0.0157979 0.0231188 0.0316299 0.0409462 0.0504919 0.0594258 0.0667756 0.0717629 0.0740588 0.0737824 0.0713172 0.0671337 0.0617008 0.0554523 0.0487658 0.0419511 0.0352526 0.0288598 0.0229219 0.0175621 0.0128859 0.00897836 0.00588664 0.00359873
 0.0097201 0.0154679 0.0226811 0.031104 0.0403649 0.0498899 0.0588323 0.0662139 0.0712542 0.0736274 0.0734587 0.0711363 0.0671303 0.0618991 0.055854 0.0493422 0.0426446 0.0359882 0.0295631 0.0235358 0.0180558 0.013254 0.00923369 0.00605141 0.00369729
 0.00948425 0.01511 0.0221907 0.0304912 0.0396594 0.0491386 0.0580946 0.0655544 0.0707302 0.0732742 0.0732836 0.0711258 0.0672648 0.0621657 0.0562479 0.049858 0.0432641 0.0366733 0.0302596 0.024186 0.0186127 0.0136922 0.00955066 0.00626221 0.00382602
 0.00935914 0.0149131 0.021907 0.0301123 0.0391868 0.048587 0.0574962 0.0649583 0.0701941 0.0728518 0.0730114 0.0710166 0.06731 0.0623441 0.0565366 0.050239 0.0437231 0.0371925 0.0308108 0.02473 0.0191078 0.0141049 0.00986468 0.00647984 0.00396317
 0.00926962 0.0147634 0.0216745 0.0297743 0.0387266 0.0480035 0.0568124 0.064224 0.0694789 0.0722309 0.0725505 0.0707605 0.0672761 0.0625224 0.056895 0.0507339 0.0443089 0.0378279 0.0314582 0.0253529 0.0196709 0.0145788 0.0102325 0.00674116 0.0041321
 0.00906526 0.0144637 0.0212831 0.029313 0.0382264 0.0474905 0.0562997 0.0637148 0.0689784 0.0717584 0.0721432 0.0704669 0.0671425 0.0625784 0.0571452 0.0511568 0.0448641 0.038465 0.0321255 0.0260028 0.0202624 0.0150808 0.0106271 0.00702616 0.00431987
 0.00904472 0.014411 0.0211695 0.0291039 0.0378942 0.047033 0.055751 0.0631393 0.068447 0.0713211 0.0718173 0.0702467 0.0670193 0.0625552 0.0572361 0.0513751 0.0452093 0.0389168 0.0326464 0.0265461 0.0207815 0.0155371 0.0109958 0.00729889 0.00450352
 0.00979725 0.0154664 0.022446 0.0304176 0.0390076 0.0477353 0.0559272 0.0627933 0.0676797 0.0702864 0.0706775 0.0691388 0.0660363 0.0617445 0.0566124 0.0509374 0.0449509 0.0388252 0.0326986 0.0267065 0.0210055 0.0157792 0.0112187 0.00747907 0.00463296
 0.010689 0.0168442 0.0243764 0.0328907 0.0419129 0.0508431 0.0588887 0.0651894 0.0691293 0.0705722 0.0698186 0.0673661 0.0636935 0.0591757 0.0540885 0.0486338 0.0429616 0.037188 0.0314154 0.0257544 0.0203427 0.0153509 0.0109646 0.00734263 0.00456768
 0.0105743 0.0167765 0.024493 0.0333895 0.0429973 0.0526315 0.0613329 0.0680455 0.0720014 0.0730097 0.0714316 0.0679229 0.0631726 0.0577543 0.0520719 0.0463586 0.0407137 0.0351629 0.0297174 0.024417 0.0193514 0.0146618 0.010518 0.0070746 0.00441982
 0.0102315 0.0162782 0.02386 0.0326983 0.0423834 0.0522803 0.0614521 0.0688125 0.0734875 0.0751113 0.0738538 0.0702438 0.0649695 0.0587344 0.0521496 0.0456525 0.0394768 0.0336868 0.028253 0.0231324 0.0183281 0.0139126 0.0100121 0.00675979 0.00424001
 0.0100782 0.0160046 0.0234066 0.0320046 0.0414155 0.0510707 0.0601323 0.0676135 0.0726931 0.0749748 0.0745082 0.0716403 0.066871 0.0607753 0.0539462 0.0469209 0.0401066 0.0337424 0.0279126 0.0226041 0.0177831 0.0134543 0.00967892 0.00654552 0.00411694
 0.0101184 0.0160469 0.0234252 0.031955 0.0412386 0.0507051 0.0595348 0.0667855 0.0717058 0.0739814 0.0737242 0.0712849 0.0670856 0.0615562 0.0551292 0.0482332 0.0412656 0.0345524 0.0283147 0.0226629 0.0176292 0.0132198 0.00945642 0.00637831 0.00401074
 0.0102591 0.016265 0.0237317 0.0323478 0.0416963 0.051181 0.0599535 0.0670503 0.0717225 0.0736942 0.0731503 0.0705295 0.0663228 0.0609753 0.0548636 0.0483054 0.0415797 0.0349422 0.0286209 0.0227962 0.0175883 0.0130651 0.00926478 0.0062075 0.00388693
 0.0103152 0.0163515 0.0238534 0.0325065 0.0418915 0.051409 0.060205 0.0673043 0.0719421 0.0738277 0.0731431 0.0703464 0.0659736 0.0605266 0.0544253 0.0479893 0.04145 0.0349873 0.0287646 0.022942 0.0176671 0.0130586 0.00919676 0.00611729 0.00380595
 0.0103467 0.0164011 0.0239252 0.0326031 0.0420136 0.0515551 0.06037 0.0674798 0.0721162 0.073984 0.0732592 0.0703945 0.0659266 0.0603722 0.0541804 0.0477037 0.0411909 0.0348093 0.0286841 0.0229338 0.0176847 0.0130629 0.00917291 0.00607281 0.00375731
 0.010075 0.0160201 0.0234636 0.0321259 0.0416033 0.0512823 0.06027 0.0675477 0.0723183 0.0742758 0.0735979 0.0707424 0.0662498 0.0606409 0.0543731 0.0478155 0.0412382 0.0348242 0.0286995 0.0229668 0.0177315 0.0131075 0.00920073 0.00608001 0.00374976
 0.00997371 0.0158456 0.0231862 0.03172 0.0410641 0.0506443 0.0596175 0.0669993 0.0719881 0.074228 0.0738239 0.0711717 0.0667848 0.0611903 0.0548713 0.0482262 0.0415509 0.0350487 0.0288576 0.0230824 0.0178214 0.013178 0.00925159 0.00611084 0.00376376
 0.0101664 0.0161172 0.0235162 0.0320596 0.0413447 0.050797 0.0595927 0.0667844 0.0716158 0.0737739 0.073387 0.070842 0.0666114 0.0611689 0.0549558 0.0483553 0.0416735 0.0351362 0.0289046 0.0230984 0.0178205 0.0131714 0.00924465 0.00610453 0.00375769
 0.0102167 0.0162078 0.023667 0.0322889 0.0416585 0.051174 0.0599764 0.0670905 0.0717594 0.073704 0.073111 0.0704258 0.0661547 0.0607683 0.0546726 0.0482027 0.0416246 0.0351465 0.0289337 0.0231223 0.0178317 0.0131722 0.0092401 0.00609856 0.00375213
 0.0101453 0.016108 0.023548 0.0321719 0.041574 0.0511544 0.0600463 0.067256 0.0719991 0.0739676 0.073331 0.0705419 0.0661402 0.0606421 0.05449 0.0480276 0.0415025 0.0350912 0.0289319 0.0231488 0.0178643 0.0131985 0.00925668 0.00610707 0.00375554
 0.0102088 0.0161991 0.0236628 0.0323007 0.0417051 0.0512814 0.060172 0.0673909 0.0721541 0.0741436 0.0735107 0.07069 0.0662132 0.0606066 0.0543392 0.0477875 0.041222 0.0348215 0.0287084 0.0229838 0.017752 0.013125 0.00920915 0.00607633 0.00373603
 0.0101983 0.0161828 0.0236397 0.0322697 0.0416648 0.0512304 0.0601104 0.067323 0.0720915 0.0741053 0.0735177 0.0707553 0.0663321 0.0607535 0.0544763 0.0478809 0.0412563 0.0348043 0.0286623 0.0229331 0.017712 0.0131001 0.00919629 0.00607049 0.00373337
 0.0101949 0.0161883 0.0236681 0.0323394 0.0417924 0.0514211 0.0603502 0.0675794 0.0723223 0.074273 0.0736019 0.0707572 0.0662701 0.0606529 0.0543571 0.0477518 0.041117 0.0346535 0.028505 0.0227811 0.017579 0.0129954 0.00912179 0.00602221 0.00370459
 0.00996863 0.0158519 0.0232214 0.0318058 0.0412163 0.0508603 0.0598681 0.0672352 0.0721596 0.0743072 0.0738147 0.0711037 0.0666944 0.061104 0.0547978 0.0481581 0.0414737 0.0349508 0.0287383 0.0229525 0.0176973 0.013073 0.00917114 0.00605289 0.00372313
 0.00993551 0.0157847 0.0230964 0.0315957 0.0409003 0.0504388 0.0593741 0.0667332 0.0717291 0.0740185 0.0737088 0.071184 0.0669315 0.0614483 0.0551945 0.0485598 0.0418461 0.0352735 0.0290018 0.0231554 0.0178443 0.0131731 0.00923529 0.00609182 0.00374556
 0.00985148 0.0156581 0.0229236 0.0313772 0.0406374 0.0501297 0.0590149 0.0663257 0.0712919 0.0735944 0.0733602 0.0709755 0.0669073 0.0616165 0.0555253 0.0489976 0.0423276 0.0357434 0.0294208 0.0235022 0.0181126 0.0133678 0.0093676 0.00617591 0.00379538
 0.00993446 0.0157901 0.0231162 0.0316375 0.0409638 0.050507 0.0594091 0.0666837 0.07155 0.0736949 0.0732709 0.0707042 0.0665036 0.0611576 0.0550913 0.0486472 0.0420852 0.0356015 0.0293534 0.0234792 0.0181099 0.0133705 0.00936943 0.00617554 0.00379372
 0.00984042 0.0156644 0.0229776 0.0315208 0.0409113 0.0505534 0.0595682 0.0669427 0.0718719 0.0740267 0.0735541 0.0708867 0.0665536 0.0610741 0.0549056 0.0484123 0.0418571 0.0354203 0.0292349 0.0234172 0.0180869 0.0133681 0.00937414 0.00618053 0.00379683
 0.00959846 0.0153295 0.0225824 0.0311341 0.0406211 0.0504388 0.0596735 0.0672664 0.072371 0.0746283 0.0741702 0.0714299 0.0669522 0.0612861 0.0549263 0.0482726 0.0416131 0.0351363 0.0289654 0.0231962 0.0179253 0.0132603 0.00930714 0.00614096 0.00377435
 0.00889728 0.0142668 0.0211307 0.0293302 0.0385684 0.0483017 0.0576677 0.0656348 0.0713352 0.074329 0.0746245 0.0725306 0.0685059 0.0630674 0.0567277 0.0499376 0.0430502 0.0363146 0.0298977 0.0239168 0.018472 0.0136652 0.00959579 0.00633564 0.00389661
#obs surv len freq
 0.0049782 0.00815327 0.0123998 0.0177306 0.0240189 0.0308985 0.037743 0.0438282 0.0486024 0.0518642 0.0537326 0.0544948 0.0544733 0.0539673 0.0532378 0.0524974 0.0518894 0.0514471 0.0510313 0.0502731 0.0485908 0.0453545 0.0401873 0.0332581 0.0253481
 0.00518421 0.00849214 0.0129172 0.0184717 0.0250198 0.0321724 0.0392665 0.0455362 0.0503975 0.0536342 0.0553668 0.0558923 0.0555446 0.054636 0.0534437 0.0522013 0.0510801 0.0501474 0.0493036 0.0482214 0.0463588 0.0431136 0.0381135 0.0314979 0.0239871
 0.0054122 0.00886543 0.0134841 0.0192794 0.0261058 0.033551 0.040914 0.047385 0.0523447 0.0555599 0.0571528 0.0574328 0.0567503 0.0554325 0.0537696 0.0520085 0.0503375 0.0488517 0.0474927 0.0459882 0.043856 0.0405431 0.0356944 0.0294204 0.0223679
 0.00565445 0.00926093 0.0140826 0.0201285 0.0272425 0.0349878 0.0426247 0.0492987 0.0543557 0.0575474 0.058999 0.0590335 0.0580174 0.0562934 0.0541642 0.051887 0.0496612 0.0476014 0.0456852 0.0436974 0.0412275 0.0377894 0.0330614 0.0271312 0.0205675
 0.00588059 0.00963407 0.0146544 0.0209508 0.028357 0.0364106 0.0443298 0.051213 0.0563698 0.0595373 0.0608464 0.0606363 0.0592923 0.057173 0.0545932 0.0518179 0.0490541 0.0464293 0.0439506 0.0414562 0.0386105 0.0350038 0.0303607 0.0247562 0.0186823
 0.00612483 0.0100314 0.0152533 0.0217969 0.0294858 0.0378342 0.046023 0.0531069 0.0583599 0.0615019 0.0626654 0.0622048 0.0605258 0.0580078 0.054982 0.0517237 0.048445 0.0452817 0.0422625 0.0392718 0.0360451 0.0322517 0.0276698 0.0223703 0.0167745
 0.00637538 0.0104428 0.0158794 0.0226898 0.0306841 0.0393462 0.0478103 0.0550806 0.0603953 0.0634647 0.0644351 0.0636853 0.0616461 0.0587178 0.0552473 0.0515196 0.0477523 0.0440865 0.0405674 0.0371172 0.0335345 0.0295635 0.0250371 0.020028 0.0148939
 0.00659801 0.0108107 0.0164445 0.0235042 0.0317902 0.04076 0.0495044 0.0569771 0.062376 0.0653936 0.0661817 0.0651406 0.0627304 0.0593805 0.0554614 0.0512731 0.0470399 0.0429075 0.0389329 0.0350688 0.0311675 0.027039 0.022567 0.0178278 0.0131232
 0.00681746 0.0111696 0.0169885 0.0242778 0.032828 0.0420742 0.0510701 0.058727 0.0642078 0.0671874 0.0678184 0.0665151 0.063759 0.060005 0.0556487 0.0510111 0.0463306 0.0417617 0.0373733 0.0331431 0.028967 0.0247098 0.020298 0.0158109 0.0115006
 0.0070562 0.0115587 0.0175755 0.0251064 0.0339288 0.0434496 0.0526804 0.0604871 0.0660005 0.0688875 0.0693142 0.0677189 0.0646087 0.0604609 0.0556903 0.0506333 0.0455405 0.0405768 0.035824 0.0312825 0.0268845 0.0225394 0.0182067 0.0139656 0.0100229
 0.00727047 0.0119121 0.0181167 0.0258825 0.0349753 0.0447735 0.0542442 0.062204 0.0677479 0.0705322 0.0707366 0.0688281 0.0653464 0.060799 0.0556239 0.0501729 0.0447057 0.0393936 0.0343284 0.0295294 0.0249592 0.0205624 0.016324 0.0123189 0.00871253
 0.00742997 0.0121754 0.0185206 0.0264646 0.035767 0.0457892 0.0554689 0.0635865 0.069205 0.071962 0.0720334 0.0698964 0.0661109 0.0612108 0.055662 0.0498399 0.0440205 0.0383865 0.0330401 0.0280162 0.0233016 0.0188681 0.0147185 0.0109211 0.00760471
 0.00750762 0.0123052 0.0187231 0.0267627 0.0361835 0.0463412 0.0561618 0.0644095 0.0701302 0.0729458 0.0730192 0.0708172 0.066895 0.0617893 0.0559782 0.0498565 0.0437232 0.0377832 0.0321599 0.0269097 0.0220428 0.0175537 0.0134582 0.00981688 0.0067265
 0.00757045 0.012401 0.0188559 0.0269339 0.0363937 0.0465938 0.0564642 0.0647718 0.0705616 0.0734491 0.0735862 0.0714249 0.0675039 0.0623458 0.0564203 0.0501233 0.0437653 0.0375722 0.0316941 0.0262174 0.0211821 0.0166079 0.0125232 0.00898248 0.00605546
 0.007684 0.0125734 0.0190922 0.0272298 0.0367359 0.046962 0.0568339 0.0651184 0.070867 0.0737087 0.0738103 0.0716326 0.0677115 0.0625555 0.0566135 0.0502629 0.0438035 0.0374638 0.0314099 0.0257555 0.0205729 0.0159112 0.0118163 0.00834102 0.00553422
 0.0077248 0.0126414 0.0191972 0.0273805 0.0369368 0.0472087 0.0571098 0.0653966 0.0711178 0.0739105 0.0739568 0.0717341 0.067789 0.0626303 0.0566965 0.050347 0.0438628 0.0374595 0.0313036 0.0255236 0.0202186 0.0154678 0.0113387 0.00788994 0.00515764
 0.0077773 0.012722 0.01931 0.0275266 0.0371149 0.0474158 0.0573401 0.0656402 0.0713589 0.0741282 0.07413 0.0718476 0.0678394 0.0626276 0.0566596 0.0502937 0.0438002 0.0373791 0.0311842 0.025343 0.0199667 0.0151556 0.0109979 0.00756207 0.00487928
 0.00781884 0.0127839 0.0193927 0.0276268 0.0372266 0.0475322 0.0574555 0.0657508 0.0714634 0.0742268 0.0742227 0.0719316 0.0679086 0.0626747 0.0566801 0.0502882 0.0437721 0.0373297 0.0311087 0.0252313 0.019811 0.0149584 0.010776 0.00734198 0.00468726
 0.00785273 0.0128363 0.019466 0.027721 0.0373384 0.0476544 0.0575776 0.0658604 0.0715497 0.0742847 0.0742542 0.0719445 0.0679118 0.0626734 0.0566747 0.0502753 0.0437475 0.0372894 0.0310489 0.0251477 0.0197003 0.0148224 0.0106243 0.00719067 0.00455369
 0.00786086 0.0128464 0.0194757 0.0277263 0.0373355 0.047642 0.0575578 0.0658387 0.0715331 0.0742787 0.0742621 0.0719671 0.0679485 0.0627229 0.0567339 0.0503388 0.0438076 0.0373375 0.0310766 0.0251486 0.0196714 0.0147654 0.0105467 0.00710482 0.00447285
 0.00787524 0.0128632 0.019489 0.0277265 0.037312 0.0475874 0.0574721 0.0657303 0.0714173 0.074174 0.0741854 0.0719303 0.0679561 0.0627722 0.0568164 0.0504429 0.0439202 0.0374456 0.0311685 0.0252151 0.0197069 0.0147697 0.0105254 0.0070675 0.00443076
 0.00791833 0.0129274 0.0195742 0.0278276 0.037419 0.0476858 0.057545 0.0657616 0.0713963 0.0741004 0.0740711 0.0717968 0.0678279 0.0626696 0.056751 0.0504164 0.0439264 0.0374733 0.0312047 0.0252477 0.019727 0.0147729 0.0105126 0.00704384 0.00440324
 0.00787382 0.0128642 0.019496 0.0277434 0.0373401 0.0476217 0.0574993 0.0657315 0.0713751 0.0740808 0.0740489 0.0717728 0.0678081 0.0626632 0.0567672 0.0504607 0.0439979 0.0375648 0.0313046 0.0253429 0.0198064 0.0148299 0.0105459 0.00705732 0.00440354
 0.00788305 0.0128676 0.0194803 0.0276912 0.0372366 0.0474644 0.0573044 0.0655315 0.0712065 0.0739701 0.0740036 0.0717835 0.0678569 0.062734 0.0568507 0.0505539 0.0441012 0.0376772 0.0314214 0.0254558 0.019906 0.0149088 0.0106011 0.00709044 0.00441967
 0.00788624 0.0128707 0.0194806 0.0276829 0.0372106 0.0474083 0.057206 0.065384 0.0710161 0.0737593 0.0738075 0.0716377 0.067785 0.0627398 0.0569211 0.0506684 0.0442401 0.0378259 0.0315696 0.0255953 0.0200292 0.0150095 0.0106761 0.00714057 0.00444923
 0.00786616 0.0128408 0.0194405 0.027634 0.0371549 0.0473473 0.0571393 0.0653089 0.0709283 0.0736557 0.0736908 0.0715193 0.0676843 0.0626785 0.0569149 0.0507203 0.0443407 0.0379583 0.0317156 0.0257392 0.0201594 0.0151183 0.0107596 0.00719886 0.00448589
 0.00785535 0.0128205 0.019405 0.0275773 0.0370724 0.0472396 0.0570139 0.0651795 0.07081 0.0735593 0.0736194 0.07147 0.0676529 0.062665 0.0569246 0.0507608 0.0444166 0.0380668 0.0318465 0.0258781 0.0202918 0.0152329 0.01085 0.00726384 0.00452817
 0.00782143 0.0127647 0.0193201 0.0274563 0.0369106 0.0470375 0.05678 0.0649315 0.070573 0.0733606 0.0734819 0.0714067 0.0676648 0.0627422 0.0570515 0.0509223 0.044601 0.0382655 0.0320509 0.0260779 0.0204754 0.0153898 0.0109738 0.00735335 0.00458715
 0.00778084 0.0126977 0.0192177 0.0273097 0.036714 0.046791 0.0564934 0.0646249 0.0702738 0.0730987 0.0732842 0.0712932 0.0676458 0.0628168 0.057208 0.051141 0.0448591 0.0385413 0.0323261 0.0263377 0.0207076 0.0155852 0.0111271 0.00746443 0.00466084
 0.00776032 0.0126627 0.0191619 0.0272259 0.0365954 0.0466334 0.0562974 0.064398 0.0700301 0.0728575 0.0730677 0.0711236 0.0675422 0.0627918 0.0572655 0.0512749 0.0450542 0.0387767 0.0325793 0.0265874 0.0209364 0.0157806 0.0112821 0.00757799 0.00473705
 0.00774093 0.0126286 0.0191057 0.0271393 0.0364711 0.046468 0.0560946 0.0641689 0.0697916 0.0726284 0.0728659 0.0709651 0.0674402 0.0627565 0.0573026 0.0513841 0.0452279 0.0389998 0.0328311 0.0268453 0.021179 0.0159912 0.0114509 0.0077024 0.00482098
 0.00932832 0.0148524 0.0217931 0.029909 0.0388435 0.0480421 0.0566875 0.0638435 0.068776 0.071199 0.0712604 0.06935 0.0659173 0.0613825 0.0561065 0.0503779 0.0444122 0.0383659 0.0323619 0.0265169 0.0209637 0.0158603 0.0113783 0.00766635 0.00480554
 0.00932167 0.015134 0.0227323 0.031963 0.0423584 0.0529843 0.0624731 0.0694323 0.07304 0.073365 0.0711647 0.0673815 0.062747 0.0576756 0.0523578 0.0468839 0.0413183 0.035727 0.0301843 0.0247808 0.0196323 0.0148845 0.0107 0.00722294 0.00453529
 0.00896103 0.0145703 0.0219477 0.0310126 0.0414223 0.0524014 0.0626996 0.0708794 0.0758288 0.0771447 0.0751555 0.0706699 0.0646638 0.0580273 0.051398 0.0451006 0.0392038 0.0336432 0.028338 0.0232587 0.0184479 0.0140118 0.0100928 0.00682656 0.00429435
 0.00879043 0.0142792 0.0214853 0.030327 0.0404815 0.0512285 0.0614167 0.0697344 0.0751712 0.0773277 0.0763783 0.072833 0.06734 0.0606006 0.0533104 0.0460639 0.0392556 0.0330478 0.0274249 0.0222985 0.0176045 0.0133529 0.00962294 0.0065177 0.00410695
 0.00872282 0.0141625 0.0212958 0.0300354 0.0400557 0.0506413 0.0606595 0.0688358 0.0742185 0.0764804 0.0758565 0.0728604 0.0680462 0.0619275 0.0549908 0.0477089 0.0405127 0.0337357 0.0275687 0.0220646 0.0171959 0.0129298 0.00927397 0.00626987 0.00395061
 0.00869458 0.0141139 0.0212171 0.0299145 0.0398783 0.0503926 0.0603266 0.068411 0.0737052 0.0759031 0.0752753 0.0723796 0.0678028 0.0620478 0.0555255 0.0485829 0.0415325 0.034663 0.0282209 0.0223798 0.0172286 0.0127952 0.00908432 0.00609835 0.00382674
 0.00868413 0.0140968 0.021191 0.0298764 0.0398237 0.0503156 0.0602192 0.0682636 0.0735078 0.0756487 0.0749661 0.0720365 0.0674744 0.0618101 0.0554641 0.0487559 0.041932 0.0352027 0.0287661 0.0228065 0.0174744 0.0128712 0.00904882 0.00601742 0.00374691
 0.00869699 0.0141151 0.0212137 0.0299005 0.0398449 0.0503289 0.0602192 0.0682443 0.0734618 0.0755678 0.0748422 0.071866 0.0672644 0.0615853 0.0552688 0.048645 0.0419496 0.0353569 0.0290176 0.0230825 0.0177021 0.0130095 0.0090983 0.00600712 0.00371164
 0.00869458 0.0141146 0.021219 0.0299166 0.0398764 0.0503763 0.0602772 0.068302 0.0735057 0.075585 0.0748235 0.0718063 0.0671631 0.0614488 0.0551132 0.0484982 0.0418462 0.0353256 0.0290662 0.0231908 0.0178304 0.0131177 0.00916424 0.00603079 0.00370759
 0.00865437 0.0140543 0.021138 0.0298186 0.0397692 0.0502714 0.0601881 0.0682418 0.0734832 0.0756014 0.0748704 0.0718683 0.0672228 0.0614918 0.0551329 0.048498 0.0418397 0.0353319 0.0291014 0.0232587 0.0179196 0.0132075 0.00923535 0.00607456 0.00372677
 0.00865044 0.0140446 0.0211176 0.0297814 0.0397104 0.0501906 0.0600919 0.0681439 0.0734005 0.0755485 0.0748551 0.0718894 0.0672706 0.0615518 0.0551905 0.0485432 0.0418705 0.0353544 0.029126 0.0232942 0.0179677 0.0132616 0.00928497 0.00611148 0.00374862
 0.00865393 0.0140484 0.0211194 0.0297776 0.039696 0.0501605 0.0600425 0.0680746 0.0733159 0.075459 0.074775 0.0718331 0.0672477 0.0615637 0.05523 0.0485981 0.0419286 0.0354081 0.0291739 0.0233389 0.0180119 0.0133052 0.00932471 0.00614317 0.0037701
 0.00864881 0.0140425 0.0211149 0.0297776 0.039703 0.0501744 0.0600593 0.0680868 0.0733147 0.075438 0.0747337 0.0717776 0.0671894 0.0615151 0.0552006 0.0485912 0.041941 0.0354331 0.0292046 0.023371 0.0180435 0.0133353 0.0093519 0.00616556 0.00378636
 0.0086602 0.0140598 0.0211387 0.0298079 0.0397393 0.0502163 0.0601056 0.068135 0.0733601 0.075473 0.0747497 0.0717678 0.0671521 0.0614556 0.0551297 0.0485216 0.041883 0.0353919 0.0291802 0.0233604 0.0180426 0.0133406 0.0093603 0.00617456 0.00379409
 0.00862934 0.0140161 0.021085 0.0297508 0.0396876 0.0501777 0.0600849 0.0681332 0.0733756 0.075503 0.0747901 0.0718129 0.0671948 0.0614892 0.0551502 0.0485293 0.0418826 0.0353894 0.0291807 0.0233662 0.0180533 0.013354 0.00937404 0.00618668 0.00380348
 0.00862934 0.0140161 0.021085 0.0297508 0.0396876 0.0501777 0.0600849 0.0681332 0.0733756 0.075503 0.0747901 0.0718129 0.0671948 0.0614892 0.0551502 0.0485293 0.0418826 0.0353894 0.0291807 0.0233662 0.0180533 0.013354 0.00937404 0.00618668 0.00380348
 0.00870303 0.0141274 0.0212365 0.0299392 0.0399044 0.0504105 0.0603185 0.0683495 0.0735547 0.0756259 0.0748426 0.0717895 0.0670996 0.0613346 0.054954 0.0483108 0.0416602 0.035179 0.0289947 0.0232122 0.0179342 0.0132682 0.00931655 0.0061511 0.00378324
 0.00861293 0.0139941 0.0210606 0.0297304 0.0396795 0.0501899 0.060123 0.0681991 0.073467 0.0756132 0.074908 0.071924 0.0672836 0.0615419 0.0551584 0.0484927 0.0418086 0.0352921 0.0290768 0.0232704 0.0179756 0.0132982 0.00933864 0.0061671 0.00379428
 0.0086095 0.0139778 0.0210172 0.0296419 0.0395311 0.0499799 0.0598696 0.0679387 0.0732429 0.0754612 0.0748467 0.0719537 0.0673907 0.0617052 0.0553533 0.048695 0.0419979 0.0354545 0.0292061 0.0233673 0.018045 0.0133464 0.00937139 0.00618879 0.00380813
 0.00861962 0.013994 0.02104 0.0296694 0.039557 0.0499914 0.0598489 0.0678687 0.0731171 0.0752908 0.0746611 0.0717907 0.0672829 0.0616689 0.0553866 0.0487815 0.0421148 0.0355793 0.0293213 0.0234629 0.0181176 0.0133978 0.00940575 0.00621069 0.00382145
 0.00874726 0.0141956 0.0213316 0.0300593 0.0400411 0.0505474 0.0604311 0.0684098 0.0735399 0.0755287 0.0746773 0.071589 0.0669054 0.061183 0.054865 0.0482843 0.0416794 0.0352203 0.029037 0.0232433 0.0179516 0.0132755 0.00931915 0.00615271 0.00378532
 0.00873369 0.0141896 0.0213522 0.0301341 0.040199 0.050807 0.06079 0.0688401 0.073993 0.0759447 0.0749969 0.0717652 0.0669136 0.0610275 0.0545783 0.0479182 0.0412901 0.0348542 0.0287228 0.0229919 0.0177609 0.0131373 0.00922341 0.00608975 0.00374648
 0.00882502 0.0143288 0.0215452 0.0303816 0.0404988 0.0511561 0.061184 0.0692697 0.0744373 0.076369 0.0753546 0.0720062 0.0669966 0.0609315 0.0543096 0.0475102 0.0407957 0.0343332 0.0282288 0.0225628 0.0174155 0.0128776 0.00904053 0.00596923 0.00367248
 0.0086111 0.0140023 0.0210943 0.0298125 0.0398372 0.0504478 0.0604953 0.0686832 0.0740401 0.0762312 0.0755081 0.0724326 0.0676291 0.0616708 0.0550495 0.048163 0.0413098 0.0346968 0.0284611 0.022698 0.0174888 0.0129162 0.00906124 0.00598089 0.00367922
#pred catch len freq
 0.00524969 0.00827479 0.0120042 0.0163129 0.0211086 0.0263142 0.0317879 0.0372848 0.0425054 0.047175 0.0510927 0.0541457 0.056311 0.0576437 0.0582451 0.0582252 0.0576764 0.0566559 0.0551534 0.0530394 0.0500339 0.0457744 0.0400194 0.0329048 0.0250616
 0.00558832 0.00874704 0.0125758 0.0169177 0.0216871 0.0268625 0.0323825 0.0380534 0.0435499 0.0484918 0.0525414 0.0554899 0.057307 0.0581295 0.0581873 0.0577107 0.0568587 0.0556831 0.0541103 0.0519309 0.0488194 0.0444307 0.0385922 0.0315111 0.0238419
 0.00605306 0.00945684 0.0135548 0.0181481 0.0231037 0.0283566 0.0338181 0.0393032 0.0445464 0.0492604 0.0531798 0.0560922 0.057882 0.0585749 0.0583409 0.0574397 0.0561258 0.0545507 0.0526929 0.0503372 0.0471254 0.0426956 0.0368909 0.0299471 0.0225237
 0.00648503 0.0101353 0.014532 0.0194576 0.0247555 0.0303266 0.0360305 0.0416174 0.0467643 0.0511662 0.0546012 0.0569533 0.0582141 0.0584712 0.0578839 0.0566533 0.0549848 0.0530318 0.0508202 0.0481926 0.04483 0.040387 0.0347104 0.0280278 0.020968
 0.00692694 0.0108201 0.0155023 0.020737 0.0263535 0.0322424 0.0382464 0.0440803 0.0493664 0.0537351 0.0569125 0.0587711 0.0593496 0.0588345 0.0574967 0.0556134 0.0534087 0.0510149 0.0484384 0.0455316 0.0420124 0.0375764 0.0320903 0.025765 0.0191741
 0.00731219 0.0114211 0.016361 0.0218792 0.0277902 0.0339708 0.0402456 0.0463055 0.0517439 0.0561608 0.0592497 0.0608498 0.0609783 0.0598308 0.05773 0.0550388 0.0520715 0.0490252 0.0459375 0.0426744 0.0389708 0.0345453 0.0292764 0.0233518 0.0172794
 0.00768187 0.0119963 0.01718 0.0229642 0.0291486 0.0355968 0.0421163 0.0483734 0.0539346 0.0583767 0.0613772 0.0627656 0.0625523 0.0609294 0.0582256 0.0548303 0.0511101 0.0473335 0.0436129 0.0398779 0.0359104 0.031458 0.0264012 0.0208907 0.0153562
 0.00808676 0.0126227 0.0180645 0.0241227 0.0305789 0.0372813 0.0440195 0.0504362 0.056072 0.0604836 0.0633391 0.0644699 0.0638965 0.061824 0.058593 0.0546029 0.0502375 0.0458001 0.0414603 0.0372214 0.0329396 0.0284164 0.023546 0.0184407 0.0134443
 0.00834422 0.0130405 0.0186923 0.0250072 0.0317563 0.0387648 0.0457847 0.0524141 0.0581549 0.0625427 0.0652433 0.0661003 0.0651555 0.0626383 0.0589109 0.0543885 0.0494657 0.0444614 0.0395776 0.0348731 0.0302753 0.0256501 0.0209203 0.0161711 0.0116665
 0.00864297 0.0135 0.019337 0.0258483 0.0327978 0.04001 0.0472344 0.0540535 0.0599374 0.0643797 0.0670096 0.0676545 0.0663681 0.0634134 0.0591941 0.0541595 0.0487256 0.0432248 0.0378772 0.0327771 0.0279056 0.0231851 0.0185706 0.0141309 0.0100628
 0.00903163 0.014088 0.020141 0.0268565 0.0339773 0.0413185 0.0486283 0.0554894 0.061371 0.0657642 0.0682923 0.0687721 0.0672459 0.0639731 0.0593679 0.0539035 0.0480249 0.0420914 0.0363479 0.0309188 0.0258252 0.0210329 0.016523 0.0123524 0.00866284
 0.00926154 0.0144541 0.0206771 0.0275878 0.0349141 0.0424485 0.0499083 0.0568455 0.0627114 0.0670001 0.0693554 0.0696201 0.067855 0.0643259 0.0594437 0.0536768 0.0474719 0.0412012 0.0351337 0.029427 0.0241418 0.0192821 0.0148505 0.0108947 0.00751188
 0.0094694 0.0147659 0.0210996 0.0281152 0.0355364 0.0431621 0.0507185 0.0577562 0.0637072 0.0680324 0.0703444 0.0704739 0.0684956 0.0647061 0.0595476 0.0535071 0.0470356 0.0405043 0.0341879 0.028263 0.0228215 0.0179007 0.0135241 0.0097337 0.00659185
 0.00962677 0.0150041 0.021425 0.0285214 0.0360066 0.0436737 0.0512483 0.0582862 0.0642293 0.0685493 0.0708617 0.0709855 0.0689724 0.0650977 0.0597966 0.0535664 0.0468778 0.0401214 0.0335882 0.0274723 0.0218881 0.0168983 0.0125436 0.00886382 0.00589557
 0.0096727 0.0150913 0.0215791 0.0287728 0.0363822 0.0441833 0.0518733 0.058978 0.0649203 0.0691731 0.071371 0.0713611 0.0692184 0.0652282 0.0598204 0.053479 0.0466641 0.0397655 0.0330841 0.0268315 0.0211441 0.0161059 0.0117719 0.00818024 0.00534847
 0.00973912 0.0151843 0.0216931 0.0288977 0.0365118 0.044326 0.052056 0.0592363 0.0652785 0.0696238 0.0718699 0.0718409 0.0696145 0.0654991 0.0599536 0.0534812 0.0465466 0.0395352 0.0327438 0.0263882 0.0206184 0.015536 0.0112087 0.00767593 0.00494146
 0.00966564 0.0150881 0.0215905 0.028816 0.0364799 0.0443605 0.0521538 0.0593799 0.0654515 0.0698246 0.0721107 0.0721318 0.0699457 0.0658365 0.0602495 0.0536929 0.0466484 0.0395189 0.0326134 0.0261555 0.0203036 0.0151698 0.0108308 0.0073275 0.00465437
 0.00967765 0.0150969 0.0215854 0.0287843 0.0364145 0.0442698 0.0520654 0.0593328 0.0654786 0.0699363 0.0722921 0.0723548 0.0701842 0.0660728 0.0604698 0.0538797 0.0467798 0.0395743 0.0325808 0.0260355 0.0201096 0.0149263 0.0105695 0.00708093 0.00444807
 0.00986856 0.0153616 0.0218987 0.029093 0.0366505 0.0443735 0.0520073 0.059124 0.0651677 0.0695952 0.0719956 0.072159 0.0701124 0.0661144 0.0605918 0.0540409 0.0469411 0.0397031 0.0326531 0.0260387 0.0200444 0.0148067 0.0104194 0.0069269 0.00431266
 0.0100336 0.0156119 0.02224 0.0295137 0.0371191 0.044838 0.0523989 0.0593684 0.0652073 0.0694129 0.0716277 0.0716862 0.0696328 0.0657112 0.0603108 0.0538862 0.046885 0.0397033 0.0326677 0.0260359 0.0200076 0.0147348 0.0103234 0.00682409 0.00421951
 0.0100947 0.0157089 0.0223819 0.0297076 0.0373692 0.0451422 0.0527438 0.0597242 0.0655259 0.0696353 0.0717001 0.0715817 0.0693667 0.0653401 0.0599133 0.0535345 0.0466218 0.0395348 0.0325722 0.0259804 0.0199626 0.0146828 0.0102608 0.00675706 0.00415748
 0.00998968 0.0155645 0.0222134 0.0295468 0.0372566 0.0451147 0.0528228 0.059911 0.0658018 0.0699644 0.0720336 0.0718641 0.0695486 0.0653939 0.0598445 0.0533799 0.0464347 0.0393632 0.0324429 0.0258956 0.0199086 0.0146426 0.0102229 0.00671845 0.00412092
 0.00980818 0.0152937 0.0218523 0.0291134 0.0367873 0.0446595 0.0524401 0.0596589 0.0657263 0.0700848 0.0723336 0.0722938 0.070037 0.0658666 0.0602416 0.0536693 0.046616 0.0394605 0.0324901 0.0259211 0.0199271 0.0146568 0.0102304 0.00671774 0.00411386
 0.00966949 0.0150749 0.021536 0.0286898 0.0362574 0.0440414 0.0517747 0.0590115 0.0651786 0.0697188 0.0722105 0.0724371 0.0704242 0.0664334 0.060899 0.0543266 0.047203 0.0399394 0.0328548 0.0261864 0.020115 0.0147869 0.0103169 0.00677115 0.00414313
