SBPRF35
7.78865
Curr Bio
541630
B35
691745
F35
0.224448
FOFL
0.190275
OFL
85844.4
Bzero
2.22533e+06
#pred survey bio
 4.53881e+06 4.2769e+06 4.02746e+06 3.74023e+06 3.43321e+06 3.13224e+06 2.80221e+06 2.48829e+06 2.22157e+06 1.96563e+06 1.73984e+06 1.52283e+06 1.35328e+06 1.18673e+06 1.0438e+06 914276 830595 763566 708178 686342 663788 633019 619268 603309 596760 584676 582070 582604 571979 571823 565168 562486 545615 544768 531706 521937 505040 491018 493867 499214 515959 523065 524972 536484 541445 547421 549438 556492 554500 569294 572729 579977 574759 582027 575541 554438 542602 544993 540847 2.06696e+07 1.30055e+07 1.36042e+07 1.42722e+07 1.49363e+07 1.55288e+07 1.60211e+07 1.64111e+07 1.67102e+07 1.69347e+07 1.7101e+07 1.72232e+07 1.73129e+07 1.73787e+07 1.74272e+07 1.7463e+07 1.74896e+07 1.75094e+07 1.75243e+07 1.75356e+07 1.75441e+07 1.75506e+07 1.75555e+07 1.75593e+07 1.75622e+07 1.75644e+07 1.75661e+07 1.75674e+07 1.75684e+07 1.75692e+07 1.75698e+07 1.75702e+07 1.75706e+07 1.75709e+07 1.75711e+07 1.75713e+07 1.75714e+07 1.75715e+07 1.75716e+07 1.75716e+07 1.75717e+07 1.75717e+07 1.75717e+07 1.75717e+07 1.75718e+07 1.75718e+07 1.75718e+07 1.75718e+07 1.75718e+07 1.75718e+07 1.75718e+07 1.75718e+07 1.75718e+07 1.75718e+07 1.75718e+07 1.75718e+07 1.75718e+07 1.75718e+07 1.75718e+07 1.75718e+07 1.75718e+07 1.75718e+07 1.75718e+07 1.75718e+07 1.75718e+07 1.75718e+07 1.75718e+07 1.75718e+07 1.75718e+07 1.75718e+07 1.75718e+07 1.75718e+07 1.75718e+07 1.75718e+07 1.75718e+07 1.75718e+07 1.75718e+07 1.75718e+07 1.75718e+07 1.75718e+07 1.75718e+07 1.75718e+07 1.75718e+07 1.75718e+07 1.75718e+07 1.75718e+07 1.75718e+07 1.75718e+07 1.75718e+07 1.75718e+07 1.75718e+07 1.75718e+07 1.75718e+07 1.75718e+07 1.75718e+07 1.75718e+07 1.75718e+07 1.75718e+07 1.75718e+07 1.75718e+07 0 0 0 0 0 0 0 0 0 0 0 0 0 0 0 0 0 0 0 0 0 0 0 0 0
#obs survey bio
 3.06423e+06 3.33838e+06 3.09893e+06 2.53442e+06 2.89108e+06 2.09139e+06 3.22781e+06 1.65614e+06 1.86643e+06 1.3685e+06 1.55562e+06 1.52843e+06 996618 1.56297e+06 1.0503e+06 759164 763969 497438 584508 671183 722209 796538 595172 541540 545657 384644 665052 556638 418320 389890 493958 607224 833897 679340 475000 493877 623029 416348 604759 478398 719268 623213 366511 339561 675677 541029 508687 552760 630599 637446 551780 352804 522266 707635 676498 558663 663652 405874 426482
#pred catch bio
 97998.3 99649.4 156271 201752 226748 285184 301703 286779 300489 291973 297671 265164 267763 248100 235277 194476 179650 168238 137368 135004 137506 118980 118338 109179 113265 104867 101410 108859 98108 101600 95531 104101 86830.3 93568.9 87146.4 91740.9 91752.2 82199.5 83512.4 75733.4 85017.3 89893.3 83059.7 90036.7 89579.1 93165.9 89456.8 97524.6 84164.3 94473.6 91445.2 102252 92223.4 104319 116885 110949 103460 114216 75075.3 85844.4 104198 108176 112550 117083 121114 124368 126834 128622 129876 130733 131308 131687 131935 132094 132196 132261 132302 132328 132345 132355 132361 132365 132368 132369 132370 132371 132371 132371 132371 132372 132372 132372 132372 132372 132372 132372 132372 132372 132372 132372 132372 132372 132372 132372 132372 132372 132372 132372 132372 132372 132372 132372 132372 132372 132372 132372 132372 132372 132372 132372 132372 132372 132372 132372 132372 132372 132372 132372 132372 132372 132372 132372 132372 132372 132372 132372 132372 132372 132372 132372 132372 132372 132372 132372 132372 132372 132372 132372 132372 132372 132372 132372 132372 132372 132372 132372 132372 132372 132372 0 0 0 0 0 0 0 0 0 0 0 0 0 0 0 0 0 0 0 0 0 0 0 0 0
#obs catch bio
 0 99457.2 156976 203202 228290 289243 306286 291450 306539 298148 304012 269932 274620 251975 239002 196785 181345 172209 139683 136931 139118 119572 118588 109717 114035 106088 102527 109819 98712.4 102710 95903.1 104922 86942.7 93595 87185.8 91736.7 91455.9 82088.9 83666.7 75415.4 84535.1 89630.6 82665.9 90388 89338.7 92846 89340.9 97380.6 83925.4 94431.2 91089.7 102215 91818.8 103506 115885 110077 102435 114611 74794.5
#pred cpue bio
 4.46727e+06 4.20825e+06 3.9606e+06 3.67414e+06 3.36859e+06 3.06897e+06 2.74074e+06 2.42877e+06 2.16372e+06 1.9098e+06 1.68621e+06 1.4718e+06 1.30437e+06 1.14063e+06 1.00062e+06 873779 791633 725825 671843 651136 630017 600876 588061 572683 566223 554373 551836 552785 542955 543113 537124 535145 519413 519322 507342 498345 481451 466173 467624 472695 489238 496263 498008 508857 513532 519473 521431 528192 526171 540468 543898 550977 545746 552652 546257 525189 512556 513501 508239 1.94612e+07 1.22776e+07 1.28428e+07 1.34646e+07 1.41125e+07 1.47014e+07 1.51931e+07 1.5583e+07 1.58821e+07 1.61066e+07 1.62728e+07 1.63951e+07 1.64848e+07 1.65506e+07 1.6599e+07 1.66348e+07 1.66614e+07 1.66813e+07 1.66962e+07 1.67075e+07 1.6716e+07 1.67224e+07 1.67274e+07 1.67311e+07 1.6734e+07 1.67362e+07 1.67379e+07 1.67393e+07 1.67403e+07 1.6741e+07 1.67416e+07 1.67421e+07 1.67425e+07 1.67427e+07 1.6743e+07 1.67431e+07 1.67432e+07 1.67433e+07 1.67434e+07 1.67435e+07 1.67435e+07 1.67436e+07 1.67436e+07 1.67436e+07 1.67436e+07 1.67436e+07 1.67437e+07 1.67437e+07 1.67437e+07 1.67437e+07 1.67437e+07 1.67437e+07 1.67437e+07 1.67437e+07 1.67437e+07 1.67437e+07 1.67437e+07 1.67437e+07 1.67437e+07 1.67437e+07 1.67437e+07 1.67437e+07 1.67437e+07 1.67437e+07 1.67437e+07 1.67437e+07 1.67437e+07 1.67437e+07 1.67437e+07 1.67437e+07 1.67437e+07 1.67437e+07 1.67437e+07 1.67437e+07 1.67437e+07 1.67437e+07 1.67437e+07 1.67437e+07 1.67437e+07 1.67437e+07 1.67437e+07 1.67437e+07 1.67437e+07 1.67437e+07 1.67437e+07 1.67437e+07 1.67437e+07 1.67437e+07 1.67437e+07 1.67437e+07 1.67437e+07 1.67437e+07 1.67437e+07 1.67437e+07 1.67437e+07 1.67437e+07 1.67437e+07 1.67437e+07 1.67437e+07 1.67437e+07 0 0 0 0 0 0 0 0 0 0 0 0 0 0 0 0 0 0 0 0 0 0 0 0 0
#obs cpue bio
 3.62737e+06 3.50844e+06 3.74272e+06 3.13704e+06 3.521e+06 2.83662e+06 2.18711e+06 2.38233e+06 2.0751e+06 2.02353e+06 1.95501e+06 1.22276e+06 1.04407e+06 1.2029e+06 884734 897347 866171 417983 657604 677682 648419 529250 769407 436065 567618 461927 404954 719004 640773 577727 787593 447548 370974 566412 475763 607468 528700 436174 343354 674287 484630 370987 744420 468534 645659 618748 439885 675875 406234 519089 652516 859788 679831 701076 551886 531520 506616 410069 641920
#pred surv len freq
 0.00463796 0.00750126 0.0112421 0.0158428 0.0212204 0.0271602 0.0332729 0.0390695 0.0441302 0.0482357 0.0513766 0.0536769 0.0553125 0.0564504 0.0572038 0.0576026 0.0575933 0.0570603 0.0558408 0.0537195 0.0504288 0.0457151 0.0395013 0.0320725 0.0241324
 0.00500657 0.00801024 0.0118459 0.0164552 0.0217546 0.0275823 0.0336306 0.0394655 0.0446475 0.0488611 0.0519751 0.054039 0.0552477 0.0558773 0.0561921 0.0563548 0.0563757 0.0561098 0.0552835 0.0535354 0.0504798 0.0458223 0.039529 0.031975 0.023944
 0.00515143 0.00828952 0.0123405 0.0172504 0.0228992 0.0290386 0.0352501 0.0410235 0.0459328 0.0497631 0.0525035 0.0542615 0.0552008 0.055527 0.0554735 0.0552538 0.054985 0.0546168 0.0538974 0.0524006 0.049629 0.0451939 0.0390288 0.0315369 0.0235525
 0.00533538 0.00857426 0.0127476 0.0178038 0.0236359 0.0300146 0.0365242 0.0426163 0.0477762 0.0516793 0.0542419 0.055583 0.0559558 0.0556756 0.0550491 0.0543173 0.0536156 0.0529321 0.0520622 0.0505969 0.0480026 0.0438188 0.0379125 0.0306539 0.022875
 0.00558204 0.00896405 0.0133129 0.0185666 0.0246045 0.0311808 0.0378639 0.044095 0.0493575 0.0533234 0.0558849 0.0571111 0.0572029 0.0564599 0.0552295 0.0538352 0.0525016 0.051291 0.050054 0.0484156 0.0458463 0.0418528 0.0362444 0.0293294 0.0218907
 0.00578431 0.0092976 0.0138238 0.019301 0.0256 0.0324517 0.0393862 0.0458013 0.0511487 0.0550918 0.0575362 0.0585705 0.058402 0.0573161 0.0556384 0.0536887 0.0517271 0.049889 0.0481156 0.0461131 0.0434015 0.0394933 0.0341586 0.0276358 0.0206278
 0.00604634 0.00971561 0.0144394 0.020151 0.026714 0.0338461 0.0410525 0.0476945 0.0531817 0.057142 0.0594625 0.0602363 0.0596969 0.0581632 0.0559851 0.0534895 0.0509385 0.0484882 0.0461346 0.0436673 0.0406911 0.0367697 0.0316687 0.0255641 0.0190614
 0.00634144 0.0101852 0.0151277 0.0210938 0.0279344 0.0353473 0.0428084 0.0496444 0.0552349 0.0591889 0.0613857 0.0619187 0.0610284 0.0590497 0.0563554 0.053296 0.0501526 0.0471006 0.0441705 0.0412134 0.0379153 0.0339113 0.0289914 0.0232898 0.0173149
 0.0065672 0.0105543 0.0156876 0.021891 0.0290072 0.0367128 0.0444484 0.0514985 0.0572068 0.0611627 0.0632432 0.0635508 0.06234 0.0599605 0.0567989 0.0532189 0.049516 0.045886 0.0423934 0.0389444 0.035299 0.0311654 0.0263711 0.0210253 0.0155503
 0.00679154 0.0109191 0.0162377 0.0226706 0.0300544 0.0380493 0.0460655 0.0533468 0.0591954 0.06317 0.0651336 0.0651936 0.0636257 0.06081 0.0571622 0.0530667 0.0488313 0.0446628 0.0406485 0.036739 0.0327605 0.0284914 0.0238013 0.0187847 0.0137883
 0.00702447 0.0112903 0.0167834 0.0234219 0.0310351 0.0392705 0.0475176 0.0549914 0.0609643 0.0649696 0.0668542 0.0667201 0.0648497 0.0616417 0.0575379 0.0529499 0.0482071 0.043534 0.0390389 0.0347083 0.030423 0.0260227 0.0214176 0.0166937 0.0121327
 0.0073191 0.0117594 0.0174709 0.0243622 0.0322471 0.0407486 0.049221 0.0568403 0.062849 0.0667693 0.0684558 0.068029 0.065794 0.0621709 0.0576212 0.0525731 0.0473701 0.0422502 0.0373399 0.0326559 0.0281244 0.023636 0.0191353 0.0147008 0.0105565
 0.00741165 0.0119344 0.01778 0.0248698 0.0330163 0.0418192 0.0505868 0.0584407 0.0645778 0.0684963 0.0700497 0.0693756 0.0668061 0.0627922 0.0578232 0.0523477 0.0467231 0.0411982 0.0359146 0.030915 0.0261637 0.0215939 0.0171781 0.0129878 0.00919808
 0.00760956 0.012243 0.0182219 0.0254633 0.033779 0.0427707 0.0517435 0.0598003 0.0661011 0.0700963 0.071597 0.0707229 0.0678218 0.063387 0.0579594 0.0520315 0.0459873 0.0400883 0.0344843 0.0292316 0.0243196 0.0197117 0.0153997 0.0114462 0.0079832
 0.007895 0.0126846 0.0188445 0.026274 0.0347668 0.0439065 0.0529808 0.0610792 0.0673581 0.0712747 0.0726496 0.0716039 0.0684778 0.0637581 0.0579924 0.0516955 0.045283 0.039046 0.0331572 0.0276916 0.0226584 0.0180405 0.0138398 0.0101069 0.00693501
 0.00827521 0.0132778 0.0196899 0.027389 0.0361417 0.0454982 0.0547057 0.0628144 0.0689593 0.0726065 0.0736152 0.0721598 0.068629 0.0635401 0.0574494 0.0508666 0.0441998 0.0377401 0.0316698 0.026081 0.0210024 0.0164337 0.0123815 0.00888186 0.00599216
 0.00853973 0.0136898 0.0202764 0.0281636 0.0371029 0.0466272 0.0559618 0.0641312 0.0702478 0.0737669 0.0745528 0.0728001 0.0689297 0.063495 0.0570834 0.0502228 0.0433257 0.0366794 0.0304647 0.0247798 0.0196672 0.0151403 0.0112104 0.00790112 0.00524
 0.008549 0.0137428 0.0204258 0.02848 0.0376559 0.047455 0.0570458 0.0653914 0.0715627 0.0750056 0.075602 0.0735773 0.0693856 0.0636118 0.0568723 0.0497188 0.0425795 0.0357485 0.0294061 0.0236503 0.018526 0.0140511 0.0102366 0.00709396 0.00462622
 0.00855146 0.0137436 0.0204241 0.0284817 0.0376822 0.0475511 0.057279 0.0658312 0.0722467 0.0759083 0.0766274 0.0745845 0.070232 0.0641921 0.0571351 0.0496631 0.0422397 0.0351792 0.0286708 0.0228147 0.0176554 0.0132091 0.00948036 0.00646696 0.00415018
 0.00844271 0.0135651 0.0201531 0.0280975 0.0371738 0.0469287 0.0565872 0.0651565 0.07171 0.0756398 0.076728 0.0750867 0.0710795 0.0652497 0.0582294 0.050632 0.0429707 0.0356226 0.0288325 0.0227392 0.0174088 0.0128646 0.00910793 0.00612304 0.00387089
 0.00836152 0.013441 0.0199801 0.0278732 0.0368968 0.0465966 0.0561979 0.0647154 0.0712411 0.0751946 0.0763847 0.074935 0.0711913 0.0656477 0.0588685 0.0514072 0.0437483 0.036281 0.0292935 0.0229793 0.0174519 0.0127648 0.00892964 0.00592472 0.00369412
 0.0084903 0.013621 0.0201967 0.0280945 0.0370827 0.0467119 0.056223 0.0646464 0.0710834 0.0749571 0.0760827 0.0745988 0.0708723 0.0654114 0.0587724 0.0514748 0.0439541 0.0365574 0.0295577 0.0231637 0.0175249 0.0127334 0.00882723 0.00579327 0.00356879
 0.00866353 0.0138671 0.0205 0.0284151 0.037363 0.046892 0.0562551 0.0645074 0.0707811 0.0745309 0.0755954 0.0741205 0.0704641 0.0651164 0.0586156 0.0514647 0.04408 0.0367856 0.0298335 0.0234256 0.0177234 0.0128459 0.00885997 0.00577155 0.0035225
 0.00876732 0.0140442 0.0207797 0.0288231 0.0379083 0.047548 0.0569489 0.0651266 0.0712048 0.0746708 0.0754253 0.0736817 0.0698464 0.0644282 0.0579568 0.0509087 0.0436676 0.0365244 0.0297026 0.0233842 0.0177247 0.0128514 0.00884932 0.00574268 0.0034844
 0.00883506 0.0141399 0.0208987 0.0289562 0.0380491 0.0477023 0.0571351 0.0653647 0.0714952 0.0749778 0.0756806 0.0738095 0.0697977 0.0642033 0.0576044 0.0505049 0.0432875 0.0362215 0.0294987 0.0232721 0.0176781 0.0128387 0.00884516 0.00573417 0.00346974
 0.00882324 0.014143 0.0209432 0.0290774 0.038278 0.0480479 0.0575731 0.0658417 0.0719487 0.0753581 0.0759586 0.0739692 0.0698249 0.064085 0.0573404 0.0501206 0.0428351 0.0357653 0.0290957 0.0229555 0.0174542 0.0126933 0.00875529 0.00567863 0.00343408
 0.00862488 0.013848 0.0205524 0.0286144 0.0377889 0.047596 0.0572299 0.0656726 0.0719942 0.075617 0.0763858 0.0744906 0.0703605 0.0645674 0.0577226 0.0503779 0.0429662 0.0357918 0.0290547 0.0228875 0.0173897 0.0126471 0.00872841 0.00566488 0.00342685
 0.0085612 0.0137244 0.0203307 0.0282512 0.0372519 0.0468872 0.0564048 0.0648401 0.0712912 0.0751685 0.0762678 0.0747113 0.0708636 0.0652533 0.0584776 0.0511013 0.0435877 0.0362775 0.0294035 0.023121 0.0175391 0.0127416 0.0087889 0.00570376 0.00345089
 0.00860349 0.0137926 0.02043 0.0283796 0.0373931 0.0470049 0.0564438 0.0647424 0.0710246 0.0747527 0.07578 0.0742621 0.0705553 0.0651424 0.0585604 0.0513251 0.0438776 0.0365636 0.0296396 0.0232891 0.017644 0.0127997 0.00881824 0.00571792 0.00345778
 0.00841926 0.0135239 0.0200832 0.0279816 0.0369846 0.0466279 0.05613 0.0645053 0.0708575 0.0746345 0.0756879 0.0741894 0.0705221 0.0651895 0.0587272 0.0516245 0.0442846 0.0370238 0.0300897 0.0236791 0.017948 0.0130157 0.00895968 0.00580406 0.00350686
 0.00833374 0.0133811 0.019863 0.0276672 0.0365717 0.046136 0.0556083 0.0640264 0.0704948 0.0744343 0.0756537 0.0742861 0.0706984 0.0654046 0.0589656 0.0518931 0.0445952 0.0373749 0.0304599 0.0240338 0.0182544 0.0132542 0.00912777 0.00591186 0.00357008
 0.00815092 0.013106 0.0194894 0.027202 0.0360305 0.0455373 0.0549733 0.0633856 0.0698959 0.0739427 0.0753394 0.0742002 0.070853 0.0657672 0.0594736 0.0524789 0.045205 0.0379738 0.0310245 0.0245435 0.0186894 0.0136002 0.0093814 0.00608207 0.00367426
 0.00811009 0.0130369 0.0193811 0.0270443 0.035818 0.045274 0.0546754 0.063077 0.0696003 0.073676 0.0751109 0.0740211 0.0707424 0.0657486 0.0595629 0.0526732 0.0454827 0.0383028 0.0313718 0.0248808 0.0189938 0.0138551 0.00957795 0.00622039 0.00376253
 0.00795717 0.0127925 0.0190214 0.0265508 0.0351823 0.0445054 0.0538091 0.0621781 0.0687573 0.0729841 0.0746501 0.0738386 0.0708446 0.0661063 0.0601238 0.0533759 0.046265 0.0391059 0.0321435 0.0255784 0.0195874 0.0143292 0.00993126 0.00646436 0.00391738
 0.00799388 0.012836 0.0190561 0.0265504 0.0351144 0.0443395 0.0535261 0.0617763 0.0682555 0.0724218 0.0740851 0.0733388 0.0704757 0.065916 0.0601319 0.0535718 0.0466137 0.0395581 0.032645 0.0260782 0.0200436 0.0147127 0.0102285 0.0066759 0.00405504
 0.00861681 0.0137126 0.020123 0.0276615 0.0360793 0.0449877 0.0537591 0.0615838 0.0676963 0.0715927 0.0730955 0.0722974 0.069482 0.0650538 0.0594618 0.0531253 0.0463911 0.0395316 0.0327671 0.0262927 0.0202958 0.0149581 0.0104373 0.00683455 0.00416325
 0.00939851 0.014926 0.0218339 0.0298708 0.0386988 0.0478189 0.0564897 0.0638307 0.0691038 0.0719481 0.0723961 0.0707313 0.0673448 0.0626556 0.0570646 0.0509188 0.0444929 0.0379963 0.0315985 0.0254571 0.0197367 0.0146098 0.0102368 0.00672878 0.0041127
 0.00940456 0.0150421 0.0222038 0.0306897 0.0401585 0.0500189 0.0593556 0.0670853 0.0723136 0.0746265 0.0741258 0.0712671 0.0666676 0.0609593 0.0546836 0.0482274 0.0418193 0.0355753 0.0295633 0.0238542 0.0185498 0.0137839 0.00969784 0.00640033 0.00392671
 0.00900961 0.0144529 0.0214237 0.0297798 0.0392495 0.0493131 0.0591051 0.0675329 0.0735955 0.0766789 0.0766539 0.0738141 0.0687574 0.0622466 0.0550432 0.0477552 0.0407616 0.0342297 0.0281928 0.0226401 0.0175827 0.0130805 0.00922759 0.0061108 0.00376274
 0.00893087 0.0142882 0.0211106 0.0292446 0.0384358 0.0482248 0.0578459 0.0663146 0.0727015 0.0763854 0.0771353 0.0750652 0.0705691 0.0642564 0.05685 0.0490494 0.0414112 0.0342877 0.0278365 0.0220835 0.0170051 0.0125919 0.00887005 0.00587878 0.0036277
 0.0088417 0.0141445 0.0208937 0.0289306 0.0379917 0.0476093 0.0570226 0.0652799 0.0715208 0.075216 0.0762122 0.0746374 0.0708062 0.0651682 0.0582632 0.0506625 0.0429015 0.0354208 0.0285252 0.0223772 0.017031 0.0124869 0.00873529 0.00576727 0.00355434
 0.00888044 0.0142008 0.0209657 0.0290101 0.038064 0.047652 0.0570035 0.0651575 0.0712503 0.0747686 0.0756021 0.0739463 0.0701819 0.0647827 0.0582433 0.0510256 0.0435408 0.0361498 0.0291596 0.0228048 0.0172351 0.0125216 0.00867983 0.00568725 0.00348641
 0.00906102 0.0144673 0.0213159 0.0294237 0.0385066 0.0480831 0.0573823 0.065444 0.0714049 0.0747535 0.0753894 0.0735312 0.0695989 0.0641152 0.0576123 0.050553 0.0433005 0.0361357 0.0292928 0.0229774 0.0173617 0.0125683 0.00865904 0.00563288 0.00342929
 0.00886612 0.0142066 0.0210263 0.0291717 0.0383664 0.0481036 0.0575629 0.0657342 0.0717278 0.0750369 0.0755847 0.0736159 0.0695704 0.0639876 0.0574191 0.0503484 0.0431471 0.0360804 0.0293442 0.0231026 0.017506 0.0126844 0.00872585 0.00565538 0.00342543
 0.00878674 0.0140705 0.0208122 0.0288647 0.0379727 0.0476667 0.0571676 0.0654861 0.0717106 0.0752689 0.0760053 0.0741116 0.070023 0.064316 0.0575959 0.0503939 0.0431114 0.0360221 0.0293098 0.0231124 0.0175524 0.0127437 0.00877548 0.00568452 0.00343572
 0.00883372 0.0141262 0.0208569 0.0288651 0.0378883 0.0474635 0.0568339 0.065047 0.0712322 0.0748476 0.0757393 0.0740632 0.070191 0.0646363 0.0579721 0.0507385 0.0433757 0.036201 0.0294272 0.0231986 0.0176276 0.0128131 0.00883417 0.00572691 0.00346087
 0.00883698 0.0141451 0.0209087 0.0289697 0.0380575 0.0476863 0.0570682 0.0652259 0.0712883 0.0747442 0.0754917 0.0737364 0.0698743 0.0644062 0.0578627 0.0507356 0.043434 0.036273 0.0294837 0.0232336 0.0176487 0.0128293 0.00884933 0.00574026 0.00347049
 0.00882627 0.0141206 0.0208602 0.028887 0.0379375 0.0475405 0.056925 0.0651212 0.0712467 0.0747622 0.0755374 0.0737687 0.0698692 0.0643717 0.0578318 0.0507435 0.0434963 0.0363795 0.0296088 0.0233519 0.0177456 0.0129015 0.00890021 0.00577452 0.00349219
 0.00886957 0.0141936 0.0209739 0.0290503 0.0381521 0.047795 0.057192 0.0653633 0.071429 0.0748648 0.0755576 0.0737138 0.0697468 0.0641887 0.0576014 0.0504906 0.0432537 0.036176 0.0294583 0.023252 0.0176843 0.0128654 0.00887927 0.00576265 0.0034858
 0.00871492 0.0139583 0.0206506 0.0286457 0.0376872 0.0473048 0.0567234 0.0649689 0.0711566 0.0747449 0.0755965 0.0738952 0.0700388 0.0645515 0.0579935 0.0508752 0.0436053 0.0364829 0.0297196 0.0234709 0.0178633 0.0130058 0.00898274 0.00583334 0.00353018
 0.00875365 0.0140048 0.0206904 0.0286556 0.0376425 0.0471899 0.0565409 0.0647413 0.0709197 0.0745366 0.0754466 0.0738194 0.0700384 0.0646158 0.0581047 0.0510131 0.0437509 0.0366218 0.0298434 0.0235769 0.0179514 0.0130767 0.00903718 0.00587235 0.00355585
 0.00878278 0.0140476 0.0207452 0.0287155 0.0376937 0.0472119 0.0565095 0.0646357 0.0707332 0.0742851 0.0751689 0.0735662 0.0698553 0.0645291 0.0581164 0.0511053 0.0438954 0.0367895 0.0300105 0.0237274 0.0180774 0.0131758 0.0091106 0.00592335 0.00358874
 0.00881744 0.0141168 0.0208724 0.028928 0.0380136 0.0476413 0.0570182 0.0651598 0.0711881 0.0745889 0.0752663 0.0734443 0.0695462 0.0640981 0.0576409 0.050653 0.0435102 0.0364886 0.0297909 0.0235755 0.0179769 0.0131123 0.0090725 0.005902 0.00357774
 0.00878187 0.0140529 0.020767 0.0287697 0.0378014 0.0473945 0.056781 0.0649919 0.071142 0.0746845 0.0754789 0.0737139 0.0698029 0.0642897 0.0577481 0.0506884 0.0435041 0.0364723 0.0297849 0.0235865 0.0180012 0.0131421 0.00910105 0.00592508 0.0035941
 0.00905238 0.0144482 0.0212783 0.0293579 0.038405 0.0479456 0.0572204 0.0652804 0.0712661 0.0746583 0.0753368 0.0734954 0.0695359 0.0639841 0.0574028 0.0503052 0.0430983 0.0360718 0.029421 0.0232829 0.0177684 0.0129772 0.0089926 0.00585883 0.00355653
 0.0094988 0.0151398 0.0222526 0.0306195 0.0399163 0.0496189 0.0589132 0.0668071 0.0724344 0.0753199 0.0754281 0.0730471 0.0686522 0.0628052 0.0560683 0.0489315 0.0417716 0.0348529 0.0283519 0.0223904 0.017063 0.0124527 0.0086276 0.00562234 0.00341459
 0.00986347 0.0157061 0.023055 0.0316712 0.0412065 0.0511079 0.0605246 0.0684218 0.0738983 0.0764667 0.0761127 0.0731795 0.0682205 0.0618783 0.0547773 0.0474349 0.0402212 0.0333706 0.0270223 0.0212632 0.0161593 0.0117698 0.00814424 0.00530393 0.00322068
 0.00994478 0.0158557 0.0233123 0.0320829 0.0418149 0.0519328 0.0615465 0.0695768 0.0750877 0.0775754 0.0770261 0.0737963 0.0684649 0.0617144 0.054221 0.046556 0.0391298 0.0321925 0.0258735 0.020232 0.0152994 0.0111018 0.00766131 0.00498037 0.00302084
 0.00972191 0.015568 0.023018 0.0318849 0.0418362 0.0522745 0.06225 0.0706069 0.0763419 0.0789083 0.0782787 0.074823 0.0691551 0.0620063 0.0541053 0.0460725 0.0383584 0.03124 0.0248561 0.0192557 0.0144439 0.0104125 0.00714963 0.00463072 0.00280161
#obs surv len freq
 nan nan nan nan nan nan nan nan nan nan nan nan nan nan nan nan nan nan nan nan nan nan nan nan nan
 0.00448621 0.00734814 0.0111785 0.0159948 0.0216948 0.0279693 0.0342822 0.0400123 0.0446912 0.0481547 0.0505126 0.0520087 0.0529012 0.0534139 0.0537285 0.0539836 0.0542623 0.0545552 0.054694 0.0542859 0.052724 0.0493562 0.043806 0.036286 0.0276697
 0.0046207 0.00756921 0.0115153 0.0164747 0.0223366 0.0287725 0.0352168 0.0410166 0.0456804 0.0490385 0.0512126 0.0524697 0.0530963 0.0533438 0.0534167 0.0534686 0.0535884 0.0537658 0.0538286 0.053382 0.051821 0.048498 0.0430382 0.0356474 0.0271816
 0.00477373 0.00782113 0.0119004 0.0170273 0.0230845 0.0297263 0.0363583 0.0422928 0.0470078 0.0503159 0.0523361 0.0533459 0.0536535 0.0535398 0.0532426 0.0529466 0.0527644 0.0526998 0.0525876 0.0520366 0.0504465 0.0471748 0.0418461 0.0346522 0.0264196
 0.00497101 0.00814112 0.0123808 0.0177031 0.0239821 0.0308539 0.037695 0.0437838 0.0485699 0.05185 0.0537394 0.0545205 0.0545114 0.0540098 0.0532774 0.05253 0.0519139 0.0514648 0.0510444 0.0502837 0.0486 0.0453627 0.0401945 0.033264 0.0253527
 0.00518152 0.00848781 0.0129107 0.0184624 0.0250067 0.0321545 0.0392429 0.0455068 0.0503643 0.0536013 0.0553403 0.0558781 0.0555464 0.0546535 0.0534724 0.0522349 0.0511124 0.0501745 0.0493243 0.0482367 0.0463702 0.0431224 0.0381205 0.0315034 0.0239913
 0.00539813 0.00884398 0.0134545 0.0192419 0.0260615 0.0335018 0.0408624 0.0473336 0.0522961 0.0555167 0.0571176 0.0574085 0.0567402 0.0554394 0.0537946 0.0520494 0.0503895 0.0489087 0.0475492 0.0460407 0.0439029 0.0405838 0.0357287 0.0294478 0.0223885
 0.00565614 0.00926024 0.0140753 0.0201089 0.0272051 0.0349302 0.0425494 0.0492136 0.054271 0.0574726 0.0589403 0.0589936 0.0579967 0.0562915 0.0541809 0.0519215 0.0497118 0.0476643 0.0457552 0.0437689 0.0412959 0.037851 0.0331138 0.0271733 0.0205988
 0.00589002 0.00965076 0.0146816 0.0209914 0.0284115 0.0364747 0.0443937 0.0512628 0.0563928 0.0595268 0.0608045 0.0605726 0.0592192 0.0571018 0.0545318 0.0517711 0.0490237 0.0464149 0.0439497 0.0414647 0.0386237 0.0350179 0.0303732 0.0247659 0.0186891
 0.00614128 0.0100567 0.0152886 0.021843 0.0295427 0.0379016 0.0460994 0.0531886 0.0584392 0.0615673 0.0627047 0.062209 0.0604929 0.0579442 0.0548996 0.0516359 0.0483631 0.0452125 0.0422086 0.0392323 0.036017 0.0322316 0.027655 0.0223591 0.0167662
 0.00637068 0.0104381 0.0158777 0.0226956 0.030702 0.039379 0.0478575 0.0551386 0.0604586 0.0635274 0.0644915 0.0637289 0.0616703 0.0587173 0.0552209 0.0514715 0.0476913 0.044023 0.0405097 0.0370702 0.0334993 0.0295386 0.02502 0.0200164 0.0148861
 0.00661168 0.0108296 0.016467 0.0235273 0.031811 0.040778 0.0495222 0.0569998 0.0624084 0.0654367 0.0662319 0.0651907 0.0627718 0.0594056 0.0554648 0.0512532 0.0469989 0.0428518 0.0388709 0.0350086 0.031115 0.0269969 0.0225353 0.0178052 0.0131079
 0.00685343 0.0112272 0.0170733 0.0243931 0.0329732 0.0422424 0.0512472 0.0588932 0.0643436 0.0672798 0.0678639 0.0665183 0.0637278 0.0599464 0.0555674 0.05091 0.0462124 0.041631 0.0372368 0.0330087 0.0288427 0.0246018 0.0202099 0.0157436 0.0114528
 0.00702435 0.0115132 0.017519 0.0250457 0.0338739 0.0434112 0.0526674 0.0605041 0.0660467 0.0689568 0.0693962 0.0678024 0.0646845 0.0605235 0.0557369 0.0506626 0.0455517 0.04057 0.0358014 0.0312482 0.0268447 0.0225 0.0181725 0.0139389 0.0100041
 0.00726841 0.0119054 0.0181006 0.0258518 0.0349264 0.0447084 0.0541728 0.0621423 0.0677128 0.0705349 0.0707783 0.0688999 0.0654337 0.0608864 0.0556998 0.0502306 0.0447425 0.0394101 0.0343269 0.0295135 0.024934 0.0205334 0.0162962 0.0122956 0.00869535
 0.00744853 0.0122065 0.0185684 0.0265324 0.0358547 0.0458909 0.0555719 0.063674 0.0692625 0.0719835 0.072024 0.0698683 0.0660766 0.0611778 0.0556308 0.0498071 0.0439818 0.0383393 0.0329846 0.0279548 0.0232381 0.0188074 0.014665 0.010878 0.00757305
 0.00754113 0.0123573 0.0187969 0.0268597 0.036303 0.0464803 0.0563137 0.0645629 0.0702694 0.073053 0.0730794 0.0708233 0.06685 0.0617055 0.0558716 0.0497412 0.0436079 0.0376717 0.032053 0.0268081 0.0219483 0.0174692 0.0133868 0.00976066 0.00668577
 0.00757877 0.0124183 0.0188889 0.0269905 0.0364809 0.0467139 0.0566118 0.0649339 0.0707206 0.0735875 0.0736899 0.071484 0.0675136 0.0623068 0.0563396 0.0500126 0.0436384 0.0374412 0.0315675 0.0261002 0.0210771 0.0165171 0.0124484 0.00892456 0.00601394
 0.00765703 0.0125314 0.019033 0.0271538 0.0366479 0.046872 0.0567572 0.0650731 0.0708682 0.0737624 0.0739102 0.071762 0.0678488 0.0626799 0.0567103 0.0503244 0.0438301 0.0374612 0.0313869 0.0257205 0.0205331 0.0158717 0.0117808 0.00831181 0.00551235
 0.0077247 0.0126405 0.0191946 0.0273748 0.0369263 0.0471923 0.0570878 0.0653719 0.0710964 0.0739005 0.0739664 0.0717679 0.0678447 0.0626989 0.056765 0.0504021 0.0438954 0.0374667 0.0312882 0.0254922 0.020179 0.0154269 0.0113017 0.00785969 0.00513527
 0.00777895 0.012721 0.0193017 0.0275048 0.0370736 0.0473523 0.0572573 0.0655468 0.0712677 0.0740524 0.074081 0.0718333 0.067863 0.0626865 0.0567455 0.0503934 0.0438984 0.0374626 0.0312453 0.0253799 0.0199829 0.0151572 0.0109914 0.00755266 0.00487035
 0.00782396 0.0127928 0.0194067 0.0276466 0.0372512 0.0475572 0.0574732 0.0657516 0.0714402 0.0741789 0.074157 0.0718615 0.0678489 0.0626374 0.0566712 0.0503065 0.0438103 0.0373767 0.0311533 0.0252655 0.0198314 0.0149661 0.0107749 0.00733639 0.00468074
 0.00787768 0.0128719 0.0195105 0.0277698 0.0373856 0.047695 0.0576086 0.0658805 0.0715575 0.0742775 0.0742289 0.0719004 0.0678526 0.0626082 0.0566151 0.0502313 0.043724 0.037285 0.0310574 0.0251611 0.0197118 0.0148285 0.0106247 0.0071874 0.00454906
 0.00787895 0.0128792 0.019531 0.027812 0.0374563 0.0477946 0.057728 0.0660032 0.0716658 0.0743599 0.0742831 0.0719303 0.0678638 0.0626041 0.0565966 0.0501985 0.0436782 0.0372283 0.0309916 0.0250863 0.0196269 0.0147332 0.0105229 0.00708703 0.00445998
 0.00786989 0.0128587 0.0194901 0.027741 0.0373493 0.0476559 0.0575757 0.0658659 0.0715729 0.0743295 0.0743168 0.072016 0.0679832 0.0627393 0.0567334 0.0503261 0.0437885 0.0373159 0.0310532 0.0251207 0.0196348 0.0147174 0.0104887 0.00704262 0.00441446
 0.00788946 0.0128836 0.0195143 0.0277539 0.037337 0.0476057 0.0574805 0.0657284 0.0714081 0.0741634 0.0741801 0.0719351 0.0679712 0.062793 0.0568365 0.0504568 0.0439257 0.0374431 0.0311593 0.0251997 0.0196847 0.01474 0.0104891 0.00702815 0.00439326
 0.007896 0.0128923 0.0195238 0.0277606 0.0373355 0.0475885 0.0574394 0.0656562 0.0713019 0.0740281 0.0740309 0.0717952 0.0678666 0.0627447 0.056853 0.0505322 0.0440426 0.037579 0.031293 0.0253152 0.0197731 0.0147988 0.0105212 0.00703984 0.0043923
 0.00790915 0.0129111 0.019547 0.0277853 0.0373576 0.0476031 0.0574419 0.0656422 0.0712673 0.07397 0.0739492 0.071695 0.0677597 0.0626481 0.0567853 0.0505071 0.0440638 0.0376393 0.0313769 0.0254048 0.0198531 0.0148602 0.0105612 0.00706122 0.0044004
 0.00791137 0.0129136 0.0195487 0.0277843 0.0373515 0.0475898 0.05742 0.0656116 0.0712289 0.0739255 0.0739004 0.0716436 0.0677077 0.0625993 0.0567461 0.0504859 0.0440684 0.0376729 0.0314357 0.0254785 0.0199286 0.0149259 0.0106107 0.00709322 0.00441792
 0.00788139 0.0128666 0.0194814 0.0276953 0.0372417 0.0474634 0.0572851 0.0654799 0.0711137 0.0738388 0.0738495 0.0716307 0.0677294 0.0626489 0.0568159 0.0505697 0.0441629 0.0377764 0.031546 0.0255908 0.0200354 0.0150188 0.0106837 0.00714459 0.00444999
 0.00784697 0.0128073 0.0193862 0.0275531 0.037045 0.0472138 0.0569978 0.0651834 0.0708437 0.0736288 0.0737226 0.0715958 0.0677826 0.0627761 0.0569973 0.0507841 0.0443912 0.0380039 0.0317624 0.0257886 0.0202084 0.0151621 0.0107944 0.00722334 0.00450092
 0.00782621 0.0127708 0.0193262 0.02746 0.0369095 0.0470297 0.0567658 0.0649141 0.0705582 0.0733562 0.0734957 0.071444 0.067725 0.0628175 0.0571278 0.0509833 0.0446334 0.0382638 0.0320187 0.0260252 0.0204145 0.0153315 0.0109248 0.00731631 0.00456179
 0.00781225 0.0127469 0.0192879 0.0274019 0.0368259 0.046916 0.0566199 0.0647377 0.0703578 0.0731436 0.073288 0.0712628 0.0675936 0.0627559 0.0571475 0.0510833 0.0448008 0.0384768 0.032252 0.0262556 0.0206235 0.0155071 0.0110616 0.0074148 0.00462687
 0.00777505 0.0126879 0.0192018 0.0272851 0.0366773 0.0467381 0.0564199 0.0645277 0.0701523 0.0729566 0.073131 0.0711444 0.0675213 0.0627369 0.0571884 0.0511876 0.0449652 0.0386897 0.0324942 0.0265039 0.0208561 0.015707 0.0112197 0.00752968 0.00470323
 0.0077447 0.0126361 0.0191195 0.0271631 0.0365089 0.0465231 0.0561683 0.0642594 0.0698935 0.0727325 0.0729606 0.0710378 0.0674808 0.0627598 0.05727 0.0513227 0.0451479 0.0389114 0.0327418 0.0267595 0.0210998 0.015921 0.0113923 0.00765696 0.00478882
 0.00934471 0.0148752 0.0218207 0.0299378 0.0388695 0.0480633 0.0567056 0.0638631 0.0688031 0.0712375 0.0713103 0.0694063 0.0659711 0.0614234 0.0561257 0.0503709 0.0443799 0.0383138 0.0322979 0.0264487 0.0208975 0.0158007 0.0113282 0.0076274 0.00477776
 0.00932434 0.01514 0.0227442 0.0319835 0.0423893 0.0530244 0.0625176 0.069474 0.0730724 0.0733857 0.0711763 0.0673898 0.0627568 0.057688 0.0523693 0.0468883 0.04131 0.0357034 0.030147 0.0247343 0.0195826 0.0148371 0.010659 0.00719062 0.00451206
 0.00897884 0.0145964 0.0219817 0.0310525 0.0414656 0.0524459 0.062744 0.0709227 0.0758691 0.0771784 0.0751784 0.0706788 0.0646588 0.0580117 0.0513758 0.0450747 0.0391745 0.0336092 0.0282983 0.0232141 0.0184013 0.0139672 0.0100539 0.0067958 0.00427227
 0.00880626 0.0143025 0.0215157 0.0303625 0.0405184 0.0512629 0.061445 0.069754 0.0751818 0.0773306 0.0763765 0.072829 0.067335 0.0605942 0.0533018 0.0460525 0.0392412 0.0330301 0.0274035 0.0222733 0.0175765 0.0133243 0.00959646 0.00649565 0.00409048
 0.00870397 0.0141357 0.0212627 0.0299999 0.0400225 0.0506146 0.060641 0.0688251 0.0742142 0.0764815 0.0758631 0.0728739 0.0680675 0.0619561 0.0550244 0.0477438 0.0405452 0.0337626 0.027588 0.0220756 0.0171991 0.012927 0.00926728 0.0062619 0.00394331
 0.00870878 0.0141332 0.0212392 0.0299355 0.0398937 0.0504003 0.0603277 0.0684093 0.0737047 0.0759056 0.0752791 0.0723815 0.0678004 0.062041 0.0555161 0.0485732 0.0415241 0.034656 0.0282142 0.0223721 0.0172194 0.0127847 0.00907337 0.00608825 0.0038185
 0.00870318 0.0141281 0.0212382 0.029942 0.0399078 0.0504133 0.0603201 0.0683533 0.0735723 0.0756797 0.0749629 0.0720048 0.0674223 0.0617457 0.0553938 0.048685 0.0418648 0.0351423 0.0287141 0.0227632 0.017439 0.0128427 0.00902636 0.00600043 0.00373485
 0.00869604 0.0141165 0.0212211 0.0299194 0.039881 0.050386 0.0602969 0.0683366 0.0735579 0.0756539 0.0749052 0.071897 0.0672607 0.0615509 0.0552118 0.0485751 0.0418756 0.0352855 0.0289533 0.0230277 0.0176575 0.0129746 0.00907216 0.00598838 0.00369895
 0.00867512 0.0140854 0.0211797 0.0298693 0.0398255 0.0503289 0.0602423 0.0682891 0.0735218 0.0756315 0.0748947 0.07189 0.0672445 0.0615148 0.0551562 0.0485167 0.0418442 0.0353095 0.0290429 0.0231656 0.0178069 0.0130979 0.00914863 0.00601929 0.00369966
 0.00865788 0.0140569 0.0211363 0.0298078 0.0397449 0.050232 0.0601369 0.0681873 0.073437 0.0755745 0.0748701 0.071896 0.0672731 0.0615546 0.0551957 0.0485502 0.0418748 0.0353489 0.0291034 0.0232509 0.0179071 0.0131942 0.00922371 0.00606551 0.0037204
 0.00864957 0.0140414 0.0211091 0.0297639 0.0396794 0.0501428 0.0600268 0.0680647 0.0733149 0.0754681 0.0747931 0.0718575 0.0672755 0.0615931 0.0552601 0.0486281 0.0419565 0.0354301 0.0291851 0.0233354 0.0179934 0.0132759 0.00929193 0.00611429 0.00374938
 0.00865536 0.0140509 0.0211236 0.0297836 0.039703 0.0501662 0.0600427 0.0680642 0.0732905 0.0754174 0.074721 0.0717752 0.0671973 0.0615316 0.0552228 0.0486161 0.041966 0.0354552 0.0292207 0.0233783 0.0180405 0.0133234 0.00933471 0.00614787 0.00377188
 0.00863966 0.0140288 0.0210966 0.0297555 0.0396787 0.0501502 0.0600373 0.0680686 0.0733006 0.0754266 0.0747224 0.0717642 0.067174 0.0615011 0.0551936 0.0485966 0.0419614 0.0354665 0.0292455 0.0234123 0.0180792 0.0133624 0.00936996 0.00617627 0.00379201
 0.00863741 0.0140218 0.02108 0.0297236 0.0396273 0.0500797 0.0599552 0.0679882 0.0732369 0.0753902 0.0747157 0.0717817 0.0672055 0.0615365 0.0552268 0.0486264 0.0419902 0.0354979 0.0292814 0.0234524 0.0181211 0.0134026 0.00940526 0.00620435 0.00381206
 0.00860724 0.0139792 0.0210278 0.0296676 0.039574 0.050033 0.0599143 0.0679492 0.0731966 0.0753504 0.0746834 0.0717656 0.0672115 0.0615643 0.0552705 0.0486779 0.0420431 0.0355487 0.0293297 0.0234984 0.0181645 0.0134421 0.00943903 0.00623094 0.00383108
 0.00860724 0.0139792 0.0210278 0.0296676 0.039574 0.050033 0.0599143 0.0679492 0.0731966 0.0753504 0.0746834 0.0717656 0.0672115 0.0615643 0.0552705 0.0486779 0.0420431 0.0355487 0.0293297 0.0234984 0.0181645 0.0134421 0.00943903 0.00623094 0.00383108
 0.00865189 0.014044 0.0211111 0.0297633 0.0396738 0.0501292 0.0600016 0.068024 0.0732541 0.0753831 0.0746835 0.0717288 0.0671405 0.0614695 0.0551656 0.0485756 0.0419518 0.0354723 0.0292693 0.0234539 0.0181348 0.013425 0.00943148 0.00622941 0.00383246
 0.00874435 0.0141965 0.0213431 0.0300909 0.040102 0.0506424 0.0605571 0.0685555 0.0736888 0.0756627 0.0747791 0.0716431 0.0669003 0.0611145 0.0547405 0.0481237 0.04151 0.0350686 0.0289211 0.0231691 0.017914 0.0132633 0.00932037 0.00615834 0.00379047
 0.00870296 0.0141425 0.0212873 0.0300533 0.0401085 0.0507183 0.0607192 0.0688049 0.0740068 0.0760114 0.0751075 0.0719002 0.0670483 0.0611384 0.054649 0.0479428 0.0412743 0.034813 0.0286745 0.022952 0.0177372 0.0131296 0.00922655 0.00609743 0.00375409
 0.00879137 0.0142723 0.0214572 0.0302541 0.0403276 0.0509454 0.0609503 0.0690412 0.0742488 0.0762524 0.07533 0.0720765 0.0671472 0.0611345 0.0545315 0.04772 0.0409719 0.0344671 0.0283234 0.0226279 0.0174623 0.0129141 0.00907026 0.00599282 0.0036897
 0.00904849 0.014688 0.0220754 0.0311063 0.0414168 0.0522271 0.0623193 0.0703416 0.0753124 0.0769476 0.0755969 0.0719293 0.0666522 0.0603797 0.0536043 0.0466978 0.0399211 0.0334453 0.0273801 0.0218021 0.0167795 0.0123835 0.00868486 0.00573276 0.00352769
 0.00915217 0.0148753 0.0223917 0.0316046 0.0421441 0.0532022 0.0635108 0.071659 0.0766161 0.0780778 0.0764081 0.0723233 0.0665966 0.0599104 0.0528083 0.0456864 0.038805 0.0323194 0.0263187 0.0208593 0.0159896 0.0117617 0.00822756 0.00542059 0.0033312
 0.00910604 0.0148086 0.0223089 0.0315205 0.0420877 0.0532173 0.0636523 0.0719793 0.0771438 0.0787948 0.0772397 0.0731499 0.0672848 0.0603505 0.0529426 0.0455188 0.0383904 0.0317419 0.025668 0.0202141 0.0154087 0.011281 0.00786096 0.00516338 0.00316586
 0.00922367 0.0149808 0.0225327 0.031781 0.0423623 0.0534842 0.063898 0.0722036 0.0773595 0.0790233 0.0775003 0.0734442 0.0675861 0.0606038 0.0530809 0.0454876 0.038169 0.0313512 0.0251622 0.0196633 0.0148794 0.0108226 0.00749991 0.00490409 0.00299622
#pred catch len freq
 0.00338002 0.00543455 0.00810169 0.0113966 0.0153501 0.0199735 0.0251942 0.0308276 0.0366085 0.0422456 0.0474687 0.0520662 0.0559125 0.0589662 0.0612335 0.0627229 0.0634169 0.0632614 0.0621542 0.0599218 0.0563138 0.0510782 0.0441469 0.0358489 0.0269753
 0.00366351 0.00582969 0.00857887 0.011898 0.0158195 0.0203954 0.0256121 0.0313192 0.0372232 0.0429431 0.0481013 0.0524244 0.055812 0.0583332 0.0601483 0.0614035 0.062149 0.0622996 0.0616329 0.0598145 0.0564631 0.0512811 0.0442493 0.0357975 0.0268078
 0.00380776 0.0060897 0.00901244 0.012562 0.0167425 0.0215444 0.0268786 0.0325475 0.0382748 0.0437538 0.0486836 0.0528088 0.0559779 0.0581922 0.0595997 0.0604222 0.0608387 0.0608717 0.0603211 0.0587772 0.0557313 0.0507784 0.0438626 0.0354469 0.0264739
 0.00398696 0.00636748 0.00941035 0.0131042 0.0174659 0.0225039 0.0281321 0.0341152 0.0400913 0.0456481 0.050415 0.0541475 0.0567772 0.0584048 0.0592419 0.0595351 0.0594878 0.059174 0.0584538 0.0569401 0.0540834 0.0493971 0.0427498 0.0345691 0.025798
 0.00421131 0.00671925 0.00991592 0.0137808 0.0183218 0.0235404 0.029346 0.035502 0.0416451 0.047348 0.0521961 0.0558741 0.0582479 0.0594004 0.0595919 0.0591636 0.0584206 0.0575217 0.0563902 0.0546781 0.0518401 0.0473523 0.0410179 0.0331962 0.0247781
 0.00443005 0.00707136 0.0104402 0.0145131 0.0192914 0.0247616 0.0308078 0.0371613 0.0434299 0.049171 0.0539693 0.0575134 0.0596627 0.0604775 0.0601934 0.0591518 0.0577033 0.056094 0.0543523 0.0522226 0.0492152 0.0448112 0.0387692 0.0313699 0.0234164
 0.00468898 0.00748011 0.0110346 0.0153237 0.0203445 0.0260783 0.0323953 0.0389991 0.0454573 0.0512838 0.0560302 0.0593744 0.0611906 0.0615672 0.0607629 0.0591287 0.0570221 0.0547183 0.0523124 0.0496458 0.046325 0.0418882 0.0360879 0.0291354 0.0217256
 0.0049628 0.00791221 0.0116619 0.0161757 0.021443 0.027436 0.0340091 0.0408424 0.0474748 0.0533901 0.0581123 0.0612983 0.0628144 0.0627586 0.0614147 0.0591637 0.0563906 0.0533982 0.0503257 0.047087 0.0433814 0.0388275 0.0332052 0.0266788 0.0198357
 0.00520981 0.00830774 0.0122471 0.016988 0.0225134 0.0287826 0.0356274 0.0426959 0.0494933 0.0554751 0.0601474 0.0631601 0.0643816 0.0639201 0.062074 0.0592422 0.0558313 0.0521721 0.0484462 0.0446326 0.0405161 0.0357984 0.030302 0.0241632 0.0178724
 0.00544658 0.00868631 0.0128067 0.0177652 0.0235413 0.0300859 0.0372119 0.0445363 0.0515244 0.0575923 0.0622166 0.0650357 0.0659279 0.0650268 0.0626613 0.0592562 0.0552367 0.0509521 0.0466145 0.0422569 0.0377409 0.032849 0.0274519 0.0216697 0.0159071
 0.00571465 0.0091073 0.0134141 0.0185845 0.0245906 0.0313755 0.0387389 0.0462754 0.0534208 0.0595597 0.0641414 0.0667876 0.0673758 0.0660559 0.0631855 0.0592218 0.0546179 0.0497464 0.0448463 0.0399937 0.035114 0.0300606 0.024751 0.0192955 0.0140248
 0.00599581 0.00955103 0.014058 0.019457 0.0257097 0.0327449 0.0403403 0.0480616 0.0553144 0.0614599 0.0659347 0.0683591 0.0686196 0.0668837 0.0635322 0.0590466 0.0539036 0.0484982 0.0430956 0.0378098 0.03262 0.027439 0.022224 0.0170772 0.0122641
 0.00615738 0.00982423 0.0144894 0.0200987 0.0266106 0.0339362 0.041818 0.0497764 0.0571738 0.0633413 0.0677036 0.0698871 0.0697996 0.0676389 0.063817 0.0588415 0.0532082 0.0473276 0.0414852 0.0358261 0.0303747 0.0250932 0.0199712 0.0151029 0.0106971
 0.00637823 0.0101665 0.0149757 0.0207457 0.0274347 0.034958 0.0430585 0.0512404 0.0588285 0.0651013 0.0694336 0.0714263 0.0709974 0.0683855 0.0640573 0.0585692 0.0524499 0.0461287 0.0399036 0.0339389 0.028289 0.0229519 0.0179401 0.0133377 0.00930347
 0.00669239 0.0106493 0.0156505 0.021616 0.0284861 0.0361622 0.0443754 0.0526206 0.0602179 0.0664458 0.070678 0.072507 0.0718378 0.0689028 0.0641799 0.0582562 0.0516996 0.0449755 0.0384094 0.0321879 0.0263886 0.0210325 0.0161437 0.0117925 0.00809261
 0.00701697 0.011154 0.0163675 0.0225604 0.0296544 0.03753 0.0458922 0.0542056 0.0617656 0.0678425 0.0718235 0.0733311 0.0723057 0.0690079 0.0639304 0.0576646 0.0507817 0.0437568 0.0369343 0.0305247 0.0246311 0.0192945 0.0145453 0.010437 0.00704234
