SBPRF35
7.78865
Curr Bio
521435
B35
673665
F35
0.225271
FOFL
0.181588
OFL
76514.4
Bzero
2.22533e+006
#pred survey bio
 4.55079e+006 4.24874e+006 3.98139e+006 3.68146e+006 3.37472e+006 3.04973e+006 2.75444e+006 2.41927e+006 2.13515e+006 1.8777e+006 1.65371e+006 1.47766e+006 1.32422e+006 1.19042e+006 1.03156e+006 918704 816166 754416 721476 686898 643488 624744 618331 604144 590964 578708 572987 574081 565984 568232 564991 559943 552782 540346 527148 514087 500068 497764 495706 502334 507072 497835 504443 517180 524127 533849 542495 552058 557343 563559 569465 573582 563292 557861 543264 543605 514814 485180 469203 476892 504335 520399 1.91909e+007 1.18658e+007 1.23297e+007 1.30569e+007 1.3897e+007 1.46997e+007 1.539e+007 1.59457e+007 1.6374e+007 1.66947e+007 1.69305e+007 1.7102e+007 1.72261e+007 1.73159e+007 1.73809e+007 1.74282e+007 1.74629e+007 1.74884e+007 1.75073e+007 1.75214e+007 1.7532e+007 1.754e+007 1.7546e+007 1.75506e+007 1.75541e+007 1.75568e+007 1.75588e+007 1.75604e+007 1.75616e+007 1.75625e+007 1.75632e+007 1.75638e+007 1.75642e+007 1.75645e+007 1.75648e+007 1.7565e+007 1.75651e+007 1.75652e+007 1.75653e+007 1.75654e+007 1.75655e+007 1.75655e+007 1.75655e+007 1.75656e+007 1.75656e+007 1.75656e+007 1.75656e+007 1.75656e+007 1.75656e+007 1.75656e+007 1.75656e+007 1.75656e+007 1.75656e+007 1.75656e+007 1.75656e+007 1.75656e+007 1.75656e+007 1.75656e+007 1.75656e+007 1.75656e+007 1.75656e+007 1.75656e+007 1.75656e+007 1.75656e+007 1.75656e+007 1.75656e+007 1.75656e+007 1.75656e+007 1.75656e+007 1.75656e+007 1.75656e+007 1.75656e+007 1.75656e+007 1.75656e+007 1.75656e+007 1.75656e+007 1.75656e+007 1.75656e+007 1.75656e+007 1.75656e+007 1.75656e+007 1.75656e+007 1.75656e+007 1.75656e+007 1.75656e+007 1.75656e+007 1.75656e+007 1.75656e+007 1.75656e+007 1.75656e+007 1.75656e+007 1.75656e+007 1.75656e+007 1.75656e+007 1.75656e+007 1.75656e+007 1.75656e+007 1.75656e+007 1.75656e+007 1.75656e+007 0 0 0 0 0 0 0 0 0 0 0 0 0 0 0 0 0 0 0 0 0 0 0 0 0
#obs survey bio
 5.19778e+006 3.45915e+006 2.67896e+006 3.57891e+006 2.77752e+006 2.84211e+006 1.97516e+006 2.41569e+006 1.50576e+006 1.67991e+006 1.46717e+006 1.05847e+006 975136 998212 921828 730803 957678 815710 661249 496070 614739 540046 485761 527835 488514 439237 599212 586287 632043 488344 605242 392338 547987 386296 564199 594709 422960 472676 797536 591403 508002 369538 606110 527591 405911 450106 404372 444784 755226 421693 776734 601256 617948 546289 567331 688257 462481 630028 435766 614244 525065 451412
#pred catch bio
 119496 107205 163552 200058 249621 255462 322487 303833 303437 293068 265883 257455 247080 270014 227587 214964 176078 149215 148523 152436 127898 115198 118925 114490 110772 103274 96098.8 102465 92805 96983.4 97501.2 97686 99505.6 96460.8 92135.3 91120.4 84326.6 88511.8 83207.6 85540.5 97244.4 84044.4 79894.8 85727 84361.4 86243.2 86547.1 91236 91269.5 92170 93912.3 105745 101356 108537 94845 117696 116436 104693 86202.4 72535.5 85522.2 78824.7 76514.4 95447.1 98117.1 102768 108778 114646 119619 123503 126374 128415 129823 130774 131404 131817 132084 132255 132364 132433 132477 132504 132521 132532 132539 132543 132545 132547 132548 132549 132549 132549 132549 132550 132550 132550 132550 132550 132550 132550 132550 132550 132550 132550 132550 132550 132550 132550 132550 132550 132550 132550 132550 132550 132550 132550 132550 132550 132550 132550 132550 132550 132550 132550 132550 132550 132550 132550 132550 132550 132550 132550 132550 132550 132550 132550 132550 132550 132550 132550 132550 132550 132550 132550 132550 132550 132550 132550 132550 132550 132550 132550 132550 132550 132550 132550 132550 132550 132550 132550 132550 132550 0 0 0 0 0 0 0 0 0 0 0 0 0 0 0 0 0 0 0 0 0 0 0 0 0
#obs catch bio
 0 106899 164427 201100 252357 257880 329567 308291 309240 299732 271670 264137 253752 278585 232194 219794 177980 150874 150191 155609 129190 116581 120416 115355 111177 104090 96461.6 102957 92893.7 97594 97913 98599.8 100363 97278.6 92765.5 90891.5 84523.5 89080.6 82923.7 84895.2 96947.8 83943.9 79833.4 85505.4 84403.1 86142.2 86382.1 91089.9 91111 92144.2 93447.7 105490 100826 108357 94007.5 116310 115268 103753 85902.9 71983.5 85345.6 78740
#pred cpue bio
 4.47812e+006 4.17904e+006 3.91337e+006 3.61428e+006 3.30901e+006 2.98562e+006 2.69177e+006 2.35915e+006 2.07722e+006 1.82166e+006 1.59942e+006 1.42475e+006 1.27283e+006 1.14107e+006 985759 875697 775979 716050 684152 650744 608977 591228 585483 572382 560231 548661 543303 544679 537055 539282 536218 531505 524923 513435 501424 489571 475518 471510 468470 475081 479989 471006 477289 489665 496361 505671 514002 523151 528128 534076 539817 543907 533876 528404 514247 514864 487086 457934 441851 449017 475512 490689 1.81114e+007 1.1212e+007 1.16096e+007 1.22461e+007 1.30534e+007 1.38488e+007 1.45378e+007 1.50932e+007 1.55215e+007 1.58422e+007 1.6078e+007 1.62495e+007 1.63736e+007 1.64634e+007 1.65284e+007 1.65757e+007 1.66104e+007 1.66359e+007 1.66548e+007 1.66689e+007 1.66795e+007 1.66874e+007 1.66935e+007 1.66981e+007 1.67016e+007 1.67042e+007 1.67063e+007 1.67079e+007 1.67091e+007 1.671e+007 1.67107e+007 1.67113e+007 1.67117e+007 1.6712e+007 1.67123e+007 1.67125e+007 1.67126e+007 1.67127e+007 1.67128e+007 1.67129e+007 1.67129e+007 1.6713e+007 1.6713e+007 1.6713e+007 1.67131e+007 1.67131e+007 1.67131e+007 1.67131e+007 1.67131e+007 1.67131e+007 1.67131e+007 1.67131e+007 1.67131e+007 1.67131e+007 1.67131e+007 1.67131e+007 1.67131e+007 1.67131e+007 1.67131e+007 1.67131e+007 1.67131e+007 1.67131e+007 1.67131e+007 1.67131e+007 1.67131e+007 1.67131e+007 1.67131e+007 1.67131e+007 1.67131e+007 1.67131e+007 1.67131e+007 1.67131e+007 1.67131e+007 1.67131e+007 1.67131e+007 1.67131e+007 1.67131e+007 1.67131e+007 1.67131e+007 1.67131e+007 1.67131e+007 1.67131e+007 1.67131e+007 1.67131e+007 1.67131e+007 1.67131e+007 1.67131e+007 1.67131e+007 1.67131e+007 1.67131e+007 1.67131e+007 1.67131e+007 1.67131e+007 1.67131e+007 1.67131e+007 1.67131e+007 1.67131e+007 1.67131e+007 1.67131e+007 1.67131e+007 0 0 0 0 0 0 0 0 0 0 0 0 0 0 0 0 0 0 0 0 0 0 0 0 0
#obs cpue bio
 3.36851e+006 2.36647e+006 3.06309e+006 3.08072e+006 2.45045e+006 2.60266e+006 1.91945e+006 3.38072e+006 1.93002e+006 1.3169e+006 1.3455e+006 1.22286e+006 1.14677e+006 1.17123e+006 1.14636e+006 841735 830320 469626 673511 487268 762233 454010 694237 753414 816676 469485 578500 557274 504231 437070 534145 464215 525695 627998 457124 860159 350494 405768 536633 580404 433041 483945 382731 640553 474133 718523 717784 687611 394804 646160 567721 507126 557057 519185 690637 656559 530820 400166 371921 454660 411378 433471
#pred surv len freq
 0.00465372 0.00751527 0.0112418 0.0158095 0.0211342 0.0270078 0.0330537 0.0387962 0.0438228 0.0479124 0.0510456 0.0533333 0.0549397 0.0560273 0.0567162 0.0570587 0.0570387 0.056585 0.0555699 0.0537824 0.050911 0.0466118 0.0407 0.0333824 0.0253503
 0.0050424 0.00806091 0.0119078 0.0165196 0.0218086 0.0276121 0.0336242 0.0394145 0.0445479 0.0487135 0.051783 0.0538055 0.0549719 0.0555517 0.0558061 0.0559048 0.0558799 0.0556233 0.0549017 0.053376 0.0506423 0.0463398 0.0403401 0.0329369 0.0248855
 0.00517896 0.00832852 0.0123889 0.0173032 0.022951 0.0290865 0.0352945 0.0410664 0.0459726 0.0497913 0.0525041 0.0542155 0.0550915 0.0553429 0.055209 0.0549097 0.0545745 0.0541762 0.053495 0.0521313 0.0495873 0.0454329 0.0395272 0.0321984 0.0242427
 0.00537946 0.00863517 0.0128198 0.0178765 0.0236979 0.0300602 0.036558 0.0426515 0.0478272 0.0517527 0.0543302 0.0556647 0.056001 0.0556542 0.054938 0.054106 0.0533098 0.0525588 0.0516747 0.0502724 0.0478258 0.0438503 0.0381586 0.0310579 0.0233393
 0.00561882 0.00901636 0.0133779 0.0186372 0.024672 0.0312389 0.0379114 0.0441372 0.0494039 0.0533834 0.0559635 0.0572042 0.0572953 0.0565261 0.0552393 0.0537617 0.0523307 0.0510302 0.0497379 0.0481046 0.0456138 0.0417611 0.0363176 0.0295411 0.0221757
 0.00586307 0.00941258 0.0139731 0.0194754 0.0257871 0.0326419 0.0395759 0.0459918 0.0513407 0.0552812 0.0577125 0.0587191 0.0585081 0.0573657 0.0556178 0.0535841 0.0515274 0.0495938 0.0477441 0.045709 0.0430271 0.0392116 0.0340094 0.0276195 0.0207082
 0.00602315 0.00968203 0.0143967 0.0201037 0.0266695 0.0338137 0.0410427 0.0477179 0.0532476 0.0572554 0.0596211 0.0604289 0.0599037 0.0583591 0.0561435 0.0535862 0.0509546 0.0484143 0.0459765 0.0434505 0.0404594 0.0365738 0.0315476 0.0255302 0.0190982
 0.00636154 0.0102073 0.0151423 0.0210887 0.0279013 0.0352909 0.0427514 0.0496222 0.0552815 0.0593208 0.0615944 0.0621749 0.0612938 0.0592887 0.0565401 0.0534069 0.0501769 0.0470325 0.0440146 0.0409887 0.037656 0.0336609 0.0287898 0.0231593 0.0172545
 0.00669915 0.0107438 0.0159264 0.0221559 0.0292671 0.0369403 0.0446298 0.0516367 0.0573175 0.0612664 0.0633561 0.0636771 0.0624691 0.0600696 0.0568609 0.0532101 0.0494215 0.0457007 0.0421232 0.0386069 0.0349252 0.0307956 0.026046 0.0207737 0.0153814
 0.00701398 0.0112514 0.0166828 0.0232112 0.0306571 0.0386721 0.0466643 0.0538792 0.0596249 0.0634718 0.0652996 0.0652321 0.0635558 0.0606522 0.0569313 0.0527693 0.0484675 0.0442321 0.0401557 0.0361991 0.0322013 0.0279511 0.023321 0.0183967 0.0135064
 0.00736169 0.0117975 0.0174701 0.0242702 0.0320043 0.0403075 0.0485622 0.0559779 0.0618229 0.0656336 0.0672709 0.0668615 0.0647182 0.0612679 0.0569714 0.0522454 0.0474127 0.0426856 0.0381624 0.0338274 0.0295666 0.0252276 0.0207235 0.0161327 0.0117181
 0.00760216 0.0121906 0.0180655 0.0251149 0.0331335 0.0417295 0.0502448 0.0578444 0.0637647 0.0675304 0.0690071 0.0683321 0.0658295 0.0619405 0.0571483 0.0518999 0.04655 0.0413381 0.036385 0.0317004 0.027207 0.0227953 0.0184082 0.0141152 0.010123
 0.00769871 0.01237 0.0183779 0.0256234 0.0339029 0.0428059 0.0516337 0.0594981 0.0655842 0.0693819 0.0707446 0.0698204 0.0669618 0.0626456 0.057388 0.0516613 0.0458399 0.040182 0.0348309 0.0298254 0.0251237 0.020652 0.0163739 0.012347 0.00872694
 0.00772087 0.0124208 0.0184838 0.0258237 0.0342475 0.0433483 0.0524185 0.0605464 0.0668792 0.0708588 0.0722921 0.0712971 0.0682233 0.0635721 0.0579007 0.0517245 0.0454531 0.0393704 0.0336418 0.0283311 0.0234272 0.0188866 0.0146886 0.010878 0.00756554
 0.00798991 0.0128388 0.0190773 0.0266058 0.0352182 0.0444944 0.0537112 0.0619372 0.0683011 0.0722315 0.0735301 0.0723161 0.0689477 0.0639423 0.0578805 0.0513051 0.0446522 0.0382277 0.0322149 0.0266954 0.0216787 0.0171415 0.0130716 0.00949875 0.00649214
 0.00812641 0.0130631 0.0194187 0.0270923 0.0358692 0.0453113 0.0546687 0.0629833 0.0693675 0.0732501 0.0744441 0.0730817 0.0695282 0.064303 0.0579881 0.0511325 0.0441858 0.0374741 0.0312048 0.025485 0.0203491 0.0157931 0.0118111 0.00841885 0.00565004
 0.00840252 0.0134817 0.0199933 0.0278172 0.0367252 0.0462722 0.0557031 0.0640502 0.0704104 0.0741988 0.0752243 0.0736318 0.0698124 0.0643153 0.0577446 0.0506584 0.0435054 0.0366094 0.0301819 0.0243435 0.0191475 0.0146073 0.0107233 0.00749961 0.00494088
 0.00858719 0.0137631 0.020381 0.0283062 0.037296 0.046894 0.0563372 0.0646564 0.0709563 0.0746673 0.075613 0.0739425 0.0700392 0.0644403 0.0577432 0.0505094 0.0431977 0.0361436 0.0295708 0.0236138 0.0183426 0.0137861 0.00995198 0.00683715 0.00442411
 0.00861741 0.0138138 0.02046 0.0284213 0.0374522 0.0470906 0.0565655 0.0649002 0.0711976 0.0748936 0.0758223 0.0741422 0.0702386 0.0646397 0.0579276 0.050648 0.0432531 0.0360834 0.0293777 0.0232918 0.0179179 0.0133037 0.00946693 0.00640137 0.00407369
 0.00853948 0.0137157 0.0203655 0.0283698 0.0374888 0.0472483 0.0568502 0.0652864 0.0716359 0.0753255 0.0761962 0.0744244 0.0704185 0.0647275 0.0579441 0.0506121 0.0431718 0.035951 0.0291827 0.0230277 0.0175923 0.012941 0.00910297 0.00607331 0.00380875
 0.00868948 0.0139275 0.0206265 0.0286527 0.0377648 0.0475053 0.0571022 0.0655647 0.0719653 0.0756996 0.0765701 0.0747301 0.0705935 0.0647392 0.0577983 0.0503439 0.0428273 0.0355696 0.028789 0.0226333 0.0172042 0.0125695 0.00876423 0.00578536 0.00358437
 0.0086749 0.0139083 0.0206043 0.0286284 0.0377342 0.0474555 0.0570149 0.0654282 0.0717912 0.0755316 0.076473 0.0747598 0.0707665 0.0650222 0.0581244 0.0506431 0.0430511 0.0356993 0.0288281 0.0225964 0.0171095 0.012437 0.00861532 0.0056412 0.00346186
 0.00850476 0.0136524 0.0202584 0.0282036 0.037255 0.0469555 0.056532 0.065 0.0714505 0.0753033 0.0763753 0.0748082 0.070973 0.0653863 0.0586211 0.051219 0.043636 0.0362262 0.0292512 0.0228972 0.0172932 0.0125239 0.00863307 0.0056183 0.00342266
 0.00849171 0.0136173 0.0201806 0.0280573 0.0370184 0.0466235 0.056126 0.0645671 0.0710493 0.0749856 0.0761724 0.0747296 0.0710142 0.0655382 0.0588726 0.0515537 0.0440255 0.0366299 0.0296243 0.0232032 0.0175132 0.0126585 0.00869784 0.00563557 0.00341442
 0.00860894 0.0137805 0.0203747 0.028248 0.0371584 0.0466643 0.0560311 0.0643231 0.0706728 0.0745237 0.0756942 0.0743089 0.0707092 0.0653786 0.0588599 0.0516685 0.0442369 0.0369006 0.0299142 0.0234742 0.0177362 0.0128189 0.00879668 0.00568528 0.00343203
 0.00862651 0.0138228 0.020462 0.028403 0.0373945 0.0469702 0.0563609 0.0646017 0.0708199 0.0744844 0.0754616 0.0739263 0.0702542 0.0649374 0.0585026 0.0514353 0.0441353 0.0369123 0.0300055 0.023606 0.0178729 0.0129349 0.00887946 0.00573467 0.00345564
 0.00860038 0.0137766 0.0203871 0.0282934 0.0372526 0.0468137 0.0562232 0.0645216 0.0708214 0.0745594 0.0755685 0.0740095 0.070273 0.0648858 0.0584094 0.051347 0.0440936 0.0369385 0.0300964 0.0237403 0.0180216 0.0130715 0.00898737 0.00580861 0.00349951
 0.00858242 0.0137387 0.0203136 0.0281643 0.0370482 0.0465232 0.0558547 0.0641076 0.0704168 0.0742296 0.0753697 0.0739686 0.0703777 0.0650917 0.0586624 0.051606 0.0443416 0.0371769 0.0303316 0.0239718 0.0182395 0.0132616 0.00913807 0.00591601 0.00356785
 0.00869859 0.0139119 0.0205444 0.0284401 0.0373438 0.0468031 0.0560764 0.0642287 0.0704055 0.0740776 0.0750999 0.0736309 0.0700327 0.0647907 0.0584327 0.0514495 0.0442453 0.0371262 0.030317 0.0239879 0.0182799 0.013316 0.00919435 0.00596416 0.00360284
 0.0086154 0.0137979 0.0204118 0.0283126 0.0372485 0.0467584 0.0560827 0.064267 0.0704461 0.0740919 0.0750711 0.0735598 0.0699372 0.0646996 0.0583748 0.0514437 0.0442945 0.0372196 0.0304369 0.0241173 0.0184058 0.0134294 0.0092888 0.00603638 0.00365289
 0.00857492 0.0137334 0.0203181 0.0281891 0.0371027 0.0466094 0.0559607 0.0642054 0.0704668 0.074192 0.0752197 0.0737101 0.0700471 0.0647483 0.0583683 0.0514069 0.0442572 0.0372037 0.0304512 0.0241584 0.0184636 0.0134924 0.00934754 0.00608468 0.00368825
 0.0084292 0.0135253 0.020058 0.0279041 0.0368284 0.0463771 0.0557886 0.0640998 0.0704291 0.0742247 0.0753249 0.0738816 0.0702636 0.0649766 0.0585743 0.0515693 0.0443736 0.0372866 0.030518 0.0242221 0.0185287 0.0135566 0.00940549 0.00613184 0.00372269
 0.00828169 0.0132964 0.0197355 0.0274881 0.036336 0.0458456 0.0552761 0.0636756 0.0701556 0.0741368 0.0754209 0.0741294 0.0706162 0.0653854 0.0589961 0.0519684 0.0447246 0.0375777 0.0307501 0.0244045 0.0186725 0.01367 0.00949318 0.00619647 0.00376703
 0.00806054 0.0129706 0.0193075 0.0269816 0.0357883 0.0452969 0.0547617 0.0632275 0.0698071 0.0739233 0.0753727 0.0742598 0.0709133 0.0658118 0.059499 0.0524928 0.0452245 0.0380213 0.0311215 0.0247009 0.0189003 0.0138395 0.00961522 0.00628067 0.00382187
 0.00797542 0.0128152 0.0190442 0.0265702 0.0352023 0.0445444 0.0539014 0.0623625 0.0690563 0.0733848 0.0751 0.0742605 0.0711616 0.0662629 0.0600969 0.053175 0.0459277 0.0386899 0.0317141 0.0251944 0.0192884 0.0141287 0.00981937 0.00641679 0.00390702
 0.00882866 0.0140046 0.0204672 0.0280039 0.0363614 0.0451782 0.0538771 0.0616964 0.0678902 0.0719342 0.0735979 0.0729093 0.0700994 0.0655498 0.0597236 0.0530851 0.0460429 0.0389291 0.0320061 0.0254851 0.0195431 0.0143313 0.00996767 0.00651737 0.00397029
 0.0095796 0.0152045 0.0222213 0.0303622 0.039269 0.0484205 0.0570572 0.0642951 0.0694177 0.0721086 0.0724476 0.0707417 0.067367 0.062697 0.0570832 0.0508454 0.0442657 0.0375907 0.0310389 0.0248086 0.0190829 0.0140264 0.00977197 0.00639694 0.00390023
 0.00923118 0.0147957 0.0218996 0.030368 0.0398766 0.0498368 0.0593199 0.0672161 0.0725977 0.0750192 0.0745649 0.0716961 0.0670544 0.0612978 0.054977 0.0484675 0.0419786 0.0356197 0.0294732 0.0236407 0.0182549 0.0134651 0.00940796 0.00617219 0.00376927
 0.00893443 0.0143176 0.0211992 0.0294396 0.0387867 0.0487616 0.0585507 0.0670984 0.0733998 0.0767872 0.0770497 0.0744085 0.0694287 0.0628855 0.0555806 0.0481646 0.0410426 0.0343891 0.0282375 0.022581 0.0174426 0.0128946 0.00903569 0.00594488 0.00363929
 0.00888636 0.0142054 0.0209668 0.0290121 0.0380893 0.0477539 0.0572687 0.0656869 0.0721138 0.0759459 0.0769409 0.0751684 0.0709566 0.0648515 0.0575398 0.0497232 0.0419892 0.0347296 0.0281341 0.0222483 0.0170604 0.0125689 0.00880319 0.0057993 0.00355743
 0.00889958 0.0142276 0.0209984 0.0290456 0.0381005 0.0476936 0.0570652 0.0652667 0.0714427 0.0750745 0.0760253 0.0744422 0.0706517 0.0650971 0.058293 0.0507763 0.0430567 0.0355678 0.0286261 0.0224148 0.0170081 0.01242 0.00864694 0.00567882 0.00348066
 0.00900764 0.014402 0.0212581 0.0294056 0.0385663 0.0482523 0.0576739 0.0658465 0.0718852 0.0752657 0.0758852 0.0739677 0.0699389 0.0643227 0.0576497 0.0503917 0.0429412 0.0356255 0.0287189 0.0224373 0.0169268 0.0122638 0.00847016 0.00552582 0.00337131
 0.00895399 0.0143169 0.0211349 0.0292428 0.0383709 0.0480441 0.0574867 0.0657214 0.0718555 0.0753383 0.0760302 0.0741255 0.0700471 0.0643493 0.0576147 0.0503571 0.0429737 0.0357533 0.0289153 0.0226402 0.017078 0.0123384 0.00847894 0.00549804 0.00333459
 0.00895996 0.0143087 0.0210897 0.029129 0.0381575 0.047715 0.0570544 0.0652317 0.0713795 0.0749545 0.0758023 0.0740832 0.0701766 0.0646008 0.0579245 0.0506756 0.0432799 0.036049 0.0292045 0.0229131 0.0173116 0.0125115 0.0085858 0.00555002 0.00335173
 0.00894041 0.0142925 0.0210924 0.02917 0.0382495 0.0478497 0.0571952 0.0653215 0.0713646 0.0748121 0.0755546 0.0737893 0.0699075 0.0644113 0.0578364 0.0506789 0.0433477 0.0361541 0.0293278 0.0230413 0.0174323 0.012612 0.00865717 0.00559159 0.00337009
 0.00890591 0.0142341 0.0210017 0.0290414 0.0380857 0.047667 0.0570239 0.0651966 0.0713082 0.074819 0.0755938 0.0738224 0.0699125 0.0643944 0.0578249 0.0507019 0.0434198 0.0362712 0.0294728 0.0231938 0.0175746 0.0127314 0.00874705 0.00565134 0.00340452
 0.00893947 0.0142782 0.0210484 0.029076 0.0380894 0.0476234 0.0569253 0.0650495 0.0711343 0.0746503 0.0754612 0.0737435 0.0698849 0.0644008 0.057847 0.0507318 0.0434613 0.0363321 0.029556 0.0232933 0.0176783 0.0128263 0.00882383 0.00570623 0.00343903
 0.00889437 0.0142189 0.0209843 0.0290227 0.0380623 0.047628 0.0569514 0.0650733 0.0711294 0.0746015 0.0753729 0.0736378 0.0697909 0.0643411 0.0578299 0.0507521 0.0435083 0.0363965 0.0296323 0.0233774 0.0177645 0.0129072 0.00889206 0.00575761 0.00347334
 0.00887591 0.0141905 0.0209452 0.0289754 0.038014 0.0475915 0.0569433 0.0651075 0.0712083 0.0747096 0.0754796 0.0737099 0.0698082 0.0643049 0.0577593 0.0506728 0.0434409 0.0363518 0.0296126 0.0233797 0.0177832 0.0129353 0.00892251 0.00578459 0.00349365
 0.00881287 0.014098 0.0208245 0.0288342 0.0378643 0.0474467 0.056816 0.0650102 0.0711537 0.0747087 0.0755367 0.0738175 0.0699456 0.0644449 0.0578787 0.0507608 0.0435004 0.0363938 0.0296484 0.0234165 0.0178226 0.0129752 0.00895919 0.00581484 0.00351587
 0.00874879 0.0139984 0.0206837 0.0286513 0.0376446 0.0472034 0.0565706 0.0647903 0.0709873 0.0746173 0.0755302 0.0738932 0.0700906 0.0646382 0.0580946 0.0509737 0.0436909 0.0365524 0.0297751 0.0235169 0.017903 0.0130399 0.00901021 0.00585306 0.00354241
 0.00877063 0.0140219 0.0206972 0.0286363 0.0375816 0.0470794 0.0563866 0.0645636 0.0707476 0.0743992 0.0753649 0.0738023 0.0700823 0.0647072 0.0582243 0.0511409 0.0438708 0.0367241 0.029925 0.0236394 0.0179988 0.0131126 0.0090639 0.00589122 0.00356803
 0.00887538 0.0141929 0.0209543 0.0289942 0.0380419 0.0476201 0.056956 0.0650848 0.0711382 0.0745965 0.0753454 0.0735848 0.0697168 0.0642577 0.057752 0.0506932 0.0434765 0.0363952 0.0296615 0.0234353 0.0178462 0.0130035 0.00899038 0.00584529 0.00354178
 0.00876007 0.0140387 0.0207843 0.0288524 0.0379829 0.0476917 0.0571815 0.0654529 0.0716029 0.0750858 0.0757773 0.0738883 0.069851 0.0642212 0.0575783 0.0504352 0.0431885 0.0361193 0.0294229 0.0232439 0.0177017 0.0129003 0.00892091 0.00580156 0.00351636
 0.00873249 0.0139941 0.0207193 0.028769 0.0378937 0.0476249 0.0571807 0.0655666 0.0718631 0.075487 0.0762675 0.0743803 0.0702503 0.0644559 0.0576192 0.0502987 0.0429243 0.0357906 0.0290876 0.022943 0.0174567 0.0127165 0.00879284 0.00571873 0.00346681
 0.00872277 0.0139576 0.0206267 0.0285816 0.0375755 0.0471618 0.0565978 0.0649341 0.0712855 0.0750768 0.0761132 0.0745185 0.0706516 0.065033 0.0582556 0.0508856 0.0433904 0.036112 0.0292794 0.0230404 0.0174968 0.0127281 0.00879342 0.00571669 0.00346512
 0.00908916 0.0145173 0.0213992 0.0295544 0.0386988 0.0483474 0.0577218 0.0658521 0.071865 0.0752387 0.0758598 0.0739308 0.069858 0.0641649 0.0574106 0.0501126 0.042698 0.03549 0.0287194 0.0225451 0.0170771 0.0123939 0.00854664 0.0055489 0.0033606
 0.00938254 0.0149895 0.0220995 0.0305204 0.0399435 0.0498397 0.0593682 0.0674946 0.073304 0.0762778 0.0763538 0.0738217 0.0691874 0.0630594 0.0560446 0.048662 0.0413012 0.0342321 0.0276383 0.021649 0.0163607 0.0118457 0.00815006 0.00528097 0.00319334
 0.0094234 0.0150701 0.0222483 0.0307759 0.040349 0.0504325 0.0601646 0.0684747 0.0744031 0.0773854 0.0773273 0.0745148 0.0694869 0.0629187 0.0554973 0.0478096 0.0402809 0.0331786 0.0266552 0.020799 0.0156701 0.0113158 0.00776675 0.00502151 0.00303052
 0.00947767 0.0151156 0.0222401 0.0306526 0.0400578 0.0499645 0.0595818 0.0679067 0.0740082 0.0772947 0.0775966 0.0751051 0.0702773 0.0637445 0.0562001 0.0482813 0.0404864 0.0331502 0.0264665 0.0205322 0.0153926 0.0110705 0.00757345 0.00488318 0.00294021
 0.00952155 0.0151611 0.0222586 0.0305959 0.0398638 0.0495723 0.0589542 0.0670547 0.0730113 0.0763027 0.0768024 0.0746872 0.070336 0.0642624 0.057049 0.0492715 0.0414323 0.0339222 0.0270115 0.020863 0.0155597 0.0111333 0.00758143 0.00486943 0.00292262
 0.00932957 0.0149184 0.0220191 0.0304459 0.0398894 0.0498119 0.0593621 0.0675047 0.0733418 0.0763841 0.0765918 0.0742468 0.0698084 0.063814 0.0568054 0.049274 0.0416344 0.034224 0.0273094 0.0210879 0.0156898 0.0111828 0.00758055 0.0048468 0.00289711
#obs surv len freq
 nan nan nan nan nan nan nan nan nan nan nan nan nan nan nan nan nan nan nan nan nan nan nan nan nan
 0.00448582 0.00734789 0.0111788 0.0159963 0.0216982 0.0279749 0.0342897 0.040021 0.0447 0.0481624 0.0505185 0.0520123 0.0529025 0.0534131 0.0537259 0.0539797 0.0542575 0.0545497 0.0546881 0.0542799 0.052718 0.0493505 0.0438009 0.0362818 0.0276665
 0.00461838 0.00756455 0.0115067 0.0164604 0.0223154 0.0287442 0.0351836 0.0409824 0.0456498 0.0490156 0.0511993 0.0524662 0.0531012 0.053355 0.0534323 0.0534869 0.0536084 0.0537867 0.05385 0.0534035 0.0518419 0.0485176 0.0430556 0.0356619 0.0271927
 0.00478389 0.00783666 0.0119218 0.0170541 0.0231151 0.0297577 0.0363865 0.0423135 0.0470177 0.0503141 0.0523242 0.0533278 0.0536332 0.0535204 0.0532255 0.0529319 0.0527514 0.0526878 0.0525761 0.0520254 0.0504356 0.0471646 0.041837 0.0346446 0.0264138
 0.00497187 0.00814434 0.0123889 0.0177195 0.0240099 0.030894 0.0377452 0.0438384 0.0486209 0.0518898 0.0537626 0.0545254 0.0545 0.0539864 0.0532474 0.0524977 0.051882 0.0514343 0.0510155 0.0502559 0.0485737 0.0453383 0.0401729 0.0332461 0.025339
 0.00519229 0.00850387 0.0129323 0.0184892 0.0250385 0.0321917 0.0392868 0.0455585 0.0504228 0.0536628 0.0553975 0.0559223 0.0555707 0.0546545 0.0534515 0.0521968 0.0510632 0.0501197 0.0492677 0.0481807 0.0463164 0.0430727 0.0380766 0.0314672 0.0239637
 0.00542107 0.00887981 0.0135056 0.0193091 0.0261439 0.0335959 0.0409623 0.0474318 0.0523853 0.0555916 0.0571756 0.0574484 0.0567604 0.0554377 0.0537687 0.0519993 0.0503179 0.0488208 0.0474514 0.045939 0.0438027 0.04049 0.0356458 0.0293795 0.0223365
 0.00565438 0.00926177 0.0140856 0.0201356 0.0272558 0.0350089 0.0426539 0.0493347 0.0543956 0.057587 0.0590343 0.0590615 0.0580371 0.0563052 0.054169 0.051885 0.0496518 0.0475832 0.0456576 0.0436609 0.0411849 0.0377445 0.0330186 0.0270944 0.0205387
 0.00589154 0.00965026 0.0146758 0.0209766 0.028386 0.0364417 0.0443629 0.0512484 0.0564074 0.059576 0.0608837 0.0606686 0.059316 0.0571856 0.0545939 0.0518074 0.0490333 0.0463992 0.0439118 0.0414095 0.0385581 0.0349494 0.0303088 0.0247112 0.0186469
 0.00613196 0.0100453 0.015278 0.0218373 0.0295457 0.0379135 0.0461166 0.0532049 0.0584508 0.0615761 0.0627182 0.0622355 0.0605362 0.0580002 0.0549584 0.0516856 0.0483943 0.0452201 0.042192 0.0391948 0.0359645 0.0321719 0.0275958 0.0223071 0.0167253
 0.0063854 0.0104581 0.015901 0.0227185 0.030721 0.0393931 0.0478693 0.0551526 0.0604782 0.0635523 0.0645175 0.0637521 0.0616896 0.0587347 0.0552385 0.0514886 0.0477032 0.0440232 0.0404932 0.0370355 0.0334493 0.0294797 0.02496 0.0199624 0.0148429
 0.00661491 0.010838 0.0164849 0.02356 0.031862 0.0408463 0.0496004 0.0570759 0.0624705 0.0654777 0.0662516 0.0651937 0.0627636 0.0593907 0.0554462 0.0512325 0.0469763 0.0428253 0.0388373 0.0349652 0.0310616 0.0269369 0.0224746 0.0177503 0.0130636
 0.00684586 0.0112136 0.0170509 0.0243593 0.032928 0.0421896 0.0511958 0.0588549 0.0643281 0.0672903 0.0678962 0.0665632 0.0637765 0.0599932 0.0556099 0.050948 0.0462457 0.0416585 0.0372564 0.0330183 0.0288411 0.02459 0.0201911 0.0157224 0.0114332
 0.00707242 0.0115873 0.0176227 0.0251787 0.034031 0.0435821 0.0528365 0.0606531 0.0661593 0.0690232 0.0694152 0.0677798 0.0646286 0.0604424 0.055638 0.0505528 0.0454371 0.040456 0.0356911 0.0311434 0.0267461 0.022409 0.0180916 0.0138712 0.00995168
 0.00727066 0.0119153 0.0181268 0.0259056 0.0350183 0.0448424 0.0543419 0.0623284 0.0678911 0.070681 0.070875 0.0689404 0.0654208 0.0608296 0.0556112 0.0501218 0.0446233 0.0392879 0.0342071 0.0294 0.0248294 0.0204398 0.0162158 0.0122303 0.00864594
 0.00745376 0.0122132 0.0185759 0.0265401 0.0358644 0.0459082 0.0556067 0.063737 0.0693594 0.0721094 0.0721624 0.0699955 0.0661705 0.0612245 0.055628 0.0497615 0.0439052 0.0382443 0.0328819 0.0278525 0.0231421 0.0187216 0.0145922 0.0108198 0.00752976
 0.00751741 0.0123213 0.0187476 0.0267979 0.0362309 0.0464019 0.0562352 0.0644935 0.0702215 0.0730401 0.0731119 0.0709028 0.0669666 0.0618393 0.0559992 0.0498434 0.0436748 0.037703 0.0320551 0.02679 0.021919 0.0174359 0.0133546 0.00973289 0.00666413
 0.00758568 0.0124242 0.018888 0.0269748 0.0364426 0.0466493 0.0565246 0.064835 0.0706251 0.0735107 0.0736436 0.0714761 0.0675467 0.0623772 0.0564365 0.0501198 0.0437384 0.0375203 0.0316194 0.0261258 0.0210821 0.0165092 0.0124344 0.00890951 0.00600096
 0.00766908 0.0125523 0.0190662 0.0272021 0.0367108 0.0469435 0.0568246 0.0651194 0.070879 0.0737319 0.0738452 0.0716788 0.0677671 0.0626164 0.0566741 0.050316 0.0438422 0.0374823 0.0314055 0.0257293 0.02053 0.0158591 0.0117634 0.00829411 0.00549743
 0.00774913 0.0126779 0.0192465 0.0274413 0.0370064 0.0472837 0.0571864 0.0654705 0.0711839 0.0739626 0.07399 0.0717457 0.0677798 0.0626041 0.056659 0.0503028 0.0438143 0.0374069 0.0312456 0.02546 0.0201512 0.0154003 0.0112765 0.00783757 0.00511776
 0.00776925 0.0127095 0.0192921 0.027503 0.037086 0.0473827 0.0573056 0.0656082 0.0713351 0.0741179 0.0741372 0.071873 0.06788 0.0626773 0.0567117 0.0503424 0.0438412 0.0374095 0.0312022 0.0253476 0.0199588 0.0151378 0.0109748 0.00753845 0.0048589
 0.00779776 0.0127498 0.0193416 0.0275558 0.0371349 0.0474223 0.0573352 0.0656322 0.0713612 0.0741544 0.0741892 0.0719406 0.0679581 0.0627577 0.0567861 0.050405 0.043888 0.0374351 0.0311969 0.0252989 0.0198573 0.0149855 0.010788 0.00734405 0.0046843
 0.0078345 0.0128037 0.0194117 0.0276368 0.0372177 0.0474962 0.0573893 0.0656589 0.071358 0.0741266 0.0741491 0.0719039 0.0679381 0.0627607 0.0568106 0.0504431 0.043929 0.037468 0.0312109 0.025284 0.0198066 0.0148988 0.0106744 0.00722025 0.00456914
 0.00786516 0.012851 0.019478 0.0277218 0.0373177 0.0476035 0.0574924 0.0657431 0.0714097 0.0741372 0.074119 0.0718427 0.0678619 0.062687 0.0567528 0.0504074 0.0439136 0.0374647 0.0312083 0.0252708 0.0197742 0.0148442 0.0106017 0.00713956 0.00449256
 0.00788059 0.0128718 0.0195015 0.027743 0.0373314 0.0476064 0.0574848 0.0657288 0.0713935 0.0741222 0.0741057 0.0718298 0.0678487 0.0626755 0.0567473 0.0504127 0.0439319 0.0374936 0.031241 0.0252976 0.0197864 0.014837 0.010576 0.00710161 0.00445131
 0.00787413 0.0128618 0.0194871 0.0277234 0.0373055 0.0475728 0.0574422 0.0656776 0.0713367 0.0740668 0.0740603 0.0718027 0.0678441 0.0626929 0.0567828 0.0504614 0.0439896 0.0375563 0.0313037 0.025354 0.0198298 0.0148625 0.010583 0.0070938 0.00443517
 0.0078935 0.0128874 0.0195149 0.0277461 0.0373148 0.0475626 0.0574113 0.0656295 0.0712781 0.0740046 0.0740009 0.0717513 0.0678059 0.0626721 0.0567817 0.0504792 0.044023 0.0376004 0.0313527 0.0254017 0.0198704 0.0148915 0.0105986 0.00709737 0.00443062
 0.00787494 0.0128584 0.0194732 0.0276903 0.0372435 0.0474753 0.0573088 0.0655155 0.0711602 0.0738947 0.0739125 0.0716966 0.0677921 0.0626999 0.0568462 0.050572 0.0441342 0.0377198 0.031471 0.0255106 0.0199631 0.0149637 0.0106491 0.00712818 0.0044462
 0.00789879 0.0128909 0.0195106 0.0277249 0.0372664 0.0474786 0.0572887 0.0654724 0.0710976 0.0738172 0.0738262 0.0716093 0.0677133 0.0626397 0.0568125 0.0505685 0.0441591 0.0377674 0.0315326 0.0255771 0.0200261 0.015017 0.0106892 0.00715466 0.00446122
 0.00787086 0.012848 0.0194507 0.0276475 0.037172 0.0473688 0.0571661 0.065342 0.0709679 0.0736997 0.0737333 0.0715514 0.0676962 0.062664 0.0568744 0.0506618 0.0442764 0.0378998 0.0316705 0.0257104 0.0201458 0.0151163 0.0107649 0.00720718 0.00449412
 0.0078378 0.012793 0.0193659 0.0275257 0.0370096 0.0471688 0.0569413 0.0651138 0.0707611 0.0735358 0.0736261 0.0715061 0.0677118 0.062735 0.0569929 0.0508175 0.0444574 0.0380936 0.0318649 0.0258938 0.0203082 0.0152508 0.0108681 0.00728003 0.00454101
 0.00780835 0.0127437 0.0192891 0.0274136 0.0368557 0.0469712 0.056706 0.0648559 0.0705038 0.0733063 0.0734499 0.0714021 0.0676888 0.0627914 0.0571184 0.0509966 0.0446725 0.0383271 0.0321001 0.0261159 0.0205053 0.0154144 0.0109943 0.00737002 0.00459973
 0.00780492 0.0127341 0.019267 0.0273704 0.0367821 0.0468604 0.0565561 0.064672 0.0702976 0.0730947 0.0732528 0.0712404 0.0675812 0.062751 0.0571497 0.051095 0.0448254 0.038517 0.0323077 0.0263227 0.0206955 0.0155764 0.011122 0.00746256 0.00466109
 0.00775039 0.0126503 0.0191501 0.0272196 0.0365999 0.0466516 0.0563284 0.0644363 0.070068 0.0728869 0.0730831 0.0711229 0.0675269 0.0627663 0.0572359 0.0512474 0.045033 0.0387635 0.0325728 0.0265853 0.0209366 0.0157818 0.0112838 0.00758 0.00473913
 0.00772008 0.012596 0.0190594 0.0270793 0.0364001 0.0463923 0.0560243 0.064116 0.0697661 0.0726344 0.0728998 0.071017 0.0674982 0.062811 0.0573485 0.0514207 0.0452575 0.0390255 0.0328549 0.0268675 0.0211991 0.0160082 0.0114643 0.00771222 0.00482774
 0.00930238 0.0148111 0.0217328 0.0298272 0.0387399 0.0479198 0.0565547 0.0637133 0.0686648 0.0711225 0.07123 0.0693689 0.0659802 0.0614771 0.0562175 0.0504914 0.0445183 0.0384598 0.0324424 0.0265842 0.0210186 0.0159035 0.0114105 0.00768897 0.0048203
 0.00928681 0.0150776 0.0226481 0.0318459 0.0422063 0.0528002 0.0622674 0.0692228 0.0728489 0.0732144 0.0710718 0.0673562 0.0627905 0.0577808 0.0525104 0.0470652 0.041509 0.0359107 0.0303498 0.0249217 0.0197466 0.0149729 0.0107646 0.00726739 0.00456372
 0.0089544 0.0145564 0.021921 0.030966 0.0413487 0.0522965 0.0625644 0.0707214 0.0756613 0.0769844 0.0750198 0.0705741 0.0646192 0.0580396 0.0514653 0.045214 0.039349 0.033803 0.0284962 0.0234026 0.0185696 0.0141079 0.0101638 0.00687555 0.00432567
 0.00878639 0.014272 0.0214731 0.0303073 0.0404507 0.051183 0.0613529 0.0696503 0.0750682 0.0772112 0.0762586 0.0727235 0.0672549 0.060552 0.053306 0.0461051 0.0393372 0.0331588 0.0275511 0.0224251 0.0177194 0.0134483 0.00969578 0.0065689 0.00414002
 0.0087506 0.014205 0.0213548 0.0301101 0.0401423 0.050733 0.0607458 0.0689035 0.0742536 0.076472 0.0758001 0.0727603 0.0679152 0.0617841 0.0548557 0.0476 0.0404415 0.0337051 0.0275738 0.0220949 0.0172391 0.012975 0.0093134 0.00630004 0.00397118
 0.00869503 0.0141205 0.0212377 0.0299593 0.0399565 0.0505073 0.0604705 0.0685665 0.0738482 0.0760101 0.0753287 0.0723713 0.0677346 0.0619308 0.0553778 0.0484263 0.041388 0.0345466 0.0281405 0.0223346 0.0172116 0.0127964 0.00909432 0.0061102 0.00383669
 0.00868066 0.0140917 0.0211848 0.0298708 0.039823 0.0503265 0.0602504 0.0683227 0.0735968 0.0757601 0.0750826 0.0721356 0.0675351 0.0618203 0.0554233 0.0486745 0.0418278 0.0350953 0.0286722 0.0227362 0.0174301 0.0128489 0.00904163 0.00601828 0.00375061
 0.00867114 0.0140759 0.02116 0.0298335 0.0397681 0.050248 0.0601427 0.068183 0.0734282 0.0755724 0.0748901 0.0719532 0.0673768 0.0617023 0.0553691 0.0487136 0.041982 0.0353588 0.0290011 0.0230606 0.0176845 0.0130003 0.0090971 0.00601081 0.00371693
 0.00865499 0.0140525 0.02113 0.0297989 0.0397318 0.0502115 0.0601051 0.0681405 0.0733752 0.0755033 0.0748025 0.0718493 0.0672648 0.0615955 0.0552849 0.0486719 0.0420018 0.0354504 0.0291569 0.0232521 0.0178707 0.0131453 0.00918451 0.00604631 0.00371916
 0.00865721 0.0140517 0.021121 0.0297748 0.0396865 0.0501437 0.0600201 0.06805 0.0732919 0.0754362 0.0747528 0.0718123 0.0672333 0.0615652 0.0552575 0.0486558 0.0420095 0.0354939 0.0292407 0.0233683 0.0179998 0.0132631 0.00927274 0.00609923 0.00374267
 0.00865232 0.0140486 0.0211247 0.0297919 0.0397216 0.0501955 0.060079 0.0681001 0.0733177 0.075429 0.0747142 0.0717511 0.0671604 0.0614889 0.0551831 0.0485882 0.0419556 0.0354619 0.0292378 0.0233955 0.0180499 0.0133225 0.0093268 0.00613849 0.00376516
 0.00863899 0.0140273 0.0210938 0.0297512 0.0396736 0.0501463 0.0600382 0.0680777 0.0733195 0.0754529 0.0747499 0.0717852 0.0671824 0.061495 0.0551757 0.0485732 0.0419398 0.0354522 0.0292402 0.0234135 0.0180823 0.0133634 0.0093677 0.00617205 0.00378791
 0.00863552 0.0140189 0.0210761 0.0297186 0.0396212 0.0500726 0.0599475 0.067981 0.073232 0.0753901 0.0747224 0.0717948 0.0672223 0.0615524 0.0552373 0.0486293 0.0419869 0.0354917 0.0292761 0.0234499 0.0181211 0.0134033 0.0094053 0.00620329 0.00381047
 0.00866233 0.0140603 0.0211341 0.0297927 0.0397072 0.0501621 0.060028 0.0680376 0.0732527 0.0753699 0.0746665 0.0717167 0.067138 0.061475 0.0551731 0.0485786 0.0419464 0.0354587 0.0292499 0.0234317 0.0181121 0.0134031 0.00941156 0.00621247 0.00381931
 0.00862672 0.0140123 0.0210801 0.0297445 0.039679 0.0501645 0.0600631 0.0680984 0.0733249 0.0754373 0.0747152 0.0717397 0.0671358 0.0614547 0.0551446 0.048551 0.0419248 0.0354444 0.0292419 0.0234287 0.0181133 0.0134081 0.00941909 0.00622095 0.00382704
 0.00862672 0.0140123 0.0210801 0.0297445 0.039679 0.0501645 0.0600631 0.0680984 0.0733249 0.0754373 0.0747152 0.0717397 0.0671358 0.0614547 0.0551446 0.048551 0.0419248 0.0354444 0.0292419 0.0234287 0.0181133 0.0134081 0.00941909 0.00622095 0.00382704
 0.00861469 0.013988 0.0210353 0.029671 0.0395723 0.0500301 0.0599196 0.0679742 0.073248 0.0754235 0.0747622 0.0718291 0.0672428 0.0615578 0.0552316 0.048619 0.0419771 0.035486 0.0292768 0.0234589 0.0181397 0.0134307 0.00943785 0.0062358 0.00383802
 0.00880031 0.0142806 0.021457 0.0302309 0.0402599 0.0508068 0.0607146 0.0686924 0.0737932 0.0757269 0.0748006 0.071624 0.0668449 0.0610277 0.0546277 0.0479915 0.0413674 0.0349259 0.0287882 0.0230538 0.0178209 0.0131934 0.00927179 0.0061273 0.00377237
 0.00878687 0.0142818 0.021501 0.030358 0.0405113 0.0512071 0.0612559 0.0693283 0.0744469 0.0763093 0.0752316 0.0718497 0.0668474 0.0608251 0.0542647 0.0475255 0.0408552 0.0344162 0.0283178 0.0226473 0.0174907 0.0129417 0.00909246 0.00600845 0.00369957
 0.00884469 0.0143645 0.0216059 0.0304793 0.0406464 0.0513648 0.0614581 0.0696024 0.0748078 0.0767429 0.0756883 0.0722557 0.0671276 0.0609273 0.0541733 0.0472621 0.0404677 0.0339633 0.0278555 0.0222198 0.0171269 0.0126549 0.00888279 0.00586674 0.0036114
 0.00878872 0.0142821 0.0214978 0.0303512 0.0405074 0.0512247 0.0613285 0.0694992 0.0747559 0.0767734 0.0758283 0.072512 0.0674744 0.0613075 0.0545157 0.0475057 0.0405811 0.0339497 0.0277451 0.0220548 0.0169479 0.012492 0.00875248 0.00577334 0.00355099
 0.00897072 0.0145577 0.0218741 0.0308199 0.0410451 0.0517957 0.061886 0.0699892 0.0751244 0.0769803 0.07586 0.0723862 0.067233 0.0609995 0.0541788 0.0471565 0.040219 0.0335704 0.0273528 0.0216669 0.0165895 0.0121865 0.00851395 0.00560333 0.00344069
 0.00920641 0.0149488 0.0224745 0.0316764 0.0421777 0.0531709 0.0633977 0.0714652 0.0763669 0.0778215 0.0762062 0.0722314 0.0666448 0.0600919 0.0530817 0.0459897 0.0390746 0.032507 0.0264018 0.0208438 0.0159027 0.0116399 0.00810409 0.00531737 0.00325689
 0.00904533 0.0147171 0.0221841 0.0313644 0.0419043 0.0530107 0.0634259 0.0717373 0.076895 0.0785566 0.0770398 0.0730237 0.0672674 0.0604639 0.0531851 0.0458603 0.0387788 0.0321175 0.0259803 0.0204347 0.0155349 0.0113306 0.00786149 0.00514124 0.00313964
 0.00897125 0.0145699 0.021916 0.0309224 0.0412532 0.0521657 0.0624757 0.070839 0.0762325 0.0782803 0.0772163 0.0736159 0.0681511 0.061469 0.0541453 0.0466543 0.0393491 0.0324654 0.0261457 0.020472 0.015496 0.0112565 0.00778055 0.00507042 0.00308637
 0.00877842 0.0142564 0.021444 0.0302564 0.0403674 0.0510569 0.0611813 0.0694504 0.0748959 0.0771781 0.0765297 0.0734775 0.0686014 0.0624378 0.0554691 0.0481239 0.0407674 0.0336911 0.0271103 0.0211709 0.0159654 0.0115494 0.00795007 0.00516069 0.00313009
 0.00891919 0.0144527 0.021678 0.030487 0.0405371 0.0511035 0.0610507 0.0691071 0.0743325 0.0764264 0.0756695 0.0726332 0.0679193 0.0620461 0.055435 0.0484295 0.0413174 0.0343503 0.0277499 0.0217031 0.0163546 0.0118024 0.00809642 0.00523568 0.0031635
#pred catch len freq
 0.00339979 0.00545509 0.00811086 0.0113751 0.0152752 0.0198257 0.0249638 0.0305173 0.0362316 0.0418208 0.0470131 0.0515891 0.0554119 0.0584311 0.0606543 0.0621092 0.0628152 0.062766 0.0618988 0.0600454 0.0569074 0.0521326 0.0455332 0.0373514 0.028366
 0.00369736 0.00587579 0.00863122 0.011944 0.0158416 0.0203745 0.0255318 0.0311693 0.0370026 0.0426606 0.0477732 0.052068 0.055438 0.0579403 0.0597258 0.0609435 0.0616652 0.0618458 0.0613082 0.0597438 0.0567515 0.0519601 0.045245 0.0369464 0.0279164
 0.00383726 0.00612993 0.00905873 0.0126052 0.0167714 0.0215497 0.0268556 0.0324956 0.0381954 0.0436474 0.0485484 0.0526415 0.055775 0.057949 0.0593104 0.0600823 0.0604543 0.0604747 0.0599798 0.0585908 0.0557995 0.0511547 0.0445174 0.0362678 0.0273082
 0.00402731 0.00642175 0.00947118 0.013158 0.0174973 0.0225021 0.0280965 0.0340561 0.0400254 0.0455912 0.0503749 0.0541194 0.0567445 0.0583432 0.0591266 0.0593482 0.0592265 0.0588589 0.058136 0.056699 0.0540074 0.049548 0.0431288 0.0351076 0.0263841
 0.00425982 0.00678762 0.00999925 0.0138675 0.0183965 0.0235889 0.0293602 0.0354833 0.0416043 0.0473028 0.0521655 0.0558703 0.0582689 0.0594271 0.0595926 0.0591045 0.0582789 0.0572979 0.0561158 0.0544149 0.0516657 0.0473318 0.0411742 0.0334959 0.025146
 0.00448778 0.00715262 0.0105393 0.0146176 0.0193856 0.0248341 0.0308556 0.0371906 0.0434523 0.0491984 0.0540102 0.0575705 0.0597318 0.0605462 0.0602404 0.0591496 0.057626 0.0559287 0.0541106 0.0519459 0.0489667 0.0446547 0.0387424 0.0314677 0.0235948
 0.00469599 0.00748934 0.0110444 0.015331 0.0203457 0.0260707 0.0323792 0.0389796 0.0454451 0.0512935 0.0560761 0.0594641 0.0613199 0.0617191 0.0609106 0.0592408 0.0570697 0.0546819 0.0521909 0.0494622 0.0461244 0.0417244 0.0360022 0.0291395 0.0217996
 0.00500848 0.00797251 0.0117275 0.0162307 0.021472 0.0274325 0.0339825 0.040816 0.0474763 0.0534404 0.0582179 0.0614511 0.0629956 0.0629442 0.0615787 0.0592802 0.0564365 0.0533576 0.0501954 0.0468824 0.0431371 0.0385899 0.0330173 0.0265643 0.0197927
 0.00534428 0.00850016 0.012488 0.0172515 0.0227644 0.0289887 0.0357697 0.0427748 0.0495265 0.0554918 0.0601777 0.0632234 0.0644787 0.064032 0.0621696 0.0592889 0.0558027 0.0520532 0.0482355 0.0443442 0.0401806 0.0354584 0.0300011 0.0239325 0.0177216
