SBPRF35
7.78865
Curr Bio
658555
B35
654059
F35
0.223171
FOFL
0.223171
OFL
116109
Bzero
2.22533e+006
#pred survey bio
 3.73743e+006 3.25494e+006 2.90025e+006 2.56791e+006 2.26053e+006 1.99026e+006 1.7437e+006 1.52648e+006 1.30818e+006 1.14782e+006 1.02558e+006 913545 842910 780033 723634 698467 667969 652588 632153 615495 597646 584839 582334 577668 585890 580921 583240 581349 574209 560212 548179 536795 527325 516534 519342 526392 530071 542304 545085 565459 573401 572370 575000 574353 580821 574236 571073 536968 528719 530236 522311 522230 533822 531198 530670 552680 597876 659252 1.57999e+007 1.47111e+007 1.50112e+007 1.53875e+007 1.57886e+007 1.61635e+007 1.64864e+007 1.675e+007 1.69578e+007 1.71177e+007 1.7239e+007 1.73302e+007 1.73986e+007 1.74499e+007 1.74883e+007 1.75172e+007 1.7539e+007 1.75554e+007 1.7568e+007 1.75775e+007 1.75848e+007 1.75904e+007 1.75946e+007 1.75979e+007 1.76004e+007 1.76024e+007 1.76039e+007 1.7605e+007 1.76059e+007 1.76066e+007 1.76071e+007 1.76076e+007 1.76079e+007 1.76081e+007 1.76083e+007 1.76085e+007 1.76086e+007 1.76087e+007 1.76087e+007 1.76088e+007 1.76088e+007 1.76088e+007 1.76089e+007 1.76089e+007 1.76089e+007 1.76089e+007 1.76089e+007 1.76089e+007 1.76089e+007 1.76089e+007 1.76089e+007 1.7609e+007 1.7609e+007 1.7609e+007 1.7609e+007 1.7609e+007 1.7609e+007 1.7609e+007 1.7609e+007 1.7609e+007 1.7609e+007 1.7609e+007 1.7609e+007 1.7609e+007 1.7609e+007 1.7609e+007 1.7609e+007 1.7609e+007 1.7609e+007 1.7609e+007 1.7609e+007 1.7609e+007 1.7609e+007 1.7609e+007 1.7609e+007 1.7609e+007 1.7609e+007 1.7609e+007 1.7609e+007 1.7609e+007 1.7609e+007 1.7609e+007 1.7609e+007 1.7609e+007 1.7609e+007 1.7609e+007 1.7609e+007 1.7609e+007 1.7609e+007 1.7609e+007 1.7609e+007 1.7609e+007 1.7609e+007 1.7609e+007 1.7609e+007 1.7609e+007 1.7609e+007 1.7609e+007 1.7609e+007 1.7609e+007 0 0 0 0 0 0 0 0 0 0 0 0 0 0 0 0 0 0 0 0 0 0 0 0 0
#obs survey bio
 4.12599e+006 1.65374e+006 3.24582e+006 2.68192e+006 1.87086e+006 1.49696e+006 1.16497e+006 1.10088e+006 1.05824e+006 997523 793064 779191 944480 712108 628760 701790 609314 800474 469250 667550 671658 610352 483847 464999 618018 365218 616055 602474 592752 421892 541028 675118 663363 332973 581574 488084 569577 534117 578244 747327 605734 688101 587724 406322 554246 791789 488828 585404 512566 635734 401299 587048 497276 433388 541577 424574 567747 704540
#pred catch bio
 351660 272999 288361 297659 291734 292959 284116 297254 254065 226415 221283 187102 179775 171459 141998 143416 127345 128425 121845 119239 111614 101115 102567 92348.1 103661 96190 97296.5 98399.8 100359 94613.8 90395.7 87673.2 91841.4 84775.6 84144.3 88352.7 82367.4 91626.9 78468.5 90450.1 97782.9 93616.5 95837 90428.4 101301 97084.6 121618 98851 91266 99491.6 93286.6 84845.1 98325.5 99075.2 85363.2 73211.4 67346.7 100125 116109 117752 119171 121101 123388 125553 127364 128770 129808 130545 131053 131397 131625 131774 131871 131933 131973 131998 132014 132024 132030 132034 132037 132038 132039 132040 132040 132040 132041 132041 132041 132041 132041 132041 132041 132041 132041 132041 132041 132041 132041 132041 132041 132041 132041 132041 132041 132041 132041 132041 132041 132041 132041 132041 132041 132041 132041 132041 132041 132041 132041 132041 132041 132041 132041 132041 132041 132041 132041 132041 132041 132041 132041 132041 132041 132041 132041 132041 132041 132041 132041 132041 132041 132041 132041 132041 132041 132041 132041 132041 132041 132041 132041 132041 132041 132041 132041 132041 132041 132041 0 0 0 0 0 0 0 0 0 0 0 0 0 0 0 0 0 0 0 0 0 0 0 0 0
#obs catch bio
 256393 274009 290536 300098 294911 296792 288400 303357 258764 229654 226303 191129 183163 174824 144288 145653 128908 129783 123190 120416 112133 101372 103077 92891.5 104870 97514.3 97996.2 98744.1 100789 94857.2 90586.6 87563.6 91866.8 85070.4 83780.2 88151.2 81842.4 91608 78195.4 90450.8 97809.3 93290.3 95076.5 90043.9 101627 96156.9 121362 98383.8 90615.5 98986.8 93016.8 84267.1 97733.2 98714 85437 73514.5 67221.9 100386
#pred cpue bio
 3.6746e+006 3.19512e+006 2.84185e+006 2.51092e+006 2.20552e+006 1.93709e+006 1.69252e+006 1.47737e+006 1.26176e+006 1.10347e+006 982669 872106 802696 741560 686952 662900 633792 619350 599994 584290 567560 555585 553264 548531 556318 551609 554414 553403 547196 534233 523222 512699 502934 490741 492367 499219 502964 514785 517282 536882 544611 543844 546757 546107 552111 545890 543129 509817 501420 502810 495091 494793 505879 502981 501464 521570 564586 623842 1.49723e+007 1.39559e+007 1.42316e+007 1.45762e+007 1.49667e+007 1.53393e+007 1.56618e+007 1.59254e+007 1.61331e+007 1.6293e+007 1.64143e+007 1.65056e+007 1.6574e+007 1.66252e+007 1.66636e+007 1.66925e+007 1.67143e+007 1.67308e+007 1.67433e+007 1.67529e+007 1.67602e+007 1.67657e+007 1.677e+007 1.67733e+007 1.67758e+007 1.67777e+007 1.67792e+007 1.67804e+007 1.67813e+007 1.6782e+007 1.67825e+007 1.67829e+007 1.67832e+007 1.67835e+007 1.67837e+007 1.67838e+007 1.67839e+007 1.6784e+007 1.67841e+007 1.67841e+007 1.67842e+007 1.67842e+007 1.67842e+007 1.67843e+007 1.67843e+007 1.67843e+007 1.67843e+007 1.67843e+007 1.67843e+007 1.67843e+007 1.67843e+007 1.67843e+007 1.67843e+007 1.67843e+007 1.67843e+007 1.67843e+007 1.67843e+007 1.67843e+007 1.67843e+007 1.67843e+007 1.67843e+007 1.67843e+007 1.67843e+007 1.67843e+007 1.67843e+007 1.67843e+007 1.67843e+007 1.67843e+007 1.67843e+007 1.67843e+007 1.67843e+007 1.67843e+007 1.67843e+007 1.67843e+007 1.67843e+007 1.67843e+007 1.67843e+007 1.67843e+007 1.67843e+007 1.67843e+007 1.67843e+007 1.67843e+007 1.67843e+007 1.67843e+007 1.67843e+007 1.67843e+007 1.67843e+007 1.67843e+007 1.67843e+007 1.67843e+007 1.67843e+007 1.67843e+007 1.67843e+007 1.67843e+007 1.67843e+007 1.67843e+007 1.67843e+007 1.67843e+007 1.67843e+007 1.67843e+007 0 0 0 0 0 0 0 0 0 0 0 0 0 0 0 0 0 0 0 0 0 0 0 0 0
#obs cpue bio
 2.67528e+006 2.10203e+006 2.26116e+006 2.34846e+006 1.81118e+006 2.11875e+006 1.82044e+006 1.57234e+006 1.1658e+006 1.25178e+006 711153 641345 691768 637055 550740 656679 568643 534971 624089 520923 625257 519174 589854 451054 408166 503629 801445 655606 502848 723190 526937 508878 408408 515739 832390 522750 593848 422362 476936 385580 532216 567793 889428 545479 399374 869863 530094 481577 665869 448982 563654 562575 642449 558463 336064 437196 734019 717208
#pred surv len freq
 0.00509953 0.0082463 0.0123522 0.0173868 0.0232374 0.0296345 0.0361103 0.0420927 0.0471045 0.0509128 0.053532 0.0551272 0.0559174 0.0561154 0.0558918 0.0553566 0.054561 0.0535051 0.0521254 0.0502506 0.0475695 0.0436927 0.0383508 0.0316475 0.0241801
 0.00560548 0.00900895 0.0133931 0.018699 0.0248041 0.0314505 0.0381819 0.0444054 0.0495739 0.0533514 0.0556647 0.0566607 0.0566335 0.0559421 0.054919 0.0537926 0.0526537 0.0514617 0.0500604 0.0481835 0.0454723 0.0415603 0.0362502 0.0297132 0.0225582
 0.00582141 0.00939757 0.0140444 0.0197118 0.0262549 0.0333509 0.0404501 0.0468799 0.0520668 0.0557052 0.0577669 0.0584112 0.0579052 0.0565836 0.0548067 0.0528959 0.051063 0.0493575 0.0476463 0.0456265 0.0428861 0.0390317 0.0338769 0.0276144 0.0208453
 0.00610054 0.00982956 0.0146586 0.0205334 0.0273154 0.0346957 0.0421291 0.0489154 0.054413 0.0582263 0.0602538 0.0606325 0.0596598 0.0577234 0.0552314 0.0525463 0.0499337 0.0475179 0.0452425 0.0428545 0.0399543 0.0361367 0.0311962 0.0252993 0.0190007
 0.00639258 0.0103016 0.0153627 0.0215138 0.0285975 0.0362737 0.0439569 0.0509141 0.0564938 0.0603106 0.0622728 0.0625046 0.0612699 0.0589261 0.0558768 0.0525127 0.0491512 0.0459852 0.0430365 0.0401315 0.0369333 0.033069 0.0283274 0.0228304 0.0170553
 0.00666414 0.0107394 0.0160159 0.0224276 0.0298077 0.037795 0.0457678 0.0529461 0.0586348 0.0624247 0.064228 0.0641949 0.0626214 0.0598829 0.0563798 0.0524878 0.0485204 0.0446952 0.0410946 0.0376302 0.0340555 0.0300652 0.0254688 0.020351 0.0151014
 0.00694058 0.0111853 0.0166807 0.0233564 0.0310342 0.0393302 0.0475862 0.0549781 0.0607711 0.064532 0.0661673 0.0658398 0.0638723 0.0606755 0.0566804 0.0522779 0.0477802 0.0434032 0.0392485 0.0352822 0.0313402 0.0271983 0.0227094 0.0179379 0.0131922
 0.00717208 0.011566 0.0172623 0.0241905 0.032164 0.040775 0.0493251 0.0569411 0.0628459 0.0665817 0.0680513 0.0674304 0.065067 0.0614038 0.0569053 0.0519891 0.0469829 0.0421086 0.0374786 0.0330896 0.028835 0.0245591 0.0201616 0.0156997 0.0114142
 0.00753231 0.0121353 0.0180892 0.0253111 0.033598 0.0425181 0.0513373 0.0591374 0.0650986 0.0687356 0.0699465 0.0689261 0.0660597 0.0618378 0.0567708 0.0513108 0.0458045 0.0404807 0.0354565 0.0307457 0.0262777 0.0219456 0.0176847 0.0135465 0.00971356
 0.00792792 0.0127443 0.0189427 0.0264167 0.0349417 0.0440681 0.0530438 0.0609309 0.0668921 0.0704324 0.071449 0.0701417 0.0669063 0.0622508 0.0567111 0.0507696 0.0448013 0.0390576 0.0336732 0.0286814 0.0240403 0.0196765 0.0155478 0.0116967 0.00825596
 0.00818445 0.013168 0.019591 0.0273428 0.0361787 0.0456065 0.0548133 0.0628024 0.0687067 0.072043 0.072751 0.0710797 0.0674609 0.0624198 0.0564973 0.0501782 0.0438439 0.0377588 0.0320767 0.0268553 0.0220813 0.0177094 0.0137119 0.0101191 0.00701976
 0.00833708 0.0134336 0.0200237 0.0280063 0.0371339 0.0468907 0.0564155 0.0646473 0.0706558 0.0739153 0.0743579 0.0722648 0.0681319 0.0625583 0.0561451 0.0494077 0.0427315 0.0363719 0.030476 0.0251071 0.0202684 0.0159344 0.0120873 0.00874395 0.00595458
 0.00835607 0.0134648 0.0200736 0.0280877 0.0372714 0.0471256 0.0568041 0.0652481 0.0715052 0.075001 0.0756042 0.0735392 0.0692746 0.0634229 0.0566319 0.0494793 0.0424055 0.0357015 0.0295317 0.0239672 0.0190195 0.0146721 0.0109096 0.00773553 0.00516802
 0.008424 0.0135715 0.0202272 0.0282925 0.0375278 0.0474295 0.0571488 0.0656288 0.0719251 0.0754737 0.0761455 0.0741497 0.0699215 0.0640353 0.057115 0.0497418 0.0423871 0.0353868 0.0289487 0.0231764 0.0181015 0.0137172 0.0100066 0.00695773 0.00456006
 0.00850302 0.0136989 0.0204167 0.0285553 0.0378693 0.0478447 0.0576183 0.0661185 0.0723936 0.0758848 0.0764794 0.0744083 0.0701217 0.0641936 0.0572306 0.049789 0.0423224 0.0351683 0.0285563 0.0226232 0.0174334 0.0130021 0.00931837 0.00635954 0.00409066
 0.00847334 0.013643 0.0203196 0.028401 0.0376487 0.0475654 0.0573117 0.0658375 0.0721988 0.0758252 0.0765787 0.0746613 0.070501 0.0646593 0.0577369 0.050286 0.0427567 0.035487 0.0287178 0.0226101 0.0172603 0.0127133 0.00897558 0.00602401 0.00380757
 0.0085034 0.0136926 0.0203943 0.0285037 0.0377752 0.0477008 0.0574297 0.0659075 0.0721995 0.0757577 0.0764701 0.0745547 0.0704383 0.0646657 0.0578153 0.050419 0.042912 0.0356247 0.0287983 0.0226042 0.0171588 0.0125311 0.00874711 0.00579108 0.00360515
 0.00848022 0.0136487 0.0203173 0.0283804 0.0375965 0.0474691 0.0571633 0.0656381 0.0719619 0.0755792 0.0763652 0.0745288 0.0704938 0.0648046 0.0580348 0.0507055 0.0432384 0.0359528 0.0290864 0.022817 0.0172764 0.012555 0.00869814 0.00570155 0.00350718
 0.00846101 0.0136263 0.0202994 0.0283771 0.0376153 0.0475078 0.0572064 0.0656611 0.0719427 0.0755095 0.0762555 0.0744028 0.0703789 0.0647239 0.0580041 0.050732 0.0433193 0.0360739 0.0292231 0.02294 0.017361 0.0125887 0.0086844 0.00565591 0.00344967
 0.00836999 0.0134901 0.0201168 0.0281567 0.0373748 0.047272 0.0570033 0.0655159 0.0718702 0.0755084 0.076309 0.0744877 0.070477 0.0648282 0.058118 0.0508629 0.0434716 0.0362445 0.0294004 0.023106 0.0174971 0.0126819 0.00873244 0.00566696 0.003438
 0.00845102 0.013591 0.0202125 0.0282062 0.037335 0.0471173 0.0567416 0.06519 0.0715428 0.0752392 0.0761363 0.0744211 0.0705013 0.0649157 0.0582412 0.0510027 0.0436188 0.0363955 0.0295513 0.0232492 0.0176216 0.0127778 0.00879491 0.00569871 0.00344732
 0.00861684 0.0138335 0.0205253 0.0285612 0.0376839 0.047399 0.0568933 0.0651624 0.0713183 0.0748461 0.0756464 0.0739282 0.0700891 0.0646325 0.0580937 0.0509674 0.0436605 0.0364818 0.0296579 0.0233595 0.0177233 0.0128617 0.00885579 0.00573628 0.00346587
 0.00875393 0.0140383 0.020799 0.0288907 0.0380418 0.0477465 0.057183 0.0653429 0.0713442 0.0746921 0.0753205 0.0734761 0.0695855 0.0641605 0.0577206 0.0507274 0.043552 0.0364774 0.0297202 0.0234536 0.0178229 0.01295 0.00892432 0.00578299 0.00349346
 0.00880589 0.014135 0.0209658 0.0291559 0.0384259 0.0482471 0.0577625 0.0659291 0.0718457 0.0750229 0.0754228 0.0733329 0.0692234 0.0636428 0.0571323 0.0501547 0.043062 0.0361052 0.029469 0.0233038 0.0177456 0.0129173 0.00891468 0.00578263 0.00349517
 0.0086177 0.0138584 0.0206056 0.0287395 0.0380009 0.0478732 0.0575016 0.0658327 0.0719398 0.0752948 0.0758185 0.0737712 0.0696212 0.0639404 0.0573082 0.0502248 0.0430662 0.0360889 0.0294659 0.0233283 0.0177945 0.0129778 0.00897288 0.00582951 0.00352768
 0.00840815 0.0135519 0.0202087 0.0282823 0.0375321 0.047449 0.0571763 0.0656519 0.0719346 0.075474 0.0761623 0.07423 0.0701241 0.064412 0.0576873 0.0504798 0.0431997 0.0361305 0.0294572 0.0233063 0.0177817 0.0129807 0.00898743 0.005848 0.00354405
 0.00821357 0.0132343 0.0197308 0.0276155 0.0366702 0.0464268 0.0560821 0.0646212 0.0711192 0.074999 0.0760919 0.0745565 0.070778 0.0652838 0.0586528 0.0514248 0.0440394 0.0368201 0.0299899 0.0237014 0.0180689 0.0131875 0.00913428 0.00594881 0.00360932
 0.00811199 0.0130683 0.0194786 0.027254 0.0361773 0.0457876 0.0552998 0.0637298 0.0701921 0.0741459 0.0754397 0.074217 0.0708141 0.065689 0.0593545 0.0523073 0.0449765 0.0377044 0.030751 0.0243093 0.0185256 0.0135141 0.0093577 0.00609485 0.00369969
 0.00800798 0.0129116 0.0192651 0.0269861 0.0358605 0.045425 0.0548896 0.0632677 0.0696788 0.0735973 0.074896 0.0737446 0.0704951 0.0655983 0.0595325 0.0527416 0.0456029 0.038427 0.0314708 0.0249499 0.0190447 0.0139021 0.00962767 0.00627047 0.00380651
 0.00791119 0.0127649 0.0190644 0.0267357 0.0355722 0.0451163 0.0545807 0.062977 0.069417 0.0733632 0.0746792 0.0735366 0.0703039 0.0654558 0.0594879 0.052841 0.0458658 0.038833 0.0319645 0.02546 0.0195079 0.0142786 0.00990482 0.00645674 0.00392131
 0.00792773 0.0127676 0.0190245 0.0266134 0.0353296 0.044736 0.0540813 0.0624138 0.0688658 0.0728954 0.074341 0.0733414 0.070238 0.0654946 0.0596119 0.0530446 0.0461536 0.0392058 0.0324056 0.0259319 0.0199622 0.0146717 0.0102113 0.00667247 0.00405875
 0.00863102 0.0137598 0.0202365 0.0278822 0.0364391 0.0454866 0.0543504 0.0621799 0.0681972 0.071921 0.0732173 0.0722198 0.0692365 0.0646811 0.0590062 0.0526348 0.0459158 0.0391159 0.0324396 0.0260605 0.0201477 0.0148732 0.0103941 0.00681593 0.00415761
 0.00927922 0.0147877 0.0217259 0.0298664 0.0388671 0.0481845 0.0570053 0.0643847 0.0695641 0.0722172 0.0724442 0.0705936 0.0670913 0.0623561 0.0567673 0.0506476 0.0442568 0.0377999 0.0314467 0.0253527 0.019677 0.0145858 0.0102357 0.00673845 0.00412477
 0.00914205 0.0146884 0.0218053 0.0303319 0.0399383 0.0500018 0.059543 0.0674124 0.0726782 0.0749313 0.074311 0.0713224 0.0666234 0.0608671 0.0545936 0.048173 0.0418115 0.0356081 0.0296232 0.0239281 0.0186277 0.0138583 0.00976309 0.0064525 0.00396444
 0.00885987 0.0142414 0.0211641 0.0295032 0.0389944 0.0491087 0.0589606 0.0674374 0.0735297 0.0766279 0.0766142 0.073792 0.0687634 0.0622906 0.0551319 0.0478911 0.0409408 0.0344408 0.0284188 0.0228618 0.0177837 0.0132495 0.00935988 0.00620685 0.00382704
 0.00878064 0.0140921 0.0209013 0.0290741 0.0383509 0.0482342 0.0579017 0.0663275 0.0725865 0.0761114 0.0767452 0.0746548 0.0702418 0.0640823 0.0568497 0.0492027 0.0416761 0.0346174 0.0281889 0.0224246 0.0173099 0.0128449 0.00906489 0.00601761 0.00371876
 0.008862 0.0142067 0.0210389 0.0292083 0.0384391 0.0482214 0.0577302 0.0659543 0.0720092 0.0753943 0.0760286 0.074129 0.0700838 0.0643774 0.0575403 0.0500995 0.042534 0.0352359 0.0284815 0.0224248 0.0171249 0.0125929 0.00883178 0.00584341 0.00360776
 0.00884716 0.014187 0.0210169 0.0291872 0.0384189 0.0481942 0.0576763 0.0658434 0.0718085 0.0750836 0.0756178 0.0736725 0.0696802 0.0641456 0.0575739 0.0504188 0.0430652 0.035837 0.0290033 0.0227716 0.0172802 0.0126032 0.0087665 0.00576091 0.00354019
 0.00890973 0.0142855 0.0211592 0.0293779 0.0386584 0.0484758 0.0579826 0.0661437 0.0720586 0.0752318 0.0756166 0.0734957 0.0693392 0.0636982 0.0571146 0.0500487 0.0428527 0.0357888 0.0290666 0.0228665 0.0173408 0.0126033 0.00871748 0.00569156 0.00347604
 0.00872384 0.0140082 0.0207886 0.0289303 0.038165 0.0479776 0.0575254 0.0657742 0.0718186 0.0751478 0.0756908 0.0737016 0.0696285 0.0640179 0.057427 0.0503444 0.0431454 0.0360969 0.0293912 0.0231841 0.0176153 0.0128061 0.00884219 0.00575239 0.00349668
 0.00854329 0.0137426 0.0204414 0.0285238 0.0377365 0.0475698 0.0571786 0.065521 0.0716805 0.0751323 0.0757901 0.0738945 0.0698853 0.0643058 0.0577157 0.0506129 0.0433868 0.0363166 0.0295989 0.0233825 0.0177959 0.0129545 0.00894793 0.00581568 0.00352713
 0.00847982 0.013636 0.0202757 0.0282858 0.0374222 0.0471939 0.0567796 0.0651563 0.0714097 0.0749967 0.0757999 0.0740301 0.0701094 0.0645772 0.0579994 0.0508836 0.0436305 0.0365293 0.0297835 0.0235438 0.0179358 0.0130704 0.00903583 0.00587456 0.00356094
 0.00865593 0.0138694 0.0205291 0.0284908 0.0374976 0.0470754 0.0564467 0.0646424 0.0707932 0.0743793 0.0752805 0.073682 0.0699648 0.0646245 0.0581943 0.0511678 0.0439489 0.0368411 0.0300646 0.0237839 0.0181324 0.0132244 0.00914969 0.00595236 0.00360901
 0.00873984 0.0140227 0.020787 0.0288863 0.0380407 0.0477277 0.0571082 0.0651688 0.0710456 0.0742824 0.0748554 0.0730348 0.0692409 0.0639572 0.0576693 0.0508139 0.0437505 0.0367587 0.0300552 0.0238124 0.0181755 0.0132687 0.00918805 0.00598159 0.00362867
 0.00844537 0.0136068 0.0202794 0.028359 0.0375935 0.0474601 0.057089 0.0654133 0.0715049 0.0748494 0.0753932 0.0734226 0.0694189 0.0639433 0.0575403 0.0506633 0.0436485 0.0367348 0.0301021 0.0239038 0.0182821 0.0133687 0.00926935 0.00604067 0.00366738
 0.00848597 0.0136314 0.0202435 0.028205 0.0372781 0.0469905 0.0565462 0.0649383 0.0712462 0.0748972 0.075737 0.0739564 0.0699878 0.0644066 0.0578199 0.0507581 0.0436148 0.0366479 0.0300226 0.0238609 0.0182777 0.0133895 0.00929975 0.00606943 0.00368921
 0.00857559 0.0137656 0.0204208 0.0284087 0.037471 0.0471149 0.0565341 0.0647373 0.0708546 0.0743866 0.0752386 0.0736083 0.0698714 0.0645121 0.0580615 0.0510259 0.0438274 0.0367766 0.0300827 0.0238858 0.0182951 0.0134119 0.00932697 0.00609605 0.00371064
 0.00886313 0.0142278 0.0211045 0.0293482 0.0386734 0.0485399 0.0580752 0.0662212 0.0720698 0.0751386 0.0754099 0.073197 0.0689897 0.0633433 0.0567943 0.0498001 0.0427148 0.0357988 0.0292412 0.0231824 0.0177337 0.0129911 0.00903416 0.00590806 0.00359965
 0.00883306 0.0141919 0.0210763 0.0293528 0.0387468 0.0487239 0.0584076 0.0667209 0.0727198 0.0758729 0.0761177 0.0737486 0.069279 0.0633258 0.0565006 0.0493168 0.0421458 0.0352297 0.028724 0.0227406 0.0173751 0.0127157 0.00883662 0.00577738 0.00352067
 0.00882576 0.0141639 0.0210057 0.0292129 0.0385181 0.0484106 0.0580506 0.0663968 0.0725209 0.0758765 0.0763558 0.0741915 0.06984 0.0638871 0.0569521 0.0495915 0.0422344 0.0351702 0.0285757 0.0225591 0.0171994 0.0125673 0.00872349 0.00569908 0.00347156
 0.00897059 0.0143848 0.0213094 0.0295914 0.0389457 0.0488433 0.0584298 0.0666612 0.0726286 0.0758255 0.0761894 0.0739814 0.0696532 0.0637564 0.0568661 0.049508 0.0421081 0.0349774 0.0283239 0.0222789 0.0169278 0.0123336 0.00854259 0.00557215 0.00339067
 0.00898548 0.014417 0.0213722 0.0297014 0.0391172 0.0490799 0.0587168 0.0669636 0.0728974 0.0760118 0.0762612 0.0739364 0.0695204 0.0635844 0.056701 0.0493737 0.0420002 0.0348735 0.0282022 0.0221327 0.0167673 0.0121782 0.00841019 0.00547222 0.0033235
 0.00907745 0.0145303 0.0214771 0.0297513 0.0390656 0.0489054 0.0584403 0.0666461 0.0726154 0.0758259 0.0761953 0.0739764 0.0696308 0.0637287 0.0568553 0.0495275 0.0421482 0.0350074 0.0283092 0.022201 0.0167941 0.0121711 0.0083835 0.00544038 0.00329612
 0.00948038 0.0151359 0.0222937 0.0307468 0.0401677 0.0500087 0.0594185 0.0673716 0.0729908 0.0758152 0.0758354 0.0733598 0.0688683 0.062916 0.056059 0.0487882 0.0414892 0.0344409 0.0278376 0.0218186 0.0164904 0.0119351 0.00820619 0.00531389 0.00321211
 0.00975218 0.0155765 0.0229519 0.0316601 0.0413464 0.0514137 0.0609437 0.0688473 0.0742162 0.0766117 0.0760959 0.073073 0.0681135 0.0618328 0.0548063 0.047508 0.0402857 0.0333767 0.0269413 0.0210948 0.0159287 0.0115168 0.00790854 0.00511317 0.0030852
 0.00966661 0.0154614 0.0228252 0.0315585 0.0413218 0.0515237 0.061237 0.0693467 0.0749019 0.0774115 0.076892 0.0737302 0.0685192 0.0619313 0.0546111 0.047088 0.0397367 0.0327913 0.0263897 0.0206187 0.015545 0.0112254 0.00769946 0.00497181 0.00299573
 0.00943798 0.0150988 0.0222987 0.0308532 0.0404491 0.0505347 0.0602326 0.068471 0.0743121 0.0772319 0.0771725 0.0744267 0.0695046 0.0630323 0.0556573 0.0479555 0.0403698 0.0331972 0.0266151 0.0207225 0.0155786 0.0112246 0.00768555 0.00495566 0.00298204
 0.00892214 0.0143282 0.0212652 0.029593 0.0390311 0.0490427 0.0587558 0.067108 0.0731783 0.0764556 0.0768733 0.0746811 0.0703126 0.0643025 0.0572212 0.0496094 0.0419265 0.0345269 0.0276604 0.0214881 0.0161069 0.011571 0.007902 0.00508418 0.00305393
#obs surv len freq
 0.00496768 0.00813922 0.0123843 0.0177176 0.024013 0.0309035 0.0377603 0.0438566 0.0486389 0.0519046 0.0537729 0.0545313 0.0545026 0.0539871 0.0532469 0.0524958 0.0518783 0.0514283 0.051007 0.0502455 0.048562 0.0453264 0.0401618 0.0332367 0.0253317
 0.00518917 0.00849816 0.0129227 0.0184744 0.0250182 0.0321673 0.039262 0.0455384 0.0504121 0.0536635 0.0554084 0.0559397 0.0555903 0.0546732 0.0534679 0.0522108 0.0510748 0.0501291 0.0492748 0.0481854 0.0463191 0.0430738 0.0380768 0.0314668 0.0239632
 0.00542831 0.0088895 0.0135162 0.019318 0.0261474 0.0335909 0.0409474 0.0474078 0.0523557 0.0555618 0.0571514 0.0574342 0.0567577 0.0554448 0.0537821 0.0520152 0.0503336 0.0488348 0.047463 0.0459481 0.0438095 0.0404947 0.0356488 0.0293814 0.0223376
 0.00566153 0.00927348 0.0141032 0.02016 0.0272865 0.0350436 0.0426875 0.0493606 0.0544075 0.0575816 0.059013 0.0590298 0.0580026 0.0562748 0.0541469 0.0518717 0.0496452 0.0475803 0.0456556 0.0436583 0.0411809 0.0377394 0.0330129 0.027089 0.0205342
 0.00589969 0.00966436 0.0146986 0.021011 0.0284344 0.0365046 0.0444376 0.0513284 0.0564833 0.0596373 0.0609213 0.0606776 0.059297 0.0571445 0.0545394 0.0517486 0.0489767 0.0463476 0.0438652 0.0413669 0.0385184 0.0349125 0.0302759 0.0246836 0.0186256
 0.00612321 0.010031 0.0152567 0.0218081 0.029509 0.0378725 0.0460773 0.0531754 0.0584385 0.061585 0.0627465 0.0622762 0.0605796 0.0580375 0.0549845 0.0517003 0.0484008 0.0452229 0.0421945 0.0391984 0.0359691 0.0321765 0.0275997 0.0223099 0.016727
 0.00637185 0.0104375 0.0158725 0.0226822 0.0306777 0.0393443 0.0478173 0.055101 0.0604323 0.0635186 0.0645024 0.0637591 0.0617179 0.0587787 0.0552897 0.0515387 0.0477466 0.0440584 0.0405216 0.0370594 0.0334704 0.0294984 0.024976 0.0199752 0.0148523
 0.00663982 0.0108734 0.0165288 0.0236073 0.031906 0.040881 0.0496222 0.0570839 0.0624654 0.0654617 0.0662271 0.0651645 0.0627343 0.0593657 0.0554279 0.0512202 0.0469673 0.0428162 0.0388261 0.0349518 0.0310472 0.026923 0.0224624 0.0177405 0.0130563
 0.0068449 0.0112179 0.0170676 0.0243978 0.0329956 0.0422869 0.0513127 0.0589725 0.0644248 0.06735 0.0679132 0.0665419 0.0637274 0.0599284 0.0555402 0.0508805 0.0461843 0.041604 0.0372077 0.0329739 0.0288005 0.0245538 0.0201603 0.0156978 0.0114151
 0.00705578 0.0115602 0.0175825 0.0251243 0.0339653 0.0435135 0.0527792 0.0606233 0.0661684 0.0690713 0.0694902 0.0678621 0.0647001 0.060493 0.0556667 0.0505648 0.0454396 0.0404544 0.0356887 0.031141 0.0267436 0.0224061 0.0180885 0.0138682 0.0099492
 0.0072814 0.0119292 0.018141 0.0259151 0.0350169 0.0448255 0.0543084 0.0622826 0.0678427 0.0706429 0.0708585 0.0689508 0.0654543 0.0608751 0.0556553 0.0501549 0.0446418 0.0392937 0.0342049 0.0293938 0.0248221 0.0204328 0.0162095 0.0122251 0.00864194
 0.00741282 0.0121503 0.0184879 0.0264268 0.0357279 0.0457532 0.0554407 0.0635708 0.0692071 0.0719867 0.0720846 0.0699746 0.0662111 0.0613222 0.0557689 0.0499257 0.0440727 0.0383999 0.0330173 0.0279654 0.0232336 0.018794 0.0146477 0.0108604 0.00755776
 0.00751616 0.0123153 0.0187314 0.0267642 0.0361732 0.0463172 0.0561269 0.0643708 0.0700971 0.0729264 0.0730185 0.0708372 0.0669351 0.0618465 0.0560462 0.049926 0.0437826 0.0378221 0.0321721 0.0268951 0.022007 0.0175056 0.0134071 0.00977052 0.00668952
 0.00759162 0.0124343 0.0189037 0.0269967 0.036469 0.0466751 0.0565407 0.0648306 0.0705919 0.073447 0.0735561 0.0713779 0.067453 0.0623018 0.056389 0.0501051 0.043756 0.0375643 0.0316801 0.0261922 0.021145 0.0165626 0.0124759 0.00893938 0.00602089
 0.00765731 0.0125345 0.0190424 0.0271732 0.0366791 0.0469123 0.0567971 0.065098 0.0708633 0.0737186 0.0738288 0.0716552 0.0677361 0.0625832 0.0566469 0.0503036 0.0438504 0.0375124 0.0314538 0.0257885 0.0205913 0.0159153 0.0118095 0.00832842 0.00552072
 0.00771638 0.0126255 0.0191695 0.0273366 0.0368739 0.0471289 0.0570214 0.0653135 0.0710551 0.0738784 0.0739579 0.0717632 0.0678364 0.0626863 0.0567546 0.0504044 0.0439187 0.0375134 0.0313533 0.0255657 0.02025 0.0154868 0.0113467 0.00788992 0.00515352
 0.00775686 0.0126881 0.0192578 0.0274513 0.0370129 0.0472865 0.0571885 0.0654777 0.0712031 0.0739995 0.0740471 0.0718224 0.0678739 0.0627134 0.0567813 0.050434 0.0439441 0.0375158 0.031307 0.0254477 0.0200508 0.0152182 0.0110406 0.00758817 0.00489332
 0.00783494 0.0128069 0.0194213 0.0276571 0.0372527 0.0475469 0.0574514 0.0657218 0.0714067 0.0741447 0.074124 0.0718308 0.0678224 0.0626172 0.056659 0.0503026 0.0438144 0.0373888 0.0311737 0.0252935 0.0198646 0.0150004 0.0108057 0.00736073 0.00469762
 0.00783953 0.0128179 0.0194441 0.0276986 0.0373188 0.0476393 0.0575657 0.0658475 0.0715305 0.0742548 0.0742126 0.0718943 0.0678598 0.0626295 0.0566488 0.0502744 0.0437732 0.0373376 0.0311112 0.0252143 0.0197625 0.0148743 0.0106634 0.00721733 0.00457
 0.00786916 0.0128569 0.019486 0.0277331 0.0373355 0.047634 0.0575443 0.0658244 0.071522 0.0742716 0.0742555 0.0719552 0.0679269 0.0626917 0.0566983 0.0503071 0.0437883 0.0373355 0.0310922 0.0251774 0.0197065 0.0147999 0.0105757 0.00712616 0.00448673
 0.00787956 0.0128724 0.0195064 0.027756 0.0373558 0.0476438 0.0575341 0.0657873 0.0714585 0.074193 0.0741816 0.0719073 0.0679187 0.0627241 0.0567611 0.0503845 0.0438648 0.0373998 0.0311373 0.0251998 0.0197052 0.0147768 0.010536 0.00707771 0.00443851
 0.00791396 0.0129228 0.019572 0.0278322 0.0374355 0.0477186 0.0575959 0.0658281 0.0714712 0.0741727 0.0741286 0.0718297 0.0678317 0.0626455 0.0567051 0.0503565 0.0438608 0.0374098 0.0311499 0.0252059 0.0196996 0.0147584 0.0105071 0.00704349 0.00440485
 0.00789269 0.0128903 0.019527 0.0277748 0.0373669 0.0476414 0.0575137 0.065746 0.0713958 0.0741113 0.0740871 0.0718116 0.0678376 0.0626748 0.0567563 0.050428 0.0439489 0.0375075 0.0312473 0.0252924 0.019767 0.0148028 0.0105297 0.00704907 0.00440012
 0.00790626 0.0129052 0.0195364 0.0277683 0.0373341 0.0475764 0.0574192 0.0656334 0.071281 0.0740095 0.0740093 0.071763 0.0678194 0.0626854 0.0567926 0.050486 0.044024 0.0375939 0.0313377 0.0253785 0.0198407 0.0148586 0.010566 0.00706828 0.00440706
 0.00788047 0.0128671 0.0194856 0.0277062 0.037262 0.0474939 0.0573239 0.0655232 0.0711583 0.0738839 0.0738969 0.0716819 0.0677831 0.062699 0.0568526 0.0505827 0.0441454 0.0377279 0.0314732 0.0255056 0.0199512 0.0149467 0.0106297 0.00710936 0.0044302
 0.00787223 0.0128462 0.0194408 0.0276237 0.0371305 0.0473115 0.0571029 0.0652888 0.0709403 0.0737068 0.0737746 0.0716187 0.067778 0.062749 0.056953 0.0507257 0.0443193 0.0379183 0.031665 0.0256852 0.0201078 0.0150736 0.0107244 0.00717387 0.00446992
 0.00783045 0.0127836 0.0193559 0.0275176 0.0370043 0.0471649 0.056934 0.0650974 0.0707335 0.0735015 0.0735959 0.0714923 0.0677221 0.0627696 0.0570447 0.0508757 0.044511 0.0381341 0.0318872 0.0258973 0.0202962 0.0152288 0.0108427 0.00725658 0.0045226
 0.00783995 0.0127905 0.0193509 0.0274875 0.0369368 0.0470543 0.0567857 0.0649266 0.0705584 0.0733368 0.0734505 0.071372 0.0676345 0.0627247 0.0570515 0.0509378 0.0446241 0.0382863 0.0320622 0.0260773 0.0204649 0.015374 0.0109571 0.00733899 0.00457659
 0.00779126 0.0127187 0.0192561 0.0273733 0.036808 0.0469135 0.0566323 0.0647596 0.0703816 0.0731621 0.0732962 0.0712576 0.0675737 0.062723 0.0571077 0.0510465 0.0447776 0.038474 0.0322703 0.0262893 0.0206642 0.0155465 0.0110945 0.0074392 0.00464314
 0.00775772 0.0126582 0.0191548 0.0272167 0.0365866 0.0466304 0.0563085 0.0644311 0.0700882 0.0729347 0.0731498 0.0711927 0.067584 0.0628007 0.0572448 0.0512344 0.0450052 0.0387284 0.0325365 0.0265512 0.0209058 0.0157545 0.0112602 0.00756052 0.0047243
 0.00772151 0.0125985 0.0190632 0.0270841 0.0364043 0.046393 0.0560174 0.064099 0.0697407 0.0726081 0.0728835 0.0710197 0.0675219 0.0628491 0.0573896 0.0514539 0.0452767 0.0390302 0.0328485 0.0268545 0.0211833 0.0159922 0.0114495 0.00769962 0.00481785
 0.00930777 0.0148163 0.0217344 0.02982 0.0387189 0.0478827 0.0565035 0.0636539 0.0686052 0.0710702 0.0711907 0.0693476 0.0659807 0.061501 0.0562619 0.0505488 0.0445786 0.0385137 0.0324842 0.0266128 0.0210355 0.0159118 0.0114131 0.00768836 0.00481831
 0.00928816 0.015082 0.0226585 0.0318656 0.0422371 0.05284 0.0623091 0.0692557 0.0728629 0.0732043 0.0710396 0.0673099 0.0627407 0.0577374 0.0524803 0.047051 0.0415091 0.03592 0.0303621 0.0249322 0.0197527 0.0149744 0.0107629 0.00726413 0.00456029
 0.00895583 0.0145566 0.0219176 0.0309561 0.0413305 0.052271 0.0625363 0.0706977 0.0756476 0.0769817 0.0750245 0.0705799 0.0646215 0.0580378 0.0514626 0.0452151 0.0393572 0.0338187 0.0285168 0.0234242 0.0185884 0.0141219 0.0101726 0.00688015 0.00432751
 0.00877585 0.0142563 0.0214518 0.0302809 0.0404198 0.051148 0.0613144 0.0696097 0.0750287 0.0771782 0.0762379 0.0727188 0.067266 0.0605749 0.0533354 0.046137 0.0393699 0.0331922 0.0275848 0.0224577 0.0177487 0.0134723 0.00971339 0.00658045 0.00414675
 0.00872435 0.0141629 0.0212927 0.0300254 0.0400349 0.0506072 0.0606113 0.0687745 0.0741459 0.0763983 0.0757675 0.0727697 0.0679623 0.0618615 0.0549535 0.0477077 0.0405498 0.0338074 0.027666 0.022175 0.017306 0.013028 0.00935289 0.0063272 0.00398827
 0.0086964 0.0141201 0.0212324 0.0299442 0.0399263 0.0504581 0.0604016 0.0684813 0.0737547 0.0759188 0.0752512 0.0723177 0.0677112 0.0619392 0.0554151 0.048486 0.0414617 0.0346258 0.0282178 0.0224048 0.0172716 0.0128447 0.00913067 0.00613561 0.00385301
 0.00867196 0.0140791 0.0211685 0.0298517 0.0398015 0.0503021 0.0602207 0.0682847 0.0735482 0.0757019 0.0750197 0.0720762 0.067489 0.0617956 0.0554245 0.0487017 0.0418765 0.0351583 0.0287413 0.0228038 0.0174906 0.0128989 0.0090799 0.00604534 0.0037682
 0.00866662 0.0140657 0.0211394 0.0297971 0.0397116 0.0501713 0.0600513 0.0680879 0.0733414 0.0755034 0.0748429 0.0719274 0.0673703 0.0617136 0.0553982 0.0487605 0.0420452 0.0354343 0.0290828 0.0231413 0.0177578 0.0130618 0.00914457 0.00604458 0.00373897
 0.0086603 0.0140605 0.0211406 0.0298111 0.0397427 0.0502168 0.0600987 0.0681171 0.0733324 0.0754441 0.0747348 0.0717836 0.0672102 0.0615577 0.0552658 0.0486715 0.0420188 0.0354826 0.0292007 0.0233023 0.0179215 0.0131914 0.00922235 0.00607443 0.0037381
 0.00865616 0.0140523 0.021126 0.029788 0.0397112 0.0501807 0.0600661 0.0680971 0.0733297 0.0754545 0.0747453 0.0717787 0.0671795 0.0615013 0.0551944 0.0486027 0.0419721 0.0354741 0.0292377 0.0233789 0.0180191 0.0132861 0.00929488 0.00611751 0.00375592
 0.00861153 0.0139866 0.0210396 0.0296858 0.0396007 0.0500701 0.0599629 0.0680084 0.0732633 0.075418 0.0747436 0.0718102 0.067235 0.0615667 0.0552567 0.0486556 0.042018 0.0355219 0.0292967 0.0234531 0.0181042 0.0133706 0.00936649 0.00616851 0.00378582
 0.00864807 0.0140346 0.0210911 0.0297268 0.0396163 0.0500511 0.0599106 0.0679346 0.0731839 0.0753471 0.0746889 0.0717736 0.067215 0.0615597 0.0552581 0.0486605 0.0420237 0.0355291 0.0293094 0.0234756 0.0181373 0.0134105 0.00940592 0.00620087 0.00380784
 0.00862815 0.0140123 0.0210756 0.0297308 0.0396503 0.0501155 0.0599914 0.0680067 0.0732225 0.0753395 0.0746398 0.0717008 0.0671392 0.0614962 0.0552134 0.0486339 0.042011 0.035526 0.0293136 0.0234867 0.0181551 0.0134335 0.00943055 0.00622302 0.00382459
 0.00861686 0.0139913 0.0210398 0.0296759 0.0395762 0.05003 0.0599113 0.0679525 0.0732089 0.0753669 0.0746933 0.0717586 0.0671843 0.0615233 0.0552274 0.0486438 0.0420236 0.0355439 0.0293363 0.0235124 0.0181823 0.0134605 0.00945567 0.00624424 0.00384057
 0.00862299 0.0140013 0.0210545 0.0296954 0.0395985 0.0500507 0.0599241 0.067952 0.0731944 0.0753436 0.0746709 0.0717448 0.0671803 0.0615235 0.0552246 0.048634 0.0420084 0.035528 0.0293243 0.0235068 0.0181832 0.0134665 0.00946455 0.00625371 0.00384882
 0.00862299 0.0140013 0.0210545 0.0296954 0.0395985 0.0500507 0.0599241 0.067952 0.0731944 0.0753436 0.0746709 0.0717448 0.0671803 0.0615235 0.0552246 0.048634 0.0420084 0.035528 0.0293243 0.0235068 0.0181832 0.0134665 0.00946455 0.00625371 0.00384882
 0.00893469 0.0144926 0.0217629 0.030639 0.0407654 0.051386 0.0613208 0.0692578 0.0742419 0.0759947 0.0748528 0.0714636 0.066508 0.0605715 0.0541145 0.0474757 0.0408884 0.034507 0.0284398 0.022777 0.0176104 0.0130406 0.0091663 0.00605847 0.00373025
 0.0088305 0.0143621 0.0216389 0.0305779 0.0408341 0.0516398 0.0617815 0.0699029 0.0750068 0.0767843 0.0755596 0.0719887 0.0667829 0.0605726 0.0538655 0.0470366 0.0403364 0.0339179 0.0278754 0.0222794 0.0172025 0.0127285 0.00894374 0.0059111 0.00364013
 0.0087609 0.0142342 0.0214223 0.0302442 0.0403743 0.0510869 0.0612229 0.0694671 0.0748217 0.076926 0.0760202 0.072679 0.0675658 0.0613072 0.0544437 0.0474034 0.0404907 0.0338993 0.0277432 0.0220937 0.0170111 0.0125616 0.00881504 0.00582176 0.00358394
 0.0088739 0.0144036 0.0216489 0.0305141 0.0406574 0.0513384 0.0613909 0.0695093 0.0747273 0.0767321 0.0758042 0.0725274 0.067533 0.0613908 0.0545899 0.0475359 0.0405452 0.0338462 0.0275913 0.0218786 0.0167768 0.012346 0.00864074 0.00569598 0.00350229
 0.00888761 0.0144367 0.0217179 0.0306391 0.0408543 0.051607 0.061706 0.0698205 0.074972 0.0768569 0.0757873 0.072389 0.0673293 0.0611899 0.054442 0.0474532 0.0405034 0.0338041 0.0275156 0.0217589 0.0166259 0.0121886 0.00850048 0.00558697 0.00342748
 0.00878221 0.0142677 0.0214699 0.0303041 0.0404394 0.0511424 0.0612482 0.0694426 0.0747414 0.0768086 0.0759106 0.072637 0.067643 0.0615237 0.0547741 0.0477789 0.0408189 0.0340961 0.0277622 0.0219408 0.0167368 0.0122382 0.00850864 0.00557459 0.00340999
 0.00889645 0.0144352 0.0216873 0.0305542 0.0406933 0.051365 0.0614052 0.0695092 0.0747097 0.0766931 0.0757441 0.0724571 0.0674775 0.0613837 0.054658 0.047682 0.0407399 0.0340352 0.0277166 0.0219027 0.0166977 0.0121936 0.00846067 0.00552931 0.00337313
 0.00898534 0.0145871 0.021928 0.0309077 0.0411707 0.05195 0.0620437 0.0701137 0.075182 0.076956 0.0757654 0.0722555 0.0671096 0.0609213 0.0541674 0.0472113 0.0403173 0.0336732 0.0274177 0.0216631 0.0165096 0.0120482 0.00835037 0.00544841 0.0033171
 0.0088957 0.0144528 0.0217485 0.0306941 0.0409472 0.0517534 0.061919 0.0701025 0.0753062 0.0772029 0.0760861 0.0725811 0.0673772 0.0610952 0.0542448 0.0472139 0.0402757 0.0336141 0.0273583 0.021611 0.0164663 0.0120124 0.0083204 0.00542367 0.00329772
 0.00872032 0.0141636 0.021308 0.0300708 0.0401302 0.0507709 0.0608535 0.0690868 0.0744949 0.0767278 0.0760176 0.0729103 0.0680245 0.0619383 0.0551555 0.0480882 0.0410493 0.0342608 0.0278776 0.0220146 0.0167694 0.0122302 0.00846817 0.00551695 0.00335177
 0.00862672 0.0139958 0.0210267 0.0296302 0.0394893 0.0499125 0.059803 0.0679223 0.0733395 0.075729 0.0753172 0.0726132 0.0681726 0.0624989 0.05603 0.0491403 0.0421409 0.0352819 0.0287599 0.0227299 0.0173181 0.0126292 0.00874225 0.00569339 0.00345719
#pred catch len freq
 0.00389262 0.00623709 0.00925306 0.0129336 0.0172848 0.0222884 0.0278303 0.0336736 0.0394997 0.0449762 0.0498107 0.0537905 0.056811 0.0588772 0.0600715 0.0605087 0.0603026 0.0595387 0.0582306 0.0562548 0.0533106 0.0489913 0.0430118 0.0354976 0.027123
 0.00429694 0.00684664 0.0100866 0.0139903 0.0185631 0.0238048 0.0296182 0.0357484 0.0418049 0.0473436 0.0519697 0.0554354 0.0576988 0.0589074 0.0593106 0.0591524 0.0585968 0.0576924 0.0563571 0.0543654 0.051364 0.0469702 0.0409789 0.0335928 0.0255048
 0.0045198 0.00722907 0.0106978 0.0149033 0.0198351 0.0254513 0.0315947 0.0379588 0.0441327 0.0496803 0.054211 0.0574478 0.0592956 0.0598729 0.0594708 0.0584506 0.0571212 0.0556384 0.0539483 0.0517846 0.0487325 0.0443778 0.0385269 0.0314083 0.0237104
 0.0047989 0.00766009 0.011309 0.0157192 0.0208878 0.0267896 0.0332759 0.0400163 0.0465339 0.0523009 0.0568477 0.059866 0.061279 0.0612462 0.0600989 0.0582404 0.0560446 0.0537594 0.0514245 0.0488338 0.0455873 0.0412567 0.0356261 0.0288953 0.0217026
 0.00508645 0.00811763 0.0119792 0.0166353 0.0220699 0.0282394 0.0349735 0.0419239 0.0486055 0.0544868 0.059082 0.0620432 0.0632418 0.0628006 0.0610505 0.0584331 0.055387 0.0522418 0.0491299 0.0459367 0.0423343 0.0379301 0.0325014 0.0261979 0.0195721
 0.00537482 0.00857499 0.0126478 0.0175515 0.0232626 0.0297257 0.0367472 0.0439424 0.0507851 0.0567108 0.0612219 0.0639806 0.0648778 0.0640474 0.0618146 0.0586075 0.0548666 0.050957 0.0470847 0.0432357 0.0391856 0.0346189 0.0293361 0.0234446 0.0173981
 0.00566867 0.00904109 0.0133291 0.0184837 0.0244731 0.0312288 0.0385344 0.0459721 0.0529771 0.0589495 0.0633675 0.0658869 0.0664143 0.0651162 0.0623522 0.0585717 0.0542194 0.049664 0.0451386 0.0406946 0.0362034 0.0314428 0.0262628 0.0207482 0.01526
 0.0059699 0.00952123 0.0140349 0.0194554 0.0257405 0.0328043 0.040401 0.0480735 0.0552159 0.0611963 0.0654755 0.0677103 0.0678252 0.0660191 0.06269 0.0583209 0.0533783 0.0482416 0.0431585 0.0382174 0.0333566 0.0284331 0.0233509 0.0181864 0.0132232
 0.00631124 0.0100564 0.0148053 0.0204909 0.0270608 0.034417 0.0422934 0.0501988 0.0574836 0.0634729 0.0675985 0.0695118 0.0691603 0.0667873 0.0628428 0.057856 0.052324 0.0466432 0.0410738 0.0357279 0.0305878 0.0255675 0.0206121 0.015792 0.0113248
 0.00669221 0.0106403 0.0156193 0.0215403 0.0283343 0.0358942 0.0439463 0.0519865 0.0593455 0.0653261 0.0693392 0.0710221 0.0703207 0.0674934 0.0630218 0.0574757 0.0513923 0.0452004 0.0391853 0.0334854 0.0281176 0.0230353 0.0182103 0.0137027 0.00967287
 0.00700088 0.0111352 0.0163503 0.0225476 0.0296383 0.0374822 0.0457595 0.0539191 0.0612628 0.067093 0.0708445 0.0721876 0.0710962 0.067847 0.0629336 0.0569368 0.0504088 0.0437985 0.0374163 0.0314304 0.0258916 0.0207858 0.0161019 0.0118857 0.00824621
 0.00713444 0.0113658 0.0167244 0.0231215 0.030472 0.0386243 0.047226 0.0556727 0.0632019 0.0690575 0.0726426 0.0736366 0.0720643 0.0682751 0.06283 0.056351 0.049405 0.0424407 0.0357696 0.0295715 0.0239199 0.0188252 0.0142879 0.0103386 0.00704144
 0.00718743 0.011449 0.0168466 0.0232955 0.0307203 0.0389851 0.0477519 0.0564185 0.0642011 0.0702957 0.0740402 0.0750541 0.07333 0.0692277 0.063356 0.0564044 0.0490018 0.041639 0.0346487 0.0282216 0.022442 0.0173318 0.0128947 0.00914576 0.00611103
 0.00727496 0.0115846 0.0170378 0.023545 0.0310258 0.039341 0.0481521 0.0568611 0.0646936 0.0708553 0.0746841 0.0757797 0.074096 0.0699494 0.0639224 0.0567096 0.0489758 0.041264 0.0339578 0.0272859 0.0213564 0.0162027 0.0118269 0.00822603 0.00539212
 0.00728347 0.0116037 0.0170767 0.0236164 0.0311442 0.0395186 0.0483948 0.0571657 0.0650482 0.0712437 0.0750922 0.0761997 0.0745244 0.070376 0.0643175 0.0570192 0.0491325 0.0412091 0.0336639 0.0267689 0.0206731 0.0154371 0.0110707 0.00755802 0.00486238
 0.00727992 0.0115897 0.0170412 0.0235456 0.0310278 0.039358 0.0482094 0.0569922 0.0649317 0.0712244 0.0751941 0.0764266 0.0748616 0.0707957 0.0647816 0.0574801 0.0495332 0.0414898 0.0337756 0.0266898 0.0204187 0.015058 0.0106379 0.00714216 0.00451511
 0.00726423 0.0115688 0.0170176 0.0235227 0.0310064 0.0393332 0.0481698 0.0569258 0.0648356 0.071113 0.0750994 0.0763878 0.0749103 0.0709439 0.0650181 0.0577739 0.04984 0.0417589 0.0339588 0.0267529 0.020352 0.0148813 0.0103946 0.00688427 0.00428648
