SBPRF35
7.78865
Curr Bio
598449
B35
685815
F35
0.21116
FOFL
0.171577
OFL
76579.6
Bzero
2.22533e+006
#pred survey bio
 4.7561e+006 4.50559e+006 4.2556e+006 3.94231e+006 3.6193e+006 3.26246e+006 2.93774e+006 2.5858e+006 2.27084e+006 2.00456e+006 1.74864e+006 1.54573e+006 1.35985e+006 1.20908e+006 1.07733e+006 962590 870746 801789 752611 700060 674966 671157 664000 634550 624055 619172 622430 625194 622457 620029 620818 626904 623079 609809 599905 597531 584992 581323 573423 567153 573108 582950 590681 599376 597659 604542 606058 604511 608060 611880 608541 578982 577858 585672 569321 568671 563539 579100 605124 632433 618997 603965 1.99058e+007 1.16908e+007 1.17546e+007 1.2327e+007 1.31793e+007 1.40887e+007 1.4921e+007 1.5618e+007 1.61693e+007 1.65894e+007 1.69015e+007 1.71299e+007 1.72954e+007 1.74149e+007 1.75011e+007 1.75634e+007 1.76086e+007 1.76416e+007 1.76658e+007 1.76836e+007 1.76969e+007 1.77068e+007 1.77142e+007 1.77198e+007 1.77241e+007 1.77273e+007 1.77298e+007 1.77316e+007 1.77331e+007 1.77342e+007 1.7735e+007 1.77357e+007 1.77362e+007 1.77366e+007 1.77369e+007 1.77371e+007 1.77373e+007 1.77374e+007 1.77375e+007 1.77376e+007 1.77377e+007 1.77377e+007 1.77378e+007 1.77378e+007 1.77378e+007 1.77378e+007 1.77378e+007 1.77378e+007 1.77379e+007 1.77379e+007 1.77379e+007 1.77379e+007 1.77379e+007 1.77379e+007 1.77379e+007 1.77379e+007 1.77379e+007 1.77379e+007 1.77379e+007 1.77379e+007 1.77379e+007 1.77379e+007 1.77379e+007 1.77379e+007 1.77379e+007 1.77379e+007 1.77379e+007 1.77379e+007 1.77379e+007 1.77379e+007 1.77379e+007 1.77379e+007 1.77379e+007 1.77379e+007 1.77379e+007 1.77379e+007 1.77379e+007 1.77379e+007 1.77379e+007 1.77379e+007 1.77379e+007 1.77379e+007 1.77379e+007 1.77379e+007 1.77379e+007 1.77379e+007 1.77379e+007 1.77379e+007 1.77379e+007 1.77379e+007 1.77379e+007 1.77379e+007 1.77379e+007 1.77379e+007 1.77379e+007 1.77379e+007 1.77379e+007 1.77379e+007 1.77379e+007 1.77379e+007 0 0 0 0 0 0 0 0 0 0 0 0 0 0 0 0 0 0 0 0 0 0 0 0 0
#obs survey bio
 3.57368e+006 3.97178e+006 3.11569e+006 2.49846e+006 2.67501e+006 3.06436e+006 2.24926e+006 3.31011e+006 1.6685e+006 1.98327e+006 1.13347e+006 1.15851e+006 777886 1.31608e+006 1.11935e+006 716485 496928 520866 464166 690651 699431 560626 886842 372937 461428 609784 672158 486607 519086 578318 482664 791350 570033 905928 661586 712957 565417 677398 671677 610774 496381 616628 490828 471765 644616 551744 590240 970584 464439 670209 448088 474239 660151 588944 470234 474299 465379 494689 699891 744565 787608 685629
#pred catch bio
 97905.2 97816.7 166981 197790 257407 259917 315320 309728 289626 300134 268995 266079 243559 231897 219753 201227 181464 162935 162026 134810 114882 116303 132169 113769 107943 99765.3 98537.5 101440 99441.6 95021.9 88901 94680.6 98634.8 91430.7 81819.5 90160.9 86386.3 94562.2 94967.7 84555.4 81009.2 82912.9 82591 91503.4 84343.2 89354.3 92115.2 88148.7 88805.5 95506.4 117250 93496.5 87356.6 107748 94579.8 99136.5 83059.4 75946.3 75143.3 106683 103253 114177 76579.6 90135.9 89227.5 92328.3 98182.9 104662 110555 115383 119085 121796 123713 125037 125932 126529 126922 127179 127345 127452 127520 127564 127592 127609 127620 127628 127632 127635 127637 127638 127638 127639 127639 127639 127639 127639 127639 127639 127639 127639 127640 127640 127640 127640 127640 127640 127640 127640 127640 127640 127640 127640 127640 127640 127640 127640 127640 127640 127640 127640 127640 127640 127640 127640 127640 127640 127640 127640 127640 127640 127640 127640 127640 127640 127640 127640 127640 127640 127640 127640 127640 127640 127640 127640 127640 127640 127640 127640 127640 127640 127640 127640 127640 127640 127640 127640 127640 127640 127640 127640 127640 127640 0 0 0 0 0 0 0 0 0 0 0 0 0 0 0 0 0 0 0 0 0 0 0 0 0
#obs catch bio
 0 97528.2 167978 198963 260708 263432 323508 316335 295914 307310 276174 273865 252022 238608 225926 207486 187499 168429 167830 138240 116903 118674 134964 115941 110324 101701 99904.2 102819 100983 96305.2 89903.6 95822.3 99809.6 91822.8 82011.1 90473.9 86726.3 95140.7 95575.5 84859.2 80844.1 82661.2 82618.9 91711.8 84243.8 89348.5 92306.1 87849.9 88934.2 95549.3 118267 93859.4 87396 108414 94813 99887.1 83563.5 76631.9 75439.7 107648 103386 114312
#pred cpue bio
 4.68855e+006 4.443e+006 4.19667e+006 3.88485e+006 3.5628e+006 3.20739e+006 2.88409e+006 2.53453e+006 2.22196e+006 1.95758e+006 1.70362e+006 1.50223e+006 1.31805e+006 1.16893e+006 1.03892e+006 925715 835145 767470 719699 669009 645063 641641 634938 606530 596340 591731 595393 598602 596198 594077 595198 601593 598532 586342 577369 575444 562426 557148 548477 542570 548981 558930 566439 574805 573120 579832 581225 579669 583054 586601 583204 554089 552624 560234 544326 543444 538227 553292 578957 606335 593986 579997 1.91306e+007 1.12373e+007 1.11924e+007 1.16527e+007 1.24688e+007 1.33703e+007 1.42012e+007 1.4898e+007 1.54493e+007 1.58693e+007 1.61815e+007 1.64098e+007 1.65754e+007 1.66948e+007 1.6781e+007 1.68433e+007 1.68885e+007 1.69215e+007 1.69457e+007 1.69635e+007 1.69768e+007 1.69867e+007 1.69941e+007 1.69998e+007 1.7004e+007 1.70072e+007 1.70097e+007 1.70116e+007 1.7013e+007 1.70141e+007 1.7015e+007 1.70156e+007 1.70161e+007 1.70165e+007 1.70168e+007 1.7017e+007 1.70172e+007 1.70173e+007 1.70174e+007 1.70175e+007 1.70176e+007 1.70176e+007 1.70177e+007 1.70177e+007 1.70177e+007 1.70177e+007 1.70178e+007 1.70178e+007 1.70178e+007 1.70178e+007 1.70178e+007 1.70178e+007 1.70178e+007 1.70178e+007 1.70178e+007 1.70178e+007 1.70178e+007 1.70178e+007 1.70178e+007 1.70178e+007 1.70178e+007 1.70178e+007 1.70178e+007 1.70178e+007 1.70178e+007 1.70178e+007 1.70178e+007 1.70178e+007 1.70178e+007 1.70178e+007 1.70178e+007 1.70178e+007 1.70178e+007 1.70178e+007 1.70178e+007 1.70178e+007 1.70178e+007 1.70178e+007 1.70178e+007 1.70178e+007 1.70178e+007 1.70178e+007 1.70178e+007 1.70178e+007 1.70178e+007 1.70178e+007 1.70178e+007 1.70178e+007 1.70178e+007 1.70178e+007 1.70178e+007 1.70178e+007 1.70178e+007 1.70178e+007 1.70178e+007 1.70178e+007 1.70178e+007 1.70178e+007 1.70178e+007 1.70178e+007 0 0 0 0 0 0 0 0 0 0 0 0 0 0 0 0 0 0 0 0 0 0 0 0 0
#obs cpue bio
 3.45934e+006 3.06699e+006 3.497e+006 2.83858e+006 3.23121e+006 1.78648e+006 1.74808e+006 2.77503e+006 2.118e+006 1.92739e+006 1.27022e+006 1.53547e+006 987859 1.16488e+006 769108 678714 772984 618674 793518 581666 565465 485819 502930 613773 477416 453167 656494 686405 477472 572736 639550 441845 625885 611772 475313 540050 440854 445867 436560 504111 1.02393e+006 631885 459955 744205 578640 641591 507693 543217 487206 550949 586776 599053 551000 509208 591194 522398 502670 399225 582244 602871 594545 622005
#pred surv len freq
 0.00549561 0.00883131 0.0131202 0.0182862 0.0241754 0.0304917 0.0367595 0.0424231 0.0470534 0.0504967 0.0528593 0.0543806 0.0553112 0.0558441 0.056084 0.0560391 0.0556343 0.0547396 0.0531913 0.0507934 0.0473215 0.0425797 0.0365372 0.0294836 0.0220684
 0.00579545 0.00919574 0.0134471 0.0184199 0.0239673 0.0298861 0.0358494 0.0414281 0.0462198 0.0499788 0.0526539 0.0543509 0.0552748 0.0556719 0.055762 0.0556726 0.0553985 0.054799 0.0536218 0.0515429 0.0482296 0.0434483 0.0372126 0.0299059 0.0222675
 0.0061522 0.00976099 0.0142616 0.0194888 0.0252337 0.0312076 0.0370024 0.0421646 0.0463688 0.0495352 0.0517862 0.053309 0.0542605 0.0547614 0.0549254 0.0548583 0.0546123 0.0541213 0.0531594 0.0513562 0.048288 0.0436435 0.0374166 0.0300317 0.0222944
 0.00644182 0.0102337 0.0149769 0.0205035 0.0265894 0.0329072 0.0389783 0.0442547 0.048322 0.0510602 0.0526368 0.0533712 0.0535922 0.0535534 0.0534077 0.053216 0.0529604 0.0525354 0.0517118 0.050118 0.0473014 0.0428989 0.0368623 0.0296073 0.0219596
 0.00672434 0.0106802 0.0156266 0.021389 0.0277367 0.0343327 0.0406792 0.0461932 0.0504079 0.0531385 0.0544905 0.0547524 0.0542833 0.0534388 0.0525152 0.0517006 0.0510419 0.0504317 0.0496031 0.0481408 0.0455518 0.0414316 0.0356907 0.0287126 0.0213066
 0.00702841 0.0111653 0.0163396 0.0223676 0.0290035 0.0358867 0.0424868 0.0481864 0.052494 0.0552123 0.0564364 0.0564346 0.0555383 0.0540916 0.0524245 0.0508129 0.0494232 0.048255 0.0471012 0.0455528 0.0430841 0.0392383 0.0338663 0.0272931 0.0202771
 0.00721478 0.011477 0.0168256 0.0230802 0.0299897 0.0371732 0.0440636 0.0499997 0.0544534 0.0572076 0.0583545 0.0581654 0.0569709 0.0551054 0.0528892 0.0506102 0.0484868 0.0466116 0.0448858 0.042987 0.0404275 0.0367344 0.0317003 0.0255694 0.0190168
 0.00752775 0.0119641 0.0175192 0.0239997 0.0311428 0.0385573 0.0456622 0.0517749 0.0563409 0.0591196 0.0601871 0.0598107 0.0583257 0.0560745 0.0533819 0.0505367 0.0477694 0.0452135 0.0428492 0.0404553 0.0376345 0.033957 0.0291949 0.0235149 0.0174863
 0.00791255 0.0125613 0.018365 0.0251085 0.0325058 0.0401419 0.0474102 0.0536053 0.0581617 0.0608443 0.0617463 0.0611495 0.0593943 0.0568183 0.0537369 0.0504305 0.0471286 0.0439826 0.0410217 0.0381084 0.0349441 0.0311771 0.0265992 0.0213253 0.0158204
 0.0082727 0.0131292 0.0191864 0.0262131 0.0339011 0.0418046 0.0492772 0.0555724 0.0600994 0.0626248 0.063268 0.0623491 0.0602423 0.0573044 0.0538517 0.050151 0.0464143 0.0427873 0.0393215 0.0359386 0.0324283 0.0285257 0.024067 0.0191423 0.0141276
 0.00867744 0.0137669 0.0201085 0.0274532 0.0354693 0.0436787 0.0513908 0.0578113 0.0623125 0.0646503 0.064962 0.0636067 0.0610074 0.0575677 0.0536366 0.0494923 0.0453377 0.0413014 0.037431 0.033676 0.0298886 0.0258802 0.0215389 0.0169468 0.0124079
 0.00901362 0.0142967 0.0208749 0.028486 0.0367815 0.0452603 0.0532001 0.0597691 0.0643072 0.0665523 0.0666411 0.0649467 0.0619184 0.0579945 0.0535624 0.0489332 0.0443285 0.0398819 0.0356415 0.0315705 0.0275589 0.023472 0.0192396 0.0149422 0.0108269
 0.00930341 0.0147648 0.0215732 0.0294595 0.0380582 0.0468361 0.0550248 0.0617429 0.066296 0.0684144 0.0682504 0.0662047 0.062755 0.0583662 0.0534511 0.0483451 0.0432914 0.0384399 0.0338516 0.0295063 0.0253217 0.0211991 0.0170952 0.0130845 0.00936457
 0.00957666 0.0151904 0.02218 0.0302648 0.0390684 0.0480472 0.0564173 0.063274 0.0678954 0.0699873 0.0696883 0.0674007 0.063619 0.0588351 0.0534916 0.0479502 0.0424761 0.0372376 0.0323145 0.0277087 0.0233653 0.0192141 0.0152285 0.0114719 0.00809695
 0.00994607 0.0157567 0.0229683 0.0312748 0.040276 0.0494079 0.0578682 0.0647377 0.0692891 0.0712356 0.0707323 0.0681966 0.0641323 0.0590364 0.0533576 0.0474691 0.041651 0.0360896 0.0308845 0.0260615 0.0215927 0.0174334 0.0135688 0.0100491 0.00698497
 0.0102546 0.0162499 0.0236934 0.0322662 0.0415438 0.0509232 0.0595506 0.0664578 0.0708933 0.072584 0.0717294 0.068802 0.0643513 0.0589002 0.0529048 0.0467336 0.0406601 0.0348685 0.0294662 0.0244964 0.0199552 0.0158207 0.0120878 0.00879401 0.00601301
 0.0104 0.016495 0.0240787 0.0328357 0.0423363 0.051958 0.0608104 0.0678794 0.0723707 0.0739847 0.072919 0.0696696 0.0648296 0.0589736 0.052602 0.0461092 0.0397748 0.0337773 0.0282182 0.0231429 0.0185598 0.0144615 0.0108503 0.00775238 0.00521074
 0.0103898 0.0164947 0.0241095 0.0329309 0.0425372 0.0523053 0.0613344 0.06859 0.0732505 0.074985 0.0739598 0.0706484 0.0656388 0.0595226 0.0528355 0.0460148 0.0393774 0.033126 0.0273727 0.0221671 0.0175214 0.0134337 0.00990636 0.00695397 0.00459418
 0.010308 0.016371 0.0239419 0.0327269 0.0423168 0.0521024 0.0611967 0.068574 0.0734094 0.0753521 0.0745339 0.0713877 0.0664647 0.0603332 0.0535261 0.0464988 0.0396027 0.0330811 0.0270827 0.0216837 0.0169123 0.0127736 0.0092678 0.00639684 0.00415551
 0.0104233 0.0165351 0.0241455 0.0329464 0.0425206 0.0522622 0.0612975 0.0686191 0.0734195 0.0753609 0.07458 0.0715036 0.0666648 0.0606047 0.0538271 0.0467675 0.0397735 0.0331034 0.0269344 0.0213761 0.0164857 0.0122862 0.0087823 0.00596656 0.00381406
 0.0105976 0.0167724 0.0244175 0.0331977 0.0426839 0.0522829 0.0611549 0.0683334 0.0730445 0.0749682 0.0742434 0.0712856 0.0666057 0.0607146 0.0540827 0.0471157 0.0401423 0.033418 0.0271355 0.0214336 0.0164041 0.0120995 0.00854102 0.00572166 0.00360364
 0.0105166 0.0166622 0.0242897 0.033072 0.0425768 0.0521932 0.0610571 0.068187 0.072818 0.0746636 0.0739058 0.07099 0.0664297 0.0607119 0.0542678 0.047462 0.040591 0.0338932 0.0275618 0.0217538 0.0165912 0.0121599 0.0085063 0.00563495 0.0035044
 0.0104259 0.0165261 0.0241066 0.0328505 0.0423359 0.0519599 0.0608613 0.0680523 0.0727504 0.0746459 0.0739044 0.0709753 0.0663965 0.0606861 0.0542929 0.0475756 0.0408038 0.0341825 0.0278796 0.0220448 0.0168118 0.0122905 0.00855362 0.00562351 0.00346402
 0.0106862 0.0169058 0.0245972 0.0334151 0.0429187 0.0525023 0.0613151 0.0683851 0.072944 0.0746928 0.0738042 0.0707331 0.0660254 0.0602126 0.0537619 0.0470462 0.0403357 0.0338169 0.0276276 0.0218879 0.0167153 0.0122204 0.00848893 0.00555855 0.00340321
 0.0106249 0.0168345 0.0245408 0.0334112 0.0430031 0.0526892 0.0615836 0.0686829 0.073209 0.0748786 0.0738944 0.070737 0.0659626 0.0600999 0.0536108 0.0468689 0.040151 0.0336491 0.0274977 0.0218043 0.016671 0.0121989 0.00847378 0.00554076 0.00338195
 0.0104314 0.0165457 0.0241562 0.0329517 0.0425114 0.0522251 0.0612152 0.0684731 0.073196 0.0750594 0.0742233 0.0711429 0.0663755 0.0604708 0.0539159 0.0471038 0.0403228 0.0337712 0.0275863 0.021874 0.0167302 0.012249 0.00851187 0.00556458 0.00339261
 0.0103487 0.0163931 0.0238947 0.0325383 0.0419154 0.0514511 0.060322 0.0675726 0.0724283 0.0745515 0.0740519 0.071316 0.0668369 0.0611229 0.0546511 0.0478305 0.0409797 0.0343284 0.0280378 0.0222276 0.0169994 0.0124473 0.00865133 0.00565611 0.00344734
 0.0103718 0.0164166 0.0239023 0.0325022 0.0417981 0.0512127 0.0599317 0.0670237 0.0717522 0.0738247 0.073386 0.0708294 0.0666179 0.061201 0.054991 0.0483499 0.0415802 0.0349235 0.0285689 0.0226661 0.0173399 0.0126978 0.00882574 0.00577021 0.00351653
 0.0102998 0.0163239 0.023807 0.0324331 0.0417825 0.0512589 0.0600157 0.0670909 0.0717356 0.0736726 0.0730872 0.0704238 0.0661878 0.0608455 0.0547917 0.0483442 0.0417525 0.0352187 0.028917 0.023006 0.0176319 0.012925 0.00898839 0.00587784 0.00358225
 0.0102238 0.0162032 0.0236321 0.0322013 0.0415032 0.050958 0.0597358 0.0668802 0.0716276 0.0736669 0.0731455 0.0704885 0.0662131 0.0608221 0.0547507 0.0483387 0.0418285 0.0353926 0.0291703 0.023297 0.017915 0.0131666 0.00917265 0.00600487 0.00366185
 0.0101033 0.016019 0.0233766 0.0318753 0.0411152 0.0505243 0.0592815 0.0664422 0.071253 0.0734047 0.073032 0.0705322 0.0663889 0.0610812 0.0550427 0.0486324 0.0421191 0.0356907 0.0294843 0.0236203 0.0182264 0.0134403 0.00939037 0.00616114 0.00376305
 0.00981031 0.0155829 0.0227955 0.0311743 0.0403403 0.0497308 0.0585251 0.0657754 0.0707238 0.0730537 0.0728878 0.0706073 0.0666755 0.0615484 0.0556393 0.0492966 0.0427938 0.0363358 0.030078 0.0241519 0.0186877 0.0138226 0.0096872 0.00637391 0.00390229
 0.00959961 0.0152555 0.0223321 0.0305704 0.0396102 0.0489113 0.0576777 0.0649801 0.0700632 0.0725922 0.0726581 0.0706107 0.0668926 0.061949 0.0561864 0.0499468 0.0434981 0.0370447 0.0307493 0.0247552 0.0192043 0.0142432 0.0100101 0.0066049 0.00405443
 0.00951831 0.0151219 0.0221283 0.0302788 0.0392173 0.0484137 0.0570893 0.0643367 0.0694197 0.0720139 0.0722082 0.0703375 0.0668207 0.0620779 0.0564944 0.050398 0.0440488 0.0376475 0.0313574 0.0253272 0.0197085 0.01466 0.0103322 0.00683625 0.00420756
 0.009636 0.0152701 0.0222715 0.030357 0.0391618 0.0481723 0.0566479 0.0637259 0.0687044 0.0712753 0.0715275 0.0697855 0.066451 0.0619209 0.0565548 0.0506552 0.0444623 0.0381653 0.0319235 0.0258888 0.0202219 0.0150945 0.0106728 0.00708266 0.0043713
 0.0104384 0.0164045 0.0236626 0.0318234 0.0404619 0.0490811 0.0570233 0.0635335 0.0680047 0.0701929 0.0702202 0.0684174 0.0651675 0.0608315 0.0557242 0.0501051 0.0441781 0.0381062 0.0320326 0.0261037 0.0204835 0.0153546 0.0108985 0.0072574 0.00449304
 0.0112292 0.017642 0.0254262 0.0341313 0.0432401 0.0521334 0.0600204 0.0660553 0.0696473 0.0706988 0.0695596 0.0667772 0.0628673 0.0582202 0.0531039 0.0476951 0.0421104 0.0364368 0.0307603 0.0251885 0.0198639 0.0149619 0.0106672 0.00713204 0.00443126
 0.0109533 0.0173418 0.0252488 0.0343047 0.0440123 0.0536716 0.0623181 0.0688962 0.0726435 0.0733844 0.0715058 0.0676957 0.0626762 0.0570484 0.0512344 0.0454714 0.0398483 0.0343694 0.0290223 0.0238281 0.0188672 0.0142773 0.0102272 0.00686853 0.00428496
 0.0104784 0.0166399 0.0243309 0.0332484 0.0429679 0.052855 0.0619843 0.069282 0.0738797 0.0754103 0.0740391 0.0702931 0.0648654 0.0584725 0.0517446 0.0451388 0.0389028 0.0331044 0.027706 0.0226504 0.0179256 0.0135929 0.00977105 0.00658903 0.00412764
 0.010283 0.0163074 0.0238062 0.0324796 0.0419302 0.0515846 0.0606087 0.0680235 0.0730167 0.0752013 0.074635 0.0716687 0.0668013 0.0606056 0.0536756 0.0465559 0.0396663 0.0332584 0.0274233 0.0221464 0.0173847 0.0131305 0.00943299 0.00637143 0.00400279
 0.0103256 0.0163323 0.0237605 0.0322836 0.0414944 0.0508408 0.0595432 0.0667002 0.0715834 0.0738755 0.0736677 0.0712852 0.0671293 0.061617 0.0551757 0.0482366 0.0412065 0.0344264 0.0281338 0.0224511 0.0174143 0.0130258 0.00929833 0.00626114 0.00393158
 0.0104313 0.0164846 0.0239507 0.0324841 0.0416566 0.0508975 0.059416 0.0663174 0.070907 0.0729324 0.0725679 0.0702134 0.0663041 0.0612268 0.0553129 0.0488577 0.0421421 0.0354424 0.0290171 0.0230772 0.0177663 0.0131647 0.00931267 0.00622601 0.00389133
 0.010437 0.0165078 0.0240102 0.0326032 0.041853 0.0511682 0.0597253 0.0665944 0.0710595 0.0728729 0.0722449 0.0696378 0.0655618 0.0604667 0.0547072 0.0485433 0.0421691 0.0357554 0.0294834 0.0235469 0.0181312 0.0133861 0.00941022 0.00624629 0.00387828
 0.010336 0.0163622 0.0238267 0.0324026 0.0416679 0.0510362 0.0596802 0.0666558 0.0712215 0.0730963 0.0724602 0.0697644 0.0655391 0.0602844 0.0544181 0.0482485 0.0419771 0.0357354 0.0296357 0.0238098 0.0184168 0.0136227 0.00956619 0.00632727 0.00390897
 0.0103828 0.0164264 0.0239019 0.0324766 0.0417276 0.0510755 0.0597049 0.0666833 0.0712725 0.0731835 0.0725774 0.0698826 0.0656119 0.0602651 0.0542824 0.0480121 0.041696 0.0354845 0.0294755 0.0237603 0.0184551 0.0137023 0.00964405 0.00638051 0.00393525
 0.0104117 0.0164627 0.0239367 0.0324946 0.0417108 0.0510095 0.0595861 0.0665222 0.0710943 0.0730231 0.0724707 0.0698539 0.0656637 0.0603734 0.0544049 0.0481068 0.0417408 0.0354871 0.0294655 0.0237694 0.0184981 0.0137719 0.00972007 0.00644412 0.00397784
 0.0103521 0.0163903 0.0238717 0.0324684 0.0417542 0.0511354 0.0597774 0.0667342 0.0712719 0.0731238 0.0724807 0.0697899 0.0655608 0.0602676 0.0543181 0.0480413 0.0416857 0.0354307 0.0294066 0.0237174 0.0184654 0.0137637 0.00973153 0.00646436 0.00399697
 0.0104383 0.0165052 0.0239993 0.0325819 0.0418279 0.0511608 0.0597721 0.0667343 0.07131 0.0732071 0.0725847 0.0698726 0.0655866 0.0602249 0.0542203 0.0479146 0.0415539 0.035308 0.0292984 0.0236268 0.0183955 0.0137171 0.00970668 0.00645572 0.00399719
 0.0105029 0.016603 0.0241321 0.0327436 0.0420028 0.0513242 0.0598936 0.0667876 0.0712854 0.0731199 0.07247 0.0697674 0.0655109 0.0601753 0.0541787 0.0478641 0.0414886 0.0352326 0.0292223 0.0235583 0.0183401 0.0136773 0.00968219 0.00644372 0.00399338
 0.010456 0.0165454 0.0240797 0.0327219 0.042039 0.0514345 0.0600728 0.0670068 0.0715004 0.0732864 0.0725591 0.0697748 0.0654547 0.0600847 0.0540798 0.0477703 0.0414019 0.0351499 0.0291425 0.0234842 0.0182762 0.0136273 0.00964728 0.00642233 0.00398216
 0.0105503 0.0166796 0.0242471 0.0329064 0.0422225 0.0516069 0.0602374 0.0671756 0.0716812 0.0734702 0.0727177 0.0698701 0.065457 0.059986 0.0538967 0.047535 0.0411484 0.0349043 0.0289203 0.023293 0.0181194 0.0135057 0.00955922 0.00636356 0.00394641
 0.0108157 0.0171018 0.0248626 0.033736 0.0432596 0.0528034 0.0614954 0.0683571 0.0726405 0.074095 0.0729555 0.0697292 0.0649873 0.0592584 0.05299 0.0465298 0.0401228 0.0339266 0.0280423 0.0225466 0.0175178 0.0130467 0.00922944 0.00614212 0.00380863
 0.0106758 0.0169038 0.0246209 0.0334872 0.0430581 0.0527104 0.0615647 0.0686205 0.0730935 0.0746896 0.0736068 0.0703368 0.0654633 0.0595484 0.0530789 0.0464358 0.0398859 0.0335982 0.0276753 0.0221873 0.0171997 0.0127887 0.00903659 0.00600927 0.00372457
 0.0106066 0.0167775 0.0244071 0.0331548 0.0425896 0.0521219 0.0609205 0.0680282 0.0726769 0.0745479 0.0737803 0.070795 0.0661163 0.0602761 0.053765 0.0469948 0.0402759 0.0338189 0.0277558 0.022171 0.0171307 0.0127027 0.00895699 0.00594728 0.0036823
 0.0108671 0.0171701 0.0249384 0.0338041 0.0433076 0.0528337 0.0615334 0.0684495 0.0728416 0.0744463 0.0734667 0.0703668 0.0656746 0.0598885 0.0534497 0.0467298 0.0400227 0.0335466 0.0274549 0.0218538 0.0168226 0.01243 0.00873779 0.00578737 0.00357655
 0.0108644 0.0171807 0.0249817 0.0339065 0.0434941 0.0531151 0.0618943 0.0688451 0.0732064 0.0747124 0.0735861 0.0703282 0.0655076 0.0596515 0.0532048 0.0465186 0.0398549 0.0334064 0.0273186 0.0217063 0.0166645 0.0122738 0.00859951 0.00567834 0.00349999
 0.0109158 0.0172585 0.0250887 0.0340437 0.0436629 0.0533199 0.062142 0.0691387 0.0735357 0.0750472 0.0738771 0.0705202 0.0655592 0.0595523 0.0529801 0.0462184 0.0395328 0.0331012 0.0270472 0.0214694 0.0164574 0.012095 0.00845168 0.00556458 0.00342014
 0.0106294 0.0168366 0.0245354 0.0333927 0.0429702 0.0526504 0.0615596 0.0687019 0.073295 0.0750377 0.0741075 0.0709633 0.0661526 0.0602112 0.0536203 0.0467779 0.039983 0.0334423 0.0272948 0.0216417 0.0165694 0.0121593 0.00848068 0.00557121 0.00341581
 0.0102116 0.0161979 0.0236521 0.0322751 0.0416655 0.0512428 0.0601681 0.0674705 0.072368 0.0745265 0.0740654 0.071378 0.0669561 0.0612967 0.0548615 0.0480484 0.0411762 0.0344854 0.0281529 0.0223107 0.0170652 0.0125074 0.0087104 0.00571215 0.00349536
 0.00988576 0.0156827 0.0229048 0.0312692 0.0404 0.0497542 0.0585432 0.0658474 0.0709176 0.0734187 0.0734326 0.0712908 0.0674136 0.062231 0.056153 0.0495485 0.0427323 0.0359644 0.0294577 0.0233872 0.017899 0.0131144 0.00912469 0.00597603 0.00365113
 0.00975646 0.015505 0.0226955 0.031058 0.0402136 0.0495946 0.058375 0.0656075 0.0705467 0.0728972 0.0728025 0.0706496 0.0668846 0.0619252 0.0561365 0.0498264 0.043252 0.0366345 0.0301747 0.0240609 0.0184687 0.0135532 0.00943449 0.00617676 0.00377037
 0.00933834 0.0148962 0.0219122 0.0301647 0.039309 0.048785 0.0577477 0.0652127 0.0703863 0.0729251 0.0729401 0.0708183 0.0670415 0.0620807 0.0563429 0.0501454 0.0437191 0.0372395 0.0308643 0.0247594 0.0191032 0.014074 0.00982238 0.00643954 0.00393234
#obs surv len freq
 nan nan nan nan nan nan nan nan nan nan nan nan nan nan nan nan nan nan nan nan nan nan nan nan nan
 0.00448983 0.00735341 0.0111853 0.0160026 0.0217029 0.0279769 0.0342888 0.0400176 0.044695 0.048157 0.0505134 0.0520081 0.0528993 0.0534109 0.0537246 0.053979 0.0542573 0.0545498 0.0546884 0.0542803 0.0527184 0.0493509 0.0438013 0.0362822 0.0276667
 0.00461421 0.00756025 0.0115047 0.0164642 0.0223282 0.0287674 0.0352153 0.0410175 0.0456822 0.0490401 0.0512136 0.0524704 0.0530973 0.0533456 0.0534194 0.0534721 0.0535925 0.0537702 0.0538333 0.0533867 0.0518256 0.0485023 0.0430421 0.0356506 0.0271841
 0.00477618 0.00782349 0.011901 0.017024 0.0230755 0.0297113 0.0363397 0.0422747 0.0469944 0.0503098 0.052337 0.0533515 0.0536611 0.0535474 0.0532494 0.0529526 0.05277 0.0527053 0.0525931 0.0520421 0.0504518 0.0471798 0.0418505 0.0346558 0.0264223
 0.00496605 0.0081343 0.0123727 0.0176947 0.0239742 0.030846 0.0376855 0.0437706 0.048552 0.0518289 0.053719 0.0545051 0.0545042 0.054011 0.0532856 0.0525425 0.0519287 0.0514806 0.0510607 0.0503 0.048616 0.0453777 0.0402078 0.0332751 0.0253611
 0.00517824 0.00848185 0.0129007 0.0184469 0.024985 0.0321272 0.0392125 0.0454768 0.0503379 0.0535801 0.0553242 0.0558665 0.0555394 0.0546522 0.0534782 0.0522481 0.051132 0.0501987 0.0493511 0.0482645 0.0463977 0.0431484 0.0381436 0.0315225 0.0240059
 0.00541134 0.00886293 0.0134783 0.0192678 0.0260858 0.0335204 0.040872 0.0473325 0.0522847 0.055497 0.0570928 0.057382 0.0567145 0.0554163 0.0537753 0.0520351 0.050381 0.0489059 0.0475514 0.0460464 0.0439105 0.040592 0.0357363 0.0294544 0.0223935
 0.00564601 0.00924871 0.0140669 0.0201103 0.0272229 0.034967 0.0426014 0.0492709 0.0543213 0.0575056 0.0589516 0.0589845 0.0579726 0.0562592 0.0541461 0.0518886 0.0496834 0.0476416 0.0457384 0.0437575 0.0412886 0.0378466 0.0331112 0.0271717 0.0205978
 0.00589802 0.00965833 0.0146835 0.0209804 0.0283821 0.0364274 0.0443372 0.0512123 0.0563626 0.0595239 0.0608254 0.0606058 0.0592521 0.0571261 0.0545454 0.0517765 0.0490254 0.0464169 0.0439546 0.0414735 0.0386359 0.0350319 0.0303873 0.0247785 0.0186991
 0.00612121 0.0100285 0.0152541 0.0218055 0.0295051 0.0378637 0.0460574 0.0531373 0.0583776 0.0615021 0.0626489 0.0621763 0.0604905 0.0579695 0.0549433 0.0516875 0.0484151 0.0452621 0.0422561 0.0392789 0.0360629 0.0322758 0.0276952 0.022393 0.0167924
 0.00637245 0.0104371 0.0158695 0.0226745 0.0306635 0.039323 0.0477899 0.0550693 0.0603971 0.0634787 0.0644552 0.0637032 0.0616555 0.0587166 0.0552372 0.0515045 0.0477366 0.0440746 0.0405629 0.0371221 0.0335487 0.0295844 0.0250608 0.0200504 0.0149123
 0.00659357 0.0108021 0.0164287 0.0234778 0.0317499 0.0407045 0.0494356 0.0569015 0.0623035 0.0653355 0.0661468 0.0651327 0.0627467 0.0594135 0.0555021 0.0513144 0.0470786 0.0429437 0.0389688 0.0351065 0.0312081 0.0270813 0.022608 0.0178641 0.0131522
 0.00682416 0.0111789 0.0169995 0.0242881 0.0328344 0.0420725 0.0510565 0.0586986 0.0641644 0.0671323 0.0677588 0.0664606 0.0637188 0.0599845 0.0556482 0.0510264 0.0463553 0.0417906 0.0374035 0.0331738 0.0289985 0.0247417 0.0203288 0.0158384 0.0115228
 0.00703791 0.0115307 0.0175366 0.0250567 0.0338694 0.0433826 0.0526088 0.0604145 0.0659309 0.068825 0.0692626 0.067682 0.0645901 0.0604636 0.0557158 0.0506802 0.0456043 0.0406511 0.0359022 0.0313594 0.0269569 0.0226048 0.0182635 0.0140121 0.0100583
 0.00725917 0.0118921 0.0180836 0.0258318 0.0349036 0.0446812 0.0541369 0.0620921 0.067644 0.0704471 0.0706769 0.0687957 0.0653401 0.0608163 0.0556625 0.0502307 0.0447795 0.0394793 0.0344207 0.0296223 0.0250473 0.0206415 0.0163911 0.0123724 0.00875215
 0.00742802 0.0121734 0.0185194 0.0264651 0.035769 0.0457904 0.0554641 0.0635696 0.0691715 0.0719118 0.071972 0.0698328 0.0660545 0.0611688 0.0556383 0.0498355 0.0440346 0.038417 0.0330834 0.0280678 0.0233561 0.0189205 0.0147648 0.0109588 0.0076328
 0.00749793 0.0122911 0.0187051 0.0267424 0.0361635 0.0463244 0.0561505 0.0644043 0.0701293 0.0729449 0.0730132 0.0708025 0.0668714 0.0617611 0.0559519 0.0498387 0.0437183 0.0377928 0.032183 0.0269432 0.0220823 0.0175944 0.0134957 0.00984812 0.00675009
 0.0075949 0.0124377 0.0189054 0.0269947 0.0364625 0.0466665 0.0565359 0.0648373 0.0706153 0.0734855 0.0736003 0.0714132 0.0674654 0.0622831 0.05634 0.0500352 0.0436798 0.0374983 0.0316374 0.0261794 0.0211611 0.0165999 0.0125235 0.00898686 0.00606085
 0.00766445 0.0125478 0.019065 0.0272087 0.0367292 0.0469753 0.0568668 0.0651649 0.0709185 0.073757 0.0738502 0.0716613 0.0677276 0.0625576 0.0566012 0.0502375 0.043769 0.0374263 0.0313759 0.0257298 0.0205576 0.0159055 0.0118175 0.00834579 0.00553986
 0.00771852 0.0126319 0.0191847 0.0273663 0.0369243 0.0472034 0.0571187 0.0654258 0.0711696 0.0739799 0.0740327 0.0718026 0.0678381 0.0626534 0.0566934 0.0503214 0.0438209 0.0374086 0.0312511 0.025476 0.0201804 0.0154407 0.0113221 0.00788128 0.00515409
 0.00775262 0.0126816 0.0192487 0.0274405 0.0370026 0.0472811 0.0571943 0.0655016 0.0712496 0.0740676 0.0741292 0.0719058 0.0679443 0.0627592 0.0567968 0.0504194 0.0439041 0.0374579 0.0312403 0.0253813 0.019993 0.0151745 0.0110125 0.0075736 0.00488813
 0.00781335 0.0127706 0.0193644 0.0275744 0.0371413 0.0474094 0.0572986 0.0655727 0.0712844 0.074071 0.0741124 0.0718835 0.0679291 0.0627589 0.0568125 0.0504469 0.0439348 0.0374788 0.0312338 0.0253295 0.0198842 0.0150111 0.0108131 0.00736738 0.00470407
 0.00784779 0.0128288 0.0194554 0.0277061 0.0373168 0.0476213 0.0575265 0.0657849 0.0714475 0.0741611 0.0741234 0.0718269 0.0678285 0.0626403 0.0566977 0.0503487 0.0438565 0.0374147 0.0311722 0.0252561 0.0197874 0.0148874 0.01067 0.00722113 0.00457297
 0.00789129 0.0128932 0.019541 0.02781 0.0374347 0.0477503 0.0576653 0.0659313 0.0715945 0.074294 0.0742223 0.0718735 0.0678142 0.0625701 0.0565883 0.050222 0.0437311 0.0373014 0.0310721 0.0251629 0.0196927 0.0147858 0.0105627 0.00711573 0.00447968
 0.00789191 0.0128941 0.0195422 0.0278111 0.0374349 0.0477487 0.0576615 0.0659271 0.0715949 0.0743064 0.0742536 0.0719247 0.0678779 0.062633 0.0566368 0.0502486 0.0437367 0.0372916 0.0310529 0.0251367 0.0196584 0.0147417 0.0105098 0.00705888 0.00442597
 0.00788383 0.0128771 0.0195098 0.0277555 0.03735 0.0476338 0.0575246 0.0657844 0.0714671 0.074213 0.0742084 0.0719342 0.0679406 0.0627393 0.0567706 0.0503909 0.04387 0.0374044 0.0311401 0.0251978 0.0196951 0.0147565 0.0105063 0.00704274 0.00440403
 0.00787938 0.012865 0.0194824 0.0277028 0.0372614 0.0475028 0.0573524 0.0655825 0.0712559 0.074019 0.0740582 0.0718493 0.0679328 0.0628083 0.0569046 0.0505694 0.0440688 0.0376004 0.0313151 0.025341 0.0198022 0.0148285 0.0105481 0.00706158 0.00440792
 0.00788877 0.0128782 0.0194981 0.0277175 0.037269 0.0474949 0.057319 0.0655149 0.07115 0.0738792 0.0738991 0.0716936 0.0678061 0.0627323 0.0568912 0.0506182 0.0441678 0.0377301 0.031454 0.0254703 0.0199091 0.0149075 0.0105997 0.00709042 0.00442076
 0.00788635 0.0128722 0.0194852 0.0276935 0.03723 0.0474386 0.0572464 0.0654295 0.0710566 0.0737818 0.0738012 0.0716001 0.0677249 0.0626747 0.0568697 0.0506417 0.0442377 0.0378386 0.0315857 0.0256066 0.0200333 0.0150082 0.0106726 0.00713738 0.00444731
 0.00788015 0.0128632 0.0194737 0.0276798 0.0372141 0.0474194 0.0572211 0.0653949 0.0710104 0.0737243 0.0737353 0.0715309 0.0676581 0.0626169 0.0568284 0.0506248 0.0442518 0.0378856 0.031661 0.0256993 0.0201293 0.0150945 0.010741 0.00718518 0.00447682
 0.00784127 0.0127995 0.0193771 0.027544 0.0370369 0.0472063 0.0569883 0.0651671 0.0708154 0.0735844 0.073662 0.0715236 0.0677078 0.0627106 0.0569532 0.0507703 0.0444107 0.0380532 0.0318323 0.0258673 0.0202851 0.0152288 0.0108471 0.0072615 0.0045263
 0.00781846 0.0127592 0.0193106 0.0274412 0.0368891 0.04701 0.0567493 0.0649026 0.0705516 0.073352 0.0734891 0.0714298 0.0677003 0.0627838 0.0570916 0.0509539 0.04462 0.0382719 0.0320481 0.0260708 0.0204677 0.0153836 0.0109694 0.00735041 0.0045852
 0.00779453 0.0127197 0.0192499 0.0273534 0.0367686 0.0468533 0.0565571 0.0646814 0.0703148 0.0731187 0.0732829 0.0712747 0.0676166 0.0627828 0.0571732 0.0511063 0.0448237 0.0385041 0.0322876 0.0262998 0.0206733 0.0155568 0.0111057 0.00744964 0.00465145
 0.00777428 0.0126841 0.0191916 0.0272639 0.036641 0.0466852 0.0563532 0.0644543 0.070082 0.072899 0.073093 0.0711292 0.0675278 0.0627609 0.0572235 0.0512276 0.0450059 0.0387298 0.0325346 0.0265459 0.0208993 0.0157495 0.0112579 0.00756071 0.0047258
 0.00775041 0.0126458 0.0191349 0.027185 0.0365367 0.0465534 0.0561945 0.0642733 0.0698878 0.0727051 0.0729155 0.0709839 0.0674284 0.0627171 0.057241 0.0513074 0.0451439 0.0389155 0.0327519 0.0267744 0.0211185 0.0159422 0.0114136 0.00767598 0.00480376
 0.00932625 0.0148505 0.0217933 0.0299143 0.0388578 0.0480696 0.0567313 0.0639041 0.0688507 0.0712806 0.0713389 0.0694145 0.0659588 0.0613962 0.0560921 0.0503391 0.0443555 0.0382989 0.0322921 0.0264504 0.0209049 0.0158118 0.0113409 0.00763965 0.00478798
 0.00930543 0.0151091 0.0226978 0.0319193 0.042308 0.0529319 0.0624257 0.0693985 0.0730282 0.0733809 0.0712087 0.0674483 0.0628262 0.0577548 0.0524257 0.0469328 0.0413452 0.0357334 0.030175 0.0247616 0.0196089 0.0148616 0.0106803 0.00720786 0.00452487
 0.0089827 0.0145995 0.0219805 0.0310416 0.0414392 0.0523998 0.0626783 0.0708429 0.0757858 0.0771051 0.0751283 0.0706603 0.064673 0.0580521 0.0514314 0.045134 0.0392296 0.0336566 0.0283381 0.0232479 0.0184304 0.0139922 0.0100746 0.00681201 0.00428402
 0.00878006 0.0142668 0.0214746 0.0303234 0.0404892 0.0512476 0.0614412 0.0697536 0.0751749 0.0773115 0.0763464 0.0727961 0.0673102 0.0605865 0.0533147 0.0460832 0.039283 0.0330752 0.0274461 0.0223105 0.0176076 0.0133496 0.00961637 0.00651066 0.00410109
 0.00873769 0.0141818 0.0213162 0.0300516 0.0400627 0.0506377 0.0606491 0.0688256 0.0742145 0.0764833 0.0758612 0.0728599 0.0680365 0.0619104 0.0549726 0.0476959 0.0405085 0.0337391 0.0275759 0.0220711 0.0171989 0.0129289 0.00927006 0.00626486 0.00394599
 0.00869933 0.0141218 0.0212292 0.0299311 0.0398982 0.0504124 0.0603408 0.068414 0.0736942 0.0758805 0.0752474 0.0723539 0.0677836 0.0620355 0.0555182 0.048579 0.041532 0.0346663 0.0282277 0.0223881 0.0172362 0.0128003 0.00908645 0.00609824 0.0038255
 0.0086874 0.0141024 0.0212 0.0298899 0.0398428 0.0503404 0.0602484 0.0682938 0.073534 0.0756653 0.074969 0.072025 0.0674512 0.0617809 0.0554345 0.0487297 0.0419111 0.0351873 0.0287559 0.0228007 0.0174716 0.0128697 0.00904759 0.00601597 0.00374533
 0.00869068 0.0141071 0.0212058 0.0298957 0.0398469 0.0503403 0.0602407 0.0682741 0.0734963 0.0756021 0.0748711 0.071885 0.0672703 0.0615779 0.0552505 0.0486202 0.0419232 0.0353328 0.028998 0.023068 0.0176922 0.013003 0.00909409 0.00600426 0.00370961
 0.00867163 0.014079 0.0211687 0.0298518 0.0397995 0.0502932 0.0601971 0.0682364 0.0734654 0.0755766 0.0748474 0.0718563 0.0672295 0.0615206 0.0551815 0.0485573 0.0418941 0.035363 0.0290952 0.0232134 0.017848 0.0131312 0.00917407 0.00603742 0.00371165
 0.00865413 0.0140515 0.0211294 0.0297998 0.039736 0.0502219 0.0601243 0.0681704 0.0734143 0.0755457 0.0748369 0.0718619 0.0672433 0.061534 0.0551884 0.0485577 0.041896 0.0353803 0.0291402 0.0232884 0.0179417 0.0132236 0.00924664 0.00608209 0.00373144
 0.00867792 0.014086 0.0211735 0.0298497 0.0397856 0.0502645 0.0601543 0.0681839 0.0734098 0.0755244 0.0748023 0.0718186 0.0671952 0.0614836 0.0551367 0.0485057 0.0418467 0.03534 0.0291169 0.0232876 0.0179622 0.0132571 0.00928156 0.00610914 0.00374716
 0.00866579 0.0140721 0.0211631 0.0298506 0.0398054 0.0503061 0.0602132 0.0682484 0.0734657 0.0755599 0.0748123 0.0718046 0.0671634 0.0614413 0.0550899 0.0484587 0.0418026 0.0353018 0.0290884 0.0232725 0.0179616 0.0132683 0.00929876 0.00612596 0.00375947
 0.00863882 0.0140261 0.0210904 0.0297446 0.0396643 0.0501376 0.0600365 0.0680916 0.0733563 0.075515 0.0748325 0.0718766 0.0672672 0.0615582 0.0552066 0.0485673 0.0418994 0.035386 0.0291609 0.0233351 0.0180163 0.0133159 0.00933868 0.00615698 0.00378111
 0.00863793 0.0140235 0.021084 0.0297312 0.039639 0.0500947 0.0599716 0.0680041 0.0732528 0.0754096 0.0747444 0.0718232 0.0672573 0.0615894 0.0552676 0.0486437 0.0419789 0.0354603 0.0292263 0.023391 0.0180635 0.0133553 0.0093706 0.0061815 0.00379845
 0.0086191 0.0139962 0.0210491 0.0296913 0.0395977 0.0500546 0.059933 0.0679651 0.07321 0.0753613 0.0746921 0.0717736 0.0672208 0.0615766 0.0552843 0.0486885 0.0420438 0.0355347 0.0293002 0.0234578 0.0181201 0.0134009 0.00940577 0.00620724 0.00381606
 0.0086191 0.0139962 0.0210491 0.0296913 0.0395977 0.0500546 0.059933 0.0679651 0.07321 0.0753613 0.0746921 0.0717736 0.0672208 0.0615766 0.0552843 0.0486885 0.0420438 0.0355347 0.0293002 0.0234578 0.0181201 0.0134009 0.00940577 0.00620724 0.00381606
 0.00888911 0.0144201 0.0216573 0.0304968 0.0405879 0.051182 0.0611079 0.0690611 0.0740884 0.0759058 0.0748386 0.071522 0.0666282 0.0607378 0.0543092 0.0476805 0.0410848 0.0346785 0.0285744 0.0228701 0.017665 0.0130652 0.00917166 0.00605419 0.0037231
 0.00873753 0.0142127 0.0214181 0.0302747 0.0404459 0.0511783 0.0612775 0.0694061 0.0745765 0.0764757 0.0754102 0.0720115 0.0669666 0.0608869 0.0542689 0.047485 0.0407888 0.0343408 0.0282442 0.0225798 0.0174303 0.0128887 0.00904783 0.00597329 0.00367417
 0.00869527 0.0141184 0.0212319 0.0299521 0.0399595 0.0505462 0.0605819 0.0687819 0.0741686 0.0763843 0.0756547 0.0725294 0.0676419 0.0615902 0.0548922 0.0479616 0.0410986 0.0345017 0.0282959 0.0225666 0.017389 0.0128434 0.00901025 0.00594692 0.00365787
 0.00881301 0.0143047 0.0214999 0.0303024 0.0403716 0.0509701 0.0609403 0.0689905 0.0741721 0.0761894 0.0753348 0.0721923 0.0673799 0.0614429 0.0548409 0.0479519 0.0410736 0.0344263 0.0281651 0.022399 0.0172131 0.0126847 0.00888401 0.00585713 0.00360035
 0.00879214 0.0142819 0.0214865 0.0303165 0.0404336 0.051095 0.0611277 0.0692183 0.074397 0.0763575 0.0754013 0.0721436 0.0672432 0.0612749 0.054699 0.0478671 0.0410409 0.0344162 0.028146 0.0223536 0.017143 0.0126035 0.00880755 0.00579595 0.0035578
 0.00876577 0.0142328 0.0214019 0.0301842 0.0402484 0.0508676 0.0608904 0.0690193 0.0742845 0.0763583 0.0755081 0.0723184 0.0674357 0.0614456 0.0548337 0.0479748 0.041138 0.0345115 0.0282343 0.0224228 0.0171839 0.0126165 0.00880094 0.00578057 0.00354207
 0.00865825 0.0140614 0.0211509 0.0298419 0.0398111 0.050345 0.0603114 0.0684355 0.0737649 0.0759768 0.0753246 0.0723611 0.0676921 0.0618653 0.0553461 0.0485113 0.0416486 0.0349682 0.0286244 0.022741 0.0174286 0.012791 0.00891474 0.0058478 0.0035779
 0.00856344 0.0139037 0.0209075 0.029491 0.0393383 0.0497529 0.0596284 0.0677165 0.0730828 0.0754076 0.0749339 0.072195 0.0677707 0.0621785 0.0558527 0.0491457 0.0423357 0.0356392 0.0292292 0.0232503 0.0178315 0.0130898 0.00912111 0.00597957 0.00365512
 0.00846667 0.0137408 0.0206521 0.0291163 0.0388235 0.0490941 0.0588491 0.0668711 0.0722492 0.0746722 0.0743757 0.0718737 0.0677198 0.062402 0.0563248 0.0498138 0.0431272 0.0364734 0.0300306 0.0239606 0.018416 0.0135372 0.00943928 0.00618898 0.003782
 0.00862118 0.0139784 0.0209827 0.0295346 0.0393045 0.0495895 0.0592866 0.0671646 0.0723206 0.0744782 0.073927 0.0712349 0.0669919 0.0616965 0.0557375 0.049407 0.0429212 0.0364494 0.0301414 0.0241476 0.0186244 0.0137273 0.00958977 0.00629474 0.0038486
 0.0087361 0.0141823 0.0213191 0.03005 0.040031 0.0505204 0.0603562 0.0682474 0.0732566 0.075115 0.0741591 0.0710281 0.0663876 0.0607986 0.0546868 0.0483487 0.0419752 0.0356902 0.0295935 0.0237936 0.0184218 0.0136266 0.00954799 0.00628159 0.00384654
#pred catch len freq
 0.00437439 0.00696214 0.0102337 0.0141371 0.0186353 0.0236764 0.0291234 0.0347327 0.0402076 0.0452741 0.0497257 0.0534392 0.0563756 0.0585615 0.0600456 0.0608541 0.0609662 0.0603157 0.0587931 0.0562377 0.0524394 0.047205 0.0405144 0.0326961 0.024474
 0.00461665 0.00726167 0.0105147 0.0142824 0.018533 0.0232845 0.0285114 0.0340634 0.0396593 0.0449484 0.0495983 0.053381 0.0562284 0.0582238 0.0595296 0.0602889 0.0605499 0.0602308 0.0591241 0.0569282 0.0533146 0.0480493 0.0411614 0.0330824 0.0246337
 0.00494697 0.00777622 0.01124 0.0152091 0.0195971 0.024354 0.0293959 0.0345643 0.0396535 0.0444573 0.0487849 0.0524637 0.055367 0.0574585 0.0588096 0.0595599 0.0598285 0.0596158 0.0587393 0.0568417 0.0534912 0.0483662 0.0414736 0.0332909 0.0247149
 0.00522827 0.00822675 0.0119067 0.0161338 0.0208104 0.0258594 0.0311438 0.0364247 0.0414101 0.0458435 0.0495623 0.0525124 0.0547324 0.0563185 0.0573829 0.0580214 0.0582862 0.0581435 0.0574126 0.0557361 0.0526479 0.0477671 0.0410534 0.0329764 0.0244594
 0.00552739 0.00869268 0.0125723 0.0170223 0.0219398 0.0272457 0.0327949 0.038323 0.0434872 0.047957 0.051492 0.0539911 0.0555154 0.0562664 0.0565117 0.0564878 0.0563216 0.0559802 0.0552442 0.0537093 0.0508649 0.0462831 0.0398776 0.0320837 0.023809
 0.00582555 0.00916168 0.0132497 0.0179355 0.0231052 0.028667 0.0344591 0.0401962 0.0455132 0.0500563 0.0535536 0.0558606 0.0569936 0.0571358 0.0565932 0.0557052 0.0547366 0.0537781 0.0526793 0.0510434 0.0483221 0.044028 0.0380078 0.0306335 0.0227597
 0.00606754 0.00954969 0.0138248 0.0187352 0.0241608 0.029997 0.0360593 0.0420311 0.0475156 0.0521342 0.0555993 0.0577559 0.0586075 0.0583204 0.0571889 0.0555673 0.0537825 0.0520326 0.0502909 0.0482588 0.0454303 0.0412995 0.0356474 0.0287558 0.0213876
 0.00639089 0.0100479 0.0145253 0.0196506 0.0252938 0.0313473 0.0376226 0.04379 0.0494285 0.0541287 0.0575745 0.0595928 0.060182 0.0595109 0.0578767 0.0556368 0.0531349 0.0506196 0.0481557 0.04556 0.042428 0.0383015 0.0329377 0.0265322 0.019731
 0.00677213 0.0106343 0.0153461 0.0207126 0.0265845 0.0328398 0.0392775 0.0455553 0.0512422 0.0559243 0.0592845 0.0611471 0.0615036 0.0605141 0.0584677 0.055718 0.0526129 0.0494254 0.0462789 0.0430854 0.0395521 0.0353076 0.0301308 0.0241594 0.0179237
