SBPRF35
12.7214
Curr Bio
805318
B35
867817
F35
0.171522
FOFL
0.162296
OFL
109525
Bzero
3.63469e+006
#pred survey bio
 3.02706e+006 2.73977e+006 2.49886e+006 2.25215e+006 2.03348e+006 1.83028e+006 1.61885e+006 1.40305e+006 1.22879e+006 1.08121e+006 970809 880658 780032 709558 658254 619854 594736 567499 547035 537303 530063 522188 515765 516121 516459 522718 531626 538685 550971 558325 572515 586322 606031 619006 631670 634918 644913 652803 667933 688579 693157 688819 696057 704900 710863 713116 708193 724797 732746 744933 760202 771974 785085 797219 797696 796579 813887 811070 2.90211e+007 1.78347e+007 1.8479e+007 1.9515e+007 2.07767e+007 2.20866e+007 2.33192e+007 2.44046e+007 2.53173e+007 2.60601e+007 2.66508e+007 2.71131e+007 2.7471e+007 2.77463e+007 2.79572e+007 2.81186e+007 2.82422e+007 2.83371e+007 2.84102e+007 2.84666e+007 2.85105e+007 2.85446e+007 2.85714e+007 2.85924e+007 2.8609e+007 2.86222e+007 2.86327e+007 2.86411e+007 2.86477e+007 2.86531e+007 2.86574e+007 2.86609e+007 2.86637e+007 2.8666e+007 2.86679e+007 2.86694e+007 2.86706e+007 2.86716e+007 2.86724e+007 2.86731e+007 2.86736e+007 2.86741e+007 2.86744e+007 2.86747e+007 2.8675e+007 2.86752e+007 2.86753e+007 2.86755e+007 2.86756e+007 2.86757e+007 2.86757e+007 2.86758e+007 2.86758e+007 2.86759e+007 2.86759e+007 2.86759e+007 2.8676e+007 2.8676e+007 2.8676e+007 2.8676e+007 2.8676e+007 2.8676e+007 2.8676e+007 2.8676e+007 2.8676e+007 2.8676e+007 2.8676e+007 2.8676e+007 2.8676e+007 2.8676e+007 2.8676e+007 2.8676e+007 2.86761e+007 2.86761e+007 2.86761e+007 2.86761e+007 2.86761e+007 2.86761e+007 2.86761e+007 2.86761e+007 2.86761e+007 2.86761e+007 2.86761e+007 2.86761e+007 2.86761e+007 2.86761e+007 2.86761e+007 2.86761e+007 2.86761e+007 2.86761e+007 2.86761e+007 2.86761e+007 2.86761e+007 2.86761e+007 2.86761e+007 2.86761e+007 2.86761e+007 2.86761e+007 2.86761e+007 2.86761e+007 0 0 0 0 0 0 0 0 0 0 0 0 0 0 0 0 0 0 0 0 0 0 0 0 0
#obs survey bio
 2.92559e+006 2.10943e+006 2.50117e+006 1.79868e+006 1.77605e+006 1.99436e+006 1.60505e+006 1.19097e+006 1.23266e+006 679831 894921 577995 1.0501e+006 560892 569825 737246 699648 440347 487992 434000 546588 415101 504997 450597 560211 489785 408470 541372 505263 712754 528247 555612 550706 582953 554170 680291 653816 828895 759677 877505 769946 562878 517278 569268 707872 826803 892847 549155 664255 748948 673576 1.15523e+006 688791 962249 740550 803784 727750 852940
#pred catch bio
 298791 273134 295987 286787 287720 307259 319688 288154 267378 235602 217388 222621 190422 167985 151516 135827 134207 125795 115064 111839 110977 108183 101367 100590 95327.9 93961.5 96752.2 93646.9 99086.6 94427.4 96029.5 92708.5 100023 101207 109259 103222 104734 98451.1 94333.1 108201 115302 106129 106847 110863 114043 118969 100328 108677 106033 104474 107995 107103 108763 119790 122199 108824 128788 112976 109525 117835 121129 126987 134690 142769 150300 156816 162170 166404 169656 172101 173907 175223 176172 176851 177333 177673 177912 178080 178197 178279 178336 178375 178402 178421 178434 178443 178449 178454 178457 178459 178460 178461 178462 178462 178463 178463 178463 178463 178463 178463 178463 178463 178463 178463 178463 178463 178463 178463 178463 178463 178463 178463 178463 178463 178463 178463 178463 178463 178463 178463 178463 178463 178463 178463 178463 178463 178463 178463 178463 178463 178463 178463 178463 178463 178463 178463 178463 178463 178463 178463 178463 178463 178463 178463 178463 178463 178463 178463 178463 178463 178463 178463 178463 178463 178463 178463 178463 178463 0 0 0 0 0 0 0 0 0 0 0 0 0 0 0 0 0 0 0 0 0 0 0 0 0
#obs catch bio
 237681 273474 296671 287245 288358 308296 320968 291637 271098 239751 219973 226912 192495 169616 152268 135904 133666 126451 115772 112746 111803 108852 101743 101095 95302 93841.2 97183 93872.3 99516.6 94902.9 96326.8 92871.7 100377 101708 109750 103446 104963 98289.8 93899.6 107426 114351 105453 106868 111373 114463 118581 99524.9 108236 105786 104222 107872 106649 108322 119288 121896 108169 128864 112846
#pred cpue bio
 2.98815e+006 2.70208e+006 2.46135e+006 2.21499e+006 1.99679e+006 1.794e+006 1.58344e+006 1.36883e+006 1.19567e+006 1.04935e+006 940038 850979 752143 683420 633677 596513 572235 545583 525494 516042 509108 501616 495521 496048 496581 502770 511325 518110 530114 537278 551247 564830 584107 596801 609318 612670 622674 630668 645725 666146 670717 666311 673031 681369 687236 689819 685273 701620 709298 721158 736252 748036 761026 772780 772932 771476 788063 784892 2.80914e+007 1.72723e+007 1.78194e+007 1.87643e+007 2.00012e+007 2.13066e+007 2.25384e+007 2.36237e+007 2.45364e+007 2.52792e+007 2.58699e+007 2.63322e+007 2.66901e+007 2.69654e+007 2.71763e+007 2.73377e+007 2.74613e+007 2.75562e+007 2.76293e+007 2.76857e+007 2.77296e+007 2.77637e+007 2.77905e+007 2.78115e+007 2.78281e+007 2.78413e+007 2.78518e+007 2.78601e+007 2.78668e+007 2.78722e+007 2.78765e+007 2.788e+007 2.78828e+007 2.78851e+007 2.7887e+007 2.78885e+007 2.78897e+007 2.78907e+007 2.78915e+007 2.78922e+007 2.78927e+007 2.78932e+007 2.78935e+007 2.78938e+007 2.78941e+007 2.78943e+007 2.78944e+007 2.78946e+007 2.78947e+007 2.78948e+007 2.78948e+007 2.78949e+007 2.78949e+007 2.7895e+007 2.7895e+007 2.7895e+007 2.78951e+007 2.78951e+007 2.78951e+007 2.78951e+007 2.78951e+007 2.78951e+007 2.78951e+007 2.78951e+007 2.78951e+007 2.78951e+007 2.78951e+007 2.78951e+007 2.78951e+007 2.78951e+007 2.78951e+007 2.78951e+007 2.78951e+007 2.78951e+007 2.78951e+007 2.78951e+007 2.78951e+007 2.78951e+007 2.78951e+007 2.78951e+007 2.78951e+007 2.78951e+007 2.78951e+007 2.78951e+007 2.78951e+007 2.78951e+007 2.78951e+007 2.78951e+007 2.78951e+007 2.78951e+007 2.78951e+007 2.78951e+007 2.78951e+007 2.78951e+007 2.78951e+007 2.78951e+007 2.78951e+007 2.78951e+007 2.78951e+007 2.78951e+007 0 0 0 0 0 0 0 0 0 0 0 0 0 0 0 0 0 0 0 0 0 0 0 0 0
#obs cpue bio
 2.94179e+006 2.53735e+006 2.86111e+006 2.61319e+006 2.07592e+006 1.57631e+006 1.59875e+006 800224 954897 1.01276e+006 1.1233e+006 873422 617177 768194 842746 579866 683369 401588 480737 512672 469569 619255 514798 510892 601032 574118 452382 517013 533471 332670 696606 567610 598538 491462 777807 573950 653284 649095 703057 802719 747033 702350 552839 583256 708627 1.20965e+006 717843 853093 663954 738017 804825 676528 859430 746450 784286 874296 714500 662333
#pred surv len freq
 0.00480479 0.00786152 0.0119443 0.0170677 0.0231224 0.0297811 0.0364748 0.0425366 0.0474493 0.0510092 0.0533012 0.054559 0.0550395 0.0549657 0.0545134 0.053818 0.0529872 0.0521004 0.0511639 0.05002 0.0482733 0.0453472 0.0407359 0.0343583 0.0267654
 0.00523382 0.00849846 0.0127936 0.018103 0.0243052 0.0310859 0.0378969 0.0440729 0.049061 0.0525946 0.0547033 0.0556103 0.055623 0.0550561 0.0541775 0.0531748 0.0521493 0.0511233 0.0500268 0.0486511 0.0466117 0.0434112 0.038656 0.032346 0.0250341
 0.00542587 0.00885927 0.013422 0.0191092 0.0257717 0.0330135 0.0401703 0.0464775 0.0513545 0.054588 0.0562973 0.0567717 0.0563355 0.0552944 0.0539224 0.0524433 0.0510044 0.0496494 0.0482915 0.0466867 0.0444368 0.0410797 0.0362932 0.0301374 0.0231646
 0.00571388 0.00930438 0.0140537 0.0199525 0.0268577 0.0343875 0.0418796 0.0485364 0.0536995 0.0570549 0.0586453 0.0587496 0.0577523 0.0560534 0.0540095 0.0518947 0.049882 0.0480314 0.0462654 0.0443429 0.0418719 0.0384132 0.0336829 0.0277669 0.0211983
 0.00598707 0.00975186 0.0147317 0.0209112 0.0281276 0.0359618 0.0437047 0.0505212 0.0557444 0.0590775 0.0605782 0.0605124 0.0592277 0.0570956 0.0544827 0.0517135 0.0490291 0.0465498 0.0442413 0.041893 0.0391405 0.0355746 0.0309363 0.0253125 0.0191936
 0.00621074 0.010125 0.0153114 0.021758 0.0292941 0.0374739 0.04554 0.0525986 0.0579334 0.0612262 0.0625465 0.062195 0.060555 0.0580153 0.0549373 0.0516344 0.0483533 0.0452486 0.0423427 0.0394902 0.0363892 0.0326813 0.0281349 0.0228245 0.0171806
 0.00649873 0.0105906 0.0160079 0.0227345 0.0305886 0.0391002 0.0474723 0.0547623 0.0602092 0.0634666 0.0645974 0.0639173 0.0618425 0.0588035 0.0551969 0.0513532 0.0475202 0.043853 0.040395 0.0370513 0.0335921 0.0297303 0.0252763 0.0202941 0.015146
 0.00680159 0.0110941 0.0167857 0.0238602 0.0321182 0.0410459 0.049778 0.057298 0.0627941 0.065908 0.0667253 0.065602 0.0629973 0.0593813 0.0551843 0.0507614 0.0463725 0.0421768 0.0382265 0.0344561 0.0306916 0.0267129 0.0223772 0.0177435 0.0131074
 0.00705427 0.0115042 0.0174027 0.0247331 0.0332898 0.042542 0.0515911 0.0593735 0.0650268 0.0681513 0.0688116 0.067368 0.0643094 0.0601506 0.0553699 0.050361 0.0454093 0.0406889 0.0362658 0.0320999 0.02806 0.0239794 0.0197538 0.0154374 0.0112662
 0.0072948 0.0118956 0.0179923 0.0255647 0.0343953 0.0439284 0.0532275 0.0611886 0.0669198 0.0700103 0.0705278 0.0688402 0.065444 0.0608659 0.055604 0.0500799 0.0446094 0.039394 0.0345258 0.0299941 0.025707 0.0215409 0.0174205 0.0133922 0.00963731
 0.00747715 0.0121895 0.0184305 0.026177 0.0352048 0.0449441 0.0544355 0.0625467 0.0683605 0.0714512 0.0718837 0.0700322 0.0664028 0.0615317 0.0559248 0.0500128 0.0441249 0.0384844 0.0332127 0.0283371 0.0238088 0.0195455 0.0154965 0.0116989 0.00828623
 0.0074806 0.0122294 0.0185537 0.0264478 0.0356885 0.0456812 0.0554201 0.0637218 0.0696345 0.0727239 0.0730669 0.0710579 0.067222 0.0621085 0.0562306 0.0500221 0.0438153 0.0378412 0.0322397 0.0270691 0.022322 0.0179573 0.0139489 0.0103284 0.00718876
 0.00753068 0.0123253 0.0187263 0.026739 0.0361462 0.0463486 0.0563196 0.0648397 0.0709113 0.0740562 0.0743244 0.072113 0.06798 0.0625245 0.0563057 0.0497838 0.0432964 0.0370684 0.0312359 0.0258669 0.0209785 0.0165609 0.0126099 0.00915414 0.00625466
 0.00758404 0.0123951 0.0188016 0.0268037 0.0361899 0.0463807 0.0563793 0.064991 0.0712222 0.0745703 0.0750369 0.072963 0.0688632 0.0633212 0.0569114 0.0501308 0.0433577 0.0368487 0.0307599 0.0251737 0.0201241 0.0156214 0.0116767 0.00831629 0.0055773
 0.00765023 0.0124919 0.0189262 0.0269441 0.0363255 0.046486 0.0564311 0.0649795 0.0711636 0.0745123 0.0750498 0.0731136 0.0691832 0.0637865 0.0574456 0.0506301 0.0437233 0.0370117 0.0306913 0.024883 0.0196526 0.0150348 0.011054 0.00773496 0.0050955
 0.00775051 0.0126378 0.0191136 0.0271572 0.0365397 0.0466739 0.0565671 0.0650438 0.0711456 0.0744165 0.0749019 0.0729611 0.0690854 0.0637946 0.0575794 0.0508649 0.0439945 0.037237 0.0307985 0.0248313 0.0194422 0.0147023 0.0106594 0.00734317 0.00475858
 0.00791506 0.0128753 0.0194149 0.0274932 0.0368675 0.0469481 0.0567509 0.0651146 0.0710974 0.0742608 0.0746659 0.0726847 0.0688153 0.0635771 0.0574517 0.0508434 0.0440664 0.0373595 0.030911 0.024877 0.0193879 0.014549 0.0104379 0.00709958 0.00453591
 0.00802767 0.0130711 0.0197307 0.0279642 0.0375109 0.0477416 0.0576178 0.0659324 0.0717312 0.0746079 0.0746867 0.0724065 0.0683139 0.0629498 0.0567944 0.0502341 0.0435545 0.0369603 0.0306081 0.0246337 0.0191655 0.0143235 0.0102074 0.00687945 0.00434665
 0.00807682 0.0131492 0.0198462 0.0281275 0.0377369 0.0480493 0.0580247 0.0664406 0.072312 0.0751933 0.0751804 0.0727131 0.0683736 0.0627597 0.0564058 0.0497306 0.0430233 0.0364688 0.0301918 0.0242969 0.0188923 0.014093 0.010006 0.00670473 0.00420347
 0.00805992 0.0131206 0.0198014 0.0280631 0.0376528 0.0479532 0.0579358 0.0663902 0.0723381 0.0753277 0.0754321 0.0730554 0.0687448 0.0630815 0.0566121 0.0497919 0.0429534 0.0363115 0.0299984 0.0241063 0.0187234 0.0139485 0.00988209 0.00659894 0.00411668
 0.00800518 0.0130392 0.019693 0.027932 0.0375064 0.0478 0.0577844 0.0662514 0.0722274 0.0752672 0.075447 0.0731657 0.0689533 0.0633649 0.0569226 0.0500717 0.0431557 0.0364167 0.0300158 0.0240636 0.0186506 0.0138677 0.00980534 0.0065317 0.00406153
 0.00801094 0.0130392 0.0196761 0.0278833 0.0374127 0.0476573 0.0576031 0.0660555 0.0720466 0.0751274 0.0753656 0.0731523 0.0690124 0.0634954 0.0571135 0.050298 0.0433815 0.0366059 0.0301448 0.0241278 0.0186617 0.013845 0.00976723 0.0064911 0.00402584
 0.00801468 0.0130449 0.0196833 0.0278895 0.0374122 0.0476396 0.0575551 0.0659655 0.0719123 0.0749608 0.0751931 0.0730064 0.0689217 0.063477 0.0571697 0.0504178 0.0435426 0.0367791 0.030301 0.024246 0.0187341 0.0138764 0.00976993 0.00647858 0.00400861
 0.00796279 0.0129611 0.0195589 0.027718 0.0371917 0.0473767 0.0572666 0.065677 0.0716518 0.0747524 0.0750523 0.0729418 0.0689374 0.0635739 0.057344 0.0506579 0.0438284 0.0370834 0.030594 0.0245014 0.018935 0.0140179 0.00985831 0.00652666 0.00403059
 0.0080325 0.0130497 0.0196465 0.0277709 0.0371717 0.047256 0.0570403 0.0653668 0.0712989 0.0744048 0.0747531 0.0727215 0.068812 0.0635464 0.0574082 0.0508011 0.0440331 0.0373274 0.0308514 0.0247459 0.0191448 0.0141804 0.00997116 0.00659659 0.00406887
 0.00814116 0.0132064 0.0198442 0.0279867 0.0373691 0.0473908 0.0570691 0.0652577 0.0710433 0.0740261 0.0743057 0.0722767 0.0684374 0.0632876 0.0572821 0.0508004 0.0441347 0.0375009 0.031065 0.0249689 0.0193513 0.014352 0.0100995 0.00668272 0.00412055
 0.0080975 0.0131594 0.0198164 0.028011 0.0374752 0.0475867 0.0573278 0.0655184 0.0712313 0.07408 0.0741999 0.0720292 0.0681012 0.0629327 0.0569743 0.0505847 0.0440289 0.0374979 0.0311408 0.0250923 0.0194914 0.014484 0.0102075 0.00676081 0.00417063
 0.00807529 0.0131195 0.0197511 0.0279152 0.0373538 0.0474609 0.0572354 0.0655026 0.0713178 0.0742571 0.0744156 0.0722119 0.0681916 0.0629094 0.0568589 0.0504271 0.0438836 0.0374043 0.0311142 0.0251257 0.0195642 0.0145717 0.0102903 0.0068267 0.00421619
 0.00803454 0.0130515 0.0196454 0.0277613 0.0371433 0.0471931 0.0569232 0.0651771 0.0710267 0.0740548 0.0743452 0.0722862 0.0683848 0.0631659 0.0571172 0.0506451 0.0440506 0.0375351 0.031232 0.025247 0.0196916 0.0146968 0.0104008 0.00691375 0.00427712
 0.00796189 0.0129502 0.0195236 0.0276356 0.0370325 0.047108 0.056861 0.0651221 0.070961 0.0739705 0.0742521 0.0722103 0.0683558 0.0632016 0.0572134 0.0507783 0.0441907 0.0376611 0.0313383 0.0253394 0.0197776 0.014779 0.010476 0.00697634 0.00432358
 0.00793206 0.0128834 0.0193911 0.0274037 0.0366767 0.0466316 0.0563073 0.0645688 0.0704943 0.0736544 0.0741109 0.0722317 0.0685092 0.0634551 0.0575397 0.0511517 0.0445833 0.0380436 0.0316863 0.0256383 0.0200235 0.0149745 0.0106257 0.00708536 0.00439771
 0.00793549 0.0128862 0.0193887 0.0273863 0.0366268 0.0465242 0.0561146 0.0642727 0.0701019 0.0732074 0.0736797 0.0718925 0.0683173 0.0634289 0.0576635 0.0513892 0.0448923 0.0383841 0.0320242 0.0259478 0.0202881 0.0151871 0.0107868 0.00720021 0.00447416
 0.00785797 0.0127685 0.019227 0.0271828 0.0363886 0.046261 0.0558368 0.0639889 0.0698181 0.0729287 0.0734158 0.0716645 0.0681585 0.0633759 0.0577412 0.0515992 0.0452109 0.0387709 0.032434 0.0263403 0.0206339 0.0154697 0.0110016 0.0073519 0.00457335
 0.00775796 0.0126222 0.0190371 0.0269625 0.036158 0.0460412 0.0556443 0.0638328 0.0696995 0.0728412 0.0733475 0.0716034 0.0681004 0.0633302 0.0577303 0.0516495 0.0453401 0.0389782 0.0326993 0.0266311 0.0209162 0.0157165 0.0111979 0.00749464 0.0046682
 0.00766051 0.0124659 0.018807 0.0266493 0.0357636 0.0455851 0.055167 0.0633917 0.0693533 0.0726307 0.0732832 0.0716666 0.0682545 0.0635371 0.0579631 0.0518976 0.045606 0.0392679 0.0330118 0.026954 0.0212277 0.0159931 0.0114225 0.00766074 0.00477991
 0.00761802 0.0124011 0.0187171 0.0265331 0.0356206 0.045414 0.054967 0.063166 0.0691141 0.0724011 0.0730933 0.0715435 0.0682126 0.0635737 0.0580616 0.0520379 0.0457728 0.0394542 0.0332152 0.0271701 0.0214459 0.0161977 0.0115977 0.00779673 0.00487505
 0.00752997 0.0122597 0.0185081 0.0262463 0.0352537 0.0449777 0.0544889 0.0626883 0.0686848 0.0720624 0.0728734 0.0714555 0.0682575 0.0637419 0.0583338 0.052386 0.046165 0.0398606 0.033613 0.0275431 0.0217822 0.016487 0.011832 0.00797282 0.0049963
 0.00751091 0.0122193 0.0184301 0.0261097 0.0350377 0.0446705 0.0540955 0.0622342 0.0682121 0.0716214 0.0725122 0.0712117 0.0681523 0.0637794 0.0585028 0.0526637 0.0465209 0.040261 0.0340253 0.0279394 0.0221408 0.0167933 0.0120776 0.00815595 0.00512209
 0.00748003 0.0121635 0.0183351 0.0259581 0.0348113 0.0443561 0.053691 0.0617538 0.0676876 0.0710993 0.0720472 0.0708574 0.0679505 0.063752 0.0586485 0.0529606 0.0469326 0.0407441 0.0345353 0.0284361 0.0225917 0.0171759 0.0123806 0.00837872 0.00527304
 0.00740391 0.0120436 0.0181617 0.0257239 0.0345122 0.043992 0.0532678 0.0612856 0.0671978 0.0706193 0.0716147 0.0705125 0.0677313 0.0636879 0.0587538 0.0532304 0.0473427 0.0412545 0.0350974 0.0290002 0.0231142 0.0176244 0.0127374 0.00864086 0.00545002
 0.00747571 0.0121479 0.0182955 0.0258754 0.0346629 0.0441203 0.0533518 0.0613045 0.067133 0.0704579 0.0713544 0.0701676 0.067335 0.0632888 0.0584073 0.0529855 0.0472303 0.0412809 0.0352439 0.0292304 0.0233838 0.0178919 0.0129714 0.00882434 0.00557964
 0.00766422 0.0124353 0.0186914 0.0263738 0.0352407 0.0447381 0.0539548 0.0618269 0.0675086 0.0706344 0.0713051 0.0698957 0.0668707 0.0626844 0.0577301 0.0523095 0.0466245 0.0407972 0.0349082 0.02904 0.0233131 0.0179027 0.0130247 0.00888917 0.00563683
 0.00768825 0.0124883 0.0187963 0.0265585 0.0355292 0.0451363 0.0544401 0.0623476 0.0679958 0.071021 0.0715409 0.0699537 0.0667473 0.0623964 0.0573119 0.0518106 0.0461037 0.0403135 0.0345097 0.0287536 0.0231409 0.0178256 0.0130123 0.00891038 0.005668
 0.00754203 0.012283 0.0185483 0.0263063 0.0353265 0.0450382 0.0544887 0.0625608 0.0683615 0.0714951 0.0720541 0.0704263 0.0671085 0.0626002 0.0573446 0.0516891 0.0458686 0.0400191 0.0342122 0.0284995 0.0229573 0.0177174 0.0129664 0.00890485 0.00568152
 0.00735215 0.0119919 0.018145 0.0257975 0.0347409 0.0444295 0.0539348 0.0621537 0.0681848 0.0715957 0.0724232 0.0710001 0.0677868 0.0632749 0.0579253 0.0521202 0.0461344 0.0401391 0.0342289 0.0284628 0.0229102 0.0176866 0.0129601 0.00891804 0.00570354
 0.00731862 0.0119161 0.0179924 0.0255256 0.0343132 0.0438365 0.0532124 0.0613862 0.0674876 0.0710859 0.0721888 0.0710783 0.0681567 0.0638636 0.058628 0.052827 0.0467569 0.0406268 0.0345722 0.0286834 0.0230449 0.0177713 0.0130202 0.00896568 0.00574194
 0.0074368 0.0120879 0.0182114 0.0257677 0.0345366 0.0439865 0.0532304 0.0612249 0.0671313 0.0705676 0.0715923 0.0705184 0.0677436 0.0636674 0.0586596 0.0530406 0.0470722 0.0409586 0.0348563 0.0288895 0.0231739 0.017843 0.0130582 0.00898789 0.00575767
 0.00745464 0.0121099 0.018231 0.0257732 0.0345121 0.0439144 0.053094 0.0610105 0.0668312 0.0701858 0.0711517 0.0700658 0.0673467 0.0634007 0.0585808 0.0531695 0.0473815 0.0413829 0.035315 0.0293127 0.0235192 0.018098 0.0132323 0.0090999 0.00582655
 0.00745111 0.012117 0.0182646 0.0258535 0.0346558 0.0441226 0.0533434 0.0612539 0.0670097 0.0702463 0.0710624 0.069825 0.0669851 0.0629771 0.0581712 0.0528483 0.0471996 0.0413526 0.0354091 0.0294791 0.023703 0.0182596 0.0133536 0.00918065 0.00587547
 0.00736162 0.0119829 0.0180852 0.0256384 0.0344261 0.0439092 0.0531831 0.0611803 0.0670403 0.0703705 0.0712401 0.0699988 0.0671019 0.0630086 0.0581239 0.0527599 0.0471229 0.0413338 0.0354701 0.0296113 0.0238754 0.0184346 0.0135027 0.00929085 0.00594756
 0.00725518 0.0118134 0.0178374 0.025303 0.0340041 0.0434188 0.0526639 0.0606929 0.0666544 0.070146 0.071208 0.0701507 0.0673924 0.0633706 0.0584915 0.053089 0.0474017 0.0415771 0.0357026 0.0298495 0.0241177 0.0186649 0.0137006 0.00944291 0.00605181
 0.00725395 0.0117967 0.0177852 0.0251877 0.0337974 0.0431032 0.0522442 0.0602003 0.0661424 0.0696804 0.0708534 0.0699567 0.0673819 0.0635327 0.0587844 0.0534544 0.0477839 0.0419391 0.0360306 0.0301448 0.0243847 0.018902 0.0139005 0.00959831 0.00616126
 0.00733472 0.0119098 0.0179207 0.0253221 0.0338966 0.0431292 0.052163 0.0599906 0.0658038 0.0692392 0.0703626 0.0694875 0.067006 0.0633041 0.0587255 0.0535525 0.0479989 0.0422201 0.0363315 0.0304344 0.0246465 0.0191283 0.0140868 0.0097421 0.00626335
 0.00736603 0.0119693 0.0180247 0.0254876 0.0341323 0.0434239 0.0524776 0.0602617 0.0659607 0.069228 0.0701658 0.0691303 0.0665496 0.0628285 0.0583088 0.0532511 0.0478366 0.0421874 0.0363965 0.0305573 0.0247921 0.0192715 0.0142127 0.00984294 0.00633705
 0.00743526 0.0120809 0.0181915 0.0257215 0.0344434 0.0438162 0.0529429 0.0607722 0.0664649 0.0696545 0.070437 0.0691843 0.0663623 0.0624251 0.0577588 0.0526474 0.0472686 0.0417183 0.0360538 0.0303367 0.0246695 0.0192168 0.0141986 0.00984916 0.00635033
 0.0075645 0.0122761 0.0184575 0.0260536 0.0348294 0.0442409 0.05339 0.0612242 0.0669012 0.0700485 0.0707539 0.0693817 0.0663968 0.0622663 0.0574052 0.0521353 0.0466659 0.0411065 0.035504 0.0298931 0.0243454 0.0190011 0.0140676 0.00977679 0.00631437
 0.00753421 0.0122394 0.0184251 0.0260424 0.0348569 0.0443176 0.0535143 0.0613841 0.0670825 0.0702426 0.0709586 0.0695938 0.0666012 0.0624319 0.0574918 0.0521109 0.0465236 0.0408708 0.0352227 0.0296191 0.0241183 0.0188384 0.0139666 0.00972295 0.00629042
 0.0074796 0.0121769 0.0183798 0.0260542 0.0349704 0.044565 0.0538998 0.0618779 0.0676266 0.0707664 0.0713968 0.0699013 0.0667603 0.062448 0.0573817 0.051892 0.0462114 0.0404849 0.0347939 0.0291884 0.023728 0.0185198 0.0137322 0.00956747 0.00619738
#obs surv len freq
 0.0049718 0.0081432 0.0123852 0.0177107 0.0239931 0.0308662 0.0377043 0.0437846 0.0485576 0.0518233 0.0537016 0.0544779 0.0544715 0.0539783 0.0532578 0.0525227 0.0519178 0.0514778 0.051064 0.0503074 0.0486258 0.0453883 0.0402179 0.0332837 0.0253678
 0.00517644 0.00847987 0.0128994 0.0184478 0.0249895 0.0321362 0.0392257 0.0454925 0.0503532 0.0535917 0.055329 0.0558623 0.055526 0.0546313 0.0534535 0.0522242 0.0511131 0.0501873 0.0493477 0.0482679 0.0464059 0.043159 0.0381545 0.0315324 0.0240137
 0.00540376 0.008851 0.0134611 0.0192452 0.0260584 0.0334901 0.0408422 0.0473075 0.0522683 0.0554913 0.057097 0.0573928 0.0567275 0.0554276 0.0537827 0.0520391 0.050384 0.0489112 0.0475617 0.0460627 0.043932 0.0406162 0.0357605 0.0294758 0.0224104
 0.00565322 0.00925899 0.0140796 0.0201241 0.0272355 0.0349764 0.0426063 0.049271 0.0543176 0.0575 0.0589461 0.0589805 0.0579703 0.0562572 0.0541424 0.0518814 0.0496726 0.0476288 0.0457262 0.0437484 0.0412841 0.0378465 0.0331143 0.0271762 0.0206022
 0.00589419 0.00965419 0.0146809 0.0209823 0.0283911 0.0364443 0.0443598 0.051236 0.0563821 0.0595353 0.0608277 0.0606008 0.0592431 0.057116 0.0545357 0.0517672 0.0490156 0.0464062 0.0439433 0.041463 0.0386279 0.0350273 0.0303858 0.0247792 0.0187009
 0.00613869 0.0100556 0.0152924 0.0218557 0.0295673 0.037937 0.0461397 0.0532246 0.058463 0.0615767 0.0627035 0.0622037 0.060488 0.0579395 0.0548921 0.0516225 0.0483429 0.0451873 0.0421819 0.0392075 0.0359968 0.0322174 0.0276464 0.022355 0.0167649
 0.0063773 0.0104474 0.0158892 0.0227085 0.0307163 0.0393961 0.0478803 0.0551697 0.0604979 0.0635704 0.0645302 0.0637558 0.0616817 0.0587142 0.0552065 0.0514493 0.047663 0.0439898 0.0404735 0.0370336 0.0334653 0.0295098 0.0249977 0.0200006 0.0148759
 0.00661964 0.0108448 0.0164936 0.02357 0.0318733 0.0408596 0.0496174 0.0570986 0.0624993 0.0655109 0.0662843 0.0652195 0.0627767 0.0593872 0.0554252 0.0511961 0.0469295 0.0427752 0.0387916 0.0349306 0.0310419 0.0269321 0.0224814 0.0177636 0.0130782
 0.00684972 0.0112202 0.0170613 0.0243747 0.0329487 0.0422151 0.0512241 0.0588833 0.0643542 0.0673128 0.0679151 0.0665788 0.0637875 0.059997 0.0556034 0.0509288 0.0462142 0.0416181 0.0372128 0.032978 0.0288096 0.0245702 0.0201825 0.0157221 0.0114375
 0.00706445 0.011574 0.017602 0.025149 0.0339919 0.0435351 0.0527861 0.0606062 0.0661232 0.0690033 0.0694141 0.0677965 0.0646599 0.0604835 0.055683 0.0505955 0.0454725 0.0404813 0.0357067 0.0311524 0.0267528 0.0224169 0.0181021 0.0138835 0.00996395
 0.00725911 0.0118926 0.0180856 0.0258371 0.0349152 0.0447029 0.0541734 0.0621479 0.0677215 0.0705453 0.0707903 0.0689149 0.0654532 0.0609109 0.0557273 0.0502571 0.0447631 0.0394208 0.0343259 0.0295017 0.0249144 0.0205102 0.0162732 0.0122759 0.00868036
 0.00744858 0.0122048 0.0185627 0.02652 0.0358338 0.045862 0.0555389 0.0636435 0.0692415 0.071976 0.0720302 0.0698852 0.0661004 0.0612054 0.0556604 0.0498368 0.0440095 0.0383621 0.0329997 0.0279608 0.0232357 0.0187988 0.0146534 0.0108664 0.00756339
 0.00752875 0.01234 0.0187761 0.026838 0.0362831 0.0464635 0.0562991 0.0645482 0.070253 0.073036 0.0730657 0.0708176 0.0668556 0.0617225 0.0558974 0.0497722 0.0436402 0.037702 0.0320784 0.0268266 0.0219591 0.0174731 0.0133856 0.00975688 0.00668142
 0.00758167 0.0124212 0.0188901 0.0269877 0.0364724 0.0466998 0.0565949 0.0649185 0.0707105 0.0735837 0.0736903 0.0714857 0.0675149 0.0623083 0.056343 0.0500197 0.0436492 0.0374542 0.0315805 0.0261109 0.0210839 0.0165197 0.0124475 0.00892152 0.00601029
 0.00765102 0.0125244 0.0190274 0.0271531 0.036655 0.0468877 0.0567787 0.0650948 0.0708845 0.07377 0.0739095 0.0717555 0.0678394 0.0626694 0.0566998 0.0503151 0.043823 0.037457 0.0313853 0.0257203 0.0205329 0.0158705 0.0117783 0.00830845 0.0055089
 0.0077171 0.0126254 0.019167 0.0273293 0.0368596 0.0471064 0.0569917 0.0652805 0.0710255 0.0738604 0.0739598 0.0717901 0.0678878 0.0627546 0.0568266 0.0504648 0.0439558 0.0375225 0.0313378 0.0255347 0.0202137 0.0154535 0.0113207 0.00787211 0.00514261
 0.00779352 0.0127464 0.0193427 0.0275656 0.0371553 0.0474497 0.0573578 0.0656325 0.0713217 0.074066 0.0740562 0.0717804 0.0677952 0.062615 0.0566772 0.0503317 0.0438448 0.0374176 0.0312088 0.0253514 0.0199612 0.015141 0.0109796 0.00754422 0.0048645
 0.00781122 0.0127739 0.0193819 0.0276181 0.0372231 0.0475356 0.0574647 0.0657614 0.0714688 0.0742207 0.0742017 0.0718981 0.0678705 0.0626435 0.0566662 0.0502963 0.0437996 0.0373681 0.0311475 0.0252622 0.0198298 0.0149656 0.0107748 0.00733635 0.00468056
 0.00781358 0.012772 0.0193687 0.0275843 0.0371606 0.0474426 0.0573501 0.0656448 0.0713761 0.0741759 0.0742194 0.0719786 0.0680004 0.0628 0.056825 0.0504391 0.0439166 0.0374561 0.0312042 0.025283 0.0198095 0.0149033 0.0106791 0.00722446 0.00457258
 0.00787457 0.0128614 0.0194846 0.0277175 0.0372955 0.0475601 0.0574309 0.0656741 0.0713478 0.074097 0.0741097 0.0718653 0.0679086 0.0627446 0.0568072 0.0504487 0.0439387 0.0374766 0.0312129 0.0252731 0.0197771 0.0148482 0.0106062 0.00714367 0.00449587
 0.00788109 0.0128757 0.0195125 0.0277655 0.0373677 0.0476537 0.0575338 0.0657657 0.0714059 0.0741056 0.0740661 0.0717809 0.0678054 0.0626474 0.0567357 0.0504121 0.0439345 0.0374936 0.0312364 0.0252899 0.0197783 0.0148304 0.0105719 0.00709956 0.00445062
 0.00792029 0.0129317 0.0195828 0.0278436 0.037446 0.0477274 0.0576026 0.0658319 0.0714694 0.07416 0.0740987 0.0717785 0.0677617 0.0625674 0.056635 0.0503108 0.0438492 0.037432 0.0311969 0.0252643 0.0197569 0.0148062 0.0105422 0.00706638 0.00441824
 0.00788202 0.0128771 0.0195147 0.0277687 0.0373726 0.0476616 0.0575465 0.0657852 0.0714331 0.0741391 0.0741 0.0718066 0.0678135 0.0626329 0.0567022 0.0503715 0.0439019 0.0374797 0.0312425 0.0253073 0.0197936 0.0148322 0.0105554 0.00706796 0.00441215
 0.00787581 0.0128578 0.0194693 0.0276815 0.0372312 0.047466 0.0573145 0.0655503 0.0712334 0.0740037 0.0740424 0.0718239 0.0678937 0.0627597 0.0568578 0.0505388 0.0440662 0.0376308 0.031375 0.0254193 0.0198841 0.0149007 0.0106024 0.00709603 0.00442581
 0.00789652 0.012887 0.0195042 0.0277149 0.0372513 0.0474574 0.0572617 0.065443 0.0710736 0.0738099 0.0738463 0.0716614 0.0677919 0.0627298 0.0568948 0.0506263 0.0441839 0.0377596 0.0315001 0.0255308 0.0199767 0.0149723 0.0106534 0.00712888 0.00444439
 0.00789723 0.012891 0.0195153 0.0277375 0.0372883 0.0475068 0.0573144 0.0654828 0.0710813 0.0737704 0.0737557 0.0715306 0.0676452 0.0625969 0.0568012 0.0505854 0.0441947 0.0378103 0.0315737 0.0256112 0.0200517 0.0150346 0.0107001 0.00716045 0.00446345
 0.0078417 0.0128037 0.0193901 0.0275723 0.0370871 0.0472821 0.0570876 0.0652815 0.0709313 0.0736865 0.0737372 0.071564 0.0677124 0.0626845 0.0569046 0.0507067 0.0443369 0.0379713 0.031745 0.0257796 0.0202039 0.0151608 0.010796 0.00722716 0.00450568
 0.00782274 0.0127649 0.0193171 0.0274479 0.0368965 0.0470208 0.056769 0.0649377 0.0706065 0.0734253 0.0735725 0.0715101 0.0677637 0.0628203 0.0570976 0.0509319 0.044576 0.0382129 0.0319805 0.0260002 0.0204 0.0153241 0.010922 0.00731642 0.00456342
 0.00780084 0.0127305 0.0192672 0.0273789 0.0368032 0.0468958 0.0566042 0.0647285 0.0703582 0.0731575 0.0733185 0.0713087 0.0676479 0.0628068 0.0571832 0.0510971 0.0447935 0.0384557 0.0322265 0.026233 0.0206074 0.0154978 0.0110575 0.00741393 0.00462763
 0.00777489 0.0126848 0.0191921 0.0272642 0.0366414 0.0466869 0.056358 0.0644644 0.0700987 0.0729219 0.0731207 0.0711595 0.0675591 0.0627914 0.0572505 0.0512469 0.0450131 0.0387218 0.0325117 0.0265113 0.0208585 0.0157084 0.0112217 0.00753226 0.00470588
 0.00774953 0.0126439 0.0191308 0.0271778 0.0365253 0.0465376 0.0561753 0.0642532 0.0698708 0.0726952 0.0729159 0.0709962 0.0674517 0.0627488 0.0572772 0.0513434 0.0451748 0.0389369 0.0327608 0.0267706 0.0211043 0.0159219 0.011392 0.0076569 0.00478926
 0.00770274 0.0125694 0.0190221 0.0270302 0.0363376 0.0463137 0.055926 0.0639952 0.0696239 0.072478 0.072743 0.0708776 0.0673942 0.0627561 0.0573499 0.0514788 0.0453662 0.0391737 0.0330274 0.0270471 0.0213691 0.0161555 0.0115812 0.00779717 0.00488402
 0.00768018 0.0125287 0.0189536 0.0269228 0.0361818 0.0461068 0.0556752 0.0637192 0.0693485 0.0722301 0.0725444 0.0707423 0.0673284 0.0627599 0.0574199 0.0516091 0.0455491 0.0393988 0.0332812 0.0273123 0.0216264 0.0163863 0.0117716 0.00794074 0.00498251
 0.00765587 0.0124919 0.0189026 0.026857 0.0361002 0.0460064 0.0555518 0.0635693 0.0691732 0.0720379 0.0723523 0.0705718 0.0672 0.0626888 0.0574129 0.0516659 0.0456639 0.0395618 0.0334795 0.0275301 0.0218455 0.016589 0.0119434 0.00807344 0.00507548
 0.00766168 0.0125004 0.018914 0.0268704 0.0361144 0.0460195 0.0555604 0.0635679 0.0691539 0.0719921 0.0722731 0.070459 0.0670632 0.0625458 0.0572861 0.0515753 0.0456229 0.0395748 0.0335422 0.0276315 0.0219701 0.0167191 0.0120631 0.00817166 0.00514755
 0.00762096 0.012442 0.0188402 0.0267886 0.0360345 0.0459505 0.0555083 0.0635343 0.069137 0.0719873 0.0722739 0.0704578 0.0670531 0.0625239 0.0572559 0.051547 0.04561 0.0395893 0.0335904 0.0277113 0.0220722 0.0168298 0.0121681 0.00825997 0.00521371
 0.00760885 0.0124177 0.0187958 0.0267154 0.0359267 0.0458111 0.0553515 0.0633841 0.0690189 0.0719189 0.0722588 0.0704869 0.0671093 0.06259 0.057319 0.0516018 0.0456585 0.0396392 0.0336499 0.0277855 0.0221599 0.0169238 0.0122584 0.00833736 0.00527279
 0.00758395 0.0123805 0.0187456 0.0266526 0.0358519 0.0457231 0.0552482 0.0632651 0.0688898 0.0717935 0.0721567 0.0704265 0.0671007 0.0626304 0.0573954 0.0516972 0.0457588 0.0397367 0.0337438 0.0278779 0.0222521 0.017014 0.0123415 0.00840761 0.00532649
 0.00756182 0.0123435 0.0186883 0.0265702 0.0357419 0.045588 0.0550969 0.0631114 0.0687483 0.0716755 0.072069 0.0703733 0.0670858 0.0626573 0.057464 0.0518012 0.0458865 0.0398745 0.0338803 0.0280063 0.0223693 0.017118 0.0124302 0.00847895 0.00537943
 0.00753676 0.012306 0.0186377 0.0265075 0.0356688 0.0455058 0.0550061 0.0630129 0.0686454 0.0715746 0.0719793 0.0703039 0.0670443 0.0626483 0.0574894 0.0518601 0.0459745 0.0399837 0.0340004 0.0281272 0.0224826 0.0172182 0.0125141 0.00854477 0.00542741
 0.00752938 0.0122912 0.0186106 0.0264622 0.035601 0.0454153 0.0548986 0.0628992 0.0685377 0.0714823 0.0719069 0.0702526 0.0670142 0.0626406 0.0575061 0.0519028 0.0460428 0.0400739 0.0341059 0.0282391 0.0225917 0.0173167 0.0125966 0.00860897 0.00547348
 0.00751105 0.0122627 0.0185699 0.0264079 0.0355321 0.0453309 0.0547991 0.0627873 0.0684199 0.0713691 0.0718103 0.0701834 0.0669788 0.0626401 0.0575379 0.0519625 0.0461259 0.0401756 0.0342204 0.0283591 0.0227087 0.0174226 0.0126853 0.00867744 0.00552203
 0.00750201 0.0122494 0.0185524 0.0263872 0.0355093 0.0453067 0.0547731 0.0627577 0.068384 0.0713243 0.0717564 0.0701235 0.0669197 0.0625907 0.0575064 0.0519543 0.0461426 0.0402158 0.0342799 0.0284319 0.0227873 0.0174991 0.0127529 0.00873175 0.00556157
 0.00750566 0.0122548 0.0185596 0.0263959 0.0355191 0.0453172 0.0547836 0.0627673 0.0683906 0.0713244 0.071746 0.070099 0.0668803 0.0625395 0.0574504 0.051903 0.0461048 0.0401976 0.0342833 0.0284546 0.022824 0.0175428 0.0127964 0.00876952 0.0055906
 0.00750775 0.0122591 0.0185675 0.0264092 0.035539 0.0453439 0.0548151 0.0627999 0.0684197 0.0713458 0.0717563 0.070096 0.0668627 0.0625072 0.0574057 0.0518508 0.0460526 0.0401535 0.0342538 0.0284428 0.0228288 0.0175598 0.0128195 0.00879298 0.00561041
 0.00750535 0.0122558 0.0185638 0.026406 0.0355379 0.0453466 0.0548235 0.0628149 0.0684409 0.0713711 0.0717818 0.0701172 0.0668751 0.0625079 0.0573936 0.051827 0.0460208 0.0401194 0.0342239 0.0284225 0.0228206 0.0175629 0.0128304 0.0088071 0.00562387
 0.00750535 0.0122558 0.0185638 0.026406 0.0355379 0.0453466 0.0548235 0.0628149 0.0684409 0.0713711 0.0717818 0.0701172 0.0668751 0.0625079 0.0573936 0.051827 0.0460208 0.0401194 0.0342239 0.0284225 0.0228206 0.0175629 0.0128304 0.0088071 0.00562387
 0.00741215 0.012109 0.0183524 0.0261248 0.0351901 0.044948 0.0544046 0.0624196 0.068118 0.0711617 0.0717091 0.0701821 0.0670588 0.0627789 0.0577153 0.0521656 0.0463495 0.0404206 0.0344886 0.028648 0.0230078 0.0177136 0.012947 0.00889252 0.00568225
 0.00746302 0.0121801 0.0184376 0.02621 0.0352564 0.0449763 0.0543811 0.0623389 0.067985 0.0709916 0.0715257 0.0700127 0.0669284 0.062703 0.0576975 0.0521978 0.0464163 0.040505 0.0345764 0.0287301 0.0230796 0.0177737 0.0129954 0.0089296 0.00570887
 0.00741867 0.0121178 0.0183614 0.0261288 0.0351794 0.0449074 0.0543156 0.0622653 0.0678915 0.0708746 0.0713933 0.0698842 0.0668273 0.0626505 0.0577061 0.0522685 0.0465391 0.0406619 0.034747 0.0288958 0.0232271 0.0178958 0.0130899 0.00899806 0.00575504
 0.00733811 0.0119837 0.0181549 0.0258339 0.0347904 0.0444383 0.0538058 0.0617745 0.0674832 0.0705946 0.0712585 0.0698845 0.0669395 0.0628506 0.0579752 0.0525919 0.0469018 0.0410455 0.0351292 0.0292539 0.0235418 0.0181544 0.0132882 0.00913932 0.00584809
 0.00732419 0.0119537 0.018096 0.0257284 0.0346189 0.0441861 0.0534698 0.0613697 0.0670441 0.0701712 0.0709054 0.0696474 0.0668427 0.0628936 0.0581385 0.0528471 0.0472199 0.0414002 0.0354962 0.0296093 0.0238641 0.0184269 0.0135018 0.00929396 0.00595093
 0.00729821 0.0119142 0.018041 0.0256564 0.0345271 0.0440684 0.0533166 0.0611705 0.0667936 0.0698759 0.0705881 0.0693457 0.0666012 0.0627513 0.0581179 0.0529488 0.047426 0.0416813 0.0358188 0.0299416 0.0241779 0.0187005 0.0137218 0.00945644 0.00606065
 0.00736478 0.0120212 0.0181992 0.0258733 0.0348038 0.0443939 0.0536642 0.0614973 0.0670466 0.0700049 0.0705591 0.069152 0.0662672 0.0623285 0.0576723 0.0525438 0.0471075 0.0414699 0.0357117 0.029919 0.0242126 0.018765 0.0137934 0.00951997 0.0061089
 0.00736593 0.0120332 0.0182358 0.0259537 0.0349472 0.0446123 0.0539541 0.0618369 0.0673982 0.0703214 0.0707925 0.0692618 0.0662293 0.0621434 0.0573674 0.0521693 0.046723 0.0411293 0.0354498 0.0297473 0.024122 0.0187345 0.0137989 0.00954104 0.00613191
 0.00739166 0.0120728 0.0182921 0.0260294 0.0350468 0.0447428 0.0541251 0.0620554 0.0676629 0.0706162 0.071085 0.0695081 0.0663845 0.0621733 0.0572589 0.0519355 0.0464014 0.040772 0.0351096 0.029464 0.0239147 0.0186018 0.0137261 0.00950837 0.00612152
 0.00735077 0.012013 0.0182145 0.0259396 0.0349538 0.0446574 0.0540589 0.0620214 0.0676756 0.0706892 0.0712255 0.0697099 0.0666235 0.06241 0.0574488 0.0520428 0.0464114 0.0406957 0.0349783 0.0293169 0.023785 0.0185081 0.013671 0.00948363 0.00611521
 0.00738105 0.0120562 0.0182686 0.0259992 0.0350124 0.0447104 0.054105 0.0620633 0.067717 0.0707337 0.0712761 0.069769 0.066692 0.0624839 0.0575157 0.0520831 0.0464046 0.0406306 0.0348598 0.0291657 0.0236295 0.0183733 0.0135707 0.00941928 0.00607968
#pred catch len freq
 0.00366628 0.00594071 0.00893938 0.012696 0.0172319 0.0225014 0.0283262 0.0343909 0.0403113 0.0457184 0.0503135 0.0539046 0.0564286 0.0579487 0.0586175 0.0586315 0.0581967 0.0574926 0.0566032 0.0554089 0.0535065 0.0502766 0.0451692 0.0380992 0.0296802
 0.00401924 0.0064657 0.00964228 0.01356 0.0182346 0.0236363 0.0296073 0.035831 0.0418828 0.0473232 0.0517895 0.0550718 0.0571538 0.0581916 0.0584346 0.058137 0.0575009 0.056647 0.0555789 0.0541222 0.0518858 0.0483365 0.0430467 0.0360218 0.0278795
 0.00422193 0.0068235 0.0102303 0.0144582 0.0195021 0.0252757 0.0315414 0.0379142 0.0439481 0.0492335 0.0534553 0.0564294 0.0581338 0.0587149 0.0584424 0.0576261 0.0565305 0.0553066 0.053941 0.0522201 0.0497358 0.0459915 0.0406377 0.0337466 0.0259394
 0.00448808 0.00723452 0.0108138 0.0152396 0.0205164 0.0265766 0.0331902 0.0399421 0.0463073 0.0517688 0.0559254 0.0585726 0.0597411 0.0596673 0.0587028 0.0572116 0.055491 0.0537166 0.0518913 0.0498076 0.0470644 0.04319 0.0378763 0.0312255 0.0238392
 0.00475556 0.00766451 0.0114513 0.0161222 0.0216675 0.0279968 0.0348531 0.0418004 0.0483077 0.0538594 0.0580413 0.0606072 0.0615324 0.0610209 0.0594426 0.0572262 0.0547521 0.0522672 0.0498253 0.0472536 0.0441814 0.0401694 0.034937 0.0285875 0.0216775
 0.0050136 0.00808204 0.0120774 0.0170046 0.0228476 0.0294989 0.0366681 0.0438726 0.0505343 0.0561068 0.0601712 0.0625005 0.0630957 0.0621732 0.0600975 0.0572896 0.0541419 0.0509454 0.047821 0.0446711 0.0411952 0.0370106 0.0318666 0.0258535 0.0194611
 0.00534263 0.00860323 0.0128376 0.0180423 0.0241906 0.0311597 0.0386326 0.0460885 0.0529052 0.0584975 0.062423 0.064454 0.0646166 0.0631694 0.0605178 0.057106 0.0533324 0.0494927 0.0457344 0.0420185 0.0381266 0.0337561 0.0287037 0.0230475 0.0172015
 0.00564728 0.00909929 0.0135863 0.0191024 0.0256095 0.0329572 0.0407826 0.0485085 0.055463 0.0610298 0.0647586 0.0664333 0.0661068 0.0640761 0.0607895 0.0567286 0.0523153 0.047858 0.0435192 0.0392958 0.035033 0.0305039 0.0255575 0.0202668 0.0149719
 0.00591944 0.00953331 0.0142259 0.0199884 0.0267795 0.0344408 0.0425887 0.0506089 0.0577783 0.0634273 0.0670653 0.068463 0.0676922 0.0650941 0.0611704 0.0564508 0.0513917 0.0463242 0.0414308 0.0367396 0.0321456 0.027483 0.0226444 0.0176979 0.0129164
 0.00615206 0.00990687 0.0147804 0.0207604 0.0277985 0.0357228 0.0441272 0.0523679 0.0596919 0.0654047 0.0689954 0.0702195 0.0691427 0.0661145 0.0616629 0.0563559 0.0506918 0.0450393 0.0396146 0.0344823 0.0295831 0.0248008 0.0200612 0.0154237 0.0110997
 0.00634529 0.0102137 0.0152296 0.0213769 0.0286025 0.036727 0.0453304 0.053747 0.0611986 0.0669672 0.0705259 0.0716234 0.0703271 0.0669932 0.0621598 0.0564083 0.0502574 0.0441041 0.0382016 0.0326595 0.0274692 0.0225621 0.0178924 0.0135091 0.00956881
 0.00644121 0.0103875 0.0155241 0.0218427 0.0292867 0.0376546 0.0464876 0.0550772 0.0626139 0.0683694 0.0718245 0.0727445 0.0712138 0.0676031 0.062459 0.0563682 0.0498527 0.0433189 0.0370405 0.0311631 0.0257255 0.0207063 0.0160884 0.0119139 0.00829272
 0.00647574 0.0104568 0.0156551 0.0220744 0.0296683 0.0382377 0.047312 0.0561521 0.0639016 0.0697779 0.0732201 0.0739821 0.072174 0.0682157 0.0627045 0.0562594 0.0494136 0.0425716 0.0360078 0.0298815 0.0242616 0.0191634 0.0145955 0.0105969 0.00724083
 0.00650526 0.0104929 0.015689 0.0220955 0.0296734 0.0382438 0.0473644 0.0563196 0.0642563 0.0703666 0.0740379 0.0749633 0.0732028 0.069156 0.0634344 0.0566971 0.0495235 0.0423556 0.0354915 0.0291088 0.0232968 0.0180951 0.0135295 0.00963724 0.00646359
 0.0065467 0.0105522 0.0157624 0.0221723 0.0297367 0.0382737 0.0473455 0.0562518 0.0641659 0.0703105 0.0740925 0.0751962 0.0736401 0.0697616 0.0641153 0.0573311 0.049996 0.0425867 0.0354479 0.0288015 0.0227742 0.0174334 0.0128214 0.008973 0.00591146
 0.0066071 0.0106383 0.0158693 0.0222873 0.0298418 0.0383506 0.0473791 0.0562329 0.0640928 0.0701934 0.0739589 0.0750926 0.0736233 0.0698788 0.0643793 0.057706 0.0504026 0.0429275 0.0356386 0.0287954 0.0225724 0.0170798 0.0123869 0.00853453 0.005531
 0.00677367 0.0108801 0.0161789 0.0226375 0.0301912 0.0386542 0.0475978 0.0563396 0.0640758 0.0700584 0.0737297 0.0748088 0.0733355 0.06964 0.0642345 0.0576775 0.0504787 0.0430609 0.0357607 0.0288409 0.0225031 0.0168968 0.012126 0.00824902 0.00527066
