SBPRF35
7.25246
Curr Bio
459044
B35
489708
F35
0.22062
FOFL
0.209349
OFL
75750.4
Bzero
2.07213e+006
#pred survey bio
 4.01566e+006 3.35159e+006 3.1469e+006 2.96801e+006 2.78971e+006 2.51575e+006 2.21913e+006 1.95028e+006 1.76455e+006 1.62506e+006 1.5116e+006 1.37351e+006 1.21087e+006 989841 847043 756764 705749 676254 674388 650739 619038 556608 532710 518049 506292 513831 541354 561164 578506 567715 563732 561275 565680 598465 623822 631839 587814 569387 552625 545501 515832 523041 558819 626028 659892 635548 559880 520397 518830 545011 593128 625691 577509 500129 465504 1.65177e+007 9.7562e+006 9.99155e+006 1.0763e+007 1.17861e+007 1.28224e+007 1.3739e+007 1.44858e+007 1.50627e+007 1.5493e+007 1.58066e+007 1.6032e+007 1.61927e+007 1.63069e+007 1.63881e+007 1.64461e+007 1.64877e+007 1.65177e+007 1.65395e+007 1.65555e+007 1.65673e+007 1.6576e+007 1.65825e+007 1.65873e+007 1.6591e+007 1.65937e+007 1.65958e+007 1.65974e+007 1.65986e+007 1.65995e+007 1.66002e+007 1.66007e+007 1.66011e+007 1.66014e+007 1.66017e+007 1.66019e+007 1.6602e+007 1.66021e+007 1.66022e+007 1.66023e+007 1.66023e+007 1.66023e+007 1.66024e+007 1.66024e+007 1.66024e+007 1.66024e+007 1.66024e+007 1.66024e+007 1.66024e+007 1.66025e+007 1.66025e+007 1.66025e+007 1.66025e+007 1.66025e+007 1.66025e+007 1.66025e+007 1.66025e+007 1.66025e+007 1.66025e+007 1.66025e+007 1.66025e+007 1.66025e+007 1.66025e+007 1.66025e+007 1.66025e+007 1.66025e+007 1.66025e+007 1.66025e+007 1.66025e+007 1.66025e+007 1.66025e+007 1.66025e+007 1.66025e+007 1.66025e+007 1.66025e+007 1.66025e+007 1.66025e+007 1.66025e+007 1.66025e+007 1.66025e+007 1.66025e+007 1.66025e+007 1.66025e+007 1.66025e+007 1.66025e+007 1.66025e+007 1.66025e+007 1.66025e+007 1.66025e+007 1.66025e+007 1.66025e+007 1.66025e+007 1.66025e+007 1.66025e+007 1.66025e+007 1.66025e+007 1.66025e+007 1.66025e+007 1.66025e+007 1.66025e+007 0 0 0 0 0 0 0 0 0 0 0 0 0 0 0 0 0 0 0 0 0 0 0 0 0
#obs survey bio
 4.61323e+006 2.86118e+006 3.68299e+006 2.38422e+006 2.80839e+006 2.66095e+006 2.39502e+006 1.62008e+006 1.95016e+006 1.55047e+006 1.51617e+006 1.38205e+006 1.4283e+006 771340 795530 628587 817302 636541 597423 799098 728562 396074 381900 525586 389686 532254 646986 542398 562494 542913 606849 639060 519182 724796 705417 726925 407381 735667 532014 643370 490234 568102 395315 682650 760825 635846 612506 581441 610395 530358 539924 571200 636699 454570 394463
#pred catch bio
 112668 94971.8 169607 191897 276883 276145 299417 314583 305574 312495 310347 269934 253594 261334 237232 216148 187326 154442 157097 135213 131675 128162 118765 121921 116362 111195 113441 94248.8 99174.6 95666 102965 96791.4 98600.2 100561 98711.3 90451.2 96198.5 85050.2 84273.3 86643.6 81513.1 86783.4 87838.4 94704.7 87694.6 97714 93423.6 89316.4 97395 90130.1 85841.5 118486 117475 93510.2 38990.4 75750.4 77610.4 77816.3 82752.6 90375 98213.3 105052 110489 114552 117458 119470 120830 121732 122321 122702 122945 123100 123198 123259 123298 123322 123337 123346 123352 123355 123358 123359 123360 123360 123361 123361 123361 123361 123361 123361 123361 123361 123361 123361 123361 123361 123361 123361 123361 123361 123361 123361 123361 123361 123361 123361 123361 123361 123361 123361 123361 123361 123361 123361 123361 123361 123361 123361 123361 123361 123361 123361 123361 123361 123361 123361 123361 123361 123361 123361 123361 123361 123361 123361 123361 123361 123361 123361 123361 123361 123361 123361 123361 123361 123361 123361 123361 123361 123361 123361 123361 123361 123361 123361 123361 0 0 0 0 0 0 0 0 0 0 0 0 0 0 0 0 0 0 0 0 0 0 0 0 0
#obs catch bio
 0 94507.5 170234 191544 277645 275755 299204 315291 305472 313920 311324 269638 251942 262419 237532 218495 187589 154334 157382 134982 131107 128744 118578 121930 116458 111656 113833 93962.9 99063.8 95540.7 103151 96549.2 98965.6 100634 98862.8 90108 96504 84921.4 84307.3 86558.5 81449.8 86886.6 88189.8 94790 87421.8 97657 93437.4 89232.8 97818.5 90347 85554.8 118584 117468 94183.8 38731.8
#pred cpue bio
 3.97062e+006 3.31401e+006 3.11053e+006 2.93183e+006 2.75397e+006 2.48123e+006 2.18638e+006 1.91895e+006 1.73342e+006 1.59369e+006 1.47966e+006 1.34178e+006 1.18063e+006 963107 821812 732296 681522 652160 649966 626684 596069 535779 512418 498257 486783 493816 520354 539593 556691 546422 542670 540311 544677 576372 601203 609182 565754 545764 528785 522009 493801 500739 534939 599488 632273 609374 536755 498685 497086 522070 568476 600246 553565 478534 445090 1.58398e+007 9.34612e+006 9.43045e+006 1.00901e+007 1.10877e+007 1.21199e+007 1.30359e+007 1.37826e+007 1.43595e+007 1.47899e+007 1.51035e+007 1.53288e+007 1.54895e+007 1.56037e+007 1.5685e+007 1.57429e+007 1.57845e+007 1.58146e+007 1.58364e+007 1.58523e+007 1.58641e+007 1.58728e+007 1.58793e+007 1.58842e+007 1.58878e+007 1.58906e+007 1.58927e+007 1.58942e+007 1.58954e+007 1.58963e+007 1.5897e+007 1.58976e+007 1.5898e+007 1.58983e+007 1.58985e+007 1.58987e+007 1.58988e+007 1.5899e+007 1.5899e+007 1.58991e+007 1.58991e+007 1.58992e+007 1.58992e+007 1.58992e+007 1.58993e+007 1.58993e+007 1.58993e+007 1.58993e+007 1.58993e+007 1.58993e+007 1.58993e+007 1.58993e+007 1.58993e+007 1.58993e+007 1.58993e+007 1.58993e+007 1.58993e+007 1.58993e+007 1.58993e+007 1.58993e+007 1.58993e+007 1.58993e+007 1.58993e+007 1.58993e+007 1.58993e+007 1.58993e+007 1.58993e+007 1.58993e+007 1.58993e+007 1.58993e+007 1.58993e+007 1.58993e+007 1.58993e+007 1.58993e+007 1.58993e+007 1.58993e+007 1.58993e+007 1.58993e+007 1.58993e+007 1.58993e+007 1.58993e+007 1.58993e+007 1.58993e+007 1.58993e+007 1.58993e+007 1.58993e+007 1.58993e+007 1.58993e+007 1.58993e+007 1.58993e+007 1.58993e+007 1.58993e+007 1.58993e+007 1.58993e+007 1.58993e+007 1.58993e+007 1.58993e+007 1.58993e+007 1.58993e+007 1.58993e+007 0 0 0 0 0 0 0 0 0 0 0 0 0 0 0 0 0 0 0 0 0 0 0 0 0
#obs cpue bio
 2.32884e+006 3.08738e+006 2.84824e+006 3.74156e+006 2.72802e+006 2.61133e+006 2.10357e+006 1.82166e+006 1.75233e+006 1.18412e+006 1.62637e+006 1.54039e+006 1.48287e+006 787142 920014 528223 813522 673095 730676 550716 663520 471908 911251 487263 582873 357314 480032 681611 612635 538270 458837 588917 378736 580052 484981 756124 584181 506192 485893 543897 468082 430362 507672 764753 636420 646561 448369 450538 326843 499716 773959 714118 525538 403345 610840
#pred surv len freq
 0.0042731 0.00704063 0.0107877 0.0155552 0.0212542 0.0275722 0.033959 0.0397795 0.0445608 0.0481433 0.0506417 0.0522925 0.0533253 0.053912 0.0541705 0.0541891 0.0540514 0.0538359 0.0535574 0.0530491 0.0518621 0.0493166 0.0447903 0.0381365 0.029944
 0.00452602 0.00737864 0.0111635 0.015886 0.021452 0.027588 0.0338115 0.0395456 0.0443305 0.0479705 0.0505242 0.0521931 0.0532157 0.0538077 0.0541338 0.0542989 0.0543552 0.0543077 0.0540847 0.0534623 0.0519993 0.0490961 0.0442492 0.0374119 0.029208
 0.00460642 0.00755382 0.0115034 0.016467 0.0223194 0.0287077 0.0350445 0.0406771 0.0451516 0.0483661 0.0505081 0.0518726 0.0527213 0.0532423 0.0535666 0.0537844 0.0539418 0.05402 0.0538935 0.0532762 0.0516968 0.0485878 0.0435314 0.0365738 0.0283866
 0.00472218 0.00774099 0.0117868 0.0168786 0.022902 0.0295123 0.0361118 0.0420032 0.0466516 0.0498639 0.0517753 0.0527064 0.0530192 0.0530286 0.0529606 0.0529409 0.0530015 0.0530812 0.0529995 0.052413 0.0508117 0.0476301 0.0424984 0.0355283 0.0274317
 0.0048386 0.0079356 0.0120895 0.0173202 0.0235091 0.0302991 0.0370753 0.0431241 0.0478996 0.0511951 0.0531159 0.053937 0.053982 0.0535705 0.0529916 0.0524707 0.0521291 0.0519487 0.0517371 0.0511045 0.0494923 0.0463124 0.0412081 0.0343235 0.0263905
 0.00503202 0.00825636 0.0125838 0.0180347 0.0244806 0.0315396 0.038556 0.0447721 0.049611 0.0528595 0.0546378 0.0552394 0.0549946 0.0542149 0.0531825 0.0521401 0.0512622 0.0506023 0.0500271 0.0491711 0.0474671 0.044309 0.0393286 0.0326648 0.0250329
 0.00522771 0.0085768 0.0130709 0.0187305 0.0254211 0.0327432 0.0400111 0.046429 0.0513846 0.0546424 0.0563162 0.0567076 0.0561638 0.0550129 0.0535473 0.0520154 0.0506054 0.0494061 0.0483411 0.0471062 0.0451812 0.0419807 0.0371327 0.0307492 0.0234969
 0.00545101 0.00894851 0.0136462 0.0195657 0.0265615 0.0342049 0.041763 0.0483881 0.053431 0.0566442 0.0581511 0.0582733 0.0573784 0.0558121 0.05388 0.0518395 0.0498873 0.0481294 0.0465263 0.044833 0.0425984 0.0392938 0.0345689 0.0285098 0.0217144
 0.00568911 0.00934424 0.0142582 0.0204547 0.0277794 0.0357756 0.0436628 0.0505362 0.0556987 0.0588783 0.0601997 0.0600054 0.0586948 0.0566462 0.0541913 0.051603 0.0490855 0.0467541 0.0445938 0.0424094 0.0398214 0.0363735 0.0317564 0.0260405 0.0197479
 0.00591234 0.00971013 0.014815 0.0212512 0.0288574 0.037158 0.0453386 0.0524527 0.0577645 0.0609757 0.0621994 0.0617793 0.0601262 0.0576395 0.0546767 0.0515357 0.0484401 0.0455226 0.0427928 0.0401003 0.0371328 0.0335084 0.0289671 0.0235715 0.0177718
 0.0061402 0.0100873 0.0153951 0.0220879 0.0299936 0.0386084 0.0470735 0.0543937 0.0597985 0.062979 0.0640574 0.0633945 0.0614164 0.0585338 0.0551137 0.0514648 0.0478239 0.0443413 0.0410552 0.0378609 0.0345128 0.0307027 0.0262221 0.0211311 0.0158119
 0.00643035 0.0105495 0.0160733 0.0230177 0.0311974 0.0400869 0.0487949 0.0562872 0.0617602 0.0648879 0.0657953 0.0648604 0.0625345 0.059252 0.055397 0.0512857 0.0471575 0.0431688 0.0393771 0.0357196 0.0320146 0.0280267 0.0235997 0.0187945 0.0139313
 0.0065989 0.0108354 0.0165252 0.0236869 0.0321258 0.0412885 0.0502397 0.0579002 0.0634376 0.0665227 0.0672956 0.0661536 0.0635623 0.0599649 0.0557522 0.0512467 0.0466938 0.0422578 0.0380136 0.0339339 0.0298939 0.0257251 0.0213216 0.016749 0.0122751
 0.00676433 0.0111148 0.0169653 0.0243387 0.0330343 0.0424765 0.0516897 0.0595457 0.0651699 0.0682113 0.0688129 0.0673961 0.064462 0.0604898 0.0558953 0.0510111 0.0460816 0.0412676 0.0366495 0.032224 0.0279123 0.0236031 0.0192358 0.0148825 0.0107657
 0.00693612 0.0114329 0.0175146 0.0252192 0.0343344 0.0442313 0.0538451 0.0619506 0.0676071 0.0704498 0.070656 0.0687094 0.0651811 0.0606147 0.0554746 0.0501202 0.044799 0.0396596 0.0347686 0.0301235 0.0256687 0.0213324 0.0170875 0.0130082 0.00927556
 0.00708843 0.01168 0.0178885 0.0257567 0.0350791 0.0452306 0.0551374 0.063543 0.0694502 0.0724233 0.0725781 0.0703725 0.0664014 0.0612728 0.0555323 0.0496106 0.0438003 0.0382673 0.0330775 0.0282245 0.0236588 0.0193256 0.0152132 0.0113897 0.00799828
 0.00729042 0.0119922 0.0183281 0.0263295 0.0357799 0.0460463 0.0560495 0.0645318 0.0704994 0.0735195 0.0736992 0.0714692 0.0673852 0.0620251 0.055935 0.0495808 0.0433131 0.0373555 0.0318162 0.0267136 0.0220116 0.0176644 0.0136612 0.0100543 0.00694896
 0.00755113 0.0123745 0.0188263 0.0269115 0.0363963 0.0466468 0.0565968 0.0650086 0.0709099 0.0738878 0.0740632 0.0718657 0.0678294 0.0624915 0.0563521 0.0498469 0.0433278 0.0370527 0.0311845 0.0257978 0.0209008 0.0164734 0.0125099 0.00904562 0.00614904
 0.00759882 0.0124535 0.0189463 0.0270779 0.0366043 0.0468749 0.0568067 0.0651562 0.0709678 0.0738661 0.0740145 0.0718683 0.0679547 0.0627736 0.0567701 0.0503269 0.0437615 0.037328 0.0312186 0.0255609 0.0204236 0.0158349 0.0118137 0.00839102 0.00560733
 0.00769327 0.0126018 0.0191597 0.0273629 0.0369609 0.0472932 0.0572628 0.0656093 0.0713631 0.0741477 0.0741435 0.071841 0.0678097 0.0625804 0.0566012 0.0502262 0.0437245 0.0373044 0.031136 0.0253581 0.0200778 0.0153716 0.0112948 0.00789066 0.00518539
 0.00768678 0.0125858 0.0191262 0.0273026 0.0368681 0.0471718 0.0571305 0.0654962 0.0713026 0.0741632 0.0742386 0.0719977 0.0679981 0.0627737 0.0567883 0.0504109 0.0439123 0.0374862 0.031281 0.0254245 0.0200336 0.0152142 0.0110547 0.00761904 0.00493311
 0.00774217 0.0126744 0.0192559 0.0274775 0.0370848 0.0474158 0.0573747 0.065706 0.0714468 0.0742267 0.0742274 0.0719337 0.0679071 0.0626752 0.0566927 0.0503233 0.0438361 0.0374219 0.0312207 0.0253504 0.0199253 0.0150604 0.0108631 0.00741385 0.0047442
 0.00772334 0.0126684 0.0192919 0.0275961 0.0373254 0.0477976 0.0578801 0.0662775 0.0720017 0.0746803 0.0745167 0.0720312 0.0678228 0.0624482 0.0563757 0.0499678 0.0434821 0.0370942 0.0309292 0.0250929 0.0196918 0.0148413 0.0106556 0.00722432 0.00458385
 0.00772714 0.012657 0.0192446 0.0274892 0.0371462 0.0475616 0.0576406 0.0661137 0.0719869 0.0748465 0.0748367 0.0724304 0.0682112 0.0627538 0.0565636 0.05004 0.043465 0.0370213 0.0308292 0.024983 0.019579 0.014727 0.0105416 0.00711585 0.00448877
 0.00786479 0.0128667 0.019532 0.0278458 0.0375462 0.0479625 0.0579878 0.0663546 0.0720914 0.0748231 0.0747302 0.0722981 0.0680923 0.0626532 0.0564584 0.0499014 0.0432779 0.0367916 0.0305771 0.0247323 0.0193479 0.0145254 0.0103729 0.00698053 0.00438577
 0.00787182 0.0128916 0.0195937 0.0279684 0.0377506 0.0482534 0.0583434 0.0667264 0.0724163 0.0750445 0.0748181 0.0722583 0.0679614 0.0624795 0.0562804 0.0497346 0.0431175 0.0366252 0.0303983 0.0245452 0.0191642 0.0143578 0.0102304 0.00686722 0.00430164
 0.00784248 0.0128321 0.0194843 0.0277883 0.0374892 0.0479242 0.0579923 0.0664232 0.0722303 0.0750152 0.0749399 0.0724877 0.0682405 0.0627602 0.0565363 0.0499577 0.0433066 0.0367778 0.0305093 0.0246116 0.0191894 0.0143513 0.010205 0.00683469 0.00427054
 0.00800367 0.0130514 0.0197347 0.0280163 0.0376275 0.0479147 0.0578074 0.0660777 0.0717797 0.0745428 0.0745346 0.0722189 0.0681379 0.0628096 0.0566929 0.0501678 0.0435258 0.0369772 0.0306734 0.0247337 0.019269 0.0143935 0.010219 0.00683131 0.00425945
 0.00799491 0.0130326 0.0196963 0.0279425 0.0374952 0.0476946 0.0574706 0.065608 0.0711899 0.0738862 0.073903 0.0717211 0.0678668 0.062812 0.0569566 0.050631 0.0441009 0.0375776 0.0312317 0.0252085 0.0196426 0.0146662 0.0104029 0.00694505 0.00432337
 0.00801371 0.0130653 0.0197489 0.02802 0.0375978 0.0478125 0.0575793 0.0656686 0.0711567 0.073722 0.073596 0.0712988 0.0673963 0.0623839 0.0566568 0.0505116 0.0441653 0.0377859 0.0315204 0.025514 0.0199173 0.0148843 0.0105583 0.00704496 0.00438119
 0.00792164 0.0129345 0.0195871 0.0278471 0.037441 0.0476977 0.057523 0.065673 0.0712082 0.0737925 0.0736485 0.0712977 0.0673223 0.0622462 0.0564946 0.0503816 0.044119 0.0378482 0.0316817 0.0257373 0.0201559 0.015099 0.0107267 0.00716196 0.00445373
 0.0079533 0.0129747 0.0196278 0.027876 0.0374478 0.0476821 0.0574991 0.0656652 0.0712384 0.0738662 0.0737479 0.0713868 0.0673605 0.0622054 0.0563715 0.0502012 0.0439267 0.0376929 0.0315971 0.0257309 0.0202106 0.0151849 0.010815 0.00723421 0.00450362
 0.007942 0.012955 0.0195953 0.0278248 0.0373708 0.0475727 0.0573549 0.0654927 0.071057 0.0737071 0.0736456 0.0713649 0.0674196 0.0623208 0.056504 0.0503157 0.0440072 0.0377464 0.0316445 0.0257922 0.0202935 0.0152823 0.0109117 0.00731601 0.00456327
 0.00779455 0.0127444 0.0193322 0.0275369 0.0370945 0.0473393 0.0571802 0.0653752 0.0709846 0.0736678 0.0736355 0.0713903 0.0674923 0.0624484 0.0566815 0.0505238 0.0442197 0.0379417 0.0318137 0.0259383 0.0204236 0.0154003 0.0110155 0.0074006 0.00462539
 0.00785253 0.0127928 0.0193227 0.0274026 0.0367755 0.0468183 0.0565072 0.0646608 0.0703598 0.0732338 0.0734331 0.0714024 0.0676697 0.0627378 0.0570401 0.0509195 0.0446256 0.0383333 0.0321706 0.0262477 0.0206814 0.015608 0.0111769 0.00752001 0.00470779
 0.0085584 0.0137947 0.020558 0.0287147 0.0379487 0.047642 0.0568356 0.0644459 0.069656 0.0721812 0.0722229 0.0702277 0.0666763 0.0619969 0.0565527 0.0506431 0.0445036 0.0383129 0.03221 0.0263164 0.0207591 0.0156825 0.0112418 0.00757219 0.00474652
 0.00933447 0.0150046 0.0222735 0.0309437 0.0406068 0.0505254 0.0596135 0.0667058 0.0710128 0.0724082 0.0713322 0.0684537 0.0643794 0.0595436 0.0542276 0.0486137 0.0428312 0.0369876 0.0311876 0.0255448 0.0201907 0.0152773 0.0109658 0.00739514 0.00464091
 0.00921702 0.0149741 0.0225204 0.031734 0.0421998 0.0530471 0.0629483 0.0704751 0.0746616 0.0753578 0.0731324 0.0688844 0.0634816 0.0575819 0.0515977 0.0457298 0.0400328 0.0344943 0.0291017 0.0238835 0.0189227 0.0143503 0.0103202 0.00697084 0.00438058
 0.0089877 0.0145937 0.0219462 0.0309549 0.0412786 0.0521634 0.0624024 0.0706143 0.0757329 0.0773579 0.0757528 0.0715985 0.0657331 0.058973 0.0519924 0.0452449 0.0389461 0.0331265 0.0277225 0.0226667 0.0179469 0.0136248 0.00981586 0.00664256 0.00418139
 0.00878487 0.0142828 0.021512 0.0303926 0.0405927 0.0513707 0.0615482 0.0697984 0.0751259 0.0771799 0.0761979 0.0727303 0.0674111 0.0608687 0.0537035 0.0464457 0.0394953 0.0330805 0.0272689 0.0220273 0.0173021 0.0130813 0.00941208 0.00637174 0.00401561
 0.0088816 0.0143964 0.0216033 0.0304002 0.0404515 0.0510397 0.0610324 0.0691515 0.0744369 0.0765565 0.0757587 0.0725949 0.0676712 0.0615386 0.0546799 0.047519 0.0404211 0.0336761 0.0274766 0.0219122 0.0169975 0.0127221 0.00909162 0.00613179 0.00385867
 0.00885696 0.0143778 0.0216118 0.0304609 0.0405772 0.0512105 0.0611868 0.0692019 0.0743075 0.0762253 0.0752771 0.0720761 0.0672545 0.0613461 0.0547763 0.0478849 0.040952 0.0342181 0.0278874 0.0221154 0.0170002 0.0125912 0.0089099 0.00596228 0.00373185
 0.00885565 0.0143723 0.0215987 0.0304387 0.0405506 0.0511941 0.0612022 0.0692652 0.0744116 0.0763308 0.0753237 0.0720147 0.0670802 0.0611111 0.0545701 0.0477922 0.0410112 0.0344029 0.0281212 0.0223113 0.0171018 0.0125911 0.00883929 0.00586559 0.00364367
 0.00875577 0.0142209 0.0213915 0.0301792 0.0402498 0.0508698 0.0608792 0.0689763 0.0741948 0.0762194 0.0753329 0.0721309 0.0672643 0.0613167 0.054768 0.0479833 0.0412177 0.0346434 0.0283892 0.0225733 0.0173155 0.0127292 0.00890153 0.00587306 0.00362415
 0.00875766 0.014206 0.0213366 0.0300537 0.0400263 0.0505389 0.0604614 0.0685214 0.0737681 0.0758824 0.075128 0.0720752 0.0673501 0.0615158 0.0550401 0.0482888 0.041529 0.0349476 0.0286808 0.0228431 0.0175472 0.012906 0.00901642 0.00593308 0.00364611
 0.00865665 0.0140554 0.0211342 0.0298041 0.0397356 0.0502102 0.0600935 0.0681161 0.0733411 0.0754706 0.0747864 0.0718614 0.067305 0.0616496 0.0553304 0.0486901 0.0419877 0.0354158 0.029123 0.0232362 0.0178763 0.0131625 0.00919883 0.00604895 0.00371036
 0.0086796 0.0140981 0.0212084 0.0299226 0.0399087 0.0504371 0.060356 0.0683755 0.0735437 0.0755618 0.074729 0.0716521 0.0669795 0.0612733 0.0549763 0.0484146 0.0418172 0.0353468 0.0291327 0.0232948 0.017956 0.0132417 0.0092639 0.00609403 0.00373641
 0.00867382 0.0141018 0.0212382 0.0300021 0.040062 0.0506795 0.0606842 0.0687632 0.0739451 0.0759192 0.0749834 0.0717558 0.0669086 0.0610373 0.0546186 0.0480016 0.0414177 0.0350129 0.0288892 0.0231404 0.0178729 0.0132059 0.00925379 0.00609428 0.00373857
 0.00860216 0.0139974 0.0211044 0.0298522 0.0399189 0.0505727 0.0606452 0.0688193 0.07411 0.0761841 0.0753138 0.0720965 0.0671975 0.0612227 0.0546743 0.0479333 0.0412601 0.0348158 0.0287002 0.0229913 0.0177746 0.0131529 0.00923182 0.00608904 0.00373974
 0.008624 0.0140273 0.0211392 0.0298865 0.0399475 0.0505948 0.0606674 0.0688546 0.0741737 0.0762876 0.0754581 0.0722686 0.0673715 0.0613642 0.0547499 0.0479216 0.0411598 0.0346473 0.0284988 0.0227945 0.0176104 0.0130335 0.00915556 0.00604584 0.00371782
 0.00859534 0.013967 0.0210237 0.0296875 0.0396414 0.0501766 0.0601632 0.0683228 0.0736933 0.0759375 0.0752967 0.0723209 0.0676241 0.0617699 0.0552393 0.04842 0.0416043 0.0349997 0.0287495 0.022957 0.0177096 0.0130942 0.00919527 0.00607372 0.00373754
 0.00850899 0.0138265 0.020812 0.0293878 0.0392401 0.0496686 0.0595591 0.0676554 0.0730198 0.0753339 0.0748459 0.0720941 0.0676625 0.0620722 0.0557602 0.0490815 0.0423154 0.0356774 0.0293349 0.0234221 0.018054 0.0133349 0.00935578 0.00617646 0.00380042
 0.00869642 0.0141319 0.0212703 0.0300249 0.0400587 0.0506298 0.0605696 0.0685742 0.0736899 0.0756302 0.074715 0.0715706 0.0668556 0.061131 0.0548315 0.0482736 0.0416807 0.0352156 0.0290128 0.023197 0.0178908 0.0132128 0.00926513 0.00611263 0.00375917
 0.00881705 0.0143489 0.0216346 0.0305946 0.0408822 0.0517205 0.0618802 0.0699887 0.0750393 0.0767275 0.0753969 0.0717346 0.0664844 0.0602974 0.0536792 0.046979 0.0404079 0.0340828 0.0280791 0.0224709 0.0173503 0.0128243 0.00899603 0.00593479 0.00364872
 0.00882393 0.0143479 0.0216135 0.030542 0.0408003 0.0516398 0.0618653 0.0701233 0.0753909 0.0773079 0.0761408 0.0725107 0.0671356 0.060692 0.0537511 0.0467431 0.0399459 0.0335089 0.0275014 0.0219645 0.0169496 0.0125315 0.00879536 0.00580505 0.00356975
#obs surv len freq
 nan nan nan nan nan nan nan nan nan nan nan nan nan nan nan nan nan nan nan nan nan nan nan nan nan
 0.00448583 0.00734785 0.0111786 0.0159958 0.0216974 0.0279736 0.034288 0.0400191 0.044698 0.0481607 0.0505172 0.0520115 0.0529023 0.0534133 0.0537265 0.0539806 0.0542586 0.054551 0.0546895 0.0542813 0.0527194 0.0493518 0.043802 0.0362828 0.0276672
 0.00461312 0.0075579 0.0115002 0.0164565 0.0223166 0.0287525 0.0351986 0.0410021 0.0456709 0.0490347 0.0512142 0.0524758 0.0531055 0.0533547 0.0534284 0.0534804 0.0536001 0.0537772 0.0538398 0.053393 0.0518315 0.0485078 0.0430469 0.0356546 0.0271871
 0.00477635 0.00782318 0.0118995 0.01702 0.0230676 0.0296984 0.0363212 0.0422512 0.0469681 0.0502839 0.0523152 0.0533372 0.0536558 0.0535507 0.0532595 0.052967 0.0527866 0.0527228 0.0526107 0.0520593 0.0504684 0.0471952 0.0418641 0.0346671 0.0264309
 0.00497132 0.00814185 0.0123821 0.0177049 0.0239835 0.0308524 0.0376871 0.0437658 0.04854 0.05181 0.053695 0.0544792 0.0544803 0.0539928 0.0532752 0.0525403 0.0519333 0.0514899 0.0510727 0.050313 0.048629 0.0453899 0.0402186 0.0332839 0.0253679
 0.00517035 0.00847093 0.0128877 0.0184338 0.024974 0.0321197 0.039208 0.0454734 0.0503329 0.0535714 0.055311 0.0558495 0.0555211 0.0546357 0.0534667 0.0522442 0.0511367 0.0502117 0.0493706 0.0482881 0.0464229 0.043173 0.0381657 0.031541 0.0240199
 0.00540076 0.00884433 0.0134479 0.0192219 0.0260221 0.0334403 0.0407819 0.0472431 0.0522072 0.0554401 0.0570595 0.0573704 0.0567199 0.0554343 0.053803 0.0520716 0.0504263 0.0489601 0.0476136 0.0461144 0.0439808 0.0406601 0.0357979 0.0295058 0.0224328
 0.00563926 0.00923776 0.0140503 0.0200863 0.0271894 0.0349217 0.0425428 0.0491992 0.0542404 0.057423 0.0588773 0.058928 0.05794 0.0562515 0.0541606 0.0519206 0.0497289 0.0476978 0.0458035 0.0438291 0.0413635 0.0379203 0.0331786 0.0272285 0.0206415
 0.00587606 0.00962463 0.0146365 0.0209201 0.0283098 0.0363456 0.0442492 0.051122 0.0562743 0.0594415 0.060753 0.0605481 0.0592143 0.0571129 0.0545595 0.0518174 0.0490896 0.0464994 0.0440503 0.0415773 0.0387427 0.0351358 0.0304818 0.024858 0.0187603
 0.00613357 0.0100466 0.0152774 0.0218323 0.0295327 0.037889 0.0460775 0.0531496 0.0583793 0.0614904 0.0626218 0.0621332 0.0604342 0.0579061 0.0548815 0.051636 0.0483807 0.0452477 0.0422612 0.0392999 0.0360951 0.0323136 0.0277335 0.0224273 0.0168199
 0.0063831 0.0104553 0.0158983 0.0227167 0.0307205 0.0393932 0.0478673 0.0551443 0.0604588 0.063518 0.064467 0.0636868 0.0616133 0.0586536 0.0551603 0.0514225 0.0476586 0.0440088 0.0405142 0.037092 0.0335351 0.0295832 0.0250672 0.02006 0.0149217
 0.00661409 0.0108371 0.0164845 0.0235608 0.0318653 0.0408529 0.0496107 0.0570892 0.062484 0.065487 0.0662513 0.0651785 0.0627308 0.059341 0.0553842 0.0511659 0.0469152 0.04278 0.0388166 0.0349738 0.0310986 0.0269954 0.0225437 0.0178182 0.0131212
 0.00684473 0.0112124 0.0170503 0.0243604 0.0329319 0.0421975 0.0512079 0.0588709 0.0643468 0.0673096 0.0679128 0.0665734 0.0637757 0.0599779 0.0555792 0.0509039 0.0461943 0.0416089 0.0372182 0.0329991 0.0288445 0.0246139 0.0202288 0.0157647 0.011472
 0.00705646 0.0115623 0.017587 0.0251317 0.0339739 0.0435179 0.0527711 0.0605942 0.066115 0.0689994 0.0694145 0.0678001 0.0646643 0.0604856 0.0556805 0.0505882 0.0454628 0.0404733 0.0357052 0.0311608 0.026772 0.0224446 0.0181341 0.0139147 0.00999029
 0.0072548 0.0118875 0.0180814 0.0258366 0.0349214 0.044718 0.0541973 0.0621782 0.0677538 0.0705747 0.0708125 0.068927 0.0654541 0.0609011 0.0557082 0.0502306 0.044732 0.0393885 0.0342967 0.0294798 0.0249022 0.0205079 0.0162788 0.0122858 0.00869114
 0.00744827 0.0122018 0.0185539 0.0265015 0.0358027 0.0458188 0.055489 0.0635963 0.0692072 0.0719616 0.0720372 0.0699095 0.0661346 0.0612418 0.0556932 0.0498625 0.044027 0.0383725 0.0330055 0.0279653 0.0232417 0.0188078 0.0146653 0.0108794 0.00757553
 0.00751502 0.012319 0.0187469 0.0268002 0.0362368 0.0464086 0.0562361 0.0644793 0.0701834 0.0729742 0.073022 0.0708005 0.0668686 0.0617626 0.0559564 0.0498397 0.0437071 0.0377621 0.0321294 0.0268686 0.021994 0.0175027 0.013411 0.00977806 0.00669814
 0.00759069 0.0124316 0.0188977 0.0269865 0.036456 0.0466645 0.0565417 0.0648529 0.0706405 0.0735169 0.073633 0.0714428 0.0674908 0.062306 0.0563632 0.0500591 0.0437012 0.0375111 0.0316353 0.0261594 0.0211247 0.0165528 0.0124739 0.00894206 0.00602555
 0.00766285 0.0125449 0.0190601 0.0272011 0.0367186 0.0469622 0.056853 0.0651536 0.0709133 0.073761 0.0738644 0.0716842 0.0677556 0.062587 0.0566292 0.0502627 0.0437908 0.0374428 0.0313842 0.025727 0.0205427 0.0158806 0.0117874 0.00831604 0.00551485
 0.0077207 0.0126327 0.0191806 0.027353 0.0368972 0.0471604 0.0570618 0.0653618 0.0711079 0.0739304 0.0740033 0.0717974 0.067857 0.0626924 0.0567459 0.0503802 0.0438793 0.0374615 0.0312944 0.025507 0.020198 0.0154457 0.0113174 0.00787129 0.00514294
 0.0077708 0.0127099 0.0192889 0.0274924 0.0370637 0.0473453 0.0572523 0.0655422 0.0712634 0.074051 0.074086 0.0718461 0.0678806 0.0627027 0.0567542 0.0503923 0.0438903 0.0374531 0.0312396 0.0253804 0.0199891 0.0151666 0.0110013 0.00756106 0.00487642
 0.00782959 0.0127999 0.0194138 0.0276514 0.0372516 0.0475526 0.0574653 0.0657437 0.0714353 0.0741781 0.0741598 0.0718663 0.0678545 0.0626429 0.0566752 0.0503071 0.0438064 0.0373689 0.0311442 0.025258 0.0198276 0.0149661 0.0107775 0.00733999 0.004684
 0.00785551 0.012841 0.0194736 0.0277321 0.0373532 0.0476722 0.057596 0.0658755 0.0715566 0.0742789 0.0742332 0.0719095 0.0678678 0.0626291 0.0566396 0.0502565 0.0437471 0.0373042 0.031072 0.0251719 0.0197203 0.0148359 0.0106315 0.00719327 0.00455368
 0.00787876 0.0128735 0.0195129 0.0277731 0.0373901 0.0477012 0.0576178 0.0658944 0.0715786 0.0743081 0.0742703 0.0719514 0.0679093 0.0626646 0.0566646 0.0502686 0.0437457 0.0372899 0.0310447 0.0251298 0.0196611 0.0147593 0.0105422 0.00710073 0.00446922
 0.00790704 0.0129164 0.0195712 0.0278449 0.0374701 0.0477814 0.0576878 0.0659443 0.0716019 0.074305 0.0742481 0.0719211 0.0678811 0.0626438 0.056651 0.0502584 0.0437342 0.037273 0.0310198 0.0250949 0.0196153 0.0147031 0.0104789 0.00703638 0.0044109
 0.00789441 0.0128973 0.0195453 0.0278128 0.0374335 0.0477427 0.0576498 0.0659098 0.0715733 0.0742843 0.074237 0.0719216 0.0678957 0.0626744 0.0566974 0.0503168 0.0437978 0.0373336 0.0310698 0.0251289 0.0196306 0.0147002 0.0104613 0.00700981 0.00438203
 0.00790838 0.0129108 0.0195488 0.0277927 0.0373765 0.0476424 0.0575125 0.0657538 0.0714237 0.0741642 0.074161 0.0718948 0.0679148 0.0627318 0.0567836 0.0504223 0.0439128 0.0374484 0.0311748 0.0252163 0.0196954 0.014741 0.0104805 0.00701297 0.00437575
 0.00790372 0.0129042 0.0195402 0.0277812 0.0373587 0.0476116 0.0574586 0.0656679 0.0713037 0.07402 0.0740145 0.0717728 0.0678398 0.062715 0.0568233 0.0505072 0.0440272 0.0375761 0.0313013 0.02533 0.0197882 0.014809 0.0105243 0.00703651 0.00438514
 0.00787579 0.0128568 0.0194655 0.0276717 0.0372104 0.0474274 0.0572509 0.0654567 0.0711109 0.0738627 0.0739022 0.0717097 0.0678286 0.0627583 0.0569216 0.0506553 0.044213 0.0377819 0.0315081 0.0255206 0.0199499 0.0149352 0.0106142 0.00709446 0.00441839
 0.00786406 0.0128354 0.0194289 0.0276129 0.0371224 0.0473051 0.0570945 0.0652734 0.0709152 0.0736744 0.0737421 0.0715951 0.06777 0.0627589 0.0569791 0.0507636 0.0443628 0.0379606 0.0316998 0.0257081 0.0201178 0.0150729 0.0107173 0.00716449 0.00446132
 0.00787053 0.0128417 0.0194305 0.0276027 0.0370918 0.0472471 0.0570052 0.0651539 0.0707714 0.0735166 0.0735841 0.0714531 0.0676602 0.0626945 0.0569675 0.0508057 0.0444532 0.0380888 0.0318519 0.0258681 0.02027 0.0152045 0.0108205 0.00723791 0.0045084
 0.00783039 0.0127827 0.0193532 0.027511 0.0369916 0.047143 0.0568993 0.0650462 0.0706619 0.0734077 0.0734818 0.0713659 0.0675979 0.0626662 0.05698 0.050862 0.0445516 0.0382226 0.0320098 0.0260355 0.0204317 0.0153471 0.0109353 0.0073218 0.00456389
 0.00778997 0.0127134 0.0192429 0.0273482 0.03677 0.0468683 0.056593 0.0647435 0.0704015 0.0732193 0.0733784 0.0713441 0.067645 0.0627676 0.0571234 0.0510385 0.0447541 0.0384436 0.0322395 0.0262619 0.0206416 0.0155286 0.0110804 0.0074282 0.00463496
 0.0077807 0.012692 0.0191987 0.0272671 0.036637 0.046673 0.0563357 0.0644385 0.0700774 0.072914 0.0731308 0.0711852 0.0675898 0.0628133 0.0572536 0.0512305 0.0449857 0.038696 0.0324973 0.0265116 0.0208704 0.0157255 0.0112381 0.00754463 0.0047135
 0.00773739 0.0126265 0.019109 0.0271534 0.0365003 0.0465132 0.056151 0.0642276 0.0698435 0.0726685 0.0728954 0.0709885 0.0674613 0.0627744 0.057312 0.051378 0.0452022 0.0389558 0.0327747 0.0267844 0.0211209 0.0159406 0.0114101 0.00767171 0.00479958
 0.00931838 0.014836 0.0217683 0.0298747 0.0388008 0.0479955 0.0566454 0.0638158 0.0687708 0.0712186 0.0713006 0.0694028 0.0659749 0.0614393 0.0561587 0.0504219 0.0444438 0.0383817 0.0323613 0.0265027 0.0209409 0.0158348 0.0113544 0.00764681 0.0047912
 0.00930531 0.0151067 0.0226901 0.0319021 0.0422765 0.0528824 0.0623576 0.0693152 0.0729372 0.0732926 0.0711343 0.0673975 0.0628051 0.0577653 0.0524656 0.0469966 0.041425 0.0358195 0.0302577 0.0248334 0.0196656 0.0149026 0.0107075 0.00722448 0.00453415
 0.00897746 0.0145915 0.0219694 0.0310271 0.0414205 0.0523758 0.0626468 0.070802 0.0757348 0.0770457 0.0750655 0.070602 0.064628 0.058028 0.0514327 0.0451612 0.0392787 0.0337207 0.0284085 0.0233161 0.0184898 0.0140389 0.0101081 0.00683379 0.00429692
 0.00881083 0.0143111 0.0215305 0.0303856 0.04055 0.0512995 0.0614785 0.0697726 0.0751736 0.0772887 0.0763024 0.0727335 0.067235 0.0605077 0.0532425 0.0460266 0.0392473 0.0330613 0.0274505 0.022327 0.0176293 0.0133709 0.00963374 0.00652289 0.00410864
 0.00874413 0.0141981 0.0213509 0.0301151 0.0401625 0.0507733 0.0608074 0.0689829 0.0743432 0.0765616 0.0758793 0.0728202 0.0679503 0.0617932 0.0548406 0.0475646 0.0403903 0.0336426 0.0275043 0.0220233 0.0171702 0.0129135 0.00926265 0.00626153 0.00394446
 0.00870433 0.0141315 0.0212471 0.0299621 0.0399485 0.0504885 0.0604466 0.0685481 0.0738467 0.0760325 0.0753743 0.0724323 0.0677994 0.0619875 0.0554179 0.0484456 0.0413866 0.0345272 0.0281074 0.022293 0.0171668 0.0127533 0.00905676 0.00608055 0.0038155
 0.0087016 0.0141241 0.0212301 0.0299284 0.0398895 0.0503953 0.0603119 0.068367 0.0736171 0.0757565 0.0750624 0.0721096 0.0675124 0.0618044 0.0554117 0.0486617 0.0418084 0.0350667 0.0286348 0.0226928 0.0173847 0.0128059 0.00900439 0.00598895 0.00372965
 0.00870232 0.0141256 0.0212326 0.0299318 0.0398922 0.0503933 0.0602984 0.0683324 0.0735516 0.0756523 0.0749163 0.0719257 0.0673053 0.0616023 0.0552566 0.0486007 0.0418751 0.0352598 0.02891 0.0229776 0.0176107 0.0129374 0.00904646 0.00597288 0.00369076
 0.00869591 0.014117 0.0212231 0.0299238 0.0398882 0.0503953 0.0603061 0.0683426 0.0735581 0.0756466 0.0748888 0.0718686 0.0672159 0.0614866 0.0551317 0.0484941 0.0418181 0.0352752 0.0289991 0.0231157 0.0177572 0.0130545 0.00911525 0.00599662 0.00368601
 0.0086664 0.0140718 0.0211604 0.0298443 0.0397957 0.0502966 0.0602109 0.0682626 0.0735037 0.0756233 0.0748951 0.0718957 0.0672507 0.0615165 0.0551497 0.0485024 0.0418286 0.0353042 0.0290587 0.0232058 0.0178633 0.0131548 0.00919159 0.00604216 0.0037053
 0.00865814 0.0140569 0.0211354 0.0298053 0.0397398 0.0502237 0.0601254 0.0681733 0.0734222 0.0755609 0.0748595 0.0718894 0.06727 0.0615529 0.0551929 0.0485443 0.0418663 0.0353415 0.0291029 0.0232619 0.0179297 0.013223 0.00925057 0.00608438 0.00372967
 0.00864228 0.0140329 0.0211025 0.0297637 0.0396903 0.0501668 0.0600617 0.0681043 0.0733512 0.0754938 0.0748044 0.0718545 0.0672609 0.0615707 0.0552333 0.0485994 0.0419279 0.0354037 0.0291639 0.0233225 0.01799 0.0132805 0.00930074 0.00612291 0.00375507
 0.00864488 0.0140341 0.0210988 0.0297503 0.0396625 0.0501227 0.0600034 0.0680377 0.0732838 0.0754323 0.0747531 0.071816 0.0672376 0.0615648 0.0552463 0.0486303 0.0419729 0.0354575 0.0292212 0.0233795 0.0180442 0.0133298 0.00934285 0.00615574 0.00377787
 0.00863707 0.0140242 0.021089 0.0297436 0.0396614 0.0501267 0.0600084 0.0680367 0.0732703 0.0754039 0.0747126 0.0717701 0.0671942 0.0615305 0.0552254 0.0486249 0.041983 0.0354809 0.0292543 0.023418 0.018084 0.0133674 0.00937547 0.00618163 0.00379639
 0.00862404 0.0140031 0.0210577 0.0297008 0.0396078 0.0500661 0.0599477 0.0679847 0.0732344 0.0753865 0.0747109 0.0717781 0.0672066 0.0615448 0.0552424 0.0486468 0.0420117 0.0355169 0.0292962 0.0234629 0.0181284 0.0134081 0.0094099 0.00620833 0.00381526
 0.00862404 0.0140031 0.0210577 0.0297008 0.0396078 0.0500661 0.0599477 0.0679847 0.0732344 0.0753865 0.0747109 0.0717781 0.0672066 0.0615448 0.0552424 0.0486468 0.0420117 0.0355169 0.0292962 0.0234629 0.0181284 0.0134081 0.0094099 0.00620833 0.00381526
 0.00854845 0.0138841 0.0208864 0.0294727 0.0393252 0.049741 0.0596041 0.0676576 0.0729636 0.0752069 0.0746434 0.0718249 0.0673527 0.0617638 0.055504 0.0489239 0.0422835 0.0357698 0.0295222 0.0236575 0.0182896 0.0135355 0.0095052 0.00627516 0.00385874
 0.00882536 0.0143105 0.0214819 0.030235 0.0402254 0.0507206 0.0605741 0.0685065 0.0735802 0.0755097 0.0746033 0.07147 0.0667536 0.0610115 0.0546878 0.0481169 0.0415374 0.0351153 0.0289737 0.0232177 0.017953 0.0132909 0.00933752 0.00616755 0.0037946
 0.00891802 0.0144901 0.0218037 0.0307634 0.041012 0.051772 0.0618262 0.0698243 0.0747876 0.0764384 0.0751344 0.0715544 0.0664122 0.0603203 0.0537562 0.0470637 0.0404701 0.034117 0.0280983 0.0224924 0.0173837 0.0128682 0.00904193 0.00597421 0.00367716
 0.00868964 0.0141381 0.0213139 0.0301459 0.0403108 0.0510724 0.061252 0.0695134 0.0748471 0.0768959 0.0759166 0.0725091 0.0673607 0.0611132 0.0543079 0.0473585 0.0405458 0.0340399 0.0279383 0.0223073 0.0172116 0.0127287 0.00894026 0.00590675 0.00363629
#pred catch len freq
 0.00314942 0.00512884 0.00776914 0.011124 0.0152369 0.0200905 0.0255461 0.0313394 0.0371364 0.0426032 0.0474536 0.0514836 0.0545978 0.0568115 0.0582255 0.0589941 0.0593006 0.0593236 0.0591539 0.05866 0.0573779 0.0545743 0.0495703 0.042208 0.0331414
 0.00334234 0.00538916 0.00806424 0.0113953 0.0154222 0.020155 0.0255027 0.0312393 0.0370361 0.0425286 0.0473894 0.0513953 0.0544701 0.0566767 0.0581622 0.0590934 0.0596157 0.0598251 0.0597171 0.059097 0.05751 0.0543115 0.0489544 0.0413917 0.0323155
 0.00344345 0.00557823 0.00838974 0.0119052 0.0161379 0.0210395 0.0264452 0.0320798 0.0376259 0.0427932 0.0473498 0.0511366 0.0540872 0.0562411 0.0577255 0.0587067 0.0593325 0.0596753 0.0596704 0.0590525 0.0573312 0.0538954 0.0482912 0.0405744 0.0314921
 0.00355708 0.00575998 0.00866163 0.0122957 0.0166875 0.0217995 0.0274609 0.0333548 0.0390832 0.0442622 0.0486036 0.0519707 0.0543962 0.0560465 0.0571446 0.0578936 0.0584286 0.0587802 0.0588269 0.0582418 0.0564915 0.0529661 0.0472639 0.0395137 0.0305094
 0.00370605 0.00599902 0.00901584 0.0127875 0.0173345 0.022613 0.0284438 0.0345022 0.0403809 0.0456758 0.0500564 0.0533268 0.0554735 0.0566686 0.0572074 0.0574053 0.0574976 0.0575627 0.0574662 0.05683 0.0550663 0.05154 0.0458639 0.038203 0.0293737
 0.00388874 0.00629546 0.00946168 0.0134175 0.0181783 0.0236871 0.0297411 0.0359851 0.0419838 0.0473158 0.0516452 0.0547743 0.0566822 0.0575265 0.0575967 0.057234 0.0567387 0.0562738 0.0557733 0.0548859 0.0530135 0.0494982 0.0439389 0.0364954 0.027969
 0.0040991 0.0066317 0.00995833 0.0141064 0.0190873 0.0248354 0.0311307 0.0375906 0.0437467 0.0491463 0.0534319 0.056399 0.0580337 0.0585077 0.0581222 0.0572279 0.0561448 0.0550791 0.0540303 0.0527169 0.050592 0.0470201 0.0415946 0.0344454 0.0263218
 0.00433948 0.00702021 0.0105395 0.0149222 0.0201719 0.0262058 0.0327748 0.0394597 0.0457576 0.0511917 0.0553929 0.0581556 0.0594741 0.059535 0.0586573 0.0572076 0.0555214 0.0538289 0.0521738 0.0503412 0.0478612 0.0441601 0.0388544 0.0320457 0.0244079
 0.00457513 0.00740293 0.0111163 0.0157401 0.0212742 0.027622 0.0345066 0.0414677 0.0479569 0.0534581 0.0575782 0.0601088 0.061061 0.0606507 0.0592277 0.0571824 0.0548662 0.052526 0.0502373 0.0478428 0.0449524 0.0410719 0.0358628 0.0294091 0.0223029
 0.0048148 0.00778668 0.0116844 0.0165305 0.0223207 0.0289498 0.0361222 0.0433479 0.0500415 0.0556497 0.0597486 0.0621113 0.0627486 0.0618944 0.0599284 0.0572732 0.0543073 0.0513017 0.048363 0.0453859 0.0420562 0.0379629 0.0328221 0.0267099 0.0201384
 0.00505616 0.00817609 0.0122658 0.0173451 0.0234023 0.0303164 0.0377647 0.0452227 0.0520723 0.0577366 0.0617787 0.0639673 0.0643152 0.0630642 0.0606079 0.057387 0.0538015 0.0501479 0.0465679 0.0430099 0.039235 0.0349151 0.029824 0.0240351 0.0179853
 0.00531262 0.00858082 0.0128537 0.0181447 0.024436 0.0315985 0.0392935 0.0469704 0.0539772 0.0597041 0.0636913 0.0657009 0.0657559 0.0641188 0.0612044 0.0574695 0.0533251 0.0490814 0.0449074 0.0408013 0.0365977 0.0320503 0.0269919 0.0214974 0.0159352
 0.00551421 0.0089094 0.01335 0.0188479 0.0253773 0.0327905 0.0407199 0.0485815 0.0556967 0.0614424 0.0653561 0.0672026 0.0670093 0.0650459 0.0617382 0.0575555 0.0529207 0.0481567 0.0434548 0.0388549 0.0342569 0.0294908 0.0244467 0.0192053 0.0140757
 0.00579652 0.00935946 0.0140115 0.019757 0.0265586 0.0342481 0.0424252 0.050464 0.0576464 0.0633249 0.0670362 0.0685666 0.0679807 0.0655873 0.0618414 0.0572247 0.0521594 0.0469649 0.0418383 0.036847 0.031943 0.027022 0.022026 0.0170424 0.0123286
 0.00600958 0.00972755 0.0146057 0.0206574 0.0278365 0.0359381 0.0444966 0.0528083 0.0600905 0.065663 0.0690665 0.0701234 0.0689564 0.0659422 0.0615969 0.0564428 0.0509157 0.0453278 0.0398654 0.0345989 0.0295079 0.0245331 0.019655 0.014964 0.0106705
 0.00617447 0.0099909 0.0149968 0.0212096 0.0285922 0.0369498 0.0458157 0.0544603 0.0620425 0.0678008 0.0711993 0.0720206 0.0704031 0.066789 0.0617832 0.0559897 0.0498999 0.0438507 0.0380314 0.0325108 0.027277 0.0222911 0.0175512 0.0131414 0.00922872
 0.00631993 0.010215 0.0153119 0.0216215 0.0291036 0.0375654 0.046546 0.0553225 0.0630559 0.0689748 0.0725127 0.0734016 0.0717232 0.0678829 0.0624893 0.056194 0.0495612 0.0429999 0.0367521 0.0309174 0.025501 0.0204747 0.0158382 0.0116577 0.0080575
 0.0064678 0.0104273 0.0155799 0.021921 0.0294039 0.0378442 0.0468014 0.0555754 0.0633453 0.069347 0.0730095 0.074045 0.0724989 0.0687266 0.0632882 0.0568079 0.0498593 0.0428979 0.0362337 0.0300348 0.0243592 0.0192094 0.0145912 0.0105518 0.00717327
 0.00653108 0.0105277 0.0157249 0.0221116 0.0296305 0.0380821 0.0470123 0.0557191 0.0634001 0.069329 0.0729766 0.0740791 0.0726738 0.069076 0.0637866 0.0573709 0.0503635 0.0432153 0.0362692 0.0297547 0.0237993 0.0184621 0.0137772 0.00978684 0.00654044
 0.00656253 0.0105793 0.0158037 0.0222259 0.0297884 0.0382897 0.0472685 0.0560092 0.0636926 0.0695807 0.0731476 0.0741541 0.0726755 0.0690594 0.0638122 0.0574711 0.0505207 0.0433639 0.0363223 0.0296408 0.0234935 0.0179963 0.0132269 0.0092416 0.00607352
 0.00657663 0.0105958 0.0158172 0.0222281 0.0297725 0.0382548 0.0472242 0.055975 0.0636916 0.0696298 0.0732491 0.0742932 0.0728279 0.0692055 0.0639484 0.0576084 0.0506694 0.0435149 0.03644 0.0296759 0.0234081 0.0177863 0.0129271 0.0089106 0.00576971
 0.0066649 0.0107326 0.0160097 0.0224762 0.0300664 0.0385735 0.047535 0.0562393 0.0638753 0.0697157 0.0732422 0.0742161 0.0727085 0.0690666 0.0638047 0.0574698 0.0505436 0.0434053 0.0363393 0.0295641 0.0232613 0.0175912 0.0126918 0.00866303 0.0055439
 0.00663443 0.0107048 0.0160079 0.0225356 0.0302239 0.0388528 0.0479321 0.056717 0.0643706 0.0701554 0.0735622 0.0743773 0.0727057 0.0689252 0.0635685 0.0571859 0.0502508 0.0431283 0.0360882 0.0293361 0.0230459 0.0173784 0.0124804 0.00846262 0.00536988
 0.00666637 0.01074 0.016032 0.0225296 0.0301764 0.0387737 0.0478601 0.0567101 0.0644798 0.070397 0.073904 0.0747493 0.0730278 0.0691367 0.0636449 0.0571388 0.0501147 0.0429437 0.0358881 0.0291401 0.0228609 0.0172048 0.0123184 0.00831632 0.00524636
