SBPRF35
7.45954
Curr Bio
577839
B35
514209
F35
0.217676
FOFL
0.217676
OFL
94955.4
Bzero
2.1313e+006
#pred survey bio
 2.80611e+006 2.52212e+006 2.37229e+006 2.24388e+006 2.06044e+006 1.77674e+006 1.58259e+006 1.40853e+006 1.24433e+006 1.11578e+006 1.00121e+006 885067 769229 690836 637029 608151 585103 571209 540495 536199 547618 562619 576944 571560 566101 530909 499189 505054 512567 523911 523771 546761 574951 599120 590793 579820 562739 558370 563867 574551 609106 613275 611178 601727 622181 637357 630305 574776 522749 555004 634258 688931 658798 567337 488180 496011 576347 586264 564174 581045 576236 566714 585334 1.31164e+007 1.18397e+007 1.19906e+007 1.25482e+007 1.33053e+007 1.40839e+007 1.47814e+007 1.53568e+007 1.58067e+007 1.61464e+007 1.63971e+007 1.65795e+007 1.67112e+007 1.6806e+007 1.68743e+007 1.69237e+007 1.69595e+007 1.69856e+007 1.70048e+007 1.7019e+007 1.70295e+007 1.70374e+007 1.70433e+007 1.70477e+007 1.70511e+007 1.70536e+007 1.70556e+007 1.7057e+007 1.70582e+007 1.7059e+007 1.70597e+007 1.70602e+007 1.70606e+007 1.70609e+007 1.70611e+007 1.70613e+007 1.70614e+007 1.70615e+007 1.70616e+007 1.70616e+007 1.70617e+007 1.70617e+007 1.70618e+007 1.70618e+007 1.70618e+007 1.70618e+007 1.70618e+007 1.70618e+007 1.70618e+007 1.70618e+007 1.70618e+007 1.70618e+007 1.70618e+007 1.70618e+007 1.70618e+007 1.70618e+007 1.70618e+007 1.70618e+007 1.70618e+007 1.70618e+007 1.70618e+007 1.70618e+007 1.70618e+007 1.70618e+007 1.70618e+007 1.70618e+007 1.70618e+007 1.70618e+007 1.70618e+007 1.70618e+007 1.70618e+007 1.70618e+007 1.70618e+007 1.70618e+007 1.70618e+007 1.70618e+007 1.70618e+007 1.70618e+007 1.70618e+007 1.70618e+007 1.70618e+007 1.70618e+007 1.70618e+007 1.70618e+007 1.70618e+007 1.70618e+007 1.70618e+007 1.70618e+007 1.70618e+007 1.70618e+007 1.70618e+007 1.70618e+007 1.70618e+007 1.70618e+007 1.70618e+007 1.70618e+007 1.70618e+007 1.70618e+007 1.70618e+007 1.70618e+007 0 0 0 0 0 0 0 0 0 0 0 0 0 0 0 0 0 0 0 0 0 0 0 0 0
#obs survey bio
 3.04415e+006 2.66297e+006 2.32805e+006 2.42224e+006 2.63923e+006 1.61293e+006 1.67688e+006 1.6479e+006 986435 1.36304e+006 1.07802e+006 821149 571586 784155 594726 594442 526167 622794 414981 610789 498960 941059 730300 659528 587989 562918 419867 509476 516847 482884 429886 669779 567208 577320 604490 627970 655338 708200 557643 448921 816164 562085 725545 643696 547371 614912 644843 543665 485612 522023 801056 824812 676078 557635 407135 452963 623430 489824 544090 603575 456110 636248 500955
#pred catch bio
 331996 269254 268903 315363 318113 269319 277557 277109 274026 242793 214722 196902 190171 166581 154677 148751 132590 124194 114352 110166 114465 107387 108577 104088 106582 102253 96242.1 100889 100017 102028 93063.1 93370.2 88853 93566.4 88335.3 86291.8 92943.7 91313.9 90523.9 92087.8 100236 95895.7 90866.6 86273.9 97423.9 93322.6 103318 117693 70638.3 60661.1 70025.9 110424 128188 118663 87689.1 38129 84341.7 123810 87472.7 87238.2 106971 73997.6 107508 94955.4 93270.3 93005.2 96227.1 101531 107109 112045 116012 119005 121163 122670 123696 124381 124832 125125 125314 125435 125512 125560 125591 125610 125623 125630 125635 125638 125640 125641 125641 125642 125642 125642 125642 125642 125643 125643 125643 125643 125643 125643 125643 125643 125643 125643 125643 125643 125643 125643 125643 125643 125643 125643 125643 125643 125643 125643 125643 125643 125643 125643 125643 125643 125643 125643 125643 125643 125643 125643 125643 125643 125643 125643 125643 125643 125643 125643 125643 125643 125643 125643 125643 125643 125643 125643 125643 125643 125643 125643 125643 125643 125643 125643 125643 125643 125643 125643 125643 125643 125643 125643 125643 0 0 0 0 0 0 0 0 0 0 0 0 0 0 0 0 0 0 0 0 0 0 0 0 0
#obs catch bio
 243507 269047 268671 316199 317794 268942 277736 276828 275153 242954 214486 196292 190837 166340 154948 149082 132773 123766 114423 110175 114824 107347 108470 104127 106460 102084 96427.6 101008 100136 101914 93157.6 93564.6 88802.1 93521.4 88290 86146.5 93066.2 91341.8 90439.6 92267.6 100244 95888.6 90768.2 86225.4 97648.3 93177 103087 118266 70507.4 60650.7 69825.1 110538 128167 118663 88349.7 37693.9 84422.2 124676 87322.9 86954.2 107610 73542.1 107838
#pred cpue bio
 2.77085e+006 2.48819e+006 2.33733e+006 2.20788e+006 2.02451e+006 1.7428e+006 1.54952e+006 1.37633e+006 1.21327e+006 1.08525e+006 971663 857226 743600 666573 613974 585631 563062 549628 519976 515625 526532 540874 554860 549845 544784 511052 480518 486225 493644 504828 504828 526965 553033 574494 565492 555000 538904 534770 540233 550577 583719 587852 585894 576884 596592 611140 604530 550899 499891 531066 608411 662225 632737 543308 466218 473597 552710 563455 541125 556845 552467 542871 561254 1.25747e+007 1.13481e+007 1.13921e+007 1.18666e+007 1.26046e+007 1.33801e+007 1.40772e+007 1.46525e+007 1.51024e+007 1.54421e+007 1.56928e+007 1.58752e+007 1.60069e+007 1.61017e+007 1.617e+007 1.62194e+007 1.62552e+007 1.62813e+007 1.63005e+007 1.63147e+007 1.63252e+007 1.6333e+007 1.63389e+007 1.63434e+007 1.63468e+007 1.63493e+007 1.63512e+007 1.63527e+007 1.63538e+007 1.63547e+007 1.63554e+007 1.63559e+007 1.63563e+007 1.63566e+007 1.63568e+007 1.6357e+007 1.63571e+007 1.63572e+007 1.63573e+007 1.63573e+007 1.63574e+007 1.63574e+007 1.63575e+007 1.63575e+007 1.63575e+007 1.63575e+007 1.63575e+007 1.63575e+007 1.63575e+007 1.63575e+007 1.63575e+007 1.63575e+007 1.63575e+007 1.63575e+007 1.63575e+007 1.63575e+007 1.63575e+007 1.63575e+007 1.63575e+007 1.63575e+007 1.63575e+007 1.63575e+007 1.63575e+007 1.63575e+007 1.63575e+007 1.63575e+007 1.63575e+007 1.63575e+007 1.63575e+007 1.63575e+007 1.63575e+007 1.63575e+007 1.63575e+007 1.63575e+007 1.63575e+007 1.63575e+007 1.63575e+007 1.63575e+007 1.63575e+007 1.63575e+007 1.63575e+007 1.63575e+007 1.63575e+007 1.63575e+007 1.63575e+007 1.63575e+007 1.63575e+007 1.63575e+007 1.63575e+007 1.63575e+007 1.63575e+007 1.63575e+007 1.63575e+007 1.63575e+007 1.63575e+007 1.63575e+007 1.63575e+007 1.63575e+007 1.63575e+007 1.63575e+007 0 0 0 0 0 0 0 0 0 0 0 0 0 0 0 0 0 0 0 0 0 0 0 0 0
#obs cpue bio
 2.37492e+006 2.01905e+006 2.48039e+006 1.78205e+006 2.25052e+006 1.62968e+006 1.42142e+006 1.31336e+006 1.14763e+006 994671 983275 1.07216e+006 751674 703426 554934 590246 594927 700353 532295 453812 500520 361008 493172 408710 630272 513033 420965 530377 456590 689420 472689 412779 614410 679568 518517 558078 412309 423963 599900 526780 558861 609106 548598 466634 637566 701900 687959 518904 514499 444348 616686 583886 656874 584188 389873 568438 694117 508804 559461 675478 535940 578260 614563
#pred surv len freq
 0.00464562 0.00765627 0.0117323 0.0169136 0.0230916 0.029905 0.0367262 0.042834 0.0476901 0.0511107 0.0532246 0.0543061 0.0546328 0.0544292 0.0538674 0.0530892 0.0522265 0.0513973 0.0506464 0.049831 0.0485235 0.0460616 0.0418237 0.0356314 0.0280036
 0.00514062 0.00838825 0.0127016 0.0180809 0.024399 0.0313051 0.0381953 0.0443575 0.0492297 0.0525802 0.0544969 0.0552521 0.0551721 0.0545598 0.0536585 0.0526383 0.0516051 0.0506095 0.0496227 0.0484667 0.0467501 0.0439179 0.0394816 0.0333512 0.0260393
 0.00531275 0.00873059 0.0133268 0.0191176 0.025944 0.0333581 0.0406168 0.0468902 0.0515863 0.0545446 0.0559735 0.0562411 0.0557076 0.0546683 0.0533583 0.0519602 0.0505979 0.0493191 0.0480642 0.0466214 0.0446035 0.0415183 0.0369765 0.0309651 0.0239972
 0.0054711 0.00897754 0.0136847 0.0196158 0.0266308 0.0343082 0.0419174 0.0485985 0.0536725 0.0568575 0.0582617 0.0582297 0.0571853 0.0555335 0.0536082 0.051648 0.0497943 0.0480907 0.0464646 0.0446924 0.0423934 0.0391141 0.0345282 0.0286714 0.0220504
 0.00571025 0.00937027 0.0142815 0.0204622 0.027755 0.035706 0.0435443 0.0503805 0.0555329 0.0587365 0.060107 0.0599633 0.0586797 0.0566277 0.0541559 0.0515654 0.0490743 0.046785 0.0446545 0.0424714 0.0398706 0.0364313 0.0318685 0.0262401 0.020026
 0.0060708 0.00993706 0.0150989 0.0215596 0.0291431 0.037371 0.0454376 0.0524138 0.0575866 0.0606839 0.0618424 0.0614168 0.0598107 0.057399 0.0545117 0.0514303 0.0483784 0.0454957 0.0427958 0.0401264 0.0371766 0.0335737 0.0290672 0.0237172 0.0179561
 0.00624779 0.0102512 0.0156191 0.0223632 0.0302948 0.0388914 0.047278 0.0544556 0.0596706 0.0626538 0.0635766 0.0628381 0.0608774 0.0580902 0.0548103 0.0513089 0.0477949 0.0444062 0.0411815 0.0380237 0.034696 0.0308976 0.0264247 0.021337 0.0160114
 0.00644665 0.0105787 0.0161215 0.0230903 0.031295 0.0402003 0.0489008 0.0563495 0.061738 0.0647488 0.0655288 0.0644862 0.0621016 0.0588279 0.0550493 0.0510637 0.0470812 0.0432286 0.0395437 0.0359563 0.0322878 0.0283101 0.0238738 0.0190449 0.0141464
 0.00669045 0.0109769 0.0167238 0.0239435 0.0324331 0.0416299 0.0505879 0.0582175 0.0636802 0.066649 0.0672744 0.0659724 0.063232 0.0595224 0.0552557 0.0507645 0.0462875 0.0419677 0.0378516 0.0338865 0.0299329 0.0258185 0.021441 0.0168727 0.0123879
 0.00693026 0.0113777 0.017347 0.024851 0.0336731 0.0432137 0.0524683 0.0602842 0.0657793 0.0686181 0.0689752 0.0673064 0.0641408 0.0599764 0.0552432 0.0502848 0.0453509 0.040597 0.0360863 0.0317907 0.0276068 0.0234065 0.0191219 0.0148256 0.0107446
 0.00716466 0.0117445 0.0178735 0.0255568 0.0345711 0.0443101 0.0537574 0.0617386 0.0673425 0.070203 0.0704723 0.0686007 0.0651305 0.0605886 0.0554374 0.0500482 0.0446887 0.0395282 0.0346457 0.0300377 0.0256361 0.0213518 0.017144 0.0130812 0.00934669
 0.00730391 0.0119822 0.0182511 0.026117 0.0353452 0.0453009 0.0549263 0.0630096 0.0686243 0.071416 0.0715624 0.0695324 0.0658707 0.0610956 0.0556639 0.0499519 0.0442431 0.0387283 0.0335108 0.0286165 0.0240117 0.019643 0.0154922 0.0116227 0.00817836
 0.00735341 0.0120832 0.0184415 0.0264461 0.0358636 0.0460426 0.055891 0.0641528 0.0698619 0.0726418 0.0726715 0.0704421 0.0665321 0.061491 0.0557928 0.0498154 0.0438375 0.038049 0.0325646 0.027434 0.0226575 0.0182156 0.0141115 0.010404 0.00720355
 0.0074242 0.0122091 0.0186518 0.0267767 0.0363512 0.0467142 0.0567516 0.0651769 0.0709917 0.0737934 0.0737456 0.0713409 0.0671769 0.0618364 0.0558303 0.0495644 0.0433291 0.0373135 0.0316294 0.0263327 0.0214423 0.0169637 0.0129179 0.00936082 0.00637503
 0.00751665 0.0123406 0.0188161 0.0269598 0.03654 0.0469092 0.0569741 0.0654651 0.0713857 0.0743146 0.074382 0.0720431 0.0678676 0.062428 0.0562454 0.049751 0.0432662 0.0370069 0.0311035 0.0256258 0.0206072 0.0160693 0.0120444 0.00858538 0.00575262
 0.00753921 0.0123903 0.0189136 0.0271283 0.0367951 0.0472459 0.0573601 0.0658497 0.071723 0.0745875 0.0746096 0.0722649 0.0681149 0.0627009 0.0565079 0.0499447 0.0433319 0.0369032 0.0308166 0.0251704 0.0200232 0.0154158 0.0113906 0.00799666 0.00527602
 0.00762082 0.0125073 0.0190618 0.0272966 0.0369724 0.0474294 0.0575577 0.0660734 0.0719755 0.0748532 0.0748586 0.0724691 0.0682642 0.0628051 0.0565834 0.0499957 0.0433413 0.0368388 0.0306472 0.0248823 0.0196288 0.0149528 0.0109121 0.00755701 0.00491551
 0.00770065 0.0126172 0.0191898 0.0274183 0.0370565 0.0474484 0.057499 0.0659465 0.0718123 0.074701 0.0747655 0.0724675 0.0683597 0.0629788 0.0568028 0.0502265 0.0435518 0.0369983 0.0307269 0.0248611 0.019503 0.0147409 0.0106514 0.007292 0.0046841
 0.00787466 0.0128725 0.019522 0.0278025 0.037451 0.0478023 0.0577612 0.0660746 0.0717834 0.0745213 0.0744745 0.072129 0.0680431 0.062737 0.0566593 0.0501744 0.0435624 0.0370336 0.030749 0.0248403 0.0194232 0.0146042 0.0104769 0.00710842 0.00451933
 0.00790271 0.0129343 0.0196431 0.0280123 0.0377696 0.0482231 0.0582387 0.0665295 0.072126 0.0746835 0.0744325 0.0719079 0.0677036 0.0623548 0.0563031 0.04989 0.0433659 0.0369136 0.0306766 0.0247819 0.019352 0.0145079 0.0103589 0.00698347 0.00440509
 0.00791598 0.0129452 0.0196416 0.0279869 0.0377159 0.0481537 0.0581862 0.0665358 0.0722199 0.0748597 0.0746476 0.0720987 0.0678168 0.0623698 0.0562366 0.0497823 0.0432597 0.0368367 0.0306349 0.0247629 0.019336 0.0144789 0.0103116 0.00692333 0.00434327
 0.00790851 0.0129421 0.0196525 0.0280238 0.0377871 0.0482564 0.058304 0.0666448 0.0723027 0.0749155 0.0746906 0.0721432 0.0678628 0.0624 0.0562287 0.0497258 0.0431637 0.0367239 0.0305286 0.0246758 0.0192681 0.0144225 0.0102593 0.00687273 0.00429683
 0.00789383 0.0129011 0.0195607 0.0278519 0.0375131 0.0478819 0.0578653 0.0662079 0.0719416 0.0746872 0.07462 0.0722248 0.0680708 0.0626977 0.0565735 0.0500744 0.0434804 0.0369881 0.0307359 0.0248327 0.0193833 0.0145027 0.0103093 0.00689775 0.00430398
 0.00787583 0.0128774 0.0195339 0.0278242 0.0374811 0.0478316 0.0577725 0.0660478 0.0717062 0.0743981 0.0743277 0.0719916 0.0679462 0.0627024 0.0566965 0.0502824 0.0437307 0.0372407 0.030962 0.0250172 0.019523 0.0146012 0.0103732 0.00693472 0.00432179
 0.00776707 0.0127147 0.0193157 0.0275597 0.0371888 0.0475358 0.0574984 0.0658161 0.0715273 0.0742705 0.0742427 0.0719439 0.0679428 0.0627608 0.056834 0.0505023 0.0440167 0.0375614 0.031281 0.0253038 0.0197584 0.0147792 0.0104972 0.00701398 0.00436771
 0.0077862 0.0127325 0.0193186 0.0275284 0.0371054 0.0473939 0.05731 0.0656104 0.0713391 0.0741257 0.074149 0.0718921 0.0679171 0.0627514 0.0568435 0.0505434 0.0441018 0.0376925 0.0314458 0.0254805 0.0199239 0.0149169 0.0105999 0.00708274 0.0044091
 0.00779166 0.0127499 0.0193592 0.0276047 0.0372239 0.0475462 0.0574686 0.0657345 0.0713914 0.0740892 0.074034 0.0717283 0.0677377 0.0625808 0.0566952 0.050425 0.04402 0.0376532 0.0314501 0.0255211 0.0199864 0.0149844 0.0106593 0.00712725 0.00443803
 0.00764667 0.012539 0.0190888 0.0272985 0.0369189 0.0472835 0.0572837 0.0656495 0.0714085 0.0741895 0.0741832 0.0718894 0.0678845 0.0627044 0.0568003 0.0505216 0.0441174 0.0377571 0.0315627 0.0256401 0.0201055 0.0150944 0.0107514 0.00719669 0.0044848
 0.00760882 0.0124646 0.0189546 0.0270793 0.0365993 0.0468732 0.0568278 0.0652225 0.0710912 0.074039 0.0742126 0.072068 0.0681553 0.0630075 0.0570914 0.0507786 0.0443372 0.0379468 0.0317311 0.0257932 0.0202439 0.0152154 0.0108507 0.00727168 0.00453623
 0.00759121 0.0124315 0.0188957 0.0269801 0.036442 0.0466404 0.0565098 0.0648267 0.0706503 0.0736116 0.0738715 0.0718773 0.0681472 0.0631709 0.0573797 0.0511309 0.0446992 0.0382835 0.0320268 0.0260447 0.0204533 0.0153849 0.0109822 0.00736755 0.00460086
 0.00780331 0.0127288 0.0192551 0.0273494 0.0367535 0.046833 0.0565464 0.0646994 0.0703749 0.0732199 0.073408 0.0713986 0.0677161 0.0628439 0.0571902 0.0510798 0.0447589 0.0384115 0.0321826 0.0261996 0.0205916 0.0155002 0.0110731 0.00743489 0.00464715
 0.008482 0.0137043 0.020484 0.0287052 0.038055 0.047896 0.0572304 0.064931 0.0701508 0.0725998 0.0724994 0.0703334 0.0666242 0.0618314 0.0563292 0.050407 0.0442783 0.0381012 0.0320046 0.0261119 0.0205582 0.0154956 0.0110813 0.00744715 0.00465878
 0.00918303 0.0148056 0.0220617 0.0307823 0.0405723 0.0506811 0.0599859 0.0672732 0.0717094 0.0731383 0.07199 0.0689452 0.0646436 0.059566 0.0540402 0.0482795 0.0424214 0.0365612 0.0307822 0.0251787 0.0198716 0.0150093 0.0107517 0.00723532 0.00453118
 0.00911682 0.0148023 0.0222484 0.0313377 0.0416753 0.0524296 0.0623233 0.0699658 0.0743915 0.0754037 0.0734937 0.0694847 0.0641981 0.0582857 0.052189 0.0461567 0.0402911 0.034613 0.0291232 0.0238471 0.0188576 0.0142753 0.0102479 0.00690908 0.00433351
 0.00892137 0.0145065 0.0218512 0.0308714 0.0412208 0.0521254 0.0623544 0.0705166 0.0755651 0.0771438 0.07556 0.0715086 0.0657993 0.0591927 0.0523105 0.0455808 0.0392283 0.0333147 0.0278118 0.0226766 0.0179067 0.0135617 0.0097495 0.00658478 0.00413736
 0.00879414 0.0142918 0.0215152 0.0303827 0.0405645 0.0513248 0.0614917 0.0697397 0.0750665 0.0771114 0.07611 0.072626 0.0673157 0.060822 0.0537368 0.0465619 0.0396645 0.0332559 0.027409 0.0221112 0.017331 0.0130708 0.00938125 0.00633634 0.00398505
 0.00869768 0.0141407 0.0212974 0.0300888 0.0401866 0.0508574 0.0609377 0.0691209 0.0744368 0.0765638 0.0757689 0.072617 0.0677176 0.0616196 0.0548032 0.0476884 0.0406315 0.0339093 0.0277046 0.0221068 0.0171413 0.0128128 0.00913895 0.00615035 0.00386196
 0.00861722 0.014028 0.0211611 0.029947 0.0400599 0.0507587 0.0608629 0.0690481 0.0743351 0.0764093 0.0755628 0.0723989 0.0675625 0.0616144 0.0550057 0.0480906 0.0411504 0.0344173 0.0280838 0.0222963 0.0171511 0.012703 0.00898234 0.00600267 0.00375067
 0.00866667 0.0140795 0.0211865 0.0299061 0.0399162 0.0505001 0.0605166 0.0686751 0.0740044 0.076168 0.0754204 0.0723357 0.0675546 0.0616565 0.0551168 0.0482966 0.0414564 0.034789 0.0284541 0.0225939 0.0173332 0.0127692 0.00896586 0.0059473 0.00369115
 0.00869996 0.0141351 0.0212709 0.0300211 0.040052 0.0506295 0.0605955 0.0686556 0.0738579 0.0759045 0.0750898 0.0720065 0.067285 0.0614777 0.0550352 0.0483076 0.0415525 0.0349561 0.0286636 0.0228046 0.0175037 0.0128755 0.00900807 0.0059445 0.00366757
 0.0085604 0.0139404 0.0210378 0.0297855 0.0398598 0.0505194 0.0605839 0.0687298 0.0739801 0.0760249 0.0751645 0.0720142 0.0672348 0.0614027 0.0549763 0.0482967 0.0416041 0.035068 0.0288196 0.0229786 0.0176663 0.0130025 0.0090889 0.00598323 0.00367766
 0.00866025 0.0140624 0.0211487 0.0298351 0.0398003 0.0503346 0.0603074 0.0684376 0.0737572 0.0759249 0.0751872 0.0721135 0.0673477 0.0614814 0.0550054 0.0482911 0.0415936 0.0350792 0.028865 0.023054 0.0177556 0.0130864 0.00915303 0.00602256 0.00369578
 0.00868742 0.0141151 0.0212411 0.0299786 0.0399925 0.0505474 0.0604848 0.0685127 0.0736854 0.0757127 0.0748948 0.0718251 0.0671298 0.0613563 0.0549553 0.048282 0.0415997 0.0350921 0.0288883 0.0230923 0.0178068 0.0131419 0.0092022 0.00605847 0.00371715
 0.00874017 0.0141842 0.0213156 0.0300402 0.0400245 0.0505438 0.060455 0.0684744 0.0736492 0.075672 0.0748308 0.0717245 0.067001 0.0612287 0.0548618 0.0482406 0.0416073 0.035133 0.0289462 0.0231566 0.0178716 0.0132027 0.00925431 0.00609819 0.00374353
 0.00863814 0.0140431 0.0211481 0.0298715 0.039882 0.0504442 0.0603957 0.068438 0.0736176 0.0756389 0.0748032 0.0717141 0.0670139 0.0612638 0.0549161 0.0483141 0.0417016 0.0352462 0.0290708 0.0232817 0.017987 0.0133013 0.00933245 0.00615523 0.00378139
 0.00863689 0.0140358 0.0211284 0.0298333 0.0398246 0.0503776 0.0603417 0.0684224 0.0736556 0.0757237 0.0749066 0.0718004 0.0670577 0.061259 0.054874 0.0482544 0.0416438 0.0352045 0.0290522 0.0232855 0.0180076 0.0133303 0.00936247 0.006181 0.0038005
 0.00867374 0.0140807 0.0211683 0.0298466 0.0397872 0.0502727 0.0601693 0.0682034 0.0734282 0.0755325 0.0747886 0.0717721 0.0671102 0.0613643 0.0549985 0.0483725 0.0417442 0.0352881 0.0291249 0.0233529 0.0180714 0.0133889 0.00941256 0.00622013 0.00382811
 0.00883477 0.0143384 0.0215464 0.0303587 0.0404271 0.0510035 0.0609169 0.068865 0.0738988 0.0757396 0.0747155 0.0714583 0.0666309 0.0608017 0.0544202 0.0478222 0.041245 0.0348509 0.0287557 0.0230547 0.0178435 0.0132256 0.00930377 0.00615308 0.00379006
 0.00901211 0.0146542 0.0220704 0.0311664 0.0415747 0.0524901 0.0626527 0.0706684 0.075533 0.076973 0.0753805 0.0714867 0.0660597 0.0597532 0.0530645 0.0463349 0.0397736 0.0334991 0.0275834 0.0220881 0.0170849 0.0126613 0.00890831 0.00589407 0.0036327
 0.00865664 0.0140927 0.0212615 0.0300988 0.0402871 0.0510932 0.0613365 0.0696729 0.0750774 0.0771726 0.0761967 0.0727405 0.0674986 0.0611345 0.0542179 0.047186 0.0403318 0.0338238 0.0277493 0.0221604 0.0171099 0.0126666 0.00890791 0.00589349 0.00363319
 0.00839733 0.0136479 0.0205512 0.0290404 0.0388221 0.0492285 0.0591822 0.0674529 0.0730956 0.0757424 0.0755592 0.0729985 0.0685873 0.062841 0.0562455 0.0492392 0.0421865 0.035359 0.0289381 0.0230368 0.0177331 0.0130967 0.00919543 0.00607797 0.00374535
 0.00849448 0.0137545 0.0206146 0.028974 0.0385207 0.0485972 0.0581693 0.0660746 0.0714493 0.0740052 0.0739685 0.0718084 0.0680057 0.0629669 0.0570352 0.0505198 0.0437134 0.0368913 0.0302978 0.0241334 0.0185521 0.013671 0.00957663 0.00631796 0.00388804
 0.00879139 0.0142507 0.0213802 0.030065 0.0399458 0.0502742 0.0598976 0.0675554 0.0723634 0.0741206 0.073224 0.0703365 0.0660911 0.0609628 0.0552653 0.0491983 0.0429064 0.0365318 0.0302423 0.0242288 0.0186843 0.01378 0.00964592 0.00635418 0.00390395
 0.00895716 0.0145677 0.0219443 0.0309923 0.0413411 0.0521795 0.0622412 0.0701289 0.0748446 0.0761362 0.074435 0.0705246 0.0652216 0.0592008 0.052933 0.0466829 0.0405544 0.0345707 0.0287554 0.0231827 0.0179841 0.0133225 0.00934932 0.00616401 0.00378594
 0.00902548 0.0146944 0.0221666 0.0313624 0.0419233 0.0530406 0.0634312 0.0716555 0.0766444 0.0780562 0.0762366 0.0719231 0.0659562 0.059114 0.0520258 0.045121 0.0386188 0.0325719 0.0269477 0.0217135 0.016891 0.0125655 0.00885465 0.00585635 0.00360379
 0.00866409 0.0141494 0.0214282 0.0304572 0.0409166 0.0520357 0.0625665 0.0710935 0.0765432 0.0785239 0.0772851 0.0734399 0.0677125 0.0608138 0.0533847 0.0459493 0.0388728 0.0323504 0.0264377 0.0211126 0.016346 0.0121484 0.00857403 0.00568599 0.00350855
 0.00809798 0.013191 0.0199234 0.0282601 0.037949 0.0483681 0.0584818 0.0670769 0.0731785 0.0763361 0.0766045 0.0743355 0.0699988 0.0641062 0.0571872 0.0497586 0.0422811 0.035116 0.0284997 0.0225499 0.0173053 0.0127777 0.0089862 0.00595369 0.00367664
 0.00842978 0.0136531 0.0204693 0.028781 0.038282 0.0483234 0.0578854 0.0658243 0.0712943 0.0740149 0.0741994 0.0722782 0.068674 0.063735 0.0577672 0.0510805 0.0440084 0.0368948 0.0300569 0.0237452 0.0181258 0.0132919 0.00928816 0.00612484 0.00377224
 0.00881702 0.0143289 0.021563 0.0304176 0.0405222 0.0510832 0.0608771 0.0685758 0.0732659 0.0747716 0.0735579 0.0703674 0.0658915 0.060624 0.0548584 0.0487526 0.0424138 0.0359722 0.0296131 0.0235602 0.0180331 0.0132072 0.00919347 0.00603335 0.00369947
 0.00862492 0.014043 0.0211884 0.0299934 0.0401321 0.0508566 0.0609693 0.0691147 0.0742752 0.0761094 0.0749247 0.0714017 0.0663144 0.0603556 0.0540439 0.0476877 0.0414147 0.0352565 0.0292464 0.0234786 0.0181125 0.0133331 0.00929816 0.00609654 0.00372847
 0.00865813 0.0140557 0.0211331 0.0298058 0.0397555 0.0502793 0.0602563 0.0684122 0.0737764 0.0759893 0.0752662 0.0721455 0.0672629 0.0612414 0.0546381 0.0478938 0.0412941 0.0349745 0.0289769 0.0233272 0.0180945 0.0134028 0.00939575 0.00618058 0.00378402
 0.00869653 0.0141587 0.0213584 0.0302191 0.0403982 0.0511267 0.0611936 0.0692575 0.0743514 0.0762011 0.0751484 0.07183 0.0669006 0.0609213 0.0543539 0.0475735 0.0408686 0.0344356 0.0283865 0.0227792 0.0176631 0.0131127 0.00922736 0.00609447 0.0037436
 0.00844376 0.0137434 0.0207311 0.0293468 0.0392894 0.0498597 0.0599264 0.0681981 0.0736862 0.0760217 0.0754245 0.0724465 0.0677257 0.0618542 0.055327 0.048527 0.0417348 0.0351508 0.0289183 0.0231399 0.0178977 0.0132713 0.00934393 0.00618343 0.00380834
#obs surv len freq
 0.00497202 0.00814466 0.0123894 0.0177197 0.0240087 0.0308894 0.0377341 0.043818 0.0485901 0.0518507 0.0537202 0.0544863 0.0544702 0.0539693 0.0532436 0.0525057 0.0518992 0.0514582 0.0510438 0.0502868 0.0486053 0.0453687 0.0402003 0.033269 0.0253566
 0.00518433 0.00849186 0.012916 0.018469 0.0250153 0.0321668 0.0392613 0.0455331 0.0503974 0.0536365 0.0553697 0.0558937 0.0555437 0.0546335 0.0534408 0.0521993 0.0510793 0.050148 0.0493053 0.0482243 0.0463626 0.043118 0.0381179 0.0315018 0.0239903
 0.00540058 0.00884635 0.0134551 0.0192382 0.026051 0.0334831 0.0408365 0.0473042 0.0522692 0.0554984 0.0571118 0.0574152 0.0567549 0.0554556 0.0538063 0.0520545 0.0503897 0.0489079 0.0475515 0.0460481 0.0439153 0.0405993 0.0357447 0.0294624 0.0224001
 0.00563971 0.00923658 0.0140452 0.0200748 0.02717 0.034896 0.0425162 0.04918 0.0542364 0.0574385 0.058911 0.0589748 0.0579929 0.0563037 0.0542058 0.0519537 0.0497459 0.0476977 0.0457879 0.0438024 0.0413308 0.0378866 0.0331479 0.027203 0.0206223
 0.005895 0.00965471 0.0146801 0.0209784 0.0283817 0.0364265 0.0443313 0.0511955 0.0563309 0.0594777 0.0607707 0.0605529 0.0592117 0.0571057 0.0545472 0.0517974 0.0490586 0.046455 0.0439921 0.0415075 0.0386661 0.0350589 0.030411 0.0247985 0.0187148
 0.00612511 0.0100361 0.0152677 0.0218281 0.0295396 0.0379112 0.0461159 0.0532011 0.0584374 0.0615468 0.0626692 0.0621674 0.0604549 0.0579161 0.0548843 0.0516335 0.0483723 0.0452313 0.0422344 0.0392622 0.0360487 0.0322629 0.027684 0.0223841 0.016786
 0.00637174 0.0104365 0.0158696 0.0226764 0.0306692 0.0393348 0.0478104 0.0551004 0.0604386 0.0635274 0.0645042 0.0637435 0.0616784 0.0587169 0.0552158 0.0514677 0.0476936 0.0440335 0.0405283 0.037095 0.0335277 0.0295679 0.0250476 0.0200402 0.0149048
 0.0066056 0.0108205 0.0164543 0.0235105 0.031789 0.0407485 0.0494826 0.0569494 0.0623504 0.0653793 0.0661858 0.0651643 0.0627673 0.0594185 0.0554879 0.0512805 0.0470282 0.0428836 0.0389064 0.035048 0.0311568 0.0270384 0.0225735 0.0178376 0.013133
 0.00685373 0.0112272 0.0170724 0.0243905 0.0329682 0.0422344 0.0512359 0.0588782 0.0643241 0.0672547 0.0678336 0.0664855 0.0636979 0.059925 0.055558 0.0509125 0.0462244 0.0416494 0.0372596 0.0330349 0.0288712 0.0246311 0.0202378 0.0157678 0.0114718
 0.00706232 0.0115734 0.0176066 0.0251637 0.0340216 0.0435824 0.0528489 0.0606766 0.0661888 0.06905 0.0694299 0.0677754 0.0646041 0.0604032 0.0555936 0.0505125 0.0454074 0.0404394 0.035688 0.0311529 0.0267669 0.0224387 0.0181262 0.0139057 0.0099817
 0.00727295 0.011915 0.0181192 0.0258846 0.0349788 0.0447838 0.0542707 0.0622572 0.0678344 0.0706496 0.0708716 0.0689593 0.0654511 0.0608604 0.0556355 0.0501386 0.0446358 0.0393011 0.0342251 0.0294248 0.0248607 0.0204758 0.0162532 0.0122652 0.00867521
 0.0074365 0.0121883 0.0185437 0.0265026 0.0358231 0.0458631 0.0555555 0.0636774 0.0692924 0.0720416 0.0721052 0.0699611 0.0661661 0.0612492 0.0556738 0.0498175 0.0439626 0.0382986 0.0329325 0.0279009 0.0231894 0.0187675 0.014635 0.0108571 0.00755957
 0.00750953 0.0123066 0.0187224 0.026758 0.036174 0.046329 0.0561524 0.0644104 0.0701478 0.0729822 0.0730717 0.0708801 0.0669617 0.0618536 0.0560334 0.0498952 0.0437386 0.0377717 0.0321228 0.0268534 0.0219766 0.0174874 0.0133992 0.00976973 0.00669246
 0.00760642 0.012456 0.018932 0.0270299 0.0365051 0.0467124 0.0565789 0.0648703 0.0706335 0.0734894 0.0735964 0.0714111 0.0674735 0.062305 0.0563725 0.0500696 0.0437047 0.037503 0.0316156 0.0261315 0.0210936 0.0165236 0.0124495 0.00892374 0.00601295
 0.00769218 0.0125919 0.0191294 0.0272958 0.0368393 0.0471045 0.0570063 0.0653007 0.0710338 0.0738364 0.0738842 0.0716492 0.0676776 0.0624835 0.0565179 0.0501556 0.0436926 0.0373534 0.0313016 0.0256505 0.0204734 0.0158209 0.0117392 0.00828 0.00549009
 0.00774668 0.0126783 0.0192553 0.0274669 0.0370581 0.0473688 0.0573072 0.0656215 0.0713517 0.0741273 0.0741282 0.0718361 0.0678084 0.0625681 0.056567 0.050172 0.0436652 0.0372585 0.0311122 0.0253494 0.0200658 0.0153387 0.0112349 0.00781128 0.00510238
 0.00777539 0.01272 0.019309 0.0275292 0.0371251 0.0474388 0.0573825 0.0657081 0.0714561 0.0742533 0.0742739 0.0719934 0.0679652 0.0627123 0.0566892 0.0502655 0.0437225 0.0372674 0.0310561 0.0252135 0.0198466 0.0150515 0.0109133 0.00749784 0.00483409
 0.00783601 0.0128099 0.019428 0.0276708 0.0372775 0.0475878 0.0575138 0.0658103 0.0715237 0.0742887 0.0742872 0.0719983 0.0679732 0.0627286 0.0567115 0.0502862 0.0437314 0.0372528 0.0310054 0.0251155 0.0196963 0.0148555 0.0106913 0.0072777 0.0046424
 0.00785604 0.0128405 0.0194704 0.027724 0.0373384 0.0476506 0.0575703 0.0658518 0.0715435 0.0742857 0.0742672 0.0719732 0.0679569 0.0627318 0.0567385 0.050333 0.0437871 0.0373022 0.0310324 0.0251065 0.019644 0.0147617 0.0105684 0.00714528 0.00452066
 0.00788523 0.0128835 0.0195267 0.0277903 0.0374093 0.0477199 0.0576323 0.0659014 0.0715762 0.0742978 0.0742576 0.0719442 0.0679156 0.0626883 0.0567035 0.050314 0.043785 0.0373111 0.0310409 0.0251017 0.0196158 0.0147071 0.0104926 0.00706018 0.00443999
 0.00791396 0.0129266 0.0195846 0.0278607 0.0374872 0.0477981 0.0577028 0.065956 0.0716086 0.0743054 0.0742418 0.0719098 0.0678687 0.0626358 0.0566521 0.0502699 0.0437528 0.0372914 0.0310296 0.0250908 0.0195967 0.0146744 0.0104469 0.00700717 0.00438818
 0.00791668 0.012931 0.0195913 0.02787 0.037499 0.0478117 0.0577163 0.0659671 0.0716149 0.0743057 0.0742362 0.0719001 0.0678574 0.0626254 0.0566448 0.0502673 0.0437557 0.0372998 0.0310415 0.0251021 0.0196021 0.0146696 0.0104307 0.0069827 0.0043608
 0.00790114 0.012903 0.0195443 0.0277972 0.0373957 0.0476794 0.0575651 0.0658151 0.0714838 0.0742139 0.0741943 0.0719091 0.0679108 0.0627126 0.0567537 0.0503868 0.0438767 0.0374152 0.0311461 0.0251914 0.0196724 0.0147188 0.0104593 0.00699393 0.00436039
 0.00790405 0.0129026 0.019534 0.0277675 0.0373362 0.0475824 0.0574298 0.0656496 0.0713047 0.0740434 0.0740562 0.0718226 0.0678868 0.0627508 0.0568442 0.0505137 0.0440229 0.0375651 0.0312875 0.0253157 0.0197741 0.0147953 0.0105111 0.00702454 0.00437517
 0.00790241 0.0128982 0.0195242 0.027748 0.0373014 0.0475263 0.0573474 0.0655384 0.0711677 0.07389 0.0739025 0.0716892 0.0677941 0.0627136 0.056868 0.0505935 0.0441449 0.0377114 0.0314397 0.0254585 0.0198967 0.014892 0.0105808 0.00706979 0.00440125
 0.0078853 0.0128702 0.0194818 0.0276878 0.0372212 0.0474262 0.0572305 0.065411 0.0710377 0.0737656 0.0737908 0.0715978 0.0677311 0.0626881 0.0568874 0.0506609 0.0442564 0.0378558 0.031601 0.0256191 0.0200418 0.0150115 0.0106706 0.00713121 0.00443916
 0.00785935 0.0128274 0.0194164 0.0275944 0.0370967 0.0472715 0.0570529 0.0652243 0.0708596 0.0736132 0.0736772 0.0715297 0.06771 0.062712 0.0569532 0.0507651 0.0443945 0.0380204 0.0317808 0.0258 0.0202091 0.0151535 0.0107807 0.00720906 0.00448907
 0.00781395 0.0127556 0.0193121 0.0274536 0.0369183 0.047059 0.056816 0.0649794 0.0706277 0.0734166 0.0735348 0.071454 0.0677054 0.062775 0.0570745 0.0509322 0.0445943 0.03824 0.0320076 0.0260207 0.0204106 0.0153248 0.0109153 0.00730588 0.00455251
 0.00781565 0.0127488 0.0192844 0.0273881 0.0367986 0.0468766 0.0565765 0.0647034 0.0703456 0.0731597 0.0733291 0.071317 0.0676456 0.0627932 0.0571648 0.0510829 0.04479 0.0384641 0.032243 0.0262515 0.0206224 0.0155063 0.0110593 0.00741103 0.00462256
 0.00779147 0.0127124 0.0192345 0.027324 0.0367179 0.0467739 0.0564436 0.0645331 0.0701381 0.0729276 0.0730975 0.0711175 0.0675071 0.0627343 0.0571906 0.0511868 0.0449571 0.0386748 0.0324764 0.0264872 0.0208426 0.015697 0.0112122 0.00752371 0.00469844
 0.00774775 0.012642 0.0191303 0.0271807 0.0365347 0.0465566 0.0562061 0.0642952 0.0699194 0.0727423 0.0729518 0.0710138 0.0674492 0.0627294 0.0572467 0.0513077 0.0451383 0.0389032 0.0327325 0.0267491 0.0210894 0.0159121 0.0113852 0.00765162 0.00478492
 0.0093308 0.0148556 0.0217969 0.0299132 0.038849 0.0480517 0.0567062 0.063877 0.0688285 0.0712698 0.0713428 0.0694324 0.0659866 0.0614278 0.0561223 0.0503645 0.0443743 0.0383103 0.0322958 0.0264467 0.0208949 0.0157976 0.011325 0.00762464 0.00477558
 0.0093174 0.0151273 0.0227227 0.0319502 0.0423425 0.0529659 0.062454 0.0694157 0.0730308 0.0733687 0.0711859 0.0674218 0.0628026 0.0577381 0.0524163 0.0469284 0.0413427 0.0357299 0.0301688 0.024752 0.0195964 0.0148472 0.0106657 0.00719466 0.00451424
 0.00897828 0.0145937 0.0219745 0.0310373 0.0414387 0.0524045 0.0626879 0.0708556 0.0757983 0.077114 0.075131 0.0706566 0.0646649 0.0580433 0.0514253 0.0451328 0.0392329 0.0336623 0.0283437 0.0232512 0.0184304 0.0139891 0.0100694 0.00680598 0.00427843
 0.00878658 0.0142754 0.0214839 0.030331 0.040493 0.0512466 0.0614366 0.0697483 0.0751721 0.0773128 0.076351 0.0728013 0.0673131 0.0605855 0.0533103 0.0460774 0.0392778 0.0330721 0.0274448 0.02231 0.0176065 0.0133473 0.00961286 0.00650658 0.00409722
 0.00874859 0.0142001 0.0213445 0.0300922 0.040116 0.0507012 0.060716 0.0688864 0.0742597 0.0765066 0.0758616 0.0728409 0.0680034 0.0618685 0.0549261 0.0476484 0.0404629 0.0336979 0.0275406 0.0220423 0.017176 0.0129109 0.00925623 0.00625448 0.00393858
 0.00869775 0.0141239 0.0212409 0.0299605 0.0399532 0.050497 0.0604517 0.0685399 0.0738178 0.0759836 0.0753153 0.0723784 0.0677649 0.0619806 0.0554381 0.0484859 0.0414364 0.0345762 0.028148 0.0223213 0.0171828 0.0127595 0.0090567 0.00607758 0.00381198
 0.00869392 0.01411 0.0212063 0.0298917 0.0398383 0.0503322 0.060244 0.0683041 0.0735681 0.0757251 0.0750464 0.0721049 0.0675166 0.0618191 0.0554405 0.0487063 0.0418663 0.0351311 0.0286975 0.0227466 0.0174257 0.0128336 0.00902091 0.00599749 0.00373337
 0.00866342 0.0140673 0.0211541 0.0298354 0.0397824 0.050276 0.0601799 0.0682205 0.0734554 0.075582 0.0748804 0.0719283 0.0673444 0.061671 0.0553464 0.0487036 0.0419846 0.0353699 0.0290145 0.0230703 0.0176867 0.0129947 0.00908603 0.00599778 0.00370503
 0.00868386 0.0140923 0.021177 0.029846 0.0397709 0.0502381 0.0601203 0.0681499 0.0733845 0.0755142 0.0748107 0.0718481 0.067249 0.061565 0.0552447 0.0486298 0.0419647 0.0354223 0.0291378 0.0232391 0.0178601 0.0131346 0.00917301 0.00603488 0.00370919
 0.00868475 0.0140979 0.0211923 0.0298767 0.03982 0.0503018 0.0601857 0.0681991 0.073401 0.0754911 0.0747523 0.0717652 0.0671527 0.0614627 0.0551424 0.0485363 0.0418935 0.0353884 0.0291508 0.023296 0.0179438 0.0132209 0.00924139 0.00607644 0.00372678
 0.00864114 0.0140336 0.0211084 0.0297793 0.0397197 0.0502119 0.0601196 0.0681664 0.0734046 0.0755246 0.0748021 0.0718159 0.067193 0.0614881 0.0551543 0.04854 0.0418967 0.0354 0.029179 0.0233443 0.0180082 0.0132905 0.00930326 0.00612182 0.00375382
 0.00862859 0.0140104 0.0210686 0.0297167 0.0396305 0.0500986 0.0599935 0.0680467 0.0733131 0.0754778 0.0748055 0.0718625 0.0672667 0.0615705 0.0552307 0.0486026 0.0419453 0.0354397 0.0292171 0.0233866 0.0180565 0.0133415 0.00935082 0.0061599 0.0037797
 0.00862906 0.0140084 0.0210604 0.0296965 0.0395918 0.0500359 0.0599049 0.0679359 0.0731907 0.0753604 0.0747122 0.0718097 0.0672624 0.0616114 0.055304 0.0486916 0.042035 0.0355214 0.0292883 0.0234492 0.0181131 0.0133927 0.00939521 0.00619521 0.00380471
 0.00863305 0.0140161 0.021074 0.0297181 0.0396217 0.0500709 0.0599371 0.0679541 0.0731834 0.0753215 0.0746442 0.071724 0.067176 0.0615416 0.0552622 0.0486801 0.0420485 0.0355503 0.0293237 0.0234853 0.0181473 0.0134241 0.00942291 0.00621799 0.00382167
 0.00862037 0.0139965 0.0210463 0.0296826 0.0395804 0.0500276 0.0598973 0.0679234 0.0731652 0.0753147 0.0746432 0.071722 0.0671691 0.061531 0.0552542 0.0486825 0.0420661 0.0355829 0.0293668 0.0235323 0.0181926 0.0134641 0.00945579 0.00624322 0.00383956
 0.00862037 0.0139965 0.0210463 0.0296826 0.0395804 0.0500276 0.0598973 0.0679234 0.0731652 0.0753147 0.0746432 0.071722 0.0671691 0.061531 0.0552542 0.0486825 0.0420661 0.0355829 0.0293668 0.0235323 0.0181926 0.0134641 0.00945579 0.00624322 0.00383956
 0.00882995 0.0143275 0.0215249 0.0303218 0.0403728 0.0509359 0.0608481 0.0688126 0.0738793 0.0757607 0.0747721 0.0715359 0.0667126 0.0608756 0.0544817 0.0478719 0.0412837 0.0348769 0.0287652 0.0230458 0.0178184 0.0131909 0.00926745 0.00612158 0.0037666
 0.00894817 0.014537 0.0218709 0.030854 0.0411296 0.0519214 0.0620119 0.0700465 0.0750376 0.0766953 0.0753663 0.071726 0.066494 0.0602976 0.0536327 0.0468596 0.0402159 0.0338457 0.0278385 0.0222641 0.0171973 0.0127261 0.00894074 0.00590703 0.00363583
 0.00851825 0.0138656 0.0209169 0.0296109 0.0396425 0.050303 0.0604484 0.0687738 0.0742808 0.0765936 0.0759241 0.0728156 0.0679046 0.0618016 0.0550413 0.0480531 0.0411474 0.0345256 0.0283102 0.022581 0.0174072 0.0128647 0.00903187 0.00596578 0.0036722
 0.00834948 0.0135511 0.0203715 0.0287368 0.0383602 0.0485991 0.0584177 0.0666281 0.0723114 0.0750999 0.0751383 0.0728465 0.0687165 0.0632289 0.0568379 0.0499579 0.0429437 0.0360747 0.0295546 0.0235255 0.018092 0.0133417 0.00935113 0.00616986 0.00379552
 0.00835934 0.0135534 0.020346 0.0286468 0.0381497 0.0481965 0.0577493 0.0656462 0.0710305 0.0736269 0.0736719 0.0716361 0.0679898 0.0631206 0.0573488 0.0509622 0.0442366 0.0374381 0.0308129 0.0245742 0.0188962 0.0139166 0.00973706 0.00641386 0.00394044
 0.0088077 0.014268 0.0213903 0.0300573 0.0399133 0.0502207 0.0598407 0.0675196 0.0723662 0.0741593 0.0732746 0.0703665 0.0660781 0.0609066 0.0551868 0.049128 0.0428696 0.036539 0.0302868 0.0242928 0.0187478 0.0138292 0.00967604 0.00636786 0.00390721
 0.00901636 0.0146513 0.0220468 0.0311007 0.0414387 0.0522531 0.0622872 0.070156 0.0748715 0.0761838 0.0745156 0.0706314 0.0653274 0.059268 0.0529309 0.0466029 0.040413 0.0343998 0.0285873 0.0230387 0.017872 0.0132397 0.00928965 0.0061217 0.00375686
 0.00898477 0.0146158 0.0220266 0.0311347 0.041589 0.0526034 0.0629287 0.0711584 0.0762402 0.0778234 0.0762225 0.0721307 0.066345 0.0596107 0.0525441 0.0455842 0.0389783 0.0328143 0.0270887 0.0217829 0.0169184 0.0125723 0.00885284 0.00585156 0.00359849
 0.00876913 0.0142648 0.0215008 0.030406 0.0406583 0.0515232 0.0618214 0.0702114 0.0756684 0.0778067 0.0768422 0.0733295 0.0679283 0.0612927 0.0540271 0.0466442 0.0395236 0.0328929 0.0268459 0.0213927 0.0165233 0.0122533 0.00863275 0.00571719 0.00352411
 0.00817214 0.0132932 0.0200412 0.0283656 0.038 0.0483147 0.0582779 0.0666961 0.0726317 0.0756838 0.0759503 0.0738003 0.0696835 0.0640601 0.057397 0.0501591 0.0427796 0.0356206 0.0289411 0.022892 0.0175432 0.0129274 0.00907208 0.00599887 0.00369851
 0.0084901 0.01373 0.0205461 0.0288302 0.0382731 0.0482355 0.0577155 0.0655864 0.07101 0.0737045 0.0738808 0.0719748 0.0684211 0.0635765 0.0577406 0.0511991 0.044252 0.037215 0.0303936 0.0240465 0.0183611 0.0134539 0.00938705 0.00617851 0.0037981
 0.00891735 0.0144551 0.0216851 0.0304854 0.0404801 0.0508935 0.0605395 0.0681328 0.0727896 0.0743404 0.0732329 0.0701781 0.065835 0.0606765 0.0549922 0.0489468 0.0426551 0.0362464 0.0298985 0.0238295 0.0182613 0.0133798 0.00930967 0.00610295 0.0037365
 0.00863062 0.0140472 0.0211847 0.0299704 0.0400738 0.050745 0.0607889 0.0688609 0.0739617 0.075773 0.074619 0.0711812 0.0662156 0.0603846 0.0541787 0.0478922 0.041654 0.0355058 0.0294895 0.023703 0.0183063 0.0134871 0.00940902 0.00616803 0.0037695
 0.0086188 0.0139888 0.021028 0.0296531 0.0395522 0.0500347 0.0599948 0.0681694 0.0735869 0.0758743 0.0752285 0.0721744 0.0673443 0.0613636 0.0547923 0.0480701 0.0414805 0.0351587 0.0291491 0.0234809 0.0182255 0.0135081 0.00947395 0.00623332 0.00381581
 0.00881842 0.0143106 0.0215023 0.0302939 0.0403394 0.0508971 0.0608075 0.0687828 0.0738866 0.0758403 0.0749514 0.0718093 0.0670265 0.0611395 0.0546073 0.0478185 0.041081 0.0346081 0.0285218 0.0228838 0.0177433 0.0131732 0.00927126 0.00612423 0.00376196
 0.00844631 0.0137454 0.0207286 0.0293314 0.039246 0.0497661 0.0597589 0.0679422 0.0733524 0.0756545 0.0750959 0.0722316 0.067673 0.0619666 0.0555646 0.0488275 0.0420381 0.0354163 0.0291284 0.0232951 0.0180072 0.0133464 0.00939401 0.00621556 0.00382776
#pred catch len freq
 0.00360861 0.00586008 0.0088421 0.0125956 0.0171445 0.0224385 0.0282885 0.034367 0.0402807 0.0456553 0.0501911 0.0536961 0.0561094 0.0574995 0.0580322 0.0579288 0.0574338 0.0567745 0.0560782 0.0552404 0.0538204 0.0511018 0.0464047 0.0395356 0.0310725
 0.00400254 0.00644176 0.00961164 0.0135237 0.0181921 0.0235823 0.0295312 0.0357187 0.0417224 0.0471102 0.0515287 0.0547733 0.0568261 0.0578353 0.0580417 0.0577001 0.0570304 0.056191 0.0552317 0.0540108 0.0521274 0.0489814 0.044038 0.0372016 0.029046
 0.00416978 0.00675263 0.0101481 0.0143769 0.0194309 0.0252103 0.0314588 0.0377775 0.0437222 0.048903 0.0530347 0.055959 0.0576649 0.058291 0.0580864 0.0573392 0.0563041 0.0551442 0.0538782 0.0523269 0.0500914 0.0466385 0.0415411 0.034789 0.0269611
 0.00436085 0.0070492 0.0105741 0.0149611 0.0202192 0.0262748 0.0328837 0.0396169 0.0459428 0.0513495 0.0554518 0.0580675 0.0592482 0.0592406 0.0583908 0.0570434 0.0554731 0.0538426 0.0521605 0.0502373 0.0476821 0.0440055 0.0388504 0.0322619 0.0248122
 0.00460464 0.00743995 0.0111513 0.0157568 0.0212526 0.0275464 0.0343735 0.0412919 0.0477702 0.0532994 0.0574748 0.0600606 0.0610408 0.0606244 0.0591816 0.0571342 0.0548488 0.0525572 0.0503029 0.0479103 0.0450057 0.0411353 0.0359876 0.0296332 0.0226159
 0.00492053 0.00793234 0.0118545 0.0166928 0.0224327 0.0289715 0.0360274 0.0431316 0.0497215 0.0552652 0.059354 0.0617646 0.0624938 0.0617478 0.059878 0.0572926 0.0543734 0.0514023 0.0484913 0.0455334 0.0422155 0.0381361 0.0330216 0.0269452 0.0204004
