SBPRF35
9.76009
Curr Bio
529538
B35
718703
F35
0.19162
FOFL
0.14071
OFL
61096.6
Bzero
2.7886e+006
#pred survey bio
 3.36968e+006 3.0523e+006 2.76712e+006 2.50492e+006 2.21435e+006 1.9412e+006 1.73936e+006 1.5434e+006 1.35877e+006 1.184e+006 1.0468e+006 942027 857598 779483 726097 683921 645240 621509 604838 598301 596339 588345 586622 581127 578353 570230 565412 566973 562057 555655 543323 537767 530603 531103 529539 536393 547348 551261 557321 564740 570619 565704 564284 567993 577183 572422 571228 556951 524093 549154 590094 621844 604474 563876 534175 1.89569e+007 1.17805e+007 1.24412e+007 1.35629e+007 1.49215e+007 1.62941e+007 1.75393e+007 1.85926e+007 1.94419e+007 2.01043e+007 2.06094e+007 2.09885e+007 2.12704e+007 2.14789e+007 2.16327e+007 2.17463e+007 2.18304e+007 2.18928e+007 2.19395e+007 2.19745e+007 2.20009e+007 2.2021e+007 2.20363e+007 2.2048e+007 2.20571e+007 2.20641e+007 2.20695e+007 2.20737e+007 2.2077e+007 2.20796e+007 2.20817e+007 2.20833e+007 2.20845e+007 2.20855e+007 2.20863e+007 2.20869e+007 2.20874e+007 2.20878e+007 2.20881e+007 2.20884e+007 2.20886e+007 2.20887e+007 2.20888e+007 2.20889e+007 2.2089e+007 2.20891e+007 2.20891e+007 2.20892e+007 2.20892e+007 2.20892e+007 2.20892e+007 2.20893e+007 2.20893e+007 2.20893e+007 2.20893e+007 2.20893e+007 2.20893e+007 2.20893e+007 2.20893e+007 2.20893e+007 2.20893e+007 2.20893e+007 2.20893e+007 2.20893e+007 2.20893e+007 2.20893e+007 2.20893e+007 2.20893e+007 2.20893e+007 2.20893e+007 2.20893e+007 2.20893e+007 2.20893e+007 2.20893e+007 2.20893e+007 2.20893e+007 2.20893e+007 2.20893e+007 2.20893e+007 2.20893e+007 2.20893e+007 2.20893e+007 2.20893e+007 2.20893e+007 2.20893e+007 2.20893e+007 2.20893e+007 2.20893e+007 2.20893e+007 2.20893e+007 2.20893e+007 2.20893e+007 2.20893e+007 2.20893e+007 2.20893e+007 2.20893e+007 2.20893e+007 2.20893e+007 2.20893e+007 2.20893e+007 0 0 0 0 0 0 0 0 0 0 0 0 0 0 0 0 0 0 0 0 0 0 0 0 0
#obs survey bio
 3.04415e+006 2.66297e+006 2.32805e+006 2.42224e+006 2.63923e+006 1.61293e+006 1.67688e+006 1.6479e+006 986435 1.36304e+006 1.07802e+006 821149 571586 784155 594726 594442 526167 622794 414981 610789 498960 941059 730300 659528 587989 562918 419867 509476 516847 482884 429886 669779 567208 577320 604490 627970 655338 708200 557643 448921 816164 562085 725545 643696 547371 614912 644843 543665 485612 522023 801056 824812 676078 557635 407135
#pred catch bio
 278346 268119 267541 312910 315169 266954 274640 273777 270484 239803 212387 194904 188123 164629 152768 146775 130933 122699 113077 108905 113108 106267 107608 103334 105891 101602 95553.3 99947.4 99024.3 101008 92292.9 92730 88509.5 93538.8 88546.9 86633 93339.3 91642.2 90813.6 92342.4 100622 96364.2 91396.7 86775.3 98080.7 94033.4 104343 118945 71015.5 60876.8 70320.2 111322 129569 119725 88543.3 61096.6 84055.2 87757.2 94620.7 103734 113120 121570 128585 134099 138264 141319 143509 145052 146124 146861 147363 147703 147932 148085 148187 148255 148301 148330 148350 148363 148372 148378 148381 148384 148385 148387 148387 148388 148388 148388 148388 148388 148388 148388 148388 148389 148389 148389 148389 148389 148389 148389 148389 148389 148389 148389 148389 148389 148389 148389 148389 148389 148389 148389 148389 148389 148389 148389 148389 148389 148389 148389 148389 148389 148389 148389 148389 148389 148389 148389 148389 148389 148389 148389 148389 148389 148389 148389 148389 148389 148389 148389 148389 148389 148389 148389 148389 148389 148389 148389 148389 148389 148389 148389 148389 0 0 0 0 0 0 0 0 0 0 0 0 0 0 0 0 0 0 0 0 0 0 0 0 0
#obs catch bio
 243507 269047 268671 316199 317794 268942 277736 276828 275153 242954 214486 196292 190837 166340 154948 149082 132773 123766 114423 110175 114824 107347 108470 104127 106460 102084 96427.6 101008 100136 101914 93157.6 93564.6 88802.1 93521.4 88290 86146.5 93066.2 91341.8 90439.6 92267.6 100244 95888.6 90768.2 86225.4 97648.3 93177 103087 118266 70507.4 60650.7 69825.1 110538 128167 118663 88349.7
#pred cpue bio
 3.31704e+006 3.00213e+006 2.71887e+006 2.45767e+006 2.16884e+006 1.89754e+006 1.69673e+006 1.50219e+006 1.31928e+006 1.14656e+006 1.0112e+006 907914 824673 747979 695752 654639 617128 594312 578238 571839 569938 562338 561024 556073 553710 546050 541407 542977 538469 532695 521215 516248 508959 508325 506014 512649 523488 527421 533440 540704 546515 541965 540780 544509 553560 549068 548027 533976 501484 525583 565937 597586 580617 540125 510323 1.81215e+007 1.12834e+007 1.18356e+007 1.28252e+007 1.4136e+007 1.54971e+007 1.674e+007 1.77928e+007 1.8642e+007 1.93045e+007 1.98095e+007 2.01887e+007 2.04706e+007 2.06791e+007 2.08329e+007 2.09465e+007 2.10305e+007 2.1093e+007 2.11396e+007 2.11746e+007 2.12011e+007 2.12211e+007 2.12364e+007 2.12482e+007 2.12572e+007 2.12642e+007 2.12697e+007 2.12739e+007 2.12772e+007 2.12798e+007 2.12818e+007 2.12834e+007 2.12847e+007 2.12857e+007 2.12865e+007 2.12871e+007 2.12876e+007 2.1288e+007 2.12883e+007 2.12885e+007 2.12887e+007 2.12889e+007 2.1289e+007 2.12891e+007 2.12892e+007 2.12892e+007 2.12893e+007 2.12893e+007 2.12894e+007 2.12894e+007 2.12894e+007 2.12894e+007 2.12894e+007 2.12894e+007 2.12894e+007 2.12895e+007 2.12895e+007 2.12895e+007 2.12895e+007 2.12895e+007 2.12895e+007 2.12895e+007 2.12895e+007 2.12895e+007 2.12895e+007 2.12895e+007 2.12895e+007 2.12895e+007 2.12895e+007 2.12895e+007 2.12895e+007 2.12895e+007 2.12895e+007 2.12895e+007 2.12895e+007 2.12895e+007 2.12895e+007 2.12895e+007 2.12895e+007 2.12895e+007 2.12895e+007 2.12895e+007 2.12895e+007 2.12895e+007 2.12895e+007 2.12895e+007 2.12895e+007 2.12895e+007 2.12895e+007 2.12895e+007 2.12895e+007 2.12895e+007 2.12895e+007 2.12895e+007 2.12895e+007 2.12895e+007 2.12895e+007 2.12895e+007 2.12895e+007 2.12895e+007 0 0 0 0 0 0 0 0 0 0 0 0 0 0 0 0 0 0 0 0 0 0 0 0 0
#obs cpue bio
 2.37492e+006 2.01905e+006 2.48039e+006 1.78205e+006 2.25052e+006 1.62968e+006 1.42142e+006 1.31336e+006 1.14763e+006 994671 983275 1.07216e+006 751674 703426 554934 590246 594927 700353 532295 453812 500520 361008 493172 408710 630272 513033 420965 530377 456590 689420 472689 412779 614410 679568 518517 558078 412309 423963 599900 526780 558861 609106 548598 466634 637566 701900 687959 518904 514499 444348 616686 583886 656874 584188 389873
#pred surv len freq
 0.00497538 0.00814076 0.0123681 0.0176706 0.0239306 0.0308017 0.0376844 0.0438774 0.0488378 0.0523552 0.0545284 0.0556204 0.0559238 0.0556917 0.0551118 0.0543026 0.0533231 0.0521822 0.0508214 0.0490645 0.046581 0.0429475 0.0378522 0.0313607 0.0240469
 0.00531404 0.00862099 0.0129655 0.0183315 0.0246039 0.0314811 0.0384273 0.0447782 0.0499622 0.0536746 0.0559009 0.056833 0.0567736 0.0560593 0.0549935 0.053791 0.0525534 0.0512697 0.0498181 0.0479559 0.0453252 0.0415356 0.0363499 0.0299016 0.0227798
 0.0055973 0.00909776 0.0137076 0.0194012 0.0260241 0.0331997 0.0403024 0.0466089 0.0515644 0.0549544 0.0568694 0.0575507 0.0572699 0.0562934 0.0548808 0.0532665 0.0516183 0.0499908 0.0482891 0.0462569 0.0435127 0.0396656 0.0345089 0.02821 0.0213593
 0.00578335 0.00941151 0.0142028 0.0201402 0.0270702 0.0345992 0.0420572 0.0486505 0.0537438 0.0570621 0.0586874 0.058915 0.0581101 0.0566215 0.0547429 0.0526976 0.0506343 0.0486113 0.0465627 0.0442655 0.0413618 0.0374761 0.032414 0.0263448 0.0198343
 0.00607957 0.00988079 0.0148871 0.0210734 0.0282758 0.0360865 0.0438133 0.0506325 0.0558737 0.059226 0.0607362 0.0606762 0.0594145 0.0573423 0.0548233 0.0521509 0.0495173 0.0469974 0.0445325 0.0419166 0.0388215 0.034903 0.029984 0.0242216 0.018134
 0.00643866 0.0104531 0.0157264 0.0222203 0.0297495 0.0378721 0.0458509 0.0528179 0.0580778 0.0613224 0.0626191 0.0622582 0.0606126 0.058069 0.0549951 0.0517092 0.0484485 0.0453385 0.0423658 0.0393631 0.0360391 0.0320828 0.0273321 0.0219239 0.0163141
 0.00665423 0.0108129 0.0162853 0.0230353 0.0308677 0.0393125 0.0475852 0.0547644 0.060114 0.0633108 0.0644334 0.0637982 0.0618051 0.0588583 0.0553302 0.0515391 0.0477297 0.0440548 0.0405478 0.0371016 0.0334861 0.0294389 0.0248175 0.0197355 0.0145816
 0.00689807 0.0112064 0.016873 0.0238585 0.0319596 0.040688 0.0492282 0.0566177 0.0620808 0.0652664 0.0662431 0.0653365 0.0629722 0.0595875 0.0555853 0.0513017 0.0469887 0.0428062 0.0388107 0.0349408 0.0310293 0.0268743 0.0223643 0.0175951 0.0128875
 0.00711593 0.0115696 0.017436 0.0246766 0.0330764 0.0421167 0.0509336 0.0585128 0.064042 0.06716 0.0679472 0.0667502 0.0640167 0.0602057 0.0557416 0.0509805 0.04619 0.0415422 0.0371106 0.032866 0.0286917 0.0244409 0.0200362 0.0155623 0.0112784
 0.00736167 0.0119677 0.0180329 0.0255158 0.0341918 0.0435202 0.0526005 0.0603727 0.0659827 0.0690437 0.0696333 0.0681169 0.064975 0.0607051 0.0557649 0.0505338 0.0452926 0.040222 0.0354082 0.0308466 0.0264599 0.022146 0.0178567 0.0136671 0.00978209
 0.00763947 0.0123993 0.0186456 0.0263233 0.0351945 0.0447058 0.0539414 0.0618227 0.0674777 0.0705065 0.0709793 0.06926 0.0658346 0.0612139 0.0558777 0.0502306 0.0445769 0.0391166 0.0339537 0.0291074 0.024533 0.0201642 0.0159749 0.0120308 0.00848997
 0.00788631 0.012792 0.0192195 0.0271031 0.0361864 0.0458886 0.0552593 0.0631893 0.0687942 0.071687 0.071967 0.0700259 0.0663632 0.0614896 0.0558788 0.0499336 0.0439648 0.0381882 0.0327303 0.0276388 0.0229021 0.0184857 0.0143818 0.0106467 0.00739762
 0.00798373 0.0129705 0.019525 0.0275896 0.0369021 0.0468541 0.0564477 0.064521 0.0701519 0.0729448 0.0730185 0.070802 0.0668364 0.0616647 0.0557769 0.0495759 0.0433647 0.0373535 0.0316747 0.0263949 0.021532 0.0170813 0.013052 0.00949336 0.00648886
 0.00813177 0.013201 0.0198544 0.0280303 0.0374652 0.0475512 0.0572865 0.0654943 0.0712249 0.0740475 0.074052 0.0716583 0.0674255 0.0619358 0.0557241 0.0492273 0.0427636 0.0365429 0.0306925 0.025281 0.0203391 0.0158814 0.0119296 0.00852768 0.00573208
 0.00821772 0.0133366 0.0200507 0.0282943 0.0377991 0.047951 0.0577426 0.0659942 0.0717582 0.0746081 0.0746321 0.0722367 0.0679587 0.0623616 0.0559783 0.0492634 0.0425647 0.0361204 0.030078 0.0245188 0.0194843 0.0149995 0.0110924 0.00780032 0.00515823
 0.00821865 0.0133501 0.020093 0.0283877 0.0379656 0.0482033 0.0580766 0.0663879 0.0721797 0.0750267 0.075028 0.0726021 0.0682907 0.0626514 0.056203 0.0493875 0.0425504 0.0359422 0.0297325 0.0240274 0.0188899 0.0143597 0.0104704 0.00725279 0.00472281
 0.00825989 0.0134101 0.020171 0.0284807 0.0380721 0.0483281 0.0582312 0.0665866 0.0724298 0.0753208 0.0753427 0.072906 0.0685561 0.0628614 0.0563497 0.0494643 0.0425455 0.0358394 0.029519 0.0237043 0.0184781 0.0138991 0.0100108 0.0068413 0.00439225
 0.0083838 0.0135795 0.0203667 0.0286651 0.0382002 0.0483649 0.0581676 0.0664444 0.0722546 0.0751676 0.0752595 0.0729202 0.0686679 0.0630468 0.0565705 0.0496798 0.0427197 0.0359434 0.0295327 0.0236192 0.0183016 0.0136559 0.00973809 0.00657904 0.00417154
 0.00850038 0.0137613 0.0206239 0.0289967 0.0385884 0.0487702 0.058529 0.0666916 0.072332 0.0750598 0.075002 0.0725871 0.0683431 0.0627937 0.0564163 0.0496156 0.0427127 0.0359526 0.0295207 0.0235608 0.0181879 0.013495 0.00955177 0.00639469 0.00401286
 0.00849819 0.0137651 0.0206435 0.0290459 0.0386815 0.0489157 0.0587228 0.0669124 0.0725428 0.0752158 0.0750652 0.0725418 0.0682052 0.0626071 0.0562349 0.0494819 0.0426433 0.0359362 0.0295287 0.0235615 0.0181587 0.0134292 0.00945761 0.00628966 0.00391535
 0.0083943 0.0136126 0.0204452 0.0288166 0.0384462 0.048705 0.058568 0.06684 0.0725681 0.0753362 0.0752569 0.0727648 0.0684159 0.0627742 0.05635 0.0495584 0.0427045 0.0360004 0.0295994 0.0236281 0.0182055 0.013445 0.00944215 0.00625241 0.00387008
 0.008301 0.0134718 0.020254 0.0285812 0.0381822 0.0484362 0.058325 0.0666566 0.0724747 0.0753509 0.0753787 0.0729726 0.0686738 0.0630407 0.0565895 0.0497501 0.0428457 0.0361017 0.0296749 0.0236867 0.0182483 0.0134691 0.00944617 0.00623983 0.00384842
 0.00824153 0.0133644 0.0200736 0.0283007 0.0377826 0.0479208 0.0577306 0.0660529 0.0719482 0.0749809 0.0752167 0.0730324 0.0689328 0.0634492 0.0570834 0.0502654 0.043331 0.0365251 0.0300237 0.0239614 0.0184554 0.0136163 0.00954206 0.00629466 0.00387404
 0.00820658 0.013312 0.0200018 0.0282076 0.0376626 0.0477618 0.0575156 0.0657679 0.071596 0.0745914 0.0748462 0.0727487 0.0687926 0.0634793 0.0572739 0.0505763 0.0437066 0.0369108 0.0303776 0.024259 0.0186878 0.0137854 0.00965595 0.00636453 0.00391206
 0.00820332 0.0132961 0.0199589 0.028119 0.0375119 0.0475429 0.0572383 0.065456 0.0712773 0.0742886 0.0745749 0.0725241 0.0686367 0.0634199 0.057334 0.0507609 0.0439962 0.0372653 0.030749 0.0246045 0.0189788 0.0140096 0.00981444 0.0064671 0.00397238
 0.00830509 0.0134458 0.0201541 0.0283448 0.0377419 0.0477433 0.0573733 0.0654945 0.0712011 0.0740992 0.074294 0.0721876 0.0682853 0.0630932 0.0570672 0.0505818 0.0439201 0.0372894 0.0308518 0.0247524 0.0191368 0.0141508 0.0099244 0.00654296 0.00401903
 0.0083004 0.0134516 0.0201866 0.0284253 0.037888 0.0479572 0.0576323 0.0657529 0.0714028 0.0741966 0.0742633 0.0720336 0.0680373 0.0627939 0.0567627 0.0503133 0.043718 0.0371699 0.0308148 0.0247826 0.0192088 0.0142375 0.0100046 0.00660516 0.00406072
 0.00813608 0.0132086 0.019867 0.0280497 0.0374938 0.0475924 0.0573478 0.0655918 0.0713887 0.0743225 0.0744909 0.0723054 0.0682973 0.0630056 0.0569164 0.0504213 0.0438046 0.0372591 0.030922 0.0249107 0.0193492 0.0143748 0.0101239 0.00669708 0.00412365
 0.00799794 0.012994 0.0195638 0.0276563 0.0370231 0.0470751 0.0568349 0.0651496 0.0710849 0.0742062 0.0745758 0.0725656 0.0686758 0.0634329 0.0573303 0.0507821 0.0440994 0.0374962 0.0311196 0.0250853 0.0195085 0.0145179 0.0102448 0.00679076 0.00418913
 0.00786965 0.0127923 0.0192732 0.0272685 0.0365391 0.04651 0.0562219 0.0645418 0.0705491 0.0738106 0.0743751 0.0725881 0.0689153 0.0638493 0.0578591 0.0513512 0.0446467 0.0379824 0.0315294 0.0254208 0.0197793 0.0147332 0.0104107 0.00691194 0.00427127
 0.00788208 0.0127955 0.0192468 0.027183 0.036364 0.0462259 0.0558313 0.0640721 0.0700473 0.0733327 0.0739768 0.0723171 0.0688058 0.0639147 0.0580874 0.0517053 0.0450731 0.0384249 0.0319428 0.0257779 0.0200704 0.0149599 0.01058 0.00703209 0.00435127
 0.00836922 0.0134737 0.0200564 0.0279959 0.037017 0.0465766 0.0558051 0.0636778 0.0693607 0.0724668 0.0730537 0.0714485 0.0680799 0.0633882 0.0577827 0.0516123 0.045155 0.0386276 0.0322075 0.0260534 0.0203207 0.0151661 0.010737 0.00714343 0.00442476
 0.00889119 0.0142992 0.0212481 0.0295757 0.0389379 0.0486931 0.0578625 0.0653505 0.0703451 0.0725895 0.0723321 0.0700697 0.0663192 0.0615196 0.0560192 0.0500866 0.0439256 0.037697 0.0315415 0.0255998 0.0200245 0.0149799 0.0106243 0.0070785 0.00438973
 0.00877205 0.0142003 0.021274 0.0298812 0.0396853 0.0499825 0.0596672 0.0674912 0.0725191 0.0744431 0.0735521 0.0704659 0.0658724 0.060376 0.0544325 0.0483357 0.0422437 0.0362347 0.0303657 0.0247133 0.0193923 0.0145511 0.0103475 0.006909 0.00429203
 0.00855817 0.0138753 0.0208336 0.0293535 0.0391449 0.0495592 0.0595363 0.0678313 0.0734375 0.0759013 0.075339 0.0722467 0.067296 0.0611903 0.0545557 0.0478564 0.0413638 0.0351875 0.0293467 0.0238452 0.0187243 0.0140784 0.0100369 0.00671867 0.00418322
 0.00849358 0.0137432 0.0205864 0.0289349 0.038511 0.0487102 0.0585467 0.0668577 0.0726929 0.0755989 0.0756197 0.0731184 0.0686107 0.062679 0.0559143 0.0488478 0.0418861 0.0352811 0.0291455 0.0235075 0.0183768 0.0137933 0.00983651 0.00659415 0.00411376
 0.00840429 0.013609 0.0204025 0.0286983 0.0382136 0.0483329 0.0580624 0.0662498 0.0719841 0.0748745 0.0750264 0.0728253 0.0687447 0.0632628 0.0568422 0.0499173 0.0428732 0.0360211 0.0295789 0.0236732 0.0183682 0.0137071 0.00974037 0.00652016 0.00406791
 0.00836778 0.013552 0.0203216 0.0285926 0.0380847 0.0481849 0.0578983 0.0660671 0.0717714 0.0746157 0.0747173 0.0724956 0.0684678 0.0631371 0.0569466 0.0502642 0.0433918 0.0365844 0.0300603 0.0239971 0.0185268 0.0137427 0.0097112 0.00647296 0.00402783
 0.00839522 0.013581 0.0203365 0.02857 0.0380006 0.0480255 0.0576688 0.0657918 0.0714845 0.0743476 0.0744845 0.0723009 0.0683118 0.0630333 0.0569267 0.0503652 0.0436296 0.0369325 0.0304529 0.0243559 0.0187957 0.0139054 0.00978612 0.00649363 0.00402443
 0.00830132 0.0134527 0.0201876 0.0284254 0.0378861 0.0479523 0.0576253 0.0657476 0.071408 0.0742246 0.0743256 0.0721345 0.0681691 0.0629375 0.0568926 0.0504043 0.0437508 0.0371348 0.0307157 0.0246391 0.019053 0.014103 0.00991365 0.00656178 0.00405351
 0.00816508 0.0132443 0.0198996 0.0280637 0.0374727 0.0475259 0.057238 0.065454 0.0712468 0.0742019 0.0744132 0.0722854 0.0683406 0.0631073 0.05706 0.0505813 0.0439514 0.0373673 0.0309769 0.0249127 0.0193126 0.0143223 0.0100767 0.00666752 0.00411302
 0.00818633 0.013265 0.0199056 0.0280339 0.0373856 0.04737 0.0570208 0.065204 0.0710064 0.0740143 0.0743072 0.072266 0.0683897 0.0631937 0.0571548 0.0506697 0.0440356 0.0374588 0.0310865 0.0250419 0.0194518 0.014455 0.0101871 0.00674735 0.00416291
 0.008211 0.0132996 0.0199465 0.0280722 0.0374066 0.0473551 0.0569503 0.0650644 0.0707981 0.0737582 0.0740431 0.072042 0.0682447 0.0631444 0.0571922 0.0507681 0.0441664 0.0376017 0.031232 0.0251866 0.0195919 0.0145833 0.0102951 0.00682895 0.00421758
 0.00820421 0.0132865 0.019923 0.0280329 0.0373461 0.047269 0.0568368 0.064924 0.0706339 0.0735756 0.073853 0.0718623 0.0681006 0.063062 0.0571893 0.0508466 0.0443113 0.0377881 0.0314342 0.0253847 0.0197729 0.0147391 0.0104206 0.00692243 0.00428093
 0.00808477 0.0131094 0.0196884 0.027752 0.0370378 0.0469546 0.0565358 0.0646533 0.0704078 0.0734058 0.0737471 0.0718234 0.0681283 0.0631543 0.0573442 0.0510605 0.0445757 0.0380871 0.0317457 0.0256852 0.0200425 0.0149646 0.0105965 0.00704966 0.0043656
 0.0081087 0.0131393 0.0197171 0.0277686 0.0370317 0.0469217 0.0564818 0.064591 0.0703497 0.0733563 0.0737002 0.0717684 0.0680578 0.0630708 0.0572604 0.0509945 0.0445445 0.0381005 0.0318031 0.0257761 0.0201505 0.0150728 0.0106917 0.00712444 0.00441841
 0.00823114 0.013311 0.0199246 0.0279811 0.0372089 0.0470264 0.0564918 0.0645049 0.0701857 0.0731457 0.0734785 0.071565 0.0678893 0.0629402 0.0571625 0.0509243 0.0445012 0.0380872 0.0318223 0.0258253 0.0202211 0.0151523 0.0107674 0.00718739 0.00446466
 0.00842637 0.0136255 0.0203896 0.0286169 0.0380118 0.0479539 0.0574536 0.065373 0.0708266 0.0734631 0.0734421 0.0712122 0.0673026 0.0622168 0.05639 0.0501689 0.0438074 0.0374824 0.0313215 0.0254336 0.0199342 0.0149571 0.0106451 0.00711736 0.00442834
 0.00861446 0.0139482 0.0209055 0.0293875 0.0390835 0.0493297 0.0590671 0.0670799 0.0724268 0.074744 0.0742284 0.0714056 0.0669008 0.0613074 0.0551223 0.0487136 0.0423206 0.0360838 0.0300892 0.0244087 0.0191283 0.0143597 0.0102298 0.00684826 0.0042669
 0.00820292 0.0133162 0.0200279 0.0282775 0.037803 0.0479968 0.0578544 0.0661907 0.0720419 0.0749584 0.0750094 0.0725994 0.0682829 0.0626524 0.0562621 0.0495662 0.0428852 0.0364135 0.0302577 0.0244838 0.0191591 0.0143751 0.0102425 0.00686141 0.00427935
 0.00794831 0.0128736 0.0193115 0.027198 0.0362984 0.0460781 0.0556451 0.0639322 0.0700493 0.0735418 0.0743939 0.0728685 0.0693624 0.0643343 0.0582642 0.0516061 0.0447445 0.0379692 0.0314772 0.0253956 0.0198189 0.0148407 0.0105624 0.00707319 0.00441246
 0.0080314 0.0129676 0.019374 0.0271554 0.0360549 0.0455365 0.054735 0.0626407 0.0684477 0.0717976 0.0727541 0.0716075 0.0687063 0.0643916 0.0589936 0.0528359 0.0462323 0.0394767 0.0328268 0.0264945 0.020649 0.0154311 0.0109613 0.00732985 0.00456893
 0.00845405 0.0136367 0.0203424 0.0284463 0.0376408 0.0473132 0.0565061 0.0641326 0.0693707 0.0719343 0.0720363 0.0701479 0.0667711 0.0623266 0.0571267 0.051392 0.0452899 0.0389803 0.0326426 0.0264768 0.0206881 0.0154684 0.0109793 0.00733228 0.00456456
 0.00867403 0.0140432 0.0210426 0.0295643 0.0392805 0.0495011 0.0591381 0.0669586 0.0720324 0.0740431 0.0732619 0.0702937 0.065822 0.0604564 0.054658 0.0487114 0.0427492 0.0368177 0.0309549 0.0252435 0.0198245 0.0148773 0.010581 0.00707036 0.00440004
 0.00836828 0.0136318 0.0205861 0.029184 0.0391397 0.0497672 0.0599375 0.0683373 0.0739254 0.0762608 0.0755053 0.0722097 0.0670895 0.0608748 0.0542022 0.0475335 0.0411243 0.0350567 0.0293184 0.0238894 0.0188026 0.0141602 0.0101057 0.00677019 0.00421956
#obs surv len freq
 0.00497202 0.00814466 0.0123894 0.0177197 0.0240087 0.0308894 0.0377341 0.043818 0.0485901 0.0518507 0.0537202 0.0544863 0.0544702 0.0539693 0.0532436 0.0525057 0.0518992 0.0514582 0.0510438 0.0502868 0.0486053 0.0453687 0.0402003 0.033269 0.0253566
 0.00518433 0.00849186 0.012916 0.018469 0.0250153 0.0321668 0.0392613 0.0455331 0.0503974 0.0536365 0.0553697 0.0558937 0.0555437 0.0546335 0.0534408 0.0521993 0.0510793 0.050148 0.0493053 0.0482243 0.0463626 0.043118 0.0381179 0.0315018 0.0239903
 0.00540058 0.00884635 0.0134551 0.0192382 0.026051 0.0334831 0.0408365 0.0473042 0.0522692 0.0554984 0.0571118 0.0574152 0.0567549 0.0554556 0.0538063 0.0520545 0.0503897 0.0489079 0.0475515 0.0460481 0.0439153 0.0405993 0.0357447 0.0294624 0.0224001
 0.00563971 0.00923658 0.0140452 0.0200748 0.02717 0.034896 0.0425162 0.04918 0.0542364 0.0574385 0.058911 0.0589748 0.0579929 0.0563037 0.0542058 0.0519537 0.0497459 0.0476977 0.0457879 0.0438024 0.0413308 0.0378866 0.0331479 0.027203 0.0206223
 0.005895 0.00965471 0.0146801 0.0209784 0.0283817 0.0364265 0.0443313 0.0511955 0.0563309 0.0594777 0.0607707 0.0605529 0.0592117 0.0571057 0.0545472 0.0517974 0.0490586 0.046455 0.0439921 0.0415075 0.0386661 0.0350589 0.030411 0.0247985 0.0187148
 0.00612511 0.0100361 0.0152677 0.0218281 0.0295396 0.0379112 0.0461159 0.0532011 0.0584374 0.0615468 0.0626692 0.0621674 0.0604549 0.0579161 0.0548843 0.0516335 0.0483723 0.0452313 0.0422344 0.0392622 0.0360487 0.0322629 0.027684 0.0223841 0.016786
 0.00637174 0.0104365 0.0158696 0.0226764 0.0306692 0.0393348 0.0478104 0.0551004 0.0604386 0.0635274 0.0645042 0.0637435 0.0616784 0.0587169 0.0552158 0.0514677 0.0476936 0.0440335 0.0405283 0.037095 0.0335277 0.0295679 0.0250476 0.0200402 0.0149048
 0.0066056 0.0108205 0.0164543 0.0235105 0.031789 0.0407485 0.0494826 0.0569494 0.0623504 0.0653793 0.0661858 0.0651643 0.0627673 0.0594185 0.0554879 0.0512805 0.0470282 0.0428836 0.0389064 0.035048 0.0311568 0.0270384 0.0225735 0.0178376 0.013133
 0.00685373 0.0112272 0.0170724 0.0243905 0.0329682 0.0422344 0.0512359 0.0588782 0.0643241 0.0672547 0.0678336 0.0664855 0.0636979 0.059925 0.055558 0.0509125 0.0462244 0.0416494 0.0372596 0.0330349 0.0288712 0.0246311 0.0202378 0.0157678 0.0114718
 0.00706232 0.0115734 0.0176066 0.0251637 0.0340216 0.0435824 0.0528489 0.0606766 0.0661888 0.06905 0.0694299 0.0677754 0.0646041 0.0604032 0.0555936 0.0505125 0.0454074 0.0404394 0.035688 0.0311529 0.0267669 0.0224387 0.0181262 0.0139057 0.0099817
 0.00727295 0.011915 0.0181192 0.0258846 0.0349788 0.0447838 0.0542707 0.0622572 0.0678344 0.0706496 0.0708716 0.0689593 0.0654511 0.0608604 0.0556355 0.0501386 0.0446358 0.0393011 0.0342251 0.0294248 0.0248607 0.0204758 0.0162532 0.0122652 0.00867521
 0.0074365 0.0121883 0.0185437 0.0265026 0.0358231 0.0458631 0.0555555 0.0636774 0.0692924 0.0720416 0.0721052 0.0699611 0.0661661 0.0612492 0.0556738 0.0498175 0.0439626 0.0382986 0.0329325 0.0279009 0.0231894 0.0187675 0.014635 0.0108571 0.00755957
 0.00750953 0.0123066 0.0187224 0.026758 0.036174 0.046329 0.0561524 0.0644104 0.0701478 0.0729822 0.0730717 0.0708801 0.0669617 0.0618536 0.0560334 0.0498952 0.0437386 0.0377717 0.0321228 0.0268534 0.0219766 0.0174874 0.0133992 0.00976973 0.00669246
 0.00760642 0.012456 0.018932 0.0270299 0.0365051 0.0467124 0.0565789 0.0648703 0.0706335 0.0734894 0.0735964 0.0714111 0.0674735 0.062305 0.0563725 0.0500696 0.0437047 0.037503 0.0316156 0.0261315 0.0210936 0.0165236 0.0124495 0.00892374 0.00601295
 0.00769218 0.0125919 0.0191294 0.0272958 0.0368393 0.0471045 0.0570063 0.0653007 0.0710338 0.0738364 0.0738842 0.0716492 0.0676776 0.0624835 0.0565179 0.0501556 0.0436926 0.0373534 0.0313016 0.0256505 0.0204734 0.0158209 0.0117392 0.00828 0.00549009
 0.00774668 0.0126783 0.0192553 0.0274669 0.0370581 0.0473688 0.0573072 0.0656215 0.0713517 0.0741273 0.0741282 0.0718361 0.0678084 0.0625681 0.056567 0.050172 0.0436652 0.0372585 0.0311122 0.0253494 0.0200658 0.0153387 0.0112349 0.00781128 0.00510238
 0.00777539 0.01272 0.019309 0.0275292 0.0371251 0.0474388 0.0573825 0.0657081 0.0714561 0.0742533 0.0742739 0.0719934 0.0679652 0.0627123 0.0566892 0.0502655 0.0437225 0.0372674 0.0310561 0.0252135 0.0198466 0.0150515 0.0109133 0.00749784 0.00483409
 0.00783601 0.0128099 0.019428 0.0276708 0.0372775 0.0475878 0.0575138 0.0658103 0.0715237 0.0742887 0.0742872 0.0719983 0.0679732 0.0627286 0.0567115 0.0502862 0.0437314 0.0372528 0.0310054 0.0251155 0.0196963 0.0148555 0.0106913 0.0072777 0.0046424
 0.00785604 0.0128405 0.0194704 0.027724 0.0373384 0.0476506 0.0575703 0.0658518 0.0715435 0.0742857 0.0742672 0.0719732 0.0679569 0.0627318 0.0567385 0.050333 0.0437871 0.0373022 0.0310324 0.0251065 0.019644 0.0147617 0.0105684 0.00714528 0.00452066
 0.00788523 0.0128835 0.0195267 0.0277903 0.0374093 0.0477199 0.0576323 0.0659014 0.0715762 0.0742978 0.0742576 0.0719442 0.0679156 0.0626883 0.0567035 0.050314 0.043785 0.0373111 0.0310409 0.0251017 0.0196158 0.0147071 0.0104926 0.00706018 0.00443999
 0.00791396 0.0129266 0.0195846 0.0278607 0.0374872 0.0477981 0.0577028 0.065956 0.0716086 0.0743054 0.0742418 0.0719098 0.0678687 0.0626358 0.0566521 0.0502699 0.0437528 0.0372914 0.0310296 0.0250908 0.0195967 0.0146744 0.0104469 0.00700717 0.00438818
 0.00791668 0.012931 0.0195913 0.02787 0.037499 0.0478117 0.0577163 0.0659671 0.0716149 0.0743057 0.0742362 0.0719001 0.0678574 0.0626254 0.0566448 0.0502673 0.0437557 0.0372998 0.0310415 0.0251021 0.0196021 0.0146696 0.0104307 0.0069827 0.0043608
 0.00790114 0.012903 0.0195443 0.0277972 0.0373957 0.0476794 0.0575651 0.0658151 0.0714838 0.0742139 0.0741943 0.0719091 0.0679108 0.0627126 0.0567537 0.0503868 0.0438767 0.0374152 0.0311461 0.0251914 0.0196724 0.0147188 0.0104593 0.00699393 0.00436039
 0.00790405 0.0129026 0.019534 0.0277675 0.0373362 0.0475824 0.0574298 0.0656496 0.0713047 0.0740434 0.0740562 0.0718226 0.0678868 0.0627508 0.0568442 0.0505137 0.0440229 0.0375651 0.0312875 0.0253157 0.0197741 0.0147953 0.0105111 0.00702454 0.00437517
 0.00790241 0.0128982 0.0195242 0.027748 0.0373014 0.0475263 0.0573474 0.0655384 0.0711677 0.07389 0.0739025 0.0716892 0.0677941 0.0627136 0.056868 0.0505935 0.0441449 0.0377114 0.0314397 0.0254585 0.0198967 0.014892 0.0105808 0.00706979 0.00440125
 0.0078853 0.0128702 0.0194818 0.0276878 0.0372212 0.0474262 0.0572305 0.065411 0.0710377 0.0737656 0.0737908 0.0715978 0.0677311 0.0626881 0.0568874 0.0506609 0.0442564 0.0378558 0.031601 0.0256191 0.0200418 0.0150115 0.0106706 0.00713121 0.00443916
 0.00785935 0.0128274 0.0194164 0.0275944 0.0370967 0.0472715 0.0570529 0.0652243 0.0708596 0.0736132 0.0736772 0.0715297 0.06771 0.062712 0.0569532 0.0507651 0.0443945 0.0380204 0.0317808 0.0258 0.0202091 0.0151535 0.0107807 0.00720906 0.00448907
 0.00781395 0.0127556 0.0193121 0.0274536 0.0369183 0.047059 0.056816 0.0649794 0.0706277 0.0734166 0.0735348 0.071454 0.0677054 0.062775 0.0570745 0.0509322 0.0445943 0.03824 0.0320076 0.0260207 0.0204106 0.0153248 0.0109153 0.00730588 0.00455251
 0.00781565 0.0127488 0.0192844 0.0273881 0.0367986 0.0468766 0.0565765 0.0647034 0.0703456 0.0731597 0.0733291 0.071317 0.0676456 0.0627932 0.0571648 0.0510829 0.04479 0.0384641 0.032243 0.0262515 0.0206224 0.0155063 0.0110593 0.00741103 0.00462256
 0.00779147 0.0127124 0.0192345 0.027324 0.0367179 0.0467739 0.0564436 0.0645331 0.0701381 0.0729276 0.0730975 0.0711175 0.0675071 0.0627343 0.0571906 0.0511868 0.0449571 0.0386748 0.0324764 0.0264872 0.0208426 0.015697 0.0112122 0.00752371 0.00469844
 0.00774775 0.012642 0.0191303 0.0271807 0.0365347 0.0465566 0.0562061 0.0642952 0.0699194 0.0727423 0.0729518 0.0710138 0.0674492 0.0627294 0.0572467 0.0513077 0.0451383 0.0389032 0.0327325 0.0267491 0.0210894 0.0159121 0.0113852 0.00765162 0.00478492
 0.0093308 0.0148556 0.0217969 0.0299132 0.038849 0.0480517 0.0567062 0.063877 0.0688285 0.0712698 0.0713428 0.0694324 0.0659866 0.0614278 0.0561223 0.0503645 0.0443743 0.0383103 0.0322958 0.0264467 0.0208949 0.0157976 0.011325 0.00762464 0.00477558
 0.0093174 0.0151273 0.0227227 0.0319502 0.0423425 0.0529659 0.062454 0.0694157 0.0730308 0.0733687 0.0711859 0.0674218 0.0628026 0.0577381 0.0524163 0.0469284 0.0413427 0.0357299 0.0301688 0.024752 0.0195964 0.0148472 0.0106657 0.00719466 0.00451424
 0.00897828 0.0145937 0.0219745 0.0310373 0.0414387 0.0524045 0.0626879 0.0708556 0.0757983 0.077114 0.075131 0.0706566 0.0646649 0.0580433 0.0514253 0.0451328 0.0392329 0.0336623 0.0283437 0.0232512 0.0184304 0.0139891 0.0100694 0.00680598 0.00427843
 0.00878658 0.0142754 0.0214839 0.030331 0.040493 0.0512466 0.0614366 0.0697483 0.0751721 0.0773128 0.076351 0.0728013 0.0673131 0.0605855 0.0533103 0.0460774 0.0392778 0.0330721 0.0274448 0.02231 0.0176065 0.0133473 0.00961286 0.00650658 0.00409722
 0.00874859 0.0142001 0.0213445 0.0300922 0.040116 0.0507012 0.060716 0.0688864 0.0742597 0.0765066 0.0758616 0.0728409 0.0680034 0.0618685 0.0549261 0.0476484 0.0404629 0.0336979 0.0275406 0.0220423 0.017176 0.0129109 0.00925623 0.00625448 0.00393858
 0.00869775 0.0141239 0.0212409 0.0299605 0.0399532 0.050497 0.0604517 0.0685399 0.0738178 0.0759836 0.0753153 0.0723784 0.0677649 0.0619806 0.0554381 0.0484859 0.0414364 0.0345762 0.028148 0.0223213 0.0171828 0.0127595 0.0090567 0.00607758 0.00381198
 0.00869392 0.01411 0.0212063 0.0298917 0.0398383 0.0503322 0.060244 0.0683041 0.0735681 0.0757251 0.0750464 0.0721049 0.0675166 0.0618191 0.0554405 0.0487063 0.0418663 0.0351311 0.0286975 0.0227466 0.0174257 0.0128336 0.00902091 0.00599749 0.00373337
 0.00866342 0.0140673 0.0211541 0.0298354 0.0397824 0.050276 0.0601799 0.0682205 0.0734554 0.075582 0.0748804 0.0719283 0.0673444 0.061671 0.0553464 0.0487036 0.0419846 0.0353699 0.0290145 0.0230703 0.0176867 0.0129947 0.00908603 0.00599778 0.00370503
 0.00868386 0.0140923 0.021177 0.029846 0.0397709 0.0502381 0.0601203 0.0681499 0.0733845 0.0755142 0.0748107 0.0718481 0.067249 0.061565 0.0552447 0.0486298 0.0419647 0.0354223 0.0291378 0.0232391 0.0178601 0.0131346 0.00917301 0.00603488 0.00370919
 0.00868475 0.0140979 0.0211923 0.0298767 0.03982 0.0503018 0.0601857 0.0681991 0.073401 0.0754911 0.0747523 0.0717652 0.0671527 0.0614627 0.0551424 0.0485363 0.0418935 0.0353884 0.0291508 0.023296 0.0179438 0.0132209 0.00924139 0.00607644 0.00372678
 0.00864114 0.0140336 0.0211084 0.0297793 0.0397197 0.0502119 0.0601196 0.0681664 0.0734046 0.0755246 0.0748021 0.0718159 0.067193 0.0614881 0.0551543 0.04854 0.0418967 0.0354 0.029179 0.0233443 0.0180082 0.0132905 0.00930326 0.00612182 0.00375382
 0.00862859 0.0140104 0.0210686 0.0297167 0.0396305 0.0500986 0.0599935 0.0680467 0.0733131 0.0754778 0.0748055 0.0718625 0.0672667 0.0615705 0.0552307 0.0486026 0.0419453 0.0354397 0.0292171 0.0233866 0.0180565 0.0133415 0.00935082 0.0061599 0.0037797
 0.00862906 0.0140084 0.0210604 0.0296965 0.0395918 0.0500359 0.0599049 0.0679359 0.0731907 0.0753604 0.0747122 0.0718097 0.0672624 0.0616114 0.055304 0.0486916 0.042035 0.0355214 0.0292883 0.0234492 0.0181131 0.0133927 0.00939521 0.00619521 0.00380471
 0.00863305 0.0140161 0.021074 0.0297181 0.0396217 0.0500709 0.0599371 0.0679541 0.0731834 0.0753215 0.0746442 0.071724 0.067176 0.0615416 0.0552622 0.0486801 0.0420485 0.0355503 0.0293237 0.0234853 0.0181473 0.0134241 0.00942291 0.00621799 0.00382167
 0.00862037 0.0139965 0.0210463 0.0296826 0.0395804 0.0500276 0.0598973 0.0679234 0.0731652 0.0753147 0.0746432 0.071722 0.0671691 0.061531 0.0552542 0.0486825 0.0420661 0.0355829 0.0293668 0.0235323 0.0181926 0.0134641 0.00945579 0.00624322 0.00383956
 0.00862037 0.0139965 0.0210463 0.0296826 0.0395804 0.0500276 0.0598973 0.0679234 0.0731652 0.0753147 0.0746432 0.071722 0.0671691 0.061531 0.0552542 0.0486825 0.0420661 0.0355829 0.0293668 0.0235323 0.0181926 0.0134641 0.00945579 0.00624322 0.00383956
 0.00882995 0.0143275 0.0215249 0.0303218 0.0403728 0.0509359 0.0608481 0.0688126 0.0738793 0.0757607 0.0747721 0.0715359 0.0667126 0.0608756 0.0544817 0.0478719 0.0412837 0.0348769 0.0287652 0.0230458 0.0178184 0.0131909 0.00926745 0.00612158 0.0037666
 0.00894817 0.014537 0.0218709 0.030854 0.0411296 0.0519214 0.0620119 0.0700465 0.0750376 0.0766953 0.0753663 0.071726 0.066494 0.0602976 0.0536327 0.0468596 0.0402159 0.0338457 0.0278385 0.0222641 0.0171973 0.0127261 0.00894074 0.00590703 0.00363583
 0.00851825 0.0138656 0.0209169 0.0296109 0.0396425 0.050303 0.0604484 0.0687738 0.0742808 0.0765936 0.0759241 0.0728156 0.0679046 0.0618016 0.0550413 0.0480531 0.0411474 0.0345256 0.0283102 0.022581 0.0174072 0.0128647 0.00903187 0.00596578 0.0036722
 0.00834948 0.0135511 0.0203715 0.0287368 0.0383602 0.0485991 0.0584177 0.0666281 0.0723114 0.0750999 0.0751383 0.0728465 0.0687165 0.0632289 0.0568379 0.0499579 0.0429437 0.0360747 0.0295546 0.0235255 0.018092 0.0133417 0.00935113 0.00616986 0.00379552
 0.00835934 0.0135534 0.020346 0.0286468 0.0381497 0.0481965 0.0577493 0.0656462 0.0710305 0.0736269 0.0736719 0.0716361 0.0679898 0.0631206 0.0573488 0.0509622 0.0442366 0.0374381 0.0308129 0.0245742 0.0188962 0.0139166 0.00973706 0.00641386 0.00394044
 0.0088077 0.014268 0.0213903 0.0300573 0.0399133 0.0502207 0.0598407 0.0675196 0.0723662 0.0741593 0.0732746 0.0703665 0.0660781 0.0609066 0.0551868 0.049128 0.0428696 0.036539 0.0302868 0.0242928 0.0187478 0.0138292 0.00967604 0.00636786 0.00390721
 0.00901636 0.0146513 0.0220468 0.0311007 0.0414387 0.0522531 0.0622872 0.070156 0.0748715 0.0761838 0.0745156 0.0706314 0.0653274 0.059268 0.0529309 0.0466029 0.040413 0.0343998 0.0285873 0.0230387 0.017872 0.0132397 0.00928965 0.0061217 0.00375686
 0.00898477 0.0146158 0.0220266 0.0311347 0.041589 0.0526034 0.0629287 0.0711584 0.0762402 0.0778234 0.0762225 0.0721307 0.066345 0.0596107 0.0525441 0.0455842 0.0389783 0.0328143 0.0270887 0.0217829 0.0169184 0.0125723 0.00885284 0.00585156 0.00359849
#pred catch len freq
 0.00506101 0.00798844 0.0116112 0.015818 0.0205282 0.0256717 0.0311111 0.0366048 0.0418538 0.0465791 0.0505705 0.0537033 0.0559438 0.0573415 0.0580005 0.0580442 0.0575889 0.0567203 0.0554489 0.0536425 0.0509817 0.0470295 0.0414601 0.0343537 0.0263432
 0.00545269 0.00854757 0.0123135 0.0166042 0.021337 0.0264832 0.0319689 0.0375916 0.0430291 0.0479162 0.0519359 0.0548946 0.0567656 0.0576771 0.0578454 0.0574903 0.0567722 0.0557571 0.0543898 0.052468 0.049644 0.0455174 0.0398446 0.03278 0.0249739
 0.00577859 0.00906981 0.0130813 0.0176479 0.0226511 0.0280096 0.0335931 0.0391703 0.0444433 0.049118 0.0529469 0.0557518 0.0574565 0.0581175 0.0579181 0.0571131 0.0559431 0.054548 0.0529022 0.0507873 0.0478285 0.0436239 0.0379624 0.0310367 0.0235008
 0.006057 0.00951162 0.0137287 0.0185396 0.0238222 0.0294857 0.0353722 0.0411968 0.0465912 0.0512007 0.0547614 0.0571399 0.0583438 0.0585049 0.0578359 0.0565795 0.0549604 0.0531295 0.0510977 0.0486857 0.0455448 0.0412896 0.0357219 0.0290369 0.0218624
 0.00644082 0.0101008 0.0145525 0.0196071 0.0251295 0.0310247 0.0371324 0.0431571 0.0487048 0.0533795 0.0568672 0.0589931 0.0597564 0.0593272 0.0579921 0.0560701 0.053836 0.051462 0.0489701 0.0462021 0.0428427 0.0385414 0.0331189 0.0267575 0.0200337
 0.00684429 0.0107249 0.0154329 0.020758 0.0265448 0.032681 0.0389886 0.0451528 0.0507643 0.0554188 0.0587982 0.0607186 0.0611634 0.0602896 0.0583886 0.055813 0.0528938 0.0498653 0.0468036 0.0435953 0.0399663 0.035602 0.0303395 0.0243396 0.0181129
 0.00715382 0.0112139 0.0161433 0.0217213 0.0277798 0.0341885 0.0407422 0.0470925 0.052798 0.0574351 0.0606823 0.0623662 0.0624857 0.0612093 0.0588325 0.0557101 0.0521862 0.0485286 0.0448689 0.0411618 0.0372018 0.0327281 0.0275994 0.0219511 0.0162196
 0.00750108 0.0117518 0.0169048 0.0227235 0.0290271 0.0356756 0.0424506 0.048981 0.0547945 0.0594363 0.0625636 0.0639989 0.0637567 0.0620349 0.059159 0.0555047 0.0514265 0.0472041 0.0429972 0.0388133 0.034518 0.0299177 0.0249058 0.0195978 0.0143554
 0.00782985 0.0122696 0.0176533 0.0237315 0.0303074 0.0372202 0.0442231 0.0509124 0.0567885 0.0613819 0.0643475 0.0655139 0.0649077 0.0627449 0.0593752 0.0551989 0.0505911 0.0458483 0.0411512 0.0365448 0.0319512 0.0272385 0.0223382 0.0173533 0.0125774
 0.00814269 0.0127576 0.0183508 0.0246604 0.0314787 0.0386334 0.0458605 0.0527284 0.0587033 0.0632836 0.0661056 0.0669991 0.0660117 0.0633925 0.059526 0.0548407 0.0497313 0.0445093 0.0393738 0.0343997 0.0295544 0.0247565 0.0199698 0.0152874 0.0109428
 0.00848349 0.0132744 0.0190604 0.0255575 0.032543 0.039841 0.0471888 0.0541523 0.0601864 0.0647712 0.0675221 0.0682522 0.0670029 0.0640326 0.0597485 0.0546093 0.0490393 0.0433752 0.0378392 0.032535 0.0274676 0.0225961 0.0179095 0.0134907 0.00952117
 0.00879835 0.013759 0.0197387 0.0264332 0.0336001 0.0410459 0.048491 0.0554871 0.0614838 0.065968 0.0685695 0.0691139 0.0676468 0.0644224 0.059844 0.0543725 0.0484444 0.0424168 0.0365396 0.0309497 0.0256899 0.0207553 0.0161552 0.0119623 0.00831269
 0.0089668 0.0140363 0.0201626 0.0270407 0.0344199 0.0420853 0.0497231 0.0568445 0.0628666 0.0672634 0.0696749 0.0699551 0.0681852 0.0646515 0.0597752 0.0540201 0.0478173 0.0415209 0.0353891 0.0295814 0.0241741 0.0191958 0.0146751 0.0106765 0.00729847
 0.009127 0.0142808 0.0205027 0.0274815 0.0349661 0.0427477 0.050517 0.0577784 0.0639236 0.0683871 0.0707703 0.0709073 0.0688897 0.0650402 0.0598261 0.0537497 0.0472616 0.04072 0.0343813 0.0284099 0.0228985 0.0178978 0.0134515 0.00961816 0.00646594
 0.00923188 0.0144417 0.020727 0.0277701 0.0353149 0.0431501 0.0509668 0.0582728 0.064464 0.0689769 0.0714049 0.0715613 0.0695095 0.06555 0.0601489 0.0538292 0.0470758 0.0402795 0.0337202 0.0275774 0.0219563 0.0169202 0.0125197 0.0088066 0.00582451
 0.00925125 0.014481 0.0208005 0.0278959 0.0355103 0.0434249 0.0513171 0.0586801 0.0649013 0.0694177 0.0718314 0.0719652 0.0698853 0.0658844 0.0604128 0.0539801 0.04707 0.0400874 0.0333378 0.0270289 0.0212901 0.0162017 0.0118203 0.00819029 0.0053341
 0.00926371 0.0144978 0.0208203 0.0279179 0.035538 0.0434695 0.0513989 0.0588222 0.0651196 0.0697105 0.0721771 0.0723298 0.0702344 0.0661922 0.0606619 0.0541542 0.0471485 0.0400471 0.0331618 0.0267174 0.0208673 0.0157134 0.0113242 0.00774134 0.00497089
 0.00939171 0.0146725 0.0210218 0.028107 0.0356675 0.0435035 0.0513281 0.05867 0.0649345 0.0695513 0.0720951 0.0723542 0.0703656 0.0664044 0.0609133 0.0544 0.0473484 0.0401685 0.0331812 0.0266248 0.0206708 0.0154406 0.0110175 0.00744578 0.0047219
 0.00949277 0.0148269 0.0212342 0.0283711 0.0359632 0.043795 0.0515666 0.0588038 0.0649274 0.0694012 0.071841 0.072065 0.0701148 0.0662443 0.0608611 0.0544384 0.0474375 0.0402609 0.0332354 0.026613 0.0205841 0.0152898 0.0108288 0.00725197 0.00455161
 0.00947522 0.0148071 0.0212207 0.0283779 0.0360065 0.0438869 0.0517084 0.0589805 0.0651073 0.0695425 0.0719054 0.0720342 0.070002 0.0660912 0.0607205 0.0543515 0.0474179 0.0402937 0.033287 0.0266478 0.0205772 0.0152345 0.0107355 0.00714186 0.00444663
 0.00937889 0.0146681 0.0210446 0.0281823 0.035818 0.0437346 0.0516179 0.0589694 0.0651815 0.0696921 0.0721038 0.0722427 0.0701809 0.0662145 0.0607857 0.0543778 0.0474342 0.0403211 0.0333296 0.0266932 0.0206068 0.015235 0.0107057 0.00709141 0.00439016
 0.00923718 0.0144578 0.0207661 0.0278505 0.0354601 0.0433853 0.0513144 0.0587479 0.0650719 0.0697115 0.0722503 0.0724935 0.0704964 0.0665479 0.0610947 0.054636 0.0476351 0.040474 0.0334486 0.0267874 0.0206774 0.0152788 0.0107219 0.00708483 0.00437033
 0.00917267 0.0143471 0.0205893 0.0275875 0.0350972 0.0429257 0.0507868 0.0582074 0.0645895 0.069357 0.0720753 0.0725198 0.0707129 0.0669146 0.061553 0.0551231 0.0480983 0.0408797 0.0337828 0.0270502 0.0208748 0.0154183 0.0108114 0.00713431 0.00439156
 0.00910799 0.0142509 0.0204599 0.0274263 0.0349043 0.0426951 0.0505068 0.0578684 0.0641973 0.0689434 0.0716972 0.0722451 0.0705982 0.0669856 0.0617976 0.0554971 0.0485407 0.0413302 0.0341949 0.0273963 0.0211451 0.0156151 0.0109442 0.00721598 0.00443619
