SBPRF35
10.0548
Curr Bio
516043
B35
770255
F35
0.191086
FOFL
0.123646
OFL
51496.1
Bzero
2.87279e+006
#pred survey bio
 4.06825e+006 3.89512e+006 3.73562e+006 3.50594e+006 3.26959e+006 2.96398e+006 2.68536e+006 2.40832e+006 2.14049e+006 1.90483e+006 1.67899e+006 1.46716e+006 1.30638e+006 1.16879e+006 1.02547e+006 909413 814389 747598 713801 672347 651105 630626 611743 602500 588606 580055 576064 566583 576799 579722 585158 580053 579652 574094 561255 544448 533880 517768 518234 522943 527039 539577 548017 556189 555394 561749 555282 554083 559610 557228 564437 577613 550526 521071 1.80833e+007 1.12113e+007 1.18739e+007 1.30777e+007 1.45814e+007 1.61244e+007 1.75375e+007 1.87403e+007 1.97148e+007 2.04776e+007 2.10608e+007 2.14995e+007 2.18262e+007 2.20681e+007 2.22467e+007 2.23786e+007 2.24762e+007 2.25488e+007 2.2603e+007 2.26437e+007 2.26744e+007 2.26977e+007 2.27155e+007 2.27292e+007 2.27398e+007 2.2748e+007 2.27543e+007 2.27593e+007 2.27631e+007 2.27662e+007 2.27686e+007 2.27704e+007 2.27719e+007 2.27731e+007 2.27741e+007 2.27748e+007 2.27754e+007 2.27759e+007 2.27762e+007 2.27765e+007 2.27768e+007 2.2777e+007 2.27771e+007 2.27772e+007 2.27773e+007 2.27774e+007 2.27775e+007 2.27775e+007 2.27776e+007 2.27776e+007 2.27776e+007 2.27776e+007 2.27776e+007 2.27777e+007 2.27777e+007 2.27777e+007 2.27777e+007 2.27777e+007 2.27777e+007 2.27777e+007 2.27777e+007 2.27777e+007 2.27777e+007 2.27777e+007 2.27777e+007 2.27777e+007 2.27777e+007 2.27777e+007 2.27777e+007 2.27777e+007 2.27777e+007 2.27777e+007 2.27777e+007 2.27777e+007 2.27777e+007 2.27777e+007 2.27777e+007 2.27777e+007 2.27777e+007 2.27777e+007 2.27777e+007 2.27777e+007 2.27777e+007 2.27777e+007 2.27777e+007 2.27777e+007 2.27777e+007 2.27777e+007 2.27777e+007 2.27777e+007 2.27777e+007 2.27777e+007 2.27777e+007 2.27777e+007 2.27777e+007 2.27777e+007 2.27777e+007 2.27777e+007 2.27777e+007 2.27777e+007 0 0 0 0 0 0 0 0 0 0 0 0 0 0 0 0 0 0 0 0 0 0 0 0 0
#obs survey bio
 4.61323e+006 2.86118e+006 3.68299e+006 2.38422e+006 2.80839e+006 2.66095e+006 2.39502e+006 1.62008e+006 1.95016e+006 1.55047e+006 1.51617e+006 1.38205e+006 1.4283e+006 771340 795530 628587 817302 636541 597423 799098 728562 396074 381900 525586 389686 532254 646986 542398 562494 542913 606849 639060 519182 724796 705417 726925 407381 735667 532014 643370 490234 568102 395315 682650 760825 635846 612506 581441 610395 530358 539924 571200 636699 454570
#pred catch bio
 102605 94918.7 169329 191266 275062 273760 295867 309770 299961 305979 303366 264538 248819 256075 232027 211465 183290 151718 154522 133528 130245 126799 117330 120239 114697 109643 111887 93338.3 98396.2 95062.8 102314 96247.3 98078.4 100164 98595.6 90743.5 96709.7 85577.5 84822.6 87230.2 81935.3 87104.3 88077.7 95156.2 88362.7 98769.4 94296.3 89860.5 97739.4 90271 86007.2 119041 118137 94338.5 51496.1 79601.7 83087.1 90353.1 100480 111128 120824 128940 135360 140239 143835 146426 148260 149540 150423 151028 151439 151717 151903 152028 152112 152168 152205 152230 152246 152257 152264 152269 152272 152274 152275 152276 152276 152277 152277 152277 152277 152277 152278 152278 152278 152278 152278 152278 152278 152278 152278 152278 152278 152278 152278 152278 152278 152278 152278 152278 152278 152278 152278 152278 152278 152278 152278 152278 152278 152278 152278 152278 152278 152278 152278 152278 152278 152278 152278 152278 152278 152278 152278 152278 152278 152278 152278 152278 152278 152278 152278 152278 152278 152278 152278 152278 152278 152278 152278 152278 152278 152278 152278 152278 0 0 0 0 0 0 0 0 0 0 0 0 0 0 0 0 0 0 0 0 0 0 0 0 0
#obs catch bio
 0 94507.5 170234 191544 277645 275755 299204 315291 305472 313920 311324 269638 251942 262419 237532 218495 187589 154334 157382 134982 131107 128744 118578 121930 116458 111656 113833 93962.9 99063.8 95540.7 103151 96549.2 98965.6 100634 98862.8 90108 96504 84921.4 84307.3 86558.5 81449.8 86886.6 88189.8 94790 87421.8 97657 93437.4 89232.8 97818.5 90347 85554.8 118584 117468 94183.8
#pred cpue bio
 4.00503e+006 3.83482e+006 3.67744e+006 3.44875e+006 3.21294e+006 2.90854e+006 2.63086e+006 2.35487e+006 2.0883e+006 1.85402e+006 1.63017e+006 1.4208e+006 1.26189e+006 1.12577e+006 984302 870045 777142 712376 679896 640057 619813 600076 581699 572697 559203 550905 547382 538847 549320 552525 558087 553486 553509 548730 537185 521705 511132 494048 493453 497822 501804 513866 521980 530070 529644 536049 529705 528233 533230 530713 537778 550815 524540 495806 1.72215e+007 1.06949e+007 1.12127e+007 1.22495e+007 1.36916e+007 1.52194e+007 1.66294e+007 1.78316e+007 1.8806e+007 1.95688e+007 2.0152e+007 2.05907e+007 2.09174e+007 2.11592e+007 2.13378e+007 2.14697e+007 2.15674e+007 2.164e+007 2.16942e+007 2.17348e+007 2.17656e+007 2.17889e+007 2.18067e+007 2.18204e+007 2.18309e+007 2.18391e+007 2.18455e+007 2.18504e+007 2.18543e+007 2.18573e+007 2.18597e+007 2.18616e+007 2.18631e+007 2.18643e+007 2.18652e+007 2.1866e+007 2.18666e+007 2.1867e+007 2.18674e+007 2.18677e+007 2.18679e+007 2.18681e+007 2.18683e+007 2.18684e+007 2.18685e+007 2.18686e+007 2.18686e+007 2.18687e+007 2.18687e+007 2.18687e+007 2.18688e+007 2.18688e+007 2.18688e+007 2.18688e+007 2.18688e+007 2.18688e+007 2.18688e+007 2.18688e+007 2.18689e+007 2.18689e+007 2.18689e+007 2.18689e+007 2.18689e+007 2.18689e+007 2.18689e+007 2.18689e+007 2.18689e+007 2.18689e+007 2.18689e+007 2.18689e+007 2.18689e+007 2.18689e+007 2.18689e+007 2.18689e+007 2.18689e+007 2.18689e+007 2.18689e+007 2.18689e+007 2.18689e+007 2.18689e+007 2.18689e+007 2.18689e+007 2.18689e+007 2.18689e+007 2.18689e+007 2.18689e+007 2.18689e+007 2.18689e+007 2.18689e+007 2.18689e+007 2.18689e+007 2.18689e+007 2.18689e+007 2.18689e+007 2.18689e+007 2.18689e+007 2.18689e+007 2.18689e+007 2.18689e+007 2.18689e+007 0 0 0 0 0 0 0 0 0 0 0 0 0 0 0 0 0 0 0 0 0 0 0 0 0
#obs cpue bio
 2.32884e+006 3.08738e+006 2.84824e+006 3.74156e+006 2.72802e+006 2.61133e+006 2.10357e+006 1.82166e+006 1.75233e+006 1.18412e+006 1.62637e+006 1.54039e+006 1.48287e+006 787142 920014 528223 813522 673095 730676 550716 663520 471908 911251 487263 582873 357314 480032 681611 612635 538270 458837 588917 378736 580052 484981 756124 584181 506192 485893 543897 468082 430362 507672 764753 636420 646561 448369 450538 326843 499716 773959 714118 525538 403345
#pred surv len freq
 0.00523669 0.00843086 0.0125553 0.017548 0.0232682 0.0294313 0.0355731 0.0411493 0.0457369 0.0491779 0.0515623 0.0531075 0.054044 0.0545583 0.0547739 0.0547527 0.0545072 0.0540099 0.0531733 0.0517948 0.0495164 0.0458893 0.0405923 0.0337148 0.0258956
 0.00549801 0.00875736 0.0128698 0.0177308 0.0232054 0.0290823 0.0350139 0.0405527 0.0452917 0.0489952 0.0516279 0.0533055 0.054231 0.0546394 0.0547435 0.0546854 0.0545113 0.0541655 0.0534841 0.0521784 0.0498409 0.0460385 0.0405215 0.0334657 0.0255641
 0.00572211 0.00912701 0.0134288 0.0185042 0.0241724 0.0301489 0.0360092 0.0412732 0.045588 0.0488492 0.0511625 0.0527118 0.0536638 0.0541558 0.0543172 0.0542714 0.0541002 0.0537909 0.0531859 0.0519585 0.0496501 0.0458047 0.0401988 0.0330641 0.0251414
 0.00597042 0.0095233 0.0140129 0.0193115 0.0252302 0.0314647 0.0375494 0.0429396 0.0472087 0.0502045 0.0520475 0.0530116 0.0533964 0.0534512 0.0533465 0.0531756 0.0529637 0.0526577 0.0520847 0.0509103 0.0486615 0.0448697 0.0393154 0.0322522 0.0244408
 0.00619776 0.00988793 0.0145529 0.0200607 0.0262139 0.032693 0.039008 0.0445821 0.0489529 0.051931 0.0536009 0.0542146 0.0540863 0.0535307 0.0528207 0.0521471 0.0515878 0.0510885 0.0504423 0.0492763 0.0470906 0.0434035 0.0379933 0.0311145 0.0235228
 0.00652713 0.0104076 0.015306 0.0210779 0.02751 0.0342611 0.0408117 0.0465508 0.0509882 0.0539182 0.0554194 0.055739 0.0551862 0.0540804 0.0527252 0.0513755 0.0501938 0.0492007 0.0482302 0.0469127 0.044729 0.0411739 0.0360033 0.0294471 0.022225
 0.00685016 0.0109188 0.0160496 0.0220867 0.0288008 0.0358287 0.0426193 0.048527 0.0530335 0.0559216 0.0572715 0.0573379 0.0564344 0.0548797 0.052979 0.0510034 0.0491581 0.047532 0.0460368 0.044367 0.0420385 0.0385484 0.0336277 0.0274577 0.020692
 0.00716175 0.0114194 0.0167919 0.0231159 0.0301466 0.0374925 0.044561 0.0506599 0.0552359 0.0580592 0.0592192 0.0589907 0.0577079 0.0557038 0.0532887 0.0507366 0.0482636 0.0459924 0.0438968 0.0417513 0.0391478 0.0356299 0.0309279 0.025172 0.0189274
 0.0074668 0.0119081 0.0175146 0.0241162 0.0314554 0.0391178 0.0464745 0.0527893 0.0574693 0.0602613 0.0612511 0.0607267 0.059046 0.0565686 0.0536268 0.050507 0.0474329 0.044542 0.0418456 0.0391854 0.0362375 0.0326179 0.0280841 0.0227293 0.0170259
 0.00768441 0.0122667 0.0180638 0.0249062 0.0325289 0.040496 0.0481419 0.0546869 0.0595011 0.0623103 0.0631947 0.0624476 0.0604384 0.0575432 0.0541138 0.0504552 0.0468066 0.0433228 0.0400454 0.0368702 0.0335496 0.0297769 0.0253518 0.0203469 0.0151507
 0.00791299 0.0126348 0.0186119 0.0256718 0.0335423 0.0417721 0.0496696 0.0564206 0.0613624 0.0641965 0.0649928 0.0640462 0.0617375 0.05846 0.054584 0.0504303 0.0462519 0.0422194 0.0384008 0.0347389 0.0310544 0.027114 0.0227645 0.0180686 0.0133417
 0.00827224 0.0131894 0.0193922 0.026688 0.0347858 0.0432179 0.0512756 0.0581257 0.0630886 0.065858 0.0665047 0.0653305 0.0627263 0.0590962 0.0548217 0.050234 0.045595 0.0410865 0.0367974 0.0327098 0.0287043 0.0246147 0.0203342 0.0159215 0.0116297
 0.00865909 0.0137845 0.0202246 0.0277612 0.0360783 0.0446851 0.0528507 0.0597232 0.0646163 0.0672338 0.0676692 0.0662477 0.0633744 0.0594571 0.0548742 0.0499525 0.0449527 0.0400617 0.0353855 0.0309405 0.0266601 0.0224382 0.0182109 0.0140379 0.0101207
 0.00892946 0.0142286 0.0209 0.0287202 0.0373523 0.0462629 0.0546594 0.0616289 0.0664506 0.0688365 0.0689241 0.0670972 0.0638128 0.059512 0.0545851 0.0493534 0.0440628 0.0388868 0.0339305 0.0292291 0.024756 0.0204547 0.0162995 0.0123528 0.0087744
 0.00921816 0.0146953 0.0215977 0.0296973 0.0386443 0.0478774 0.0565574 0.0637127 0.0685675 0.0708004 0.0705489 0.068233 0.0643746 0.0594908 0.0540371 0.048372 0.0427462 0.0373163 0.0321659 0.0273222 0.0227715 0.0184861 0.0144656 0.0107721 0.00752984
 0.00930245 0.0148565 0.0218856 0.0301747 0.0393743 0.0489027 0.0578791 0.0652806 0.0702854 0.0725406 0.0721678 0.069586 0.0653331 0.0599633 0.0539866 0.0478213 0.0417662 0.036003 0.0306181 0.0256316 0.0210268 0.0167816 0.0129016 0.0094405 0.00649065
 0.00937889 0.0149763 0.0220596 0.0304155 0.0397005 0.0493427 0.0584687 0.066052 0.0712491 0.0736687 0.0733873 0.0707867 0.0663872 0.0607486 0.0544076 0.0478251 0.0413496 0.0352098 0.0295271 0.0243411 0.0196422 0.0154087 0.0116392 0.00836927 0.00565863
 0.00951414 0.0151686 0.0222982 0.0306739 0.0399462 0.0495517 0.0586393 0.0662095 0.0714408 0.0739493 0.0738 0.0713424 0.0670512 0.061441 0.0550195 0.0482451 0.041492 0.0350337 0.0290434 0.0236064 0.0187451 0.0144523 0.0107239 0.0075761 0.00503612
 0.00946285 0.015095 0.0222047 0.0305672 0.0398323 0.0494316 0.0585082 0.0660633 0.0712891 0.073826 0.0737619 0.0714538 0.0673571 0.0619427 0.0556636 0.0489321 0.0421018 0.0354583 0.0292151 0.0235124 0.0184256 0.013985 0.0102012 0.00708171 0.00462752
 0.00956893 0.01525 0.0224059 0.0308009 0.0400786 0.04967 0.0587214 0.066236 0.0714054 0.0738706 0.0737281 0.0713544 0.0672296 0.0618404 0.055634 0.0489919 0.0422245 0.0355818 0.0292663 0.0234374 0.01821 0.013657 0.00981822 0.00670739 0.00431125
 0.0097171 0.0154555 0.0226494 0.0310422 0.0402672 0.0497636 0.0587011 0.0661117 0.0712093 0.0736449 0.0735125 0.0711776 0.0671079 0.0617821 0.0556441 0.0490723 0.042366 0.0357566 0.0294288 0.0235377 0.0182139 0.0135607 0.00964806 0.00650699 0.00412287
 0.00981876 0.0156227 0.0229025 0.0313953 0.0407182 0.0502821 0.0592228 0.0665486 0.0714768 0.0736941 0.0733481 0.070852 0.066697 0.0613591 0.0552636 0.048766 0.0421454 0.0356147 0.0293429 0.0234744 0.0181402 0.0134566 0.0095137 0.0063595 0.00398531
 0.00990799 0.0157603 0.0230963 0.0316492 0.0410334 0.0506571 0.0596498 0.0670057 0.0719219 0.0740659 0.0735797 0.0708939 0.0665377 0.0610315 0.0548327 0.0483057 0.041717 0.0352549 0.0290616 0.0232604 0.0179715 0.0133114 0.00937977 0.00623599 0.0038788
 0.00992945 0.0157926 0.0231402 0.0317044 0.0410992 0.0507348 0.0597433 0.067122 0.0720679 0.0742432 0.0737775 0.0710852 0.0666834 0.0610941 0.0547927 0.0481715 0.041521 0.0350391 0.028861 0.0230932 0.017839 0.013205 0.00928985 0.00615774 0.00381263
 0.00998434 0.0158802 0.0232688 0.0318794 0.041321 0.0509956 0.0600256 0.0674 0.0723139 0.0744356 0.0739063 0.0711501 0.0666877 0.0610383 0.0546735 0.0479875 0.0412802 0.0347625 0.0285779 0.0228318 0.0176173 0.0130286 0.00915524 0.00605785 0.00374067
 0.00978863 0.0156074 0.0229422 0.0315495 0.041052 0.050843 0.0600175 0.0675317 0.0725554 0.0747443 0.0742393 0.0714714 0.0669718 0.0612695 0.0548431 0.0480908 0.0413165 0.0347373 0.0285046 0.0227301 0.0175079 0.0129276 0.00907131 0.00599324 0.00369393
 0.00957814 0.0152764 0.0224677 0.0309249 0.0402971 0.0500135 0.0592089 0.0668652 0.072145 0.074658 0.074476 0.0719678 0.0676308 0.0619921 0.0555494 0.048727 0.0418519 0.0351594 0.0288153 0.0229418 0.01764 0.013002 0.00910782 0.0060074 0.00369641
 0.00964376 0.0153475 0.0225088 0.0308807 0.0401067 0.0496351 0.0586425 0.0661632 0.0714048 0.0739997 0.0740121 0.0717733 0.0677235 0.0623313 0.056054 0.0493031 0.0424178 0.0356589 0.0292193 0.0232436 0.0178484 0.0131346 0.00918491 0.00604775 0.00371489
 0.00958732 0.0152531 0.0223606 0.0306589 0.0397878 0.0491947 0.0580634 0.0654475 0.0705871 0.073155 0.0732502 0.0712169 0.0674742 0.0624379 0.056497 0.0500021 0.0432581 0.0365234 0.0300143 0.0239113 0.0183667 0.0135083 0.00943557 0.00620391 0.00380484
 0.00954646 0.0151951 0.0222883 0.0305784 0.0397038 0.0491042 0.0579506 0.0652848 0.0703434 0.0728091 0.0728068 0.0707172 0.0669946 0.0620729 0.0563299 0.0500756 0.0435591 0.0369891 0.0305563 0.0244438 0.0188273 0.0138665 0.00968865 0.00636714 0.00390107
 0.00939377 0.0149683 0.021987 0.0302177 0.039311 0.0487129 0.0575941 0.0649905 0.0701256 0.0726644 0.0727146 0.0706497 0.0669337 0.0620247 0.0563271 0.0501648 0.0437767 0.0373406 0.031009 0.0249382 0.0192985 0.0142649 0.00999057 0.00657337 0.00402847
 0.00934402 0.0148874 0.0218659 0.0300496 0.0390949 0.0484574 0.0573208 0.0647306 0.0699121 0.0725199 0.0726428 0.0706348 0.0669487 0.0620445 0.0563423 0.0501876 0.0438362 0.0374669 0.0312153 0.0252108 0.0196015 0.0145548 0.010233 0.00675234 0.00414588
 0.00909789 0.0145273 0.021398 0.0295048 0.0385195 0.0478981 0.0568136 0.0643013 0.0695812 0.0723077 0.0725671 0.0707036 0.0671523 0.062354 0.0567174 0.0505896 0.0442405 0.0378658 0.031611 0.0256029 0.0199787 0.014896 0.0105164 0.00696547 0.00428993
 0.00876067 0.0140206 0.0207144 0.0286684 0.0375836 0.0469374 0.0559153 0.0635535 0.0690571 0.072048 0.0725724 0.0709418 0.0675749 0.0629101 0.057359 0.0512727 0.0449259 0.0385233 0.032221 0.0261548 0.0204647 0.0153078 0.0108461 0.00721038 0.00445622
 0.00866039 0.0138366 0.0204005 0.0281736 0.03687 0.0460062 0.0548274 0.062428 0.0680429 0.0712812 0.0721403 0.0708684 0.0678287 0.0634241 0.0580525 0.0520678 0.0457564 0.0393373 0.0329809 0.0268348 0.0210492 0.0157883 0.0112205 0.00748355 0.00464027
 0.00946289 0.014957 0.0217442 0.0295329 0.037977 0.0466213 0.0548166 0.0617929 0.0669031 0.0698314 0.0706034 0.0694518 0.066687 0.0626374 0.057626 0.0519512 0.0458713 0.0396013 0.0333226 0.0271993 0.0213976 0.0160951 0.0114713 0.00767329 0.00477216
 0.0101591 0.0160521 0.0233137 0.0315957 0.0404605 0.0493264 0.0574071 0.0638454 0.0680272 0.0698098 0.0694734 0.0674799 0.0642612 0.0601414 0.0553505 0.0500611 0.044417 0.0385539 0.0326122 0.0267458 0.0211278 0.0159497 0.0114047 0.00765185 0.00477266
 0.0101751 0.0161735 0.0236721 0.0323708 0.0418312 0.0513909 0.0601051 0.0669247 0.0710759 0.0723476 0.071072 0.067879 0.0634403 0.0583173 0.0528976 0.047391 0.0418721 0.0363513 0.0308429 0.0254077 0.0201674 0.0152941 0.0109805 0.00739375 0.00462647
 0.00993944 0.0158138 0.023182 0.0317799 0.0412227 0.0509138 0.0599658 0.0673392 0.0721819 0.0741128 0.0732542 0.0700751 0.0652116 0.0593341 0.0530389 0.0467584 0.0407231 0.0349918 0.029531 0.0243033 0.0193303 0.0147129 0.0106076 0.0071719 0.00450441
 0.00988629 0.0157077 0.0229866 0.031452 0.0407272 0.050249 0.0591892 0.0665808 0.0716311 0.0739737 0.0736757 0.0710783 0.0666495 0.0609166 0.0544251 0.0476779 0.0410648 0.0348186 0.0290228 0.0236683 0.0187323 0.0142405 0.0102814 0.00697129 0.00439338
 0.00995314 0.0158017 0.0230992 0.0315613 0.0407979 0.0502367 0.0590494 0.0662849 0.0711887 0.0734522 0.0732023 0.0708105 0.066717 0.0613571 0.0551501 0.0484951 0.0417532 0.0352185 0.0290907 0.0234717 0.0183969 0.0138876 0.00998882 0.00676644 0.00426871
 0.00986197 0.0156728 0.0229407 0.0313914 0.0406382 0.0501006 0.058934 0.0661695 0.0710441 0.0732564 0.0729589 0.0705617 0.066542 0.0613479 0.0553693 0.0489354 0.042326 0.0357853 0.0295231 0.0237036 0.0184401 0.0138071 0.00986088 0.00664676 0.00418221
 0.00968172 0.0154121 0.0226087 0.0310191 0.0402714 0.0497873 0.0587121 0.0660586 0.071041 0.0733349 0.0730764 0.0706755 0.0666292 0.0614201 0.0554689 0.0491116 0.0426017 0.0361355 0.0298819 0.0239968 0.0186215 0.0138752 0.00984906 0.00659862 0.0041312
 0.00949344 0.0151213 0.022201 0.0304954 0.039652 0.0491152 0.0580536 0.065496 0.0706533 0.0731734 0.0731473 0.0709398 0.0670201 0.0618685 0.0559261 0.049559 0.0430427 0.0365755 0.0303098 0.0243822 0.0189296 0.014086 0.00996744 0.0066488 0.00414271
 0.00955643 0.0151953 0.02226 0.0304976 0.0395513 0.04888 0.0576831 0.0650259 0.0701486 0.0727113 0.0727982 0.0707499 0.0670017 0.0619998 0.0561631 0.0498535 0.0433578 0.0368902 0.0306122 0.0246601 0.0191664 0.0142666 0.0100866 0.00671406 0.00417035
 0.00961907 0.0152837 0.022367 0.0306041 0.0396273 0.0488876 0.0575838 0.0647918 0.0697752 0.072229 0.0722725 0.0702669 0.0666429 0.0618178 0.0561691 0.0500207 0.0436364 0.037226 0.0309597 0.024986 0.0194483 0.0144908 0.0102481 0.00681777 0.0042286
 0.00980517 0.0155704 0.0227676 0.0311175 0.0402343 0.0495482 0.0582349 0.0653501 0.0701512 0.0723494 0.0721034 0.0698278 0.0660044 0.0610842 0.0554501 0.0494031 0.0431673 0.0369116 0.0307773 0.0248997 0.0194219 0.0144946 0.0102617 0.00682961 0.00423474
 0.00993383 0.0157691 0.0230471 0.0314806 0.0406756 0.0500533 0.0587781 0.065892 0.0706391 0.0727228 0.0723041 0.069813 0.0657607 0.0606366 0.054861 0.0487583 0.0425531 0.0363928 0.0303851 0.0246332 0.0192587 0.0144043 0.010216 0.00680764 0.00422383
 0.0098269 0.0156279 0.022895 0.0313597 0.0406351 0.0501315 0.0589877 0.0662159 0.0710387 0.0731494 0.072707 0.0701435 0.0659753 0.060704 0.0547718 0.0485326 0.0422383 0.0360502 0.0300715 0.0243855 0.0190882 0.0143022 0.010163 0.0067841 0.00421485
 0.00975258 0.0155182 0.0227521 0.0311964 0.0404765 0.0500138 0.0589532 0.0663032 0.0712678 0.0735088 0.073151 0.0706033 0.0663782 0.0609914 0.0549094 0.0485137 0.042083 0.0358006 0.0297812 0.0241058 0.0188555 0.0141318 0.0100522 0.00671948 0.00418075
 0.00965519 0.0153591 0.0225123 0.0308607 0.0400404 0.049493 0.0583917 0.0657732 0.0708566 0.0732957 0.0731838 0.070883 0.0668574 0.0615871 0.0555256 0.0490651 0.0425136 0.0360906 0.0299436 0.0241745 0.0188702 0.0141252 0.0100438 0.00671631 0.00418229
 0.0095702 0.0152197 0.0223 0.0305575 0.0396323 0.0489765 0.0577818 0.0651096 0.0702028 0.0727324 0.0727949 0.0707367 0.0669877 0.0619804 0.056121 0.0497693 0.0432258 0.0367279 0.030457 0.0245516 0.0191267 0.0142902 0.0101467 0.00677987 0.00422127
 0.00969269 0.0154343 0.0226489 0.0310825 0.0403561 0.0498776 0.0587763 0.0660565 0.0709402 0.0731285 0.0727898 0.0703573 0.0663327 0.0611854 0.0553173 0.0490515 0.0426362 0.0362632 0.0300889 0.0242499 0.0188728 0.0140792 0.00998061 0.0066595 0.00414224
 0.00941203 0.0150606 0.0222404 0.0307477 0.040228 0.0500686 0.0593353 0.0669479 0.0720481 0.0742813 0.0737986 0.0710609 0.0666387 0.0610924 0.0549062 0.0484503 0.041975 0.0356393 0.0295534 0.0238151 0.0185303 0.0138153 0.00978368 0.00652018 0.00405077
#obs surv len freq
 nan nan nan nan nan nan nan nan nan nan nan nan nan nan nan nan nan nan nan nan nan nan nan nan nan
 0.00448583 0.00734785 0.0111786 0.0159958 0.0216974 0.0279736 0.034288 0.0400191 0.044698 0.0481607 0.0505172 0.0520115 0.0529023 0.0534133 0.0537265 0.0539806 0.0542586 0.054551 0.0546895 0.0542813 0.0527194 0.0493518 0.043802 0.0362828 0.0276672
 0.00461312 0.0075579 0.0115002 0.0164565 0.0223166 0.0287525 0.0351986 0.0410021 0.0456709 0.0490347 0.0512142 0.0524758 0.0531055 0.0533547 0.0534284 0.0534804 0.0536001 0.0537772 0.0538398 0.053393 0.0518315 0.0485078 0.0430469 0.0356546 0.0271871
 0.00477635 0.00782318 0.0118995 0.01702 0.0230676 0.0296984 0.0363212 0.0422512 0.0469681 0.0502839 0.0523152 0.0533372 0.0536558 0.0535507 0.0532595 0.052967 0.0527866 0.0527228 0.0526107 0.0520593 0.0504684 0.0471952 0.0418641 0.0346671 0.0264309
 0.00497132 0.00814185 0.0123821 0.0177049 0.0239835 0.0308524 0.0376871 0.0437658 0.04854 0.05181 0.053695 0.0544792 0.0544803 0.0539928 0.0532752 0.0525403 0.0519333 0.0514899 0.0510727 0.050313 0.048629 0.0453899 0.0402186 0.0332839 0.0253679
 0.00517035 0.00847093 0.0128877 0.0184338 0.024974 0.0321197 0.039208 0.0454734 0.0503329 0.0535714 0.055311 0.0558495 0.0555211 0.0546357 0.0534667 0.0522442 0.0511367 0.0502117 0.0493706 0.0482881 0.0464229 0.043173 0.0381657 0.031541 0.0240199
 0.00540076 0.00884433 0.0134479 0.0192219 0.0260221 0.0334403 0.0407819 0.0472431 0.0522072 0.0554401 0.0570595 0.0573704 0.0567199 0.0554343 0.053803 0.0520716 0.0504263 0.0489601 0.0476136 0.0461144 0.0439808 0.0406601 0.0357979 0.0295058 0.0224328
 0.00563926 0.00923776 0.0140503 0.0200863 0.0271894 0.0349217 0.0425428 0.0491992 0.0542404 0.057423 0.0588773 0.058928 0.05794 0.0562515 0.0541606 0.0519206 0.0497289 0.0476978 0.0458035 0.0438291 0.0413635 0.0379203 0.0331786 0.0272285 0.0206415
 0.00587606 0.00962463 0.0146365 0.0209201 0.0283098 0.0363456 0.0442492 0.051122 0.0562743 0.0594415 0.060753 0.0605481 0.0592143 0.0571129 0.0545595 0.0518174 0.0490896 0.0464994 0.0440503 0.0415773 0.0387427 0.0351358 0.0304818 0.024858 0.0187603
 0.00613357 0.0100466 0.0152774 0.0218323 0.0295327 0.037889 0.0460775 0.0531496 0.0583793 0.0614904 0.0626218 0.0621332 0.0604342 0.0579061 0.0548815 0.051636 0.0483807 0.0452477 0.0422612 0.0392999 0.0360951 0.0323136 0.0277335 0.0224273 0.0168199
 0.0063831 0.0104553 0.0158983 0.0227167 0.0307205 0.0393932 0.0478673 0.0551443 0.0604588 0.063518 0.064467 0.0636868 0.0616133 0.0586536 0.0551603 0.0514225 0.0476586 0.0440088 0.0405142 0.037092 0.0335351 0.0295832 0.0250672 0.02006 0.0149217
 0.00661409 0.0108371 0.0164845 0.0235608 0.0318653 0.0408529 0.0496107 0.0570892 0.062484 0.065487 0.0662513 0.0651785 0.0627308 0.059341 0.0553842 0.0511659 0.0469152 0.04278 0.0388166 0.0349738 0.0310986 0.0269954 0.0225437 0.0178182 0.0131212
 0.00684473 0.0112124 0.0170503 0.0243604 0.0329319 0.0421975 0.0512079 0.0588709 0.0643468 0.0673096 0.0679128 0.0665734 0.0637757 0.0599779 0.0555792 0.0509039 0.0461943 0.0416089 0.0372182 0.0329991 0.0288445 0.0246139 0.0202288 0.0157647 0.011472
 0.00705646 0.0115623 0.017587 0.0251317 0.0339739 0.0435179 0.0527711 0.0605942 0.066115 0.0689994 0.0694145 0.0678001 0.0646643 0.0604856 0.0556805 0.0505882 0.0454628 0.0404733 0.0357052 0.0311608 0.026772 0.0224446 0.0181341 0.0139147 0.00999029
 0.0072548 0.0118875 0.0180814 0.0258366 0.0349214 0.044718 0.0541973 0.0621782 0.0677538 0.0705747 0.0708125 0.068927 0.0654541 0.0609011 0.0557082 0.0502306 0.044732 0.0393885 0.0342967 0.0294798 0.0249022 0.0205079 0.0162788 0.0122858 0.00869114
 0.00744827 0.0122018 0.0185539 0.0265015 0.0358027 0.0458188 0.055489 0.0635963 0.0692072 0.0719616 0.0720372 0.0699095 0.0661346 0.0612418 0.0556932 0.0498625 0.044027 0.0383725 0.0330055 0.0279653 0.0232417 0.0188078 0.0146653 0.0108794 0.00757553
 0.00751502 0.012319 0.0187469 0.0268002 0.0362368 0.0464086 0.0562361 0.0644793 0.0701834 0.0729742 0.073022 0.0708005 0.0668686 0.0617626 0.0559564 0.0498397 0.0437071 0.0377621 0.0321294 0.0268686 0.021994 0.0175027 0.013411 0.00977806 0.00669814
 0.00759069 0.0124316 0.0188977 0.0269865 0.036456 0.0466645 0.0565417 0.0648529 0.0706405 0.0735169 0.073633 0.0714428 0.0674908 0.062306 0.0563632 0.0500591 0.0437012 0.0375111 0.0316353 0.0261594 0.0211247 0.0165528 0.0124739 0.00894206 0.00602555
 0.00766285 0.0125449 0.0190601 0.0272011 0.0367186 0.0469622 0.056853 0.0651536 0.0709133 0.073761 0.0738644 0.0716842 0.0677556 0.062587 0.0566292 0.0502627 0.0437908 0.0374428 0.0313842 0.025727 0.0205427 0.0158806 0.0117874 0.00831604 0.00551485
 0.0077207 0.0126327 0.0191806 0.027353 0.0368972 0.0471604 0.0570618 0.0653618 0.0711079 0.0739304 0.0740033 0.0717974 0.067857 0.0626924 0.0567459 0.0503802 0.0438793 0.0374615 0.0312944 0.025507 0.020198 0.0154457 0.0113174 0.00787129 0.00514294
 0.0077708 0.0127099 0.0192889 0.0274924 0.0370637 0.0473453 0.0572523 0.0655422 0.0712634 0.074051 0.074086 0.0718461 0.0678806 0.0627027 0.0567542 0.0503923 0.0438903 0.0374531 0.0312396 0.0253804 0.0199891 0.0151666 0.0110013 0.00756106 0.00487642
 0.00782959 0.0127999 0.0194138 0.0276514 0.0372516 0.0475526 0.0574653 0.0657437 0.0714353 0.0741781 0.0741598 0.0718663 0.0678545 0.0626429 0.0566752 0.0503071 0.0438064 0.0373689 0.0311442 0.025258 0.0198276 0.0149661 0.0107775 0.00733999 0.004684
 0.00785551 0.012841 0.0194736 0.0277321 0.0373532 0.0476722 0.057596 0.0658755 0.0715566 0.0742789 0.0742332 0.0719095 0.0678678 0.0626291 0.0566396 0.0502565 0.0437471 0.0373042 0.031072 0.0251719 0.0197203 0.0148359 0.0106315 0.00719327 0.00455368
 0.00787876 0.0128735 0.0195129 0.0277731 0.0373901 0.0477012 0.0576178 0.0658944 0.0715786 0.0743081 0.0742703 0.0719514 0.0679093 0.0626646 0.0566646 0.0502686 0.0437457 0.0372899 0.0310447 0.0251298 0.0196611 0.0147593 0.0105422 0.00710073 0.00446922
 0.00790704 0.0129164 0.0195712 0.0278449 0.0374701 0.0477814 0.0576878 0.0659443 0.0716019 0.074305 0.0742481 0.0719211 0.0678811 0.0626438 0.056651 0.0502584 0.0437342 0.037273 0.0310198 0.0250949 0.0196153 0.0147031 0.0104789 0.00703638 0.0044109
 0.00789441 0.0128973 0.0195453 0.0278128 0.0374335 0.0477427 0.0576498 0.0659098 0.0715733 0.0742843 0.074237 0.0719216 0.0678957 0.0626744 0.0566974 0.0503168 0.0437978 0.0373336 0.0310698 0.0251289 0.0196306 0.0147002 0.0104613 0.00700981 0.00438203
 0.00790838 0.0129108 0.0195488 0.0277927 0.0373765 0.0476424 0.0575125 0.0657538 0.0714237 0.0741642 0.074161 0.0718948 0.0679148 0.0627318 0.0567836 0.0504223 0.0439128 0.0374484 0.0311748 0.0252163 0.0196954 0.014741 0.0104805 0.00701297 0.00437575
 0.00790372 0.0129042 0.0195402 0.0277812 0.0373587 0.0476116 0.0574586 0.0656679 0.0713037 0.07402 0.0740145 0.0717728 0.0678398 0.062715 0.0568233 0.0505072 0.0440272 0.0375761 0.0313013 0.02533 0.0197882 0.014809 0.0105243 0.00703651 0.00438514
 0.00787579 0.0128568 0.0194655 0.0276717 0.0372104 0.0474274 0.0572509 0.0654567 0.0711109 0.0738627 0.0739022 0.0717097 0.0678286 0.0627583 0.0569216 0.0506553 0.044213 0.0377819 0.0315081 0.0255206 0.0199499 0.0149352 0.0106142 0.00709446 0.00441839
 0.00786406 0.0128354 0.0194289 0.0276129 0.0371224 0.0473051 0.0570945 0.0652734 0.0709152 0.0736744 0.0737421 0.0715951 0.06777 0.0627589 0.0569791 0.0507636 0.0443628 0.0379606 0.0316998 0.0257081 0.0201178 0.0150729 0.0107173 0.00716449 0.00446132
 0.00787053 0.0128417 0.0194305 0.0276027 0.0370918 0.0472471 0.0570052 0.0651539 0.0707714 0.0735166 0.0735841 0.0714531 0.0676602 0.0626945 0.0569675 0.0508057 0.0444532 0.0380888 0.0318519 0.0258681 0.02027 0.0152045 0.0108205 0.00723791 0.0045084
 0.00783039 0.0127827 0.0193532 0.027511 0.0369916 0.047143 0.0568993 0.0650462 0.0706619 0.0734077 0.0734818 0.0713659 0.0675979 0.0626662 0.05698 0.050862 0.0445516 0.0382226 0.0320098 0.0260355 0.0204317 0.0153471 0.0109353 0.0073218 0.00456389
 0.00778997 0.0127134 0.0192429 0.0273482 0.03677 0.0468683 0.056593 0.0647435 0.0704015 0.0732193 0.0733784 0.0713441 0.067645 0.0627676 0.0571234 0.0510385 0.0447541 0.0384436 0.0322395 0.0262619 0.0206416 0.0155286 0.0110804 0.0074282 0.00463496
 0.0077807 0.012692 0.0191987 0.0272671 0.036637 0.046673 0.0563357 0.0644385 0.0700774 0.072914 0.0731308 0.0711852 0.0675898 0.0628133 0.0572536 0.0512305 0.0449857 0.038696 0.0324973 0.0265116 0.0208704 0.0157255 0.0112381 0.00754463 0.0047135
 0.00773739 0.0126265 0.019109 0.0271534 0.0365003 0.0465132 0.056151 0.0642276 0.0698435 0.0726685 0.0728954 0.0709885 0.0674613 0.0627744 0.057312 0.051378 0.0452022 0.0389558 0.0327747 0.0267844 0.0211209 0.0159406 0.0114101 0.00767171 0.00479958
 0.00931838 0.014836 0.0217683 0.0298747 0.0388008 0.0479955 0.0566454 0.0638158 0.0687708 0.0712186 0.0713006 0.0694028 0.0659749 0.0614393 0.0561587 0.0504219 0.0444438 0.0383817 0.0323613 0.0265027 0.0209409 0.0158348 0.0113544 0.00764681 0.0047912
 0.00930531 0.0151067 0.0226901 0.0319021 0.0422765 0.0528824 0.0623576 0.0693152 0.0729372 0.0732926 0.0711343 0.0673975 0.0628051 0.0577653 0.0524656 0.0469966 0.041425 0.0358195 0.0302577 0.0248334 0.0196656 0.0149026 0.0107075 0.00722448 0.00453415
 0.00897746 0.0145915 0.0219694 0.0310271 0.0414205 0.0523758 0.0626468 0.070802 0.0757348 0.0770457 0.0750655 0.070602 0.064628 0.058028 0.0514327 0.0451612 0.0392787 0.0337207 0.0284085 0.0233161 0.0184898 0.0140389 0.0101081 0.00683379 0.00429692
 0.00881083 0.0143111 0.0215305 0.0303856 0.04055 0.0512995 0.0614785 0.0697726 0.0751736 0.0772887 0.0763024 0.0727335 0.067235 0.0605077 0.0532425 0.0460266 0.0392473 0.0330613 0.0274505 0.022327 0.0176293 0.0133709 0.00963374 0.00652289 0.00410864
 0.00874413 0.0141981 0.0213509 0.0301151 0.0401625 0.0507733 0.0608074 0.0689829 0.0743432 0.0765616 0.0758793 0.0728202 0.0679503 0.0617932 0.0548406 0.0475646 0.0403903 0.0336426 0.0275043 0.0220233 0.0171702 0.0129135 0.00926265 0.00626153 0.00394446
 0.00870433 0.0141315 0.0212471 0.0299621 0.0399485 0.0504885 0.0604466 0.0685481 0.0738467 0.0760325 0.0753743 0.0724323 0.0677994 0.0619875 0.0554179 0.0484456 0.0413866 0.0345272 0.0281074 0.022293 0.0171668 0.0127533 0.00905676 0.00608055 0.0038155
 0.0087016 0.0141241 0.0212301 0.0299284 0.0398895 0.0503953 0.0603119 0.068367 0.0736171 0.0757565 0.0750624 0.0721096 0.0675124 0.0618044 0.0554117 0.0486617 0.0418084 0.0350667 0.0286348 0.0226928 0.0173847 0.0128059 0.00900439 0.00598895 0.00372965
 0.00870232 0.0141256 0.0212326 0.0299318 0.0398922 0.0503933 0.0602984 0.0683324 0.0735516 0.0756523 0.0749163 0.0719257 0.0673053 0.0616023 0.0552566 0.0486007 0.0418751 0.0352598 0.02891 0.0229776 0.0176107 0.0129374 0.00904646 0.00597288 0.00369076
 0.00869591 0.014117 0.0212231 0.0299238 0.0398882 0.0503953 0.0603061 0.0683426 0.0735581 0.0756466 0.0748888 0.0718686 0.0672159 0.0614866 0.0551317 0.0484941 0.0418181 0.0352752 0.0289991 0.0231157 0.0177572 0.0130545 0.00911525 0.00599662 0.00368601
 0.0086664 0.0140718 0.0211604 0.0298443 0.0397957 0.0502966 0.0602109 0.0682626 0.0735037 0.0756233 0.0748951 0.0718957 0.0672507 0.0615165 0.0551497 0.0485024 0.0418286 0.0353042 0.0290587 0.0232058 0.0178633 0.0131548 0.00919159 0.00604216 0.0037053
 0.00865814 0.0140569 0.0211354 0.0298053 0.0397398 0.0502237 0.0601254 0.0681733 0.0734222 0.0755609 0.0748595 0.0718894 0.06727 0.0615529 0.0551929 0.0485443 0.0418663 0.0353415 0.0291029 0.0232619 0.0179297 0.013223 0.00925057 0.00608438 0.00372967
 0.00864228 0.0140329 0.0211025 0.0297637 0.0396903 0.0501668 0.0600617 0.0681043 0.0733512 0.0754938 0.0748044 0.0718545 0.0672609 0.0615707 0.0552333 0.0485994 0.0419279 0.0354037 0.0291639 0.0233225 0.01799 0.0132805 0.00930074 0.00612291 0.00375507
 0.00864488 0.0140341 0.0210988 0.0297503 0.0396625 0.0501227 0.0600034 0.0680377 0.0732838 0.0754323 0.0747531 0.071816 0.0672376 0.0615648 0.0552463 0.0486303 0.0419729 0.0354575 0.0292212 0.0233795 0.0180442 0.0133298 0.00934285 0.00615574 0.00377787
 0.00863707 0.0140242 0.021089 0.0297436 0.0396614 0.0501267 0.0600084 0.0680367 0.0732703 0.0754039 0.0747126 0.0717701 0.0671942 0.0615305 0.0552254 0.0486249 0.041983 0.0354809 0.0292543 0.023418 0.018084 0.0133674 0.00937547 0.00618163 0.00379639
 0.00862404 0.0140031 0.0210577 0.0297008 0.0396078 0.0500661 0.0599477 0.0679847 0.0732344 0.0753865 0.0747109 0.0717781 0.0672066 0.0615448 0.0552424 0.0486468 0.0420117 0.0355169 0.0292962 0.0234629 0.0181284 0.0134081 0.0094099 0.00620833 0.00381526
 0.00862404 0.0140031 0.0210577 0.0297008 0.0396078 0.0500661 0.0599477 0.0679847 0.0732344 0.0753865 0.0747109 0.0717781 0.0672066 0.0615448 0.0552424 0.0486468 0.0420117 0.0355169 0.0292962 0.0234629 0.0181284 0.0134081 0.0094099 0.00620833 0.00381526
 0.00854845 0.0138841 0.0208864 0.0294727 0.0393252 0.049741 0.0596041 0.0676576 0.0729636 0.0752069 0.0746434 0.0718249 0.0673527 0.0617638 0.055504 0.0489239 0.0422835 0.0357698 0.0295222 0.0236575 0.0182896 0.0135355 0.0095052 0.00627516 0.00385874
 0.00882536 0.0143105 0.0214819 0.030235 0.0402254 0.0507206 0.0605741 0.0685065 0.0735802 0.0755097 0.0746033 0.07147 0.0667536 0.0610115 0.0546878 0.0481169 0.0415374 0.0351153 0.0289737 0.0232177 0.017953 0.0132909 0.00933752 0.00616755 0.0037946
 0.00891802 0.0144901 0.0218037 0.0307634 0.041012 0.051772 0.0618262 0.0698243 0.0747876 0.0764384 0.0751344 0.0715544 0.0664122 0.0603203 0.0537562 0.0470637 0.0404701 0.034117 0.0280983 0.0224924 0.0173837 0.0128682 0.00904193 0.00597421 0.00367716
#pred catch len freq
 0.00416247 0.00660742 0.00968073 0.0133271 0.0175178 0.022227 0.0273627 0.032733 0.0380801 0.0431418 0.0476938 0.0515736 0.0546955 0.0570507 0.0586841 0.0596644 0.0600614 0.0599239 0.0592322 0.0578235 0.055343 0.0513179 0.0454064 0.0377178 0.0289718
 0.00437594 0.00687982 0.00995649 0.0135182 0.0175403 0.0220512 0.0270449 0.032399 0.0378634 0.0431124 0.0478227 0.0517549 0.0548083 0.0570242 0.058533 0.05948 0.0599647 0.0600018 0.0594869 0.0581625 0.0556199 0.0514051 0.0452569 0.0373811 0.0285566
 0.00459973 0.00723672 0.010475 0.014205 0.0183621 0.0229193 0.0278177 0.032921 0.0380328 0.0429379 0.0474228 0.0512902 0.0543937 0.056683 0.0582208 0.0591494 0.0596157 0.0596816 0.0592457 0.0580045 0.0554895 0.05122 0.0449629 0.0369871 0.0281259
 0.0048392 0.00761267 0.0110179 0.0149394 0.0193067 0.0240816 0.0291766 0.0344013 0.0394895 0.0441725 0.0482409 0.051577 0.0541607 0.0560505 0.0573482 0.0581658 0.0585959 0.0586646 0.0582594 0.0570696 0.0546094 0.0503815 0.0441563 0.0362277 0.0274549
 0.00510297 0.00802521 0.0116097 0.0157312 0.0203114 0.0253044 0.0306114 0.0360214 0.0412353 0.045939 0.0498714 0.0528774 0.0549435 0.0561961 0.0568499 0.0571268 0.0571802 0.0570374 0.0565501 0.0553663 0.0529704 0.0488497 0.0427715 0.0350317 0.0264857
 0.00542271 0.00852243 0.0123172 0.0166682 0.0214852 0.0267129 0.0322394 0.0378343 0.0431738 0.0479172 0.0517765 0.054569 0.0562588 0.0569697 0.0569503 0.0564988 0.0558693 0.0551785 0.0543274 0.0529686 0.0505637 0.0465716 0.0407341 0.0333205 0.0251498
 0.0057631 0.00905163 0.0130698 0.0176636 0.0227297 0.0282009 0.0339509 0.0397284 0.0451861 0.0499617 0.0537509 0.0563584 0.0577379 0.0580054 0.057411 0.0562752 0.0549059 0.0535017 0.0520551 0.0502921 0.0477133 0.0437789 0.0382014 0.0311962 0.0235107
 0.00610425 0.00958723 0.0138415 0.0187005 0.0240472 0.0297987 0.0358056 0.0417866 0.0473637 0.052152 0.0558354 0.0582182 0.05926 0.0590848 0.0579489 0.0561803 0.0541057 0.0519679 0.0498336 0.0475216 0.0446184 0.0406355 0.0352837 0.0287211 0.0215974
 0.00643071 0.0100996 0.0145801 0.0196948 0.0253167 0.0313514 0.037631 0.0438451 0.0495802 0.0544176 0.0580179 0.0601771 0.0608641 0.0602235 0.0585347 0.0561436 0.0533913 0.050544 0.0477159 0.0448047 0.0414934 0.0373752 0.0321908 0.0260569 0.0195198
 0.00670391 0.0105338 0.015216 0.0205672 0.0264524 0.0327649 0.0393159 0.0457657 0.0516686 0.056577 0.0601302 0.0621122 0.0624913 0.0614237 0.0592096 0.0562182 0.0528129 0.0492837 0.0457831 0.0422726 0.0385235 0.0342172 0.0291427 0.0233932 0.0174203
 0.00699047 0.0109825 0.015861 0.0214327 0.0275545 0.0341115 0.0409014 0.0475617 0.0536174 0.0585914 0.0620995 0.063914 0.0640047 0.0625408 0.0598412 0.0562949 0.0522844 0.0481214 0.0439919 0.0399136 0.0357367 0.0312273 0.0262281 0.0208214 0.0153756
 0.00734645 0.0115268 0.0166173 0.022404 0.0287287 0.0354699 0.0424211 0.0492112 0.0553497 0.0603408 0.0637833 0.0654381 0.0652718 0.0634598 0.0603342 0.0563001 0.051756 0.0470321 0.0423431 0.0377544 0.0331866 0.028483 0.0235396 0.0184351 0.0134669
 0.00776109 0.0121577 0.0174868 0.0235055 0.030032 0.0369303 0.0439843 0.050815 0.0569263 0.0618235 0.0651121 0.0665613 0.0661429 0.0640338 0.060566 0.0561456 0.0511748 0.0459944 0.0408413 0.0358227 0.0309205 0.0260476 0.0211499 0.0163069 0.0117578
 0.008135 0.0127472 0.018339 0.0246505 0.0314759 0.0386457 0.0459 0.0528142 0.0588629 0.0635504 0.0665109 0.0675585 0.0667116 0.064183 0.060323 0.0555379 0.0502192 0.0446964 0.0392072 0.0338813 0.0287469 0.0237745 0.0189539 0.0143679 0.0102068
 0.00846942 0.0132745 0.0191036 0.0256863 0.032805 0.0402727 0.0477994 0.0549147 0.0610394 0.0656322 0.068307 0.0688961 0.0674741 0.0643315 0.059893 0.0546127 0.0488953 0.0430581 0.0373197 0.0318038 0.0265556 0.0215795 0.0168947 0.0125842 0.00879755
 0.00859918 0.0134977 0.0194634 0.0262336 0.0335913 0.0413368 0.0491517 0.0565257 0.0628358 0.0675005 0.0701011 0.0704519 0.0686327 0.0649697 0.059949 0.0540964 0.0478767 0.0416408 0.0356147 0.0299167 0.0245899 0.019646 0.0151119 0.0110609 0.00760573
 0.0086632 0.0135986 0.0196115 0.0264425 0.0338832 0.041747 0.0497263 0.0573097 0.0638525 0.0687306 0.071472 0.0718433 0.0698968 0.0659577 0.060538 0.0542109 0.0475012 0.0408177 0.0344312 0.0284854 0.023034 0.0180898 0.0136725 0.0098343 0.00665015
 0.00872369 0.0136802 0.0197041 0.026528 0.0339436 0.0417767 0.0497434 0.0573592 0.0639993 0.0690424 0.0719966 0.0725852 0.0708035 0.0669223 0.0614197 0.0548681 0.047824 0.0407519 0.0339856 0.0277252 0.0220631 0.0170309 0.0126454 0.0089365 0.00594142
 0.00871708 0.0136728 0.0196981 0.0265252 0.0339416 0.0417662 0.0497089 0.0572876 0.0638944 0.0689372 0.0719533 0.0726787 0.0710911 0.0674145 0.0620653 0.0555613 0.0484325 0.0411543 0.0341047 0.0275462 0.0216326 0.0164389 0.0119991 0.00833264 0.00544589
 0.0087628 0.0137377 0.0197787 0.0266134 0.0340279 0.0418438 0.0497759 0.0573436 0.0639356 0.068955 0.0719419 0.0726466 0.0710694 0.0674495 0.0621963 0.0557942 0.0487264 0.0414304 0.0342751 0.0275472 0.0214487 0.0161055 0.0115862 0.00791801 0.00509034
 0.0089077 0.0139399 0.0200209 0.0268582 0.0342274 0.0419566 0.0497811 0.0572465 0.063763 0.068745 0.0717319 0.0724662 0.0709378 0.0673794 0.0621983 0.0558747 0.048878 0.0416223 0.0344542 0.0276551 0.0214451 0.0159855 0.0113808 0.00767838 0.00486598
 0.00901614 0.0141132 0.0202746 0.0271996 0.034649 0.0424277 0.0502445 0.0576271 0.0639898 0.0687769 0.0715736 0.0721633 0.0705577 0.0669891 0.0618497 0.0555999 0.0486894 0.0415131 0.0343994 0.0276169 0.0213859 0.0158832 0.0112367 0.00751391 0.00470963
 0.00907916 0.0142108 0.0204133 0.0273846 0.0348858 0.0427222 0.050599 0.0580308 0.064409 0.0691533 0.0718364 0.0722541 0.070455 0.0667183 0.0614718 0.0551885 0.0483069 0.0411966 0.0341581 0.0274375 0.0212434 0.0157538 0.0111081 0.00738765 0.004596
 0.00912873 0.0142849 0.0205129 0.0275068 0.0350255 0.0428753 0.0507645 0.0582112 0.064608 0.0693699 0.0720577 0.0724508 0.0705857 0.066744 0.0613749 0.0549826 0.0480326 0.0409047 0.0338902 0.027215 0.0210674 0.0156135 0.0109915 0.00728825 0.00451344
 0.00917074 0.014352 0.0206116 0.0276417 0.0351982 0.043082 0.0509949 0.058449 0.0648345 0.0695692 0.0722195 0.0725695 0.0706555 0.0667549 0.0613141 0.054842 0.0478178 0.0406384 0.0336065 0.026947 0.0208371 0.0154286 0.010849 0.00718112 0.00443514
 0.00896545 0.0140631 0.02026 0.027276 0.0348819 0.0428727 0.0509266 0.0585261 0.0650364 0.0698611 0.0725614 0.0729235 0.0709903 0.0670471 0.0615466 0.0550026 0.0479002 0.0406453 0.0335516 0.0268529 0.0207283 0.0153244 0.0107604 0.00711179 0.0043842
