SBPRF35
7.78865
Curr Bio
505813
B35
674937
F35
0.212405
FOFL
0.146279
OFL
55445.6
Bzero
2.22533e+006
#pred survey bio
 4.68156e+006 4.44804e+006 4.21008e+006 3.9191e+006 3.58653e+006 3.27895e+006 2.93866e+006 2.61013e+006 2.31746e+006 2.04277e+006 1.80247e+006 1.585e+006 1.4006e+006 1.25749e+006 1.11774e+006 976818 873469 812737 741175 703786 664138 640738 635571 623643 616320 608937 614980 613462 606109 607342 597386 589582 583539 570179 562099 547146 527995 522333 517419 527433 536202 549321 556936 559559 564965 578986 582188 589385 590116 588306 589542 538985 487959 474909 484067 512072 541037 567064 590259 593026 605755 608792 587413 554545 511235 1.68092e+007 1.0103e+007 1.04404e+007 1.12875e+007 1.23899e+007 1.35087e+007 1.45059e+007 1.53268e+007 1.59684e+007 1.64526e+007 1.68097e+007 1.70691e+007 1.7256e+007 1.73902e+007 1.74865e+007 1.75557e+007 1.76058e+007 1.76421e+007 1.76687e+007 1.76882e+007 1.77027e+007 1.77135e+007 1.77216e+007 1.77277e+007 1.77323e+007 1.77358e+007 1.77385e+007 1.77405e+007 1.7742e+007 1.77432e+007 1.77442e+007 1.77449e+007 1.77454e+007 1.77458e+007 1.77461e+007 1.77464e+007 1.77466e+007 1.77467e+007 1.77468e+007 1.77469e+007 1.7747e+007 1.7747e+007 1.77471e+007 1.77471e+007 1.77471e+007 1.77472e+007 1.77472e+007 1.77472e+007 1.77472e+007 1.77472e+007 1.77472e+007 1.77472e+007 1.77472e+007 1.77472e+007 1.77472e+007 1.77472e+007 1.77472e+007 1.77472e+007 1.77472e+007 1.77472e+007 1.77472e+007 1.77472e+007 1.77472e+007 1.77472e+007 1.77472e+007 1.77472e+007 1.77472e+007 1.77472e+007 1.77472e+007 1.77472e+007 1.77472e+007 1.77472e+007 1.77472e+007 1.77472e+007 1.77472e+007 1.77472e+007 1.77472e+007 1.77472e+007 1.77472e+007 1.77472e+007 1.77472e+007 1.77472e+007 1.77472e+007 1.77472e+007 1.77472e+007 1.77472e+007 1.77472e+007 1.77472e+007 1.77472e+007 1.77472e+007 1.77472e+007 1.77472e+007 1.77472e+007 1.77472e+007 1.77472e+007 1.77472e+007 1.77472e+007 1.77472e+007 1.77472e+007 1.77472e+007 0 0 0 0 0 0 0 0 0 0 0 0 0 0 0 0 0 0 0 0 0 0 0 0 0
#obs survey bio
 3.13199e+006 3.13629e+006 3.04369e+006 4.25754e+006 2.03539e+006 3.52014e+006 2.35318e+006 1.75403e+006 2.96142e+006 2.08562e+006 1.23182e+006 1.39941e+006 901321 1.0911e+006 1.1139e+006 804552 747936 848558 644054 737876 483148 392267 639077 614314 337349 495437 564558 653673 961595 582158 520477 654086 515251 898305 470616 424248 535263 516588 569516 442198 303566 426428 486857 475499 464194 600014 544777 624140 863199 498767 665367 575238 466027 409832 479041 507739 397762 651880 520716 671810 619872 693276 807417 553027 499339
#pred catch bio
 94495.3 96740.5 154442 213316 218814 280503 303042 301082 310424 300358 296375 279224 250969 251426 251044 214877 174671 179296 146115 145008 129091 112640 116804 111135 109636 97190.5 102046 104140 94006.4 100777 96190.1 92033.2 94995 86761.2 89340.2 92245.9 84294.1 88333.3 79131.8 82745.7 80928.8 86291.3 90142.4 87061.9 79158.5 87413.3 83326.1 87836.1 88471.3 85106.9 127680 126528 95237.5 78782.7 65253.5 66439.5 70607.8 74625.2 92461.8 83995.7 91425.2 109701 116174 120902 105350 55445.6 77911.9 79141.6 84421 92335.1 100554 107808 113648 118074 121288 123548 125100 126145 126840 127296 127593 127785 127908 127987 128038 128069 128090 128102 128110 128116 128119 128121 128122 128123 128123 128124 128124 128124 128124 128124 128124 128124 128124 128124 128124 128124 128124 128124 128124 128124 128124 128124 128124 128124 128124 128124 128124 128124 128124 128124 128124 128124 128124 128124 128124 128124 128124 128124 128124 128124 128124 128124 128124 128124 128124 128124 128124 128124 128124 128124 128124 128124 128124 128124 128124 128124 128124 128124 128124 128124 128124 128124 128124 128124 128124 128124 128124 128124 128124 128124 128124 128124 128124 128124 128124 0 0 0 0 0 0 0 0 0 0 0 0 0 0 0 0 0 0 0 0 0 0 0 0 0
#obs catch bio
 0 96561.1 155148 215064 220666 285051 309525 309246 319199 308877 305904 289053 260413 260705 261268 221888 179238 183488 149152 148175 132209 115605 119266 113386 112263 98848.6 103979 106127 94714.9 101895 97374 92970.2 96283.7 87328.1 89721.8 93308 84839 89436.8 79426.9 83222 81784.4 87117.2 90848.3 87793.4 79485.6 87513.1 83308.1 88180.3 88151.5 84409.6 127385 126213 95130.6 79121 65352.8 66747.5 71104.1 74866.4 93530.7 84494.8 91723.2 110000 116037 120618 105288
#pred cpue bio
 4.61154e+006 4.38306e+006 4.14875e+006 3.85913e+006 3.52751e+006 3.22061e+006 2.88158e+006 2.55446e+006 2.26334e+006 1.99066e+006 1.75221e+006 1.53651e+006 1.35384e+006 1.21244e+006 1.0751e+006 937214 836393 777517 708166 671949 633432 610589 605769 594560 587678 580698 586905 585920 579405 581197 571877 564637 559220 546800 539650 525410 505891 498679 492875 502496 511009 523772 531392 534172 539704 553754 557153 564250 565241 563782 564970 515194 464543 451117 460012 487655 516165 541525 564013 566657 579236 582611 562065 530102 488175 1.60583e+007 9.65786e+006 9.86828e+006 1.05874e+007 1.1649e+007 1.2759e+007 1.37546e+007 1.45753e+007 1.52168e+007 1.5701e+007 1.60581e+007 1.63175e+007 1.65044e+007 1.66386e+007 1.67349e+007 1.68041e+007 1.68542e+007 1.68905e+007 1.69171e+007 1.69366e+007 1.69511e+007 1.69619e+007 1.697e+007 1.69761e+007 1.69807e+007 1.69842e+007 1.69869e+007 1.69889e+007 1.69905e+007 1.69916e+007 1.69926e+007 1.69933e+007 1.69938e+007 1.69942e+007 1.69945e+007 1.69948e+007 1.6995e+007 1.69951e+007 1.69952e+007 1.69953e+007 1.69954e+007 1.69955e+007 1.69955e+007 1.69955e+007 1.69956e+007 1.69956e+007 1.69956e+007 1.69956e+007 1.69956e+007 1.69956e+007 1.69956e+007 1.69956e+007 1.69956e+007 1.69956e+007 1.69956e+007 1.69956e+007 1.69956e+007 1.69956e+007 1.69956e+007 1.69956e+007 1.69956e+007 1.69956e+007 1.69956e+007 1.69956e+007 1.69956e+007 1.69956e+007 1.69956e+007 1.69956e+007 1.69956e+007 1.69956e+007 1.69956e+007 1.69956e+007 1.69956e+007 1.69956e+007 1.69956e+007 1.69956e+007 1.69956e+007 1.69956e+007 1.69956e+007 1.69956e+007 1.69956e+007 1.69956e+007 1.69956e+007 1.69956e+007 1.69956e+007 1.69956e+007 1.69956e+007 1.69956e+007 1.69956e+007 1.69956e+007 1.69956e+007 1.69956e+007 1.69956e+007 1.69956e+007 1.69956e+007 1.69956e+007 1.69956e+007 1.69956e+007 1.69956e+007 1.69956e+007 0 0 0 0 0 0 0 0 0 0 0 0 0 0 0 0 0 0 0 0 0 0 0 0 0
#obs cpue bio
 3.55954e+006 3.25304e+006 3.77972e+006 2.71046e+006 2.5169e+006 2.28882e+006 1.94794e+006 1.67148e+006 1.76326e+006 1.51438e+006 1.64415e+006 998057 977213 1.18352e+006 693649 929212 652981 859070 465215 524721 459232 433150 756219 413729 633765 622999 500325 454692 559626 489683 454031 471975 477564 432960 770112 379292 533911 339138 615433 533835 466713 707090 655802 517404 688279 861638 563356 401973 754590 766970 473147 478375 406717 351647 454520 372360 524294 564375 420075 492258 727862 611035 507085 633508 429822
#pred surv len freq
 0.00550842 0.00885805 0.0131711 0.0183737 0.0243103 0.0306776 0.0369887 0.0426771 0.0473096 0.050737 0.0530763 0.0545789 0.0555035 0.0560444 0.0563001 0.0562645 0.0558428 0.0548844 0.0532125 0.0506352 0.0469551 0.0420224 0.0358561 0.0287776 0.0214348
 0.00581515 0.00923172 0.0135084 0.0185168 0.0241088 0.0300751 0.0360793 0.0416826 0.0464771 0.0502181 0.0528614 0.0545222 0.055415 0.0557927 0.0558768 0.055789 0.05551 0.0548796 0.0536266 0.0514202 0.0479426 0.0429969 0.0366431 0.0292995 0.0217111
 0.00615857 0.00978005 0.0143061 0.0195751 0.0253767 0.0314137 0.0372633 0.0424578 0.0466644 0.0498056 0.0520132 0.0534853 0.054388 0.0548478 0.0549815 0.0548946 0.0546328 0.0541169 0.0531045 0.0512136 0.0480251 0.0432524 0.0369275 0.0295075 0.021808
 0.00647235 0.0102829 0.0150502 0.0206058 0.0267243 0.0330755 0.0391767 0.0444748 0.0485512 0.0512837 0.0528403 0.0535435 0.053726 0.0536464 0.0534623 0.0532371 0.0529522 0.0524959 0.0516286 0.049969 0.0470639 0.0425653 0.0364528 0.0291688 0.0215502
 0.00682031 0.0108317 0.0158455 0.0216813 0.0280996 0.0347509 0.0411234 0.0466234 0.0507836 0.0534309 0.0546891 0.0548624 0.0543173 0.0534092 0.052431 0.0515675 0.050864 0.0502104 0.0493352 0.0478188 0.0451686 0.0409908 0.0352147 0.0282422 0.0208883
 0.00711471 0.011302 0.0165383 0.0226355 0.0293406 0.0362828 0.0429183 0.0486178 0.0528846 0.055527 0.0566545 0.0565523 0.0555657 0.0540454 0.0523208 0.0506629 0.0492317 0.0480218 0.0468229 0.0452254 0.0427068 0.0388195 0.0334287 0.0268714 0.0199087
 0.00746897 0.0118616 0.0173506 0.0237348 0.0307442 0.0379842 0.044878 0.0507582 0.0550976 0.0576904 0.0586482 0.0582651 0.0568904 0.0548712 0.0525333 0.0501631 0.0479729 0.0460464 0.0442778 0.0423427 0.039758 0.0360614 0.0310574 0.0249961 0.0185472
 0.0077787 0.012362 0.0180977 0.0247786 0.0321191 0.0396944 0.0468825 0.0529663 0.0573812 0.0599092 0.060672 0.0599849 0.0582178 0.0557299 0.0528496 0.0498626 0.0469927 0.0443654 0.0419533 0.0395322 0.0367079 0.0330603 0.0283704 0.0228062 0.0169252
 0.00805816 0.0128069 0.0187507 0.0256758 0.0332869 0.0411432 0.0485964 0.054894 0.0594358 0.0619767 0.0626264 0.0617031 0.0595924 0.0566745 0.053296 0.049753 0.0462764 0.0430105 0.0399752 0.0370269 0.0338672 0.0301498 0.025671 0.0205419 0.015211
 0.00843322 0.0133887 0.0195745 0.0267568 0.0346208 0.0427061 0.0503431 0.0567564 0.0613281 0.0638064 0.064304 0.0631465 0.0607265 0.0574315 0.0536161 0.0495841 0.0455746 0.0417458 0.03815 0.0347042 0.0311947 0.0273557 0.0230215 0.0182714 0.0134592
 0.00881036 0.0139828 0.0204327 0.0279083 0.0360703 0.0444251 0.0522611 0.0587622 0.0632879 0.065593 0.0658198 0.0643309 0.061548 0.0578733 0.0536635 0.049217 0.0447667 0.0404728 0.0364073 0.0325336 0.0287092 0.0247446 0.0205196 0.0160994 0.0117608
 0.00915027 0.0145267 0.0212345 0.0290115 0.0374984 0.046168 0.0542594 0.0609024 0.0654164 0.0675447 0.0674499 0.065537 0.0622782 0.0581214 0.053453 0.0485815 0.0437325 0.0390546 0.0346191 0.030414 0.0263483 0.0222958 0.0181806 0.0140632 0.0101588
 0.00940455 0.0149378 0.0218495 0.0298734 0.0386392 0.0475965 0.055947 0.0627749 0.0673586 0.0694168 0.0691084 0.0668536 0.0631573 0.0585106 0.0533452 0.0480051 0.0427348 0.0376855 0.032927 0.028456 0.024211 0.0201081 0.0161047 0.0122585 0.00873601
 0.00952219 0.0151366 0.0221633 0.0303403 0.0392961 0.0484692 0.0570384 0.0640578 0.0687755 0.070886 0.0705315 0.0681245 0.064172 0.0591806 0.0536094 0.0478375 0.0421439 0.0367069 0.0316152 0.026882 0.0224672 0.0183138 0.0143982 0.0107717 0.00755999
 0.00962659 0.015317 0.0224545 0.030782 0.039924 0.0493026 0.058067 0.0652372 0.0700346 0.0721412 0.0717002 0.0691326 0.064956 0.0596876 0.0537984 0.047682 0.0416364 0.0358624 0.0304725 0.0255049 0.0209443 0.0167557 0.0129267 0.00949733 0.00655643
 0.00986155 0.0156833 0.022977 0.0314742 0.0407876 0.0503254 0.0592191 0.0664663 0.0712673 0.0732921 0.0726852 0.0698821 0.065424 0.0598536 0.0536625 0.0472565 0.0409394 0.0349169 0.0293119 0.0241795 0.0195267 0.0153389 0.0116122 0.00837477 0.00568187
 0.00999815 0.0158999 0.0232927 0.0319031 0.0413366 0.0509908 0.0599827 0.067295 0.0721171 0.0741149 0.0734338 0.0705119 0.0658934 0.0601269 0.0537141 0.0470741 0.0405246 0.0342838 0.0284866 0.0232031 0.0184586 0.0142555 0.0105976 0.00750365 0.00500126
 0.0100536 0.0159732 0.0233731 0.0319727 0.0413796 0.0510055 0.05999 0.0673358 0.0722388 0.0743534 0.0737999 0.0709864 0.0664315 0.0606668 0.0541878 0.0474185 0.040691 0.0342446 0.0282387 0.0227687 0.0178838 0.0136056 0.00994705 0.00692079 0.00453294
 0.0103107 0.0163649 0.0239119 0.0326486 0.0421581 0.0518286 0.0607806 0.0680085 0.0727212 0.074609 0.0738398 0.0708604 0.0662044 0.0603933 0.0538976 0.0471139 0.0403545 0.0338517 0.0277708 0.0222235 0.0172801 0.0129822 0.00935379 0.00640526 0.00412684
 0.0104442 0.0165603 0.0241662 0.0329461 0.0424757 0.0521445 0.0610789 0.0682785 0.0729521 0.0747871 0.0739512 0.0708989 0.0661775 0.0603208 0.0538024 0.0470102 0.0402406 0.033711 0.0275813 0.0219698 0.0169634 0.0126235 0.00898852 0.00607206 0.00385519
 0.0106656 0.0168984 0.0246331 0.0335353 0.043161 0.0528804 0.0618028 0.0689179 0.0734386 0.0750739 0.0740236 0.0707726 0.0658884 0.0599148 0.0533273 0.0465102 0.0397492 0.0332466 0.0271465 0.0215576 0.0165676 0.0122466 0.00864319 0.00577607 0.00362255
 0.0106171 0.0168456 0.0246017 0.0335648 0.0432934 0.0531427 0.0621919 0.0693966 0.0739456 0.075541 0.0743927 0.0710064 0.0659745 0.0598626 0.0531624 0.0462659 0.0394592 0.032939 0.0268397 0.0212608 0.0162844 0.0119806 0.00840189 0.00556968 0.00345973
 0.010512 0.0166699 0.0243308 0.0331799 0.0427942 0.0525627 0.0616065 0.0689119 0.0736663 0.0755313 0.0746525 0.0714755 0.0665587 0.0604659 0.0537101 0.046714 0.0397926 0.0331627 0.0269693 0.0213145 0.0162797 0.011934 0.00833016 0.00548943 0.00338535
 0.0105749 0.0167557 0.0244283 0.0332656 0.0428351 0.0525243 0.0614637 0.0686611 0.073335 0.075179 0.0743577 0.0713095 0.066558 0.0606192 0.0539666 0.0470067 0.0400624 0.0333724 0.0271054 0.0213813 0.0162905 0.0119057 0.00827946 0.00543126 0.00333126
 0.0105567 0.0167339 0.0244091 0.0332577 0.0428447 0.0525482 0.061485 0.0686517 0.073266 0.0750359 0.0741521 0.0710812 0.0663642 0.0605136 0.0539776 0.0471275 0.0402557 0.033588 0.027299 0.0215261 0.016379 0.0119444 0.00828235 0.00541383 0.00330657
 0.0105109 0.0166661 0.0243201 0.0331534 0.0427363 0.0524502 0.0614118 0.0686132 0.0732624 0.0750544 0.0741704 0.0710781 0.0663324 0.0604663 0.0539441 0.0471376 0.0403243 0.0337073 0.0274436 0.0216653 0.0164896 0.0120165 0.00831871 0.00542425 0.00330256
 0.0103212 0.0163756 0.0239172 0.0326417 0.0421356 0.0517973 0.0607606 0.0680309 0.0728184 0.0748037 0.0741376 0.0712514 0.0666695 0.06091 0.0544397 0.0476455 0.0408213 0.0341798 0.0278786 0.0220469 0.0168027 0.0122529 0.00848074 0.00552401 0.00335703
 0.0101031 0.0160523 0.0234887 0.0321281 0.0415713 0.0512206 0.0602073 0.0675337 0.0724096 0.0745154 0.0739987 0.0712805 0.0668674 0.0612566 0.0548969 0.0481658 0.0413595 0.0347 0.0283558 0.0224642 0.0171484 0.0125213 0.00867325 0.00565004 0.00343154
 0.0100903 0.0160091 0.0233834 0.0319211 0.0412288 0.050735 0.0596116 0.0668984 0.0718208 0.0740468 0.0736936 0.0711513 0.0669067 0.0614469 0.0552144 0.0485799 0.0418329 0.0351927 0.0288309 0.0228926 0.0175106 0.0128077 0.00888354 0.00579212 0.00351902
 0.0100612 0.0159558 0.0232912 0.0317696 0.0409935 0.0503923 0.0591476 0.0663202 0.0711659 0.0733844 0.0731128 0.0707377 0.0667175 0.0614976 0.0554818 0.0490152 0.0423769 0.0357863 0.0294209 0.0234358 0.0179767 0.0131801 0.00915984 0.00598131 0.00363776
 0.00999791 0.0158752 0.0232102 0.0317146 0.0409899 0.0504476 0.0592396 0.0663984 0.071168 0.0732617 0.0728521 0.0703702 0.0663111 0.0611353 0.0552351 0.0489245 0.0424449 0.0359849 0.0297045 0.0237545 0.0182867 0.0134499 0.00937252 0.00613364 0.00373679
 0.00990891 0.0157348 0.0230084 0.0314493 0.0406715 0.050104 0.0589156 0.0661455 0.0710246 0.0732333 0.072906 0.070452 0.0663727 0.061159 0.0552391 0.0489496 0.0425315 0.0361533 0.029948 0.0240448 0.0185856 0.0137225 0.00959549 0.00629806 0.00384624
 0.0097045 0.0154323 0.0226084 0.0309712 0.0401479 0.0495711 0.0584081 0.0656978 0.0706735 0.0730158 0.072849 0.0705588 0.0666167 0.0614905 0.0556052 0.0493142 0.0428836 0.0364999 0.0302983 0.0243972 0.0189252 0.0140272 0.00984585 0.00648507 0.00397261
 0.00953826 0.0151774 0.0222543 0.0305208 0.0396188 0.048996 0.0578335 0.0651785 0.0702616 0.0727489 0.0727433 0.0706113 0.0668109 0.0618003 0.0559964 0.0497484 0.0433261 0.0369274 0.0307001 0.0247695 0.0192632 0.014322 0.0100874 0.00666754 0.00409808
 0.00968371 0.0153499 0.0223965 0.0305425 0.0394241 0.0485256 0.0570995 0.064269 0.0693138 0.0719044 0.0721116 0.0702512 0.0667311 0.0619706 0.056363 0.0502472 0.0438941 0.0375104 0.0312574 0.0252749 0.0197017 0.0146858 0.0103734 0.00687785 0.00424076
 0.0105352 0.0165789 0.0239546 0.0322765 0.0411073 0.0499167 0.057998 0.0645517 0.0689524 0.0709722 0.0707709 0.0687162 0.0652137 0.0606329 0.0552943 0.0494685 0.0433784 0.0372065 0.0311089 0.025231 0.0197221 0.0147402 0.0104398 0.00694106 0.00429192
 0.0113943 0.0179116 0.0258338 0.0347079 0.0440069 0.0530899 0.0611316 0.0672458 0.0708093 0.071712 0.0703162 0.0672032 0.0629335 0.0579408 0.0525242 0.0468769 0.0411224 0.0353515 0.0296536 0.0241356 0.0189308 0.0141941 0.0100831 0.00672281 0.00416833
 0.0111775 0.0176979 0.0257681 0.0350084 0.0449052 0.0547338 0.0634973 0.0701089 0.0737884 0.0743625 0.0722362 0.0681224 0.0627681 0.0568003 0.0506679 0.0446345 0.0388097 0.0332103 0.027828 0.0226808 0.0178381 0.0134184 0.00956347 0.00639636 0.00397749
 0.0109414 0.0173332 0.0252635 0.0343883 0.0442509 0.0541997 0.0633037 0.0704895 0.0748952 0.076169 0.0745 0.0704408 0.0647046 0.0580211 0.0510297 0.0441971 0.037784 0.0318723 0.0264365 0.0214235 0.0168157 0.012657 0.00903965 0.00606262 0.0037809
 0.010911 0.0172473 0.0250676 0.0340129 0.0436342 0.0533258 0.0622388 0.0693978 0.0740168 0.0757609 0.0747523 0.0713964 0.0662187 0.0597905 0.0526887 0.04544 0.038456 0.0319909 0.0261462 0.0209183 0.0162681 0.0121796 0.00868078 0.00582323 0.00363728
 0.010802 0.0171006 0.0249005 0.0338523 0.0434994 0.0532056 0.0620838 0.0691387 0.0736105 0.0752385 0.074237 0.0710708 0.0662506 0.0602506 0.0535057 0.0464201 0.0393599 0.0326288 0.0264401 0.0209063 0.01606 0.0118976 0.00841584 0.0056205 0.00350417
 0.0105938 0.0167866 0.024475 0.0333309 0.0429187 0.0526198 0.0615551 0.0687224 0.0733355 0.0750957 0.0741916 0.0710958 0.0663587 0.0604957 0.0539453 0.0470618 0.0401322 0.0333997 0.0270742 0.0213216 0.0162524 0.011923 0.00835223 0.00553282 0.00342946
 0.010511 0.0166505 0.0242682 0.0330379 0.0425321 0.0521479 0.0610294 0.0681974 0.0728774 0.0747635 0.0740178 0.071079 0.0664734 0.0607136 0.0542535 0.0474629 0.0406228 0.0339475 0.0276135 0.021777 0.0165724 0.0120999 0.00841673 0.00553156 0.00340313
 0.0104142 0.0165107 0.0240895 0.0328334 0.042317 0.0519314 0.0608097 0.0679658 0.0726296 0.0745102 0.0737871 0.0709082 0.0663942 0.0607412 0.0543858 0.0476874 0.0409238 0.0343041 0.0279941 0.022139 0.0168727 0.0123119 0.00853922 0.00558473 0.00341515
 0.0102929 0.0163211 0.0238193 0.032479 0.0418873 0.0514506 0.0603185 0.0675149 0.0722666 0.0742647 0.0736654 0.0708999 0.0664843 0.060919 0.0546442 0.0480182 0.0413127 0.0347299 0.0284292 0.0225512 0.0172304 0.0125916 0.00873286 0.00570132 0.00347488
 0.0102336 0.0162084 0.0236204 0.0321554 0.0414064 0.0508044 0.0595385 0.0666757 0.0714703 0.073615 0.0732412 0.0707391 0.0665817 0.0612357 0.0551245 0.0486045 0.0419545 0.0353853 0.0290621 0.0231295 0.0177264 0.0129866 0.00902114 0.00589182 0.00358764
 0.0102895 0.0162932 0.0237349 0.0322914 0.0415431 0.0509053 0.0595546 0.0665567 0.0711854 0.0731726 0.0726963 0.0701797 0.0661016 0.060906 0.0549781 0.0486361 0.0421325 0.0356656 0.0293992 0.0234813 0.0180572 0.0132695 0.00924074 0.00604558 0.00368403
 0.0100644 0.0159767 0.0233499 0.0318901 0.0411917 0.0506587 0.0594355 0.0665485 0.0712409 0.0732329 0.0727118 0.0701283 0.0659968 0.0607922 0.0549119 0.048664 0.0422747 0.0359128 0.0297196 0.0238332 0.0183998 0.0135703 0.00948038 0.00621848 0.00379652
 0.0100284 0.0158994 0.0232014 0.0316377 0.040816 0.0501753 0.058906 0.0660696 0.0709087 0.073101 0.0727694 0.0703114 0.0662232 0.0609991 0.0550767 0.0488021 0.0424207 0.0360969 0.0299527 0.0241036 0.0186808 0.0138317 0.0096987 0.00638244 0.00390714
 0.0102058 0.0161482 0.0235009 0.0319401 0.0410551 0.0502841 0.0588369 0.0658105 0.0704916 0.0725996 0.0722796 0.0699192 0.0659747 0.0608894 0.0550653 0.0488426 0.0424842 0.0361784 0.0300596 0.0242408 0.0188416 0.0139987 0.00985158 0.00650603 0.00399561
 0.0103282 0.0163405 0.0237762 0.0323009 0.0414869 0.0507487 0.0592691 0.0661271 0.070614 0.0724836 0.0719369 0.0694169 0.0654127 0.0603654 0.054645 0.0485479 0.0423025 0.0360828 0.0300266 0.024255 0.0188918 0.0140722 0.00993312 0.00658113 0.0040548
 0.0109545 0.017307 0.0251321 0.0340511 0.0435846 0.0530891 0.0616823 0.0683828 0.0724524 0.0736691 0.0723146 0.0689495 0.0641871 0.0585696 0.0525211 0.0463367 0.0401987 0.0342133 0.0284543 0.022996 0.0179327 0.0133814 0.00946649 0.00628818 0.00388515
 0.0113229 0.0179189 0.0260746 0.0354068 0.0454063 0.0553622 0.0642915 0.0711071 0.0750012 0.0757443 0.0736709 0.0694349 0.0637609 0.0573046 0.0505895 0.0439781 0.0376738 0.0317574 0.0262432 0.021134 0.0164586 0.0122836 0.00870019 0.00578962 0.00358497
 0.011117 0.0176238 0.0257082 0.035022 0.0450908 0.0552297 0.0644643 0.0716863 0.0760276 0.0771626 0.0753194 0.0710741 0.0651337 0.0582019 0.050899 0.0437025 0.0369177 0.0306912 0.0250555 0.0199889 0.015469 0.0115045 0.0081373 0.00541584 0.00335721
 0.0108804 0.017235 0.0251188 0.0341939 0.0440167 0.0539604 0.0631295 0.0704904 0.0752078 0.0769221 0.0757619 0.0721655 0.0667042 0.0599873 0.0526093 0.0450954 0.0378536 0.0311501 0.0251174 0.0197883 0.0151462 0.0111699 0.00785638 0.00521244 0.00322709
 0.0107516 0.0169999 0.0247175 0.0335557 0.0430777 0.0526932 0.0615747 0.0687726 0.0735272 0.0755217 0.0748791 0.0719761 0.0672718 0.0612356 0.0543322 0.047009 0.0396722 0.032658 0.0262102 0.0204722 0.0155036 0.0113117 0.0078829 0.00519351 0.00320033
 0.0107301 0.016955 0.0246293 0.0333935 0.0428005 0.0522531 0.0609277 0.0678953 0.0724385 0.0743014 0.0736726 0.0709749 0.0666695 0.0611714 0.0548427 0.0480085 0.0409733 0.0340287 0.0274426 0.0214357 0.0161617 0.011703 0.00808287 0.005279 0.00322899
 0.0106689 0.0168688 0.0245236 0.0332793 0.0426872 0.0521393 0.0607926 0.0676993 0.0721334 0.0738494 0.0730682 0.070264 0.0659541 0.0605929 0.0545426 0.0480783 0.0414165 0.0347543 0.0282971 0.0222586 0.0168362 0.012181 0.00837713 0.00543609 0.00330118
 0.0105118 0.0166408 0.0242319 0.0329492 0.0423566 0.0518473 0.060569 0.0675565 0.0720619 0.0738172 0.0730273 0.0701667 0.0657765 0.0603549 0.0543111 0.0479483 0.0414724 0.0350307 0.0287603 0.0228195 0.0173882 0.0126407 0.00870691 0.00564151 0.00341268
 0.0103837 0.0164645 0.0240254 0.0327499 0.0422111 0.0517954 0.0606294 0.0677213 0.0723 0.0740814 0.0732628 0.0703193 0.0658039 0.0602392 0.0540711 0.0476412 0.0411814 0.0348374 0.0287136 0.0229173 0.0175837 0.0128673 0.00890822 0.00578836 0.00350292
 0.0101649 0.016124 0.0235438 0.0321251 0.0414655 0.0509826 0.0598359 0.0670562 0.0718672 0.0739466 0.0734309 0.0707349 0.0663719 0.0608546 0.054646 0.0481244 0.0415653 0.0351501 0.0289979 0.0232056 0.0178817 0.013156 0.00915861 0.00597954 0.00363071
 0.0100837 0.0159925 0.0233467 0.0318484 0.0410988 0.0505241 0.0593002 0.06648 0.0713106 0.0734848 0.0731376 0.0706609 0.0665268 0.0612017 0.055114 0.0486314 0.0420445 0.0355664 0.0293482 0.023506 0.0181489 0.0133952 0.00936363 0.00614075 0.00374417
 0.0101896 0.0161611 0.0235921 0.0321771 0.0415037 0.0509769 0.0597471 0.066847 0.0715223 0.0734901 0.0729299 0.070283 0.0660567 0.0607263 0.0547013 0.048314 0.0418207 0.0354149 0.0292469 0.023442 0.0181184 0.0133957 0.00938757 0.00617623 0.00377927
 0.0100893 0.0160508 0.023523 0.0322276 0.041756 0.0514806 0.0604879 0.0677391 0.0724291 0.0742623 0.0734434 0.0704667 0.0659054 0.0602968 0.0540925 0.0476365 0.0411672 0.034844 0.0287826 0.0230854 0.0178596 0.0132207 0.00928048 0.00611901 0.00375406
 0.00980663 0.0156558 0.0230503 0.0317562 0.0413957 0.051344 0.0606607 0.0682562 0.0732595 0.0753045 0.0745395 0.0714374 0.0665977 0.0606247 0.054054 0.047302 0.0406482 0.0342563 0.0282188 0.0226027 0.0174817 0.0129477 0.0090986 0.00600817 0.00369301
#obs surv len freq
 nan nan nan nan nan nan nan nan nan nan nan nan nan nan nan nan nan nan nan nan nan nan nan nan nan
 0.00448026 0.00733962 0.0111678 0.015983 0.0216834 0.0279596 0.0342749 0.0400077 0.0446889 0.0481544 0.0505138 0.0520112 0.0529048 0.0534184 0.0537336 0.0539892 0.0542683 0.0545614 0.0547004 0.0542923 0.0527303 0.0493621 0.0438112 0.0362904 0.027673
 0.00460813 0.00754949 0.011487 0.0164374 0.0222909 0.0287207 0.0351631 0.0409664 0.0456392 0.0490105 0.0511993 0.0524702 0.0531083 0.0533644 0.0534434 0.0534996 0.0536223 0.0538016 0.0538656 0.0534194 0.0518577 0.0485325 0.0430689 0.0356729 0.0272011
 0.00477931 0.00782688 0.0119029 0.0170215 0.023065 0.0296896 0.036305 0.0422277 0.046939 0.0502524 0.0522851 0.0533123 0.0536387 0.0535427 0.0532602 0.0529752 0.0528006 0.0527411 0.0526319 0.0520822 0.0504916 0.0472175 0.0418842 0.0346838 0.0264437
 0.00496759 0.00813772 0.0123794 0.0177061 0.0239909 0.0308665 0.0377057 0.0437839 0.048552 0.0518115 0.0536846 0.054459 0.0544547 0.053967 0.0532535 0.0525254 0.051926 0.0514896 0.0510777 0.0503218 0.04864 0.0454015 0.0402296 0.0332933 0.0253751
 0.00518294 0.00848815 0.0129078 0.0184536 0.0249901 0.0321305 0.039215 0.0454801 0.0503422 0.0535835 0.0553225 0.0558552 0.0555167 0.0546205 0.0534433 0.0522173 0.0511112 0.0501907 0.0493555 0.0482785 0.0464176 0.0431706 0.0381651 0.0315411 0.0240203
 0.00540726 0.00885775 0.013473 0.0192642 0.0260853 0.0335234 0.0408773 0.0473378 0.0522879 0.0554974 0.0570906 0.0573775 0.056707 0.0554045 0.0537586 0.0520153 0.0503622 0.048893 0.0475478 0.0460532 0.0439258 0.0406123 0.0357579 0.029474 0.0224092
 0.00565475 0.00926017 0.0140791 0.0201202 0.0272272 0.0349642 0.0425929 0.0492602 0.0543123 0.0575005 0.05895 0.0589844 0.0579716 0.0562554 0.0541385 0.0518771 0.0496694 0.0476279 0.0457286 0.0437542 0.0412929 0.0378571 0.0331252 0.027186 0.02061
 0.00590391 0.00967072 0.014707 0.0210204 0.0284422 0.0365065 0.0444278 0.0513014 0.0564366 0.059573 0.0608466 0.0606022 0.0592293 0.0570894 0.0544987 0.0517227 0.0489668 0.0463563 0.0438952 0.0414187 0.0385887 0.0349939 0.0303585 0.0247581 0.0186855
 0.00614149 0.0100616 0.0153041 0.0218765 0.0296008 0.0379858 0.0462038 0.0533006 0.058544 0.0616535 0.0627665 0.0622453 0.0605045 0.0579313 0.0548626 0.0515767 0.0482861 0.0451243 0.0421169 0.0391443 0.0359384 0.0321659 0.0276034 0.0223212 0.0167402
 0.00638434 0.010458 0.0159039 0.0227274 0.0307397 0.0394249 0.0479164 0.0552147 0.0605525 0.0636327 0.0645951 0.0638159 0.0617283 0.0587401 0.0552082 0.0514271 0.0476206 0.0439328 0.0404081 0.0369655 0.0333995 0.0294501 0.0249471 0.0199605 0.0148465
 0.006633 0.0108633 0.0165156 0.023592 0.031891 0.0408696 0.0496191 0.0570944 0.0624941 0.0655106 0.066294 0.0652414 0.0628088 0.0594235 0.0554575 0.0512167 0.0469335 0.0427616 0.0387632 0.0348923 0.0309994 0.0268905 0.0224446 0.0177339 0.0130564
 0.00683379 0.0112014 0.0170459 0.0243719 0.0329678 0.0422599 0.0512896 0.0589567 0.0644201 0.0673598 0.0679399 0.0665857 0.0637848 0.0599921 0.0555995 0.0509247 0.0462057 0.041601 0.037185 0.0329406 0.0287662 0.0245257 0.0201418 0.0156884 0.0114122
 0.00706229 0.0115683 0.0175899 0.0251278 0.0339615 0.0435006 0.0527586 0.0605991 0.0661463 0.0690563 0.0694859 0.06787 0.0647203 0.0605237 0.0557038 0.0506018 0.0454691 0.0404703 0.0356883 0.0311267 0.0267212 0.0223825 0.0180689 0.013855 0.00994194
 0.00728917 0.0119422 0.0181612 0.0259439 0.0350542 0.0448683 0.0543507 0.0623164 0.0678608 0.0706423 0.0708417 0.0689245 0.0654265 0.0608523 0.0556408 0.050148 0.0446393 0.0392906 0.0341966 0.0293782 0.0248002 0.0204084 0.0161868 0.0122071 0.00862969
 0.00744091 0.0121967 0.018559 0.0265281 0.0358626 0.0459191 0.0556273 0.0637597 0.0693746 0.07211 0.0721477 0.0699718 0.0661484 0.061214 0.0556338 0.0497815 0.0439322 0.0382701 0.0329 0.0278602 0.02314 0.0187127 0.0145804 0.0108084 0.00752086
 0.00753276 0.0123431 0.0187747 0.0268278 0.0362613 0.0464322 0.0562672 0.0645298 0.0702624 0.0730814 0.0731447 0.0709175 0.0669582 0.0618099 0.0559572 0.0497991 0.0436355 0.0376711 0.0320287 0.0267658 0.0218947 0.0174114 0.0133314 0.0097131 0.00664903
 0.00761429 0.0124691 0.0189522 0.0270591 0.0365448 0.0467633 0.0566398 0.0649385 0.0707051 0.0735597 0.0736606 0.0714637 0.0675088 0.0623173 0.0563589 0.0500307 0.0436457 0.0374318 0.0315402 0.0260576 0.0210246 0.0164611 0.0123952 0.00887907 0.00597891
 0.0076478 0.0125224 0.0190302 0.0271655 0.0366807 0.0469269 0.0568257 0.0651391 0.0709144 0.0737778 0.0738949 0.0717264 0.0678081 0.0626478 0.056694 0.0503237 0.0438384 0.0374695 0.0313874 0.0257093 0.0205105 0.0158416 0.0117482 0.00828173 0.005488
 0.00774526 0.0126683 0.0192264 0.0274052 0.0369507 0.0472101 0.0571042 0.0653952 0.071132 0.0739457 0.0740099 0.0717957 0.0678478 0.0626777 0.0567281 0.050361 0.0438586 0.0374369 0.0312632 0.0254679 0.0201525 0.015398 0.0112725 0.00783321 0.00511389
 0.00778409 0.0127325 0.0193244 0.0275439 0.0371323 0.047428 0.0573407 0.065624 0.071326 0.0740862 0.0740925 0.0718284 0.0678465 0.0626594 0.0567072 0.0503452 0.0438448 0.0374095 0.0311968 0.0253374 0.0199455 0.0151238 0.010962 0.00752788 0.00485105
 0.00779401 0.0127456 0.0193389 0.0275575 0.037144 0.0474407 0.0573619 0.0656629 0.0713889 0.0741717 0.0741911 0.0719267 0.0679334 0.0627304 0.0567643 0.0503928 0.0438849 0.0374372 0.0311998 0.0252995 0.0198546 0.0149802 0.0107816 0.00733792 0.0046793
 0.00784432 0.0128167 0.0194259 0.0276488 0.0372244 0.0474963 0.0573851 0.0656549 0.071359 0.0741345 0.0741616 0.0719155 0.0679431 0.0627566 0.0567985 0.0504275 0.0439148 0.0374578 0.0312049 0.0252804 0.0198034 0.0148949 0.0106699 0.00721575 0.00456529
 0.00786241 0.0128474 0.0194741 0.0277181 0.0373144 0.0475995 0.0574855 0.0657312 0.0713923 0.0741171 0.0741015 0.0718332 0.0678628 0.0626969 0.0567675 0.0504227 0.0439272 0.0374763 0.0312187 0.0252801 0.0197821 0.01485 0.0106053 0.00714111 0.00449283
 0.00789235 0.0128912 0.0195311 0.0277851 0.0373872 0.0476747 0.057561 0.0658044 0.0714579 0.0741653 0.0741208 0.0718159 0.0678106 0.0626215 0.0566863 0.0503515 0.0438747 0.0374425 0.031197 0.0252613 0.0197577 0.0148152 0.0105602 0.00709057 0.00444399
 0.00788016 0.0128728 0.0195058 0.0277533 0.0373495 0.0476324 0.0575159 0.0657603 0.0714203 0.0741413 0.0741161 0.0718318 0.0678425 0.0626615 0.0567274 0.0503908 0.0439131 0.0374818 0.0312366 0.025297 0.0197839 0.0148275 0.0105577 0.00707651 0.00442411
 0.00787529 0.0128594 0.019476 0.0276969 0.0372582 0.0475041 0.0573593 0.0655937 0.0712674 0.0740236 0.0740481 0.0718189 0.0678819 0.0627439 0.0568394 0.0505178 0.0440426 0.0376046 0.0313471 0.0253915 0.0198592 0.0148816 0.0105908 0.00709178 0.00442692
 0.00790033 0.012896 0.019523 0.0277494 0.0373074 0.0475381 0.0573649 0.0655601 0.0711906 0.0739105 0.0739158 0.0716906 0.0677796 0.0626818 0.0568213 0.0505387 0.0440916 0.0376694 0.0314165 0.0254569 0.0199148 0.0149239 0.0106189 0.0071071 0.00443267
 0.00788946 0.0128799 0.0195016 0.0277236 0.0372781 0.0475059 0.057329 0.0655183 0.0711401 0.0738492 0.073845 0.0716164 0.0677129 0.0626357 0.056807 0.050561 0.044148 0.0377508 0.0315102 0.0255505 0.0199983 0.0149914 0.010668 0.00713898 0.00445074
 0.00785086 0.0128166 0.0194059 0.027589 0.0371025 0.0472949 0.0570984 0.0652931 0.0709477 0.0737119 0.0737733 0.071609 0.0677603 0.0627262 0.0569305 0.0507103 0.0443167 0.0379311 0.0316921 0.0257225 0.0201497 0.0151146 0.0107604 0.00720223 0.00449
 0.00784779 0.0128053 0.019377 0.0275301 0.0370009 0.0471428 0.056898 0.0650587 0.0707038 0.0734877 0.073597 0.0715008 0.0677292 0.0627689 0.0570347 0.0508595 0.0444945 0.0381233 0.0318864 0.0259073 0.0203147 0.0152519 0.0108658 0.00727653 0.00453765
 0.00782072 0.0127646 0.0193215 0.0274598 0.0369156 0.0470404 0.0567744 0.0649099 0.0705307 0.0732998 0.0734129 0.0713454 0.0676265 0.0627357 0.0570758 0.0509677 0.044654 0.0383144 0.0320895 0.0261054 0.0204942 0.0154031 0.0109838 0.00736115 0.00459305
 0.00778517 0.0127064 0.0192338 0.0273369 0.0367555 0.0468476 0.0565616 0.0646962 0.070336 0.0731384 0.0732914 0.0712651 0.0675889 0.0627447 0.0571367 0.0510828 0.0448189 0.0385168 0.0323116 0.0263277 0.0206992 0.0155778 0.0111214 0.00746073 0.00465896
 0.00774426 0.0126378 0.0191268 0.0271809 0.036543 0.0465787 0.0562484 0.0643642 0.0700192 0.0728721 0.0731031 0.0711696 0.0675868 0.0628262 0.0572873 0.0512876 0.0450642 0.0387892 0.0325957 0.0266059 0.0209541 0.0157951 0.0112928 0.00758526 0.00474173
 0.00774898 0.0126383 0.0191139 0.0271412 0.0364615 0.0464436 0.0560561 0.0641216 0.0697441 0.0725905 0.0728451 0.0709645 0.0674574 0.0627846 0.0573331 0.0514103 0.0452473 0.0390138 0.0328426 0.0268564 0.0211902 0.0160016 0.0114595 0.00770874 0.0048252
 0.00931772 0.0148372 0.021774 0.0298875 0.0388207 0.0480178 0.0566599 0.0638096 0.0687346 0.0711529 0.0712165 0.0693176 0.0659045 0.0613928 0.0561373 0.0504223 0.0444617 0.0384136 0.0324041 0.0265525 0.0209928 0.0158836 0.011396 0.00767903 0.00481389
 0.00930877 0.015111 0.0226944 0.031905 0.0422773 0.0528819 0.0623577 0.0693175 0.0729407 0.0732925 0.0711237 0.0673717 0.0627654 0.0577192 0.0524233 0.0469666 0.0414116 0.0358227 0.0302749 0.0248605 0.0196982 0.0149361 0.010738 0.00724918 0.00455215
 0.00895903 0.0145658 0.0219386 0.0309957 0.0413939 0.0523578 0.0626387 0.0708022 0.0757405 0.0770546 0.0750756 0.0706111 0.0646332 0.0580274 0.0514263 0.0451522 0.0392723 0.0337215 0.0284186 0.0233348 0.0185143 0.0140655 0.0101331 0.00685468 0.00431246
 0.00878963 0.0142776 0.0214821 0.0303213 0.0404718 0.051213 0.0613937 0.069702 0.0751287 0.0772756 0.0763199 0.0727745 0.0672894 0.0605658 0.0532973 0.0460744 0.0392878 0.0330966 0.0274835 0.0223597 0.017662 0.0134021 0.00966134 0.0065452 0.00412495
 0.0087169 0.0141539 0.0212848 0.030023 0.0400428 0.0506289 0.0606475 0.0688234 0.0742043 0.0764626 0.0758339 0.0728332 0.0680161 0.0618986 0.0549684 0.0476984 0.0405177 0.0337565 0.0276026 0.0221064 0.0172397 0.0129704 0.00930749 0.00629489 0.00396749
 0.00867966 0.014092 0.0211886 0.0298813 0.0398435 0.05036 0.0602994 0.0683915 0.0736945 0.0759007 0.0752788 0.0723857 0.0678083 0.0620511 0.055527 0.0485849 0.0415386 0.0346764 0.0282429 0.022409 0.0172618 0.012828 0.00911306 0.0061208 0.00384243
 0.00868731 0.0141008 0.0211949 0.0298786 0.039823 0.0503116 0.0602128 0.0682569 0.0735031 0.0756473 0.0749673 0.0720383 0.067474 0.0618055 0.0554546 0.0487429 0.0419183 0.0351918 0.0287612 0.0228091 0.0174839 0.012885 0.00906376 0.00603078 0.00375716
 0.0086911 0.014108 0.0212075 0.0298983 0.0398498 0.0503421 0.0602388 0.068266 0.0734806 0.0755801 0.0748473 0.0718649 0.0672588 0.0615765 0.0552571 0.0486307 0.0419337 0.0353412 0.0290047 0.0230744 0.0176998 0.0130123 0.00910431 0.00601411 0.00371787
 0.0086722 0.0140809 0.0211733 0.0298607 0.0398144 0.0503145 0.0602233 0.0682639 0.0734892 0.0755915 0.0748498 0.0718458 0.0672087 0.0614947 0.0551557 0.0485352 0.041877 0.0353503 0.0290858 0.0232068 0.0178443 0.0131304 0.00917571 0.00604058 0.00371519
 0.00865108 0.0140447 0.0211159 0.0297764 0.0397003 0.0501746 0.0600706 0.0681189 0.0733746 0.0755247 0.0748361 0.0718781 0.0672702 0.0615655 0.0552203 0.048588 0.0419244 0.0354066 0.0291641 0.0233095 0.0179596 0.0132382 0.00925838 0.00609117 0.00373811
 0.00863927 0.0140265 0.0210903 0.0297423 0.0396565 0.050119 0.060001 0.0680352 0.0732809 0.0754309 0.0747568 0.0718271 0.0672554 0.0615857 0.0552658 0.0486462 0.0419856 0.0354681 0.0292289 0.0233812 0.0180371 0.0133142 0.00932298 0.00613749 0.00376535
 0.00863573 0.0140214 0.0210838 0.029735 0.0396489 0.0501111 0.0599918 0.0680223 0.073261 0.0754008 0.0747155 0.0717779 0.0672061 0.0615459 0.0552432 0.0486435 0.0420004 0.0354956 0.0292651 0.0234238 0.018084 0.0133618 0.0093661 0.00617141 0.00378806
 0.00864851 0.0140401 0.021108 0.0297631 0.0396783 0.0501391 0.0600161 0.0680409 0.0732717 0.0754012 0.0747029 0.0717506 0.0671647 0.0614943 0.0551887 0.0485943 0.0419633 0.0354741 0.0292591 0.0234309 0.0181008 0.0133842 0.00938961 0.0061921 0.00380347
 0.00863802 0.0140261 0.0210924 0.0297495 0.0396705 0.0501395 0.0600244 0.0680541 0.0732858 0.0754129 0.0747103 0.0717529 0.0671613 0.0614851 0.0551741 0.0485765 0.0419461 0.0354617 0.0292547 0.0234356 0.0181132 0.0134015 0.00940829 0.00620901 0.00381659
 0.00861375 0.0139886 0.02104 0.0296825 0.0395921 0.050056 0.0599451 0.0679902 0.0732468 0.0754037 0.0747295 0.071794 0.0672154 0.0615436 0.0552304 0.0486269 0.0419891 0.0354982 0.0292868 0.0234653 0.0181416 0.0134283 0.00943224 0.00622868 0.00383118
 0.00861375 0.0139886 0.02104 0.0296825 0.0395921 0.050056 0.0599451 0.0679902 0.0732468 0.0754037 0.0747295 0.071794 0.0672154 0.0615436 0.0552304 0.0486269 0.0419891 0.0354982 0.0292868 0.0234653 0.0181416 0.0134283 0.00943224 0.00622868 0.00383118
 0.0091424 0.0148167 0.0222241 0.0312438 0.0415013 0.0522157 0.0621788 0.070055 0.0748826 0.0764004 0.074982 0.0713173 0.0661238 0.0600099 0.0534449 0.0467644 0.04019 0.0338612 0.0278712 0.0222983 0.0172253 0.0127457 0.00895275 0.00591347 0.00363873
 0.00922802 0.0150137 0.0226253 0.0319664 0.0426513 0.0538342 0.0641955 0.0722797 0.0770444 0.0782159 0.0762202 0.0718419 0.0659076 0.0591276 0.0520477 0.0450443 0.038342 0.0320533 0.026228 0.0208964 0.016098 0.0118918 0.00834559 0.00551046 0.00339071
 0.00904705 0.014725 0.0222073 0.0314191 0.042016 0.0532125 0.0637507 0.0722023 0.0774809 0.0791938 0.0776144 0.0734067 0.0673575 0.0602249 0.0526594 0.0451552 0.0380325 0.0314586 0.0254953 0.0201526 0.0154325 0.0113525 0.00794551 0.00523781 0.00322019
 0.00882466 0.0143475 0.0216122 0.0305448 0.0408246 0.051724 0.0620747 0.070545 0.0761134 0.0783858 0.0775553 0.0741418 0.0687656 0.0620478 0.0545785 0.0468827 0.0393814 0.0323661 0.0260027 0.0203606 0.0154555 0.0112868 0.00785605 0.00515887 0.00316367
 0.00862951 0.0140088 0.0210632 0.0297116 0.0396445 0.050176 0.0602099 0.0685013 0.0741047 0.0766682 0.076382 0.0737134 0.0691793 0.0632613 0.0564061 0.0490368 0.0415483 0.0342875 0.027528 0.0214552 0.0161706 0.0117153 0.00809342 0.00528161 0.00322351
 0.00869362 0.0140857 0.0211261 0.0297122 0.0395178 0.049851 0.0596261 0.0676263 0.0729532 0.0753178 0.0749784 0.0724545 0.0682777 0.06289 0.0566458 0.0498443 0.0427635 0.0356812 0.0288722 0.0225846 0.0170115 0.0122757 0.00843019 0.00546538 0.00331522
 0.00867557 0.0140699 0.0211255 0.0297425 0.0395863 0.0499427 0.0596933 0.0675937 0.0727378 0.0748606 0.074272 0.0715592 0.0673191 0.0620364 0.0560674 0.0496635 0.0430134 0.0362922 0.0296965 0.0234493 0.0177747 0.0128601 0.00882436 0.00570175 0.00344211
 0.00861531 0.0139768 0.0209956 0.0295781 0.0393986 0.0497524 0.0595279 0.0674768 0.0726741 0.0748231 0.0742053 0.0714017 0.0670363 0.0616485 0.0556539 0.0493408 0.0428915 0.0364295 0.0300756 0.0239851 0.0183514 0.0133756 0.00922013 0.00596708 0.00359892
 0.00873057 0.0141591 0.0212595 0.0299308 0.0398355 0.0502519 0.0600484 0.0679613 0.0730615 0.0750633 0.0742658 0.0712664 0.0667021 0.0611289 0.0549899 0.0486083 0.0421937 0.0358703 0.0297245 0.0238536 0.0183942 0.0135163 0.00938436 0.00610588 0.00369404
 0.00860827 0.0139839 0.02104 0.0296918 0.039613 0.0500837 0.0599654 0.0679806 0.0731838 0.0752707 0.0745246 0.0715323 0.066928 0.0612738 0.0550281 0.0485383 0.042044 0.0356954 0.029587 0.0237998 0.0184357 0.0136298 0.00952753 0.00623935 0.00379523
 0.0086368 0.0140168 0.0210655 0.0296934 0.0395765 0.0500087 0.0598709 0.0679021 0.0731589 0.0753224 0.0746506 0.0717061 0.067109 0.0614198 0.0551053 0.048529 0.0419512 0.0355436 0.0294175 0.0236569 0.0183507 0.0136097 0.00955722 0.00629267 0.00384878
 0.00882302 0.0143184 0.0215147 0.0303121 0.040364 0.0509259 0.0608324 0.0687865 0.0738421 0.075718 0.0747337 0.0715093 0.0666972 0.0608619 0.0544583 0.0478346 0.0412415 0.0348495 0.0287727 0.0230963 0.0179025 0.013286 0.00934951 0.00617653 0.00379351
 0.00895882 0.0145533 0.0218935 0.030883 0.0411644 0.0519608 0.0620534 0.0700862 0.0750694 0.0767121 0.0753631 0.0717015 0.0664522 0.0602445 0.0535735 0.0467976 0.0401541 0.0337903 0.0277991 0.0222493 0.0172091 0.0127572 0.00897828 0.00593904 0.00365626
 0.0090691 0.0147378 0.0221814 0.0313059 0.0417509 0.0527272 0.0629915 0.0711536 0.0761883 0.0777756 0.0762493 0.072295 0.0666685 0.0600524 0.053003 0.0459316 0.0391058 0.0326767 0.0267206 0.0212803 0.0163963 0.0121215 0.00851726 0.00563153 0.00346908
#pred catch len freq
 0.00425739 0.00678875 0.0100044 0.0138643 0.0183414 0.0233889 0.0288717 0.0345449 0.0401082 0.0452811 0.0498485 0.0536787 0.0567265 0.0590128 0.0605793 0.0614396 0.0615556 0.0608424 0.0591789 0.0564105 0.0523575 0.046878 0.0400077 0.0321128 0.02392
 0.00449754 0.00708579 0.0102834 0.0140097 0.0182431 0.0230064 0.0282749 0.0338951 0.0395796 0.0449683 0.0497179 0.0535917 0.0565178 0.0585801 0.0599422 0.0607444 0.0610239 0.0606808 0.0594893 0.0571411 0.0533236 0.0478434 0.0407817 0.0326117 0.0241665
