SBPRF35
7.78865
Curr Bio
595093
B35
649377
F35
0.226315
FOFL
0.214439
OFL
99424.6
Bzero
2.22533e+006
#pred survey bio
 3.52798e+006 3.15091e+006 2.83698e+006 2.53579e+006 2.2539e+006 1.9674e+006 1.72479e+006 1.50997e+006 1.30944e+006 1.15935e+006 1.02193e+006 917462 823955 748643 689302 652176 642887 614320 593281 577195 558162 549469 537693 533459 540174 535767 538260 537091 530138 525918 522858 503844 499210 495005 502345 520677 522225 536963 552223 559806 558306 564534 565361 566467 574900 590235 600304 564366 531224 534136 528775 522349 508617 483680 461244 443039 477047 514641 552948 589982 595035 2.15833e+007 1.35472e+007 1.41583e+007 1.47869e+007 1.53755e+007 1.58826e+007 1.62955e+007 1.66189e+007 1.68658e+007 1.70513e+007 1.71892e+007 1.72913e+007 1.73668e+007 1.74227e+007 1.74643e+007 1.74954e+007 1.75187e+007 1.75362e+007 1.75495e+007 1.75595e+007 1.75672e+007 1.75731e+007 1.75775e+007 1.7581e+007 1.75836e+007 1.75857e+007 1.75872e+007 1.75884e+007 1.75894e+007 1.75901e+007 1.75906e+007 1.75911e+007 1.75914e+007 1.75916e+007 1.75918e+007 1.7592e+007 1.75921e+007 1.75922e+007 1.75923e+007 1.75923e+007 1.75924e+007 1.75924e+007 1.75924e+007 1.75925e+007 1.75925e+007 1.75925e+007 1.75925e+007 1.75925e+007 1.75925e+007 1.75925e+007 1.75925e+007 1.75925e+007 1.75925e+007 1.75925e+007 1.75925e+007 1.75925e+007 1.75925e+007 1.75925e+007 1.75925e+007 1.75925e+007 1.75925e+007 1.75925e+007 1.75925e+007 1.75925e+007 1.75925e+007 1.75925e+007 1.75925e+007 1.75925e+007 1.75925e+007 1.75925e+007 1.75925e+007 1.75925e+007 1.75925e+007 1.75925e+007 1.75925e+007 1.75925e+007 1.75925e+007 1.75925e+007 1.75925e+007 1.75925e+007 1.75925e+007 1.75925e+007 1.75925e+007 1.75925e+007 1.75925e+007 1.75925e+007 1.75925e+007 1.75925e+007 1.75925e+007 1.75925e+007 1.75925e+007 1.75925e+007 1.75925e+007 1.75925e+007 1.75925e+007 1.75925e+007 1.75925e+007 1.75925e+007 1.75925e+007 1.75925e+007 0 0 0 0 0 0 0 0 0 0 0 0 0 0 0 0 0 0 0 0 0 0 0 0 0
#obs survey bio
 3.32754e+006 1.94745e+006 2.0324e+006 2.57204e+006 1.71589e+006 2.36478e+006 1.7549e+006 1.16174e+006 1.1082e+006 814302 889733 834235 627954 883653 713853 872224 517644 640391 696834 430940 431468 283830 543289 512353 490094 555477 648445 469206 420404 583092 454684 395261 427937 554878 573885 540669 512560 788907 533746 520513 1.07957e+006 532409 446528 677915 691840 603420 820237 512173 627947 488019 475297 663685 532381 618155 318806 486204 385422 596565 653272 411421 401129
#pred catch bio
 273909 249871 272437 285633 316413 298613 290492 289510 252323 245400 218475 208075 188841 170263 146917 120550 134145 124291 117091 117167 107074 108970 101831 92101.3 100158 92500.4 94190.2 97413.7 92990.9 89550.5 100212 87704.4 91392.5 86553.4 80821.8 96130.1 84541.5 83458 89295.2 95966.4 88572 93593.3 94645.4 89888 85611.6 91538.4 130151 126430 96078.9 102745 101770 105553 112413 108934 105962 65801.3 68133.6 72123.5 78265.3 110537 102148 99424.6 108611 112738 116891 120815 124128 126713 128626 129989 130931 131568 131991 132268 132447 132563 132636 132683 132712 132730 132742 132749 132754 132756 132758 132759 132760 132760 132761 132761 132761 132761 132761 132761 132761 132761 132761 132761 132761 132761 132761 132761 132761 132761 132761 132761 132761 132761 132761 132761 132761 132761 132761 132761 132761 132761 132761 132761 132761 132761 132761 132761 132761 132761 132761 132761 132761 132761 132761 132761 132761 132761 132761 132761 132761 132761 132761 132761 132761 132761 132761 132761 132761 132761 132761 132761 132761 132761 132761 132761 132761 132761 132761 132761 132761 132761 132761 132761 132761 132761 132761 0 0 0 0 0 0 0 0 0 0 0 0 0 0 0 0 0 0 0 0 0 0 0 0 0
#obs catch bio
 234502 250731 275285 288381 322240 302362 294981 295919 257400 250683 223077 212565 192942 173025 149096 121636 135838 125560 117905 118248 108052 110774 103193 93247.9 101722 93128.9 94772.1 98521.2 94039.6 90028.6 101266 88459.8 92336.4 87272.4 80702.6 96674 84784 83149 88691.5 95829.5 87565.5 92782.6 94265.6 89812.8 85308.9 90944.5 129659 126476 95637.4 102457 101322 104682 111128 107277 105790 65382.4 67991.3 72152.4 77913.2 110506 102055
#pred cpue bio
 3.45905e+006 3.08399e+006 2.77108e+006 2.47077e+006 2.19074e+006 1.9068e+006 1.66654e+006 1.45402e+006 1.25622e+006 1.10844e+006 973397 870904 779854 707174 650297 614861 606331 579094 559144 544004 525751 517262 505814 501825 508660 504942 507826 506990 500533 496924 494626 476621 471338 465429 471358 489069 490981 505840 521232 528802 527512 533689 534166 534705 542666 557489 567161 532023 499322 501975 497325 491687 478800 454738 432492 413991 446159 482372 519247 554355 557731 2.02057e+007 1.26981e+007 1.32824e+007 1.38811e+007 1.44588e+007 1.49635e+007 1.53759e+007 1.56993e+007 1.59462e+007 1.61316e+007 1.62695e+007 1.63716e+007 1.64471e+007 1.65031e+007 1.65447e+007 1.65757e+007 1.6599e+007 1.66165e+007 1.66298e+007 1.66399e+007 1.66475e+007 1.66534e+007 1.66579e+007 1.66613e+007 1.6664e+007 1.6666e+007 1.66676e+007 1.66688e+007 1.66697e+007 1.66704e+007 1.6671e+007 1.66714e+007 1.66717e+007 1.6672e+007 1.66722e+007 1.66723e+007 1.66725e+007 1.66725e+007 1.66726e+007 1.66727e+007 1.66727e+007 1.66727e+007 1.66728e+007 1.66728e+007 1.66728e+007 1.66728e+007 1.66728e+007 1.66728e+007 1.66728e+007 1.66728e+007 1.66729e+007 1.66729e+007 1.66729e+007 1.66729e+007 1.66729e+007 1.66729e+007 1.66729e+007 1.66729e+007 1.66729e+007 1.66729e+007 1.66729e+007 1.66729e+007 1.66729e+007 1.66729e+007 1.66729e+007 1.66729e+007 1.66729e+007 1.66729e+007 1.66729e+007 1.66729e+007 1.66729e+007 1.66729e+007 1.66729e+007 1.66729e+007 1.66729e+007 1.66729e+007 1.66729e+007 1.66729e+007 1.66729e+007 1.66729e+007 1.66729e+007 1.66729e+007 1.66729e+007 1.66729e+007 1.66729e+007 1.66729e+007 1.66729e+007 1.66729e+007 1.66729e+007 1.66729e+007 1.66729e+007 1.66729e+007 1.66729e+007 1.66729e+007 1.66729e+007 1.66729e+007 1.66729e+007 1.66729e+007 1.66729e+007 1.66729e+007 0 0 0 0 0 0 0 0 0 0 0 0 0 0 0 0 0 0 0 0 0 0 0 0 0
#obs cpue bio
 2.93335e+006 2.23153e+006 1.91258e+006 2.62841e+006 1.5473e+006 2.07022e+006 1.17735e+006 1.15933e+006 1.08934e+006 1.30717e+006 782897 764889 728610 608180 500773 404972 698799 486086 490580 598641 512156 569996 460524 367541 476742 632781 414628 377168 499846 552798 461554 450252 514047 394205 688144 369840 451454 611346 765825 432368 590359 552222 517730 354497 552277 654327 463352 459985 474914 619729 615783 546244 640400 507160 395909 391155 527364 332211 598512 818177 675736
#pred surv len freq
 0.00525203 0.00847572 0.0126632 0.0177723 0.0236815 0.0301176 0.0366122 0.0425926 0.0475803 0.0513431 0.0538999 0.0554254 0.056151 0.0562998 0.0560453 0.0554877 0.0546548 0.0535159 0.051981 0.049873 0.0469099 0.0427648 0.0372439 0.0305053 0.0231515
 0.00576168 0.00922886 0.0136626 0.0189873 0.0250776 0.0316922 0.0384033 0.0446413 0.0498614 0.053707 0.0560727 0.05708 0.0570163 0.0562532 0.055144 0.0539339 0.0527156 0.0514337 0.0499085 0.0478581 0.0449332 0.040809 0.0353481 0.0287713 0.0216992
 0.00596248 0.00960575 0.0143184 0.0200373 0.0266089 0.0337109 0.0408011 0.0472179 0.0523977 0.0560405 0.0581155 0.0587696 0.0582527 0.0568853 0.0550255 0.0530048 0.0510489 0.0492153 0.0473676 0.0451955 0.0422899 0.0382818 0.0330258 0.0267515 0.0200695
 0.00620957 0.00998761 0.0148621 0.0207702 0.0275724 0.0349693 0.0424298 0.049262 0.0548188 0.0586855 0.0607395 0.0611049 0.0600789 0.0580572 0.0554562 0.0526447 0.0498926 0.0473288 0.044901 0.0423602 0.0393157 0.0353812 0.0303787 0.0244976 0.0182954
 0.00643061 0.0103529 0.015422 0.0215727 0.0286522 0.0363333 0.0440487 0.0510782 0.0567683 0.0607132 0.0627885 0.0630863 0.0618514 0.0594398 0.0562691 0.0527497 0.0492173 0.0458766 0.0427569 0.0396906 0.0363517 0.0323842 0.0275969 0.0221254 0.0164435
 0.00674604 0.0108518 0.0161481 0.0225611 0.0299271 0.0379021 0.0458904 0.0531318 0.0589307 0.062854 0.0647758 0.064811 0.0632343 0.0604184 0.0567756 0.0527019 0.0485328 0.0445048 0.0407141 0.0370833 0.0333777 0.0293067 0.0246944 0.0196308 0.0144953
 0.00705213 0.0113409 0.0168683 0.0235518 0.0312121 0.0394799 0.0477229 0.0551404 0.0610055 0.0648718 0.0666169 0.0663702 0.0644275 0.0611861 0.0570786 0.0525097 0.0478125 0.0432252 0.0388699 0.0347305 0.0306586 0.0264451 0.0219534 0.0172479 0.012622
 0.0072767 0.0117166 0.0174538 0.0244086 0.0323926 0.041007 0.0495692 0.0572189 0.0631803 0.0669835 0.0685109 0.0679182 0.0655396 0.0618124 0.0572027 0.0521351 0.0469491 0.0418824 0.037065 0.0325133 0.0281394 0.0238044 0.019417 0.0150317 0.0108714
 0.0075834 0.0121988 0.0181505 0.0253494 0.0335978 0.0424856 0.0513089 0.0591732 0.0652588 0.0690533 0.0704117 0.0694888 0.0666477 0.0623768 0.0571993 0.0515853 0.0458995 0.0403869 0.0351799 0.0303089 0.0257209 0.0213246 0.017064 0.0129869 0.00925902
 0.00786704 0.0126435 0.0187889 0.0262013 0.0346674 0.0437584 0.0527483 0.0607203 0.0668399 0.0705903 0.0718275 0.0707048 0.0675817 0.0629481 0.0573428 0.0512665 0.04512 0.0391803 0.0336041 0.0284434 0.0236721 0.0192302 0.0150825 0.0112675 0.00790312
 0.00809935 0.0130297 0.0193852 0.0270625 0.0358333 0.0452314 0.0544739 0.0625836 0.0686864 0.0722624 0.0731981 0.0716944 0.0681567 0.0631072 0.0571005 0.050642 0.0441355 0.0378667 0.0320082 0.0266345 0.0217464 0.0173089 0.013299 0.00974196 0.00671228
 0.00818298 0.0131775 0.019631 0.0274496 0.0364093 0.046038 0.0555313 0.0638748 0.0701471 0.0737816 0.0746333 0.0729 0.0690163 0.0635556 0.0571257 0.0502709 0.0434135 0.0368443 0.0307394 0.0251835 0.0201957 0.0157604 0.0118633 0.00851669 0.0057583
 0.00820709 0.0132328 0.0197451 0.0276604 0.0367594 0.046564 0.0562523 0.0647845 0.071212 0.074942 0.0758055 0.073982 0.0699004 0.0641471 0.0573627 0.0501343 0.0429248 0.0360533 0.029711 0.0239913 0.0189212 0.0144937 0.0106958 0.00752615 0.0049911
 0.00830661 0.0133748 0.0199237 0.0278614 0.0369702 0.0467857 0.056507 0.0651104 0.0716463 0.0755012 0.0764729 0.0747073 0.0706086 0.0647531 0.0577858 0.0503122 0.0428249 0.0356775 0.0290932 0.0231903 0.0180128 0.0135618 0.00982273 0.00677925 0.0044104
 0.00845205 0.0135944 0.0202215 0.0282275 0.03738 0.0472032 0.0568902 0.0654219 0.0718678 0.0756442 0.0765768 0.0748209 0.0707646 0.0649496 0.0579843 0.050452 0.0428434 0.0355298 0.0287645 0.0226992 0.017407 0.0129076 0.00919056 0.0062287 0.00397808
 0.00857316 0.0137717 0.0204519 0.0284948 0.0376586 0.0474648 0.0571092 0.0655782 0.0719488 0.0756493 0.0765213 0.0747373 0.0706956 0.0649328 0.0580355 0.0505547 0.0429524 0.0355869 0.0287203 0.0225302 0.0171226 0.0125459 0.00880525 0.00587202 0.00368689
 0.00851205 0.0136766 0.0203164 0.0283149 0.0374326 0.0471936 0.0567988 0.0652436 0.0716174 0.0753596 0.0763173 0.0746581 0.0707657 0.0651564 0.0583951 0.0510129 0.0434548 0.0360694 0.0291204 0.022802 0.0172491 0.0125419 0.00870982 0.0057336 0.00354782
 0.00851598 0.0136976 0.0203742 0.0284353 0.037638 0.0474902 0.0571648 0.0656286 0.0719537 0.0755826 0.0763855 0.0745655 0.070543 0.0648607 0.058092 0.0507566 0.0432746 0.0359644 0.0290651 0.0227599 0.0171883 0.0124477 0.00858727 0.00560142 0.00342724
 0.00857904 0.0137772 0.0204532 0.0284873 0.03764 0.047438 0.057083 0.0655632 0.0719497 0.0756583 0.0765215 0.0747142 0.0706528 0.0648998 0.0580594 0.0506777 0.043185 0.0358925 0.0290214 0.0227362 0.0171669 0.0124128 0.00853388 0.00553572 0.00336125
 0.00868111 0.0139281 0.0206511 0.0287169 0.0378726 0.0476351 0.0572035 0.0655759 0.0718482 0.07547 0.0763008 0.0745194 0.0705197 0.06483 0.0580285 0.0506565 0.0431567 0.0358566 0.0289858 0.0227068 0.0171426 0.0123878 0.00850314 0.00549933 0.00332382
 0.00885533 0.0141941 0.0210183 0.0291807 0.0384129 0.0482161 0.0577734 0.0660695 0.0721966 0.0756189 0.0762282 0.0742456 0.0701017 0.0643416 0.0575368 0.050205 0.0427636 0.0355237 0.0287096 0.0224836 0.0169679 0.0122551 0.00840422 0.00542645 0.00327118
 0.00885302 0.0142041 0.0210583 0.0292749 0.0385841 0.0484749 0.0581086 0.0664464 0.0725647 0.0759245 0.0764267 0.0743101 0.0700279 0.0641492 0.0572641 0.0498982 0.0424635 0.0352569 0.0284873 0.0223062 0.0168307 0.0121518 0.00832834 0.00537214 0.00323346
 0.0088529 0.0142073 0.0210704 0.0293054 0.0386476 0.0485895 0.0582919 0.0667081 0.0728972 0.0762968 0.0767864 0.0745965 0.0701899 0.0641607 0.0571304 0.0496514 0.042151 0.0349274 0.0281795 0.0220435 0.0166219 0.0119953 0.00821706 0.00529687 0.00318513
 0.00877574 0.0140893 0.0209071 0.0290989 0.0384076 0.0483341 0.0580488 0.0665137 0.0727915 0.0763129 0.0769383 0.0748701 0.0705427 0.0645317 0.0574582 0.0498921 0.0422883 0.0349717 0.0281577 0.0219867 0.0165553 0.0119345 0.0081689 0.00526221 0.003162
 0.00857527 0.0137806 0.0204752 0.028543 0.0377424 0.0475914 0.0572794 0.0657868 0.0721877 0.0759097 0.0767945 0.0750115 0.0709551 0.0651608 0.0582191 0.0506877 0.0430314 0.0356023 0.0286499 0.022344 0.0167993 0.0120927 0.00826671 0.00531966 0.00319371
 0.00859326 0.0137906 0.0204549 0.0284602 0.0375644 0.0472985 0.0568769 0.0653079 0.0716853 0.0754441 0.0764216 0.0747771 0.0708895 0.0652743 0.058497 0.0510897 0.0434981 0.0360699 0.0290655 0.0226766 0.0170415 0.0122546 0.00836682 0.00537724 0.00322455
 0.00858404 0.0137713 0.0204168 0.0283897 0.0374421 0.0471015 0.0565844 0.0649105 0.071196 0.074905 0.0759006 0.0743521 0.070628 0.0652159 0.0586467 0.0514196 0.043956 0.03659 0.0295819 0.0231361 0.0174122 0.0125274 0.00855086 0.00549142 0.00328978
 0.00850163 0.0136575 0.0202824 0.0282558 0.0373326 0.0470306 0.0565469 0.0648808 0.0711376 0.0747849 0.0757051 0.0740959 0.0703537 0.0649828 0.0585118 0.0514195 0.0440962 0.0368451 0.0299054 0.0234747 0.0177203 0.0127766 0.0087318 0.00561007 0.00336029
 0.00838566 0.0134865 0.0200587 0.0279957 0.0370647 0.0467915 0.0563741 0.0648036 0.0711653 0.0748989 0.0758601 0.0742357 0.0704341 0.0649905 0.0584686 0.0513704 0.0440883 0.0369079 0.0300412 0.0236617 0.0179242 0.0129647 0.00888282 0.0057172 0.00342794
 0.00825307 0.0132765 0.019754 0.027587 0.0365561 0.0462073 0.0557641 0.0642401 0.0707289 0.0746554 0.0758399 0.0744239 0.070777 0.0654145 0.0589052 0.0517759 0.0444499 0.037235 0.0303487 0.0239559 0.0181983 0.0132042 0.00907455 0.0058561 0.0035185
 0.00826795 0.0132749 0.019704 0.0274431 0.0362715 0.0457531 0.0551478 0.0635126 0.0699766 0.0739817 0.075342 0.0741713 0.0707951 0.0656796 0.0593533 0.0523243 0.0450218 0.037777 0.0308342 0.024377 0.0185545 0.013495 0.00929944 0.00601772 0.00362478
 0.00910358 0.0144773 0.0212223 0.0291256 0.0379016 0.047112 0.0560684 0.0639037 0.0698231 0.0733357 0.0743125 0.0729071 0.0694581 0.0644137 0.0582592 0.051449 0.0443647 0.0373077 0.0305126 0.0241668 0.0184273 0.0134282 0.00927327 0.00601479 0.00363171
 0.00963651 0.01534 0.0225049 0.0308855 0.0401235 0.0496607 0.0586643 0.0661603 0.0713542 0.0738871 0.0738429 0.0715787 0.067556 0.0622488 0.0560976 0.0494781 0.042689 0.0359613 0.0294807 0.0234083 0.0178923 0.0130681 0.00904445 0.00587916 0.00355759
 0.00942839 0.0151181 0.0223879 0.0310602 0.0407996 0.050994 0.0606779 0.0687014 0.0741053 0.0764282 0.075752 0.0725439 0.0674626 0.0612012 0.0543663 0.0474011 0.0405756 0.0340339 0.0278613 0.022135 0.0169478 0.0124055 0.0086058 0.0056068 0.00340023
 0.00916747 0.0146969 0.0217683 0.0302326 0.0398136 0.0499902 0.0598959 0.0684327 0.0745885 0.0777304 0.0777043 0.0747767 0.0695266 0.0627162 0.0551311 0.0474244 0.0400299 0.0331664 0.0269063 0.0212598 0.0162394 0.0118853 0.00825474 0.00538797 0.0032743
 0.0088609 0.0142224 0.0210981 0.0293546 0.0387332 0.0487347 0.0585308 0.0670842 0.0734534 0.0770521 0.0777045 0.0755615 0.0710146 0.0646378 0.0571122 0.0491173 0.0412224 0.0338209 0.0271235 0.0212028 0.0160624 0.0116943 0.00810164 0.00528538 0.00321439
 0.0086969 0.0139744 0.0207591 0.0289298 0.0382361 0.0481822 0.0579398 0.0664726 0.0728475 0.0764982 0.0772803 0.0753743 0.0711717 0.0651935 0.058019 0.0502187 0.0423038 0.034692 0.0276853 0.0214636 0.0161044 0.0116203 0.00799455 0.00519187 0.00315009
 0.00861859 0.0138191 0.0204753 0.0284568 0.037524 0.047221 0.0567825 0.0652346 0.0716773 0.0755357 0.0766265 0.0750847 0.0712676 0.0656728 0.0588519 0.0513316 0.0435707 0.0359515 0.0287845 0.0223048 0.0166666 0.0119469 0.00815802 0.00526171 0.00317527
 0.00863995 0.0138391 0.0204757 0.0284049 0.037373 0.046916 0.0562736 0.0644976 0.0707365 0.0744775 0.0755894 0.0742257 0.0707192 0.065511 0.0590883 0.0519215 0.0444249 0.0369489 0.0297901 0.0231978 0.0173687 0.0124361 0.00846022 0.0054276 0.00325663
 0.00849466 0.0136464 0.0202647 0.0282261 0.037279 0.0469328 0.0563781 0.0646165 0.0707702 0.0743388 0.0752402 0.0736971 0.0701064 0.0649459 0.0586979 0.0517912 0.0445769 0.0373425 0.0303382 0.0237936 0.0179158 0.0128716 0.00876398 0.00561395 0.00335745
 0.00859606 0.0137717 0.0203832 0.0282919 0.0372529 0.0468099 0.0562025 0.0644657 0.0707114 0.0743841 0.0753326 0.0737392 0.070015 0.064698 0.0583443 0.0514317 0.0443162 0.0372487 0.0304221 0.0240133 0.0182007 0.0131518 0.008992 0.00577242 0.00345274
 0.00878575 0.0140463 0.0207313 0.0286755 0.0376102 0.0470674 0.0562924 0.0643476 0.0703937 0.0739316 0.0748471 0.0733166 0.0697033 0.064486 0.0581873 0.0512938 0.0441966 0.0371769 0.0304311 0.0241135 0.018371 0.0133506 0.00917732 0.00591723 0.00354973
 0.0088457 0.0141669 0.0209533 0.0290448 0.0381593 0.0477877 0.057114 0.0651432 0.0710122 0.074249 0.07481 0.0729564 0.0691176 0.0637962 0.0574962 0.0506636 0.0436541 0.0367325 0.0300933 0.0238883 0.018253 0.0133181 0.00919751 0.00595807 0.0035891
 0.00877786 0.0140756 0.0208533 0.0289673 0.0381502 0.0479002 0.0573948 0.0656126 0.0716436 0.0749579 0.0754668 0.0734254 0.0693058 0.0636857 0.0571431 0.0501664 0.043114 0.0362268 0.0296684 0.023565 0.0180335 0.0131902 0.009139 0.00594272 0.00359407
 0.00878053 0.0140591 0.0207916 0.0288274 0.0379065 0.0475548 0.0569929 0.0652405 0.071405 0.0749367 0.0756925 0.0738572 0.0698432 0.0642036 0.0575358 0.0503812 0.0431586 0.0361515 0.0295367 0.0234305 0.0179289 0.0131268 0.00911261 0.00594134 0.00360452
 0.00871978 0.013969 0.0206704 0.0286753 0.0377202 0.0473233 0.0566997 0.0648765 0.0709879 0.0745234 0.0753725 0.0737219 0.0699457 0.0645312 0.0580125 0.0508987 0.0436191 0.0364983 0.0297618 0.0235596 0.0179991 0.0131693 0.00914532 0.00597027 0.00362933
 0.00869445 0.0139303 0.020617 0.0286082 0.0376429 0.0472407 0.0566155 0.0647897 0.0708901 0.074402 0.0752213 0.0735549 0.0698018 0.0644618 0.0580553 0.0510554 0.0438518 0.0367486 0.029978 0.0237155 0.0180954 0.0132228 0.00917478 0.00598884 0.00364303
 0.00896642 0.0143699 0.021272 0.029516 0.0388166 0.0486501 0.0581698 0.0663378 0.0722449 0.0753826 0.0756945 0.0734632 0.0691732 0.0634031 0.0567271 0.0496335 0.0424862 0.0355369 0.0289618 0.0228966 0.0174569 0.0127434 0.00883301 0.00576111 0.00350328
 0.00899621 0.0144522 0.021459 0.0298787 0.0394291 0.0495621 0.0593791 0.0677742 0.073774 0.0768268 0.0768648 0.0741962 0.0693669 0.0630399 0.0558777 0.0484374 0.0411162 0.0341584 0.0277015 0.021829 0.0166086 0.0121072 0.00838296 0.00546265 0.00331948
 0.00873128 0.0140329 0.0208536 0.0290768 0.0384575 0.0485024 0.0583757 0.0670159 0.0734447 0.0770405 0.0776188 0.0753663 0.0707439 0.0643903 0.0570048 0.049224 0.0415387 0.0342712 0.0276026 0.0216218 0.016375 0.0118977 0.00821938 0.00534787 0.00324627
 0.00866671 0.0139197 0.0206673 0.0287885 0.0380394 0.0479393 0.0576802 0.0662428 0.0726948 0.0764487 0.0773231 0.0754628 0.0712464 0.0652152 0.0579932 0.0501929 0.0423373 0.0348188 0.0278951 0.0217116 0.0163382 0.0118046 0.00811901 0.00526541 0.00318895
 0.00865342 0.0138951 0.020624 0.028715 0.03792 0.0477542 0.0574096 0.0658732 0.0722306 0.0759238 0.0768066 0.0750518 0.0710413 0.0652846 0.0583426 0.050755 0.0429931 0.0354398 0.028386 0.0220331 0.0165038 0.0118585 0.00811137 0.00523507 0.00315828
 0.00878612 0.0140902 0.0208787 0.0290125 0.0382318 0.0480464 0.0576467 0.0660199 0.0722537 0.0757982 0.076526 0.0746396 0.0705564 0.0648124 0.0579721 0.0505483 0.0429614 0.0355418 0.0285493 0.022187 0.016605 0.0118981 0.00810505 0.00520659 0.00312678
 0.00924486 0.0147741 0.0217919 0.030115 0.0394477 0.0492787 0.0587895 0.0669673 0.072909 0.0760887 0.0764169 0.0741426 0.0697287 0.063751 0.0568005 0.0493959 0.0419372 0.0347115 0.0279264 0.0217433 0.0162931 0.0116744 0.00794074 0.0050869 0.00304397
 0.00957628 0.0153105 0.0225912 0.0312201 0.0408664 0.0509585 0.0605993 0.0687067 0.0743521 0.0770456 0.0767808 0.0739019 0.0689511 0.062556 0.0553348 0.047814 0.0403847 0.0333068 0.0267458 0.0208151 0.0156045 0.0111875 0.00761004 0.00487098 0.00290955
 0.00978132 0.0156409 0.0230841 0.0319106 0.0417831 0.0521136 0.0619728 0.0702286 0.0758955 0.0784369 0.077831 0.0744525 0.0689176 0.0619495 0.0542543 0.0464151 0.0388418 0.0317809 0.0253632 0.0196551 0.0146982 0.0105253 0.00715615 0.00457876 0.00273308
 0.0095025 0.0151916 0.0224188 0.0309993 0.0406296 0.0507788 0.0605922 0.069005 0.0750558 0.0781648 0.0782049 0.0754153 0.0702911 0.0634875 0.0557135 0.047617 0.0397035 0.0323101 0.0256274 0.0197441 0.0146937 0.0104854 0.00711288 0.00454482 0.00271033
 0.00940004 0.0150106 0.0221191 0.0305329 0.0399505 0.0498609 0.0594507 0.0677143 0.0737528 0.0770341 0.0774429 0.0751792 0.0706469 0.0643809 0.05698 0.0490323 0.0410509 0.0334365 0.0264667 0.0203068 0.0150361 0.0106764 0.007212 0.00459342 0.00273311
 0.00952981 0.0151815 0.0223007 0.0306683 0.0399661 0.0496855 0.0590356 0.0670464 0.0728626 0.0759994 0.0763874 0.0742587 0.0700195 0.0641641 0.0572114 0.0496524 0.04192 0.0343811 0.0273339 0.0210019 0.0155309 0.0109931 0.00739616 0.00469174 0.00278178
 0.00972612 0.0154806 0.0227112 0.0311783 0.0405387 0.0502557 0.0595119 0.0673229 0.0728453 0.0756382 0.0756998 0.0733337 0.0689997 0.0632144 0.0564807 0.0492363 0.0418368 0.0345718 0.0276884 0.0214014 0.0158852 0.0112574 0.00756678 0.00478837 0.00283025
 0.00965328 0.0154491 0.022822 0.0315723 0.0413517 0.0515497 0.0612173 0.0692297 0.0746525 0.0770385 0.0764598 0.0733452 0.0682951 0.0619498 0.0548927 0.0475829 0.0403381 0.0333665 0.0268207 0.0208369 0.0155471 0.0110642 0.00745558 0.00472123 0.0027882
#obs surv len freq
 0.00497886 0.00815516 0.0124042 0.0177392 0.0240335 0.0309202 0.0377721 0.0438636 0.0486423 0.051906 0.0537733 0.0545308 0.0545007 0.0539827 0.0532393 0.0524851 0.0518652 0.051414 0.0509925 0.0502316 0.0485491 0.0453148 0.0401518 0.0332286 0.0253256
 0.00518241 0.00848965 0.0129143 0.0184692 0.0250189 0.0321748 0.0392742 0.0455509 0.0504201 0.0536645 0.055403 0.0559311 0.0555822 0.0546681 0.0534661 0.0522113 0.0510763 0.0501306 0.0492762 0.0481868 0.0463208 0.0430758 0.0380789 0.0314688 0.0239648
 0.00541548 0.00886867 0.0134852 0.0192752 0.0260934 0.033529 0.0408843 0.0473524 0.0523157 0.0555412 0.0571487 0.0574448 0.0567766 0.0554687 0.0538099 0.0520466 0.0503682 0.0488715 0.0475008 0.0459858 0.043846 0.0405289 0.0356793 0.0294067 0.022357
 0.00565553 0.00926411 0.0140898 0.0201418 0.0272631 0.0350144 0.0426526 0.0493212 0.0543667 0.0575445 0.058985 0.0590149 0.0580017 0.0562859 0.0541662 0.0518961 0.0496726 0.0476096 0.0456862 0.0436894 0.0412115 0.0377681 0.0330385 0.0271102 0.0205504
 0.00590118 0.00966672 0.014702 0.0210155 0.0284398 0.0365104 0.0444425 0.0513306 0.0564807 0.0596284 0.0609059 0.0606577 0.0592761 0.0571266 0.0545274 0.0517434 0.0489774 0.0463528 0.0438735 0.0413771 0.0385295 0.0349238 0.0302863 0.0246924 0.0186324
 0.00615695 0.0100845 0.0153344 0.0219127 0.0296405 0.0380264 0.0462435 0.0533386 0.0585809 0.0616903 0.0628036 0.0622814 0.0605364 0.0579552 0.0548754 0.0515771 0.0482739 0.0450993 0.042078 0.0390906 0.0358712 0.0320898 0.0275259 0.0222506 0.0166828
 0.00639457 0.0104759 0.0159327 0.0227707 0.0307994 0.0394999 0.0480009 0.0552994 0.060627 0.0636894 0.0646314 0.0638338 0.0617323 0.0587343 0.0551943 0.051405 0.0475892 0.043891 0.0403551 0.0369013 0.0333256 0.0293706 0.0248681 0.0198893 0.0147886
 0.00663065 0.0108625 0.0165202 0.0236076 0.0319237 0.0409241 0.0496962 0.0571898 0.0625989 0.0656127 0.0663811 0.0653038 0.062842 0.0594286 0.0554393 0.0511811 0.0468854 0.0427037 0.0386967 0.0348179 0.030919 0.0268077 0.0223648 0.0176632 0.0129994
 0.00683738 0.0112017 0.0170364 0.0243444 0.0329156 0.042183 0.0511981 0.0588694 0.0643584 0.0673396 0.0679656 0.0666502 0.0638728 0.0600865 0.0556864 0.0509957 0.0462579 0.0416346 0.0372016 0.0329422 0.028755 0.0245047 0.020115 0.0156606 0.0113874
 0.00708304 0.0116012 0.0176373 0.0251899 0.0340347 0.0435761 0.0528227 0.0606369 0.0661477 0.0690227 0.0694302 0.0678117 0.064676 0.060501 0.0557 0.050608 0.0454752 0.040469 0.0356763 0.0311039 0.0266896 0.0223454 0.0180304 0.0138191 0.00991205
 0.00730387 0.0119683 0.0182043 0.0260103 0.0351486 0.0449908 0.0544941 0.0624647 0.0679926 0.0707359 0.070882 0.0689082 0.0653632 0.0607604 0.05554 0.0500529 0.0445556 0.0392173 0.0341293 0.0293133 0.0247364 0.0203468 0.0161303 0.0121588 0.00859183
 0.00744501 0.0122013 0.0185622 0.026528 0.0358585 0.0459137 0.0556274 0.0637744 0.0694109 0.0721682 0.0722188 0.0700405 0.0661991 0.0612369 0.0556284 0.0497552 0.0438956 0.0382315 0.0328634 0.0278259 0.0231068 0.01868 0.0145492 0.0107807 0.00749839
 0.007526 0.0123336 0.0187631 0.0268152 0.0362489 0.0464201 0.0562548 0.0645169 0.0702511 0.0730767 0.0731531 0.0709431 0.0669991 0.0618579 0.0560012 0.04983 0.0436499 0.037671 0.0320191 0.0267512 0.0218779 0.0173937 0.0133139 0.00969698 0.0066355
 0.00759243 0.0124348 0.0189032 0.0269947 0.0364665 0.0466754 0.0565501 0.0648569 0.0706415 0.0735218 0.073652 0.0714847 0.0675571 0.0623883 0.0564446 0.0501211 0.0437304 0.0375032 0.0315949 0.0260963 0.0210499 0.0164763 0.012403 0.00888196 0.00597892
 0.00766866 0.0125534 0.0190713 0.0272143 0.036733 0.0469771 0.0568677 0.0651673 0.0709248 0.0737691 0.0738694 0.0716892 0.0677657 0.062607 0.0566601 0.050299 0.0438222 0.0374587 0.0313779 0.0256985 0.0204975 0.0158272 0.011734 0.00826912 0.00547794
 0.00773096 0.0126489 0.0192042 0.0273845 0.0369363 0.0472052 0.0571085 0.0654052 0.0711428 0.0739528 0.0740115 0.0717924 0.0678422 0.0626729 0.056727 0.0503656 0.043869 0.0374516 0.0312794 0.0254825 0.0201633 0.0154041 0.0112745 0.00783255 0.00511199
 0.00779455 0.012749 0.0193483 0.0275765 0.0371745 0.0474803 0.0574026 0.0656925 0.0713953 0.0741475 0.0741358 0.0718458 0.0678342 0.0626203 0.0566488 0.0502775 0.0437771 0.0373484 0.0311456 0.0252965 0.0199135 0.0150989 0.0109427 0.00751331 0.00484059
 0.0078263 0.0127965 0.0194125 0.0276559 0.0372666 0.047583 0.0575145 0.0658123 0.07152 0.074271 0.0742492 0.0719393 0.0679002 0.0626555 0.0566551 0.0502606 0.0437427 0.0372978 0.0310732 0.0251918 0.0197679 0.0149138 0.010733 0.00730405 0.00465702
 0.00783629 0.0128109 0.0194307 0.0276761 0.0372862 0.0475996 0.0575269 0.0658219 0.0715309 0.0742895 0.0742819 0.0719897 0.0679665 0.0627303 0.0567283 0.0503226 0.0437869 0.03732 0.0310697 0.0251579 0.0197003 0.0148138 0.0106101 0.00717444 0.00453862
 0.00787909 0.0128703 0.019501 0.0277459 0.0373411 0.0476278 0.0575237 0.0657904 0.0714802 0.0742321 0.0742301 0.0719542 0.0679546 0.0627442 0.0567643 0.0503722 0.043839 0.0373635 0.0310955 0.0251596 0.0196746 0.0147618 0.0105383 0.00709422 0.0044625
 0.00788783 0.0128869 0.0195301 0.0277914 0.037404 0.0477021 0.0575953 0.0658401 0.0714916 0.074199 0.0741608 0.0718677 0.0678732 0.0626853 0.0567369 0.0503757 0.0438655 0.0374011 0.0311314 0.0251829 0.0196784 0.0147442 0.0105031 0.00704893 0.00441637
 0.007921 0.0129324 0.019583 0.027843 0.0374446 0.0477262 0.057604 0.0658396 0.0714876 0.0741918 0.0741452 0.0718379 0.0678282 0.0626322 0.0566878 0.050342 0.0438531 0.0374082 0.0311503 0.0252032 0.0196908 0.0147435 0.010489 0.00702554 0.00438982
 0.00790406 0.0129096 0.0195573 0.0278189 0.0374259 0.047713 0.0575913 0.0658198 0.0714558 0.0741504 0.0741031 0.0718056 0.0678126 0.0626339 0.0567038 0.0503693 0.0438903 0.0374542 0.0312018 0.0252544 0.0197345 0.0147742 0.0105045 0.00702798 0.00438386
 0.00789593 0.0128892 0.0195138 0.0277395 0.037301 0.0475431 0.0573917 0.0656181 0.0712827 0.074029 0.0740427 0.0718038 0.0678604 0.062721 0.0568196 0.0505033 0.0440325 0.0375959 0.0313357 0.0253744 0.0198353 0.0148521 0.0105585 0.00706056 0.00440005
 0.00788278 0.0128682 0.0194825 0.0276946 0.0372378 0.0474552 0.057273 0.0654669 0.0711065 0.0738462 0.0738806 0.0716893 0.0678113 0.0627413 0.0569005 0.0506289 0.0441849 0.0377585 0.031495 0.0255198 0.0199595 0.0149506 0.0106304 0.00710798 0.00442783
 0.00787131 0.0128485 0.0194512 0.027648 0.0371731 0.0473718 0.057173 0.0653548 0.0709874 0.0737254 0.0737639 0.0715861 0.0677347 0.0627054 0.0569154 0.0506958 0.0442955 0.0378979 0.0316462 0.0256671 0.0200908 0.0150584 0.0107116 0.00716382 0.00446253
 0.007842 0.0127987 0.0193723 0.0275315 0.0370131 0.0471689 0.0569378 0.0651081 0.0707556 0.0735337 0.0736299 0.0715174 0.0677305 0.0627602 0.0570222 0.0508474 0.0444831 0.0381095 0.0318665 0.0258796 0.0202808 0.0152155 0.0108316 0.00724784 0.00451624
 0.00785406 0.0128131 0.0193841 0.0275321 0.0369917 0.0471152 0.0568451 0.0649757 0.0705907 0.0733509 0.0734495 0.0713612 0.067617 0.0627005 0.0570195 0.0508982 0.0445796 0.0382412 0.0320205 0.0260413 0.0204353 0.0153505 0.0109392 0.00732607 0.0045678
 0.00778255 0.0127073 0.0192443 0.0273649 0.0368077 0.046925 0.0566568 0.0647951 0.0704228 0.0732023 0.073329 0.0712792 0.0675838 0.0627234 0.0571006 0.0510335 0.0447594 0.0384519 0.0322462 0.0262657 0.020643 0.015529 0.0110809 0.00742929 0.00463641
 0.00776026 0.0126613 0.0191578 0.0272187 0.0365872 0.046631 0.056312 0.0644417 0.070109 0.0729658 0.0731871 0.0712295 0.067613 0.0628169 0.057247 0.051224 0.0449855 0.0387028 0.0325081 0.0265228 0.0208797 0.0157323 0.0112428 0.00754794 0.0047159
 0.00774729 0.0126383 0.0191189 0.0271555 0.0364888 0.0464853 0.0561097 0.0641819 0.0698057 0.0726498 0.0729008 0.0710148 0.0674981 0.0628093 0.0573359 0.0513889 0.0452038 0.0389539 0.0327736 0.0267855 0.0211235 0.0159435 0.0114126 0.00767355 0.00480088
 0.00936016 0.014901 0.0218602 0.0299939 0.0389427 0.0481495 0.0567946 0.0639399 0.0688514 0.0712459 0.0712769 0.0693402 0.0658889 0.0613427 0.0560587 0.0503214 0.0443445 0.0382866 0.0322747 0.0264285 0.0208814 0.0157899 0.0113226 0.00762566 0.00477812
 0.00932356 0.0151407 0.0227491 0.0319964 0.0424145 0.0530654 0.062575 0.0695443 0.0731476 0.0734541 0.0712252 0.0674091 0.0627429 0.0576453 0.0523088 0.0468229 0.0412499 0.0356534 0.0301076 0.0247038 0.0195593 0.0148203 0.0106478 0.00718414 0.0045089
 0.00898301 0.0146002 0.0219823 0.031046 0.0414488 0.0524191 0.0627123 0.0708956 0.0758567 0.0771872 0.0752082 0.0707223 0.0647044 0.0580481 0.051396 0.0450778 0.0391651 0.0335937 0.0282825 0.0232011 0.018392 0.0139611 0.0100504 0.00679414 0.00427179
 0.00879287 0.0142841 0.0214941 0.0303411 0.0405005 0.0512497 0.0614348 0.0697435 0.0751688 0.0773167 0.0763672 0.0728309 0.0673516 0.0606235 0.053337 0.0460853 0.0392657 0.0330446 0.0274097 0.0222747 0.0175761 0.0133238 0.0095965 0.00649616 0.00409121
 0.0087152 0.0141518 0.0212828 0.0300223 0.0400452 0.0506364 0.0606621 0.0688459 0.0742338 0.0764968 0.0758703 0.0728701 0.0680534 0.0619359 0.055003 0.0477245 0.0405282 0.0337464 0.0275713 0.0220585 0.0171829 0.0129131 0.00925671 0.0062547 0.00393894
 0.00869613 0.0141147 0.0212153 0.0299076 0.0398641 0.0503712 0.0603007 0.068386 0.0736872 0.0758963 0.0752804 0.072394 0.0678221 0.0620684 0.0555454 0.0486018 0.0415503 0.0346786 0.0282324 0.0223854 0.017228 0.0127895 0.00907585 0.00608945 0.00381913
 0.00869096 0.014108 0.0212078 0.0298995 0.0398526 0.0503479 0.0602501 0.0682872 0.0735193 0.0756465 0.0749527 0.0720168 0.0674533 0.0617911 0.0554481 0.0487428 0.0419213 0.0351936 0.028758 0.0227985 0.0174657 0.0128616 0.00903893 0.00600829 0.00373948
 0.008674 0.014081 0.0211686 0.0298469 0.0397875 0.0502733 0.0601714 0.0682093 0.073443 0.0755657 0.0748548 0.0718899 0.0672961 0.0616225 0.0553095 0.0486873 0.0419912 0.0353955 0.0290511 0.0231094 0.0177219 0.0130224 0.00910543 0.00601008 0.00371215
 0.00866832 0.0140703 0.0211499 0.0298165 0.0397423 0.0502122 0.0600966 0.0681269 0.0733612 0.0754919 0.0747922 0.0718356 0.0672427 0.0615637 0.0552481 0.0486396 0.0419839 0.0354522 0.0291767 0.0232824 0.017902 0.0131704 0.0092002 0.00605346 0.00372065
 0.00866781 0.0140724 0.021158 0.0298351 0.0397743 0.0502567 0.0601467 0.0681711 0.0733869 0.0754904 0.0747615 0.0717796 0.0671685 0.0614781 0.0551571 0.0485514 0.0419107 0.0354095 0.0291768 0.0233258 0.0179749 0.0132497 0.00926508 0.00609379 0.00373811
 0.0086727 0.0140787 0.0211646 0.0298405 0.0397777 0.0502594 0.0601521 0.0681832 0.0734074 0.0755161 0.0747845 0.0717904 0.0671599 0.0614482 0.0551094 0.0484932 0.0418519 0.0353612 0.0291493 0.023325 0.0179986 0.0132881 0.00930521 0.00612528 0.00375707
 0.00865409 0.0140527 0.0211332 0.029808 0.0397493 0.0502387 0.0601405 0.0681797 0.0734107 0.0755258 0.0748011 0.071813 0.067185 0.06147 0.055122 0.0484936 0.0418417 0.0353463 0.0291375 0.0233231 0.0180097 0.0133098 0.00933125 0.00614898 0.0037742
 0.00862133 0.0139991 0.0210524 0.0296952 0.0396039 0.0500676 0.0599599 0.068013 0.0732827 0.0754545 0.0747929 0.071863 0.0672807 0.061595 0.0552599 0.0486298 0.0419653 0.0354519 0.0292249 0.0233955 0.0180711 0.0133626 0.00937558 0.00618365 0.00379861
 0.00861579 0.0139876 0.0210304 0.0296566 0.0395424 0.0499789 0.0598439 0.0678764 0.0731388 0.0753218 0.0746908 0.0718074 0.0672788 0.0616445 0.0553496 0.048744 0.0420881 0.0355698 0.0293296 0.0234836 0.0181429 0.0134199 0.00942014 0.00621681 0.00382158
 0.00861703 0.0139916 0.0210399 0.0296744 0.0395698 0.0500128 0.059876 0.0678941 0.0731296 0.0752787 0.0746163 0.0717138 0.0671844 0.0615677 0.0553035 0.0487325 0.0421068 0.0356092 0.0293785 0.0235332 0.0181875 0.0134571 0.00944956 0.00623885 0.00383704
 0.00861703 0.0139916 0.0210399 0.0296744 0.0395698 0.0500128 0.059876 0.0678941 0.0731296 0.0752787 0.0746163 0.0717138 0.0671844 0.0615677 0.0553035 0.0487325 0.0421068 0.0356092 0.0293785 0.0235332 0.0181875 0.0134571 0.00944956 0.00623885 0.00383704
 0.00894589 0.0145091 0.0217845 0.0306642 0.0407917 0.05141 0.0613385 0.0692654 0.0742358 0.0759728 0.0748159 0.0714161 0.0664587 0.0605312 0.0540928 0.0474768 0.040909 0.0345379 0.0284696 0.022797 0.0176175 0.0130367 0.0091561 0.00604667 0.00372006
 0.00904059 0.0146961 0.0221256 0.0312339 0.0416546 0.0525873 0.062778 0.0708358 0.0757523 0.0772416 0.0756769 0.0717718 0.0662852 0.0598768 0.0530631 0.0462117 0.0395542 0.0332206 0.027283 0.0217956 0.0168215 0.0124399 0.00873518 0.00576895 0.00354983
 0.00881316 0.0143383 0.0216142 0.0305678 0.0408699 0.0517718 0.0620736 0.0704135 0.0757577 0.077733 0.0765922 0.0729441 0.0674989 0.0609326 0.0538271 0.0466343 0.0396626 0.0330928 0.027016 0.0214786 0.0165191 0.0121887 0.00854772 0.00564156 0.00347069
 0.00884595 0.0143602 0.0215893 0.0304439 0.0405937 0.0513134 0.061451 0.0697037 0.0750873 0.0772491 0.0764212 0.0731487 0.0680515 0.061719 0.0546826 0.0473974 0.0402221 0.033409 0.0271144 0.0214234 0.0163839 0.0120342 0.00841155 0.00553965 0.00340359
 0.00892095 0.0144818 0.0217691 0.0306854 0.0408831 0.0516101 0.061686 0.0697947 0.0749715 0.0769194 0.0759432 0.0726453 0.0676583 0.0615318 0.0547222 0.0476081 0.0405015 0.033654 0.0272581 0.0214501 0.0163191 0.0119216 0.00829227 0.0054397 0.00333257
 0.00895727 0.0145459 0.0218749 0.0308486 0.0411168 0.051917 0.0620496 0.0701735 0.0753016 0.0771277 0.0759707 0.072473 0.0673226 0.0611175 0.0543317 0.0473202 0.0403427 0.0335973 0.0272475 0.0214332 0.0162693 0.0118408 0.00819915 0.00535436 0.00326716
 0.00912666 0.0148118 0.0222567 0.0313562 0.0417468 0.0526482 0.0628378 0.0709519 0.0759886 0.0776412 0.0762425 0.0724612 0.0670212 0.0605637 0.0536044 0.046524 0.03958 0.0329395 0.0267215 0.0210284 0.015958 0.011598 0.00801006 0.00521285 0.00316875
 0.00924486 0.015016 0.0225848 0.0318477 0.0424292 0.0535182 0.0638462 0.0720036 0.0769628 0.0784216 0.0767428 0.0726349 0.066861 0.0600964 0.0528867 0.0456382 0.0386236 0.0320085 0.0258912 0.0203407 0.0154213 0.0111981 0.00772383 0.00501656 0.00304141
 0.00934418 0.01518 0.022837 0.0322122 0.0429274 0.0541609 0.064624 0.0728787 0.0778674 0.0792655 0.0774278 0.0730742 0.0669976 0.059914 0.052411 0.0449294 0.0377652 0.0310936 0.0250076 0.0195569 0.0147776 0.0107055 0.00737087 0.00477936 0.00289224
 0.00887511 0.0144469 0.0217929 0.0308451 0.041276 0.0523319 0.0628016 0.0713081 0.0768019 0.0788923 0.0778095 0.0741324 0.0685414 0.0616964 0.0541901 0.0465172 0.0390519 0.0320481 0.0256591 0.019968 0.0150188 0.010838 0.00743918 0.004812 0.00290609
 0.00889218 0.0144078 0.021612 0.0304052 0.0404636 0.0510913 0.0611827 0.0694778 0.0750109 0.0774128 0.0768704 0.0738706 0.068976 0.0627287 0.0556308 0.0481348 0.0406286 0.0334236 0.0267505 0.020764 0.0155569 0.0111778 0.00764081 0.00492478 0.00296541
 0.00896627 0.0145342 0.0218076 0.0306752 0.040782 0.0513821 0.0613173 0.0693068 0.0744278 0.0764208 0.0756088 0.0725808 0.0679212 0.0621083 0.0555255 0.048498 0.0413194 0.0342616 0.0275716 0.0214574 0.0160759 0.011527 0.00785412 0.00504385 0.0030264
 0.00894933 0.0145188 0.0218075 0.030712 0.0408803 0.0515592 0.0615683 0.0695914 0.0746654 0.0765038 0.0754392 0.0721199 0.0672255 0.0613247 0.0548413 0.0480693 0.0412156 0.0344521 0.0279539 0.0219072 0.0164914 0.0118518 0.00807559 0.00517765 0.00309867
 0.00923621 0.0149691 0.0224536 0.0315694 0.0419401 0.0527793 0.062866 0.0708456 0.075733 0.0772464 0.0757474 0.0719309 0.066537 0.0602082 0.0534424 0.0465846 0.0398435 0.0333386 0.0271593 0.0214087 0.0162155 0.0117142 0.00800964 0.00514342 0.00307786
#pred catch len freq
 0.00403092 0.00643025 0.00948481 0.0131681 0.0174758 0.0223943 0.0278287 0.0335675 0.0393168 0.0447629 0.049624 0.0536883 0.0568421 0.0590718 0.060434 0.0610124 0.0608864 0.0601073 0.0586648 0.056436 0.053157 0.0484935 0.0422469 0.0346083 0.0262672
 0.00446389 0.00707201 0.0103411 0.0142196 0.0187044 0.0238137 0.0294899 0.0355213 0.0415458 0.0471239 0.0518454 0.0554371 0.0578321 0.0591599 0.0596599 0.0595706 0.0590467 0.0581198 0.0566867 0.0545104 0.051253 0.0465816 0.0403617 0.0328572 0.0247825
 0.00468196 0.00745408 0.0109644 0.0151662 0.0200361 0.0255391 0.0315446 0.0377833 0.0438819 0.0494306 0.0540444 0.0574264 0.0594414 0.0601629 0.059851 0.0588587 0.0575022 0.0559468 0.0541398 0.0518121 0.048556 0.043987 0.037961 0.0307541 0.023074
 0.00494257 0.00785589 0.0115343 0.0159303 0.021034 0.0268342 0.0332131 0.0398749 0.0463664 0.0521666 0.0567982 0.0599356 0.0614784 0.061559 0.060483 0.0586372 0.0563927 0.0540057 0.0515288 0.0487679 0.0453377 0.0408336 0.0350735 0.0282884 0.0211281
 0.00520586 0.00827719 0.0121557 0.0167867 0.0221483 0.0282123 0.0348416 0.0417267 0.0484109 0.0543701 0.0591034 0.0622297 0.0635803 0.0632433 0.0615304 0.0588807 0.0557423 0.0524599 0.0491811 0.0458071 0.0420277 0.0374734 0.031947 0.0256178 0.0190406
 0.00552451 0.00877526 0.0128703 0.0177447 0.0233692 0.0297082 0.0366096 0.0437347 0.0505874 0.0566081 0.0612783 0.0642217 0.0652843 0.0645603 0.0623512 0.0590822 0.0552088 0.0511209 0.0470498 0.0430039 0.0387795 0.0340819 0.028731 0.0228444 0.0168699
 0.00585329 0.0092919 0.0136155 0.0187475 0.0246455 0.031259 0.0384144 0.0457445 0.0527237 0.0587672 0.0633399 0.0660602 0.066783 0.0656241 0.0629086 0.0590763 0.0545861 0.0498355 0.0450908 0.0404345 0.0357643 0.0308803 0.0256479 0.0201552 0.0147511
 0.00613653 0.00974831 0.0142959 0.019699 0.0259061 0.0328468 0.0403125 0.0478895 0.0550057 0.0610428 0.0654524 0.0678618 0.0681536 0.0664818 0.0632095 0.0588045 0.0537391 0.0484163 0.0431161 0.0379617 0.0329224 0.0278804 0.0227538 0.0176193 0.0127443
 0.00643944 0.0102203 0.0149704 0.0206002 0.0270531 0.0342563 0.0419925 0.0498232 0.0571326 0.0632484 0.0675753 0.0697193 0.0695777 0.0673512 0.063464 0.058439 0.0527848 0.046921 0.041138 0.03558 0.03026 0.0251169 0.0201102 0.0153096 0.0109164
 0.00676959 0.010731 0.0156913 0.0215433 0.0282149 0.0356204 0.0435295 0.0514886 0.0588677 0.064982 0.0692237 0.0711841 0.0707482 0.0681168 0.0637352 0.0581653 0.0519619 0.0455853 0.039356 0.0334451 0.0278982 0.0226911 0.017808 0.0133077 0.00933543
 0.00701503 0.0111292 0.0162892 0.0223842 0.0293305 0.0370176 0.0451752 0.0533031 0.0607325 0.0667611 0.0707886 0.0724319 0.0716091 0.0685509 0.063723 0.0577014 0.0510543 0.0442606 0.0376661 0.0314722 0.0257576 0.0205283 0.0157832 0.0115656 0.00797004
