SBPRF35
7.78865
Curr Bio
553137
B35
687167
F35
0.209297
FOFL
0.149847
OFL
59976.9
Bzero
2.22533e+006
#pred survey bio
 4.88566e+006 4.58683e+006 4.3047e+006 3.97839e+006 3.62178e+006 3.27002e+006 2.93502e+006 2.61009e+006 2.30597e+006 2.04974e+006 1.82213e+006 1.59864e+006 1.40551e+006 1.23605e+006 1.10387e+006 982800 874167 823506 780194 750490 703962 672112 665120 655377 640466 624868 616007 612320 606188 589666 581432 580095 582270 578258 567331 556376 545303 541418 552315 551321 563055 567728 571997 577693 579654 583121 584585 586453 594414 602334 611764 600119 621570 613257 570790 561627 571066 572130 594959 592935 558433 1.77279e+007 1.04511e+007 1.06282e+007 1.13652e+007 1.24007e+007 1.34853e+007 1.44686e+007 1.52869e+007 1.59312e+007 1.64201e+007 1.67822e+007 1.70461e+007 1.72367e+007 1.73737e+007 1.74722e+007 1.75431e+007 1.75943e+007 1.76315e+007 1.76586e+007 1.76786e+007 1.76934e+007 1.77044e+007 1.77127e+007 1.77189e+007 1.77235e+007 1.77271e+007 1.77298e+007 1.77319e+007 1.77334e+007 1.77346e+007 1.77355e+007 1.77363e+007 1.77368e+007 1.77372e+007 1.77376e+007 1.77378e+007 1.7738e+007 1.77381e+007 1.77383e+007 1.77384e+007 1.77384e+007 1.77385e+007 1.77385e+007 1.77386e+007 1.77386e+007 1.77386e+007 1.77386e+007 1.77386e+007 1.77386e+007 1.77386e+007 1.77386e+007 1.77386e+007 1.77387e+007 1.77387e+007 1.77387e+007 1.77387e+007 1.77387e+007 1.77387e+007 1.77387e+007 1.77387e+007 1.77387e+007 1.77387e+007 1.77387e+007 1.77387e+007 1.77387e+007 1.77387e+007 1.77387e+007 1.77387e+007 1.77387e+007 1.77387e+007 1.77387e+007 1.77387e+007 1.77387e+007 1.77387e+007 1.77387e+007 1.77387e+007 1.77387e+007 1.77387e+007 1.77387e+007 1.77387e+007 1.77387e+007 1.77387e+007 1.77387e+007 1.77387e+007 1.77387e+007 1.77387e+007 1.77387e+007 1.77387e+007 1.77387e+007 1.77387e+007 1.77387e+007 1.77387e+007 1.77387e+007 1.77387e+007 1.77387e+007 1.77387e+007 1.77387e+007 1.77387e+007 1.77387e+007 1.77387e+007 0 0 0 0 0 0 0 0 0 0 0 0 0 0 0 0 0 0 0 0 0 0 0 0 0
#obs survey bio
 4.86076e+006 3.51677e+006 3.04478e+006 3.31205e+006 2.97864e+006 1.84973e+006 1.9746e+006 2.66322e+006 1.65616e+006 1.8317e+006 2.5119e+006 1.54503e+006 990344 980036 834477 746331 570628 630306 536526 612627 793545 620596 417675 541666 713968 468791 668824 480200 579865 375536 544510 509070 772668 482886 376363 605422 446013 504732 661705 690311 465862 518974 662888 450482 604841 609586 674073 546866 593053 731729 457425 808024 528646 800879 446204 757810 345730 512610 871371 970917 455853
#pred catch bio
 103827 97261.6 155012 209824 238504 258611 283773 295759 278899 274294 286444 271550 259719 233327 226731 215701 165147 157608 143332 152959 135586 112290 113430 115406 112974 104734 98586.3 99538.9 107110 98974.6 92472.1 88725.1 92247.8 95204.5 92186.6 91768.7 88966.2 81000.1 93203.8 83088.3 89301.1 88977 86672.6 88867.8 87266.5 89305.5 89750 86150.3 88154.4 88562.2 106136 77517 101581 127832 98503.1 83736.8 90884.2 71857.1 90427.8 112643 120139 59976.9 79750.2 79763.7 84019.4 91223.2 99041.3 106092 111842 116238 119451 121724 123292 124354 125063 125530 125835 126033 126160 126242 126294 126328 126349 126362 126371 126376 126380 126382 126383 126384 126384 126385 126385 126385 126385 126385 126385 126385 126385 126385 126385 126385 126385 126385 126385 126385 126385 126385 126385 126385 126385 126385 126385 126385 126385 126385 126385 126385 126385 126385 126385 126385 126385 126385 126385 126385 126385 126385 126385 126385 126385 126385 126385 126385 126385 126385 126385 126385 126385 126385 126385 126385 126385 126385 126385 126385 126385 126385 126385 126385 126385 126385 126385 126385 126385 126385 126385 126385 126385 126385 126385 0 0 0 0 0 0 0 0 0 0 0 0 0 0 0 0 0 0 0 0 0 0 0 0 0
#obs catch bio
 0 96881.7 155503 211138 240613 261996 289394 302509 285335 281471 293624 277830 267335 240702 234755 223510 169640 162210 146971 157173 137856 113687 115938 117870 114621 106575 99618.1 100713 108848 100887 94157.1 90296.8 93925.8 96926.4 93949.4 93053.1 90749.7 81861.7 94175.5 83466.9 89967.6 89980.7 87004.4 89190 87284.5 89533.4 90162.3 86527 88823.1 89164 108076 77707.6 101935 129065 99093.5 83925.9 92072.6 72107.3 90498.2 112503 120300
#pred cpue bio
 4.81297e+006 4.51962e+006 4.24192e+006 3.91758e+006 3.56224e+006 3.21177e+006 2.87805e+006 2.55481e+006 2.25276e+006 1.99828e+006 1.77254e+006 1.55145e+006 1.36034e+006 1.1927e+006 1.06206e+006 942951 836558 787004 745068 716660 672108 641604 634874 625519 611471 596758 588473 585132 579215 563107 555107 553953 556370 552953 542900 532696 521371 516119 525796 524980 536719 541464 545902 551822 553924 557244 558479 560060 567479 574882 583901 572772 594090 586420 544924 535541 544668 546054 568889 567837 535017 1.69854e+007 1.0017e+007 1.00763e+007 1.0674e+007 1.16572e+007 1.27285e+007 1.3709e+007 1.45267e+007 1.51709e+007 1.56598e+007 1.60219e+007 1.62858e+007 1.64764e+007 1.66135e+007 1.67119e+007 1.67828e+007 1.6834e+007 1.68712e+007 1.68984e+007 1.69183e+007 1.69331e+007 1.69441e+007 1.69524e+007 1.69586e+007 1.69633e+007 1.69668e+007 1.69695e+007 1.69716e+007 1.69731e+007 1.69743e+007 1.69753e+007 1.6976e+007 1.69765e+007 1.69769e+007 1.69773e+007 1.69775e+007 1.69777e+007 1.69779e+007 1.6978e+007 1.69781e+007 1.69781e+007 1.69782e+007 1.69782e+007 1.69783e+007 1.69783e+007 1.69783e+007 1.69783e+007 1.69783e+007 1.69784e+007 1.69784e+007 1.69784e+007 1.69784e+007 1.69784e+007 1.69784e+007 1.69784e+007 1.69784e+007 1.69784e+007 1.69784e+007 1.69784e+007 1.69784e+007 1.69784e+007 1.69784e+007 1.69784e+007 1.69784e+007 1.69784e+007 1.69784e+007 1.69784e+007 1.69784e+007 1.69784e+007 1.69784e+007 1.69784e+007 1.69784e+007 1.69784e+007 1.69784e+007 1.69784e+007 1.69784e+007 1.69784e+007 1.69784e+007 1.69784e+007 1.69784e+007 1.69784e+007 1.69784e+007 1.69784e+007 1.69784e+007 1.69784e+007 1.69784e+007 1.69784e+007 1.69784e+007 1.69784e+007 1.69784e+007 1.69784e+007 1.69784e+007 1.69784e+007 1.69784e+007 1.69784e+007 1.69784e+007 1.69784e+007 1.69784e+007 1.69784e+007 1.69784e+007 0 0 0 0 0 0 0 0 0 0 0 0 0 0 0 0 0 0 0 0 0 0 0 0 0
#obs cpue bio
 3.67309e+006 5.22743e+006 2.87935e+006 2.56737e+006 2.42476e+006 2.91466e+006 2.16892e+006 2.01835e+006 2.25326e+006 1.44408e+006 1.56775e+006 1.39241e+006 1.01055e+006 783385 847677 877464 797787 682347 758981 741993 731597 536170 423700 633079 688347 445556 691112 562559 432755 454939 439955 451086 344564 558400 527062 595451 312491 699967 574501 426155 555076 365752 738153 719280 645496 438121 391485 516766 412275 394931 466037 537573 994945 371259 548231 424051 480952 629026 726628 443573 585188
#pred surv len freq
 0.00498944 0.00810096 0.0121923 0.0172434 0.0231319 0.0295524 0.0359881 0.0418336 0.0466216 0.0501774 0.0525979 0.0541194 0.0549943 0.0554262 0.055546 0.0554086 0.0550046 0.0542761 0.053111 0.0513093 0.0485607 0.0445081 0.0389364 0.0320079 0.0243624
 0.00524175 0.00840086 0.012445 0.0173067 0.022871 0.0289185 0.03507 0.040839 0.0457877 0.0496626 0.0524211 0.0541768 0.0551339 0.0555317 0.0555876 0.0554448 0.0551415 0.0546035 0.0536464 0.0519773 0.0492208 0.0450185 0.0392168 0.0320655 0.0242705
 0.00560281 0.00896905 0.0132569 0.018362 0.0241087 0.0301968 0.0361718 0.0415268 0.0458993 0.0491972 0.0515478 0.0531499 0.054169 0.0547264 0.0549301 0.0548836 0.0546529 0.054211 0.0533883 0.0518582 0.0491893 0.0449886 0.0391164 0.0318745 0.0240225
 0.00588489 0.00943559 0.0139735 0.0193933 0.0255016 0.031952 0.0382095 0.0436662 0.0478732 0.0507087 0.0523588 0.0531643 0.0534652 0.0535149 0.0534583 0.0533476 0.0531647 0.0528207 0.0521203 0.0507271 0.0481945 0.0441117 0.0383353 0.0311828 0.0234354
 0.00619771 0.00993047 0.0146946 0.0203774 0.0267775 0.0335365 0.0400952 0.0458034 0.0501522 0.0529505 0.0543244 0.0545927 0.0541407 0.0533384 0.0524838 0.0517575 0.0511979 0.0506975 0.0500017 0.0487136 0.0463451 0.0424622 0.0369111 0.0300039 0.0225139
 0.00652281 0.0104479 0.0154527 0.021414 0.0281141 0.0351699 0.0419891 0.0478873 0.0523312 0.0551173 0.0563596 0.0563533 0.0554536 0.0540205 0.0523925 0.0508474 0.0495494 0.0484952 0.0474786 0.0460933 0.0438092 0.0401456 0.0349081 0.0283728 0.0212746
 0.00677985 0.0108701 0.0160961 0.0223336 0.0293532 0.0367435 0.0438672 0.0499891 0.0545388 0.0573003 0.0583966 0.0581374 0.0568828 0.0549829 0.052764 0.0505148 0.0484533 0.0466711 0.0450683 0.0433191 0.0409253 0.0373908 0.0324725 0.0263792 0.0197703
 0.0070587 0.0113134 0.0167457 0.0232246 0.0305118 0.0381809 0.0455701 0.0519111 0.0565985 0.0593897 0.060394 0.0599224 0.0583458 0.0560271 0.0532992 0.0504524 0.0477164 0.0452245 0.0429559 0.0406857 0.0380044 0.0344597 0.029793 0.0241438 0.0180711
 0.00740265 0.011853 0.0175214 0.0242614 0.0318161 0.0397366 0.0473333 0.0538094 0.0585406 0.0612809 0.0621475 0.061461 0.0595974 0.05692 0.0537599 0.0504058 0.0470908 0.0439677 0.0410653 0.0382418 0.0351869 0.0315282 0.0270311 0.0217875 0.016254
 0.00765154 0.0122615 0.0181428 0.0251462 0.0330001 0.0412236 0.0490789 0.0557189 0.0604871 0.0631355 0.0638049 0.0628488 0.0606701 0.0576454 0.0541049 0.050327 0.0465341 0.0428806 0.0394233 0.0360831 0.0326404 0.0288116 0.0244097 0.0195047 0.014465
 0.00790396 0.0126614 0.0187263 0.0259424 0.0340296 0.0424935 0.0505739 0.0573922 0.0622578 0.0648956 0.0654354 0.0642389 0.0617343 0.0583315 0.0543883 0.0501952 0.0459715 0.0418647 0.0379389 0.0341533 0.0303582 0.0263523 0.022004 0.0173793 0.0127773
 0.00830827 0.0132869 0.0196083 0.027092 0.0354328 0.0441116 0.0523416 0.0592196 0.0640409 0.0665333 0.066842 0.0653473 0.0624941 0.0587069 0.0543595 0.0497574 0.0451288 0.0406237 0.0363114 0.0321729 0.0281068 0.0239758 0.0196984 0.0153439 0.0111556
 0.0086801 0.0138807 0.0204804 0.028284 0.0369589 0.0459427 0.0543907 0.061344 0.0660687 0.0683037 0.0682385 0.0663092 0.0630066 0.0587832 0.0540243 0.0490368 0.0440465 0.0392017 0.0345759 0.0301675 0.025911 0.0217164 0.0175404 0.0134541 0.00965397
 0.00900134 0.0143963 0.0212439 0.0293405 0.0383361 0.0476366 0.056349 0.0634582 0.0681837 0.070244 0.0698405 0.0674487 0.0636154 0.058852 0.0535902 0.0481628 0.0428005 0.0376445 0.0327618 0.028156 0.0237831 0.0195854 0.0155449 0.0117296 0.00829493
 0.00919402 0.0147127 0.0217264 0.0300311 0.0392698 0.0488287 0.057782 0.065074 0.0698881 0.0719189 0.0713585 0.068687 0.0644701 0.0592521 0.0535082 0.0476153 0.0418388 0.0363386 0.0311885 0.0263963 0.0219285 0.0177441 0.0138365 0.0102648 0.00714702
 0.00936397 0.0149912 0.0221497 0.0306346 0.0400815 0.0498585 0.0590105 0.0664476 0.0713252 0.0733235 0.0726337 0.0697435 0.0652311 0.0596572 0.0535189 0.0472206 0.0410579 0.0352194 0.0298012 0.0248273 0.0202768 0.0161177 0.0123442 0.00899945 0.00616488
 0.00960293 0.0153614 0.0226731 0.0313204 0.0409264 0.0508471 0.0601131 0.0676175 0.0725002 0.0744329 0.0736069 0.0705179 0.0657562 0.0598968 0.053451 0.0468373 0.0403673 0.0342485 0.0285985 0.0234632 0.0188399 0.0147078 0.0110597 0.00791968 0.00533426
 0.00956051 0.0153039 0.0226083 0.0312648 0.040903 0.0508821 0.0602323 0.067844 0.0728516 0.0749167 0.0742142 0.0712176 0.0664935 0.0605987 0.054037 0.0472336 0.0405189 0.0341281 0.0282114 0.0228483 0.0180658 0.0138631 0.0102376 0.00719943 0.00476559
 0.00951575 0.0152366 0.0225177 0.0311551 0.0407845 0.0507712 0.060151 0.0678184 0.0729076 0.0750748 0.0744846 0.071597 0.0669636 0.061124 0.0545661 0.0477029 0.0408629 0.0342923 0.0281657 0.0225956 0.0176437 0.0133369 0.00968519 0.00669279 0.00435406
 0.00937707 0.0150283 0.0222365 0.0308104 0.0403966 0.0503684 0.0597675 0.0674927 0.0726793 0.074979 0.0745456 0.0718232 0.0673454 0.061634 0.0551597 0.0483219 0.0414404 0.0347625 0.0284761 0.0227196 0.0175881 0.0131409 0.00940924 0.00640089 0.00409671
 0.00954085 0.0152579 0.0225146 0.0310979 0.0406445 0.0505353 0.0598339 0.0674632 0.0725754 0.074828 0.0743745 0.0716576 0.0672098 0.0615504 0.055142 0.0483694 0.0415339 0.0348664 0.0285473 0.0227209 0.0175014 0.0129738 0.00919183 0.00617364 0.00389562
 0.00980877 0.0156491 0.0230196 0.0316756 0.0412292 0.0510513 0.0602106 0.0676484 0.0725459 0.0745979 0.0739934 0.071197 0.0667429 0.0611349 0.0548128 0.048139 0.0413955 0.0347974 0.028514 0.0226868 0.0174381 0.01287 0.00905548 0.00602599 0.00376028
 0.00972819 0.0155509 0.0229309 0.0316384 0.0412838 0.0512135 0.0604551 0.067912 0.0727512 0.0746853 0.0739432 0.0710326 0.0665172 0.060909 0.054637 0.048042 0.0413821 0.0348518 0.0286073 0.0227851 0.0175117 0.0129015 0.00904347 0.00598266 0.00370408
 0.0095423 0.0152783 0.0225775 0.0312334 0.0408773 0.0508683 0.0602341 0.0678627 0.0728881 0.074977 0.0743176 0.0714016 0.0668104 0.0610973 0.0547346 0.0480889 0.0414207 0.0349095 0.0286898 0.0228804 0.0176 0.012965 0.00907424 0.00598409 0.00368698
 0.00955381 0.0152725 0.0225248 0.0310951 0.0406205 0.0504873 0.0597673 0.0673906 0.0725097 0.0747751 0.0743291 0.0716066 0.067143 0.0614725 0.0550795 0.0483633 0.0416208 0.0350552 0.0288056 0.0229816 0.0176889 0.013036 0.00912173 0.00600765 0.00369206
 0.00956999 0.0153011 0.0225702 0.0311578 0.0406913 0.0505419 0.0597672 0.0672959 0.0723017 0.0744757 0.0740019 0.0713341 0.0669914 0.0614648 0.0551912 0.0485413 0.0418106 0.0352213 0.0289363 0.0230809 0.0177646 0.0130932 0.00916173 0.00603148 0.00370254
 0.00961337 0.0153551 0.0226216 0.0311858 0.0406746 0.050469 0.0596422 0.0671349 0.0721221 0.0742869 0.0738075 0.0711427 0.0668267 0.0613615 0.055179 0.0486273 0.0419742 0.0354243 0.0291403 0.0232598 0.0179075 0.0131995 0.00923568 0.00607889 0.00372974
 0.00970178 0.01548 0.022774 0.0313436 0.0408067 0.0505427 0.0596325 0.067031 0.0719309 0.0740328 0.0735255 0.0708691 0.0665904 0.0611826 0.0550712 0.0485986 0.0420239 0.0355388 0.0292943 0.023424 0.0180574 0.0133208 0.00932436 0.00613783 0.00376525
 0.00971143 0.0155096 0.0228429 0.031475 0.0410175 0.0508298 0.0599627 0.0673444 0.0721592 0.0741235 0.0734601 0.0706657 0.0662939 0.0608476 0.0547477 0.0483244 0.0418213 0.0354149 0.0292423 0.0234262 0.0180915 0.0133661 0.00936645 0.00616984 0.00378611
 0.00975624 0.0155847 0.0229607 0.0316495 0.0412626 0.0511548 0.0603656 0.0678044 0.0726323 0.0745458 0.0737601 0.0707849 0.0662061 0.0605688 0.0543303 0.0478392 0.0413377 0.0349859 0.0288977 0.0231739 0.0179223 0.0132618 0.00930693 0.00613799 0.00376984
 0.00971632 0.0155252 0.0228818 0.0315567 0.0411674 0.051075 0.0603245 0.0678276 0.0727405 0.0747452 0.0740337 0.0710911 0.0664872 0.0607684 0.054412 0.0477987 0.0412017 0.0347989 0.0287056 0.02301 0.0178021 0.0131853 0.00926484 0.00611816 0.00376206
 0.00960609 0.0153566 0.0226484 0.0312607 0.0408208 0.0506997 0.0599528 0.0675013 0.0725055 0.074642 0.074087 0.0713013 0.0668266 0.061185 0.0548409 0.0481795 0.0414943 0.0349928 0.0288154 0.0230639 0.0178281 0.013202 0.00928041 0.00613348 0.0037753
 0.0094032 0.0150513 0.0222349 0.0307507 0.0402412 0.0500875 0.0593519 0.0669602 0.0720743 0.0743656 0.0739979 0.0714135 0.0671324 0.0616536 0.0554203 0.0488039 0.0420973 0.0355213 0.0292405 0.023382 0.0180535 0.0133567 0.00938461 0.00620239 0.00381929
 0.00924907 0.0148114 0.0218946 0.0303056 0.0397002 0.0494757 0.0587123 0.066351 0.0715579 0.0739948 0.0738054 0.0714104 0.0673129 0.0619988 0.0559 0.0493758 0.0427089 0.0361173 0.0297734 0.0238212 0.0183896 0.0135973 0.00954718 0.00630663 0.00388269
 0.0092582 0.0148093 0.0218602 0.0302092 0.039511 0.0491747 0.0583035 0.0658649 0.0710455 0.0735152 0.0734133 0.0711475 0.067203 0.062048 0.0560979 0.0496982 0.04312 0.0365729 0.0302267 0.0242312 0.0187288 0.0138551 0.00972799 0.00642416 0.00395368
 0.0100189 0.0158793 0.0231612 0.0315623 0.0406846 0.0499637 0.0585944 0.0656552 0.070419 0.0726003 0.0723486 0.0700602 0.0661968 0.0611963 0.0554415 0.0492477 0.0428609 0.0364725 0.0302412 0.0243138 0.0188375 0.0139595 0.00981162 0.00648257 0.00399007
 0.0106563 0.0168935 0.0246368 0.0335373 0.043113 0.0526744 0.0612749 0.0678971 0.0718347 0.0729584 0.0716511 0.0685179 0.0641309 0.0589297 0.0532298 0.0472572 0.0411779 0.0351227 0.0292092 0.0235593 0.0183087 0.0136034 0.00958099 0.00633935 0.00390543
 0.0104514 0.0166799 0.0245372 0.0337407 0.0438258 0.0540383 0.0632878 0.0703774 0.0744461 0.0752871 0.0733092 0.0692464 0.0638664 0.0578086 0.0515264 0.0452887 0.0392197 0.0333637 0.0277471 0.0224191 0.0174683 0.013016 0.0091917 0.00609535 0.00376154
 0.00998779 0.0159751 0.023575 0.0325599 0.0425351 0.0528249 0.0624065 0.0701011 0.0749742 0.0766457 0.0753033 0.0715014 0.0659476 0.0593607 0.0523716 0.0454473 0.0388598 0.0327143 0.0270177 0.0217542 0.0169391 0.0126364 0.00894209 0.00594359 0.00367583
 0.00994904 0.0158776 0.0233659 0.0321722 0.0419106 0.0519496 0.0613447 0.0690079 0.0740732 0.0761741 0.0754367 0.0722835 0.0672552 0.0609278 0.0538733 0.0466092 0.0395406 0.0329259 0.0268834 0.0214375 0.016581 0.0123252 0.00871267 0.0057945 0.00358879
 0.00989719 0.0157891 0.0232232 0.0319513 0.0415805 0.0514758 0.0606998 0.0681909 0.0731326 0.0752237 0.0746486 0.0718488 0.0673186 0.0615234 0.0548961 0.0478425 0.0407326 0.0338775 0.0275046 0.0217486 0.016671 0.0122972 0.00864621 0.00573309 0.00354695
 0.00971805 0.0155398 0.0229244 0.0316461 0.0413182 0.0512873 0.0605792 0.0680934 0.0729934 0.0749887 0.0743057 0.0714474 0.0669652 0.0613487 0.0550009 0.0482477 0.0413621 0.0345876 0.0281451 0.0222204 0.0169501 0.0124193 0.00867206 0.00571694 0.00352243
 0.00963982 0.0154001 0.0226939 0.0312966 0.0408381 0.0507 0.0599519 0.067524 0.0725731 0.0747621 0.0742537 0.0715069 0.067073 0.0614807 0.0551824 0.0485288 0.0417751 0.0351147 0.0287178 0.02275 0.0173673 0.012699 0.00883016 0.00579087 0.00354972
 0.00967549 0.0154381 0.0227131 0.0312626 0.0407092 0.05044 0.0595454 0.0669886 0.0719645 0.0741658 0.0737627 0.071191 0.0669564 0.0615414 0.0553756 0.0488153 0.0421347 0.0355364 0.02918 0.0232119 0.0177789 0.0130216 0.00905107 0.00592242 0.00361768
 0.00977357 0.0155854 0.0229107 0.0315001 0.0409627 0.0506722 0.0597073 0.0670277 0.0718393 0.073864 0.0733139 0.0706643 0.0664403 0.0611165 0.0550914 0.0486843 0.0421418 0.035654 0.029377 0.0234539 0.0180288 0.0132445 0.00922351 0.00603812 0.00368481
 0.00984655 0.0156983 0.0230696 0.0317059 0.0412096 0.0509462 0.0599842 0.0672719 0.0720078 0.0739145 0.073217 0.0704152 0.0660662 0.0606737 0.0546511 0.0483125 0.0418819 0.03552 0.0293571 0.0235197 0.0181445 0.0133749 0.00934118 0.00612755 0.00374302
 0.00990314 0.0157896 0.0232055 0.0318943 0.0414541 0.051242 0.0603152 0.0676096 0.0723144 0.0741493 0.0733433 0.0704063 0.0659116 0.0603847 0.0542634 0.0478811 0.0414686 0.0351769 0.0291142 0.023381 0.0180926 0.013381 0.00937551 0.00616724 0.00377525
 0.0100247 0.0159672 0.023436 0.0321627 0.0417388 0.0515235 0.0605807 0.067853 0.0725308 0.0743294 0.0734707 0.0704599 0.0658707 0.0602366 0.0540101 0.0475433 0.0410847 0.0347949 0.0287793 0.0231234 0.0179212 0.0132857 0.00933497 0.00615822 0.00377961
 0.0100173 0.0159682 0.0234605 0.0322306 0.0418672 0.051716 0.0608208 0.0681071 0.0727615 0.0745104 0.0735935 0.0705288 0.0658919 0.0602096 0.0539283 0.0474014 0.0408872 0.0345607 0.0285381 0.0229067 0.0177518 0.0131718 0.00927054 0.00612923 0.00377089
 0.00995582 0.0158802 0.0233513 0.0321148 0.0417674 0.0516584 0.0608294 0.0681966 0.0729308 0.074739 0.0738461 0.0707659 0.0660825 0.0603373 0.0539892 0.0473983 0.0408262 0.034452 0.0283984 0.022758 0.0176166 0.0130658 0.00919924 0.00608866 0.00375196
 0.00968444 0.0154893 0.0228564 0.0315636 0.0412277 0.0511979 0.0604998 0.0680277 0.0729325 0.0749048 0.0741535 0.0711771 0.0665483 0.0608059 0.0544163 0.047754 0.0410965 0.0346367 0.0285074 0.0228085 0.0176292 0.0130601 0.0091896 0.00608234 0.00375033
 0.00959879 0.0153536 0.0226606 0.031305 0.0409172 0.0508651 0.0601942 0.0678092 0.0728523 0.0749843 0.0743761 0.0714963 0.0669072 0.0611542 0.0547184 0.0479897 0.0412582 0.0347266 0.028536 0.0227916 0.0175854 0.0130071 0.00914094 0.00604538 0.00372653
 0.00950193 0.015166 0.0223244 0.0307531 0.0400954 0.0497665 0.0588873 0.0664406 0.0716153 0.0740674 0.0739123 0.0715344 0.0674082 0.0620114 0.0557903 0.0491344 0.042359 0.0357044 0.0293488 0.0234286 0.0180576 0.0133386 0.00936129 0.00618398 0.0038088
 0.00971466 0.0154892 0.0227652 0.0312931 0.0406844 0.0503192 0.0592893 0.0665728 0.0713959 0.0734944 0.0730796 0.0706063 0.0665638 0.0613866 0.055445 0.0490522 0.0424717 0.0359249 0.0295996 0.0236561 0.0182355 0.0134621 0.00943854 0.00622791 0.00383177
 0.010061 0.0160483 0.0235963 0.0324406 0.0421584 0.0520695 0.0611822 0.0683924 0.0728814 0.0744059 0.0732654 0.0700466 0.0653746 0.0597854 0.0536869 0.0473634 0.0410026 0.0347387 0.0286904 0.0229812 0.0177433 0.0131084 0.00919036 0.00606086 0.00372593
 0.00994704 0.0158944 0.023425 0.0322987 0.0421124 0.0521924 0.0615359 0.0690059 0.0737297 0.075396 0.0742431 0.0708311 0.0658132 0.0598043 0.0533152 0.0467163 0.0402355 0.0339938 0.0280599 0.0224995 0.0174017 0.0128778 0.00903956 0.00596476 0.00366687
 0.0097125 0.0155249 0.0228937 0.0315961 0.0412573 0.0512448 0.0606048 0.0682406 0.0732862 0.0753886 0.0747016 0.0716828 0.0668991 0.060924 0.0542859 0.0474237 0.0406559 0.0341796 0.0281004 0.0224786 0.0173733 0.0128631 0.0090387 0.00597054 0.00367323
 0.0094723 0.0151676 0.022417 0.0310178 0.0406077 0.050557 0.0599107 0.0675776 0.0727088 0.0749729 0.0745333 0.0718296 0.0673776 0.0616797 0.0551993 0.0483455 0.0414549 0.0347806 0.0284949 0.0227075 0.017495 0.0129279 0.00907723 0.00599648 0.00369107
 0.00909356 0.0145711 0.0215578 0.0298745 0.0391946 0.0489376 0.058207 0.0659596 0.0713595 0.0740433 0.0741126 0.0719422 0.0679965 0.0627375 0.0565905 0.0499285 0.0430683 0.0362736 0.0297603 0.0236989 0.0182214 0.0134318 0.00941132 0.00620868 0.00381926
 0.00891733 0.0142977 0.0211697 0.0293613 0.0385518 0.048166 0.0573173 0.0649828 0.0703555 0.0731015 0.0733397 0.0714405 0.0678406 0.0629586 0.0571715 0.0508068 0.0441433 0.037422 0.0308592 0.0246519 0.0189764 0.0139824 0.00978381 0.00644393 0.00395836
 0.00864733 0.0139298 0.0207462 0.0289624 0.0382687 0.0480593 0.0573843 0.0651535 0.0705208 0.0731567 0.0732242 0.0711579 0.0674565 0.0625779 0.0569039 0.050733 0.0442925 0.0377675 0.0313314 0.025163 0.0194479 0.0143645 0.0100603 0.00662454 0.00406583
#obs surv len freq
 nan nan nan nan nan nan nan nan nan nan nan nan nan nan nan nan nan nan nan nan nan nan nan nan nan
 0.00447495 0.0073321 0.0111585 0.0159731 0.0216744 0.0279526 0.0342707 0.0400061 0.0446894 0.0481563 0.0505166 0.0520144 0.0529083 0.053422 0.0537373 0.053993 0.0542722 0.0545653 0.0547043 0.0542963 0.0527341 0.0493656 0.0438144 0.036293 0.027675
 0.00461199 0.00755373 0.0114898 0.0164358 0.0222826 0.0287045 0.0351406 0.0409416 0.045617 0.0489947 0.0511913 0.0524692 0.0531125 0.0533717 0.0534524 0.0535093 0.0536323 0.0538117 0.0538758 0.0534295 0.0518675 0.0485417 0.043077 0.0356796 0.0272062
 0.0047848 0.00783607 0.0119171 0.0170414 0.0230903 0.029718 0.036332 0.0422476 0.0469472 0.0502475 0.0522698 0.0532916 0.053618 0.0535251 0.0532466 0.0529649 0.0527925 0.0527339 0.0526251 0.0520755 0.0504852 0.0472114 0.0418788 0.0346793 0.0264403
 0.00497238 0.00814566 0.0123917 0.017724 0.0240155 0.0308984 0.0377439 0.0438259 0.0485929 0.0518453 0.0537058 0.0544645 0.0544448 0.0539455 0.0532258 0.052496 0.0518976 0.0514631 0.0510529 0.0502982 0.0486174 0.0453806 0.040211 0.0332779 0.0253634
 0.00519121 0.00850203 0.0129295 0.0184852 0.0250335 0.0321861 0.0392812 0.0455529 0.050416 0.0536516 0.0553783 0.0558929 0.0555324 0.0546126 0.0534139 0.0521712 0.0510544 0.0501286 0.049292 0.0482159 0.0463576 0.0431149 0.0381159 0.0315006 0.0239894
 0.00541447 0.00886945 0.0134906 0.0192892 0.0261189 0.0335667 0.0409304 0.0473996 0.0523557 0.055567 0.0571568 0.0574341 0.0567482 0.0554252 0.0537561 0.0519895 0.050316 0.0488315 0.0474769 0.0459783 0.0438517 0.0405428 0.0356965 0.0294234 0.0223707
 0.00564619 0.00924794 0.0140639 0.0201039 0.0272124 0.034954 0.04259 0.049267 0.0543306 0.0575312 0.0589926 0.0590361 0.0580276 0.0563091 0.0541826 0.0519056 0.0496786 0.0476178 0.0457021 0.0437164 0.0412494 0.0378132 0.033085 0.0271524 0.0205845
 0.00589258 0.00965196 0.0146783 0.0209795 0.0283886 0.0364422 0.0443586 0.0512362 0.0563855 0.0595445 0.0608453 0.0606282 0.0592788 0.0571559 0.0545737 0.0517969 0.049032 0.0464065 0.043928 0.0414352 0.0385925 0.0349898 0.0303509 0.0247499 0.0186786
 0.00613997 0.0100582 0.0152974 0.0218643 0.0295807 0.0379556 0.0461628 0.0532501 0.0584883 0.0615993 0.0627222 0.0622188 0.0605011 0.0579523 0.0549048 0.0516331 0.0483478 0.0451826 0.0421651 0.0391787 0.035959 0.0321753 0.0276054 0.0223195 0.0167373
 0.00638427 0.0104587 0.0159063 0.0227327 0.0307484 0.0394362 0.0479272 0.0552205 0.0605485 0.0636158 0.0645661 0.0637793 0.0616917 0.0587119 0.0551948 0.0514309 0.0476394 0.0439608 0.0404378 0.0369904 0.0334158 0.0294573 0.0249471 0.0199565 0.0148413
 0.00662452 0.0108517 0.0165023 0.0235798 0.0318834 0.0408698 0.0496285 0.0571121 0.0625167 0.0655327 0.0663096 0.0652459 0.0628007 0.0594056 0.0554359 0.0511985 0.0469242 0.0427627 0.0387725 0.0349049 0.0310105 0.0268971 0.0224461 0.0177317 0.0130525
 0.00682692 0.0111865 0.0170167 0.0243214 0.0328905 0.0421563 0.0511686 0.0588353 0.0643176 0.067292 0.0679136 0.066598 0.063826 0.0600502 0.0556648 0.0509915 0.0462724 0.0416679 0.0372524 0.0330067 0.0288277 0.0245791 0.0201845 0.0157199 0.0114334
 0.00705418 0.0115558 0.0175721 0.0251035 0.0339286 0.0434555 0.0526969 0.0605185 0.0660491 0.0689524 0.0693909 0.0678008 0.0646884 0.0605317 0.0557456 0.0506667 0.0455461 0.0405514 0.0357688 0.0312036 0.026792 0.0224446 0.0181199 0.0138938 0.00996907
 0.00729233 0.0119468 0.018167 0.0259503 0.0350604 0.0448728 0.0543516 0.0623105 0.0678441 0.0706108 0.0707939 0.0688638 0.0653619 0.060796 0.0556037 0.0501361 0.0446515 0.0393213 0.0342384 0.0294247 0.0248463 0.0204503 0.0162221 0.0122344 0.00864904
 0.00744676 0.0122044 0.0185672 0.0265345 0.0358646 0.0459146 0.0556159 0.0637424 0.0693532 0.0720861 0.0721213 0.0699425 0.0661158 0.0611799 0.055603 0.0497601 0.0439257 0.0382805 0.0329254 0.0278957 0.0231797 0.0187513 0.0146141 0.0108351 0.00754011
 0.00752901 0.0123378 0.0187681 0.0268203 0.0362532 0.0464231 0.0562559 0.0645147 0.0702428 0.0730581 0.0731199 0.0708943 0.0669386 0.0617947 0.0559466 0.0497936 0.0436369 0.0376813 0.0320489 0.0267948 0.0219291 0.0174468 0.0133637 0.00973939 0.00666833
 0.00758973 0.0124316 0.0189004 0.0269937 0.0364687 0.0466814 0.0565589 0.0648664 0.070649 0.0735245 0.0736476 0.0714713 0.0675334 0.0623549 0.0564053 0.0500823 0.0436999 0.0374871 0.0315959 0.0261131 0.0210784 0.0165109 0.0124383 0.00891337 0.00600384
 0.00767133 0.0125542 0.0190661 0.0271976 0.0367002 0.0469269 0.0568046 0.065101 0.0708667 0.0737285 0.0738502 0.0716897 0.0677806 0.0626294 0.0566839 0.0503212 0.0438426 0.0374797 0.0314028 0.0257291 0.0205333 0.0158655 0.011771 0.00830117 0.00550291
 0.00772268 0.0126377 0.0191911 0.0273713 0.036924 0.0471926 0.0570918 0.0653794 0.0711052 0.0739059 0.0739632 0.0717529 0.0678195 0.0626699 0.056741 0.0503907 0.0438994 0.0374835 0.0313114 0.025515 0.0201966 0.0154373 0.0113057 0.00785945 0.00513301
 0.00779847 0.0127544 0.0193549 0.0275835 0.0371814 0.0474872 0.05741 0.0657005 0.0714024 0.0741499 0.0741289 0.0718271 0.0678057 0.0625875 0.056619 0.050256 0.0437659 0.0373464 0.0311507 0.0253065 0.0199272 0.0151149 0.0109593 0.00752885 0.00485347
 0.00779147 0.012745 0.0193446 0.0275752 0.0371791 0.0474958 0.0574345 0.065746 0.071473 0.0742477 0.0742511 0.0719641 0.0679426 0.0627084 0.0567127 0.0503194 0.0438012 0.0373553 0.0311286 0.0252436 0.0198146 0.014954 0.0107662 0.00732991 0.00467583
 0.0078334 0.0127989 0.0193994 0.0276128 0.0371803 0.0474493 0.0573442 0.0656314 0.0713622 0.0741679 0.0742207 0.0719897 0.068019 0.0628215 0.0568435 0.0504483 0.0439128 0.037439 0.0311777 0.0252526 0.0197805 0.014879 0.0106606 0.00721142 0.00456395
 0.00786702 0.0128546 0.0194842 0.0277309 0.0373289 0.047614 0.0574974 0.0657385 0.0713951 0.0741183 0.0741059 0.0718448 0.0678823 0.0627206 0.0567886 0.0504342 0.0439245 0.037459 0.0311903 0.0252467 0.0197499 0.0148234 0.010586 0.00712891 0.00448601
 0.00788366 0.012877 0.0195097 0.0277553 0.0373485 0.0476286 0.057511 0.0657561 0.0714172 0.0741376 0.0741097 0.0718233 0.0678365 0.0626638 0.0567404 0.0504102 0.0439298 0.0374871 0.0312275 0.0252779 0.0197639 0.0148155 0.0105582 0.00708865 0.00444289
 0.00789157 0.0128881 0.0195228 0.0277679 0.0373566 0.0476276 0.0574975 0.0657294 0.0713808 0.0740988 0.0740766 0.071801 0.0678244 0.0626583 0.0567389 0.0504144 0.0439441 0.0375141 0.0312646 0.0253173 0.0197957 0.0148325 0.0105585 0.00707561 0.004423
 0.00788232 0.0128713 0.0194946 0.0277237 0.037293 0.047544 0.0573978 0.0656224 0.0712781 0.0740122 0.074016 0.0717731 0.0678316 0.0626982 0.0568047 0.050497 0.0440352 0.0376075 0.0313557 0.0254011 0.0198666 0.0148855 0.0105917 0.00709099 0.00442563
 0.00789186 0.0128827 0.019504 0.0277248 0.0372781 0.047507 0.0573359 0.0655379 0.0711781 0.0739075 0.0739192 0.0716962 0.0677842 0.0626852 0.0568259 0.0505477 0.0441073 0.0376917 0.0314431 0.0254842 0.0199392 0.0149432 0.0106323 0.00711536 0.00443722
 0.00788573 0.0128735 0.0194913 0.0277081 0.0372565 0.0474781 0.0572965 0.0654845 0.0711093 0.0738261 0.0738328 0.0716157 0.0677215 0.0626501 0.0568239 0.050579 0.044167 0.0377716 0.0315332 0.0255744 0.0200212 0.0150109 0.0106829 0.00714913 0.00445689
 0.0078535 0.0128207 0.0194114 0.0275958 0.0371098 0.0473014 0.0571021 0.0652919 0.0709402 0.073698 0.0737549 0.0715894 0.067743 0.0627135 0.0569232 0.0507078 0.0443179 0.0379354 0.0316992 0.0257318 0.0201604 0.0151253 0.0107696 0.00720913 0.00449454
 0.00784045 0.0127967 0.0193703 0.0275299 0.0370121 0.047168 0.0569357 0.0651031 0.0707466 0.0735209 0.0736147 0.0715013 0.0677142 0.0627431 0.0570036 0.0508282 0.0444665 0.0381006 0.0318694 0.0258959 0.0203083 0.0152492 0.0108655 0.00727728 0.00453859
 0.0078099 0.0127455 0.0192903 0.027413 0.0368519 0.0469633 0.0566937 0.0648398 0.0704851 0.0732869 0.0734321 0.0713885 0.0676819 0.0627928 0.0571278 0.051012 0.0446909 0.0383456 0.0321164 0.0261289 0.0205146 0.0154203 0.0109975 0.00737132 0.00459995
 0.00777649 0.0126899 0.0192046 0.0272889 0.0366832 0.0467484 0.0564385 0.0645596 0.0702022 0.0730267 0.0732194 0.0712438 0.067619 0.0628177 0.0572376 0.0511955 0.0449303 0.0386186 0.0324 0.0264016 0.0207589 0.0156243 0.0111558 0.00748471 0.0046745
 0.00776262 0.0126646 0.019161 0.0272191 0.036579 0.0466047 0.0562557 0.0643449 0.0699693 0.0727936 0.0730059 0.0710696 0.0675016 0.06277 0.0572663 0.0512994 0.0451001 0.0388378 0.0326472 0.0266536 0.0209946 0.0158274 0.011317 0.00760225 0.00475285
 0.0077385 0.0126258 0.0191035 0.0271391 0.0364734 0.0464718 0.0560967 0.0641645 0.0697762 0.0725998 0.0728254 0.0709172 0.0673916 0.062714 0.0572726 0.0513712 0.0452341 0.0390241 0.0328692 0.0268905 0.0212245 0.0160315 0.011483 0.00772554 0.00483626
 0.00932325 0.0148446 0.0217826 0.029896 0.0388292 0.0480281 0.0566761 0.0638362 0.0687731 0.0711984 0.0712584 0.0693428 0.0659032 0.0613627 0.0560852 0.0503607 0.0444043 0.0383705 0.0323792 0.0265441 0.0209958 0.0158922 0.0114058 0.00768745 0.00482002
 0.0093086 0.0151141 0.022705 0.0319286 0.0423185 0.0529413 0.0624307 0.0693947 0.0730115 0.073349 0.0711622 0.067391 0.0627644 0.0576963 0.0523782 0.0469028 0.0413368 0.0357475 0.0302088 0.0248096 0.0196636 0.0149153 0.010727 0.00724419 0.00455024
 0.00895571 0.0145616 0.0219346 0.0309941 0.0413981 0.0523721 0.062667 0.0708466 0.0757995 0.0771223 0.0751424 0.0706667 0.0646699 0.0580409 0.0514161 0.0451206 0.039224 0.033663 0.0283582 0.02328 0.0184703 0.014034 0.0101129 0.00684307 0.00430644
 0.00879896 0.0142898 0.0214952 0.0303318 0.0404761 0.0512096 0.0613842 0.0696917 0.0751245 0.0772835 0.0763425 0.0728092 0.0673297 0.0606031 0.0533235 0.0460843 0.0392802 0.0330738 0.0274507 0.0223233 0.0176279 0.0133743 0.00964155 0.00653268 0.00411793
 0.0087271 0.0141693 0.0213057 0.0300485 0.0400705 0.0506549 0.0606672 0.0688324 0.0742004 0.0764477 0.075814 0.0728157 0.0680074 0.0619004 0.0549778 0.0477092 0.0405236 0.0337534 0.0275898 0.0220865 0.0172169 0.0129489 0.00929015 0.00628272 0.00396
 0.00869828 0.0141205 0.0212281 0.0299314 0.0399023 0.0504237 0.0603625 0.0684471 0.073735 0.07592 0.0752741 0.0723594 0.0677667 0.0620026 0.0554795 0.0485432 0.0415034 0.0346455 0.0282135 0.0223797 0.0172331 0.012802 0.00909156 0.0061049 0.00383194
 0.00870227 0.014125 0.0212308 0.0299284 0.0398871 0.0503881 0.0602966 0.0683396 0.0735748 0.0756988 0.0749924 0.0720346 0.0674432 0.0617532 0.0553887 0.048672 0.0418498 0.0351301 0.0287078 0.0227635 0.0174452 0.0128529 0.00903837 0.00601211 0.00374463
 0.00868137 0.0140965 0.021198 0.0298971 0.0398639 0.0503764 0.0602942 0.068338 0.0735608 0.0756582 0.074913 0.0719104 0.067279 0.0615705 0.0552277 0.0485838 0.0418769 0.035282 0.0289488 0.0230252 0.0176587 0.0129792 0.009079 0.00599582 0.00370561
 0.00868387 0.0140959 0.0211888 0.0298724 0.0398184 0.0503107 0.0602167 0.0682632 0.0735031 0.0756242 0.074898 0.0719005 0.0672583 0.061529 0.0551689 0.0485264 0.0418496 0.0353106 0.0290406 0.0231622 0.0178045 0.0130977 0.00915057 0.00602257 0.00370323
 0.00865796 0.0140578 0.0211388 0.0298127 0.0397519 0.0502388 0.0601394 0.0681811 0.0734199 0.0755487 0.0748419 0.0718731 0.0672608 0.061554 0.0552046 0.0485643 0.0418901 0.0353625 0.0291138 0.0232581 0.0179121 0.0131981 0.00922729 0.00606897 0.00372353
 0.00865308 0.0140484 0.021122 0.0297856 0.0397124 0.0501876 0.0600808 0.0681213 0.0733652 0.0755026 0.0748053 0.0718457 0.067244 0.0615496 0.0552133 0.0485845 0.0419193 0.0353998 0.0291607 0.0233158 0.0179779 0.0132643 0.00928406 0.00610958 0.00374703
 0.00862914 0.0140126 0.0210741 0.0297271 0.0396459 0.0501163 0.0600074 0.0680492 0.0732988 0.0754475 0.074767 0.0718282 0.0672479 0.0615729 0.0552524 0.0486354 0.0419784 0.035464 0.0292278 0.0233843 0.0180455 0.0133272 0.00933759 0.00615 0.00377346
 0.00863228 0.0140151 0.021073 0.0297184 0.0396259 0.0500835 0.0599638 0.0679999 0.0732499 0.0754037 0.0747309 0.0718004 0.067229 0.0615641 0.0552546 0.0486489 0.0420023 0.0354967 0.0292672 0.023428 0.0180907 0.0133708 0.00937595 0.00618037 0.00379468
 0.0086281 0.0140085 0.0210634 0.0297049 0.0396075 0.0500586 0.0599308 0.0679583 0.0732013 0.0753525 0.0746833 0.0717631 0.0672064 0.0615575 0.0552632 0.0486704 0.042034 0.035536 0.0293114 0.0234745 0.0181367 0.0134133 0.00941244 0.00620903 0.00381499
 0.00861552 0.0139894 0.021037 0.0296716 0.0395687 0.0500161 0.0598872 0.0679162 0.0731628 0.0753193 0.0746565 0.0717437 0.0671962 0.0615585 0.0552764 0.0486957 0.0420697 0.0355792 0.029359 0.0235232 0.0181835 0.0134555 0.00944795 0.00623657 0.00383447
 0.00861552 0.0139894 0.021037 0.0296716 0.0395687 0.0500161 0.0598872 0.0679162 0.0731628 0.0753193 0.0746565 0.0717437 0.0671962 0.0615585 0.0552764 0.0486957 0.0420697 0.0355792 0.029359 0.0235232 0.0181835 0.0134555 0.00944795 0.00623657 0.00383447
 0.00863076 0.0140131 0.0210707 0.0297157 0.0396218 0.0500754 0.0599472 0.0679697 0.0732021 0.0753376 0.0746502 0.071713 0.067145 0.0614937 0.0552067 0.0486294 0.0420135 0.0355371 0.0293319 0.0235098 0.0181809 0.0134602 0.0094564 0.00624578 0.00384244
 0.00844854 0.0137272 0.0206609 0.0291738 0.0389571 0.0493211 0.059165 0.0672447 0.0726262 0.0749851 0.0745583 0.071876 0.0675218 0.0620222 0.0558199 0.049267 0.042629 0.0360991 0.0298223 0.0239204 0.0185105 0.0137126 0.00963946 0.00637047 0.00392146
 0.0086348 0.0140011 0.0210184 0.0295896 0.0393881 0.0497143 0.0594665 0.0674085 0.0726238 0.0748156 0.0742513 0.0714852 0.0671095 0.0616425 0.0555072 0.0490339 0.0424706 0.0360011 0.0297682 0.0238955 0.0185036 0.0137157 0.00964712 0.00637904 0.00392886
 0.00888305 0.0144203 0.0216744 0.0305423 0.0406656 0.0512772 0.0611823 0.0690617 0.0739683 0.0756483 0.0744694 0.0711019 0.0662324 0.0604322 0.0541352 0.0476498 0.0411837 0.0348765 0.0288333 0.0231515 0.0179363 0.0133026 0.00936168 0.00619359 0.00381661
 0.00877452 0.014271 0.0215027 0.0303899 0.040595 0.0513623 0.0614911 0.0696321 0.0747817 0.0766133 0.0754326 0.0718893 0.066705 0.0605288 0.0538817 0.0471376 0.0405316 0.0341952 0.0282042 0.0226208 0.0175201 0.0129967 0.00915065 0.00605727 0.00373465
 0.00864079 0.0140412 0.0211368 0.0298513 0.0398696 0.0504839 0.0605598 0.0688071 0.0742417 0.0764977 0.0757901 0.0726574 0.0677282 0.0616083 0.0548362 0.0478513 0.0409721 0.0343996 0.0282458 0.0225754 0.0174454 0.012926 0.0090973 0.00602255 0.00371455
 0.0087346 0.0141739 0.021298 0.0300139 0.0399915 0.0505144 0.0604525 0.0685373 0.0738265 0.0760074 0.0753387 0.072367 0.067681 0.0618107 0.0552159 0.0482894 0.0413525 0.0346492 0.0283491 0.0225628 0.0173668 0.0128277 0.00900927 0.00595729 0.00367253
 0.00852361 0.0138528 0.0208559 0.0294559 0.0393375 0.0497959 0.0597097 0.067817 0.0731784 0.0754801 0.0749788 0.0722203 0.0677885 0.0621946 0.0558592 0.049125 0.0422722 0.0355337 0.0291039 0.0231405 0.0177678 0.0130836 0.00916177 0.00604369 0.00371963
 0.00862558 0.0139858 0.0209958 0.0295609 0.0393599 0.0497013 0.0594913 0.0674967 0.0727943 0.0750711 0.074576 0.0718503 0.0674822 0.0619908 0.0557984 0.049231 0.0425354 0.0359065 0.0295145 0.0235187 0.0180676 0.013291 0.00928847 0.00611274 0.00375366
 0.00897222 0.0145523 0.0218488 0.0307494 0.0408887 0.0514965 0.0613795 0.0692238 0.0740909 0.0757373 0.0745379 0.0711645 0.0662973 0.0604978 0.0541896 0.0476739 0.0411544 0.0347719 0.0286413 0.0228788 0.0176114 0.0129689 0.00906248 0.00595774 0.00365251
#pred catch len freq
 0.00498704 0.00783813 0.0113281 0.0153276 0.019751 0.0245472 0.0296232 0.0347981 0.0398343 0.044503 0.0486258 0.0520877 0.0548394 0.0568892 0.0582783 0.0590513 0.0592379 0.05884 0.0578031 0.0559655 0.0530298 0.0486333 0.0425577 0.0349896 0.0266337
 0.00526349 0.00818718 0.011672 0.0155425 0.0197142 0.0242038 0.0290313 0.0341148 0.0392435 0.0441271 0.0484753 0.0520751 0.0548411 0.0568173 0.0581256 0.0588939 0.059195 0.0590099 0.0582049 0.0565182 0.0535834 0.0490374 0.0427301 0.0349428 0.0264501
 0.00566577 0.00880134 0.0125155 0.016588 0.0208771 0.0253384 0.0299461 0.0346209 0.0392299 0.0436228 0.0476464 0.0511464 0.0539898 0.0561106 0.0575374 0.0583731 0.0587282 0.0586338 0.0579682 0.0564291 0.0535865 0.0490387 0.0426499 0.0347585 0.0261977
 0.00600842 0.00934305 0.0133029 0.0176555 0.0222407 0.026982 0.0317989 0.0365357 0.0409834 0.0449557 0.0483408 0.0511077 0.0532866 0.0549393 0.0561313 0.0569164 0.0573249 0.0573304 0.0567892 0.0553896 0.0526834 0.0482477 0.0419412 0.0341205 0.0256448
 0.00638809 0.00992634 0.01412 0.018719 0.0235532 0.0285448 0.0336089 0.0385671 0.0431599 0.0471265 0.0502787 0.0525459 0.0539916 0.0547924 0.0551735 0.055327 0.0553473 0.0551922 0.0546574 0.0533684 0.0508322 0.0466001 0.0405191 0.032941 0.0247193
 0.00678547 0.0105388 0.0149804 0.0198385 0.0249253 0.0301514 0.0354222 0.0405477 0.0452543 0.0492614 0.0523495 0.0544014 0.0554327 0.055602 0.0551781 0.0544624 0.05369 0.0529365 0.0520528 0.0506549 0.0482043 0.0441998 0.0384444 0.0312512 0.0234344
 0.0071248 0.0110713 0.015747 0.0208672 0.0262304 0.0317309 0.0372517 0.0425745 0.0473988 0.0514265 0.0544304 0.0562885 0.0570051 0.0567193 0.0556847 0.0542173 0.052616 0.0510652 0.0495359 0.0477341 0.045156 0.0412829 0.0358637 0.0291382 0.0218396
 0.00749287 0.0116373 0.0165402 0.0218985 0.0274982 0.0332282 0.0389658 0.0444787 0.0494416 0.0535267 0.0564814 0.0581695 0.0585939 0.0578985 0.0563401 0.0542363 0.051902 0.0495713 0.047306 0.0449252 0.0420234 0.0381306 0.0329778 0.0267289 0.0200074
 0.00791404 0.0122802 0.0174311 0.023037 0.0288635 0.0347888 0.0406845 0.0463107 0.0513328 0.0554137 0.058292 0.0598227 0.0599994 0.0589596 0.0569574 0.0543112 0.0513438 0.0483147 0.0453436 0.0423433 0.039019 0.0349883 0.0300085 0.0241915 0.0180488
 0.00824658 0.0128017 0.0181805 0.0240391 0.0301261 0.0362994 0.042404 0.0481707 0.0532418 0.0572724 0.0600081 0.061319 0.0612135 0.0598368 0.0574416 0.0543389 0.0508441 0.0472229 0.0436292 0.0400472 0.036283 0.0320528 0.0271663 0.0217114 0.016103
 0.00862067 0.0133737 0.0189757 0.0250612 0.0313641 0.0377359 0.0440155 0.0499196 0.0550661 0.0590824 0.0616953 0.062773 0.0623419 0.0605763 0.0577561 0.0542052 0.0502375 0.0461133 0.0419972 0.0379173 0.0337587 0.0293288 0.0244996 0.0193543 0.0142306
