SBPRF35
7.78865
Curr Bio
514546
B35
691479
F35
0.212599
FOFL
0.152746
OFL
61460.6
Bzero
2.22533e+006
#pred survey bio
 4.64681e+006 4.42634e+006 4.19669e+006 3.91058e+006 3.58593e+006 3.23676e+006 2.92336e+006 2.60149e+006 2.30561e+006 2.01029e+006 1.79518e+006 1.56985e+006 1.40436e+006 1.23814e+006 1.08585e+006 974955 888182 804054 770520 729788 708127 693987 665026 649921 627233 619438 617185 619336 616971 607339 606620 587830 579165 579244 571496 566197 554080 545039 536836 547898 553943 566435 584675 600107 604005 610347 618126 620461 616182 626649 632098 614529 557626 541468 524879 524719 490338 476035 504657 508153 519864 1.78992e+007 1.06209e+007 1.08137e+007 1.15416e+007 1.25581e+007 1.36189e+007 1.45779e+007 1.53742e+007 1.6e+007 1.6474e+007 1.68244e+007 1.70796e+007 1.72637e+007 1.7396e+007 1.7491e+007 1.75594e+007 1.76089e+007 1.76448e+007 1.76711e+007 1.76905e+007 1.77048e+007 1.77155e+007 1.77235e+007 1.77296e+007 1.77341e+007 1.77376e+007 1.77402e+007 1.77422e+007 1.77438e+007 1.77449e+007 1.77459e+007 1.77465e+007 1.77471e+007 1.77475e+007 1.77478e+007 1.77481e+007 1.77483e+007 1.77484e+007 1.77485e+007 1.77486e+007 1.77487e+007 1.77487e+007 1.77488e+007 1.77488e+007 1.77488e+007 1.77488e+007 1.77489e+007 1.77489e+007 1.77489e+007 1.77489e+007 1.77489e+007 1.77489e+007 1.77489e+007 1.77489e+007 1.77489e+007 1.77489e+007 1.77489e+007 1.77489e+007 1.77489e+007 1.77489e+007 1.77489e+007 1.77489e+007 1.77489e+007 1.77489e+007 1.77489e+007 1.77489e+007 1.77489e+007 1.77489e+007 1.77489e+007 1.77489e+007 1.77489e+007 1.77489e+007 1.77489e+007 1.77489e+007 1.77489e+007 1.77489e+007 1.77489e+007 1.77489e+007 1.77489e+007 1.77489e+007 1.77489e+007 1.77489e+007 1.77489e+007 1.77489e+007 1.77489e+007 1.77489e+007 1.77489e+007 1.77489e+007 1.77489e+007 1.77489e+007 1.77489e+007 1.77489e+007 1.77489e+007 1.77489e+007 1.77489e+007 1.77489e+007 1.77489e+007 1.77489e+007 1.77489e+007 1.77489e+007 0 0 0 0 0 0 0 0 0 0 0 0 0 0 0 0 0 0 0 0 0 0 0 0 0
#obs survey bio
 2.48463e+006 4.01371e+006 3.71951e+006 2.07955e+006 2.59626e+006 3.04796e+006 1.88803e+006 2.11831e+006 1.97258e+006 1.50799e+006 1.66253e+006 1.22851e+006 1.47758e+006 931013 795354 898623 714765 812671 732950 578937 841196 573500 528395 591064 449600 655344 485156 484587 493828 476517 590021 484648 620456 561994 678437 586302 421884 696590 599396 415502 536104 615121 514309 679576 554588 510757 571591 612853 592388 433950 775283 799766 612769 588884 773755 642843 289869 477041 630090 502560 748159
#pred catch bio
 87158.8 92653.8 153101 209099 260058 258980 297410 301814 324959 272726 296625 254691 263012 255711 222749 202567 197399 150772 153145 132865 123336 132756 118440 122956 109439 104556 100561 103494 107570 97701.1 109890 97930.7 87944.4 91670.5 86379 91070.6 90779.9 93190.2 79688.9 86227 82338.6 79115.4 82807.9 92937.6 91109.4 90374.5 95079.6 100161 87771.8 92461.3 110937 140920 103903 103147 88575 116173 98029.3 62916.5 83534.7 74422.3 87357.2 61460.6 81981.9 82019.4 86222.1 93378.7 101116 108069 113721 118031 121172 123387 124911 125940 126624 127074 127367 127556 127678 127755 127805 127836 127856 127869 127877 127882 127885 127887 127888 127889 127890 127890 127890 127890 127890 127890 127890 127890 127890 127890 127890 127890 127890 127890 127890 127890 127890 127890 127890 127890 127890 127890 127890 127890 127890 127890 127890 127890 127890 127890 127890 127890 127890 127890 127890 127890 127890 127890 127890 127890 127890 127890 127890 127890 127890 127890 127890 127890 127890 127890 127890 127890 127890 127890 127890 127890 127890 127890 127890 127890 127890 127890 127890 127890 127890 127890 127890 127890 127890 127890 127890 0 0 0 0 0 0 0 0 0 0 0 0 0 0 0 0 0 0 0 0 0 0 0 0 0
#obs catch bio
 0 92425.4 153777 210854 263877 262564 304586 309262 334771 279249 306513 261575 269990 264163 230630 210112 205070 154321 157381 135660 124787 134980 120275 125001 111424 106714 102292 105520 109752 99270.1 111838 99611.2 88919.4 93040.1 87344.1 92113.8 91744.8 93891.1 79601.9 86964.2 82820.3 79433.6 83306.6 93235.7 91450.3 90843.8 95421.4 100752 87883.2 92915.3 111124 142119 103740 103374 87912.7 116109 98859.9 62617.4 83901 74353.6 87464.5
#pred cpue bio
 4.57124e+006 4.35606e+006 4.13055e+006 3.84589e+006 3.52215e+006 3.17444e+006 2.86243e+006 2.54252e+006 2.24889e+006 1.95628e+006 1.74288e+006 1.51997e+006 1.35625e+006 1.19212e+006 1.04179e+006 932422 847507 765969 733910 694993 674565 661303 633364 618794 596763 589049 586929 589219 587244 578341 578164 560447 552542 553157 546263 541717 529460 519221 510361 520876 526704 538849 556577 571630 575476 581585 589141 591491 587422 597599 602942 585963 530592 514726 498771 498759 465209 450994 479095 483384 495527 1.70961e+007 1.01547e+007 1.02205e+007 1.08066e+007 1.17734e+007 1.28225e+007 1.37793e+007 1.45752e+007 1.52008e+007 1.56749e+007 1.60253e+007 1.62805e+007 1.64646e+007 1.65969e+007 1.66919e+007 1.67603e+007 1.68098e+007 1.68457e+007 1.6872e+007 1.68914e+007 1.69057e+007 1.69164e+007 1.69244e+007 1.69304e+007 1.6935e+007 1.69385e+007 1.69411e+007 1.69431e+007 1.69446e+007 1.69458e+007 1.69467e+007 1.69474e+007 1.6948e+007 1.69484e+007 1.69487e+007 1.69489e+007 1.69491e+007 1.69493e+007 1.69494e+007 1.69495e+007 1.69496e+007 1.69496e+007 1.69496e+007 1.69497e+007 1.69497e+007 1.69497e+007 1.69497e+007 1.69497e+007 1.69498e+007 1.69498e+007 1.69498e+007 1.69498e+007 1.69498e+007 1.69498e+007 1.69498e+007 1.69498e+007 1.69498e+007 1.69498e+007 1.69498e+007 1.69498e+007 1.69498e+007 1.69498e+007 1.69498e+007 1.69498e+007 1.69498e+007 1.69498e+007 1.69498e+007 1.69498e+007 1.69498e+007 1.69498e+007 1.69498e+007 1.69498e+007 1.69498e+007 1.69498e+007 1.69498e+007 1.69498e+007 1.69498e+007 1.69498e+007 1.69498e+007 1.69498e+007 1.69498e+007 1.69498e+007 1.69498e+007 1.69498e+007 1.69498e+007 1.69498e+007 1.69498e+007 1.69498e+007 1.69498e+007 1.69498e+007 1.69498e+007 1.69498e+007 1.69498e+007 1.69498e+007 1.69498e+007 1.69498e+007 1.69498e+007 1.69498e+007 1.69498e+007 1.69498e+007 0 0 0 0 0 0 0 0 0 0 0 0 0 0 0 0 0 0 0 0 0 0 0 0 0
#obs cpue bio
 3.78029e+006 4.59214e+006 2.50673e+006 2.86032e+006 2.62426e+006 2.47107e+006 1.98753e+006 2.55411e+006 2.21903e+006 1.90489e+006 1.2645e+006 1.46764e+006 1.35445e+006 824130 669680 531074 737690 645788 550445 718476 755929 591760 518133 613423 453688 338179 659941 508440 603048 554789 617216 428841 547215 417146 429324 509094 613467 528996 637985 359495 550286 495219 493257 721737 513002 548910 721188 531226 650163 612676 671514 395477 569308 451068 518601 380978 411406 619334 359250 488402 399485
#pred surv len freq
 0.00547234 0.00881347 0.0131299 0.0183554 0.0243365 0.0307631 0.0371345 0.0428692 0.0475239 0.0509474 0.0532616 0.0547263 0.0556085 0.0561092 0.0563306 0.0562669 0.0558203 0.0548352 0.0531303 0.0505127 0.0467893 0.0418199 0.0356345 0.0285614 0.0212474
 0.00576689 0.0091642 0.0134273 0.0184353 0.0240447 0.0300464 0.0360995 0.0417578 0.0466051 0.0503882 0.053056 0.0547201 0.0555961 0.0559419 0.0559862 0.0558572 0.0555392 0.0548717 0.0535811 0.0513348 0.0478163 0.0428354 0.0364608 0.0291174 0.0215504
 0.00615635 0.00977732 0.0143036 0.019574 0.0253783 0.0314192 0.0372741 0.0424763 0.0466953 0.0498555 0.052088 0.0535871 0.0545112 0.0549793 0.0551042 0.054992 0.0546934 0.0541347 0.0530773 0.0511418 0.0479117 0.0431054 0.0367614 0.0293415 0.0216611
 0.00645316 0.0102648 0.0150466 0.0206352 0.0268037 0.0332098 0.0393523 0.0446621 0.0487162 0.051403 0.0529097 0.0535761 0.0537424 0.0536632 0.0534848 0.053259 0.0529597 0.0524743 0.0515673 0.0498638 0.0469181 0.0423895 0.036264 0.0289873 0.021394
 0.0067244 0.0107007 0.0156947 0.0215411 0.0280073 0.0347382 0.0412043 0.0467896 0.0510079 0.053676 0.0549177 0.0550476 0.0544482 0.053491 0.052478 0.0515937 0.0508752 0.0502031 0.0493003 0.047748 0.0450599 0.040851 0.0350587 0.0280887 0.0207546
 0.00705142 0.0112146 0.0164358 0.0225373 0.0292729 0.0362717 0.0429833 0.0487672 0.0531134 0.0558162 0.0569725 0.05686 0.055825 0.0542288 0.0524178 0.0506791 0.0491823 0.0479222 0.0466835 0.0450517 0.0425042 0.0385985 0.0332057 0.0266665 0.0197386
 0.00730902 0.0116308 0.0170575 0.0234063 0.0304185 0.0376991 0.0446622 0.0506299 0.0550675 0.0577644 0.0588258 0.0585344 0.0572252 0.0552325 0.0528785 0.050457 0.0481956 0.0461943 0.0443579 0.0423657 0.0397347 0.036003 0.0309767 0.024908 0.0184655
 0.00757256 0.0120546 0.0176872 0.0242826 0.0315715 0.0391381 0.0463637 0.0525301 0.0570679 0.0597481 0.0606772 0.0601533 0.0585306 0.0561543 0.0533422 0.0503749 0.0474797 0.044794 0.0423063 0.0398067 0.0369097 0.0331991 0.0284573 0.0228533 0.016945
 0.00787127 0.012523 0.0183607 0.0251846 0.0327124 0.0405133 0.0479476 0.0542719 0.0588922 0.0615631 0.062385 0.0616591 0.0597491 0.0570136 0.0537806 0.0503334 0.0468983 0.0436229 0.0405382 0.037515 0.0342694 0.0304654 0.0259059 0.0207063 0.0153176
 0.00828323 0.0131664 0.0192794 0.0264011 0.0342235 0.0422855 0.0499116 0.0563232 0.0609059 0.0634178 0.0639822 0.0629301 0.0606498 0.057515 0.0538598 0.0499667 0.0460574 0.0422805 0.0386877 0.0352037 0.0316274 0.027707 0.0232889 0.0184616 0.0135848
 0.00853047 0.0135664 0.0198779 0.0272388 0.0353284 0.0436602 0.0515203 0.0580873 0.0627144 0.0651492 0.0655258 0.0641991 0.061585 0.0580805 0.0540353 0.0497376 0.0454075 0.0411931 0.0371585 0.0332662 0.0293799 0.0253212 0.0209843 0.0164487 0.012004
 0.00890081 0.0141457 0.0207075 0.0283428 0.0367109 0.0453012 0.0533678 0.0600528 0.0646784 0.0669777 0.0670914 0.0653988 0.0623513 0.0583845 0.0538804 0.049147 0.044409 0.0398108 0.0354171 0.0312098 0.0270966 0.0229566 0.0187258 0.014481 0.0104541
 0.00921733 0.0146371 0.021404 0.0292579 0.0378407 0.0466243 0.054843 0.0616169 0.0662511 0.0684712 0.0684197 0.0664833 0.063124 0.0587927 0.053892 0.0487528 0.0436201 0.038652 0.0339248 0.0294382 0.0251315 0.0209245 0.0167843 0.0127848 0.00911175
 0.00962282 0.0152728 0.022316 0.0304704 0.039349 0.0483865 0.0567716 0.0635818 0.0681003 0.0700637 0.0696525 0.0673008 0.0635108 0.0587588 0.0534603 0.0479515 0.0424805 0.03721 0.0322246 0.02754 0.0231204 0.0189154 0.0149118 0.011176 0.00785158
 0.00996154 0.0158194 0.0231299 0.0316016 0.0408252 0.0501941 0.0588367 0.0657662 0.0702208 0.0719293 0.0711029 0.0682312 0.0638805 0.0585849 0.0528006 0.0468837 0.041084 0.035557 0.0303812 0.0255753 0.0211176 0.0169762 0.0131485 0.00968906 0.00670254
 0.0100294 0.0159528 0.0233745 0.0320168 0.0414737 0.0511228 0.0600564 0.0672376 0.0718546 0.0735963 0.0726523 0.0695136 0.0647723 0.0590092 0.0527366 0.0463612 0.0401684 0.0343302 0.0289294 0.0239852 0.0194799 0.0153881 0.0117082 0.00847922 0.00577118
 0.00998383 0.0158956 0.0233216 0.0319983 0.0415332 0.0513115 0.0604253 0.0678263 0.0726777 0.0746304 0.0738288 0.0707233 0.0658829 0.0598903 0.053285 0.0465187 0.0399274 0.0337287 0.0280377 0.0228926 0.018285 0.0141922 0.010606 0.00754654 0.00505096
 0.010126 0.0161023 0.023588 0.0323062 0.0418583 0.0516362 0.0607473 0.0681602 0.0730482 0.0750615 0.0743317 0.0712865 0.0664672 0.0604302 0.0536995 0.0467294 0.0398776 0.0333977 0.027446 0.0220971 0.017368 0.0132472 0.00972263 0.00679494 0.0044703
 0.0100525 0.0159839 0.0234121 0.0320623 0.0415417 0.0512529 0.0603205 0.0677344 0.0726876 0.0748406 0.0743197 0.0715285 0.0669674 0.0611434 0.0545356 0.0475702 0.0406028 0.0339109 0.027694 0.0220784 0.0171276 0.0128618 0.00927954 0.00637179 0.0041198
 0.0100905 0.0160403 0.0234861 0.0321481 0.0416274 0.0513213 0.0603504 0.0677057 0.0725887 0.0746779 0.0741233 0.0713499 0.0668666 0.0611698 0.0547077 0.0478645 0.0409567 0.0342403 0.0279199 0.0221506 0.0170386 0.0126443 0.00899166 0.00607588 0.00386384
 0.0101603 0.0161266 0.0235665 0.0321861 0.0415843 0.0511726 0.0600999 0.0673852 0.0722458 0.074359 0.0738629 0.0711703 0.0667839 0.0611981 0.0548566 0.0481301 0.0413122 0.0346344 0.0282863 0.0224277 0.0171894 0.0126672 0.00891653 0.00594887 0.00372924
 0.0102163 0.0162096 0.0236749 0.0323098 0.0417028 0.0512557 0.0601117 0.067294 0.0720379 0.0740501 0.0734986 0.0708127 0.0664921 0.0610134 0.0547981 0.0481975 0.0414888 0.0348875 0.0285698 0.0226899 0.0173864 0.0127765 0.00894218 0.00591544 0.00366852
 0.0103203 0.0163802 0.0239331 0.032673 0.0421769 0.0518246 0.0607283 0.0678807 0.0725017 0.0743075 0.0735004 0.0705592 0.0660325 0.0604308 0.0541866 0.0476387 0.0410368 0.0345637 0.0283652 0.022574 0.0173199 0.0127251 0.00888599 0.00585116 0.0036037
 0.0104232 0.0165225 0.0241025 0.0328455 0.0423277 0.0519426 0.0608244 0.0679822 0.072633 0.0744698 0.0736641 0.0706735 0.0660488 0.0603254 0.0539715 0.0473566 0.0407437 0.0343089 0.0281769 0.0224555 0.017255 0.0126897 0.00885979 0.00582354 0.00357378
 0.0105995 0.0167961 0.0244884 0.0333444 0.042921 0.052589 0.0614602 0.0685316 0.0730295 0.0746778 0.0736859 0.0705377 0.0657888 0.0599656 0.0535285 0.0468509 0.0402083 0.0337873 0.0277117 0.0220754 0.0169685 0.0124873 0.00872237 0.00573159 0.0035124
 0.0105253 0.0166987 0.0243848 0.0332658 0.0429054 0.0526678 0.0616462 0.0688124 0.0733694 0.075027 0.0739938 0.0707661 0.0659193 0.0599986 0.0534748 0.0467245 0.0400246 0.033566 0.0274782 0.0218564 0.0167845 0.0123474 0.0086245 0.0056671 0.00347139
 0.0104962 0.0166405 0.0242792 0.0330933 0.0426562 0.0523551 0.0613142 0.06853 0.0732078 0.0750316 0.0741664 0.0710664 0.0662829 0.0603597 0.0537839 0.0469543 0.040168 0.0336306 0.0274809 0.0218189 0.0167292 0.0122918 0.00857877 0.00563424 0.00344986
 0.0103496 0.0164277 0.0240052 0.0327772 0.0423225 0.0520235 0.0609939 0.0682265 0.0729353 0.0748225 0.0740664 0.0711156 0.0664946 0.0607094 0.0542163 0.0474031 0.040576 0.0339622 0.027724 0.0219799 0.0168251 0.0123429 0.00860298 0.00564425 0.00345326
 0.0102076 0.0162125 0.0237114 0.0324124 0.0419077 0.051591 0.0605842 0.0678803 0.0726847 0.0746822 0.0740344 0.0711829 0.0666549 0.0609599 0.0545491 0.0477955 0.0409904 0.0343554 0.0280605 0.022241 0.0170096 0.0124622 0.00867386 0.0056832 0.00347312
 0.0101416 0.0161088 0.0235623 0.0322137 0.0416605 0.0513034 0.0602736 0.0675739 0.0724148 0.074479 0.0739181 0.0711598 0.0667189 0.0610989 0.0547505 0.0480473 0.0412773 0.0346555 0.0283473 0.0224897 0.0172048 0.0126008 0.00876304 0.00573534 0.00350089
 0.00998808 0.0158723 0.0232311 0.0317866 0.0411477 0.0507274 0.0596698 0.0669905 0.0719071 0.0740998 0.0737072 0.0711366 0.0668798 0.0614199 0.0551932 0.0485672 0.0418312 0.0352049 0.0288593 0.0229378 0.017571 0.0128786 0.00895753 0.00586053 0.00357478
 0.00996776 0.0158443 0.0231976 0.0317515 0.0411136 0.0506917 0.0596228 0.0669172 0.0717936 0.0739409 0.0735122 0.0709292 0.0666929 0.0612864 0.0551373 0.0485983 0.0419427 0.0353776 0.029067 0.0231528 0.0177692 0.013043 0.00908075 0.0059439 0.00362565
 0.00993244 0.0157773 0.0230802 0.0315627 0.0408383 0.0503317 0.0592045 0.0664886 0.0714101 0.0736471 0.0733296 0.0708574 0.0667191 0.0613958 0.0553184 0.0488421 0.0422386 0.0357098 0.0294134 0.0234883 0.01807 0.0132918 0.00926964 0.00607496 0.00370838
 0.00970602 0.0154428 0.0226385 0.0310348 0.0402574 0.049731 0.0586109 0.0659258 0.0709076 0.0732443 0.0730714 0.07078 0.0668363 0.0616932 0.0557589 0.0493787 0.0428255 0.0363079 0.0299901 0.0240162 0.0185268 0.0136627 0.00954983 0.00627024 0.00383303
 0.00963731 0.0153213 0.0224387 0.030731 0.0398331 0.0491933 0.0579987 0.0653049 0.0703501 0.0728061 0.0727805 0.0706418 0.0668464 0.0618452 0.0560431 0.0497762 0.0433062 0.0368339 0.0305223 0.024519 0.0189719 0.014031 0.00983308 0.00647119 0.00396359
 0.010363 0.0163273 0.0236311 0.0319129 0.040759 0.0496569 0.0579064 0.0646963 0.0693661 0.0716313 0.0715919 0.069576 0.065987 0.0612258 0.0556604 0.0496053 0.0433113 0.0369733 0.0307514 0.0247935 0.0192519 0.0142853 0.0100417 0.00662653 0.00406841
 0.0110265 0.0173754 0.0251417 0.0339117 0.0431843 0.0523228 0.0604906 0.0667896 0.0705899 0.0717742 0.0706846 0.0678618 0.0638141 0.0589309 0.0534949 0.0477168 0.0417612 0.0357654 0.0298563 0.0241647 0.0188359 0.0140284 0.00989525 0.00655041 0.00403291
 0.0108487 0.0172045 0.0251033 0.0341961 0.0439962 0.0537978 0.0626152 0.069365 0.07326 0.0741073 0.0722836 0.0684716 0.0633897 0.0576368 0.0516352 0.0456303 0.0397318 0.0339779 0.0283973 0.0230473 0.0180287 0.0134783 0.00954286 0.00633928 0.00391534
 0.0108203 0.0171349 0.0249627 0.0339624 0.0436865 0.0535029 0.0625101 0.0696666 0.0741328 0.0755609 0.0741241 0.0703448 0.0648998 0.0584834 0.0517046 0.0450078 0.0386408 0.0326864 0.0271346 0.0219616 0.0171836 0.012874 0.00914314 0.00609443 0.0037767
 0.0106991 0.0169438 0.0246853 0.0335852 0.0432003 0.052909 0.0618352 0.0689837 0.0735738 0.0753007 0.0743259 0.07108 0.0660866 0.0598887 0.0530217 0.0459722 0.0391217 0.0327092 0.0268365 0.0215152 0.0167326 0.0125027 0.00887927 0.00592841 0.00368315
 0.0106361 0.0168503 0.0245603 0.0334323 0.0430239 0.0527101 0.0616089 0.0687229 0.0732796 0.0749985 0.074077 0.0709778 0.0662251 0.060312 0.0536819 0.0467294 0.0397958 0.033156 0.0270025 0.0214424 0.0165188 0.0122499 0.00865774 0.0057679 0.003583
 0.0106214 0.0168131 0.0244808 0.0332858 0.0427898 0.0523835 0.0612095 0.0682926 0.0728692 0.0746513 0.073822 0.0708354 0.0662187 0.0604698 0.0540218 0.0472326 0.040392 0.033738 0.0274663 0.0217295 0.016633 0.0122411 0.00858974 0.00569074 0.00352252
 0.0104892 0.0166196 0.0242283 0.0329881 0.0424652 0.0520458 0.0608637 0.0679394 0.0725159 0.0743202 0.0735496 0.0706621 0.0661768 0.0605772 0.0542815 0.0476322 0.0408994 0.0342967 0.0280034 0.0221761 0.0169484 0.0124242 0.00867043 0.00571042 0.00351607
 0.0104063 0.0164875 0.0240356 0.0327283 0.0421406 0.0516717 0.0604695 0.0675637 0.0721946 0.0740752 0.0733858 0.0705751 0.0661644 0.0606454 0.0544411 0.0478904 0.0412499 0.0347147 0.0284462 0.0225919 0.0172919 0.012671 0.0088224 0.00578867 0.00354823
 0.0104545 0.0165583 0.0241274 0.032833 0.042244 0.051755 0.0605124 0.0675489 0.0721131 0.0739304 0.0731925 0.070355 0.0659404 0.0604389 0.0542735 0.0477826 0.0412187 0.0347657 0.0285677 0.022756 0.0174625 0.0128168 0.00892616 0.00584966 0.00357681
 0.0104 0.0164843 0.024043 0.0327552 0.042192 0.0517417 0.0605377 0.0675983 0.0721636 0.0739588 0.0731838 0.0703059 0.065859 0.0603411 0.0541785 0.0477095 0.041184 0.0347802 0.0286329 0.0228615 0.0175881 0.0129388 0.00902586 0.00591881 0.00361744
 0.0103257 0.0163692 0.0238812 0.0325474 0.0419479 0.0514819 0.0602932 0.0674053 0.0720525 0.0739422 0.0732513 0.0704291 0.066004 0.0604812 0.0543006 0.0478141 0.0412804 0.0348802 0.028745 0.0229869 0.0177196 0.0130637 0.00913143 0.00599741 0.00366864
 0.0102749 0.0162945 0.0237829 0.0324304 0.0418196 0.0513495 0.0601625 0.0672825 0.0719469 0.0738668 0.0732194 0.0704481 0.0660701 0.0605792 0.0544104 0.0479189 0.0413724 0.0349612 0.028822 0.0230663 0.0178028 0.0131461 0.00920557 0.00605662 0.00371022
 0.0103815 0.0164445 0.0239659 0.0326225 0.0419904 0.0514733 0.0602268 0.0672886 0.0719044 0.0737871 0.0731127 0.0703244 0.0659405 0.0604551 0.0542998 0.0478249 0.0412941 0.0348971 0.0287728 0.0230342 0.0177892 0.0131491 0.00921955 0.00607475 0.00372682
 0.0102911 0.0163148 0.0238021 0.0324387 0.0418039 0.0512961 0.0600614 0.0671308 0.0717526 0.07365 0.0730097 0.070278 0.0659653 0.0605518 0.0544558 0.0480194 0.0415048 0.0351045 0.0289632 0.0232 0.0179279 0.0132613 0.00930681 0.00613908 0.00377093
 0.0101712 0.0161387 0.0235727 0.0321723 0.041527 0.0510393 0.0598521 0.0669882 0.071683 0.0736459 0.0730535 0.0703508 0.066056 0.0606594 0.0545851 0.0481731 0.0416788 0.0352884 0.0291434 0.0233648 0.0180694 0.013376 0.00939471 0.0062025 0.00381363
 0.0102081 0.0162013 0.0236715 0.0323179 0.0417269 0.051293 0.0601469 0.0672981 0.0719724 0.0738768 0.0731932 0.0703777 0.0659646 0.0604628 0.0543131 0.0478658 0.041376 0.0350203 0.0289265 0.023202 0.0179554 0.0133014 0.00934947 0.00617753 0.00380144
 0.0105675 0.0167646 0.024478 0.0333855 0.043043 0.0528044 0.0617507 0.068845 0.0732907 0.0748107 0.0736374 0.0702963 0.06539 0.059482 0.0530477 0.0464504 0.0399387 0.0336674 0.0277331 0.0222103 0.0171769 0.0127245 0.00894734 0.00591528 0.00364257
 0.0104627 0.016616 0.0242964 0.0331992 0.0428961 0.0527501 0.0618414 0.0691199 0.0737605 0.0754443 0.0743598 0.0710015 0.0659676 0.0598457 0.0531557 0.046311 0.0396021 0.0332082 0.0272306 0.0217313 0.0167665 0.0124036 0.00871684 0.00576286 0.00354991
 0.0105966 0.0167931 0.0244892 0.0333596 0.042973 0.052715 0.0617087 0.0689473 0.0736293 0.0754285 0.0744991 0.0712877 0.0663466 0.0602337 0.0534641 0.0464723 0.0395877 0.0330325 0.026941 0.0213898 0.0164312 0.0121155 0.00849558 0.00560946 0.0034535
 0.0106952 0.0169308 0.0246531 0.03352 0.0430867 0.0527353 0.061598 0.068692 0.0732523 0.0749946 0.0741043 0.0710305 0.0662927 0.0603909 0.0537799 0.0468555 0.0399422 0.0332878 0.0270685 0.0214011 0.0163634 0.0120122 0.0083919 0.00552559 0.0033955
 0.0109747 0.0173908 0.0253521 0.0345054 0.0443725 0.0542719 0.0632504 0.0702487 0.0744746 0.075688 0.0741779 0.0705191 0.0653348 0.0591786 0.0525006 0.0456466 0.0388729 0.0323696 0.026283 0.0207272 0.0157915 0.011544 0.00803067 0.00526757 0.00322686
 0.0107237 0.0170452 0.0249502 0.0341279 0.0441284 0.0542691 0.0635641 0.0708959 0.0753996 0.0767629 0.0752255 0.0713579 0.0658339 0.0592959 0.0522857 0.0452091 0.0383347 0.0318261 0.0257875 0.020298 0.0154295 0.0112466 0.00779678 0.00509537 0.00311036
 0.0102055 0.016216 0.023733 0.0324776 0.0420612 0.0518994 0.0611279 0.0687295 0.0738603 0.0761193 0.0755708 0.0725872 0.0676892 0.0614511 0.0544375 0.0471414 0.0399407 0.0330899 0.026745 0.0210017 0.0159286 0.0115833 0.0080092 0.00521883 0.00317575
 0.0100961 0.0160352 0.0234532 0.0320648 0.0414754 0.0511007 0.0600938 0.0674826 0.0724951 0.0748105 0.0745444 0.0720556 0.0677745 0.0621371 0.055576 0.0485094 0.0413161 0.0343108 0.0277308 0.0217407 0.0164496 0.0119304 0.00822695 0.00534603 0.00324408
 0.00943193 0.0150729 0.0222218 0.0306645 0.0400457 0.0497695 0.0589378 0.0665196 0.0717068 0.074178 0.0740811 0.0718216 0.0678646 0.0626399 0.0565219 0.0498364 0.0428761 0.0359146 0.0292062 0.0229746 0.0173989 0.012608 0.0086776 0.00562525 0.00340462
#obs surv len freq
 nan nan nan nan nan nan nan nan nan nan nan nan nan nan nan nan nan nan nan nan nan nan nan nan nan
 0.00448048 0.00734018 0.011169 0.0159852 0.021687 0.0279646 0.0342812 0.0400146 0.0446957 0.0481602 0.0505182 0.0520137 0.0529055 0.0534174 0.0537312 0.0539858 0.0542642 0.0545568 0.0546954 0.0542872 0.0527252 0.0493573 0.0438069 0.0362868 0.0276703
 0.00461229 0.00755535 0.0114942 0.016445 0.022298 0.0287266 0.0351676 0.04097 0.0456427 0.0490142 0.051203 0.0524734 0.0531102 0.0533646 0.0534417 0.053496 0.0536172 0.0537953 0.0538586 0.0534119 0.0518501 0.0485253 0.0430624 0.0356675 0.0271969
 0.0047897 0.0078431 0.011926 0.0170517 0.0231016 0.0297307 0.0363472 0.0422669 0.0469711 0.0502745 0.0522965 0.0533138 0.0536322 0.0535298 0.0532421 0.0529529 0.0527748 0.0527123 0.052601 0.0520502 0.0504598 0.0471873 0.0418571 0.0346613 0.0264265
 0.0049739 0.00814945 0.0123997 0.0177387 0.0240389 0.0309308 0.0377833 0.0438683 0.0486339 0.0518818 0.0537361 0.0544881 0.0544612 0.0539533 0.0532235 0.052483 0.0518746 0.0514316 0.0510154 0.0502571 0.0485754 0.04534 0.0401745 0.0332474 0.02534
 0.00518046 0.00848591 0.0129078 0.0184592 0.0250056 0.0321601 0.0392615 0.045544 0.0504207 0.0536701 0.0554079 0.0559292 0.0555706 0.0546488 0.0534451 0.052195 0.0510692 0.0501341 0.0492889 0.0482062 0.0463436 0.0430992 0.0381006 0.0314872 0.023979
 0.0054177 0.00887215 0.0134901 0.0192815 0.0261005 0.033536 0.0408898 0.0473555 0.0523164 0.0555404 0.057148 0.0574441 0.056774 0.0554615 0.0537965 0.0520285 0.0503493 0.0488565 0.0474928 0.0459856 0.0438521 0.0405388 0.0356903 0.0294169 0.0223652
 0.00564749 0.00925239 0.0140746 0.0201244 0.0272452 0.0349976 0.0426382 0.0493099 0.0543586 0.0575393 0.0589826 0.0590155 0.0580052 0.0562916 0.0541726 0.0519014 0.0496764 0.0476132 0.0456918 0.0436993 0.0412261 0.0377863 0.0330577 0.0271278 0.0205647
 0.00590054 0.00966226 0.0146891 0.0209883 0.0283931 0.0364428 0.0443585 0.0512404 0.0563972 0.0595627 0.0608645 0.0606418 0.0592829 0.0571514 0.054565 0.0517887 0.0490267 0.0464034 0.0439246 0.0414286 0.0385813 0.0349747 0.0303337 0.0247333 0.0186646
 0.0061307 0.0100444 0.0152788 0.0218412 0.0295533 0.0379238 0.0461263 0.0532095 0.0584467 0.0615625 0.0626969 0.0622098 0.0605091 0.0579735 0.0549339 0.0516661 0.0483825 0.0452181 0.0422002 0.0392116 0.0359875 0.0321978 0.0276217 0.0223303 0.0167439
 0.00638066 0.0104511 0.0158916 0.0227073 0.0307095 0.0393832 0.0478633 0.055152 0.0604828 0.0635597 0.064524 0.063754 0.0616851 0.0587243 0.0552244 0.051474 0.0476912 0.0440166 0.040494 0.0370442 0.0334649 0.0294996 0.0249813 0.0199822 0.0148591
 0.00663024 0.0108614 0.0165173 0.023601 0.0319103 0.0408993 0.0496548 0.0571277 0.0625154 0.0655121 0.0662724 0.0651987 0.0627519 0.0593625 0.0554038 0.05118 0.0469191 0.0427689 0.0387864 0.034923 0.0310293 0.0269141 0.0224599 0.0177416 0.0130589
 0.00684837 0.0112196 0.0170634 0.0243821 0.0329643 0.0422403 0.051258 0.0589222 0.0643923 0.0673438 0.067934 0.0665832 0.0637785 0.0599782 0.0555797 0.0509049 0.0461932 0.0416013 0.0371995 0.0329662 0.0287971 0.0245555 0.0201661 0.0157055 0.0114226
 0.00704983 0.0115514 0.0175704 0.0251086 0.0339447 0.0434853 0.0527403 0.0605718 0.0661066 0.0690076 0.0694373 0.0678326 0.064701 0.0605228 0.0557164 0.0506225 0.0454944 0.0405001 0.0357238 0.0311677 0.0267655 0.0224257 0.0181068 0.0138846 0.00996269
 0.00727886 0.0119244 0.0181326 0.0259016 0.0349973 0.0447995 0.0542772 0.0622479 0.0678061 0.0706053 0.0708213 0.068917 0.0654295 0.0608659 0.0556658 0.0501841 0.044684 0.0393408 0.0342496 0.0294323 0.0248536 0.0204583 0.0162304 0.0122419 0.00865494
 0.0074368 0.0121884 0.0185435 0.0265016 0.035821 0.0458599 0.0555513 0.0636718 0.069284 0.0720282 0.0720852 0.0699357 0.0661401 0.0612305 0.0556697 0.0498313 0.0439916 0.0383352 0.0329675 0.0279272 0.0232036 0.0187702 0.0146293 0.0108472 0.00754909
 0.0075395 0.0123538 0.0187901 0.0268479 0.0362847 0.0464553 0.0562843 0.0645336 0.0702471 0.0730444 0.0730895 0.0708526 0.0668944 0.0617573 0.0559221 0.0497833 0.0436373 0.037687 0.0320547 0.0267981 0.0219296 0.0174455 0.013362 0.00973814 0.00666768
 0.00757008 0.0124038 0.0188665 0.026958 0.0364369 0.0466582 0.0565469 0.0648649 0.0706551 0.0735342 0.0736569 0.0714775 0.067536 0.0623557 0.0564078 0.0500902 0.0437148 0.0375081 0.0316198 0.0261362 0.021098 0.016526 0.0124491 0.00892077 0.00600874
 0.00767602 0.0125615 0.0190767 0.0272123 0.0367198 0.0469529 0.0568383 0.0651425 0.0709139 0.073776 0.07389 0.0717138 0.0677833 0.0626101 0.0566468 0.0502737 0.0437932 0.037435 0.0313664 0.0257016 0.0205133 0.0158509 0.0117604 0.00829364 0.00549782
 0.00774527 0.0126721 0.0192385 0.0274311 0.0369937 0.0472683 0.0571684 0.0654511 0.0711665 0.0739525 0.0739922 0.0717625 0.0678085 0.0626376 0.0566886 0.0503222 0.0438215 0.0374042 0.0312379 0.0254521 0.0201463 0.0153992 0.0112783 0.00784063 0.00512077
 0.00776604 0.0127053 0.0192879 0.0275001 0.037086 0.0473865 0.0573127 0.065617 0.071343 0.074123 0.0741389 0.0718727 0.0678804 0.0626806 0.056718 0.0503492 0.0438451 0.0374081 0.0311956 0.0253381 0.0199493 0.0151306 0.0109706 0.00753668 0.00485863
 0.00781829 0.0127798 0.0193806 0.0276013 0.037183 0.0474694 0.0573782 0.0656691 0.0713901 0.074173 0.0741953 0.0719329 0.0679369 0.0627258 0.056748 0.0503649 0.0438489 0.0373982 0.0311626 0.0252676 0.01983 0.0149634 0.0107717 0.00733321 0.00467781
 0.0078442 0.0128211 0.0194406 0.027681 0.0372795 0.0475738 0.0574758 0.0657429 0.0714271 0.0741717 0.0741667 0.0718956 0.0679087 0.0627157 0.0567551 0.0503821 0.0438671 0.0374088 0.031157 0.0252369 0.0197672 0.0148674 0.0106509 0.00720408 0.00455893
 0.00786064 0.0128442 0.0194689 0.0277112 0.0373079 0.0475982 0.0574963 0.0657605 0.071442 0.0741816 0.0741681 0.0718875 0.0678947 0.0627039 0.0567538 0.0503952 0.0438921 0.0374378 0.0311797 0.0252431 0.0197495 0.0148237 0.0105859 0.00712828 0.00448523
 0.00788885 0.0128843 0.0195186 0.0277643 0.0373558 0.0476326 0.0575113 0.0657545 0.0714178 0.0741456 0.0741282 0.0718505 0.0678649 0.0626833 0.0567434 0.0503959 0.0439037 0.0374575 0.0312014 0.0252587 0.0197513 0.0148078 0.0105535 0.0070856 0.00444086
 0.00790381 0.0129086 0.0195546 0.0278135 0.0374172 0.0477011 0.0575774 0.0658055 0.0714423 0.0741376 0.0740904 0.0717927 0.0678001 0.0626231 0.0566955 0.0503634 0.0438864 0.0374528 0.0312048 0.0252642 0.0197528 0.0148005 0.0105363 0.00706112 0.00441409
 0.00789686 0.0128965 0.0195353 0.027785 0.0373791 0.0476555 0.0575297 0.0657633 0.071412 0.074122 0.0740873 0.0717979 0.0678097 0.0626362 0.0567136 0.0503888 0.04392 0.0374931 0.0312482 0.0253056 0.0197868 0.0148233 0.0105466 0.00706067 0.00440676
 0.00787845 0.0128651 0.0194854 0.0277112 0.0372773 0.0475264 0.0573806 0.0656088 0.0712714 0.0740145 0.0740271 0.0717903 0.0678511 0.0627162 0.0568191 0.0505074 0.0440425 0.0376128 0.03136 0.0254048 0.0198694 0.0148863 0.0105896 0.0070858 0.00441846
 0.00788177 0.0128624 0.0194666 0.0276619 0.0371835 0.0473798 0.0571847 0.0653802 0.0710365 0.0738029 0.0738656 0.0716978 0.0678362 0.0627758 0.0569403 0.0506714 0.0442284 0.0378025 0.0315393 0.025564 0.0200022 0.01499 0.0106643 0.00713477 0.00444714
 0.00786995 0.0128458 0.0194457 0.0276375 0.0371542 0.0473401 0.0571244 0.0652879 0.0709057 0.0736389 0.0736868 0.071532 0.0677118 0.0627141 0.0569495 0.0507465 0.0443545 0.0379592 0.0317059 0.0257231 0.0201415 0.0151025 0.010748 0.00719181 0.00448235
 0.00784676 0.012808 0.0193892 0.0275591 0.0370535 0.0472211 0.0569958 0.0651611 0.0707909 0.0735403 0.0736034 0.0714618 0.0676572 0.062684 0.0569562 0.0507995 0.0444548 0.0380983 0.0318678 0.0258891 0.0202949 0.0152316 0.0108473 0.00726147 0.00452682
 0.0078328 0.0127829 0.0193468 0.0274928 0.0369572 0.0470929 0.0568407 0.0649915 0.0706245 0.0733959 0.0734951 0.0713961 0.0676333 0.0626968 0.0570009 0.0508739 0.0445587 0.0382296 0.0320196 0.0260495 0.0204492 0.0153667 0.010955 0.00733949 0.00457804
 0.00778052 0.0126995 0.0192244 0.0273253 0.0367426 0.0468348 0.0565513 0.064692 0.0703427 0.0731607 0.0733314 0.0713197 0.0676483 0.0627959 0.057168 0.051089 0.0448027 0.0384868 0.0322773 0.0262957 0.0206724 0.0155564 0.0111046 0.00744806 0.00464991
 0.0077773 0.0126878 0.0191951 0.027266 0.0366406 0.0466825 0.0563503 0.0644548 0.0700899 0.0729167 0.07312 0.0711616 0.0675591 0.0627838 0.0572324 0.0512207 0.044986 0.0387027 0.0325069 0.0265222 0.0208814 0.0157367 0.0112491 0.00755466 0.00472176
 0.0077292 0.0126121 0.0190856 0.0271181 0.036452 0.0464535 0.0560859 0.0641665 0.0697961 0.0726416 0.07289 0.0710005 0.0674841 0.0628026 0.0573428 0.0514114 0.0452388 0.038995 0.0328146 0.0268223 0.0211546 0.015969 0.0114328 0.00768899 0.00481188
 0.00933455 0.0148596 0.0217989 0.0299096 0.0388355 0.0480245 0.056663 0.0638179 0.068756 0.0711893 0.0712626 0.0693633 0.0659396 0.0614111 0.0561375 0.0504068 0.0444341 0.0383774 0.0323622 0.026508 0.0209491 0.0158441 0.0113634 0.00765458 0.00479726
 0.00931467 0.0151248 0.0227222 0.031954 0.0423525 0.0529815 0.0624711 0.0694274 0.0730295 0.0733494 0.0711479 0.0673694 0.0627442 0.0576841 0.0523764 0.0469089 0.041345 0.0357505 0.0302013 0.0247896 0.0196338 0.0148809 0.010694 0.00721683 0.00453034
 0.00895471 0.0145587 0.021928 0.030982 0.0413793 0.0523476 0.0626405 0.0708234 0.0757845 0.0771171 0.0751457 0.0706753 0.0646814 0.0580551 0.0514346 0.0451443 0.0392515 0.0336907 0.028381 0.0232938 0.0184735 0.0140283 0.0101021 0.00683094 0.00429595
 0.00878802 0.0142739 0.0214746 0.0303078 0.0404504 0.0511833 0.0613579 0.0696659 0.0751005 0.0772639 0.0763308 0.0728083 0.0673399 0.0606228 0.0533501 0.0461153 0.0393134 0.0331072 0.0274815 0.0223485 0.0176451 0.0133832 0.00964342 0.00653029 0.00411394
 0.00875026 0.0142036 0.021351 0.0301023 0.0401289 0.0507133 0.0607208 0.0688767 0.0742307 0.0764601 0.075806 0.0727882 0.0679645 0.0618486 0.0549243 0.0476597 0.0404815 0.03372 0.0275644 0.0220671 0.0172013 0.0129353 0.00927793 0.00627208 0.00395145
 0.00870532 0.0141361 0.021259 0.0299857 0.039986 0.050537 0.0604963 0.068584 0.0738541 0.0760036 0.0753125 0.0723512 0.0677179 0.0619232 0.0553813 0.048438 0.0414015 0.0345541 0.0281365 0.0223179 0.0171851 0.0127655 0.00906439 0.00608528 0.00381844
 0.00869281 0.0141103 0.0212104 0.0299033 0.039861 0.0503677 0.0602914 0.0683592 0.0736241 0.0757743 0.0750816 0.0721201 0.0675087 0.0617889 0.0553931 0.0486501 0.0418103 0.0350827 0.0286602 0.0227211 0.0174105 0.0128262 0.00901869 0.00599819 0.00373523
 0.008685 0.0140984 0.0211936 0.0298801 0.0398283 0.05032 0.0602212 0.06826 0.0734941 0.0756187 0.0749114 0.071948 0.0673472 0.0616536 0.0553085 0.0486491 0.0419203 0.0353041 0.0289545 0.0230211 0.0176503 0.0129702 0.0090712 0.00598982 0.00370135
 0.00866747 0.0140715 0.0211563 0.0298325 0.0397721 0.0502578 0.0601562 0.0681945 0.0734288 0.075552 0.0748404 0.071871 0.0672668 0.0615768 0.0552479 0.0486217 0.0419449 0.0353931 0.029104 0.0232061 0.0178323 0.0131139 0.00915942 0.00602708 0.00370532
 0.00865717 0.014055 0.021132 0.0297994 0.0397298 0.0502075 0.0601008 0.0681386 0.0733771 0.0755076 0.0748037 0.0718398 0.067237 0.0615462 0.0552181 0.0486 0.0419427 0.0354224 0.0291708 0.0233051 0.0179462 0.0132202 0.00924018 0.00607579 0.00372681
 0.00864624 0.0140367 0.0211034 0.0297576 0.0396731 0.0501363 0.0600189 0.068053 0.0732971 0.0754421 0.0747588 0.0718176 0.0672355 0.0615603 0.055242 0.0486298 0.0419786 0.0354682 0.0292313 0.0233811 0.0180322 0.013305 0.0093117 0.00612667 0.00375669
 0.00863367 0.0140189 0.0210813 0.0297335 0.0396492 0.0501138 0.0599964 0.0680279 0.0732668 0.0754063 0.0747205 0.0717818 0.0672077 0.0615442 0.0552385 0.0486376 0.041996 0.0354945 0.029267 0.0234266 0.0180855 0.0133605 0.00936231 0.0061664 0.00378321
 0.00863688 0.0140214 0.0210802 0.0297249 0.0396298 0.0500827 0.059957 0.0679864 0.0732298 0.0753776 0.0747 0.071767 0.0671964 0.061536 0.0552347 0.0486403 0.0420063 0.0355128 0.0292931 0.0234597 0.0181236 0.0134006 0.00939991 0.00619747 0.00380556
 0.00862786 0.0140088 0.0210649 0.0297086 0.039614 0.0500674 0.0599402 0.0679654 0.073203 0.0753468 0.0746696 0.0717426 0.0671815 0.0615313 0.055239 0.0486514 0.0420231 0.0355346 0.0293196 0.0234902 0.0181568 0.0134341 0.00943093 0.00622332 0.00382472
 0.00862341 0.0140028 0.0210582 0.0297029 0.0396115 0.0500701 0.0599491 0.0679794 0.0732191 0.07536 0.0746752 0.0717376 0.0671664 0.0615096 0.0552155 0.0486307 0.0420078 0.0355262 0.0293183 0.0234958 0.0181681 0.0134493 0.00944733 0.00623854 0.00383695
 0.00862341 0.0140028 0.0210582 0.0297029 0.0396115 0.0500701 0.0599491 0.0679794 0.0732191 0.07536 0.0746752 0.0717376 0.0671664 0.0615096 0.0552155 0.0486307 0.0420078 0.0355262 0.0293183 0.0234958 0.0181681 0.0134493 0.00944733 0.00623854 0.00383695
 0.00880582 0.0142881 0.0214655 0.0302391 0.0402665 0.0508116 0.0607184 0.0686958 0.0737945 0.0757218 0.0747835 0.071592 0.0668009 0.0609808 0.0545892 0.0479706 0.0413672 0.0349433 0.0288166 0.0230856 0.0178499 0.0132158 0.00928653 0.00613529 0.0037756
 0.00905193 0.0146998 0.0221039 0.031161 0.0415033 0.0523397 0.0624356 0.0704242 0.0753174 0.0768402 0.0753653 0.0715931 0.0662607 0.060001 0.0533069 0.0465315 0.0399044 0.0335631 0.0275925 0.0220591 0.0170346 0.0126041 0.00885481 0.0058506 0.00360146
 0.00892227 0.0145165 0.0218818 0.0309382 0.0413402 0.0523103 0.0626141 0.0708638 0.0760256 0.0777592 0.0763728 0.0725299 0.0669752 0.0603912 0.0533421 0.0462486 0.0393871 0.0329148 0.0269114 0.0214227 0.0164925 0.0121783 0.00854555 0.00564296 0.00347304
 0.00899113 0.014602 0.0219629 0.0309828 0.0413187 0.052216 0.0624781 0.0707537 0.0760252 0.0779367 0.076751 0.073072 0.0675903 0.0609587 0.053748 0.046419 0.0393061 0.0326218 0.0264816 0.0209411 0.0160322 0.011788 0.00824674 0.00543496 0.00334116
 0.00896932 0.0145731 0.0219301 0.0309499 0.0412847 0.0521704 0.0624016 0.0706289 0.0758547 0.0777565 0.0766277 0.0730777 0.067768 0.0612973 0.05418 0.046845 0.0396313 0.032788 0.0264812 0.0208095 0.0158274 0.0115675 0.00805216 0.00528656 0.0032412
 0.00929035 0.0150698 0.0226292 0.0318545 0.0423692 0.0533744 0.0636254 0.0717381 0.0767026 0.078222 0.0766518 0.0726836 0.0670537 0.0604028 0.0532423 0.0459592 0.0388363 0.0320784 0.0258355 0.0202153 0.0152908 0.0111071 0.00768529 0.00501888 0.00306373
 0.00919661 0.0149569 0.022532 0.0318299 0.0424802 0.053666 0.0641027 0.0723602 0.0773926 0.078886 0.0771985 0.0730406 0.0671816 0.0603044 0.0529615 0.0455656 0.0384 0.0316496 0.0254372 0.0198521 0.0149631 0.0108199 0.00744757 0.00483744 0.00293798
 0.00872164 0.0141888 0.0213906 0.0302622 0.040494 0.0513701 0.0617306 0.0702444 0.075879 0.078223 0.0774595 0.0741176 0.06884 0.062264 0.0549666 0.0474284 0.0400131 0.0329731 0.0264749 0.0206294 0.0155145 0.0111852 0.00767021 0.00496039 0.00299872
 0.00894068 0.0144721 0.0216801 0.0304529 0.0404553 0.050986 0.0609431 0.0690839 0.0744733 0.076781 0.0762272 0.0733128 0.068587 0.0625596 0.0556929 0.0484042 0.041055 0.0339404 0.0272863 0.0212564 0.0159643 0.0114843 0.00785266 0.00506095 0.00304774
 0.00898069 0.0145704 0.0218845 0.0308143 0.0409974 0.0516659 0.061629 0.0695759 0.074573 0.0763776 0.0753549 0.0721463 0.0673816 0.0615625 0.0550681 0.0481954 0.0411968 0.0343043 0.0277352 0.0216844 0.0163119 0.0117332 0.00801179 0.00515165 0.0030933
#pred catch len freq
 0.00452187 0.00716946 0.0104856 0.0143983 0.0188608 0.0238264 0.0291774 0.0346951 0.0401046 0.0451465 0.0496214 0.0534045 0.0564479 0.0587616 0.0603724 0.0612788 0.0614309 0.0607351 0.0590665 0.0562723 0.0521811 0.0466648 0.0397736 0.031883 0.0237199
 0.00477532 0.00748128 0.0107744 0.0145394 0.0187351 0.0233903 0.028507 0.0339666 0.0395104 0.0447963 0.0494875 0.0533446 0.0562854 0.0583804 0.05978 0.0606147 0.0609156 0.0605796 0.0593793 0.0570075 0.0531573 0.0476456 0.0405657 0.0323996 0.023981
 0.00514172 0.00804687 0.0115621 0.015531 0.019854 0.0244914 0.0293901 0.0344299 0.0394362 0.0442193 0.0485882 0.0523558 0.0553719 0.0575754 0.0590189 0.0598315 0.0601263 0.0598955 0.0589455 0.0569124 0.0533746 0.0480457 0.040985 0.0327165 0.0241541
 0.00545315 0.00854391 0.012294 0.0165394 0.0211662 0.0261037 0.0312413 0.0363745 0.0412422 0.0456082 0.0493192 0.0523177 0.0546271 0.0563201 0.0574837 0.0581937 0.0584907 0.0583348 0.0575418 0.0557541 0.0525153 0.0474711 0.0406214 0.0324741 0.0239687
 0.00575372 0.0090156 0.0129747 0.0174598 0.0223525 0.0275788 0.0330156 0.0384254 0.0434876 0.0478846 0.0513811 0.0538749 0.0554215 0.0562128 0.0565038 0.0565176 0.0563683 0.0560127 0.0552247 0.0535998 0.0506369 0.0459311 0.0394282 0.0315932 0.0233453
 0.00608381 0.00952666 0.0136978 0.0184114 0.0235387 0.0290008 0.0346695 0.0402969 0.0455421 0.0500557 0.0535549 0.0558774 0.0570236 0.0571671 0.0566113 0.0556976 0.0546923 0.0536849 0.0525212 0.0508021 0.0479853 0.0436004 0.0375186 0.0301336 0.0223062
 0.00638757 0.0100036 0.0143851 0.0193346 0.0247112 0.0304218 0.0363193 0.0421336 0.0475045 0.0520705 0.0555411 0.057741 0.0586444 0.0583887 0.0572507 0.0555827 0.0537214 0.0518783 0.0500374 0.0479066 0.0449876 0.0407871 0.0351029 0.0282293 0.0209289
 0.00668605 0.0104719 0.0150597 0.0202418 0.0258677 0.0318333 0.0379742 0.0439942 0.0495029 0.054113 0.0575193 0.0595454 0.060172 0.0595409 0.0579222 0.055656 0.0530835 0.050464 0.0478797 0.0451657 0.0419344 0.0377431 0.0323622 0.0259928 0.019274
 0.00704906 0.0110302 0.0158417 0.0212568 0.0271103 0.0332896 0.0396225 0.045799 0.0514086 0.0560424 0.0593774 0.0612276 0.0615751 0.0605715 0.0584971 0.0556972 0.0525144 0.0492228 0.0459551 0.0426399 0.0390051 0.0346994 0.029516 0.0235953 0.017456
 0.00744731 0.0116446 0.0167056 0.0223812 0.0284861 0.0348913 0.0414072 0.0477035 0.0533514 0.0579314 0.0611194 0.0627353 0.0627701 0.0613853 0.058871 0.0555781 0.0518526 0.0479765 0.0441114 0.0402497 0.0362143 0.031749 0.0266959 0.021166 0.0155759
 0.00779015 0.0121798 0.0174706 0.0233977 0.0297596 0.0364089 0.0431322 0.0495702 0.055267 0.0597873 0.0628063 0.0641561 0.0638487 0.062068 0.0591218 0.0553707 0.0511621 0.0467806 0.0424038 0.0380688 0.0336727 0.0290437 0.0240784 0.0188774 0.0137775
