SBPRF35
7.78865
Curr Bio
587207
B35
689356
F35
0.22809
FOFL
0.192513
OFL
85759.3
Bzero
2.22533e+06
#pred survey bio
 4.50973e+06 4.2379e+06 3.98922e+06 3.69718e+06 3.38457e+06 3.05888e+06 2.76125e+06 2.459e+06 2.1595e+06 1.90251e+06 1.66187e+06 1.48051e+06 1.29858e+06 1.1361e+06 1.0022e+06 889889 803089 741016 705933 681790 659316 630223 626019 610233 613101 607797 592471 593216 586326 577775 579080 583588 584355 579852 569090 546533 539839 527984 529214 529509 541432 540758 541540 539091 543676 546870 548991 546447 555200 561573 571287 581337 574605 581261 568071 569017 584401 586942 2.05375e+07 1.2578e+07 1.29628e+07 1.35934e+07 1.43311e+07 1.50401e+07 1.56515e+07 1.61446e+07 1.65253e+07 1.6811e+07 1.70216e+07 1.71753e+07 1.72869e+07 1.7368e+07 1.74269e+07 1.74701e+07 1.75017e+07 1.75252e+07 1.75426e+07 1.75557e+07 1.75655e+07 1.7573e+07 1.75786e+07 1.75829e+07 1.75862e+07 1.75887e+07 1.75906e+07 1.75921e+07 1.75932e+07 1.75941e+07 1.75948e+07 1.75953e+07 1.75957e+07 1.7596e+07 1.75963e+07 1.75964e+07 1.75966e+07 1.75967e+07 1.75968e+07 1.75968e+07 1.75969e+07 1.75969e+07 1.7597e+07 1.7597e+07 1.7597e+07 1.7597e+07 1.7597e+07 1.7597e+07 1.75971e+07 1.75971e+07 1.75971e+07 1.75971e+07 1.75971e+07 1.75971e+07 1.75971e+07 1.75971e+07 1.75971e+07 1.75971e+07 1.75971e+07 1.75971e+07 1.75971e+07 1.75971e+07 1.75971e+07 1.75971e+07 1.75971e+07 1.75971e+07 1.75971e+07 1.75971e+07 1.75971e+07 1.75971e+07 1.75971e+07 1.75971e+07 1.75971e+07 1.75971e+07 1.75971e+07 1.75971e+07 1.75971e+07 1.75971e+07 1.75971e+07 1.75971e+07 1.75971e+07 1.75971e+07 1.75971e+07 1.75971e+07 1.75971e+07 1.75971e+07 1.75971e+07 1.75971e+07 1.75971e+07 1.75971e+07 1.75971e+07 1.75971e+07 1.75971e+07 1.75971e+07 1.75971e+07 1.75971e+07 1.75971e+07 1.75971e+07 1.75971e+07 1.75971e+07 0 0 0 0 0 0 0 0 0 0 0 0 0 0 0 0 0 0 0 0 0 0 0 0 0
#obs survey bio
 3.94308e+06 3.04106e+06 3.75172e+06 3.091e+06 2.10461e+06 2.76842e+06 1.80942e+06 1.89748e+06 2.00341e+06 1.52679e+06 1.36996e+06 1.52319e+06 833764 755471 945990 732165 887582 663308 666832 732519 722573 535508 600024 824987 481342 494357 542445 737014 547171 509289 506213 531994 489146 557187 642073 508570 723960 619720 877434 691508 540512 500507 509883 565152 818034 662694 552411 477956 429216 643218 585852 546982 651652 496606 732063 625217 535468 596638
#pred catch bio
 91949.2 88252 152514 201435 247461 255944 291566 317382 302997 307493 269705 281049 270432 248413 230094 206277 181304 154445 142130 137529 139476 116006 124284 107374 113117 118746 102010 105755 105130 95952.9 92984.6 95253.5 97006.8 97717.3 102303 85868.2 91645.1 83324.3 85582.4 76102.4 87118.6 86237.4 89459.6 84160.8 86470.6 88848.8 94237.5 86413.4 90571.9 89445.8 90348.1 104575 93148.8 110099 98384.3 88143.9 101831 106060 85759.3 101508 103492 107305 112442 117539 121878 125267 127770 129546 130769 131593 132138 132493 132722 132869 132963 133021 133059 133082 133096 133105 133111 133114 133117 133118 133119 133119 133120 133120 133120 133120 133120 133120 133120 133120 133120 133120 133120 133120 133120 133120 133120 133120 133120 133120 133120 133120 133120 133120 133120 133120 133120 133120 133120 133120 133120 133120 133120 133120 133120 133120 133120 133120 133120 133120 133120 133120 133120 133120 133120 133120 133120 133120 133120 133120 133120 133120 133120 133120 133120 133120 133120 133120 133120 133120 133120 133120 133120 133120 133120 133120 133120 133120 133120 133120 133120 133120 133120 133120 0 0 0 0 0 0 0 0 0 0 0 0 0 0 0 0 0 0 0 0 0 0 0 0 0
#obs catch bio
 0 87972.1 153102 202311 249650 258830 296391 323164 308911 314775 275036 287632 278711 255319 236637 212633 186336 156929 144307 139290 141392 117134 125809 108039 114701 120150 102724 105873 105237 96493.2 93393.3 95991.8 98120.5 98033.2 102484 85689.3 91201 82692.4 84731.2 75121.1 85862.4 85295.4 88775.2 83451.3 85591.5 88078 93978.4 86100.7 90471.6 89474.8 90029.6 104790 92610.9 110117 98193.9 87767.7 101458 106091
#pred cpue bio
 4.42508e+06 4.15633e+06 3.90997e+06 3.61926e+06 3.3082e+06 2.98401e+06 2.68794e+06 2.38801e+06 2.09125e+06 1.83675e+06 1.5988e+06 1.41934e+06 1.23994e+06 1.08023e+06 949033 839327 755093 695625 662377 639559 618421 590818 587002 571949 574880 570205 556106 557657 551657 543501 544720 549209 550394 547030 537980 517265 510693 497843 497985 498383 510326 509722 510231 507659 511930 514761 516377 513495 521547 527329 536539 546283 539889 546290 533343 533957 548406 550127 1.92334e+07 1.17885e+07 1.21096e+07 1.26484e+07 1.33501e+07 1.40504e+07 1.46601e+07 1.51529e+07 1.55336e+07 1.58193e+07 1.60299e+07 1.61836e+07 1.62952e+07 1.63762e+07 1.64352e+07 1.64783e+07 1.651e+07 1.65334e+07 1.65509e+07 1.65639e+07 1.65738e+07 1.65812e+07 1.65868e+07 1.65911e+07 1.65944e+07 1.65969e+07 1.65989e+07 1.66003e+07 1.66015e+07 1.66023e+07 1.6603e+07 1.66035e+07 1.66039e+07 1.66043e+07 1.66045e+07 1.66047e+07 1.66048e+07 1.66049e+07 1.6605e+07 1.66051e+07 1.66051e+07 1.66052e+07 1.66052e+07 1.66052e+07 1.66053e+07 1.66053e+07 1.66053e+07 1.66053e+07 1.66053e+07 1.66053e+07 1.66053e+07 1.66053e+07 1.66053e+07 1.66053e+07 1.66053e+07 1.66053e+07 1.66053e+07 1.66053e+07 1.66053e+07 1.66053e+07 1.66053e+07 1.66053e+07 1.66053e+07 1.66053e+07 1.66053e+07 1.66053e+07 1.66053e+07 1.66053e+07 1.66053e+07 1.66053e+07 1.66053e+07 1.66053e+07 1.66053e+07 1.66053e+07 1.66053e+07 1.66053e+07 1.66053e+07 1.66053e+07 1.66053e+07 1.66053e+07 1.66053e+07 1.66053e+07 1.66053e+07 1.66053e+07 1.66053e+07 1.66053e+07 1.66053e+07 1.66053e+07 1.66053e+07 1.66053e+07 1.66053e+07 1.66053e+07 1.66053e+07 1.66053e+07 1.66053e+07 1.66053e+07 1.66053e+07 1.66053e+07 1.66053e+07 1.66053e+07 0 0 0 0 0 0 0 0 0 0 0 0 0 0 0 0 0 0 0 0 0 0 0 0 0
#obs cpue bio
 6.25331e+06 2.82998e+06 4.83094e+06 3.05e+06 3.11561e+06 1.67295e+06 2.97777e+06 3.17646e+06 1.51571e+06 1.73879e+06 1.55338e+06 1.13373e+06 952433 1.30160e+06 695690 580128 500994 912005 553399 560320 509416 530158 585442 413075 415545 795981 552730 741523 590325 372134 624558 441880 444421 967146 607959 581478 639774 517048 483556 506747 792944 449348 510964 544424 468437 412625 380414 572640 631285 398386 684893 477714 665018 560048 433131 525680 699302 400276
#pred surv len freq
 0.00463183 0.00749992 0.0112553 0.0158833 0.021298 0.0272739 0.033405 0.0391856 0.0441872 0.0481926 0.0512023 0.0533531 0.0548329 0.0558213 0.0564475 0.0567656 0.0567553 0.0563365 0.0553702 0.0536337 0.0508066 0.0465407 0.0406508 0.0333469 0.0253239
 0.00494662 0.00793332 0.0117677 0.0164019 0.0217543 0.0276518 0.0337652 0.0396375 0.0448148 0.0489795 0.0520075 0.0539591 0.0550387 0.0555307 0.0557098 0.0557562 0.0557085 0.0554582 0.0547664 0.0532834 0.0505936 0.0463267 0.0403493 0.0329554 0.024904
 0.00509604 0.00820863 0.0122361 0.0171309 0.0227782 0.0289318 0.0351718 0.0409837 0.0459339 0.0497975 0.0525526 0.0542983 0.0551941 0.0554467 0.0552963 0.0549702 0.0546096 0.0541982 0.0535218 0.0521788 0.0496629 0.0455322 0.0396372 0.0323031 0.0243295
 0.00533482 0.00857496 0.0127509 0.0178099 0.0236419 0.0300117 0.0364988 0.0425552 0.0476749 0.0515483 0.0541043 0.0554635 0.0558663 0.0556068 0.0549732 0.0542007 0.0534365 0.0526977 0.0518184 0.0504231 0.0479871 0.0440201 0.038327 0.0312104 0.0234635
 0.00558953 0.00898699 0.0133662 0.0186675 0.0247646 0.0313947 0.0381018 0.0443072 0.0494911 0.0533432 0.0557877 0.0569251 0.0569729 0.0562271 0.0550153 0.0536362 0.052299 0.0510698 0.0498227 0.0482152 0.0457388 0.0418932 0.0364486 0.0296608 0.0222747
 0.00581399 0.00935656 0.013932 0.0194824 0.0258756 0.0328283 0.0398463 0.0463005 0.0516233 0.0554743 0.0577724 0.058632 0.0582922 0.0570661 0.055294 0.0532934 0.0513098 0.0494641 0.0476951 0.045721 0.0430787 0.0392849 0.0340905 0.0276976 0.0207749
 0.0060264 0.00969715 0.0144373 0.0201875 0.0268128 0.0340229 0.0413076 0.048011 0.0535304 0.0574885 0.0597717 0.0604749 0.0598357 0.058183 0.0558825 0.0532791 0.0506472 0.0481473 0.0457747 0.0433197 0.0403903 0.03655 0.0315521 0.0255491 0.0191212
 0.00627874 0.0101026 0.015039 0.0210234 0.0279104 0.0353905 0.0429244 0.0498229 0.0554574 0.0594369 0.0616446 0.0621746 0.0612626 0.0592361 0.0564652 0.0533069 0.0500577 0.0469118 0.0439155 0.0409298 0.0376438 0.0336891 0.0288433 0.0232212 0.0173114
 0.0065707 0.0105713 0.0157339 0.0219879 0.0291754 0.0369636 0.0447763 0.05188 0.057607 0.0615457 0.0635804 0.0638234 0.0625367 0.0600729 0.0568175 0.0531336 0.0493205 0.045584 0.0420037 0.0385014 0.0348477 0.0307523 0.0260333 0.0207818 0.0153989
 0.00686838 0.0110436 0.0164238 0.0229298 0.0303919 0.0384595 0.0465283 0.0538289 0.0596583 0.0635796 0.065467 0.0654386 0.0637762 0.0608614 0.0571096 0.0529057 0.04856 0.0442855 0.0401801 0.0362081 0.0322087 0.0279668 0.0233478 0.018431 0.0135413
 0.00721706 0.0115979 0.0172345 0.024036 0.0318144 0.0401906 0.0485201 0.0559881 0.0618565 0.0656743 0.0673226 0.0669407 0.0648381 0.061426 0.0571489 0.0524153 0.0475517 0.0427813 0.0382153 0.0338473 0.029568 0.0252239 0.0207235 0.016139 0.011729
 0.00745102 0.0119784 0.0178079 0.0248466 0.0328974 0.0415597 0.0501534 0.0578206 0.0637845 0.0675712 0.069058 0.0683959 0.0659178 0.0620636 0.057307 0.0520817 0.0467333 0.0415001 0.0365106 0.031786 0.027259 0.0228251 0.0184266 0.0141292 0.0101353
 0.00769585 0.0123801 0.0184196 0.0257208 0.0340766 0.0430605 0.0519486 0.0598295 0.0658793 0.069597 0.0708573 0.0698314 0.0668881 0.0625125 0.0572213 0.0514823 0.0456617 0.040009 0.034662 0.0296591 0.0249623 0.0205023 0.0162446 0.0122447 0.00865346
 0.00796333 0.0128059 0.0190444 0.0265792 0.0351937 0.0444454 0.0535835 0.0616588 0.0678069 0.0714933 0.0725754 0.0712273 0.0678433 0.0629508 0.0571166 0.0508537 0.0445612 0.0385078 0.0328423 0.0276144 0.0228039 0.0183629 0.0142676 0.0105587 0.00733997
 0.00821851 0.0132117 0.0196386 0.0273909 0.0362391 0.0457204 0.0550548 0.0632608 0.0694479 0.073069 0.0739816 0.0723678 0.0686346 0.0633284 0.0570427 0.050323 0.043602 0.0371769 0.0312182 0.0257925 0.0208951 0.0164904 0.0125564 0.00911415 0.0062242
 0.00831229 0.0133892 0.0199517 0.0279031 0.0370099 0.0467811 0.0563859 0.0647852 0.071045 0.0746023 0.0753248 0.0734221 0.0693344 0.0636391 0.0569551 0.0498482 0.0427679 0.0360288 0.0298196 0.0242259 0.0192596 0.014896 0.011111 0.00790442 0.00529738
 0.00833927 0.0134358 0.0200295 0.0280309 0.0372179 0.0471123 0.05689 0.0655023 0.0719825 0.0757152 0.0765142 0.0745555 0.0702798 0.0642957 0.0572671 0.0498018 0.0423806 0.0353388 0.0288819 0.0231109 0.0180534 0.0136947 0.0100086 0.00697633 0.00458488
 0.00850406 0.0136641 0.0203003 0.0283017 0.0374387 0.0472492 0.0569448 0.0655177 0.0720302 0.0758721 0.0768337 0.0750445 0.0708894 0.0649318 0.0578175 0.0501671 0.0424966 0.0351842 0.0284739 0.0224981 0.0173067 0.0128981 0.00924641 0.0063178 0.00407123
 0.00855526 0.0137476 0.0204241 0.0284676 0.037635 0.0474443 0.057088 0.065555 0.0719322 0.0756603 0.0765858 0.0748682 0.0708782 0.065124 0.0581799 0.0506093 0.0429052 0.0354595 0.0285559 0.0223754 0.0170116 0.0124928 0.00880451 0.00590586 0.00373448
 0.0085293 0.0137104 0.020378 0.0284189 0.0375937 0.0474211 0.0570902 0.0655804 0.0719657 0.0756771 0.076564 0.0748079 0.0708112 0.0651052 0.0582599 0.0508044 0.0431832 0.035751 0.0287825 0.0224801 0.0169765 0.0123395 0.00858089 0.00566635 0.00352259
 0.00856251 0.0137533 0.0204222 0.0284507 0.0375987 0.0473916 0.0570306 0.0655068 0.0718989 0.0756326 0.0765447 0.0748043 0.0708102 0.0651027 0.0582676 0.0508443 0.0432709 0.0358801 0.0289216 0.0225858 0.0170142 0.0122991 0.00847873 0.00553442 0.00339357
 0.00873964 0.0140184 0.0207778 0.0288817 0.0380744 0.0478696 0.0574626 0.0658447 0.0721044 0.0756865 0.0764522 0.0745904 0.0705095 0.0647504 0.0578963 0.0504844 0.0429502 0.035618 0.028722 0.0224353 0.0168897 0.0121803 0.00835732 0.00541554 0.00328861
 0.0087119 0.0139784 0.0207267 0.0288229 0.0380112 0.0478027 0.0573888 0.0657591 0.0720053 0.0755801 0.0763535 0.0745191 0.0704833 0.0647774 0.0579728 0.0505976 0.0430838 0.0357573 0.0288553 0.0225518 0.0169793 0.0122352 0.00837671 0.00540644 0.00326346
 0.00878618 0.0140925 0.0208862 0.0290284 0.0382581 0.0480814 0.0576825 0.0660431 0.0722472 0.0757451 0.0764127 0.0744596 0.0703136 0.0645266 0.0576816 0.050306 0.042822 0.0355414 0.0286887 0.0224292 0.0168904 0.0121686 0.0083231 0.00536084 0.00322496
 0.00860512 0.0138264 0.0205382 0.0286203 0.037825 0.0476623 0.0573135 0.0657553 0.0720662 0.0756886 0.0764861 0.0746511 0.070595 0.0648599 0.0580291 0.0506395 0.0431254 0.0358084 0.0289176 0.0226195 0.0170411 0.0122798 0.00839736 0.00540395 0.00324525
 0.00844834 0.0135868 0.0202073 0.0282033 0.0373428 0.0471519 0.0568262 0.0653498 0.0717951 0.0755835 0.076549 0.0748583 0.0709081 0.0652367 0.0584312 0.0510349 0.0434908 0.0361295 0.0291884 0.0228394 0.0172127 0.0124068 0.00848487 0.00545882 0.00327569
 0.00839021 0.0134934 0.0200689 0.0280127 0.0370975 0.0468578 0.0565016 0.0650259 0.0715115 0.0753794 0.076453 0.0748809 0.0710399 0.0654528 0.0586987 0.0513216 0.0437704 0.0363841 0.0294078 0.0230196 0.0173538 0.0125117 0.00855799 0.00550586 0.00330304
 0.00840358 0.0134825 0.0199928 0.0278146 0.0367212 0.0462733 0.0557275 0.0641347 0.0706148 0.0745993 0.0758946 0.0746123 0.0710821 0.0657799 0.0592471 0.0520068 0.0445058 0.0370965 0.0300456 0.0235539 0.017775 0.0128244 0.00877597 0.00564758 0.00338827
 0.00854999 0.0137023 0.0202872 0.0281655 0.0370874 0.0465902 0.0559129 0.0641071 0.0703227 0.0740503 0.0751648 0.0738279 0.0703799 0.0652673 0.0589779 0.0519779 0.0446707 0.0373859 0.0303884 0.0238919 0.0180699 0.0130579 0.00894547 0.00576073 0.00345758
 0.0086012 0.0137969 0.0204495 0.0284225 0.0374589 0.0470729 0.0564671 0.0646536 0.0707565 0.0742681 0.0750981 0.073468 0.0697866 0.0645531 0.0582742 0.0513958 0.0442731 0.037181 0.0303421 0.0239496 0.018177 0.0131728 0.00904376 0.00583306 0.00350467
 0.00856594 0.0137386 0.0203615 0.0283022 0.0373134 0.0469245 0.0563541 0.06462 0.0708322 0.0744479 0.0753344 0.0736851 0.0699108 0.0645452 0.0581454 0.051201 0.0440851 0.0370598 0.0303149 0.0240083 0.0182903 0.0133036 0.00916305 0.00592545 0.00356725
 0.00835147 0.0134278 0.0199639 0.0278499 0.0368513 0.0464955 0.0559892 0.0643401 0.0706561 0.0743976 0.0754277 0.0739205 0.0702559 0.0649397 0.0585225 0.0515132 0.0443205 0.0372387 0.0304702 0.0241649 0.0184541 0.0134644 0.00930462 0.00603608 0.00364389
 0.00802409 0.0129362 0.0193012 0.0270413 0.0359517 0.0455829 0.055155 0.0636768 0.0702389 0.0742651 0.0755747 0.074306 0.0708198 0.0656161 0.0592449 0.0522193 0.0449604 0.0377842 0.0309176 0.0245273 0.0187487 0.0137029 0.00949207 0.00617466 0.00373808
 0.0077431 0.0124943 0.0186658 0.0261967 0.0349084 0.0443872 0.0538979 0.0624894 0.0692684 0.0736383 0.0753651 0.0745194 0.0714011 0.0664699 0.0602604 0.0532903 0.0459983 0.0387245 0.0317228 0.025185 0.019265 0.014094 0.0097768 0.00637189 0.00386608
 0.0076893 0.0123817 0.0184499 0.0258208 0.0343178 0.0435524 0.0528375 0.0612798 0.0680353 0.0725327 0.0745325 0.0740703 0.0713881 0.0668776 0.0610129 0.0542728 0.0470848 0.0398023 0.0327071 0.0260242 0.0199386 0.0146051 0.0101436 0.00662001 0.0040231
 0.00837042 0.0133485 0.0196426 0.0270895 0.0354563 0.0443589 0.0531678 0.0610733 0.0673156 0.0713967 0.0731349 0.0726 0.0700343 0.0657937 0.0602882 0.0539225 0.0470595 0.0400117 0.0330488 0.0264074 0.0202983 0.0149049 0.0103712 0.00677909 0.0041258
 0.00889969 0.0141856 0.0208508 0.0286902 0.0373997 0.0464925 0.0552251 0.0627117 0.0682124 0.0713626 0.0721825 0.0709298 0.0679565 0.063633 0.058312 0.0523044 0.0458728 0.0392433 0.0326265 0.0262323 0.0202728 0.0149516 0.0104391 0.00684117 0.00417205
 0.00880899 0.0141385 0.0209656 0.0291388 0.038362 0.0480811 0.0574113 0.0652929 0.0708371 0.0736077 0.0736585 0.0713852 0.0673472 0.0621282 0.0562314 0.0500158 0.043695 0.037388 0.0311861 0.0252021 0.019589 0.0145277 0.0101926 0.00670637 0.00410278
 0.00848934 0.0136472 0.0202867 0.0282977 0.0374446 0.0472479 0.0568909 0.0653322 0.0716081 0.0751089 0.0756708 0.07352 0.0691716 0.0633081 0.056628 0.0497016 0.0428934 0.0363749 0.0301994 0.0243901 0.0190046 0.0141543 0.00997935 0.00659733 0.00405303
 0.00847652 0.0135885 0.0201293 0.0279716 0.0368849 0.0464315 0.0558724 0.0642607 0.0707096 0.0746316 0.0758047 0.0743166 0.0705007 0.0648831 0.0581012 0.0507872 0.0434588 0.0364576 0.0299537 0.0240028 0.0186245 0.0138613 0.00979095 0.00649449 0.0040055
 0.00851485 0.0136318 0.0201566 0.0279444 0.036748 0.0461208 0.0553314 0.0634651 0.0696981 0.073528 0.0748115 0.0736679 0.070382 0.0653522 0.0590529 0.0519861 0.0446288 0.0373842 0.0305456 0.0242897 0.0187059 0.0138443 0.00975072 0.0064655 0.00399364
 0.00858234 0.0137511 0.020352 0.028239 0.0371516 0.0466124 0.0558453 0.0638943 0.0699186 0.0734408 0.0743863 0.0729695 0.0695642 0.0646133 0.0585639 0.0518244 0.0447518 0.0376608 0.030826 0.0244721 0.0187635 0.0138091 0.00967522 0.00639158 0.00394075
 0.00858244 0.0137562 0.0203699 0.0282831 0.0372409 0.0467688 0.0560866 0.0642214 0.0703017 0.0738127 0.0746529 0.0730408 0.0693956 0.0642349 0.0580775 0.0513638 0.0444259 0.0375091 0.0308144 0.0245256 0.0188129 0.0138203 0.00965032 0.00635031 0.00390188
 0.00863432 0.0138335 0.0204734 0.0284098 0.0373863 0.0469304 0.056266 0.0644237 0.0705313 0.0740651 0.0749062 0.0732515 0.0695063 0.0641955 0.0578721 0.0510269 0.044033 0.0371449 0.0305361 0.0243453 0.0187069 0.0137538 0.00959868 0.00630492 0.00386408
 0.00870808 0.0139363 0.0205963 0.0285338 0.0374872 0.0469878 0.0562715 0.0643843 0.0704677 0.0740062 0.0748804 0.0732761 0.0695775 0.0642858 0.0579396 0.0510344 0.0439673 0.0370238 0.0303969 0.0242235 0.0186201 0.0137001 0.0095661 0.00628259 0.00384676
 0.008792 0.0140692 0.0207887 0.0287898 0.0378006 0.047337 0.0566175 0.0646768 0.0706592 0.0740696 0.0748194 0.0731222 0.0693754 0.0640751 0.0577413 0.050849 0.0437837 0.0368329 0.0302017 0.0240384 0.0184618 0.0135785 0.009481 0.00622696 0.00381199
 0.00879277 0.0140842 0.0208368 0.0288968 0.0379927 0.0476291 0.0570028 0.0651214 0.0711067 0.0744539 0.075081 0.0732245 0.0693145 0.0638786 0.0574565 0.0505246 0.0434562 0.0365227 0.0299181 0.0237873 0.0182494 0.0134099 0.00935705 0.00614297 0.00375947
 0.00891563 0.0142629 0.0210677 0.0291659 0.0382828 0.0479305 0.0573181 0.0654598 0.0714704 0.0748237 0.0754133 0.0734614 0.0694036 0.0637929 0.0572041 0.0501447 0.0430046 0.0360545 0.0294758 0.0233977 0.017926 0.0131568 0.00917134 0.00601627 0.00367969
 0.00889559 0.0142407 0.0210524 0.0291703 0.0383174 0.0479965 0.0574041 0.0655483 0.0715502 0.0749002 0.0755055 0.0735867 0.0695603 0.0639541 0.0573283 0.0501955 0.0429671 0.0359389 0.0293094 0.0232125 0.017749 0.0130055 0.00905368 0.0059326 0.00362532
 0.00881635 0.0141297 0.0209191 0.029036 0.0382114 0.0479477 0.0574323 0.0656579 0.0717276 0.0751172 0.0757285 0.0737881 0.0697265 0.0640837 0.0574224 0.0502503 0.0429738 0.0358914 0.0292123 0.0230818 0.0176069 0.0128726 0.00894392 0.00585137 0.00357112
 0.00874268 0.0140096 0.0207391 0.0287868 0.0378941 0.047581 0.0570575 0.0653337 0.0715149 0.0750581 0.0758318 0.0740283 0.0700561 0.0644498 0.0577811 0.050571 0.0432379 0.0360888 0.0293402 0.0231459 0.0176207 0.0128546 0.00891201 0.0058189 0.00354522
 0.00860851 0.0138113 0.020477 0.0284727 0.0375463 0.0472176 0.0566932 0.0649841 0.0712036 0.0748207 0.0757096 0.0740547 0.0702406 0.0647716 0.058194 0.0510188 0.0436687 0.036465 0.0296409 0.0233651 0.0177648 0.0129378 0.00895237 0.00583359 0.00354739
 0.00875055 0.0140115 0.0207218 0.0287318 0.0377825 0.0474017 0.0568139 0.0650456 0.071214 0.0747816 0.0756165 0.0739066 0.0700505 0.0645672 0.0580074 0.0508723 0.0435677 0.0364 0.0295957 0.0233255 0.0177228 0.0128928 0.00890795 0.00579469 0.00351738
 0.0087304 0.0139895 0.020707 0.0287355 0.0378104 0.0474451 0.0568465 0.0650326 0.0711309 0.0746308 0.0754293 0.0737282 0.0699194 0.0645024 0.0580092 0.0509304 0.0436673 0.0365241 0.0297259 0.0234443 0.0178178 0.0129587 0.00894698 0.00581353 0.0035239
 0.00886256 0.0141969 0.0210054 0.0291348 0.0383126 0.0480409 0.0575081 0.0657081 0.0717442 0.0750938 0.0756637 0.0736911 0.0696192 0.0639962 0.0573828 0.0502717 0.0430461 0.0359839 0.0292849 0.0231021 0.0175627 0.0127747 0.00881833 0.00572689 0.00346841
 0.00903288 0.0144376 0.0213013 0.0294503 0.0386043 0.0482757 0.0576777 0.0658291 0.0718453 0.0751968 0.075769 0.0737748 0.0696426 0.0639247 0.0572036 0.0500007 0.0427219 0.0356519 0.028983 0.0228522 0.0173709 0.0126363 0.00872337 0.00566461 0.00342949
 0.00913948 0.0145971 0.0215142 0.0297039 0.0388713 0.048516 0.0578445 0.0658814 0.0717661 0.0750065 0.075524 0.0735446 0.0694799 0.063844 0.0571823 0.0499983 0.0427039 0.0356036 0.0289099 0.0227702 0.0172953 0.0125758 0.00867999 0.00563592 0.00341167
 0.00894315 0.0143551 0.0212912 0.0296044 0.0390066 0.0489534 0.058566 0.0667778 0.0726714 0.0757537 0.0759954 0.0736987 0.0693492 0.0635105 0.056741 0.0495272 0.0422501 0.0351881 0.0285402 0.0224513 0.0170325 0.012372 0.00853272 0.00553747 0.00335095
#obs surv len freq
 nan nan nan nan nan nan nan nan nan nan nan nan nan nan nan nan nan nan nan nan nan nan nan nan nan
 0.00447916 0.00733816 0.0111662 0.0159817 0.0216828 0.0279601 0.0342765 0.0400102 0.0446918 0.0481572 0.0505162 0.0520129 0.0529059 0.0534188 0.0537335 0.0539887 0.0542675 0.0545604 0.0546992 0.0542911 0.0527291 0.0493609 0.0438102 0.0362895 0.0276723
 0.00461387 0.00755737 0.0114962 0.0164463 0.0222979 0.0287244 0.0351634 0.0409644 0.0456365 0.0490083 0.0511981 0.0524698 0.053108 0.0533638 0.0534421 0.0534975 0.0536195 0.0537982 0.0538619 0.0534155 0.0518537 0.0485287 0.0430655 0.0356701 0.0271989
 0.00477615 0.00782374 0.0119018 0.017025 0.0230757 0.029708 0.0363288 0.0422525 0.0469596 0.0502652 0.0522898 0.0533104 0.053633 0.0535352 0.0532521 0.0529667 0.0527917 0.0527316 0.0526219 0.0520719 0.0504814 0.0472077 0.0418755 0.0346765 0.0264381
 0.00496911 0.00813875 0.0123784 0.0177014 0.0239813 0.030853 0.0376916 0.0437743 0.0485508 0.0518198 0.0536996 0.0544758 0.054469 0.0539765 0.0532584 0.052527 0.0519256 0.0514881 0.0510756 0.0503192 0.048637 0.0453985 0.0402268 0.0332909 0.0253733
 0.00517334 0.00847479 0.0128917 0.0184368 0.0249748 0.0321177 0.0392041 0.0454693 0.0503309 0.0535729 0.0553158 0.0558555 0.0555249 0.0546347 0.0534602 0.0522339 0.0511257 0.0502031 0.0493661 0.0482879 0.046426 0.043178 0.0381714 0.0315462 0.0240242
 0.00540709 0.00885553 0.0134663 0.0192499 0.0260611 0.0334895 0.0408373 0.0472982 0.052255 0.055475 0.0570796 0.0573764 0.0567139 0.0554181 0.0537778 0.0520385 0.0503872 0.0489177 0.0475711 0.0460744 0.043945 0.0406293 0.0357724 0.0294857 0.022418
 0.00563611 0.00923304 0.014044 0.0200793 0.027183 0.0349184 0.0425455 0.0492108 0.0542617 0.0574523 0.0589102 0.0589591 0.0579645 0.0562669 0.0541663 0.0519172 0.0497177 0.0476807 0.0457828 0.0438074 0.0413431 0.0379027 0.0331646 0.0272181 0.0206342
 0.00588317 0.00963433 0.0146476 0.0209305 0.0283171 0.036348 0.044247 0.0511173 0.0562707 0.0594429 0.0607616 0.0605638 0.0592344 0.057133 0.0545751 0.0518253 0.0490885 0.04649 0.0440344 0.0415574 0.0387216 0.035116 0.0304648 0.0248447 0.0187508
 0.00613146 0.0100433 0.0152728 0.0218259 0.029524 0.037877 0.046061 0.0531277 0.0583529 0.0614625 0.0625976 0.0621184 0.0604327 0.0579187 0.0549053 0.0516656 0.0484102 0.0452729 0.0422799 0.0393122 0.0361025 0.032318 0.0277363 0.0224295 0.0168217
 0.00637709 0.0104464 0.0158866 0.0227028 0.0307055 0.039378 0.0478527 0.0551304 0.0604453 0.0635043 0.0644529 0.0636735 0.0616034 0.0586505 0.0551666 0.0514385 0.047682 0.0440354 0.0405398 0.0371136 0.0335518 0.0295953 0.0250757 0.020066 0.014926
 0.00661649 0.0108384 0.0164817 0.0235498 0.0318421 0.0408162 0.0495629 0.0570362 0.0624337 0.0654461 0.0662233 0.0651638 0.0627278 0.0593478 0.0553997 0.0511896 0.0469464 0.0428169 0.038856 0.0350122 0.0311332 0.0270243 0.0225666 0.0178354 0.0131334
 0.00684284 0.0112122 0.0170548 0.0243737 0.0329567 0.0422327 0.0512475 0.0589051 0.0643655 0.0673076 0.0678914 0.0665389 0.0637365 0.0599409 0.0555485 0.0508815 0.0461808 0.0416036 0.0372198 0.0330054 0.0288527 0.0246219 0.0202353 0.0157693 0.011475
 0.00704499 0.0115449 0.0175633 0.0251028 0.0339427 0.0434894 0.0527513 0.0605887 0.0661257 0.0690233 0.0694436 0.0678254 0.0646795 0.0604898 0.055677 0.0505823 0.0454589 0.0404741 0.0357114 0.0311713 0.0267849 0.0224579 0.0181459 0.013924 0.00999693
 0.00727063 0.0119085 0.0181044 0.0258559 0.0349305 0.0447125 0.0541776 0.0621493 0.0677241 0.0705523 0.0708024 0.0689291 0.0654641 0.0609122 0.0557148 0.0502307 0.0447269 0.0393817 0.0342914 0.0294776 0.0249035 0.0205116 0.0162834 0.0122902 0.00869452
 0.00742237 0.0121656 0.0185102 0.0264559 0.0357613 0.0457849 0.055461 0.0635693 0.0691766 0.0719277 0.0720059 0.06989 0.0661344 0.061263 0.0557316 0.0499106 0.0440769 0.0384192 0.033047 0.0280017 0.0232737 0.0188356 0.0146886 0.0108978 0.00758887
 0.00753367 0.0123424 0.0187697 0.0268141 0.0362337 0.0463858 0.0561985 0.0644377 0.0701488 0.072952 0.0730101 0.0707931 0.0668613 0.0617553 0.0559526 0.0498424 0.0437171 0.0377774 0.0321468 0.0268859 0.0220097 0.0175165 0.0134227 0.00978748 0.00670514
 0.00757774 0.0124161 0.0188844 0.0269817 0.0364648 0.0466865 0.0565687 0.0648721 0.0706407 0.0734954 0.0735964 0.071403 0.0674579 0.0622851 0.0563541 0.0500597 0.0437095 0.0375252 0.0316534 0.0261791 0.0211438 0.0165699 0.0124881 0.00895307 0.00603347
 0.00765955 0.0125356 0.0190395 0.027163 0.0366595 0.0468848 0.0567682 0.0650776 0.0708606 0.0737378 0.0738668 0.0717026 0.0677814 0.062616 0.0566616 0.0502995 0.0438318 0.0374865 0.0314283 0.025769 0.0205806 0.0159129 0.0118132 0.00833531 0.00552822
 0.00770659 0.0126123 0.0191545 0.0273223 0.0368629 0.0471214 0.0570154 0.0653057 0.0710437 0.073866 0.0739504 0.0717669 0.0678538 0.0627142 0.0567857 0.0504303 0.0439342 0.0375176 0.0313492 0.0255583 0.0202437 0.0154843 0.0113481 0.00789398 0.00515851
 0.00775745 0.0126859 0.0192487 0.0274304 0.0369763 0.0472341 0.0571259 0.0654148 0.0711507 0.0739649 0.0740325 0.0718265 0.0678942 0.0627472 0.0568254 0.0504834 0.0439925 0.0375576 0.0313393 0.0254704 0.0200663 0.0152296 0.0110498 0.00759611 0.00489996
 0.00782373 0.0127885 0.0193928 0.0276159 0.0371959 0.0474728 0.0573608 0.0656193 0.0713016 0.0740503 0.074054 0.071796 0.0678273 0.0626595 0.0567306 0.050393 0.0439126 0.0374849 0.0312601 0.0253657 0.0199213 0.0150428 0.0108364 0.00738217 0.00471206
 0.00784884 0.0128307 0.0194589 0.0277123 0.0373273 0.0476382 0.0575514 0.0658175 0.0714842 0.0741943 0.0741431 0.0718244 0.0678003 0.0625903 0.0566359 0.0502883 0.0438092 0.0373876 0.0311663 0.0252669 0.0198077 0.0149099 0.0106895 0.00723533 0.00458176
 0.00786526 0.0128533 0.0194856 0.0277396 0.0373522 0.0476613 0.0575779 0.065856 0.071542 0.0742723 0.0742337 0.0719133 0.0678718 0.0626331 0.0566467 0.0502711 0.0437723 0.0373393 0.0311113 0.025205 0.019736 0.0148264 0.0105968 0.00714126 0.00449668
 0.00788831 0.012886 0.019526 0.0277824 0.0373898 0.0476862 0.057585 0.065845 0.071518 0.074246 0.0742176 0.0719172 0.0678978 0.0626747 0.0566917 0.0503074 0.0437924 0.0373412 0.0310969 0.0251769 0.0196958 0.0147758 0.0105388 0.00708142 0.00444167
 0.00789275 0.0128934 0.0195371 0.0277976 0.0374082 0.0477049 0.0575988 0.0658475 0.0715046 0.0742165 0.0741782 0.071879 0.0678732 0.0626722 0.0567125 0.0503452 0.0438362 0.0373801 0.0311231 0.0251871 0.01969 0.0147563 0.0105095 0.00704748 0.00440859
 0.00788035 0.0128687 0.0194919 0.0277225 0.0372961 0.0475561 0.0574244 0.0656685 0.0713458 0.0740987 0.0741132 0.0718688 0.0679137 0.0627564 0.0568319 0.0504894 0.0439926 0.0375346 0.0312623 0.025301 0.0197737 0.0148099 0.0105373 0.00705625 0.00440593
 0.00788887 0.0128763 0.0194916 0.0277033 0.0372454 0.0474634 0.0572861 0.0654906 0.0711448 0.073899 0.0739423 0.0717509 0.0678637 0.0627769 0.056915 0.0506204 0.0441538 0.0377077 0.0314306 0.0254505 0.0198949 0.0148987 0.0105953 0.00708902 0.00442097
 0.00789642 0.0128868 0.0195038 0.0277139 0.0372488 0.0474515 0.0572494 0.0654203 0.0710363 0.0737561 0.0737786 0.0715888 0.0677286 0.0626909 0.0568907 0.0506585 0.0442444 0.037834 0.0315729 0.0255905 0.0200182 0.0149966 0.0106651 0.00713334 0.0044456
 0.00787306 0.0128522 0.0194579 0.0276588 0.0371879 0.0473884 0.0571863 0.0653578 0.0709733 0.0736899 0.0737075 0.0715143 0.0676574 0.0626348 0.0568636 0.0506718 0.0443023 0.0379316 0.0316974 0.025725 0.0201459 0.0151051 0.0107478 0.00718991 0.00448014
 0.0078384 0.0127954 0.0193719 0.0275381 0.0370307 0.0472002 0.0569818 0.0651596 0.0708058 0.0735719 0.0736466 0.0715064 0.0676916 0.0626992 0.0569502 0.0507778 0.0444279 0.0380762 0.0318563 0.025888 0.0203004 0.0152389 0.0108532 0.00726509 0.00452848
 0.00780933 0.0127445 0.0192888 0.0274112 0.0368508 0.0469651 0.0567013 0.0648567 0.0705136 0.073326 0.0734767 0.0714301 0.067711 0.0628025 0.0571166 0.0509846 0.0446557 0.0383112 0.0320882 0.0261082 0.0204994 0.0154081 0.0109866 0.0073616 0.00459198
 0.00778239 0.0126984 0.0192153 0.0273009 0.0366949 0.0467585 0.0564464 0.0645657 0.070208 0.0730347 0.0732317 0.0712608 0.0676385 0.0628347 0.0572465 0.0511924 0.044915 0.0385947 0.0323729 0.0263762 0.0207378 0.0156079 0.0111432 0.00747508 0.00466734
 0.00777996 0.0126904 0.0191956 0.0272609 0.036625 0.0466508 0.0562975 0.0643781 0.0699905 0.0728016 0.0730018 0.0710567 0.067484 0.0627507 0.0572462 0.0512774 0.0450743 0.0388076 0.0326139 0.0266203 0.0209644 0.0158024 0.0112978 0.00758849 0.00474353
 0.00771969 0.0126004 0.0190747 0.0271129 0.0364567 0.0464694 0.056109 0.0641876 0.0698036 0.0726257 0.0728464 0.0709324 0.0674022 0.0627223 0.0572801 0.0513782 0.0452397 0.0390265 0.0328673 0.0268844 0.0212156 0.0160218 0.011474 0.00771839 0.00483109
 0.00930736 0.0148168 0.0217373 0.0298283 0.0387371 0.047916 0.0565566 0.0637283 0.0686961 0.0711645 0.0712691 0.06939 0.0659741 0.0614451 0.0561702 0.0504426 0.0444797 0.0384369 0.0324348 0.0265878 0.0210279 0.0159141 0.0114196 0.00769549 0.0048243
 0.00932211 0.0151341 0.0227312 0.0319587 0.0423478 0.0529631 0.0624372 0.0693798 0.0729739 0.0732943 0.071102 0.0673388 0.0627301 0.0576828 0.0523825 0.0469185 0.0413578 0.035769 0.0302281 0.024825 0.0196746 0.0149221 0.0107305 0.00724551 0.00455037
 0.0089553 0.0145602 0.021931 0.0309869 0.041386 0.0523541 0.0626433 0.0708178 0.0757664 0.0770859 0.0751046 0.0706312 0.0646424 0.0580274 0.0514206 0.0451428 0.0392597 0.0337059 0.0284017 0.0233194 0.0185027 0.0140584 0.0101299 0.0068539 0.00431273
 0.00877657 0.0142586 0.0214578 0.0302936 0.0404435 0.0511875 0.0613737 0.0696902 0.0751271 0.0772858 0.0763416 0.0728047 0.0673229 0.0605969 0.053322 0.0460913 0.0392973 0.0331002 0.0274829 0.0223568 0.0176586 0.0133995 0.00966015 0.00654518 0.00412556
 0.00871236 0.0141472 0.021276 0.0300128 0.0400324 0.0506199 0.0606418 0.0688225 0.074209 0.0764728 0.0758485 0.0728502 0.0680338 0.0619148 0.0549813 0.0477064 0.0405201 0.0337537 0.0275958 0.0220976 0.0172306 0.0129625 0.00930157 0.00629107 0.00396538
 0.00870303 0.0141267 0.0212347 0.0299366 0.0399041 0.0504208 0.0603556 0.0684387 0.0737286 0.0759191 0.0752806 0.0723719 0.0677812 0.0620139 0.0554833 0.0485382 0.0414917 0.0346312 0.0282009 0.0223715 0.0172298 0.0128024 0.0090939 0.0061076 0.00383413
 0.00868979 0.0141064 0.021206 0.0298983 0.0398533 0.0503524 0.0602606 0.0683053 0.0735447 0.0756765 0.0749818 0.0720387 0.0674628 0.0617856 0.0554286 0.0487129 0.0418862 0.0351594 0.02873 0.0227804 0.0174588 0.0128643 0.00904788 0.00601954 0.00374989
 0.00868552 0.0140984 0.0211922 0.0298761 0.0398208 0.0503087 0.0602064 0.0682417 0.0734709 0.0755877 0.07487 0.0718974 0.0672943 0.0616098 0.0552849 0.0486517 0.0419478 0.035349 0.0290071 0.0230728 0.0176957 0.013007 0.00909919 0.00600987 0.00371482
 0.00865556 0.0140535 0.0211316 0.0298016 0.0397361 0.0502185 0.0601156 0.0681554 0.073394 0.0755239 0.0748201 0.0718579 0.0672592 0.0615739 0.0552511 0.0486346 0.0419706 0.0354322 0.0291529 0.0232588 0.0178822 0.0131565 0.00919257 0.00605079 0.00372097
 0.00866327 0.0140625 0.0211387 0.029802 0.0397248 0.0501927 0.0600765 0.0681078 0.0733441 0.0754766 0.0747773 0.0718189 0.0672216 0.0615358 0.0552123 0.0485994 0.0419488 0.0354367 0.0291937 0.0233346 0.0179786 0.0132512 0.00926634 0.00609559 0.00374031
 0.0086383 0.0140264 0.0210925 0.029749 0.0396693 0.0501379 0.0600234 0.0680557 0.0732932 0.0754295 0.074739 0.0717947 0.0672143 0.0615441 0.0552322 0.0486265 0.0419815 0.0354771 0.029246 0.023401 0.0180552 0.0133284 0.00933278 0.0061435 0.00376866
 0.00863987 0.0140264 0.0210882 0.0297367 0.0396462 0.0501038 0.0599821 0.0680139 0.0732571 0.0754021 0.0747196 0.0717803 0.0672027 0.0615353 0.0552277 0.0486279 0.0419897 0.0354931 0.029271 0.0234356 0.0180981 0.0133751 0.00937657 0.00617862 0.00379242
 0.00862888 0.0140123 0.0210736 0.0297259 0.039643 0.0501093 0.0599931 0.0680241 0.0732601 0.075395 0.0747038 0.0717598 0.0671816 0.0615162 0.0552118 0.048616 0.0419829 0.0354927 0.0292782 0.023451 0.0181208 0.0134024 0.00940444 0.00620287 0.00381044
 0.00861857 0.0139928 0.0210395 0.0296715 0.0395653 0.0500109 0.0598845 0.0679216 0.0731808 0.0753498 0.0746944 0.0717804 0.0672233 0.0615704 0.0552722 0.048678 0.0420438 0.0355507 0.0293327 0.0235019 0.018168 0.0134449 0.00944092 0.00623184 0.00383127
 0.00861902 0.0139938 0.0210412 0.0296736 0.0395658 0.050006 0.0598688 0.0678903 0.0731329 0.0752904 0.0746341 0.0717313 0.0671937 0.0615628 0.0552836 0.0487027 0.0420759 0.0355861 0.0293686 0.0235368 0.0182009 0.013475 0.00946701 0.00625291 0.00384681
 0.00861902 0.0139938 0.0210412 0.0296736 0.0395658 0.050006 0.0598688 0.0678903 0.0731329 0.0752904 0.0746341 0.0717313 0.0671937 0.0615628 0.0552836 0.0487027 0.0420759 0.0355861 0.0293686 0.0235368 0.0182009 0.013475 0.00946701 0.00625291 0.00384681
 0.00851892 0.0138395 0.0208255 0.0293968 0.0392371 0.0496445 0.0595035 0.0675575 0.0728692 0.075124 0.0745787 0.0717852 0.0673438 0.0617885 0.0555608 0.0490062 0.0423821 0.0358755 0.0296274 0.0237571 0.0183798 0.0136136 0.00956891 0.00632351 0.00389244
 0.008636 0.0140116 0.0210501 0.0296586 0.039511 0.049901 0.0597137 0.0676972 0.0729214 0.0750828 0.0744509 0.07159 0.0671084 0.0615424 0.0553298 0.0488088 0.0422271 0.0357631 0.0295518 0.02371 0.0183531 0.0136003 0.00956394 0.00632312 0.00389406
 0.00854221 0.0138806 0.0208924 0.0294964 0.0393707 0.0498018 0.0596596 0.0676775 0.0729191 0.0750845 0.0744523 0.0715948 0.0671233 0.0615732 0.0553793 0.0488769 0.0423118 0.03586 0.0296547 0.0238112 0.0184453 0.013678 0.00962447 0.00636664 0.00392284
 0.00868135 0.0140866 0.0211651 0.0298237 0.0397331 0.050179 0.0600338 0.0680301 0.073225 0.07531 0.0745613 0.0715615 0.0669443 0.061271 0.0549962 0.0484621 0.0419091 0.0355007 0.0293559 0.0235779 0.0182734 0.0135586 0.00954626 0.00631861 0.00389537
 0.0085954 0.0139693 0.0210297 0.0296952 0.03964 0.0501418 0.0600564 0.0681014 0.0733291 0.0754351 0.0747013 0.0717094 0.0670854 0.0613842 0.0550621 0.0484733 0.0418732 0.0354361 0.0292834 0.0235133 0.0182249 0.0135273 0.00952906 0.00631083 0.00389281
 0.00857847 0.0139299 0.02095 0.0295556 0.0394291 0.0498691 0.0597592 0.0678381 0.0731578 0.0753904 0.074783 0.0718887 0.0673212 0.0616366 0.0552991 0.048672 0.0420212 0.0355324 0.0293367 0.0235379 0.0182348 0.0135321 0.00953344 0.00631571 0.00389753
 0.00864295 0.0140306 0.0210926 0.029739 0.0396417 0.0500859 0.0599437 0.0679513 0.0731742 0.0753119 0.0746401 0.0717261 0.0671771 0.0615294 0.0552264 0.0486193 0.0419722 0.035476 0.0292699 0.023465 0.0181639 0.0134711 0.00948693 0.00628421 0.00387851
#pred catch len freq
 0.00346572 0.00553693 0.00818653 0.0114065 0.0152163 0.0196362 0.0246227 0.0300306 0.0356323 0.0411628 0.0463619 0.0510104 0.0549605 0.0581433 0.0605457 0.0621777 0.0630463 0.0631366 0.0623791 0.0605997 0.0574944 0.052708 0.046055 0.0377868 0.028698
 0.00371913 0.00589033 0.00861423 0.0118592 0.0156488 0.0200439 0.0250572 0.0305748 0.0363387 0.0419936 0.0471714 0.0515883 0.0551168 0.0577905 0.0597413 0.0611081 0.0619603 0.0622537 0.0618101 0.0603154 0.0573594 0.0525623 0.0457972 0.0374116 0.0282737
 0.00387054 0.00615171 0.00903167 0.0124743 0.0164777 0.0210531 0.0261558 0.0316408 0.037273 0.0427638 0.0478052 0.0521143 0.0555003 0.0579226 0.0594973 0.0604342 0.0609268 0.0610354 0.0606075 0.059267 0.0564984 0.0518395 0.0451446 0.0367977 0.0277169
 0.00410246 0.00650657 0.00952852 0.0131269 0.0173045 0.0220845 0.027424 0.0331476 0.0389527 0.0444698 0.049343 0.0533076 0.0562442 0.0581869 0.0592882 0.0597625 0.0598164 0.0595579 0.058897 0.0574904 0.0548016 0.0503113 0.0438211 0.0356906 0.0268338
 0.00435594 0.00690798 0.0101128 0.0139201 0.018321 0.0233242 0.02887 0.0347681 0.0407044 0.0462946 0.051153 0.0549693 0.0575859 0.0590368 0.059523 0.0593346 0.0587519 0.0579414 0.0568611 0.0552066 0.0524599 0.048089 0.0418555 0.034067 0.0255858
 0.00457924 0.00726702 0.0106476 0.0146698 0.0193224 0.0246055 0.030439 0.0365984 0.042728 0.0484059 0.0532221 0.0568584 0.0591589 0.0601617 0.0600763 0.0592168 0.0579123 0.0564 0.0547177 0.0526336 0.0496809 0.0453456 0.0393663 0.0319901 0.0239966
 0.00481641 0.00763993 0.0111873 0.0154025 0.0202725 0.0257972 0.0318914 0.0383136 0.0446771 0.0505178 0.055381 0.0589139 0.0609462 0.0615239 0.0608793 0.0593564 0.0573203 0.0550578 0.0526766 0.0500305 0.0467356 0.0423317 0.0365594 0.0296097 0.0221622
 0.00509745 0.00808199 0.0118261 0.0162649 0.0213762 0.02715 0.0334861 0.0401225 0.0466495 0.0525814 0.0574436 0.0608642 0.0626568 0.062859 0.061707 0.0595617 0.0568176 0.0538052 0.0506948 0.047424 0.0437036 0.0391513 0.0335357 0.027005 0.0201342
 0.00539635 0.00855331 0.0125098 0.0171922 0.0225698 0.0286211 0.0352262 0.0420934 0.0487776 0.0547618 0.0595519 0.062772 0.0642455 0.0640269 0.0623672 0.0596379 0.0562438 0.0525371 0.0487326 0.044842 0.0406719 0.0359303 0.0304325 0.0242995 0.0180074
 0.00572913 0.00907237 0.0132517 0.0181808 0.0238186 0.030134 0.0369927 0.0440781 0.0509124 0.0569443 0.0616525 0.0646498 0.0657672 0.0650839 0.0628831 0.0595639 0.0555493 0.0512055 0.0467735 0.0423179 0.0377263 0.0327948 0.0273937 0.0216305 0.0158939
 0.00606669 0.00960162 0.014013 0.0192023 0.0251156 0.0317076 0.0388232 0.0461163 0.0530759 0.0591217 0.0637136 0.0664576 0.0671937 0.0660236 0.0632629 0.0593446 0.0547194 0.0497746 0.0447744 0.0398224 0.0348686 0.0297821 0.0244833 0.0190725 0.0138628
 0.00637323 0.0100852 0.0147146 0.0201532 0.0263366 0.033205 0.0405798 0.0480821 0.0551649 0.0612171 0.0656805 0.0681594 0.0685082 0.0668559 0.0635513 0.0590597 0.0538587 0.0483585 0.0428467 0.0374616 0.0322038 0.0270003 0.0218113 0.0167298 0.0120025
 0.00667633 0.0105674 0.0154217 0.0211241 0.0276003 0.0347738 0.0424369 0.05017 0.057381 0.063421 0.0677109 0.0698567 0.0697382 0.0675275 0.063623 0.0585334 0.0527678 0.0467556 0.0408011 0.0350661 0.0295874 0.0243342 0.0192941 0.0145483 0.0102831
 0.00698187 0.0110452 0.0161074 0.022043 0.0287694 0.036202 0.0441182 0.0520706 0.0594271 0.065496 0.069663 0.07152 0.0709606 0.068197 0.063683 0.0579834 0.0516518 0.0451472 0.0387926 0.0327672 0.0271309 0.0218789 0.0170123 0.0125946 0.00875685
 0.00727883 0.0115088 0.0167702 0.0229251 0.0298782 0.0375322 0.0456471 0.0537522 0.0611905 0.0672479 0.071294 0.0729124 0.071999 0.0687832 0.0637507 0.0575092 0.0506575 0.0436937 0.0369704 0.0306898 0.0249316 0.0197064 0.0150174 0.010905 0.0074487
 0.00740041 0.0117212 0.0171179 0.0234601 0.0306507 0.0385737 0.0469533 0.0552729 0.0628339 0.0688953 0.0728187 0.0741962 0.0729448 0.0693216 0.063842 0.0571424 0.0498492 0.0424884 0.0354404 0.0289332 0.0230688 0.0178714 0.0133421 0.00949594 0.00636543
 0.00742271 0.0117607 0.0171859 0.0235762 0.0308475 0.0388986 0.0474631 0.0560175 0.0638306 0.0701066 0.0741467 0.0755009 0.0740779 0.0701599 0.064306 0.0571981 0.0495008 0.0417699 0.0344106 0.0276741 0.0216837 0.0164771 0.0120535 0.00840581 0.00552574
 0.00752493 0.0118973 0.0173374 0.0237083 0.0309233 0.0388995 0.0474054 0.0559579 0.0638542 0.0703014 0.0745718 0.0761596 0.0749064 0.0710393 0.0650941 0.0577676 0.0497665 0.0416991 0.0340196 0.027019 0.0208498 0.015567 0.011171 0.00763693 0.00492266
