SBPRF35
7.78865
Curr Bio
665352
B35
672194
F35
0.224881
FOFL
0.224881
OFL
115086
Bzero
2.22533e+006
#pred survey bio
 4.5572e+006 4.25545e+006 3.98789e+006 3.68751e+006 3.38017e+006 3.05454e+006 2.75864e+006 2.42292e+006 2.13832e+006 1.88047e+006 1.65614e+006 1.47981e+006 1.32615e+006 1.19216e+006 1.03314e+006 920152 817509 755674 722667 688035 644575 625791 619346 605132 591930 579655 573918 575000 566893 569135 565886 560826 553647 541187 527957 514861 500832 498541 496489 503115 507855 498619 505225 517960 524903 534615 543240 552767 557993 564119 569887 573800 563212 557350 542128 541583 511525 480074 461447 465317 487191 495367 514596 542899 578142 623710 664642 1.55796e+007 1.45038e+007 1.48315e+007 1.52423e+007 1.56753e+007 1.60754e+007 1.64167e+007 1.66931e+007 1.69095e+007 1.7075e+007 1.72001e+007 1.72938e+007 1.73638e+007 1.74161e+007 1.74552e+007 1.74846e+007 1.75067e+007 1.75234e+007 1.75361e+007 1.75458e+007 1.75532e+007 1.75588e+007 1.75631e+007 1.75665e+007 1.7569e+007 1.7571e+007 1.75725e+007 1.75736e+007 1.75745e+007 1.75752e+007 1.75758e+007 1.75762e+007 1.75765e+007 1.75768e+007 1.75769e+007 1.75771e+007 1.75772e+007 1.75773e+007 1.75774e+007 1.75774e+007 1.75775e+007 1.75775e+007 1.75775e+007 1.75775e+007 1.75776e+007 1.75776e+007 1.75776e+007 1.75776e+007 1.75776e+007 1.75776e+007 1.75776e+007 1.75776e+007 1.75776e+007 1.75776e+007 1.75776e+007 1.75776e+007 1.75776e+007 1.75776e+007 1.75776e+007 1.75776e+007 1.75776e+007 1.75776e+007 1.75776e+007 1.75776e+007 1.75776e+007 1.75776e+007 1.75776e+007 1.75776e+007 1.75776e+007 1.75776e+007 1.75776e+007 1.75776e+007 1.75776e+007 1.75776e+007 1.75776e+007 1.75776e+007 1.75776e+007 1.75776e+007 1.75776e+007 1.75776e+007 1.75776e+007 1.75776e+007 1.75776e+007 1.75776e+007 1.75776e+007 1.75776e+007 1.75776e+007 1.75776e+007 1.75776e+007 1.75776e+007 1.75776e+007 1.75776e+007 1.75776e+007 1.75776e+007 1.75776e+007 1.75776e+007 1.75776e+007 1.75776e+007 1.75776e+007 1.75776e+007 0 0 0 0 0 0 0 0 0 0 0 0 0 0 0 0 0 0 0 0 0 0 0 0 0
#obs survey bio
 5.19778e+006 3.45915e+006 2.67896e+006 3.57891e+006 2.77752e+006 2.84211e+006 1.97516e+006 2.41569e+006 1.50576e+006 1.67991e+006 1.46717e+006 1.05847e+006 975136 998212 921828 730803 957678 815710 661249 496070 614739 540046 485761 527835 488514 439237 599212 586287 632043 488344 605242 392338 547987 386296 564199 594709 422960 472676 797536 591403 508002 369538 606110 527591 405911 450106 404372 444784 755226 421693 776734 601256 617948 546289 567331 688257 462481 630028 435766 614244 525065 451412 587264 440133 603908 671196 645972
#pred catch bio
 119415 107204 163550 200052 249608 255444 322451 303791 303388 293015 265832 257402 247026 269945 227531 214910 176036 149183 148490 152401 127871 115176 118901 114466 110748 103254 96080.3 102444 92786.9 96963.9 97481.1 97666.2 99484.7 96440.9 92116.8 91100.8 84310.2 88494 83191 85522.6 97221.8 84027.9 79880.1 85709.9 84345.5 86226.7 86530.8 91218.4 91252.6 92153.7 93896.6 105727 101343 108526 94843.2 117709 116466 104744 86258.9 72607 85663.9 78954.3 75970.3 75458 72279 82029.2 110094 115086 116614 118276 120520 123091 125482 127458 128978 130090 130875 131415 131777 132017 132173 132275 132339 132381 132407 132423 132434 132440 132444 132447 132448 132449 132450 132450 132450 132451 132451 132451 132451 132451 132451 132451 132451 132451 132451 132451 132451 132451 132451 132451 132451 132451 132451 132451 132451 132451 132451 132451 132451 132451 132451 132451 132451 132451 132451 132451 132451 132451 132451 132451 132451 132451 132451 132451 132451 132451 132451 132451 132451 132451 132451 132451 132451 132451 132451 132451 132451 132451 132451 132451 132451 132451 132451 132451 132451 132451 132451 132451 132451 132451 132451 132451 132451 132451 132451 132451 132451 0 0 0 0 0 0 0 0 0 0 0 0 0 0 0 0 0 0 0 0 0 0 0 0 0
#obs catch bio
 0 106899 164427 201100 252357 257880 329567 308291 309240 299732 271670 264137 253752 278585 232194 219794 177980 150874 150191 155609 129190 116581 120416 115355 111177 104090 96461.6 102957 92893.7 97594 97913 98599.8 100363 97278.6 92765.5 90891.5 84523.5 89080.6 82923.7 84895.2 96947.8 83943.9 79833.4 85505.4 84403.1 86142.2 86382.1 91089.9 91111 92144.2 93447.7 105490 100826 108357 94007.5 116310 115268 103753 85902.9 71983.5 85345.6 78740 75904 75770.5 72354.2 81817.1 110316
#pred cpue bio
 4.48455e+006 4.18586e+006 3.91999e+006 3.62043e+006 3.31456e+006 2.99052e+006 2.69605e+006 2.36286e+006 2.08045e+006 1.82448e+006 1.60189e+006 1.42694e+006 1.27478e+006 1.14283e+006 987355 877159 777330 717315 685348 651883 610066 592277 586500 573373 561200 549610 544236 545600 537965 540185 537113 532391 525793 514283 502244 490358 476280 472271 469242 475861 480772 471788 478069 490445 497137 506439 514753 523870 528795 534662 540278 544181 533875 528009 513279 513082 484134 453316 434814 438485 459904 467777 485769 512375 545965 589778 628838 1.47344e+007 1.37227e+007 1.40251e+007 1.44045e+007 1.48263e+007 1.5224e+007 1.55648e+007 1.58412e+007 1.60575e+007 1.62231e+007 1.63481e+007 1.64418e+007 1.65118e+007 1.65641e+007 1.66032e+007 1.66326e+007 1.66547e+007 1.66715e+007 1.66841e+007 1.66938e+007 1.67012e+007 1.67068e+007 1.67111e+007 1.67145e+007 1.6717e+007 1.6719e+007 1.67205e+007 1.67217e+007 1.67226e+007 1.67232e+007 1.67238e+007 1.67242e+007 1.67245e+007 1.67248e+007 1.6725e+007 1.67251e+007 1.67252e+007 1.67253e+007 1.67254e+007 1.67254e+007 1.67255e+007 1.67255e+007 1.67255e+007 1.67256e+007 1.67256e+007 1.67256e+007 1.67256e+007 1.67256e+007 1.67256e+007 1.67256e+007 1.67256e+007 1.67256e+007 1.67256e+007 1.67256e+007 1.67256e+007 1.67256e+007 1.67256e+007 1.67256e+007 1.67256e+007 1.67256e+007 1.67256e+007 1.67256e+007 1.67256e+007 1.67256e+007 1.67256e+007 1.67256e+007 1.67256e+007 1.67256e+007 1.67256e+007 1.67256e+007 1.67256e+007 1.67256e+007 1.67256e+007 1.67256e+007 1.67256e+007 1.67256e+007 1.67256e+007 1.67256e+007 1.67256e+007 1.67256e+007 1.67256e+007 1.67256e+007 1.67256e+007 1.67256e+007 1.67256e+007 1.67256e+007 1.67256e+007 1.67256e+007 1.67256e+007 1.67256e+007 1.67256e+007 1.67256e+007 1.67256e+007 1.67256e+007 1.67256e+007 1.67256e+007 1.67256e+007 1.67256e+007 1.67256e+007 1.67256e+007 0 0 0 0 0 0 0 0 0 0 0 0 0 0 0 0 0 0 0 0 0 0 0 0 0
#obs cpue bio
 3.36851e+006 2.36647e+006 3.06309e+006 3.08072e+006 2.45045e+006 2.60266e+006 1.91945e+006 3.38072e+006 1.93002e+006 1.3169e+006 1.3455e+006 1.22286e+006 1.14677e+006 1.17123e+006 1.14636e+006 841735 830320 469626 673511 487268 762233 454010 694237 753414 816676 469485 578500 557274 504231 437070 534145 464215 525695 627998 457124 860159 350494 405768 536633 580404 433041 483945 382731 640553 474133 718523 717784 687611 394804 646160 567721 507126 557057 519185 690637 656559 530820 400166 371921 454660 411378 433471 376553 401641 568435 783491 575009
#pred surv len freq
 0.00462888 0.00748486 0.0112143 0.0157984 0.0211541 0.0270675 0.0331517 0.0389202 0.0439543 0.0480337 0.0511447 0.0534052 0.0549848 0.0560489 0.0567182 0.0570442 0.0570093 0.0565405 0.0555095 0.0537055 0.0508192 0.0465099 0.0405961 0.0332861 0.02527
 0.00502043 0.00803365 0.0118822 0.0165068 0.0218201 0.0276546 0.033695 0.0395021 0.0446369 0.0487903 0.0518404 0.0538432 0.0549936 0.0555625 0.05581 0.0559033 0.0558725 0.0556075 0.0548744 0.0533347 0.0505864 0.0462721 0.0402667 0.032866 0.0248245
 0.00515757 0.00830371 0.0123695 0.0173027 0.0229822 0.0291547 0.0353925 0.0411753 0.0460692 0.0498574 0.0525329 0.0542113 0.0550659 0.055309 0.0551769 0.0548845 0.0545563 0.0541614 0.053478 0.0521066 0.0495518 0.0453867 0.0394742 0.0321448 0.0241952
 0.00535728 0.00860923 0.0127991 0.017875 0.0237294 0.0301316 0.0366637 0.0427734 0.0479407 0.0518356 0.0543697 0.0556597 0.0559607 0.0555934 0.0548725 0.0540481 0.053266 0.0525291 0.0516544 0.0502546 0.0478043 0.0438219 0.0381241 0.0310211 0.0233052
 0.00559619 0.00899008 0.0133574 0.0186369 0.0247063 0.0313147 0.0380228 0.0442656 0.0495244 0.0534738 0.0560104 0.0572052 0.0572567 0.0564598 0.0551597 0.0536827 0.0522631 0.0509794 0.0497037 0.0480822 0.0455966 0.0417435 0.036297 0.0295183 0.0221534
 0.00584046 0.00938667 0.0139537 0.0194776 0.0258256 0.0327238 0.0396947 0.0461277 0.0514678 0.0553762 0.0577621 0.0587213 0.0584694 0.0572977 0.0555335 0.053496 0.0514462 0.049527 0.0476949 0.0456763 0.0430064 0.0391971 0.0339965 0.0276063 0.0206951
 0.00600011 0.00965591 0.0143779 0.020108 0.0267123 0.0339023 0.0411701 0.047863 0.0533828 0.0573563 0.0596737 0.0604313 0.0598632 0.058288 0.0560551 0.0534926 0.0508658 0.0483376 0.0459163 0.0434079 0.040432 0.0365573 0.0315371 0.0255222 0.0190911
 0.00633666 0.0101787 0.0151211 0.0210911 0.0279438 0.0353812 0.0428824 0.0497724 0.0554221 0.0594264 0.06165 0.0621783 0.0612528 0.0592159 0.0564495 0.053311 0.0500854 0.0469525 0.0439504 0.0409418 0.0376254 0.0336434 0.0287809 0.023155 0.0172519
 0.00667327 0.0107141 0.0159042 0.0221583 0.0293109 0.0370336 0.0447651 0.0517916 0.0574621 0.0613745 0.0634126 0.0636799 0.0624264 0.0599947 0.056768 0.053112 0.049328 0.0456187 0.0420566 0.0385575 0.0348922 0.0307766 0.0260371 0.0207708 0.0153811
 0.00698658 0.0112199 0.0166592 0.0232136 0.0307031 0.03877 0.0468061 0.0540407 0.0597747 0.0635823 0.0653555 0.065232 0.063509 0.0605732 0.0568352 0.0526689 0.0483726 0.0441491 0.0400883 0.0361487 0.0321673 0.0279312 0.0233117 0.0183942 0.0135072
 0.00733235 0.0117635 0.0174439 0.0242705 0.0320497 0.0404068 0.0487072 0.0561438 0.0619769 0.065747 0.0673277 0.0668602 0.0646688 0.0611857 0.0568724 0.0521432 0.0473173 0.042603 0.038096 0.0337779 0.0295332 0.0252081 0.0207146 0.0161306 0.0117195
 0.00757213 0.0121558 0.0180388 0.0251155 0.0331803 0.0418315 0.0503934 0.0580139 0.0639214 0.0676449 0.0690633 0.0683289 0.0657771 0.061855 0.0570463 0.0517954 0.0464533 0.0412552 0.0363189 0.0316516 0.0271742 0.0227762 0.0183994 0.0141131 0.0101244
 0.00766913 0.0123361 0.0183528 0.0256267 0.0339536 0.0429128 0.0517874 0.0596718 0.0657433 0.0694964 0.0707982 0.0698127 0.0669041 0.0625549 0.0572817 0.0515537 0.0457413 0.0400984 0.0347649 0.0297771 0.0250914 0.0206332 0.0163652 0.0123448 0.00872819
 0.00769056 0.0123861 0.0184582 0.0258272 0.0342998 0.0434582 0.0525763 0.0607247 0.0670421 0.0709753 0.0723455 0.071287 0.0681617 0.0634769 0.0577903 0.0516139 0.0453528 0.0392863 0.0335762 0.0282837 0.023396 0.0188686 0.0146803 0.010876 0.00756672
 0.00795855 0.0128026 0.0190498 0.0266072 0.0352685 0.0446028 0.0538679 0.0621146 0.0684631 0.072347 0.073582 0.0723041 0.068884 0.0638453 0.057769 0.0511947 0.0445536 0.0381465 0.0321529 0.0266517 0.0216509 0.0171262 0.0130652 0.00949784 0.00649391
 0.00809388 0.0130255 0.01939 0.0270932 0.0359203 0.0454217 0.0548283 0.0631634 0.0695311 0.0733653 0.0744941 0.0730667 0.0694613 0.0642032 0.0578746 0.051021 0.044087 0.0373936 0.0311442 0.0254431 0.0203231 0.0157793 0.0118057 0.00841846 0.00565198
 0.00836808 0.0134414 0.0199612 0.0278146 0.036773 0.0463802 0.0558614 0.06423 0.0705743 0.0743144 0.0752746 0.0736167 0.0697452 0.0642154 0.0576315 0.0505481 0.0434084 0.0365313 0.0301241 0.0243044 0.0191239 0.0145953 0.0107191 0.00749997 0.00494315
 0.00855125 0.0137207 0.0203465 0.0283012 0.037342 0.0470009 0.0564953 0.0648366 0.0711209 0.0747837 0.0756641 0.0739283 0.0699729 0.0643411 0.0576308 0.0503996 0.0431013 0.0360663 0.0295139 0.0235757 0.0183199 0.0137748 0.00994828 0.00683765 0.00442633
 0.00858208 0.0137723 0.0204265 0.0284171 0.0374988 0.0471978 0.0567235 0.0650801 0.0713621 0.0750102 0.0758738 0.0741286 0.0701728 0.064541 0.0578152 0.0505379 0.0431561 0.0360052 0.0293199 0.0232528 0.0178945 0.0132919 0.00946276 0.00640144 0.00407554
 0.00850425 0.0136746 0.0203327 0.0283672 0.0375378 0.0473586 0.0570114 0.065469 0.0718017 0.0754419 0.0762461 0.0744085 0.0703504 0.0646269 0.0578304 0.0505012 0.0430743 0.0358724 0.0291244 0.0229881 0.0175683 0.0129286 0.00909825 0.0060729 0.0038102
 0.00865312 0.0138846 0.0205914 0.0286473 0.0378106 0.0476125 0.0572608 0.0657456 0.0721303 0.0758161 0.0766207 0.0747152 0.0705264 0.0646397 0.0576861 0.050235 0.0427321 0.0354935 0.028733 0.0225956 0.0171815 0.0125579 0.00875991 0.00578507 0.00358578
 0.00863918 0.0138663 0.0205703 0.0286242 0.0377812 0.0475636 0.0571742 0.0656095 0.0719565 0.0756484 0.0765239 0.074745 0.0706994 0.0649223 0.0580113 0.0505329 0.0429547 0.035622 0.0287712 0.0225581 0.0170864 0.012425 0.00861063 0.00564057 0.00346298
 0.00847014 0.013612 0.0202265 0.0282017 0.0373043 0.0470658 0.0566931 0.0651828 0.0716171 0.0754212 0.0764271 0.074794 0.070906 0.0652859 0.0585068 0.0511069 0.0435371 0.0361463 0.0291918 0.0228567 0.0172684 0.0125106 0.00862745 0.00561701 0.00342333
 0.00845605 0.0135754 0.0201467 0.0280531 0.0370654 0.0467318 0.0562859 0.0647496 0.0712167 0.0751052 0.0762267 0.0747182 0.0709499 0.06544 0.05876 0.0514427 0.0439271 0.03655 0.0295645 0.0231622 0.0174878 0.0126447 0.00869176 0.00563394 0.00341485
 0.0085728 0.0137378 0.0203393 0.0282416 0.0372024 0.0467689 0.0561872 0.0645024 0.0708383 0.0746431 0.0757501 0.0743005 0.0706485 0.0652842 0.0587506 0.0515601 0.0441404 0.0368219 0.029855 0.0234334 0.0177107 0.0128049 0.00879036 0.00568343 0.00343229
 0.00859109 0.0137812 0.0204283 0.0283988 0.0374411 0.0470775 0.0565189 0.0647818 0.0709846 0.0746017 0.0755146 0.0739151 0.0701916 0.0648421 0.0583933 0.0513272 0.0440391 0.0368336 0.0299461 0.0235647 0.0178468 0.0129203 0.00887262 0.00573241 0.00345559
 0.00856481 0.0137349 0.0203534 0.0282895 0.0372999 0.0469222 0.0563831 0.0647038 0.0709882 0.0746782 0.0756221 0.0739981 0.0702094 0.0647891 0.0582987 0.0512379 0.0439965 0.0368591 0.0300364 0.0236984 0.0179948 0.0130563 0.00898001 0.00580594 0.00349918
 0.00854638 0.0136961 0.0202788 0.0281589 0.0370937 0.0466301 0.0560134 0.0642897 0.070585 0.0743513 0.075427 0.0739609 0.0703169 0.0649965 0.058552 0.0514963 0.0442434 0.0370964 0.0302704 0.0239288 0.0182119 0.0132457 0.00913017 0.00591295 0.00356726
 0.00866224 0.0138689 0.0205089 0.0284337 0.0373881 0.0469084 0.0562334 0.064409 0.0705721 0.0741983 0.0751572 0.0736242 0.069974 0.0646981 0.0583247 0.0513417 0.0441484 0.0370462 0.030256 0.0239449 0.0182521 0.0133 0.00918628 0.00596094 0.00360212
 0.00857946 0.0137556 0.0203773 0.0283076 0.0372946 0.0468657 0.0562415 0.0644488 0.0706134 0.0742124 0.0751276 0.073552 0.0698775 0.0646063 0.0582664 0.0513355 0.0441972 0.0371389 0.0303749 0.0240732 0.018377 0.0134124 0.00928005 0.00603269 0.00365187
 0.00853893 0.0136909 0.0202833 0.0281836 0.037148 0.0467157 0.0561185 0.0643864 0.0706338 0.0743127 0.0752766 0.0737028 0.0699878 0.0646554 0.0582605 0.0512995 0.0441606 0.0371238 0.0303897 0.0241146 0.0184349 0.0134753 0.00933865 0.00608085 0.00368712
 0.00839472 0.0134849 0.0200257 0.027901 0.0368757 0.0464845 0.0559465 0.0642799 0.0705946 0.0743436 0.0753801 0.0738727 0.0702031 0.0648826 0.0584656 0.0514612 0.0442766 0.0372066 0.0304566 0.0241784 0.0185 0.0135395 0.00939651 0.00612792 0.00372148
 0.00824708 0.0132559 0.0197031 0.0274851 0.0363834 0.0459534 0.0554345 0.0638562 0.0703213 0.0742556 0.0754757 0.0741199 0.070555 0.0652909 0.058887 0.0518601 0.0446277 0.0374978 0.030689 0.0243611 0.0186441 0.0136532 0.00948441 0.00619268 0.00376589
 0.00802848 0.0129334 0.0192788 0.0269816 0.0358374 0.0454042 0.0549178 0.063405 0.06997 0.0740401 0.0754264 0.0742499 0.0708516 0.0657166 0.059389 0.0523837 0.0451269 0.0379411 0.0310603 0.0246577 0.0188722 0.013823 0.00960673 0.00627708 0.00382086
 0.00794263 0.0127771 0.0190146 0.0265697 0.0352512 0.0446523 0.0540584 0.0625407 0.0692192 0.0735011 0.075153 0.0742499 0.0710997 0.0661679 0.0599872 0.0530661 0.0458303 0.0386098 0.0316531 0.0251515 0.0192607 0.0141126 0.00981128 0.00641352 0.00390624
 0.00879051 0.0139587 0.0204272 0.0279914 0.036398 0.0452749 0.0540258 0.0618705 0.0680539 0.0720557 0.073659 0.0729081 0.0700466 0.0654628 0.0596206 0.0529817 0.0459499 0.0388526 0.0319481 0.0254446 0.0195173 0.0143166 0.00996063 0.00651482 0.00396998
 0.00953945 0.0151562 0.0221797 0.03035 0.0393088 0.0485234 0.057214 0.0644769 0.0695865 0.0722317 0.0725075 0.070738 0.0673116 0.0626079 0.0569786 0.0507404 0.0441708 0.0375119 0.0309785 0.0247659 0.0190552 0.0140102 0.00976379 0.00639362 0.00389943
 0.00919367 0.0147518 0.0218645 0.0303646 0.0399275 0.0499524 0.0594891 0.0674078 0.0727719 0.0751423 0.0746198 0.0716842 0.0669897 0.0612001 0.0548651 0.0483564 0.0418786 0.0355363 0.0294084 0.0235939 0.0182236 0.013446 0.00939758 0.00616734 0.00376749
 0.0088967 0.0142732 0.021163 0.0294345 0.0388353 0.0488744 0.0587173 0.0672886 0.0735741 0.0769115 0.0771062 0.0743975 0.0693641 0.0627871 0.0554683 0.048054 0.0409439 0.0343077 0.0281748 0.0225359 0.0174124 0.0128762 0.00902561 0.00594013 0.00363752
 0.0088484 0.0141603 0.0209289 0.0290038 0.0381329 0.0478603 0.0574287 0.0658719 0.0722857 0.0760715 0.0770016 0.0751631 0.0708973 0.0647571 0.0574297 0.0496137 0.0418912 0.0346491 0.0280725 0.0222045 0.0170315 0.0125515 0.00879379 0.00579496 0.00355588
 0.00886113 0.0141818 0.0209597 0.0290364 0.038143 0.0477987 0.0572235 0.0654495 0.0716122 0.075198 0.0760851 0.0744377 0.0705949 0.065006 0.0581861 0.0506691 0.04296 0.0354878 0.0285646 0.022371 0.0169793 0.0124027 0.00863773 0.00567462 0.00347919
 0.00897018 0.0143576 0.021221 0.0293979 0.03861 0.0483577 0.0578313 0.0660271 0.0720512 0.0753848 0.0759403 0.073959 0.0698794 0.0642309 0.057544 0.050287 0.0428476 0.0355483 0.0286597 0.0223952 0.0168991 0.0122473 0.00846141 0.00552191 0.00337001
 0.0089156 0.0142714 0.0210971 0.0292352 0.0384161 0.0481527 0.0576485 0.0659066 0.0720252 0.0754593 0.0760851 0.0741149 0.0699844 0.064254 0.0575059 0.0502503 0.0428788 0.0356756 0.028856 0.0225981 0.0170503 0.0123218 0.00847006 0.00549401 0.0033332
 0.00892121 0.0142624 0.0210503 0.0291187 0.0381988 0.0478189 0.057212 0.0654145 0.0715498 0.075079 0.0758628 0.0740785 0.0701187 0.0645083 0.0578167 0.0505683 0.043184 0.0359703 0.0291446 0.0228706 0.0172837 0.0124948 0.00857687 0.00554594 0.00335029
 0.00890209 0.0142468 0.0210538 0.0291608 0.0382919 0.0479543 0.0573526 0.065503 0.0715326 0.0749341 0.0756131 0.0737839 0.0698504 0.0643205 0.0577304 0.0505729 0.0432523 0.0360752 0.0292674 0.0229984 0.0174041 0.0125951 0.00864813 0.00558743 0.00336861
 0.00886662 0.0141871 0.0209615 0.0290305 0.0381266 0.0477706 0.0571809 0.0653782 0.0714765 0.0749413 0.0756525 0.0738172 0.0698558 0.0643045 0.0577202 0.0505975 0.043326 0.0361934 0.029413 0.0231511 0.0175464 0.0127145 0.008738 0.00564718 0.00340303
 0.00889938 0.0142299 0.0210062 0.0290623 0.0381268 0.047723 0.0570784 0.065228 0.0713009 0.0747725 0.0755212 0.0737405 0.0698306 0.0643134 0.0577448 0.0506297 0.0433697 0.0362564 0.0294979 0.023252 0.0176511 0.01281 0.00881514 0.0057023 0.00343767
 0.00885429 0.0141705 0.020942 0.0290088 0.0380991 0.0477267 0.057103 0.0652497 0.0712936 0.0747213 0.0754311 0.0736339 0.0697369 0.0642549 0.0577293 0.0506519 0.0434184 0.0363224 0.0295756 0.0233372 0.0177382 0.0128915 0.00888378 0.00575393 0.00347212
 0.00883371 0.0141391 0.0208992 0.0289574 0.038047 0.0476871 0.0570927 0.0652826 0.0713717 0.074829 0.0755377 0.0737063 0.069755 0.0642201 0.057661 0.0505754 0.0433541 0.0362808 0.0295587 0.0233419 0.0177588 0.0129211 0.00891521 0.00578153 0.00349281
 0.00876998 0.0140453 0.0207762 0.0288126 0.0378922 0.0475358 0.0569584 0.0651789 0.0713125 0.0748259 0.0755951 0.073816 0.0698957 0.0643639 0.0577844 0.0506675 0.0434177 0.0363267 0.0295982 0.0233819 0.0178008 0.0129629 0.00895332 0.00581273 0.00351561
 0.00870292 0.0139414 0.0206299 0.0286234 0.0376661 0.0472863 0.0567074 0.064954 0.0711419 0.0747314 0.075587 0.0738923 0.0700434 0.0645617 0.0580058 0.0508864 0.0436142 0.0364909 0.02973 0.0234866 0.0178848 0.0130304 0.00900635 0.0058523 0.00354299
 0.00872081 0.0139589 0.0206349 0.0285978 0.0375906 0.0471492 0.0565108 0.0647169 0.0708954 0.0745107 0.0754231 0.0738058 0.0700418 0.0646389 0.0581446 0.051063 0.0438034 0.0366714 0.0298876 0.0236157 0.017986 0.0131073 0.00906305 0.00589249 0.00356987
 0.0088192 0.0141206 0.02088 0.0289417 0.0380361 0.0476755 0.057067 0.0652268 0.0712769 0.074702 0.0754014 0.0735902 0.0696823 0.0641988 0.0576841 0.0506283 0.0434224 0.0363552 0.0296357 0.0234215 0.0178413 0.0130042 0.00899387 0.00584946 0.00354542
 0.00869718 0.0139562 0.0206962 0.0287828 0.0379577 0.0477267 0.0572729 0.065578 0.0717291 0.0751842 0.0758319 0.0738977 0.0698251 0.0641745 0.0575252 0.0503866 0.043151 0.0360952 0.0294116 0.0232426 0.017707 0.0129089 0.00893005 0.00580953 0.00352236
 0.00865893 0.0138957 0.0206099 0.0286736 0.0378398 0.0476306 0.0572446 0.0656681 0.0719719 0.0755757 0.0763207 0.0743964 0.0702379 0.0644278 0.0575881 0.0502738 0.0429106 0.0357892 0.0290968 0.0229594 0.0174764 0.0127361 0.00880997 0.00573206 0.00347613
 0.00863015 0.0138309 0.0204797 0.0284412 0.0374729 0.047119 0.0566179 0.0650007 0.0713714 0.0751564 0.0761712 0.0745516 0.0706656 0.0650377 0.0582607 0.0508977 0.0434126 0.0361439 0.0293181 0.0230818 0.0175368 0.0127633 0.00882182 0.00573761 0.00347918
 0.00896585 0.0143453 0.0211929 0.029344 0.0385215 0.0482322 0.0576783 0.0658694 0.07192 0.0753079 0.0759275 0.0739915 0.0699135 0.0642205 0.0574713 0.0501813 0.0427744 0.0355712 0.0288011 0.0226224 0.0171457 0.0124507 0.00859044 0.00558009 0.00338102
 0.00921778 0.0147564 0.0218128 0.0302152 0.0396648 0.0496258 0.0592379 0.0674445 0.073317 0.0763333 0.076436 0.0739216 0.0693013 0.0631859 0.0561823 0.048808 0.041451 0.0343798 0.0277774 0.0217737 0.0164666 0.0119305 0.0082136 0.00532522 0.00322177
 0.00921771 0.014775 0.0218771 0.0303658 0.039951 0.0500938 0.0599151 0.068324 0.0743456 0.0774086 0.0774173 0.0746585 0.0696726 0.0631352 0.0557339 0.0480553 0.0405251 0.0334112 0.0268675 0.020984 0.0158234 0.0114359 0.00785517 0.00508216 0.003069
 0.00917129 0.0146742 0.021681 0.0300282 0.0394409 0.0494248 0.0591667 0.0676366 0.0738831 0.0773039 0.077725 0.0753343 0.0705866 0.0641107 0.0565991 0.0486899 0.040884 0.03352 0.0267959 0.0208129 0.0156206 0.0112461 0.00770073 0.00496937 0.0029943
 0.00919429 0.0146762 0.0216175 0.0298326 0.0390383 0.0487571 0.058222 0.066471 0.0726272 0.076147 0.0768764 0.0749666 0.0707787 0.0648186 0.0576691 0.0499104 0.0420523 0.0344941 0.027515 0.0212864 0.0158989 0.0113911 0.00776618 0.00499325 0.00299964
 0.00949214 0.0151233 0.0222183 0.0305589 0.0398266 0.049511 0.0588191 0.0667813 0.0725464 0.0756384 0.076 0.0738765 0.0696832 0.0639173 0.0570919 0.0496841 0.0421076 0.0347079 0.027764 0.0214866 0.0160181 0.0114368 0.00776467 0.00497111 0.0029748
 0.00958099 0.0152728 0.0224516 0.0308975 0.0402812 0.050069 0.0594327 0.0673658 0.0729946 0.0758465 0.075899 0.0734567 0.0690068 0.0631082 0.0563033 0.0490516 0.0417075 0.0345401 0.0277677 0.0215766 0.0161215 0.0115127 0.00780334 0.00498154 0.00297075
 0.0094496 0.0150859 0.0222209 0.0306536 0.0400689 0.0499367 0.0594207 0.0674953 0.0732579 0.0762021 0.076274 0.0737643 0.0691734 0.0631012 0.0561451 0.0488119 0.0414747 0.0343856 0.0277205 0.0216211 0.0162155 0.0116128 0.00788202 0.00503082 0.00299565
 0.0093629 0.0149363 0.0219814 0.0302989 0.0395877 0.0493474 0.0587835 0.0669069 0.0728267 0.0760121 0.0763563 0.0740874 0.0696553 0.063637 0.0566406 0.0492102 0.0417666 0.0345993 0.0278965 0.0217882 0.0163802 0.0117642 0.00800556 0.00511873 0.00305004
 0.00940523 0.0149746 0.0219822 0.0302105 0.0393518 0.0489201 0.0581565 0.0661212 0.0719723 0.0752134 0.075745 0.0737682 0.0696745 0.0639682 0.0571959 0.0498726 0.0424289 0.0351908 0.0283893 0.022185 0.0166952 0.0120099 0.00818951 0.00524727 0.00313198
 0.00910336 0.0145672 0.0215205 0.0297871 0.039066 0.048827 0.0582316 0.0662659 0.0720618 0.0751581 0.0755318 0.0734618 0.0693847 0.0638021 0.0572175 0.0500852 0.0427831 0.0356119 0.0288077 0.0225549 0.016997 0.0122423 0.00835955 0.00536467 0.00320729
#obs surv len freq
 nan nan nan nan nan nan nan nan nan nan nan nan nan nan nan nan nan nan nan nan nan nan nan nan nan
 0.00448582 0.00734789 0.0111788 0.0159963 0.0216982 0.0279749 0.0342897 0.040021 0.0447 0.0481624 0.0505185 0.0520123 0.0529025 0.0534131 0.0537259 0.0539797 0.0542575 0.0545497 0.0546881 0.0542799 0.052718 0.0493505 0.0438009 0.0362818 0.0276665
 0.00461838 0.00756455 0.0115067 0.0164604 0.0223154 0.0287442 0.0351836 0.0409824 0.0456498 0.0490156 0.0511993 0.0524662 0.0531012 0.053355 0.0534323 0.0534869 0.0536084 0.0537867 0.05385 0.0534035 0.0518419 0.0485176 0.0430556 0.0356619 0.0271927
 0.00478389 0.00783666 0.0119218 0.0170541 0.0231151 0.0297577 0.0363865 0.0423135 0.0470177 0.0503141 0.0523242 0.0533278 0.0536332 0.0535204 0.0532255 0.0529319 0.0527514 0.0526878 0.0525761 0.0520254 0.0504356 0.0471646 0.041837 0.0346446 0.0264138
 0.00497187 0.00814434 0.0123889 0.0177195 0.0240099 0.030894 0.0377452 0.0438384 0.0486209 0.0518898 0.0537626 0.0545254 0.0545 0.0539864 0.0532474 0.0524977 0.051882 0.0514343 0.0510155 0.0502559 0.0485737 0.0453383 0.0401729 0.0332461 0.025339
 0.00519229 0.00850387 0.0129323 0.0184892 0.0250385 0.0321917 0.0392868 0.0455585 0.0504228 0.0536628 0.0553975 0.0559223 0.0555707 0.0546545 0.0534515 0.0521968 0.0510632 0.0501197 0.0492677 0.0481807 0.0463164 0.0430727 0.0380766 0.0314672 0.0239637
 0.00542107 0.00887981 0.0135056 0.0193091 0.0261439 0.0335959 0.0409623 0.0474318 0.0523853 0.0555916 0.0571756 0.0574484 0.0567604 0.0554377 0.0537687 0.0519993 0.0503179 0.0488208 0.0474514 0.045939 0.0438027 0.04049 0.0356458 0.0293795 0.0223365
 0.00565438 0.00926177 0.0140856 0.0201356 0.0272558 0.0350089 0.0426539 0.0493347 0.0543956 0.057587 0.0590343 0.0590615 0.0580371 0.0563052 0.054169 0.051885 0.0496518 0.0475832 0.0456576 0.0436609 0.0411849 0.0377445 0.0330186 0.0270944 0.0205387
 0.00589154 0.00965026 0.0146758 0.0209766 0.028386 0.0364417 0.0443629 0.0512484 0.0564074 0.059576 0.0608837 0.0606686 0.059316 0.0571856 0.0545939 0.0518074 0.0490333 0.0463992 0.0439118 0.0414095 0.0385581 0.0349494 0.0303088 0.0247112 0.0186469
 0.00613196 0.0100453 0.015278 0.0218373 0.0295457 0.0379135 0.0461166 0.0532049 0.0584508 0.0615761 0.0627182 0.0622355 0.0605362 0.0580002 0.0549584 0.0516856 0.0483943 0.0452201 0.042192 0.0391948 0.0359645 0.0321719 0.0275958 0.0223071 0.0167253
 0.0063854 0.0104581 0.015901 0.0227185 0.030721 0.0393931 0.0478693 0.0551526 0.0604782 0.0635523 0.0645175 0.0637521 0.0616896 0.0587347 0.0552385 0.0514886 0.0477032 0.0440232 0.0404932 0.0370355 0.0334493 0.0294797 0.02496 0.0199624 0.0148429
 0.00661491 0.010838 0.0164849 0.02356 0.031862 0.0408463 0.0496004 0.0570759 0.0624705 0.0654777 0.0662516 0.0651937 0.0627636 0.0593907 0.0554462 0.0512325 0.0469763 0.0428253 0.0388373 0.0349652 0.0310616 0.0269369 0.0224746 0.0177503 0.0130636
 0.00684586 0.0112136 0.0170509 0.0243593 0.032928 0.0421896 0.0511958 0.0588549 0.0643281 0.0672903 0.0678962 0.0665632 0.0637765 0.0599932 0.0556099 0.050948 0.0462457 0.0416585 0.0372564 0.0330183 0.0288411 0.02459 0.0201911 0.0157224 0.0114332
 0.00707242 0.0115873 0.0176227 0.0251787 0.034031 0.0435821 0.0528365 0.0606531 0.0661593 0.0690232 0.0694152 0.0677798 0.0646286 0.0604424 0.055638 0.0505528 0.0454371 0.040456 0.0356911 0.0311434 0.0267461 0.022409 0.0180916 0.0138712 0.00995168
 0.00727066 0.0119153 0.0181268 0.0259056 0.0350183 0.0448424 0.0543419 0.0623284 0.0678911 0.070681 0.070875 0.0689404 0.0654208 0.0608296 0.0556112 0.0501218 0.0446233 0.0392879 0.0342071 0.0294 0.0248294 0.0204398 0.0162158 0.0122303 0.00864594
 0.00745376 0.0122132 0.0185759 0.0265401 0.0358644 0.0459082 0.0556067 0.063737 0.0693594 0.0721094 0.0721624 0.0699955 0.0661705 0.0612245 0.055628 0.0497615 0.0439052 0.0382443 0.0328819 0.0278525 0.0231421 0.0187216 0.0145922 0.0108198 0.00752976
 0.00751741 0.0123213 0.0187476 0.0267979 0.0362309 0.0464019 0.0562352 0.0644935 0.0702215 0.0730401 0.0731119 0.0709028 0.0669666 0.0618393 0.0559992 0.0498434 0.0436748 0.037703 0.0320551 0.02679 0.021919 0.0174359 0.0133546 0.00973289 0.00666413
 0.00758568 0.0124242 0.018888 0.0269748 0.0364426 0.0466493 0.0565246 0.064835 0.0706251 0.0735107 0.0736436 0.0714761 0.0675467 0.0623772 0.0564365 0.0501198 0.0437384 0.0375203 0.0316194 0.0261258 0.0210821 0.0165092 0.0124344 0.00890951 0.00600096
 0.00766908 0.0125523 0.0190662 0.0272021 0.0367108 0.0469435 0.0568246 0.0651194 0.070879 0.0737319 0.0738452 0.0716788 0.0677671 0.0626164 0.0566741 0.050316 0.0438422 0.0374823 0.0314055 0.0257293 0.02053 0.0158591 0.0117634 0.00829411 0.00549743
 0.00774913 0.0126779 0.0192465 0.0274413 0.0370064 0.0472837 0.0571864 0.0654705 0.0711839 0.0739626 0.07399 0.0717457 0.0677798 0.0626041 0.056659 0.0503028 0.0438143 0.0374069 0.0312456 0.02546 0.0201512 0.0154003 0.0112765 0.00783757 0.00511776
 0.00776925 0.0127095 0.0192921 0.027503 0.037086 0.0473827 0.0573056 0.0656082 0.0713351 0.0741179 0.0741372 0.071873 0.06788 0.0626773 0.0567117 0.0503424 0.0438412 0.0374095 0.0312022 0.0253476 0.0199588 0.0151378 0.0109748 0.00753845 0.0048589
 0.00779776 0.0127498 0.0193416 0.0275558 0.0371349 0.0474223 0.0573352 0.0656322 0.0713612 0.0741544 0.0741892 0.0719406 0.0679581 0.0627577 0.0567861 0.050405 0.043888 0.0374351 0.0311969 0.0252989 0.0198573 0.0149855 0.010788 0.00734405 0.0046843
 0.0078345 0.0128037 0.0194117 0.0276368 0.0372177 0.0474962 0.0573893 0.0656589 0.071358 0.0741266 0.0741491 0.0719039 0.0679381 0.0627607 0.0568106 0.0504431 0.043929 0.037468 0.0312109 0.025284 0.0198066 0.0148988 0.0106744 0.00722025 0.00456914
 0.00786516 0.012851 0.019478 0.0277218 0.0373177 0.0476035 0.0574924 0.0657431 0.0714097 0.0741372 0.074119 0.0718427 0.0678619 0.062687 0.0567528 0.0504074 0.0439136 0.0374647 0.0312083 0.0252708 0.0197742 0.0148442 0.0106017 0.00713956 0.00449256
 0.00788059 0.0128718 0.0195015 0.027743 0.0373314 0.0476064 0.0574848 0.0657288 0.0713935 0.0741222 0.0741057 0.0718298 0.0678487 0.0626755 0.0567473 0.0504127 0.0439319 0.0374936 0.031241 0.0252976 0.0197864 0.014837 0.010576 0.00710161 0.00445131
 0.00787413 0.0128618 0.0194871 0.0277234 0.0373055 0.0475728 0.0574422 0.0656776 0.0713367 0.0740668 0.0740603 0.0718027 0.0678441 0.0626929 0.0567828 0.0504614 0.0439896 0.0375563 0.0313037 0.025354 0.0198298 0.0148625 0.010583 0.0070938 0.00443517
 0.0078935 0.0128874 0.0195149 0.0277461 0.0373148 0.0475626 0.0574113 0.0656295 0.0712781 0.0740046 0.0740009 0.0717513 0.0678059 0.0626721 0.0567817 0.0504792 0.044023 0.0376004 0.0313527 0.0254017 0.0198704 0.0148915 0.0105986 0.00709737 0.00443062
 0.00787494 0.0128584 0.0194732 0.0276903 0.0372435 0.0474753 0.0573088 0.0655155 0.0711602 0.0738947 0.0739125 0.0716966 0.0677921 0.0626999 0.0568462 0.050572 0.0441342 0.0377198 0.031471 0.0255106 0.0199631 0.0149637 0.0106491 0.00712818 0.0044462
 0.00789879 0.0128909 0.0195106 0.0277249 0.0372664 0.0474786 0.0572887 0.0654724 0.0710976 0.0738172 0.0738262 0.0716093 0.0677133 0.0626397 0.0568125 0.0505685 0.0441591 0.0377674 0.0315326 0.0255771 0.0200261 0.015017 0.0106892 0.00715466 0.00446122
 0.00787086 0.012848 0.0194507 0.0276475 0.037172 0.0473688 0.0571661 0.065342 0.0709679 0.0736997 0.0737333 0.0715514 0.0676962 0.062664 0.0568744 0.0506618 0.0442764 0.0378998 0.0316705 0.0257104 0.0201458 0.0151163 0.0107649 0.00720718 0.00449412
 0.0078378 0.012793 0.0193659 0.0275257 0.0370096 0.0471688 0.0569413 0.0651138 0.0707611 0.0735358 0.0736261 0.0715061 0.0677118 0.062735 0.0569929 0.0508175 0.0444574 0.0380936 0.0318649 0.0258938 0.0203082 0.0152508 0.0108681 0.00728003 0.00454101
 0.00780835 0.0127437 0.0192891 0.0274136 0.0368557 0.0469712 0.056706 0.0648559 0.0705038 0.0733063 0.0734499 0.0714021 0.0676888 0.0627914 0.0571184 0.0509966 0.0446725 0.0383271 0.0321001 0.0261159 0.0205053 0.0154144 0.0109943 0.00737002 0.00459973
 0.00780492 0.0127341 0.019267 0.0273704 0.0367821 0.0468604 0.0565561 0.064672 0.0702976 0.0730947 0.0732528 0.0712404 0.0675812 0.062751 0.0571497 0.051095 0.0448254 0.038517 0.0323077 0.0263227 0.0206955 0.0155764 0.011122 0.00746256 0.00466109
 0.00775039 0.0126503 0.0191501 0.0272196 0.0365999 0.0466516 0.0563284 0.0644363 0.070068 0.0728869 0.0730831 0.0711229 0.0675269 0.0627663 0.0572359 0.0512474 0.045033 0.0387635 0.0325728 0.0265853 0.0209366 0.0157818 0.0112838 0.00758 0.00473913
 0.00772008 0.012596 0.0190594 0.0270793 0.0364001 0.0463923 0.0560243 0.064116 0.0697661 0.0726344 0.0728998 0.071017 0.0674982 0.062811 0.0573485 0.0514207 0.0452575 0.0390255 0.0328549 0.0268675 0.0211991 0.0160082 0.0114643 0.00771222 0.00482774
 0.00930238 0.0148111 0.0217328 0.0298272 0.0387399 0.0479198 0.0565547 0.0637133 0.0686648 0.0711225 0.07123 0.0693689 0.0659802 0.0614771 0.0562175 0.0504914 0.0445183 0.0384598 0.0324424 0.0265842 0.0210186 0.0159035 0.0114105 0.00768897 0.0048203
 0.00928681 0.0150776 0.0226481 0.0318459 0.0422063 0.0528002 0.0622674 0.0692228 0.0728489 0.0732144 0.0710718 0.0673562 0.0627905 0.0577808 0.0525104 0.0470652 0.041509 0.0359107 0.0303498 0.0249217 0.0197466 0.0149729 0.0107646 0.00726739 0.00456372
 0.0089544 0.0145564 0.021921 0.030966 0.0413487 0.0522965 0.0625644 0.0707214 0.0756613 0.0769844 0.0750198 0.0705741 0.0646192 0.0580396 0.0514653 0.045214 0.039349 0.033803 0.0284962 0.0234026 0.0185696 0.0141079 0.0101638 0.00687555 0.00432567
 0.00878639 0.014272 0.0214731 0.0303073 0.0404507 0.051183 0.0613529 0.0696503 0.0750682 0.0772112 0.0762586 0.0727235 0.0672549 0.060552 0.053306 0.0461051 0.0393372 0.0331588 0.0275511 0.0224251 0.0177194 0.0134483 0.00969578 0.0065689 0.00414002
 0.0087506 0.014205 0.0213548 0.0301101 0.0401423 0.050733 0.0607458 0.0689035 0.0742536 0.076472 0.0758001 0.0727603 0.0679152 0.0617841 0.0548557 0.0476 0.0404415 0.0337051 0.0275738 0.0220949 0.0172391 0.012975 0.0093134 0.00630004 0.00397118
 0.00869503 0.0141205 0.0212377 0.0299593 0.0399565 0.0505073 0.0604705 0.0685665 0.0738482 0.0760101 0.0753287 0.0723713 0.0677346 0.0619308 0.0553778 0.0484263 0.041388 0.0345466 0.0281405 0.0223346 0.0172116 0.0127964 0.00909432 0.0061102 0.00383669
 0.00868066 0.0140917 0.0211848 0.0298708 0.039823 0.0503265 0.0602504 0.0683227 0.0735968 0.0757601 0.0750826 0.0721356 0.0675351 0.0618203 0.0554233 0.0486745 0.0418278 0.0350953 0.0286722 0.0227362 0.0174301 0.0128489 0.00904163 0.00601828 0.00375061
 0.00867114 0.0140759 0.02116 0.0298335 0.0397681 0.050248 0.0601427 0.068183 0.0734282 0.0755724 0.0748901 0.0719532 0.0673768 0.0617023 0.0553691 0.0487136 0.041982 0.0353588 0.0290011 0.0230606 0.0176845 0.0130003 0.0090971 0.00601081 0.00371693
 0.00865499 0.0140525 0.02113 0.0297989 0.0397318 0.0502115 0.0601051 0.0681405 0.0733752 0.0755033 0.0748025 0.0718493 0.0672648 0.0615955 0.0552849 0.0486719 0.0420018 0.0354504 0.0291569 0.0232521 0.0178707 0.0131453 0.00918451 0.00604631 0.00371916
 0.00865721 0.0140517 0.021121 0.0297748 0.0396865 0.0501437 0.0600201 0.06805 0.0732919 0.0754362 0.0747528 0.0718123 0.0672333 0.0615652 0.0552575 0.0486558 0.0420095 0.0354939 0.0292407 0.0233683 0.0179998 0.0132631 0.00927274 0.00609923 0.00374267
 0.00865232 0.0140486 0.0211247 0.0297919 0.0397216 0.0501955 0.060079 0.0681001 0.0733177 0.075429 0.0747142 0.0717511 0.0671604 0.0614889 0.0551831 0.0485882 0.0419556 0.0354619 0.0292378 0.0233955 0.0180499 0.0133225 0.0093268 0.00613849 0.00376516
 0.00863899 0.0140273 0.0210938 0.0297512 0.0396736 0.0501463 0.0600382 0.0680777 0.0733195 0.0754529 0.0747499 0.0717852 0.0671824 0.061495 0.0551757 0.0485732 0.0419398 0.0354522 0.0292402 0.0234135 0.0180823 0.0133634 0.0093677 0.00617205 0.00378791
 0.00863552 0.0140189 0.0210761 0.0297186 0.0396212 0.0500726 0.0599475 0.067981 0.073232 0.0753901 0.0747224 0.0717948 0.0672223 0.0615524 0.0552373 0.0486293 0.0419869 0.0354917 0.0292761 0.0234499 0.0181211 0.0134033 0.0094053 0.00620329 0.00381047
 0.00866233 0.0140603 0.0211341 0.0297927 0.0397072 0.0501621 0.060028 0.0680376 0.0732527 0.0753699 0.0746665 0.0717167 0.067138 0.061475 0.0551731 0.0485786 0.0419464 0.0354587 0.0292499 0.0234317 0.0181121 0.0134031 0.00941156 0.00621247 0.00381931
 0.00862672 0.0140123 0.0210801 0.0297445 0.039679 0.0501645 0.0600631 0.0680984 0.0733249 0.0754373 0.0747152 0.0717397 0.0671358 0.0614547 0.0551446 0.048551 0.0419248 0.0354444 0.0292419 0.0234287 0.0181133 0.0134081 0.00941909 0.00622095 0.00382704
 0.00862672 0.0140123 0.0210801 0.0297445 0.039679 0.0501645 0.0600631 0.0680984 0.0733249 0.0754373 0.0747152 0.0717397 0.0671358 0.0614547 0.0551446 0.048551 0.0419248 0.0354444 0.0292419 0.0234287 0.0181133 0.0134081 0.00941909 0.00622095 0.00382704
 0.00861469 0.013988 0.0210353 0.029671 0.0395723 0.0500301 0.0599196 0.0679742 0.073248 0.0754235 0.0747622 0.0718291 0.0672428 0.0615578 0.0552316 0.048619 0.0419771 0.035486 0.0292768 0.0234589 0.0181397 0.0134307 0.00943785 0.0062358 0.00383802
 0.00880031 0.0142806 0.021457 0.0302309 0.0402599 0.0508068 0.0607146 0.0686924 0.0737932 0.0757269 0.0748006 0.071624 0.0668449 0.0610277 0.0546277 0.0479915 0.0413674 0.0349259 0.0287882 0.0230538 0.0178209 0.0131934 0.00927179 0.0061273 0.00377237
 0.00878687 0.0142818 0.021501 0.030358 0.0405113 0.0512071 0.0612559 0.0693283 0.0744469 0.0763093 0.0752316 0.0718497 0.0668474 0.0608251 0.0542647 0.0475255 0.0408552 0.0344162 0.0283178 0.0226473 0.0174907 0.0129417 0.00909246 0.00600845 0.00369957
 0.00884469 0.0143645 0.0216059 0.0304793 0.0406464 0.0513648 0.0614581 0.0696024 0.0748078 0.0767429 0.0756883 0.0722557 0.0671276 0.0609273 0.0541733 0.0472621 0.0404677 0.0339633 0.0278555 0.0222198 0.0171269 0.0126549 0.00888279 0.00586674 0.0036114
 0.00878872 0.0142821 0.0214978 0.0303512 0.0405074 0.0512247 0.0613285 0.0694992 0.0747559 0.0767734 0.0758283 0.072512 0.0674744 0.0613075 0.0545157 0.0475057 0.0405811 0.0339497 0.0277451 0.0220548 0.0169479 0.012492 0.00875248 0.00577334 0.00355099
 0.00897072 0.0145577 0.0218741 0.0308199 0.0410451 0.0517957 0.061886 0.0699892 0.0751244 0.0769803 0.07586 0.0723862 0.067233 0.0609995 0.0541788 0.0471565 0.040219 0.0335704 0.0273528 0.0216669 0.0165895 0.0121865 0.00851395 0.00560333 0.00344069
 0.00920641 0.0149488 0.0224745 0.0316764 0.0421777 0.0531709 0.0633977 0.0714652 0.0763669 0.0778215 0.0762062 0.0722314 0.0666448 0.0600919 0.0530817 0.0459897 0.0390746 0.032507 0.0264018 0.0208438 0.0159027 0.0116399 0.00810409 0.00531737 0.00325689
 0.00904533 0.0147171 0.0221841 0.0313644 0.0419043 0.0530107 0.0634259 0.0717373 0.076895 0.0785566 0.0770398 0.0730237 0.0672674 0.0604639 0.0531851 0.0458603 0.0387788 0.0321175 0.0259803 0.0204347 0.0155349 0.0113306 0.00786149 0.00514124 0.00313964
 0.00897125 0.0145699 0.021916 0.0309224 0.0412532 0.0521657 0.0624757 0.070839 0.0762325 0.0782803 0.0772163 0.0736159 0.0681511 0.061469 0.0541453 0.0466543 0.0393491 0.0324654 0.0261457 0.020472 0.015496 0.0112565 0.00778055 0.00507042 0.00308637
 0.00877842 0.0142564 0.021444 0.0302564 0.0403674 0.0510569 0.0611813 0.0694504 0.0748959 0.0771781 0.0765297 0.0734775 0.0686014 0.0624378 0.0554691 0.0481239 0.0407674 0.0336911 0.0271103 0.0211709 0.0159654 0.0115494 0.00795007 0.00516069 0.00313009
 0.00891919 0.0144527 0.021678 0.030487 0.0405371 0.0511035 0.0610507 0.0691071 0.0743325 0.0764264 0.0756695 0.0726332 0.0679193 0.0620461 0.055435 0.0484295 0.0413174 0.0343503 0.0277499 0.0217031 0.0163546 0.0118024 0.00809642 0.00523568 0.0031635
 0.00887939 0.0144118 0.0216587 0.0305204 0.0406481 0.0512909 0.0612737 0.0692902 0.0743896 0.0762935 0.0753294 0.0721232 0.0673236 0.0614768 0.0550053 0.0482219 0.0413588 0.034604 0.0281324 0.0221172 0.0167222 0.012082 0.00828235 0.00534462 0.00321988
 0.00876803 0.0142314 0.0213908 0.0301549 0.0401926 0.0507808 0.0607746 0.0688834 0.0741415 0.0762243 0.0754024 0.072265 0.0674624 0.0615766 0.055078 0.0483147 0.0415255 0.034875 0.0284983 0.0225331 0.0171276 0.0124261 0.00853911 0.0055143 0.00331963
 0.00871423 0.0141388 0.0212418 0.02993 0.0398753 0.0503658 0.0602775 0.0683462 0.0736298 0.0758129 0.0751538 0.0722069 0.0675781 0.0618133 0.0553732 0.0486238 0.0418349 0.0351944 0.0288401 0.0228937 0.0174838 0.0127453 0.00879489 0.0056966 0.00343509
