SBPRF35
7.78865
Curr Bio
524378
B35
640560
F35
0.221529
FOFL
0.192546
OFL
82847.3
Bzero
2.22533e+006
#pred survey bio
 3.75194e+006 3.27332e+006 2.91816e+006 2.58447e+006 2.27531e+006 2.00319e+006 1.75488e+006 1.53614e+006 1.31658e+006 1.1552e+006 1.03215e+006 919472 848318 785046 728340 702919 672229 656689 636129 619358 601417 588545 585994 581293 589477 584471 586737 584801 577615 563555 551425 539934 530429 519669 522484 529539 533238 545500 548300 568677 576610 575542 578100 577331 583589 576675 573046 538300 529102 529225 519285 516290 523654 514863 505246 513823 539502 573703 567376 550686 527119 508738 526593 1.97034e+007 1.23883e+007 1.29929e+007 1.37322e+007 1.44992e+007 1.51995e+007 1.5789e+007 1.6259e+007 1.66202e+007 1.6891e+007 1.70908e+007 1.72369e+007 1.73434e+007 1.74209e+007 1.74775e+007 1.7519e+007 1.75496e+007 1.75722e+007 1.75891e+007 1.76018e+007 1.76113e+007 1.76185e+007 1.7624e+007 1.76281e+007 1.76313e+007 1.76338e+007 1.76356e+007 1.76371e+007 1.76382e+007 1.7639e+007 1.76397e+007 1.76402e+007 1.76406e+007 1.76409e+007 1.76411e+007 1.76413e+007 1.76414e+007 1.76415e+007 1.76416e+007 1.76417e+007 1.76417e+007 1.76418e+007 1.76418e+007 1.76418e+007 1.76418e+007 1.76418e+007 1.76419e+007 1.76419e+007 1.76419e+007 1.76419e+007 1.76419e+007 1.76419e+007 1.76419e+007 1.76419e+007 1.76419e+007 1.76419e+007 1.76419e+007 1.76419e+007 1.76419e+007 1.76419e+007 1.76419e+007 1.76419e+007 1.76419e+007 1.76419e+007 1.76419e+007 1.76419e+007 1.76419e+007 1.76419e+007 1.76419e+007 1.76419e+007 1.76419e+007 1.76419e+007 1.76419e+007 1.76419e+007 1.76419e+007 1.76419e+007 1.76419e+007 1.76419e+007 1.76419e+007 1.76419e+007 1.76419e+007 1.76419e+007 1.76419e+007 1.76419e+007 1.76419e+007 1.76419e+007 1.76419e+007 1.76419e+007 1.76419e+007 1.76419e+007 1.76419e+007 1.76419e+007 1.76419e+007 1.76419e+007 1.76419e+007 1.76419e+007 1.76419e+007 1.76419e+007 1.76419e+007 1.76419e+007 0 0 0 0 0 0 0 0 0 0 0 0 0 0 0 0 0 0 0 0 0 0 0 0 0
#obs survey bio
 4.12599e+006 1.65374e+006 3.24582e+006 2.68192e+006 1.87086e+006 1.49696e+006 1.16497e+006 1.10088e+006 1.05824e+006 997523 793064 779191 944480 712108 628760 701790 609314 800474 469250 667550 671658 610352 483847 464999 618018 365218 616055 602474 592752 421892 541028 675118 663363 332973 581574 488084 569577 534117 578244 747327 605734 688101 587724 406322 554246 791789 488828 585404 512566 635734 401299 587048 497276 433388 541577 424574 567747 704540 614646 550722 560407 423693 617139
#pred catch bio
 349145 272975 288331 297597 291644 292831 283959 297041 253875 226230 221088 186947 179612 171298 141880 143287 127238 128311 121740 119134 111517 101032 102480 92277.9 103573 96116.3 97217 98316.3 100271 94534.2 90321.5 87600.8 91761.6 84709 84074.7 88276.7 82300.6 91547.4 78410.8 90375.9 97698.4 93539.2 95754.4 90358 101218 97007.2 121505 98780.7 91212.8 99441.4 93258.4 84846.2 98370.9 99177.3 85489.6 73354.7 67566.5 100911 108900 116278 115100 90117.6 80543.7 82847.3 98245.4 102148 107013 112379 117295 121339 124448 126726 128337 129447 130195 130691 131016 131226 131362 131448 131503 131538 131560 131573 131582 131587 131591 131593 131594 131595 131596 131596 131596 131596 131596 131596 131596 131596 131596 131596 131596 131596 131596 131596 131596 131596 131596 131596 131596 131596 131596 131596 131596 131596 131596 131596 131596 131596 131596 131596 131596 131596 131596 131596 131596 131596 131596 131596 131596 131596 131596 131596 131596 131596 131596 131596 131596 131596 131596 131596 131596 131596 131596 131596 131596 131596 131596 131596 131596 131596 131596 131596 131596 131596 131596 131596 131596 131596 131596 131596 131596 131596 131596 0 0 0 0 0 0 0 0 0 0 0 0 0 0 0 0 0 0 0 0 0 0 0 0 0
#obs catch bio
 256393 274009 290536 300098 294911 296792 288400 303357 258764 229654 226303 191129 183163 174824 144288 145653 128908 129783 123190 120416 112133 101372 103077 92891.5 104870 97514.3 97996.2 98744.1 100789 94857.2 90586.6 87563.6 91866.8 85070.4 83780.2 88151.2 81842.4 91608 78195.4 90450.8 97809.3 93290.3 95076.5 90043.9 101627 96156.9 121362 98383.8 90615.5 98986.8 93016.8 84267.1 97733.2 98714 85437 73514.5 67221.9 100386 107633 114988 114516 89794.9 80433.3
#pred cpue bio
 3.69027e+006 3.21484e+006 2.86116e+006 2.52882e+006 2.22158e+006 1.95123e+006 1.70485e+006 1.4881e+006 1.27115e+006 1.11176e+006 990091 878835 808880 747314 692359 668035 638703 624084 604581 588747 571903 559841 557464 552688 560447 555703 558464 557400 551131 538091 526974 516325 506473 494292 495973 502862 506629 518484 521003 540628 548358 547561 550411 549646 555463 548945 545748 511807 502541 502666 493089 490116 497337 488781 478971 486850 511979 545959 540164 523190 498886 479581 495754 1.8586e+007 1.17168e+007 1.22707e+007 1.29491e+007 1.36969e+007 1.43932e+007 1.49821e+007 1.5452e+007 1.58132e+007 1.60839e+007 1.62837e+007 1.64299e+007 1.65363e+007 1.66139e+007 1.66705e+007 1.6712e+007 1.67425e+007 1.67652e+007 1.67821e+007 1.67947e+007 1.68043e+007 1.68115e+007 1.68169e+007 1.68211e+007 1.68243e+007 1.68267e+007 1.68286e+007 1.683e+007 1.68311e+007 1.6832e+007 1.68326e+007 1.68331e+007 1.68335e+007 1.68338e+007 1.68341e+007 1.68342e+007 1.68344e+007 1.68345e+007 1.68346e+007 1.68346e+007 1.68347e+007 1.68347e+007 1.68348e+007 1.68348e+007 1.68348e+007 1.68348e+007 1.68348e+007 1.68348e+007 1.68348e+007 1.68348e+007 1.68349e+007 1.68349e+007 1.68349e+007 1.68349e+007 1.68349e+007 1.68349e+007 1.68349e+007 1.68349e+007 1.68349e+007 1.68349e+007 1.68349e+007 1.68349e+007 1.68349e+007 1.68349e+007 1.68349e+007 1.68349e+007 1.68349e+007 1.68349e+007 1.68349e+007 1.68349e+007 1.68349e+007 1.68349e+007 1.68349e+007 1.68349e+007 1.68349e+007 1.68349e+007 1.68349e+007 1.68349e+007 1.68349e+007 1.68349e+007 1.68349e+007 1.68349e+007 1.68349e+007 1.68349e+007 1.68349e+007 1.68349e+007 1.68349e+007 1.68349e+007 1.68349e+007 1.68349e+007 1.68349e+007 1.68349e+007 1.68349e+007 1.68349e+007 1.68349e+007 1.68349e+007 1.68349e+007 1.68349e+007 1.68349e+007 1.68349e+007 0 0 0 0 0 0 0 0 0 0 0 0 0 0 0 0 0 0 0 0 0 0 0 0 0
#obs cpue bio
 2.67528e+006 2.10203e+006 2.26116e+006 2.34846e+006 1.81118e+006 2.11875e+006 1.82044e+006 1.57234e+006 1.1658e+006 1.25178e+006 711153 641345 691768 637055 550740 656679 568643 534971 624089 520923 625257 519174 589854 451054 408166 503629 801445 655606 502848 723190 526937 508878 408408 515739 832390 522750 593848 422362 476936 385580 532216 567793 889428 545479 399374 869863 530094 481577 665869 448982 563654 562575 642449 558463 336064 437196 734019 717208 713329 569742 393080 499872 359461
#pred surv len freq
 0.00507172 0.00822529 0.0123645 0.01747 0.0234278 0.0299493 0.0365336 0.0425763 0.0475843 0.051331 0.0538528 0.0553395 0.0560281 0.0561391 0.0558433 0.0552469 0.0543957 0.0532854 0.05185 0.0499198 0.0471907 0.0432846 0.0379431 0.031275 0.0238721
 0.0055894 0.00900001 0.0134106 0.0187688 0.0249493 0.0316775 0.0384708 0.0447138 0.049852 0.0535626 0.055797 0.0567246 0.0566509 0.0559336 0.0548964 0.0537573 0.0525992 0.0513772 0.0499348 0.0480096 0.0452506 0.0413023 0.0359782 0.0294549 0.0223387
 0.00581024 0.00940136 0.0140889 0.0198299 0.0264723 0.0336668 0.0408251 0.0472423 0.0523389 0.0558355 0.0577491 0.0582806 0.0577183 0.0563944 0.0546511 0.0527864 0.050992 0.0493052 0.0475889 0.0455439 0.0427674 0.0388783 0.0337024 0.0274397 0.0206911
 0.00609031 0.00983527 0.014707 0.0206593 0.0275475 0.0350373 0.0425436 0.04933 0.0547417 0.0584006 0.0602463 0.0604618 0.0593791 0.0574005 0.0549283 0.0523051 0.0497697 0.0474225 0.0451909 0.0428173 0.0399073 0.0360675 0.0311059 0.0251992 0.018906
 0.00638414 0.0103111 0.0154185 0.0216521 0.0288484 0.03664 0.0444004 0.0513595 0.0568523 0.0605117 0.0622857 0.0623415 0.0609748 0.0585587 0.0554986 0.0521755 0.0488894 0.0458105 0.0429395 0.0400877 0.0369138 0.0330503 0.0282974 0.0227889 0.0170096
 0.0066568 0.0107517 0.0160775 0.0225766 0.0300754 0.0381841 0.0462378 0.0534178 0.0590154 0.0626411 0.0642491 0.064034 0.0623226 0.0595033 0.0559762 0.0521088 0.0482024 0.0444596 0.0409453 0.0375548 0.0340307 0.0300651 0.025473 0.020349 0.0150918
 0.00693514 0.0112013 0.0167491 0.0235166 0.0313182 0.0397404 0.0480799 0.0554723 0.0611691 0.0647577 0.0661892 0.0656729 0.0635636 0.0602841 0.0562631 0.051881 0.0474377 0.0431361 0.0390652 0.0351782 0.0312994 0.0271981 0.0227276 0.017958 0.013206
 0.00716788 0.0115851 0.0173369 0.0243618 0.0324652 0.041208 0.0498445 0.0574594 0.0632616 0.0668156 0.0680712 0.0672534 0.0647435 0.0609966 0.0564734 0.051579 0.0466268 0.0418259 0.037277 0.0329668 0.0287791 0.0245516 0.0201813 0.0157284 0.01144
 0.00752513 0.0121512 0.018162 0.0254843 0.0339066 0.0429645 0.0518741 0.0596729 0.0655265 0.0689732 0.069961 0.0687366 0.0657207 0.0614161 0.0563283 0.0508951 0.0454467 0.0401978 0.0352539 0.03062 0.026218 0.0219356 0.017705 0.0135792 0.00974561
 0.00791845 0.0127574 0.0190128 0.0265884 0.0352513 0.0445186 0.0535874 0.0614745 0.0673274 0.0706749 0.0714648 0.0699499 0.0665622 0.061823 0.0562634 0.0503509 0.0444432 0.038776 0.0334721 0.028556 0.0239793 0.0196641 0.0155662 0.0117289 0.00828906
 0.00817579 0.013183 0.0196651 0.0275216 0.0364989 0.0460703 0.0553707 0.0633572 0.0691476 0.0722844 0.07276 0.0708779 0.0671064 0.0619833 0.0560434 0.0497558 0.0434841 0.0374768 0.0318752 0.0267285 0.0220175 0.0176929 0.0137259 0.0101475 0.00705023
 0.00832951 0.013451 0.0201029 0.0281937 0.0374668 0.0473704 0.0569891 0.0652142 0.0711007 0.0741507 0.0743522 0.0720436 0.0677581 0.0621067 0.0556824 0.048983 0.0423742 0.0360948 0.0302798 0.024984 0.0202059 0.0159169 0.0120985 0.00876897 0.00598203
 0.00834589 0.013479 0.0201497 0.0282736 0.0376059 0.0476111 0.0573876 0.0658277 0.0719632 0.0752471 0.0756041 0.0733175 0.0688949 0.0629621 0.0561598 0.0490471 0.0420439 0.0354231 0.0293359 0.0238448 0.0189566 0.0146527 0.0109177 0.00775696 0.00519213
 0.00841344 0.0135848 0.0203014 0.0284752 0.0378576 0.0479091 0.0577264 0.0662041 0.0723819 0.0757222 0.0761508 0.0739346 0.0695479 0.0635788 0.0566451 0.0493107 0.0420265 0.03511 0.0287549 0.0230559 0.0180397 0.0136975 0.010013 0.00697669 0.00458157
 0.00849238 0.0137124 0.0204916 0.0287395 0.0382013 0.0483267 0.0581971 0.0666923 0.0728456 0.0761256 0.0764764 0.0741868 0.0697453 0.0637382 0.0567648 0.0493634 0.0419674 0.0348964 0.0283664 0.0225054 0.0173729 0.0129823 0.00932348 0.00637641 0.00410991
 0.00846123 0.0136544 0.0203919 0.0285825 0.0379787 0.0480469 0.0578924 0.0664162 0.0726582 0.0760749 0.0765842 0.0744462 0.0701281 0.0642047 0.0572699 0.0498582 0.042399 0.0352123 0.028525 0.0224892 0.0171966 0.0126902 0.00897733 0.00603773 0.00382411
 0.00849354 0.0137069 0.0204696 0.0286875 0.0381058 0.0481806 0.0580068 0.0664818 0.0726551 0.0760055 0.076476 0.074342 0.0700687 0.0642144 0.0573511 0.049993 0.0425554 0.0353504 0.0286054 0.0224826 0.0170936 0.0125059 0.00874647 0.00580236 0.00361951
 0.00846688 0.0136584 0.0203881 0.0285608 0.0379263 0.0479516 0.0577463 0.06622 0.0724253 0.0758336 0.0763762 0.0743199 0.0701273 0.0643554 0.0575714 0.0502788 0.0428796 0.0356753 0.0288897 0.0226915 0.0172075 0.0125263 0.00869434 0.00571008 0.00351933
 0.00845204 0.0136416 0.0203754 0.0285606 0.0379443 0.0479849 0.0577807 0.0662339 0.0723996 0.0757619 0.0762686 0.0741984 0.0700174 0.0642792 0.0575442 0.0503079 0.0429622 0.0357971 0.0290262 0.0228136 0.0172906 0.0125582 0.00867864 0.0056626 0.00346024
 0.00836039 0.0135053 0.0201944 0.0283447 0.037712 0.0477605 0.0575898 0.0660984 0.0723315 0.075759 0.0763159 0.0742757 0.0701087 0.0643787 0.057655 0.0504366 0.0431125 0.0359656 0.0292012 0.0229773 0.0174243 0.0126491 0.00872458 0.00567184 0.00344712
 0.00843978 0.0136033 0.0202854 0.0283874 0.0376636 0.0475967 0.057321 0.0657699 0.0720073 0.0754982 0.0761541 0.0742189 0.0701398 0.0644698 0.0577796 0.0505768 0.04326 0.0361171 0.0293526 0.0231206 0.0175486 0.0127445 0.00878634 0.00570278 0.0034557
 0.00860206 0.0138408 0.020592 0.0287358 0.0380062 0.0478733 0.0574691 0.0657406 0.0717836 0.0751087 0.0756708 0.0737353 0.0697379 0.0641957 0.0576384 0.0505446 0.0433022 0.0362022 0.0294574 0.0232291 0.0176487 0.0128269 0.00884595 0.00573931 0.00347341
 0.00873777 0.0140434 0.0208624 0.0290607 0.0383586 0.0482146 0.0577529 0.0659166 0.0718075 0.0749561 0.07535 0.0732913 0.0692444 0.0637341 0.0572743 0.0503108 0.0431964 0.0361975 0.0295173 0.0233198 0.0177449 0.0129124 0.00891221 0.00578436 0.00349988
 0.00879265 0.0141444 0.021035 0.0293328 0.0387497 0.0487211 0.0583357 0.0665022 0.0723041 0.0752786 0.0754424 0.0731396 0.068877 0.0632151 0.0566879 0.0497419 0.0427101 0.0358277 0.0292666 0.023169 0.0176656 0.0128774 0.00890055 0.00578241 0.00350046
 0.00860529 0.0138695 0.020678 0.0289217 0.0383326 0.0483578 0.0580871 0.066418 0.0724082 0.0755565 0.0758393 0.0735744 0.0692679 0.0635042 0.0568553 0.0498043 0.042708 0.0358059 0.0292586 0.0231889 0.0177102 0.0129341 0.00895569 0.00582705 0.00353147
 0.00839953 0.0135681 0.0202867 0.0284695 0.037867 0.0479343 0.0577607 0.0662356 0.072402 0.0757358 0.0761836 0.0740329 0.0697689 0.0639723 0.0572302 0.0500555 0.0428388 0.0358462 0.0292495 0.0231668 0.0176973 0.0129366 0.0089697 0.00584496 0.00354735
 0.00820331 0.0132482 0.019806 0.0277999 0.0370029 0.0469112 0.0566673 0.0652076 0.0715914 0.0752673 0.0761208 0.0743667 0.0704284 0.0648468 0.0581953 0.0509974 0.0436739 0.036531 0.029778 0.0235589 0.0179824 0.0131421 0.0091157 0.00594521 0.00361227
 0.0081036 0.013084 0.0195543 0.0274359 0.0365035 0.0462617 0.0558733 0.0643069 0.0706609 0.0744182 0.0754786 0.0740402 0.070477 0.0652616 0.0589025 0.0518815 0.0446097 0.0374123 0.0305357 0.0241635 0.0184367 0.0134671 0.00933817 0.00609074 0.00370239
 0.00799754 0.0129246 0.0193379 0.0271657 0.0361853 0.0458987 0.0554628 0.0638438 0.0701454 0.0738669 0.0749334 0.073569 0.0701623 0.0651774 0.0590873 0.0523211 0.045239 0.0381354 0.0312545 0.0248023 0.018954 0.0138537 0.00960718 0.00626582 0.00380895
 0.00790212 0.0127791 0.0191374 0.026913 0.0358912 0.0455805 0.0551421 0.0635414 0.0698743 0.0736272 0.0747148 0.0733622 0.0699745 0.0650402 0.0590497 0.0524286 0.04551 0.0385486 0.0317536 0.0253163 0.0194196 0.0142316 0.00988526 0.0064527 0.00392415
 0.00791833 0.0127813 0.0190969 0.0267899 0.0356473 0.0451983 0.0546398 0.0629741 0.069318 0.0731541 0.0743721 0.0731641 0.0699079 0.06508 0.059176 0.0526356 0.0458019 0.0389257 0.0321988 0.0257918 0.0198767 0.0146268 0.0101931 0.00666933 0.00406215
 0.0086191 0.0137697 0.0203037 0.0280523 0.0367499 0.0459425 0.0549042 0.0627383 0.0686508 0.072184 0.0732543 0.0720485 0.0689112 0.06427 0.0585725 0.0522272 0.0455651 0.0388369 0.0322341 0.0259216 0.0200634 0.0148293 0.0103767 0.00681324 0.00416128
 0.00926425 0.0147949 0.021793 0.0300422 0.0391922 0.0486634 0.0575879 0.0649719 0.0700406 0.0724933 0.0724842 0.0704177 0.0667567 0.061933 0.0563203 0.0502259 0.0438917 0.0375069 0.0312282 0.0252026 0.0195835 0.0145347 0.0102129 0.0067321 0.00412609
 0.00912999 0.0147009 0.0218813 0.0305213 0.0402817 0.0505023 0.060147 0.068016 0.0731618 0.0752039 0.074339 0.0711301 0.0662728 0.0604313 0.0541379 0.0477454 0.0414418 0.0353103 0.0293995 0.0237723 0.0185285 0.013802 0.00973614 0.00644303 0.00396364
 0.0088457 0.0142509 0.0212363 0.0296886 0.0393342 0.0496066 0.0595631 0.0680404 0.0740131 0.0768996 0.0766398 0.073596 0.0684089 0.0618524 0.0546766 0.0474671 0.0405771 0.03415 0.0282015 0.022711 0.0176878 0.0131952 0.00933383 0.0061977 0.00382627
 0.00876561 0.0140993 0.0209686 0.0292507 0.0386776 0.048716 0.0584886 0.06692 0.073068 0.0763904 0.0767841 0.0744733 0.0698984 0.0636502 0.0563965 0.0487792 0.0413133 0.0343287 0.0279749 0.0222775 0.0172174 0.0127931 0.0090406 0.00600953 0.00371858
 0.00884607 0.0142125 0.0211041 0.0293818 0.0387615 0.0486974 0.0583097 0.0665383 0.0724824 0.0756673 0.076066 0.0739511 0.0697484 0.0639551 0.057096 0.0496823 0.0421748 0.0349492 0.0282688 0.0222789 0.0170337 0.0125424 0.00880842 0.00583594 0.00360793
 0.00882992 0.0141909 0.0210798 0.0293582 0.038739 0.0486684 0.0582546 0.0664269 0.0722818 0.075357 0.0756561 0.0734964 0.0693477 0.0637274 0.0571342 0.0500056 0.0427087 0.0355511 0.0287897 0.022624 0.0171871 0.012551 0.00874197 0.00575267 0.00353988
 0.00889459 0.0142923 0.0212251 0.0295515 0.0389795 0.0489486 0.0585569 0.0667205 0.0725233 0.075496 0.0756463 0.0733128 0.0690029 0.0632797 0.0566778 0.0496412 0.0425031 0.0355099 0.0288591 0.0227232 0.0172504 0.0125525 0.00869353 0.00568349 0.00347573
 0.0087092 0.0140161 0.0208568 0.0291076 0.038492 0.0484585 0.0581093 0.066361 0.0722922 0.0754185 0.0757236 0.0735181 0.0692882 0.0635928 0.0569823 0.0499286 0.0427883 0.0358117 0.0291787 0.023037 0.0175219 0.012753 0.00881636 0.00574292 0.00349542
 0.00853182 0.0137546 0.0205139 0.0287048 0.0380651 0.0480498 0.0577597 0.0661047 0.0721521 0.0754028 0.075824 0.0737124 0.0695456 0.0638798 0.057269 0.0501946 0.0430273 0.0360297 0.0293854 0.023235 0.0177024 0.0129014 0.00892209 0.00580611 0.00352572
 0.00846305 0.0136407 0.0203398 0.0284585 0.0377444 0.0476704 0.05736 0.0657408 0.0718824 0.0752677 0.075834 0.0738486 0.0697712 0.0641539 0.0575561 0.0504692 0.0432751 0.0362464 0.0295739 0.0234 0.0178456 0.0130199 0.0090119 0.00586624 0.00356025
 0.00863055 0.0138608 0.0205743 0.0286394 0.0377918 0.0475229 0.0570012 0.0652091 0.0712596 0.0746564 0.0753306 0.0735219 0.0696489 0.0642217 0.0577685 0.0507678 0.0436053 0.036568 0.0298633 0.023647 0.0180477 0.0131783 0.00912902 0.00594626 0.00360971
 0.00871916 0.01402 0.0208381 0.0290383 0.0383332 0.0481662 0.0576461 0.0657129 0.0714872 0.0745372 0.0748901 0.0728687 0.0689286 0.063565 0.0572576 0.0504286 0.0434201 0.0364966 0.0298626 0.0236824 0.0180963 0.0132267 0.0091703 0.00597746 0.00363059
 0.00842229 0.013602 0.0203303 0.028515 0.0378957 0.0479134 0.0576433 0.0659699 0.0719498 0.0750961 0.0754105 0.0732352 0.0690872 0.063538 0.057123 0.0502785 0.0433223 0.0364781 0.0299147 0.0237781 0.0182062 0.0133291 0.00925344 0.00603784 0.00367015
 0.0084527 0.0136109 0.0202727 0.0283337 0.0375494 0.0474129 0.0570743 0.065478 0.0716861 0.0751498 0.0757668 0.0737829 0.0696681 0.0640112 0.0574125 0.0503855 0.0433041 0.0364091 0.0298534 0.0237518 0.0182155 0.0133605 0.00929137 0.0060716 0.00369507
 0.00853579 0.0137346 0.0204345 0.0285163 0.0377156 0.0475063 0.0570298 0.0652477 0.0712731 0.0746294 0.0752715 0.0734489 0.0695726 0.0641395 0.0576754 0.0506721 0.0435334 0.0365535 0.0299288 0.0237912 0.018246 0.0133936 0.00932659 0.00610373 0.00371997
 0.00880468 0.0141706 0.0210864 0.0294221 0.0388868 0.048905 0.0585489 0.0667107 0.072466 0.0753578 0.0754219 0.0730253 0.0686921 0.062987 0.0564372 0.0494829 0.0424598 0.0356131 0.0291209 0.0231164 0.0177078 0.0129908 0.00904683 0.00592451 0.00361442
 0.00875616 0.0141065 0.0210192 0.0293776 0.0389037 0.04903 0.0588263 0.0671665 0.0730884 0.0760828 0.0761366 0.0735958 0.0690081 0.0630013 0.0561795 0.0490388 0.0419315 0.0350839 0.0286404 0.0227065 0.0173753 0.0127356 0.00886398 0.00580382 0.00354172
 0.00871779 0.0140323 0.0208871 0.0291639 0.0385939 0.0486347 0.0583934 0.0667791 0.0728451 0.0760657 0.0763794 0.074067 0.069616 0.0636211 0.0566945 0.0493771 0.0420809 0.0350805 0.0285422 0.022568 0.0172349 0.0126145 0.0087708 0.00573908 0.00350114
 0.00882447 0.0141956 0.0211124 0.0294454 0.0389115 0.0489523 0.0586622 0.0669489 0.0728837 0.0759779 0.076211 0.0738876 0.0694871 0.0635685 0.0566987 0.049388 0.0420465 0.0349722 0.0283644 0.0223499 0.0170131 0.0124188 0.00861726 0.00563057 0.00343176
 0.00878295 0.0141442 0.0210645 0.0294229 0.0389383 0.0490435 0.0588144 0.0671376 0.0730692 0.0761183 0.076278 0.073878 0.0694253 0.0634947 0.0566494 0.0493771 0.0420606 0.0349818 0.0283428 0.0222876 0.0169195 0.0123141 0.00852101 0.00555484 0.00337963
 0.00878284 0.0141202 0.0209862 0.029252 0.0386443 0.0486255 0.0583156 0.0666403 0.0726674 0.0758826 0.0762324 0.0740003 0.0696664 0.0638031 0.0569866 0.0497198 0.0423927 0.0352863 0.0286003 0.0224824 0.0170472 0.0123832 0.00854854 0.00555909 0.00337458
 0.00905049 0.0145247 0.0215356 0.0299272 0.0393965 0.0493788 0.0589742 0.0671058 0.0728665 0.0757944 0.0758973 0.0735015 0.0690961 0.063234 0.0564619 0.0492594 0.0420033 0.0349674 0.0283459 0.0222817 0.016888 0.0122559 0.00844817 0.00548347 0.00332178
 0.00916746 0.0147331 0.021881 0.0304583 0.0401475 0.0503432 0.0600838 0.0682299 0.0738399 0.0764631 0.076162 0.0733425 0.0685708 0.0624533 0.0555541 0.0483383 0.0411495 0.0342256 0.0277326 0.0217946 0.0165147 0.0119794 0.00825082 0.00534903 0.00323547
 0.0089147 0.0143646 0.0214078 0.0299243 0.0396258 0.0499241 0.0598583 0.0682696 0.0741729 0.0770543 0.0769118 0.0741119 0.0692252 0.0629033 0.0557753 0.048363 0.0410416 0.0340527 0.0275469 0.0216272 0.0163782 0.0118751 0.00817487 0.00529602 0.00320033
 0.00858257 0.0138329 0.0206264 0.0288616 0.0382864 0.0483715 0.0582317 0.0667759 0.0730436 0.0764808 0.0769872 0.0748054 0.0703957 0.0643437 0.0572703 0.0497409 0.0422019 0.0349657 0.0282316 0.0221245 0.0167306 0.0121181 0.00833572 0.00539664 0.00325883
 0.00846415 0.0136068 0.0202242 0.0281996 0.0372865 0.0469965 0.0565203 0.0648601 0.0711367 0.0748388 0.0758554 0.0743618 0.0707055 0.0653401 0.0587729 0.0515073 0.0439928 0.036597 0.0295984 0.0231951 0.0175235 0.0126762 0.00870918 0.00563267 0.00339843
 0.00893385 0.0143077 0.021158 0.0293157 0.0384816 0.0481227 0.0574003 0.0653137 0.0710259 0.0741202 0.0746137 0.0728011 0.0690965 0.0639442 0.0577716 0.0509637 0.0438557 0.0367418 0.0298826 0.0235031 0.0177869 0.0128705 0.00883745 0.00571016 0.00344166
 0.00937252 0.0150114 0.0221958 0.0307343 0.0402829 0.0502336 0.059648 0.0674314 0.072701 0.0750738 0.0746767 0.0719598 0.0674958 0.061851 0.0555089 0.048831 0.0420634 0.0353805 0.0289353 0.0228873 0.0174024 0.0126326 0.00868881 0.00561699 0.00338466
 0.00973896 0.0156007 0.0230707 0.0319486 0.0418703 0.0521884 0.0619005 0.0698301 0.0750167 0.0770284 0.0759937 0.0724248 0.067013 0.0604771 0.0534469 0.0463821 0.0395521 0.0330794 0.0270157 0.0214092 0.016339 0.0119097 0.00822083 0.00532793 0.00321515
 0.00997482 0.0159833 0.0236452 0.0327574 0.0429455 0.0535398 0.0635011 0.0716063 0.0768497 0.0787639 0.0774562 0.0734358 0.067418 0.0601813 0.0524501 0.0447953 0.0375814 0.030979 0.0250256 0.0197032 0.0150007 0.0109409 0.00756955 0.00491968 0.00297637
 0.00947036 0.0152594 0.0227359 0.0317608 0.0420035 0.0528022 0.0630934 0.0716136 0.0773113 0.0796682 0.078733 0.0749531 0.0689919 0.0616032 0.0535282 0.0454013 0.0376846 0.0306516 0.0244152 0.0189821 0.0143152 0.0103806 0.00716435 0.00465616 0.00282069
#obs surv len freq
 0.00496768 0.00813922 0.0123843 0.0177176 0.024013 0.0309035 0.0377603 0.0438566 0.0486389 0.0519046 0.0537729 0.0545313 0.0545026 0.0539871 0.0532469 0.0524958 0.0518783 0.0514283 0.051007 0.0502455 0.048562 0.0453264 0.0401618 0.0332367 0.0253317
 0.00518917 0.00849816 0.0129227 0.0184744 0.0250182 0.0321673 0.039262 0.0455384 0.0504121 0.0536635 0.0554084 0.0559397 0.0555903 0.0546732 0.0534679 0.0522108 0.0510748 0.0501291 0.0492748 0.0481854 0.0463191 0.0430738 0.0380768 0.0314668 0.0239632
 0.00542831 0.0088895 0.0135162 0.019318 0.0261474 0.0335909 0.0409474 0.0474078 0.0523557 0.0555618 0.0571514 0.0574342 0.0567577 0.0554448 0.0537821 0.0520152 0.0503336 0.0488348 0.047463 0.0459481 0.0438095 0.0404947 0.0356488 0.0293814 0.0223376
 0.00566153 0.00927348 0.0141032 0.02016 0.0272865 0.0350436 0.0426875 0.0493606 0.0544075 0.0575816 0.059013 0.0590298 0.0580026 0.0562748 0.0541469 0.0518717 0.0496452 0.0475803 0.0456556 0.0436583 0.0411809 0.0377394 0.0330129 0.027089 0.0205342
 0.00589969 0.00966436 0.0146986 0.021011 0.0284344 0.0365046 0.0444376 0.0513284 0.0564833 0.0596373 0.0609213 0.0606776 0.059297 0.0571445 0.0545394 0.0517486 0.0489767 0.0463476 0.0438652 0.0413669 0.0385184 0.0349125 0.0302759 0.0246836 0.0186256
 0.00612321 0.010031 0.0152567 0.0218081 0.029509 0.0378725 0.0460773 0.0531754 0.0584385 0.061585 0.0627465 0.0622762 0.0605796 0.0580375 0.0549845 0.0517003 0.0484008 0.0452229 0.0421945 0.0391984 0.0359691 0.0321765 0.0275997 0.0223099 0.016727
 0.00637185 0.0104375 0.0158725 0.0226822 0.0306777 0.0393443 0.0478173 0.055101 0.0604323 0.0635186 0.0645024 0.0637591 0.0617179 0.0587787 0.0552897 0.0515387 0.0477466 0.0440584 0.0405216 0.0370594 0.0334704 0.0294984 0.024976 0.0199752 0.0148523
 0.00663982 0.0108734 0.0165288 0.0236073 0.031906 0.040881 0.0496222 0.0570839 0.0624654 0.0654617 0.0662271 0.0651645 0.0627343 0.0593657 0.0554279 0.0512202 0.0469673 0.0428162 0.0388261 0.0349518 0.0310472 0.026923 0.0224624 0.0177405 0.0130563
 0.0068449 0.0112179 0.0170676 0.0243978 0.0329956 0.0422869 0.0513127 0.0589725 0.0644248 0.06735 0.0679132 0.0665419 0.0637274 0.0599284 0.0555402 0.0508805 0.0461843 0.041604 0.0372077 0.0329739 0.0288005 0.0245538 0.0201603 0.0156978 0.0114151
 0.00705578 0.0115602 0.0175825 0.0251243 0.0339653 0.0435135 0.0527792 0.0606233 0.0661684 0.0690713 0.0694902 0.0678621 0.0647001 0.060493 0.0556667 0.0505648 0.0454396 0.0404544 0.0356887 0.031141 0.0267436 0.0224061 0.0180885 0.0138682 0.0099492
 0.0072814 0.0119292 0.018141 0.0259151 0.0350169 0.0448255 0.0543084 0.0622826 0.0678427 0.0706429 0.0708585 0.0689508 0.0654543 0.0608751 0.0556553 0.0501549 0.0446418 0.0392937 0.0342049 0.0293938 0.0248221 0.0204328 0.0162095 0.0122251 0.00864194
 0.00741282 0.0121503 0.0184879 0.0264268 0.0357279 0.0457532 0.0554407 0.0635708 0.0692071 0.0719867 0.0720846 0.0699746 0.0662111 0.0613222 0.0557689 0.0499257 0.0440727 0.0383999 0.0330173 0.0279654 0.0232336 0.018794 0.0146477 0.0108604 0.00755776
 0.00751616 0.0123153 0.0187314 0.0267642 0.0361732 0.0463172 0.0561269 0.0643708 0.0700971 0.0729264 0.0730185 0.0708372 0.0669351 0.0618465 0.0560462 0.049926 0.0437826 0.0378221 0.0321721 0.0268951 0.022007 0.0175056 0.0134071 0.00977052 0.00668952
 0.00759162 0.0124343 0.0189037 0.0269967 0.036469 0.0466751 0.0565407 0.0648306 0.0705919 0.073447 0.0735561 0.0713779 0.067453 0.0623018 0.056389 0.0501051 0.043756 0.0375643 0.0316801 0.0261922 0.021145 0.0165626 0.0124759 0.00893938 0.00602089
 0.00765731 0.0125345 0.0190424 0.0271732 0.0366791 0.0469123 0.0567971 0.065098 0.0708633 0.0737186 0.0738288 0.0716552 0.0677361 0.0625832 0.0566469 0.0503036 0.0438504 0.0375124 0.0314538 0.0257885 0.0205913 0.0159153 0.0118095 0.00832842 0.00552072
 0.00771638 0.0126255 0.0191695 0.0273366 0.0368739 0.0471289 0.0570214 0.0653135 0.0710551 0.0738784 0.0739579 0.0717632 0.0678364 0.0626863 0.0567546 0.0504044 0.0439187 0.0375134 0.0313533 0.0255657 0.02025 0.0154868 0.0113467 0.00788992 0.00515352
 0.00775686 0.0126881 0.0192578 0.0274513 0.0370129 0.0472865 0.0571885 0.0654777 0.0712031 0.0739995 0.0740471 0.0718224 0.0678739 0.0627134 0.0567813 0.050434 0.0439441 0.0375158 0.031307 0.0254477 0.0200508 0.0152182 0.0110406 0.00758817 0.00489332
 0.00783494 0.0128069 0.0194213 0.0276571 0.0372527 0.0475469 0.0574514 0.0657218 0.0714067 0.0741447 0.074124 0.0718308 0.0678224 0.0626172 0.056659 0.0503026 0.0438144 0.0373888 0.0311737 0.0252935 0.0198646 0.0150004 0.0108057 0.00736073 0.00469762
 0.00783953 0.0128179 0.0194441 0.0276986 0.0373188 0.0476393 0.0575657 0.0658475 0.0715305 0.0742548 0.0742126 0.0718943 0.0678598 0.0626295 0.0566488 0.0502744 0.0437732 0.0373376 0.0311112 0.0252143 0.0197625 0.0148743 0.0106634 0.00721733 0.00457
 0.00786916 0.0128569 0.019486 0.0277331 0.0373355 0.047634 0.0575443 0.0658244 0.071522 0.0742716 0.0742555 0.0719552 0.0679269 0.0626917 0.0566983 0.0503071 0.0437883 0.0373355 0.0310922 0.0251774 0.0197065 0.0147999 0.0105757 0.00712616 0.00448673
 0.00787956 0.0128724 0.0195064 0.027756 0.0373558 0.0476438 0.0575341 0.0657873 0.0714585 0.074193 0.0741816 0.0719073 0.0679187 0.0627241 0.0567611 0.0503845 0.0438648 0.0373998 0.0311373 0.0251998 0.0197052 0.0147768 0.010536 0.00707771 0.00443851
 0.00791396 0.0129228 0.019572 0.0278322 0.0374355 0.0477186 0.0575959 0.0658281 0.0714712 0.0741727 0.0741286 0.0718297 0.0678317 0.0626455 0.0567051 0.0503565 0.0438608 0.0374098 0.0311499 0.0252059 0.0196996 0.0147584 0.0105071 0.00704349 0.00440485
 0.00789269 0.0128903 0.019527 0.0277748 0.0373669 0.0476414 0.0575137 0.065746 0.0713958 0.0741113 0.0740871 0.0718116 0.0678376 0.0626748 0.0567563 0.050428 0.0439489 0.0375075 0.0312473 0.0252924 0.019767 0.0148028 0.0105297 0.00704907 0.00440012
 0.00790626 0.0129052 0.0195364 0.0277683 0.0373341 0.0475764 0.0574192 0.0656334 0.071281 0.0740095 0.0740093 0.071763 0.0678194 0.0626854 0.0567926 0.050486 0.044024 0.0375939 0.0313377 0.0253785 0.0198407 0.0148586 0.010566 0.00706828 0.00440706
 0.00788047 0.0128671 0.0194856 0.0277062 0.037262 0.0474939 0.0573239 0.0655232 0.0711583 0.0738839 0.0738969 0.0716819 0.0677831 0.062699 0.0568526 0.0505827 0.0441454 0.0377279 0.0314732 0.0255056 0.0199512 0.0149467 0.0106297 0.00710936 0.0044302
 0.00787223 0.0128462 0.0194408 0.0276237 0.0371305 0.0473115 0.0571029 0.0652888 0.0709403 0.0737068 0.0737746 0.0716187 0.067778 0.062749 0.056953 0.0507257 0.0443193 0.0379183 0.031665 0.0256852 0.0201078 0.0150736 0.0107244 0.00717387 0.00446992
 0.00783045 0.0127836 0.0193559 0.0275176 0.0370043 0.0471649 0.056934 0.0650974 0.0707335 0.0735015 0.0735959 0.0714923 0.0677221 0.0627696 0.0570447 0.0508757 0.044511 0.0381341 0.0318872 0.0258973 0.0202962 0.0152288 0.0108427 0.00725658 0.0045226
 0.00783995 0.0127905 0.0193509 0.0274875 0.0369368 0.0470543 0.0567857 0.0649266 0.0705584 0.0733368 0.0734505 0.071372 0.0676345 0.0627247 0.0570515 0.0509378 0.0446241 0.0382863 0.0320622 0.0260773 0.0204649 0.015374 0.0109571 0.00733899 0.00457659
 0.00779126 0.0127187 0.0192561 0.0273733 0.036808 0.0469135 0.0566323 0.0647596 0.0703816 0.0731621 0.0732962 0.0712576 0.0675737 0.062723 0.0571077 0.0510465 0.0447776 0.038474 0.0322703 0.0262893 0.0206642 0.0155465 0.0110945 0.0074392 0.00464314
 0.00775772 0.0126582 0.0191548 0.0272167 0.0365866 0.0466304 0.0563085 0.0644311 0.0700882 0.0729347 0.0731498 0.0711927 0.067584 0.0628007 0.0572448 0.0512344 0.0450052 0.0387284 0.0325365 0.0265512 0.0209058 0.0157545 0.0112602 0.00756052 0.0047243
 0.00772151 0.0125985 0.0190632 0.0270841 0.0364043 0.046393 0.0560174 0.064099 0.0697407 0.0726081 0.0728835 0.0710197 0.0675219 0.0628491 0.0573896 0.0514539 0.0452767 0.0390302 0.0328485 0.0268545 0.0211833 0.0159922 0.0114495 0.00769962 0.00481785
 0.00930777 0.0148163 0.0217344 0.02982 0.0387189 0.0478827 0.0565035 0.0636539 0.0686052 0.0710702 0.0711907 0.0693476 0.0659807 0.061501 0.0562619 0.0505488 0.0445786 0.0385137 0.0324842 0.0266128 0.0210355 0.0159118 0.0114131 0.00768836 0.00481831
 0.00928816 0.015082 0.0226585 0.0318656 0.0422371 0.05284 0.0623091 0.0692557 0.0728629 0.0732043 0.0710396 0.0673099 0.0627407 0.0577374 0.0524803 0.047051 0.0415091 0.03592 0.0303621 0.0249322 0.0197527 0.0149744 0.0107629 0.00726413 0.00456029
 0.00895583 0.0145566 0.0219176 0.0309561 0.0413305 0.052271 0.0625363 0.0706977 0.0756476 0.0769817 0.0750245 0.0705799 0.0646215 0.0580378 0.0514626 0.0452151 0.0393572 0.0338187 0.0285168 0.0234242 0.0185884 0.0141219 0.0101726 0.00688015 0.00432751
 0.00877585 0.0142563 0.0214518 0.0302809 0.0404198 0.051148 0.0613144 0.0696097 0.0750287 0.0771782 0.0762379 0.0727188 0.067266 0.0605749 0.0533354 0.046137 0.0393699 0.0331922 0.0275848 0.0224577 0.0177487 0.0134723 0.00971339 0.00658045 0.00414675
 0.00872435 0.0141629 0.0212927 0.0300254 0.0400349 0.0506072 0.0606113 0.0687745 0.0741459 0.0763983 0.0757675 0.0727697 0.0679623 0.0618615 0.0549535 0.0477077 0.0405498 0.0338074 0.027666 0.022175 0.017306 0.013028 0.00935289 0.0063272 0.00398827
 0.0086964 0.0141201 0.0212324 0.0299442 0.0399263 0.0504581 0.0604016 0.0684813 0.0737547 0.0759188 0.0752512 0.0723177 0.0677112 0.0619392 0.0554151 0.048486 0.0414617 0.0346258 0.0282178 0.0224048 0.0172716 0.0128447 0.00913067 0.00613561 0.00385301
 0.00867196 0.0140791 0.0211685 0.0298517 0.0398015 0.0503021 0.0602207 0.0682847 0.0735482 0.0757019 0.0750197 0.0720762 0.067489 0.0617956 0.0554245 0.0487017 0.0418765 0.0351583 0.0287413 0.0228038 0.0174906 0.0128989 0.0090799 0.00604534 0.0037682
 0.00866662 0.0140657 0.0211394 0.0297971 0.0397116 0.0501713 0.0600513 0.0680879 0.0733414 0.0755034 0.0748429 0.0719274 0.0673703 0.0617136 0.0553982 0.0487605 0.0420452 0.0354343 0.0290828 0.0231413 0.0177578 0.0130618 0.00914457 0.00604458 0.00373897
 0.0086603 0.0140605 0.0211406 0.0298111 0.0397427 0.0502168 0.0600987 0.0681171 0.0733324 0.0754441 0.0747348 0.0717836 0.0672102 0.0615577 0.0552658 0.0486715 0.0420188 0.0354826 0.0292007 0.0233023 0.0179215 0.0131914 0.00922235 0.00607443 0.0037381
 0.00865616 0.0140523 0.021126 0.029788 0.0397112 0.0501807 0.0600661 0.0680971 0.0733297 0.0754545 0.0747453 0.0717787 0.0671795 0.0615013 0.0551944 0.0486027 0.0419721 0.0354741 0.0292377 0.0233789 0.0180191 0.0132861 0.00929488 0.00611751 0.00375592
 0.00861153 0.0139866 0.0210396 0.0296858 0.0396007 0.0500701 0.0599629 0.0680084 0.0732633 0.075418 0.0747436 0.0718102 0.067235 0.0615667 0.0552567 0.0486556 0.042018 0.0355219 0.0292967 0.0234531 0.0181042 0.0133706 0.00936649 0.00616851 0.00378582
 0.00864807 0.0140346 0.0210911 0.0297268 0.0396163 0.0500511 0.0599106 0.0679346 0.0731839 0.0753471 0.0746889 0.0717736 0.067215 0.0615597 0.0552581 0.0486605 0.0420237 0.0355291 0.0293094 0.0234756 0.0181373 0.0134105 0.00940592 0.00620087 0.00380784
 0.00862815 0.0140123 0.0210756 0.0297308 0.0396503 0.0501155 0.0599914 0.0680067 0.0732225 0.0753395 0.0746398 0.0717008 0.0671392 0.0614962 0.0552134 0.0486339 0.042011 0.035526 0.0293136 0.0234867 0.0181551 0.0134335 0.00943055 0.00622302 0.00382459
 0.00861686 0.0139913 0.0210398 0.0296759 0.0395762 0.05003 0.0599113 0.0679525 0.0732089 0.0753669 0.0746933 0.0717586 0.0671843 0.0615233 0.0552274 0.0486438 0.0420236 0.0355439 0.0293363 0.0235124 0.0181823 0.0134605 0.00945567 0.00624424 0.00384057
 0.00862299 0.0140013 0.0210545 0.0296954 0.0395985 0.0500507 0.0599241 0.067952 0.0731944 0.0753436 0.0746709 0.0717448 0.0671803 0.0615235 0.0552246 0.048634 0.0420084 0.035528 0.0293243 0.0235068 0.0181832 0.0134665 0.00946455 0.00625371 0.00384882
 0.00862299 0.0140013 0.0210545 0.0296954 0.0395985 0.0500507 0.0599241 0.067952 0.0731944 0.0753436 0.0746709 0.0717448 0.0671803 0.0615235 0.0552246 0.048634 0.0420084 0.035528 0.0293243 0.0235068 0.0181832 0.0134665 0.00946455 0.00625371 0.00384882
 0.00893469 0.0144926 0.0217629 0.030639 0.0407654 0.051386 0.0613208 0.0692578 0.0742419 0.0759947 0.0748528 0.0714636 0.066508 0.0605715 0.0541145 0.0474757 0.0408884 0.034507 0.0284398 0.022777 0.0176104 0.0130406 0.0091663 0.00605847 0.00373025
 0.0088305 0.0143621 0.0216389 0.0305779 0.0408341 0.0516398 0.0617815 0.0699029 0.0750068 0.0767843 0.0755596 0.0719887 0.0667829 0.0605726 0.0538655 0.0470366 0.0403364 0.0339179 0.0278754 0.0222794 0.0172025 0.0127285 0.00894374 0.0059111 0.00364013
 0.0087609 0.0142342 0.0214223 0.0302442 0.0403743 0.0510869 0.0612229 0.0694671 0.0748217 0.076926 0.0760202 0.072679 0.0675658 0.0613072 0.0544437 0.0474034 0.0404907 0.0338993 0.0277432 0.0220937 0.0170111 0.0125616 0.00881504 0.00582176 0.00358394
 0.0088739 0.0144036 0.0216489 0.0305141 0.0406574 0.0513384 0.0613909 0.0695093 0.0747273 0.0767321 0.0758042 0.0725274 0.067533 0.0613908 0.0545899 0.0475359 0.0405452 0.0338462 0.0275913 0.0218786 0.0167768 0.012346 0.00864074 0.00569598 0.00350229
 0.00888761 0.0144367 0.0217179 0.0306391 0.0408543 0.051607 0.061706 0.0698205 0.074972 0.0768569 0.0757873 0.072389 0.0673293 0.0611899 0.054442 0.0474532 0.0405034 0.0338041 0.0275156 0.0217589 0.0166259 0.0121886 0.00850048 0.00558697 0.00342748
 0.00878221 0.0142677 0.0214699 0.0303041 0.0404394 0.0511424 0.0612482 0.0694426 0.0747414 0.0768086 0.0759106 0.072637 0.067643 0.0615237 0.0547741 0.0477789 0.0408189 0.0340961 0.0277622 0.0219408 0.0167368 0.0122382 0.00850864 0.00557459 0.00340999
 0.00889645 0.0144352 0.0216873 0.0305542 0.0406933 0.051365 0.0614052 0.0695092 0.0747097 0.0766931 0.0757441 0.0724571 0.0674775 0.0613837 0.054658 0.047682 0.0407399 0.0340352 0.0277166 0.0219027 0.0166977 0.0121936 0.00846067 0.00552931 0.00337313
 0.00898534 0.0145871 0.021928 0.0309077 0.0411707 0.05195 0.0620437 0.0701137 0.075182 0.076956 0.0757654 0.0722555 0.0671096 0.0609213 0.0541674 0.0472113 0.0403173 0.0336732 0.0274177 0.0216631 0.0165096 0.0120482 0.00835037 0.00544841 0.0033171
 0.0088957 0.0144528 0.0217485 0.0306941 0.0409472 0.0517534 0.061919 0.0701025 0.0753062 0.0772029 0.0760861 0.0725811 0.0673772 0.0610952 0.0542448 0.0472139 0.0402757 0.0336141 0.0273583 0.021611 0.0164663 0.0120124 0.0083204 0.00542367 0.00329772
 0.00872032 0.0141636 0.021308 0.0300708 0.0401302 0.0507709 0.0608535 0.0690868 0.0744949 0.0767278 0.0760176 0.0729103 0.0680245 0.0619383 0.0551555 0.0480882 0.0410493 0.0342608 0.0278776 0.0220146 0.0167694 0.0122302 0.00846817 0.00551695 0.00335177
 0.00862672 0.0139958 0.0210267 0.0296302 0.0394893 0.0499125 0.059803 0.0679223 0.0733395 0.075729 0.0753172 0.0726132 0.0681726 0.0624989 0.05603 0.0491403 0.0421409 0.0352819 0.0287599 0.0227299 0.0173181 0.0126292 0.00874225 0.00569339 0.00345719
 0.00889231 0.0144092 0.021611 0.0303855 0.0403813 0.0508626 0.060685 0.0685786 0.0736231 0.0755551 0.0746998 0.0716659 0.0670732 0.061436 0.0551511 0.0485212 0.0417823 0.0351305 0.0287409 0.0227753 0.017381 0.0126852 0.00878298 0.00571922 0.00347174
 0.00913098 0.0148198 0.0222679 0.0313637 0.0417295 0.0525636 0.0626225 0.0705357 0.0753237 0.0767344 0.075173 0.0713713 0.0660821 0.05993 0.0533739 0.0467178 0.0401456 0.0337717 0.0276908 0.0220071 0.0168413 0.0123179 0.0085407 0.00556556 0.00337927
 0.00928578 0.015088 0.0227027 0.0320267 0.0426786 0.0538315 0.0641914 0.0723192 0.0771651 0.078424 0.0764826 0.0721009 0.066109 0.0592443 0.0520853 0.045028 0.0382953 0.0319826 0.026122 0.0207391 0.0158854 0.0116399 0.0080864 0.00527806 0.00320828
 0.00933078 0.0151717 0.0228493 0.0322685 0.0430525 0.0543721 0.064921 0.0732387 0.0782453 0.0795993 0.0776475 0.0731163 0.066823 0.0595268 0.051867 0.0443273 0.0372193 0.0306989 0.0248116 0.0195513 0.0149108 0.0109075 0.00757833 0.00495146 0.0030136
 0.00912206 0.014841 0.0223707 0.0316312 0.0422733 0.0535081 0.0640785 0.0725636 0.0778907 0.0796798 0.0782003 0.074085 0.0680669 0.0608515 0.0530678 0.0452369 0.037747 0.0308465 0.0246599 0.0192232 0.0145276 0.0105576 0.00730643 0.00476532 0.00289937
#pred catch len freq
 0.00389317 0.00624857 0.00929009 0.0130168 0.0174366 0.022525 0.0281546 0.0340716 0.0399423 0.0454253 0.0502263 0.0541374 0.0570641 0.0590241 0.0601112 0.0604477 0.06015 0.0593023 0.0579164 0.0558695 0.0528671 0.0485139 0.0425362 0.0350642 0.0267654
 0.00430883 0.00687072 0.0101316 0.0140674 0.018683 0.023974 0.0298347 0.0360007 0.0420743 0.0476086 0.0522108 0.0556378 0.0578532 0.0590096 0.0593592 0.0591473 0.0585364 0.0575737 0.0561765 0.0541221 0.0510641 0.0466311 0.0406289 0.0332657 0.0252298
 0.00453623 0.00726339 0.0107628 0.015014 0.0200027 0.025675 0.0318563 0.0382239 0.0443612 0.0498403 0.0542893 0.0574519 0.0592481 0.0598011 0.059397 0.0583857 0.0570631 0.0555745 0.0538616 0.05166 0.0485634 0.0441698 0.0382982 0.0311846 0.023516
 0.00481753 0.007698 0.0113798 0.0158393 0.0210711 0.0270391 0.0335764 0.0403327 0.0468172 0.0525013 0.0569295 0.0598191 0.0611228 0.0610233 0.0598606 0.0580303 0.055886 0.053652 0.0513498 0.0487661 0.0455046 0.0411488 0.0354969 0.0287595 0.0215782
 0.00510786 0.00816027 0.0120574 0.0167663 0.0222678 0.028507 0.0352949 0.0422631 0.0489132 0.0547123 0.0591859 0.0620071 0.0630728 0.0625311 0.0607306 0.0581178 0.0551211 0.0520489 0.0490088 0.0458672 0.0422887 0.0378852 0.0324458 0.0261328 0.0195064
 0.00539831 0.00862134 0.0127322 0.0176919 0.0234738 0.0300102 0.0370878 0.0443009 0.0511096 0.0569491 0.0613345 0.063949 0.064708 0.0637677 0.0614691 0.0582476 0.0545399 0.050698 0.0469079 0.0431347 0.039139 0.0346002 0.0293241 0.0234284 0.0173766
