SBPRF35
12.7214
Curr Bio
737252
B35
878722
F35
0.170052
FOFL
0.143208
OFL
88249.9
Bzero
3.63469e+006
#pred survey bio
 3.6028e+006 3.47158e+006 3.35942e+006 3.19933e+006 3.01343e+006 2.7847e+006 2.5351e+006 2.30411e+006 2.08875e+006 1.8571e+006 1.64754e+006 1.48916e+006 1.30305e+006 1.14762e+006 998151 870203 785453 717746 673148 632297 599143 595357 593425 586555 573012 562626 567208 562609 560119 556129 557813 563517 570636 568883 584087 590080 605469 624134 633531 633158 632471 641424 645434 652975 666153 659608 660339 660943 665516 663772 662511 701386 740682 2.62528e+007 1.55407e+007 1.56574e+007 1.65169e+007 1.79122e+007 1.95406e+007 2.11674e+007 2.26501e+007 2.39228e+007 2.49713e+007 2.58108e+007 2.64695e+007 2.69794e+007 2.73704e+007 2.76686e+007 2.78955e+007 2.8068e+007 2.81993e+007 2.82995e+007 2.83762e+007 2.84353e+007 2.84809e+007 2.85163e+007 2.85439e+007 2.85656e+007 2.85826e+007 2.85961e+007 2.86068e+007 2.86152e+007 2.8622e+007 2.86274e+007 2.86318e+007 2.86353e+007 2.86382e+007 2.86405e+007 2.86423e+007 2.86438e+007 2.86451e+007 2.86461e+007 2.86469e+007 2.86476e+007 2.86481e+007 2.86485e+007 2.86489e+007 2.86492e+007 2.86494e+007 2.86496e+007 2.86498e+007 2.86499e+007 2.865e+007 2.86501e+007 2.86502e+007 2.86503e+007 2.86503e+007 2.86503e+007 2.86504e+007 2.86504e+007 2.86504e+007 2.86504e+007 2.86505e+007 2.86505e+007 2.86505e+007 2.86505e+007 2.86505e+007 2.86505e+007 2.86505e+007 2.86505e+007 2.86505e+007 2.86505e+007 2.86505e+007 2.86505e+007 2.86505e+007 2.86505e+007 2.86505e+007 2.86505e+007 2.86505e+007 2.86505e+007 2.86505e+007 2.86505e+007 2.86505e+007 2.86505e+007 2.86505e+007 2.86505e+007 2.86505e+007 2.86505e+007 2.86505e+007 2.86505e+007 2.86505e+007 2.86505e+007 2.86505e+007 2.86505e+007 2.86505e+007 2.86505e+007 2.86505e+007 2.86505e+007 2.86505e+007 2.86505e+007 2.86505e+007 2.86505e+007 2.86505e+007 0 0 0 0 0 0 0 0 0 0 0 0 0 0 0 0 0 0 0 0 0 0 0 0 0
#obs survey bio
 4.39155e+006 3.7125e+006 3.50363e+006 3.17695e+006 2.81703e+006 4.12417e+006 2.68776e+006 2.67806e+006 1.79955e+006 1.5156e+006 1.36309e+006 1.11783e+006 1.24276e+006 1.16794e+006 779024 922800 814965 503600 640140 492555 626036 438651 387582 747777 586676 692923 616015 500143 481013 547319 635770 744740 449026 529823 543735 579405 639280 580121 536335 523160 550992 825192 640712 496054 579310 658959 649844 466718 837830 822430 653899 838126 983272
#pred catch bio
 106651 96825.1 150216 186485 240949 277003 277479 280072 309806 301992 265671 296212 270592 264023 241464 200264 182971 161129 155675 146070 119531 117559 119904 122056 115831 101376 108286 105435 105665 99911.8 96201.8 95221.3 102666 88714.2 97813.1 91223.7 90427.7 99767.6 108232 107692 98913.9 103000 100078 95896.4 112603 105638 105624 102327 107555 106421 72432.4 71744.1 92289.5 88249.9 102043 101538 105579 113873 124054 134273 143494 151276 157547 162432 166143 168907 170935 172406 173462 174215 174749 175126 175390 175575 175705 175795 175858 175902 175932 175953 175967 175977 175984 175989 175992 175994 175996 175997 175998 175998 175999 175999 175999 175999 175999 175999 175999 175999 175999 175999 175999 176000 176000 176000 176000 176000 176000 176000 176000 176000 176000 176000 176000 176000 176000 176000 176000 176000 176000 176000 176000 176000 176000 176000 176000 176000 176000 176000 176000 176000 176000 176000 176000 176000 176000 176000 176000 176000 176000 176000 176000 176000 176000 176000 176000 176000 176000 176000 176000 176000 176000 176000 176000 0 0 0 0 0 0 0 0 0 0 0 0 0 0 0 0 0 0 0 0 0 0 0 0 0
#obs catch bio
 0 96372.3 150256 186451 241478 277543 278450 280955 311588 305016 267374 300152 273139 266578 244526 201736 183860 163529 158184 149254 120956 119590 122164 123002 116282 101369 108539 105855 106287 100445 96232 95310.2 103239 88733.5 98086.7 91769.4 90783.4 100313 108996 108754 99188.9 103061 100309 96167.8 112887 105708 105899 102678 107659 106983 72432.6 71744 92446.4
#pred cpue bio
 3.55199e+006 3.42233e+006 3.3116e+006 3.15207e+006 2.96629e+006 2.73805e+006 2.48922e+006 2.25884e+006 2.04406e+006 1.81351e+006 1.60518e+006 1.44771e+006 1.26356e+006 1.11008e+006 962906 837139 753836 687263 643389 603525 571365 567794 566161 560028 547533 537863 542505 538119 535759 532034 533881 539581 546566 544902 559709 565462 580327 598488 607668 607384 606925 615905 619946 627297 640196 633915 634660 635249 639733 638134 637055 675478 715245 2.54269e+007 1.50754e+007 1.50492e+007 1.57069e+007 1.70143e+007 1.86175e+007 2.02382e+007 2.17196e+007 2.2992e+007 2.40405e+007 2.488e+007 2.55387e+007 2.60485e+007 2.64395e+007 2.67377e+007 2.69646e+007 2.71371e+007 2.72684e+007 2.73686e+007 2.74454e+007 2.75044e+007 2.755e+007 2.75854e+007 2.76131e+007 2.76347e+007 2.76518e+007 2.76652e+007 2.76759e+007 2.76844e+007 2.76912e+007 2.76966e+007 2.7701e+007 2.77045e+007 2.77073e+007 2.77096e+007 2.77115e+007 2.7713e+007 2.77142e+007 2.77152e+007 2.7716e+007 2.77167e+007 2.77172e+007 2.77177e+007 2.77181e+007 2.77183e+007 2.77186e+007 2.77188e+007 2.77189e+007 2.77191e+007 2.77192e+007 2.77193e+007 2.77193e+007 2.77194e+007 2.77195e+007 2.77195e+007 2.77195e+007 2.77196e+007 2.77196e+007 2.77196e+007 2.77196e+007 2.77196e+007 2.77196e+007 2.77196e+007 2.77196e+007 2.77196e+007 2.77197e+007 2.77197e+007 2.77197e+007 2.77197e+007 2.77197e+007 2.77197e+007 2.77197e+007 2.77197e+007 2.77197e+007 2.77197e+007 2.77197e+007 2.77197e+007 2.77197e+007 2.77197e+007 2.77197e+007 2.77197e+007 2.77197e+007 2.77197e+007 2.77197e+007 2.77197e+007 2.77197e+007 2.77197e+007 2.77197e+007 2.77197e+007 2.77197e+007 2.77197e+007 2.77197e+007 2.77197e+007 2.77197e+007 2.77197e+007 2.77197e+007 2.77197e+007 2.77197e+007 2.77197e+007 2.77197e+007 0 0 0 0 0 0 0 0 0 0 0 0 0 0 0 0 0 0 0 0 0 0 0 0 0
#obs cpue bio
 6.14487e+006 3.59041e+006 3.50437e+006 1.98059e+006 2.56606e+006 2.00137e+006 1.64371e+006 1.85576e+006 2.19516e+006 1.44465e+006 1.82791e+006 1.50438e+006 1.30197e+006 1.04168e+006 926731 800064 785922 437268 538169 447497 556199 457193 636326 777252 619269 465344 480830 481118 533990 487988 639634 367941 563058 623088 609259 350557 577537 584987 625498 525925 945899 631051 506971 640168 988955 604710 565071 737857 668066 426498 549310 605782 725834
#pred surv len freq
 0.00524079 0.00838786 0.0123999 0.0171915 0.0226243 0.0284538 0.034287 0.0396509 0.04416 0.047644 0.0501415 0.0518044 0.0528088 0.0533142 0.0534561 0.0533547 0.0531289 0.0528895 0.0526754 0.0523286 0.0513854 0.0491241 0.0448625 0.0383973 0.0302887
 0.0054074 0.00858522 0.0125653 0.0172325 0.0224571 0.0280573 0.0337356 0.0390984 0.0437732 0.0475262 0.0502954 0.0521526 0.053253 0.0537907 0.0539566 0.0539062 0.0537484 0.0535404 0.0532502 0.0526749 0.0513679 0.0486944 0.0440938 0.0374598 0.0293774
 0.0056548 0.00896791 0.0130997 0.0179077 0.0232223 0.0288151 0.0343511 0.0394364 0.0437582 0.047191 0.0497773 0.0516315 0.0528696 0.0536004 0.0539408 0.054017 0.0539412 0.0537711 0.0534519 0.0527467 0.0512009 0.0482262 0.0433539 0.0365692 0.0284981
 0.00587691 0.00932904 0.013643 0.0186716 0.0242306 0.030059 0.0357686 0.0409005 0.0450891 0.0481971 0.0503155 0.0516606 0.0524669 0.0529264 0.0531707 0.0532783 0.0532884 0.0531942 0.0528968 0.0521343 0.0504519 0.0472973 0.0422718 0.0354343 0.0274471
 0.00608829 0.00966705 0.0141424 0.0193643 0.0251437 0.0312093 0.0371514 0.042476 0.0467708 0.0498484 0.0517607 0.0527167 0.0529933 0.0528734 0.052599 0.0523323 0.0521362 0.0519665 0.0516543 0.0508735 0.0491397 0.0459163 0.0408552 0.034071 0.0262502
 0.0063614 0.0100969 0.0147636 0.0202015 0.02621 0.0325037 0.0386537 0.0441427 0.048536 0.0516258 0.0534438 0.0541759 0.054082 0.0534522 0.0525753 0.0516964 0.050969 0.0504091 0.0498561 0.0489506 0.0471673 0.043953 0.0389746 0.0323704 0.0248289
 0.00668925 0.0106125 0.0155074 0.0212004 0.0274744 0.0340228 0.0403889 0.0460255 0.0504746 0.0535207 0.0551991 0.0557013 0.0552858 0.0542352 0.0528366 0.0513558 0.0499981 0.0488521 0.0478253 0.0465993 0.0446593 0.041447 0.0366214 0.0303075 0.0231598
 0.00701078 0.01112 0.0162432 0.022195 0.0287428 0.0355589 0.0421577 0.047958 0.0524742 0.0554781 0.057008 0.0572681 0.0565302 0.0550849 0.0532199 0.0512011 0.0492461 0.0474809 0.0458754 0.0441845 0.0419564 0.0386708 0.0339919 0.0280143 0.0213288
 0.00729857 0.0115796 0.0169199 0.0231262 0.0299533 0.0370515 0.0439028 0.0498883 0.0544913 0.057468 0.0588578 0.0588767 0.0578128 0.055972 0.0536526 0.0511248 0.0486099 0.0462489 0.0440512 0.0418383 0.0392404 0.0358073 0.031235 0.0255941 0.0193988
 0.00760979 0.0120778 0.0176556 0.0241422 0.0312781 0.0386889 0.0458185 0.0520036 0.0566905 0.0596168 0.0608237 0.0605439 0.0590902 0.0567944 0.053976 0.0509181 0.047847 0.0449104 0.0421403 0.0394091 0.0364242 0.0328175 0.0283345 0.0230346 0.0173545
 0.00794315 0.0126001 0.0184061 0.025147 0.0325492 0.0402224 0.0475878 0.0539529 0.0587338 0.0616453 0.0627179 0.0621866 0.0603776 0.0576448 0.0543328 0.0507459 0.0471251 0.0436298 0.0403114 0.0370836 0.0337208 0.0299322 0.0255182 0.0205354 0.0153502
 0.00811 0.0128789 0.0188396 0.0257801 0.0334203 0.0413499 0.0489572 0.0555132 0.0604071 0.0633431 0.0643528 0.0636749 0.0616377 0.0585963 0.0549006 0.0508659 0.0467492 0.0427298 0.0388868 0.0351769 0.0314365 0.0274455 0.023056 0.0183269 0.013565
 0.00837348 0.0133017 0.0194663 0.0266495 0.0345598 0.0427653 0.05062 0.0573529 0.062316 0.0651934 0.0660185 0.0650511 0.0626507 0.0592039 0.0550826 0.0506115 0.0460488 0.0415756 0.0372849 0.0331669 0.029113 0.024968 0.0206324 0.0161677 0.011826
 0.00862388 0.0136952 0.0200337 0.0274127 0.0355308 0.0439439 0.0519886 0.0588701 0.0639153 0.0667879 0.0675089 0.0663368 0.0636416 0.0598318 0.0553062 0.0504146 0.0454308 0.0405448 0.0358597 0.0313891 0.0270669 0.0227916 0.018505 0.0142721 0.0102981
 0.008913 0.0141551 0.0207067 0.0283299 0.0367052 0.0453607 0.0535953 0.0605764 0.0656072 0.0683508 0.0688474 0.0673809 0.0643443 0.0601635 0.0552516 0.0499715 0.044609 0.0393642 0.0343516 0.0296039 0.0250873 0.02074 0.0165353 0.0125379 0.00891116
 0.00927282 0.0147084 0.021481 0.0293313 0.0379209 0.046762 0.0551363 0.0621888 0.0672006 0.0698206 0.07009 0.0683102 0.0649037 0.0603293 0.055028 0.04938 0.0436792 0.0381295 0.0328515 0.0278923 0.0232424 0.0188705 0.0147709 0.011004 0.00769564
 0.00960209 0.0152068 0.0221625 0.0301849 0.0389154 0.0478551 0.0562801 0.0633333 0.0682959 0.0708206 0.0709535 0.0689987 0.0653785 0.0605532 0.0549719 0.0490292 0.0430359 0.0372117 0.0316916 0.0265394 0.0217679 0.017369 0.013352 0.00977115 0.00671972
 0.00979141 0.0155189 0.0226387 0.0308623 0.0398142 0.0489616 0.0575342 0.0646312 0.0695151 0.0718543 0.0717355 0.0695076 0.0656234 0.0605545 0.0547465 0.0485864 0.0423811 0.0363536 0.0306504 0.0253527 0.0204945 0.0160883 0.0121545 0.00873983 0.00590941
 0.00982177 0.0155738 0.0227329 0.0310172 0.0400576 0.0493248 0.0580437 0.0652966 0.0703158 0.0727328 0.0726051 0.0702731 0.0662074 0.0609134 0.0548705 0.0484862 0.042074 0.0358566 0.0299826 0.0245433 0.0195901 0.0151537 0.011265 0.0079653 0.00529677
 0.00986887 0.015649 0.0228439 0.031171 0.0402609 0.0495833 0.0583624 0.0656789 0.0707626 0.073239 0.0731528 0.0708265 0.0667133 0.0613114 0.0551089 0.0485345 0.0419262 0.0355254 0.0294924 0.0239271 0.0188909 0.0144259 0.0105696 0.00735854 0.00481649
 0.0100187 0.0158646 0.0231169 0.0314766 0.040566 0.0498596 0.0585962 0.0658735 0.0709327 0.0734033 0.0733277 0.0710203 0.0669215 0.0615141 0.055272 0.0486178 0.0418944 0.0353584 0.0291895 0.0235069 0.0183881 0.0138871 0.0100464 0.00689779 0.00444981
 0.00991828 0.0157146 0.0229154 0.0312294 0.0402837 0.0495543 0.0582804 0.0655645 0.0706582 0.0732034 0.0732486 0.0711011 0.067179 0.0619327 0.0558042 0.0491934 0.042436 0.0357977 0.0294806 0.0236331 0.0183622 0.0137455 0.00983877 0.00667458 0.0042506
 0.0096282 0.0152924 0.0223717 0.0306063 0.0396438 0.0489609 0.0577821 0.0651896 0.0704178 0.0730981 0.073275 0.0712575 0.0674664 0.0623502 0.0563389 0.0498127 0.0430865 0.036414 0.0300007 0.0240136 0.0185882 0.0138314 0.00982063 0.00659762 0.00415583
 0.00949243 0.015066 0.0220228 0.0301081 0.0389877 0.0481733 0.0569351 0.0643918 0.069784 0.0727111 0.0731628 0.0713965 0.067805 0.0628336 0.0569232 0.0504633 0.043769 0.0370868 0.0306154 0.0245247 0.018966 0.0140702 0.00993927 0.00663065 0.00414114
 0.00958264 0.015184 0.0221463 0.0301951 0.038984 0.0480275 0.0566153 0.0639004 0.0691648 0.0720459 0.0725544 0.0709404 0.0675618 0.0628163 0.0571044 0.0507939 0.0441957 0.0375591 0.0310863 0.0249512 0.0193131 0.0143193 0.0100914 0.00670408 0.00416268
 0.00971327 0.0153767 0.0223984 0.0304877 0.0392821 0.0482834 0.0567736 0.0639066 0.0689795 0.0716617 0.072008 0.0703106 0.066951 0.062322 0.0567925 0.0506855 0.0442702 0.0377691 0.0313737 0.0252595 0.0195962 0.0145459 0.010249 0.00679701 0.00420671
 0.00969995 0.0153555 0.0223672 0.0304445 0.0392249 0.0482096 0.0566797 0.0637869 0.0688259 0.0714652 0.0717637 0.0700257 0.0666514 0.0620521 0.0566056 0.0506268 0.0443601 0.037996 0.031698 0.025627 0.0199528 0.0148507 0.0104802 0.0069523 0.00429832
 0.00969825 0.0153613 0.0223913 0.0305012 0.0393265 0.0483595 0.0568657 0.0639814 0.0689916 0.0715652 0.0717698 0.0699235 0.0664441 0.0617626 0.0562756 0.0503108 0.0441121 0.0378539 0.0316724 0.0257 0.0200871 0.015004 0.0106186 0.00705727 0.00436651
 0.00962579 0.0152547 0.0222525 0.0303408 0.0391636 0.0482182 0.0567714 0.063955 0.0690422 0.0716843 0.0719299 0.0700852 0.0665678 0.0618211 0.0562621 0.0502408 0.0440187 0.0377766 0.031643 0.0257319 0.0201719 0.0151181 0.0107345 0.00715434 0.00443565
 0.00959917 0.0152086 0.0221784 0.0302304 0.0390123 0.0480304 0.0565645 0.0637586 0.0688917 0.0716097 0.0719459 0.0701852 0.0667254 0.061998 0.0564206 0.0503555 0.0440842 0.0378067 0.0316625 0.0257639 0.020228 0.0151951 0.010819 0.00723119 0.00449489
 0.00963086 0.0152425 0.0221968 0.0302059 0.0389151 0.04784 0.0562806 0.0634055 0.068514 0.0712624 0.0716818 0.0700435 0.0667222 0.0621221 0.0566374 0.0506183 0.0443488 0.0380435 0.0318612 0.025929 0.0203696 0.01532 0.0109277 0.00732013 0.00456103
 0.0096376 0.0152518 0.0222067 0.0302111 0.0389049 0.0477974 0.0561841 0.0632355 0.0682632 0.0709455 0.0713382 0.069729 0.0664931 0.0620182 0.0566704 0.0507707 0.0445821 0.0383121 0.0321263 0.0261663 0.0205697 0.0154827 0.0110561 0.00741723 0.00462989
 0.00956991 0.0151546 0.0220841 0.030075 0.0387711 0.0476793 0.0560872 0.0631547 0.0681853 0.0708538 0.0712209 0.0695877 0.0663471 0.0619009 0.0566182 0.0508081 0.0447119 0.0385147 0.0323684 0.026413 0.0207943 0.0156704 0.0112023 0.00752415 0.00470291
 0.00965915 0.0152802 0.0222375 0.030237 0.0389182 0.0477938 0.0561633 0.0631979 0.0682031 0.0708472 0.0711806 0.0694988 0.0661999 0.0617007 0.056389 0.0505869 0.0445357 0.0384074 0.0323339 0.0264372 0.0208541 0.0157429 0.0112711 0.00758044 0.00474407
 0.00966522 0.0152805 0.0222199 0.0301836 0.0388095 0.0476154 0.0559141 0.0628942 0.0678791 0.070548 0.0709509 0.0693694 0.066178 0.0617702 0.0565204 0.050752 0.0447179 0.0386016 0.0325391 0.0266491 0.0210613 0.0159307 0.0114269 0.00769813 0.00482492
 0.00967136 0.0153013 0.0222702 0.0302809 0.0389657 0.0478257 0.0561492 0.0631046 0.0680105 0.0705628 0.0708431 0.0691652 0.0659242 0.0615156 0.056301 0.0505849 0.0446048 0.0385371 0.0325168 0.0266627 0.0211028 0.0159889 0.0114891 0.00775372 0.00486782
 0.00960414 0.0151946 0.0221156 0.0300758 0.0387174 0.0475557 0.0558935 0.0629055 0.0679009 0.0705508 0.0709079 0.0692691 0.0660322 0.0616106 0.0563858 0.0506733 0.0447093 0.0386622 0.0326589 0.0268132 0.0212514 0.0161259 0.0116064 0.00784592 0.00493383
 0.0095065 0.015045 0.0219074 0.0298087 0.0383969 0.0471931 0.0555074 0.0625245 0.0675637 0.0703007 0.0707809 0.0692811 0.0661721 0.061845 0.0566729 0.0509778 0.0450102 0.038951 0.0329324 0.0270677 0.021481 0.0163235 0.0117664 0.00796655 0.00501753
 0.00939237 0.0148814 0.0217017 0.0295808 0.0381731 0.0469951 0.0553449 0.0623942 0.0674558 0.0702076 0.0707042 0.069233 0.0661697 0.0619016 0.0567899 0.0511436 0.0452055 0.0391569 0.0331354 0.0272594 0.0216558 0.0164762 0.0118924 0.00806338 0.00508592
 0.00928171 0.0147193 0.0214914 0.0293385 0.0379253 0.0467727 0.0551768 0.0623011 0.0674439 0.0702654 0.0708051 0.0693453 0.0662697 0.0619821 0.056859 0.051216 0.0452926 0.0392616 0.033253 0.0273818 0.0217746 0.0165843 0.0119844 0.00813589 0.00513836
 0.00927726 0.0146971 0.0214312 0.0292146 0.0377161 0.0464746 0.0548143 0.0619257 0.0671193 0.0700459 0.0707182 0.0693862 0.0664083 0.0621774 0.0570741 0.0514277 0.0454925 0.0394503 0.0334326 0.0275515 0.0219302 0.0167201 0.0120958 0.00822091 0.00519818
 0.0092856 0.0146987 0.0214108 0.0291487 0.0375765 0.0462365 0.0544659 0.0614772 0.0666081 0.0695344 0.0702823 0.0690958 0.0663058 0.0622656 0.0573194 0.0517754 0.0458868 0.0398474 0.0338048 0.0278841 0.0222155 0.0169544 0.0122781 0.00835387 0.00528807
 0.00932184 0.0147561 0.0214932 0.0292558 0.0377009 0.0463594 0.054556 0.061495 0.0665173 0.0693177 0.0699534 0.0687012 0.0659143 0.0619477 0.0571255 0.0517229 0.0459596 0.0400084 0.0340117 0.0281012 0.0224182 0.0171286 0.0124175 0.00845746 0.00535918
 0.00926767 0.0146795 0.0213993 0.0291572 0.0376142 0.0463001 0.0545324 0.0615039 0.066543 0.0693341 0.0699317 0.068621 0.0657753 0.0617747 0.0569623 0.0516158 0.04594 0.0400824 0.034161 0.0282934 0.0226197 0.0173131 0.0125694 0.00857151 0.0054374
 0.0091591 0.0145119 0.0211645 0.0288556 0.0372568 0.04591 0.0541451 0.0611637 0.066293 0.0692024 0.0699216 0.0687106 0.0659272 0.0619513 0.0571402 0.0517922 0.0461278 0.0402971 0.0344085 0.0285639 0.0228914 0.0175612 0.0127751 0.00872642 0.00554342
 0.00921593 0.0145972 0.0212792 0.0289947 0.0374093 0.0460597 0.054273 0.0612513 0.0663272 0.0691805 0.0698518 0.0686074 0.065804 0.0618154 0.056994 0.0516392 0.0459783 0.0401685 0.0343192 0.0285246 0.0228999 0.0176038 0.0128331 0.00878331 0.00558923
 0.00923352 0.0146218 0.0213088 0.0290249 0.0374348 0.0460758 0.0542772 0.0612429 0.0663063 0.0691474 0.0698075 0.0685551 0.065749 0.0617636 0.0569492 0.051602 0.0459479 0.0401464 0.0343104 0.0285355 0.0229332 0.0176556 0.0128936 0.00884127 0.0056364
 0.0092146 0.0145976 0.0212844 0.0290085 0.0374345 0.0460959 0.0543147 0.061288 0.0663467 0.0691729 0.0698134 0.0685417 0.0657203 0.0617253 0.0569073 0.0515617 0.045913 0.0401198 0.0342948 0.0285337 0.022947 0.0176835 0.0129306 0.00888008 0.00567033
 0.00913512 0.0144783 0.0211236 0.0288124 0.0372169 0.0458764 0.0541162 0.0611337 0.0662543 0.06915 0.0698547 0.0686324 0.0658419 0.0618612 0.0570458 0.0516957 0.0460391 0.0402366 0.0344022 0.0286323 0.0230374 0.0177655 0.0130026 0.00893972 0.00571588
 0.00909428 0.0144161 0.021038 0.0287046 0.0370911 0.0457398 0.0539789 0.0610084 0.0661552 0.0690895 0.0698405 0.0686643 0.0659123 0.061957 0.0571527 0.0518022 0.046138 0.0403253 0.034481 0.0287028 0.0231011 0.017823 0.0130532 0.00898204 0.00574867
 0.00891938 0.0141637 0.0207173 0.0283444 0.0367317 0.0454193 0.0537228 0.0608275 0.0660504 0.0690574 0.0698772 0.0687658 0.0660718 0.062164 0.057392 0.0520558 0.0463888 0.0405596 0.0346902 0.028883 0.0232518 0.0179452 0.0131488 0.0090533 0.00579858
 0.00815392 0.0130196 0.0191839 0.0264827 0.0346629 0.0433012 0.0517291 0.0591325 0.0648085 0.0683772 0.0697997 0.069261 0.0670536 0.063513 0.058977 0.05375 0.0480804 0.0421584 0.0361309 0.0301242 0.0242737 0.0187466 0.0137438 0.00946823 0.00606802
 0.00739638 0.0118416 0.0175145 0.024301 0.0320114 0.0402998 0.0485862 0.0561337 0.0622696 0.0665732 0.0689042 0.0693217 0.068004 0.0652033 0.0612093 0.0563102 0.0507636 0.0447867 0.0385633 0.0322611 0.0260566 0.0201556 0.0147929 0.0101992 0.0065408
#obs surv len freq
 nan nan nan nan nan nan nan nan nan nan nan nan nan nan nan nan nan nan nan nan nan nan nan nan nan
 0.00448679 0.00734895 0.0111795 0.0159958 0.0216957 0.0279699 0.0342824 0.0400122 0.0446909 0.0481542 0.0505121 0.0520082 0.0529008 0.0534136 0.0537282 0.0539833 0.0542621 0.0545549 0.0546938 0.0542857 0.0527238 0.049356 0.0438058 0.0362859 0.0276696
 0.00461485 0.00756045 0.0115035 0.0164603 0.0223204 0.0287554 0.0351997 0.0410005 0.0456663 0.0490274 0.0512052 0.0524665 0.0530974 0.0533488 0.053425 0.0534795 0.0536013 0.0537799 0.0538435 0.0533973 0.0518361 0.0485122 0.0430509 0.0356579 0.0271897
 0.00477184 0.00781731 0.0118933 0.0170153 0.0230665 0.029702 0.0363293 0.0422621 0.0469791 0.0502924 0.0523195 0.0533368 0.0536514 0.053544 0.0532523 0.0529608 0.0527822 0.0527203 0.05261 0.05206 0.0504698 0.047197 0.0418659 0.0346687 0.0264322
 0.00496404 0.00813027 0.0123653 0.0176824 0.023956 0.0308219 0.0376574 0.0437415 0.0485251 0.0518064 0.0537014 0.0544922 0.0544958 0.0540076 0.0532881 0.0525515 0.0519441 0.0515015 0.0510856 0.0503274 0.0486442 0.045405 0.0402325 0.0332957 0.0253769
 0.00517413 0.00847623 0.0128941 0.0184403 0.0249791 0.032122 0.0392068 0.0454687 0.0503259 0.0535642 0.055306 0.0558484 0.0555237 0.0546404 0.0534711 0.0522465 0.0511362 0.0502089 0.0493668 0.0482844 0.04642 0.0431711 0.0381647 0.0315405 0.0240197
 0.00541195 0.00886212 0.0134738 0.0192569 0.0260659 0.033491 0.0408353 0.0472933 0.0522481 0.0554668 0.0570702 0.0573665 0.056705 0.0554124 0.053777 0.0520429 0.0503953 0.0489268 0.0475785 0.0460786 0.0439458 0.0406278 0.0357697 0.0294829 0.0224156
 0.00567155 0.00928792 0.0141213 0.0201794 0.0273033 0.0350525 0.0426832 0.049339 0.0543668 0.0575239 0.058943 0.0589536 0.057926 0.056203 0.0540855 0.0518276 0.049625 0.0475883 0.0456917 0.0437178 0.0412558 0.0378202 0.0330906 0.0271562 0.0205868
 0.00589954 0.00966528 0.014702 0.0210186 0.0284475 0.0365226 0.0444572 0.0513438 0.0564877 0.0596249 0.0608896 0.0606282 0.0592349 0.0570767 0.0544736 0.0516921 0.0489363 0.046329 0.0438717 0.041398 0.0385694 0.0349753 0.0303409 0.0247424 0.0186729
 0.00614602 0.0100667 0.0153077 0.0218757 0.0295931 0.0379711 0.0461854 0.0532851 0.0585389 0.0616638 0.0627922 0.0622811 0.0605415 0.0579608 0.054879 0.0515791 0.0482777 0.04511 0.0421011 0.0391293 0.0359248 0.0321537 0.0275924 0.0223115 0.0167324
 0.00638193 0.0104552 0.0159014 0.0227262 0.0307402 0.0394261 0.0479154 0.0552085 0.0605398 0.0636157 0.0645798 0.0638088 0.0617337 0.058757 0.0552313 0.0514492 0.0476365 0.0439407 0.0404092 0.0369623 0.0333946 0.0294449 0.0249422 0.0199562 0.014843
 0.00661937 0.0108427 0.0164876 0.0235575 0.0318522 0.0408298 0.0495822 0.057064 0.0624726 0.0654983 0.0662898 0.0652444 0.0628191 0.0594423 0.0554854 0.0512516 0.0469714 0.0427978 0.0387942 0.0349168 0.031018 0.0269045 0.0224551 0.0177415 0.0130617
 0.00682566 0.0111867 0.0170209 0.0243329 0.032912 0.0421877 0.0512061 0.0588714 0.0643444 0.0673039 0.0679092 0.066581 0.0638026 0.0600274 0.0556475 0.0509814 0.0462675 0.041664 0.0372453 0.032995 0.0288128 0.0245639 0.0201718 0.0157109 0.011428
 0.00705539 0.011556 0.0175696 0.0250961 0.0339149 0.0434368 0.0526775 0.0605046 0.0660459 0.0689609 0.0694073 0.0678188 0.0647025 0.0605396 0.0557487 0.0506684 0.0455489 0.0405559 0.0357737 0.0312068 0.0267926 0.0224429 0.0181172 0.0138914 0.00996765
 0.00725766 0.0118927 0.0180899 0.0258485 0.0349348 0.0447278 0.0541957 0.0621574 0.0677106 0.0705139 0.0707463 0.0688702 0.0654182 0.0608904 0.0557213 0.0502631 0.044778 0.0394411 0.0343479 0.0295215 0.0249289 0.020518 0.0162752 0.0122741 0.00867696
 0.00741887 0.0121545 0.0184841 0.0264061 0.0356816 0.045677 0.0553371 0.0634495 0.0690809 0.0718673 0.0719803 0.0698909 0.0661536 0.0612967 0.0557807 0.0499768 0.0441592 0.0385122 0.0331419 0.0280888 0.0233451 0.0188872 0.0147206 0.0109142 0.00759506
 0.00752417 0.0123303 0.0187571 0.026804 0.0362273 0.04638 0.0561854 0.0644077 0.0700967 0.0728816 0.0729342 0.0707274 0.0668173 0.0617372 0.0559585 0.0498685 0.0437596 0.0378326 0.03221 0.0269503 0.0220682 0.0175635 0.0134557 0.00980748 0.00671525
 0.00758581 0.0124258 0.0188929 0.026985 0.0364593 0.0466713 0.0565468 0.0648484 0.0706187 0.0734743 0.0735721 0.0713721 0.0674217 0.0622498 0.0563279 0.0500487 0.0437159 0.0375476 0.0316879 0.0262203 0.0211858 0.0166073 0.0125171 0.0089727 0.0060449
 0.00765874 0.012537 0.0190464 0.0271793 0.0366877 0.0469239 0.0568119 0.0651162 0.0708848 0.0737424 0.0738522 0.0716727 0.0677411 0.0625698 0.0566142 0.0502564 0.0437985 0.0374668 0.0314232 0.0257762 0.0205957 0.0159309 0.0118297 0.0083479 0.00553627
 0.00773368 0.0126556 0.0192181 0.0274096 0.0369751 0.047257 0.0571678 0.0654623 0.0711871 0.0739766 0.0740118 0.0717697 0.0677987 0.0626109 0.0566499 0.0502797 0.0437847 0.0373818 0.0312354 0.0254698 0.0201797 0.0154408 0.01132 0.00787647 0.00514776
 0.00777561 0.0127179 0.0193013 0.0275109 0.0370905 0.0473833 0.0573037 0.0656069 0.0713376 0.0741259 0.0741497 0.0718869 0.0678908 0.0626807 0.0567041 0.0503226 0.0438112 0.0373751 0.0311713 0.0253276 0.0199534 0.0151461 0.0109919 0.00755833 0.00487669
 0.00780383 0.0127591 0.0193546 0.0275721 0.0371533 0.0474405 0.05735 0.0656406 0.0713615 0.0741475 0.0741784 0.07193 0.0679504 0.0627528 0.0567818 0.0503978 0.0438756 0.0374176 0.0311772 0.0252817 0.0198469 0.0149838 0.0107938 0.00735412 0.00469501
 0.00784038 0.0128123 0.0194231 0.0276502 0.0372321 0.0475103 0.057402 0.0656689 0.0713641 0.0741275 0.0741444 0.0718943 0.0679258 0.0627483 0.0567999 0.0504343 0.0439209 0.0374589 0.0312005 0.0252736 0.0197985 0.0148949 0.0106752 0.00722462 0.00457498
 0.00785109 0.012828 0.0194433 0.027673 0.037254 0.0475267 0.0574079 0.0656599 0.0713384 0.0740873 0.0740964 0.0718486 0.0678931 0.0627377 0.0568161 0.0504766 0.0439827 0.0375288 0.0312642 0.0253169 0.0198108 0.0148727 0.0106239 0.00715662 0.00450524
 0.00785726 0.0128374 0.019456 0.0276886 0.0372714 0.0475439 0.0574221 0.0656678 0.0713366 0.0740736 0.0740705 0.0718137 0.0678552 0.062705 0.0567968 0.0504763 0.0440028 0.0375651 0.0313075 0.0253554 0.0198338 0.0148738 0.0106035 0.00712135 0.00446486
 0.0078763 0.0128597 0.0194739 0.0276902 0.0372443 0.0474813 0.0573274 0.0655544 0.0712233 0.073978 0.0740041 0.0717801 0.0678522 0.0627276 0.0568397 0.0505356 0.044075 0.037646 0.0313908 0.0254327 0.0198962 0.0149151 0.0106221 0.00712112 0.00445308
 0.00789369 0.0128889 0.019519 0.0277536 0.0373243 0.0475691 0.0574059 0.0656023 0.0712233 0.073925 0.0739086 0.0716635 0.0677381 0.0626335 0.0567744 0.0504999 0.0440654 0.0376571 0.0314161 0.0254649 0.0199277 0.0149393 0.0106353 0.00712345 0.00444774
 0.00786109 0.0128385 0.0194484 0.0276634 0.0372187 0.0474566 0.0572987 0.0655135 0.0711621 0.0738932 0.0739005 0.0716707 0.0677553 0.0626611 0.0568163 0.0505597 0.044143 0.0377479 0.0315128 0.0255591 0.0200116 0.0150069 0.0106839 0.00715367 0.00446322
 0.00786278 0.012834 0.0194284 0.0276155 0.0371313 0.0473253 0.0571308 0.0653289 0.070988 0.0737554 0.0738162 0.0716443 0.0677802 0.0627244 0.0569047 0.0506636 0.0442563 0.0378666 0.0316322 0.0256731 0.0201135 0.0150912 0.0107474 0.00719671 0.00448902
 0.00784811 0.01281 0.0193916 0.0275616 0.0370553 0.0472215 0.0569952 0.0651622 0.0707989 0.0735628 0.0736459 0.0715233 0.0677274 0.0627453 0.0569909 0.0507974 0.044418 0.0380387 0.0318017 0.0258304 0.0202513 0.0152044 0.0108338 0.00725708 0.00452726
 0.00782478 0.0127713 0.0193322 0.0274764 0.036941 0.0470785 0.0568292 0.0649835 0.0706204 0.0733969 0.0735041 0.0714166 0.0676674 0.0627424 0.0570503 0.0509157 0.0445824 0.0382307 0.0320016 0.026021 0.0204202 0.0153438 0.0109406 0.00733269 0.00457618
 0.00783711 0.0127866 0.0193461 0.0274818 0.0369289 0.0470412 0.0567622 0.0648876 0.070501 0.0732632 0.0733673 0.0712886 0.0675599 0.0626662 0.0570149 0.0509272 0.0446415 0.0383308 0.0321297 0.0261607 0.0205555 0.0154625 0.0110355 0.00740186 0.00462208
 0.00778966 0.0127144 0.0192468 0.0273561 0.0367804 0.0468751 0.0565854 0.0647085 0.0703307 0.0731138 0.0732508 0.0712147 0.0675343 0.0626901 0.0570858 0.0510403 0.0447905 0.0385075 0.032323 0.0263569 0.02074 0.0156226 0.0111633 0.00749525 0.00468432
 0.00773711 0.0126281 0.0191157 0.027171 0.0365374 0.0465805 0.056259 0.0643825 0.0700415 0.072892 0.0731143 0.0711675 0.0675704 0.0627982 0.0572527 0.0512523 0.0450339 0.038769 0.0325891 0.026614 0.0209744 0.015823 0.0113224 0.00761165 0.0047622
 0.00772645 0.0126044 0.0190682 0.0270854 0.0363994 0.0463811 0.0560002 0.0640798 0.0697228 0.0725922 0.0728681 0.0710022 0.067501 0.0628257 0.0573665 0.0514347 0.0452648 0.0390284 0.0328587 0.0268769 0.0212157 0.0160304 0.0114882 0.00773403 0.00484487
 0.00769582 0.0125567 0.019 0.026994 0.0362819 0.046234 0.0558203 0.0638664 0.0694811 0.0723366 0.0726218 0.0707942 0.0673595 0.0627712 0.0574067 0.0515637 0.0454657 0.0392783 0.0331326 0.0271514 0.021471 0.0162514 0.0116659 0.00786567 0.00493424
 0.00766743 0.0125128 0.0189381 0.0269133 0.0361838 0.0461212 0.0556968 0.0637365 0.0693479 0.0722012 0.0724851 0.0706604 0.067239 0.0626809 0.0573656 0.0515866 0.0455572 0.0394312 0.0333298 0.0273705 0.0216889 0.0164485 0.0118289 0.0079891 0.00501937
 0.00764952 0.0124814 0.018887 0.0268359 0.0360752 0.0459816 0.0555338 0.0635645 0.0691845 0.0720613 0.0723766 0.0705838 0.0671906 0.0626576 0.0573688 0.0516224 0.0456334 0.0395513 0.0334897 0.0275572 0.0218835 0.0166316 0.011985 0.00810977 0.00510391
 0.00763838 0.0124645 0.0188634 0.0268048 0.0360353 0.0459304 0.0554676 0.0634807 0.0690834 0.0719488 0.0722633 0.0704819 0.0671103 0.0626043 0.0573439 0.0516261 0.045667 0.039617 0.0335875 0.027682 0.0220242 0.0167729 0.012112 0.00821221 0.00517804
 0.00760482 0.0124157 0.0188009 0.0267337 0.0359628 0.0458634 0.0554106 0.0634344 0.0690453 0.0719142 0.0722277 0.0704437 0.0670715 0.0625709 0.057323 0.0516239 0.0456874 0.0396622 0.0336575 0.0277739 0.0221311 0.0168841 0.0122158 0.00829877 0.00524259
 0.00759343 0.0123927 0.0187582 0.0266625 0.0358568 0.0457243 0.0552508 0.063276 0.0689125 0.0718247 0.0721867 0.0704446 0.0671015 0.0626172 0.0573775 0.051684 0.0457547 0.0397393 0.0337463 0.0278736 0.0222375 0.0169901 0.0123127 0.00837947 0.00530309
 0.00757532 0.0123663 0.0187237 0.026621 0.0358087 0.0456673 0.0551804 0.0631879 0.0688076 0.0717121 0.072083 0.0703676 0.0670633 0.0626197 0.0574137 0.0517431 0.0458274 0.0398201 0.0338331 0.0279651 0.0223313 0.0170817 0.0123961 0.00844901 0.00535569
 0.00756624 0.0123503 0.0186977 0.0265818 0.0357546 0.0455996 0.0551038 0.0631093 0.0687332 0.0716449 0.0720233 0.0703162 0.067024 0.0625991 0.0574181 0.0517745 0.0458822 0.0398919 0.0339149 0.0280515 0.0224178 0.0171639 0.0124696 0.00850982 0.00540164
 0.00754287 0.0123166 0.0186546 0.0265326 0.0357035 0.0455494 0.0550554 0.0630618 0.0686859 0.0715991 0.0719816 0.0702818 0.0669993 0.062586 0.0574188 0.0517914 0.0459172 0.0399441 0.0339809 0.0281258 0.0224944 0.0172372 0.0125347 0.00856328 0.00544182
 0.0075387 0.0123065 0.0186337 0.0264952 0.0356451 0.0454707 0.0549635 0.0629692 0.0686062 0.0715412 0.0719478 0.0702687 0.0670016 0.0625994 0.0574411 0.0518227 0.0459583 0.0399958 0.0340424 0.0281944 0.0225655 0.0173055 0.0125953 0.0086127 0.00547867
 0.00752001 0.0122787 0.0185964 0.0264489 0.0355909 0.0454083 0.054892 0.0628886 0.0685197 0.0714566 0.0718766 0.0702216 0.0669847 0.0626124 0.0574788 0.0518779 0.0460248 0.0400696 0.0341206 0.0282743 0.0226438 0.0173781 0.0126581 0.00866301 0.00551556
 0.00752686 0.0122876 0.0186057 0.026456 0.0355927 0.0454031 0.0548793 0.0628691 0.0684937 0.0714236 0.0718358 0.0701742 0.0669355 0.0625689 0.0574479 0.0518641 0.0460288 0.040089 0.0341521 0.0283142 0.0226883 0.0174232 0.0126998 0.00869806 0.00554225
 0.00751349 0.0122707 0.0185892 0.026446 0.0355951 0.0454206 0.0549091 0.0629033 0.0685225 0.0714391 0.0718344 0.0701563 0.0669042 0.062529 0.0574059 0.0518267 0.0460018 0.0400759 0.0341535 0.0283282 0.0227112 0.0174507 0.0127279 0.0087231 0.00556211
 0.00748331 0.0122218 0.0185164 0.026346 0.035469 0.0452761 0.0547621 0.0627749 0.0684329 0.0714001 0.0718454 0.0702065 0.0669785 0.0626134 0.057491 0.0519081 0.0460788 0.0401497 0.0342253 0.028398 0.0227776 0.0175109 0.0127791 0.00876354 0.00559144
 0.00749142 0.0122304 0.0185207 0.0263384 0.0354408 0.0452207 0.0546781 0.0626681 0.0683162 0.0712908 0.0717609 0.0701594 0.0669724 0.0626433 0.0575456 0.0519752 0.0461491 0.0402181 0.03429 0.0284586 0.0228337 0.0175614 0.0128222 0.00879783 0.0056165
 0.00749142 0.0122304 0.0185207 0.0263384 0.0354408 0.0452207 0.0546781 0.0626681 0.0683162 0.0712908 0.0717609 0.0701594 0.0669724 0.0626433 0.0575456 0.0519752 0.0461491 0.0402181 0.03429 0.0284586 0.0228337 0.0175614 0.0128222 0.00879783 0.0056165
 0.00716795 0.0117187 0.017779 0.0253427 0.0341958 0.0437729 0.0531271 0.0611627 0.0670276 0.0703722 0.071312 0.0702094 0.0674842 0.0635296 0.0586908 0.0532574 0.0474583 0.0414675 0.0354197 0.029433 0.0236366 0.0181916 0.0132905 0.00912445 0.00582831
 0.00707389 0.011533 0.0174395 0.0247736 0.0333279 0.0425765 0.051641 0.0595023 0.0653648 0.0688974 0.070195 0.0695721 0.0673845 0.0639569 0.0595727 0.0544758 0.048873 0.0429404 0.0368335 0.0307017 0.0247079 0.0190438 0.0139274 0.00956919 0.00611633
#pred catch len freq
 0.0045346 0.00713514 0.01033 0.0140125 0.0181196 0.0226218 0.0274521 0.0324573 0.03742 0.0421125 0.0463333 0.0499266 0.0527969 0.0549203 0.0563432 0.0571749 0.057578 0.0577341 0.0577512 0.0575122 0.0565488 0.0540952 0.0494173 0.0423016 0.0333707
 0.00468261 0.00731658 0.0104971 0.014093 0.0180474 0.0223793 0.0270961 0.0321058 0.0371999 0.0420998 0.0465246 0.0502576 0.0531917 0.0553368 0.0567888 0.057685 0.058171 0.0583669 0.0583033 0.0578145 0.0564527 0.053549 0.0485047 0.0412129 0.0323228
 0.00493313 0.00769744 0.0110169 0.0147312 0.0187476 0.0230483 0.0276166 0.0323695 0.0371565 0.041793 0.0460843 0.0498419 0.0529168 0.0552408 0.0568469 0.0578523 0.0584094 0.0586372 0.0585374 0.0579038 0.0562785 0.0530426 0.0476982 0.0402394 0.0313603
 0.00516902 0.00807055 0.0115593 0.0154664 0.0196852 0.0241751 0.0288807 0.0336678 0.0383378 0.042689 0.046563 0.0498616 0.0525473 0.0546326 0.0561657 0.0572173 0.0578682 0.0581741 0.0580921 0.0573897 0.0556071 0.0521629 0.0466345 0.0390969 0.0302861
 0.00541729 0.00845746 0.0121122 0.0162042 0.0206213 0.0253184 0.0302303 0.0351981 0.0399811 0.0443236 0.0480178 0.0509476 0.053111 0.0546122 0.0556152 0.0562816 0.0567201 0.0569486 0.0568506 0.0561252 0.0542802 0.0507512 0.0451707 0.0376752 0.029029
 0.00572488 0.00893207 0.0127803 0.017077 0.0216983 0.0265929 0.0316892 0.0368175 0.0417195 0.0461143 0.049761 0.0525055 0.0543173 0.0553026 0.0556755 0.0556898 0.0555562 0.0553615 0.0550004 0.0541363 0.0522319 0.0487038 0.0432005 0.0358854 0.0275268
 0.00607112 0.00946697 0.0135342 0.0180624 0.0229131 0.0280236 0.0333106 0.0385889 0.0435827 0.0479961 0.0515765 0.0541575 0.0556932 0.0562743 0.056112 0.0554857 0.054668 0.0538303 0.0529457 0.0517239 0.0496387 0.0460996 0.0407455 0.0337256 0.0257736
 0.00642216 0.0100103 0.0143022 0.0190703 0.0241616 0.0295023 0.0349958 0.0404379 0.0455309 0.0499595 0.0534593 0.0558599 0.0571159 0.0573193 0.0566799 0.0554796 0.0540092 0.0524862 0.0509566 0.0492129 0.0467991 0.0431655 0.0379558 0.0312862 0.0238217
 0.00678291 0.0105706 0.0150978 0.02012 0.0254692 0.0310581 0.0367731 0.0423874 0.0475787 0.0520119 0.055411 0.057604 0.0585517 0.0583565 0.0572384 0.055486 0.0533971 0.0512097 0.0490162 0.0466855 0.0438528 0.0400468 0.0349459 0.0286398 0.021709
 0.00714504 0.0111359 0.0159059 0.0211959 0.0268231 0.0326856 0.0386495 0.0444598 0.0497633 0.0541993 0.0574781 0.0594268 0.0600181 0.0593748 0.0577388 0.055415 0.0527117 0.0498792 0.0470392 0.0441196 0.040843 0.0368286 0.0318103 0.025865 0.0194886
 0.00749113 0.01167 0.0166584 0.0221806 0.0280424 0.0341357 0.040319 0.0463214 0.0517639 0.0562557 0.0594798 0.0612472 0.0615305 0.0604675 0.0583246 0.0554328 0.0521213 0.0486587 0.0451937 0.041703 0.0379855 0.0337473 0.0287831 0.0231675 0.0173194
 0.00778195 0.012127 0.0173173 0.0230657 0.0291652 0.0354917 0.0418836 0.0480464 0.0535817 0.0580871 0.0612409 0.0628511 0.0628864 0.0614837 0.0589146 0.0555225 0.0516554 0.0476046 0.0435504 0.0395185 0.035378 0.0309148 0.0259824 0.0206575 0.0152916
 0.00809534 0.012617 0.0180198 0.0240042 0.0303513 0.0369239 0.0435404 0.0498781 0.055506 0.0599958 0.0630143 0.064376 0.064071 0.0622631 0.0592463 0.055377 0.0510086 0.0464398 0.0418702 0.0373656 0.0328582 0.0282073 0.0233206 0.0182786 0.0133715
 0.00843938 0.0131445 0.0187556 0.0249539 0.0315059 0.0382668 0.0450483 0.0515147 0.0572158 0.0617007 0.0646175 0.0657715 0.065158 0.0629605 0.0595019 0.055166 0.0503255 0.0452906 0.0402736 0.0353683 0.0305555 0.0257552 0.0209221 0.0161405 0.0116477
 0.00879655 0.0136984 0.0195395 0.0259816 0.0327715 0.0397447 0.0466901 0.0532481 0.0589496 0.0633373 0.0660646 0.066949 0.0659999 0.0634163 0.0595379 0.0547674 0.049495 0.0440461 0.0386484 0.0334189 0.0283753 0.0234833 0.0187328 0.0142081 0.0100996
 0.00914976 0.014236 0.0202817 0.0269267 0.0339024 0.0410378 0.0481174 0.0547698 0.0605051 0.0648425 0.0674193 0.0680532 0.0667717 0.0638026 0.0595159 0.0543376 0.0486737 0.0428602 0.0371373 0.0316416 0.0264208 0.0214754 0.01682 0.0125344 0.00876722
 0.00951613 0.0147851 0.0210223 0.0278377 0.0349424 0.0421597 0.0492784 0.0559335 0.0616379 0.0659097 0.0683812 0.0688622 0.067373 0.0641411 0.0595467 0.0540347 0.048033 0.0418982 0.0358889 0.0301624 0.024792 0.0198055 0.0152347 0.0111526 0.00767106
 0.0097009 0.0150842 0.0214691 0.0284605 0.0357562 0.0431553 0.0504132 0.0571321 0.0628075 0.0669629 0.0692545 0.0695203 0.0678014 0.0643336 0.059497 0.0537344 0.0474761 0.0410882 0.0348461 0.0289294 0.0234372 0.0184213 0.0139264 0.0100176 0.00677458
 0.00976906 0.0151942 0.0216347 0.0286981 0.0360866 0.0436033 0.0510016 0.0578695 0.0636743 0.0679028 0.0701808 0.0703366 0.068427 0.0647211 0.0596319 0.0536235 0.0471337 0.0405296 0.0340911 0.0280106 0.0224076 0.0173553 0.0129107 0.00913239 0.00607404
 0.00982428 0.0152805 0.0217587 0.028865 0.036301 0.0438709 0.05133 0.0582673 0.0641484 0.0684526 0.0707894 0.0709642 0.069012 0.0651926 0.0599282 0.0537068 0.046994 0.0401789 0.0335553 0.0273263 0.0216238 0.0165346 0.0121234 0.00844367 0.0055279
 0.00987104 0.0153431 0.0218287 0.0289278 0.0363425 0.0438866 0.0513316 0.0582825 0.0642126 0.0685979 0.0710345 0.0713084 0.0694327 0.0656454 0.060353 0.0540391 0.0471795 0.0401856 0.0333778 0.0269843 0.0211581 0.016001 0.0115846 0.00795726 0.00513442
 0.00975609 0.0151724 0.0216014 0.0286524 0.0360332 0.0435577 0.0509965 0.0579581 0.0639261 0.0683902 0.0709551 0.0714005 0.0697165 0.0661065 0.0609408 0.0546767 0.0477806 0.0406727 0.033698 0.027118 0.0211194 0.0158312 0.0113406 0.00769669 0.00490265
 0.00946895 0.014756 0.0210681 0.0280463 0.0354172 0.0429931 0.0505265 0.0576031 0.06369 0.0682699 0.0709497 0.0715162 0.0699652 0.0664971 0.0614665 0.0553054 0.048454 0.0413173 0.0342428 0.0275127 0.0213459 0.0159049 0.0113016 0.00759584 0.00478573
 0.00934003 0.0145451 0.0207501 0.0276015 0.0348413 0.0423093 0.0497924 0.056905 0.0631197 0.0678963 0.0708005 0.0715803 0.0702093 0.066885 0.0619683 0.0558943 0.0490975 0.04197 0.0348495 0.0280203 0.0217183 0.0161335 0.0114055 0.00761201 0.00475515
 0.00940369 0.0146247 0.0208243 0.0276324 0.0347801 0.0421092 0.0494249 0.0563732 0.0624675 0.0672057 0.0701752 0.0711174 0.0699714 0.0668864 0.0621817 0.0562698 0.0495793 0.0425038 0.0353831 0.0285044 0.0221129 0.0164167 0.0115783 0.00769509 0.00477912
 0.00946121 0.0147074 0.0209276 0.0277422 0.0348725 0.0421521 0.0493811 0.0562071 0.0621552 0.0667494 0.0696133 0.0705242 0.0694417 0.0665094 0.0620151 0.0563256 0.0498269 0.0428855 0.035831 0.0289541 0.0225125 0.0167325 0.0117985 0.00782794 0.00484588
 0.00948121 0.0147358 0.0209626 0.0277786 0.0349024 0.042165 0.0493643 0.0561455 0.062032 0.0665493 0.0693294 0.0701669 0.0690457 0.0661319 0.0617239 0.0561787 0.0498531 0.0430754 0.0361418 0.029325 0.0228818 0.0170524 0.0120427 0.00799206 0.00494227
 0.00947012 0.0147263 0.020964 0.027804 0.0349644 0.0422692 0.0495035 0.0562985 0.0621677 0.0666338 0.0693331 0.0700708 0.0688472 0.06585 0.0613998 0.0558697 0.049618 0.0429558 0.0361493 0.0294388 0.0230595 0.017246 0.012214 0.00812086 0.00502568
 0.00940075 0.0146251 0.0208336 0.0276561 0.0348182 0.0421482 0.0494308 0.0562916 0.0622326 0.0667597 0.069492 0.0702237 0.0689549 0.0658857 0.0613579 0.0557682 0.049494 0.0428537 0.036105 0.0294672 0.0231505 0.0173724 0.0123439 0.00823024 0.0051038
