SBPRF35
12.7214
Curr Bio
724019
B35
887831
F35
0.169518
FOFL
0.137377
OFL
82679.2
Bzero
3.63469e+006
#pred survey bio
 3.73363e+006 3.61746e+006 3.50816e+006 3.33938e+006 3.14246e+006 2.89133e+006 2.60815e+006 2.37289e+006 2.14056e+006 1.91004e+006 1.70591e+006 1.47106e+006 1.30875e+006 1.13124e+006 976837 860842 772870 719961 678787 649960 617936 587253 565335 557450 549951 547922 549549 548314 542086 549421 557619 567191 572480 580950 589741 611523 623812 627064 638302 652319 666028 681379 687947 699952 715621 716762 719015 716582 712718 703602 705348 722577 728883 2.56335e+007 1.53703e+007 1.56922e+007 1.66882e+007 1.81445e+007 1.97853e+007 2.13975e+007 2.28533e+007 2.4096e+007 2.51164e+007 2.59315e+007 2.65704e+007 2.70646e+007 2.74435e+007 2.77325e+007 2.79525e+007 2.81199e+007 2.82473e+007 2.83447e+007 2.84193e+007 2.84768e+007 2.85212e+007 2.85557e+007 2.85827e+007 2.86038e+007 2.86204e+007 2.86336e+007 2.8644e+007 2.86523e+007 2.86589e+007 2.86642e+007 2.86685e+007 2.86719e+007 2.86747e+007 2.8677e+007 2.86788e+007 2.86803e+007 2.86815e+007 2.86825e+007 2.86833e+007 2.86839e+007 2.86845e+007 2.86849e+007 2.86852e+007 2.86855e+007 2.86858e+007 2.8686e+007 2.86861e+007 2.86862e+007 2.86864e+007 2.86864e+007 2.86865e+007 2.86866e+007 2.86866e+007 2.86867e+007 2.86867e+007 2.86867e+007 2.86867e+007 2.86867e+007 2.86868e+007 2.86868e+007 2.86868e+007 2.86868e+007 2.86868e+007 2.86868e+007 2.86868e+007 2.86868e+007 2.86868e+007 2.86868e+007 2.86868e+007 2.86868e+007 2.86868e+007 2.86868e+007 2.86868e+007 2.86868e+007 2.86868e+007 2.86868e+007 2.86868e+007 2.86868e+007 2.86868e+007 2.86868e+007 2.86868e+007 2.86868e+007 2.86868e+007 2.86868e+007 2.86868e+007 2.86868e+007 2.86868e+007 2.86868e+007 2.86868e+007 2.86868e+007 2.86868e+007 2.86868e+007 2.86868e+007 2.86868e+007 2.86868e+007 2.86868e+007 2.86868e+007 2.86868e+007 2.86868e+007 0 0 0 0 0 0 0 0 0 0 0 0 0 0 0 0 0 0 0 0 0 0 0 0 0
#obs survey bio
 3.3318e+006 5.00464e+006 3.30945e+006 3.614e+006 3.49429e+006 2.07136e+006 2.54008e+006 1.83185e+006 2.17249e+006 1.57711e+006 2.91495e+006 1.66944e+006 1.4569e+006 1.4403e+006 746298 793866 748945 457612 691954 835969 498588 510022 523469 748138 523335 741064 462769 671998 490539 672499 551028 333596 481338 491558 603664 774683 638108 559005 787952 637569 422739 483403 841168 870718 909834 581513 615423 818730 674406 608048 550351 684975 838017
#pred catch bio
 98789.5 98043.7 160602 197465 261176 306863 280158 293817 306560 294197 329084 269363 285938 265301 230272 203777 171090 158358 144306 142786 137216 126026 111500 109380 103487 99664.4 101323 104383 92452.8 92534.9 92783.2 97800.2 95980.9 96599 87173.9 96876.9 105146 98974.1 97811.5 99594.5 100019 108498 103953 101088 113113 111066 113760 113377 116246 105907 92869 101459 100021 82679.2 100397 101296 106319 115049 125291 135372 144374 151924 157982 162689 166257 168912 170858 172268 173281 174003 174515 174876 175129 175307 175431 175518 175578 175620 175649 175669 175683 175693 175699 175704 175707 175709 175711 175712 175713 175713 175713 175714 175714 175714 175714 175714 175714 175714 175714 175714 175714 175714 175714 175714 175714 175714 175714 175714 175714 175714 175714 175714 175714 175714 175714 175714 175714 175714 175714 175714 175714 175714 175714 175714 175714 175714 175714 175714 175714 175714 175714 175714 175714 175714 175714 175714 175714 175714 175714 175714 175714 175714 175714 175714 175714 175714 175714 175714 175714 175714 175714 175714 175714 0 0 0 0 0 0 0 0 0 0 0 0 0 0 0 0 0 0 0 0 0 0 0 0 0
#obs catch bio
 0 97648.1 160922 197292 261089 307586 279988 294765 307677 295966 330230 268478 287514 267372 233303 207214 173554 160991 145944 143168 137563 127263 112274 109496 103733 99928.9 101410 104485 92366 92355.4 92510.4 98629.5 96518.5 96990.3 87383.2 97070.8 105689 99506.1 98132.3 99709.6 100528 109607 104290 101030 113032 111087 113788 112910 115884 105624 92399.3 101437 100007
#pred cpue bio
 3.6806e+006 3.56611e+006 3.45821e+006 3.29009e+006 3.09364e+006 2.84339e+006 2.56138e+006 2.3268e+006 2.09536e+006 1.86606e+006 1.66332e+006 1.43089e+006 1.26986e+006 1.09425e+006 941766 827292 740801 689058 649133 621530 590857 561230 540085 532720 525688 523843 525590 524577 518661 525845 533776 542873 547855 556149 564765 585985 598010 601168 612083 625770 639048 653850 660344 672346 687919 689259 691650 689537 686014 677258 679017 695973 702772 2.47645e+007 1.48725e+007 1.5054e+007 1.5861e+007 1.7239e+007 1.88581e+007 2.04652e+007 2.19199e+007 2.31624e+007 2.41827e+007 2.49978e+007 2.56367e+007 2.61308e+007 2.65098e+007 2.67988e+007 2.70188e+007 2.71861e+007 2.73136e+007 2.7411e+007 2.74856e+007 2.75431e+007 2.75875e+007 2.7622e+007 2.7649e+007 2.76701e+007 2.76867e+007 2.76999e+007 2.77103e+007 2.77186e+007 2.77252e+007 2.77305e+007 2.77348e+007 2.77382e+007 2.7741e+007 2.77433e+007 2.77451e+007 2.77466e+007 2.77478e+007 2.77488e+007 2.77496e+007 2.77502e+007 2.77507e+007 2.77512e+007 2.77515e+007 2.77518e+007 2.77521e+007 2.77523e+007 2.77524e+007 2.77525e+007 2.77526e+007 2.77527e+007 2.77528e+007 2.77529e+007 2.77529e+007 2.77529e+007 2.7753e+007 2.7753e+007 2.7753e+007 2.7753e+007 2.77531e+007 2.77531e+007 2.77531e+007 2.77531e+007 2.77531e+007 2.77531e+007 2.77531e+007 2.77531e+007 2.77531e+007 2.77531e+007 2.77531e+007 2.77531e+007 2.77531e+007 2.77531e+007 2.77531e+007 2.77531e+007 2.77531e+007 2.77531e+007 2.77531e+007 2.77531e+007 2.77531e+007 2.77531e+007 2.77531e+007 2.77531e+007 2.77531e+007 2.77531e+007 2.77531e+007 2.77531e+007 2.77531e+007 2.77531e+007 2.77531e+007 2.77531e+007 2.77531e+007 2.77531e+007 2.77531e+007 2.77531e+007 2.77531e+007 2.77531e+007 2.77531e+007 2.77531e+007 2.77531e+007 0 0 0 0 0 0 0 0 0 0 0 0 0 0 0 0 0 0 0 0 0 0 0 0 0
#obs cpue bio
 4.76723e+006 3.26866e+006 3.31721e+006 3.10519e+006 3.1837e+006 3.0568e+006 2.61337e+006 2.18182e+006 2.0992e+006 1.49507e+006 1.56737e+006 1.47641e+006 767244 682552 757540 605782 606079 782796 655255 773297 707453 378015 548795 587125 473234 356437 704870 460305 565654 503766 581300 392207 689974 745956 471335 542975 470468 532087 553966 758840 630135 637589 800827 675776 658506 712697 842728 869847 765392 775418 1.00153e+006 594269 579023
#pred surv len freq
 0.00450341 0.00735664 0.011157 0.0159158 0.0215377 0.0277374 0.0340148 0.0397796 0.0445724 0.0482107 0.0507664 0.0524401 0.0534495 0.0539785 0.0541682 0.0541273 0.053948 0.0537043 0.0533975 0.052848 0.0516037 0.0489959 0.0444238 0.0377606 0.0296028
 0.00466263 0.00754262 0.0113062 0.0159349 0.0213413 0.0273013 0.0334093 0.0391543 0.0440913 0.0479779 0.0507881 0.0526443 0.0537435 0.0543037 0.0545232 0.0545502 0.0544732 0.0543164 0.0540096 0.0533193 0.0517948 0.0488359 0.0439495 0.0371024 0.0289241
 0.0048184 0.00780379 0.0117079 0.0164989 0.0220528 0.0280853 0.0341268 0.0396399 0.0442254 0.0477523 0.0503153 0.0520983 0.0532735 0.0539813 0.0543481 0.054493 0.054509 0.0544234 0.054144 0.0533986 0.0517165 0.0485265 0.0434111 0.0364206 0.0282293
 0.0049841 0.00807417 0.0121178 0.0170835 0.0228428 0.0290936 0.035329 0.0409536 0.0455053 0.0488136 0.0509886 0.0522939 0.0530183 0.0534017 0.0536087 0.0537311 0.0538015 0.0537891 0.0535585 0.0528084 0.0510568 0.0477518 0.0425276 0.0354967 0.0273696
 0.00516949 0.0083727 0.0125622 0.017704 0.023663 0.0301246 0.0365605 0.0423467 0.0469884 0.0502812 0.0523035 0.0533013 0.0535806 0.0534443 0.0531519 0.0528831 0.052713 0.0525958 0.052343 0.0515952 0.049835 0.0465112 0.0412905 0.034327 0.0263519
 0.00540242 0.00874955 0.013126 0.0184934 0.0247057 0.0314258 0.0380921 0.0440434 0.0487572 0.0520161 0.0538965 0.0546431 0.0545579 0.0539484 0.0531036 0.0522637 0.0515805 0.0510706 0.050568 0.0496964 0.0479057 0.0446237 0.0395187 0.0327546 0.0250572
 0.00570049 0.00922595 0.0138281 0.0194605 0.0259634 0.032976 0.039901 0.046036 0.0508243 0.0540322 0.0557377 0.0561982 0.0557298 0.0546513 0.0532624 0.0518244 0.0505293 0.0494524 0.0484888 0.0473061 0.0453728 0.0421157 0.0371917 0.0307417 0.0234498
 0.005947 0.00962539 0.014427 0.0203022 0.0270804 0.0343792 0.0415667 0.0479012 0.0527944 0.0559972 0.0575873 0.0578288 0.0570465 0.0555665 0.0536953 0.0517043 0.0498065 0.0481157 0.0465855 0.0449519 0.042744 0.0394263 0.0346589 0.0285489 0.021713
 0.00618952 0.0100201 0.0150221 0.0211435 0.0282039 0.0357982 0.0432584 0.0498005 0.0548016 0.0579963 0.0594629 0.0594779 0.0583805 0.0565098 0.0541805 0.0516692 0.0491966 0.0468978 0.0447702 0.0426175 0.0400485 0.0365951 0.0319455 0.0261795 0.0198346
 0.00640256 0.0103744 0.0155706 0.021941 0.0292972 0.0372092 0.0449672 0.0517381 0.0568598 0.0600476 0.0613818 0.061153 0.0597212 0.057445 0.0546548 0.0516358 0.0486136 0.0457335 0.0430217 0.0403384 0.0373729 0.033738 0.0291689 0.0237308 0.0178829
 0.00659442 0.0106858 0.0160391 0.0226041 0.0301886 0.0383515 0.0463608 0.0533528 0.0586319 0.0618859 0.063177 0.0627908 0.0610944 0.058463 0.0552471 0.0517489 0.048206 0.0447753 0.0415062 0.0383058 0.0349356 0.031089 0.0265565 0.0214 0.0160095
 0.00703787 0.011374 0.0170137 0.023882 0.0317598 0.0401784 0.0483745 0.0554537 0.0607013 0.0638055 0.0648462 0.0641327 0.0620532 0.0589985 0.0553304 0.051359 0.0473272 0.0433981 0.0396368 0.0359871 0.0322733 0.0282634 0.0238037 0.0189581 0.0140514
 0.00727475 0.0117728 0.0176381 0.0247961 0.0330107 0.04177 0.0502463 0.0574809 0.0627233 0.065668 0.0664336 0.0653768 0.0629218 0.0594784 0.0554127 0.0510326 0.0465775 0.0422125 0.0380164 0.0339666 0.0299424 0.0257786 0.0213719 0.016791 0.0123062
 0.00760177 0.0122983 0.0184181 0.0258803 0.034435 0.0435427 0.05233 0.059779 0.0650826 0.0678998 0.0683477 0.0668172 0.0637943 0.0597586 0.0551325 0.050252 0.0453578 0.040602 0.036055 0.0317057 0.0274704 0.0232361 0.0189415 0.0146574 0.010604
 0.00795005 0.0128528 0.0192307 0.026991 0.0358647 0.0452821 0.0543277 0.0619373 0.0672687 0.0699661 0.0701501 0.0682272 0.0647084 0.0601095 0.0549002 0.0494643 0.0440784 0.0389107 0.0340339 0.0294402 0.0250632 0.0208202 0.0166752 0.0126947 0.00905261
 0.00811067 0.0131319 0.0196838 0.0276802 0.0368443 0.0465762 0.0559091 0.0637225 0.0691331 0.0717718 0.0717701 0.0695564 0.0656642 0.0606303 0.0549458 0.0490218 0.0431656 0.0375764 0.0323526 0.0275067 0.022992 0.0187447 0.014739 0.0110283 0.00774253
 0.00823284 0.0133236 0.0199612 0.0280588 0.0373425 0.0472175 0.0567182 0.0647134 0.0702935 0.0730512 0.0730798 0.0707845 0.0666974 0.0613729 0.0553297 0.0490073 0.0427408 0.0367575 0.0311856 0.0260686 0.0213882 0.0171021 0.0131909 0.009691 0.00669081
 0.00822619 0.0133176 0.0199613 0.0280742 0.037385 0.0473016 0.056861 0.0649372 0.0706266 0.0735231 0.0737085 0.0715595 0.0675677 0.0622493 0.0561017 0.049567 0.0430044 0.0366784 0.0307603 0.0253373 0.0204312 0.0160295 0.0121243 0.00873944 0.00592771
 0.00815484 0.0132143 0.0198298 0.0279268 0.0372409 0.0471819 0.056786 0.0649248 0.0706928 0.0736835 0.0739783 0.0719501 0.0680794 0.0628605 0.0567608 0.0501943 0.043506 0.0369688 0.0307841 0.0250845 0.0199406 0.015381 0.0114196 0.00807713 0.00537938
 0.00815643 0.0131972 0.0197688 0.0277894 0.0369995 0.0468312 0.0563561 0.0644792 0.0703108 0.0734358 0.0739094 0.0720748 0.068389 0.0633296 0.0573493 0.050845 0.0441444 0.0375108 0.0311534 0.0252328 0.0198636 0.0151198 0.0110486 0.00767998 0.00502518
 0.00828498 0.0133888 0.0200232 0.0280907 0.0373149 0.0471138 0.0565508 0.0645363 0.070204 0.0731783 0.0735564 0.0717074 0.0680874 0.0631506 0.0573155 0.0509451 0.044339 0.0377401 0.0313491 0.0253348 0.0198373 0.0149678 0.0108077 0.00740559 0.0047702
 0.00832878 0.0134737 0.0201752 0.0283392 0.0376811 0.0475946 0.0571057 0.0650872 0.0706542 0.0734415 0.0735847 0.0715064 0.0677132 0.0626913 0.0568636 0.050572 0.0440786 0.0375863 0.0312651 0.0252698 0.0197466 0.0148286 0.0106246 0.00720461 0.00458315
 0.00832911 0.0134702 0.0201639 0.0283178 0.0376549 0.0475815 0.0571365 0.0651955 0.0708568 0.0737214 0.0738882 0.0717602 0.0678547 0.0626943 0.0567471 0.050388 0.0438876 0.0374327 0.0311633 0.0252061 0.0196928 0.0147596 0.0105309 0.0070939 0.00447304
 0.00835819 0.0134952 0.0201608 0.0282516 0.0374902 0.0472999 0.0567518 0.0647587 0.0704458 0.0734191 0.0737566 0.0718195 0.0680766 0.0630136 0.0570886 0.0506945 0.0441351 0.0376259 0.0313186 0.0253347 0.0197938 0.0148255 0.0105572 0.0070855 0.00444305
 0.00840205 0.013564 0.0202581 0.0283747 0.0376257 0.0474198 0.0568148 0.0647207 0.0702797 0.073134 0.0734039 0.0714784 0.0678243 0.0628962 0.057107 0.0508123 0.0443003 0.0377942 0.0314651 0.0254511 0.0198803 0.0148829 0.0105869 0.00709117 0.00443229
 0.00835718 0.0134998 0.0201777 0.028287 0.0375431 0.0473539 0.0567713 0.0646952 0.0702567 0.073091 0.0733215 0.0713536 0.0676787 0.0627711 0.0570465 0.0508419 0.0444166 0.0379691 0.0316607 0.0256351 0.0200326 0.014996 0.0106613 0.00713283 0.00444993
 0.00832139 0.0134359 0.0200719 0.0281252 0.037317 0.047069 0.0564524 0.0643843 0.0699997 0.0729215 0.0732491 0.071364 0.067745 0.06287 0.0571685 0.050992 0.0446033 0.0381927 0.0319072 0.0258806 0.0202525 0.0151732 0.0107898 0.0072162 0.00449762
 0.00829611 0.0133989 0.0200232 0.0280656 0.0372456 0.0469809 0.0563391 0.0642379 0.0698215 0.0727274 0.0730674 0.0712257 0.067671 0.062864 0.0572204 0.0510869 0.0447303 0.0383454 0.0320798 0.0260623 0.0204276 0.0153258 0.010909 0.00729928 0.00454896
 0.00839424 0.0135382 0.0201953 0.0282503 0.0374168 0.0471154 0.0564231 0.0642669 0.0697954 0.0726462 0.0729328 0.0710456 0.0674636 0.062655 0.0570354 0.0509441 0.0446371 0.0383013 0.032079 0.0260956 0.0204831 0.0153896 0.0109686 0.00734645 0.00458106
 0.00842594 0.0135813 0.0202442 0.0282929 0.037436 0.0470929 0.0563443 0.0641264 0.0696012 0.0724207 0.0727078 0.0708531 0.0673258 0.0625813 0.0570242 0.050988 0.0447268 0.038426 0.0322266 0.0262532 0.0206374 0.0155286 0.0110834 0.00743268 0.00463947
 0.0085262 0.013726 0.0204275 0.0284968 0.0376339 0.047256 0.0564478 0.0641522 0.0695402 0.0722744 0.0724903 0.0705911 0.0670541 0.0623343 0.0568284 0.0508571 0.044662 0.0384198 0.0322666 0.0263247 0.0207251 0.0156186 0.0111642 0.00749722 0.00468547
 0.00844373 0.013625 0.0203356 0.0284571 0.0376896 0.0474279 0.0567176 0.0644644 0.069822 0.0724635 0.0725541 0.0705303 0.0668949 0.0621166 0.0565943 0.0506431 0.0444934 0.0383084 0.0322121 0.0263176 0.0207515 0.0156631 0.0112134 0.00754135 0.00471942
 0.00835472 0.0134884 0.0201471 0.0282236 0.0374335 0.04719 0.0565531 0.0644286 0.0699463 0.0727346 0.0729116 0.0708882 0.0671759 0.0622782 0.0566363 0.0505964 0.0444018 0.038212 0.032138 0.0262776 0.0207444 0.0156798 0.0112423 0.00757206 0.00474537
 0.0083553 0.0134714 0.0200891 0.0280932 0.037202 0.0468474 0.0561221 0.0639682 0.0695398 0.0724651 0.0728352 0.0710144 0.0674638 0.0626525 0.0570153 0.05092 0.0446448 0.0383808 0.0322555 0.0263679 0.0208232 0.0157528 0.0113078 0.00762641 0.00478602
 0.008354 0.0134717 0.0200925 0.0280992 0.0372032 0.0468256 0.0560493 0.0638156 0.0692951 0.0721485 0.0725021 0.0707398 0.0673137 0.062657 0.057159 0.0511519 0.0449033 0.0386173 0.0324463 0.0265121 0.0209314 0.0158363 0.0113739 0.00767763 0.00482339
 0.00825287 0.0133124 0.019863 0.0277936 0.0368254 0.0463919 0.0555895 0.0633687 0.0688988 0.0718293 0.072274 0.0706116 0.0672982 0.062771 0.0574118 0.0515314 0.0453708 0.0391171 0.0329235 0.0269278 0.0212679 0.0160935 0.011561 0.00780715 0.00490795
 0.00822946 0.0132743 0.0198055 0.0277116 0.0367137 0.0462463 0.0554086 0.0631566 0.0686661 0.0715927 0.0720524 0.0704231 0.0671582 0.0626938 0.0574116 0.0516196 0.0455485 0.0393685 0.033217 0.0272249 0.0215358 0.0163124 0.0117254 0.00792172 0.0049822
 0.00823757 0.0132917 0.0198389 0.0277687 0.0367997 0.0463588 0.0555344 0.0632715 0.0687412 0.0716031 0.0719856 0.0702821 0.0669611 0.062469 0.0571922 0.0514376 0.0454292 0.0393247 0.0332455 0.0273076 0.0216462 0.016425 0.0118222 0.00799485 0.00503173
 0.00819753 0.0132261 0.0197398 0.0276307 0.0366229 0.0461532 0.0553218 0.0630819 0.0686032 0.0715323 0.0719788 0.0703209 0.0670213 0.0625317 0.0572499 0.051495 0.0454982 0.039418 0.0333694 0.027458 0.0218092 0.0165821 0.0119571 0.00809828 0.00510288
 0.00824114 0.0132779 0.0197826 0.0276367 0.0365613 0.0460029 0.0550819 0.062776 0.0682737 0.0712292 0.071746 0.0701855 0.0669881 0.0625852 0.0573631 0.0516407 0.0456581 0.0395842 0.0335407 0.0276334 0.0219834 0.0167446 0.0120967 0.00820724 0.00517947
 0.00823353 0.0132761 0.019798 0.0276827 0.0366452 0.0461156 0.0551927 0.0628392 0.0682472 0.0710955 0.0715228 0.0699196 0.0667359 0.0623924 0.0572521 0.0516101 0.0456911 0.0396601 0.0336423 0.0277488 0.0221037 0.0168613 0.0122009 0.00829184 0.00524133
 0.00804705 0.0130088 0.0194629 0.0273166 0.0363003 0.0458442 0.0550325 0.0628033 0.0683213 0.071241 0.0716891 0.0700618 0.0668319 0.0624487 0.0572956 0.0516706 0.0457871 0.0397937 0.0338028 0.0279206 0.0222718 0.0170139 0.0123296 0.00839214 0.00531286
 0.00796056 0.0128632 0.0192366 0.0269918 0.0358741 0.0453414 0.054513 0.0623534 0.0680269 0.0711546 0.0718091 0.0703358 0.0671815 0.0628004 0.0576036 0.0519233 0.0459976 0.0399829 0.0339863 0.0281023 0.0224464 0.0171719 0.0124624 0.00849497 0.00538578
 0.00791342 0.0127787 0.0190946 0.0267679 0.0355443 0.044892 0.0539515 0.0617174 0.0673853 0.0705976 0.0714269 0.0701919 0.0672908 0.0631247 0.0580677 0.0524444 0.0465108 0.0404526 0.034401 0.0284629 0.0227551 0.0174284 0.0126655 0.00864559 0.00548901
 0.00782855 0.0126483 0.018912 0.02653 0.03525 0.0445396 0.0535393 0.0612482 0.066873 0.0700744 0.0709457 0.0698203 0.0670953 0.0631489 0.0583151 0.052875 0.0470554 0.0410361 0.0349628 0.0289654 0.0231807 0.0177723 0.0129297 0.00883664 0.00561747
 0.00780015 0.0126071 0.0188589 0.0264688 0.0351855 0.0444743 0.0534708 0.061167 0.0667633 0.0699183 0.0707318 0.0695542 0.0668069 0.0628896 0.0581432 0.0528342 0.0471578 0.041259 0.0352605 0.0292868 0.0234845 0.0180329 0.013136 0.0089881 0.00572031
 0.00771947 0.012486 0.0186956 0.0262692 0.0349619 0.0442439 0.0532528 0.06098 0.0666208 0.0698236 0.0706758 0.0695187 0.066774 0.0628532 0.0581156 0.0528432 0.0472339 0.0414192 0.0354982 0.0295737 0.0237821 0.0183058 0.0133611 0.00915672 0.00583541
 0.00770605 0.0124567 0.0186383 0.0261692 0.0348075 0.0440335 0.053001 0.0607163 0.0663815 0.0696397 0.0705633 0.0694757 0.0667844 0.0628951 0.0581716 0.0529082 0.0473165 0.0415353 0.0356593 0.0297776 0.0240108 0.0185324 0.0135605 0.00931349 0.00594597
 0.00771742 0.0124722 0.0186554 0.0261819 0.0348061 0.0440048 0.052931 0.0605951 0.0662096 0.0694325 0.0703493 0.0692881 0.0666493 0.0628231 0.0581575 0.0529382 0.0473782 0.0416235 0.035775 0.0299213 0.024176 0.0187044 0.0137206 0.00944597 0.00604353
 0.00777732 0.0125629 0.0187792 0.0263357 0.0349813 0.0441877 0.0531025 0.0607316 0.0662863 0.0694289 0.0702572 0.069116 0.0664223 0.0625756 0.0579233 0.0527413 0.0472301 0.041526 0.0357259 0.0299169 0.0242099 0.0187658 0.0137949 0.00951832 0.00610314
 0.0077486 0.0125211 0.0187253 0.0262739 0.0349176 0.0441281 0.0530514 0.0606913 0.0662565 0.0694071 0.0702385 0.0690942 0.0663927 0.0625384 0.0578851 0.0527136 0.0472243 0.0415497 0.0357803 0.0299977 0.0243093 0.0188734 0.0138991 0.00960901 0.00617368
 0.00736576 0.0119614 0.0179999 0.0254345 0.0340431 0.0433019 0.0523432 0.0601502 0.0659124 0.069273 0.0703101 0.0693502 0.0667974 0.0630479 0.0584544 0.0533039 0.047807 0.0421062 0.0362985 0.0304684 0.0247239 0.0192241 0.0141806 0.00982076 0.00632114
 0.00688108 0.0112205 0.0169756 0.0241409 0.0325406 0.0416979 0.050787 0.0588153 0.0649583 0.0688006 0.0703356 0.0698129 0.067592 0.0640599 0.0595825 0.0544676 0.048946 0.0431772 0.0372721 0.0313253 0.0254521 0.0198176 0.01464 0.0101548 0.00654674
#obs surv len freq
 nan nan nan nan nan nan nan nan nan nan nan nan nan nan nan nan nan nan nan nan nan nan nan nan nan
 0.00448499 0.00734651 0.0111767 0.0159932 0.0216941 0.0279696 0.0342837 0.0400148 0.0446941 0.0481575 0.050515 0.0520105 0.0529024 0.0534144 0.0537285 0.0539832 0.0542616 0.0545542 0.0546929 0.0542848 0.0527229 0.0493551 0.043805 0.0362852 0.0276691
 0.00461677 0.00756293 0.0115061 0.0164622 0.022321 0.0287545 0.0351978 0.0409987 0.0456658 0.0490288 0.0512084 0.0524705 0.0531012 0.0533517 0.0534265 0.0534796 0.0536001 0.0537779 0.0538409 0.0533944 0.051833 0.0485092 0.0430482 0.0356557 0.027188
 0.00477909 0.00782846 0.0119089 0.0170352 0.0230898 0.0297272 0.0363541 0.0422839 0.0469956 0.0503025 0.0523234 0.0533357 0.0536467 0.0535366 0.0532425 0.0529486 0.0527678 0.0527039 0.0525921 0.0520411 0.0504509 0.0471789 0.0418498 0.0346552 0.0264219
 0.00497269 0.00814483 0.012388 0.0177156 0.0240009 0.0308784 0.0377223 0.043809 0.0485879 0.0518574 0.0537358 0.0545081 0.054494 0.0539911 0.0532602 0.0525154 0.0519021 0.0514552 0.0510363 0.0502764 0.0485934 0.0453567 0.0401892 0.0332596 0.0253493
 0.00518376 0.00849093 0.0129145 0.0184667 0.0250116 0.0321607 0.0392519 0.0455199 0.0503815 0.0536206 0.0553578 0.0558896 0.0555492 0.0546476 0.0534602 0.0522197 0.051097 0.0501607 0.0493125 0.0482268 0.0463617 0.0431151 0.0381143 0.0314984 0.0239874
 0.00541182 0.00886414 0.0134809 0.0192729 0.0260944 0.0335337 0.0408908 0.0473569 0.052314 0.0555297 0.0571266 0.0574137 0.0567406 0.0554335 0.053781 0.0520285 0.0503631 0.0488793 0.0475194 0.0460122 0.0438766 0.0405603 0.0357085 0.0294314 0.0223761
 0.00564664 0.00924861 0.0140647 0.0201043 0.0272116 0.0349503 0.0425813 0.0492512 0.0543068 0.0575006 0.0589583 0.0590025 0.0579994 0.0562903 0.0541765 0.0519137 0.0496998 0.0476483 0.0457363 0.0437489 0.0412765 0.0378334 0.0330989 0.0271613 0.0205899
 0.00588119 0.00963317 0.0146496 0.0209388 0.0283345 0.0363757 0.0442833 0.0511582 0.0563118 0.0594812 0.0607964 0.0605957 0.0592635 0.057158 0.0545934 0.0518339 0.049085 0.0464728 0.0440031 0.0415134 0.0386679 0.0350574 0.0304074 0.024794 0.0187105
 0.00612231 0.0100291 0.0152528 0.0218005 0.0294949 0.0378479 0.0460371 0.053115 0.0583558 0.0614821 0.0626312 0.062161 0.0604792 0.0579649 0.0549481 0.0517024 0.0484382 0.0452894 0.0422831 0.0393018 0.0360803 0.0322876 0.0277026 0.0223975 0.016795
 0.0063689 0.0104304 0.0158578 0.0226552 0.0306343 0.0392825 0.0477386 0.0550105 0.0603362 0.0634224 0.0644097 0.0636732 0.0616427 0.0587207 0.0552565 0.051537 0.0477799 0.0441256 0.0406175 0.0371758 0.0335978 0.0296263 0.0250944 0.0200758 0.0149302
 0.00658931 0.0107975 0.016426 0.02348 0.0317596 0.0407219 0.0494573 0.0569208 0.0623131 0.0653301 0.0661256 0.0650995 0.0627082 0.0593769 0.0554732 0.0512967 0.0470731 0.0429495 0.0389833 0.0351265 0.0312296 0.0271013 0.0226244 0.0178763 0.0131604
 0.00682543 0.0111818 0.0170054 0.0242991 0.032853 0.042101 0.0510961 0.058748 0.0642188 0.0671837 0.0677976 0.0664784 0.0637115 0.0599542 0.0556021 0.0509737 0.0463048 0.0417481 0.0373715 0.0331519 0.0289845 0.0247329 0.020323 0.0158341 0.0115195
 0.0070708 0.0115836 0.0176152 0.0251651 0.034009 0.0435502 0.0527947 0.0606028 0.0661027 0.0689621 0.0693515 0.067715 0.0645657 0.060386 0.0555943 0.0505284 0.0454377 0.0404844 0.0357468 0.0312221 0.0268405 0.0225096 0.0181884 0.0139554 0.0100178
 0.00729738 0.0119563 0.0181839 0.0259781 0.035103 0.0449329 0.054429 0.0624005 0.067937 0.0706927 0.0708494 0.0688801 0.0653325 0.0607229 0.0554968 0.0500112 0.0445271 0.0392147 0.0341622 0.0293842 0.024839 0.0204678 0.0162533 0.0122689 0.00867936
 0.00745002 0.0122115 0.0185813 0.0265597 0.0359049 0.0459729 0.0556919 0.0638326 0.069451 0.0721822 0.0722053 0.070003 0.0661424 0.0611656 0.0555465 0.0496678 0.0438106 0.0381594 0.0328151 0.0278087 0.0231219 0.0187214 0.0146055 0.0108394 0.00754946
 0.00751976 0.0123242 0.0187504 0.0268002 0.036234 0.0464092 0.0562529 0.0645281 0.0702762 0.0731118 0.0731898 0.0709717 0.0670121 0.0618524 0.0559781 0.0497935 0.0436059 0.037627 0.0319834 0.0267315 0.0218785 0.0174139 0.0133478 0.00973603 0.00667172
 0.0076 0.012448 0.0189245 0.0270267 0.0365108 0.0467317 0.0566148 0.0649241 0.0707043 0.073574 0.0736894 0.0715042 0.0675563 0.0623656 0.0564003 0.0500582 0.043655 0.0374234 0.0315196 0.0260337 0.0210059 0.0164527 0.0123974 0.00888853 0.00599105
 0.00769163 0.0125876 0.0191169 0.0272696 0.0367953 0.0470433 0.0569353 0.0652337 0.0709868 0.0738223 0.0739088 0.0717101 0.0677653 0.0625844 0.0566164 0.050237 0.0437462 0.0373748 0.0312939 0.0256221 0.0204353 0.0157829 0.0117077 0.00825732 0.00547564
 0.00772832 0.0126491 0.0192126 0.0274082 0.0369817 0.0472742 0.0571963 0.0655005 0.0712321 0.074025 0.0740609 0.0718182 0.0678461 0.0626571 0.0566932 0.0503155 0.0438055 0.0373788 0.0312029 0.0254089 0.0200989 0.0153535 0.0112394 0.00781153 0.00510165
 0.00776272 0.0126951 0.019264 0.0274546 0.037013 0.0472874 0.0571993 0.0655099 0.0712653 0.0740917 0.0741587 0.0719361 0.0679715 0.0627821 0.0568154 0.0504335 0.0439123 0.0374571 0.0312269 0.0253532 0.0199512 0.0151236 0.0109595 0.00752575 0.00485019
 0.00781927 0.0127832 0.0193885 0.0276156 0.0372033 0.0474911 0.057392 0.0656644 0.0713603 0.0741216 0.0741353 0.0718821 0.0679098 0.0627274 0.0567733 0.0504034 0.0438893 0.0374322 0.0311858 0.0252791 0.0198313 0.0149574 0.010762 0.00732304 0.0046694
 0.00785177 0.0128336 0.0194598 0.0277088 0.0373174 0.0476224 0.0575333 0.0658036 0.0714819 0.074209 0.0741767 0.0718751 0.0678631 0.0626578 0.0566989 0.0503374 0.0438366 0.0373892 0.031143 0.0252237 0.0197525 0.0148514 0.0106351 0.00719012 0.00454811
 0.00788267 0.0128778 0.0195154 0.0277702 0.0373777 0.0476758 0.0575775 0.0658402 0.071514 0.074239 0.0742039 0.0718956 0.0678717 0.0626513 0.0566788 0.0503092 0.0438071 0.0373623 0.0311172 0.025193 0.0197092 0.0147911 0.0105599 0.00710832 0.00447097
 0.00788467 0.0128817 0.0195221 0.0277806 0.0373912 0.0476901 0.057588 0.065842 0.0715048 0.0742214 0.0741853 0.0718849 0.0678748 0.0626683 0.0567049 0.050338 0.0438335 0.0373838 0.031132 0.0251987 0.0197026 0.0147698 0.010525 0.00706494 0.0044267
 0.00789736 0.0128966 0.0195343 0.0277823 0.0373749 0.0476519 0.0575308 0.0657747 0.0714389 0.0741664 0.0741472 0.0718661 0.0678761 0.0626895 0.0567442 0.0503907 0.043893 0.0374427 0.0311839 0.0252387 0.0197278 0.0147789 0.0105192 0.00704853 0.00440537
 0.00790494 0.0129079 0.0195489 0.0277985 0.0373888 0.0476574 0.0575208 0.0657429 0.0713835 0.074093 0.0740675 0.0717949 0.067826 0.0626674 0.0567508 0.0504219 0.0439418 0.0375007 0.0312426 0.0252909 0.0197678 0.0148043 0.0105303 0.0070482 0.00439811
 0.00788698 0.0128791 0.0195065 0.0277406 0.0373149 0.04757 0.057425 0.0656465 0.0712947 0.0740183 0.0740114 0.0717606 0.0678166 0.0626858 0.056798 0.0504958 0.0440361 0.0376064 0.0313494 0.025389 0.01985 0.0148663 0.0105717 0.00707175 0.00440858
 0.00787899 0.0128611 0.0194705 0.0276765 0.0372141 0.0474294 0.0572517 0.0654575 0.0711132 0.073867 0.0739069 0.0717107 0.0678207 0.0627381 0.0568897 0.0506176 0.0441784 0.0377588 0.0315014 0.0255301 0.0199715 0.0149627 0.0106414 0.00711716 0.00443482
 0.00788154 0.0128635 0.0194706 0.0276702 0.0371952 0.0473904 0.0571852 0.0653589 0.0709843 0.0737182 0.0737567 0.0715809 0.0677306 0.062699 0.0569035 0.050678 0.0442745 0.0378781 0.0316308 0.0256577 0.0200869 0.0150585 0.010714 0.00716706 0.00446564
 0.00783879 0.0127945 0.0193678 0.0275278 0.0370112 0.0471691 0.0569394 0.0651091 0.070754 0.0735285 0.0736222 0.0715096 0.0677258 0.0627601 0.0570262 0.0508531 0.0444879 0.0381124 0.0318681 0.0258814 0.0202838 0.0152198 0.0108366 0.00725267 0.00452023
 0.00782378 0.0127667 0.0193196 0.0274503 0.0368958 0.0470116 0.0567428 0.0648858 0.0705235 0.0733137 0.0734446 0.071386 0.0676662 0.0627675 0.0570978 0.0509814 0.0446619 0.0383177 0.0320876 0.0260976 0.0204808 0.015386 0.0109658 0.007345 0.00458043
 0.00780243 0.0127309 0.0192638 0.0273682 0.0367819 0.0468626 0.05656 0.0646764 0.0703011 0.0730963 0.0732527 0.0712394 0.0675803 0.0627513 0.0571524 0.0511008 0.0448342 0.0385273 0.0323167 0.0263275 0.0206941 0.015569 0.0111106 0.00745004 0.00464998
 0.00776986 0.0126785 0.019186 0.0272604 0.0366412 0.0466898 0.0563608 0.0644618 0.0700857 0.0728962 0.0730827 0.0711125 0.067507 0.0627391 0.0572047 0.0512156 0.0450037 0.0387381 0.0325516 0.0265672 0.0209199 0.0157656 0.0112683 0.00756604 0.00472779
 0.00772751 0.0126095 0.0190822 0.0271146 0.0364496 0.0464544 0.0560928 0.064181 0.0698173 0.0726648 0.0729074 0.0710046 0.0674707 0.0627733 0.0573049 0.0513748 0.0452123 0.0389836 0.0328181 0.0268363 0.021173 0.0159865 0.0114463 0.00769781 0.00481683
 0.00768011 0.0125325 0.0189664 0.0269518 0.0362348 0.0461887 0.0557864 0.0638545 0.0694988 0.0723843 0.0726913 0.0708714 0.0674291 0.0628225 0.0574362 0.0515747 0.0454649 0.0392716 0.0331233 0.0271397 0.021456 0.0162329 0.0116452 0.00784558 0.00491718
 0.00767817 0.0125243 0.0189445 0.0269059 0.0361536 0.0460638 0.0556156 0.0636436 0.069261 0.0721384 0.0724592 0.0706752 0.0672886 0.0627522 0.057443 0.0516571 0.0456137 0.0394722 0.0333574 0.0273874 0.0216971 0.0164497 0.0118248 0.00798188 0.00501146
 0.00766498 0.0125061 0.0189228 0.0268831 0.0361308 0.0460382 0.0555792 0.0635848 0.0691695 0.0720105 0.072301 0.0705022 0.0671224 0.0626154 0.0573548 0.0516302 0.0456523 0.0395715 0.0335049 0.0275653 0.021885 0.0166281 0.0119784 0.00810199 0.00509648
 0.00763094 0.0124573 0.0188615 0.026816 0.0360673 0.0459875 0.0555475 0.0635727 0.069171 0.0720138 0.0722916 0.0704685 0.067061 0.062534 0.0572702 0.0515631 0.0456211 0.039587 0.0335683 0.0276679 0.0220115 0.0167602 0.0120998 0.00820124 0.00516913
 0.00761697 0.0124306 0.0188148 0.0267411 0.0359594 0.0458496 0.0553937 0.0634263 0.0690572 0.0719497 0.0722797 0.0704972 0.0671102 0.0625842 0.0573101 0.0515925 0.0456492 0.039627 0.0336304 0.0277548 0.0221176 0.0168736 0.0122068 0.008291 0.00523623
 0.00759558 0.0123976 0.0187678 0.0266786 0.0358797 0.0457509 0.055275 0.0632903 0.068913 0.0718138 0.0721731 0.0704375 0.0671053 0.0626284 0.0573877 0.0516856 0.0457449 0.0397209 0.0337249 0.0278539 0.0222219 0.0169785 0.0123042 0.00837299 0.0052982
 0.00758545 0.0123826 0.0187479 0.0266547 0.0358529 0.0457221 0.0552436 0.0632543 0.0688691 0.0717593 0.0721082 0.0703682 0.0670425 0.0625849 0.0573721 0.051699 0.0457817 0.039773 0.0337857 0.0279203 0.0222923 0.0170503 0.0123726 0.00843258 0.00534485
 0.00757789 0.0123685 0.0187237 0.0266163 0.0357975 0.04565 0.0551601 0.0631686 0.0687914 0.0716972 0.0720643 0.0703403 0.0670276 0.0625814 0.0573817 0.051725 0.0458257 0.0398334 0.0338579 0.0279985 0.0223711 0.0171254 0.01244 0.00848878 0.00538783
 0.00754104 0.0123148 0.0186543 0.0265358 0.0357123 0.0455655 0.055079 0.063092 0.0687207 0.071636 0.0720184 0.0703154 0.0670263 0.0626027 0.0574222 0.0517806 0.0458935 0.0399111 0.0339429 0.028087 0.0224581 0.0172059 0.0125098 0.00854503 0.00542959
 0.00754124 0.0123093 0.0186355 0.0264943 0.0356402 0.0454619 0.0549532 0.0629616 0.0686056 0.0715503 0.071967 0.0702957 0.0670324 0.0626295 0.057466 0.0518387 0.0459632 0.0399895 0.0340267 0.0281726 0.0225414 0.0172825 0.0125757 0.0085977 0.00546828
 0.00751542 0.0122724 0.018589 0.0264417 0.0355846 0.0454033 0.0548873 0.0628828 0.0685122 0.071449 0.071872 0.0702237 0.0669957 0.0626319 0.0575036 0.0519034 0.0460463 0.0400835 0.0341255 0.0282708 0.0226344 0.0173657 0.0126457 0.00865242 0.00550771
 0.00750767 0.0122572 0.0185617 0.0263971 0.0355197 0.0453196 0.0547925 0.0627886 0.0684293 0.0713827 0.0718217 0.0701865 0.0669714 0.0626241 0.0575175 0.0519419 0.0461079 0.0401627 0.034215 0.0283634 0.0227233 0.0174457 0.0127129 0.00870477 0.00554523
 0.00751287 0.0122663 0.0185764 0.0264184 0.0355469 0.0453486 0.0548158 0.0627973 0.0684168 0.0713477 0.0717687 0.0701235 0.0669061 0.0625629 0.0574658 0.0519048 0.0460897 0.0401654 0.034237 0.0284001 0.0227683 0.0174925 0.0127559 0.00874036 0.00557183
 0.0075048 0.0122556 0.0185648 0.0264092 0.035544 0.0453555 0.0548337 0.0628239 0.0684463 0.071372 0.0717799 0.0701166 0.0668808 0.0625239 0.0574206 0.0518615 0.0460554 0.0401451 0.0342331 0.0284117 0.0227918 0.0175224 0.0127867 0.00876759 0.00559304
 0.0075047 0.0122545 0.0185614 0.0264022 0.0355329 0.0453415 0.0548204 0.0628166 0.0684496 0.0713872 0.0718038 0.0701419 0.0668992 0.0625291 0.0574107 0.0518396 0.0460281 0.0401198 0.0342161 0.0284061 0.0227977 0.0175368 0.0128053 0.00878621 0.00560865
 0.0075047 0.0122545 0.0185614 0.0264022 0.0355329 0.0453415 0.0548204 0.0628166 0.0684496 0.0713872 0.0718038 0.0701419 0.0668992 0.0625291 0.0574107 0.0518396 0.0460281 0.0401198 0.0342161 0.0284061 0.0227977 0.0175368 0.0128053 0.00878621 0.00560865
 0.00733887 0.0119951 0.018191 0.025914 0.0349345 0.0446598 0.0541053 0.0621387 0.0678884 0.0710119 0.0716565 0.0702291 0.0671942 0.0629815 0.0579595 0.0524265 0.0466061 0.0406572 0.0346946 0.0288175 0.0231391 0.017809 0.0130118 0.00893342 0.00570625
 0.00735152 0.0119909 0.0181392 0.0257717 0.0346589 0.0442274 0.0535279 0.0614673 0.0672011 0.0703947 0.0711842 0.0699535 0.0671387 0.0631395 0.0582981 0.0528938 0.0471428 0.0412081 0.0352163 0.0292812 0.0235294 0.0181207 0.013247 0.00910016 0.00581612
#pred catch len freq
 0.00452741 0.00712686 0.010324 0.0140142 0.0181355 0.0226579 0.0275118 0.0325414 0.0375273 0.0422418 0.0464861 0.0501093 0.053022 0.0552045 0.0567011 0.057609 0.0580652 0.0582146 0.0581272 0.0576651 0.0563772 0.053561 0.0485769 0.0412963 0.0323765
 0.00470906 0.00735602 0.0105497 0.0141562 0.0181163 0.0224475 0.0271567 0.0321525 0.037229 0.0421122 0.0465279 0.050266 0.0532253 0.0554198 0.0569449 0.0579304 0.0585028 0.0587505 0.0586652 0.0580513 0.0564607 0.0532677 0.0479517 0.0404865 0.0315642
 0.00489957 0.00765758 0.0109835 0.0147239 0.0187857 0.0231404 0.0277529 0.0325225 0.0372904 0.0418777 0.0461062 0.0498077 0.0528512 0.05518 0.0568308 0.0579153 0.0585695 0.0588842 0.0588238 0.0581474 0.0563837 0.0529375 0.0473707 0.0397478 0.0308101
 0.00510668 0.00798136 0.0114482 0.0153472 0.0195788 0.0241043 0.0288643 0.0337145 0.0384407 0.042824 0.0466944 0.0499548 0.0525835 0.0546187 0.0561328 0.0572099 0.0579273 0.0583192 0.0583076 0.0576214 0.0557763 0.0521966 0.0464992 0.0388169 0.0299314
 0.0053598 0.00837252 0.0120001 0.0160706 0.0204754 0.0251705 0.0300903 0.0350761 0.0398884 0.0442704 0.0480091 0.0509782 0.0531654 0.054672 0.0556709 0.0563414 0.0568079 0.0570905 0.0570555 0.0563702 0.0545121 0.0509062 0.0452049 0.0375861 0.0288555
 0.0056698 0.0088532 0.012681 0.0169659 0.0215857 0.0264847 0.0315834 0.036706 0.0415941 0.045974 0.0496159 0.0523748 0.0542217 0.0552564 0.0556827 0.0557483 0.0556648 0.0555232 0.0552168 0.0543952 0.0524999 0.0489328 0.0433472 0.0359326 0.02749
 0.00601406 0.00938538 0.013432 0.0179499 0.0228032 0.0279264 0.0332281 0.0385138 0.0435014 0.047894 0.0514447 0.0539991 0.0555251 0.0561242 0.0560094 0.0554537 0.0547183 0.0539637 0.053154 0.0519889 0.0499295 0.0463752 0.0409655 0.0338658 0.0258345
 0.00633751 0.00988791 0.014146 0.0188932 0.0239811 0.0293333 0.0348454 0.0403042 0.0454061 0.0498339 0.0533254 0.0557152 0.0569659 0.0571788 0.0565722 0.055432 0.0540455 0.05262 0.0511868 0.0495222 0.0471549 0.0435245 0.0382738 0.0315312 0.0239828
 0.00666979 0.0104048 0.0148817 0.0198672 0.0252 0.0307919 0.0365233 0.0421599 0.0473737 0.0518271 0.0552443 0.0574552 0.0584239 0.0582577 0.0571815 0.0554881 0.0534772 0.0513833 0.0492892 0.0470476 0.0442757 0.040487 0.0353551 0.0289783 0.0219566
 0.00695251 0.0108516 0.0155313 0.0207501 0.026337 0.0321909 0.0381713 0.0440158 0.0493663 0.0538609 0.057209 0.0592367 0.0599142 0.0593612 0.0578171 0.0555861 0.0529776 0.0502419 0.0474974 0.0446618 0.0414417 0.0374398 0.0323814 0.0263489 0.0198574
 0.0072908 0.0113727 0.0162633 0.0217043 0.0275127 0.033581 0.039762 0.0457788 0.0512506 0.0557892 0.0590817 0.0609415 0.0613399 0.060409 0.0584067 0.0556546 0.0524751 0.0491327 0.0457727 0.0423656 0.038699 0.0344658 0.0294524 0.023738 0.01776
 0.00779776 0.0121401 0.0173136 0.0230241 0.0290621 0.0353092 0.0416156 0.0477005 0.0531751 0.057642 0.0607816 0.062405 0.0624854 0.0611628 0.0587069 0.055453 0.0517362 0.0478342 0.0439148 0.0399925 0.0359254 0.0314891 0.0265317 0.021135 0.0156664
 0.00819622 0.0127659 0.0182141 0.0242274 0.0305719 0.0370972 0.043614 0.0498019 0.0552482 0.0595575 0.0624345 0.0637223 0.0634213 0.061688 0.0587995 0.0550926 0.0509028 0.0465126 0.0421065 0.0377366 0.0333228 0.0287147 0.0238169 0.018716 0.0137184
 0.00865914 0.0134798 0.0192183 0.0255374 0.0321835 0.0389912 0.0457502 0.0521062 0.0576022 0.0618026 0.0643941 0.0652365 0.0643796 0.062046 0.0585707 0.0543242 0.0496482 0.0448169 0.04001 0.0352954 0.0306353 0.0259378 0.0211541 0.0163734 0.0118468
 0.00910321 0.014163 0.0201752 0.0267773 0.0336946 0.0407457 0.0477048 0.0541966 0.0597392 0.0638734 0.0662677 0.0667737 0.06545 0.0625503 0.0584613 0.0536107 0.0483859 0.0430848 0.0378943 0.0328892 0.0280526 0.0233274 0.018693 0.0142345 0.0101519
 0.00931802 0.0145131 0.0207043 0.0275278 0.0347007 0.0420228 0.0492358 0.0559254 0.0615756 0.0657061 0.0679784 0.0682471 0.0665797 0.0632452 0.058654 0.0532672 0.0475127 0.041728 0.0361332 0.0308285 0.0258204 0.0210738 0.0165798 0.0124092 0.00871323
 0.00942781 0.0146829 0.020946 0.0278529 0.0351263 0.0425766 0.049955 0.0568434 0.0627018 0.0670071 0.0693729 0.0696177 0.0677965 0.0641886 0.0592296 0.0534117 0.0471967 0.0409587 0.034956 0.0293272 0.0241131 0.0193037 0.0148983 0.0109489 0.00756047
 0.00941919 0.0146739 0.0209418 0.0278628 0.0351632 0.0426566 0.0500984 0.0570771 0.0630596 0.0675238 0.0700699 0.0704836 0.0687747 0.0651795 0.0601087 0.0540569 0.0475116 0.0408885 0.0344947 0.0285186 0.0230469 0.0181041 0.0137026 0.00988052 0.00670284
 0.00930872 0.014514 0.0207382 0.0276341 0.0349374 0.0424641 0.0499663 0.0570278 0.0631121 0.0676962 0.0703793 0.0709429 0.0693828 0.0659094 0.0608986 0.0548131 0.048125 0.0412598 0.0345598 0.0282652 0.0225188 0.0173917 0.0129215 0.00914277 0.00609024
 0.00933389 0.0145349 0.0207335 0.0275737 0.0347927 0.0422238 0.0496481 0.056679 0.0627962 0.0674748 0.070298 0.0710265 0.0696373 0.0663235 0.0614418 0.0554312 0.04874 0.0417798 0.0348992 0.0283693 0.0223813 0.0170578 0.0124734 0.00867367 0.00567649
 0.00949555 0.0147719 0.0210408 0.027926 0.0351466 0.0425248 0.0498409 0.0567192 0.0626659 0.0671942 0.0699253 0.0706429 0.0693226 0.0661354 0.0614049 0.0555357 0.0489459 0.0420233 0.0351056 0.0284718 0.0223414 0.0168782 0.0121956 0.00835977 0.0053859
 0.00952502 0.0148314 0.021151 0.0281111 0.0354258 0.0428988 0.0502806 0.0571644 0.0630377 0.0674174 0.0699537 0.0704751 0.0690048 0.0657467 0.0610321 0.0552465 0.0487709 0.0419524 0.0350963 0.0284673 0.0222927 0.0167612 0.0120177 0.00815234 0.0051871
 0.00947006 0.014747 0.0210346 0.027968 0.0352723 0.0427652 0.0502082 0.0571947 0.0631932 0.0676842 0.0702775 0.0707788 0.0692183 0.0658353 0.0610071 0.0551549 0.0486703 0.0418849 0.0350735 0.0284717 0.0222923 0.0167287 0.0119442 0.00804901 0.00507633
 0.00949896 0.0147738 0.0210378 0.0279157 0.0351315 0.0425168 0.0498617 0.056794 0.0628091 0.0673958 0.0701475 0.0708308 0.0694275 0.0661386 0.0613296 0.0554399 0.0488953 0.042057 0.0352114 0.0285873 0.0223836 0.0167861 0.0119618 0.00803126 0.00503715
 0.00952087 0.0148079 0.0210851 0.0279722 0.0351851 0.0425443 0.0498305 0.0566713 0.0625788 0.0670747 0.0697894 0.0705129 0.0692224 0.0660861 0.061424 0.0556371 0.0491366 0.0422934 0.0354154 0.0287502 0.022506 0.0168697 0.0120086 0.00804656 0.0050305
 0.00944558 0.0146992 0.0209472 0.0278181 0.0350335 0.0424131 0.0497302 0.0566004 0.062523 0.0670112 0.0696983 0.0703909 0.0690917 0.0659893 0.0614053 0.0557207 0.0493149 0.0425325 0.0356715 0.0289867 0.0227006 0.0170143 0.0121047 0.00810162 0.00505538
 0.00940943 0.0146375 0.0208493 0.027674 0.0348379 0.042171 0.0494611 0.0563364 0.0622996 0.0668547 0.0696164 0.0703724 0.0691161 0.0660403 0.0614808 0.0558314 0.0494734 0.04274 0.0359127 0.029234 0.0229256 0.017197 0.0122374 0.00818746 0.00510402
 0.0093964 0.0146189 0.0208254 0.0276448 0.0348006 0.0421181 0.0493804 0.0562167 0.0621387 0.0666659 0.0694272 0.0702148 0.0690132 0.0659993 0.0614952 0.0558902 0.049569 0.0428689 0.0360699 0.0294082 0.023099 0.0173511 0.0123591 0.00827264 0.00515661
 0.00944837 0.0146884 0.0209027 0.0277124 0.0348388 0.0421132 0.0493306 0.0561302 0.062027 0.0665374 0.0692861 0.0700665 0.0688695 0.0658775 0.0614122 0.0558558 0.0495839 0.0429271 0.0361621 0.029523 0.023223 0.0174696 0.0124597 0.00834825 0.00520682
