SBPRF35
9.19945
Curr Bio
567714
B35
733987
F35
0.199457
FOFL
0.151795
OFL
69276.1
Bzero
2.62841e+06
#pred survey bio
 4.16247e+06 3.98496e+06 3.80525e+06 3.5665e+06 3.28246e+06 3.02079e+06 2.71054e+06 2.42186e+06 2.15875e+06 1.90355e+06 1.67388e+06 1.48031e+06 1.30389e+06 1.17653e+06 1.04189e+06 925849 823751 731512 688757 661547 643709 618020 601153 584820 572213 571096 573519 571736 569903 572477 568029 568850 557858 538320 519544 502617 495655 492841 503464 508465 524527 536826 544322 545564 544168 540529 538279 533559 533616 544093 552026 573287 2.0045e+07 1.22195e+07 1.26716e+07 1.35883e+07 1.47509e+07 1.59406e+07 1.70219e+07 1.79336e+07 1.86646e+07 1.92308e+07 1.96594e+07 1.99787e+07 2.02145e+07 2.03877e+07 2.05147e+07 2.0608e+07 2.06768e+07 2.07276e+07 2.07655e+07 2.07938e+07 2.08151e+07 2.08312e+07 2.08435e+07 2.08529e+07 2.08601e+07 2.08657e+07 2.087e+07 2.08733e+07 2.08759e+07 2.08779e+07 2.08795e+07 2.08808e+07 2.08817e+07 2.08825e+07 2.08831e+07 2.08836e+07 2.08839e+07 2.08842e+07 2.08845e+07 2.08847e+07 2.08848e+07 2.08849e+07 2.0885e+07 2.08851e+07 2.08851e+07 2.08852e+07 2.08852e+07 2.08852e+07 2.08853e+07 2.08853e+07 2.08853e+07 2.08853e+07 2.08853e+07 2.08853e+07 2.08853e+07 2.08853e+07 2.08853e+07 2.08853e+07 2.08853e+07 2.08853e+07 2.08853e+07 2.08853e+07 2.08853e+07 2.08853e+07 2.08853e+07 2.08853e+07 2.08853e+07 2.08853e+07 2.08853e+07 2.08853e+07 2.08853e+07 2.08853e+07 2.08853e+07 2.08853e+07 2.08853e+07 2.08853e+07 2.08853e+07 2.08853e+07 2.08853e+07 2.08853e+07 2.08853e+07 2.08853e+07 2.08853e+07 2.08853e+07 2.08853e+07 2.08853e+07 2.08853e+07 2.08853e+07 2.08853e+07 2.08853e+07 2.08853e+07 2.08853e+07 2.08853e+07 2.08853e+07 2.08853e+07 2.08853e+07 2.08853e+07 2.08853e+07 2.08853e+07 2.08853e+07 0 0 0 0 0 0 0 0 0 0 0 0 0 0 0 0 0 0 0 0 0 0 0 0 0
#obs survey bio
 2.89885e+06 3.05602e+06 3.7048e+06 4.23263e+06 2.975e+06 3.24816e+06 2.26414e+06 2.34339e+06 1.91144e+06 1.40173e+06 1.41756e+06 1.45516e+06 1.17498e+06 844872 667448 1.00046e+06 658792 638818 550696 667883 651821 566919 439834 519193 408097 535331 533401 584922 652300 509434 410501 559423 715017 797856 365564 418987 436532 450165 380791 755761 656286 527993 462190 560797 477713 467365 605808 415465 496434 524512 589800 686442
#pred catch bio
 91826 94464.3 155812 211696 211015 278294 283234 283601 298297 294423 277269 272969 237405 247352 230416 214675 200697 153935 137839 127294 131231 121316 118677 113387 102707 99798.4 102918 101822 97093.3 101494 94691 101218 103707 98218.9 93034.1 84666.7 85516.2 79700.1 87933.9 80218.1 84334.2 88655.3 93543.8 95119.2 96535.6 94951 96627.5 92823.2 85338.4 88973 79006.7 96647.5 69276.1 90173 92185.6 97764.2 105759 114087 121582 127774 132603 136215 138835 140691 141982 142867 143468 143872 144141 144320 144438 144516 144566 144600 144622 144636 144645 144651 144655 144658 144659 144660 144661 144661 144662 144662 144662 144662 144662 144662 144662 144662 144662 144662 144662 144662 144662 144662 144662 144662 144662 144662 144662 144662 144662 144662 144662 144662 144662 144662 144662 144662 144662 144662 144662 144662 144662 144662 144662 144662 144662 144662 144662 144662 144662 144662 144662 144662 144662 144662 144662 144662 144662 144662 144662 144662 144662 144662 144662 144662 144662 144662 144662 144662 144662 144662 144662 144662 144662 144662 144662 144662 0 0 0 0 0 0 0 0 0 0 0 0 0 0 0 0 0 0 0 0 0 0 0 0 0
#obs catch bio
 0 94308.3 156566 212761 211553 280904 285758 286259 301458 300108 283125 279621 242912 254667 237158 219402 205501 156823 140395 128985 132581 122992 120414 114835 103641 100944 104514 103025 97854.4 103012 95714.8 102172 103982 98122.1 93122.9 84908 86232.1 80176.7 88624.1 80210.6 84145.6 88519.1 93515.6 94666.1 96355.8 94945.6 96407.1 92760.5 85457.3 89283.6 78922.6 96783.1
#pred cpue bio
 4.1058e+06 3.9313e+06 3.75344e+06 3.51581e+06 3.23297e+06 2.97203e+06 2.66298e+06 2.37542e+06 2.1133e+06 1.85904e+06 1.6304e+06 1.438e+06 1.26296e+06 1.13664e+06 1.00385e+06 889990 790246 700293 658825 632679 615660 590751 574402 558711 546660 545584 547926 546411 544927 547684 543744 545190 535258 516916 499184 482809 474947 470424 479863 484867 500944 513184 520581 521911 520591 516986 514824 510219 510056 520087 527745 548734 1.92109e+07 1.172e+07 1.20445e+07 1.28431e+07 1.39727e+07 1.51561e+07 1.62364e+07 1.71479e+07 1.78789e+07 1.84452e+07 1.88737e+07 1.9193e+07 1.94288e+07 1.9602e+07 1.9729e+07 1.98223e+07 1.98911e+07 1.99419e+07 1.99798e+07 2.00081e+07 2.00294e+07 2.00455e+07 2.00578e+07 2.00672e+07 2.00744e+07 2.008e+07 2.00843e+07 2.00876e+07 2.00902e+07 2.00923e+07 2.00938e+07 2.00951e+07 2.0096e+07 2.00968e+07 2.00974e+07 2.00979e+07 2.00983e+07 2.00985e+07 2.00988e+07 2.0099e+07 2.00991e+07 2.00992e+07 2.00993e+07 2.00994e+07 2.00994e+07 2.00995e+07 2.00995e+07 2.00995e+07 2.00996e+07 2.00996e+07 2.00996e+07 2.00996e+07 2.00996e+07 2.00996e+07 2.00996e+07 2.00996e+07 2.00996e+07 2.00996e+07 2.00996e+07 2.00996e+07 2.00996e+07 2.00996e+07 2.00996e+07 2.00996e+07 2.00996e+07 2.00996e+07 2.00996e+07 2.00996e+07 2.00996e+07 2.00996e+07 2.00996e+07 2.00996e+07 2.00996e+07 2.00996e+07 2.00996e+07 2.00996e+07 2.00996e+07 2.00996e+07 2.00996e+07 2.00996e+07 2.00996e+07 2.00996e+07 2.00996e+07 2.00996e+07 2.00996e+07 2.00996e+07 2.00996e+07 2.00996e+07 2.00996e+07 2.00996e+07 2.00996e+07 2.00996e+07 2.00996e+07 2.00996e+07 2.00996e+07 2.00996e+07 2.00996e+07 2.00996e+07 2.00996e+07 2.00996e+07 0 0 0 0 0 0 0 0 0 0 0 0 0 0 0 0 0 0 0 0 0 0 0 0 0
#obs cpue bio
 3.278e+06 2.25995e+06 3.63097e+06 4.70237e+06 2.3098e+06 2.29323e+06 2.67981e+06 2.14917e+06 2.32589e+06 1.06788e+06 1.29831e+06 1.08358e+06 871178 1.06556e+06 1.07568e+06 888973 726855 543718 612259 628770 709995 381341 625085 575558 722018 405382 391993 564328 489957 357498 693930 622773 645513 425080 619197 439856 369621 463900 640584 462112 523122 503247 580280 723476 506258 513762 575737 589339 415723 526588 515072 524620
#pred surv len freq
 0.00512915 0.00828287 0.012382 0.0173795 0.0231406 0.0293728 0.0355942 0.0412437 0.045893 0.0493935 0.0518549 0.0535145 0.0546145 0.0553372 0.0557813 0.055959 0.0558112 0.0552296 0.0540626 0.0520987 0.0490563 0.0446478 0.038749 0.0315996 0.0238727
 0.00539199 0.00861746 0.0127187 0.0176081 0.0231551 0.0291332 0.0351648 0.0407725 0.0455349 0.0492235 0.0518278 0.0534954 0.0544579 0.0549673 0.0552345 0.0553737 0.055373 0.0550947 0.054291 0.0526262 0.0497232 0.0452699 0.0391938 0.031827 0.0239242
 0.00553383 0.00887394 0.0131456 0.0182553 0.0240332 0.0301758 0.0362152 0.0416236 0.0460154 0.0492797 0.051538 0.0530045 0.0538818 0.0543408 0.0545342 0.0545872 0.0545524 0.0543542 0.0537513 0.0523472 0.0496707 0.0453381 0.0392657 0.0318307 0.0238516
 0.00575684 0.00921823 0.0136327 0.0189005 0.024851 0.0311812 0.0374103 0.0429687 0.0474019 0.0505306 0.0524545 0.0534395 0.0537954 0.0537983 0.0536537 0.053484 0.0533215 0.0530864 0.0525467 0.0512985 0.0488293 0.0446969 0.0387759 0.0314391 0.0235284
 0.00604902 0.0096811 0.014306 0.0198114 0.0260079 0.0325666 0.0389755 0.044636 0.0490755 0.052107 0.0538216 0.054472 0.0543664 0.053813 0.0530873 0.0523946 0.0518304 0.0513439 0.0507056 0.0494987 0.0471836 0.0432781 0.0376132 0.0305282 0.0228476
 0.00628297 0.0100606 0.0148758 0.0206129 0.0270723 0.0339024 0.0405552 0.0463899 0.0508998 0.0538817 0.0554287 0.0558037 0.055323 0.0543011 0.0530286 0.0517485 0.0506182 0.0496582 0.0486972 0.0473482 0.0450697 0.0413503 0.0359745 0.0292285 0.0218881
 0.00660197 0.0105674 0.0156172 0.021626 0.0283797 0.0355044 0.0424183 0.0484402 0.0530271 0.0559544 0.0573114 0.057372 0.0564715 0.0549453 0.0531036 0.0512099 0.0494527 0.0479024 0.0464537 0.0447856 0.0424012 0.0387971 0.0337241 0.0274031 0.0205294
 0.00694484 0.0111097 0.0164053 0.0226939 0.0297445 0.0371593 0.0443235 0.0505189 0.0551724 0.0580457 0.0592291 0.0590058 0.0577227 0.0557279 0.0533449 0.0508534 0.0484644 0.0462852 0.0442673 0.0421625 0.039546 0.0359576 0.0311423 0.0252607 0.0189122
 0.00733712 0.0117249 0.0172895 0.0238756 0.0312308 0.0389315 0.0463291 0.052669 0.0573508 0.0601278 0.0611 0.0605695 0.0589018 0.0564588 0.053572 0.0505266 0.0475431 0.0447515 0.0421485 0.0395558 0.0366308 0.0329804 0.0283691 0.0229129 0.0171129
 0.00768498 0.0122926 0.0181469 0.0250864 0.0328376 0.0409323 0.048657 0.0551881 0.0598808 0.0624836 0.0631272 0.0621605 0.0599941 0.0570222 0.0535938 0.049998 0.0464534 0.0430943 0.0399426 0.0368752 0.0336285 0.0298863 0.0254512 0.0204103 0.0151721
 0.0080046 0.0128053 0.0189068 0.0261421 0.0342268 0.0426709 0.0507225 0.0575068 0.062326 0.0648891 0.0653124 0.0639591 0.0612797 0.0577218 0.0536846 0.0494899 0.0453693 0.0414602 0.0377954 0.0342876 0.0307357 0.0268944 0.0226095 0.0179516 0.0132481
 0.00831762 0.0133005 0.0196269 0.0271193 0.0354787 0.0441953 0.0524894 0.0594536 0.0643625 0.0669075 0.0671971 0.0655921 0.0625471 0.0585245 0.0539512 0.049185 0.0444914 0.0400344 0.0358703 0.0319442 0.0281043 0.0241626 0.0200022 0.015682 0.0114603
 0.00863318 0.0138067 0.0203755 0.0281523 0.0368191 0.045833 0.0543682 0.0614699 0.0663818 0.0687941 0.068838 0.0669062 0.0634799 0.0590374 0.0540135 0.0487727 0.0435923 0.0386552 0.0340455 0.0297465 0.0256549 0.021633 0.0175948 0.0135879 0.0098087
 0.00874392 0.0140018 0.0206977 0.0286523 0.0375467 0.046821 0.0556156 0.0629322 0.0679753 0.0704093 0.070358 0.0682235 0.0645088 0.0597187 0.0543112 0.0486662 0.0430699 0.0377156 0.0327071 0.0280616 0.0237224 0.0195988 0.015634 0.0118667 0.00844179
 0.00885194 0.0141949 0.021021 0.0291596 0.0382894 0.04783 0.0568826 0.0644018 0.0695514 0.0719728 0.0717867 0.0694095 0.0653703 0.0602068 0.0544086 0.048379 0.0424167 0.03672 0.0313997 0.0264914 0.0219706 0.0177848 0.0139019 0.0103544 0.00724432
 0.00896749 0.0143797 0.0212949 0.0295424 0.0388017 0.0484916 0.0577069 0.0653865 0.0706688 0.0731648 0.0729676 0.0704783 0.066229 0.0607778 0.0546452 0.0482655 0.0419623 0.0359504 0.0303527 0.0252191 0.0205474 0.0163106 0.0124943 0.00912507 0.00627002
 0.00912985 0.0146349 0.0216623 0.0300336 0.0394182 0.0492222 0.0585255 0.0662538 0.0715396 0.0739972 0.073727 0.0711337 0.0667464 0.0611182 0.054769 0.0481422 0.0415777 0.0353101 0.0294819 0.0241626 0.0193704 0.0150983 0.0113429 0.00812366 0.00547871
 0.00937462 0.0150138 0.0221967 0.0307295 0.0402643 0.0501887 0.0595616 0.0672887 0.0724922 0.0747927 0.0743132 0.0714883 0.0668743 0.06104 0.0545078 0.0477145 0.040992 0.0345721 0.0286042 0.0231725 0.0183147 0.0140419 0.01036 0.00728142 0.00482043
 0.00941701 0.0150697 0.0222577 0.0307822 0.0402973 0.0502024 0.0595749 0.067337 0.0726158 0.0750211 0.074652 0.0719157 0.0673464 0.0615018 0.0549047 0.0479999 0.0411309 0.0345428 0.0284001 0.0228059 0.0178195 0.0134722 0.00978133 0.0067567 0.0043946
 0.00944565 0.0151063 0.022294 0.0308032 0.0402846 0.0501398 0.0594557 0.0671707 0.072431 0.0748633 0.0745744 0.0719629 0.0675379 0.0618221 0.0553067 0.0484176 0.0414964 0.0347998 0.0285127 0.0227632 0.0176365 0.013187 0.00944684 0.00642775 0.00411398
 0.00952793 0.0152188 0.0224236 0.0309238 0.040363 0.0501467 0.059375 0.0670036 0.0721957 0.074592 0.0743099 0.0717536 0.0674289 0.0618432 0.0554614 0.0486788 0.0418116 0.0351052 0.0287495 0.022892 0.0176452 0.0130912 0.00928245 0.00623855 0.00393831
 0.00960923 0.0153588 0.0226468 0.0312529 0.040807 0.0506862 0.0599528 0.0675307 0.0725763 0.0747559 0.0742353 0.0714711 0.0670075 0.0613686 0.0550133 0.0483137 0.041552 0.0349395 0.0286424 0.0228009 0.0175372 0.0129529 0.00912122 0.00607453 0.00379318
 0.00958205 0.0153207 0.0226022 0.0312126 0.0407896 0.0507167 0.0600565 0.0677234 0.0728511 0.0750753 0.0745369 0.0716881 0.0670943 0.0613188 0.0548592 0.0481098 0.0413526 0.0347799 0.0285311 0.0227241 0.0174716 0.0128801 0.0090352 0.00598192 0.00370644
 0.00960303 0.0153471 0.022628 0.0312283 0.0407864 0.050692 0.0600194 0.0676948 0.072858 0.0751403 0.074666 0.0718636 0.0672774 0.0614626 0.0549283 0.0480946 0.0412709 0.034665 0.0284147 0.022624 0.0173899 0.0128095 0.00896887 0.00591826 0.00364901
 0.00978649 0.0156046 0.0229398 0.0315502 0.0410608 0.0508683 0.0600705 0.0676237 0.0726935 0.0749267 0.0744522 0.0716905 0.0671676 0.0614142 0.054918 0.0480896 0.041245 0.0346085 0.0283347 0.0225355 0.0173058 0.0127359 0.00890624 0.00586554 0.00360594
 0.00979625 0.0156316 0.022999 0.0316576 0.0412234 0.0510715 0.0602729 0.0677659 0.0727225 0.0748224 0.0742392 0.0714282 0.0669247 0.0612425 0.0548375 0.0480891 0.0412932 0.0346705 0.0283851 0.0225635 0.0173124 0.0127277 0.00888995 0.00584625 0.00358714
 0.00963254 0.0153961 0.0227025 0.0313317 0.0409148 0.0508296 0.0601359 0.0677508 0.0728188 0.0749931 0.0744323 0.0715967 0.0670459 0.0613243 0.0549077 0.0481758 0.0414088 0.0348082 0.0285257 0.0226873 0.0174073 0.0127913 0.00892677 0.00586371 0.00359266
 0.00956905 0.0152875 0.0225307 0.0310807 0.0405798 0.0504279 0.0597141 0.0673787 0.0725687 0.0749124 0.0745253 0.0718248 0.0673456 0.0616333 0.0551855 0.04841 0.0416076 0.0349849 0.0286875 0.0228321 0.0175283 0.0128831 0.0089891 0.00590117 0.00361222
 0.00956997 0.0152808 0.0225048 0.0310185 0.0404609 0.050235 0.0594406 0.0670369 0.0721933 0.0745587 0.0742564 0.0716921 0.0673697 0.061797 0.0554427 0.0487061 0.0418988 0.0352471 0.0289129 0.0230208 0.0176813 0.013001 0.00907359 0.00595637 0.00364467
 0.00937866 0.0150057 0.0221569 0.0306293 0.0400721 0.0498811 0.0591375 0.0667811 0.0719734 0.0743693 0.074108 0.0716111 0.0673888 0.0619396 0.0557096 0.0490715 0.042318 0.0356717 0.0293042 0.0233558 0.0179512 0.0132063 0.00922044 0.00605413 0.00370457
 0.00920363 0.0147382 0.0217874 0.0301646 0.0395372 0.0493203 0.0586106 0.066353 0.071695 0.0742593 0.0741475 0.0717579 0.067601 0.0621938 0.0560024 0.0494074 0.0426941 0.0360708 0.0296982 0.0237155 0.0182551 0.0134446 0.00939386 0.00617107 0.00377721
 0.0089345 0.0143252 0.0212125 0.0294293 0.0386643 0.0483542 0.0576194 0.0654267 0.0709347 0.073756 0.0739587 0.0718923 0.0680183 0.06282 0.0567539 0.0502117 0.0434989 0.0368407 0.0304065 0.0243393 0.0187762 0.0138538 0.00969366 0.00637464 0.00390457
 0.00880255 0.0141139 0.020901 0.0290016 0.038114 0.0476906 0.056874 0.0646539 0.0702051 0.0731433 0.0735275 0.0716885 0.0680629 0.0631044 0.0572404 0.0508411 0.0442046 0.0375615 0.0310937 0.0249575 0.0193019 0.0142742 0.0100076 0.00659169 0.00404254
 0.00876769 0.0140561 0.0208112 0.0288693 0.0379277 0.0474394 0.0565509 0.0642605 0.0697552 0.0726658 0.0730652 0.0712933 0.0677865 0.0629878 0.0573042 0.0510798 0.0445873 0.0380392 0.0316111 0.0254633 0.0197563 0.0146518 0.0102977 0.0067971 0.00417577
 0.00900379 0.0143799 0.0211878 0.0292288 0.0381845 0.0475237 0.0564328 0.0639551 0.0693084 0.0721339 0.0725014 0.0707443 0.0672953 0.0625953 0.0570454 0.0509773 0.0446438 0.0382351 0.0319073 0.0258106 0.0201059 0.0149651 0.0105513 0.00698332 0.00429992
 0.00998545 0.0157949 0.0229793 0.0312221 0.0401276 0.0491588 0.05756 0.0644636 0.0691801 0.0714333 0.071358 0.0693235 0.0657642 0.0610943 0.055677 0.0498076 0.0437084 0.0375431 0.0314436 0.0255399 0.0199801 0.0149332 0.010569 0.00701871 0.0043342
 0.0106776 0.016901 0.024599 0.0334102 0.0428533 0.0522595 0.0607167 0.0672398 0.0711361 0.0722692 0.0710049 0.067939 0.0636483 0.0585853 0.0530727 0.0473299 0.0415001 0.0356806 0.0299526 0.0244082 0.0191686 0.0143859 0.0102234 0.00681516 0.00422295
 0.0104721 0.0166975 0.0245347 0.0336955 0.0437183 0.0538646 0.0630661 0.0701416 0.0742268 0.0750926 0.0731201 0.0690291 0.0635981 0.0574973 0.0512158 0.0450453 0.0391107 0.0334337 0.028003 0.0228276 0.0179653 0.0135258 0.00964763 0.00645585 0.00401493
 0.00998531 0.0159598 0.0235332 0.0324765 0.0424038 0.0526595 0.0622458 0.0699976 0.0749693 0.0767439 0.0754629 0.0716499 0.0660126 0.0593002 0.0521897 0.0451909 0.0386014 0.0325277 0.0269553 0.021832 0.017135 0.0129014 0.00921935 0.00618681 0.00386014
 0.00979803 0.0156467 0.0230478 0.0317751 0.0414627 0.0515012 0.0609655 0.0687741 0.0740433 0.0763631 0.0758039 0.0727437 0.067707 0.0612852 0.0540885 0.04668 0.0395047 0.0328444 0.0268201 0.0214379 0.0166607 0.0124693 0.00888737 0.00596339 0.00372622
 0.00973008 0.0155138 0.0228057 0.0313676 0.0408335 0.0506151 0.0598319 0.0674631 0.0726884 0.0751496 0.0749427 0.0724275 0.0680529 0.0622815 0.0555744 0.0483807 0.0411154 0.0341273 0.0276669 0.0218733 0.0167954 0.0124362 0.00879371 0.00587205 0.00366124
 0.00967944 0.0154415 0.0227134 0.0312575 0.0406998 0.0504348 0.0595618 0.0670511 0.0720987 0.0743924 0.0740937 0.0716247 0.0674676 0.0620687 0.0558172 0.0490511 0.0420736 0.0351674 0.0285905 0.0225546 0.017206 0.0126251 0.00884295 0.00585668 0.00362966
 0.00958651 0.0153079 0.0225449 0.0310714 0.0405202 0.050284 0.059451 0.0669724 0.0720227 0.0742731 0.0738855 0.071309 0.0670761 0.0616883 0.055566 0.049032 0.0423267 0.035647 0.0291828 0.0231265 0.0176578 0.0129186 0.00899572 0.00591469 0.00363926
 0.00961804 0.0153451 0.0225758 0.031078 0.0404859 0.0502034 0.0593365 0.066851 0.0719219 0.0742048 0.073836 0.0712437 0.0669582 0.061504 0.0553417 0.0488315 0.0422252 0.035694 0.0293753 0.0234102 0.0179551 0.0131646 0.00916073 0.0060036 0.00367561
 0.00966209 0.0154156 0.0226788 0.0312154 0.0406522 0.0503822 0.0595 0.0669663 0.0719638 0.0741661 0.0737298 0.0710928 0.0667805 0.0613059 0.0551247 0.0486063 0.0420204 0.0355492 0.029321 0.0234493 0.0180598 0.0132913 0.00927129 0.00607902 0.00371625
 0.00962867 0.0153773 0.0226505 0.0312208 0.0407168 0.0505224 0.0597133 0.0672279 0.0722313 0.0743915 0.073873 0.0711323 0.0667173 0.0611585 0.05492 0.0483721 0.0417835 0.0353369 0.0291589 0.0233537 0.0180299 0.0133093 0.00931122 0.00611871 0.00374423
 0.00966115 0.0154144 0.0226786 0.0312206 0.0406726 0.0504346 0.0596052 0.0671409 0.0722069 0.0744509 0.0740054 0.0712999 0.0668724 0.0612622 0.0549534 0.0483379 0.0417001 0.0352302 0.0290556 0.0232751 0.017987 0.0133008 0.00932592 0.00614236 0.00376584
 0.00983525 0.0156693 0.0230088 0.0316004 0.04106 0.0507803 0.0598638 0.0672803 0.0722176 0.0743502 0.0738328 0.071101 0.0666802 0.0610867 0.0547853 0.0481619 0.0415079 0.0350267 0.0288561 0.0230986 0.0178485 0.0132059 0.00927047 0.00611574 0.0037561
 0.00987559 0.0157451 0.0231407 0.0318103 0.0413616 0.0511662 0.0602959 0.0676936 0.0725387 0.0745232 0.073838 0.0709588 0.0664386 0.0608004 0.0544975 0.0478947 0.0412654 0.0348046 0.0286524 0.0229173 0.0176973 0.0130909 0.00919236 0.00606892 0.00373163
 0.00981755 0.0156521 0.0230047 0.0316289 0.0411431 0.0509346 0.0600916 0.0675641 0.0725202 0.0746225 0.0740272 0.0711875 0.0666566 0.0609771 0.054626 0.0479842 0.0413284 0.034849 0.0286808 0.0229309 0.0176994 0.013087 0.0091878 0.00606671 0.00373209
 0.00964038 0.0154003 0.0226923 0.0312907 0.0408236 0.0506713 0.0599037 0.0674537 0.0724835 0.0746592 0.0741409 0.0713767 0.0669054 0.0612546 0.0548967 0.0482206 0.0415179 0.0349921 0.0287846 0.0230034 0.0177477 0.0131175 0.00920625 0.0060779 0.00373917
 0.00915971 0.0146782 0.0217181 0.0300994 0.0394926 0.04931 0.0586414 0.0664243 0.0718018 0.074394 0.0742995 0.0719098 0.0677276 0.0622657 0.0559969 0.04932 0.0425442 0.0358964 0.0295417 0.0236089 0.0182107 0.0134554 0.00944027 0.00623075 0.00383264
#obs surv len freq
 nan nan nan nan nan nan nan nan nan nan nan nan nan nan nan nan nan nan nan nan nan nan nan nan nan
 0.00448328 0.0073439 0.0111731 0.0159887 0.0216888 0.0279638 0.0342777 0.0400091 0.0446891 0.0481537 0.0505126 0.0520095 0.0529029 0.0534163 0.0537313 0.0539869 0.0542659 0.0545589 0.0546978 0.0542898 0.0527278 0.0493597 0.0438092 0.0362887 0.0276717
 0.00461565 0.007561 0.011503 0.0164576 0.0223147 0.0287463 0.0351884 0.0409889 0.0456565 0.049021 0.0512027 0.0524673 0.0531004 0.0533531 0.0534298 0.0534845 0.0536064 0.053785 0.0538487 0.0534025 0.0518411 0.0485169 0.0430551 0.0356614 0.0271923
 0.00477422 0.00782112 0.0118989 0.0170227 0.0230753 0.0297112 0.0363372 0.0422668 0.0469792 0.0502878 0.0523117 0.053328 0.0536436 0.0535382 0.0532485 0.0529584 0.0527807 0.0527192 0.0526089 0.0520589 0.0504688 0.047196 0.0418651 0.0346679 0.0264316
 0.00496903 0.00813832 0.0123773 0.0176991 0.0239776 0.0308483 0.0376871 0.0437719 0.0485527 0.0518276 0.0537135 0.0544942 0.0544885 0.0539935 0.05327 0.0525317 0.051924 0.0514816 0.051066 0.0503081 0.0486255 0.0453875 0.040217 0.0332828 0.0253671
 0.00518174 0.00848804 0.0129108 0.0184623 0.0250063 0.0321539 0.0392422 0.045506 0.0503626 0.0535975 0.0553327 0.0558656 0.0555295 0.0546343 0.0534543 0.0522214 0.0511058 0.0501758 0.0493327 0.0482505 0.0463872 0.0431405 0.0381376 0.0315181 0.0240026
 0.00542294 0.00888091 0.0135037 0.0193012 0.0261271 0.0335689 0.040926 0.0473894 0.05234 0.0555457 0.0571296 0.0574028 0.0567173 0.0554014 0.0537448 0.0519928 0.0503312 0.048853 0.047499 0.0459973 0.0438661 0.0405531 0.0357036 0.0294282 0.022374
 0.00564488 0.00924725 0.0140654 0.0201093 0.0272231 0.0349692 0.0426064 0.0492796 0.0543344 0.0575236 0.058974 0.0590094 0.0579967 0.0562784 0.054157 0.0518892 0.0496739 0.0476243 0.0457167 0.0437346 0.0412672 0.0378283 0.0330966 0.0271607 0.02059
 0.00589259 0.00965066 0.0146741 0.0209705 0.0283735 0.0364216 0.0443355 0.0512152 0.0563702 0.059536 0.0608416 0.0606255 0.0592742 0.0571484 0.0545652 0.0517906 0.0490315 0.0464143 0.0439444 0.0414582 0.0386186 0.0350154 0.0303732 0.0247676 0.0186914
 0.00613681 0.0100541 0.0152927 0.02186 0.0295772 0.0379525 0.0461583 0.0532423 0.0584761 0.0615839 0.0627064 0.0622055 0.0604918 0.0579463 0.0549007 0.0516302 0.0483469 0.0451856 0.0421737 0.0391933 0.0359781 0.0321962 0.0276253 0.0223362 0.0167499
 0.00637075 0.0104354 0.0158689 0.0226769 0.0306716 0.0393399 0.0478181 0.0551103 0.0604503 0.0635406 0.0645199 0.0637632 0.0617033 0.0587469 0.0552475 0.0514954 0.0477107 0.0440353 0.0405136 0.0370663 0.0334902 0.0295275 0.0250095 0.020008 0.0148802
 0.00662474 0.0108502 0.0164965 0.0235656 0.0318562 0.0408252 0.0495642 0.0570294 0.0624211 0.065434 0.0662198 0.0651764 0.0627595 0.0593956 0.0554551 0.0512415 0.0469842 0.0428335 0.0388486 0.0349824 0.0310861 0.0269676 0.0225084 0.0177829 0.0130912
 0.00684699 0.0112189 0.0170647 0.0243871 0.0329732 0.0422509 0.0512645 0.0589171 0.0643692 0.0673014 0.0678773 0.0665225 0.0637253 0.0599413 0.0555634 0.0509083 0.046212 0.0416299 0.037233 0.0330014 0.0288319 0.0245887 0.0201964 0.0157315 0.0114432
 0.00706138 0.011571 0.0176014 0.0251546 0.0340083 0.0435667 0.0528353 0.0606712 0.0661969 0.0690738 0.069467 0.0678199 0.0646488 0.0604417 0.0556219 0.0505291 0.0454124 0.040434 0.0356737 0.0311312 0.0267395 0.0224079 0.0180953 0.0138778 0.00995921
 0.00725856 0.0118928 0.0180881 0.0258443 0.0349298 0.0447278 0.0542106 0.062198 0.0677831 0.0706142 0.0708592 0.0689737 0.065491 0.0609196 0.0557047 0.0502082 0.0446984 0.0393521 0.0342628 0.0294495 0.024874 0.02048 0.016251 0.0122597 0.00866889
 0.00742028 0.0121581 0.0184915 0.0264194 0.0357021 0.0457042 0.0553689 0.063483 0.0691152 0.0719046 0.0720242 0.0699425 0.066208 0.061343 0.055806 0.0499723 0.0441238 0.0384527 0.0330698 0.0280162 0.0232812 0.0188369 0.0146847 0.0108906 0.00758068
 0.007534 0.0123455 0.0187786 0.0268322 0.0362623 0.0464214 0.0562322 0.0644576 0.070146 0.0729262 0.0729705 0.0707541 0.066835 0.0617471 0.0559597 0.0498574 0.0437321 0.0377873 0.0321499 0.0268827 0.0220019 0.0175058 0.0134106 0.00977542 0.0066945
 0.00758065 0.0124193 0.0188866 0.0269814 0.0364613 0.046681 0.0565647 0.0648734 0.0706485 0.0735066 0.0736049 0.0714034 0.0674497 0.0622729 0.0563447 0.0500576 0.0437147 0.0375344 0.0316622 0.0261845 0.0211447 0.0165669 0.0124824 0.00894635 0.00602705
 0.00764786 0.0125174 0.0190135 0.0271286 0.0366167 0.0468346 0.056713 0.0650221 0.0708114 0.0737022 0.0738504 0.0717071 0.0678039 0.0626509 0.0567032 0.0503441 0.0438775 0.0375318 0.0314709 0.0258062 0.0206103 0.0159343 0.011827 0.00834308 0.00553188
 0.00772541 0.0126398 0.0191903 0.0273637 0.0369056 0.0471607 0.0570466 0.0653248 0.071048 0.0738545 0.0739247 0.0717312 0.0678139 0.0626758 0.0567526 0.0504043 0.0439153 0.0375052 0.0313422 0.0255551 0.0202425 0.0154833 0.0113466 0.00789185 0.00515611
 0.0077713 0.0127112 0.0192917 0.0274976 0.0370719 0.0473564 0.0572644 0.0655515 0.0712642 0.0740378 0.0740559 0.0718012 0.0678286 0.062654 0.0567184 0.0503747 0.0438912 0.0374692 0.0312659 0.0254121 0.0200216 0.0151962 0.0110256 0.00757904 0.00488842
 0.00783355 0.0128042 0.0194164 0.0276495 0.0372423 0.0475351 0.0574412 0.0657173 0.0714115 0.0741599 0.074147 0.0718561 0.0678437 0.0626301 0.0566624 0.0502987 0.0438068 0.0373802 0.0311656 0.0252862 0.0198584 0.0149954 0.0108024 0.00735895 0.00469704
 0.00786466 0.0128546 0.0194915 0.0277532 0.0373749 0.0476908 0.0576074 0.0658759 0.0715443 0.0742554 0.0742028 0.0718774 0.0678384 0.0626041 0.0566191 0.0502403 0.043736 0.0372997 0.0310754 0.0251828 0.0197365 0.0148542 0.0106489 0.00720764 0.00456411
 0.00786545 0.0128563 0.019495 0.0277601 0.0373878 0.0477133 0.0576432 0.0659275 0.0716109 0.0743316 0.0742801 0.0719469 0.0678935 0.0626426 0.0566413 0.0502475 0.0437291 0.0372788 0.0310397 0.025131 0.0196677 0.0147693 0.0105533 0.00711088 0.00447716
 0.00786309 0.0128472 0.0194719 0.0277137 0.0373104 0.0476037 0.0575106 0.0657914 0.071496 0.0742605 0.074266 0.0719908 0.0679856 0.062766 0.0567776 0.0503809 0.043848 0.0373758 0.0311105 0.0251733 0.0196813 0.0147568 0.0105206 0.00706681 0.0044315
 0.00788746 0.0128787 0.019504 0.0277346 0.0373056 0.04756 0.0574212 0.0656588 0.0713338 0.0740911 0.0741172 0.0718885 0.067947 0.0627946 0.0568635 0.0505047 0.0439876 0.0375114 0.0312277 0.0252633 0.0197405 0.0147864 0.0105256 0.00705505 0.00441172
 0.00788235 0.012872 0.0194964 0.0277268 0.0372964 0.0475448 0.0573913 0.0656037 0.071246 0.0739716 0.0739782 0.0717521 0.067839 0.0627369 0.0568675 0.0505685 0.0440971 0.0376457 0.0313648 0.0253854 0.0198363 0.0148518 0.0105626 0.00707003 0.00441265
 0.00788988 0.0128798 0.0195004 0.0277208 0.0372747 0.0475047 0.0573353 0.0655382 0.0711774 0.0739028 0.0739085 0.0716804 0.0677687 0.0626779 0.0568337 0.050572 0.0441425 0.0377275 0.0314689 0.0254942 0.0199339 0.0149281 0.0106142 0.00709948 0.00442586
 0.00787632 0.0128588 0.0194705 0.027681 0.0372237 0.0474416 0.0572593 0.0654508 0.0710834 0.0738109 0.0738288 0.0716213 0.0677342 0.062668 0.0568472 0.0506089 0.0442038 0.0378126 0.0315726 0.0256061 0.0200411 0.0150192 0.0106828 0.00714492 0.00445203
 0.00785934 0.0128276 0.0194173 0.0275971 0.0371027 0.0472833 0.0570734 0.0652557 0.0709019 0.0736632 0.0737283 0.0715736 0.0677384 0.0627189 0.0569367 0.0507275 0.0443426 0.0379637 0.0317287 0.025759 0.0201819 0.0151391 0.0107761 0.00721052 0.00449334
 0.00785842 0.0128244 0.0194089 0.0275791 0.0370691 0.0472275 0.05699 0.065143 0.0707644 0.0735129 0.0735832 0.0714531 0.0676585 0.062688 0.056955 0.0507891 0.0444377 0.0380815 0.0318585 0.0258908 0.0203062 0.0152478 0.0108634 0.00727425 0.0045353
 0.00782637 0.0127728 0.0193323 0.0274731 0.036932 0.0470618 0.0568036 0.0649492 0.0705791 0.0733513 0.0734573 0.0713719 0.0676279 0.0627116 0.0570321 0.050914 0.0446 0.0382674 0.0320532 0.0260804 0.0204788 0.0153945 0.0109792 0.00735851 0.00459124
 0.0078029 0.0127347 0.019275 0.0273925 0.0368252 0.0469286 0.056648 0.06478 0.070409 0.0731945 0.0733273 0.0712791 0.0675794 0.0627107 0.0570792 0.0510063 0.0447314 0.0384281 0.0322304 0.0262599 0.020647 0.0155405 0.0110963 0.00744477 0.00464929
 0.00775712 0.0126607 0.0191647 0.0272394 0.0366263 0.0466876 0.0563775 0.0645017 0.0701496 0.0729796 0.073176 0.071202 0.0675784 0.0627809 0.0572112 0.0511881 0.0449497 0.0386689 0.0324792 0.0265017 0.0208678 0.015729 0.0112458 0.00755422 0.00472271
 0.00773546 0.0126187 0.0190893 0.0271147 0.0364383 0.0464307 0.0560609 0.0641503 0.0697995 0.0726694 0.0729383 0.0710585 0.0675381 0.0628411 0.0573595 0.0514064 0.0452168 0.0389635 0.0327809 0.026792 0.0211307 0.0159521 0.0114223 0.00768321 0.00480924
 0.00933019 0.0148539 0.0217926 0.0299037 0.0388303 0.0480186 0.0566535 0.0638018 0.0687335 0.0711654 0.0712462 0.0693628 0.0659583 0.0614449 0.0561772 0.050442 0.0444576 0.0383872 0.0323608 0.0265 0.0209393 0.0158356 0.0113575 0.00765127 0.00479583
 0.00931252 0.0151206 0.0227149 0.0319424 0.0423359 0.0529605 0.0624479 0.0694049 0.0730103 0.0733346 0.0711377 0.0673645 0.0627465 0.057696 0.0523984 0.0469383 0.0413763 0.0357777 0.0302206 0.0248005 0.0196381 0.0148815 0.0106932 0.00721608 0.00453002
 0.00897413 0.0145861 0.0219617 0.0310173 0.0414104 0.0523689 0.0626484 0.0708173 0.0757662 0.0770905 0.075115 0.0706446 0.0646539 0.0580332 0.0514198 0.0451373 0.0392515 0.0336952 0.0283866 0.0232978 0.0184747 0.0140271 0.0100996 0.00682851 0.00429416
 0.00879298 0.0142838 0.0214928 0.0303377 0.0404938 0.0512386 0.061418 0.0697198 0.0751367 0.0772752 0.0763163 0.0727734 0.0672935 0.0605735 0.0533046 0.0460775 0.0392848 0.0330872 0.0274683 0.0223396 0.0176385 0.0133776 0.00963856 0.0065263 0.00411103
 0.00872425 0.0141658 0.0213025 0.0300476 0.0400751 0.0506686 0.0606929 0.0688707 0.0742476 0.0764954 0.0758513 0.0728334 0.068002 0.0618751 0.054941 0.0476702 0.0404898 0.0337286 0.0275741 0.0220773 0.0172109 0.0129432 0.00928364 0.00627567 0.00395346
 0.00868308 0.0140982 0.0211992 0.0298982 0.0398683 0.0503932 0.0603401 0.068437 0.0737404 0.0759421 0.075311 0.0724047 0.0678118 0.0620391 0.0555022 0.0485518 0.0415019 0.0346394 0.0282075 0.0223759 0.0172314 0.012801 0.00909024 0.0061028 0.0038294
 0.00869423 0.0141097 0.0212041 0.0298855 0.039825 0.0503078 0.0602051 0.0682497 0.0735014 0.0756545 0.0749837 0.0720611 0.0674984 0.0618263 0.0554679 0.0487467 0.0419133 0.03518 0.0287452 0.0227912 0.0174658 0.012868 0.00904877 0.00601857 0.00374806
 0.00868219 0.0140944 0.0211884 0.0298735 0.0398195 0.0503066 0.060199 0.068224 0.0734406 0.075548 0.0748294 0.0718663 0.0672807 0.0616156 0.0553067 0.0486827 0.041981 0.0353795 0.0290324 0.0230922 0.0177094 0.013016 0.00910432 0.00601221 0.00371543
 0.00867763 0.014087 0.0211778 0.0298598 0.0398041 0.0502925 0.0601902 0.0682231 0.0734459 0.0755509 0.0748164 0.0718233 0.0672001 0.0615015 0.0551774 0.0485687 0.0419166 0.03539 0.0291205 0.0232337 0.0178626 0.0131414 0.00918115 0.0060425 0.00371527
 0.00864235 0.0140346 0.0211079 0.0297756 0.0397114 0.0501985 0.0601029 0.0681506 0.0733957 0.0755284 0.0748218 0.0718503 0.0672365 0.0615337 0.0551963 0.048575 0.0419224 0.0354133 0.0291755 0.0233216 0.0179695 0.0132448 0.00926163 0.00609209 0.00373777
 0.00865027 0.0140427 0.0211115 0.029768 0.0396861 0.0501529 0.0600405 0.0680808 0.0733303 0.0754777 0.0747911 0.07184 0.0672424 0.061549 0.0552132 0.048588 0.0419309 0.0354226 0.0291945 0.023357 0.0180205 0.0133027 0.00931474 0.0061315 0.00376111
 0.00864505 0.0140367 0.0211068 0.0297671 0.0396905 0.0501606 0.0600454 0.0680748 0.0733074 0.0754375 0.0747407 0.0717905 0.0672041 0.0615274 0.0552078 0.0485942 0.0419433 0.0354382 0.0292137 0.023382 0.0180525 0.0133395 0.00935092 0.00616144 0.00378174
 0.00864448 0.0140339 0.0210995 0.0297527 0.039667 0.0501291 0.0600101 0.0680417 0.0732814 0.0754199 0.0747288 0.0717804 0.0671944 0.0615197 0.055206 0.0486009 0.0419587 0.0354602 0.02924 0.0234109 0.0180833 0.0133707 0.00938023 0.00618603 0.00379975
 0.00863033 0.0140129 0.0210715 0.0297185 0.0396281 0.0500867 0.0599653 0.067996 0.0732378 0.075383 0.0747037 0.0717705 0.0671996 0.0615375 0.0552326 0.0486333 0.0419952 0.0354995 0.0292807 0.0234514 0.0181219 0.0134059 0.00941051 0.00621019 0.00381724
 0.00860846 0.0139777 0.0210195 0.0296472 0.0395375 0.0499804 0.0598515 0.0678869 0.0731461 0.0753192 0.0746728 0.0717727 0.0672317 0.0615939 0.0553065 0.0487177 0.0420832 0.0355859 0.0293615 0.0235243 0.0181851 0.0134585 0.00945213 0.00624112 0.00383853
 0.00860846 0.0139777 0.0210195 0.0296472 0.0395375 0.0499804 0.0598515 0.0678869 0.0731461 0.0753192 0.0746728 0.0717727 0.0672317 0.0615939 0.0553065 0.0487177 0.0420832 0.0355859 0.0293615 0.0235243 0.0181851 0.0134585 0.00945213 0.00624112 0.00383853
 0.00845131 0.0137317 0.0206675 0.0291824 0.038967 0.04933 0.0591695 0.0672417 0.0726139 0.0749653 0.0745364 0.0718589 0.0675153 0.0620288 0.0558374 0.04929 0.0426509 0.0361143 0.0298283 0.0239174 0.0185011 0.0137002 0.00962702 0.00636001 0.00391379
#pred catch len freq
 0.00345426 0.00558914 0.00839688 0.0119089 0.0161534 0.0211082 0.026638 0.0324852 0.0383257 0.0438412 0.0487692 0.0529338 0.0562625 0.0587734 0.0605293 0.061586 0.0619615 0.0616266 0.0604912 0.0583768 0.055006 0.0500792 0.0434692 0.0354511 0.0267832
 0.00363098 0.00581468 0.00862571 0.0120698 0.01618 0.0209813 0.026409 0.0322576 0.0381967 0.0438385 0.0488244 0.0529129 0.0560356 0.0582861 0.0598408 0.0608584 0.0614034 0.0614116 0.0606855 0.0589086 0.0556973 0.0507251 0.043923 0.0356695 0.0268133
 0.00376405 0.00604424 0.00899006 0.012598 0.0168686 0.0217684 0.0271692 0.0328363 0.0384777 0.0438028 0.0485523 0.0525216 0.0555992 0.0578003 0.0592585 0.0601617 0.0606551 0.060745 0.0602387 0.0587485 0.0557827 0.0509329 0.0441173 0.0357658 0.026801
 0.00396051 0.00634873 0.00942369 0.0131784 0.0176153 0.0227031 0.0283017 0.0341336 0.0398348 0.0450428 0.0494731 0.052972 0.0555358 0.0572855 0.0584064 0.0590831 0.0594427 0.0594928 0.059055 0.0577347 0.0549932 0.0503548 0.0436903 0.0354257 0.0265126
 0.00419208 0.00671531 0.00995715 0.0139026 0.0185435 0.023835 0.0296195 0.0356 0.041393 0.0466114 0.050936 0.0541758 0.0563121 0.0575002 0.0580087 0.0581219 0.0580431 0.0578166 0.0572685 0.0559895 0.0534088 0.0490038 0.0425954 0.034574 0.0258761
 0.00442587 0.00708929 0.0105096 0.0146677 0.0195483 0.0250927 0.0311194 0.0372986 0.0432128 0.0484488 0.0526729 0.0556869 0.0574689 0.0581763 0.058096 0.0575598 0.0568466 0.0560853 0.0551703 0.0537261 0.0511788 0.046971 0.0408703 0.0332084 0.0248691
 0.00470333 0.00752885 0.0111511 0.0155446 0.0206864 0.0265069 0.0328043 0.0392175 0.0452915 0.0505772 0.0547146 0.0574947 0.0589012 0.0591086 0.0584274 0.0572181 0.0558022 0.0543711 0.0528979 0.051083 0.0484017 0.0443034 0.0385164 0.0312992 0.0234488
 0.00500519 0.00800495 0.0118417 0.0164807 0.0218895 0.027986 0.0345484 0.0411876 0.0474168 0.0527579 0.0568289 0.0594079 0.0604759 0.0602164 0.0589574 0.0570846 0.0549522 0.0527997 0.0506688 0.0483443 0.0453824 0.0412803 0.0357581 0.0290069 0.0217175
 0.00537009 0.00857547 0.0126591 0.0175715 0.0232651 0.0296418 0.0364578 0.0432948 0.0496359 0.0549798 0.0589328 0.0612719 0.0619853 0.061268 0.059461 0.0569629 0.0541463 0.0512824 0.0484683 0.0455704 0.0422384 0.0380448 0.0327314 0.0264382 0.0197465
 0.00570642 0.00911752 0.0134665 0.0186976 0.0247486 0.0314926 0.0386401 0.0457188 0.0521659 0.0574562 0.0611968 0.0631847 0.0634385 0.0621848 0.0597898 0.0566672 0.0531972 0.049664 0.0461986 0.0427329 0.0390075 0.0346822 0.0295412 0.0236922 0.0176123
 0.00601197 0.00960451 0.0141835 0.019689 0.0260539 0.0331405 0.0406346 0.0480214 0.0546821 0.0600357 0.0636503 0.0653153 0.0650774 0.0632161 0.0601557 0.0563532 0.0522119 0.048027 0.0439477 0.03995 0.0358481 0.031383 0.0263886 0.0209541 0.0154645
 0.00633335 0.0101093 0.0149116 0.0206695 0.0273048 0.0346676 0.0424258 0.0500385 0.0568569 0.06227 0.0658191 0.0672733 0.0666724 0.0643097 0.0606442 0.0561795 0.0513638 0.0465278 0.0418513 0.0373501 0.0328962 0.0282971 0.0234303 0.0183716 0.0134264
 0.0066093 0.0105511 0.0155644 0.0215722 0.0284856 0.0361346 0.0441559 0.0519707 0.0588964 0.0643018 0.067724 0.0689388 0.0679979 0.065208 0.0610422 0.056022 0.0506192 0.0451949 0.039967 0.0349987 0.0302199 0.0254967 0.0207427 0.0160208 0.0115655
 0.00679938 0.0108614 0.0160347 0.0222431 0.0293934 0.0373026 0.045581 0.0536135 0.0606791 0.0661161 0.0694459 0.0704468 0.0691891 0.0660069 0.0613999 0.0559084 0.0500167 0.0440998 0.0384001 0.0330215 0.0279489 0.0231045 0.0184357 0.013995 0.00995641
 0.00694277 0.011103 0.0164151 0.0228077 0.0301864 0.0383545 0.046894 0.0551505 0.0623622 0.0678349 0.0710718 0.0718516 0.070264 0.0666766 0.0616268 0.0556859 0.0493573 0.0430262 0.0369461 0.0312444 0.0259452 0.0210154 0.0164322 0.0122408 0.00856459
 0.00708492 0.0113273 0.0167413 0.0232543 0.0307723 0.0390999 0.0478157 0.0562515 0.063619 0.0691887 0.0724296 0.0730987 0.0712849 0.067376 0.0619433 0.0555946 0.0488637 0.0421571 0.0357442 0.0297708 0.0242875 0.0192925 0.0147833 0.0107984 0.00742033
 0.00726983 0.0116152 0.0171513 0.0237957 0.0314445 0.039892 0.0487055 0.0572057 0.0645979 0.0701515 0.0733361 0.0739063 0.0719441 0.0678318 0.0621426 0.0554975 0.0484519 0.0414366 0.0347449 0.028546 0.0229152 0.0178737 0.0134327 0.00962187 0.00648961
 0.00738933 0.0118047 0.017428 0.0241739 0.0319345 0.040498 0.0494204 0.0580066 0.0654441 0.070989 0.0741066 0.0745576 0.0724376 0.0681427 0.0622547 0.0553976 0.0481288 0.0408864 0.0339787 0.0275972 0.0218427 0.0167593 0.0123694 0.00869529 0.00575692
 0.0073934 0.0118049 0.0174176 0.0241455 0.0318857 0.0404392 0.0493798 0.0580272 0.0655724 0.0712584 0.0745233 0.0750957 0.0730438 0.0687486 0.0627907 0.055803 0.0483572 0.0409083 0.0337842 0.0272001 0.0212837 0.0161035 0.0116963 0.00808105 0.00525645
 0.00739097 0.0117959 0.0173942 0.0240965 0.0317986 0.0403041 0.0491959 0.0578093 0.0653543 0.0710914 0.0744658 0.0751949 0.0733176 0.0691754 0.0633121 0.0563397 0.0488275 0.0412446 0.0339435 0.0271693 0.0210807 0.0157745 0.011305 0.00769357 0.00492463
 0.00748961 0.0119353 0.0175647 0.0242744 0.0319509 0.0403971 0.0492037 0.0577192 0.0651704 0.0708364 0.0741818 0.0749389 0.073149 0.069139 0.0634225 0.0565735 0.0491292 0.0415423 0.0341692 0.0272765 0.0210547 0.0156326 0.0110888 0.00745404 0.0047061
 0.00754456 0.0120322 0.0177232 0.0245139 0.0322812 0.0408066 0.0496505 0.058135 0.0654783 0.0709761 0.0741294 0.0747133 0.0728054 0.0687523 0.0630674 0.0563043 0.0489663 0.0414694 0.0341441 0.0272496 0.0209884 0.0155137 0.0109288 0.00727979 0.00454624
 0.00752867 0.0120111 0.0177013 0.0245016 0.032296 0.0408721 0.0497911 0.058365 0.0657881 0.0713244 0.0744489 0.0749328 0.0728775 0.0686721 0.0628726 0.0560571 0.0487284 0.0412807 0.0340133 0.0271597 0.0209116 0.0154276 0.0108265 0.00716933 0.0044426
 0.00753419 0.0120154 0.0176995 0.0244872 0.0322642 0.0408245 0.0497398 0.058333 0.0658042 0.071412 0.0746133 0.0751527 0.0731069 0.0688559 0.0629687 0.0560536 0.0486456 0.0411573 0.0338866 0.0270506 0.0208222 0.0153495 0.0107515 0.00709599 0.0043756
 0.00763876 0.0121584 0.0178648 0.0246426 0.0323703 0.0408489 0.0496699 0.0581809 0.065603 0.0712071 0.0744513 0.075069 0.0731152 0.0689424 0.0630963 0.0561772 0.0487299 0.0411891 0.0338736 0.0270111 0.0207728 0.0152992 0.0107031 0.00705038 0.00433477
 0.0076367 0.0121647 0.0178904 0.0246997 0.0324639 0.0409667 0.0497783 0.0582331 0.0655595 0.0710576 0.0742245 0.0748228 0.0729137 0.0688316 0.0630899 0.0562565 0.0488561 0.0413204 0.0339805 0.0270814 0.0208089 0.0153101 0.010698 0.00703671 0.00431802
 0.00751703 0.011993 0.0176754 0.024466 0.0322478 0.0408069 0.0497045 0.0582564 0.0656661 0.0712096 0.0743717 0.0749236 0.0729542 0.0688304 0.063085 0.056283 0.0489285 0.0414298 0.0341032 0.0271933 0.0208945 0.0153656 0.0107276 0.00704803 0.00431873
 0.00745307 0.0118863 0.017511 0.0242318 0.0319416 0.0404451 0.0493278 0.0579254 0.0654439 0.0711391 0.0744577 0.0751319 0.0732261 0.0691075 0.0633296 0.0564859 0.049101 0.0415877 0.0342539 0.0273329 0.0210137 0.0154566 0.0107891 0.00708427 0.00433686
 0.00742486 0.0118369 0.0174296 0.0241046 0.0317532 0.0401827 0.0489885 0.0575237 0.0650181 0.070749 0.0741722 0.0750068 0.0732831 0.069325 0.0636536 0.0568529 0.0494601 0.0419107 0.0345318 0.0275656 0.0212025 0.0156021 0.0108933 0.00715235 0.00437693
 0.00728616 0.0116374 0.0171767 0.0238199 0.0314641 0.0399093 0.0487349 0.0572797 0.0647705 0.070496 0.0739332 0.0748215 0.0731993 0.0693796 0.0638558 0.0571784 0.0498604 0.0423307 0.0349264 0.0279073 0.0214797 0.0158142 0.0110455 0.00725392 0.00443918
 0.00710616 0.0113627 0.0167981 0.0233443 0.0309166 0.0393327 0.0481864 0.0568212 0.0644512 0.0703358 0.073918 0.0749164 0.0733704 0.0696103 0.064147 0.0575352 0.0502767 0.042783 0.0353787 0.0283233 0.0218326 0.0160915 0.0112476 0.00739033 0.00452395
 0.00690405 0.011051 0.0163604 0.0227772 0.0302298 0.0385509 0.0473523 0.0559991 0.063723 0.0697876 0.0736187 0.0748976 0.0736175 0.0700709 0.0647513 0.058218 0.0509886 0.0434879 0.0360465 0.0289254 0.0223449 0.016499 0.011549 0.00759618 0.00465324
