SBPRF35
7.78865
Curr Bio
571060
B35
681190
F35
0.214882
FOFL
0.168606
OFL
72317.5
Bzero
2.22533e+06
#pred survey bio
 4.73914e+06 4.48786e+06 4.24136e+06 3.93698e+06 3.60399e+06 3.25412e+06 2.93169e+06 2.60625e+06 2.28642e+06 2.012e+06 1.75695e+06 1.56342e+06 1.37184e+06 1.20152e+06 1.06129e+06 943914 853060 787910 750474 724419 700490 670421 665197 648680 650788 644828 629102 629428 622390 613745 614736 618799 619001 613843 602495 579497 572409 560458 561485 561759 573748 573337 574269 571920 576507 579733 581877 579347 587910 593924 602949 611919 603659 607799 590957 586175 592613 581744 563653 566088 576884 1.91499e+07 1.11774e+07 1.12174e+07 1.18332e+07 1.2772e+07 1.37778e+07 1.46981e+07 1.54671e+07 1.60734e+07 1.65336e+07 1.68743e+07 1.71224e+07 1.73016e+07 1.74304e+07 1.75229e+07 1.75896e+07 1.76378e+07 1.76729e+07 1.76985e+07 1.77175e+07 1.77315e+07 1.7742e+07 1.77498e+07 1.77557e+07 1.77602e+07 1.77636e+07 1.77662e+07 1.77682e+07 1.77697e+07 1.77708e+07 1.77717e+07 1.77724e+07 1.77729e+07 1.77734e+07 1.77737e+07 1.77739e+07 1.77741e+07 1.77742e+07 1.77744e+07 1.77744e+07 1.77745e+07 1.77746e+07 1.77746e+07 1.77746e+07 1.77747e+07 1.77747e+07 1.77747e+07 1.77747e+07 1.77747e+07 1.77747e+07 1.77747e+07 1.77747e+07 1.77747e+07 1.77747e+07 1.77747e+07 1.77747e+07 1.77747e+07 1.77747e+07 1.77747e+07 1.77747e+07 1.77747e+07 1.77747e+07 1.77747e+07 1.77747e+07 1.77747e+07 1.77747e+07 1.77747e+07 1.77747e+07 1.77747e+07 1.77747e+07 1.77747e+07 1.77747e+07 1.77747e+07 1.77747e+07 1.77747e+07 1.77747e+07 1.77747e+07 1.77747e+07 1.77747e+07 1.77747e+07 1.77747e+07 1.77747e+07 1.77747e+07 1.77747e+07 1.77747e+07 1.77747e+07 1.77747e+07 1.77747e+07 1.77747e+07 1.77747e+07 1.77747e+07 1.77747e+07 1.77747e+07 1.77747e+07 1.77747e+07 1.77747e+07 1.77747e+07 1.77747e+07 1.77747e+07 1.77747e+07 0 0 0 0 0 0 0 0 0 0 0 0 0 0 0 0 0 0 0 0 0 0 0 0 0
#obs survey bio
 3.94308e+06 3.04106e+06 3.75172e+06 3.091e+06 2.10461e+06 2.76842e+06 1.80942e+06 1.89748e+06 2.00341e+06 1.52679e+06 1.36996e+06 1.52319e+06 833764 755471 945990 732165 887582 663308 666832 732519 722573 535508 600024 824987 481342 494357 542445 737014 547171 509289 506213 531994 489146 557187 642073 508570 723960 619720 877434 691508 540512 500507 509883 565152 818034 662694 552411 477956 429216 643218 585852 546982 651652 496606 732063 625217 535468 596638 400043 619686 733803
#pred catch bio
 90398.6 88236.5 152459 201262 247078 255399 290617 315892 301344 305455 267842 278732 268108 246179 227975 204439 179734 153130 140947 136352 138215 115099 123206 106533 112210 117704 101218 104847 104220 95214.4 92273.1 94514.9 96252.9 96898.8 101378 85200.6 90852.6 82653.7 84850.7 75514.9 86342.7 85506.1 88690.7 83479.5 85743.6 88096.2 93425.6 85733.2 89836.5 88745.6 89628.7 103653 92408.5 109112 97615.3 87549.1 101096 105237 86334.2 77171 105633 72317.5 87282.8 85873.7 89246.8 95910.3 103302 110016 115506 119705 122771 124934 126421 127425 128091 128528 128813 128996 129114 129189 129237 129267 129286 129298 129306 129311 129314 129316 129317 129318 129318 129318 129318 129319 129319 129319 129319 129319 129319 129319 129319 129319 129319 129319 129319 129319 129319 129319 129319 129319 129319 129319 129319 129319 129319 129319 129319 129319 129319 129319 129319 129319 129319 129319 129319 129319 129319 129319 129319 129319 129319 129319 129319 129319 129319 129319 129319 129319 129319 129319 129319 129319 129319 129319 129319 129319 129319 129319 129319 129319 129319 129319 129319 129319 129319 129319 129319 129319 129319 129319 129319 0 0 0 0 0 0 0 0 0 0 0 0 0 0 0 0 0 0 0 0 0 0 0 0 0
#obs catch bio
 0 87972.1 153102 202311 249650 258830 296391 323164 308911 314775 275036 287632 278711 255319 236637 212633 186336 156929 144307 139290 141392 117134 125809 108039 114701 120150 102724 105873 105237 96493.2 93393.3 95991.8 98120.5 98033.2 102484 85689.3 91201 82692.4 84731.2 75121.1 85862.4 85295.4 88775.2 83451.3 85591.5 88078 93978.4 86100.7 90471.6 89474.8 90029.6 104790 92610.9 110117 98193.9 87767.7 101458 106091 86782.9 77130 105895
#pred cpue bio
 4.66808e+06 4.42173e+06 4.1791e+06 3.87625e+06 3.54404e+06 3.19518e+06 2.87395e+06 2.55025e+06 2.2324e+06 1.95978e+06 1.70669e+06 1.51454e+06 1.3248e+06 1.15658e+06 1.0184e+06 902983 814121 751064 715072 690065 667179 638232 633326 617355 619545 614152 599430 600451 594069 585653 586618 590743 591390 587297 577399 555812 548491 535450 535747 536267 548308 547876 548568 546126 550466 553366 555063 552256 560304 565889 574641 583512 575667 579834 563469 558938 565504 555109 537610 540345 552027 1.83614e+07 1.07157e+07 1.06082e+07 1.10904e+07 1.19905e+07 1.29887e+07 1.39078e+07 1.46765e+07 1.52828e+07 1.5743e+07 1.60836e+07 1.63318e+07 1.6511e+07 1.66398e+07 1.67323e+07 1.6799e+07 1.68472e+07 1.68823e+07 1.69079e+07 1.69268e+07 1.69409e+07 1.69513e+07 1.69592e+07 1.69651e+07 1.69696e+07 1.6973e+07 1.69756e+07 1.69776e+07 1.69791e+07 1.69802e+07 1.69811e+07 1.69818e+07 1.69823e+07 1.69827e+07 1.69831e+07 1.69833e+07 1.69835e+07 1.69836e+07 1.69837e+07 1.69838e+07 1.69839e+07 1.6984e+07 1.6984e+07 1.6984e+07 1.69841e+07 1.69841e+07 1.69841e+07 1.69841e+07 1.69841e+07 1.69841e+07 1.69841e+07 1.69841e+07 1.69841e+07 1.69841e+07 1.69841e+07 1.69841e+07 1.69841e+07 1.69841e+07 1.69841e+07 1.69841e+07 1.69841e+07 1.69841e+07 1.69841e+07 1.69841e+07 1.69841e+07 1.69841e+07 1.69841e+07 1.69841e+07 1.69841e+07 1.69841e+07 1.69841e+07 1.69841e+07 1.69841e+07 1.69841e+07 1.69841e+07 1.69841e+07 1.69841e+07 1.69841e+07 1.69841e+07 1.69841e+07 1.69841e+07 1.69841e+07 1.69841e+07 1.69841e+07 1.69841e+07 1.69841e+07 1.69841e+07 1.69841e+07 1.69841e+07 1.69841e+07 1.69841e+07 1.69841e+07 1.69841e+07 1.69841e+07 1.69841e+07 1.69841e+07 1.69841e+07 1.69841e+07 1.69841e+07 1.69841e+07 0 0 0 0 0 0 0 0 0 0 0 0 0 0 0 0 0 0 0 0 0 0 0 0 0
#obs cpue bio
 6.25331e+06 2.82998e+06 4.83094e+06 3.05e+06 3.11561e+06 1.67295e+06 2.97777e+06 3.17646e+06 1.51571e+06 1.73879e+06 1.55338e+06 1.13373e+06 952433 1.30160e+06 695690 580128 500994 912005 553399 560320 509416 530158 585442 413075 415545 795981 552730 741523 590325 372134 624558 441880 444421 967146 607959 581478 639774 517048 483556 506747 792944 449348 510964 544424 468437 412625 380414 572640 631285 398386 684893 477714 665018 560048 433131 525680 699302 400276 666042 600456 585076
#pred surv len freq
 0.0064155 0.0101483 0.0147707 0.0200957 0.0259049 0.0319147 0.0377259 0.0428799 0.0470273 0.050063 0.052115 0.0534249 0.0542315 0.0547084 0.054941 0.0549255 0.0545846 0.0537933 0.0523937 0.0501875 0.0469345 0.0424095 0.0365474 0.0296119 0.0222453
 0.00664505 0.0104193 0.0149955 0.020145 0.025661 0.0313459 0.0369318 0.0420668 0.0464134 0.049769 0.0521082 0.053549 0.0542972 0.0545904 0.0546348 0.054545 0.0543092 0.0537875 0.052732 0.0508197 0.0477081 0.0431394 0.0370944 0.0299274 0.0223649
 0.00707347 0.0110649 0.0158664 0.0211989 0.0267987 0.0324147 0.0377477 0.0424636 0.0463116 0.0492252 0.0513 0.0526883 0.0535255 0.0539279 0.0540153 0.0539025 0.0536491 0.0531947 0.0523174 0.0506472 0.0477519 0.0432992 0.037253 0.0300083 0.0223546
 0.00744899 0.0116641 0.0167457 0.0223991 0.0283308 0.0342387 0.0397498 0.0444476 0.0480246 0.050419 0.0518078 0.0524821 0.0527194 0.0527201 0.0526008 0.0524131 0.0521522 0.0517359 0.0509565 0.0494539 0.0467732 0.0425343 0.0366611 0.0295407 0.0219805
 0.00782171 0.0122475 0.0175833 0.0235206 0.0297522 0.03596 0.0417432 0.0466402 0.0502836 0.0525497 0.0535738 0.0536507 0.0531248 0.0523167 0.0514758 0.0507474 0.0501549 0.0495916 0.04881 0.047418 0.0449366 0.0409575 0.0353712 0.0285344 0.0212345
 0.0081546 0.0127771 0.018359 0.0245818 0.0311229 0.037641 0.043702 0.0488067 0.0525551 0.0547999 0.0556557 0.0553952 0.0543473 0.0528464 0.0512033 0.0496668 0.0483729 0.0472989 0.0462316 0.044771 0.0424064 0.0386882 0.0334601 0.0270277 0.0201287
 0.00846678 0.0132652 0.0190585 0.0255163 0.0323049 0.0390714 0.0453656 0.0506656 0.0545452 0.0568341 0.0576286 0.0571862 0.0558203 0.0538525 0.0515952 0.0493291 0.0472623 0.045473 0.0438486 0.0420603 0.0396222 0.0360657 0.0311811 0.0252003 0.018781
 0.00883631 0.0138411 0.0198794 0.026602 0.0336557 0.0406663 0.0471589 0.0525863 0.0565055 0.058743 0.0594034 0.0587521 0.0571028 0.0547667 0.0520407 0.0491975 0.046462 0.0439668 0.04169 0.0394067 0.0367163 0.0331866 0.0285845 0.0230656 0.0171839
 0.00924099 0.014475 0.0207886 0.0278137 0.0351739 0.0424672 0.0491828 0.0547352 0.058654 0.0607609 0.0611778 0.0602005 0.0581722 0.0554221 0.0522482 0.0489106 0.0456218 0.0425231 0.0396399 0.0368342 0.0338071 0.0302048 0.0258117 0.0207294 0.0154045
 0.00964197 0.0150967 0.0216689 0.0289695 0.036602 0.0441448 0.0510637 0.0567449 0.0606913 0.0627088 0.0629192 0.0616329 0.059218 0.0560324 0.0523968 0.0485809 0.0447938 0.0411741 0.0377648 0.0344819 0.0311118 0.0273858 0.023132 0.0184246 0.0136184
 0.0101162 0.0158299 0.0227017 0.0303147 0.0382437 0.046039 0.0531362 0.0588911 0.0627869 0.0646286 0.0645545 0.0629006 0.060061 0.0564168 0.0523082 0.0480182 0.0437617 0.0396784 0.0358212 0.032139 0.0284799 0.0246484 0.0205203 0.0161592 0.0118446
 0.0104478 0.0163517 0.0234551 0.0313267 0.0395233 0.0475711 0.0548734 0.0607507 0.064659 0.0663938 0.0661029 0.0641428 0.0609324 0.0568764 0.0523347 0.0476047 0.0429111 0.038401 0.0341401 0.0301048 0.0261907 0.0222597 0.0182283 0.0141557 0.0102621
 0.0107619 0.0168552 0.0241992 0.0323534 0.0408564 0.0492027 0.0567499 0.0627681 0.0666763 0.0682594 0.0676812 0.0653322 0.0616714 0.0571416 0.0521328 0.046961 0.0418582 0.0369737 0.0323784 0.0280667 0.0239689 0.0199904 0.0160794 0.0122898 0.00879144
 0.0111163 0.0174035 0.0249733 0.0333669 0.0421063 0.050671 0.0583996 0.0645363 0.0684707 0.0699643 0.0691714 0.0664915 0.0624109 0.0574119 0.0519259 0.0463025 0.0407942 0.0355591 0.0306727 0.02614 0.0219134 0.0179277 0.0141512 0.0106298 0.0074893
 0.0114506 0.017922 0.0257068 0.034327 0.0432839 0.0520354 0.0598967 0.066089 0.0699882 0.071356 0.0703578 0.0674067 0.0630008 0.0576348 0.0517574 0.0457412 0.0398631 0.0343021 0.0291499 0.0244262 0.0201012 0.0161284 0.0124861 0.00920801 0.00638048
 0.0116163 0.0182014 0.0261452 0.0349713 0.0441704 0.0531717 0.0612449 0.067563 0.0714689 0.0727193 0.0714995 0.0682556 0.0635189 0.057809 0.0515908 0.0452466 0.0390616 0.0332259 0.0278458 0.0229589 0.0185543 0.0146013 0.0110829 0.00801831 0.00545845
 0.0116045 0.0182015 0.0261826 0.0350852 0.0444093 0.0535828 0.0618602 0.0683868 0.0724694 0.0738268 0.0726145 0.0692671 0.064327 0.0583435 0.0518168 0.0451598 0.0386783 0.0325758 0.0269705 0.0219141 0.0174126 0.0134493 0.0100109 0.00710343 0.00474721
 0.0118003 0.0184662 0.0264834 0.0353631 0.0446012 0.0536555 0.0618352 0.0683386 0.0724973 0.0740138 0.0729955 0.0698166 0.0649693 0.0589758 0.0523366 0.0454867 0.0387656 0.0324112 0.0265714 0.0213224 0.0166899 0.0126718 0.00925869 0.00644569 0.0042281
 0.0118778 0.0185838 0.0266427 0.0355546 0.0448013 0.0538254 0.0619267 0.0683118 0.0723446 0.0737787 0.0727679 0.0697012 0.0650405 0.0592448 0.0527479 0.0459411 0.0391555 0.0326515 0.0266161 0.0211686 0.0163716 0.0122487 0.00880115 0.00601877 0.00387736
 0.0118591 0.0185592 0.0266167 0.0355351 0.0447976 0.0538436 0.0619654 0.0683584 0.072377 0.0737735 0.0727146 0.0696156 0.064967 0.059241 0.0528555 0.0461615 0.0394442 0.0329342 0.026818 0.0212403 0.0163024 0.0120643 0.00855088 0.00575715 0.00364783
 0.0118912 0.0186022 0.0266645 0.0355775 0.0448236 0.0538474 0.0619503 0.0683352 0.0723579 0.0737639 0.0727097 0.0696043 0.0649422 0.0592091 0.0528388 0.0461868 0.0395248 0.0330573 0.0269462 0.0213276 0.0163157 0.0119971 0.00842288 0.00560279 0.003501
 0.0121009 0.0189101 0.0270661 0.0360457 0.0453143 0.0543108 0.06234 0.068615 0.0725051 0.0737727 0.0725911 0.0693817 0.0646445 0.0588664 0.0524809 0.0458442 0.0392252 0.032818 0.0267667 0.0211901 0.0161947 0.0118727 0.00828996 0.0054701 0.00338309
 0.0120907 0.0188932 0.0270399 0.0360073 0.0452613 0.0542416 0.0622556 0.0685204 0.0724095 0.0736892 0.0725338 0.0693617 0.0646661 0.058925 0.0525655 0.0459419 0.0393261 0.0329165 0.0268589 0.0212699 0.0162528 0.0119009 0.00828665 0.00544224 0.00334334
 0.0121755 0.0190251 0.027227 0.0362514 0.0455558 0.0545696 0.062588 0.0688181 0.0726312 0.0738025 0.0725245 0.0692376 0.0644533 0.0586594 0.0522832 0.0456714 0.0390859 0.0327151 0.0266978 0.021145 0.0161564 0.0118239 0.00822159 0.00538555 0.00329524
 0.0119558 0.0187041 0.0268116 0.0357731 0.0450641 0.0541194 0.0622287 0.0685867 0.0725484 0.0738691 0.0727207 0.0695277 0.0647946 0.059013 0.0526209 0.0459775 0.0393546 0.032946 0.0268919 0.0213032 0.0162791 0.0119118 0.00827738 0.00541473 0.00330555
 0.011761 0.018414 0.0264252 0.0353087 0.0445565 0.0536137 0.0617743 0.0682315 0.0723322 0.0738148 0.0728284 0.0697744 0.0651414 0.0594147 0.053035 0.0463715 0.0397076 0.0332485 0.0271422 0.0215037 0.0164334 0.0120242 0.00835311 0.00546056 0.00332942
 0.0116788 0.0182871 0.0262472 0.035079 0.0442813 0.0533067 0.0614573 0.0679341 0.072087 0.0736511 0.0727655 0.0698182 0.0652833 0.0596345 0.0533051 0.046662 0.0399918 0.0335067 0.027363 0.0216829 0.0165718 0.0121255 0.00842234 0.00550393 0.00335369
 0.0116776 0.0182548 0.0261433 0.0348501 0.0438777 0.0527084 0.0606951 0.0670911 0.0712783 0.0729912 0.0723397 0.0696681 0.0654066 0.0599924 0.0538354 0.0472922 0.0406521 0.0341393 0.0279271 0.0221553 0.0169448 0.0124031 0.00861632 0.00563027 0.00342966
 0.0118903 0.0185627 0.0265344 0.0352833 0.044287 0.0530145 0.0608205 0.0669777 0.0709067 0.0723958 0.0716085 0.0689218 0.0647639 0.0595384 0.053605 0.0472726 0.0407972 0.0343878 0.0282188 0.022442 0.0171948 0.0126012 0.00876022 0.00572632 0.0034884
 0.0119288 0.0186426 0.0266849 0.0355379 0.0446693 0.0535181 0.0613937 0.0675249 0.0713121 0.0725594 0.07148 0.0685175 0.0641618 0.0588543 0.0529585 0.0467552 0.0404539 0.0342168 0.0281849 0.0224957 0.0172889 0.0127004 0.00884437 0.00578787 0.00352824
 0.0118763 0.0185579 0.0265608 0.035373 0.044475 0.0533241 0.0612475 0.0674787 0.0713984 0.072768 0.0717525 0.0687675 0.0643116 0.0588677 0.0528528 0.0465887 0.0402969 0.0341233 0.0281766 0.0225623 0.017401 0.0128248 0.00895571 0.00587327 0.00358578
 0.0116268 0.0181979 0.026103 0.0348575 0.0439573 0.0528562 0.0608658 0.0672052 0.0712499 0.0727619 0.0719004 0.0690597 0.064707 0.0592999 0.0532531 0.0469127 0.0405383 0.0343064 0.0283357 0.0227215 0.0175653 0.0129838 0.00909427 0.00598075 0.0036599
 0.0111855 0.0175516 0.0252637 0.0338852 0.0429469 0.051913 0.0600833 0.0666525 0.0709661 0.0727536 0.0721447 0.0695135 0.0653167 0.0600072 0.0539969 0.0476335 0.0411879 0.0348588 0.0287892 0.0230903 0.0178664 0.0132283 0.00928645 0.00612266 0.00375619
 0.0108335 0.0170081 0.0245013 0.0329039 0.0417795 0.0506307 0.0587973 0.0655038 0.0700971 0.0722705 0.0720896 0.0698607 0.0659903 0.0609079 0.0550234 0.0486945 0.0422082 0.0357825 0.0295827 0.0237422 0.018382 0.0136221 0.00957568 0.00632451 0.00388799
 0.0107254 0.0168197 0.0241949 0.0324368 0.0411152 0.0497557 0.0577392 0.0643396 0.0689463 0.071273 0.0713768 0.069526 0.0660693 0.0613724 0.0557932 0.0496602 0.0432564 0.0368145 0.0305248 0.0245488 0.0190342 0.0141216 0.00993777 0.00657196 0.00404615
 0.0116605 0.0181342 0.0257912 0.0340918 0.0425384 0.0506854 0.0580228 0.0639601 0.0679973 0.0699149 0.0698002 0.0679262 0.0646232 0.0602151 0.0549982 0.0492336 0.0431468 0.0369352 0.0307803 0.0248555 0.0193317 0.0143751 0.0101337 0.00671119 0.00413745
 0.0124169 0.0192921 0.0273923 0.0361065 0.0448499 0.0530816 0.0602045 0.065586 0.068774 0.0696978 0.0686471 0.066071 0.0623908 0.0579264 0.0529066 0.0474978 0.0418316 0.0360284 0.0302173 0.0245475 0.0191905 0.0143289 0.010133 0.00672668 0.0041547
 0.0122518 0.0191515 0.0274152 0.0364968 0.0458164 0.0547432 0.0625059 0.0682722 0.0714421 0.0719023 0.070017 0.0664027 0.0616911 0.0563953 0.0508649 0.0452921 0.0397507 0.0342584 0.0288363 0.0235486 0.0185152 0.0138995 0.00987499 0.00657999 0.00407598
 0.0118147 0.018496 0.0265388 0.0354543 0.0447313 0.0538085 0.061965 0.0683648 0.0723138 0.0735162 0.0721216 0.0685924 0.0635366 0.0575827 0.0512807 0.0450248 0.0390245 0.033337 0.0279405 0.0228131 0.0179868 0.013562 0.00968205 0.00648113 0.00403072
 0.0117699 0.0183889 0.0263158 0.0350488 0.0440865 0.0529144 0.0608929 0.0672796 0.0714498 0.0731156 0.0723541 0.0694814 0.0649278 0.0591799 0.0527433 0.0460857 0.0395707 0.0334175 0.0277106 0.0224524 0.0176351 0.0132927 0.00951012 0.00638812 0.00398831
 0.0118396 0.0184706 0.0263784 0.0350385 0.0439348 0.052555 0.0602839 0.0664256 0.07042 0.0720513 0.071454 0.0689553 0.0649271 0.0597315 0.0537246 0.0472614 0.0406795 0.0342663 0.0282275 0.0226789 0.0176738 0.0132484 0.00945352 0.00634958 0.00397098
 0.0119314 0.0186256 0.0266199 0.0353847 0.0443859 0.0530763 0.0607953 0.0668096 0.0705539 0.0718533 0.0709232 0.068187 0.0640929 0.0590272 0.0533015 0.0471704 0.0408568 0.0345715 0.0285132 0.0228521 0.017717 0.0131997 0.009368 0.00626921 0.00391429
 0.0119234 0.018621 0.0266293 0.0354256 0.0444809 0.0532478 0.061056 0.0671504 0.0709334 0.0721964 0.0711365 0.0681918 0.0638635 0.0586126 0.0528143 0.0467425 0.0405837 0.0344757 0.0285468 0.0229342 0.0177799 0.0132144 0.00934169 0.00622526 0.00387313
 0.0119896 0.0187172 0.0267536 0.0355701 0.0446356 0.0534066 0.0612204 0.0673288 0.0711339 0.0724164 0.0713535 0.0683613 0.0639299 0.0585322 0.052581 0.0463993 0.0402089 0.034149 0.0283147 0.0227977 0.0177077 0.0131695 0.00930154 0.00618473 0.0038368
 0.0120784 0.018841 0.0269019 0.0357202 0.0447591 0.0534802 0.0612351 0.0672934 0.071072 0.072359 0.0713286 0.068383 0.0639901 0.0586008 0.0526169 0.0463708 0.0401111 0.0340062 0.0281668 0.0226777 0.0176278 0.0131229 0.0092735 0.00616413 0.00381937
 0.0122066 0.0190345 0.0271643 0.0360427 0.0451201 0.0538468 0.0615663 0.0675463 0.0712121 0.0723721 0.0712271 0.0682017 0.063772 0.0583807 0.0524107 0.0461754 0.0399147 0.033802 0.027961 0.0224867 0.0174683 0.0130028 0.00919051 0.00610979 0.00378484
 0.0122008 0.0190434 0.0272109 0.0361582 0.0453342 0.0541723 0.0619866 0.068013 0.0716569 0.0727259 0.071439 0.0682506 0.0636692 0.0581622 0.0521234 0.0458621 0.039604 0.0335085 0.0276912 0.0222463 0.0172644 0.0128411 0.00907188 0.00602944 0.00373438
 0.0123112 0.019204 0.0274186 0.0364009 0.0455974 0.0544488 0.0622799 0.0683317 0.0720002 0.073072 0.0717429 0.068457 0.0637323 0.0580635 0.0518777 0.0455095 0.0391957 0.0330911 0.027299 0.0219002 0.0169753 0.0126131 0.00890332 0.00591364 0.00366095
 0.0123161 0.0192108 0.0274267 0.0364085 0.045602 0.0544479 0.0622741 0.0683275 0.0720128 0.0731222 0.0718491 0.068622 0.0639352 0.0582632 0.0520277 0.0455765 0.0391709 0.0329896 0.0271494 0.0217331 0.0168153 0.0124757 0.00879591 0.0058368 0.00361072
 0.01217 0.0190113 0.0271965 0.0361913 0.0454494 0.0543985 0.0623368 0.0684801 0.0722146 0.0733333 0.0720447 0.0687958 0.0640931 0.0584107 0.0521605 0.0456797 0.0392261 0.032986 0.0270903 0.0216349 0.0167002 0.0123644 0.00870207 0.00576637 0.00356321
 0.0120653 0.0188429 0.0269483 0.035855 0.0450325 0.0539329 0.0618822 0.0681135 0.0720062 0.0733194 0.0722149 0.0691025 0.0644748 0.0588139 0.052549 0.0460312 0.0395251 0.0332205 0.0272543 0.0217311 0.016741 0.0123677 0.00868618 0.00574511 0.00354453
 0.0118651 0.0185514 0.0265718 0.0354196 0.0445741 0.0534842 0.0614651 0.0677431 0.0717024 0.0731144 0.072147 0.0691996 0.0647374 0.0592105 0.0530258 0.04653 0.0399974 0.0336331 0.0275888 0.0219817 0.0169127 0.0124738 0.00874402 0.0057722 0.0035548
 0.0119658 0.0186903 0.0267356 0.0355816 0.0447034 0.0535582 0.0614778 0.0677032 0.0716227 0.0730024 0.0720059 0.0690367 0.0645716 0.0590695 0.0529347 0.0464989 0.0400179 0.0336846 0.0276478 0.0220303 0.0169416 0.0124825 0.0087379 0.00575872 0.0035404
 0.0118962 0.0185889 0.0266042 0.0354277 0.0445365 0.053384 0.0612969 0.0675149 0.0714325 0.0728269 0.0718695 0.0689622 0.0645711 0.0591423 0.0530713 0.0466859 0.04024 0.0339231 0.0278815 0.0222388 0.0171104 0.0126058 0.00881875 0.00580596 0.00356474
 0.0119256 0.0186488 0.0267162 0.0356175 0.0448246 0.053773 0.06176 0.0679944 0.0718523 0.0731138 0.0719747 0.0688744 0.0643169 0.0587754 0.0526551 0.0462778 0.0398806 0.0336337 0.0276656 0.0220874 0.0170081 0.0125372 0.00877175 0.00577311 0.00354204
 0.0118743 0.0185635 0.0265856 0.0354345 0.0445931 0.0535158 0.0615213 0.0678314 0.0718143 0.073219 0.0721991 0.0691602 0.064596 0.058995 0.0527922 0.0463391 0.0398915 0.0336235 0.0276565 0.0220897 0.0170217 0.0125562 0.0087899 0.0057865 0.00354991
 0.011803 0.0184431 0.0263965 0.0351564 0.0442111 0.0530296 0.0609553 0.0672393 0.0712739 0.0728159 0.072004 0.0692068 0.064869 0.0594343 0.0533142 0.0468639 0.0403639 0.0340193 0.027975 0.0223416 0.0172187 0.0127067 0.00889985 0.00586159 0.00359701
 0.0117873 0.0184361 0.0264188 0.0352342 0.0443637 0.053253 0.0612109 0.0674607 0.0713904 0.072784 0.0718273 0.0689351 0.0645765 0.0591898 0.0531576 0.0467982 0.0403649 0.0340536 0.0280162 0.0223765 0.0172449 0.0127265 0.00891519 0.00587338 0.00360537
 0.011785 0.0184396 0.026438 0.0352848 0.0444656 0.0534248 0.0614628 0.0677841 0.0717511 0.0731226 0.0720728 0.0690292 0.0644982 0.0589652 0.0528477 0.0464726 0.0400765 0.0338265 0.02785 0.0222586 0.0171617 0.0126681 0.00887561 0.00584815 0.00359054
 0.0111499 0.0175193 0.0252618 0.0339542 0.0431286 0.0522334 0.0605377 0.0672025 0.0715496 0.0733009 0.0725919 0.0698111 0.0654358 0.0599449 0.0537767 0.0472968 0.0407803 0.0344185 0.0283451 0.0226671 0.0174885 0.0129174 0.00905461 0.00596811 0.00366509
 0.0103271 0.0162715 0.0235556 0.0318287 0.0406973 0.0496758 0.0580879 0.0651251 0.0700916 0.0726313 0.0727595 0.0707419 0.0669653 0.0618637 0.0558712 0.0493809 0.0427154 0.0361207 0.0297788 0.0238298 0.0183964 0.0135961 0.00953596 0.00628867 0.00386359
#obs surv len freq
 nan nan nan nan nan nan nan nan nan nan nan nan nan nan nan nan nan nan nan nan nan nan nan nan nan
 0.00447916 0.00733816 0.0111662 0.0159817 0.0216828 0.0279601 0.0342765 0.0400102 0.0446918 0.0481572 0.0505162 0.0520129 0.0529059 0.0534188 0.0537335 0.0539887 0.0542675 0.0545604 0.0546992 0.0542911 0.0527291 0.0493609 0.0438102 0.0362895 0.0276723
 0.00461387 0.00755737 0.0114962 0.0164463 0.0222979 0.0287244 0.0351634 0.0409644 0.0456365 0.0490083 0.0511981 0.0524698 0.053108 0.0533638 0.0534421 0.0534975 0.0536195 0.0537982 0.0538619 0.0534155 0.0518537 0.0485287 0.0430655 0.0356701 0.0271989
 0.00477615 0.00782374 0.0119018 0.017025 0.0230757 0.029708 0.0363288 0.0422525 0.0469596 0.0502652 0.0522898 0.0533104 0.053633 0.0535352 0.0532521 0.0529667 0.0527917 0.0527316 0.0526219 0.0520719 0.0504814 0.0472077 0.0418755 0.0346765 0.0264381
 0.00496911 0.00813875 0.0123784 0.0177014 0.0239813 0.030853 0.0376916 0.0437743 0.0485508 0.0518198 0.0536996 0.0544758 0.054469 0.0539765 0.0532584 0.052527 0.0519256 0.0514881 0.0510756 0.0503192 0.048637 0.0453985 0.0402268 0.0332909 0.0253733
 0.00517334 0.00847479 0.0128917 0.0184368 0.0249748 0.0321177 0.0392041 0.0454693 0.0503309 0.0535729 0.0553158 0.0558555 0.0555249 0.0546347 0.0534602 0.0522339 0.0511257 0.0502031 0.0493661 0.0482879 0.046426 0.043178 0.0381714 0.0315462 0.0240242
 0.00540709 0.00885553 0.0134663 0.0192499 0.0260611 0.0334895 0.0408373 0.0472982 0.052255 0.055475 0.0570796 0.0573764 0.0567139 0.0554181 0.0537778 0.0520385 0.0503872 0.0489177 0.0475711 0.0460744 0.043945 0.0406293 0.0357724 0.0294857 0.022418
 0.00563611 0.00923304 0.014044 0.0200793 0.027183 0.0349184 0.0425455 0.0492108 0.0542617 0.0574523 0.0589102 0.0589591 0.0579645 0.0562669 0.0541663 0.0519172 0.0497177 0.0476807 0.0457828 0.0438074 0.0413431 0.0379027 0.0331646 0.0272181 0.0206342
 0.00588317 0.00963433 0.0146476 0.0209305 0.0283171 0.036348 0.044247 0.0511173 0.0562707 0.0594429 0.0607616 0.0605638 0.0592344 0.057133 0.0545751 0.0518253 0.0490885 0.04649 0.0440344 0.0415574 0.0387216 0.035116 0.0304648 0.0248447 0.0187508
 0.00613146 0.0100433 0.0152728 0.0218259 0.029524 0.037877 0.046061 0.0531277 0.0583529 0.0614625 0.0625976 0.0621184 0.0604327 0.0579187 0.0549053 0.0516656 0.0484102 0.0452729 0.0422799 0.0393122 0.0361025 0.032318 0.0277363 0.0224295 0.0168217
 0.00637709 0.0104464 0.0158866 0.0227028 0.0307055 0.039378 0.0478527 0.0551304 0.0604453 0.0635043 0.0644529 0.0636735 0.0616034 0.0586505 0.0551666 0.0514385 0.047682 0.0440354 0.0405398 0.0371136 0.0335518 0.0295953 0.0250757 0.020066 0.014926
 0.00661649 0.0108384 0.0164817 0.0235498 0.0318421 0.0408162 0.0495629 0.0570362 0.0624337 0.0654461 0.0662233 0.0651638 0.0627278 0.0593478 0.0553997 0.0511896 0.0469464 0.0428169 0.038856 0.0350122 0.0311332 0.0270243 0.0225666 0.0178354 0.0131334
 0.00684284 0.0112122 0.0170548 0.0243737 0.0329567 0.0422327 0.0512475 0.0589051 0.0643655 0.0673076 0.0678914 0.0665389 0.0637365 0.0599409 0.0555485 0.0508815 0.0461808 0.0416036 0.0372198 0.0330054 0.0288527 0.0246219 0.0202353 0.0157693 0.011475
 0.00704499 0.0115449 0.0175633 0.0251028 0.0339427 0.0434894 0.0527513 0.0605887 0.0661257 0.0690233 0.0694436 0.0678254 0.0646795 0.0604898 0.055677 0.0505823 0.0454589 0.0404741 0.0357114 0.0311713 0.0267849 0.0224579 0.0181459 0.013924 0.00999693
 0.00727063 0.0119085 0.0181044 0.0258559 0.0349305 0.0447125 0.0541776 0.0621493 0.0677241 0.0705523 0.0708024 0.0689291 0.0654641 0.0609122 0.0557148 0.0502307 0.0447269 0.0393817 0.0342914 0.0294776 0.0249035 0.0205116 0.0162834 0.0122902 0.00869452
 0.00742237 0.0121656 0.0185102 0.0264559 0.0357613 0.0457849 0.055461 0.0635693 0.0691766 0.0719277 0.0720059 0.06989 0.0661344 0.061263 0.0557316 0.0499106 0.0440769 0.0384192 0.033047 0.0280017 0.0232737 0.0188356 0.0146886 0.0108978 0.00758887
 0.00753367 0.0123424 0.0187697 0.0268141 0.0362337 0.0463858 0.0561985 0.0644377 0.0701488 0.072952 0.0730101 0.0707931 0.0668613 0.0617553 0.0559526 0.0498424 0.0437171 0.0377774 0.0321468 0.0268859 0.0220097 0.0175165 0.0134227 0.00978748 0.00670514
 0.00757774 0.0124161 0.0188844 0.0269817 0.0364648 0.0466865 0.0565687 0.0648721 0.0706407 0.0734954 0.0735964 0.071403 0.0674579 0.0622851 0.0563541 0.0500597 0.0437095 0.0375252 0.0316534 0.0261791 0.0211438 0.0165699 0.0124881 0.00895307 0.00603347
 0.00765955 0.0125356 0.0190395 0.027163 0.0366595 0.0468848 0.0567682 0.0650776 0.0708606 0.0737378 0.0738668 0.0717026 0.0677814 0.062616 0.0566616 0.0502995 0.0438318 0.0374865 0.0314283 0.025769 0.0205806 0.0159129 0.0118132 0.00833531 0.00552822
 0.00770659 0.0126123 0.0191545 0.0273223 0.0368629 0.0471214 0.0570154 0.0653057 0.0710437 0.073866 0.0739504 0.0717669 0.0678538 0.0627142 0.0567857 0.0504303 0.0439342 0.0375176 0.0313492 0.0255583 0.0202437 0.0154843 0.0113481 0.00789398 0.00515851
 0.00775745 0.0126859 0.0192487 0.0274304 0.0369763 0.0472341 0.0571259 0.0654148 0.0711507 0.0739649 0.0740325 0.0718265 0.0678942 0.0627472 0.0568254 0.0504834 0.0439925 0.0375576 0.0313393 0.0254704 0.0200663 0.0152296 0.0110498 0.00759611 0.00489996
 0.00782373 0.0127885 0.0193928 0.0276159 0.0371959 0.0474728 0.0573608 0.0656193 0.0713016 0.0740503 0.074054 0.071796 0.0678273 0.0626595 0.0567306 0.050393 0.0439126 0.0374849 0.0312601 0.0253657 0.0199213 0.0150428 0.0108364 0.00738217 0.00471206
 0.00784884 0.0128307 0.0194589 0.0277123 0.0373273 0.0476382 0.0575514 0.0658175 0.0714842 0.0741943 0.0741431 0.0718244 0.0678003 0.0625903 0.0566359 0.0502883 0.0438092 0.0373876 0.0311663 0.0252669 0.0198077 0.0149099 0.0106895 0.00723533 0.00458176
 0.00786526 0.0128533 0.0194856 0.0277396 0.0373522 0.0476613 0.0575779 0.065856 0.071542 0.0742723 0.0742337 0.0719133 0.0678718 0.0626331 0.0566467 0.0502711 0.0437723 0.0373393 0.0311113 0.025205 0.019736 0.0148264 0.0105968 0.00714126 0.00449668
 0.00788831 0.012886 0.019526 0.0277824 0.0373898 0.0476862 0.057585 0.065845 0.071518 0.074246 0.0742176 0.0719172 0.0678978 0.0626747 0.0566917 0.0503074 0.0437924 0.0373412 0.0310969 0.0251769 0.0196958 0.0147758 0.0105388 0.00708142 0.00444167
 0.00789275 0.0128934 0.0195371 0.0277976 0.0374082 0.0477049 0.0575988 0.0658475 0.0715046 0.0742165 0.0741782 0.071879 0.0678732 0.0626722 0.0567125 0.0503452 0.0438362 0.0373801 0.0311231 0.0251871 0.01969 0.0147563 0.0105095 0.00704748 0.00440859
 0.00788035 0.0128687 0.0194919 0.0277225 0.0372961 0.0475561 0.0574244 0.0656685 0.0713458 0.0740987 0.0741132 0.0718688 0.0679137 0.0627564 0.0568319 0.0504894 0.0439926 0.0375346 0.0312623 0.025301 0.0197737 0.0148099 0.0105373 0.00705625 0.00440593
 0.00788887 0.0128763 0.0194916 0.0277033 0.0372454 0.0474634 0.0572861 0.0654906 0.0711448 0.073899 0.0739423 0.0717509 0.0678637 0.0627769 0.056915 0.0506204 0.0441538 0.0377077 0.0314306 0.0254505 0.0198949 0.0148987 0.0105953 0.00708902 0.00442097
 0.00789642 0.0128868 0.0195038 0.0277139 0.0372488 0.0474515 0.0572494 0.0654203 0.0710363 0.0737561 0.0737786 0.0715888 0.0677286 0.0626909 0.0568907 0.0506585 0.0442444 0.037834 0.0315729 0.0255905 0.0200182 0.0149966 0.0106651 0.00713334 0.0044456
 0.00787306 0.0128522 0.0194579 0.0276588 0.0371879 0.0473884 0.0571863 0.0653578 0.0709733 0.0736899 0.0737075 0.0715143 0.0676574 0.0626348 0.0568636 0.0506718 0.0443023 0.0379316 0.0316974 0.025725 0.0201459 0.0151051 0.0107478 0.00718991 0.00448014
 0.0078384 0.0127954 0.0193719 0.0275381 0.0370307 0.0472002 0.0569818 0.0651596 0.0708058 0.0735719 0.0736466 0.0715064 0.0676916 0.0626992 0.0569502 0.0507778 0.0444279 0.0380762 0.0318563 0.025888 0.0203004 0.0152389 0.0108532 0.00726509 0.00452848
 0.00780933 0.0127445 0.0192888 0.0274112 0.0368508 0.0469651 0.0567013 0.0648567 0.0705136 0.073326 0.0734767 0.0714301 0.067711 0.0628025 0.0571166 0.0509846 0.0446557 0.0383112 0.0320882 0.0261082 0.0204994 0.0154081 0.0109866 0.0073616 0.00459198
 0.00778239 0.0126984 0.0192153 0.0273009 0.0366949 0.0467585 0.0564464 0.0645657 0.070208 0.0730347 0.0732317 0.0712608 0.0676385 0.0628347 0.0572465 0.0511924 0.044915 0.0385947 0.0323729 0.0263762 0.0207378 0.0156079 0.0111432 0.00747508 0.00466734
 0.00777996 0.0126904 0.0191956 0.0272609 0.036625 0.0466508 0.0562975 0.0643781 0.0699905 0.0728016 0.0730018 0.0710567 0.067484 0.0627507 0.0572462 0.0512774 0.0450743 0.0388076 0.0326139 0.0266203 0.0209644 0.0158024 0.0112978 0.00758849 0.00474353
 0.00771969 0.0126004 0.0190747 0.0271129 0.0364567 0.0464694 0.056109 0.0641876 0.0698036 0.0726257 0.0728464 0.0709324 0.0674022 0.0627223 0.0572801 0.0513782 0.0452397 0.0390265 0.0328673 0.0268844 0.0212156 0.0160218 0.011474 0.00771839 0.00483109
 0.00930736 0.0148168 0.0217373 0.0298283 0.0387371 0.047916 0.0565566 0.0637283 0.0686961 0.0711645 0.0712691 0.06939 0.0659741 0.0614451 0.0561702 0.0504426 0.0444797 0.0384369 0.0324348 0.0265878 0.0210279 0.0159141 0.0114196 0.00769549 0.0048243
 0.00932211 0.0151341 0.0227312 0.0319587 0.0423478 0.0529631 0.0624372 0.0693798 0.0729739 0.0732943 0.071102 0.0673388 0.0627301 0.0576828 0.0523825 0.0469185 0.0413578 0.035769 0.0302281 0.024825 0.0196746 0.0149221 0.0107305 0.00724551 0.00455037
 0.0089553 0.0145602 0.021931 0.0309869 0.041386 0.0523541 0.0626433 0.0708178 0.0757664 0.0770859 0.0751046 0.0706312 0.0646424 0.0580274 0.0514206 0.0451428 0.0392597 0.0337059 0.0284017 0.0233194 0.0185027 0.0140584 0.0101299 0.0068539 0.00431273
 0.00877657 0.0142586 0.0214578 0.0302936 0.0404435 0.0511875 0.0613737 0.0696902 0.0751271 0.0772858 0.0763416 0.0728047 0.0673229 0.0605969 0.053322 0.0460913 0.0392973 0.0331002 0.0274829 0.0223568 0.0176586 0.0133995 0.00966015 0.00654518 0.00412556
 0.00871236 0.0141472 0.021276 0.0300128 0.0400324 0.0506199 0.0606418 0.0688225 0.074209 0.0764728 0.0758485 0.0728502 0.0680338 0.0619148 0.0549813 0.0477064 0.0405201 0.0337537 0.0275958 0.0220976 0.0172306 0.0129625 0.00930157 0.00629107 0.00396538
 0.00870303 0.0141267 0.0212347 0.0299366 0.0399041 0.0504208 0.0603556 0.0684387 0.0737286 0.0759191 0.0752806 0.0723719 0.0677812 0.0620139 0.0554833 0.0485382 0.0414917 0.0346312 0.0282009 0.0223715 0.0172298 0.0128024 0.0090939 0.0061076 0.00383413
 0.00868979 0.0141064 0.021206 0.0298983 0.0398533 0.0503524 0.0602606 0.0683053 0.0735447 0.0756765 0.0749818 0.0720387 0.0674628 0.0617856 0.0554286 0.0487129 0.0418862 0.0351594 0.02873 0.0227804 0.0174588 0.0128643 0.00904788 0.00601954 0.00374989
 0.00868552 0.0140984 0.0211922 0.0298761 0.0398208 0.0503087 0.0602064 0.0682417 0.0734709 0.0755877 0.07487 0.0718974 0.0672943 0.0616098 0.0552849 0.0486517 0.0419478 0.035349 0.0290071 0.0230728 0.0176957 0.013007 0.00909919 0.00600987 0.00371482
 0.00865556 0.0140535 0.0211316 0.0298016 0.0397361 0.0502185 0.0601156 0.0681554 0.073394 0.0755239 0.0748201 0.0718579 0.0672592 0.0615739 0.0552511 0.0486346 0.0419706 0.0354322 0.0291529 0.0232588 0.0178822 0.0131565 0.00919257 0.00605079 0.00372097
 0.00866327 0.0140625 0.0211387 0.029802 0.0397248 0.0501927 0.0600765 0.0681078 0.0733441 0.0754766 0.0747773 0.0718189 0.0672216 0.0615358 0.0552123 0.0485994 0.0419488 0.0354367 0.0291937 0.0233346 0.0179786 0.0132512 0.00926634 0.00609559 0.00374031
 0.0086383 0.0140264 0.0210925 0.029749 0.0396693 0.0501379 0.0600234 0.0680557 0.0732932 0.0754295 0.074739 0.0717947 0.0672143 0.0615441 0.0552322 0.0486265 0.0419815 0.0354771 0.029246 0.023401 0.0180552 0.0133284 0.00933278 0.0061435 0.00376866
 0.00863987 0.0140264 0.0210882 0.0297367 0.0396462 0.0501038 0.0599821 0.0680139 0.0732571 0.0754021 0.0747196 0.0717803 0.0672027 0.0615353 0.0552277 0.0486279 0.0419897 0.0354931 0.029271 0.0234356 0.0180981 0.0133751 0.00937657 0.00617862 0.00379242
 0.00862888 0.0140123 0.0210736 0.0297259 0.039643 0.0501093 0.0599931 0.0680241 0.0732601 0.075395 0.0747038 0.0717598 0.0671816 0.0615162 0.0552118 0.048616 0.0419829 0.0354927 0.0292782 0.023451 0.0181208 0.0134024 0.00940444 0.00620287 0.00381044
 0.00861857 0.0139928 0.0210395 0.0296715 0.0395653 0.0500109 0.0598845 0.0679216 0.0731808 0.0753498 0.0746944 0.0717804 0.0672233 0.0615704 0.0552722 0.048678 0.0420438 0.0355507 0.0293327 0.0235019 0.018168 0.0134449 0.00944092 0.00623184 0.00383127
 0.00861902 0.0139938 0.0210412 0.0296736 0.0395658 0.050006 0.0598688 0.0678903 0.0731329 0.0752904 0.0746341 0.0717313 0.0671937 0.0615628 0.0552836 0.0487027 0.0420759 0.0355861 0.0293686 0.0235368 0.0182009 0.013475 0.00946701 0.00625291 0.00384681
 0.00861902 0.0139938 0.0210412 0.0296736 0.0395658 0.050006 0.0598688 0.0678903 0.0731329 0.0752904 0.0746341 0.0717313 0.0671937 0.0615628 0.0552836 0.0487027 0.0420759 0.0355861 0.0293686 0.0235368 0.0182009 0.013475 0.00946701 0.00625291 0.00384681
 0.00851892 0.0138395 0.0208255 0.0293968 0.0392371 0.0496445 0.0595035 0.0675575 0.0728692 0.075124 0.0745787 0.0717852 0.0673438 0.0617885 0.0555608 0.0490062 0.0423821 0.0358755 0.0296274 0.0237571 0.0183798 0.0136136 0.00956891 0.00632351 0.00389244
 0.008636 0.0140116 0.0210501 0.0296586 0.039511 0.049901 0.0597137 0.0676972 0.0729214 0.0750828 0.0744509 0.07159 0.0671084 0.0615424 0.0553298 0.0488088 0.0422271 0.0357631 0.0295518 0.02371 0.0183531 0.0136003 0.00956394 0.00632312 0.00389406
 0.00854221 0.0138806 0.0208924 0.0294964 0.0393707 0.0498018 0.0596596 0.0676775 0.0729191 0.0750845 0.0744523 0.0715948 0.0671233 0.0615732 0.0553793 0.0488769 0.0423118 0.03586 0.0296547 0.0238112 0.0184453 0.013678 0.00962447 0.00636664 0.00392284
 0.00868135 0.0140866 0.0211651 0.0298237 0.0397331 0.050179 0.0600338 0.0680301 0.073225 0.07531 0.0745613 0.0715615 0.0669443 0.061271 0.0549962 0.0484621 0.0419091 0.0355007 0.0293559 0.0235779 0.0182734 0.0135586 0.00954626 0.00631861 0.00389537
 0.0085954 0.0139693 0.0210297 0.0296952 0.03964 0.0501418 0.0600564 0.0681014 0.0733291 0.0754351 0.0747013 0.0717094 0.0670854 0.0613842 0.0550621 0.0484733 0.0418732 0.0354361 0.0292834 0.0235133 0.0182249 0.0135273 0.00952906 0.00631083 0.00389281
 0.00857847 0.0139299 0.02095 0.0295556 0.0394291 0.0498691 0.0597592 0.0678381 0.0731578 0.0753904 0.074783 0.0718887 0.0673212 0.0616366 0.0552991 0.048672 0.0420212 0.0355324 0.0293367 0.0235379 0.0182348 0.0135321 0.00953344 0.00631571 0.00389753
 0.00864295 0.0140306 0.0210926 0.029739 0.0396417 0.0500859 0.0599437 0.0679513 0.0731742 0.0753119 0.0746401 0.0717261 0.0671771 0.0615294 0.0552264 0.0486193 0.0419722 0.035476 0.0292699 0.023465 0.0181639 0.0134711 0.00948693 0.00628421 0.00387851
 0.00871801 0.0141563 0.0212876 0.0300209 0.0400204 0.050554 0.0604679 0.068472 0.0736165 0.0756061 0.0747418 0.07163 0.066916 0.0611609 0.0548127 0.0482099 0.0415957 0.0351432 0.0289816 0.0232195 0.0179608 0.0133106 0.00936794 0.00620253 0.00382714
 0.00857584 0.0139381 0.0209849 0.0296386 0.0395801 0.0500965 0.0600519 0.0681652 0.0734767 0.0756595 0.0749714 0.0719809 0.0673172 0.0615494 0.0551499 0.0484836 0.0418113 0.0353116 0.0291119 0.0233169 0.0180292 0.0133548 0.00939393 0.00621649 0.00383411
 0.00852505 0.0138401 0.0208099 0.0293521 0.0391552 0.049531 0.0593837 0.0674728 0.0728629 0.0752231 0.0747803 0.0720551 0.0676274 0.0620284 0.0557142 0.0490558 0.0423364 0.035761 0.0294775 0.0236027 0.0182437 0.0135084 0.00949782 0.00628237 0.00387301
#pred catch len freq
 0.00376145 0.00605452 0.00903392 0.0127078 0.0170849 0.022131 0.0277038 0.0335411 0.0393183 0.0447239 0.0495091 0.0535139 0.0566791 0.0590293 0.0606264 0.061517 0.0617035 0.0611398 0.0597281 0.0573033 0.0536313 0.0484789 0.0417851 0.0338583 0.0254362
 0.00387966 0.00618497 0.00912068 0.0126725 0.0168622 0.0217159 0.027179 0.0330542 0.0390123 0.0446578 0.0496204 0.0536478 0.0566661 0.0587706 0.0601448 0.0609546 0.0612677 0.0610172 0.060003 0.0579187 0.0544149 0.0492221 0.0423318 0.0341555 0.0255254
 0.00416906 0.00662446 0.00971885 0.0134025 0.0176526 0.0224495 0.0277093 0.0332489 0.0388151 0.0441311 0.0489268 0.0529675 0.0561016 0.0583073 0.0596944 0.0604464 0.0607182 0.0605324 0.059714 0.0578986 0.054631 0.0495549 0.0426422 0.034352 0.0255913
 0.00445094 0.00707776 0.0103915 0.0143343 0.0188645 0.0239247 0.0293697 0.034941 0.0403219 0.0452214 0.0494285 0.0528317 0.0554186 0.0572557 0.0584553 0.0591405 0.0594058 0.0592579 0.058542 0.0569046 0.0538611 0.0489973 0.0422386 0.0340374 0.0253272
 0.00474109 0.0075367 0.0110608 0.0152503 0.0200592 0.0254231 0.0311757 0.0370145 0.0425547 0.0474249 0.0513482 0.0541981 0.0560229 0.057019 0.0574498 0.0575499 0.0574522 0.0571414 0.0564208 0.0549013 0.0520691 0.0474757 0.041007 0.0330832 0.0246204
 0.00499969 0.0079519 0.0116773 0.01611 0.0211985 0.0268668 0.0329272 0.0390467 0.0448035 0.0497841 0.0536629 0.0562624 0.0575968 0.057873 0.0574282 0.0566232 0.0557287 0.0548319 0.053779 0.0521717 0.0494581 0.0451391 0.0390459 0.031542 0.0234915
 0.00526645 0.00837216 0.0122867 0.0169378 0.0222694 0.0282005 0.0345326 0.0409112 0.0468844 0.0520035 0.055908 0.0583877 0.059428 0.0592158 0.05809 0.0564529 0.0546641 0.0529331 0.0512266 0.0492296 0.0464182 0.0422693 0.0365512 0.0295427 0.0220181
 0.0055827 0.00886866 0.013002 0.0178987 0.0234905 0.0296822 0.0362562 0.0428342 0.0489412 0.0541119 0.0579751 0.060312 0.0610972 0.0605028 0.0588539 0.0565496 0.0539756 0.0514106 0.0489297 0.0463411 0.0432192 0.039082 0.033669 0.0271708 0.0202431
 0.0059088 0.00938435 0.0137521 0.0189181 0.0248011 0.0312878 0.0381327 0.0449214 0.051144 0.0563116 0.0600471 0.0621415 0.0625877 0.0615749 0.0594338 0.0565573 0.0533256 0.0500352 0.0468221 0.0435978 0.0400564 0.0358056 0.0306046 0.0245809 0.0182674
 0.00625961 0.00993269 0.0145378 0.0199674 0.0261273 0.032891 0.0399929 0.0469889 0.0533341 0.0585085 0.0621161 0.0639474 0.0640135 0.0625342 0.0598699 0.0564311 0.0526011 0.0486784 0.0448239 0.0410151 0.0370468 0.0326271 0.0275657 0.0219583 0.016231
 0.00662223 0.0105006 0.0153531 0.0210574 0.0275034 0.0345463 0.0418954 0.049075 0.0555088 0.0606544 0.0641056 0.0656556 0.0653301 0.0633733 0.0601752 0.0561727 0.0517661 0.0472641 0.0428447 0.0385273 0.0341806 0.0295988 0.024648 0.0194119 0.0142296
 0.00695696 0.0110274 0.0161144 0.0220831 0.0288088 0.0361275 0.0437209 0.0510787 0.0575911 0.0626935 0.0659738 0.0672334 0.066518 0.0640981 0.0603911 0.0558574 0.0509145 0.0458847 0.0409638 0.0362059 0.0315369 0.0268194 0.0219684 0.0170623 0.0123699
