SBPRF35
7.78865
Curr Bio
591356
B35
650270
F35
0.224717
FOFL
0.219564
OFL
105536
Bzero
2.22533e+006
#pred survey bio
 3.58922e+006 3.21799e+006 2.86751e+006 2.52554e+006 2.22459e+006 1.92442e+006 1.69906e+006 1.48118e+006 1.2945e+006 1.16481e+006 1.02449e+006 910455 823476 772367 729999 692548 663934 633531 609921 592556 571014 568309 560125 552870 547209 546570 548836 558011 556013 557676 558415 549993 546319 535794 529625 527582 532632 527679 528998 535258 549316 546829 545372 553292 559850 566946 574621 540487 554948 550510 574184 569664 557198 553900 538449 540399 590847 2.22394e+007 1.36664e+007 1.40137e+007 1.45085e+007 1.50669e+007 1.55995e+007 1.606e+007 1.64342e+007 1.6726e+007 1.69475e+007 1.71128e+007 1.7235e+007 1.73249e+007 1.7391e+007 1.74397e+007 1.74757e+007 1.75024e+007 1.75224e+007 1.75374e+007 1.75486e+007 1.75572e+007 1.75637e+007 1.75686e+007 1.75724e+007 1.75753e+007 1.75775e+007 1.75792e+007 1.75806e+007 1.75816e+007 1.75823e+007 1.75829e+007 1.75834e+007 1.75838e+007 1.7584e+007 1.75843e+007 1.75844e+007 1.75846e+007 1.75847e+007 1.75847e+007 1.75848e+007 1.75848e+007 1.75849e+007 1.75849e+007 1.75849e+007 1.75849e+007 1.7585e+007 1.7585e+007 1.7585e+007 1.7585e+007 1.7585e+007 1.7585e+007 1.7585e+007 1.7585e+007 1.7585e+007 1.7585e+007 1.7585e+007 1.7585e+007 1.7585e+007 1.7585e+007 1.7585e+007 1.7585e+007 1.7585e+007 1.7585e+007 1.7585e+007 1.7585e+007 1.7585e+007 1.7585e+007 1.7585e+007 1.7585e+007 1.7585e+007 1.7585e+007 1.7585e+007 1.7585e+007 1.7585e+007 1.7585e+007 1.7585e+007 1.7585e+007 1.7585e+007 1.7585e+007 1.7585e+007 1.7585e+007 1.7585e+007 1.7585e+007 1.7585e+007 1.7585e+007 1.7585e+007 1.7585e+007 1.7585e+007 1.7585e+007 1.7585e+007 1.7585e+007 1.7585e+007 1.7585e+007 1.7585e+007 1.7585e+007 1.7585e+007 1.7585e+007 1.7585e+007 1.7585e+007 1.7585e+007 0 0 0 0 0 0 0 0 0 0 0 0 0 0 0 0 0 0 0 0 0 0 0 0 0
#obs survey bio
 2.67988e+006 3.4828e+006 1.68731e+006 2.20586e+006 1.84668e+006 1.82706e+006 1.24064e+006 1.23407e+006 935232 990015 1.12697e+006 621824 667020 659017 642543 684066 902070 536518 492776 525274 574566 627660 392941 424486 441464 541990 559676 341602 638894 513725 527450 622748 641451 730300 655107 503320 707907 483117 434651 466781 570213 461319 419646 536899 702875 607599 525776 622238 500148 738725 571776 571366 641374 507940 407360 536497 687066
#pred catch bio
 249333 266111 295604 291708 319544 275183 286043 271786 231619 246841 226193 203550 172559 162766 153673 140310 136573 127158 119417 120489 102163 104612 101902 99184.1 94318.6 91942.3 86737.9 96104 91237.8 89055.8 92918.5 86694.4 93741.5 92165.7 89988 84960.2 93851.6 89059.4 86666.6 82517.8 97800.9 97019 89343.7 90752.6 90518.1 90724.1 125383 84013.5 100473 76793.7 100867 107472 101058 113736 102784 68715.4 79226 105536 109863 111631 114434 118044 121575 124575 126922 128662 129901 130758 131337 131721 131973 132136 132241 132308 132350 132377 132394 132404 132411 132415 132418 132419 132420 132421 132421 132421 132422 132422 132422 132422 132422 132422 132422 132422 132422 132422 132422 132422 132422 132422 132422 132422 132422 132422 132422 132422 132422 132422 132422 132422 132422 132422 132422 132422 132422 132422 132422 132422 132422 132422 132422 132422 132422 132422 132422 132422 132422 132422 132422 132422 132422 132422 132422 132422 132422 132422 132422 132422 132422 132422 132422 132422 132422 132422 132422 132422 132422 132422 132422 132422 132422 132422 132422 132422 132422 132422 132422 0 0 0 0 0 0 0 0 0 0 0 0 0 0 0 0 0 0 0 0 0 0 0 0 0
#obs catch bio
 224223 266586 297617 293812 324150 278404 290641 276266 235995 252639 230958 208520 176743 166776 156589 141940 136686 128113 120588 122040 103351 105030 102618 99761 94912.2 92589 87237.3 97577.9 92250 89850.1 93538.7 86846 93583.8 91413.5 88929.2 84212.3 93152.9 88447.5 86288.3 82498.2 97872.2 97220.2 89443 90758.2 90154.4 90056 126233 83479.7 100941 76334.7 100454 107145 100192 113217 103136 68578.4 79260.5
#pred cpue bio
 3.52641e+006 3.15708e+006 2.8081e+006 2.46732e+006 2.16817e+006 1.87038e+006 1.64682e+006 1.43103e+006 1.24609e+006 1.11754e+006 979365 867273 781833 731935 691437 656199 629546 600639 577826 561084 540453 538358 530921 524086 518693 518072 520214 529061 527343 529635 531342 524042 520339 508968 502211 500144 505090 500287 501324 506903 520192 517730 516337 524115 530639 537563 544872 511530 525402 521326 544632 540282 527689 523732 507768 508441 556543 2.10086e+007 1.29378e+007 1.32458e+007 1.36823e+007 1.422e+007 1.4748e+007 1.52077e+007 1.55817e+007 1.58735e+007 1.6095e+007 1.62604e+007 1.63825e+007 1.64724e+007 1.65385e+007 1.65872e+007 1.66232e+007 1.665e+007 1.66699e+007 1.66849e+007 1.66962e+007 1.67048e+007 1.67113e+007 1.67162e+007 1.672e+007 1.67229e+007 1.67251e+007 1.67268e+007 1.67281e+007 1.67291e+007 1.67299e+007 1.67305e+007 1.6731e+007 1.67313e+007 1.67316e+007 1.67318e+007 1.6732e+007 1.67321e+007 1.67322e+007 1.67323e+007 1.67324e+007 1.67324e+007 1.67324e+007 1.67325e+007 1.67325e+007 1.67325e+007 1.67325e+007 1.67325e+007 1.67325e+007 1.67325e+007 1.67325e+007 1.67325e+007 1.67326e+007 1.67326e+007 1.67326e+007 1.67326e+007 1.67326e+007 1.67326e+007 1.67326e+007 1.67326e+007 1.67326e+007 1.67326e+007 1.67326e+007 1.67326e+007 1.67326e+007 1.67326e+007 1.67326e+007 1.67326e+007 1.67326e+007 1.67326e+007 1.67326e+007 1.67326e+007 1.67326e+007 1.67326e+007 1.67326e+007 1.67326e+007 1.67326e+007 1.67326e+007 1.67326e+007 1.67326e+007 1.67326e+007 1.67326e+007 1.67326e+007 1.67326e+007 1.67326e+007 1.67326e+007 1.67326e+007 1.67326e+007 1.67326e+007 1.67326e+007 1.67326e+007 1.67326e+007 1.67326e+007 1.67326e+007 1.67326e+007 1.67326e+007 1.67326e+007 1.67326e+007 1.67326e+007 1.67326e+007 1.67326e+007 0 0 0 0 0 0 0 0 0 0 0 0 0 0 0 0 0 0 0 0 0 0 0 0 0
#obs cpue bio
 2.73691e+006 2.68974e+006 2.94056e+006 2.17316e+006 1.7766e+006 1.52188e+006 1.83404e+006 1.45473e+006 883203 1.09785e+006 727303 761910 563794 617600 810977 758390 858266 414427 511875 510786 362986 852767 538121 674186 534353 452291 433741 454668 458931 566285 694450 549842 693380 633921 628432 441573 435139 539773 560025 368708 594841 522893 633013 625761 598738 576915 377929 585162 445718 521712 725007 498231 638530 542324 428365 440238 587417
#pred surv len freq
 0.00515533 0.00832353 0.0124436 0.0174775 0.0233093 0.0296731 0.0361093 0.0420535 0.0470315 0.0508077 0.0533921 0.0549482 0.0556986 0.0558644 0.0556262 0.0551021 0.0543481 0.0533646 0.0520834 0.0503226 0.0477547 0.0439703 0.0386815 0.0319828 0.0244759
 0.00563191 0.00901938 0.0133505 0.0185534 0.0245113 0.0309985 0.0376093 0.0437964 0.0490284 0.0529467 0.0554307 0.0565798 0.05666 0.0560263 0.0550251 0.0539066 0.0527823 0.0516261 0.0502864 0.048491 0.0458649 0.0420189 0.0367347 0.0301731 0.0229485
 0.00587376 0.00945873 0.0140918 0.0197089 0.0261596 0.0331311 0.0400983 0.0464209 0.0515545 0.0552107 0.0573599 0.0581405 0.0577853 0.0565941 0.0549053 0.0530391 0.051223 0.0495298 0.0478449 0.0458722 0.0431915 0.0393907 0.0342625 0.0279867 0.021166
 0.00615474 0.00989857 0.0147278 0.0205793 0.0273139 0.0346339 0.0420126 0.048765 0.0542524 0.0580698 0.0601048 0.060491 0.0595314 0.0576202 0.055164 0.0525164 0.0499339 0.0475402 0.0452866 0.0429298 0.0400726 0.0363015 0.0313962 0.0255098 0.0191937
 0.00641064 0.0103144 0.0153529 0.0214585 0.0284789 0.036093 0.0437432 0.0507187 0.0563695 0.0602879 0.0623453 0.0626341 0.0614061 0.0590289 0.0559296 0.052521 0.0491328 0.0459591 0.0430187 0.0401347 0.036968 0.0331401 0.0284303 0.0229505 0.0171732
 0.00674896 0.0108524 0.0161411 0.0225382 0.0298775 0.0378153 0.0457578 0.0529489 0.0586979 0.0625762 0.0644615 0.0644703 0.0628794 0.0600653 0.0564472 0.0524291 0.0483517 0.0444509 0.0408149 0.037352 0.0338075 0.0298663 0.0253274 0.0202642 0.0150581
 0.00704559 0.0113204 0.0168195 0.0234558 0.031051 0.0392446 0.0474194 0.05479 0.0606381 0.0645159 0.0662932 0.0660898 0.064195 0.0610026 0.0569459 0.0524334 0.0478048 0.0433052 0.0390586 0.0350426 0.0310927 0.026976 0.0225326 0.017813 0.0131143
 0.0074251 0.011922 0.0176959 0.0246449 0.0325686 0.0410735 0.0494973 0.0570065 0.0628491 0.0665706 0.0680605 0.0674734 0.0651358 0.0614732 0.0569403 0.0519543 0.0468522 0.0418738 0.0371526 0.0327038 0.0284307 0.0241778 0.0198355 0.0154465 0.011236
 0.00775659 0.0124575 0.0184955 0.025762 0.0340395 0.0429006 0.0516306 0.0593347 0.0652108 0.0687822 0.0699487 0.0689015 0.0660199 0.0617851 0.0566981 0.0512031 0.0456435 0.0402525 0.035159 0.0303924 0.0258969 0.0215733 0.0173544 0.013281 0.00952069
 0.0078905 0.0126858 0.0188601 0.0263116 0.0348237 0.0439572 0.0529697 0.0609267 0.0669816 0.0706184 0.0717096 0.0704382 0.0671976 0.0625052 0.0569101 0.0509041 0.0448661 0.0390489 0.0335905 0.0285323 0.0238427 0.0194573 0.0153363 0.0115164 0.00811951
 0.00819223 0.0131579 0.019537 0.0272152 0.0359623 0.0453235 0.0545345 0.062632 0.0687398 0.0723196 0.0732338 0.0716698 0.0680394 0.0628898 0.0568069 0.0503198 0.0438395 0.0376418 0.0318795 0.026606 0.0218053 0.0174318 0.013457 0.00990631 0.00685914
 0.00848127 0.0136158 0.0202031 0.0281167 0.0371081 0.0466954 0.0560792 0.0642602 0.07034 0.0737792 0.0744579 0.0725876 0.0686027 0.0630691 0.0565896 0.049712 0.0428668 0.0363496 0.0303319 0.0248843 0.0200077 0.0156699 0.0118455 0.00854311 0.00580327
 0.0085692 0.0137809 0.0204925 0.0285879 0.0378154 0.0476682 0.0573009 0.065661 0.0718078 0.075184 0.0756774 0.0735265 0.0692016 0.063304 0.0564646 0.0492485 0.0420968 0.0353136 0.0290816 0.0234865 0.0185453 0.0142384 0.0105416 0.00744657 0.00495924
 0.00841375 0.0135542 0.0202021 0.0282644 0.0375125 0.0474588 0.0572673 0.0658793 0.0723241 0.0759919 0.0767085 0.0746627 0.0703048 0.0642482 0.0571575 0.0496386 0.0421693 0.0350823 0.0285829 0.0227765 0.0176982 0.0133413 0.00968336 0.00670232 0.00437533
 0.008276 0.0133374 0.0198905 0.027852 0.0370093 0.046898 0.0567117 0.0654186 0.0720601 0.076012 0.0770585 0.0753289 0.0712123 0.0652763 0.0581677 0.0505046 0.0427998 0.0354307 0.028646 0.0225874 0.0173175 0.012847 0.00915806 0.00621833 0.00398133
 0.00823958 0.0132675 0.0197655 0.0276456 0.0366969 0.0464684 0.0561787 0.0648274 0.0714845 0.0755436 0.0767888 0.075329 0.0715122 0.0658516 0.0589399 0.0513576 0.0436077 0.0360865 0.0290824 0.022785 0.0173007 0.012672 0.00889631 0.00593836 0.00373433
 0.00841245 0.0135003 0.020026 0.0278716 0.0368109 0.0464024 0.055897 0.0643381 0.0708378 0.0748222 0.0760955 0.0747704 0.0711792 0.0657991 0.0591717 0.0518234 0.0442133 0.0367177 0.0296335 0.0231831 0.0175186 0.0127263 0.00883351 0.00581532 0.00360065
 0.00858736 0.0137808 0.0204377 0.0284264 0.0374934 0.0471548 0.0566131 0.0648791 0.0710734 0.0746797 0.0755902 0.074001 0.0702944 0.0649539 0.0584906 0.0513762 0.0440081 0.0367077 0.0297379 0.0233157 0.0176133 0.0127517 0.00879265 0.00573323 0.00350771
 0.00865077 0.013887 0.0206039 0.028672 0.0378369 0.0476072 0.0571665 0.0654948 0.0716764 0.0751661 0.0758522 0.0739638 0.0699488 0.064366 0.057781 0.0506802 0.043433 0.036307 0.0295079 0.0232111 0.017574 0.0127273 0.00875605 0.00568066 0.00344908
 0.00860721 0.0138279 0.020537 0.0286137 0.0378103 0.0476374 0.0572759 0.0656983 0.0719752 0.0755403 0.0762554 0.074326 0.0701918 0.0644306 0.0576524 0.0503972 0.0430733 0.0359567 0.0292293 0.0230267 0.0174707 0.012674 0.00872312 0.00565093 0.00341848
 0.00854753 0.0137439 0.0204355 0.0285103 0.0377273 0.0475988 0.0573021 0.065803 0.0721624 0.0758027 0.0765723 0.0746627 0.070502 0.0646628 0.0577632 0.0503659 0.0429133 0.0357127 0.028961 0.0227863 0.0172867 0.0125491 0.00864384 0.00560035 0.00338425
 0.00855067 0.0137141 0.0203278 0.0282659 0.0372942 0.0469624 0.0565091 0.064961 0.071412 0.0752746 0.0763514 0.0747712 0.0709021 0.0652715 0.0584734 0.0510711 0.04353 0.0361956 0.0293049 0.0230152 0.0174349 0.0126465 0.00870895 0.00564255 0.00340896
 0.00859947 0.0137953 0.0204501 0.0284304 0.037484 0.0471331 0.0565897 0.064874 0.0711105 0.0747769 0.0757483 0.074197 0.0704836 0.0650836 0.0585212 0.0513007 0.0438572 0.0365369 0.0296006 0.0232378 0.017585 0.0127399 0.00876419 0.00567423 0.00342632
 0.00865332 0.0138744 0.0205541 0.0285548 0.0376227 0.0472805 0.0567385 0.0650083 0.0711986 0.0747736 0.0756127 0.0739194 0.0701035 0.0646828 0.0581925 0.0511098 0.0438193 0.0366204 0.0297491 0.0233971 0.0177195 0.0128363 0.00882513 0.0057091 0.00344465
 0.00873425 0.0139938 0.0207109 0.0287394 0.0378188 0.0474689 0.0569016 0.0651321 0.0712737 0.074794 0.0755722 0.0738097 0.0699185 0.0644296 0.0579003 0.0508271 0.0435968 0.0364893 0.02971 0.0234246 0.0177787 0.0128982 0.00887392 0.005741 0.00346267
 0.00876885 0.0140477 0.0207871 0.0288381 0.0379361 0.0475956 0.0570229 0.0652303 0.0713329 0.0748058 0.0755383 0.0737385 0.0698191 0.0643077 0.0577601 0.0506769 0.0434537 0.0363752 0.0296423 0.0234069 0.0177999 0.012939 0.00891663 0.00577508 0.00348518
 0.00880498 0.014099 0.0208508 0.028907 0.0380014 0.04765 0.0570632 0.0652566 0.0713465 0.0748067 0.0755245 0.0737084 0.0697729 0.0642482 0.0576908 0.050602 0.0433783 0.0363075 0.0295918 0.023381 0.0177995 0.0129577 0.00894399 0.00580159 0.00350546
 0.00855076 0.0137378 0.0204032 0.0284243 0.0375496 0.0472862 0.0568167 0.0651276 0.0713183 0.0748608 0.0756485 0.0738942 0.0700109 0.0645229 0.0579821 0.0508889 0.0436438 0.0365411 0.0297906 0.0235472 0.0179371 0.0130698 0.00903203 0.00586649 0.00354936
 0.00831946 0.0133854 0.0199194 0.0278219 0.0368687 0.0465947 0.0562056 0.0646932 0.0711332 0.0749454 0.0759624 0.0743549 0.0705292 0.0650311 0.0584435 0.0512912 0.043987 0.0368291 0.030028 0.0237391 0.0180891 0.0131875 0.00912017 0.00592937 0.00359129
 0.00805745 0.012976 0.0193353 0.0270515 0.0359218 0.0455098 0.0550578 0.0635954 0.0702219 0.0743506 0.0757726 0.0745911 0.0711383 0.0659041 0.0594493 0.052311 0.0449361 0.03766 0.0307224 0.024297 0.0185205 0.0135074 0.00934633 0.00608049 0.00368579
 0.00793706 0.0127664 0.0189946 0.0265333 0.0351879 0.0445488 0.0539038 0.062335 0.0689832 0.0732799 0.0750073 0.0742338 0.0712369 0.0664389 0.0603356 0.0534199 0.046126 0.0388085 0.0317444 0.0251481 0.0191895 0.0140052 0.00969622 0.00631165 0.00382829
 0.00850566 0.0135599 0.0199451 0.0274915 0.0359587 0.0449531 0.0538325 0.0617717 0.0679965 0.0720009 0.0736044 0.0728882 0.0701134 0.0656587 0.0599553 0.0534245 0.0464399 0.0393199 0.0323366 0.0257249 0.0196885 0.0143982 0.00998143 0.00650321 0.00394726
 0.00892879 0.014243 0.0209557 0.0288669 0.0376716 0.0468731 0.0557086 0.0632704 0.0687998 0.0719234 0.0726619 0.071282 0.0681497 0.0636527 0.0581608 0.0520001 0.0454446 0.0387285 0.0320676 0.0256731 0.0197545 0.0145068 0.0100873 0.00658595 0.00400323
 0.00883472 0.0141759 0.0210147 0.0291996 0.0384384 0.0481842 0.05756 0.0655069 0.0711256 0.0739588 0.0740369 0.0717414 0.0676321 0.0623056 0.0562835 0.0499418 0.0435067 0.0371067 0.0308403 0.0248253 0.0192164 0.0141911 0.00991489 0.00649767 0.00396055
 0.00875756 0.0140395 0.0207958 0.0288879 0.0380616 0.0478352 0.0574028 0.0657394 0.0718965 0.0752769 0.0757253 0.0734725 0.0690335 0.0630883 0.0563339 0.0493412 0.0424776 0.0359194 0.0297243 0.02392 0.0185661 0.0137716 0.00966965 0.00636684 0.00389646
 0.00874361 0.0140108 0.0207403 0.0287875 0.0378942 0.047582 0.0570641 0.0653552 0.0715618 0.0751328 0.0759129 0.0740609 0.0699604 0.0641573 0.0572817 0.0499435 0.0426348 0.035678 0.0292327 0.0233521 0.0180568 0.0133884 0.00942009 0.00622403 0.00382404
 0.00869368 0.0139317 0.0206248 0.0286297 0.037689 0.0473259 0.0567568 0.0650033 0.0711854 0.0747739 0.0756416 0.0739674 0.070126 0.0646098 0.057961 0.0507062 0.0433062 0.036124 0.0294101 0.0233088 0.0178903 0.0131944 0.00925909 0.00611667 0.00376421
 0.00887985 0.0142017 0.0209701 0.0290207 0.038082 0.0476752 0.057024 0.0651603 0.0712134 0.0746643 0.0754019 0.0736299 0.0697512 0.0642763 0.0577389 0.050625 0.0433366 0.0361915 0.0294346 0.0232449 0.0177437 0.013007 0.00907929 0.00597615 0.0036715
 0.00905064 0.014463 0.0213317 0.0294766 0.0386085 0.048229 0.0575443 0.0655769 0.0714634 0.0747112 0.0752456 0.0733041 0.0693116 0.0637885 0.0572688 0.0502278 0.0430431 0.0359982 0.0293076 0.0231399 0.0176294 0.0128774 0.00894887 0.00586415 0.00358958
 0.00899707 0.0144062 0.0213017 0.029519 0.0387703 0.0485378 0.0579895 0.0661056 0.0719935 0.0751544 0.0755312 0.0733947 0.0692089 0.0635285 0.0569102 0.0498362 0.0426758 0.035692 0.0290732 0.0229657 0.0174937 0.0127624 0.00884777 0.0057793 0.00352529
 0.00882418 0.0141419 0.0209372 0.0290638 0.0382567 0.0480235 0.0575547 0.0658381 0.0719611 0.0753756 0.0759624 0.0739438 0.0697682 0.06401 0.0572664 0.0500625 0.0427986 0.0357497 0.0290998 0.022981 0.0175034 0.0127645 0.00884037 0.00576443 0.00350792
 0.00880656 0.0141165 0.0209051 0.0290273 0.0382191 0.0479878 0.0575249 0.0658222 0.0719736 0.0754364 0.0760878 0.0741338 0.0699984 0.0642346 0.0574349 0.0501397 0.042777 0.0356493 0.0289555 0.0228278 0.0173654 0.0126526 0.00875542 0.00570291 0.00346545
 0.00880071 0.014105 0.0208841 0.0289929 0.0381683 0.0479215 0.0574491 0.0657475 0.071913 0.0754026 0.076092 0.0741847 0.0700989 0.0643773 0.0575987 0.0502933 0.0428893 0.0357017 0.0289483 0.0227771 0.0172937 0.0125795 0.00869292 0.00565538 0.00343243
 0.00872385 0.0139835 0.0207079 0.0287555 0.0378688 0.0475674 0.0570595 0.0653545 0.0715588 0.0751318 0.0759423 0.0741789 0.0702402 0.0646489 0.0579666 0.050712 0.0433095 0.0360795 0.0292538 0.0229994 0.0174392 0.0126648 0.00873756 0.00567575 0.00344001
 0.00876199 0.0140274 0.0207406 0.0287498 0.0377945 0.0474025 0.0568005 0.0650197 0.071184 0.074762 0.0756234 0.0739509 0.0701319 0.0646728 0.0581167 0.0509637 0.0436245 0.0364136 0.029566 0.0232602 0.0176351 0.0127975 0.00881859 0.00572035 0.00346203
 0.00881205 0.0141036 0.0208445 0.0288761 0.0379288 0.0475194 0.0568654 0.0649962 0.0710474 0.0745123 0.0752909 0.0735888 0.0698006 0.064424 0.0579816 0.0509499 0.0437176 0.0365824 0.0297718 0.0234656 0.0178122 0.0129322 0.00890973 0.00577537 0.0034917
 0.00868407 0.0139292 0.0206439 0.0286888 0.0378012 0.0474862 0.0569333 0.06514 0.0712185 0.0746556 0.0753625 0.0735694 0.0697008 0.0642793 0.0578397 0.0508542 0.0436942 0.036635 0.029884 0.0236095 0.0179586 0.0130587 0.00900511 0.00583887 0.00352922
 0.00896288 0.0143569 0.0212409 0.0294585 0.0387327 0.0485561 0.0581008 0.0663376 0.0723447 0.0755813 0.0759529 0.0737193 0.0693689 0.0635057 0.0567376 0.0495785 0.0424021 0.0354525 0.0288886 0.0228297 0.0173849 0.0126598 0.00874187 0.0056739 0.0034314
 0.0086743 0.0139273 0.0206684 0.0287693 0.0379762 0.0477967 0.0574126 0.0658018 0.072044 0.0755827 0.0762829 0.0743426 0.0701858 0.0643763 0.057525 0.0501907 0.042812 0.0356889 0.0290086 0.0228898 0.0174234 0.0126939 0.00877404 0.00570127 0.00345143
 0.00873321 0.0139926 0.0207118 0.0287489 0.0378519 0.047552 0.0570703 0.065422 0.0717032 0.0753484 0.0761966 0.0744164 0.070405 0.0647021 0.0578977 0.050541 0.0430806 0.0358461 0.0290608 0.0228691 0.0173695 0.0126376 0.00873113 0.00567467 0.00343747
 0.00869194 0.0139081 0.0205512 0.0284686 0.0374051 0.0469041 0.0562184 0.0644108 0.0706307 0.0743548 0.0754367 0.0740192 0.070437 0.0651488 0.0586713 0.0515086 0.0440993 0.0367945 0.0298597 0.0234873 0.017815 0.0129409 0.00892856 0.00579812 0.00351124
 0.0088972 0.0142296 0.0210099 0.0290686 0.0381248 0.0476859 0.0569637 0.06499 0.0709143 0.0742572 0.0749521 0.0732312 0.0694959 0.064226 0.0579092 0.0509843 0.0438165 0.0367007 0.0298785 0.0235489 0.0178742 0.0129795 0.0089468 0.00580367 0.00351142
 0.00916758 0.0146491 0.0216037 0.0298461 0.0390767 0.0487809 0.0581407 0.0661515 0.0719304 0.0749839 0.0752627 0.0730531 0.0688394 0.0631909 0.0566614 0.0497094 0.0426688 0.0357701 0.0291852 0.0230634 0.0175457 0.0127596 0.00880017 0.00570768 0.00345141
 0.00938925 0.0149886 0.0220756 0.0304503 0.0397996 0.0495976 0.0590151 0.067035 0.0727621 0.0756929 0.0757732 0.073292 0.0687502 0.0627538 0.0559108 0.0487371 0.0416044 0.0347458 0.0283006 0.022367 0.0170384 0.0124123 0.00857397 0.00556669 0.00336765
 0.00974201 0.0155377 0.0228552 0.0314723 0.0410481 0.0510228 0.0605276 0.0685098 0.0740571 0.076679 0.0763595 0.0734355 0.0684515 0.0620477 0.0548598 0.0474298 0.0401532 0.0332771 0.0269349 0.021196 0.01611 0.0117293 0.00810623 0.00526798 0.00318989
 0.00973723 0.0155604 0.0229459 0.0316873 0.0414458 0.0516404 0.0613603 0.0695029 0.0751164 0.0776914 0.0772151 0.0740448 0.0687559 0.0620234 0.0545171 0.0468092 0.0393209 0.0323192 0.0259482 0.0202728 0.0153209 0.0111118 0.00766314 0.00497613 0.00301336
 0.00903567 0.0145074 0.0215275 0.0299578 0.0395243 0.0496971 0.0596011 0.0681474 0.0743591 0.0776531 0.0779047 0.0753546 0.0704902 0.0639466 0.0564025 0.0484768 0.0406591 0.0332898 0.026576 0.020625 0.0154824 0.0111622 0.00766218 0.00495971 0.00299785
#obs surv len freq
 0.0049718 0.00814423 0.0123886 0.0177184 0.0240066 0.0308862 0.0377294 0.0438113 0.0485809 0.0518386 0.0537056 0.0544705 0.0544552 0.0539578 0.0532374 0.0525056 0.0519048 0.0514682 0.0510566 0.0503012 0.0486201 0.045383 0.0402132 0.0332798 0.0253648
 0.0051919 0.00850288 0.0129302 0.0184853 0.0250321 0.0321823 0.0392742 0.0455422 0.0504021 0.0536361 0.0553639 0.0558824 0.0555278 0.0546145 0.0534211 0.0521815 0.0510655 0.0501389 0.0493008 0.0482233 0.0463638 0.0431203 0.0381205 0.0315043 0.0239923
 0.00541866 0.00887683 0.0135028 0.0193076 0.0261447 0.0335994 0.0409677 0.0474371 0.0523879 0.0555891 0.057166 0.0574307 0.0567346 0.0554055 0.0537341 0.0519679 0.0502958 0.0488124 0.0474579 0.045959 0.0438321 0.0405239 0.0356794 0.029409 0.0223597
 0.00566268 0.00927353 0.0141002 0.0201514 0.027271 0.0350224 0.0426657 0.0493456 0.0544061 0.0575965 0.0590406 0.0590615 0.0580281 0.0562859 0.0541403 0.0518503 0.0496163 0.0475527 0.0456368 0.0436523 0.0411878 0.0377558 0.0330341 0.0271102 0.0205523
 0.00588849 0.00964865 0.0146794 0.0209905 0.0284148 0.0364868 0.0444207 0.0513109 0.0564649 0.0596208 0.0609118 0.0606799 0.0593117 0.0571673 0.054563 0.0517659 0.0489846 0.0463481 0.0438638 0.0413694 0.0385283 0.0349301 0.0302982 0.0247065 0.0186455
 0.00612927 0.0100391 0.0152657 0.0218162 0.0295147 0.0378755 0.0460789 0.053178 0.0584435 0.0615919 0.0627529 0.06228 0.0605805 0.0580365 0.0549827 0.0516972 0.0483944 0.0452117 0.0421794 0.0391825 0.0359563 0.0321694 0.0275986 0.0223131 0.0167322
 0.0063789 0.0104482 0.0158872 0.0227003 0.0306978 0.0393639 0.0478332 0.0551105 0.0604339 0.0635131 0.0644924 0.063748 0.0617077 0.0587701 0.0552825 0.051532 0.0477397 0.0440502 0.0405115 0.0370482 0.0334598 0.0294904 0.0249719 0.0199746 0.014854
 0.00662432 0.0108522 0.0165043 0.0235839 0.0318893 0.040875 0.0496277 0.0570982 0.0624837 0.0654788 0.0662397 0.0651716 0.0627373 0.0593669 0.0554293 0.0512229 0.046971 0.04282 0.0388292 0.0349537 0.0310483 0.0269242 0.0224646 0.0177437 0.0130601
 0.00683293 0.0111942 0.0170247 0.0243271 0.0328915 0.0421514 0.0511584 0.0588213 0.064301 0.0672717 0.0678867 0.0665625 0.0637834 0.0600068 0.0556302 0.0509749 0.0462781 0.0416939 0.0372914 0.0330499 0.0288677 0.0246117 0.0202085 0.0157362 0.0114439
 0.00706027 0.0115667 0.0175903 0.0251312 0.0339668 0.0435025 0.0527473 0.060564 0.0660816 0.0689662 0.0693844 0.0677755 0.0646477 0.06048 0.0556886 0.0506118 0.0455009 0.0405215 0.0357554 0.0312035 0.0267997 0.0224544 0.0181283 0.0138994 0.00997212
 0.00725339 0.0118852 0.0180778 0.0258312 0.0349132 0.0447054 0.054179 0.0621527 0.0677217 0.0705381 0.0707754 0.0688943 0.0654304 0.0608892 0.0557098 0.0502463 0.0447608 0.0394282 0.0343425 0.029525 0.0249401 0.0205338 0.0162916 0.012288 0.00868695
 0.00742275 0.0121618 0.0184967 0.0264258 0.0357096 0.0457122 0.0553763 0.0634877 0.0691136 0.0718922 0.0719971 0.0698998 0.0661535 0.0612856 0.0557572 0.0499421 0.0441174 0.038469 0.0331028 0.0280578 0.0233236 0.0188745 0.0147145 0.0109119 0.00759448
 0.00753943 0.0123539 0.0187904 0.0268474 0.0362806 0.0464417 0.056253 0.0644767 0.070161 0.0729342 0.072969 0.0707407 0.0668086 0.0617089 0.055914 0.0498119 0.0436951 0.037765 0.0321445 0.0268917 0.02202 0.0175269 0.01343 0.00979059 0.00670485
 0.0076044 0.0124574 0.0189428 0.0270583 0.0365593 0.0467965 0.0566893 0.0649942 0.0707507 0.0735771 0.0736355 0.0713921 0.0673996 0.062191 0.0562403 0.0499415 0.0435982 0.0374278 0.0315732 0.0261167 0.0210974 0.0165364 0.012464 0.00893546 0.00602062
 0.00766346 0.0125467 0.0190646 0.0272111 0.0367384 0.0469974 0.0569091 0.0652331 0.0710124 0.0738677 0.07396 0.0717496 0.0677777 0.062563 0.0565671 0.0501767 0.0436965 0.0373533 0.0313081 0.025668 0.0205006 0.0158526 0.0117697 0.00830512 0.00550806
 0.00772308 0.0126369 0.0191877 0.027364 0.0369134 0.0471831 0.057092 0.0654007 0.0711564 0.0739887 0.0740687 0.0718629 0.0679118 0.0627244 0.0567464 0.0503478 0.0438206 0.037388 0.0312188 0.0254391 0.0201434 0.0154056 0.0112902 0.00785396 0.00513247
 0.00775624 0.0126874 0.0192574 0.027452 0.0370159 0.0472937 0.0572023 0.0655009 0.0712383 0.0740485 0.0741094 0.0718948 0.0679492 0.0627815 0.0568306 0.0504543 0.0439297 0.0374683 0.031235 0.0253641 0.0199692 0.0151488 0.0109882 0.00755267 0.00487166
 0.007807 0.012763 0.0193581 0.0275734 0.0371497 0.0474296 0.0573299 0.0656102 0.0713209 0.0740988 0.0741265 0.0718831 0.0679184 0.0627449 0.0568018 0.0504423 0.0439346 0.0374781 0.0312282 0.0253167 0.0198655 0.0149894 0.0107916 0.00734872 0.00468953
 0.00784489 0.0128209 0.0194381 0.0276743 0.0372667 0.0475543 0.0574505 0.0657135 0.0713953 0.0741378 0.0741302 0.0718577 0.0678736 0.0626909 0.0567483 0.0503974 0.0439025 0.0374568 0.0312079 0.0252828 0.019804 0.0148947 0.0106705 0.0072179 0.00456853
 0.0078717 0.0128622 0.0194961 0.027749 0.0373561 0.0476541 0.0575536 0.0658106 0.071476 0.074193 0.0741548 0.0718514 0.0678407 0.0626393 0.0566875 0.0503362 0.0438476 0.0374109 0.0311687 0.025243 0.0197547 0.0148301 0.0105915 0.00713257 0.00448836
 0.00789356 0.0128941 0.0195371 0.0277962 0.0374053 0.0477012 0.0575961 0.0658475 0.0715072 0.0742183 0.074173 0.0718608 0.0678398 0.0626275 0.0566659 0.050308 0.0438168 0.0373811 0.0311409 0.0252153 0.0197228 0.0147903 0.0105434 0.00707997 0.0044379
 0.0079005 0.0129045 0.0195511 0.027813 0.0374231 0.0477174 0.0576078 0.0658521 0.071504 0.0742093 0.0741627 0.0718542 0.0678397 0.062634 0.0566764 0.0503189 0.0438255 0.0373861 0.0311419 0.0252117 0.0197133 0.0147735 0.0105194 0.00705126 0.00440874
 0.0079061 0.0129097 0.0195518 0.0278033 0.0373973 0.0476727 0.0575466 0.065782 0.0714355 0.0741523 0.0741246 0.0718386 0.0678476 0.0626634 0.0567229 0.0503763 0.0438867 0.0374446 0.0311927 0.0252516 0.0197406 0.0147879 0.0105221 0.00704524 0.00439787
 0.00788508 0.0128745 0.0194968 0.0277229 0.0372871 0.0475318 0.0573802 0.0656024 0.071261 0.074004 0.0740216 0.0717943 0.0678664 0.0627407 0.0568468 0.0505308 0.0440547 0.0376109 0.0313449 0.0253813 0.0198434 0.0148627 0.0105713 0.00707338 0.00441097
 0.00788136 0.0128649 0.0194758 0.027683 0.0372206 0.0474337 0.0572507 0.0654481 0.0710944 0.0738411 0.0738798 0.0716902 0.0678133 0.0627457 0.0569094 0.0506423 0.0442006 0.0377736 0.0315073 0.0255292 0.0199672 0.0149582 0.0106385 0.00711607 0.00443504
 0.00788555 0.0128687 0.0194759 0.027674 0.0371957 0.0473864 0.0571764 0.0653464 0.070969 0.0737009 0.073738 0.0715625 0.0677155 0.0626909 0.0569053 0.0506899 0.0442935 0.0378991 0.0316491 0.0256707 0.0200945 0.0150621 0.0107157 0.00716807 0.00446655
 0.00785034 0.0128138 0.0193976 0.0275706 0.0370677 0.047237 0.0570122 0.0651769 0.0708062 0.073557 0.0736235 0.0714855 0.0676816 0.0627035 0.0569652 0.050795 0.0444377 0.0380721 0.0318369 0.0258572 0.0202644 0.0152043 0.0108246 0.00724418 0.00451482
 0.00781063 0.0127487 0.0192989 0.027431 0.0368838 0.0470121 0.0567594 0.0649185 0.0705689 0.073365 0.0734931 0.0714235 0.0676869 0.06277 0.0570845 0.0509577 0.0446339 0.0382906 0.0320647 0.0260797 0.0204674 0.015376 0.0109585 0.00733981 0.00457701
 0.00779525 0.0127186 0.0192442 0.0273397 0.0367443 0.0468187 0.0565165 0.0646428 0.0702866 0.0731064 0.0732866 0.0712899 0.0676368 0.0628031 0.0571917 0.0511246 0.0448438 0.0385267 0.0323107 0.0263199 0.0206872 0.0155637 0.0111068 0.00744739 0.00464823
 0.00776365 0.0126687 0.0191716 0.0272406 0.0366154 0.0466574 0.0563224 0.0644196 0.0700444 0.0728627 0.0730646 0.0711151 0.0675315 0.062781 0.0572553 0.0512655 0.0450456 0.0387685 0.0325709 0.0265779 0.0209253 0.0157682 0.0112695 0.0075666 0.00472804
 0.00775011 0.012645 0.0191329 0.0271814 0.0365312 0.0465463 0.0561868 0.0642657 0.0698806 0.0726971 0.0729051 0.0709708 0.0674144 0.0627059 0.057236 0.0513104 0.045154 0.0389305 0.0327691 0.0267915 0.0211336 0.015954 0.0114215 0.00768038 0.00480562
 0.00934695 0.0148804 0.0218312 0.0299566 0.0388995 0.0481054 0.0567574 0.0639187 0.0688534 0.0712724 0.0713214 0.0693893 0.0659278 0.0613616 0.0560569 0.0503068 0.0443289 0.0382797 0.0322801 0.0264442 0.0209024 0.0158112 0.0113408 0.00763936 0.00478739
 0.00932237 0.0151381 0.0227437 0.0319868 0.0423992 0.0530436 0.0625476 0.0695144 0.0731203 0.0734357 0.0712207 0.0674205 0.0627669 0.0576745 0.0523343 0.0468387 0.0412555 0.0356531 0.0301071 0.0247074 0.0195678 0.0148318 0.0106597 0.00719418 0.00451623
 0.00896674 0.014577 0.0219531 0.0310138 0.0414173 0.0523912 0.0626893 0.070877 0.0758414 0.0771751 0.0752007 0.0707223 0.0647144 0.0580687 0.0514247 0.0451098 0.0391951 0.0336185 0.0283017 0.0232166 0.0184058 0.0139742 0.0100624 0.00680415 0.00427923
 0.00878378 0.0142681 0.0214678 0.0303012 0.0404456 0.0511817 0.0613606 0.0696736 0.0751141 0.0772845 0.0763592 0.0728441 0.0673805 0.0606633 0.053384 0.0461362 0.0393173 0.0330932 0.0274528 0.0223108 0.0176054 0.0133472 0.00961467 0.00650972 0.00410067
 0.00873581 0.0141799 0.0213153 0.0300524 0.0400644 0.050637 0.0606397 0.0688011 0.0741724 0.0764284 0.0758058 0.0728192 0.068022 0.0619249 0.0550097 0.0477441 0.0405559 0.0337777 0.0276027 0.0220872 0.0172074 0.0129329 0.00927189 0.00626578 0.00394654
 0.00871547 0.0141477 0.0212675 0.0299838 0.0399657 0.0504928 0.0604282 0.0684981 0.0737618 0.0759185 0.0752475 0.0723157 0.0677162 0.0619539 0.0554379 0.0485109 0.0414796 0.0346273 0.0281974 0.0223626 0.0172138 0.0127811 0.00907117 0.0060871 0.00381816
 0.00868331 0.0140991 0.0212013 0.0299012 0.03987 0.0503872 0.0603145 0.0683739 0.0736186 0.0757432 0.0750285 0.0720567 0.0674502 0.0617481 0.0553774 0.0486601 0.0418407 0.0351248 0.0287048 0.0227606 0.0174405 0.0128458 0.00902959 0.0060031 0.00373681
 0.00868388 0.0140941 0.0211828 0.0298591 0.0397951 0.0502765 0.0601745 0.0682201 0.0734689 0.07561 0.0749137 0.0719525 0.0673477 0.06165 0.0553062 0.048655 0.0419389 0.035335 0.0289934 0.0230613 0.0176859 0.0129977 0.00908988 0.00600095 0.00370717
 0.00866902 0.0140734 0.0211578 0.0298322 0.0397676 0.0502462 0.0601349 0.0681627 0.0733889 0.07551 0.0748042 0.0718469 0.0672562 0.0615775 0.0552556 0.0486339 0.0419616 0.0354154 0.0291319 0.0232373 0.017863 0.0131404 0.00917954 0.00604053 0.00371326
 0.00866688 0.0140693 0.0211506 0.0298209 0.0397521 0.0502278 0.0601159 0.0681454 0.0733728 0.0754909 0.0747755 0.0718038 0.0671992 0.0615124 0.0551924 0.0485836 0.041935 0.0354223 0.0291774 0.0233168 0.017961 0.0132354 0.00925343 0.00608572 0.00373326
 0.00864544 0.0140374 0.021108 0.0297694 0.0396948 0.0501685 0.0600586 0.0680942 0.0733319 0.0754638 0.0747635 0.0718047 0.0672079 0.0615231 0.0552014 0.0485915 0.041947 0.0354453 0.0292174 0.0233752 0.0180324 0.013309 0.00931715 0.00613185 0.00376063
 0.00861536 0.0139876 0.021032 0.0296616 0.0395529 0.0499972 0.0598714 0.0679124 0.0731796 0.0753607 0.07472 0.0718203 0.0672735 0.0616245 0.0553229 0.0487194 0.0420718 0.0355632 0.0293284 0.0234805 0.0181314 0.0133981 0.00939127 0.00618717 0.00379689
 0.00863041 0.0140116 0.0210668 0.0297074 0.0396071 0.0500526 0.0599165 0.0679338 0.0731667 0.0753113 0.0746417 0.0717282 0.0671846 0.0615516 0.0552723 0.0486911 0.0420622 0.0355676 0.0293434 0.0235041 0.0181615 0.0134316 0.00942393 0.0062149 0.00381722
 0.00860825 0.01398 0.0210276 0.0296652 0.0395685 0.0500238 0.0599016 0.0679329 0.0731759 0.0753233 0.0746486 0.0717248 0.0671705 0.0615324 0.055256 0.0486849 0.0420694 0.0355877 0.0293733 0.0235399 0.0181996 0.0134689 0.00945744 0.00624227 0.00383726
 0.00861062 0.0139798 0.0210199 0.029644 0.0395286 0.0499651 0.0598309 0.0678633 0.0731218 0.0752945 0.0746466 0.0717431 0.0671987 0.0615607 0.0552796 0.0487039 0.0420875 0.0356089 0.0293996 0.0235708 0.0182329 0.0135015 0.00948664 0.00626607 0.00385478
 0.00861062 0.0139798 0.0210199 0.029644 0.0395286 0.0499651 0.0598309 0.0678633 0.0731218 0.0752945 0.0746466 0.0717431 0.0671987 0.0615607 0.0552796 0.0487039 0.0420875 0.0356089 0.0293996 0.0235708 0.0182329 0.0135015 0.00948664 0.00626607 0.00385478
 0.00883595 0.0143377 0.0215407 0.0303443 0.0404017 0.0509684 0.0608789 0.0688348 0.0738873 0.0757528 0.0747516 0.0715085 0.0666839 0.0608484 0.0544563 0.0478477 0.0412612 0.0348581 0.028753 0.0230418 0.0178222 0.0132 0.00927847 0.00613177 0.00377442
 0.00856958 0.01394 0.0210098 0.0297069 0.039712 0.0503019 0.060323 0.0684746 0.0737843 0.0759232 0.0751574 0.0720693 0.067303 0.0614411 0.0549667 0.0482515 0.0415597 0.0350678 0.028896 0.0231393 0.0178902 0.0132489 0.00931425 0.00615749 0.00379201
 0.00865423 0.0140415 0.021097 0.0297314 0.0396249 0.0500794 0.0599855 0.0680867 0.0734342 0.0756909 0.0750892 0.0721669 0.0675292 0.0617353 0.0552649 0.0485034 0.0417382 0.0351697 0.0289352 0.0231372 0.0178678 0.0132219 0.00929127 0.0061416 0.0037827
 0.00853929 0.0138736 0.0208778 0.0294706 0.039332 0.0497544 0.0596174 0.0676651 0.0729695 0.0752301 0.0747117 0.0719592 0.0675498 0.0619903 0.0557065 0.04905 0.0423026 0.0356832 0.0293586 0.0234599 0.0180987 0.013379 0.00939373 0.00620581 0.00382116
 0.00871285 0.0141324 0.0212239 0.0298902 0.0397988 0.0502344 0.0600708 0.0680445 0.0732202 0.0752993 0.0745673 0.0716101 0.0670533 0.0614386 0.0551945 0.0486432 0.0420212 0.0355084 0.0292534 0.0233897 0.0180424 0.0133291 0.00935089 0.00617245 0.00379812
 0.00888949 0.0144317 0.021694 0.030576 0.0407231 0.0513726 0.0613327 0.0692814 0.0742602 0.0759963 0.0748364 0.0714373 0.0664863 0.0605708 0.0541476 0.0475461 0.0409855 0.0346086 0.0285205 0.0228198 0.0176134 0.013015 0.00912867 0.00602275 0.0037037
 0.00882998 0.0143556 0.0216194 0.0305373 0.040768 0.0515526 0.0616889 0.0698281 0.0749696 0.0767911 0.0756004 0.0720437 0.0668339 0.0606118 0.0538965 0.0470693 0.0403787 0.0339701 0.0279291 0.0223224 0.0172258 0.0127309 0.00893126 0.00589261 0.00362291
 0.00899423 0.0146011 0.0219495 0.030942 0.041229 0.0520506 0.0622094 0.0703606 0.0755036 0.0773094 0.076072 0.0724207 0.0670568 0.0606243 0.0536661 0.0466032 0.0397272 0.0332145 0.0271603 0.0216183 0.0166369 0.0122769 0.00860665 0.00567689 0.00348982
 0.00892497 0.0145102 0.0218523 0.0308652 0.0412018 0.0520929 0.062323 0.070532 0.0757155 0.0775528 0.0763485 0.0727325 0.0673912 0.0609448 0.0539175 0.04673 0.039696 0.0330284 0.0268579 0.0212595 0.0162822 0.0119708 0.0083709 0.00551288 0.00338608
 0.00864301 0.0140514 0.0211651 0.0299124 0.0399811 0.0506627 0.060818 0.0691493 0.0746654 0.0769948 0.0763484 0.0732583 0.0683395 0.0621753 0.0552788 0.0480784 0.0409109 0.0340276 0.0276068 0.0217695 0.0165969 0.0121468 0.00846045 0.00555478 0.00340443
#pred catch len freq
 0.0038874 0.00622402 0.00922461 0.0128791 0.0171921 0.0221465 0.0276328 0.0334206 0.0391986 0.0446407 0.0494589 0.0534424 0.0564868 0.0585957 0.0598503 0.0603651 0.0602546 0.0596041 0.058424 0.0565815 0.053759 0.0495278 0.0435823 0.0360393 0.0275818
 0.00430063 0.00683193 0.0100268 0.0138496 0.0183076 0.0234194 0.0291197 0.0351863 0.0412463 0.0468518 0.0515866 0.0551752 0.0575526 0.0588538 0.0593275 0.0592271 0.0587296 0.0578963 0.0566504 0.0547616 0.0518601 0.0475397 0.0415727 0.0341512 0.0259754
 0.00455404 0.00726841 0.0107257 0.0148914 0.0197473 0.0252524 0.0312627 0.0374959 0.0435732 0.049089 0.0536692 0.0570295 0.0590434 0.0597868 0.0595175 0.0585851 0.0573087 0.055866 0.0542233 0.0521225 0.0491412 0.0448451 0.0390181 0.0318753 0.0241082
 0.00483087 0.0077001 0.0113471 0.0157384 0.0208683 0.0267149 0.0331379 0.039816 0.0462789 0.0520041 0.0565292 0.0595552 0.0610127 0.0610582 0.060007 0.0582408 0.0561174 0.0538827 0.0515872 0.0490375 0.0458384 0.041553 0.0359492 0.0292133 0.0219816
 0.00512029 0.00816008 0.0120201 0.0166586 0.0220587 0.0281848 0.0348805 0.0418113 0.048498 0.0544036 0.0590284 0.06201 0.063212 0.0627605 0.0609978 0.0583759 0.055338 0.0522121 0.0491271 0.0459675 0.0424046 0.0380417 0.0326463 0.0263579 0.0197242
 0.00542683 0.00864374 0.0127226 0.0176139 0.0232937 0.0297161 0.0367053 0.0438943 0.0507652 0.0567484 0.0613281 0.064142 0.0650593 0.064203 0.0619034 0.0586076 0.0547809 0.0508084 0.0469059 0.0430589 0.0390366 0.0345137 0.0292796 0.0234304 0.0174121
 0.00575881 0.00916111 0.013461 0.0185955 0.0245288 0.031205 0.0384338 0.0458265 0.0528378 0.0588711 0.0633895 0.0660212 0.0666399 0.0653839 0.062599 0.0587402 0.0542753 0.0496036 0.0449854 0.0404882 0.0359859 0.0312483 0.0261119 0.0206464 0.0152016
 0.00615068 0.00977489 0.0143421 0.0197726 0.0260124 0.0329834 0.0404655 0.0480334 0.055108 0.0610721 0.0653866 0.0676935 0.067892 0.0661506 0.0628426 0.0584399 0.0534152 0.0481695 0.0429785 0.0379562 0.0330559 0.028137 0.023094 0.0179877 0.0130858
 0.0064586 0.0102673 0.0150691 0.0207786 0.0273318 0.0346315 0.042424 0.0502372 0.0574416 0.06338 0.0674948 0.069437 0.0691414 0.0668289 0.0629261 0.057944 0.0523736 0.0466188 0.0409581 0.0355276 0.0303304 0.0252917 0.0203556 0.0155814 0.0111709
 0.00669074 0.0106399 0.0156226 0.0215515 0.0283584 0.0359363 0.04401 0.052073 0.0594534 0.0654512 0.0694756 0.0711635 0.0704612 0.067627 0.0631406 0.0575677 0.0514414 0.0451894 0.0391026 0.0333313 0.027908 0.0227986 0.0179793 0.0135045 0.0095223
 0.00701112 0.0111369 0.0163276 0.0224816 0.0295195 0.0373251 0.0456102 0.0538459 0.0613296 0.0673288 0.0712271 0.072651 0.0715561 0.0682292 0.0631926 0.0570592 0.0504048 0.0436898 0.0372265 0.0311823 0.025609 0.0204954 0.0158311 0.0116572 0.00807249
 0.00730491 0.0115974 0.0169889 0.0233652 0.0306319 0.0386547 0.047122 0.0554774 0.0629948 0.0689284 0.0726603 0.0738232 0.0723846 0.0686488 0.0631615 0.0565639 0.0494625 0.0423471 0.0355566 0.0292814 0.0235945 0.018501 0.0139942 0.0100959 0.00685908
 0.00736522 0.0117152 0.0172036 0.0237281 0.0311972 0.0394635 0.048184 0.05676 0.0644229 0.0703953 0.0740445 0.0750077 0.0732739 0.0691787 0.0632998 0.0563053 0.0488232 0.0413624 0.0342825 0.0277964 0.021999 0.0169116 0.0125291 0.00885355 0.00589723
 0.00723456 0.0115261 0.0169648 0.0234691 0.0309692 0.0393353 0.0482337 0.0570602 0.0650189 0.0712824 0.0751575 0.0762301 0.0744641 0.0702019 0.0640513 0.0567214 0.0488799 0.0410698 0.033679 0.0269457 0.0209875 0.0158419 0.0115065 0.00796712 0.00520195
 0.00710403 0.0113226 0.0166758 0.0230917 0.0305143 0.0388335 0.0477403 0.0566557 0.064798 0.0713329 0.0755328 0.0769275 0.075416 0.0712865 0.0651207 0.0576353 0.0495336 0.0414077 0.0336947 0.0266757 0.0205011 0.0152294 0.0108645 0.00737983 0.00472593
 0.00703922 0.0112123 0.0165005 0.0228301 0.0301478 0.0383546 0.0471631 0.0560229 0.0641822 0.0708287 0.075241 0.0769311 0.0757553 0.0719399 0.0660028 0.0586144 0.0504638 0.0421633 0.0341957 0.0268978 0.0204724 0.0150157 0.0105497 0.00704484 0.00443106
 0.00719429 0.0114224 0.0167379 0.0230401 0.0302603 0.0383042 0.0469094 0.0555624 0.0635513 0.0701005 0.0745173 0.0763272 0.0753773 0.0718591 0.0662346 0.0591107 0.0511231 0.0428571 0.0348022 0.027332 0.0207017 0.0150589 0.0104603 0.00688907 0.00426638
 0.00734312 0.0116589 0.017081 0.0234961 0.0308125 0.0389022 0.0474641 0.055959 0.0636819 0.0699043 0.0740076 0.0755911 0.0745508 0.0710896 0.0656449 0.0587714 0.05104 0.0429755 0.0350296 0.0275693 0.020874 0.0151322 0.0104417 0.00681116 0.00416809
 0.00739536 0.0117465 0.0172188 0.0237019 0.0311057 0.0392977 0.0479624 0.0565317 0.064262 0.0703894 0.0742839 0.0755733 0.0742203 0.0705092 0.064939 0.0580832 0.0504847 0.04261 0.0348468 0.0275162 0.0208809 0.0151418 0.0104246 0.00676583 0.00410881
 0.00738296 0.0117337 0.0172138 0.0237185 0.031162 0.0394136 0.0481552 0.0568122 0.0646276 0.0708168 0.0747222 0.0759467 0.0744445 0.0705212 0.0647264 0.0576946 0.0500132 0.0421574 0.0344865 0.0272741 0.0207407 0.0150658 0.0103767 0.00672475 0.00406891
