SBPRF35
9.36087
Curr Bio
666664
B35
701421
F35
0.196445
FOFL
0.175412
OFL
88116.8
Bzero
2.67453e+006
#pred survey bio
 3.43271e+006 3.17288e+006 2.87045e+006 2.55434e+006 2.28222e+006 2.02274e+006 1.80886e+006 1.59914e+006 1.41053e+006 1.23462e+006 1.09076e+006 982688 868276 770351 728547 676266 651710 622909 606699 586391 587511 579468 589168 587194 587201 585641 570813 575374 576585 572055 563795 542576 528433 521135 526937 529127 532793 538114 540845 550585 542906 545076 556764 557043 565746 554941 557600 527556 522849 574691 660614 673070 2.22662e+007 1.32094e+007 1.339e+007 1.41114e+007 1.51532e+007 1.62794e+007 1.73339e+007 1.82401e+007 1.89766e+007 1.95529e+007 1.99926e+007 2.03224e+007 2.05672e+007 2.07478e+007 2.08808e+007 2.09788e+007 2.10511e+007 2.11048e+007 2.11448e+007 2.11747e+007 2.11973e+007 2.12144e+007 2.12274e+007 2.12374e+007 2.12451e+007 2.1251e+007 2.12556e+007 2.12591e+007 2.12619e+007 2.12641e+007 2.12658e+007 2.12671e+007 2.12681e+007 2.1269e+007 2.12696e+007 2.12701e+007 2.12705e+007 2.12708e+007 2.12711e+007 2.12713e+007 2.12714e+007 2.12716e+007 2.12717e+007 2.12717e+007 2.12718e+007 2.12718e+007 2.12719e+007 2.12719e+007 2.12719e+007 2.1272e+007 2.1272e+007 2.1272e+007 2.1272e+007 2.1272e+007 2.1272e+007 2.1272e+007 2.1272e+007 2.1272e+007 2.1272e+007 2.1272e+007 2.1272e+007 2.1272e+007 2.1272e+007 2.1272e+007 2.1272e+007 2.1272e+007 2.1272e+007 2.1272e+007 2.1272e+007 2.1272e+007 2.1272e+007 2.1272e+007 2.1272e+007 2.1272e+007 2.1272e+007 2.1272e+007 2.1272e+007 2.1272e+007 2.1272e+007 2.1272e+007 2.1272e+007 2.1272e+007 2.1272e+007 2.1272e+007 2.1272e+007 2.1272e+007 2.1272e+007 2.1272e+007 2.1272e+007 2.1272e+007 2.1272e+007 2.1272e+007 2.1272e+007 2.1272e+007 2.1272e+007 2.1272e+007 2.1272e+007 2.1272e+007 2.1272e+007 2.1272e+007 0 0 0 0 0 0 0 0 0 0 0 0 0 0 0 0 0 0 0 0 0 0 0 0 0
#obs survey bio
 2.14277e+006 2.69381e+006 1.83628e+006 2.8711e+006 1.16239e+006 1.60427e+006 1.76632e+006 1.2204e+006 1.55054e+006 1.27718e+006 931156 715130 922173 576281 1.03642e+006 604193 530495 511998 510402 739373 526704 399903 538606 536876 420951 396099 601340 490468 546604 556044 925674 544062 448981 453701 528726 674289 615143 461588 505322 570088 358093 489121 685839 496343 966060 575994 506069 587639 371576 614514 665393 731572
#pred catch bio
 231595 284811 315734 295907 303695 279470 288925 279499 273892 248591 218601 222406 203479 151666 157592 131457 133053 120259 121449 101603 108319 93086 102819 100299 100568 109601 90913.7 91590.9 93226.8 92193.1 98469.5 90380 87225.8 80825.8 87159.6 87000.2 85923.9 88261.1 82888.6 98037.8 90605.6 84698.3 95534.9 88385.1 103219 89900.2 115982 94392.8 50638 27304.2 89412.8 125327 88116.8 96217.8 96078 99909.4 106765 114472 121665 127738 132547 136187 138853 140758 142093 143016 143645 144071 144357 144548 144674 144758 144814 144850 144874 144889 144900 144906 144911 144914 144916 144917 144918 144918 144918 144919 144919 144919 144919 144919 144919 144919 144919 144919 144919 144919 144919 144919 144919 144919 144919 144919 144919 144919 144919 144919 144919 144919 144919 144919 144919 144919 144919 144919 144919 144919 144919 144919 144919 144919 144919 144919 144919 144919 144919 144919 144919 144919 144919 144919 144919 144919 144919 144919 144919 144919 144919 144919 144919 144919 144919 144919 144919 144919 144919 144919 144919 144919 144919 144919 144919 144919 0 0 0 0 0 0 0 0 0 0 0 0 0 0 0 0 0 0 0 0 0 0 0 0 0
#obs catch bio
 247643 286190 318556 297719 308398 283574 293326 284677 277999 252762 222114 227219 207070 153413 159309 133053 135630 121844 123909 102549 109631 94087.2 104012 101389 101690 111392 91723.2 92673.9 93914.1 92560.7 98292.5 89968.6 87142.3 80764.8 87357.6 86808.5 85633.4 88055.9 82501.6 97758.1 90521.1 84975 96361.7 88763.9 103489 89223 115320 94154.3 50719.8 26948.5 90190.2 125692
#pred cpue bio
 3.37043e+006 3.11341e+006 2.81405e+006 2.49977e+006 2.22885e+006 1.97085e+006 1.75843e+006 1.55066e+006 1.36415e+006 1.19059e+006 1.04879e+006 942413 830545 735275 694787 644088 620168 592288 576720 557312 558744 551083 560523 558750 558964 557727 543719 548697 550612 547013 539899 519954 505568 496705 501091 503139 507072 512487 515173 524566 516890 518508 529510 529840 538663 528748 531656 502178 496831 546993 631610 645153 2.13528e+007 1.2666e+007 1.27119e+007 1.32892e+007 1.42806e+007 1.53949e+007 1.64471e+007 1.73529e+007 1.80892e+007 1.86655e+007 1.91052e+007 1.9435e+007 1.96798e+007 1.98605e+007 1.99935e+007 2.00914e+007 2.01638e+007 2.02174e+007 2.02574e+007 2.02874e+007 2.03099e+007 2.0327e+007 2.03401e+007 2.035e+007 2.03577e+007 2.03636e+007 2.03682e+007 2.03718e+007 2.03745e+007 2.03767e+007 2.03784e+007 2.03797e+007 2.03808e+007 2.03816e+007 2.03822e+007 2.03827e+007 2.03831e+007 2.03835e+007 2.03837e+007 2.03839e+007 2.03841e+007 2.03842e+007 2.03843e+007 2.03844e+007 2.03844e+007 2.03845e+007 2.03845e+007 2.03845e+007 2.03846e+007 2.03846e+007 2.03846e+007 2.03846e+007 2.03846e+007 2.03846e+007 2.03846e+007 2.03846e+007 2.03846e+007 2.03846e+007 2.03847e+007 2.03847e+007 2.03847e+007 2.03847e+007 2.03847e+007 2.03847e+007 2.03847e+007 2.03847e+007 2.03847e+007 2.03847e+007 2.03847e+007 2.03847e+007 2.03847e+007 2.03847e+007 2.03847e+007 2.03847e+007 2.03847e+007 2.03847e+007 2.03847e+007 2.03847e+007 2.03847e+007 2.03847e+007 2.03847e+007 2.03847e+007 2.03847e+007 2.03847e+007 2.03847e+007 2.03847e+007 2.03847e+007 2.03847e+007 2.03847e+007 2.03847e+007 2.03847e+007 2.03847e+007 2.03847e+007 2.03847e+007 2.03847e+007 2.03847e+007 2.03847e+007 2.03847e+007 2.03847e+007 2.03847e+007 0 0 0 0 0 0 0 0 0 0 0 0 0 0 0 0 0 0 0 0 0 0 0 0 0
#obs cpue bio
 4.19289e+006 2.84e+006 2.845e+006 2.27087e+006 1.89011e+006 1.91434e+006 1.88429e+006 1.31802e+006 1.46182e+006 816157 901815 912216 788743 732376 582989 418322 461961 698742 408112 506965 575359 496038 651378 491452 622513 622315 490685 484600 758158 639974 586505 603068 493841 503671 447587 546301 488717 613999 582632 583110 608410 354383 346002 571092 489238 779257 770767 423535 386614 546908 590573 747327
#pred surv len freq
 0.00588359 0.00949323 0.014171 0.0198442 0.0263264 0.0332372 0.0399737 0.0458518 0.0503669 0.0533696 0.0550338 0.0556889 0.0556658 0.0552212 0.054518 0.0536293 0.0525574 0.0512525 0.0496136 0.047463 0.0445288 0.0405025 0.0352044 0.0287866 0.0218166
 0.00618357 0.00988832 0.0146012 0.0202139 0.0265533 0.0333173 0.0400157 0.0460443 0.0508823 0.0542601 0.0561856 0.0568644 0.0566046 0.0557414 0.0545702 0.0532899 0.051974 0.0505722 0.0489238 0.0467701 0.043785 0.0396632 0.0342785 0.0278477 0.0209693
 0.00657551 0.0105181 0.0155284 0.0214705 0.0281177 0.035088 0.0418083 0.0476366 0.0521016 0.0550612 0.0566559 0.0571434 0.0567757 0.0557762 0.054361 0.0527338 0.0510446 0.0493325 0.0474853 0.0452378 0.0422286 0.0381267 0.0328114 0.0265208 0.0198604
 0.0069558 0.0111291 0.0164349 0.0227295 0.0297677 0.0371292 0.0441755 0.0501784 0.0545868 0.0572225 0.0582629 0.0580725 0.0570362 0.0554736 0.0536189 0.0516316 0.0496101 0.0475814 0.045464 0.0430361 0.0399633 0.0359211 0.0307825 0.0247718 0.0184646
 0.00727468 0.0116394 0.0171887 0.0237721 0.0311329 0.0388297 0.0461896 0.0524388 0.056977 0.0595813 0.0603958 0.0597751 0.0581341 0.0558663 0.0533022 0.050681 0.0481361 0.0456904 0.0432507 0.0406004 0.0374293 0.0334373 0.0285039 0.0228306 0.0169425
 0.00756557 0.0121102 0.0178936 0.0247603 0.0324401 0.0404649 0.0481209 0.0545887 0.0592332 0.0618149 0.0624743 0.0615643 0.0594969 0.056672 0.0534497 0.0501262 0.0469048 0.0438697 0.0409672 0.038004 0.0346877 0.0307341 0.0260232 0.0207267 0.015307
 0.00781834 0.0125113 0.0184796 0.0255615 0.0334779 0.0417479 0.0496365 0.0562969 0.061066 0.0636831 0.0642771 0.0631963 0.060852 0.0576437 0.0539352 0.050038 0.0461904 0.0425321 0.0390752 0.0356896 0.0321327 0.0281494 0.0236192 0.0186768 0.0137131
 0.00807924 0.0129342 0.0191132 0.0264487 0.0346463 0.0431952 0.0513183 0.0581251 0.0629261 0.0654602 0.0658754 0.0645449 0.0618969 0.0583369 0.0542259 0.049871 0.0455146 0.0413188 0.0373423 0.0335207 0.029682 0.0256238 0.0212413 0.0166359 0.0121231
 0.00834308 0.0133548 0.0197311 0.0272973 0.0357469 0.0445494 0.0528964 0.05986 0.0647165 0.0671863 0.0674196 0.0658092 0.062814 0.0588702 0.054359 0.0495933 0.0448119 0.0401773 0.0357671 0.0315622 0.0274542 0.0233022 0.0190312 0.0147226 0.0106244
 0.00866595 0.013864 0.0204681 0.0282894 0.0370025 0.0460505 0.0545909 0.0616591 0.0665061 0.0688465 0.0688429 0.0669113 0.0635372 0.0591836 0.0542561 0.0490849 0.0439159 0.0389123 0.0341576 0.0296558 0.0253426 0.0211279 0.0169689 0.0129367 0.00922312
 0.00894197 0.0143038 0.0211129 0.0291708 0.0381359 0.047425 0.0561593 0.0633353 0.0681765 0.0703912 0.0701564 0.0679138 0.0641772 0.0594353 0.0541153 0.0485635 0.0430367 0.0377048 0.032659 0.0279197 0.0234523 0.0192028 0.015153 0.011367 0.00799082
 0.00897493 0.0143859 0.0212896 0.0295024 0.0386839 0.04823 0.0572196 0.0646001 0.0695557 0.071776 0.0714387 0.0689994 0.0649927 0.0599309 0.054265 0.0483621 0.0424955 0.0368481 0.0315239 0.0265602 0.0219465 0.0176553 0.0136851 0.0100924 0.00698625
 0.00909341 0.0145784 0.0215802 0.0299169 0.0392481 0.0489658 0.0581364 0.0656838 0.0707605 0.0730229 0.0726243 0.0700142 0.065743 0.0603549 0.0543373 0.0480884 0.041902 0.0359731 0.0304144 0.0252746 0.0205594 0.0162593 0.0123821 0.00897421 0.00611217
 0.00937313 0.0149947 0.0221357 0.0305901 0.0400021 0.0497616 0.058943 0.066481 0.0715344 0.07376 0.0733043 0.0706048 0.0661983 0.0606228 0.0543717 0.0478611 0.0414091 0.0352343 0.0294686 0.0241766 0.0193788 0.0150784 0.0112876 0.0080411 0.0053867
 0.00944062 0.0150919 0.0222585 0.0307256 0.0401319 0.0498672 0.0590134 0.0665192 0.0715628 0.0738195 0.073445 0.0708664 0.0665899 0.0611104 0.0548826 0.0483031 0.0416961 0.035307 0.029306 0.0237964 0.0188317 0.0144377 0.0106353 0.00745145 0.00491052
 0.00969955 0.0154858 0.0227997 0.0314046 0.0409163 0.0507035 0.0598292 0.0672301 0.0720882 0.074105 0.0734806 0.0706908 0.0662765 0.060741 0.0545192 0.0479695 0.0413764 0.0349613 0.0288934 0.0232966 0.0182549 0.0138227 0.0100375 0.00692509 0.00449255
 0.00966477 0.0154502 0.0227845 0.0314418 0.0410392 0.0509328 0.0601603 0.0676305 0.0725064 0.0744851 0.0737765 0.0708762 0.0663491 0.060721 0.0544408 0.0478663 0.0412663 0.0348393 0.0287374 0.0230821 0.0179724 0.0134865 0.00968201 0.00659229 0.0042165
 0.00975059 0.015573 0.0229395 0.0316169 0.0412225 0.0511214 0.060365 0.0678693 0.0727897 0.0748015 0.0740894 0.0711343 0.0665057 0.0607515 0.0543494 0.0476809 0.0410246 0.0345729 0.0284624 0.0228 0.0176797 0.0131859 0.00938795 0.0063266 0.0039992
 0.00966577 0.0154558 0.0228007 0.0314781 0.0411085 0.0510496 0.0603392 0.0678837 0.0728392 0.074891 0.0742311 0.0713353 0.0667551 0.061017 0.0545888 0.0478586 0.0411237 0.0345958 0.0284221 0.0227111 0.0175541 0.0130349 0.00922566 0.0061703 0.00386509
 0.00973402 0.0155452 0.0228966 0.0315562 0.0411444 0.0510331 0.0602822 0.0678162 0.072794 0.0748874 0.07427 0.0714055 0.0668437 0.0611143 0.054685 0.0479405 0.0411754 0.0346049 0.0283846 0.0226319 0.0174439 0.012907 0.00909378 0.00604772 0.00376243
 0.0097738 0.0155857 0.0229127 0.031509 0.0409914 0.0507442 0.0598568 0.0672907 0.0722379 0.0743881 0.0739107 0.0712437 0.0668967 0.0613583 0.0550671 0.0483955 0.0416411 0.035031 0.0287373 0.0228948 0.0176167 0.0130014 0.00912893 0.00604495 0.0037412
 0.00985941 0.0157256 0.0231222 0.0317972 0.0413516 0.0511444 0.0602346 0.0675636 0.0723293 0.0742593 0.0735803 0.0707829 0.0664039 0.060926 0.0547555 0.0482226 0.0415886 0.0350594 0.0288026 0.0229609 0.0176615 0.0130173 0.00911967 0.00602016 0.00371143
 0.00972945 0.0155297 0.0228572 0.031473 0.0409924 0.0507859 0.0599193 0.0673308 0.072202 0.0742327 0.0736243 0.0708582 0.0664845 0.0610118 0.0548683 0.0483883 0.0418185 0.0353422 0.0291081 0.0232524 0.0179083 0.0132029 0.00924286 0.00609114 0.00374567
 0.00968207 0.015459 0.0227626 0.0313583 0.0408648 0.0506548 0.0597955 0.0672266 0.0721299 0.0742022 0.0736362 0.0709017 0.0665394 0.0610579 0.0548969 0.0484077 0.0418489 0.0354024 0.0292041 0.0233741 0.0180352 0.0133146 0.00932659 0.00614459 0.00377423
 0.00960806 0.0153448 0.0226025 0.0311521 0.0406188 0.0503824 0.0595179 0.0669711 0.0719252 0.074072 0.0735937 0.070947 0.0666598 0.0612313 0.0550967 0.0486112 0.0420429 0.0355848 0.0293785 0.0235419 0.0181919 0.0134509 0.00943394 0.00621989 0.00382072
 0.00944252 0.0151031 0.0222895 0.0307899 0.0402401 0.0500204 0.0591981 0.0667104 0.0717347 0.0739603 0.0735675 0.0710093 0.0668068 0.0614508 0.0553689 0.0489114 0.042347 0.0358741 0.0296419 0.0237747 0.0183917 0.0136154 0.00956135 0.0063108 0.00387947
 0.00939738 0.0150309 0.0221842 0.0306486 0.0400668 0.0498284 0.0590109 0.0665562 0.0716365 0.073926 0.0735873 0.0710629 0.0668755 0.0615255 0.0554499 0.0490029 0.0424508 0.0359875 0.0297589 0.0238886 0.0184967 0.013707 0.00963604 0.0063669 0.00391769
 0.00916977 0.0146784 0.0216868 0.0300021 0.0392847 0.0489463 0.0580896 0.0656807 0.070905 0.0734284 0.0733833 0.0711676 0.0672579 0.0621201 0.0561761 0.0497833 0.0432238 0.0367097 0.0304026 0.024438 0.0189452 0.0140555 0.00989205 0.00654306 0.00403012
 0.00897013 0.0143671 0.0212436 0.0294178 0.038564 0.0481105 0.057181 0.0647638 0.0700602 0.0727402 0.0729258 0.0709925 0.0673856 0.0625349 0.0568274 0.0505956 0.044112 0.0375951 0.0312239 0.0251548 0.0195364 0.0145162 0.0102298 0.00677447 0.00417715
 0.00871758 0.0139876 0.0207302 0.0287839 0.0378387 0.0473301 0.0563837 0.0639895 0.0693518 0.0721428 0.0724844 0.0707479 0.06737 0.0627646 0.0572959 0.0512688 0.0449303 0.0384829 0.0321038 0.0259612 0.0202243 0.0150637 0.0106361 0.00705455 0.00435553
 0.00865899 0.0138676 0.0205055 0.0284032 0.0372604 0.046547 0.0554421 0.0629854 0.0684031 0.071353 0.0719176 0.0704281 0.0672953 0.0629233 0.0576728 0.051842 0.0456638 0.039323 0.0329826 0.0268075 0.0209771 0.0156828 0.0111065 0.00738398 0.00456743
 0.00957918 0.0151702 0.0221059 0.0300962 0.0387713 0.0476195 0.0559131 0.0628154 0.0676622 0.0701853 0.0705034 0.0689477 0.0658997 0.0617177 0.0567163 0.0511576 0.0452484 0.0391519 0.0330116 0.0269767 0.0212208 0.0159411 0.0113361 0.00756238 0.00469058
 0.0104119 0.0164758 0.0239707 0.0325405 0.0417142 0.0508433 0.0590518 0.0654057 0.0692676 0.070544 0.0696154 0.0670531 0.0633726 0.0589426 0.054004 0.0487145 0.0431855 0.0375078 0.0317753 0.0261042 0.0206475 0.0155937 0.0111439 0.00746645 0.00464804
 0.0103618 0.0165075 0.0242272 0.0332228 0.0430266 0.0529039 0.0618081 0.0686005 0.0724777 0.0732767 0.0714314 0.0676783 0.0627653 0.0572902 0.0516501 0.04605 0.0405512 0.0351422 0.0298067 0.024571 0.0195259 0.0148236 0.0106489 0.00716968 0.00448279
 0.00989541 0.0158204 0.0233326 0.0322 0.0420254 0.0521361 0.0615206 0.0690205 0.0737289 0.0752967 0.0739406 0.0702368 0.0649018 0.0586484 0.0520858 0.0456444 0.0395477 0.0338443 0.0284851 0.0234106 0.0186155 0.0141747 0.010226 0.00691709 0.00434467
 0.00970347 0.0154961 0.0228254 0.0314641 0.0410428 0.0509483 0.0602562 0.0678959 0.0730086 0.0752197 0.0746366 0.0716637 0.0668328 0.0607227 0.0539144 0.046931 0.0401702 0.0338643 0.0280896 0.0228225 0.0180196 0.0136818 0.00987424 0.00669562 0.00422039
 0.00969146 0.0154577 0.0227312 0.0312712 0.040701 0.050414 0.0595118 0.0669706 0.0719948 0.0742748 0.0739616 0.0714518 0.0671997 0.0616473 0.0552243 0.0483501 0.0414126 0.034731 0.0285216 0.0228898 0.0178618 0.01344 0.00964677 0.00652727 0.00411569
 0.00972185 0.0154989 0.0227767 0.0313063 0.0407018 0.0503481 0.0593414 0.0666598 0.0715232 0.0736559 0.0732591 0.0707831 0.0667155 0.0614873 0.0554606 0.0489462 0.0422257 0.0355634 0.029197 0.0233145 0.0180398 0.0134428 0.00956408 0.00642896 0.00403787
 0.00977676 0.0155835 0.0228948 0.0314569 0.0408773 0.0505322 0.0595072 0.0667703 0.0715353 0.0735311 0.072977 0.0703568 0.0662017 0.0609835 0.0550819 0.0487855 0.0423127 0.0358478 0.0295695 0.0236563 0.0182718 0.0135471 0.00957088 0.00638639 0.00398567
 0.00979878 0.0156112 0.0229217 0.0314729 0.040872 0.0505005 0.0594524 0.0667023 0.0714642 0.0734589 0.0728941 0.0702456 0.0660486 0.060793 0.0548863 0.0486393 0.0422715 0.0359393 0.0297752 0.0239177 0.0185188 0.0137292 0.00967367 0.00642516 0.00398768
 0.0100645 0.0160122 0.0234666 0.032146 0.0416349 0.0512959 0.0602095 0.0673435 0.0719179 0.0736751 0.072855 0.0699649 0.0655631 0.060153 0.0541517 0.0478782 0.041556 0.035333 0.0293166 0.0236091 0.0183303 0.0136168 0.00959908 0.00636717 0.0039402
 0.0100535 0.0160217 0.0235304 0.0323101 0.0419422 0.0517643 0.0608139 0.068015 0.0725621 0.0742 0.0731941 0.070087 0.0654695 0.0598701 0.0537217 0.0473537 0.0409952 0.0347941 0.028849 0.0232429 0.0180707 0.0134474 0.00949352 0.00630085 0.00389686
 0.00980927 0.0156622 0.0230613 0.0317664 0.0413857 0.051274 0.0604734 0.0678961 0.0727042 0.0745925 0.0737721 0.0707483 0.0661059 0.0603959 0.05409 0.0475566 0.0410553 0.0347529 0.0287542 0.0231374 0.017983 0.0133887 0.00946085 0.0062849 0.00388884
 0.0096524 0.0154234 0.0227331 0.0313554 0.0409142 0.0507805 0.0600124 0.0675343 0.0725085 0.0746118 0.0740198 0.0711936 0.0666786 0.0610041 0.0546442 0.0479916 0.041342 0.0348979 0.0287897 0.0231063 0.0179251 0.0133317 0.00941796 0.00625784 0.00387368
 0.00936926 0.0149922 0.0221391 0.0306064 0.0400402 0.0498319 0.059059 0.0666631 0.0718149 0.074183 0.0739166 0.0714362 0.0672402 0.0618131 0.0555965 0.0489716 0.0422472 0.0356588 0.0293778 0.0235287 0.0182112 0.0135178 0.00953599 0.00633128 0.00391798
 0.00952357 0.0151931 0.0223495 0.0307617 0.0400669 0.0496766 0.0587124 0.066164 0.0712348 0.0736035 0.0734115 0.0710647 0.0670436 0.061811 0.0557802 0.0493018 0.0426608 0.0360844 0.0297553 0.0238233 0.0184157 0.0136454 0.00960867 0.00636985 0.00393756
 0.00971101 0.015463 0.0226889 0.0311306 0.040402 0.0499026 0.0587565 0.0659744 0.0707998 0.0729647 0.0726616 0.0703242 0.0664275 0.0614001 0.0556083 0.0493575 0.042897 0.0364326 0.0301417 0.0241849 0.0187125 0.0138628 0.00975261 0.00645693 0.00398617
 0.0102262 0.0162602 0.0238103 0.0325795 0.0421328 0.0518106 0.0606717 0.0676728 0.0720443 0.0735659 0.0725324 0.0695027 0.0650623 0.0597071 0.0538169 0.0476621 0.0414275 0.0352474 0.0292392 0.0235261 0.0182441 0.013535 0.00952676 0.00630579 0.00388996
 0.0101373 0.0161722 0.0237823 0.0327014 0.0425015 0.0524915 0.0616633 0.068893 0.0733445 0.0747636 0.0734492 0.0700006 0.0650733 0.0592495 0.0529902 0.0466194 0.0403334 0.0342381 0.0283985 0.0228821 0.0177831 0.0132217 0.0093221 0.00617657 0.00381152
 0.00941933 0.0150682 0.0222446 0.0307446 0.0402169 0.0500578 0.0593462 0.067013 0.0722023 0.0745462 0.0741656 0.0714815 0.0670318 0.0613689 0.0550036 0.0483582 0.041737 0.0353288 0.0292398 0.0235396 0.0183023 0.0136264 0.00962414 0.00638708 0.00394625
 0.00870863 0.013934 0.0205805 0.0284756 0.0373262 0.0466246 0.0555827 0.0632707 0.0689246 0.0721747 0.0730354 0.071741 0.0686082 0.0639902 0.0582705 0.0518447 0.0450839 0.0382993 0.0317256 0.0255292 0.0198379 0.0147692 0.0104379 0.0069348 0.00429003
 0.00848933 0.0136105 0.0201509 0.0279478 0.0367005 0.045873 0.0546442 0.0620767 0.0674497 0.0704897 0.0713289 0.0702889 0.067697 0.0638228 0.0588967 0.0531459 0.0468183 0.0401844 0.0335187 0.0270747 0.0210714 0.0156935 0.0110922 0.00737155 0.0045629
#obs surv len freq
 0.00497135 0.00814236 0.0123837 0.0177083 0.0239892 0.0308604 0.0376964 0.0437746 0.048546 0.0518116 0.0536913 0.0544706 0.0544683 0.0539793 0.0532622 0.0525296 0.0519261 0.0514865 0.0510728 0.0503159 0.0486337 0.0453954 0.0402241 0.0332887 0.0253716
 0.00518287 0.00849039 0.0129153 0.0184701 0.0250187 0.0321715 0.0392646 0.045531 0.0503866 0.0536157 0.0553411 0.0558623 0.0555155 0.0546134 0.0534313 0.0522002 0.0510886 0.0501629 0.0493235 0.0482439 0.0463823 0.0431367 0.0381347 0.0315158 0.024001
 0.00541106 0.00886234 0.0134772 0.0192665 0.026085 0.0335218 0.0408784 0.0473467 0.0523079 0.0555279 0.0571267 0.057412 0.0567339 0.0554209 0.0537646 0.0520126 0.0503523 0.048877 0.0475266 0.0460279 0.0438983 0.0405848 0.0357325 0.0294525 0.0223927
 0.00565704 0.00926515 0.0140888 0.0201368 0.0272521 0.0349968 0.0426299 0.0492968 0.0543444 0.0575266 0.0589712 0.0590026 0.0579872 0.0562664 0.0541422 0.0518712 0.0496534 0.0476028 0.045696 0.0437164 0.0412523 0.0378166 0.0330877 0.0271542 0.0205855
 0.00589309 0.00965416 0.0146841 0.0209917 0.0284096 0.0364736 0.0443992 0.0512822 0.0564302 0.0595803 0.0608658 0.0606298 0.059262 0.0571246 0.0545339 0.0517548 0.0489929 0.0463742 0.0439043 0.0414197 0.0385833 0.0349845 0.0303476 0.0247476 0.0186768
 0.00614723 0.0100663 0.0153027 0.0218619 0.0295659 0.0379272 0.0461247 0.0532109 0.0584578 0.0615845 0.0627243 0.0622334 0.0605209 0.0579701 0.0549163 0.0516377 0.0483481 0.0451824 0.0421678 0.0391862 0.0359711 0.0321902 0.0276209 0.0223332 0.0167481
 0.00637908 0.010451 0.0158958 0.0227189 0.0307302 0.0394113 0.0478922 0.0551733 0.0604901 0.0635531 0.0645096 0.0637401 0.0616768 0.0587214 0.0552227 0.0514687 0.0476802 0.0440009 0.0404765 0.0370285 0.0334539 0.0294945 0.0249815 0.0199858 0.014864
 0.00660958 0.0108289 0.0164708 0.0235399 0.0318368 0.0408189 0.0495764 0.0570616 0.0624699 0.0654904 0.0662724 0.0652155 0.0627812 0.059402 0.0554515 0.0512327 0.0469726 0.0428193 0.0388316 0.0349632 0.0310659 0.0269481 0.0224911 0.0177689 0.013081
 0.00684951 0.0112206 0.017063 0.0243787 0.0329557 0.042225 0.0512354 0.0588939 0.0643615 0.0673154 0.0679124 0.0665713 0.0637764 0.0599841 0.0555914 0.0509205 0.0462114 0.0416205 0.0372182 0.0329835 0.0288126 0.0245698 0.0201792 0.0157173 0.0114326
 0.00705412 0.0115584 0.017581 0.0251232 0.0339631 0.043506 0.0527601 0.0605864 0.0661119 0.0690013 0.0694201 0.067808 0.0646742 0.0604984 0.0556976 0.05061 0.0454878 0.040498 0.0357247 0.0311705 0.0267691 0.0224298 0.018111 0.0138888 0.00996661
 0.00727354 0.0119162 0.0181214 0.0258876 0.0349814 0.0447832 0.0542623 0.0622365 0.0677992 0.0706026 0.0708212 0.0689175 0.0654293 0.0608652 0.055666 0.0501871 0.0446908 0.0393514 0.034263 0.0294472 0.0248684 0.0204721 0.0162424 0.0122518 0.00866257
 0.00744919 0.0122046 0.0185604 0.0265142 0.0358237 0.0458491 0.055527 0.0636383 0.0692479 0.0719961 0.0720616 0.0699219 0.066135 0.0612316 0.0556746 0.0498385 0.0440006 0.0383462 0.0329805 0.0279415 0.0232182 0.0187841 0.0146416 0.0108572 0.00755659
 0.00753324 0.0123474 0.0187873 0.0268536 0.0363028 0.0464856 0.0563207 0.0645658 0.0702642 0.073041 0.0730674 0.0708193 0.0668593 0.0617274 0.0559007 0.0497703 0.0436312 0.0376859 0.0320573 0.0268034 0.0219365 0.0174532 0.0133694 0.0097445 0.00667263
 0.00758162 0.0124212 0.0188902 0.0269881 0.0364736 0.0467025 0.0565996 0.0649254 0.0707191 0.0735927 0.0736983 0.0714919 0.0675197 0.0623128 0.0563479 0.0500243 0.0436517 0.0374529 0.0315745 0.0261008 0.0210716 0.0165071 0.0124362 0.00891252 0.00600378
 0.00765359 0.0125283 0.0190329 0.0271602 0.0366635 0.0468973 0.0567888 0.0651047 0.0708937 0.0737779 0.0739157 0.0717596 0.0678408 0.0626684 0.0566968 0.0503108 0.0438178 0.0374507 0.0313773 0.0257106 0.0205217 0.015859 0.0117677 0.00829972 0.00550244
 0.00774289 0.0126665 0.0192272 0.0274109 0.0369627 0.0472267 0.0571203 0.0654038 0.0711283 0.0739298 0.0739883 0.0717771 0.0678385 0.0626778 0.0567325 0.0503632 0.0438548 0.0374279 0.0312531 0.0254615 0.0201525 0.015404 0.0112824 0.00784411 0.00512354
 0.00780544 0.0127665 0.0193743 0.0276122 0.0372197 0.0475328 0.0574571 0.0657413 0.0714299 0.0741615 0.0741274 0.0718186 0.0677962 0.0625797 0.0566116 0.0502449 0.0437471 0.0373185 0.0311155 0.0252686 0.0198915 0.0150851 0.010937 0.00751366 0.004844
 0.00781342 0.0127795 0.0193943 0.0276416 0.0372622 0.0475934 0.0575412 0.0658528 0.0715681 0.0743188 0.0742886 0.0719642 0.0679081 0.0626477 0.0566365 0.0502366 0.0437178 0.0372741 0.0310512 0.0251719 0.0197513 0.0149016 0.010726 0.00730156 0.0046575
 0.0078597 0.0128445 0.019473 0.0277235 0.0373343 0.0476455 0.0575708 0.065866 0.0715768 0.0743358 0.074323 0.0720177 0.0679741 0.0627136 0.0566887 0.0502656 0.0437205 0.0372519 0.0310058 0.0251022 0.0196546 0.0147787 0.0105853 0.00715869 0.00452977
 0.0078672 0.0128569 0.0194915 0.0277483 0.0373628 0.0476716 0.0575848 0.065858 0.0715423 0.0742805 0.0742632 0.0719746 0.0679652 0.0627451 0.0567537 0.0503484 0.0438026 0.0373182 0.0310465 0.0251124 0.0196332 0.0147286 0.010514 0.00707797 0.00445275
 0.00788802 0.0128849 0.0195231 0.0277767 0.0373807 0.0476738 0.0575708 0.065831 0.0715065 0.0742389 0.0742178 0.0719292 0.0679274 0.0627253 0.0567604 0.0503832 0.0438588 0.0373824 0.0311041 0.0251513 0.019647 0.0147167 0.0104814 0.00703369 0.00440674
 0.00789363 0.0128915 0.0195282 0.027776 0.0373685 0.0476447 0.0575212 0.0657612 0.0714219 0.0741496 0.0741366 0.0718678 0.0678934 0.062722 0.0567874 0.0504379 0.0439356 0.0374726 0.0311958 0.0252319 0.0197065 0.0147504 0.010491 0.00702537 0.00438912
 0.00792181 0.0129321 0.0195794 0.0278324 0.0374221 0.0476867 0.0575436 0.0657582 0.0713906 0.074091 0.0740564 0.0717762 0.0678036 0.0626466 0.0567359 0.050415 0.043941 0.0375015 0.0312397 0.0252806 0.0197496 0.0147809 0.010506 0.007027 0.00438226
 0.00788051 0.0128707 0.0194976 0.0277336 0.0373121 0.0475718 0.0574298 0.0656508 0.0712953 0.0740139 0.0740033 0.0717518 0.0678099 0.0626835 0.0568014 0.0505052 0.0440508 0.0376238 0.031366 0.0254011 0.019855 0.0148642 0.0105647 0.00706275 0.00440029
 0.007892 0.0128797 0.0194939 0.0277025 0.0372401 0.0474538 0.057274 0.0654783 0.0711322 0.0738822 0.0739149 0.0717083 0.067807 0.062715 0.0568616 0.0505892 0.0441534 0.0377391 0.0314867 0.0255188 0.0199613 0.0149522 0.0106306 0.0071069 0.00442623
 0.00787156 0.01285 0.0194551 0.0276557 0.0371848 0.0473858 0.0571857 0.0653623 0.0709883 0.073722 0.0737611 0.0715873 0.0677393 0.0627085 0.056912 0.0506845 0.0442791 0.0378818 0.0316345 0.0256613 0.0200897 0.0150595 0.0107131 0.00716461 0.00446259
 0.00783342 0.0127852 0.0193529 0.0275059 0.0369822 0.047135 0.056905 0.0650807 0.0707372 0.0735258 0.0736323 0.0715286 0.0677493 0.0627849 0.0570501 0.0508748 0.0445067 0.0381281 0.0318809 0.0258916 0.0202915 0.0152251 0.0108395 0.00725361 0.00451987
 0.00782918 0.0127752 0.0193318 0.027466 0.0369142 0.0470306 0.0567595 0.0648967 0.0705266 0.0733092 0.073435 0.0713747 0.0676556 0.0627585 0.05709 0.0509741 0.0446546 0.0383102 0.0320804 0.0260909 0.0204749 0.015381 0.0109617 0.00734161 0.00457773
 0.00780289 0.0127322 0.0192667 0.0273737 0.036791 0.0468757 0.0565765 0.0646945 0.0703178 0.0731085 0.0732583 0.0712377 0.0675726 0.0627401 0.0571401 0.0510892 0.0448238 0.0385181 0.0323085 0.0263202 0.0206877 0.0155637 0.0111063 0.00744671 0.00464751
 0.00779065 0.0127096 0.0192277 0.0273112 0.0366982 0.0467493 0.0564191 0.0645147 0.0701292 0.0729262 0.0730962 0.0711075 0.0674838 0.0627004 0.057155 0.0511603 0.044948 0.038686 0.0325055 0.0265281 0.0208883 0.0157412 0.0112503 0.00755358 0.00471971
 0.00773735 0.0126265 0.0191095 0.0271551 0.0365051 0.0465238 0.0561706 0.0642584 0.0698845 0.0727136 0.0729339 0.0710082 0.0674536 0.0627387 0.0572563 0.0513166 0.0451493 0.0389207 0.0327595 0.026785 0.0211307 0.0159535 0.0114221 0.00768116 0.00480616
 0.0093326 0.0148565 0.0217944 0.029904 0.0388301 0.048022 0.0566675 0.0638338 0.0687863 0.0712337 0.0713158 0.0694161 0.0659812 0.0614324 0.0561346 0.0503816 0.0443939 0.0383321 0.0323205 0.0264753 0.0209267 0.0158302 0.0113552 0.00764959 0.00479406
 0.00930277 0.0151052 0.0226923 0.0319118 0.0422971 0.0529146 0.0623983 0.0693579 0.0729744 0.0733191 0.0711487 0.0674019 0.0628024 0.0577571 0.0524513 0.0469747 0.0413951 0.0357841 0.0302217 0.0248022 0.0196426 0.0148884 0.0107005 0.00722201 0.00453393
 0.00895962 0.0145652 0.0219349 0.0309869 0.0413793 0.0523395 0.0626221 0.0707943 0.0757466 0.0770752 0.0751068 0.0706472 0.0646703 0.0580632 0.0514592 0.0451788 0.0392877 0.0337218 0.0284035 0.0233079 0.0184815 0.0140329 0.010105 0.00683313 0.00429757
 0.00879527 0.0142862 0.0214939 0.0303358 0.0404875 0.0512276 0.061404 0.0697059 0.0751256 0.0772681 0.0763126 0.0727717 0.0672932 0.0605755 0.0533104 0.0460876 0.0392976 0.0330999 0.0274781 0.0223455 0.0176413 0.0133786 0.00963917 0.006527 0.00411179
 0.00871634 0.0141519 0.0212799 0.0300132 0.0400266 0.0506059 0.0606194 0.0687935 0.0741765 0.0764406 0.0758204 0.0728299 0.068024 0.0619174 0.0549966 0.0477323 0.0405528 0.0337882 0.0276271 0.0221217 0.0172457 0.0129691 0.00930186 0.00628789 0.00396121
 0.00869534 0.0141144 0.0212165 0.0299115 0.0398712 0.0503803 0.0603085 0.0683875 0.0736777 0.0758735 0.0752457 0.0723519 0.0677787 0.0620293 0.0555149 0.0485826 0.0415443 0.0346868 0.0282542 0.0224179 0.0172663 0.012828 0.00910968 0.00611589 0.00383761
 0.00866821 0.0140714 0.0211537 0.0298255 0.039759 0.0502391 0.0601357 0.0681807 0.0734345 0.0755931 0.0749336 0.0720288 0.0674897 0.0618446 0.0555128 0.048814 0.0419957 0.0352691 0.0288326 0.0228703 0.0175322 0.01292 0.00908682 0.00604444 0.00376436
 0.00865894 0.0140539 0.0211232 0.029776 0.0396853 0.0501389 0.0600111 0.068038 0.0732811 0.0754342 0.0747705 0.0718613 0.0673227 0.0616958 0.0554162 0.0488133 0.0421241 0.0355258 0.0291727 0.0232185 0.017816 0.0131 0.00916609 0.00605441 0.00374208
 0.00864845 0.0140417 0.0211134 0.0297745 0.039697 0.0501636 0.0600414 0.0680602 0.0732803 0.0753995 0.0746983 0.071755 0.0671904 0.0615498 0.0552748 0.0487018 0.0420711 0.0355526 0.0292795 0.0233793 0.0179876 0.0132416 0.00925596 0.00609419 0.00374817
 0.00862557 0.0140067 0.0210651 0.0297144 0.0396293 0.0500962 0.0599845 0.0680239 0.0732698 0.0754121 0.074723 0.0717763 0.0671951 0.0615316 0.0552369 0.0486562 0.0420362 0.0355477 0.0293172 0.0234583 0.0180913 0.0133453 0.00933844 0.00614615 0.00377268
 0.00863191 0.0140132 0.0210678 0.0297075 0.0396071 0.0500557 0.0599282 0.0679598 0.0732097 0.0753676 0.0747008 0.0717761 0.0672092 0.0615488 0.0552468 0.0486545 0.0420268 0.0355411 0.0293256 0.0234889 0.0181424 0.0134063 0.00939565 0.00618947 0.00379907
 0.00864749 0.0140377 0.0211027 0.0297528 0.0396604 0.050111 0.0599762 0.0679896 0.0732129 0.0753419 0.0746521 0.0717158 0.0671494 0.061497 0.0552046 0.048619 0.041995 0.0355131 0.0293056 0.0234821 0.0181511 0.0134277 0.00942278 0.00621466 0.0038175
 0.00862775 0.0140102 0.0210701 0.0297204 0.0396349 0.0500982 0.0599787 0.0680058 0.0732373 0.0753668 0.0746699 0.0717224 0.0671449 0.0614857 0.0551921 0.0486096 0.0419901 0.0355125 0.0293088 0.02349 0.0181647 0.0134465 0.00944421 0.0062349 0.00383345
 0.00864462 0.0140341 0.0210995 0.0297522 0.0396657 0.0501263 0.060005 0.0680331 0.0732675 0.0753988 0.0746985 0.0717396 0.0671439 0.0614636 0.0551518 0.0485577 0.0419349 0.035461 0.0292657 0.0234577 0.0181439 0.0134363 0.00944229 0.00623799 0.0038383
 0.0086033 0.0139747 0.0210245 0.0296686 0.0395828 0.0500524 0.0599452 0.0679898 0.0732421 0.0753936 0.0747162 0.0717809 0.0672049 0.061536 0.0552248 0.0486227 0.0419872 0.0355005 0.0292951 0.0234806 0.0181631 0.0134535 0.00945769 0.00625117 0.00384864
 0.0086033 0.0139747 0.0210245 0.0296686 0.0395828 0.0500524 0.0599452 0.0679898 0.0732421 0.0753936 0.0747162 0.0717809 0.0672049 0.061536 0.0552248 0.0486227 0.0419872 0.0355005 0.0292951 0.0234806 0.0181631 0.0134535 0.00945769 0.00625117 0.00384864
 0.00889912 0.0144358 0.0216797 0.0305268 0.0406263 0.0512292 0.0611636 0.0691236 0.0741536 0.0759666 0.0748863 0.0715475 0.0666246 0.0607022 0.0542438 0.0475932 0.040988 0.0345868 0.0285006 0.0228218 0.017643 0.0130644 0.00918373 0.00607105 0.00373892
 0.00880952 0.0143282 0.0215884 0.0305075 0.0407417 0.0515256 0.06165 0.0697642 0.074876 0.0766794 0.0754975 0.0719799 0.0668286 0.0606641 0.0539868 0.0471698 0.0404659 0.034033 0.0279707 0.0223539 0.017258 0.0127683 0.00897135 0.00592955 0.0036519
 0.00829154 0.013492 0.0203478 0.0288057 0.0385853 0.0490269 0.0590528 0.0674186 0.0731514 0.0758496 0.0756575 0.0730349 0.0685457 0.062752 0.0561684 0.04923 0.0422712 0.0355268 0.0291525 0.0232555 0.0179237 0.013243 0.00929599 0.00614051 0.00378071
 0.0079381 0.0128775 0.019351 0.0272941 0.0364526 0.0462517 0.0557554 0.0638828 0.0697877 0.0731109 0.0739358 0.0725708 0.0693733 0.0646973 0.0589032 0.0523609 0.0454313 0.0384383 0.03165 0.0252745 0.0194722 0.0143722 0.0100771 0.00664987 0.00409139
 0.00833292 0.0134776 0.0201693 0.0282961 0.0375417 0.0472604 0.0564532 0.0640177 0.0691672 0.0716939 0.0718853 0.0702301 0.067169 0.0630105 0.0579627 0.052198 0.0459044 0.0393093 0.0326709 0.0262519 0.0202931 0.0149963 0.0105136 0.00693291 0.00426177
#pred catch len freq
 0.00492356 0.00779761 0.0113851 0.0155962 0.0203635 0.025616 0.0312026 0.0368615 0.0422741 0.0471467 0.0512602 0.0544883 0.0568019 0.0582559 0.0589523 0.058997 0.0584709 0.057414 0.0558005 0.0534983 0.0502478 0.04573 0.0397586 0.0325144 0.0246432
 0.00523732 0.00822717 0.0118884 0.0160988 0.0207993 0.0259798 0.0315776 0.0373904 0.0430791 0.0482439 0.0525237 0.0556885 0.0576949 0.0586759 0.0588635 0.0584882 0.0577038 0.0565482 0.0549302 0.0526292 0.0493266 0.0447081 0.0386487 0.0314019 0.0236469
 0.00564032 0.00885764 0.012786 0.0172708 0.0222054 0.027522 0.0331066 0.0387448 0.0441507 0.0490288 0.053112 0.0561864 0.0581331 0.0589735 0.058874 0.0580902 0.0568704 0.0553545 0.0535039 0.051088 0.0477457 0.0431328 0.0371295 0.0300148 0.0224782
 0.00602294 0.00945947 0.0136561 0.018446 0.0237088 0.0293547 0.0352277 0.0410473 0.0464523 0.0510981 0.0547309 0.0572215 0.0585708 0.0588904 0.0583638 0.0572041 0.0556141 0.0537317 0.0515606 0.0489218 0.0454838 0.0409075 0.0350656 0.0282221 0.0210377
 0.00638079 0.0100186 0.0144572 0.0195173 0.0250684 0.031012 0.037177 0.0432541 0.0488371 0.0535241 0.0570044 0.0591155 0.0598749 0.0594688 0.0581876 0.0563368 0.0541635 0.0518067 0.0492612 0.0463569 0.0427906 0.0382507 0.0326167 0.0261283 0.0193909
 0.00668824 0.0105043 0.0151633 0.0204769 0.0263048 0.0325356 0.0389785 0.0452963 0.0510526 0.0558162 0.0592474 0.0611552 0.0615344 0.0605695 0.0585847 0.0559559 0.0530168 0.0499825 0.0468974 0.04362 0.0398683 0.0353481 0.0299395 0.0238494 0.0176143
 0.00700314 0.0109919 0.0158534 0.0213857 0.0274385 0.0338947 0.0405557 0.047069 0.0529746 0.0578146 0.061225 0.0629962 0.0631106 0.0617461 0.0592291 0.0559545 0.0522996 0.0485466 0.0448184 0.0410479 0.0370108 0.0324462 0.0272339 0.0215385 0.0158154
 0.0073157 0.0114833 0.016562 0.0223374 0.0286442 0.0353468 0.042222 0.0488898 0.054868 0.0596882 0.0629873 0.064561 0.0643967 0.0626739 0.059718 0.0559241 0.0516798 0.0472981 0.0429589 0.0386725 0.0342962 0.0296301 0.0245715 0.0192474 0.0140273
 0.0076493 0.0120011 0.0172968 0.0233068 0.0298523 0.0367857 0.0438669 0.0506909 0.0567455 0.0615365 0.0646892 0.0660059 0.0654968 0.0633701 0.0599741 0.0557133 0.0509758 0.0460791 0.0412284 0.0364877 0.0317893 0.0270037 0.0220631 0.0170714 0.0123204
 0.00801024 0.0125593 0.0180847 0.0243372 0.0311209 0.0382724 0.0455341 0.0524782 0.0585698 0.0632976 0.0662795 0.0673219 0.0664502 0.0638984 0.0600447 0.0553192 0.0501248 0.0447854 0.0395169 0.0344126 0.0294566 0.024579 0.0197492 0.0150595 0.0107376
 0.00830248 0.013016 0.0187383 0.0252076 0.0322146 0.039581 0.0470289 0.0541045 0.0602468 0.0649264 0.0677547 0.0685438 0.0673354 0.0643869 0.0601031 0.0549394 0.0493182 0.0435778 0.0379475 0.0325428 0.0273835 0.0224424 0.0177177 0.0132938 0.0093464
 0.00843998 0.0132484 0.0191049 0.0257516 0.0329754 0.0405809 0.0482591 0.0555179 0.061762 0.0664406 0.069159 0.069736 0.0682302 0.0649229 0.0602454 0.0546778 0.0486634 0.0425566 0.0366028 0.0309377 0.0256094 0.0206218 0.0159924 0.0117968 0.00816703
 0.00860325 0.0135047 0.0194752 0.0262538 0.0336263 0.0413973 0.049252 0.0566812 0.0630595 0.0677988 0.0704723 0.0708849 0.0691058 0.0654469 0.0603786 0.0544167 0.0480301 0.0415904 0.0353557 0.029477 0.0240225 0.0190171 0.0144898 0.0105046 0.00715539
 0.00876872 0.0137487 0.019797 0.0266397 0.0340584 0.0418659 0.0497637 0.0572571 0.0637231 0.0685595 0.0713108 0.0717471 0.0699077 0.0660915 0.0607771 0.0545078 0.0477888 0.0410268 0.0345088 0.0284092 0.0228166 0.0177726 0.013312 0.00948601 0.00635555
 0.00890216 0.013944 0.0200503 0.0269321 0.0343602 0.0421448 0.0499945 0.0574305 0.0638523 0.0686823 0.0714799 0.0720103 0.0702829 0.0665507 0.0612489 0.0548964 0.0480023 0.0410014 0.0342223 0.0278829 0.0221093 0.0169691 0.0125073 0.00876569 0.00577748
 0.00909552 0.0142363 0.0204487 0.0274274 0.0349279 0.0427485 0.0505881 0.0579612 0.0642685 0.0689463 0.0715821 0.071975 0.0701619 0.0664035 0.0611173 0.0547861 0.0478812 0.0408158 0.0339224 0.0274456 0.0215491 0.0163356 0.0118694 0.00819157 0.00531501
 0.00910195 0.0142596 0.0205073 0.0275459 0.0351304 0.0430476 0.0509757 0.0584057 0.0647209 0.0693518 0.0718935 0.0721634 0.0702236 0.06636 0.0610071 0.0546476 0.0477353 0.040657 0.0337247 0.0271806 0.0212058 0.0159307 0.0114437 0.00779427 0.00498613
 0.00915383 0.0143325 0.0205972 0.0276454 0.0352347 0.0431632 0.0511225 0.0586098 0.0649984 0.0696936 0.0722602 0.0724964 0.070466 0.0664765 0.0609936 0.0545276 0.0475449 0.040428 0.0334731 0.0269072 0.0209068 0.0156106 0.0111211 0.00749703 0.00473987
 0.00909453 0.0142523 0.0205057 0.0275601 0.0351748 0.0431405 0.0511371 0.0586546 0.0650694 0.0697978 0.0724123 0.0727049 0.0707191 0.0667396 0.0612216 0.0546832 0.047612 0.0404114 0.0333891 0.0267728 0.0207355 0.0154149 0.0109169 0.00730388 0.00457596
 0.00907021 0.0142058 0.0204243 0.027431 0.0349924 0.0429151 0.0508995 0.0584498 0.064941 0.0697715 0.0724897 0.07287 0.0709491 0.0670106 0.0615073 0.0549535 0.0478366 0.0405677 0.0334685 0.0267799 0.0206838 0.0153221 0.0108023 0.00718643 0.00447166
 0.00913696 0.0142891 0.0205024 0.0274664 0.03494 0.0427374 0.0505823 0.0580124 0.0644374 0.0692808 0.0720976 0.0726446 0.0709224 0.0671726 0.0618146 0.0553456 0.0482513 0.0409523 0.0337855 0.0270102 0.0208257 0.0153874 0.0108111 0.00716129 0.00443289
 0.00914537 0.0143105 0.0205473 0.0275455 0.0350561 0.0428756 0.0507053 0.0580668 0.0643734 0.0690763 0.0717735 0.0722628 0.0705656 0.0669163 0.0617032 0.0553829 0.0484055 0.0411722 0.0340178 0.0272129 0.0209749 0.0154774 0.0108501 0.00716491 0.00441798
 0.00906035 0.0141833 0.0203773 0.0273411 0.0348353 0.0426631 0.0505275 0.0579445 0.0643118 0.0690594 0.0717697 0.0722416 0.0705171 0.06686 0.0616794 0.0554312 0.0485449 0.0413918 0.034283 0.0274801 0.0212068 0.0156525 0.0109645 0.00722813 0.00444565
 0.00899971 0.0140933 0.0202577 0.0271975 0.0346776 0.0425032 0.0503785 0.0578202 0.0642259 0.0690221 0.071782 0.072291 0.0705807 0.0669149 0.0617158 0.0554589 0.048587 0.0414699 0.0344035 0.0276302 0.021362 0.0157884 0.0110663 0.00729318 0.00448052
 0.00892429 0.0139783 0.0200992 0.0269973 0.0344433 0.0422477 0.0501194 0.057579 0.0640262 0.0688853 0.0717226 0.0723138 0.0706783 0.0670685 0.0619003 0.0556511 0.0487736 0.0416492 0.0345797 0.027805 0.0215292 0.0159364 0.0111841 0.0073762 0.00453181
 0.00880964 0.0138129 0.0198886 0.0267594 0.034202 0.0420234 0.0499229 0.0574122 0.0638877 0.0687773 0.0716537 0.0722961 0.0707215 0.0671744 0.0620602 0.0558481 0.0489876 0.0418632 0.0347831 0.0279925 0.0216971 0.0160802 0.0112991 0.00746022 0.00458685
 0.00867297 0.0136058 0.0196061 0.0264092 0.0338051 0.0416128 0.0495405 0.0571017 0.063684 0.0686957 0.0716861 0.072418 0.0709049 0.0673976 0.0623098 0.056115 0.0492626 0.042135 0.0350399 0.0282245 0.0218977 0.0162455 0.0114277 0.00755322 0.00464846
 0.00843699 0.013245 0.0191059 0.0257719 0.0330493 0.0407728 0.0486667 0.0562629 0.0629628 0.0681752 0.071431 0.0724572 0.0712234 0.0679419 0.0630048 0.0568836 0.0500396 0.0428722 0.0357049 0.0287976 0.0223692 0.0166143 0.0117 0.00774148 0.0047691
 0.00823623 0.0129361 0.0186731 0.0252118 0.0323697 0.0399914 0.0478138 0.0553842 0.0621211 0.0674464 0.0708943 0.0721815 0.0712509 0.0682761 0.0636061 0.0576782 0.0509372 0.0437857 0.0365642 0.0295548 0.0229982 0.0171071 0.0120629 0.00799097 0.00492808
 0.00797821 0.0125508 0.0181563 0.0245803 0.0316544 0.0392264 0.0470291 0.0546076 0.0613839 0.0667884 0.0703651 0.0718353 0.0711382 0.0684308 0.064034 0.0583496 0.0517891 0.0447332 0.0375179 0.0304377 0.0237564 0.0177134 0.0125142 0.00830288 0.00512712
