SBPRF35
6.3995
Curr Bio
611927
B35
463946
F35
0.233298
FOFL
0.233298
OFL
112759
Bzero
1.82843e+006
#pred survey bio
 3.48896e+006 3.51206e+006 3.50604e+006 3.34243e+006 3.10774e+006 2.92229e+006 2.71727e+006 2.49557e+006 2.23597e+006 1.87099e+006 1.47906e+006 1.22826e+006 1.08801e+006 984286 893660 795772 738722 699930 658473 628861 572552 531270 512819 510587 533778 555415 549703 545340 557532 578063 592425 608075 609529 580769 562609 590770 582145 579393 588052 571508 550731 532657 524011 532533 547676 580301 647055 698918 690645 694367 695903 687873 666860 588564 532352 589191 634594 592292 564696 619982 1.47495e+007 1.2883e+007 1.2549e+007 1.25952e+007 1.28613e+007 1.32043e+007 1.35388e+007 1.38253e+007 1.40534e+007 1.4227e+007 1.43556e+007 1.44494e+007 1.45171e+007 1.45659e+007 1.4601e+007 1.46264e+007 1.46449e+007 1.46583e+007 1.46682e+007 1.46754e+007 1.46808e+007 1.46848e+007 1.46877e+007 1.46899e+007 1.46916e+007 1.46928e+007 1.46938e+007 1.46945e+007 1.4695e+007 1.46954e+007 1.46957e+007 1.46959e+007 1.46961e+007 1.46962e+007 1.46963e+007 1.46964e+007 1.46964e+007 1.46965e+007 1.46965e+007 1.46965e+007 1.46965e+007 1.46966e+007 1.46966e+007 1.46966e+007 1.46966e+007 1.46966e+007 1.46966e+007 1.46966e+007 1.46966e+007 1.46966e+007 1.46966e+007 1.46966e+007 1.46966e+007 1.46966e+007 1.46966e+007 1.46966e+007 1.46966e+007 1.46966e+007 1.46966e+007 1.46966e+007 1.46966e+007 1.46966e+007 1.46966e+007 1.46966e+007 1.46966e+007 1.46966e+007 1.46966e+007 1.46966e+007 1.46966e+007 1.46966e+007 1.46966e+007 1.46966e+007 1.46966e+007 1.46966e+007 1.46966e+007 1.46966e+007 1.46966e+007 1.46966e+007 1.46966e+007 1.46966e+007 1.46966e+007 1.46966e+007 1.46966e+007 1.46966e+007 1.46966e+007 1.46966e+007 1.46966e+007 1.46966e+007 1.46966e+007 1.46966e+007 1.46966e+007 1.46966e+007 1.46966e+007 1.46966e+007 1.46966e+007 1.46966e+007 1.46966e+007 1.46966e+007 1.46966e+007 1.46966e+007 0 0 0 0 0 0 0 0 0 0 0 0 0 0 0 0 0 0 0 0 0 0 0 0 0
#obs survey bio
 3.32651e+006 3.05483e+006 4.1413e+006 3.60098e+006 3.10207e+006 3.0422e+006 2.42286e+006 2.20898e+006 1.46396e+006 1.98796e+006 1.09723e+006 1.17438e+006 1.23414e+006 844526 1.1949e+006 632709 821733 679331 740793 898454 632518 521513 565971 495216 532665 621656 631131 583182 421811 611654 457890 582175 563994 495397 546937 895273 536413 480677 570160 537727 651758 597854 510400 570301 549351 517820 667367 889336 587048 853580 628383 709217 695422 565589 485846 558083 530787 378747 548305 575821
#pred catch bio
 108558 109686 162781 214904 251889 251213 311611 307610 324502 312961 290617 263645 256247 247374 231928 205915 179718 170328 147298 136975 131819 125141 115624 101271 104738 112961 103603 94870.5 97886.5 95488 94402.1 100476 91153.5 100204 90566.9 88204.6 83213.4 80646.2 90753.6 78262.5 92175.3 92418.8 86864.9 88043.7 97420 95338.5 99446.4 89249.2 93570.2 91621.3 104069 101318 106632 122420 54694.2 56458.6 111067 131864 66959.1 106462 112759 107114 102747 101786 103130 105273 107413 109213 110589 111578 112260 112715 113012 113202 113322 113398 113444 113473 113491 113502 113508 113512 113515 113516 113517 113517 113518 113518 113518 113518 113518 113518 113518 113518 113518 113518 113518 113518 113518 113518 113518 113518 113518 113518 113518 113518 113518 113518 113518 113518 113518 113518 113518 113518 113518 113518 113518 113518 113518 113518 113518 113518 113518 113518 113518 113518 113518 113518 113518 113518 113518 113518 113518 113518 113518 113518 113518 113518 113518 113518 113518 113518 113518 113518 113518 113518 113518 113518 113518 113518 113518 113518 113518 113518 113518 113518 113518 113518 113518 113518 0 0 0 0 0 0 0 0 0 0 0 0 0 0 0 0 0 0 0 0 0 0 0 0 0
#obs catch bio
 0 109366 162836 214986 252378 250654 312425 307506 324437 312390 290676 264117 256908 248373 231059 206872 179675 170479 147471 136473 131777 125421 115736 101288 104885 112939 103498 94771.7 98093.3 95402.6 94357.8 100698 90803.2 100292 91018.9 88061.1 83185.6 80591.2 90914 77992.8 92321.2 92490.6 86857.1 87907.1 97557 95683.5 99674.1 88915.5 93657.1 91485.3 104213 101262 106309 123394 54456.1 56158.9 111176 133144 66398.4 106811
#pred cpue bio
 3.45147e+006 3.47455e+006 3.46702e+006 3.30332e+006 3.06938e+006 2.88354e+006 2.6786e+006 2.45697e+006 2.19848e+006 1.83681e+006 1.44948e+006 1.20107e+006 1.06157e+006 958296 868170 771340 714588 676227 635476 606562 552078 511936 493897 491636 514065 535075 529606 525430 537284 557170 571233 586476 588029 560595 542950 570163 561010 556522 563900 547985 528404 511059 502820 511128 525703 556761 620868 670967 663441 666822 668296 660061 639396 563999 509057 564619 610365 569686 541251 594543 1.41566e+007 1.23745e+007 1.19695e+007 1.19555e+007 1.22082e+007 1.25493e+007 1.28835e+007 1.317e+007 1.33981e+007 1.35717e+007 1.37003e+007 1.3794e+007 1.38618e+007 1.39106e+007 1.39457e+007 1.39711e+007 1.39896e+007 1.4003e+007 1.40129e+007 1.40201e+007 1.40255e+007 1.40295e+007 1.40324e+007 1.40346e+007 1.40363e+007 1.40375e+007 1.40385e+007 1.40391e+007 1.40397e+007 1.40401e+007 1.40404e+007 1.40406e+007 1.40408e+007 1.40409e+007 1.4041e+007 1.40411e+007 1.40411e+007 1.40411e+007 1.40412e+007 1.40412e+007 1.40412e+007 1.40412e+007 1.40412e+007 1.40413e+007 1.40413e+007 1.40413e+007 1.40413e+007 1.40413e+007 1.40413e+007 1.40413e+007 1.40413e+007 1.40413e+007 1.40413e+007 1.40413e+007 1.40413e+007 1.40413e+007 1.40413e+007 1.40413e+007 1.40413e+007 1.40413e+007 1.40413e+007 1.40413e+007 1.40413e+007 1.40413e+007 1.40413e+007 1.40413e+007 1.40413e+007 1.40413e+007 1.40413e+007 1.40413e+007 1.40413e+007 1.40413e+007 1.40413e+007 1.40413e+007 1.40413e+007 1.40413e+007 1.40413e+007 1.40413e+007 1.40413e+007 1.40413e+007 1.40413e+007 1.40413e+007 1.40413e+007 1.40413e+007 1.40413e+007 1.40413e+007 1.40413e+007 1.40413e+007 1.40413e+007 1.40413e+007 1.40413e+007 1.40413e+007 1.40413e+007 1.40413e+007 1.40413e+007 1.40413e+007 1.40413e+007 1.40413e+007 1.40413e+007 1.40413e+007 0 0 0 0 0 0 0 0 0 0 0 0 0 0 0 0 0 0 0 0 0 0 0 0 0
#obs cpue bio
 3.13456e+006 3.96535e+006 3.49939e+006 3.10053e+006 2.4247e+006 3.40892e+006 2.44876e+006 2.93363e+006 3.70568e+006 1.99375e+006 1.74452e+006 1.06835e+006 890181 993947 973398 628410 755853 694857 505180 583584 441545 450030 470289 465393 486380 584350 464411 471160 604160 629500 691039 556811 866352 592943 316008 667296 547586 630652 608150 651117 403121 454882 502797 534743 472713 435980 698142 769506 610053 584042 692276 635948 774162 480952 471619 736415 892117 593986 667903 632251
#pred surv len freq
 0.0041844 0.00690948 0.0106148 0.0153506 0.0210351 0.0273593 0.0337729 0.0396381 0.0444766 0.0481212 0.0506784 0.0523785 0.0534493 0.0540645 0.0543451 0.0543812 0.0542551 0.054041 0.0537475 0.0532037 0.0519617 0.0493507 0.0447626 0.0380647 0.0298535
 0.00453095 0.0073727 0.0111296 0.0158016 0.0212977 0.0273592 0.0335267 0.0392447 0.0440621 0.0477746 0.0504208 0.0521814 0.0532813 0.0539317 0.0542995 0.0544939 0.05457 0.0545325 0.0543058 0.0536615 0.0521571 0.0491978 0.0442915 0.0374048 0.0291705
 0.00456948 0.00751362 0.011478 0.0164815 0.022394 0.0288424 0.0352099 0.0408222 0.045226 0.0483451 0.0504035 0.0517239 0.0525748 0.0531323 0.0535081 0.0537763 0.0539741 0.054079 0.0539636 0.0533399 0.051737 0.0485918 0.0434965 0.0365088 0.0283083
 0.00471273 0.00771805 0.0117399 0.0167975 0.0227841 0.0293711 0.0359783 0.0419156 0.0466347 0.049912 0.0518531 0.0527693 0.0530395 0.0530088 0.0529268 0.0529246 0.0530238 0.0531463 0.0530974 0.052525 0.0509164 0.0477094 0.0425423 0.0355375 0.027416
 0.00492504 0.00806473 0.0122618 0.0175266 0.0237309 0.030511 0.03725 0.0432402 0.0479495 0.0511889 0.0530749 0.0538793 0.0539122 0.0534806 0.052874 0.0523294 0.0519812 0.0518142 0.0516283 0.0510207 0.0494228 0.0462445 0.0411338 0.0342435 0.0263119
 0.0051236 0.00839658 0.0127781 0.0182808 0.0247674 0.0318462 0.038852 0.0450205 0.0497758 0.052918 0.054589 0.055105 0.0548098 0.0540132 0.0529844 0.0519522 0.0510845 0.0504361 0.0498771 0.0490411 0.0473563 0.044212 0.0392396 0.0325819 0.0249588
 0.00530763 0.00869562 0.0132289 0.0189202 0.0256286 0.0329514 0.0402017 0.0465835 0.051486 0.0546776 0.0562789 0.0566016 0.0560039 0.0548227 0.0533528 0.0518378 0.0504562 0.0492876 0.0482507 0.04704 0.0451344 0.0419475 0.0371066 0.0307251 0.0234733
 0.00551317 0.00904289 0.0137753 0.0197259 0.0267426 0.03439 0.04193 0.0485131 0.0534939 0.0566356 0.0580744 0.0581425 0.0572123 0.0556299 0.0536991 0.0516755 0.0497523 0.0480308 0.0464652 0.0448053 0.0425963 0.0393079 0.0345894 0.028529 0.0217278
 0.00568911 0.00933434 0.0142251 0.0203804 0.0276458 0.0355725 0.0433941 0.0502216 0.0553684 0.0585651 0.0599322 0.0598045 0.0585721 0.0566046 0.0542263 0.0517059 0.0492463 0.046964 0.0448445 0.0426909 0.0401195 0.0366693 0.0320287 0.0262704 0.0199243
 0.00586902 0.00964169 0.014715 0.0211132 0.0286737 0.0369196 0.0450375 0.0520872 0.0573453 0.0605306 0.0617708 0.0614154 0.0598691 0.0575152 0.0546916 0.0516796 0.0486926 0.0458597 0.0431912 0.0405375 0.0375852 0.0339495 0.0293688 0.0239095 0.0180317
 0.00614766 0.010088 0.015375 0.0220271 0.0298711 0.03841 0.0467976 0.0540518 0.0594098 0.0625652 0.0636409 0.0630014 0.0610792 0.0582885 0.0549919 0.0514843 0.0479847 0.0446269 0.0414383 0.038309 0.0349911 0.0311755 0.0266552 0.0214964 0.0160934
 0.00637446 0.0104832 0.0160174 0.023003 0.031251 0.0402142 0.048967 0.0564458 0.0618386 0.0648379 0.0656037 0.0645494 0.0621504 0.0588521 0.0550379 0.0510157 0.0470098 0.0431565 0.039493 0.0359393 0.0323028 0.0283438 0.0239077 0.0190631 0.0141423
 0.0065355 0.0107565 0.0164519 0.0236564 0.0321839 0.0414756 0.0505747 0.0583669 0.0639798 0.0670502 0.0677046 0.0663569 0.0635178 0.0596889 0.0553101 0.0507289 0.0461896 0.0418358 0.0377122 0.0337614 0.0298344 0.0257479 0.0213914 0.0168346 0.0123541
 0.00671344 0.0110516 0.0169071 0.0243161 0.0330862 0.0426403 0.0519907 0.0599884 0.0657324 0.0688425 0.0694346 0.0679143 0.0647877 0.0605636 0.0557069 0.0506031 0.0455353 0.0406786 0.0361018 0.0317732 0.0275806 0.0233851 0.0191089 0.0148184 0.0107391
 0.00692862 0.0114001 0.0174291 0.0250477 0.0340526 0.0438446 0.0534025 0.0615405 0.067331 0.0703868 0.0708344 0.0690981 0.0657001 0.061158 0.0559395 0.0504346 0.0449386 0.0396485 0.0346639 0.0299902 0.0255577 0.0212687 0.0170716 0.0130254 0.00930713
 0.00717685 0.0117982 0.0180175 0.025859 0.0351041 0.0451271 0.0548696 0.0631066 0.0688848 0.0718143 0.0720409 0.0700195 0.0663032 0.0614326 0.0558875 0.0500587 0.0442378 0.0386221 0.0333237 0.0283768 0.0237526 0.0193952 0.0152785 0.0114549 0.00805812
 0.00731048 0.012025 0.0183762 0.026391 0.0358432 0.0460848 0.0560208 0.0643864 0.0701997 0.0730628 0.0731324 0.0708847 0.0668974 0.061734 0.0558922 0.049774 0.0436743 0.037791 0.0322409 0.0270749 0.0222936 0.0178763 0.0138203 0.0101749 0.00703875
 0.00742625 0.0121916 0.0185887 0.0266353 0.0361063 0.0463679 0.0563464 0.0647916 0.0707177 0.0737019 0.0738646 0.0716491 0.0676156 0.0623284 0.0562997 0.0499517 0.0435997 0.0374583 0.0316595 0.0262727 0.0213231 0.0168171 0.0127718 0.00923518 0.00627968
 0.00755192 0.0123939 0.0188874 0.0270428 0.0366195 0.0469602 0.0569653 0.0653698 0.0711982 0.0740622 0.0741237 0.0718499 0.0677947 0.0624933 0.0564252 0.0499926 0.0435086 0.0371998 0.0312186 0.0256586 0.0205718 0.0159904 0.0119485 0.00849403 0.00567895
 0.00755807 0.0124028 0.0188997 0.0270603 0.0366475 0.0470087 0.057048 0.0654989 0.071377 0.074282 0.0743673 0.0721022 0.0680499 0.0627529 0.056686 0.0502353 0.0436955 0.0372845 0.0311618 0.0254423 0.0202081 0.015521 0.0114361 0.00800585 0.00526844
 0.00762026 0.0124909 0.0190083 0.0271761 0.0367533 0.0470901 0.0570989 0.0655242 0.071391 0.0743028 0.0744111 0.0721773 0.0681559 0.062883 0.0568304 0.0503815 0.0438252 0.0373707 0.0311727 0.0253521 0.0200095 0.0152323 0.0110979 0.00766854 0.00497595
 0.0076423 0.0125455 0.0191236 0.0273858 0.0370832 0.0475393 0.0576272 0.0660563 0.0718399 0.0746015 0.074533 0.0721383 0.0679992 0.0626597 0.0565845 0.0501421 0.0436045 0.0371657 0.0309686 0.0251299 0.0197557 0.014948 0.010801 0.00738739 0.00473782
 0.00773821 0.0126811 0.0192914 0.0275702 0.03727 0.0477274 0.0578332 0.0663043 0.0721408 0.0749347 0.0748459 0.0723665 0.0680948 0.0626108 0.056415 0.049896 0.0433265 0.0368867 0.030702 0.0248746 0.0195052 0.0146994 0.0105604 0.00716877 0.00455616
 0.00789218 0.0129039 0.0195748 0.0278868 0.0375785 0.0479835 0.058002 0.0663713 0.0721176 0.0748578 0.0747628 0.072314 0.068081 0.0626137 0.0563992 0.0498345 0.0432126 0.036732 0.0305245 0.024689 0.0193194 0.0145177 0.0103883 0.00701443 0.00442846
 0.00782927 0.0128141 0.0194621 0.0277606 0.0374481 0.0478515 0.0578607 0.066208 0.0719267 0.074653 0.0745809 0.0722048 0.0680875 0.0627518 0.0566486 0.0501466 0.04353 0.0370083 0.0307347 0.0248276 0.0193934 0.0145395 0.0103725 0.00697662 0.00438333
 0.00777417 0.0127228 0.0193226 0.0275634 0.0371915 0.0475473 0.0575373 0.0659044 0.0716798 0.0744837 0.0744912 0.0721868 0.0681364 0.0628716 0.0568455 0.0504159 0.043849 0.0373396 0.0310388 0.0250754 0.0195718 0.0146506 0.0104284 0.00699381 0.00437835
 0.0078887 0.0128869 0.019528 0.027787 0.0374 0.0477061 0.0576193 0.0658957 0.0715819 0.0743129 0.0742736 0.0719512 0.0679083 0.0626713 0.0566897 0.050318 0.043815 0.0373637 0.0311024 0.025153 0.0196404 0.0146965 0.0104488 0.00699413 0.00436735
 0.00796866 0.0130063 0.0196871 0.0279768 0.0376016 0.0478922 0.057757 0.065953 0.0715373 0.0741648 0.074044 0.0716794 0.0676382 0.0624387 0.0565157 0.0502103 0.0437719 0.037377 0.0311581 0.0252327 0.019724 0.0147674 0.0104982 0.00702159 0.00437803
 0.00794129 0.0129654 0.0196321 0.0279093 0.0375245 0.0478082 0.0576677 0.0658585 0.0714368 0.0740584 0.0739346 0.0715746 0.0675506 0.0623832 0.0565055 0.0502521 0.0438642 0.0375106 0.0313184 0.0254019 0.0198843 0.014904 0.0106023 0.00709197 0.00441978
 0.00792668 0.0129403 0.0195923 0.0278505 0.0374444 0.0477086 0.0575558 0.0657458 0.0713354 0.0739761 0.0738729 0.0715302 0.0675192 0.0623644 0.0565036 0.0502748 0.0439183 0.037598 0.0314341 0.0255345 0.0200188 0.0150258 0.0107009 0.0071632 0.0044654
 0.00796688 0.0129857 0.0196238 0.0278389 0.037359 0.047531 0.0572909 0.0654241 0.0710039 0.073684 0.073658 0.0714115 0.0674965 0.0624226 0.0566211 0.0504308 0.0440973 0.0377902 0.031632 0.02573 0.0202017 0.0151856 0.0108295 0.00725739 0.00452773
 0.00785414 0.0128315 0.0194443 0.0276636 0.0372181 0.0474375 0.0572303 0.0653602 0.0709001 0.0735267 0.0734665 0.0712295 0.0673711 0.0623851 0.0566784 0.050569 0.0442917 0.0380149 0.0318657 0.0259566 0.0204088 0.0153635 0.0109719 0.00736246 0.00459834
 0.00783038 0.0127825 0.0193532 0.0275135 0.0370018 0.0471695 0.0569513 0.0651257 0.0707553 0.0734829 0.0734969 0.0712882 0.0674225 0.0624212 0.0567157 0.0506315 0.0443947 0.0381584 0.0320374 0.026139 0.020585 0.01552 0.0111 0.0074587 0.00466429
 0.00782287 0.0127587 0.0192956 0.0273978 0.0368022 0.0468688 0.056552 0.0646574 0.0702747 0.0730618 0.0732023 0.07116 0.0674608 0.0625917 0.0569697 0.050927 0.0447062 0.0384736 0.0323483 0.0264353 0.0208539 0.0157495 0.0112825 0.00759276 0.00475465
 0.00787778 0.0128582 0.0194624 0.0276542 0.0371588 0.0473087 0.0570208 0.0650702 0.0705405 0.0731177 0.0730377 0.0708188 0.0670214 0.0621371 0.0565622 0.0505981 0.0444621 0.0383071 0.032248 0.0263894 0.0208491 0.0157714 0.0113167 0.00762795 0.0047838
 0.00845489 0.0136576 0.0204107 0.0286018 0.0379278 0.0477669 0.0571354 0.0649071 0.070214 0.0727266 0.0726297 0.0703964 0.0665726 0.0616635 0.056088 0.0501595 0.0440907 0.0380195 0.0320447 0.0262601 0.0207786 0.0157429 0.0113145 0.00763857 0.00479779
 0.00927124 0.0149076 0.0221398 0.0307784 0.0404264 0.0503612 0.0595108 0.0667154 0.0711735 0.0727246 0.071761 0.068908 0.0647547 0.0597552 0.0542416 0.0484566 0.0425734 0.0367115 0.030958 0.0253937 0.0201188 0.0152656 0.0109886 0.00743021 0.00467405
 0.00921035 0.0149421 0.0224339 0.0315551 0.0418949 0.0526056 0.0623996 0.0698908 0.07414 0.0749972 0.0730026 0.0690065 0.0638209 0.0580572 0.0521069 0.0461832 0.04038 0.0347312 0.0292579 0.0239981 0.0190246 0.0144503 0.0104153 0.00705264 0.00444303
 0.00885208 0.014403 0.0217128 0.0307043 0.0410373 0.051941 0.062183 0.070366 0.0754322 0.0770154 0.075421 0.0713566 0.065654 0.0590918 0.052292 0.0456636 0.0394036 0.0335533 0.0280794 0.0229463 0.0181615 0.0137911 0.00994549 0.00674115 0.00425191
 0.0088067 0.0143014 0.0215102 0.0303477 0.0404867 0.0512027 0.0613407 0.0695883 0.0749438 0.077032 0.0760669 0.0725961 0.0672751 0.0607616 0.0536692 0.0465144 0.0396644 0.0333165 0.0275253 0.0222646 0.0174993 0.0132343 0.00952597 0.00645378 0.00407215
 0.00862218 0.0140248 0.0211358 0.0298811 0.0399373 0.0505761 0.0606396 0.0688286 0.0741792 0.0763716 0.0756662 0.0726135 0.0678035 0.0617697 0.0549873 0.0478838 0.0408289 0.0341106 0.0279136 0.0223219 0.0173532 0.0130083 0.00930575 0.0062813 0.00395606
 0.00853643 0.0139047 0.020991 0.0297326 0.0398117 0.0504938 0.0606043 0.0688207 0.0741596 0.0762966 0.0755133 0.0724068 0.0676213 0.0617183 0.055148 0.0482611 0.0413372 0.0346104 0.0282769 0.0224855 0.0173317 0.012868 0.00912372 0.00611462 0.00383172
 0.0085789 0.0139532 0.0210271 0.0297298 0.0397459 0.0503594 0.0604226 0.0686354 0.0740159 0.0762175 0.0754884 0.072402 0.0676056 0.0616895 0.0551394 0.0483214 0.0414943 0.0348455 0.0285288 0.0226827 0.0174295 0.0128655 0.00905406 0.00602097 0.0037468
 0.00860108 0.0139841 0.0210631 0.0297615 0.0397575 0.05033 0.0603313 0.0684705 0.0737853 0.0759538 0.0752411 0.0722184 0.0675109 0.0616814 0.0551996 0.048433 0.0416501 0.0350401 0.0287451 0.0228885 0.0175895 0.0129589 0.00908346 0.00600703 0.00371473
 0.00866802 0.0140807 0.0211854 0.0298976 0.0398898 0.0504389 0.0603991 0.068482 0.0737293 0.0758263 0.0750501 0.0719876 0.0672763 0.0614811 0.0550612 0.0483673 0.041653 0.035099 0.0288421 0.0230019 0.0176954 0.0130375 0.00912619 0.00601801 0.00370617
 0.00870186 0.01415 0.021315 0.0301154 0.0402161 0.0508702 0.0608968 0.0689753 0.0741346 0.0760734 0.0751023 0.0718466 0.0669766 0.0610779 0.0546172 0.0479402 0.0412852 0.0348127 0.0286403 0.0228728 0.0176189 0.0129921 0.00909485 0.00599141 0.00368207
 0.00864557 0.014056 0.0211708 0.0299133 0.0399603 0.0505864 0.0606341 0.0687959 0.0740903 0.0761804 0.0753314 0.0721354 0.0672557 0.0612961 0.0547542 0.0480047 0.0413037 0.0348148 0.0286484 0.0228962 0.0176553 0.0130325 0.00912954 0.00601492 0.00369407
 0.00870949 0.0141304 0.0212282 0.0299102 0.0398499 0.0503382 0.0602524 0.0683266 0.0736116 0.0757816 0.075087 0.0720832 0.0673858 0.0615578 0.0550771 0.0483247 0.0415804 0.0350358 0.0288203 0.0230324 0.0177663 0.0131226 0.00919921 0.00606404 0.00372474
 0.00884798 0.0143192 0.021444 0.0301056 0.0399624 0.0503077 0.0600393 0.0679246 0.0730538 0.0751395 0.0744595 0.0715747 0.0670782 0.0614865 0.0552232 0.0486267 0.0419598 0.0354224 0.029168 0.0233209 0.0179932 0.0132939 0.00932298 0.0061484 0.00377793
 0.00879718 0.0142805 0.0214639 0.0302467 0.0402771 0.0508011 0.0606442 0.0685093 0.0734666 0.0752673 0.0742696 0.0711212 0.0664761 0.0608694 0.054703 0.048267 0.0417699 0.0353702 0.0292027 0.0233947 0.0180734 0.0133636 0.00937667 0.00618628 0.00380252
 0.00891416 0.0144259 0.0216034 0.0303298 0.040262 0.0506866 0.0604859 0.0683998 0.0734841 0.0754249 0.0745013 0.0713169 0.0665416 0.0607729 0.0544823 0.0480014 0.0415388 0.0352221 0.0291462 0.0234093 0.018127 0.013428 0.00943426 0.0062298 0.00383156
 0.00900341 0.0145944 0.0218963 0.0307925 0.0409162 0.0515015 0.0613636 0.0691964 0.0740642 0.0757167 0.0745145 0.0711128 0.0661843 0.0603012 0.0539169 0.0473698 0.0408892 0.0346151 0.0286338 0.0230173 0.0178532 0.0132514 0.00932771 0.00616902 0.00379862
 0.00887406 0.0144201 0.0217023 0.0306296 0.0408523 0.0516036 0.0616758 0.0697198 0.0747453 0.0764524 0.075178 0.0715942 0.0664247 0.060301 0.0537177 0.0470284 0.0404625 0.0341568 0.028194 0.0226368 0.0175557 0.0130406 0.00919157 0.00608838 0.00375451
 0.00898045 0.0145651 0.0218703 0.0307932 0.040986 0.0517023 0.0617668 0.0698562 0.0749808 0.0768096 0.0756279 0.0720592 0.0668049 0.0605101 0.0537121 0.0468155 0.0400895 0.0336903 0.0277014 0.0221749 0.0171636 0.0127376 0.00897791 0.00595081 0.00367354
 0.00906059 0.0147479 0.022238 0.0314427 0.0419901 0.0530571 0.0633552 0.0714626 0.0763597 0.0777722 0.0760957 0.0720589 0.0664228 0.0598422 0.0528378 0.045798 0.0389876 0.0325675 0.0266245 0.0212054 0.0163471 0.0120969 0.00851165 0.00563761 0.00348027
 0.00834664 0.0136267 0.0206336 0.0293352 0.0394478 0.0502678 0.0606365 0.0692157 0.0749597 0.0774405 0.076829 0.0736535 0.0685677 0.0622191 0.0551842 0.0479281 0.0407906 0.0339983 0.0276918 0.0219559 0.0168474 0.0124155 0.00870723 0.005754 0.00354736
 0.00821602 0.0133304 0.0200348 0.0282618 0.0377439 0.0478751 0.0576672 0.0659732 0.0718848 0.075003 0.0754074 0.073442 0.0695372 0.0641424 0.0577127 0.0506892 0.0434676 0.0363726 0.0296491 0.0234691 0.0179505 0.0131764 0.00920456 0.00606191 0.00372732
 0.00879811 0.0142303 0.0212931 0.0298591 0.0395755 0.0497294 0.0592289 0.0668788 0.0718379 0.0739042 0.0734235 0.0709668 0.0670592 0.0620863 0.0563254 0.050007 0.0433604 0.0366283 0.0300578 0.0238762 0.0182734 0.0133929 0.00932962 0.00612409 0.00375358
 0.0090546 0.01473 0.0221927 0.0313411 0.0417843 0.0526771 0.0627138 0.070475 0.0749794 0.0760357 0.0741569 0.0701885 0.0649582 0.0590945 0.0529868 0.046823 0.0406703 0.0345675 0.0285926 0.0228814 0.0176068 0.012941 0.00901928 0.00591317 0.00361634
 0.00846457 0.0138073 0.0208836 0.0296502 0.0398092 0.0506384 0.0609556 0.0693974 0.0749013 0.0770441 0.0760362 0.072485 0.0671504 0.0607811 0.0540041 0.0472485 0.0407309 0.0345116 0.0285904 0.022991 0.0178008 0.0131584 0.00920834 0.00605001 0.00370146
#obs surv len freq
 nan nan nan nan nan nan nan nan nan nan nan nan nan nan nan nan nan nan nan nan nan nan nan nan nan
 0.00448496 0.00734662 0.0111771 0.0159943 0.0216961 0.0279727 0.0342876 0.0400192 0.0446985 0.0481614 0.0505179 0.0520122 0.0529029 0.0534139 0.053727 0.0539811 0.054259 0.0545514 0.0546899 0.0542816 0.0527198 0.0493521 0.0438024 0.036283 0.0276674
 0.00461657 0.00756219 0.0115042 0.0164585 0.0223148 0.0287457 0.0351872 0.0409877 0.045656 0.0490217 0.0512046 0.05247 0.0531034 0.0533557 0.0534316 0.0534853 0.0536061 0.053784 0.0538471 0.0534004 0.0518389 0.0485147 0.0430531 0.0356597 0.027191
 0.00477983 0.00783012 0.0119121 0.0170409 0.0230984 0.0297385 0.0363667 0.0422955 0.0470042 0.0503068 0.0523235 0.0533326 0.0536419 0.0535312 0.0532371 0.0529434 0.0527626 0.0526986 0.0525866 0.0520355 0.0504453 0.0471736 0.041845 0.0346512 0.0264188
 0.00496824 0.0081391 0.0123822 0.0177118 0.0240018 0.030886 0.0377374 0.0438305 0.0486133 0.051883 0.0537578 0.0545237 0.0545018 0.0539915 0.0532548 0.0525062 0.0518906 0.0514424 0.0510228 0.0502626 0.0485797 0.0453436 0.0401775 0.0332498 0.0253418
 0.00518568 0.00849265 0.0129146 0.0184634 0.0250034 0.032148 0.0392374 0.0455083 0.0503775 0.0536271 0.0553741 0.0559121 0.0555729 0.0546678 0.053474 0.0522263 0.0510973 0.0501564 0.0493054 0.048218 0.0463524 0.0431059 0.0381059 0.0314913 0.023982
 0.00541258 0.0088656 0.0134834 0.0192766 0.026099 0.0335379 0.0408924 0.0473539 0.0523057 0.0555181 0.0571157 0.0574081 0.0567428 0.0554429 0.0537944 0.0520417 0.0503728 0.0488841 0.0475194 0.0460086 0.0438709 0.0405537 0.0357021 0.0294259 0.0223718
 0.00564204 0.00924187 0.014056 0.0200943 0.0272013 0.0349409 0.0425737 0.0492457 0.054303 0.0574974 0.0589546 0.0589987 0.057997 0.0562918 0.0541835 0.0519257 0.0497147 0.047663 0.0457485 0.0437575 0.0412816 0.037836 0.0330999 0.0271615 0.0205898
 0.00588711 0.00964147 0.0146597 0.0209493 0.028344 0.036383 0.0442882 0.0511616 0.0563146 0.0594838 0.0607983 0.0605958 0.0592607 0.0571525 0.0545864 0.0518273 0.0490801 0.0464696 0.0440006 0.0415101 0.0386629 0.0350509 0.0304002 0.0247871 0.0187048
 0.00612735 0.0100375 0.0152656 0.0218185 0.0295182 0.0378751 0.0460654 0.0531404 0.0583745 0.0614919 0.0626323 0.0621551 0.0604686 0.0579514 0.0549327 0.051686 0.0484219 0.0452739 0.0422688 0.0392885 0.0360674 0.032275 0.0276906 0.0223869 0.0167865
 0.0063693 0.0104329 0.0158647 0.02267 0.0306602 0.0393213 0.0477892 0.0550682 0.0603941 0.0634727 0.064446 0.0636915 0.0616427 0.0587048 0.055229 0.0515021 0.0477414 0.0440863 0.0405791 0.0371395 0.0335641 0.0295958 0.0250678 0.0200538 0.0149134
 0.00662623 0.0108526 0.0165 0.0235705 0.0318621 0.0408314 0.0495691 0.0570302 0.0624142 0.0654158 0.066188 0.0651315 0.0627056 0.0593397 0.0554059 0.0512069 0.0469696 0.0428403 0.0388748 0.0350232 0.0311347 0.0270171 0.0225532 0.0178193 0.013118
 0.00683929 0.0112075 0.0170496 0.0243691 0.0329537 0.0422316 0.0512472 0.0589028 0.0643585 0.0672936 0.0678705 0.0665137 0.0637121 0.0599232 0.0555423 0.0508889 0.0462002 0.0416309 0.0372494 0.0330319 0.0288725 0.0246335 0.0202393 0.0157679 0.0114708
 0.00707261 0.0115859 0.0176176 0.025168 0.0340145 0.0435628 0.0528214 0.0606506 0.0661744 0.0690536 0.0694512 0.0678079 0.0646385 0.0604307 0.0556083 0.0505132 0.0453969 0.0404231 0.0356714 0.0311397 0.0267582 0.0224335 0.018123 0.0139033 0.00997958
 0.00725597 0.0118926 0.0180949 0.0258639 0.0349669 0.0447823 0.0542758 0.0622613 0.067831 0.0706378 0.0708571 0.0689508 0.0654552 0.0608776 0.0556608 0.0501646 0.0446567 0.0393144 0.0342318 0.0294277 0.0248626 0.020478 0.0162556 0.0122676 0.00867696
 0.00742712 0.0121702 0.0185117 0.0264512 0.0357496 0.0457708 0.0554556 0.0635865 0.0692262 0.0720085 0.0721043 0.0699851 0.0662069 0.0613012 0.0557336 0.049882 0.0440272 0.0383586 0.0329844 0.0279434 0.0232233 0.0187941 0.0146556 0.0108726 0.00757047
 0.00751351 0.0123128 0.0187307 0.0267676 0.0361822 0.0463311 0.0561425 0.0643834 0.0701033 0.0729259 0.0730147 0.0708341 0.0669346 0.061847 0.0560443 0.0499187 0.0437694 0.0378055 0.0321558 0.0268828 0.022001 0.0175063 0.0134134 0.00977988 0.00669938
 0.00759139 0.0124326 0.0188986 0.0269862 0.0364518 0.0466521 0.0565154 0.0648083 0.0705774 0.0734421 0.0735599 0.0713875 0.0674659 0.0623163 0.0564041 0.0501193 0.0437672 0.0375716 0.0316838 0.0261942 0.0211476 0.0165672 0.0124828 0.00894764 0.00602902
 0.00766449 0.0125479 0.0190655 0.0272096 0.0367309 0.0469777 0.0568696 0.0651668 0.0709173 0.0737502 0.073836 0.0716407 0.0677054 0.0625416 0.0565996 0.0502544 0.0438023 0.0374672 0.0314129 0.0257529 0.0205622 0.0158934 0.0117948 0.00831994 0.0055168
 0.00773117 0.0126488 0.0192033 0.0273822 0.0369325 0.0472004 0.0571043 0.0654033 0.0711439 0.0739555 0.0740122 0.0717863 0.0678251 0.0626438 0.0566887 0.0503247 0.0438343 0.0374313 0.0312782 0.0255006 0.0201964 0.0154452 0.0113165 0.00786981 0.00514133
 0.00777767 0.0127213 0.0193062 0.027517 0.0370962 0.0473852 0.0572973 0.0655884 0.0713058 0.0740851 0.074108 0.0718534 0.0678717 0.0626773 0.0567143 0.0503429 0.0438384 0.0374057 0.0312017 0.0253536 0.0199719 0.0151561 0.0109948 0.00755671 0.00487341
 0.00781563 0.0127777 0.0193814 0.0276079 0.0371977 0.0474916 0.0574036 0.06569 0.0713985 0.0741645 0.0741711 0.0718993 0.0679025 0.0626973 0.056728 0.0503526 0.0438418 0.0373951 0.0311638 0.025274 0.0198417 0.0149788 0.0107881 0.00734796 0.00468935
 0.00785032 0.0128303 0.0194533 0.0276973 0.0372997 0.0475985 0.0575058 0.0657778 0.0714641 0.0742051 0.0741888 0.0719001 0.0678933 0.0626835 0.0567131 0.050338 0.0438267 0.0373753 0.0311315 0.0252197 0.0197578 0.0148647 0.010653 0.00720852 0.00456373
 0.00786873 0.0128587 0.0194933 0.027749 0.0373615 0.0476673 0.0575763 0.0658431 0.0715173 0.0742409 0.0742055 0.0719 0.0678813 0.062666 0.0566953 0.0503228 0.0438142 0.0373625 0.0311133 0.0251891 0.019709 0.014796 0.0105688 0.00711908 0.00448107
 0.00786645 0.012852 0.0194776 0.027719 0.0373129 0.0475997 0.0574955 0.0657606 0.0714473 0.0741955 0.0741914 0.0719174 0.0679257 0.0627303 0.0567721 0.0504053 0.0438963 0.0374383 0.0311765 0.0252337 0.0197303 0.0147925 0.010544 0.00708076 0.00443903
 0.00787314 0.0128574 0.0194756 0.0277004 0.0372678 0.047521 0.0573831 0.0656229 0.0713002 0.0740593 0.0740863 0.071859 0.0679212 0.0627777 0.0568614 0.0505221 0.0440256 0.0375666 0.0312927 0.0253295 0.0198 0.0148342 0.0105602 0.00707773 0.00442517
 0.00789701 0.0128929 0.0195224 0.0277552 0.0373234 0.0475673 0.0574074 0.065613 0.0712483 0.0739662 0.0739636 0.0717267 0.0678025 0.062692 0.0568196 0.050525 0.0440652 0.0376301 0.0313658 0.0253994 0.0198573 0.0148738 0.0105813 0.00708355 0.00442118
 0.00788214 0.0128692 0.0194879 0.0277082 0.0372639 0.0474965 0.0573286 0.0655309 0.0711677 0.0738908 0.073896 0.0716698 0.0677611 0.0626731 0.0568305 0.0505701 0.0441431 0.0377331 0.0314815 0.0255138 0.0199582 0.0149532 0.0106365 0.00711667 0.00443751
 0.00786943 0.0128459 0.019448 0.0276451 0.0371722 0.0473756 0.0571849 0.065378 0.0710231 0.0737711 0.0738121 0.071626 0.0677559 0.0627019 0.0568886 0.0506538 0.0442492 0.0378569 0.0316153 0.025647 0.0200797 0.015054 0.0107119 0.00716713 0.00446731
 0.00786203 0.01283 0.019417 0.0275905 0.0370853 0.0472512 0.0570247 0.065192 0.0708288 0.0735899 0.0736656 0.0715308 0.0677209 0.0627268 0.0569655 0.0507708 0.0443936 0.038017 0.0317806 0.0258073 0.0202251 0.0151762 0.0108063 0.00723332 0.00450911
 0.00784931 0.0128094 0.0193861 0.0275463 0.0370247 0.0471707 0.0569215 0.0650658 0.0706832 0.0734344 0.0735149 0.0714031 0.0676334 0.0626922 0.0569882 0.0508469 0.0445125 0.0381643 0.0319414 0.0259677 0.0203733 0.015303 0.0109062 0.00730535 0.00455619
 0.00781655 0.0127596 0.0193174 0.0274595 0.0369227 0.047058 0.0568034 0.0649481 0.0705712 0.0733321 0.0734255 0.0713304 0.067583 0.0626716 0.0570051 0.0509056 0.0446117 0.0382965 0.0320942 0.0261266 0.0205241 0.0154347 0.0110119 0.00738285 0.00460791
 0.0077819 0.0127003 0.0192231 0.0273201 0.036732 0.0468191 0.0565325 0.0646735 0.0703262 0.0731451 0.0733124 0.0712931 0.0676134 0.0627569 0.0571331 0.0510669 0.044799 0.0385022 0.0323087 0.0263379 0.0207194 0.0156028 0.0111458 0.00748101 0.0046736
 0.00776469 0.0126687 0.0191687 0.0272325 0.0366007 0.0466374 0.0563018 0.0644057 0.0700442 0.0728793 0.0730951 0.0711505 0.0675602 0.0627932 0.057247 0.0512395 0.0450105 0.0387351 0.0325481 0.0265704 0.0209326 0.0157862 0.0112925 0.00758912 0.00474651
 0.00773255 0.0126178 0.0190944 0.027131 0.0364693 0.0464746 0.0561087 0.0641873 0.0698106 0.0726458 0.0728818 0.0709804 0.067455 0.0627685 0.0573078 0.0513787 0.0452113 0.0389755 0.0328053 0.026824 0.0211659 0.0159868 0.0114529 0.00770758 0.00482671
 0.0093059 0.0148188 0.0217483 0.0298551 0.0387852 0.0479857 0.0566406 0.0638129 0.0687665 0.0712113 0.0712911 0.069393 0.0659661 0.0614319 0.0561523 0.0504168 0.0444416 0.038385 0.032372 0.0265215 0.0209665 0.015864 0.0113836 0.00767264 0.00481149
 0.00927056 0.0150524 0.0226129 0.031801 0.0421546 0.0527474 0.0622225 0.0691962 0.0728499 0.0732469 0.0711317 0.0674326 0.0628683 0.0578466 0.0525561 0.0470893 0.041515 0.035904 0.0303356 0.0249043 0.0197293 0.0149582 0.0107538 0.00726062 0.00456019
 0.00895148 0.0145482 0.0219024 0.0309304 0.0412906 0.0522145 0.0624638 0.0706151 0.0755665 0.0769177 0.0749933 0.0705917 0.0646761 0.0581235 0.0515607 0.0453063 0.0394278 0.033864 0.0285395 0.0234313 0.0185876 0.0141188 0.0101704 0.00687972 0.00432844
 0.0087984 0.0142894 0.0214949 0.0303307 0.0404708 0.051193 0.0613457 0.0696203 0.0750141 0.0771383 0.076179 0.072653 0.0672077 0.0605362 0.0533211 0.0461432 0.0393867 0.0332085 0.0275932 0.0224565 0.0177403 0.013461 0.00970292 0.00657281 0.00414218
 0.00873272 0.0141786 0.0213198 0.0300683 0.0400965 0.0506861 0.0606999 0.0688596 0.074212 0.0764325 0.0757638 0.0727301 0.0678961 0.0617826 0.0548766 0.0476437 0.0405034 0.0337766 0.0276451 0.0221581 0.0172898 0.0130123 0.00933888 0.00631627 0.00398087
 0.00868374 0.0141015 0.0212081 0.0299164 0.0398992 0.0504375 0.0603939 0.068492 0.0737853 0.0759655 0.0753044 0.0723652 0.067743 0.0619507 0.0554085 0.0484685 0.0414418 0.0346096 0.0282075 0.0223993 0.0172682 0.0128414 0.00912699 0.00613195 0.00385
 0.00867554 0.0140813 0.0211654 0.0298377 0.0397717 0.050255 0.0601609 0.0682223 0.0734966 0.0756729 0.0750194 0.0721032 0.067535 0.0618489 0.0554739 0.0487401 0.0419025 0.0351745 0.0287517 0.0228116 0.017497 0.0129039 0.00908315 0.00604702 0.00376878
 0.00865792 0.0140564 0.0211341 0.0298019 0.0397317 0.0502069 0.0600956 0.0681283 0.0733659 0.0755056 0.0748254 0.0718999 0.0673437 0.0616953 0.0553892 0.0487575 0.0420433 0.0354302 0.0290759 0.023133 0.0177498 0.0130552 0.00913962 0.00604106 0.00373656
 0.00864102 0.0140288 0.0210927 0.0297444 0.0396582 0.0501207 0.0600038 0.0680395 0.0732858 0.0754342 0.0747572 0.0718276 0.0672652 0.0616167 0.0553264 0.0487327 0.0420785 0.0355376 0.0292478 0.0233398 0.0179494 0.013211 0.00923542 0.00608268 0.00374296
 0.00866251 0.0140601 0.0211329 0.02979 0.0397033 0.0501585 0.0600273 0.0680437 0.0732682 0.0753952 0.0746993 0.071754 0.0671781 0.0615195 0.0552254 0.0486401 0.0420113 0.0355122 0.0292724 0.0234085 0.0180426 0.0133033 0.00930652 0.00612483 0.00376018
 0.0086615 0.0140636 0.0211475 0.029824 0.0397637 0.0502464 0.0601347 0.0681537 0.0733601 0.0754516 0.0747109 0.0717207 0.0671069 0.0614209 0.0551108 0.0485214 0.0419015 0.0354247 0.0292183 0.0233918 0.0180576 0.0133366 0.00934265 0.00615266 0.00377594
 0.00862356 0.0140043 0.0210631 0.0297143 0.0396338 0.0501081 0.0600069 0.0680585 0.0733159 0.0754654 0.0747749 0.0718161 0.0672114 0.0615163 0.055187 0.0485763 0.0419391 0.0354529 0.029246 0.0234257 0.0180999 0.0133837 0.00938753 0.00618887 0.00380046
 0.00862167 0.0139989 0.0210507 0.0296903 0.0395933 0.0500487 0.0599303 0.0679721 0.0732325 0.0753999 0.0747405 0.0718191 0.067249 0.061577 0.0552556 0.0486394 0.0419891 0.035489 0.0292725 0.023449 0.0181245 0.0134107 0.00941486 0.00621287 0.00381844
 0.00860681 0.0139757 0.0210175 0.0296459 0.0395371 0.0499807 0.0598515 0.0678854 0.0731431 0.0753165 0.0746736 0.0717799 0.0672457 0.0616119 0.0553231 0.0487274 0.0420835 0.0355778 0.029349 0.0235119 0.0181758 0.013453 0.00944941 0.00623989 0.0038379
 0.00861951 0.0139933 0.0210383 0.0296663 0.0395526 0.0499868 0.0598452 0.0678653 0.0731094 0.0752702 0.0746176 0.0717195 0.0671888 0.0615675 0.0552991 0.0487271 0.0421043 0.0356128 0.0293898 0.0235516 0.0182108 0.0134821 0.0094729 0.00625809 0.00385114
 0.00861951 0.0139933 0.0210383 0.0296663 0.0395526 0.0499868 0.0598452 0.0678653 0.0731094 0.0752702 0.0746176 0.0717195 0.0671888 0.0615675 0.0552991 0.0487271 0.0421043 0.0356128 0.0293898 0.0235516 0.0182108 0.0134821 0.0094729 0.00625809 0.00385114
 0.00882535 0.0143204 0.0215146 0.0303078 0.0403543 0.0509117 0.0608171 0.0687742 0.0738346 0.0757135 0.0747288 0.0715038 0.0666982 0.0608819 0.0545073 0.0479113 0.0413296 0.0349222 0.0288054 0.0230794 0.0178459 0.0132135 0.00928585 0.00613612 0.00377736
 0.00881878 0.0143339 0.0215797 0.0304687 0.0406566 0.051384 0.0614531 0.0695259 0.0746192 0.0764306 0.0752817 0.0718191 0.0667398 0.0606575 0.0540636 0.0473206 0.0406717 0.0342689 0.0282105 0.0225749 0.0174444 0.0129128 0.0090744 0.00599716 0.00369264
 0.00885456 0.0143847 0.0216441 0.0305449 0.0407484 0.0515074 0.0616377 0.0698056 0.0750138 0.0769271 0.075827 0.0723299 0.0671263 0.06085 0.0540309 0.0470756 0.0402634 0.0337667 0.0276854 0.0220855 0.0170288 0.0125877 0.00883922 0.00583977 0.00359549
 0.00907879 0.014739 0.0221562 0.0312284 0.0415938 0.0524734 0.0626462 0.070752 0.0757941 0.0774686 0.0761048 0.0723589 0.0669382 0.0604736 0.0534877 0.0463877 0.0394649 0.0329081 0.0268288 0.0212923 0.0163474 0.0120451 0.00843925 0.00556761 0.00342514
 0.00843995 0.0137514 0.0207697 0.0294433 0.0394748 0.0501608 0.0603601 0.0687696 0.0743912 0.076844 0.0763255 0.0733533 0.0685306 0.0624356 0.0555843 0.0484127 0.0412646 0.0343931 0.0279732 0.0221205 0.0169137 0.0124133 0.00866819 0.00570395 0.00350266
 0.00826816 0.0134015 0.020116 0.0283351 0.037785 0.0478593 0.0575748 0.0657936 0.0716197 0.0746708 0.0750466 0.0731106 0.0693009 0.0640547 0.0577941 0.0509172 0.0437849 0.0367081 0.0299411 0.0236811 0.0180742 0.0132254 0.00920376 0.0060367 0.00369678
 0.00878352 0.0142094 0.0212666 0.0298289 0.0395432 0.0496949 0.0591897 0.0668316 0.071781 0.0738391 0.0733545 0.0709001 0.067003 0.0620521 0.0563275 0.0500574 0.04346 0.0367622 0.0301982 0.023994 0.0183494 0.0134236 0.00932501 0.00610015 0.00372494
 0.00906661 0.0147228 0.0221339 0.0311879 0.0414997 0.0522526 0.0621868 0.0699264 0.0745098 0.0757312 0.0740622 0.0702989 0.0652285 0.0594593 0.0533823 0.0472028 0.0410096 0.0348583 0.0288334 0.0230711 0.0177439 0.0130276 0.00906321 0.00592724 0.00361408
 0.00848215 0.0138241 0.0208862 0.0296167 0.0397123 0.0504532 0.060669 0.0690192 0.0744699 0.0766253 0.0757085 0.0723155 0.0671702 0.0609749 0.0543185 0.047615 0.0410894 0.0348239 0.0288407 0.0231789 0.0179326 0.0132427 0.00925516 0.00607019 0.00370571
#pred catch len freq
 0.00308607 0.00504184 0.00766795 0.0110278 0.01517 0.0200738 0.0255906 0.0314428 0.0372854 0.0427774 0.047631 0.0516458 0.0547336 0.0569185 0.0583086 0.0590609 0.0593565 0.0593662 0.0591719 0.0586356 0.0572948 0.0544273 0.0493716 0.0419854 0.0329289
 0.00335092 0.00539905 0.00807201 0.0113962 0.0154129 0.0201366 0.0254825 0.0312296 0.0370482 0.042568 0.0474526 0.0514723 0.0545491 0.0567493 0.0582257 0.0591497 0.0596676 0.0598719 0.0597513 0.0591044 0.057475 0.0542253 0.0488219 0.0412322 0.0321558
 0.00340908 0.00554345 0.00837509 0.0119393 0.0162455 0.0212253 0.0266835 0.0323199 0.0378125 0.0428909 0.047356 0.0510759 0.0539951 0.0561481 0.0576492 0.058653 0.0592996 0.0596563 0.0596548 0.059026 0.0572792 0.0538081 0.0481699 0.0404328 0.0313513
 0.0035526 0.00575419 0.00865692 0.0122984 0.0167098 0.0218598 0.0275791 0.033542 0.0393282 0.0445257 0.0488278 0.0521027 0.0544126 0.0559623 0.0570013 0.0577377 0.0582928 0.058677 0.0587514 0.0581791 0.056424 0.0528809 0.0471577 0.0393943 0.0303918
 0.003751 0.00607165 0.00912348 0.0129346 0.0175196 0.0228255 0.0286643 0.0347077 0.0405536 0.0458095 0.0501532 0.0533868 0.0554874 0.0566221 0.0570944 0.0572375 0.0573021 0.0573692 0.0572938 0.0566819 0.0549339 0.051412 0.0457342 0.0380746 0.0292561
 0.0039287 0.00636321 0.00956832 0.0135737 0.0183904 0.0239508 0.0300367 0.0362776 0.0422308 0.0474808 0.0517102 0.0547447 0.0565809 0.0573813 0.0574283 0.0570528 0.0565503 0.0560857 0.0555957 0.0547267 0.0528742 0.0493744 0.0438255 0.036391 0.0278771
 0.00413316 0.00668824 0.0100454 0.0142315 0.0192552 0.0250446 0.0313697 0.037837 0.04397 0.0493143 0.0535186 0.0563919 0.0579382 0.0583456 0.0579244 0.0570239 0.0559543 0.0549111 0.0538871 0.0525976 0.0504943 0.0469399 0.0415268 0.0343865 0.0262709
 0.00433083 0.00701389 0.010544 0.014949 0.0202318 0.0263022 0.0328996 0.0395936 0.0458761 0.0512731 0.0554235 0.0581317 0.0594004 0.0594229 0.0585235 0.0570717 0.055402 0.0537392 0.0521194 0.0503205 0.0478671 0.0441827 0.0388831 0.0320717 0.0244263
 0.0045326 0.00733864 0.0110284 0.0156299 0.0211449 0.0274773 0.0343501 0.0413031 0.0477886 0.0532923 0.0574236 0.0599759 0.0609608 0.0605923 0.0592167 0.0572206 0.054953 0.0526595 0.0504139 0.0480553 0.0451881 0.0413129 0.0360886 0.0296017 0.0224512
 0.00474504 0.00768682 0.0115583 0.0163878 0.0221708 0.0287939 0.0359494 0.0431396 0.0497831 0.0553428 0.0594161 0.0617924 0.0624869 0.0617249 0.0598707 0.0573302 0.0544692 0.0515516 0.0486815 0.045752 0.0424468 0.0383516 0.0331808 0.0270142 0.0203735
 0.00505323 0.00817185 0.01226 0.0173369 0.0233887 0.0302904 0.0377138 0.0451292 0.0519161 0.0575024 0.0614645 0.0635923 0.0639204 0.0627046 0.0603379 0.0572458 0.053805 0.050289 0.0468234 0.0433479 0.0396198 0.03531 0.030194 0.0243516 0.0182313
 0.00530196 0.00858792 0.0129078 0.0182834 0.0246899 0.0319688 0.0397375 0.0474048 0.0543035 0.0598423 0.0636038 0.0653986 0.0652888 0.0635606 0.0606372 0.0569685 0.0529468 0.0488552 0.0448344 0.0408596 0.0367511 0.0322572 0.0272124 0.0216994 0.0160984
 0.0055044 0.00891815 0.0134094 0.0190046 0.0256818 0.0332791 0.0413935 0.0493926 0.0565491 0.0622067 0.0658995 0.0674246 0.0668722 0.0645848 0.0610466 0.0567548 0.052128 0.0474617 0.042909 0.0384724 0.0340228 0.0293727 0.0244065 0.0192085 0.0140966
