SBPRF35
9.639
Curr Bio
623735
B35
748715
F35
0.18991
FOFL
0.15429
OFL
76516.9
Bzero
2.754e+006
#pred survey bio
 4.37702e+006 4.18283e+006 3.98848e+006 3.74443e+006 3.45968e+006 3.1565e+006 2.87839e+006 2.5599e+006 2.26964e+006 1.98216e+006 1.72568e+006 1.51001e+006 1.33794e+006 1.18443e+006 1.04636e+006 927185 835513 770588 712028 675018 646105 620105 599464 588306 593556 594596 583962 581498 587762 589099 591024 591677 581648 578548 560810 550027 540075 538535 545004 542936 558472 559925 562577 573972 586754 590447 597077 597458 607851 611694 616464 604968 595825 579922 544138 592417 643609 629942 589869 628573 2.16848e+007 1.31004e+007 1.34288e+007 1.42489e+007 1.53584e+007 1.65374e+007 1.76378e+007 1.85852e+007 1.93585e+007 1.99669e+007 2.04337e+007 2.07859e+007 2.10488e+007 2.12437e+007 2.13879e+007 2.14946e+007 2.15736e+007 2.16324e+007 2.16763e+007 2.17093e+007 2.17341e+007 2.1753e+007 2.17674e+007 2.17785e+007 2.1787e+007 2.17935e+007 2.17986e+007 2.18026e+007 2.18057e+007 2.18081e+007 2.181e+007 2.18115e+007 2.18126e+007 2.18135e+007 2.18143e+007 2.18149e+007 2.18153e+007 2.18157e+007 2.1816e+007 2.18162e+007 2.18164e+007 2.18165e+007 2.18166e+007 2.18167e+007 2.18168e+007 2.18168e+007 2.18169e+007 2.18169e+007 2.18169e+007 2.1817e+007 2.1817e+007 2.1817e+007 2.1817e+007 2.1817e+007 2.1817e+007 2.1817e+007 2.1817e+007 2.1817e+007 2.1817e+007 2.1817e+007 2.1817e+007 2.1817e+007 2.18171e+007 2.18171e+007 2.18171e+007 2.18171e+007 2.18171e+007 2.18171e+007 2.18171e+007 2.18171e+007 2.18171e+007 2.18171e+007 2.18171e+007 2.18171e+007 2.18171e+007 2.18171e+007 2.18171e+007 2.18171e+007 2.18171e+007 2.18171e+007 2.18171e+007 2.18171e+007 2.18171e+007 2.18171e+007 2.18171e+007 2.18171e+007 2.18171e+007 2.18171e+007 2.18171e+007 2.18171e+007 2.18171e+007 2.18171e+007 2.18171e+007 2.18171e+007 2.18171e+007 2.18171e+007 2.18171e+007 2.18171e+007 2.18171e+007 2.18171e+007 0 0 0 0 0 0 0 0 0 0 0 0 0 0 0 0 0 0 0 0 0 0 0 0 0
#obs survey bio
 3.32651e+006 3.05483e+006 4.1413e+006 3.60098e+006 3.10207e+006 3.0422e+006 2.42286e+006 2.20898e+006 1.46396e+006 1.98796e+006 1.09723e+006 1.17438e+006 1.23414e+006 844526 1.1949e+006 632709 821733 679331 740793 898454 632518 521513 565971 495216 532665 621656 631131 583182 421811 611654 457890 582175 563994 495397 546937 895273 536413 480677 570160 537727 651758 597854 510400 570301 549351 517820 667367 889336 587048 853580 628383 709217 695422 565589 485846 558083 530787 378747 548305 575821
#pred catch bio
 107935 109560 162401 214099 250537 249607 308922 304818 321387 309906 287322 259954 251680 242289 226673 201648 176207 167200 145035 135073 130042 123369 113904 99867.2 103238 111316 102340 93886.3 96909.7 94662.1 93739.1 99892.5 90860.8 99965 90365.8 88169.8 83335.7 80858.2 91130.1 78595.9 92560.4 92633.7 86889.5 87919.6 97150 95042.2 99281.3 89467 94031.6 92234.1 105009 102339 107939 123964 54930.6 56637.6 111644 132363 66997.1 106411 76516.9 93167.9 94446.3 98992.8 106133 113987 121296 127484 132411 136166 138937 140935 142347 143331 144009 144472 144786 144998 145139 145234 145297 145339 145367 145385 145398 145406 145411 145414 145417 145418 145419 145420 145420 145421 145421 145421 145421 145421 145421 145421 145421 145421 145421 145421 145421 145421 145421 145421 145421 145421 145421 145421 145421 145421 145421 145421 145421 145421 145421 145421 145421 145421 145421 145421 145421 145421 145421 145421 145421 145421 145421 145421 145421 145421 145421 145421 145421 145421 145421 145421 145421 145421 145421 145421 145421 145421 145421 145421 145421 145421 145421 145421 145421 145421 145421 145421 145421 145421 145421 145421 0 0 0 0 0 0 0 0 0 0 0 0 0 0 0 0 0 0 0 0 0 0 0 0 0
#obs catch bio
 0 109366 162836 214986 252378 250654 312425 307506 324437 312390 290676 264117 256908 248373 231059 206872 179675 170479 147471 136473 131777 125421 115736 101288 104885 112939 103498 94771.7 98093.3 95402.6 94357.8 100698 90803.2 100292 91018.9 88061.1 83185.6 80591.2 90914 77992.8 92321.2 92490.6 86857.1 87907.1 97557 95683.5 99674.1 88915.5 93657.1 91485.3 104213 101262 106309 123394 54456.1 56158.9 111176 133144 66398.4 106811
#pred cpue bio
 4.316e+006 4.12509e+006 3.93379e+006 3.6914e+006 3.40789e+006 3.10611e+006 2.82924e+006 2.51268e+006 2.22433e+006 1.93899e+006 1.6844e+006 1.47015e+006 1.29916e+006 1.14702e+006 1.01069e+006 893336 803304 739881 682961 647134 619168 593878 573779 562942 568096 569352 559371 557267 563612 565250 567539 568607 559349 556801 539939 529896 520006 517340 522617 520334 535386 536707 539138 550036 562277 565743 572347 573219 583793 587813 592641 581414 572239 556425 521160 567954 618542 605630 565775 602996 2.0844e+007 1.26222e+007 1.28562e+007 1.35442e+007 1.46006e+007 1.57654e+007 1.68626e+007 1.78094e+007 1.85825e+007 1.91909e+007 1.96577e+007 2.00099e+007 2.02728e+007 2.04677e+007 2.06119e+007 2.07186e+007 2.07976e+007 2.08564e+007 2.09003e+007 2.09333e+007 2.09581e+007 2.0977e+007 2.09914e+007 2.10025e+007 2.1011e+007 2.10175e+007 2.10226e+007 2.10266e+007 2.10297e+007 2.10321e+007 2.1034e+007 2.10355e+007 2.10366e+007 2.10376e+007 2.10383e+007 2.10389e+007 2.10393e+007 2.10397e+007 2.104e+007 2.10402e+007 2.10404e+007 2.10405e+007 2.10406e+007 2.10407e+007 2.10408e+007 2.10408e+007 2.10409e+007 2.10409e+007 2.1041e+007 2.1041e+007 2.1041e+007 2.1041e+007 2.1041e+007 2.1041e+007 2.1041e+007 2.1041e+007 2.1041e+007 2.1041e+007 2.1041e+007 2.10411e+007 2.10411e+007 2.10411e+007 2.10411e+007 2.10411e+007 2.10411e+007 2.10411e+007 2.10411e+007 2.10411e+007 2.10411e+007 2.10411e+007 2.10411e+007 2.10411e+007 2.10411e+007 2.10411e+007 2.10411e+007 2.10411e+007 2.10411e+007 2.10411e+007 2.10411e+007 2.10411e+007 2.10411e+007 2.10411e+007 2.10411e+007 2.10411e+007 2.10411e+007 2.10411e+007 2.10411e+007 2.10411e+007 2.10411e+007 2.10411e+007 2.10411e+007 2.10411e+007 2.10411e+007 2.10411e+007 2.10411e+007 2.10411e+007 2.10411e+007 2.10411e+007 2.10411e+007 2.10411e+007 0 0 0 0 0 0 0 0 0 0 0 0 0 0 0 0 0 0 0 0 0 0 0 0 0
#obs cpue bio
 3.13456e+006 3.96535e+006 3.49939e+006 3.10053e+006 2.4247e+006 3.40892e+006 2.44876e+006 2.93363e+006 3.70568e+006 1.99375e+006 1.74452e+006 1.06835e+006 890181 993947 973398 628410 755853 694857 505180 583584 441545 450030 470289 465393 486380 584350 464411 471160 604160 629500 691039 556811 866352 592943 316008 667296 547586 630652 608150 651117 403121 454882 502797 534743 472713 435980 698142 769506 610053 584042 692276 635948 774162 480952 471619 736415 892117 593986 667903 632251
#pred surv len freq
 0.00452411 0.00740232 0.011249 0.0160844 0.0218186 0.0281647 0.0346127 0.040557 0.0455216 0.0493117 0.0519962 0.053784 0.0549088 0.0555668 0.0558907 0.0559416 0.0557191 0.0551725 0.0541914 0.0525657 0.0499592 0.0459777 0.0403729 0.0332962 0.025411
 0.00465949 0.00755107 0.0113453 0.0160344 0.0215391 0.027637 0.0339158 0.039849 0.0449707 0.049015 0.0519384 0.0538588 0.0549857 0.0555621 0.0558063 0.0558606 0.0557608 0.0554306 0.0546806 0.0532045 0.0506013 0.0464771 0.0406468 0.0333508 0.0253186
 0.00488682 0.00791006 0.01186 0.0167045 0.0223234 0.0284389 0.0345883 0.0402345 0.0449683 0.0486384 0.0513154 0.0531651 0.0543554 0.0550385 0.0553613 0.0554558 0.0553991 0.05516 0.0545536 0.0532287 0.0507193 0.0465929 0.0406781 0.0332694 0.0251543
 0.00508192 0.00823509 0.0123634 0.017435 0.0233169 0.0296963 0.0360504 0.0417676 0.046377 0.0497089 0.0518808 0.0531633 0.0538483 0.0541763 0.0543131 0.0543511 0.0543136 0.0541372 0.053628 0.0524256 0.0500401 0.0460111 0.0401579 0.0327921 0.0247288
 0.00528365 0.00856232 0.0128557 0.0181317 0.0242531 0.0308946 0.0375068 0.0434372 0.048163 0.0514617 0.0534092 0.0542671 0.0543686 0.0540459 0.0535784 0.0531503 0.0528231 0.0525202 0.0520085 0.0508866 0.0486327 0.0447628 0.0390817 0.031896 0.024019
 0.00552289 0.00894449 0.0134187 0.0189076 0.0252643 0.0321477 0.0389848 0.0450951 0.0499313 0.0532505 0.0551093 0.0557457 0.0554725 0.0546237 0.0535205 0.0524293 0.0515097 0.0507637 0.0499932 0.0487901 0.046601 0.0429046 0.0374726 0.0305816 0.023015
 0.00570962 0.00925364 0.0138944 0.0195945 0.0261993 0.033346 0.0404269 0.0467239 0.0516619 0.0549892 0.0567663 0.0572357 0.0567043 0.0554914 0.0539076 0.0522332 0.0506789 0.0493286 0.0480721 0.0465654 0.0442799 0.0406815 0.0355022 0.028964 0.0217897
 0.00596693 0.00966679 0.0145071 0.0204456 0.0273173 0.0347401 0.0420751 0.0485656 0.0536023 0.0569134 0.0585578 0.0587903 0.0579365 0.0563297 0.0542851 0.0520806 0.0499349 0.0479668 0.0461341 0.0441793 0.0416495 0.0380484 0.0330955 0.0269534 0.0202579
 0.0062409 0.0101049 0.015153 0.0213355 0.0284746 0.0361661 0.0437392 0.0504014 0.0555155 0.0587978 0.0603095 0.0603156 0.0591537 0.0571687 0.0546848 0.051985 0.0492926 0.0467423 0.0443336 0.041881 0.0390189 0.0353219 0.0305304 0.0247649 0.0185682
 0.00660061 0.0106749 0.0159833 0.0224624 0.029914 0.0379041 0.045721 0.0525287 0.0576594 0.0608228 0.0620967 0.0617739 0.0602202 0.0578018 0.0548544 0.0516644 0.0484538 0.0453623 0.0424141 0.0394784 0.0362705 0.0324456 0.027787 0.0223914 0.0167143
 0.00701543 0.0113307 0.0169351 0.0237482 0.0315471 0.0398628 0.0479366 0.0548828 0.0599989 0.0629885 0.0639504 0.0632141 0.0611846 0.0582611 0.0548022 0.0511042 0.0473891 0.0437952 0.0403583 0.0369863 0.0334618 0.0295169 0.0249847 0.0199511 0.0147939
 0.00737078 0.0119064 0.0177971 0.0249546 0.0331348 0.0418277 0.050214 0.0573432 0.062468 0.0652826 0.0659097 0.0647205 0.0621653 0.0586842 0.0546671 0.0504299 0.0462028 0.0421255 0.0382412 0.0344842 0.0306886 0.0266513 0.0222509 0.0175677 0.0129118
 0.00762121 0.0123166 0.0184209 0.0258454 0.0343373 0.0433627 0.0520606 0.0594286 0.0646709 0.067451 0.0678831 0.0663522 0.0633398 0.0593278 0.0547488 0.0499542 0.0451972 0.0406312 0.0363113 0.0321946 0.0281551 0.0240393 0.0197615 0.0153958 0.0111928
 0.00781431 0.0126384 0.01892 0.0265729 0.0353372 0.0446566 0.0536323 0.0612165 0.0665758 0.0693522 0.0696547 0.0678737 0.0645041 0.0600491 0.0549703 0.0496519 0.0443784 0.0393296 0.0345842 0.0301256 0.0258631 0.0216818 0.0175214 0.0134455 0.00965046
 0.00804852 0.0130091 0.0194599 0.0273074 0.0362825 0.0458152 0.0549857 0.0627196 0.0681572 0.0709218 0.0711148 0.0691294 0.0654713 0.0606591 0.0551728 0.0494165 0.0436962 0.0382157 0.033081 0.0283078 0.0238419 0.0196033 0.0155503 0.0117336 0.0082994
 0.00821803 0.013294 0.0199051 0.0279583 0.0371729 0.0469502 0.0563265 0.064183 0.0696343 0.0723054 0.0723195 0.0700967 0.0661627 0.0610472 0.0552361 0.0491382 0.0430675 0.0372411 0.0317859 0.0267476 0.0221083 0.0178214 0.0138627 0.0102706 0.00714699
 0.00829562 0.0134255 0.0201141 0.0282731 0.0376238 0.0475633 0.0571141 0.0651336 0.0707067 0.0734294 0.0734061 0.0710549 0.0669171 0.0615476 0.0554563 0.049068 0.0427047 0.0365899 0.0308631 0.0255924 0.0207907 0.0164424 0.0125405 0.00911505 0.00623211
 0.00834589 0.0134995 0.0202118 0.0283922 0.0377641 0.0477325 0.0573312 0.065427 0.0711045 0.0739473 0.0740352 0.0717566 0.0676269 0.0621882 0.0559532 0.0493625 0.0427591 0.0363875 0.0304075 0.0249103 0.0199359 0.0154957 0.0115992 0.00827231 0.00555392
 0.00842729 0.0136283 0.0203984 0.0286418 0.0380742 0.0480893 0.0577096 0.0657953 0.0714361 0.0742326 0.0742852 0.0719944 0.0678707 0.0624363 0.0561791 0.0495212 0.0428006 0.0362706 0.0301104 0.0244369 0.0193189 0.0147943 0.0108891 0.00762841 0.00503098
 0.0085312 0.0137731 0.0205722 0.02882 0.0382278 0.0481985 0.0577724 0.065827 0.0714598 0.0742683 0.0743454 0.0720854 0.0679972 0.0626 0.0563732 0.0497233 0.0429722 0.036365 0.0300859 0.0242711 0.0190179 0.0143935 0.010445 0.0072025 0.00467211
 0.00865628 0.013964 0.020835 0.0291485 0.0386013 0.0485812 0.0581164 0.0660816 0.0715876 0.0742606 0.0742268 0.0719039 0.0678048 0.0624372 0.0562611 0.0496629 0.0429467 0.0363435 0.0300313 0.0241515 0.0188189 0.0141253 0.0101393 0.00690142 0.00441295
 0.00872273 0.0140774 0.021015 0.0294147 0.0389661 0.0490396 0.0586374 0.0666072 0.0720444 0.0745796 0.0743636 0.0718511 0.0675921 0.0621204 0.0559036 0.0493178 0.0426446 0.0360898 0.0298115 0.0239415 0.018598 0.0138866 0.00989265 0.006668 0.00421482
 0.00879785 0.0141884 0.021162 0.0295928 0.0391695 0.0492669 0.0588925 0.0668944 0.0723584 0.0748966 0.0746414 0.0720403 0.0676539 0.0620419 0.0557031 0.0490369 0.0423323 0.0357859 0.0295365 0.0236973 0.018376 0.0136781 0.00969669 0.00649178 0.00406858
 0.00884061 0.0142518 0.0212461 0.0296928 0.039277 0.0493718 0.0589861 0.0669731 0.0724266 0.0749661 0.0747255 0.0721434 0.0677639 0.0621323 0.0557441 0.0490105 0.0422402 0.0356465 0.0293745 0.0235325 0.0182185 0.0135312 0.0095619 0.00637274 0.00397036
 0.00867471 0.0140067 0.0209229 0.0293092 0.0388628 0.0489612 0.0586122 0.0666654 0.072211 0.0748643 0.0747522 0.072303 0.0680471 0.0625123 0.0561786 0.0494489 0.0426361 0.0359692 0.029613 0.0236919 0.0183123 0.0135744 0.00956901 0.0063572 0.00394444
 0.00854726 0.0138053 0.0206319 0.0289212 0.0383839 0.0484169 0.0580501 0.0661504 0.0718092 0.0746244 0.0746939 0.0724183 0.0683102 0.0628903 0.0566353 0.0499454 0.043131 0.0364233 0.0299965 0.0239896 0.0185237 0.0137102 0.00964555 0.00639221 0.00395415
 0.00857249 0.0138351 0.0206558 0.0289214 0.0383389 0.0483079 0.0578683 0.0659022 0.0715174 0.0743254 0.0744301 0.072228 0.0682185 0.0629045 0.0567466 0.0501332 0.0433681 0.0366793 0.0302417 0.0242001 0.0186855 0.0138205 0.00971073 0.00642386 0.00396473
 0.00856636 0.0138208 0.0206257 0.0288651 0.0382443 0.048164 0.0576691 0.0656497 0.0712239 0.0740142 0.074134 0.0719848 0.0680635 0.0628619 0.0568234 0.0503177 0.0436335 0.0369902 0.0305609 0.0244949 0.0189325 0.0140083 0.00983979 0.00650334 0.00400801
 0.00841818 0.0136 0.0203308 0.0285075 0.0378449 0.0477469 0.0572573 0.0652639 0.0708834 0.0737371 0.0739368 0.0718817 0.0680658 0.0629764 0.0570499 0.050646 0.0440414 0.0374452 0.0310246 0.0249296 0.0193078 0.0143063 0.0100567 0.00664727 0.00409463
 0.00831763 0.0134383 0.0200918 0.0281802 0.0374287 0.0472587 0.0567346 0.0647608 0.0704569 0.073429 0.0737643 0.0718392 0.0681361 0.0631419 0.0572979 0.050967 0.0444243 0.0378719 0.031469 0.0253602 0.0196941 0.0146256 0.0102985 0.0068143 0.00419936
 0.00821903 0.0132821 0.0198642 0.0278713 0.0370341 0.0467827 0.0561953 0.064193 0.0699107 0.072962 0.0734292 0.0716718 0.0681469 0.0633168 0.0576062 0.0513726 0.0448934 0.0383748 0.0319779 0.0258471 0.0201318 0.0149919 0.0105816 0.00701482 0.00432862
 0.00803021 0.0130007 0.0194882 0.0274148 0.036523 0.0462461 0.0556602 0.0636836 0.0694506 0.0725763 0.0731446 0.0715146 0.0681382 0.0634661 0.0579062 0.0517992 0.0454101 0.0389407 0.0325531 0.0263957 0.0206238 0.0154049 0.0109035 0.00724577 0.00448001
 0.00802951 0.012978 0.0194156 0.0272561 0.036247 0.0458446 0.0551609 0.0631462 0.0689459 0.0721607 0.0728454 0.0713333 0.0680656 0.0634955 0.0580368 0.0520306 0.0457344 0.0393381 0.0329935 0.0268436 0.0210447 0.0157707 0.0111968 0.00746152 0.00462469
 0.00788986 0.0127744 0.0191511 0.0269449 0.035905 0.0454787 0.0547648 0.0627097 0.0684728 0.0716831 0.0724213 0.0710271 0.0679239 0.0635329 0.058239 0.0523673 0.0461714 0.0398418 0.0335299 0.0273776 0.0215414 0.0162006 0.0115411 0.00771509 0.00479532
 0.00783414 0.012687 0.0190263 0.0267819 0.0357101 0.0452669 0.0545575 0.0625274 0.0683235 0.0715563 0.0722943 0.0708826 0.0677664 0.0633916 0.058154 0.0523714 0.0462783 0.0400449 0.0338075 0.0276991 0.0218727 0.0165098 0.0118032 0.00791695 0.00493605
 0.0083978 0.0134605 0.0199271 0.0276462 0.0363415 0.0455126 0.0543698 0.0619744 0.0675495 0.0707191 0.0715158 0.0702281 0.067251 0.0630023 0.0578734 0.0521907 0.0461975 0.0400641 0.0339177 0.0278795 0.0220932 0.0167375 0.0120099 0.00808398 0.00505685
 0.00907828 0.0145194 0.0214234 0.0295788 0.0386229 0.0479458 0.0566479 0.0637326 0.0684733 0.0706629 0.0705573 0.0686232 0.065322 0.0610284 0.0560367 0.0505804 0.0448428 0.038966 0.0330657 0.0272544 0.0216662 0.0164706 0.0118606 0.0080118 0.00502875
 0.0090508 0.0145721 0.021681 0.0302133 0.0398028 0.0497561 0.059017 0.0664086 0.0710694 0.0727559 0.0718021 0.0688458 0.0645587 0.0594974 0.0540535 0.0484574 0.0428186 0.0371836 0.031588 0.0260918 0.0207987 0.0158602 0.011459 0.00776681 0.00489129
 0.00877823 0.0141646 0.0211413 0.0295861 0.0391873 0.0493096 0.0589388 0.0668901 0.0722126 0.0744942 0.0738769 0.0708679 0.0661347 0.0603598 0.0541335 0.0478752 0.0418088 0.0360014 0.0304388 0.0251022 0.0200222 0.0152983 0.0110829 0.00753474 0.00476004
 0.00883986 0.0142252 0.0211605 0.0295061 0.0389535 0.0489051 0.0584142 0.0663732 0.0718846 0.0745368 0.0744031 0.0718623 0.0674322 0.0616845 0.0551907 0.0484554 0.0418531 0.0355979 0.0297634 0.0243428 0.0193222 0.0147362 0.0106792 0.00727248 0.00460532
 0.00875808 0.0141054 0.0210025 0.0293123 0.0387214 0.0486191 0.0580478 0.0659066 0.0713353 0.0739844 0.0739874 0.0717424 0.0677193 0.0623798 0.0561656 0.0494913 0.0427235 0.0361524 0.0299698 0.0242716 0.0190945 0.0144666 0.0104434 0.00710143 0.00449826
 0.00879699 0.014166 0.0210888 0.0294262 0.0388619 0.04878 0.0582138 0.066049 0.0714127 0.0739541 0.073828 0.0714782 0.0674281 0.0621702 0.0561264 0.0496417 0.042998 0.0364323 0.0301432 0.0242844 0.0189632 0.0142541 0.0102198 0.00691517 0.00436773
 0.00886723 0.0142699 0.0212261 0.0295901 0.039041 0.0489618 0.0583869 0.066203 0.0715357 0.0740306 0.0738387 0.0714066 0.0672723 0.0619549 0.0559036 0.0494723 0.0429203 0.0364392 0.0301861 0.0243029 0.0189193 0.0141483 0.0100815 0.00678054 0.00426129
 0.00887378 0.0142801 0.0212403 0.0296079 0.039061 0.0489811 0.0584021 0.0662112 0.0715367 0.0740272 0.0738352 0.0714043 0.0672672 0.0619401 0.055877 0.0494431 0.0429067 0.0364558 0.030231 0.0243551 0.0189514 0.0141434 0.0100418 0.00672259 0.00420411
 0.00878954 0.0141616 0.0210961 0.0294576 0.0389292 0.0488889 0.0583594 0.0662154 0.0715766 0.074089 0.0739074 0.0714797 0.067342 0.0620116 0.0559427 0.0495014 0.0429592 0.0365074 0.030285 0.0244091 0.0189959 0.0141683 0.0100431 0.00670542 0.00417863
 0.00860367 0.0138976 0.0207703 0.0291104 0.038616 0.0486633 0.0582576 0.066249 0.0717323 0.074334 0.0741971 0.0717684 0.0675937 0.0622068 0.0560786 0.0495869 0.0430084 0.0365345 0.0303015 0.0244213 0.0190049 0.0141714 0.010038 0.00669254 0.00416172
 0.00836182 0.0135223 0.020241 0.0284265 0.037804 0.0477832 0.0574044 0.0655406 0.0712801 0.0742068 0.0743988 0.0722408 0.0682413 0.062928 0.0567897 0.050233 0.0435631 0.0369926 0.0306695 0.0247101 0.019225 0.0143318 0.0101471 0.00676005 0.00419855
 0.00837246 0.0135064 0.0201563 0.028215 0.037409 0.0471758 0.0566082 0.0646379 0.0703961 0.0734776 0.0739371 0.0721089 0.0684387 0.0633969 0.0574351 0.0509515 0.0442673 0.0376243 0.0312003 0.0251339 0.0195487 0.0145677 0.0103098 0.00686466 0.00426023
 0.00832803 0.0134367 0.0200542 0.02807 0.037203 0.0468805 0.0561891 0.0640696 0.0696846 0.0726793 0.0731583 0.071482 0.0680815 0.0633748 0.0577428 0.0515203 0.0449916 0.0383941 0.0319266 0.0257603 0.0200504 0.0149441 0.0105744 0.00703818 0.00436559
 0.00831518 0.0134165 0.020025 0.0280305 0.0371512 0.0468125 0.0560963 0.0639358 0.0694865 0.0723925 0.0727728 0.0710196 0.0676045 0.0629745 0.0575101 0.0515112 0.0452069 0.0387822 0.0324066 0.0262501 0.020488 0.0152957 0.0108321 0.00721144 0.00447242
 0.00838693 0.0135119 0.0201295 0.0281179 0.0371915 0.0467837 0.0559938 0.0637725 0.0692837 0.0721677 0.0725317 0.0707582 0.0673208 0.0626832 0.0572497 0.0513358 0.045165 0.0388934 0.032651 0.0265762 0.0208335 0.015608 0.0110806 0.00738809 0.00458556
 0.00854311 0.0137627 0.0204988 0.0286198 0.0378208 0.0475041 0.056732 0.0644274 0.0697525 0.0723786 0.0724631 0.0704359 0.0667994 0.0620278 0.0565273 0.0506149 0.0445128 0.0383674 0.0322844 0.026369 0.0207556 0.0156135 0.0111245 0.00743852 0.0046262
 0.00863646 0.0139141 0.0207262 0.0289402 0.0382471 0.0480392 0.0573606 0.0651084 0.0704185 0.0729441 0.0728424 0.0705655 0.066656 0.0616335 0.055941 0.0499158 0.0437851 0.0376874 0.0317112 0.0259359 0.0204665 0.0154469 0.0110452 0.00741056 0.00462221
 0.00877925 0.0141382 0.0210484 0.0293704 0.0387861 0.0486767 0.058071 0.0658503 0.0711372 0.0735782 0.0733301 0.0708505 0.0666948 0.0614063 0.055461 0.0492321 0.0429747 0.0368405 0.0309128 0.0252514 0.0199315 0.0150664 0.0107995 0.00726678 0.00454595
 0.00892154 0.0143897 0.0214628 0.0300052 0.0396843 0.0498389 0.059434 0.0672869 0.0724855 0.0746841 0.0740827 0.0711946 0.066625 0.060953 0.054679 0.0481949 0.0417711 0.03557 0.0296762 0.0241368 0.0190016 0.0143496 0.0102905 0.00693469 0.00434747
 0.00832453 0.0134635 0.020157 0.0283182 0.0376804 0.0476637 0.0573192 0.0655223 0.0713499 0.0743598 0.0745983 0.0724267 0.0683488 0.0629099 0.0566325 0.0499639 0.0432451 0.0367078 0.0304946 0.0246907 0.0193607 0.0145789 0.0104387 0.00703259 0.00441205
 0.00829937 0.0133377 0.0198127 0.0275991 0.0364382 0.0458315 0.0549757 0.0629082 0.0688208 0.0722969 0.0733139 0.0720941 0.0689714 0.0643331 0.0585935 0.0521622 0.0454092 0.03864 0.0320871 0.0259167 0.0202513 0.015195 0.0108475 0.00729339 0.00457135
 0.00880449 0.0141271 0.0209325 0.0290466 0.0381341 0.0475949 0.056522 0.0638997 0.0689755 0.0715091 0.0717175 0.0700247 0.0668475 0.0625196 0.0573068 0.0514442 0.045162 0.0386946 0.032273 0.0261091 0.0203871 0.0152626 0.0108645 0.00728477 0.00455609
 0.00877826 0.0141985 0.0212482 0.0298054 0.0395261 0.0497047 0.0592431 0.0669121 0.0718069 0.0736593 0.0727965 0.0698612 0.0655345 0.0603782 0.0547784 0.0489529 0.0430054 0.0370016 0.0310305 0.0252263 0.0197588 0.0148076 0.0105337 0.00705088 0.00440066
 0.00767555 0.0125365 0.0190009 0.0270643 0.0365101 0.0467521 0.0567802 0.0653782 0.0715266 0.0747065 0.0749335 0.0726051 0.0683273 0.0627738 0.0565608 0.0501438 0.0437795 0.0375673 0.0315357 0.0257259 0.0202365 0.0152214 0.0108527 0.00727 0.00453549
#obs surv len freq
 nan nan nan nan nan nan nan nan nan nan nan nan nan nan nan nan nan nan nan nan nan nan nan nan nan
 0.00448496 0.00734662 0.0111771 0.0159943 0.0216961 0.0279727 0.0342876 0.0400192 0.0446985 0.0481614 0.0505179 0.0520122 0.0529029 0.0534139 0.053727 0.0539811 0.054259 0.0545514 0.0546899 0.0542816 0.0527198 0.0493521 0.0438024 0.036283 0.0276674
 0.00461657 0.00756219 0.0115042 0.0164585 0.0223148 0.0287457 0.0351872 0.0409877 0.045656 0.0490217 0.0512046 0.05247 0.0531034 0.0533557 0.0534316 0.0534853 0.0536061 0.053784 0.0538471 0.0534004 0.0518389 0.0485147 0.0430531 0.0356597 0.027191
 0.00477983 0.00783012 0.0119121 0.0170409 0.0230984 0.0297385 0.0363667 0.0422955 0.0470042 0.0503068 0.0523235 0.0533326 0.0536419 0.0535312 0.0532371 0.0529434 0.0527626 0.0526986 0.0525866 0.0520355 0.0504453 0.0471736 0.041845 0.0346512 0.0264188
 0.00496824 0.0081391 0.0123822 0.0177118 0.0240018 0.030886 0.0377374 0.0438305 0.0486133 0.051883 0.0537578 0.0545237 0.0545018 0.0539915 0.0532548 0.0525062 0.0518906 0.0514424 0.0510228 0.0502626 0.0485797 0.0453436 0.0401775 0.0332498 0.0253418
 0.00518568 0.00849265 0.0129146 0.0184634 0.0250034 0.032148 0.0392374 0.0455083 0.0503775 0.0536271 0.0553741 0.0559121 0.0555729 0.0546678 0.053474 0.0522263 0.0510973 0.0501564 0.0493054 0.048218 0.0463524 0.0431059 0.0381059 0.0314913 0.023982
 0.00541258 0.0088656 0.0134834 0.0192766 0.026099 0.0335379 0.0408924 0.0473539 0.0523057 0.0555181 0.0571157 0.0574081 0.0567428 0.0554429 0.0537944 0.0520417 0.0503728 0.0488841 0.0475194 0.0460086 0.0438709 0.0405537 0.0357021 0.0294259 0.0223718
 0.00564204 0.00924187 0.014056 0.0200943 0.0272013 0.0349409 0.0425737 0.0492457 0.054303 0.0574974 0.0589546 0.0589987 0.057997 0.0562918 0.0541835 0.0519257 0.0497147 0.047663 0.0457485 0.0437575 0.0412816 0.037836 0.0330999 0.0271615 0.0205898
 0.00588711 0.00964147 0.0146597 0.0209493 0.028344 0.036383 0.0442882 0.0511616 0.0563146 0.0594838 0.0607983 0.0605958 0.0592607 0.0571525 0.0545864 0.0518273 0.0490801 0.0464696 0.0440006 0.0415101 0.0386629 0.0350509 0.0304002 0.0247871 0.0187048
 0.00612735 0.0100375 0.0152656 0.0218185 0.0295182 0.0378751 0.0460654 0.0531404 0.0583745 0.0614919 0.0626323 0.0621551 0.0604686 0.0579514 0.0549327 0.051686 0.0484219 0.0452739 0.0422688 0.0392885 0.0360674 0.032275 0.0276906 0.0223869 0.0167865
 0.0063693 0.0104329 0.0158647 0.02267 0.0306602 0.0393213 0.0477892 0.0550682 0.0603941 0.0634727 0.064446 0.0636915 0.0616427 0.0587048 0.055229 0.0515021 0.0477414 0.0440863 0.0405791 0.0371395 0.0335641 0.0295958 0.0250678 0.0200538 0.0149134
 0.00662623 0.0108526 0.0165 0.0235705 0.0318621 0.0408314 0.0495691 0.0570302 0.0624142 0.0654158 0.066188 0.0651315 0.0627056 0.0593397 0.0554059 0.0512069 0.0469696 0.0428403 0.0388748 0.0350232 0.0311347 0.0270171 0.0225532 0.0178193 0.013118
 0.00683929 0.0112075 0.0170496 0.0243691 0.0329537 0.0422316 0.0512472 0.0589028 0.0643585 0.0672936 0.0678705 0.0665137 0.0637121 0.0599232 0.0555423 0.0508889 0.0462002 0.0416309 0.0372494 0.0330319 0.0288725 0.0246335 0.0202393 0.0157679 0.0114708
 0.00707261 0.0115859 0.0176176 0.025168 0.0340145 0.0435628 0.0528214 0.0606506 0.0661744 0.0690536 0.0694512 0.0678079 0.0646385 0.0604307 0.0556083 0.0505132 0.0453969 0.0404231 0.0356714 0.0311397 0.0267582 0.0224335 0.018123 0.0139033 0.00997958
 0.00725597 0.0118926 0.0180949 0.0258639 0.0349669 0.0447823 0.0542758 0.0622613 0.067831 0.0706378 0.0708571 0.0689508 0.0654552 0.0608776 0.0556608 0.0501646 0.0446567 0.0393144 0.0342318 0.0294277 0.0248626 0.020478 0.0162556 0.0122676 0.00867696
 0.00742712 0.0121702 0.0185117 0.0264512 0.0357496 0.0457708 0.0554556 0.0635865 0.0692262 0.0720085 0.0721043 0.0699851 0.0662069 0.0613012 0.0557336 0.049882 0.0440272 0.0383586 0.0329844 0.0279434 0.0232233 0.0187941 0.0146556 0.0108726 0.00757047
 0.00751351 0.0123128 0.0187307 0.0267676 0.0361822 0.0463311 0.0561425 0.0643834 0.0701033 0.0729259 0.0730147 0.0708341 0.0669346 0.061847 0.0560443 0.0499187 0.0437694 0.0378055 0.0321558 0.0268828 0.022001 0.0175063 0.0134134 0.00977988 0.00669938
 0.00759139 0.0124326 0.0188986 0.0269862 0.0364518 0.0466521 0.0565154 0.0648083 0.0705774 0.0734421 0.0735599 0.0713875 0.0674659 0.0623163 0.0564041 0.0501193 0.0437672 0.0375716 0.0316838 0.0261942 0.0211476 0.0165672 0.0124828 0.00894764 0.00602902
 0.00766449 0.0125479 0.0190655 0.0272096 0.0367309 0.0469777 0.0568696 0.0651668 0.0709173 0.0737502 0.073836 0.0716407 0.0677054 0.0625416 0.0565996 0.0502544 0.0438023 0.0374672 0.0314129 0.0257529 0.0205622 0.0158934 0.0117948 0.00831994 0.0055168
 0.00773117 0.0126488 0.0192033 0.0273822 0.0369325 0.0472004 0.0571043 0.0654033 0.0711439 0.0739555 0.0740122 0.0717863 0.0678251 0.0626438 0.0566887 0.0503247 0.0438343 0.0374313 0.0312782 0.0255006 0.0201964 0.0154452 0.0113165 0.00786981 0.00514133
 0.00777767 0.0127213 0.0193062 0.027517 0.0370962 0.0473852 0.0572973 0.0655884 0.0713058 0.0740851 0.074108 0.0718534 0.0678717 0.0626773 0.0567143 0.0503429 0.0438384 0.0374057 0.0312017 0.0253536 0.0199719 0.0151561 0.0109948 0.00755671 0.00487341
 0.00781563 0.0127777 0.0193814 0.0276079 0.0371977 0.0474916 0.0574036 0.06569 0.0713985 0.0741645 0.0741711 0.0718993 0.0679025 0.0626973 0.056728 0.0503526 0.0438418 0.0373951 0.0311638 0.025274 0.0198417 0.0149788 0.0107881 0.00734796 0.00468935
 0.00785032 0.0128303 0.0194533 0.0276973 0.0372997 0.0475985 0.0575058 0.0657778 0.0714641 0.0742051 0.0741888 0.0719001 0.0678933 0.0626835 0.0567131 0.050338 0.0438267 0.0373753 0.0311315 0.0252197 0.0197578 0.0148647 0.010653 0.00720852 0.00456373
 0.00786873 0.0128587 0.0194933 0.027749 0.0373615 0.0476673 0.0575763 0.0658431 0.0715173 0.0742409 0.0742055 0.0719 0.0678813 0.062666 0.0566953 0.0503228 0.0438142 0.0373625 0.0311133 0.0251891 0.019709 0.014796 0.0105688 0.00711908 0.00448107
 0.00786645 0.012852 0.0194776 0.027719 0.0373129 0.0475997 0.0574955 0.0657606 0.0714473 0.0741955 0.0741914 0.0719174 0.0679257 0.0627303 0.0567721 0.0504053 0.0438963 0.0374383 0.0311765 0.0252337 0.0197303 0.0147925 0.010544 0.00708076 0.00443903
 0.00787314 0.0128574 0.0194756 0.0277004 0.0372678 0.047521 0.0573831 0.0656229 0.0713002 0.0740593 0.0740863 0.071859 0.0679212 0.0627777 0.0568614 0.0505221 0.0440256 0.0375666 0.0312927 0.0253295 0.0198 0.0148342 0.0105602 0.00707773 0.00442517
 0.00789701 0.0128929 0.0195224 0.0277552 0.0373234 0.0475673 0.0574074 0.065613 0.0712483 0.0739662 0.0739636 0.0717267 0.0678025 0.062692 0.0568196 0.050525 0.0440652 0.0376301 0.0313658 0.0253994 0.0198573 0.0148738 0.0105813 0.00708355 0.00442118
 0.00788214 0.0128692 0.0194879 0.0277082 0.0372639 0.0474965 0.0573286 0.0655309 0.0711677 0.0738908 0.073896 0.0716698 0.0677611 0.0626731 0.0568305 0.0505701 0.0441431 0.0377331 0.0314815 0.0255138 0.0199582 0.0149532 0.0106365 0.00711667 0.00443751
 0.00786943 0.0128459 0.019448 0.0276451 0.0371722 0.0473756 0.0571849 0.065378 0.0710231 0.0737711 0.0738121 0.071626 0.0677559 0.0627019 0.0568886 0.0506538 0.0442492 0.0378569 0.0316153 0.025647 0.0200797 0.015054 0.0107119 0.00716713 0.00446731
 0.00786203 0.01283 0.019417 0.0275905 0.0370853 0.0472512 0.0570247 0.065192 0.0708288 0.0735899 0.0736656 0.0715308 0.0677209 0.0627268 0.0569655 0.0507708 0.0443936 0.038017 0.0317806 0.0258073 0.0202251 0.0151762 0.0108063 0.00723332 0.00450911
 0.00784931 0.0128094 0.0193861 0.0275463 0.0370247 0.0471707 0.0569215 0.0650658 0.0706832 0.0734344 0.0735149 0.0714031 0.0676334 0.0626922 0.0569882 0.0508469 0.0445125 0.0381643 0.0319414 0.0259677 0.0203733 0.015303 0.0109062 0.00730535 0.00455619
 0.00781655 0.0127596 0.0193174 0.0274595 0.0369227 0.047058 0.0568034 0.0649481 0.0705712 0.0733321 0.0734255 0.0713304 0.067583 0.0626716 0.0570051 0.0509056 0.0446117 0.0382965 0.0320942 0.0261266 0.0205241 0.0154347 0.0110119 0.00738285 0.00460791
 0.0077819 0.0127003 0.0192231 0.0273201 0.036732 0.0468191 0.0565325 0.0646735 0.0703262 0.0731451 0.0733124 0.0712931 0.0676134 0.0627569 0.0571331 0.0510669 0.044799 0.0385022 0.0323087 0.0263379 0.0207194 0.0156028 0.0111458 0.00748101 0.0046736
 0.00776469 0.0126687 0.0191687 0.0272325 0.0366007 0.0466374 0.0563018 0.0644057 0.0700442 0.0728793 0.0730951 0.0711505 0.0675602 0.0627932 0.057247 0.0512395 0.0450105 0.0387351 0.0325481 0.0265704 0.0209326 0.0157862 0.0112925 0.00758912 0.00474651
 0.00773255 0.0126178 0.0190944 0.027131 0.0364693 0.0464746 0.0561087 0.0641873 0.0698106 0.0726458 0.0728818 0.0709804 0.067455 0.0627685 0.0573078 0.0513787 0.0452113 0.0389755 0.0328053 0.026824 0.0211659 0.0159868 0.0114529 0.00770758 0.00482671
 0.0093059 0.0148188 0.0217483 0.0298551 0.0387852 0.0479857 0.0566406 0.0638129 0.0687665 0.0712113 0.0712911 0.069393 0.0659661 0.0614319 0.0561523 0.0504168 0.0444416 0.038385 0.032372 0.0265215 0.0209665 0.015864 0.0113836 0.00767264 0.00481149
 0.00927056 0.0150524 0.0226129 0.031801 0.0421546 0.0527474 0.0622225 0.0691962 0.0728499 0.0732469 0.0711317 0.0674326 0.0628683 0.0578466 0.0525561 0.0470893 0.041515 0.035904 0.0303356 0.0249043 0.0197293 0.0149582 0.0107538 0.00726062 0.00456019
 0.00895148 0.0145482 0.0219024 0.0309304 0.0412906 0.0522145 0.0624638 0.0706151 0.0755665 0.0769177 0.0749933 0.0705917 0.0646761 0.0581235 0.0515607 0.0453063 0.0394278 0.033864 0.0285395 0.0234313 0.0185876 0.0141188 0.0101704 0.00687972 0.00432844
 0.0087984 0.0142894 0.0214949 0.0303307 0.0404708 0.051193 0.0613457 0.0696203 0.0750141 0.0771383 0.076179 0.072653 0.0672077 0.0605362 0.0533211 0.0461432 0.0393867 0.0332085 0.0275932 0.0224565 0.0177403 0.013461 0.00970292 0.00657281 0.00414218
 0.00873272 0.0141786 0.0213198 0.0300683 0.0400965 0.0506861 0.0606999 0.0688596 0.074212 0.0764325 0.0757638 0.0727301 0.0678961 0.0617826 0.0548766 0.0476437 0.0405034 0.0337766 0.0276451 0.0221581 0.0172898 0.0130123 0.00933888 0.00631627 0.00398087
 0.00868374 0.0141015 0.0212081 0.0299164 0.0398992 0.0504375 0.0603939 0.068492 0.0737853 0.0759655 0.0753044 0.0723652 0.067743 0.0619507 0.0554085 0.0484685 0.0414418 0.0346096 0.0282075 0.0223993 0.0172682 0.0128414 0.00912699 0.00613195 0.00385
 0.00867554 0.0140813 0.0211654 0.0298377 0.0397717 0.050255 0.0601609 0.0682223 0.0734966 0.0756729 0.0750194 0.0721032 0.067535 0.0618489 0.0554739 0.0487401 0.0419025 0.0351745 0.0287517 0.0228116 0.017497 0.0129039 0.00908315 0.00604702 0.00376878
 0.00865792 0.0140564 0.0211341 0.0298019 0.0397317 0.0502069 0.0600956 0.0681283 0.0733659 0.0755056 0.0748254 0.0718999 0.0673437 0.0616953 0.0553892 0.0487575 0.0420433 0.0354302 0.0290759 0.023133 0.0177498 0.0130552 0.00913962 0.00604106 0.00373656
 0.00864102 0.0140288 0.0210927 0.0297444 0.0396582 0.0501207 0.0600038 0.0680395 0.0732858 0.0754342 0.0747572 0.0718276 0.0672652 0.0616167 0.0553264 0.0487327 0.0420785 0.0355376 0.0292478 0.0233398 0.0179494 0.013211 0.00923542 0.00608268 0.00374296
 0.00866251 0.0140601 0.0211329 0.02979 0.0397033 0.0501585 0.0600273 0.0680437 0.0732682 0.0753952 0.0746993 0.071754 0.0671781 0.0615195 0.0552254 0.0486401 0.0420113 0.0355122 0.0292724 0.0234085 0.0180426 0.0133033 0.00930652 0.00612483 0.00376018
 0.0086615 0.0140636 0.0211475 0.029824 0.0397637 0.0502464 0.0601347 0.0681537 0.0733601 0.0754516 0.0747109 0.0717207 0.0671069 0.0614209 0.0551108 0.0485214 0.0419015 0.0354247 0.0292183 0.0233918 0.0180576 0.0133366 0.00934265 0.00615266 0.00377594
 0.00862356 0.0140043 0.0210631 0.0297143 0.0396338 0.0501081 0.0600069 0.0680585 0.0733159 0.0754654 0.0747749 0.0718161 0.0672114 0.0615163 0.055187 0.0485763 0.0419391 0.0354529 0.029246 0.0234257 0.0180999 0.0133837 0.00938753 0.00618887 0.00380046
 0.00862167 0.0139989 0.0210507 0.0296903 0.0395933 0.0500487 0.0599303 0.0679721 0.0732325 0.0753999 0.0747405 0.0718191 0.067249 0.061577 0.0552556 0.0486394 0.0419891 0.035489 0.0292725 0.023449 0.0181245 0.0134107 0.00941486 0.00621287 0.00381844
 0.00860681 0.0139757 0.0210175 0.0296459 0.0395371 0.0499807 0.0598515 0.0678854 0.0731431 0.0753165 0.0746736 0.0717799 0.0672457 0.0616119 0.0553231 0.0487274 0.0420835 0.0355778 0.029349 0.0235119 0.0181758 0.013453 0.00944941 0.00623989 0.0038379
 0.00861951 0.0139933 0.0210383 0.0296663 0.0395526 0.0499868 0.0598452 0.0678653 0.0731094 0.0752702 0.0746176 0.0717195 0.0671888 0.0615675 0.0552991 0.0487271 0.0421043 0.0356128 0.0293898 0.0235516 0.0182108 0.0134821 0.0094729 0.00625809 0.00385114
 0.00861951 0.0139933 0.0210383 0.0296663 0.0395526 0.0499868 0.0598452 0.0678653 0.0731094 0.0752702 0.0746176 0.0717195 0.0671888 0.0615675 0.0552991 0.0487271 0.0421043 0.0356128 0.0293898 0.0235516 0.0182108 0.0134821 0.0094729 0.00625809 0.00385114
 0.00882535 0.0143204 0.0215146 0.0303078 0.0403543 0.0509117 0.0608171 0.0687742 0.0738346 0.0757135 0.0747288 0.0715038 0.0666982 0.0608819 0.0545073 0.0479113 0.0413296 0.0349222 0.0288054 0.0230794 0.0178459 0.0132135 0.00928585 0.00613612 0.00377736
 0.00881878 0.0143339 0.0215797 0.0304687 0.0406566 0.051384 0.0614531 0.0695259 0.0746192 0.0764306 0.0752817 0.0718191 0.0667398 0.0606575 0.0540636 0.0473206 0.0406717 0.0342689 0.0282105 0.0225749 0.0174444 0.0129128 0.0090744 0.00599716 0.00369264
 0.00885456 0.0143847 0.0216441 0.0305449 0.0407484 0.0515074 0.0616377 0.0698056 0.0750138 0.0769271 0.075827 0.0723299 0.0671263 0.06085 0.0540309 0.0470756 0.0402634 0.0337667 0.0276854 0.0220855 0.0170288 0.0125877 0.00883922 0.00583977 0.00359549
 0.00907879 0.014739 0.0221562 0.0312284 0.0415938 0.0524734 0.0626462 0.070752 0.0757941 0.0774686 0.0761048 0.0723589 0.0669382 0.0604736 0.0534877 0.0463877 0.0394649 0.0329081 0.0268288 0.0212923 0.0163474 0.0120451 0.00843925 0.00556761 0.00342514
 0.00843995 0.0137514 0.0207697 0.0294433 0.0394748 0.0501608 0.0603601 0.0687696 0.0743912 0.076844 0.0763255 0.0733533 0.0685306 0.0624356 0.0555843 0.0484127 0.0412646 0.0343931 0.0279732 0.0221205 0.0169137 0.0124133 0.00866819 0.00570395 0.00350266
 0.00826816 0.0134015 0.020116 0.0283351 0.037785 0.0478593 0.0575748 0.0657936 0.0716197 0.0746708 0.0750466 0.0731106 0.0693009 0.0640547 0.0577941 0.0509172 0.0437849 0.0367081 0.0299411 0.0236811 0.0180742 0.0132254 0.00920376 0.0060367 0.00369678
 0.00878352 0.0142094 0.0212666 0.0298289 0.0395432 0.0496949 0.0591897 0.0668316 0.071781 0.0738391 0.0733545 0.0709001 0.067003 0.0620521 0.0563275 0.0500574 0.04346 0.0367622 0.0301982 0.023994 0.0183494 0.0134236 0.00932501 0.00610015 0.00372494
 0.00906661 0.0147228 0.0221339 0.0311879 0.0414997 0.0522526 0.0621868 0.0699264 0.0745098 0.0757312 0.0740622 0.0702989 0.0652285 0.0594593 0.0533823 0.0472028 0.0410096 0.0348583 0.0288334 0.0230711 0.0177439 0.0130276 0.00906321 0.00592724 0.00361408
 0.00848215 0.0138241 0.0208862 0.0296167 0.0397123 0.0504532 0.060669 0.0690192 0.0744699 0.0766253 0.0757085 0.0723155 0.0671702 0.0609749 0.0543185 0.047615 0.0410894 0.0348239 0.0288407 0.0231789 0.0179326 0.0132427 0.00925516 0.00607019 0.00370571
#pred catch len freq
 0.00499386 0.0078349 0.0112962 0.0152394 0.0195748 0.0242556 0.0292029 0.0342544 0.0391916 0.0438003 0.0479111 0.0514108 0.0542457 0.056415 0.0579499 0.0588877 0.0592555 0.0590552 0.0582299 0.0566065 0.0538625 0.0495995 0.0435659 0.0359346 0.0274263
 0.00517079 0.00805335 0.0115006 0.015344 0.0194983 0.0239688 0.0287589 0.0337746 0.0388076 0.0435865 0.0478495 0.0514101 0.0541979 0.056258 0.0577031 0.0586475 0.0591518 0.0591882 0.0586148 0.0571567 0.0544228 0.0500163 0.0437546 0.0359056 0.0272598
 0.00545536 0.00848628 0.0120921 0.0160717 0.0202992 0.0247382 0.0293627 0.0340855 0.0387577 0.0432082 0.0472672 0.0507784 0.0536253 0.0557688 0.0572621 0.0582204 0.0587524 0.0588769 0.0584539 0.0571571 0.0545247 0.0501176 0.0437675 0.0358009 0.02707
 0.00571731 0.00889911 0.0126895 0.0168768 0.0213201 0.0259582 0.0307251 0.0354786 0.040018 0.0441509 0.0477426 0.0507283 0.0531059 0.05492 0.0562419 0.057149 0.0576999 0.0578859 0.0575611 0.0563903 0.0538849 0.0495744 0.0432798 0.035346 0.0266564
 0.00599421 0.00932835 0.0132982 0.0176812 0.0223287 0.0271753 0.0321454 0.0370735 0.0417169 0.0458281 0.0492205 0.0518075 0.0536188 0.0547878 0.0555021 0.0559361 0.0561911 0.0562477 0.0559211 0.0548346 0.0524655 0.048318 0.0421972 0.0344431 0.0259387
 0.00630138 0.00980077 0.0139602 0.0185408 0.0233822 0.0284132 0.0335539 0.0386308 0.0433861 0.0475491 0.0509002 0.0533125 0.0547815 0.0554351 0.0555034 0.0552496 0.0548829 0.054471 0.0538692 0.0526944 0.0503905 0.0464211 0.0405553 0.0331018 0.0249132
 0.00659593 0.0102601 0.0146159 0.019411 0.0244722 0.029715 0.0350433 0.0402646 0.0451046 0.0492823 0.0525726 0.0548406 0.0560657 0.0563542 0.055923 0.0550512 0.054005 0.0529427 0.0518162 0.0503128 0.0479036 0.0440381 0.0384428 0.0313673 0.0235992
 0.00694606 0.0107995 0.0153734 0.0203975 0.0256846 0.0311411 0.036661 0.042035 0.046966 0.0511512 0.0543513 0.0564285 0.057368 0.0572824 0.0563897 0.0549672 0.0532926 0.051566 0.0498159 0.0478248 0.0451459 0.0412699 0.0359089 0.029249 0.0219847
 0.00734918 0.0114173 0.0162341 0.0215055 0.0270248 0.0326868 0.0383756 0.0438693 0.0488556 0.0530181 0.0561089 0.0579858 0.0586351 0.0581752 0.0568314 0.0548875 0.0526281 0.050273 0.0478981 0.0453654 0.0423237 0.0383404 0.0331505 0.0268944 0.0201663
 0.00784663 0.0121766 0.0172857 0.0228474 0.0286289 0.0345086 0.0403579 0.0459395 0.0509254 0.0549895 0.0578836 0.059475 0.0597637 0.0588826 0.0570683 0.0546099 0.0517954 0.0488535 0.0458901 0.0428283 0.0394052 0.0352759 0.0302217 0.0243575 0.0181833
 0.00840822 0.0130327 0.0184694 0.024354 0.0304234 0.0365366 0.04255 0.0482085 0.0531658 0.0570844 0.059718 0.0609479 0.0607975 0.059426 0.0570928 0.0541015 0.0507447 0.047255 0.0437544 0.0402104 0.0364342 0.0321642 0.027236 0.0217528 0.0161312
 0.00888656 0.0137742 0.0195184 0.0257297 0.0321195 0.038522 0.0447643 0.0505573 0.0555243 0.0593117 0.0616753 0.0625143 0.0618807 0.0599675 0.0570669 0.0535078 0.0495976 0.0455764 0.0415785 0.0376029 0.0335182 0.0291331 0.0243331 0.0192156 0.0141243
 0.00927081 0.014371 0.020366 0.0268489 0.0335161 0.040188 0.0466726 0.0526524 0.0577151 0.0614748 0.0636666 0.0641887 0.0631119 0.0606653 0.0571835 0.053034 0.0485524 0.0439973 0.0395197 0.0351455 0.030788 0.0263108 0.0216386 0.0168619 0.01226
