SBPRF35
12.7214
Curr Bio
868099
B35
877222
F35
0.169767
FOFL
0.163397
OFL
113247
Bzero
3.63469e+006
#pred survey bio
 3.52157e+006 3.43221e+006 3.349e+006 3.20214e+006 3.01451e+006 2.81412e+006 2.56189e+006 2.33134e+006 2.09724e+006 1.8646e+006 1.662e+006 1.46616e+006 1.30244e+006 1.17021e+006 1.03964e+006 902885 816273 731569 690219 650327 619087 598407 583786 563212 563264 561978 558511 550631 550394 551630 563587 564608 567930 577321 591889 588143 599574 606790 626064 640502 645037 651934 657026 663856 675029 694923 711058 714314 723052 724579 724087 766095 774367 782538 783582 765156 759405 784277 829971 852814 893708 921717 941484 933627 909679 874175 2.98035e+007 1.7527e+007 1.75514e+007 1.82527e+007 1.94282e+007 2.08155e+007 2.22097e+007 2.34853e+007 2.45836e+007 2.5491e+007 2.62195e+007 2.67927e+007 2.72377e+007 2.75799e+007 2.78418e+007 2.80417e+007 2.81941e+007 2.83106e+007 2.83998e+007 2.84684e+007 2.85213e+007 2.85623e+007 2.85943e+007 2.86192e+007 2.86389e+007 2.86544e+007 2.86667e+007 2.86764e+007 2.86841e+007 2.86903e+007 2.86953e+007 2.86993e+007 2.87026e+007 2.87052e+007 2.87073e+007 2.8709e+007 2.87104e+007 2.87116e+007 2.87125e+007 2.87132e+007 2.87138e+007 2.87143e+007 2.87148e+007 2.87151e+007 2.87154e+007 2.87156e+007 2.87158e+007 2.87159e+007 2.8716e+007 2.87161e+007 2.87162e+007 2.87163e+007 2.87163e+007 2.87164e+007 2.87164e+007 2.87165e+007 2.87165e+007 2.87165e+007 2.87165e+007 2.87165e+007 2.87165e+007 2.87165e+007 2.87166e+007 2.87166e+007 2.87166e+007 2.87166e+007 2.87166e+007 2.87166e+007 2.87166e+007 2.87166e+007 2.87166e+007 2.87166e+007 2.87166e+007 2.87166e+007 2.87166e+007 2.87166e+007 2.87166e+007 2.87166e+007 2.87166e+007 2.87166e+007 2.87166e+007 2.87166e+007 2.87166e+007 2.87166e+007 2.87166e+007 2.87166e+007 2.87166e+007 2.87166e+007 2.87166e+007 2.87166e+007 2.87166e+007 2.87166e+007 2.87166e+007 2.87166e+007 2.87166e+007 2.87166e+007 2.87166e+007 2.87166e+007 2.87166e+007 2.87166e+007 0 0 0 0 0 0 0 0 0 0 0 0 0 0 0 0 0 0 0 0 0 0 0 0 0
#obs survey bio
 3.577e+006 3.46675e+006 2.94572e+006 3.44658e+006 2.63641e+006 3.26096e+006 2.97672e+006 2.91378e+006 1.37851e+006 1.51908e+006 1.13676e+006 1.41971e+006 1.32072e+006 1.23993e+006 774644 943525 766868 585468 626827 498388 641848 823402 561170 516176 461152 645884 418016 552436 409447 471108 613157 374057 518271 442269 589893 590760 591566 514653 809485 528348 754279 554409 761863 506730 650333 579960 772385 980700 726452 642440 763919 650172 773003 1.24404e+006 780773 675133 624420 846462 673776 790904 767424 1.13071e+006 1.05031e+006 1.35656e+006 725404 1.06492e+006
#pred catch bio
 89402.6 86468.7 150369 196862 220639 282259 277845 296318 308921 293893 297351 275302 251495 250907 252921 204592 197985 156432 152077 141129 128834 120881 123217 104193 104861 105639 107860 100345 98885.8 90303 100078 98234.2 93559.1 89968 105497 92418.2 96561.2 87383.5 93157.1 102631 101570 104621 104911 103132 97904 103018 114266 108986 114403 114743 78626.6 107710 106375 111540 127509 116927 93036.2 78689.7 100464 86218.4 98356.1 104944 126598 136943 142319 125291 113247 114801 113634 116716 123576 132103 140705 148492 155078 160392 164536 167686 170034 171757 173008 173907 174548 175002 175323 175548 175706 175816 175893 175947 175984 176010 176028 176040 176049 176055 176059 176062 176064 176065 176066 176066 176067 176067 176067 176068 176068 176068 176068 176068 176068 176068 176068 176068 176068 176068 176068 176068 176068 176068 176068 176068 176068 176068 176068 176068 176068 176068 176068 176068 176068 176068 176068 176068 176068 176068 176068 176068 176068 176068 176068 176068 176068 176068 176068 176068 176068 176068 176068 176068 176068 176068 176068 176068 176068 176068 176068 176068 176068 176068 176068 176068 176068 176068 176068 176068 0 0 0 0 0 0 0 0 0 0 0 0 0 0 0 0 0 0 0 0 0 0 0 0 0
#obs catch bio
 0 86128 150810 197338 220955 283629 277677 296547 310446 295178 299968 278609 254043 254179 256959 205799 199386 156893 153089 142519 129821 121051 123618 104493 105536 105685 108083 100228 99341.8 90290.1 100129 98567.5 94019 90134.8 105587 92609.1 96948.9 87509 92979.5 102929 101508 104873 105454 104066 98583.2 103676 115252 108927 114775 115416 78098.5 108018 106173 110925 126965 116951 93362.3 78618.4 101221 86446.3 98957.9 105202 126988 136492 142576 125200
#pred cpue bio
 3.47006e+006 3.38235e+006 3.30032e+006 3.15387e+006 2.96661e+006 2.76665e+006 2.51541e+006 2.28559e+006 2.05236e+006 1.82083e+006 1.6192e+006 1.42463e+006 1.26219e+006 1.13125e+006 1.00252e+006 868304 783467 700822 660527 621788 591578 571801 557918 538065 538145 537054 533944 526480 526308 527520 539212 540251 543449 552668 567033 563512 574712 581814 600606 614631 618941 625468 630110 636454 647179 666549 682375 685828 694652 696396 696214 737670 746280 754538 755585 737203 730951 754978 799933 822699 862956 890690 910501 903279 880115 845820 2.88666e+007 1.69876e+007 1.68716e+007 1.73997e+007 1.85073e+007 1.98767e+007 2.12668e+007 2.25416e+007 2.36398e+007 2.45472e+007 2.52757e+007 2.58489e+007 2.62938e+007 2.66361e+007 2.68979e+007 2.70978e+007 2.72503e+007 2.73668e+007 2.7456e+007 2.75245e+007 2.75775e+007 2.76185e+007 2.76504e+007 2.76754e+007 2.7695e+007 2.77105e+007 2.77228e+007 2.77325e+007 2.77403e+007 2.77465e+007 2.77515e+007 2.77555e+007 2.77587e+007 2.77613e+007 2.77634e+007 2.77652e+007 2.77666e+007 2.77677e+007 2.77686e+007 2.77694e+007 2.777e+007 2.77705e+007 2.77709e+007 2.77712e+007 2.77715e+007 2.77717e+007 2.77719e+007 2.77721e+007 2.77722e+007 2.77723e+007 2.77724e+007 2.77724e+007 2.77725e+007 2.77725e+007 2.77726e+007 2.77726e+007 2.77726e+007 2.77726e+007 2.77727e+007 2.77727e+007 2.77727e+007 2.77727e+007 2.77727e+007 2.77727e+007 2.77727e+007 2.77727e+007 2.77727e+007 2.77727e+007 2.77727e+007 2.77727e+007 2.77727e+007 2.77727e+007 2.77727e+007 2.77727e+007 2.77727e+007 2.77727e+007 2.77727e+007 2.77727e+007 2.77727e+007 2.77727e+007 2.77727e+007 2.77727e+007 2.77727e+007 2.77727e+007 2.77727e+007 2.77727e+007 2.77727e+007 2.77727e+007 2.77727e+007 2.77727e+007 2.77727e+007 2.77727e+007 2.77727e+007 2.77727e+007 2.77727e+007 2.77727e+007 2.77727e+007 2.77727e+007 2.77727e+007 2.77727e+007 0 0 0 0 0 0 0 0 0 0 0 0 0 0 0 0 0 0 0 0 0 0 0 0 0
#obs cpue bio
 4.32313e+006 2.45297e+006 3.72621e+006 2.76679e+006 2.75899e+006 2.45518e+006 3.1077e+006 1.69325e+006 2.16715e+006 2.02431e+006 1.76328e+006 1.00189e+006 1.15384e+006 840453 1.14199e+006 983374 844246 818442 604864 583155 547638 551623 567079 465291 521188 675903 660624 601591 485061 717984 562209 605420 479461 762958 819240 374657 580821 653266 683389 533530 634868 580754 405350 537567 622070 794098 566614 862424 535787 746377 1.03343e+006 687543 904460 681448 827880 577277 523094 771707 753724 723987 894080 916211 942123 1.09436e+006 780527 747765
#pred surv len freq
 0.00475604 0.00774269 0.0116913 0.0165942 0.0223365 0.0286157 0.0349168 0.0406404 0.0453299 0.0488217 0.0512182 0.0527513 0.0536603 0.0541365 0.054313 0.0542747 0.0540749 0.0537388 0.0532232 0.0523319 0.0506486 0.0475988 0.0427063 0.0359446 0.0279338
 0.00494414 0.00796273 0.0118685 0.0166177 0.0221041 0.0280955 0.0341873 0.0398734 0.0447168 0.0484866 0.0511717 0.0529094 0.0539088 0.0543956 0.0545701 0.0545733 0.0544721 0.0542545 0.0538071 0.0528683 0.0510017 0.0476764 0.0425057 0.0355515 0.0274769
 0.00510088 0.00822988 0.0122866 0.017214 0.0228656 0.0289403 0.0349593 0.0403845 0.0448297 0.0481898 0.0505914 0.0522421 0.0533223 0.0539671 0.0542926 0.0544075 0.0543918 0.0542517 0.0538652 0.052935 0.0509927 0.0475147 0.0421674 0.0350838 0.0269743
 0.00527181 0.00850707 0.0127039 0.0178057 0.0236624 0.0299577 0.0361769 0.0417225 0.0461392 0.0492752 0.0512677 0.0524076 0.0530021 0.053296 0.0534472 0.0535344 0.0535733 0.0535135 0.053197 0.0523047 0.0503555 0.0468316 0.0414313 0.034334 0.0262819
 0.00547009 0.00882629 0.0131788 0.0184677 0.0245349 0.0310495 0.0374732 0.0431787 0.0476786 0.0507884 0.0526138 0.0534267 0.0535491 0.05329 0.052907 0.0525733 0.0523525 0.0521825 0.0518552 0.0509959 0.0490874 0.0456048 0.0402641 0.0332709 0.0253806
 0.00566623 0.00914401 0.0136551 0.0191369 0.0254234 0.0321669 0.0388025 0.0446726 0.0492646 0.052379 0.0541133 0.0547295 0.0545377 0.0538443 0.0529327 0.0520372 0.0513035 0.0507398 0.0501692 0.0492051 0.0472972 0.0438925 0.0386958 0.0319103 0.0242807
 0.0059602 0.00961021 0.0143351 0.0200624 0.0266114 0.0336129 0.0404715 0.0464952 0.051144 0.0542072 0.0557859 0.0561529 0.055627 0.0545176 0.0531106 0.0516546 0.0503336 0.0492174 0.0481968 0.0469364 0.0449077 0.0415532 0.0365572 0.0300898 0.0228492
 0.0062362 0.0100546 0.0149957 0.0209805 0.0278143 0.0351015 0.0422086 0.0484017 0.0531111 0.0561171 0.0575307 0.0576421 0.0567857 0.0552802 0.0534144 0.0514392 0.0495507 0.0478517 0.0462901 0.0446017 0.0423226 0.0389332 0.0341168 0.0280027 0.021217
 0.00652381 0.0105186 0.0156878 0.0219468 0.0290874 0.0366876 0.0440732 0.0504634 0.0552508 0.0581991 0.059425 0.0592391 0.0580017 0.0560551 0.0537037 0.0512052 0.0487592 0.0464821 0.0443579 0.0421858 0.0395801 0.0360882 0.0314194 0.0256714 0.0193875
 0.00685665 0.0110493 0.0164671 0.0230158 0.0304711 0.0383851 0.0460451 0.0526262 0.0574851 0.0603683 0.0613953 0.0608933 0.0592466 0.0568234 0.0539514 0.0509049 0.0478933 0.0450424 0.0423604 0.0396963 0.0367386 0.0331111 0.0285663 0.0231833 0.0174236
 0.00715265 0.0115272 0.0171803 0.0240115 0.0317815 0.0400135 0.0479518 0.0547242 0.0596523 0.0624708 0.0633077 0.0625093 0.0604806 0.0576087 0.0542388 0.0506603 0.0470954 0.043684 0.0404581 0.0373108 0.0339978 0.0302171 0.0257696 0.0207252 0.0154709
 0.00743096 0.0119824 0.0178704 0.0249919 0.0330941 0.0416694 0.0499127 0.0568964 0.0618988 0.0646377 0.0652506 0.0641105 0.0616549 0.0583019 0.0544206 0.0503157 0.0462181 0.0422768 0.0385421 0.0349455 0.0313032 0.0273818 0.0230303 0.0183135 0.0135499
 0.00767086 0.0123682 0.0184438 0.0257913 0.0341497 0.042995 0.0514946 0.0586845 0.0638072 0.066554 0.0670499 0.0656703 0.0628686 0.0590891 0.0547301 0.0501222 0.0455149 0.041071 0.0368594 0.0328443 0.0288936 0.0248348 0.0205594 0.0161295 0.0118039
 0.00781044 0.0126047 0.0188177 0.0263463 0.0349246 0.0440096 0.0527367 0.0601063 0.0653346 0.0681017 0.0685328 0.0670069 0.06398 0.0598998 0.0551736 0.050147 0.0450891 0.0401848 0.0355287 0.0311205 0.0268761 0.0226753 0.0184471 0.014251 0.0102947
 0.00793105 0.0128128 0.0191535 0.0268555 0.0356496 0.0449747 0.0539325 0.0614829 0.0668077 0.0695691 0.0698931 0.0681733 0.0648874 0.0605039 0.0554445 0.0500627 0.0446323 0.0393465 0.0343177 0.0295767 0.0250833 0.0207648 0.0165831 0.0125957 0.0089656
 0.00817884 0.0132047 0.0197234 0.0276283 0.0366383 0.0461743 0.0553125 0.0629815 0.0683351 0.0710195 0.0711608 0.069168 0.0655455 0.060794 0.0553645 0.0496297 0.0438707 0.0382804 0.0329739 0.0279967 0.0233386 0.0189643 0.0148624 0.0110882 0.00776592
 0.00827386 0.0133581 0.0199523 0.0279495 0.0370659 0.0467175 0.0559719 0.0637465 0.0691838 0.07192 0.0720703 0.0700321 0.0662999 0.0613716 0.0557061 0.0496939 0.0436379 0.0377515 0.0321675 0.0269513 0.0221178 0.0176607 0.0135889 0.00995582 0.0068554
 0.00851159 0.0137216 0.0204567 0.0285928 0.0378307 0.0475735 0.0568771 0.0646497 0.0700307 0.0726627 0.0726761 0.0704845 0.066593 0.0615016 0.0556651 0.049469 0.0432158 0.0371255 0.0313447 0.0259585 0.0210062 0.0165057 0.0124817 0.00898418 0.00608123
 0.00855095 0.0137845 0.0205491 0.0287198 0.0379952 0.0477759 0.0571146 0.0649173 0.0703241 0.0729802 0.0730178 0.0708477 0.0669673 0.0618648 0.0559837 0.0497016 0.0433193 0.037063 0.031095 0.0255237 0.0204172 0.0158209 0.0117775 0.00833784 0.0055507
 0.00858648 0.0138465 0.0206499 0.0288727 0.0382108 0.0480558 0.0574471 0.0652773 0.0706788 0.0732997 0.073283 0.071054 0.0671213 0.0619774 0.0560612 0.0497392 0.0432995 0.03696 0.0308839 0.0251923 0.0199756 0.0153047 0.0112415 0.00784127 0.0051402
 0.00857368 0.0138292 0.0206311 0.0288586 0.0382115 0.0480842 0.0575169 0.0653991 0.0708557 0.0735232 0.0735334 0.0713058 0.0673512 0.0621704 0.0562115 0.0498452 0.043357 0.0369583 0.0308073 0.025028 0.0197235 0.0149839 0.0108888 0.00750136 0.00485119
 0.00860486 0.0138619 0.0206476 0.0288331 0.0381189 0.047914 0.0572836 0.0651429 0.0706313 0.0733819 0.0735083 0.0714038 0.0675544 0.0624444 0.0565158 0.0501429 0.0436187 0.0371618 0.0309355 0.0250692 0.0196753 0.014858 0.0107115 0.00730726 0.00467306
 0.00866795 0.013952 0.0207591 0.0289502 0.0382165 0.0479621 0.0572535 0.0650166 0.0704109 0.073097 0.0732123 0.0711599 0.0674145 0.0624325 0.0566234 0.0503364 0.043853 0.0373922 0.0311258 0.0251952 0.0197261 0.0148372 0.0106362 0.0072031 0.0045664
 0.00881198 0.0141738 0.0210688 0.0293464 0.0386836 0.0484679 0.0577481 0.0654357 0.0706882 0.0731824 0.0730896 0.0708541 0.0669861 0.0619601 0.056181 0.0499736 0.0435872 0.0372122 0.0310038 0.0250997 0.0196327 0.0147337 0.0105232 0.00709012 0.00446585
 0.00871789 0.0140373 0.0208943 0.0291496 0.0384881 0.0482994 0.0576282 0.0653779 0.0706949 0.0732434 0.0731831 0.0709534 0.0670694 0.0620197 0.056226 0.0500243 0.0436627 0.0373198 0.0311343 0.025232 0.0197438 0.0148077 0.0105563 0.00709011 0.00444633
 0.00863884 0.0139122 0.0207133 0.0289083 0.0381914 0.0479654 0.0572909 0.0650827 0.0704877 0.0731553 0.0732202 0.0710962 0.0672814 0.0622604 0.0564636 0.0502424 0.04386 0.0375031 0.0313088 0.0253955 0.0198865 0.0149186 0.0106298 0.00712859 0.00445898
 0.00863455 0.0138969 0.0206749 0.0288304 0.0380575 0.0477658 0.0570295 0.0647807 0.070181 0.0728873 0.0730319 0.0710152 0.0673148 0.0623933 0.056665 0.0504766 0.0440975 0.037726 0.0315097 0.0255719 0.0200361 0.0150376 0.0107156 0.00718265 0.00448729
 0.00872591 0.0140311 0.0208495 0.0290318 0.0382624 0.0479447 0.0571511 0.0648174 0.0701157 0.0727209 0.072787 0.0707323 0.0670414 0.0621703 0.0565158 0.050404 0.0440879 0.0377584 0.0315642 0.025634 0.0200963 0.0150899 0.010756 0.00720971 0.00450225
 0.00874065 0.0140558 0.0208878 0.0290864 0.0383328 0.0480248 0.0572276 0.0648706 0.0701249 0.0726712 0.0726754 0.0705705 0.0668538 0.0619887 0.0563711 0.0503178 0.0440669 0.0377945 0.0316395 0.0257277 0.0201907 0.0151729 0.0108212 0.00725566 0.00453104
 0.00873527 0.0140476 0.0208765 0.0290728 0.0383188 0.0480139 0.0572236 0.0648765 0.0701394 0.0726872 0.0726809 0.0705528 0.0668062 0.0619148 0.0562853 0.0502409 0.0440186 0.0377861 0.0316709 0.0257886 0.0202658 0.0152473 0.0108846 0.00730308 0.00456247
 0.00868522 0.0139615 0.020739 0.0288682 0.0380375 0.0476598 0.0568214 0.0644704 0.069784 0.0724318 0.0725557 0.0705628 0.0669331 0.0621255 0.056544 0.0505183 0.0442967 0.0380568 0.0319301 0.0260313 0.020484 0.0154323 0.0110302 0.00740839 0.00463186
 0.00871349 0.0140085 0.0208105 0.0289675 0.0381611 0.0477932 0.0569376 0.0645355 0.06977 0.0723298 0.0723822 0.0703536 0.0667292 0.0619588 0.0564296 0.0504557 0.0442771 0.0380696 0.0319668 0.0260852 0.0205484 0.0154992 0.0110915 0.00745814 0.00466767
 0.0086449 0.0139123 0.0206942 0.0288484 0.0380619 0.0477348 0.0569312 0.0645787 0.0698462 0.0724128 0.0724439 0.0703747 0.0667071 0.0619079 0.056374 0.0504181 0.0442702 0.0380952 0.0320185 0.0261537 0.0206241 0.0155734 0.0111573 0.00751092 0.00470577
 0.00858427 0.0138068 0.0205241 0.0285946 0.0377153 0.0473072 0.056464 0.0641379 0.0695033 0.0722204 0.0724183 0.070495 0.0669285 0.0621813 0.0566613 0.0506988 0.0445378 0.0383495 0.0322591 0.0263765 0.0208226 0.0157412 0.0112905 0.00760916 0.00477249
 0.00849528 0.0136668 0.0203217 0.0283213 0.0373654 0.0468803 0.0559691 0.0636001 0.0689681 0.0717503 0.0720812 0.0703444 0.066986 0.0624294 0.0570514 0.0511691 0.0450324 0.0388283 0.0326982 0.0267635 0.0211507 0.0160073 0.0114945 0.00775546 0.0048696
 0.00854226 0.013741 0.0204285 0.0284623 0.0375358 0.0470653 0.0561417 0.0637229 0.0690017 0.0716669 0.0718774 0.0700479 0.0666498 0.062116 0.0568119 0.051029 0.0449888 0.0388594 0.0327762 0.0268637 0.0212553 0.0161044 0.011577 0.00781968 0.00491519
 0.00850004 0.0136686 0.0203136 0.028293 0.037306 0.0467814 0.0558265 0.0634127 0.068735 0.0714701 0.0717573 0.0699943 0.0666475 0.0621564 0.0568976 0.0511687 0.0451874 0.0391097 0.0330582 0.0271507 0.0215219 0.0163323 0.0117569 0.00795086 0.00500323
 0.00853591 0.0137177 0.0203697 0.0283433 0.0373326 0.0467655 0.0557537 0.0632777 0.0685455 0.071247 0.0715303 0.069793 0.0664925 0.0620555 0.0568501 0.0511718 0.0452401 0.039211 0.033202 0.027323 0.0217029 0.0165017 0.0118997 0.00805968 0.0050784
 0.00850726 0.0136682 0.02029 0.0282228 0.0371621 0.0465407 0.0554791 0.0629678 0.0682231 0.0709401 0.0712678 0.0696016 0.0663925 0.062057 0.0569498 0.0513551 0.0454858 0.0394968 0.0335076 0.0276295 0.0219919 0.0167563 0.0121073 0.00821512 0.00518461
 0.00847517 0.0136242 0.0202381 0.0281706 0.0371167 0.0465033 0.0554414 0.0629144 0.0681374 0.0708131 0.0711032 0.0694165 0.0662131 0.0619117 0.0568628 0.0513406 0.0455458 0.039622 0.0336809 0.0278302 0.0221986 0.0169496 0.0122722 0.00834327 0.00527487
 0.00854159 0.0137222 0.0203675 0.0283253 0.037287 0.0466794 0.0556147 0.0630746 0.0682697 0.0708962 0.0711136 0.0693373 0.0660427 0.0616685 0.0565815 0.0510626 0.0453083 0.0394493 0.0335815 0.027798 0.0222179 0.0170003 0.0123349 0.00840286 0.0053226
 0.00862365 0.0138455 0.0205338 0.0285287 0.0375147 0.0469137 0.0558354 0.0632619 0.0684076 0.0709748 0.0711296 0.0692902 0.0659327 0.0614973 0.0563572 0.0508038 0.0450428 0.039208 0.0333892 0.0276673 0.0221474 0.016978 0.0123435 0.00842581 0.00534754
 0.00863795 0.0138809 0.0206088 0.0286664 0.0377344 0.0472197 0.0562078 0.0636575 0.0687711 0.0712562 0.071297 0.0693338 0.0658606 0.0613273 0.0561108 0.0505039 0.0447149 0.0388802 0.0330897 0.0274189 0.0219624 0.0168559 0.012274 0.00839324 0.00533669
 0.00860716 0.0138367 0.0205541 0.0286101 0.0376925 0.0472142 0.0562631 0.0637928 0.0689906 0.0715412 0.0716064 0.0696157 0.0660682 0.0614325 0.056108 0.0504059 0.0445456 0.0386686 0.032866 0.0272103 0.0217891 0.0167282 0.0121912 0.00834696 0.00531514
 0.00855563 0.0137553 0.0204366 0.0284536 0.0374999 0.0469968 0.0560438 0.0636054 0.0688737 0.0715281 0.0717128 0.0698318 0.0663589 0.0617466 0.056393 0.0506229 0.0446772 0.0387185 0.0328528 0.0271598 0.0217263 0.0166716 0.0121505 0.00832353 0.00530505
 0.00844652 0.0135855 0.0201954 0.0281369 0.0371117 0.0465514 0.0555679 0.0631391 0.068467 0.0712326 0.0715718 0.0698707 0.0665781 0.0621182 0.0568651 0.0511308 0.0451593 0.0391303 0.0331736 0.0273908 0.0218829 0.0167742 0.0122175 0.00836804 0.00533481
 0.00825475 0.0133031 0.019825 0.0276994 0.0366399 0.0460794 0.0551233 0.0627421 0.0681342 0.0709809 0.0714206 0.0698402 0.0666843 0.0623662 0.0572423 0.0516041 0.0456793 0.0396423 0.0336313 0.0277657 0.0221672 0.0169762 0.0123535 0.00845556 0.00538889
 0.00823484 0.0132556 0.0197267 0.027523 0.0363649 0.0457068 0.0546852 0.0622966 0.0677449 0.0706935 0.0712505 0.0697785 0.0667142 0.0624769 0.057431 0.0518687 0.0460079 0.0400092 0.0340006 0.028102 0.0224454 0.0171865 0.0124999 0.00855026 0.00544614
 0.00816584 0.0131512 0.0195831 0.0273388 0.0361381 0.0454316 0.054354 0.0619081 0.0673157 0.0702641 0.0708785 0.0695205 0.0666064 0.0625258 0.0576194 0.0521673 0.0463855 0.040434 0.0344392 0.02852 0.0228124 0.0174827 0.0127192 0.00869933 0.00553923
 0.00808672 0.0130343 0.019429 0.0271561 0.0359404 0.0452332 0.0541651 0.0617316 0.0671466 0.0700929 0.0706996 0.069341 0.0664499 0.0624266 0.0576085 0.0522605 0.0465785 0.0407062 0.0347599 0.0288547 0.0231282 0.0177536 0.0129308 0.00884957 0.00563613
 0.00807452 0.0130044 0.0193662 0.0270417 0.0357596 0.0449845 0.0538669 0.0614203 0.0668641 0.0698706 0.0705481 0.0692519 0.0664068 0.0624185 0.0576375 0.052339 0.0467198 0.0409139 0.0350227 0.0291482 0.0234219 0.0180188 0.0131474 0.00900964 0.00574302
 0.00783105 0.0126188 0.0188054 0.0262838 0.0348 0.0438451 0.0526069 0.0601388 0.0656893 0.0689351 0.0699595 0.0690688 0.0666283 0.0629893 0.0584679 0.0533311 0.0477874 0.0419906 0.0360586 0.0301028 0.0242605 0.0187149 0.0136879 0.00939829 0.00599971
 0.00786061 0.0126526 0.0188289 0.0262721 0.0347208 0.0436654 0.0523007 0.0596949 0.0651177 0.0682718 0.069268 0.0684329 0.0661356 0.0627094 0.058434 0.053534 0.0481834 0.0425181 0.0366539 0.0307091 0.0248308 0.0192131 0.0140908 0.00969803 0.0062034
 0.00789954 0.012711 0.0189069 0.0263642 0.0348141 0.0437385 0.0523235 0.0596324 0.0649381 0.0679579 0.0688268 0.0679008 0.0655755 0.0622003 0.0580535 0.0533393 0.0481967 0.0427234 0.0370048 0.0311441 0.0252877 0.0196397 0.014451 0.00997435 0.00639569
 0.00806642 0.0129564 0.0192279 0.0267409 0.0352142 0.0441257 0.0526632 0.0598922 0.0650865 0.0679649 0.0686697 0.0675725 0.0650936 0.0616111 0.0574285 0.0527613 0.0477407 0.0424376 0.0369002 0.0311958 0.0254471 0.0198506 0.0146643 0.0101567 0.00653191
 0.00828185 0.0133048 0.0197466 0.0274574 0.0361335 0.045214 0.0538368 0.0610236 0.0660323 0.0686039 0.0689305 0.0674399 0.0645982 0.0608163 0.056421 0.0516447 0.0466251 0.0414242 0.0360635 0.0305719 0.0250315 0.0196087 0.0145468 0.010115 0.0065278
 0.00824503 0.0132735 0.0197531 0.0275514 0.0363723 0.0456436 0.0544725 0.061837 0.0669506 0.0695196 0.0697214 0.0679942 0.0648395 0.0607178 0.0560075 0.050983 0.0458102 0.0405619 0.0352531 0.0298884 0.0245144 0.0192597 0.0143392 0.0100084 0.00648273
 0.00803585 0.0129429 0.0192762 0.0269197 0.0356048 0.0447999 0.0536585 0.0611928 0.0666141 0.0695798 0.0701832 0.0687744 0.0657922 0.0616783 0.0568344 0.0515885 0.0461703 0.040709 0.0352551 0.0298226 0.0244444 0.0192215 0.0143406 0.010038 0.00652272
 0.00784225 0.0126221 0.0187832 0.0262111 0.0346517 0.0436075 0.0522864 0.0597636 0.0652999 0.0685693 0.0696381 0.0687877 0.0663606 0.0626995 0.058134 0.052968 0.0474583 0.0417967 0.0361052 0.0304544 0.0249059 0.0195629 0.0145981 0.0102315 0.00666234
 0.00783391 0.0126022 0.0187397 0.0261244 0.0344931 0.0433411 0.0518752 0.0591824 0.0645535 0.0677093 0.0687681 0.0680482 0.0658936 0.0626039 0.0584305 0.05359 0.0482754 0.0426592 0.0368903 0.0310934 0.0253848 0.0199038 0.0148352 0.0103952 0.00677339
 0.00765741 0.012337 0.0183807 0.0256807 0.0339836 0.0427873 0.051296 0.058591 0.0639583 0.0671179 0.0681967 0.0675335 0.0655002 0.0624156 0.0585246 0.0540032 0.0489789 0.0435604 0.0378614 0.032012 0.0261667 0.0205137 0.0152779 0.0106973 0.00696813
 0.00750217 0.0120978 0.0180461 0.0252503 0.0334703 0.042217 0.0507069 0.0580282 0.0634623 0.0667117 0.0678799 0.0672908 0.0653196 0.0623075 0.0585279 0.0541719 0.0493541 0.0441419 0.0385961 0.0328084 0.026926 0.0211608 0.015777 0.0110491 0.00719615
 0.00737076 0.0118919 0.017751 0.0248586 0.0329836 0.0416497 0.0500886 0.0574039 0.0628855 0.066232 0.0675309 0.0670827 0.0652415 0.0623386 0.0586533 0.054394 0.0496916 0.0446127 0.0391951 0.0334947 0.0276298 0.0218068 0.0163088 0.0114434 0.00746041
 0.00737293 0.0118922 0.0177451 0.0248392 0.0329413 0.0415737 0.049969 0.0572338 0.0626641 0.0659668 0.0672383 0.0667859 0.0649654 0.0621046 0.0584774 0.0542902 0.049676 0.0447035 0.0394035 0.0338121 0.0280214 0.0222182 0.0166848 0.0117455 0.00767525
 0.0072174 0.0116846 0.0175158 0.0246426 0.0328385 0.0416056 0.050135 0.0574898 0.0629391 0.0661893 0.0673574 0.0667808 0.0648443 0.0618973 0.0582252 0.0540373 0.0494632 0.0445649 0.0393632 0.033878 0.0281804 0.022437 0.0169194 0.011956 0.00783793
 0.0069153 0.0112372 0.0169259 0.0239482 0.0321096 0.0409346 0.049622 0.0572222 0.0629654 0.0664963 0.067867 0.0673742 0.0654035 0.0623408 0.058524 0.054208 0.0495505 0.0446219 0.0394362 0.0339969 0.0283528 0.0226488 0.017142 0.0121584 0.0079983
#obs surv len freq
 nan nan nan nan nan nan nan nan nan nan nan nan nan nan nan nan nan nan nan nan nan nan nan nan nan
 0.00448756 0.00735011 0.011181 0.0159977 0.0216978 0.0279721 0.0342845 0.0400142 0.0446925 0.0481555 0.0505129 0.0520084 0.0529005 0.0534128 0.0537271 0.0539819 0.0542605 0.0545532 0.054692 0.0542839 0.052722 0.0493543 0.0438043 0.0362846 0.0276686
 0.00461736 0.00756389 0.0115075 0.0164641 0.0223231 0.0287563 0.0351987 0.0409978 0.0456624 0.0490232 0.0512013 0.0524634 0.0530952 0.0533475 0.0534245 0.0534795 0.0536016 0.0537805 0.0538442 0.053398 0.0518368 0.0485129 0.0430515 0.0356585 0.0271901
 0.00477309 0.00781998 0.0118984 0.0170241 0.0230798 0.0297197 0.0363498 0.0422824 0.0469961 0.0503036 0.052324 0.0533352 0.0536454 0.0535352 0.0532421 0.05295 0.0527712 0.0527094 0.0525991 0.0520492 0.0504594 0.0471872 0.0418573 0.0346615 0.0264267
 0.00496814 0.00813687 0.0123752 0.0176963 0.0239746 0.0308458 0.0376866 0.043775 0.0485605 0.0518401 0.0537294 0.0545108 0.054503 0.0540035 0.0532744 0.0525309 0.051919 0.0514739 0.0510568 0.0502983 0.0486158 0.0453784 0.0402088 0.0332761 0.0253619
 0.00519188 0.00850213 0.0129276 0.0184792 0.02502 0.0321618 0.0392435 0.0455018 0.0503555 0.0535906 0.0553286 0.0558657 0.0555335 0.0546404 0.0534599 0.0522242 0.0511045 0.0501702 0.0493237 0.0482394 0.0463752 0.0431287 0.038127 0.0315092 0.0239959
 0.00541295 0.00886801 0.0134903 0.0192912 0.0261242 0.0335745 0.040938 0.0474022 0.0523479 0.0555454 0.0571219 0.0573918 0.0567081 0.0553977 0.0537475 0.0520004 0.0503409 0.0488621 0.047506 0.0460016 0.0438682 0.0405538 0.0357036 0.0294279 0.0223737
 0.00564565 0.0092474 0.0140638 0.0201049 0.0272157 0.0349607 0.0426012 0.0492824 0.0543483 0.0575471 0.0590012 0.0590328 0.0580111 0.0562827 0.054154 0.0518827 0.0496669 0.0476176 0.0457097 0.0437265 0.0412579 0.0378181 0.0330866 0.0271519 0.0205831
 0.00587929 0.00962996 0.0146446 0.0209315 0.028325 0.0363647 0.0442727 0.0511512 0.0563123 0.0594924 0.0608191 0.0606271 0.0592974 0.0571867 0.0546109 0.0518379 0.0490774 0.0464581 0.0439861 0.0414975 0.0386547 0.0350473 0.0304 0.0247888 0.0187071
 0.00612558 0.0100347 0.0152616 0.0218134 0.0295122 0.0378691 0.0460605 0.053138 0.0583758 0.061498 0.0626434 0.0621714 0.0604892 0.0579741 0.054954 0.0517014 0.0484279 0.0452695 0.0422559 0.0392713 0.0360501 0.0322605 0.0276801 0.02238 0.0167824
 0.00638481 0.0104574 0.0159001 0.0227174 0.0307193 0.0393897 0.0478623 0.0551394 0.060456 0.063519 0.0644733 0.0636997 0.061634 0.0586829 0.0551973 0.0514632 0.0476962 0.0440349 0.0405224 0.0370797 0.0335049 0.0295412 0.0250211 0.0200171 0.0148867
 0.00662251 0.0108481 0.0164961 0.0235696 0.031867 0.0408444 0.0495914 0.0570609 0.0624512 0.0654553 0.0662257 0.0651634 0.0627287 0.0593526 0.0554086 0.0512004 0.0469551 0.0428189 0.0388474 0.0349911 0.0311003 0.0269833 0.022523 0.0177948 0.0131
 0.00683035 0.0111922 0.0170254 0.0243335 0.032906 0.0421739 0.0511856 0.0588469 0.0643184 0.067277 0.0678798 0.0665461 0.0637607 0.0599797 0.0555991 0.0509403 0.0462429 0.0416635 0.0372718 0.0330452 0.0288784 0.0246341 0.0202369 0.0157646 0.0114679
 0.00704784 0.0115474 0.0175631 0.0250964 0.0339263 0.0434604 0.0527096 0.0605373 0.0660704 0.0689712 0.0694017 0.0677987 0.0646707 0.0604988 0.0557021 0.05062 0.0455051 0.0405241 0.0357598 0.0312134 0.0268171 0.0224789 0.0181566 0.0139273 0.00999588
 0.00728007 0.011927 0.0181377 0.0259103 0.03501 0.0448153 0.0542934 0.0622604 0.0678107 0.0705992 0.0708039 0.0688899 0.0653957 0.0608289 0.0556297 0.0501529 0.0446615 0.0393297 0.034251 0.0294455 0.024876 0.0204863 0.0162597 0.0122687 0.00867668
 0.00744958 0.0122082 0.0185714 0.0265379 0.0358652 0.0459106 0.0556057 0.0637255 0.0693312 0.0720625 0.072101 0.0699295 0.066112 0.0611839 0.0556106 0.049767 0.043929 0.0382804 0.0329247 0.0278981 0.0231879 0.0187655 0.0146322 0.0108539 0.00755651
 0.00754535 0.0123655 0.0188117 0.026884 0.0363392 0.0465289 0.0563727 0.064628 0.0703357 0.0731163 0.0731365 0.0708705 0.0668825 0.0617178 0.05586 0.0497056 0.0435525 0.0376033 0.0319793 0.0267358 0.0218825 0.0174133 0.0133424 0.00972773 0.00666313
 0.00758447 0.0124259 0.0188971 0.0269978 0.0364861 0.0467172 0.0566159 0.064943 0.0707387 0.0736162 0.0737276 0.0715268 0.067556 0.0623433 0.0563644 0.0500216 0.0436294 0.0374153 0.0315287 0.0260543 0.0210302 0.0164743 0.0124129 0.00889755 0.00599516
 0.00767823 0.0125645 0.0190802 0.0272157 0.0367226 0.0469548 0.0568405 0.0651472 0.0709245 0.073796 0.0739214 0.0717551 0.0678293 0.062652 0.0566759 0.0502838 0.0437825 0.0374064 0.0313262 0.0256571 0.0204712 0.015816 0.0117345 0.00827654 0.00548775
 0.00771109 0.0126214 0.0191713 0.0273507 0.0369061 0.0471803 0.057087 0.0653831 0.0711182 0.0739297 0.0739988 0.0718 0.0678743 0.062725 0.0567872 0.0504196 0.0439066 0.0374698 0.031282 0.0254773 0.0201578 0.0154029 0.0112786 0.00784035 0.00512088
 0.00777182 0.0127099 0.0192861 0.027485 0.037051 0.0473297 0.0572391 0.065538 0.0712722 0.0740715 0.0741121 0.0718709 0.067901 0.0627199 0.0567715 0.0504113 0.0439085 0.0374655 0.0312413 0.0253695 0.0199675 0.0151389 0.010973 0.00753659 0.00485798
 0.0078217 0.0127874 0.0193955 0.0276263 0.037219 0.0475124 0.0574188 0.0656945 0.0713897 0.074144 0.0741442 0.0718728 0.0678815 0.0626849 0.0567255 0.0503601 0.0438578 0.0374149 0.0311811 0.025283 0.0198397 0.0149673 0.0107715 0.00733102 0.00467535
 0.00784806 0.0128258 0.0194452 0.027684 0.0372801 0.047573 0.0574765 0.065748 0.0714372 0.0741832 0.0741728 0.0718903 0.0678905 0.0626892 0.0567284 0.0503627 0.0438591 0.0374118 0.0311676 0.0252504 0.0197794 0.0148761 0.0106557 0.00720589 0.00455907
 0.00786576 0.0128524 0.0194808 0.0277271 0.0373272 0.0476191 0.057516 0.065776 0.0714514 0.0741845 0.0741658 0.0718809 0.0678835 0.0626871 0.0567317 0.0503705 0.0438692 0.0374207 0.0311702 0.0252403 0.0197508 0.0148263 0.010588 0.00712928 0.00448529
 0.00791601 0.0129284 0.0195845 0.027856 0.0374745 0.0477746 0.0576663 0.065906 0.0715463 0.0742336 0.0741653 0.0718349 0.0678027 0.0625855 0.0566228 0.0502649 0.0437733 0.0373367 0.0310967 0.0251735 0.019686 0.0147603 0.0105205 0.00706369 0.00442702
 0.00788851 0.0128908 0.019541 0.0278147 0.0374451 0.0477644 0.0576776 0.0659353 0.071587 0.0742785 0.0742086 0.0718729 0.0678332 0.0626078 0.0566377 0.0502744 0.0437795 0.0373411 0.0310991 0.025172 0.0196781 0.014744 0.0104964 0.00703466 0.00439766
 0.00787668 0.0128616 0.0194796 0.0277036 0.0372711 0.047529 0.0574034 0.0656638 0.0713652 0.0741429 0.074174 0.071932 0.0679642 0.0627839 0.0568342 0.0504718 0.0439648 0.0375063 0.0312397 0.0252857 0.0197639 0.0148027 0.0105306 0.00704962 0.00439984
 0.00790486 0.0129007 0.0195252 0.0277453 0.0372934 0.0475129 0.0573316 0.065527 0.0711694 0.0739127 0.073949 0.0717548 0.0678653 0.062773 0.0569002 0.0505912 0.0441112 0.0376573 0.0313796 0.0254051 0.0198583 0.0148711 0.0105752 0.00707466 0.00441098
 0.00789618 0.0128928 0.0195242 0.0277597 0.0373297 0.0475706 0.0573988 0.0655813 0.0711845 0.0738691 0.0738429 0.0716018 0.0676972 0.0626265 0.0568047 0.0505598 0.0441392 0.0377275 0.0314707 0.0254983 0.0199405 0.0149355 0.0106203 0.00710256 0.00442579
 0.00786084 0.012833 0.0194308 0.0276248 0.0371513 0.0473581 0.0571751 0.065379 0.0710346 0.0737881 0.0738271 0.0716323 0.0677521 0.0626929 0.0568824 0.0506566 0.0442623 0.0378763 0.0316352 0.0256626 0.020089 0.0150574 0.0107111 0.00716394 0.00446322
 0.00785646 0.0128204 0.0194017 0.0275677 0.0370542 0.0472126 0.0569821 0.0651514 0.0707973 0.0735734 0.0736663 0.0715464 0.0677453 0.0627536 0.0569906 0.0507937 0.0444163 0.038041 0.0318054 0.0258305 0.0202441 0.0151895 0.0108139 0.0072365 0.00450954
 0.00783643 0.0127886 0.019355 0.0275031 0.0369683 0.0471019 0.0568436 0.064985 0.0706082 0.0733746 0.0734785 0.0713951 0.0676544 0.0627376 0.0570502 0.0509167 0.0445829 0.0382308 0.0320016 0.0260201 0.0204165 0.0153362 0.0109296 0.00732016 0.0045645
 0.00780769 0.0127408 0.0192811 0.0273966 0.0368252 0.0469236 0.056639 0.0647697 0.0704006 0.0731909 0.0733302 0.0712899 0.0675988 0.0627385 0.0571126 0.0510399 0.0447581 0.0384418 0.0322284 0.0262433 0.02062 0.0155089 0.0110656 0.00741888 0.00463005
 0.00779328 0.0127165 0.0192428 0.0273396 0.0367449 0.0468167 0.0565053 0.0646137 0.0702317 0.0730225 0.0731772 0.0711661 0.0675149 0.062701 0.0571251 0.0511032 0.0448696 0.0385939 0.032408 0.0264333 0.0208031 0.0156704 0.0111962 0.00751562 0.00469537
 0.00774037 0.0126314 0.0191168 0.0271659 0.0365212 0.0465478 0.0562061 0.0643082 0.069949 0.0727896 0.0730141 0.071083 0.0675131 0.0627752 0.0572655 0.0512976 0.0451046 0.0388558 0.0326819 0.0267032 0.0210527 0.0158857 0.0113683 0.00764219 0.0047805
 0.00770991 0.0125778 0.0190288 0.027031 0.0363287 0.0462945 0.0559005 0.0639724 0.0696146 0.0724911 0.0727815 0.0709374 0.0674645 0.0628228 0.0573993 0.0515018 0.0453606 0.039144 0.0329828 0.0269983 0.0213247 0.0161204 0.0115565 0.00778132 0.00487466
 0.00770671 0.0125706 0.0190137 0.0270022 0.0362783 0.0462133 0.0557801 0.0638081 0.0694089 0.0722562 0.0725393 0.0707161 0.0672923 0.0627214 0.0573802 0.0515647 0.0454954 0.0393336 0.0332069 0.0272353 0.0215543 0.0163256 0.0117254 0.00790887 0.00496254
 0.00767941 0.0125318 0.0189657 0.0269499 0.0362275 0.0461673 0.055737 0.0637607 0.0693469 0.0721706 0.0724268 0.0705819 0.0671512 0.0625949 0.0572912 0.0515314 0.0455264 0.0394265 0.0333493 0.0274085 0.021737 0.0164982 0.0118731 0.00802356 0.00504325
 0.00763512 0.0124627 0.0188676 0.0268219 0.0360736 0.0459976 0.0555678 0.0636114 0.0692346 0.0721031 0.0723996 0.0705816 0.0671628 0.0626095 0.05731 0.0515638 0.045585 0.0395204 0.0334792 0.027566 0.0219068 0.0166625 0.0120166 0.00813683 0.00512399
 0.00760991 0.0124204 0.0188016 0.0267258 0.0359432 0.0458335 0.0553787 0.0634146 0.0690528 0.0719588 0.072309 0.0705501 0.0671842 0.0626698 0.0573932 0.0516588 0.0456881 0.0396342 0.0336077 0.0277088 0.0220575 0.0168095 0.0121472 0.00824203 0.00520032
 0.00760729 0.0124132 0.0187852 0.0266938 0.0358884 0.0457501 0.0552648 0.0632736 0.0688945 0.0717981 0.0721643 0.0704394 0.0671209 0.0626588 0.0574301 0.0517326 0.0457863 0.0397471 0.0337298 0.0278371 0.0221879 0.0169351 0.0122596 0.00833388 0.00526818
 0.00758451 0.0123811 0.0187459 0.0266515 0.0358476 0.0457126 0.0552275 0.0632295 0.0688359 0.0717211 0.0720719 0.0703416 0.0670325 0.0625953 0.0574028 0.0517457 0.0458367 0.0398265 0.0338284 0.0279459 0.0222993 0.017042 0.0123551 0.00841231 0.00532677
 0.00757276 0.0123616 0.0187158 0.0266091 0.0357928 0.0456492 0.0551628 0.0631728 0.0687939 0.0716944 0.0720542 0.0703238 0.0670084 0.0625655 0.0573753 0.0517316 0.0458452 0.0398615 0.0338875 0.0280226 0.0223849 0.0171277 0.0124333 0.00847738 0.00537589
 0.00754907 0.0123254 0.0186658 0.0265454 0.035717 0.0455639 0.0550722 0.0630829 0.0687129 0.0716314 0.0720159 0.0703126 0.0670204 0.0625931 0.0574108 0.0517714 0.0458905 0.0399158 0.0339537 0.0280999 0.0224685 0.0172107 0.0125085 0.0085395 0.00542243
 0.00753747 0.0123055 0.0186339 0.0264978 0.0356514 0.0454808 0.0549764 0.0629832 0.0686199 0.0715544 0.0719617 0.0702845 0.0670188 0.0626156 0.0574525 0.0518261 0.0459528 0.0399829 0.0340248 0.0281745 0.022545 0.0172851 0.0125758 0.00859516 0.00546427
 0.00754221 0.0123128 0.0186441 0.0265104 0.0356646 0.045491 0.0549787 0.0629721 0.0685918 0.0715096 0.0719048 0.0702233 0.0669622 0.0625707 0.0574237 0.0518145 0.0459571 0.0400003 0.0340527 0.0282107 0.022587 0.0173297 0.0126189 0.00863297 0.00549399
 0.00752197 0.0122836 0.018607 0.0264688 0.0356232 0.0454546 0.0549501 0.0629519 0.0685782 0.0714993 0.0718946 0.0702112 0.0669488 0.062559 0.0574182 0.0518189 0.0459734 0.0400282 0.0340902 0.0282547 0.0226342 0.0173765 0.012662 0.00866934 0.00552196
 0.00751159 0.0122633 0.0185705 0.0264092 0.0355357 0.0453404 0.0548192 0.062822 0.0684693 0.0714267 0.0718642 0.0702192 0.0669857 0.0626142 0.0574831 0.0518888 0.0460462 0.0401033 0.0341664 0.02833 0.0227058 0.0174413 0.0127171 0.00871305 0.00555392
 0.00749402 0.0122373 0.0185358 0.0263663 0.035485 0.0452808 0.0547481 0.0627375 0.0683738 0.0713288 0.0717781 0.07016 0.0669632 0.06263 0.0575311 0.0519588 0.0461283 0.0401899 0.0342528 0.0284129 0.0227824 0.0175089 0.0127736 0.00875705 0.00558558
 0.00747234 0.0122018 0.0184823 0.0262915 0.0353878 0.0451642 0.0546201 0.0626102 0.068259 0.0712356 0.071711 0.0701209 0.066954 0.0626529 0.0575865 0.0520437 0.0462351 0.0403086 0.0343736 0.0285279 0.0228858 0.0175971 0.0128446 0.00881053 0.00562292
 0.00747234 0.0122018 0.0184823 0.0262915 0.0353878 0.0451642 0.0546201 0.0626102 0.068259 0.0712356 0.071711 0.0701209 0.066954 0.0626529 0.0575865 0.0520437 0.0462351 0.0403086 0.0343736 0.0285279 0.0228858 0.0175971 0.0128446 0.00881053 0.00562292
 0.00721859 0.0117984 0.0178938 0.0254956 0.0343853 0.0439912 0.0533583 0.0613832 0.06721 0.0704913 0.0713509 0.0701641 0.0673637 0.0633542 0.0584873 0.0530519 0.0472704 0.0413075 0.0352889 0.029328 0.0235527 0.0181253 0.0132395 0.00908712 0.00580286
 0.0073363 0.0119543 0.0180619 0.0256275 0.0344198 0.0438727 0.0530546 0.060896 0.0665762 0.0697788 0.0706479 0.0695633 0.0669435 0.0631612 0.0585284 0.0532977 0.0476671 0.0417917 0.0358008 0.0298186 0.0239873 0.0184837 0.0135148 0.00928357 0.00593229
 0.00727999 0.0118875 0.018005 0.0256088 0.0344605 0.0439666 0.0531562 0.060929 0.0664638 0.0694793 0.070177 0.0689913 0.0663724 0.0626937 0.0582415 0.0532274 0.0478062 0.042098 0.0362122 0.0302694 0.024421 0.0188606 0.013814 0.00950135 0.00607743
 0.00728981 0.011897 0.0180088 0.0256019 0.0344442 0.0439543 0.0531717 0.0609942 0.066578 0.0696049 0.0702464 0.0689373 0.066164 0.0623568 0.0578509 0.0528766 0.047573 0.0420211 0.0362863 0.0304559 0.0246662 0.019113 0.0140363 0.00967406 0.00619752
 0.00735381 0.0120074 0.0181853 0.0258635 0.0348009 0.0443963 0.0536642 0.0614822 0.0670023 0.0699193 0.0704228 0.0689586 0.0660177 0.0620386 0.0573799 0.0523053 0.0469808 0.0414918 0.0358812 0.0301981 0.0245419 0.0190852 0.0140625 0.00971955 0.00624084
 0.00733168 0.0119792 0.0181581 0.0258509 0.034822 0.0444727 0.0538138 0.0617121 0.0673027 0.0702597 0.0707577 0.0692377 0.0661974 0.0620896 0.0572902 0.0520842 0.0466613 0.0411281 0.0355356 0.029922 0.0243604 0.0189946 0.0140388 0.00973288 0.00626667
 0.00715931 0.0117034 0.017753 0.0253002 0.0341281 0.0436679 0.052969 0.0609325 0.0667051 0.0699401 0.0707622 0.0695514 0.0667521 0.0627856 0.0580223 0.0527647 0.0472352 0.0415779 0.035876 0.0301853 0.024579 0.0191877 0.01421 0.00987609 0.00637563
 0.00699498 0.0114229 0.0173072 0.0246381 0.0332119 0.0424962 0.051598 0.0594811 0.0653373 0.0688295 0.0700542 0.0693338 0.067039 0.0635172 0.05908 0.0540001 0.0485038 0.0427666 0.0369167 0.0310533 0.0252792 0.0197383 0.0146304 0.0101836 0.00658691
 0.00701091 0.0114359 0.0173012 0.0245849 0.0330723 0.0422244 0.0511512 0.0588344 0.0645004 0.0678611 0.0690633 0.0684616 0.0664257 0.0632636 0.0592203 0.0544942 0.0492528 0.043644 0.037803 0.0318607 0.02596 0.0202786 0.0150376 0.0104749 0.00678315
 0.00696061 0.0113638 0.0172097 0.0244803 0.032959 0.0420982 0.0509936 0.058613 0.064178 0.0674107 0.0684854 0.067798 0.0657613 0.0627116 0.058892 0.0544639 0.0495324 0.0441801 0.0384968 0.0326007 0.0266524 0.0208639 0.0154921 0.0108016 0.00700094
 0.006926 0.0113073 0.0171249 0.0243627 0.0328089 0.0419229 0.0508077 0.058433 0.0640117 0.0672482 0.0682987 0.067555 0.0654473 0.0623488 0.0585433 0.0542167 0.0494669 0.0443364 0.0388588 0.0331029 0.0272058 0.0213862 0.0159279 0.0111286 0.00722346
 0.00690286 0.011273 0.0170791 0.0243066 0.0327439 0.0418496 0.0507253 0.0583411 0.0639121 0.0671438 0.0681907 0.0674369 0.0653053 0.0621694 0.0583288 0.0539965 0.0492958 0.0442754 0.0389474 0.0333392 0.0275465 0.0217651 0.0162816 0.0114153 0.0074288
 0.00693946 0.011334 0.0171735 0.0244427 0.0329264 0.0420751 0.0509787 0.0585949 0.0641312 0.0672942 0.0682473 0.0673883 0.0651527 0.0619234 0.0580069 0.0536256 0.0489153 0.0439364 0.0387013 0.0332197 0.0275551 0.0218711 0.0164364 0.0115724 0.00755781
 0.00695975 0.0113719 0.0172397 0.0245501 0.0330873 0.042296 0.0512552 0.0589092 0.0644535 0.0675878 0.0684743 0.0675166 0.0651612 0.061806 0.0577732 0.0532991 0.0485318 0.0435415 0.0383445 0.0329446 0.0273863 0.0218067 0.0164508 0.011629 0.00762383
 0.00701631 0.0114664 0.0173865 0.0247639 0.0333795 0.0426695 0.0516987 0.0593953 0.0649421 0.0680325 0.0688305 0.0677466 0.0652389 0.0617197 0.0575274 0.0529149 0.0480455 0.0430014 0.0378056 0.03246 0.0269971 0.0215319 0.016285 0.0115481 0.00759649
#pred catch len freq
