SBPRF35
12.7214
Curr Bio
979283
B35
881655
F35
0.171309
FOFL
0.171309
OFL
132929
Bzero
3.63469e+006
#pred survey bio
 3.85162e+006 3.70251e+006 3.5751e+006 3.40201e+006 3.1718e+006 2.90184e+006 2.61484e+006 2.35338e+006 2.1147e+006 1.881e+006 1.62618e+006 1.43475e+006 1.27207e+006 1.13452e+006 999975 888815 794344 731051 694854 661040 633741 617882 599723 591239 573853 557455 551791 550730 546218 547142 553024 561805 567959 580212 587644 593679 607580 616252 626890 643770 668600 672539 675913 675392 690060 705169 707027 697028 698146 712392 705382 713036 758187 792927 829699 843705 853900 888410 896889 903902 926300 955148 973918 994686 1.00396e+006 1.00269e+006 984809 2.19668e+007 1.96383e+007 1.95514e+007 2.00604e+007 2.0991e+007 2.21142e+007 2.32545e+007 2.43041e+007 2.52119e+007 2.59645e+007 2.65708e+007 2.70494e+007 2.74221e+007 2.77099e+007 2.79309e+007 2.81003e+007 2.82301e+007 2.83297e+007 2.84063e+007 2.84654e+007 2.85113e+007 2.8547e+007 2.85749e+007 2.85969e+007 2.86142e+007 2.86279e+007 2.86388e+007 2.86474e+007 2.86544e+007 2.86599e+007 2.86644e+007 2.8668e+007 2.86709e+007 2.86733e+007 2.86752e+007 2.86767e+007 2.8678e+007 2.8679e+007 2.86799e+007 2.86806e+007 2.86811e+007 2.86816e+007 2.86819e+007 2.86822e+007 2.86825e+007 2.86827e+007 2.86829e+007 2.8683e+007 2.86831e+007 2.86832e+007 2.86833e+007 2.86833e+007 2.86834e+007 2.86834e+007 2.86835e+007 2.86835e+007 2.86835e+007 2.86835e+007 2.86835e+007 2.86836e+007 2.86836e+007 2.86836e+007 2.86836e+007 2.86836e+007 2.86836e+007 2.86836e+007 2.86836e+007 2.86836e+007 2.86836e+007 2.86836e+007 2.86836e+007 2.86836e+007 2.86836e+007 2.86836e+007 2.86836e+007 2.86836e+007 2.86836e+007 2.86836e+007 2.86836e+007 2.86836e+007 2.86836e+007 2.86836e+007 2.86836e+007 2.86836e+007 2.86836e+007 2.86836e+007 2.86836e+007 2.86836e+007 2.86836e+007 2.86836e+007 2.86836e+007 2.86836e+007 2.86836e+007 2.86836e+007 2.86836e+007 2.86836e+007 2.86836e+007 2.86836e+007 2.86836e+007 2.86836e+007 0 0 0 0 0 0 0 0 0 0 0 0 0 0 0 0 0 0 0 0 0 0 0 0 0
#obs survey bio
 4.67602e+006 3.10275e+006 4.59364e+006 3.1311e+006 3.42522e+006 2.62843e+006 2.66779e+006 2.07925e+006 1.60158e+006 1.97112e+006 1.0734e+006 2.21454e+006 1.22953e+006 888767 799706 811550 648871 521021 870040 784210 712320 543728 564396 865023 562344 724775 527203 483568 452248 453666 506350 521497 634338 474903 662100 598602 515314 494535 307012 623897 690969 853028 639169 669019 744245 920352 669230 1.23753e+006 824914 926264 494920 656168 718223 789153 598396 751505 895639 874432 623614 638187 889447 812118 933874 1.18648e+006 1.09715e+006 1.08572e+006 1.11299e+006
#pred catch bio
 100495 91727.6 145733 212401 265514 299632 295472 293178 304791 336090 287776 268177 249659 248469 227302 210415 180272 154181 148938 139646 126756 125827 114789 119378 115289 104092 99526.3 102189 97540.3 93798.6 92030.9 94793.2 90225 95066.4 96707 91173.5 97553.7 98116.3 95526.9 91364.9 110025 110002 113033 100581 101297 112821 121634 110479 99114 117468 105193 75502.8 86939.8 86789.8 107733 112029 93328.8 118155 120799 109119 104898 113705 111268 120037 127381 138885 144101 132929 129860 127997 129963 135265 142043 148953 155243 160579 164891 168256 170814 172720 174119 175132 175860 176379 176746 177005 177186 177313 177402 177464 177507 177536 177557 177571 177581 177588 177593 177596 177598 177600 177601 177602 177602 177602 177603 177603 177603 177603 177603 177603 177603 177603 177603 177603 177603 177603 177603 177603 177603 177603 177603 177603 177603 177603 177603 177603 177603 177603 177603 177603 177603 177603 177603 177603 177603 177603 177603 177603 177603 177603 177603 177603 177603 177603 177603 177603 177603 177603 177603 177603 177603 177603 177603 177603 177603 177603 177603 177603 177603 177603 177603 177603 177603 177603 177603 177603 177603 0 0 0 0 0 0 0 0 0 0 0 0 0 0 0 0 0 0 0 0 0 0 0 0 0
#obs catch bio
 0 91334.1 145536 212128 264531 297964 293874 292510 305428 337535 289571 268843 250156 249658 228589 212439 181999 156175 149456 140102 126649 126009 114793 118682 114803 103101 98998.2 101993 97402.6 93959.1 91966.2 94901.9 89941.6 94991.1 96625 90784.1 97583.4 98316.7 96341.7 91984.6 110682 109829 113107 100799 101487 112622 122302 110311 98475.6 116927 105272 75324.4 87168.8 86560.1 108020 112483 93115.7 118509 121509 109796 105334 114473 111674 120417 127346 138704 144164
#pred cpue bio
 3.80306e+006 3.6555e+006 3.52911e+006 3.35647e+006 3.12694e+006 2.85787e+006 2.57173e+006 2.31084e+006 2.07272e+006 1.84005e+006 1.58705e+006 1.39702e+006 1.23572e+006 1.09936e+006 966186 856356 763441 701478 666383 633782 607493 592327 574921 567045 550477 534726 529291 528229 523759 524603 530376 539021 545113 557141 564420 570312 583738 591887 601870 618093 642493 646664 650088 649519 663839 678754 680697 671131 672517 686563 679550 686829 731188 765684 801911 815414 825063 858697 866820 873432 895425 924139 943054 963821 973254 972223 955087 2.13173e+007 1.90605e+007 1.88548e+007 1.92283e+007 2.01113e+007 2.12233e+007 2.23613e+007 2.34106e+007 2.43183e+007 2.50709e+007 2.56772e+007 2.61558e+007 2.65285e+007 2.68163e+007 2.70373e+007 2.72067e+007 2.73365e+007 2.74361e+007 2.75127e+007 2.75718e+007 2.76177e+007 2.76534e+007 2.76813e+007 2.77033e+007 2.77206e+007 2.77343e+007 2.77452e+007 2.77538e+007 2.77608e+007 2.77663e+007 2.77708e+007 2.77744e+007 2.77773e+007 2.77797e+007 2.77816e+007 2.77831e+007 2.77844e+007 2.77854e+007 2.77863e+007 2.7787e+007 2.77875e+007 2.7788e+007 2.77883e+007 2.77886e+007 2.77889e+007 2.77891e+007 2.77893e+007 2.77894e+007 2.77895e+007 2.77896e+007 2.77897e+007 2.77897e+007 2.77898e+007 2.77898e+007 2.77899e+007 2.77899e+007 2.77899e+007 2.77899e+007 2.77899e+007 2.779e+007 2.779e+007 2.779e+007 2.779e+007 2.779e+007 2.779e+007 2.779e+007 2.779e+007 2.779e+007 2.779e+007 2.779e+007 2.779e+007 2.779e+007 2.779e+007 2.779e+007 2.779e+007 2.779e+007 2.779e+007 2.779e+007 2.779e+007 2.779e+007 2.779e+007 2.779e+007 2.779e+007 2.779e+007 2.779e+007 2.779e+007 2.779e+007 2.779e+007 2.779e+007 2.779e+007 2.779e+007 2.779e+007 2.779e+007 2.779e+007 2.779e+007 2.779e+007 2.779e+007 2.779e+007 2.779e+007 2.779e+007 0 0 0 0 0 0 0 0 0 0 0 0 0 0 0 0 0 0 0 0 0 0 0 0 0
#obs cpue bio
 4.05388e+006 3.87986e+006 5.10803e+006 3.2472e+006 3.69182e+006 3.89339e+006 2.18915e+006 1.77898e+006 1.74897e+006 1.79696e+006 1.60019e+006 1.17763e+006 1.22865e+006 1.2238e+006 1.02854e+006 712732 766915 610329 901702 514255 644147 629281 597200 659342 547744 636030 454484 533070 604176 495124 681494 541555 631717 619770 525680 690883 529590 614181 633243 533639 883597 801773 636444 470669 616733 781049 435654 591736 779059 645873 641075 597371 729060 1.03964e+006 843622 803044 879045 821396 830824 885512 989067 930548 1.07209e+006 920679 1.23628e+006 1.06882e+006 751314
#pred surv len freq
 0.00506401 0.00813005 0.0120657 0.0168015 0.0222049 0.0280235 0.0338473 0.0391889 0.0436606 0.047102 0.0495664 0.0512152 0.0522233 0.0527411 0.0528968 0.0528161 0.0526438 0.0525361 0.0525814 0.0526472 0.0522378 0.0505297 0.0466947 0.0404042 0.0321778
 0.00526192 0.00837967 0.0123117 0.0169572 0.0221877 0.0278039 0.0334799 0.038798 0.0433827 0.0470211 0.0496851 0.0514773 0.0525666 0.0531412 0.0533749 0.0534079 0.0533502 0.053283 0.0532147 0.0529746 0.0521059 0.0499005 0.0456763 0.039212 0.031046
 0.00539637 0.00860867 0.0126704 0.017471 0.0228504 0.028555 0.034199 0.0393373 0.0436309 0.0469626 0.0494097 0.0511302 0.0522764 0.0529768 0.0533499 0.053511 0.0535608 0.0535575 0.0534625 0.0530582 0.0518856 0.0493042 0.0447503 0.0381126 0.0299727
 0.00555344 0.00885875 0.0130385 0.0179805 0.0235225 0.0294022 0.0352108 0.0404601 0.0447567 0.0479412 0.0500923 0.0514277 0.0521977 0.0526209 0.0528566 0.0530031 0.053109 0.0531705 0.0530913 0.05261 0.0512563 0.0484305 0.0436562 0.0369157 0.0288375
 0.00577125 0.00920469 0.0135441 0.0186703 0.0244105 0.0304874 0.0364705 0.0418467 0.0461973 0.0493405 0.0513345 0.0523847 0.0527545 0.0527132 0.0525002 0.0522913 0.0521735 0.052127 0.0519991 0.0514646 0.0500167 0.0470696 0.0422057 0.0354766 0.0275458
 0.00607281 0.00967837 0.0142264 0.0195853 0.0255671 0.0318755 0.0380547 0.0435622 0.0479552 0.0510387 0.0528687 0.0536527 0.053657 0.0531609 0.0524323 0.0516987 0.0511106 0.0506975 0.0503191 0.0496278 0.0480855 0.0450973 0.0402687 0.0336857 0.026021
 0.00643214 0.010246 0.01505 0.0206981 0.0269831 0.0335814 0.0400003 0.0456575 0.0500804 0.0530648 0.0546756 0.0551387 0.0547379 0.0537656 0.0525021 0.0511954 0.0500307 0.0490851 0.0482655 0.0472563 0.0455346 0.0425121 0.0378016 0.0314881 0.024217
 0.00676044 0.0107702 0.0158214 0.0217593 0.0283613 0.0352782 0.0419792 0.0478372 0.0523421 0.0552712 0.0566908 0.0568422 0.0560308 0.0545707 0.0527606 0.050864 0.0490859 0.0475343 0.0461615 0.0447068 0.0427 0.0395927 0.0350141 0.0290314 0.0222337
 0.00700436 0.0111705 0.0164315 0.0226325 0.0295426 0.0367897 0.0438039 0.0499107 0.054559 0.0575016 0.0587985 0.0586976 0.0575192 0.0555969 0.0532501 0.0507619 0.0483559 0.0461653 0.0441819 0.042203 0.0398282 0.0365729 0.0320993 0.0264575 0.0201653
 0.0072426 0.0115554 0.0170072 0.0234414 0.0306208 0.0381586 0.0454581 0.0518088 0.0566229 0.059624 0.0608553 0.0605606 0.0590676 0.0567257 0.0538741 0.0508153 0.0477918 0.0449595 0.0423465 0.0398066 0.0370152 0.0335641 0.0291622 0.0238488 0.0180669
 0.00760276 0.0121258 0.0178377 0.0245689 0.0320638 0.0399088 0.0474704 0.0539975 0.0588709 0.0618028 0.0628434 0.0622531 0.0603785 0.0575857 0.054228 0.0506187 0.0470101 0.0435715 0.0403587 0.0372766 0.0340758 0.0304301 0.026104 0.0211325 0.0158839
 0.00789714 0.0125893 0.018508 0.0254727 0.0332152 0.0413055 0.0490867 0.0557792 0.0607379 0.0636584 0.0645868 0.063789 0.0616223 0.058466 0.0546852 0.0506025 0.0464779 0.0424924 0.0387261 0.0351307 0.0315272 0.0276687 0.0233771 0.0186893 0.0139088
 0.00823957 0.0131215 0.0192633 0.0264664 0.0344434 0.0427444 0.0506897 0.057476 0.0624419 0.0652802 0.0660461 0.06502 0.0625723 0.0590916 0.0549485 0.0504682 0.045912 0.0414661 0.0372277 0.0331871 0.0292273 0.0251753 0.0209089 0.0164715 0.012111
 0.00852734 0.0135831 0.0199458 0.0274074 0.0356619 0.0442277 0.0523812 0.0592743 0.0642182 0.0669072 0.0674227 0.0660819 0.0632885 0.0594535 0.0549572 0.0501242 0.0452092 0.040393 0.0357785 0.0313823 0.0271377 0.0229349 0.0187023 0.0144926 0.0105074
 0.00881403 0.0140458 0.0206359 0.0283701 0.0369274 0.0457969 0.0542087 0.0612615 0.0662219 0.0687646 0.0689817 0.0672263 0.0639536 0.0596284 0.0546732 0.0494337 0.0441648 0.0390351 0.0341372 0.0294937 0.0250677 0.0207949 0.0166435 0.0126731 0.0090464
 0.00896902 0.014308 0.02105 0.0289856 0.0377898 0.0469328 0.0556095 0.0628735 0.0679496 0.0704831 0.0705535 0.0685195 0.0648594 0.0600772 0.054643 0.0489472 0.0432749 0.0378067 0.032635 0.0277829 0.0232258 0.0189243 0.0148694 0.0111213 0.00780884
 0.00912839 0.0145589 0.0214133 0.0294785 0.038427 0.0477259 0.0565633 0.0639783 0.0691735 0.071768 0.0718162 0.0696597 0.0657734 0.0606737 0.0548581 0.0487535 0.0426831 0.0368595 0.0313972 0.0263331 0.0216549 0.017336 0.0133761 0.00982649 0.00678382
 0.00915013 0.0146 0.0214863 0.0295995 0.0386139 0.0479948 0.0569256 0.0644402 0.0697373 0.0724317 0.0725687 0.0704715 0.0665899 0.0614163 0.0554359 0.0490821 0.0427032 0.0365493 0.0307751 0.0254538 0.0206013 0.0162097 0.0122842 0.00886421 0.00601541
 0.00912944 0.0145564 0.0214034 0.0294594 0.0384052 0.0477252 0.0566302 0.0641796 0.0695837 0.072449 0.072796 0.0709152 0.0672226 0.0621786 0.0562415 0.0498281 0.0432871 0.0368892 0.0308276 0.0252225 0.0201354 0.0155924 0.0116144 0.0082347 0.00549307
 0.00916866 0.0146144 0.0214788 0.0295447 0.0384859 0.0477801 0.0566357 0.0641182 0.0694554 0.0722804 0.0726393 0.0708343 0.0672715 0.0623821 0.0565849 0.0502584 0.0437241 0.0372439 0.031024 0.0252181 0.0199324 0.015236 0.0111777 0.00779623 0.00511491
 0.00922795 0.0147002 0.0215885 0.0296686 0.0386097 0.0478885 0.0567147 0.0641554 0.0694407 0.0722083 0.0725151 0.07068 0.0671264 0.0622937 0.0565921 0.0503742 0.0439259 0.0374774 0.0312198 0.0253146 0.0198967 0.0150741 0.0109296 0.00751845 0.00485951
 0.00919984 0.0146583 0.0215322 0.0295995 0.0385303 0.0478009 0.0566203 0.0640559 0.0693397 0.072112 0.0724315 0.0706179 0.0670951 0.0623047 0.056659 0.0505082 0.0441266 0.0377246 0.0314727 0.0255231 0.020019 0.0150936 0.0108594 0.0073939 0.0047215
 0.00915404 0.0145936 0.021453 0.029516 0.0384555 0.0477459 0.0565902 0.0640484 0.0693465 0.0721225 0.0724364 0.0706123 0.0670805 0.0622893 0.0566562 0.050533 0.0441907 0.0378294 0.0316048 0.0256553 0.0201196 0.0151395 0.0108464 0.00733647 0.0046443
 0.00909464 0.0144911 0.0212886 0.0292715 0.0381209 0.0473297 0.0561266 0.0635946 0.0689674 0.0718706 0.0723369 0.0706604 0.0672496 0.0625435 0.0569614 0.0508635 0.0445298 0.0381659 0.031927 0.025947 0.0203618 0.0153163 0.0109528 0.00738142 0.00464717
 0.00914978 0.0145728 0.021396 0.0293956 0.0382442 0.0474264 0.0561667 0.0635516 0.0688296 0.0716505 0.072071 0.070398 0.0670354 0.0624038 0.0569014 0.0508728 0.0445916 0.0382636 0.0320457 0.0260721 0.0204779 0.0154091 0.0110135 0.00740984 0.00465081
 0.00929938 0.0147899 0.0216739 0.0297112 0.0385632 0.0477135 0.0563921 0.0636931 0.0688709 0.0715814 0.0718922 0.0701263 0.0667054 0.0620612 0.0565904 0.0506249 0.0444196 0.038164 0.032005 0.0260724 0.0205008 0.0154384 0.0110372 0.00742202 0.00465182
 0.00939412 0.0149309 0.0218614 0.0299348 0.0388029 0.0479422 0.0565796 0.0638109 0.0688995 0.0715163 0.0717444 0.069918 0.0664627 0.0618095 0.0563536 0.0504239 0.0442707 0.0380743 0.031971 0.0260817 0.0205364 0.0154832 0.011078 0.00745154 0.00466865
 0.00941062 0.014961 0.0219124 0.0300146 0.0389168 0.0480882 0.0567451 0.0639727 0.0690293 0.0715884 0.0717441 0.069845 0.0663299 0.0616385 0.0561686 0.0502478 0.0441219 0.0379654 0.031907 0.0260595 0.0205458 0.0155105 0.01111 0.00747905 0.00468757
 0.00945762 0.0150335 0.0220142 0.0301473 0.0390798 0.0482793 0.0569588 0.0641985 0.0692493 0.0717777 0.0718748 0.0698928 0.0662821 0.0614986 0.0559561 0.0499928 0.0438576 0.0377209 0.0317031 0.0259061 0.0204426 0.0154493 0.0110787 0.00746564 0.00468281
 0.00941605 0.0149744 0.0219411 0.0300693 0.0390092 0.0482288 0.0569385 0.0642149 0.0693056 0.071873 0.0720019 0.0700369 0.0664212 0.0616085 0.0560179 0.0499993 0.0438157 0.0376483 0.0316211 0.0258334 0.0203898 0.0154187 0.0110661 0.00746418 0.00468609
 0.00938966 0.0149243 0.0218532 0.0299279 0.0388039 0.0479624 0.0566339 0.0639136 0.0690565 0.0717178 0.0719637 0.0701162 0.0665986 0.0618514 0.0562874 0.0502587 0.0440378 0.0378203 0.0317445 0.0259187 0.0204502 0.0154646 0.011103 0.00749358 0.00470801
 0.00931467 0.0148122 0.0217023 0.0297414 0.0385869 0.0477186 0.0563653 0.0636249 0.0687622 0.071447 0.0717564 0.0700119 0.0666228 0.0620051 0.056547 0.0505837 0.0443825 0.0381453 0.032024 0.0261424 0.0206201 0.015589 0.0111916 0.00755469 0.00474827
 0.00931964 0.0148111 0.021684 0.0296907 0.0384897 0.0475685 0.0561683 0.0633981 0.0685272 0.0712226 0.071557 0.0698515 0.0665186 0.0619764 0.056607 0.0507307 0.0445973 0.0383961 0.0322764 0.026369 0.0208055 0.0157296 0.0112917 0.00762209 0.00479113
 0.00927797 0.0147453 0.0215881 0.0295596 0.0383189 0.0473549 0.0559124 0.0631077 0.0682201 0.0709263 0.0713035 0.06967 0.0664287 0.061986 0.0567143 0.0509267 0.0448654 0.0387118 0.0326088 0.0266865 0.0210826 0.0159518 0.011456 0.00773446 0.00486228
 0.00924845 0.0147033 0.0215358 0.0295022 0.038262 0.0473009 0.0558579 0.0630434 0.0681345 0.0708108 0.0711582 0.0695064 0.0662686 0.0618563 0.0566395 0.0509225 0.0449361 0.0388491 0.0327941 0.0268943 0.0212864 0.0161301 0.0115966 0.00783502 0.00492766
 0.00937957 0.0148838 0.0217474 0.0297087 0.0384202 0.0473784 0.0558457 0.0629565 0.0679997 0.0706522 0.0709885 0.0693283 0.0660828 0.0616691 0.0564657 0.0507824 0.0448483 0.038824 0.0328298 0.0269773 0.0213958 0.0162439 0.0116974 0.00791314 0.00498139
 0.00943552 0.0149725 0.0218751 0.0298756 0.038616 0.0475778 0.0560093 0.0630396 0.0679702 0.0705066 0.0707556 0.0690564 0.0658186 0.0614427 0.0562889 0.0506562 0.0447715 0.0387964 0.03285 0.0270386 0.0214851 0.0163439 0.0117915 0.00798995 0.00503659
 0.00952551 0.0151122 0.0220733 0.0301355 0.0389348 0.0479446 0.0564018 0.0634214 0.0682926 0.0707173 0.0708134 0.0689459 0.0655575 0.0610764 0.055875 0.0502473 0.0444052 0.0384943 0.0326208 0.0268819 0.0213926 0.0163014 0.0117821 0.00799763 0.00504949
 0.00948183 0.015061 0.0220325 0.0301342 0.0390047 0.0481081 0.056661 0.0637555 0.0686627 0.0710759 0.0711124 0.069143 0.0656237 0.0610032 0.0556783 0.0499647 0.0440847 0.0381815 0.0323495 0.0266701 0.0212444 0.0162099 0.011734 0.00797803 0.00504523
 0.00925145 0.0147228 0.0215923 0.0296241 0.0384785 0.0476304 0.0562962 0.0635579 0.0686657 0.0712819 0.0714888 0.0696283 0.0661426 0.0614845 0.0560699 0.0502413 0.0442494 0.0382586 0.032373 0.0266718 0.021246 0.0162208 0.0117541 0.00800212 0.0050677
 0.00903195 0.0143723 0.0210788 0.0289277 0.0376022 0.0466135 0.0552243 0.0625569 0.0678765 0.0708219 0.0714196 0.0699432 0.0667743 0.0623267 0.0570034 0.0511589 0.0450733 0.038948 0.0329206 0.0270927 0.0215641 0.0164592 0.0119299 0.00812754 0.0051523
 0.00906782 0.0144168 0.0211188 0.0289392 0.0375524 0.0464674 0.0549543 0.0621551 0.0673655 0.0702602 0.0708944 0.0695488 0.0665835 0.0623677 0.0572527 0.0515531 0.0455318 0.039397 0.0333099 0.0274007 0.0217922 0.0166212 0.0120423 0.00820406 0.00520283
 0.00912209 0.0144986 0.0212291 0.0290724 0.0376951 0.046597 0.0550394 0.0621586 0.0672536 0.0700153 0.0705279 0.069107 0.0661405 0.0620062 0.0570383 0.0515132 0.0456493 0.0396213 0.0335781 0.0276592 0.0220084 0.0167842 0.0121562 0.00827908 0.00524994
 0.00913589 0.0145288 0.0212887 0.0291772 0.037858 0.0468204 0.0553075 0.0624359 0.0674903 0.0701592 0.0705375 0.068964 0.065858 0.0616302 0.0566385 0.0511632 0.0454042 0.0395014 0.0335682 0.0277212 0.0221002 0.016874 0.0122276 0.00832869 0.00528113
 0.00902713 0.0143593 0.0210483 0.0288645 0.0374845 0.0464139 0.0549129 0.0621089 0.067282 0.0700973 0.0706149 0.0691414 0.06608 0.0618468 0.0568224 0.051316 0.0455488 0.0396656 0.0337673 0.0279495 0.0223354 0.0170891 0.0124027 0.00845634 0.00536494
 0.0089533 0.0142395 0.0208688 0.0286131 0.0371538 0.0460066 0.0544476 0.0616235 0.0668306 0.0697399 0.070403 0.0691026 0.0662094 0.0621078 0.0571607 0.0516792 0.0459022 0.0399971 0.0340794 0.0282465 0.0226136 0.0173369 0.0126068 0.00860941 0.00546865
 0.00880808 0.0140387 0.0206309 0.0283751 0.0369578 0.0458798 0.0543881 0.0616014 0.0668053 0.0696818 0.0703086 0.0689951 0.0661267 0.0620845 0.0572133 0.0518015 0.0460726 0.0401906 0.0342778 0.0284402 0.0227973 0.0175043 0.0127501 0.00872187 0.00554849
 0.0088053 0.0140229 0.0205881 0.0282899 0.0368229 0.0457069 0.0542126 0.0614719 0.0667595 0.0697247 0.0704074 0.0690974 0.0661892 0.0620939 0.0571864 0.0517698 0.0460631 0.0402153 0.0343347 0.0285198 0.0228887 0.0175974 0.012836 0.00879376 0.0056025
 0.00891913 0.0141719 0.0207451 0.0284064 0.0368409 0.0455805 0.0539279 0.0610568 0.0662792 0.0692647 0.0700478 0.0688889 0.0661384 0.0621688 0.0573373 0.0519533 0.0462548 0.0404077 0.0345269 0.0287091 0.0230683 0.0177587 0.0129713 0.00889881 0.00567728
 0.00893495 0.0141983 0.0207843 0.0284562 0.0368894 0.0456009 0.0538791 0.0608945 0.0659769 0.0688344 0.0695481 0.0684104 0.0657735 0.0619788 0.0573355 0.0521092 0.0465147 0.0407176 0.0348461 0.0290125 0.023341 0.0179913 0.0131585 0.00903927 0.00577456
 0.00903091 0.0143561 0.0210245 0.0287971 0.0373403 0.0461525 0.0544931 0.0615005 0.0664815 0.0691426 0.0695908 0.068169 0.0652902 0.0613461 0.0566667 0.0515026 0.0460291 0.0403682 0.0346175 0.0288764 0.0232697 0.0179625 0.0131552 0.00904873 0.00578794
 0.00892327 0.0142013 0.0208299 0.0285849 0.0371452 0.0460145 0.0544497 0.0615777 0.0666842 0.0694462 0.0699398 0.0684884 0.0655085 0.0614213 0.0566017 0.0513421 0.0458383 0.0402057 0.0345165 0.028842 0.023287 0.0180094 0.0132118 0.0091013 0.00582944
 0.00863247 0.0137381 0.0201532 0.0276693 0.0359938 0.0446751 0.0530278 0.0602309 0.0655921 0.0687629 0.0697518 0.0687937 0.0662231 0.0624079 0.0577094 0.0524448 0.0468578 0.0411121 0.0353109 0.0295337 0.02388 0.0185004 0.0135967 0.00938271 0.0060191
 0.00864968 0.0137335 0.0200852 0.027477 0.0356097 0.0440482 0.0521473 0.059142 0.0643959 0.0676027 0.0687872 0.0681661 0.0660207 0.0626412 0.0583115 0.0532953 0.0478217 0.0420756 0.0361997 0.0303117 0.0245352 0.0190319 0.014008 0.0096819 0.00622089
 0.0086751 0.0137717 0.0201345 0.0275277 0.0356383 0.0440131 0.0519899 0.0587998 0.063827 0.066814 0.0678501 0.0672098 0.0652018 0.0621011 0.0581357 0.0534922 0.0483263 0.0427774 0.0369794 0.0310707 0.0252095 0.0195893 0.0144398 0.0099947 0.0064311
 0.00869981 0.0138278 0.0202475 0.0277289 0.0359538 0.0444466 0.052507 0.0593228 0.0642468 0.0670162 0.0677486 0.0667781 0.0644904 0.061232 0.0572707 0.0527847 0.0478768 0.0426107 0.0370522 0.0313008 0.0255092 0.0198892 0.0146977 0.0101929 0.00656909
 0.0087251 0.0138665 0.0203026 0.027805 0.0360605 0.0446008 0.0527302 0.0596308 0.0646327 0.0674362 0.0681208 0.0670013 0.064479 0.0609525 0.0567624 0.0521515 0.0472532 0.0421152 0.0367506 0.0311954 0.0255539 0.0200181 0.014851 0.0103309 0.00667381
 0.00865325 0.0137483 0.0201229 0.0275507 0.0357262 0.0441963 0.0522885 0.059209 0.0643032 0.0672666 0.0681502 0.0672209 0.0648281 0.061335 0.0570828 0.0523533 0.0473392 0.0421393 0.0367848 0.0312924 0.0257261 0.0202407 0.0150821 0.0105331 0.00682689
 0.00867466 0.0137907 0.0201994 0.0276751 0.0359053 0.044421 0.0525283 0.0594176 0.064436 0.0673009 0.0680966 0.0671169 0.0647169 0.0612418 0.0570021 0.0522567 0.0471991 0.041952 0.0365781 0.0311113 0.0256084 0.0201987 0.0151016 0.0105856 0.00688553
 0.00857251 0.0136499 0.0200349 0.0275181 0.0357965 0.0443976 0.0526116 0.059605 0.0646991 0.0675918 0.0683608 0.0673106 0.0648215 0.0612661 0.0569706 0.0521918 0.0471106 0.041841 0.0364493 0.0309808 0.0254998 0.0201309 0.0150787 0.010597 0.00691348
 0.00837801 0.0133477 0.019608 0.0269647 0.0351356 0.0436746 0.0519002 0.0589992 0.0642913 0.0674439 0.0684832 0.0676611 0.0653231 0.0618344 0.0575368 0.0527131 0.0475673 0.0422273 0.0367659 0.0312339 0.0257006 0.0202929 0.0152121 0.0107064 0.00699899
 0.00823126 0.0131088 0.0192483 0.0264587 0.034468 0.0428509 0.0509587 0.0580161 0.0633733 0.0667084 0.068032 0.0675556 0.0655686 0.0623792 0.0582889 0.0535669 0.0484294 0.043031 0.0374733 0.0318297 0.0261845 0.0206733 0.0155015 0.0109179 0.00714571
 0.00817341 0.0130142 0.0191039 0.0262498 0.0341781 0.0424637 0.050463 0.0574135 0.0626867 0.0659882 0.0673555 0.0670159 0.0652531 0.0623451 0.0585444 0.0540684 0.0490959 0.0437683 0.038198 0.032483 0.0267349 0.0211112 0.0158321 0.0111545 0.00730516
 0.00808483 0.0128782 0.018914 0.0260044 0.0338791 0.0421146 0.0500677 0.0569762 0.0622134 0.0654896 0.0668522 0.0665444 0.0648679 0.062111 0.0585192 0.054282 0.049535 0.0443777 0.038896 0.0331848 0.0273722 0.0216426 0.0162424 0.011449 0.0075015
 0.00806897 0.012849 0.0188638 0.0259239 0.0337599 0.041952 0.0498627 0.0567354 0.0619447 0.0651985 0.0665408 0.0662163 0.0645368 0.0618079 0.0582918 0.0541841 0.0496076 0.0446302 0.0392992 0.0336782 0.0278839 0.0221099 0.0166256 0.0117341 0.00769479
 0.00788634 0.0125957 0.0185627 0.0256218 0.0335121 0.0417991 0.0498126 0.0567621 0.0620032 0.0652442 0.066543 0.0661616 0.0644264 0.061656 0.0581263 0.0540458 0.0495438 0.0446807 0.0394797 0.0339719 0.0282456 0.0224825 0.0169587 0.0119973 0.00788068
 0.00757741 0.0121407 0.0179676 0.0249276 0.0327898 0.0411356 0.0492953 0.0564612 0.0619535 0.0654305 0.0669007 0.066597 0.0648486 0.0620035 0.0583782 0.0542177 0.0496759 0.0448216 0.0396699 0.0342291 0.0285587 0.0228171 0.017273 0.0122578 0.00807194
#obs surv len freq
 nan nan nan nan nan nan nan nan nan nan nan nan nan nan nan nan nan nan nan nan nan nan nan nan nan
 0.00448382 0.00734494 0.0111749 0.0159917 0.0216931 0.0279697 0.0342848 0.0400167 0.0446965 0.0481599 0.0505171 0.0520121 0.0529034 0.0534149 0.0537285 0.0539829 0.0542611 0.0545536 0.0546922 0.054284 0.0527221 0.0493543 0.0438043 0.0362846 0.0276686
 0.00461067 0.00755384 0.0114939 0.0164476 0.022305 0.0287384 0.0351832 0.040987 0.0456579 0.0490253 0.0512091 0.0524747 0.0531079 0.0533599 0.0534355 0.0534889 0.0536096 0.0537874 0.0538504 0.0534037 0.0518421 0.0485177 0.0430557 0.0356619 0.0271927
 0.00478053 0.00782941 0.0119078 0.0170299 0.0230783 0.0297088 0.0363299 0.0422572 0.0469705 0.0502828 0.0523112 0.0533314 0.0536493 0.0535443 0.0532537 0.0529617 0.0527819 0.0527184 0.0526065 0.0520554 0.0504647 0.0471918 0.0418611 0.0346645 0.026429
 0.00496877 0.00813931 0.0123812 0.017708 0.023993 0.0308693 0.0377105 0.0437924 0.0485655 0.0518304 0.0537078 0.0544838 0.0544776 0.0539847 0.0532638 0.0525272 0.0519197 0.0514764 0.0510594 0.0503001 0.0486167 0.0453785 0.0402086 0.0332757 0.0253615
 0.00518072 0.00848612 0.0129076 0.0184576 0.0250005 0.0321486 0.0392399 0.0455091 0.0503721 0.0536116 0.0553477 0.0558772 0.0555354 0.0546349 0.0534519 0.0522182 0.0511032 0.0501737 0.0493305 0.0482476 0.0463834 0.0431361 0.0381331 0.031514 0.0239994
 0.00541931 0.00887464 0.0134936 0.019286 0.0261057 0.0335411 0.0408933 0.0473548 0.0523083 0.0555218 0.0571173 0.057403 0.056728 0.0554188 0.0537652 0.0520136 0.0503517 0.0488733 0.0475192 0.046017 0.0438847 0.0405698 0.0357179 0.0294396 0.0223824
 0.00564352 0.00924507 0.0140621 0.0201045 0.0272163 0.0349595 0.0425931 0.0492618 0.0543124 0.0574991 0.0589499 0.0589896 0.0579848 0.0562762 0.0541639 0.0519029 0.0496915 0.0476436 0.0457362 0.0437536 0.0412852 0.0378446 0.0331106 0.0271719 0.0205983
 0.00589209 0.00964947 0.0146716 0.0209659 0.0283661 0.036411 0.0443218 0.0511988 0.056352 0.0595168 0.0608219 0.0606066 0.0592578 0.0571371 0.0545612 0.051795 0.0490436 0.0464323 0.0439659 0.0414809 0.0386409 0.035036 0.030391 0.024782 0.0187021
 0.00613863 0.0100554 0.0152917 0.021854 0.0295634 0.0379291 0.0461258 0.0532031 0.0584345 0.0615444 0.0626726 0.0621799 0.0604753 0.0579393 0.0549029 0.0516415 0.0483669 0.0452132 0.0422069 0.0392297 0.036015 0.0322311 0.027656 0.0223612 0.0167686
 0.0063714 0.010438 0.0158755 0.02269 0.0306928 0.0393681 0.0478491 0.055137 0.0604653 0.0635394 0.0645023 0.063733 0.0616666 0.0587096 0.0552143 0.0514694 0.0476933 0.0440269 0.0405135 0.0370729 0.0335012 0.0295404 0.0250223 0.020019 0.0148887
 0.00660811 0.0108246 0.0164608 0.0235204 0.0318038 0.0407703 0.0495132 0.0569892 0.062397 0.0654269 0.0662264 0.0651908 0.0627762 0.0594116 0.0554705 0.0512583 0.0470045 0.0428588 0.0388791 0.0350172 0.0311232 0.0270042 0.0225417 0.0178107 0.0131123
 0.00683899 0.0112043 0.0170401 0.0243485 0.0329178 0.0421785 0.0511798 0.0588292 0.0642901 0.0672422 0.0678452 0.0665189 0.063746 0.0599791 0.0556102 0.0509584 0.0462624 0.0416802 0.0372837 0.0330523 0.0288823 0.0246365 0.0202389 0.0157666 0.0114698
 0.00706309 0.0115727 0.0176019 0.0251515 0.0339987 0.043547 0.0528024 0.0606238 0.0661366 0.0690063 0.0694013 0.0677662 0.0646153 0.0604321 0.0556346 0.0505587 0.0454524 0.0404791 0.0357204 0.0311776 0.0267845 0.0224501 0.0181326 0.0139086 0.00998258
 0.00729262 0.011946 0.0181638 0.0259434 0.03505 0.0448621 0.0543468 0.0623194 0.0678717 0.0706556 0.0708471 0.0689116 0.0653912 0.0607992 0.0555809 0.0500942 0.0446013 0.0392739 0.034202 0.0294034 0.0248401 0.020456 0.016235 0.0122497 0.00866306
 0.00742119 0.0121662 0.018516 0.0264721 0.0357943 0.0458406 0.055543 0.0636766 0.0693022 0.0720583 0.0721235 0.069976 0.0661749 0.0612527 0.0556752 0.0498208 0.0439703 0.0383109 0.0329476 0.0279161 0.0232024 0.018777 0.014641 0.0108602 0.00756076
 0.00749282 0.012279 0.0186802 0.0266983 0.0360962 0.0462367 0.0560545 0.0643204 0.07008 0.072947 0.0730723 0.0709119 0.067015 0.0619176 0.0560994 0.0499583 0.043797 0.0378256 0.0321724 0.0268981 0.0220153 0.0175189 0.0134231 0.00978655 0.00670336
 0.00758954 0.0124277 0.0188879 0.0269655 0.036417 0.0466003 0.0564473 0.0647298 0.0704995 0.0733792 0.0735254 0.0713888 0.0675012 0.0623755 0.056473 0.0501852 0.0438227 0.0376146 0.0317161 0.0262188 0.0211669 0.0165826 0.0124947 0.00895619 0.00603462
 0.00767187 0.0125571 0.0190738 0.0272127 0.0367234 0.0469548 0.0568285 0.0651081 0.0708449 0.0736716 0.0737617 0.0715828 0.0676743 0.0625429 0.0566312 0.0503079 0.0438659 0.0375302 0.0314682 0.0257979 0.0205972 0.0159198 0.0118141 0.00833354 0.00552576
 0.00772948 0.0126477 0.0192045 0.0273879 0.0369437 0.0472158 0.0571191 0.0654098 0.0711347 0.0739264 0.0739646 0.0717273 0.0677658 0.0625957 0.0566609 0.0503211 0.0438527 0.0374648 0.0313183 0.0255397 0.0202299 0.0154715 0.0113357 0.00788304 0.00514988
 0.00777537 0.0127196 0.0193075 0.0275249 0.0371145 0.0474167 0.0573417 0.0656415 0.0713598 0.0741294 0.0741323 0.0718508 0.0678413 0.0626253 0.0566519 0.0502828 0.0437907 0.0373753 0.0311878 0.0253518 0.0199767 0.015163 0.0110011 0.00756149 0.00487656
 0.00780217 0.0127588 0.0193586 0.0275848 0.0371793 0.0474834 0.0574099 0.0657132 0.0714379 0.074216 0.0742269 0.0719493 0.0679367 0.0627092 0.0567168 0.0503234 0.043804 0.0373582 0.031135 0.0252559 0.0198332 0.0149767 0.0107893 0.00735003 0.00469117
 0.00783969 0.0128122 0.0194249 0.0276561 0.037245 0.0475332 0.0574376 0.0657182 0.0714255 0.0741962 0.074212 0.0719504 0.06796 0.0627537 0.056775 0.0503841 0.0438551 0.0373891 0.0311368 0.0252223 0.0197613 0.01487 0.0106592 0.0072143 0.00456824
 0.00788785 0.012886 0.0195269 0.0277847 0.0373931 0.0476882 0.0575813 0.0658302 0.0714883 0.0742019 0.0741657 0.0718684 0.0678642 0.0626642 0.0567044 0.0503356 0.0438239 0.0373652 0.0311089 0.0251805 0.0196998 0.0147887 0.0105644 0.00711715 0.00448063
 0.00789965 0.0129041 0.0195521 0.0278171 0.037432 0.0477321 0.0576276 0.0658747 0.0715254 0.0742252 0.0741703 0.0718531 0.067833 0.0626259 0.0566698 0.0503133 0.0438169 0.0373702 0.0311174 0.0251825 0.0196872 0.0147584 0.0105191 0.00706408 0.00442891
 0.0078828 0.0128779 0.0195153 0.0277694 0.0373747 0.0476687 0.0575638 0.0658181 0.0714839 0.0742048 0.074173 0.0718766 0.0678717 0.0626733 0.0567212 0.0503668 0.0438724 0.0374268 0.0311718 0.0252288 0.019719 0.0147719 0.0105147 0.00704676 0.00440572
 0.00787237 0.0128552 0.0194709 0.0276918 0.0372545 0.0475041 0.0573653 0.0656084 0.0712924 0.0740591 0.0740918 0.0718663 0.0679273 0.0627816 0.0568647 0.0505279 0.0440364 0.0375832 0.031313 0.0253491 0.0198141 0.0148393 0.0105556 0.00706576 0.0044098
 0.00789867 0.0128923 0.0195156 0.0277366 0.0372876 0.0475116 0.0573342 0.0655303 0.071168 0.0739008 0.0739227 0.0717147 0.0678181 0.0627291 0.0568704 0.0505825 0.0441245 0.0376881 0.0314204 0.025448 0.0198969 0.0149021 0.0105976 0.00708949 0.00442006
 0.00788822 0.0128791 0.0195026 0.0277281 0.0372872 0.0475192 0.0573437 0.0655303 0.0711454 0.0738466 0.0738365 0.0716067 0.067707 0.0626369 0.0568157 0.0505747 0.0441622 0.0377608 0.0315128 0.0255446 0.0199852 0.0149741 0.0106501 0.00712335 0.00443898
 0.00785469 0.0128208 0.0194084 0.0275873 0.0370942 0.0472795 0.0570784 0.0652728 0.0709318 0.0737027 0.0737707 0.071611 0.0677653 0.062734 0.056942 0.050726 0.0443354 0.0379501 0.031708 0.0257323 0.0201526 0.0151115 0.0107535 0.00719426 0.00448296
 0.00785061 0.0128102 0.019385 0.0275417 0.0370158 0.0471592 0.0569124 0.0650667 0.0707024 0.0734769 0.0735797 0.0714817 0.0677123 0.0627565 0.0570275 0.0508572 0.0444966 0.0381285 0.0318928 0.0259125 0.0203171 0.0152508 0.010862 0.00727133 0.00453259
 0.00784088 0.0127946 0.0193616 0.0275084 0.0369698 0.0470965 0.0568285 0.0649578 0.0705675 0.0733206 0.0734144 0.0713268 0.0675908 0.0626885 0.0570238 0.0509168 0.0446084 0.038276 0.0320586 0.026081 0.0204748 0.0153873 0.0109708 0.00735073 0.0045852
 0.00777529 0.0126935 0.01922 0.027326 0.0367516 0.0468533 0.0565764 0.0647171 0.0703586 0.0731592 0.0733083 0.071277 0.0675951 0.062745 0.0571315 0.0510736 0.0448079 0.0385062 0.0323029 0.0263213 0.0206945 0.0155741 0.011118 0.00745753 0.0046561
 0.00776774 0.0126716 0.0191696 0.0272292 0.0365921 0.0466254 0.0562917 0.0644046 0.0700569 0.072905 0.0731269 0.0711792 0.0675789 0.0628007 0.0572469 0.0512371 0.045009 0.0387344 0.0325453 0.0265627 0.0209191 0.0157683 0.0112732 0.00757158 0.00473267
 0.00773532 0.0126223 0.0191011 0.0271398 0.0364794 0.046484 0.0561149 0.0641881 0.0698059 0.0726385 0.0728765 0.0709809 0.0674616 0.0627782 0.0573164 0.0513838 0.0452127 0.0389743 0.0328022 0.0268186 0.0211577 0.0159757 0.0114402 0.00769532 0.00481645
 0.00768802 0.0125444 0.0189826 0.0269721 0.0362585 0.0462149 0.0558137 0.0638803 0.0695189 0.0723941 0.0726877 0.0708546 0.0674041 0.0627967 0.0574157 0.0515612 0.0454559 0.039263 0.0331124 0.0271264 0.0214422 0.016221 0.0116366 0.00784042 0.00491467
 0.0077016 0.0125618 0.0189996 0.0269811 0.0362491 0.0461759 0.0557361 0.06376 0.0693595 0.0722066 0.0724894 0.0706652 0.0672416 0.062676 0.0573486 0.051556 0.0455155 0.0393826 0.0332787 0.02732 0.0216411 0.0164052 0.0117918 0.00795938 0.0049975
 0.00766819 0.0125147 0.0189421 0.0269199 0.0361918 0.0461267 0.0556929 0.0637147 0.0693014 0.0721283 0.0723902 0.0705523 0.0671286 0.0625789 0.0572824 0.0515325 0.0455416 0.0394594 0.0334003 0.0274736 0.0218089 0.0165682 0.0119341 0.00807136 0.00507703
 0.00761307 0.0124278 0.018817 0.0267542 0.0359892 0.0458997 0.0554633 0.0635101 0.0691471 0.0720379 0.0723615 0.070571 0.0671767 0.0626431 0.0573578 0.0516216 0.0456501 0.0395918 0.0335567 0.0276479 0.0219893 0.0167398 0.0120832 0.00818911 0.00516109
 0.00758701 0.012383 0.0187451 0.0266462 0.0358382 0.0457047 0.0552328 0.0632637 0.0689127 0.0718449 0.0722333 0.070519 0.0671976 0.0627224 0.0574762 0.0517621 0.0458026 0.0397526 0.0337249 0.0278213 0.0221617 0.0169016 0.0122238 0.00830095 0.0052418
 0.00762212 0.0124342 0.0188107 0.0267199 0.0359092 0.0457589 0.0552551 0.0632411 0.0688379 0.0717207 0.0720742 0.0703483 0.067041 0.0626004 0.057399 0.0517294 0.0458077 0.0397873 0.0337824 0.0278964 0.0222486 0.0169927 0.0123102 0.00837461 0.00529801
 0.00759534 0.0124022 0.0187837 0.0267133 0.0359381 0.0458302 0.0553608 0.0633586 0.0689369 0.0717742 0.0720668 0.0702805 0.0669276 0.062465 0.0572671 0.0516217 0.0457357 0.0397535 0.0337829 0.027924 0.0222953 0.0170498 0.012369 0.00842763 0.00534023
 0.00755819 0.0123403 0.0186887 0.0265795 0.0357667 0.0456346 0.0551688 0.0632061 0.0688554 0.0717761 0.0721397 0.0703935 0.0670461 0.0625647 0.0573401 0.0516744 0.0457815 0.0398046 0.0338462 0.0279995 0.0223782 0.0171329 0.0124451 0.00849101 0.00538811
 0.00754048 0.0123103 0.018641 0.0265079 0.0356653 0.0454999 0.0550028 0.0630203 0.0686711 0.0716221 0.0720441 0.070373 0.0670993 0.0626722 0.0574739 0.0518095 0.045904 0.0399125 0.0339441 0.0280927 0.0224684 0.0172179 0.0125204 0.0085527 0.00543417
 0.00753272 0.0122982 0.0186236 0.0264841 0.0356334 0.0454572 0.0549456 0.0629448 0.0685761 0.0715114 0.0719289 0.0702713 0.067031 0.0626515 0.0575034 0.0518792 0.0459968 0.0400119 0.0340398 0.0281808 0.0225486 0.01729 0.0125832 0.00860391 0.00547261
 0.00753095 0.0122945 0.0186167 0.0264723 0.0356151 0.0454315 0.0549127 0.0629053 0.0685302 0.0714585 0.0718685 0.070205 0.0669649 0.0625966 0.0574719 0.0518797 0.0460302 0.0400712 0.0341136 0.0282584 0.0226226 0.0173562 0.0126392 0.00864864 0.00550576
 0.00750876 0.0122616 0.0185729 0.0264195 0.0355565 0.0453706 0.0548526 0.0628488 0.0684796 0.071416 0.0718352 0.0701808 0.0669492 0.0625891 0.0574747 0.051897 0.0460659 0.0401266 0.0341852 0.0283388 0.0227032 0.0174297 0.012701 0.00869667 0.00554026
 0.0075098 0.0122604 0.0185661 0.0264025 0.0355255 0.0453246 0.0547951 0.0627872 0.0684228 0.0713704 0.0718031 0.0701612 0.0669388 0.0625854 0.0574765 0.0519053 0.0460833 0.0401557 0.0342271 0.0283914 0.0227613 0.0174871 0.0127519 0.00873757 0.00557009
 0.00749477 0.012238 0.0185358 0.0263649 0.0354812 0.0452738 0.0547374 0.0627229 0.0683545 0.071304 0.0717471 0.0701235 0.0669241 0.0625936 0.0575036 0.0519459 0.046133 0.0402119 0.0342884 0.0284563 0.022827 0.0175493 0.0128063 0.00878104 0.00560164
 0.00749006 0.0122309 0.0185264 0.0263535 0.0354687 0.0452612 0.0547254 0.0627112 0.0683415 0.0712874 0.0717247 0.0700952 0.0668931 0.0625652 0.0574836 0.0519378 0.0461378 0.0402284 0.0343146 0.0284898 0.0228651 0.0175885 0.0128429 0.00881194 0.00562506
 0.00749006 0.0122309 0.0185264 0.0263535 0.0354687 0.0452612 0.0547254 0.0627112 0.0683415 0.0712874 0.0717247 0.0700952 0.0668931 0.0625652 0.0574836 0.0519378 0.0461378 0.0402284 0.0343146 0.0284898 0.0228651 0.0175885 0.0128429 0.00881194 0.00562506
 0.00738106 0.012059 0.0182781 0.0260219 0.035057 0.044787 0.0542241 0.0622338 0.067945 0.0710195 0.0716121 0.0701394 0.0670742 0.0628503 0.0578361 0.0523239 0.0465298 0.0406056 0.0346619 0.0287971 0.0231259 0.0177999 0.0130052 0.0089289 0.00570331
 0.00720445 0.0117641 0.0178216 0.0253628 0.0341708 0.0436858 0.0529734 0.0609523 0.0667818 0.0701176 0.071075 0.0700131 0.0673463 0.0634613 0.0586964 0.0533334 0.0475942 0.0416472 0.0356234 0.0296409 0.0238311 0.0183597 0.0134248 0.00922338 0.00589524
 0.00714175 0.0116465 0.0176149 0.0250238 0.033655 0.042962 0.0520405 0.0598508 0.0655956 0.0689644 0.0700886 0.069318 0.0670321 0.0635626 0.0591877 0.0541383 0.0486063 0.0427526 0.0367201 0.0306493 0.0246989 0.0190603 0.0139545 0.00959666 0.00613867
 0.00710844 0.0115961 0.0175444 0.0249288 0.0335247 0.0427747 0.0517624 0.0594439 0.065033 0.06825 0.0692694 0.0684845 0.0663022 0.063054 0.0589872 0.0542799 0.0490633 0.0434485 0.0375507 0.0315081 0.025497 0.019738 0.0144838 0.0099771 0.0063898
 0.00717524 0.011704 0.0177049 0.0251505 0.0338093 0.0431105 0.0521183 0.0597662 0.0652506 0.0682884 0.0690716 0.068033 0.0656343 0.0622625 0.0582014 0.0536315 0.0486502 0.0433099 0.0376631 0.0318017 0.0258825 0.0201329 0.0148293 0.010244 0.0065743
 0.00709553 0.0115915 0.0175676 0.0250077 0.0336878 0.043037 0.052112 0.0598336 0.0653815 0.0684534 0.0692235 0.0681146 0.0655949 0.0620789 0.057895 0.0532689 0.0483246 0.0431087 0.0376369 0.0319486 0.0261553 0.0204617 0.0151478 0.0105075 0.00676533
 0.00702534 0.011472 0.0173794 0.0247333 0.0333207 0.0425933 0.0516374 0.0593985 0.0650613 0.0683023 0.0692546 0.0682964 0.0658626 0.0623566 0.0581194 0.053411 0.0483986 0.0431632 0.0377302 0.0321206 0.0264089 0.0207653 0.0154531 0.0107715 0.00696445
 0.00703406 0.0114866 0.0174012 0.024761 0.0333475 0.0426044 0.0516118 0.0593167 0.0649175 0.0681143 0.0690621 0.0681454 0.065784 0.0623513 0.0581597 0.0534566 0.0484194 0.0431555 0.0377173 0.0321374 0.0264803 0.020892 0.0156127 0.010932 0.00709926
 0.00702275 0.0114705 0.0173813 0.0247398 0.0333286 0.0425908 0.0516037 0.0593091 0.0649001 0.068074 0.0689903 0.0680458 0.0656755 0.0622605 0.0581075 0.053447 0.0484397 0.0431876 0.037752 0.0321793 0.0265418 0.0209806 0.0157229 0.0110474 0.00720148
 0.00691351 0.011298 0.0171319 0.0244064 0.0329141 0.0421131 0.0510986 0.0588279 0.0644986 0.0677972 0.0688597 0.0680573 0.0658066 0.062483 0.0583961 0.0537818 0.0488026 0.0435591 0.0381127 0.0325145 0.0268441 0.0212478 0.015953 0.0112364 0.00734606
 0.0068155 0.0111342 0.0168776 0.0240376 0.0324145 0.0414848 0.0503716 0.0580625 0.0637752 0.0671982 0.0684516 0.0678782 0.0658616 0.0627477 0.0588259 0.0543243 0.0494073 0.0441829 0.0387204 0.0330786 0.0273449 0.0216729 0.0162971 0.0114999 0.00753475
 0.00682608 0.0111446 0.0168799 0.0240176 0.0323523 0.0413574 0.0501575 0.0577483 0.0633642 0.0667163 0.0679483 0.0674182 0.0655097 0.0625524 0.0588083 0.0544758 0.0496962 0.044565 0.0391495 0.0335135 0.0277528 0.0220309 0.0165917 0.0117267 0.00769687
 0.00681747 0.0111355 0.0168747 0.024022 0.0323695 0.0413831 0.0501761 0.0577338 0.0632861 0.0665505 0.0676876 0.0670796 0.0651352 0.0622001 0.0585385 0.054334 0.0497015 0.0447077 0.0393972 0.0338223 0.0280787 0.0223373 0.0168539 0.0119324 0.00784489
 0.00682838 0.0111567 0.016913 0.024086 0.0324676 0.0415195 0.050347 0.0579235 0.0634669 0.0666854 0.0677375 0.0670143 0.0649447 0.0619031 0.0581809 0.0539785 0.0494096 0.0445224 0.0393328 0.0338654 0.0281969 0.022492 0.0170109 0.0120684 0.00794876
