SBPRF35
7.78865
Curr Bio
552719
B35
671407
F35
0.223942
FOFL
0.1935
OFL
86507.5
Bzero
2.22533e+06
#pred survey bio
 4.55672e+06 4.29258e+06 4.04665e+06 3.76273e+06 3.44042e+06 3.11912e+06 2.78962e+06 2.44667e+06 2.15769e+06 1.91496e+06 1.70765e+06 1.50638e+06 1.33184e+06 1.16149e+06 1.02687e+06 924838 813611 753238 703133 674033 647966 629329 599095 577470 570637 559317 555957 561819 562621 553778 558032 569060 555905 538390 535000 528263 523208 515003 510819 511675 523419 534129 546498 556648 560403 566540 570894 570906 582133 587188 590068 599493 568854 517799 508601 470277 469679 460184 450450 437243 472107 498721 534309 552899 2.0462e+07 1.26898e+07 1.31813e+07 1.38424e+07 1.4559e+07 1.52259e+07 1.57928e+07 1.62472e+07 1.65975e+07 1.68606e+07 1.7055e+07 1.71974e+07 1.73012e+07 1.73769e+07 1.74323e+07 1.74729e+07 1.75028e+07 1.7525e+07 1.75416e+07 1.7554e+07 1.75634e+07 1.75705e+07 1.75759e+07 1.758e+07 1.75832e+07 1.75856e+07 1.75874e+07 1.75888e+07 1.75899e+07 1.75908e+07 1.75914e+07 1.75919e+07 1.75923e+07 1.75926e+07 1.75928e+07 1.7593e+07 1.75931e+07 1.75932e+07 1.75933e+07 1.75934e+07 1.75934e+07 1.75935e+07 1.75935e+07 1.75935e+07 1.75935e+07 1.75936e+07 1.75936e+07 1.75936e+07 1.75936e+07 1.75936e+07 1.75936e+07 1.75936e+07 1.75936e+07 1.75936e+07 1.75936e+07 1.75936e+07 1.75936e+07 1.75936e+07 1.75936e+07 1.75936e+07 1.75936e+07 1.75936e+07 1.75936e+07 1.75936e+07 1.75936e+07 1.75936e+07 1.75936e+07 1.75936e+07 1.75936e+07 1.75936e+07 1.75936e+07 1.75936e+07 1.75936e+07 1.75936e+07 1.75936e+07 1.75936e+07 1.75936e+07 1.75936e+07 1.75936e+07 1.75936e+07 1.75936e+07 1.75936e+07 1.75936e+07 1.75936e+07 1.75936e+07 1.75936e+07 1.75936e+07 1.75936e+07 1.75936e+07 1.75936e+07 1.75936e+07 1.75936e+07 1.75936e+07 1.75936e+07 1.75936e+07 1.75936e+07 1.75936e+07 1.75936e+07 1.75936e+07 1.75936e+07 0 0 0 0 0 0 0 0 0 0 0 0 0 0 0 0 0 0 0 0 0 0 0 0 0
#obs survey bio
 3.82285e+06 3.48159e+06 3.02452e+06 3.05108e+06 2.9237e+06 3.83884e+06 3.06417e+06 1.57312e+06 1.42376e+06 1.95774e+06 1.50109e+06 1.1969e+06 989269 792133 871919 939715 973859 729612 635848 716393 635330 533495 495874 437360 571318 486275 418102 740707 377133 507977 472705 419963 514727 483227 526099 518606 558046 666113 720090 408548 580651 618509 399764 551421 494964 620808 497005 645318 534573 410245 843288 835225 589745 505844 505460 620086 468231 560977 383064 421824 418980 664515 488221 465373
#pred catch bio
 93718 90949.2 147546 209560 238896 277694 321228 301431 284365 272304 281773 268737 271768 243603 215634 220517 172763 160776 139857 134620 125933 132642 121840 107107 109330 101803 94332.4 98744.4 106256 94367.4 88051.8 106574 106680 91058 90342.7 87329.7 92043.3 91440.8 88721.4 80836.6 82835.8 82349.6 85076.6 90851 89305.3 91647.5 96122 87764.4 94210.1 96208.4 89727.3 121314 135405 98544.2 121492 87557.5 94446.6 94565.6 98685.6 62156.1 73458.3 69543.2 88400.7 82314.5 86507.5 101556 104524 108741 113706 118380 122271 125279 127490 129055 130133 130859 131341 131655 131859 131990 132073 132126 132159 132180 132193 132202 132207 132210 132212 132213 132214 132214 132215 132215 132215 132215 132215 132215 132215 132215 132215 132215 132215 132215 132215 132215 132215 132215 132215 132215 132215 132215 132215 132215 132215 132215 132215 132215 132215 132215 132215 132215 132215 132215 132215 132215 132215 132215 132215 132215 132215 132215 132215 132215 132215 132215 132215 132215 132215 132215 132215 132215 132215 132215 132215 132215 132215 132215 132215 132215 132215 132215 132215 132215 132215 132215 132215 132215 132215 132215 132215 132215 132215 132215 0 0 0 0 0 0 0 0 0 0 0 0 0 0 0 0 0 0 0 0 0 0 0 0 0
#obs catch bio
 0 90711.9 148193 211231 240719 280326 325570 306743 289877 277106 288127 273757 278813 249913 220491 225717 174626 163057 141627 135849 127174 134658 123200 108058 110303 102580 95402.9 99630.3 107811 95531.9 88675.8 107939 108010 91970.3 91104.6 87711.9 92277.2 91454.7 88084.3 80588.2 82599.1 81989.6 84974.2 90391.5 88891.3 91147.6 95969.2 87429.6 94118.2 96568.6 89188.3 119946 134909 97118.6 120917 86291.7 93404.7 92897.8 98459 61630.7 73483.7 69084 88433.3 82231.7
#pred cpue bio
 4.48475e+06 4.22352e+06 3.97936e+06 3.6964e+06 3.37604e+06 3.05663e+06 2.72912e+06 2.38841e+06 2.10118e+06 1.86004e+06 1.6544e+06 1.45523e+06 1.2827e+06 1.11477e+06 982435 882650 774485 715971 667514 639570 614551 596684 567727 547112 540759 529951 526603 532245 533124 524606 528985 540144 527863 511416 508929 503184 497980 488659 483801 484634 496126 506627 518641 528493 532143 537999 542047 541855 552606 557416 560410 570158 540627 490605 481327 444365 444055 434955 425077 411461 444619 470482 504854 521948 1.93187e+07 1.19936e+07 1.24352e+07 1.30327e+07 1.37274e+07 1.43896e+07 1.49557e+07 1.541e+07 1.57602e+07 1.60233e+07 1.62178e+07 1.63602e+07 1.6464e+07 1.65397e+07 1.6595e+07 1.66356e+07 1.66656e+07 1.66878e+07 1.67043e+07 1.67168e+07 1.67262e+07 1.67333e+07 1.67387e+07 1.67428e+07 1.67459e+07 1.67483e+07 1.67502e+07 1.67516e+07 1.67527e+07 1.67535e+07 1.67541e+07 1.67546e+07 1.6755e+07 1.67553e+07 1.67556e+07 1.67557e+07 1.67559e+07 1.6756e+07 1.67561e+07 1.67561e+07 1.67562e+07 1.67562e+07 1.67563e+07 1.67563e+07 1.67563e+07 1.67563e+07 1.67563e+07 1.67563e+07 1.67563e+07 1.67563e+07 1.67563e+07 1.67563e+07 1.67563e+07 1.67564e+07 1.67564e+07 1.67564e+07 1.67564e+07 1.67564e+07 1.67564e+07 1.67564e+07 1.67564e+07 1.67564e+07 1.67564e+07 1.67564e+07 1.67564e+07 1.67564e+07 1.67564e+07 1.67564e+07 1.67564e+07 1.67564e+07 1.67564e+07 1.67564e+07 1.67564e+07 1.67564e+07 1.67564e+07 1.67564e+07 1.67564e+07 1.67564e+07 1.67564e+07 1.67564e+07 1.67564e+07 1.67564e+07 1.67564e+07 1.67564e+07 1.67564e+07 1.67564e+07 1.67564e+07 1.67564e+07 1.67564e+07 1.67564e+07 1.67564e+07 1.67564e+07 1.67564e+07 1.67564e+07 1.67564e+07 1.67564e+07 1.67564e+07 1.67564e+07 1.67564e+07 1.67564e+07 0 0 0 0 0 0 0 0 0 0 0 0 0 0 0 0 0 0 0 0 0 0 0 0 0
#obs cpue bio
 4.81792e+06 2.66284e+06 3.2702e+06 3.25222e+06 3.65353e+06 2.38393e+06 2.20132e+06 1.7572e+06 2.27378e+06 1.77086e+06 1.32779e+06 1.856e+06 1.03339e+06 1.10416e+06 907083 830556 739244 546193 568800 672758 466394 506608 671965 600582 539468 536953 400674 448740 534572 440228 657623 611180 496410 436810 562476 592990 576404 439929 637648 432921 503000 507805 565848 821831 585006 568099 525818 510900 554190 561720 679289 781151 388797 837029 433498 560287 492887 621276 279582 471778 402358 497798 434747 547346
#pred surv len freq
 0.00463132 0.00749979 0.0112566 0.0158877 0.0213083 0.0272941 0.0334406 0.0392443 0.0442789 0.0483296 0.0513978 0.0536196 0.055179 0.0562475 0.0569412 0.0572957 0.0572673 0.0567523 0.0555976 0.0535879 0.0504408 0.0458735 0.0397739 0.0324013 0.0244536
 0.00498568 0.00798949 0.0118384 0.0164795 0.0218273 0.0277081 0.0337951 0.0396371 0.0447884 0.0489418 0.0519826 0.053977 0.0551287 0.0557145 0.0559952 0.0561312 0.0561358 0.0558735 0.0550827 0.0534094 0.0504624 0.0459259 0.0397359 0.0322406 0.0242137
 0.00509765 0.00821965 0.0122674 0.0171955 0.0228853 0.0290786 0.0353383 0.0411359 0.0460359 0.0498271 0.0525117 0.0542129 0.0551067 0.0554035 0.0553354 0.055111 0.0548442 0.0544868 0.0537946 0.0523494 0.0496547 0.0453094 0.0392239 0.0317784 0.0237961
 0.00525033 0.00845442 0.012601 0.0176484 0.0234936 0.0299011 0.0364425 0.042557 0.0477241 0.0516219 0.0541748 0.0555095 0.055884 0.0556142 0.055005 0.0542948 0.0536167 0.0529591 0.052121 0.0506979 0.0481575 0.0440316 0.0381718 0.0309318 0.0231358
 0.00547389 0.00881002 0.0131209 0.0183561 0.0243991 0.0309971 0.0377035 0.0439468 0.0492069 0.053163 0.0557206 0.0569594 0.0570838 0.0563893 0.0552155 0.053878 0.0525968 0.0514332 0.0502397 0.0486439 0.0461164 0.0421587 0.0365694 0.0296469 0.022171
 0.00570181 0.00917775 0.0136694 0.0191224 0.0254103 0.0322598 0.0391922 0.0455982 0.0509283 0.0548527 0.0572885 0.0583347 0.0582042 0.057181 0.0555832 0.0537206 0.0518434 0.0500809 0.0483719 0.0464223 0.0437512 0.0398669 0.0345331 0.0279832 0.020922
 0.00598277 0.00962444 0.0143237 0.0200186 0.0265717 0.033692 0.0408727 0.0474682 0.0528933 0.0567935 0.0590783 0.0598578 0.0593701 0.057927 0.0558642 0.0534937 0.0510651 0.0487252 0.0464642 0.044068 0.0411381 0.0372342 0.032118 0.0259656 0.0193897
 0.00632348 0.0101701 0.0151298 0.0211317 0.0280213 0.0354785 0.0429528 0.0497486 0.0552409 0.0590567 0.0611095 0.061529 0.0605816 0.0586115 0.0559851 0.0530363 0.0500257 0.0471096 0.0443037 0.0414486 0.0382231 0.0342577 0.0293402 0.0236076 0.0175768
 0.00662001 0.0106467 0.0158377 0.0221171 0.0293197 0.0371036 0.0448829 0.0519161 0.0575343 0.0613345 0.063219 0.0633253 0.0619426 0.0594476 0.0562415 0.0526884 0.0490712 0.0455645 0.0422091 0.0388903 0.0353524 0.031294 0.026539 0.0211988 0.0157038
 0.00687731 0.0110604 0.0164526 0.0229738 0.0304501 0.0385221 0.0465747 0.0538296 0.0595826 0.0634053 0.0651867 0.0650623 0.0633295 0.0603832 0.0566497 0.0525217 0.0483095 0.0442147 0.0403097 0.0365248 0.032665 0.0284914 0.0238643 0.0188769 0.013882
 0.00709815 0.0114179 0.0169882 0.0237265 0.031451 0.0397851 0.0480849 0.055537 0.0614058 0.0652433 0.066932 0.0666105 0.064585 0.0612623 0.0570833 0.0524569 0.0477123 0.0430749 0.0386504 0.0344159 0.0302364 0.0259334 0.0214029 0.0167244 0.0121814
 0.00739158 0.0118828 0.0176658 0.0246484 0.032635 0.0412286 0.0497554 0.0573656 0.0632913 0.0670663 0.0685734 0.0679664 0.0655767 0.0618384 0.0572154 0.052131 0.0469226 0.0418243 0.036961 0.0323461 0.0278979 0.0234946 0.0190672 0.0146848 0.0105693
 0.00761101 0.0122468 0.0182268 0.0254592 0.0337371 0.0426345 0.0514306 0.0592231 0.0652044 0.0688934 0.0701825 0.0692509 0.0664621 0.0622835 0.057208 0.0516796 0.0460472 0.0405504 0.0353234 0.0304025 0.0257453 0.0212761 0.0169562 0.0128471 0.00911819
 0.00785616 0.0126447 0.0188254 0.0263045 0.0348671 0.0440666 0.0531451 0.0611509 0.0672261 0.0708532 0.0719129 0.0706016 0.0673256 0.0626092 0.0569998 0.050981 0.0449209 0.0390635 0.0335428 0.0284029 0.0236223 0.0191545 0.0149802 0.0111515 0.00779155
 0.00800019 0.0128854 0.0192005 0.0268549 0.0356313 0.0450694 0.054385 0.0625918 0.0687975 0.0724566 0.0734313 0.0719105 0.068308 0.063173 0.0570934 0.0505989 0.0440987 0.0378649 0.032047 0.0266992 0.0218128 0.0173558 0.0133162 0.00973193 0.00668577
 0.00802493 0.0129379 0.019303 0.027039 0.0359337 0.045525 0.0550175 0.0634059 0.0697743 0.0735524 0.0745785 0.0730231 0.0692898 0.0639288 0.0575418 0.0506844 0.0438004 0.0371996 0.0310657 0.0254806 0.0204563 0.0159738 0.0120222 0.00862202 0.00581923
 0.00830913 0.0133676 0.0198902 0.0277752 0.0367952 0.0464813 0.0560353 0.0644468 0.0707918 0.0744922 0.0753842 0.073644 0.0696873 0.0640786 0.0574318 0.0503112 0.0431688 0.0363258 0.0299837 0.0242463 0.019147 0.0146819 0.0108411 0.00762821 0.00505532
 0.0084101 0.0135255 0.0201153 0.0280711 0.0371564 0.0468915 0.0564686 0.0648739 0.0711913 0.0748602 0.0757334 0.0739898 0.0700309 0.0643968 0.0576802 0.050437 0.0431249 0.0360825 0.0295364 0.0236192 0.0183929 0.0138751 0.0100634 0.00695084 0.00452292
 0.0084958 0.0136611 0.0203125 0.0283376 0.0374946 0.0472952 0.0569193 0.0653399 0.0716321 0.075236 0.0760168 0.0741742 0.0701294 0.0644326 0.0576708 0.0503826 0.043007 0.0358732 0.0292131 0.0231781 0.0178565 0.0132898 0.00948884 0.00644312 0.00411979
 0.00857561 0.0137698 0.0204378 0.0284566 0.0375817 0.0473353 0.0569167 0.0653184 0.0716241 0.0752694 0.0761041 0.0743109 0.0702991 0.064615 0.0578474 0.0505365 0.0431197 0.035922 0.0291752 0.0230396 0.0176216 0.0129845 0.00915519 0.00612699 0.00385667
 0.00862222 0.0138504 0.0205663 0.028645 0.0378325 0.0476323 0.0572215 0.065578 0.0717911 0.0753227 0.0760579 0.0742053 0.0701795 0.0645139 0.0577772 0.0504924 0.0430864 0.0358796 0.0291032 0.0229218 0.0174522 0.0127724 0.0089232 0.00590427 0.00366842
 0.00852118 0.0137077 0.0203924 0.0284649 0.0376813 0.0475453 0.057224 0.065677 0.0719713 0.0755486 0.0762846 0.0743941 0.0703125 0.064597 0.057831 0.0505374 0.0431318 0.0359211 0.029127 0.0229127 0.0174009 0.0126806 0.00880392 0.00577756 0.00355395
 0.00861637 0.0138413 0.0205552 0.0286374 0.0378426 0.0476849 0.057349 0.0658085 0.0721294 0.0757366 0.0764807 0.0745575 0.0704003 0.0645829 0.0577157 0.0503463 0.0429024 0.0356873 0.0289095 0.0227174 0.0172245 0.0125188 0.00865653 0.00564897 0.00344993
 0.00870706 0.0139773 0.0207373 0.0288564 0.0380782 0.047908 0.0575265 0.0659121 0.072148 0.0756838 0.0763915 0.0744715 0.0703413 0.0645489 0.0576851 0.0502946 0.0428169 0.0355714 0.0287766 0.0225816 0.0170954 0.0124006 0.00855155 0.00555956 0.00337859
 0.00873075 0.0140059 0.0207621 0.0288633 0.0380512 0.0478356 0.0574064 0.0657522 0.0719644 0.075498 0.0762287 0.0743585 0.0703023 0.0645965 0.0578128 0.0504763 0.0430151 0.0357511 0.0289156 0.0226733 0.0171441 0.012416 0.00854446 0.0055401 0.00335525
 0.00891433 0.0142748 0.0211113 0.029267 0.0384682 0.0482183 0.0577097 0.0659401 0.0720143 0.0754056 0.07601 0.0740478 0.0699451 0.0642405 0.0574981 0.0502276 0.0428379 0.0356339 0.0288381 0.0226157 0.0170936 0.0123676 0.0084986 0.00549952 0.0033224
 0.00889033 0.0142594 0.0211305 0.0293557 0.0386568 0.0485131 0.0580793 0.066319 0.0723247 0.075586 0.0760348 0.0739293 0.0697217 0.0639616 0.057211 0.0499692 0.0426308 0.035485 0.0287407 0.0225554 0.0170546 0.0123382 0.00847311 0.00547664 0.00330307
 0.00883646 0.0141639 0.0209745 0.029123 0.038345 0.0481466 0.057715 0.0660334 0.0721849 0.0756185 0.0762138 0.074192 0.0699995 0.0642063 0.0574049 0.0501184 0.0427518 0.0355928 0.0288429 0.0226513 0.0171387 0.0124048 0.00851961 0.00550467 0.00331718
 0.00878908 0.0140985 0.0208963 0.0290414 0.038267 0.0480704 0.0576285 0.0659231 0.0720504 0.0754826 0.0761164 0.0741695 0.0700635 0.0643373 0.0575646 0.0502704 0.042876 0.0356872 0.0289154 0.0227106 0.0171891 0.0124466 0.00855121 0.00552575 0.0033292
 0.00872656 0.0140157 0.020807 0.0289707 0.0382457 0.0481236 0.0577645 0.0661273 0.0722865 0.0757022 0.0762747 0.0742418 0.0700528 0.0642685 0.0574686 0.0501697 0.0427804 0.0355987 0.0288351 0.0226416 0.0171346 0.0124075 0.0085257 0.00551021 0.00332007
 0.00864527 0.0138719 0.020571 0.028613 0.0377505 0.0475069 0.0570865 0.0654861 0.0717915 0.0754364 0.0762683 0.0744681 0.0704465 0.0647527 0.0579773 0.0506577 0.0432218 0.0359805 0.0291519 0.0228932 0.0173257 0.012546 0.00862116 0.00557231 0.00335775
 0.00841317 0.0135261 0.0201078 0.0280463 0.0371034 0.0468015 0.0563415 0.0647269 0.0710654 0.0748208 0.0758581 0.0743459 0.070649 0.065254 0.0586978 0.0514925 0.0440712 0.0367695 0.0298355 0.0234519 0.0177584 0.0128634 0.00884082 0.00571489 0.00344393
 0.00830973 0.0133747 0.0199116 0.0278209 0.0368735 0.0465946 0.0561793 0.0646168 0.0709954 0.0747617 0.0757784 0.0742332 0.0705242 0.0651655 0.0586968 0.0516061 0.0442904 0.0370569 0.0301435 0.02374 0.018001 0.0130506 0.00897433 0.00580302 0.00349768
 0.00817576 0.0131746 0.0196442 0.0274981 0.0365197 0.0462427 0.0558668 0.0643808 0.0708642 0.0747446 0.0758596 0.0743756 0.0706846 0.0653138 0.0588286 0.0517396 0.0444501 0.0372557 0.0303742 0.0239797 0.0182232 0.0132354 0.00911337 0.00589816 0.00355703
 0.00808562 0.0130051 0.0193485 0.027023 0.0358244 0.0453259 0.0547881 0.0632612 0.0698583 0.0739979 0.0754696 0.0743717 0.0710302 0.065924 0.0595983 0.0525717 0.0452733 0.0380274 0.0310714 0.0245879 0.018731 0.0136359 0.00940823 0.00609889 0.00368253
 0.00872305 0.0138944 0.0204127 0.0280935 0.0366808 0.0457658 0.0546909 0.0626173 0.0687637 0.0726263 0.0740348 0.0730825 0.0700454 0.0653222 0.0593732 0.052653 0.0455616 0.0384258 0.031504 0.0250036 0.0190986 0.0139385 0.00963934 0.00626164 0.00378739
 0.00922364 0.014702 0.0216071 0.0297192 0.0387076 0.0480442 0.0569314 0.0644328 0.0697832 0.0726315 0.073042 0.0713265 0.0678833 0.0631154 0.0573987 0.0510655 0.0444001 0.0376475 0.0310265 0.0247385 0.0189707 0.0138914 0.00963429 0.0062739 0.00380293
 0.00903162 0.014503 0.0215183 0.0299225 0.0394052 0.0493808 0.058916 0.0668968 0.0723937 0.0749587 0.0746658 0.0719555 0.0674435 0.0617666 0.0554681 0.0489303 0.0423783 0.0359373 0.0297023 0.0237846 0.0183244 0.0134772 0.00938304 0.00613023 0.00372602
 0.00892185 0.0143053 0.0211936 0.0294454 0.0387982 0.0487533 0.0584765 0.0669069 0.0730634 0.0763286 0.0765472 0.0739717 0.0691569 0.0628317 0.0557384 0.0484801 0.0414399 0.0347959 0.0285999 0.0228686 0.0176462 0.0130208 0.00910067 0.00596856 0.00364023
 0.00890929 0.0142748 0.0211268 0.0293142 0.0385667 0.0483879 0.0579674 0.0662969 0.0724705 0.075938 0.0765551 0.0744927 0.0701452 0.0640712 0.0569207 0.0493299 0.0418183 0.0347293 0.0282328 0.0223805 0.0171809 0.0126559 0.00885343 0.00582048 0.00356083
 0.00881855 0.0141327 0.0209226 0.0290404 0.0382187 0.0479636 0.0574689 0.0657355 0.0718743 0.0753632 0.0760935 0.074264 0.0702613 0.0645805 0.0577629 0.0503375 0.0427761 0.0354603 0.028661 0.0225362 0.0171587 0.0125576 0.00875041 0.00574488 0.00351658
 0.00883799 0.0141484 0.0209171 0.0289877 0.0380912 0.0477425 0.0571529 0.0653419 0.0714329 0.0749088 0.0756637 0.073904 0.0700294 0.0645407 0.057961 0.0507694 0.0433702 0.0360951 0.0292116 0.0229238 0.0173711 0.0126352 0.00875227 0.00571971 0.0034915
 0.00874975 0.0140259 0.0207705 0.0288363 0.0379544 0.047627 0.0570451 0.0652132 0.0712554 0.0746725 0.0753846 0.0736197 0.069788 0.064391 0.0579449 0.0509125 0.0436686 0.0365066 0.0296625 0.0233341 0.0176843 0.0128345 0.00885565 0.00576102 0.00350199
 0.00871927 0.0139699 0.0206754 0.0286893 0.0377501 0.0473764 0.0567785 0.0649723 0.0710752 0.0745638 0.0753303 0.0735889 0.0697572 0.0643598 0.0579358 0.0509588 0.0437976 0.0367239 0.029946 0.0236395 0.0179625 0.0130504 0.00899841 0.00584108 0.00353965
 0.00876421 0.0140379 0.0207675 0.0288007 0.0378692 0.0474843 0.0568522 0.0649906 0.071028 0.0744579 0.0751863 0.07343 0.0695984 0.0642058 0.0577893 0.0508298 0.0437054 0.0366888 0.0299768 0.0237261 0.0180788 0.013166 0.00909091 0.00590213 0.00357299
 0.0087945 0.0140831 0.020828 0.0288741 0.0379506 0.047567 0.0569275 0.065048 0.0710552 0.0744439 0.0751261 0.0733283 0.069469 0.0640669 0.057657 0.0507156 0.0436176 0.0366352 0.0299634 0.0237529 0.0181365 0.0132379 0.00915928 0.0059552 0.00360738
 0.00879284 0.0140875 0.0208474 0.0289206 0.0380351 0.0476934 0.0570881 0.0652229 0.0712179 0.0745681 0.0751922 0.0733265 0.0694007 0.0639432 0.057497 0.0505416 0.0434512 0.0364936 0.0298581 0.0236887 0.0181106 0.0132408 0.00917806 0.00597779 0.00362608
 0.00883789 0.0141556 0.0209408 0.0290391 0.0381777 0.0478599 0.0572787 0.0654348 0.07144 0.0747788 0.0753615 0.0734239 0.0694049 0.0638496 0.0573181 0.0503036 0.0431865 0.0362337 0.0296284 0.023505 0.0179786 0.0131566 0.00913155 0.0059563 0.00361835
 0.00879063 0.0140814 0.0208344 0.0288976 0.0380027 0.0476586 0.0570667 0.0652365 0.0712866 0.0747007 0.0753792 0.0735391 0.0695977 0.0640832 0.0575506 0.0505011 0.0433314 0.0363259 0.0296799 0.0235323 0.0179959 0.0131726 0.00914876 0.00597347 0.00363308
 0.00857734 0.0137834 0.0204757 0.0285302 0.0376905 0.047453 0.0569867 0.0652672 0.0713925 0.0748455 0.0755392 0.0737066 0.0697745 0.0642709 0.0577438 0.0506861 0.0434914 0.0364488 0.0297627 0.0235813 0.0180224 0.0131874 0.00915918 0.00598257 0.00364112
 0.00840754 0.0135113 0.0200765 0.0279918 0.0370255 0.0467113 0.0562605 0.0646743 0.0710393 0.0747862 0.0757567 0.0741275 0.0703054 0.0648322 0.0582844 0.0511795 0.0439248 0.0368149 0.0300579 0.0238072 0.0181863 0.013301 0.00923494 0.00603146 0.00367153
 0.00840198 0.0134706 0.0199569 0.027733 0.0365663 0.0460166 0.0553466 0.0636222 0.0699851 0.0738915 0.0751674 0.0739329 0.070514 0.0653754 0.0590455 0.0520341 0.0447706 0.0375839 0.0307137 0.0243365 0.0185916 0.013595 0.00943652 0.00616164 0.00375035
 0.00866768 0.0138992 0.0205911 0.028599 0.0376537 0.0472559 0.0565962 0.0646852 0.0706626 0.0740517 0.0747937 0.0731267 0.0694528 0.0642502 0.0580071 0.0511659 0.0440927 0.0370754 0.0303386 0.0240605 0.0183892 0.0134487 0.00933417 0.00609368 0.00370829
 0.00896831 0.0143924 0.0213412 0.0296666 0.0390808 0.0490399 0.058661 0.0668642 0.0727102 0.0756853 0.0757588 0.0732652 0.0687511 0.0628454 0.0561434 0.0491209 0.0421057 0.0353063 0.0288634 0.0228922 0.0175038 0.0128065 0.00889064 0.00580449 0.00353209
 0.00867602 0.013967 0.0207963 0.0290547 0.0384894 0.0485786 0.0584454 0.0669954 0.0732461 0.0766095 0.0769617 0.0745557 0.069903 0.0636637 0.0565231 0.0490714 0.0417309 0.0347544 0.0282732 0.0223594 0.0170746 0.012489 0.00867159 0.00566295 0.00344662
 0.00893839 0.0143404 0.0212613 0.0295636 0.0389848 0.0490216 0.0588349 0.067366 0.0736457 0.0770698 0.0774772 0.0750768 0.0703445 0.0639242 0.056514 0.0487472 0.0411106 0.0339206 0.0273469 0.0214627 0.0162983 0.0118787 0.00823201 0.00537133 0.00326829
 0.00895712 0.0143549 0.0212519 0.0294984 0.0388232 0.0487249 0.0583829 0.0667761 0.0729875 0.0764648 0.0770727 0.0749974 0.0706407 0.0645467 0.0573268 0.0495749 0.0417969 0.0343723 0.0275498 0.021466 0.016182 0.0117195 0.00808285 0.0052571 0.00319266
 0.00932971 0.0148987 0.0219544 0.0303044 0.0396461 0.0494662 0.0589496 0.0670917 0.0730011 0.0761655 0.0765036 0.0742594 0.0698731 0.0638867 0.0568638 0.0493224 0.0416979 0.0343348 0.0274915 0.0213459 0.0160044 0.0115177 0.00789459 0.0051075 0.00308923
 0.00959743 0.0153351 0.0226095 0.0312152 0.0408164 0.0508418 0.060402 0.0684291 0.0740155 0.0766942 0.0764762 0.0737095 0.0689193 0.0626977 0.0556179 0.0481693 0.0407283 0.033572 0.0269061 0.0208872 0.0156301 0.0112069 0.00764401 0.00491906 0.00296025
 0.00980722 0.0156738 0.0231156 0.0319245 0.0417563 0.0520194 0.0617865 0.0699355 0.0754996 0.0779683 0.0773468 0.0740276 0.0686273 0.0618487 0.0543604 0.0467019 0.0392464 0.0322234 0.0257718 0.0199863 0.0149419 0.0106958 0.00727547 0.0046645 0.00279498
 0.00933244 0.0149539 0.0221316 0.030701 0.0403638 0.0505732 0.0604433 0.06888 0.0749117 0.0779725 0.0779653 0.0751617 0.0700781 0.0633741 0.0557445 0.0478089 0.040038 0.0327386 0.0260854 0.0201712 0.0150495 0.0107554 0.00730318 0.00467166 0.00279116
 0.0094644 0.0150886 0.0221887 0.030561 0.0399061 0.0497332 0.0592601 0.067504 0.0735656 0.0768878 0.0773235 0.0750563 0.0705001 0.0642179 0.0568364 0.0489541 0.0410724 0.0335646 0.026679 0.0205615 0.0152884 0.0108932 0.00737785 0.0047085 0.00280657
 0.00965691 0.0153737 0.0225608 0.0309836 0.0403047 0.0499964 0.0592543 0.0671114 0.0727397 0.075701 0.0759715 0.0738046 0.0695954 0.0638087 0.0569376 0.0494622 0.0418161 0.0343657 0.0274008 0.0211311 0.0156919 0.0111539 0.00753328 0.00479433 0.00285026
 0.00948024 0.0151781 0.0224336 0.0310559 0.0407079 0.0507946 0.0603879 0.0683884 0.0738848 0.0764433 0.076133 0.0733579 0.0686706 0.0626462 0.0558027 0.0485594 0.0412376 0.0340922 0.0273429 0.0211833 0.0157719 0.011218 0.00756955 0.00480822 0.00285175
#obs surv len freq
 nan nan nan nan nan nan nan nan nan nan nan nan nan nan nan nan nan nan nan nan nan nan nan nan nan
 0.00448273 0.00734318 0.0111723 0.0159881 0.0216886 0.0279643 0.0342787 0.0400106 0.0446908 0.0481553 0.0505139 0.0520105 0.0529034 0.0534164 0.0537312 0.0539865 0.0542653 0.0545582 0.0546971 0.054289 0.052727 0.049359 0.0438085 0.0362881 0.0276713
 0.00461663 0.00756196 0.0115033 0.0164563 0.0223109 0.0287397 0.0351793 0.0409786 0.0456467 0.0490132 0.0511977 0.0524651 0.0531008 0.0533553 0.0534334 0.053489 0.0536113 0.0537903 0.0538542 0.053408 0.0518465 0.048522 0.0430596 0.0356651 0.0271952
 0.00477249 0.00781892 0.0118966 0.0170211 0.0230748 0.0297117 0.0363378 0.042266 0.0469758 0.0502816 0.0523036 0.0533197 0.0536369 0.0535343 0.0532475 0.0529601 0.0527843 0.052724 0.0526145 0.0520649 0.0504748 0.0472017 0.0418701 0.0346721 0.0264348
 0.00496886 0.00813801 0.0123768 0.0176985 0.0239771 0.0308484 0.0376884 0.0437749 0.0485573 0.0518327 0.0537174 0.0544955 0.0544867 0.0539892 0.0532646 0.0525268 0.0519204 0.0514797 0.0510654 0.0503085 0.0486264 0.0453886 0.0402181 0.0332837 0.0253678
 0.00517669 0.00848046 0.0129006 0.0184497 0.0249921 0.0321389 0.0392275 0.0454928 0.0503523 0.0535911 0.0553309 0.055868 0.0555349 0.0546412 0.0534615 0.0522285 0.0511131 0.0501839 0.049342 0.0482609 0.0463983 0.0431514 0.0381476 0.0315265 0.0240091
 0.00540722 0.00885424 0.0134617 0.0192395 0.0260428 0.0334629 0.0408048 0.0472643 0.0522252 0.0554539 0.0570696 0.0573779 0.0567257 0.0554381 0.053803 0.0520656 0.0504129 0.0489396 0.0475881 0.0460868 0.0439537 0.0406356 0.035777 0.0294892 0.0224205
 0.00563788 0.00923648 0.0140501 0.0200887 0.0271959 0.0349331 0.0425586 0.0492178 0.0542593 0.05744 0.0588909 0.0589379 0.0579468 0.056256 0.0541632 0.0519208 0.0497253 0.0476893 0.0457897 0.0438112 0.0413436 0.0379007 0.0331612 0.0272144 0.0206311
 0.00590398 0.0096689 0.0147009 0.0210072 0.0284201 0.0364764 0.0443937 0.0512691 0.0564102 0.0595526 0.0608284 0.0605824 0.0592075 0.0570699 0.0544881 0.0517261 0.0489856 0.0463879 0.0439347 0.0414605 0.0386284 0.0350288 0.0303871 0.0247801 0.0187014
 0.0061298 0.0100429 0.0152767 0.0218387 0.0295511 0.0379237 0.0461304 0.0532194 0.0584619 0.0615793 0.0627088 0.0622094 0.0604912 0.0579378 0.0548854 0.0516134 0.0483358 0.0451864 0.0421889 0.0392218 0.0360158 0.0322378 0.0276655 0.022371 0.016777
 0.00637024 0.0104349 0.0158688 0.0226777 0.0306737 0.0393429 0.0478215 0.0551131 0.0604519 0.0635412 0.06452 0.0637629 0.0617016 0.0587413 0.0552359 0.0514777 0.0476895 0.0440157 0.040501 0.0370641 0.0334984 0.0295434 0.025029 0.0200272 0.0148962
 0.00662375 0.0108498 0.016498 0.0235711 0.0318677 0.0408437 0.0495894 0.0570585 0.0624505 0.0654593 0.0662377 0.0651852 0.062759 0.0593865 0.0554384 0.0512183 0.0469561 0.0428031 0.0388199 0.0349594 0.0310713 0.0269613 0.0225087 0.017787 0.0130964
 0.00685477 0.01123 0.0170786 0.0244025 0.0329889 0.0422663 0.0512803 0.0589347 0.0643898 0.0673244 0.0679003 0.0665415 0.0637366 0.0599426 0.0555539 0.0508892 0.0461854 0.0415986 0.0372005 0.032971 0.0288068 0.0245707 0.0201854 0.0157261 0.0114414
 0.00708078 0.0115996 0.0176389 0.0251985 0.0340547 0.0436107 0.0528724 0.060698 0.0662121 0.0690782 0.0694634 0.0678115 0.0646377 0.0604282 0.0556047 0.0505068 0.0453845 0.0404014 0.0356384 0.0310962 0.026708 0.0223821 0.0180762 0.0138652 0.00995179
 0.00727199 0.0119167 0.0181275 0.0259044 0.0350138 0.0448339 0.05433 0.0623155 0.0678814 0.0706796 0.0708853 0.0689625 0.0654505 0.0608596 0.055634 0.0501331 0.0446222 0.039277 0.0341903 0.0293816 0.024813 0.0204282 0.0162099 0.0122295 0.00864844
 0.00746349 0.0122288 0.0185986 0.0265708 0.0359026 0.0459518 0.0556512 0.0637765 0.0693883 0.0721241 0.072163 0.0699857 0.0661552 0.0612077 0.0556109 0.0497428 0.0438827 0.0382169 0.0328504 0.0278196 0.0231111 0.0186954 0.0145727 0.0108071 0.00752276
 0.00751843 0.0123259 0.01876 0.0268233 0.0362745 0.0464657 0.0563161 0.064583 0.0703074 0.0731102 0.0731569 0.0709185 0.0669543 0.0618048 0.0559502 0.0497872 0.0436163 0.0376449 0.0319988 0.0267369 0.0218709 0.0173949 0.0133222 0.0097096 0.00664897
 0.00760728 0.0124573 0.0189342 0.0270346 0.0365157 0.046735 0.0566216 0.0649401 0.070732 0.0736094 0.0737223 0.0715231 0.0675546 0.062345 0.0563696 0.0500285 0.0436342 0.0374135 0.0315173 0.026033 0.0210014 0.0164422 0.0123819 0.00887119 0.00597513
 0.00768169 0.0125738 0.0191003 0.0272525 0.0367799 0.0470306 0.0569248 0.0652244 0.070979 0.0738188 0.0739131 0.0717241 0.0677866 0.0626072 0.0566348 0.0502489 0.0437533 0.0373808 0.031301 0.0256301 0.0204419 0.0157856 0.0117058 0.00825202 0.00546896
 0.00771429 0.0126248 0.0191736 0.0273502 0.0369027 0.0471767 0.0570891 0.0653975 0.0711482 0.0739719 0.0740436 0.0718357 0.0678931 0.0627258 0.0567745 0.0504003 0.0438861 0.0374508 0.0312646 0.0254602 0.0201399 0.0153842 0.0112603 0.00782393 0.00510778
 0.00778635 0.0127313 0.0193141 0.0275175 0.0370846 0.04736 0.0572622 0.0655516 0.0712768 0.0740707 0.0741106 0.0718718 0.0679036 0.0627202 0.0567653 0.0503966 0.043887 0.0374404 0.0312158 0.0253455 0.0199454 0.0151189 0.0109553 0.00752171 0.00484644
 0.00782921 0.0128008 0.0194178 0.0276606 0.037267 0.0475729 0.0574862 0.0657596 0.0714418 0.0741753 0.0741521 0.0718601 0.0678549 0.062651 0.0566889 0.0503225 0.0438193 0.0373759 0.0311427 0.025247 0.0198078 0.0149402 0.0107495 0.00731398 0.004663
 0.00786205 0.0128512 0.0194882 0.0277517 0.0373782 0.0477029 0.0576321 0.0659148 0.0715953 0.0743111 0.0742534 0.0719143 0.0678581 0.0626095 0.0566159 0.0502331 0.0437258 0.0372844 0.031052 0.0251499 0.0196958 0.0148095 0.0106055 0.00717007 0.00453517
 0.00787379 0.0128666 0.0195045 0.0277645 0.0373829 0.0476972 0.0576183 0.0659004 0.0715905 0.0743257 0.0742921 0.0719745 0.06793 0.0626797 0.0566728 0.0502706 0.0437435 0.0372852 0.0310383 0.0251213 0.0196501 0.0147459 0.0105276 0.00708667 0.00445731
 0.00789025 0.01289 0.0195335 0.0277951 0.0374093 0.0477131 0.0576183 0.0658821 0.071556 0.0742823 0.0742515 0.0719492 0.0679286 0.0627035 0.0567152 0.0503203 0.0437894 0.0373192 0.0310564 0.0251221 0.0196336 0.0147135 0.0104829 0.00703609 0.00440844
 0.00789129 0.0128886 0.0195256 0.0277751 0.0373718 0.0476546 0.05754 0.06579 0.0714597 0.0741931 0.0741805 0.0719062 0.0679207 0.0627338 0.0567811 0.0504133 0.0438963 0.0374255 0.0311494 0.0251936 0.0196798 0.014735 0.0104837 0.00702279 0.00438851
 0.00787538 0.0128604 0.019479 0.0277032 0.0372684 0.0475179 0.0573746 0.0656082 0.0712796 0.0740351 0.0740628 0.071842 0.0679165 0.0627891 0.0568892 0.0505622 0.0440704 0.0376074 0.0313222 0.0253433 0.0197974 0.0148177 0.0105342 0.00704763 0.00439628
 0.00791147 0.0129111 0.0195402 0.0277655 0.0373187 0.0475426 0.0573628 0.0655543 0.0711844 0.0739064 0.0739151 0.0716942 0.0677887 0.0626977 0.0568444 0.0505663 0.0441181 0.0376871 0.031419 0.0254416 0.0198844 0.0148851 0.0105796 0.00707342 0.00440765
 0.00791677 0.012924 0.0195671 0.0278135 0.0373922 0.0476382 0.0574668 0.065644 0.0712355 0.0739017 0.0738511 0.0715813 0.0676472 0.0625519 0.0567166 0.0504729 0.044067 0.0376777 0.0314431 0.0254866 0.0199366 0.0149332 0.0106167 0.00709758 0.00442064
 0.00787258 0.012854 0.0194659 0.027679 0.0372283 0.0474572 0.0572896 0.0654964 0.0711398 0.0738674 0.0738716 0.0716385 0.0677209 0.0626282 0.0567915 0.0505499 0.0441523 0.0377753 0.0315519 0.0256003 0.0200457 0.0150283 0.0106914 0.00715024 0.00445371
 0.00784068 0.0127966 0.0193696 0.0275291 0.0370131 0.0471759 0.0569582 0.0651491 0.0708221 0.0736246 0.0737365 0.071623 0.0678149 0.0628052 0.0570184 0.0507972 0.0443998 0.0380121 0.0317728 0.0258014 0.0202221 0.015175 0.0108051 0.00723126 0.00450622
 0.00784994 0.0128067 0.0193752 0.0275208 0.0369783 0.0471007 0.0568317 0.0649669 0.0705915 0.0733671 0.0734858 0.0714179 0.0676882 0.062774 0.0570798 0.0509319 0.0445806 0.0382127 0.0319731 0.025988 0.0203868 0.0153125 0.0109127 0.00730923 0.00455789
 0.00780743 0.012743 0.0192891 0.0274143 0.0368553 0.046965 0.0566853 0.0648108 0.0704268 0.0731973 0.0733194 0.0712701 0.0675796 0.062726 0.0571076 0.0510383 0.0447541 0.0384309 0.0322094 0.0262184 0.0205935 0.0154849 0.0110465 0.00740549 0.00462158
 0.00778688 0.0127035 0.0192189 0.0273002 0.0366873 0.0467433 0.056425 0.0645399 0.0701778 0.072996 0.0731781 0.0711886 0.067552 0.0627479 0.0571791 0.0511617 0.0449286 0.038648 0.0324523 0.0264654 0.0208233 0.0156814 0.0112013 0.00751754 0.00469595
 0.00774209 0.0126348 0.0191228 0.027175 0.0365325 0.0465581 0.0562098 0.0642996 0.0699253 0.0727535 0.0729734 0.0710473 0.0674897 0.0627665 0.0572702 0.0513125 0.0451261 0.0388801 0.0327053 0.0267225 0.0210661 0.0158932 0.0113713 0.00764256 0.00477982
 0.0093253 0.0148466 0.0217832 0.0298942 0.038825 0.0480246 0.0566798 0.0638558 0.0688165 0.0712691 0.0713534 0.0694534 0.0660165 0.0614642 0.0561605 0.0503983 0.0443982 0.0383218 0.0322961 0.0264395 0.0208844 0.015787 0.0113163 0.00761845 0.00477181
 0.00932307 0.0151341 0.0227284 0.0319514 0.0423352 0.0529477 0.062425 0.0693791 0.0729923 0.073335 0.0711628 0.0674126 0.0628081 0.0577568 0.0524447 0.0469618 0.0413758 0.0357579 0.0301887 0.0247634 0.0196007 0.0148471 0.0106636 0.00719231 0.00451247
 0.00897275 0.0145854 0.0219631 0.0310226 0.0414205 0.0523822 0.0626607 0.0708228 0.0757607 0.0770747 0.0750952 0.0706305 0.0646539 0.0580498 0.0514486 0.0451692 0.0392768 0.0337077 0.028385 0.0232849 0.0184552 0.0140055 0.0100793 0.00681153 0.00428135
 0.00880891 0.014308 0.0215259 0.0303793 0.0405426 0.0512924 0.0614737 0.0697729 0.0751811 0.077304 0.0763243 0.0727593 0.0672613 0.0605317 0.0532621 0.0460403 0.0392538 0.0330597 0.0274407 0.02231 0.0176075 0.0133475 0.00961206 0.00650513 0.00409571
 0.00870416 0.0141368 0.0212657 0.0300065 0.0400346 0.0506337 0.0606676 0.0688575 0.0742478 0.076509 0.0758764 0.0728665 0.068038 0.0619094 0.0549709 0.0476953 0.0405109 0.0337463 0.0275878 0.0220859 0.0172137 0.0129409 0.0092781 0.00626905 0.00394744
 0.0086944 0.0141115 0.0212098 0.0298993 0.0398534 0.0503596 0.0602916 0.0683833 0.0736937 0.0759117 0.075301 0.0724137 0.0678348 0.0620699 0.055535 0.0485825 0.0415281 0.0346605 0.0282235 0.022387 0.0172377 0.0128031 0.00908906 0.00609982 0.003826
 0.00870303 0.014124 0.0212253 0.029914 0.0398588 0.050342 0.0602314 0.068259 0.0734876 0.0756185 0.074934 0.0720101 0.0674574 0.0618014 0.0554592 0.0487502 0.0419234 0.0351921 0.0287563 0.0227996 0.017471 0.0128702 0.00904862 0.00601694 0.0037459
 0.00868649 0.0141031 0.0212048 0.0299015 0.0398623 0.0503651 0.0602697 0.0682984 0.0735065 0.0755927 0.0748438 0.071848 0.0672349 0.0615535 0.0552409 0.0486231 0.0419328 0.0353432 0.029006 0.0230728 0.0176949 0.0130046 0.00909536 0.00600529 0.00371033
 0.00866552 0.014068 0.0211506 0.0298244 0.0397623 0.0502489 0.0601522 0.0681994 0.0734434 0.0755719 0.0748562 0.0718719 0.0672459 0.0615362 0.0551981 0.0485777 0.0419193 0.0353913 0.0291231 0.0232378 0.0178673 0.0131454 0.00918382 0.00604381 0.00371559
 0.00866109 0.0140605 0.0211385 0.0298057 0.0397345 0.0502092 0.0600988 0.0681336 0.0733712 0.0755035 0.0748033 0.071842 0.0672381 0.0615409 0.055203 0.0485766 0.0419174 0.0354033 0.0291638 0.0233109 0.0179613 0.0132391 0.00925791 0.0060896 0.00373606
 0.00864258 0.0140331 0.0211024 0.0297627 0.0396874 0.0501609 0.0600514 0.068088 0.0733276 0.0754628 0.0747675 0.0718151 0.0672247 0.0615435 0.0552203 0.0486037 0.0419495 0.0354394 0.0292072 0.0233655 0.018026 0.0133063 0.00931716 0.00613308 0.00376204
 0.0086431 0.0140312 0.0210945 0.0297442 0.0396545 0.0501128 0.0599917 0.0680247 0.0732697 0.075417 0.0747365 0.0717978 0.0672187 0.0615471 0.055233 0.0486251 0.0419786 0.0354747 0.0292476 0.0234106 0.0180748 0.0133556 0.00936195 0.00616856 0.00378604
 0.00862725 0.0140079 0.0210638 0.0297075 0.0396132 0.0500677 0.0599426 0.0679712 0.0732133 0.0753623 0.0746905 0.0717678 0.0672088 0.0615577 0.0552609 0.0486655 0.0420271 0.0355277 0.0293027 0.0234657 0.0181281 0.0134048 0.00940443 0.006202 0.00380951
 0.00862073 0.0139973 0.0210481 0.0296858 0.0395857 0.0500357 0.0599087 0.0679384 0.0731842 0.0753375 0.0746692 0.0717492 0.067194 0.0615493 0.0552619 0.0486776 0.0420498 0.0355589 0.0293394 0.0235052 0.0181677 0.0134421 0.00943703 0.00622812 0.00382839
 0.00859923 0.0139666 0.0210097 0.0296438 0.0395451 0.050001 0.059882 0.0679198 0.0731722 0.075331 0.0746672 0.071751 0.0671987 0.0615565 0.0552717 0.0486913 0.0420685 0.0355833 0.0293689 0.0235379 0.0182012 0.0134738 0.00946479 0.00625039 0.00384461
 0.00859923 0.0139666 0.0210097 0.0296438 0.0395451 0.050001 0.059882 0.0679198 0.0731722 0.075331 0.0746672 0.071751 0.0671987 0.0615565 0.0552717 0.0486913 0.0420685 0.0355833 0.0293689 0.0235379 0.0182012 0.0134738 0.00946479 0.00625039 0.00384461
 0.0085707 0.0139144 0.0209209 0.0295049 0.0393473 0.0497477 0.0595945 0.067635 0.0729329 0.0751715 0.0746045 0.0717828 0.0673087 0.0617213 0.0554678 0.0488984 0.0422715 0.0357722 0.0295378 0.0236837 0.0183224 0.0135704 0.00953773 0.00630217 0.00387876
 0.00888789 0.0144142 0.0216405 0.0304601 0.0405202 0.0510728 0.0609512 0.0688596 0.0738563 0.0756686 0.0746287 0.0713697 0.0665528 0.0607431 0.054385 0.0478092 0.0412482 0.0348611 0.0287636 0.0230546 0.0178345 0.0132108 0.00928768 0.00613932 0.00378025
 0.00917627 0.0149059 0.0224202 0.0316122 0.0421006 0.0530661 0.0632355 0.0712047 0.0759686 0.0772646 0.0755047 0.0714416 0.06586 0.0594253 0.0526416 0.0458542 0.0392727 0.0330115 0.0271354 0.0216972 0.0167607 0.0124064 0.00871986 0.00576417 0.00355002
 0.00894059 0.014559 0.0219694 0.0310996 0.0416051 0.0527 0.0631291 0.0714766 0.0766799 0.0783773 0.0768688 0.0728288 0.0670321 0.0602028 0.052947 0.045715 0.0387931 0.0323298 0.0263856 0.0209836 0.0161486 0.0119248 0.00836988 0.00552906 0.00340442
 0.00916206 0.014872 0.0223541 0.0315093 0.0419824 0.0530019 0.0633481 0.0716462 0.0768623 0.0786377 0.0772459 0.0733099 0.0675443 0.0606305 0.0531692 0.0456498 0.0384265 0.0317178 0.0256298 0.0201975 0.0154272 0.011328 0.00792005 0.00521894 0.00320881
 0.00898401 0.014612 0.0220164 0.0311139 0.0415567 0.052568 0.0629192 0.0712347 0.0764973 0.0783767 0.0771683 0.0734887 0.0680092 0.0613409 0.0540157 0.0464847 0.0391116 0.0321662 0.0258252 0.0201847 0.0152838 0.0111331 0.00773247 0.00506999 0.00310641
 0.00921149 0.0149385 0.022428 0.0315711 0.0420064 0.0529618 0.0632253 0.0714366 0.0765842 0.0783382 0.0770014 0.073214 0.0676791 0.0610279 0.0537818 0.0463519 0.0390518 0.0321198 0.0257349 0.020023 0.0150616 0.0108868 0.00750283 0.00488529 0.00297626
 0.00919843 0.0149452 0.0224872 0.0317246 0.0422862 0.0533665 0.0637045 0.071901 0.0769387 0.0785196 0.0769976 0.0730567 0.0674217 0.0607272 0.0534889 0.0461053 0.0388702 0.0319961 0.0256411 0.0199268 0.0149436 0.0107487 0.00736158 0.00476097 0.00288161
 0.00942009 0.0152858 0.0229635 0.03234 0.0430322 0.0542225 0.0646334 0.0728406 0.0777979 0.0791884 0.0773717 0.0730697 0.0670696 0.0600716 0.0526369 0.0451778 0.0379716 0.0311963 0.0249713 0.0193865 0.0145155 0.0104127 0.00710319 0.00457059 0.00275063
 0.00891548 0.0145151 0.021899 0.0309972 0.0414745 0.0525631 0.0630347 0.0715007 0.076914 0.0789035 0.0777276 0.0739905 0.0683855 0.0615701 0.0541219 0.0465114 0.0390877 0.0320862 0.0256573 0.0198995 0.0148837 0.0106609 0.0072562 0.00465427 0.00278973
 0.00894348 0.0144873 0.0217243 0.0305528 0.0406462 0.0513058 0.061421 0.069724 0.075239 0.07759 0.076965 0.0738638 0.0688711 0.0625522 0.0554239 0.0479379 0.0404672 0.033301 0.0266509 0.0206645 0.0154418 0.0110462 0.00750564 0.00480374 0.00287136
 0.0089037 0.0144354 0.0216651 0.0304857 0.0405493 0.0511206 0.0610538 0.0690789 0.0742755 0.0763739 0.0756763 0.0727468 0.0681508 0.0623604 0.0557666 0.0487103 0.0414996 0.0344128 0.0276944 0.0215471 0.0161267 0.0115383 0.00783412 0.00500685 0.00298696
 0.00910992 0.0147585 0.0221279 0.0310984 0.0413038 0.0519808 0.0619445 0.0698798 0.0748329 0.0765357 0.0753441 0.0719256 0.0669679 0.0610369 0.0545467 0.0477826 0.0409466 0.034209 0.0277428 0.0217302 0.0163457 0.0117322 0.00797768 0.00509951 0.00303989
#pred catch len freq
 0.00339701 0.0054601 0.00813622 0.011439 0.0153976 0.0200223 0.0252392 0.0308628 0.0366268 0.0422396 0.0474307 0.0519884 0.0557879 0.0587896 0.0610048 0.0624514 0.0631256 0.0629891 0.0619518 0.0598408 0.0563889 0.051311 0.0444998 0.0362555 0.0273639
 0.00367085 0.00584206 0.00859805 0.0119252 0.0158544 0.0204345 0.0256485 0.0313432 0.0372252 0.0429168 0.048045 0.0523402 0.0557032 0.0582009 0.0599918 0.0612233 0.0619522 0.0621061 0.0614773 0.0597397 0.0565056 0.0514533 0.0445294 0.0361341 0.0271392
 0.00378936 0.00606332 0.00897926 0.0125252 0.0167059 0.021511 0.0268485 0.0325174 0.038239 0.0437062 0.0486197 0.052728 0.0558838 0.0580907 0.0594961 0.0603198 0.0607402 0.0607848 0.0602631 0.058775 0.0558122 0.0509553 0.0441226 0.0357512 0.0267724
 0.00395011 0.00631129 0.00933262 0.0130051 0.0173476 0.0223698 0.0279865 0.0339634 0.0399397 0.0455036 0.050284 0.054035 0.0566868 0.0583386 0.0592013 0.0595202 0.0594987 0.0592126 0.0585266 0.0570593 0.0542625 0.0496408 0.0430453 0.0348849 0.0260938
 0.00415933 0.00664042 0.00980757 0.0136434 0.0181576 0.0233516 0.0291342 0.0352703 0.0413999 0.0471011 0.0519643 0.0556761 0.0581003 0.0593138 0.0595699 0.0592037 0.058517 0.0576687 0.0565846 0.0549199 0.0521294 0.0476831 0.0413723 0.0335446 0.0250871
