SBPRF35
10.3138
Curr Bio
630290
B35
744583
F35
0.18855
FOFL
0.160531
OFL
82342.6
Bzero
2.94679e+06
#pred survey bio
 4.07584e+06 3.90608e+06 3.73326e+06 3.51854e+06 3.26052e+06 2.98342e+06 2.6818e+06 2.41908e+06 2.14758e+06 1.88752e+06 1.65744e+06 1.46891e+06 1.29735e+06 1.14943e+06 1.00992e+06 894653 794982 735091 678710 640690 620982 613875 592562 577010 571755 563579 557071 551781 552614 555794 558110 547768 545093 530348 524662 522957 513784 508104 513678 520330 528448 537233 548195 549209 557477 561199 563475 558347 564173 563322 566153 580215 594651 573755 524423 507983 573384 567934 506605 487646 550871 626144 622336 623727 621010 636626 2.25897e+07 1.3809e+07 1.43024e+07 1.52466e+07 1.64525e+07 1.77098e+07 1.88759e+07 1.98793e+07 2.07003e+07 2.1349e+07 2.18494e+07 2.22292e+07 2.25145e+07 2.27275e+07 2.28862e+07 2.30043e+07 2.30925e+07 2.31586e+07 2.32082e+07 2.32458e+07 2.32744e+07 2.32962e+07 2.33129e+07 2.33259e+07 2.33359e+07 2.33437e+07 2.33498e+07 2.33546e+07 2.33583e+07 2.33613e+07 2.33636e+07 2.33654e+07 2.33669e+07 2.33681e+07 2.3369e+07 2.33697e+07 2.33703e+07 2.33708e+07 2.33711e+07 2.33714e+07 2.33717e+07 2.33719e+07 2.3372e+07 2.33722e+07 2.33722e+07 2.33723e+07 2.33724e+07 2.33724e+07 2.33725e+07 2.33725e+07 2.33725e+07 2.33726e+07 2.33726e+07 2.33726e+07 2.33726e+07 2.33726e+07 2.33726e+07 2.33726e+07 2.33726e+07 2.33726e+07 2.33726e+07 2.33726e+07 2.33726e+07 2.33726e+07 2.33726e+07 2.33726e+07 2.33726e+07 2.33726e+07 2.33726e+07 2.33726e+07 2.33726e+07 2.33726e+07 2.33726e+07 2.33726e+07 2.33726e+07 2.33726e+07 2.33726e+07 2.33726e+07 2.33726e+07 2.33726e+07 2.33726e+07 2.33726e+07 2.33726e+07 2.33726e+07 2.33726e+07 2.33726e+07 2.33726e+07 2.33726e+07 2.33726e+07 2.33726e+07 2.33726e+07 2.33726e+07 2.33726e+07 2.33726e+07 2.33726e+07 2.33726e+07 2.33726e+07 2.33726e+07 2.33726e+07 2.33726e+07 0 0 0 0 0 0 0 0 0 0 0 0 0 0 0 0 0 0 0 0 0 0 0 0 0
#obs survey bio
 2.46896e+06 3.46201e+06 4.13694e+06 4.83849e+06 2.50661e+06 3.02068e+06 2.99097e+06 2.29676e+06 1.98240e+06 1.71823e+06 912883 1.30931e+06 977223 879596 1.10846e+06 734614 751320 618339 651926 626608 531417 465100 797401 512144 602624 535640 396075 577921 469656 566807 553327 532467 514510 454544 506574 516923 408433 536099 471970 619369 399410 420945 697019 768888 837560 524337 765038 621881 431177 665080 463419 391692 982739 762454 415396 707122 737069 753070 446519 385186 758256 577096 602971 439669 760005 555508
#pred catch bio
 95675.9 102083 148174 200638 235313 277628 262828 291445 300939 292003 270495 267456 254177 250208 229067 213113 175979 169740 150549 132680 120646 130010 121527 110444 111027 107781 105262 98999.7 96303.1 96025 104616 95759.8 103316 92420.2 86552.6 92653 92823.6 87750.8 89635.2 89333.6 89010.5 87021 94282.8 86457.1 88791.5 88763.3 94326.1 85829.9 93412.6 91915 84353.9 85894.9 115393 136633 106910 40734.7 101344 143849 105251 40012.6 35853.7 103802 99372.5 105161 91913.2 97792.7 82342.6 97124.1 99420.6 104739 112511 120879 128612 135153 140374 144372 147339 149492 151025 152102 152849 153364 153716 153955 154116 154225 154298 154347 154380 154402 154417 154427 154433 154437 154440 154442 154443 154444 154445 154445 154445 154445 154445 154446 154446 154446 154446 154446 154446 154446 154446 154446 154446 154446 154446 154446 154446 154446 154446 154446 154446 154446 154446 154446 154446 154446 154446 154446 154446 154446 154446 154446 154446 154446 154446 154446 154446 154446 154446 154446 154446 154446 154446 154446 154446 154446 154446 154446 154446 154446 154446 154446 154446 154446 154446 154446 154446 154446 154446 154446 154446 154446 154446 154446 154446 154446 0 0 0 0 0 0 0 0 0 0 0 0 0 0 0 0 0 0 0 0 0 0 0 0 0
#obs catch bio
 0 101952 148372 200849 235696 278953 262342 291338 301260 293156 273578 272275 259888 255820 234340 218458 179087 173523 153111 135267 122883 133108 122907 111754 112418 108790 106655 99872.2 97275.2 96925.4 105706 96277.2 104387 93257.9 87011.5 92892.7 93293.1 88173.9 90102.8 89004.5 89122.7 86913.8 94002.9 85928.2 87715 87553.4 92749.1 84359.8 92914.4 91474.8 84187 85533 114582 135749 107515 40087.9 100851 142224 104881 39708.9 35415.2 104080 98662.9 105043 91576.7 97827.8
#pred cpue bio
 4.01091e+06 3.84425e+06 3.67419e+06 3.46107e+06 3.20446e+06 2.9288e+06 2.62901e+06 2.36766e+06 2.09754e+06 1.83877e+06 1.60972e+06 1.42189e+06 1.25153e+06 1.10521e+06 967776 854589 757160 698765 644116 607362 588373 581725 561628 547079 542282 534644 528564 523625 524657 527995 530631 521064 518858 504999 500102 498993 489438 482152 486388 492945 501308 510172 521156 522624 531208 535279 537668 532562 537695 536291 538719 552238 566327 546161 497892 481412 545294 541206 481592 462146 523170 597353 594279 594684 590892 605824 2.15384e+07 1.31923e+07 1.35668e+07 1.4364e+07 1.55128e+07 1.67554e+07 1.79183e+07 1.89211e+07 1.97419e+07 2.03906e+07 2.0891e+07 2.12708e+07 2.15561e+07 2.17691e+07 2.19278e+07 2.20459e+07 2.21341e+07 2.22002e+07 2.22498e+07 2.22874e+07 2.2316e+07 2.23378e+07 2.23545e+07 2.23675e+07 2.23775e+07 2.23853e+07 2.23914e+07 2.23962e+07 2.23999e+07 2.24029e+07 2.24052e+07 2.2407e+07 2.24085e+07 2.24097e+07 2.24106e+07 2.24113e+07 2.24119e+07 2.24124e+07 2.24127e+07 2.2413e+07 2.24133e+07 2.24135e+07 2.24136e+07 2.24138e+07 2.24138e+07 2.24139e+07 2.2414e+07 2.2414e+07 2.24141e+07 2.24141e+07 2.24141e+07 2.24142e+07 2.24142e+07 2.24142e+07 2.24142e+07 2.24142e+07 2.24142e+07 2.24142e+07 2.24142e+07 2.24142e+07 2.24142e+07 2.24142e+07 2.24142e+07 2.24142e+07 2.24142e+07 2.24142e+07 2.24142e+07 2.24142e+07 2.24142e+07 2.24142e+07 2.24142e+07 2.24142e+07 2.24142e+07 2.24142e+07 2.24142e+07 2.24142e+07 2.24142e+07 2.24142e+07 2.24142e+07 2.24142e+07 2.24142e+07 2.24142e+07 2.24142e+07 2.24142e+07 2.24142e+07 2.24142e+07 2.24142e+07 2.24142e+07 2.24142e+07 2.24142e+07 2.24142e+07 2.24142e+07 2.24142e+07 2.24142e+07 2.24142e+07 2.24142e+07 2.24142e+07 2.24142e+07 2.24142e+07 2.24142e+07 0 0 0 0 0 0 0 0 0 0 0 0 0 0 0 0 0 0 0 0 0 0 0 0 0
#obs cpue bio
 3.66405e+06 3.95342e+06 4.2355e+06 3.33605e+06 2.95897e+06 2.43921e+06 3.95135e+06 2.50705e+06 1.91572e+06 1.49785e+06 1.34305e+06 938244 971110 1.26494e+06 615273 732387 692526 546391 608222 363368 463217 532683 628118 434798 441614 565670 485974 531001 474521 450721 528012 542165 435387 469296 563766 667868 490744 396530 511178 793140 466525 745081 573548 460599 729088 750081 677488 582417 340178 474045 505121 918201 525488 455871 395746 533386 630006 558077 485043 496327 620369 532766 720082 649391 512241 594022
#pred surv len freq
 0.00459323 0.00751103 0.0114039 0.016284 0.0220474 0.0283877 0.0347739 0.0405881 0.0453616 0.048928 0.0513951 0.0530046 0.0540063 0.0545971 0.0549051 0.0549948 0.0548823 0.0545434 0.0538889 0.0527037 0.0506015 0.0470929 0.0418177 0.0348481 0.0268395
 0.00474208 0.00767914 0.0115249 0.0162623 0.0217987 0.0278934 0.0341154 0.0399276 0.04487 0.0487027 0.0514188 0.053169 0.0541806 0.0546977 0.054932 0.0550216 0.0550103 0.0548427 0.0543531 0.0532417 0.0510749 0.0473801 0.0418696 0.0347024 0.0265893
 0.00490508 0.00795043 0.0119386 0.0168381 0.0225186 0.0286789 0.0348253 0.040397 0.0449832 0.0484573 0.0509308 0.0526072 0.0536763 0.0542942 0.0546016 0.0547244 0.0547422 0.0546374 0.0542445 0.0532218 0.0510824 0.0473317 0.0417098 0.0344345 0.0262684
 0.00508103 0.00823414 0.0123623 0.0174322 0.0233076 0.0296703 0.0359913 0.0416549 0.0461912 0.049438 0.0515242 0.0527325 0.0533638 0.0536634 0.0537987 0.0538644 0.0538902 0.0538254 0.0534918 0.0525373 0.0504563 0.0467383 0.0411278 0.0338693 0.0257536
 0.00528377 0.00856264 0.0128547 0.0181238 0.0242242 0.0308194 0.0373507 0.0431668 0.0477634 0.050949 0.052831 0.0536851 0.0538362 0.053593 0.0532123 0.0528682 0.0526285 0.0524342 0.0520724 0.0511538 0.0491456 0.0455232 0.0400297 0.0329153 0.024973
 0.00547924 0.00888373 0.0133444 0.0188247 0.0251716 0.0320286 0.0388041 0.0448082 0.0495036 0.0526795 0.0544342 0.0550394 0.0548182 0.0540898 0.053145 0.0522203 0.0514588 0.0508643 0.0502535 0.0492321 0.0472436 0.0437376 0.0384375 0.0315758 0.0239221
 0.00578372 0.00936091 0.0140301 0.0197426 0.0263324 0.0334277 0.0404161 0.0465813 0.0513602 0.0545234 0.0561601 0.0565397 0.0559867 0.0548239 0.0533528 0.0518347 0.0504592 0.0492949 0.0482263 0.0469102 0.0448132 0.0413813 0.0363125 0.0297971 0.0225487
 0.00609828 0.0098621 0.0147648 0.0207463 0.0276211 0.034988 0.0421953 0.0484888 0.0532847 0.0563575 0.0578171 0.0579532 0.0570979 0.055569 0.0536579 0.0516227 0.0496684 0.0479045 0.046281 0.0445315 0.04219 0.0387396 0.0338732 0.027733 0.020954
 0.0064536 0.0104337 0.0156135 0.0219234 0.029158 0.0368793 0.0443818 0.0508527 0.0556662 0.0585876 0.0597503 0.0594863 0.0581721 0.0561571 0.0537446 0.0511877 0.048682 0.046343 0.0441566 0.0419251 0.0392673 0.0357367 0.0310512 0.0253157 0.0190746
 0.00687126 0.0110962 0.0165799 0.0232385 0.0308451 0.0389293 0.0467394 0.053409 0.0582678 0.0610602 0.0619254 0.0612226 0.0593692 0.0567601 0.0537379 0.050579 0.0474854 0.0445722 0.0418392 0.0391331 0.0361472 0.0325142 0.0279959 0.022675 0.0170069
 0.00727499 0.0117452 0.0175424 0.0245714 0.0325821 0.0410628 0.0492024 0.0560723 0.0609592 0.0635982 0.064148 0.0630009 0.0606081 0.0573961 0.0537379 0.0499377 0.0462187 0.0427111 0.0394331 0.0362671 0.0329667 0.0292351 0.0248799 0.01997 0.0148787
 0.00752304 0.012164 0.0182017 0.025546 0.0339366 0.0428266 0.0513451 0.0584933 0.0635026 0.066083 0.0663992 0.0648702 0.0619834 0.0582023 0.0539326 0.0495053 0.0451646 0.0410609 0.0372374 0.0336152 0.0300036 0.0261672 0.0219536 0.0174193 0.0128634
 0.00776094 0.0125498 0.0187817 0.0263661 0.0350376 0.0442347 0.0530577 0.0604673 0.0656499 0.0682769 0.0684891 0.0667009 0.0634159 0.0591301 0.0542891 0.0492609 0.0443192 0.0396383 0.0352877 0.031226 0.0273137 0.0233709 0.0192793 0.0150831 0.0110132
 0.0079764 0.0129008 0.0193113 0.0271146 0.0360351 0.0454897 0.0545457 0.0621283 0.0673986 0.0700194 0.0701335 0.0681592 0.0646011 0.0599574 0.054683 0.049165 0.0437034 0.0385028 0.0336664 0.029194 0.0249963 0.0209431 0.0169464 0.0130385 0.00938994
 0.00819188 0.0132559 0.0198545 0.0278929 0.0370837 0.0468154 0.0561111 0.0638473 0.0691508 0.0716761 0.071583 0.0693211 0.0654265 0.0604204 0.0547687 0.0488604 0.0429972 0.0373916 0.032168 0.0273623 0.022932 0.0187945 0.0148897 0.0112404 0.00796452
 0.00835962 0.0135304 0.0202713 0.0284876 0.0378858 0.047839 0.0573428 0.0652389 0.0706209 0.0731214 0.0728948 0.0704009 0.0662005 0.0608464 0.0548338 0.0485711 0.0423672 0.0364364 0.0309098 0.0258434 0.0212296 0.0170252 0.0131959 0.00975848 0.00678874
 0.00857534 0.0138683 0.0207562 0.0291344 0.0386984 0.0488076 0.05844 0.0664175 0.0718175 0.074264 0.0739113 0.0712255 0.0667778 0.0611364 0.0548158 0.0482445 0.0417472 0.0355482 0.0297858 0.0245278 0.0197881 0.0155495 0.0117963 0.00854088 0.00582588
 0.00862177 0.0139482 0.0208847 0.0293289 0.0389749 0.0491764 0.0589011 0.0669596 0.0724216 0.074908 0.0745709 0.0718712 0.0673713 0.0616295 0.0551566 0.0483859 0.0416566 0.0352128 0.0292147 0.0237528 0.0188645 0.0145554 0.0108233 0.00767664 0.00513266
 0.00876685 0.0141674 0.0211837 0.0297025 0.0394103 0.0496569 0.0594085 0.0674742 0.0729212 0.0753695 0.0749739 0.0722013 0.0676199 0.0617909 0.0552222 0.048341 0.0414814 0.0348893 0.0287358 0.0231301 0.0181331 0.0137723 0.010059 0.00699906 0.00458984
 0.00888301 0.0143438 0.0214257 0.0300057 0.0397608 0.050033 0.0597837 0.0678207 0.0732167 0.0756035 0.0751496 0.0723304 0.0677146 0.0618565 0.0552544 0.0483267 0.0414012 0.0347218 0.0284642 0.0227505 0.0176613 0.0132454 0.00952879 0.00651874 0.00419928
 0.00887724 0.0143385 0.0214252 0.0300163 0.039789 0.0500826 0.0598538 0.0679059 0.0733103 0.0757014 0.0752524 0.0724434 0.0678441 0.0620047 0.0554154 0.0484842 0.0415308 0.0347951 0.0284558 0.0226457 0.0174624 0.0129744 0.00922334 0.00622183 0.0039464
 0.00866893 0.0140319 0.0210237 0.0295453 0.0392903 0.0496045 0.0594423 0.0676 0.0731384 0.0756782 0.0753769 0.0727 0.0682068 0.0624429 0.0558965 0.0489748 0.0419965 0.0352017 0.0287727 0.0228515 0.0175514 0.0129593 0.00913345 0.00609481 0.00381745
 0.00870799 0.0140705 0.0210371 0.0294987 0.0391522 0.049366 0.0591299 0.0672716 0.072862 0.0755051 0.075326 0.0727598 0.0683494 0.0626389 0.0561228 0.0492148 0.0422353 0.0354228 0.0289569 0.0229808 0.0176143 0.0129566 0.00907908 0.00601168 0.00372955
 0.00880236 0.0142062 0.0212071 0.0296812 0.0393121 0.0494605 0.0591177 0.0671262 0.0725854 0.0751365 0.0749349 0.0724237 0.0681268 0.0625526 0.0561609 0.0493445 0.0424182 0.0356238 0.0291471 0.0231376 0.0177226 0.0130113 0.00908621 0.00598584 0.00368864
 0.00874253 0.0141244 0.021112 0.0295888 0.0392389 0.0494134 0.0590869 0.0670861 0.0725049 0.0749946 0.0747339 0.0721937 0.0679183 0.0624188 0.0561384 0.0494408 0.0426126 0.0358775 0.0294169 0.0233862 0.0179244 0.0131543 0.00917126 0.00602411 0.00369625
 0.00878188 0.0141715 0.0211527 0.029602 0.0392054 0.0493276 0.0589638 0.0669557 0.0723969 0.0749205 0.0746821 0.0721395 0.0678435 0.0623257 0.056051 0.0493922 0.0426276 0.0359608 0.0295524 0.0235451 0.0180767 0.0132781 0.0092568 0.00607303 0.00371752
 0.00876962 0.0141598 0.0211491 0.0296157 0.0392413 0.0493792 0.0590107 0.0669707 0.0723599 0.0748312 0.0745605 0.0720141 0.067735 0.062241 0.055988 0.0493506 0.0426137 0.0359835 0.0296146 0.0236385 0.0181836 0.0133787 0.00933668 0.00612676 0.00374768
 0.0087596 0.0141403 0.0211144 0.0295605 0.0391639 0.0492855 0.0589148 0.0668906 0.0723082 0.0748081 0.0745546 0.0720111 0.0677276 0.0622315 0.055984 0.0493593 0.0426392 0.0360281 0.0296788 0.0237196 0.0182741 0.0134673 0.00941233 0.00618284 0.00378358
 0.00871666 0.0140699 0.0210077 0.0294091 0.0389625 0.0490352 0.0586279 0.0665917 0.0720321 0.0745921 0.0744282 0.0719874 0.0678003 0.0623791 0.0561795 0.0495782 0.042864 0.0362479 0.0298872 0.0239118 0.0184454 0.0136127 0.00952771 0.00626683 0.00383882
 0.00857456 0.0138598 0.0207302 0.0290779 0.0385998 0.0486647 0.0582695 0.0662618 0.0717469 0.07437 0.0742896 0.0719509 0.0678765 0.0625651 0.0564571 0.0499176 0.0432316 0.0366135 0.0302285 0.0242147 0.0187023 0.0138201 0.00968578 0.00637917 0.00391229
 0.0084474 0.0136569 0.0204332 0.0286759 0.0380953 0.0480809 0.0576539 0.0656815 0.0712707 0.0740486 0.0741436 0.0719733 0.0680447 0.062853 0.0568389 0.0503666 0.0437179 0.0371051 0.030695 0.0246319 0.0190547 0.014101 0.00989624 0.00652635 0.00400751
 0.00845869 0.013669 0.0204393 0.0286643 0.0380506 0.0479873 0.0575002 0.0654658 0.0710052 0.0737598 0.0738679 0.0717469 0.0678946 0.0627915 0.0568654 0.0504722 0.0438885 0.0373224 0.0309374 0.0248765 0.0192806 0.0142933 0.0100472 0.00663556 0.00407997
 0.00831426 0.0134566 0.0201611 0.0283362 0.0376971 0.0476326 0.0571623 0.0651557 0.0707302 0.0735286 0.0736928 0.0716441 0.0678803 0.0628766 0.0570506 0.0507459 0.044229 0.0377026 0.0313284 0.0252511 0.0196158 0.0145728 0.0102636 0.00679026 0.00418152
 0.00819282 0.0132763 0.0199221 0.0280518 0.0373916 0.0473372 0.0569092 0.0649714 0.0706285 0.0735047 0.0737246 0.0717028 0.0679439 0.0629397 0.0571236 0.0508462 0.0443706 0.0378882 0.0315486 0.0254874 0.0198467 0.0147789 0.0104317 0.00691527 0.00426614
 0.00821002 0.0132657 0.0198367 0.0278285 0.0369734 0.0467049 0.0561065 0.0641036 0.0698321 0.0729022 0.0733896 0.0716471 0.0681288 0.0632985 0.0575866 0.0513575 0.0448936 0.0384019 0.0320388 0.0259404 0.0202477 0.0151144 0.0106941 0.00710516 0.00439224
 0.00891147 0.014252 0.0210337 0.0290648 0.0380213 0.0473516 0.0562179 0.0636556 0.0689059 0.0716594 0.0720339 0.0703793 0.0671016 0.062588 0.0571918 0.051224 0.0449458 0.0385689 0.0322664 0.0261904 0.020493 0.0153352 0.0108768 0.00724361 0.00448773
 0.00958795 0.0153349 0.0226218 0.0312106 0.0406875 0.0503616 0.0592316 0.0662144 0.0705591 0.0721189 0.0712728 0.0686207 0.0647185 0.0599767 0.0546741 0.0490035 0.0431109 0.0371242 0.0311704 0.0253865 0.0199246 0.0149514 0.0106321 0.00709792 0.00440756
 0.00942876 0.0152037 0.0226604 0.0316301 0.0417128 0.0521393 0.061742 0.0692324 0.0736854 0.0748688 0.0731948 0.0694134 0.0643088 0.0585283 0.0525209 0.0465363 0.0406716 0.0349445 0.029364 0.0239757 0.0188778 0.0142121 0.0101372 0.0067863 0.00422462
 0.0089746 0.0145162 0.021729 0.0305023 0.0405106 0.0510672 0.061073 0.0692511 0.0745863 0.0766491 0.0756062 0.0720138 0.0666 0.0601153 0.0532213 0.0464024 0.0399285 0.0338847 0.02825 0.0229845 0.0180923 0.013644 0.00975755 0.00655086 0.0040893
 0.00882568 0.0142417 0.0212587 0.0297586 0.0394383 0.0496777 0.0594847 0.0676985 0.0733802 0.0760954 0.0759078 0.0731897 0.068456 0.0622878 0.055288 0.0480169 0.0409177 0.0342686 0.0281864 0.0226785 0.0177198 0.0133144 0.00951466 0.00639463 0.00399973
 0.00876808 0.0141446 0.0211035 0.0295187 0.0390764 0.0491479 0.0587453 0.066738 0.0722513 0.0749384 0.0749417 0.0726586 0.0685423 0.0630301 0.0565484 0.0495206 0.0423518 0.0353917 0.0288953 0.023007 0.017784 0.0132445 0.00940835 0.00630372 0.00393958
 0.00864944 0.0139679 0.0208671 0.0292304 0.0387484 0.0487895 0.0583556 0.0663047 0.0717556 0.0743707 0.0743246 0.0720677 0.0681059 0.0628947 0.056816 0.0501903 0.0433029 0.0364254 0.0298139 0.0236855 0.0181963 0.0134412 0.00947087 0.00630378 0.00392198
 0.00846041 0.0136775 0.0204627 0.028714 0.0381384 0.0481211 0.0576794 0.0656793 0.071233 0.0739796 0.0740637 0.0719168 0.0680514 0.0629523 0.0570329 0.0506178 0.0439544 0.0372467 0.0306914 0.0244887 0.0188298 0.0138728 0.00972475 0.00643263 0.00397842
 0.00835863 0.0135154 0.0202256 0.0283915 0.0377284 0.0476338 0.057142 0.0651353 0.070735 0.0735758 0.0737851 0.0717708 0.0680254 0.0630271 0.0571983 0.0508815 0.0443334 0.037745 0.0312785 0.0250989 0.0193846 0.0143125 0.0100282 0.00661516 0.00407419
 0.00831522 0.0134262 0.0200573 0.0281036 0.0372842 0.0470195 0.0563816 0.064294 0.0699056 0.0728553 0.0732528 0.0714744 0.0679769 0.0632058 0.0575625 0.0513834 0.0449317 0.0384074 0.0319739 0.0257872 0.0200163 0.014841 0.0104263 0.00688299 0.00423458
 0.00836933 0.0135014 0.0201452 0.028184 0.0373253 0.046981 0.0562218 0.0639816 0.0694342 0.0722558 0.0725937 0.0708477 0.0674725 0.0628888 0.0574596 0.0514855 0.0452047 0.0388064 0.0324516 0.0262965 0.0205106 0.015278 0.0107758 0.00713379 0.00439518
 0.00847756 0.013662 0.0203577 0.0284363 0.0375943 0.0472351 0.0564232 0.0640881 0.0694053 0.0720623 0.0722308 0.0703439 0.06689 0.0623111 0.056971 0.0511493 0.0450502 0.0388279 0.0326169 0.0265585 0.0208176 0.0155819 0.0110394 0.00733634 0.0045332
 0.00878383 0.0141182 0.0209662 0.0291698 0.0384014 0.0480504 0.0571757 0.0647065 0.0698235 0.0722285 0.0721168 0.0699521 0.0662554 0.0614997 0.0560732 0.0502649 0.0442698 0.0382145 0.0321964 0.0263207 0.0207264 0.0155888 0.0110967 0.00740661 0.00459386
 0.00880687 0.0141859 0.021122 0.0294674 0.0388851 0.0487265 0.0579924 0.0655575 0.0705791 0.0727772 0.0723931 0.069941 0.0659795 0.0610045 0.0554187 0.049523 0.0435196 0.0375319 0.0316395 0.0259189 0.0204772 0.0154647 0.0110577 0.00741358 0.00461738
 0.00877565 0.0141509 0.0211003 0.0294899 0.0389942 0.0489692 0.0584066 0.066155 0.0713282 0.073595 0.0731585 0.0705257 0.066287 0.0609954 0.0551134 0.0489873 0.0428437 0.0368114 0.0309608 0.025346 0.0200435 0.0151722 0.0108842 0.00732524 0.00458051
 0.00877638 0.0141428 0.021072 0.0294286 0.0388934 0.0488396 0.0582839 0.066097 0.0713984 0.0738381 0.0735762 0.0710668 0.0668561 0.0614801 0.0554195 0.0490663 0.0427027 0.0365039 0.0305647 0.0249406 0.01969 0.0149038 0.0107062 0.00722274 0.00453023
 0.0086318 0.0139283 0.0207871 0.0290849 0.0385106 0.0484389 0.0578859 0.0657264 0.0710917 0.0736455 0.0735534 0.0712547 0.0672576 0.0620471 0.0560603 0.049672 0.043182 0.0368095 0.0307004 0.0249487 0.0196282 0.0148234 0.0106394 0.00718106 0.00451094
 0.00847924 0.0136903 0.0204487 0.0286418 0.0379731 0.0478353 0.0572643 0.0651489 0.0706214 0.0733316 0.0734241 0.0713203 0.067517 0.0624866 0.0566456 0.0503423 0.0438563 0.0374074 0.0311662 0.0252653 0.0198143 0.0149176 0.0106813 0.00719959 0.00452147
 0.00874391 0.0140836 0.0209709 0.0292668 0.0386522 0.0485072 0.0578633 0.0656125 0.0708985 0.0733926 0.0732682 0.070977 0.0670396 0.0619431 0.0561049 0.0498587 0.0434571 0.0370892 0.0309049 0.025034 0.0195985 0.0147192 0.0105119 0.00706947 0.00443281
 0.0090514 0.0146032 0.0217852 0.030453 0.0402512 0.0504808 0.0600624 0.0677856 0.0727503 0.074668 0.0738186 0.0707815 0.0661871 0.0605933 0.0544482 0.0480827 0.0417196 0.0355019 0.0295293 0.0238895 0.0186785 0.0140054 0.00998228 0.00669904 0.00419228
 0.00880215 0.0142545 0.0213684 0.0300423 0.0399547 0.0504186 0.0603381 0.0684545 0.0737908 0.0759656 0.0751795 0.0719815 0.067036 0.0609874 0.0543865 0.0476479 0.0410401 0.0347121 0.0287406 0.0231768 0.0180802 0.0135324 0.00962893 0.00645068 0.00402971
 0.00813734 0.0131647 0.0197202 0.0277293 0.0369484 0.0468358 0.0564901 0.0648293 0.0709437 0.0743595 0.0750481 0.0732752 0.0694599 0.0641022 0.057731 0.0508417 0.04384 0.037015 0.0305478 0.024546 0.0190866 0.0142481 0.0101164 0.00676485 0.00421889
 0.00850636 0.013681 0.0203368 0.0283355 0.0373828 0.0469181 0.0560662 0.0638208 0.0693963 0.0724694 0.0731392 0.0717143 0.0685397 0.0639456 0.0582647 0.0518452 0.0450395 0.0381737 0.0315182 0.0252753 0.0195897 0.0145719 0.0103129 0.00687741 0.00427946
 0.00926529 0.0148914 0.0221063 0.0307252 0.0403663 0.0503324 0.0595772 0.066949 0.0716234 0.0733931 0.0726053 0.0698648 0.0657627 0.0607516 0.0551383 0.0491266 0.0428742 0.0365406 0.0303055 0.0243582 0.0188776 0.0140161 0.00989177 0.00657655 0.00408065
 0.00917987 0.014827 0.0221492 0.0310066 0.0410343 0.0515011 0.0612714 0.0690674 0.0739333 0.0755616 0.074265 0.0707085 0.0656376 0.0597152 0.0534405 0.0471222 0.0409053 0.0348423 0.0289734 0.0233762 0.0181745 0.0135161 0.00953805 0.0063325 0.00392081
 0.00842867 0.0136314 0.0204074 0.0286683 0.0381432 0.0482439 0.0580059 0.0662838 0.0721305 0.0750818 0.0751701 0.0727595 0.068384 0.0626459 0.0561354 0.0493471 0.0426215 0.036143 0.0299898 0.0242064 0.0188613 0.0140644 0.0099458 0.00660958 0.00409154
 0.00826097 0.0132791 0.0197304 0.0274892 0.0362938 0.0456425 0.054734 0.0626217 0.068528 0.0720693 0.0732357 0.0722231 0.0693035 0.0647973 0.0590838 0.0525864 0.0457218 0.0388406 0.0321935 0.0259407 0.020195 0.0150649 0.0106667 0.00709889 0.004399
 0.00886674 0.0142097 0.0210208 0.0291111 0.038133 0.0474819 0.0562577 0.0634665 0.0683932 0.0708455 0.0710833 0.0695484 0.0666347 0.0626139 0.0576741 0.051988 0.0457632 0.0392518 0.0327243 0.0264309 0.020581 0.0153449 0.0108618 0.00723034 0.00448314
 0.0089661 0.0144337 0.0214711 0.0299137 0.039398 0.0492389 0.0583979 0.0657252 0.0703925 0.0721868 0.0714602 0.0688444 0.0649743 0.0603385 0.0552388 0.0498162 0.0441222 0.0382058 0.0321744 0.0262064 0.0205232 0.0153501 0.0108805 0.00724651 0.00449435
 0.0087304 0.0141132 0.0211091 0.0296019 0.0392664 0.049431 0.0590346 0.0668642 0.0719858 0.0740528 0.0732944 0.0702853 0.0657127 0.060226 0.0543451 0.0484022 0.0425392 0.0367689 0.0310711 0.0254763 0.0201015 0.0151339 0.0107791 0.00720092 0.00447381
 0.00814112 0.0132242 0.0199037 0.0281211 0.0376117 0.0477604 0.0575555 0.065813 0.0715828 0.0744364 0.0744597 0.0720591 0.0677816 0.0622179 0.0559381 0.0494211 0.0429944 0.0368198 0.0309343 0.025331 0.0200386 0.0151605 0.0108579 0.00728975 0.00454644
#obs surv len freq
 nan nan nan nan nan nan nan nan nan nan nan nan nan nan nan nan nan nan nan nan nan nan nan nan nan
 0.00448352 0.00734432 0.0111738 0.0159897 0.0216901 0.0279655 0.0342796 0.0400111 0.044691 0.0481553 0.0505137 0.0520102 0.052903 0.0534158 0.0537305 0.0539857 0.0542645 0.0545574 0.0546963 0.0542882 0.0527262 0.0493583 0.0438078 0.0362876 0.0276709
 0.00461628 0.00756178 0.0115037 0.016458 0.0223143 0.0287451 0.0351863 0.0409864 0.045654 0.0490191 0.0512015 0.0524668 0.0531006 0.0533537 0.0534307 0.0534855 0.0536073 0.053786 0.0538496 0.0534033 0.0518419 0.0485177 0.0430557 0.0356619 0.0271927
 0.00477933 0.00782926 0.0119108 0.0170388 0.0230956 0.0297349 0.0363626 0.0422913 0.0470002 0.0503033 0.0523205 0.0533301 0.0536399 0.0535299 0.0532366 0.052944 0.0527645 0.0527017 0.0525907 0.0520403 0.0504505 0.0471787 0.0418496 0.0346551 0.0264218
 0.00497072 0.00814149 0.0123828 0.0177081 0.0239912 0.0308669 0.0377104 0.0437984 0.0485801 0.051853 0.0537343 0.0545082 0.0544949 0.0539923 0.0532621 0.0525185 0.0519068 0.0514616 0.0510443 0.0502855 0.048603 0.0453661 0.0401978 0.0332668 0.0253549
 0.00518693 0.00849578 0.0129212 0.0184751 0.0250213 0.0321708 0.0392612 0.0455273 0.0503862 0.0536225 0.0553571 0.055887 0.0555452 0.0546423 0.0534536 0.0522122 0.0510891 0.0501532 0.0493061 0.0482215 0.0463576 0.043112 0.0381119 0.0314966 0.0239862
 0.00539462 0.00883771 0.013444 0.0192256 0.0260382 0.0334711 0.0408257 0.0472944 0.0522596 0.0554881 0.0571009 0.0574052 0.0567485 0.0554556 0.0538142 0.0520695 0.0504091 0.0489282 0.0475699 0.0460633 0.043927 0.040608 0.0357512 0.0294671 0.0224034
 0.00564255 0.00924081 0.0140509 0.0200819 0.0271783 0.0349055 0.042527 0.0491922 0.0542493 0.0574504 0.0589196 0.0589779 0.0579895 0.0562948 0.0541941 0.0519422 0.0497369 0.0476913 0.0457831 0.0437973 0.0413245 0.037879 0.0331397 0.0271954 0.020616
 0.00588836 0.00964383 0.0146637 0.0209552 0.028351 0.036389 0.0442893 0.0511531 0.0562931 0.0594495 0.0607553 0.0605509 0.0592214 0.0571238 0.0545703 0.051823 0.0490858 0.0464837 0.0440217 0.0415371 0.0386941 0.0350838 0.0304318 0.0248147 0.0187265
 0.00612843 0.0100397 0.01527 0.0218262 0.0295303 0.0378922 0.0460867 0.0531633 0.0583945 0.0615038 0.0626313 0.0621392 0.0604394 0.0579141 0.0548944 0.0516529 0.0483978 0.0452603 0.042265 0.0392931 0.0360784 0.03229 0.0277072 0.0224025 0.0167994
 0.00638177 0.0104526 0.0158933 0.0227086 0.0307091 0.0393795 0.047854 0.0551351 0.0604571 0.0635251 0.0644814 0.0637048 0.0616314 0.0586696 0.0551744 0.0514357 0.0476718 0.0440207 0.0405223 0.0370936 0.033529 0.0295703 0.0250502 0.0200423 0.0149062
 0.00663304 0.0108659 0.0165239 0.0236099 0.0319214 0.0409119 0.0496675 0.057138 0.0625203 0.0655086 0.0662583 0.0651732 0.0627159 0.0593184 0.0553557 0.0511332 0.0468802 0.0427442 0.0387805 0.034937 0.0310607 0.0269568 0.0225064 0.0177849 0.0130943
 0.00684302 0.0112117 0.017053 0.0243697 0.032951 0.0422275 0.051247 0.0589141 0.0643876 0.0673422 0.0679339 0.0665824 0.0637745 0.0599692 0.0555653 0.0508867 0.0461748 0.0415876 0.0371955 0.0329753 0.0288196 0.0245885 0.020204 0.0157423 0.0114536
 0.00707538 0.0115913 0.0176275 0.0251839 0.0340371 0.0435911 0.0528519 0.0606789 0.0661976 0.0690719 0.0694683 0.0678282 0.0646635 0.0604573 0.0556301 0.050523 0.0453899 0.0403983 0.0356319 0.0310913 0.0267077 0.0223869 0.0180841 0.0138738 0.00995913
 0.00727354 0.0119192 0.0181312 0.0259094 0.0350202 0.0448413 0.0543376 0.0623223 0.0678862 0.0706817 0.0708851 0.0689613 0.06545 0.0608611 0.0556369 0.0501352 0.0446209 0.0392706 0.0341797 0.0293692 0.024802 0.0204207 0.0162063 0.0122288 0.00864925
 0.00744231 0.0121971 0.0185561 0.0265191 0.0358451 0.0458929 0.0555959 0.06373 0.0693549 0.072107 0.0721631 0.070002 0.066185 0.0612476 0.0556572 0.0497917 0.0439305 0.0382601 0.0328868 0.0278488 0.0231341 0.0187138 0.0145877 0.0108193 0.00753215
 0.00753642 0.0123507 0.018789 0.0268517 0.0362966 0.0464771 0.056316 0.0645736 0.0702928 0.073094 0.0731412 0.0709039 0.0669408 0.0617926 0.05594 0.0497797 0.0436115 0.0376421 0.0319969 0.026735 0.0218685 0.0173925 0.0133203 0.00970847 0.00664862
 0.00763094 0.0124972 0.0189964 0.0271242 0.0366344 0.0468774 0.0567732 0.0650794 0.0708369 0.0736645 0.0737236 0.0714774 0.0674748 0.0622452 0.0562619 0.0499219 0.0435349 0.037325 0.0314412 0.0259693 0.0209495 0.0164011 0.0123507 0.0088488 0.00596017
 0.00764984 0.0125283 0.0190437 0.027192 0.036726 0.046995 0.0569175 0.0652507 0.0710372 0.0738995 0.0740013 0.0718033 0.0678447 0.0626395 0.0566437 0.0502406 0.0437352 0.0373588 0.0312791 0.0256105 0.0204255 0.0157727 0.011696 0.00824506 0.00546437
 0.00772366 0.0126341 0.0191768 0.0273394 0.0368707 0.0471228 0.0570216 0.0653334 0.0711066 0.0739664 0.0740771 0.0718993 0.0679704 0.062799 0.0568304 0.0504331 0.0438971 0.0374457 0.0312503 0.0254425 0.0201228 0.0153696 0.0112489 0.00781584 0.00510243
 0.00778081 0.012726 0.0193125 0.0275239 0.0371014 0.0473847 0.0572862 0.0655631 0.0712673 0.0740409 0.0740716 0.0718397 0.0678909 0.0627304 0.0567917 0.0504278 0.0439121 0.0374538 0.0312171 0.0253381 0.0199338 0.0151066 0.0109447 0.00751372 0.00484102
 0.00781353 0.0127751 0.019379 0.0276068 0.037199 0.0474958 0.0574096 0.0656953 0.0713992 0.0741573 0.074155 0.0718777 0.0678833 0.0626902 0.05674 0.0503841 0.0438856 0.0374389 0.0311956 0.0252864 0.019834 0.0149561 0.0107584 0.00731869 0.00466539
 0.00785871 0.0128414 0.0194654 0.0277076 0.0373049 0.047597 0.0574981 0.0657666 0.0714529 0.0741958 0.0741812 0.0718926 0.0678845 0.0626747 0.0567079 0.050341 0.0438399 0.0373965 0.0311544 0.0252368 0.019764 0.0148593 0.0106393 0.00719151 0.00454792
 0.0078773 0.0128715 0.0195101 0.0277686 0.0373817 0.0476845 0.0575867 0.0658434 0.0715062 0.07422 0.0741791 0.0718733 0.0678586 0.0626492 0.0566849 0.0503189 0.043817 0.0373717 0.0311266 0.0252028 0.0197189 0.0147993 0.0105656 0.00711163 0.00447241
 0.00788919 0.0128863 0.0195241 0.0277764 0.0373779 0.0476673 0.0575595 0.0658138 0.0714828 0.0742079 0.0741789 0.0718825 0.0678744 0.0626705 0.0567114 0.0503496 0.0438492 0.0374014 0.0311495 0.0252148 0.0197167 0.0147813 0.0105336 0.00707076 0.00443013
 0.00789855 0.0129023 0.0195494 0.027813 0.0374254 0.0477216 0.0576118 0.0658531 0.0715 0.0742003 0.0741514 0.0718446 0.0678359 0.062638 0.0566877 0.0503349 0.0438421 0.0373994 0.0311493 0.0252125 0.0197086 0.0147655 0.0105103 0.00704273 0.00440176
 0.00790122 0.0129023 0.0195416 0.0277908 0.0373834 0.047659 0.0575352 0.0657748 0.0714331 0.0741542 0.0741288 0.0718434 0.0678522 0.0626688 0.0567307 0.0503876 0.0439008 0.0374595 0.0312057 0.0252605 0.0197447 0.0147877 0.0105191 0.00704102 0.00439377
 0.00789311 0.0128873 0.0195158 0.0277488 0.03732 0.0475705 0.0574216 0.0656424 0.0712947 0.0740274 0.0740322 0.0717912 0.0678506 0.0627145 0.0568139 0.0504953 0.0440207 0.0375809 0.0313198 0.0253605 0.0198258 0.0148478 0.0105587 0.00706323 0.00440343
 0.00787669 0.0128572 0.0194642 0.0276669 0.0372001 0.0474103 0.0572273 0.065429 0.0710835 0.0738408 0.0738902 0.0717088 0.0678361 0.0627688 0.0569296 0.0506581 0.0442119 0.0377813 0.0315126 0.0255328 0.0199694 0.0149589 0.0106379 0.00711457 0.00443322
 0.00784631 0.0128075 0.0193889 0.0275598 0.0370563 0.0472282 0.057011 0.0651899 0.0708398 0.0736156 0.0737071 0.071588 0.0677915 0.0628052 0.0570426 0.0508351 0.0444342 0.0380267 0.031759 0.025761 0.0201653 0.015115 0.0107527 0.00719224 0.00448105
 0.00783427 0.0127828 0.0193424 0.02748 0.0369326 0.0470555 0.0567936 0.0649425 0.0705844 0.0733759 0.0735047 0.0714407 0.0677121 0.0628015 0.0571158 0.0509791 0.0446353 0.0382655 0.0320128 0.0260073 0.0203854 0.0152962 0.0108902 0.00728781 0.00454171
 0.00783237 0.0127823 0.0193457 0.0274895 0.0369482 0.0470713 0.0567969 0.0649166 0.0705149 0.0732579 0.0733467 0.0712626 0.0675397 0.0626596 0.0570239 0.0509485 0.0446681 0.0383546 0.0321433 0.0261594 0.0205387 0.0154338 0.0110013 0.00736894 0.00459518
 0.00778486 0.012706 0.0192332 0.0273362 0.0367547 0.0468467 0.0565604 0.0646937 0.0703304 0.0731272 0.0732718 0.0712356 0.0675504 0.062702 0.0570977 0.0510566 0.0448125 0.0385325 0.0323456 0.0263717 0.0207435 0.015615 0.0111478 0.00747683 0.00466726
 0.00773992 0.0126293 0.0191114 0.0271555 0.0365051 0.0465283 0.0561891 0.0643027 0.069964 0.0728303 0.0730785 0.0711616 0.0675915 0.062839 0.0573047 0.051309 0.0450916 0.0388251 0.0326406 0.0266572 0.0210061 0.0158418 0.0113297 0.00761082 0.00475734
 0.00774719 0.0126337 0.0191039 0.0271223 0.0364297 0.0463965 0.0559935 0.0640471 0.0696647 0.0725153 0.0727841 0.0709254 0.0674441 0.0627961 0.0573645 0.0514553 0.0453002 0.0390711 0.0329023 0.0269165 0.0212478 0.016053 0.0115013 0.00773934 0.0048452
 0.00931704 0.0148392 0.0217824 0.0299068 0.0388546 0.0480657 0.0567151 0.0638602 0.0687675 0.0711581 0.0711916 0.0692679 0.0658408 0.0613272 0.05608 0.0503792 0.0444345 0.0384012 0.032404 0.0265619 0.0210087 0.0159025 0.0114145 0.00769447 0.00482506
 0.00930447 0.0151058 0.0226898 0.0319042 0.0422843 0.0529007 0.062391 0.0693652 0.0729982 0.0733506 0.0711706 0.0673965 0.0627622 0.0576893 0.0523746 0.0469101 0.0413577 0.0357784 0.0302435 0.024842 0.0196905 0.014936 0.0107422 0.00725495 0.0045574
 0.00895978 0.0145678 0.021943 0.0310041 0.0414081 0.0523795 0.0626687 0.0708402 0.0757852 0.0771032 0.0751231 0.0706509 0.0646579 0.0580307 0.0514062 0.0451117 0.039219 0.0336646 0.0283665 0.023293 0.0184846 0.014047 0.0101233 0.00685055 0.00431141
 0.0087937 0.014284 0.0214914 0.030334 0.0404881 0.0512332 0.0614177 0.0697295 0.0751588 0.0773071 0.076351 0.0728028 0.0673117 0.0605783 0.0532964 0.0460579 0.0392564 0.0330546 0.0274373 0.022316 0.0176256 0.0133753 0.00964394 0.00653519 0.00411993
 0.00872069 0.0141585 0.0212887 0.0300242 0.0400391 0.0506194 0.0606335 0.0688083 0.0741925 0.0764583 0.0758397 0.0728491 0.0680402 0.0619268 0.0549955 0.0477192 0.0405282 0.0337555 0.0275916 0.0220893 0.0172211 0.0129541 0.00929554 0.00628741 0.00396353
 0.00869132 0.0141095 0.0212123 0.0299101 0.0398752 0.0503909 0.0603252 0.0684081 0.073699 0.075893 0.0752621 0.0723651 0.0677892 0.0620369 0.0555184 0.0485802 0.0415345 0.0346697 0.0282319 0.0223939 0.0172447 0.0128116 0.00909955 0.00611115 0.00383643
 0.00871198 0.0141383 0.0212464 0.0299432 0.0398977 0.0503913 0.0602908 0.068325 0.0735528 0.0756721 0.0749644 0.0720095 0.067425 0.0617445 0.0553902 0.0486814 0.0418633 0.035144 0.0287197 0.0227727 0.0174521 0.0128583 0.00904266 0.00601551 0.00374718
 0.00867859 0.0140909 0.0211875 0.0298792 0.0398362 0.0503376 0.060245 0.0682819 0.0735035 0.0756064 0.0748731 0.0718871 0.0672749 0.0615853 0.0552592 0.0486278 0.0419281 0.0353348 0.0289981 0.0230677 0.0176927 0.013005 0.00909741 0.00600832 0.00371362
 0.00866065 0.0140613 0.0211427 0.0298165 0.0397559 0.0502449 0.0601507 0.0681999 0.0734455 0.075576 0.0748635 0.0718837 0.067262 0.0615541 0.0552136 0.048587 0.0419204 0.0353851 0.0291127 0.0232268 0.0178582 0.0131393 0.00918069 0.00604289 0.00371599
 0.00865179 0.0140446 0.0211132 0.0297686 0.0396843 0.0501477 0.0600316 0.0680695 0.0733197 0.0754723 0.0747958 0.0718575 0.0672729 0.0615896 0.0552596 0.0486346 0.041971 0.0354483 0.0291985 0.023336 0.0179788 0.0132513 0.00926654 0.00609579 0.00374043
 0.00863576 0.0140223 0.0210866 0.0297409 0.0396587 0.0501246 0.0600074 0.0680377 0.0732749 0.0754135 0.0747289 0.0717938 0.0672244 0.0615643 0.0552586 0.0486535 0.042004 0.0354923 0.0292537 0.0234031 0.0180542 0.0133264 0.00933081 0.00614207 0.00376775
 0.00862969 0.0140097 0.0210628 0.0297009 0.0395992 0.0500469 0.0599192 0.0679514 0.0732025 0.0753621 0.0746983 0.0717795 0.0672219 0.0615722 0.0552783 0.0486866 0.0420502 0.0355492 0.0293184 0.0234724 0.0181247 0.0133931 0.00938824 0.00618583 0.00379666
 0.008642 0.014031 0.0210967 0.0297504 0.0396645 0.0501234 0.0599959 0.0680133 0.073236 0.0753601 0.0746628 0.0717188 0.0671465 0.0614916 0.0552 0.0486169 0.0419942 0.0355105 0.0292981 0.0234694 0.0181354 0.0134127 0.00941091 0.0062066 0.00381243
 0.0086114 0.0139849 0.0210346 0.0296748 0.0395816 0.0500418 0.059926 0.0679651 0.0732155 0.0753671 0.0746908 0.071758 0.0671883 0.0615307 0.0552352 0.0486491 0.0420254 0.0355428 0.0293328 0.0235067 0.0181744 0.0134508 0.00944517 0.00623446 0.00383267
 0.00861992 0.0139937 0.0210386 0.0296667 0.0395541 0.0499917 0.0598571 0.0678878 0.0731444 0.0753152 0.0746656 0.0717598 0.0672108 0.061565 0.0552727 0.0486844 0.0420566 0.0355707 0.0293593 0.0235334 0.0182016 0.0134776 0.00946986 0.00625516 0.00384824
 0.00861992 0.0139937 0.0210386 0.0296667 0.0395541 0.0499917 0.0598571 0.0678878 0.0731444 0.0753152 0.0746656 0.0717598 0.0672108 0.061565 0.0552727 0.0486844 0.0420566 0.0355707 0.0293593 0.0235334 0.0182016 0.0134776 0.00946986 0.00625516 0.00384824
 0.00854449 0.0138799 0.0208838 0.0294742 0.0393321 0.0497516 0.0596125 0.0676557 0.0729444 0.0751687 0.0745911 0.0717684 0.0673022 0.0617264 0.0554823 0.0489168 0.042289 0.0357864 0.0295488 0.0236929 0.0183312 0.013579 0.00954572 0.00630885 0.00388369
 0.0085126 0.0138194 0.0207775 0.0293029 0.0390814 0.0494219 0.0592265 0.0672563 0.0725835 0.0748915 0.0744258 0.0717237 0.0673725 0.0618965 0.0557305 0.0492165 0.0426114 0.0361044 0.0298407 0.0239448 0.0185366 0.0137378 0.00966181 0.00638864 0.00393486
 0.00869301 0.0141053 0.0211916 0.0298551 0.0397599 0.050183 0.0599898 0.0679149 0.0730318 0.0750593 0.0742999 0.0713465 0.0668214 0.0612587 0.0550835 0.0486177 0.0420951 0.0356837 0.0295134 0.0236997 0.0183594 0.0136145 0.00958003 0.00633754 0.00390517
 0.00903752 0.0146664 0.0220351 0.031035 0.0412972 0.0520373 0.0620351 0.0699411 0.0747832 0.0762981 0.0748654 0.0711888 0.0660014 0.0599236 0.0534261 0.0468341 0.0403512 0.0340977 0.0281538 0.0225928 0.0175013 0.012982 0.00913879 0.00604835 0.00372861
 0.00887996 0.0144545 0.0218002 0.0308397 0.0412266 0.0521785 0.0624543 0.0706626 0.0757735 0.0774581 0.0760406 0.0721989 0.0666869 0.0601883 0.0532599 0.0463072 0.0395856 0.0332295 0.0273009 0.0218371 0.0168852 0.0125153 0.00880909 0.0058314 0.00359619
 0.00818955 0.0133381 0.0201402 0.0285549 0.0383177 0.0487857 0.0588962 0.06741 0.0733403 0.0762484 0.0762264 0.0736843 0.0691581 0.0632158 0.0564114 0.049238 0.0420858 0.0352244 0.0288156 0.0229484 0.0176813 0.0130732 0.00918881 0.00607905 0.00374854
 0.00868567 0.0140426 0.0210064 0.0294618 0.0390869 0.0492209 0.0588309 0.0667556 0.072128 0.0746508 0.0745346 0.0722307 0.0682102 0.0628914 0.0566551 0.0498655 0.0428666 0.035962 0.0293942 0.0233369 0.0179069 0.0131865 0.00923795 0.00609736 0.0037545
 0.00910924 0.0147757 0.0221822 0.0312051 0.0414528 0.052113 0.0619458 0.0696114 0.0741933 0.0755226 0.0740752 0.0706011 0.0657973 0.0601731 0.0540593 0.0476701 0.0411694 0.0347173 0.0284864 0.0226507 0.0173659 0.0127561 0.00890744 0.00586054 0.00359918
 0.00904626 0.0147206 0.0221914 0.0313725 0.0418995 0.0529602 0.0632719 0.0714012 0.0762959 0.0776439 0.0758312 0.0716309 0.0658926 0.0593559 0.0525657 0.0458502 0.0393594 0.0331452 0.0272441 0.0217248 0.0166938 0.012272 0.00856268 0.00562304 0.0034451
 0.00829465 0.0135155 0.0204187 0.0289644 0.0388808 0.0495052 0.0597418 0.0683132 0.0741996 0.076946 0.0766505 0.0737551 0.0688537 0.0625897 0.0555854 0.0483667 0.0413031 0.0346004 0.0283477 0.0225883 0.0173764 0.0127957 0.00893954 0.00587242 0.00359552
 0.00804801 0.0130432 0.0195771 0.027579 0.0367932 0.0466489 0.0562178 0.0644228 0.0704124 0.073809 0.0746654 0.0732536 0.0699022 0.064961 0.0588239 0.0519284 0.0447135 0.0375586 0.030742 0.0244409 0.0187676 0.0138109 0.00965134 0.00634374 0.00388552
 0.00866056 0.0139955 0.0209188 0.0292991 0.0387897 0.0487007 0.0579813 0.0654872 0.0704238 0.0726182 0.0724215 0.0703826 0.066976 0.0625139 0.0571935 0.0511832 0.0446872 0.0379641 0.0313004 0.0249649 0.0191766 0.0140981 0.00984107 0.00646392 0.00395802
 0.00860961 0.0139975 0.0210772 0.0297582 0.0396905 0.050111 0.0598302 0.0675417 0.0723245 0.0739671 0.0728934 0.0698302 0.0654927 0.0604205 0.0549393 0.0491973 0.0432447 0.0371303 0.0309673 0.0249451 0.0192946 0.0142394 0.00995478 0.00653979 0.00400313
 0.00869975 0.0141243 0.0212367 0.0299486 0.0399312 0.0504617 0.0603901 0.0684127 0.0735429 0.0754385 0.0743752 0.0709891 0.0660195 0.0601518 0.0539276 0.0476918 0.0415936 0.035651 0.0298491 0.0242244 0.0188982 0.0140538 0.00988052 0.00651375 0.00399429
 0.00847419 0.0137831 0.0207708 0.0293673 0.039261 0.0497462 0.0596952 0.0678345 0.0732066 0.0754733 0.0748642 0.0719108 0.0672186 0.0613703 0.0548952 0.0482339 0.0416955 0.0354417 0.0295212 0.0239409 0.0187382 0.0140149 0.00991678 0.00657551 0.0040501
#pred catch len freq
 0.00427006 0.00675047 0.00983624 0.0134515 0.0175554 0.0221259 0.0270892 0.0322799 0.037467 0.0424107 0.0469016 0.050783 0.0539652 0.0564278 0.0582027 0.059349 0.0599332 0.0600047 0.0595429 0.0583739 0.0561165 0.0522584 0.0464186 0.0386876 0.0297986
