SBPRF35
10.0968
Curr Bio
610633
B35
737400
F35
0.187322
FOFL
0.141934
OFL
65317.9
Bzero
2.8848e+06
#pred survey bio
 4.06429e+06 3.90727e+06 3.75263e+06 3.53981e+06 3.26083e+06 2.9851e+06 2.71855e+06 2.42729e+06 2.19435e+06 1.95161e+06 1.73561e+06 1.54598e+06 1.3639e+06 1.19873e+06 1.06757e+06 938632 849730 771848 728324 687826 650142 636480 617546 604407 587887 574016 582052 577647 575571 567337 563195 558011 556725 561731 542626 535784 530409 530161 528142 544281 562345 562301 570603 573363 581986 579372 581410 582408 583494 592127 594112 568833 581354 600250 602923 551109 501582 502538 503856 540860 553791 559946 556577 535520 529976 534809 547346 548584 615762 2.0028e+07 1.21756e+07 1.26273e+07 1.364e+07 1.49876e+07 1.64151e+07 1.77482e+07 1.88984e+07 1.98396e+07 2.05824e+07 2.11541e+07 2.15865e+07 2.19101e+07 2.21506e+07 2.23287e+07 2.24607e+07 2.25586e+07 2.26315e+07 2.2686e+07 2.27269e+07 2.27579e+07 2.27814e+07 2.27993e+07 2.28131e+07 2.28237e+07 2.28319e+07 2.28383e+07 2.28433e+07 2.28472e+07 2.28502e+07 2.28527e+07 2.28546e+07 2.28561e+07 2.28572e+07 2.28582e+07 2.28589e+07 2.28595e+07 2.286e+07 2.28604e+07 2.28607e+07 2.28609e+07 2.28611e+07 2.28612e+07 2.28614e+07 2.28615e+07 2.28615e+07 2.28616e+07 2.28617e+07 2.28617e+07 2.28617e+07 2.28617e+07 2.28618e+07 2.28618e+07 2.28618e+07 2.28618e+07 2.28618e+07 2.28618e+07 2.28618e+07 2.28618e+07 2.28618e+07 2.28618e+07 2.28618e+07 2.28618e+07 2.28618e+07 2.28618e+07 2.28618e+07 2.28618e+07 2.28618e+07 2.28618e+07 2.28618e+07 2.28618e+07 2.28618e+07 2.28618e+07 2.28618e+07 2.28618e+07 2.28618e+07 2.28618e+07 2.28618e+07 2.28618e+07 2.28618e+07 2.28618e+07 2.28618e+07 2.28618e+07 2.28618e+07 2.28618e+07 2.28618e+07 2.28618e+07 2.28618e+07 2.28618e+07 2.28618e+07 2.28618e+07 2.28618e+07 2.28618e+07 2.28618e+07 2.28618e+07 2.28618e+07 2.28618e+07 2.28618e+07 2.28618e+07 2.28618e+07 0 0 0 0 0 0 0 0 0 0 0 0 0 0 0 0 0 0 0 0 0 0 0 0 0
#obs survey bio
 3.42642e+06 5.27097e+06 3.64009e+06 3.0682e+06 2.60621e+06 3.08512e+06 2.5542e+06 1.94724e+06 1.45263e+06 1.55802e+06 1.45568e+06 1.40493e+06 1.56710e+06 1.21771e+06 1.14012e+06 588714 553085 553697 902531 673564 652185 766174 594918 468960 518888 541243 676906 541042 494911 554515 597428 541393 454753 614071 699986 613953 858602 459699 424628 368209 675351 653812 869281 754780 488485 513091 534747 655197 540048 484829 558809 558769 550341 912143 673654 573356 688820 491125 489735 498027 600713 702260 416058 566913 591131 571888 419737 748928 549956
#pred catch bio
 92446.9 91875.9 151632 226144 242736 256529 302085 271383 299747 291428 279418 280039 268811 240327 237672 201549 190014 157593 151307 144183 120309 122345 115170 116044 112140 93565.6 104187 101334 105033 99468.1 98061.3 92503.4 85344.6 102642 88528 86662.8 85538.2 91758.6 80531.7 81785 96918.2 87986 90810.2 84707.7 93730.3 89489.3 90637.5 90905.5 85305.6 92073.6 115237 83940.5 80814.6 95314.3 139238 133284 89292.9 89521.8 61056.5 82840.2 88330.7 95976.4 110261 97305.2 89970 85110.3 95439.2 41964.8 132232 65317.9 85420.6 87414.5 93149.7 101899 111485 120419 128012 134085 138741 142199 144708 146494 147748 148618 149217 149625 149903 150090 150217 150301 150358 150396 150421 150438 150449 150457 150462 150465 150467 150469 150469 150470 150470 150471 150471 150471 150471 150471 150471 150471 150471 150471 150471 150471 150471 150471 150471 150471 150471 150471 150471 150471 150471 150471 150471 150471 150471 150471 150471 150471 150471 150471 150471 150471 150471 150471 150471 150471 150471 150471 150471 150471 150471 150471 150471 150471 150471 150471 150471 150471 150471 150471 150471 150471 150471 150471 150471 150471 150471 150471 150471 150471 150471 150471 150471 150471 150471 150471 150471 0 0 0 0 0 0 0 0 0 0 0 0 0 0 0 0 0 0 0 0 0 0 0 0 0
#obs catch bio
 0 91565.7 152015 227171 243968 258175 306160 274275 305775 297512 285198 286140 273274 244681 241077 204096 194963 160832 154079 146371 121281 123438 115996 117574 112836 94518.3 105419 102473 106468 100521 99007.3 93189.4 85760.6 103650 88804.8 86854.2 85329.6 91900.6 80654.1 82196.6 97251.7 87849.5 90029.5 83485.3 93020.7 88534.3 89991.6 90226.9 84680.3 91173.5 114907 83528.2 80577.5 94665.5 138438 132452 88286.2 89210 60475.5 82650.6 88023.2 95283.2 109577 96588.4 89506.1 84559.8 96355.5 41240.5 133512
#pred cpue bio
 4.00143e+06 3.84734e+06 3.6956e+06 3.48431e+06 3.20642e+06 2.93151e+06 2.66577e+06 2.37587e+06 2.14373e+06 1.9024e+06 1.68803e+06 1.50021e+06 1.32036e+06 1.15747e+06 1.02825e+06 901555 814038 737799 695615 656808 620716 607744 589567 576925 560991 547490 555215 551060 549231 541539 537929 533372 532564 537866 519904 513760 508102 506384 503111 518348 536210 536852 545612 548821 557357 554761 556640 557515 558499 566807 568559 543631 555411 573850 576723 526223 477624 478329 479865 516108 529054 535180 531831 511002 505074 509526 521733 523056 588888 1.91862e+07 1.16858e+07 1.20105e+07 1.28578e+07 1.41366e+07 1.55449e+07 1.68735e+07 1.80227e+07 1.89638e+07 1.97065e+07 2.02782e+07 2.07106e+07 2.10342e+07 2.12747e+07 2.14528e+07 2.15848e+07 2.16827e+07 2.17556e+07 2.18101e+07 2.18511e+07 2.1882e+07 2.19055e+07 2.19234e+07 2.19372e+07 2.19478e+07 2.1956e+07 2.19624e+07 2.19674e+07 2.19713e+07 2.19744e+07 2.19768e+07 2.19787e+07 2.19802e+07 2.19813e+07 2.19823e+07 2.1983e+07 2.19836e+07 2.19841e+07 2.19845e+07 2.19848e+07 2.1985e+07 2.19852e+07 2.19854e+07 2.19855e+07 2.19856e+07 2.19857e+07 2.19857e+07 2.19858e+07 2.19858e+07 2.19858e+07 2.19859e+07 2.19859e+07 2.19859e+07 2.19859e+07 2.19859e+07 2.19859e+07 2.19859e+07 2.19859e+07 2.19859e+07 2.19859e+07 2.19859e+07 2.19859e+07 2.19859e+07 2.1986e+07 2.1986e+07 2.1986e+07 2.1986e+07 2.1986e+07 2.1986e+07 2.1986e+07 2.1986e+07 2.1986e+07 2.1986e+07 2.1986e+07 2.1986e+07 2.1986e+07 2.1986e+07 2.1986e+07 2.1986e+07 2.1986e+07 2.1986e+07 2.1986e+07 2.1986e+07 2.1986e+07 2.1986e+07 2.1986e+07 2.1986e+07 2.1986e+07 2.1986e+07 2.1986e+07 2.1986e+07 2.1986e+07 2.1986e+07 2.1986e+07 2.1986e+07 2.1986e+07 2.1986e+07 2.1986e+07 2.1986e+07 2.1986e+07 0 0 0 0 0 0 0 0 0 0 0 0 0 0 0 0 0 0 0 0 0 0 0 0 0
#obs cpue bio
 3.63274e+06 2.46348e+06 2.57932e+06 4.53816e+06 2.35427e+06 2.02868e+06 1.93183e+06 2.24515e+06 1.73252e+06 1.80214e+06 1.64781e+06 1.41791e+06 1.38228e+06 738235 1.17364e+06 1.09326e+06 501837 769987 526704 674989 620702 487352 550794 455833 916442 264292 496358 454863 504290 519429 487358 548201 575536 479769 448333 491719 439379 502808 491225 528520 668346 546838 805397 740336 483939 858037 528764 595699 607045 911642 512016 492945 540110 537373 611464 567174 467888 465516 554836 516814 481343 593417 799503 528168 442057 538140 366265 772924 432365
#pred surv len freq
 0.00494123 0.00801481 0.0120482 0.0170178 0.0228023 0.0291059 0.0354281 0.0411819 0.0459131 0.0494502 0.0518854 0.053446 0.0543758 0.0548736 0.0550723 0.0550369 0.0547768 0.0542558 0.053376 0.0519284 0.0495587 0.045833 0.0404524 0.0335258 0.0256995
 0.0050714 0.00814747 0.0121071 0.0168968 0.0224105 0.0284287 0.0345656 0.0403278 0.0452735 0.0491488 0.0519134 0.0536839 0.0546678 0.0551066 0.0552211 0.0551609 0.0549761 0.0546097 0.0538918 0.0525271 0.0501064 0.0462046 0.0405895 0.0334556 0.0255079
 0.00533116 0.00854876 0.0126658 0.0175979 0.0231939 0.0291811 0.035132 0.0405557 0.0450826 0.0485862 0.0511457 0.0529203 0.0540598 0.0546941 0.0549535 0.0549668 0.054823 0.0545147 0.0538852 0.0526056 0.0502151 0.0462616 0.0405339 0.0332821 0.0252634
 0.00557313 0.00894482 0.0132659 0.0184475 0.0243197 0.0305687 0.0367015 0.0421503 0.0464877 0.049581 0.0515746 0.0527508 0.0533938 0.0537195 0.0538625 0.0538901 0.0538165 0.0535893 0.0530408 0.0518409 0.0495194 0.0456131 0.0399141 0.0326952 0.0247389
 0.00586233 0.00940574 0.0139435 0.01938 0.0255352 0.0320771 0.0384797 0.0441276 0.0485363 0.0515196 0.0531873 0.0538272 0.0537848 0.0533873 0.0528946 0.0524639 0.0521329 0.0518142 0.0512819 0.0501576 0.0479444 0.0441703 0.0386294 0.0315988 0.0238585
 0.00614353 0.00985591 0.0146083 0.0202983 0.0267337 0.0335615 0.0402247 0.046072 0.0505878 0.0535629 0.0550879 0.0554303 0.0549219 0.0539032 0.0526916 0.0515407 0.0505928 0.0498333 0.0490574 0.0478639 0.0457167 0.0421105 0.0368168 0.0300929 0.0226914
 0.00641846 0.0102956 0.015257 0.0211937 0.0279017 0.0350081 0.0419256 0.0479677 0.0525898 0.0555673 0.0569869 0.0571146 0.0562757 0.0548011 0.053008 0.0511781 0.0495186 0.0481054 0.0468211 0.045321 0.043085 0.03959 0.03457 0.0282317 0.0212677
 0.00677872 0.0108645 0.0160822 0.0223088 0.0293219 0.0367228 0.0438896 0.0500976 0.0547731 0.0576819 0.058919 0.0587671 0.0575659 0.0556516 0.0533389 0.0509077 0.048581 0.0464821 0.044572 0.042597 0.0401116 0.0366273 0.0318629 0.0259636 0.0195311
 0.00702286 0.0112647 0.0166903 0.0231754 0.0304859 0.0381966 0.0456435 0.0520551 0.0568234 0.0597018 0.0607938 0.0604001 0.0588779 0.0565753 0.0538105 0.0508612 0.0479512 0.0452229 0.0426878 0.0401742 0.0373307 0.0337413 0.0291441 0.0236389 0.0177307
 0.00727693 0.0116768 0.0173097 0.0240484 0.0316497 0.0396667 0.0473994 0.0540317 0.0589152 0.0617795 0.0627237 0.0620621 0.0601769 0.0574438 0.0542028 0.050742 0.0472863 0.0439827 0.0408683 0.0378307 0.0346049 0.0308601 0.0263787 0.0212359 0.015847
 0.00751954 0.0120652 0.0178834 0.024842 0.0326886 0.0409599 0.0489301 0.0557516 0.0607468 0.0636259 0.0644797 0.0636224 0.0614442 0.0583355 0.0546556 0.0507109 0.04674 0.0429012 0.0392526 0.0357259 0.0321269 0.0282042 0.023792 0.0189568 0.0140391
 0.00773298 0.0124105 0.0184 0.0255656 0.0336448 0.0421543 0.0503382 0.0573153 0.0623837 0.0652447 0.0659941 0.0649564 0.0625305 0.0591134 0.0550698 0.0507129 0.0462902 0.0419733 0.037843 0.0338716 0.029926 0.0258252 0.0214534 0.0168765 0.0123734
 0.00801151 0.0128498 0.0190362 0.0264237 0.0347354 0.0434679 0.0518377 0.0589324 0.064025 0.0668072 0.0673818 0.0660927 0.0633626 0.0596092 0.0552107 0.050485 0.0456787 0.0409645 0.0364353 0.0320947 0.0278621 0.0236179 0.0192925 0.0149544 0.0108309
 0.00828239 0.0132855 0.0196826 0.0273187 0.0358997 0.0448922 0.0534699 0.0606763 0.0657558 0.0683975 0.0687249 0.0671136 0.0640185 0.0598845 0.0551094 0.0500215 0.0448693 0.0398228 0.0349774 0.0303542 0.02591 0.0215747 0.0173169 0.0132084 0.00943331
 0.00854008 0.0136879 0.0202579 0.0280839 0.0368604 0.0460409 0.0547811 0.0621004 0.0672175 0.0698028 0.0699735 0.0681139 0.0647006 0.0602079 0.055063 0.0496167 0.0441302 0.038778 0.0336588 0.0288053 0.0241992 0.0198051 0.0156195 0.0117151 0.0082405
 0.00891406 0.0142712 0.0210891 0.0291797 0.038211 0.0476046 0.0564795 0.0638215 0.0688338 0.0711972 0.0710592 0.0688392 0.0650425 0.0601643 0.0546482 0.0488592 0.0430693 0.0374598 0.0321333 0.0271297 0.0224457 0.0180666 0.0140045 0.0103271 0.00714976
 0.00897708 0.0144043 0.0213456 0.0296269 0.0389125 0.0485928 0.0577312 0.0652524 0.070317 0.0725951 0.0722528 0.069744 0.0656112 0.0603812 0.05452 0.0484075 0.0423254 0.0364626 0.0309302 0.0257785 0.0210183 0.0166493 0.0126913 0.00920292 0.0062698
 0.00900246 0.0144512 0.0214286 0.0297692 0.0391475 0.0489632 0.0582812 0.066012 0.0712815 0.0737099 0.0734144 0.0708217 0.0664803 0.0609519 0.0547494 0.0482948 0.0418987 0.0357661 0.0300175 0.0247117 0.0198694 0.0154999 0.0116253 0.00829252 0.00555978
 0.0089034 0.0142956 0.021206 0.0294767 0.038795 0.0485796 0.0579196 0.0657491 0.0712049 0.0738949 0.0738974 0.0715803 0.0674302 0.0619637 0.0556814 0.0490264 0.042353 0.0359159 0.0298781 0.0243298 0.0193136 0.0148518 0.0109691 0.0077014 0.00508306
 0.00894614 0.0143458 0.0212456 0.0294773 0.0387247 0.0484167 0.0576642 0.0654289 0.0708734 0.0736224 0.0737582 0.0716359 0.0677101 0.0624504 0.0563066 0.0496854 0.0429319 0.0363211 0.0300573 0.0242783 0.0190683 0.0144775 0.010542 0.00729159 0.00474041
 0.00910673 0.014582 0.0215538 0.0298346 0.0390917 0.0487433 0.0578978 0.0655242 0.0708045 0.0733956 0.0734176 0.0712569 0.0673801 0.0622435 0.0562611 0.0497911 0.0431329 0.0365351 0.0302029 0.0243008 0.0189537 0.014251 0.010254 0.00699843 0.00448656
 0.00911611 0.0145963 0.0215732 0.0298575 0.0391137 0.0487558 0.0578883 0.0654775 0.0707069 0.0732416 0.0732154 0.0710319 0.0671734 0.0621037 0.0562312 0.0498927 0.0433548 0.0368316 0.0305064 0.024544 0.0190918 0.0142743 0.0101853 0.00687881 0.00435762
 0.00919384 0.0147135 0.0217323 0.0300541 0.0393373 0.0489911 0.0581156 0.065673 0.0708448 0.0732973 0.0731721 0.0708862 0.0669402 0.061817 0.055939 0.0496456 0.0431906 0.036762 0.0305129 0.0245863 0.0191256 0.0142693 0.0101351 0.00679736 0.00426788
 0.00919913 0.0147267 0.0217605 0.0301062 0.0394209 0.0491083 0.0582597 0.0658287 0.0709913 0.073414 0.0732421 0.0708981 0.066889 0.0617065 0.0557841 0.0494726 0.0430314 0.0366442 0.0304486 0.0245675 0.0191295 0.0142707 0.0101182 0.00676088 0.00422114
 0.00934853 0.0149415 0.0220319 0.0304092 0.0397221 0.0493788 0.058484 0.0660043 0.0711213 0.0734989 0.0732757 0.0708704 0.0667919 0.0615389 0.055555 0.0492011 0.0427448 0.0363722 0.0302161 0.0243875 0.019 0.0141791 0.0100493 0.00670428 0.00417324
 0.00943832 0.0150895 0.0222568 0.0307251 0.0401307 0.0498595 0.0589888 0.0664653 0.0714716 0.0736955 0.0733119 0.0707691 0.0665883 0.061265 0.0552338 0.04885 0.0423811 0.0360166 0.0298906 0.02411 0.0187796 0.0140143 0.00993119 0.0066214 0.00411583
 0.0092865 0.0148612 0.0219489 0.0303504 0.0397184 0.0494528 0.05864 0.0662259 0.0713781 0.0737564 0.0735046 0.071051 0.0669134 0.0615966 0.0555469 0.049128 0.0426131 0.0361975 0.0300223 0.0242007 0.01884 0.0140539 0.00995621 0.00663541 0.00412157
 0.00924898 0.0148016 0.0218623 0.0302337 0.0395722 0.0492834 0.0584617 0.0660614 0.0712549 0.0736996 0.0735287 0.0711535 0.067075 0.0617877 0.0557376 0.0492958 0.0427458 0.0362918 0.0300811 0.0242306 0.0188498 0.0140521 0.00994925 0.00662732 0.00411418
 0.00911819 0.0146099 0.0216123 0.0299415 0.0392619 0.0489801 0.0581856 0.0658276 0.0710762 0.0735894 0.0735004 0.0712168 0.0672307 0.0620235 0.0560283 0.0496085 0.0430483 0.0365592 0.0302997 0.0243971 0.0189685 0.0141314 0.00999892 0.00665631 0.00412972
 0.00902981 0.0144726 0.0214185 0.0296904 0.0389621 0.0486513 0.0578588 0.0655407 0.0708637 0.0734722 0.073481 0.0712838 0.0673679 0.0622162 0.0562641 0.0498735 0.0433244 0.0368256 0.0305371 0.0245927 0.0191175 0.0142367 0.0100679 0.00669823 0.0041532
 0.00892458 0.0143062 0.021177 0.0293653 0.0385529 0.04817 0.0573341 0.0650184 0.0704009 0.0731247 0.0732905 0.071268 0.0675189 0.0625058 0.0566528 0.0503202 0.0437915 0.0372809 0.0309541 0.0249514 0.0194068 0.0144544 0.0102205 0.00679735 0.00421268
 0.00888995 0.0142425 0.0210676 0.0291901 0.0382937 0.0478182 0.056898 0.0645265 0.0698982 0.0726644 0.0729248 0.07104 0.0674549 0.0626108 0.0569097 0.050694 0.0442374 0.037753 0.0314118 0.0253632 0.0197518 0.0147236 0.0104153 0.00692766 0.00429283
 0.00881126 0.0141213 0.0208972 0.0289675 0.0380183 0.0474904 0.0565203 0.0641071 0.069455 0.0722279 0.0725359 0.070744 0.0672928 0.0626094 0.0570753 0.0510104 0.0446693 0.0382527 0.0319283 0.0258507 0.0201761 0.0150652 0.0106694 0.00710179 0.00440231
 0.00848581 0.0136418 0.0202679 0.0282251 0.0372218 0.0467039 0.0557994 0.063493 0.0689755 0.0718983 0.0723615 0.0707244 0.0674255 0.0628916 0.0575013 0.0515661 0.0453274 0.0389723 0.0326591 0.0265414 0.0207832 0.0155605 0.0110433 0.00736185 0.00456819
 0.00858134 0.0137522 0.0203529 0.028224 0.0370758 0.0463872 0.0553407 0.0629704 0.0684833 0.0715074 0.0720973 0.0705716 0.0673528 0.062876 0.057539 0.0516683 0.0455076 0.0392335 0.0329869 0.0269053 0.021145 0.0158847 0.0113061 0.00755464 0.00469618
 0.00930057 0.0147654 0.021587 0.029508 0.0381819 0.0471033 0.0555352 0.062622 0.0676745 0.0703948 0.0708699 0.0694049 0.0663698 0.0621306 0.0570273 0.0513566 0.0453581 0.0392152 0.0330735 0.0270683 0.0213507 0.0160978 0.0114971 0.00770545 0.00480197
 0.0100189 0.0158881 0.023184 0.0315907 0.0406751 0.049817 0.0581565 0.0647579 0.0689571 0.0706074 0.0700228 0.0677195 0.0641851 0.0597899 0.0547968 0.0493952 0.0437304 0.0379243 0.0320921 0.0263567 0.0208642 0.0157882 0.0113162 0.00760956 0.0047564
 0.0100047 0.0159596 0.0234655 0.0322537 0.0418906 0.0516785 0.0606073 0.0675637 0.0717419 0.0729402 0.0715262 0.0681662 0.0635548 0.058264 0.0526903 0.0470567 0.0414535 0.0359026 0.0304183 0.0250494 0.0198965 0.0151108 0.0108701 0.00733509 0.00459969
 0.00974951 0.0155954 0.0230175 0.0317941 0.0415402 0.0515961 0.0609644 0.0684983 0.0732952 0.0749995 0.0738123 0.0702901 0.0651296 0.0590246 0.0525675 0.0461777 0.0400763 0.0343212 0.0288818 0.0237192 0.018845 0.0143423 0.0103482 0.00700612 0.00440785
 0.00936984 0.0150058 0.0221849 0.0307153 0.0402535 0.0501951 0.0596084 0.0674066 0.0727092 0.0751171 0.0747154 0.0718951 0.0671859 0.0611718 0.0544376 0.0475036 0.0407602 0.0344339 0.0286029 0.0232545 0.0183607 0.0139365 0.0100555 0.00681931 0.00430109
 0.0090007 0.0144356 0.021383 0.0296744 0.0389918 0.0487591 0.0580806 0.0659122 0.0714133 0.0742066 0.0743656 0.0722259 0.0682157 0.0627866 0.0563978 0.0494992 0.0424997 0.0357286 0.029406 0.0236416 0.0184702 0.0139062 0.00998341 0.00675562 0.00426057
 0.00888691 0.0142452 0.0210866 0.0292419 0.0383998 0.0480014 0.0571786 0.0649186 0.0704066 0.0732817 0.0736272 0.0717826 0.068167 0.0631946 0.0572513 0.0506919 0.0438439 0.0370079 0.0304455 0.0243583 0.0188792 0.0140867 0.0100311 0.00674657 0.00423886
 0.00883936 0.0141508 0.0209128 0.0289474 0.0379436 0.047358 0.0563534 0.063954 0.0693769 0.0722802 0.0727521 0.0711271 0.0678126 0.0632033 0.0576532 0.0514667 0.0449071 0.0382161 0.0316291 0.0253709 0.0196388 0.0145867 0.0103202 0.00689382 0.0043057
 0.0089928 0.0143656 0.0211705 0.0292051 0.0381405 0.0474293 0.0562438 0.0636295 0.0688331 0.0715475 0.071897 0.0702445 0.0670108 0.0625871 0.057307 0.05144 0.0452 0.0387724 0.0323427 0.0261127 0.0202944 0.0150879 0.0106537 0.00708771 0.00440438
 0.00899106 0.0143779 0.0212152 0.0293039 0.0383069 0.0476525 0.0564789 0.0638023 0.0688624 0.0713746 0.0715078 0.0696753 0.0663389 0.0619133 0.0567357 0.0510601 0.0450676 0.0388968 0.0326821 0.0265834 0.0207961 0.0155341 0.0109943 0.00731353 0.00453524
 0.00905737 0.0144801 0.0213594 0.029494 0.0385461 0.0479437 0.0568206 0.0641797 0.0692377 0.0716843 0.071674 0.0696299 0.0660522 0.0614105 0.0560951 0.050392 0.0444846 0.0384845 0.0324783 0.0265732 0.0209228 0.0157239 0.0111825 0.0074615 0.00463226
 0.00906981 0.0145008 0.0213915 0.0295409 0.038611 0.0480294 0.0569294 0.0643135 0.069397 0.0718649 0.0718597 0.069788 0.0661361 0.061375 0.0559182 0.0500917 0.0441188 0.0381325 0.0322124 0.0264334 0.0209072 0.0157967 0.0112947 0.00757121 0.00471625
 0.0090697 0.0145034 0.0214005 0.0295615 0.0386488 0.0480884 0.0570103 0.0644136 0.0695112 0.0719876 0.0719853 0.0699088 0.066238 0.061436 0.0559119 0.049999 0.0439419 0.0379011 0.0319765 0.0262436 0.0207944 0.0157629 0.011318 0.0076208 0.00476682
 0.00912459 0.0145802 0.0214933 0.0296577 0.0387334 0.0481508 0.057049 0.0644361 0.0695294 0.0720115 0.0720196 0.0699519 0.0662837 0.0614735 0.055927 0.0499757 0.0438684 0.037778 0.0318213 0.0260868 0.0206671 0.0156837 0.0112871 0.00762419 0.00478606
 0.00916314 0.0146344 0.0215588 0.0297242 0.0387864 0.0481749 0.0570329 0.064376 0.0694323 0.0718954 0.0719099 0.0698739 0.066254 0.0614946 0.0559867 0.0500521 0.043937 0.0378195 0.0318284 0.0260661 0.020635 0.0156574 0.0112767 0.00762974 0.0048009
 0.009221 0.0147301 0.0217049 0.029931 0.0390569 0.0484981 0.0573789 0.0646987 0.0696805 0.0720291 0.071913 0.0697578 0.0660516 0.0612479 0.0557337 0.0498175 0.0437298 0.037637 0.0316637 0.0259158 0.0205019 0.0155484 0.0111973 0.00758005 0.00477527
 0.00943636 0.0150748 0.0222125 0.0306261 0.0399465 0.0495599 0.0585498 0.0658739 0.0707288 0.0728209 0.0723498 0.0697928 0.0656967 0.0605677 0.0548281 0.0487975 0.0426953 0.0366625 0.0307951 0.0251757 0.0198981 0.0150795 0.0108544 0.00734715 0.00463016
 0.00918697 0.0147091 0.0217377 0.0300792 0.0393902 0.0490717 0.0582099 0.0657517 0.0708665 0.0732173 0.072952 0.0705051 0.0664049 0.0611699 0.0552594 0.0490398 0.042771 0.0366177 0.0306808 0.0250343 0.0197587 0.0149586 0.0107598 0.00728007 0.00458737
 0.00903401 0.01445 0.0213308 0.0294864 0.0385936 0.048097 0.0571436 0.064736 0.0700667 0.0727733 0.0729377 0.0709113 0.067148 0.0621178 0.0562659 0.0499782 0.0435573 0.0372184 0.0311042 0.0253133 0.0199327 0.0150628 0.0108203 0.0073143 0.00460642
 0.00911429 0.0145631 0.0214669 0.0296201 0.0386843 0.0480945 0.0569988 0.0644178 0.0695827 0.072183 0.0723472 0.0704443 0.0669033 0.0621357 0.0565174 0.0503818 0.0440117 0.0376351 0.0314294 0.0255316 0.0200577 0.0151215 0.01084 0.00731581 0.00460202
 0.00944793 0.015113 0.0223045 0.0308053 0.0402394 0.0499685 0.0590395 0.0663789 0.0711766 0.0731619 0.0725758 0.0699319 0.0657901 0.0606418 0.0548772 0.0487856 0.0425746 0.0363996 0.0303902 0.0246666 0.019348 0.0145563 0.0104116 0.00701199 0.00440314
 0.00961964 0.0154044 0.0227669 0.0314968 0.0412153 0.051262 0.0606368 0.0681976 0.0730578 0.0748857 0.0738989 0.0706457 0.0657796 0.0599221 0.053588 0.047145 0.0408137 0.0347066 0.0288836 0.0233989 0.0183272 0.0137676 0.00983043 0.00660808 0.00414176
 0.00942625 0.0150895 0.0222961 0.0308494 0.0404028 0.0503506 0.0597605 0.0675431 0.0728146 0.0751766 0.0747256 0.0718754 0.0671807 0.0612346 0.0546012 0.0477524 0.0410244 0.0346144 0.0286145 0.0230649 0.0180034 0.0134922 0.00961597 0.00645307 0.00403793
 0.00943633 0.0150807 0.0222357 0.0306897 0.0400918 0.0498517 0.0590747 0.0667259 0.071979 0.0744786 0.0743281 0.0718978 0.0676505 0.0620661 0.0556178 0.0487461 0.0418254 0.0351374 0.0288648 0.023109 0.0179274 0.0133696 0.00949391 0.00635404 0.00396768
 0.00916009 0.0146476 0.0216136 0.0298597 0.0390511 0.0486188 0.0576975 0.0652874 0.0705959 0.0732904 0.0734815 0.0715251 0.0678411 0.0628349 0.0568836 0.0503374 0.0435194 0.0367206 0.0301869 0.0241078 0.0186178 0.0138115 0.00975875 0.00650388 0.00404781
 0.00917614 0.0146618 0.0216122 0.02982 0.038944 0.0484137 0.0573689 0.06482 0.0699906 0.0725708 0.072701 0.0707698 0.0672233 0.0624715 0.0568626 0.0506834 0.044176 0.0375627 0.0310619 0.0248846 0.0192208 0.0142262 0.0100138 0.00664526 0.00411886
 0.00922601 0.0147414 0.0217282 0.0299747 0.0391311 0.0486138 0.0575458 0.0649243 0.0699696 0.0723842 0.0723349 0.0702456 0.0665999 0.0618399 0.0563305 0.0503492 0.0440981 0.0377374 0.0314234 0.0253308 0.0196515 0.0145744 0.010256 0.00679209 0.00419702
 0.00941927 0.0150299 0.0221145 0.0304442 0.0396559 0.0491588 0.0580728 0.0653906 0.070327 0.0725814 0.0723264 0.070004 0.0661291 0.0611829 0.0555684 0.0495879 0.043444 0.0372688 0.0311681 0.0252625 0.019707 0.0146822 0.010362 0.00686961 0.00424251
 0.00966775 0.0154316 0.0227125 0.0312706 0.0407178 0.0504205 0.0594422 0.0667257 0.0714655 0.0733829 0.072703 0.0699289 0.0656269 0.060317 0.054432 0.0482982 0.042131 0.0360567 0.0301519 0.0244896 0.0191735 0.0143461 0.0101656 0.00676017 0.00418237
 0.00959069 0.015338 0.0226314 0.0312521 0.0408242 0.0507085 0.0599438 0.0674333 0.0723258 0.0743005 0.0735563 0.0705956 0.0660117 0.0603718 0.0541623 0.0477565 0.0414052 0.0352527 0.0293743 0.023821 0.0186589 0.0139906 0.00994408 0.00663443 0.00411627
 0.00952002 0.0152133 0.0224282 0.0309487 0.0404158 0.0502252 0.0594615 0.067064 0.0721851 0.0744641 0.0740278 0.0713015 0.0668235 0.0611437 0.0547699 0.0481249 0.0415193 0.0351517 0.0291327 0.0235235 0.0183772 0.013768 0.00979329 0.00654593 0.00407096
 0.00938986 0.0150142 0.0221511 0.0305914 0.0399812 0.04972 0.0589004 0.0664796 0.0716376 0.0740406 0.0738248 0.0713924 0.0672252 0.0618009 0.0555673 0.0489232 0.042198 0.0356403 0.0294198 0.0236454 0.0183934 0.0137362 0.0097537 0.00651735 0.00405634
 0.00913915 0.0146584 0.0217111 0.0301187 0.0395413 0.0493677 0.058659 0.0663376 0.0715612 0.0739964 0.0737997 0.071404 0.0673152 0.0620132 0.0559191 0.0493872 0.0427067 0.0361114 0.0297883 0.0238842 0.0185143 0.0137749 0.00974979 0.00650025 0.00404125
 0.00797961 0.0129064 0.0193269 0.0271655 0.0361819 0.0458459 0.0552801 0.063438 0.0694528 0.0728949 0.0737739 0.0723748 0.0691003 0.0643856 0.0586516 0.0522721 0.045559 0.0387701 0.0321249 0.0258164 0.0200152 0.0148697 0.0104998 0.00698267 0.00433202
#obs surv len freq
 nan nan nan nan nan nan nan nan nan nan nan nan nan nan nan nan nan nan nan nan nan nan nan nan nan
 0.00448413 0.00734504 0.0111743 0.0159897 0.0216892 0.0279635 0.0342765 0.0400072 0.0446869 0.0481515 0.0505108 0.0520082 0.0529021 0.0534159 0.0537314 0.0539873 0.0542665 0.0545597 0.0546987 0.0542907 0.0527287 0.0493606 0.0438099 0.0362893 0.0276722
 0.00461302 0.00755725 0.0114983 0.0164524 0.0223095 0.0287416 0.0351841 0.0409848 0.0456523 0.0490168 0.0511988 0.0524642 0.0530987 0.0533531 0.0534316 0.0534878 0.0536108 0.0537903 0.0538546 0.0534086 0.0518472 0.0485227 0.0430603 0.0356657 0.0271956
 0.00478398 0.00783448 0.0119144 0.0170376 0.0230863 0.029716 0.0363355 0.04226 0.0469699 0.0502782 0.0523029 0.0533202 0.0536366 0.053532 0.0532432 0.0529543 0.0527778 0.0527175 0.0526082 0.0520589 0.0504692 0.0471966 0.0418657 0.0346685 0.026432
 0.00497146 0.00814401 0.0123889 0.0177195 0.0240089 0.0308894 0.0377332 0.043815 0.0485848 0.0518436 0.0537132 0.054481 0.0544677 0.0539694 0.0532454 0.0525081 0.0519018 0.0514609 0.0510468 0.0502902 0.048609 0.0453726 0.0402039 0.0332721 0.025359
 0.00517752 0.00848045 0.0128983 0.0184434 0.024981 0.0321243 0.0392133 0.0454839 0.0503522 0.0535995 0.0553437 0.0558798 0.0555421 0.0546433 0.0534605 0.0522268 0.0511124 0.0501845 0.0493437 0.0482634 0.0464011 0.0431544 0.0381505 0.031529 0.0240111
 0.00540528 0.00885251 0.0134615 0.0192428 0.0260509 0.0334757 0.0408199 0.0472783 0.0522354 0.05546 0.0570732 0.0573808 0.0567285 0.0554394 0.0538013 0.05206 0.0504043 0.0489296 0.047578 0.0460773 0.0439452 0.0406281 0.0357708 0.0294842 0.0224168
 0.00563237 0.00922769 0.0140373 0.0200718 0.0271755 0.0349114 0.0425388 0.0492037 0.0542534 0.0574428 0.0589004 0.0589513 0.0579616 0.0562709 0.0541772 0.0519332 0.0497353 0.0476968 0.0457952 0.0438156 0.0413475 0.0379044 0.0331647 0.0272175 0.0206336
 0.00588536 0.00963853 0.0146552 0.0209429 0.0283358 0.0363737 0.0442786 0.0511522 0.0563048 0.0594714 0.0607806 0.060571 0.0592299 0.0571196 0.0545566 0.0518055 0.0490695 0.0464719 0.0440162 0.041538 0.0387006 0.0350944 0.0304442 0.0248269 0.0187368
 0.00612764 0.010038 0.0152664 0.0218198 0.0295198 0.0378769 0.0460668 0.0531408 0.0583734 0.0614888 0.0626265 0.0621456 0.0604539 0.057931 0.054908 0.0516602 0.0483995 0.0452595 0.0422653 0.0392969 0.0360866 0.0323018 0.0277207 0.0224157 0.0168107
 0.0063677 0.0104312 0.015864 0.0226716 0.0306656 0.0393313 0.0478034 0.0550849 0.0604107 0.0634865 0.0644547 0.0636938 0.0616379 0.0586928 0.0552102 0.0514782 0.0477153 0.0440618 0.0405604 0.0371296 0.033564 0.0296044 0.025082 0.02007 0.0149283
 0.0066111 0.010831 0.0164729 0.023541 0.0318346 0.0408102 0.0495576 0.0570301 0.0624253 0.0654359 0.0662135 0.065158 0.062729 0.059357 0.0554155 0.0512087 0.0469651 0.0428321 0.0388665 0.035018 0.0311352 0.0270238 0.0225645 0.0178327 0.0131307
 0.0068555 0.0112282 0.0170706 0.0243834 0.0329544 0.0422152 0.0512163 0.058866 0.0643264 0.0672745 0.0678674 0.0665245 0.0637311 0.0599437 0.0555592 0.050899 0.0462028 0.041627 0.0372416 0.0330236 0.0288665 0.0246316 0.0202415 0.015773 0.0114769
 0.00707203 0.011588 0.0176261 0.0251869 0.0340461 0.0436045 0.0528645 0.0606825 0.0661843 0.0690384 0.0694172 0.0677674 0.0646033 0.0604073 0.055597 0.0505097 0.045396 0.040421 0.0356667 0.0311332 0.0267517 0.0224289 0.0181211 0.013904 0.00998185
 0.00728274 0.0119324 0.0181479 0.0259283 0.0350401 0.0448617 0.0543591 0.0623451 0.0679088 0.070699 0.0708903 0.0689484 0.0654174 0.060813 0.0555822 0.0500838 0.0445808 0.0392462 0.0341711 0.029374 0.0248158 0.020439 0.0162251 0.0122455 0.00866235
 0.0074178 0.0121598 0.0185047 0.0264541 0.0357689 0.0458095 0.055511 0.0636509 0.0692906 0.0720654 0.0721492 0.0700155 0.0662204 0.0612958 0.0557098 0.0498435 0.0439803 0.0383098 0.0329383 0.0279024 0.0231882 0.0187653 0.0146331 0.0108562 0.00755956
 0.00750355 0.0122957 0.0187039 0.026729 0.0361324 0.0462753 0.0560906 0.0643486 0.0700964 0.0729508 0.0730666 0.0709018 0.067005 0.0619093 0.0560917 0.0499482 0.0437819 0.0378044 0.032146 0.026869 0.0219865 0.0174934 0.013403 0.00977226 0.00669433
 0.00759198 0.0124332 0.0188988 0.0269849 0.0364475 0.0466426 0.0564991 0.0647853 0.0705507 0.0734184 0.0735472 0.0713918 0.0674881 0.0623516 0.0564437 0.0501544 0.0437918 0.0375834 0.0316842 0.0261866 0.0211359 0.0165547 0.0124718 0.00893912 0.00602314
 0.00765163 0.0125266 0.0190327 0.0271628 0.0366687 0.0469013 0.0567837 0.0650796 0.0708385 0.0736888 0.0737991 0.0716327 0.0677279 0.0625927 0.0566733 0.0503412 0.0438909 0.037548 0.0314796 0.0258034 0.0205978 0.0159171 0.01181 0.00832939 0.00552253
 0.00770665 0.0126091 0.0191438 0.0272993 0.0368242 0.0470683 0.0569551 0.0652492 0.0710007 0.0738394 0.0739364 0.0717585 0.0678473 0.062712 0.0567946 0.0504566 0.0439789 0.0375752 0.0314101 0.0256127 0.0202854 0.0155115 0.0113632 0.00790087 0.00516085
 0.00778083 0.0127235 0.0193043 0.0275058 0.0370699 0.0473391 0.0572294 0.0655006 0.0712042 0.0739786 0.074008 0.0717716 0.0678184 0.0626597 0.0567345 0.0503978 0.0439202 0.0375036 0.0313038 0.0254493 0.0200538 0.0152204 0.0110415 0.00758816 0.00489308
 0.00780781 0.0127677 0.0193712 0.0276004 0.0371952 0.0474936 0.0574054 0.0656839 0.0713766 0.0741224 0.0741103 0.0718271 0.0678303 0.0626374 0.0566906 0.0503439 0.0438627 0.0374411 0.0312264 0.0253432 0.0199081 0.0150354 0.0108318 0.00737855 0.00470891
 0.00782884 0.0127955 0.0194015 0.0276262 0.0372096 0.0474944 0.0573979 0.0656797 0.0713887 0.0741591 0.0741713 0.0719042 0.0679111 0.0627102 0.0567482 0.050384 0.0438863 0.0374486 0.0312153 0.0253075 0.0198417 0.0149378 0.0107109 0.00725035 0.0045912
 0.00787774 0.0128703 0.0195049 0.0277561 0.0373586 0.0476493 0.0575405 0.0657908 0.0714538 0.0741746 0.0741459 0.0718542 0.0678524 0.0626529 0.0566948 0.0503326 0.0438337 0.0373924 0.0311536 0.0252376 0.019761 0.0148457 0.0106114 0.00715171 0.0045035
 0.00787862 0.0128738 0.019514 0.0277748 0.0373904 0.0476956 0.057599 0.0658545 0.0715129 0.074219 0.074169 0.0718557 0.067838 0.0626319 0.0566757 0.0503196 0.043826 0.0373856 0.0311421 0.0252167 0.0197278 0.0148 0.0105563 0.00709342 0.00444941
 0.00788036 0.0128711 0.0194999 0.0277405 0.037329 0.0476066 0.0574921 0.0657482 0.0714283 0.074172 0.0741648 0.0718888 0.0678971 0.062705 0.0567542 0.0503983 0.0439019 0.0374554 0.0312016 0.0252611 0.0197537 0.0148066 0.0105464 0.00707264 0.00442452
 0.00790873 0.0129097 0.019544 0.0277801 0.0373507 0.0475974 0.0574432 0.0656587 0.0713071 0.0740372 0.0740402 0.0717967 0.0678514 0.0627077 0.0567968 0.0504672 0.0439833 0.0375383 0.0312776 0.0253244 0.0198002 0.0148348 0.0105577 0.00707115 0.00441571
 0.00789611 0.0128939 0.0195285 0.02777 0.0373499 0.047605 0.0574513 0.0656539 0.071276 0.0739737 0.0739494 0.0716949 0.0677607 0.062648 0.0567799 0.0504936 0.0440439 0.0376191 0.0313642 0.0254048 0.0198664 0.014883 0.0105878 0.007086 0.00442003
 0.00788306 0.0128683 0.0194824 0.0276949 0.0372405 0.0474643 0.0572932 0.0655009 0.0711508 0.0738899 0.0739077 0.0716869 0.0677766 0.0626831 0.0568353 0.0505727 0.044147 0.0377406 0.0314934 0.0255291 0.019975 0.0149689 0.010649 0.00712483 0.00444156
 0.00786526 0.0128391 0.0194376 0.0276299 0.0371507 0.0473462 0.0571468 0.0653322 0.0709738 0.0737255 0.073779 0.0716116 0.0677619 0.0627244 0.0569209 0.0506894 0.0442842 0.0378899 0.0316463 0.0256762 0.0201065 0.0150771 0.0107303 0.00718013 0.00447532
 0.00785118 0.012814 0.0193958 0.0275651 0.0370574 0.0472223 0.0569959 0.0651636 0.0708008 0.0735627 0.0736407 0.0715115 0.0677112 0.0627302 0.0569829 0.0507999 0.04443 0.0380558 0.0318182 0.0258418 0.0202553 0.0152015 0.0108261 0.00724765 0.00451843
 0.00781714 0.0127572 0.019308 0.0274381 0.0368853 0.0470051 0.0567426 0.064893 0.0705384 0.0733351 0.0734702 0.0714127 0.0676904 0.0627859 0.0571078 0.050982 0.0446534 0.0383024 0.0320692 0.0260797 0.0204664 0.0153763 0.0109605 0.00734296 0.00458027
 0.00779028 0.0127126 0.019239 0.0273377 0.0367478 0.0468279 0.0565289 0.0646532 0.0702897 0.0730991 0.0732697 0.0712681 0.0676165 0.0627901 0.0571889 0.0511311 0.0448559 0.0385399 0.0323214 0.0263268 0.020691 0.0155659 0.0111086 0.00744946 0.00465034
 0.00775254 0.01265 0.0191427 0.0271992 0.0365611 0.046593 0.0562547 0.0643583 0.0699988 0.0728382 0.0730611 0.0711284 0.0675562 0.0628133 0.0572937 0.051309 0.0450927 0.0388165 0.0326159 0.0266169 0.0209565 0.0157916 0.0112862 0.00757801 0.00473554
 0.00774124 0.012628 0.0191026 0.0271318 0.0364567 0.0464453 0.0560635 0.0641316 0.069752 0.0725916 0.0728371 0.0709478 0.0674359 0.0627647 0.0573212 0.0514105 0.0452597 0.0390344 0.0328655 0.0268761 0.0212036 0.0160083 0.0114611 0.00770727 0.00482266
 0.00933399 0.014861 0.0218048 0.0299234 0.0388592 0.0480567 0.0566979 0.0638462 0.0687683 0.0711801 0.0712323 0.0693172 0.0658854 0.0613565 0.0560896 0.0503712 0.0444149 0.038376 0.0323766 0.0265332 0.0209788 0.0158723 0.0113863 0.00767076 0.00480741
 0.00931334 0.0151225 0.0227189 0.0319499 0.0423485 0.0529798 0.0624746 0.0694384 0.073048 0.0733715 0.0711668 0.0673781 0.0627384 0.0576642 0.0523472 0.0468772 0.0413177 0.0357328 0.0301953 0.0247948 0.0196467 0.0148973 0.0107097 0.00722939 0.00453897
 0.00897299 0.0145875 0.0219693 0.0310367 0.0414465 0.0524239 0.0627198 0.0708977 0.0758455 0.0771588 0.0751648 0.0706711 0.0646546 0.0580076 0.0513698 0.0450681 0.0391716 0.0336153 0.0283166 0.0232444 0.0184395 0.0140075 0.0100909 0.00682574 0.00429388
 0.00878842 0.0142759 0.0214802 0.0303196 0.0404711 0.0512147 0.0613997 0.0697153 0.0751525 0.0773128 0.0763707 0.0728347 0.0673503 0.0606164 0.0533274 0.0460786 0.0392667 0.0330557 0.0274313 0.0223048 0.0176112 0.0133598 0.00962915 0.00652265 0.00411038
 0.0086936 0.0141186 0.0212365 0.0299628 0.0399739 0.050556 0.0605774 0.068764 0.0741636 0.0764478 0.0758492 0.0728787 0.0680878 0.0619875 0.0550624 0.0477845 0.0405857 0.0338012 0.0276246 0.0221106 0.0172329 0.0129588 0.00929574 0.0062853 0.00396074
 0.0086719 0.0140772 0.0211625 0.029839 0.0397814 0.0502781 0.0602033 0.0682924 0.0736062 0.0758359 0.0752463 0.0723891 0.0678463 0.0621184 0.0556149 0.0486824 0.0416338 0.034759 0.0283063 0.0224517 0.0172863 0.0128394 0.00911657 0.00612059 0.00384106
 0.00867572 0.0140809 0.021163 0.0298307 0.0397552 0.0502222 0.0601036 0.0681348 0.0733792 0.0755362 0.0748838 0.0719944 0.0674761 0.0618532 0.055541 0.048856 0.042044 0.0353158 0.0288718 0.0228988 0.0175502 0.0129298 0.0090915 0.00604657 0.00376546
 0.00867412 0.01408 0.0211644 0.0298364 0.0397665 0.0502369 0.0601154 0.068132 0.0733472 0.0754595 0.0747514 0.0718041 0.0672405 0.0616042 0.0553292 0.0487398 0.0420677 0.0354855 0.0291445 0.0231979 0.0177996 0.0130863 0.00915481 0.00604578 0.00373616
 0.00866415 0.0140653 0.0211454 0.0298147 0.0397448 0.0502188 0.0601039 0.0681289 0.0733505 0.0754627 0.0747431 0.071771 0.0671724 0.0615003 0.0552033 0.048621 0.0419932 0.0354855 0.0292265 0.0233396 0.0179587 0.0132206 0.00924078 0.00608352 0.0037411
 0.00866302 0.0140643 0.0211455 0.0298171 0.039751 0.0502298 0.0601199 0.0681488 0.0733723 0.0754834 0.0747582 0.0717744 0.0671567 0.0614592 0.0551356 0.0485346 0.041906 0.0354211 0.0292042 0.0233646 0.0180186 0.0132919 0.00930112 0.00612143 0.00375726
 0.00863686 0.0140243 0.0210901 0.0297471 0.0396695 0.0501427 0.0600356 0.0680773 0.0733234 0.0754638 0.0747695 0.0718122 0.0672121 0.0615203 0.0551907 0.0485756 0.0419319 0.0354387 0.029225 0.0233984 0.0180673 0.0133487 0.00935456 0.00616218 0.0037822
 0.0086383 0.0140232 0.0210822 0.0297267 0.0396313 0.0500843 0.05996 0.0679934 0.0732431 0.0753992 0.0747294 0.0718008 0.0672281 0.0615581 0.0552413 0.0486293 0.0419809 0.0354797 0.0292597 0.0234316 0.0181031 0.0133871 0.00939183 0.00619323 0.00380396
 0.00862917 0.0140119 0.0210714 0.0297201 0.039632 0.0500919 0.0599692 0.0679953 0.0732298 0.0753679 0.0746847 0.0717526 0.0671879 0.0615341 0.0552363 0.0486409 0.0420032 0.0355064 0.0292866 0.0234575 0.0181285 0.0134125 0.00941608 0.00621424 0.00381984
 0.00860013 0.0139669 0.021008 0.0296387 0.0395361 0.049989 0.0598706 0.0679137 0.0731757 0.0753449 0.0746894 0.0717773 0.067225 0.0615797 0.0552896 0.048702 0.0420705 0.0355764 0.0293546 0.0235195 0.0181823 0.0134573 0.00945203 0.00624155 0.00383906
 0.00860729 0.013974 0.0210105 0.0296296 0.0395082 0.0499382 0.0597985 0.0678285 0.0730899 0.0752719 0.0746394 0.0717544 0.0672276 0.061602 0.055325 0.0487453 0.0421188 0.0356276 0.0294065 0.0235695 0.0182276 0.013496 0.00948314 0.00626496 0.00385541
 0.00860729 0.013974 0.0210105 0.0296296 0.0395082 0.0499382 0.0597985 0.0678285 0.0730899 0.0752719 0.0746394 0.0717544 0.0672276 0.061602 0.055325 0.0487453 0.0421188 0.0356276 0.0294065 0.0235695 0.0182276 0.013496 0.00948314 0.00626496 0.00385541
 0.0088194 0.0143118 0.0215037 0.0302955 0.0403414 0.050899 0.0608044 0.0687615 0.0738227 0.0757041 0.0747246 0.0715073 0.0667093 0.0608983 0.0545248 0.0479261 0.0413399 0.0349288 0.0288105 0.0230846 0.0178518 0.0132194 0.00929108 0.00614007 0.00377999
 0.00859326 0.0139765 0.021061 0.0297727 0.0397896 0.0503858 0.0604044 0.0685426 0.073828 0.0759351 0.0751358 0.0720188 0.0672334 0.0613642 0.0548933 0.0481892 0.0415112 0.035032 0.0288694 0.0231183 0.0178726 0.0132342 0.00930256 0.00614912 0.00378674
 0.00857612 0.0139189 0.0209213 0.0294991 0.0393404 0.0497575 0.0596532 0.0677812 0.0731947 0.0755482 0.075057 0.0722407 0.0676898 0.0619567 0.0555203 0.0487699 0.0419981 0.0354101 0.029147 0.0233148 0.0180089 0.0133276 0.00936561 0.00619048 0.00381263
 0.00869053 0.0141012 0.0211854 0.0298474 0.0397532 0.0501836 0.0600101 0.0679743 0.0731547 0.0752681 0.0746041 0.0717308 0.0672398 0.0616414 0.0553555 0.0487236 0.0420167 0.0354446 0.0291675 0.0233122 0.0179884 0.0132995 0.00933874 0.00616966 0.00379885
 0.00910128 0.0147648 0.0221731 0.0312126 0.0415085 0.05227 0.0622706 0.0701572 0.0749606 0.0764278 0.0749531 0.0712514 0.066057 0.0599784 0.0534669 0.0468314 0.0402727 0.0339255 0.0278947 0.0222782 0.0171749 0.0126847 0.00889781 0.00587309 0.0036138
 0.00912441 0.014845 0.0223731 0.0316183 0.0422094 0.0533252 0.0636751 0.0718242 0.0767271 0.0780808 0.0762678 0.0720365 0.066199 0.0594724 0.0524181 0.0454234 0.0387141 0.0323983 0.0265241 0.0211279 0.0162616 0.0119962 0.00840639 0.00554356 0.00340819
 0.0088552 0.0144115 0.0217341 0.030754 0.0411441 0.0521534 0.062573 0.0710249 0.0764524 0.0784568 0.0772683 0.0734842 0.0678219 0.0609858 0.0536019 0.0461685 0.0390283 0.0323754 0.0262943 0.0208124 0.0159468 0.011729 0.00820321 0.00540237 0.00331805
 0.0088968 0.014439 0.0217009 0.0305914 0.0407789 0.0515384 0.0617185 0.070016 0.0754443 0.0776448 0.0768384 0.0735553 0.0683999 0.0619533 0.0547527 0.0472759 0.0399153 0.0329573 0.0265804 0.0208747 0.0158777 0.0116083 0.00808284 0.0053067 0.00325249
 0.00858404 0.0139478 0.0209937 0.0296449 0.039588 0.050123 0.0601341 0.0683622 0.0738634 0.0763085 0.0759243 0.0732152 0.0687228 0.0629314 0.0562667 0.0491131 0.0418213 0.0347026 0.0280129 0.0219398 0.016602 0.0120633 0.00834991 0.00545463 0.00333029
 0.00874996 0.0141714 0.0212441 0.0298623 0.0396968 0.0500536 0.059842 0.0678361 0.0731232 0.0754024 0.0749308 0.072246 0.0679156 0.0624245 0.0561589 0.0494252 0.0424808 0.0355635 0.0289056 0.0227246 0.0172023 0.0124684 0.00859301 0.00558532 0.00339362
 0.00877492 0.0142386 0.0213911 0.0301316 0.0401136 0.0505973 0.0604282 0.0683282 0.0733763 0.0753167 0.0744866 0.0715062 0.0670031 0.0614917 0.0553574 0.0488763 0.0422473 0.0356334 0.0291986 0.0231242 0.0175985 0.0127892 0.00881359 0.00571622 0.00346116
 0.0088074 0.0142927 0.0214767 0.0302624 0.0403092 0.0508805 0.0608167 0.0688176 0.0739217 0.0758268 0.0748408 0.0715946 0.0667714 0.0609672 0.0546429 0.0481166 0.0415843 0.0351658 0.0289592 0.023082 0.0176824 0.012922 0.00893838 0.00580635 0.00351441
 0.00902068 0.0146375 0.0219901 0.0309725 0.0412236 0.0519722 0.0620134 0.0700074 0.0749769 0.0766338 0.0753185 0.0716961 0.0664792 0.0602956 0.053649 0.0469062 0.0402995 0.0339545 0.0279384 0.0223114 0.0171606 0.0126034 0.0087605 0.00571292 0.00346623
