SBPRF35
7.63398
Curr Bio
563182
B35
543448
F35
0.215581
FOFL
0.195137
OFL
75579
Bzero
2.18114e+06
#pred survey bio
 3.53154e+06 3.45013e+06 3.3455e+06 3.18896e+06 2.78915e+06 2.4943e+06 2.2495e+06 1.99919e+06 1.81785e+06 1.67434e+06 1.55629e+06 1.44537e+06 1.30739e+06 1.12417e+06 988992 813284 708266 661615 659856 654960 633397 615208 580286 554787 541880 501395 516670 518304 526884 533917 541721 542724 544962 564466 563849 566761 556017 513797 494029 529622 603871 667058 734816 706177 611006 600710 591670 603259 605832 612533 585908 556146 587090 640721 658049 605657 547747 521179 511552 543466 572024 601743 595671 559582 536778 531814 534512 555728 570134 1.75511e+07 1.06215e+07 1.10399e+07 1.1868e+07 1.28698e+07 1.38533e+07 1.47134e+07 1.54129e+07 1.59549e+07 1.63616e+07 1.66604e+07 1.6877e+07 1.70328e+07 1.71447e+07 1.72251e+07 1.72831e+07 1.7325e+07 1.73556e+07 1.7378e+07 1.73945e+07 1.74068e+07 1.74159e+07 1.74228e+07 1.7428e+07 1.74319e+07 1.74349e+07 1.74371e+07 1.74388e+07 1.74402e+07 1.74412e+07 1.74419e+07 1.74425e+07 1.7443e+07 1.74434e+07 1.74436e+07 1.74438e+07 1.7444e+07 1.74441e+07 1.74442e+07 1.74443e+07 1.74443e+07 1.74444e+07 1.74444e+07 1.74445e+07 1.74445e+07 1.74445e+07 1.74445e+07 1.74445e+07 1.74445e+07 1.74445e+07 1.74445e+07 1.74445e+07 1.74445e+07 1.74445e+07 1.74445e+07 1.74445e+07 1.74445e+07 1.74445e+07 1.74445e+07 1.74445e+07 1.74445e+07 1.74445e+07 1.74445e+07 1.74445e+07 1.74445e+07 1.74445e+07 1.74445e+07 1.74445e+07 1.74445e+07 1.74445e+07 1.74445e+07 1.74445e+07 1.74445e+07 1.74445e+07 1.74445e+07 1.74445e+07 1.74445e+07 1.74445e+07 1.74445e+07 1.74445e+07 1.74445e+07 1.74445e+07 1.74445e+07 1.74445e+07 1.74445e+07 1.74445e+07 1.74445e+07 1.74445e+07 1.74445e+07 1.74445e+07 1.74445e+07 1.74445e+07 1.74445e+07 1.74445e+07 1.74445e+07 1.74445e+07 1.74445e+07 1.74445e+07 1.74445e+07 1.74445e+07 0 0 0 0 0 0 0 0 0 0 0 0 0 0 0 0 0 0 0 0 0 0 0 0 0
#obs survey bio
 3.42642e+06 5.27097e+06 3.64009e+06 3.0682e+06 2.60621e+06 3.08512e+06 2.5542e+06 1.94724e+06 1.45263e+06 1.55802e+06 1.45568e+06 1.40493e+06 1.56710e+06 1.21771e+06 1.14012e+06 588714 553085 553697 902531 673564 652185 766174 594918 468960 518888 541243 676906 541042 494911 554515 597428 541393 454753 614071 699986 613953 858602 459699 424628 368209 675351 653812 869281 754780 488485 513091 534747 655197 540048 484829 558809 558769 550341 912143 673654 573356 688820 491125 489735 498027 600713 702260 416058 566913 591131 571888 419737 748928 549956
#pred catch bio
 94261.5 91943.5 151881 226893 243865 258360 305478 274924 304858 297073 285042 285767 273919 244265 241652 204749 193175 160234 153857 146319 121596 123499 116150 117074 113221 94357.1 105365 102497 106282 100544 99007.1 93243.1 85895.7 103303 88872.4 86836.2 85553.1 91785.5 80656.2 81979 97034.2 87819.2 90136.8 83773.5 92651.1 88627.5 89873.1 90209.3 84736.6 91434.5 114405 83611.7 80579.8 94923.4 138149 132057 88626.6 88881.5 60792.2 82445.5 87933.5 95431.1 109443 96653.5 89478.6 84753.2 95162.7 41934.6 132137 75579 82808 84716.1 90156 97447.6 104667 110883 115808 119494 122142 123988 125245 126085 126640 127001 127235 127385 127481 127542 127581 127605 127620 127630 127636 127640 127642 127644 127645 127645 127646 127646 127646 127646 127646 127646 127646 127646 127646 127646 127646 127646 127646 127646 127646 127646 127646 127646 127646 127646 127646 127646 127646 127646 127646 127646 127646 127646 127646 127646 127646 127646 127646 127646 127646 127646 127646 127646 127646 127646 127646 127646 127646 127646 127646 127646 127646 127646 127646 127646 127646 127646 127646 127646 127646 127646 127646 127646 127646 127646 127646 127646 127646 127646 127646 127646 127646 127646 127646 127646 127646 0 0 0 0 0 0 0 0 0 0 0 0 0 0 0 0 0 0 0 0 0 0 0 0 0
#obs catch bio
 0 91565.7 152015 227171 243968 258175 306160 274275 305775 297512 285198 286140 273274 244681 241077 204096 194963 160832 154079 146371 121281 123438 115996 117574 112836 94518.3 105419 102473 106468 100521 99007.3 93189.4 85760.6 103650 88804.8 86854.2 85329.6 91900.6 80654.1 82196.6 97251.7 87849.5 90029.5 83485.3 93020.7 88534.3 89991.6 90226.9 84680.3 91173.5 114907 83528.2 80577.5 94665.5 138438 132452 88286.2 89210 60475.5 82650.6 88023.2 95283.2 109577 96588.4 89506.1 84559.8 96355.5 41240.5 133512
#pred cpue bio
 3.49208e+06 3.41168e+06 3.30692e+06 3.15033e+06 2.75357e+06 2.46012e+06 2.21627e+06 1.96704e+06 1.78606e+06 1.64215e+06 1.52355e+06 1.41225e+06 1.27474e+06 1.09358e+06 959939 787545 684288 637916 635788 630868 609793 592202 558410 533764 521251 482184 496944 498588 506966 513771 521466 522617 524942 543990 543499 546460 535003 492747 472578 506517 577998 638819 704197 677154 586061 575770 567209 578371 580932 587583 562063 532677 562234 614118 631012 579399 522426 497191 488370 520010 547870 576475 570579 535168 512772 508111 511088 531321 546873 1.67958e+07 1.01444e+07 1.04434e+07 1.11846e+07 1.21663e+07 1.31466e+07 1.40063e+07 1.47057e+07 1.52478e+07 1.56545e+07 1.59532e+07 1.61698e+07 1.63257e+07 1.64376e+07 1.6518e+07 1.65759e+07 1.66178e+07 1.66484e+07 1.66708e+07 1.66873e+07 1.66996e+07 1.67087e+07 1.67156e+07 1.67208e+07 1.67247e+07 1.67277e+07 1.67299e+07 1.67317e+07 1.6733e+07 1.6734e+07 1.67348e+07 1.67354e+07 1.67358e+07 1.67362e+07 1.67364e+07 1.67367e+07 1.67368e+07 1.67369e+07 1.6737e+07 1.67371e+07 1.67372e+07 1.67372e+07 1.67372e+07 1.67373e+07 1.67373e+07 1.67373e+07 1.67373e+07 1.67373e+07 1.67373e+07 1.67373e+07 1.67373e+07 1.67374e+07 1.67374e+07 1.67374e+07 1.67374e+07 1.67374e+07 1.67374e+07 1.67374e+07 1.67374e+07 1.67374e+07 1.67374e+07 1.67374e+07 1.67374e+07 1.67374e+07 1.67374e+07 1.67374e+07 1.67374e+07 1.67374e+07 1.67374e+07 1.67374e+07 1.67374e+07 1.67374e+07 1.67374e+07 1.67374e+07 1.67374e+07 1.67374e+07 1.67374e+07 1.67374e+07 1.67374e+07 1.67374e+07 1.67374e+07 1.67374e+07 1.67374e+07 1.67374e+07 1.67374e+07 1.67374e+07 1.67374e+07 1.67374e+07 1.67374e+07 1.67374e+07 1.67374e+07 1.67374e+07 1.67374e+07 1.67374e+07 1.67374e+07 1.67374e+07 1.67374e+07 1.67374e+07 1.67374e+07 1.67374e+07 0 0 0 0 0 0 0 0 0 0 0 0 0 0 0 0 0 0 0 0 0 0 0 0 0
#obs cpue bio
 3.63274e+06 2.46348e+06 2.57932e+06 4.53816e+06 2.35427e+06 2.02868e+06 1.93183e+06 2.24515e+06 1.73252e+06 1.80214e+06 1.64781e+06 1.41791e+06 1.38228e+06 738235 1.17364e+06 1.09326e+06 501837 769987 526704 674989 620702 487352 550794 455833 916442 264292 496358 454863 504290 519429 487358 548201 575536 479769 448333 491719 439379 502808 491225 528520 668346 546838 805397 740336 483939 858037 528764 595699 607045 911642 512016 492945 540110 537373 611464 567174 467888 465516 554836 516814 481343 593417 799503 528168 442057 538140 366265 772924 432365
#pred surv len freq
 0.00421508 0.0069565 0.01068 0.0154331 0.021131 0.0274613 0.0338704 0.0397184 0.0445276 0.0481352 0.050654 0.0523208 0.0533675 0.0539692 0.0542462 0.0542862 0.0541693 0.0539681 0.0536902 0.0531643 0.0519416 0.0493493 0.0447765 0.0380881 0.0298798
 0.00450435 0.00734123 0.0111038 0.0157978 0.0213332 0.0274441 0.0336576 0.0394043 0.0442239 0.0479122 0.0505145 0.0522217 0.0532688 0.0538747 0.0542108 0.0543876 0.0544587 0.0544263 0.0542121 0.0535851 0.0521009 0.0491624 0.0442748 0.0374024 0.0291767
 0.00455845 0.0074902 0.0114336 0.0164073 0.0222865 0.0287098 0.0350756 0.0407193 0.0451851 0.0483792 0.050502 0.0518576 0.0527088 0.0532391 0.0535745 0.0538029 0.0539711 0.0540604 0.0539431 0.0533278 0.0517393 0.0486099 0.0435273 0.0365461 0.0283452
 0.00462666 0.00759716 0.0115926 0.0166417 0.0226407 0.0292534 0.0358872 0.041843 0.0465741 0.0498681 0.0518413 0.0528056 0.053128 0.0531361 0.0530677 0.0530538 0.0531256 0.0532189 0.0531487 0.0525673 0.0509603 0.0477601 0.042599 0.0355952 0.027468
 0.00486339 0.00796618 0.0121179 0.0173339 0.0234954 0.0302524 0.0370021 0.043043 0.0478349 0.0511672 0.0531327 0.0539906 0.0540531 0.0536368 0.0530378 0.0524927 0.052133 0.0519446 0.0517334 0.0511043 0.0494932 0.0463093 0.0411965 0.0343025 0.0263634
 0.00502251 0.00825078 0.0125927 0.0180715 0.0245551 0.0316489 0.0386805 0.04488 0.0496721 0.0528607 0.0545891 0.0551675 0.0549277 0.0541694 0.0531586 0.0521276 0.0512496 0.0505834 0.0500021 0.049143 0.0474383 0.0442794 0.0392973 0.0326318 0.0250004
 0.0051825 0.00851339 0.0129948 0.0186547 0.0253643 0.0327257 0.0400483 0.046525 0.0515276 0.0548044 0.0564611 0.0568052 0.0562025 0.0550025 0.0535098 0.0519719 0.050567 0.0493738 0.0483112 0.0470756 0.0451489 0.0419472 0.037099 0.0307166 0.0234673
 0.00545935 0.00896021 0.0136608 0.0195827 0.0265822 0.0342344 0.0418107 0.0484659 0.0535475 0.0567982 0.0583272 0.0584434 0.0575101 0.0558807 0.0538776 0.0517764 0.0497842 0.0480071 0.0463988 0.0447071 0.0424769 0.0391793 0.034465 0.0284208 0.0216433
 0.00567151 0.00931221 0.0142037 0.0203684 0.027653 0.0356064 0.0434577 0.0503143 0.0554893 0.0587155 0.0601135 0.0600122 0.058791 0.0568082 0.0543834 0.051791 0.0492473 0.0468834 0.0446958 0.0424927 0.0398924 0.0364346 0.0318072 0.0260798 0.0197755
 0.00592027 0.00972512 0.0148409 0.021291 0.0289108 0.0372176 0.0453886 0.0524718 0.0577341 0.0608898 0.0620702 0.061635 0.0600019 0.0575634 0.05466 0.05157 0.0485042 0.0455929 0.0428529 0.0401439 0.0371612 0.0335258 0.0289773 0.023577 0.0177742
 0.00618694 0.0101525 0.0154733 0.0221678 0.0300616 0.0386541 0.0470928 0.0543878 0.0597691 0.0629246 0.0639745 0.0632827 0.0612853 0.0584036 0.0550093 0.0514054 0.047815 0.0443736 0.0411109 0.0379221 0.0345676 0.0307461 0.0262539 0.0211531 0.0158262
 0.00641223 0.0105245 0.0160434 0.0229858 0.0311645 0.0400488 0.0487413 0.0562062 0.0616453 0.0647444 0.0656402 0.0647155 0.0624183 0.0591758 0.0553659 0.0513023 0.0472224 0.0432779 0.03952 0.0358801 0.0321755 0.0281737 0.0237236 0.0188913 0.0140013
 0.00664434 0.0109056 0.0166238 0.0238149 0.0322808 0.041464 0.0504238 0.0580737 0.0635753 0.0665978 0.0672879 0.0660576 0.0633909 0.0597465 0.0555212 0.0510342 0.0465217 0.0421369 0.037944 0.0339075 0.0298975 0.0257445 0.0213452 0.0167699 0.0122904
 0.00687757 0.0112897 0.017211 0.0246561 0.0334149 0.0429011 0.0521278 0.059957 0.0655109 0.0684439 0.0689119 0.0673522 0.0642827 0.0601972 0.0555241 0.0506029 0.0456773 0.0408999 0.0363383 0.0319758 0.0277231 0.0234633 0.0191346 0.0148105 0.0107161
 0.00692468 0.0114013 0.0174438 0.0250853 0.0341168 0.0439252 0.0534712 0.0615552 0.0672505 0.0701884 0.0705257 0.0687177 0.0653083 0.0608224 0.0557192 0.0503657 0.0450252 0.0398621 0.0349534 0.0302982 0.0258365 0.02149 0.0172276 0.0131235 0.00936214
 0.00719579 0.0118181 0.0180284 0.0258473 0.0350591 0.0450491 0.0547737 0.0630167 0.0688193 0.0717727 0.0720015 0.0699521 0.0661883 0.0612759 0.0557207 0.0499276 0.0441835 0.0386653 0.0334573 0.0285706 0.0239655 0.0195904 0.0154334 0.0115629 0.00812487
 0.00727012 0.0119763 0.0183334 0.0263751 0.0358739 0.0461684 0.0561434 0.0645179 0.0703081 0.0731281 0.0731512 0.0708623 0.0668377 0.0616366 0.0557595 0.0496199 0.0435263 0.037681 0.0321917 0.0270899 0.0223574 0.0179627 0.0139046 0.0102415 0.00708313
 0.00742188 0.0122076 0.0186555 0.0267957 0.0364047 0.0468318 0.0569688 0.0655222 0.0714687 0.0743672 0.0743453 0.0718785 0.0675736 0.0620416 0.055827 0.049366 0.042973 0.0368533 0.0311244 0.0258363 0.0209932 0.0165836 0.0126144 0.00913218 0.00621353
 0.00746252 0.0122575 0.0187009 0.0268146 0.0363746 0.0467428 0.0568372 0.0653977 0.0714294 0.0744997 0.0747132 0.0724905 0.0683695 0.0629054 0.0566233 0.0499774 0.0433228 0.0369079 0.0308878 0.0253437 0.0203079 0.0157912 0.011811 0.0084059 0.00562566
 0.00760062 0.0124543 0.0189448 0.0270751 0.0366077 0.0469028 0.0568882 0.0653245 0.0712459 0.0742536 0.0744819 0.072364 0.0684196 0.0631559 0.0570352 0.0504593 0.0437606 0.0372001 0.0309701 0.0251995 0.0199654 0.0153133 0.0112786 0.00789802 0.00520097
 0.00779956 0.0127551 0.0193541 0.0275795 0.0371731 0.0474747 0.0573962 0.0656918 0.0714082 0.0741818 0.0741979 0.071939 0.0679556 0.0627556 0.0567711 0.050352 0.0437746 0.0372601 0.0309912 0.0251176 0.0197569 0.0149975 0.0109056 0.0075279 0.00488326
 0.00777413 0.012724 0.0193257 0.0275673 0.03719 0.0475266 0.0574758 0.0657786 0.0714744 0.0742023 0.0741591 0.0718448 0.0678294 0.0626367 0.0567045 0.0503726 0.043891 0.0374462 0.0311928 0.0252722 0.0198185 0.014953 0.0107757 0.00735454 0.00471007
 0.00780066 0.0127666 0.0193893 0.0276568 0.0373104 0.047682 0.0576663 0.0659966 0.0717011 0.0744072 0.0743052 0.0718998 0.0677778 0.0624882 0.0564935 0.0501482 0.0436998 0.0373158 0.0311218 0.0252343 0.0197775 0.0148821 0.0106691 0.00722631 0.00458353
 0.00774674 0.0126935 0.0193061 0.0275812 0.0372639 0.0476824 0.0577219 0.0661051 0.0718522 0.0745858 0.0744929 0.0720741 0.0679134 0.0625631 0.0564977 0.0500894 0.0436025 0.037211 0.0310331 0.0251687 0.0197259 0.0148287 0.0106038 0.00715017 0.00450648
 0.00777085 0.0127249 0.0193395 0.027609 0.0372806 0.0476905 0.0577348 0.0661426 0.0719311 0.0747094 0.0746476 0.0722337 0.0680489 0.0626506 0.0565232 0.0500507 0.0435093 0.037083 0.030894 0.025038 0.0196131 0.0147334 0.0105211 0.00707686 0.00444323
 0.0079393 0.0129701 0.0196549 0.0279686 0.0376449 0.048017 0.0579883 0.066302 0.0719923 0.0746854 0.0745631 0.0721162 0.0679178 0.0625125 0.0563737 0.049882 0.0433178 0.0368732 0.0306783 0.0248322 0.0194304 0.0145812 0.0104001 0.00698407 0.00437464
 0.00775563 0.0127138 0.0193466 0.0276513 0.0373687 0.0478166 0.0578677 0.0662375 0.0719524 0.0746534 0.0745476 0.0721438 0.0680156 0.0626905 0.0566187 0.0501621 0.0435949 0.0371153 0.0308672 0.0249644 0.0195133 0.0146265 0.0104196 0.00698746 0.00436934
 0.00778878 0.0127409 0.0193404 0.0275767 0.0371997 0.0475587 0.0575693 0.0659764 0.0718 0.0746384 0.0746449 0.0722957 0.068168 0.0628182 0.0567253 0.0502632 0.0437001 0.0372212 0.0309624 0.0250377 0.0195599 0.0146487 0.0104241 0.00698171 0.00435958
 0.00775849 0.012702 0.0192992 0.0275404 0.0371693 0.0475203 0.0574946 0.0658363 0.0715873 0.0743834 0.0744088 0.0721416 0.0681299 0.0628892 0.0568706 0.0504436 0.0438875 0.0374003 0.031124 0.0251747 0.0196668 0.0147239 0.0104708 0.00700664 0.00437027
 0.00777479 0.012722 0.0193178 0.0275507 0.0371657 0.0475032 0.05747 0.0658111 0.0715604 0.074343 0.0743396 0.0720396 0.0680119 0.0627866 0.056813 0.0504434 0.0439376 0.037482 0.0312176 0.0252647 0.0197432 0.0147819 0.0105098 0.00702927 0.0043812
 0.00776214 0.012695 0.0192655 0.0274589 0.0370212 0.0472998 0.0572151 0.0655277 0.0712841 0.0741121 0.0741839 0.0719717 0.0680265 0.0628684 0.056946 0.0506162 0.0441408 0.037704 0.0314424 0.0254747 0.019924 0.014925 0.0106137 0.00709828 0.00442276
 0.00781119 0.0127588 0.0193316 0.0275052 0.0370206 0.0472287 0.0570618 0.0652968 0.0709962 0.0738005 0.0738889 0.071733 0.0678739 0.062815 0.0569873 0.0507348 0.0443142 0.0379099 0.0316605 0.0256868 0.0201143 0.0150822 0.0107329 0.00718063 0.00447447
 0.00785016 0.0128133 0.0193966 0.0275684 0.0370634 0.0472291 0.0569986 0.065155 0.0707733 0.0735115 0.0735665 0.0714216 0.0676189 0.0626515 0.0569321 0.0507856 0.0444528 0.0381091 0.0318906 0.0259207 0.0203302 0.015265 0.0108748 0.00728145 0.00453964
 0.00763729 0.012506 0.0190057 0.027128 0.0366204 0.0468259 0.0566603 0.0648875 0.0705702 0.0733642 0.0734713 0.0713824 0.0676455 0.0627555 0.0571213 0.0510589 0.0447977 0.0385021 0.0323014 0.0263179 0.0206865 0.0155617 0.0111034 0.00744372 0.00464512
 0.00779552 0.0127144 0.0192309 0.0273136 0.0367082 0.0467864 0.0565121 0.0646896 0.0703892 0.073238 0.073394 0.0713174 0.0675552 0.0626259 0.0569679 0.0509154 0.0446984 0.0384681 0.0323352 0.0264052 0.0208041 0.0156852 0.0112139 0.0075304 0.00470557
 0.00853125 0.0137571 0.0205139 0.028673 0.0379222 0.0476447 0.0568787 0.0645331 0.0697794 0.0723192 0.0723435 0.0702981 0.0666751 0.0619238 0.0564299 0.0505073 0.0443917 0.0382487 0.0321968 0.02634 0.0207969 0.0157154 0.0112604 0.00757696 0.00474294
 0.00907755 0.0146582 0.0218832 0.0305946 0.0403976 0.0505286 0.059844 0.0671165 0.0715179 0.0729162 0.0717705 0.068777 0.0645673 0.0595962 0.0541623 0.0484629 0.0426366 0.0367908 0.0310198 0.0254205 0.0201082 0.0152257 0.0109325 0.00737167 0.00462342
 0.009073 0.0147304 0.0221405 0.0311903 0.0414945 0.0522363 0.062152 0.0698541 0.0743606 0.075444 0.0735675 0.0695472 0.0642231 0.0582774 0.0521729 0.0461602 0.0403297 0.0346878 0.029227 0.0239703 0.0189899 0.0144052 0.0103637 0.00700206 0.00440013
 0.00896146 0.0145821 0.0219833 0.0310832 0.0415293 0.0525292 0.062825 0.0710007 0.0759988 0.0774702 0.0757412 0.0715273 0.065657 0.0589083 0.0519205 0.0451353 0.0387808 0.03291 0.0274776 0.0224234 0.017731 0.0134515 0.0096887 0.00655665 0.0041276
 0.00882307 0.0143439 0.0216036 0.0305248 0.0407802 0.0516317 0.0618976 0.0702331 0.0756108 0.0776452 0.0765578 0.0729179 0.0674064 0.0607022 0.053432 0.0461222 0.0391518 0.0327318 0.0269247 0.0217012 0.0170113 0.0128406 0.0092287 0.0062436 0.00393363
 0.00870925 0.0141556 0.0213136 0.0301043 0.0402039 0.0508879 0.0610033 0.0692498 0.074652 0.0768692 0.0761402 0.073003 0.068052 0.0618404 0.0548706 0.0475947 0.0404007 0.0335877 0.0273465 0.021762 0.0168451 0.012583 0.00897705 0.00604664 0.00380165
 0.00883101 0.0143187 0.021494 0.0302563 0.0402697 0.0508147 0.0607584 0.0688281 0.0740768 0.0761927 0.0754459 0.0724041 0.0676745 0.0617879 0.0551803 0.0482093 0.0411763 0.0343428 0.0279285 0.0220967 0.0169462 0.0125232 0.00884373 0.00590765 0.00369243
 0.00875832 0.0142126 0.0213554 0.0300902 0.040079 0.0505933 0.0604887 0.0684881 0.0736553 0.0757032 0.0749323 0.0719345 0.0673286 0.0616416 0.0552884 0.0485857 0.0417782 0.0350712 0.0286541 0.0227035 0.0173693 0.0127603 0.00893847 0.00591931 0.00367048
 0.00876369 0.0142065 0.0213198 0.0300015 0.0399167 0.0503514 0.060183 0.0681516 0.0733222 0.0753943 0.0746506 0.0716765 0.0671019 0.0614747 0.0552265 0.0486735 0.042037 0.0354816 0.0291546 0.0232085 0.0177996 0.0130703 0.00912458 0.00600864 0.00370072
 0.00879869 0.0142607 0.0213952 0.0300951 0.0400177 0.0504393 0.0602289 0.0681255 0.0732052 0.0751878 0.0743773 0.0713706 0.0667968 0.0611981 0.0550038 0.0485323 0.0420039 0.0355705 0.0293536 0.0234773 0.0180817 0.0133139 0.00930027 0.00611403 0.00375195
 0.00863532 0.014063 0.0212216 0.030038 0.0401739 0.0508639 0.060899 0.068936 0.0740021 0.0758192 0.0747375 0.0714213 0.0665639 0.0607528 0.0544382 0.0479383 0.0414596 0.035132 0.0290495 0.0233059 0.0180155 0.0133117 0.0093229 0.00613582 0.0037632
 0.00867474 0.0140781 0.0211591 0.0298321 0.0397804 0.0503045 0.0602852 0.0684438 0.0737983 0.0759809 0.0752138 0.0720615 0.0671896 0.0612278 0.0547043 0.0480107 0.0413994 0.0350135 0.0289359 0.0232353 0.0179978 0.0133351 0.00936563 0.00617816 0.00379426
 0.0086149 0.0140113 0.021111 0.0298355 0.0398542 0.0504306 0.0604007 0.0684677 0.0736829 0.0757533 0.0749723 0.0719213 0.0672148 0.0613984 0.0549366 0.0482103 0.0415082 0.0350255 0.0288835 0.0231629 0.0179398 0.0133057 0.00936183 0.00618864 0.00380799
 0.00863481 0.0140234 0.0210942 0.0297636 0.0397103 0.0502228 0.0601688 0.0682677 0.0735568 0.0757058 0.074975 0.071943 0.06725 0.0614681 0.0550616 0.0483851 0.0416978 0.0351875 0.0289924 0.0232195 0.0179625 0.0133155 0.00937153 0.00620128 0.00382115
 0.00855992 0.0139151 0.0209548 0.029601 0.0395317 0.0500289 0.0599529 0.0680252 0.0732984 0.075464 0.074795 0.071862 0.0672813 0.0616002 0.0552709 0.0486461 0.0419853 0.0354737 0.0292493 0.0234273 0.0181155 0.0134207 0.00944159 0.00624773 0.00385169
 0.00861819 0.0139966 0.0210533 0.0297035 0.0396229 0.0500976 0.0599952 0.0680409 0.073285 0.0754134 0.0746988 0.0717219 0.0671149 0.0614373 0.0551414 0.048569 0.0419642 0.0354988 0.029303 0.0234901 0.0181721 0.0134635 0.00947016 0.00626552 0.00386264
 0.0088575 0.0143909 0.0216534 0.0305512 0.040732 0.0514288 0.0614385 0.0694246 0.074416 0.0761323 0.0749213 0.0714496 0.0664202 0.0604375 0.0539716 0.0473589 0.040819 0.0344888 0.0284622 0.022823 0.0176648 0.0130932 0.00921194 0.0060952 0.0037577
 0.00873129 0.0141933 0.0213733 0.0301911 0.0403172 0.0510144 0.0611089 0.0692751 0.0745178 0.0764971 0.0754871 0.0721001 0.0670268 0.0609003 0.0542432 0.0474452 0.0407639 0.0343519 0.0282984 0.0226707 0.0175426 0.0130047 0.00915261 0.00605774 0.00373541
 0.00861067 0.0139905 0.0210566 0.0297301 0.0396937 0.0502388 0.0602358 0.0684066 0.0737876 0.0760375 0.0753905 0.0723885 0.0676423 0.0617219 0.0551248 0.0482589 0.0414303 0.0348467 0.0286395 0.0228956 0.0176895 0.0131021 0.00921797 0.00610095 0.00376262
 0.00873801 0.0141677 0.0212668 0.0299359 0.0398429 0.0502776 0.0601223 0.0681227 0.0733481 0.0754951 0.0748323 0.0719186 0.067352 0.0616594 0.0552785 0.0485639 0.0417959 0.0351904 0.0289107 0.0230806 0.0178009 0.0131628 0.0092491 0.00611684 0.00377101
 0.00907103 0.0147308 0.022149 0.0312182 0.0415619 0.0523761 0.0624142 0.0703068 0.0750817 0.0764981 0.0749701 0.0712284 0.0660128 0.0599277 0.0534168 0.0467821 0.0402212 0.0338691 0.0278344 0.0222186 0.0171227 0.0126453 0.00887291 0.00586053 0.00360946
 0.00912778 0.0148638 0.0224259 0.0317304 0.0424061 0.0536199 0.0640578 0.0722552 0.077142 0.0784045 0.0764366 0.0720191 0.0660078 0.059158 0.0520492 0.0450626 0.0384016 0.032149 0.0263351 0.0209887 0.0161614 0.0119265 0.0083609 0.00551645 0.00339387
 0.00894012 0.0145379 0.021903 0.0309598 0.0413778 0.0524064 0.0628386 0.0712943 0.0767095 0.0786734 0.0774073 0.0735098 0.0677145 0.060753 0.0532794 0.0458094 0.0386855 0.0320866 0.0260752 0.0206602 0.0158482 0.0116688 0.00816856 0.00538379 0.00330908
 0.00889163 0.014455 0.0217687 0.0307505 0.0410627 0.0519529 0.062227 0.0705429 0.0758987 0.0779519 0.0769609 0.0734954 0.0681876 0.0616311 0.0543661 0.0468687 0.0395269 0.0326194 0.0263119 0.0206803 0.0157494 0.0115312 0.00804048 0.00528559 0.00324309
 0.00867661 0.0140903 0.0211941 0.0299068 0.0399127 0.0505094 0.0605752 0.068837 0.0743302 0.0767052 0.0761818 0.0732804 0.0685792 0.0626054 0.0558162 0.0486073 0.0413219 0.0342542 0.0276416 0.021655 0.0163999 0.011931 0.00827015 0.00541047 0.00330788
 0.00872127 0.0141578 0.0212834 0.0300062 0.0399931 0.0505201 0.0604474 0.0685019 0.0737486 0.0758967 0.0752357 0.0723394 0.0678046 0.0621368 0.0557382 0.0489262 0.0419615 0.0350752 0.0284849 0.0223899 0.016956 0.0123008 0.00848795 0.00552483 0.00336176
 0.0087131 0.014155 0.0212983 0.0300554 0.0400914 0.0506702 0.0606297 0.0686704 0.0738369 0.0758349 0.0749749 0.071877 0.067197 0.0614933 0.0551915 0.0485916 0.0418996 0.0352734 0.0288663 0.0228455 0.0173847 0.0126393 0.0087178 0.00566064 0.00343205
 0.00890041 0.0144235 0.0216363 0.0304307 0.0404624 0.0510023 0.0609064 0.0688902 0.0739993 0.0759254 0.0749606 0.0717162 0.0668625 0.0609948 0.0545873 0.0479785 0.0413831 0.0349318 0.0287243 0.0228718 0.0175126 0.0127977 0.00885613 0.00575739 0.00348838
 0.00906903 0.0147233 0.0221308 0.0311842 0.0415119 0.0523203 0.0623759 0.0703183 0.0751714 0.0766751 0.0752127 0.0714861 0.0662233 0.0600435 0.0534279 0.0467203 0.0401403 0.0338123 0.0278092 0.0221974 0.0170664 0.0125324 0.00871258 0.00568426 0.00345131
 0.00893604 0.0145423 0.0219263 0.031008 0.0414373 0.0524271 0.0627291 0.0709434 0.0760331 0.0776687 0.0761821 0.0722662 0.06669 0.0601451 0.0531859 0.0462094 0.0394624 0.0330758 0.0271121 0.021612 0.0166286 0.0122408 0.00853951 0.00559215 0.0034066
 0.00883269 0.0143641 0.021642 0.0305904 0.0408793 0.0517637 0.062051 0.0703882 0.075748 0.0777578 0.0766632 0.0730592 0.0676406 0.0610731 0.0539386 0.0466985 0.0396748 0.0330597 0.0269494 0.0213893 0.0164148 0.0120752 0.00843231 0.00553388 0.00338031
 0.00884297 0.0143578 0.0215894 0.0304485 0.0406018 0.0513183 0.0614393 0.0696584 0.0749957 0.0771119 0.0762572 0.0729923 0.0679412 0.0616832 0.0547291 0.0475115 0.0403742 0.033567 0.0272525 0.0215266 0.0164469 0.0120593 0.00840661 0.00551579 0.00337253
 0.00871016 0.0141933 0.0214346 0.0303666 0.0406524 0.0515204 0.0617461 0.0699649 0.0751812 0.0770949 0.0760335 0.0726372 0.0675771 0.0614289 0.0546542 0.0476146 0.040593 0.0338126 0.0274496 0.0216385 0.0164774 0.0120366 0.0083634 0.00547501 0.00334397
 0.00848558 0.01375 0.0206311 0.0290457 0.0387067 0.0489815 0.0588452 0.0671062 0.0728195 0.0755801 0.0755099 0.0730441 0.0687254 0.0630925 0.0566271 0.049726 0.042698 0.0357837 0.029181 0.0230603 0.0175665 0.012815 0.00888338 0.00580048 0.00353501
#obs surv len freq
 nan nan nan nan nan nan nan nan nan nan nan nan nan nan nan nan nan nan nan nan nan nan nan nan nan
 0.00448413 0.00734504 0.0111743 0.0159897 0.0216892 0.0279635 0.0342765 0.0400072 0.0446869 0.0481515 0.0505108 0.0520082 0.0529021 0.0534159 0.0537314 0.0539873 0.0542665 0.0545597 0.0546987 0.0542907 0.0527287 0.0493606 0.0438099 0.0362893 0.0276722
 0.00461302 0.00755725 0.0114983 0.0164524 0.0223095 0.0287416 0.0351841 0.0409848 0.0456523 0.0490168 0.0511988 0.0524642 0.0530987 0.0533531 0.0534316 0.0534878 0.0536108 0.0537903 0.0538546 0.0534086 0.0518472 0.0485227 0.0430603 0.0356657 0.0271956
 0.00478398 0.00783448 0.0119144 0.0170376 0.0230863 0.029716 0.0363355 0.04226 0.0469699 0.0502782 0.0523029 0.0533202 0.0536366 0.053532 0.0532432 0.0529543 0.0527778 0.0527175 0.0526082 0.0520589 0.0504692 0.0471966 0.0418657 0.0346685 0.026432
 0.00497146 0.00814401 0.0123889 0.0177195 0.0240089 0.0308894 0.0377332 0.043815 0.0485848 0.0518436 0.0537132 0.054481 0.0544677 0.0539694 0.0532454 0.0525081 0.0519018 0.0514609 0.0510468 0.0502902 0.048609 0.0453726 0.0402039 0.0332721 0.025359
 0.00517752 0.00848045 0.0128983 0.0184434 0.024981 0.0321243 0.0392133 0.0454839 0.0503522 0.0535995 0.0553437 0.0558798 0.0555421 0.0546433 0.0534605 0.0522268 0.0511124 0.0501845 0.0493437 0.0482634 0.0464011 0.0431544 0.0381505 0.031529 0.0240111
 0.00540528 0.00885251 0.0134615 0.0192428 0.0260509 0.0334757 0.0408199 0.0472783 0.0522354 0.05546 0.0570732 0.0573808 0.0567285 0.0554394 0.0538013 0.05206 0.0504043 0.0489296 0.047578 0.0460773 0.0439452 0.0406281 0.0357708 0.0294842 0.0224168
 0.00563237 0.00922769 0.0140373 0.0200718 0.0271755 0.0349114 0.0425388 0.0492037 0.0542534 0.0574428 0.0589004 0.0589513 0.0579616 0.0562709 0.0541772 0.0519332 0.0497353 0.0476968 0.0457952 0.0438156 0.0413475 0.0379044 0.0331647 0.0272175 0.0206336
 0.00588536 0.00963853 0.0146552 0.0209429 0.0283358 0.0363737 0.0442786 0.0511522 0.0563048 0.0594714 0.0607806 0.060571 0.0592299 0.0571196 0.0545566 0.0518055 0.0490695 0.0464719 0.0440162 0.041538 0.0387006 0.0350944 0.0304442 0.0248269 0.0187368
 0.00612764 0.010038 0.0152664 0.0218198 0.0295198 0.0378769 0.0460668 0.0531408 0.0583734 0.0614888 0.0626265 0.0621456 0.0604539 0.057931 0.054908 0.0516602 0.0483995 0.0452595 0.0422653 0.0392969 0.0360866 0.0323018 0.0277207 0.0224157 0.0168107
 0.0063677 0.0104312 0.015864 0.0226716 0.0306656 0.0393313 0.0478034 0.0550849 0.0604107 0.0634865 0.0644547 0.0636938 0.0616379 0.0586928 0.0552102 0.0514782 0.0477153 0.0440618 0.0405604 0.0371296 0.033564 0.0296044 0.025082 0.02007 0.0149283
 0.0066111 0.010831 0.0164729 0.023541 0.0318346 0.0408102 0.0495576 0.0570301 0.0624253 0.0654359 0.0662135 0.065158 0.062729 0.059357 0.0554155 0.0512087 0.0469651 0.0428321 0.0388665 0.035018 0.0311352 0.0270238 0.0225645 0.0178327 0.0131307
 0.0068555 0.0112282 0.0170706 0.0243834 0.0329544 0.0422152 0.0512163 0.058866 0.0643264 0.0672745 0.0678674 0.0665245 0.0637311 0.0599437 0.0555592 0.050899 0.0462028 0.041627 0.0372416 0.0330236 0.0288665 0.0246316 0.0202415 0.015773 0.0114769
 0.00707203 0.011588 0.0176261 0.0251869 0.0340461 0.0436045 0.0528645 0.0606825 0.0661843 0.0690384 0.0694172 0.0677674 0.0646033 0.0604073 0.055597 0.0505097 0.045396 0.040421 0.0356667 0.0311332 0.0267517 0.0224289 0.0181211 0.013904 0.00998185
 0.00728274 0.0119324 0.0181479 0.0259283 0.0350401 0.0448617 0.0543591 0.0623451 0.0679088 0.070699 0.0708903 0.0689484 0.0654174 0.060813 0.0555822 0.0500838 0.0445808 0.0392462 0.0341711 0.029374 0.0248158 0.020439 0.0162251 0.0122455 0.00866235
 0.0074178 0.0121598 0.0185047 0.0264541 0.0357689 0.0458095 0.055511 0.0636509 0.0692906 0.0720654 0.0721492 0.0700155 0.0662204 0.0612958 0.0557098 0.0498435 0.0439803 0.0383098 0.0329383 0.0279024 0.0231882 0.0187653 0.0146331 0.0108562 0.00755956
 0.00750355 0.0122957 0.0187039 0.026729 0.0361324 0.0462753 0.0560906 0.0643486 0.0700964 0.0729508 0.0730666 0.0709018 0.067005 0.0619093 0.0560917 0.0499482 0.0437819 0.0378044 0.032146 0.026869 0.0219865 0.0174934 0.013403 0.00977226 0.00669433
 0.00759198 0.0124332 0.0188988 0.0269849 0.0364475 0.0466426 0.0564991 0.0647853 0.0705507 0.0734184 0.0735472 0.0713918 0.0674881 0.0623516 0.0564437 0.0501544 0.0437918 0.0375834 0.0316842 0.0261866 0.0211359 0.0165547 0.0124718 0.00893912 0.00602314
 0.00765163 0.0125266 0.0190327 0.0271628 0.0366687 0.0469013 0.0567837 0.0650796 0.0708385 0.0736888 0.0737991 0.0716327 0.0677279 0.0625927 0.0566733 0.0503412 0.0438909 0.037548 0.0314796 0.0258034 0.0205978 0.0159171 0.01181 0.00832939 0.00552253
 0.00770665 0.0126091 0.0191438 0.0272993 0.0368242 0.0470683 0.0569551 0.0652492 0.0710007 0.0738394 0.0739364 0.0717585 0.0678473 0.062712 0.0567946 0.0504566 0.0439789 0.0375752 0.0314101 0.0256127 0.0202854 0.0155115 0.0113632 0.00790087 0.00516085
 0.00778083 0.0127235 0.0193043 0.0275058 0.0370699 0.0473391 0.0572294 0.0655006 0.0712042 0.0739786 0.074008 0.0717716 0.0678184 0.0626597 0.0567345 0.0503978 0.0439202 0.0375036 0.0313038 0.0254493 0.0200538 0.0152204 0.0110415 0.00758816 0.00489308
 0.00780781 0.0127677 0.0193712 0.0276004 0.0371952 0.0474936 0.0574054 0.0656839 0.0713766 0.0741224 0.0741103 0.0718271 0.0678303 0.0626374 0.0566906 0.0503439 0.0438627 0.0374411 0.0312264 0.0253432 0.0199081 0.0150354 0.0108318 0.00737855 0.00470891
 0.00782884 0.0127955 0.0194015 0.0276262 0.0372096 0.0474944 0.0573979 0.0656797 0.0713887 0.0741591 0.0741713 0.0719042 0.0679111 0.0627102 0.0567482 0.050384 0.0438863 0.0374486 0.0312153 0.0253075 0.0198417 0.0149378 0.0107109 0.00725035 0.0045912
 0.00787774 0.0128703 0.0195049 0.0277561 0.0373586 0.0476493 0.0575405 0.0657908 0.0714538 0.0741746 0.0741459 0.0718542 0.0678524 0.0626529 0.0566948 0.0503326 0.0438337 0.0373924 0.0311536 0.0252376 0.019761 0.0148457 0.0106114 0.00715171 0.0045035
 0.00787862 0.0128738 0.019514 0.0277748 0.0373904 0.0476956 0.057599 0.0658545 0.0715129 0.074219 0.074169 0.0718557 0.067838 0.0626319 0.0566757 0.0503196 0.043826 0.0373856 0.0311421 0.0252167 0.0197278 0.0148 0.0105563 0.00709342 0.00444941
 0.00788036 0.0128711 0.0194999 0.0277405 0.037329 0.0476066 0.0574921 0.0657482 0.0714283 0.074172 0.0741648 0.0718888 0.0678971 0.062705 0.0567542 0.0503983 0.0439019 0.0374554 0.0312016 0.0252611 0.0197537 0.0148066 0.0105464 0.00707264 0.00442452
 0.00790873 0.0129097 0.019544 0.0277801 0.0373507 0.0475974 0.0574432 0.0656587 0.0713071 0.0740372 0.0740402 0.0717967 0.0678514 0.0627077 0.0567968 0.0504672 0.0439833 0.0375383 0.0312776 0.0253244 0.0198002 0.0148348 0.0105577 0.00707115 0.00441571
 0.00789611 0.0128939 0.0195285 0.02777 0.0373499 0.047605 0.0574513 0.0656539 0.071276 0.0739737 0.0739494 0.0716949 0.0677607 0.062648 0.0567799 0.0504936 0.0440439 0.0376191 0.0313642 0.0254048 0.0198664 0.014883 0.0105878 0.007086 0.00442003
 0.00788306 0.0128683 0.0194824 0.0276949 0.0372405 0.0474643 0.0572932 0.0655009 0.0711508 0.0738899 0.0739077 0.0716869 0.0677766 0.0626831 0.0568353 0.0505727 0.044147 0.0377406 0.0314934 0.0255291 0.019975 0.0149689 0.010649 0.00712483 0.00444156
 0.00786526 0.0128391 0.0194376 0.0276299 0.0371507 0.0473462 0.0571468 0.0653322 0.0709738 0.0737255 0.073779 0.0716116 0.0677619 0.0627244 0.0569209 0.0506894 0.0442842 0.0378899 0.0316463 0.0256762 0.0201065 0.0150771 0.0107303 0.00718013 0.00447532
 0.00785118 0.012814 0.0193958 0.0275651 0.0370574 0.0472223 0.0569959 0.0651636 0.0708008 0.0735627 0.0736407 0.0715115 0.0677112 0.0627302 0.0569829 0.0507999 0.04443 0.0380558 0.0318182 0.0258418 0.0202553 0.0152015 0.0108261 0.00724765 0.00451843
 0.00781714 0.0127572 0.019308 0.0274381 0.0368853 0.0470051 0.0567426 0.064893 0.0705384 0.0733351 0.0734702 0.0714127 0.0676904 0.0627859 0.0571078 0.050982 0.0446534 0.0383024 0.0320692 0.0260797 0.0204664 0.0153763 0.0109605 0.00734296 0.00458027
 0.00779028 0.0127126 0.019239 0.0273377 0.0367478 0.0468279 0.0565289 0.0646532 0.0702897 0.0730991 0.0732697 0.0712681 0.0676165 0.0627901 0.0571889 0.0511311 0.0448559 0.0385399 0.0323214 0.0263268 0.020691 0.0155659 0.0111086 0.00744946 0.00465034
 0.00775254 0.01265 0.0191427 0.0271992 0.0365611 0.046593 0.0562547 0.0643583 0.0699988 0.0728382 0.0730611 0.0711284 0.0675562 0.0628133 0.0572937 0.051309 0.0450927 0.0388165 0.0326159 0.0266169 0.0209565 0.0157916 0.0112862 0.00757801 0.00473554
 0.00774124 0.012628 0.0191026 0.0271318 0.0364567 0.0464453 0.0560635 0.0641316 0.069752 0.0725916 0.0728371 0.0709478 0.0674359 0.0627647 0.0573212 0.0514105 0.0452597 0.0390344 0.0328655 0.0268761 0.0212036 0.0160083 0.0114611 0.00770727 0.00482266
 0.00933399 0.014861 0.0218048 0.0299234 0.0388592 0.0480567 0.0566979 0.0638462 0.0687683 0.0711801 0.0712323 0.0693172 0.0658854 0.0613565 0.0560896 0.0503712 0.0444149 0.038376 0.0323766 0.0265332 0.0209788 0.0158723 0.0113863 0.00767076 0.00480741
 0.00931334 0.0151225 0.0227189 0.0319499 0.0423485 0.0529798 0.0624746 0.0694384 0.073048 0.0733715 0.0711668 0.0673781 0.0627384 0.0576642 0.0523472 0.0468772 0.0413177 0.0357328 0.0301953 0.0247948 0.0196467 0.0148973 0.0107097 0.00722939 0.00453897
 0.00897299 0.0145875 0.0219693 0.0310367 0.0414465 0.0524239 0.0627198 0.0708977 0.0758455 0.0771588 0.0751648 0.0706711 0.0646546 0.0580076 0.0513698 0.0450681 0.0391716 0.0336153 0.0283166 0.0232444 0.0184395 0.0140075 0.0100909 0.00682574 0.00429388
 0.00878842 0.0142759 0.0214802 0.0303196 0.0404711 0.0512147 0.0613997 0.0697153 0.0751525 0.0773128 0.0763707 0.0728347 0.0673503 0.0606164 0.0533274 0.0460786 0.0392667 0.0330557 0.0274313 0.0223048 0.0176112 0.0133598 0.00962915 0.00652265 0.00411038
 0.0086936 0.0141186 0.0212365 0.0299628 0.0399739 0.050556 0.0605774 0.068764 0.0741636 0.0764478 0.0758492 0.0728787 0.0680878 0.0619875 0.0550624 0.0477845 0.0405857 0.0338012 0.0276246 0.0221106 0.0172329 0.0129588 0.00929574 0.0062853 0.00396074
 0.0086719 0.0140772 0.0211625 0.029839 0.0397814 0.0502781 0.0602033 0.0682924 0.0736062 0.0758359 0.0752463 0.0723891 0.0678463 0.0621184 0.0556149 0.0486824 0.0416338 0.034759 0.0283063 0.0224517 0.0172863 0.0128394 0.00911657 0.00612059 0.00384106
 0.00867572 0.0140809 0.021163 0.0298307 0.0397552 0.0502222 0.0601036 0.0681348 0.0733792 0.0755362 0.0748838 0.0719944 0.0674761 0.0618532 0.055541 0.048856 0.042044 0.0353158 0.0288718 0.0228988 0.0175502 0.0129298 0.0090915 0.00604657 0.00376546
 0.00867412 0.01408 0.0211644 0.0298364 0.0397665 0.0502369 0.0601154 0.068132 0.0733472 0.0754595 0.0747514 0.0718041 0.0672405 0.0616042 0.0553292 0.0487398 0.0420677 0.0354855 0.0291445 0.0231979 0.0177996 0.0130863 0.00915481 0.00604578 0.00373616
 0.00866415 0.0140653 0.0211454 0.0298147 0.0397448 0.0502188 0.0601039 0.0681289 0.0733505 0.0754627 0.0747431 0.071771 0.0671724 0.0615003 0.0552033 0.048621 0.0419932 0.0354855 0.0292265 0.0233396 0.0179587 0.0132206 0.00924078 0.00608352 0.0037411
 0.00866302 0.0140643 0.0211455 0.0298171 0.039751 0.0502298 0.0601199 0.0681488 0.0733723 0.0754834 0.0747582 0.0717744 0.0671567 0.0614592 0.0551356 0.0485346 0.041906 0.0354211 0.0292042 0.0233646 0.0180186 0.0132919 0.00930112 0.00612143 0.00375726
 0.00863686 0.0140243 0.0210901 0.0297471 0.0396695 0.0501427 0.0600356 0.0680773 0.0733234 0.0754638 0.0747695 0.0718122 0.0672121 0.0615203 0.0551907 0.0485756 0.0419319 0.0354387 0.029225 0.0233984 0.0180673 0.0133487 0.00935456 0.00616218 0.0037822
 0.0086383 0.0140232 0.0210822 0.0297267 0.0396313 0.0500843 0.05996 0.0679934 0.0732431 0.0753992 0.0747294 0.0718008 0.0672281 0.0615581 0.0552413 0.0486293 0.0419809 0.0354797 0.0292597 0.0234316 0.0181031 0.0133871 0.00939183 0.00619323 0.00380396
 0.00862917 0.0140119 0.0210714 0.0297201 0.039632 0.0500919 0.0599692 0.0679953 0.0732298 0.0753679 0.0746847 0.0717526 0.0671879 0.0615341 0.0552363 0.0486409 0.0420032 0.0355064 0.0292866 0.0234575 0.0181285 0.0134125 0.00941608 0.00621424 0.00381984
 0.00860013 0.0139669 0.021008 0.0296387 0.0395361 0.049989 0.0598706 0.0679137 0.0731757 0.0753449 0.0746894 0.0717773 0.067225 0.0615797 0.0552896 0.048702 0.0420705 0.0355764 0.0293546 0.0235195 0.0181823 0.0134573 0.00945203 0.00624155 0.00383906
 0.00860729 0.013974 0.0210105 0.0296296 0.0395082 0.0499382 0.0597985 0.0678285 0.0730899 0.0752719 0.0746394 0.0717544 0.0672276 0.061602 0.055325 0.0487453 0.0421188 0.0356276 0.0294065 0.0235695 0.0182276 0.013496 0.00948314 0.00626496 0.00385541
 0.00860729 0.013974 0.0210105 0.0296296 0.0395082 0.0499382 0.0597985 0.0678285 0.0730899 0.0752719 0.0746394 0.0717544 0.0672276 0.061602 0.055325 0.0487453 0.0421188 0.0356276 0.0294065 0.0235695 0.0182276 0.013496 0.00948314 0.00626496 0.00385541
 0.0088194 0.0143118 0.0215037 0.0302955 0.0403414 0.050899 0.0608044 0.0687615 0.0738227 0.0757041 0.0747246 0.0715073 0.0667093 0.0608983 0.0545248 0.0479261 0.0413399 0.0349288 0.0288105 0.0230846 0.0178518 0.0132194 0.00929108 0.00614007 0.00377999
 0.00859326 0.0139765 0.021061 0.0297727 0.0397896 0.0503858 0.0604044 0.0685426 0.073828 0.0759351 0.0751358 0.0720188 0.0672334 0.0613642 0.0548933 0.0481892 0.0415112 0.035032 0.0288694 0.0231183 0.0178726 0.0132342 0.00930256 0.00614912 0.00378674
 0.00857612 0.0139189 0.0209213 0.0294991 0.0393404 0.0497575 0.0596532 0.0677812 0.0731947 0.0755482 0.075057 0.0722407 0.0676898 0.0619567 0.0555203 0.0487699 0.0419981 0.0354101 0.029147 0.0233148 0.0180089 0.0133276 0.00936561 0.00619048 0.00381263
 0.00869053 0.0141012 0.0211854 0.0298474 0.0397532 0.0501836 0.0600101 0.0679743 0.0731547 0.0752681 0.0746041 0.0717308 0.0672398 0.0616414 0.0553555 0.0487236 0.0420167 0.0354446 0.0291675 0.0233122 0.0179884 0.0132995 0.00933874 0.00616966 0.00379885
 0.00910128 0.0147648 0.0221731 0.0312126 0.0415085 0.05227 0.0622706 0.0701572 0.0749606 0.0764278 0.0749531 0.0712514 0.066057 0.0599784 0.0534669 0.0468314 0.0402727 0.0339255 0.0278947 0.0222782 0.0171749 0.0126847 0.00889781 0.00587309 0.0036138
 0.00912441 0.014845 0.0223731 0.0316183 0.0422094 0.0533252 0.0636751 0.0718242 0.0767271 0.0780808 0.0762678 0.0720365 0.066199 0.0594724 0.0524181 0.0454234 0.0387141 0.0323983 0.0265241 0.0211279 0.0162616 0.0119962 0.00840639 0.00554356 0.00340819
 0.0088552 0.0144115 0.0217341 0.030754 0.0411441 0.0521534 0.062573 0.0710249 0.0764524 0.0784568 0.0772683 0.0734842 0.0678219 0.0609858 0.0536019 0.0461685 0.0390283 0.0323754 0.0262943 0.0208124 0.0159468 0.011729 0.00820321 0.00540237 0.00331805
 0.0088968 0.014439 0.0217009 0.0305914 0.0407789 0.0515384 0.0617185 0.070016 0.0754443 0.0776448 0.0768384 0.0735553 0.0683999 0.0619533 0.0547527 0.0472759 0.0399153 0.0329573 0.0265804 0.0208747 0.0158777 0.0116083 0.00808284 0.0053067 0.00325249
 0.00858404 0.0139478 0.0209937 0.0296449 0.039588 0.050123 0.0601341 0.0683622 0.0738634 0.0763085 0.0759243 0.0732152 0.0687228 0.0629314 0.0562667 0.0491131 0.0418213 0.0347026 0.0280129 0.0219398 0.016602 0.0120633 0.00834991 0.00545463 0.00333029
 0.00874996 0.0141714 0.0212441 0.0298623 0.0396968 0.0500536 0.059842 0.0678361 0.0731232 0.0754024 0.0749308 0.072246 0.0679156 0.0624245 0.0561589 0.0494252 0.0424808 0.0355635 0.0289056 0.0227246 0.0172023 0.0124684 0.00859301 0.00558532 0.00339362
 0.00877492 0.0142386 0.0213911 0.0301316 0.0401136 0.0505973 0.0604282 0.0683282 0.0733763 0.0753167 0.0744866 0.0715062 0.0670031 0.0614917 0.0553574 0.0488763 0.0422473 0.0356334 0.0291986 0.0231242 0.0175985 0.0127892 0.00881359 0.00571622 0.00346116
 0.0088074 0.0142927 0.0214767 0.0302624 0.0403092 0.0508805 0.0608167 0.0688176 0.0739217 0.0758268 0.0748408 0.0715946 0.0667714 0.0609672 0.0546429 0.0481166 0.0415843 0.0351658 0.0289592 0.023082 0.0176824 0.012922 0.00893838 0.00580635 0.00351441
