SBPRF35
8.67004
Curr Bio
537394
B35
572549
F35
0.202829
FOFL
0.150972
OFL
52684.6
Bzero
2.47716e+006
#pred survey bio
 2.34799e+006 2.24799e+006 2.12581e+006 2.00062e+006 1.79809e+006 1.61556e+006 1.42585e+006 1.2643e+006 1.13542e+006 1.03857e+006 954137 880168 790038 681969 626713 606597 598288 601736 593448 561753 525744 482616 464976 470972 496798 521014 544137 521056 524070 519610 534729 523832 512921 513906 515355 533496 577825 609341 605499 567613 537158 523669 539729 576700 601878 623442 653615 631583 578540 567044 542963 524407 578468 649264 643935 563221 467476 467349 517688 585787 666117 704058 654896 616392 544255 1.54001e+007 9.63257e+006 1.04404e+007 1.17016e+007 1.31384e+007 1.45262e+007 1.57402e+007 1.67348e+007 1.75141e+007 1.81063e+007 1.8547e+007 1.88706e+007 1.91063e+007 1.92774e+007 1.94015e+007 1.94917e+007 1.95575e+007 1.96058e+007 1.96415e+007 1.96679e+007 1.96877e+007 1.97025e+007 1.97138e+007 1.97223e+007 1.97288e+007 1.97338e+007 1.97376e+007 1.97406e+007 1.97429e+007 1.97446e+007 1.9746e+007 1.97471e+007 1.97479e+007 1.97486e+007 1.97491e+007 1.97495e+007 1.97498e+007 1.975e+007 1.97502e+007 1.97504e+007 1.97505e+007 1.97506e+007 1.97506e+007 1.97507e+007 1.97507e+007 1.97508e+007 1.97508e+007 1.97508e+007 1.97508e+007 1.97508e+007 1.97509e+007 1.97509e+007 1.97509e+007 1.97509e+007 1.97509e+007 1.97509e+007 1.97509e+007 1.97509e+007 1.97509e+007 1.97509e+007 1.97509e+007 1.97509e+007 1.97509e+007 1.97509e+007 1.97509e+007 1.97509e+007 1.97509e+007 1.97509e+007 1.97509e+007 1.97509e+007 1.97509e+007 1.97509e+007 1.97509e+007 1.97509e+007 1.97509e+007 1.97509e+007 1.97509e+007 1.97509e+007 1.97509e+007 1.97509e+007 1.97509e+007 1.97509e+007 1.97509e+007 1.97509e+007 1.97509e+007 1.97509e+007 1.97509e+007 1.97509e+007 1.97509e+007 1.97509e+007 1.97509e+007 1.97509e+007 1.97509e+007 1.97509e+007 1.97509e+007 1.97509e+007 1.97509e+007 1.97509e+007 1.97509e+007 1.97509e+007 0 0 0 0 0 0 0 0 0 0 0 0 0 0 0 0 0 0 0 0 0 0 0 0 0
#obs survey bio
 2.15567e+006 2.08131e+006 2.21107e+006 2.59703e+006 1.57229e+006 1.83253e+006 1.99004e+006 1.04191e+006 1.53168e+006 867370 1.32964e+006 821765 1.0336e+006 528612 652965 565984 553981 577465 700993 520992 442361 658664 468679 390685 515616 590714 609158 446240 427830 471030 613096 466876 432337 547923 486425 370222 538754 767288 566302 615679 467493 540900 510730 511580 661430 570447 659588 675654 644270 557104 430021 465874 767420 628896 808298 656720 361834 535079 505740 452715 866471 716236 531156 871950 592887
#pred catch bio
 261084 265084 267372 307098 309334 305318 282179 276666 253778 249067 216977 214041 192681 173605 147493 143028 137540 138213 119436 106884 112760 100438 101798 103553 108433 97429.1 101587 90810.9 96448.6 91455.5 96961.8 95174 78621.3 79516.5 88392.5 86306.3 84543 80662.9 85305.9 82465 85319.8 90048.3 89433.9 91587.2 89169 90345.3 84064.9 123730 97166.1 91391.2 104499 68288.7 59359.9 101362 107045 129393 70645.6 56991.2 72233.6 81562.3 96564.8 151463 124028 68841.6 119511 52684.6 71485.8 76277.2 84857.7 95226 105258 113902 120826 126095 129956 132707 134625 135940 136829 137424 137820 138080 138251 138363 138436 138483 138513 138533 138546 138554 138559 138563 138565 138566 138567 138568 138568 138568 138568 138568 138568 138569 138569 138569 138569 138569 138569 138569 138569 138569 138569 138569 138569 138569 138569 138569 138569 138569 138569 138569 138569 138569 138569 138569 138569 138569 138569 138569 138569 138569 138569 138569 138569 138569 138569 138569 138569 138569 138569 138569 138569 138569 138569 138569 138569 138569 138569 138569 138569 138569 138569 138569 138569 138569 138569 138569 138569 138569 138569 138569 138569 138569 138569 138569 138569 0 0 0 0 0 0 0 0 0 0 0 0 0 0 0 0 0 0 0 0 0 0 0 0 0
#obs catch bio
 257426 264979 267276 306894 309740 305316 281730 277222 253671 250264 216580 214474 191708 174284 147421 143140 137872 138798 119114 106619 112814 100230 101888 104127 108951 97414 101287 90802.4 96426 91643.6 96894.6 95385.6 78479.9 79368 88531.1 86539.4 84555.9 80508.9 85271.2 82392.2 85272.6 90217.7 89617.3 91572 89072.4 90574.2 83578.5 124311 97154.3 91128.7 104956 68275.1 59078.3 101702 106639 130120 70497.1 56834.1 72414.7 81781 96181.6 152073 124634 68106.7 120262
#pred cpue bio
 2.31889e+006 2.21842e+006 2.09508e+006 1.9691e+006 1.7673e+006 1.5852e+006 1.39643e+006 1.23576e+006 1.10727e+006 1.01062e+006 926298 852853 764081 658559 604319 584594 576308 579424 571305 540884 506232 464467 447461 453147 478049 501516 524184 502127 505181 500939 515796 505391 493726 493041 493558 510745 553432 584055 580781 544460 515217 502180 517493 553114 577412 598165 627181 606388 554330 542849 520206 502177 554416 623762 618929 540783 447427 447424 496929 563316 641039 677713 628903 590588 522218 1.47312e+007 9.17788e+006 9.8422e+006 1.10082e+007 1.2423e+007 1.38073e+007 1.50207e+007 1.60153e+007 1.67946e+007 1.73868e+007 1.78275e+007 1.81511e+007 1.83868e+007 1.85579e+007 1.8682e+007 1.87722e+007 1.8838e+007 1.88863e+007 1.8922e+007 1.89484e+007 1.89682e+007 1.89831e+007 1.89943e+007 1.90028e+007 1.90093e+007 1.90143e+007 1.90181e+007 1.90211e+007 1.90234e+007 1.90251e+007 1.90265e+007 1.90276e+007 1.90284e+007 1.90291e+007 1.90296e+007 1.903e+007 1.90303e+007 1.90305e+007 1.90307e+007 1.90309e+007 1.9031e+007 1.90311e+007 1.90311e+007 1.90312e+007 1.90312e+007 1.90313e+007 1.90313e+007 1.90313e+007 1.90313e+007 1.90313e+007 1.90314e+007 1.90314e+007 1.90314e+007 1.90314e+007 1.90314e+007 1.90314e+007 1.90314e+007 1.90314e+007 1.90314e+007 1.90314e+007 1.90314e+007 1.90314e+007 1.90314e+007 1.90314e+007 1.90314e+007 1.90314e+007 1.90314e+007 1.90314e+007 1.90314e+007 1.90314e+007 1.90314e+007 1.90314e+007 1.90314e+007 1.90314e+007 1.90314e+007 1.90314e+007 1.90314e+007 1.90314e+007 1.90314e+007 1.90314e+007 1.90314e+007 1.90314e+007 1.90314e+007 1.90314e+007 1.90314e+007 1.90314e+007 1.90314e+007 1.90314e+007 1.90314e+007 1.90314e+007 1.90314e+007 1.90314e+007 1.90314e+007 1.90314e+007 1.90314e+007 1.90314e+007 1.90314e+007 1.90314e+007 1.90314e+007 1.90314e+007 0 0 0 0 0 0 0 0 0 0 0 0 0 0 0 0 0 0 0 0 0 0 0 0 0
#obs cpue bio
 2.91562e+006 2.73886e+006 1.78403e+006 1.90324e+006 1.61222e+006 1.57324e+006 1.06446e+006 1.26527e+006 881474 944218 841978 804008 846935 565280 646985 608523 535506 557420 664224 567184 598644 358938 392576 381626 479908 486933 687123 422540 728901 403516 600203 485769 642137 511085 457990 583138 704354 516803 641167 494056 605934 417989 480528 757200 546743 496662 933037 475603 450285 683863 588887 463851 458585 669226 615712 413745 555506 386618 437388 586323 768802 611878 616442 611755 391854
#pred surv len freq
 0.00465832 0.00767302 0.0117505 0.0169287 0.023099 0.0299024 0.0367153 0.0428202 0.0476799 0.051109 0.0532329 0.0543231 0.0546563 0.0544574 0.0539 0.0531266 0.0522677 0.0514386 0.05068 0.0498463 0.048511 0.0460167 0.0417505 0.0355422 0.0279143
 0.00510599 0.00832867 0.0126063 0.0179388 0.0242029 0.0310567 0.0379099 0.0440634 0.0489618 0.0523708 0.0543671 0.0552094 0.0552113 0.0546679 0.0538191 0.0528356 0.0518256 0.0508415 0.049855 0.0486871 0.0469459 0.0440781 0.0396 0.0334286 0.0260828
 0.00525718 0.0086481 0.0132171 0.0189851 0.025796 0.0332017 0.0404574 0.0467319 0.0514338 0.0544053 0.0558576 0.0561603 0.0556727 0.0546858 0.0534289 0.0520788 0.050755 0.0495027 0.0482609 0.0468173 0.0447846 0.0416724 0.0370955 0.0310472 0.0240469
 0.00540433 0.00887446 0.0135406 0.0194319 0.0264164 0.0340818 0.0417053 0.0484293 0.0535673 0.0568207 0.0582794 0.058278 0.0572433 0.0555928 0.0536729 0.0517287 0.0499001 0.048224 0.0466202 0.0448592 0.042557 0.0392606 0.0346471 0.0287581 0.0221066
 0.00565749 0.00928722 0.0141622 0.0203043 0.0275622 0.0354905 0.0433278 0.0501923 0.0554024 0.0586831 0.0601328 0.0600518 0.0588029 0.0567566 0.0542717 0.0516633 0.0491618 0.0468744 0.0447546 0.0425832 0.0399874 0.0365422 0.0319628 0.0263116 0.0200737
 0.00587538 0.00965668 0.0147462 0.0211704 0.028767 0.037055 0.0452135 0.0522938 0.0575675 0.0607529 0.0619821 0.0616072 0.0600304 0.0576265 0.0547278 0.051622 0.0485416 0.0456354 0.0429219 0.0402475 0.0372955 0.0336867 0.0291669 0.0237969 0.0180132
 0.00614688 0.0100923 0.0153921 0.0220684 0.0299503 0.0385395 0.0469842 0.0542937 0.0596948 0.0628715 0.0639409 0.0632667 0.0612868 0.0584227 0.0550428 0.0514455 0.0478537 0.0444092 0.04115 0.0379758 0.0346448 0.0308508 0.0263853 0.021305 0.0159863
 0.0063984 0.010505 0.0160197 0.0229616 0.0311451 0.0400401 0.0487483 0.0562312 0.0616866 0.0647956 0.0656904 0.0647527 0.0624333 0.0591654 0.0553338 0.0512556 0.0471684 0.0432229 0.03947 0.0358425 0.0321582 0.0281831 0.0237614 0.0189533 0.0140774
 0.00664483 0.0109144 0.0166518 0.0238767 0.0323909 0.0416303 0.050642 0.0583259 0.0638337 0.0668318 0.0674699 0.0661681 0.06342 0.0596947 0.0553986 0.050858 0.0463125 0.0419147 0.0377263 0.0337081 0.0297277 0.0256124 0.0212547 0.0167194 0.0122726
 0.00687411 0.0112817 0.0171951 0.0246301 0.0333806 0.0428682 0.0521149 0.0599871 0.0656018 0.0685981 0.069112 0.0675658 0.0644723 0.0603319 0.0555862 0.05059 0.0455996 0.0407757 0.0361891 0.0318221 0.027582 0.023347 0.0190493 0.0147566 0.0106888
 0.00711669 0.0116795 0.0177992 0.0254873 0.0345212 0.0442878 0.0537601 0.0617556 0.0673643 0.0702292 0.0705129 0.0686685 0.0652313 0.0607158 0.0555746 0.0501751 0.0447878 0.0395867 0.0346564 0.0300006 0.0255588 0.0212492 0.0170342 0.0129808 0.00926623
 0.00720895 0.0118381 0.0180549 0.025876 0.0350791 0.0450419 0.0547157 0.0628881 0.0686175 0.0715229 0.0717544 0.0697675 0.0661113 0.0613201 0.0558652 0.0501287 0.0443929 0.0388449 0.0335877 0.0286501 0.0240047 0.0196045 0.0154359 0.0115629 0.00812614
 0.00728389 0.0119767 0.0182943 0.0262609 0.0356513 0.0458236 0.0556947 0.0640139 0.0698121 0.0726981 0.0728279 0.0706704 0.0667908 0.0617394 0.056003 0.0499763 0.0439509 0.0381216 0.0326022 0.0274404 0.0226362 0.0181728 0.0140565 0.0103475 0.00715439
 0.00743222 0.0122003 0.0185996 0.026646 0.0361118 0.0463599 0.0563133 0.0647208 0.0705998 0.0735355 0.0736595 0.0714264 0.067403 0.0621543 0.0561869 0.0499139 0.0436397 0.0375693 0.0318267 0.0264749 0.0215359 0.0170171 0.0129409 0.00936408 0.00636833
 0.00752271 0.0123605 0.018863 0.0270477 0.036675 0.0470786 0.0571414 0.0655792 0.0714023 0.0742191 0.0741992 0.0718259 0.0676734 0.062297 0.0561899 0.0497591 0.0433125 0.0370646 0.0311524 0.0256552 0.020615 0.0160589 0.0120222 0.00855839 0.00572696
 0.00759912 0.0124557 0.0189549 0.0271035 0.0366673 0.047007 0.0570447 0.0655259 0.0714615 0.0744282 0.0745497 0.0722734 0.0681602 0.0627693 0.0566031 0.0500742 0.0434943 0.0370847 0.0309964 0.0253291 0.0201486 0.0155047 0.0114466 0.00802748 0.00529016
 0.00766707 0.0125688 0.0191275 0.0273444 0.036971 0.0473444 0.0573625 0.0657617 0.0715723 0.0744166 0.0744656 0.0721892 0.0681344 0.0628226 0.0567171 0.0502066 0.0435958 0.037111 0.0309159 0.0251286 0.0198376 0.0151159 0.011029 0.0076335 0.00496109
 0.00766287 0.0125655 0.0191299 0.0273604 0.0370115 0.0474207 0.0574811 0.0659185 0.0717478 0.0745787 0.0745822 0.0722455 0.0681429 0.062817 0.0567325 0.0502587 0.0436729 0.0371802 0.0309381 0.0250739 0.019696 0.0149005 0.0107719 0.00737481 0.00473576
 0.00776979 0.0127164 0.0193148 0.0275565 0.0371904 0.0475604 0.0575751 0.0659759 0.0717862 0.0746125 0.0746145 0.0722669 0.0681391 0.0627801 0.0566683 0.0501844 0.0436052 0.0371239 0.0308817 0.0249971 0.0195818 0.0147459 0.0105903 0.00719025 0.00457258
 0.00786904 0.0128534 0.0194751 0.0277097 0.0372964 0.0475812 0.0574873 0.0657797 0.0715085 0.074303 0.0743345 0.0720709 0.0680571 0.06281 0.0567825 0.0503455 0.0437805 0.0372904 0.0310233 0.0251001 0.0196356 0.0147469 0.0105463 0.00711872 0.00449426
 0.00780025 0.012767 0.0193907 0.0276573 0.0373034 0.047654 0.0575996 0.065878 0.0715351 0.0742245 0.0741586 0.0718438 0.0678435 0.0626673 0.0567419 0.050406 0.0439164 0.037465 0.0312013 0.0252541 0.0197482 0.0148111 0.0105655 0.00710457 0.00446267
 0.00783031 0.0128196 0.0194775 0.0277938 0.0375072 0.0479409 0.0579747 0.0663253 0.0720087 0.0746502 0.0744509 0.0719354 0.0677132 0.0623503 0.0563147 0.0499561 0.0435123 0.0371417 0.030962 0.0250827 0.0196224 0.0147122 0.010482 0.00703262 0.00440302
 0.0078379 0.0128232 0.0194677 0.0277586 0.0374381 0.0478416 0.0578672 0.0662478 0.0720039 0.0747467 0.0746468 0.0721929 0.067969 0.0625394 0.0563968 0.0499297 0.0434099 0.0370095 0.0308388 0.0249877 0.0195566 0.0146665 0.0104465 0.00700174 0.00437561
 0.00778849 0.0127628 0.0194125 0.0277333 0.0374666 0.0479325 0.0580064 0.0664023 0.0721389 0.0748443 0.074713 0.0722484 0.0680308 0.0626058 0.0564471 0.0499371 0.0433595 0.0369072 0.0307077 0.0248552 0.0194422 0.0145778 0.0103818 0.00695557 0.00434296
 0.00772469 0.0126584 0.0192558 0.0275177 0.0371969 0.0476325 0.0577201 0.066185 0.0720366 0.0748743 0.0748582 0.0724696 0.0682869 0.0628671 0.0566949 0.0501568 0.0435365 0.037031 0.0307772 0.0248804 0.0194397 0.014563 0.0103648 0.00694071 0.0043312
 0.00778236 0.0127287 0.0193184 0.027539 0.0371393 0.0474696 0.057451 0.0658396 0.0716707 0.0745543 0.0746423 0.0723911 0.0683464 0.0630366 0.0569313 0.0504168 0.0437853 0.0372447 0.0309431 0.0249959 0.019511 0.0146014 0.0103823 0.00694681 0.00433197
 0.00774236 0.0126568 0.019197 0.0273459 0.0368514 0.0470699 0.0569374 0.0652337 0.0710212 0.0739344 0.0741383 0.0720832 0.0682863 0.063232 0.0573441 0.0509763 0.0444092 0.0378592 0.0314943 0.0254533 0.019865 0.0148578 0.0105564 0.00705731 0.00439731
 0.00784271 0.0127996 0.0193734 0.0275329 0.0370151 0.0471726 0.0569446 0.0651193 0.0707723 0.0735577 0.0736657 0.0715725 0.0678135 0.0628732 0.0571545 0.0509739 0.0445717 0.0381342 0.0318186 0.025771 0.0201382 0.0150693 0.0107054 0.00715361 0.00445443
 0.00776324 0.0126911 0.0192474 0.0274107 0.0369188 0.047112 0.0569091 0.0650799 0.0706947 0.073418 0.0734609 0.0713218 0.0675527 0.0626477 0.0570103 0.050947 0.0446771 0.0383593 0.0321258 0.0261096 0.0204596 0.0153395 0.0109095 0.00729311 0.00454103
 0.00770662 0.0126056 0.019132 0.0272714 0.0367703 0.0469773 0.0568159 0.0650516 0.0707379 0.0735134 0.0735659 0.071387 0.0675442 0.0625623 0.0568762 0.050812 0.0445898 0.0383526 0.0322068 0.0262599 0.020645 0.0155239 0.0110659 0.00740925 0.00461748
 0.00765264 0.012509 0.0189712 0.0270235 0.0364198 0.0465286 0.0563034 0.0645394 0.0703049 0.0732294 0.0734688 0.0714716 0.0677668 0.0628591 0.0571879 0.0511025 0.0448524 0.0386008 0.0324578 0.0265205 0.0209064 0.0157666 0.0112704 0.00756413 0.00472257
 0.00843401 0.0136088 0.0203102 0.0284197 0.0376375 0.0473598 0.0566347 0.0643723 0.0697311 0.0723873 0.0725052 0.0705148 0.0669087 0.0621466 0.0566253 0.0506668 0.0445136 0.0383377 0.0322626 0.0263923 0.0208414 0.0157527 0.0112887 0.00759537 0.00475282
 0.00925415 0.0149095 0.022195 0.0309313 0.0407121 0.0507793 0.0600084 0.067195 0.0715278 0.0728808 0.0717088 0.0686983 0.0644705 0.0594751 0.0540126 0.0482864 0.0424418 0.0365904 0.0308278 0.0252494 0.0199665 0.0151165 0.0108541 0.00731869 0.00458973
 0.00919458 0.0149152 0.0223935 0.0315037 0.0418462 0.0525893 0.0624578 0.0700623 0.0744355 0.0753799 0.0733932 0.0693136 0.0639813 0.0580602 0.0519895 0.0460028 0.0401855 0.0345482 0.0290911 0.0238431 0.0188782 0.0143144 0.0102956 0.00695496 0.00437004
 0.0089267 0.0145153 0.0218647 0.0308911 0.041248 0.0521614 0.0623995 0.0705695 0.0756217 0.0771964 0.0755969 0.0715165 0.0657686 0.0591233 0.0522139 0.0454769 0.0391371 0.0332492 0.0277761 0.0226682 0.0179199 0.0135895 0.00978431 0.00661926 0.00416603
 0.00885633 0.0143887 0.0216532 0.0305652 0.0407912 0.0515914 0.0617874 0.0700452 0.0753541 0.0773477 0.0762624 0.0726709 0.0672444 0.0606432 0.0534746 0.0462501 0.0393396 0.0329502 0.0271456 0.0219019 0.0171776 0.0129677 0.00931867 0.00630281 0.0039698
 0.00881 0.0143039 0.0215075 0.0303309 0.040441 0.0511083 0.0611783 0.0693517 0.0746582 0.0767676 0.0759356 0.0727198 0.067731 0.0615295 0.0546119 0.0474151 0.0403075 0.0335707 0.0273844 0.0218296 0.0169204 0.0126506 0.00902949 0.0060828 0.00382411
 0.00880242 0.0142754 0.0214347 0.0301817 0.0401818 0.0507162 0.0606528 0.0687198 0.0739715 0.0760969 0.0753654 0.0723419 0.0676321 0.0617668 0.0551847 0.0482454 0.0412496 0.034453 0.0280672 0.0222487 0.0170943 0.0126525 0.00894558 0.00598027 0.00373937
 0.00879511 0.0142569 0.0213939 0.0301021 0.040043 0.0504978 0.0603397 0.0683084 0.0734754 0.0755499 0.0748203 0.0718664 0.0672987 0.0616417 0.0553118 0.0486292 0.0418416 0.0351554 0.0287577 0.0228203 0.0174889 0.0128707 0.00903027 0.00598794 0.00371662
 0.00877575 0.0142421 0.0214012 0.0301553 0.0401618 0.0506835 0.0605643 0.0685163 0.0735989 0.0755323 0.074636 0.0715302 0.0668641 0.0611885 0.0549284 0.0483902 0.0417874 0.0352781 0.0290037 0.0231098 0.0177463 0.0130507 0.00912533 0.00601824 0.00371154
 0.00873339 0.0141806 0.0213234 0.0300711 0.0400888 0.0506451 0.0605848 0.0686118 0.0737656 0.0757387 0.0748268 0.0716436 0.0668564 0.0610538 0.0547026 0.0481391 0.0415822 0.0351703 0.0290079 0.0232023 0.0178802 0.0131783 0.00921704 0.00606765 0.0037286
 0.0086722 0.0140992 0.0212342 0.0299967 0.0400559 0.0506746 0.0606842 0.0687739 0.0739731 0.0759693 0.0750542 0.0718368 0.0669809 0.0610798 0.0546182 0.0479602 0.0413515 0.0349435 0.0288325 0.0231014 0.0178478 0.0131893 0.00924291 0.00608896 0.0037387
 0.0086315 0.0140389 0.0211553 0.0299062 0.0399675 0.0506084 0.060664 0.0688214 0.0740993 0.076167 0.0752976 0.0720873 0.0671979 0.0612295 0.0546789 0.0479262 0.041236 0.034777 0.028655 0.0229491 0.0177412 0.0131295 0.00921718 0.0060812 0.00373688
 0.00865533 0.0140567 0.0211441 0.0298339 0.0398043 0.0503434 0.0603188 0.0684501 0.0737741 0.0759548 0.0752393 0.0721882 0.0674288 0.0615382 0.0550054 0.0482179 0.0414588 0.0349203 0.0287296 0.0229786 0.0177508 0.0131366 0.00922831 0.00609489 0.00374919
 0.00874496 0.0141848 0.021303 0.030002 0.0399479 0.050423 0.0602973 0.0683044 0.0735065 0.075601 0.0748643 0.0718681 0.0672257 0.0614794 0.055078 0.0483789 0.0416537 0.0351023 0.028871 0.0230728 0.0178065 0.0131681 0.00924779 0.00610886 0.00375973
 0.00876087 0.0142129 0.0213488 0.0300699 0.0400375 0.050524 0.0603871 0.0683505 0.073476 0.0754744 0.0746468 0.0715929 0.0669471 0.0612558 0.0549528 0.0483664 0.0417373 0.0352442 0.0290288 0.0232141 0.0179154 0.0132434 0.00929621 0.00613887 0.003778
 0.00869599 0.0141196 0.0212313 0.0299405 0.0399143 0.0504257 0.0603275 0.0683344 0.073497 0.0755145 0.0746813 0.0715994 0.0669163 0.0611979 0.0548951 0.0483411 0.0417666 0.0353308 0.029156 0.0233553 0.0180458 0.0133479 0.00937092 0.00618751 0.00380728
 0.00878456 0.0142214 0.0213079 0.0299339 0.0397668 0.05011 0.0598687 0.067809 0.0730054 0.0751442 0.0744788 0.0715639 0.0670118 0.0613748 0.0551099 0.0485677 0.0419965 0.0355639 0.0293907 0.0235825 0.0182512 0.0135183 0.00949966 0.00627592 0.00386257
 0.00896069 0.0145625 0.0219159 0.0309197 0.0412017 0.0519602 0.0619524 0.0698176 0.0745971 0.0760628 0.074631 0.07102 0.0659464 0.0599935 0.0535965 0.0470629 0.0405977 0.0343332 0.0283616 0.0227647 0.0176342 0.0130766 0.00920001 0.00608398 0.00374713
 0.00866211 0.0141234 0.0213464 0.0302739 0.0405803 0.0515022 0.0618115 0.0701174 0.0753731 0.0772187 0.0759494 0.0722333 0.0668346 0.0604526 0.0536463 0.0468051 0.0401605 0.033831 0.0278771 0.0223474 0.0173055 0.0128377 0.00903902 0.00598312 0.00368834
 0.00869473 0.0141139 0.02122 0.0299319 0.0399381 0.0505453 0.0606387 0.0689397 0.0744561 0.0767929 0.076127 0.0729689 0.0679438 0.0616804 0.0547546 0.0476417 0.040682 0.0340804 0.0279394 0.0223091 0.0172316 0.012766 0.00898519 0.00594895 0.00366941
 0.00895401 0.0145257 0.0218155 0.0307175 0.0408755 0.0515328 0.0615106 0.0695034 0.0745667 0.0764286 0.0754136 0.0721303 0.0672025 0.0611665 0.0544724 0.0475009 0.040565 0.0339037 0.0276805 0.0219956 0.0169129 0.0124858 0.00876757 0.00579767 0.00357456
 0.00859224 0.0139845 0.0210908 0.0298421 0.0399168 0.0505822 0.0606681 0.0688573 0.074169 0.0762798 0.0754724 0.0723479 0.0675575 0.0616703 0.0551397 0.0483104 0.0414445 0.0347507 0.0284026 0.022543 0.0172849 0.0127152 0.00889837 0.00586823 0.00361139
 0.00836854 0.0135845 0.0204261 0.0288197 0.038476 0.048745 0.0585778 0.0667698 0.0723883 0.0750634 0.0749577 0.0725308 0.0683247 0.0628586 0.0565892 0.0498905 0.0430504 0.036289 0.0297869 0.0237047 0.018189 0.0133669 0.00933419 0.00613945 0.00376884
 0.00855877 0.0138844 0.0208543 0.0293727 0.0391117 0.049368 0.0590415 0.0669098 0.0720865 0.0743121 0.0738803 0.0713413 0.0672472 0.0620549 0.0561276 0.0497581 0.0431851 0.0366087 0.030206 0.0241438 0.0185847 0.0136807 0.0095553 0.00627876 0.00384782
 0.00867138 0.0140909 0.0212071 0.0299309 0.0399213 0.0504313 0.0602873 0.0681853 0.0731803 0.0750073 0.0740196 0.0708808 0.0662765 0.0607699 0.054766 0.0485268 0.0422125 0.0359352 0.0298038 0.0239479 0.0185205 0.0136834 0.00958001 0.00630191 0.00386197
 0.00895282 0.0145714 0.0219712 0.0310668 0.0414954 0.0524493 0.0626574 0.0707074 0.0755734 0.0769648 0.075271 0.0712445 0.0656978 0.0593381 0.0526997 0.0461241 0.0397795 0.0337184 0.0279526 0.0225125 0.0174765 0.0129656 0.00911081 0.00600988 0.00368934
 0.00853707 0.0139248 0.0210587 0.0298922 0.0401196 0.0510077 0.0613637 0.0698223 0.0753319 0.0774866 0.076502 0.0729608 0.0675729 0.0610404 0.0539843 0.0468872 0.040061 0.0336578 0.0277205 0.0222508 0.0172677 0.0128343 0.00904536 0.00598565 0.00368465
 0.00829762 0.0134907 0.0203258 0.0287453 0.038472 0.0488605 0.0588571 0.0672441 0.0730653 0.0759144 0.075904 0.0734398 0.0690267 0.063189 0.0564475 0.0492892 0.0421245 0.0352525 0.0288531 0.0230131 0.0177742 0.0131787 0.00928602 0.00615313 0.0037958
 0.00834097 0.01354 0.0203566 0.0287102 0.0382982 0.0484556 0.0581278 0.0661315 0.0715908 0.0742159 0.0742344 0.0721114 0.0683163 0.0632439 0.0572342 0.0506091 0.0436883 0.0367781 0.0301448 0.0239906 0.0184529 0.0136236 0.00956915 0.00633075 0.00390496
 0.00828908 0.013476 0.0202963 0.0286766 0.0383091 0.0485045 0.0581695 0.0660818 0.0713469 0.0736947 0.0734171 0.0710766 0.0672411 0.0623612 0.0567557 0.0506455 0.044208 0.0376271 0.0311141 0.0248954 0.0191826 0.0141482 0.00991365 0.00654187 0.00402752
 0.00838837 0.0136135 0.0204603 0.028844 0.0384558 0.0486181 0.0582549 0.0661515 0.0713993 0.073695 0.0732983 0.070768 0.0667137 0.0616645 0.0560199 0.0500414 0.0438789 0.0376297 0.0314016 0.0253487 0.0196684 0.0145684 0.0102248 0.00674537 0.00414763
 0.00888069 0.0144037 0.0216254 0.0304347 0.0404699 0.050968 0.0607462 0.0685001 0.0732959 0.0748903 0.0736612 0.0702939 0.0654957 0.0598596 0.0538294 0.0476968 0.0416175 0.0356536 0.0298355 0.02422 0.018922 0.0141074 0.0099515 0.0065858 0.00405518
 0.00872599 0.0142318 0.0215144 0.0305092 0.0408701 0.0517994 0.0620307 0.070153 0.0751373 0.0766819 0.0751563 0.0712874 0.0658633 0.0595772 0.0529684 0.0464031 0.0400825 0.0340805 0.0284022 0.0230462 0.0180528 0.0135215 0.00958844 0.00637601 0.0039405
 0.00885084 0.0142949 0.0213607 0.0299331 0.0397018 0.0500236 0.0598689 0.0680366 0.0735628 0.0760218 0.0755274 0.0725363 0.0676532 0.0615155 0.0547195 0.0477562 0.0409686 0.0345493 0.0285742 0.0230586 0.0180161 0.0134979 0.00959521 0.00640381 0.00397316
#obs surv len freq
 0.00496728 0.00813593 0.0123746 0.017697 0.0239775 0.0308519 0.0376962 0.0437872 0.0485733 0.0518502 0.0537335 0.0545074 0.054493 0.0539901 0.0532613 0.0525208 0.0519129 0.0514711 0.0510562 0.0502988 0.0486166 0.0453791 0.0402094 0.0332765 0.0253622
 0.00518102 0.00848561 0.0129049 0.0184506 0.0249871 0.0321267 0.0392094 0.0454723 0.0503342 0.0535796 0.0553279 0.0558731 0.0555456 0.054654 0.0534736 0.0522382 0.0511202 0.0501889 0.0493455 0.0482635 0.0464001 0.0431528 0.0381486 0.0315272 0.0240095
 0.00541117 0.00886228 0.0134766 0.0192643 0.0260794 0.0335103 0.0408577 0.0473145 0.0522641 0.0554763 0.0570752 0.0573704 0.0567107 0.0554197 0.0537833 0.0520446 0.0503899 0.0489143 0.0475606 0.0460578 0.0439245 0.0406076 0.035752 0.0294682 0.0224045
 0.00564564 0.00924796 0.0140654 0.0201077 0.0272186 0.0349603 0.0425918 0.0492581 0.0543052 0.057487 0.0589319 0.0589659 0.0579578 0.0562504 0.0541445 0.0518937 0.0496933 0.0476543 0.0457528 0.043773 0.0413053 0.0378641 0.0331283 0.0271869 0.02061
 0.00588373 0.00963789 0.0146579 0.0209522 0.0283549 0.0364041 0.0443193 0.0511994 0.0563535 0.0595171 0.0608195 0.0606006 0.059248 0.0571245 0.0545479 0.0517844 0.0490391 0.0464357 0.0439773 0.0414984 0.0386617 0.0350575 0.0304111 0.024799 0.0187154
 0.00612804 0.0100377 0.0152646 0.0218153 0.0295127 0.0378686 0.0460612 0.0531431 0.0583876 0.0615161 0.062664 0.0621875 0.0604938 0.0579634 0.054929 0.0516682 0.0483948 0.0452439 0.0422418 0.0392687 0.0360566 0.0322725 0.0276941 0.0223933 0.0167933
 0.00638944 0.0104641 0.0159089 0.0227273 0.0307291 0.0393978 0.0478671 0.0551401 0.0604533 0.063515 0.0644707 0.0637003 0.0616372 0.0586852 0.0551945 0.0514527 0.0476789 0.044015 0.0405052 0.0370692 0.0335023 0.0295454 0.0250294 0.0200265 0.0148952
 0.00660778 0.0108281 0.0164731 0.0235481 0.0318522 0.04084 0.0495976 0.057075 0.0624681 0.0654706 0.0662372 0.0651711 0.0627344 0.0593578 0.0554134 0.0512036 0.0469549 0.0428151 0.0388416 0.0349861 0.0310986 0.0269861 0.0225292 0.0178027 0.0131076
 0.00684201 0.0112079 0.0170434 0.0243507 0.0329194 0.0421831 0.0511933 0.0588582 0.0643374 0.0673039 0.0679098 0.066572 0.0637761 0.0599816 0.0555884 0.0509202 0.0462167 0.041634 0.0372412 0.0330157 0.0288523 0.0246133 0.020222 0.0157551 0.0114625
 0.00705461 0.0115582 0.0175786 0.0251167 0.03395 0.0434845 0.0527298 0.0605491 0.0660719 0.0689642 0.0693915 0.067791 0.0646684 0.0605008 0.0557042 0.0506185 0.0454979 0.0405113 0.0357432 0.0311952 0.0267997 0.022464 0.0181454 0.0139198 0.00999152
 0.0072622 0.0118991 0.0180979 0.025858 0.0349465 0.0447439 0.0542197 0.0621917 0.0677543 0.0705606 0.070786 0.0688935 0.0654199 0.0608715 0.0556863 0.0502176 0.0447273 0.0393908 0.0343038 0.0294889 0.0249108 0.0205139 0.0162814 0.0122855 0.00868903
 0.00743426 0.0121803 0.018524 0.0264634 0.0357579 0.0457702 0.0554405 0.0635527 0.0691726 0.0719385 0.0720256 0.0699082 0.0661423 0.0612575 0.0557164 0.049893 0.0440636 0.0384134 0.0330481 0.0280068 0.0232793 0.0188393 0.0146895 0.0108964 0.00758626
 0.00750509 0.0123015 0.0187182 0.0267565 0.0361753 0.0463299 0.0561454 0.0643862 0.0700998 0.072911 0.0729857 0.0707928 0.0668866 0.0618007 0.0560087 0.0499007 0.0437728 0.0378293 0.0321952 0.0269306 0.0220494 0.0175495 0.0134479 0.00980505 0.00671624
 0.00759896 0.0124446 0.0189163 0.0270105 0.0364837 0.0466917 0.056562 0.0648593 0.0706274 0.0734836 0.0735841 0.0713873 0.0674383 0.0622643 0.0563362 0.050047 0.0437021 0.0375221 0.0316534 0.0261815 0.0211478 0.0165745 0.0124923 0.00895605 0.00603516
 0.00763518 0.0125038 0.0190056 0.0271359 0.0366479 0.046892 0.0567894 0.0651018 0.0708763 0.0737392 0.0738561 0.071687 0.0677677 0.0626082 0.0566603 0.050304 0.043841 0.0374992 0.031443 0.0257844 0.0205954 0.015926 0.0118239 0.0083433 0.00553357
 0.00770818 0.0126085 0.0191376 0.027283 0.0367944 0.0470257 0.0569062 0.0652049 0.0709731 0.0738366 0.0739598 0.0718029 0.0679025 0.0627661 0.0568368 0.05048 0.0439823 0.0375636 0.0313922 0.0255972 0.0202775 0.0155122 0.0113698 0.00790978 0.00516911
 0.00777512 0.0127128 0.0192855 0.027475 0.0370229 0.0472733 0.0571453 0.0654036 0.0711049 0.0738918 0.0739488 0.0717517 0.0678415 0.0627202 0.0568194 0.0504909 0.0440072 0.0375757 0.0313586 0.0254897 0.0200846 0.0152456 0.011063 0.00760604 0.00490681
 0.00780263 0.0127594 0.0193589 0.0275831 0.0371715 0.0474619 0.057364 0.0656317 0.0713142 0.0740533 0.0740417 0.0717694 0.0677946 0.0626319 0.0567177 0.0503984 0.0439339 0.0375164 0.0312956 0.0254007 0.0199528 0.0150693 0.0108572 0.00739737 0.00472233
 0.00784743 0.0128247 0.0194432 0.0276812 0.0372767 0.0475698 0.0574743 0.0657468 0.0714349 0.0741746 0.074151 0.0718497 0.0678307 0.0626177 0.0566589 0.0503105 0.0438351 0.0374196 0.0312031 0.0253051 0.0198436 0.0149408 0.0107139 0.00725315 0.00459373
 0.00786975 0.0128616 0.0194996 0.0277607 0.0373797 0.0476911 0.0576023 0.0658658 0.0715314 0.0742424 0.0741929 0.0718726 0.0678394 0.0626113 0.0566329 0.0502619 0.0437663 0.0373373 0.0311145 0.0252136 0.0197483 0.01484 0.0106094 0.00715146 0.00450399
 0.00788293 0.0128781 0.0195157 0.0277706 0.0373784 0.0476777 0.0575817 0.0658478 0.0715257 0.0742542 0.0742215 0.0719135 0.0678875 0.0626618 0.056681 0.0503019 0.0437925 0.037346 0.0311051 0.0251877 0.0197084 0.0147889 0.010551 0.00709147 0.00444904
 0.00789517 0.0128941 0.0195323 0.0277821 0.0373774 0.0476572 0.057538 0.0657824 0.0714467 0.0741755 0.0741591 0.0718811 0.0678913 0.0626998 0.0567443 0.0503784 0.0438697 0.0374134 0.0311556 0.0252177 0.0197178 0.0147803 0.0105291 0.00706237 0.00441898
 0.00788606 0.0128794 0.0195104 0.0277512 0.0373357 0.0476032 0.0574709 0.0657032 0.0713588 0.0740859 0.0740783 0.0718216 0.067865 0.0627141 0.0567993 0.0504663 0.0439774 0.0375256 0.0312584 0.0253013 0.0197772 0.0148153 0.0105433 0.00706185 0.00441042
 0.00787995 0.0128662 0.0194847 0.0277064 0.0372661 0.0475069 0.0573525 0.0655734 0.0712316 0.0739744 0.0739923 0.071767 0.0678454 0.0627316 0.0568543 0.0505558 0.0440936 0.0376566 0.03139 0.0254202 0.0198737 0.0148852 0.0105875 0.00708517 0.00441946
 0.00788656 0.0128727 0.0194862 0.0276956 0.0372343 0.047447 0.0572615 0.0654544 0.0710943 0.0738333 0.0738641 0.0716669 0.0677845 0.0627149 0.0568813 0.0506221 0.0441917 0.0377763 0.0315189 0.0255452 0.0199834 0.0149719 0.010649 0.00712364 0.00444032
 0.00788165 0.012865 0.0194752 0.0276801 0.0372125 0.0474156 0.057216 0.0653906 0.0710102 0.0737317 0.0737534 0.0715608 0.0676978 0.0626605 0.0568672 0.0506498 0.044257 0.0378705 0.0316305 0.0256613 0.0200918 0.0150632 0.0107182 0.0071707 0.00446872
 0.00785007 0.0128137 0.0193983 0.027573 0.0370738 0.0472492 0.0570332 0.0652085 0.0708477 0.0736039 0.0736685 0.07152 0.0676988 0.0627003 0.0569431 0.050759 0.0443947 0.038029 0.0317992 0.0258279 0.0202442 0.0151919 0.0108178 0.00724089 0.00451347
 0.00781466 0.0127547 0.0193069 0.0274409 0.036895 0.0470244 0.0567729 0.0649337 0.0705868 0.0733864 0.073518 0.0714497 0.0677101 0.0627848 0.0570864 0.050945 0.0446084 0.0382568 0.0320286 0.0260466 0.0204406 0.0153568 0.0109461 0.00733258 0.00457322
 0.00778971 0.0127114 0.0192366 0.0273339 0.0367428 0.0468231 0.0565268 0.0646574 0.0703033 0.0731235 0.0733035 0.0713069 0.0676541 0.0628195 0.0572047 0.0511308 0.0448409 0.0385144 0.0322913 0.0262974 0.0206656 0.0155459 0.0110939 0.00743919 0.00464359
 0.00777858 0.0126899 0.019198 0.0272694 0.0366433 0.046682 0.0563433 0.0644378 0.0700613 0.0728781 0.0730771 0.0711227 0.0675324 0.0627752 0.0572437 0.0512489 0.0450244 0.0387431 0.0325419 0.0265475 0.0208961 0.0157429 0.0112499 0.00755296 0.00471953
 0.00774286 0.0126365 0.0191261 0.0271805 0.0365401 0.0465664 0.0562153 0.0642964 0.069907 0.0727152 0.0729147 0.0709747 0.0674154 0.0627056 0.0572343 0.0513064 0.0451469 0.0389197 0.0327547 0.0267744 0.0211154 0.0159367 0.0114069 0.00766941 0.00479831
 0.00933703 0.0148627 0.0218019 0.0299122 0.0388386 0.0480311 0.0566788 0.0638486 0.0688047 0.0712528 0.0713308 0.0694219 0.0659756 0.0614171 0.0561148 0.0503633 0.0443808 0.0383244 0.0323159 0.0264704 0.0209198 0.0158213 0.0113459 0.00764141 0.00478797
 0.00931761 0.015129 0.0227276 0.0319601 0.0423582 0.0529859 0.0624738 0.0694291 0.0730329 0.0733582 0.0711658 0.0673969 0.0627774 0.0577152 0.0523966 0.0469127 0.0413321 0.0357254 0.0301707 0.0247596 0.0196078 0.0148603 0.0106785 0.00720571 0.00452275
 0.00897248 0.0145857 0.0219651 0.0310283 0.0414327 0.0524042 0.0626952 0.0708706 0.0758186 0.0771352 0.0751477 0.0706646 0.0646629 0.0580329 0.05141 0.0451162 0.039218 0.0336511 0.0283372 0.0232497 0.0184333 0.0139949 0.0100765 0.00681287 0.00428413
 0.00880431 0.0143014 0.0215177 0.0303706 0.0405351 0.051288 0.0614749 0.0697819 0.0751999 0.0773333 0.0763624 0.0728015 0.0673002 0.0605595 0.0532731 0.0460329 0.039231 0.0330274 0.027406 0.0222791 0.0175841 0.0133326 0.00960452 0.00650264 0.00409588
 0.00874861 0.0142036 0.021356 0.0301174 0.0401598 0.0507643 0.0607932 0.0689669 0.0743307 0.076558 0.0758887 0.072844 0.0679862 0.0618354 0.0548811 0.0475954 0.0404058 0.033641 0.0274879 0.0219969 0.0171399 0.0128844 0.00923845 0.00624364 0.00393264
 0.00869342 0.0141172 0.0212315 0.0299492 0.0399423 0.0504907 0.0604559 0.06856 0.0738563 0.0760372 0.0753752 0.0724334 0.0678052 0.062001 0.0554385 0.0484695 0.041408 0.0345408 0.0281103 0.0222856 0.017152 0.0127353 0.00903947 0.00606648 0.00380554
 0.00868025 0.0140892 0.0211774 0.0298552 0.0397957 0.0502861 0.0601988 0.0682657 0.0735434 0.0757206 0.075066 0.0721471 0.0675751 0.0618836 0.0555003 0.0487535 0.0418974 0.0351466 0.0287005 0.0227416 0.0174168 0.0128242 0.00901303 0.00599192 0.00372998
 0.00870914 0.0141328 0.0212363 0.0299257 0.0398692 0.0503481 0.0602298 0.0682453 0.0734563 0.0755626 0.0748463 0.0718858 0.0672999 0.0616291 0.0553084 0.0486684 0.0419497 0.0353335 0.0289764 0.0230323 0.0176515 0.0129648 0.00906275 0.00598133 0.00369449
 0.00868917 0.0141093 0.0212174 0.0299239 0.0398972 0.0504122 0.0603246 0.0683526 0.0735493 0.0756136 0.0748349 0.0718044 0.0671556 0.0614429 0.0551122 0.0484996 0.0418442 0.0353142 0.0290429 0.0231575 0.0177921 0.0130804 0.0091323 0.00600649 0.00369098
 0.00868031 0.0140916 0.0211852 0.029872 0.0398239 0.0503242 0.0602384 0.0682907 0.073531 0.0756444 0.0749019 0.0718812 0.0672132 0.0614617 0.0550887 0.0484475 0.0417885 0.035282 0.0290524 0.0232102 0.0178726 0.0131646 0.00919927 0.006047 0.00370776
 0.00866069 0.0140607 0.0211403 0.0298108 0.0397449 0.0502269 0.0601252 0.0681692 0.0734152 0.0755534 0.0748543 0.0718872 0.0672689 0.0615493 0.0551841 0.0485309 0.0418524 0.035332 0.0291009 0.0232677 0.0179406 0.0132355 0.00926167 0.0060926 0.00373487
 0.00863738 0.0140249 0.0210905 0.029747 0.0396685 0.0501406 0.0600329 0.0680756 0.0733257 0.0754744 0.0747934 0.071853 0.0672691 0.0615867 0.0552541 0.0486212 0.0419481 0.0354217 0.0291807 0.0233393 0.0180071 0.013297 0.00931497 0.00613381 0.00376243
 0.008653 0.014045 0.0211111 0.0297611 0.0396684 0.0501209 0.0599927 0.0680188 0.0732593 0.0754056 0.0747277 0.0717948 0.067223 0.061558 0.0552469 0.048637 0.0419835 0.0354698 0.0292338 0.0233918 0.0180562 0.0133412 0.00935293 0.00616386 0.0037837
 0.0086073 0.0139792 0.0210275 0.0296668 0.0395725 0.0500306 0.0599107 0.0679447 0.0731919 0.0753467 0.0746829 0.071771 0.0672251 0.0615874 0.0553016 0.0487126 0.0420743 0.0355692 0.0293345 0.023487 0.0181406 0.0134116 0.00940831 0.00620455 0.00381126
 0.00862861 0.0140073 0.0210581 0.0296925 0.039586 0.0500283 0.0598956 0.0679239 0.0731723 0.0753303 0.0746655 0.0717466 0.0671906 0.0615457 0.05526 0.0486797 0.0420561 0.035568 0.0293485 0.023512 0.0181712 0.0134428 0.00943614 0.00622686 0.00382738
 0.00862861 0.0140073 0.0210581 0.0296925 0.039586 0.0500283 0.0598956 0.0679239 0.0731723 0.0753303 0.0746655 0.0717466 0.0671906 0.0615457 0.05526 0.0486797 0.0420561 0.035568 0.0293485 0.023512 0.0181712 0.0134428 0.00943614 0.00622686 0.00382738
 0.00855742 0.0138996 0.0209108 0.0295082 0.0393718 0.0497949 0.0596569 0.0676979 0.0729807 0.0751953 0.0746049 0.0717674 0.0672867 0.0616994 0.0554491 0.0488832 0.0422589 0.0357604 0.0295249 0.0236682 0.0183041 0.0135504 0.00951814 0.00628515 0.00386569
 0.00901049 0.0146061 0.0219151 0.0308233 0.0409681 0.0515879 0.0614989 0.0693883 0.0743047 0.0759787 0.0747605 0.0713109 0.0663205 0.0603774 0.053938 0.0473319 0.0407821 0.0344346 0.0283927 0.0227456 0.0175874 0.0130218 0.00915008 0.00604497 0.00371992
 0.00876578 0.0142706 0.0215267 0.0304591 0.0407266 0.0515589 0.0617345 0.0698882 0.0750166 0.0768088 0.0755904 0.07202 0.0668123 0.0606011 0.0538969 0.0470756 0.0403862 0.0339783 0.027942 0.0223454 0.017261 0.0127749 0.00897656 0.00593181 0.00365174
 0.00862221 0.0140065 0.0210778 0.0297609 0.0397478 0.0503442 0.0604313 0.0687277 0.0742426 0.0765894 0.0759582 0.0728721 0.0679581 0.0618285 0.0550274 0.0479961 0.0410554 0.0344128 0.0281925 0.0224719 0.0173155 0.0127941 0.00898171 0.00593293 0.00365236
 0.00881788 0.0143013 0.0214741 0.0302355 0.0402458 0.0507795 0.0606987 0.0687336 0.0739503 0.0760537 0.0753204 0.0723066 0.0675991 0.0617189 0.0551167 0.0481801 0.0412285 0.0345064 0.0281868 0.0223862 0.0171874 0.0126603 0.00886718 0.00584821 0.00359698
 0.00855851 0.0139158 0.0209617 0.0296207 0.039573 0.050101 0.060064 0.0681804 0.0735001 0.0757136 0.0750955 0.0722162 0.0676819 0.0620166 0.0556427 0.0488952 0.0420434 0.0353115 0.0288894 0.022935 0.0175757 0.0129122 0.00901884 0.00593402 0.00364307
 0.00832695 0.0135174 0.0203255 0.0286777 0.0382844 0.0484971 0.0582712 0.0664111 0.0719969 0.0746737 0.0746167 0.0722899 0.0682268 0.0629249 0.056812 0.0502352 0.0434659 0.0367215 0.0301908 0.0240485 0.018457 0.0135575 0.00945675 0.00621 0.00380469
 0.00862796 0.0139722 0.0209413 0.0294265 0.039097 0.0492622 0.0588458 0.0666504 0.0718035 0.0740445 0.0736557 0.0711745 0.067145 0.062021 0.0561642 0.0498626 0.043347 0.0368083 0.0304175 0.0243419 0.0187503 0.0138045 0.00963745 0.00632666 0.00387185
 0.00882036 0.0143188 0.0215218 0.030326 0.0403729 0.0508971 0.0607096 0.0685014 0.0733417 0.0749977 0.0738597 0.0706157 0.065955 0.0604289 0.0544287 0.0482085 0.0419267 0.0356934 0.029612 0.0238047 0.018418 0.0136111 0.00952873 0.00626535 0.00383638
 0.00900361 0.0146255 0.022001 0.0310321 0.0413576 0.0521923 0.0623035 0.0703159 0.0752211 0.0767191 0.0751701 0.071291 0.0658653 0.0595826 0.0529727 0.0463839 0.0399987 0.0338873 0.0280748 0.0225984 0.0175365 0.0130067 0.00913759 0.00602553 0.00369702
 0.00854122 0.0139119 0.0210028 0.0297562 0.0398642 0.0506067 0.0608204 0.0691791 0.0746682 0.0769045 0.0761012 0.072811 0.0676921 0.0613913 0.0544896 0.0474558 0.0406139 0.0341424 0.0281129 0.0225497 0.0174845 0.012985 0.00914547 0.0060485 0.00372136
 0.00826591 0.0134189 0.0201809 0.0284849 0.0380562 0.0482698 0.058109 0.0663983 0.0722138 0.0751621 0.0753488 0.0731554 0.0690501 0.0635122 0.0570176 0.05002 0.0429168 0.0360168 0.0295255 0.0235611 0.0181921 0.0134788 0.00948934 0.00628266 0.00387286
 0.00835999 0.0135466 0.0203212 0.0285891 0.038044 0.0480335 0.0575328 0.0653969 0.0707852 0.0734309 0.0735673 0.0716477 0.0681138 0.0633229 0.0575757 0.0511598 0.0443713 0.0375082 0.0308436 0.0246005 0.0189431 0.0139886 0.00982175 0.00649332 0.00400203
 0.00838001 0.0135974 0.0204293 0.028785 0.0383458 0.0484251 0.0579446 0.0657058 0.0708411 0.0731063 0.0728125 0.070531 0.0668243 0.0621243 0.0567223 0.0508097 0.0445368 0.0380668 0.0316012 0.025369 0.0195959 0.0144755 0.0101501 0.00669819 0.00412215
 0.00840734 0.0136451 0.0205081 0.0289092 0.0385332 0.0486925 0.0583001 0.0661351 0.0712942 0.0734915 0.0730105 0.070431 0.0663739 0.0613691 0.0558091 0.0499422 0.0439016 0.037765 0.0316215 0.0256131 0.0199348 0.0148027 0.0104078 0.00687338 0.00422817
 0.00881717 0.0143003 0.0214705 0.0302202 0.0401955 0.0506475 0.0604106 0.0681935 0.0730636 0.0747626 0.0736431 0.070366 0.0656245 0.0600118 0.0539834 0.0478472 0.0417722 0.0358248 0.0300295 0.0244317 0.0191354 0.0143021 0.0101112 0.00670316 0.00413242
 0.00878696 0.014299 0.0215573 0.0304809 0.0407224 0.0515048 0.061602 0.069647 0.0746404 0.0762841 0.074925 0.0712491 0.0659996 0.0598349 0.0532803 0.0467109 0.040352 0.0343039 0.028589 0.0232101 0.0182019 0.0136551 0.0097009 0.00646243 0.00400018
 0.00846098 0.0137695 0.0207677 0.0293966 0.0393588 0.0499612 0.0600786 0.0684188 0.0739803 0.0763654 0.0757559 0.0726716 0.0677465 0.0616098 0.0548304 0.0478733 0.041071 0.0346218 0.0286152 0.0230782 0.018028 0.0135118 0.0096136 0.006424 0.00399116
#pred catch len freq
 0.00358914 0.00583318 0.00881048 0.012565 0.0171223 0.0224316 0.0283011 0.0343995 0.04033 0.0457155 0.0502551 0.0537574 0.0561636 0.0575458 0.0580724 0.0579661 0.0574697 0.056807 0.0561002 0.0552413 0.0537901 0.0510361 0.0463091 0.0394243 0.0309638
 0.00397011 0.00639273 0.00954467 0.0134399 0.0180946 0.0234755 0.0294203 0.0356106 0.0416252 0.0470332 0.0514802 0.054759 0.0568478 0.0578903 0.0581247 0.0578046 0.0571498 0.056318 0.0553575 0.0541246 0.0522174 0.0490391 0.0440613 0.0371961 0.0290228
