SBPRF35
7.78865
Curr Bio
543254
B35
680269
F35
0.224707
FOFL
0.184475
OFL
79959.8
Bzero
2.22533e+006
#pred survey bio
 4.47617e+006 4.20107e+006 3.94936e+006 3.67194e+006 3.37483e+006 3.06648e+006 2.77151e+006 2.46922e+006 2.19056e+006 1.9471e+006 1.74601e+006 1.52502e+006 1.35053e+006 1.19065e+006 1.06997e+006 950455 848195 763721 703309 655083 626509 604871 585830 574062 568698 563249 568662 572743 577639 563985 565085 562185 547765 549979 545042 531819 539963 538368 538483 551756 553114 564054 568886 575410 579387 582362 582022 588813 589098 586209 574565 528139 502535 465545 470051 493512 506495 519858 510430 534899 542917 1.97409e+007 1.20912e+007 1.2479e+007 1.31557e+007 1.39629e+007 1.47454e+007 1.54238e+007 1.59727e+007 1.63972e+007 1.67159e+007 1.69506e+007 1.71216e+007 1.72454e+007 1.7335e+007 1.74e+007 1.74473e+007 1.74819e+007 1.75074e+007 1.75263e+007 1.75404e+007 1.7551e+007 1.75589e+007 1.7565e+007 1.75696e+007 1.75731e+007 1.75757e+007 1.75778e+007 1.75793e+007 1.75805e+007 1.75815e+007 1.75822e+007 1.75827e+007 1.75832e+007 1.75835e+007 1.75837e+007 1.75839e+007 1.75841e+007 1.75842e+007 1.75843e+007 1.75844e+007 1.75844e+007 1.75845e+007 1.75845e+007 1.75845e+007 1.75846e+007 1.75846e+007 1.75846e+007 1.75846e+007 1.75846e+007 1.75846e+007 1.75846e+007 1.75846e+007 1.75846e+007 1.75846e+007 1.75846e+007 1.75846e+007 1.75846e+007 1.75846e+007 1.75846e+007 1.75846e+007 1.75846e+007 1.75846e+007 1.75846e+007 1.75846e+007 1.75846e+007 1.75846e+007 1.75846e+007 1.75846e+007 1.75846e+007 1.75846e+007 1.75846e+007 1.75846e+007 1.75846e+007 1.75846e+007 1.75846e+007 1.75846e+007 1.75846e+007 1.75846e+007 1.75846e+007 1.75846e+007 1.75846e+007 1.75846e+007 1.75846e+007 1.75846e+007 1.75846e+007 1.75846e+007 1.75846e+007 1.75846e+007 1.75846e+007 1.75846e+007 1.75846e+007 1.75846e+007 1.75846e+007 1.75846e+007 1.75846e+007 1.75846e+007 1.75846e+007 1.75846e+007 1.75846e+007 1.75846e+007 0 0 0 0 0 0 0 0 0 0 0 0 0 0 0 0 0 0 0 0 0 0 0 0 0
#obs survey bio
 4.01418e+006 4.25685e+006 3.47236e+006 2.56424e+006 2.18978e+006 2.41352e+006 2.00341e+006 2.24356e+006 1.79192e+006 1.99609e+006 1.89454e+006 1.32137e+006 1.38437e+006 1.29155e+006 1.00066e+006 1.02697e+006 555974 555952 642576 449285 572226 519280 473653 490290 355422 517109 513130 537566 712499 475488 566835 443556 478484 607662 468097 470670 627395 657112 667824 900253 474820 579812 545879 657288 594459 516652 502392 808638 719198 513682 649556 590694 479505 450666 441255 442458 573701 570690 468082 466245 580741
#pred catch bio
 100980 96509.8 145058 192489 235092 255625 293493 300195 292144 272632 303260 270366 261976 230169 229923 213445 195457 171677 157702 137667 129136 124908 117406 111145 110492 100580 100641 98120.4 110931 95956.2 97452.9 104640 88353 92314.3 96503.5 78152.5 90265.5 92915.9 83877.9 94189.2 86006.2 91178.4 89501.1 91298.8 91534.5 93636.8 87246.9 92497.8 94556.5 100964 128151 108869 118656 84964.2 71768.7 81712.5 81479.7 100332 73273 90819.5 82963.4 79959.8 97134.6 99131.1 103329 109048 114736 119601 123421 126258 128280 129679 130625 131253 131664 131931 132102 132211 132280 132324 132351 132369 132379 132386 132390 132393 132395 132396 132396 132397 132397 132397 132397 132397 132397 132397 132397 132397 132397 132397 132397 132397 132397 132397 132397 132397 132397 132397 132397 132397 132397 132397 132397 132397 132397 132397 132397 132397 132397 132397 132397 132397 132397 132397 132397 132397 132397 132397 132397 132397 132397 132397 132397 132397 132397 132397 132397 132397 132397 132397 132397 132397 132397 132397 132397 132397 132397 132397 132397 132397 132397 132397 132397 132397 132397 132397 132397 132397 132397 132397 132397 0 0 0 0 0 0 0 0 0 0 0 0 0 0 0 0 0 0 0 0 0 0 0 0 0
#obs catch bio
 0 96244.8 145611 193665 237672 258492 298736 306142 298054 278418 310347 276356 267168 232789 233904 216080 198514 174367 160685 140040 130935 126435 119484 112818 112737 102043 102124 99066.8 111787 96478.6 98144 105603 88768.2 92794 97426.7 78444.5 90556.4 93160.8 83544.5 93417.9 85510.9 90654.5 88977.6 90730.4 90877.3 93098.3 86483.9 91650.8 93535 99881.6 127239 106967 117610 84422.4 71375.5 81533.1 80932 100476 72652.3 90722.2 82881.7
#pred cpue bio
 4.4042e+006 4.13203e+006 3.88188e+006 3.60481e+006 3.30887e+006 3.00188e+006 2.70823e+006 2.40769e+006 2.13094e+006 1.88934e+006 1.69014e+006 1.47209e+006 1.30021e+006 1.14313e+006 1.02442e+006 907180 807223 724866 666248 619765 592426 571750 553346 541959 536847 531703 537279 541765 547177 534480 535888 533493 519893 522426 518193 505818 513215 510105 509227 522380 524192 534978 539791 546249 550283 553369 553180 559857 560242 557517 546300 501126 475677 439001 442814 465705 478829 492061 482815 505995 512974 1.86579e+007 1.14383e+007 1.1758e+007 1.23426e+007 1.31171e+007 1.38924e+007 1.45695e+007 1.51181e+007 1.55426e+007 1.58613e+007 1.6096e+007 1.6267e+007 1.63908e+007 1.64804e+007 1.65454e+007 1.65927e+007 1.66273e+007 1.66528e+007 1.66717e+007 1.66858e+007 1.66964e+007 1.67043e+007 1.67104e+007 1.6715e+007 1.67185e+007 1.67211e+007 1.67232e+007 1.67247e+007 1.67259e+007 1.67269e+007 1.67276e+007 1.67281e+007 1.67286e+007 1.67289e+007 1.67291e+007 1.67293e+007 1.67295e+007 1.67296e+007 1.67297e+007 1.67298e+007 1.67298e+007 1.67299e+007 1.67299e+007 1.67299e+007 1.67299e+007 1.673e+007 1.673e+007 1.673e+007 1.673e+007 1.673e+007 1.673e+007 1.673e+007 1.673e+007 1.673e+007 1.673e+007 1.673e+007 1.673e+007 1.673e+007 1.673e+007 1.673e+007 1.673e+007 1.673e+007 1.673e+007 1.673e+007 1.673e+007 1.673e+007 1.673e+007 1.673e+007 1.673e+007 1.673e+007 1.673e+007 1.673e+007 1.673e+007 1.673e+007 1.673e+007 1.673e+007 1.673e+007 1.673e+007 1.673e+007 1.673e+007 1.673e+007 1.673e+007 1.673e+007 1.673e+007 1.673e+007 1.673e+007 1.673e+007 1.673e+007 1.673e+007 1.673e+007 1.673e+007 1.673e+007 1.673e+007 1.673e+007 1.673e+007 1.673e+007 1.673e+007 1.673e+007 1.673e+007 1.673e+007 0 0 0 0 0 0 0 0 0 0 0 0 0 0 0 0 0 0 0 0 0 0 0 0 0
#obs cpue bio
 4.06698e+006 2.99056e+006 2.1704e+006 3.38716e+006 2.6638e+006 3.51006e+006 2.33835e+006 2.05769e+006 2.22675e+006 1.1549e+006 1.83786e+006 1.15414e+006 1.36497e+006 1.25944e+006 737506 900389 846353 727641 483618 658405 615565 611592 366545 547478 499895 541282 498422 614435 604377 501456 454501 637015 536252 483882 468750 513047 628075 436224 573993 602736 474604 642299 589400 562102 633575 655279 841679 519395 573057 640766 491981 815257 431950 397550 462888 528132 531694 367311 711278 508746 381751
#pred surv len freq
 0.00463881 0.00750544 0.0112533 0.0158654 0.0212573 0.02721 0.0333277 0.0391151 0.0441488 0.0482095 0.0512897 0.0535154 0.0550636 0.0561041 0.0567585 0.0570747 0.0570277 0.0565351 0.0554601 0.0535897 0.0506226 0.0462362 0.040271 0.0329514 0.0249689
 0.00505467 0.00808289 0.0119446 0.0165768 0.0218909 0.027721 0.0337557 0.0395596 0.044695 0.0488519 0.0519055 0.0539095 0.0550581 0.0556234 0.0558668 0.0559563 0.0559193 0.0556403 0.0548781 0.0532899 0.0504772 0.0460954 0.0400382 0.0326173 0.0245918
 0.00521076 0.0083863 0.0124859 0.0174523 0.0231579 0.029341 0.0355663 0.0413105 0.0461459 0.0498704 0.0524946 0.0541458 0.0549984 0.0552567 0.055146 0.0548727 0.0545557 0.0541606 0.0534622 0.0520588 0.0494573 0.0452404 0.0392858 0.0319381 0.0239995
 0.0054054 0.0086857 0.0129105 0.0180251 0.0239171 0.0303481 0.0368904 0.0429829 0.0481026 0.0519251 0.0543763 0.0555912 0.0558404 0.0554526 0.0547398 0.0539416 0.0531901 0.0524764 0.051609 0.0501978 0.0477195 0.0437011 0.0379717 0.0308539 0.0231458
 0.00562777 0.00904369 0.013442 0.0187613 0.0248762 0.0315283 0.0382676 0.0445178 0.049754 0.0536516 0.0561149 0.0572266 0.0571985 0.0563382 0.0549997 0.053512 0.0521041 0.0508431 0.049588 0.0479752 0.0454834 0.041614 0.0361514 0.0293673 0.0220133
 0.00588537 0.00945411 0.0140449 0.0195901 0.0259546 0.0328631 0.0398382 0.046269 0.0515995 0.0554899 0.0578483 0.0587707 0.0584747 0.0572557 0.0554482 0.053379 0.0513144 0.0493967 0.0475764 0.0455702 0.042906 0.0390942 0.0338878 0.0274961 0.0205929
 0.00611214 0.00982445 0.0146057 0.0203871 0.0270248 0.0342224 0.0414675 0.0481076 0.0535515 0.0574396 0.0596779 0.0603732 0.0597614 0.0581555 0.055898 0.0533138 0.0506697 0.0481321 0.0457109 0.0432102 0.0402458 0.0363831 0.0313762 0.0253786 0.0189707
 0.0063774 0.0102494 0.0152348 0.02126 0.0281731 0.0356615 0.0431845 0.0500511 0.0556302 0.0595314 0.0616456 0.0620837 0.0611017 0.0590429 0.056279 0.0531533 0.0499406 0.0468161 0.0438189 0.0408148 0.0375042 0.0335299 0.028677 0.0230632 0.0171755
 0.00665488 0.0106932 0.0158896 0.0221641 0.0293535 0.0371255 0.0449093 0.0519774 0.057666 0.0615639 0.0635546 0.0637514 0.0624209 0.0599247 0.056658 0.0529881 0.0492091 0.0455131 0.0419642 0.0384749 0.0348164 0.0307063 0.0259728 0.0207141 0.015334
 0.00685672 0.0110286 0.0164081 0.0229177 0.0303869 0.0384615 0.046532 0.0538248 0.0596368 0.0635357 0.0654023 0.0653605 0.0636949 0.060787 0.0570514 0.0528726 0.0485601 0.0443232 0.0402521 0.0363024 0.0323078 0.0280539 0.0234123 0.0184705 0.01356
 0.00701556 0.011285 0.016792 0.0234597 0.0311175 0.0394073 0.0477067 0.0552184 0.061207 0.0652051 0.0670647 0.0668955 0.0649861 0.0617372 0.0575891 0.0529504 0.0481493 0.0434126 0.0388545 0.0344699 0.030149 0.0257389 0.0211524 0.0164709 0.0119653
 0.00724216 0.0116569 0.0173582 0.024267 0.032201 0.0407746 0.0493233 0.0570042 0.0630486 0.0669792 0.0686577 0.0682131 0.0659554 0.0623059 0.0577252 0.0526396 0.0473915 0.0422195 0.0372535 0.0325169 0.0279445 0.0234352 0.0189375 0.0145276 0.0104218
 0.00745442 0.0119894 0.0178364 0.0249102 0.0330237 0.0417864 0.0505236 0.0583714 0.0645314 0.0684941 0.0700978 0.0694661 0.066923 0.0629181 0.0579424 0.0524473 0.046792 0.0412272 0.0358976 0.030851 0.0260592 0.021463 0.0170395 0.0128602 0.00909483
 0.00780146 0.0125249 0.0185888 0.0258861 0.0342079 0.0431428 0.0519946 0.0598806 0.0659922 0.0698237 0.0712267 0.0703393 0.0674968 0.0631589 0.0578297 0.051976 0.0459728 0.0400839 0.0344672 0.029189 0.0242488 0.019619 0.0152975 0.011349 0.00790221
 0.00794885 0.0127832 0.0190109 0.0265303 0.0351206 0.0443345 0.0534193 0.0614333 0.0675329 0.0712137 0.0723601 0.0711547 0.0679728 0.0632993 0.0576496 0.0514932 0.0452052 0.0390529 0.0332038 0.0277416 0.0226898 0.0180459 0.0138229 0.0100774 0.00690308
 0.0081545 0.0131091 0.0194874 0.0271844 0.0359766 0.0454103 0.0547155 0.0629171 0.0691234 0.0727813 0.0737451 0.0722039 0.0685787 0.0634235 0.0573195 0.0507778 0.0441862 0.0378055 0.0317924 0.0262271 0.0211407 0.016544 0.0124569 0.00892578 0.00601337
 0.00836166 0.0134382 0.0199684 0.0278395 0.0368164 0.0464285 0.0558826 0.06418 0.0704121 0.0740179 0.074849 0.0730921 0.0691692 0.0636482 0.0571431 0.0502104 0.0432808 0.036642 0.0304588 0.0248083 0.0197173 0.0151943 0.0112549 0.00793056 0.00525561
 0.00849442 0.0136586 0.0203082 0.0283312 0.0374857 0.0472832 0.0569016 0.0653084 0.0715692 0.075113 0.075798 0.0738284 0.0696456 0.0638345 0.0570234 0.0497845 0.0425691 0.0356891 0.0293309 0.0235854 0.0184833 0.0140296 0.0102286 0.00709138 0.00462448
 0.00857279 0.0137783 0.0204753 0.0285492 0.0377599 0.0476238 0.0573238 0.0658259 0.0721828 0.0758007 0.0765124 0.0745039 0.0702127 0.0642333 0.0572113 0.0497383 0.0422849 0.0351827 0.0286393 0.0227653 0.0176057 0.0131699 0.0094545 0.00645179 0.00414168
 0.00867961 0.0139391 0.0206932 0.0288183 0.0380666 0.0479507 0.0576536 0.0661456 0.0724872 0.0760941 0.0768042 0.0747986 0.0704999 0.0644843 0.0573847 0.0497921 0.0421876 0.0349213 0.0282229 0.0222255 0.0169928 0.0125446 0.00887609 0.0059659 0.00377164
 0.00876871 0.0140655 0.0208491 0.0289847 0.038218 0.0480644 0.0577168 0.0661592 0.0724653 0.0760611 0.0767903 0.074833 0.0706019 0.0646541 0.0575993 0.0500083 0.0423532 0.0349899 0.0281667 0.0220428 0.0167081 0.0122014 0.00852505 0.00565147 0.00352196
 0.00891727 0.0142847 0.0211366 0.0293217 0.0385716 0.0483937 0.0579799 0.0663204 0.0725033 0.0759773 0.0766113 0.0746049 0.0703771 0.0644763 0.0574921 0.0499695 0.0423575 0.0349977 0.0281382 0.0219514 0.0165489 0.0119916 0.00829585 0.00543622 0.00334519
 0.00895891 0.0143658 0.0212825 0.0295604 0.0389233 0.0488546 0.0585107 0.0668483 0.0729416 0.0762523 0.0766852 0.0744837 0.070104 0.064116 0.0571118 0.0496221 0.0420709 0.0347727 0.0279557 0.0217854 0.0163796 0.0118132 0.00811699 0.00527277 0.00321156
 0.00902406 0.0144532 0.0213813 0.0296532 0.0389959 0.0489086 0.0585692 0.0669466 0.0731051 0.0764759 0.076928 0.0746848 0.0702103 0.0641045 0.0569953 0.0494391 0.0418659 0.0345801 0.0277905 0.0216455 0.0162545 0.011694 0.0080022 0.00516793 0.00312434
 0.00897768 0.0143927 0.0213165 0.0295997 0.0389677 0.0489085 0.0585854 0.0669599 0.0731049 0.0764717 0.0769459 0.0747496 0.0703253 0.0642462 0.0571261 0.0495279 0.0419018 0.0345713 0.0277545 0.021597 0.0162009 0.0116376 0.00794429 0.00511197 0.00307525
 0.00891716 0.0142999 0.0211884 0.0294397 0.0387874 0.0487286 0.0584331 0.0668626 0.0730793 0.0765167 0.0770448 0.0748809 0.0704734 0.0644033 0.057286 0.0496793 0.0420295 0.0346635 0.0278079 0.021617 0.0161968 0.0116184 0.00791698 0.00508211 0.0030474
 0.00876017 0.0140555 0.0208413 0.0289847 0.0382318 0.0480961 0.0577679 0.066229 0.0725539 0.0761715 0.0769283 0.0750053 0.0708125 0.0649028 0.0578786 0.0502999 0.042624 0.0351923 0.028247 0.0219578 0.0164436 0.0117841 0.00801913 0.00513859 0.00307431
 0.00859885 0.0138065 0.0204914 0.0285306 0.0376809 0.0474668 0.0570915 0.0655515 0.071934 0.0756734 0.0766116 0.0749133 0.0709625 0.0652798 0.0584369 0.0509721 0.043336 0.035877 0.0288545 0.0224586 0.0168281 0.0120587 0.00820083 0.00524918 0.00313561
 0.00851676 0.0136636 0.0202595 0.0281793 0.0371869 0.0468268 0.0563339 0.064738 0.0711473 0.0749989 0.0761205 0.0746539 0.0709584 0.0655288 0.0589111 0.0516198 0.0440878 0.036657 0.0295926 0.023102 0.0173471 0.0124465 0.00846863 0.00541962 0.00323504
 0.0085942 0.0137847 0.020431 0.0283997 0.0374411 0.0470812 0.0565363 0.0648265 0.0710701 0.0747359 0.0756955 0.0741296 0.070418 0.0650546 0.0585671 0.0514413 0.0440776 0.0367884 0.0298188 0.0233688 0.0176066 0.012666 0.00863365 0.00553084 0.00330245
 0.00848223 0.0136162 0.0202031 0.0281198 0.0371259 0.0467542 0.0562234 0.0645509 0.0708465 0.0745658 0.0755693 0.074036 0.0703549 0.0650344 0.0586124 0.051574 0.0443078 0.0371068 0.0301971 0.0237664 0.0179811 0.0129841 0.00887795 0.00570059 0.00340905
 0.00841775 0.0135115 0.0200462 0.0279014 0.036843 0.0464154 0.0558524 0.0641857 0.0705302 0.0743338 0.0754387 0.0740026 0.070399 0.0651325 0.0587484 0.0517443 0.0445177 0.0373615 0.0304922 0.0240841 0.0182939 0.0132635 0.00910345 0.00586459 0.00351636
 0.00845074 0.0135632 0.0201199 0.0279971 0.0369553 0.0465314 0.055952 0.0642448 0.0705286 0.0742636 0.0753076 0.0738306 0.07021 0.0649468 0.0585804 0.0516048 0.0444172 0.0373108 0.030498 0.0241441 0.0183944 0.013383 0.0092194 0.00596065 0.00358559
 0.00825322 0.013266 0.0197174 0.027501 0.0363926 0.0459397 0.0553752 0.0637304 0.070122 0.0740004 0.0752075 0.0738947 0.0704229 0.0652809 0.0589999 0.0520714 0.0448962 0.0377754 0.0309312 0.0245358 0.0187377 0.0136715 0.00944833 0.00612926 0.00369931
 0.00822139 0.0131983 0.0195871 0.0272761 0.0360469 0.0454687 0.0548086 0.0631304 0.0695671 0.0735617 0.0749306 0.073795 0.0704915 0.065493 0.0593229 0.0524697 0.0453342 0.0382209 0.0313579 0.0249245 0.0190759 0.0139518 0.00966791 0.00628997 0.00380782
 0.00895129 0.0142326 0.0208603 0.0286282 0.0372637 0.0463511 0.0552314 0.0630649 0.0690684 0.0727406 0.073924 0.0727391 0.0694989 0.0646391 0.0586436 0.051969 0.0449956 0.0380174 0.0312588 0.0249002 0.0190997 0.0140015 0.00972597 0.00634401 0.00385083
 0.00940571 0.0149596 0.0219245 0.0300588 0.0390233 0.0482998 0.0571149 0.0645556 0.0698663 0.0726878 0.073065 0.0712923 0.0677622 0.0628893 0.0570748 0.0506791 0.0440058 0.0373015 0.0307694 0.0245855 0.0189123 0.0139015 0.00968142 0.00633095 0.00385259
 0.00915717 0.0146848 0.0217501 0.0301836 0.0396653 0.0496088 0.0590889 0.0670041 0.0724383 0.0749545 0.0746314 0.071905 0.0673784 0.0616749 0.0553323 0.048741 0.0421439 0.0356851 0.029469 0.0236017 0.0182073 0.0134227 0.00937462 0.00614688 0.00375016
 0.00880584 0.0141427 0.0209973 0.0292447 0.038632 0.0486574 0.0584728 0.0669982 0.0732341 0.0765505 0.0767869 0.0741986 0.0693489 0.0629754 0.0558268 0.0485097 0.0414122 0.0347207 0.0284971 0.0227633 0.0175607 0.012967 0.00907812 0.00596832 0.00365086
 0.00869108 0.0139184 0.0205914 0.0285711 0.0376179 0.0472881 0.0568362 0.0653034 0.0717856 0.075676 0.0767364 0.0750475 0.0709491 0.0649893 0.0578394 0.0501704 0.0425364 0.0353089 0.0286785 0.0227104 0.0174197 0.0128277 0.00897716 0.00590863 0.00362134
 0.00873383 0.0139866 0.0206875 0.0286855 0.0377181 0.0473092 0.0566852 0.0648881 0.0710657 0.0747145 0.0757145 0.0742211 0.0705565 0.0651508 0.0585022 0.0511307 0.0435279 0.0361102 0.0291833 0.022932 0.0174448 0.0127571 0.00888586 0.00583462 0.00357414
 0.00866211 0.0138767 0.0205349 0.0284919 0.0374911 0.0470604 0.0564249 0.0646171 0.0707683 0.0743623 0.075289 0.0737471 0.0701219 0.0648895 0.0585368 0.0515059 0.0441778 0.0368835 0.029911 0.0234959 0.0178074 0.0129482 0.0089647 0.0058566 0.00357511
 0.00863276 0.0138314 0.0204713 0.0284094 0.037391 0.0469459 0.0563011 0.06449 0.0706421 0.0742343 0.0751472 0.0735743 0.0699111 0.0646621 0.0583503 0.051436 0.04428 0.0371578 0.0302958 0.0238975 0.0181445 0.0131812 0.00909771 0.00591823 0.00359711
 0.00856123 0.0137227 0.020322 0.0282216 0.0371719 0.0467069 0.0560571 0.0642588 0.0704425 0.0740823 0.0750513 0.0735323 0.0699106 0.0646873 0.0583933 0.0515058 0.0444007 0.0373516 0.0305633 0.0242086 0.0184498 0.0134357 0.00927888 0.00602873 0.00365501
 0.00851299 0.013646 0.0202102 0.0280701 0.0369804 0.0464811 0.0558106 0.0640123 0.0702203 0.0739062 0.0749359 0.0734829 0.0699232 0.0647508 0.0584937 0.0516318 0.0445486 0.0375255 0.0307673 0.0244371 0.0186838 0.0136485 0.00944841 0.00614635 0.00372597
 0.00850042 0.0136215 0.0201656 0.0279955 0.0368659 0.046321 0.0556072 0.0637781 0.0699761 0.073678 0.0747492 0.0733579 0.0698708 0.064771 0.0585768 0.0517627 0.0447119 0.0377096 0.0309646 0.024641 0.0188844 0.0138318 0.0096004 0.00625892 0.00379968
 0.00853191 0.0136677 0.0202255 0.0280635 0.0369323 0.0463724 0.0556282 0.0637542 0.0698981 0.0735462 0.0745759 0.0731655 0.0696864 0.0646196 0.0584751 0.0517173 0.04472 0.0377624 0.0310511 0.0247499 0.0190038 0.0139495 0.00970466 0.00634133 0.00385739
 0.00845344 0.0135519 0.020073 0.0278824 0.0367354 0.0461732 0.0554377 0.0635802 0.0697462 0.0734215 0.0744834 0.0731104 0.069674 0.064654 0.0585583 0.0518472 0.0448894 0.0379598 0.0312625 0.0249607 0.0192009 0.0141221 0.00984539 0.00644708 0.00392982
 0.00845798 0.0135532 0.0200641 0.0278544 0.0366807 0.0460909 0.0553364 0.0634757 0.0696549 0.0733524 0.0744352 0.073075 0.0696432 0.0646257 0.0585378 0.0518439 0.0449123 0.0380132 0.0313442 0.0250627 0.0193117 0.0142297 0.00993968 0.00652185 0.00398329
 0.00838865 0.0134607 0.0199617 0.0277654 0.0366299 0.0460925 0.0553856 0.0635507 0.0697279 0.073403 0.0744567 0.0730715 0.0696228 0.064595 0.0585014 0.0518075 0.0448837 0.0380008 0.031354 0.0250953 0.0193623 0.0142894 0.00999882 0.00657276 0.00402192
 0.00841481 0.0134962 0.0200032 0.027808 0.0366726 0.0461426 0.0554598 0.0636671 0.0698928 0.0735997 0.0746469 0.0732097 0.0696754 0.0645525 0.0583779 0.051631 0.0446857 0.0378092 0.0311892 0.0249693 0.0192779 0.0142421 0.00997924 0.00657011 0.00402701
 0.00895879 0.0143163 0.0211164 0.0291844 0.0382398 0.0477981 0.0570801 0.0651167 0.0710393 0.0743355 0.0749081 0.0729841 0.0689987 0.0635003 0.0570553 0.0501595 0.0431873 0.0363901 0.0299286 0.023915 0.0184474 0.0136272 0.00955344 0.00629584 0.00386373
 0.00918324 0.0146926 0.0217014 0.0300308 0.0393767 0.049203 0.0586588 0.0667082 0.0724526 0.0754023 0.0755224 0.0731126 0.068668 0.0627752 0.0560226 0.048918 0.0418414 0.0350426 0.0286708 0.0228164 0.0175494 0.0129416 0.00906596 0.00597463 0.00366861
 0.00945323 0.0151269 0.0223473 0.0309311 0.0405632 0.050684 0.060399 0.0686117 0.0743587 0.0771032 0.0768022 0.0737984 0.0686737 0.0621204 0.0548179 0.0473282 0.040046 0.0332071 0.0269318 0.0212753 0.0162691 0.0119464 0.00834517 0.00549069 0.00336915
 0.00917714 0.0147156 0.0218002 0.0302786 0.0398663 0.0500298 0.0598952 0.068374 0.0744884 0.077653 0.0777462 0.075021 0.0699897 0.063322 0.0557307 0.0478544 0.0401773 0.033009 0.0265114 0.0207482 0.0157351 0.0114756 0.00797427 0.00522708 0.0031996
 0.00888833 0.0142423 0.0210838 0.0292705 0.038548 0.0484415 0.0581586 0.0666915 0.0731064 0.0768023 0.0775825 0.0755867 0.0712034 0.0649949 0.0576086 0.0496768 0.0417367 0.034189 0.0272931 0.0211872 0.0159252 0.0115146 0.00794137 0.00517391 0.00315254
 0.00889728 0.0142343 0.021028 0.0291191 0.0382422 0.047925 0.0573973 0.0656951 0.0719451 0.0756115 0.0765457 0.0748949 0.071001 0.0653326 0.0584251 0.0508155 0.0429918 0.0353642 0.0282495 0.0218661 0.016341 0.0117268 0.00802296 0.00518762 0.00314035
 0.00889365 0.0142302 0.0210236 0.029111 0.0382184 0.0478589 0.0572462 0.0654077 0.0714798 0.074961 0.0757572 0.0740741 0.070294 0.064888 0.0583462 0.0511239 0.0436179 0.0361704 0.0290774 0.0225858 0.0168813 0.0120785 0.00821992 0.00528025 0.00317475
 0.00933143 0.0148759 0.0218726 0.0301153 0.0392989 0.0489257 0.0582117 0.0661874 0.0719889 0.0751184 0.0755037 0.0733994 0.069259 0.0636272 0.057043 0.0499623 0.0427301 0.0356038 0.0287952 0.0224978 0.0168881 0.0121061 0.00823197 0.00527144 0.00315449
 0.00936963 0.0149446 0.0219864 0.0302869 0.0395304 0.0491985 0.0584834 0.0664018 0.0720981 0.0751028 0.0753752 0.0731849 0.0689814 0.0633007 0.0566862 0.0496126 0.0424428 0.0354309 0.0287595 0.0225806 0.0170395 0.0122696 0.00836698 0.00536204 0.00320466
 0.00915593 0.0146731 0.0217177 0.0301239 0.0395889 0.0495608 0.0591568 0.0673064 0.0730876 0.0760076 0.0760478 0.0735344 0.0689866 0.0630029 0.0561662 0.0489676 0.0417687 0.0348117 0.0282565 0.0222232 0.0168218 0.0121595 0.00832313 0.00534938 0.00320196
#obs surv len freq
 nan nan nan nan nan nan nan nan nan nan nan nan nan nan nan nan nan nan nan nan nan nan nan nan nan
 0.00449005 0.0073535 0.0111849 0.0160013 0.0217004 0.0279728 0.0342833 0.0400113 0.0446887 0.0481514 0.0505092 0.0520055 0.0528985 0.0534116 0.0537265 0.0539819 0.0542608 0.0545538 0.0546927 0.0542847 0.0527228 0.0493551 0.043805 0.0362852 0.0276691
 0.00461329 0.00755886 0.0115028 0.0164617 0.0223251 0.0287636 0.0352104 0.0410115 0.0456749 0.049032 0.0512055 0.0524634 0.0530924 0.0533433 0.0534199 0.053475 0.0535974 0.0537765 0.0538406 0.0533946 0.0518336 0.0485099 0.0430489 0.0356563 0.0271884
 0.0047764 0.00782413 0.0119025 0.0170269 0.0230803 0.0297183 0.0363484 0.042284 0.047003 0.0503161 0.0523398 0.0533504 0.0536565 0.0535405 0.0532415 0.052945 0.0527635 0.0527002 0.0525893 0.0520393 0.0504498 0.0471782 0.0418493 0.0346549 0.0264216
 0.00496182 0.00812847 0.0123659 0.0176882 0.0239696 0.0308449 0.0376888 0.0437783 0.0485632 0.0518422 0.0537322 0.0545163 0.0545116 0.054014 0.0532843 0.0525381 0.0519226 0.0514742 0.0510548 0.0502951 0.0486121 0.0453747 0.0402055 0.0332733 0.0253598
 0.00517759 0.00847956 0.012895 0.0184359 0.024967 0.0321023 0.0391832 0.0454478 0.0503146 0.0535666 0.0553221 0.0558744 0.0555542 0.0546701 0.053496 0.0522639 0.0511451 0.0502097 0.049361 0.0482741 0.0464074 0.0431579 0.0381525 0.0315302 0.0240118
 0.00541371 0.00886647 0.0134829 0.019273 0.0260903 0.0335222 0.0408687 0.0473221 0.0522668 0.0554737 0.0570686 0.057362 0.0567027 0.0554138 0.0537807 0.0520453 0.0503929 0.0489173 0.0475615 0.0460553 0.0439186 0.0405995 0.0357432 0.0294603 0.0223982
 0.00565053 0.00925578 0.0140769 0.0201236 0.027239 0.0349851 0.0426198 0.0492869 0.0543318 0.0575077 0.0589439 0.058968 0.0579507 0.0562366 0.0541271 0.0518755 0.0496761 0.0476384 0.0457373 0.0437569 0.0412878 0.0378457 0.0331103 0.027171 0.0205974
 0.00588832 0.00964518 0.0146685 0.0209667 0.0283734 0.0364265 0.044345 0.0512272 0.0563816 0.059543 0.0608409 0.0606149 0.0592536 0.0571207 0.0545355 0.0517657 0.0490167 0.0464121 0.0439536 0.041475 0.0386387 0.0350351 0.0303902 0.0247809 0.018701
 0.006139 0.0100548 0.0152888 0.0218471 0.0295516 0.0379134 0.0461096 0.0531918 0.0584327 0.0615543 0.0626925 0.0622046 0.0604987 0.0579559 0.0549097 0.0516388 0.0483574 0.0452014 0.042197 0.0392238 0.0360133 0.0322321 0.0276582 0.0223634 0.0167702
 0.00638258 0.0104557 0.0159012 0.0227242 0.0307347 0.039415 0.0478961 0.0551783 0.060496 0.0635575 0.0645091 0.0637317 0.0616599 0.0586981 0.0551971 0.0514449 0.0476615 0.0439896 0.0404741 0.037035 0.0334675 0.0295122 0.0249998 0.0200019 0.0148763
 0.0066258 0.0108528 0.0165021 0.0235768 0.0318757 0.0408559 0.0496078 0.0570847 0.0624831 0.0654937 0.0662668 0.0652021 0.0627606 0.0593745 0.0554181 0.0511958 0.0469356 0.0427861 0.0388052 0.0349452 0.0310563 0.0269453 0.0224928 0.0177725 0.0130846
 0.00683536 0.0111996 0.0170352 0.0243453 0.0329187 0.0421863 0.0511967 0.0588565 0.0643274 0.0672871 0.067893 0.0665635 0.0637813 0.0600006 0.0556163 0.0509498 0.0462419 0.0416508 0.0372484 0.0330144 0.0288445 0.0246017 0.0202093 0.0157433 0.0114529
 0.00706223 0.0115688 0.0175917 0.0251309 0.0339642 0.0434985 0.0527447 0.0605662 0.0660906 0.0689816 0.069403 0.0677932 0.0646618 0.0604892 0.0556927 0.05061 0.0454921 0.0405058 0.035735 0.0311826 0.026783 0.0224449 0.0181263 0.0139029 0.00997811
 0.00727735 0.0119237 0.0181348 0.0259091 0.035012 0.044821 0.0543017 0.0622694 0.067818 0.0706035 0.0708052 0.0688896 0.0653957 0.0608309 0.0556345 0.0501602 0.0446696 0.0393361 0.0342532 0.0294421 0.0248673 0.0204741 0.0162465 0.0122568 0.00866737
 0.00744109 0.0121935 0.0185478 0.0265028 0.0358175 0.0458518 0.0555412 0.0636641 0.0692821 0.0720324 0.0720924 0.0699408 0.0661391 0.0612221 0.0556558 0.0498157 0.0439782 0.0383271 0.032966 0.0279319 0.0232131 0.0187825 0.0146425 0.0108595 0.00755925
 0.00753781 0.0123543 0.0187969 0.0268659 0.036318 0.0465043 0.0563439 0.0645942 0.0702979 0.0730783 0.0731039 0.0708493 0.0668767 0.0617281 0.0558841 0.0497395 0.0435918 0.037644 0.032018 0.0267697 0.0219099 0.0174336 0.013356 0.00973608 0.00666777
 0.00758558 0.0124285 0.0189028 0.0270082 0.0365027 0.0467405 0.0566442 0.0649724 0.0707634 0.0736302 0.073727 0.0715108 0.0675282 0.0623098 0.0563323 0.049996 0.0436127 0.037407 0.0315268 0.026056 0.021033 0.0164766 0.0124138 0.00889729 0.00599419
 0.00767547 0.0125614 0.019078 0.0272166 0.0367291 0.0469691 0.0568634 0.0651778 0.0709598 0.0738312 0.0739508 0.0717731 0.0678321 0.0626394 0.056651 0.0502522 0.0437506 0.037379 0.0313054 0.0256429 0.0204622 0.0158102 0.0117305 0.00827346 0.0054853
 0.00774785 0.0126769 0.019247 0.0274448 0.0370143 0.0472966 0.0572039 0.065492 0.0712101 0.073996 0.0740334 0.0717994 0.0678386 0.0626576 0.0566946 0.050311 0.0437921 0.0373592 0.0311829 0.0253941 0.0200918 0.0153531 0.0112426 0.00781547 0.00510456
 0.00777502 0.0127193 0.0193078 0.0275265 0.0371188 0.0474253 0.0573562 0.0656632 0.0713887 0.0741649 0.0741737 0.0718981 0.0678949 0.0626839 0.0567099 0.0503294 0.0438136 0.0373655 0.0311445 0.0252829 0.0198952 0.0150826 0.0109319 0.00750834 0.0048398
 0.00782189 0.0127883 0.0193981 0.0276328 0.0372328 0.0475388 0.0574633 0.0657611 0.0714775 0.0742454 0.0742455 0.0719581 0.0679379 0.0627056 0.0567107 0.0503147 0.0437894 0.0373326 0.0310939 0.0251991 0.0197656 0.0149069 0.010726 0.00729927 0.00465487
 0.00784053 0.0128152 0.0194323 0.0276707 0.037269 0.0475669 0.0574783 0.0657606 0.0714636 0.0742255 0.0742309 0.07196 0.0679629 0.0627528 0.0567721 0.0503798 0.0438485 0.0373778 0.0311175 0.025193 0.0197227 0.0148262 0.010616 0.00717711 0.00454008
 0.00787325 0.012863 0.0194941 0.0277418 0.0373417 0.0476326 0.0575287 0.0657891 0.0714665 0.0742032 0.0741888 0.0719081 0.0679138 0.0627177 0.0567576 0.0503856 0.0438684 0.0374018 0.0311351 0.0251945 0.0197012 0.0147796 0.0105488 0.00709979 0.00446528
 0.00789714 0.0129014 0.0195507 0.0278187 0.0374383 0.0477432 0.0576419 0.0658892 0.0715372 0.0742332 0.0741751 0.0718567 0.0678371 0.0626307 0.0566746 0.0503171 0.043819 0.0373699 0.0311139 0.0251749 0.0196752 0.0147425 0.0105012 0.00704679 0.00441437
 0.0079055 0.0129111 0.0195582 0.0278192 0.0374274 0.0477202 0.0576113 0.0658596 0.0715174 0.0742277 0.0741823 0.0718708 0.0678512 0.0626413 0.056682 0.0503248 0.0438308 0.0373875 0.0311356 0.0251956 0.0196887 0.0147444 0.0104906 0.00702667 0.00439028
 0.00790202 0.0129044 0.0195464 0.0277992 0.0373959 0.0476745 0.0575503 0.065786 0.0714384 0.0741547 0.0741281 0.0718452 0.0678576 0.0626756 0.0567357 0.0503883 0.043897 0.0374522 0.0311959 0.0252487 0.0197312 0.0147734 0.0105052 0.00702909 0.00438474
 0.00791556 0.012919 0.0195544 0.0277897 0.0373572 0.0475993 0.0574404 0.065652 0.0712972 0.074024 0.0740234 0.0717777 0.0678337 0.0626964 0.0567962 0.0504786 0.0440043 0.0375642 0.0313026 0.025343 0.0198087 0.0148317 0.0105444 0.00705155 0.00439473
 0.00789629 0.0128936 0.0195269 0.0277659 0.0373418 0.0475916 0.0574317 0.0656287 0.0712472 0.0739448 0.0739241 0.0716765 0.067751 0.0626479 0.0567894 0.0505126 0.0440713 0.0376524 0.031399 0.0254363 0.0198903 0.0148966 0.0105911 0.00708148 0.00441138
 0.0078552 0.0128236 0.0194165 0.0276047 0.0371254 0.047328 0.0571449 0.0653549 0.0710238 0.0737968 0.0738584 0.0716845 0.0678182 0.0627615 0.0569405 0.0506942 0.0442751 0.0378669 0.0316109 0.025632 0.0200589 0.0150316 0.010691 0.00714927 0.0044532
 0.00787607 0.0128493 0.0194394 0.0276116 0.0371001 0.0472554 0.057017 0.0651746 0.0708073 0.0735712 0.0736558 0.0715333 0.0677349 0.0627483 0.0569889 0.0507908 0.0444064 0.0380202 0.0317738 0.0257921 0.0202044 0.0151536 0.010785 0.00721535 0.00449541
 0.00785551 0.0128205 0.0194041 0.0275734 0.0370613 0.0472142 0.0569656 0.0651013 0.0707018 0.0734322 0.0734944 0.071372 0.0676013 0.0626665 0.0569721 0.0508391 0.044509 0.0381607 0.0319344 0.0259559 0.0203572 0.0152848 0.0108884 0.00728994 0.00454431
 0.00781624 0.0127567 0.0193088 0.0274415 0.0368926 0.0470162 0.056755 0.0649013 0.0705345 0.0733103 0.0734187 0.0713352 0.0675961 0.0626911 0.0570311 0.050938 0.0446488 0.0383346 0.0321288 0.0261541 0.0205427 0.0154447 0.0110152 0.00738216 0.00460547
 0.00778961 0.012711 0.0192356 0.0273318 0.0367388 0.0468166 0.0565172 0.0646436 0.0702838 0.073096 0.0732654 0.0712562 0.0675917 0.0627515 0.0571419 0.0510865 0.044826 0.0385334 0.0323405 0.0263667 0.0207425 0.0156188 0.0111551 0.00748515 0.0046746
 0.00774141 0.0126327 0.0191181 0.0271668 0.0365213 0.0465472 0.0562055 0.06431 0.0699567 0.0728074 0.0730453 0.0711279 0.0675675 0.0628306 0.0573109 0.0513234 0.0451062 0.0388341 0.0326428 0.0266548 0.0210029 0.0158404 0.0113309 0.00761399 0.00476108
 0.00934664 0.0148773 0.0218218 0.0299366 0.0388655 0.0480574 0.0567009 0.0638646 0.0688158 0.0712647 0.0713525 0.0694612 0.0660343 0.0614883 0.0561833 0.0504114 0.0443945 0.0382985 0.0322553 0.0263876 0.0208296 0.0157368 0.0112753 0.00758836 0.00475176
 0.00934425 0.0151676 0.0227769 0.032016 0.0424147 0.053037 0.0625149 0.0694577 0.0730478 0.0733601 0.0711573 0.0673832 0.0627654 0.0577108 0.0524014 0.0469223 0.0413373 0.0357164 0.0301415 0.0247111 0.019547 0.014797 0.0106215 0.0071604 0.00449069
 0.0089779 0.0145973 0.0219874 0.0310665 0.0414902 0.0524799 0.0627814 0.0709541 0.0758853 0.0771748 0.0751574 0.0706486 0.0646297 0.0579921 0.0513698 0.0450813 0.0391884 0.0336233 0.0283059 0.0232113 0.018388 0.0139467 0.0100312 0.00677521 0.00425642
 0.0087967 0.0142897 0.0215015 0.0303508 0.0405143 0.051271 0.0614681 0.0697916 0.0752289 0.0773787 0.0764156 0.0728513 0.0673378 0.0605811 0.0532805 0.046031 0.0392245 0.0330189 0.0273952 0.0222642 0.0175641 0.0133085 0.00957911 0.00647944 0.00407746
 0.00874274 0.0141918 0.0213341 0.0300807 0.0401046 0.0506905 0.0607067 0.0688797 0.074258 0.0765141 0.0758822 0.0728752 0.0680471 0.061913 0.0549619 0.0476693 0.0404676 0.0336897 0.0275242 0.0220218 0.0171543 0.0128897 0.00923679 0.00623806 0.00392601
 0.00872128 0.0141578 0.0212837 0.0300083 0.0400005 0.0505387 0.0604845 0.0685623 0.0738297 0.0759855 0.0753087 0.0723659 0.0677497 0.0619652 0.0554232 0.0484697 0.0414165 0.034551 0.0281181 0.0222891 0.0171511 0.0127306 0.00903233 0.00605846 0.00379815
 0.00869813 0.0141206 0.0212286 0.0299324 0.0399022 0.0504185 0.0603444 0.0684035 0.0736495 0.0757758 0.0750621 0.0720887 0.0674769 0.0617655 0.0553811 0.0486469 0.0418097 0.0350782 0.0286481 0.0227009 0.0173845 0.0127981 0.00899206 0.00597566 0.0037181
 0.00868568 0.0140988 0.021193 0.0298778 0.0398246 0.0503165 0.0602212 0.0682667 0.0735088 0.0756389 0.0749315 0.0719619 0.0673522 0.0616512 0.0553035 0.0486461 0.041921 0.0353068 0.0289558 0.0230178 0.0176414 0.0129571 0.00905626 0.00597568 0.00368981
 0.00867214 0.0140792 0.0211679 0.0298487 0.0397928 0.0502819 0.0601812 0.0682175 0.0734473 0.075565 0.0748481 0.0718739 0.0672645 0.0615686 0.0552338 0.0486036 0.0419256 0.0353751 0.0290882 0.0231918 0.0178182 0.0130997 0.00914552 0.00601463 0.00369534
 0.00864845 0.0140417 0.0211135 0.0297759 0.0397026 0.050179 0.0600742 0.0681176 0.0733649 0.0755061 0.0748128 0.0718578 0.0672612 0.0615736 0.0552456 0.0486248 0.0419632 0.0354381 0.0291822 0.0233126 0.0179501 0.0132208 0.00923816 0.00607225 0.00372292
 0.00865864 0.0140538 0.0211234 0.0297772 0.0396879 0.0501429 0.0600159 0.0680418 0.0732808 0.0754244 0.0747431 0.0718059 0.0672288 0.0615582 0.0552434 0.048633 0.0419821 0.0354708 0.0292323 0.0233805 0.0180301 0.0133018 0.00930775 0.00612256 0.00375298
 0.00865403 0.0140505 0.0211259 0.0297911 0.0397175 0.0501873 0.0600668 0.068085 0.0733013 0.0754132 0.0747006 0.0717413 0.0671552 0.0614878 0.0551844 0.0485891 0.0419543 0.0354594 0.0292378 0.0234026 0.0180658 0.0133448 0.00935005 0.00615725 0.00377675
 0.00862993 0.0140123 0.0210707 0.0297181 0.0396293 0.0500914 0.0599758 0.0680137 0.0732612 0.0754075 0.0747228 0.0717789 0.0671962 0.0615257 0.0552183 0.0486221 0.0419895 0.0354989 0.0292822 0.0234513 0.018117 0.0133952 0.00939538 0.00619377 0.00380271
 0.00861263 0.013987 0.0210379 0.0296796 0.0395879 0.0500492 0.0599343 0.0679741 0.0732265 0.0753821 0.0747115 0.071784 0.0672157 0.0615538 0.0552485 0.0486498 0.0420141 0.0355223 0.0293071 0.0234793 0.018148 0.0134273 0.00942577 0.00621949 0.00382199
 0.00861651 0.0139871 0.0210269 0.0296478 0.0395264 0.0499556 0.0598155 0.0678465 0.0731098 0.0752934 0.0746605 0.0717725 0.0672401 0.0616066 0.0553204 0.048731 0.042096 0.0355991 0.0293762 0.0235404 0.0182016 0.0134735 0.00946402 0.00624929 0.00384334
 0.00861651 0.0139871 0.0210269 0.0296478 0.0395264 0.0499556 0.0598155 0.0678465 0.0731098 0.0752934 0.0746605 0.0717725 0.0672401 0.0616066 0.0553204 0.048731 0.042096 0.0355991 0.0293762 0.0235404 0.0182016 0.0134735 0.00946402 0.00624929 0.00384334
 0.00902406 0.0146323 0.0219619 0.0308993 0.0410793 0.0517328 0.0616655 0.0695561 0.074451 0.0760869 0.0748235 0.0713296 0.0662993 0.0603213 0.0538515 0.0472208 0.0406543 0.0342996 0.0282607 0.0226259 0.0174865 0.0129427 0.00909274 0.00600639 0.00369588
 0.00899557 0.0146332 0.0220505 0.031159 0.041597 0.0525637 0.0628003 0.070907 0.0758654 0.07738 0.0758188 0.0718953 0.0663748 0.0599257 0.0530727 0.0461882 0.0395061 0.0331574 0.0272145 0.0217309 0.016767 0.0123987 0.00870704 0.00575138 0.00353971
 0.00922898 0.0149879 0.02254 0.0317845 0.0423539 0.0534493 0.0638129 0.0720334 0.0770615 0.0785578 0.0768494 0.072634 0.0666985 0.0597684 0.0524446 0.045172 0.0382344 0.0317807 0.0258711 0.0205259 0.0157639 0.0116208 0.00814514 0.00537453 0.00330621
 0.00895255 0.0145779 0.0219971 0.0311374 0.0416554 0.052768 0.0632273 0.07163 0.0769277 0.0787644 0.0774238 0.0735352 0.0678102 0.0609199 0.0534557 0.045904 0.0386247 0.0318482 0.0256944 0.020209 0.0154039 0.0112883 0.00787827 0.00518358 0.00318312
 0.00876634 0.0142385 0.0214228 0.0302416 0.0403814 0.0511378 0.0613771 0.0698009 0.0754054 0.077795 0.0771503 0.0739772 0.068878 0.0624434 0.0552164 0.0476731 0.0402049 0.0331099 0.0265926 0.0207735 0.0157105 0.0114253 0.00792128 0.00518487 0.00317191
 0.00877038 0.0142221 0.0213528 0.0300657 0.0400322 0.0505465 0.0604964 0.0686332 0.0740287 0.0763707 0.0758997 0.0731257 0.0685874 0.0627637 0.0560754 0.0489039 0.0415948 0.0344546 0.0277395 0.0216452 0.0163028 0.0117847 0.00811547 0.00527771 0.00321081
 0.0087773 0.0142355 0.0213754 0.0300965 0.0400608 0.0505453 0.0604165 0.0684107 0.0736032 0.075715 0.0750475 0.072184 0.0677206 0.0621493 0.055847 0.0491049 0.0421658 0.0352579 0.0286089 0.022437 0.0169292 0.012221 0.00838435 0.00542455 0.00328179
 0.00887048 0.0143843 0.0215937 0.0303935 0.040437 0.0509856 0.0608841 0.0688438 0.0739205 0.0758309 0.0748941 0.071736 0.0670159 0.0612932 0.0549929 0.0484103 0.0417421 0.0351355 0.0287361 0.022711 0.0172408 0.0124907 0.00857665 0.00554021 0.00334072
 0.00869462 0.0141235 0.0212488 0.0299844 0.04 0.0505678 0.0605362 0.0686123 0.0738369 0.0758981 0.0750792 0.0719748 0.0672331 0.0614313 0.0550372 0.0483973 0.0417425 0.0352192 0.0289373 0.0230131 0.0175891 0.0128212 0.00884304 0.00572571 0.00345337
 0.00879932 0.0142683 0.0214201 0.0301548 0.0401375 0.0506497 0.0605593 0.0685934 0.0738023 0.0758707 0.0750676 0.0719703 0.0672126 0.0613662 0.0549058 0.0481991 0.0415052 0.0349928 0.0287741 0.0229444 0.0176124 0.0129058 0.00894828 0.00581944 0.00352045
#pred catch len freq
 0.00340081 0.0054612 0.00812841 0.0114131 0.0153435 0.0199322 0.0251109 0.0307008 0.036441 0.0420418 0.0472306 0.0517906 0.0555896 0.0585826 0.060781 0.062211 0.0628862 0.0627904 0.0618519 0.0599014 0.056651 0.0517722 0.0451051 0.0369114 0.0279712
 0.00372152 0.0059102 0.00867424 0.0119917 0.01589 0.0204222 0.0255818 0.0312283 0.0370777 0.0427554 0.0478862 0.0521931 0.0555674 0.0580671 0.0598455 0.0610525 0.0617576 0.0619092 0.0613224 0.0596846 0.0566004 0.0517164 0.0449326 0.0366089 0.0276028
 0.00387415 0.00618735 0.00913985 0.0127098 0.0168943 0.0216797 0.0269757 0.032587 0.0382443 0.0436517 0.0485202 0.0526021 0.0557461 0.0579455 0.059337 0.0601348 0.0605217 0.06054 0.0600209 0.0585829 0.0557216 0.0509998 0.0442989 0.036018 0.0270668
 0.00406546 0.00648235 0.00955959 0.0132778 0.0176488 0.0226805 0.0282892 0.0342422 0.0401781 0.0456844 0.0503919 0.0540609 0.05663 0.0582056 0.0590006 0.0592589 0.0591819 0.0588499 0.0581402 0.0566879 0.0539553 0.0494407 0.0429705 0.0349199 0.0261975
 0.00428232 0.00682621 0.010061 0.01396 0.0185261 0.0237575 0.0295619 0.0357028 0.0418181 0.0474831 0.0522852 0.0559098 0.0582225 0.0593067 0.0594265 0.0589289 0.0581257 0.057184 0.0560385 0.0543555 0.0515992 0.0472387 0.0410493 0.0333503 0.0250004
 0.00452803 0.00721352 0.0106228 0.0147227 0.0195101 0.0249751 0.03101 0.0373539 0.0436164 0.0493505 0.0541333 0.0576464 0.0597457 0.060492 0.0601246 0.0589916 0.0574532 0.0557677 0.0539772 0.0518406 0.048877 0.0445641 0.038641 0.0313569 0.0234858
 0.00477167 0.00760297 0.0111976 0.0155185 0.0205559 0.0262877 0.0325849 0.0391566 0.0455793 0.0513778 0.0561108 0.0594543 0.0612712 0.0616346 0.060792 0.059092 0.0569002 0.0545068 0.0520257 0.0493169 0.0459997 0.0416138 0.0358987 0.0290408 0.0217096
 0.00504067 0.00802826 0.0118171 0.0163642 0.0216546 0.0276589 0.0342324 0.0410557 0.0476679 0.0535537 0.0582405 0.0613907 0.0628748 0.0627905 0.0614151 0.0591206 0.0562864 0.0532188 0.05007 0.0467728 0.0430442 0.0385115 0.032949 0.0265031 0.0197385
 0.00531706 0.00846485 0.0124518 0.0172277 0.02277 0.0290396 0.0358747 0.0429306 0.0497151 0.055682 0.0603324 0.0633115 0.0644862 0.063967 0.0620568 0.0591581 0.055678 0.0519478 0.048153 0.0442829 0.0401364 0.0354265 0.0299765 0.0239113 0.0177021
 0.00552281 0.00879951 0.012957 0.0179455 0.0237392 0.0302871 0.0374041 0.0447116 0.0516809 0.0577343 0.0623509 0.0651666 0.0660511 0.0651284 0.0627216 0.0592562 0.0551634 0.0508005 0.0463881 0.0419684 0.0374136 0.0325152 0.0271465 0.0214205 0.0157271
 0.00575367 0.00916233 0.0134816 0.0186561 0.0246565 0.0314287 0.0387788 0.0463082 0.0534569 0.0596104 0.0642155 0.0668895 0.0675033 0.0661984 0.0633247 0.0593338 0.0546787 0.0497381 0.0447615 0.0398377 0.0349048 0.0298257 0.0245215 0.0190982 0.0138752
