SBPRF35
12.7214
Curr Bio
647993
B35
888480
F35
0.168703
FOFL
0.11872
OFL
63258.1
Bzero
3.63469e+06
#pred survey bio
 3.69359e+06 3.54273e+06 3.4136e+06 3.2466e+06 3.04352e+06 2.8129e+06 2.57282e+06 2.34232e+06 2.10857e+06 1.87899e+06 1.65932e+06 1.45798e+06 1.31066e+06 1.18193e+06 1.03659e+06 907493 803280 737076 674916 647403 610478 591899 573178 558076 551160 552164 542582 545434 551128 553025 562376 567688 576455 582112 592426 594598 596381 608616 621570 633522 649429 660241 668399 671296 672902 674037 668454 661687 662818 653303 2.25141e+07 1.3665e+07 1.41831e+07 1.53971e+07 1.70741e+07 1.8923e+07 2.07198e+07 2.23317e+07 2.37016e+07 2.48229e+07 2.57165e+07 2.64154e+07 2.6955e+07 2.7368e+07 2.76824e+07 2.79213e+07 2.81027e+07 2.82406e+07 2.83458e+07 2.84262e+07 2.8488e+07 2.85357e+07 2.85726e+07 2.86015e+07 2.8624e+07 2.86418e+07 2.86558e+07 2.86668e+07 2.86756e+07 2.86826e+07 2.86883e+07 2.86928e+07 2.86964e+07 2.86994e+07 2.87017e+07 2.87037e+07 2.87052e+07 2.87065e+07 2.87075e+07 2.87084e+07 2.8709e+07 2.87096e+07 2.87101e+07 2.87104e+07 2.87107e+07 2.8711e+07 2.87112e+07 2.87114e+07 2.87115e+07 2.87116e+07 2.87117e+07 2.87118e+07 2.87118e+07 2.87119e+07 2.87119e+07 2.8712e+07 2.8712e+07 2.8712e+07 2.8712e+07 2.8712e+07 2.87121e+07 2.87121e+07 2.87121e+07 2.87121e+07 2.87121e+07 2.87121e+07 2.87121e+07 2.87121e+07 2.87121e+07 2.87121e+07 2.87121e+07 2.87121e+07 2.87121e+07 2.87121e+07 2.87121e+07 2.87121e+07 2.87121e+07 2.87121e+07 2.87121e+07 2.87121e+07 2.87121e+07 2.87121e+07 2.87121e+07 2.87121e+07 2.87121e+07 2.87121e+07 2.87121e+07 2.87121e+07 2.87121e+07 2.87121e+07 2.87121e+07 2.87121e+07 2.87121e+07 2.87121e+07 2.87121e+07 2.87121e+07 2.87121e+07 2.87121e+07 2.87121e+07 2.87121e+07 0 0 0 0 0 0 0 0 0 0 0 0 0 0 0 0 0 0 0 0 0 0 0 0 0
#obs survey bio
 4.47286e+06 4.76078e+06 2.33359e+06 2.51623e+06 3.63453e+06 2.77475e+06 1.65220e+06 2.27294e+06 1.80699e+06 1.44026e+06 1.19905e+06 1.42935e+06 1.023e+06 1.1311e+06 1.11463e+06 825283 957806 637872 545479 546744 512636 604964 476415 640205 698528 527557 498059 716424 495090 503448 555983 472891 652728 789006 627106 778741 641886 393551 444342 637691 550946 643604 560046 640871 780628 599135 531524 697334 685268 654764
#pred catch bio
 117273 105753 150829 196818 237658 264265 274515 295755 307992 311613 303861 261986 249693 264079 245834 218794 180977 173069 140418 145918 127390 125044 119410 110638 103119 111120 99834.1 97593.9 100795 94510 98055 95288 98070.9 94175.4 100921 100755 92307.5 92993.7 95001.4 92913.4 98568.6 101703 106742 108099 108493 113633 113232 104776 110803 105824 63258.1 88825 90963 97446.8 107682 119322 130626 140651 149023 155726 160925 164863 167791 169938 171494 172611 173408 173973 174372 174652 174849 174986 175082 175149 175195 175227 175250 175265 175276 175283 175288 175292 175294 175296 175297 175298 175299 175299 175299 175300 175300 175300 175300 175300 175300 175300 175300 175300 175300 175300 175300 175300 175300 175300 175300 175300 175300 175300 175300 175300 175300 175300 175300 175300 175300 175300 175300 175300 175300 175300 175300 175300 175300 175300 175300 175300 175300 175300 175300 175300 175300 175300 175300 175300 175300 175300 175300 175300 175300 175300 175300 175300 175300 175300 175300 175300 175300 175300 175300 175300 0 0 0 0 0 0 0 0 0 0 0 0 0 0 0 0 0 0 0 0 0 0 0 0 0
#obs catch bio
 0 105264 150878 196909 237386 263910 275249 296946 309948 315692 308192 264676 252637 268309 247532 221207 182114 173670 141070 147851 128655 126116 120582 111182 103713 111952 100473 97993 101495 95045.2 98431.5 95619.2 98447 94368.2 101079 100871 92383.7 93546.5 95504.9 93009.4 98924 102010 106938 108538 108870 114227 114169 105066 111332 105803
#pred cpue bio
 3.64412e+06 3.49531e+06 3.36751e+06 3.20086e+06 2.99814e+06 2.76797e+06 2.52817e+06 2.29786e+06 2.06467e+06 1.83604e+06 1.61774e+06 1.41803e+06 1.27179e+06 1.14426e+06 1.00112e+06 874315 772211 707566 646916 619949 584028 566118 548163 533684 527102 528205 518976 521806 527450 529410 538675 544014 552639 558277 568511 570793 572611 584505 597089 608778 624304 634814 642755 645529 647061 648230 642900 636539 638076 629606 2.17385e+07 1.32159e+07 1.3575e+07 1.45951e+07 1.61961e+07 1.80248e+07 1.98169e+07 2.14279e+07 2.27977e+07 2.39189e+07 2.48125e+07 2.55114e+07 2.6051e+07 2.64639e+07 2.67784e+07 2.70173e+07 2.71987e+07 2.73366e+07 2.74418e+07 2.75222e+07 2.7584e+07 2.76317e+07 2.76686e+07 2.76974e+07 2.772e+07 2.77378e+07 2.77517e+07 2.77628e+07 2.77716e+07 2.77786e+07 2.77843e+07 2.77888e+07 2.77924e+07 2.77953e+07 2.77977e+07 2.77996e+07 2.78012e+07 2.78025e+07 2.78035e+07 2.78044e+07 2.7805e+07 2.78056e+07 2.78061e+07 2.78064e+07 2.78067e+07 2.7807e+07 2.78072e+07 2.78073e+07 2.78075e+07 2.78076e+07 2.78077e+07 2.78078e+07 2.78078e+07 2.78079e+07 2.78079e+07 2.78079e+07 2.7808e+07 2.7808e+07 2.7808e+07 2.7808e+07 2.7808e+07 2.78081e+07 2.78081e+07 2.78081e+07 2.78081e+07 2.78081e+07 2.78081e+07 2.78081e+07 2.78081e+07 2.78081e+07 2.78081e+07 2.78081e+07 2.78081e+07 2.78081e+07 2.78081e+07 2.78081e+07 2.78081e+07 2.78081e+07 2.78081e+07 2.78081e+07 2.78081e+07 2.78081e+07 2.78081e+07 2.78081e+07 2.78081e+07 2.78081e+07 2.78081e+07 2.78081e+07 2.78081e+07 2.78081e+07 2.78081e+07 2.78081e+07 2.78081e+07 2.78081e+07 2.78081e+07 2.78081e+07 2.78081e+07 2.78081e+07 2.78081e+07 2.78081e+07 0 0 0 0 0 0 0 0 0 0 0 0 0 0 0 0 0 0 0 0 0 0 0 0 0
#obs cpue bio
 3.70498e+06 3.75675e+06 3.10647e+06 3.80674e+06 3.35883e+06 2.73508e+06 2.03119e+06 2.18396e+06 1.89693e+06 1.31241e+06 1.95735e+06 1.38421e+06 1.28197e+06 973291 1.30474e+06 687799 644175 1.0066e+06 557564 485085 590899 560175 527225 542334 325003 543305 458738 431443 481156 503516 645301 582779 486694 403081 606972 445892 473877 573507 847521 762507 607998 637820 848497 529743 536002 638598 593799 743620 591588 857869
#pred surv len freq
 0.00447782 0.00732549 0.0111288 0.0159034 0.0215526 0.0277822 0.0340779 0.0398374 0.044597 0.0481792 0.0506648 0.0522595 0.0531787 0.0536006 0.0536659 0.0534973 0.0532213 0.0529635 0.05278 0.0525231 0.0517197 0.049615 0.0454776 0.0390612 0.03091
 0.00469064 0.00758797 0.0113732 0.0160246 0.0214487 0.0274116 0.0334974 0.0391901 0.0440505 0.0478522 0.0505888 0.0523941 0.0534617 0.053994 0.054171 0.0541329 0.0539822 0.0537823 0.0535182 0.0530032 0.0517931 0.0492324 0.0447214 0.0381153 0.0299824
 0.00486978 0.00789232 0.0118487 0.0167045 0.022325 0.0284044 0.0344467 0.0398951 0.0443521 0.047713 0.0501127 0.0517706 0.0528744 0.0535572 0.0539227 0.0540655 0.054067 0.053968 0.0537133 0.0530769 0.0516117 0.0487218 0.0439141 0.0371452 0.0290272
 0.00503954 0.00816918 0.0122686 0.0173052 0.0231416 0.0294574 0.0357203 0.0413126 0.0457647 0.0489196 0.0509169 0.0520546 0.0526492 0.0529538 0.0531301 0.0532545 0.053342 0.053354 0.053167 0.0525073 0.0509163 0.0478356 0.042852 0.0360081 0.0279599
 0.00526855 0.00853245 0.012799 0.0180286 0.0240748 0.0306038 0.0370637 0.0428114 0.0473484 0.0504854 0.0523283 0.0531513 0.0532801 0.0530283 0.0526595 0.0523523 0.0521767 0.0520812 0.051878 0.0512171 0.0495926 0.04645 0.041426 0.0346257 0.0267369
 0.00556822 0.00900803 0.0134929 0.0189721 0.0252822 0.0320644 0.0387334 0.044612 0.0491797 0.0522432 0.0539151 0.0544732 0.0542372 0.0535168 0.0525952 0.0517069 0.0510013 0.0504964 0.0500305 0.0492335 0.0475599 0.044432 0.0394955 0.0328781 0.0252722
 0.00586327 0.00948803 0.0142155 0.01999 0.0266318 0.0337484 0.0407038 0.0467665 0.0513778 0.0543365 0.0557737 0.0559966 0.0553502 0.0541564 0.0527024 0.0512325 0.049927 0.0488579 0.0479247 0.0468032 0.0449673 0.0418403 0.0370611 0.0307427 0.0235424
 0.00612097 0.00990952 0.0148552 0.0209017 0.0278602 0.0353146 0.0425883 0.048899 0.0536429 0.0565904 0.0578665 0.0577905 0.056732 0.055042 0.053032 0.050964 0.0490349 0.0473452 0.0458423 0.0442641 0.0421448 0.0389483 0.034323 0.028354 0.0216336
 0.00638236 0.0103346 0.0154958 0.0218072 0.0290703 0.0368462 0.0444213 0.0509698 0.0558502 0.0588112 0.0599711 0.0596525 0.0582344 0.0560831 0.0535301 0.0508588 0.0482889 0.0459477 0.0438238 0.0417155 0.0392302 0.0358978 0.0313973 0.0257899 0.0195899
 0.00662009 0.0107276 0.0160992 0.0226772 0.0302527 0.0383605 0.0462429 0.0530245 0.0580255 0.0609788 0.0620067 0.0614458 0.0596901 0.0571177 0.0540695 0.0508389 0.0476583 0.0446776 0.0419239 0.0392558 0.0363598 0.0328439 0.0284327 0.0231725 0.0174978
 0.0068842 0.0111527 0.0167318 0.0235591 0.0314163 0.0398179 0.0479741 0.0549693 0.0600876 0.0630395 0.0639424 0.0631424 0.0610519 0.0580695 0.0545534 0.0508067 0.047068 0.0434981 0.0401512 0.0369396 0.0336275 0.0299059 0.0255544 0.0206134 0.0154433
 0.0072139 0.011674 0.0174891 0.0245839 0.032722 0.0413926 0.0497721 0.0569091 0.0620624 0.0649364 0.0656587 0.0645929 0.0621679 0.0587967 0.0548485 0.0506346 0.0463987 0.0423083 0.0384366 0.034738 0.0310453 0.0271291 0.0228263 0.0181795 0.0134832
 0.0074153 0.0120073 0.0180011 0.025321 0.0337196 0.0426594 0.0512756 0.0585727 0.0637799 0.0665964 0.0671648 0.0658717 0.0631664 0.0594745 0.0551711 0.0505694 0.0459139 0.0413767 0.0370474 0.0329166 0.0288767 0.0247689 0.0204846 0.0160732 0.0117757
 0.00748333 0.012142 0.0182488 0.0257412 0.0343727 0.0435865 0.0524778 0.0600018 0.0653455 0.0681836 0.0686558 0.067163 0.0641804 0.0601623 0.0555076 0.050542 0.0455125 0.0405907 0.0358731 0.0313757 0.0270379 0.0227609 0.0184842 0.0142661 0.0103048
 0.0076944 0.0124757 0.0187347 0.0264031 0.0352282 0.0446439 0.0537289 0.0614131 0.0668528 0.0696946 0.07006 0.0683491 0.0650547 0.060664 0.0556128 0.0502569 0.0448596 0.0395959 0.0345632 0.0297885 0.0252406 0.0208634 0.0166337 0.0126161 0.0089721
 0.00787297 0.0127735 0.0191958 0.0270706 0.0361327 0.0457863 0.055067 0.0628626 0.0683068 0.0710503 0.0712364 0.069288 0.0657126 0.0610061 0.0556148 0.0499104 0.0441746 0.0385983 0.0332908 0.0282921 0.0235918 0.019162 0.0150028 0.0111795 0.00782112
 0.00804435 0.0130429 0.0195848 0.0275959 0.0368057 0.0466121 0.0560386 0.0639531 0.0694641 0.0721996 0.0722911 0.0701655 0.0663489 0.061362 0.0556728 0.0496678 0.0436389 0.0377868 0.0322337 0.0270365 0.0222062 0.0177376 0.0136457 0.00999137 0.00687407
 0.00821215 0.0132892 0.0199069 0.0279755 0.0372165 0.0470317 0.0564581 0.0643789 0.069913 0.0726884 0.0728244 0.0707264 0.0668956 0.0618345 0.0560066 0.0498078 0.043548 0.0374496 0.0316573 0.0262517 0.0212693 0.0167279 0.012656 0.00911012 0.00616446
 0.00845353 0.0136668 0.0204456 0.0286832 0.0380773 0.0479989 0.0574515 0.0652955 0.0706541 0.0731917 0.0730829 0.070781 0.0668085 0.0616587 0.0557671 0.0494998 0.0431478 0.0369309 0.0310055 0.0254742 0.0203997 0.0158241 0.01179 0.00835118 0.00556062
 0.00841054 0.013616 0.0204047 0.028682 0.0381507 0.048176 0.0577436 0.0656899 0.0711147 0.0736669 0.0735194 0.0711386 0.0670706 0.0618317 0.0558683 0.0495407 0.0431239 0.0368219 0.0307875 0.0251349 0.0199501 0.0153014 0.0112504 0.00785407 0.00515158
 0.00846518 0.0137005 0.0205247 0.0288416 0.0383547 0.0484309 0.0580566 0.0660638 0.0715404 0.0741183 0.0739528 0.0715024 0.0673192 0.06194 0.0558378 0.049394 0.0428907 0.0365251 0.030437 0.0247331 0.0195033 0.0148293 0.0107868 0.00743793 0.00481396
 0.00844501 0.013664 0.0204633 0.0287464 0.0382206 0.0482622 0.0578723 0.0658985 0.0714378 0.0741197 0.0740834 0.0717605 0.0676735 0.0623368 0.0562165 0.0497046 0.0431036 0.0366312 0.0304404 0.0246441 0.0193364 0.0146059 0.0105362 0.00719326 0.00460386
 0.00848086 0.0137149 0.0205258 0.0288116 0.038275 0.048291 0.0578629 0.0658447 0.0713446 0.0740058 0.0739801 0.0717035 0.0676909 0.0624371 0.0563836 0.0499024 0.0432887 0.0367664 0.0305032 0.0246281 0.0192493 0.0144655 0.0103673 0.00702261 0.00445423
 0.00854118 0.013803 0.0206397 0.0289422 0.0384077 0.0484085 0.0579483 0.0658837 0.0713277 0.073932 0.0738597 0.0715589 0.067553 0.062337 0.0563429 0.0499246 0.0433574 0.0368516 0.030572 0.0246559 0.0192257 0.0143955 0.0102667 0.00691221 0.00435298
 0.00856332 0.0138343 0.0206779 0.0289818 0.0384406 0.0484259 0.0579427 0.0658503 0.0712659 0.0738458 0.0737578 0.0714539 0.0674598 0.0622715 0.056319 0.0499505 0.0434311 0.0369588 0.0306888 0.0247559 0.0192892 0.0144149 0.0102479 0.00686954 0.00430281
 0.00853517 0.0137879 0.020607 0.0288806 0.0383055 0.0482579 0.0577498 0.0656474 0.0710727 0.0736822 0.0736399 0.0713916 0.0674567 0.0623261 0.0564262 0.0501031 0.0436195 0.0371694 0.0309033 0.0249531 0.0194498 0.0145275 0.0103117 0.00689392 0.00430219
 0.00858879 0.0138731 0.0207311 0.0290471 0.0385115 0.0484908 0.0579851 0.0658515 0.0712108 0.073729 0.0735876 0.0712512 0.0672534 0.0620916 0.0561919 0.049895 0.0434548 0.0370554 0.0308372 0.0249238 0.0194417 0.0145254 0.0103058 0.00688121 0.00428499
 0.00855902 0.0138223 0.0206507 0.0289297 0.0383545 0.0483013 0.0577827 0.0656654 0.0710703 0.0736525 0.073577 0.0712937 0.0673298 0.062185 0.0562924 0.0499996 0.0435651 0.0371728 0.0309604 0.025047 0.0195558 0.0146209 0.0103765 0.00692643 0.00430899
 0.00850585 0.0137392 0.020532 0.0287719 0.0381569 0.0480669 0.0575203 0.0653917 0.0708108 0.0734384 0.0734379 0.0712494 0.0673834 0.0623227 0.0564891 0.050228 0.0438027 0.037405 0.0311783 0.0252447 0.0197274 0.0147614 0.0104828 0.00699933 0.00435363
 0.00846149 0.0136729 0.0204426 0.0286622 0.0380319 0.0479319 0.0573796 0.0652488 0.070669 0.0733032 0.0733182 0.0711583 0.0673363 0.0623318 0.0565584 0.0503508 0.0439636 0.0375854 0.0313612 0.0254169 0.0198799 0.0148881 0.0105806 0.00706868 0.00439807
 0.00841018 0.0135824 0.0202944 0.0284367 0.0377161 0.0475293 0.0569178 0.0647774 0.0702472 0.0729816 0.0731267 0.0711033 0.067407 0.0625088 0.0568199 0.0506742 0.0443253 0.0379606 0.0317256 0.0257496 0.0201658 0.0151188 0.0107547 0.00719048 0.00447642
 0.0084156 0.0135875 0.0202945 0.0284229 0.0376752 0.0474448 0.0567733 0.0645634 0.0699686 0.0726626 0.0728083 0.0708326 0.0672231 0.0624327 0.0568527 0.050802 0.0445259 0.0382082 0.0319943 0.026015 0.0204073 0.0153221 0.0109129 0.00730375 0.00455068
 0.00833023 0.0134629 0.0201331 0.0282358 0.037478 0.0472518 0.0565922 0.0643941 0.0698059 0.0725013 0.0726489 0.0706858 0.0671096 0.0623781 0.056878 0.0509158 0.044721 0.0384648 0.0322849 0.0263107 0.0206825 0.0155578 0.0110987 0.00743828 0.00463972
 0.00828025 0.0133805 0.0200078 0.0280593 0.0372488 0.0469799 0.0563023 0.0641214 0.0695847 0.0723521 0.0725718 0.070665 0.0671256 0.0624195 0.0569461 0.0510207 0.0448729 0.0386653 0.0325239 0.0265682 0.0209344 0.0157825 0.0112816 0.00757402 0.0047313
 0.00821992 0.0132814 0.0198568 0.027844 0.0369605 0.0466188 0.055883 0.0636756 0.0691582 0.0719954 0.0723283 0.0705596 0.0671587 0.0625702 0.0571824 0.0513116 0.0451961 0.0390067 0.0328726 0.0269108 0.0212541 0.0160617 0.0115073 0.00774149 0.00484464
 0.00822829 0.0132929 0.0198696 0.0278536 0.036959 0.0465946 0.055822 0.0635644 0.0689895 0.0717746 0.0720758 0.0703087 0.0669472 0.0624288 0.0571266 0.0513402 0.0452956 0.0391592 0.0330599 0.0271165 0.0214617 0.0162548 0.0116721 0.00786962 0.0049348
 0.00831198 0.0134111 0.0200146 0.0280067 0.0370957 0.0466925 0.0558668 0.0635507 0.0689176 0.0716469 0.0718971 0.0700891 0.0667053 0.0621917 0.0569243 0.0511976 0.0452258 0.0391614 0.0331228 0.0272222 0.0215904 0.0163879 0.0117936 0.00796887 0.00500745
 0.00828213 0.0133705 0.0199672 0.0279598 0.0370549 0.0466571 0.0558269 0.0634912 0.0688264 0.0715231 0.0717529 0.0699441 0.0665787 0.0620971 0.05687 0.051189 0.0452667 0.0392518 0.0332563 0.027386 0.0217669 0.0165584 0.0119429 0.00808741 0.00509263
 0.0082078 0.0132587 0.0198164 0.0277755 0.0368501 0.0464502 0.055639 0.0633415 0.0687267 0.0714732 0.0717415 0.069956 0.0666026 0.0621303 0.0569169 0.0512569 0.0453614 0.0393759 0.0334078 0.0275574 0.0219457 0.0167298 0.0120929 0.00820687 0.00517877
 0.00821554 0.0132577 0.0197904 0.0277026 0.0367099 0.0462352 0.0553632 0.0630404 0.0684466 0.071256 0.0716117 0.0699161 0.0666376 0.062217 0.0570338 0.0513901 0.0455056 0.0395308 0.0335736 0.0277312 0.0221203 0.0168944 0.0122367 0.00832169 0.00526208
 0.00817761 0.0132024 0.0197179 0.0276149 0.0366073 0.0461122 0.0552086 0.0628431 0.0682061 0.0709907 0.0713586 0.0697191 0.0665315 0.0622151 0.0571264 0.0515526 0.0457101 0.0397545 0.0338012 0.0279529 0.0223282 0.0170807 0.0123936 0.00844443 0.00535002
 0.00813455 0.01314 0.0196385 0.0275258 0.036519 0.0460353 0.0551493 0.0628003 0.0681701 0.0709459 0.0712905 0.069624 0.0664217 0.0621163 0.0570668 0.0515506 0.0457685 0.0398623 0.0339412 0.0281077 0.0224834 0.0172247 0.0125179 0.00854341 0.00542217
 0.00813823 0.0131399 0.0196274 0.0274943 0.0364596 0.0459471 0.055042 0.0626921 0.0680808 0.0708875 0.0712617 0.0696116 0.066409 0.0620931 0.057036 0.0515263 0.045768 0.0398975 0.0340131 0.0282076 0.0225974 0.0173388 0.0126204 0.0086269 0.00548388
 0.0081097 0.0131066 0.0196006 0.027491 0.0364951 0.0460263 0.0551528 0.0628086 0.0681741 0.0709383 0.0712663 0.0695784 0.0663497 0.062016 0.0569461 0.0514296 0.0456749 0.0398215 0.0339661 0.0281946 0.022615 0.0173772 0.0126675 0.0086725 0.0055213
 0.00806565 0.0130395 0.019509 0.0273786 0.0363728 0.0459122 0.0550705 0.0627807 0.0682123 0.0710362 0.0713994 0.0697139 0.0664598 0.0620866 0.0569767 0.0514281 0.0456531 0.0397922 0.0339416 0.0281845 0.0226234 0.0174017 0.0127016 0.00870794 0.00555184
 0.00801199 0.0129573 0.0193949 0.0272333 0.0362013 0.0457245 0.054882 0.0626126 0.0680895 0.0709811 0.0714242 0.0698148 0.0666164 0.0622682 0.0571527 0.0515772 0.045767 0.0398738 0.0340004 0.0282313 0.0226665 0.0174449 0.0127442 0.00874667 0.00558335
 0.00791807 0.0128236 0.0192287 0.027053 0.0360313 0.0455857 0.0547855 0.0625586 0.0680717 0.0709927 0.0714624 0.0698804 0.0667104 0.0623874 0.0572866 0.0517105 0.0458846 0.0399665 0.034067 0.0282774 0.0227003 0.0174732 0.0127703 0.00877064 0.00560365
 0.00781487 0.0126625 0.0189998 0.0267547 0.0356739 0.0451948 0.0544028 0.0622354 0.0678547 0.0709085 0.0715094 0.0700342 0.066937 0.0626552 0.0575719 0.0519957 0.046155 0.0402096 0.034274 0.0284449 0.0228307 0.0175721 0.0128438 0.00882391 0.00564069
 0.00747056 0.0121525 0.018325 0.0259486 0.0347936 0.0443061 0.0535692 0.0615162 0.0673058 0.0705791 0.0714327 0.070217 0.0673546 0.0632559 0.0582893 0.0527628 0.0469148 0.0409193 0.0349047 0.0289799 0.0232638 0.0179062 0.0130885 0.00899323 0.00575045
 0.00705983 0.0115234 0.0174525 0.0248413 0.0334977 0.042906 0.0521846 0.0602884 0.0663689 0.0700255 0.0712934 0.0704663 0.0679319 0.0640863 0.0592951 0.0538667 0.0480427 0.0420049 0.0358951 0.0298386 0.0239713 0.0184586 0.0134955 0.00927427 0.00593115
#obs surv len freq
 nan nan nan nan nan nan nan nan nan nan nan nan nan nan nan nan nan nan nan nan nan nan nan nan nan
 0.00448643 0.00734845 0.0111789 0.0159951 0.0216951 0.0279695 0.0342822 0.0400122 0.044691 0.0481544 0.0505124 0.0520085 0.0529011 0.0534138 0.0537284 0.0539835 0.0542623 0.0545551 0.0546939 0.0542859 0.052724 0.0493561 0.0438059 0.036286 0.0276697
 0.0046153 0.00756102 0.011504 0.0164606 0.0223203 0.0287548 0.0351987 0.0409994 0.0456652 0.0490267 0.0512049 0.0524665 0.0530977 0.0533492 0.0534254 0.0534798 0.0536015 0.0537801 0.0538438 0.0533975 0.0518363 0.0485124 0.043051 0.0356581 0.0271898
 0.0047771 0.00782524 0.0119041 0.0170286 0.0230816 0.029718 0.0363448 0.0422759 0.04699 0.0502996 0.0523227 0.0533363 0.0536478 0.0535379 0.0532443 0.0529514 0.0527718 0.0527092 0.0525984 0.0520482 0.0504582 0.0471861 0.0418562 0.0346606 0.026426
 0.00496275 0.00812935 0.0123661 0.0176868 0.0239656 0.0308377 0.0376785 0.0437653 0.0485483 0.0518258 0.0537151 0.0544995 0.0544971 0.0540039 0.0532805 0.0525411 0.0519317 0.0514876 0.0510709 0.0503123 0.0486293 0.0453909 0.0402199 0.0332852 0.0253689
 0.00518321 0.00848943 0.0129111 0.0184602 0.0250007 0.0321446 0.0392309 0.0454951 0.0503548 0.0535943 0.0553341 0.0558705 0.0555365 0.0546424 0.0534625 0.0522289 0.0511119 0.05018 0.0493351 0.0482513 0.046387 0.0431397 0.0381366 0.0315172 0.0240019
 0.00542189 0.00887935 0.0135015 0.0192983 0.026123 0.0335628 0.040917 0.0473765 0.0523238 0.055528 0.0571134 0.0573914 0.0567125 0.0554036 0.0537528 0.0520045 0.0503446 0.0488666 0.0475117 0.0460085 0.0438757 0.0405611 0.0357102 0.0294334 0.0223778
 0.00565863 0.00926885 0.0140964 0.0201506 0.0272743 0.0350284 0.0426697 0.0493408 0.0543866 0.0575603 0.0589911 0.0590063 0.0579764 0.0562459 0.0541178 0.0518477 0.0496326 0.047584 0.0456772 0.0436958 0.0412294 0.0377926 0.0330647 0.0271341 0.0205696
 0.00588907 0.00964703 0.0146725 0.0209742 0.0283861 0.0364456 0.044371 0.0512596 0.0564189 0.0595834 0.0608819 0.0606541 0.059288 0.057147 0.0545503 0.051766 0.0490012 0.0463818 0.0439117 0.0414262 0.0385881 0.034987 0.0303479 0.0247465 0.0186752
 0.00612553 0.010034 0.0152596 0.0218095 0.029507 0.037865 0.0460622 0.0531517 0.0584063 0.0615463 0.0627048 0.0622361 0.0605451 0.0580114 0.0549677 0.0516926 0.0484016 0.0452324 0.042214 0.0392286 0.0360093 0.0322234 0.0276482 0.0223543 0.0167632
 0.00638734 0.0104609 0.0159043 0.0227215 0.0307222 0.0393903 0.04786 0.0551349 0.0604521 0.0635202 0.0644844 0.0637236 0.0616694 0.0587235 0.0552342 0.051488 0.0477042 0.0440263 0.0405008 0.0370504 0.0334728 0.0295101 0.0249938 0.0199949 0.0148701
 0.0066263 0.0108574 0.0165157 0.0236053 0.0319238 0.0409231 0.0496866 0.0571613 0.0625423 0.0655249 0.0662675 0.0651778 0.0627215 0.059331 0.0553781 0.051163 0.0469099 0.0427644 0.0387838 0.034921 0.0310284 0.0269149 0.0224627 0.0177458 0.0130634
 0.00685017 0.0112221 0.0170665 0.0243858 0.0329691 0.0422482 0.0512717 0.0589444 0.0644232 0.0673801 0.0679686 0.0666077 0.0637868 0.0599689 0.0555567 0.050875 0.0461631 0.0415749 0.037178 0.0329491 0.0287836 0.0245454 0.020159 0.0157013 0.0114206
 0.00706873 0.0115804 0.0176108 0.0251602 0.0340056 0.0435522 0.0528081 0.0606351 0.0661602 0.0690482 0.0694633 0.0678433 0.0646955 0.0605 0.0556766 0.0505681 0.0454308 0.0404338 0.0356604 0.031111 0.026717 0.0223861 0.0180758 0.0138618 0.00994702
 0.00727477 0.0119221 0.018137 0.0259197 0.0350357 0.0448614 0.0543594 0.0623412 0.0678975 0.0706828 0.0708767 0.0689473 0.0654356 0.0608506 0.0556324 0.0501357 0.0446242 0.039274 0.034181 0.0293669 0.0247951 0.0204092 0.0161916 0.0122132 0.00863511
 0.00742111 0.0121611 0.0184996 0.0264367 0.0357343 0.0457569 0.055446 0.0635842 0.0692334 0.0720255 0.0721292 0.0700141 0.0662362 0.0613282 0.0557577 0.0499031 0.0440448 0.0383705 0.0329877 0.027936 0.0232054 0.0187686 0.0146268 0.0108451 0.00754773
 0.00752585 0.0123311 0.0187551 0.0267969 0.0362144 0.046364 0.0561736 0.0644109 0.0701255 0.0729423 0.073025 0.0708387 0.0669336 0.0618408 0.0560334 0.0499037 0.0437516 0.0377854 0.0321333 0.0268572 0.021972 0.0174751 0.0133822 0.00975171 0.0066766
 0.00761314 0.0124709 0.0189616 0.0270821 0.0365858 0.0468222 0.0567088 0.0650025 0.0707456 0.0735616 0.0736179 0.0713828 0.0674069 0.0622168 0.0562789 0.0499821 0.0436289 0.0374397 0.0315628 0.0260862 0.0210532 0.0164866 0.0124164 0.00889554 0.00599089
 0.00766261 0.0125449 0.0190613 0.0272055 0.0367302 0.0469865 0.0568963 0.0652195 0.0709989 0.0738546 0.0739482 0.0717411 0.0677763 0.0625732 0.0565915 0.0502135 0.0437391 0.0373926 0.0313356 0.0256789 0.0204953 0.0158354 0.0117469 0.00828252 0.00548946
 0.00774322 0.0126674 0.0192295 0.0274162 0.0369733 0.0472462 0.0571525 0.0654518 0.0711919 0.0740042 0.0740627 0.0718374 0.0678712 0.0626756 0.056697 0.0503044 0.0437867 0.0373632 0.0311991 0.0254198 0.020121 0.0153799 0.0112635 0.00782944 0.00511272
 0.00778241 0.012732 0.0193278 0.0275554 0.0371564 0.0474684 0.0573985 0.0656965 0.0714071 0.0741671 0.0741639 0.0718823 0.067877 0.0626637 0.0566845 0.0502972 0.0437766 0.0373293 0.0311152 0.0252641 0.0198867 0.0150813 0.010934 0.00751099 0.00484163
 0.00780979 0.0127697 0.0193725 0.0276008 0.0371965 0.0475018 0.0574306 0.0657375 0.0714664 0.0742469 0.0742573 0.0719766 0.0679604 0.0627304 0.056736 0.0503384 0.0438093 0.0373475 0.0311049 0.0252085 0.0197754 0.0149174 0.0107363 0.00730796 0.00466118
 0.00785842 0.0128402 0.0194623 0.0277013 0.0372946 0.0475829 0.0574827 0.0657547 0.0714509 0.07421 0.074216 0.0719472 0.0679521 0.062743 0.0567625 0.0503701 0.0438386 0.0373677 0.0311078 0.0251845 0.0197164 0.0148225 0.0106149 0.00717763 0.00454123
 0.00786184 0.0128481 0.019478 0.0277285 0.0373349 0.0476335 0.0575343 0.0657937 0.0714644 0.0741921 0.0741714 0.0718905 0.0679019 0.0627151 0.0567642 0.0503989 0.0438849 0.0374185 0.0311501 0.0252069 0.0197112 0.0147876 0.0105554 0.00710495 0.00446913
 0.00788275 0.0128745 0.019504 0.0277448 0.0373324 0.0476082 0.0574906 0.0657427 0.0714183 0.074158 0.0741492 0.0718757 0.0678914 0.0627105 0.056771 0.0504225 0.043926 0.037472 0.0312058 0.0252532 0.0197383 0.0147909 0.0105364 0.00707095 0.00442993
 0.0079161 0.0129251 0.0195731 0.0278297 0.0374261 0.0476987 0.0575628 0.0657814 0.0714141 0.074112 0.0740728 0.0717859 0.0678037 0.0626346 0.0567115 0.0503811 0.0439033 0.0374666 0.0312134 0.0252663 0.0197485 0.0147915 0.0105254 0.00705065 0.00440565
 0.00789939 0.0129008 0.0195418 0.0277939 0.0373893 0.0476647 0.0575337 0.0657576 0.0713938 0.0740921 0.0740513 0.0717637 0.0677851 0.0626258 0.0567179 0.0504047 0.0439426 0.0375175 0.0312702 0.0253223 0.0197971 0.0148275 0.0105462 0.00705773 0.00440318
 0.00790467 0.0129028 0.0195332 0.0277644 0.03733 0.0475726 0.0574163 0.0656317 0.07128 0.0740075 0.074004 0.0717524 0.0678028 0.0626645 0.0567713 0.0504693 0.0440161 0.0375971 0.0313518 0.0254004 0.0198659 0.0148823 0.0105847 0.00708065 0.00441386
 0.00787063 0.0128539 0.0194711 0.0276938 0.0372556 0.0474964 0.0573355 0.0655417 0.0711798 0.0739042 0.0739124 0.0716903 0.0677831 0.0626903 0.0568366 0.0505628 0.0441258 0.0377131 0.0314661 0.0255067 0.0199587 0.0149575 0.0106405 0.00711784 0.00443565
 0.00786435 0.0128326 0.0194192 0.0275922 0.0370887 0.0472619 0.0570521 0.0652458 0.0709139 0.0737018 0.0737903 0.0716494 0.0678158 0.0627865 0.0569852 0.0507505 0.0443371 0.0379314 0.0316764 0.0256972 0.0201212 0.0150875 0.0107374 0.00718437 0.00447725
 0.00785933 0.012828 0.0194178 0.0275962 0.0370961 0.0472629 0.0570281 0.0651761 0.0707865 0.0735236 0.0735879 0.0714597 0.0676721 0.0627084 0.0569767 0.0508042 0.044439 0.038065 0.0318249 0.0258449 0.0202556 0.0152001 0.0108242 0.00724574 0.00451677
 0.00782045 0.0127643 0.0193217 0.027462 0.036923 0.0470584 0.0568092 0.0649657 0.0706056 0.0733837 0.0734896 0.0713993 0.067649 0.0627281 0.0570464 0.0509267 0.0446086 0.0382679 0.0320425 0.0260584 0.0204489 0.0153619 0.0109493 0.00733473 0.00457467
 0.0078156 0.0127513 0.0192926 0.0274061 0.0368295 0.0469205 0.0566286 0.0647549 0.070386 0.0731809 0.0733264 0.0712902 0.0675985 0.0627327 0.0571002 0.0510242 0.0447451 0.0384364 0.0322319 0.0262533 0.0206331 0.0155219 0.0110766 0.00742744 0.00463618
 0.00778636 0.0127047 0.0192242 0.0273121 0.0367065 0.0467666 0.056445 0.0645471 0.0701656 0.0729653 0.0731374 0.0711498 0.0675237 0.0627314 0.0571699 0.0511544 0.0449213 0.0386434 0.0324547 0.026477 0.0208426 0.0157042 0.011223 0.00753515 0.00470845
 0.00774761 0.0126419 0.0191303 0.0271811 0.0365357 0.0465585 0.0562095 0.064301 0.069929 0.0727571 0.0729721 0.0710377 0.067472 0.0627451 0.0572502 0.051297 0.0451159 0.0388745 0.0327043 0.0267266 0.0210754 0.0159064 0.0113857 0.0076556 0.0047899
 0.0076971 0.0125616 0.019013 0.0270215 0.0363318 0.0463137 0.0559341 0.0640135 0.0696533 0.0725179 0.0727904 0.0709271 0.0674384 0.0627874 0.0573626 0.0514709 0.0453398 0.0391341 0.0329825 0.0270046 0.0213347 0.0161316 0.0115671 0.00779015 0.00488122
 0.00768604 0.0125401 0.0189739 0.0269562 0.0362319 0.0461743 0.0557571 0.063808 0.0694345 0.0723039 0.072599 0.0707744 0.0673373 0.0627467 0.0573859 0.0515564 0.0454808 0.0393197 0.033198 0.0272326 0.0215568 0.0163313 0.0117322 0.00791528 0.00496762
 0.00766104 0.012502 0.0189211 0.0268881 0.0361483 0.0460744 0.0556393 0.0636717 0.0692819 0.0721417 0.0724393 0.0706321 0.0672275 0.0626821 0.0573749 0.0516019 0.0455807 0.0394665 0.0333795 0.027433 0.0217585 0.0165171 0.0118891 0.00803616 0.00505226
 0.00763627 0.0124615 0.01886 0.0268023 0.0360362 0.0459385 0.0554876 0.0635163 0.0691357 0.0720143 0.0723349 0.0705517 0.067172 0.0626547 0.0573808 0.0516467 0.0456671 0.0395928 0.0335385 0.0276126 0.0219431 0.0166907 0.0120382 0.00815271 0.00513493
 0.00761803 0.0124305 0.018811 0.0267297 0.0359353 0.045808 0.0553314 0.0633447 0.0689639 0.071859 0.0722105 0.070467 0.0671299 0.0626527 0.0574149 0.0517134 0.0457644 0.0397188 0.0336891 0.0277798 0.022115 0.0168536 0.0121796 0.00826462 0.00521517
 0.00759201 0.0123921 0.01876 0.026668 0.0358655 0.0457315 0.055248 0.063253 0.0688636 0.0717533 0.0721066 0.0703756 0.0670616 0.0626159 0.0574133 0.0517467 0.0458296 0.039812 0.0338055 0.0279126 0.022255 0.0169895 0.0123004 0.00836223 0.00528652
 0.00758466 0.0123794 0.0187398 0.0266382 0.0358251 0.0456819 0.0551929 0.0631977 0.0688121 0.0717062 0.0720615 0.0703292 0.0670134 0.0625702 0.0573779 0.05173 0.0458379 0.0398475 0.0338667 0.0279946 0.02235 0.0170878 0.0123919 0.00843905 0.00534441
 0.00757316 0.0123615 0.0187142 0.0266043 0.0357826 0.0456311 0.0551352 0.063136 0.068751 0.0716511 0.072017 0.0702974 0.0669937 0.0625599 0.0573753 0.0517358 0.0458551 0.0398801 0.0339168 0.0280611 0.0224282 0.01717 0.0124697 0.00850519 0.00539493
 0.007528 0.0122936 0.0186223 0.0264911 0.0356542 0.0454957 0.0550023 0.0630154 0.0686522 0.0715814 0.0719806 0.0702951 0.0670227 0.062615 0.0574495 0.0518222 0.0459483 0.0399773 0.0340169 0.0281631 0.0225296 0.0172662 0.0125552 0.00857521 0.00544716
 0.00753408 0.0122987 0.0186214 0.0264771 0.0356202 0.045439 0.0549265 0.0629302 0.0685695 0.0715115 0.0719288 0.0702622 0.0670073 0.062615 0.0574635 0.0518486 0.0459855 0.0400234 0.0340703 0.0282223 0.0225922 0.0173288 0.0126134 0.00862485 0.00548547
 0.00753107 0.012297 0.0186243 0.0264885 0.0356426 0.0454698 0.0549573 0.0629486 0.0685646 0.0714791 0.071874 0.0701963 0.0669427 0.0625611 0.0574249 0.0518264 0.0459788 0.0400306 0.0340894 0.0282511 0.022628 0.0173683 0.0126525 0.00865968 0.00551332
 0.00751938 0.0122787 0.0185986 0.0264556 0.0356048 0.0454318 0.0549257 0.0629297 0.0685609 0.0714877 0.0718866 0.0702041 0.0669408 0.0625507 0.0574118 0.0518173 0.0459786 0.0400412 0.0341104 0.0282805 0.0226629 0.0174054 0.0126882 0.00869085 0.00553792
 0.00750467 0.0122546 0.0185619 0.0264038 0.0355365 0.0453486 0.0548333 0.0628382 0.0684829 0.0714347 0.0718654 0.0702144 0.0669757 0.0625999 0.0574658 0.0518707 0.0460302 0.0400922 0.0341622 0.0283331 0.0227149 0.0174543 0.0127314 0.00872622 0.00556448
 0.00749067 0.0122307 0.0185241 0.0263477 0.0354586 0.0452483 0.0547144 0.0627095 0.0683575 0.0713271 0.071789 0.0701785 0.0669837 0.0626482 0.057545 0.0519683 0.0461345 0.040195 0.0342588 0.0284215 0.0227938 0.0175224 0.0127875 0.00876963 0.00559562
 0.00747508 0.0122064 0.0184891 0.0263008 0.0353989 0.0451753 0.0546285 0.0626129 0.0682547 0.0712254 0.0716984 0.0701099 0.0669469 0.0626494 0.0575846 0.0520411 0.0462306 0.0403028 0.0343678 0.0285238 0.0228848 0.0175993 0.0128491 0.00881613 0.00562822
#pred catch len freq
 0.00445759 0.00702836 0.0102037 0.0138883 0.0180256 0.0225838 0.0274854 0.032563 0.0375856 0.0423142 0.0465401 0.0501039 0.0529113 0.0549442 0.0562593 0.0569809 0.0572909 0.057394 0.05742 0.0572643 0.0564514 0.0541834 0.0496775 0.0426732 0.0337699
 0.00469006 0.00732972 0.0105184 0.0141249 0.0180903 0.0224302 0.0271475 0.032147 0.0372203 0.042093 0.0464907 0.0502009 0.0531171 0.055245 0.0566744 0.0575393 0.0579891 0.0581581 0.0580978 0.057662 0.0564079 0.0536479 0.0487446 0.0415489 0.0326851
 0.00489598 0.00765981 0.0110012 0.0147693 0.0188683 0.0232598 0.0278933 0.032654 0.0373782 0.041894 0.0460387 0.0496616 0.0526421 0.0549234 0.0565326 0.0575695 0.0581675 0.0584361 0.058381 0.0578098 0.056275 0.0531522 0.0479193 0.0405377 0.0316799
 0.00511234 0.00799785 0.0114864 0.0154213 0.0197022 0.0242828 0.0290896 0.0339609 0.0386687 0.0429884 0.0467555 0.0498903 0.0523941 0.0543266 0.0557708 0.0568079 0.0575054 0.0578937 0.0579084 0.0573075 0.0556301 0.0522913 0.046855 0.0393763 0.0305768
 0.00539916 0.00843801 0.0121013 0.016217 0.0206738 0.0254212 0.0303829 0.0353881 0.0401866 0.0445162 0.0481649 0.0510134 0.0530635 0.0544351 0.0553198 0.0559104 0.0563356 0.0566142 0.0566136 0.0560104 0.0542921 0.0508782 0.0453864 0.0379402 0.0292977
 0.00576558 0.00900059 0.0128871 0.0172312 0.0219037 0.0268417 0.0319581 0.0370699 0.0419144 0.0462189 0.0497599 0.0524012 0.0541234 0.0550356 0.0553512 0.0553277 0.0551852 0.0550217 0.0547359 0.0539828 0.0522062 0.0487992 0.0433883 0.0361229 0.0277678
 0.00612735 0.00956533 0.0136942 0.0183039 0.0232484 0.0284466 0.0337875 0.0390589 0.0439709 0.0482345 0.0516231 0.0540067 0.0553736 0.0558375 0.0556157 0.0549807 0.0541928 0.0534148 0.0526163 0.0515038 0.049542 0.0461233 0.0408657 0.0339028 0.0259637
 0.00647105 0.0101023 0.0144632 0.0193308 0.0245476 0.0300211 0.035623 0.0411132 0.0461673 0.0504628 0.0537498 0.0558911 0.0568852 0.0568671 0.0560778 0.0548107 0.0533489 0.0518914 0.0504645 0.0488451 0.0465644 0.0430588 0.0379561 0.0313592 0.0239279
 0.0068266 0.0106554 0.0152506 0.0203742 0.0258558 0.031592 0.0374404 0.0431395 0.0483383 0.0526871 0.0559132 0.0578635 0.0585314 0.05806 0.0567097 0.0547995 0.0526407 0.0504666 0.0483518 0.0461422 0.0434505 0.0397853 0.034808 0.0285954 0.0217223
 0.00716159 0.0111809 0.0160072 0.0213897 0.0271452 0.0331554 0.0392569 0.0451609 0.0504885 0.0548691 0.0580174 0.0597757 0.0601381 0.0592527 0.0573887 0.054878 0.0520507 0.0491686 0.0463525 0.0435169 0.0403628 0.0364851 0.0315952 0.0257537 0.0194483
 0.00752774 0.0117467 0.0168053 0.0224352 0.0284393 0.0346902 0.041013 0.0471001 0.0525465 0.0569551 0.0600216 0.0615815 0.0616346 0.0603433 0.0579929 0.0549277 0.0514878 0.0479511 0.044472 0.0410265 0.0374028 0.0332881 0.0284545 0.0229566 0.0172
 0.00791558 0.0123419 0.0176364 0.0235082 0.0297426 0.036201 0.042699 0.0489155 0.0544297 0.0588295 0.0617999 0.0631707 0.0629422 0.061284 0.0584932 0.054927 0.0509372 0.0468148 0.0427397 0.0387373 0.0346735 0.0303237 0.0255243 0.020332 0.0150809
 0.00819563 0.0127821 0.018271 0.0243607 0.0308231 0.0375034 0.0441954 0.0505527 0.0561326 0.0605123 0.0633768 0.0645628 0.0640796 0.0621048 0.0589419 0.0549532 0.0504956 0.0458691 0.0412746 0.0367801 0.0323183 0.0277444 0.0229551 0.0180152 0.0131997
 0.00838981 0.0130977 0.0187468 0.0250341 0.0317257 0.0386514 0.0455776 0.052122 0.0578075 0.0621875 0.0649395 0.0659093 0.065128 0.0628008 0.059255 0.0548665 0.0499955 0.0449425 0.039917 0.0350157 0.0302246 0.0254657 0.0206899 0.0159719 0.0115381
 0.00870052 0.013572 0.0194048 0.0258784 0.0327479 0.0398401 0.0469192 0.0535924 0.0593602 0.0637459 0.066401 0.0671603 0.0660656 0.0633517 0.059384 0.0545715 0.0492942 0.0438589 0.0384783 0.033263 0.0282328 0.0233581 0.0186314 0.0141345 0.010053
 0.00893956 0.0139505 0.0199554 0.0266244 0.0336989 0.0409864 0.0482259 0.0549993 0.0607905 0.0651201 0.0676454 0.0682077 0.0668527 0.0638205 0.0594901 0.0542924 0.0486323 0.0428382 0.0371386 0.0316604 0.0264474 0.0215021 0.0168434 0.0125541 0.00878387
 0.00910434 0.0142044 0.020313 0.0270941 0.034287 0.0417011 0.049075 0.0559806 0.0618798 0.0662634 0.0687633 0.0692101 0.0676568 0.0643632 0.0597295 0.0542055 0.0482122 0.0420942 0.0360993 0.0303766 0.0249961 0.0199865 0.015384 0.0112672 0.00775288
 0.00934532 0.0145561 0.0207684 0.0276225 0.0348454 0.0422517 0.0496 0.0564853 0.062385 0.0667918 0.0693249 0.0697906 0.0682143 0.064835 0.0600471 0.0543097 0.0480626 0.0416738 0.0354156 0.0294639 0.023917 0.01883 0.0142544 0.0102636 0.00694601
 0.00954844 0.0148682 0.0212032 0.0281784 0.035503 0.0429744 0.0503347 0.0571699 0.0629634 0.0672318 0.0696273 0.0699831 0.0683323 0.0649007 0.060057 0.0542355 0.0478635 0.0413125 0.0348726 0.0287471 0.0230657 0.0179117 0.0133534 0.00946145 0.00630088
 0.00956189 0.0149003 0.0212709 0.0283045 0.035712 0.0432835 0.0507452 0.0576613 0.0634941 0.0677472 0.0700739 0.0703237 0.0685557 0.0650201 0.0600959 0.0542099 0.0477698 0.0411294 0.0345739 0.0283192 0.0225212 0.0172923 0.0127219 0.00888409 0.00582813
 0.00957478 0.0149216 0.0213045 0.0283569 0.0357942 0.0434122 0.0509411 0.0579425 0.0638658 0.0681924 0.0705504 0.0707725 0.0689184 0.0652564 0.0601939 0.0541819 0.047639 0.0409142 0.0342817 0.0279512 0.0220847 0.016811 0.0122358 0.0084398 0.00546333
 0.00955932 0.0148936 0.0212575 0.0282839 0.0356912 0.0432825 0.0508 0.0578188 0.063798 0.0682191 0.0706973 0.0710408 0.0692793 0.065657 0.0605725 0.0544864 0.0478386 0.0409994 0.034257 0.0278276 0.0218778 0.0165443 0.0119419 0.00815566 0.00522073
 0.00959122 0.014938 0.0213101 0.0283354 0.0357278 0.0432902 0.0507679 0.0577438 0.0636881 0.068096 0.0705944 0.0709951 0.0693188 0.0657887 0.0607771 0.0547232 0.0480589 0.0411616 0.0343356 0.0278157 0.021784 0.0163889 0.0117532 0.00796406 0.00505227
 0.00962851 0.0149908 0.0213748 0.0284032 0.0357868 0.043328 0.050775 0.0577143 0.0636209 0.0679955 0.0704727 0.0708728 0.0692231 0.0657466 0.0608054 0.0548204 0.0482028 0.0413161 0.0344626 0.0278871 0.0217887 0.0163331 0.0116559 0.00785023 0.0049446
 0.00961605 0.0149705 0.0213441 0.0283596 0.035728 0.0432529 0.0506841 0.057611 0.063511 0.0678871 0.0703749 0.0707955 0.0691768 0.0657419 0.0608517 0.0549219 0.0483535 0.0414973 0.034646 0.0280423 0.0218934 0.0163798 0.0116521 0.00781354 0.00489499
 0.00962908 0.0149864 0.0213581 0.0283636 0.0357123 0.0432088 0.0506073 0.0575026 0.0633785 0.0677427 0.0702338 0.0706735 0.0690878 0.0656965 0.0608561 0.0549776 0.048457 0.0416379 0.0348054 0.0281972 0.0220216 0.0164668 0.0116955 0.00782173 0.00488207
 0.00963478 0.0149984 0.0213811 0.0284026 0.0357706 0.0432847 0.0506915 0.0575792 0.0634288 0.0677514 0.0701943 0.0705896 0.0689729 0.0655695 0.0607377 0.0548858 0.0484036 0.0416266 0.0348307 0.0282461 0.0220768 0.0165128 0.0117232 0.00783028 0.00487687
 0.00958142 0.0149144 0.0212605 0.0282432 0.0355762 0.0430672 0.050472 0.0573848 0.0632853 0.0676746 0.0701853 0.0706366 0.0690579 0.0656763 0.060856 0.0550119 0.0485378 0.0417694 0.0349796 0.0283938 0.0222128 0.0166262 0.0118071 0.00788402 0.00490561
 0.00952857 0.0148336 0.0211479 0.028098 0.0353996 0.0428618 0.0502427 0.0571421 0.0630478 0.0674689 0.0700402 0.0705745 0.0690866 0.0657866 0.0610264 0.0552173 0.0487571 0.0419882 0.0351891 0.0285874 0.0223836 0.0167677 0.011915 0.00795829 0.004951
 0.00943421 0.014694 0.0209636 0.0278783 0.0351596 0.0426177 0.0500078 0.056926 0.0628576 0.0673117 0.0699248 0.0705124 0.06909 0.0658635 0.0611756 0.0554264 0.0490051 0.0422516 0.0354471 0.0288247 0.0225898 0.0169365 0.0120439 0.00804899 0.00500891
 0.00938142 0.0146049 0.0208238 0.0276737 0.0348815 0.0422688 0.0496081 0.0565121 0.0624747 0.0670011 0.0697151 0.0704161 0.0691066 0.0659842 0.0613868 0.0557104 0.0493396 0.0426111 0.0358049 0.0291569 0.0228788 0.0171719 0.0122227 0.00817469 0.00509005
 0.00936282 0.0145744 0.0207767 0.0276036 0.0347791 0.0421226 0.0494065 0.0562496 0.0621591 0.0666584 0.0693867 0.0701484 0.0689376 0.0659339 0.0614549 0.0558814 0.0495893 0.042911 0.0361259 0.0294714 0.0231636 0.0174109 0.0124081 0.00830722 0.00517682
 0.00926712 0.0144359 0.0205997 0.0274024 0.0345729 0.0419275 0.0492292 0.0560861 0.061999 0.0664922 0.0692132 0.06998 0.0687994 0.0658567 0.0614647 0.0559899 0.0497902 0.043183 0.0364388 0.029793 0.0234648 0.01767 0.0126131 0.00845597 0.00527543
 0.00917971 0.0143005 0.0204092 0.0271563 0.0342792 0.041604 0.0489033 0.055791 0.0617647 0.0663354 0.0691325 0.0699604 0.0688228 0.0659131 0.0615564 0.0561271 0.0499825 0.0434302 0.036728 0.0301007 0.0237634 0.0179347 0.0128277 0.00861479 0.00538238
 0.00913192 0.0142227 0.0202918 0.0269898 0.0340557 0.0413203 0.0485652 0.0554172 0.0613875 0.0659966 0.0688738 0.0698115 0.0687933 0.0659918 0.0617197 0.0563507 0.0502485 0.0437275 0.0370465 0.0304259 0.0240758 0.0182135 0.0130566 0.00878662 0.00549963
 0.00913669 0.0142286 0.0202966 0.026989 0.0340415 0.0412814 0.0484882 0.0552892 0.0612019 0.0657586 0.0686044 0.0695448 0.0685685 0.0658418 0.0616617 0.0563841 0.0503597 0.0438973 0.0372556 0.0306562 0.0243087 0.0184307 0.0132423 0.0089311 0.00560136
