    unsorted:	 12237.65521 12633.88598 11798.53982 11353.75879 10939.62808 10487.82354 9954.218123 9373.355561 8920.157497 8645.710573 8014.931388 7323.176576 6945.713355 6597.582849 5759.208453 5886.088594 5111.417082 5163.445188 4366.219462 3805.108295 3627.291766 2908.479090 2223.150192 1589.034771 1024.365630 551.9618611 201.4056903 30211.46077 30095.36260 30473.06181 30740.64745 29844.31433 31113.35523 31573.48586 29103.89185 32135.33339 32790.69969 27993.40565 33545.40690 34449.76555 20778.68024 21086.96801 35477.44130 36690.48464 37996.24367 39548.22756 41230.65476 43173.99718 45331.41252 47659.10012 50299.64613 53083.10196 56066.30106 59031.62931 62210.64241 65666.00189 69761.05493 74193.52129 79055.16652 84285.67208 89718.10134 95761.54157 101437.6347 107856.4449 113591.3157 119883.7233 124798.1182 130342.5995 133395.9007 137430.0808 137710.7558 140799.3908 139709.5000 142640.9348 143590.3272 145470.6288 146397.8209 828507.3008 828318.1591 828038.6404 827687.9447 829015.8825 826637.9964 826257.0034 824018.3282 824551.9163 822499.8145 822172.6098 821517.0487 820985.3279 820658.8102 819811.2303 819462.2000 818465.5646 830779.6556 831578.8959 832355.3077 817591.0358 816620.2886 835573.9887 836606.0234 813411.8401 839764.7819 808846.2929 809081.7750 808230.0740 844678.6790 846709.9300 802528.5424 798959.7995 853035.1602 860057.2383 788383.9749 873631.0602 767344.4481 882929.2038 891023.6955 200247.9429 903966.4827 916614.8638 280775.7484 394741.3383 394554.0011 387744.7628 945092.4097 613708.3037 972879.8195 992134.4487 1016873.105 1136511.278 19908043.10
      sorted:	 201.4056903 551.9618611 1024.365630 1589.034771 2223.150192 2908.479090 3627.291766 3805.108295 4366.219462 5111.417082 5163.445188 5759.208453 5886.088594 6597.582849 6945.713355 7323.176576 8014.931388 8645.710573 8920.157497 9373.355561 9954.218123 10487.82354 10939.62808 11353.75879 11798.53982 12237.65521 12633.88598 20778.68024 21086.96801 27993.40565 29103.89185 29844.31433 30095.36260 30211.46077 30473.06181 30740.64745 31113.35523 31573.48586 32135.33339 32790.69969 33545.40690 34449.76555 35477.44130 36690.48464 37996.24367 39548.22756 41230.65476 43173.99718 45331.41252 47659.10012 50299.64613 53083.10196 56066.30106 59031.62931 62210.64241 65666.00189 69761.05493 74193.52129 79055.16652 84285.67208 89718.10134 95761.54157 101437.6347 107856.4449 113591.3157 119883.7233 124798.1182 130342.5995 133395.9007 137430.0808 137710.7558 139709.5000 140799.3908 142640.9348 143590.3272 145470.6288 146397.8209 200247.9429 280775.7484 387744.7628 394554.0011 394741.3383 613708.3037 767344.4481 788383.9749 798959.7995 802528.5424 808230.0740 808846.2929 809081.7750 813411.8401 816620.2886 817591.0358 818465.5646 819462.2000 819811.2303 820658.8102 820985.3279 821517.0487 822172.6098 822499.8145 824018.3282 824551.9163 826257.0034 826637.9964 827687.9447 828038.6404 828318.1591 828507.3008 829015.8825 830779.6556 831578.8959 832355.3077 835573.9887 836606.0234 839764.7819 844678.6790 846709.9300 853035.1602 860057.2383 873631.0602 882929.2038 891023.6955 903966.4827 916614.8638 945092.4097 972879.8195 992134.4487 1016873.105 1136511.278 19908043.10
