SBPRF35
10.3919
Curr Bio
544777
B35
727658
F35
0.184875
FOFL
0.138716
OFL
63072.1
Bzero
2.9691e+006
#pred survey bio
 4.14015e+006 3.94952e+006 3.77786e+006 3.55578e+006 3.30878e+006 3.0178e+006 2.73288e+006 2.42979e+006 2.15794e+006 1.9173e+006 1.68669e+006 1.48381e+006 1.30635e+006 1.15583e+006 1.00968e+006 893751 803023 740886 693610 658288 626204 595349 577682 565379 553259 538535 541930 544709 543342 545766 539877 547003 548231 556474 554850 539097 536226 523008 530820 537469 545729 553407 559966 554100 553854 557514 563608 562211 566295 562485 561064 588955 592152 586688 582513 564616 561394 554035 526192 513251 527017 580693 570774 539230 557173 565380 543533 549342 1.95745e+007 1.17226e+007 1.20725e+007 1.31075e+007 1.45648e+007 1.61445e+007 1.76406e+007 1.89444e+007 2.00195e+007 2.0873e+007 2.15331e+007 2.20344e+007 2.24106e+007 2.26909e+007 2.2899e+007 2.30534e+007 2.3168e+007 2.32533e+007 2.33172e+007 2.33651e+007 2.34014e+007 2.34289e+007 2.34499e+007 2.3466e+007 2.34785e+007 2.34882e+007 2.34957e+007 2.35015e+007 2.35061e+007 2.35097e+007 2.35125e+007 2.35148e+007 2.35165e+007 2.35179e+007 2.35191e+007 2.352e+007 2.35207e+007 2.35212e+007 2.35217e+007 2.3522e+007 2.35223e+007 2.35226e+007 2.35228e+007 2.35229e+007 2.3523e+007 2.35231e+007 2.35232e+007 2.35232e+007 2.35233e+007 2.35233e+007 2.35234e+007 2.35234e+007 2.35234e+007 2.35234e+007 2.35234e+007 2.35235e+007 2.35235e+007 2.35235e+007 2.35235e+007 2.35235e+007 2.35235e+007 2.35235e+007 2.35235e+007 2.35235e+007 2.35235e+007 2.35235e+007 2.35235e+007 2.35235e+007 2.35235e+007 2.35235e+007 2.35235e+007 2.35235e+007 2.35235e+007 2.35235e+007 2.35235e+007 2.35235e+007 2.35235e+007 2.35235e+007 2.35235e+007 2.35235e+007 2.35235e+007 2.35235e+007 2.35235e+007 2.35235e+007 2.35235e+007 2.35235e+007 2.35235e+007 2.35235e+007 2.35235e+007 2.35235e+007 2.35235e+007 2.35235e+007 2.35235e+007 2.35235e+007 2.35235e+007 2.35235e+007 2.35235e+007 2.35235e+007 2.35235e+007 2.35235e+007 0 0 0 0 0 0 0 0 0 0 0 0 0 0 0 0 0 0 0 0 0 0 0 0 0
#obs survey bio
 5.07864e+006 3.1266e+006 4.97128e+006 3.68898e+006 2.28234e+006 1.85574e+006 2.94599e+006 2.08166e+006 2.51304e+006 1.4044e+006 1.61039e+006 1.01608e+006 1.14918e+006 1.26244e+006 970070 682069 665675 726334 410323 620303 525348 476966 421102 413518 625558 426328 427984 525821 434642 529835 504812 501286 553049 587088 573806 535769 529269 603536 582337 550926 400456 702204 796129 701784 608469 810090 621954 702413 932314 496374 501572 656247 613332 633560 535469 518258 713847 588017 422960 477671 724514 738729 485886 556395 646749 597310 480248 483762
#pred catch bio
 106273 96084.1 153727 193121 253802 270817 310236 303272 293586 299850 287067 273196 254290 251301 223336 199085 171814 156558 144106 138907 134862 121209 115200 113620 113857 97545.9 97924.2 100692 96564.3 102012 89400 93193 86032.2 92276.5 100536 87841.8 98365 83688.9 87341.3 87084.9 87806.6 88141.4 96893.3 90078.2 85704.5 83385.2 89597.4 84816.7 91501.9 89717.7 66688.8 89391 96975 96182.5 107842 95456 98885.7 114405 100224 78259.7 47005.3 100664 115874 73405.6 82363.2 105807 79850.1 74006.6 63072.1 81949.7 83044.5 88937.6 98514.6 109177 119230 127861 134829 140214 144245 147189 149299 150790 151831 152552 153047 153385 153614 153770 153875 153946 153993 154025 154047 154061 154071 154077 154081 154084 154086 154087 154088 154089 154089 154089 154089 154089 154090 154090 154090 154090 154090 154090 154090 154090 154090 154090 154090 154090 154090 154090 154090 154090 154090 154090 154090 154090 154090 154090 154090 154090 154090 154090 154090 154090 154090 154090 154090 154090 154090 154090 154090 154090 154090 154090 154090 154090 154090 154090 154090 154090 154090 154090 154090 154090 154090 154090 154090 154090 154090 154090 154090 154090 154090 154090 154090 154090 154090 154090 0 0 0 0 0 0 0 0 0 0 0 0 0 0 0 0 0 0 0 0 0 0 0 0 0
#obs catch bio
 0 95665.9 153979 193463 255598 272559 312903 307309 296082 304435 290693 278654 260550 256023 227399 202393 174624 158469 146300 141050 137095 123110 117002 115957 115782 98922.2 99436.3 102231 97842.4 103750 90372.6 94076.4 86862.4 93092.2 101427 87913.9 98777.9 83466.2 87222.4 86654 87678 87582.4 96275.6 89254.3 84665.2 82457 88631.6 83980.1 90144.3 88955.5 65975.7 88841 96653.9 95494.1 107540 95099.9 98229.4 113765 99720.9 78413.7 46490.4 100353 115742 72846.9 81838 105743 79570.7 73949.3
#pred cpue bio
 4.08809e+006 3.90025e+006 3.73044e+006 3.50895e+006 3.26236e+006 2.97231e+006 2.68836e+006 2.38653e+006 2.11593e+006 1.87651e+006 1.6473e+006 1.44571e+006 1.26962e+006 1.12078e+006 976777 862629 773428 712542 666323 631774 600532 570573 553439 541471 529770 515608 519036 521903 520775 523365 517976 525329 526826 535210 534244 519447 516290 502191 509047 515605 523958 531751 538528 533187 533230 536923 542899 541508 545518 541751 540141 567298 570451 564942 560619 542884 539546 532501 505423 492558 505996 559062 549965 518856 536115 544541 523578 529629 1.89108e+007 1.13359e+007 1.15332e+007 1.24045e+007 1.38056e+007 1.53725e+007 1.6866e+007 1.81693e+007 1.92444e+007 2.00979e+007 2.0758e+007 2.12593e+007 2.16355e+007 2.19158e+007 2.21239e+007 2.22783e+007 2.23929e+007 2.24782e+007 2.25421e+007 2.259e+007 2.26262e+007 2.26538e+007 2.26748e+007 2.26909e+007 2.27034e+007 2.2713e+007 2.27205e+007 2.27264e+007 2.2731e+007 2.27346e+007 2.27374e+007 2.27397e+007 2.27414e+007 2.27428e+007 2.2744e+007 2.27448e+007 2.27456e+007 2.27461e+007 2.27466e+007 2.27469e+007 2.27472e+007 2.27475e+007 2.27476e+007 2.27478e+007 2.27479e+007 2.2748e+007 2.27481e+007 2.27481e+007 2.27482e+007 2.27482e+007 2.27483e+007 2.27483e+007 2.27483e+007 2.27483e+007 2.27483e+007 2.27483e+007 2.27483e+007 2.27484e+007 2.27484e+007 2.27484e+007 2.27484e+007 2.27484e+007 2.27484e+007 2.27484e+007 2.27484e+007 2.27484e+007 2.27484e+007 2.27484e+007 2.27484e+007 2.27484e+007 2.27484e+007 2.27484e+007 2.27484e+007 2.27484e+007 2.27484e+007 2.27484e+007 2.27484e+007 2.27484e+007 2.27484e+007 2.27484e+007 2.27484e+007 2.27484e+007 2.27484e+007 2.27484e+007 2.27484e+007 2.27484e+007 2.27484e+007 2.27484e+007 2.27484e+007 2.27484e+007 2.27484e+007 2.27484e+007 2.27484e+007 2.27484e+007 2.27484e+007 2.27484e+007 2.27484e+007 2.27484e+007 2.27484e+007 2.27484e+007 0 0 0 0 0 0 0 0 0 0 0 0 0 0 0 0 0 0 0 0 0 0 0 0 0
#obs cpue bio
 4.66464e+006 4.01758e+006 2.83264e+006 1.81128e+006 2.86491e+006 4.05256e+006 2.65593e+006 1.38645e+006 2.61343e+006 1.4602e+006 1.82282e+006 1.06903e+006 794422 1.34062e+006 768206 960083 672641 743935 723980 539307 554474 515709 581386 417727 498993 451781 504588 469090 528030 408085 504861 661942 354099 539850 558000 655666 544519 555083 495480 687046 572621 636270 472231 560035 765707 396942 614590 421351 654116 495655 591741 540356 421750 684884 549288 559446 577191 579015 640718 372113 475807 677296 556137 541540 571524 469635 550976 529861
#pred surv len freq
 0.00529853 0.00850297 0.0126114 0.0175464 0.0231631 0.0291902 0.0351918 0.0406539 0.0451725 0.0485899 0.0509811 0.0525398 0.0534739 0.0539558 0.0541117 0.0540286 0.053768 0.0533672 0.0527972 0.0518757 0.0501958 0.0471852 0.042361 0.035683 0.0277552
 0.0055686 0.00883957 0.012933 0.0177257 0.0230754 0.0287838 0.0345335 0.039914 0.0445483 0.0482153 0.0508776 0.0526344 0.0536618 0.0541646 0.0543327 0.0543043 0.0541499 0.053866 0.0533528 0.0523649 0.0504806 0.0471779 0.0420684 0.0352023 0.0272246
 0.00583468 0.00926818 0.0135635 0.0185727 0.0241045 0.0298876 0.0355311 0.0405962 0.0447635 0.0479475 0.0502587 0.0518753 0.0529492 0.0535943 0.0539126 0.0540044 0.0539466 0.0537485 0.0532972 0.0523113 0.0503407 0.0468768 0.0415909 0.0346073 0.0266169
 0.0060668 0.00964471 0.0141296 0.0193715 0.02517 0.0312279 0.037104 0.0422867 0.0463812 0.0492594 0.051057 0.0520534 0.0525439 0.0527634 0.05286 0.0529019 0.0528954 0.0527839 0.0524109 0.0514683 0.0494937 0.0459886 0.040662 0.0336879 0.0257878
 0.00628361 0.00999299 0.0146469 0.0200928 0.0261246 0.0324333 0.0385557 0.0439467 0.0481689 0.0510457 0.0526669 0.0532872 0.0532236 0.0527918 0.0522597 0.0518056 0.0514902 0.051244 0.0508534 0.0499466 0.04802 0.0445671 0.0393169 0.0324714 0.0247643
 0.00657321 0.0104486 0.0153048 0.0209784 0.0272505 0.0337963 0.0401318 0.0456872 0.0500028 0.0528855 0.0544093 0.0548091 0.054381 0.0534357 0.0522734 0.0511487 0.0502215 0.0495057 0.0488239 0.0477913 0.0458668 0.042512 0.0374422 0.0308543 0.0234659
 0.00687394 0.0109248 0.0159981 0.0219195 0.0284547 0.035257 0.0418124 0.0475191 0.0518945 0.0547392 0.056134 0.0563217 0.0555974 0.0542607 0.0526012 0.0508828 0.0493098 0.0479717 0.0467753 0.0453988 0.0433275 0.0400174 0.0351589 0.0289108 0.0219387
 0.00718826 0.0114295 0.0167458 0.0229548 0.0298063 0.0369248 0.0437535 0.049643 0.0540752 0.0568387 0.058027 0.0579086 0.0568053 0.0550337 0.0528867 0.0506232 0.0484502 0.0464857 0.0446979 0.0428465 0.0404933 0.03714 0.0324771 0.0266178 0.0201471
 0.00752882 0.0119619 0.0175085 0.0239725 0.0310897 0.0384697 0.0455343 0.0516057 0.0561344 0.0588849 0.0599381 0.0595657 0.0581055 0.0558979 0.0532582 0.0504586 0.0477121 0.0451485 0.0427703 0.0404027 0.0376921 0.0342145 0.0296913 0.0242039 0.0182502
 0.00785382 0.0124774 0.0182601 0.0249935 0.0323952 0.0400481 0.0473388 0.0535536 0.0581206 0.0608016 0.0616902 0.0610726 0.0592964 0.0567071 0.0536253 0.0503308 0.0470465 0.0439166 0.0409726 0.0380936 0.0350038 0.0313598 0.0269303 0.0217813 0.0163304
 0.0082394 0.0130821 0.0191292 0.026155 0.0338563 0.0417897 0.0493073 0.0556564 0.0602345 0.0627929 0.0634376 0.0624826 0.0603081 0.0572861 0.0537521 0.0499886 0.0462151 0.0425772 0.039124 0.0357784 0.0323349 0.0285293 0.0241836 0.0193589 0.0144007
 0.00856767 0.013609 0.0199091 0.0272331 0.035259 0.0435106 0.0512929 0.0578027 0.062401 0.0648301 0.0652118 0.0638907 0.061281 0.0577874 0.0537709 0.0495294 0.0452861 0.0411857 0.0372842 0.0335335 0.0297842 0.0258413 0.0215785 0.0170576 0.0125624
 0.00874831 0.013918 0.020403 0.0279749 0.036306 0.0448938 0.0529954 0.0597497 0.0644686 0.0668668 0.0670644 0.0654251 0.0623964 0.0584224 0.0539017 0.0491607 0.0444391 0.0398886 0.0355727 0.0314636 0.0274529 0.0233993 0.0192188 0.014974 0.010896
 0.00894829 0.014229 0.0208466 0.0285668 0.0370598 0.0458241 0.0541149 0.0610585 0.06594 0.0684375 0.0686341 0.066869 0.0635866 0.0592506 0.0542942 0.0490824 0.0438883 0.0388882 0.0341652 0.0297146 0.0254614 0.0213051 0.0171919 0.0131822 0.00946074
 0.00926157 0.0147185 0.0215455 0.0294905 0.0382015 0.0471505 0.0555635 0.0625427 0.0673671 0.0697302 0.0697415 0.0677606 0.0642363 0.0596248 0.0543526 0.0487878 0.0432189 0.0378453 0.0327768 0.0280393 0.0235926 0.0193711 0.0153437 0.0115638 0.00817325
 0.00952184 0.0151287 0.0221385 0.0302877 0.0392085 0.0483508 0.0569107 0.0639583 0.0687493 0.0709742 0.070761 0.0685022 0.0646813 0.0597786 0.0542284 0.0483934 0.0425528 0.0369044 0.0315708 0.0266042 0.0220002 0.0177285 0.0137787 0.0101977 0.00708952
 0.00967807 0.0153823 0.0225197 0.0308241 0.03992 0.0492411 0.0579579 0.0651108 0.0699312 0.0720974 0.0717401 0.0692656 0.06518 0.0599906 0.0541565 0.0480559 0.0419724 0.0361008 0.0305633 0.0254229 0.0206992 0.0163902 0.0125049 0.00908647 0.00620865
 0.00984716 0.0156289 0.0228395 0.0311982 0.0403251 0.0496635 0.0584018 0.065595 0.0704744 0.0727016 0.0723808 0.0698932 0.0657307 0.0604015 0.054378 0.0480593 0.0417495 0.0356594 0.0299228 0.0246151 0.0197722 0.0154123 0.0115583 0.00825091 0.00554082
 0.0100059 0.015873 0.0231797 0.0316323 0.0408355 0.0502171 0.0589527 0.0660933 0.0708825 0.0730093 0.0726067 0.070071 0.0658858 0.0605339 0.0544618 0.0480539 0.0416158 0.0353725 0.0294775 0.0240274 0.0190792 0.0146697 0.0108328 0.00760681 0.005024
 0.0100199 0.0159093 0.0232589 0.0317811 0.0410794 0.0505679 0.059398 0.0665942 0.0713819 0.0734486 0.0729437 0.0702905 0.0659999 0.0605705 0.0544464 0.0479956 0.0415035 0.0351828 0.0291894 0.0236349 0.0185984 0.0141382 0.010302 0.00712856 0.00463644
 0.0100715 0.0159845 0.023357 0.0318986 0.0412143 0.0507253 0.0595912 0.0668387 0.071684 0.0737942 0.0732964 0.0706022 0.0662276 0.060692 0.0544639 0.0479272 0.0413689 0.0349923 0.0289425 0.0233283 0.0182373 0.0137428 0.00990606 0.0067696 0.00434378
 0.0102024 0.0161799 0.0236182 0.0322144 0.0415629 0.0510793 0.0599227 0.0671244 0.0719103 0.0739599 0.0734102 0.0706735 0.0662584 0.0606744 0.0543866 0.0477846 0.0411654 0.0347393 0.028652 0.0230097 0.0178999 0.0134004 0.00957883 0.00648073 0.00411163
 0.0103121 0.0163391 0.0238223 0.0324467 0.041799 0.0512945 0.0600986 0.0672513 0.0719865 0.0739912 0.0734086 0.0706546 0.0662369 0.0606575 0.0543708 0.0477572 0.0411107 0.0346455 0.0285152 0.0228336 0.0176941 0.0131793 0.0093604 0.00628362 0.00395062
 0.0102574 0.0162732 0.0237649 0.0324282 0.0418497 0.051429 0.0603044 0.0674905 0.0722115 0.0741635 0.0735119 0.0706951 0.0662343 0.0606343 0.0543434 0.0477313 0.0410819 0.0346034 0.028449 0.0227377 0.0175702 0.0130367 0.00921337 0.00614745 0.00383753
 0.0102301 0.0162269 0.0236929 0.0323271 0.0417243 0.0512978 0.0602005 0.0674526 0.0722666 0.0743117 0.0737225 0.0709204 0.0664305 0.0607774 0.0544316 0.0477767 0.0410985 0.0345994 0.0284257 0.0226929 0.0175034 0.0129522 0.00912027 0.00605735 0.0037605
 0.010361 0.0164128 0.0239226 0.0325721 0.0419462 0.0514605 0.060282 0.0674514 0.0722013 0.0742145 0.0736277 0.0708516 0.0663919 0.0607554 0.0544057 0.0477315 0.0410299 0.0345126 0.0283287 0.0225917 0.0174014 0.0128521 0.00902642 0.00597492 0.00369407
 0.0102758 0.0162871 0.0237568 0.0323735 0.0417254 0.0512263 0.0600392 0.0672039 0.0719594 0.074 0.0734737 0.0707935 0.0664537 0.0609382 0.0546843 0.0480629 0.0413672 0.0348179 0.0285797 0.0227808 0.0175308 0.0129302 0.00906442 0.00598563 0.0036896
 0.0101859 0.0161492 0.0235651 0.0321295 0.0414385 0.0509137 0.0597249 0.0669153 0.071721 0.0738278 0.0733739 0.0707674 0.0665035 0.0610679 0.0548947 0.0483431 0.0416923 0.0351535 0.0288915 0.0230435 0.0177322 0.0130702 0.00915169 0.00603305 0.00371079
 0.0101441 0.0160835 0.0234704 0.0320025 0.0412786 0.0507239 0.0595131 0.0666954 0.0715111 0.0736474 0.0732391 0.0706883 0.0664841 0.0611084 0.0549935 0.0484972 0.041894 0.0353876 0.0291353 0.023272 0.0179253 0.013217 0.00925171 0.00609364 0.00374289
 0.00994373 0.0157902 0.0230894 0.0315597 0.0408128 0.0502754 0.0591139 0.0663671 0.0712677 0.073498 0.0731894 0.070739 0.0666299 0.0613376 0.0552898 0.0488416 0.0422673 0.0357703 0.0295073 0.0236129 0.0182169 0.0134478 0.00941912 0.00620417 0.00380883
 0.00991409 0.0157302 0.0229785 0.0313747 0.0405377 0.0499138 0.0586977 0.0659517 0.0709141 0.0732507 0.0730644 0.0707267 0.0667083 0.061485 0.0554899 0.0490831 0.0425395 0.0360609 0.0298011 0.023893 0.0184666 0.013654 0.00957555 0.00631224 0.00387635
 0.00986911 0.015645 0.0228276 0.0311268 0.040163 0.0493964 0.0580493 0.0652187 0.0701741 0.072598 0.0725883 0.0704893 0.0667295 0.061741 0.055926 0.0496331 0.0431419 0.0366667 0.0303743 0.0244075 0.0189045 0.0140051 0.00983846 0.00649431 0.00399195
 0.00975506 0.0154861 0.0226364 0.0309276 0.0399805 0.0492392 0.0578997 0.0650385 0.0699252 0.0722671 0.0722014 0.0701079 0.0664302 0.0615889 0.0559541 0.0498354 0.0434811 0.0370896 0.030827 0.0248452 0.0192947 0.014328 0.0100861 0.00666955 0.00410552
 0.0093958 0.0149518 0.0219261 0.0300769 0.0390558 0.0483245 0.0570825 0.0643954 0.0695061 0.0720821 0.072221 0.0702811 0.066711 0.0619545 0.0564041 0.0503757 0.0441058 0.0377722 0.0315242 0.0255081 0.0198809 0.0148099 0.0104536 0.0069283 0.00427288
 0.00923418 0.0146842 0.0215162 0.0294933 0.0382849 0.0473883 0.0560516 0.0633852 0.0686491 0.0714891 0.0719491 0.070324 0.0670132 0.0624392 0.0570006 0.0510355 0.0448021 0.0384876 0.0322374 0.0261884 0.0204934 0.0153244 0.0108538 0.00721478 0.00446057
 0.0100343 0.015805 0.0228689 0.0308795 0.0394484 0.0481014 0.0561891 0.0629495 0.0677495 0.0702972 0.0706541 0.0690957 0.0659738 0.0616494 0.0564648 0.0507217 0.0446662 0.038489 0.0323426 0.0263661 0.0207103 0.0155466 0.0110526 0.00737236 0.00457187
 0.0106429 0.0167603 0.0242342 0.0326673 0.0415909 0.0504219 0.0583941 0.0646753 0.0686667 0.0702321 0.0696543 0.0674021 0.0639214 0.0595571 0.0545634 0.0491338 0.0434247 0.0375711 0.0317006 0.0259466 0.0204616 0.0154204 0.0110051 0.00736763 0.00458443
 0.0106133 0.0168098 0.0244887 0.0333015 0.04278 0.0522624 0.0608293 0.0674659 0.0714274 0.0725216 0.0710894 0.0677595 0.0631959 0.0579514 0.0524116 0.0467944 0.04119 0.0356246 0.0301212 0.0247387 0.0195869 0.0148218 0.0106204 0.00713732 0.004457
 0.0102063 0.0161979 0.0236678 0.0323204 0.0417522 0.0513688 0.0603025 0.0675406 0.0722552 0.0740825 0.0731544 0.0699403 0.0650672 0.0591887 0.0528836 0.0465735 0.0404899 0.0347036 0.0291988 0.0239525 0.0189923 0.0144153 0.0103674 0.00699418 0.00438388
 0.010063 0.0159497 0.0232674 0.0317198 0.0409205 0.0503212 0.0591283 0.0664114 0.0714015 0.0737362 0.0734729 0.0709373 0.0665827 0.0609228 0.0544902 0.0477759 0.0411629 0.0348857 0.0290388 0.0236298 0.0186515 0.0141383 0.0101792 0.00688432 0.00432859
 0.00992036 0.0157335 0.0229696 0.0313382 0.0404528 0.0497592 0.0584603 0.0656391 0.0705651 0.0729343 0.0728594 0.0706843 0.0668163 0.0616597 0.05561 0.0490521 0.0423433 0.0357827 0.0295828 0.0238639 0.0186815 0.0140746 0.0100989 0.00682373 0.00429433
 0.00975183 0.0154775 0.0226181 0.0308964 0.039938 0.0491968 0.0578794 0.0650675 0.0700246 0.0724414 0.0724354 0.0703723 0.0666886 0.0617995 0.0560693 0.0498082 0.0432859 0.0367471 0.0304129 0.0244679 0.0190502 0.0142593 0.0101714 0.00684356 0.00429694
 0.00959069 0.0152279 0.022266 0.0304384 0.039383 0.0485673 0.0572134 0.0644156 0.0694413 0.0719719 0.0721059 0.0701907 0.0666564 0.0619257 0.0563741 0.050308 0.0439671 0.0375477 0.0312309 0.0251962 0.0196161 0.0146437 0.0104009 0.00696538 0.00435581
 0.00961766 0.0152585 0.0222875 0.0304297 0.0393196 0.0484287 0.0569904 0.064114 0.0690809 0.0715821 0.0717207 0.0698434 0.0663756 0.0617356 0.0562967 0.0503636 0.0441679 0.0378846 0.0316645 0.0256608 0.0200411 0.0149789 0.0106298 0.00710134 0.00442641
 0.00970599 0.0153777 0.0224214 0.0305469 0.0393805 0.0483979 0.0568478 0.0638597 0.0687341 0.0711761 0.0712965 0.0694434 0.0660378 0.0614888 0.0561594 0.050346 0.0442725 0.0381045 0.0319778 0.0260283 0.0204121 0.0153053 0.0108811 0.0072711 0.00452726
 0.00973107 0.0154193 0.0224842 0.030633 0.0394844 0.0485026 0.0569228 0.0638674 0.068642 0.0709717 0.0709947 0.0690833 0.0656701 0.0611629 0.0559135 0.050204 0.0442444 0.0381879 0.0321578 0.0262769 0.0206913 0.0155743 0.0111072 0.00743784 0.0046354
 0.00972591 0.0154099 0.0224686 0.0306096 0.0394536 0.0484678 0.0568895 0.0638399 0.0686175 0.0709377 0.0709322 0.0689763 0.0655169 0.0609803 0.0557329 0.0500612 0.0441692 0.038197 0.0322516 0.0264407 0.0208976 0.0157898 0.0113016 0.0075911 0.0047416
 0.00970571 0.0153899 0.0224617 0.0306345 0.0395283 0.0486 0.0570702 0.0640431 0.0688093 0.071086 0.0710138 0.068978 0.0654344 0.0608192 0.0555113 0.0498096 0.0439261 0.0379993 0.0321252 0.026394 0.020921 0.0158606 0.011392 0.00767739 0.00480949
 0.00974093 0.0154276 0.0224834 0.0306141 0.0394432 0.0484459 0.0568707 0.0638453 0.0686644 0.0710274 0.0710442 0.0690727 0.0655549 0.0609286 0.0555843 0.0498377 0.0439173 0.0379738 0.0321077 0.0264039 0.0209656 0.0159335 0.0114779 0.00775938 0.00487559
 0.00989726 0.0156641 0.0228052 0.0310103 0.0398854 0.0488894 0.0572593 0.0641223 0.0687902 0.0709948 0.0708817 0.0688295 0.0652789 0.0606491 0.0553104 0.0495669 0.0436475 0.0377116 0.0318681 0.0262047 0.02082 0.0158441 0.0114362 0.00775014 0.00488278
 0.00993562 0.0157363 0.0229312 0.0312134 0.040184 0.0492859 0.0577294 0.0646135 0.0692317 0.0713173 0.071037 0.0688045 0.0650959 0.0603548 0.0549571 0.049197 0.0432875 0.0373755 0.0315653 0.025945 0.0206126 0.0156937 0.0113397 0.00769696 0.00485895
 0.00972386 0.0154043 0.0224568 0.0305903 0.0394302 0.048452 0.0569023 0.0639057 0.0687528 0.0711381 0.0711664 0.0691913 0.0656531 0.0609907 0.0555986 0.0497979 0.0438244 0.0378391 0.0319536 0.0262608 0.0208623 0.0158864 0.0114846 0.00780234 0.00493184
 0.00981827 0.0155414 0.0226315 0.0307844 0.0396137 0.048588 0.0569551 0.0638513 0.0685903 0.0708965 0.0708992 0.0689579 0.0654962 0.0609218 0.0556005 0.0498392 0.0438758 0.0378824 0.0319824 0.0262765 0.0208697 0.0158905 0.0114892 0.00780875 0.0049395
 0.00990224 0.0156837 0.0228552 0.0311108 0.0400532 0.0491271 0.0575465 0.0644161 0.0690363 0.0711462 0.070915 0.068753 0.0651267 0.0604655 0.0551308 0.0494065 0.043502 0.0375684 0.0317205 0.0260591 0.0206931 0.0157531 0.0113889 0.00774147 0.00489859
 0.00994589 0.0157537 0.0229596 0.0312585 0.0402547 0.0493937 0.0578856 0.0648231 0.0694855 0.0715867 0.0712778 0.0689698 0.0651539 0.0603005 0.0548124 0.0489981 0.0430692 0.0371604 0.0313644 0.0257638 0.0204576 0.0155727 0.0112577 0.00765214 0.00484256
 0.0100593 0.0159386 0.0232379 0.0316488 0.0407661 0.0500174 0.0585889 0.0655505 0.0701699 0.0721641 0.0716974 0.0691951 0.0651613 0.0600826 0.054384 0.0484019 0.0423702 0.0364329 0.0306743 0.0251575 0.0199586 0.0151861 0.0109759 0.00745987 0.00472085
 0.00983576 0.0156217 0.0228481 0.0312371 0.0404034 0.0497747 0.0585192 0.0656786 0.0704903 0.0726432 0.0722786 0.0698083 0.0657339 0.0605502 0.0546998 0.0485431 0.0423424 0.0362685 0.0304235 0.0248744 0.0196884 0.0149575 0.0108006 0.00733708 0.00464203
 0.00983569 0.0155962 0.0227653 0.0310578 0.0400988 0.0493507 0.0580324 0.065229 0.0701891 0.0725713 0.0724589 0.0702033 0.0662652 0.0611245 0.0552308 0.0489654 0.042619 0.0363926 0.0304158 0.0247743 0.0195415 0.0148041 0.0106676 0.00723647 0.00457439
 0.0102118 0.0161584 0.0235169 0.0319627 0.0410833 0.0503135 0.0588583 0.0658104 0.0704546 0.0725123 0.0721349 0.0697176 0.0657229 0.0605976 0.0547461 0.0485141 0.0421773 0.0359407 0.0299496 0.0243077 0.0191012 0.0144186 0.0103577 0.00700912 0.00442275
 0.0101563 0.016114 0.0235333 0.0321107 0.0414309 0.0508903 0.0596271 0.0666649 0.071249 0.0731089 0.0724464 0.0697284 0.0654836 0.0601984 0.0542809 0.0480513 0.041748 0.035546 0.0295779 0.0239518 0.0187657 0.0141178 0.0101076 0.00681896 0.00429174
 0.00977845 0.0155336 0.0227275 0.031092 0.0402572 0.0496708 0.0585184 0.0658448 0.0708653 0.0732235 0.0730087 0.0705976 0.0664869 0.0611898 0.0551732 0.0488144 0.042385 0.0360683 0.0299921 0.0242604 0.0189743 0.0142407 0.0101668 0.00683858 0.00429189
 0.00937062 0.0148573 0.0216884 0.0296035 0.0382706 0.0472199 0.055759 0.0630593 0.0684152 0.0714615 0.0721874 0.070807 0.06764 0.0630588 0.0574605 0.0512309 0.0447059 0.0381512 0.0317656 0.0257012 0.0200894 0.0150582 0.01073 0.0072007 0.00450776
 0.00979983 0.0154915 0.0225192 0.0305678 0.03925 0.0480512 0.0562559 0.0630509 0.067802 0.0702716 0.0705969 0.0691021 0.0661299 0.0619801 0.0569159 0.0511838 0.0450238 0.0386691 0.0323384 0.02623 0.0205225 0.0153801 0.0109484 0.0073357 0.00458332
 0.0100321 0.0159059 0.0232068 0.031624 0.0407372 0.0499445 0.0583991 0.0651569 0.069514 0.0712635 0.0706712 0.0682487 0.0645277 0.0599427 0.0547991 0.0492867 0.0435224 0.0376034 0.0316485 0.0258116 0.0202744 0.0152281 0.0108489 0.00726692 0.00453567
 0.00953737 0.0151669 0.0222218 0.0304495 0.0394912 0.0487979 0.0575541 0.0648033 0.0697624 0.0720829 0.0718732 0.0695418 0.0656241 0.0606616 0.0551173 0.0493176 0.043442 0.0375669 0.0317359 0.026021 0.020552 0.0155089 0.0110853 0.00743905 0.00464604
 0.00940902 0.0149317 0.0218212 0.0298192 0.0385853 0.0476251 0.0562085 0.063468 0.0686735 0.0714618 0.0718533 0.0701178 0.0666468 0.0618865 0.0562917 0.0502676 0.0441167 0.0380211 0.0320702 0.0263197 0.0208506 0.0157988 0.0113394 0.00763589 0.00478052
 0.00941219 0.0149627 0.0219112 0.0300023 0.0388755 0.0479893 0.0565543 0.063667 0.0686186 0.0711292 0.0713288 0.0695656 0.0662345 0.06171 0.0563392 0.0504419 0.0442973 0.0381269 0.0320875 0.0262855 0.0208144 0.0157906 0.0113619 0.00767452 0.00481908
 0.00880911 0.0140734 0.020745 0.0286336 0.0374316 0.0466212 0.0554068 0.062851 0.0681872 0.071065 0.0715578 0.0699987 0.0668131 0.0624211 0.0571912 0.0514215 0.0453457 0.0391528 0.0330044 0.0270438 0.0214074 0.0162389 0.0116924 0.00790988 0.00497744
#obs surv len freq
 nan nan nan nan nan nan nan nan nan nan nan nan nan nan nan nan nan nan nan nan nan nan nan nan nan
 0.00448449 0.0073458 0.0111758 0.0159922 0.0216931 0.0279689 0.0342831 0.0400145 0.0446939 0.0481576 0.0505152 0.0520107 0.0529027 0.0534148 0.0537289 0.0539836 0.054262 0.0545547 0.0546934 0.0542853 0.0527234 0.0493555 0.0438054 0.0362855 0.0276693
 0.0046144 0.00755905 0.0115002 0.016454 0.0223102 0.0287413 0.0351832 0.0409839 0.0456524 0.0490183 0.0512015 0.0524677 0.0531021 0.0533557 0.053433 0.053488 0.0536098 0.0537885 0.0538521 0.0534057 0.0518442 0.0485198 0.0430576 0.0356635 0.0271939
 0.00478527 0.00783677 0.0119182 0.0170433 0.0230942 0.0297257 0.036346 0.0422699 0.0469778 0.0502833 0.0523053 0.0533207 0.053636 0.0535306 0.053241 0.0529511 0.0527733 0.0527116 0.0526012 0.052051 0.050461 0.0471886 0.0418585 0.0346624 0.0264274
 0.00496136 0.0081293 0.0123699 0.0176978 0.0239868 0.0308693 0.0377171 0.0438043 0.0485798 0.0518439 0.0537176 0.0544884 0.054477 0.0539801 0.0532572 0.0525205 0.0519144 0.0514732 0.0510584 0.0503009 0.0486187 0.0453811 0.0402113 0.0332781 0.0253634
 0.00518164 0.00848462 0.0129 0.0184391 0.0249673 0.0321 0.0391808 0.0454487 0.0503211 0.0535779 0.0553338 0.0558807 0.0555508 0.0546567 0.0534761 0.052243 0.0511285 0.0502001 0.0493586 0.0482773 0.0464139 0.0431657 0.0381601 0.0315367 0.0240169
 0.00541707 0.00887271 0.0134936 0.0192897 0.0261136 0.0335512 0.0409002 0.0473515 0.0522901 0.0554892 0.0570768 0.0573643 0.0566994 0.055404 0.0537631 0.0520207 0.0503641 0.0488885 0.0475362 0.0460354 0.043904 0.0405891 0.0357359 0.029455 0.0223945
 0.00565861 0.00926924 0.0140978 0.020154 0.0272809 0.035039 0.0426842 0.0493578 0.0544024 0.0575703 0.0589912 0.0589952 0.0579566 0.0562226 0.0540965 0.0518315 0.0496224 0.0475788 0.0456759 0.0436975 0.0412336 0.0377984 0.033071 0.0271401 0.0205745
 0.00589429 0.00965612 0.0146872 0.0209967 0.0284178 0.036487 0.0444206 0.0513139 0.0564728 0.0596308 0.0609172 0.0606724 0.0592868 0.0571267 0.0545148 0.0517212 0.0489534 0.0463356 0.0438697 0.0413894 0.0385563 0.0349603 0.0303262 0.0247297 0.0186631
 0.00613903 0.010055 0.0152894 0.0218489 0.0295561 0.0379231 0.0461277 0.0532217 0.0584767 0.0616115 0.0627591 0.0622738 0.0605618 0.0580047 0.0549379 0.0516429 0.0483377 0.045161 0.0421412 0.0391591 0.0359461 0.0321683 0.0276023 0.0223182 0.0167367
 0.00639584 0.0104761 0.0159296 0.0227606 0.030778 0.0394634 0.0479471 0.0552291 0.0605445 0.0636025 0.0645507 0.0637698 0.0616934 0.058724 0.0552108 0.0514418 0.0476384 0.0439459 0.0404123 0.0369604 0.0333871 0.0294334 0.0249289 0.0199436 0.0148325
 0.00661502 0.0108385 0.0164864 0.0235635 0.0318695 0.0408601 0.0496233 0.0571094 0.0625137 0.0655271 0.066301 0.0652367 0.0627958 0.0594096 0.055451 0.0512224 0.0469511 0.0427862 0.0387883 0.0349125 0.0310123 0.0268964 0.0224453 0.0177316 0.0130531
 0.006854 0.0112283 0.0170755 0.0243978 0.0329831 0.0422619 0.0512815 0.058947 0.0644175 0.0673688 0.0679575 0.0666039 0.0637946 0.0599883 0.0555833 0.0509019 0.0461832 0.0415833 0.0371729 0.0329317 0.0287577 0.0245159 0.0201307 0.0156772 0.0114024
 0.00707736 0.0115962 0.0176377 0.0252025 0.0340668 0.0436322 0.0529018 0.060732 0.0662468 0.0691117 0.0694959 0.0678438 0.0646695 0.0604572 0.0556265 0.0505173 0.0453815 0.0403846 0.0356092 0.0310565 0.0266606 0.0223308 0.0180257 0.0138202 0.00991572
 0.00728906 0.0119415 0.0181596 0.0259418 0.0350538 0.0448748 0.0543713 0.0623575 0.0679235 0.0707196 0.0709193 0.0689867 0.0654629 0.0608606 0.055625 0.0501151 0.0445958 0.0392418 0.0341468 0.029331 0.0247578 0.020372 0.0161569 0.0121836 0.00861228
 0.00743581 0.0121874 0.018543 0.0265029 0.035826 0.0458712 0.0555719 0.0637048 0.0693315 0.0720901 0.0721581 0.0700124 0.0662108 0.0612845 0.0556989 0.0498319 0.043965 0.0382867 0.0329045 0.027857 0.0231328 0.0187041 0.0145721 0.0108013 0.00751532
 0.00751489 0.0123167 0.0187398 0.0267859 0.0362148 0.0463829 0.0562165 0.0644789 0.0702137 0.0730395 0.0731166 0.070911 0.066978 0.0618556 0.056022 0.049872 0.0437052 0.0377294 0.0320723 0.0267955 0.0219132 0.0174221 0.0133372 0.00971594 0.00665025
 0.00761127 0.0124634 0.0189424 0.0270438 0.0365231 0.0467357 0.056609 0.0649083 0.0706788 0.0735389 0.0736451 0.0714533 0.0675044 0.0623218 0.0563749 0.0500585 0.0436819 0.0374704 0.0315751 0.0260847 0.0210428 0.0164717 0.0124003 0.00888098 0.00597923
 0.00768423 0.012581 0.0191167 0.0272836 0.0368304 0.0471013 0.0570101 0.0653116 0.0710516 0.0738609 0.0739149 0.0716849 0.0677153 0.0625191 0.0565469 0.0501745 0.0436997 0.0373486 0.0312862 0.0256263 0.020443 0.0157873 0.0117058 0.00825014 0.00546601
 0.00774284 0.0126684 0.0192342 0.027428 0.0369966 0.0472849 0.0572085 0.0655225 0.0712694 0.0740757 0.0741144 0.0718597 0.0678632 0.0626446 0.0566545 0.0502604 0.0437459 0.0373255 0.0311623 0.0253823 0.0200833 0.0153438 0.0112316 0.00780371 0.00509379
 0.00778148 0.0127304 0.0193253 0.027552 0.037153 0.0474671 0.0574026 0.0657104 0.0714342 0.0742081 0.0742147 0.0719346 0.0679203 0.0626894 0.0566894 0.050284 0.0437516 0.037299 0.0310836 0.0252329 0.0198567 0.0150532 0.0109091 0.00749055 0.00482634
 0.00782489 0.0127926 0.0194038 0.0276397 0.0372411 0.047549 0.0574767 0.0657787 0.0714999 0.0742718 0.0742742 0.0719872 0.0679651 0.0627275 0.0567228 0.0503128 0.0437718 0.0373016 0.0310554 0.0251601 0.0197312 0.0148793 0.010705 0.00728388 0.00464396
 0.00785391 0.0128358 0.019461 0.0277075 0.0373125 0.0476146 0.0575265 0.0658047 0.0714997 0.0742509 0.074245 0.0719638 0.0679581 0.0627409 0.0567539 0.0503551 0.0438166 0.0373387 0.0310734 0.0251473 0.01968 0.0147898 0.0105876 0.00715657 0.00452624
 0.0078986 0.0129039 0.0195547 0.0278253 0.0374487 0.0477596 0.0576666 0.0659238 0.0715817 0.0742845 0.0742278 0.0719036 0.0678708 0.0626451 0.0566657 0.0502837 0.0437637 0.0372992 0.0310382 0.0251061 0.0196243 0.0147164 0.0105003 0.00706513 0.00444243
 0.00792323 0.0129431 0.019612 0.0279027 0.0375463 0.0478739 0.0577896 0.0660433 0.0716835 0.0743557 0.0742597 0.0718938 0.0678231 0.0625693 0.056575 0.0501919 0.0436813 0.037231 0.0309825 0.0250569 0.0195744 0.0146609 0.010439 0.00700264 0.00438539
 0.00789977 0.0129069 0.0195616 0.0278386 0.0374719 0.0477956 0.0577172 0.0659884 0.0716565 0.0743624 0.074299 0.0719574 0.0678993 0.062646 0.0566438 0.0502492 0.0437277 0.037269 0.0310136 0.0250803 0.0195873 0.0146609 0.0104264 0.0069809 0.00436013
 0.00790782 0.0129087 0.0195436 0.0277826 0.0373605 0.0476221 0.0574922 0.0657407 0.0714251 0.0741848 0.0742005 0.0719471 0.06797 0.0627788 0.0568142 0.0504332 0.0439064 0.0374303 0.0311512 0.0251917 0.0196717 0.0147188 0.0104604 0.00699559 0.00436197
 0.00790805 0.0129116 0.0195517 0.0277977 0.0373801 0.0476362 0.0574829 0.0656877 0.071316 0.0740249 0.0740153 0.0717744 0.0678456 0.0627247 0.0568331 0.0505116 0.0440221 0.0375605 0.0312776 0.0253021 0.0197599 0.0147831 0.0105021 0.00701879 0.00437193
 0.00789849 0.0128924 0.0195166 0.0277397 0.0372947 0.0475249 0.0573551 0.0655576 0.0711967 0.0739224 0.0739286 0.0717013 0.0677904 0.0626989 0.0568505 0.0505799 0.0441374 0.037708 0.0314371 0.0254544 0.0198908 0.0148854 0.0105748 0.00706539 0.00439846
 0.00787067 0.0128469 0.0194475 0.0276413 0.0371626 0.0473582 0.057159 0.0653453 0.0709882 0.073741 0.0737949 0.0716277 0.0677787 0.0627432 0.0569421 0.0507113 0.0443019 0.0378968 0.0316372 0.0256495 0.0200653 0.0150282 0.0106815 0.00713789 0.00444303
 0.00784549 0.0128029 0.0193759 0.0275324 0.0370086 0.0471572 0.0569187 0.0650832 0.0707289 0.0735106 0.0736163 0.0715179 0.0677465 0.0627889 0.0570576 0.0508825 0.0445123 0.03813 0.0318773 0.0258809 0.0202737 0.0152022 0.0108152 0.0072318 0.00450297
 0.00784382 0.0127981 0.0193645 0.0275091 0.0369666 0.0470891 0.0568184 0.0649483 0.0705628 0.0733243 0.0734277 0.0713487 0.0676181 0.0627176 0.0570517 0.0509413 0.0446271 0.0382864 0.032058 0.0260683 0.0204513 0.0153568 0.0109385 0.00732146 0.00456212
 0.0078156 0.012755 0.019305 0.0274332 0.036876 0.0469862 0.056706 0.0648292 0.0704403 0.0732018 0.0733101 0.0712428 0.0675338 0.0626664 0.0570442 0.0509842 0.0447207 0.0384235 0.0322254 0.026249 0.0206278 0.0155142 0.0110667 0.00741662 0.00462622
 0.00780261 0.0127291 0.0192574 0.0273537 0.0367565 0.0468256 0.0565139 0.0646256 0.0702492 0.0730436 0.0731962 0.0711755 0.067509 0.0626791 0.0570913 0.0510651 0.0448352 0.0385692 0.0323952 0.0264309 0.0208069 0.015676 0.0112005 0.00751749 0.0046952
 0.0077492 0.0126487 0.019148 0.0272172 0.0365965 0.046646 0.0563185 0.06442 0.070044 0.0728557 0.073046 0.0710812 0.0674815 0.0627184 0.0571888 0.0512077 0.0450103 0.0387661 0.0326042 0.0266417 0.0210076 0.0158547 0.0113477 0.00762866 0.00477169
 0.00933454 0.0148601 0.0218008 0.0299154 0.0388497 0.0480543 0.0567176 0.0639057 0.0688801 0.0713439 0.0714317 0.0695235 0.0660661 0.0614839 0.0561462 0.050352 0.0443271 0.0382365 0.0322085 0.0263598 0.0208195 0.0157393 0.0112844 0.00759881 0.00476052
 0.00931654 0.0151264 0.022722 0.0319501 0.0423431 0.0529668 0.0624545 0.0694159 0.0730327 0.0733771 0.0712061 0.0674569 0.0628509 0.0577924 0.0524658 0.0469624 0.0413538 0.0357162 0.0301341 0.0247049 0.0195465 0.0148028 0.0106312 0.00717102 0.00449975
 0.00897583 0.0145903 0.0219702 0.0310327 0.0414346 0.0524018 0.0626872 0.0708571 0.0758017 0.0771192 0.0751383 0.0706675 0.0646815 0.0580668 0.0514542 0.0451622 0.0392561 0.0336732 0.0283392 0.0232328 0.0184033 0.0139597 0.0100433 0.00678609 0.0042652
 0.00882747 0.0143348 0.0215599 0.0304175 0.0405808 0.0513265 0.0615015 0.069794 0.0751967 0.0773161 0.0763345 0.0727681 0.067268 0.0605345 0.053259 0.0460297 0.0392348 0.0330319 0.0274049 0.0222687 0.0175647 0.0133076 0.0095788 0.00648031 0.00407915
 0.00875282 0.0142101 0.021365 0.0301285 0.0401718 0.0507749 0.0607992 0.0689651 0.0743191 0.0765372 0.0758621 0.0728167 0.0679637 0.0618216 0.0548783 0.0476036 0.0404229 0.0336627 0.027509 0.0220125 0.0171473 0.0128838 0.00923224 0.00623513 0.0039246
 0.00870312 0.0141299 0.0212452 0.0299601 0.0399463 0.0504851 0.0604405 0.0685375 0.0738303 0.0760109 0.0753509 0.0724125 0.067789 0.0619912 0.0554367 0.0484765 0.0414233 0.0345621 0.028134 0.0223075 0.0171689 0.0127456 0.00904353 0.00606621 0.00380318
 0.00867658 0.0140846 0.0211731 0.0298525 0.0397957 0.0502881 0.0602 0.0682621 0.0735319 0.0757008 0.0750408 0.0721217 0.0675543 0.0618706 0.0554964 0.0487587 0.0419105 0.0351658 0.0287232 0.0227646 0.0174371 0.0128396 0.00902282 0.00599689 0.00373166
 0.00867363 0.0140798 0.0211656 0.0298407 0.0397762 0.0502554 0.0601466 0.0681798 0.0734146 0.0755469 0.0748546 0.0719136 0.0673421 0.0616813 0.0553677 0.0487323 0.0420156 0.0353986 0.029038 0.0230874 0.0176978 0.0130009 0.0090886 0.00599807 0.00370418
 0.00866793 0.0140709 0.0211527 0.0298234 0.0397546 0.0502297 0.0601167 0.0681451 0.0733725 0.0754933 0.0747844 0.0718234 0.0672329 0.0615621 0.0552559 0.0486532 0.0419965 0.0354575 0.0291717 0.0232681 0.0178825 0.0131502 0.00918275 0.00604026 0.00371171
 0.00865237 0.014048 0.0211227 0.0297879 0.0397164 0.0501918 0.0600816 0.0681144 0.073347 0.075472 0.074765 0.0718015 0.0672039 0.0615231 0.055209 0.0486077 0.0419676 0.0354621 0.0292201 0.0233568 0.0179935 0.0132584 0.00926751 0.00609314 0.00373652
 0.00865377 0.0140479 0.0211182 0.0297755 0.0396927 0.050156 0.0600368 0.0680671 0.0733045 0.0754401 0.0747453 0.0717919 0.0671996 0.0615185 0.0552003 0.0485946 0.041955 0.035459 0.029236 0.0233964 0.0180528 0.0133258 0.00932905 0.006139 0.00376424
 0.00864462 0.014036 0.0211059 0.0297659 0.0396888 0.0501584 0.0600423 0.06807 0.0732996 0.0754253 0.0747231 0.0717675 0.0671777 0.0615015 0.0551876 0.0485842 0.0419463 0.0354539 0.0292389 0.0234115 0.018081 0.013363 0.00936775 0.00617191 0.00378734
 0.00863793 0.0140238 0.0210853 0.0297342 0.0396448 0.0501044 0.0599848 0.0680182 0.0732622 0.0754066 0.0747217 0.0717783 0.0671955 0.0615225 0.0552102 0.0486076 0.0419699 0.0354774 0.0292631 0.023438 0.018111 0.0133955 0.00939968 0.00619951 0.00380796
 0.00862844 0.0140107 0.0210696 0.029718 0.0396301 0.0500914 0.059972 0.0680031 0.073243 0.0753849 0.0747014 0.0717642 0.0671902 0.0615259 0.05522 0.0486212 0.0419851 0.0354935 0.0292801 0.0234564 0.0181311 0.013417 0.00942101 0.00621855 0.00382291
 0.00860796 0.01398 0.0210285 0.0296683 0.0395756 0.0500375 0.0599244 0.0679671 0.073222 0.075379 0.0747081 0.0717796 0.0672115 0.0615516 0.0552493 0.0486532 0.0420185 0.0355265 0.0293114 0.0234856 0.0181579 0.0134413 0.00944243 0.00623627 0.00383637
 0.00860796 0.01398 0.0210285 0.0296683 0.0395756 0.0500375 0.0599244 0.0679671 0.073222 0.075379 0.0747081 0.0717796 0.0672115 0.0615516 0.0552493 0.0486532 0.0420185 0.0355265 0.0293114 0.0234856 0.0181579 0.0134413 0.00944243 0.00623627 0.00383637
 0.00838224 0.0136187 0.0204972 0.0289445 0.0386597 0.0489667 0.0587831 0.0668815 0.0723334 0.0748057 0.0745145 0.0719656 0.0677224 0.0622996 0.0561361 0.0495876 0.0429273 0.0363584 0.0300352 0.0240869 0.0186351 0.013802 0.00970069 0.00641019 0.00394558
 0.00846783 0.0137322 0.0206195 0.0290391 0.0386787 0.0488637 0.0585271 0.0664677 0.07179 0.0741938 0.0739187 0.0714764 0.0674121 0.0622043 0.0562495 0.0498687 0.0433161 0.0367926 0.0304626 0.0244709 0.0189554 0.0140517 0.00988288 0.0065343 0.00402409
 0.00861222 0.0139775 0.0210051 0.0295996 0.0394259 0.0497628 0.0594808 0.0673259 0.0723895 0.0744123 0.073716 0.070903 0.0665876 0.0612778 0.0553592 0.0491128 0.042741 0.0363984 0.0302193 0.0243365 0.0188905 0.014026 0.00987659 0.00653593 0.00402787
 0.0084941 0.0138042 0.0207811 0.0293467 0.0391837 0.0495846 0.0594238 0.0674336 0.072669 0.0748175 0.0741532 0.0712613 0.0667824 0.0612826 0.0552102 0.0488862 0.0425185 0.0362383 0.0301442 0.0243377 0.0189416 0.014098 0.00994712 0.00659286 0.00406773
 0.00874504 0.0141866 0.0213082 0.030012 0.0399611 0.0504312 0.0602832 0.0682406 0.0733589 0.0753364 0.0744619 0.0713326 0.0665985 0.0608407 0.0545349 0.0480381 0.0415887 0.0353273 0.0293364 0.0236832 0.0184532 0.0137597 0.00972842 0.00646039 0.00399258
 0.00863351 0.0140409 0.0211547 0.0298963 0.0399354 0.0505334 0.0605206 0.0685884 0.0737724 0.0757688 0.074875 0.0716972 0.0668876 0.0610246 0.0545846 0.0479374 0.0413466 0.0349825 0.028948 0.023312 0.0181432 0.01353 0.00957578 0.00636873 0.00394253
 0.00856198 0.0139109 0.0209365 0.0295618 0.0394744 0.049974 0.0599403 0.0681009 0.0734905 0.0757602 0.0751386 0.0721714 0.0674797 0.0616407 0.0551473 0.048391 0.0416594 0.0351493 0.0289895 0.023268 0.0180592 0.0134433 0.00950762 0.00632473 0.00391864
 0.00878392 0.014251 0.0214074 0.0301546 0.0401536 0.0506754 0.0605758 0.0685764 0.0737363 0.0757603 0.0749375 0.0718506 0.0671196 0.0612917 0.0548226 0.0480787 0.04134 0.0348096 0.0286305 0.0229059 0.0177198 0.0131523 0.00928151 0.00616622 0.00381864
 0.00875099 0.0142253 0.0214195 0.0302484 0.0403725 0.0510408 0.0610687 0.0691336 0.0742661 0.0761706 0.0751647 0.0718778 0.0669772 0.0610403 0.0545267 0.0477835 0.0410635 0.034549 0.0283766 0.0226554 0.0174797 0.012937 0.00910487 0.00603537 0.00373168
 0.00855545 0.013904 0.0209334 0.0295699 0.0395033 0.0500347 0.0600427 0.0682513 0.073689 0.0759985 0.0754012 0.0724376 0.0677295 0.0618579 0.0553181 0.0484998 0.0416853 0.03507 0.0287938 0.0229684 0.0176951 0.0130701 0.00917713 0.00606902 0.00374465
 0.00818205 0.0132956 0.0200175 0.0282845 0.0378176 0.0479794 0.0577393 0.0659186 0.0716111 0.0744629 0.0746267 0.072521 0.0686243 0.0633941 0.0572547 0.0505882 0.0437206 0.0369133 0.0303683 0.024245 0.0186773 0.0137841 0.00966483 0.00638016 0.00392906
 0.00851018 0.0137746 0.0206339 0.0289813 0.0384982 0.0485204 0.0580094 0.0658036 0.071049 0.0734784 0.0733475 0.0711572 0.0674123 0.0625271 0.0568292 0.05059 0.0440492 0.0374301 0.0309427 0.0247814 0.019122 0.0141188 0.00989522 0.00652539 0.00401274
 0.0088067 0.0142915 0.0214703 0.0302348 0.0402222 0.0506658 0.0603811 0.0680728 0.072832 0.0744523 0.0733466 0.0702112 0.0657242 0.0604085 0.0546168 0.0485665 0.0423903 0.0361919 0.0300878 0.0242237 0.0187688 0.0138955 0.00975203 0.00643283 0.00395394
