SBPRF35
10.151
Curr Bio
595153
B35
701341
F35
0.188671
FOFL
0.168511
OFL
84856.8
Bzero
2.90029e+006
#pred survey bio
 3.39472e+006 3.0157e+006 2.69118e+006 2.41717e+006 2.1858e+006 1.93481e+006 1.70218e+006 1.48384e+006 1.31278e+006 1.1615e+006 1.00993e+006 873596 805222 748702 709120 659385 623693 614612 589181 574897 559007 554011 543684 549605 549475 550604 560572 565205 555916 542211 537522 525481 507510 498017 494349 501413 515987 520708 531543 541322 553527 557052 562629 564834 565628 566840 566395 557444 604869 615242 580664 555097 535674 527836 549949 546259 569266 564008 580970 604024 605785 592509 577002 600464 2.22243e+007 1.33987e+007 1.37125e+007 1.45651e+007 1.57542e+007 1.70398e+007 1.82536e+007 1.93081e+007 2.01752e+007 2.08619e+007 2.1392e+007 2.1794e+007 2.20956e+007 2.23202e+007 2.2487e+007 2.26109e+007 2.2703e+007 2.27717e+007 2.28233e+007 2.28621e+007 2.28914e+007 2.29138e+007 2.29309e+007 2.29441e+007 2.29543e+007 2.29622e+007 2.29684e+007 2.29732e+007 2.29769e+007 2.29799e+007 2.29822e+007 2.2984e+007 2.29855e+007 2.29867e+007 2.29876e+007 2.29883e+007 2.29889e+007 2.29893e+007 2.29897e+007 2.299e+007 2.29902e+007 2.29904e+007 2.29906e+007 2.29907e+007 2.29908e+007 2.29909e+007 2.29909e+007 2.2991e+007 2.2991e+007 2.2991e+007 2.29911e+007 2.29911e+007 2.29911e+007 2.29911e+007 2.29911e+007 2.29911e+007 2.29911e+007 2.29911e+007 2.29911e+007 2.29911e+007 2.29911e+007 2.29911e+007 2.29911e+007 2.29912e+007 2.29912e+007 2.29912e+007 2.29912e+007 2.29912e+007 2.29912e+007 2.29912e+007 2.29912e+007 2.29912e+007 2.29912e+007 2.29912e+007 2.29912e+007 2.29912e+007 2.29912e+007 2.29912e+007 2.29912e+007 2.29912e+007 2.29912e+007 2.29912e+007 2.29912e+007 2.29912e+007 2.29912e+007 2.29912e+007 2.29912e+007 2.29912e+007 2.29912e+007 2.29912e+007 2.29912e+007 2.29912e+007 2.29912e+007 2.29912e+007 2.29912e+007 2.29912e+007 2.29912e+007 2.29912e+007 2.29912e+007 2.29912e+007 0 0 0 0 0 0 0 0 0 0 0 0 0 0 0 0 0 0 0 0 0 0 0 0 0
#obs survey bio
 3.21546e+006 2.74029e+006 3.24035e+006 1.59362e+006 1.87856e+006 1.64204e+006 1.26988e+006 1.42097e+006 992419 732218 1.09965e+006 732299 775266 628658 497013 876602 584669 627762 432016 557783 337902 450779 424488 516640 572543 502280 704138 650426 612935 386072 583724 614080 625502 488823 531956 459569 599021 508024 496400 589084 828447 625796 586145 441594 695968 668477 511152 574321 818694 789826 616074 485950 515700 619973 489475 590834 510125 523534 692221 636072 775143 409837 595266 646954
#pred catch bio
 328401 300570 276259 259673 298285 299528 300092 267000 254959 256337 240188 178842 167571 151681 157188 140518 114921 126408 114596 114204 103886 107822 94181.1 99542 97977.6 90277.3 94074.1 103242 102911 91031.6 92998.8 95208.2 89005 87474.5 81785.4 78385.7 88345.1 84031.8 85692 83949.3 90965.9 88783.1 91641.4 92885.1 92580.4 94172.2 101273 55144.2 87691.7 123081 112354 105941 96058.2 72087.6 94736.6 73056.4 98361.5 80800 78063.1 97139.8 109383 110867 78521.6 68727.4 84856.8 94504.8 95487.6 99998.4 107577 116149 124250 131185 136757 141041 144229 146545 148194 149353 150157 150710 151087 151344 151517 151633 151712 151764 151799 151822 151838 151848 151855 151859 151862 151864 151866 151866 151867 151867 151868 151868 151868 151868 151868 151868 151868 151868 151868 151868 151868 151868 151868 151868 151868 151868 151868 151868 151868 151868 151868 151868 151868 151868 151868 151868 151868 151868 151868 151868 151868 151868 151868 151868 151868 151868 151868 151868 151868 151868 151868 151868 151868 151868 151868 151868 151868 151868 151868 151868 151868 151868 151868 151868 151868 151868 151868 151868 151868 151868 151868 151868 151868 151868 151868 151868 0 0 0 0 0 0 0 0 0 0 0 0 0 0 0 0 0 0 0 0 0 0 0 0 0
#obs catch bio
 246512 300743 275801 259785 301366 303377 306531 272146 259520 263408 245384 181175 169632 153490 161102 142556 115879 127676 115737 115830 105060 109420 95478.9 101150 99420.4 91240.3 95300.3 104470 104153 91668.9 93505.7 95202.2 88407 87198.6 81608.7 78360.1 88529.8 83941.7 85958.9 83832.3 90555.1 88063.4 90953 92599.5 92017.7 93475.6 101519 54634.5 87311.6 122749 111146 104867 95514.2 71308.4 94592.9 72401.1 98454.6 80688.6 77978.8 97243.4 109220 111242 78648.5 68628.5
#pred cpue bio
 3.33374e+006 2.95835e+006 2.63717e+006 2.36462e+006 2.13348e+006 1.88353e+006 1.65242e+006 1.43619e+006 1.26708e+006 1.11784e+006 969034 835743 768751 713430 674742 626743 592683 584275 559814 545984 530657 525826 515761 521420 521418 522734 532647 537603 529288 516756 513077 502262 484707 474161 469299 475613 489701 494422 505002 514600 526691 530401 535926 538015 538716 539885 539379 530569 576772 587555 554243 529100 509836 501937 523432 520120 542372 537048 553203 575533 577394 564398 548885 571723 2.12391e+007 1.28417e+007 1.30348e+007 1.37167e+007 1.48334e+007 1.60985e+007 1.73075e+007 1.83609e+007 1.92278e+007 1.99145e+007 2.04445e+007 2.08466e+007 2.11481e+007 2.13727e+007 2.15396e+007 2.16634e+007 2.17555e+007 2.18243e+007 2.18758e+007 2.19146e+007 2.1944e+007 2.19663e+007 2.19835e+007 2.19966e+007 2.20068e+007 2.20147e+007 2.20209e+007 2.20257e+007 2.20295e+007 2.20324e+007 2.20347e+007 2.20366e+007 2.2038e+007 2.20392e+007 2.20401e+007 2.20408e+007 2.20414e+007 2.20419e+007 2.20422e+007 2.20425e+007 2.20428e+007 2.2043e+007 2.20431e+007 2.20432e+007 2.20433e+007 2.20434e+007 2.20435e+007 2.20435e+007 2.20435e+007 2.20436e+007 2.20436e+007 2.20436e+007 2.20436e+007 2.20436e+007 2.20437e+007 2.20437e+007 2.20437e+007 2.20437e+007 2.20437e+007 2.20437e+007 2.20437e+007 2.20437e+007 2.20437e+007 2.20437e+007 2.20437e+007 2.20437e+007 2.20437e+007 2.20437e+007 2.20437e+007 2.20437e+007 2.20437e+007 2.20437e+007 2.20437e+007 2.20437e+007 2.20437e+007 2.20437e+007 2.20437e+007 2.20437e+007 2.20437e+007 2.20437e+007 2.20437e+007 2.20437e+007 2.20437e+007 2.20437e+007 2.20437e+007 2.20437e+007 2.20437e+007 2.20437e+007 2.20437e+007 2.20437e+007 2.20437e+007 2.20437e+007 2.20437e+007 2.20437e+007 2.20437e+007 2.20437e+007 2.20437e+007 2.20437e+007 2.20437e+007 2.20437e+007 0 0 0 0 0 0 0 0 0 0 0 0 0 0 0 0 0 0 0 0 0 0 0 0 0
#obs cpue bio
 2.28024e+006 3.02543e+006 2.82418e+006 2.24759e+006 1.16819e+006 1.55072e+006 1.1274e+006 1.19904e+006 1.53932e+006 898262 1.01846e+006 854633 769802 640432 429404 603657 564738 602031 546600 393910 727192 505998 411600 452771 433192 524204 314669 505197 414116 734485 534650 663068 631946 415189 406284 413944 424756 564364 407289 627524 537763 642860 564489 519754 590698 544007 444521 540666 604872 452881 825489 706410 498009 548286 501884 555248 481944 489636 421356 575223 553671 659948 411097 737916
#pred surv len freq
 0.00532428 0.00864293 0.0130024 0.0183738 0.0246119 0.0313688 0.0380653 0.0440297 0.048747 0.0520278 0.0539844 0.054884 0.0550158 0.054628 0.053912 0.0530077 0.0520158 0.0509992 0.0499463 0.0486903 0.0468461 0.0438674 0.0392862 0.0330436 0.0256794
 0.00560633 0.00903985 0.0134909 0.0189074 0.0251518 0.0319236 0.0387085 0.0448723 0.0498708 0.0534194 0.0555129 0.056341 0.0561935 0.0553902 0.0542246 0.0529194 0.0516084 0.0503336 0.0490307 0.0474899 0.0453311 0.0420733 0.0373455 0.0311598 0.0240553
 0.00610773 0.00980666 0.0145512 0.0202456 0.0267042 0.0335809 0.04033 0.0463183 0.0510522 0.0543336 0.056234 0.0569575 0.0567361 0.0558025 0.0543949 0.0527448 0.0510405 0.0493805 0.0477276 0.0458724 0.0434392 0.0399829 0.0351935 0.0291318 0.0223313
 0.00652698 0.0104873 0.0155714 0.021671 0.0285666 0.0358479 0.042878 0.0489316 0.0534641 0.0562995 0.0576013 0.0577004 0.0569369 0.0555893 0.0538709 0.0519471 0.0499481 0.0479538 0.0459472 0.0437594 0.0410618 0.0374605 0.0326947 0.0268498 0.0204344
 0.00678855 0.0109235 0.0162494 0.0226637 0.0299411 0.037645 0.0450846 0.0514605 0.0561497 0.0589144 0.0598932 0.059443 0.0579829 0.0559021 0.053515 0.0510399 0.048601 0.0462368 0.0438942 0.041402 0.0384683 0.0347577 0.0300624 0.0244846 0.0184965
 0.00708934 0.0114076 0.0169701 0.0236705 0.0312748 0.0393281 0.0471082 0.0537729 0.058654 0.0614724 0.0623313 0.0615636 0.0595865 0.0568239 0.0536626 0.0504128 0.047277 0.0443347 0.0415369 0.0387048 0.0355555 0.0317861 0.0272244 0.0219784 0.0164735
 0.00733463 0.0118134 0.0175941 0.0245708 0.032499 0.0408958 0.0489941 0.0559026 0.0609175 0.0637463 0.0644946 0.0634981 0.0611695 0.0579258 0.0541602 0.0502148 0.0463512 0.042719 0.0393311 0.0360536 0.0326352 0.0287997 0.0243898 0.0194981 0.0144911
 0.00761902 0.0122666 0.01826 0.0254863 0.0336908 0.0423727 0.0507362 0.057853 0.0629838 0.0658125 0.066438 0.0652044 0.0625404 0.0588781 0.0546189 0.050111 0.0456307 0.041363 0.0373772 0.0336069 0.0298664 0.0259282 0.0216534 0.0171096 0.0125928
 0.00788793 0.0126903 0.0188728 0.0263119 0.0347392 0.0436365 0.0521852 0.0594327 0.0646218 0.0674298 0.067958 0.0665553 0.0636538 0.0596876 0.0550602 0.0501225 0.0451572 0.0403664 0.0358557 0.0316174 0.0275373 0.0234525 0.0192567 0.0150001 0.0109113
 0.00800506 0.0129082 0.0192506 0.0269195 0.0356385 0.0448528 0.0536833 0.0611144 0.0663497 0.0690657 0.0693932 0.0677215 0.0645163 0.0602304 0.0552712 0.049984 0.0446432 0.0394501 0.0345264 0.0299043 0.0255303 0.021305 0.0171621 0.0131458 0.00942853
 0.00819953 0.0132178 0.019706 0.0275496 0.0364699 0.0459072 0.0549663 0.062601 0.0679714 0.0707089 0.0709151 0.0689804 0.0654051 0.0606965 0.0553133 0.0496315 0.0439315 0.0384055 0.03317 0.0282702 0.0236888 0.0193749 0.0152984 0.0115034 0.00811788
 0.00860801 0.0138366 0.020553 0.0286113 0.0377076 0.0472666 0.0563857 0.0640154 0.0693174 0.0719289 0.0719573 0.0697938 0.0659362 0.0608956 0.0551488 0.0491006 0.0430597 0.0372354 0.0317503 0.0266559 0.021952 0.0176146 0.0136361 0.0100586 0.00697473
 0.00877754 0.0141053 0.0209434 0.0291371 0.0383677 0.0480394 0.057226 0.0648609 0.0701063 0.072621 0.072543 0.0702842 0.0663412 0.0612036 0.0553218 0.0490861 0.0428104 0.0367262 0.0309862 0.0256719 0.0208112 0.0164053 0.0124622 0.00901972 0.00614229
 0.00890675 0.0143134 0.021253 0.0295671 0.0389295 0.0487296 0.0580192 0.0657063 0.0709343 0.0733578 0.073129 0.0706877 0.0665619 0.0612635 0.0552473 0.0488898 0.0424852 0.0362532 0.0303508 0.0248806 0.0199003 0.01544 0.0115248 0.00819068 0.00547863
 0.00874114 0.0140927 0.0210108 0.0293659 0.0388449 0.0488245 0.0583217 0.0662022 0.0715753 0.0740766 0.0738527 0.0713489 0.0671072 0.0616605 0.0554856 0.048975 0.0424272 0.0360573 0.0300176 0.0244148 0.0193234 0.0147962 0.0108764 0.00760222 0.00499915
 0.00874932 0.0140925 0.0209882 0.0293064 0.0387459 0.0487105 0.0582497 0.0662486 0.0718042 0.0745063 0.0744411 0.0720073 0.0677326 0.0621674 0.0558235 0.0491295 0.0424092 0.0358893 0.0297234 0.0240174 0.0188489 0.0142802 0.010364 0.00714053 0.00462401
 0.00892082 0.0143287 0.021264 0.0295706 0.0389334 0.0487652 0.0581468 0.0660076 0.0714881 0.074207 0.0742535 0.0719965 0.0679099 0.0624865 0.056201 0.0494764 0.0426581 0.0360052 0.0297005 0.02387 0.0186038 0.013973 0.0100358 0.00683167 0.00436592
 0.0089371 0.0143538 0.0212978 0.0296073 0.0389579 0.0487495 0.0580527 0.0657982 0.0711484 0.0737641 0.0737821 0.0716023 0.0676946 0.0625105 0.0564609 0.0499086 0.0431639 0.0364848 0.0300793 0.0241104 0.0187036 0.013956 0.00994063 0.00670072 0.0042352
 0.00907054 0.0145639 0.0216005 0.0300105 0.0394575 0.049323 0.0586532 0.0663537 0.0715717 0.0739735 0.0737276 0.0712868 0.06718 0.061903 0.0558773 0.0494383 0.0428432 0.0362957 0.0299705 0.0240254 0.0186032 0.0138266 0.00979078 0.00655003 0.00410333
 0.00907231 0.0145738 0.0216285 0.0300713 0.0395673 0.0494949 0.0588912 0.0666482 0.071897 0.0742887 0.0739808 0.0714267 0.0671716 0.0617439 0.0556039 0.0491152 0.0425395 0.0360588 0.0298121 0.0239265 0.0185316 0.0137561 0.0097109 0.00646503 0.00402417
 0.00919903 0.0147546 0.0218545 0.0303196 0.0398093 0.049709 0.0590717 0.0668046 0.0720447 0.0744362 0.0741217 0.0715381 0.0672206 0.0616997 0.0554517 0.0488662 0.0422301 0.0357382 0.0295237 0.0236933 0.0183543 0.0136217 0.00960462 0.00637822 0.00395457
 0.00923156 0.0148085 0.0219363 0.0304332 0.039952 0.0498671 0.0592201 0.0669142 0.0720952 0.074429 0.0740803 0.0714956 0.0672009 0.0617042 0.0554605 0.0488515 0.0421732 0.0356391 0.0293992 0.0235662 0.018242 0.0135309 0.00953389 0.00632316 0.00391203
 0.00930816 0.0149282 0.0221075 0.0306602 0.0402335 0.0501947 0.0595753 0.0672659 0.0724029 0.0746507 0.0741846 0.0714729 0.0670668 0.0614923 0.0552083 0.0485866 0.0419088 0.0353796 0.0291487 0.0233334 0.018038 0.0133642 0.00940661 0.00623189 0.00385018
 0.00916768 0.0147212 0.0218362 0.0303416 0.039897 0.0498752 0.0593082 0.067083 0.0723282 0.0746944 0.0743389 0.0717118 0.0673534 0.0617892 0.0554869 0.0488306 0.042111 0.0355375 0.0292622 0.0234054 0.0180754 0.0133768 0.00940463 0.00622334 0.00384017
 0.00911053 0.0146272 0.0216934 0.0301409 0.0396366 0.0495673 0.0589825 0.0667841 0.0721039 0.0745812 0.0743515 0.0718413 0.0675729 0.0620629 0.0557782 0.0491087 0.0423549 0.0357364 0.0294132 0.0235114 0.0181425 0.0134136 0.00942046 0.0062268 0.00383783
 0.00907074 0.0145617 0.0215934 0.0299972 0.0394416 0.0493178 0.0586841 0.0664551 0.071776 0.0742959 0.0741518 0.0717608 0.0676257 0.0622394 0.0560484 0.0494311 0.0426879 0.0360458 0.0296772 0.0237199 0.0182955 0.0135175 0.00948529 0.00626356 0.00385647
 0.00883665 0.0142149 0.0211342 0.0294479 0.0388397 0.0487055 0.0580999 0.0659321 0.0713438 0.0739818 0.0739804 0.0717511 0.0677874 0.0625672 0.0565188 0.0500029 0.0433077 0.0366589 0.030237 0.024195 0.0186715 0.0137953 0.00967647 0.00638567 0.00392846
 0.00858871 0.0138345 0.0206054 0.0287748 0.038049 0.0478472 0.057246 0.065168 0.0707502 0.0736133 0.0738534 0.071849 0.0680758 0.06301 0.0570832 0.0506568 0.0440142 0.0373744 0.0309155 0.0247961 0.0191679 0.0141766 0.00994819 0.0065647 0.00403707
 0.00843685 0.0135987 0.0202713 0.0283374 0.0375143 0.0472341 0.0565895 0.0645191 0.0701705 0.0731629 0.0735778 0.071769 0.0681867 0.0632868 0.0574909 0.0511591 0.0445772 0.0379647 0.0314984 0.0253363 0.019635 0.0145511 0.0102253 0.00675299 0.00415416
 0.00826736 0.0133408 0.0199161 0.0278885 0.0369866 0.0466509 0.0559812 0.0639231 0.0696289 0.0727182 0.0732673 0.0716203 0.0682139 0.0634876 0.0578468 0.0516382 0.0451399 0.0385694 0.0321045 0.0259065 0.0201375 0.0149634 0.0105383 0.00697134 0.00429331
 0.00812392 0.0130976 0.0195333 0.027327 0.0362217 0.0456919 0.054886 0.0627961 0.0685974 0.0718985 0.0727377 0.0714134 0.0683227 0.0638788 0.0584701 0.0524338 0.0460427 0.039514 0.0330296 0.0267593 0.0208773 0.015565 0.0109938 0.00729023 0.00449819
 0.00874875 0.013963 0.0205564 0.0283341 0.0369929 0.0460357 0.0547038 0.0621051 0.0675113 0.0705865 0.0713837 0.0701823 0.0673367 0.063205 0.0581227 0.0523851 0.0462387 0.0398874 0.0335094 0.0272779 0.0213767 0.0160019 0.0113429 0.00754488 0.00466725
 0.00956136 0.0152207 0.022322 0.0305992 0.0396528 0.0488686 0.05737 0.0641969 0.0686614 0.0705945 0.0702874 0.0682323 0.0648969 0.0606383 0.0557128 0.0503087 0.0445739 0.0386382 0.0326336 0.0267088 0.0210396 0.0158253 0.0112663 0.00752227 0.0046683
 0.00965718 0.0154614 0.0228391 0.0315616 0.0412166 0.0510979 0.0601645 0.0672694 0.0715868 0.0729123 0.0716205 0.0683834 0.0638941 0.0587149 0.0532283 0.0476441 0.0420436 0.0364457 0.0308705 0.0253807 0.0200986 0.015198 0.0108739 0.00729301 0.00454382
 0.00948696 0.0152197 0.0225468 0.0312775 0.0410441 0.0511807 0.0606657 0.0683233 0.0732295 0.07502 0.0738979 0.0704281 0.0653168 0.0592643 0.0528628 0.0465238 0.0404562 0.0347059 0.029236 0.0240105 0.0190527 0.0144634 0.0103967 0.00700609 0.00438441
 0.00934166 0.0149798 0.0221815 0.030763 0.0403784 0.050405 0.0598822 0.067696 0.072955 0.0752705 0.0747529 0.071821 0.0670261 0.0609636 0.0542207 0.0473123 0.0406169 0.0343448 0.0285585 0.0232351 0.018345 0.0139102 0.0100153 0.00677081 0.0042537
 0.00916678 0.014709 0.0217984 0.0302599 0.0397559 0.049673 0.0590666 0.0668499 0.0721688 0.0746719 0.074488 0.0720142 0.067727 0.0621049 0.0556142 0.0486974 0.0417466 0.0350685 0.0288592 0.0232077 0.0181352 0.0136511 0.00979127 0.00661399 0.00416061
 0.00918123 0.0147189 0.0217882 0.0302065 0.0396341 0.0494639 0.0587646 0.0664648 0.0717238 0.0742026 0.0740471 0.0716756 0.0675791 0.0622239 0.0560248 0.0493433 0.0424946 0.0357543 0.029351 0.0234533 0.0181661 0.0135494 0.0096435 0.00647989 0.00406529
 0.00907043 0.0145585 0.0215826 0.0299704 0.0393854 0.0492144 0.0585141 0.0662039 0.0714437 0.0739056 0.0737524 0.0714186 0.0674073 0.0621895 0.056172 0.0496885 0.0430075 0.0363542 0.0299299 0.0239155 0.0184637 0.0136908 0.00967537 0.00645704 0.00402871
 0.00894443 0.0143641 0.0213105 0.0296217 0.0389739 0.0487678 0.0580726 0.0658135 0.0711424 0.0737109 0.073657 0.0714011 0.0674486 0.062287 0.0563411 0.0499517 0.0433761 0.0368115 0.0304269 0.0243845 0.0188444 0.0139528 0.00982445 0.00652327 0.00404775
 0.00884371 0.0141994 0.0210614 0.0292706 0.0385116 0.0482023 0.0574371 0.0651664 0.0705577 0.0732594 0.0733877 0.0713302 0.0675605 0.062545 0.0567047 0.0503894 0.0438683 0.0373422 0.0309718 0.0249066 0.0193009 0.0143106 0.0100723 0.00667351 0.00412666
 0.00889873 0.0142724 0.0211401 0.0293314 0.0385237 0.0481355 0.0572701 0.0648936 0.0701934 0.0728379 0.0729599 0.070953 0.0672831 0.0623971 0.0566915 0.0504967 0.0440724 0.0376172 0.0312914 0.0252417 0.0196192 0.0145824 0.0102788 0.00681157 0.00420724
 0.00893789 0.0143327 0.0212238 0.0294359 0.0386396 0.0482441 0.0573433 0.0648987 0.0701015 0.0726366 0.0726607 0.0705922 0.0669134 0.0620743 0.0564608 0.0503835 0.0440792 0.0377282 0.0314793 0.0254736 0.0198616 0.0148052 0.0104605 0.00694281 0.00429084
 0.00892413 0.0143221 0.0212292 0.029476 0.0387325 0.0483984 0.0575499 0.0651282 0.0703101 0.0727768 0.0726942 0.0705006 0.0667048 0.0617827 0.0561381 0.0500852 0.0438508 0.0375946 0.0314427 0.0255173 0.0199576 0.0149227 0.0105732 0.00703396 0.00435441
 0.00890943 0.014299 0.021197 0.0294364 0.0386923 0.0483708 0.0575538 0.0651826 0.0704242 0.0729408 0.0728771 0.0706574 0.066792 0.0617744 0.0560353 0.0499153 0.0436573 0.0374225 0.0313244 0.0254655 0.0199655 0.0149706 0.0106377 0.00709593 0.00440283
 0.00896612 0.0143759 0.0212846 0.0295165 0.0387436 0.0483778 0.0575144 0.0651104 0.0703449 0.0728829 0.0728615 0.0706889 0.0668556 0.0618402 0.0560708 0.0498999 0.0435909 0.037325 0.0312256 0.0253916 0.0199301 0.014972 0.0106637 0.00713128 0.00443564
 0.00896276 0.0143833 0.0213183 0.0295962 0.0388839 0.048577 0.057747 0.0653318 0.070508 0.0729585 0.0728492 0.0706132 0.0667508 0.0617328 0.0559705 0.0498013 0.0434835 0.0372044 0.0310988 0.0252743 0.0198378 0.014913 0.010636 0.00712587 0.00444157
 0.00891915 0.0143311 0.0212748 0.0295903 0.03895 0.0487432 0.0580234 0.0657022 0.0709293 0.0733681 0.0731802 0.0708133 0.0667981 0.0616398 0.055774 0.049545 0.0432038 0.0369253 0.0308357 0.0250395 0.0196423 0.014764 0.010534 0.00706411 0.00440913
 0.00845165 0.0135954 0.0202168 0.0281859 0.0372219 0.0467794 0.0559902 0.0638316 0.0694713 0.0725223 0.0730403 0.0713506 0.0678844 0.0630932 0.0574069 0.0511987 0.0447637 0.0383198 0.0320277 0.0260166 0.0204103 0.0153414 0.0109476 0.00734463 0.0045877
 0.00848886 0.0136226 0.0201948 0.028055 0.0369134 0.0462379 0.0551973 0.0628228 0.0683393 0.0714061 0.0720999 0.0707303 0.0676743 0.0633059 0.0579789 0.0520155 0.0456962 0.0392547 0.0328837 0.026747 0.0209969 0.0157868 0.0112671 0.00756049 0.00472425
 0.00881585 0.0141432 0.0209537 0.0290746 0.0381752 0.047661 0.0566254 0.0640405 0.0691244 0.0716013 0.0716678 0.0697644 0.0663661 0.0618841 0.0566468 0.0509074 0.0448629 0.0386791 0.0325107 0.0265137 0.0208517 0.0156949 0.0112085 0.00752385 0.0047027
 0.00901137 0.0144559 0.021415 0.0297114 0.0390054 0.0486843 0.057809 0.0653049 0.0703392 0.072599 0.0722778 0.0698616 0.0659148 0.0609578 0.0554086 0.0495597 0.0435884 0.0375986 0.0316716 0.0259052 0.0204318 0.0154152 0.0110275 0.00741067 0.00463531
 0.00910838 0.0146154 0.0216587 0.0300612 0.0394803 0.0492944 0.0585488 0.0661488 0.0712402 0.0734884 0.0730659 0.0704422 0.0661829 0.0608398 0.054895 0.0487196 0.0425547 0.0365266 0.0306938 0.0251015 0.0198261 0.0149906 0.0107476 0.00723632 0.00453281
 0.00903628 0.0145152 0.0215403 0.0299468 0.0394011 0.0492849 0.0586404 0.0663646 0.0715914 0.0739694 0.073649 0.0710738 0.0667846 0.0613181 0.0551625 0.0487223 0.0422944 0.0360646 0.0301297 0.0245391 0.0193421 0.014621 0.0104929 0.00707583 0.00443962
 0.00884408 0.0141947 0.0210456 0.0292378 0.0384611 0.0481448 0.0573965 0.0651738 0.0706365 0.0734085 0.0735735 0.0714906 0.0676213 0.062443 0.0564112 0.0499299 0.0433277 0.0368481 0.0306543 0.0248485 0.0195049 0.014702 0.0105365 0.00710443 0.00446075
 0.00907593 0.0145294 0.0214689 0.0297034 0.0388966 0.0484652 0.0575224 0.0650512 0.0702574 0.0728253 0.072895 0.0708547 0.0671524 0.0622137 0.0564247 0.0501263 0.0436105 0.0371187 0.0308426 0.0249291 0.0194935 0.0146369 0.0104568 0.00703605 0.00441345
 0.00899952 0.0144239 0.0213436 0.0295756 0.0387821 0.0483659 0.057418 0.0649028 0.0700239 0.0724865 0.0724693 0.0704034 0.0667668 0.061988 0.0564237 0.050362 0.0440365 0.0376468 0.0313735 0.025384 0.0198321 0.0148583 0.0105851 0.00710296 0.00444575
 0.00912942 0.0146288 0.02164 0.0299742 0.039285 0.0489617 0.0580746 0.0655623 0.0706041 0.0728931 0.0726178 0.0702459 0.0663139 0.061314 0.0556492 0.0496176 0.0434232 0.0372101 0.0311024 0.0252311 0.0197433 0.0147942 0.0105281 0.00705159 0.00440424
 0.00898362 0.0144146 0.0213609 0.0296503 0.0389504 0.0486582 0.0578455 0.0654465 0.0706279 0.0730599 0.0729 0.0705857 0.0666373 0.0615561 0.055778 0.0496459 0.0433987 0.0371896 0.0311242 0.0253019 0.0198435 0.0148952 0.0106087 0.00710432 0.00443292
 0.00880255 0.0141303 0.0209532 0.0291111 0.0382897 0.0479112 0.0570771 0.0647468 0.0700942 0.0727712 0.072895 0.0708535 0.067122 0.0621715 0.0564304 0.0502572 0.0439247 0.0376231 0.0314827 0.0256074 0.0201076 0.015117 0.0107821 0.0072273 0.00451095
 0.0089069 0.0142756 0.0211264 0.0292829 0.0384209 0.0479632 0.0570238 0.0645818 0.0698341 0.0724545 0.0725754 0.0705874 0.0669529 0.0621166 0.0564767 0.0503689 0.0440589 0.0377465 0.031581 0.025683 0.0201701 0.0151729 0.0108319 0.00726784 0.00453988
 0.00912878 0.014623 0.0216222 0.0299339 0.0392098 0.0488409 0.0579045 0.0653514 0.0703765 0.0726857 0.0724699 0.0701834 0.0663356 0.061391 0.0557391 0.0496877 0.0434682 0.0372524 0.0311751 0.0253551 0.019913 0.0149815 0.010699 0.00718271 0.00448966
 0.00889402 0.0143301 0.0213446 0.029793 0.0393397 0.0493323 0.0587579 0.0664656 0.0715783 0.073781 0.0732938 0.0706328 0.0663835 0.0610822 0.0551701 0.0489762 0.042723 0.036553 0.0305665 0.0248542 0.0195197 0.0146871 0.0104908 0.00704506 0.00440541
 0.00802879 0.0130231 0.0195699 0.0276099 0.0368978 0.0468631 0.056556 0.0648447 0.0707943 0.0739476 0.0743372 0.0723192 0.0684024 0.0631406 0.0570572 0.0505835 0.0440279 0.0375857 0.0313758 0.0254853 0.0200057 0.0150515 0.0107525 0.00722253 0.0045178
#obs surv len freq
 0.00496618 0.0081368 0.0123807 0.0177128 0.0240071 0.030897 0.0377545 0.0438529 0.0486387 0.0519088 0.0537808 0.0545412 0.0545121 0.0539937 0.0532494 0.0524947 0.0518749 0.0514245 0.0510041 0.0502441 0.0485622 0.0453276 0.0401636 0.0332385 0.0253332
 0.00518066 0.00848441 0.0129022 0.0184461 0.0249814 0.0321228 0.0392123 0.0454877 0.050366 0.0536272 0.0553861 0.0559332 0.0555988 0.0546939 0.0534966 0.0522433 0.0511085 0.0501626 0.0493082 0.048219 0.0463526 0.0431061 0.0381062 0.0314918 0.0239824
 0.00541525 0.00886936 0.0134879 0.0192812 0.0261025 0.0335389 0.0408901 0.047348 0.0522972 0.0555092 0.0571094 0.0574071 0.0567482 0.0554538 0.0538079 0.0520543 0.0503817 0.0488877 0.047518 0.0460032 0.0438632 0.0405454 0.0356943 0.0294194 0.0223668
 0.00564759 0.00925203 0.0140732 0.0201214 0.0272402 0.0349913 0.0426321 0.0493053 0.0543555 0.0575358 0.0589753 0.059002 0.0579864 0.0562721 0.054159 0.0518989 0.0496859 0.0476315 0.0457136 0.0437194 0.0412418 0.0377969 0.0330642 0.0271317 0.0205669
 0.00589023 0.00964787 0.0146718 0.0209705 0.0283777 0.0364319 0.0443525 0.0512383 0.0563975 0.0595642 0.0608663 0.0606429 0.0592822 0.0571481 0.0545601 0.0517851 0.0490279 0.0464117 0.0439393 0.041447 0.0385998 0.0349904 0.0303456 0.0247414 0.0186698
 0.00613543 0.0100493 0.0152811 0.0218372 0.0295397 0.0378999 0.0460953 0.0531781 0.0584218 0.0615485 0.0626944 0.0622158 0.060519 0.0579836 0.0549421 0.0516719 0.0483875 0.0452246 0.0422099 0.0392247 0.0360026 0.0322128 0.0276346 0.02234 0.0167505
 0.00638702 0.010462 0.015909 0.0227325 0.0307422 0.0394205 0.0478991 0.0551784 0.0604938 0.0635535 0.0645045 0.063728 0.0616589 0.0587015 0.0552053 0.0514573 0.0476757 0.0440023 0.0404817 0.0370349 0.0334587 0.0294959 0.0249791 0.0199806 0.0148577
 0.00661316 0.0108352 0.0164811 0.0235554 0.0318576 0.0408438 0.0496023 0.057084 0.0624847 0.0654957 0.0662685 0.0652042 0.0627646 0.0593817 0.0554297 0.0512119 0.0469553 0.0428071 0.0388247 0.0349601 0.0310645 0.0269463 0.022488 0.0177644 0.0130759
 0.00685931 0.0112359 0.0170849 0.0244078 0.0329921 0.042268 0.0512833 0.0589433 0.0644076 0.0673526 0.0679356 0.0665773 0.0637649 0.0599575 0.0555541 0.0508773 0.0461669 0.0415785 0.0371812 0.0329522 0.0287869 0.0245484 0.0201613 0.0157025 0.0114208
 0.00707818 0.0115965 0.0176364 0.025198 0.0340572 0.0436163 0.0528796 0.0607048 0.0662172 0.0690825 0.0694697 0.0678225 0.064654 0.0604472 0.0556216 0.0505172 0.0453866 0.0403961 0.0356283 0.0310834 0.0266935 0.0223664 0.0180598 0.0138492 0.0099377
 0.00727154 0.0119153 0.0181243 0.0258983 0.0350044 0.0448218 0.0543173 0.0623051 0.0678759 0.0706799 0.070891 0.0689723 0.0654634 0.0608751 0.0556513 0.0501501 0.0446365 0.0392862 0.0341938 0.0293798 0.0248073 0.0204199 0.0162003 0.0122197 0.0086396
 0.00744687 0.0122018 0.0185583 0.0265147 0.0358297 0.0458637 0.0555534 0.0636784 0.0693017 0.0720605 0.0721306 0.0699874 0.0661889 0.0612668 0.0556871 0.0498273 0.043968 0.0382968 0.0329207 0.027878 0.0231571 0.0187299 0.014597 0.0108231 0.00753238
 0.00753401 0.0123472 0.0187843 0.0268456 0.0362882 0.0464646 0.0562965 0.0645444 0.0702529 0.0730461 0.0730916 0.0708612 0.066913 0.0617845 0.0559519 0.0498079 0.0436504 0.0376859 0.0320405 0.0267748 0.0219021 0.0174186 0.0133387 0.00972004 0.00665494
 0.00759959 0.0124478 0.0189252 0.0270293 0.0365169 0.0467425 0.0566309 0.0649436 0.0707219 0.0735818 0.073679 0.0714716 0.0675048 0.0623065 0.0563491 0.0500283 0.0436528 0.0374461 0.0315575 0.0260744 0.0210393 0.0164733 0.0124053 0.00888724 0.00598519
 0.00766355 0.0125461 0.0190623 0.0272051 0.0367263 0.0469764 0.0568772 0.0651905 0.070963 0.0738197 0.073925 0.0717389 0.0677984 0.0626148 0.0566417 0.0502603 0.0437736 0.0374112 0.0313395 0.0256724 0.020483 0.0158217 0.0117344 0.00827259 0.00548246
 0.00771638 0.0126259 0.0191711 0.0273405 0.0368822 0.047144 0.0570464 0.0653507 0.0711055 0.0739407 0.0740284 0.0718361 0.0679048 0.0627423 0.0567909 0.0504147 0.0439001 0.0374672 0.0312855 0.0254855 0.0201673 0.0154105 0.0112828 0.00784111 0.00511953
 0.0077617 0.0126946 0.0192649 0.0274575 0.0370165 0.0472867 0.0571864 0.0654763 0.0712065 0.0740119 0.0740711 0.0718584 0.0679192 0.0627625 0.0568273 0.0504692 0.0439618 0.0375121 0.031282 0.0254054 0.0199985 0.0151641 0.0109917 0.00754882 0.00486496
 0.0078041 0.0127601 0.0193569 0.0275761 0.0371583 0.0474442 0.0573474 0.0656255 0.0713281 0.074094 0.0741091 0.0718557 0.0678858 0.0627127 0.0567755 0.0504266 0.0439321 0.0374887 0.0312485 0.025341 0.0198875 0.0150049 0.0107994 0.00735018 0.00468734
 0.00784411 0.0128177 0.0194301 0.0276583 0.0372408 0.0475191 0.0574105 0.065676 0.0713673 0.0741231 0.074128 0.0718636 0.0678827 0.0627001 0.0567572 0.0504078 0.0439168 0.0374766 0.0312332 0.0253111 0.0198314 0.0149176 0.0106867 0.00722737 0.00457277
 0.00786728 0.0128549 0.0194846 0.0277319 0.0373318 0.0476212 0.0575117 0.0657612 0.0714234 0.0741442 0.0741175 0.0718317 0.0678407 0.0626565 0.0567167 0.050372 0.043886 0.0374501 0.0312077 0.0252808 0.0197895 0.0148596 0.0106141 0.00714786 0.0044974
 0.00786585 0.0128512 0.0194767 0.0277178 0.0373106 0.0475944 0.057484 0.0657392 0.0714126 0.0741461 0.07413 0.0718504 0.0678626 0.0626808 0.056744 0.0504027 0.043919 0.0374826 0.0312356 0.0252994 0.0197941 0.0148475 0.0105864 0.00710982 0.0044568
 0.00789377 0.0128884 0.0195174 0.0277518 0.0373256 0.0475811 0.0574402 0.0656708 0.0713321 0.0740688 0.0740688 0.0718136 0.067852 0.062693 0.056773 0.0504423 0.0439639 0.0375283 0.0312778 0.0253337 0.0198166 0.0148559 0.0105809 0.00709406 0.00443614
 0.00789359 0.012891 0.0195262 0.0277703 0.0373553 0.0476178 0.0574731 0.0656851 0.0713153 0.0740175 0.0739918 0.0717287 0.0677784 0.0626449 0.0567557 0.0504529 0.043995 0.0375707 0.0313234 0.0253755 0.0198496 0.014877 0.0105898 0.00709277 0.0044286
 0.00790349 0.0129029 0.0195366 0.0277742 0.0373483 0.0475991 0.0574469 0.0656585 0.071294 0.0740016 0.0739763 0.0717072 0.0677494 0.0626135 0.0567311 0.0504439 0.0440053 0.0375982 0.0313616 0.0254168 0.0198868 0.0149056 0.0106078 0.00710107 0.00442983
 0.00788489 0.0128732 0.019493 0.0277142 0.0372701 0.0475029 0.0573356 0.0655396 0.0711795 0.0739063 0.0739136 0.0716849 0.0677667 0.0626629 0.0568028 0.0505293 0.0440989 0.0376963 0.0314601 0.0255099 0.0199687 0.0149714 0.0106557 0.0071321 0.00444729
 0.00786754 0.0128421 0.019441 0.0276335 0.0371547 0.047352 0.0571568 0.0653487 0.0709972 0.0737532 0.0738059 0.0716325 0.0677733 0.0627251 0.0569109 0.0506697 0.0442569 0.0378586 0.0316162 0.0256522 0.0200912 0.0150703 0.0107296 0.00718256 0.00447846
 0.00783012 0.0127806 0.0193473 0.0274999 0.0369756 0.0471273 0.0568947 0.0650673 0.0707225 0.0735143 0.0736295 0.0715382 0.0677696 0.0628097 0.0570714 0.0508866 0.0445075 0.0381205 0.0318697 0.0258821 0.0202873 0.0152274 0.0108471 0.00726385 0.00453003
 0.00784056 0.0127919 0.0193538 0.0274921 0.0369425 0.047059 0.0567857 0.0649186 0.0705418 0.0733156 0.0734318 0.0713633 0.0676393 0.062741 0.057073 0.0509573 0.044636 0.0382888 0.0320569 0.0260683 0.0204564 0.0153688 0.0109561 0.00734116 0.00458016
 0.0078122 0.01275 0.0192982 0.0274248 0.0368658 0.0469738 0.0566904 0.0648102 0.0704186 0.0731802 0.0732925 0.0712333 0.0675345 0.0626767 0.0570612 0.0510037 0.0447388 0.0384377 0.0322354 0.0262564 0.0206352 0.0155236 0.0110786 0.00742973 0.00463855
 0.00776634 0.012675 0.0191849 0.0272659 0.0366592 0.0467263 0.0564206 0.064546 0.0701898 0.073009 0.0731881 0.0711929 0.0675496 0.062739 0.0571656 0.0511475 0.0449191 0.0386483 0.032465 0.0264895 0.0208545 0.015714 0.0112306 0.00754077 0.0047125
 0.00771779 0.0125935 0.0190577 0.0270802 0.0364056 0.0464043 0.0560443 0.0641454 0.0698067 0.0726876 0.072965 0.0710892 0.0675676 0.0628647 0.0573754 0.0514156 0.0452228 0.0389695 0.0327883 0.0267997 0.0211365 0.0159548 0.0114216 0.00768047 0.0048059
 0.00932677 0.0148458 0.0217761 0.0298744 0.0387851 0.0479583 0.0565845 0.0637354 0.068682 0.071138 0.071246 0.0693869 0.0659996 0.061495 0.0562284 0.0504887 0.0444974 0.0384198 0.0323875 0.0265218 0.0209565 0.0158481 0.0113654 0.0076553 0.00479727
 0.00929463 0.0150935 0.0226774 0.0318947 0.0422786 0.0528945 0.0623744 0.0693269 0.0729334 0.0732677 0.0710911 0.0673468 0.0627616 0.0577414 0.0524663 0.0470182 0.0414582 0.0358542 0.0302874 0.0248559 0.0196819 0.0149145 0.0107164 0.00723108 0.00453884
 0.00897396 0.0145852 0.0219591 0.031012 0.0414011 0.0523548 0.0626295 0.0707939 0.0757386 0.0770591 0.0750809 0.070611 0.0646258 0.0580168 0.0514194 0.0451536 0.0392813 0.0337328 0.0284258 0.0233338 0.0185049 0.0140504 0.0101163 0.00683942 0.00430068
 0.00879843 0.0142922 0.0215044 0.0303524 0.0405108 0.0512559 0.0614332 0.0697297 0.0751384 0.0772669 0.0762978 0.0727461 0.0672604 0.0605392 0.0532741 0.0460557 0.0392746 0.0330888 0.0274789 0.0223552 0.017655 0.0133922 0.0096498 0.00653404 0.0041158
 0.00871384 0.0141504 0.0212821 0.0300235 0.0400492 0.0506433 0.0606707 0.0688535 0.0742366 0.0764909 0.0758521 0.072838 0.0680082 0.0618816 0.0549475 0.0476778 0.0405001 0.033743 0.0275928 0.0220991 0.0172333 0.0129635 0.0093001 0.00628761 0.00396123
 0.00868972 0.0141049 0.021202 0.029891 0.0398455 0.0503524 0.0602842 0.0683744 0.073682 0.0758975 0.0752855 0.0723991 0.0678228 0.0620618 0.0555313 0.0485833 0.0415333 0.03467 0.0282371 0.0224044 0.017258 0.0128245 0.00910931 0.00611694 0.00383889
 0.00868257 0.0140942 0.021187 0.0298701 0.0398143 0.0503017 0.0601997 0.0682383 0.0734787 0.0756201 0.0749436 0.0720248 0.0674747 0.0618198 0.0554784 0.0487701 0.0419441 0.0352136 0.0287784 0.0228222 0.0174935 0.0128916 0.00906779 0.00603273 0.0037577
 0.00866635 0.0140698 0.0211538 0.0298291 0.0397675 0.0502518 0.0601483 0.0681845 0.0734171 0.0755407 0.0748339 0.0718767 0.0672933 0.0616305 0.0553263 0.0487092 0.0420146 0.0354179 0.029072 0.0231299 0.0177428 0.0130438 0.00912604 0.00602805 0.00372609
 0.00867399 0.0140783 0.0211595 0.0298266 0.0397511 0.0502186 0.0600999 0.068127 0.0733579 0.0754847 0.0747805 0.0718195 0.0672239 0.061545 0.0552325 0.0486291 0.0419789 0.0354519 0.0291798 0.0232881 0.0179099 0.01318 0.00921066 0.00606351 0.0037291
 0.00866064 0.0140623 0.0211455 0.0298216 0.0397614 0.0502457 0.0601378 0.0681637 0.0733804 0.0754846 0.0747568 0.0717767 0.0671676 0.061479 0.05516 0.0485563 0.041918 0.0354192 0.0291883 0.0233385 0.0179878 0.0132622 0.00927656 0.00610362 0.00374583
 0.00864259 0.0140326 0.0211008 0.0297596 0.0396834 0.050158 0.0600529 0.068097 0.0733445 0.0754835 0.0747841 0.0718192 0.0672115 0.0615152 0.0551846 0.0485704 0.0419266 0.0354304 0.029211 0.0233782 0.0180429 0.0133236 0.00933227 0.00614488 0.00377038
 0.00862379 0.014003 0.0210581 0.0297023 0.039611 0.0500716 0.0599563 0.0679978 0.073254 0.0754149 0.0747487 0.0718222 0.0672499 0.0615784 0.0552588 0.0486437 0.0419923 0.0354876 0.0292633 0.0234299 0.0180963 0.0133768 0.00938033 0.00618285 0.00379604
 0.008611 0.0139819 0.0210258 0.0296561 0.0395492 0.0499945 0.0598673 0.0679033 0.0731625 0.0753355 0.0746897 0.0717907 0.0672503 0.0616107 0.0553183 0.0487211 0.0420767 0.0355701 0.0293388 0.0234973 0.0181563 0.0134296 0.00942505 0.00621781 0.00382054
 0.0086443 0.0140321 0.0210938 0.0297395 0.0396422 0.0500883 0.0599506 0.0679638 0.0731893 0.0753225 0.0746378 0.0717077 0.0671492 0.0615065 0.055224 0.0486455 0.042023 0.0355366 0.0293212 0.0234913 0.0181585 0.0134373 0.0094358 0.00622903 0.00383011
 0.00862801 0.0140118 0.0210745 0.0297295 0.0396501 0.0501192 0.0600028 0.0680285 0.0732535 0.0753728 0.074665 0.0717078 0.067124 0.0614623 0.0551704 0.0485925 0.0419786 0.0355055 0.0293042 0.0234864 0.018162 0.013446 0.00944645 0.00623943 0.00383874
 0.00862801 0.0140118 0.0210745 0.0297295 0.0396501 0.0501192 0.0600028 0.0680285 0.0732535 0.0753728 0.074665 0.0717078 0.067124 0.0614623 0.0551704 0.0485925 0.0419786 0.0355055 0.0293042 0.0234864 0.018162 0.013446 0.00944645 0.00623943 0.00383874
 0.00868393 0.0140991 0.021199 0.0298938 0.0398532 0.0503551 0.060259 0.0682852 0.0734847 0.0755511 0.0747665 0.0717181 0.0670416 0.0612994 0.0549492 0.0483406 0.0417231 0.0352683 0.0291001 0.023322 0.018038 0.0133581 0.00938839 0.00620386 0.00381872
 0.00825674 0.0134298 0.020242 0.0286319 0.0383105 0.0486117 0.0584602 0.0666314 0.0721918 0.0747928 0.0746282 0.0721813 0.0680004 0.0625971 0.0564179 0.0498328 0.0431296 0.0365214 0.030167 0.0241946 0.0187231 0.0138724 0.00975458 0.00644902 0.00397161
 0.008435 0.0136638 0.0204898 0.0288179 0.0383423 0.0484109 0.0579912 0.0659156 0.0713049 0.0738504 0.0737633 0.0715183 0.0676281 0.0625482 0.0566653 0.0503026 0.0437262 0.0371533 0.0307637 0.0247127 0.0191436 0.0141936 0.00998555 0.00660469 0.00406925
 0.00876387 0.014215 0.0213436 0.0300408 0.0399509 0.050325 0.060005 0.0677211 0.0725771 0.0743564 0.0734393 0.0704758 0.0660993 0.0608065 0.0549536 0.0487901 0.0424953 0.0362132 0.0300777 0.0242267 0.018806 0.0139636 0.00983343 0.00650851 0.00401205
 0.00866154 0.0140875 0.0212264 0.0299987 0.04007 0.0506921 0.0606785 0.0686997 0.0737738 0.0755964 0.0744929 0.0711279 0.0662244 0.0604119 0.0541676 0.0478051 0.0414995 0.0353405 0.0293916 0.0237317 0.018472 0.0137495 0.00970178 0.0064307 0.00396817
 0.00885238 0.0143712 0.0216051 0.030461 0.0405988 0.0512774 0.0613242 0.0694185 0.0745714 0.0764488 0.0753293 0.0718294 0.0666485 0.0604388 0.0537494 0.0469916 0.0404245 0.0341756 0.0282924 0.0228009 0.0177513 0.0132323 0.00935491 0.00621252 0.00383967
 0.00870776 0.0141659 0.0213513 0.0301879 0.0403446 0.0510763 0.0611993 0.0693852 0.074648 0.0766624 0.075707 0.072374 0.0673149 0.0611275 0.05433 0.0473487 0.0405023 0.0339968 0.0279416 0.0223854 0.0173611 0.0129195 0.00913349 0.00607141 0.00375775
 0.00844033 0.0137195 0.0206623 0.0292018 0.0390418 0.0495061 0.0595021 0.0677795 0.0733753 0.0759162 0.0755829 0.0728624 0.0683231 0.0625084 0.055905 0.0489302 0.0419237 0.0351446 0.0287752 0.0229324 0.0176902 0.013107 0.00923976 0.00613408 0.00379613
 0.00862016 0.0139733 0.0209699 0.0295126 0.0392797 0.0495831 0.0593393 0.0673317 0.0726568 0.0750148 0.0746491 0.0720703 0.0678171 0.0623626 0.0561092 0.0494025 0.0425392 0.0357718 0.0293095 0.0233187 0.0179252 0.0132238 0.00928344 0.00614287 0.00379346
 0.00844937 0.0137286 0.0206617 0.0291684 0.038932 0.0492515 0.0590178 0.0669908 0.0722604 0.0745446 0.074126 0.0715612 0.0674226 0.0621862 0.0562216 0.0498133 0.0431911 0.0365579 0.0301073 0.024025 0.0184798 0.0136139 0.00953142 0.00628686 0.00387083
 0.00857715 0.01391 0.0208869 0.0294138 0.0391697 0.0494614 0.0591933 0.0671319 0.072357 0.0745649 0.0740217 0.0712921 0.0669878 0.0616412 0.0556674 0.0493622 0.0429248 0.0364998 0.0302209 0.0242367 0.0187122 0.0138115 0.00967084 0.00637053 0.00391404
 0.00843697 0.0137081 0.0206303 0.029124 0.0388743 0.0491829 0.0589432 0.0669142 0.0721781 0.0744391 0.0739649 0.0713075 0.067057 0.0617319 0.0557548 0.0494477 0.0430361 0.0366713 0.030468 0.0245427 0.0190353 0.0141051 0.00990283 0.00653134 0.00401253
 0.00838208 0.0136075 0.0204599 0.0288589 0.0385004 0.0487118 0.0584204 0.066412 0.0717721 0.074181 0.0738694 0.0713573 0.0672179 0.0619659 0.0560266 0.0497302 0.0433158 0.0369495 0.0307537 0.0248393 0.0193322 0.0143796 0.0101315 0.00670092 0.00412408
 0.00843247 0.0136862 0.0205705 0.0289989 0.0386565 0.0488573 0.058517 0.0664201 0.0716679 0.0739715 0.0735929 0.0710686 0.0669662 0.0617793 0.0559103 0.0496745 0.0433067 0.0369769 0.0308132 0.024929 0.0194464 0.0145058 0.0102526 0.00680192 0.00419735
 0.00854905 0.0138793 0.0208667 0.0294214 0.0392164 0.0495399 0.0592706 0.067156 0.0722776 0.0743552 0.0736892 0.0708707 0.0665214 0.0611709 0.0552319 0.049006 0.0427024 0.0364657 0.0304059 0.0246256 0.0192391 0.0143801 0.0101884 0.0067773 0.00419325
 0.00869038 0.0141133 0.0212263 0.0299382 0.0399121 0.0504127 0.0602822 0.0682265 0.0732949 0.0751958 0.0742423 0.0710609 0.0663241 0.0606191 0.0544087 0.0480242 0.0416782 0.0354959 0.0295562 0.02393 0.0187059 0.0139983 0.00993489 0.00662232 0.00410664
 0.00842934 0.0137153 0.0206788 0.0292542 0.0391342 0.0496158 0.059571 0.0677218 0.0731041 0.0753759 0.0747749 0.0718524 0.0672326 0.0614951 0.0551343 0.0485381 0.0419786 0.0356252 0.0295763 0.023899 0.0186649 0.0139687 0.00992221 0.0066231 0.00411432
#pred catch len freq
 0.00547001 0.00856281 0.0123068 0.0165335 0.021129 0.0260308 0.0311448 0.0362877 0.0412123 0.0456753 0.0494826 0.0525067 0.0546958 0.0560757 0.0567359 0.0568082 0.0564456 0.0557904 0.0549064 0.0536751 0.0517192 0.0484671 0.0434213 0.0365278 0.0283893
 0.00580055 0.00903274 0.0128939 0.0171873 0.0218019 0.0267182 0.0319049 0.0372175 0.0423863 0.0470825 0.0510038 0.0539487 0.0558624 0.0568345 0.0570497 0.0567201 0.0560315 0.055105 0.0539505 0.0524053 0.0500997 0.0465352 0.0413215 0.0344833 0.0266232
 0.00636154 0.00987231 0.0140203 0.0185547 0.0233178 0.0282634 0.0333589 0.0384877 0.0434384 0.0479536 0.0517781 0.0546967 0.0565806 0.0574306 0.0573845 0.0566743 0.0555511 0.0541987 0.0526558 0.0507593 0.0481436 0.0443488 0.0390517 0.0323315 0.0247861
 0.00684831 0.0106323 0.015105 0.0199896 0.0250959 0.0303367 0.0356261 0.0407905 0.0455811 0.0497484 0.0530982 0.05551 0.0569423 0.0574338 0.0570974 0.0561041 0.054654 0.0529213 0.0509731 0.0486929 0.0457661 0.0417872 0.0364859 0.0299691 0.0228105
