SBPRF35
7.78865
Curr Bio
549956
B35
707198
F35
0.210494
FOFL
0.157522
OFL
67459.8
Bzero
2.22533e+006
#pred survey bio
 4.76303e+006 4.51425e+006 4.26654e+006 3.97017e+006 3.63945e+006 3.30375e+006 2.97021e+006 2.63755e+006 2.34065e+006 2.06956e+006 1.82493e+006 1.63785e+006 1.43419e+006 1.27692e+006 1.12749e+006 1.00346e+006 922814 826749 783316 723967 700349 663107 632133 623464 613009 600171 602634 605594 603736 613355 611450 607845 603588 602708 594542 578217 557027 542760 543528 543202 554573 560632 573837 585222 599588 597584 605252 604687 598352 606890 604267 579984 555110 1.89978e+007 1.11977e+007 1.13073e+007 1.19428e+007 1.28655e+007 1.38427e+007 1.47341e+007 1.54788e+007 1.60669e+007 1.65144e+007 1.68464e+007 1.7089e+007 1.72645e+007 1.7391e+007 1.74821e+007 1.75478e+007 1.75954e+007 1.76301e+007 1.76555e+007 1.76742e+007 1.7688e+007 1.76984e+007 1.77061e+007 1.7712e+007 1.77164e+007 1.77198e+007 1.77223e+007 1.77243e+007 1.77257e+007 1.77269e+007 1.77278e+007 1.77284e+007 1.7729e+007 1.77294e+007 1.77297e+007 1.77299e+007 1.77301e+007 1.77302e+007 1.77303e+007 1.77304e+007 1.77305e+007 1.77305e+007 1.77306e+007 1.77306e+007 1.77306e+007 1.77307e+007 1.77307e+007 1.77307e+007 1.77307e+007 1.77307e+007 1.77307e+007 1.77307e+007 1.77307e+007 1.77307e+007 1.77307e+007 1.77307e+007 1.77307e+007 1.77307e+007 1.77307e+007 1.77307e+007 1.77307e+007 1.77307e+007 1.77307e+007 1.77307e+007 1.77307e+007 1.77307e+007 1.77307e+007 1.77307e+007 1.77307e+007 1.77307e+007 1.77307e+007 1.77307e+007 1.77307e+007 1.77307e+007 1.77307e+007 1.77307e+007 1.77307e+007 1.77307e+007 1.77307e+007 1.77307e+007 1.77307e+007 1.77307e+007 1.77307e+007 1.77307e+007 1.77307e+007 1.77307e+007 1.77307e+007 1.77307e+007 1.77307e+007 1.77307e+007 1.77307e+007 1.77307e+007 1.77307e+007 1.77307e+007 1.77307e+007 1.77307e+007 1.77307e+007 1.77307e+007 1.77307e+007 1.77307e+007 0 0 0 0 0 0 0 0 0 0 0 0 0 0 0 0 0 0 0 0 0 0 0 0 0
#obs survey bio
 3.63732e+006 2.40481e+006 2.84256e+006 3.7154e+006 3.66129e+006 2.664e+006 2.22298e+006 2.18983e+006 1.47993e+006 2.14885e+006 1.41466e+006 1.64279e+006 1.2463e+006 1.23136e+006 1.07034e+006 739371 734597 627967 499804 667698 638951 629409 386483 545982 478842 538330 508130 525593 658782 587833 807838 420938 734865 868210 623982 316053 571653 565619 635683 454299 309012 499990 482959 551320 570219 587094 342903 658187 436267 541512 732021 509546 575756
#pred catch bio
 91803.6 91185.4 145792 197610 230374 261635 295876 296356 300493 297498 261058 285512 251287 248316 227747 190942 202438 154809 165203 131647 140097 131531 111448 112629 113798 100466 99544.4 101700 89798.2 96861.7 94824.3 91869.1 85690.4 88207.5 91483 94497.3 91212.4 82733.5 86968.4 79832.5 86831.6 82626.3 85303 83286.6 96517.1 87950.6 94950.1 98880.4 85566.2 94332.6 110454 107276 91813.9 67459.8 86085.6 85570.2 89113.6 95494.4 102500 108850 114045 118026 120938 122999 124422 125385 126027 126450 126726 126905 127020 127094 127141 127171 127190 127203 127210 127215 127218 127220 127221 127222 127222 127223 127223 127223 127223 127223 127223 127223 127223 127223 127223 127223 127223 127223 127223 127223 127223 127223 127223 127223 127223 127223 127223 127223 127223 127223 127223 127223 127223 127223 127223 127223 127223 127223 127223 127223 127223 127223 127223 127223 127223 127223 127223 127223 127223 127223 127223 127223 127223 127223 127223 127223 127223 127223 127223 127223 127223 127223 127223 127223 127223 127223 127223 127223 127223 127223 127223 127223 127223 127223 127223 0 0 0 0 0 0 0 0 0 0 0 0 0 0 0 0 0 0 0 0 0 0 0 0 0
#obs catch bio
 0 90983.3 146513 198772 231905 264261 300992 303181 309694 307070 267814 293263 257637 255213 233850 194995 208233 157591 169579 133804 143206 133971 113616 115024 116556 102586 101897 104224 90906.6 98307.9 95801.7 92899 86160.2 88642.4 91682.4 95321.4 91911.3 82897.6 87199.5 79834.8 87667.8 83276.2 86071.6 83715 97072.5 87933.6 95517.6 99674.6 85710.5 94541 110996 107736 91725.8
#pred cpue bio
 4.69484e+006 4.45097e+006 4.20708e+006 3.91247e+006 3.58308e+006 3.24847e+006 2.91576e+006 2.58413e+006 2.28849e+006 2.01924e+006 1.77698e+006 1.59189e+006 1.39078e+006 1.23538e+006 1.08805e+006 965937 886586 792729 750482 692919 670169 634218 604128 595549 585331 572869 575363 578586 577397 587408 586192 583321 579765 579497 572202 556665 535302 519938 519691 519135 530014 535668 548470 559695 573918 572205 579668 579069 573092 581635 579271 555791 532006 1.82388e+007 1.07613e+007 1.07613e+007 1.12739e+007 1.21547e+007 1.31224e+007 1.40119e+007 1.47563e+007 1.53444e+007 1.57918e+007 1.61238e+007 1.63664e+007 1.6542e+007 1.66685e+007 1.67595e+007 1.68252e+007 1.68728e+007 1.69075e+007 1.69329e+007 1.69516e+007 1.69655e+007 1.69758e+007 1.69836e+007 1.69894e+007 1.69938e+007 1.69972e+007 1.69997e+007 1.70017e+007 1.70032e+007 1.70043e+007 1.70052e+007 1.70059e+007 1.70064e+007 1.70068e+007 1.70071e+007 1.70073e+007 1.70075e+007 1.70077e+007 1.70078e+007 1.70079e+007 1.70079e+007 1.7008e+007 1.7008e+007 1.7008e+007 1.70081e+007 1.70081e+007 1.70081e+007 1.70081e+007 1.70081e+007 1.70081e+007 1.70081e+007 1.70081e+007 1.70081e+007 1.70081e+007 1.70081e+007 1.70081e+007 1.70081e+007 1.70081e+007 1.70081e+007 1.70081e+007 1.70081e+007 1.70081e+007 1.70081e+007 1.70081e+007 1.70081e+007 1.70081e+007 1.70081e+007 1.70081e+007 1.70081e+007 1.70081e+007 1.70081e+007 1.70081e+007 1.70081e+007 1.70081e+007 1.70081e+007 1.70081e+007 1.70081e+007 1.70081e+007 1.70081e+007 1.70081e+007 1.70081e+007 1.70081e+007 1.70081e+007 1.70081e+007 1.70081e+007 1.70081e+007 1.70081e+007 1.70081e+007 1.70081e+007 1.70081e+007 1.70081e+007 1.70081e+007 1.70081e+007 1.70081e+007 1.70081e+007 1.70081e+007 1.70081e+007 1.70081e+007 1.70081e+007 1.70081e+007 0 0 0 0 0 0 0 0 0 0 0 0 0 0 0 0 0 0 0 0 0 0 0 0 0
#obs cpue bio
 3.13589e+006 3.9438e+006 3.4307e+006 4.67267e+006 2.96501e+006 2.54383e+006 1.94202e+006 1.35455e+006 1.65832e+006 1.61288e+006 1.9903e+006 1.96654e+006 1.02189e+006 971027 868411 978284 800099 795248 788234 617674 518686 599629 497002 494754 485542 409285 409148 493991 727276 520137 503527 658337 605042 421461 665905 585582 511024 622894 482094 605006 479032 514045 574837 628009 734879 694469 661138 465240 893991 686434 449851 621671 651910
#pred surv len freq
 0.00516515 0.00835422 0.0125137 0.0176049 0.0234958 0.0298871 0.0362795 0.0420877 0.0468593 0.0504273 0.0528919 0.0544921 0.0554805 0.056055 0.0563261 0.056308 0.0559308 0.055068 0.0535569 0.0511979 0.0477585 0.0430306 0.0369732 0.0298721 0.0223834
 0.00542056 0.0086594 0.012775 0.0176814 0.0232545 0.0292807 0.0353968 0.0411327 0.0460593 0.0499231 0.0526785 0.0544401 0.05542 0.0558675 0.0560034 0.0559556 0.0557204 0.055159 0.0540203 0.0519779 0.0486925 0.0439201 0.0376645 0.030306 0.0225906
 0.00571096 0.00912661 0.0134607 0.0185991 0.0243622 0.0304544 0.0364317 0.0417956 0.0461854 0.0495023 0.0518639 0.0534633 0.0544688 0.0550134 0.0552199 0.0551981 0.0549999 0.0545569 0.0536403 0.051875 0.0488305 0.044186 0.0379273 0.0304773 0.0226501
 0.00597202 0.00954856 0.014092 0.0194847 0.025535 0.031918 0.0381332 0.0436022 0.0478831 0.0508341 0.0526052 0.0535041 0.0538545 0.0539136 0.0538432 0.0537144 0.0535169 0.0531477 0.0523754 0.0508213 0.0480225 0.0436049 0.037513 0.0301641 0.0223964
 0.0063152 0.0100831 0.0148541 0.0204954 0.0268014 0.0334332 0.0398712 0.0455073 0.0498594 0.0527382 0.0542488 0.0546766 0.0543727 0.0536821 0.0528929 0.0521903 0.0516237 0.0510903 0.0503251 0.0489091 0.04634 0.0422018 0.0363978 0.0293144 0.0217759
 0.00670242 0.0106932 0.0157356 0.0216797 0.0282967 0.0352174 0.0418839 0.0476511 0.0520142 0.0547814 0.0560643 0.0561478 0.0553712 0.0540743 0.0525734 0.0511273 0.0498881 0.0488468 0.0477929 0.046314 0.0438781 0.0400201 0.0345861 0.0279057 0.0207541
 0.00705373 0.0112592 0.0165777 0.022851 0.0298315 0.037115 0.0440914 0.0500581 0.0544678 0.0571163 0.0581315 0.0578276 0.0565695 0.0547095 0.0525677 0.0504166 0.0484508 0.0467377 0.0451578 0.0433744 0.0408908 0.037228 0.0321774 0.0259886 0.0193504
 0.00737104 0.0117728 0.0173472 0.0239318 0.0312666 0.03892 0.0462376 0.0524616 0.056996 0.0596069 0.0604162 0.0597528 0.0580096 0.0555708 0.0527835 0.0499392 0.0472537 0.0448336 0.0426275 0.0403856 0.0376895 0.0340974 0.0293779 0.023702 0.0176491
 0.00759853 0.012148 0.0179225 0.0247613 0.0323982 0.0403813 0.0480199 0.0545113 0.0592182 0.0618788 0.0626011 0.0617111 0.0596079 0.0566905 0.0533278 0.049836 0.0464577 0.0433352 0.0404716 0.0376951 0.0346739 0.0310314 0.0265454 0.0213281 0.0158493
 0.00779597 0.0124698 0.0184092 0.0254535 0.0333317 0.0415785 0.0494784 0.0561967 0.061065 0.0637982 0.0644906 0.063462 0.0611105 0.0578386 0.0540222 0.0499894 0.0460009 0.0422293 0.0387271 0.035395 0.031989 0.0282087 0.023863 0.0190263 0.0140707
 0.00806299 0.0128856 0.0190016 0.026238 0.0343119 0.0427462 0.0508114 0.0576559 0.0625959 0.0653371 0.0659706 0.0648158 0.0622709 0.0587364 0.0545853 0.050143 0.045673 0.0413626 0.0373009 0.0334519 0.0296555 0.025693 0.0214181 0.0168867 0.0123894
 0.00828631 0.0132376 0.0195106 0.0269223 0.0351763 0.0437781 0.0519758 0.0588972 0.0638482 0.066539 0.0670757 0.065793 0.0630952 0.0593791 0.055006 0.0502872 0.0454754 0.0407586 0.0362473 0.0319548 0.0277949 0.0236286 0.0193623 0.0150501 0.0109206
 0.00864511 0.0138023 0.0203249 0.028012 0.0365425 0.0453875 0.0537517 0.0607199 0.0655726 0.0680261 0.0682229 0.0665492 0.0634602 0.0593878 0.0547067 0.0497185 0.0446515 0.0396685 0.0348704 0.0302901 0.0258921 0.0216038 0.0173838 0.0132939 0.00951603
 0.00889161 0.0141988 0.0209134 0.0288286 0.0376096 0.0467029 0.0552756 0.0623692 0.0672296 0.0695578 0.0695044 0.0674832 0.0639896 0.0595013 0.0544325 0.049109 0.0437614 0.0385383 0.0335235 0.0287476 0.0241979 0.0198443 0.0156851 0.0117917 0.00831313
 0.00918536 0.0146621 0.0215842 0.0297326 0.0387561 0.0480781 0.0568341 0.0640298 0.0688821 0.0710795 0.0707779 0.0684113 0.0645055 0.0595751 0.0540738 0.0483615 0.042691 0.0372168 0.0320163 0.0271127 0.0224974 0.0181576 0.0141109 0.0104306 0.00723785
 0.0094551 0.0150872 0.0221988 0.0305589 0.0398004 0.0493246 0.0582381 0.0655158 0.0703523 0.0724297 0.0719133 0.069255 0.0650016 0.0596906 0.0538004 0.0477174 0.0417195 0.03598 0.030587 0.0255675 0.0209154 0.0166231 0.0127111 0.00924346 0.00631347
 0.00943931 0.0150882 0.0222499 0.0307087 0.0401021 0.0498183 0.0589344 0.0663898 0.0713494 0.0734787 0.0729369 0.0701775 0.0657529 0.0602098 0.054041 0.0476524 0.041346 0.0353215 0.0296913 0.0245022 0.0197618 0.0154692 0.0116429 0.0083325 0.00560321
 0.0096618 0.0154239 0.0227078 0.0312828 0.0407772 0.0505781 0.0597642 0.0672707 0.0722501 0.0743499 0.0737157 0.0707987 0.0661634 0.060377 0.0539532 0.0473139 0.0407721 0.0345375 0.0287358 0.0234289 0.0186392 0.0143745 0.0106514 0.00750357 0.00496845
 0.00962661 0.0153728 0.0226422 0.0312086 0.0407041 0.050519 0.0597362 0.0672973 0.0723613 0.0745774 0.074081 0.0712984 0.0667595 0.0610006 0.0545197 0.0477437 0.0410071 0.034549 0.0285254 0.0230272 0.0181003 0.0137686 0.0100522 0.00697386 0.0045481
 0.00979376 0.0156263 0.0229895 0.0316432 0.0412062 0.0510579 0.0602719 0.0677839 0.0727549 0.0748478 0.0742215 0.071328 0.066714 0.0609156 0.0544145 0.0476134 0.0408271 0.0342891 0.0281652 0.0225673 0.0175659 0.0132045 0.00951194 0.00650534 0.00418121
 0.00974972 0.0155578 0.0228925 0.0315174 0.0410566 0.050896 0.0601173 0.0676621 0.072692 0.0748633 0.0743229 0.07151 0.0669615 0.0612088 0.0547309 0.0479269 0.0411061 0.0344981 0.0282726 0.0225554 0.0174394 0.0129913 0.00925532 0.00625121 0.00396489
 0.00995846 0.0158634 0.0232895 0.0319776 0.0415358 0.0513458 0.0604946 0.0679352 0.0728424 0.0748878 0.0742339 0.0713332 0.0667299 0.0609554 0.0544829 0.0477011 0.0409066 0.0343167 0.0280921 0.0223577 0.0172146 0.0127441 0.00900427 0.00602089 0.00377597
 0.0101994 0.0162296 0.0237918 0.0326057 0.0422568 0.0521061 0.0612227 0.0685499 0.0732691 0.0750784 0.0741802 0.0710655 0.0663041 0.0604363 0.0539303 0.0471622 0.0404121 0.0338801 0.0277124 0.0220245 0.0169158 0.0124731 0.00876258 0.00581605 0.00361539
 0.010179 0.0162105 0.0237888 0.0326411 0.0423545 0.0522816 0.0614744 0.0688557 0.0735913 0.0753724 0.0744056 0.0711948 0.066328 0.0603639 0.0537849 0.0469732 0.0402073 0.0336799 0.027527 0.0218554 0.0167598 0.0123271 0.00862771 0.0056973 0.00351879
 0.0101846 0.0162181 0.0237983 0.0326534 0.0423742 0.0523189 0.0615452 0.0689765 0.0737703 0.0756012 0.0746564 0.0714271 0.0665009 0.0604493 0.0537743 0.046878 0.0400521 0.0334934 0.0273341 0.0216726 0.0165952 0.0121832 0.00850501 0.00559665 0.00344103
 0.0102116 0.016262 0.0238637 0.0327441 0.0424907 0.0524574 0.0616966 0.069129 0.0739135 0.0757302 0.0747714 0.0715276 0.0665804 0.0604939 0.0537678 0.0468103 0.0399252 0.0333216 0.027139 0.0214761 0.016414 0.0120272 0.00837805 0.00549872 0.0033699
 0.0100339 0.0159976 0.0235122 0.0323226 0.0420316 0.0520018 0.0612889 0.0688122 0.0737235 0.0756895 0.0748841 0.0717794 0.0669416 0.060924 0.054221 0.0472412 0.0402968 0.0336114 0.0273419 0.0216011 0.0164786 0.0120504 0.00837657 0.00548524 0.00335305
 0.00977317 0.0156054 0.0229818 0.031671 0.0412971 0.0512386 0.060562 0.0681917 0.0732755 0.0754626 0.0748989 0.0720258 0.0673839 0.06151 0.0548905 0.0479335 0.0409566 0.0341952 0.0278219 0.0219679 0.0167384 0.0122204 0.00847853 0.0055404 0.00337916
 0.00970818 0.0154815 0.0227631 0.0313162 0.0407747 0.0505469 0.0597455 0.06734 0.0725016 0.0748709 0.0745597 0.0719654 0.0675891 0.0619385 0.0554826 0.0486215 0.041673 0.0348797 0.0284279 0.0224664 0.0171192 0.01249 0.00865481 0.00564634 0.00343726
 0.00950164 0.0151685 0.0223333 0.0307723 0.0401269 0.0498077 0.0589304 0.0664763 0.0716404 0.0740918 0.0739603 0.0716373 0.0675902 0.0622756 0.0561107 0.0494586 0.0426208 0.0358426 0.0293258 0.0232423 0.0177427 0.0129557 0.00897726 0.00585254 0.00355849
 0.00936639 0.0149592 0.0220385 0.0303894 0.0396635 0.0492812 0.0583671 0.0659078 0.0710969 0.0735971 0.0735349 0.0713076 0.0673949 0.0622597 0.0563078 0.049872 0.0432156 0.036552 0.0300691 0.0239437 0.0183461 0.0134313 0.00932122 0.00608049 0.00369656
 0.00928554 0.0148251 0.021832 0.0300924 0.0392639 0.0487811 0.0577894 0.0652964 0.0705076 0.0730833 0.073135 0.0710408 0.067267 0.0622724 0.0564658 0.0501805 0.0436698 0.0371263 0.0307145 0.0245968 0.0189446 0.0139298 0.00969916 0.00634115 0.00385989
 0.00917548 0.0146574 0.0216002 0.0297965 0.0389083 0.0483721 0.0573347 0.0648092 0.0700109 0.0726114 0.0727295 0.0707421 0.0671047 0.0622599 0.0566016 0.0504542 0.0440659 0.0376234 0.0312804 0.0251869 0.0195079 0.0144202 0.0100871 0.00661947 0.00404043
 0.00896692 0.0143407 0.0211655 0.0292508 0.0382743 0.047685 0.0566391 0.064155 0.0694463 0.0721739 0.0724411 0.070611 0.0671304 0.0624372 0.0569209 0.0508995 0.0446148 0.0382472 0.0319448 0.0258523 0.0201315 0.0149627 0.0105214 0.00693679 0.0042508
 0.00904185 0.0144208 0.02121 0.0291979 0.0380606 0.0472737 0.0560433 0.0634395 0.0687061 0.071503 0.0719081 0.0702511 0.0669504 0.0624271 0.0570633 0.0511752 0.0450028 0.0387231 0.0324785 0.0264076 0.0206685 0.0154434 0.010917 0.00723396 0.00445322
 0.00982095 0.0155384 0.0226133 0.0307372 0.0395228 0.0484433 0.0567573 0.0636152 0.0683457 0.070685 0.0707688 0.0689543 0.0656517 0.0612453 0.0560697 0.0503996 0.044447 0.0383723 0.032307 0.0263809 0.020745 0.0155783 0.0110691 0.00737196 0.00456005
 0.0104935 0.016608 0.0241703 0.032827 0.0421109 0.0513745 0.0597341 0.0662323 0.0701922 0.0714743 0.0704264 0.0676192 0.0636052 0.0588147 0.0535509 0.0480153 0.0423382 0.0366095 0.0309089 0.025331 0.0200037 0.0150913 0.0107751 0.00721142 0.00448214
 0.0104975 0.0166933 0.024445 0.0334422 0.0432234 0.0530846 0.0620219 0.0689245 0.0729764 0.0739587 0.0722282 0.0684604 0.063385 0.0576294 0.0516518 0.0457254 0.0399662 0.0343935 0.028997 0.0237899 0.0188383 0.0142656 0.0102296 0.00687762 0.00429431
 0.0102485 0.0163209 0.023951 0.0328651 0.0426486 0.0526484 0.0619008 0.0692975 0.0739597 0.0755348 0.0742107 0.0705237 0.0651547 0.058796 0.0520583 0.0453972 0.0390769 0.0331896 0.0277199 0.0226214 0.0178819 0.0135536 0.00974439 0.00657478 0.00412172
 0.0103703 0.0164664 0.0240737 0.0328927 0.0425076 0.0523027 0.0613861 0.0687319 0.0735205 0.0754085 0.0745304 0.0713131 0.0663005 0.0600676 0.0531765 0.0461271 0.0393027 0.0329392 0.0271312 0.0218774 0.0171464 0.012934 0.00928458 0.00626956 0.00393938
 0.0103248 0.0164121 0.0240256 0.0328692 0.0425162 0.0523229 0.0613651 0.0686036 0.073247 0.0750212 0.074141 0.0710802 0.066362 0.0604727 0.053854 0.0469065 0.0399817 0.0333618 0.0272404 0.0217182 0.0168265 0.0125703 0.0089627 0.00602986 0.00378445
 0.0102169 0.0162618 0.0238467 0.0326922 0.0423819 0.0522693 0.0614126 0.0687433 0.0734374 0.0751976 0.074242 0.0710812 0.0662968 0.0604234 0.0539067 0.0470991 0.0402763 0.0336631 0.0274459 0.0217689 0.016728 0.0123774 0.00874474 0.00583991 0.0036468
 0.0100769 0.0160404 0.023527 0.0322674 0.0418622 0.05169 0.0608375 0.068257 0.0731222 0.0751037 0.0743675 0.0713747 0.0666834 0.0608394 0.0543228 0.0475172 0.0407051 0.0340904 0.0278316 0.0220636 0.0169015 0.0124349 0.00872093 0.00577906 0.00358369
 0.00995243 0.0158502 0.0232629 0.0319292 0.0414564 0.0512288 0.0603406 0.0677561 0.072664 0.0747462 0.0741674 0.071369 0.0668744 0.0611922 0.0547796 0.0480197 0.0412097 0.034569 0.028262 0.0224223 0.0171682 0.0126026 0.0088021 0.0058004 0.00357452
 0.00981939 0.0156413 0.0229628 0.0315303 0.0409618 0.0506554 0.0597224 0.0671423 0.0721108 0.0743063 0.0738821 0.071266 0.0669667 0.0614752 0.0552268 0.0485842 0.041833 0.0351933 0.0288396 0.0229189 0.0175626 0.0128877 0.00898576 0.005903 0.00362225
 0.00997486 0.0158607 0.0232309 0.0318101 0.0412031 0.0508094 0.0597541 0.0670373 0.0718752 0.073964 0.0734711 0.0708339 0.0665649 0.0611511 0.0550164 0.0485046 0.0418785 0.0353376 0.0290434 0.0231401 0.0177658 0.01305 0.00909839 0.00596972 0.00365469
 0.00992179 0.0157962 0.0231727 0.0317847 0.0412338 0.0509002 0.0598796 0.0671473 0.0719147 0.0738976 0.073297 0.0705823 0.066284 0.0608918 0.054821 0.0484009 0.0418774 0.0354317 0.0292093 0.0233442 0.0179726 0.0132307 0.00923667 0.00606262 0.00370916
 0.00974418 0.0155467 0.0228706 0.0314748 0.0409767 0.0507539 0.0598812 0.0673012 0.0721893 0.0742308 0.0736121 0.0708105 0.0663866 0.0608711 0.0547141 0.0482623 0.0417585 0.0353676 0.0292122 0.0234054 0.0180698 0.0133377 0.00933207 0.00613463 0.00375592
 0.00980924 0.0156174 0.0229143 0.0314451 0.0408325 0.0504865 0.0595329 0.0669581 0.071949 0.0741603 0.0737197 0.0710466 0.0666689 0.0611186 0.0548757 0.0483275 0.0417519 0.0353302 0.0291822 0.0234052 0.0181024 0.0133921 0.00939221 0.00618716 0.00379418
 0.00970363 0.0154628 0.0227118 0.0312021 0.0405555 0.050173 0.0591711 0.0665408 0.0714946 0.0737259 0.073392 0.0709088 0.0667621 0.0614216 0.0553158 0.0488137 0.0422093 0.0357195 0.0294976 0.0236595 0.018311 0.0135639 0.00952947 0.00628988 0.00386442
 0.00960892 0.0153266 0.02254 0.0310121 0.0403718 0.0500186 0.0590588 0.0664675 0.0714411 0.0736648 0.073303 0.070795 0.0666554 0.0613701 0.0553574 0.048955 0.0424236 0.0359628 0.0297306 0.02386 0.0184739 0.0136929 0.00962937 0.00636422 0.00391611
 0.00941885 0.0150726 0.0222589 0.0307719 0.0402515 0.0500774 0.05931 0.0668723 0.0719227 0.0741325 0.0736744 0.0710125 0.0666976 0.061256 0.0551398 0.0487019 0.0421937 0.0357886 0.0296169 0.0237944 0.0184401 0.0136784 0.00962654 0.00636803 0.00392266
 0.00895214 0.0143876 0.0213677 0.0297406 0.0391909 0.0491216 0.0585921 0.0665009 0.071957 0.0745606 0.0744093 0.0719144 0.0676154 0.0620692 0.055783 0.0491665 0.0425121 0.0360096 0.0297835 0.0239328 0.0185595 0.0137789 0.00970603 0.00642639 0.00396226
#obs surv len freq
 nan nan nan nan nan nan nan nan nan nan nan nan nan nan nan nan nan nan nan nan nan nan nan nan nan
 0.00448502 0.00734641 0.0111763 0.0159922 0.0216922 0.0279668 0.03428 0.0400107 0.04469 0.048154 0.0505124 0.0520089 0.0529019 0.0534149 0.0537298 0.0539851 0.054264 0.0545569 0.0546958 0.0542878 0.0527258 0.0493579 0.0438075 0.0362873 0.0276706
 0.00461939 0.00756621 0.0115092 0.0164638 0.0223195 0.0287487 0.0351876 0.040985 0.0456502 0.0490134 0.0511948 0.0524603 0.053095 0.0533495 0.0534281 0.0534843 0.0536071 0.0537865 0.0538506 0.0534046 0.0518433 0.0485191 0.043057 0.035663 0.0271936
 0.00477866 0.00782906 0.011912 0.017043 0.0231037 0.0297473 0.036378 0.0423072 0.0470136 0.0503116 0.0523228 0.0533269 0.0536327 0.0535206 0.0532269 0.052935 0.0527566 0.052695 0.0525849 0.0520353 0.050446 0.0471748 0.0418462 0.0346523 0.0264197
 0.00497434 0.00814584 0.0123866 0.0177094 0.0239883 0.0308595 0.0377 0.0437881 0.0485731 0.0518509 0.0537364 0.0545125 0.0544988 0.0539944 0.0532621 0.0525174 0.0519057 0.0514613 0.0510452 0.0502875 0.0486058 0.0453693 0.0402009 0.0332695 0.025357
 0.00518846 0.00849895 0.0129271 0.0184848 0.025035 0.0321876 0.0392783 0.0455408 0.050393 0.0536217 0.0553508 0.0558782 0.0555366 0.054635 0.0534471 0.0522056 0.0510821 0.050146 0.0492992 0.0482154 0.0463525 0.043108 0.0381088 0.0314944 0.0239846
 0.00541856 0.00887582 0.0134998 0.0193016 0.0261352 0.0335872 0.0409551 0.0474269 0.0523819 0.0555868 0.0571655 0.0574306 0.0567359 0.0554109 0.0537457 0.0519853 0.0503155 0.0488296 0.0474693 0.0459634 0.0438307 0.0405188 0.0356728 0.0294026 0.0223545
 0.0056448 0.00924699 0.0140649 0.0201088 0.0272235 0.0349724 0.0426156 0.0492979 0.0543638 0.0575633 0.0590199 0.0590554 0.0580363 0.0563067 0.0541718 0.0518904 0.0496627 0.0476024 0.045686 0.0436975 0.0412267 0.0377878 0.0330593 0.0271293 0.020566
 0.00590228 0.00966522 0.0146937 0.0209946 0.0284006 0.0364501 0.0443636 0.0512418 0.056395 0.0595599 0.0608658 0.0606505 0.0592985 0.057169 0.0545778 0.0517919 0.0490197 0.0463894 0.0439082 0.0414135 0.038569 0.0349651 0.0303264 0.0247278 0.0186606
 0.00613068 0.0100455 0.0152823 0.0218491 0.0295675 0.0379453 0.0461539 0.0532404 0.0584763 0.0615863 0.0627123 0.0622168 0.0605099 0.0579712 0.0549298 0.0516592 0.0483708 0.0452004 0.0421773 0.039186 0.0359622 0.0321752 0.0276029 0.0223155 0.0167332
 0.00637572 0.0104435 0.0158812 0.0226944 0.0306952 0.0393697 0.0478535 0.0551493 0.0604894 0.0635756 0.0645467 0.0637792 0.0617086 0.0587433 0.0552382 0.0514829 0.0476956 0.0440164 0.0404891 0.0370352 0.0334534 0.0294875 0.0249704 0.0199734 0.0148527
 0.00659548 0.0108052 0.0164335 0.0234849 0.0317604 0.04072 0.0494585 0.0569343 0.0623483 0.0653925 0.0662138 0.0652041 0.0628146 0.0594692 0.0555384 0.0513275 0.047068 0.0429112 0.0389174 0.0350402 0.0311318 0.0270014 0.0225316 0.0177978 0.0131002
 0.00681421 0.0111639 0.0169792 0.0242632 0.0328064 0.0420436 0.0510299 0.0586781 0.0641543 0.0671369 0.0677814 0.066502 0.0637764 0.0600522 0.0557173 0.0510874 0.0464004 0.041815 0.0374061 0.0331567 0.028966 0.0246998 0.020284 0.0157968 0.0114888
 0.00706448 0.0115707 0.0175908 0.0251236 0.0339454 0.0434628 0.0526873 0.0604849 0.0659872 0.0688626 0.0692798 0.0676807 0.0645748 0.0604399 0.0556878 0.0506496 0.0455696 0.0406094 0.035851 0.0312982 0.026888 0.022533 0.0181948 0.0139524 0.0100112
 0.00727912 0.011928 0.0181436 0.0259247 0.0350355 0.0448507 0.054332 0.0622909 0.0678201 0.070578 0.0707494 0.0688078 0.0652989 0.0607344 0.0555541 0.0501085 0.0446532 0.0393541 0.0342986 0.0295039 0.0249338 0.0205358 0.0162973 0.0122946 0.00869292
 0.00744149 0.0121944 0.0185497 0.0265067 0.0358248 0.0458641 0.0555599 0.063689 0.0693104 0.072058 0.0721065 0.0699351 0.0661091 0.0611699 0.0555901 0.0497495 0.0439249 0.0382962 0.0329608 0.0279491 0.023245 0.0188199 0.0146778 0.010888 0.00757953
 0.00754084 0.0123579 0.0187997 0.0268662 0.0363142 0.0464957 0.0563317 0.0645819 0.0702896 0.073077 0.0731102 0.0708602 0.0668862 0.0617296 0.0558734 0.0497175 0.0435642 0.0376195 0.0320043 0.0267709 0.0219247 0.0174572 0.0133821 0.00975951 0.0066857
 0.00760057 0.0124513 0.0189339 0.0270467 0.0365461 0.0467848 0.0566843 0.0650027 0.0707798 0.0736315 0.0737151 0.07149 0.0675026 0.0622817 0.0563015 0.0499614 0.0435746 0.0373682 0.0314923 0.0260307 0.0210195 0.016474 0.0124189 0.00890565 0.00600246
 0.00765977 0.0125409 0.0190565 0.0272003 0.0367251 0.0469821 0.0568929 0.0652184 0.0710029 0.0738684 0.0739763 0.071785 0.0678319 0.0626304 0.0566367 0.0502349 0.0437312 0.0373585 0.0312854 0.025626 0.0204508 0.0158054 0.0117315 0.00827789 0.00549074
 0.00771841 0.0126281 0.0191725 0.0273397 0.0368781 0.0471366 0.0570374 0.0653439 0.0711053 0.0739507 0.07405 0.0718673 0.0679404 0.0627757 0.0568151 0.0504247 0.0438941 0.0374469 0.0312559 0.0254535 0.0201396 0.0153915 0.0112733 0.00783923 0.00512198
 0.00776152 0.0126951 0.0192673 0.0274627 0.0370255 0.047299 0.0572001 0.0654882 0.0712143 0.074015 0.0740715 0.0718595 0.0679239 0.0627717 0.0568386 0.0504785 0.0439646 0.0375058 0.0312668 0.0253845 0.0199765 0.0151454 0.0109789 0.00754213 0.00486285
 0.00782108 0.0127838 0.0193854 0.0276054 0.0371836 0.047462 0.057357 0.0656284 0.071327 0.0740906 0.0741037 0.0718481 0.0678766 0.0627031 0.056767 0.0504196 0.0439256 0.0374805 0.0312367 0.0253257 0.0198703 0.0149885 0.0107863 0.00734143 0.00468262
 0.00786558 0.0128539 0.0194863 0.0277394 0.0373482 0.0476482 0.0575487 0.0658044 0.0714663 0.0741786 0.0741361 0.0718293 0.0678164 0.0626138 0.0566615 0.0503112 0.0438252 0.0373934 0.0311595 0.0252472 0.0197774 0.0148738 0.0106534 0.00720401 0.00455796
 0.00786001 0.0128478 0.0194826 0.027743 0.0373649 0.0476832 0.0576043 0.0658788 0.0715532 0.0742681 0.0742169 0.0718916 0.0678543 0.0626263 0.056652 0.0502858 0.043791 0.037356 0.0311211 0.0252053 0.0197264 0.0148094 0.0105763 0.0071213 0.00448023
 0.00789639 0.0128959 0.0195352 0.027787 0.0373868 0.0476752 0.0575698 0.0658318 0.0715124 0.0742489 0.0742257 0.0719247 0.0679011 0.062674 0.0566905 0.0503096 0.0437994 0.0373516 0.031107 0.025183 0.0196958 0.0147695 0.0105283 0.00706946 0.00443083
 0.00787533 0.0128657 0.0194964 0.0277418 0.0373362 0.0476171 0.057499 0.0657432 0.0714074 0.0741398 0.0741341 0.071874 0.0679064 0.062736 0.0567958 0.0504375 0.0439295 0.0374688 0.0312028 0.0252541 0.019742 0.0147927 0.010532 0.0070592 0.00441338
 0.00788225 0.01287 0.0194904 0.0277151 0.0372792 0.0475268 0.0573817 0.0656137 0.0712823 0.0740319 0.0740501 0.0718177 0.0678826 0.0627506 0.0568521 0.0505318 0.0440498 0.0375984 0.0313255 0.0253579 0.0198207 0.0148451 0.010561 0.00707027 0.00441301
 0.00791506 0.0129181 0.0195529 0.0277862 0.0373488 0.0475814 0.0574065 0.0655964 0.0712182 0.0739267 0.0739195 0.0716825 0.0677623 0.0626593 0.0567981 0.0505174 0.0440724 0.0376496 0.0313929 0.0254281 0.0198823 0.0148916 0.0105906 0.00708525 0.00441774
 0.00788503 0.0128752 0.0194992 0.0277271 0.0372913 0.0475303 0.0573631 0.0655575 0.071178 0.0738803 0.0738658 0.071626 0.0677123 0.0626271 0.056793 0.0505445 0.0441309 0.0377338 0.0314927 0.0255314 0.0199773 0.0149697 0.0106478 0.00712225 0.00443855
 0.00787107 0.0128485 0.0194519 0.027651 0.0371811 0.0473887 0.0572036 0.0654023 0.0710507 0.0737968 0.0738293 0.0716288 0.067742 0.0626738 0.0568525 0.0506171 0.0442185 0.0378358 0.031605 0.025646 0.0200848 0.0150614 0.0107187 0.0071715 0.00446908
 0.00785921 0.0128249 0.0194084 0.0275771 0.0370664 0.0472272 0.056998 0.0651669 0.0708104 0.0735825 0.0736707 0.0715465 0.0677419 0.0627471 0.0569806 0.0507792 0.0443973 0.0380194 0.0317849 0.0258151 0.0202358 0.015188 0.010817 0.00724138 0.00451415
 0.00782228 0.012767 0.0193253 0.0274657 0.036925 0.0470557 0.0567987 0.0649465 0.0705809 0.0733618 0.0734814 0.0714123 0.0676828 0.0627731 0.0570888 0.0509543 0.0446164 0.0382584 0.0320232 0.026037 0.0204307 0.0153491 0.0109413 0.00733016 0.00457222
 0.00778525 0.0127043 0.0192264 0.0273203 0.0367263 0.0468052 0.0565096 0.064643 0.0702926 0.0731156 0.0732964 0.0712994 0.0676474 0.0628175 0.0572114 0.0511475 0.044865 0.0385407 0.0323146 0.0263149 0.0206772 0.0155531 0.0110985 0.00744233 0.00464578
 0.00776348 0.0126681 0.0191702 0.0272379 0.0366115 0.0466531 0.0563193 0.0644199 0.0700499 0.0728735 0.0730789 0.0711298 0.0675432 0.0627883 0.057259 0.0512672 0.0450464 0.0387681 0.0325676 0.026571 0.0209152 0.0157569 0.0112594 0.007559 0.00472324
 0.00772902 0.0126107 0.0190816 0.02711 0.0364386 0.0464353 0.0560652 0.0641466 0.0697794 0.072628 0.0728771 0.0709861 0.0674679 0.0627878 0.0573346 0.0514145 0.0452551 0.0390227 0.0328486 0.0268561 0.0211827 0.0159889 0.0114446 0.00769481 0.00481415
 0.00932628 0.0148468 0.0217808 0.0298859 0.0388063 0.0479901 0.0566246 0.0637776 0.0687173 0.0711565 0.0712398 0.0693525 0.0659404 0.0614213 0.0561551 0.0504306 0.0444641 0.0384134 0.0324024 0.0265489 0.0209864 0.0158744 0.0113852 0.0076684 0.00480505
 0.00932567 0.0151394 0.0227383 0.0319677 0.042359 0.0529773 0.0624552 0.0694014 0.072997 0.0733144 0.0711141 0.06734 0.0627216 0.0576699 0.052371 0.0469118 0.0413551 0.0357669 0.0302224 0.0248137 0.019658 0.0149026 0.0107112 0.00722878 0.00453767
 0.00896539 0.0145761 0.021954 0.0310177 0.0414241 0.0523979 0.0626894 0.0708618 0.075804 0.0771133 0.0751197 0.070633 0.0646308 0.0580039 0.0513883 0.0451064 0.0392235 0.0336725 0.0283717 0.0232918 0.0184766 0.0140341 0.0101083 0.00683619 0.0042996
 0.00881332 0.0143143 0.0215339 0.0303886 0.040553 0.0513047 0.0614899 0.0697952 0.0752105 0.077339 0.0763597 0.0727877 0.0672748 0.0605246 0.0532335 0.0459946 0.0391997 0.0330075 0.0273992 0.0222842 0.0175976 0.01335 0.00962161 0.00651676 0.00410603
 0.00872928 0.0141749 0.021318 0.0300719 0.0401098 0.0507135 0.0607452 0.0689255 0.0742996 0.076541 0.0758878 0.0728588 0.0680132 0.0618691 0.0549159 0.0476277 0.0404347 0.0336679 0.027515 0.0220254 0.0171693 0.0129129 0.00926352 0.00626352 0.00394676
 0.00872148 0.0141569 0.0212804 0.0300014 0.03999 0.0505276 0.0604785 0.0685684 0.0738523 0.0760229 0.0753526 0.0724041 0.0677715 0.0619655 0.0554035 0.0484366 0.0413785 0.0345158 0.0280912 0.0222732 0.0171465 0.0127356 0.00904338 0.00607179 0.00381051
 0.00868674 0.0141035 0.0212057 0.0299042 0.0398699 0.0503837 0.060309 0.0683704 0.0736233 0.0757623 0.0750663 0.0721119 0.067515 0.0618099 0.055422 0.0486772 0.0418273 0.0350855 0.02865 0.0227024 0.0173888 0.0128061 0.00900285 0.00598724 0.0037285
 0.0086736 0.0140814 0.0211712 0.0298538 0.0398014 0.0502971 0.0602071 0.0682584 0.0735054 0.0756393 0.0749352 0.0719695 0.0673647 0.0616692 0.0553255 0.0486684 0.0419395 0.0353189 0.0289616 0.0230196 0.0176423 0.0129593 0.0090605 0.00598129 0.00369555
 0.00866786 0.0140702 0.0211508 0.0298196 0.0397491 0.0502242 0.060115 0.0681525 0.0733944 0.0755322 0.0748385 0.0718857 0.0672929 0.0616083 0.05528 0.0486522 0.0419728 0.0354174 0.0291231 0.0232187 0.017838 0.0131143 0.00915671 0.00602341 0.00370212
 0.0086678 0.0140692 0.0211475 0.0298118 0.0397339 0.0501983 0.0600758 0.0680984 0.0733261 0.0754536 0.0747558 0.0718062 0.067223 0.0615521 0.0552401 0.0486318 0.0419782 0.0354568 0.029201 0.023329 0.0179632 0.0132306 0.0092454 0.00607764 0.00372695
 0.00865446 0.0140504 0.0211244 0.0297873 0.0397111 0.0501795 0.0600605 0.0680842 0.0733088 0.0754296 0.0747234 0.0717664 0.0671792 0.0615096 0.0552043 0.0486078 0.0419709 0.0354707 0.0292391 0.0233903 0.01804 0.0133102 0.00931427 0.00612731 0.0037563
 0.00863741 0.0140248 0.0210899 0.0297453 0.039665 0.0501338 0.0600209 0.0680557 0.0732946 0.0754289 0.0747319 0.0717776 0.067187 0.0615108 0.0551996 0.0486012 0.0419679 0.0354771 0.0292592 0.0234255 0.0180875 0.0133633 0.0093643 0.00616732 0.00378332
 0.00862272 0.0140017 0.0210567 0.0297013 0.0396108 0.0500723 0.0599572 0.067997 0.073249 0.0754027 0.0747276 0.0717931 0.0672166 0.0615468 0.0552352 0.0486324 0.0419944 0.0355016 0.0292857 0.0234571 0.0181248 0.0134036 0.00940304 0.00619983 0.00380694
 0.00862056 0.0139966 0.0210461 0.029682 0.0395797 0.0500281 0.0599015 0.0679347 0.0731875 0.0753501 0.0746908 0.0717764 0.0672209 0.0615693 0.0552704 0.0486736 0.042036 0.0355405 0.0293216 0.0234914 0.0181588 0.013437 0.00943406 0.00622602 0.00382662
 0.00863 0.0140114 0.0210673 0.0297095 0.0396121 0.0500616 0.0599303 0.0679519 0.0731868 0.0753292 0.0746523 0.0717274 0.0671702 0.0615251 0.0552376 0.0486537 0.0420274 0.0355401 0.0293267 0.0235003 0.0181706 0.0134511 0.00944909 0.00624017 0.00383825
 0.00863 0.0140114 0.0210673 0.0297095 0.0396121 0.0500616 0.0599303 0.0679519 0.0731868 0.0753292 0.0746523 0.0717274 0.0671702 0.0615251 0.0552376 0.0486537 0.0420274 0.0355401 0.0293267 0.0235003 0.0181706 0.0134511 0.00944909 0.00624017 0.00383825
 0.00882193 0.0143178 0.0215163 0.030319 0.0403805 0.0509572 0.0608824 0.0688552 0.0739234 0.0757993 0.0748005 0.0715526 0.0667185 0.0608725 0.0544711 0.0478543 0.0412594 0.0348473 0.0287334 0.0230158 0.0177937 0.0131731 0.00925611 0.00611518 0.00376335
 0.00881925 0.0143341 0.0215791 0.030467 0.0406545 0.0513838 0.0614594 0.0695441 0.0746535 0.0764811 0.0753437 0.0718833 0.0667955 0.0606954 0.0540781 0.0473107 0.0406408 0.0342234 0.0281579 0.0225223 0.0173974 0.0128744 0.00904537 0.00597675 0.00367924
#pred catch len freq
 0.0045844 0.00726264 0.0106096 0.014547 0.0190214 0.0239814 0.0293055 0.0347726 0.0401077 0.0450545 0.0494191 0.0530835 0.0560068 0.0582074 0.0597248 0.0605774 0.0607414 0.0601502 0.0586947 0.056212 0.0524857 0.0473125 0.0406617 0.0328558 0.0246203
 0.00482424 0.00756095 0.0108935 0.0147027 0.0189393 0.0236175 0.0287225 0.0341227 0.0395597 0.0447062 0.0492504 0.0529763 0.0558154 0.0578403 0.059198 0.0600185 0.0603423 0.0600863 0.0590445 0.056916 0.0533687 0.0481603 0.04131 0.0332428 0.0247809
 0.00511771 0.0080199 0.0115435 0.0155378 0.0199032 0.02459 0.0295275 0.0345745 0.0395415 0.0442355 0.0484769 0.0521019 0.0549888 0.0571002 0.0585002 0.0593172 0.0596598 0.0595213 0.0587163 0.0568868 0.053598 0.0485221 0.0416583 0.0334789 0.024882
 0.00540435 0.00847066 0.0121951 0.0164176 0.0210272 0.0259543 0.0310874 0.0362198 0.0410863 0.0454454 0.049138 0.0521043 0.0543717 0.0560245 0.0571656 0.0578849 0.0582319 0.0581703 0.0575169 0.0559105 0.0528798 0.0480369 0.0413346 0.0332403 0.0246816
 0.00577193 0.00903382 0.0129803 0.0174315 0.0222636 0.0274025 0.0327324 0.0380306 0.0429954 0.0473292 0.0508108 0.0533408 0.0549642 0.0558547 0.0562509 0.0563691 0.056327 0.0560919 0.0554469 0.0539879 0.0512003 0.0466492 0.0402421 0.0324138 0.0240793
 0.00619468 0.00968624 0.0138979 0.0186261 0.0237253 0.0291038 0.0346284 0.0400577 0.0450735 0.0493654 0.0526976 0.0549468 0.0561298 0.0564093 0.0560569 0.0553754 0.054601 0.0538091 0.0528448 0.0513118 0.0486618 0.0444044 0.0383835 0.0309728 0.0230362
 0.00660412 0.0103271 0.0148172 0.0198535 0.025272 0.0309592 0.0367524 0.0423732 0.0474685 0.0517063 0.054846 0.056772 0.0575112 0.0572315 0.0562093 0.0547672 0.0531953 0.0516588 0.0501076 0.0482305 0.0455174 0.0414615 0.035845 0.0289538 0.0215593
 0.00697044 0.0109032 0.0156497 0.0209773 0.0267099 0.0327196 0.0388198 0.0446963 0.0499537 0.0542213 0.0572327 0.0588655 0.0591593 0.0583076 0.0566142 0.0544264 0.0520634 0.0497402 0.0474865 0.0450903 0.0421284 0.0381345 0.0328646 0.0265181 0.019747
 0.00725909 0.0113611 0.0163191 0.0218942 0.0279031 0.0342071 0.0406004 0.0467397 0.0521952 0.0565617 0.0595435 0.0609979 0.0609577 0.0596248 0.0573246 0.0544335 0.0513044 0.0481962 0.0452031 0.0422019 0.0388675 0.0348053 0.0297821 0.0239317 0.017785
 0.00751734 0.0117671 0.0169058 0.0226873 0.0289217 0.035464 0.0420969 0.0484577 0.054091 0.0585645 0.061558 0.0629095 0.0626402 0.0609493 0.0581679 0.0546858 0.0508788 0.0470425 0.0433294 0.0396995 0.0359262 0.0317013 0.0268258 0.0213916 0.0158209
 0.00780162 0.012203 0.0175143 0.0234738 0.0298814 0.0365883 0.0433752 0.0498733 0.0556155 0.0601537 0.0631515 0.0644324 0.0640063 0.0620648 0.0589347 0.0550051 0.0506584 0.0462109 0.0418594 0.0376366 0.0334116 0.0289676 0.024156 0.0190483 0.0139763
 0.00813585 0.0127145 0.0182248 0.0243832 0.0309702 0.0378228 0.0447104 0.051255 0.0569853 0.0614577 0.0643466 0.0654861 0.0648896 0.0627434 0.0593624 0.0551209 0.0503899 0.0454864 0.0406309 0.0359117 0.0312809 0.0266114 0.0218144 0.0169589 0.0123067
 0.00852861 0.0133207 0.019077 0.0254905 0.0323184 0.0393751 0.0464045 0.053001 0.0586716 0.0629686 0.0655833 0.066384 0.0654246 0.0629262 0.0592208 0.0546787 0.0496506 0.0444308 0.039233 0.0341697 0.0292511 0.0244252 0.0196617 0.0150386 0.0107658
 0.00886744 0.0138472 0.0198247 0.0264759 0.033541 0.0408161 0.0480222 0.0547237 0.0603982 0.0645782 0.0669521 0.0674053 0.0660272 0.0630853 0.0589564 0.0540402 0.0486934 0.0431973 0.0377484 0.0324578 0.0273619 0.0224568 0.0177572 0.013352 0.00941403
 0.00922206 0.014394 0.0205929 0.0274749 0.0347627 0.0422377 0.0496035 0.0564023 0.0620866 0.0661687 0.0683284 0.0684571 0.0666665 0.0632606 0.0586609 0.0533095 0.0475925 0.041802 0.0361302 0.0306819 0.0254988 0.0205971 0.0160135 0.0118395 0.00821631
 0.00948498 0.0148027 0.0211739 0.0282421 0.035718 0.0433713 0.0508903 0.057797 0.0635228 0.0675624 0.0695856 0.0694831 0.0673758 0.0635876 0.0585699 0.0528002 0.0466996 0.0405877 0.034673 0.0290676 0.0238181 0.0189469 0.0144947 0.0105429 0.00720178
 0.00958453 0.0149719 0.0214423 0.0286427 0.0362806 0.0441129 0.0518045 0.0588498 0.0646564 0.0687055 0.0706626 0.0704201 0.0681042 0.0640477 0.0587158 0.0526062 0.0461653 0.0397412 0.0335696 0.0277841 0.0224465 0.0175869 0.0132431 0.00947996 0.00637557
 0.00971862 0.0151739 0.0217181 0.0289917 0.0367024 0.044614 0.0524003 0.059555 0.0654693 0.0695944 0.071564 0.0712507 0.0687808 0.0645035 0.0589073 0.0525126 0.0457856 0.0390932 0.0326916 0.0267364 0.0213084 0.0164492 0.012195 0.00859325 0.00569072
 0.00976747 0.0152476 0.0218185 0.0291164 0.0368462 0.0447716 0.05257 0.0597433 0.0656941 0.0698825 0.0719399 0.0717198 0.0693159 0.0650446 0.0593756 0.0528311 0.0458969 0.038969 0.0323355 0.0261825 0.0206172 0.0156987 0.0114673 0.00795785 0.00519054
 0.00984648 0.0153679 0.0219844 0.0293269 0.0370953 0.04505 0.0528651 0.0600395 0.0659739 0.0701314 0.0721519 0.0719009 0.0694798 0.065202 0.0595214 0.0529393 0.0459259 0.0388769 0.0320964 0.0257974 0.0201169 0.0151377 0.0109105 0.00746403 0.00479811
 0.00986418 0.0153919 0.0220119 0.0293526 0.0371137 0.0450587 0.052867 0.0600434 0.0659923 0.0701765 0.0722325 0.0720204 0.0696367 0.0653906 0.0597312 0.0531515 0.0461119 0.0390001 0.0321219 0.0257048 0.0199102 0.014847 0.0105832 0.00715021 0.00453577
 0.0100827 0.0157101 0.0224218 0.0298224 0.0375955 0.0455024 0.0532322 0.0603035 0.0661349 0.070202 0.0721537 0.0718602 0.0694244 0.0651561 0.0595001 0.0529401 0.0459239 0.038826 0.0319424 0.0254999 0.0196693 0.0145762 0.0103045 0.00689235 0.00432317
 0.0102643 0.0159844 0.0227949 0.0302842 0.0381202 0.0460517 0.0537581 0.0607534 0.0664602 0.0703694 0.0721536 0.0717075 0.0691525 0.0648076 0.0591177 0.0525598 0.04557 0.0385089 0.0316594 0.02524 0.019421 0.0143351 0.0100765 0.00669015 0.00415942
 0.0102637 0.0159933 0.0228265 0.030357 0.0382533 0.0462569 0.0540328 0.0610769 0.0667966 0.0706753 0.0723876 0.0718401 0.0691722 0.0647228 0.0589524 0.0523457 0.0453377 0.0382811 0.031448 0.0250466 0.0192422 0.0141677 0.00992157 0.0065537 0.00404838
 0.0102905 0.0160327 0.0228787 0.0304213 0.038331 0.046354 0.0541604 0.0612472 0.0670141 0.0709291 0.0726492 0.0720691 0.0693286 0.0647795 0.0589029 0.0522042 0.0451323 0.0380444 0.031208 0.024822 0.0190418 0.0139939 0.00977465 0.0064341 0.00395657
 0.0102547 0.0159827 0.0228187 0.0303605 0.0382813 0.0463267 0.0541637 0.0612865 0.0670938 0.0710526 0.072816 0.0722695 0.0695406 0.0649714 0.0590423 0.0522687 0.0451168 0.037961 0.0310795 0.0246732 0.0188931 0.0138585 0.00965939 0.00634169 0.00388716
 0.0100558 0.0156891 0.0224326 0.0299045 0.0377938 0.0458528 0.0537477 0.0609676 0.0669036 0.0710114 0.0729294 0.072527 0.0699162 0.0654259 0.0595273 0.052734 0.04552 0.0382755 0.0312983 0.0248061 0.0189592 0.0138793 0.0096536 0.00632349 0.00386611
 0.00978337 0.0152832 0.0218911 0.0292508 0.037072 0.0451178 0.0530582 0.0603815 0.0664744 0.070781 0.0729204 0.0727386 0.0703242 0.0659871 0.0601857 0.0534281 0.0461902 0.0388728 0.0317905 0.0251809 0.0192224 0.0140489 0.00975286 0.00637514 0.00388894
