SBPRF35
7.78865
Curr Bio
654566
B35
708324
F35
0.228526
FOFL
0.20524
OFL
98743.5
Bzero
2.22533e+06
#pred survey bio
 4.49736e+06 4.23045e+06 3.98625e+06 3.70653e+06 3.38987e+06 3.07462e+06 2.75095e+06 2.41326e+06 2.12891e+06 1.89011e+06 1.68606e+06 1.48742e+06 1.31503e+06 1.14643e+06 1.01329e+06 912483 802198 742634 693179 664620 638988 620702 590754 569373 562732 551556 548322 554282 555136 546338 550643 561720 548646 531291 528145 521675 516768 508580 504482 505542 517576 528686 541632 552649 557716 565817 573083 577400 594942 609266 625544 654161 651057 2.22584e+07 1.38604e+07 1.44082e+07 1.49761e+07 1.55078e+07 1.59651e+07 1.6337e+07 1.66285e+07 1.68515e+07 1.70195e+07 1.71449e+07 1.72383e+07 1.73077e+07 1.73594e+07 1.73981e+07 1.74271e+07 1.74489e+07 1.74655e+07 1.7478e+07 1.74876e+07 1.74949e+07 1.75005e+07 1.75048e+07 1.75081e+07 1.75106e+07 1.75126e+07 1.75141e+07 1.75152e+07 1.75161e+07 1.75168e+07 1.75174e+07 1.75178e+07 1.75181e+07 1.75183e+07 1.75185e+07 1.75187e+07 1.75188e+07 1.75189e+07 1.7519e+07 1.7519e+07 1.75191e+07 1.75191e+07 1.75191e+07 1.75191e+07 1.75191e+07 1.75192e+07 1.75192e+07 1.75192e+07 1.75192e+07 1.75192e+07 1.75192e+07 1.75192e+07 1.75192e+07 1.75192e+07 1.75192e+07 1.75192e+07 1.75192e+07 1.75192e+07 1.75192e+07 1.75192e+07 1.75192e+07 1.75192e+07 1.75192e+07 1.75192e+07 1.75192e+07 1.75192e+07 1.75192e+07 1.75192e+07 1.75192e+07 1.75192e+07 1.75192e+07 1.75192e+07 1.75192e+07 1.75192e+07 1.75192e+07 1.75192e+07 1.75192e+07 1.75192e+07 1.75192e+07 1.75192e+07 1.75192e+07 1.75192e+07 1.75192e+07 1.75192e+07 1.75192e+07 1.75192e+07 1.75192e+07 1.75192e+07 1.75192e+07 1.75192e+07 1.75192e+07 1.75192e+07 1.75192e+07 1.75192e+07 1.75192e+07 1.75192e+07 1.75192e+07 1.75192e+07 1.75192e+07 1.75192e+07 0 0 0 0 0 0 0 0 0 0 0 0 0 0 0 0 0 0 0 0 0 0 0 0 0
#obs survey bio
 3.82285e+06 3.48159e+06 3.02452e+06 3.05108e+06 2.9237e+06 3.83884e+06 3.06417e+06 1.57312e+06 1.42376e+06 1.95774e+06 1.50109e+06 1.1969e+06 989269 792133 871919 939715 973859 729612 635848 716393 635330 533495 495874 437360 571318 486275 418102 740707 377133 507977 472705 419963 514727 483227 526099 518606 558046 666113 720090 408548 580651 618509 399764 551421 494964 620808 497005 645318 534573 410245 843288 835225 589745
#pred catch bio
 94106.4 90955.1 147563 209617 239009 277904 321591 301810 284772 272752 282317 269308 272400 244161 216117 221072 173152 161135 140146 134909 126193 132934 122102 107317 109558 102008 94506.1 98940.2 106479 94544.7 88210.6 106804 106912 91228.5 90515.2 87495.5 92229.7 91625.7 88903.7 80983.5 82986.9 82494.7 85222.2 91009.8 89446.7 91779.7 96243.6 87836.4 94250.8 96200.9 89609.8 120823 134776 98743.5 112234 115845 119536 123001 125905 128156 129812 130984 131791 132335 132694 132929 133080 133177 133239 133278 133302 133317 133327 133333 133337 133339 133340 133341 133342 133342 133342 133342 133343 133343 133343 133343 133343 133343 133343 133343 133343 133343 133343 133343 133343 133343 133343 133343 133343 133343 133343 133343 133343 133343 133343 133343 133343 133343 133343 133343 133343 133343 133343 133343 133343 133343 133343 133343 133343 133343 133343 133343 133343 133343 133343 133343 133343 133343 133343 133343 133343 133343 133343 133343 133343 133343 133343 133343 133343 133343 133343 133343 133343 133343 133343 133343 133343 133343 133343 133343 133343 133343 133343 0 0 0 0 0 0 0 0 0 0 0 0 0 0 0 0 0 0 0 0 0 0 0 0 0
#obs catch bio
 0 90711.9 148193 211231 240719 280326 325570 306743 289877 277106 288127 273757 278813 249913 220491 225717 174626 163057 141627 135849 127174 134658 123200 108058 110303 102580 95402.9 99630.3 107811 95531.9 88675.8 107939 108010 91970.3 91104.6 87711.9 92277.2 91454.7 88084.3 80588.2 82599.1 81989.6 84974.2 90391.5 88891.3 91147.6 95969.2 87429.6 94118.2 96568.6 89188.3 119946 134909
#pred cpue bio
 4.41903e+06 4.15451e+06 3.91207e+06 3.63354e+06 3.31905e+06 3.00596e+06 2.68457e+06 2.34945e+06 2.0671e+06 1.83012e+06 1.62794e+06 1.43166e+06 1.26153e+06 1.09563e+06 965023 866677 759746 702209 654567 627260 602778 585343 556784 536502 530387 519776 516572 522289 523226 514786 519197 530385 518246 502025 499807 494402 489464 480184 475288 476237 487955 498796 511306 521907 526733 534346 541013 544712 561142 574340 589534 616796 612621 2.08812e+07 1.30066e+07 1.35304e+07 1.40748e+07 1.45976e+07 1.50528e+07 1.54243e+07 1.57158e+07 1.59387e+07 1.61067e+07 1.62322e+07 1.63255e+07 1.63949e+07 1.64467e+07 1.64853e+07 1.65143e+07 1.65362e+07 1.65527e+07 1.65653e+07 1.65748e+07 1.65821e+07 1.65877e+07 1.6592e+07 1.65953e+07 1.65979e+07 1.65998e+07 1.66013e+07 1.66025e+07 1.66034e+07 1.66041e+07 1.66046e+07 1.6605e+07 1.66053e+07 1.66056e+07 1.66058e+07 1.66059e+07 1.6606e+07 1.66061e+07 1.66062e+07 1.66063e+07 1.66063e+07 1.66063e+07 1.66063e+07 1.66064e+07 1.66064e+07 1.66064e+07 1.66064e+07 1.66064e+07 1.66064e+07 1.66064e+07 1.66064e+07 1.66064e+07 1.66064e+07 1.66064e+07 1.66064e+07 1.66064e+07 1.66064e+07 1.66064e+07 1.66064e+07 1.66064e+07 1.66064e+07 1.66064e+07 1.66064e+07 1.66064e+07 1.66064e+07 1.66064e+07 1.66064e+07 1.66064e+07 1.66064e+07 1.66064e+07 1.66064e+07 1.66064e+07 1.66064e+07 1.66064e+07 1.66064e+07 1.66064e+07 1.66064e+07 1.66064e+07 1.66064e+07 1.66064e+07 1.66064e+07 1.66064e+07 1.66064e+07 1.66064e+07 1.66064e+07 1.66064e+07 1.66064e+07 1.66064e+07 1.66064e+07 1.66064e+07 1.66064e+07 1.66064e+07 1.66064e+07 1.66064e+07 1.66064e+07 1.66064e+07 1.66064e+07 1.66064e+07 1.66064e+07 1.66064e+07 0 0 0 0 0 0 0 0 0 0 0 0 0 0 0 0 0 0 0 0 0 0 0 0 0
#obs cpue bio
 4.81792e+06 2.66284e+06 3.2702e+06 3.25222e+06 3.65353e+06 2.38393e+06 2.20132e+06 1.7572e+06 2.27378e+06 1.77086e+06 1.32779e+06 1.856e+06 1.03339e+06 1.10416e+06 907083 830556 739244 546193 568800 672758 466394 506608 671965 600582 539468 536953 400674 448740 534572 440228 657623 611180 496410 436810 562476 592990 576404 439929 637648 432921 503000 507805 565848 821831 585006 568099 525818 510900 554190 561720 679289 781151 388797
#pred surv len freq
 0.00471035 0.00758164 0.0112948 0.0158131 0.021051 0.026816 0.0327601 0.0384366 0.0434488 0.0475736 0.0507779 0.0531572 0.0548661 0.0560641 0.0568691 0.057327 0.0574074 0.0570179 0.0560097 0.0541595 0.0511629 0.0467041 0.0406397 0.0332142 0.0251373
 0.00503562 0.00803661 0.0118479 0.016402 0.021617 0.027348 0.0333151 0.0391094 0.0442997 0.0485577 0.0517263 0.05383 0.0550503 0.0556641 0.0559485 0.0560864 0.0561128 0.0559074 0.0552144 0.0536726 0.0508687 0.0464547 0.0403327 0.032832 0.0247303
 0.00513423 0.00823765 0.0122206 0.0170228 0.0225358 0.0285464 0.0346858 0.0404849 0.0455238 0.0495516 0.0524957 0.0544051 0.0554116 0.0557205 0.0555895 0.0552681 0.0549122 0.0545063 0.053824 0.0524462 0.0498574 0.0456233 0.0396185 0.0321977 0.0241803
 0.00528334 0.00846602 0.0125429 0.017456 0.02311 0.0293128 0.0357059 0.0417943 0.0470872 0.0512393 0.0541103 0.0557478 0.0563439 0.0561785 0.0555545 0.0547389 0.053912 0.0531132 0.0521819 0.0507336 0.0482305 0.0441782 0.0383916 0.0311933 0.023394
 0.0055003 0.00881013 0.0130443 0.0181358 0.0239769 0.0303596 0.0369088 0.0431201 0.0485028 0.0527137 0.0555974 0.0571624 0.0575538 0.057029 0.055912 0.0545244 0.0531124 0.0517797 0.0504271 0.048721 0.0461493 0.042205 0.036659 0.0297772 0.0223177
 0.00572513 0.00917065 0.0135781 0.0188759 0.0249472 0.0315667 0.0383314 0.0447031 0.0501623 0.0543542 0.0571307 0.0585169 0.058669 0.0578385 0.0563326 0.0544634 0.0524952 0.0505827 0.048701 0.0465959 0.0438174 0.039885 0.0345508 0.0280233 0.0209827
 0.00600507 0.00961373 0.0142234 0.0197543 0.0260788 0.0329563 0.0399593 0.0465168 0.0520756 0.0562551 0.0588963 0.0600316 0.0598391 0.0585989 0.0566392 0.0542791 0.051782 0.0493138 0.0468899 0.0443271 0.0412574 0.0372619 0.0321054 0.0259506 0.0193891
 0.00634523 0.0101562 0.0150205 0.0208487 0.0274975 0.0346996 0.041989 0.0487483 0.0543854 0.0584985 0.0609273 0.0617186 0.0610759 0.0593117 0.0567873 0.0538481 0.0507727 0.0477368 0.0447769 0.041757 0.0383812 0.0343019 0.0293178 0.0235619 0.0175361
 0.00664127 0.0106297 0.0157199 0.0218163 0.0287658 0.0362825 0.0438688 0.0508658 0.0566388 0.0607537 0.0630347 0.063531 0.0624654 0.0601813 0.0570761 0.0535283 0.0498425 0.0462157 0.0427094 0.0392288 0.0355388 0.0313575 0.0265212 0.0211432 0.0156436
 0.00689608 0.0110379 0.0163238 0.0226539 0.0298668 0.0376616 0.045515 0.0527343 0.0586508 0.0628034 0.0649995 0.0652821 0.0638789 0.0611498 0.0575175 0.0533906 0.0491044 0.0448853 0.0408281 0.0368824 0.0328709 0.0285716 0.0238566 0.0188227 0.013816
 0.00712114 0.0113991 0.0168595 0.0233986 0.0308476 0.0388913 0.0469821 0.0543965 0.060436 0.0646179 0.066739 0.0668409 0.0651567 0.062057 0.0579795 0.0533504 0.0485261 0.0437594 0.0391798 0.0347841 0.0304539 0.0260255 0.0214051 0.016676 0.0121167
 0.00741479 0.0118634 0.0175344 0.0243142 0.0320205 0.0403191 0.0486343 0.0562082 0.0623106 0.0664398 0.0683903 0.068216 0.0661727 0.0626573 0.0581306 0.0530353 0.0477384 0.0425037 0.0374817 0.0327058 0.0281099 0.0235848 0.0190703 0.0146382 0.0105056
 0.00763651 0.0122284 0.0180923 0.0251139 0.0331011 0.0416939 0.0502746 0.0580364 0.0642094 0.0682729 0.0700244 0.0695379 0.0670991 0.0631387 0.0581494 0.0525977 0.0468647 0.0412223 0.0358315 0.0307489 0.025947 0.0213608 0.0169583 0.0128024 0.00905729
 0.00788168 0.0126251 0.0186867 0.0259504 0.0342163 0.0431061 0.0519682 0.0599486 0.0662279 0.0702469 0.0717868 0.0709338 0.0680121 0.0635081 0.0579709 0.0519106 0.0457321 0.0397154 0.0340235 0.0287208 0.0237997 0.0192219 0.0149726 0.011103 0.00773051
 0.00802225 0.0128594 0.0190507 0.0264836 0.0349566 0.0440798 0.0531783 0.0613658 0.0677886 0.0718569 0.0733296 0.0722809 0.06904 0.064117 0.0581018 0.0515529 0.0449192 0.0385122 0.0325132 0.0269985 0.0219726 0.0174104 0.0133017 0.00968176 0.0066262
 0.00805557 0.0129226 0.0191636 0.0266735 0.035256 0.044521 0.0537861 0.0621497 0.0687366 0.0729321 0.0744688 0.0733993 0.0700391 0.0648973 0.0585763 0.0516609 0.0446361 0.0378531 0.0315302 0.0257731 0.0206079 0.016022 0.0120048 0.00857227 0.00576224
 0.00834727 0.0133638 0.019767 0.0274304 0.036142 0.0455044 0.0548316 0.0632166 0.0697763 0.0738891 0.0752862 0.0740262 0.0704368 0.0650408 0.0584532 0.0512677 0.0439786 0.0369496 0.0304172 0.0245093 0.0192736 0.0147113 0.0108118 0.00757254 0.00499666
 0.00844728 0.0135202 0.01999 0.0277238 0.0365007 0.045913 0.0552652 0.0636466 0.0701812 0.0742635 0.0756404 0.0743742 0.0707793 0.065356 0.0586984 0.0513911 0.0439332 0.0367049 0.0299681 0.0238801 0.0185177 0.013904 0.0100354 0.00689797 0.00446783
 0.00853929 0.0136639 0.0201954 0.0279962 0.0368399 0.0463118 0.0557064 0.0641024 0.0706148 0.0746375 0.0759272 0.0745645 0.070883 0.0653936 0.0586867 0.0513316 0.043809 0.03649 0.0296407 0.023437 0.0179813 0.0133205 0.00946399 0.00639435 0.00406893
 0.00862183 0.0137775 0.0203287 0.0281268 0.0369423 0.0463688 0.0557187 0.0640889 0.0706046 0.0746576 0.0759934 0.0746772 0.0710309 0.0655596 0.0588529 0.05148 0.0439198 0.0365393 0.0296051 0.0233023 0.0177513 0.0130209 0.00913644 0.00608407 0.0038109
 0.00865998 0.0138458 0.0204417 0.0282982 0.0371769 0.0466536 0.0560179 0.0643508 0.0707809 0.0747245 0.0759607 0.0745812 0.0709152 0.0654576 0.0587796 0.0514332 0.0438857 0.0364985 0.0295368 0.0231898 0.0175883 0.0128158 0.00891146 0.00586777 0.00362798
 0.00856091 0.0137044 0.0202661 0.0281106 0.03701 0.0465424 0.0559905 0.0644198 0.0709375 0.0749378 0.0761868 0.0747789 0.0710623 0.0655559 0.0588471 0.0514897 0.0439413 0.0365495 0.0295703 0.0231905 0.0175468 0.0127333 0.00880045 0.00574803 0.00351896
 0.00866158 0.0138466 0.0204412 0.0282991 0.0371898 0.0467008 0.0561314 0.0645608 0.0710968 0.0751195 0.0763723 0.0749316 0.0711417 0.0655353 0.0587253 0.0512902 0.0437009 0.0363035 0.0293412 0.022986 0.0173645 0.0125689 0.00865301 0.00562092 0.00341696
 0.00874942 0.0139789 0.0206195 0.0285154 0.0374254 0.0469277 0.0563165 0.0646746 0.0711258 0.0750744 0.076286 0.0748432 0.0710764 0.0654939 0.0586885 0.0512345 0.0436131 0.036186 0.0292066 0.0228487 0.0172345 0.0124509 0.00854924 0.00553337 0.00334763
 0.00878472 0.0140232 0.0206621 0.0285384 0.0374088 0.0468568 0.0561884 0.0644993 0.0709227 0.074868 0.0761033 0.0747121 0.0710219 0.0655297 0.0588096 0.0514155 0.0438162 0.0363745 0.0293562 0.0229505 0.0172919 0.0124733 0.00854757 0.00551801 0.00332728
 0.00896714 0.0142922 0.0210151 0.0289526 0.037845 0.047267 0.0565237 0.0647166 0.0709925 0.0747818 0.0758771 0.0743835 0.070641 0.0651483 0.0584708 0.0511459 0.0436226 0.0362462 0.0292725 0.0228907 0.0172417 0.0124265 0.0085038 0.00547946 0.00329614
 0.00893343 0.0142617 0.0210128 0.0290139 0.0380023 0.0475308 0.0568686 0.0650834 0.0713068 0.0749807 0.0759287 0.0742918 0.0704385 0.0648823 0.0581902 0.0508911 0.043419 0.0361022 0.0291818 0.0228382 0.0172109 0.0124047 0.00848461 0.00546137 0.00328015
 0.0088885 0.014178 0.0208695 0.0287909 0.0376929 0.0471559 0.0564839 0.0647677 0.0711323 0.0749805 0.076083 0.0745415 0.0707148 0.0651342 0.058396 0.0510538 0.0435534 0.036223 0.0292966 0.0229461 0.0173059 0.0124806 0.00853844 0.00549475 0.00329785
 0.00883148 0.0141006 0.02078 0.0287031 0.0376178 0.0470925 0.0564163 0.0646747 0.0710059 0.0748395 0.0759693 0.0744977 0.0707598 0.0652534 0.0585522 0.0512087 0.0436843 0.0363253 0.0293769 0.0230127 0.0173629 0.0125281 0.00857487 0.00551954 0.00331247
 0.00877317 0.0140219 0.0206919 0.0286275 0.0375832 0.0471255 0.0565313 0.0648657 0.0712432 0.0750754 0.076153 0.0745951 0.0707661 0.0651908 0.0584537 0.0511012 0.0435812 0.0362306 0.0292924 0.0229412 0.0173074 0.0124891 0.00855008 0.005505 0.00330431
 0.00869221 0.0138804 0.0204623 0.0282826 0.0371078 0.0465327 0.0558745 0.0642348 0.0707416 0.0747871 0.0761153 0.0747912 0.071138 0.0656635 0.0589591 0.0515905 0.0440258 0.0366164 0.0296134 0.0231971 0.0175024 0.0126309 0.00864813 0.00556898 0.00334327
 0.00845618 0.0135294 0.0199934 0.0277112 0.0364587 0.0458292 0.0551346 0.0634814 0.0700185 0.0741675 0.0756922 0.0746486 0.0713178 0.0661466 0.0596708 0.0524273 0.0448859 0.0374208 0.0303134 0.0237707 0.0179472 0.0129573 0.00887403 0.00571558 0.00343184
 0.00835164 0.0133765 0.0197958 0.0274848 0.0362295 0.0456262 0.0549812 0.0633864 0.06997 0.0741344 0.0756388 0.074557 0.0712039 0.0660562 0.0596564 0.0525202 0.0450823 0.0376873 0.0306046 0.0240464 0.0181813 0.013139 0.00900407 0.00580164 0.00348444
 0.00821426 0.013172 0.0195235 0.0271582 0.0358743 0.0452762 0.0546744 0.0631594 0.0698506 0.0741322 0.075738 0.0747196 0.071384 0.0662199 0.0597955 0.052651 0.0452304 0.0378689 0.0308164 0.0242687 0.0183894 0.0133134 0.00913611 0.00589238 0.00354122
 0.00812772 0.0130084 0.0192367 0.0266952 0.0351936 0.0443742 0.0536071 0.0620434 0.0688377 0.0733676 0.075323 0.0746905 0.0717107 0.0668217 0.0605675 0.0534925 0.046065 0.0386499 0.0315187 0.024878 0.0188956 0.0137112 0.00942821 0.00609088 0.00366516
 0.00877225 0.0139091 0.0203178 0.0277884 0.0360779 0.0448451 0.0535392 0.0614214 0.0677517 0.0719885 0.0738655 0.0733678 0.0706887 0.0661861 0.0603171 0.0535592 0.0463482 0.0390492 0.0319545 0.0252963 0.0192641 0.0140131 0.00965786 0.00625209 0.00376878
 0.00926852 0.0147076 0.021495 0.0293853 0.0380629 0.047071 0.0557244 0.0631899 0.0687424 0.0719866 0.0728835 0.0716322 0.0685488 0.0639995 0.0583616 0.0519923 0.045211 0.0382991 0.0315067 0.0250594 0.0191601 0.0139845 0.00966577 0.0062727 0.00378929
 0.00908635 0.014519 0.0214116 0.0295817 0.0387347 0.0483621 0.0576511 0.0655979 0.0713138 0.0743007 0.0745197 0.0722903 0.0681428 0.0626795 0.0564504 0.0498684 0.0431964 0.036596 0.0301921 0.0241177 0.0185271 0.0135826 0.00942461 0.00613633 0.00371712
 0.00898782 0.0143402 0.0211163 0.0291463 0.0381814 0.0477954 0.0572703 0.0656532 0.0720062 0.0756689 0.076381 0.0742772 0.0698255 0.063715 0.0566909 0.0493857 0.042223 0.0354195 0.029058 0.0231764 0.0178308 0.0131147 0.00913554 0.00597113 0.00362961
 0.00897208 0.0143068 0.0210495 0.0290216 0.0379661 0.0474577 0.0567985 0.0650844 0.0714512 0.075306 0.076402 0.0747969 0.0708014 0.0649361 0.0578525 0.0502144 0.0425801 0.0353313 0.0286697 0.0226688 0.0173494 0.0127377 0.00888022 0.00581815 0.0035475
 0.00888897 0.0141751 0.0208572 0.028759 0.0376264 0.0470375 0.0563007 0.0645221 0.0708544 0.0747312 0.07594 0.0745651 0.0709109 0.065436 0.0586849 0.0512142 0.043533 0.03606 0.0290967 0.0228235 0.0173258 0.0126378 0.0087757 0.00574142 0.00350254
 0.00891551 0.0142026 0.0208697 0.0287314 0.0375307 0.0468522 0.0560191 0.0641549 0.0704259 0.0742743 0.0754946 0.0741818 0.0706527 0.0653703 0.058859 0.0516246 0.0441089 0.0366802 0.0296366 0.0232035 0.0175331 0.012712 0.00877517 0.00571461 0.00347639
 0.00883972 0.0140982 0.0207461 0.0286065 0.0374214 0.0467631 0.0559353 0.0640467 0.070264 0.0740465 0.0752145 0.0738859 0.0703905 0.0651939 0.0588146 0.051741 0.0443839 0.0370726 0.0300726 0.0236029 0.0178387 0.0129063 0.00887547 0.00575408 0.0034858
 0.00883228 0.0140767 0.0206978 0.0285166 0.0372809 0.0465774 0.0557284 0.0638541 0.0701152 0.0739496 0.0751527 0.0738306 0.0703222 0.0651162 0.058754 0.0517349 0.0444632 0.0372456 0.0303187 0.0238784 0.0180942 0.013106 0.00900743 0.00582737 0.0035195
 0.00890484 0.0141864 0.0208466 0.0286983 0.0374802 0.0467702 0.0558849 0.0639457 0.0701246 0.0738779 0.0750174 0.0736555 0.0701252 0.0649069 0.0585406 0.0515331 0.0442977 0.0371412 0.030288 0.0239135 0.01817 0.0131917 0.00907931 0.00587521 0.00354502
 0.00897979 0.0142976 0.020994 0.0288749 0.0376731 0.0469639 0.0560625 0.0640892 0.0702156 0.0739006 0.074964 0.0735304 0.0699453 0.0646958 0.0583215 0.0513249 0.0441153 0.0369978 0.0301939 0.0238715 0.0181724 0.0132217 0.00911803 0.00590884 0.00356765
 0.00903311 0.0143847 0.0211253 0.0290588 0.0379123 0.047251 0.0563761 0.0643954 0.070475 0.0740783 0.0750375 0.0734929 0.0698046 0.0644718 0.0580423 0.0510221 0.0438188 0.0367323 0.0299766 0.0237113 0.0180685 0.013165 0.00909416 0.00590307 0.00356896
 0.00916533 0.0145817 0.0213888 0.0293796 0.0382742 0.0476363 0.0567683 0.0647768 0.070822 0.0743597 0.0752183 0.0735434 0.06971 0.0642382 0.0576959 0.0506025 0.0433709 0.0362982 0.0295896 0.0233926 0.0178267 0.0129966 0.0089871 0.00584107 0.00353619
 0.00923592 0.0146844 0.0215205 0.0295289 0.038424 0.0477682 0.0568682 0.064839 0.0708511 0.0743696 0.0752262 0.0735605 0.069734 0.0642533 0.0576806 0.0505412 0.0432612 0.036152 0.0294278 0.0232378 0.017696 0.0128987 0.00892199 0.00580277 0.00351636
 0.00914224 0.0145687 0.0214132 0.0294787 0.0384819 0.0479635 0.0571897 0.0652347 0.0712474 0.0746984 0.0754462 0.0736629 0.0697353 0.0641804 0.0575579 0.0503845 0.0430793 0.0359525 0.029222 0.0230406 0.0175228 0.0127602 0.00882172 0.00573727 0.00347786
 0.00921212 0.014649 0.0214752 0.0294819 0.0383937 0.0477847 0.0569688 0.0650552 0.0711899 0.0747991 0.0756797 0.0739584 0.0700134 0.0643853 0.0576696 0.0504105 0.04304 0.035869 0.0291123 0.0229204 0.0174061 0.0126586 0.00874233 0.00568173 0.00344314
 0.00949257 0.0150437 0.021954 0.0299736 0.0387999 0.0480079 0.056942 0.0647644 0.0706837 0.0741828 0.0750868 0.0735075 0.069767 0.0643358 0.057757 0.0505586 0.0431871 0.0359809 0.0291789 0.0229465 0.0174032 0.0126397 0.00871852 0.00566037 0.00342755
 0.00945343 0.0150703 0.0221558 0.0304948 0.0397657 0.0494469 0.0587283 0.0666249 0.0722805 0.0752295 0.0754389 0.0731881 0.0689295 0.0631924 0.0565081 0.049349 0.0420956 0.0350361 0.0283831 0.0222929 0.0168835 0.012244 0.00843328 0.00546797 0.00330736
#obs surv len freq
 nan nan nan nan nan nan nan nan nan nan nan nan nan nan nan nan nan nan nan nan nan nan nan nan nan
 0.00448273 0.00734318 0.0111723 0.0159881 0.0216886 0.0279643 0.0342787 0.0400106 0.0446908 0.0481553 0.0505139 0.0520105 0.0529034 0.0534164 0.0537312 0.0539865 0.0542653 0.0545582 0.0546971 0.054289 0.052727 0.049359 0.0438085 0.0362881 0.0276713
 0.00461663 0.00756196 0.0115033 0.0164563 0.0223109 0.0287397 0.0351793 0.0409786 0.0456467 0.0490132 0.0511977 0.0524651 0.0531008 0.0533553 0.0534334 0.053489 0.0536113 0.0537903 0.0538542 0.053408 0.0518465 0.048522 0.0430596 0.0356651 0.0271952
 0.00477249 0.00781892 0.0118966 0.0170211 0.0230748 0.0297117 0.0363378 0.042266 0.0469758 0.0502816 0.0523036 0.0533197 0.0536369 0.0535343 0.0532475 0.0529601 0.0527843 0.052724 0.0526145 0.0520649 0.0504748 0.0472017 0.0418701 0.0346721 0.0264348
 0.00496886 0.00813801 0.0123768 0.0176985 0.0239771 0.0308484 0.0376884 0.0437749 0.0485573 0.0518327 0.0537174 0.0544955 0.0544867 0.0539892 0.0532646 0.0525268 0.0519204 0.0514797 0.0510654 0.0503085 0.0486264 0.0453886 0.0402181 0.0332837 0.0253678
 0.00517669 0.00848046 0.0129006 0.0184497 0.0249921 0.0321389 0.0392275 0.0454928 0.0503523 0.0535911 0.0553309 0.055868 0.0555349 0.0546412 0.0534615 0.0522285 0.0511131 0.0501839 0.049342 0.0482609 0.0463983 0.0431514 0.0381476 0.0315265 0.0240091
 0.00540722 0.00885424 0.0134617 0.0192395 0.0260428 0.0334629 0.0408048 0.0472643 0.0522252 0.0554539 0.0570696 0.0573779 0.0567257 0.0554381 0.053803 0.0520656 0.0504129 0.0489396 0.0475881 0.0460868 0.0439537 0.0406356 0.035777 0.0294892 0.0224205
 0.00563788 0.00923648 0.0140501 0.0200887 0.0271959 0.0349331 0.0425586 0.0492178 0.0542593 0.05744 0.0588909 0.0589379 0.0579468 0.056256 0.0541632 0.0519208 0.0497253 0.0476893 0.0457897 0.0438112 0.0413436 0.0379007 0.0331612 0.0272144 0.0206311
 0.00590398 0.0096689 0.0147009 0.0210072 0.0284201 0.0364764 0.0443937 0.0512691 0.0564102 0.0595526 0.0608284 0.0605824 0.0592075 0.0570699 0.0544881 0.0517261 0.0489856 0.0463879 0.0439347 0.0414605 0.0386284 0.0350288 0.0303871 0.0247801 0.0187014
 0.0061298 0.0100429 0.0152767 0.0218387 0.0295511 0.0379237 0.0461304 0.0532194 0.0584619 0.0615793 0.0627088 0.0622094 0.0604912 0.0579378 0.0548854 0.0516134 0.0483358 0.0451864 0.0421889 0.0392218 0.0360158 0.0322378 0.0276655 0.022371 0.016777
 0.00637024 0.0104349 0.0158688 0.0226777 0.0306737 0.0393429 0.0478215 0.0551131 0.0604519 0.0635412 0.06452 0.0637629 0.0617016 0.0587413 0.0552359 0.0514777 0.0476895 0.0440157 0.040501 0.0370641 0.0334984 0.0295434 0.025029 0.0200272 0.0148962
 0.00662375 0.0108498 0.016498 0.0235711 0.0318677 0.0408437 0.0495894 0.0570585 0.0624505 0.0654593 0.0662377 0.0651852 0.062759 0.0593865 0.0554384 0.0512183 0.0469561 0.0428031 0.0388199 0.0349594 0.0310713 0.0269613 0.0225087 0.017787 0.0130964
 0.00685477 0.01123 0.0170786 0.0244025 0.0329889 0.0422663 0.0512803 0.0589347 0.0643898 0.0673244 0.0679003 0.0665415 0.0637366 0.0599426 0.0555539 0.0508892 0.0461854 0.0415986 0.0372005 0.032971 0.0288068 0.0245707 0.0201854 0.0157261 0.0114414
 0.00708078 0.0115996 0.0176389 0.0251985 0.0340547 0.0436107 0.0528724 0.060698 0.0662121 0.0690782 0.0694634 0.0678115 0.0646377 0.0604282 0.0556047 0.0505068 0.0453845 0.0404014 0.0356384 0.0310962 0.026708 0.0223821 0.0180762 0.0138652 0.00995179
 0.00727199 0.0119167 0.0181275 0.0259044 0.0350138 0.0448339 0.05433 0.0623155 0.0678814 0.0706796 0.0708853 0.0689625 0.0654505 0.0608596 0.055634 0.0501331 0.0446222 0.039277 0.0341903 0.0293816 0.024813 0.0204282 0.0162099 0.0122295 0.00864844
 0.00746349 0.0122288 0.0185986 0.0265708 0.0359026 0.0459518 0.0556512 0.0637765 0.0693883 0.0721241 0.072163 0.0699857 0.0661552 0.0612077 0.0556109 0.0497428 0.0438827 0.0382169 0.0328504 0.0278196 0.0231111 0.0186954 0.0145727 0.0108071 0.00752276
 0.00751843 0.0123259 0.01876 0.0268233 0.0362745 0.0464657 0.0563161 0.064583 0.0703074 0.0731102 0.0731569 0.0709185 0.0669543 0.0618048 0.0559502 0.0497872 0.0436163 0.0376449 0.0319988 0.0267369 0.0218709 0.0173949 0.0133222 0.0097096 0.00664897
 0.00760728 0.0124573 0.0189342 0.0270346 0.0365157 0.046735 0.0566216 0.0649401 0.070732 0.0736094 0.0737223 0.0715231 0.0675546 0.062345 0.0563696 0.0500285 0.0436342 0.0374135 0.0315173 0.026033 0.0210014 0.0164422 0.0123819 0.00887119 0.00597513
 0.00768169 0.0125738 0.0191003 0.0272525 0.0367799 0.0470306 0.0569248 0.0652244 0.070979 0.0738188 0.0739131 0.0717241 0.0677866 0.0626072 0.0566348 0.0502489 0.0437533 0.0373808 0.031301 0.0256301 0.0204419 0.0157856 0.0117058 0.00825202 0.00546896
 0.00771429 0.0126248 0.0191736 0.0273502 0.0369027 0.0471767 0.0570891 0.0653975 0.0711482 0.0739719 0.0740436 0.0718357 0.0678931 0.0627258 0.0567745 0.0504003 0.0438861 0.0374508 0.0312646 0.0254602 0.0201399 0.0153842 0.0112603 0.00782393 0.00510778
 0.00778635 0.0127313 0.0193141 0.0275175 0.0370846 0.04736 0.0572622 0.0655516 0.0712768 0.0740707 0.0741106 0.0718718 0.0679036 0.0627202 0.0567653 0.0503966 0.043887 0.0374404 0.0312158 0.0253455 0.0199454 0.0151189 0.0109553 0.00752171 0.00484644
 0.00782921 0.0128008 0.0194178 0.0276606 0.037267 0.0475729 0.0574862 0.0657596 0.0714418 0.0741753 0.0741521 0.0718601 0.0678549 0.062651 0.0566889 0.0503225 0.0438193 0.0373759 0.0311427 0.025247 0.0198078 0.0149402 0.0107495 0.00731398 0.004663
 0.00786205 0.0128512 0.0194882 0.0277517 0.0373782 0.0477029 0.0576321 0.0659148 0.0715953 0.0743111 0.0742534 0.0719143 0.0678581 0.0626095 0.0566159 0.0502331 0.0437258 0.0372844 0.031052 0.0251499 0.0196958 0.0148095 0.0106055 0.00717007 0.00453517
 0.00787379 0.0128666 0.0195045 0.0277645 0.0373829 0.0476972 0.0576183 0.0659004 0.0715905 0.0743257 0.0742921 0.0719745 0.06793 0.0626797 0.0566728 0.0502706 0.0437435 0.0372852 0.0310383 0.0251213 0.0196501 0.0147459 0.0105276 0.00708667 0.00445731
 0.00789025 0.01289 0.0195335 0.0277951 0.0374093 0.0477131 0.0576183 0.0658821 0.071556 0.0742823 0.0742515 0.0719492 0.0679286 0.0627035 0.0567152 0.0503203 0.0437894 0.0373192 0.0310564 0.0251221 0.0196336 0.0147135 0.0104829 0.00703609 0.00440844
 0.00789129 0.0128886 0.0195256 0.0277751 0.0373718 0.0476546 0.05754 0.06579 0.0714597 0.0741931 0.0741805 0.0719062 0.0679207 0.0627338 0.0567811 0.0504133 0.0438963 0.0374255 0.0311494 0.0251936 0.0196798 0.014735 0.0104837 0.00702279 0.00438851
 0.00787538 0.0128604 0.019479 0.0277032 0.0372684 0.0475179 0.0573746 0.0656082 0.0712796 0.0740351 0.0740628 0.071842 0.0679165 0.0627891 0.0568892 0.0505622 0.0440704 0.0376074 0.0313222 0.0253433 0.0197974 0.0148177 0.0105342 0.00704763 0.00439628
 0.00791147 0.0129111 0.0195402 0.0277655 0.0373187 0.0475426 0.0573628 0.0655543 0.0711844 0.0739064 0.0739151 0.0716942 0.0677887 0.0626977 0.0568444 0.0505663 0.0441181 0.0376871 0.031419 0.0254416 0.0198844 0.0148851 0.0105796 0.00707342 0.00440765
 0.00791677 0.012924 0.0195671 0.0278135 0.0373922 0.0476382 0.0574668 0.065644 0.0712355 0.0739017 0.0738511 0.0715813 0.0676472 0.0625519 0.0567166 0.0504729 0.044067 0.0376777 0.0314431 0.0254866 0.0199366 0.0149332 0.0106167 0.00709758 0.00442064
 0.00787258 0.012854 0.0194659 0.027679 0.0372283 0.0474572 0.0572896 0.0654964 0.0711398 0.0738674 0.0738716 0.0716385 0.0677209 0.0626282 0.0567915 0.0505499 0.0441523 0.0377753 0.0315519 0.0256003 0.0200457 0.0150283 0.0106914 0.00715024 0.00445371
 0.00784068 0.0127966 0.0193696 0.0275291 0.0370131 0.0471759 0.0569582 0.0651491 0.0708221 0.0736246 0.0737365 0.071623 0.0678149 0.0628052 0.0570184 0.0507972 0.0443998 0.0380121 0.0317728 0.0258014 0.0202221 0.015175 0.0108051 0.00723126 0.00450622
 0.00784994 0.0128067 0.0193752 0.0275208 0.0369783 0.0471007 0.0568317 0.0649669 0.0705915 0.0733671 0.0734858 0.0714179 0.0676882 0.062774 0.0570798 0.0509319 0.0445806 0.0382127 0.0319731 0.025988 0.0203868 0.0153125 0.0109127 0.00730923 0.00455789
 0.00780743 0.012743 0.0192891 0.0274143 0.0368553 0.046965 0.0566853 0.0648108 0.0704268 0.0731973 0.0733194 0.0712701 0.0675796 0.062726 0.0571076 0.0510383 0.0447541 0.0384309 0.0322094 0.0262184 0.0205935 0.0154849 0.0110465 0.00740549 0.00462158
 0.00778688 0.0127035 0.0192189 0.0273002 0.0366873 0.0467433 0.056425 0.0645399 0.0701778 0.072996 0.0731781 0.0711886 0.067552 0.0627479 0.0571791 0.0511617 0.0449286 0.038648 0.0324523 0.0264654 0.0208233 0.0156814 0.0112013 0.00751754 0.00469595
 0.00774209 0.0126348 0.0191228 0.027175 0.0365325 0.0465581 0.0562098 0.0642996 0.0699253 0.0727535 0.0729734 0.0710473 0.0674897 0.0627665 0.0572702 0.0513125 0.0451261 0.0388801 0.0327053 0.0267225 0.0210661 0.0158932 0.0113713 0.00764256 0.00477982
 0.0093253 0.0148466 0.0217832 0.0298942 0.038825 0.0480246 0.0566798 0.0638558 0.0688165 0.0712691 0.0713534 0.0694534 0.0660165 0.0614642 0.0561605 0.0503983 0.0443982 0.0383218 0.0322961 0.0264395 0.0208844 0.015787 0.0113163 0.00761845 0.00477181
 0.00932307 0.0151341 0.0227284 0.0319514 0.0423352 0.0529477 0.062425 0.0693791 0.0729923 0.073335 0.0711628 0.0674126 0.0628081 0.0577568 0.0524447 0.0469618 0.0413758 0.0357579 0.0301887 0.0247634 0.0196007 0.0148471 0.0106636 0.00719231 0.00451247
 0.00897275 0.0145854 0.0219631 0.0310226 0.0414205 0.0523822 0.0626607 0.0708228 0.0757607 0.0770747 0.0750952 0.0706305 0.0646539 0.0580498 0.0514486 0.0451692 0.0392768 0.0337077 0.028385 0.0232849 0.0184552 0.0140055 0.0100793 0.00681153 0.00428135
 0.00880891 0.014308 0.0215259 0.0303793 0.0405426 0.0512924 0.0614737 0.0697729 0.0751811 0.077304 0.0763243 0.0727593 0.0672613 0.0605317 0.0532621 0.0460403 0.0392538 0.0330597 0.0274407 0.02231 0.0176075 0.0133475 0.00961206 0.00650513 0.00409571
 0.00870416 0.0141368 0.0212657 0.0300065 0.0400346 0.0506337 0.0606676 0.0688575 0.0742478 0.076509 0.0758764 0.0728665 0.068038 0.0619094 0.0549709 0.0476953 0.0405109 0.0337463 0.0275878 0.0220859 0.0172137 0.0129409 0.0092781 0.00626905 0.00394744
 0.0086944 0.0141115 0.0212098 0.0298993 0.0398534 0.0503596 0.0602916 0.0683833 0.0736937 0.0759117 0.075301 0.0724137 0.0678348 0.0620699 0.055535 0.0485825 0.0415281 0.0346605 0.0282235 0.022387 0.0172377 0.0128031 0.00908906 0.00609982 0.003826
 0.00870303 0.014124 0.0212253 0.029914 0.0398588 0.050342 0.0602314 0.068259 0.0734876 0.0756185 0.074934 0.0720101 0.0674574 0.0618014 0.0554592 0.0487502 0.0419234 0.0351921 0.0287563 0.0227996 0.017471 0.0128702 0.00904862 0.00601694 0.0037459
 0.00868649 0.0141031 0.0212048 0.0299015 0.0398623 0.0503651 0.0602697 0.0682984 0.0735065 0.0755927 0.0748438 0.071848 0.0672349 0.0615535 0.0552409 0.0486231 0.0419328 0.0353432 0.029006 0.0230728 0.0176949 0.0130046 0.00909536 0.00600529 0.00371033
 0.00866552 0.014068 0.0211506 0.0298244 0.0397623 0.0502489 0.0601522 0.0681994 0.0734434 0.0755719 0.0748562 0.0718719 0.0672459 0.0615362 0.0551981 0.0485777 0.0419193 0.0353913 0.0291231 0.0232378 0.0178673 0.0131454 0.00918382 0.00604381 0.00371559
 0.00866109 0.0140605 0.0211385 0.0298057 0.0397345 0.0502092 0.0600988 0.0681336 0.0733712 0.0755035 0.0748033 0.071842 0.0672381 0.0615409 0.055203 0.0485766 0.0419174 0.0354033 0.0291638 0.0233109 0.0179613 0.0132391 0.00925791 0.0060896 0.00373606
 0.00864258 0.0140331 0.0211024 0.0297627 0.0396874 0.0501609 0.0600514 0.068088 0.0733276 0.0754628 0.0747675 0.0718151 0.0672247 0.0615435 0.0552203 0.0486037 0.0419495 0.0354394 0.0292072 0.0233655 0.018026 0.0133063 0.00931716 0.00613308 0.00376204
 0.0086431 0.0140312 0.0210945 0.0297442 0.0396545 0.0501128 0.0599917 0.0680247 0.0732697 0.075417 0.0747365 0.0717978 0.0672187 0.0615471 0.055233 0.0486251 0.0419786 0.0354747 0.0292476 0.0234106 0.0180748 0.0133556 0.00936195 0.00616856 0.00378604
 0.00862725 0.0140079 0.0210638 0.0297075 0.0396132 0.0500677 0.0599426 0.0679712 0.0732133 0.0753623 0.0746905 0.0717678 0.0672088 0.0615577 0.0552609 0.0486655 0.0420271 0.0355277 0.0293027 0.0234657 0.0181281 0.0134048 0.00940443 0.006202 0.00380951
 0.00862073 0.0139973 0.0210481 0.0296858 0.0395857 0.0500357 0.0599087 0.0679384 0.0731842 0.0753375 0.0746692 0.0717492 0.067194 0.0615493 0.0552619 0.0486776 0.0420498 0.0355589 0.0293394 0.0235052 0.0181677 0.0134421 0.00943703 0.00622812 0.00382839
 0.00859923 0.0139666 0.0210097 0.0296438 0.0395451 0.050001 0.059882 0.0679198 0.0731722 0.075331 0.0746672 0.071751 0.0671987 0.0615565 0.0552717 0.0486913 0.0420685 0.0355833 0.0293689 0.0235379 0.0182012 0.0134738 0.00946479 0.00625039 0.00384461
 0.00859923 0.0139666 0.0210097 0.0296438 0.0395451 0.050001 0.059882 0.0679198 0.0731722 0.075331 0.0746672 0.071751 0.0671987 0.0615565 0.0552717 0.0486913 0.0420685 0.0355833 0.0293689 0.0235379 0.0182012 0.0134738 0.00946479 0.00625039 0.00384461
 0.0085707 0.0139144 0.0209209 0.0295049 0.0393473 0.0497477 0.0595945 0.067635 0.0729329 0.0751715 0.0746045 0.0717828 0.0673087 0.0617213 0.0554678 0.0488984 0.0422715 0.0357722 0.0295378 0.0236837 0.0183224 0.0135704 0.00953773 0.00630217 0.00387876
 0.00888789 0.0144142 0.0216405 0.0304601 0.0405202 0.0510728 0.0609512 0.0688596 0.0738563 0.0756686 0.0746287 0.0713697 0.0665528 0.0607431 0.054385 0.0478092 0.0412482 0.0348611 0.0287636 0.0230546 0.0178345 0.0132108 0.00928768 0.00613932 0.00378025
#pred catch len freq
 0.0034274 0.00548147 0.00811578 0.0113268 0.0151367 0.0195661 0.0245693 0.0299987 0.0356242 0.0411802 0.0464073 0.0510889 0.0550806 0.0583149 0.0607763 0.0624649 0.0633706 0.0634574 0.0626379 0.0607332 0.0574554 0.0524865 0.0456873 0.0373458 0.0282664
 0.00367964 0.00583775 0.00855683 0.0118125 0.0156322 0.0200744 0.0251435 0.0307139 0.0365163 0.0421873 0.047356 0.0517437 0.0552343 0.0578763 0.0598136 0.0611883 0.0620607 0.0623668 0.0619042 0.0603421 0.0572722 0.0523399 0.0454581 0.0370102 0.0278795
 0.00378775 0.00603734 0.00889765 0.0123462 0.0163903 0.0210411 0.0262449 0.0318406 0.0375738 0.0431361 0.0482033 0.0524864 0.0558012 0.0581262 0.059602 0.06046 0.0609029 0.0609848 0.0605342 0.0591533 0.0563166 0.0515715 0.0447993 0.0364139 0.0273486
 0.00394527 0.00627956 0.00924084 0.012808 0.017 0.0218461 0.0273003 0.0331758 0.0391508 0.04483 0.0498284 0.0538573 0.056786 0.0586543 0.0596362 0.0599753 0.0599053 0.0595495 0.0588174 0.0573531 0.0546064 0.0500558 0.0435147 0.0353616 0.0265221
 0.00414867 0.00659894 0.00970067 0.0134244 0.0177804 0.0227904 0.0284031 0.0344303 0.0405514 0.0463628 0.0514472 0.0554585 0.0582076 0.0597099 0.0601651 0.0598801 0.0591634 0.0582119 0.057005 0.0552459 0.0524135 0.0479714 0.041683 0.0338638 0.0253825
 0.00437526 0.00695731 0.0102225 0.0141354 0.0186996 0.023927 0.0297489 0.0359525 0.0421914 0.0480443 0.0530893 0.0569831 0.0595352 0.0607464 0.0607955 0.0599821 0.0586403 0.0570299 0.0552182 0.0529992 0.0499221 0.0454792 0.0394122 0.031972 0.0239413
 0.0046668 0.00741362 0.0108779 0.0150142 0.0198174 0.0252908 0.0313512 0.0377612 0.0441417 0.0500385 0.0550059 0.058694 0.0609252 0.061725 0.0612936 0.0599399 0.0580016 0.0557557 0.0533193 0.0505695 0.047149 0.0426195 0.0367366 0.0296997 0.0221921
 0.00498327 0.00791342 0.011604 0.0160007 0.0210881 0.0268558 0.033198 0.0398449 0.0463806 0.0523173 0.0571852 0.060625 0.0624672 0.0627626 0.0617472 0.0597637 0.0571741 0.0542744 0.051212 0.0479212 0.0441276 0.0394738 0.0337531 0.0271319 0.0201949
 0.00526973 0.00836676 0.0122651 0.0169044 0.0222635 0.0283238 0.0349622 0.0418789 0.0486176 0.0546484 0.0594665 0.0626938 0.0641637 0.0639502 0.0623258 0.0596732 0.0563906 0.0528056 0.0491004 0.0452604 0.0410826 0.0362847 0.0307032 0.0244825 0.0181162
 0.00552832 0.00877589 0.0128616 0.0177194 0.0233234 0.029648 0.0365566 0.0437254 0.050666 0.0568128 0.0616277 0.064708 0.0658774 0.0652192 0.0630313 0.0597327 0.0557614 0.0514849 0.047129 0.0427334 0.0381638 0.0332073 0.0277416 0.0218933 0.0160717
 0.00579386 0.00919438 0.0134681 0.0185416 0.0243812 0.0309523 0.0381026 0.0454849 0.0525822 0.0588011 0.0635818 0.066508 0.0674001 0.0663481 0.0636656 0.0597936 0.0551974 0.0502787 0.0453067 0.0403779 0.035427 0.0303093 0.0249423 0.0194368 0.0141244
 0.00610286 0.00967775 0.0141615 0.019469 0.0255555 0.0323749 0.0397571 0.0473282 0.0545399 0.0607706 0.0654426 0.0681367 0.0686859 0.0672028 0.064027 0.0596217 0.0544702 0.0489927 0.0434872 0.0380959 0.0328157 0.0275659 0.0223026 0.0171242 0.0122915
 0.00638963 0.0101355 0.0148353 0.0203972 0.026765 0.033873 0.0415195 0.0492905 0.0565989 0.062796 0.0672941 0.0696819 0.0698159 0.0678436 0.0641418 0.0592053 0.0535382 0.047574 0.041626 0.0358652 0.030334 0.0250034 0.0198628 0.0149998 0.0106134
 0.00664974 0.01055 0.0154454 0.0212401 0.0278733 0.0352688 0.0432026 0.0512226 0.0586922 0.0649136 0.0692652 0.0713304 0.0709929 0.0684535 0.0641505 0.0586319 0.0524365 0.0460149 0.0396891 0.0336436 0.0279465 0.022601 0.0176168 0.0130683 0.00910035
 0.00679782 0.0107919 0.0158132 0.0217682 0.0285968 0.0362184 0.0443953 0.0526508 0.0603148 0.066651 0.0709999 0.0729167 0.0722772 0.0693009 0.0644704 0.0583912 0.0516578 0.0447633 0.0380565 0.0317395 0.025897 0.020549 0.0157114 0.0114399 0.00783095
 0.00692605 0.0109973 0.0161175 0.0221926 0.0291613 0.0369402 0.0452835 0.0537001 0.0615002 0.0679249 0.0722923 0.0741383 0.0733266 0.0700756 0.0648806 0.0583746 0.0511915 0.0438685 0.0367957 0.0302088 0.0242175 0.0188559 0.0141392 0.0101005 0.00679085
 0.00712559 0.0112984 0.0165286 0.0227097 0.0297743 0.0376412 0.0460704 0.054571 0.0624426 0.0689069 0.0732603 0.0750236 0.0740562 0.0705826 0.0651105 0.0582889 0.0507711 0.043119 0.0357527 0.0289405 0.0228207 0.0174461 0.0128326 0.00899193 0.00593457
 0.0072256 0.0114535 0.0167476 0.0229947 0.0301202 0.0380353 0.0464942 0.0550052 0.0628753 0.0693389 0.0737022 0.0754833 0.0745236 0.0710222 0.0654656 0.0584947 0.0507701 0.0428745 0.0352581 0.0282247 0.0219478 0.0165061 0.011924 0.00820005 0.00531249
 0.0072713 0.0115262 0.0168543 0.0231419 0.0303137 0.0382791 0.0467881 0.0553412 0.0632362 0.0697006 0.0740411 0.0757841 0.0747831 0.0712437 0.065647 0.0586186 0.0508031 0.0427772 0.0350015 0.0278047 0.0213927 0.0158739 0.0112886 0.00763094 0.00485709
 0.00734714 0.0116316 0.0169802 0.0232695 0.0304212 0.0383517 0.0468259 0.0553603 0.0632614 0.0697557 0.0741401 0.0759274 0.07496 0.0714373 0.0658392 0.0587901 0.0509307 0.0428328 0.0349568 0.0276423 0.0211172 0.0155155 0.010897 0.00726016 0.0045488
 0.00736866 0.0116723 0.017051 0.0233814 0.0305787 0.0385463 0.0470318 0.0555404 0.0633824 0.0698037 0.0741271 0.0758846 0.0749216 0.0714262 0.0658609 0.0588346 0.0509784 0.0428589 0.0349367 0.0275567 0.0209597 0.0152978 0.0106473 0.00701441 0.00433813
 0.00733252 0.0116252 0.0170024 0.0233488 0.0305849 0.0386129 0.0471714 0.0557492 0.0636363 0.0700611 0.0743407 0.0760181 0.0749644 0.0713956 0.0657905 0.0587572 0.0509121 0.0428037 0.034879 0.027479 0.0208496 0.0151548 0.0104838 0.00685107 0.00419541
 0.00740245 0.0117227 0.01712 0.0234717 0.0306983 0.0387118 0.0472664 0.0558633 0.0637913 0.0702623 0.0745677 0.0762285 0.0751092 0.0714394 0.0657252 0.0586031 0.0507061 0.0425827 0.0346671 0.0272843 0.0206699 0.0149862 0.0103269 0.00671178 0.00408125
 0.00742727 0.0117592 0.0171669 0.0235236 0.030745 0.0387391 0.0472605 0.0558167 0.0637118 0.0701761 0.0745124 0.0762366 0.0751901 0.0715726 0.0658701 0.0587185 0.0507675 0.0425874 0.0346276 0.0272175 0.020589 0.0148995 0.0102404 0.00663147 0.00401313
 0.00747392 0.0118222 0.0172378 0.0235863 0.0307795 0.0387281 0.0471943 0.0556957 0.0635453 0.0699816 0.0743158 0.0760711 0.07509 0.0715618 0.0659506 0.0588673 0.0509453 0.0427546 0.0347573 0.0272999 0.0206276 0.0149044 0.0102233 0.00660328 0.00398283
 0.00760911 0.0120203 0.0174951 0.0238837 0.0310857 0.0390066 0.0474096 0.0558187 0.0635575 0.0698797 0.0741139 0.075799 0.0747878 0.0712721 0.0657097 0.0586971 0.0508481 0.0427148 0.0347501 0.0273014 0.0206227 0.0148882 0.0101982 0.00657474 0.00395615
 0.00754788 0.0119442 0.0174234 0.023847 0.0311156 0.0391197 0.0475957 0.0560402 0.0637628 0.0700214 0.074164 0.0757545 0.0746679 0.0711097 0.0655422 0.0585564 0.0507542 0.042672 0.0347486 0.0273235 0.0206502 0.0149088 0.0102072 0.00657366 0.00394936
 0.00752161 0.0118924 0.0173304 0.0236974 0.0309041 0.0388623 0.047335 0.0558358 0.063667 0.0700545 0.0743039 0.0759494 0.0748617 0.0712651 0.0656489 0.0586259 0.0508074 0.0427268 0.0348132 0.0273955 0.0207208 0.0149684 0.0102503 0.00659986 0.00396226
 0.00750918 0.0118805 0.0173264 0.0237094 0.0309346 0.0389007 0.0473572 0.0558143 0.0635895 0.0699372 0.0741878 0.075878 0.0748561 0.0713142 0.065721 0.0586897 0.0508474 0.0427456 0.0348224 0.0274057 0.0207362 0.014987 0.0102676 0.00661258 0.00396958
