SBPRF35
12.7214
Curr Bio
633805
B35
887077
F35
0.171864
FOFL
0.119121
OFL
62416.2
Bzero
3.63469e+006
#pred survey bio
 3.56058e+006 3.46218e+006 3.36317e+006 3.22543e+006 3.04127e+006 2.84531e+006 2.5911e+006 2.33793e+006 2.0872e+006 1.89053e+006 1.63582e+006 1.43242e+006 1.27645e+006 1.11749e+006 987860 889337 808798 738455 697729 672098 630398 616225 596110 577035 556248 546707 546367 546229 541907 540258 549947 549870 555524 561841 578877 600277 614712 631165 641102 647794 650514 661891 664086 665785 659099 660608 652338 657202 645846 640395 2.22249e+007 1.38137e+007 1.46403e+007 1.60429e+007 1.77884e+007 1.96196e+007 2.13496e+007 2.28742e+007 2.41541e+007 2.51925e+007 2.60147e+007 2.66547e+007 2.71471e+007 2.75231e+007 2.7809e+007 2.80261e+007 2.81909e+007 2.83164e+007 2.84121e+007 2.84855e+007 2.85419e+007 2.85856e+007 2.86196e+007 2.86461e+007 2.86669e+007 2.86833e+007 2.86962e+007 2.87065e+007 2.87147e+007 2.87213e+007 2.87265e+007 2.87308e+007 2.87342e+007 2.87369e+007 2.87392e+007 2.8741e+007 2.87425e+007 2.87437e+007 2.87446e+007 2.87454e+007 2.87461e+007 2.87466e+007 2.8747e+007 2.87474e+007 2.87477e+007 2.87479e+007 2.87481e+007 2.87483e+007 2.87484e+007 2.87485e+007 2.87486e+007 2.87486e+007 2.87487e+007 2.87488e+007 2.87488e+007 2.87488e+007 2.87488e+007 2.87489e+007 2.87489e+007 2.87489e+007 2.87489e+007 2.87489e+007 2.87489e+007 2.87489e+007 2.87489e+007 2.87489e+007 2.8749e+007 2.8749e+007 2.8749e+007 2.8749e+007 2.8749e+007 2.8749e+007 2.8749e+007 2.8749e+007 2.8749e+007 2.8749e+007 2.8749e+007 2.8749e+007 2.8749e+007 2.8749e+007 2.8749e+007 2.8749e+007 2.8749e+007 2.8749e+007 2.8749e+007 2.8749e+007 2.8749e+007 2.8749e+007 2.8749e+007 2.8749e+007 2.8749e+007 2.8749e+007 2.8749e+007 2.8749e+007 2.8749e+007 2.8749e+007 2.8749e+007 2.8749e+007 2.8749e+007 2.8749e+007 0 0 0 0 0 0 0 0 0 0 0 0 0 0 0 0 0 0 0 0 0 0 0 0 0
#obs survey bio
 2.52305e+006 4.19913e+006 2.7346e+006 2.78689e+006 3.32763e+006 2.72654e+006 2.32686e+006 2.49418e+006 1.94584e+006 2.51114e+006 1.81432e+006 1.21188e+006 1.13414e+006 1.27237e+006 1.67046e+006 724216 1.05568e+006 832747 554493 681021 899219 542274 821517 764342 645534 516998 557501 1.07556e+006 435838 459423 411032 569556 508141 472988 964428 779564 671565 894026 997839 688168 512281 615430 875122 629913 649024 612326 489725 503696 723276 650918
#pred catch bio
 94228.5 99340.6 143658 197883 222903 291654 306739 319659 283936 345469 305109 266713 270606 243892 215615 198517 186874 158637 143834 153903 126470 128340 123830 121767 109763 101074 100281 102760 100128 91909.1 102103 99060.3 100360 92791.8 90223.8 96575.5 95118.4 100533 102474 105231 98351.8 106866 107360 114355 107278 115339 103887 117159 110850 109854 62416.2 90904.2 95083 103195 114241 125993 137018 146594 154480 160724 165526 169137 171806 173752 175154 176157 176870 177372 177726 177974 178147 178267 178351 178409 178449 178477 178496 178510 178519 178525 178530 178533 178535 178536 178537 178538 178538 178538 178539 178539 178539 178539 178539 178539 178539 178539 178539 178539 178539 178539 178539 178539 178539 178539 178539 178539 178539 178539 178539 178539 178539 178539 178539 178539 178539 178539 178539 178539 178539 178539 178539 178539 178539 178539 178539 178539 178539 178539 178539 178539 178539 178539 178539 178539 178539 178539 178539 178539 178539 178539 178539 178539 178539 178539 178539 178539 178539 178539 178539 178539 0 0 0 0 0 0 0 0 0 0 0 0 0 0 0 0 0 0 0 0 0 0 0 0 0
#obs catch bio
 0 99079.7 143714 198555 223370 292866 307638 321879 285270 347452 306441 268039 271606 244198 214282 199450 186808 158983 144185 155205 126398 128288 123170 120980 109160 100869 100419 101862 99406.2 91459.3 102120 99279.6 101446 93925.9 90551.3 96587.1 95115.9 100462 102133 104464 97943.1 106871 106923 114099 107114 115423 103896 117567 110776 109850
#pred cpue bio
 3.51401e+006 3.41726e+006 3.31808e+006 3.17969e+006 2.99564e+006 2.7999e+006 2.54648e+006 2.29409e+006 2.04436e+006 1.84858e+006 1.59598e+006 1.39433e+006 1.23982e+006 1.08268e+006 954573 857127 777715 708754 668963 644066 603779 590475 571261 553000 532962 523740 523454 523581 519564 517707 526744 526262 531433 537472 554388 575828 590244 606470 616455 623324 625975 636886 638991 640691 634059 635498 627450 632273 621271 616057 2.13812e+007 1.32975e+007 1.39543e+007 1.52039e+007 1.69064e+007 1.87293e+007 2.0458e+007 2.19823e+007 2.32622e+007 2.43006e+007 2.51228e+007 2.57628e+007 2.62552e+007 2.66312e+007 2.69171e+007 2.71342e+007 2.72991e+007 2.74245e+007 2.75202e+007 2.75936e+007 2.76501e+007 2.76937e+007 2.77277e+007 2.77542e+007 2.7775e+007 2.77914e+007 2.78044e+007 2.78147e+007 2.78228e+007 2.78294e+007 2.78347e+007 2.78389e+007 2.78423e+007 2.78451e+007 2.78473e+007 2.78491e+007 2.78506e+007 2.78518e+007 2.78528e+007 2.78536e+007 2.78542e+007 2.78547e+007 2.78552e+007 2.78555e+007 2.78558e+007 2.7856e+007 2.78562e+007 2.78564e+007 2.78565e+007 2.78566e+007 2.78567e+007 2.78568e+007 2.78568e+007 2.78569e+007 2.78569e+007 2.7857e+007 2.7857e+007 2.7857e+007 2.7857e+007 2.7857e+007 2.7857e+007 2.78571e+007 2.78571e+007 2.78571e+007 2.78571e+007 2.78571e+007 2.78571e+007 2.78571e+007 2.78571e+007 2.78571e+007 2.78571e+007 2.78571e+007 2.78571e+007 2.78571e+007 2.78571e+007 2.78571e+007 2.78571e+007 2.78571e+007 2.78571e+007 2.78571e+007 2.78571e+007 2.78571e+007 2.78571e+007 2.78571e+007 2.78571e+007 2.78571e+007 2.78571e+007 2.78571e+007 2.78571e+007 2.78571e+007 2.78571e+007 2.78571e+007 2.78571e+007 2.78571e+007 2.78571e+007 2.78571e+007 2.78571e+007 2.78571e+007 2.78571e+007 2.78571e+007 0 0 0 0 0 0 0 0 0 0 0 0 0 0 0 0 0 0 0 0 0 0 0 0 0
#obs cpue bio
 2.64771e+006 4.44063e+006 3.56888e+006 2.3856e+006 2.20313e+006 3.68688e+006 2.7262e+006 1.59451e+006 1.74585e+006 2.03906e+006 1.27155e+006 1.34189e+006 1.68277e+006 1.02339e+006 878855 564914 816993 495864 746083 522646 542946 749511 573662 511664 461815 454014 415694 600282 655560 498289 585282 390704 306225 416781 561067 647565 495729 490577 497901 927083 582367 566448 648175 672456 540406 693256 683571 793302 658062 591284
#pred surv len freq
 0.0042334 0.00700222 0.0107779 0.0156152 0.0214275 0.0278873 0.0344144 0.0403423 0.0451778 0.0487609 0.0512221 0.0528233 0.0538193 0.0544002 0.0546868 0.0547493 0.0546287 0.054343 0.0538462 0.0529429 0.0512192 0.0481046 0.043129 0.0362745 0.0281719
 0.00456589 0.00743818 0.0112444 0.0159892 0.0215817 0.0277553 0.0340348 0.0398452 0.0447177 0.0484384 0.0510453 0.0527282 0.0537297 0.0542832 0.0545752 0.0547218 0.0547634 0.0546653 0.0542998 0.053399 0.0515264 0.0481571 0.0429142 0.0358723 0.0277084
 0.00468033 0.0076866 0.0117247 0.0168076 0.0227985 0.0293166 0.0357374 0.0413801 0.0457899 0.0488938 0.0509205 0.0521945 0.0529825 0.0534605 0.0537458 0.0539222 0.0540317 0.0540403 0.0537914 0.0529642 0.0510808 0.0476206 0.0422618 0.0351523 0.0270154
 0.00480972 0.00788768 0.0120158 0.0172141 0.0233642 0.0301086 0.0368269 0.0427941 0.0474523 0.0506003 0.0523841 0.0531523 0.0533011 0.0531721 0.0530009 0.052906 0.0529018 0.0529046 0.0527087 0.0519489 0.0501121 0.0466668 0.0413138 0.0342435 0.0262098
 0.00496898 0.00815322 0.0124266 0.0178082 0.0241691 0.0311295 0.0380414 0.0441593 0.0489204 0.0521219 0.0538873 0.0545133 0.0543434 0.0537153 0.0529357 0.0522427 0.051759 0.0514537 0.051112 0.0503238 0.0485269 0.0451605 0.039922 0.0330132 0.0251926
 0.00512744 0.00841454 0.0128274 0.0183862 0.0249575 0.0321465 0.0392776 0.0455718 0.050438 0.0536605 0.055366 0.0558576 0.0554737 0.0545313 0.0533191 0.0520895 0.0510275 0.0501926 0.0494491 0.0484243 0.0465511 0.0432424 0.0381685 0.0315079 0.0239917
 0.00536707 0.00880503 0.0134166 0.019219 0.0260666 0.0335387 0.0409202 0.0473882 0.0523193 0.0554875 0.0570295 0.0572697 0.0565677 0.0552534 0.0536149 0.0518979 0.050292 0.0488915 0.0476271 0.0462027 0.0441108 0.0407887 0.0358945 0.0295646 0.0224669
 0.0055993 0.00919033 0.0140108 0.0200787 0.0272376 0.0350374 0.0427155 0.0493953 0.0544126 0.0575259 0.0588811 0.0588263 0.0577496 0.0560059 0.0538996 0.051682 0.0495431 0.047587 0.0457794 0.0438888 0.0414863 0.0380721 0.0333246 0.0273461 0.0207247
 0.00582544 0.00956628 0.0145924 0.0209241 0.0283968 0.0365349 0.0445311 0.0514557 0.0565992 0.0596955 0.0608882 0.0605406 0.0590672 0.0568532 0.0542314 0.0514724 0.0487763 0.0462559 0.043899 0.0415228 0.0387712 0.0352195 0.0305871 0.0249569 0.018837
 0.0059377 0.00976302 0.0149158 0.0214247 0.0291262 0.0375315 0.0458055 0.0529821 0.058317 0.0615172 0.0627085 0.0622448 0.0605385 0.0579833 0.0549291 0.0516688 0.0484254 0.0453352 0.042416 0.0395321 0.036395 0.0326524 0.0280711 0.0227255 0.0170536
 0.00622509 0.0102293 0.0156155 0.0224076 0.0304273 0.0391556 0.0477115 0.0550777 0.0604715 0.0635876 0.0645646 0.0637833 0.061686 0.0586908 0.0551632 0.0514043 0.0476418 0.0440204 0.0405796 0.0372263 0.0337374 0.0298338 0.025333 0.0203057 0.0151211
 0.0064743 0.0106353 0.0162282 0.0232739 0.0315818 0.0406068 0.0494268 0.0569783 0.0624436 0.0655034 0.0663031 0.0652429 0.062789 0.0593827 0.0554094 0.0511833 0.0469399 0.0428304 0.0389107 0.0351236 0.0313044 0.0272424 0.0228043 0.0180608 0.0133206
 0.00665882 0.0109379 0.0166887 0.0239316 0.0324686 0.0417361 0.0507813 0.0585053 0.0640614 0.0671159 0.0678139 0.0665637 0.063844 0.0601102 0.0557617 0.0511262 0.0464502 0.0418966 0.0375388 0.0333526 0.0292243 0.0250035 0.020602 0.016093 0.0117335
 0.00692969 0.011377 0.0173465 0.0248523 0.0336797 0.0432325 0.0525105 0.060365 0.065916 0.0688261 0.0692633 0.0676726 0.064569 0.0604363 0.0556917 0.0506696 0.0456167 0.0406955 0.0359867 0.0314889 0.0271302 0.0228111 0.0184824 0.014219 0.0102318
 0.00723616 0.0118606 0.0180472 0.0257974 0.0348792 0.0446724 0.0541436 0.0621068 0.067653 0.0704338 0.0706268 0.0687021 0.0652077 0.0606615 0.0555093 0.0501038 0.0446984 0.0394554 0.0344572 0.029716 0.025189 0.0208158 0.0165776 0.0125488 0.00890042
 0.00738792 0.0121277 0.0184857 0.026469 0.0358341 0.045923 0.0556439 0.0637518 0.0693032 0.0719519 0.0719047 0.0696688 0.0658229 0.0609066 0.0553826 0.0496183 0.0438797 0.0383376 0.033082 0.0281369 0.0234805 0.0190797 0.0149356 0.0111193 0.00776658
 0.00746531 0.0122621 0.0187052 0.0268093 0.0363348 0.0466201 0.0565569 0.0648699 0.0705757 0.073288 0.0731859 0.0707726 0.0666483 0.061391 0.0555028 0.0493817 0.043312 0.0374753 0.0319706 0.0268336 0.0220599 0.0176354 0.0135735 0.00993769 0.00683254
 0.00761155 0.0124871 0.0190205 0.0272188 0.0368366 0.0472097 0.0572284 0.0656149 0.0713808 0.0741307 0.0740302 0.0715646 0.0673194 0.0618685 0.0557258 0.0493141 0.0429472 0.0368328 0.0310896 0.0257703 0.0208863 0.0164384 0.0124459 0.00896289 0.00606501
 0.00766418 0.0125691 0.0191371 0.027372 0.0370247 0.0474276 0.0574687 0.065872 0.0716563 0.0744368 0.0743859 0.0719834 0.0677941 0.0623614 0.056172 0.0496369 0.0430788 0.0367314 0.030748 0.0252159 0.0201759 0.0156497 0.0116648 0.00826681 0.00550659
 0.00751312 0.0123566 0.0188787 0.0271027 0.0367898 0.0472665 0.0574029 0.0659028 0.0717726 0.0746261 0.0746422 0.0723082 0.0681902 0.0628223 0.0566717 0.0501261 0.0434917 0.0370018 0.0308288 0.0250927 0.0198726 0.015222 0.011186 0.00780893 0.00512318
 0.00758076 0.0124459 0.0189766 0.0271885 0.0368461 0.0472936 0.0574256 0.0659614 0.0719008 0.0748291 0.0748913 0.0725568 0.0683991 0.0629769 0.0567803 0.0502033 0.0435404 0.0370054 0.030758 0.0249227 0.0195992 0.0148686 0.0107982 0.00743884 0.00481263
 0.00755449 0.0123932 0.0188783 0.0270198 0.0365817 0.046918 0.0569453 0.0654148 0.0713585 0.0743829 0.07463 0.0725373 0.0686262 0.0634043 0.0573314 0.0507983 0.0441138 0.0375087 0.0311554 0.0251895 0.0197263 0.0148682 0.0107037 0.00729568 0.00466405
 0.00755126 0.012395 0.0188927 0.0270552 0.0366408 0.0469898 0.0570011 0.0654133 0.0712621 0.0741781 0.0743408 0.0722236 0.068365 0.0632616 0.0573389 0.0509455 0.0443571 0.03779 0.0314192 0.0253931 0.0198455 0.0148995 0.0106627 0.00721113 0.00456704
 0.00759412 0.0124525 0.0189574 0.0271141 0.036681 0.0470054 0.0569964 0.0653984 0.0712425 0.0741459 0.0742769 0.0721113 0.0682064 0.0630851 0.0571908 0.0508693 0.0443736 0.0378893 0.0315667 0.0255448 0.0199639 0.014964 0.0106725 0.0071805 0.00451708
 0.00772301 0.0126465 0.0192195 0.0274345 0.037037 0.0473638 0.0573173 0.065642 0.0713784 0.0741614 0.0741786 0.0719182 0.0679412 0.0627714 0.0568559 0.0505471 0.0440994 0.0376881 0.0314438 0.0254845 0.0199383 0.0149463 0.0106464 0.00714306 0.0044744
 0.00778915 0.0127478 0.0193599 0.0276122 0.0372438 0.0475842 0.057529 0.0658181 0.0714931 0.0741978 0.074134 0.071804 0.0677775 0.0625796 0.0566541 0.0503502 0.0439216 0.0375438 0.0313427 0.0254274 0.019915 0.0149403 0.0106426 0.00713346 0.00445868
 0.00766527 0.012572 0.0191427 0.0273796 0.0370297 0.0474186 0.0574287 0.0657842 0.0715155 0.0742616 0.0742245 0.0719088 0.0678871 0.0626874 0.0567559 0.0504439 0.0440074 0.0376236 0.0314201 0.0255042 0.0199897 0.0150075 0.0106958 0.00716886 0.00447732
 0.00765428 0.0125306 0.0190391 0.0271751 0.0366953 0.0469575 0.0568908 0.0652587 0.0711006 0.0740275 0.0741911 0.0720485 0.0681464 0.0630097 0.0570964 0.0507734 0.0443096 0.0378918 0.0316526 0.0257024 0.0201547 0.0151397 0.0107956 0.00723808 0.00452025
 0.00786911 0.0128404 0.0194304 0.0276053 0.0370988 0.0472598 0.0570255 0.065185 0.070819 0.0735867 0.0736784 0.0715623 0.0677626 0.0627611 0.0569742 0.0507444 0.0443363 0.0379447 0.0317138 0.0257627 0.0202101 0.0151879 0.0108348 0.0072671 0.00453939
 0.00802312 0.0130941 0.0198156 0.0281458 0.037796 0.0480743 0.0578659 0.0659178 0.0713043 0.0737264 0.0734518 0.0710309 0.0670445 0.0619897 0.0562591 0.0501493 0.043879 0.0376111 0.031477 0.0255966 0.0200949 0.0151101 0.0107845 0.0072364 0.00452169
 0.00803294 0.0131149 0.0198566 0.0282216 0.0379255 0.048278 0.0581579 0.0662948 0.0717342 0.0741453 0.0737753 0.0711818 0.0669835 0.0617326 0.0558702 0.0497149 0.0434755 0.0372848 0.0312408 0.0254402 0.0199984 0.0150537 0.0107531 0.00721986 0.00451349
 0.0080875 0.0132085 0.0200065 0.0284456 0.0382379 0.0486818 0.058639 0.0668217 0.0722637 0.0746296 0.0741666 0.071433 0.0670528 0.0615948 0.055531 0.0492176 0.0428925 0.0366963 0.030712 0.0250081 0.0196719 0.0148229 0.0105993 0.00712302 0.00445621
 0.00801794 0.0131122 0.0198932 0.0283368 0.0381626 0.04867 0.0587143 0.0669958 0.0725339 0.0749778 0.0745601 0.071828 0.0673995 0.0618446 0.0556459 0.0491805 0.042715 0.0364175 0.0303875 0.0246922 0.019403 0.014618 0.0104574 0.00703289 0.00440334
 0.00784556 0.012857 0.0195566 0.027939 0.0377404 0.0482705 0.0583889 0.0667936 0.0724931 0.0751154 0.0748655 0.0722637 0.0679088 0.0623631 0.0561117 0.0495442 0.0429474 0.0365158 0.0303738 0.0246058 0.0192868 0.014506 0.0103686 0.00697204 0.00436653
 0.00765261 0.0125387 0.0190715 0.0272527 0.0368412 0.0471904 0.0572185 0.0656762 0.0715915 0.0745662 0.074742 0.0725641 0.0685675 0.0632733 0.0571502 0.0505924 0.0439082 0.0373241 0.031001 0.0250565 0.0195891 0.0146976 0.0104854 0.00704178 0.00440743
 0.007598 0.0124238 0.0188503 0.0268659 0.0362309 0.0463241 0.0561134 0.0644112 0.0703006 0.0734138 0.0738897 0.0721352 0.0686193 0.0637847 0.0580301 0.0517051 0.0451054 0.0384745 0.0320099 0.0258732 0.0202039 0.0151306 0.0107722 0.00722104 0.00451323
 0.0075759 0.0123946 0.0188163 0.0268272 0.0361768 0.0462242 0.0559158 0.0640558 0.0697463 0.072669 0.0730281 0.0712862 0.0679341 0.0633923 0.0580003 0.0520312 0.0457117 0.0392432 0.0328154 0.0266126 0.0208136 0.0155883 0.0110878 0.0074219 0.00463166
 0.00744275 0.0121962 0.0185521 0.0265098 0.0358298 0.0458759 0.0555919 0.0637703 0.0694942 0.0724248 0.0727578 0.0709712 0.0675943 0.0630926 0.0578311 0.0520723 0.0459977 0.0397472 0.0334596 0.0272961 0.0214447 0.0161069 0.0114716 0.00767961 0.00478931
 0.00735783 0.012057 0.0183414 0.0262141 0.035446 0.0454192 0.0551014 0.0633041 0.0691119 0.0721652 0.0726232 0.0709294 0.0675979 0.0631065 0.057854 0.052139 0.0461595 0.0400413 0.0338847 0.0278082 0.0219745 0.0165865 0.0118561 0.00795487 0.00496612
 0.0074466 0.0121691 0.0184504 0.0262753 0.0354074 0.0452417 0.0547755 0.0628568 0.0686002 0.0716606 0.0721928 0.0706186 0.0674205 0.0630462 0.0578791 0.0522234 0.0462968 0.040243 0.0341632 0.0281581 0.022365 0.0169705 0.0121891 0.00821028 0.00513996
 0.00754793 0.0123346 0.0186985 0.0266163 0.0358331 0.0457134 0.055219 0.0631754 0.0687059 0.0715104 0.0718082 0.0700769 0.0668233 0.0624844 0.0574104 0.0518698 0.0460576 0.0401105 0.0341309 0.0282178 0.0224989 0.0171484 0.0123746 0.00837218 0.00526144
 0.00744962 0.0122006 0.0185451 0.0264761 0.0357479 0.0457196 0.0553336 0.0633861 0.0689698 0.0717614 0.071976 0.0701107 0.0667124 0.0622617 0.0571377 0.0516122 0.0458628 0.0400016 0.0341107 0.0282762 0.0226175 0.0173026 0.0125365 0.00851727 0.00537415
 0.00743297 0.012167 0.018484 0.0263779 0.0356116 0.0455621 0.0551935 0.0633156 0.0690132 0.0719315 0.0722407 0.0704012 0.0669482 0.0623822 0.0571233 0.0514873 0.0456805 0.0398204 0.0339751 0.0282081 0.0226172 0.0173547 0.0126178 0.00860434 0.00544954
 0.0074566 0.0121992 0.0185205 0.0264094 0.0356249 0.0455432 0.0551332 0.0632157 0.068892 0.0718231 0.0721843 0.0704233 0.0670458 0.0625201 0.0572492 0.0515565 0.045676 0.0397571 0.0338881 0.0281341 0.0225797 0.0173589 0.0126538 0.0086554 0.00550003
 0.00747494 0.0122403 0.0186022 0.026553 0.0358465 0.0458418 0.055482 0.0635635 0.0691782 0.0719989 0.0722301 0.0703531 0.0668978 0.0623368 0.0570592 0.051367 0.0454798 0.0395478 0.0336715 0.0279291 0.0224087 0.0172368 0.0125823 0.00862436 0.00549435
 0.00742372 0.0121596 0.0184869 0.0264034 0.0356719 0.0456642 0.0553354 0.063486 0.0691969 0.0721154 0.0724171 0.0705654 0.0670921 0.062488 0.0571633 0.0514326 0.0455162 0.0395592 0.0336599 0.0278996 0.0223721 0.0172053 0.0125641 0.00862077 0.00550088
 0.00746218 0.0122173 0.0185644 0.0264973 0.0357755 0.0457684 0.055431 0.0635668 0.0692622 0.0721706 0.0724698 0.0706181 0.0671375 0.0625109 0.0571488 0.0513743 0.0454191 0.0394357 0.0335243 0.0277647 0.0222486 0.0171022 0.012487 0.00857041 0.00547295
 0.00737364 0.0120842 0.0183845 0.0262759 0.0355243 0.0455033 0.0551703 0.063331 0.0690735 0.0720506 0.072436 0.0706801 0.0672928 0.0627424 0.0574265 0.0516622 0.0456843 0.0396565 0.0336925 0.0278832 0.0223267 0.0171512 0.0125175 0.00859013 0.00548666
 0.00739538 0.012118 0.0184326 0.0263396 0.0356035 0.0455966 0.0552737 0.0634364 0.0691681 0.072119 0.0724647 0.0706639 0.0672378 0.0626649 0.0573454 0.0515909 0.0456261 0.0396062 0.0336422 0.0278285 0.0222685 0.0170947 0.0124686 0.00855293 0.00546189
 0.00739351 0.0121123 0.0184192 0.0263138 0.0355615 0.045538 0.0552038 0.0633661 0.0691111 0.0720868 0.0724628 0.0706893 0.0672816 0.0627161 0.0573966 0.0516394 0.0456722 0.0396496 0.0336801 0.0278565 0.0222842 0.0170989 0.012465 0.00854611 0.0054554
#obs surv len freq
 nan nan nan nan nan nan nan nan nan nan nan nan nan nan nan nan nan nan nan nan nan nan nan nan nan
 0.00448484 0.00734623 0.0111762 0.0159924 0.0216929 0.0279681 0.0342818 0.0400127 0.0446921 0.0481559 0.0505138 0.0520098 0.0529022 0.0534148 0.0537292 0.0539842 0.0542629 0.0545557 0.0546945 0.0542864 0.0527244 0.0493566 0.0438063 0.0362863 0.0276699
 0.00461061 0.00755374 0.0114938 0.0164473 0.0223044 0.0287371 0.0351808 0.040983 0.0456522 0.0490184 0.0512016 0.0524679 0.0531027 0.0533569 0.0534349 0.0534904 0.0536128 0.0537919 0.0538558 0.0534095 0.051848 0.0485234 0.0430608 0.0356662 0.027196
 0.0047776 0.00782396 0.0118983 0.0170147 0.023056 0.029679 0.0362941 0.0422184 0.0469328 0.0502498 0.0522857 0.0533147 0.053642 0.0535462 0.0532638 0.0529792 0.0528053 0.0527464 0.0526378 0.0520884 0.0504978 0.0472234 0.0418895 0.0346882 0.0264471
 0.00497111 0.00814231 0.0123842 0.0177096 0.0239912 0.0308623 0.0376964 0.0437704 0.048536 0.0517957 0.0536715 0.0544502 0.0544505 0.0539669 0.0532564 0.0525301 0.0519318 0.0514962 0.0510851 0.0503297 0.048648 0.0454092 0.0402365 0.0332991 0.0253796
 0.00516945 0.00846926 0.0128849 0.0184296 0.0249685 0.0321136 0.0392028 0.0454704 0.0503324 0.0535719 0.0553096 0.0558434 0.0555089 0.0546188 0.0534487 0.0522291 0.0511279 0.0502109 0.0493778 0.0483019 0.046441 0.043193 0.0381851 0.0315578 0.0240331
 0.00539873 0.00884184 0.0134456 0.0192208 0.0260233 0.0334442 0.0407881 0.0472505 0.0522147 0.0554467 0.0570645 0.0573729 0.0567185 0.0554278 0.0537911 0.0520559 0.05041 0.0489467 0.0476057 0.0461131 0.0439854 0.0406687 0.0358083 0.0295158 0.0224412
 0.00565201 0.00925603 0.0140733 0.0201119 0.0272148 0.0349449 0.0425628 0.0492165 0.0542554 0.0574358 0.0588868 0.0589326 0.0579384 0.0562427 0.0541444 0.0518978 0.0497013 0.0476682 0.045775 0.0438047 0.0413446 0.0379071 0.0331703 0.0272237 0.0206389
 0.00589811 0.00966219 0.0146958 0.0210072 0.028428 0.0364922 0.0444136 0.0512862 0.056418 0.0595484 0.0608144 0.0605637 0.0591895 0.0570554 0.0544771 0.0517171 0.0489775 0.0463811 0.0439308 0.0414614 0.0386348 0.0350399 0.0304008 0.0247938 0.018713
 0.00614042 0.0100589 0.0152983 0.021866 0.0295841 0.0379628 0.0461763 0.0532718 0.0585175 0.0616313 0.0627484 0.0622291 0.0604879 0.0579137 0.0548464 0.0515662 0.0482856 0.0451365 0.0421418 0.0391794 0.0359799 0.0322093 0.0276444 0.0223564 0.0167676
 0.00639279 0.0104711 0.0159222 0.0227508 0.030767 0.0394535 0.0479422 0.0552336 0.0605607 0.0636288 0.0645801 0.0637923 0.0616989 0.0587072 0.0551734 0.0513925 0.0475898 0.0439094 0.0403951 0.0369637 0.0334075 0.0294647 0.0249645 0.0199775 0.0148606
 0.00661305 0.0108356 0.0164826 0.0235591 0.0318645 0.0408549 0.0496181 0.0571052 0.0625122 0.0655303 0.0663107 0.0652522 0.0628131 0.0594222 0.0554524 0.0512095 0.0469265 0.0427572 0.0387637 0.0348995 0.0310135 0.0269098 0.0224661 0.0177544 0.0130735
 0.00685373 0.0112266 0.0170707 0.0243876 0.0329658 0.0422367 0.0512503 0.0589134 0.0643865 0.067345 0.0679443 0.0666029 0.0638053 0.060008 0.055607 0.0509238 0.0461988 0.0415915 0.0371765 0.0329358 0.0287666 0.0245313 0.020151 0.0156989 0.011422
 0.00709202 0.0116192 0.0176705 0.0252455 0.0341186 0.0436889 0.0529572 0.0607779 0.0662759 0.0691199 0.0694835 0.0678157 0.0646324 0.0604175 0.0555885 0.0504826 0.0453492 0.0403535 0.0355789 0.0310285 0.0266374 0.0223147 0.0180171 0.0138178 0.00991712
 0.00728198 0.0119353 0.0181598 0.0259564 0.0350912 0.0449392 0.0544598 0.0624598 0.0680243 0.0708029 0.0709734 0.0690061 0.0654489 0.0608198 0.0555669 0.0500492 0.0445289 0.0391783 0.0340886 0.0292792 0.0247137 0.0203367 0.016131 0.0121665 0.00860229
 0.00742776 0.0121741 0.018523 0.0264759 0.0357941 0.0458404 0.0555522 0.0637077 0.0693651 0.0721541 0.0722425 0.0701002 0.0662846 0.0613322 0.0557167 0.0498233 0.0439376 0.0382491 0.0328637 0.0278178 0.0230982 0.0186758 0.0145507 0.0107867 0.00750638
 0.00753282 0.0123417 0.0187699 0.0268164 0.0362395 0.0463967 0.0562169 0.0644679 0.0701976 0.0730272 0.0731167 0.0709275 0.0670083 0.0618909 0.0560508 0.0498852 0.0436993 0.0377066 0.0320383 0.026757 0.0218758 0.0173897 0.0133116 0.00969748 0.00663817
 0.00760585 0.0124568 0.0189363 0.0270406 0.0365246 0.0467414 0.0566152 0.0649091 0.0706693 0.0735188 0.0736195 0.0714315 0.0674958 0.0623314 0.0564009 0.0500931 0.0437151 0.0374944 0.0315863 0.0260844 0.0210348 0.0164604 0.0123893 0.00887217 0.00597318
 0.00763599 0.012504 0.019004 0.0271312 0.0366395 0.0468811 0.0567793 0.0650968 0.0708801 0.0737532 0.0738795 0.0717186 0.0678079 0.0626575 0.0567174 0.0503627 0.0438909 0.0375286 0.0314439 0.0257555 0.0205427 0.0158603 0.011757 0.0082845 0.00548807
 0.00774109 0.0126594 0.0192092 0.0273754 0.0369045 0.0471467 0.0570271 0.0653126 0.0710548 0.0738841 0.0739708 0.0717813 0.0678562 0.0627048 0.0567697 0.0504138 0.0439201 0.0375037 0.0313302 0.0255292 0.0202032 0.0154353 0.0112972 0.00784782 0.00512169
 0.00776515 0.0127023 0.01928 0.0274829 0.0370533 0.0473312 0.0572291 0.0655041 0.0712081 0.0739828 0.0740161 0.0717889 0.0678484 0.0627011 0.0567816 0.0504424 0.0439547 0.0375229 0.0313063 0.0254368 0.02003 0.0151905 0.0110104 0.00756025 0.00487087
 0.0078303 0.0127988 0.0194082 0.0276379 0.0372272 0.0475168 0.0574208 0.0656957 0.0713887 0.0741356 0.0741215 0.0718324 0.0678279 0.0626287 0.0566792 0.0503322 0.0438507 0.0374266 0.0312069 0.0253175 0.0198771 0.015002 0.0107995 0.00735061 0.0046872
 0.00784552 0.0128245 0.0194481 0.0276951 0.0373026 0.0476071 0.057518 0.0657892 0.07147 0.0742017 0.0741746 0.0718753 0.0678598 0.0626457 0.0566773 0.050312 0.0438169 0.0373841 0.0311561 0.025253 0.0197917 0.0148927 0.0106721 0.00721901 0.00456795
 0.00787469 0.0128672 0.0195036 0.0277603 0.037373 0.0476789 0.0575889 0.065858 0.0715345 0.074258 0.074218 0.0719029 0.0678711 0.0626424 0.0566615 0.0502848 0.0437794 0.0373373 0.031101 0.0251892 0.0197176 0.0148077 0.0105794 0.00712618 0.00448464
 0.00787203 0.0128624 0.0194957 0.0277478 0.0373543 0.047653 0.0575562 0.0658213 0.0714996 0.0742328 0.0742106 0.0719181 0.0679091 0.062698 0.0567265 0.0503503 0.0438375 0.0373824 0.0311295 0.025199 0.0197083 0.0147806 0.0105386 0.00707849 0.00443786
 0.00787207 0.0128555 0.0194726 0.0276963 0.0372634 0.0475186 0.0573859 0.0656345 0.0713225 0.0740907 0.0741221 0.0718927 0.0679468 0.0627911 0.0568613 0.0505094 0.0440029 0.0375381 0.0312635 0.0253039 0.0197809 0.0148222 0.0105539 0.00707505 0.00442424
 0.0078855 0.0128749 0.0194968 0.0277213 0.0372819 0.0475199 0.0573579 0.0655671 0.0712129 0.0739479 0.0739668 0.0717517 0.0678452 0.0627446 0.0568735 0.0505728 0.0441024 0.0376554 0.0313808 0.0254074 0.0198616 0.0148769 0.0105844 0.00708656 0.00442375
 0.00789429 0.0128873 0.0195119 0.027737 0.0372949 0.0475266 0.0573542 0.0655485 0.0711747 0.0738864 0.0738819 0.07165 0.0677404 0.0626554 0.0568173 0.0505603 0.0441343 0.0377227 0.0314685 0.0254989 0.0199433 0.0149403 0.0106268 0.00711031 0.00443386
 0.00788563 0.0128748 0.019496 0.027719 0.0372763 0.0475084 0.0573362 0.0655295 0.0711529 0.07386 0.0738494 0.0716106 0.0676954 0.0626092 0.0567782 0.0505385 0.0441383 0.0377555 0.0315259 0.0255705 0.0200165 0.0150042 0.0106752 0.00714205 0.00445158
 0.00789883 0.012889 0.0195043 0.027711 0.037242 0.0474431 0.0572444 0.0654246 0.0710521 0.0737783 0.0737945 0.0715828 0.0676896 0.0626187 0.0567977 0.0505663 0.0441758 0.0378053 0.0315884 0.0256423 0.0200906 0.0150721 0.0107303 0.00718153 0.00447641
 0.00784864 0.0128155 0.0194084 0.0275979 0.0371185 0.0473142 0.057112 0.0652893 0.070918 0.0736558 0.0737 0.0715326 0.0676935 0.0626759 0.056898 0.0506946 0.0443178 0.0379504 0.0317299 0.0257756 0.020211 0.0151749 0.0108118 0.00724056 0.00451509
 0.00782331 0.0127653 0.019317 0.0274467 0.0368942 0.0470182 0.0567673 0.0649376 0.0706072 0.0734239 0.0735662 0.0714982 0.0677491 0.0628079 0.057091 0.0509309 0.0445778 0.0382148 0.0319823 0.0260038 0.0204073 0.015335 0.0109346 0.00732809 0.00457244
 0.00781362 0.0127493 0.0192918 0.0274075 0.0368331 0.046924 0.0566277 0.0647452 0.070367 0.0731582 0.0733113 0.0712943 0.0676268 0.0627806 0.0571545 0.0510692 0.0447691 0.0384359 0.0322114 0.0262225 0.0206016 0.0154964 0.0110595 0.00741781 0.00463171
 0.00777691 0.0126916 0.0192086 0.0272966 0.0366948 0.0467619 0.0564489 0.0645588 0.0701816 0.0729807 0.0731482 0.0711555 0.067528 0.06274 0.0571863 0.051177 0.0449436 0.0386576 0.0324561 0.0264662 0.0208243 0.0156845 0.0112065 0.00752384 0.0047019
 0.00774008 0.0126299 0.0191126 0.0271573 0.0365065 0.0465263 0.0561788 0.0642775 0.069918 0.0727609 0.0729891 0.071063 0.0675001 0.0627721 0.0572753 0.0513211 0.0451391 0.0388952 0.0327193 0.0267335 0.0210743 0.0158998 0.0113773 0.00764816 0.00478471
 0.00771025 0.0125788 0.0190311 0.0270352 0.0363348 0.0463015 0.0559062 0.0639737 0.069609 0.0724775 0.0727612 0.0709133 0.0674401 0.0628014 0.0573842 0.0514956 0.0453644 0.0391567 0.0330012 0.027018 0.021342 0.0161335 0.0115653 0.00778688 0.00487811
 0.0076849 0.0125395 0.0189752 0.0269606 0.0362397 0.0461833 0.0557623 0.063803 0.0694143 0.0722685 0.0725542 0.07073 0.0673033 0.0627297 0.0573875 0.0515734 0.0455076 0.0393505 0.0332277 0.0272581 0.0215762 0.0163442 0.0117395 0.00791852 0.0049686
 0.00766336 0.0125036 0.0189198 0.0268808 0.0361325 0.0460497 0.0556084 0.0636393 0.0692524 0.0721173 0.0724191 0.0706144 0.0672125 0.0626723 0.0573744 0.0516137 0.0456046 0.0394993 0.0334162 0.0274685 0.0217888 0.0165404 0.0119051 0.008046 0.00505765
 0.00763956 0.0124665 0.0188668 0.0268104 0.0360441 0.0459437 0.0554868 0.0635065 0.0691158 0.0719861 0.0723026 0.0705202 0.0671452 0.0626345 0.0573684 0.0516429 0.0456727 0.0396076 0.0335606 0.0276383 0.0219684 0.0167124 0.0120546 0.00816373 0.0051415
 0.00760598 0.0124147 0.0187941 0.0267164 0.0359309 0.0458158 0.0553511 0.0633718 0.0689913 0.0718794 0.0722188 0.0704619 0.0671136 0.06263 0.057391 0.0516929 0.0457502 0.0397126 0.0336909 0.0277881 0.0221272 0.0168666 0.0121909 0.00827311 0.00522069
 0.00759689 0.0123984 0.0187669 0.0266742 0.0358702 0.0457359 0.0552555 0.0632678 0.0688883 0.0717863 0.0721416 0.0704037 0.0670751 0.062611 0.0573919 0.0517142 0.0457932 0.0397781 0.0337782 0.0278938 0.0222442 0.0169848 0.0122994 0.00836291 0.00528754
 0.0075736 0.0123628 0.0187173 0.0266103 0.0357929 0.0456466 0.0551565 0.0631629 0.0687834 0.0716892 0.072061 0.0703469 0.0670464 0.0626113 0.0574186 0.0517637 0.0458618 0.039863 0.033877 0.028003 0.0223585 0.0170967 0.0124005 0.00844636 0.00534986
 0.00757258 0.0123608 0.0187136 0.026604 0.0357832 0.0456327 0.0551377 0.0631386 0.0687527 0.0716509 0.0720147 0.0702942 0.0669917 0.0625611 0.0573798 0.0517417 0.0458595 0.039881 0.033914 0.0280563 0.0224233 0.0171667 0.0124683 0.0085053 0.00539575
 0.00756285 0.012347 0.0186967 0.026586 0.0357664 0.045619 0.0551274 0.0631307 0.0687449 0.071641 0.0720009 0.0702753 0.0669674 0.062533 0.0573514 0.051718 0.0458458 0.0398813 0.0339303 0.0280879 0.022467 0.0172172 0.0125194 0.00855108 0.00543225
 0.00754588 0.0123207 0.0186597 0.0265383 0.0357099 0.0455576 0.0550673 0.0630791 0.0687085 0.0716233 0.0720011 0.0702889 0.0669886 0.0625561 0.0573731 0.0517375 0.045865 0.0399034 0.0339584 0.0281236 0.0225096 0.0172636 0.012565 0.00859151 0.00546433
 0.00752388 0.0122864 0.0186109 0.0264741 0.0356312 0.0454676 0.054972 0.0629872 0.06863 0.0715676 0.0719745 0.070293 0.0670199 0.0626077 0.0574363 0.0518046 0.0459306 0.0399655 0.0340172 0.0281802 0.0225646 0.0173159 0.0126125 0.00863151 0.00549514
 0.00751167 0.012263 0.0185692 0.0264061 0.0355301 0.0453322 0.0548096 0.0628138 0.0684667 0.0714348 0.0718873 0.070259 0.0670391 0.0626735 0.0575376 0.051928 0.046063 0.0400961 0.0341391 0.0282897 0.0226601 0.017397 0.0126787 0.00868273 0.00553208
 0.0075049 0.0122552 0.0185629 0.0264044 0.0355346 0.04534 0.0548118 0.0627983 0.0684234 0.0713617 0.0717928 0.0701597 0.0669537 0.0626168 0.0575168 0.0519423 0.0461059 0.0401577 0.0342093 0.0283605 0.022726 0.0174548 0.0127267 0.00872031 0.00555945
 0.00750487 0.012253 0.018556 0.0263898 0.0355104 0.0453072 0.0547753 0.0627642 0.068396 0.0713398 0.0717704 0.0701304 0.066916 0.0625763 0.0574841 0.0519279 0.0461154 0.0401906 0.0342597 0.02842 0.0227867 0.0175104 0.0127735 0.00875666 0.00558553
 0.00748222 0.0122201 0.0185138 0.0263411 0.0354592 0.0452564 0.0547262 0.0627174 0.0683529 0.0713035 0.0717449 0.070118 0.0669154 0.0625841 0.0574975 0.0519471 0.0461432 0.0402302 0.0343115 0.0284806 0.0228501 0.0175701 0.0128245 0.00879636 0.00561373
#pred catch len freq
 0.00321473 0.00521667 0.00786763 0.0112113 0.0152884 0.0200892 0.0254927 0.0312542 0.0370554 0.0425696 0.0475108 0.0516715 0.0549495 0.0573509 0.0589598 0.0599015 0.060313 0.0603115 0.0599292 0.0590084 0.0571262 0.0536688 0.048124 0.0404779 0.0314371
 0.00348478 0.00557745 0.00826864 0.011564 0.0154994 0.0201077 0.0253411 0.0310177 0.0368327 0.042417 0.0474175 0.0515795 0.0548036 0.0571434 0.0587468 0.05978 0.0603727 0.0605814 0.0603462 0.0594294 0.057384 0.0536479 0.0478134 0.0399697 0.030874
 0.00360055 0.00580119 0.00866442 0.0121959 0.0163951 0.0212147 0.026507 0.0320253 0.0374863 0.04263 0.0472397 0.051147 0.0542537 0.0565603 0.0581649 0.0592235 0.0598821 0.0602027 0.0600921 0.0592508 0.0571818 0.0533242 0.0473297 0.0393698 0.0302573
 0.00374327 0.00602236 0.00898262 0.0126356 0.0169977 0.0220435 0.0276282 0.0334606 0.0391551 0.0443259 0.0486776 0.0520696 0.0545353 0.0562393 0.0573951 0.0581903 0.0587423 0.0590643 0.0590144 0.0582464 0.0562242 0.0523742 0.0463724 0.0384385 0.0294213
 0.00390018 0.00627586 0.009361 0.0131641 0.0176952 0.0229193 0.0286818 0.0346866 0.0405459 0.0458589 0.0502824 0.0535973 0.0557684 0.0569565 0.0574596 0.0576039 0.0576317 0.0576164 0.057407 0.0566064 0.0546233 0.0508497 0.0449572 0.037179 0.0283722
 0.00408812 0.00657523 0.00980124 0.0137716 0.0184925 0.023921 0.0298877 0.0360732 0.0420653 0.0474449 0.0518598 0.0550845 0.0570669 0.0579392 0.0579791 0.0575322 0.0569145 0.0563048 0.0556429 0.0545744 0.0525015 0.0487856 0.0430671 0.0355537 0.0270731
 0.00433042 0.00696036 0.0103654 0.0145453 0.0194981 0.0251685 0.0313664 0.0377447 0.043862 0.0492764 0.0536232 0.0566763 0.058391 0.058908 0.0585064 0.05753 0.0563068 0.0550603 0.0538081 0.0522834 0.0499544 0.0462079 0.0406693 0.0334995 0.0254577
 0.00457764 0.0073577 0.0109559 0.0153687 0.0205872 0.0265409 0.0330133 0.0396215 0.0458869 0.0513386 0.0555968 0.0584351 0.0598227 0.0599215 0.0590311 0.0575078 0.0556872 0.0538099 0.0519371 0.0498763 0.0471839 0.0433164 0.0379208 0.0311197 0.0235853
 0.00478878 0.00770053 0.0114727 0.0161027 0.0215797 0.027824 0.0345971 0.0414814 0.0479564 0.0535106 0.0577338 0.0603866 0.0614459 0.0610986 0.0596768 0.0575651 0.0551191 0.0525967 0.0500897 0.047463 0.0443559 0.0403083 0.0350125 0.0285696 0.0215645
 0.00499463 0.00803239 0.0119682 0.0167985 0.0225093 0.0290119 0.0360499 0.0431788 0.0498473 0.055514 0.0597429 0.0622764 0.0630839 0.0623584 0.0604505 0.0577707 0.0547016 0.0515287 0.0483788 0.0451718 0.0416241 0.037359 0.0321231 0.0260078 0.0195173
 0.00527831 0.00848285 0.0126274 0.0177014 0.0236819 0.030466 0.0377732 0.0451255 0.0519356 0.0576333 0.0617672 0.0640795 0.0645525 0.0633996 0.0609919 0.057757 0.0540917 0.0502989 0.0465351 0.0427715 0.0387995 0.0343253 0.0291526 0.0233692 0.017403
 0.00552029 0.00886896 0.0131961 0.0184869 0.0247118 0.0317566 0.0393197 0.0468932 0.0538565 0.0596094 0.0636808 0.0658061 0.065975 0.0644206 0.0615389 0.0577799 0.0535572 0.0491888 0.0448548 0.0405706 0.0361955 0.0315137 0.0263854 0.0208989 0.0154143
 0.00576507 0.00925609 0.0137595 0.0192534 0.0257 0.032973 0.0407525 0.0485052 0.055584 0.0613671 0.0653701 0.0673243 0.0672245 0.0653167 0.0620143 0.0577858 0.0530611 0.048174 0.0433271 0.0385745 0.0338352 0.0289628 0.0238698 0.0186473 0.0135965
 0.00605041 0.00970786 0.0144174 0.0201478 0.0268484 0.0343743 0.0423772 0.0502894 0.0574316 0.063163 0.0669969 0.0686778 0.0682247 0.0659111 0.062175 0.0575013 0.0523285 0.0469964 0.0417206 0.036584 0.0315544 0.026545 0.021513 0.0165523 0.0119114
 0.0063557 0.0101824 0.0150922 0.0210402 0.0279634 0.0357053 0.0439014 0.0519592 0.05917 0.0648664 0.0685469 0.0699588 0.0691421 0.0664043 0.0622197 0.0571019 0.0515057 0.0457775 0.0401397 0.0346934 0.0294419 0.0243441 0.0193926 0.0146814 0.0104135
 0.0065307 0.0104751 0.0155478 0.0217055 0.0288768 0.036881 0.0453145 0.0535412 0.0608196 0.0664697 0.0699944 0.0711551 0.0700098 0.0668871 0.0622867 0.0567478 0.050748 0.0446498 0.0386883 0.0329807 0.0275558 0.0224045 0.0175432 0.0130623 0.00912428
 0.00663968 0.0106538 0.0158214 0.0221034 0.029433 0.0376301 0.0462819 0.0547279 0.0621866 0.0679314 0.0714276 0.0724232 0.0709927 0.0675027 0.0624959 0.0565475 0.050159 0.0437093 0.0374467 0.0315042 0.025932 0.020744 0.0159708 0.0116945 0.00804092
 0.00674247 0.0108112 0.0160411 0.0223896 0.0297898 0.0380669 0.0468153 0.0553775 0.0629663 0.0688358 0.0724208 0.0734344 0.0719231 0.068245 0.0629573 0.0566684 0.0499194 0.0431243 0.0365588 0.0303783 0.0246535 0.0194162 0.0147053 0.0105916 0.00716761
 0.00677151 0.0108565 0.0161059 0.0224758 0.0298986 0.0382 0.0469764 0.0555758 0.0632183 0.0691655 0.0728519 0.0739765 0.0725573 0.0689155 0.063578 0.0571417 0.0501605 0.043081 0.0362213 0.0297784 0.0238587 0.0185191 0.0138083 0.0097875 0.00652003
 0.00669276 0.0107517 0.015991 0.0223793 0.0298532 0.0382291 0.0470843 0.0557476 0.0634302 0.0693987 0.0731026 0.0742566 0.0728845 0.069298 0.0639995 0.0575556 0.050497 0.0432668 0.0362024 0.0295384 0.0234245 0.017955 0.0131989 0.00921571 0.0060466
 0.00667963 0.0107215 0.0159311 0.0222777 0.029708 0.0380593 0.0469338 0.0556743 0.0634816 0.0695877 0.0734009 0.0746103 0.0732418 0.0696296 0.0642991 0.0578241 0.0507243 0.0434242 0.0362506 0.0294464 0.023188 0.0176037 0.0127891 0.0088119 0.00570142
 0.00666887 0.0106948 0.0158731 0.0221664 0.0295179 0.0377694 0.0465393 0.0551982 0.0629817 0.0691506 0.0731198 0.0745531 0.0734256 0.0700166 0.0648167 0.0583928 0.0512771 0.0439093 0.0366279 0.0296866 0.0232791 0.0175584 0.0126449 0.00862031 0.00551134
 0.00666416 0.0106925 0.0158786 0.022185 0.0295499 0.0378033 0.0465485 0.0551461 0.0628358 0.0689016 0.0727953 0.0742167 0.0731583 0.0698884 0.0648602 0.0585942 0.0515856 0.0442578 0.0369519 0.0299366 0.0234272 0.0176007 0.0126003 0.008523 0.00539834
 0.00671362 0.0107613 0.0159611 0.02227 0.0296252 0.0378616 0.0465898 0.0551733 0.0628458 0.0688793 0.0727176 0.0740679 0.072947 0.0696531 0.0646587 0.0584793 0.0515824 0.0443548 0.0371086 0.0301013 0.0235555 0.0176682 0.0126055 0.00848251 0.0053366
 0.00679988 0.0108894 0.0161308 0.0224718 0.0298413 0.0380693 0.0467651 0.0552956 0.0629027 0.0688686 0.0726454 0.0739424 0.0727746 0.0694418 0.0644251 0.0582529 0.0513986 0.0442398 0.0370672 0.0301148 0.0235919 0.0176972 0.0126103 0.0084622 0.00530116
 0.00682985 0.010935 0.0161934 0.0225503 0.0299316 0.0381645 0.0468556 0.0553695 0.0629482 0.0688772 0.0726151 0.0738781 0.0726857 0.0693379 0.0643146 0.0581438 0.0513018 0.0441688 0.0370323 0.0301165 0.0236188 0.0177311 0.0126351 0.00847046 0.00529481
 0.00670999 0.0107641 0.0159806 0.0223193 0.029714 0.0379889 0.046739 0.0553155 0.0629499 0.068923 0.0726925 0.0739755 0.0727934 0.0694484 0.0644223 0.0582454 0.0513963 0.0442582 0.0371199 0.0302046 0.0237051 0.0178091 0.012697 0.00851165 0.00531641
 0.00670561 0.0107387 0.0159099 0.0221734 0.0294696 0.0376464 0.0463337 0.0549127 0.062623 0.0687263 0.072644 0.0740587 0.0729711 0.0696799 0.0646737 0.0584935 0.0516278 0.0444667 0.0373042 0.0303651 0.0238425 0.0179222 0.0127842 0.00857281 0.00535426
 0.00689566 0.0110113 0.0162509 0.0225419 0.0298038 0.0378769 0.0464004 0.0547813 0.0622999 0.0682644 0.0721323 0.0735938 0.0726252 0.0694807 0.0646071 0.0585216 0.0517093 0.0445699 0.0374094 0.030463 0.0239287 0.0179947 0.0128416 0.00861462 0.00538157
 0.00700855 0.0111962 0.0165299 0.0229311 0.0303033 0.0384581 0.0469975 0.0552966 0.0626283 0.0683284 0.0719116 0.0731347 0.072025 0.0688541 0.0640507 0.05809 0.0514122 0.0443861 0.0373062 0.0304104 0.0239055 0.0179877 0.0128428 0.00861901 0.00538608
 0.00706665 0.0112889 0.0166674 0.0231239 0.0305635 0.0387973 0.0474206 0.0557904 0.0631502 0.0688038 0.0722477 0.0732502 0.0718829 0.0684802 0.0635249 0.0575156 0.0508805 0.0439521 0.0369858 0.0301915 0.0237644 0.0179006 0.0127911 0.00858966 0.00537027
 0.00710963 0.0113624 0.0167846 0.0232998 0.030812 0.0391267 0.047829 0.0562638 0.063662 0.0693152 0.0727074 0.0735959 0.0720511 0.0684253 0.0632397 0.0570415 0.0502964 0.0433494 0.0364399 0.0297458 0.02343 0.0176668 0.0126373 0.00849408 0.0053144
 0.00704841 0.0112778 0.0166858 0.0232066 0.0307517 0.0391286 0.0479176 0.0564534 0.0639532 0.0696925 0.0731384 0.0740341 0.0724407 0.0687092 0.0633712 0.0569977 0.0500885 0.0430223 0.0360584 0.029374 0.0231134 0.0174257 0.0124704 0.00838813 0.00525231
 0.00684227 0.0109726 0.016283 0.0227295 0.0302428 0.0386417 0.0475112 0.0561838 0.0638662 0.0698127 0.0734607 0.0745219 0.0730327 0.0693302 0.063945 0.0574602 0.0503996 0.0431736 0.0360735 0.0292979 0.0229966 0.0173087 0.0123764 0.00832365 0.00521349
 0.00662413 0.0106242 0.0157719 0.0220344 0.0293631 0.0376107 0.046406 0.0551238 0.0629912 0.0692489 0.0732898 0.0747634 0.0736439 0.0702187 0.0649894 0.0585338 0.0513925 0.0440093 0.0367164 0.0297515 0.023292 0.0174885 0.0124811 0.00838358 0.00524773
