SBPRF35
12.7214
Curr Bio
723080
B35
897713
F35
0.171762
FOFL
0.139809
OFL
85398.4
Bzero
3.63469e+006
#pred survey bio
 3.47763e+006 3.36267e+006 3.2496e+006 3.09476e+006 2.90849e+006 2.70365e+006 2.46992e+006 2.25161e+006 2.01646e+006 1.77898e+006 1.59493e+006 1.42105e+006 1.25014e+006 1.08257e+006 969116 850362 753981 687255 646414 615700 603945 586664 578755 570012 564977 567339 550602 549409 560636 557097 559538 557665 558478 569502 586348 599082 615179 621491 622709 636244 636678 646679 642978 651315 662505 680726 678292 700005 717644 728867 2.60695e+007 1.62404e+007 1.70587e+007 1.8292e+007 1.97595e+007 2.12661e+007 2.2674e+007 2.39078e+007 2.49412e+007 2.57792e+007 2.64434e+007 2.69615e+007 2.73614e+007 2.76678e+007 2.79019e+007 2.80804e+007 2.82166e+007 2.83208e+007 2.84008e+007 2.84624e+007 2.85101e+007 2.85471e+007 2.85761e+007 2.85988e+007 2.86167e+007 2.86308e+007 2.86421e+007 2.8651e+007 2.86581e+007 2.86639e+007 2.86685e+007 2.86722e+007 2.86752e+007 2.86776e+007 2.86796e+007 2.86812e+007 2.86825e+007 2.86836e+007 2.86844e+007 2.86851e+007 2.86857e+007 2.86862e+007 2.86865e+007 2.86869e+007 2.86871e+007 2.86873e+007 2.86875e+007 2.86876e+007 2.86878e+007 2.86878e+007 2.86879e+007 2.8688e+007 2.8688e+007 2.86881e+007 2.86881e+007 2.86881e+007 2.86882e+007 2.86882e+007 2.86882e+007 2.86882e+007 2.86882e+007 2.86882e+007 2.86882e+007 2.86882e+007 2.86882e+007 2.86882e+007 2.86883e+007 2.86883e+007 2.86883e+007 2.86883e+007 2.86883e+007 2.86883e+007 2.86883e+007 2.86883e+007 2.86883e+007 2.86883e+007 2.86883e+007 2.86883e+007 2.86883e+007 2.86883e+007 2.86883e+007 2.86883e+007 2.86883e+007 2.86883e+007 2.86883e+007 2.86883e+007 2.86883e+007 2.86883e+007 2.86883e+007 2.86883e+007 2.86883e+007 2.86883e+007 2.86883e+007 2.86883e+007 2.86883e+007 2.86883e+007 2.86883e+007 2.86883e+007 2.86883e+007 2.86883e+007 0 0 0 0 0 0 0 0 0 0 0 0 0 0 0 0 0 0 0 0 0 0 0 0 0
#obs survey bio
 2.7063e+006 3.82232e+006 3.89526e+006 4.11062e+006 3.16998e+006 2.45616e+006 2.7742e+006 1.92432e+006 2.3192e+006 1.64219e+006 1.74816e+006 1.31115e+006 1.32806e+006 801126 722950 777885 709528 800151 586878 523646 746318 689133 486072 679422 517066 637511 551298 438822 598893 663102 532784 713492 535850 459278 521743 653492 576214 599030 539394 531938 581345 637188 548290 578010 425985 673618 749911 587905 895678 646529
#pred catch bio
 106342 109869 157020 196955 227584 269168 271031 301914 317553 280606 280017 282502 281735 235084 238099 213848 183235 157269 145776 127613 129868 119237 117921 113050 105709 120157 105358 94846 106637 100154 102808 99666.2 91073.7 87335.8 92100.8 90007.2 98506.9 102737 93199.1 105842 99588.7 113298 104778 104750 101466 120456 101231 107245 114320 111130 85398.4 107187 111602 118761 127893 137356 146117 153667 159853 164735 168480 171291 173366 174877 175966 176745 177297 177687 177961 178153 178287 178380 178445 178490 178521 178543 178558 178568 178575 178580 178583 178586 178587 178588 178589 178590 178590 178590 178590 178590 178591 178591 178591 178591 178591 178591 178591 178591 178591 178591 178591 178591 178591 178591 178591 178591 178591 178591 178591 178591 178591 178591 178591 178591 178591 178591 178591 178591 178591 178591 178591 178591 178591 178591 178591 178591 178591 178591 178591 178591 178591 178591 178591 178591 178591 178591 178591 178591 178591 178591 178591 178591 178591 178591 178591 178591 178591 178591 178591 178591 0 0 0 0 0 0 0 0 0 0 0 0 0 0 0 0 0 0 0 0 0 0 0 0 0
#obs catch bio
 0 109657 157272 197106 227816 269963 270435 302428 319642 281710 281164 283163 282457 238560 242842 217158 184944 158223 146984 128764 130938 119402 118150 113025 105591 119777 105429 94896.1 106666 99499.7 102357 99160.8 90813.7 86962.4 92005.8 89737.6 97946.8 101877 92651.9 105415 99070.2 113700 105190 105221 101911 121495 101422 107651 114897 111084
#pred cpue bio
 3.43687e+006 3.32316e+006 3.21012e+006 3.05516e+006 2.86922e+006 2.66466e+006 2.43142e+006 2.2134e+006 1.9788e+006 1.74232e+006 1.55905e+006 1.38619e+006 1.21652e+006 1.05022e+006 937661 820671 726131 660844 620965 591001 579742 563304 555918 547555 542805 545338 529096 527989 539184 536077 538711 536994 537879 548744 565231 577739 593722 600078 601145 614194 614330 623697 619707 627652 638412 656097 653696 674918 692062 703074 2.51631e+007 1.56891e+007 1.63933e+007 1.75198e+007 1.89579e+007 2.0459e+007 2.18661e+007 2.30998e+007 2.41331e+007 2.49711e+007 2.56353e+007 2.61535e+007 2.65533e+007 2.68598e+007 2.70938e+007 2.72723e+007 2.74085e+007 2.75128e+007 2.75927e+007 2.76543e+007 2.7702e+007 2.77391e+007 2.7768e+007 2.77907e+007 2.78086e+007 2.78228e+007 2.7834e+007 2.78429e+007 2.78501e+007 2.78558e+007 2.78604e+007 2.78641e+007 2.78671e+007 2.78696e+007 2.78715e+007 2.78731e+007 2.78744e+007 2.78755e+007 2.78763e+007 2.78771e+007 2.78776e+007 2.78781e+007 2.78785e+007 2.78788e+007 2.7879e+007 2.78793e+007 2.78794e+007 2.78796e+007 2.78797e+007 2.78798e+007 2.78799e+007 2.78799e+007 2.788e+007 2.788e+007 2.788e+007 2.78801e+007 2.78801e+007 2.78801e+007 2.78801e+007 2.78801e+007 2.78802e+007 2.78802e+007 2.78802e+007 2.78802e+007 2.78802e+007 2.78802e+007 2.78802e+007 2.78802e+007 2.78802e+007 2.78802e+007 2.78802e+007 2.78802e+007 2.78802e+007 2.78802e+007 2.78802e+007 2.78802e+007 2.78802e+007 2.78802e+007 2.78802e+007 2.78802e+007 2.78802e+007 2.78802e+007 2.78802e+007 2.78802e+007 2.78802e+007 2.78802e+007 2.78802e+007 2.78802e+007 2.78802e+007 2.78802e+007 2.78802e+007 2.78802e+007 2.78802e+007 2.78802e+007 2.78802e+007 2.78802e+007 2.78802e+007 2.78802e+007 2.78802e+007 2.78802e+007 0 0 0 0 0 0 0 0 0 0 0 0 0 0 0 0 0 0 0 0 0 0 0 0 0
#obs cpue bio
 2.55253e+006 2.99487e+006 2.77109e+006 2.64911e+006 2.17879e+006 2.79196e+006 3.26039e+006 1.90074e+006 1.19711e+006 1.80894e+006 1.45546e+006 1.6739e+006 1.18793e+006 509546 955823 863278 832416 559796 563449 503254 499361 617120 650920 522476 564035 704788 375475 583467 645402 679254 560684 483781 485730 792581 556884 582458 923650 895294 522091 833157 639662 398529 556991 671994 778267 651808 621357 746892 509742 1.10374e+006
#pred surv len freq
 0.00426655 0.00700852 0.0107015 0.01538 0.0209634 0.0271678 0.0334848 0.039316 0.044199 0.0479542 0.050659 0.052517 0.0537434 0.0545114 0.054942 0.055113 0.0550759 0.0548587 0.0544237 0.0535787 0.0519039 0.0488146 0.0438235 0.0369031 0.0286904
 0.00455797 0.0074012 0.0111456 0.0157867 0.0212393 0.0272637 0.0334261 0.0391888 0.0440972 0.0479214 0.0506656 0.0524874 0.053612 0.0542712 0.054657 0.0548913 0.0550165 0.0549985 0.0547087 0.053877 0.0520611 0.0487244 0.0434773 0.0363873 0.0281368
 0.00463558 0.00758161 0.0115107 0.0164287 0.0222169 0.028546 0.0348624 0.0405407 0.04513 0.0485019 0.0507996 0.0522775 0.0531774 0.0536939 0.0539837 0.0541661 0.0543025 0.0543618 0.05418 0.0534239 0.0516014 0.0481762 0.0428134 0.0356556 0.0274327
 0.00478182 0.00780212 0.0118157 0.0168298 0.0227407 0.0292439 0.0357992 0.0417542 0.0465765 0.0500267 0.0521682 0.0532598 0.0536364 0.0536216 0.0534715 0.0533469 0.0533059 0.0532948 0.053118 0.0524022 0.050615 0.0472021 0.0418459 0.0347291 0.026612
 0.00497055 0.00811006 0.0122797 0.0174812 0.0235958 0.0302937 0.0370056 0.0430601 0.0479265 0.0513777 0.0534731 0.0544365 0.0545546 0.0541333 0.0534707 0.052816 0.0523189 0.0519818 0.0516183 0.0508306 0.0490503 0.0456968 0.0404461 0.0334879 0.0255842
 0.00516184 0.00842471 0.0127604 0.0181706 0.024529 0.0314845 0.0384316 0.0446559 0.0495917 0.0529995 0.0549506 0.0556933 0.0555313 0.054768 0.0536889 0.0525457 0.0515252 0.0506961 0.0499396 0.0489 0.0470185 0.0437024 0.0386085 0.0319038 0.0243185
 0.005441 0.0088689 0.0134114 0.0190623 0.0256831 0.0329033 0.0400882 0.0464872 0.0515021 0.0548727 0.0566662 0.0571415 0.0566244 0.0554433 0.0539018 0.0522595 0.0507107 0.049348 0.048101 0.0466776 0.0445757 0.0412342 0.0363074 0.0299271 0.0227615
 0.00568027 0.00926597 0.0140235 0.0199465 0.0268835 0.0344314 0.0419049 0.0485003 0.0535834 0.0568869 0.0584933 0.0586842 0.057805 0.0561992 0.0541826 0.0520255 0.0499334 0.0480167 0.0462393 0.0443654 0.0419625 0.0385289 0.0337421 0.0277048 0.0210103
 0.00590418 0.0096425 0.0146139 0.0208172 0.0280939 0.0360134 0.0438406 0.0507098 0.0559325 0.0592101 0.0606224 0.0604735 0.0591464 0.0570251 0.0544578 0.0517334 0.0490656 0.0465735 0.0442447 0.041891 0.0391497 0.0355899 0.0309288 0.0252505 0.0190696
 0.00619767 0.0101132 0.0153114 0.0217859 0.0293686 0.0376102 0.0457436 0.0528611 0.0582318 0.0615239 0.0627995 0.0623617 0.0606106 0.0579624 0.0548046 0.051462 0.0481738 0.0450765 0.0421791 0.0393337 0.0362409 0.032541 0.0279965 0.0226803 0.0170298
 0.0064074 0.0104599 0.0158436 0.0225526 0.0304092 0.0389403 0.0473411 0.0546635 0.0601481 0.0634542 0.0646468 0.0640331 0.062012 0.0589972 0.055381 0.0515045 0.047633 0.0439349 0.0404572 0.0371018 0.0336331 0.0297593 0.0252879 0.0202839 0.0151145
 0.00664993 0.0108521 0.0164305 0.0233754 0.031499 0.0403064 0.0489583 0.0564651 0.0620329 0.0653042 0.0663485 0.0654923 0.0631588 0.059781 0.0557598 0.0514362 0.0470752 0.0428556 0.0388531 0.0350196 0.0311882 0.0271381 0.0227243 0.0180069 0.0132886
 0.00697789 0.0113772 0.0172051 0.0244417 0.0328797 0.0419914 0.0508907 0.0585385 0.0641065 0.0672303 0.0679991 0.0667742 0.0640169 0.0601939 0.0557288 0.0509713 0.0461826 0.0415352 0.0371107 0.0328918 0.028768 0.0245859 0.0202489 0.0158175 0.0115362
 0.00728858 0.0118967 0.0180126 0.0256161 0.0344791 0.0440217 0.0532768 0.0611198 0.0666648 0.0695403 0.0698739 0.0680911 0.0647221 0.0602928 0.0552683 0.0500183 0.0448043 0.0397871 0.035039 0.030551 0.026246 0.0220206 0.0178173 0.0136974 0.0098542
 0.00733479 0.0119983 0.0182165 0.0259877 0.0350934 0.0449453 0.0545454 0.0627191 0.0685207 0.0715212 0.0718066 0.0697898 0.0660238 0.0610862 0.0555066 0.0497127 0.0440047 0.0385613 0.0334601 0.0286987 0.0242186 0.019945 0.0158445 0.0119741 0.00848459
 0.0074644 0.0122136 0.01855 0.0264753 0.0357705 0.0458391 0.0556649 0.0640463 0.0700075 0.0730898 0.0733536 0.0711939 0.0671589 0.0618404 0.055801 0.0495137 0.0433259 0.0374542 0.0320022 0.0269846 0.0223588 0.0180666 0.0140835 0.0104538 0.00728727
 0.00764784 0.0124972 0.0189499 0.0269981 0.0364148 0.0465971 0.0565224 0.0649822 0.0709935 0.0740922 0.0743335 0.0721047 0.0679433 0.0624307 0.0561259 0.0495113 0.0429583 0.0367188 0.030935 0.0256574 0.0208726 0.0165422 0.0126464 0.00921285 0.00631184
 0.0078063 0.0127415 0.0192925 0.0274405 0.0369471 0.047198 0.057161 0.0656216 0.0716006 0.0746472 0.0748338 0.0725577 0.0683525 0.0627822 0.0563831 0.0496196 0.0428589 0.0363669 0.0303162 0.0247979 0.0198393 0.0154329 0.0115708 0.00826875 0.00556315
 0.00790702 0.0128937 0.0195 0.0276991 0.0372458 0.0475216 0.0574924 0.0659439 0.0718997 0.0749164 0.0750756 0.0727831 0.0685746 0.0630069 0.0566001 0.0497979 0.0429497 0.0363158 0.0300809 0.0243655 0.0192368 0.0147243 0.010842 0.00760412 0.00502294
 0.00792795 0.0129369 0.0195811 0.0278368 0.0374544 0.0478027 0.0578275 0.0662965 0.0722271 0.0751845 0.0752699 0.0729095 0.0686528 0.0630603 0.0566455 0.0498376 0.0429674 0.036279 0.0299515 0.024116 0.0188653 0.0142615 0.0103437 0.00713367 0.00463088
 0.00778892 0.0127228 0.0192826 0.0274569 0.0370122 0.0473353 0.05739 0.0659538 0.0720379 0.075182 0.0754521 0.0732435 0.0690902 0.0635527 0.0571534 0.0503296 0.0434157 0.0366542 0.0302229 0.0242584 0.0188697 0.0141432 0.0101416 0.00689915 0.00441129
 0.00784496 0.0127871 0.0193302 0.0274491 0.0369086 0.0471123 0.0570561 0.0655532 0.0716383 0.074855 0.0752536 0.0732015 0.0692019 0.0637905 0.0574757 0.0506922 0.0437785 0.036983 0.0304883 0.0244367 0.018948 0.014125 0.010049 0.00676666 0.00427458
 0.00787016 0.0128237 0.0193756 0.027494 0.0369341 0.0470894 0.0569495 0.0653335 0.0712993 0.0744279 0.0748067 0.0728218 0.0689657 0.063739 0.0576061 0.050966 0.0441381 0.037368 0.0308463 0.0247286 0.0191508 0.0142338 0.0100761 0.00673736 0.00421834
 0.00787686 0.0128381 0.0194036 0.0275423 0.0370071 0.0471843 0.057052 0.065416 0.0713259 0.0743652 0.0746384 0.0725609 0.0686573 0.0634489 0.0573985 0.0508814 0.0441814 0.0375116 0.0310437 0.0249308 0.0193189 0.014346 0.0101296 0.00674394 0.00419711
 0.00786422 0.0128148 0.0193638 0.0274804 0.0369208 0.0470782 0.0569396 0.0653166 0.0712561 0.0743297 0.0746258 0.0725489 0.0686254 0.063392 0.0573329 0.0508386 0.0441926 0.0375917 0.031184 0.0251033 0.0194887 0.0144845 0.0102225 0.00679232 0.00421249
 0.00781138 0.0127274 0.0192299 0.0272885 0.0366634 0.0467572 0.0565714 0.0649339 0.070904 0.0740555 0.0744662 0.0725195 0.0687163 0.0635728 0.0575663 0.0510945 0.044456 0.0378599 0.0314564 0.0253721 0.0197373 0.0146939 0.0103798 0.00689575 0.00427075
 0.00791842 0.0128967 0.0194746 0.0276145 0.0370642 0.047208 0.0570259 0.0653288 0.0711737 0.0741528 0.0743778 0.0722691 0.0683539 0.0631576 0.0571498 0.0507127 0.0441295 0.037599 0.0312648 0.0252474 0.0196694 0.0146665 0.0103746 0.00689808 0.00427243
 0.00787318 0.0128278 0.0193802 0.0274976 0.0369338 0.0470793 0.056919 0.065264 0.0711642 0.0741973 0.0744592 0.0723609 0.0684315 0.0632079 0.0571742 0.0507224 0.0441385 0.0376182 0.0312999 0.0252984 0.019732 0.0147326 0.0104354 0.00694658 0.00430581
 0.00767397 0.0125209 0.0189509 0.0269456 0.0362757 0.0463504 0.0561748 0.0645786 0.0706188 0.0738622 0.0743752 0.0725285 0.0688126 0.0637375 0.0577792 0.0513389 0.044722 0.0381447 0.0317597 0.0256899 0.0200561 0.0149911 0.0106312 0.00708525 0.00439628
 0.00770743 0.0125534 0.0189594 0.0268962 0.0361333 0.046094 0.0558102 0.0641403 0.0701606 0.0734423 0.0740441 0.0723227 0.0687513 0.0638204 0.0579863 0.0516342 0.045063 0.0384924 0.0320857 0.0259778 0.0202986 0.0151863 0.0107804 0.00719232 0.00446734
 0.00770233 0.0125448 0.0189448 0.0268694 0.0360817 0.0459971 0.0556419 0.0638784 0.0698009 0.0730103 0.0735952 0.0719277 0.0684753 0.0637046 0.0580398 0.051837 0.0453748 0.038864 0.0324701 0.0263378 0.0206102 0.0154382 0.0109711 0.00732702 0.00455551
 0.00771053 0.0125596 0.0189696 0.0269079 0.0361357 0.0460637 0.0557102 0.0639276 0.0698023 0.072935 0.0734257 0.0716699 0.0681635 0.0633944 0.057791 0.0516943 0.0453552 0.0389557 0.0326409 0.0265476 0.0208226 0.0156272 0.0111226 0.00743775 0.00462949
 0.00774431 0.0126028 0.0190131 0.026937 0.0361352 0.0460252 0.0556378 0.0638361 0.0697099 0.0728526 0.0733511 0.0715901 0.0680639 0.0632712 0.0576584 0.0515815 0.0452945 0.0389683 0.032728 0.0266909 0.020993 0.0157952 0.0112669 0.00754794 0.00470507
 0.00777028 0.0126306 0.0190283 0.0269163 0.0360523 0.04586 0.0553856 0.0635136 0.0693535 0.0725114 0.0730745 0.0714137 0.0679996 0.0633059 0.057764 0.05173 0.045469 0.039164 0.0329449 0.0269241 0.0212288 0.0160145 0.0114524 0.00768976 0.00480287
 0.00767468 0.0124932 0.0188538 0.0267184 0.0358468 0.0456549 0.0551766 0.0632874 0.0691002 0.072237 0.0728063 0.0711942 0.0678716 0.0632967 0.0578761 0.0519428 0.0457495 0.0394792 0.0332693 0.0272403 0.0215231 0.0162742 0.0116663 0.00785216 0.00491519
 0.00755346 0.0123088 0.0186011 0.0264034 0.0354876 0.0452813 0.054826 0.0629973 0.0688964 0.0721234 0.0727656 0.0712008 0.0679085 0.0633649 0.0579899 0.0521167 0.045986 0.039766 0.0335839 0.0275576 0.0218212 0.0165361 0.0118809 0.00801484 0.00502818
 0.00748118 0.01218 0.0183872 0.0260741 0.0350213 0.0446809 0.0541313 0.0622848 0.068261 0.071651 0.0725084 0.0711668 0.0680676 0.0636663 0.0583824 0.0525617 0.0464599 0.0402529 0.0340678 0.0280191 0.0222392 0.0168928 0.0121655 0.00822543 0.0051716
 0.00757373 0.0123113 0.0185482 0.0262405 0.035156 0.0447401 0.054074 0.0620836 0.0679146 0.0711925 0.0720025 0.0706935 0.0676978 0.0634417 0.0583089 0.0526185 0.0466145 0.0404733 0.0343274 0.0282952 0.0225106 0.0171398 0.0123729 0.00838509 0.00528372
 0.00766585 0.0124636 0.0187804 0.0265681 0.0355815 0.0452414 0.0545963 0.0625436 0.0682201 0.0712714 0.0718276 0.0702924 0.0671437 0.0628309 0.0577337 0.0521448 0.0462731 0.0402643 0.0342314 0.0282848 0.0225573 0.0172171 0.0124586 0.00846305 0.00534487
 0.00768109 0.0124824 0.0187987 0.026581 0.035588 0.0452492 0.0546226 0.0626078 0.0683299 0.0714107 0.0719557 0.0703583 0.0671091 0.0626893 0.0575141 0.0519001 0.0460586 0.0401193 0.0341706 0.0283004 0.0226274 0.0173156 0.0125617 0.00855385 0.00541468
 0.00783159 0.0127141 0.0191223 0.0269956 0.0360786 0.0457863 0.0551628 0.0630991 0.0687231 0.0716709 0.0720673 0.0703195 0.0669242 0.0623665 0.0570712 0.0513719 0.0454971 0.0395833 0.0337102 0.0279448 0.0223818 0.0171658 0.0124834 0.00852149 0.00540698
 0.00779036 0.0126707 0.0191003 0.0270304 0.036207 0.0460301 0.055515 0.0635224 0.0691606 0.072064 0.0723709 0.0705079 0.0669896 0.0623117 0.0569056 0.0511106 0.0451641 0.0392138 0.0333464 0.0276257 0.022133 0.0169945 0.0123806 0.00846902 0.00538561
 0.00782961 0.0127343 0.0191965 0.0271698 0.0364034 0.0463 0.0558733 0.0639725 0.0696835 0.0726122 0.0728734 0.0708894 0.067192 0.0623106 0.0567112 0.0507578 0.0447006 0.038691 0.0328149 0.0271318 0.0217127 0.0166679 0.0121499 0.0083214 0.00530044
 0.00784484 0.012749 0.0192008 0.0271497 0.0363469 0.0462059 0.0557588 0.0638735 0.0696469 0.07268 0.0730656 0.0711919 0.0675563 0.0626668 0.05699 0.0509118 0.0447145 0.0385801 0.0326156 0.0268892 0.0214697 0.0164571 0.0119885 0.00821196 0.00523465
 0.007836 0.0127387 0.0191921 0.027146 0.036349 0.0462084 0.0557495 0.0638392 0.0695831 0.0726005 0.0730029 0.0711858 0.0676353 0.0628315 0.0572091 0.0511329 0.0448838 0.0386623 0.0326031 0.0268001 0.0213371 0.0163157 0.0118648 0.00811916 0.00517403
 0.00768039 0.0125102 0.0188941 0.0267986 0.0359842 0.045862 0.0554532 0.0636159 0.0694449 0.0725487 0.0730322 0.0712903 0.0678131 0.0630829 0.057528 0.0514976 0.0452564 0.0389977 0.0328646 0.0269712 0.0214242 0.0163412 0.0118558 0.00809817 0.00515432
 0.00778153 0.0126487 0.0190555 0.0269551 0.0361058 0.0459306 0.0554726 0.0636083 0.0694364 0.0725524 0.0730415 0.0712859 0.067778 0.0630152 0.0574423 0.0514161 0.0451954 0.0389585 0.0328345 0.0269337 0.0213692 0.0162705 0.0117802 0.00803005 0.00510195
 0.00776005 0.0126107 0.0189916 0.0268527 0.0359493 0.0457048 0.0551693 0.0632357 0.0690268 0.0721623 0.072739 0.0711275 0.067788 0.0631786 0.0577165 0.0517509 0.0455487 0.0393005 0.0331443 0.0271949 0.0215714 0.0164113 0.0118667 0.00807597 0.00512242
 0.00763769 0.0124401 0.0187867 0.026643 0.035769 0.0455774 0.0550953 0.0631919 0.0689782 0.07208 0.0726158 0.0709842 0.0676661 0.0631232 0.0577567 0.0518894 0.0457637 0.0395574 0.0334079 0.0274369 0.0217728 0.0165633 0.0119698 0.00813822 0.00515544
 0.00754959 0.0122987 0.0185791 0.0263631 0.0354247 0.0451971 0.0547293 0.0629017 0.0688133 0.0720552 0.0727039 0.0711316 0.0678218 0.0632617 0.0578838 0.0520282 0.0459351 0.0397663 0.0336413 0.0276714 0.0219846 0.0167357 0.0120964 0.00822175 0.0052048
#obs surv len freq
 nan nan nan nan nan nan nan nan nan nan nan nan nan nan nan nan nan nan nan nan nan nan nan nan nan
 0.00448496 0.00734643 0.0111765 0.0159929 0.0216935 0.0279689 0.0342827 0.0400137 0.0446931 0.0481567 0.0505144 0.0520101 0.0529023 0.0534146 0.0537288 0.0539837 0.0542622 0.0545549 0.0546937 0.0542856 0.0527236 0.0493558 0.0438056 0.0362858 0.0276695
 0.00461559 0.00756136 0.0115044 0.0164608 0.0223203 0.0287548 0.0351992 0.0410009 0.0456681 0.0490309 0.0512099 0.0524715 0.0531017 0.0533517 0.0534262 0.0534791 0.0535997 0.0537774 0.0538404 0.0533939 0.0518325 0.0485088 0.0430478 0.0356554 0.0271877
 0.00478525 0.0078374 0.0119203 0.0170483 0.0231035 0.0297404 0.0363663 0.042295 0.0470055 0.050311 0.0523299 0.0533393 0.0536469 0.0535333 0.053236 0.0529396 0.052757 0.0526919 0.0525794 0.0520282 0.0504382 0.0471669 0.0418391 0.0346463 0.0264151
 0.00496883 0.00813994 0.0123832 0.0177125 0.0240014 0.0308831 0.0377305 0.0438185 0.0485964 0.0518635 0.0537395 0.0545101 0.0544954 0.0539922 0.0532609 0.0525152 0.0519007 0.0514526 0.0510328 0.0502723 0.0485891 0.0453524 0.0401853 0.0332564 0.0253469
 0.00518941 0.00849906 0.0129248 0.0184785 0.0250243 0.0321743 0.0392671 0.0455379 0.0504024 0.053643 0.0553786 0.0559054 0.0555578 0.0546484 0.053454 0.0522081 0.0510814 0.0501422 0.049292 0.0482049 0.0463396 0.0430939 0.0380952 0.0314825 0.0239753
 0.00541854 0.008875 0.013497 0.0192951 0.0261228 0.0335671 0.0409265 0.0473915 0.0523443 0.0555538 0.0571441 0.0574252 0.0567462 0.0554326 0.053773 0.0520132 0.0503411 0.048852 0.0474883 0.0459788 0.0438427 0.0405277 0.0356791 0.0294069 0.0223573
 0.00565317 0.00926104 0.0140867 0.0201402 0.0272652 0.0350228 0.0426696 0.0493479 0.0544015 0.0575826 0.0590192 0.0590382 0.0580096 0.0562777 0.0541451 0.0518674 0.0496419 0.0475817 0.0456636 0.0436729 0.0412004 0.0377611 0.0330342 0.0271075 0.0205488
 0.00590408 0.00966958 0.014703 0.0210119 0.0284292 0.0364922 0.044419 0.051307 0.0564636 0.0596231 0.0609147 0.0606782 0.0593025 0.0571515 0.054545 0.0517509 0.048976 0.0463461 0.0438658 0.0413714 0.0385274 0.034925 0.0302897 0.0246966 0.0186363
 0.00615844 0.010087 0.0153381 0.0219177 0.0296457 0.03803 0.0462425 0.0533303 0.0585642 0.0616675 0.06278 0.0622636 0.0605293 0.0579596 0.0548881 0.0515925 0.0482869 0.0451074 0.0420816 0.0390919 0.0358725 0.0320924 0.02753 0.0222553 0.0166872
 0.00636707 0.0104328 0.0158714 0.0226898 0.0307003 0.0393869 0.0478816 0.0551842 0.0605268 0.0636131 0.0645845 0.0638183 0.0617479 0.0587787 0.0552633 0.0514921 0.0476865 0.0439906 0.0404509 0.03699 0.033406 0.0294419 0.0249294 0.0199393 0.0148265
 0.00660687 0.010822 0.0164558 0.0235122 0.0317923 0.0407571 0.0495023 0.056986 0.0624072 0.0654543 0.0662716 0.0652509 0.0628459 0.0594837 0.0555368 0.0513106 0.0470359 0.0428645 0.0388583 0.0349726 0.0310609 0.0269329 0.0224704 0.0177473 0.0130619
 0.00682678 0.0111836 0.0170075 0.0243005 0.0328519 0.0420952 0.0510837 0.0587298 0.0642003 0.0671758 0.0678134 0.0665277 0.0637953 0.0600624 0.0557163 0.0510734 0.0463729 0.0417745 0.037354 0.0330958 0.0289005 0.024635 0.020225 0.0157476 0.0114513
 0.00703669 0.0115283 0.0175326 0.0250503 0.0338606 0.0433722 0.0525989 0.060408 0.065931 0.0688342 0.0692828 0.0677145 0.0646353 0.0605202 0.0557791 0.0507421 0.0456548 0.0406807 0.035905 0.0313343 0.0269082 0.0225409 0.0181948 0.0139483 0.0100061
 0.0072717 0.0119124 0.0181137 0.0258733 0.0349567 0.0447436 0.0542034 0.0621554 0.0676962 0.0704828 0.0706943 0.0687971 0.0653304 0.0608014 0.0556473 0.0502171 0.0447661 0.0394616 0.0343929 0.0295805 0.0249915 0.0205759 0.0163232 0.01231 0.00870135
 0.0074387 0.0121914 0.0185475 0.0265062 0.0358254 0.0458621 0.0555482 0.0636592 0.0692573 0.0719837 0.0720216 0.0698553 0.0660499 0.0611414 0.0555953 0.0497845 0.0439814 0.0383639 0.0330298 0.0280114 0.0232956 0.0188572 0.0147026 0.0109029 0.00758762
 0.00753234 0.0123451 0.0187825 0.0268455 0.0362916 0.046474 0.0563134 0.0645681 0.070279 0.0730653 0.0730921 0.0708326 0.0668515 0.0616956 0.0558503 0.0497133 0.0435818 0.037656 0.0320527 0.0268226 0.0219725 0.0174962 0.0134107 0.00977835 0.00669691
 0.00762244 0.0124837 0.0189769 0.0270983 0.0366025 0.0468416 0.056737 0.0650473 0.0708125 0.0736491 0.0737144 0.0714689 0.0674606 0.0622215 0.0562299 0.0498885 0.0435107 0.0373209 0.0314638 0.0260184 0.021018 0.0164775 0.0124231 0.00890859 0.00600371
 0.00767307 0.0125635 0.0190921 0.0272523 0.0367951 0.0470679 0.0569873 0.0653098 0.0710785 0.0739182 0.0739955 0.0717741 0.0677946 0.0625716 0.0565622 0.0501514 0.0436466 0.037281 0.0312216 0.0255788 0.0204194 0.0157864 0.0117206 0.00827158 0.00548684
 0.00771443 0.0126246 0.0191728 0.0273489 0.0369019 0.0471797 0.057101 0.0654245 0.0711948 0.0740379 0.0741223 0.0719145 0.0679566 0.0627604 0.0567725 0.050362 0.0438199 0.03737 0.0311842 0.0253929 0.020093 0.0153587 0.0112519 0.00782618 0.00511432
 0.00776902 0.0127047 0.0192769 0.0274697 0.0370276 0.0472969 0.0571982 0.0654942 0.0712353 0.0740543 0.0741262 0.0719205 0.0679793 0.0628103 0.0568534 0.0504678 0.0439322 0.0374588 0.0312136 0.0253328 0.019932 0.0151111 0.0109548 0.00752672 0.00485374
 0.00781979 0.0127828 0.0193859 0.0276086 0.0371902 0.0474711 0.0573657 0.0656335 0.0713272 0.0740883 0.0741047 0.0718584 0.0678986 0.0627337 0.0567984 0.0504429 0.0439344 0.037473 0.0312159 0.0252972 0.0198404 0.0149621 0.0107658 0.0073274 0.00467398
 0.00784848 0.0128279 0.0194508 0.0276953 0.0372983 0.0475967 0.0575011 0.0657662 0.0714418 0.07417 0.0741429 0.0718502 0.06785 0.0626586 0.0567149 0.0503679 0.0438783 0.0374362 0.0311882 0.0252618 0.0197811 0.0148711 0.0106484 0.00719927 0.00455457
 0.00787242 0.0128634 0.019498 0.0277521 0.0373616 0.0476634 0.0575689 0.0658335 0.0715064 0.0742284 0.0741897 0.0718791 0.0678559 0.0626397 0.0566748 0.0503152 0.0438234 0.0373873 0.0311469 0.0252229 0.0197355 0.0148116 0.0105744 0.00711803 0.00447722
 0.00788763 0.0128836 0.0195197 0.0277696 0.0373681 0.047654 0.0575431 0.0657959 0.071466 0.0741956 0.0741736 0.0718843 0.067881 0.0626781 0.0567171 0.0503533 0.0438532 0.0374083 0.0311603 0.0252283 0.0197305 0.0147935 0.010543 0.00707756 0.00443481
 0.00789236 0.0128902 0.0195277 0.0277772 0.0373721 0.0476504 0.057527 0.0657639 0.071418 0.0741368 0.0741143 0.0718373 0.067857 0.0626822 0.0567473 0.0504017 0.0439092 0.0374627 0.0312066 0.0252629 0.0197515 0.0148001 0.0105364 0.00706113 0.00441373
 0.00790153 0.0129016 0.0195383 0.0277822 0.0373661 0.0476296 0.0574911 0.0657157 0.0713623 0.0740787 0.0740585 0.071789 0.0678223 0.0626672 0.056756 0.0504339 0.0439601 0.0375236 0.0312682 0.0253171 0.0197929 0.0148265 0.0105484 0.00706175 0.0044073
 0.00789203 0.0128859 0.019514 0.0277469 0.0373174 0.0475662 0.0574134 0.0656273 0.0712698 0.0739913 0.0739863 0.0717405 0.0678027 0.0626779 0.0567955 0.0504982 0.0440435 0.0376185 0.0313654 0.0254075 0.019869 0.014884 0.0105868 0.00708335 0.00441667
 0.00788471 0.0128719 0.0194893 0.0277063 0.0372569 0.047484 0.0573126 0.0655153 0.0711573 0.0738893 0.0739043 0.0716853 0.067779 0.0626876 0.0568375 0.0505686 0.044136 0.0377249 0.0314765 0.025514 0.0199627 0.0149593 0.0106414 0.0071187 0.00443671
 0.00786609 0.012839 0.0194349 0.0276227 0.0371374 0.0473269 0.0571241 0.0653105 0.0709572 0.0737162 0.0737772 0.0716164 0.0677722 0.0627398 0.05694 0.0507098 0.0443026 0.0379037 0.031655 0.0256806 0.0201081 0.0150772 0.0107296 0.00717903 0.00447404
 0.00786003 0.0128274 0.019414 0.0275874 0.0370819 0.0472459 0.0570147 0.065174 0.0708004 0.0735519 0.0736225 0.0714901 0.0676908 0.0627133 0.0569707 0.0507921 0.0444256 0.0380531 0.0318156 0.0258384 0.0202511 0.015197 0.010822 0.00724419 0.00451581
 0.00782288 0.0127687 0.019329 0.0274729 0.0369374 0.0470747 0.0568244 0.0649769 0.0706114 0.0733855 0.0734911 0.0714031 0.0676548 0.0627326 0.0570458 0.0509189 0.0445946 0.0382506 0.0320252 0.0260433 0.0204369 0.0153532 0.0109432 0.0073307 0.00457218
 0.00780714 0.0127379 0.0192734 0.0273808 0.0367987 0.0468863 0.0565945 0.0647251 0.0703645 0.0731699 0.0733267 0.0713013 0.067619 0.0627608 0.0571327 0.0510571 0.0447744 0.0384597 0.0322487 0.0262649 0.020641 0.0155273 0.0110804 0.00742999 0.00463781
 0.00777548 0.0126867 0.0191967 0.0272727 0.0366541 0.0467022 0.0563724 0.0644735 0.0701001 0.0729164 0.0731113 0.0711488 0.0675466 0.062774 0.0572264 0.0512183 0.0449864 0.0387044 0.0325077 0.0265201 0.0208758 0.0157284 0.0112399 0.00754633 0.00471539
 0.0077442 0.0126353 0.0191183 0.0271611 0.0365049 0.0465153 0.056154 0.0642363 0.0698606 0.0726921 0.0729186 0.0710025 0.0674599 0.0627575 0.0572848 0.0513488 0.0451779 0.0389397 0.0327663 0.0267811 0.0211198 0.0159401 0.0114096 0.00767149 0.00479973
 0.00770275 0.01257 0.0190241 0.0270344 0.0363447 0.0463237 0.0559375 0.0640063 0.0696326 0.0724832 0.0727444 0.0708757 0.0673893 0.0627485 0.0573399 0.0514668 0.0453531 0.0391607 0.0330164 0.0270401 0.0213672 0.0161582 0.0115869 0.00780368 0.00488969
 0.0076791 0.0125287 0.0189566 0.0269317 0.0361997 0.046135 0.0557129 0.0637627 0.069392 0.0722672 0.0725698 0.0707532 0.0673242 0.0627428 0.057393 0.0515761 0.0455135 0.0393635 0.0332489 0.0272854 0.0216061 0.0163731 0.0117645 0.00793799 0.00498219
 0.00766815 0.0125096 0.0189254 0.0268832 0.036128 0.0460347 0.055581 0.0636005 0.0692068 0.0720726 0.0723839 0.070595 0.0672099 0.0626826 0.0573909 0.0516311 0.0456207 0.0395153 0.0334342 0.0274896 0.0218124 0.0165642 0.0119267 0.00806341 0.00507022
 0.00762602 0.0124478 0.0188446 0.0267882 0.0360254 0.0459306 0.0554782 0.0634986 0.0691041 0.0719679 0.072279 0.0704961 0.0671269 0.0626275 0.0573743 0.0516599 0.0456965 0.0396342 0.0335876 0.0276649 0.0219942 0.0167366 0.0120758 0.00818086 0.00515398
 0.00760891 0.012417 0.018793 0.0267086 0.0359136 0.0457892 0.0553192 0.0633415 0.068969 0.0718676 0.0722156 0.0704626 0.0671138 0.0626287 0.0573904 0.0516961 0.0457593 0.0397274 0.0337096 0.0278087 0.0221479 0.0168861 0.0122081 0.00828708 0.00523104
 0.00758906 0.0123872 0.0187526 0.0266577 0.0358522 0.045716 0.0552322 0.0632396 0.0688558 0.0717529 0.0721133 0.0703859 0.0670704 0.0626184 0.0574078 0.0517354 0.0458178 0.039805 0.0338069 0.0279229 0.0222721 0.0170099 0.0123204 0.00837928 0.00529926
 0.00756873 0.0123564 0.0187105 0.0266052 0.0357918 0.0456516 0.0551677 0.0631785 0.0687995 0.0717009 0.0720641 0.0703399 0.0670312 0.0625921 0.0574 0.051749 0.0458525 0.0398591 0.0338781 0.0280083 0.0223667 0.0171064 0.0124103 0.00845492 0.00535653
 0.00756693 0.012351 0.018698 0.0265812 0.0357525 0.0455958 0.055099 0.0631045 0.0687295 0.0716425 0.0720209 0.0703108 0.067013 0.062582 0.0573979 0.051757 0.0458736 0.0398954 0.0339296 0.0280729 0.0224402 0.0171827 0.0124824 0.00851671 0.00540415
 0.00755274 0.0123318 0.018676 0.0265602 0.0357362 0.0455851 0.0550909 0.0630931 0.0687091 0.0716113 0.071982 0.0702708 0.0669782 0.0625564 0.0573825 0.0517518 0.0458787 0.0399118 0.0339582 0.0281133 0.0224901 0.0172375 0.0125363 0.00856424 0.00544167
 0.00754278 0.0123138 0.018646 0.0265142 0.0356724 0.0455063 0.0550054 0.0630133 0.068647 0.0715733 0.0719673 0.0702736 0.066992 0.0625772 0.057409 0.0517839 0.0459167 0.0399555 0.0340073 0.0281671 0.0225468 0.0172942 0.0125891 0.00860936 0.00547662
 0.00753263 0.012299 0.0186265 0.0264908 0.0356453 0.0454749 0.0549678 0.0629681 0.0685955 0.0715204 0.0719211 0.0702415 0.0669781 0.0625807 0.0574261 0.0518103 0.0459494 0.039993 0.0340488 0.028212 0.0225937 0.0173407 0.0126322 0.00864624 0.00550532
 0.00749641 0.0122435 0.0185496 0.026393 0.0355307 0.0453502 0.0548429 0.0628542 0.0685029 0.0714564 0.0718884 0.0702399 0.0670053 0.0626337 0.0575006 0.0519004 0.0460483 0.0400941 0.0341472 0.0283042 0.0226772 0.0174137 0.0126931 0.00869395 0.00554003
 0.00750256 0.0122476 0.0185451 0.0263707 0.0354813 0.0452694 0.0547344 0.06273 0.0683799 0.0713507 0.0718115 0.0701965 0.0669951 0.0626529 0.0575443 0.0519635 0.0461252 0.0401793 0.0342349 0.0283892 0.0227554 0.0174819 0.0127495 0.00873765 0.00557146
 0.00750032 0.0122484 0.0185538 0.0263932 0.0355211 0.0453233 0.0547902 0.0627695 0.0683859 0.0713154 0.0717398 0.070104 0.0669008 0.0625726 0.0574871 0.0519323 0.0461183 0.0401924 0.0342628 0.0284262 0.0227962 0.0175218 0.012785 0.00876658 0.00559301
 0.00748015 0.0122149 0.0185026 0.0263212 0.0354287 0.045217 0.0546831 0.0626783 0.0683241 0.0712872 0.0717389 0.0701184 0.0669205 0.0625944 0.0575143 0.05197 0.04617 0.0402576 0.0343375 0.0285045 0.022872 0.0175898 0.0128414 0.00880991 0.00562358
#pred catch len freq
 0.00314478 0.00511438 0.00773477 0.0110565 0.0151241 0.019927 0.0253394 0.0311113 0.0369209 0.0424407 0.0473865 0.0515535 0.054843 0.057263 0.0588984 0.0598736 0.060325 0.0603708 0.0600444 0.0591878 0.0573724 0.0539721 0.0484593 0.0408088 0.0317275
 0.0033707 0.00542211 0.00809023 0.0113973 0.0153847 0.0200738 0.0253914 0.0311276 0.0369592 0.0425143 0.0474511 0.0515349 0.0546873 0.0569788 0.0585659 0.0596148 0.0602486 0.0605161 0.0603504 0.0595086 0.0575372 0.0538639 0.0480688 0.040232 0.0311103
 0.0034585 0.00559793 0.00841094 0.011923 0.0161484 0.021044 0.0264535 0.0321099 0.0376998 0.0429297 0.0475568 0.0514064 0.0543995 0.0565728 0.0580626 0.0590507 0.0596914 0.0600404 0.059991 0.0592286 0.0572419 0.0534564 0.0475111 0.0395698 0.0304447
 0.00360207 0.00581637 0.00871687 0.0123313 0.0166885 0.0217677 0.0274225 0.0333559 0.0391723 0.0444698 0.0489295 0.0523855 0.0548527 0.0564949 0.0575452 0.0582249 0.058686 0.058964 0.058922 0.058203 0.0562516 0.0524725 0.0465234 0.0386129 0.0295886
 0.00378003 0.00610125 0.0091367 0.0129078 0.017433 0.0226769 0.0284791 0.0345362 0.0404559 0.0458359 0.0503315 0.053719 0.0559519 0.0571762 0.0576776 0.0577811 0.0577437 0.0576645 0.0574173 0.0566173 0.0546685 0.0509448 0.0450963 0.0373399 0.0285276
 0.00397645 0.00641707 0.00960653 0.0135642 0.0183032 0.0237764 0.0298003 0.0360393 0.0420689 0.0474662 0.0518842 0.0551083 0.057098 0.0579906 0.0580583 0.0576331 0.057019 0.0563931 0.0557071 0.0546237 0.0525561 0.0488635 0.0431732 0.0356775 0.0271956
 0.00423175 0.00681909 0.0101887 0.0143527 0.0193174 0.0250273 0.0312842 0.0377276 0.043901 0.0493494 0.0537011 0.0567331 0.0584146 0.0589047 0.0584966 0.0575359 0.0563408 0.0551205 0.0538839 0.0523659 0.0500422 0.0463049 0.0407775 0.0336134 0.0255657
 0.00448599 0.00722974 0.0108022 0.015212 0.0204555 0.0264574 0.0329872 0.0396464 0.0459456 0.0514096 0.0556599 0.0584749 0.0598305 0.0598979 0.0589872 0.0574627 0.0556612 0.0538167 0.0519797 0.0499491 0.0472778 0.0434232 0.0380334 0.03123 0.0236843
 0.00473459 0.00763464 0.0114145 0.0160835 0.0216341 0.0279751 0.0348441 0.0417956 0.0482884 0.053804 0.05794 0.0604766 0.0614148 0.060964 0.0594708 0.0573252 0.0548797 0.0523839 0.0499187 0.0473383 0.0442741 0.0402621 0.0349941 0.0285712 0.021578
 0.00500068 0.00805718 0.0120338 0.0169361 0.0227532 0.0293887 0.0365654 0.0438087 0.0505356 0.0561795 0.0602947 0.0626352 0.0632027 0.0622344 0.0601211 0.0572989 0.0541562 0.0509695 0.0478488 0.0446966 0.0412159 0.0370217 0.0318566 0.0258091 0.0193797
 0.00523322 0.00843148 0.0125909 0.017714 0.0237828 0.0306869 0.038126 0.0455974 0.0524917 0.0582228 0.0623296 0.0645512 0.0648755 0.0635327 0.0609212 0.0575003 0.0536933 0.0498169 0.0460273 0.0422845 0.0383644 0.0339592 0.0288619 0.0231523 0.0172524
 0.00551209 0.0088729 0.0132341 0.0185906 0.0249149 0.0320827 0.0397708 0.0474445 0.0544608 0.060208 0.0642151 0.066227 0.0662481 0.0645263 0.061471 0.0575453 0.0531768 0.0486978 0.0442999 0.0400016 0.0356574 0.0310402 0.0259966 0.0206016 0.0152039
 0.00588542 0.00945944 0.0140794 0.0197246 0.0263493 0.0338054 0.0417371 0.0495713 0.0566308 0.0622854 0.0660654 0.0677348 0.067329 0.0651317 0.0615822 0.0571597 0.0522937 0.0473134 0.0424197 0.0376674 0.0329759 0.0281948 0.0232259 0.0181446 0.0132339
 0.00616843 0.00992575 0.014793 0.0207498 0.0277388 0.0355798 0.0438628 0.0519485 0.0591016 0.0646598 0.0681534 0.0693759 0.0684137 0.0656099 0.061458 0.0564734 0.0510992 0.0456623 0.0403598 0.03526 0.0303222 0.0254529 0.0205991 0.0158375 0.0113943
 0.00630419 0.0101578 0.0151655 0.0213169 0.0285603 0.03671 0.0453325 0.0537453 0.0611557 0.0668395 0.0702781 0.0712453 0.0698467 0.0664787 0.0617046 0.0561045 0.0501669 0.0442409 0.0385317 0.0331165 0.0279763 0.0230516 0.0183168 0.0138439 0.00980995
 0.00645328 0.0103991 0.015528 0.0218313 0.0292581 0.0376207 0.046476 0.0551214 0.0627339 0.0685521 0.0720177 0.0728726 0.0712081 0.0674318 0.0621443 0.0559802 0.0494852 0.0430559 0.0369302 0.0312068 0.0258862 0.0209286 0.0163187 0.0121144 0.00844529
 0.0066079 0.0106373 0.0158631 0.0222696 0.0298027 0.0382751 0.047245 0.0560076 0.0637316 0.069641 0.0731584 0.074003 0.0722445 0.0682754 0.0626937 0.0561488 0.0492193 0.0423468 0.0358171 0.0297728 0.0242493 0.0192299 0.0147053 0.0107141 0.00734082
 0.00672001 0.0108098 0.0161048 0.0225826 0.0301833 0.0387158 0.0477357 0.0565377 0.0642926 0.0702289 0.073772 0.0746373 0.0728807 0.0688733 0.0631899 0.056465 0.0492777 0.0420905 0.0352277 0.028881 0.0231343 0.0180074 0.0135052 0.00965249 0.00649454
 0.00680624 0.0109397 0.0162811 0.0228017 0.0304367 0.0389933 0.0480277 0.0568361 0.0645919 0.0705271 0.0740722 0.0749465 0.0732053 0.0692107 0.0635203 0.0567465 0.0494502 0.0420886 0.0350017 0.0284161 0.0224625 0.0172044 0.0126723 0.00888914 0.00587217
 0.00677887 0.0109074 0.0162551 0.0227997 0.0304781 0.0390914 0.0481841 0.0570397 0.0648241 0.0707698 0.0743134 0.0751824 0.0734382 0.0694448 0.063755 0.0569694 0.0496324 0.0421869 0.0349695 0.0282213 0.0221046 0.0167212 0.0121317 0.00836815 0.00543267
 0.00667064 0.0107417 0.0160259 0.0225108 0.0301456 0.0387445 0.0478642 0.0567952 0.0646984 0.0707884 0.0744764 0.0754673 0.0738107 0.0698692 0.0642004 0.0574083 0.0500366 0.0425235 0.0352022 0.0283196 0.0220562 0.0165423 0.0118658 0.00807342 0.00516252
 0.00668329 0.010744 0.0159958 0.0224177 0.0299591 0.0384496 0.0474737 0.0563533 0.0642718 0.070449 0.0742825 0.07545 0.0739683 0.070172 0.0646014 0.0578562 0.0504841 0.0429295 0.0355315 0.0285439 0.0221603 0.0165305 0.0117643 0.00792295 0.00500542
 0.00670451 0.0107741 0.0160314 0.0224485 0.0299655 0.0384019 0.0473367 0.0560982 0.0638941 0.0699829 0.0738006 0.0750446 0.0737208 0.0701272 0.0647571 0.0581711 0.050895 0.0433689 0.0359401 0.0288768 0.0223908 0.0166526 0.0117923 0.00788616 0.004938
 0.00669692 0.010766 0.0160269 0.0224536 0.0299855 0.0384369 0.0473773 0.0561231 0.0638727 0.069884 0.0736078 0.0747696 0.0734093 0.0698474 0.0645767 0.0581318 0.0509991 0.0435828 0.0362091 0.0291438 0.0226109 0.0168014 0.0118672 0.00790201 0.00491823
 0.00665388 0.0106977 0.0159278 0.0223213 0.0298231 0.0382556 0.0471968 0.0559682 0.0637641 0.0698288 0.0735939 0.0747716 0.0734022 0.0698225 0.0645488 0.0581331 0.0510621 0.043722 0.0364125 0.029378 0.022835 0.0169824 0.0119893 0.00796752 0.00494172
 0.00666868 0.0107142 0.0159384 0.022313 0.0297799 0.0381629 0.0470471 0.0557661 0.0635289 0.0695923 0.0733925 0.0746337 0.073338 0.0698227 0.0645941 0.0582077 0.0511621 0.0438521 0.0365757 0.0295658 0.023027 0.0171536 0.0121211 0.00805388 0.0049884
 0.00671385 0.0107877 0.0160486 0.0224659 0.0299759 0.0383922 0.0472864 0.0559795 0.0636762 0.0696412 0.0733298 0.0744705 0.0731055 0.0695606 0.0643385 0.0579832 0.050982 0.0437231 0.0364999 0.0295404 0.0230418 0.0171919 0.0121648 0.00808968 0.00501085
 0.00662273 0.0106499 0.0158612 0.0222352 0.0297179 0.0381319 0.0470556 0.0558109 0.0635941 0.0696518 0.0734177 0.0746051 0.0732537 0.0696995 0.06446 0.0580914 0.0510857 0.0438299 0.0366137 0.0296601 0.0231622 0.0173048 0.0122612 0.00816329 0.00506037
 0.00648322 0.0104354 0.0155614 0.0218492 0.0292546 0.0376105 0.0465073 0.0552812 0.0631393 0.0693297 0.0732734 0.0746567 0.0734863 0.0700693 0.0649086 0.0585639 0.0515422 0.0442485 0.0369856 0.0299833 0.023436 0.0175284 0.0124344 0.00828836 0.00514318
 0.00647982 0.0104155 0.0155049 0.0217293 0.0290448 0.0372963 0.0460964 0.0548055 0.0626487 0.0688808 0.0729189 0.0744388 0.07343 0.0701774 0.0651602 0.0589182 0.0519497 0.0446634 0.0373743 0.0303264 0.0237248 0.0177607 0.0126119 0.00841554 0.00522751
 0.0064824 0.0104182 0.0155048 0.0217188 0.0290091 0.0372115 0.0459326 0.0545367 0.0622684 0.068414 0.0724237 0.0739918 0.073104 0.0700214 0.0651893 0.0591149 0.0522725 0.0450588 0.0377895 0.0307189 0.0240668 0.0180384 0.0128229 0.00856504 0.00532563
 0.00647728 0.0104123 0.0155003 0.0217192 0.0290172 0.0372272 0.0459489 0.0545373 0.0622281 0.0683051 0.072228 0.0737139 0.0727787 0.0697071 0.0649498 0.0589977 0.0522946 0.0452049 0.0380218 0.0309906 0.0243358 0.0182747 0.013011 0.00870184 0.00541669
 0.00646529 0.0103877 0.0154545 0.0216422 0.0289023 0.0370759 0.0457748 0.0543641 0.0620804 0.0681973 0.0721571 0.0736622 0.0727246 0.0696401 0.0648795 0.0589517 0.0523053 0.0452936 0.0381875 0.0312111 0.0245769 0.018503 0.0132024 0.00884592 0.00551458
 0.00645892 0.0103687 0.0154095 0.0215528 0.0287485 0.0368436 0.0454632 0.0539914 0.0616842 0.0678284 0.0718675 0.0734893 0.0726801 0.0697081 0.0650275 0.0591475 0.0525296 0.0455408 0.0384573 0.0314976 0.0248639 0.0187682 0.0134257 0.00901608 0.00563167
 0.00638206 0.0102581 0.0152687 0.0213917 0.0285774 0.0366647 0.0452671 0.0537614 0.0614089 0.0675151 0.0715474 0.0732119 0.0724963 0.0696525 0.0651071 0.0593429 0.052806 0.0458624 0.0387962 0.0318338 0.0251816 0.0190518 0.0136616 0.00919645 0.00575708
