SBPRF35
12.7214
Curr Bio
688950
B35
883494
F35
0.17106
FOFL
0.129651
OFL
72899.5
Bzero
3.63469e+006
#pred survey bio
 3.51638e+006 3.41267e+006 3.30685e+006 3.15433e+006 2.96736e+006 2.75965e+006 2.52185e+006 2.29897e+006 2.05929e+006 1.81766e+006 1.62962e+006 1.45219e+006 1.27844e+006 1.10864e+006 992797 872217 774570 706958 665413 634157 621776 604081 595848 586875 581622 583747 567121 565884 576887 573340 575841 574143 575165 586308 603174 615837 631742 637970 639111 652277 652318 661525 656686 663172 671616 685797 677950 691829 698312 692990 2.39385e+007 1.4483e+007 1.49126e+007 1.60176e+007 1.75929e+007 1.93461e+007 2.10555e+007 2.2591e+007 2.38963e+007 2.49646e+007 2.58155e+007 2.64807e+007 2.69941e+007 2.73869e+007 2.7686e+007 2.79132e+007 2.80857e+007 2.8217e+007 2.83171e+007 2.83938e+007 2.84527e+007 2.84982e+007 2.85336e+007 2.85612e+007 2.85828e+007 2.85999e+007 2.86133e+007 2.86239e+007 2.86324e+007 2.86392e+007 2.86446e+007 2.8649e+007 2.86525e+007 2.86554e+007 2.86577e+007 2.86595e+007 2.8661e+007 2.86623e+007 2.86633e+007 2.86641e+007 2.86648e+007 2.86653e+007 2.86658e+007 2.86661e+007 2.86664e+007 2.86667e+007 2.86669e+007 2.8667e+007 2.86671e+007 2.86673e+007 2.86673e+007 2.86674e+007 2.86675e+007 2.86675e+007 2.86676e+007 2.86676e+007 2.86676e+007 2.86676e+007 2.86677e+007 2.86677e+007 2.86677e+007 2.86677e+007 2.86677e+007 2.86677e+007 2.86677e+007 2.86677e+007 2.86677e+007 2.86677e+007 2.86677e+007 2.86677e+007 2.86677e+007 2.86677e+007 2.86677e+007 2.86677e+007 2.86677e+007 2.86677e+007 2.86677e+007 2.86677e+007 2.86677e+007 2.86677e+007 2.86677e+007 2.86677e+007 2.86677e+007 2.86677e+007 2.86677e+007 2.86677e+007 2.86677e+007 2.86677e+007 2.86677e+007 2.86677e+007 2.86677e+007 2.86677e+007 2.86677e+007 2.86677e+007 2.86677e+007 2.86677e+007 2.86677e+007 2.86677e+007 2.86677e+007 2.86677e+007 0 0 0 0 0 0 0 0 0 0 0 0 0 0 0 0 0 0 0 0 0 0 0 0 0
#obs survey bio
 2.7063e+006 3.82232e+006 3.89526e+006 4.11062e+006 3.16998e+006 2.45616e+006 2.7742e+006 1.92432e+006 2.3192e+006 1.64219e+006 1.74816e+006 1.31115e+006 1.32806e+006 801126 722950 777885 709528 800151 586878 523646 746318 689133 486072 679422 517066 637511 551298 438822 598893 663102 532784 713492 535850 459278 521743 653492 576214 599030 539394 531938 581345 637188 548290 578010 425985 673618 749911 587905 895678 646529
#pred catch bio
 105698 109867 157023 196933 227521 269020 270797 301560 317090 280154 279474 281852 280999 234590 237512 213272 182724 156837 145375 127286 129488 118877 117559 112700 105399 119734 105045 94588.9 106296 99834.8 102477 99352 90816.8 87094.7 91839.9 89755.9 98199.7 102402 92942.2 105519 99313.7 112973 104513 104495 101244 120175 101062 107103 114221 111109 72899.5 95108.3 96693 102439 112013 123101 133933 143556 151594 158024 163005 166773 169570 171616 173096 174157 174912 175446 175823 176086 176271 176400 176489 176552 176595 176625 176646 176660 176670 176676 176681 176684 176687 176688 176689 176690 176690 176691 176691 176691 176691 176691 176691 176691 176692 176692 176692 176692 176692 176692 176692 176692 176692 176692 176692 176692 176692 176692 176692 176692 176692 176692 176692 176692 176692 176692 176692 176692 176692 176692 176692 176692 176692 176692 176692 176692 176692 176692 176692 176692 176692 176692 176692 176692 176692 176692 176692 176692 176692 176692 176692 176692 176692 176692 176692 176692 176692 176692 176692 176692 0 0 0 0 0 0 0 0 0 0 0 0 0 0 0 0 0 0 0 0 0 0 0 0 0
#obs catch bio
 0 109657 157272 197106 227816 269963 270435 302428 319642 281710 281164 283163 282457 238560 242842 217158 184944 158223 146984 128764 130938 119402 118150 113025 105591 119777 105429 94896.1 106666 99499.7 102357 99160.8 90813.7 86962.4 92005.8 89737.6 97946.8 101877 92651.9 105415 99070.2 113700 105190 105221 101911 121495 101422 107651 114897 111084
#pred cpue bio
 3.46201e+006 3.35987e+006 3.25596e+006 3.10448e+006 2.91797e+006 2.71079e+006 2.47385e+006 2.25159e+006 2.01286e+006 1.77264e+006 1.58571e+006 1.40968e+006 1.23759e+006 1.06964e+006 954997 836538 741040 675127 634721 604384 592548 575796 568167 559676 554761 557033 541033 539904 550802 547710 550417 548920 550020 560942 577377 589771 605473 611741 612804 625427 625187 633751 628699 634816 642941 656735 649288 663080 669808 665636 2.30506e+007 1.39702e+007 1.42489e+007 1.51517e+007 1.66395e+007 1.83676e+007 2.00711e+007 2.16053e+007 2.29104e+007 2.39786e+007 2.48295e+007 2.54947e+007 2.60081e+007 2.64009e+007 2.67e+007 2.69272e+007 2.70997e+007 2.7231e+007 2.73311e+007 2.74078e+007 2.74667e+007 2.75122e+007 2.75476e+007 2.75752e+007 2.75968e+007 2.76139e+007 2.76273e+007 2.76379e+007 2.76464e+007 2.76532e+007 2.76586e+007 2.7663e+007 2.76665e+007 2.76694e+007 2.76717e+007 2.76735e+007 2.7675e+007 2.76763e+007 2.76773e+007 2.76781e+007 2.76788e+007 2.76793e+007 2.76798e+007 2.76801e+007 2.76804e+007 2.76807e+007 2.76809e+007 2.7681e+007 2.76811e+007 2.76813e+007 2.76813e+007 2.76814e+007 2.76815e+007 2.76815e+007 2.76816e+007 2.76816e+007 2.76816e+007 2.76816e+007 2.76817e+007 2.76817e+007 2.76817e+007 2.76817e+007 2.76817e+007 2.76817e+007 2.76817e+007 2.76817e+007 2.76817e+007 2.76817e+007 2.76817e+007 2.76817e+007 2.76817e+007 2.76817e+007 2.76817e+007 2.76817e+007 2.76817e+007 2.76817e+007 2.76817e+007 2.76817e+007 2.76817e+007 2.76817e+007 2.76817e+007 2.76817e+007 2.76817e+007 2.76817e+007 2.76817e+007 2.76817e+007 2.76817e+007 2.76817e+007 2.76817e+007 2.76817e+007 2.76817e+007 2.76817e+007 2.76817e+007 2.76817e+007 2.76817e+007 2.76817e+007 2.76817e+007 2.76817e+007 2.76817e+007 2.76817e+007 0 0 0 0 0 0 0 0 0 0 0 0 0 0 0 0 0 0 0 0 0 0 0 0 0
#obs cpue bio
 2.55253e+006 2.99487e+006 2.77109e+006 2.64911e+006 2.17879e+006 2.79196e+006 3.26039e+006 1.90074e+006 1.19711e+006 1.80894e+006 1.45546e+006 1.6739e+006 1.18793e+006 509546 955823 863278 832416 559796 563449 503254 499361 617120 650920 522476 564035 704788 375475 583467 645402 679254 560684 483781 485730 792581 556884 582458 923650 895294 522091 833157 639662 398529 556991 671994 778267 651808 621357 746892 509742 1.10374e+006
#pred surv len freq
 0.00558764 0.00890125 0.0130784 0.0180006 0.0235051 0.0293403 0.0351194 0.0403828 0.0447621 0.0481089 0.0504887 0.0520811 0.0530836 0.0536633 0.0539425 0.0539996 0.0538802 0.0535981 0.0530984 0.0521789 0.0504299 0.047299 0.042341 0.0355558 0.0275733
 0.00566457 0.00896707 0.0130729 0.0178441 0.0231353 0.0287616 0.0344312 0.0397572 0.0443715 0.0480444 0.0507205 0.0524849 0.053512 0.0540175 0.0542071 0.0542311 0.0541599 0.0539751 0.0535497 0.052609 0.0507126 0.0473412 0.0421316 0.0351694 0.0271286
 0.00592002 0.00934766 0.0135769 0.0184361 0.0237433 0.0292825 0.0347496 0.0397821 0.0440827 0.0475209 0.0501208 0.0519776 0.0531982 0.0538973 0.0542095 0.0542782 0.0542147 0.0540422 0.0536386 0.0526956 0.050734 0.0472292 0.041859 0.0347728 0.0266906
 0.00614408 0.00971212 0.0141242 0.0192015 0.0247415 0.0304879 0.0360777 0.041086 0.0451782 0.0482376 0.0503609 0.0517541 0.0526281 0.0531489 0.0534317 0.0535533 0.0535582 0.0534345 0.0530545 0.052112 0.050126 0.0465756 0.041161 0.0340677 0.0260426
 0.00637565 0.0100785 0.0146581 0.0199304 0.0256867 0.0316606 0.037468 0.0426463 0.0468103 0.0497907 0.0516506 0.0526036 0.0529226 0.0528766 0.0526858 0.0524901 0.0523352 0.0521635 0.0517903 0.0508687 0.0489032 0.0453803 0.0400212 0.0330331 0.0251702
 0.00663527 0.0104864 0.0152463 0.0207206 0.02669 0.0328751 0.0388746 0.0442056 0.0484612 0.0514511 0.0532143 0.0539379 0.0538781 0.0533175 0.0525331 0.0517536 0.0511121 0.0506021 0.0500403 0.0490488 0.0470971 0.0436534 0.0384385 0.0316617 0.0240653
 0.00699491 0.0110442 0.0160362 0.0217576 0.0279705 0.0343775 0.0405571 0.0460042 0.0502943 0.05323 0.0548512 0.0553464 0.0549664 0.0539844 0.0526777 0.0513012 0.0500462 0.0489823 0.0479937 0.0467402 0.0446976 0.0413226 0.0363157 0.0298583 0.0226494
 0.00730158 0.0115339 0.0167565 0.0227466 0.0292496 0.0359411 0.0423613 0.0479642 0.0522971 0.0551566 0.056596 0.0568245 0.0561092 0.0547287 0.0529566 0.051046 0.049202 0.0475364 0.0460002 0.0443279 0.0420551 0.0386675 0.0338582 0.0277655 0.0210175
 0.00759131 0.0120003 0.0174507 0.0237147 0.0305263 0.0375384 0.0442536 0.0500794 0.0545204 0.0573469 0.0586081 0.0585291 0.0574056 0.0555479 0.0532533 0.0507858 0.0483553 0.0460873 0.0439718 0.0418102 0.0392177 0.0357438 0.0311025 0.0253951 0.0191643
 0.00795439 0.0125669 0.0182604 0.0247918 0.0318803 0.0391635 0.0461237 0.0521402 0.0566873 0.0595092 0.060639 0.060298 0.0587919 0.0564536 0.0536099 0.0505522 0.0475111 0.0446297 0.0419266 0.0392553 0.0363057 0.0327021 0.0281979 0.022871 0.0171782
 0.0082372 0.0130134 0.0189078 0.0256669 0.0329963 0.0405159 0.0476839 0.0538545 0.0584829 0.0613058 0.0623563 0.0618555 0.0601047 0.0574321 0.0541654 0.0506067 0.047006 0.0435342 0.040248 0.0370557 0.0337196 0.0299387 0.0255117 0.0205042 0.0152967
 0.00856926 0.0135315 0.0196474 0.0266475 0.0342202 0.0419661 0.0493194 0.0556072 0.0602631 0.0630161 0.063907 0.063174 0.0611362 0.0581331 0.0544943 0.0505177 0.0464506 0.0424717 0.0386653 0.0349915 0.0312853 0.027322 0.0229509 0.0182328 0.0134801
 0.00896313 0.0141481 0.0205309 0.0278226 0.0356879 0.0436979 0.0512502 0.0576337 0.0622559 0.0648427 0.0654543 0.0643613 0.061918 0.0584931 0.0544349 0.0500462 0.0455678 0.0411709 0.0369454 0.0328827 0.0288768 0.0247737 0.0204743 0.0160409 0.0117267
 0.00934043 0.0147516 0.0214204 0.0290457 0.0372695 0.0456249 0.0534547 0.0599879 0.0645882 0.0669699 0.0672148 0.0656375 0.0626457 0.0586599 0.0540694 0.0492 0.0442973 0.0395242 0.0349633 0.0306162 0.026412 0.0222485 0.0180684 0.013936 0.0100536
 0.00943432 0.0149201 0.0217046 0.0294976 0.037945 0.0465702 0.0546891 0.0614901 0.0662908 0.0687628 0.0689573 0.0671779 0.0638459 0.0594179 0.0543316 0.0489609 0.0435875 0.0383948 0.0334756 0.0288421 0.0244456 0.0202162 0.016123 0.0122279 0.00869134
 0.00961712 0.0152114 0.022133 0.0300878 0.0387165 0.0475335 0.0558393 0.062801 0.0677126 0.0702241 0.070369 0.0684394 0.0648539 0.0600791 0.0545768 0.0487558 0.0429356 0.0373337 0.0320684 0.0271728 0.0226186 0.0183568 0.0143689 0.0107062 0.00748851
 0.00983639 0.0155459 0.0225961 0.0306791 0.0394249 0.0483425 0.0567297 0.0637499 0.0686922 0.0712013 0.0713058 0.0692913 0.0655688 0.0605979 0.054839 0.0487086 0.0425457 0.0365963 0.0310128 0.0258617 0.0211455 0.0168381 0.0129296 0.00945753 0.00650326
 0.0100322 0.0158401 0.022994 0.0311697 0.039985 0.0489436 0.0573434 0.0643518 0.069264 0.0717338 0.0717976 0.0697436 0.0659759 0.0609399 0.0550783 0.0487951 0.042427 0.0362328 0.0303914 0.0250059 0.0201174 0.0157314 0.0118521 0.00850751 0.00574675
 0.0101474 0.0160133 0.0232282 0.031458 0.0403124 0.0492903 0.0576886 0.0646762 0.0695543 0.0719863 0.07202 0.0699514 0.0661844 0.0611541 0.0552857 0.0489626 0.0425063 0.0361712 0.0301485 0.0245695 0.0195131 0.015021 0.0111198 0.00783744 0.00520009
 0.0101534 0.0160331 0.023276 0.0315522 0.0404696 0.0495168 0.0579735 0.0649919 0.0698647 0.0722594 0.0722379 0.0701132 0.0663032 0.0612483 0.0553697 0.0490371 0.0425539 0.036159 0.0300386 0.0243349 0.0191524 0.0145648 0.0106243 0.00736653 0.00480552
 0.0100025 0.0158035 0.0229611 0.0311596 0.0400228 0.0490552 0.0575503 0.0646667 0.0696899 0.0722638 0.0724184 0.0704392 0.0667296 0.0617303 0.0558702 0.0495265 0.0430046 0.0365409 0.0303192 0.0244869 0.019165 0.0144522 0.010425 0.00713224 0.00458446
 0.0100771 0.0158969 0.0230504 0.0312068 0.0399857 0.0489054 0.0572882 0.0643258 0.0693282 0.0719473 0.0722032 0.0703587 0.0667892 0.0619105 0.0561355 0.0498369 0.0433224 0.0368327 0.0305554 0.0246429 0.0192263 0.0144209 0.0103218 0.00699112 0.00444088
 0.0101039 0.0159361 0.0230999 0.0312583 0.0400227 0.0489024 0.0572141 0.0641537 0.0690494 0.0715843 0.0718112 0.0700116 0.0665563 0.0618342 0.0562215 0.0500576 0.0436297 0.0371721 0.0308771 0.0249075 0.0194094 0.0145154 0.0103385 0.00695405 0.00437883
 0.0101011 0.0159362 0.0231083 0.0312824 0.0400688 0.0489708 0.0572948 0.0642248 0.0690803 0.0715447 0.0716835 0.0698025 0.0663005 0.0615869 0.0560396 0.04998 0.0436652 0.0372998 0.0310567 0.0250939 0.0195651 0.0146187 0.0103856 0.00695585 0.00435401
 0.010106 0.0159372 0.0230975 0.0312496 0.0400058 0.0488777 0.0571831 0.0641149 0.0689929 0.0714897 0.0716547 0.0697813 0.0662677 0.0615354 0.0559813 0.0499414 0.0436741 0.0373709 0.0311835 0.0252517 0.0197217 0.0147467 0.0104708 0.00699891 0.00436576
 0.010046 0.0158446 0.0229671 0.0310793 0.0397964 0.0486328 0.0569112 0.0638318 0.0687234 0.0712651 0.0715055 0.0697272 0.0663096 0.061656 0.0561537 0.0501419 0.0438897 0.0375983 0.0314208 0.0254906 0.0199458 0.0149372 0.0106145 0.00709323 0.00441826
 0.0101496 0.016005 0.0231931 0.0313718 0.0401465 0.0490193 0.0572992 0.0641746 0.0689712 0.0713783 0.0714665 0.0695461 0.0660202 0.061304 0.0557841 0.0497898 0.0435785 0.0373419 0.0312265 0.0253588 0.0198688 0.0149005 0.0106011 0.00708914 0.00441542
 0.0100882 0.0159126 0.0230681 0.0312192 0.039978 0.0488527 0.0571563 0.0640779 0.0689363 0.0714079 0.0715476 0.0696544 0.0661296 0.0613964 0.0558538 0.0498417 0.0436228 0.0373883 0.0312811 0.0254231 0.0199398 0.0149716 0.0106645 0.00713883 0.00444922
 0.00987147 0.0155842 0.0226191 0.0306586 0.0393316 0.0481603 0.0564696 0.0634583 0.0684488 0.0711086 0.0714704 0.069802 0.066473 0.0618824 0.0564195 0.0504287 0.0441875 0.0379044 0.0317362 0.0258129 0.0202636 0.0152303 0.0108607 0.00727791 0.00454002
 0.00991051 0.0156277 0.0226479 0.0306428 0.039239 0.0479693 0.0561806 0.0630958 0.0680551 0.0707323 0.0711571 0.0695879 0.0663804 0.0619168 0.0565679 0.0506626 0.0444704 0.0382014 0.0320204 0.0260677 0.0204808 0.0154069 0.0109968 0.00737621 0.00460561
 0.00990588 0.0156192 0.0226323 0.030614 0.039186 0.0478756 0.0560264 0.0628651 0.0677458 0.0703646 0.0707741 0.0692456 0.0661328 0.061801 0.0565965 0.0508238 0.0447334 0.038525 0.0323628 0.026394 0.0207672 0.0156409 0.0111755 0.00750328 0.00468924
 0.00990318 0.0156185 0.0226378 0.0306312 0.0392193 0.0479243 0.0560811 0.0629066 0.067748 0.0703021 0.0706319 0.0690288 0.0658696 0.0615373 0.0563825 0.0506986 0.0447139 0.0386038 0.0325141 0.0265835 0.020962 0.0158164 0.0113177 0.00760814 0.00475978
 0.00994757 0.0156756 0.0226965 0.0306728 0.0392245 0.0478824 0.0559969 0.0627985 0.0676387 0.0702064 0.0705501 0.0689491 0.0657776 0.0614282 0.0562674 0.0506019 0.0446634 0.0386184 0.0325953 0.0267161 0.0211202 0.0159736 0.0114538 0.00771291 0.00483215
 0.00996602 0.0156951 0.0227059 0.0306543 0.0391569 0.0477478 0.055788 0.0625242 0.0673257 0.0698949 0.070285 0.0687661 0.065693 0.0614356 0.056345 0.0507263 0.044819 0.0387993 0.0327994 0.0269371 0.0213446 0.016183 0.0116316 0.00784942 0.00492675
 0.00983427 0.0155052 0.0224647 0.0303822 0.0388799 0.0474862 0.055548 0.0622997 0.0671072 0.0696814 0.0700901 0.068617 0.0656206 0.0614622 0.0564755 0.0509464 0.0451023 0.0391173 0.0331281 0.0272585 0.0216439 0.0164466 0.0118484 0.00801382 0.00504045
 0.00969309 0.0152924 0.0221764 0.0300279 0.0384823 0.0470781 0.0551685 0.0619868 0.0668878 0.0695628 0.070059 0.0686492 0.0656959 0.0615742 0.0566301 0.0511523 0.0453609 0.0394183 0.0334525 0.0275837 0.0219488 0.0167146 0.012068 0.00818023 0.005156
 0.0096279 0.0151776 0.0219879 0.02974 0.0380762 0.0465544 0.0545579 0.0613508 0.0663056 0.0691094 0.0697852 0.0685709 0.0657958 0.0618141 0.056967 0.0515503 0.0457953 0.0398714 0.0339074 0.0280212 0.0223485 0.0170583 0.0123441 0.0083859 0.00529683
 0.00972011 0.0153097 0.0221526 0.0299159 0.0382294 0.0466443 0.0545448 0.0612059 0.0660222 0.0687116 0.069327 0.0681233 0.0654258 0.0615655 0.0568529 0.0515587 0.0459007 0.0400463 0.0341271 0.0282635 0.0225924 0.0172844 0.0125366 0.00853588 0.00540317
 0.00983075 0.0154822 0.0223975 0.0302356 0.0386146 0.0470701 0.0549677 0.0615658 0.0662539 0.0687619 0.0691729 0.0677814 0.0649501 0.0610328 0.0563417 0.0511293 0.0455853 0.0398494 0.0340346 0.0282522 0.0226364 0.0173587 0.0126198 0.00861203 0.00546325
 0.00985686 0.0155188 0.0224422 0.030284 0.0386632 0.0471197 0.0550247 0.0616379 0.066342 0.068853 0.0692394 0.0677901 0.0648768 0.0608758 0.0561257 0.0508975 0.0453843 0.0397134 0.0339771 0.0282668 0.0227036 0.0174538 0.0127202 0.008701 0.00553202
 0.010007 0.0157477 0.0227577 0.0306816 0.0391258 0.0476191 0.0555226 0.0620904 0.0667068 0.069098 0.0693469 0.067755 0.0647016 0.0605695 0.0557075 0.0504015 0.0448582 0.0392107 0.0335436 0.0279301 0.0224694 0.0173101 0.0126447 0.00866973 0.00552469
 0.00994636 0.0156722 0.022687 0.030648 0.0391655 0.0477579 0.0557639 0.0624119 0.0670674 0.0694504 0.0696488 0.0679751 0.0648218 0.0605826 0.0556153 0.0502151 0.0445996 0.0389127 0.033245 0.0276668 0.0222651 0.0171719 0.0125648 0.00863222 0.00551245
 0.00996249 0.0157014 0.0227373 0.0307308 0.0392959 0.0479525 0.0560366 0.0627667 0.0674905 0.069906 0.0700827 0.0683267 0.0650402 0.0606393 0.0555079 0.0499636 0.0442386 0.0384851 0.0327972 0.0272431 0.0219008 0.0168874 0.0123638 0.00850414 0.0054392
 0.00995134 0.0156768 0.0226889 0.030647 0.0391692 0.0477875 0.055856 0.0626106 0.067407 0.0699359 0.0702437 0.0686051 0.0653918 0.0610014 0.0558174 0.0501729 0.0443267 0.0384578 0.0326812 0.027076 0.0217214 0.0167265 0.0122391 0.00841964 0.00538911
 0.00989302 0.0155932 0.0225833 0.0305281 0.0390468 0.0476668 0.0557357 0.0624868 0.0672824 0.0698274 0.0701821 0.0686246 0.0655138 0.0612212 0.0561013 0.0504688 0.0445809 0.0386325 0.0327633 0.0270768 0.0216677 0.0166493 0.0121637 0.0083605 0.00535007
 0.00965261 0.0152416 0.0221273 0.0300003 0.0384979 0.0471512 0.0552989 0.0621596 0.0670798 0.0697504 0.0702228 0.0687727 0.0657619 0.0615631 0.0565249 0.0509476 0.0450731 0.0390897 0.0331447 0.0273609 0.0218554 0.0167585 0.0122193 0.00838543 0.00536036
 0.00967608 0.0152644 0.0221342 0.0299704 0.0384128 0.0470075 0.0551156 0.0619742 0.0669331 0.0696684 0.0702071 0.0688052 0.065819 0.06163 0.0566003 0.0510385 0.045184 0.0392139 0.033265 0.0274573 0.0219154 0.0167817 0.0122157 0.00836862 0.00534164
 0.00949389 0.0149902 0.021762 0.0295076 0.0378767 0.0464194 0.0545002 0.0613644 0.0663755 0.0692223 0.069933 0.0687462 0.0659848 0.0619932 0.0571075 0.0516285 0.0458022 0.0398175 0.0338208 0.0279395 0.0223064 0.0170755 0.0124188 0.00849746 0.00541655
 0.00890493 0.0141439 0.0206942 0.0283221 0.0367151 0.0454125 0.0537291 0.0608507 0.066098 0.0691434 0.0700199 0.0689817 0.0663657 0.0625193 0.057768 0.0523939 0.0466259 0.0406455 0.0346022 0.0286335 0.0228857 0.0175279 0.0127472 0.00871757 0.0055521
 0.00827346 0.0131804 0.0193661 0.0266529 0.0347907 0.0433815 0.0517937 0.0592391 0.0650092 0.0686863 0.0701827 0.0696519 0.0673869 0.0637479 0.0591016 0.0537683 0.0479966 0.0419706 0.0358363 0.0297318 0.0238124 0.0182637 0.013293 0.00909307 0.00579002
#obs surv len freq
 nan nan nan nan nan nan nan nan nan nan nan nan nan nan nan nan nan nan nan nan nan nan nan nan nan
 0.00448496 0.00734643 0.0111765 0.0159929 0.0216935 0.0279689 0.0342827 0.0400137 0.0446931 0.0481567 0.0505144 0.0520101 0.0529023 0.0534146 0.0537288 0.0539837 0.0542622 0.0545549 0.0546937 0.0542856 0.0527236 0.0493558 0.0438056 0.0362858 0.0276695
 0.00461559 0.00756136 0.0115044 0.0164608 0.0223203 0.0287548 0.0351992 0.0410009 0.0456681 0.0490309 0.0512099 0.0524715 0.0531017 0.0533517 0.0534262 0.0534791 0.0535997 0.0537774 0.0538404 0.0533939 0.0518325 0.0485088 0.0430478 0.0356554 0.0271877
 0.00478525 0.0078374 0.0119203 0.0170483 0.0231035 0.0297404 0.0363663 0.042295 0.0470055 0.050311 0.0523299 0.0533393 0.0536469 0.0535333 0.053236 0.0529396 0.052757 0.0526919 0.0525794 0.0520282 0.0504382 0.0471669 0.0418391 0.0346463 0.0264151
 0.00496883 0.00813994 0.0123832 0.0177125 0.0240014 0.0308831 0.0377305 0.0438185 0.0485964 0.0518635 0.0537395 0.0545101 0.0544954 0.0539922 0.0532609 0.0525152 0.0519007 0.0514526 0.0510328 0.0502723 0.0485891 0.0453524 0.0401853 0.0332564 0.0253469
 0.00518941 0.00849906 0.0129248 0.0184785 0.0250243 0.0321743 0.0392671 0.0455379 0.0504024 0.053643 0.0553786 0.0559054 0.0555578 0.0546484 0.053454 0.0522081 0.0510814 0.0501422 0.049292 0.0482049 0.0463396 0.0430939 0.0380952 0.0314825 0.0239753
 0.00541854 0.008875 0.013497 0.0192951 0.0261228 0.0335671 0.0409265 0.0473915 0.0523443 0.0555538 0.0571441 0.0574252 0.0567462 0.0554326 0.053773 0.0520132 0.0503411 0.048852 0.0474883 0.0459788 0.0438427 0.0405277 0.0356791 0.0294069 0.0223573
 0.00565317 0.00926104 0.0140867 0.0201402 0.0272652 0.0350228 0.0426696 0.0493479 0.0544015 0.0575826 0.0590192 0.0590382 0.0580096 0.0562777 0.0541451 0.0518674 0.0496419 0.0475817 0.0456636 0.0436729 0.0412004 0.0377611 0.0330342 0.0271075 0.0205488
 0.00590408 0.00966958 0.014703 0.0210119 0.0284292 0.0364922 0.044419 0.051307 0.0564636 0.0596231 0.0609147 0.0606782 0.0593025 0.0571515 0.054545 0.0517509 0.048976 0.0463461 0.0438658 0.0413714 0.0385274 0.034925 0.0302897 0.0246966 0.0186363
 0.00615844 0.010087 0.0153381 0.0219177 0.0296457 0.03803 0.0462425 0.0533303 0.0585642 0.0616675 0.06278 0.0622636 0.0605293 0.0579596 0.0548881 0.0515925 0.0482869 0.0451074 0.0420816 0.0390919 0.0358725 0.0320924 0.02753 0.0222553 0.0166872
 0.00636707 0.0104328 0.0158714 0.0226898 0.0307003 0.0393869 0.0478816 0.0551842 0.0605268 0.0636131 0.0645845 0.0638183 0.0617479 0.0587787 0.0552633 0.0514921 0.0476865 0.0439906 0.0404509 0.03699 0.033406 0.0294419 0.0249294 0.0199393 0.0148265
 0.00660687 0.010822 0.0164558 0.0235122 0.0317923 0.0407571 0.0495023 0.056986 0.0624072 0.0654543 0.0662716 0.0652509 0.0628459 0.0594837 0.0555368 0.0513106 0.0470359 0.0428645 0.0388583 0.0349726 0.0310609 0.0269329 0.0224704 0.0177473 0.0130619
 0.00682678 0.0111836 0.0170075 0.0243005 0.0328519 0.0420952 0.0510837 0.0587298 0.0642003 0.0671758 0.0678134 0.0665277 0.0637953 0.0600624 0.0557163 0.0510734 0.0463729 0.0417745 0.037354 0.0330958 0.0289005 0.024635 0.020225 0.0157476 0.0114513
 0.00703669 0.0115283 0.0175326 0.0250503 0.0338606 0.0433722 0.0525989 0.060408 0.065931 0.0688342 0.0692828 0.0677145 0.0646353 0.0605202 0.0557791 0.0507421 0.0456548 0.0406807 0.035905 0.0313343 0.0269082 0.0225409 0.0181948 0.0139483 0.0100061
 0.0072717 0.0119124 0.0181137 0.0258733 0.0349567 0.0447436 0.0542034 0.0621554 0.0676962 0.0704828 0.0706943 0.0687971 0.0653304 0.0608014 0.0556473 0.0502171 0.0447661 0.0394616 0.0343929 0.0295805 0.0249915 0.0205759 0.0163232 0.01231 0.00870135
 0.0074387 0.0121914 0.0185475 0.0265062 0.0358254 0.0458621 0.0555482 0.0636592 0.0692573 0.0719837 0.0720216 0.0698553 0.0660499 0.0611414 0.0555953 0.0497845 0.0439814 0.0383639 0.0330298 0.0280114 0.0232956 0.0188572 0.0147026 0.0109029 0.00758762
 0.00753234 0.0123451 0.0187825 0.0268455 0.0362916 0.046474 0.0563134 0.0645681 0.070279 0.0730653 0.0730921 0.0708326 0.0668515 0.0616956 0.0558503 0.0497133 0.0435818 0.037656 0.0320527 0.0268226 0.0219725 0.0174962 0.0134107 0.00977835 0.00669691
 0.00762244 0.0124837 0.0189769 0.0270983 0.0366025 0.0468416 0.056737 0.0650473 0.0708125 0.0736491 0.0737144 0.0714689 0.0674606 0.0622215 0.0562299 0.0498885 0.0435107 0.0373209 0.0314638 0.0260184 0.021018 0.0164775 0.0124231 0.00890859 0.00600371
 0.00767307 0.0125635 0.0190921 0.0272523 0.0367951 0.0470679 0.0569873 0.0653098 0.0710785 0.0739182 0.0739955 0.0717741 0.0677946 0.0625716 0.0565622 0.0501514 0.0436466 0.037281 0.0312216 0.0255788 0.0204194 0.0157864 0.0117206 0.00827158 0.00548684
 0.00771443 0.0126246 0.0191728 0.0273489 0.0369019 0.0471797 0.057101 0.0654245 0.0711948 0.0740379 0.0741223 0.0719145 0.0679566 0.0627604 0.0567725 0.050362 0.0438199 0.03737 0.0311842 0.0253929 0.020093 0.0153587 0.0112519 0.00782618 0.00511432
 0.00776902 0.0127047 0.0192769 0.0274697 0.0370276 0.0472969 0.0571982 0.0654942 0.0712353 0.0740543 0.0741262 0.0719205 0.0679793 0.0628103 0.0568534 0.0504678 0.0439322 0.0374588 0.0312136 0.0253328 0.019932 0.0151111 0.0109548 0.00752672 0.00485374
 0.00781979 0.0127828 0.0193859 0.0276086 0.0371902 0.0474711 0.0573657 0.0656335 0.0713272 0.0740883 0.0741047 0.0718584 0.0678986 0.0627337 0.0567984 0.0504429 0.0439344 0.037473 0.0312159 0.0252972 0.0198404 0.0149621 0.0107658 0.0073274 0.00467398
 0.00784848 0.0128279 0.0194508 0.0276953 0.0372983 0.0475967 0.0575011 0.0657662 0.0714418 0.07417 0.0741429 0.0718502 0.06785 0.0626586 0.0567149 0.0503679 0.0438783 0.0374362 0.0311882 0.0252618 0.0197811 0.0148711 0.0106484 0.00719927 0.00455457
 0.00787242 0.0128634 0.019498 0.0277521 0.0373616 0.0476634 0.0575689 0.0658335 0.0715064 0.0742284 0.0741897 0.0718791 0.0678559 0.0626397 0.0566748 0.0503152 0.0438234 0.0373873 0.0311469 0.0252229 0.0197355 0.0148116 0.0105744 0.00711803 0.00447722
 0.00788763 0.0128836 0.0195197 0.0277696 0.0373681 0.047654 0.0575431 0.0657959 0.071466 0.0741956 0.0741736 0.0718843 0.067881 0.0626781 0.0567171 0.0503533 0.0438532 0.0374083 0.0311603 0.0252283 0.0197305 0.0147935 0.010543 0.00707756 0.00443481
 0.00789236 0.0128902 0.0195277 0.0277772 0.0373721 0.0476504 0.057527 0.0657639 0.071418 0.0741368 0.0741143 0.0718373 0.067857 0.0626822 0.0567473 0.0504017 0.0439092 0.0374627 0.0312066 0.0252629 0.0197515 0.0148001 0.0105364 0.00706113 0.00441373
 0.00790153 0.0129016 0.0195383 0.0277822 0.0373661 0.0476296 0.0574911 0.0657157 0.0713623 0.0740787 0.0740585 0.071789 0.0678223 0.0626672 0.056756 0.0504339 0.0439601 0.0375236 0.0312682 0.0253171 0.0197929 0.0148265 0.0105484 0.00706175 0.0044073
 0.00789203 0.0128859 0.019514 0.0277469 0.0373174 0.0475662 0.0574134 0.0656273 0.0712698 0.0739913 0.0739863 0.0717405 0.0678027 0.0626779 0.0567955 0.0504982 0.0440435 0.0376185 0.0313654 0.0254075 0.019869 0.014884 0.0105868 0.00708335 0.00441667
 0.00788471 0.0128719 0.0194893 0.0277063 0.0372569 0.047484 0.0573126 0.0655153 0.0711573 0.0738893 0.0739043 0.0716853 0.067779 0.0626876 0.0568375 0.0505686 0.044136 0.0377249 0.0314765 0.025514 0.0199627 0.0149593 0.0106414 0.0071187 0.00443671
 0.00786609 0.012839 0.0194349 0.0276227 0.0371374 0.0473269 0.0571241 0.0653105 0.0709572 0.0737162 0.0737772 0.0716164 0.0677722 0.0627398 0.05694 0.0507098 0.0443026 0.0379037 0.031655 0.0256806 0.0201081 0.0150772 0.0107296 0.00717903 0.00447404
 0.00786003 0.0128274 0.019414 0.0275874 0.0370819 0.0472459 0.0570147 0.065174 0.0708004 0.0735519 0.0736225 0.0714901 0.0676908 0.0627133 0.0569707 0.0507921 0.0444256 0.0380531 0.0318156 0.0258384 0.0202511 0.015197 0.010822 0.00724419 0.00451581
 0.00782288 0.0127687 0.019329 0.0274729 0.0369374 0.0470747 0.0568244 0.0649769 0.0706114 0.0733855 0.0734911 0.0714031 0.0676548 0.0627326 0.0570458 0.0509189 0.0445946 0.0382506 0.0320252 0.0260433 0.0204369 0.0153532 0.0109432 0.0073307 0.00457218
 0.00780714 0.0127379 0.0192734 0.0273808 0.0367987 0.0468863 0.0565945 0.0647251 0.0703645 0.0731699 0.0733267 0.0713013 0.067619 0.0627608 0.0571327 0.0510571 0.0447744 0.0384597 0.0322487 0.0262649 0.020641 0.0155273 0.0110804 0.00742999 0.00463781
 0.00777548 0.0126867 0.0191967 0.0272727 0.0366541 0.0467022 0.0563724 0.0644735 0.0701001 0.0729164 0.0731113 0.0711488 0.0675466 0.062774 0.0572264 0.0512183 0.0449864 0.0387044 0.0325077 0.0265201 0.0208758 0.0157284 0.0112399 0.00754633 0.00471539
 0.0077442 0.0126353 0.0191183 0.0271611 0.0365049 0.0465153 0.056154 0.0642363 0.0698606 0.0726921 0.0729186 0.0710025 0.0674599 0.0627575 0.0572848 0.0513488 0.0451779 0.0389397 0.0327663 0.0267811 0.0211198 0.0159401 0.0114096 0.00767149 0.00479973
 0.00770275 0.01257 0.0190241 0.0270344 0.0363447 0.0463237 0.0559375 0.0640063 0.0696326 0.0724832 0.0727444 0.0708757 0.0673893 0.0627485 0.0573399 0.0514668 0.0453531 0.0391607 0.0330164 0.0270401 0.0213672 0.0161582 0.0115869 0.00780368 0.00488969
 0.0076791 0.0125287 0.0189566 0.0269317 0.0361997 0.046135 0.0557129 0.0637627 0.069392 0.0722672 0.0725698 0.0707532 0.0673242 0.0627428 0.057393 0.0515761 0.0455135 0.0393635 0.0332489 0.0272854 0.0216061 0.0163731 0.0117645 0.00793799 0.00498219
 0.00766815 0.0125096 0.0189254 0.0268832 0.036128 0.0460347 0.055581 0.0636005 0.0692068 0.0720726 0.0723839 0.070595 0.0672099 0.0626826 0.0573909 0.0516311 0.0456207 0.0395153 0.0334342 0.0274896 0.0218124 0.0165642 0.0119267 0.00806341 0.00507022
 0.00762602 0.0124478 0.0188446 0.0267882 0.0360254 0.0459306 0.0554782 0.0634986 0.0691041 0.0719679 0.072279 0.0704961 0.0671269 0.0626275 0.0573743 0.0516599 0.0456965 0.0396342 0.0335876 0.0276649 0.0219942 0.0167366 0.0120758 0.00818086 0.00515398
 0.00760891 0.012417 0.018793 0.0267086 0.0359136 0.0457892 0.0553192 0.0633415 0.068969 0.0718676 0.0722156 0.0704626 0.0671138 0.0626287 0.0573904 0.0516961 0.0457593 0.0397274 0.0337096 0.0278087 0.0221479 0.0168861 0.0122081 0.00828708 0.00523104
 0.00758906 0.0123872 0.0187526 0.0266577 0.0358522 0.045716 0.0552322 0.0632396 0.0688558 0.0717529 0.0721133 0.0703859 0.0670704 0.0626184 0.0574078 0.0517354 0.0458178 0.039805 0.0338069 0.0279229 0.0222721 0.0170099 0.0123204 0.00837928 0.00529926
 0.00756873 0.0123564 0.0187105 0.0266052 0.0357918 0.0456516 0.0551677 0.0631785 0.0687995 0.0717009 0.0720641 0.0703399 0.0670312 0.0625921 0.0574 0.051749 0.0458525 0.0398591 0.0338781 0.0280083 0.0223667 0.0171064 0.0124103 0.00845492 0.00535653
 0.00756693 0.012351 0.018698 0.0265812 0.0357525 0.0455958 0.055099 0.0631045 0.0687295 0.0716425 0.0720209 0.0703108 0.067013 0.062582 0.0573979 0.051757 0.0458736 0.0398954 0.0339296 0.0280729 0.0224402 0.0171827 0.0124824 0.00851671 0.00540415
 0.00755274 0.0123318 0.018676 0.0265602 0.0357362 0.0455851 0.0550909 0.0630931 0.0687091 0.0716113 0.071982 0.0702708 0.0669782 0.0625564 0.0573825 0.0517518 0.0458787 0.0399118 0.0339582 0.0281133 0.0224901 0.0172375 0.0125363 0.00856424 0.00544167
 0.00754278 0.0123138 0.018646 0.0265142 0.0356724 0.0455063 0.0550054 0.0630133 0.068647 0.0715733 0.0719673 0.0702736 0.066992 0.0625772 0.057409 0.0517839 0.0459167 0.0399555 0.0340073 0.0281671 0.0225468 0.0172942 0.0125891 0.00860936 0.00547662
 0.00753263 0.012299 0.0186265 0.0264908 0.0356453 0.0454749 0.0549678 0.0629681 0.0685955 0.0715204 0.0719211 0.0702415 0.0669781 0.0625807 0.0574261 0.0518103 0.0459494 0.039993 0.0340488 0.028212 0.0225937 0.0173407 0.0126322 0.00864624 0.00550532
 0.00749641 0.0122435 0.0185496 0.026393 0.0355307 0.0453502 0.0548429 0.0628542 0.0685029 0.0714564 0.0718884 0.0702399 0.0670053 0.0626337 0.0575006 0.0519004 0.0460483 0.0400941 0.0341472 0.0283042 0.0226772 0.0174137 0.0126931 0.00869395 0.00554003
 0.00750256 0.0122476 0.0185451 0.0263707 0.0354813 0.0452694 0.0547344 0.06273 0.0683799 0.0713507 0.0718115 0.0701965 0.0669951 0.0626529 0.0575443 0.0519635 0.0461252 0.0401793 0.0342349 0.0283892 0.0227554 0.0174819 0.0127495 0.00873765 0.00557146
 0.00750032 0.0122484 0.0185538 0.0263932 0.0355211 0.0453233 0.0547902 0.0627695 0.0683859 0.0713154 0.0717398 0.070104 0.0669008 0.0625726 0.0574871 0.0519323 0.0461183 0.0401924 0.0342628 0.0284262 0.0227962 0.0175218 0.012785 0.00876658 0.00559301
 0.00748015 0.0122149 0.0185026 0.0263212 0.0354287 0.045217 0.0546831 0.0626783 0.0683241 0.0712872 0.0717389 0.0701184 0.0669205 0.0625944 0.0575143 0.05197 0.04617 0.0402576 0.0343375 0.0285045 0.022872 0.0175898 0.0128414 0.00880991 0.00562358
#pred catch len freq
 0.00445071 0.00701527 0.0101806 0.0138509 0.0179708 0.0225121 0.027404 0.0324877 0.0375416 0.042337 0.0466767 0.0504127 0.0534603 0.0558008 0.0574699 0.0585386 0.0590968 0.059226 0.0589355 0.0580605 0.0561894 0.0527364 0.0472237 0.0396621 0.0307599
 0.00451467 0.00707535 0.0101937 0.0137601 0.0177327 0.0221335 0.0269619 0.032111 0.0373552 0.0423988 0.0469484 0.0507836 0.0538067 0.0560475 0.0576201 0.0586619 0.059283 0.0595266 0.0593226 0.0584268 0.0563954 0.0526813 0.0468991 0.039155 0.0302051
 0.00474985 0.00742378 0.0106514 0.0142917 0.0182701 0.0225836 0.0272246 0.0321131 0.037089 0.0419448 0.0464527 0.0503933 0.0536006 0.0560095 0.0576733 0.0587321 0.0593427 0.0595912 0.0594081 0.0585089 0.0564052 0.0525433 0.0465838 0.0387035 0.0297098
 0.00497366 0.00777936 0.0111704 0.0149957 0.0191631 0.0236396 0.0283742 0.0332369 0.0380335 0.0425616 0.0466515 0.050182 0.0530845 0.0553446 0.0569971 0.0581171 0.0587969 0.0590908 0.0589262 0.0580208 0.0558818 0.0519576 0.0459317 0.038022 0.0290675
 0.00521035 0.00814819 0.0116976 0.0157 0.0200586 0.0247365 0.0296714 0.0347044 0.0395933 0.0440774 0.0479423 0.0510631 0.0534272 0.055124 0.0562992 0.0570974 0.0576155 0.0578618 0.0577042 0.0568176 0.054693 0.050786 0.0448025 0.0369851 0.0281835
 0.00548839 0.00857838 0.0123055 0.0164982 0.0210496 0.0259171 0.0310319 0.0362247 0.0412344 0.0457733 0.0495892 0.0525159 0.0545133 0.0556813 0.0562275 0.0563967 0.0563852 0.0562606 0.0558946 0.0549281 0.0528131 0.048984 0.043146 0.0355446 0.0270185
 0.0058384 0.00911591 0.013057 0.0174705 0.0222346 0.0272978 0.0325838 0.0379118 0.043006 0.047563 0.0513163 0.0540834 0.0558047 0.0565634 0.0565669 0.0560927 0.055407 0.0546671 0.0538232 0.0525592 0.0503336 0.0465656 0.0409372 0.0336633 0.0255376
 0.00618125 0.00965169 0.0138238 0.0184914 0.023517 0.0288318 0.0343373 0.0398263 0.0449989 0.049538 0.0531742 0.0557286 0.0571462 0.0575096 0.0570228 0.0559647 0.0546226 0.0532053 0.0517414 0.0500002 0.047507 0.0437125 0.0382893 0.0314044 0.0237738
 0.00651783 0.0101803 0.0145863 0.0195183 0.0248274 0.0304315 0.0362104 0.0419244 0.047236 0.0517949 0.0553121 0.0576082 0.0586449 0.0585315 0.0574959 0.0558313 0.0538351 0.051737 0.0496137 0.0473121 0.0444474 0.040542 0.0352908 0.0288199 0.0217505
 0.0068702 0.0107249 0.015355 0.0205275 0.0260827 0.0319335 0.0379529 0.0438851 0.0493645 0.0540053 0.0574842 0.0595981 0.0603037 0.0597257 0.0581222 0.0558195 0.053143 0.0503488 0.0475508 0.044658 0.0413711 0.0372962 0.0321723 0.0260997 0.019605
 0.00719503 0.0112284 0.016068 0.0214651 0.0272466 0.0333149 0.0395316 0.0456267 0.0512195 0.0559103 0.059363 0.0613597 0.0618418 0.0609237 0.0588642 0.0560037 0.0526934 0.0492238 0.0457549 0.0422598 0.0385225 0.0342338 0.0291845 0.023461 0.0175042
 0.007587 0.0118304 0.0169093 0.0225524 0.0285681 0.0348459 0.0412354 0.0474498 0.0530904 0.0577444 0.0610721 0.0628614 0.0630635 0.0618012 0.0593351 0.0560039 0.0521591 0.0481039 0.0440323 0.0399781 0.0358085 0.0313019 0.0263065 0.0209033 0.0154562
 0.00805971 0.0125574 0.0179269 0.0238683 0.0301643 0.0366832 0.0432525 0.0495606 0.0551862 0.059706 0.0627851 0.0642305 0.0640215 0.0623099 0.0593794 0.0555787 0.051257 0.0467132 0.0421503 0.0376394 0.0331157 0.0284386 0.023515 0.0184276 0.0134731
 0.00842519 0.0131347 0.0187648 0.025003 0.0316153 0.0384459 0.045287 0.0517821 0.0574675 0.0618921 0.0647161 0.0657649 0.0650553 0.0627879 0.0592938 0.0549555 0.0501374 0.045138 0.0401595 0.0352887 0.0305032 0.0257221 0.0209009 0.016125 0.0116342
 0.00863017 0.0134643 0.0192558 0.0256914 0.0325353 0.0396248 0.0467343 0.0534766 0.0593469 0.0638506 0.0666117 0.0674384 0.0663563 0.0636004 0.0595529 0.0546494 0.0492959 0.0438161 0.0384254 0.0332246 0.0282178 0.0233618 0.0186425 0.0141429 0.0100539
 0.00884607 0.0138015 0.0197391 0.0263382 0.0333577 0.040631 0.0479256 0.0548403 0.0608489 0.0654299 0.0681796 0.0688826 0.0675528 0.0644313 0.0599258 0.0545123 0.0486432 0.0426843 0.0368837 0.0313683 0.0261671 0.021262 0.0166533 0.0124123 0.00868321
 0.00904444 0.014103 0.0201547 0.026867 0.0339917 0.0413624 0.0487496 0.055753 0.061841 0.0664805 0.0692518 0.0699213 0.0684855 0.0651733 0.0603899 0.0546228 0.0483501 0.041975 0.035788 0.0299575 0.0245496 0.0195735 0.0150403 0.0110053 0.00756886
 0.00919521 0.014329 0.0204595 0.0272425 0.0344226 0.0418325 0.0492476 0.0562737 0.062384 0.0670481 0.0698446 0.0705317 0.0690913 0.0657331 0.0608434 0.0548979 0.0483763 0.0416998 0.0351931 0.0290693 0.0234409 0.0183546 0.0138385 0.00993715 0.00671376
 0.00930007 0.014486 0.0206706 0.027501 0.0347149 0.0421427 0.049561 0.0565788 0.0626751 0.0673266 0.0701193 0.0708155 0.069394 0.0660522 0.0611571 0.0551628 0.0485324 0.0416841 0.0349575 0.0285994 0.0227669 0.0175495 0.0130014 0.00916729 0.00608371
 0.00925168 0.0144231 0.0206053 0.0274543 0.0347112 0.0422011 0.0496877 0.0567656 0.0629039 0.0675771 0.0703762 0.0710718 0.0696502 0.066312 0.0614197 0.0554147 0.0487431 0.0418083 0.0349477 0.0284229 0.0224229 0.0170755 0.0124653 0.00864667 0.00564186
 0.00912848 0.0142367 0.0203514 0.0271405 0.034358 0.0418408 0.0493623 0.0565213 0.0627812 0.067599 0.0705417 0.0713587 0.070025 0.0667403 0.0618716 0.0558638 0.0491613 0.0421616 0.035198 0.0285375 0.0223878 0.0169056 0.0122041 0.00835299 0.00537036
 0.0091549 0.0142609 0.0203534 0.0270905 0.0342251 0.0416065 0.0490329 0.0561322 0.0623902 0.067272 0.070336 0.071309 0.0701367 0.0669912 0.0622212 0.0562654 0.0495701 0.0425376 0.0355052 0.0287461 0.0224804 0.0168849 0.0120948 0.00819553 0.00520715
 0.00917812 0.0142941 0.0203939 0.0271294 0.0342453 0.0415827 0.0489347 0.0559339 0.0620844 0.066883 0.0699207 0.0709441 0.0698949 0.0669183 0.0623248 0.056517 0.0499179 0.0429216 0.0358692 0.0290453 0.0226864 0.0169892 0.0121097 0.00814892 0.00513242
 0.00915895 0.0142691 0.0203675 0.0271093 0.0342395 0.0415948 0.0489592 0.0559536 0.0620727 0.0668115 0.0697718 0.070724 0.0696386 0.0666829 0.0621697 0.0564821 0.05001 0.0431146 0.0361156 0.0292925 0.0228912 0.0171269 0.0121767 0.00815895 0.00510828
 0.009126 0.014215 0.0202857 0.0269949 0.0340924 0.0414228 0.04878 0.0557914 0.0619502 0.0667392 0.0697427 0.0707174 0.0696321 0.0666665 0.0621538 0.0564933 0.0500764 0.0432497 0.0363096 0.0295153 0.0231047 0.0172994 0.0122927 0.00822015 0.00512872
 0.00914314 0.0142377 0.0203097 0.0270118 0.0340897 0.0413867 0.048699 0.0556613 0.0617788 0.0665478 0.069561 0.0705729 0.0695397 0.0666249 0.0621517 0.0565207 0.0501321 0.043339 0.0364353 0.0296696 0.0232682 0.0174481 0.0124079 0.00829511 0.00516805
 0.00918081 0.0142985 0.0204002 0.0271367 0.0342501 0.0415767 0.0489026 0.0558526 0.0619258 0.066621 0.069543 0.070465 0.0693615 0.0664071 0.0619261 0.0563119 0.0499563 0.0432059 0.0363504 0.0296323 0.0232703 0.0174746 0.0124417 0.00832345 0.00518538
 0.00906293 0.0141227 0.0201655 0.0268544 0.0339423 0.0412729 0.0486361 0.0556552 0.0618211 0.0666169 0.0696285 0.0706132 0.0695402 0.0665899 0.0620982 0.0564704 0.050105 0.0433502 0.0364934 0.0297739 0.0234063 0.017598 0.0125448 0.008401 0.00523705
 0.00890341 0.0138814 0.0198361 0.026443 0.0334661 0.040757 0.0481126 0.055164 0.0614087 0.06633 0.0695036 0.0706659 0.0697591 0.0669389 0.0625274 0.0569299 0.0505561 0.0437692 0.0368688 0.0301014 0.0236841 0.0178247 0.0127202 0.00852751 0.00532072
 0.00890091 0.0138653 0.0197897 0.0263436 0.0332909 0.0404925 0.0477631 0.054754 0.0609784 0.0659271 0.0691746 0.0704502 0.0696827 0.0670086 0.0627287 0.0572297 0.0509117 0.0441392 0.0372215 0.0304169 0.0239523 0.0180422 0.0128874 0.00864787 0.00540083
 0.00890397 0.0138681 0.0197888 0.0263317 0.0332551 0.0404138 0.0476187 0.054525 0.0606601 0.065538 0.0687585 0.0700664 0.0693906 0.0668525 0.0627276 0.0573759 0.0511748 0.0444755 0.0375845 0.0307671 0.0242623 0.0182971 0.0130829 0.00878753 0.00549305
 0.00888614 0.0138442 0.0197622 0.0263083 0.0332409 0.040411 0.0476218 0.0545188 0.0606219 0.065444 0.0685936 0.0698347 0.0691202 0.0665908 0.0625271 0.0572776 0.0511958 0.0446057 0.0377935 0.0310148 0.0245107 0.0185178 0.0132604 0.00891766 0.00558025
 0.00887779 0.0138244 0.0197213 0.0262349 0.0331265 0.0402561 0.0474402 0.0543351 0.0604621 0.0653244 0.0685136 0.0697793 0.0690705 0.0665368 0.0624762 0.057252 0.0512222 0.0447016 0.0379579 0.0312282 0.0247426 0.0187375 0.0134454 0.00905763 0.00567585
 0.00886046 0.0137917 0.0196634 0.0261388 0.0329782 0.0400448 0.0471637 0.0540055 0.060108 0.0649875 0.0682397 0.0696047 0.0690099 0.066581 0.0625997 0.0574278 0.0514324 0.0449394 0.0382203 0.0315073 0.025022 0.0189958 0.0136631 0.00922405 0.00579079
 0.00874545 0.0136259 0.0194526 0.0259002 0.0327333 0.0398086 0.0469383 0.0537815 0.0598742 0.0647432 0.0680014 0.0694046 0.0688859 0.0665622 0.0626958 0.0576266 0.0517072 0.0452595 0.0385598 0.0318459 0.0253425 0.0192818 0.0139008 0.00940569 0.00591715
