SBPRF35
12.7214
Curr Bio
859675
B35
881744
F35
0.171146
FOFL
0.165289
OFL
115708
Bzero
3.63469e+006
#pred survey bio
 3.5442e+006 3.44072e+006 3.34499e+006 3.20091e+006 2.99965e+006 2.80731e+006 2.55213e+006 2.29415e+006 2.05478e+006 1.84217e+006 1.63873e+006 1.45647e+006 1.29962e+006 1.14695e+006 1.00694e+006 877437 773659 712786 666104 634937 617566 595647 571075 545875 526089 519577 517183 519873 521722 520440 529665 551813 561344 572354 592016 602122 609833 616058 618611 632776 640015 649715 653092 658966 664927 674270 663665 667137 671783 683212 694734 745116 787427 811068 832361 838414 857280 887221 896323 890059 910227 903121 895089 868102 866072 866133 3.00829e+007 1.81347e+007 1.85228e+007 1.94039e+007 2.0592e+007 2.18836e+007 2.31297e+007 2.42437e+007 2.51893e+007 2.59637e+007 2.6582e+007 2.70671e+007 2.74432e+007 2.77327e+007 2.79544e+007 2.81241e+007 2.8254e+007 2.83535e+007 2.84301e+007 2.84892e+007 2.8535e+007 2.85706e+007 2.85985e+007 2.86204e+007 2.86377e+007 2.86514e+007 2.86622e+007 2.86709e+007 2.86778e+007 2.86833e+007 2.86878e+007 2.86914e+007 2.86943e+007 2.86967e+007 2.86986e+007 2.87001e+007 2.87014e+007 2.87024e+007 2.87033e+007 2.8704e+007 2.87045e+007 2.8705e+007 2.87053e+007 2.87057e+007 2.87059e+007 2.87061e+007 2.87063e+007 2.87064e+007 2.87065e+007 2.87066e+007 2.87067e+007 2.87067e+007 2.87068e+007 2.87068e+007 2.87069e+007 2.87069e+007 2.87069e+007 2.87069e+007 2.87069e+007 2.8707e+007 2.8707e+007 2.8707e+007 2.8707e+007 2.8707e+007 2.8707e+007 2.8707e+007 2.8707e+007 2.8707e+007 2.8707e+007 2.8707e+007 2.8707e+007 2.8707e+007 2.8707e+007 2.8707e+007 2.8707e+007 2.8707e+007 2.8707e+007 2.8707e+007 2.8707e+007 2.8707e+007 2.8707e+007 2.8707e+007 2.8707e+007 2.8707e+007 2.8707e+007 2.8707e+007 2.8707e+007 2.8707e+007 2.8707e+007 2.8707e+007 2.8707e+007 2.8707e+007 2.8707e+007 2.8707e+007 2.8707e+007 2.8707e+007 2.8707e+007 2.8707e+007 2.8707e+007 2.8707e+007 0 0 0 0 0 0 0 0 0 0 0 0 0 0 0 0 0 0 0 0 0 0 0 0 0
#obs survey bio
 3.25195e+006 3.78531e+006 3.34101e+006 3.07573e+006 1.71306e+006 2.44457e+006 2.53911e+006 3.42841e+006 2.13995e+006 1.27095e+006 1.5334e+006 1.60512e+006 1.41574e+006 966362 819535 692445 627532 761471 688254 791335 558348 612542 488003 574135 636946 613927 505888 539456 394034 538511 396811 589395 479628 542033 732190 815651 464032 880597 465838 517619 623135 573874 523763 890882 778401 675812 708220 643146 621594 448587 714132 736455 667922 1.36438e+006 828571 848237 729557 1.0711e+006 795175 1.01306e+006 1.05902e+006 1.19417e+006 721149 966636 1.01562e+006 746352
#pred catch bio
 95004.5 93806.5 148172 213411 220528 293584 310681 306589 293871 295389 283881 266870 266552 255883 244452 217761 176266 159889 142638 128145 129639 128977 126262 118419 105075 100727 96401.9 97839 101385 94041.2 85873.9 98415 97531 90751.2 99072.5 100820 101836 104579 95289.4 102269 100668 106278 104227 104317 101625 117998 105356 104858 100354 102184 71916.9 81816.9 99322 102550 116662 106720 99120.3 118217 130853 107652 130416 129645 144461 122037 120636 126504 115708 119755 121177 125898 133084 141039 148664 155376 160952 165396 168830 171423 173344 174748 175762 176489 177006 177371 177628 177809 177935 178023 178084 178126 178156 178176 178191 178200 178207 178212 178215 178217 178219 178220 178220 178221 178221 178221 178222 178222 178222 178222 178222 178222 178222 178222 178222 178222 178222 178222 178222 178222 178222 178222 178222 178222 178222 178222 178222 178222 178222 178222 178222 178222 178222 178222 178222 178222 178222 178222 178222 178222 178222 178222 178222 178222 178222 178222 178222 178222 178222 178222 178222 178222 178222 178222 178222 178222 178222 178222 178222 178222 178222 178222 178222 178222 178222 178222 178222 178222 0 0 0 0 0 0 0 0 0 0 0 0 0 0 0 0 0 0 0 0 0 0 0 0 0
#obs catch bio
 0 93455.1 148287 214035 221144 296164 313630 307532 293652 296477 284224 266089 267223 257043 245823 220051 178062 160549 142895 127473 129607 128540 126649 118681 104849 100693 96165.8 97670.4 101831 94571 86488.7 99317.4 98282.6 90927.9 99041.8 100521 102009 104364 95086.7 102561 100778 106179 104380 103960 101462 117809 105069 104679 99982 102583 71764.4 81582.1 99530.1 102400 116895 106981 98987.5 118382 131598 107413 130343 128963 144667 121654 120326 126555
#pred cpue bio
 3.50327e+006 3.40111e+006 3.30497e+006 3.16034e+006 2.95923e+006 2.76696e+006 2.51269e+006 2.25603e+006 2.01789e+006 1.80613e+006 1.60365e+006 1.42243e+006 1.26647e+006 1.11492e+006 976291 848433 746377 686949 641645 611455 594588 573232 549270 524781 505684 499483 497214 499784 501373 499844 508639 530240 539749 550806 570353 580498 588139 594335 596923 610702 617759 627398 630762 636563 642481 651781 641427 644780 649269 660274 671370 721139 763154 786366 807047 812784 831279 860792 869823 863733 883820 877098 869173 842466 840388 840428 2.91864e+007 1.75927e+007 1.7865e+007 1.86426e+007 1.98031e+007 2.10897e+007 2.2335e+007 2.34488e+007 2.43945e+007 2.51688e+007 2.57871e+007 2.62722e+007 2.66484e+007 2.69378e+007 2.71596e+007 2.73293e+007 2.74591e+007 2.75587e+007 2.76352e+007 2.76943e+007 2.77401e+007 2.77758e+007 2.78036e+007 2.78255e+007 2.78428e+007 2.78565e+007 2.78674e+007 2.7876e+007 2.78829e+007 2.78885e+007 2.7893e+007 2.78966e+007 2.78995e+007 2.79018e+007 2.79037e+007 2.79053e+007 2.79066e+007 2.79076e+007 2.79084e+007 2.79091e+007 2.79097e+007 2.79101e+007 2.79105e+007 2.79108e+007 2.7911e+007 2.79112e+007 2.79114e+007 2.79115e+007 2.79117e+007 2.79117e+007 2.79118e+007 2.79119e+007 2.79119e+007 2.7912e+007 2.7912e+007 2.7912e+007 2.79121e+007 2.79121e+007 2.79121e+007 2.79121e+007 2.79121e+007 2.79121e+007 2.79121e+007 2.79121e+007 2.79121e+007 2.79121e+007 2.79121e+007 2.79121e+007 2.79121e+007 2.79122e+007 2.79122e+007 2.79122e+007 2.79122e+007 2.79122e+007 2.79122e+007 2.79122e+007 2.79122e+007 2.79122e+007 2.79122e+007 2.79122e+007 2.79122e+007 2.79122e+007 2.79122e+007 2.79122e+007 2.79122e+007 2.79122e+007 2.79122e+007 2.79122e+007 2.79122e+007 2.79122e+007 2.79122e+007 2.79122e+007 2.79122e+007 2.79122e+007 2.79122e+007 2.79122e+007 2.79122e+007 2.79122e+007 2.79122e+007 2.79122e+007 0 0 0 0 0 0 0 0 0 0 0 0 0 0 0 0 0 0 0 0 0 0 0 0 0
#obs cpue bio
 3.99758e+006 3.76016e+006 2.87058e+006 3.07407e+006 2.24755e+006 2.84796e+006 2.0877e+006 2.78729e+006 2.6047e+006 1.8683e+006 2.01678e+006 1.67264e+006 845224 1.11752e+006 1.10677e+006 761783 700755 848404 665554 737852 524045 692168 447546 510323 512455 394406 577426 474343 457119 382947 440985 504208 592745 717025 630763 522714 529900 612475 693977 571501 649993 916768 609605 744014 427140 856404 561436 693319 819508 684320 598336 1.18415e+006 609352 559679 724148 622859 1.17546e+006 690756 755821 945968 999527 864866 780413 886608 748229 805008
#pred surv len freq
 0.00426177 0.00701628 0.0107413 0.0154783 0.021145 0.0274436 0.0338423 0.0397191 0.0445993 0.0483057 0.0509284 0.0526857 0.0538027 0.0544578 0.0547759 0.0548406 0.0547136 0.0544368 0.0539865 0.0531783 0.0515892 0.0486168 0.0437463 0.0369226 0.0287661
 0.00461504 0.00748968 0.0112704 0.0159487 0.0214346 0.0274827 0.033654 0.0394078 0.0442912 0.0480807 0.0507883 0.0525756 0.0536651 0.0542815 0.0546102 0.0547712 0.0548144 0.0547204 0.0543803 0.0535409 0.0517663 0.0485113 0.0433634 0.0363632 0.028173
 0.00470288 0.00769946 0.0117016 0.0167135 0.0226033 0.0290149 0.0353605 0.0409903 0.045456 0.0486628 0.0508022 0.052167 0.0530109 0.0535142 0.0538061 0.0539806 0.0540869 0.0540975 0.0538651 0.0530792 0.0512649 0.0478902 0.0426075 0.0355367 0.0273858
 0.00485012 0.00792178 0.0120107 0.0171251 0.023153 0.0297684 0.0363993 0.0423617 0.0471075 0.0504063 0.0523525 0.0532472 0.053463 0.0533445 0.053147 0.0530118 0.0529709 0.0529512 0.0527536 0.052017 0.0502283 0.0468471 0.0415554 0.0345214 0.026485
 0.0050365 0.00823228 0.0124902 0.0178157 0.024082 0.030933 0.0377604 0.0438553 0.0486684 0.0519805 0.0538785 0.0546197 0.0545207 0.0539107 0.0531034 0.0523536 0.0518043 0.0514424 0.0510664 0.0502737 0.0485029 0.0451857 0.0400039 0.0331404 0.0253393
 0.00513688 0.00841142 0.0127902 0.0182883 0.0247793 0.0318922 0.0389852 0.0453059 0.0502657 0.0536235 0.0554659 0.0560617 0.0557329 0.0547975 0.0535542 0.0522674 0.0511342 0.0502272 0.0494247 0.0483659 0.0464899 0.0432065 0.0381741 0.0315546 0.0240646
 0.00528745 0.0086636 0.0131844 0.018869 0.0255894 0.0329614 0.0403167 0.0468674 0.0519888 0.0554114 0.0572058 0.0576385 0.0570419 0.0557505 0.0540755 0.0522878 0.0505965 0.0491092 0.0477669 0.0462835 0.044158 0.0408283 0.0359447 0.0296308 0.0225424
 0.00551141 0.00901967 0.013706 0.0195836 0.0265164 0.0341074 0.0416693 0.0483901 0.0536231 0.0570833 0.0588324 0.0591322 0.0583137 0.0567132 0.0546477 0.0523958 0.0501779 0.0481235 0.0462172 0.0442399 0.0417696 0.0383075 0.0335267 0.027521 0.0208712
 0.00580587 0.00948714 0.0143881 0.0205106 0.0277003 0.0355341 0.0432897 0.0501215 0.055364 0.0587363 0.0603213 0.0604042 0.0593296 0.0574347 0.0550279 0.0523774 0.0496985 0.0471291 0.0446853 0.0422079 0.0393568 0.0357137 0.0309976 0.0252877 0.0190908
 0.00604301 0.009884 0.0150056 0.0214103 0.0289292 0.0371009 0.0451442 0.0521509 0.0574144 0.0606503 0.0619711 0.0617081 0.0602502 0.0579647 0.0551704 0.0521276 0.0490339 0.046015 0.0430959 0.0401604 0.036943 0.0331103 0.0284401 0.0230117 0.0172648
 0.00629025 0.0102871 0.0156151 0.0222764 0.0300941 0.038586 0.0469328 0.0541757 0.059558 0.0627595 0.0638813 0.0632712 0.0613591 0.0585659 0.0552596 0.0517294 0.0481772 0.0447171 0.0413678 0.0380318 0.034497 0.0305034 0.0258884 0.0207389 0.0154369
 0.00658568 0.0107575 0.016305 0.0232209 0.0313142 0.0400801 0.0486668 0.0560794 0.0615324 0.0646905 0.0656524 0.0647703 0.0624842 0.0592347 0.0554205 0.0513673 0.0473075 0.0433734 0.0395933 0.0358861 0.0320766 0.0279595 0.0234187 0.0185473 0.0136758
 0.0068108 0.0111358 0.0168964 0.0240866 0.0325012 0.0415982 0.0504684 0.0580574 0.0635425 0.0665869 0.0673154 0.0661154 0.0634548 0.0597902 0.0555292 0.0510072 0.0464717 0.0420755 0.0378709 0.0338072 0.0297482 0.0255341 0.0210831 0.0164868 0.0120258
 0.00703066 0.0115021 0.0174644 0.0249145 0.0336394 0.0430707 0.0522521 0.0600706 0.0656506 0.0686245 0.0691167 0.0675424 0.0644168 0.060248 0.055484 0.050482 0.0454959 0.0406807 0.0360988 0.0317236 0.0274574 0.0231827 0.0188462 0.0145327 0.0104725
 0.00722509 0.0118287 0.0179755 0.0256661 0.0346796 0.0444223 0.0538943 0.0619304 0.0676115 0.0705458 0.0708537 0.0689632 0.0654155 0.060756 0.0554758 0.0499708 0.0445218 0.0392977 0.0343694 0.029725 0.0252935 0.0209899 0.016782 0.0127449 0.00906143
 0.00738069 0.0120982 0.0184121 0.0263298 0.0356248 0.0456769 0.0554393 0.0636918 0.0694702 0.0723606 0.072485 0.0702902 0.0663456 0.0612296 0.0554666 0.0494841 0.0435895 0.0379725 0.0327205 0.0278387 0.023277 0.0189729 0.0149055 0.011136 0.00780193
 0.0074752 0.0122583 0.0186661 0.0267113 0.03617 0.0464172 0.0563905 0.0648442 0.0707816 0.0737558 0.0738622 0.0715347 0.0673476 0.0619 0.0557469 0.0493485 0.0430427 0.037046 0.0314703 0.0263441 0.0216407 0.0173169 0.0133578 0.00980788 0.00676344
 0.00749151 0.0122719 0.0186642 0.0266782 0.0360972 0.0463168 0.0563054 0.064845 0.0709491 0.0741545 0.0745152 0.0724099 0.0683596 0.0629259 0.0566522 0.0500129 0.0433807 0.0370172 0.0310808 0.0256434 0.0207147 0.0162769 0.012324 0.00888683 0.0060261
 0.00757613 0.0123925 0.0188134 0.0268363 0.036235 0.0464034 0.0563171 0.0647766 0.0708232 0.0740249 0.0744585 0.0725026 0.0686479 0.0634031 0.057253 0.0506296 0.0438917 0.0373186 0.0311101 0.0253911 0.0202234 0.0156299 0.0116242 0.00823189 0.00548592
 0.00771111 0.0125876 0.0190613 0.0271128 0.0365035 0.0466231 0.0564518 0.0648008 0.070728 0.0738244 0.0741941 0.0722396 0.0684623 0.0633587 0.0573782 0.0509018 0.04424 0.0376437 0.0313155 0.0254127 0.0200477 0.0152937 0.0111992 0.0077987 0.00510977
 0.00771743 0.0126088 0.019112 0.0272099 0.0366575 0.0468269 0.0566739 0.0649901 0.0708315 0.0738088 0.0740596 0.0720207 0.0682169 0.0631525 0.0572674 0.0509171 0.0443743 0.0378506 0.0315224 0.0255459 0.0200589 0.0151764 0.0109862 0.00754504 0.00486928
 0.00776349 0.0126809 0.0192159 0.0273508 0.0368402 0.0470558 0.0569489 0.0653001 0.0711479 0.0740851 0.0742414 0.0720645 0.0681095 0.06292 0.0569675 0.0506194 0.0441353 0.0376947 0.0314367 0.0254904 0.019988 0.0150612 0.0108258 0.00736189 0.00469467
 0.00776233 0.0126941 0.0192634 0.0274589 0.037034 0.0473465 0.057325 0.065727 0.0715779 0.0744697 0.0745394 0.0722438 0.0681481 0.0628105 0.0567251 0.0502838 0.0437625 0.0373396 0.0311347 0.0252489 0.0197918 0.014888 0.0106613 0.00720612 0.00455751
 0.00777181 0.0127091 0.0192862 0.0274941 0.0370907 0.0474401 0.057475 0.0659499 0.071876 0.0748229 0.0749051 0.0725676 0.0683786 0.0629128 0.0566869 0.0501164 0.0434981 0.0370234 0.0308126 0.0249551 0.0195422 0.014682 0.0104914 0.00706627 0.00444591
 0.00788059 0.0128589 0.0194617 0.0276648 0.0372205 0.0475024 0.0574655 0.0658901 0.0718056 0.0747852 0.0749316 0.0726657 0.0685289 0.0630747 0.0568131 0.0501695 0.0434615 0.0369046 0.0306375 0.0247563 0.0193482 0.0145104 0.0103491 0.00695339 0.0043603
 0.00792253 0.012921 0.0195425 0.027756 0.0373049 0.0475543 0.057455 0.0657928 0.071617 0.0745321 0.0746702 0.0724643 0.0684414 0.0631193 0.0569672 0.0503812 0.0436719 0.0370679 0.0307322 0.024785 0.0193283 0.0144636 0.0102932 0.00690019 0.0043158
 0.00801389 0.0130503 0.0197017 0.0279249 0.0374569 0.0476641 0.0575049 0.0657734 0.0715256 0.0743714 0.0744524 0.072216 0.0682034 0.0629374 0.0568754 0.0503879 0.043756 0.0371893 0.0308493 0.0248692 0.0193701 0.014469 0.0102756 0.00687307 0.00428876
 0.008104 0.0131862 0.0198855 0.0281492 0.0377036 0.0479054 0.0577057 0.0658977 0.071546 0.0742792 0.0742607 0.0719555 0.0679133 0.0626575 0.0566411 0.0502245 0.0436734 0.0371783 0.0308851 0.0249216 0.0194145 0.0144934 0.0102799 0.0068641 0.00427459
 0.00815559 0.0132758 0.0200301 0.028366 0.0380031 0.0482818 0.0581294 0.0663159 0.071894 0.0744986 0.0743161 0.0718422 0.0676563 0.0623027 0.0562435 0.0498367 0.0433361 0.0369146 0.0306985 0.0247999 0.0193376 0.014442 0.0102413 0.00683277 0.00424959
 0.00822619 0.0133878 0.0201938 0.0285899 0.0382929 0.0486387 0.0585457 0.0667702 0.0723488 0.0749024 0.0746113 0.0719796 0.0676085 0.062074 0.0558693 0.0493738 0.0428479 0.0364563 0.0303072 0.0244914 0.0191097 0.0142814 0.0101316 0.00675951 0.00420201
 0.008188 0.0133304 0.0201164 0.0284962 0.0381915 0.0485436 0.0584762 0.0667495 0.0723989 0.0750363 0.0748251 0.0722471 0.0678848 0.0623068 0.0560158 0.0494143 0.0427909 0.0363323 0.030155 0.0243449 0.0189893 0.0141934 0.0100725 0.00672193 0.00417885
 0.00794454 0.0129627 0.0196163 0.0278764 0.0374848 0.0477984 0.0577538 0.0661205 0.0719356 0.0747994 0.0748495 0.0725326 0.0683941 0.0629712 0.0567482 0.0501284 0.0434197 0.0368397 0.0305367 0.0246183 0.0191804 0.0143259 0.0101635 0.00678245 0.00421675
 0.00783825 0.0127893 0.0193552 0.0275114 0.0370112 0.0472319 0.0571369 0.065519 0.0714234 0.0744386 0.0746773 0.0725595 0.0686098 0.0633492 0.0572477 0.0506955 0.0439941 0.0373664 0.030978 0.0249595 0.0194269 0.0144947 0.0102744 0.00685254 0.00425899
 0.00777116 0.0126747 0.0191725 0.0272381 0.0366281 0.046732 0.0565344 0.0648548 0.0707613 0.0738546 0.0742441 0.0723317 0.0686132 0.0635782 0.0576687 0.0512553 0.0446287 0.0380103 0.031574 0.025467 0.0198267 0.0147877 0.0104751 0.00698133 0.00433636
 0.00765925 0.0124929 0.0188994 0.0268542 0.03612 0.0460992 0.0557968 0.0640559 0.069965 0.0731355 0.0736767 0.0719792 0.068518 0.0637543 0.0580981 0.0518905 0.0454008 0.0388405 0.0323859 0.0261978 0.0204353 0.0152573 0.0108109 0.00720386 0.00447267
 0.00766943 0.0124993 0.0188898 0.0268096 0.0360175 0.0459177 0.0555229 0.0636876 0.0695137 0.0726268 0.0731498 0.0714858 0.0681167 0.063501 0.0580339 0.0520309 0.0457297 0.0393129 0.0329373 0.0267591 0.0209469 0.01568 0.0111291 0.00742251 0.00460986
 0.00761929 0.0124325 0.0188155 0.0267432 0.0359735 0.0458992 0.0555147 0.0636586 0.0694281 0.0724585 0.0728936 0.0711606 0.0677619 0.0631689 0.05778 0.0519025 0.0457548 0.0394914 0.03324 0.0271353 0.0213383 0.0160357 0.0114167 0.00763114 0.00474614
 0.00759558 0.0123881 0.018739 0.0266236 0.035806 0.0456931 0.0552962 0.0634642 0.069288 0.0723808 0.0728593 0.0711344 0.0677123 0.0630854 0.057679 0.0518202 0.0457328 0.0395607 0.033409 0.0273862 0.0216332 0.0163301 0.0116731 0.00782855 0.00488141
 0.00771763 0.01256 0.0189483 0.0268405 0.0359904 0.0458065 0.0553139 0.0633816 0.069122 0.0721637 0.0726285 0.0709187 0.0675231 0.0629175 0.0575216 0.0516712 0.0456054 0.0394791 0.0333957 0.0274489 0.0217597 0.0164921 0.0118378 0.00796982 0.00498624
 0.00762781 0.0124414 0.018819 0.0267309 0.03593 0.045806 0.0553539 0.0634183 0.0691081 0.0720743 0.0724737 0.0707378 0.0673636 0.0628136 0.0574839 0.0516899 0.0456637 0.0395653 0.0335073 0.0275877 0.0219228 0.0166673 0.0120062 0.00811324 0.00509416
 0.00755144 0.0123227 0.0186524 0.026519 0.0356885 0.0455661 0.0551592 0.0633126 0.0691152 0.0721819 0.0726347 0.0708925 0.067469 0.0628601 0.057491 0.0516881 0.0456769 0.0396048 0.033575 0.0276808 0.0220359 0.0167917 0.0121293 0.00822196 0.00517928
 0.00753689 0.0122853 0.0185712 0.0263677 0.0354435 0.0452203 0.054734 0.06286 0.0687075 0.07189 0.0725055 0.0709331 0.0676464 0.0631175 0.0577714 0.051954 0.0459154 0.0398197 0.0337753 0.0278722 0.0222187 0.0169612 0.0122784 0.00834399 0.0052706
 0.00751739 0.0122649 0.0185598 0.0263777 0.0354819 0.0452785 0.0547832 0.0628591 0.0686221 0.0717137 0.0722681 0.0706907 0.067457 0.0630169 0.0577631 0.0520152 0.0460142 0.0399309 0.0338861 0.0279803 0.0223245 0.0170635 0.0123729 0.00842481 0.00533357
 0.00749304 0.0122213 0.0184878 0.0262692 0.0353349 0.0451025 0.054601 0.0626998 0.0685072 0.0716452 0.0722293 0.07066 0.0674256 0.0629957 0.0577741 0.0520759 0.0461263 0.0400802 0.0340521 0.028145 0.0224768 0.0171975 0.0124855 0.00851433 0.00539971
 0.0074397 0.0121422 0.0183825 0.0261411 0.0351892 0.0449435 0.0544319 0.0625256 0.068339 0.0715007 0.0721277 0.070613 0.0674317 0.063044 0.0578528 0.0521795 0.0462549 0.0402334 0.0342236 0.0283225 0.0226463 0.0173477 0.0126096 0.00860988 0.00546799
 0.00739144 0.0120591 0.0182499 0.0259444 0.0349197 0.0446064 0.0540509 0.062141 0.0679967 0.0712392 0.0719692 0.0705634 0.0674849 0.0631854 0.0580626 0.0524353 0.0465364 0.0405244 0.0345116 0.0285964 0.022895 0.0175611 0.0127811 0.00873811 0.00555655
 0.00749242 0.0122171 0.0184748 0.026238 0.0352717 0.0449899 0.0544218 0.0624438 0.0681791 0.0712693 0.0718457 0.0703138 0.0671538 0.0628212 0.0577074 0.0521197 0.0462777 0.0403291 0.0343776 0.0285164 0.0228582 0.017555 0.0127931 0.00875747 0.00557587
 0.00750669 0.0122372 0.0184997 0.0262656 0.0353004 0.0450203 0.0544568 0.0624859 0.0682261 0.0713115 0.0718677 0.0703006 0.067099 0.0627303 0.0575965 0.0520093 0.0461866 0.0402693 0.0343535 0.0285249 0.0228913 0.0176021 0.0128436 0.00880321 0.00561194
 0.00760037 0.0123701 0.0186636 0.0264406 0.0354599 0.0451406 0.0545244 0.0625004 0.0681977 0.0712551 0.0717971 0.0702237 0.0670161 0.0626374 0.0574904 0.0518932 0.0460702 0.040166 0.0342748 0.0284768 0.0228727 0.0176066 0.0128621 0.00882657 0.00563362
 0.00759674 0.0123752 0.0186905 0.0265052 0.0355732 0.0452985 0.054702 0.062657 0.0682931 0.0712677 0.0717326 0.0701092 0.0668852 0.0625151 0.0573872 0.0518077 0.0459974 0.0401034 0.0342243 0.0284424 0.0228569 0.0176078 0.0128752 0.00884496 0.00565165
 0.00743599 0.0121467 0.0184081 0.0262044 0.0353035 0.0451091 0.0546276 0.0627084 0.0684546 0.0715003 0.0719849 0.0703338 0.0670532 0.0626225 0.057448 0.0518418 0.0460203 0.0401232 0.0342443 0.028464 0.0228812 0.0176349 0.0129035 0.00887173 0.00567401
 0.00722345 0.011773 0.0177979 0.0252814 0.0340224 0.0434984 0.0528211 0.0609358 0.0669816 0.0705464 0.0716598 0.0706213 0.0678392 0.0637444 0.0587425 0.0531754 0.0473001 0.0412925 0.0352722 0.0293362 0.0235941 0.0181933 0.0133194 0.00916346 0.00586488
 0.00721784 0.011744 0.0177147 0.0250955 0.0336704 0.0429138 0.0519553 0.059786 0.0656175 0.0691199 0.0703821 0.0697061 0.0674359 0.0638929 0.0593725 0.0541445 0.0484451 0.0424707 0.0363807 0.0303123 0.0244072 0.0188352 0.0137982 0.00949857 0.00608311
 0.00725115 0.011809 0.0178303 0.0252799 0.0339282 0.0432191 0.0522392 0.0599419 0.0655291 0.0687054 0.069636 0.0687202 0.0663828 0.0629762 0.0587611 0.0539212 0.0485925 0.0428962 0.0369604 0.0309311 0.0249814 0.019317 0.0141698 0.00976338 0.00625722
 0.00721719 0.0117644 0.0177837 0.0252483 0.0339351 0.0432885 0.0523865 0.0601613 0.0657823 0.0689185 0.0697137 0.0685792 0.0659935 0.0623894 0.0581013 0.053344 0.0482269 0.0428002 0.037112 0.0312523 0.0253757 0.0197025 0.0144947 0.010007 0.006422
 0.00720155 0.0117484 0.0177771 0.0252671 0.0339982 0.0434125 0.0525806 0.0604236 0.0660977 0.0692556 0.0700224 0.0687926 0.0660414 0.0622239 0.0577246 0.0528213 0.0476711 0.0423322 0.0368154 0.0311486 0.0254295 0.0198482 0.0146673 0.0101615 0.0065377
 0.00715566 0.0116672 0.017644 0.0250658 0.0337208 0.0430704 0.0522112 0.0600876 0.0658629 0.0691744 0.0701137 0.069034 0.0663734 0.0625652 0.0579957 0.0529719 0.0476997 0.0422857 0.0367653 0.0311561 0.0255192 0.0200045 0.014851 0.0103328 0.00667189
 0.00704431 0.0114938 0.0173969 0.0247385 0.033312 0.0425853 0.0516658 0.0595145 0.0653143 0.0687184 0.0698212 0.0689591 0.0665333 0.0629303 0.0584948 0.0535146 0.0482062 0.042711 0.0371076 0.0314427 0.0257815 0.0202576 0.0150887 0.0105378 0.00682986
 0.00699053 0.0114159 0.0172971 0.0246241 0.0331925 0.0424667 0.0515471 0.0593866 0.0651647 0.0685387 0.0696167 0.0687547 0.0663709 0.062854 0.058532 0.0536611 0.0484272 0.0429585 0.0373419 0.0316465 0.025958 0.0204168 0.0152354 0.0106676 0.00693487
 0.00697046 0.0113895 0.0172692 0.0246037 0.0331909 0.0424941 0.0516082 0.0594768 0.0652676 0.0686278 0.0696607 0.0687286 0.0662685 0.0626946 0.0583556 0.0535122 0.0483369 0.0429332 0.0373674 0.0317009 0.0260243 0.0204867 0.0153054 0.0107341 0.00699272
 0.00685572 0.0111998 0.0169794 0.024192 0.0326485 0.0418375 0.0508884 0.0587766 0.0646823 0.0682372 0.0695058 0.0688031 0.0665278 0.0630758 0.0587994 0.0539783 0.0488057 0.0433974 0.0378196 0.032128 0.0264093 0.0208151 0.0155695 0.0109339 0.00713383
 0.00694405 0.0113277 0.0171416 0.0243707 0.0328143 0.041954 0.0509191 0.0586939 0.0644783 0.067932 0.0691467 0.0684519 0.06624 0.0628839 0.0587076 0.0539704 0.0488584 0.0434912 0.0379418 0.0322687 0.0265577 0.0209589 0.0156974 0.0110381 0.00721161
 0.00697414 0.0113875 0.0172503 0.0245499 0.0330781 0.0422964 0.0513037 0.0590566 0.0647441 0.0680394 0.0690688 0.0682048 0.0658759 0.0624733 0.0583175 0.0536474 0.0486227 0.043341 0.0378635 0.0322453 0.0265732 0.0209984 0.0157473 0.0110875 0.00725325
 0.00706714 0.0115383 0.0174769 0.0248695 0.0335043 0.0428336 0.0519391 0.059752 0.0654336 0.0686359 0.0694806 0.0683593 0.0657425 0.0620751 0.0577245 0.0529545 0.0479223 0.0427026 0.037326 0.0318213 0.0262576 0.020777 0.0156021 0.0109995 0.00720476
 0.00707088 0.011538 0.0174655 0.0248388 0.0334506 0.0427648 0.0518793 0.0597391 0.0655075 0.0688207 0.0697692 0.0687079 0.0660798 0.0623245 0.0578319 0.0529063 0.0477474 0.0424564 0.0370674 0.0315946 0.0260851 0.0206616 0.0155346 0.010966 0.0071919
 0.00705133 0.0115112 0.0174338 0.0248064 0.0334206 0.0427364 0.0518479 0.0597007 0.0654664 0.068795 0.0697876 0.0687964 0.0662444 0.0625412 0.0580508 0.0530714 0.0478197 0.0424291 0.0369647 0.031457 0.0259508 0.0205549 0.0154632 0.0109258 0.00717332
#obs surv len freq
 nan nan nan nan nan nan nan nan nan nan nan nan nan nan nan nan nan nan nan nan nan nan nan nan nan
 0.00448178 0.00734189 0.0111709 0.0159867 0.0216876 0.027964 0.0342793 0.0400117 0.0446923 0.0481569 0.0505153 0.0520116 0.0529042 0.0534169 0.0537314 0.0539865 0.0542651 0.054558 0.0546968 0.0542887 0.0527267 0.0493587 0.0438082 0.0362879 0.0276711
 0.00462081 0.00756811 0.0115114 0.0164659 0.0223213 0.0287503 0.0351898 0.0409887 0.0456561 0.0490214 0.051204 0.052469 0.0531017 0.0533533 0.0534286 0.0534819 0.0536026 0.0537804 0.0538435 0.053397 0.0518356 0.0485116 0.0430503 0.0356575 0.0271893
 0.00477688 0.00782606 0.0119073 0.017036 0.023094 0.0297347 0.0363628 0.0422905 0.0469973 0.0502981 0.0523142 0.0533246 0.0536367 0.0535295 0.0532388 0.0529478 0.0527689 0.0527062 0.052595 0.0520444 0.0504542 0.0471822 0.0418527 0.0346576 0.0264237
 0.00495685 0.00812003 0.0123526 0.0176691 0.0239444 0.0308151 0.0376574 0.0437493 0.0485394 0.0518239 0.0537177 0.0545037 0.0545011 0.0540079 0.0532858 0.052549 0.0519425 0.0515009 0.0510855 0.0503272 0.0486437 0.0454043 0.0402317 0.0332949 0.0253762
 0.00516646 0.00846269 0.0128719 0.0184066 0.0249322 0.0320629 0.0391403 0.0454035 0.0502718 0.0535291 0.0552931 0.055856 0.0555463 0.0546716 0.0535059 0.0522819 0.0511717 0.0502448 0.0494033 0.048321 0.0464557 0.0432043 0.038194 0.0315647 0.0240381
 0.00540117 0.00884477 0.013448 0.0192207 0.0260176 0.0334295 0.0407611 0.0472093 0.0521603 0.0553842 0.0570031 0.0573238 0.0566916 0.0554277 0.0538159 0.052098 0.0504596 0.0489955 0.0476487 0.0461486 0.0440138 0.0406912 0.0358259 0.0295292 0.0224508
 0.00563932 0.0092372 0.0140482 0.0200816 0.0271807 0.0349081 0.0425238 0.0491747 0.0542101 0.0573867 0.0588355 0.0588835 0.0578984 0.0562199 0.0541452 0.0519242 0.0497498 0.0477314 0.0458443 0.0438727 0.0414067 0.0379608 0.0332147 0.0272584 0.0206644
 0.00587962 0.00963118 0.0146476 0.0209375 0.0283344 0.0363766 0.0442836 0.0511543 0.0562984 0.0594522 0.0607471 0.0605253 0.0591771 0.0570665 0.054511 0.0517744 0.049058 0.0464819 0.0440459 0.0415825 0.0387535 0.0351488 0.0304945 0.024869 0.0187689
 0.00613465 0.0100471 0.0152761 0.0218275 0.0295232 0.0378754 0.0460622 0.0531365 0.0583719 0.0614898 0.062626 0.0621381 0.0604351 0.0579003 0.054869 0.05162 0.0483662 0.0452396 0.0422625 0.0393109 0.0361136 0.032336 0.0277559 0.0224471 0.0168354
 0.00636329 0.0104243 0.015854 0.022658 0.0306475 0.0393077 0.0477735 0.0550491 0.0603715 0.0634485 0.0644237 0.0636738 0.0616295 0.0586928 0.055214 0.051483 0.0477212 0.044072 0.0405789 0.0371589 0.0336034 0.0296501 0.0251284 0.0201116 0.0149614
 0.00658211 0.0107847 0.0164052 0.0234488 0.0317177 0.0406722 0.0494071 0.0568802 0.062291 0.0653305 0.066146 0.0651321 0.0627439 0.0594077 0.055494 0.0513056 0.0470713 0.0429416 0.0389764 0.0351277 0.0312434 0.0271275 0.0226588 0.0179124 0.0131923
 0.00681889 0.0111682 0.0169797 0.0242547 0.0327839 0.0420047 0.050976 0.058615 0.0640895 0.0670767 0.0677284 0.0664555 0.0637341 0.0600131 0.0556833 0.051063 0.0463915 0.0418266 0.0374416 0.0332166 0.0290473 0.0247954 0.0203834 0.0158886 0.0115642
 0.00706757 0.0115786 0.0176077 0.025154 0.0339922 0.0435239 0.0527539 0.060543 0.0660226 0.0688666 0.069252 0.0676274 0.0645052 0.0603625 0.0556093 0.0505753 0.045505 0.0405601 0.0358223 0.0312931 0.0269061 0.0225701 0.0182431 0.0140027 0.0100558
 0.00728378 0.0119344 0.0181514 0.0259334 0.0350455 0.0448642 0.0543526 0.0623216 0.0678607 0.0706224 0.070787 0.0688275 0.0652937 0.0607041 0.0555044 0.0500482 0.0445912 0.0392985 0.0342558 0.0294786 0.0249277 0.0205471 0.016321 0.0123239 0.00872122
 0.00742716 0.0121745 0.018526 0.0264827 0.0358048 0.0458513 0.0555556 0.0636928 0.0693217 0.0720768 0.0721326 0.0699663 0.0661402 0.0611937 0.0556005 0.0497443 0.0439067 0.0382711 0.0329362 0.0279314 0.0232384 0.0188252 0.0146926 0.0109079 0.00759968
 0.00752403 0.0123281 0.0187508 0.026792 0.0362113 0.0463673 0.05619 0.0644463 0.0701815 0.0730128 0.0730966 0.0708943 0.0669579 0.0618255 0.0559791 0.0498203 0.0436551 0.0376944 0.0320642 0.0268198 0.0219673 0.0174965 0.013419 0.00979267 0.00671323
 0.00756083 0.0123884 0.0188423 0.0269226 0.0363877 0.0465942 0.0564691 0.0647779 0.0705673 0.0734567 0.0736017 0.0714542 0.0675482 0.0623995 0.0564722 0.0501612 0.0437804 0.0375622 0.0316637 0.0261756 0.0211387 0.0165703 0.0124952 0.00896439 0.00604537
 0.00765436 0.0125262 0.0190234 0.0271373 0.0366212 0.0468319 0.056701 0.0649996 0.0707791 0.073663 0.0738104 0.0716755 0.0677905 0.0626617 0.0567366 0.0503902 0.0439218 0.037562 0.0314822 0.0258022 0.0205993 0.0159246 0.0118231 0.00834515 0.00553755
 0.00771323 0.0126213 0.0191648 0.0273314 0.0368673 0.0471175 0.0570001 0.0652769 0.0710013 0.0738122 0.0738906 0.0717092 0.067808 0.0626893 0.056787 0.0504573 0.04398 0.0375714 0.0314001 0.025599 0.0202721 0.0155025 0.0113599 0.0079025 0.00516516
 0.0077619 0.0126949 0.0192655 0.0274584 0.0370178 0.0472881 0.0571864 0.0654717 0.0711919 0.0739808 0.0740188 0.0717851 0.0678328 0.0626772 0.056759 0.0504308 0.0439592 0.0375433 0.0313388 0.0254768 0.0200738 0.0152351 0.0110529 0.00759781 0.00490118
 0.00781789 0.0127807 0.0193846 0.0276099 0.037196 0.047483 0.0573841 0.0656565 0.0713497 0.0741019 0.0740991 0.0718245 0.0678325 0.0626406 0.0566932 0.0503467 0.0438676 0.0374491 0.0312367 0.0253537 0.0199171 0.0150424 0.0108371 0.00738285 0.00471255
 0.00785295 0.0128374 0.0194691 0.0277269 0.0373471 0.0476642 0.0575838 0.0658561 0.0715278 0.0742402 0.074187 0.0718602 0.0678213 0.0625909 0.056614 0.0502468 0.0437552 0.0373304 0.0311142 0.025225 0.0197774 0.0148898 0.0106769 0.00722773 0.00457734
 0.00786783 0.0128581 0.019494 0.0277532 0.0373723 0.0476885 0.0576113 0.0658936 0.0715809 0.0743096 0.0742671 0.0719408 0.0678911 0.0626413 0.0566408 0.0502496 0.0437365 0.0372934 0.0310618 0.0251586 0.0196973 0.0147973 0.0105769 0.00712876 0.00448934
 0.00789002 0.012889 0.0195308 0.0277897 0.0374005 0.0477012 0.057605 0.0658697 0.0715467 0.0742766 0.0742477 0.0719439 0.0679187 0.0626877 0.056695 0.0502999 0.0437736 0.0373124 0.031061 0.0251387 0.0196601 0.0147461 0.0105168 0.0070666 0.00443263
 0.0078891 0.0128846 0.0195189 0.0277646 0.0373562 0.0476335 0.057514 0.0657609 0.0714309 0.0741684 0.0741634 0.0718983 0.0679214 0.0627402 0.0567898 0.0504218 0.0439042 0.0374344 0.0311618 0.0252113 0.019703 0.0147619 0.0105112 0.0070477 0.00440848
 0.00788372 0.012873 0.019496 0.0277239 0.0372914 0.0475406 0.057394 0.0656208 0.0712827 0.0740272 0.074045 0.0718171 0.0678887 0.0627621 0.0568651 0.050542 0.0440539 0.0375947 0.031314 0.0253406 0.0198009 0.0148267 0.0105467 0.00706103 0.00440822
 0.00788426 0.0128721 0.0194912 0.0277114 0.0372663 0.0474981 0.0573303 0.0655348 0.0711771 0.0739091 0.0739256 0.0717103 0.0678088 0.0627209 0.0568699 0.0505934 0.0441458 0.0377144 0.0314451 0.0254662 0.0199076 0.0149068 0.0105993 0.00709029 0.00442091
 0.0078851 0.0128712 0.0194857 0.0276971 0.0372388 0.047454 0.0572689 0.0654581 0.0710893 0.0738158 0.0738328 0.0716251 0.067739 0.0626748 0.0568551 0.0506149 0.0442038 0.0378035 0.0315544 0.0255816 0.020015 0.0149955 0.0106642 0.00713206 0.00444419
 0.0078632 0.0128338 0.0194263 0.027609 0.0371171 0.0472986 0.0570872 0.0652654 0.0709054 0.0736605 0.0737214 0.0715653 0.0677317 0.0627158 0.0569374 0.0507311 0.0443467 0.0379652 0.0317253 0.0257501 0.0201688 0.0151246 0.0107629 0.00720032 0.00448651
 0.00783707 0.0127924 0.0193657 0.0275262 0.0370099 0.0471666 0.0569327 0.0650948 0.07073 0.0734953 0.0735831 0.0714695 0.0676889 0.0627298 0.0570049 0.0508435 0.0444927 0.0381328 0.0319024 0.0259249 0.0203298 0.0152621 0.0108709 0.0072776 0.00453653
 0.00782436 0.0127676 0.0193209 0.027452 0.0368982 0.0470148 0.056747 0.0648903 0.0705265 0.0733125 0.0734363 0.0713692 0.0676415 0.0627381 0.057068 0.0509562 0.0446452 0.0383123 0.0320946 0.0261155 0.0205058 0.0154132 0.0109908 0.00736481 0.00459426
 0.00781395 0.0127493 0.0192907 0.0274046 0.0368277 0.046916 0.0566171 0.0647313 0.070347 0.0731273 0.0732646 0.0712305 0.0675511 0.0627048 0.0570937 0.0510366 0.0447718 0.0384731 0.0322753 0.0263007 0.020681 0.0155663 0.0111141 0.00745591 0.00465557
 0.00774755 0.0126473 0.0191485 0.0272223 0.0366099 0.0466719 0.0563601 0.0644783 0.0701165 0.0729362 0.0731259 0.0711528 0.0675392 0.0627596 0.0572119 0.0512106 0.0449898 0.0387202 0.0325347 0.0265552 0.0209147 0.0157666 0.0112735 0.00757274 0.00473399
 0.00774491 0.0126324 0.019107 0.0271352 0.0364601 0.0464526 0.0560823 0.0641702 0.0698155 0.0726772 0.0729327 0.0710359 0.0674993 0.0627917 0.0573087 0.0513635 0.0451883 0.0389516 0.0327835 0.0268044 0.0211476 0.0159692 0.0114366 0.00769367 0.00481596
 0.00770762 0.0125768 0.0190319 0.027041 0.0363462 0.0463149 0.0559131 0.0639634 0.0695734 0.0724164 0.0726836 0.070834 0.0673738 0.0627576 0.0573653 0.0514986 0.0453845 0.0391892 0.033043 0.0270665 0.0213941 0.0161849 0.0116114 0.00782397 0.00490479
 0.00767713 0.0125264 0.0189547 0.0269312 0.0362014 0.0461387 0.0557165 0.0637621 0.0693826 0.0722453 0.0725352 0.0707107 0.0672827 0.0627117 0.0573786 0.0515791 0.0455298 0.0393873 0.0332751 0.0273114 0.021631 0.0163962 0.0117851 0.00795506 0.00499506
 0.00765862 0.0124956 0.0189071 0.026862 0.0361061 0.0460148 0.0555656 0.0635913 0.069204 0.0720743 0.0723863 0.0705942 0.0672037 0.0626723 0.0573807 0.0516264 0.0456252 0.0395293 0.0334553 0.0275143 0.0218374 0.0165873 0.0119466 0.00807939 0.00508203
 0.00762995 0.0124529 0.0188498 0.0267918 0.0360259 0.0459272 0.0554717 0.0634913 0.0690985 0.0719657 0.0722801 0.0704983 0.0671271 0.062623 0.0573646 0.0516467 0.0456836 0.0396255 0.0335854 0.0276693 0.0220034 0.016748 0.0120874 0.00819104 0.00516192
 0.00759959 0.0124037 0.0187764 0.0266901 0.0358952 0.0457721 0.0553036 0.0633269 0.0689552 0.0718557 0.0722077 0.0704608 0.0671191 0.0626399 0.0574048 0.0517106 0.0457724 0.0397392 0.0337215 0.0278217 0.0221623 0.0169009 0.012222 0.00829878 0.00523989
 0.00760015 0.012403 0.0187724 0.0266795 0.0358736 0.0457351 0.0552482 0.0632528 0.0688658 0.0717589 0.0721134 0.0703789 0.0670565 0.0625994 0.0573864 0.0517138 0.0457974 0.0397868 0.0337915 0.0279113 0.0222648 0.0170068 0.0123205 0.00838125 0.00530181
 0.00757978 0.0123727 0.018732 0.0266305 0.0358184 0.0456761 0.0551868 0.0631895 0.0688011 0.0716938 0.0720509 0.0703236 0.0670142 0.0625753 0.0573837 0.0517333 0.0458377 0.0398458 0.0338668 0.0279996 0.022361 0.0171035 0.0124098 0.008456 0.00535827
 0.00756866 0.0123555 0.0187076 0.0265989 0.0357807 0.0456346 0.055145 0.0631511 0.0687687 0.0716677 0.0720287 0.0703021 0.0669915 0.0625526 0.0573652 0.0517243 0.0458429 0.0398677 0.0339055 0.028053 0.0224249 0.0171719 0.0124756 0.00851303 0.00540259
 0.0075331 0.0123024 0.0186365 0.0265126 0.0356846 0.0455354 0.0550501 0.0630679 0.0687041 0.0716269 0.0720138 0.0703116 0.0670202 0.062594 0.0574135 0.0517761 0.0458977 0.0399269 0.0339704 0.0281234 0.0224985 0.0172444 0.012542 0.00856882 0.00544513
 0.00750288 0.0122505 0.0185539 0.0263902 0.0355173 0.0453269 0.0548159 0.0628347 0.0685027 0.0714832 0.0719422 0.070313 0.0670854 0.062708 0.057559 0.0519373 0.0460623 0.0400866 0.0341207 0.0282619 0.0226233 0.0173534 0.0126328 0.00863969 0.00549632
 0.00752959 0.0122878 0.0185984 0.0264339 0.0355482 0.0453317 0.0547829 0.0627575 0.0683835 0.0713345 0.0717852 0.0701723 0.0669815 0.0626521 0.0575517 0.0519708 0.0461246 0.0401657 0.0342069 0.0283483 0.0227053 0.0174274 0.012696 0.00869031 0.00553368
 0.00752669 0.0122908 0.0186165 0.0264789 0.0356299 0.0454502 0.0549242 0.0628941 0.0684828 0.0713702 0.0717468 0.0700678 0.066834 0.0624912 0.0574048 0.0518566 0.0460504 0.0401293 0.0342005 0.0283625 0.0227315 0.0174589 0.0127276 0.00871825 0.00555584
 0.00751508 0.0122703 0.0185834 0.0264308 0.035568 0.0453831 0.0548679 0.0628674 0.0684984 0.0714262 0.0718249 0.0701408 0.0668782 0.0624966 0.0573776 0.0518138 0.0460112 0.0401072 0.0342007 0.0283824 0.0227644 0.0174971 0.0127646 0.00874985 0.00557997
 0.00748734 0.0122291 0.0185283 0.0263636 0.0354918 0.0453012 0.0547838 0.0627868 0.0684308 0.0713841 0.0718197 0.070176 0.0669456 0.0625785 0.0574545 0.0518732 0.0460517 0.0401363 0.0342281 0.0284149 0.022803 0.0175387 0.0128043 0.00878341 0.00560536
 0.00746932 0.0121977 0.0184775 0.0262872 0.0353863 0.0451685 0.0546336 0.0626357 0.0682978 0.0712855 0.0717658 0.0701711 0.0669883 0.0626619 0.057566 0.0519966 0.0461717 0.0402432 0.0343193 0.0284929 0.0228712 0.0175986 0.0128552 0.00882405 0.00563509
 0.00746932 0.0121977 0.0184775 0.0262872 0.0353863 0.0451685 0.0546336 0.0626357 0.0682978 0.0712855 0.0717658 0.0701711 0.0669883 0.0626619 0.057566 0.0519966 0.0461717 0.0402432 0.0343193 0.0284929 0.0228712 0.0175986 0.0128552 0.00882405 0.00563509
 0.00716243 0.0117083 0.017761 0.025314 0.0341544 0.0437198 0.0530671 0.0611043 0.0669802 0.070343 0.0713032 0.0702188 0.0675062 0.063558 0.058721 0.0532869 0.0474865 0.041495 0.0354477 0.0294624 0.0236673 0.018222 0.0133182 0.00914728 0.00584513
 0.00710723 0.0115861 0.0175172 0.0248783 0.0334585 0.0427259 0.0517954 0.0596426 0.0654714 0.0689565 0.0702022 0.0695321 0.0673076 0.063855 0.0594565 0.0543543 0.0487537 0.0428296 0.0367363 0.0306219 0.024647 0.0190013 0.0139006 0.00955405 0.00610884
 0.00723833 0.0117967 0.0178254 0.025289 0.0339494 0.043233 0.0522088 0.0598249 0.0653023 0.0683839 0.0692739 0.0683882 0.06614 0.0628532 0.0587611 0.0540311 0.0487906 0.0431538 0.0372425 0.0312019 0.0252114 0.0194906 0.0142858 0.00983176 0.0062923
 0.00716243 0.0116961 0.017717 0.0252038 0.0339255 0.0433019 0.0523788 0.0600692 0.0655548 0.0685498 0.0692556 0.0681237 0.0656362 0.0621949 0.0580883 0.0534917 0.048493 0.0431372 0.0374759 0.0316052 0.0256873 0.0199531 0.0146776 0.0101275 0.00649332
 0.00715389 0.0116795 0.0176882 0.0251607 0.0338729 0.0432563 0.0523698 0.0601313 0.0657104 0.068789 0.0695259 0.0683388 0.0657047 0.0620592 0.0577548 0.0530354 0.0480316 0.0427869 0.037309 0.0316313 0.0258623 0.0202054 0.014938 0.0103489 0.00665565
 0.00709171 0.0115854 0.0175595 0.0249993 0.0336847 0.0430505 0.0521601 0.0599388 0.0655646 0.068723 0.0695648 0.0684833 0.0659201 0.0622809 0.0579116 0.0530831 0.0479764 0.0426827 0.0372306 0.031637 0.0259694 0.0203897 0.0151525 0.0105483 0.00681188
 0.00701915 0.011464 0.0173712 0.0247277 0.0333206 0.0426014 0.0516559 0.0594308 0.0651143 0.0683874 0.0693845 0.068477 0.0660829 0.0625825 0.0582982 0.0534886 0.0483432 0.042983 0.0374731 0.0318537 0.0261906 0.020625 0.015388 0.0107591 0.00697799
 0.00707023 0.0115406 0.0174733 0.0248487 0.0334458 0.0427078 0.0517149 0.0594142 0.0650051 0.0681889 0.0691244 0.0682007 0.06584 0.0624119 0.058217 0.0534885 0.0483964 0.0430565 0.0375443 0.031919 0.0262603 0.0207097 0.0154881 0.0108631 0.00707061
 0.00706767 0.0115474 0.0175036 0.0249207 0.0335758 0.0428999 0.0519528 0.0596607 0.0652105 0.0683064 0.0691243 0.0680803 0.0656246 0.0621467 0.0579531 0.053267 0.0482378 0.0429596 0.0374948 0.0319013 0.0262651 0.020734 0.0155291 0.0109143 0.00712226
 0.00697941 0.0114071 0.0172995 0.024648 0.0332417 0.0425292 0.0515899 0.0593621 0.0650266 0.0682616 0.0692063 0.0682472 0.0658245 0.0623389 0.0581205 0.053415 0.048383 0.0431163 0.0376668 0.0320818 0.0264425 0.0208975 0.0156714 0.0110312 0.00721197
 0.00701792 0.011461 0.0173643 0.0247128 0.033291 0.0425472 0.0515651 0.0592925 0.0649228 0.0681458 0.069106 0.0681834 0.0658019 0.0623447 0.0581332 0.0534172 0.0483708 0.0430986 0.0376574 0.0320907 0.0264717 0.0209421 0.0157234 0.0110824 0.00725615
 0.00705685 0.0115305 0.0174794 0.0248886 0.0335363 0.0428546 0.0519052 0.059616 0.0651746 0.0682834 0.0691143 0.0680769 0.0656154 0.0621179 0.0578965 0.0531869 0.0481524 0.0428951 0.0374744 0.0319367 0.026354 0.0208625 0.0156776 0.0110622 0.00725187
 0.00710401 0.0116082 0.0175987 0.0250611 0.0337723 0.04316 0.0522757 0.0600319 0.0655986 0.0686644 0.0693968 0.0682163 0.065592 0.0619425 0.0576053 0.0528271 0.0477681 0.042519 0.0371283 0.0316347 0.0261052 0.0206713 0.0155422 0.0109749 0.00720144
 0.0070347 0.0115033 0.0174556 0.0248847 0.0335753 0.0429635 0.0521088 0.0599286 0.0655902 0.0687686 0.0696082 0.0685031 0.0659033 0.062223 0.0578127 0.0529433 0.0477993 0.0424877 0.0370616 0.0315564 0.0260319 0.0206126 0.0155017 0.0109513 0.0071906
 0.00704448 0.0115086 0.0174447 0.0248407 0.0334827 0.0428162 0.0519172 0.0597207 0.0654048 0.0686451 0.0695756 0.0685729 0.0660654 0.0624472 0.0580556 0.0531604 0.0479585 0.0425769 0.037088 0.0315392 0.0259933 0.0205704 0.0154667 0.0109276 0.00717733
#pred catch len freq
