SBPRF35
12.7214
Curr Bio
1.01318e+06
B35
874423
F35
0.171085
FOFL
0.171085
OFL
0
Bzero
3.63469e+06
#pred survey bio
 3.69838e+06 3.5556e+06 3.42988e+06 3.25811e+06 3.04985e+06 2.80616e+06 2.56874e+06 2.30092e+06 2.04468e+06 1.82947e+06 1.59274e+06 1.37689e+06 1.22477e+06 1.1051e+06 956648 835328 739301 673567 642174 618944 608252 584258 581937 562055 564498 556911 552097 558877 563279 562635 571867 579063 588043 584680 594611 608355 623561 639625 641156 648864 649695 653160 663640 674529 669558 666333 662149 651201 653241 638075 632320 753956 884329 1.01949e+06 2.42822e+07 2.31927e+07 2.24446e+07 2.23575e+07 2.27734e+07 2.34748e+07 2.42823e+07 2.50762e+07 2.57908e+07 2.63997e+07 2.68998e+07 2.73005e+07 2.76163e+07 2.78626e+07 2.80534e+07 2.82007e+07 2.83143e+07 2.8402e+07 2.84698e+07 2.85224e+07 2.85634e+07 2.85955e+07 2.86206e+07 2.86405e+07 2.86562e+07 2.86687e+07 2.86786e+07 2.86865e+07 2.86929e+07 2.8698e+07 2.87021e+07 2.87054e+07 2.87081e+07 2.87103e+07 2.8712e+07 2.87135e+07 2.87146e+07 2.87156e+07 2.87164e+07 2.8717e+07 2.87175e+07 2.87179e+07 2.87183e+07 2.87186e+07 2.87188e+07 2.8719e+07 2.87191e+07 2.87192e+07 2.87194e+07 2.87194e+07 2.87195e+07 2.87196e+07 2.87196e+07 2.87196e+07 2.87197e+07 2.87197e+07 2.87197e+07 2.87197e+07 2.87198e+07 2.87198e+07 2.87198e+07 2.87198e+07 2.87198e+07 2.87198e+07 2.87198e+07 2.87198e+07 2.87198e+07 2.87198e+07 2.87198e+07 2.87198e+07 2.87198e+07 2.87198e+07 2.87198e+07 2.87198e+07 2.87198e+07 2.87198e+07 2.87198e+07 2.87198e+07 2.87198e+07 2.87198e+07 2.87198e+07 2.87198e+07 2.87198e+07 2.87198e+07 2.87198e+07 2.87198e+07 2.87198e+07 2.87198e+07 2.87198e+07 2.87198e+07 2.87198e+07 2.87198e+07 2.87198e+07 2.87198e+07 2.87198e+07 2.87198e+07 2.87198e+07 2.87198e+07 2.87198e+07 2.87198e+07 1.28224e+06 0 0 0 0 0 0 0 0 0 0 0 0 0 0 0 0 0 0 0 0 0 0 0 0
#obs survey bio
 3.94214e+06 3.97036e+06 3.26214e+06 3.59913e+06 3.05773e+06 3.24933e+06 2.69774e+06 1.97455e+06 2.2613e+06 1.64602e+06 1.36038e+06 1.6975e+06 839459 1.12143e+06 656975 885201 636304 358753 640490 608662 692196 533095 777949 540326 367743 535617 637870 872262 694795 539763 558878 651967 452172 564455 601823 543058 630645 578410 570574 716422 681887 711524 606647 885587 602141 512111 620237 624806 970003 552885 647311 868982 749156 1.36494e+06
#pred catch bio
 108346 101834 155422 201776 249617 260929 306206 312262 289719 320916 310532 260292 237198 264303 238590 213062 183346 152078 143457 130606 138419 116882 128790 107773 115008 110674 99512.2 100502 103438 94617.9 96849.3 96114.8 106939 96055.9 93846.4 93565.5 94047.4 106958 101687 107340 104565 98985.2 99683.5 113259 110890 110667 114704 101700 114007 104140 6.94083 7.75625 8.70771 10.4642 161842 154172 147666 145595 147420 151309 155933 160474 164503 167855 170523 172581 174131 175277 176112 176715 177147 177453 177669 177822 177928 178003 178055 178091 178116 178134 178146 178154 178160 178164 178167 178169 178170 178171 178171 178172 178172 178172 178172 178172 178173 178173 178173 178173 178173 178173 178173 178173 178173 178173 178173 178173 178173 178173 178173 178173 178173 178173 178173 178173 178173 178173 178173 178173 178173 178173 178173 178173 178173 178173 178173 178173 178173 178173 178173 178173 178173 178173 178173 178173 178173 178173 178173 178173 178173 178173 178173 178173 178173 178173 178173 178173 178173 178173 178173 178173 178173 178173 178173 178173 0 0 0 0 0 0 0 0 0 0 0 0 0 0 0 0 0 0 0 0 0 0 0 0 0
#obs catch bio
 0 101467 155635 201465 249150 259779 305628 312539 288883 321001 311997 261088 238676 266822 242505 216534 185866 155207 146508 132317 140366 117481 129128 107817 115913 111321 99579.2 100208 102898 93922.3 96340.4 95427.1 106999 95837.1 94095.4 93382.4 93649.8 107100 101560 107175 104276 98281.9 99561.4 112884 110832 110519 114857 101377 113383 110974 6.45761 7.75505 8.70208 10.4672
#pred cpue bio
 3.65692e+06 3.51558e+06 3.38991e+06 3.21826e+06 3.01059e+06 2.76738e+06 2.53027e+06 2.26312e+06 2.00773e+06 1.79327e+06 1.55774e+06 1.34317e+06 1.19176e+06 1.07261e+06 925546 805658 711208 646582 615747 593364 583417 560479 558644 539506 542028 534813 530443 537473 542159 541730 550770 557767 566481 563123 572839 586477 601513 617223 618709 626344 627323 630856 641041 651665 646852 643811 639909 629445 631870 617388 611545 731327 860771 994816 2.37406e+07 2.26706e+07 2.1795e+07 2.15895e+07 2.19738e+07 2.26694e+07 2.3476e+07 2.42697e+07 2.49844e+07 2.55932e+07 2.60933e+07 2.6494e+07 2.68099e+07 2.70562e+07 2.72469e+07 2.73942e+07 2.75078e+07 2.75955e+07 2.76633e+07 2.7716e+07 2.7757e+07 2.7789e+07 2.78142e+07 2.7834e+07 2.78497e+07 2.78622e+07 2.78722e+07 2.78801e+07 2.78864e+07 2.78915e+07 2.78956e+07 2.78989e+07 2.79016e+07 2.79038e+07 2.79056e+07 2.7907e+07 2.79082e+07 2.79091e+07 2.79099e+07 2.79105e+07 2.7911e+07 2.79115e+07 2.79118e+07 2.79121e+07 2.79123e+07 2.79125e+07 2.79127e+07 2.79128e+07 2.79129e+07 2.7913e+07 2.7913e+07 2.79131e+07 2.79131e+07 2.79132e+07 2.79132e+07 2.79132e+07 2.79133e+07 2.79133e+07 2.79133e+07 2.79133e+07 2.79133e+07 2.79133e+07 2.79133e+07 2.79133e+07 2.79133e+07 2.79133e+07 2.79133e+07 2.79133e+07 2.79133e+07 2.79133e+07 2.79134e+07 2.79134e+07 2.79134e+07 2.79134e+07 2.79134e+07 2.79134e+07 2.79134e+07 2.79134e+07 2.79134e+07 2.79134e+07 2.79134e+07 2.79134e+07 2.79134e+07 2.79134e+07 2.79134e+07 2.79134e+07 2.79134e+07 2.79134e+07 2.79134e+07 2.79134e+07 2.79134e+07 2.79134e+07 2.79134e+07 2.79134e+07 2.79134e+07 2.79134e+07 2.79134e+07 2.79134e+07 2.79134e+07 2.79134e+07 1.24389e+06 0 0 0 0 0 0 0 0 0 0 0 0 0 0 0 0 0 0 0 0 0 0 0 0
#obs cpue bio
 4.04526e+06 2.9393e+06 3.4778e+06 4.74547e+06 3.43106e+06 2.49256e+06 2.09483e+06 1.89668e+06 2.15783e+06 1.84245e+06 1.3163e+06 1.0125e+06 1.21009e+06 1.032e+06 744354 615440 720394 542456 459818 644009 501856 665519 603844 483782 575269 567361 555501 479453 592922 667713 565085 583047 506488 632782 390137 976601 700403 524877 729322 663829 669900 869420 422550 714838 544016 898576 629180 764901 686893 505755 749962 701430 698337 750074
#pred surv len freq
 0.00420861 0.00692997 0.0106111 0.015293 0.0208932 0.0271155 0.0334324 0.0392291 0.0440394 0.0476929 0.0502817 0.0520188 0.0531184 0.0537482 0.0540307 0.0540671 0.0539606 0.0538147 0.0536675 0.0533614 0.0524285 0.0501377 0.0457964 0.0392001 0.030923
 0.00448497 0.00730247 0.0110324 0.015678 0.0211514 0.0271961 0.0333537 0.0390685 0.0438865 0.0475988 0.0502395 0.0519868 0.0530664 0.0536926 0.0540362 0.0542124 0.0542879 0.0542868 0.0541583 0.0536909 0.0524338 0.0497477 0.0450696 0.0382988 0.0300393
 0.00453609 0.00744159 0.011339 0.0162438 0.0220377 0.0283779 0.0346892 0.0403288 0.0448435 0.0481214 0.0503329 0.0517566 0.0526449 0.0531847 0.0535127 0.0537283 0.05389 0.0539945 0.0539332 0.0534318 0.0520146 0.0490849 0.0441763 0.0372873 0.0290682
 0.00466495 0.0076332 0.0115992 0.0165798 0.0224723 0.0289609 0.0354886 0.0413907 0.0461377 0.049509 0.0515934 0.0526701 0.0530805 0.0531402 0.0530887 0.0530683 0.0531269 0.0532191 0.0531794 0.0526751 0.0511934 0.0481461 0.0431236 0.0361976 0.0280611
 0.00486624 0.00795761 0.0120805 0.0172435 0.023327 0.02999 0.0366478 0.0426204 0.0473844 0.0507366 0.0527669 0.0537228 0.0538981 0.0535897 0.0530763 0.0525865 0.0522554 0.0520833 0.0518966 0.0513191 0.0497934 0.0467156 0.0416981 0.034852 0.0268919
 0.00510761 0.00835124 0.012675 0.0180841 0.0244455 0.0313893 0.0382854 0.0444033 0.0491838 0.0524188 0.0542244 0.0548872 0.05473 0.0540533 0.0531244 0.052171 0.0513593 0.0507455 0.0502094 0.0494004 0.0477596 0.0446735 0.0397531 0.0331122 0.0254527
 0.00532883 0.00871633 0.0132349 0.0188904 0.0255413 0.0327936 0.0399765 0.0463104 0.0511934 0.0543932 0.0560233 0.0563873 0.0558384 0.0547111 0.053299 0.0518436 0.0505193 0.049402 0.0484093 0.04724 0.0453791 0.0422404 0.0374413 0.0310783 0.0238086
 0.00557561 0.0091253 0.013865 0.0198019 0.0267844 0.03439 0.0418999 0.0484788 0.0534799 0.056648 0.0580963 0.0581434 0.057166 0.0555278 0.053553 0.0515104 0.0495956 0.0479038 0.0463812 0.0447712 0.0426163 0.0393833 0.0347152 0.0286895 0.0218983
 0.00585468 0.00957592 0.0145382 0.020745 0.0280346 0.0359631 0.0437762 0.0505949 0.0557317 0.0589052 0.0602196 0.0599979 0.0586318 0.0565064 0.053971 0.0513199 0.0487734 0.0464534 0.0443402 0.0422266 0.0397194 0.0363495 0.0317972 0.0261244 0.0198497
 0.0060917 0.00996535 0.0151318 0.0215936 0.029178 0.0374152 0.0455103 0.0525396 0.0577842 0.0609518 0.062152 0.0617184 0.0600497 0.0575349 0.0545286 0.051335 0.0481919 0.0452475 0.0425221 0.0398661 0.036959 0.0334052 0.0289299 0.0235846 0.0178136
 0.00639572 0.0104659 0.0158966 0.0226881 0.0306514 0.0392776 0.0477104 0.0549588 0.060255 0.0632943 0.0642088 0.0633752 0.0612381 0.0582221 0.0546995 0.0509761 0.0472843 0.0437733 0.0404844 0.0373174 0.0340269 0.0302986 0.0259122 0.0209143 0.0156751
 0.00678756 0.0110879 0.0168049 0.0239264 0.0322446 0.0412213 0.0499572 0.0574095 0.0627645 0.065692 0.0663253 0.065066 0.0624011 0.0588045 0.054692 0.0503962 0.0461564 0.0421184 0.0383277 0.0347136 0.0310906 0.0272195 0.0229357 0.0182856 0.0135717
 0.00708412 0.0115676 0.0175218 0.0249276 0.03356 0.0428485 0.0518477 0.0594676 0.0648645 0.0677044 0.0681353 0.0665776 0.0635329 0.0594883 0.0548776 0.0500567 0.0452887 0.0407386 0.0364703 0.0324414 0.0285144 0.0245097 0.020309 0.0159598 0.011706
 0.00723779 0.0118371 0.0179636 0.0256064 0.0345337 0.0441453 0.0534442 0.0612815 0.0667701 0.0695607 0.0698137 0.0679776 0.0645844 0.0601456 0.0551102 0.0498435 0.044617 0.0396091 0.0349054 0.0304969 0.0262924 0.0221645 0.0180322 0.0139417 0.0100855
 0.00750238 0.0122792 0.018651 0.0266087 0.0359069 0.0459067 0.0555467 0.0636038 0.0691318 0.0717576 0.0716571 0.0693263 0.0653619 0.0603404 0.0547604 0.0490113 0.0433656 0.0379919 0.0329706 0.0283051 0.0239361 0.0197781 0.0157803 0.0119846 0.00853543
 0.00766034 0.0125522 0.0190924 0.02728 0.0368664 0.04719 0.0571458 0.0654556 0.0711213 0.0737344 0.0734569 0.0707932 0.0663705 0.0608142 0.0546796 0.0484074 0.0423039 0.0365509 0.0312305 0.0263486 0.0218602 0.0177031 0.0138439 0.0103162 0.0072226
 0.00793414 0.0129644 0.0196533 0.0279817 0.037692 0.0481255 0.0581855 0.0665962 0.0723481 0.0750079 0.0747072 0.0719243 0.0672749 0.0613919 0.0548569 0.0481498 0.0416197 0.0354855 0.0298553 0.0247529 0.0201475 0.0159897 0.012251 0.00895096 0.00615363
 0.00810843 0.0132501 0.0200854 0.0285883 0.0384823 0.0490751 0.0592288 0.0676379 0.0732953 0.0758044 0.0753461 0.072431 0.0676717 0.0616705 0.054975 0.0480477 0.0412466 0.0348199 0.0289148 0.0235927 0.0188535 0.014667 0.0110086 0.00788222 0.00531665
 0.00800164 0.0131002 0.0199051 0.028408 0.0383463 0.0490323 0.0593219 0.0678923 0.0737105 0.076352 0.0759775 0.0730928 0.0683198 0.0622724 0.0554992 0.0484527 0.0414798 0.0348312 0.0286762 0.0231138 0.0181845 0.0138907 0.0102217 0.00717283 0.00474479
 0.00795879 0.0130167 0.0197558 0.0281662 0.0379969 0.0485897 0.0588416 0.0674662 0.0734409 0.0763169 0.0762048 0.0735554 0.0689506 0.0629882 0.0562202 0.049111 0.0420184 0.0352019 0.0288432 0.0230642 0.0179383 0.0135011 0.00976407 0.00672437 0.00436437
 0.00783478 0.0128256 0.0194868 0.0278146 0.0375623 0.0480757 0.0582609 0.0668489 0.072844 0.075823 0.0759076 0.0735318 0.0692329 0.0635495 0.0569826 0.0499681 0.0428618 0.0359391 0.0294077 0.0234198 0.0180829 0.0134663 0.00960696 0.00651176 0.0041545
 0.00791151 0.0129309 0.0196095 0.0279318 0.0376457 0.0481007 0.0582126 0.0667231 0.0726432 0.0755561 0.0755946 0.0732117 0.0689636 0.0633941 0.0569853 0.0501346 0.0431544 0.0362895 0.029739 0.0236684 0.0182131 0.013476 0.00952284 0.00637663 0.00401121
 0.00784974 0.0128293 0.0194542 0.0277089 0.0373434 0.0477143 0.0577507 0.0662119 0.0721266 0.0750885 0.0752298 0.0729909 0.0689088 0.0635095 0.057262 0.0505532 0.0436818 0.0368761 0.0303216 0.0241828 0.0186105 0.0137357 0.00965463 0.00641281 0.00399218
 0.00801137 0.0130707 0.0197767 0.0280973 0.0377673 0.0481312 0.0581101 0.0664604 0.0722165 0.074991 0.0749463 0.072557 0.0683877 0.0629768 0.0567893 0.0501937 0.043463 0.0367964 0.0303531 0.0242795 0.0187223 0.0138228 0.009698 0.00641435 0.00396703
 0.00791067 0.0129253 0.0195916 0.0278881 0.0375546 0.0479331 0.0579358 0.0663109 0.0720892 0.0748845 0.0748617 0.0724968 0.0683545 0.0629745 0.056825 0.0502781 0.0436058 0.0369996 0.0306053 0.0245549 0.0189869 0.0140452 0.00985946 0.00651315 0.00401538
 0.0078379 0.0128173 0.019449 0.02772 0.0373783 0.0477713 0.057813 0.0662466 0.0720906 0.074941 0.0749473 0.0725795 0.0684097 0.0629936 0.0568164 0.0502617 0.0436052 0.0370343 0.030684 0.0246724 0.0191253 0.0141808 0.0099718 0.00659169 0.00406092
 0.0078044 0.0127518 0.0193309 0.0275261 0.0370917 0.0473944 0.057377 0.0658102 0.0717242 0.0747044 0.0748703 0.0726558 0.0686032 0.0632541 0.0570967 0.0505302 0.0438495 0.0372568 0.0308932 0.0248736 0.019316 0.0143517 0.0101119 0.00669446 0.00412728
 0.00770872 0.0125949 0.0190924 0.0271859 0.0366343 0.0468162 0.0566955 0.0650705 0.0709985 0.0740816 0.0744381 0.0724787 0.0687039 0.0636067 0.0576356 0.0511715 0.0445145 0.0378882 0.0314585 0.0253601 0.0197211 0.0146763 0.0103586 0.0068692 0.00424072
 0.00770582 0.0125762 0.019038 0.0270683 0.0364243 0.0464928 0.0562557 0.064533 0.0704017 0.0734781 0.0738895 0.0720498 0.0684534 0.0635739 0.0578275 0.0515574 0.0450343 0.0384694 0.0320353 0.0258849 0.020167 0.0150332 0.0106276 0.0070587 0.00436408
 0.00781229 0.0127321 0.0192397 0.0272981 0.0366515 0.0466776 0.056354 0.0645043 0.070219 0.0731386 0.0734207 0.071507 0.0679097 0.0631054 0.0574976 0.051404 0.0450611 0.0386472 0.0323124 0.0262037 0.0204782 0.0153037 0.0108415 0.00721367 0.00446695
 0.00780625 0.0127268 0.0192394 0.0273082 0.0366747 0.0467094 0.0563795 0.0644999 0.0701589 0.0730038 0.0732068 0.0712273 0.0675945 0.0627969 0.0572435 0.0512474 0.0450301 0.0387464 0.032521 0.0264812 0.020777 0.0155819 0.0110716 0.0073851 0.00458245
 0.00782703 0.0127553 0.019273 0.0273419 0.0367036 0.0467315 0.056397 0.064516 0.0701725 0.0730052 0.0731779 0.0711489 0.0674561 0.0626052 0.0570235 0.0510377 0.044872 0.0386719 0.0325426 0.0265883 0.0209406 0.0157655 0.0112428 0.00752323 0.0046808
 0.00776717 0.0126719 0.0191729 0.0272394 0.0366156 0.0466702 0.0563651 0.0645078 0.0701789 0.0730196 0.0731968 0.0711686 0.0674686 0.0625998 0.0569929 0.0509853 0.0448145 0.0386343 0.0325479 0.0266473 0.0210472 0.0158994 0.0113789 0.00764082 0.00476907
 0.00780894 0.0127354 0.0192605 0.0273516 0.0367522 0.0468312 0.0565499 0.0647109 0.0703861 0.0732059 0.0733318 0.0712254 0.0674337 0.0624757 0.0567957 0.0507391 0.0445474 0.038376 0.0323266 0.0264843 0.0209508 0.0158634 0.0113857 0.00766951 0.00480213
 0.0076918 0.0125597 0.0190239 0.0270622 0.0364272 0.0464947 0.0562305 0.0644416 0.0702008 0.0731332 0.0733857 0.0713981 0.0676949 0.0627809 0.0570988 0.051005 0.0447588 0.0385335 0.0324431 0.0265777 0.0210362 0.015948 0.0114683 0.00774374 0.00486168
 0.00765947 0.0124871 0.018879 0.0268063 0.0360291 0.0459503 0.0555782 0.0637601 0.0695887 0.0726793 0.0731465 0.0713905 0.0679007 0.0631558 0.0575828 0.0515336 0.0452752 0.0389974 0.0328351 0.0268961 0.0212898 0.0161483 0.0116243 0.00786122 0.00494516
 0.00767536 0.0125045 0.018888 0.0267887 0.035958 0.0457935 0.0553057 0.0633571 0.0690697 0.0720967 0.0725845 0.0709436 0.0676441 0.0631242 0.0577645 0.0518803 0.0457196 0.039472 0.033286 0.0272896 0.0216119 0.0163993 0.0118119 0.00799532 0.00503591
 0.00758163 0.0123737 0.0187307 0.0266263 0.0358148 0.0456834 0.0552225 0.0632737 0.0689487 0.0719073 0.0723198 0.0706299 0.0673379 0.0628952 0.057672 0.0519522 0.0459447 0.0398071 0.0336731 0.0276736 0.0219534 0.0166775 0.0120224 0.00814419 0.00513425
 0.00756446 0.0123477 0.0186959 0.0265866 0.0357795 0.0456677 0.0552447 0.0633469 0.0690685 0.0720444 0.0724234 0.0706466 0.0672374 0.0626877 0.0574075 0.0517012 0.0457698 0.0397415 0.0337138 0.0277906 0.0221062 0.0168305 0.0121528 0.00824279 0.00520174
 0.00747411 0.012209 0.0185027 0.0263397 0.0354873 0.0453473 0.054923 0.0630601 0.0688571 0.071942 0.072444 0.0707756 0.0674335 0.0628979 0.0575893 0.0518396 0.0458799 0.0398542 0.0338551 0.0279673 0.0223046 0.0170262 0.0123231 0.00837456 0.00529307
 0.00746647 0.0121897 0.0184613 0.0262628 0.0353631 0.0451716 0.0547042 0.0628199 0.0686255 0.0717502 0.0723174 0.0707292 0.0674683 0.0629993 0.0577302 0.0519897 0.046018 0.0399759 0.0339701 0.0280883 0.0224366 0.0171626 0.0124501 0.00847962 0.00537004
 0.00757615 0.0123395 0.0186337 0.0264228 0.0354669 0.0451809 0.0545997 0.0626065 0.0683303 0.0714148 0.0719892 0.0704523 0.0672753 0.0629053 0.0577307 0.052064 0.0461377 0.0401145 0.0341106 0.0282243 0.0225671 0.0172859 0.0125611 0.00857171 0.00543898
 0.00753077 0.0122887 0.0185977 0.0264301 0.0355401 0.0453188 0.0547662 0.0627387 0.0683638 0.0713142 0.0717647 0.0701539 0.0669706 0.0626553 0.0575734 0.0520101 0.0461746 0.0402162 0.034248 0.0283736 0.0227122 0.0174176 0.0126737 0.00866174 0.00550521
 0.00742886 0.0121325 0.0183821 0.0261611 0.0352383 0.0450206 0.0545199 0.0625909 0.0683393 0.0713996 0.0719108 0.0702986 0.0670697 0.0627011 0.0575911 0.052038 0.0462427 0.0403347 0.0344081 0.0285553 0.0228941 0.0175825 0.0128114 0.00876795 0.00558067
 0.00740778 0.0121033 0.0183475 0.0261265 0.0352103 0.0450051 0.0545209 0.0626118 0.0683844 0.0714723 0.0720074 0.0704027 0.0671527 0.062733 0.0575564 0.0519457 0.0461227 0.0402234 0.0343326 0.0285254 0.022904 0.017618 0.0128571 0.00881218 0.00561672
 0.00735565 0.0120234 0.0182367 0.0259861 0.035047 0.0448313 0.0543545 0.0624739 0.0682952 0.0714457 0.0720478 0.0705037 0.067298 0.0628979 0.0577128 0.0520697 0.046204 0.0402683 0.0343589 0.0285519 0.0229416 0.017667 0.0129107 0.00886181 0.00565646
 0.00727539 0.011902 0.0180711 0.0257799 0.0348101 0.0445783 0.054104 0.0622479 0.0681165 0.0713347 0.0720178 0.0705581 0.0674295 0.0630895 0.05794 0.052305 0.0464224 0.0404536 0.034507 0.0286687 0.0230371 0.0177489 0.0129814 0.00892025 0.0057009
 0.00721262 0.0118067 0.0179403 0.0256163 0.0346214 0.0443768 0.0539057 0.0620705 0.0679765 0.0712435 0.0719804 0.0705742 0.0674958 0.0632006 0.058088 0.052478 0.0466045 0.0406282 0.0346612 0.0287966 0.0231393 0.0178297 0.0130454 0.00897001 0.00573769
 0.00709656 0.0116151 0.0176477 0.0252003 0.0340713 0.0437056 0.053159 0.0613251 0.0673241 0.0707666 0.0717317 0.070568 0.0677121 0.0635963 0.0586091 0.0530697 0.0472175 0.0412213 0.0352027 0.0292652 0.0235248 0.0181314 0.0132696 0.00912762 0.00584166
 0.00741227 0.0120597 0.018189 0.0257629 0.0345549 0.0440158 0.0532354 0.0611532 0.0669327 0.0702171 0.071105 0.0699498 0.0671768 0.0631941 0.05836 0.0529663 0.0472329 0.0413196 0.0353469 0.0294238 0.0236746 0.0182586 0.013369 0.00919955 0.0058901
 0.00748472 0.0122134 0.0184818 0.0262579 0.0352889 0.0449585 0.0542641 0.0620723 0.0675386 0.0703775 0.070806 0.0692879 0.0663093 0.062282 0.0575279 0.0522872 0.0467317 0.0409853 0.0351483 0.0293223 0.0236343 0.0182516 0.0133766 0.00921111 0.00590065
 0.00678789 0.0110892 0.0168148 0.0239695 0.0323803 0.0415621 0.0506741 0.0587111 0.064848 0.0686827 0.0702298 0.0697572 0.0676298 0.0642224 0.0598731 0.0548549 0.0493688 0.0435606 0.0375497 0.0314593 0.0254426 0.0196987 0.0144644 0.00997367 0.00639531
 0.00652678 0.0106143 0.0160059 0.0226823 0.0304788 0.0389744 0.0474531 0.0550685 0.0611407 0.0653497 0.0676986 0.0683442 0.067469 0.0652499 0.0618711 0.0575286 0.052418 0.0467213 0.0406077 0.0342492 0.0278472 0.0216506 0.0159481 0.0110225 0.00707982
 0.00620913 0.0101341 0.0153456 0.0218353 0.0294312 0.0376849 0.04585 0.0530785 0.0587446 0.062642 0.0649161 0.0658401 0.0656311 0.0643923 0.0621447 0.0588867 0.0546463 0.0495092 0.0436254 0.0372039 0.0305136 0.0238832 0.0176823 0.0122677 0.00790184
#obs surv len freq
 nan nan nan nan nan nan nan nan nan nan nan nan nan nan nan nan nan nan nan nan nan nan nan nan nan
 0.00448704 0.00734945 0.0111804 0.0159973 0.021698 0.0279731 0.0342863 0.0400165 0.044695 0.0481578 0.0505147 0.0520097 0.0529011 0.0534129 0.0537267 0.0539812 0.0542595 0.054552 0.0546906 0.0542825 0.0527206 0.049353 0.0438031 0.0362837 0.0276679
 0.00461928 0.00756676 0.0115114 0.0164689 0.0223287 0.0287624 0.0352053 0.0410047 0.0456695 0.0490299 0.0512071 0.0524676 0.0530973 0.0533473 0.0534221 0.0534753 0.053596 0.0537739 0.053837 0.0533905 0.0518292 0.0485057 0.0430451 0.0356531 0.027186
 0.00477746 0.00782635 0.0119067 0.0170336 0.0230895 0.0297288 0.0363574 0.0422884 0.0470002 0.0503063 0.0523257 0.0533361 0.0536456 0.0535346 0.0532401 0.0529464 0.0527661 0.0527027 0.0525913 0.0520407 0.0504507 0.0471788 0.0418497 0.0346551 0.0264218
 0.00495915 0.00812498 0.0123623 0.0176857 0.0239699 0.0308493 0.0376981 0.0437916 0.0485785 0.0518559 0.0537411 0.0545183 0.0545072 0.0540056 0.053275 0.0525304 0.0519173 0.0514708 0.0510524 0.0502928 0.0486096 0.0453721 0.0402029 0.0332711 0.0253581
 0.00517608 0.00847711 0.0128914 0.0184311 0.0249613 0.0320967 0.0391794 0.0454478 0.05032 0.0535778 0.0553373 0.0558905 0.0555674 0.0546778 0.0534976 0.0522606 0.0511394 0.0502035 0.0493555 0.0482694 0.0464031 0.043154 0.0381489 0.0315271 0.0240094
 0.00541955 0.00887513 0.0134944 0.0192867 0.0261051 0.0335369 0.0408822 0.0473338 0.0522765 0.0554819 0.0570761 0.0573693 0.0567092 0.0554181 0.0537807 0.0520398 0.0503818 0.0489021 0.0475438 0.046037 0.0439008 0.040583 0.0357287 0.0294483 0.022389
 0.00565062 0.009257 0.0140807 0.0201317 0.0272531 0.0350054 0.0426449 0.0493135 0.054356 0.0575266 0.0589561 0.0589741 0.0579523 0.0562351 0.0541232 0.0518688 0.0496657 0.0476239 0.0457192 0.0437363 0.0412665 0.0378253 0.0330922 0.027156 0.0205859
 0.00588394 0.00963767 0.0146566 0.0209494 0.0283506 0.0363997 0.0443177 0.0512044 0.0563677 0.0595405 0.0608491 0.060631 0.0592738 0.057142 0.0545563 0.0517849 0.0490335 0.0464257 0.0439636 0.0414814 0.0386421 0.0350365 0.0303905 0.0247807 0.0187007
 0.00612591 0.0100367 0.0152674 0.0218257 0.029534 0.0379021 0.0461047 0.0531914 0.0584346 0.0615572 0.0626971 0.0622124 0.0605103 0.0579708 0.0549263 0.0516548 0.0483715 0.0452127 0.0422049 0.0392283 0.0360148 0.0322314 0.0276562 0.022361 0.0167681
 0.00639391 0.01047 0.0159154 0.0227333 0.030734 0.0394029 0.0478758 0.0551566 0.0604803 0.0635519 0.0645131 0.0637416 0.0616715 0.0587088 0.0552059 0.0514518 0.0476665 0.0439924 0.0404744 0.0370326 0.0334628 0.0295059 0.0249928 0.0199953 0.0148708
 0.00661586 0.0108409 0.0164917 0.0235727 0.0318823 0.0408735 0.0496313 0.0571051 0.0624924 0.0654891 0.0662519 0.0651846 0.0627473 0.0593684 0.0554188 0.0512007 0.0469422 0.0427923 0.0388099 0.0349478 0.0310567 0.0269438 0.02249 0.0177693 0.0130816
 0.00685627 0.0112316 0.0170797 0.0244027 0.0329889 0.0422689 0.0512905 0.0589575 0.0644274 0.0673738 0.0679527 0.0665863 0.0637649 0.0599509 0.0555443 0.050867 0.0461571 0.0415688 0.0371717 0.0329436 0.0287804 0.024545 0.0201612 0.0157048 0.0114242
 0.00707904 0.0115971 0.0176358 0.0251949 0.0340506 0.0436062 0.0528675 0.0606936 0.0662104 0.069083 0.0694779 0.0678363 0.0646693 0.06046 0.0556296 0.05052 0.0453856 0.0403929 0.0356242 0.0310795 0.0266905 0.0223649 0.0180601 0.013851 0.00994021
 0.00729958 0.0119597 0.0181888 0.0259849 0.035112 0.0449454 0.0544465 0.0624256 0.0679726 0.0707415 0.0709128 0.0689565 0.0654167 0.0608058 0.0555672 0.0500578 0.0445416 0.0391933 0.0341066 0.0293013 0.0247393 0.0203637 0.0161561 0.0121872 0.00861737
 0.00745747 0.0122226 0.0185958 0.026577 0.0359237 0.0459917 0.0557097 0.063849 0.0694664 0.0721984 0.0722248 0.0700285 0.0661758 0.0612062 0.0555904 0.0497077 0.0438374 0.0381653 0.0327954 0.0277642 0.0230582 0.0186477 0.0145323 0.0107751 0.00749936
 0.00753802 0.0123533 0.0187932 0.0268584 0.0363074 0.0464947 0.0563436 0.0646141 0.0703471 0.0731591 0.0732104 0.0709679 0.0669902 0.0618202 0.0559427 0.0497585 0.043571 0.0375886 0.0319371 0.0266745 0.0218116 0.0173419 0.0132778 0.0096748 0.00662381
 0.00760134 0.0124508 0.0189299 0.0270362 0.0365264 0.046755 0.0566469 0.0649643 0.07075 0.0736208 0.0737313 0.071536 0.0675746 0.0623702 0.0563938 0.0500446 0.0436373 0.0374024 0.0314943 0.026002 0.0209671 0.0164085 0.0123521 0.00884704 0.00595732
 0.00767636 0.0125639 0.0190836 0.0272266 0.0367443 0.0469879 0.0568816 0.0651895 0.07096 0.0738187 0.07393 0.071753 0.0678229 0.062648 0.056678 0.0502911 0.0437902 0.0374079 0.0313158 0.0256329 0.0204352 0.0157734 0.0116917 0.00823894 0.00545851
 0.00773083 0.0126511 0.0192117 0.027401 0.0369648 0.0472457 0.0571573 0.0654554 0.0711875 0.0739884 0.0740387 0.0718144 0.0678614 0.0626886 0.0567354 0.0503618 0.0438495 0.037416 0.0312307 0.0254265 0.0201066 0.0153525 0.0112322 0.00780117 0.00509096
 0.00778178 0.012726 0.0193101 0.027518 0.0370932 0.0473797 0.0572934 0.0655919 0.0713209 0.0741116 0.074142 0.0718896 0.0679068 0.0627114 0.0567483 0.0503755 0.0438646 0.0374181 0.031194 0.025324 0.0199241 0.0150983 0.0109365 0.00750588 0.00483437
 0.00783387 0.0128069 0.0194242 0.0276657 0.0372697 0.0475737 0.0574876 0.0657657 0.0714564 0.0741993 0.0741826 0.0718915 0.0678804 0.0626657 0.0566909 0.0503132 0.0438019 0.0373543 0.0311197 0.0252244 0.0197864 0.0149207 0.0107325 0.0073001 0.00465255
 0.00786798 0.0128603 0.0195005 0.0277669 0.0373951 0.0477194 0.0576455 0.0659231 0.0715978 0.0743095 0.0742511 0.0719149 0.067863 0.0626171 0.0566225 0.0502351 0.0437212 0.0372734 0.0310365 0.0251322 0.0196778 0.0147929 0.0105911 0.00715847 0.00452653
 0.00785341 0.0128361 0.0194635 0.0277145 0.0373271 0.0476399 0.057564 0.0658539 0.071556 0.0743063 0.0742896 0.0719893 0.0679611 0.0627248 0.0567275 0.0503291 0.0437998 0.0373341 0.0310769 0.0251492 0.0196683 0.0147566 0.0105329 0.0070886 0.00445742
 0.00789445 0.0128917 0.0195267 0.0277717 0.0373619 0.047639 0.0575228 0.0657779 0.0714595 0.0742081 0.0742082 0.0719389 0.0679484 0.0627477 0.056777 0.0503929 0.0438656 0.0373925 0.0311214 0.0251754 0.019674 0.0147418 0.0105012 0.00704693 0.00441425
 0.00792298 0.012939 0.0195989 0.0278729 0.0374908 0.0477848 0.0576638 0.0658852 0.071507 0.0741832 0.0741182 0.0718074 0.0678061 0.0626213 0.0566826 0.0503344 0.0438373 0.0373839 0.0311211 0.0251742 0.0196659 0.0147243 0.0104751 0.00701601 0.0043835
 0.00788444 0.0128799 0.019517 0.0277697 0.0373724 0.0476626 0.0575529 0.0658012 0.0714603 0.0741744 0.0741378 0.0718419 0.0678455 0.0626641 0.0567339 0.0504003 0.0439197 0.0374782 0.0312179 0.0252626 0.0197371 0.0147738 0.0105031 0.00702651 0.00438265
 0.00790709 0.0129046 0.0195321 0.0277578 0.0373156 0.0475514 0.0573932 0.0656151 0.0712794 0.0740292 0.0740484 0.0718135 0.0678701 0.0627262 0.0568179 0.0504957 0.0440213 0.0375831 0.0313223 0.0253606 0.0198215 0.0148392 0.0105477 0.00705236 0.00439446
 0.00791212 0.0129159 0.0195538 0.0277933 0.0373642 0.0476035 0.0574298 0.0656127 0.0712204 0.0739134 0.0738957 0.0716568 0.0677421 0.0626473 0.0567925 0.0505153 0.0440722 0.0376522 0.0313993 0.0254375 0.0198917 0.0148973 0.0105908 0.00708035 0.00441
 0.00788088 0.0128649 0.0194773 0.0276873 0.0372291 0.0474469 0.0572669 0.065463 0.0711006 0.0738302 0.0738457 0.0716326 0.06774 0.0626709 0.056849 0.0506082 0.0441976 0.0377989 0.0315528 0.0255841 0.020021 0.015003 0.0106703 0.00713495 0.00444387
 0.00784953 0.0128134 0.0193991 0.0275762 0.0370808 0.0472621 0.0570538 0.0652389 0.0708893 0.0736574 0.0737314 0.0715863 0.0677593 0.062745 0.0569646 0.0507545 0.0443662 0.0379817 0.0317399 0.0257637 0.0201817 0.0151363 0.0107724 0.00720666 0.00448975
 0.00783179 0.0127798 0.0193397 0.0274794 0.0369361 0.0470651 0.0568109 0.0649681 0.0706172 0.0734134 0.0735424 0.071472 0.0677298 0.0627995 0.0570921 0.0509371 0.0445839 0.038216 0.0319749 0.0259857 0.0203792 0.0153007 0.0108994 0.0072971 0.0045486
 0.00782407 0.0127654 0.0193145 0.0274372 0.0368699 0.0469674 0.0566763 0.0647957 0.0704136 0.0731934 0.0733283 0.0712901 0.0676042 0.0627469 0.0571183 0.0510368 0.0447424 0.0384133 0.0321898 0.0261987 0.0205744 0.0154666 0.01103 0.00739161 0.00461117
 0.0077647 0.0126719 0.0191795 0.0272566 0.0366439 0.0467026 0.0563864 0.0645015 0.0701387 0.0729595 0.0731519 0.0711815 0.0675697 0.0627897 0.0572378 0.0512269 0.0449905 0.0387005 0.0324931 0.0264949 0.0208431 0.0156932 0.0112071 0.00751934 0.00469563
 0.00773509 0.0126189 0.019091 0.0271192 0.0364465 0.0464427 0.0560752 0.0641641 0.0698091 0.0726716 0.0729319 0.0710448 0.0675216 0.0628277 0.057355 0.0514136 0.0452343 0.0389854 0.0327995 0.0268005 0.0211261 0.0159364 0.0114 0.00766019 0.00478966
 0.00769504 0.0125558 0.0189994 0.0269945 0.036285 0.0462418 0.0558352 0.063891 0.0695171 0.0723834 0.0726761 0.0708502 0.0674103 0.0628111 0.0574322 0.0515745 0.0454628 0.0392621 0.033103 0.0271082 0.0214159 0.0161893 0.0116039 0.00781096 0.00489148
 0.00767106 0.0125147 0.0189339 0.026897 0.0361495 0.046067 0.055627 0.0636616 0.0692821 0.0721579 0.0724732 0.070682 0.0672901 0.0627525 0.0574462 0.0516652 0.0456254 0.0394835 0.0333634 0.0273847 0.021685 0.0164303 0.0118023 0.00796043 0.00499403
 0.0076684 0.0125116 0.0189311 0.0268949 0.036147 0.0460596 0.0556064 0.0636175 0.069206 0.0720472 0.0723327 0.0705237 0.0671299 0.0626083 0.0573362 0.0516051 0.0456257 0.0395464 0.0334816 0.0275424 0.0218611 0.0166033 0.0119541 0.00808038 0.00507937
 0.00766439 0.0125055 0.0189226 0.0268842 0.036135 0.0460475 0.0555952 0.063607 0.0691931 0.0720256 0.0722947 0.0704634 0.067047 0.0625098 0.0572356 0.0515196 0.045572 0.0395366 0.03352 0.0276238 0.0219722 0.0167259 0.0120705 0.00817758 0.0051514
 0.00763741 0.0124666 0.0188734 0.0268293 0.0360807 0.0460001 0.0555589 0.0635835 0.0691823 0.0720254 0.072301 0.0704701 0.0670471 0.0624978 0.0572106 0.0514868 0.0455422 0.0395229 0.0335332 0.0276679 0.0220432 0.0168128 0.0121592 0.00825583 0.00521187
 0.00759388 0.0123975 0.0187729 0.0266945 0.0359135 0.0458093 0.055362 0.0634044 0.0690452 0.0719478 0.0722885 0.0705159 0.0671359 0.0626112 0.0573312 0.0516022 0.0456472 0.0396189 0.0336259 0.0277632 0.0221429 0.0169135 0.0122536 0.00833605 0.00527308
 0.00757265 0.0123612 0.0187151 0.0266082 0.0357931 0.0456536 0.055177 0.0632045 0.068852 0.0717852 0.0721778 0.0704705 0.0671585 0.062693 0.0574556 0.0517496 0.0457999 0.0397653 0.033761 0.0278869 0.0222567 0.0170172 0.0123447 0.00841103 0.00532959
 0.00755223 0.0123283 0.0186659 0.0265392 0.0357011 0.0455367 0.0550359 0.0630437 0.0686807 0.0716175 0.0720309 0.0703628 0.0671053 0.0627027 0.0575267 0.0518709 0.0459541 0.0399334 0.0339274 0.0280414 0.022394 0.017135 0.012442 0.00848719 0.0053851
 0.00755751 0.0123349 0.0186721 0.0265418 0.035696 0.0455196 0.0550028 0.062992 0.0686088 0.0715261 0.0719243 0.0702496 0.0669986 0.0626183 0.0574787 0.0518677 0.0459954 0.0400108 0.0340273 0.0281497 0.0224991 0.0172291 0.0125209 0.00854897 0.00543005
 0.00754461 0.0123195 0.0186591 0.0265386 0.0357097 0.045553 0.0550514 0.0630442 0.0686494 0.0715417 0.0719067 0.0701981 0.0669195 0.0625236 0.0573841 0.0517895 0.0459463 0.0399969 0.0340468 0.0281941 0.0225572 0.0172902 0.0125768 0.00859489 0.00546428
 0.00752656 0.0122877 0.0186072 0.0264608 0.035604 0.045425 0.0549165 0.0629247 0.068567 0.0715077 0.0719185 0.0702414 0.0669756 0.0625775 0.0574292 0.0518273 0.0459839 0.0400426 0.0341055 0.0282656 0.022636 0.0173681 0.0126461 0.0086506 0.0055048
 0.00753107 0.012294 0.0186146 0.026467 0.035605 0.0454152 0.05489 0.0628778 0.0685016 0.0714334 0.0718497 0.0701916 0.0669517 0.0625771 0.0574432 0.0518466 0.0460037 0.0400635 0.0341314 0.0282998 0.0226786 0.0174154 0.0126922 0.00869045 0.00553535
 0.0075016 0.0122526 0.0185642 0.0264144 0.0355583 0.0453808 0.0548695 0.0628675 0.0684944 0.0714222 0.0718313 0.0701683 0.0669306 0.0625665 0.0574485 0.0518677 0.0460362 0.0401021 0.0341729 0.0283431 0.0227233 0.0174601 0.0127342 0.00872641 0.00556307
 0.00749208 0.0122333 0.0185287 0.0263556 0.035472 0.0452697 0.0547461 0.0627516 0.0684063 0.0713744 0.0718239 0.0701917 0.0669717 0.0626153 0.0575008 0.0519234 0.0460963 0.040166 0.0342383 0.0284072 0.0227836 0.0175147 0.0127813 0.00876447 0.0055914
 0.00748986 0.0122305 0.0185254 0.0263516 0.0354655 0.0452564 0.0547196 0.0627065 0.0683421 0.0712984 0.0717498 0.0701343 0.0669405 0.0626112 0.0575183 0.0519549 0.0461359 0.0402103 0.0342854 0.0284554 0.0228307 0.0175584 0.0128193 0.00879532 0.00561445
 0.00748986 0.0122305 0.0185254 0.0263516 0.0354655 0.0452564 0.0547196 0.0627065 0.0683421 0.0712984 0.0717498 0.0701343 0.0669405 0.0626112 0.0575183 0.0519549 0.0461359 0.0402103 0.0342854 0.0284554 0.0228307 0.0175584 0.0128193 0.00879532 0.00561445
 0.00668839 0.0109565 0.0166679 0.0238425 0.0323112 0.0415777 0.0507823 0.0589074 0.0651328 0.0690714 0.070744 0.0703967 0.0683465 0.0649176 0.0604249 0.05516 0.0493769 0.0432847 0.0370546 0.0308368 0.0247867 0.0190872 0.013949 0.00957802 0.0061184
 0.00647298 0.0105249 0.0158688 0.0224872 0.0302227 0.0386681 0.0471264 0.0547697 0.0609282 0.0652807 0.0678178 0.0686753 0.0680049 0.0659424 0.062629 0.058232 0.0529493 0.0470007 0.0406158 0.0340272 0.0274759 0.021222 0.0155403 0.0106853 0.00683264
 0.00633398 0.0103088 0.0155549 0.0220434 0.0295875 0.0377362 0.0457556 0.0528252 0.0583584 0.0621908 0.0644989 0.0655607 0.0655666 0.0645696 0.062532 0.0594013 0.0551746 0.0499367 0.0438677 0.0372311 0.0303531 0.0236031 0.0173628 0.0119745 0.00767232
#pred catch len freq
 0.00311867 0.00507422 0.00767824 0.010982 0.0150296 0.0198087 0.0251909 0.0309238 0.0366835 0.0421405 0.0470067 0.0510714 0.054229 0.0564854 0.0579366 0.0587409 0.0590973 0.059209 0.0591923 0.0589269 0.0579298 0.0554125 0.0506197 0.0433305 0.0341818
 0.00333141 0.00536364 0.00801154 0.0112989 0.0152657 0.0199283 0.0252072 0.0308897 0.0366557 0.0421427 0.0470196 0.051056 0.0541678 0.0564114 0.0579297 0.0588911 0.0594507 0.0597234 0.0597278 0.0592841 0.0579287 0.0549747 0.0498103 0.042329 0.033201
 0.00339867 0.00550729 0.00828634 0.0117644 0.0159565 0.0208172 0.0261859 0.0317929 0.037326 0.0424976 0.0470745 0.0508928 0.0538788 0.056065 0.0575748 0.0585763 0.0592258 0.0596111 0.0596871 0.0592028 0.0576645 0.0544298 0.0489917 0.0413535 0.0322387
 0.00352953 0.00570457 0.00855937 0.0121244 0.0164295 0.0214525 0.0270462 0.0329147 0.0386684 0.0439143 0.0483438 0.0517985 0.0542969 0.0559997 0.0571307 0.0578991 0.0584499 0.0588282 0.0589299 0.0584417 0.0568294 0.0534597 0.0478877 0.0401982 0.031163
 0.00372491 0.00601358 0.00900754 0.012728 0.0171917 0.0223616 0.028077 0.0340385 0.0398638 0.0451653 0.0496145 0.0530007 0.0552829 0.0566031 0.0572359 0.0574917 0.0576154 0.057704 0.0576444 0.0570746 0.0554096 0.0519977 0.0464177 0.0387984 0.0299374
 0.0039473 0.00637003 0.00953529 0.0134602 0.0181535 0.023562 0.0294973 0.0356242 0.0415268 0.0468009 0.051123 0.0543012 0.056309 0.0572865 0.0574977 0.0572589 0.0568569 0.0564572 0.0560085 0.0551781 0.0533774 0.0499413 0.0444455 0.0370225 0.028459
 0.00418346 0.00674954 0.0100994 0.0142475 0.0191968 0.0248812 0.0310878 0.0374455 0.0434985 0.0488072 0.0530264 0.0559623 0.0576084 0.0581371 0.0578427 0.0570611 0.0560941 0.0551332 0.054173 0.0529362 0.0508827 0.0473763 0.0419985 0.0348626 0.0267083
 0.00443221 0.0071519 0.0107024 0.015097 0.0203332 0.0263302 0.0328473 0.0394744 0.0457133 0.0510874 0.0552264 0.0579272 0.0591915 0.0592173 0.0583349 0.0569171 0.0552961 0.0536915 0.0521331 0.0503953 0.0480016 0.044373 0.0391182 0.0323299 0.0246774
 0.00469334 0.00756764 0.0113135 0.0159405 0.0214418 0.0277287 0.0345434 0.0414458 0.0478991 0.0533863 0.0575031 0.0600264 0.0609565 0.0605079 0.0590399 0.0569595 0.0546342 0.0523197 0.050089 0.0477738 0.0449693 0.041167 0.0360161 0.0295923 0.0224851
 0.00497809 0.0080215 0.0119806 0.0168579 0.0226364 0.0292108 0.0362971 0.0434237 0.0500247 0.0555628 0.0596224 0.0619741 0.0626146 0.0617599 0.0597772 0.0570896 0.0540886 0.0510634 0.0481341 0.0451983 0.0419338 0.0379144 0.0328397 0.0267736 0.0202228
 0.00530455 0.0085456 0.0127578 0.0179376 0.0240554 0.0309816 0.0383923 0.0457655 0.0524884 0.0579952 0.0618663 0.0638909 0.0640984 0.0627385 0.0602024 0.0569236 0.0532957 0.0496159 0.0460325 0.042501 0.0387841 0.034547 0.0295503 0.0238521 0.0178774
 0.00565709 0.00909993 0.0135589 0.0190201 0.0254437 0.0326881 0.0404075 0.0480432 0.0549354 0.0604717 0.0642009 0.0659066 0.0656433 0.0637084 0.0605458 0.0566283 0.0523682 0.048068 0.0438874 0.0398186 0.0356934 0.0312616 0.0263462 0.0210062 0.0155914
 0.00595092 0.00956745 0.0142443 0.0199594 0.0266614 0.0341903 0.042173 0.0500184 0.057037 0.0625959 0.0662316 0.06772 0.0671147 0.0647235 0.0610157 0.0564994 0.0516228 0.0467169 0.0419667 0.0373995 0.0329025 0.0282937 0.023449 0.0184288 0.0135174
 0.00622554 0.0100119 0.0149098 0.0208929 0.0278978 0.0357389 0.0440026 0.0520495 0.0591501 0.0646522 0.0680966 0.0692809 0.0682869 0.0654485 0.0612537 0.0562237 0.0508182 0.0453847 0.0401333 0.03513 0.0303154 0.0255674 0.0208049 0.0160869 0.0116377
 0.00652143 0.010492 0.0156315 0.0219114 0.0292578 0.0374601 0.04606 0.0543583 0.0615663 0.0669901 0.0701595 0.0708965 0.0693375 0.0658849 0.0610872 0.0555017 0.0495987 0.0437213 0.0380791 0.0327548 0.0277268 0.0229214 0.0182923 0.0138937 0.0098955
 0.00670524 0.0107974 0.0161048 0.0226039 0.0302203 0.0387312 0.0476493 0.0562314 0.0636367 0.0691219 0.0721808 0.0726238 0.070607 0.0665826 0.061166 0.0549787 0.0485362 0.0422033 0.0361952 0.0306003 0.0254149 0.0205926 0.0161073 0.0120042 0.0084048
 0.00695228 0.0111685 0.0166088 0.0232347 0.0309677 0.039594 0.0486408 0.0573708 0.064929 0.0705369 0.0736422 0.0740142 0.0717867 0.0674166 0.0615499 0.0548567 0.047907 0.0411131 0.0347245 0.0288525 0.0235112 0.0186699 0.0143083 0.0104554 0.00718829
 0.00706193 0.011351 0.0168903 0.0236394 0.03151 0.0402688 0.0494182 0.058203 0.0657693 0.0713586 0.0744417 0.074793 0.0725262 0.0680618 0.0620147 0.0550475 0.0477508 0.0405788 0.0338314 0.0276667 0.0221358 0.017231 0.0129369 0.00926414 0.00624916
 0.00696049 0.0112084 0.0167182 0.023467 0.0313805 0.0402316 0.0495184 0.0584702 0.0662078 0.071944 0.0751272 0.0755255 0.0732595 0.0687582 0.0626342 0.0555358 0.0480413 0.040609 0.0335665 0.0271169 0.0213601 0.0163267 0.012018 0.00843462 0.00557983
 0.00688023 0.0110726 0.016506 0.0231602 0.0309745 0.0397483 0.0490157 0.0580376 0.0659445 0.0719279 0.0753895 0.0760434 0.0739673 0.0695689 0.0634596 0.056297 0.0486693 0.0410443 0.0337647 0.0270613 0.0210731 0.0158708 0.0114815 0.00790838 0.00513321
 0.0068056 0.0109571 0.0163415 0.0229399 0.0306899 0.039389 0.0485744 0.0575228 0.0653957 0.0714222 0.0750296 0.075926 0.0741477 0.0700387 0.0641502 0.0571028 0.0494758 0.0417502 0.0342943 0.0273717 0.0211597 0.0157676 0.0112523 0.00762819 0.00486714
 0.00679704 0.010935 0.0162937 0.0228508 0.0305455 0.0391828 0.0483116 0.0572182 0.0650676 0.0710889 0.0747134 0.0756626 0.0739885 0.0700384 0.0643429 0.0574808 0.0499852 0.0423056 0.0348033 0.0277602 0.0213876 0.0158348 0.0111933 0.00749638 0.00471595
 0.0067935 0.0109231 0.0162633 0.0227868 0.0304282 0.038992 0.048033 0.0568511 0.0646317 0.0706249 0.0742765 0.0753094 0.0737647 0.069974 0.0644513 0.0577586 0.0504074 0.0428216 0.0353426 0.0282474 0.0217639 0.0160728 0.0113009 0.00750743 0.00467396
 0.00686117 0.0110218 0.0163908 0.0229325 0.0305751 0.0391197 0.0481191 0.0568731 0.0645686 0.0704628 0.074016 0.0749721 0.0733935 0.0696246 0.0641798 0.0576072 0.0503953 0.0429403 0.0355567 0.0285035 0.0220052 0.0162566 0.0114091 0.00754725 0.00466804
 0.00680119 0.010937 0.0162863 0.0228198 0.0304673 0.0390243 0.0480342 0.0567887 0.0644733 0.0703504 0.0738887 0.0748384 0.0732655 0.0695175 0.0641119 0.0575992 0.0504644 0.0430924 0.03578 0.0287679 0.0222702 0.0164839 0.0115749 0.00764749 0.00471505
 0.00672054 0.0108175 0.0161284 0.0226336 0.0302712 0.0388427 0.0478927 0.0567075 0.0644601 0.070395 0.0739648 0.074914 0.0733156 0.0695336 0.0641029 0.0575859 0.0504722 0.043142 0.0358806 0.0289128 0.0224382 0.0166472 0.0117097 0.00774163 0.0047697
 0.00663469 0.010676 0.0159132 0.022329 0.0298715 0.0383604 0.047366 0.056199 0.0640427 0.0701313 0.0738878 0.0750184 0.0735629 0.0698669 0.0644664 0.0579399 0.0507986 0.0434409 0.0361596 0.029177 0.0226844 0.0168646 0.0118861 0.0078702 0.00485251
