SBPRF35
9.4586
Curr Bio
548081
B35
742867
F35
0.195193
FOFL
0.140129
OFL
61452.7
Bzero
2.70246e+06
#pred survey bio
 4.07746e+06 3.91339e+06 3.74664e+06 3.51592e+06 3.26198e+06 2.98797e+06 2.71536e+06 2.4494e+06 2.17431e+06 1.94135e+06 1.71723e+06 1.50821e+06 1.31514e+06 1.16606e+06 1.0321e+06 918498 815811 759570 719671 673234 648038 620755 600772 597414 586836 586473 581418 583310 571964 573483 576592 574869 566117 556973 555127 548442 537794 521372 524672 532686 531566 535442 546967 559360 561711 569522 576303 573971 568842 569955 576290 545609 587905 632084 609302 644694 627333 616984 553800 1.922e+07 1.17677e+07 1.22995e+07 1.33219e+07 1.46079e+07 1.59246e+07 1.71241e+07 1.81386e+07 1.89548e+07 1.95893e+07 2.00712e+07 2.04315e+07 2.06983e+07 2.08947e+07 2.10391e+07 2.11453e+07 2.12237e+07 2.12817e+07 2.13249e+07 2.13573e+07 2.13816e+07 2.14001e+07 2.14141e+07 2.14248e+07 2.14331e+07 2.14395e+07 2.14444e+07 2.14482e+07 2.14512e+07 2.14536e+07 2.14554e+07 2.14568e+07 2.14579e+07 2.14588e+07 2.14595e+07 2.14601e+07 2.14605e+07 2.14609e+07 2.14611e+07 2.14613e+07 2.14615e+07 2.14616e+07 2.14618e+07 2.14618e+07 2.14619e+07 2.1462e+07 2.1462e+07 2.1462e+07 2.14621e+07 2.14621e+07 2.14621e+07 2.14621e+07 2.14621e+07 2.14621e+07 2.14621e+07 2.14621e+07 2.14621e+07 2.14621e+07 2.14622e+07 2.14622e+07 2.14622e+07 2.14622e+07 2.14622e+07 2.14622e+07 2.14622e+07 2.14622e+07 2.14622e+07 2.14622e+07 2.14622e+07 2.14622e+07 2.14622e+07 2.14622e+07 2.14622e+07 2.14622e+07 2.14622e+07 2.14622e+07 2.14622e+07 2.14622e+07 2.14622e+07 2.14622e+07 2.14622e+07 2.14622e+07 2.14622e+07 2.14622e+07 2.14622e+07 2.14622e+07 2.14622e+07 2.14622e+07 2.14622e+07 2.14622e+07 2.14622e+07 2.14622e+07 2.14622e+07 2.14622e+07 2.14622e+07 2.14622e+07 2.14622e+07 2.14622e+07 2.14622e+07 2.14622e+07 0 0 0 0 0 0 0 0 0 0 0 0 0 0 0 0 0 0 0 0 0 0 0 0 0
#obs survey bio
 2.86926e+06 3.39768e+06 1.96372e+06 4.24427e+06 2.12618e+06 2.58395e+06 2.37618e+06 2.01963e+06 1.75509e+06 1.49743e+06 1.79177e+06 1.39358e+06 1.49949e+06 1.2344e+06 870002 794287 585708 689040 605697 793028 519092 403732 475814 419901 688500 454072 486525 670599 510417 544987 489718 620091 637778 594916 535975 421043 538032 534560 732016 853873 642730 427826 532144 632814 492859 626703 574284 633132 569420 637527 488129 510642 665280 539129 690416 480464 834916 561303 434339
#pred catch bio
 92940 95920.8 162675 199779 239875 263910 283429 314963 296691 303806 300300 291796 256010 243794 225344 213603 171723 156615 159384 137794 136033 126275 110028 114408 104176 106857 99911.6 109449 96828 94243.1 96315 99205.9 96014.5 86569.4 88003.5 90923.8 98294 85038.4 83707.1 92017.4 87678.4 81996.8 82586.6 91993.5 87981.4 89197.9 96245.3 97199.3 90836 86514.8 117824 58336.3 61163.2 117882 68510.5 113310 105548 147636 94875.8 61452.7 84955.5 87595.6 93729.3 102406 111515 119760 126605 131971 136008 138954 141055 142526 143542 144236 144706 145021 145232 145373 145466 145527 145568 145595 145612 145624 145631 145636 145639 145641 145643 145644 145644 145645 145645 145645 145645 145645 145645 145645 145645 145645 145645 145645 145645 145645 145645 145645 145645 145645 145645 145645 145645 145645 145645 145645 145645 145645 145645 145645 145645 145645 145645 145645 145645 145645 145645 145645 145645 145645 145645 145645 145645 145645 145645 145645 145645 145645 145645 145645 145645 145645 145645 145645 145645 145645 145645 145645 145645 145645 145645 145645 145645 145645 145645 145645 145645 145645 145645 145645 145645 0 0 0 0 0 0 0 0 0 0 0 0 0 0 0 0 0 0 0 0 0 0 0 0 0
#obs catch bio
 0 95598.5 163633 200430 241854 266882 288290 322981 303290 312836 308555 299659 262056 249405 230803 218696 175142 159510 163404 140347 139067 128759 111506 116454 105322 108381 100910 111019 97784.9 95246.9 97435.8 99836.4 96493.2 86722.5 88081.6 91106.6 98875.7 85358.8 83421.2 91689.6 87129.4 81807.1 82313.6 91721.5 88067.4 89077.6 96205.3 96721.8 90390.1 85446.3 117800 57923.6 60683.1 119137 67926.9 113870 104338 147101 94577.3
#pred cpue bio
 4.01316e+06 3.8526e+06 3.68831e+06 3.45843e+06 3.20498e+06 2.93143e+06 2.65929e+06 2.39418e+06 2.12074e+06 1.88933e+06 1.6673e+06 1.46083e+06 1.27044e+06 1.12349e+06 991641 879981 779331 724167 685236 640339 616295 590285 571280 568301 558288 558204 553523 555558 544847 546632 550063 548973 541108 532825 531664 525558 514480 496955 499247 507135 506453 510366 521481 533425 535596 543158 549931 547947 543208 544453 550524 520120 560739 604077 582254 616646 599953 589840 528058 1.8329e+07 1.1235e+07 1.16408e+07 1.25194e+07 1.37529e+07 1.50567e+07 1.62536e+07 1.72675e+07 1.80836e+07 1.87182e+07 1.92001e+07 1.95604e+07 1.98271e+07 2.00236e+07 2.0168e+07 2.02742e+07 2.03525e+07 2.04106e+07 2.04538e+07 2.04861e+07 2.05105e+07 2.05289e+07 2.05429e+07 2.05537e+07 2.05619e+07 2.05683e+07 2.05733e+07 2.05771e+07 2.05801e+07 2.05824e+07 2.05842e+07 2.05857e+07 2.05868e+07 2.05877e+07 2.05884e+07 2.05889e+07 2.05894e+07 2.05897e+07 2.059e+07 2.05902e+07 2.05904e+07 2.05905e+07 2.05906e+07 2.05907e+07 2.05907e+07 2.05908e+07 2.05908e+07 2.05909e+07 2.05909e+07 2.05909e+07 2.05909e+07 2.0591e+07 2.0591e+07 2.0591e+07 2.0591e+07 2.0591e+07 2.0591e+07 2.0591e+07 2.0591e+07 2.0591e+07 2.0591e+07 2.0591e+07 2.0591e+07 2.0591e+07 2.0591e+07 2.0591e+07 2.0591e+07 2.0591e+07 2.0591e+07 2.0591e+07 2.0591e+07 2.0591e+07 2.0591e+07 2.0591e+07 2.0591e+07 2.0591e+07 2.0591e+07 2.0591e+07 2.0591e+07 2.0591e+07 2.0591e+07 2.0591e+07 2.0591e+07 2.0591e+07 2.0591e+07 2.0591e+07 2.0591e+07 2.0591e+07 2.0591e+07 2.0591e+07 2.0591e+07 2.0591e+07 2.0591e+07 2.0591e+07 2.0591e+07 2.0591e+07 2.0591e+07 2.0591e+07 2.0591e+07 2.0591e+07 0 0 0 0 0 0 0 0 0 0 0 0 0 0 0 0 0 0 0 0 0 0 0 0 0
#obs cpue bio
 2.20155e+06 4.74555e+06 2.75772e+06 3.80958e+06 2.31405e+06 2.18047e+06 1.42633e+06 1.65679e+06 2.39883e+06 1.29935e+06 1.58814e+06 1.38697e+06 859711 900544 789863 853166 736892 621063 492064 452502 504728 742200 649469 577416 497105 537541 612862 393210 540699 461280 531265 716771 490852 531078 614069 601554 443097 424087 640955 381783 528756 471465 596848 549678 401020 604174 564299 746772 567748 845549 504299 463519 632864 419488 638706 727945 966392 627496 460492
#pred surv len freq
 0.0050841 0.00823349 0.0123518 0.0174057 0.0232646 0.029625 0.0359809 0.0417416 0.0464548 0.049958 0.0523582 0.0538975 0.0548296 0.0553531 0.0555875 0.0555698 0.0552671 0.0545957 0.0534219 0.0515379 0.0486461 0.0444242 0.0387033 0.0316846 0.0240234
 0.00539093 0.00861235 0.0127058 0.0175848 0.0231241 0.0291079 0.0351719 0.040847 0.0457084 0.0495094 0.0522113 0.0539324 0.0548832 0.0553089 0.0554284 0.0553787 0.0551809 0.0547351 0.0538283 0.0521468 0.0493132 0.044991 0.0390662 0.0318282 0.0240048
 0.00564695 0.00904168 0.0133671 0.0185168 0.0243092 0.0304334 0.0364216 0.0417556 0.0460709 0.049284 0.0515384 0.0530498 0.0539968 0.0545104 0.0547053 0.0546877 0.0545188 0.0541555 0.0534024 0.051906 0.0492194 0.0449555 0.0390012 0.0316925 0.0238131
 0.00591804 0.00947364 0.0140031 0.0193963 0.0254651 0.0318809 0.0381326 0.0436275 0.0479102 0.05083 0.0525367 0.0533468 0.0536001 0.0535712 0.0534346 0.0532684 0.0530685 0.0527449 0.0520863 0.0507312 0.0482102 0.0441039 0.0382794 0.0310779 0.0233024
 0.00623646 0.00997494 0.0147275 0.0203717 0.026705 0.0333807 0.0398635 0.0455307 0.0498935 0.0527648 0.0542545 0.0546494 0.0542985 0.0535456 0.0526844 0.0519132 0.0512999 0.0507622 0.0500552 0.0487737 0.0464107 0.0425166 0.0369344 0.0299875 0.0224653
 0.00655367 0.0104846 0.0154831 0.0214183 0.0280706 0.0350627 0.0418162 0.0476626 0.0520818 0.0548781 0.0561677 0.0562413 0.0554415 0.0541075 0.0525544 0.0510446 0.0497421 0.048659 0.0476089 0.0461984 0.0438972 0.0402163 0.0349546 0.0283899 0.021265
 0.0068226 0.0109224 0.0161436 0.0223534 0.0293217 0.0366472 0.0437109 0.049795 0.054337 0.057117 0.0582479 0.0580317 0.0568261 0.0549818 0.0528221 0.0506265 0.0486011 0.0468307 0.045218 0.0434464 0.0410268 0.0374667 0.0325231 0.0264052 0.0197752
 0.00705096 0.0112956 0.0167097 0.0231604 0.0304108 0.0380415 0.0454011 0.0517314 0.056432 0.0592572 0.0603071 0.0598822 0.0583461 0.0560608 0.0533625 0.0505448 0.0478369 0.0453668 0.0431081 0.040833 0.0381344 0.0345648 0.0298702 0.0241938 0.0180978
 0.00736017 0.0117834 0.0174168 0.0241166 0.0316326 0.0395277 0.0471251 0.0536368 0.0584354 0.0612587 0.0622022 0.0615689 0.0597286 0.0570497 0.053875 0.0505051 0.0471808 0.0440564 0.0411567 0.0383335 0.0352723 0.0316 0.0270843 0.0218215 0.0162716
 0.00755997 0.0121174 0.017936 0.0248735 0.0326697 0.0408592 0.048722 0.055423 0.0603041 0.0630974 0.0639124 0.0630721 0.0609603 0.0579513 0.0543864 0.0505624 0.0467199 0.0430258 0.039541 0.0361838 0.0327285 0.0288867 0.0244691 0.0195469 0.0144913
 0.00776662 0.012452 0.0184381 0.0255814 0.0336159 0.0420623 0.0501736 0.0570785 0.0620812 0.064886 0.0655919 0.0645307 0.0621109 0.0587366 0.054772 0.0505229 0.0462269 0.0420487 0.0380642 0.0342368 0.030415 0.0263921 0.0220316 0.0173971 0.0127871
 0.00803962 0.0128815 0.0190581 0.0264145 0.0346715 0.043332 0.0516262 0.0586571 0.0637079 0.0664728 0.0670501 0.0657771 0.0630723 0.0593545 0.0550066 0.0503518 0.0456388 0.0410368 0.0366311 0.0324131 0.0282853 0.0241082 0.019796 0.015414 0.0112032
 0.00835867 0.0133872 0.0197943 0.0274118 0.0359395 0.04485 0.0533329 0.0604509 0.0654634 0.0680668 0.0683849 0.0667889 0.0637272 0.0596386 0.0549175 0.0498922 0.0448141 0.0398551 0.0351085 0.0305868 0.0262327 0.0219582 0.0177184 0.013581 0.00974031
 0.0086425 0.0138318 0.0204324 0.0282633 0.0370095 0.0461253 0.0547755 0.0619938 0.0670139 0.0695196 0.0696382 0.0677598 0.0643603 0.0599084 0.0548227 0.0494469 0.0440374 0.0387673 0.033734 0.0289658 0.0244355 0.0200948 0.0159291 0.0120072 0.00848474
 0.00891312 0.0142661 0.0210746 0.0291484 0.0381541 0.0475147 0.0563521 0.0636567 0.0686362 0.0709756 0.0708262 0.0686108 0.0648372 0.0600003 0.0545409 0.0488185 0.0430993 0.0375597 0.0322994 0.0273548 0.0227177 0.0183658 0.0143047 0.0105999 0.00737305
 0.0091465 0.0146387 0.0216228 0.029902 0.039131 0.0487129 0.0577387 0.065162 0.0701582 0.0723951 0.0720272 0.0694987 0.0653508 0.0601166 0.0542698 0.0481943 0.0421697 0.036378 0.0309214 0.0258416 0.0211414 0.0168135 0.0128731 0.00937786 0.00641824
 0.00945443 0.0151162 0.0222983 0.0307865 0.040217 0.0499734 0.0591242 0.0665992 0.0715557 0.0736559 0.0730616 0.0702339 0.0657361 0.060127 0.0539088 0.0474912 0.0411739 0.0351506 0.0295292 0.0243548 0.0196354 0.0153698 0.0115734 0.00829072 0.00558276
 0.00954556 0.0152631 0.0225171 0.0310919 0.0406205 0.0504796 0.0597279 0.0672836 0.0722944 0.0744165 0.0738068 0.07092 0.0663124 0.0605384 0.054104 0.0474337 0.0408508 0.0345763 0.0287429 0.0234155 0.0186162 0.0143509 0.0106333 0.00749341 0.00496539
 0.00946753 0.0151605 0.0224081 0.0310093 0.0406043 0.0505648 0.0599332 0.0676082 0.072722 0.074922 0.0743619 0.0714941 0.0668709 0.061041 0.0545049 0.047686 0.040915 0.0344307 0.0283912 0.0228892 0.017971 0.0136577 0.00996538 0.00691224 0.00450868
 0.00950816 0.0152197 0.0224855 0.0311027 0.0407139 0.0506976 0.0601045 0.0678359 0.0730162 0.075276 0.0747501 0.0718798 0.067218 0.061322 0.0547012 0.0477827 0.0408968 0.0342834 0.0281087 0.0224822 0.0174711 0.0131147 0.0094367 0.00644902 0.00414343
 0.0094862 0.015178 0.0224117 0.0309827 0.0405366 0.0504624 0.0598286 0.0675568 0.0727867 0.0751516 0.0747735 0.0720676 0.067554 0.0617616 0.0551833 0.0482443 0.0412838 0.0345554 0.0282419 0.0224717 0.0173333 0.0128855 0.00916427 0.00618151 0.00391701
 0.00953177 0.0152457 0.0225012 0.0310877 0.0406441 0.0505537 0.0598815 0.0675508 0.0727117 0.0750162 0.0746079 0.0719169 0.0674641 0.0617624 0.0552785 0.0484103 0.0414784 0.0347307 0.0283569 0.0225015 0.0172734 0.0127521 0.00898818 0.00599822 0.00375594
 0.00963957 0.015397 0.0226845 0.0312774 0.0408076 0.0506627 0.0599208 0.0675198 0.0726193 0.0748751 0.0744329 0.071727 0.0672848 0.0616233 0.0552049 0.0484136 0.0415494 0.0348412 0.0284687 0.0225791 0.0172951 0.0127152 0.008907 0.00589666 0.00365754
 0.00958208 0.015313 0.0225751 0.0311478 0.0406635 0.050506 0.0597478 0.0673259 0.0724072 0.0746609 0.0742448 0.0715966 0.067236 0.0616663 0.0553367 0.0486216 0.0418137 0.0351352 0.0287601 0.0228348 0.0174894 0.0128368 0.00896135 0.00590175 0.00363584
 0.00958842 0.0153217 0.0225854 0.0311585 0.0406737 0.0505152 0.059756 0.0673308 0.0724016 0.0746332 0.0741838 0.0714992 0.0671129 0.0615407 0.0552367 0.04857 0.0418213 0.0351983 0.0288623 0.022952 0.0175966 0.0129156 0.00900464 0.00591377 0.00362775
 0.00957328 0.0152877 0.0225173 0.0310378 0.0404847 0.0502546 0.0594402 0.0669961 0.0720951 0.0743981 0.0740467 0.071465 0.067168 0.0616625 0.0554035 0.0487672 0.0420405 0.0354328 0.0291023 0.0231825 0.0178003 0.0130781 0.00911935 0.00598354 0.00366275
 0.00956626 0.0152822 0.022519 0.031053 0.0405156 0.0502932 0.0594664 0.0669828 0.0720207 0.0742594 0.0738638 0.0712736 0.0670054 0.061554 0.0553576 0.0487791 0.0420991 0.0355261 0.0292189 0.0233102 0.0179255 0.0131878 0.0092042 0.00604069 0.0036955
 0.00942064 0.0150658 0.0222319 0.03071 0.0401441 0.0499278 0.0591422 0.0667298 0.0718573 0.074188 0.073872 0.0713427 0.0671202 0.0617081 0.05555 0.049008 0.0423568 0.0357992 0.0294912 0.0235659 0.0181515 0.0133741 0.00934623 0.00613938 0.00375722
 0.00945275 0.0151054 0.0222686 0.0307274 0.0401258 0.0498656 0.0590424 0.0666122 0.0717469 0.0741041 0.0738204 0.0713162 0.0671049 0.0616928 0.0555326 0.0489956 0.0423609 0.0358287 0.0295475 0.0236432 0.0182386 0.013459 0.00941911 0.00619483 0.00379455
 0.00932761 0.0149179 0.0220155 0.0304157 0.0397689 0.0494798 0.058645 0.0662245 0.0713978 0.0738297 0.0736576 0.0712909 0.0672218 0.061932 0.0558568 0.0493627 0.0427357 0.0361879 0.0298784 0.0239382 0.0184922 0.0136668 0.00957894 0.00630882 0.00386905
 0.00912208 0.0146068 0.0215908 0.0298868 0.0391619 0.0488333 0.0580072 0.0656482 0.0709328 0.0735134 0.0735103 0.0713165 0.0674123 0.06227 0.0563142 0.049901 0.0433103 0.0367557 0.0304048 0.0244004 0.0188783 0.0139731 0.00980821 0.00646916 0.0039727
 0.0089704 0.0143673 0.0212446 0.0294232 0.0385832 0.0481607 0.0572848 0.0649412 0.0703154 0.0730511 0.0732448 0.071261 0.0675561 0.0625866 0.0567693 0.050456 0.0439237 0.0373846 0.0310084 0.0249448 0.0193402 0.0143416 0.0100837 0.00666109 0.00409637
 0.00888471 0.0142322 0.0210488 0.0291584 0.0382449 0.0477494 0.0568102 0.0644251 0.0697933 0.0725691 0.0728529 0.0710036 0.0674627 0.0626662 0.0570104 0.0508312 0.0443955 0.0379107 0.0315458 0.0254541 0.0197895 0.0147107 0.0103653 0.0068598 0.00422543
 0.0087873 0.014081 0.0208348 0.028878 0.0379003 0.0473492 0.0563697 0.0639667 0.0693442 0.0721586 0.0725096 0.070755 0.0673337 0.062676 0.0571673 0.0511279 0.0448086 0.0384037 0.0320749 0.0259747 0.0202629 0.015109 0.0106749 0.00708128 0.00437065
 0.00883662 0.0141235 0.0208299 0.0287668 0.0376233 0.0468736 0.0557113 0.0631919 0.0685502 0.0714428 0.071946 0.070385 0.0671702 0.0627123 0.0573853 0.0515023 0.0453074 0.0389877 0.0326988 0.0265906 0.0208269 0.0155875 0.0110499 0.00735154 0.0045489
 0.00958601 0.0151918 0.0221575 0.030198 0.0389424 0.0478691 0.0562328 0.0631773 0.068025 0.0705048 0.0707423 0.0690817 0.0659188 0.0616245 0.056524 0.0508876 0.0449293 0.0388172 0.0326947 0.0267043 0.0210077 0.015789 0.0112363 0.00750174 0.00465603
 0.0101564 0.0161148 0.02353 0.0320827 0.041327 0.0506162 0.0590524 0.0656622 0.0697598 0.0712036 0.0703385 0.0677263 0.0639029 0.0592785 0.054139 0.048676 0.0430183 0.0372619 0.0314979 0.0258348 0.0204142 0.0154113 0.0110144 0.00738253 0.00459825
 0.0100498 0.0160488 0.0236299 0.0325337 0.0423281 0.0523027 0.0614185 0.0685224 0.0727673 0.0739196 0.0723347 0.0686924 0.063727 0.0580682 0.0521711 0.0463027 0.0405718 0.0349934 0.0295583 0.0242858 0.0192524 0.0145923 0.0104732 0.00704884 0.00440735
 0.00968354 0.015486 0.0228514 0.0315646 0.0412577 0.0512992 0.0607245 0.0684078 0.0734371 0.0754106 0.0744601 0.0710758 0.0659161 0.0596769 0.0529886 0.0463293 0.0399795 0.0340391 0.0284945 0.023301 0.0184506 0.0140041 0.0100801 0.00680868 0.00427319
 0.00947179 0.0151375 0.0223205 0.0308101 0.0402577 0.0500747 0.0593655 0.0670858 0.0723893 0.07489 0.0746595 0.0720496 0.0675346 0.0616436 0.0549273 0.0479055 0.0410005 0.0344888 0.0284962 0.02304 0.0180996 0.0136799 0.00983615 0.00665125 0.00418436
 0.00957322 0.0152681 0.0224519 0.0308907 0.0402209 0.0498564 0.0589236 0.0664178 0.0715457 0.0739817 0.0738517 0.0715308 0.0674602 0.0620716 0.0557787 0.0489791 0.0420435 0.0352901 0.0289548 0.0231762 0.0180142 0.0134934 0.00964203 0.00649874 0.00408498
 0.00966501 0.0154072 0.0226407 0.0311199 0.0404657 0.0500741 0.0590544 0.0663941 0.0713121 0.0735204 0.0732027 0.0707964 0.0667878 0.0616153 0.0556477 0.0491933 0.0425198 0.0358735 0.0294816 0.023537 0.0181821 0.0135095 0.00957597 0.00641167 0.00401218
 0.00963849 0.0153712 0.0225996 0.0310824 0.0404419 0.0500708 0.0590698 0.0664139 0.0713087 0.0734581 0.0730488 0.0705385 0.0664499 0.0612627 0.0553736 0.0490853 0.0426209 0.0361588 0.0298672 0.0239174 0.0184756 0.0136848 0.00964831 0.00641974 0.00399351
 0.00960646 0.0153199 0.0225244 0.0309808 0.0403159 0.0499289 0.0589281 0.0662933 0.071227 0.0734208 0.0730437 0.0705387 0.0664257 0.0611989 0.0552824 0.0490073 0.0426082 0.0362478 0.0300561 0.0241655 0.0187234 0.0138827 0.0097755 0.00648331 0.00401518
 0.0095593 0.0152626 0.0224734 0.0309616 0.0403545 0.0500384 0.0590996 0.0664966 0.0714227 0.0735745 0.0731352 0.070561 0.0663793 0.0610876 0.0551156 0.0488054 0.0424051 0.0360833 0.0299605 0.0241453 0.0187597 0.0139427 0.00982986 0.00651735 0.00402893
 0.0094234 0.0150555 0.022189 0.0306073 0.039953 0.0496291 0.0587349 0.0662332 0.071305 0.0736182 0.0733205 0.0708411 0.0666987 0.0613981 0.0553849 0.049019 0.042565 0.0362045 0.0300645 0.0242495 0.0188698 0.0140514 0.00992419 0.00658736 0.00407283
 0.0092888 0.014848 0.0218982 0.030232 0.039503 0.0491258 0.0582142 0.0657452 0.0709087 0.0733695 0.0732569 0.0709705 0.0669952 0.0618097 0.0558487 0.0494777 0.0429788 0.0365553 0.0303523 0.0244847 0.0190635 0.0142104 0.0100498 0.00667938 0.00413364
 0.00925767 0.014796 0.0218173 0.030114 0.039341 0.0489171 0.0579634 0.0654659 0.0706232 0.0731063 0.0730477 0.0708454 0.0669762 0.0619033 0.0560413 0.049738 0.043267 0.0368352 0.0306001 0.0246909 0.0192291 0.0143405 0.0101492 0.00675174 0.00418239
 0.00929695 0.0148499 0.0218795 0.0301717 0.0393773 0.0489155 0.057912 0.0653601 0.070466 0.0729086 0.0728281 0.0706291 0.0667919 0.061778 0.0559936 0.0497724 0.0433716 0.0369857 0.030768 0.0248521 0.0193688 0.0144528 0.0102344 0.00681276 0.00422322
 0.00946149 0.0150781 0.0221503 0.0304404 0.0395877 0.0490194 0.0578852 0.0652073 0.0702141 0.0725951 0.072492 0.070305 0.0665083 0.0615568 0.0558496 0.049712 0.0433917 0.0370723 0.0308986 0.0250009 0.0195131 0.0145771 0.0103316 0.00688254 0.00426935
 0.00963439 0.0153396 0.0225055 0.0308765 0.0400713 0.0494976 0.0582895 0.0654658 0.0702715 0.0724339 0.0721409 0.0698292 0.0659863 0.061058 0.0554222 0.0493819 0.0431661 0.0369449 0.0308531 0.0250145 0.0195609 0.0146374 0.0103888 0.00692841 0.0043017
 0.00992465 0.0158226 0.0232498 0.031944 0.0414937 0.051242 0.060232 0.067393 0.071924 0.0735742 0.0726158 0.0696014 0.0651312 0.0597328 0.0538224 0.0476976 0.0415518 0.0355052 0.0296439 0.0240519 0.0188329 0.0141144 0.0100331 0.00670055 0.0041652
 0.00939962 0.0150248 0.0221581 0.0305891 0.0399653 0.0496898 0.058856 0.0664122 0.0715175 0.0738161 0.0734404 0.0708247 0.0665164 0.0610655 0.0549621 0.0485909 0.0422146 0.0359902 0.0300087 0.0243405 0.0190697 0.0143084 0.0101857 0.0068127 0.0042409
 0.00912961 0.0145726 0.0214554 0.029571 0.0385931 0.0479851 0.0569309 0.0644741 0.0698345 0.0726515 0.0729819 0.0711331 0.0675103 0.0625484 0.0566817 0.0503101 0.0437645 0.0372881 0.0310442 0.0251435 0.0196817 0.0147662 0.0105176 0.00704182 0.00438888
 0.00944281 0.0150583 0.0221378 0.0304443 0.0396082 0.0490383 0.0578642 0.0651023 0.0700022 0.0722993 0.072182 0.07007 0.0664145 0.0616149 0.0560135 0.049907 0.0435538 0.0371761 0.0309587 0.0250518 0.0195835 0.0146754 0.0104462 0.00699388 0.0043611
 0.00904394 0.0144704 0.0213673 0.0295402 0.0386532 0.048129 0.0570898 0.0645266 0.0696492 0.0721472 0.0721768 0.0701578 0.0665752 0.0618739 0.0564195 0.050491 0.044298 0.0380114 0.0317909 0.0257969 0.0201913 0.0151331 0.0107681 0.00720644 0.00449295
 0.00927096 0.0147895 0.021756 0.029949 0.0390228 0.048416 0.0572848 0.0646511 0.0697331 0.0722021 0.0721818 0.0700677 0.0663475 0.0614992 0.0559386 0.0499861 0.0438603 0.0377042 0.031629 0.0257515 0.020214 0.0151801 0.0108127 0.00723887 0.00451321
 0.00928381 0.0148366 0.0218724 0.0301761 0.0393889 0.0489113 0.0578472 0.0651792 0.0701259 0.0724012 0.0721886 0.0699252 0.0661044 0.0611857 0.0555677 0.0495728 0.043437 0.0373183 0.0313237 0.0255472 0.0201027 0.0151351 0.010804 0.00724422 0.00452076
 0.0093142 0.0149485 0.0221554 0.0307492 0.0403664 0.0503491 0.0596934 0.0672588 0.0721723 0.074122 0.0733395 0.0703668 0.0658265 0.0602916 0.0542301 0.0479824 0.0417666 0.0357074 0.0298761 0.0243301 0.0191448 0.0144296 0.0103175 0.00693019 0.00433139
#obs surv len freq
 nan nan nan nan nan nan nan nan nan nan nan nan nan nan nan nan nan nan nan nan nan nan nan nan nan
 0.00449379 0.00735899 0.0111921 0.0160097 0.0217093 0.0279816 0.0342913 0.0400181 0.0446939 0.0481549 0.0505109 0.0520054 0.0528967 0.0534083 0.0537221 0.0539766 0.0542548 0.0545474 0.054686 0.0542779 0.0527161 0.0493488 0.0437994 0.0362806 0.0276655
 0.00461793 0.00756664 0.0115149 0.0164793 0.0223487 0.0287927 0.035243 0.0410443 0.0457042 0.0490546 0.0512197 0.0524689 0.05309 0.0533344 0.0534058 0.0534571 0.0535767 0.0537539 0.0538167 0.0533702 0.0518095 0.0484872 0.0430286 0.0356395 0.0271756
 0.00478071 0.00783116 0.0119132 0.017042 0.0231007 0.0297445 0.0363803 0.0423205 0.0470416 0.0503533 0.0523717 0.0533737 0.0536689 0.0535413 0.0532317 0.0529263 0.052738 0.0526699 0.0525558 0.0520041 0.0504145 0.0471446 0.0418192 0.0346298 0.0264025
 0.00496972 0.00814095 0.012384 0.0177126 0.0240007 0.0308823 0.0377315 0.0438244 0.0486102 0.0518872 0.0537725 0.0545489 0.0545337 0.0540233 0.0532797 0.0525196 0.0518917 0.0514333 0.0510067 0.0502426 0.0485584 0.0453229 0.0401588 0.0332343 0.02533
 0.00518008 0.00848512 0.0129061 0.0184557 0.0249984 0.0321467 0.0392393 0.0455118 0.0503807 0.0536292 0.0553766 0.0559177 0.0555844 0.054686 0.0534964 0.0522483 0.0511138 0.050164 0.0493036 0.0482085 0.046338 0.0430897 0.0380903 0.0314779 0.0239716
 0.00541255 0.00886411 0.0134786 0.0192663 0.0260815 0.0335134 0.0408639 0.0473264 0.0522844 0.055506 0.0571132 0.0574136 0.0567546 0.0554599 0.0538162 0.0520671 0.0503992 0.0489078 0.0475373 0.0460192 0.0438746 0.0405525 0.0356983 0.0294214 0.0223678
 0.00565358 0.0092597 0.0140809 0.020126 0.0272381 0.0349794 0.0426088 0.0492722 0.0543168 0.0574976 0.0589439 0.0589816 0.057978 0.0562739 0.0541683 0.0519134 0.0497046 0.0476536 0.0457376 0.0437431 0.041263 0.0378143 0.0330774 0.027141 0.0205732
 0.00588374 0.00963868 0.0146604 0.0209577 0.0283643 0.0364174 0.0443351 0.0512152 0.0563665 0.0595257 0.0608241 0.0606034 0.0592523 0.0571328 0.0545611 0.0518008 0.049055 0.0464465 0.0439786 0.0414878 0.0386393 0.0350261 0.0303756 0.0247649 0.0186867
 0.00614925 0.0100694 0.0153071 0.0218673 0.0295713 0.0379308 0.0461238 0.0532025 0.05844 0.0615571 0.0626896 0.0621956 0.0604848 0.0579406 0.0548975 0.0516327 0.0483581 0.0452062 0.0422011 0.0392228 0.0360046 0.0322162 0.0276378 0.0223423 0.0167517
 0.00636184 0.0104266 0.0158658 0.022687 0.0307012 0.0393892 0.0478789 0.0551679 0.0604897 0.0635536 0.0645077 0.0637338 0.0616665 0.0587094 0.055213 0.0514655 0.0476869 0.0440189 0.0405049 0.0370638 0.0334909 0.0295282 0.0250083 0.0200046 0.0148756
 0.00661894 0.0108389 0.0164766 0.0235344 0.0318135 0.0407759 0.0495189 0.057001 0.062419 0.0654581 0.0662606 0.0652195 0.0627934 0.0594156 0.0554633 0.0512431 0.0469842 0.0428355 0.0388543 0.034992 0.0310982 0.02698 0.0225189 0.0177904 0.0130956
 0.00684118 0.0112092 0.0170495 0.0243643 0.0329407 0.0422069 0.0512091 0.0588534 0.064305 0.0672481 0.0678459 0.0665193 0.0637485 0.0599824 0.055611 0.0509538 0.0462518 0.0416643 0.0372642 0.033031 0.0288604 0.0246153 0.0202193 0.0157496 0.011456
 0.0070499 0.0115506 0.0175676 0.0251025 0.033934 0.0434696 0.0527197 0.0605465 0.0660757 0.068969 0.06939 0.0677791 0.0646487 0.0604817 0.0556951 0.0506241 0.0455169 0.0405377 0.0357705 0.0312186 0.0268167 0.0224745 0.0181503 0.0139207 0.00999016
 0.00728882 0.0119419 0.0181614 0.0259452 0.0350577 0.0448751 0.0543612 0.0623292 0.0678715 0.0706439 0.0708267 0.0688881 0.0653707 0.0607858 0.0555763 0.0500978 0.0446109 0.0392865 0.0342146 0.0294137 0.024847 0.0204596 0.0162359 0.012249 0.0086616
 0.00746363 0.0122306 0.0186042 0.0265829 0.0359234 0.0459816 0.0556871 0.0638124 0.0694161 0.0721364 0.0721551 0.0699569 0.0661092 0.0611515 0.0555536 0.0496934 0.0438483 0.0382007 0.0328515 0.027834 0.0231331 0.0187196 0.0145948 0.0108247 0.00753523
 0.00757003 0.0124051 0.0188704 0.0269648 0.0364431 0.0466535 0.0565111 0.0647687 0.070465 0.0732213 0.0732076 0.0709021 0.0668732 0.0616697 0.0557782 0.0495983 0.0434297 0.0374756 0.0318562 0.0266241 0.0217863 0.0173342 0.0132801 0.00968118 0.00663047
 0.00762284 0.0124889 0.0189931 0.0271341 0.0366666 0.0469394 0.0568675 0.0652019 0.0709772 0.0738074 0.0738517 0.0715737 0.067526 0.0622448 0.0562112 0.04983 0.0434162 0.0371963 0.0313177 0.0258621 0.0208642 0.0163381 0.012307 0.00882001 0.00594205
 0.00766774 0.0125564 0.0190845 0.0272474 0.0367978 0.0470849 0.0570261 0.0653765 0.0711749 0.0740395 0.07413 0.0719054 0.067906 0.0626504 0.056601 0.0501485 0.0436045 0.0372052 0.0311198 0.025461 0.0202969 0.0156705 0.0116207 0.00819328 0.00543115
 0.00773459 0.0126526 0.0192062 0.0273828 0.0369305 0.0471993 0.0571122 0.0654326 0.071208 0.0740643 0.0741668 0.0719762 0.0680284 0.0628307 0.0568283 0.0503926 0.0438191 0.0373371 0.0311232 0.0253114 0.0200011 0.0152669 0.0111696 0.00775964 0.00506584
 0.0077899 0.0127407 0.0193344 0.0275545 0.0371421 0.0474365 0.057349 0.065635 0.0713448 0.0741189 0.0741445 0.0719024 0.0679393 0.0627608 0.0568007 0.0504119 0.0438692 0.0373845 0.0311268 0.0252361 0.0198314 0.0150145 0.0108697 0.00745843 0.00480402
 0.00782845 0.012799 0.0194141 0.0276548 0.0372604 0.0475694 0.0574918 0.0657804 0.0714805 0.0742284 0.0742115 0.0719171 0.0679043 0.0626928 0.0567243 0.0503502 0.0438337 0.0373698 0.0311119 0.0251935 0.0197397 0.0148688 0.0106851 0.00726292 0.00462704
 0.00784555 0.0128235 0.0194451 0.0276892 0.037294 0.0475986 0.0575151 0.0657991 0.0714986 0.0742507 0.0742405 0.0719513 0.0679379 0.0627187 0.0567394 0.0503573 0.0438397 0.0373789 0.0311204 0.0251895 0.0197087 0.0148027 0.0105879 0.00714994 0.00451793
 0.00789381 0.0128918 0.019529 0.027778 0.0373735 0.0476558 0.0575421 0.0657949 0.0714684 0.074204 0.0741892 0.0719061 0.0679064 0.062703 0.0567364 0.0503618 0.043847 0.0373862 0.031125 0.0251865 0.0196914 0.0147658 0.0105318 0.00708209 0.00444983
 0.00788996 0.0128919 0.0195403 0.0278096 0.0374321 0.0477397 0.0576383 0.0658813 0.0715223 0.0742125 0.0741538 0.0718416 0.0678331 0.0626385 0.0566912 0.050338 0.0438406 0.0373906 0.0311329 0.0251912 0.0196871 0.0147489 0.010502 0.00704343 0.00440915
 0.00789074 0.0128872 0.0195228 0.0277707 0.0373663 0.0476499 0.0575389 0.0657944 0.0714679 0.0741989 0.0741746 0.0718812 0.0678766 0.062679 0.0567299 0.0503799 0.043889 0.0374445 0.0311875 0.02524 0.019724 0.01477 0.0105069 0.00703546 0.00439381
 0.00791627 0.0129232 0.0195662 0.0278143 0.0373992 0.0476601 0.0575166 0.0657357 0.0713786 0.0740945 0.0740764 0.0718084 0.0678384 0.0626736 0.0567483 0.0504123 0.0439289 0.0374884 0.0312329 0.0252831 0.0197604 0.0147958 0.0105206 0.00703835 0.00438938
 0.00789679 0.0128951 0.0195304 0.0277735 0.0373562 0.0476163 0.0574702 0.0656826 0.071315 0.0740205 0.0739983 0.0717386 0.067792 0.0626623 0.0567759 0.0504738 0.0440134 0.0375833 0.0313275 0.0253697 0.0198336 0.0148525 0.0105599 0.00706174 0.00440059
 0.0079022 0.0128972 0.0195217 0.0277436 0.0372962 0.0475235 0.0573518 0.0655548 0.0711966 0.0739254 0.0739321 0.0717 0.0677777 0.062671 0.0568092 0.0505328 0.0440959 0.0376825 0.0314335 0.0254721 0.0199238 0.0149252 0.0106132 0.00709689 0.00442103
 0.00786864 0.012846 0.0194505 0.0276518 0.0371839 0.0473908 0.0571998 0.0653877 0.0710248 0.0737661 0.0738063 0.0716258 0.0677645 0.0627175 0.0569052 0.0506652 0.0442516 0.0378499 0.0316015 0.0256301 0.0200627 0.0150384 0.0106983 0.00715546 0.00445756
 0.00787047 0.0128408 0.019428 0.0275981 0.0370863 0.0472442 0.0570113 0.0651764 0.0708151 0.0735803 0.0736602 0.071529 0.0677228 0.0627333 0.056977 0.0507855 0.0444081 0.0380275 0.031785 0.0258058 0.0202195 0.0151685 0.0107982 0.00722582 0.00450276
 0.0078619 0.0128309 0.01942 0.0275958 0.0370906 0.0472497 0.0570051 0.0651412 0.070738 0.0734606 0.0735116 0.0713751 0.0675886 0.0626384 0.0569323 0.0507935 0.0444642 0.0381219 0.031904 0.0259345 0.0203439 0.0152778 0.0108857 0.0072897 0.00454507
 0.007789 0.0127157 0.0192535 0.0273737 0.0368167 0.0469387 0.0566836 0.0648443 0.0704992 0.0733013 0.0734362 0.0713754 0.0676518 0.0627539 0.057093 0.0509933 0.0446952 0.0383727 0.0321604 0.0261811 0.0205662 0.0154647 0.0110316 0.00739458 0.00461413
 0.00775413 0.0126521 0.0191454 0.0272031 0.0365686 0.0466098 0.0562893 0.0644204 0.0700952 0.0729679 0.0732127 0.071281 0.0676845 0.0628952 0.0573164 0.0512722 0.0450066 0.0386979 0.0324829 0.0264851 0.0208374 0.015692 0.0112089 0.00752252 0.00469878
 0.00775479 0.0126483 0.0191301 0.0271653 0.0364944 0.0464845 0.0561022 0.0641689 0.0697898 0.0726344 0.0728901 0.0710133 0.0675099 0.0628354 0.0573726 0.051428 0.0452355 0.0389705 0.0327725 0.0267688 0.0210968 0.0159134 0.0113846 0.00765105 0.00478494
 0.00934115 0.0148726 0.0218223 0.0299476 0.0388904 0.0480938 0.0567381 0.0638852 0.0688021 0.0712066 0.0712527 0.0693354 0.0659065 0.0613829 0.0561186 0.0503949 0.0444227 0.0383598 0.0323344 0.0264702 0.0209051 0.0157993 0.0113228 0.00762163 0.0047733
 0.00930796 0.0151148 0.0227091 0.0319392 0.0423387 0.052973 0.062473 0.0694437 0.0730605 0.0733903 0.07119 0.0674035 0.062765 0.0576922 0.0523766 0.0469066 0.041343 0.0357479 0.030195 0.0247772 0.0196149 0.0148579 0.0106703 0.00719576 0.00451397
 0.00899467 0.0146175 0.0220049 0.0310721 0.0414749 0.0524401 0.0627224 0.0708895 0.0758318 0.0771449 0.0751543 0.0706654 0.0646533 0.0580095 0.0513738 0.0450732 0.0391765 0.0336175 0.0283131 0.0232327 0.0184193 0.0139813 0.0100629 0.0068004 0.00427404
 0.00882802 0.0143395 0.0215738 0.030447 0.0406308 0.0513976 0.0615872 0.0698819 0.0752728 0.0773698 0.0763614 0.0727691 0.0672457 0.0604912 0.0531969 0.0459529 0.0391513 0.0329527 0.0273405 0.0222248 0.017541 0.0132992 0.00957887 0.00648347 0.00408229
 0.00872369 0.0141686 0.0213137 0.0300742 0.0401244 0.0507452 0.0607963 0.0689937 0.0743777 0.0766176 0.0759506 0.0728987 0.0680271 0.06186 0.0548906 0.0475927 0.0403941 0.0336236 0.0274681 0.0219774 0.0171228 0.0128704 0.00922738 0.00623518 0.00392644
 0.00871004 0.0141359 0.0212449 0.0299462 0.0399125 0.0504309 0.0603738 0.0684738 0.0737876 0.0760024 0.07538 0.072472 0.0678645 0.0620661 0.0554977 0.0485159 0.0414397 0.0345592 0.0281185 0.0222868 0.0171495 0.0127313 0.0090353 0.0060628 0.00380261
 0.00869689 0.0141184 0.0212248 0.0299252 0.0398888 0.0503945 0.0603053 0.0683474 0.073581 0.0757075 0.0750113 0.0720708 0.0674977 0.0618183 0.0554502 0.048715 0.0418646 0.0351155 0.0286696 0.0227116 0.0173896 0.0128011 0.0089949 0.00597876 0.00372115
 0.00868049 0.0140918 0.0211853 0.0298711 0.0398207 0.0503162 0.0602231 0.0682672 0.0735028 0.0756223 0.0749039 0.0719284 0.0673224 0.0616355 0.0553076 0.0486683 0.0419535 0.03534 0.0289825 0.0230356 0.0176514 0.0129621 0.00905889 0.00597751 0.0036914
 0.00867223 0.0140784 0.0211649 0.0298422 0.0397817 0.0502667 0.0601641 0.0682021 0.0734364 0.0755593 0.0748456 0.071871 0.0672589 0.0615611 0.0552285 0.0486051 0.0419363 0.0353935 0.0291098 0.0232117 0.0178335 0.0131098 0.00915158 0.00601813 0.00369743
 0.00865149 0.0140469 0.0211218 0.0297881 0.0397186 0.0501976 0.0600926 0.0681324 0.0733728 0.075506 0.0748055 0.0718451 0.0672452 0.0615552 0.0552261 0.0486063 0.0419484 0.0354292 0.0291794 0.0233144 0.0179539 0.0132246 0.0092408 0.00607375 0.00372368
 0.00863746 0.0140222 0.0210813 0.0297265 0.0396324 0.0500878 0.0599668 0.0680039 0.0732579 0.0754182 0.0747526 0.0718281 0.0672598 0.0615943 0.0552813 0.0486704 0.0420174 0.0355036 0.0292624 0.0234077 0.0180537 0.0133209 0.00932205 0.00613228 0.00375899
 0.00867284 0.0140759 0.0211548 0.0298174 0.0397344 0.05019 0.0600548 0.0680623 0.0732741 0.0753876 0.0746802 0.0717269 0.067146 0.0614823 0.0551811 0.0485873 0.0419536 0.0354599 0.0292397 0.0234057 0.01807 0.0133493 0.00935424 0.00616057 0.00377904
 0.00865258 0.0140494 0.0211266 0.0297957 0.0397282 0.0502054 0.0600916 0.0681132 0.0733272 0.0754296 0.0747012 0.0717227 0.0671187 0.0614395 0.0551325 0.048542 0.0419182 0.0354377 0.0292317 0.0234114 0.0180871 0.013374 0.00938132 0.00618506 0.00379767
 0.00862037 0.0139998 0.0210576 0.0297083 0.0396277 0.050102 0.0599999 0.0680497 0.0733046 0.0754519 0.0747608 0.0718034 0.0672022 0.0615113 0.0551863 0.0485786 0.041943 0.0354574 0.0292516 0.0234344 0.0181136 0.0134024 0.0094088 0.00620875 0.00381568
 0.00862628 0.0140061 0.0210608 0.0297035 0.0396094 0.0500671 0.0599498 0.0679908 0.0732476 0.0754087 0.0747408 0.07181 0.0672317 0.0615541 0.0552306 0.0486151 0.0419677 0.0354715 0.0292596 0.0234412 0.0181224 0.0134141 0.0094223 0.00622193 0.0038267
 0.00862628 0.0140061 0.0210608 0.0297035 0.0396094 0.0500671 0.0599498 0.0679908 0.0732476 0.0754087 0.0747408 0.07181 0.0672317 0.0615541 0.0552306 0.0486151 0.0419677 0.0354715 0.0292596 0.0234412 0.0181224 0.0134141 0.0094223 0.00622193 0.0038267
 0.00896532 0.0145428 0.0218387 0.0307452 0.0409036 0.0515515 0.0615009 0.0694334 0.0743919 0.0761025 0.0749104 0.071471 0.0664708 0.0604974 0.0540114 0.0473516 0.0407511 0.0343646 0.0283003 0.022648 0.017498 0.0129486 0.00909586 0.00600819 0.003697
 0.00841606 0.0137118 0.0207072 0.029347 0.0393274 0.0499365 0.0600266 0.068295 0.0737568 0.0760585 0.0754358 0.0724444 0.0677157 0.0618352 0.0553004 0.0485031 0.0417253 0.0351569 0.0289255 0.0231287 0.0178578 0.0132096 0.00927777 0.0061288 0.00377219
 0.00829794 0.0134551 0.0202056 0.0284727 0.037977 0.0480974 0.0578283 0.0660083 0.0717264 0.0746016 0.0747554 0.0725909 0.0685964 0.0632578 0.0570296 0.0503142 0.0434432 0.0366712 0.0301863 0.0241297 0.0186193 0.0137642 0.00966267 0.00638132 0.00392737
 0.0086729 0.0140487 0.0210607 0.0295966 0.0393139 0.0495023 0.0590642 0.0667928 0.0718298 0.0739524 0.0734851 0.0709877 0.0669937 0.0619207 0.0560922 0.0497792 0.0432247 0.0366512 0.0302588 0.0242233 0.0186984 0.0138187 0.00969558 0.00639957 0.00393699
 0.00834561 0.0135758 0.0204611 0.0289312 0.0386747 0.0489882 0.0587521 0.0667102 0.071937 0.0741449 0.0736309 0.0709893 0.0668423 0.0617054 0.055953 0.0498353 0.0435206 0.0371479 0.0308638 0.0248346 0.019238 0.0142464 0.0100046 0.00660473 0.00406258
 0.00861561 0.013964 0.0209526 0.029483 0.0392329 0.049512 0.0592293 0.0671523 0.0723548 0.0745203 0.0739024 0.0710645 0.0666369 0.06119 0.0551829 0.0489406 0.042659 0.0364464 0.0303804 0.0245576 0.0191129 0.0142099 0.0100073 0.00661807 0.00407435
 0.00860838 0.0139903 0.0210593 0.0297293 0.0396651 0.050131 0.0599702 0.0678982 0.0729828 0.0749517 0.0741227 0.0711026 0.0665235 0.0609326 0.0547742 0.0483892 0.0420138 0.035791 0.0298032 0.0241171 0.0188223 0.0140449 0.00992747 0.00658568 0.00406374
 0.0091287 0.0148084 0.0222373 0.0313025 0.0416305 0.0524307 0.0624725 0.070391 0.0751963 0.0766122 0.0750186 0.0711369 0.0657335 0.0594663 0.052839 0.0461976 0.0397521 0.0336126 0.0278313 0.0224418 0.0174917 0.0130603 0.00924977 0.00615215 0.00380627
#pred catch len freq
 0.0043551 0.00690336 0.0100941 0.01386 0.018161 0.0229624 0.0281637 0.0335653 0.0389064 0.0439296 0.0484241 0.0522457 0.0553261 0.0576651 0.0593005 0.0602721 0.0605984 0.0602648 0.0591999 0.0572352 0.0540847 0.0494187 0.0430663 0.0352609 0.0267366
 0.004635 0.00726106 0.0104567 0.0141101 0.0181826 0.0227047 0.0276836 0.0330115 0.0384468 0.043665 0.0483419 0.0522381 0.0552578 0.0574491 0.0589455 0.0598828 0.0603303 0.0602519 0.0594879 0.0577538 0.0546765 0.0499118 0.0433504 0.035323 0.0266422
 0.00489836 0.00768436 0.0110774 0.0149405 0.0191856 0.0237713 0.028634 0.0336422 0.0386161 0.0433683 0.0477169 0.0514867 0.0545374 0.0568102 0.0583529 0.0592899 0.0597443 0.0597427 0.059141 0.0576062 0.0546848 0.0499745 0.0433668 0.0352442 0.0264833
 0.00518534 0.00813159 0.0117172 0.015797 0.0202771 0.0251065 0.0301928 0.0353428 0.0402913 0.0447803 0.0486244 0.0517396 0.0541399 0.0559061 0.0571431 0.0579463 0.0583759 0.0584167 0.0579135 0.0565265 0.0537761 0.0492221 0.0427326 0.0346975 0.0260178
 0.00552811 0.00866036 0.0124613 0.0167686 0.0214754 0.026524 0.0318151 0.0371409 0.0422069 0.0467077 0.0503971 0.0531404 0.0549486 0.055974 0.0564523 0.056614 0.0566022 0.0564132 0.0558575 0.0545481 0.0519637 0.0476296 0.0413867 0.0336064 0.0251778
 0.00587422 0.0092019 0.0132378 0.0178051 0.0227822 0.0280948 0.0336221 0.0391304 0.0443006 0.0488079 0.0523894 0.0548893 0.0562932 0.0567405 0.0564917 0.0558544 0.0550852 0.0542914 0.0533518 0.0518932 0.0493674 0.0452538 0.0393436 0.0319585 0.0239393
 0.00618493 0.00969184 0.0139483 0.0187687 0.0240218 0.0296215 0.0354265 0.0411723 0.0465037 0.0510635 0.0545666 0.0568471 0.0578896 0.0578363 0.0569547 0.0555743 0.054005 0.0524416 0.050867 0.0489962 0.0463266 0.0423328 0.0367577 0.0298471 0.0223542
 0.00648106 0.0101577 0.014622 0.0196794 0.0251909 0.0310611 0.0371334 0.0431187 0.0486309 0.0532809 0.0567563 0.0588728 0.0596085 0.05911 0.0576565 0.055595 0.0532646 0.050913 0.0486061 0.0461614 0.0431691 0.0391542 0.0338467 0.0274185 0.0205113
 0.00682136 0.0106836 0.0153643 0.0206528 0.0263982 0.0324981 0.0387878 0.0449634 0.0506169 0.0553349 0.0587826 0.0607591 0.0612339 0.0603529 0.0584012 0.0557363 0.0527153 0.0496206 0.0465805 0.0435045 0.0400884 0.0359404 0.0308149 0.024831 0.0185169
 0.00708948 0.0111106 0.0159907 0.0215118 0.0275117 0.0338702 0.0403963 0.046756 0.0525166 0.057252 0.0606256 0.0624399 0.062667 0.0614536 0.0590836 0.0559139 0.0523056 0.0485593 0.0448471 0.0411556 0.0372821 0.0329309 0.0279049 0.0222953 0.0165302
 0.00736508 0.0115415 0.0166088 0.0223396 0.0285643 0.035155 0.0419075 0.048464 0.0543592 0.0591347 0.0624324 0.0640518 0.0639814 0.0623939 0.0595963 0.0559563 0.0518349 0.0475339 0.0432457 0.0390104 0.0347105 0.0301437 0.0251733 0.0198815 0.0146144
 0.00771238 0.012075 0.0173546 0.0233042 0.0297379 0.036518 0.043431 0.0501061 0.0560623 0.0608254 0.0640247 0.0654528 0.0650994 0.0631498 0.0599324 0.0558367 0.0512394 0.0464503 0.0416745 0.0369855 0.0323282 0.0275775 0.0226543 0.0176431 0.0128246
 0.00806135 0.0126163 0.0181212 0.0243104 0.0309797 0.0379725 0.0450536 0.0518279 0.0577939 0.0624686 0.0654863 0.0666531 0.065976 0.0636572 0.06004 0.0555266 0.0505037 0.0452901 0.0401043 0.0350468 0.0301093 0.0252259 0.0203643 0.0156125 0.0111984
 0.00841769 0.0131622 0.0188817 0.0252894 0.0321638 0.0393373 0.0465634 0.05343 0.0594145 0.0640153 0.0668585 0.0677569 0.0667386 0.0640345 0.060016 0.055105 0.0496983 0.0441194 0.0385946 0.0332436 0.0280939 0.0231251 0.01834 0.0138278 0.00977231
 0.00874992 0.01368 0.0196192 0.0262638 0.0333733 0.0407588 0.0481475 0.0550992 0.0610694 0.0655483 0.0681686 0.0687598 0.0673722 0.064263 0.059831 0.0545224 0.0487506 0.042848 0.0370462 0.0314765 0.0261886 0.0211928 0.0165149 0.0122408 0.00851544
 0.00906391 0.0141661 0.0203065 0.0271652 0.0344873 0.0420703 0.0496239 0.0566827 0.062674 0.0670655 0.0694817 0.0697626 0.0679865 0.0644487 0.0595856 0.0538739 0.0477463 0.0415452 0.0355079 0.0297729 0.0244038 0.0194282 0.014883 0.0108449 0.00742329
 0.00932962 0.0145745 0.0208782 0.0279063 0.0353925 0.043127 0.0508116 0.0579677 0.0640037 0.068367 0.0706654 0.0707323 0.0686535 0.0647471 0.0594837 0.0533771 0.0468917 0.0403917 0.0341274 0.0282455 0.0228181 0.0178809 0.0134721 0.00965372 0.00650152
