SBPRF35
7.78865
Curr Bio
517767
B35
679690
F35
0.214781
FOFL
0.158602
OFL
63911.9
Bzero
2.22533e+06
#pred survey bio
 4.71462e+06 4.41972e+06 4.1436e+06 3.81564e+06 3.47875e+06 3.13779e+06 2.82862e+06 2.49572e+06 2.2455e+06 1.98955e+06 1.74997e+06 1.52978e+06 1.34696e+06 1.16903e+06 1.04246e+06 940473 852928 787627 740089 693816 675891 661191 641542 623847 614654 602978 597872 596136 594903 589647 593476 589983 583127 582006 573802 566854 547413 547389 547789 558447 562460 565590 572615 580607 576175 576717 575751 573692 579541 584439 594804 584213 574143 578749 550272 539254 543608 534770 523227 1.80537e+07 1.07422e+07 1.09551e+07 1.16857e+07 1.2691e+07 1.37334e+07 1.4672e+07 1.5449e+07 1.60581e+07 1.65186e+07 1.68587e+07 1.71061e+07 1.72844e+07 1.74126e+07 1.75046e+07 1.75709e+07 1.76189e+07 1.76538e+07 1.76793e+07 1.76981e+07 1.77121e+07 1.77225e+07 1.77303e+07 1.77362e+07 1.77407e+07 1.77441e+07 1.77466e+07 1.77486e+07 1.77501e+07 1.77513e+07 1.77521e+07 1.77528e+07 1.77534e+07 1.77538e+07 1.77541e+07 1.77543e+07 1.77545e+07 1.77547e+07 1.77548e+07 1.77548e+07 1.77549e+07 1.7755e+07 1.7755e+07 1.7755e+07 1.77551e+07 1.77551e+07 1.77551e+07 1.77551e+07 1.77551e+07 1.77551e+07 1.77551e+07 1.77551e+07 1.77551e+07 1.77551e+07 1.77551e+07 1.77551e+07 1.77551e+07 1.77551e+07 1.77551e+07 1.77551e+07 1.77551e+07 1.77551e+07 1.77551e+07 1.77551e+07 1.77551e+07 1.77551e+07 1.77551e+07 1.77551e+07 1.77551e+07 1.77551e+07 1.77551e+07 1.77551e+07 1.77551e+07 1.77551e+07 1.77551e+07 1.77551e+07 1.77551e+07 1.77551e+07 1.77551e+07 1.77551e+07 1.77551e+07 1.77551e+07 1.77551e+07 1.77551e+07 1.77551e+07 1.77551e+07 1.77551e+07 1.77551e+07 1.77551e+07 1.77551e+07 1.77551e+07 1.77551e+07 1.77551e+07 1.77551e+07 1.77551e+07 1.77551e+07 1.77551e+07 1.77551e+07 1.77551e+07 1.77551e+07 0 0 0 0 0 0 0 0 0 0 0 0 0 0 0 0 0 0 0 0 0 0 0 0 0
#obs survey bio
 4.37712e+06 2.73035e+06 3.58973e+06 2.44549e+06 2.75883e+06 1.69793e+06 2.69048e+06 1.83645e+06 2.28284e+06 1.0621e+06 1.48075e+06 1.63741e+06 1.67101e+06 1.16199e+06 885325 794764 672938 639489 705395 664237 440204 649818 555614 578003 532884 615039 400158 416918 531649 646850 480252 516561 526453 467076 513866 593045 374295 429927 622084 561068 878158 546245 517920 467794 382882 614625 644678 493572 763476 352933 473542 679607 742742 560743 441799 599374 450478 673679 639099
#pred catch bio
 97473.7 92407.6 160562 198229 237128 245050 302148 259099 290622 297322 295197 271497 272037 230001 210737 199165 179592 162156 156648 128566 123046 124156 119444 110090 110363 103205 99212.8 97714.9 99597.1 90638.6 95648.1 96457.1 89124.5 92059.9 87598.4 96727.4 82969.5 87045.5 81196.9 87301.9 87003.4 83416.4 83525.7 94784.6 91164.4 93063.1 94248.3 87785.1 88806 84909.9 102776 101190 87865.8 114201 98009.3 85066.6 95594.5 95548.8 88031.9 63911.9 83336.7 83510 87695.4 94783.1 102424 109266 114809 119022 122084 124238 125716 126712 127372 127805 128086 128268 128384 128458 128505 128535 128554 128566 128574 128578 128581 128583 128584 128585 128585 128586 128586 128586 128586 128586 128586 128586 128586 128586 128586 128586 128586 128586 128586 128586 128586 128586 128586 128586 128586 128586 128586 128586 128586 128586 128586 128586 128586 128586 128586 128586 128586 128586 128586 128586 128586 128586 128586 128586 128586 128586 128586 128586 128586 128586 128586 128586 128586 128586 128586 128586 128586 128586 128586 128586 128586 128586 128586 128586 128586 128586 128586 128586 128586 128586 128586 128586 128586 128586 128586 0 0 0 0 0 0 0 0 0 0 0 0 0 0 0 0 0 0 0 0 0 0 0 0 0
#obs catch bio
 0 92026 161077 198908 238987 248162 309176 264246 298169 307188 306122 280181 280756 236322 217097 204776 185704 167719 161604 131095 125447 126642 121328 111842 112128 104748 100748 99208.6 101163 91554.3 96868.1 98028.4 90134.2 93230.1 88403.5 97710.6 83461.9 87652.8 81420.3 87855.8 86838 82904.4 83312.5 95071.8 91436.3 93361.8 94723.4 88248.6 88961.9 85065.1 103436 101986 87550.6 114739 98265.5 84867.6 95866.3 95702.1 87985.7
#pred cpue bio
 4.63771e+06 4.3483e+06 4.07612e+06 3.74983e+06 3.41386e+06 3.07372e+06 2.7653e+06 2.43418e+06 2.18513e+06 1.93098e+06 1.69353e+06 1.47615e+06 1.29625e+06 1.12152e+06 996983 896613 810588 746773 701046 657071 640389 626587 607980 591168 582480 571400 566700 565249 564312 559568 563582 560451 554255 553807 546599 540538 521195 519494 518710 529029 533575 537189 543981 551377 546802 547121 546087 544062 549827 554697 564635 554238 544624 549419 521902 510994 515233 506928 496318 1.71624e+07 1.02261e+07 1.03107e+07 1.08915e+07 1.18431e+07 1.28727e+07 1.38088e+07 1.45853e+07 1.51943e+07 1.56549e+07 1.59949e+07 1.62423e+07 1.64206e+07 1.65488e+07 1.66408e+07 1.67071e+07 1.67551e+07 1.679e+07 1.68155e+07 1.68343e+07 1.68483e+07 1.68587e+07 1.68665e+07 1.68724e+07 1.68769e+07 1.68803e+07 1.68828e+07 1.68848e+07 1.68863e+07 1.68875e+07 1.68883e+07 1.6889e+07 1.68896e+07 1.689e+07 1.68903e+07 1.68905e+07 1.68907e+07 1.68909e+07 1.6891e+07 1.68911e+07 1.68911e+07 1.68912e+07 1.68912e+07 1.68912e+07 1.68913e+07 1.68913e+07 1.68913e+07 1.68913e+07 1.68913e+07 1.68913e+07 1.68913e+07 1.68913e+07 1.68913e+07 1.68913e+07 1.68913e+07 1.68913e+07 1.68913e+07 1.68913e+07 1.68913e+07 1.68913e+07 1.68913e+07 1.68913e+07 1.68913e+07 1.68913e+07 1.68913e+07 1.68913e+07 1.68913e+07 1.68913e+07 1.68913e+07 1.68913e+07 1.68913e+07 1.68913e+07 1.68913e+07 1.68913e+07 1.68913e+07 1.68913e+07 1.68913e+07 1.68913e+07 1.68913e+07 1.68913e+07 1.68913e+07 1.68913e+07 1.68913e+07 1.68913e+07 1.68913e+07 1.68913e+07 1.68913e+07 1.68913e+07 1.68913e+07 1.68913e+07 1.68913e+07 1.68913e+07 1.68913e+07 1.68913e+07 1.68913e+07 1.68913e+07 1.68913e+07 1.68913e+07 1.68913e+07 1.68913e+07 0 0 0 0 0 0 0 0 0 0 0 0 0 0 0 0 0 0 0 0 0 0 0 0 0
#obs cpue bio
 3.64079e+06 5.40109e+06 4.78311e+06 3.00598e+06 2.38577e+06 1.63866e+06 1.98834e+06 1.83334e+06 1.91019e+06 1.7242e+06 1.29799e+06 1.22523e+06 972466 785804 676972 856014 437536 499126 623028 661661 736507 503473 698808 429859 577590 425992 615326 631702 543227 506484 550854 410720 609739 602254 577716 579949 668314 688578 499523 428012 650926 805016 431886 512179 686401 503095 418440 502965 583546 707535 642550 380135 707320 477637 575315 571314 512177 431809 446718
#pred surv len freq
 0.00494134 0.0080289 0.0120948 0.0171219 0.0229883 0.0293865 0.0357961 0.0416101 0.0463637 0.0498882 0.0522885 0.0538066 0.0546965 0.0551601 0.0553258 0.0552477 0.0549194 0.0542886 0.0532474 0.0515926 0.0489968 0.0450735 0.0395749 0.0326425 0.0249192
 0.00526118 0.00843158 0.0124891 0.0173642 0.0229378 0.0289849 0.0351192 0.0408491 0.0457365 0.0495345 0.0522122 0.053897 0.0548044 0.05518 0.055243 0.0551352 0.0548931 0.0544431 0.0536012 0.052071 0.0494635 0.0453953 0.0396828 0.0325546 0.0247154
 0.00557571 0.00894688 0.0132631 0.0184293 0.0242675 0.0304583 0.0365148 0.041898 0.0462297 0.0494232 0.0516289 0.0530739 0.0539482 0.0543901 0.0545178 0.0544388 0.0542198 0.0538321 0.0531031 0.0516994 0.0491762 0.0451174 0.0393562 0.0321722 0.0243193
 0.00590388 0.00947068 0.0140349 0.019495 0.0256606 0.0321846 0.0385259 0.0440622 0.0483234 0.0511649 0.0527559 0.0534355 0.0535605 0.0534141 0.0531742 0.0529199 0.0526496 0.0522811 0.0516178 0.0503154 0.0479117 0.043973 0.0383279 0.0312697 0.0235678
 0.00625444 0.0100274 0.0148486 0.0206056 0.0270921 0.0339374 0.0405655 0.0463113 0.0506604 0.0534259 0.0547402 0.0549225 0.0543522 0.0533951 0.0523565 0.0514387 0.0507102 0.0500914 0.0493464 0.0480828 0.0458029 0.0420514 0.0366449 0.0298666 0.0224699
 0.00657733 0.0105504 0.0156321 0.0217044 0.0285453 0.0357524 0.0427023 0.0486773 0.0531237 0.0558378 0.0569511 0.0567825 0.055706 0.0540901 0.052273 0.0505327 0.0490419 0.0478176 0.0466802 0.045246 0.0429941 0.0394343 0.0343472 0.0279757 0.0210245
 0.00683076 0.0109638 0.0162578 0.0225942 0.0297434 0.037283 0.0445539 0.0507933 0.0554056 0.0581589 0.0591724 0.0587642 0.0573122 0.0551882 0.0527374 0.0502604 0.0479822 0.0460032 0.0442402 0.0423901 0.0399745 0.0365032 0.0317189 0.0257998 0.0193686
 0.00718467 0.0115228 0.0170693 0.0236929 0.0311482 0.0389908 0.0465307 0.0529694 0.0576805 0.0604153 0.0612902 0.060629 0.058817 0.0562323 0.0532246 0.0501002 0.0471029 0.0443777 0.0419175 0.0395158 0.0367841 0.0332844 0.028754 0.0233063 0.0174593
 0.00745497 0.0119548 0.0177056 0.0245687 0.0322855 0.0403903 0.0481624 0.0547705 0.0595649 0.0622903 0.0630693 0.0622344 0.0601748 0.0572655 0.0538486 0.0502243 0.0466391 0.0432612 0.040138 0.0371495 0.0340087 0.0303603 0.0259705 0.0209104 0.0155974
 0.00772801 0.0124008 0.0183803 0.0255241 0.0335585 0.0419849 0.0500331 0.0568182 0.0616533 0.0642762 0.0648305 0.0636843 0.0612615 0.0579609 0.0541316 0.0500656 0.0459951 0.0420838 0.0384018 0.0348898 0.0313523 0.0275263 0.02323 0.0185157 0.0137132
 0.00791231 0.0127159 0.0188834 0.0262795 0.0346243 0.0433929 0.0517663 0.0588006 0.0637581 0.0663485 0.0667141 0.0652457 0.0624061 0.0586386 0.0543298 0.049792 0.0452573 0.0408805 0.036733 0.0327863 0.0289096 0.0249201 0.0206927 0.0162775 0.0119349
 0.00814297 0.0130809 0.0194157 0.0270065 0.0355682 0.0445676 0.0531701 0.060406 0.0655046 0.0681414 0.0684324 0.0667571 0.0635876 0.0593961 0.05461 0.0495808 0.044568 0.0397388 0.0351713 0.0308552 0.0267007 0.022582 0.0184199 0.0142669 0.0103292
 0.00840151 0.013486 0.0199969 0.0277808 0.0365375 0.0457157 0.0544598 0.0617809 0.0668979 0.0694888 0.0696777 0.0678476 0.0644663 0.0599992 0.0548743 0.0494568 0.0440298 0.0387872 0.0338332 0.0291854 0.0247906 0.0205653 0.0164629 0.012535 0.00894283
 0.00882733 0.014146 0.0209292 0.0289971 0.0380196 0.0474124 0.0562829 0.0636078 0.0685897 0.0709188 0.0707579 0.0685394 0.0647733 0.0599484 0.0544964 0.0487727 0.0430497 0.0375188 0.0322945 0.0274188 0.0228736 0.0186129 0.0146151 0.0109275 0.00767022
 0.00915094 0.0146565 0.0216677 0.0299892 0.0392686 0.0488902 0.0579209 0.0652967 0.0701957 0.0723104 0.0718314 0.0692327 0.0650669 0.0598587 0.0540626 0.0480423 0.0420653 0.0363126 0.0308943 0.0258614 0.0212192 0.0169521 0.013059 0.0095833 0.00661134
 0.00942217 0.0150866 0.0222945 0.0308397 0.0403533 0.0501945 0.0593953 0.0668535 0.0717183 0.0736742 0.0729248 0.0699735 0.0654103 0.0597992 0.0536285 0.0472857 0.0410478 0.0350941 0.0295279 0.0243981 0.0197178 0.0154864 0.0117143 0.00843949 0.00572017
 0.00953463 0.0152901 0.0226384 0.0313814 0.0411433 0.0512533 0.060693 0.0683052 0.0732002 0.0750513 0.0740771 0.0708102 0.0658754 0.0598715 0.0533204 0.0466375 0.0401195 0.0339551 0.0282485 0.0230459 0.0183597 0.0141917 0.0105525 0.00746914 0.00497492
 0.00945179 0.0151829 0.0225296 0.0313144 0.0411769 0.0514504 0.0611052 0.0689583 0.0740814 0.0761025 0.0751988 0.0718793 0.0667709 0.0604989 0.0536247 0.0466054 0.0397736 0.033344 0.0274371 0.022107 0.0173688 0.0132229 0.00967338 0.00673244 0.00440923
 0.00933408 0.014998 0.0222655 0.0309694 0.0407669 0.0510157 0.0607153 0.0687045 0.0740561 0.0763695 0.0757687 0.0727005 0.0677397 0.0614833 0.0544941 0.0472564 0.040146 0.0334244 0.0272524 0.0217134 0.0168392 0.0126358 0.0091015 0.00623316 0.00401654
 0.00949071 0.0152083 0.0224998 0.0311727 0.0408738 0.050976 0.0605162 0.0683796 0.0736775 0.0760302 0.0755595 0.0726878 0.0679467 0.0618807 0.055006 0.0477803 0.0405799 0.033692 0.0273184 0.0215854 0.0165595 0.0122668 0.00870989 0.00587496 0.00372751
 0.00953732 0.0152739 0.0225781 0.0312468 0.040915 0.0509458 0.0603735 0.0680941 0.073249 0.0755032 0.0750232 0.0722555 0.0677208 0.0619194 0.0553049 0.0482746 0.0411651 0.0342543 0.0277641 0.0218616 0.01666 0.0122238 0.00857696 0.00570816 0.00357046
 0.00947304 0.0151879 0.0224823 0.0311624 0.0408643 0.0509403 0.0604034 0.0681276 0.0732414 0.0754144 0.0748368 0.0719918 0.0674375 0.061696 0.0552148 0.0483566 0.0414073 0.0345985 0.028128 0.0221679 0.0168605 0.0123083 0.0085676 0.00564334 0.00348806
 0.00954439 0.0152827 0.0225868 0.0312531 0.0409181 0.0509472 0.0603745 0.0680894 0.0732185 0.0754114 0.0748325 0.0719506 0.0673328 0.0615301 0.0550238 0.048196 0.0413265 0.0346173 0.0282287 0.0223058 0.0169855 0.0123864 0.00858987 0.00562232 0.0034456
 0.00960858 0.0153836 0.0227308 0.0314406 0.0411393 0.0511796 0.0605833 0.0682358 0.073275 0.0753739 0.0747207 0.071795 0.0671569 0.0613438 0.05483 0.0480038 0.0411565 0.0344943 0.0281672 0.0223003 0.0170128 0.0124181 0.00860621 0.00561778 0.00342626
 0.0095899 0.0153559 0.0226946 0.0313989 0.0410979 0.0511458 0.0605644 0.0682359 0.0732915 0.0753972 0.0747385 0.0717986 0.0671462 0.0613252 0.0548109 0.0479884 0.0411476 0.0344961 0.0281851 0.0223366 0.0170624 0.0124695 0.0086471 0.0056416 0.00343398
 0.00960006 0.0153705 0.0227131 0.0314196 0.0411186 0.051165 0.0605819 0.0682528 0.0733095 0.0754167 0.0747569 0.0718104 0.0671446 0.0613057 0.0547742 0.0479405 0.041097 0.0344514 0.0281533 0.0223213 0.0170628 0.0124806 0.00866141 0.00565284 0.00343935
 0.00960594 0.015372 0.0227005 0.0313797 0.0410389 0.0510399 0.0604183 0.0680707 0.0731366 0.0752806 0.0746777 0.0717963 0.0671911 0.0613984 0.0548933 0.0480668 0.0412166 0.0345573 0.0282444 0.0223992 0.0171295 0.0125365 0.00870567 0.00568471 0.00345946
 0.00955024 0.0152908 0.0225952 0.0312565 0.0409052 0.0509004 0.0602729 0.0679172 0.0729769 0.0751259 0.0745489 0.0717178 0.0671818 0.0614642 0.0550252 0.0482442 0.0414145 0.0347532 0.0284222 0.0225509 0.0172527 0.0126322 0.00877642 0.00573368 0.00349062
 0.00945169 0.0151422 0.0223936 0.0310079 0.0406244 0.0506087 0.0599954 0.0676791 0.0727983 0.0750167 0.0745082 0.0717386 0.0672576 0.0615916 0.0552014 0.0484625 0.041661 0.0350086 0.0286663 0.0227674 0.0174321 0.0127716 0.00887801 0.00580284 0.00353422
 0.00948327 0.0151759 0.0224124 0.0309861 0.0405361 0.0504403 0.0597555 0.0673985 0.0725202 0.0747821 0.0743437 0.071653 0.0672454 0.0616403 0.0552983 0.0485974 0.0418251 0.0351915 0.028855 0.0229473 0.0175905 0.0129004 0.00897481 0.00586995 0.003577
 0.00941688 0.0150763 0.022277 0.030816 0.0403329 0.0502029 0.0594804 0.067086 0.0721826 0.0744496 0.0740613 0.0714672 0.0671882 0.061719 0.0554955 0.0488804 0.0421572 0.0355397 0.029193 0.0232551 0.017854 0.0131116 0.00913241 0.0059788 0.00364617
 0.00923593 0.01482 0.0219614 0.0304798 0.040026 0.0499681 0.0593377 0.0670281 0.0721815 0.0744701 0.0740751 0.071464 0.067179 0.0617293 0.0555527 0.0490007 0.0423392 0.0357673 0.0294419 0.0235009 0.0180764 0.0132973 0.00927548 0.00608016 0.00371191
 0.0091326 0.0146484 0.0216986 0.0301084 0.039545 0.049406 0.058759 0.0665226 0.0718354 0.0743322 0.0741393 0.0716784 0.0674738 0.062047 0.0558633 0.0492995 0.0426344 0.0360653 0.0297399 0.0237869 0.0183347 0.0135143 0.00944396 0.00620046 0.00379049
 0.0089271 0.0143374 0.021273 0.0295737 0.0389179 0.0487099 0.0580249 0.065795 0.0711777 0.0738223 0.0738523 0.0716618 0.0677277 0.0625226 0.0564812 0.0499777 0.0433094 0.0366989 0.030313 0.0242894 0.0187592 0.0138558 0.0097022 0.00638193 0.00390791
 0.00887018 0.0142326 0.0210938 0.0292901 0.038507 0.0481695 0.0573836 0.0651103 0.0705209 0.0732597 0.0734347 0.0714243 0.0676927 0.0626961 0.0568461 0.0504907 0.0439095 0.0373227 0.0309088 0.0248227 0.0192111 0.0142184 0.00997613 0.00657491 0.00403342
 0.00951722 0.015131 0.0221613 0.030353 0.0393466 0.0485991 0.0573126 0.0645637 0.0696132 0.0721487 0.0722798 0.070359 0.0668125 0.0620556 0.0564628 0.0503509 0.0439742 0.0375359 0.0312081 0.0251507 0.0195236 0.0144874 0.0101883 0.00672885 0.00413583
 0.0103249 0.0163879 0.0239388 0.032655 0.0420807 0.0515506 0.0601404 0.0668489 0.070972 0.0723631 0.0713712 0.068563 0.0644777 0.059532 0.0540273 0.0481831 0.0421643 0.036106 0.030134 0.0243816 0.0189982 0.0141456 0.00997752 0.00660657 0.00406977
 0.0101607 0.0162423 0.0239433 0.0330044 0.0429789 0.0531219 0.0623484 0.0694676 0.0736267 0.0746234 0.0728624 0.0690621 0.0639653 0.0581821 0.0521386 0.0460834 0.0401296 0.0343184 0.02868 0.0232735 0.0182019 0.0136048 0.00963082 0.00639755 0.003952
 0.00980843 0.0157168 0.0232476 0.0321923 0.0421652 0.0524838 0.0621064 0.0698339 0.0747206 0.0763892 0.0750418 0.0712533 0.0657497 0.0592583 0.0524038 0.0456341 0.0391952 0.0331672 0.0275402 0.0222918 0.0174414 0.0130656 0.00927794 0.00618364 0.00383193
 0.00944605 0.015149 0.0224353 0.0311205 0.0408548 0.0510079 0.0606063 0.0685205 0.073845 0.076181 0.0756312 0.0726077 0.0676559 0.0613701 0.0543454 0.0471164 0.0400923 0.0335221 0.0275072 0.0220562 0.017155 0.0128185 0.00910302 0.0060773 0.0037754
 0.00938555 0.0150246 0.0222003 0.0307158 0.0402244 0.0501238 0.0594928 0.0672666 0.0725979 0.0751248 0.0749562 0.0724697 0.0681295 0.0624085 0.0557723 0.0486673 0.0414968 0.0345895 0.0281734 0.0223725 0.0172356 0.0127817 0.00903365 0.00601819 0.00373833
 0.00963419 0.015369 0.022606 0.0311082 0.0405027 0.0501869 0.0592662 0.0667206 0.0717575 0.0740739 0.0738332 0.0714505 0.0673928 0.0620909 0.0559245 0.0492308 0.0423167 0.0354656 0.0289294 0.0229088 0.0175422 0.0129116 0.00906022 0.00600227 0.00371523
 0.00972716 0.0155326 0.0228717 0.0315037 0.0410338 0.0508143 0.0598925 0.0672028 0.0719494 0.0738801 0.0732486 0.0705657 0.06637 0.0611204 0.0551772 0.0488149 0.0422503 0.0356769 0.0292889 0.0232819 0.0178352 0.0130909 0.00914118 0.00602185 0.00370806
 0.00967594 0.0154681 0.0228107 0.0314767 0.0410807 0.0509737 0.0601868 0.0676219 0.0724393 0.0743433 0.0735652 0.0706332 0.0661461 0.0606465 0.0545686 0.0482204 0.0417997 0.0354387 0.0292559 0.0233883 0.017995 0.0132353 0.00923733 0.00606938 0.00372303
 0.00972905 0.0155503 0.0229271 0.031631 0.0412764 0.0512163 0.0604828 0.0679753 0.0728441 0.0747743 0.0739716 0.0709411 0.0662751 0.0605392 0.054219 0.0476863 0.0411876 0.0348661 0.028809 0.0230985 0.0178417 0.013171 0.00921502 0.00605907 0.00371308
 0.0096958 0.0155058 0.0228779 0.0315892 0.041257 0.0512322 0.0605419 0.0680809 0.072997 0.0749749 0.074216 0.0712139 0.0665422 0.0607492 0.0543177 0.0476398 0.0410015 0.0345875 0.0285084 0.0228395 0.0176588 0.0130647 0.00916437 0.00603877 0.003705
 0.00968218 0.0154842 0.0228468 0.031549 0.0412111 0.0511885 0.0605132 0.068082 0.0730406 0.0750669 0.0743535 0.0713865 0.0667337 0.0609374 0.0544736 0.0477319 0.0410063 0.0345022 0.0283557 0.02266 0.0174934 0.0129391 0.00908404 0.00599474 0.00368367
 0.00963474 0.0154182 0.0227681 0.0314694 0.0411451 0.0511476 0.0605018 0.0680979 0.0730791 0.0751249 0.0744313 0.0714854 0.0668524 0.0610689 0.0546045 0.0478433 0.0410779 0.0345191 0.0283156 0.0225762 0.0173901 0.0128412 0.00900772 0.00594442 0.00365507
 0.00960926 0.0153645 0.0226657 0.0312948 0.0408813 0.0507972 0.0600962 0.0676943 0.0727434 0.0749103 0.0743636 0.0715621 0.0670505 0.0613555 0.0549433 0.0481978 0.0414137 0.0348072 0.0285372 0.0227261 0.0174768 0.0128825 0.00902287 0.00594827 0.0036558
 0.0097247 0.0155257 0.0228584 0.0314867 0.0410279 0.050854 0.0600311 0.0674975 0.0724331 0.0745318 0.0739806 0.0712399 0.0668379 0.0612727 0.0549818 0.0483285 0.0415981 0.0350069 0.0287202 0.0228717 0.0175775 0.012942 0.00905233 0.0059599 0.00365912
 0.00961336 0.01538 0.0227032 0.0313633 0.0409783 0.0508975 0.060148 0.0676325 0.0725182 0.0745173 0.0738564 0.0710377 0.0666159 0.061093 0.0548893 0.0483399 0.0417019 0.0351724 0.0289098 0.023052 0.0177263 0.0130504 0.00912249 0.00600049 0.00368027
 0.00950552 0.0152363 0.0225462 0.0312369 0.0409385 0.050996 0.0604137 0.0680571 0.0730501 0.0750672 0.0743173 0.0713165 0.0666656 0.0609274 0.0545735 0.0479619 0.0413408 0.0348775 0.0286972 0.0229126 0.0176398 0.0129966 0.00908705 0.0059758 0.00366305
 0.00950267 0.0152142 0.0224828 0.0311064 0.0407251 0.0507119 0.0601106 0.0678179 0.0729606 0.0751784 0.0746204 0.0717424 0.0671103 0.06129 0.0547907 0.0480233 0.0412819 0.0347559 0.0285663 0.0228057 0.0175672 0.0129536 0.00906354 0.00596286 0.00365537
 0.00949378 0.0151848 0.0224103 0.0309593 0.0404698 0.0503252 0.0595942 0.0672098 0.0723366 0.0746417 0.0742765 0.0716661 0.0673168 0.0617266 0.0553554 0.0486034 0.0417912 0.0351543 0.0288552 0.0230093 0.0177126 0.0130599 0.00914091 0.00601659 0.00368977
 0.00975491 0.0155967 0.0230041 0.0317476 0.0414357 0.0514085 0.0606842 0.0681561 0.072985 0.074883 0.0740851 0.0711071 0.0665202 0.0608407 0.0545014 0.0478489 0.0411513 0.0346133 0.0283928 0.0226155 0.0173883 0.0128081 0.00895943 0.00589607 0.00361617
 0.00971564 0.0155557 0.0229852 0.0317889 0.0415813 0.0516943 0.0611213 0.0687195 0.0736116 0.0754796 0.0745486 0.0713532 0.066511 0.0605979 0.0540964 0.0473731 0.0406834 0.0341999 0.0280485 0.022336 0.0171647 0.0126343 0.00883121 0.00580812 0.00356087
 0.0095719 0.0153254 0.0226473 0.0313326 0.0410162 0.0510619 0.0605013 0.0682202 0.0733398 0.0755029 0.0748671 0.0718972 0.0671654 0.061241 0.0546368 0.0477698 0.0409432 0.0343571 0.0281416 0.0223927 0.0171999 0.0126548 0.0088412 0.0058116 0.0035612
 0.00930982 0.0149577 0.0222007 0.0308657 0.040599 0.0507466 0.0603024 0.0681189 0.0733093 0.0755341 0.0749757 0.0721088 0.0674883 0.0616492 0.0550735 0.0481696 0.0412573 0.0345681 0.0282607 0.0224466 0.0172159 0.0126528 0.0088329 0.00580258 0.00355382
 0.00885252 0.0142764 0.0212937 0.0297794 0.0394239 0.049603 0.059323 0.0674257 0.0729847 0.0755964 0.0753758 0.0727546 0.068282 0.0625127 0.0559497 0.0490117 0.0420214 0.0352176 0.0287755 0.0228276 0.0174811 0.0128279 0.00894324 0.00586888 0.00359153
#obs surv len freq
 nan nan nan nan nan nan nan nan nan nan nan nan nan nan nan nan nan nan nan nan nan nan nan nan nan
 0.00449225 0.00735691 0.0111898 0.0160077 0.0217081 0.0279817 0.0342928 0.0400207 0.0446971 0.0481582 0.0505137 0.0520075 0.052898 0.053409 0.0537222 0.0539762 0.0542541 0.0545465 0.0546849 0.0542768 0.052715 0.0493477 0.0437984 0.0362798 0.0276649
 0.00461412 0.00756055 0.0115059 0.0164671 0.0223334 0.028775 0.0352245 0.0410271 0.0456905 0.049046 0.0512166 0.0524708 0.0530958 0.0533427 0.0534156 0.0534677 0.0535878 0.0537652 0.0538281 0.0533815 0.0518205 0.0484975 0.0430377 0.035647 0.0271813
 0.00477763 0.00782545 0.0119033 0.0170262 0.0230774 0.0297131 0.036342 0.0422783 0.0469999 0.0503169 0.0523446 0.0533581 0.0536655 0.0535491 0.0532485 0.0529496 0.0527656 0.0527 0.0525872 0.052036 0.0504457 0.047174 0.0418453 0.0346515 0.026419
 0.00496641 0.0081349 0.0123736 0.0176959 0.0239756 0.0308473 0.0376863 0.0437706 0.0485513 0.0518281 0.053719 0.0545066 0.0545071 0.0540147 0.0532889 0.0525447 0.0519292 0.0514797 0.0510586 0.0502972 0.0486129 0.0453746 0.040205 0.0332727 0.0253593
 0.00517617 0.0084783 0.012895 0.0184384 0.0249733 0.0321124 0.0391953 0.0454589 0.050321 0.0535661 0.0553144 0.0558616 0.0555399 0.0546578 0.053488 0.0522609 0.0511461 0.0502129 0.0493647 0.0482771 0.0464092 0.0431587 0.0381525 0.0315299 0.0240114
 0.00540382 0.00885122 0.0134616 0.0192458 0.0260584 0.0334882 0.0408362 0.0472953 0.0522487 0.0554654 0.0570684 0.057367 0.05671 0.0554224 0.0537909 0.0520586 0.0504102 0.0489386 0.0475856 0.0460805 0.0439432 0.040622 0.0357625 0.0294758 0.0224097
 0.00563662 0.00923275 0.0140416 0.020073 0.0271716 0.0349019 0.0425256 0.0491906 0.0542442 0.0574394 0.0589017 0.058954 0.0579625 0.0562687 0.0541734 0.0519309 0.0497373 0.0477037 0.0458054 0.043826 0.0413555 0.0379089 0.033166 0.0272167 0.0206319
 0.00589436 0.00965383 0.0146792 0.0209779 0.0283823 0.0364296 0.0443382 0.0512073 0.0563474 0.0594967 0.0607881 0.0605636 0.0592115 0.057093 0.0545242 0.0517692 0.0490319 0.0464357 0.0439829 0.0415077 0.0386727 0.035068 0.0304198 0.0248054 0.0187196
 0.00613689 0.0100528 0.0152883 0.0218502 0.0295599 0.0379272 0.0461267 0.0532075 0.0584412 0.0615502 0.0626734 0.0621719 0.0604573 0.0579132 0.0548734 0.0516141 0.0483469 0.0452043 0.0422106 0.0392449 0.0360384 0.0322582 0.0276826 0.022384 0.0167861
 0.00639359 0.0104723 0.0159236 0.0227521 0.0307673 0.0394516 0.047936 0.0552202 0.0605371 0.0635929 0.0645324 0.0637369 0.0616437 0.0586618 0.0551464 0.0513882 0.0476074 0.0439443 0.0404405 0.037013 0.033455 0.0295064 0.024998 0.0200021 0.0148772
 0.00660762 0.0108272 0.016471 0.023544 0.0318465 0.0408346 0.0495966 0.0570836 0.0624909 0.0655094 0.0662888 0.0652282 0.0627869 0.0593959 0.0554308 0.0511985 0.0469308 0.0427784 0.0387998 0.0349452 0.0310625 0.0269563 0.0225059 0.0177853 0.0130952
 0.00684166 0.0112076 0.0170434 0.0243512 0.0329206 0.0421846 0.0511946 0.058859 0.064339 0.0673086 0.0679214 0.0665929 0.0638059 0.0600159 0.0556201 0.0509417 0.0462233 0.0416248 0.0372196 0.0329872 0.0288224 0.024586 0.0201996 0.0157382 0.0114506
 0.00703278 0.0115248 0.0175325 0.0250583 0.0338818 0.0434107 0.0526561 0.0604827 0.0660196 0.0689319 0.0693825 0.0678064 0.064707 0.0605589 0.0557759 0.0506954 0.0455714 0.0405741 0.0357915 0.0312289 0.0268216 0.022478 0.0181547 0.0139263 0.00999619
 0.00727297 0.0119118 0.0181081 0.0258591 0.0349312 0.0447082 0.054165 0.062125 0.0676857 0.0705004 0.0707415 0.0688686 0.0654156 0.0608867 0.0557183 0.0502621 0.0447785 0.0394422 0.0343495 0.0295253 0.0249368 0.0205309 0.0162919 0.0122918 0.00869286
 0.00742151 0.0121644 0.0185086 0.026454 0.0357591 0.045782 0.0554567 0.0635621 0.0691648 0.0719094 0.0719798 0.0698566 0.0660972 0.0612285 0.0557076 0.0499037 0.0440899 0.0384492 0.0330871 0.0280432 0.0233095 0.0188619 0.0147049 0.0109062 0.00759214
 0.00749872 0.0122892 0.0186965 0.0267221 0.036127 0.0462711 0.0560849 0.0643357 0.0700688 0.0729016 0.0729923 0.0708056 0.066898 0.0618095 0.0560185 0.0499169 0.0437986 0.0378645 0.0322364 0.0269729 0.0220882 0.0175817 0.0134723 0.00982197 0.0067271
 0.00760873 0.0124584 0.0189331 0.0270276 0.0364967 0.0466957 0.0565528 0.064835 0.0705903 0.0734402 0.0735432 0.0713558 0.0674189 0.0622551 0.0563333 0.0500483 0.0437077 0.0375333 0.0316707 0.0262034 0.0211714 0.0165966 0.0125104 0.00896936 0.00604394
 0.00766256 0.0125466 0.0190666 0.0272158 0.0367446 0.0469995 0.0568973 0.0651956 0.0709414 0.0737648 0.0738389 0.0716322 0.0676869 0.062515 0.0565662 0.0502168 0.0437648 0.0374359 0.0313936 0.0257485 0.0205712 0.015911 0.0118151 0.00833827 0.00553063
 0.00771247 0.0126193 0.0191607 0.0273258 0.0368637 0.047124 0.0570287 0.0653392 0.0711011 0.07394 0.0740235 0.0718188 0.0678707 0.0626943 0.056738 0.0503687 0.0438716 0.0374628 0.0313067 0.025529 0.0202262 0.0154757 0.0113453 0.00789413 0.00515961
 0.00775795 0.0126886 0.0192562 0.0274454 0.0370007 0.0472673 0.057164 0.0654526 0.0711846 0.0739949 0.0740611 0.0718545 0.0679176 0.0627581 0.0568166 0.0504531 0.0439457 0.0375034 0.0312869 0.0254265 0.0200337 0.0152079 0.011037 0.00758934 0.00489679
 0.0078229 0.0127879 0.0193937 0.02762 0.0372057 0.0474906 0.0573883 0.0656565 0.0713456 0.0740959 0.0740955 0.0718289 0.0678492 0.0626695 0.0567282 0.0503769 0.0438828 0.0374439 0.0312134 0.0253199 0.0198819 0.0150127 0.0108157 0.00736945 0.00470496
 0.0078542 0.0128377 0.0194663 0.0277181 0.0373295 0.0476364 0.0575469 0.0658142 0.0714864 0.0742052 0.0741633 0.0718514 0.0678294 0.0626162 0.0566544 0.0502966 0.043806 0.0373734 0.0311432 0.0252389 0.0197794 0.0148853 0.0106708 0.00722274 0.00457424
 0.00788031 0.0128743 0.0195108 0.0277651 0.0373726 0.0476717 0.0575754 0.0658407 0.071517 0.0742434 0.0742078 0.0718965 0.0678675 0.0626407 0.0566623 0.050289 0.043787 0.0373471 0.0311107 0.0251971 0.0197235 0.0148126 0.0105844 0.00713194 0.00449059
 0.00787662 0.0128719 0.0195134 0.0277775 0.0373985 0.0477105 0.0576208 0.0658827 0.0715466 0.0742577 0.0742112 0.0718976 0.0678736 0.062654 0.0566795 0.0503046 0.0437962 0.0373472 0.031101 0.0251768 0.0196914 0.0147686 0.0105309 0.00707452 0.00443663
 0.0078962 0.0128943 0.0195302 0.0277761 0.0373672 0.0476453 0.0575297 0.0657839 0.0714614 0.0742014 0.074189 0.0719062 0.0679065 0.0627051 0.0567432 0.0503752 0.0438667 0.0374108 0.0311517 0.0252109 0.0197075 0.0147673 0.0105153 0.00704981 0.00440917
 0.0078833 0.0128768 0.0195097 0.0277548 0.0373457 0.0476196 0.0574913 0.0657237 0.0713761 0.0740992 0.0740888 0.0718307 0.0678724 0.0627178 0.0567973 0.0504585 0.0439653 0.0375116 0.031244 0.0252871 0.0197631 0.0148013 0.0105301 0.00705041 0.00440153
 0.00788594 0.0128722 0.019487 0.0276998 0.037246 0.0474723 0.0573077 0.065527 0.0711935 0.0739518 0.0739873 0.0717779 0.0678681 0.0627616 0.0568871 0.0505875 0.0441211 0.0376783 0.0314057 0.0254304 0.0198792 0.0148869 0.0105865 0.00708256 0.00441645
 0.00787102 0.012852 0.0194634 0.0276755 0.0372215 0.0474426 0.057262 0.065453 0.0710846 0.0738142 0.0738404 0.0716468 0.0677752 0.0627198 0.0568991 0.0506486 0.0442217 0.0378053 0.0315438 0.0255644 0.0199968 0.0149801 0.0106531 0.00712496 0.00444009
 0.00788269 0.0128624 0.0194636 0.027653 0.037165 0.0473483 0.0571371 0.0653141 0.07095 0.073696 0.0737423 0.0715686 0.0677184 0.0626904 0.056905 0.0506947 0.0443068 0.0379214 0.0316782 0.0257024 0.0201244 0.015087 0.0107341 0.00718031 0.00447392
 0.00786136 0.0128322 0.0194259 0.0276105 0.0371194 0.0472971 0.0570736 0.0652301 0.0708426 0.0735721 0.073618 0.0714629 0.0676459 0.0626579 0.0569131 0.0507406 0.0443866 0.0380295 0.0318057 0.0258375 0.0202542 0.0152002 0.0108236 0.00724432 0.0045151
 0.00781291 0.0127535 0.0193083 0.0274477 0.0369106 0.0470509 0.0568098 0.0649771 0.0706291 0.0734181 0.0735309 0.07144 0.0676805 0.0627431 0.0570421 0.0509059 0.0445788 0.0382378 0.0320189 0.0260437 0.020442 0.0153599 0.0109492 0.00733482 0.00457449
 0.00779697 0.0127221 0.019251 0.0273516 0.0367634 0.0468467 0.0565542 0.0646894 0.0703397 0.0731615 0.0733375 0.0713298 0.0676592 0.0628041 0.0571709 0.0510853 0.0447921 0.0384697 0.0322551 0.0262711 0.0206482 0.0155352 0.0110878 0.00743579 0.00464168
 0.00777167 0.0126809 0.0191884 0.0272619 0.0366408 0.0466866 0.056355 0.0644552 0.0700823 0.0729014 0.0731019 0.0711477 0.0675551 0.0627915 0.0572496 0.0512423 0.0450067 0.0387187 0.0325162 0.026525 0.0208791 0.0157317 0.0112432 0.00754939 0.00471776
 0.00774015 0.0126284 0.0191074 0.027145 0.0364829 0.0464876 0.0561224 0.0642036 0.0698305 0.072668 0.0729028 0.0709964 0.0674642 0.062772 0.0573083 0.0513786 0.0452103 0.0389706 0.0327928 0.0268019 0.0211353 0.0159515 0.011418 0.00767747 0.00480381
 0.00934216 0.014871 0.0218141 0.0299279 0.0388557 0.0480448 0.056682 0.0638341 0.068769 0.0711991 0.0712695 0.0693668 0.0659383 0.0614036 0.0561239 0.0503887 0.0444143 0.0383584 0.0323452 0.0264929 0.0209357 0.0158321 0.0113531 0.00764631 0.00479123
 0.00930163 0.0151057 0.0226976 0.0319257 0.0423232 0.0529542 0.0624482 0.0694107 0.0730203 0.0733483 0.071155 0.0673843 0.0627656 0.0577096 0.0524029 0.0469336 0.041366 0.0357673 0.030214 0.0247989 0.0196401 0.0148846 0.0106956 0.00721702 0.0045298
 0.00897186 0.0145837 0.0219603 0.0310192 0.041418 0.0523845 0.062673 0.0708499 0.0758037 0.077128 0.0751471 0.0706671 0.0646644 0.0580314 0.0514068 0.0451148 0.0392221 0.0336626 0.0283549 0.0232705 0.0184536 0.014012 0.0100894 0.00682171 0.00428966
 0.00879006 0.0142779 0.0214818 0.0303195 0.0404671 0.0512044 0.0613807 0.0696866 0.0751155 0.0772715 0.0763313 0.0728037 0.0673324 0.0606137 0.0533398 0.046104 0.0393012 0.0330946 0.027469 0.0223366 0.0176343 0.0133739 0.00963595 0.00652465 0.00411
 0.00872322 0.0141635 0.021298 0.0300395 0.0400616 0.0506482 0.060665 0.0688364 0.0742103 0.0764609 0.0758263 0.0728238 0.0680101 0.0618993 0.0549757 0.0477085 0.0405253 0.0337572 0.0275945 0.0220903 0.0172184 0.0129473 0.00928586 0.00627693 0.00395418
 0.00872471 0.0141589 0.0212773 0.0299876 0.0399594 0.0504759 0.0604054 0.0684782 0.0737535 0.0759262 0.0752688 0.072343 0.0677398 0.0619668 0.0554373 0.0484985 0.0414604 0.0346073 0.0281818 0.0223544 0.017213 0.0127857 0.00907823 0.00609415 0.00382372
 0.00870341 0.0141307 0.0212465 0.0299604 0.0399406 0.0504633 0.0603861 0.0684297 0.0736498 0.075747 0.0750094 0.0720232 0.0674102 0.0617058 0.0553332 0.0486131 0.0417915 0.0350757 0.0286599 0.0227236 0.0174135 0.0128286 0.00902025 0.00599898 0.00373551
 0.00869658 0.0141179 0.0212245 0.0299264 0.0398939 0.0504074 0.0603293 0.0683813 0.073614 0.075717 0.0749675 0.0719489 0.0672929 0.0615573 0.0551913 0.0485315 0.0418168 0.0352209 0.0288918 0.0229757 0.0176181 0.0129479 0.00905605 0.00597986 0.00369512
 0.00868476 0.0140984 0.0211946 0.0298832 0.0398353 0.0503329 0.0602414 0.0682869 0.0735236 0.075642 0.074916 0.0719205 0.067279 0.0615457 0.0551755 0.0485193 0.041829 0.03528 0.0290052 0.0231271 0.0177731 0.013072 0.0091312 0.00600896 0.00369432
 0.00867296 0.0140824 0.021176 0.0298653 0.0398212 0.0503238 0.0602352 0.0682786 0.0735074 0.075615 0.0748792 0.0718789 0.0672385 0.0615101 0.0551459 0.0484961 0.0418162 0.0352861 0.0290387 0.0231886 0.0178519 0.0131496 0.00919098 0.00604382 0.00370744
 0.00866886 0.0140731 0.0211576 0.0298332 0.0397723 0.0502592 0.0601617 0.0682073 0.0734499 0.0755781 0.0748631 0.0718789 0.0672481 0.0615245 0.0551629 0.0485157 0.0418395 0.0353159 0.0290782 0.0232394 0.0179112 0.0132098 0.00924266 0.00608053 0.00372829
 0.00866421 0.0140673 0.021152 0.0298294 0.0397711 0.0502591 0.0601584 0.0681956 0.0734264 0.0755439 0.0748243 0.0718431 0.0672214 0.0615089 0.0551571 0.048517 0.0418465 0.0353284 0.0290975 0.0232663 0.0179448 0.0132464 0.00927689 0.0061077 0.00374629
 0.00863924 0.0140293 0.0210996 0.0297637 0.0396957 0.0501799 0.0600832 0.0681325 0.0733817 0.0755202 0.07482 0.0718545 0.067245 0.0615424 0.055199 0.0485654 0.0418986 0.0353816 0.02915 0.0233171 0.017993 0.0132904 0.00931458 0.00613704 0.00376656
 0.00862764 0.0140085 0.021065 0.0297103 0.0396199 0.0500823 0.0599706 0.0680175 0.0732799 0.0754456 0.0747811 0.0718526 0.0672752 0.0615967 0.0552686 0.0486431 0.0419789 0.0354605 0.0292244 0.0233851 0.0180531 0.0133415 0.00935584 0.0061681 0.00378794
 0.00864056 0.014026 0.0210847 0.0297273 0.0396276 0.0500738 0.0599406 0.0679643 0.0732064 0.0753599 0.0746953 0.0717796 0.0672257 0.0615757 0.0552754 0.0486721 0.0420229 0.0355125 0.0292789 0.0234378 0.0181011 0.013383 0.00938954 0.00619361 0.0038057
 0.00864056 0.014026 0.0210847 0.0297273 0.0396276 0.0500738 0.0599406 0.0679643 0.0732064 0.0753599 0.0746953 0.0717796 0.0672257 0.0615757 0.0552754 0.0486721 0.0420229 0.0355125 0.0292789 0.0234378 0.0181011 0.013383 0.00938954 0.00619361 0.0038057
 0.00872014 0.0141572 0.0212844 0.0300092 0.0399961 0.050515 0.0604163 0.068415 0.073565 0.0755716 0.0747331 0.0716496 0.0669602 0.061222 0.0548828 0.0482827 0.041666 0.0352047 0.0290264 0.02324 0.0179534 0.0132783 0.00931983 0.00615035 0.00378089
 0.00870845 0.0141455 0.0212807 0.0300271 0.0400524 0.0506259 0.0605921 0.0686537 0.073849 0.0758666 0.0749941 0.0718318 0.0670327 0.0611771 0.0547363 0.0480672 0.0414195 0.0349606 0.0288082 0.02306 0.0178149 0.0131786 0.0092527 0.00610831 0.00375657
 0.00860609 0.0139827 0.0210438 0.0297091 0.0396588 0.0501812 0.0601435 0.0682674 0.0735942 0.075794 0.0751182 0.0721259 0.0674383 0.0616218 0.0551548 0.0484158 0.0416817 0.0351423 0.0289275 0.0231374 0.0178665 0.0132146 0.00927864 0.00612678 0.00376911
 0.00893076 0.0144792 0.0217307 0.0305772 0.0406677 0.0512585 0.0611872 0.0691576 0.0742191 0.0760821 0.0750583 0.0717645 0.0668561 0.0609054 0.0543763 0.0476261 0.0409149 0.0344238 0.0282793 0.0225787 0.0174102 0.0128642 0.00902714 0.00595913 0.00366589
 0.00884255 0.0143807 0.0216646 0.0306091 0.0408657 0.0516625 0.0617838 0.0698758 0.0749511 0.076716 0.0755083 0.0719864 0.0668493 0.060704 0.0540338 0.0471992 0.0404522 0.0339616 0.0278436 0.0221885 0.0170795 0.0126012 0.00883238 0.00582592 0.00358225
 0.00873199 0.0141884 0.0213562 0.0301558 0.0402649 0.0509614 0.0610908 0.0693408 0.0747132 0.0768451 0.0759741 0.072675 0.0676122 0.0614105 0.0546018 0.0476 0.0406964 0.0340803 0.0278731 0.0221619 0.0170241 0.0125374 0.00877397 0.00578013 0.00355076
 0.00888155 0.0144093 0.0216452 0.0304902 0.0406024 0.0512461 0.0612641 0.0693605 0.0745759 0.0765979 0.0757035 0.07247 0.0675232 0.0614292 0.0546746 0.0476607 0.0406975 0.0340065 0.0277368 0.0219903 0.016846 0.0123758 0.0086426 0.00568357 0.00348651
 0.00880802 0.0143105 0.0215341 0.0303905 0.0405397 0.0512345 0.0612964 0.069408 0.0745995 0.0765677 0.0756157 0.0723536 0.0674298 0.0614094 0.054752 0.0478204 0.0408945 0.0341888 0.0278676 0.0220574 0.0168586 0.0123535 0.00860573 0.0056468 0.00345745
#pred catch len freq
 0.00428146 0.00678623 0.00992281 0.0136267 0.0178627 0.0226034 0.0277583 0.0331374 0.0384849 0.0435408 0.0480838 0.0519548 0.0550709 0.0574228 0.0590497 0.0600065 0.0603409 0.0600753 0.0591696 0.0574631 0.0546379 0.0502932 0.0441706 0.036438 0.0278183
 0.0045777 0.00717146 0.0103283 0.0139391 0.0179677 0.022448 0.0273915 0.0326963 0.0381258 0.0433582 0.0480672 0.0520064 0.0550684 0.0572893 0.0587944 0.0597219 0.0601585 0.0600992 0.0594198 0.0578568 0.0550254 0.0505296 0.0441836 0.0362517 0.0275239
 0.00489661 0.00767513 0.0110519 0.0148871 0.0190933 0.0236348 0.0284577 0.0334398 0.038406 0.043167 0.0475347 0.051327 0.0543973 0.056682 0.058225 0.0591499 0.0595873 0.0595827 0.0590202 0.0575914 0.0548454 0.0503482 0.0439313 0.0359168 0.0271515
 0.00524252 0.00821376 0.0118207 0.0159113 0.0203871 0.0251974 0.0302536 0.0353687 0.0402829 0.0447419 0.0485616 0.0516562 0.0540357 0.0557768 0.0569818 0.0577469 0.0581383 0.0581533 0.0576569 0.0563303 0.0537023 0.049316 0.0429968 0.0350833 0.0264437
 0.00562367 0.00880437 0.0126571 0.0170123 0.0217579 0.0268337 0.0321392 0.0374643 0.042511 0.04697 0.0505943 0.0532524 0.0549617 0.055882 0.0562562 0.0563199 0.0562216 0.0559669 0.0553803 0.0540914 0.0515893 0.0473918 0.0413101 0.0336732 0.0253353
 0.00597366 0.00935466 0.0134517 0.018083 0.0231239 0.028499 0.0340857 0.0396447 0.0448466 0.0493533 0.0528896 0.0552939 0.0565554 0.0568266 0.0563866 0.0555619 0.0546251 0.0536969 0.0526691 0.0511825 0.0486988 0.0446949 0.0389405 0.0317212 0.0238408
 0.00630532 0.00987478 0.0142007 0.0190907 0.0244107 0.0300759 0.0359477 0.0417605 0.0471509 0.0517464 0.0552433 0.05746 0.0583739 0.0581316 0.0570167 0.0553828 0.0535662 0.0517865 0.0500486 0.0480863 0.0454096 0.0414943 0.0360673 0.0293408 0.0220284
 0.00666703 0.0104347 0.0149928 0.0201327 0.0257083 0.0316275 0.037743 0.0437728 0.0493288 0.05401 0.0574863 0.0595548 0.0601808 0.059507 0.0578197 0.0554834 0.0528625 0.0502347 0.0476967 0.0450949 0.0420412 0.0380696 0.0328994 0.0266705 0.0199809
 0.00701961 0.0109806 0.0157645 0.021145 0.0269608 0.0331079 0.0394259 0.0456165 0.0512753 0.0559888 0.0594181 0.0613535 0.0617521 0.0607473 0.0586172 0.0557217 0.0524322 0.049056 0.0457551 0.0424758 0.0389468 0.0347964 0.0297764 0.023979 0.0178876
 0.00737103 0.0115325 0.0165597 0.0222122 0.0283125 0.034736 0.0412943 0.0476551 0.0533837 0.0580507 0.0613188 0.0629943 0.0630567 0.0616587 0.0590871 0.0556976 0.0518512 0.0478559 0.0439033 0.0400117 0.036015 0.0316468 0.0267183 0.0213001 0.0157768
 0.00763776 0.011961 0.0171962 0.0230995 0.0294856 0.0362137 0.0430657 0.0496677 0.0555405 0.0602186 0.0633469 0.0647368 0.0643954 0.0625172 0.0594296 0.0555137 0.0511361 0.0465994 0.0421012 0.0376976 0.0332983 0.028729 0.0238659 0.0187775 0.0137693
 0.00792262 0.0124008 0.0178166 0.0239144 0.0305028 0.0374401 0.0445057 0.0513121 0.0573514 0.0621184 0.0652182 0.0664361 0.0657774 0.0634614 0.059858 0.0553936 0.0504694 0.0454064 0.0404141 0.0355722 0.0308391 0.0261071 0.0213054 0.0165056 0.0119513
 0.00828565 0.0129549 0.0185838 0.0248927 0.0316703 0.0387629 0.0459421 0.0528143 0.0588675 0.0635956 0.0666023 0.0676666 0.0667822 0.0641592 0.0601696 0.0552582 0.0498549 0.044313 0.0388724 0.0336456 0.0286333 0.0237771 0.0190436 0.0145036 0.0103485
 0.00873828 0.0136445 0.0195358 0.0261009 0.0331018 0.0403656 0.0476482 0.0545394 0.0605142 0.0650652 0.0678111 0.0685574 0.0673268 0.06435 0.0600072 0.0547409 0.048978 0.0430766 0.0372941 0.0317742 0.0265596 0.0216355 0.0169978 0.0127124 0.0089243
 0.00912174 0.014235 0.0203632 0.027172 0.0344008 0.0418566 0.0492732 0.056216 0.0621393 0.0665273 0.0690073 0.0694081 0.067786 0.0644078 0.0596835 0.0540716 0.0480005 0.0418223 0.0357932 0.0300696 0.0247228 0.0197733 0.0152412 0.011188 0.00771948
 0.00946794 0.0147689 0.0211134 0.0281473 0.0355916 0.0432371 0.0507985 0.057817 0.063722 0.0679814 0.07022 0.070282 0.0682536 0.0644418 0.0592972 0.0533103 0.0469264 0.0405002 0.0342833 0.0284316 0.0230264 0.0181061 0.0137044 0.00987635 0.00669509
