SBPRF35
7.78865
Curr Bio
540305
B35
698031
F35
0.210845
FOFL
0.153792
OFL
63359.8
Bzero
2.22533e+006
#pred survey bio
 4.70252e+006 4.46837e+006 4.23615e+006 3.93726e+006 3.61462e+006 3.29653e+006 2.97865e+006 2.63161e+006 2.33439e+006 2.05603e+006 1.80498e+006 1.58469e+006 1.39717e+006 1.24733e+006 1.10308e+006 975715 875841 812602 775001 736150 729475 700157 686938 667930 646560 635662 618756 617851 609769 603414 595523 589593 583630 584952 568942 550830 546200 540328 546925 566830 578982 583276 589805 592227 593578 598151 592949 596989 599670 598054 604871 622088 620309 607824 568174 557668 556690 561080 545221 1.83062e+007 1.08822e+007 1.10731e+007 1.17728e+007 1.2744e+007 1.3757e+007 1.46736e+007 1.54357e+007 1.60355e+007 1.64907e+007 1.68279e+007 1.70739e+007 1.72518e+007 1.73798e+007 1.74719e+007 1.75383e+007 1.75863e+007 1.76213e+007 1.76469e+007 1.76658e+007 1.76798e+007 1.76902e+007 1.76981e+007 1.77039e+007 1.77084e+007 1.77118e+007 1.77144e+007 1.77163e+007 1.77178e+007 1.7719e+007 1.77199e+007 1.77205e+007 1.77211e+007 1.77215e+007 1.77218e+007 1.7722e+007 1.77222e+007 1.77223e+007 1.77225e+007 1.77225e+007 1.77226e+007 1.77227e+007 1.77227e+007 1.77227e+007 1.77228e+007 1.77228e+007 1.77228e+007 1.77228e+007 1.77228e+007 1.77228e+007 1.77228e+007 1.77228e+007 1.77228e+007 1.77228e+007 1.77228e+007 1.77228e+007 1.77228e+007 1.77228e+007 1.77228e+007 1.77228e+007 1.77228e+007 1.77228e+007 1.77228e+007 1.77228e+007 1.77228e+007 1.77228e+007 1.77228e+007 1.77228e+007 1.77228e+007 1.77228e+007 1.77228e+007 1.77228e+007 1.77228e+007 1.77228e+007 1.77228e+007 1.77228e+007 1.77228e+007 1.77228e+007 1.77228e+007 1.77228e+007 1.77228e+007 1.77228e+007 1.77228e+007 1.77228e+007 1.77228e+007 1.77228e+007 1.77228e+007 1.77228e+007 1.77228e+007 1.77228e+007 1.77228e+007 1.77228e+007 1.77228e+007 1.77228e+007 1.77228e+007 1.77228e+007 1.77228e+007 1.77228e+007 1.77228e+007 1.77228e+007 0 0 0 0 0 0 0 0 0 0 0 0 0 0 0 0 0 0 0 0 0 0 0 0 0
#obs survey bio
 4.15189e+006 3.23908e+006 2.4109e+006 2.37424e+006 3.17072e+006 3.44435e+006 2.75818e+006 2.49088e+006 1.33043e+006 1.6162e+006 1.85798e+006 959627 1.36547e+006 983480 1.05204e+006 631689 974474 735840 736357 732568 527848 734411 723516 534318 794301 665112 711131 325173 623942 498904 597560 509139 460426 658660 558005 493860 664198 608620 569942 459006 576383 736782 476724 405140 697853 452450 743653 544693 676686 512824 672396 633393 706236 524358 573324 669968 628689 429116 525895
#pred catch bio
 96225.3 93394.1 164201 206105 227649 255860 312185 295792 303704 299678 288260 271074 245684 244715 230893 205819 171983 147789 146069 116515 133161 116652 119249 118512 107194 110235 95583.1 101210 99104.3 99547.2 96954.6 96107.8 88892.6 100800 98688.9 86473.5 90932.9 85120.5 77584.2 85420.2 91453.4 89013.2 92793.1 94447.7 92444.2 100662 92662.6 93880 97396.2 90507.2 82393.2 98071.6 106005 127535 102100 93746.8 88022.2 101940 101460 63359.8 83541.9 83708.9 87715.2 94450.6 101736 108292 113629 117704 120678 122779 124227 125206 125858 126287 126567 126749 126866 126940 126988 127018 127038 127050 127058 127062 127066 127067 127069 127069 127070 127070 127070 127071 127071 127071 127071 127071 127071 127071 127071 127071 127071 127071 127071 127071 127071 127071 127071 127071 127071 127071 127071 127071 127071 127071 127071 127071 127071 127071 127071 127071 127071 127071 127071 127071 127071 127071 127071 127071 127071 127071 127071 127071 127071 127071 127071 127071 127071 127071 127071 127071 127071 127071 127071 127071 127071 127071 127071 127071 127071 127071 127071 127071 127071 127071 127071 127071 127071 127071 127071 0 0 0 0 0 0 0 0 0 0 0 0 0 0 0 0 0 0 0 0 0 0 0 0 0
#obs catch bio
 0 93089 165442 208076 230300 258925 318294 301471 311552 307578 295916 279716 252939 252234 238022 212186 175970 150443 149120 117837 135603 117600 120626 120125 108068 111333 96388.7 102571 100202 101066 98180.2 97710.2 90328.4 102826 100405 87516.5 92193.3 86027 78258.9 86134.6 91669.8 88951.3 93030.5 95096.6 92955.5 101621 93050.7 94539 97908.8 91243.4 82744.6 98599.9 106023 128386 102459 94036.3 88108.6 102255 101495
#pred cpue bio
 4.62864e+006 4.39952e+006 4.17125e+006 3.87419e+006 3.553e+006 3.2366e+006 2.9205e+006 2.57566e+006 2.28028e+006 2.00398e+006 1.75516e+006 1.53701e+006 1.3515e+006 1.20362e+006 1.06173e+006 936664 838945 777467 741152 703680 697512 669382 656792 638522 618003 607699 591443 590584 582700 576529 568971 563319 557616 559190 544306 527287 522288 515076 520363 539674 552056 556695 563150 565277 566305 570676 565707 569708 572385 570812 577406 594313 592874 580681 541691 531129 530493 535393 520748 1.75118e+007 1.04238e+007 1.05073e+007 1.10754e+007 1.19981e+007 1.2999e+007 1.39132e+007 1.46748e+007 1.52745e+007 1.57298e+007 1.6067e+007 1.6313e+007 1.64908e+007 1.66188e+007 1.67109e+007 1.67773e+007 1.68254e+007 1.68603e+007 1.6886e+007 1.69048e+007 1.69188e+007 1.69293e+007 1.69371e+007 1.6943e+007 1.69474e+007 1.69508e+007 1.69534e+007 1.69553e+007 1.69569e+007 1.6958e+007 1.69589e+007 1.69596e+007 1.69601e+007 1.69605e+007 1.69608e+007 1.6961e+007 1.69612e+007 1.69614e+007 1.69615e+007 1.69616e+007 1.69616e+007 1.69617e+007 1.69617e+007 1.69618e+007 1.69618e+007 1.69618e+007 1.69618e+007 1.69618e+007 1.69618e+007 1.69618e+007 1.69619e+007 1.69619e+007 1.69619e+007 1.69619e+007 1.69619e+007 1.69619e+007 1.69619e+007 1.69619e+007 1.69619e+007 1.69619e+007 1.69619e+007 1.69619e+007 1.69619e+007 1.69619e+007 1.69619e+007 1.69619e+007 1.69619e+007 1.69619e+007 1.69619e+007 1.69619e+007 1.69619e+007 1.69619e+007 1.69619e+007 1.69619e+007 1.69619e+007 1.69619e+007 1.69619e+007 1.69619e+007 1.69619e+007 1.69619e+007 1.69619e+007 1.69619e+007 1.69619e+007 1.69619e+007 1.69619e+007 1.69619e+007 1.69619e+007 1.69619e+007 1.69619e+007 1.69619e+007 1.69619e+007 1.69619e+007 1.69619e+007 1.69619e+007 1.69619e+007 1.69619e+007 1.69619e+007 1.69619e+007 1.69619e+007 1.69619e+007 0 0 0 0 0 0 0 0 0 0 0 0 0 0 0 0 0 0 0 0 0 0 0 0 0
#obs cpue bio
 3.38871e+006 2.83229e+006 2.57863e+006 3.62573e+006 2.57774e+006 3.60995e+006 2.37285e+006 1.83639e+006 2.223e+006 2.15758e+006 1.37586e+006 1.28099e+006 1.01491e+006 1.21784e+006 791294 918114 672590 729748 600525 635562 771363 796001 469566 603592 529687 534146 365635 780769 530592 429648 535388 398933 436281 419512 510575 520442 391869 441751 399716 735414 906987 500336 544827 547336 442304 606973 511494 470500 588710 432617 511158 672559 675750 558379 458013 453195 470595 737950 629324
#pred surv len freq
 0.00497151 0.008089 0.0122066 0.0173151 0.023297 0.0298421 0.0364192 0.0424051 0.0473181 0.0509775 0.0534845 0.0550867 0.0560496 0.0565817 0.0567989 0.0567118 0.0562391 0.0552399 0.0535426 0.0509552 0.047274 0.0423389 0.0361577 0.0290457 0.0216526
 0.00524189 0.00841423 0.0124904 0.017412 0.02307 0.0292429 0.0355406 0.0414585 0.046538 0.0505068 0.0533121 0.0550713 0.0560061 0.0563803 0.056428 0.0562836 0.0559406 0.0552496 0.0539481 0.0517093 0.0482132 0.0432552 0.0368855 0.0295147 0.0218872
 0.00553566 0.0088924 0.0132021 0.0183797 0.0242575 0.0305245 0.0366985 0.0422388 0.0467553 0.0501401 0.0525164 0.0540877 0.0550319 0.0554896 0.0555908 0.0554508 0.055124 0.0545392 0.0534623 0.0515183 0.0482904 0.043489 0.0371389 0.0296902 0.0219559
 0.00575347 0.00925755 0.0137731 0.01922 0.0254226 0.0320368 0.0385133 0.0442165 0.048661 0.0516865 0.053447 0.0542679 0.0544953 0.0544069 0.0541795 0.0538911 0.0535326 0.0529984 0.0520546 0.0503251 0.0473608 0.0428143 0.0366615 0.0293402 0.0216841
 0.00597483 0.00961169 0.0142971 0.0199491 0.0263894 0.0332677 0.0400182 0.0459729 0.0505968 0.0536652 0.0552654 0.0556821 0.05528 0.0544281 0.0534419 0.0525287 0.0517517 0.0510129 0.050048 0.048442 0.0457049 0.0414435 0.0355865 0.0285352 0.0211062
 0.00624219 0.0100318 0.0149027 0.020762 0.0274196 0.0345107 0.0414524 0.0475592 0.0522826 0.0553876 0.0569457 0.0572098 0.0565029 0.0551673 0.0535374 0.0518992 0.0504322 0.0491502 0.0478578 0.0461548 0.0435229 0.0395162 0.0340008 0.0273175 0.0202345
 0.0065142 0.0104695 0.0155526 0.0216631 0.0285949 0.0359551 0.0431209 0.0493668 0.0541207 0.0571505 0.0585493 0.0585924 0.0576072 0.0559176 0.0538305 0.0516221 0.0495061 0.0475786 0.0457506 0.0437131 0.0409935 0.0371352 0.0319483 0.0256929 0.0190544
 0.00684811 0.011003 0.0163382 0.0227438 0.0299965 0.0376747 0.0451126 0.0515349 0.0563298 0.0592491 0.0603978 0.060083 0.0586713 0.0565174 0.0539385 0.0512022 0.0485137 0.0459866 0.0435923 0.0411141 0.038169 0.0343484 0.0294466 0.0236498 0.0175386
 0.00713393 0.0114628 0.0170215 0.0236942 0.0312449 0.0392279 0.04694 0.0535623 0.0584461 0.061323 0.0622962 0.0616849 0.0598776 0.0572564 0.0541655 0.0508911 0.0476465 0.0445548 0.0416172 0.0386795 0.0354425 0.0315686 0.0268718 0.0214894 0.0159016
 0.00741893 0.0119212 0.0177025 0.0246408 0.0324866 0.040769 0.0487472 0.0555587 0.0605202 0.0633475 0.0641466 0.0632506 0.0610669 0.0579981 0.0544087 0.0506037 0.0468121 0.0431731 0.0397144 0.0363297 0.0327897 0.0288262 0.0242871 0.0192809 0.0141996
 0.00775852 0.0124543 0.0184697 0.0256683 0.0337835 0.0423234 0.0505182 0.0574732 0.0624771 0.0652327 0.0658479 0.0646698 0.0621242 0.0586334 0.0545799 0.0502831 0.0459843 0.0418371 0.037894 0.0340915 0.0302614 0.0261996 0.0217907 0.0171251 0.0125191
 0.00805586 0.0129359 0.0191904 0.0266755 0.0351056 0.0439526 0.0523957 0.0594881 0.064487 0.0670953 0.0674477 0.0659266 0.0629886 0.0590768 0.0545859 0.0498426 0.0450933 0.0404997 0.0361324 0.0319638 0.027879 0.0237315 0.0194415 0.0150876 0.010921
 0.00828683 0.0133121 0.0197583 0.0274797 0.0361815 0.0453135 0.0540173 0.0612993 0.0663745 0.0689211 0.0690725 0.0672317 0.0638914 0.059535 0.0545913 0.0494071 0.0442366 0.0392442 0.0345095 0.0300292 0.0257301 0.0215137 0.0173317 0.0132541 0.0094778
 0.00849988 0.013647 0.0202416 0.0281308 0.0370118 0.0463253 0.0551989 0.0626197 0.0677811 0.0703412 0.0704183 0.0684079 0.0648058 0.0601116 0.0547803 0.0491888 0.0436165 0.0382459 0.0331715 0.0284104 0.0239205 0.0196398 0.0155438 0.0116954 0.00824629
 0.00874304 0.0140386 0.0208231 0.0289355 0.0380555 0.0475932 0.0566355 0.0641302 0.0692511 0.0716646 0.0715174 0.0692364 0.0653388 0.0603339 0.0546804 0.0487602 0.0428622 0.0371828 0.0318336 0.0268536 0.0222278 0.017922 0.0139285 0.0103009 0.00715117
 0.00890207 0.0143074 0.0212466 0.0295611 0.0389227 0.0487158 0.057984 0.0656248 0.0707725 0.0730782 0.0727005 0.0700997 0.0658365 0.0604606 0.054459 0.0482252 0.0420485 0.0361231 0.0305642 0.0254237 0.0207081 0.0164057 0.0125207 0.0090971 0.00621219
 0.00899833 0.0144628 0.0214795 0.0298914 0.0393713 0.0493033 0.0587242 0.0665159 0.0717873 0.0741581 0.0737588 0.0710347 0.0665517 0.0608856 0.0545605 0.048006 0.0415369 0.0353603 0.0295973 0.0243067 0.0195071 0.0152009 0.0113997 0.00813784 0.00546397
 0.00910789 0.0146147 0.0216603 0.0300745 0.0395283 0.0494197 0.058813 0.0666179 0.0719584 0.074449 0.0741942 0.0715993 0.067189 0.0615086 0.0550733 0.0483272 0.0416164 0.0351842 0.029184 0.0236993 0.0187676 0.0144047 0.0106264 0.00745809 0.00492439
 0.00909817 0.0146055 0.0216576 0.030085 0.0395542 0.0494531 0.0588353 0.0666086 0.0719119 0.0743887 0.0741723 0.0716786 0.0674134 0.0618794 0.0555419 0.048809 0.0420166 0.0354251 0.0292228 0.0235343 0.0184336 0.0139623 0.0101478 0.00701017 0.00455485
 0.00919982 0.0147522 0.0218446 0.0302967 0.0397697 0.049654 0.0590093 0.0667485 0.0720094 0.0744334 0.0741574 0.0716125 0.0673256 0.0618129 0.0555338 0.0488687 0.0421174 0.0355135 0.0292408 0.0234426 0.0182257 0.0136646 0.00980821 0.00668126 0.00427741
 0.00908616 0.0145797 0.0216074 0.0299979 0.0394193 0.049268 0.0586101 0.066366 0.0716816 0.0742005 0.0740527 0.0716528 0.0675076 0.0621172 0.0559333 0.049333 0.0426114 0.0359933 0.0296566 0.0237494 0.0183982 0.0137067 0.00975034 0.00656824 0.00415245
 0.00918661 0.0147276 0.0218013 0.0302256 0.0396606 0.0494989 0.0588061 0.0665042 0.0717424 0.0741717 0.0739351 0.0714634 0.0672776 0.0618854 0.0557353 0.0491935 0.0425389 0.0359791 0.0296768 0.0237719 0.0183935 0.013659 0.00966267 0.00645875 0.00404411
 0.00918773 0.0147291 0.0218027 0.0302255 0.0396568 0.0494878 0.0587834 0.0664666 0.0716891 0.0741059 0.0738632 0.0713932 0.067217 0.061842 0.0557172 0.0492085 0.0425914 0.0360663 0.0297859 0.0238821 0.018482 0.0137093 0.00967098 0.00643395 0.0040024
 0.0091474 0.0146794 0.0217568 0.0302048 0.0396837 0.0495751 0.0589264 0.0666418 0.071862 0.0742426 0.0739403 0.0714026 0.0671648 0.0617448 0.0555969 0.0490876 0.042489 0.0359947 0.0297481 0.0238712 0.0184843 0.0137102 0.00966097 0.00641162 0.00397296
 0.00918605 0.0147295 0.0218097 0.030247 0.0397038 0.0495729 0.0589174 0.0666518 0.0719136 0.0743404 0.0740658 0.0715214 0.0672429 0.0617615 0.0555513 0.048995 0.0423733 0.0358796 0.0296508 0.0237992 0.0184358 0.0136775 0.00963545 0.006388 0.00395022
 0.00922422 0.014779 0.0218606 0.0302813 0.0396995 0.049511 0.0587902 0.0664689 0.0717029 0.0741431 0.0739251 0.071467 0.0672795 0.0618679 0.0556911 0.0491329 0.0424869 0.0359629 0.0297091 0.0238416 0.0184688 0.0137032 0.00965341 0.00639754 0.0039524
 0.00935982 0.0149835 0.022138 0.0306221 0.0400805 0.0498968 0.0591354 0.0667244 0.0718268 0.0741146 0.073754 0.0711924 0.0669566 0.0615494 0.055412 0.0489049 0.0423043 0.0358131 0.0295824 0.0237343 0.0183812 0.0136357 0.00960446 0.00636366 0.00392969
 0.00936941 0.0149984 0.0221589 0.0306494 0.0401138 0.0499348 0.0591755 0.0667613 0.0718526 0.0741197 0.07373 0.0711367 0.0668758 0.0614596 0.0553334 0.0488541 0.0422873 0.0358247 0.0296104 0.0237663 0.018409 0.0136563 0.00961789 0.00637138 0.00393333
 0.00936225 0.0149985 0.0221803 0.0307114 0.0402343 0.0501212 0.0594168 0.0670283 0.0721055 0.0743199 0.0738494 0.0711621 0.0668088 0.0613151 0.0551364 0.0486349 0.0420751 0.0356405 0.0294641 0.0236573 0.0183312 0.013602 0.00958069 0.00634656 0.00391744
 0.00932375 0.0149403 0.0221018 0.0306172 0.040136 0.0500376 0.0593724 0.0670471 0.0722012 0.0744869 0.0740608 0.0713773 0.066987 0.0614281 0.0551746 0.0486065 0.0420004 0.0355441 0.0293677 0.0235752 0.0182687 0.0135584 0.00955198 0.00632847 0.00390644
 0.00934342 0.0149648 0.0221249 0.0306289 0.0401255 0.049999 0.0593093 0.0669739 0.0721402 0.0744616 0.0740872 0.0714569 0.0671046 0.0615557 0.0552816 0.0486703 0.0420132 0.0355131 0.0293092 0.0235075 0.0182062 0.0135085 0.00951651 0.00630544 0.0038926
 0.00934378 0.0149669 0.0221307 0.0306397 0.0401409 0.0500145 0.0593161 0.0669616 0.0721028 0.074403 0.0740228 0.0714084 0.0670912 0.0615846 0.0553446 0.0487476 0.0420819 0.0355566 0.0293227 0.0234963 0.0181812 0.0134804 0.0094923 0.00628788 0.00388143
 0.0092142 0.014785 0.0219102 0.0304114 0.039944 0.0498826 0.0592649 0.0669863 0.0721825 0.0745105 0.0741342 0.0715096 0.0671802 0.0616686 0.055433 0.0488447 0.0421832 0.0356511 0.0293988 0.0235479 0.0182093 0.0134912 0.00949326 0.00628505 0.00387823
 0.00886141 0.0142587 0.0212076 0.0295652 0.0390186 0.0489636 0.0584481 0.0663645 0.0718284 0.0744574 0.0743662 0.0719689 0.0677878 0.0623478 0.0561241 0.049508 0.0427942 0.036194 0.0298624 0.0239253 0.0185 0.013702 0.0096367 0.00637644 0.00393259
 0.00887949 0.0142503 0.0211267 0.0293508 0.0386161 0.0483565 0.0576823 0.0655464 0.0710937 0.0739268 0.0741102 0.0719968 0.068058 0.0627894 0.0566595 0.0500702 0.0433349 0.0366835 0.0302849 0.0242739 0.0187736 0.0139046 0.0097773 0.00646719 0.00398684
 0.00968341 0.0153893 0.0225278 0.0308343 0.0399386 0.049286 0.0580651 0.0653391 0.07036 0.0728136 0.0728126 0.0707143 0.0669499 0.061945 0.0560942 0.0497445 0.0431841 0.0366429 0.0303031 0.0243165 0.0188201 0.0139446 0.00980676 0.00648628 0.00399776
 0.0103109 0.0163812 0.023959 0.0327314 0.0422463 0.0518317 0.0605455 0.0673632 0.0715583 0.0729685 0.071937 0.0690346 0.0648112 0.0596969 0.0540063 0.0479724 0.041778 0.0355797 0.0295245 0.0237573 0.0184245 0.0136698 0.00962122 0.00636618 0.00392427
 0.010245 0.0163755 0.0241373 0.0332697 0.0433249 0.0535561 0.062872 0.0700688 0.074274 0.0752644 0.0734306 0.0694914 0.0642061 0.0582114 0.0519603 0.0457205 0.039616 0.0336954 0.0279964 0.0225843 0.0175629 0.0130617 0.00920987 0.00610145 0.00376386
 0.00982707 0.0157563 0.0233243 0.0323278 0.0423821 0.0527986 0.0625217 0.0703348 0.0752753 0.0769535 0.0755651 0.0716846 0.0660449 0.0593866 0.0523528 0.0454102 0.0388208 0.0326771 0.0269775 0.021705 0.01688 0.0125728 0.00888278 0.00589572 0.00364232
 0.00948552 0.0152037 0.0225016 0.0311922 0.0409302 0.0510963 0.0607307 0.0687104 0.074121 0.0765396 0.0760403 0.073015 0.0680055 0.0616166 0.0544606 0.0470896 0.0399278 0.0332376 0.0271322 0.0216297 0.0167207 0.0124181 0.00876828 0.00582404 0.00360267
 0.00939674 0.015046 0.0222382 0.0307778 0.0403175 0.0502509 0.0596518 0.0674505 0.0727985 0.0753357 0.0751723 0.0726841 0.0683293 0.0625741 0.0558806 0.0486974 0.0414352 0.0344339 0.0279346 0.0220741 0.0169104 0.0124656 0.00875765 0.00580146 0.00358551
 0.00950073 0.0151902 0.0224078 0.0309393 0.0404221 0.0502431 0.0594786 0.0670714 0.0721981 0.074539 0.0742587 0.0717889 0.067622 0.0622126 0.0559544 0.049186 0.0422088 0.0353005 0.0287128 0.0226525 0.0172659 0.0126408 0.00881977 0.00580959 0.00357643
 0.00964169 0.0153998 0.0226857 0.0312695 0.0407734 0.0505718 0.0597318 0.0671924 0.0721352 0.0742591 0.0737612 0.0711155 0.0668593 0.0614824 0.0553883 0.0488868 0.0422125 0.0355602 0.0291182 0.0230764 0.0176131 0.0128716 0.00894371 0.00586072 0.00358963
 0.00966077 0.0154513 0.0227998 0.0314835 0.0411181 0.0510516 0.0603089 0.067787 0.0726441 0.0745843 0.0738349 0.0709138 0.0664057 0.0608449 0.0546699 0.0482068 0.0416768 0.0352308 0.0289954 0.0231065 0.0177175 0.012982 0.00902243 0.00590099 0.00360228
 0.00959609 0.0153613 0.022694 0.0313841 0.0410587 0.051072 0.060446 0.0680617 0.0730471 0.0750671 0.0743138 0.0712905 0.0665976 0.0608118 0.0544263 0.0478166 0.0412335 0.0348286 0.0287006 0.0229408 0.0176606 0.0129904 0.00905393 0.00592894 0.00361784
 0.00950263 0.0152163 0.0224897 0.0311204 0.040747 0.050738 0.0601321 0.0678239 0.0729433 0.0751383 0.0745664 0.0716872 0.0670632 0.0612536 0.0547628 0.0480033 0.0412745 0.0347687 0.0286027 0.0228589 0.0176223 0.0129948 0.00908297 0.00596276 0.00364421
 0.00953298 0.0152584 0.0225393 0.0311685 0.0407811 0.0507459 0.060106 0.0677643 0.0728617 0.0750576 0.0745164 0.0716952 0.0671407 0.0613871 0.0549149 0.048126 0.0413293 0.0347435 0.0285151 0.0227449 0.0175178 0.012921 0.00904298 0.00594752 0.00364179
 0.00950817 0.0152171 0.0224753 0.0310756 0.0406546 0.050585 0.0599161 0.0675582 0.0726583 0.0748799 0.0743886 0.0716397 0.0671738 0.061513 0.0551203 0.0483789 0.0415866 0.0349646 0.0286757 0.0228431 0.0175688 0.0129461 0.00905827 0.00596063 0.00365371
 0.00952226 0.0152349 0.0224927 0.0310849 0.0406463 0.05055 0.0598486 0.0674571 0.0725284 0.0747315 0.0742374 0.071505 0.0670765 0.0614712 0.0551444 0.0484669 0.0417223 0.035121 0.0288237 0.0229617 0.0176505 0.0129956 0.00908626 0.00597681 0.003664
 0.00955013 0.0152815 0.0225646 0.0311876 0.0407808 0.0507093 0.0600148 0.0676033 0.0726253 0.0747569 0.0741833 0.0713799 0.0669023 0.0612778 0.0549625 0.0483216 0.0416272 0.0350758 0.0288162 0.0229739 0.0176667 0.013007 0.00909105 0.00597739 0.00366323
 0.00942983 0.0151054 0.0223359 0.0309233 0.0405081 0.0504593 0.0598162 0.0674775 0.0725826 0.0747939 0.0742832 0.0715175 0.0670526 0.0614233 0.0550967 0.0484475 0.0417516 0.0352038 0.028947 0.0231005 0.0177793 0.0130977 0.00915701 0.00602079 0.00368928
 0.00927186 0.0148517 0.0219618 0.0304123 0.0398609 0.0497042 0.059017 0.066728 0.0719858 0.0744324 0.0741961 0.0716946 0.0674444 0.0619594 0.0557053 0.0490683 0.042343 0.0357414 0.0294185 0.0235004 0.0181049 0.0133493 0.00933943 0.00614354 0.00376537
 0.00941727 0.0150559 0.0222084 0.0306632 0.0400635 0.0498053 0.0589775 0.0665334 0.071652 0.074005 0.0737428 0.0712887 0.0671444 0.0617946 0.0556725 0.0491405 0.042483 0.0359142 0.0295979 0.023669 0.0182526 0.0134705 0.00943189 0.00620861 0.00380721
 0.00960065 0.0153493 0.0226386 0.0312452 0.0407894 0.0506314 0.059816 0.0672623 0.0721447 0.0741715 0.0735591 0.0708019 0.0664534 0.0610177 0.054916 0.0484781 0.0419497 0.0355126 0.0293112 0.0234733 0.0181247 0.0133909 0.00938522 0.00618301 0.00379415
 0.009756 0.0156291 0.0231086 0.0319789 0.0418452 0.0520177 0.0614602 0.0690038 0.073763 0.0754379 0.074292 0.0709067 0.0659398 0.0599915 0.053548 0.0469603 0.0404531 0.0341602 0.0281703 0.0225646 0.0174373 0.0128965 0.00904822 0.00596676 0.00366453
 0.00948906 0.0152382 0.0226036 0.0314064 0.0412871 0.0515827 0.0612673 0.0691564 0.0743133 0.0763525 0.0754425 0.0720963 0.06696 0.0606832 0.0538418 0.046882 0.0400991 0.0336566 0.0276337 0.0220781 0.0170435 0.0126055 0.00884958 0.00584088 0.0035905
 0.00932386 0.0149556 0.0221554 0.0307471 0.0403952 0.050489 0.0600776 0.0680473 0.073493 0.0760001 0.0756499 0.0728378 0.0680978 0.0620066 0.0551262 0.0479498 0.0408578 0.0341042 0.0278334 0.0221191 0.0170075 0.0125483 0.00879962 0.00580691 0.00357098
 0.00900842 0.0144857 0.0215263 0.0299781 0.0395183 0.0495346 0.0590709 0.0670217 0.0725131 0.0751747 0.07512 0.0727365 0.0684971 0.0628791 0.0563426 0.0493153 0.0421721 0.0352172 0.0286745 0.0226928 0.0173658 0.0127577 0.00891746 0.00587259 0.00360768
 0.00854674 0.0138131 0.0206594 0.0289844 0.0384988 0.0485935 0.0582873 0.0664364 0.0721277 0.0749633 0.0750506 0.0727971 0.0687107 0.0632914 0.0569863 0.0501724 0.0431619 0.0362186 0.0295697 0.0234054 0.0178751 0.0130879 0.00911431 0.00598225 0.0036657
#obs surv len freq
 nan nan nan nan nan nan nan nan nan nan nan nan nan nan nan nan nan nan nan nan nan nan nan nan nan
 0.0044838 0.00734477 0.0111744 0.0159906 0.0216913 0.027967 0.0342813 0.0400128 0.0446926 0.0481566 0.0505146 0.0520106 0.052903 0.0534155 0.0537298 0.0539848 0.0542634 0.0545561 0.0546949 0.0542868 0.0527249 0.049357 0.0438067 0.0362866 0.0276701
 0.00461392 0.00755806 0.0114983 0.0164508 0.0223054 0.0287347 0.0351752 0.0409753 0.0456442 0.0490115 0.0511967 0.0524651 0.0531017 0.0533572 0.0534361 0.0534922 0.053615 0.0537942 0.0538582 0.053412 0.0518505 0.0485257 0.0430629 0.0356679 0.0271972
 0.00477717 0.00782504 0.0119031 0.0170261 0.0230764 0.0297088 0.0363306 0.0422562 0.0469657 0.0502731 0.0522976 0.0533162 0.0536354 0.0535341 0.0532484 0.0529617 0.0527865 0.0527267 0.0526174 0.0520679 0.0504778 0.0472046 0.0418727 0.0346743 0.0264365
 0.00496841 0.00813844 0.0123795 0.017705 0.0239887 0.0308645 0.0377065 0.0437908 0.048567 0.0518341 0.0537113 0.0544846 0.0544743 0.0539778 0.0532553 0.0525196 0.051915 0.0514754 0.0510621 0.0503057 0.048624 0.0453865 0.0402163 0.0332823 0.0253667
 0.00517918 0.00848271 0.0129008 0.0184454 0.0249813 0.0321213 0.0392057 0.045471 0.0503348 0.0535802 0.0553257 0.0558664 0.0555347 0.0546416 0.0534633 0.0522326 0.0511202 0.0501937 0.0493541 0.0482744 0.0464122 0.043165 0.0381599 0.0315368 0.024017
 0.0054048 0.00885326 0.0134654 0.0192523 0.0260683 0.0335015 0.0408521 0.0473122 0.052265 0.0554799 0.0570804 0.0573757 0.0567141 0.05542 0.0537805 0.0520404 0.0503867 0.0489141 0.0475643 0.0460651 0.0439342 0.0406184 0.0357624 0.0294773 0.0224116
 0.00564453 0.00924496 0.0140588 0.0200955 0.0271992 0.034934 0.0425612 0.0492278 0.0542805 0.0574717 0.0589271 0.0589702 0.0579684 0.0562639 0.0541582 0.051906 0.0497041 0.0476648 0.0457644 0.0437867 0.041321 0.0378807 0.0331443 0.0272009 0.020621
 0.00588367 0.00963715 0.0146554 0.0209466 0.0283442 0.0363864 0.0442933 0.0511654 0.0563139 0.0594765 0.0607839 0.0605754 0.0592366 0.0571268 0.0545613 0.051805 0.0490632 0.046461 0.0440029 0.0415243 0.0386879 0.0350833 0.030435 0.0248196 0.0187315
 0.0061282 0.0100375 0.0152631 0.0218115 0.0295052 0.0378562 0.0460429 0.0531184 0.0583569 0.0614807 0.0626265 0.0621521 0.0604652 0.0579458 0.054925 0.0516776 0.0484151 0.0452715 0.0422734 0.0393018 0.0360896 0.032304 0.0277226 0.0224174 0.016812
 0.00637034 0.010435 0.0158686 0.0226762 0.0306687 0.0393307 0.0477968 0.0550709 0.0603898 0.0634615 0.0644304 0.063675 0.0616277 0.0586919 0.0552173 0.0514909 0.0477307 0.0440774 0.0405743 0.0371409 0.0335727 0.0296108 0.0250869 0.0200737 0.014931
 0.00660645 0.0108233 0.0164612 0.0235243 0.0318122 0.0407823 0.0495252 0.0569951 0.0623901 0.0654029 0.0661851 0.0651367 0.0627175 0.0593572 0.055428 0.0512324 0.046997 0.0428686 0.0389039 0.0350535 0.0311669 0.0270508 0.0225865 0.0178497 0.0131431
 0.00681675 0.0111709 0.0169949 0.0242933 0.0328563 0.0421163 0.0511232 0.0587843 0.0642607 0.0672284 0.0678433 0.0665228 0.0637507 0.0599827 0.0556145 0.0509674 0.0462807 0.0417102 0.0373257 0.0331044 0.0289405 0.024696 0.0202947 0.0158144 0.011507
 0.00704094 0.0115341 0.0175392 0.0250571 0.0338675 0.0433811 0.0526138 0.0604339 0.065971 0.068887 0.0693407 0.0677645 0.0646632 0.0605151 0.0557378 0.0506709 0.0455674 0.0405944 0.0358355 0.0312917 0.0268951 0.022553 0.0182233 0.0139831 0.0100388
 0.00731384 0.011977 0.0182036 0.0259879 0.0350916 0.0448905 0.0543507 0.0622893 0.0678042 0.0705565 0.0707312 0.0687989 0.0652999 0.06074 0.0555555 0.0500973 0.0446249 0.0393108 0.0342473 0.0294541 0.0248936 0.0205093 0.0162844 0.0122918 0.00869581
 0.00742904 0.0121831 0.0185486 0.0265283 0.0358798 0.0459546 0.0556745 0.0638049 0.069402 0.0721077 0.0721114 0.0699054 0.0660612 0.0611187 0.0555436 0.0497083 0.043885 0.0382534 0.0329139 0.027901 0.0232008 0.0187844 0.0146533 0.0108739 0.0075732
 0.00751789 0.0123192 0.0187399 0.0267816 0.0362062 0.046375 0.0562187 0.064502 0.070263 0.0731087 0.0731873 0.0709587 0.0669833 0.0618122 0.0559391 0.0497697 0.0436068 0.0376538 0.0320298 0.0267876 0.0219345 0.017463 0.0133867 0.00976435 0.00669088
 0.00757084 0.0124022 0.0188587 0.0269389 0.0364011 0.046603 0.0564744 0.064784 0.0705805 0.0734828 0.0736425 0.0715048 0.0675977 0.0624347 0.0564836 0.0501474 0.0437476 0.0375201 0.0316204 0.0261351 0.0211019 0.016537 0.0124656 0.0089394 0.00602593
 0.00767483 0.0125595 0.0190734 0.0272066 0.0367099 0.0469358 0.0568102 0.0651005 0.0708579 0.0737109 0.0738266 0.0716659 0.0677631 0.0626228 0.0566881 0.0503314 0.0438525 0.0374848 0.0314026 0.0257262 0.0205314 0.0158671 0.0117766 0.0083095 0.00551185
 0.00771286 0.0126225 0.0191699 0.0273441 0.0368917 0.0471569 0.0570555 0.0653456 0.0710771 0.0738855 0.0739513 0.0717494 0.0678244 0.0626835 0.0567636 0.0504211 0.0439346 0.0375191 0.0313433 0.0255412 0.0202173 0.0154541 0.0113201 0.00787191 0.00514338
 0.00777883 0.0127207 0.0193011 0.0275037 0.0370719 0.0473499 0.0572544 0.0655438 0.0712649 0.07405 0.0740779 0.0718272 0.0678517 0.0626695 0.0567255 0.0503758 0.0438895 0.0374656 0.0312592 0.0254 0.0200036 0.0151746 0.0110041 0.00756104 0.00487557
 0.00782585 0.0127946 0.0194071 0.0276437 0.0372431 0.047543 0.0574535 0.0657289 0.071418 0.0741604 0.0741446 0.0718557 0.0678487 0.0626405 0.0566752 0.0503105 0.0438152 0.0373845 0.0311657 0.0252822 0.0198502 0.0149841 0.0107897 0.00734719 0.00468778
 0.0078636 0.0128526 0.0194882 0.0277483 0.0373692 0.0476863 0.0576071 0.0658829 0.0715596 0.0742766 0.0742249 0.0718953 0.0678492 0.0626084 0.0566191 0.0502382 0.0437327 0.0372951 0.031069 0.0251743 0.0197262 0.0148428 0.0106374 0.00719728 0.00455591
 0.00787371 0.012867 0.0195061 0.0277679 0.0373884 0.047704 0.0576241 0.0659019 0.0715846 0.074311 0.0742696 0.0719479 0.0679041 0.0626585 0.0566583 0.0502628 0.0437414 0.0372879 0.0310457 0.0251338 0.0196674 0.0147665 0.0105488 0.00710592 0.00447267
 0.00787767 0.0128697 0.0195033 0.0277537 0.0373567 0.0476516 0.0575534 0.0658212 0.0715069 0.0742502 0.0742382 0.0719528 0.0679459 0.062731 0.0567501 0.0503606 0.0438328 0.0373635 0.0310997 0.0251633 0.0196717 0.0147478 0.0105124 0.00705982 0.00442605
 0.00787905 0.0128678 0.0194928 0.0277269 0.0373055 0.0475703 0.057442 0.0656868 0.0713632 0.0741154 0.0741311 0.07189 0.0679372 0.0627781 0.0568456 0.0504898 0.0439776 0.037506 0.0312252 0.0252619 0.0197391 0.0147843 0.010523 0.00705224 0.00440916
 0.00790201 0.0129009 0.0195344 0.027772 0.037346 0.0475966 0.0574439 0.0656563 0.0712964 0.0740158 0.0740099 0.0717649 0.0678286 0.0627035 0.0568156 0.0505059 0.0440322 0.0375853 0.0313127 0.0253429 0.019803 0.0148265 0.010544 0.00705688 0.00440388
 0.00789323 0.0128878 0.0195168 0.0277502 0.0373205 0.0475671 0.0574091 0.0656142 0.0712452 0.0739548 0.0739414 0.0716943 0.0677645 0.0626566 0.0567961 0.0505206 0.0440819 0.0376638 0.0314081 0.0254409 0.0198904 0.0148947 0.01059 0.00708285 0.00441514
 0.00788576 0.012874 0.0194932 0.027713 0.0372669 0.0474975 0.0573283 0.0655307 0.0711686 0.0738923 0.0738957 0.0716642 0.0677479 0.0626523 0.0568057 0.0505476 0.0441294 0.0377319 0.0314925 0.0255325 0.0199784 0.0149695 0.0106462 0.00711981 0.00443605
 0.00784517 0.0128088 0.0193968 0.0275802 0.0370958 0.0472918 0.0570995 0.0652986 0.0709582 0.0737283 0.0737967 0.0716387 0.0677928 0.0627557 0.0569511 0.0507185 0.0443128 0.0379185 0.0316749 0.0257035 0.0201304 0.0150957 0.0107426 0.00718687 0.00447803
 0.00785639 0.0128171 0.0193909 0.0275437 0.0370119 0.0471497 0.0569013 0.0650602 0.070706 0.0734923 0.0736043 0.0715105 0.0677402 0.06278 0.0570438 0.0508641 0.0444923 0.0381138 0.0318706 0.0258878 0.020294 0.015232 0.0108483 0.00726207 0.00452673
 0.00783454 0.0127875 0.0193565 0.0275095 0.0369804 0.0471173 0.0568561 0.0649856 0.0705894 0.0733339 0.0734205 0.0713299 0.0675941 0.0626929 0.0570279 0.050918 0.0446042 0.0382654 0.0320419 0.0260603 0.0204533 0.0153679 0.0109553 0.00733964 0.00457802
 0.00778626 0.0127065 0.0192309 0.0273288 0.0367408 0.0468274 0.0565402 0.0646802 0.0703311 0.0731471 0.0733112 0.0712908 0.0676146 0.0627667 0.0571535 0.0510945 0.0448259 0.0385194 0.0323099 0.026322 0.0206904 0.0155674 0.0111109 0.00745148 0.00465173
 0.007774 0.0126816 0.0191839 0.0272474 0.0366122 0.0466426 0.0562996 0.0643967 0.0700308 0.0728642 0.073081 0.0711396 0.0675538 0.0627928 0.0572537 0.0512535 0.0450298 0.0387551 0.0325627 0.026575 0.020926 0.0157707 0.0112727 0.00756978 0.00473074
 0.00775141 0.0126476 0.0191376 0.0271885 0.0365398 0.0465539 0.0561887 0.0642573 0.06986 0.0726676 0.0728746 0.0709484 0.0674058 0.0627107 0.0572488 0.0513244 0.0451649 0.0389376 0.032774 0.0267963 0.0211393 0.0159602 0.0114275 0.00768549 0.00480948
 0.00930663 0.014821 0.0217532 0.0298649 0.038802 0.0480112 0.0566749 0.0638541 0.0688104 0.0712517 0.0713216 0.0694085 0.0659646 0.0614149 0.0561243 0.0503836 0.0444085 0.0383553 0.0323471 0.0265006 0.0209481 0.015847 0.0113676 0.00765833 0.0047999
 0.00930798 0.0151093 0.0226911 0.0318994 0.0422691 0.0528716 0.062348 0.069313 0.0729475 0.0733162 0.0711666 0.0674303 0.06283 0.0577764 0.0524613 0.0469791 0.0413994 0.0357921 0.0302343 0.0248175 0.0196581 0.014902 0.0107112 0.00722966 0.004539
 0.00897427 0.0145897 0.0219728 0.0310407 0.0414486 0.052419 0.0627008 0.070858 0.0757834 0.077081 0.0750862 0.0706102 0.0646261 0.0580168 0.0514115 0.0451297 0.0392386 0.0336759 0.0283641 0.0232771 0.0184594 0.0140181 0.0100957 0.00682755 0.00429442
 0.00879888 0.0142917 0.0215017 0.0303464 0.0405018 0.0512471 0.0614305 0.0697395 0.0751638 0.0773049 0.0763404 0.0727844 0.0672893 0.0605579 0.0532842 0.0460574 0.0392666 0.0330698 0.0274506 0.0223222 0.0176231 0.0133658 0.00963091 0.00652214 0.00410917
 0.00872418 0.0141656 0.021302 0.0300465 0.0400727 0.0506643 0.0606862 0.0688621 0.0742392 0.0764907 0.0758531 0.0728425 0.0680157 0.0618892 0.0549517 0.0476761 0.0404917 0.0337278 0.0275715 0.0220737 0.0172067 0.0129393 0.00928072 0.00627399 0.00395278
 0.00869442 0.0141157 0.0212238 0.0299299 0.0399061 0.0504348 0.0603818 0.0684739 0.0737675 0.0759558 0.0753101 0.0723912 0.0677895 0.062012 0.0554733 0.0485227 0.0414732 0.0346119 0.028182 0.0223533 0.0172124 0.0127859 0.009079 0.00609515 0.00382469
 0.00868009 0.014089 0.0211772 0.0298543 0.0397926 0.0502778 0.060181 0.0682343 0.0734962 0.0756599 0.0749983 0.0720823 0.0675231 0.061852 0.0554927 0.0487693 0.0419326 0.0351955 0.0287565 0.0227987 0.0174701 0.0128701 0.00904962 0.00601883 0.00374814
 0.00867962 0.0140884 0.0211764 0.0298523 0.0397866 0.0502622 0.0601473 0.0681726 0.0733983 0.0755218 0.0748226 0.0718778 0.0673066 0.0616506 0.0553457 0.0487216 0.0420169 0.0354106 0.0290578 0.0231117 0.0177235 0.0130255 0.0091103 0.00601577 0.00371744
 0.00870129 0.0141227 0.0212259 0.0299185 0.0398687 0.0503562 0.0602444 0.0682594 0.0734579 0.0755374 0.0747816 0.0717752 0.0671477 0.061452 0.0551346 0.0485335 0.0418884 0.0353674 0.0291023 0.0232189 0.0178507 0.013132 0.00917402 0.00603743 0.00371193
 0.00865727 0.0140613 0.0211523 0.029844 0.0398079 0.0503218 0.0602433 0.0682906 0.073514 0.0756064 0.0748487 0.0718255 0.0671684 0.0614363 0.0550849 0.0484629 0.0418187 0.0353229 0.0291002 0.023261 0.0179225 0.0132097 0.00923672 0.00607538 0.00372731
 0.00864288 0.0140318 0.0210976 0.0297529 0.0396737 0.0501491 0.0600525 0.0681148 0.0733883 0.0755544 0.0748743 0.0719135 0.067292 0.0615671 0.0552004 0.0485516 0.0418811 0.0353692 0.0291447 0.0233145 0.0179867 0.0132773 0.0092967 0.00611942 0.00375355
 0.00864324 0.0140314 0.0210945 0.0297437 0.0396524 0.0501078 0.0599831 0.0680136 0.0732608 0.0754181 0.0747553 0.0718375 0.0672739 0.0616048 0.0552778 0.0486461 0.0419734 0.035449 0.0292114 0.0233729 0.0180417 0.0133298 0.00934336 0.00615615 0.00377835
 0.0086283 0.0140099 0.0210673 0.0297131 0.0396215 0.0500783 0.0599545 0.0679821 0.0732212 0.075366 0.0746911 0.071769 0.0672151 0.0615716 0.0552803 0.0486842 0.0420374 0.0355248 0.0292868 0.0234413 0.0181011 0.0133804 0.00938521 0.00618851 0.00380094
 0.00862692 0.0140052 0.021056 0.0296912 0.0395857 0.0500288 0.0598958 0.0679226 0.0731692 0.0753264 0.0746634 0.0717487 0.0671986 0.0615589 0.0552765 0.048696 0.0420687 0.0355739 0.0293469 0.023504 0.0181597 0.0134307 0.00942565 0.00621886 0.00382194
 0.00862501 0.0140054 0.0210619 0.0297074 0.0396156 0.0500715 0.0599446 0.0679663 0.0731965 0.0753305 0.0746443 0.0717115 0.0671501 0.0615053 0.0552232 0.0486483 0.0420323 0.0355531 0.0293428 0.0235141 0.0181787 0.0134531 0.00944698 0.00623655 0.00383499
 0.00862501 0.0140054 0.0210619 0.0297074 0.0396156 0.0500715 0.0599446 0.0679663 0.0731965 0.0753305 0.0746443 0.0717115 0.0671501 0.0615053 0.0552232 0.0486483 0.0420323 0.0355531 0.0293428 0.0235141 0.0181787 0.0134531 0.00944698 0.00623655 0.00383499
 0.00856001 0.0139031 0.0209151 0.0295133 0.0393787 0.0498062 0.0596762 0.0677278 0.0730203 0.0752384 0.0746414 0.0717875 0.0672854 0.0616781 0.055414 0.048842 0.0422184 0.0357255 0.0294983 0.0236507 0.0182949 0.0135476 0.00951943 0.00628831 0.00386912
 0.0086397 0.0140226 0.0210757 0.0297083 0.0395934 0.0500196 0.0598637 0.0678646 0.0730875 0.0752285 0.0745609 0.0716538 0.0671206 0.0615026 0.0552431 0.0486859 0.0420829 0.0356137 0.029411 0.0235873 0.0182527 0.0135227 0.009507 0.00628368 0.00386849
 0.0088095 0.0142975 0.0214855 0.030275 0.0403209 0.0508802 0.0607882 0.0687473 0.0738085 0.0756874 0.0747038 0.071482 0.0666822 0.0608739 0.0545086 0.0479225 0.0413509 0.0349539 0.0288467 0.0231275 0.0178964 0.013261 0.00932601 0.00616664 0.00379824
 0.00901859 0.0146463 0.0220254 0.0310549 0.0413719 0.052192 0.0622887 0.0702992 0.0752326 0.0768037 0.0753717 0.0716288 0.0663113 0.0600581 0.053369 0.0466014 0.0399844 0.0336526 0.0276876 0.0221539 0.0171228 0.0126804 0.00891615 0.00589617 0.00363259
 0.00887132 0.0144347 0.0217608 0.030772 0.0411267 0.0520553 0.0623339 0.0705856 0.0757834 0.0775857 0.0762905 0.072545 0.0670773 0.0605578 0.0535461 0.0464668 0.0396034 0.0331198 0.0270999 0.0215908 0.0166368 0.0122962 0.00863621 0.00570792 0.00351605
 0.00876991 0.0142495 0.0214473 0.0302838 0.0404369 0.0511848 0.0613728 0.0696877 0.0751286 0.0773233 0.0764912 0.0731803 0.0680297 0.0616552 0.0546084 0.0473491 0.0402257 0.0334722 0.0272274 0.0215658 0.0165329 0.0121706 0.00852367 0.00562314 0.00346009
 0.00884061 0.0143457 0.0215555 0.0303746 0.0404665 0.0511026 0.0611345 0.0692742 0.0745652 0.0766915 0.0759176 0.0728007 0.0679406 0.0618766 0.0550768 0.0479432 0.0408107 0.0339429 0.0275328 0.0217094 0.0165549 0.0121234 0.00845244 0.00555657 0.00341052
 0.00891985 0.0144792 0.0217634 0.0306735 0.0408596 0.0515665 0.06161 0.0696709 0.0747852 0.0766634 0.0756279 0.0723059 0.0673534 0.0613295 0.0546766 0.0477361 0.0407743 0.0340074 0.0276179 0.0217577 0.0165457 0.0120675 0.00837511 0.00548167 0.00335195
#pred catch len freq
 0.0048885 0.00770519 0.0111793 0.0151997 0.0196922 0.0246052 0.0298345 0.0351826 0.040397 0.0452391 0.0495275 0.0531503 0.056064 0.0582767 0.0598103 0.0606619 0.060785 0.0600937 0.0584709 0.0557651 0.0517962 0.0464165 0.0396517 0.031857 0.02375
 0.00518018 0.00807599 0.0115507 0.015446 0.0196894 0.0242995 0.029287 0.0345522 0.0398624 0.0449047 0.0493725 0.0530483 0.0558575 0.0578637 0.0592037 0.0599957 0.0602666 0.0599185 0.0587351 0.0564191 0.0526644 0.047276 0.0403256 0.0322718 0.0239334
 0.00551195 0.00859453 0.0122851 0.0163906 0.0207844 0.0254161 0.0302356 0.0351315 0.039942 0.0444955 0.0486257 0.0521721 0.0550057 0.0570754 0.0584309 0.0591897 0.0594526 0.0592062 0.0582608 0.0562623 0.0527965 0.0475741 0.0406388 0.0324925 0.0240296
 0.00577702 0.0090181 0.0129105 0.017257 0.0219223 0.0268339 0.0318948 0.0369181 0.0416559 0.0458806 0.049444 0.0522937 0.0544589 0.0560196 0.0570702 0.0576913 0.0579245 0.0577287 0.0569206 0.0551467 0.0519563 0.0469948 0.0402522 0.032218 0.0238124
 0.00604599 0.00943497 0.0135021 0.0180411 0.0229129 0.0280467 0.033344 0.0386005 0.0435255 0.047822 0.0512621 0.053737 0.0552844 0.0560743 0.0563462 0.0563199 0.0561166 0.0557068 0.0548776 0.0532353 0.0502852 0.0456226 0.0391857 0.0314252 0.0232452
 0.00637494 0.009938 0.0142012 0.0189386 0.0239975 0.0293019 0.0347527 0.0401444 0.0451806 0.0495499 0.0529947 0.055358 0.0566213 0.0569203 0.0565147 0.0557114 0.054762 0.0537615 0.0525744 0.0508238 0.0479844 0.0435931 0.0375193 0.0301485 0.0223327
 0.00674435 0.0105097 0.0150082 0.0199937 0.025294 0.0308153 0.036439 0.0419396 0.0470069 0.0513278 0.0546527 0.0568312 0.0578373 0.0577812 0.0568925 0.055471 0.0538097 0.0520975 0.0503179 0.0481958 0.0452555 0.0410221 0.0353028 0.0283946 0.0210594
 0.00714365 0.0111278 0.0158819 0.0211399 0.0267118 0.0324883 0.0383314 0.0439886 0.049119 0.0533864 0.0565339 0.0584225 0.0590504 0.0585515 0.0571651 0.0551848 0.0529 0.0505248 0.0481139 0.045496 0.0422946 0.0380869 0.0326622 0.0262363 0.0194581
 0.0075219 0.0117141 0.0167121 0.0222317 0.028067 0.0340955 0.0401629 0.0459934 0.0512189 0.0554777 0.0584959 0.0601292 0.0603851 0.0594201 0.057501 0.0549433 0.0520495 0.0490484 0.0460307 0.0428966 0.0393631 0.035086 0.0298762 0.0238959 0.0176836
 0.00790018 0.0123004 0.017542 0.0233224 0.0294191 0.0356955 0.04198 0.047974 0.0532841 0.0575276 0.0604179 0.0618077 0.0617105 0.0602976 0.0578566 0.0547263 0.0512302 0.0476192 0.0440167 0.0403781 0.0364988 0.0321117 0.0270653 0.0214902 0.0158279
 0.00834135 0.0129737 0.0184748 0.0245144 0.0308494 0.037332 0.043783 0.0498911 0.055245 0.0594441 0.0621897 0.0633318 0.0628911 0.0610531 0.0581237 0.0544599 0.0504027 0.0462228 0.0420744 0.0379623 0.033751 0.0292448 0.0243333 0.0191269 0.0139838
 0.00873204 0.0135821 0.0193408 0.0256579 0.0322686 0.0390018 0.0456501 0.051872 0.0572337 0.0613276 0.0638632 0.0647068 0.063897 0.0616361 0.0582447 0.0540923 0.049531 0.0448452 0.0402128 0.0356803 0.0311724 0.0265582 0.0217667 0.0168956 0.0122309
 0.00903044 0.0140494 0.0200122 0.0265576 0.0334101 0.0403861 0.0472584 0.0536559 0.0591095 0.0631807 0.0655631 0.0661279 0.0649384 0.062233 0.0583674 0.053736 0.0487041 0.0435645 0.0385088 0.0336137 0.0288518 0.0241464 0.0194618 0.0148865 0.0106462
 0.00935983 0.0145505 0.0207036 0.0274373 0.0344618 0.041589 0.0485906 0.0550899 0.060604 0.0646749 0.0669756 0.0673623 0.0658959 0.0628281 0.0585417 0.0534634 0.0479874 0.0424274 0.0369928 0.0317842 0.0268096 0.0220333 0.0174469 0.0131306 0.00925932
 0.00970359 0.0150822 0.021453 0.0284133 0.0356519 0.0429592 0.0500838 0.0566276 0.062096 0.0660347 0.0681327 0.0682647 0.0665048 0.0631122 0.0584755 0.0530309 0.0471869 0.0412751 0.0355264 0.0300661 0.0249336 0.0201242 0.0156483 0.011576 0.00803737
