SBPRF35
12.7214
Curr Bio
713799
B35
870058
F35
0.167963
FOFL
0.139293
OFL
84282.6
Bzero
3.63469e+06
#pred survey bio
 3.6436e+06 3.5369e+06 3.43402e+06 3.28147e+06 3.07789e+06 2.86476e+06 2.60393e+06 2.36091e+06 2.08859e+06 1.90538e+06 1.70144e+06 1.49683e+06 1.31812e+06 1.15845e+06 1.00886e+06 910872 825857 762976 707652 682035 649496 623743 585463 577128 558442 546089 542109 531241 535481 544113 551129 565308 573567 583458 598021 605972 626032 631632 633405 650380 660638 668637 678100 680834 684826 683372 687751 683664 689462 685910 682073 718377 2.56591e+07 1.52691e+07 1.548e+07 1.64101e+07 1.7846e+07 1.94977e+07 2.11392e+07 2.26324e+07 2.39135e+07 2.49692e+07 2.58149e+07 2.6479e+07 2.69934e+07 2.73883e+07 2.76897e+07 2.79192e+07 2.80937e+07 2.82267e+07 2.83281e+07 2.84059e+07 2.84656e+07 2.85118e+07 2.85476e+07 2.85756e+07 2.85975e+07 2.86147e+07 2.86283e+07 2.86391e+07 2.86476e+07 2.86545e+07 2.86599e+07 2.86643e+07 2.86679e+07 2.86707e+07 2.8673e+07 2.86749e+07 2.86764e+07 2.86777e+07 2.86787e+07 2.86795e+07 2.86801e+07 2.86807e+07 2.86811e+07 2.86815e+07 2.86818e+07 2.8682e+07 2.86822e+07 2.86824e+07 2.86825e+07 2.86826e+07 2.86827e+07 2.86828e+07 2.86829e+07 2.86829e+07 2.86829e+07 2.8683e+07 2.8683e+07 2.8683e+07 2.8683e+07 2.86831e+07 2.86831e+07 2.86831e+07 2.86831e+07 2.86831e+07 2.86831e+07 2.86831e+07 2.86831e+07 2.86831e+07 2.86831e+07 2.86831e+07 2.86831e+07 2.86831e+07 2.86831e+07 2.86831e+07 2.86831e+07 2.86831e+07 2.86831e+07 2.86831e+07 2.86831e+07 2.86831e+07 2.86831e+07 2.86831e+07 2.86831e+07 2.86831e+07 2.86831e+07 2.86831e+07 2.86831e+07 2.86831e+07 2.86831e+07 2.86831e+07 2.86831e+07 2.86831e+07 2.86831e+07 2.86831e+07 2.86831e+07 2.86831e+07 2.86831e+07 2.86831e+07 2.86831e+07 2.86831e+07 0 0 0 0 0 0 0 0 0 0 0 0 0 0 0 0 0 0 0 0 0 0 0 0 0
#obs survey bio
 3.35891e+06 3.96799e+06 2.84054e+06 3.27339e+06 3.44201e+06 3.33895e+06 2.22671e+06 2.90190e+06 1.98352e+06 1.95088e+06 1.55136e+06 1.89912e+06 1.21025e+06 1.07179e+06 683247 984808 655328 825475 795450 845488 532876 764843 812528 493499 548246 444523 453726 335334 426732 419862 519431 847663 723597 453277 471405 724990 535244 764854 602846 495919 634494 754560 894367 675260 616886 783816 502880 889457 919655 606130 754848 863341
#pred catch bio
 102667 101390 151634 206636 226352 282972 280779 321445 254448 286013 296399 279584 266051 257776 212019 199387 177438 166982 137872 140556 131004 137225 108466 115704 108833 101737 108074 96027.8 94004.4 96954.3 92235.2 97743.2 96144.3 92662.2 98959.9 89722.3 102759 105503 92760 99074.8 100743 99059.7 104307 102934 107375 102158 109238 100648 108342 107325 71805.4 86847.6 84282.6 99404.4 99546.9 104180 112779 123049 133264 142453 150204 156451 161322 165026 167789 169820 171296 172357 173115 173654 174034 174302 174490 174622 174714 174778 174822 174853 174875 174890 174900 174907 174912 174916 174918 174920 174921 174921 174922 174922 174923 174923 174923 174923 174923 174923 174923 174923 174923 174923 174923 174923 174923 174923 174923 174923 174923 174923 174923 174923 174923 174923 174923 174923 174923 174923 174923 174923 174923 174923 174923 174923 174923 174923 174923 174923 174923 174923 174923 174923 174923 174923 174923 174923 174923 174923 174923 174923 174923 174923 174923 174923 174923 174923 174923 174923 174923 174923 174923 174923 174923 174923 0 0 0 0 0 0 0 0 0 0 0 0 0 0 0 0 0 0 0 0 0 0 0 0 0
#obs catch bio
 0 101083 151855 207488 226481 283822 280650 321843 253144 285689 297757 280193 267410 258590 214405 200371 179197 167958 137779 140337 131119 137442 107551 115642 108550 101292 109045 97038.8 94820.7 98202.8 93277.4 98823.2 96382.1 92893 99567.8 89968.8 103685 106074 92959.8 99722.6 101110 99002.6 104071 102428 107709 101888 109408 100382 108374 107848 71584.4 86953
#pred cpue bio
 3.59723e+06 3.49224e+06 3.39083e+06 3.23887e+06 3.03591e+06 2.82349e+06 2.56381e+06 2.32177e+06 2.05081e+06 1.86791e+06 1.66471e+06 1.46134e+06 1.28407e+06 1.12595e+06 978009 881104 797418 735811 681941 657201 625661 600736 563643 555613 537346 525174 521004 510100 514074 522410 529185 543105 551504 561448 575737 583502 603134 608749 610648 627348 637546 645615 655106 657910 661781 660358 664702 660707 666414 663073 659559 695996 2.49263e+07 1.48553e+07 1.49229e+07 1.56763e+07 1.70439e+07 1.86779e+07 2.03155e+07 2.18079e+07 2.30888e+07 2.41445e+07 2.49902e+07 2.56543e+07 2.61687e+07 2.65636e+07 2.6865e+07 2.70945e+07 2.7269e+07 2.74019e+07 2.75034e+07 2.75812e+07 2.76409e+07 2.76871e+07 2.77229e+07 2.77509e+07 2.77728e+07 2.779e+07 2.78036e+07 2.78144e+07 2.78229e+07 2.78297e+07 2.78352e+07 2.78396e+07 2.78431e+07 2.7846e+07 2.78483e+07 2.78502e+07 2.78517e+07 2.78529e+07 2.78539e+07 2.78548e+07 2.78554e+07 2.7856e+07 2.78564e+07 2.78568e+07 2.78571e+07 2.78573e+07 2.78575e+07 2.78577e+07 2.78578e+07 2.78579e+07 2.7858e+07 2.78581e+07 2.78581e+07 2.78582e+07 2.78582e+07 2.78583e+07 2.78583e+07 2.78583e+07 2.78583e+07 2.78583e+07 2.78584e+07 2.78584e+07 2.78584e+07 2.78584e+07 2.78584e+07 2.78584e+07 2.78584e+07 2.78584e+07 2.78584e+07 2.78584e+07 2.78584e+07 2.78584e+07 2.78584e+07 2.78584e+07 2.78584e+07 2.78584e+07 2.78584e+07 2.78584e+07 2.78584e+07 2.78584e+07 2.78584e+07 2.78584e+07 2.78584e+07 2.78584e+07 2.78584e+07 2.78584e+07 2.78584e+07 2.78584e+07 2.78584e+07 2.78584e+07 2.78584e+07 2.78584e+07 2.78584e+07 2.78584e+07 2.78584e+07 2.78584e+07 2.78584e+07 2.78584e+07 2.78584e+07 2.78584e+07 0 0 0 0 0 0 0 0 0 0 0 0 0 0 0 0 0 0 0 0 0 0 0 0 0
#obs cpue bio
 4.75778e+06 3.12432e+06 3.272e+06 2.3367e+06 3.38331e+06 2.67084e+06 3.24257e+06 2.37784e+06 2.50851e+06 1.65078e+06 1.14716e+06 1.25681e+06 1.09863e+06 1.43e+06 683661 1.16824e+06 631889 850846 727216 652760 593947 563414 641720 481017 608885 705023 284383 509115 632394 459785 446359 362350 731405 624026 605232 448586 499275 635341 606342 621934 793902 757067 639182 815406 408297 828577 751838 610033 456350 613217 598141 707320
#pred surv len freq
 0.00505858 0.00815169 0.0121547 0.0170146 0.0226017 0.0286452 0.0346977 0.0402307 0.0448282 0.0483255 0.0507938 0.0524257 0.05343 0.0539818 0.0542108 0.0542064 0.0540313 0.0537211 0.0532418 0.0524014 0.0507793 0.0477889 0.0429378 0.0361869 0.0281545
 0.00521264 0.0083237 0.012273 0.0169756 0.0223118 0.0280789 0.0339352 0.0394405 0.044197 0.0479739 0.0507329 0.0525753 0.0536811 0.0542593 0.0545035 0.0545558 0.0544891 0.0543 0.0538841 0.0529858 0.0511675 0.0478894 0.0427506 0.0358014 0.027702
 0.00540906 0.00863669 0.0127263 0.0175712 0.0230123 0.0287916 0.0345161 0.0397349 0.044108 0.0475224 0.0500585 0.0518708 0.053102 0.0538703 0.0542896 0.0544734 0.0545083 0.0544078 0.0540568 0.0531632 0.0512586 0.0478124 0.0424798 0.0353845 0.0272354
 0.00555555 0.00888316 0.0131128 0.0181406 0.0237996 0.0298055 0.0357159 0.0410136 0.045298 0.0484308 0.0505278 0.0518405 0.052634 0.0531196 0.0534348 0.053651 0.0537864 0.0537981 0.0535366 0.0526881 0.0507721 0.0472655 0.0418583 0.0347241 0.0266076
 0.00574379 0.00918175 0.0135496 0.01874 0.0245823 0.0307864 0.0368957 0.042367 0.0467598 0.0498874 0.0518206 0.0527918 0.0530954 0.0530255 0.0528298 0.052671 0.0526031 0.0525581 0.052327 0.0515364 0.0496687 0.0461955 0.0408277 0.03377 0.0257859
 0.00594519 0.00950227 0.0140194 0.019383 0.0254137 0.0318076 0.0380896 0.0436964 0.0481721 0.0513185 0.0531936 0.0540077 0.0540303 0.0535472 0.0528366 0.0521336 0.0515827 0.0511863 0.0507579 0.049901 0.0480564 0.0446635 0.0394238 0.0325449 0.024787
 0.00622183 0.00994102 0.0146593 0.0202533 0.026529 0.0331611 0.0396444 0.0453831 0.0498976 0.0529836 0.0547084 0.0552959 0.0550219 0.0541679 0.0530054 0.0517791 0.0506732 0.0497568 0.0489137 0.0477952 0.0458555 0.0425219 0.0374717 0.0308828 0.0234763
 0.00650034 0.0103826 0.0153033 0.02113 0.0276557 0.0345356 0.0412367 0.0471302 0.051709 0.0547552 0.0563373 0.0566913 0.0561087 0.0548832 0.0532916 0.0515799 0.0499414 0.0484756 0.0471232 0.0456054 0.0434377 0.0400792 0.0352024 0.0289445 0.02196
 0.00695221 0.0110833 0.0162948 0.0224296 0.0292551 0.0364008 0.0433042 0.0493054 0.0538735 0.0567841 0.0581166 0.0581285 0.0571352 0.0554514 0.0533682 0.0511378 0.0489566 0.0469354 0.0450479 0.0430759 0.0406105 0.0371757 0.0324678 0.0265912 0.0201182
 0.00723684 0.011542 0.0169774 0.0233787 0.0304977 0.0379349 0.0450866 0.0512491 0.0558631 0.058699 0.0598508 0.0595969 0.0582704 0.0561973 0.0536763 0.0509653 0.0482672 0.0457052 0.0432817 0.0408311 0.0380186 0.0344419 0.0298378 0.0242928 0.0183016
 0.00748229 0.0119504 0.0176096 0.0242973 0.0317549 0.0395519 0.0470323 0.0534315 0.0581408 0.0609084 0.061836 0.0612313 0.0594666 0.0569061 0.0538757 0.0506463 0.0474231 0.0443316 0.0413902 0.0384749 0.0353185 0.0315939 0.0270873 0.0218764 0.0163826
 0.00775696 0.0123895 0.0182578 0.0251946 0.0329332 0.0410282 0.0487963 0.0554348 0.0602921 0.0630803 0.0638789 0.0629936 0.0608167 0.0577492 0.0541608 0.0503594 0.0465729 0.0429386 0.039488 0.0361277 0.0326454 0.0287809 0.0243683 0.0194815 0.0144744
 0.00804266 0.0128408 0.0189127 0.0260808 0.0340647 0.0424008 0.0503814 0.0571766 0.0621136 0.0648937 0.0655933 0.0645161 0.0620517 0.0586038 0.0545546 0.0502363 0.0459066 0.0417324 0.0377751 0.0339781 0.0301795 0.0261765 0.0218441 0.0172518 0.0126925
 0.00836658 0.0133501 0.0196468 0.0270644 0.0353036 0.0438762 0.0520427 0.0589407 0.063876 0.0665491 0.0670532 0.0657158 0.0629462 0.0591571 0.0547315 0.05 0.0452244 0.040587 0.0361774 0.0319822 0.0278939 0.0237661 0.0195108 0.015192 0.0110463
 0.00866751 0.0138377 0.0203767 0.0280849 0.0366435 0.045527 0.0539418 0.060969 0.0658775 0.0683647 0.068553 0.0668162 0.0636106 0.0593859 0.0545454 0.0494229 0.0442727 0.0392697 0.0345097 0.0300055 0.0256964 0.0214884 0.0173293 0.0132795 0.00952465
 0.0087919 0.0140389 0.0206791 0.0285148 0.0372287 0.0462942 0.0549088 0.0621324 0.0672014 0.0697756 0.0699448 0.0680678 0.0646105 0.0600521 0.0548346 0.0493253 0.0437988 0.0384388 0.0333477 0.0285556 0.0240338 0.0197291 0.0156197 0.011765 0.00831045
 0.00886148 0.0141609 0.0208792 0.0288223 0.0376709 0.0468869 0.0556483 0.0629949 0.0681503 0.0707693 0.0709397 0.0690131 0.0654435 0.0607014 0.0552316 0.0494184 0.0435619 0.0378715 0.0324723 0.0274164 0.0227022 0.0183069 0.0142303 0.0105295 0.00731705
 0.00884138 0.0141359 0.020857 0.0288177 0.0377063 0.0469899 0.0558481 0.063316 0.068605 0.0713518 0.0716242 0.069758 0.0661965 0.0614032 0.0558183 0.0498255 0.0437325 0.0377669 0.0320811 0.0267598 0.021836 0.0173183 0.0132261 0.00961479 0.0065699
 0.00895119 0.0142904 0.0210456 0.0290166 0.0378871 0.047133 0.0559529 0.0634028 0.0687075 0.071505 0.0718529 0.0700692 0.066577 0.0618215 0.0562282 0.0501716 0.0439565 0.0378165 0.0319206 0.0263817 0.0212685 0.0166241 0.0124914 0.00892831 0.00599997
 0.00895804 0.0142947 0.0210388 0.0289854 0.037815 0.0470051 0.0557625 0.0631581 0.0684369 0.0712572 0.071689 0.070047 0.0667323 0.0621548 0.0567023 0.0507197 0.0444963 0.0382654 0.0322109 0.0264736 0.0211591 0.0163492 0.0121164 0.0085295 0.00564274
 0.00898081 0.0143394 0.0211194 0.0291168 0.0380065 0.0472504 0.0560329 0.0634054 0.0686072 0.0713111 0.0716186 0.0698813 0.0665285 0.0619796 0.0566088 0.0507291 0.0445916 0.0383983 0.0323187 0.0265 0.0210727 0.0161529 0.0118444 0.00823352 0.00537232
 0.00891747 0.0142477 0.0210031 0.0289888 0.0378875 0.0471656 0.0560064 0.0634527 0.0687274 0.0714821 0.0718009 0.0700321 0.0666208 0.0620139 0.0566123 0.0507402 0.0446392 0.0384858 0.032422 0.0265791 0.0210905 0.0160928 0.0117166 0.00806842 0.00520648
 0.00920787 0.0146638 0.0215256 0.0295649 0.0384464 0.047644 0.0563683 0.0636932 0.0688615 0.0715295 0.0717734 0.0699302 0.0664375 0.0617455 0.0562688 0.05035 0.0442426 0.0381212 0.0321107 0.02632 0.0208667 0.0158853 0.0115168 0.00788138 0.00504485
 0.00924652 0.0147293 0.0216275 0.0297086 0.0386266 0.0478373 0.0565324 0.0637787 0.0688351 0.0713943 0.0715728 0.069728 0.0662879 0.0616703 0.0562561 0.0503701 0.0442679 0.0381375 0.0321159 0.0263155 0.0208505 0.0158527 0.0114656 0.00781631 0.00497644
 0.00938872 0.0149477 0.021932 0.0301001 0.0390961 0.0483658 0.0570878 0.0643129 0.0692852 0.0716942 0.071672 0.0696111 0.0659832 0.0612408 0.0557754 0.0498982 0.0438388 0.0377625 0.0317942 0.0260428 0.0206223 0.015664 0.0113112 0.00769238 0.00488061
 0.00964301 0.0153184 0.0224111 0.0306529 0.0396721 0.0489156 0.0575761 0.0647202 0.0696017 0.0719103 0.0717733 0.0695796 0.0658054 0.0609194 0.0553364 0.0493877 0.0433103 0.0372615 0.0313493 0.0256661 0.0203143 0.0154194 0.0111228 0.00755207 0.00478076
 0.00966485 0.0153776 0.0225418 0.0308966 0.0400607 0.0494489 0.0582071 0.0653617 0.0701561 0.0723052 0.0719816 0.0696135 0.0656951 0.0606934 0.0550156 0.0489916 0.0428647 0.0367998 0.0309065 0.0252702 0.0199815 0.0151545 0.0109221 0.00740747 0.00468214
 0.00971576 0.0154602 0.0226674 0.0310789 0.0403173 0.0497998 0.0586672 0.0659287 0.0707962 0.0729491 0.0725365 0.0699918 0.0658426 0.0606035 0.0547219 0.0485484 0.0423297 0.0362257 0.0303392 0.0247474 0.0195306 0.0147902 0.0106464 0.00721232 0.00455329
 0.00972515 0.0154617 0.022645 0.031012 0.0401896 0.0496124 0.0584491 0.0657361 0.0706978 0.0730018 0.0727618 0.0703629 0.0662904 0.0610387 0.0550646 0.0487508 0.0423828 0.0361513 0.030176 0.0245379 0.0193128 0.0145921 0.0104843 0.00709169 0.00447116
 0.00968113 0.0153983 0.022564 0.0309179 0.0400858 0.0494967 0.0583133 0.0655731 0.070514 0.072826 0.072643 0.0703533 0.066421 0.0613007 0.055409 0.0491059 0.0426805 0.0363491 0.030264 0.0245338 0.0192483 0.0145004 0.0103919 0.00701419 0.00441452
 0.00955567 0.0152182 0.0223375 0.0306682 0.0398451 0.0492956 0.0581712 0.0654937 0.0704868 0.0728332 0.0726693 0.0703959 0.066493 0.0614239 0.0555978 0.0493525 0.0429529 0.0366023 0.0304593 0.0246523 0.0192941 0.0144936 0.0103572 0.00697239 0.00437823
 0.00929946 0.01483 0.0218073 0.0300091 0.0390936 0.0485088 0.0574231 0.0648664 0.0700544 0.0726415 0.0727232 0.0706622 0.0669176 0.0619516 0.056185 0.0499674 0.0435676 0.0371856 0.0309771 0.025076 0.0196099 0.0147061 0.0104853 0.00704101 0.00441049
 0.00928365 0.0147783 0.0216822 0.0297623 0.0386813 0.047915 0.0566786 0.0640513 0.069279 0.0720156 0.072328 0.0705348 0.0670497 0.0622999 0.0566875 0.0505598 0.0441939 0.0378004 0.0315437 0.025565 0.0200017 0.0149947 0.0106792 0.00715908 0.00447536
 0.00935073 0.01487 0.0217862 0.0298515 0.038715 0.0478448 0.056459 0.0636542 0.0687109 0.0713288 0.0716169 0.0699136 0.0666187 0.0621174 0.0567587 0.050845 0.0446273 0.0383103 0.0320656 0.0260485 0.0204125 0.0153154 0.0109082 0.00730794 0.00456301
 0.00929264 0.0147909 0.0216951 0.029764 0.0386464 0.047799 0.0564204 0.0635882 0.0685744 0.0710886 0.0712674 0.0694875 0.0661841 0.0617597 0.056554 0.0508358 0.0448114 0.0386463 0.03249 0.0264947 0.0208253 0.0156588 0.0111672 0.00748517 0.00467281
 0.00928532 0.0147774 0.0216722 0.02973 0.0386027 0.0477532 0.0563851 0.0635752 0.0685847 0.071104 0.0712526 0.069404 0.0660118 0.0615128 0.0562819 0.0506063 0.0446849 0.0386538 0.0326242 0.0267177 0.0210856 0.0159089 0.0113751 0.0076378 0.00477259
 0.00911042 0.0145153 0.0213196 0.0292987 0.0381176 0.0472467 0.0558947 0.0631419 0.0682505 0.0709043 0.071205 0.0695 0.0662163 0.0617768 0.0565618 0.0508809 0.0449594 0.0389476 0.0329524 0.0270765 0.0214513 0.0162479 0.0116583 0.00785023 0.00491559
 0.00904481 0.0144132 0.0211746 0.0291088 0.0378863 0.0469843 0.0556185 0.062875 0.0680173 0.0707254 0.071094 0.0694623 0.0662498 0.061871 0.0566988 0.0510411 0.0451291 0.0391247 0.0331432 0.0272867 0.0216765 0.0164719 0.0118597 0.00801199 0.00503108
 0.00910139 0.0144867 0.021251 0.0291638 0.0378915 0.046918 0.0554751 0.0626672 0.0677716 0.0704736 0.0708657 0.06928 0.0661272 0.0618127 0.0567012 0.0510941 0.0452198 0.0392413 0.0332784 0.0274366 0.0218368 0.0166336 0.0120099 0.0081378 0.0051251
 0.00895666 0.0142746 0.0209742 0.0288378 0.0375383 0.0465564 0.0551149 0.0623129 0.0674311 0.0701662 0.0706222 0.069135 0.0661063 0.0619239 0.0569328 0.0514192 0.045604 0.0396506 0.0336844 0.0278185 0.0221805 0.0169297 0.0122518 0.00832279 0.00525548
 0.00884586 0.0141029 0.0207325 0.0285255 0.0371656 0.0461456 0.0547 0.0619333 0.067121 0.0699437 0.0704874 0.0690782 0.0661202 0.0620097 0.0570962 0.0516619 0.0459166 0.0400121 0.034067 0.0281944 0.0225262 0.0172287 0.0124946 0.00850657 0.00538398
 0.00880359 0.0140288 0.0206113 0.0283401 0.0369021 0.0458004 0.054287 0.0614857 0.066686 0.0695707 0.0702156 0.0689277 0.0660913 0.0620886 0.0572648 0.0519042 0.0462196 0.0403615 0.0344436 0.028574 0.0228836 0.0175422 0.0127502 0.00869948 0.00551797
 0.00878592 0.0139958 0.0205533 0.0282443 0.0367542 0.0455878 0.0540035 0.0611365 0.06629 0.0691613 0.0698365 0.0686248 0.0659016 0.0620313 0.0573388 0.0520925 0.0464966 0.0407002 0.0348173 0.0289561 0.0232482 0.0178661 0.0130169 0.00890184 0.00565866
 0.00886867 0.0141156 0.0207058 0.0284148 0.0369195 0.0457212 0.0540789 0.0611314 0.0661886 0.0689591 0.0695447 0.068272 0.0655306 0.061691 0.0570728 0.0519292 0.0464452 0.0407518 0.034951 0.0291445 0.0234619 0.0180778 0.0132046 0.00905207 0.00576726
 0.00879408 0.0140208 0.0206113 0.0283541 0.0369275 0.0458166 0.0542513 0.0613409 0.0663801 0.0690813 0.0695653 0.0681837 0.0653494 0.0614502 0.0568159 0.0517009 0.0462819 0.0406742 0.034961 0.0292278 0.0235937 0.0182298 0.0133516 0.00917628 0.00586038
 0.0088062 0.0140295 0.0206056 0.0283211 0.036861 0.0457271 0.0541698 0.0613097 0.0664317 0.0692173 0.0697501 0.0683584 0.0654572 0.0614594 0.0567281 0.0515464 0.0461055 0.0405201 0.0348607 0.0291937 0.0236196 0.0182971 0.0134369 0.0092593 0.00592817
 0.00880229 0.0140208 0.0205876 0.0282869 0.0368011 0.045632 0.0540344 0.0611398 0.0662494 0.0690598 0.0696578 0.0683567 0.0655416 0.0615958 0.0568694 0.0516544 0.0461664 0.0405451 0.0348746 0.0292204 0.0236716 0.0183722 0.0135229 0.00934148 0.0059955
 0.00879624 0.0140205 0.0206041 0.0283348 0.0368931 0.0457701 0.0542037 0.0613093 0.0663811 0.0691237 0.0696443 0.0682799 0.0654323 0.0614855 0.0567759 0.051577 0.0460933 0.0404664 0.0347918 0.0291453 0.023618 0.0183476 0.013525 0.00936066 0.00602055
 0.00869866 0.0138708 0.0203964 0.0280723 0.03659 0.0454528 0.0539092 0.0610791 0.0662488 0.0691023 0.0697214 0.068425 0.0656121 0.0616767 0.0569685 0.0517682 0.0462797 0.0406406 0.0349457 0.0292752 0.023726 0.0184389 0.0136032 0.00942622 0.00607212
 0.00860102 0.0137288 0.0202137 0.0278626 0.0363725 0.0452458 0.0537261 0.060929 0.0661403 0.0690457 0.069726 0.0684934 0.0657353 0.0618359 0.0571419 0.0519388 0.0464381 0.0407835 0.035072 0.0293842 0.0238178 0.018515 0.0136656 0.00947634 0.00611057
 0.00817974 0.013121 0.0194423 0.0269992 0.0355186 0.0445011 0.0531619 0.0605792 0.0660065 0.0691076 0.0699517 0.0688466 0.0661807 0.062341 0.0576764 0.0524742 0.0469496 0.041252 0.0354854 0.0297365 0.0241078 0.0187445 0.0138395 0.00960153 0.0061954
 0.0073608 0.0118604 0.0176818 0.0247449 0.0328526 0.0415891 0.050254 0.0579851 0.0640339 0.0679813 0.0697567 0.069524 0.0675686 0.0642314 0.0598613 0.0547715 0.0492132 0.0433725 0.037387 0.0313725 0.0254561 0.0198044 0.0146286 0.0101534 0.00655479
#obs surv len freq
 nan nan nan nan nan nan nan nan nan nan nan nan nan nan nan nan nan nan nan nan nan nan nan nan nan
 0.00448695 0.00734935 0.0111803 0.0159973 0.0216982 0.0279735 0.0342869 0.0400172 0.0446957 0.0481584 0.0505152 0.05201 0.0529013 0.0534129 0.0537265 0.0539809 0.0542591 0.0545516 0.0546902 0.054282 0.0527202 0.0493526 0.0438027 0.0362834 0.0276677
 0.0046079 0.00755 0.0114894 0.016443 0.0223009 0.028735 0.0351802 0.0409835 0.0456532 0.0490193 0.0512024 0.0524686 0.0531035 0.053358 0.0534363 0.053492 0.0536145 0.0537935 0.0538574 0.0534111 0.0518495 0.0485248 0.0430621 0.0356672 0.0271968
 0.00478132 0.00783001 0.0119074 0.0170277 0.0230734 0.029701 0.0363203 0.0422473 0.0469622 0.0502767 0.0523072 0.0533286 0.0536471 0.0535428 0.0532532 0.052963 0.0527851 0.0527236 0.0526134 0.0520632 0.0504729 0.0471998 0.0418684 0.0346707 0.0264337
 0.00496043 0.00812647 0.0123632 0.0176846 0.0239643 0.0308359 0.0376733 0.0437533 0.0485271 0.0517963 0.0536814 0.0544678 0.0544729 0.0539905 0.0532784 0.0525487 0.0519465 0.0515074 0.0510936 0.0503364 0.0486534 0.0454138 0.0402403 0.0333022 0.0253818
 0.00517764 0.00848007 0.0128966 0.0184392 0.0249729 0.0321109 0.0391937 0.0454581 0.050321 0.0535649 0.0553089 0.0558488 0.0555189 0.0546312 0.0534608 0.0522386 0.0511333 0.0502114 0.0493738 0.0482944 0.0464314 0.0431825 0.0381752 0.0315493 0.0240264
 0.00540058 0.00884611 0.0134542 0.0192357 0.0260454 0.0334722 0.0408176 0.0472749 0.0522283 0.0554471 0.057054 0.0573568 0.0567028 0.0554161 0.0537845 0.0520528 0.0504079 0.0489432 0.0475992 0.0461031 0.0439727 0.0406547 0.0357946 0.0295038 0.0224317
 0.00565675 0.00926385 0.0140853 0.0201295 0.0272395 0.0349777 0.0426041 0.0492644 0.0543056 0.0574816 0.0589209 0.0589497 0.0579372 0.0562265 0.0541188 0.0518682 0.049671 0.0476381 0.0457446 0.0437731 0.041312 0.0378747 0.0331401 0.0271978 0.0206188
 0.00589029 0.00964945 0.0146767 0.0209806 0.0283939 0.0364524 0.0443719 0.0512491 0.0563922 0.0595392 0.0608234 0.060588 0.0592229 0.0570907 0.054509 0.0517433 0.0489985 0.0463985 0.0439457 0.0414742 0.0386451 0.0350475 0.0304059 0.0247968 0.0187147
 0.00614503 0.0100652 0.0153057 0.021873 0.0295886 0.0379627 0.04617 0.0532591 0.0584997 0.0616117 0.0627313 0.0622189 0.060487 0.0579219 0.0548603 0.0515815 0.0482988 0.0451458 0.0421471 0.0391815 0.0359795 0.0322072 0.0276413 0.0223529 0.0167643
 0.00638415 0.0104581 0.0159046 0.0227289 0.0307413 0.039425 0.0479115 0.0552013 0.060528 0.0635975 0.0645532 0.0637732 0.0616912 0.058713 0.0551928 0.0514231 0.047627 0.0439486 0.0404324 0.036997 0.0334358 0.029488 0.0249829 0.0199912 0.0148702
 0.00661488 0.0108367 0.0164811 0.0235519 0.0318491 0.0408301 0.0495852 0.0570678 0.0624748 0.0654968 0.0662832 0.0652316 0.0627999 0.0594174 0.0554573 0.0512248 0.0469512 0.0427888 0.0387987 0.0349342 0.031045 0.0269366 0.0224876 0.0177705 0.0130847
 0.00683761 0.0112038 0.0170426 0.0243574 0.0329368 0.042211 0.0512274 0.0588908 0.0643619 0.0673182 0.0679177 0.0665805 0.0637911 0.0600041 0.0556142 0.0509415 0.0462261 0.0416266 0.0372167 0.0329778 0.0288072 0.0245675 0.020181 0.0157221 0.0114384
 0.0070794 0.0115964 0.0176325 0.0251871 0.0340366 0.0435857 0.0528421 0.0606659 0.0661829 0.0690568 0.0694535 0.0678152 0.0646552 0.0604573 0.0556411 0.0505449 0.0454189 0.040428 0.0356554 0.0311039 0.0267082 0.0223777 0.0180698 0.0138589 0.00994665
 0.00728634 0.0119395 0.0181605 0.0259485 0.0350681 0.0448949 0.0543914 0.0623688 0.0679184 0.070695 0.0708787 0.068938 0.065415 0.0608203 0.0555966 0.0501003 0.0445941 0.0392515 0.0341652 0.0293553 0.0247856 0.0204011 0.0161851 0.0122088 0.00863282
 0.00742435 0.012167 0.0185095 0.0264521 0.0357561 0.0457849 0.055478 0.0636162 0.0692611 0.0720453 0.0721391 0.0700142 0.066227 0.0613111 0.0557342 0.0498756 0.0440164 0.0383444 0.032966 0.0279193 0.023193 0.0187594 0.0146202 0.0108406 0.00754495
 0.00752099 0.0123242 0.0187465 0.0267877 0.0362065 0.0463594 0.0561746 0.0644188 0.0701405 0.0729626 0.0730477 0.0708599 0.06695 0.0618503 0.0560354 0.0498991 0.043742 0.0377731 0.0321206 0.026846 0.0219632 0.0174688 0.013378 0.00974912 0.00667515
 0.00761431 0.0124699 0.0189548 0.0270647 0.0365538 0.0467745 0.0566494 0.0649403 0.0706918 0.073526 0.0736057 0.0713942 0.0674371 0.0622586 0.0563248 0.0500259 0.0436668 0.0374703 0.0315864 0.0261041 0.021067 0.0164974 0.0124247 0.00890187 0.00599542
 0.00763647 0.0125055 0.0190078 0.0271386 0.0366519 0.0468992 0.0568024 0.0651228 0.0709058 0.073775 0.0738933 0.0717206 0.067795 0.0626289 0.0566754 0.0503135 0.0438429 0.0374905 0.0314216 0.0257505 0.0205525 0.0158795 0.0117796 0.00830567 0.00550496
 0.00771118 0.0126145 0.0191485 0.027301 0.0368213 0.0470616 0.0569487 0.0652498 0.0710154 0.0738728 0.0739879 0.0718221 0.0679126 0.0627671 0.0568292 0.050465 0.0439613 0.0375371 0.0313602 0.0255598 0.0202359 0.0154693 0.0113294 0.00787549 0.0051429
 0.00775714 0.0126876 0.019255 0.0274437 0.0369971 0.0472589 0.0571464 0.0654214 0.0711376 0.073935 0.0739968 0.0717986 0.0678826 0.0627525 0.0568419 0.0505035 0.0440105 0.0375706 0.0313462 0.0254709 0.0200607 0.0152189 0.0110363 0.00758227 0.00488793
 0.00782116 0.0127821 0.0193794 0.0275918 0.037159 0.0474243 0.0573064 0.0655678 0.0712608 0.0740236 0.0740407 0.0717938 0.0678355 0.0626794 0.0567633 0.0504367 0.0439622 0.0375341 0.0313033 0.0253995 0.0199446 0.0150563 0.010842 0.00738252 0.00470979
 0.00785157 0.0128342 0.0194623 0.0277138 0.037324 0.0476269 0.0575291 0.0657831 0.0714398 0.0741454 0.0740977 0.0717898 0.0677809 0.0625872 0.0566478 0.050313 0.0438435 0.0374274 0.0312067 0.0253031 0.0198365 0.01493 0.0107015 0.0072411 0.00458356
 0.00787236 0.0128633 0.0194978 0.0277523 0.0373629 0.0476673 0.057577 0.0658464 0.0715226 0.0742432 0.074197 0.0718732 0.0678342 0.062604 0.0566303 0.0502691 0.0437836 0.0373608 0.0311387 0.0252337 0.0197619 0.0148469 0.0106109 0.00714966 0.00450081
 0.00789633 0.0129003 0.0195496 0.0278183 0.0374398 0.0477488 0.0576544 0.0659112 0.0715697 0.0742738 0.0742168 0.0718887 0.067847 0.0626102 0.0566232 0.0502438 0.04374 0.0373032 0.0310728 0.0251643 0.0196909 0.0147748 0.0105392 0.00708161 0.00444135
 0.00787632 0.0128661 0.0194954 0.0277387 0.037332 0.0476156 0.0575066 0.0657665 0.0714488 0.0741942 0.0741894 0.0719164 0.0679258 0.0627299 0.0567684 0.0503965 0.0438832 0.0374244 0.0311656 0.0252275 0.0197269 0.0147876 0.0105339 0.00706477 0.00441959
 0.00790827 0.0129094 0.0195443 0.0277819 0.0373553 0.0476063 0.0574576 0.0656791 0.0713326 0.0740654 0.0740678 0.0718208 0.0678702 0.0627203 0.0568025 0.0504646 0.0439709 0.037516 0.031248 0.025292 0.0197699 0.01481 0.0105396 0.00705908 0.00440828
 0.00786333 0.0128421 0.0194534 0.0276696 0.0372253 0.0474622 0.0573021 0.0655154 0.0711672 0.0739103 0.0739395 0.0717374 0.0678468 0.0627642 0.0569111 0.0506261 0.0441666 0.0377245 0.0314484 0.0254677 0.0199108 0.014913 0.0106073 0.00709831 0.0044275
 0.00788406 0.0128667 0.0194741 0.027674 0.0372009 0.0474019 0.0572085 0.0653997 0.0710439 0.0737908 0.0738303 0.0716422 0.0677707 0.0627159 0.0569004 0.0506592 0.0442426 0.0378339 0.0315758 0.0255958 0.0200248 0.0150036 0.0106716 0.00713876 0.00444966
 0.00786012 0.0128322 0.0194297 0.0276221 0.037143 0.0473366 0.0571306 0.0653033 0.0709277 0.0736622 0.0737048 0.0715383 0.0677027 0.0626908 0.056919 0.0507187 0.0443382 0.0379583 0.0317181 0.0257422 0.020161 0.015118 0.0107584 0.00719801 0.00448583
 0.00785887 0.0128234 0.0194044 0.0275688 0.0370524 0.0472067 0.0569709 0.0651329 0.0707681 0.0735293 0.0736054 0.0714729 0.0676705 0.0626926 0.0569564 0.0507917 0.0444436 0.0380894 0.0318654 0.025894 0.0203046 0.0152424 0.0108565 0.00726805 0.00453086
 0.00784551 0.0128066 0.0193877 0.0275571 0.0370485 0.0472076 0.0569662 0.0651081 0.0707121 0.0734412 0.0734965 0.0713614 0.067574 0.0626232 0.0569199 0.0507897 0.044475 0.0381509 0.0319508 0.025994 0.0204081 0.0153386 0.010937 0.00732854 0.00457165
 0.00780371 0.0127361 0.0192778 0.0273984 0.0368372 0.0469518 0.0566884 0.0648421 0.0704924 0.0732915 0.0734233 0.0713577 0.0676275 0.0627222 0.0570554 0.0509541 0.0446605 0.0383489 0.032152 0.0261887 0.0205867 0.0154923 0.0110599 0.00741898 0.00463233
 0.00775337 0.0126553 0.0191579 0.0272318 0.0366192 0.0466824 0.0563766 0.0645081 0.0701672 0.0730122 0.073225 0.0712639 0.0676444 0.0628391 0.0572503 0.0512013 0.0449366 0.0386347 0.0324321 0.0264503 0.0208192 0.0156875 0.0112134 0.0075309 0.00470725
 0.00773836 0.012624 0.0190983 0.0271288 0.0364586 0.0464574 0.0560927 0.0641846 0.069833 0.0726996 0.0729647 0.0710818 0.0675595 0.0628601 0.0573731 0.0514094 0.0452048 0.038935 0.0327386 0.0267416 0.0210793 0.0159058 0.0113847 0.00765556 0.00479075
 0.0076968 0.0125587 0.019004 0.0270013 0.0362944 0.0462537 0.0558493 0.0639064 0.069533 0.0723993 0.0726922 0.0708673 0.0674289 0.0628302 0.0574491 0.0515841 0.0454599 0.039244 0.0330714 0.0270692 0.0213776 0.0161584 0.0115833 0.00780007 0.00488741
 0.00769046 0.0125447 0.0189761 0.0269515 0.0362151 0.0461406 0.0557034 0.0637341 0.0693431 0.0722011 0.0724947 0.0706816 0.0672704 0.0627183 0.0574025 0.0516158 0.045572 0.0394264 0.0333033 0.0273239 0.0216279 0.0163818 0.0117655 0.00793591 0.00497979
 0.00767476 0.0125235 0.0189518 0.0269281 0.0361958 0.0461246 0.0556843 0.0637011 0.0692858 0.0721139 0.0723793 0.0705463 0.0671282 0.0625847 0.0572951 0.0515517 0.0455651 0.0394824 0.0334172 0.0274799 0.0218035 0.0165537 0.011915 0.00805257 0.00506176
 0.00763742 0.012466 0.0188715 0.0268257 0.0360758 0.0459962 0.0555603 0.0635955 0.0692089 0.0720679 0.0723578 0.0705377 0.0671216 0.0625757 0.0572867 0.0515535 0.0455892 0.0395396 0.033512 0.0276081 0.0219523 0.016705 0.0120517 0.00816271 0.00514116
 0.00762391 0.0124413 0.0188296 0.0267597 0.0359805 0.0458711 0.0554128 0.063441 0.0690673 0.0719579 0.072291 0.0705157 0.0671369 0.0626152 0.0573379 0.0516091 0.0456494 0.0396096 0.0335983 0.0277132 0.0220719 0.0168289 0.0121669 0.00825861 0.00521236
 0.00759675 0.0124003 0.0187733 0.0266885 0.0358953 0.0457726 0.0553013 0.0633181 0.0689383 0.0718332 0.0721851 0.0704434 0.0671085 0.0626325 0.0573941 0.0516924 0.0457477 0.0397154 0.0337086 0.0278277 0.0221889 0.0169435 0.0122714 0.00834554 0.00527759
 0.00759961 0.0124033 0.0187751 0.0266867 0.0358875 0.0457573 0.0552781 0.0632871 0.068899 0.0717843 0.0721257 0.0703757 0.0670392 0.062572 0.0573529 0.0516767 0.0457582 0.0397482 0.0337583 0.0278894 0.0222584 0.0170158 0.0123408 0.00840598 0.00532488
 0.00757772 0.0123719 0.0187355 0.0266425 0.0358435 0.045717 0.0552431 0.0632567 0.0688717 0.0717588 0.0721016 0.0703529 0.0670179 0.0625537 0.0573405 0.0516751 0.0457717 0.0397788 0.0338049 0.0279482 0.0223241 0.0170829 0.0124034 0.00845956 0.00536642
 0.00755418 0.0123323 0.0186739 0.0265537 0.0357253 0.045574 0.0550877 0.0631084 0.068751 0.0716805 0.0720706 0.0703645 0.0670622 0.0626193 0.0574184 0.0517593 0.0458596 0.0398698 0.0338985 0.0280428 0.0224165 0.0171685 0.012478 0.00851976 0.00541107
 0.00754239 0.0123135 0.018646 0.0265146 0.0356727 0.0455054 0.0550019 0.0630071 0.0686407 0.0715729 0.0719802 0.0703048 0.0670407 0.0626357 0.057466 0.0518282 0.0459407 0.0399564 0.0339868 0.02813 0.0225001 0.0172452 0.0125443 0.00857313 0.00545054
 0.00754112 0.0123116 0.0186434 0.0265111 0.0356678 0.0454979 0.0549897 0.0629869 0.068609 0.0715274 0.071922 0.0702393 0.0669774 0.0625856 0.0574377 0.0518253 0.0459612 0.0399951 0.0340372 0.0281865 0.022558 0.0173005 0.0125936 0.00861369 0.00548109
 0.00752842 0.0122927 0.0186183 0.0264811 0.035635 0.0454648 0.0549587 0.0629597 0.0685863 0.0715083 0.0719043 0.0702207 0.0669569 0.0625652 0.0574222 0.0518206 0.045972 0.0400224 0.0340786 0.0282372 0.0226122 0.017353 0.0126402 0.00865167 0.0055094
 0.00750884 0.0122641 0.0185811 0.0264379 0.0355901 0.0454228 0.0549236 0.0629346 0.0685724 0.0715053 0.0719097 0.0702307 0.0669674 0.0625731 0.0574269 0.0518242 0.0459786 0.0400364 0.0341024 0.0282702 0.0226513 0.0173937 0.012678 0.00868332 0.00553332
 0.00749723 0.0122414 0.0185402 0.0263708 0.035491 0.0452926 0.0547727 0.0627822 0.0684415 0.0714148 0.0718692 0.0702394 0.0670165 0.0626498 0.0575181 0.0519198 0.0460722 0.0401254 0.0341865 0.0283495 0.0227249 0.0174595 0.0127335 0.00872681 0.00556458
 0.00747531 0.0122065 0.0184889 0.0263 0.0353978 0.0451748 0.0546306 0.0626208 0.0682724 0.0712561 0.0717426 0.0701641 0.0670037 0.062699 0.0576184 0.0520539 0.0462222 0.0402768 0.0343296 0.0284788 0.0228376 0.017554 0.0128089 0.00878332 0.00560386
 0.00747531 0.0122065 0.0184889 0.0263 0.0353978 0.0451748 0.0546306 0.0626208 0.0682724 0.0712561 0.0717426 0.0701641 0.0670037 0.062699 0.0576184 0.0520539 0.0462222 0.0402768 0.0343296 0.0284788 0.0228376 0.017554 0.0128089 0.00878332 0.00560386
 0.00719547 0.0117601 0.0178349 0.0254116 0.034274 0.0438554 0.0532078 0.0612343 0.0670821 0.0704025 0.0713136 0.0701831 0.0674362 0.06347 0.0586301 0.0532026 0.0474115 0.0414265 0.0353804 0.0293925 0.0235946 0.0181501 0.0132527 0.00909309 0.00580486
#pred catch len freq
 0.00452105 0.00713958 0.010386 0.0141684 0.0184279 0.0231209 0.0281493 0.033323 0.0383953 0.0431263 0.0473215 0.0508475 0.0536403 0.0557056 0.0571034 0.0579287 0.0582941 0.0583033 0.057983 0.057176 0.0554604 0.0522193 0.0469288 0.0395545 0.0307759
 0.00466686 0.00731197 0.0105293 0.0142001 0.0182715 0.0227528 0.0276283 0.0327769 0.0379652 0.0429006 0.0473023 0.0509669 0.0538124 0.0558787 0.0572854 0.0581737 0.0586611 0.0588053 0.0585565 0.0576889 0.0557633 0.0522154 0.0466228 0.039048 0.0302156
 0.0048738 0.00763268 0.0109777 0.0147656 0.0189071 0.0233673 0.0280951 0.0329702 0.037817 0.0424465 0.046677 0.050343 0.0533209 0.055566 0.0571289 0.058132 0.0587116 0.0589427 0.0587603 0.0578958 0.0558748 0.0521425 0.0463372 0.0386015 0.0297129
 0.00505168 0.00791862 0.0114027 0.0153575 0.0196856 0.024333 0.0292111 0.0341449 0.038903 0.043268 0.0470858 0.0502798 0.0528449 0.0548281 0.0563032 0.0573505 0.0580389 0.0583876 0.0582975 0.0574774 0.0554387 0.0516333 0.0457363 0.0379449 0.0290769
 0.00525913 0.00824063 0.0118606 0.0159655 0.0204548 0.0252737 0.0303298 0.0354308 0.0403091 0.0446944 0.0483779 0.0512533 0.0533387 0.0547641 0.0557194 0.0563835 0.0568653 0.0571595 0.0571047 0.0563461 0.0543553 0.0505773 0.0447099 0.0369848 0.0282418
 0.00551029 0.00862942 0.01241 0.0166863 0.0213468 0.0263294 0.0315342 0.03676 0.0417283 0.0461542 0.0498062 0.0525446 0.0543535 0.0553512 0.0557606 0.0558409 0.0558014 0.055715 0.0554459 0.0546146 0.0526469 0.0489527 0.0432191 0.0356816 0.0271771
 0.00580853 0.00909227 0.0130664 0.0175507 0.0224205 0.0276017 0.0329798 0.0383352 0.0433711 0.0477901 0.0513554 0.0539253 0.055478 0.056121 0.0560697 0.0555968 0.0549597 0.0543078 0.0535851 0.0524649 0.0503872 0.046747 0.0412044 0.0339627 0.0258188
 0.00615669 0.00962985 0.0138236 0.0185394 0.0236374 0.0290318 0.0345945 0.0400876 0.045193 0.0495956 0.0530493 0.0554125 0.0566704 0.0569388 0.0564381 0.0554442 0.0542269 0.0529724 0.0516888 0.0501274 0.0477953 0.0441226 0.038763 0.0318756 0.024185
 0.00658694 0.0102882 0.0147391 0.0197152 0.0250568 0.0306665 0.0364069 0.0420258 0.047186 0.0515541 0.0548718 0.056995 0.0579163 0.0577657 0.0567792 0.0552448 0.0534427 0.0515781 0.0497002 0.0476287 0.0449538 0.0411744 0.0359694 0.0294625 0.0222917
 0.00695662 0.0108643 0.0155601 0.0208019 0.0264115 0.0322717 0.0382218 0.0439832 0.0491971 0.0535198 0.0566937 0.0585811 0.0591823 0.0586354 0.057185 0.0551286 0.0527571 0.0502925 0.0478177 0.0452121 0.0421476 0.0382046 0.0331066 0.0269575 0.0203102
 0.00728751 0.01139 0.0163294 0.0218546 0.027774 0.0339498 0.0401879 0.0461669 0.0514864 0.0557743 0.058766 0.0603372 0.060517 0.0594776 0.0574925 0.0548763 0.0519267 0.0488728 0.0458182 0.0426903 0.0392365 0.0351203 0.0301194 0.0243285 0.01822
 0.00762311 0.0119122 0.0170738 0.0228439 0.0290218 0.0354629 0.0419614 0.0481718 0.0536571 0.0580039 0.0609119 0.0622401 0.0620264 0.0604755 0.0579058 0.0546735 0.051105 0.0474464 0.0438197 0.0401886 0.0363622 0.0320788 0.0271691 0.0217238 0.0161415
 0.00797961 0.0124616 0.0178454 0.0238479 0.0302527 0.0369047 0.0435881 0.0499447 0.0555221 0.0598916 0.0627375 0.0639031 0.0634137 0.061472 0.0584101 0.0546126 0.0504419 0.0461796 0.0419833 0.0378589 0.0336727 0.0292269 0.024398 0.0192718 0.0141797
 0.00839958 0.0131057 0.0187434 0.0250033 0.0316464 0.0385003 0.0453334 0.0517702 0.0573441 0.061621 0.0642917 0.0652119 0.0644185 0.0621207 0.0586517 0.0543975 0.0497282 0.044945 0.040239 0.035665 0.0311504 0.0265604 0.0218127 0.0169874 0.0123527
 0.00869741 0.0135793 0.0194365 0.0259503 0.0328668 0.0399901 0.0470539 0.0536422 0.0592542 0.06344 0.0658955 0.0664996 0.0653224 0.0626061 0.0587085 0.0540259 0.0489284 0.0437167 0.0385938 0.0336477 0.0288591 0.0241524 0.0194855 0.0149347 0.0107128
 0.00887219 0.0138522 0.0198283 0.0264778 0.0335465 0.0408405 0.0480916 0.0548697 0.0606451 0.0649283 0.0673775 0.0678501 0.0664199 0.0633564 0.0590563 0.0539518 0.0484367 0.0428236 0.0373255 0.0320508 0.0270179 0.0221974 0.0175814 0.0132454 0.00935706
 0.0089432 0.0139731 0.0200207 0.0267665 0.0339556 0.0413879 0.0487834 0.0556983 0.0615914 0.0659638 0.0684618 0.0689247 0.0674062 0.0641628 0.0595943 0.0541539 0.048266 0.0422747 0.0364202 0.0308378 0.0255771 0.0206435 0.0160539 0.0118816 0.00825754
 0.00894064 0.0139742 0.0200332 0.0268036 0.034037 0.0415386 0.0490304 0.0560651 0.0620909 0.066592 0.0691956 0.0697245 0.0682193 0.0649261 0.0602365 0.0546009 0.0484517 0.0421533 0.0359774 0.0300965 0.0245997 0.019528 0.0149209 0.0108495 0.00741447
 0.0089796 0.0140237 0.0200828 0.0268371 0.0340392 0.041506 0.0489796 0.0560328 0.0621246 0.0667361 0.0694777 0.0701468 0.0687572 0.0655322 0.0608465 0.0551415 0.0488483 0.0423406 0.0359116 0.0297675 0.0240391 0.0188075 0.0141392 0.0101087 0.00679411
 0.00902056 0.0140792 0.020145 0.0268898 0.0340604 0.0414731 0.0488764 0.0558583 0.0618997 0.0665061 0.0693056 0.0700975 0.0688759 0.0658282 0.0612885 0.0556637 0.0493652 0.0427639 0.036167 0.0298106 0.0238663 0.0184584 0.0136865 0.00963737 0.00637652
 0.0090322 0.0141053 0.0201968 0.0269804 0.0341984 0.0416549 0.0490801 0.0560449 0.0620246 0.0665359 0.0692336 0.0699501 0.0687073 0.0657023 0.0612561 0.055743 0.0495342 0.0429669 0.036333 0.0298766 0.0237973 0.0182585 0.0133952 0.00931407 0.00607823
 0.00902732 0.014101 0.0201977 0.0269944 0.0342367 0.0417297 0.0492009 0.0562125 0.0622255 0.0667397 0.0693992 0.0700398 0.068704 0.0656198 0.0611354 0.0556349 0.0494759 0.0429654 0.036363 0.0298935 0.0237593 0.0181458 0.0132179 0.00910471 0.00587599
 0.00922082 0.0143723 0.0205265 0.0273363 0.0345377 0.0419487 0.049327 0.0562658 0.0622424 0.0667522 0.0694192 0.0700557 0.0686886 0.0655468 0.0609949 0.055441 0.049261 0.0427636 0.0361932 0.0297523 0.0236275 0.018004 0.0130595 0.00893962 0.00572304
 0.00931171 0.0145131 0.0207238 0.0275867 0.0348237 0.0422356 0.0495651 0.0564029 0.062245 0.0666247 0.0692064 0.0698233 0.0684931 0.0654134 0.0609156 0.0553901 0.0492148 0.042712 0.0361373 0.0296952 0.0235675 0.0179352 0.0129784 0.00885001 0.00563536
 0.00944893 0.0147215 0.0210103 0.0279487 0.0352505 0.0427101 0.0500621 0.0568845 0.0626585 0.0669097 0.0693121 0.0697293 0.0682217 0.0650223 0.0604752 0.0549578 0.0488226 0.0423692 0.035842 0.0294428 0.0233536 0.0177552 0.0128279 0.00872618 0.00553732
 0.0096922 0.0150743 0.0214622 0.028464 0.0357792 0.0432065 0.0504981 0.0572509 0.062955 0.0671318 0.0694439 0.0697449 0.068097 0.0647503 0.0600761 0.0544765 0.0483144 0.0418823 0.0354071 0.0290731 0.0230499 0.0175125 0.0126391 0.00858397 0.00543477
 0.00976785 0.0152086 0.0216837 0.0288014 0.0362497 0.0437994 0.0511647 0.0579106 0.0635201 0.0675372 0.0696631 0.0697857 0.0679828 0.0645041 0.0597168 0.0540256 0.0478026 0.0413498 0.0348954 0.0286151 0.0226649 0.017206 0.012407 0.0084169 0.00532095
 0.00976629 0.0152127 0.0217037 0.0288557 0.0363652 0.0440092 0.0514995 0.0583838 0.064111 0.0681831 0.0702697 0.0702556 0.0682474 0.0645413 0.0595465 0.053692 0.0473578 0.0408448 0.0343777 0.0281262 0.022236 0.0168555 0.0121395 0.00822612 0.00519408
 0.00975675 0.0151881 0.0216508 0.0287588 0.0362141 0.0438096 0.0512816 0.0582023 0.0640326 0.0682637 0.0705306 0.0706693 0.0687414 0.0650206 0.0599245 0.053916 0.0474168 0.0407621 0.0341956 0.0278917 0.0219916 0.0166327 0.011957 0.00809018 0.00510146
 0.00971683 0.0151306 0.0215773 0.0286732 0.0361186 0.0437006 0.0511498 0.0580403 0.0638469 0.0680847 0.0704103 0.0706634 0.068883 0.0653007 0.0602906 0.0542906 0.0477263 0.0409605 0.0342729 0.0278683 0.0219034 0.0165173 0.0118438 0.00799653 0.00503355
 0.00954824 0.0148872 0.021268 0.0283265 0.0357751 0.0434002 0.0509199 0.0578907 0.0637714 0.0680679 0.0704376 0.0707317 0.0690044 0.0654944 0.0605665 0.0546339 0.0480958 0.0413022 0.034541 0.0280409 0.0219854 0.016532 0.0118203 0.00795975 0.00499902
 0.00929161 0.0145026 0.0207507 0.0276959 0.0350721 0.0426806 0.050248 0.0573325 0.0633843 0.0678876 0.0704689 0.07095 0.0693684 0.0659613 0.0611018 0.0552107 0.0486868 0.0418733 0.0350534 0.028461 0.0222963 0.0167374 0.0119401 0.00802031 0.00502471
