SBPRF35
7.78865
Curr Bio
564331
B35
704940
F35
0.210748
FOFL
0.148743
OFL
60382.2
Bzero
2.22533e+006
#pred survey bio
 4.70926e+006 4.47436e+006 4.24104e+006 3.94113e+006 3.6175e+006 3.29856e+006 2.97997e+006 2.63236e+006 2.33472e+006 2.05603e+006 1.80473e+006 1.58427e+006 1.39664e+006 1.24674e+006 1.10246e+006 975065 875173 811930 774336 735504 728881 699576 686377 667379 646004 635096 618192 617311 609234 602882 594988 589046 583065 584363 568303 550115 545420 539516 546103 565989 578065 582215 588535 590634 591514 595404 589202 591827 592494 588024 590877 602608 593265 569681 1.79484e+007 1.06504e+007 1.08734e+007 1.16183e+007 1.2632e+007 1.36794e+007 1.46225e+007 1.54041e+007 1.60179e+007 1.6483e+007 1.68271e+007 1.70778e+007 1.72589e+007 1.73891e+007 1.74828e+007 1.75502e+007 1.7599e+007 1.76346e+007 1.76605e+007 1.76797e+007 1.76939e+007 1.77044e+007 1.77124e+007 1.77183e+007 1.77228e+007 1.77263e+007 1.77289e+007 1.77309e+007 1.77324e+007 1.77335e+007 1.77344e+007 1.77351e+007 1.77356e+007 1.77361e+007 1.77364e+007 1.77366e+007 1.77368e+007 1.77369e+007 1.77371e+007 1.77371e+007 1.77372e+007 1.77373e+007 1.77373e+007 1.77373e+007 1.77374e+007 1.77374e+007 1.77374e+007 1.77374e+007 1.77374e+007 1.77374e+007 1.77374e+007 1.77374e+007 1.77374e+007 1.77374e+007 1.77374e+007 1.77374e+007 1.77374e+007 1.77374e+007 1.77374e+007 1.77374e+007 1.77374e+007 1.77374e+007 1.77374e+007 1.77374e+007 1.77374e+007 1.77374e+007 1.77374e+007 1.77374e+007 1.77374e+007 1.77374e+007 1.77374e+007 1.77374e+007 1.77374e+007 1.77374e+007 1.77374e+007 1.77374e+007 1.77374e+007 1.77374e+007 1.77374e+007 1.77374e+007 1.77374e+007 1.77374e+007 1.77374e+007 1.77374e+007 1.77374e+007 1.77374e+007 1.77374e+007 1.77374e+007 1.77374e+007 1.77374e+007 1.77374e+007 1.77374e+007 1.77374e+007 1.77374e+007 1.77374e+007 1.77374e+007 1.77374e+007 1.77374e+007 1.77374e+007 1.77374e+007 0 0 0 0 0 0 0 0 0 0 0 0 0 0 0 0 0 0 0 0 0 0 0 0 0
#obs survey bio
 4.15189e+006 3.23908e+006 2.4109e+006 2.37424e+006 3.17072e+006 3.44435e+006 2.75818e+006 2.49088e+006 1.33043e+006 1.6162e+006 1.85798e+006 959627 1.36547e+006 983480 1.05204e+006 631689 974474 735840 736357 732568 527848 734411 723516 534318 794301 665112 711131 325173 623942 498904 597560 509139 460426 658660 558005 493860 664198 608620 569942 459006 576383 736782 476724 405140 697853 452450 743653 544693 676686 512824 672396 633393 706236 524358
#pred catch bio
 96212.3 93393.7 164197 206097 227635 255837 312145 295750 303653 299623 288205 271022 245640 244671 230854 205787 171963 147775 146056 116507 133151 116646 119241 118504 107188 110229 95578 101203 99098.5 99540.6 96948.7 96101.5 88887.1 100793 98683.3 86470.1 90929.9 85119.4 77584 85420.9 91455.6 89015.8 92795.8 94450.5 92449.5 100672 92678.6 93903.3 97438.6 90555.8 82456.6 98208.1 106245 128090 60382.2 81839.6 82208.2 86669.5 93816.8 101403 108174 113664 117845 120893 123043 124524 125524 126190 126628 126914 127099 127218 127295 127344 127374 127394 127407 127414 127419 127423 127425 127426 127427 127427 127427 127428 127428 127428 127428 127428 127428 127428 127428 127428 127428 127428 127428 127428 127428 127428 127428 127428 127428 127428 127428 127428 127428 127428 127428 127428 127428 127428 127428 127428 127428 127428 127428 127428 127428 127428 127428 127428 127428 127428 127428 127428 127428 127428 127428 127428 127428 127428 127428 127428 127428 127428 127428 127428 127428 127428 127428 127428 127428 127428 127428 127428 127428 127428 127428 127428 127428 127428 127428 127428 0 0 0 0 0 0 0 0 0 0 0 0 0 0 0 0 0 0 0 0 0 0 0 0 0
#obs catch bio
 0 93089 165442 208076 230300 258925 318294 301471 311552 307578 295916 279716 252939 252234 238022 212186 175970 150443 149120 117837 135603 117600 120626 120125 108068 111333 96388.7 102571 100202 101066 98180.2 97710.2 90328.4 102826 100405 87516.5 92193.3 86027 78258.9 86134.6 91669.8 88951.3 93030.5 95096.6 92955.5 101621 93050.7 94539 97908.8 91243.4 82744.6 98599.9 106023 128386
#pred cpue bio
 4.64103e+006 4.41106e+006 4.1811e+006 3.88253e+006 3.56018e+006 3.24277e+006 2.92576e+006 2.5801e+006 2.2841e+006 2.00729e+006 1.75802e+006 1.53949e+006 1.3537e+006 1.20562e+006 1.06351e+006 938245 840381 778820 742448 704901 698776 670586 657976 639668 619099 608761 592444 591606 583711 577536 569963 564284 558552 560123 545151 527976 522824 515560 520958 540393 552738 557210 563451 565271 565878 569652 563745 566439 567245 563003 565919 577751 569193 546771 1.72207e+007 1.02181e+007 1.03247e+007 1.0949e+007 1.19233e+007 1.29621e+007 1.39035e+007 1.46849e+007 1.52987e+007 1.57637e+007 1.61078e+007 1.63585e+007 1.65396e+007 1.66699e+007 1.67635e+007 1.6831e+007 1.68798e+007 1.69153e+007 1.69413e+007 1.69604e+007 1.69746e+007 1.69852e+007 1.69931e+007 1.69991e+007 1.70036e+007 1.7007e+007 1.70096e+007 1.70116e+007 1.70131e+007 1.70143e+007 1.70152e+007 1.70159e+007 1.70164e+007 1.70168e+007 1.70171e+007 1.70174e+007 1.70175e+007 1.70177e+007 1.70178e+007 1.70179e+007 1.7018e+007 1.7018e+007 1.7018e+007 1.70181e+007 1.70181e+007 1.70181e+007 1.70181e+007 1.70181e+007 1.70182e+007 1.70182e+007 1.70182e+007 1.70182e+007 1.70182e+007 1.70182e+007 1.70182e+007 1.70182e+007 1.70182e+007 1.70182e+007 1.70182e+007 1.70182e+007 1.70182e+007 1.70182e+007 1.70182e+007 1.70182e+007 1.70182e+007 1.70182e+007 1.70182e+007 1.70182e+007 1.70182e+007 1.70182e+007 1.70182e+007 1.70182e+007 1.70182e+007 1.70182e+007 1.70182e+007 1.70182e+007 1.70182e+007 1.70182e+007 1.70182e+007 1.70182e+007 1.70182e+007 1.70182e+007 1.70182e+007 1.70182e+007 1.70182e+007 1.70182e+007 1.70182e+007 1.70182e+007 1.70182e+007 1.70182e+007 1.70182e+007 1.70182e+007 1.70182e+007 1.70182e+007 1.70182e+007 1.70182e+007 1.70182e+007 1.70182e+007 1.70182e+007 1.70182e+007 0 0 0 0 0 0 0 0 0 0 0 0 0 0 0 0 0 0 0 0 0 0 0 0 0
#obs cpue bio
 3.38871e+006 2.83229e+006 2.57863e+006 3.62573e+006 2.57774e+006 3.60995e+006 2.37285e+006 1.83639e+006 2.223e+006 2.15758e+006 1.37586e+006 1.28099e+006 1.01491e+006 1.21784e+006 791294 918114 672590 729748 600525 635562 771363 796001 469566 603592 529687 534146 365635 780769 530592 429648 535388 398933 436281 419512 510575 520442 391869 441751 399716 735414 906987 500336 544827 547336 442304 606973 511494 470500 588710 432617 511158 672559 675750 558379
#pred surv len freq
 0.00518235 0.00839347 0.0125935 0.0177489 0.0237268 0.0302174 0.0367028 0.0425789 0.0473815 0.050944 0.0533765 0.0549305 0.0558693 0.0563949 0.0566148 0.0565323 0.0560613 0.0550589 0.0533541 0.0507576 0.0470702 0.0421366 0.0359686 0.0288819 0.021523
 0.00551334 0.00880222 0.0129753 0.0179412 0.0235716 0.0296495 0.0358083 0.0415739 0.0465129 0.0503693 0.0530978 0.0548163 0.0557417 0.0561289 0.0562012 0.0560838 0.055763 0.0550859 0.0537892 0.0515485 0.0480488 0.043091 0.0367301 0.0293784 0.0217781
 0.00580595 0.00928722 0.0137127 0.0189668 0.0248595 0.0310729 0.0371322 0.0425132 0.0468486 0.0500566 0.0522862 0.0537584 0.0546558 0.0551113 0.05524 0.0551416 0.0548577 0.0543089 0.0532571 0.0513278 0.0481084 0.0433152 0.0369787 0.0295516 0.0218457
 0.0060304 0.00965852 0.0142852 0.0197993 0.0260064 0.032563 0.0389359 0.0445091 0.0488122 0.0516948 0.0533195 0.0540217 0.0541593 0.0540184 0.0537772 0.0535077 0.0531888 0.0527015 0.0518011 0.0501059 0.0471666 0.0426397 0.0365069 0.0292094 0.0215813
 0.00626229 0.0100282 0.0148293 0.0205509 0.0269941 0.0338075 0.0404418 0.0462525 0.0507265 0.0536553 0.0551367 0.0554586 0.0549842 0.0540806 0.0530627 0.0521403 0.0513769 0.0506705 0.0497487 0.0481869 0.0454892 0.0412611 0.0354335 0.0284109 0.0210109
 0.00654078 0.0104645 0.0154556 0.0213875 0.0280483 0.0350722 0.041893 0.0478483 0.0524121 0.0553671 0.0567985 0.0569665 0.0561946 0.0548195 0.0531683 0.051522 0.0500595 0.0487955 0.0475343 0.0458714 0.0432832 0.0393186 0.0338419 0.027194 0.0201431
 0.00682506 0.0109198 0.0161277 0.0223134 0.0292478 0.0365375 0.043577 0.0496652 0.0542529 0.0571259 0.058391 0.058332 0.0572783 0.0555502 0.0534473 0.0512382 0.0491318 0.0472221 0.0454205 0.0434178 0.0407395 0.0369254 0.0317821 0.0255672 0.0189645
 0.00717088 0.0114711 0.016937 0.0234225 0.0306805 0.0382878 0.0455956 0.0518532 0.0564721 0.0592235 0.0602277 0.0598017 0.0583155 0.0561205 0.0535272 0.0507953 0.0481232 0.0456201 0.0432558 0.0408129 0.0379082 0.0341318 0.0292754 0.0235217 0.0174487
 0.00746616 0.0119441 0.0176363 0.0243895 0.0319435 0.0398516 0.0474293 0.0538835 0.058589 0.0612962 0.0621226 0.0613967 0.0595106 0.0568446 0.0537373 0.0504678 0.0472427 0.0441797 0.0412766 0.0383775 0.0351825 0.0313533 0.026702 0.0213631 0.0158138
 0.00776246 0.0124188 0.0183378 0.0253584 0.0332063 0.0414095 0.0492462 0.0558812 0.0606563 0.0633075 0.0639556 0.0629436 0.0606815 0.0575692 0.0539651 0.050167 0.0463977 0.042791 0.0393708 0.0360285 0.0325331 0.0286156 0.0241221 0.0191591 0.0141156
 0.00811386 0.012969 0.0191269 0.0264109 0.0345283 0.0429859 0.0510337 0.0578043 0.0626128 0.0651828 0.0656389 0.0643387 0.061712 0.0581784 0.0541133 0.0498281 0.0455567 0.0414469 0.037547 0.0337907 0.0300081 0.0259939 0.0216312 0.0170083 0.0124393
 0.00842402 0.0134688 0.01987 0.0274419 0.0358721 0.0446317 0.0529209 0.0598219 0.0646189 0.0670362 0.0672245 0.0655769 0.0625545 0.0585984 0.054097 0.0493686 0.0446517 0.0401011 0.0357824 0.0316644 0.0276303 0.0235322 0.0192887 0.0149769 0.0108461
 0.0086594 0.0138519 0.0204478 0.0282591 0.0369635 0.046009 0.0545574 0.0616436 0.0665101 0.0688577 0.0688377 0.0668653 0.0634379 0.0590368 0.0540838 0.0489172 0.0437829 0.0388382 0.0341569 0.0297316 0.0254865 0.0213213 0.0171862 0.0131501 0.00940816
 0.00888056 0.0141976 0.0209432 0.0289208 0.0378001 0.0470211 0.0557337 0.0629555 0.0679075 0.0702695 0.0701763 0.0680343 0.0643443 0.0596045 0.0542638 0.048691 0.0431572 0.0378372 0.0328196 0.0281167 0.0236833 0.0194551 0.0154063 0.0115986 0.00818232
 0.00912773 0.0145957 0.0215341 0.029738 0.0388587 0.0483047 0.0571837 0.0644737 0.069377 0.0715836 0.0712589 0.0688425 0.0648566 0.0598081 0.0541488 0.0482514 0.042396 0.0367713 0.0314826 0.0265638 0.0219967 0.0177447 0.0137985 0.0102107 0.00709244
 0.00929344 0.0148735 0.0219676 0.0303727 0.0397319 0.0494288 0.0585295 0.0659629 0.070892 0.0729902 0.072434 0.0696959 0.0653423 0.0599221 0.0539159 0.0477079 0.041578 0.0357115 0.0302167 0.0251402 0.0204849 0.0162369 0.0123988 0.00901378 0.00615879
 0.0093918 0.0150323 0.0222057 0.0307099 0.0401887 0.0500245 0.0592761 0.0668565 0.0719037 0.0740619 0.0734805 0.0706178 0.0660452 0.0603365 0.0540088 0.0474823 0.0410625 0.0349477 0.0292517 0.0240276 0.01929 0.0150389 0.0112844 0.00806019 0.00541495
 0.00950902 0.0151941 0.022397 0.0309012 0.0403484 0.0501368 0.0593547 0.0669451 0.0720622 0.0743434 0.0739102 0.0711797 0.0666812 0.0609587 0.0545209 0.0478029 0.0411416 0.0347717 0.0288395 0.0234225 0.018554 0.0142469 0.0105154 0.00738438 0.00487851
 0.00950272 0.0151898 0.0224002 0.0309178 0.0403793 0.0501725 0.0593754 0.0669299 0.0720061 0.0742719 0.0738782 0.0712521 0.0669031 0.0613304 0.0549922 0.0482875 0.0415439 0.0350138 0.028879 0.0232582 0.0182212 0.0138063 0.0100389 0.0069386 0.00451081
 0.00960638 0.0153402 0.0225934 0.0311391 0.0406082 0.0503899 0.059567 0.0670851 0.0721132 0.0743179 0.0738563 0.0711726 0.0667987 0.0612477 0.0549705 0.0483372 0.0416378 0.0350976 0.0288937 0.0231643 0.0180118 0.0135079 0.00969942 0.00661015 0.00423399
 0.00948514 0.0151555 0.0223385 0.0308164 0.0402288 0.0499724 0.0591384 0.0666816 0.0717776 0.0740924 0.073772 0.071241 0.0670103 0.0615785 0.0553909 0.0488167 0.0421422 0.0355844 0.0293141 0.0234741 0.0181865 0.0135516 0.00964283 0.00649823 0.00410993
 0.00959478 0.0153169 0.0225497 0.0310638 0.0404892 0.0502184 0.0593421 0.0668174 0.0718255 0.0740427 0.0736301 0.0710292 0.0667639 0.0613373 0.0551895 0.0486774 0.0420715 0.0355722 0.0293361 0.023498 0.0181828 0.0135046 0.00955573 0.0063892 0.00400198
 0.0095929 0.0153143 0.0225465 0.0310596 0.0404831 0.0502077 0.059323 0.0667857 0.0717789 0.0739822 0.0735606 0.070958 0.0666998 0.0612898 0.0551684 0.0486914 0.0421247 0.035661 0.0294468 0.0236094 0.0182719 0.0135553 0.00956422 0.00636452 0.00396038
 0.00955044 0.0152613 0.0224962 0.0310334 0.0405037 0.0502889 0.0594609 0.0669579 0.0719517 0.0741217 0.0736425 0.0709726 0.0666517 0.0611949 0.055049 0.0485709 0.0420233 0.0355913 0.0294116 0.0236012 0.0182768 0.0135581 0.00955556 0.00634307 0.00393147
 0.00958994 0.0153128 0.0225511 0.0310783 0.0405271 0.05029 0.0594544 0.0669688 0.0720021 0.0742164 0.0737637 0.0710873 0.0667264 0.0612093 0.0550018 0.0484771 0.0419066 0.0354757 0.0293145 0.0235302 0.0182295 0.0135266 0.0095311 0.0063202 0.00390921
 0.00963864 0.0153765 0.0226179 0.031127 0.0405317 0.0502293 0.0593209 0.0667748 0.071779 0.0740088 0.0736159 0.0710288 0.066761 0.0613146 0.0551407 0.0486138 0.0420187 0.0355571 0.029371 0.0235709 0.0182613 0.0135518 0.00954876 0.00632963 0.00391136
 0.00977182 0.0155793 0.0228966 0.0314751 0.0409285 0.0506392 0.0596949 0.0670573 0.0719215 0.0739865 0.0734391 0.0707401 0.0664202 0.0609783 0.0548459 0.0483729 0.0418257 0.035399 0.0292377 0.0234585 0.0181698 0.0134815 0.00949794 0.00629459 0.00388798
 0.00978415 0.0155958 0.0229153 0.0314926 0.0409419 0.050648 0.059702 0.0670663 0.0719328 0.0739941 0.0734321 0.0707093 0.0663651 0.0609099 0.0547829 0.0483324 0.0418151 0.0354145 0.0292679 0.0234917 0.0181983 0.0135024 0.00951154 0.00630243 0.00389172
 0.00977773 0.015598 0.0229412 0.0315624 0.0410736 0.0508468 0.0599528 0.0673351 0.072177 0.0741767 0.0735305 0.070717 0.0662882 0.0607639 0.0545901 0.0481197 0.0416088 0.0352346 0.0291242 0.0233841 0.0181212 0.0134484 0.00947444 0.00627764 0.00387584
 0.0097343 0.015533 0.0228546 0.0314603 0.0409694 0.0507613 0.0599116 0.0673618 0.0722831 0.0743531 0.0737472 0.0709317 0.0664616 0.0608707 0.0546239 0.0480903 0.0415362 0.0351419 0.0290316 0.0233049 0.0180606 0.0134058 0.00944632 0.00625985 0.00386499
 0.00975624 0.0155602 0.02288 0.0314727 0.040957 0.0507179 0.0598415 0.0672815 0.0722172 0.0743266 0.0737759 0.0710155 0.0665828 0.0609999 0.0547303 0.0481525 0.041548 0.0351112 0.0289748 0.0232395 0.0180002 0.0133576 0.00941197 0.00623748 0.0038515
 0.00975698 0.0155631 0.022887 0.0314854 0.0409748 0.0507358 0.0598498 0.067269 0.0721776 0.0742641 0.0737072 0.0709639 0.0665681 0.0610291 0.0547943 0.0482303 0.0416166 0.0351544 0.0289881 0.0232286 0.017976 0.0133304 0.00938849 0.00622042 0.00384063
 0.00962251 0.0153744 0.0226585 0.0312491 0.0407716 0.0506005 0.0597989 0.0672969 0.0722623 0.074377 0.0738231 0.0710681 0.0666589 0.0611144 0.0548841 0.0483291 0.0417197 0.0352504 0.0290655 0.0232814 0.0180051 0.0133421 0.00939031 0.00621826 0.00383787
 0.0092524 0.0148236 0.021926 0.0303716 0.0398184 0.0496617 0.0589726 0.0666758 0.0719173 0.0743391 0.0740738 0.0715474 0.0672859 0.061811 0.0555898 0.0490041 0.0423398 0.0358003 0.0295342 0.0236626 0.0182986 0.013555 0.00953527 0.00631072 0.00389294
 0.00926427 0.0148067 0.0218354 0.030148 0.0394095 0.0490527 0.0582098 0.0658647 0.0711917 0.0738172 0.0738244 0.071579 0.067557 0.0622518 0.0561238 0.0495653 0.0428801 0.0362902 0.0299577 0.0240123 0.0185734 0.0137587 0.00967667 0.00640207 0.00394759
 0.010116 0.0160113 0.0233128 0.0317049 0.0407869 0.0500073 0.0585862 0.0656272 0.0704166 0.0726627 0.0724917 0.0702682 0.0664254 0.061386 0.0555379 0.0492199 0.0427115 0.0362341 0.0299633 0.0240452 0.0186127 0.0137935 0.00970265 0.00641892 0.00395718
 0.0107761 0.0170503 0.0248036 0.033668 0.0431578 0.0526038 0.061097 0.0676571 0.0715966 0.0727807 0.0715697 0.068542 0.0642468 0.0591067 0.0534261 0.0474282 0.0412877 0.0351545 0.0291696 0.0234729 0.0182064 0.0135106 0.0095114 0.00629504 0.00388136
 0.0106964 0.0170268 0.0249638 0.0341938 0.0442356 0.0543424 0.0634507 0.0703963 0.0743428 0.0750963 0.0730686 0.0689913 0.0636266 0.0576048 0.0513672 0.0451687 0.0391227 0.0332695 0.0276414 0.0222995 0.017344 0.0129016 0.0090991 0.00602956 0.00372045
 0.0102561 0.0163749 0.0241088 0.0332042 0.0432453 0.0535442 0.0630727 0.0706515 0.0753516 0.0768087 0.0752364 0.0712209 0.0654987 0.0588072 0.0517807 0.0448752 0.038342 0.0322647 0.0266348 0.0214307 0.0166693 0.0124186 0.00877596 0.00582632 0.00360037
 0.00989569 0.015795 0.0232508 0.0320282 0.0417518 0.0518033 0.0612497 0.0690044 0.074186 0.0763964 0.0757264 0.0725776 0.0674933 0.0610738 0.053923 0.0465839 0.0394723 0.0328431 0.0268035 0.0213665 0.0165187 0.0122704 0.00866602 0.00575762 0.00356251
 0.00980681 0.0156365 0.0229851 0.0316087 0.0411304 0.0509454 0.0601551 0.0677275 0.0728474 0.0751792 0.0748496 0.0722432 0.0678195 0.0620393 0.0553555 0.0482065 0.0409946 0.0340529 0.027617 0.0218194 0.0167149 0.0123227 0.00865882 0.00573731 0.00354676
 0.00991118 0.0157819 0.0231574 0.0317753 0.0412429 0.0509477 0.0599923 0.0673563 0.0722497 0.0743785 0.0739259 0.0713339 0.0670972 0.0616648 0.0554201 0.0486907 0.041768 0.0349221 0.0283993 0.0224021 0.0170741 0.0125007 0.00872293 0.00574676 0.0035385
 0.0100512 0.0159891 0.0234305 0.0320971 0.0415817 0.0512605 0.060229 0.067464 0.07218 0.0740995 0.0734354 0.0706704 0.0663441 0.060942 0.0548592 0.0483956 0.041776 0.0351869 0.0288104 0.022832 0.0174266 0.0127358 0.00885005 0.00580002 0.00355301
 0.010069 0.0160382 0.0235403 0.032304 0.0419155 0.0517253 0.0607875 0.068038 0.072669 0.074409 0.0735003 0.0704683 0.0658977 0.0603171 0.054156 0.0477308 0.0412543 0.0348701 0.0286989 0.022872 0.0175397 0.0128531 0.00893395 0.00584384 0.00356788
 0.0099853 0.0159217 0.0234027 0.0321722 0.0418286 0.051727 0.0609155 0.0683108 0.0730736 0.0748938 0.0739809 0.0708476 0.0660954 0.0602944 0.0539275 0.0473591 0.0408309 0.0344873 0.0284217 0.0227215 0.0174951 0.0128714 0.00897267 0.00587676 0.00358657
 0.00987581 0.0157518 0.0231631 0.0318629 0.041463 0.0513353 0.0605471 0.0680299 0.0729447 0.0749608 0.0742478 0.0712716 0.066595 0.0607724 0.0543 0.0475809 0.0409055 0.0344589 0.0283522 0.0226641 0.0174769 0.0128913 0.00901305 0.00591831 0.00361781
 0.0098909 0.0157716 0.0231837 0.031877 0.0414604 0.0513061 0.0604847 0.0679358 0.0728323 0.0748559 0.0741842 0.0712792 0.0666859 0.060931 0.054485 0.0477402 0.0409975 0.0344693 0.0282972 0.0225787 0.0173962 0.0128363 0.0089869 0.00591256 0.00362141
 0.00983691 0.0156867 0.0230617 0.0317143 0.0412576 0.051069 0.0602262 0.0676751 0.0725935 0.0746641 0.0740626 0.0712474 0.0667564 0.0611043 0.0547444 0.0480503 0.0413117 0.034744 0.0285059 0.022718 0.0174809 0.0128874 0.00902133 0.00593877 0.00364163
 0.00981856 0.0156555 0.0230122 0.0316406 0.0411544 0.0509339 0.0600615 0.0674892 0.0724001 0.0744801 0.0739064 0.0711367 0.066707 0.0611276 0.0548439 0.0482182 0.0415268 0.0349754 0.0287214 0.0228945 0.0176099 0.0129736 0.00907597 0.00597309 0.00366337
 0.00980574 0.0156413 0.0230026 0.0316442 0.0411784 0.0509791 0.0601183 0.0675394 0.0724221 0.0744582 0.0738364 0.0710275 0.0665778 0.0610031 0.0547481 0.0481686 0.0415301 0.035025 0.0288005 0.0229819 0.0176879 0.0130329 0.00911576 0.00599747 0.0036776
 0.0096224 0.0153712 0.0226486 0.0312287 0.0407392 0.0505603 0.0597628 0.0672819 0.0722844 0.0744442 0.0739312 0.0712031 0.0668026 0.0612513 0.0550042 0.0484268 0.0417891 0.0352827 0.0290499 0.0232116 0.0178856 0.0131899 0.00923008 0.0060738 0.00372439
 0.0093789 0.0149894 0.022102 0.0305071 0.0398562 0.0495619 0.0587323 0.0663338 0.0715402 0.0739998 0.0738312 0.0714339 0.0673045 0.06194 0.0557928 0.0492411 0.0425751 0.0360061 0.0296908 0.0237586 0.0183325 0.0135362 0.00948176 0.00624377 0.00383025
 0.00920267 0.014733 0.0217711 0.0301235 0.0394483 0.0491514 0.0583267 0.0659318 0.0711464 0.0736377 0.0735447 0.0712742 0.0673102 0.0621215 0.0561287 0.0496867 0.0430772 0.036516 0.0301711 0.0241846 0.0186901 0.0138194 0.00969204 0.00638876 0.0039223
 0.00890341 0.0143021 0.0212263 0.0295185 0.0388595 0.0486542 0.0579746 0.0657444 0.0711093 0.0737105 0.0736765 0.0714233 0.0674605 0.0622841 0.0563293 0.0499461 0.0433976 0.0368793 0.0305475 0.024543 0.0190059 0.0140778 0.00988834 0.00652659 0.00401122
#obs surv len freq
 nan nan nan nan nan nan nan nan nan nan nan nan nan nan nan nan nan nan nan nan nan nan nan nan nan
 0.0044838 0.00734477 0.0111744 0.0159906 0.0216913 0.027967 0.0342813 0.0400128 0.0446926 0.0481566 0.0505146 0.0520106 0.052903 0.0534155 0.0537298 0.0539848 0.0542634 0.0545561 0.0546949 0.0542868 0.0527249 0.049357 0.0438067 0.0362866 0.0276701
 0.00461392 0.00755806 0.0114983 0.0164508 0.0223054 0.0287347 0.0351752 0.0409753 0.0456442 0.0490115 0.0511967 0.0524651 0.0531017 0.0533572 0.0534361 0.0534922 0.053615 0.0537942 0.0538582 0.053412 0.0518505 0.0485257 0.0430629 0.0356679 0.0271972
 0.00477717 0.00782504 0.0119031 0.0170261 0.0230764 0.0297088 0.0363306 0.0422562 0.0469657 0.0502731 0.0522976 0.0533162 0.0536354 0.0535341 0.0532484 0.0529617 0.0527865 0.0527267 0.0526174 0.0520679 0.0504778 0.0472046 0.0418727 0.0346743 0.0264365
 0.00496841 0.00813844 0.0123795 0.017705 0.0239887 0.0308645 0.0377065 0.0437908 0.048567 0.0518341 0.0537113 0.0544846 0.0544743 0.0539778 0.0532553 0.0525196 0.051915 0.0514754 0.0510621 0.0503057 0.048624 0.0453865 0.0402163 0.0332823 0.0253667
 0.00517918 0.00848271 0.0129008 0.0184454 0.0249813 0.0321213 0.0392057 0.045471 0.0503348 0.0535802 0.0553257 0.0558664 0.0555347 0.0546416 0.0534633 0.0522326 0.0511202 0.0501937 0.0493541 0.0482744 0.0464122 0.043165 0.0381599 0.0315368 0.024017
 0.0054048 0.00885326 0.0134654 0.0192523 0.0260683 0.0335015 0.0408521 0.0473122 0.052265 0.0554799 0.0570804 0.0573757 0.0567141 0.05542 0.0537805 0.0520404 0.0503867 0.0489141 0.0475643 0.0460651 0.0439342 0.0406184 0.0357624 0.0294773 0.0224116
 0.00564453 0.00924496 0.0140588 0.0200955 0.0271992 0.034934 0.0425612 0.0492278 0.0542805 0.0574717 0.0589271 0.0589702 0.0579684 0.0562639 0.0541582 0.051906 0.0497041 0.0476648 0.0457644 0.0437867 0.041321 0.0378807 0.0331443 0.0272009 0.020621
 0.00588367 0.00963715 0.0146554 0.0209466 0.0283442 0.0363864 0.0442933 0.0511654 0.0563139 0.0594765 0.0607839 0.0605754 0.0592366 0.0571268 0.0545613 0.051805 0.0490632 0.046461 0.0440029 0.0415243 0.0386879 0.0350833 0.030435 0.0248196 0.0187315
 0.0061282 0.0100375 0.0152631 0.0218115 0.0295052 0.0378562 0.0460429 0.0531184 0.0583569 0.0614807 0.0626265 0.0621521 0.0604652 0.0579458 0.054925 0.0516776 0.0484151 0.0452715 0.0422734 0.0393018 0.0360896 0.032304 0.0277226 0.0224174 0.016812
 0.00637034 0.010435 0.0158686 0.0226762 0.0306687 0.0393307 0.0477968 0.0550709 0.0603898 0.0634615 0.0644304 0.063675 0.0616277 0.0586919 0.0552173 0.0514909 0.0477307 0.0440774 0.0405743 0.0371409 0.0335727 0.0296108 0.0250869 0.0200737 0.014931
 0.00660645 0.0108233 0.0164612 0.0235243 0.0318122 0.0407823 0.0495252 0.0569951 0.0623901 0.0654029 0.0661851 0.0651367 0.0627175 0.0593572 0.055428 0.0512324 0.046997 0.0428686 0.0389039 0.0350535 0.0311669 0.0270508 0.0225865 0.0178497 0.0131431
 0.00681675 0.0111709 0.0169949 0.0242933 0.0328563 0.0421163 0.0511232 0.0587843 0.0642607 0.0672284 0.0678433 0.0665228 0.0637507 0.0599827 0.0556145 0.0509674 0.0462807 0.0417102 0.0373257 0.0331044 0.0289405 0.024696 0.0202947 0.0158144 0.011507
 0.00704094 0.0115341 0.0175392 0.0250571 0.0338675 0.0433811 0.0526138 0.0604339 0.065971 0.068887 0.0693407 0.0677645 0.0646632 0.0605151 0.0557378 0.0506709 0.0455674 0.0405944 0.0358355 0.0312917 0.0268951 0.022553 0.0182233 0.0139831 0.0100388
 0.00731384 0.011977 0.0182036 0.0259879 0.0350916 0.0448905 0.0543507 0.0622893 0.0678042 0.0705565 0.0707312 0.0687989 0.0652999 0.06074 0.0555555 0.0500973 0.0446249 0.0393108 0.0342473 0.0294541 0.0248936 0.0205093 0.0162844 0.0122918 0.00869581
 0.00742904 0.0121831 0.0185486 0.0265283 0.0358798 0.0459546 0.0556745 0.0638049 0.069402 0.0721077 0.0721114 0.0699054 0.0660612 0.0611187 0.0555436 0.0497083 0.043885 0.0382534 0.0329139 0.027901 0.0232008 0.0187844 0.0146533 0.0108739 0.0075732
 0.00751789 0.0123192 0.0187399 0.0267816 0.0362062 0.046375 0.0562187 0.064502 0.070263 0.0731087 0.0731873 0.0709587 0.0669833 0.0618122 0.0559391 0.0497697 0.0436068 0.0376538 0.0320298 0.0267876 0.0219345 0.017463 0.0133867 0.00976435 0.00669088
 0.00757084 0.0124022 0.0188587 0.0269389 0.0364011 0.046603 0.0564744 0.064784 0.0705805 0.0734828 0.0736425 0.0715048 0.0675977 0.0624347 0.0564836 0.0501474 0.0437476 0.0375201 0.0316204 0.0261351 0.0211019 0.016537 0.0124656 0.0089394 0.00602593
 0.00767483 0.0125595 0.0190734 0.0272066 0.0367099 0.0469358 0.0568102 0.0651005 0.0708579 0.0737109 0.0738266 0.0716659 0.0677631 0.0626228 0.0566881 0.0503314 0.0438525 0.0374848 0.0314026 0.0257262 0.0205314 0.0158671 0.0117766 0.0083095 0.00551185
 0.00771286 0.0126225 0.0191699 0.0273441 0.0368917 0.0471569 0.0570555 0.0653456 0.0710771 0.0738855 0.0739513 0.0717494 0.0678244 0.0626835 0.0567636 0.0504211 0.0439346 0.0375191 0.0313433 0.0255412 0.0202173 0.0154541 0.0113201 0.00787191 0.00514338
 0.00777883 0.0127207 0.0193011 0.0275037 0.0370719 0.0473499 0.0572544 0.0655438 0.0712649 0.07405 0.0740779 0.0718272 0.0678517 0.0626695 0.0567255 0.0503758 0.0438895 0.0374656 0.0312592 0.0254 0.0200036 0.0151746 0.0110041 0.00756104 0.00487557
 0.00782585 0.0127946 0.0194071 0.0276437 0.0372431 0.047543 0.0574535 0.0657289 0.071418 0.0741604 0.0741446 0.0718557 0.0678487 0.0626405 0.0566752 0.0503105 0.0438152 0.0373845 0.0311657 0.0252822 0.0198502 0.0149841 0.0107897 0.00734719 0.00468778
 0.0078636 0.0128526 0.0194882 0.0277483 0.0373692 0.0476863 0.0576071 0.0658829 0.0715596 0.0742766 0.0742249 0.0718953 0.0678492 0.0626084 0.0566191 0.0502382 0.0437327 0.0372951 0.031069 0.0251743 0.0197262 0.0148428 0.0106374 0.00719728 0.00455591
 0.00787371 0.012867 0.0195061 0.0277679 0.0373884 0.047704 0.0576241 0.0659019 0.0715846 0.074311 0.0742696 0.0719479 0.0679041 0.0626585 0.0566583 0.0502628 0.0437414 0.0372879 0.0310457 0.0251338 0.0196674 0.0147665 0.0105488 0.00710592 0.00447267
 0.00787767 0.0128697 0.0195033 0.0277537 0.0373567 0.0476516 0.0575534 0.0658212 0.0715069 0.0742502 0.0742382 0.0719528 0.0679459 0.062731 0.0567501 0.0503606 0.0438328 0.0373635 0.0310997 0.0251633 0.0196717 0.0147478 0.0105124 0.00705982 0.00442605
 0.00787905 0.0128678 0.0194928 0.0277269 0.0373055 0.0475703 0.057442 0.0656868 0.0713632 0.0741154 0.0741311 0.07189 0.0679372 0.0627781 0.0568456 0.0504898 0.0439776 0.037506 0.0312252 0.0252619 0.0197391 0.0147843 0.010523 0.00705224 0.00440916
 0.00790201 0.0129009 0.0195344 0.027772 0.037346 0.0475966 0.0574439 0.0656563 0.0712964 0.0740158 0.0740099 0.0717649 0.0678286 0.0627035 0.0568156 0.0505059 0.0440322 0.0375853 0.0313127 0.0253429 0.019803 0.0148265 0.010544 0.00705688 0.00440388
 0.00789323 0.0128878 0.0195168 0.0277502 0.0373205 0.0475671 0.0574091 0.0656142 0.0712452 0.0739548 0.0739414 0.0716943 0.0677645 0.0626566 0.0567961 0.0505206 0.0440819 0.0376638 0.0314081 0.0254409 0.0198904 0.0148947 0.01059 0.00708285 0.00441514
 0.00788576 0.012874 0.0194932 0.027713 0.0372669 0.0474975 0.0573283 0.0655307 0.0711686 0.0738923 0.0738957 0.0716642 0.0677479 0.0626523 0.0568057 0.0505476 0.0441294 0.0377319 0.0314925 0.0255325 0.0199784 0.0149695 0.0106462 0.00711981 0.00443605
 0.00784517 0.0128088 0.0193968 0.0275802 0.0370958 0.0472918 0.0570995 0.0652986 0.0709582 0.0737283 0.0737967 0.0716387 0.0677928 0.0627557 0.0569511 0.0507185 0.0443128 0.0379185 0.0316749 0.0257035 0.0201304 0.0150957 0.0107426 0.00718687 0.00447803
 0.00785639 0.0128171 0.0193909 0.0275437 0.0370119 0.0471497 0.0569013 0.0650602 0.070706 0.0734923 0.0736043 0.0715105 0.0677402 0.06278 0.0570438 0.0508641 0.0444923 0.0381138 0.0318706 0.0258878 0.020294 0.015232 0.0108483 0.00726207 0.00452673
 0.00783454 0.0127875 0.0193565 0.0275095 0.0369804 0.0471173 0.0568561 0.0649856 0.0705894 0.0733339 0.0734205 0.0713299 0.0675941 0.0626929 0.0570279 0.050918 0.0446042 0.0382654 0.0320419 0.0260603 0.0204533 0.0153679 0.0109553 0.00733964 0.00457802
 0.00778626 0.0127065 0.0192309 0.0273288 0.0367408 0.0468274 0.0565402 0.0646802 0.0703311 0.0731471 0.0733112 0.0712908 0.0676146 0.0627667 0.0571535 0.0510945 0.0448259 0.0385194 0.0323099 0.026322 0.0206904 0.0155674 0.0111109 0.00745148 0.00465173
 0.007774 0.0126816 0.0191839 0.0272474 0.0366122 0.0466426 0.0562996 0.0643967 0.0700308 0.0728642 0.073081 0.0711396 0.0675538 0.0627928 0.0572537 0.0512535 0.0450298 0.0387551 0.0325627 0.026575 0.020926 0.0157707 0.0112727 0.00756978 0.00473074
 0.00775141 0.0126476 0.0191376 0.0271885 0.0365398 0.0465539 0.0561887 0.0642573 0.06986 0.0726676 0.0728746 0.0709484 0.0674058 0.0627107 0.0572488 0.0513244 0.0451649 0.0389376 0.032774 0.0267963 0.0211393 0.0159602 0.0114275 0.00768549 0.00480948
 0.00930663 0.014821 0.0217532 0.0298649 0.038802 0.0480112 0.0566749 0.0638541 0.0688104 0.0712517 0.0713216 0.0694085 0.0659646 0.0614149 0.0561243 0.0503836 0.0444085 0.0383553 0.0323471 0.0265006 0.0209481 0.015847 0.0113676 0.00765833 0.0047999
 0.00930798 0.0151093 0.0226911 0.0318994 0.0422691 0.0528716 0.062348 0.069313 0.0729475 0.0733162 0.0711666 0.0674303 0.06283 0.0577764 0.0524613 0.0469791 0.0413994 0.0357921 0.0302343 0.0248175 0.0196581 0.014902 0.0107112 0.00722966 0.004539
 0.00897427 0.0145897 0.0219728 0.0310407 0.0414486 0.052419 0.0627008 0.070858 0.0757834 0.077081 0.0750862 0.0706102 0.0646261 0.0580168 0.0514115 0.0451297 0.0392386 0.0336759 0.0283641 0.0232771 0.0184594 0.0140181 0.0100957 0.00682755 0.00429442
 0.00879888 0.0142917 0.0215017 0.0303464 0.0405018 0.0512471 0.0614305 0.0697395 0.0751638 0.0773049 0.0763404 0.0727844 0.0672893 0.0605579 0.0532842 0.0460574 0.0392666 0.0330698 0.0274506 0.0223222 0.0176231 0.0133658 0.00963091 0.00652214 0.00410917
 0.00872418 0.0141656 0.021302 0.0300465 0.0400727 0.0506643 0.0606862 0.0688621 0.0742392 0.0764907 0.0758531 0.0728425 0.0680157 0.0618892 0.0549517 0.0476761 0.0404917 0.0337278 0.0275715 0.0220737 0.0172067 0.0129393 0.00928072 0.00627399 0.00395278
 0.00869442 0.0141157 0.0212238 0.0299299 0.0399061 0.0504348 0.0603818 0.0684739 0.0737675 0.0759558 0.0753101 0.0723912 0.0677895 0.062012 0.0554733 0.0485227 0.0414732 0.0346119 0.028182 0.0223533 0.0172124 0.0127859 0.009079 0.00609515 0.00382469
 0.00868009 0.014089 0.0211772 0.0298543 0.0397926 0.0502778 0.060181 0.0682343 0.0734962 0.0756599 0.0749983 0.0720823 0.0675231 0.061852 0.0554927 0.0487693 0.0419326 0.0351955 0.0287565 0.0227987 0.0174701 0.0128701 0.00904962 0.00601883 0.00374814
 0.00867962 0.0140884 0.0211764 0.0298523 0.0397866 0.0502622 0.0601473 0.0681726 0.0733983 0.0755218 0.0748226 0.0718778 0.0673066 0.0616506 0.0553457 0.0487216 0.0420169 0.0354106 0.0290578 0.0231117 0.0177235 0.0130255 0.0091103 0.00601577 0.00371744
 0.00870129 0.0141227 0.0212259 0.0299185 0.0398687 0.0503562 0.0602444 0.0682594 0.0734579 0.0755374 0.0747816 0.0717752 0.0671477 0.061452 0.0551346 0.0485335 0.0418884 0.0353674 0.0291023 0.0232189 0.0178507 0.013132 0.00917402 0.00603743 0.00371193
 0.00865727 0.0140613 0.0211523 0.029844 0.0398079 0.0503218 0.0602433 0.0682906 0.073514 0.0756064 0.0748487 0.0718255 0.0671684 0.0614363 0.0550849 0.0484629 0.0418187 0.0353229 0.0291002 0.023261 0.0179225 0.0132097 0.00923672 0.00607538 0.00372731
 0.00864288 0.0140318 0.0210976 0.0297529 0.0396737 0.0501491 0.0600525 0.0681148 0.0733883 0.0755544 0.0748743 0.0719135 0.067292 0.0615671 0.0552004 0.0485516 0.0418811 0.0353692 0.0291447 0.0233145 0.0179867 0.0132773 0.0092967 0.00611942 0.00375355
 0.00864324 0.0140314 0.0210945 0.0297437 0.0396524 0.0501078 0.0599831 0.0680136 0.0732608 0.0754181 0.0747553 0.0718375 0.0672739 0.0616048 0.0552778 0.0486461 0.0419734 0.035449 0.0292114 0.0233729 0.0180417 0.0133298 0.00934336 0.00615615 0.00377835
 0.0086283 0.0140099 0.0210673 0.0297131 0.0396215 0.0500783 0.0599545 0.0679821 0.0732212 0.075366 0.0746911 0.071769 0.0672151 0.0615716 0.0552803 0.0486842 0.0420374 0.0355248 0.0292868 0.0234413 0.0181011 0.0133804 0.00938521 0.00618851 0.00380094
 0.00862692 0.0140052 0.021056 0.0296912 0.0395857 0.0500288 0.0598958 0.0679226 0.0731692 0.0753264 0.0746634 0.0717487 0.0671986 0.0615589 0.0552765 0.048696 0.0420687 0.0355739 0.0293469 0.023504 0.0181597 0.0134307 0.00942565 0.00621886 0.00382194
 0.00862501 0.0140054 0.0210619 0.0297074 0.0396156 0.0500715 0.0599446 0.0679663 0.0731965 0.0753305 0.0746443 0.0717115 0.0671501 0.0615053 0.0552232 0.0486483 0.0420323 0.0355531 0.0293428 0.0235141 0.0181787 0.0134531 0.00944698 0.00623655 0.00383499
 0.00862501 0.0140054 0.0210619 0.0297074 0.0396156 0.0500715 0.0599446 0.0679663 0.0731965 0.0753305 0.0746443 0.0717115 0.0671501 0.0615053 0.0552232 0.0486483 0.0420323 0.0355531 0.0293428 0.0235141 0.0181787 0.0134531 0.00944698 0.00623655 0.00383499
 0.00856001 0.0139031 0.0209151 0.0295133 0.0393787 0.0498062 0.0596762 0.0677278 0.0730203 0.0752384 0.0746414 0.0717875 0.0672854 0.0616781 0.055414 0.048842 0.0422184 0.0357255 0.0294983 0.0236507 0.0182949 0.0135476 0.00951943 0.00628831 0.00386912
 0.0086397 0.0140226 0.0210757 0.0297083 0.0395934 0.0500196 0.0598637 0.0678646 0.0730875 0.0752285 0.0745609 0.0716538 0.0671206 0.0615026 0.0552431 0.0486859 0.0420829 0.0356137 0.029411 0.0235873 0.0182527 0.0135227 0.009507 0.00628368 0.00386849
 0.0088095 0.0142975 0.0214855 0.030275 0.0403209 0.0508802 0.0607882 0.0687473 0.0738085 0.0756874 0.0747038 0.071482 0.0666822 0.0608739 0.0545086 0.0479225 0.0413509 0.0349539 0.0288467 0.0231275 0.0178964 0.013261 0.00932601 0.00616664 0.00379824
#pred catch len freq
 0.00450582 0.00715717 0.0104927 0.0144484 0.0189795 0.0240322 0.0294732 0.0350641 0.0405133 0.0455519 0.0499778 0.0536715 0.0565948 0.0587714 0.0602429 0.0610229 0.0610758 0.0603204 0.0586403 0.055884 0.0518711 0.0464553 0.0396637 0.0318523 0.0237377
 0.0048075 0.00754084 0.0108771 0.0147034 0.0189755 0.0237109 0.028894 0.0343872 0.0399209 0.0451529 0.0497565 0.0535063 0.0563333 0.0583168 0.0596123 0.0603534 0.0605753 0.0601826 0.0589573 0.0566001 0.0528045 0.0473769 0.0403917 0.0323103 0.0239526
 0.00510668 0.00801924 0.0115742 0.0156293 0.0200854 0.024881 0.0299237 0.0350504 0.0400593 0.0447584 0.048977 0.0525611 0.0553943 0.0574406 0.0587642 0.0594927 0.0597313 0.0594653 0.0585007 0.0564788 0.052983 0.0477247 0.0407514 0.0325696 0.0240778
 0.00535386 0.00841517 0.0121615 0.0164496 0.0211763 0.0262643 0.0315781 0.0368769 0.0418617 0.046266 0.0499217 0.0527788 0.0548898 0.0563694 0.0573439 0.0579131 0.0581221 0.0579221 0.0571176 0.0553438 0.0521426 0.0471581 0.0403834 0.0323141 0.0238762
 0.00560476 0.00880672 0.0127223 0.017201 0.0221365 0.0274517 0.0330078 0.0385476 0.0437321 0.0482292 0.0517895 0.0542981 0.055803 0.0565006 0.0566644 0.0565452 0.056283 0.0558505 0.0550242 0.053394 0.0504506 0.0457812 0.0393231 0.0315324 0.0233203
 0.0059103 0.00927684 0.0133814 0.0180571 0.0231855 0.0286832 0.0344079 0.0400965 0.0454014 0.0499759 0.0535436 0.0559452 0.0571748 0.057391 0.0568809 0.0559768 0.0549495 0.0539034 0.0527016 0.0509567 0.0481281 0.0437399 0.0376553 0.0302611 0.0224159
 0.00625689 0.00981641 0.0141493 0.0190716 0.0244468 0.030173 0.0360858 0.0418986 0.0472469 0.0517802 0.0552299 0.0574446 0.0584135 0.058273 0.057281 0.0557603 0.0540192 0.0522539 0.0504483 0.0483213 0.0453867 0.0411576 0.0354327 0.0285069 0.0211459
 0.00662759 0.0103948 0.0149757 0.0201703 0.0258264 0.0318251 0.0379783 0.0439671 0.0493928 0.0538798 0.0571521 0.0590716 0.059654 0.0590623 0.0575662 0.0554836 0.0531178 0.0506881 0.0482475 0.0456192 0.0424184 0.0382126 0.0327833 0.0263431 0.0195425
 0.00697943 0.0109436 0.0157598 0.0212132 0.0271382 0.0334024 0.0397987 0.0459817 0.0515212 0.0560131 0.0591625 0.0608254 0.0610287 0.0599604 0.0579211 0.0552529 0.0522729 0.0492139 0.046164 0.0430165 0.0394805 0.035203 0.0299883 0.0239952 0.0177631
 0.00733343 0.0114958 0.0165484 0.0222612 0.0284536 0.0349781 0.0416076 0.0479701 0.0536076 0.0580938 0.0611207 0.0625415 0.0623892 0.0608677 0.0582994 0.0550511 0.0514623 0.0477885 0.0441501 0.0404952 0.0366106 0.0322212 0.0271692 0.0215819 0.0159016
 0.00774351 0.0121257 0.017429 0.0234001 0.0298397 0.036588 0.0434055 0.0499026 0.0555992 0.0600493 0.0629334 0.0641035 0.0636022 0.0616495 0.0585873 0.0548006 0.0506463 0.0463996 0.0422115 0.0380796 0.03386 0.0293492 0.0244306 0.0192121 0.014052
 0.00811172 0.0127025 0.0182567 0.0245042 0.0312257 0.0382374 0.045269 0.0518971 0.0576157 0.0619696 0.0646464 0.065515 0.0646377 0.0622538 0.0587219 0.0544409 0.0497786 0.0450232 0.0403487 0.0357939 0.0312755 0.0266548 0.0218554 0.0169724 0.012292
 0.00838734 0.0131384 0.0188911 0.0253676 0.0323395 0.0396091 0.0468828 0.053703 0.0595254 0.0638627 0.0663865 0.0669719 0.0657073 0.0628699 0.0588553 0.0540882 0.0489502 0.0437377 0.0386378 0.0337189 0.0289451 0.0242322 0.0195396 0.0149533 0.0106991
 0.0086962 0.0136102 0.0195462 0.0262082 0.0333556 0.0407861 0.0482035 0.055142 0.0610407 0.0653896 0.0678381 0.0682458 0.0666998 0.0634927 0.0590492 0.0538278 0.0482398 0.0426023 0.0371202 0.0318852 0.0268968 0.0221118 0.0175168 0.0131898 0.00930565
 0.00901465 0.0141071 0.0202546 0.0271443 0.0345151 0.0421412 0.0496988 0.0566961 0.0625578 0.0667777 0.0690231 0.0691739 0.0673316 0.0637964 0.058999 0.0534075 0.0474477 0.0414552 0.0356557 0.0301665 0.0250177 0.0201979 0.0157125 0.0116293 0.00807856
 0.00921262 0.0144269 0.0207326 0.0278144 0.0354037 0.0432579 0.0510241 0.0581722 0.0640893 0.0682448 0.0703023 0.0701615 0.0679611 0.0640428 0.0588701 0.0529284 0.0466482 0.0403664 0.0343159 0.0286304 0.0233656 0.0185358 0.0141604 0.0102966 0.00703604
 0.00927775 0.0145342 0.0208984 0.028059 0.0357528 0.0437417 0.0516719 0.0590009 0.0650902 0.0693712 0.0714681 0.0712531 0.0688607 0.0646547 0.0591384 0.0528396 0.0462218 0.0396414 0.0333416 0.0274668 0.0220875 0.0172353 0.0129384 0.00924382 0.00621083
 0.00935137 0.0146323 0.0210072 0.0281553 0.0358147 0.0437646 0.05168 0.0590477 0.0652436 0.0696906 0.0719805 0.0719381 0.069649 0.0654414 0.0598077 0.0532922 0.0463951 0.0395156 0.0329357 0.026829 0.0212888 0.0163621 0.0120827 0.00848709 0.00560771
 0.00936717 0.0146597 0.0210505 0.0282163 0.0358889 0.0438375 0.0517288 0.0590511 0.0651983 0.0696255 0.0719551 0.0720223 0.0698912 0.0658425 0.0603137 0.0538093 0.0468181 0.0397582 0.0329507 0.0266154 0.0208868 0.0158411 0.0115243 0.00796733 0.00518027
 0.00937301 0.0146646 0.0210499 0.028205 0.0358642 0.0438026 0.0516937 0.0590279 0.0651938 0.0696368 0.0719754 0.0720532 0.0699517 0.0659635 0.0605182 0.0540909 0.0471327 0.0400359 0.0331206 0.0266319 0.0207439 0.0155718 0.0111872 0.00762619 0.00488547
 0.00932544 0.014591 0.0209459 0.0280681 0.0356934 0.043599 0.051462 0.0587807 0.0649537 0.069435 0.0718446 0.0720174 0.0700207 0.0661341 0.0607793 0.0544255 0.0475139 0.0404217 0.0334578 0.0268696 0.0208521 0.0155524 0.0110722 0.00746345 0.00472106
 0.00938527 0.0146775 0.0210559 0.0281915 0.0358154 0.0437034 0.0515347 0.0588103 0.0649321 0.0693591 0.0717195 0.0718594 0.0698559 0.0659927 0.0606876 0.0543993 0.0475541 0.0405135 0.0335717 0.0269688 0.0209036 0.01554 0.0110016 0.00735793 0.0046094
 0.00940662 0.0147093 0.021098 0.0282412 0.0358671 0.0437492 0.0515652 0.0588161 0.0649069 0.0693016 0.0716344 0.0717563 0.0697478 0.0658947 0.0606156 0.0543673 0.0475701 0.0405752 0.0336646 0.0270687 0.0209841 0.0155818 0.0109996 0.00732169 0.00455662
 0.00937848 0.0146764 0.0210722 0.0282407 0.0359108 0.0438479 0.0517142 0.0589942 0.0650819 0.0694406 0.0717127 0.0717631 0.0696869 0.0657823 0.0604757 0.0542259 0.0474501 0.0404915 0.0336207 0.0270563 0.0209871 0.0155832 0.0109883 0.00729606 0.00452276
 0.00938001 0.0146726 0.0210557 0.0282036 0.0358499 0.0437714 0.0516441 0.058961 0.0651108 0.0695374 0.0718582 0.0719201 0.0698163 0.065857 0.0604886 0.0541881 0.0473835 0.0404197 0.0335616 0.0270177 0.0209665 0.0155721 0.0109779 0.00728156 0.00450446
 0.00945313 0.0147731 0.0211728 0.0283142 0.0359244 0.0437825 0.0515771 0.0588202 0.0649217 0.0693413 0.0717006 0.0718347 0.0698118 0.0659159 0.060577 0.0542727 0.0474442 0.040453 0.0335756 0.0270233 0.020971 0.0155771 0.0109814 0.00728122 0.00450002
