SBPRF35
7.78865
Curr Bio
460294
B35
689217
F35
0.211558
FOFL
0.126086
OFL
42952.2
Bzero
2.22533e+006
#pred survey bio
 4.49797e+006 4.27079e+006 4.04565e+006 3.75843e+006 3.44307e+006 3.12123e+006 2.81433e+006 2.53282e+006 2.24102e+006 1.97657e+006 1.75691e+006 1.56352e+006 1.38454e+006 1.20548e+006 1.06011e+006 935915 851436 795960 765864 736700 693817 670188 657608 639619 635232 625927 622329 615805 615898 612210 615110 602122 589670 581213 575850 559583 550040 542886 545988 549328 558569 562215 571516 571967 575812 577681 579904 580319 573362 567271 562048 543624 499861 464398 1.49922e+007 8.92408e+006 9.2398e+006 1.01863e+007 1.14564e+007 1.27613e+007 1.39306e+007 1.48953e+007 1.56494e+007 1.62181e+007 1.66367e+007 1.69402e+007 1.71582e+007 1.73142e+007 1.74257e+007 1.75055e+007 1.7563e+007 1.76046e+007 1.76348e+007 1.7657e+007 1.76734e+007 1.76855e+007 1.76946e+007 1.77015e+007 1.77066e+007 1.77105e+007 1.77135e+007 1.77157e+007 1.77174e+007 1.77188e+007 1.77198e+007 1.77205e+007 1.77211e+007 1.77216e+007 1.7722e+007 1.77222e+007 1.77224e+007 1.77226e+007 1.77227e+007 1.77228e+007 1.77229e+007 1.7723e+007 1.7723e+007 1.77231e+007 1.77231e+007 1.77231e+007 1.77231e+007 1.77231e+007 1.77231e+007 1.77231e+007 1.77232e+007 1.77232e+007 1.77232e+007 1.77232e+007 1.77232e+007 1.77232e+007 1.77232e+007 1.77232e+007 1.77232e+007 1.77232e+007 1.77232e+007 1.77232e+007 1.77232e+007 1.77232e+007 1.77232e+007 1.77232e+007 1.77232e+007 1.77232e+007 1.77232e+007 1.77232e+007 1.77232e+007 1.77232e+007 1.77232e+007 1.77232e+007 1.77232e+007 1.77232e+007 1.77232e+007 1.77232e+007 1.77232e+007 1.77232e+007 1.77232e+007 1.77232e+007 1.77232e+007 1.77232e+007 1.77232e+007 1.77232e+007 1.77232e+007 1.77232e+007 1.77232e+007 1.77232e+007 1.77232e+007 1.77232e+007 1.77232e+007 1.77232e+007 1.77232e+007 1.77232e+007 1.77232e+007 1.77232e+007 1.77232e+007 1.77232e+007 0 0 0 0 0 0 0 0 0 0 0 0 0 0 0 0 0 0 0 0 0 0 0 0 0
#obs survey bio
 3.79407e+006 3.81723e+006 2.42446e+006 2.82168e+006 2.79484e+006 2.52433e+006 2.79743e+006 2.08828e+006 2.02383e+006 1.6099e+006 1.36526e+006 1.64536e+006 1.12609e+006 814595 683079 604648 732507 517438 643842 756805 518892 537828 766355 408698 702407 527800 518807 559002 558324 690088 524140 474369 655263 541096 499394 764787 543144 621610 567575 380302 504095 469934 669783 677397 642684 441232 748200 626254 384845 674093 506752 629745 599310 367184
#pred catch bio
 93734.8 91773.1 159051 206018 239616 256093 262472 298956 297897 276544 266916 263571 269350 243200 226739 193605 169265 147515 145184 152923 132247 119235 120270 106476 109101 103034 104580 97907.5 99454.1 92040.4 103144 99459 92696.1 86794.8 92554.7 85560.5 86436.8 82177.4 85012.8 81894.2 88084.9 84415.1 91989.8 88411.3 89567.4 89136.9 90307.7 95312.8 92663.4 89582 97857 115278 103430 98370.9 42952.2 68535 69588.9 75385.6 84496.9 94169.1 102789 109761 115059 118914 121629 123496 124756 125594 126145 126503 126736 126885 126980 127041 127080 127105 127120 127130 127136 127140 127143 127144 127145 127146 127146 127146 127146 127146 127147 127147 127147 127147 127147 127147 127147 127147 127147 127147 127147 127147 127147 127147 127147 127147 127147 127147 127147 127147 127147 127147 127147 127147 127147 127147 127147 127147 127147 127147 127147 127147 127147 127147 127147 127147 127147 127147 127147 127147 127147 127147 127147 127147 127147 127147 127147 127147 127147 127147 127147 127147 127147 127147 127147 127147 127147 127147 127147 127147 127147 127147 127147 127147 127147 127147 0 0 0 0 0 0 0 0 0 0 0 0 0 0 0 0 0 0 0 0 0 0 0 0 0
#obs catch bio
 0 91495.4 160062 207727 242730 260659 266947 306955 306087 284626 274754 270176 277258 249919 233426 199724 174196 151723 148936 157035 135610 121557 122071 107772 110776 104376 106273 99388.3 101014 92800.6 104574 100990 93672.9 87441.2 93656 85971.7 87001.7 82466.8 85422.6 81930.2 88321.2 84988.2 92640.8 88783.9 89628.8 89446.3 90646.8 95767.4 93218.1 89642.2 97691.4 115114 102714 98412.3
#pred cpue bio
 4.42295e+006 4.20074e+006 3.97969e+006 3.69431e+006 3.38013e+006 3.05966e+006 2.75431e+006 2.47431e+006 2.18459e+006 1.92236e+006 1.70481e+006 1.5137e+006 1.33717e+006 1.16087e+006 1.01773e+006 895482 812312 757930 728686 700756 659686 637311 625799 608893 604804 595920 592535 586289 586627 583519 586796 574589 562998 555416 550857 535627 525968 517520 519342 522397 531436 534873 543819 544456 548486 550430 552540 553051 546573 541044 536491 519018 476748 442677 1.42998e+007 8.52286e+006 8.70096e+006 9.47344e+006 1.06765e+007 1.19642e+007 1.31297e+007 1.40936e+007 1.48476e+007 1.54163e+007 1.5835e+007 1.61385e+007 1.63565e+007 1.65124e+007 1.66239e+007 1.67037e+007 1.67612e+007 1.68028e+007 1.6833e+007 1.68552e+007 1.68716e+007 1.68838e+007 1.68928e+007 1.68997e+007 1.69048e+007 1.69087e+007 1.69117e+007 1.69139e+007 1.69157e+007 1.6917e+007 1.6918e+007 1.69188e+007 1.69194e+007 1.69198e+007 1.69202e+007 1.69205e+007 1.69207e+007 1.69208e+007 1.6921e+007 1.69211e+007 1.69211e+007 1.69212e+007 1.69212e+007 1.69213e+007 1.69213e+007 1.69213e+007 1.69213e+007 1.69214e+007 1.69214e+007 1.69214e+007 1.69214e+007 1.69214e+007 1.69214e+007 1.69214e+007 1.69214e+007 1.69214e+007 1.69214e+007 1.69214e+007 1.69214e+007 1.69214e+007 1.69214e+007 1.69214e+007 1.69214e+007 1.69214e+007 1.69214e+007 1.69214e+007 1.69214e+007 1.69214e+007 1.69214e+007 1.69214e+007 1.69214e+007 1.69214e+007 1.69214e+007 1.69214e+007 1.69214e+007 1.69214e+007 1.69214e+007 1.69214e+007 1.69214e+007 1.69214e+007 1.69214e+007 1.69214e+007 1.69214e+007 1.69214e+007 1.69214e+007 1.69214e+007 1.69214e+007 1.69214e+007 1.69214e+007 1.69214e+007 1.69214e+007 1.69214e+007 1.69214e+007 1.69214e+007 1.69214e+007 1.69214e+007 1.69214e+007 1.69214e+007 1.69214e+007 1.69214e+007 0 0 0 0 0 0 0 0 0 0 0 0 0 0 0 0 0 0 0 0 0 0 0 0 0
#obs cpue bio
 4.67018e+006 2.25364e+006 3.28978e+006 2.95989e+006 2.07639e+006 1.89677e+006 2.84874e+006 1.57634e+006 2.00355e+006 1.38929e+006 1.75418e+006 1.67497e+006 1.16522e+006 1.21808e+006 1.05918e+006 676791 639759 626838 733826 577375 500289 720759 665821 721030 408546 586959 498498 468012 558430 612767 503422 484945 570774 590760 479664 519909 471387 483194 467424 915269 545306 352928 506506 473331 661019 534047 393400 490792 653750 615400 734032 529350 525874 398806
#pred surv len freq
 0.00479743 0.00784316 0.0119053 0.0169966 0.0230104 0.0296295 0.036301 0.0423772 0.0473587 0.0510587 0.0535806 0.055179 0.0561271 0.0566407 0.0568415 0.056745 0.0562735 0.0552883 0.0536179 0.0510673 0.0474258 0.0425229 0.0363569 0.0292379 0.0218174
 0.00504783 0.00814043 0.0121555 0.0170597 0.0227566 0.0290176 0.035429 0.0414585 0.0466265 0.0506514 0.0534805 0.0552365 0.0561498 0.0564928 0.0565077 0.0563357 0.0559755 0.055281 0.0539913 0.0517778 0.0483145 0.0433876 0.037037 0.0296671 0.0220219
 0.00536054 0.0086445 0.0128973 0.018056 0.0239651 0.0303085 0.0365849 0.0422305 0.0468371 0.0502871 0.0527009 0.0542832 0.0552161 0.0556461 0.05571 0.0555308 0.0551701 0.0545628 0.053479 0.0515443 0.0483384 0.0435636 0.0372349 0.0297946 0.0220534
 0.00562463 0.00908086 0.0135675 0.0190227 0.0252778 0.0319783 0.0385508 0.0443341 0.0488281 0.0518717 0.0536273 0.0544301 0.0546323 0.0545132 0.0542495 0.0539206 0.053521 0.0529515 0.0519845 0.0502489 0.0472962 0.0427741 0.0366502 0.0293532 0.021711
 0.00588395 0.00949936 0.0141929 0.0199009 0.0264488 0.0334669 0.0403524 0.0463986 0.0510478 0.0540754 0.0555883 0.0558961 0.0553854 0.0544378 0.053372 0.052393 0.0515604 0.050775 0.0497759 0.0481538 0.0454236 0.0411923 0.035383 0.0283868 0.0210096
 0.00614202 0.00991627 0.0148158 0.020773 0.0276028 0.0349152 0.0420759 0.0483425 0.0531276 0.0561867 0.0576081 0.0576762 0.0567489 0.0551991 0.053382 0.0515928 0.0500107 0.0486447 0.0472961 0.0455659 0.0429403 0.0389765 0.0335372 0.0269519 0.0199718
 0.00642961 0.0103723 0.0154814 0.0216801 0.0287711 0.0363461 0.0437441 0.050192 0.0550767 0.0581407 0.0594704 0.0593504 0.0581313 0.0561695 0.0538062 0.0513465 0.0490223 0.0469364 0.0450006 0.0429052 0.0401793 0.0363674 0.0312755 0.0251501 0.0186547
 0.00667342 0.0107714 0.0160866 0.0225396 0.0299202 0.0377915 0.0454498 0.0520766 0.0570291 0.0600452 0.0612272 0.0608814 0.0593728 0.0570576 0.0542644 0.0512832 0.0483475 0.0455985 0.0430284 0.0404332 0.0374361 0.0336289 0.0287994 0.0231174 0.0171405
 0.00694412 0.0112094 0.0167425 0.02346 0.0311401 0.0393215 0.0472611 0.0540926 0.059132 0.0620962 0.06309 0.0624424 0.0605513 0.0578043 0.0545479 0.0510721 0.0476015 0.0442791 0.0411326 0.0380335 0.0347029 0.0308124 0.0261723 0.0209025 0.0154559
 0.00720846 0.0116353 0.0173766 0.0243438 0.0323035 0.0407719 0.0489707 0.0559932 0.061121 0.0640528 0.0648919 0.0639777 0.0617268 0.0585513 0.054823 0.0508509 0.0468684 0.0430236 0.0393617 0.0358014 0.0321398 0.028128 0.0236182 0.0187054 0.0137545
 0.00742301 0.0119832 0.0178986 0.025078 0.0332789 0.0419984 0.0504277 0.0576245 0.0628418 0.0657636 0.0664924 0.0653753 0.0628399 0.0593111 0.0551751 0.050756 0.0463012 0.0419731 0.0378383 0.0338546 0.0298792 0.0257306 0.0213043 0.0166846 0.0121665
 0.00766332 0.0123633 0.0184514 0.0258278 0.0342387 0.0431648 0.0517743 0.0590982 0.0643672 0.0672544 0.0678637 0.0665513 0.0637575 0.0599196 0.0554342 0.0506338 0.0457731 0.0410252 0.0364763 0.0321193 0.027864 0.0235871 0.0192237 0.0148534 0.0107145
 0.00792404 0.0127816 0.0190698 0.0266804 0.0353425 0.044508 0.0533052 0.0607252 0.0659743 0.0687271 0.0691104 0.0675115 0.0643983 0.0602269 0.055404 0.0502652 0.0450649 0.0399773 0.0350983 0.0304464 0.0259738 0.0216069 0.0173159 0.013178 0.00938431
 0.00828978 0.0133581 0.0199032 0.0278005 0.0367561 0.0461897 0.0551867 0.0626917 0.067878 0.0704134 0.0704475 0.0684108 0.0648218 0.060183 0.054934 0.0494248 0.0439083 0.0385489 0.0334366 0.0285976 0.0240093 0.0196333 0.015466 0.0115813 0.00812949
 0.00865297 0.0139293 0.0207265 0.0289027 0.0381407 0.0478294 0.0570138 0.0645969 0.0697231 0.0720557 0.0717629 0.0693081 0.0652488 0.0601275 0.0544207 0.0485075 0.0426566 0.0370352 0.0317293 0.0267638 0.0221259 0.0177951 0.013781 0.01015 0.00701652
 0.00894236 0.0144002 0.0214349 0.0298976 0.0394512 0.0494448 0.0588665 0.0665602 0.071633 0.0737465 0.0730988 0.0701989 0.0656505 0.0600362 0.0538647 0.0475408 0.0413508 0.035472 0.029993 0.0249394 0.0203006 0.0160609 0.0122297 0.00885864 0.00602805
 0.00907838 0.0146218 0.0217704 0.0303764 0.0401012 0.0502868 0.0599038 0.0677684 0.0729539 0.0750894 0.074351 0.0712437 0.0663875 0.0603978 0.0538233 0.0471062 0.0405636 0.0343944 0.0287023 0.023522 0.0188486 0.0146674 0.0109813 0.0078222 0.00523813
 0.00911531 0.0146832 0.0218659 0.0305178 0.0403027 0.0505643 0.0602739 0.0682454 0.0735455 0.0757907 0.0751365 0.0720618 0.0671623 0.0610396 0.054247 0.0472494 0.0403986 0.0339318 0.0279862 0.0226224 0.0178514 0.0136645 0.0100581 0.00704455 0.00464116
 0.00902123 0.0145426 0.0216779 0.0302913 0.0400563 0.0503248 0.0600753 0.0681274 0.0735494 0.0759519 0.0754758 0.0725763 0.0678194 0.061776 0.0549752 0.0478728 0.0408318 0.0341189 0.0279124 0.022315 0.0173719 0.0130941 0.00948067 0.00652967 0.00423192
 0.00894827 0.0144301 0.0215205 0.0300893 0.0398167 0.0500627 0.0598143 0.0678988 0.0733881 0.0758905 0.0755388 0.0727769 0.0681568 0.0622317 0.0555099 0.0484263 0.0413305 0.0344911 0.0281064 0.0223133 0.0171959 0.0127965 0.00912952 0.00618928 0.00394764
 0.00897839 0.0144798 0.021596 0.0301954 0.0399545 0.0502256 0.0599865 0.0680568 0.0735074 0.0759547 0.0755461 0.0727418 0.0681058 0.0621952 0.0555115 0.048473 0.0414073 0.0345632 0.0281311 0.0222563 0.0170457 0.0125696 0.00886356 0.00592821 0.00372655
 0.00890781 0.0143677 0.0214331 0.0299771 0.0396842 0.0499189 0.0596728 0.0677762 0.0733003 0.0758493 0.075551 0.0728472 0.0682919 0.062441 0.0557996 0.0487884 0.0417323 0.0348735 0.0283958 0.0224453 0.0171405 0.0125718 0.00879494 0.00582247 0.00361673
 0.00893666 0.0143863 0.0214094 0.0298654 0.039439 0.0495164 0.0591292 0.0671509 0.0726816 0.0753298 0.0752037 0.0727114 0.0683694 0.0627026 0.0561969 0.0492673 0.0422422 0.0353705 0.0288429 0.0228125 0.0174084 0.0127362 0.00886878 0.00583164 0.00359103
 0.00909785 0.0146263 0.0217276 0.0302413 0.039831 0.0498645 0.0593623 0.0672018 0.0725096 0.0749415 0.0746602 0.0721118 0.0678193 0.0622828 0.0559465 0.0491842 0.042295 0.0355137 0.0290287 0.0229989 0.0175639 0.012843 0.0089241 0.00584519 0.00357911
 0.00904793 0.0145651 0.0216718 0.0302169 0.0398644 0.0499675 0.0595209 0.0673741 0.0726371 0.0749692 0.0745565 0.071882 0.0675071 0.0619572 0.0556796 0.0490281 0.0422686 0.0356023 0.0291951 0.0231976 0.0177541 0.0129969 0.00902986 0.00590518 0.00360478
 0.0091176 0.0146579 0.0217746 0.0303084 0.0399243 0.0499903 0.0595226 0.0673855 0.0726842 0.0750528 0.0746458 0.0719277 0.0674663 0.0618168 0.0554641 0.048789 0.0420625 0.0354696 0.0291479 0.0232219 0.0178206 0.0130746 0.00909627 0.00595017 0.00362874
 0.00909566 0.0146329 0.0217558 0.0303079 0.0399506 0.0500403 0.0595784 0.067422 0.0726839 0.0750186 0.0745992 0.0718933 0.0674537 0.0618144 0.0554498 0.048749 0.0420021 0.0354104 0.0291139 0.0232259 0.017859 0.0131321 0.00915475 0.00599702 0.00365945
 0.00901239 0.0145145 0.0216097 0.0301531 0.039814 0.0499495 0.0595532 0.0674681 0.0727901 0.0751589 0.0747418 0.0720125 0.0675381 0.0618659 0.0554758 0.0487547 0.0419906 0.0353869 0.029089 0.0232118 0.0178629 0.0131529 0.00918462 0.00602657 0.00368236
 0.00886021 0.0142787 0.0212775 0.0297239 0.0393032 0.0493917 0.0590041 0.0669984 0.0724693 0.0750342 0.0748229 0.0722701 0.0679171 0.0623048 0.055922 0.0491723 0.0423596 0.0356994 0.0293453 0.0234179 0.0180273 0.0132828 0.0092849 0.00610011 0.00373222
 0.00883483 0.0142237 0.0211697 0.0295345 0.039006 0.0489769 0.05849 0.0664346 0.0719281 0.0745934 0.0745466 0.0721945 0.0680432 0.0626 0.0563314 0.0496338 0.042819 0.0361189 0.0297046 0.023711 0.0182572 0.013457 0.00941209 0.00618869 0.00379015
 0.00872765 0.014062 0.0209491 0.0292565 0.038675 0.0485954 0.0580586 0.065958 0.0714251 0.0741038 0.0741295 0.0719157 0.0679557 0.0627269 0.0566578 0.0501115 0.0433811 0.0366969 0.0302434 0.0241754 0.0186318 0.0137419 0.00961661 0.00632694 0.00387755
 0.00859904 0.0138813 0.0207296 0.0290281 0.0384752 0.0484546 0.0579868 0.0659407 0.0714287 0.0740883 0.0740642 0.0717936 0.0677998 0.0625841 0.056581 0.0501383 0.0435199 0.0369261 0.0305226 0.024461 0.0188895 0.013952 0.00977369 0.00643532 0.00394665
 0.00851012 0.0137319 0.0204976 0.0286955 0.0380382 0.0479367 0.0574454 0.0654577 0.0710841 0.0739284 0.0740846 0.0719466 0.0680213 0.0628229 0.0568154 0.0503748 0.0437771 0.0372165 0.0308411 0.0247861 0.0191928 0.0142095 0.00997282 0.0065758 0.00403714
 0.00841099 0.0135743 0.0202668 0.0283793 0.0376286 0.047433 0.0568616 0.0648298 0.0704724 0.0734106 0.0737377 0.0718227 0.0681289 0.0631252 0.0572475 0.05087 0.0442867 0.0377142 0.0313146 0.0252248 0.0195831 0.0145366 0.0102273 0.00675764 0.00415577
 0.00832413 0.0134311 0.020048 0.0280665 0.0372091 0.0469072 0.0562486 0.0641689 0.0698173 0.0728208 0.0732711 0.0715305 0.0680489 0.0632721 0.0576045 0.0513896 0.0449032 0.0383622 0.0319418 0.0257962 0.0200772 0.0149414 0.0105385 0.00697979 0.00430143
 0.00902241 0.0144112 0.0212356 0.0292945 0.0382631 0.0475995 0.0564795 0.063942 0.0692133 0.0719558 0.0722647 0.0704909 0.0670689 0.0624271 0.0569477 0.0509462 0.0446673 0.0383009 0.0320066 0.0259362 0.0202487 0.015112 0.0106871 0.00709578 0.00438292
 0.00970509 0.0154814 0.0227631 0.0312933 0.0406608 0.0502084 0.0589888 0.0659663 0.0704016 0.0721155 0.0714273 0.0688803 0.0650022 0.060211 0.054818 0.0490531 0.0430877 0.0370557 0.0310775 0.02528 0.0198108 0.0148371 0.0105261 0.00700877 0.00434023
 0.00964113 0.0154869 0.0229727 0.0318959 0.0418461 0.0520801 0.0614853 0.0688335 0.0732381 0.0744721 0.0729235 0.0693019 0.0643486 0.0586778 0.0527218 0.0467338 0.0408292 0.0350478 0.029416 0.0239871 0.0188603 0.0141765 0.0100933 0.00674274 0.00418782
 0.00932547 0.0150117 0.0223357 0.0311409 0.0410772 0.0514676 0.061251 0.0691981 0.0743319 0.0762467 0.0751212 0.0715154 0.0661515 0.0597626 0.0529828 0.0462675 0.0398657 0.0338571 0.0282285 0.0229538 0.0180496 0.0135936 0.00970637 0.00650512 0.00405298
 0.00931385 0.0149539 0.0221788 0.0308169 0.0405279 0.0506839 0.0603077 0.0682636 0.0736388 0.076027 0.0755259 0.0725458 0.0676352 0.0613934 0.05442 0.04725 0.040289 0.033779 0.0278133 0.0223926 0.0174969 0.0131395 0.00937994 0.00629554 0.00393158
 0.00933335 0.0149807 0.0222072 0.0308315 0.0404985 0.0505641 0.0600431 0.0678142 0.0730137 0.0753128 0.0748853 0.0721741 0.0676839 0.0618986 0.0552735 0.0482348 0.0411642 0.0343709 0.0280663 0.0223618 0.0172967 0.0128856 0.00915174 0.00612774 0.00382565
 0.00927974 0.0149168 0.0221535 0.0308193 0.0405589 0.0507099 0.0602537 0.0680322 0.0731591 0.0753115 0.0747033 0.0718434 0.0673047 0.0616067 0.0551821 0.0483791 0.0414824 0.034736 0.02835 0.0224906 0.0172711 0.0127589 0.00899135 0.00598414 0.0037216
 0.00909102 0.0146341 0.0217743 0.0303617 0.0400612 0.0502273 0.0598512 0.0677714 0.0730785 0.0754076 0.0749265 0.0721171 0.0675609 0.0618188 0.0553739 0.048602 0.0417748 0.0350914 0.0287162 0.0227992 0.0174751 0.0128519 0.00900157 0.00595209 0.0036803
 0.00902997 0.0145304 0.0216109 0.0301224 0.0397378 0.0498286 0.0594111 0.0673478 0.0727403 0.075214 0.0749067 0.07226 0.0678198 0.0621306 0.0556847 0.0488864 0.0420368 0.0353467 0.0289696 0.023035 0.0176664 0.0129794 0.00906491 0.00596814 0.00367166
 0.00908729 0.0145979 0.0216648 0.0301241 0.0396434 0.0496053 0.0590518 0.0668791 0.0722181 0.0747125 0.0745025 0.0720143 0.0677629 0.0622541 0.0559464 0.049228 0.0424045 0.0357041 0.0292976 0.0233226 0.0179036 0.0131577 0.00918272 0.00603386 0.00370072
 0.00912556 0.0146644 0.021771 0.0302783 0.0398425 0.0498255 0.0592447 0.0669807 0.0721718 0.0744953 0.0741398 0.0715742 0.0673331 0.061913 0.0557414 0.0491673 0.0424637 0.0358423 0.0294731 0.0235023 0.018065 0.0132874 0.00927534 0.00609135 0.00373069
 0.00900086 0.0144923 0.0215689 0.0300826 0.0396996 0.0497755 0.0593062 0.0671419 0.0723917 0.074713 0.0742923 0.0716178 0.0672604 0.0617566 0.0555598 0.0490208 0.0423923 0.0358559 0.0295556 0.0236244 0.0181965 0.0134054 0.00936733 0.00615415 0.00376808
 0.00890222 0.0143337 0.0213356 0.0297673 0.03931 0.0493431 0.0588895 0.0668169 0.0722273 0.074743 0.0744983 0.0719357 0.0676065 0.0620597 0.055784 0.04917 0.0424975 0.0359533 0.0296688 0.0237572 0.0183372 0.0135367 0.00947529 0.00623263 0.00381854
 0.00879187 0.0141738 0.0211305 0.0295318 0.0390636 0.0491016 0.0586613 0.0666074 0.072049 0.0746205 0.0744631 0.07201 0.0677869 0.0623125 0.056058 0.0494181 0.0426946 0.0361007 0.029784 0.0238591 0.0184355 0.0136302 0.00955697 0.00629634 0.00386244
 0.00867297 0.0139865 0.020861 0.0291745 0.038626 0.0486087 0.0581577 0.0661508 0.0716952 0.0744074 0.0744037 0.072097 0.0680022 0.0626321 0.0564504 0.0498438 0.043112 0.0364763 0.030101 0.0241164 0.0186409 0.0137923 0.00968133 0.00638673 0.00392315
 0.00864405 0.0139258 0.0207446 0.0289727 0.0383115 0.0481702 0.0576119 0.0655462 0.0711037 0.0739068 0.0740591 0.0719469 0.0680536 0.0628642 0.0568234 0.0503085 0.0436171 0.0369749 0.0305559 0.0245047 0.018954 0.0140325 0.00985706 0.00650851 0.00400214
 0.00862222 0.0139091 0.0207523 0.0290297 0.0384352 0.0483543 0.0578161 0.0657039 0.071147 0.0737975 0.0738062 0.0716031 0.0676936 0.0625585 0.056619 0.0502221 0.0436388 0.0370769 0.0307038 0.0246661 0.0191048 0.014159 0.00995452 0.00657816 0.00404834
 0.00858029 0.0138809 0.0207838 0.0291875 0.038789 0.0489462 0.0586329 0.0666658 0.0721202 0.0746248 0.0743472 0.0717705 0.0674763 0.0620214 0.0558789 0.04941 0.0428651 0.0364123 0.0301771 0.024275 0.0188296 0.0139743 0.00983643 0.00650674 0.00400797
 0.00821751 0.0133531 0.0201071 0.0284242 0.0380396 0.048331 0.0582696 0.0666465 0.0724857 0.0753421 0.075304 0.0727982 0.0683974 0.0627008 0.0562579 0.0495097 0.0427627 0.0362047 0.0299481 0.0240774 0.0186846 0.0138809 0.00978269 0.00647906 0.00399532
#obs surv len freq
 nan nan nan nan nan nan nan nan nan nan nan nan nan nan nan nan nan nan nan nan nan nan nan nan nan
 0.00448422 0.00734567 0.0111762 0.0159936 0.021696 0.0279735 0.0342893 0.0400216 0.0447011 0.0481639 0.05052 0.0520136 0.0529037 0.0534141 0.0537267 0.0539804 0.0542581 0.0545502 0.0546886 0.0542803 0.0527184 0.0493509 0.0438012 0.0362821 0.0276667
 0.00461448 0.00755907 0.0115001 0.0164536 0.0223096 0.0287407 0.0351832 0.0409853 0.0456556 0.0490233 0.0512078 0.0524742 0.0531077 0.0533597 0.053435 0.0534879 0.0536081 0.0537854 0.0538482 0.0534013 0.0518396 0.0485153 0.0430536 0.0356601 0.0271913
 0.00478298 0.00783382 0.0119151 0.0170411 0.0230938 0.0297279 0.0363506 0.0422762 0.0469849 0.0502906 0.0523125 0.0533275 0.0536423 0.0535358 0.0532445 0.0529523 0.0527721 0.0527082 0.0525959 0.0520445 0.0504539 0.0471815 0.041852 0.0346569 0.0264232
 0.00497379 0.00814724 0.0123928 0.0177237 0.0240132 0.0308944 0.0377399 0.0438248 0.0485984 0.0518603 0.0537308 0.0544971 0.0544802 0.0539774 0.0532488 0.052507 0.0518964 0.0514513 0.0510333 0.0502736 0.0485905 0.0453538 0.0401865 0.0332572 0.0253475
 0.00518086 0.00848663 0.0129089 0.0184602 0.0250052 0.0321559 0.0392502 0.0455226 0.0503886 0.0536307 0.0553681 0.055897 0.0555521 0.0546458 0.0534554 0.0522143 0.0510928 0.0501587 0.0493126 0.0482282 0.0463637 0.0431172 0.0381161 0.0314998 0.0239885
 0.00541486 0.00886781 0.0134841 0.0192739 0.0260916 0.0335262 0.0408791 0.0473435 0.052302 0.055522 0.0571247 0.0574173 0.0567474 0.0554408 0.0537865 0.0520313 0.050364 0.0488796 0.0475204 0.0460143 0.0438798 0.0405639 0.035712 0.0294345 0.0223784
 0.00565353 0.00926112 0.0140858 0.020137 0.0272577 0.0350089 0.0426472 0.0493161 0.0543614 0.057538 0.058976 0.0590025 0.0579856 0.0562669 0.0541465 0.0518786 0.0496609 0.0476068 0.0456938 0.0437071 0.0412368 0.0377974 0.0330677 0.0271359 0.0205707
 0.00589346 0.00965427 0.0146835 0.0209899 0.0284068 0.036471 0.0443992 0.0512875 0.0564425 0.0595989 0.0608872 0.0606495 0.0592764 0.0571326 0.054537 0.0517554 0.0489925 0.0463727 0.0439001 0.0414111 0.0385699 0.0349674 0.030329 0.02473 0.0186622
 0.00615143 0.0100745 0.0153176 0.0218863 0.0296021 0.0379752 0.0461812 0.05327 0.0585127 0.0616297 0.0627571 0.0622529 0.0605271 0.0579634 0.0548976 0.0516093 0.0483126 0.0451427 0.0421257 0.0391425 0.0359264 0.032146 0.0275793 0.0222971 0.0167195
 0.00637337 0.0104419 0.0158826 0.0227017 0.0307101 0.0393912 0.0478768 0.0551677 0.0604985 0.0635759 0.0645438 0.0637799 0.0617162 0.0587553 0.0552481 0.0514843 0.047686 0.0439981 0.0404668 0.0370139 0.0334358 0.0294746 0.0249614 0.0199674 0.0148488
 0.00662273 0.0108475 0.0164935 0.0235637 0.0318577 0.0408335 0.049583 0.057061 0.062465 0.0654854 0.0662713 0.0652208 0.0627924 0.0594162 0.0554645 0.0512407 0.046973 0.0428115 0.0388163 0.034942 0.031041 0.0269218 0.0224658 0.0177466 0.0130631
 0.0068429 0.0112117 0.017053 0.0243694 0.0329487 0.0422205 0.0512316 0.0588873 0.0643495 0.067298 0.0678932 0.0665561 0.0637708 0.0599912 0.0556103 0.0509471 0.0462401 0.0416462 0.0372376 0.0329952 0.0288173 0.0245689 0.0201749 0.0157116 0.011427
 0.00706879 0.0115809 0.0176124 0.0251638 0.0340123 0.0435623 0.0528209 0.0606474 0.0661668 0.0690426 0.0694412 0.0678054 0.0646494 0.0604576 0.0556492 0.0505615 0.0454436 0.040459 0.0356894 0.0311369 0.0267363 0.0223983 0.0180821 0.0138643 0.00994745
 0.00727432 0.01192 0.0181317 0.025909 0.0350179 0.0448364 0.0543297 0.0623113 0.0678725 0.0706659 0.0708677 0.068943 0.065432 0.0608457 0.0556279 0.0501363 0.0446344 0.0392953 0.0342107 0.0293998 0.024826 0.0204345 0.01621 0.0122253 0.00864247
 0.00744603 0.0122008 0.0185575 0.0265147 0.0358313 0.0458677 0.0555602 0.0636875 0.0693113 0.072068 0.0721329 0.0699825 0.0661764 0.0612488 0.0556669 0.049809 0.0439552 0.0382917 0.0329235 0.0278867 0.0231687 0.0187413 0.0146061 0.0108293 0.00753602
 0.00752857 0.0123389 0.0187729 0.0268313 0.0362717 0.0464473 0.0562804 0.0645317 0.0702458 0.0730456 0.0730973 0.070871 0.0669238 0.0617935 0.0559574 0.0498104 0.0436517 0.0376883 0.032046 0.0267838 0.0219136 0.0174306 0.0133495 0.00972836 0.00666057
 0.00757886 0.0124153 0.0188788 0.0269681 0.0364419 0.0466573 0.056542 0.0648601 0.070654 0.0735381 0.0736645 0.0714864 0.0675448 0.0623645 0.0564168 0.0500982 0.0437193 0.0375066 0.0316113 0.0261219 0.0210807 0.0165085 0.0124336 0.00890856 0.00599995
 0.00766795 0.0125487 0.019058 0.0271866 0.0366862 0.0469108 0.0567885 0.0650878 0.0708595 0.0737297 0.0738599 0.0717054 0.0677983 0.0626452 0.0566961 0.05033 0.0438498 0.0374866 0.031409 0.0257335 0.0205348 0.015864 0.0117675 0.00829704 0.00549925
 0.00774382 0.01267 0.0192359 0.027428 0.0369902 0.0472638 0.057162 0.0654411 0.0711514 0.0739316 0.0739669 0.0717364 0.0677869 0.0626257 0.0566896 0.0503358 0.0438445 0.0374318 0.0312653 0.0254755 0.0201637 0.0154105 0.0112845 0.00784339 0.00512164
 0.00776397 0.0127032 0.0192868 0.027502 0.0370925 0.0473986 0.0573297 0.0656364 0.0713608 0.074135 0.0741416 0.0718648 0.0678628 0.0626571 0.0566937 0.0503294 0.0438331 0.0374046 0.0311986 0.0253445 0.0199559 0.0151356 0.0109733 0.00753757 0.00485844
 0.00782172 0.0127844 0.019386 0.0276065 0.0371874 0.047473 0.0573824 0.0656756 0.0714001 0.0741861 0.074209 0.0719432 0.0679404 0.0627205 0.0567346 0.0503467 0.0438301 0.0373826 0.0311522 0.0252624 0.0198285 0.0149636 0.0107722 0.00733328 0.00467746
 0.00784558 0.0128244 0.0194475 0.0276934 0.0372987 0.0475997 0.057506 0.0657731 0.071453 0.0741902 0.0741769 0.0718983 0.0679045 0.062705 0.0567381 0.0503595 0.0438409 0.037382 0.0311328 0.0252175 0.0197531 0.014858 0.010645 0.0072003 0.00455651
 0.00787393 0.0128638 0.0194949 0.0277425 0.0373428 0.0476351 0.057534 0.0657978 0.071477 0.074211 0.0741883 0.0718952 0.0678887 0.062685 0.0567243 0.0503584 0.0438511 0.0373959 0.0311399 0.0252082 0.0197211 0.0148024 0.010571 0.00711856 0.00447925
 0.00786977 0.0128564 0.0194824 0.0277222 0.0373117 0.0475902 0.057474 0.0657253 0.0713995 0.0741408 0.0741388 0.0718762 0.0679027 0.0627278 0.0567886 0.0504365 0.0439366 0.0374817 0.0312176 0.0252686 0.0197571 0.0148111 0.0105556 0.00708704 0.00444184
 0.00789814 0.0128961 0.0195302 0.027771 0.0373521 0.0476137 0.0574752 0.0657024 0.0713545 0.0740783 0.0740662 0.0718035 0.0678408 0.0626862 0.056772 0.0504447 0.0439648 0.0375225 0.0312627 0.0253095 0.0197863 0.0148243 0.0105525 0.00707165 0.00442058
 0.00790569 0.0129103 0.0195547 0.0278093 0.0374055 0.0476784 0.0575412 0.0657552 0.0713797 0.0740678 0.074021 0.071733 0.0677589 0.0626071 0.0567076 0.050402 0.0439458 0.0375246 0.0312794 0.0253326 0.0198079 0.0148384 0.0105566 0.00706687 0.0044104
 0.00789654 0.0128942 0.0195286 0.0277705 0.0373534 0.0476165 0.0574777 0.0657011 0.0713444 0.0740545 0.0740255 0.0717468 0.0677744 0.062621 0.0567217 0.0504209 0.0439737 0.0375629 0.031326 0.0253823 0.0198542 0.0148758 0.010582 0.0070805 0.00441494
 0.00786877 0.012846 0.0194507 0.0276532 0.0371896 0.0474067 0.0572343 0.0654488 0.0711159 0.0738817 0.0739316 0.07174 0.0678476 0.0627556 0.0568945 0.0506106 0.0441649 0.037746 0.0314948 0.0255322 0.0199811 0.0149764 0.0106557 0.00712936 0.00444378
 0.00785686 0.0128245 0.0194141 0.0275946 0.0371015 0.0472831 0.0570731 0.0652551 0.0709027 0.0736704 0.0737488 0.0716121 0.0677938 0.0627828 0.0569953 0.0507667 0.0443531 0.0379443 0.0316861 0.025705 0.0201281 0.0150941 0.0107434 0.00718944 0.00448119
 0.0078401 0.0127945 0.0193639 0.0275161 0.0369876 0.0471307 0.0568857 0.0650434 0.0706829 0.0734607 0.0735672 0.0714757 0.0677176 0.0627781 0.0570657 0.0509063 0.0445461 0.0381684 0.0319175 0.0259231 0.0203183 0.0152482 0.0108594 0.00727011 0.00453258
 0.00782766 0.0127747 0.0193347 0.0274754 0.0369326 0.047058 0.056792 0.0649269 0.0705452 0.0733086 0.0734122 0.071333 0.0676038 0.0627078 0.0570502 0.0509508 0.0446479 0.0383164 0.0320941 0.0261074 0.0204913 0.0153959 0.0109747 0.00735242 0.00458617
 0.00780082 0.0127291 0.0192625 0.0273691 0.0367872 0.046875 0.0565819 0.0647081 0.0703396 0.0731349 0.0732823 0.0712513 0.0675705 0.0627222 0.0571115 0.0510579 0.0447979 0.038502 0.0323028 0.0263226 0.0206949 0.0155727 0.0111152 0.00745448 0.00465364
 0.00776775 0.0126766 0.0191858 0.0272643 0.0366518 0.0467088 0.0563885 0.0644968 0.0701254 0.0729371 0.0731206 0.0711421 0.0675228 0.0627368 0.0571834 0.0511789 0.0449587 0.0386932 0.0325131 0.0265383 0.0209009 0.0157546 0.0112627 0.00756379 0.00472728
 0.00772988 0.0126137 0.0190889 0.027125 0.0364649 0.0464758 0.0561209 0.0642156 0.0698568 0.0727061 0.0729467 0.0710371 0.0674922 0.0627804 0.0572954 0.0513489 0.045173 0.0389364 0.0327697 0.0267928 0.0211382 0.0159615 0.0114301 0.00768829 0.00481177
 0.0093244 0.014843 0.0217738 0.0298746 0.0387903 0.0479713 0.0566075 0.0637687 0.0687232 0.0711813 0.0712828 0.0694081 0.0659992 0.0614725 0.0561892 0.0504421 0.0444526 0.0383839 0.0323633 0.0265092 0.0209531 0.0158508 0.0113712 0.00766154 0.00480245
 0.00930885 0.0151141 0.0227041 0.0319255 0.0423107 0.0529256 0.0624033 0.0693535 0.0729585 0.0732913 0.0711122 0.0673625 0.0627675 0.0577331 0.0524418 0.0469791 0.0414098 0.035804 0.0302422 0.0248202 0.0196572 0.0148996 0.0107089 0.00722824 0.00453836
 0.00897229 0.0145843 0.0219608 0.031019 0.0414156 0.0523772 0.0626574 0.0708229 0.0757639 0.077078 0.0750933 0.0706185 0.0646303 0.0580181 0.0514156 0.0451426 0.039262 0.0337067 0.0283969 0.0233065 0.0184827 0.0140348 0.0101069 0.00683476 0.00429889
 0.00880865 0.0143081 0.0215269 0.0303819 0.0405474 0.0512993 0.0614819 0.069781 0.0751879 0.0773088 0.0763263 0.0727576 0.0672544 0.060518 0.0532419 0.0460163 0.0392307 0.0330425 0.0274326 0.0223116 0.0176173 0.0133623 0.00962846 0.00652029 0.00410785
 0.00874643 0.0141999 0.0213503 0.0301091 0.0401486 0.0507506 0.060778 0.0689516 0.0743164 0.076545 0.0758764 0.0728313 0.0679727 0.0618217 0.0548696 0.047589 0.0404075 0.0336523 0.0275083 0.0220238 0.0171695 0.0129127 0.00926237 0.00626185 0.00394518
 0.00868669 0.0141068 0.0212171 0.0299307 0.03992 0.0504657 0.0604295 0.0685343 0.0738336 0.0760196 0.0753644 0.0724295 0.0678073 0.0620074 0.0554475 0.0484803 0.041421 0.0345571 0.0281306 0.0223095 0.0171778 0.0127605 0.00906152 0.00608382 0.00381778
 0.0087059 0.0141277 0.0212293 0.0299186 0.0398666 0.050359 0.0602669 0.068322 0.0735811 0.075735 0.0750555 0.0721137 0.0675236 0.0618205 0.0554321 0.0486863 0.0418358 0.0350943 0.0286599 0.0227132 0.0173999 0.0128163 0.00901118 0.00599323 0.00373229
 0.00867732 0.0140895 0.0211866 0.0298794 0.0398377 0.0503397 0.0602464 0.0682817 0.0735031 0.0756103 0.0748877 0.071917 0.0673195 0.0616377 0.0553077 0.0486609 0.0419384 0.0353214 0.0289662 0.0230256 0.017649 0.012966 0.00906646 0.00598594 0.00369874
 0.00867675 0.0140845 0.021172 0.0298493 0.0397886 0.0502741 0.0601742 0.0682167 0.0734552 0.0755787 0.0748601 0.0718767 0.0672552 0.0615511 0.0552154 0.0485905 0.04192 0.0353754 0.0290915 0.0231958 0.0178223 0.0131042 0.00915079 0.00602024 0.00370057
 0.00865281 0.0140481 0.0211218 0.0297853 0.0397115 0.0501848 0.0600746 0.0681113 0.0733527 0.0754914 0.0747998 0.0718492 0.0672569 0.0615709 0.0552422 0.0486204 0.0419595 0.0354368 0.029184 0.0233167 0.0179553 0.0132263 0.00924348 0.0060771 0.00372703
 0.00865189 0.0140462 0.0211184 0.0297795 0.0397023 0.0501717 0.0600568 0.0680881 0.0733231 0.0754545 0.0747565 0.0718027 0.0672128 0.0615344 0.0552162 0.0486054 0.0419559 0.0354475 0.0292132 0.0233662 0.0180205 0.0132961 0.00930508 0.00612185 0.00375334
 0.00864157 0.0140304 0.0210963 0.0297512 0.0396686 0.050134 0.0600174 0.0680496 0.0732883 0.0754257 0.0747344 0.0717871 0.0672028 0.0615297 0.0552171 0.0486128 0.0419708 0.0354709 0.0292462 0.0234091 0.0180713 0.0133497 0.00935443 0.00616093 0.00377962
 0.00865628 0.014051 0.0211212 0.0297768 0.0396902 0.0501476 0.0600208 0.0680427 0.0732727 0.0754031 0.074707 0.0717567 0.067171 0.0614981 0.0551875 0.0485873 0.0419517 0.0354603 0.0292457 0.0234194 0.0180912 0.0133759 0.00938217 0.00618551 0.00379803
 0.00860678 0.0139806 0.0210339 0.0296823 0.0396011 0.0500742 0.0599678 0.0680094 0.0732552 0.0753984 0.0747139 0.0717755 0.0672018 0.0615394 0.0552361 0.0486394 0.0420042 0.0355115 0.029295 0.0234667 0.0181363 0.0134176 0.00941865 0.00621487 0.00381933
 0.00860786 0.0139758 0.0210151 0.0296395 0.0395268 0.0499695 0.0598458 0.0678925 0.0731669 0.0753531 0.0747123 0.0718074 0.0672532 0.0615988 0.0552968 0.0486986 0.0420606 0.0355646 0.0293444 0.0235122 0.0181776 0.0134542 0.00944969 0.00623951 0.00383727
 0.00860786 0.0139758 0.0210151 0.0296395 0.0395268 0.0499695 0.0598458 0.0678925 0.0731669 0.0753531 0.0747123 0.0718074 0.0672532 0.0615988 0.0552968 0.0486986 0.0420606 0.0355646 0.0293444 0.0235122 0.0181776 0.0134542 0.00944969 0.00623951 0.00383727
 0.00877512 0.0142383 0.021391 0.030135 0.0401301 0.0506444 0.0605289 0.0685005 0.0736167 0.0755867 0.0747124 0.0715961 0.0668779 0.0611157 0.0547596 0.0481528 0.0415417 0.0350978 0.0289449 0.0231867 0.0179257 0.01327 0.0093233 0.00615882 0.0037897
 0.00888333 0.01443 0.0217074 0.0306205 0.0408179 0.0515344 0.0615692 0.0695856 0.0746086 0.0763501 0.0751483 0.0716618 0.0665892 0.0605361 0.05398 0.0472705 0.0406438 0.0342514 0.0281953 0.022559 0.0174279 0.0128973 0.00906104 0.00598658 0.0036849
 0.0088731 0.0144207 0.0217085 0.0306499 0.0409025 0.0517087 0.061868 0.0700319 0.0751963 0.0770318 0.0758365 0.0722478 0.0669743 0.0606605 0.0538368 0.0469013 0.0401214 0.0336577 0.0276037 0.0220236 0.016981 0.0125508 0.00881139 0.00581989 0.00358222
#pred catch len freq
 0.00499284 0.00785051 0.0113528 0.0153732 0.0198293 0.0246726 0.0298119 0.0350673 0.040202 0.0449883 0.04925 0.052875 0.0558147 0.0580688 0.0596514 0.0605539 0.0607279 0.0600887 0.0585204 0.0558707 0.0519544 0.046615 0.0398694 0.0320679 0.0239311
 0.00528738 0.00822597 0.0117312 0.0156299 0.0198414 0.0243875 0.0292924 0.0344737 0.0397128 0.0447065 0.0491513 0.052828 0.0556564 0.0576927 0.0590665 0.0598918 0.0601951 0.0598808 0.0587358 0.0564637 0.052755 0.0474066 0.0404811 0.032431 0.0240754
 0.00565724 0.00879749 0.012529 0.0166388 0.0209907 0.0255409 0.0302595 0.0350591 0.0397963 0.0443077 0.0484258 0.0519834 0.0548416 0.0569395 0.0583195 0.059096 0.0593716 0.0591377 0.0582104 0.0562391 0.0528086 0.0476233 0.040718 0.0325868 0.0241219
 0.00599152 0.00932356 0.0132897 0.0176657 0.0223003 0.0271247 0.0320618 0.0369516 0.0415709 0.0457087 0.0492248 0.0520647 0.0542472 0.0558369 0.0569136 0.0575495 0.0577853 0.0575858 0.0567765 0.0550119 0.0518447 0.0469178 0.0402134 0.0322119 0.0238272
 0.00632897 0.00984649 0.014031 0.0186448 0.0235282 0.0286081 0.0337993 0.0389177 0.0436923 0.047844 0.05116 0.0535421 0.0550305 0.0557897 0.0560478 0.0560124 0.055797 0.0553709 0.0545273 0.052882 0.0499487 0.0453254 0.0389456 0.0312497 0.0231301
 0.00666359 0.0103653 0.0147663 0.0196134 0.0247345 0.0300482 0.0354599 0.0407717 0.0456939 0.0499222 0.0532082 0.0554068 0.0565123 0.0566709 0.0561486 0.0552529 0.0542319 0.0531767 0.0519515 0.0501846 0.0473589 0.0430169 0.037026 0.0297603 0.0220545
 0.00703437 0.0109335 0.0155584 0.0206351 0.0259764 0.0314937 0.0370877 0.0425511 0.0475796 0.0518521 0.0551036 0.0571712 0.058026 0.0577874 0.056703 0.0550925 0.0532657 0.0514213 0.0495481 0.0473749 0.0444313 0.040246 0.0346234 0.027847 0.0206566
 0.00739307 0.0114913 0.0163512 0.0216811 0.0272762 0.0330308 0.0388251 0.0444292 0.0495202 0.0537686 0.0569113 0.0587905 0.0593795 0.0587909 0.0572573 0.0550842 0.0525868 0.0500093 0.0474322 0.0447022 0.0414537 0.0372675 0.0319276 0.0256331 0.0190073
 0.00776648 0.0120698 0.0171699 0.0227573 0.0286121 0.0346155 0.0406311 0.0464042 0.0515821 0.0558099 0.0588121 0.0604363 0.0606752 0.0596661 0.0576581 0.0549583 0.051876 0.0486626 0.0454414 0.0421456 0.0385184 0.0342291 0.0290864 0.0232344 0.0171817
 0.00811472 0.0126088 0.0179319 0.0237575 0.0298516 0.0360846 0.0423071 0.0482451 0.0535219 0.0577592 0.0606635 0.0620742 0.0619889 0.0605628 0.05807 0.0548406 0.0511975 0.0474022 0.0436014 0.0397833 0.0357767 0.0313392 0.0263263 0.0208546 0.0153364
 0.00842035 0.0130824 0.0186024 0.0246391 0.030946 0.0373834 0.0437898 0.0498743 0.0552404 0.0594919 0.0623225 0.0635648 0.0632159 0.0614382 0.0585197 0.0548078 0.0506443 0.0463095 0.0419772 0.0376804 0.0333164 0.0287182 0.0237894 0.0186352 0.0135903
 0.00877477 0.0136228 0.01935 0.0255927 0.0320875 0.0386862 0.0452217 0.0513945 0.0567956 0.0610163 0.0637423 0.0648041 0.0642029 0.0621089 0.0588198 0.0546932 0.0500811 0.0452781 0.0404815 0.0357651 0.0310853 0.0263405 0.0214788 0.0166001 0.0119759
 0.0091901 0.0142594 0.0202362 0.0267297 0.0334517 0.040234 0.0468909 0.0531043 0.0584528 0.0625274 0.065026 0.0657989 0.0648676 0.0624192 0.0587632 0.0542631 0.0492731 0.0440908 0.0389257 0.0338805 0.0289592 0.0241156 0.0193368 0.01472 0.0104837
 0.00968142 0.0150083 0.0212709 0.0280455 0.0350161 0.0419955 0.0487817 0.0550361 0.0603156 0.0641986 0.0663875 0.0667567 0.0653662 0.0624463 0.0583423 0.0534383 0.0480924 0.0425972 0.0371591 0.0318919 0.0268287 0.0219629 0.0173111 0.0129667 0.00910325
 0.0101929 0.0157857 0.0223407 0.0293981 0.036612 0.0437768 0.0506761 0.0569555 0.062156 0.065846 0.0677303 0.0676985 0.0658385 0.0624182 0.0578242 0.0524764 0.0467555 0.0409611 0.0352982 0.029881 0.0247544 0.019932 0.0154453 0.0113793 0.00786754
 0.0105451 0.016337 0.0231309 0.0304498 0.0379284 0.0453361 0.0524246 0.0588035 0.0639841 0.0675223 0.0691294 0.0687165 0.0664024 0.0624912 0.057407 0.0516047 0.045493 0.0393897 0.0335084 0.0279673 0.0228155 0.0180728 0.0137707 0.00997826 0.00679108
 0.0107008 0.0165825 0.0234879 0.0309378 0.0385662 0.0461424 0.0534117 0.0599661 0.0652867 0.0688915 0.070458 0.0698798 0.067282 0.0629966 0.0574885 0.0512557 0.0447447 0.038303 0.0321654 0.0264636 0.0212551 0.0165617 0.0124083 0.00884199 0.00592214
 0.0107046 0.0165937 0.0235148 0.0309942 0.0386717 0.0463221 0.0536947 0.0603817 0.0658574 0.0696229 0.0713275 0.0708293 0.0682202 0.0638132 0.0580763 0.0515332 0.0446716 0.0378845 0.0314473 0.0255232 0.0201894 0.0154756 0.0113999 0.00798755 0.00526354
 0.0106049 0.0164475 0.0233246 0.0307737 0.0384442 0.046116 0.0535412 0.0603141 0.06591 0.0698273 0.0717052 0.0713815 0.0689183 0.0645942 0.0588485 0.0521919 0.045122 0.0380636 0.0313376 0.0251546 0.0196305 0.0148176 0.010737 0.00739813 0.00479585
 0.0105808 0.0164096 0.0232703 0.0307017 0.0383552 0.0460139 0.053434 0.0602149 0.0658373 0.069804 0.0717562 0.0715297 0.069178 0.0649624 0.0592971 0.0526658 0.0455468 0.0383632 0.0314554 0.0250706 0.0193673 0.0144327 0.0103051 0.00698927 0.00445893
 0.0105555 0.0163758 0.0232328 0.0306692 0.0383374 0.046017 0.0534579 0.0602527 0.0658791 0.0698423 0.0717903 0.0715678 0.0692359 0.0650585 0.0594435 0.052859 0.045762 0.0385568 0.031577 0.0250815 0.019256 0.0142197 0.0100353 0.0067149 0.0042221
 0.0104203 0.016171 0.0229532 0.0303218 0.0379412 0.0456016 0.0530614 0.0599176 0.0656447 0.0697347 0.0718168 0.0717177 0.0694873 0.0653869 0.0598264 0.0532753 0.0461878 0.0389608 0.0319223 0.0253329 0.0193925 0.0142438 0.00997275 0.0066052 0.00410395
 0.0104691 0.0162218 0.0229771 0.0302747 0.0377764 0.0452895 0.0526067 0.0593649 0.0650682 0.0692191 0.0714362 0.0715206 0.069489 0.0655709 0.060154 0.0536978 0.0466559 0.0394294 0.0323508 0.025687 0.0196487 0.0143954 0.0100322 0.00659961 0.00406494
 0.0106034 0.0164174 0.0232276 0.0305551 0.0380442 0.0454906 0.0526841 0.0592719 0.0647847 0.0687661 0.0708786 0.0709522 0.0690052 0.0652422 0.0600104 0.0537297 0.0468251 0.0396839 0.0326371 0.0259586 0.0198712 0.0145505 0.0101187 0.0066306 0.00406104
 0.010561 0.0163665 0.0231837 0.0305424 0.0380865 0.0455982 0.0528427 0.0594402 0.0649048 0.0687821 0.0707573 0.0706981 0.0686635 0.0648862 0.0597181 0.0535586 0.0467966 0.0397826 0.0328223 0.02618 0.0200834 0.0147222 0.0102366 0.00669726 0.0040893
 0.0106234 0.0164488 0.0232733 0.0306188 0.0381312 0.0456066 0.0528314 0.05944 0.0649414 0.0688566 0.070839 0.0707373 0.0686169 0.0647404 0.0594984 0.0533187 0.0465959 0.0396631 0.0327958 0.0262297 0.0201759 0.0148229 0.0103206 0.006754 0.00411995
