SBPRF35
12.7214
Curr Bio
915303
B35
868412
F35
0.17141
FOFL
0.17141
OFL
130104
Bzero
3.63469e+006
#pred survey bio
 3.02754e+006 2.74041e+006 2.49951e+006 2.25278e+006 2.03405e+006 1.83078e+006 1.6193e+006 1.40344e+006 1.22912e+006 1.08149e+006 971055 880875 780226 709734 658417 620006 594880 567635 547164 537426 530183 522305 515881 516236 516574 522834 531742 538803 551089 558442 572631 586438 606144 619114 631772 635009 644986 652850 667941 688535 693040 688598 695686 704317 709983 711829 706352 722207 729143 739969 753432 762848 772939 781249 776924 769906 780074 768633 777565 787442 836952 873666 901360 921256 2.14865e+007 1.97958e+007 2.01876e+007 2.09552e+007 2.19539e+007 2.30242e+007 2.40503e+007 2.49654e+007 2.57421e+007 2.63789e+007 2.68886e+007 2.72898e+007 2.76021e+007 2.78435e+007 2.80294e+007 2.81724e+007 2.82824e+007 2.83672e+007 2.84328e+007 2.84837e+007 2.85234e+007 2.85545e+007 2.85789e+007 2.85981e+007 2.86134e+007 2.86255e+007 2.86352e+007 2.86429e+007 2.86491e+007 2.86541e+007 2.86581e+007 2.86613e+007 2.8664e+007 2.86661e+007 2.86678e+007 2.86692e+007 2.86704e+007 2.86713e+007 2.86721e+007 2.86727e+007 2.86732e+007 2.86736e+007 2.8674e+007 2.86742e+007 2.86745e+007 2.86746e+007 2.86748e+007 2.86749e+007 2.8675e+007 2.86751e+007 2.86752e+007 2.86752e+007 2.86753e+007 2.86753e+007 2.86753e+007 2.86754e+007 2.86754e+007 2.86754e+007 2.86754e+007 2.86754e+007 2.86754e+007 2.86754e+007 2.86754e+007 2.86755e+007 2.86755e+007 2.86755e+007 2.86755e+007 2.86755e+007 2.86755e+007 2.86755e+007 2.86755e+007 2.86755e+007 2.86755e+007 2.86755e+007 2.86755e+007 2.86755e+007 2.86755e+007 2.86755e+007 2.86755e+007 2.86755e+007 2.86755e+007 2.86755e+007 2.86755e+007 2.86755e+007 2.86755e+007 2.86755e+007 2.86755e+007 2.86755e+007 2.86755e+007 2.86755e+007 2.86755e+007 2.86755e+007 2.86755e+007 2.86755e+007 2.86755e+007 2.86755e+007 2.86755e+007 2.86755e+007 2.86755e+007 2.86755e+007 0 0 0 0 0 0 0 0 0 0 0 0 0 0 0 0 0 0 0 0 0 0 0 0 0
#obs survey bio
 2.92559e+006 2.10943e+006 2.50117e+006 1.79868e+006 1.77605e+006 1.99436e+006 1.60505e+006 1.19097e+006 1.23266e+006 679831 894921 577995 1.0501e+006 560892 569825 737246 699648 440347 487992 434000 546588 415101 504997 450597 560211 489785 408470 541372 505263 712754 528247 555612 550706 582953 554170 680291 653816 828895 759677 877505 769946 562878 517278 569268 707872 826803 892847 549155 664255 748948 673576 1.15523e+006 688791 962249 740550 803784 727750 852940 433421 988563 828432 1.00135e+006 886551 754054
#pred catch bio
 298712 273132 295984 286783 287714 307250 319675 288143 267366 235592 217377 222609 190412 167977 151508 135820 134199 125789 115058 111833 110972 108177 101362 100586 95323.3 93957 96747.5 93642.5 99081.7 94423.1 96025 92704.4 100019 101202 109253 103217 104730 98447.4 94330 108197 115299 106126 106845 110863 114046 118976 100338 108693 106055 104504 108039 107167 108851 119934 122393 109033 129148 113328 115043 84570.7 99075.5 108777 116894 123815 130104 130980 132576 136619 142496 148903 154998 160339 164763 168282 170998 173045 174561 175668 176467 177039 177446 177733 177935 178077 178176 178245 178293 178327 178350 178366 178377 178385 178390 178394 178396 178398 178399 178400 178400 178401 178401 178401 178401 178402 178402 178402 178402 178402 178402 178402 178402 178402 178402 178402 178402 178402 178402 178402 178402 178402 178402 178402 178402 178402 178402 178402 178402 178402 178402 178402 178402 178402 178402 178402 178402 178402 178402 178402 178402 178402 178402 178402 178402 178402 178402 178402 178402 178402 178402 178402 178402 178402 178402 178402 178402 178402 178402 178402 178402 178402 178402 178402 178402 178402 0 0 0 0 0 0 0 0 0 0 0 0 0 0 0 0 0 0 0 0 0 0 0 0 0
#obs catch bio
 237681 273474 296671 287245 288358 308296 320968 291637 271098 239751 219973 226912 192495 169616 152268 135904 133666 126451 115772 112746 111803 108852 101743 101095 95302 93841.2 97183 93872.3 99516.6 94902.9 96326.8 92871.7 100377 101708 109750 103446 104963 98289.8 93899.6 107426 114351 105453 106868 111373 114463 118581 99524.9 108236 105786 104222 107872 106649 108322 119288 121896 108169 128864 112846 115791 84386.3 99437.6 109097 117073 123852
#pred cpue bio
 2.98899e+006 2.70308e+006 2.46235e+006 2.21596e+006 1.99771e+006 1.79484e+006 1.58421e+006 1.36953e+006 1.19631e+006 1.04992e+006 940562 851462 752588 683832 634062 596876 572581 545915 525816 516356 509415 501918 495819 496344 496875 503064 511623 518411 530419 537584 551554 565139 584417 597110 609623 612964 622953 630921 645943 666316 670818 666314 672898 681041 686630 688825 683748 699388 706107 716676 730049 739576 749666 757746 753268 746100 755778 744213 752643 762172 810969 847299 874554 893983 2.08531e+007 1.9214e+007 1.95202e+007 2.0208e+007 2.11851e+007 2.22514e+007 2.32769e+007 2.41919e+007 2.49685e+007 2.56053e+007 2.61151e+007 2.65163e+007 2.68286e+007 2.707e+007 2.72558e+007 2.73988e+007 2.75088e+007 2.75937e+007 2.76593e+007 2.77102e+007 2.77499e+007 2.77809e+007 2.78053e+007 2.78246e+007 2.78398e+007 2.7852e+007 2.78616e+007 2.78693e+007 2.78755e+007 2.78805e+007 2.78845e+007 2.78878e+007 2.78904e+007 2.78925e+007 2.78943e+007 2.78957e+007 2.78968e+007 2.78978e+007 2.78985e+007 2.78991e+007 2.78996e+007 2.79001e+007 2.79004e+007 2.79007e+007 2.79009e+007 2.79011e+007 2.79012e+007 2.79014e+007 2.79015e+007 2.79015e+007 2.79016e+007 2.79017e+007 2.79017e+007 2.79018e+007 2.79018e+007 2.79018e+007 2.79018e+007 2.79018e+007 2.79019e+007 2.79019e+007 2.79019e+007 2.79019e+007 2.79019e+007 2.79019e+007 2.79019e+007 2.79019e+007 2.79019e+007 2.79019e+007 2.79019e+007 2.79019e+007 2.79019e+007 2.79019e+007 2.79019e+007 2.79019e+007 2.79019e+007 2.79019e+007 2.79019e+007 2.79019e+007 2.79019e+007 2.79019e+007 2.79019e+007 2.79019e+007 2.79019e+007 2.79019e+007 2.79019e+007 2.79019e+007 2.79019e+007 2.79019e+007 2.79019e+007 2.79019e+007 2.79019e+007 2.79019e+007 2.79019e+007 2.79019e+007 2.79019e+007 2.79019e+007 2.79019e+007 2.79019e+007 2.79019e+007 2.79019e+007 0 0 0 0 0 0 0 0 0 0 0 0 0 0 0 0 0 0 0 0 0 0 0 0 0
#obs cpue bio
 2.94179e+006 2.53735e+006 2.86111e+006 2.61319e+006 2.07592e+006 1.57631e+006 1.59875e+006 800224 954897 1.01276e+006 1.1233e+006 873422 617177 768194 842746 579866 683369 401588 480737 512672 469569 619255 514798 510892 601032 574118 452382 517013 533471 332670 696606 567610 598538 491462 777807 573950 653284 649095 703057 802719 747033 702350 552839 583256 708627 1.20965e+006 717843 853093 663954 738017 804825 676528 859430 746450 784286 874296 714500 662333 690281 724970 644147 754441 1.004e+006 1.25412e+006
#pred surv len freq
 0.00480285 0.00785849 0.01194 0.0170622 0.0231158 0.0297741 0.0364683 0.0425319 0.0474475 0.0510111 0.053307 0.054568 0.0550508 0.0549781 0.0545258 0.0538293 0.0529966 0.0521071 0.0511673 0.0500196 0.0482691 0.0453396 0.0407261 0.0343478 0.0267558
 0.00523285 0.00849673 0.0127907 0.0180986 0.0242989 0.0310774 0.0378867 0.0440617 0.04905 0.0525854 0.0546972 0.0556084 0.0556257 0.0550633 0.0541882 0.0531879 0.0521632 0.0511365 0.050038 0.0486592 0.0466161 0.043412 0.0386537 0.032342 0.0250296
 0.00542503 0.00885797 0.0134202 0.0191068 0.0257685 0.0330094 0.0401648 0.0464703 0.0513454 0.0545773 0.0562861 0.0567615 0.056328 0.0552911 0.0539242 0.0524502 0.0510153 0.0496627 0.0483052 0.0466991 0.0444465 0.0410861 0.0362964 0.030138 0.0231637
 0.00571315 0.00930324 0.0140521 0.0199503 0.0268549 0.0343839 0.0418753 0.0485313 0.0536933 0.0570473 0.0586362 0.0587394 0.057742 0.0560447 0.0540042 0.0518941 0.0498868 0.0480409 0.0462781 0.0443568 0.0418849 0.038424 0.0336906 0.0277717 0.0212007
 0.00598667 0.00975121 0.0147307 0.0209098 0.0281257 0.0359593 0.0437014 0.050517 0.055739 0.0590708 0.0605702 0.0605032 0.0592178 0.0570861 0.0544748 0.0517088 0.0490289 0.0465546 0.0442507 0.0419055 0.0391542 0.0355875 0.030947 0.0253203 0.0191986
 0.00621041 0.0101245 0.0153108 0.0217573 0.0292932 0.0374727 0.0455383 0.0525959 0.0579294 0.0612205 0.0625391 0.062186 0.0605451 0.0580055 0.0549286 0.051628 0.0483505 0.0452502 0.0423489 0.0395004 0.0364018 0.0326945 0.0281468 0.022834 0.0171874
 0.00649862 0.0105904 0.0160077 0.0227343 0.0305883 0.0390996 0.0474712 0.0547603 0.0602058 0.0634613 0.0645901 0.0639083 0.0618325 0.0587935 0.0551879 0.0513464 0.0475167 0.0438534 0.0403996 0.0370599 0.0336036 0.0297432 0.0252887 0.0203047 0.015154
 0.00680177 0.0110945 0.0167862 0.0238609 0.0321191 0.0410467 0.0497781 0.0572968 0.0627909 0.0659023 0.0667172 0.0655918 0.0629861 0.0593702 0.0551747 0.0507542 0.0463687 0.0421769 0.0382307 0.0344642 0.0307025 0.0267254 0.0223896 0.0177545 0.013116
 0.00705465 0.0115049 0.0174038 0.0247346 0.0332918 0.0425441 0.0515927 0.0593739 0.065025 0.0681466 0.0688038 0.0673576 0.0642973 0.0601384 0.055359 0.0503528 0.0454047 0.0406883 0.0362694 0.0321072 0.0280701 0.0239911 0.0197656 0.015448 0.0112747
 0.00729524 0.0118964 0.0179936 0.0255666 0.0343979 0.0439313 0.0532302 0.0611902 0.0669191 0.0700065 0.0705206 0.0688301 0.0654319 0.0608533 0.0555925 0.0500711 0.0446041 0.0393929 0.0345287 0.0300007 0.0257163 0.0215518 0.0174316 0.0134022 0.00964533
 0.00747759 0.0121903 0.0184318 0.026179 0.0352075 0.0449473 0.0544387 0.0625489 0.0683605 0.0714483 0.0718775 0.0700229 0.0663914 0.0615195 0.0559135 0.0500038 0.0441193 0.0384827 0.033215 0.028343 0.0238173 0.0195555 0.0155067 0.0117081 0.00829363
 0.00748122 0.0122305 0.0185553 0.0264502 0.0356915 0.0456847 0.0554234 0.063724 0.0696346 0.072721 0.0730608 0.0710489 0.067211 0.0620968 0.0562198 0.0500136 0.04381 0.0378396 0.0322417 0.0270744 0.0223298 0.0179664 0.0139582 0.0103368 0.00719552
 0.00753146 0.0123266 0.0187284 0.026742 0.0361501 0.046353 0.0563237 0.0648424 0.0709112 0.0740525 0.074317 0.0721025 0.0679677 0.0625121 0.0562948 0.0497757 0.0432919 0.0370676 0.0312387 0.0258726 0.0209864 0.0165698 0.0126187 0.00916201 0.00626093
 0.00758452 0.012396 0.0188032 0.0268063 0.0361935 0.0463852 0.0563839 0.0649945 0.0712233 0.0745679 0.0750305 0.072953 0.0688509 0.0633084 0.0569 0.0501222 0.0433529 0.036848 0.0307628 0.0251794 0.0201318 0.01563 0.011685 0.00832363 0.00558308
 0.00765073 0.0124927 0.0189276 0.0269462 0.0363284 0.0464895 0.0564346 0.0649822 0.0711643 0.0745101 0.0750443 0.073105 0.0691724 0.0637749 0.057435 0.0506219 0.0437186 0.0370109 0.0306942 0.0248886 0.0196601 0.015043 0.0110619 0.00774186 0.00510087
 0.00775079 0.0126383 0.0191147 0.027159 0.0365424 0.0466772 0.0565705 0.0650462 0.071146 0.0744141 0.0748963 0.0729527 0.0690752 0.0637839 0.0575699 0.0508576 0.0439905 0.0372366 0.0308013 0.0248369 0.0194495 0.0147102 0.010667 0.00734967 0.00476359
 0.00791535 0.0128758 0.0194159 0.0274947 0.0368696 0.0469507 0.0567534 0.0651163 0.0710974 0.0742583 0.0746607 0.0726769 0.0688058 0.0635673 0.0574429 0.0508369 0.044063 0.0373594 0.0309141 0.0248825 0.019395 0.0145566 0.0104451 0.00710572 0.00454059
 0.0080281 0.0130719 0.019732 0.027966 0.0375133 0.0477444 0.0576204 0.0659338 0.0717307 0.0746046 0.0746806 0.0723981 0.0683041 0.06294 0.056786 0.0502281 0.0435517 0.0369609 0.0306116 0.0246394 0.0191726 0.014331 0.0102144 0.0068853 0.00435107
 0.00807718 0.0131499 0.0198474 0.0281294 0.0377395 0.0480524 0.0580278 0.0664427 0.072312 0.0751903 0.0751743 0.0727044 0.0683634 0.0627494 0.056397 0.0497244 0.0430205 0.0364694 0.0301954 0.0243027 0.0188994 0.0141003 0.0100128 0.00671034 0.00420766
 0.00806045 0.0131215 0.0198029 0.0280652 0.0376555 0.0479563 0.0579388 0.0663923 0.0723383 0.0753253 0.0754268 0.0730474 0.0687351 0.0630714 0.0566031 0.0497853 0.0429501 0.0363116 0.0300016 0.0241118 0.0187302 0.0139555 0.00988859 0.0066043 0.00412066
 0.00800562 0.01304 0.0196944 0.0279341 0.0375094 0.0478036 0.057788 0.0662541 0.0722282 0.0752651 0.0754419 0.0731579 0.0689438 0.0633549 0.0569136 0.050065 0.043152 0.0364163 0.0300185 0.0240686 0.018657 0.0138744 0.00981154 0.00653682 0.00406533
 0.00801124 0.0130398 0.0196772 0.027885 0.0374152 0.0476604 0.0576064 0.0660581 0.0720475 0.0751257 0.0753611 0.0731451 0.0690034 0.063486 0.0571049 0.0502916 0.043378 0.0366055 0.0301474 0.0241325 0.0186678 0.0138515 0.00977323 0.00649606 0.00402951
 0.0080151 0.0130456 0.0196845 0.0278913 0.0374145 0.0476424 0.0575579 0.0659675 0.0719126 0.0749589 0.0751884 0.0729994 0.0689132 0.0634681 0.0571617 0.0504119 0.0435394 0.036779 0.0303037 0.0242507 0.0187401 0.0138828 0.00977579 0.00648341 0.00401218
 0.00796313 0.0129618 0.01956 0.0277197 0.0371942 0.0473798 0.0572697 0.0656793 0.0716524 0.0747506 0.0750478 0.0729348 0.0689289 0.063565 0.057336 0.050652 0.0438252 0.0370831 0.0305965 0.0245059 0.0189407 0.014024 0.00986396 0.00653133 0.00403403
 0.00803261 0.01305 0.0196472 0.0277721 0.0371737 0.0472586 0.057043 0.065369 0.0712997 0.0744034 0.0747491 0.0727151 0.068804 0.063538 0.0574006 0.0507955 0.0440301 0.0373272 0.0308539 0.0247504 0.0191505 0.0141864 0.0099767 0.00660115 0.00407224
 0.00814134 0.0132068 0.0198448 0.0279877 0.0373706 0.0473926 0.057071 0.065259 0.0710435 0.0740245 0.0743019 0.072271 0.0684303 0.06328 0.0572753 0.0507953 0.044132 0.037501 0.0310675 0.0249733 0.0193569 0.0143579 0.0101049 0.00668719 0.00412385
 0.00809773 0.0131598 0.0198172 0.0280122 0.0374769 0.0475888 0.0573298 0.0655198 0.0712313 0.0740781 0.0741958 0.0720232 0.068094 0.0629253 0.0569677 0.0505799 0.0440264 0.037498 0.0311432 0.0250966 0.0194969 0.0144897 0.0102128 0.00676516 0.00417384
 0.00807519 0.0131195 0.0197513 0.0279159 0.0373551 0.0474628 0.0572376 0.0655043 0.0713182 0.0742555 0.0744117 0.0722059 0.0681843 0.062902 0.0568523 0.0504224 0.0438813 0.0374047 0.0311169 0.0251302 0.0195696 0.0145774 0.0102955 0.006831 0.00421935
 0.00803474 0.0130518 0.019646 0.0277621 0.0371444 0.0471942 0.0569242 0.0651776 0.0710263 0.0740529 0.0743415 0.0722808 0.0683782 0.063159 0.0571111 0.0506407 0.0440485 0.0375356 0.0312348 0.0252516 0.0196971 0.0147025 0.010406 0.00691804 0.00428027
 0.0079621 0.0129506 0.0195244 0.0276369 0.0370343 0.0471102 0.0568631 0.0651234 0.0709607 0.073968 0.0742475 0.0722038 0.0683483 0.0631941 0.057207 0.0507737 0.0441886 0.0376616 0.0313412 0.025344 0.0197832 0.0147848 0.0104812 0.00698063 0.00432672
 0.00793205 0.0128835 0.0193914 0.0274045 0.036678 0.0466335 0.0563094 0.0645705 0.0704949 0.0736531 0.0741074 0.072226 0.0685021 0.0634476 0.0575329 0.0511467 0.0445808 0.0380438 0.0316888 0.0256427 0.0200289 0.0149801 0.0106308 0.0070896 0.00440082
 0.00793534 0.0128861 0.0193887 0.0273866 0.0366274 0.0465252 0.0561158 0.0642737 0.070102 0.0732061 0.0736766 0.0718877 0.0683112 0.0634224 0.0576575 0.0513847 0.04489 0.0383843 0.0320268 0.0259521 0.0202935 0.0151927 0.010792 0.00720446 0.00447728
 0.007858 0.0127686 0.0192272 0.0271832 0.0363892 0.0462618 0.0558375 0.0639892 0.0698175 0.0729269 0.0734125 0.0716598 0.0681528 0.0633699 0.0577358 0.0515952 0.045209 0.0387713 0.0324365 0.0263445 0.0206392 0.0154752 0.0110067 0.00735612 0.00457646
 0.00775781 0.012622 0.0190371 0.0269628 0.0361588 0.0460425 0.0556455 0.0638335 0.0696991 0.0728391 0.0733436 0.0715979 0.068094 0.0633239 0.0577248 0.0516457 0.0453384 0.0389789 0.032702 0.0266355 0.0209215 0.0157221 0.0112031 0.00749886 0.00467132
 0.00766012 0.0124654 0.0188065 0.026649 0.0357636 0.0455854 0.0551676 0.0633921 0.0693529 0.072629 0.0732799 0.0716617 0.0682485 0.063531 0.0579577 0.051894 0.0456046 0.0392688 0.033015 0.0269588 0.0212333 0.0159989 0.0114278 0.00766506 0.00478309
 0.00761746 0.0124003 0.0187162 0.0265323 0.0356199 0.0454135 0.0549666 0.0631653 0.0691127 0.0723986 0.0730895 0.0715385 0.0682069 0.0635681 0.058057 0.052035 0.0457722 0.039456 0.0332191 0.0271756 0.0214522 0.016204 0.0116034 0.00780133 0.0048784
 0.00752907 0.0122584 0.0185065 0.0262446 0.0352521 0.0449763 0.0544876 0.0626869 0.0686829 0.0720596 0.0728694 0.0714506 0.0682521 0.0637367 0.0583297 0.0523838 0.0461651 0.0398631 0.0336176 0.0275493 0.021789 0.0164938 0.0118381 0.0079777 0.00499985
 0.00750973 0.0122176 0.0184279 0.0261071 0.0350349 0.0446678 0.0540928 0.0622314 0.068209 0.0716178 0.072508 0.0712069 0.0681474 0.063775 0.0584997 0.0526625 0.046522 0.0402645 0.0340309 0.0279464 0.0221485 0.0168008 0.0120842 0.00816123 0.00512591
 0.00747843 0.0121611 0.018332 0.0259544 0.0348073 0.044352 0.053687 0.0617498 0.0676836 0.0710951 0.0720428 0.0708528 0.0679461 0.0637483 0.0586462 0.0529603 0.0469347 0.0407486 0.0345418 0.028444 0.0226002 0.0171841 0.0123877 0.00838439 0.00527713
 0.00740158 0.0120401 0.0181571 0.0257184 0.0345062 0.0439858 0.0532618 0.06128 0.0671926 0.0706146 0.0716103 0.0705085 0.067728 0.0636855 0.058753 0.0532317 0.0473462 0.0412604 0.0351052 0.0290092 0.0231236 0.0176334 0.0127452 0.00864703 0.00545445
 0.00747219 0.0121427 0.0182885 0.025867 0.0346537 0.0441107 0.0533425 0.0612959 0.0671255 0.0704515 0.0713493 0.0701638 0.0673327 0.0632883 0.0584089 0.0529896 0.0472369 0.0412896 0.0352544 0.0292418 0.0233953 0.0179025 0.0129805 0.0088314 0.00558466
 0.0076592 0.0124278 0.0186813 0.0263614 0.0352268 0.0447235 0.0539405 0.0618138 0.0674974 0.0706255 0.0712989 0.0698921 0.0668699 0.0626864 0.0577351 0.0523175 0.0466353 0.0408103 0.0349228 0.0290551 0.0233277 0.0179158 0.0130357 0.00889758 0.00564273
 0.00768145 0.0124781 0.0187824 0.0265413 0.0355096 0.0451155 0.0544196 0.0623287 0.0679799 0.0710091 0.0715333 0.0699506 0.0667485 0.0624017 0.0573211 0.0518233 0.0461195 0.0403316 0.0345291 0.0287732 0.0231594 0.0178419 0.0130257 0.0089205 0.00567502
 0.00753328 0.0122697 0.0185302 0.0262837 0.0353005 0.0450102 0.0544607 0.0625348 0.0683395 0.0714787 0.0720441 0.070423 0.0671115 0.062609 0.0573587 0.0517076 0.0458906 0.0400435 0.0342377 0.0285246 0.0229806 0.0177377 0.0129828 0.00891718 0.00569
 0.00734039 0.0119741 0.0181208 0.0257674 0.0347063 0.0443925 0.0538979 0.0621197 0.0681561 0.0715745 0.0724107 0.0709965 0.0677919 0.0632878 0.0579452 0.0521457 0.0461641 0.0401715 0.0342622 0.0284951 0.0229398 0.017712 0.0129806 0.00893327 0.00571395
 0.00730289 0.0118922 0.0179598 0.0254849 0.0342662 0.0437861 0.0531621 0.0613399 0.0674491 0.0710583 0.0721736 0.0710757 0.0681658 0.0638832 0.0586564 0.0528624 0.0467973 0.0406701 0.0346159 0.0287253 0.0230829 0.0178038 0.0130461 0.00898482 0.00575495
 0.00741589 0.0120562 0.0181681 0.0257136 0.0344741 0.0439194 0.0531634 0.0611632 0.06708 0.0705309 0.0715725 0.0705159 0.0677573 0.0636954 0.0586993 0.0530893 0.0471268 0.0410163 0.0349139 0.0289441 0.0232229 0.0178845 0.0130911 0.00901206 0.00577402
 0.00742668 0.0120675 0.018173 0.0257006 0.0344282 0.0438243 0.053004 0.0609278 0.0667629 0.0701376 0.0711266 0.0700643 0.0673672 0.0634401 0.0586356 0.0532358 0.0474552 0.0414598 0.0353912 0.0293843 0.023583 0.0181517 0.0132745 0.0091308 0.00584736
 0.00741544 0.0120627 0.01819 0.0257597 0.0345467 0.0440045 0.0532246 0.0611441 0.0669186 0.0701817 0.0710286 0.0698229 0.0670123 0.0630296 0.0582441 0.0529362 0.047297 0.041454 0.0355091 0.0295726 0.023786 0.0183291 0.013408 0.00922025 0.00590204
 0.00731733 0.0119154 0.0179921 0.025521 0.0342888 0.0437597 0.0530316 0.0610392 0.066922 0.0702854 0.0711941 0.0699933 0.0671345 0.0630743 0.0582164 0.0528722 0.0472476 0.0414639 0.0355985 0.0297316 0.023982 0.0185237 0.0135724 0.00934146 0.00598144
 0.00720185 0.0117319 0.0177246 0.0251599 0.0338358 0.0432342 0.0524754 0.0605158 0.0665044 0.0700361 0.0711463 0.0701395 0.0674291 0.0634493 0.0586045 0.0532277 0.047557 0.04174 0.0358641 0.0300012 0.0242526 0.0187778 0.013789 0.00950711 0.00609476
 0.00719118 0.0117007 0.0176521 0.0250185 0.0335978 0.0428834 0.0520185 0.0599865 0.0659592 0.0695436 0.0707731 0.0699365 0.0674195 0.0636219 0.0589165 0.0536193 0.0479705 0.0421365 0.0362276 0.030331 0.0245511 0.0190418 0.0140102 0.00967824 0.00621483
 0.00726137 0.0117977 0.0177656 0.0251252 0.0336646 0.0428739 0.0519009 0.0597418 0.0655893 0.0690771 0.0702647 0.069458 0.0670432 0.0634015 0.0588741 0.0537412 0.0482156 0.0424516 0.0365646 0.0306565 0.0248463 0.019297 0.0142199 0.00983941 0.00632876
 0.00728476 0.0118449 0.0178521 0.0252677 0.0338723 0.0431367 0.0521817 0.0599799 0.0657168 0.0690424 0.0700514 0.0690919 0.0665851 0.0629313 0.0584694 0.0534583 0.0480775 0.042448 0.0366618 0.0308124 0.0250235 0.0194686 0.0143691 0.00995784 0.00641462
 0.00735344 0.0119554 0.0180169 0.0254982 0.0341781 0.0435216 0.0526374 0.0604787 0.0662081 0.0694554 0.0703093 0.0691334 0.0663868 0.0625192 0.057914 0.0528533 0.0475131 0.0419877 0.0363328 0.0306091 0.0249199 0.0194324 0.0143714 0.00997712 0.00643728
 0.00747706 0.0121438 0.018277 0.0258285 0.0345698 0.0439611 0.0531075 0.0609582 0.0666708 0.0698696 0.0706369 0.0693308 0.0664115 0.0623432 0.0575387 0.0523182 0.0468893 0.041359 0.0357716 0.0301601 0.0245956 0.0192201 0.0142456 0.00991017 0.00640588
 0.0074539 0.0121166 0.0182551 0.0258267 0.0346037 0.044041 0.053234 0.0611234 0.0668636 0.0700817 0.070863 0.0695619 0.0666271 0.0625089 0.0576143 0.0522743 0.0467227 0.0410984 0.0354684 0.0298692 0.0243574 0.0190517 0.0141428 0.00985687 0.0063834
 0.00758391 0.0123175 0.0185381 0.0261954 0.0350539 0.0445604 0.0537997 0.0616997 0.0674031 0.0705325 0.0711796 0.0697168 0.0666153 0.0623444 0.0573199 0.051872 0.046233 0.0405463 0.0348898 0.0293095 0.0238616 0.0186515 0.0138493 0.0096615 0.00626544
 0.00753021 0.0122454 0.0184576 0.0261257 0.0350184 0.0445791 0.0538837 0.0618495 0.0676121 0.0707893 0.0714681 0.0700138 0.0668909 0.0625662 0.0574604 0.0519143 0.0461728 0.0403917 0.034661 0.0290375 0.0235834 0.0184013 0.0136501 0.00952059 0.00617682
 0.00746937 0.0121495 0.0183199 0.0259448 0.0348019 0.0443471 0.0536698 0.0616959 0.0675573 0.070855 0.0716517 0.0702912 0.0672244 0.0629137 0.0577816 0.0521748 0.0463481 0.0404704 0.0346469 0.028949 0.023449 0.0182531 0.0135152 0.00941532 0.00610526
 0.0072896 0.0118487 0.0178531 0.0252692 0.0338919 0.0432159 0.0523881 0.0603934 0.0663998 0.070004 0.0712245 0.0703355 0.0677133 0.0637589 0.0588576 0.0533476 0.0474985 0.0415089 0.0355191 0.0296341 0.0239538 0.0186031 0.0137443 0.00955762 0.00618951
 0.00724442 0.0117703 0.0177243 0.0250672 0.0335882 0.0427804 0.0517979 0.0596463 0.0655287 0.0690861 0.0703756 0.0696867 0.0673768 0.0637944 0.0592563 0.0540371 0.0483663 0.0424324 0.0363924 0.0303845 0.0245466 0.0190361 0.0140382 0.00974344 0.00629922
 0.00723918 0.0117627 0.017714 0.0250522 0.0335627 0.0427313 0.0517024 0.0594733 0.065246 0.0686731 0.0698395 0.0690749 0.0667762 0.0633137 0.0589944 0.05405 0.0486482 0.0429201 0.0369887 0.0309895 0.0250827 0.0194611 0.014343 0.00994277 0.00641856
 0.00717678 0.0116788 0.0176199 0.0249691 0.0335148 0.0427355 0.0517588 0.0595614 0.0653283 0.0687027 0.0697721 0.0688825 0.0664613 0.0629182 0.0585953 0.0537396 0.0485026 0.0429721 0.0372175 0.031332 0.0254606 0.0198072 0.0146177 0.0101356 0.00653952
#obs surv len freq
 0.0049718 0.0081432 0.0123852 0.0177107 0.0239931 0.0308662 0.0377043 0.0437846 0.0485576 0.0518233 0.0537016 0.0544779 0.0544715 0.0539783 0.0532578 0.0525227 0.0519178 0.0514778 0.051064 0.0503074 0.0486258 0.0453883 0.0402179 0.0332837 0.0253678
 0.00517644 0.00847987 0.0128994 0.0184478 0.0249895 0.0321362 0.0392257 0.0454925 0.0503532 0.0535917 0.055329 0.0558623 0.055526 0.0546313 0.0534535 0.0522242 0.0511131 0.0501873 0.0493477 0.0482679 0.0464059 0.043159 0.0381545 0.0315324 0.0240137
 0.00540376 0.008851 0.0134611 0.0192452 0.0260584 0.0334901 0.0408422 0.0473075 0.0522683 0.0554913 0.057097 0.0573928 0.0567275 0.0554276 0.0537827 0.0520391 0.050384 0.0489112 0.0475617 0.0460627 0.043932 0.0406162 0.0357605 0.0294758 0.0224104
 0.00565322 0.00925899 0.0140796 0.0201241 0.0272355 0.0349764 0.0426063 0.049271 0.0543176 0.0575 0.0589461 0.0589805 0.0579703 0.0562572 0.0541424 0.0518814 0.0496726 0.0476288 0.0457262 0.0437484 0.0412841 0.0378465 0.0331143 0.0271762 0.0206022
 0.00589419 0.00965419 0.0146809 0.0209823 0.0283911 0.0364443 0.0443598 0.051236 0.0563821 0.0595353 0.0608277 0.0606008 0.0592431 0.057116 0.0545357 0.0517672 0.0490156 0.0464062 0.0439433 0.041463 0.0386279 0.0350273 0.0303858 0.0247792 0.0187009
 0.00613869 0.0100556 0.0152924 0.0218557 0.0295673 0.037937 0.0461397 0.0532246 0.058463 0.0615767 0.0627035 0.0622037 0.060488 0.0579395 0.0548921 0.0516225 0.0483429 0.0451873 0.0421819 0.0392075 0.0359968 0.0322174 0.0276464 0.022355 0.0167649
 0.0063773 0.0104474 0.0158892 0.0227085 0.0307163 0.0393961 0.0478803 0.0551697 0.0604979 0.0635704 0.0645302 0.0637558 0.0616817 0.0587142 0.0552065 0.0514493 0.047663 0.0439898 0.0404735 0.0370336 0.0334653 0.0295098 0.0249977 0.0200006 0.0148759
 0.00661964 0.0108448 0.0164936 0.02357 0.0318733 0.0408596 0.0496174 0.0570986 0.0624993 0.0655109 0.0662843 0.0652195 0.0627767 0.0593872 0.0554252 0.0511961 0.0469295 0.0427752 0.0387916 0.0349306 0.0310419 0.0269321 0.0224814 0.0177636 0.0130782
 0.00684972 0.0112202 0.0170613 0.0243747 0.0329487 0.0422151 0.0512241 0.0588833 0.0643542 0.0673128 0.0679151 0.0665788 0.0637875 0.059997 0.0556034 0.0509288 0.0462142 0.0416181 0.0372128 0.032978 0.0288096 0.0245702 0.0201825 0.0157221 0.0114375
 0.00706445 0.011574 0.017602 0.025149 0.0339919 0.0435351 0.0527861 0.0606062 0.0661232 0.0690033 0.0694141 0.0677965 0.0646599 0.0604835 0.055683 0.0505955 0.0454725 0.0404813 0.0357067 0.0311524 0.0267528 0.0224169 0.0181021 0.0138835 0.00996395
 0.00725911 0.0118926 0.0180856 0.0258371 0.0349152 0.0447029 0.0541734 0.0621479 0.0677215 0.0705453 0.0707903 0.0689149 0.0654532 0.0609109 0.0557273 0.0502571 0.0447631 0.0394208 0.0343259 0.0295017 0.0249144 0.0205102 0.0162732 0.0122759 0.00868036
 0.00744858 0.0122048 0.0185627 0.02652 0.0358338 0.045862 0.0555389 0.0636435 0.0692415 0.071976 0.0720302 0.0698852 0.0661004 0.0612054 0.0556604 0.0498368 0.0440095 0.0383621 0.0329997 0.0279608 0.0232357 0.0187988 0.0146534 0.0108664 0.00756339
 0.00752875 0.01234 0.0187761 0.026838 0.0362831 0.0464635 0.0562991 0.0645482 0.070253 0.073036 0.0730657 0.0708176 0.0668556 0.0617225 0.0558974 0.0497722 0.0436402 0.037702 0.0320784 0.0268266 0.0219591 0.0174731 0.0133856 0.00975688 0.00668142
 0.00758167 0.0124212 0.0188901 0.0269877 0.0364724 0.0466998 0.0565949 0.0649185 0.0707105 0.0735837 0.0736903 0.0714857 0.0675149 0.0623083 0.056343 0.0500197 0.0436492 0.0374542 0.0315805 0.0261109 0.0210839 0.0165197 0.0124475 0.00892152 0.00601029
 0.00765102 0.0125244 0.0190274 0.0271531 0.036655 0.0468877 0.0567787 0.0650948 0.0708845 0.07377 0.0739095 0.0717555 0.0678394 0.0626694 0.0566998 0.0503151 0.043823 0.037457 0.0313853 0.0257203 0.0205329 0.0158705 0.0117783 0.00830845 0.0055089
 0.0077171 0.0126254 0.019167 0.0273293 0.0368596 0.0471064 0.0569917 0.0652805 0.0710255 0.0738604 0.0739598 0.0717901 0.0678878 0.0627546 0.0568266 0.0504648 0.0439558 0.0375225 0.0313378 0.0255347 0.0202137 0.0154535 0.0113207 0.00787211 0.00514261
 0.00779352 0.0127464 0.0193427 0.0275656 0.0371553 0.0474497 0.0573578 0.0656325 0.0713217 0.074066 0.0740562 0.0717804 0.0677952 0.062615 0.0566772 0.0503317 0.0438448 0.0374176 0.0312088 0.0253514 0.0199612 0.015141 0.0109796 0.00754422 0.0048645
 0.00781122 0.0127739 0.0193819 0.0276181 0.0372231 0.0475356 0.0574647 0.0657614 0.0714688 0.0742207 0.0742017 0.0718981 0.0678705 0.0626435 0.0566662 0.0502963 0.0437996 0.0373681 0.0311475 0.0252622 0.0198298 0.0149656 0.0107748 0.00733635 0.00468056
 0.00781358 0.012772 0.0193687 0.0275843 0.0371606 0.0474426 0.0573501 0.0656448 0.0713761 0.0741759 0.0742194 0.0719786 0.0680004 0.0628 0.056825 0.0504391 0.0439166 0.0374561 0.0312042 0.025283 0.0198095 0.0149033 0.0106791 0.00722446 0.00457258
 0.00787457 0.0128614 0.0194846 0.0277175 0.0372955 0.0475601 0.0574309 0.0656741 0.0713478 0.074097 0.0741097 0.0718653 0.0679086 0.0627446 0.0568072 0.0504487 0.0439387 0.0374766 0.0312129 0.0252731 0.0197771 0.0148482 0.0106062 0.00714367 0.00449587
 0.00788109 0.0128757 0.0195125 0.0277655 0.0373677 0.0476537 0.0575338 0.0657657 0.0714059 0.0741056 0.0740661 0.0717809 0.0678054 0.0626474 0.0567357 0.0504121 0.0439345 0.0374936 0.0312364 0.0252899 0.0197783 0.0148304 0.0105719 0.00709956 0.00445062
 0.00792029 0.0129317 0.0195828 0.0278436 0.037446 0.0477274 0.0576026 0.0658319 0.0714694 0.07416 0.0740987 0.0717785 0.0677617 0.0625674 0.056635 0.0503108 0.0438492 0.037432 0.0311969 0.0252643 0.0197569 0.0148062 0.0105422 0.00706638 0.00441824
 0.00788202 0.0128771 0.0195147 0.0277687 0.0373726 0.0476616 0.0575465 0.0657852 0.0714331 0.0741391 0.0741 0.0718066 0.0678135 0.0626329 0.0567022 0.0503715 0.0439019 0.0374797 0.0312425 0.0253073 0.0197936 0.0148322 0.0105554 0.00706796 0.00441215
 0.00787581 0.0128578 0.0194693 0.0276815 0.0372312 0.047466 0.0573145 0.0655503 0.0712334 0.0740037 0.0740424 0.0718239 0.0678937 0.0627597 0.0568578 0.0505388 0.0440662 0.0376308 0.031375 0.0254193 0.0198841 0.0149007 0.0106024 0.00709603 0.00442581
 0.00789652 0.012887 0.0195042 0.0277149 0.0372513 0.0474574 0.0572617 0.065443 0.0710736 0.0738099 0.0738463 0.0716614 0.0677919 0.0627298 0.0568948 0.0506263 0.0441839 0.0377596 0.0315001 0.0255308 0.0199767 0.0149723 0.0106534 0.00712888 0.00444439
 0.00789723 0.012891 0.0195153 0.0277375 0.0372883 0.0475068 0.0573144 0.0654828 0.0710813 0.0737704 0.0737557 0.0715306 0.0676452 0.0625969 0.0568012 0.0505854 0.0441947 0.0378103 0.0315737 0.0256112 0.0200517 0.0150346 0.0107001 0.00716045 0.00446345
 0.0078417 0.0128037 0.0193901 0.0275723 0.0370871 0.0472821 0.0570876 0.0652815 0.0709313 0.0736865 0.0737372 0.071564 0.0677124 0.0626845 0.0569046 0.0507067 0.0443369 0.0379713 0.031745 0.0257796 0.0202039 0.0151608 0.010796 0.00722716 0.00450568
 0.00782274 0.0127649 0.0193171 0.0274479 0.0368965 0.0470208 0.056769 0.0649377 0.0706065 0.0734253 0.0735725 0.0715101 0.0677637 0.0628203 0.0570976 0.0509319 0.044576 0.0382129 0.0319805 0.0260002 0.0204 0.0153241 0.010922 0.00731642 0.00456342
 0.00780084 0.0127305 0.0192672 0.0273789 0.0368032 0.0468958 0.0566042 0.0647285 0.0703582 0.0731575 0.0733185 0.0713087 0.0676479 0.0628068 0.0571832 0.0510971 0.0447935 0.0384557 0.0322265 0.026233 0.0206074 0.0154978 0.0110575 0.00741393 0.00462763
 0.00777489 0.0126848 0.0191921 0.0272642 0.0366414 0.0466869 0.056358 0.0644644 0.0700987 0.0729219 0.0731207 0.0711595 0.0675591 0.0627914 0.0572505 0.0512469 0.0450131 0.0387218 0.0325117 0.0265113 0.0208585 0.0157084 0.0112217 0.00753226 0.00470588
 0.00774953 0.0126439 0.0191308 0.0271778 0.0365253 0.0465376 0.0561753 0.0642532 0.0698708 0.0726952 0.0729159 0.0709962 0.0674517 0.0627488 0.0572772 0.0513434 0.0451748 0.0389369 0.0327608 0.0267706 0.0211043 0.0159219 0.011392 0.0076569 0.00478926
 0.00770274 0.0125694 0.0190221 0.0270302 0.0363376 0.0463137 0.055926 0.0639952 0.0696239 0.072478 0.072743 0.0708776 0.0673942 0.0627561 0.0573499 0.0514788 0.0453662 0.0391737 0.0330274 0.0270471 0.0213691 0.0161555 0.0115812 0.00779717 0.00488402
 0.00768018 0.0125287 0.0189536 0.0269228 0.0361818 0.0461068 0.0556752 0.0637192 0.0693485 0.0722301 0.0725444 0.0707423 0.0673284 0.0627599 0.0574199 0.0516091 0.0455491 0.0393988 0.0332812 0.0273123 0.0216264 0.0163863 0.0117716 0.00794074 0.00498251
 0.00765587 0.0124919 0.0189026 0.026857 0.0361002 0.0460064 0.0555518 0.0635693 0.0691732 0.0720379 0.0723523 0.0705718 0.0672 0.0626888 0.0574129 0.0516659 0.0456639 0.0395618 0.0334795 0.0275301 0.0218455 0.016589 0.0119434 0.00807344 0.00507548
 0.00766168 0.0125004 0.018914 0.0268704 0.0361144 0.0460195 0.0555604 0.0635679 0.0691539 0.0719921 0.0722731 0.070459 0.0670632 0.0625458 0.0572861 0.0515753 0.0456229 0.0395748 0.0335422 0.0276315 0.0219701 0.0167191 0.0120631 0.00817166 0.00514755
 0.00762096 0.012442 0.0188402 0.0267886 0.0360345 0.0459505 0.0555083 0.0635343 0.069137 0.0719873 0.0722739 0.0704578 0.0670531 0.0625239 0.0572559 0.051547 0.04561 0.0395893 0.0335904 0.0277113 0.0220722 0.0168298 0.0121681 0.00825997 0.00521371
 0.00760885 0.0124177 0.0187958 0.0267154 0.0359267 0.0458111 0.0553515 0.0633841 0.0690189 0.0719189 0.0722588 0.0704869 0.0671093 0.06259 0.057319 0.0516018 0.0456585 0.0396392 0.0336499 0.0277855 0.0221599 0.0169238 0.0122584 0.00833736 0.00527279
 0.00758395 0.0123805 0.0187456 0.0266526 0.0358519 0.0457231 0.0552482 0.0632651 0.0688898 0.0717935 0.0721567 0.0704265 0.0671007 0.0626304 0.0573954 0.0516972 0.0457588 0.0397367 0.0337438 0.0278779 0.0222521 0.017014 0.0123415 0.00840761 0.00532649
 0.00756182 0.0123435 0.0186883 0.0265702 0.0357419 0.045588 0.0550969 0.0631114 0.0687483 0.0716755 0.072069 0.0703733 0.0670858 0.0626573 0.057464 0.0518012 0.0458865 0.0398745 0.0338803 0.0280063 0.0223693 0.017118 0.0124302 0.00847895 0.00537943
 0.00753676 0.012306 0.0186377 0.0265075 0.0356688 0.0455058 0.0550061 0.0630129 0.0686454 0.0715746 0.0719793 0.0703039 0.0670443 0.0626483 0.0574894 0.0518601 0.0459745 0.0399837 0.0340004 0.0281272 0.0224826 0.0172182 0.0125141 0.00854477 0.00542741
 0.00752938 0.0122912 0.0186106 0.0264622 0.035601 0.0454153 0.0548986 0.0628992 0.0685377 0.0714823 0.0719069 0.0702526 0.0670142 0.0626406 0.0575061 0.0519028 0.0460428 0.0400739 0.0341059 0.0282391 0.0225917 0.0173167 0.0125966 0.00860897 0.00547348
 0.00751105 0.0122627 0.0185699 0.0264079 0.0355321 0.0453309 0.0547991 0.0627873 0.0684199 0.0713691 0.0718103 0.0701834 0.0669788 0.0626401 0.0575379 0.0519625 0.0461259 0.0401756 0.0342204 0.0283591 0.0227087 0.0174226 0.0126853 0.00867744 0.00552203
 0.00750201 0.0122494 0.0185524 0.0263872 0.0355093 0.0453067 0.0547731 0.0627577 0.068384 0.0713243 0.0717564 0.0701235 0.0669197 0.0625907 0.0575064 0.0519543 0.0461426 0.0402158 0.0342799 0.0284319 0.0227873 0.0174991 0.0127529 0.00873175 0.00556157
 0.00750566 0.0122548 0.0185596 0.0263959 0.0355191 0.0453172 0.0547836 0.0627673 0.0683906 0.0713244 0.071746 0.070099 0.0668803 0.0625395 0.0574504 0.051903 0.0461048 0.0401976 0.0342833 0.0284546 0.022824 0.0175428 0.0127964 0.00876952 0.0055906
 0.00750775 0.0122591 0.0185675 0.0264092 0.035539 0.0453439 0.0548151 0.0627999 0.0684197 0.0713458 0.0717563 0.070096 0.0668627 0.0625072 0.0574057 0.0518508 0.0460526 0.0401535 0.0342538 0.0284428 0.0228288 0.0175598 0.0128195 0.00879298 0.00561041
 0.00750535 0.0122558 0.0185638 0.026406 0.0355379 0.0453466 0.0548235 0.0628149 0.0684409 0.0713711 0.0717818 0.0701172 0.0668751 0.0625079 0.0573936 0.051827 0.0460208 0.0401194 0.0342239 0.0284225 0.0228206 0.0175629 0.0128304 0.0088071 0.00562387
 0.00750535 0.0122558 0.0185638 0.026406 0.0355379 0.0453466 0.0548235 0.0628149 0.0684409 0.0713711 0.0717818 0.0701172 0.0668751 0.0625079 0.0573936 0.051827 0.0460208 0.0401194 0.0342239 0.0284225 0.0228206 0.0175629 0.0128304 0.0088071 0.00562387
 0.00741215 0.012109 0.0183524 0.0261248 0.0351901 0.044948 0.0544046 0.0624196 0.068118 0.0711617 0.0717091 0.0701821 0.0670588 0.0627789 0.0577153 0.0521656 0.0463495 0.0404206 0.0344886 0.028648 0.0230078 0.0177136 0.012947 0.00889252 0.00568225
 0.00746302 0.0121801 0.0184376 0.02621 0.0352564 0.0449763 0.0543811 0.0623389 0.067985 0.0709916 0.0715257 0.0700127 0.0669284 0.062703 0.0576975 0.0521978 0.0464163 0.040505 0.0345764 0.0287301 0.0230796 0.0177737 0.0129954 0.0089296 0.00570887
 0.00741867 0.0121178 0.0183614 0.0261288 0.0351794 0.0449074 0.0543156 0.0622653 0.0678915 0.0708746 0.0713933 0.0698842 0.0668273 0.0626505 0.0577061 0.0522685 0.0465391 0.0406619 0.034747 0.0288958 0.0232271 0.0178958 0.0130899 0.00899806 0.00575504
 0.00733811 0.0119837 0.0181549 0.0258339 0.0347904 0.0444383 0.0538058 0.0617745 0.0674832 0.0705946 0.0712585 0.0698845 0.0669395 0.0628506 0.0579752 0.0525919 0.0469018 0.0410455 0.0351292 0.0292539 0.0235418 0.0181544 0.0132882 0.00913932 0.00584809
 0.00732419 0.0119537 0.018096 0.0257284 0.0346189 0.0441861 0.0534698 0.0613697 0.0670441 0.0701712 0.0709054 0.0696474 0.0668427 0.0628936 0.0581385 0.0528471 0.0472199 0.0414002 0.0354962 0.0296093 0.0238641 0.0184269 0.0135018 0.00929396 0.00595093
 0.00729821 0.0119142 0.018041 0.0256564 0.0345271 0.0440684 0.0533166 0.0611705 0.0667936 0.0698759 0.0705881 0.0693457 0.0666012 0.0627513 0.0581179 0.0529488 0.047426 0.0416813 0.0358188 0.0299416 0.0241779 0.0187005 0.0137218 0.00945644 0.00606065
 0.00736478 0.0120212 0.0181992 0.0258733 0.0348038 0.0443939 0.0536642 0.0614973 0.0670466 0.0700049 0.0705591 0.069152 0.0662672 0.0623285 0.0576723 0.0525438 0.0471075 0.0414699 0.0357117 0.029919 0.0242126 0.018765 0.0137934 0.00951997 0.0061089
 0.00736593 0.0120332 0.0182358 0.0259537 0.0349472 0.0446123 0.0539541 0.0618369 0.0673982 0.0703214 0.0707925 0.0692618 0.0662293 0.0621434 0.0573674 0.0521693 0.046723 0.0411293 0.0354498 0.0297473 0.024122 0.0187345 0.0137989 0.00954104 0.00613191
 0.00739166 0.0120728 0.0182921 0.0260294 0.0350468 0.0447428 0.0541251 0.0620554 0.0676629 0.0706162 0.071085 0.0695081 0.0663845 0.0621733 0.0572589 0.0519355 0.0464014 0.040772 0.0351096 0.029464 0.0239147 0.0186018 0.0137261 0.00950837 0.00612152
 0.00735077 0.012013 0.0182145 0.0259396 0.0349538 0.0446574 0.0540589 0.0620214 0.0676756 0.0706892 0.0712255 0.0697099 0.0666235 0.06241 0.0574488 0.0520428 0.0464114 0.0406957 0.0349783 0.0293169 0.023785 0.0185081 0.013671 0.00948363 0.00611521
 0.00738105 0.0120562 0.0182686 0.0259992 0.0350124 0.0447104 0.054105 0.0620633 0.067717 0.0707337 0.0712761 0.069769 0.066692 0.0624839 0.0575157 0.0520831 0.0464046 0.0406306 0.0348598 0.0291657 0.0236295 0.0183733 0.0135707 0.00941928 0.00607968
 0.00731532 0.0119542 0.0181241 0.0258102 0.0347816 0.0444465 0.0538242 0.0617897 0.0674807 0.0705657 0.071201 0.0697999 0.0668274 0.062708 0.0578014 0.0523957 0.0467077 0.0408921 0.0350593 0.0292982 0.023705 0.0184101 0.0135872 0.00942808 0.00608669
 0.00726036 0.0118614 0.0179787 0.0255976 0.0344924 0.0440831 0.053407 0.0613561 0.0670784 0.0702407 0.0709888 0.0697212 0.0668879 0.0628993 0.0581019 0.0527731 0.0471219 0.0413014 0.0354275 0.0296014 0.0239343 0.0185708 0.0136929 0.00949459 0.00612731
 0.00706408 0.011541 0.0174951 0.0249171 0.0335975 0.0429882 0.0521721 0.0600883 0.0659134 0.0693124 0.0703996 0.0695247 0.067086 0.0634494 0.0589304 0.0537897 0.0482326 0.0424182 0.0364752 0.0305234 0.0246965 0.0191622 0.0141231 0.00978718 0.0063127
 0.00711873 0.0116071 0.0175513 0.0249264 0.0335127 0.0427632 0.0517753 0.0595132 0.0651858 0.0684921 0.0695758 0.0688016 0.0665611 0.0631923 0.058968 0.0541036 0.048767 0.0430944 0.0372079 0.0312345 0.0253264 0.0196754 0.0145086 0.0100543 0.00648321
 0.00709544 0.011585 0.0175455 0.0249562 0.0335901 0.0428787 0.0518879 0.059556 0.0650876 0.0682063 0.0691017 0.0681904 0.0659042 0.0625984 0.0585366 0.0539014 0.0488145 0.043365 0.0376389 0.0317456 0.0258398 0.0201308 0.0148719 0.0103167 0.00665536
 0.00711406 0.011613 0.0175846 0.0250087 0.0336614 0.042978 0.0520249 0.0597313 0.0652806 0.0683688 0.0691671 0.0680976 0.0656274 0.0621653 0.0580249 0.0534146 0.0484487 0.0431798 0.0376445 0.0319074 0.0260958 0.0204144 0.0151302 0.0105202 0.00679677
#pred catch len freq
 0.00366368 0.0059384 0.00893941 0.0127015 0.0172462 0.0225268 0.0283627 0.0344359 0.0403605 0.0457663 0.0503553 0.0539364 0.0564487 0.0579566 0.0586142 0.0586189 0.0581765 0.0574663 0.0565715 0.0553726 0.0534666 0.0502349 0.0451282 0.0380622 0.0296497
 0.00401703 0.00646389 0.00964284 0.0135658 0.0182485 0.0236601 0.0296405 0.0358704 0.0419238 0.0473609 0.05182 0.0550929 0.057165 0.0581937 0.0584291 0.0581255 0.0574846 0.0566267 0.0555547 0.0540944 0.0518548 0.0483036 0.0430142 0.0359921 0.0278549
 0.00421971 0.00682198 0.0102318 0.0144661 0.0195196 0.0253043 0.0315799 0.0379581 0.0439911 0.0492693 0.0534796 0.0564405 0.0581329 0.0587047 0.0584264 0.0576073 0.0565108 0.0552864 0.05392 0.0521976 0.0497114 0.0459658 0.0406121 0.0337231 0.0259197
 0.00448563 0.00723269 0.010815 0.0152472 0.020534 0.0266062 0.0332306 0.039989 0.0463541 0.0518084 0.0559521 0.0585833 0.0597362 0.0596499 0.0586777 0.0571835 0.0554638 0.0536919 0.0518691 0.049787 0.0470443 0.0431699 0.0378567 0.0312075 0.0238241
