SBPRF35
12.7214
Curr Bio
959801
B35
896792
F35
0.173294
FOFL
0.173294
OFL
130553
Bzero
3.63469e+06
#pred survey bio
 3.23727e+06 3.16825e+06 3.09962e+06 2.96648e+06 2.80719e+06 2.57904e+06 2.3485e+06 2.1108e+06 1.90384e+06 1.70986e+06 1.52401e+06 1.36574e+06 1.21081e+06 1.10813e+06 965681 844945 761184 704486 671372 628934 597317 578538 561204 555264 554641 538740 537746 527009 516025 518925 525550 522466 526206 540881 558245 577104 596262 608521 636155 644462 649803 656960 656563 660696 672569 682503 685863 687037 687263 698934 697733 734684 762603 762960 773090 773207 767409 775469 784766 810544 848681 897305 939262 949384 954273 965901 974480 965263 2.1432e+07 1.97169e+07 2.01171e+07 2.09047e+07 2.1925e+07 2.30121e+07 2.40488e+07 2.49693e+07 2.57477e+07 2.63841e+07 2.68922e+07 2.72913e+07 2.76014e+07 2.78409e+07 2.8025e+07 2.81666e+07 2.82755e+07 2.83594e+07 2.84243e+07 2.84747e+07 2.8514e+07 2.85447e+07 2.85689e+07 2.8588e+07 2.86031e+07 2.86152e+07 2.86247e+07 2.86324e+07 2.86386e+07 2.86435e+07 2.86475e+07 2.86507e+07 2.86534e+07 2.86555e+07 2.86572e+07 2.86586e+07 2.86597e+07 2.86607e+07 2.86614e+07 2.86621e+07 2.86626e+07 2.8663e+07 2.86633e+07 2.86636e+07 2.86638e+07 2.8664e+07 2.86641e+07 2.86643e+07 2.86644e+07 2.86645e+07 2.86645e+07 2.86646e+07 2.86646e+07 2.86647e+07 2.86647e+07 2.86647e+07 2.86647e+07 2.86648e+07 2.86648e+07 2.86648e+07 2.86648e+07 2.86648e+07 2.86648e+07 2.86648e+07 2.86648e+07 2.86648e+07 2.86648e+07 2.86648e+07 2.86648e+07 2.86648e+07 2.86648e+07 2.86648e+07 2.86648e+07 2.86648e+07 2.86648e+07 2.86648e+07 2.86648e+07 2.86648e+07 2.86648e+07 2.86648e+07 2.86648e+07 2.86648e+07 2.86648e+07 2.86648e+07 2.86648e+07 2.86648e+07 2.86648e+07 2.86648e+07 2.86648e+07 2.86648e+07 2.86648e+07 2.86648e+07 2.86648e+07 2.86648e+07 2.86648e+07 2.86648e+07 2.86648e+07 2.86648e+07 2.86648e+07 2.86648e+07 0 0 0 0 0 0 0 0 0 0 0 0 0 0 0 0 0 0 0 0 0 0 0 0 0
#obs survey bio
 2.65642e+06 2.94973e+06 3.61451e+06 2.19844e+06 3.25636e+06 2.46911e+06 1.86625e+06 2.11024e+06 1.81899e+06 1.96506e+06 1.54287e+06 1.29536e+06 1.48395e+06 1.05900e+06 654470 483315 854751 633741 626157 609016 462205 558878 597927 605481 404917 457824 895727 418948 543301 526697 469300 418990 547416 474833 478792 680824 623019 694588 642434 739362 564190 816344 536942 779331 842567 634907 574414 647314 743725 629172 740360 932452 730891 775475 911984 753915 711265 658254 1.0912e+06 602341 852795 930836 1.13978e+06 1.00174e+06 1.11291e+06 983652 1.48682e+06 880788
#pred catch bio
 88875.1 91036.2 157280 191098 266558 282987 303835 289492 289694 292119 275118 276602 232846 266656 243119 206676 179765 156892 161053 146825 131941 127189 114545 108385 119127 104024 110255 108451 96126.3 93951.2 103352 98997.1 92161.1 92819.4 94187.6 95711.1 102176 89855.7 106425 107891 105667 111631 107686 101788 104334 110432 112308 112981 103840 115405 83607.4 92280.3 114960 105894 114810 120261 109938 111503 100364 93429.9 88075.2 96307.3 124231 128329 122757 126220 142341 162942 130553 131186 132840 136988 143031 149606 155831 161259 165738 169287 172016 174068 175583 176687 177482 178050 178453 178737 178936 179075 179173 179240 179287 179320 179343 179358 179369 179376 179381 179385 179387 179389 179390 179391 179392 179392 179392 179392 179392 179393 179393 179393 179393 179393 179393 179393 179393 179393 179393 179393 179393 179393 179393 179393 179393 179393 179393 179393 179393 179393 179393 179393 179393 179393 179393 179393 179393 179393 179393 179393 179393 179393 179393 179393 179393 179393 179393 179393 179393 179393 179393 179393 179393 179393 179393 179393 179393 179393 179393 179393 179393 179393 179393 179393 179393 179393 179393 179393 179393 179393 0 0 0 0 0 0 0 0 0 0 0 0 0 0 0 0 0 0 0 0 0 0 0 0 0
#obs catch bio
 0 90793.6 157938 191763 268362 284765 307465 292030 293404 294909 278432 282060 234447 270677 245798 210085 181152 158284 162996 148061 132789 128320 114770 107894 119851 103751 109343 108158 95755.4 93559.9 103284 99503.5 92871.5 93529.1 95268.2 96434 103084 89890.1 106695 107441 105385 111021 107513 101542 103970 110147 112210 112738 103303 115833 83305.4 91843.3 114798 105246 114282 119592 109531 111467 100444 93764.3 88398.2 96510.5 124592 128885 122878 125960 141567 163151
#pred cpue bio
 3.19331e+06 3.12513e+06 3.05619e+06 2.92255e+06 2.76337e+06 2.53583e+06 2.30586e+06 2.06899e+06 1.8627e+06 1.6695e+06 1.48451e+06 1.327e+06 1.17345e+06 1.07175e+06 931348 812422 730111 674632 642387 601362 570997 553075 536639 531288 530906 515640 515063 504852 494130 496869 503159 499788 503045 517153 533949 552364 571333 583645 610977 619454 624893 632015 631628 635572 647201 656977 660249 661422 661662 673006 671838 708463 736517 737089 746809 746691 740670 748098 756833 781952 819324 867218 908762 918805 923447 934754 943049 933625 2.07096e+07 1.90479e+07 1.9361e+07 2.0058e+07 2.10506e+07 2.21321e+07 2.31678e+07 2.40881e+07 2.48665e+07 2.55029e+07 2.6011e+07 2.64101e+07 2.67202e+07 2.69597e+07 2.71438e+07 2.72854e+07 2.73943e+07 2.74782e+07 2.75431e+07 2.75935e+07 2.76328e+07 2.76635e+07 2.76877e+07 2.77068e+07 2.77219e+07 2.7734e+07 2.77435e+07 2.77512e+07 2.77574e+07 2.77623e+07 2.77663e+07 2.77695e+07 2.77722e+07 2.77743e+07 2.7776e+07 2.77774e+07 2.77785e+07 2.77795e+07 2.77802e+07 2.77809e+07 2.77814e+07 2.77818e+07 2.77821e+07 2.77824e+07 2.77826e+07 2.77828e+07 2.77829e+07 2.77831e+07 2.77832e+07 2.77833e+07 2.77833e+07 2.77834e+07 2.77834e+07 2.77835e+07 2.77835e+07 2.77835e+07 2.77835e+07 2.77835e+07 2.77836e+07 2.77836e+07 2.77836e+07 2.77836e+07 2.77836e+07 2.77836e+07 2.77836e+07 2.77836e+07 2.77836e+07 2.77836e+07 2.77836e+07 2.77836e+07 2.77836e+07 2.77836e+07 2.77836e+07 2.77836e+07 2.77836e+07 2.77836e+07 2.77836e+07 2.77836e+07 2.77836e+07 2.77836e+07 2.77836e+07 2.77836e+07 2.77836e+07 2.77836e+07 2.77836e+07 2.77836e+07 2.77836e+07 2.77836e+07 2.77836e+07 2.77836e+07 2.77836e+07 2.77836e+07 2.77836e+07 2.77836e+07 2.77836e+07 2.77836e+07 2.77836e+07 2.77836e+07 2.77836e+07 2.77836e+07 0 0 0 0 0 0 0 0 0 0 0 0 0 0 0 0 0 0 0 0 0 0 0 0 0
#obs cpue bio
 3.07028e+06 2.13699e+06 3.15944e+06 2.15208e+06 2.99909e+06 2.16638e+06 1.77862e+06 2.27561e+06 1.30858e+06 1.86624e+06 999622 854465 1.33489e+06 871764 1.3549e+06 822758 838314 551611 583295 614792 687371 470750 655632 712302 444252 840308 539566 489032 492454 517723 508827 383033 329411 537237 399055 534403 520494 666084 672301 874861 629844 737062 582119 564979 607996 707858 694608 841970 712285 527943 711072 821622 740625 900522 655760 940798 637087 769092 435353 731792 633994 969141 978090 655313 949192 1.23335e+06 911906 649190
#pred surv len freq
 0.00440001 0.00720972 0.0109757 0.0157238 0.0213689 0.0276283 0.0339977 0.03988 0.0448099 0.0486023 0.051332 0.0532072 0.0544543 0.0552574 0.0557363 0.055944 0.0558796 0.0554998 0.0547023 0.0532762 0.0508658 0.0470381 0.0414999 0.0343754 0.0263352
 0.00471732 0.00763527 0.011453 0.0161543 0.0216517 0.0277155 0.0339282 0.0397621 0.0447556 0.0486563 0.0514418 0.0532549 0.0543265 0.0549109 0.0552258 0.0554026 0.0554628 0.0553187 0.054774 0.0535151 0.051124 0.0471759 0.0414485 0.0341567 0.0260324
 0.00479493 0.00781941 0.01183 0.0168211 0.022669 0.0290485 0.0354155 0.0411519 0.0458062 0.0492389 0.0515759 0.0530541 0.0539054 0.0543276 0.0544927 0.0545389 0.054534 0.0544279 0.0540139 0.0529179 0.0506487 0.0467426 0.040994 0.0336719 0.025559
 0.00492863 0.00802559 0.0121249 0.0172266 0.0232242 0.0298158 0.036465 0.0425169 0.0474273 0.0509378 0.053093 0.054141 0.0544176 0.0542563 0.0539275 0.0536057 0.0533565 0.0531219 0.0526873 0.0516576 0.0495021 0.0457165 0.0400777 0.0328654 0.0248811
 0.00508619 0.00828401 0.0125172 0.0177826 0.023964 0.0307412 0.0375569 0.043743 0.0487551 0.0523359 0.0545091 0.0554713 0.0555009 0.0549147 0.0540325 0.0531259 0.0523601 0.0517421 0.0510804 0.0499711 0.0478558 0.0441958 0.0387382 0.031742 0.0239941
 0.00531948 0.00866341 0.0130885 0.018589 0.0250375 0.0320898 0.0391495 0.0455039 0.0505746 0.0540954 0.0561053 0.0568262 0.0565507 0.0555884 0.0542431 0.0527894 0.0514344 0.05026 0.0491543 0.0477691 0.0455663 0.0419952 0.0367699 0.0301041 0.0227325
 0.00554399 0.00903251 0.0136521 0.0193969 0.0261311 0.0334876 0.0408314 0.0474028 0.0525832 0.0560832 0.0579396 0.058389 0.0577494 0.056356 0.0545288 0.0525473 0.050625 0.0488712 0.0472312 0.0454325 0.0430043 0.0394312 0.034417 0.0281241 0.0212086
 0.00582445 0.00948215 0.0143177 0.0203195 0.027341 0.0349948 0.0426135 0.0493975 0.0546909 0.0581804 0.0598944 0.0600755 0.0590585 0.0572028 0.054854 0.052312 0.0498049 0.0474596 0.045257 0.0429861 0.0402525 0.0366044 0.0317656 0.0258588 0.019452
 0.0060653 0.00987718 0.0149186 0.0211766 0.0284932 0.0364548 0.0443526 0.0513414 0.0567319 0.0601983 0.0617746 0.0617159 0.0603692 0.0581046 0.0552786 0.0522045 0.0491261 0.0461918 0.0434174 0.0406477 0.0375632 0.0337841 0.0290709 0.0235217 0.01762
 0.00634857 0.010329 0.0155831 0.0220909 0.0296829 0.037926 0.0460807 0.0532633 0.0587491 0.0621906 0.0636182 0.0632992 0.0616023 0.0589212 0.0556306 0.0520542 0.0484423 0.0449544 0.041633 0.0383739 0.0349298 0.0309964 0.0263798 0.0211644 0.0157562
 0.00662591 0.0107851 0.0162785 0.0230835 0.0310143 0.0396015 0.0480505 0.0554197 0.0609457 0.0642744 0.0654568 0.0647924 0.0626815 0.059543 0.0557706 0.0516993 0.0475846 0.0435906 0.0397761 0.036075 0.0323037 0.0282298 0.0237082 0.0188169 0.0138923
 0.00677651 0.0110498 0.0167142 0.0237576 0.031992 0.0409243 0.0497128 0.0573566 0.0630377 0.0663683 0.0673915 0.0664238 0.0639007 0.0602839 0.0560057 0.0514267 0.0468146 0.0423393 0.0380698 0.0339683 0.0299016 0.0256987 0.0212585 0.0166569 0.0121702
 0.00702985 0.0114477 0.0172889 0.0245336 0.0329879 0.0421512 0.0511688 0.0590149 0.0648383 0.0682146 0.0691573 0.0679701 0.065098 0.0610337 0.0562517 0.0511542 0.046039 0.0410938 0.0364012 0.0319451 0.0276297 0.0233311 0.0189832 0.0146579 0.0105784
 0.00709037 0.0115652 0.0175004 0.0248848 0.0335212 0.0428899 0.0521037 0.060106 0.0660294 0.0694518 0.0703945 0.0691595 0.0661757 0.0619152 0.0568432 0.0513724 0.0458293 0.0404383 0.0353198 0.0304961 0.0259123 0.0214855 0.0171763 0.0130512 0.00928789
 0.00738643 0.0120373 0.018194 0.025836 0.0347505 0.0443906 0.0538277 0.0619554 0.0678645 0.0711153 0.0717456 0.0701037 0.066678 0.0619921 0.0565375 0.0507259 0.0448684 0.0391786 0.0337817 0.0287236 0.0239864 0.0195259 0.0153264 0.0114469 0.00802156
 0.00760518 0.0124045 0.0187671 0.0266736 0.0358973 0.0458548 0.0555605 0.0638467 0.0697613 0.0728537 0.07318 0.0711244 0.0672211 0.0620427 0.0561262 0.0499152 0.043732 0.0377834 0.032184 0.0269789 0.0221662 0.0177265 0.0136616 0.0100236 0.00690957
 0.00776442 0.0126505 0.0191152 0.0271346 0.0364816 0.0465771 0.0564366 0.0648824 0.0709356 0.0741073 0.0744152 0.0722215 0.0680631 0.0625395 0.05623 0.049623 0.0430781 0.0368259 0.0309917 0.0256254 0.0207316 0.0163014 0.0123423 0.0088964 0.00602974
 0.00786639 0.0128109 0.0193463 0.0274431 0.0368673 0.0470313 0.0569435 0.0654238 0.0715001 0.0746945 0.0750302 0.0728574 0.0686847 0.0630801 0.0566062 0.0497595 0.0429296 0.0363867 0.0302933 0.0247276 0.0197133 0.0152518 0.0113518 0.00804156 0.00535896
 0.0077484 0.0126467 0.0191504 0.027247 0.0367114 0.0469522 0.0569632 0.0655473 0.0717208 0.0750026 0.075419 0.0733231 0.0692186 0.0636577 0.0571786 0.0502562 0.0432736 0.0365163 0.0301807 0.0243863 0.0191944 0.0146319 0.0107158 0.00746497 0.00489274
 0.0077866 0.0126961 0.0192026 0.0272899 0.0367374 0.0469674 0.0569921 0.0656251 0.0718761 0.0752403 0.0757163 0.0736412 0.0695227 0.0639287 0.0574104 0.0504423 0.0433952 0.0365417 0.0300778 0.0241402 0.0188194 0.0141718 0.010232 0.00701877 0.00452802
 0.00786169 0.012803 0.0193348 0.02743 0.0368599 0.0470459 0.057007 0.0655724 0.0717726 0.0751231 0.0756324 0.07363 0.0695998 0.0640825 0.0576101 0.0506516 0.0435794 0.0366696 0.0301217 0.0240812 0.0186557 0.0139242 0.0099406 0.00673014 0.00428075
 0.00778894 0.0127014 0.0192121 0.027302 0.0367441 0.0469515 0.0569293 0.0654952 0.0716795 0.0750113 0.0755196 0.0735516 0.0695954 0.0641788 0.057809 0.0509285 0.0438914 0.036968 0.0303625 0.0242333 0.0187062 0.0138809 0.00982976 0.00658802 0.00414174
 0.00782686 0.0127394 0.019227 0.0272612 0.0366181 0.046732 0.0566404 0.0651881 0.0714112 0.0748204 0.0754155 0.073522 0.0696245 0.0642605 0.0579469 0.0511251 0.0441373 0.0372376 0.0306198 0.0244424 0.0188423 0.0139376 0.00981874 0.00653373 0.00407145
 0.00790081 0.0128372 0.0193315 0.0273391 0.0366256 0.0466255 0.0563909 0.0647944 0.0709082 0.0742776 0.0749216 0.0731587 0.0694411 0.0642636 0.0581094 0.051404 0.0444884 0.0376202 0.0309957 0.0247765 0.0191072 0.0141193 0.0099204 0.00657237 0.00407082
 0.00776831 0.012657 0.019124 0.0271415 0.0364763 0.0465424 0.0563562 0.0647585 0.0708131 0.0740874 0.0746433 0.0728428 0.0691628 0.0640944 0.0580926 0.0515447 0.0447583 0.0379721 0.0313781 0.0251426 0.0194212 0.01436 0.0100827 0.00666585 0.00411406
 0.00776263 0.012643 0.019096 0.0270963 0.0364198 0.0464955 0.0563535 0.064834 0.070976 0.074304 0.0748419 0.0729441 0.0691195 0.0639152 0.0578363 0.0512904 0.0445717 0.0378849 0.0313863 0.025218 0.0195269 0.0144636 0.0101637 0.00671734 0.00413954
 0.00775233 0.0126061 0.0190038 0.0269108 0.0361055 0.0460378 0.0557756 0.0642027 0.0703895 0.0738649 0.0746242 0.0729678 0.0693455 0.0642644 0.0582256 0.0516642 0.044913 0.0382028 0.0316941 0.0255176 0.0198062 0.0147043 0.0103516 0.00684862 0.00422083
 0.00786781 0.0127835 0.0192493 0.0272182 0.0364509 0.0463766 0.0560445 0.064332 0.0703277 0.073604 0.0742112 0.072491 0.0689007 0.0639204 0.0580054 0.0515513 0.0448733 0.0382074 0.0317282 0.0255757 0.0198828 0.014789 0.0104313 0.00691264 0.00426499
 0.00799719 0.0129847 0.0195348 0.0275919 0.0369061 0.0468923 0.0565814 0.0648311 0.0707165 0.073812 0.0741908 0.0722361 0.0684537 0.0633616 0.0574274 0.0510302 0.0444513 0.037893 0.0315093 0.0254341 0.0198009 0.0147507 0.0104213 0.00691734 0.00427408
 0.00807957 0.0131004 0.0196755 0.0277396 0.037039 0.0469953 0.0566525 0.064881 0.07076 0.073857 0.0742302 0.0722484 0.0684131 0.0632524 0.0572558 0.0508242 0.0442495 0.0377286 0.0313991 0.0253776 0.0197867 0.0147637 0.0104473 0.00694557 0.00429794
 0.00815564 0.0132172 0.0198375 0.0279436 0.0372725 0.0472347 0.0568654 0.065033 0.0708269 0.0738355 0.0741396 0.0721196 0.0682721 0.06311 0.0571087 0.0506666 0.0440839 0.0375682 0.0312618 0.0252768 0.019726 0.0147372 0.0104439 0.00695404 0.00430969
 0.0082517 0.0133803 0.0200947 0.0283215 0.0377875 0.0478794 0.0575967 0.0657717 0.0714734 0.0742962 0.0743525 0.0720688 0.0679872 0.0626513 0.0565468 0.0500648 0.0434898 0.0370152 0.0307739 0.0248705 0.0194093 0.014508 0.0102911 0.00686046 0.00425739
 0.00824316 0.0133727 0.020096 0.0283459 0.0378552 0.0480142 0.0578207 0.066096 0.071888 0.0747627 0.0748067 0.0724358 0.0682037 0.062685 0.0564042 0.0497836 0.0431234 0.0366171 0.0303878 0.0245274 0.0191275 0.0142941 0.0101418 0.00676523 0.00420213
 0.00822196 0.0133259 0.0200037 0.0281848 0.0376085 0.0476854 0.0574439 0.0657359 0.0716237 0.0746632 0.0749068 0.0727235 0.0686223 0.0631509 0.0568325 0.0501121 0.0433259 0.0367015 0.0303839 0.0244721 0.0190532 0.0142234 0.0100864 0.00672803 0.0041805
 0.00808069 0.0131235 0.0197486 0.0278993 0.0373191 0.0474091 0.0571818 0.0654794 0.0713717 0.0744374 0.0747536 0.0726972 0.0687595 0.0634497 0.0572485 0.0505737 0.0437594 0.0370537 0.030633 0.0246247 0.0191327 0.0142572 0.0100969 0.00672953 0.00418001
 0.00790368 0.0128468 0.0193545 0.0273838 0.0366976 0.0467221 0.056495 0.0648735 0.0709195 0.0741812 0.0746971 0.0728183 0.0690308 0.0638499 0.0577576 0.0511605 0.0443757 0.0376424 0.0311439 0.0250284 0.0194248 0.0144524 0.0102187 0.0068014 0.00422045
 0.00775657 0.01261 0.0190034 0.0268985 0.0360694 0.0459625 0.0556452 0.0640066 0.0701313 0.0735691 0.0743363 0.072744 0.0692344 0.0642883 0.0583703 0.0518842 0.0451502 0.0384105 0.0318531 0.0256366 0.0199079 0.0148073 0.0104602 0.00695386 0.00430993
 0.00771735 0.0125388 0.0188821 0.0267049 0.0357812 0.0455644 0.0551373 0.0634096 0.0694872 0.0729373 0.0737861 0.0723441 0.0690388 0.0643236 0.0586295 0.0523299 0.0457253 0.03905 0.0324941 0.0262253 0.0204056 0.0151947 0.0107373 0.00713584 0.00441957
 0.00752387 0.0122395 0.0184597 0.0261536 0.0351063 0.044783 0.0542803 0.0625241 0.0686347 0.0721868 0.0732051 0.0719895 0.0689495 0.064515 0.0590896 0.0530192 0.0465807 0.0399938 0.0334449 0.0271099 0.0211684 0.0158041 0.0111871 0.00744136 0.00460983
 0.00751911 0.0122206 0.018411 0.0260538 0.0349342 0.0445255 0.0539389 0.0621147 0.0681816 0.0717156 0.0727406 0.0715598 0.0685911 0.0642717 0.059004 0.0531196 0.0468692 0.0404421 0.0339991 0.0277024 0.0217332 0.0162904 0.011567 0.00771098 0.00478345
 0.00751697 0.0122192 0.0184119 0.026057 0.0349353 0.0445121 0.0538898 0.0620053 0.0679933 0.0714452 0.072404 0.0711877 0.0682214 0.0639444 0.0587583 0.0529912 0.0468838 0.0406064 0.0342944 0.0280863 0.0221493 0.0166833 0.0118963 0.00795781 0.00494937
 0.00753289 0.0122361 0.0184209 0.0260454 0.0348905 0.0444278 0.0537695 0.0618603 0.0678352 0.0712793 0.0722278 0.0709971 0.0680185 0.0637425 0.0585812 0.0528686 0.0468445 0.0406704 0.034465 0.0283459 0.0224618 0.0170033 0.0121827 0.00818427 0.00510856
 0.00758932 0.0123268 0.0185544 0.0262264 0.0351158 0.0446818 0.0540226 0.0620727 0.0679683 0.0713076 0.0721455 0.0708152 0.0677576 0.0634274 0.0582402 0.052534 0.0465518 0.0404526 0.0343453 0.0283295 0.0225336 0.0171323 0.0123317 0.00832178 0.00521587
 0.00756026 0.0122885 0.0185136 0.0261956 0.0351104 0.0447155 0.0541016 0.0621924 0.0681121 0.0714496 0.0722563 0.0708699 0.0677426 0.063343 0.0580993 0.0523585 0.0463689 0.0402918 0.0342328 0.0282821 0.022553 0.0172044 0.0124319 0.00842421 0.00530184
 0.00752233 0.0122194 0.0183971 0.0260145 0.0348548 0.0443925 0.0537425 0.06185 0.0678457 0.071305 0.0722505 0.0709876 0.0679452 0.0635829 0.0583344 0.0525617 0.0465314 0.0404204 0.0343435 0.0283921 0.022673 0.0173343 0.0125623 0.00854154 0.00539531
 0.00750023 0.0121853 0.0183484 0.0259482 0.0347653 0.0442707 0.0535784 0.0616386 0.0675962 0.0710458 0.0720254 0.0708418 0.0679073 0.0636544 0.0584903 0.0527628 0.04674 0.0406116 0.0345089 0.0285355 0.0228026 0.0174556 0.0126744 0.00863924 0.00547287
 0.00746131 0.0121335 0.0182913 0.0258996 0.0347405 0.0442797 0.0536188 0.0616942 0.0676408 0.0710529 0.0719787 0.0707443 0.0677823 0.0635365 0.0584113 0.0527384 0.0467663 0.0406717 0.0345835 0.0286119 0.0228759 0.0175255 0.0127404 0.00869865 0.00552207
 0.00746882 0.0121379 0.0182843 0.0258709 0.0346829 0.044196 0.0535255 0.0616171 0.0676031 0.0710624 0.0720225 0.0707948 0.0678123 0.0635332 0.058381 0.0527011 0.0467433 0.040675 0.0346132 0.0286598 0.0229323 0.0175828 0.0127941 0.00874562 0.00556009
 0.00754386 0.0122468 0.0184234 0.0260267 0.0348347 0.0443197 0.0536 0.0616297 0.0675545 0.0709678 0.0719069 0.0706825 0.0677164 0.0634522 0.0583057 0.0526246 0.0466672 0.0406083 0.0345654 0.0286353 0.0229292 0.0175951 0.0128146 0.00876853 0.00558108
 0.00743917 0.0121002 0.018246 0.0258422 0.0346709 0.0441962 0.0535186 0.061576 0.0675081 0.0709156 0.0718513 0.0706399 0.0677082 0.0634934 0.0583972 0.0527537 0.046815 0.0407577 0.0347065 0.0287643 0.0230447 0.0176955 0.0128981 0.00883352 0.00562799
 0.00733265 0.0119439 0.0180431 0.0256096 0.0344376 0.0439988 0.0533942 0.0615518 0.067591 0.0710844 0.0720612 0.070839 0.0678587 0.0635841 0.0584412 0.0527748 0.0468336 0.0407843 0.0347424 0.0288063 0.0230891 0.0177391 0.0129379 0.00886726 0.00565409
 0.00708865 0.011539 0.0174213 0.024721 0.0332583 0.0425585 0.0517977 0.0599763 0.0662483 0.0701635 0.0716761 0.0710052 0.0685015 0.0645715 0.0596247 0.0540238 0.0480526 0.0419128 0.0357458 0.029666 0.023797 0.0182959 0.013353 0.00915793 0.00584356
 0.00708332 0.011502 0.0173118 0.0244796 0.0328174 0.0418621 0.0508251 0.0587612 0.0648871 0.068808 0.070509 0.0701993 0.0681743 0.0647533 0.0602557 0.0549798 0.0491858 0.0430881 0.0368612 0.0306562 0.0246274 0.0189549 0.013846 0.00950323 0.00606816
 0.00723375 0.0117417 0.0176604 0.0249437 0.0333787 0.0424637 0.0513656 0.0591065 0.0649063 0.0684225 0.0697304 0.0691378 0.0670122 0.0636934 0.0594637 0.0545431 0.0491022 0.0432854 0.0372339 0.0311008 0.025064 0.019334 0.0141449 0.00971944 0.00621173
 0.00723007 0.0117486 0.017695 0.0250307 0.0335448 0.042727 0.0517224 0.0595212 0.0653082 0.0687143 0.0698114 0.068938 0.0665262 0.0629948 0.0586898 0.0538511 0.0486173 0.043065 0.0372612 0.0313065 0.02536 0.0196426 0.0144144 0.00992603 0.0063535
 0.00732056 0.011882 0.017871 0.0252426 0.0337846 0.042992 0.052018 0.0598551 0.0656785 0.0690949 0.0701457 0.0691465 0.0665291 0.0627448 0.0581991 0.0531983 0.0479262 0.0424622 0.0368339 0.0310803 0.0253051 0.0196986 0.0145189 0.010033 0.00643894
 0.00746388 0.0121065 0.0181922 0.0256664 0.0343034 0.0435812 0.0526344 0.0604433 0.0661845 0.0694814 0.0703963 0.0692564 0.0664898 0.0625381 0.0578075 0.0526276 0.047223 0.0417121 0.0361371 0.0305179 0.0249142 0.0194698 0.0144121 0.0100002 0.0064407
 0.00746346 0.012117 0.0182285 0.0257494 0.0344551 0.0438156 0.0529501 0.06082 0.066587 0.0698682 0.0707299 0.0695093 0.0666456 0.0625858 0.0577367 0.0524292 0.0468995 0.0412902 0.0356703 0.0300735 0.02455 0.0192148 0.0142626 0.0099302 0.0064182
 0.00743145 0.0120702 0.0181688 0.0256842 0.0343983 0.0437876 0.0529753 0.0609217 0.0667781 0.0701435 0.0710628 0.0698574 0.066962 0.0628306 0.0578819 0.0524597 0.046812 0.0410951 0.0353956 0.0297631 0.0242537 0.0189727 0.0140937 0.00983058 0.0063699
 0.00737949 0.0119766 0.0180118 0.0254405 0.0340514 0.043341 0.0524627 0.0604076 0.066345 0.0698697 0.0710004 0.0700192 0.0673189 0.0633208 0.0584276 0.0529847 0.0472567 0.0414244 0.0356014 0.0298616 0.0242776 0.0189595 0.0140732 0.00981877 0.00636952
 0.00721681 0.0117303 0.0176744 0.025015 0.0335477 0.0427713 0.0518419 0.0597594 0.065711 0.0693127 0.0705972 0.0698423 0.0674137 0.0636875 0.0590184 0.0537159 0.0480302 0.0421519 0.0362208 0.0303442 0.0246254 0.019195 0.0142265 0.00991736 0.00643289
 0.00703907 0.0114424 0.0172444 0.0244178 0.0327745 0.0418416 0.050812 0.0587183 0.0647607 0.0685427 0.0700697 0.0695926 0.0674587 0.0640294 0.0596377 0.0545632 0.0490252 0.0431951 0.0372147 0.0312134 0.0253284 0.0197244 0.0146001 0.0101655 0.00658848
 0.00697339 0.0113264 0.0170522 0.0241185 0.0323377 0.0412475 0.0500637 0.0578496 0.0638359 0.0676478 0.0692971 0.0690242 0.0671529 0.0640156 0.0599172 0.0551108 0.0497899 0.0441015 0.0381708 0.0321271 0.026126 0.0203635 0.0150719 0.0104874 0.00679169
 0.00701449 0.0113985 0.0171689 0.024291 0.0325663 0.0415107 0.0503114 0.0580089 0.0638308 0.0674274 0.0688568 0.0684123 0.0664589 0.0633474 0.0593759 0.05477 0.0496836 0.0442205 0.0384678 0.0325297 0.0265559 0.0207554 0.0153865 0.0107132 0.00693783
 0.00702451 0.0114204 0.0172126 0.0243704 0.032697 0.041705 0.0505706 0.0583153 0.0641427 0.0676807 0.0689787 0.0683441 0.0661803 0.0628905 0.05882 0.0542191 0.0492358 0.0439418 0.0383781 0.0326041 0.0267387 0.020982 0.0156027 0.0108865 0.00705852
 0.00703915 0.0114354 0.0172197 0.0243584 0.0326572 0.0416389 0.050495 0.05826 0.0641392 0.0677466 0.0691042 0.0684897 0.0662878 0.0629054 0.0587159 0.0540127 0.0489831 0.0437162 0.0382418 0.0325855 0.0268273 0.0211386 0.0157794 0.0110447 0.0071781
 0.0071018 0.0115294 0.0173459 0.0245106 0.032822 0.0417968 0.0506236 0.0583395 0.064161 0.0677185 0.0690491 0.0684329 0.0662416 0.0628599 0.0586442 0.0538889 0.0488021 0.0435024 0.0380403 0.0324415 0.0267651 0.0211538 0.0158455 0.0111289 0.0072546
 0.00710261 0.0115558 0.0174311 0.0246983 0.0331518 0.0422825 0.0512355 0.0590041 0.0647796 0.0681981 0.0693288 0.0684961 0.0661115 0.0625826 0.0582684 0.0534523 0.0483304 0.0430186 0.0375738 0.032028 0.0264363 0.020925 0.0157104 0.0110647 0.00723358
#obs surv len freq
 nan nan nan nan nan nan nan nan nan nan nan nan nan nan nan nan nan nan nan nan nan nan nan nan nan
 0.00448599 0.00734781 0.011178 0.0159942 0.0216942 0.0279686 0.0342815 0.0400117 0.0446907 0.0481543 0.0505124 0.0520086 0.0529013 0.0534142 0.0537288 0.053984 0.0542628 0.0545557 0.0546945 0.0542865 0.0527246 0.0493567 0.0438064 0.0362864 0.02767
 0.0046109 0.0075544 0.0114951 0.0164496 0.0223077 0.0287414 0.0351856 0.0409874 0.0456553 0.0490196 0.051201 0.0524659 0.0531 0.053354 0.0534321 0.053488 0.0536108 0.0537901 0.0538541 0.053408 0.0518466 0.0485221 0.0430597 0.0356653 0.0271953
 0.00477849 0.00782606 0.0119027 0.0170227 0.0230689 0.0296975 0.0363176 0.042245 0.0469596 0.0502736 0.0523037 0.0533252 0.0536445 0.0535415 0.0532534 0.0529648 0.0527884 0.052728 0.0526186 0.052069 0.0504789 0.0472057 0.0418737 0.0346751 0.0264371
 0.00497031 0.00814164 0.0123844 0.0177118 0.0239971 0.0308732 0.0377134 0.0437937 0.0485647 0.0518276 0.0537031 0.0544777 0.0544706 0.0539772 0.0532564 0.0525208 0.0519151 0.0514743 0.0510599 0.050303 0.0486212 0.0453838 0.0402138 0.0332803 0.0253652
 0.00517137 0.00847167 0.0128872 0.0184311 0.0249685 0.0321122 0.0392013 0.0454711 0.050338 0.0535841 0.0553287 0.0558676 0.0555349 0.0546425 0.0534662 0.0522379 0.0511273 0.0502015 0.0493617 0.0482813 0.0464184 0.0431704 0.0381646 0.0315406 0.0240199
 0.00540536 0.00885364 0.0134651 0.0192508 0.0260654 0.0334979 0.0408497 0.0473134 0.0522716 0.0554921 0.0570961 0.0573913 0.056726 0.0554261 0.053781 0.0520367 0.050381 0.0489076 0.0475575 0.0460581 0.0439271 0.0406114 0.035756 0.0294719 0.0224074
 0.00564955 0.00925257 0.0140692 0.0201083 0.0272136 0.0349486 0.0425745 0.0492384 0.054288 0.0574766 0.0589309 0.0589741 0.0579725 0.056267 0.0541583 0.0519017 0.0496955 0.0476527 0.0457501 0.0437716 0.0413058 0.0378663 0.0331314 0.0271901 0.0206127
 0.00590242 0.00966618 0.0146964 0.0209998 0.0284083 0.0364585 0.0443685 0.0512369 0.0563745 0.05952 0.0608071 0.0605783 0.0592219 0.0570987 0.0545237 0.0517607 0.0490138 0.0464079 0.0439473 0.041468 0.0386331 0.0350321 0.0303899 0.0247825 0.0187033
 0.00614047 0.0100593 0.0152994 0.0218677 0.0295852 0.0379604 0.0461661 0.0532493 0.0584811 0.0615841 0.0626987 0.062188 0.0604649 0.0579135 0.0548672 0.0516017 0.0483277 0.0451777 0.0421769 0.0392058 0.035997 0.0322184 0.0276476 0.0223561 0.0167657
 0.00640045 0.0104826 0.0159379 0.0227702 0.0307893 0.0394774 0.0479659 0.055254 0.0605739 0.0636301 0.0645664 0.0637639 0.0616609 0.058668 0.0551419 0.0513745 0.0475857 0.0439156 0.0404057 0.0369732 0.0334127 0.0294647 0.0249603 0.019971 0.014854
 0.00660845 0.0108304 0.0164788 0.0235597 0.0318729 0.0408727 0.0496443 0.0571363 0.0625429 0.0655556 0.0663263 0.0652555 0.0628032 0.0594009 0.0554242 0.0511809 0.0469034 0.0427428 0.0387577 0.0348987 0.0310141 0.0269091 0.0224632 0.0177498 0.0130683
 0.00681916 0.0111717 0.0169909 0.0242804 0.0328326 0.0420846 0.0510929 0.0587697 0.0642759 0.0672814 0.0679321 0.066637 0.0638743 0.0600983 0.0557068 0.0510249 0.0462974 0.0416867 0.0372681 0.0330228 0.0288468 0.0246014 0.0202085 0.0157429 0.0114529
 0.00706507 0.0115723 0.0175946 0.0251307 0.0339574 0.0434807 0.0527122 0.0605182 0.0660315 0.0689215 0.0693555 0.0677706 0.0646697 0.0605248 0.0557464 0.0506693 0.0455463 0.0405476 0.0357621 0.0311964 0.026787 0.0224434 0.0181225 0.013899 0.00997513
 0.00727898 0.0119268 0.0181401 0.0259175 0.0350236 0.0448344 0.054314 0.0622755 0.0678127 0.0705834 0.0707713 0.0688481 0.0653566 0.0608045 0.055627 0.0501717 0.0446941 0.039365 0.0342789 0.02946 0.0248766 0.0204765 0.0162448 0.0122536 0.00866429
 0.00744908 0.0122073 0.0185698 0.0265357 0.0358632 0.0459101 0.0556088 0.0637339 0.0693446 0.0720777 0.0721124 0.0699317 0.0661028 0.0611663 0.0555916 0.0497544 0.0439274 0.038289 0.0329384 0.0279103 0.0231939 0.0187641 0.0146252 0.0108446 0.00754774
 0.00752087 0.0123277 0.0187586 0.0268154 0.036257 0.0464375 0.0562793 0.0645421 0.0702681 0.073076 0.0731281 0.0708929 0.066929 0.0617791 0.0559275 0.0497739 0.0436196 0.0376688 0.032042 0.0267929 0.0219306 0.0174502 0.0133677 0.00974335 0.00667179
 0.00760074 0.012447 0.0189191 0.0270137 0.0364879 0.0466995 0.0565777 0.0648888 0.0706765 0.0735553 0.0736762 0.0714907 0.0675384 0.0623437 0.05638 0.0500476 0.0436613 0.0374496 0.0315631 0.0260869 0.0210592 0.0164978 0.0124299 0.00890842 0.00600119
 0.00768442 0.0125788 0.0191089 0.0272659 0.0367987 0.0470541 0.05695 0.0652463 0.0709915 0.0738169 0.0738947 0.0716908 0.0677438 0.0625617 0.0565931 0.0502153 0.0437303 0.0373692 0.0313013 0.0256415 0.020462 0.0158105 0.011731 0.00827378 0.00548534
 0.00771541 0.0126255 0.0191726 0.027346 0.0368939 0.0471638 0.057074 0.0653839 0.0711392 0.0739685 0.0740443 0.0718368 0.0678911 0.0627189 0.0567637 0.0503886 0.0438771 0.0374474 0.0312684 0.0254714 0.0201573 0.0154052 0.0112817 0.00784294 0.00512255
 0.00777183 0.0127098 0.0192856 0.0274831 0.0370463 0.0473198 0.0572221 0.0655136 0.0712438 0.0740461 0.0740982 0.0718736 0.0679186 0.0627451 0.0567951 0.0504272 0.043916 0.0374678 0.0312424 0.0253724 0.0199726 0.0151454 0.0109796 0.0075421 0.00486191
 0.0078034 0.0127584 0.0193532 0.0275694 0.0371476 0.0474293 0.0573296 0.0656074 0.0713138 0.0740874 0.074113 0.0718705 0.0679088 0.0627389 0.0567992 0.0504434 0.0439405 0.0374897 0.0312446 0.0253351 0.0198818 0.0150006 0.010797 0.00734941 0.00468766
 0.00784586 0.0128221 0.0194392 0.027675 0.0372669 0.0475544 0.0574514 0.0657161 0.0713996 0.0741424 0.074133 0.0718567 0.0678681 0.062682 0.0567382 0.0503882 0.043896 0.0374542 0.0312097 0.025288 0.0198107 0.0149007 0.0106743 0.00721923 0.00456801
 0.00786989 0.0128593 0.0194917 0.0277429 0.0373481 0.0476442 0.0575423 0.0657989 0.0714656 0.0741857 0.0741518 0.0718527 0.0678454 0.0626456 0.0566938 0.0503418 0.0438528 0.0374165 0.0311753 0.0252508 0.0197631 0.0148378 0.0105975 0.00713636 0.00449019
 0.00790226 0.0129076 0.0195563 0.0278212 0.0374354 0.0477346 0.0576299 0.0658777 0.0715296 0.0742297 0.0741725 0.0718494 0.0678199 0.0626022 0.056638 0.0502798 0.04379 0.037357 0.0311207 0.0251996 0.0197117 0.014783 0.0105388 0.00707713 0.00443601
 0.00787605 0.0128677 0.0195012 0.0277516 0.0373538 0.0476457 0.05754 0.0657954 0.0714648 0.0741919 0.0741681 0.07188 0.0678814 0.0626857 0.0567326 0.050375 0.0438782 0.0374333 0.0311827 0.0252457 0.0197409 0.014795 0.0105353 0.0070623 0.00441575
 0.00788062 0.0128683 0.0194897 0.027717 0.0372859 0.0475401 0.057403 0.0656433 0.0713197 0.0740748 0.0740936 0.0718549 0.0679051 0.062752 0.0568309 0.0504925 0.0440015 0.0375511 0.0312864 0.0253303 0.0198038 0.0148362 0.0105572 0.00706906 0.00441293
 0.00789918 0.0128946 0.0195219 0.0277495 0.0373099 0.0475445 0.0573764 0.0655777 0.0712147 0.0739404 0.0739499 0.0717262 0.0678129 0.062709 0.0568387 0.0505436 0.0440827 0.0376474 0.0313838 0.025418 0.019875 0.014888 0.0105901 0.00708643 0.00441933
 0.00789205 0.0128821 0.0195012 0.0277177 0.037264 0.0474827 0.057299 0.0654869 0.0711141 0.0738349 0.0738461 0.0716334 0.0677432 0.0626745 0.0568482 0.0505988 0.0441771 0.037768 0.0315148 0.0255441 0.0199844 0.0149743 0.0106516 0.00712562 0.00444134
 0.00785554 0.0128253 0.0194206 0.0276118 0.0371342 0.0473335 0.0571384 0.0653266 0.0709677 0.0737146 0.0737608 0.0715873 0.0677368 0.0627066 0.0569174 0.0507027 0.0443116 0.037925 0.0316822 0.0257077 0.0201312 0.0150947 0.0107417 0.00718695 0.00447899
 0.00785678 0.0128199 0.0193991 0.0275615 0.0370428 0.0471956 0.0569598 0.065125 0.0707672 0.0735391 0.073628 0.0715066 0.0677099 0.06273 0.0569847 0.0508066 0.0444445 0.0380784 0.0318464 0.0258711 0.0202818 0.0152226 0.0108412 0.00725731 0.00452404
 0.00782382 0.0127692 0.0193277 0.0274677 0.0369253 0.0470525 0.0567901 0.0649308 0.0705576 0.073332 0.0734472 0.0713767 0.0676488 0.0627443 0.0570692 0.0509481 0.0446261 0.0382832 0.0320588 0.026077 0.0204688 0.0153809 0.0109652 0.00734644 0.0045824
 0.00780021 0.0127269 0.0192571 0.0273584 0.0367697 0.0468504 0.0565525 0.0646784 0.0703153 0.0731213 0.073283 0.0712677 0.0676011 0.0627622 0.0571537 0.0510943 0.044822 0.0385118 0.0323007 0.0263137 0.0206844 0.0155639 0.0111091 0.00745076 0.00465152
 0.00774733 0.012645 0.0191413 0.0272063 0.0365813 0.0466281 0.0563019 0.0644107 0.0700483 0.072878 0.0730877 0.0711406 0.0675538 0.062797 0.057265 0.0512715 0.045051 0.0387757 0.0325801 0.0265885 0.0209362 0.0157784 0.0112785 0.00757403 0.00473365
 0.00774816 0.0126394 0.0191203 0.0271576 0.0364931 0.0464942 0.0561259 0.0642058 0.0698327 0.0726699 0.072902 0.0709894 0.0674483 0.062747 0.0572774 0.0513474 0.0451852 0.0389566 0.0327915 0.0268114 0.0211513 0.0159692 0.011434 0.00768993 0.00481239
 0.00770545 0.0125752 0.019033 0.0270484 0.0363638 0.046346 0.0559585 0.0640201 0.0696344 0.0724716 0.0727218 0.070847 0.0673592 0.0627201 0.0573148 0.0514462 0.0453386 0.0391538 0.0330179 0.0270492 0.0213815 0.0161747 0.0116027 0.00781676 0.00489924
 0.00768786 0.012541 0.0189718 0.0269481 0.0362153 0.0461487 0.0557247 0.063773 0.0694008 0.0722728 0.0725694 0.0707444 0.0673069 0.062719 0.0573662 0.0515501 0.0454911 0.0393469 0.0332392 0.0272827 0.0216096 0.0163807 0.0117738 0.00794684 0.00498927
 0.00765745 0.0124975 0.0189167 0.0268851 0.0361476 0.0460753 0.0556392 0.0636668 0.0692694 0.0721212 0.072413 0.0706033 0.0671993 0.0626563 0.0573531 0.0515866 0.0455747 0.0394724 0.0333979 0.0274621 0.0217941 0.016554 0.0119225 0.00806292 0.0050714
 0.00764777 0.0124787 0.0188831 0.0268307 0.0360685 0.0459733 0.0555231 0.0635502 0.0691643 0.0720329 0.072339 0.0705384 0.067142 0.0626114 0.0573299 0.0515945 0.0456194 0.0395545 0.0335128 0.0276005 0.0219431 0.0166993 0.012051 0.00816586 0.00514581
 0.00762284 0.0124414 0.0188328 0.0267683 0.0359955 0.0458904 0.0554304 0.0634487 0.0690586 0.0719315 0.0722524 0.0704753 0.0671054 0.0625998 0.0573403 0.0516255 0.0456725 0.0396316 0.0336137 0.0277206 0.0220734 0.016828 0.0121666 0.00825981 0.00521471
 0.00758322 0.0123802 0.0187469 0.0266576 0.0358633 0.0457439 0.0552804 0.0633081 0.0689394 0.0718419 0.0721956 0.0704506 0.0671108 0.0626327 0.0573977 0.0517036 0.0457676 0.0397409 0.0337348 0.0278501 0.0222055 0.0169545 0.0122786 0.00835052 0.00528133
 0.00760368 0.012407 0.0187754 0.0266793 0.0358685 0.0457252 0.0552359 0.063242 0.0688599 0.0717586 0.0721165 0.0703811 0.0670538 0.0625901 0.0573707 0.0516939 0.0457763 0.0397684 0.0337803 0.0279111 0.0222775 0.0170308 0.0123514 0.00841308 0.00532949
 0.00756731 0.0123576 0.0187185 0.0266253 0.035828 0.0457034 0.0552288 0.0632378 0.0688456 0.0717269 0.0720695 0.0703283 0.0670069 0.0625582 0.0573581 0.051701 0.0458015 0.0398095 0.033835 0.0279765 0.0223493 0.0171036 0.0124192 0.00847058 0.00537353
 0.00755148 0.0123265 0.0186626 0.0265344 0.0356966 0.0455367 0.0550461 0.0630687 0.0687188 0.0716585 0.0720576 0.0703583 0.0670611 0.0626241 0.057431 0.0517804 0.045888 0.0399027 0.0339327 0.0280755 0.0224457 0.0171928 0.0124968 0.00853322 0.0054199
 0.0075178 0.012275 0.0185906 0.0264409 0.0355806 0.0453973 0.0548833 0.0628872 0.0685316 0.0714876 0.0719291 0.0702931 0.0670671 0.062694 0.0575471 0.0519234 0.0460425 0.0400588 0.0340843 0.0282184 0.0225758 0.0173064 0.0125906 0.00860576 0.00547175
 0.00752654 0.0122861 0.0186017 0.0264477 0.0355785 0.0453821 0.0548526 0.0628399 0.0684671 0.0714057 0.071833 0.0701913 0.066974 0.0626257 0.0575155 0.0519314 0.0460846 0.0401248 0.0341639 0.0283028 0.0226586 0.0173825 0.012656 0.00865788 0.00550994
 0.00750169 0.0122506 0.0185571 0.0263982 0.0355291 0.0453363 0.0548108 0.0627996 0.0684252 0.0713606 0.071785 0.0701429 0.0669296 0.0625913 0.0574985 0.0519387 0.0461196 0.0401858 0.034244 0.0283927 0.0227488 0.0174653 0.0127263 0.00871289 0.00554949
 0.00751236 0.0122635 0.0185686 0.0264029 0.0355219 0.0453155 0.05478 0.0627662 0.0683965 0.0713393 0.0717684 0.070125 0.0669051 0.0625591 0.0574626 0.0519069 0.0461005 0.0401855 0.0342645 0.028431 0.0227983 0.017518 0.0127752 0.00875341 0.00557969
 0.00748542 0.0122253 0.0185213 0.0263513 0.0354715 0.0452695 0.0547378 0.062725 0.0683544 0.0712988 0.0717356 0.0701064 0.0669036 0.0625726 0.0574859 0.0519355 0.0461328 0.0402232 0.0343096 0.0284839 0.0228565 0.0175765 0.0128284 0.0087971 0.00561201
 0.0074921 0.0122328 0.0185268 0.0263508 0.0354616 0.0452503 0.0547134 0.0627023 0.068339 0.0712915 0.0717325 0.0701019 0.0668943 0.062559 0.0574712 0.0519228 0.0461246 0.040221 0.0343152 0.0284982 0.0228789 0.0176045 0.0128579 0.00882399 0.00563347
 0.0074921 0.0122328 0.0185268 0.0263508 0.0354616 0.0452503 0.0547134 0.0627023 0.068339 0.0712915 0.0717325 0.0701019 0.0668943 0.062559 0.0574712 0.0519228 0.0461246 0.040221 0.0343152 0.0284982 0.0228789 0.0176045 0.0128579 0.00882399 0.00563347
 0.0072114 0.011789 0.0178838 0.0254881 0.0343842 0.0439999 0.0533788 0.0614156 0.067252 0.0705389 0.0713982 0.0702033 0.0673869 0.0633551 0.0584639 0.0530077 0.0472145 0.0412513 0.0352432 0.0292993 0.0235418 0.0181284 0.0132504 0.00910012 0.0058141
 0.00720729 0.011748 0.0177588 0.0252148 0.0338976 0.0432614 0.052401 0.0602702 0.0660576 0.069435 0.0705173 0.0696487 0.0672165 0.0635729 0.0590219 0.0538195 0.0481753 0.0422592 0.0362138 0.0301726 0.024282 0.0187203 0.0136959 0.00941367 0.00601888
 0.00730377 0.0119129 0.0180183 0.0255878 0.0343791 0.0438025 0.0528996 0.0605886 0.0660679 0.0690725 0.0698132 0.0687224 0.0662356 0.0627028 0.0583846 0.0534725 0.0481114 0.0424228 0.0365248 0.0305495 0.0246585 0.0190523 0.0139609 0.00960721 0.00614835
 0.00726572 0.0118663 0.0179774 0.025578 0.0344329 0.0439503 0.0531557 0.0609364 0.0664502 0.0693953 0.069969 0.0686307 0.0658816 0.0621507 0.0577575 0.0529077 0.0477149 0.0422419 0.0365466 0.0307194 0.0249061 0.0193138 0.0141923 0.00978671 0.00627276
 0.00728361 0.011892 0.0180107 0.0256188 0.0344842 0.0440218 0.0532649 0.0611039 0.0666888 0.069695 0.0702869 0.0688935 0.0660055 0.0620748 0.0574745 0.0524738 0.0472311 0.0418151 0.0362517 0.0305802 0.0248999 0.0193922 0.0143044 0.00989491 0.00635749
 0.00725835 0.0118571 0.0179694 0.0255777 0.034451 0.0440028 0.0532638 0.0611242 0.0667368 0.0697817 0.0704219 0.0690739 0.0662053 0.0622448 0.0575583 0.0524346 0.0470728 0.0415849 0.0360196 0.0304074 0.0248159 0.0193909 0.0143566 0.00996655 0.00642364
 0.00725168 0.0118463 0.0179533 0.0255561 0.0344256 0.0439781 0.0532471 0.0611238 0.0667594 0.0698302 0.0704958 0.0691706 0.0663197 0.0623654 0.0576633 0.0524945 0.047063 0.0415008 0.0358836 0.0302608 0.0246994 0.0193265 0.0143428 0.00998626 0.00645608
 0.00715532 0.0116931 0.0177299 0.0252541 0.0340454 0.0435337 0.0527702 0.0606629 0.0663717 0.0695672 0.0703913 0.069234 0.0665366 0.0627035 0.0580781 0.0529363 0.0474835 0.0418623 0.0361675 0.0304704 0.0248539 0.0194483 0.0144466 0.0100757 0.00652857
 0.00707427 0.0115535 0.017506 0.0249187 0.033578 0.0429326 0.0520634 0.0599105 0.0656549 0.0689708 0.0699858 0.0690636 0.0666145 0.0630116 0.0585723 0.0535545 0.0481565 0.0425249 0.0367685 0.0309796 0.0252624 0.0197636 0.0146831 0.0102479 0.00664855
 0.00700535 0.0114378 0.0173246 0.0246506 0.0332034 0.0424389 0.0514531 0.0592074 0.0649066 0.0682444 0.0693595 0.0686132 0.0663991 0.0630609 0.0588804 0.0540814 0.0488365 0.0432798 0.0375219 0.0316696 0.0258494 0.0202313 0.0150342 0.0104966 0.00681419
 0.0069153 0.0112925 0.0171079 0.024348 0.0328045 0.0419411 0.050866 0.0585546 0.0642237 0.0675753 0.068753 0.0681217 0.0660753 0.062951 0.0590132 0.0544577 0.0494243 0.0440177 0.0383306 0.0324681 0.0265705 0.0208315 0.0154967 0.010827 0.00703279
 0.0068748 0.0112222 0.0169938 0.024174 0.0325556 0.0416087 0.0504524 0.0580749 0.0637028 0.067043 0.0682402 0.0676608 0.0657016 0.0627033 0.0589302 0.054569 0.0497392 0.0445159 0.0389618 0.0331608 0.0272486 0.0214318 0.0159803 0.0111827 0.00727183
 0.00693721 0.011321 0.0171366 0.0243632 0.0327844 0.0418568 0.0506836 0.0582407 0.063754 0.0669443 0.0679815 0.0672601 0.0652009 0.0621613 0.0584138 0.0541448 0.0494623 0.0444183 0.0390432 0.0333879 0.0275642 0.0217716 0.0162903 0.0114304 0.0074476
 0.00698569 0.0114104 0.0172901 0.0246074 0.0331407 0.0423286 0.051245 0.0588337 0.0642978 0.0673537 0.0681867 0.0672212 0.064916 0.0616665 0.0577764 0.053451 0.0488017 0.0438678 0.0386528 0.0331719 0.0275018 0.0218175 0.0163916 0.0115421 0.00754189
