SBPRF35
7.78865
Curr Bio
434837
B35
647079
F35
0.209977
FOFL
0.139008
OFL
49045.5
Bzero
2.22533e+006
#pred survey bio
 3.67598e+006 3.33242e+006 3.02167e+006 2.71058e+006 2.41258e+006 2.10762e+006 1.84701e+006 1.61596e+006 1.40164e+006 1.23999e+006 1.09341e+006 981462 882154 802301 739529 699567 687775 657444 634915 617685 597836 588376 575938 571071 577147 572366 574533 573079 565805 561153 557643 538378 533582 529486 536921 555499 557570 572739 588536 596678 595650 602296 603466 604597 612670 627301 636383 599762 565345 565810 557244 546529 527167 494773 461857 428454 439512 1.55233e+007 9.24989e+006 9.5301e+006 1.04207e+007 1.1635e+007 1.28923e+007 1.40257e+007 1.49651e+007 1.57024e+007 1.62601e+007 1.66717e+007 1.69708e+007 1.7186e+007 1.73401e+007 1.74504e+007 1.75295e+007 1.75865e+007 1.76277e+007 1.76577e+007 1.76798e+007 1.7696e+007 1.7708e+007 1.77171e+007 1.77238e+007 1.77289e+007 1.77328e+007 1.77357e+007 1.77379e+007 1.77397e+007 1.7741e+007 1.7742e+007 1.77427e+007 1.77433e+007 1.77438e+007 1.77441e+007 1.77444e+007 1.77446e+007 1.77448e+007 1.77449e+007 1.7745e+007 1.77451e+007 1.77451e+007 1.77452e+007 1.77452e+007 1.77452e+007 1.77453e+007 1.77453e+007 1.77453e+007 1.77453e+007 1.77453e+007 1.77453e+007 1.77453e+007 1.77453e+007 1.77453e+007 1.77453e+007 1.77453e+007 1.77453e+007 1.77453e+007 1.77453e+007 1.77453e+007 1.77453e+007 1.77453e+007 1.77453e+007 1.77453e+007 1.77453e+007 1.77453e+007 1.77453e+007 1.77453e+007 1.77453e+007 1.77453e+007 1.77453e+007 1.77453e+007 1.77453e+007 1.77453e+007 1.77453e+007 1.77453e+007 1.77453e+007 1.77453e+007 1.77453e+007 1.77453e+007 1.77453e+007 1.77453e+007 1.77453e+007 1.77453e+007 1.77453e+007 1.77453e+007 1.77453e+007 1.77453e+007 1.77453e+007 1.77453e+007 1.77453e+007 1.77453e+007 1.77453e+007 1.77453e+007 1.77453e+007 1.77453e+007 1.77453e+007 1.77453e+007 1.77453e+007 1.77453e+007 0 0 0 0 0 0 0 0 0 0 0 0 0 0 0 0 0 0 0 0 0 0 0 0 0
#obs survey bio
 3.32754e+006 1.94745e+006 2.0324e+006 2.57204e+006 1.71589e+006 2.36478e+006 1.7549e+006 1.16174e+006 1.1082e+006 814302 889733 834235 627954 883653 713853 872224 517644 640391 696834 430940 431468 283830 543289 512353 490094 555477 648445 469206 420404 583092 454684 395261 427937 554878 573885 540669 512560 788907 533746 520513 1.07957e+006 532409 446528 677915 691840 603420 820237 512173 627947 488019 475297 663685 532381 618155 318806 486204 385422
#pred catch bio
 261354 249731 272286 285184 315577 297373 288939 287609 250528 243346 216595 206126 187052 168596 145557 119552 132843 123120 115991 116035 106106 107977 100921 91345.8 99252.8 91679.4 93327.3 96514.7 92166 88747.9 99213.3 86935.6 90549.7 85784.8 80108.4 95167.4 83809.8 82723.5 88453.1 95044.6 87746.2 92692.2 93758 89110.6 84898.3 90725.8 128568 124986 95224.5 101770 100825 104554 111324 107983 105192 65576 67985.4 49045.5 70992.5 71695.4 77202.3 85943.1 95218.1 103508 110242 115379 119128 121777 123604 124839 125662 126205 126559 126789 126936 127031 127092 127130 127155 127170 127180 127186 127190 127193 127194 127195 127196 127196 127197 127197 127197 127197 127197 127197 127197 127197 127197 127197 127197 127197 127197 127197 127197 127197 127197 127197 127197 127197 127197 127197 127197 127197 127197 127197 127197 127197 127197 127197 127197 127197 127197 127197 127197 127197 127197 127197 127197 127197 127197 127197 127197 127197 127197 127197 127197 127197 127197 127197 127197 127197 127197 127197 127197 127197 127197 127197 127197 127197 127197 127197 127197 127197 127197 127197 127197 127197 127197 0 0 0 0 0 0 0 0 0 0 0 0 0 0 0 0 0 0 0 0 0 0 0 0 0
#obs catch bio
 234502 250731 275285 288381 322240 302362 294981 295919 257400 250683 223077 212565 192942 173025 149096 121636 135838 125560 117905 118248 108052 110774 103193 93247.9 101722 93128.9 94772.1 98521.2 94039.6 90028.6 101266 88459.8 92336.4 87272.4 80702.6 96674 84784 83149 88691.5 95829.5 87565.5 92782.6 94265.6 89812.8 85308.9 90944.5 129659 126476 95637.4 102457 101322 104682 111128 107277 105790 65382.4 67991.3
#pred cpue bio
 3.61783e+006 3.27812e+006 2.97035e+006 2.66063e+006 2.36384e+006 2.06079e+006 1.80196e+006 1.57261e+006 1.36033e+006 1.2004e+006 1.05556e+006 945078 847628 769781 708880 670197 658972 629645 607947 591417 572135 562815 550632 545974 552151 547914 550392 549203 542332 538189 535301 516803 511310 505720 512111 530275 532675 547955 563856 571982 571124 577711 578602 579327 587103 601417 610253 574273 540255 540730 532986 523147 504764 473485 441397 408848 420316 1.49024e+007 8.8948e+006 9.03205e+006 9.77668e+006 1.09439e+007 1.21911e+007 1.33225e+007 1.42617e+007 1.49989e+007 1.55566e+007 1.59682e+007 1.62672e+007 1.64824e+007 1.66366e+007 1.67469e+007 1.6826e+007 1.6883e+007 1.69242e+007 1.69542e+007 1.69762e+007 1.69925e+007 1.70045e+007 1.70135e+007 1.70203e+007 1.70254e+007 1.70293e+007 1.70322e+007 1.70344e+007 1.70361e+007 1.70374e+007 1.70384e+007 1.70392e+007 1.70398e+007 1.70403e+007 1.70406e+007 1.70409e+007 1.70411e+007 1.70412e+007 1.70414e+007 1.70415e+007 1.70415e+007 1.70416e+007 1.70416e+007 1.70417e+007 1.70417e+007 1.70417e+007 1.70417e+007 1.70418e+007 1.70418e+007 1.70418e+007 1.70418e+007 1.70418e+007 1.70418e+007 1.70418e+007 1.70418e+007 1.70418e+007 1.70418e+007 1.70418e+007 1.70418e+007 1.70418e+007 1.70418e+007 1.70418e+007 1.70418e+007 1.70418e+007 1.70418e+007 1.70418e+007 1.70418e+007 1.70418e+007 1.70418e+007 1.70418e+007 1.70418e+007 1.70418e+007 1.70418e+007 1.70418e+007 1.70418e+007 1.70418e+007 1.70418e+007 1.70418e+007 1.70418e+007 1.70418e+007 1.70418e+007 1.70418e+007 1.70418e+007 1.70418e+007 1.70418e+007 1.70418e+007 1.70418e+007 1.70418e+007 1.70418e+007 1.70418e+007 1.70418e+007 1.70418e+007 1.70418e+007 1.70418e+007 1.70418e+007 1.70418e+007 1.70418e+007 1.70418e+007 1.70418e+007 1.70418e+007 0 0 0 0 0 0 0 0 0 0 0 0 0 0 0 0 0 0 0 0 0 0 0 0 0
#obs cpue bio
 2.93335e+006 2.23153e+006 1.91258e+006 2.62841e+006 1.5473e+006 2.07022e+006 1.17735e+006 1.15933e+006 1.08934e+006 1.30717e+006 782897 764889 728610 608180 500773 404972 698799 486086 490580 598641 512156 569996 460524 367541 476742 632781 414628 377168 499846 552798 461554 450252 514047 394205 688144 369840 451454 611346 765825 432368 590359 552222 517730 354497 552277 654327 463352 459985 474914 619729 615783 546244 640400 507160 395909 391155 527364
#pred surv len freq
 0.00630495 0.0100986 0.014936 0.0206991 0.0271813 0.03402 0.0406572 0.0464545 0.0509298 0.0539279 0.0555993 0.0562493 0.0561943 0.0556862 0.054886 0.0538611 0.0526009 0.0510413 0.0490759 0.0465455 0.0432306 0.0389016 0.0334585 0.0270963 0.0203641
 0.00672204 0.0106579 0.0155648 0.021274 0.027585 0.0342188 0.0407465 0.0466271 0.0513741 0.0547141 0.0566273 0.057288 0.0569844 0.0560454 0.0547679 0.0533511 0.051863 0.0502419 0.0483188 0.0458448 0.0425341 0.0381493 0.0326378 0.02626 0.0196019
 0.00719987 0.01141 0.0166431 0.0226906 0.0292888 0.0360761 0.0425451 0.0481287 0.0524065 0.0552522 0.0567945 0.0572663 0.0568929 0.0558761 0.0544167 0.0527092 0.0508967 0.0490121 0.0469403 0.0444262 0.0411415 0.0368129 0.0313835 0.0251323 0.018658
 0.00755962 0.0119965 0.0175289 0.0239437 0.0309573 0.0381613 0.0449691 0.050714 0.0548903 0.057342 0.0582515 0.0579794 0.0569024 0.0553266 0.0534674 0.051463 0.0493909 0.047262 0.0449883 0.0423565 0.0390624 0.0348317 0.0295936 0.0236094 0.0174521
 0.00786149 0.0124812 0.0182488 0.0249476 0.0322867 0.0398414 0.0469931 0.0530257 0.0573726 0.0598146 0.0604842 0.0597283 0.0579656 0.0556008 0.0529713 0.0503108 0.0477335 0.0452374 0.0427088 0.0399276 0.0366027 0.0324753 0.0274733 0.0218316 0.0160754
 0.0082614 0.0131063 0.0191432 0.0261375 0.0337787 0.0416208 0.0490188 0.0552276 0.0596555 0.0620662 0.062579 0.061524 0.0593051 0.0563298 0.0529747 0.0495493 0.0462574 0.0431701 0.0402134 0.0371801 0.0337825 0.0297623 0.0250357 0.0198008 0.0145199
 0.00866208 0.0137339 0.0200433 0.0273364 0.0352793 0.043398 0.0510127 0.0573436 0.061777 0.064077 0.0643799 0.063035 0.060453 0.0570353 0.0531496 0.0491125 0.0451645 0.0414412 0.0379442 0.0345325 0.0309623 0.0269914 0.0225208 0.0177 0.0129145
 0.00896698 0.0142301 0.0207906 0.0283887 0.0366727 0.0451316 0.0530308 0.0595318 0.0639815 0.0661379 0.0661625 0.0644454 0.0614369 0.0575639 0.0532017 0.0486615 0.0441815 0.0399145 0.0359087 0.0320913 0.0282887 0.024305 0.0200454 0.0156147 0.0113158
 0.00933117 0.0147996 0.0216064 0.0294766 0.0380419 0.0467722 0.0549055 0.0615673 0.0660668 0.0681351 0.0679262 0.0658461 0.0623812 0.0580034 0.0531276 0.048088 0.043128 0.0384012 0.0339703 0.0298024 0.0257822 0.0217683 0.0176868 0.0136125 0.00977329
 0.00968603 0.0153458 0.0223715 0.0304665 0.0392427 0.0481535 0.0564212 0.0631558 0.0676554 0.0696473 0.0692868 0.0669815 0.0632196 0.05848 0.0531941 0.0477192 0.0423226 0.0371776 0.0323671 0.0278874 0.0236659 0.0196054 0.015655 0.0118712 0.00842088
 0.00998053 0.015823 0.0230852 0.0314612 0.0405401 0.0497334 0.0582065 0.0650151 0.0694305 0.0711938 0.0705056 0.0678264 0.0636838 0.0585752 0.0529341 0.0471136 0.0413793 0.0359105 0.0308059 0.0260887 0.0217221 0.0176451 0.0138261 0.0103076 0.00720657
 0.0100887 0.0160105 0.0233899 0.0319282 0.0412147 0.0506476 0.0593628 0.0663735 0.0709063 0.0726672 0.0718426 0.068905 0.0644184 0.0589275 0.0529074 0.0467354 0.0406836 0.0349298 0.029575 0.0246568 0.0201645 0.0160661 0.0123462 0.00903689 0.00621553
 0.0101313 0.0160931 0.0235396 0.0321803 0.0416073 0.0512115 0.0601103 0.067292 0.0719571 0.0737884 0.0729531 0.0699115 0.0652267 0.0594589 0.0531133 0.0466032 0.0402314 0.0341952 0.0286057 0.0235095 0.0189103 0.0147931 0.0111524 0.00801075 0.00541399
 0.0102184 0.0162203 0.0237052 0.032377 0.0418281 0.0514589 0.0604011 0.0676531 0.0724136 0.0743496 0.0736023 0.070605 0.0658992 0.0600348 0.0535194 0.0467819 0.0401506 0.0338522 0.0280255 0.0227396 0.0180169 0.0138563 0.0102573 0.00723252 0.00480133
 0.0103874 0.0164675 0.024026 0.0327482 0.0422137 0.0518206 0.0607082 0.0678904 0.0725854 0.0744795 0.073727 0.0707595 0.0661007 0.0602716 0.0537508 0.0469496 0.0401954 0.0337305 0.0277202 0.0222649 0.0174156 0.0131923 0.00960287 0.00665272 0.00433947
 0.0105076 0.0166455 0.0242607 0.0330259 0.04251 0.0521053 0.0609504 0.0680638 0.0726746 0.0744869 0.0736757 0.0706891 0.0660549 0.0602822 0.0538248 0.0470641 0.0403037 0.0337771 0.0276589 0.0220739 0.0171046 0.0127993 0.00918287 0.00626117 0.00401712
 0.0104646 0.0165748 0.0241534 0.0328742 0.0423104 0.0518626 0.0606808 0.0677947 0.0724391 0.0743166 0.0735943 0.0707105 0.0661839 0.0605153 0.0541486 0.0474523 0.0407156 0.0341607 0.0279616 0.0222562 0.0171522 0.0127277 0.00903067 0.00607661 0.00384251
 0.0104781 0.0166117 0.0242352 0.0330267 0.042553 0.052193 0.0610655 0.0681717 0.0727378 0.0744823 0.0736061 0.0705841 0.0659617 0.0602514 0.0538942 0.047245 0.0405717 0.0340736 0.0279058 0.0221985 0.0170656 0.0126019 0.00887526 0.00591387 0.00369638
 0.0105376 0.0166883 0.0243148 0.0330876 0.0425764 0.0521774 0.0610334 0.0681621 0.0727842 0.0745912 0.0737508 0.0707176 0.0660416 0.0602588 0.0538387 0.0471551 0.0404794 0.0340002 0.0278556 0.0221606 0.0170225 0.0125407 0.00879414 0.00582236 0.0036089
 0.0106621 0.0168679 0.0245419 0.0333384 0.0428149 0.0523642 0.0611363 0.0681654 0.072696 0.0744432 0.0735882 0.0705807 0.0659485 0.0602016 0.053795 0.0471049 0.0404165 0.0339309 0.0277897 0.022103 0.0169705 0.0124881 0.00873704 0.00576254 0.00355248
 0.010843 0.0171438 0.0249221 0.0338163 0.0433667 0.0529482 0.0616943 0.0686283 0.072998 0.0745413 0.073477 0.0702947 0.0655489 0.0597548 0.0533534 0.0466979 0.0400542 0.0336142 0.0275179 0.0218756 0.0167858 0.0123414 0.00862218 0.00567389 0.00348613
 0.0108605 0.0171798 0.0249903 0.0339338 0.0435493 0.0532033 0.0620132 0.0689838 0.0733474 0.0748354 0.0736712 0.0703601 0.0654804 0.0595721 0.0530944 0.0464061 0.0397659 0.033352 0.0272916 0.0216869 0.0166327 0.0122204 0.00852904 0.0056043 0.0034361
 0.0108372 0.017154 0.024974 0.0339464 0.0436138 0.053339 0.0622285 0.0692717 0.0736852 0.075187 0.0739922 0.0706057 0.0656143 0.0595764 0.0529741 0.0461876 0.0394887 0.0330569 0.0270115 0.0214423 0.0164322 0.0120644 0.0084133 0.00552242 0.00338111
 0.0107682 0.0170446 0.0248156 0.0337361 0.0433583 0.0530595 0.0619629 0.06907 0.0735962 0.0752414 0.0741907 0.0709169 0.0659843 0.0599436 0.0532848 0.046408 0.0396094 0.0330908 0.0269841 0.0213818 0.0163616 0.0119984 0.00835893 0.00548141 0.00335238
 0.0105376 0.0166982 0.0243478 0.033161 0.0427066 0.0523726 0.0612897 0.0684668 0.0731247 0.0749612 0.0741468 0.0711255 0.0664246 0.0605585 0.0539929 0.0471224 0.0402579 0.0336278 0.0273944 0.0216737 0.0165569 0.012122 0.00843307 0.00552322 0.00337416
 0.0105359 0.0166786 0.0242877 0.0330307 0.0424786 0.0520356 0.0608594 0.0679858 0.0726511 0.074553 0.0738503 0.0709728 0.0664332 0.0607293 0.0543063 0.0475371 0.0407172 0.0340735 0.0277808 0.0219766 0.0167732 0.012264 0.00851898 0.00557132 0.00339898
 0.0105315 0.0166632 0.0242484 0.0329487 0.0423314 0.0518026 0.0605295 0.0675648 0.0721669 0.0740546 0.0734007 0.0706351 0.0662557 0.0607354 0.0544916 0.0478727 0.0411554 0.0345567 0.0282519 0.0223903 0.0171033 0.0125045 0.00867982 0.00567022 0.00345496
 0.0104492 0.0165507 0.0241178 0.0328221 0.0422323 0.0517424 0.060498 0.0675314 0.0720934 0.073913 0.0731876 0.0703757 0.0659977 0.0605344 0.0543945 0.0479044 0.0413135 0.0348133 0.0285631 0.0227081 0.0173879 0.012732 0.00884334 0.00577651 0.00351758
 0.0103069 0.0163447 0.0238557 0.0325291 0.0419467 0.0515059 0.060345 0.0674806 0.0721409 0.0740304 0.0733281 0.0704903 0.0660544 0.0605317 0.0543599 0.0478811 0.0413407 0.0349111 0.0287266 0.0229125 0.0175999 0.0129216 0.00899259 0.00588089 0.0035828
 0.0101478 0.0160966 0.0235032 0.0320688 0.0413917 0.0508908 0.0597288 0.0669409 0.071756 0.0738557 0.0733771 0.0707314 0.0664235 0.0609554 0.0547792 0.0482648 0.0416859 0.0352311 0.029035 0.0232116 0.0178793 0.013165 0.00918637 0.00602056 0.00367349
 0.0101611 0.0160915 0.0234465 0.0319141 0.0410925 0.0504215 0.0591037 0.0662192 0.071031 0.0732316 0.072944 0.0705448 0.066493 0.0612452 0.0552215 0.0487821 0.0422129 0.0357268 0.0294816 0.0236051 0.0182184 0.0134464 0.00940662 0.00618006 0.0037789
 0.0111342 0.0174822 0.0251831 0.0338043 0.0428712 0.0518324 0.0599686 0.0664657 0.0706825 0.072384 0.0717422 0.0691587 0.0650892 0.0599589 0.0541364 0.0479273 0.041574 0.0352669 0.0291606 0.0233899 0.0180842 0.0133728 0.00937485 0.00617288 0.00378277
 0.0118276 0.01857 0.0267387 0.035847 0.0453373 0.0545459 0.0626306 0.0686947 0.0721154 0.0727962 0.07112 0.0676845 0.0630601 0.0576896 0.0518902 0.0458849 0.0398324 0.0338551 0.0280621 0.0225657 0.0174884 0.0129609 0.00910532 0.0060079 0.00368926
 0.0115512 0.0182667 0.0265517 0.0359986 0.0460677 0.0560136 0.0648221 0.0713923 0.0749393 0.0753001 0.0729039 0.0684918 0.0628331 0.0565666 0.0501463 0.043841 0.0377736 0.0319828 0.0264853 0.0213175 0.0165528 0.0122955 0.00865793 0.00572543 0.0035232
 0.011208 0.017729 0.0257894 0.0350219 0.0449539 0.0549314 0.0640301 0.0711847 0.0755377 0.0767375 0.0749721 0.0707927 0.0649124 0.0580628 0.0508871 0.0438588 0.0372492 0.0311576 0.0255808 0.0204893 0.0158808 0.0117995 0.00832051 0.00551299 0.00339953
 0.0108768 0.0172143 0.0250592 0.0340631 0.043777 0.0535792 0.0625941 0.069821 0.0744641 0.0761965 0.0751575 0.0717648 0.0665443 0.0600571 0.0528688 0.0455011 0.03837 0.0317443 0.0257475 0.020401 0.0156873 0.0116006 0.0081637 0.00540839 0.00333832
 0.0106922 0.0169389 0.0246899 0.0336105 0.0432585 0.0530094 0.0619807 0.069171 0.0738004 0.0755765 0.0746823 0.0715652 0.0667373 0.0606872 0.0538645 0.0466812 0.0395055 0.0326443 0.0263211 0.020666 0.015732 0.0115301 0.00806057 0.00531834 0.00327646
 0.01056 0.0167096 0.02432 0.0330562 0.0424921 0.0520414 0.0608755 0.0680414 0.0727767 0.074769 0.07416 0.0713606 0.0668664 0.0611585 0.0546659 0.0477538 0.0407299 0.0338603 0.0273761 0.0214647 0.0162574 0.0118282 0.00820463 0.00537644 0.00329532
 0.0105977 0.0167448 0.0243233 0.0329808 0.0422812 0.0516446 0.0602668 0.0672344 0.0718312 0.0737859 0.0732625 0.0706674 0.0664652 0.0610937 0.0549393 0.0483307 0.0415405 0.0348018 0.0283256 0.0223071 0.0169168 0.0122836 0.00848216 0.00552595 0.00336689
 0.0104664 0.0165741 0.0241432 0.0328401 0.0422269 0.0516916 0.0603778 0.0673248 0.0718014 0.073565 0.0728408 0.0701028 0.0658646 0.0605788 0.0546132 0.048254 0.0417219 0.0351999 0.0288608 0.0228818 0.0174413 0.0126989 0.00876962 0.0057004 0.00345989
 0.0105345 0.0166577 0.0242214 0.0328824 0.0422086 0.0516129 0.0602724 0.0672451 0.0717856 0.0736052 0.0728791 0.0700606 0.0656885 0.0602738 0.054244 0.047917 0.041506 0.035155 0.0289849 0.0231285 0.0177411 0.0129854 0.00899898 0.00585788 0.00355352
 0.0107426 0.0169494 0.0245733 0.0332409 0.042502 0.0517737 0.0602595 0.0670576 0.0714642 0.0732206 0.0725075 0.0697547 0.0654587 0.0600936 0.0540778 0.0477508 0.0413591 0.0350667 0.0289883 0.023229 0.0179129 0.0131846 0.00918317 0.00600074 0.00364849
 0.0108223 0.0170968 0.0248249 0.0336341 0.0430564 0.052467 0.0610117 0.0677414 0.0719437 0.0734019 0.0723725 0.0693601 0.0649045 0.0594809 0.053479 0.0472032 0.040879 0.0346666 0.0286833 0.0230303 0.0178167 0.0131689 0.00921496 0.00604853 0.0036914
 0.0107254 0.016968 0.0246861 0.0335273 0.0430373 0.0525902 0.0613125 0.068219 0.0725501 0.0740434 0.0729294 0.0697234 0.0650133 0.0593407 0.0531506 0.0467721 0.0404243 0.0342456 0.028331 0.0227642 0.0176406 0.013073 0.00917901 0.00604809 0.00370536
 0.0106872 0.0168923 0.0245487 0.0333031 0.0427132 0.0521832 0.0608816 0.067858 0.0723601 0.0740929 0.0732244 0.0702011 0.0655635 0.0598448 0.0535212 0.0469751 0.0404773 0.0341976 0.0282372 0.0226693 0.0175709 0.0130375 0.00917347 0.00606124 0.00372521
 0.0106514 0.0168315 0.0244518 0.0331563 0.042501 0.051892 0.0605078 0.0674182 0.0718995 0.0736855 0.0729571 0.070145 0.0657434 0.0602242 0.0540138 0.0474778 0.0409071 0.0345136 0.0284411 0.0227893 0.0176415 0.0130857 0.00921343 0.00609686 0.00375518
 0.0106485 0.0168297 0.024454 0.0331651 0.0425162 0.0519064 0.0605046 0.0673736 0.0717904 0.0735022 0.0727148 0.0698871 0.0655313 0.0601158 0.0540383 0.0476224 0.0411234 0.0347409 0.028632 0.0229231 0.0177227 0.0131311 0.0092402 0.00611572 0.00377029
 0.0109528 0.0173133 0.0251588 0.0341164 0.0437103 0.0532947 0.0619813 0.0687793 0.0729413 0.0742352 0.0729294 0.069568 0.0647482 0.0590029 0.0527606 0.0463361 0.0399434 0.033727 0.0277969 0.0222529 0.0171966 0.0127314 0.00895161 0.00592148 0.00365029
 0.0109057 0.017288 0.0252156 0.0343431 0.0441996 0.0541074 0.0631116 0.0701415 0.0743834 0.0755709 0.0739764 0.0701835 0.0648565 0.058611 0.0519539 0.0452551 0.0387471 0.0325559 0.0267487 0.0213774 0.016505 0.0122118 0.00858136 0.00567347 0.003496
 0.0105444 0.0167277 0.0244278 0.0333329 0.0430201 0.0528724 0.061997 0.0693593 0.0741221 0.0759254 0.0749046 0.0715149 0.0663475 0.0600172 0.0530918 0.0460346 0.0391717 0.0326967 0.0267057 0.0212446 0.0163502 0.012073 0.00847338 0.00559767 0.00344744
 0.0104398 0.0165497 0.0241451 0.0329116 0.0424322 0.052111 0.0610941 0.0683984 0.073236 0.0752742 0.0746351 0.0717123 0.0669982 0.0610042 0.0542285 0.0471241 0.0400645 0.0333223 0.0270716 0.0214087 0.0163873 0.0120477 0.00842909 0.00555671 0.00341762
 0.0103599 0.0164286 0.0239778 0.0326964 0.042166 0.0517854 0.0606956 0.0679162 0.0726769 0.0746785 0.0740825 0.0713109 0.0668543 0.0611816 0.0547172 0.0478361 0.0408619 0.034066 0.0276641 0.0218145 0.0166239 0.0121615 0.00846982 0.00556272 0.00341179
 0.0104083 0.0164968 0.0240612 0.0327836 0.0422414 0.051833 0.0607005 0.0678639 0.0725517 0.0744655 0.0737775 0.0709339 0.0664584 0.0608466 0.0545245 0.0478353 0.0410472 0.0343772 0.0280136 0.022123 0.0168465 0.0122923 0.00852922 0.00557935 0.00340936
 0.0107145 0.0169538 0.0246721 0.0335219 0.0430554 0.0526545 0.0614537 0.0684718 0.0729452 0.0745948 0.0736222 0.0705077 0.0658079 0.0600482 0.053676 0.0470394 0.0403873 0.0338957 0.0277042 0.0219432 0.0167425 0.0122218 0.00847062 0.00552789 0.00336766
 0.010841 0.0171783 0.0250426 0.0340887 0.043852 0.0536714 0.0626176 0.069649 0.0739734 0.0753288 0.0739703 0.0704439 0.0653646 0.0592996 0.0527228 0.0459948 0.0393623 0.0329818 0.0269577 0.0213796 0.016343 0.0119498 0.00828893 0.00540781 0.00329018
 0.0104694 0.0166781 0.0244833 0.0336026 0.043602 0.0537953 0.0631779 0.0706103 0.0752124 0.0766651 0.0752063 0.0714056 0.0659365 0.0594434 0.0524754 0.0454487 0.0386378 0.0322006 0.0262212 0.0207548 0.0158585 0.011602 0.00805479 0.00525849 0.00319953
 0.00949532 0.015179 0.0223929 0.0309383 0.0404855 0.0504679 0.0600002 0.0680194 0.0736199 0.0763304 0.0761499 0.0734103 0.0686282 0.062405 0.0553455 0.0479798 0.0407104 0.0338024 0.0274088 0.0216127 0.0164694 0.0120311 0.00834886 0.00545115 0.00331765
#obs surv len freq
 0.00497886 0.00815516 0.0124042 0.0177392 0.0240335 0.0309202 0.0377721 0.0438636 0.0486423 0.051906 0.0537733 0.0545308 0.0545007 0.0539827 0.0532393 0.0524851 0.0518652 0.051414 0.0509925 0.0502316 0.0485491 0.0453148 0.0401518 0.0332286 0.0253256
 0.00518241 0.00848965 0.0129143 0.0184692 0.0250189 0.0321748 0.0392742 0.0455509 0.0504201 0.0536645 0.055403 0.0559311 0.0555822 0.0546681 0.0534661 0.0522113 0.0510763 0.0501306 0.0492762 0.0481868 0.0463208 0.0430758 0.0380789 0.0314688 0.0239648
 0.00541548 0.00886867 0.0134852 0.0192752 0.0260934 0.033529 0.0408843 0.0473524 0.0523157 0.0555412 0.0571487 0.0574448 0.0567766 0.0554687 0.0538099 0.0520466 0.0503682 0.0488715 0.0475008 0.0459858 0.043846 0.0405289 0.0356793 0.0294067 0.022357
 0.00565553 0.00926411 0.0140898 0.0201418 0.0272631 0.0350144 0.0426526 0.0493212 0.0543667 0.0575445 0.058985 0.0590149 0.0580017 0.0562859 0.0541662 0.0518961 0.0496726 0.0476096 0.0456862 0.0436894 0.0412115 0.0377681 0.0330385 0.0271102 0.0205504
 0.00590118 0.00966672 0.014702 0.0210155 0.0284398 0.0365104 0.0444425 0.0513306 0.0564807 0.0596284 0.0609059 0.0606577 0.0592761 0.0571266 0.0545274 0.0517434 0.0489774 0.0463528 0.0438735 0.0413771 0.0385295 0.0349238 0.0302863 0.0246924 0.0186324
 0.00615695 0.0100845 0.0153344 0.0219127 0.0296405 0.0380264 0.0462435 0.0533386 0.0585809 0.0616903 0.0628036 0.0622814 0.0605364 0.0579552 0.0548754 0.0515771 0.0482739 0.0450993 0.042078 0.0390906 0.0358712 0.0320898 0.0275259 0.0222506 0.0166828
 0.00639457 0.0104759 0.0159327 0.0227707 0.0307994 0.0394999 0.0480009 0.0552994 0.060627 0.0636894 0.0646314 0.0638338 0.0617323 0.0587343 0.0551943 0.051405 0.0475892 0.043891 0.0403551 0.0369013 0.0333256 0.0293706 0.0248681 0.0198893 0.0147886
 0.00663065 0.0108625 0.0165202 0.0236076 0.0319237 0.0409241 0.0496962 0.0571898 0.0625989 0.0656127 0.0663811 0.0653038 0.062842 0.0594286 0.0554393 0.0511811 0.0468854 0.0427037 0.0386967 0.0348179 0.030919 0.0268077 0.0223648 0.0176632 0.0129994
 0.00683738 0.0112017 0.0170364 0.0243444 0.0329156 0.042183 0.0511981 0.0588694 0.0643584 0.0673396 0.0679656 0.0666502 0.0638728 0.0600865 0.0556864 0.0509957 0.0462579 0.0416346 0.0372016 0.0329422 0.028755 0.0245047 0.020115 0.0156606 0.0113874
 0.00708304 0.0116012 0.0176373 0.0251899 0.0340347 0.0435761 0.0528227 0.0606369 0.0661477 0.0690227 0.0694302 0.0678117 0.064676 0.060501 0.0557 0.050608 0.0454752 0.040469 0.0356763 0.0311039 0.0266896 0.0223454 0.0180304 0.0138191 0.00991205
 0.00730387 0.0119683 0.0182043 0.0260103 0.0351486 0.0449908 0.0544941 0.0624647 0.0679926 0.0707359 0.070882 0.0689082 0.0653632 0.0607604 0.05554 0.0500529 0.0445556 0.0392173 0.0341293 0.0293133 0.0247364 0.0203468 0.0161303 0.0121588 0.00859183
 0.00744501 0.0122013 0.0185622 0.026528 0.0358585 0.0459137 0.0556274 0.0637744 0.0694109 0.0721682 0.0722188 0.0700405 0.0661991 0.0612369 0.0556284 0.0497552 0.0438956 0.0382315 0.0328634 0.0278259 0.0231068 0.01868 0.0145492 0.0107807 0.00749839
 0.007526 0.0123336 0.0187631 0.0268152 0.0362489 0.0464201 0.0562548 0.0645169 0.0702511 0.0730767 0.0731531 0.0709431 0.0669991 0.0618579 0.0560012 0.04983 0.0436499 0.037671 0.0320191 0.0267512 0.0218779 0.0173937 0.0133139 0.00969698 0.0066355
 0.00759243 0.0124348 0.0189032 0.0269947 0.0364665 0.0466754 0.0565501 0.0648569 0.0706415 0.0735218 0.073652 0.0714847 0.0675571 0.0623883 0.0564446 0.0501211 0.0437304 0.0375032 0.0315949 0.0260963 0.0210499 0.0164763 0.012403 0.00888196 0.00597892
 0.00766866 0.0125534 0.0190713 0.0272143 0.036733 0.0469771 0.0568677 0.0651673 0.0709248 0.0737691 0.0738694 0.0716892 0.0677657 0.062607 0.0566601 0.050299 0.0438222 0.0374587 0.0313779 0.0256985 0.0204975 0.0158272 0.011734 0.00826912 0.00547794
 0.00773096 0.0126489 0.0192042 0.0273845 0.0369363 0.0472052 0.0571085 0.0654052 0.0711428 0.0739528 0.0740115 0.0717924 0.0678422 0.0626729 0.056727 0.0503656 0.043869 0.0374516 0.0312794 0.0254825 0.0201633 0.0154041 0.0112745 0.00783255 0.00511199
 0.00779455 0.012749 0.0193483 0.0275765 0.0371745 0.0474803 0.0574026 0.0656925 0.0713953 0.0741475 0.0741358 0.0718458 0.0678342 0.0626203 0.0566488 0.0502775 0.0437771 0.0373484 0.0311456 0.0252965 0.0199135 0.0150989 0.0109427 0.00751331 0.00484059
 0.0078263 0.0127965 0.0194125 0.0276559 0.0372666 0.047583 0.0575145 0.0658123 0.07152 0.074271 0.0742492 0.0719393 0.0679002 0.0626555 0.0566551 0.0502606 0.0437427 0.0372978 0.0310732 0.0251918 0.0197679 0.0149138 0.010733 0.00730405 0.00465702
 0.00783629 0.0128109 0.0194307 0.0276761 0.0372862 0.0475996 0.0575269 0.0658219 0.0715309 0.0742895 0.0742819 0.0719897 0.0679665 0.0627303 0.0567283 0.0503226 0.0437869 0.03732 0.0310697 0.0251579 0.0197003 0.0148138 0.0106101 0.00717444 0.00453862
 0.00787909 0.0128703 0.019501 0.0277459 0.0373411 0.0476278 0.0575237 0.0657904 0.0714802 0.0742321 0.0742301 0.0719542 0.0679546 0.0627442 0.0567643 0.0503722 0.043839 0.0373635 0.0310955 0.0251596 0.0196746 0.0147618 0.0105383 0.00709422 0.0044625
 0.00788783 0.0128869 0.0195301 0.0277914 0.037404 0.0477021 0.0575953 0.0658401 0.0714916 0.074199 0.0741608 0.0718677 0.0678732 0.0626853 0.0567369 0.0503757 0.0438655 0.0374011 0.0311314 0.0251829 0.0196784 0.0147442 0.0105031 0.00704893 0.00441637
 0.007921 0.0129324 0.019583 0.027843 0.0374446 0.0477262 0.057604 0.0658396 0.0714876 0.0741918 0.0741452 0.0718379 0.0678282 0.0626322 0.0566878 0.050342 0.0438531 0.0374082 0.0311503 0.0252032 0.0196908 0.0147435 0.010489 0.00702554 0.00438982
 0.00790406 0.0129096 0.0195573 0.0278189 0.0374259 0.047713 0.0575913 0.0658198 0.0714558 0.0741504 0.0741031 0.0718056 0.0678126 0.0626339 0.0567038 0.0503693 0.0438903 0.0374542 0.0312018 0.0252544 0.0197345 0.0147742 0.0105045 0.00702798 0.00438386
 0.00789593 0.0128892 0.0195138 0.0277395 0.037301 0.0475431 0.0573917 0.0656181 0.0712827 0.074029 0.0740427 0.0718038 0.0678604 0.062721 0.0568196 0.0505033 0.0440325 0.0375959 0.0313357 0.0253744 0.0198353 0.0148521 0.0105585 0.00706056 0.00440005
 0.00788278 0.0128682 0.0194825 0.0276946 0.0372378 0.0474552 0.057273 0.0654669 0.0711065 0.0738462 0.0738806 0.0716893 0.0678113 0.0627413 0.0569005 0.0506289 0.0441849 0.0377585 0.031495 0.0255198 0.0199595 0.0149506 0.0106304 0.00710798 0.00442783
 0.00787131 0.0128485 0.0194512 0.027648 0.0371731 0.0473718 0.057173 0.0653548 0.0709874 0.0737254 0.0737639 0.0715861 0.0677347 0.0627054 0.0569154 0.0506958 0.0442955 0.0378979 0.0316462 0.0256671 0.0200908 0.0150584 0.0107116 0.00716382 0.00446253
 0.007842 0.0127987 0.0193723 0.0275315 0.0370131 0.0471689 0.0569378 0.0651081 0.0707556 0.0735337 0.0736299 0.0715174 0.0677305 0.0627602 0.0570222 0.0508474 0.0444831 0.0381095 0.0318665 0.0258796 0.0202808 0.0152155 0.0108316 0.00724784 0.00451624
 0.00785406 0.0128131 0.0193841 0.0275321 0.0369917 0.0471152 0.0568451 0.0649757 0.0705907 0.0733509 0.0734495 0.0713612 0.067617 0.0627005 0.0570195 0.0508982 0.0445796 0.0382412 0.0320205 0.0260413 0.0204353 0.0153505 0.0109392 0.00732607 0.0045678
 0.00778255 0.0127073 0.0192443 0.0273649 0.0368077 0.046925 0.0566568 0.0647951 0.0704228 0.0732023 0.073329 0.0712792 0.0675838 0.0627234 0.0571006 0.0510335 0.0447594 0.0384519 0.0322462 0.0262657 0.020643 0.015529 0.0110809 0.00742929 0.00463641
 0.00776026 0.0126613 0.0191578 0.0272187 0.0365872 0.046631 0.056312 0.0644417 0.070109 0.0729658 0.0731871 0.0712295 0.067613 0.0628169 0.057247 0.051224 0.0449855 0.0387028 0.0325081 0.0265228 0.0208797 0.0157323 0.0112428 0.00754794 0.0047159
 0.00774729 0.0126383 0.0191189 0.0271555 0.0364888 0.0464853 0.0561097 0.0641819 0.0698057 0.0726498 0.0729008 0.0710148 0.0674981 0.0628093 0.0573359 0.0513889 0.0452038 0.0389539 0.0327736 0.0267855 0.0211235 0.0159435 0.0114126 0.00767355 0.00480088
 0.00936016 0.014901 0.0218602 0.0299939 0.0389427 0.0481495 0.0567946 0.0639399 0.0688514 0.0712459 0.0712769 0.0693402 0.0658889 0.0613427 0.0560587 0.0503214 0.0443445 0.0382866 0.0322747 0.0264285 0.0208814 0.0157899 0.0113226 0.00762566 0.00477812
 0.00932356 0.0151407 0.0227491 0.0319964 0.0424145 0.0530654 0.062575 0.0695443 0.0731476 0.0734541 0.0712252 0.0674091 0.0627429 0.0576453 0.0523088 0.0468229 0.0412499 0.0356534 0.0301076 0.0247038 0.0195593 0.0148203 0.0106478 0.00718414 0.0045089
 0.00898301 0.0146002 0.0219823 0.031046 0.0414488 0.0524191 0.0627123 0.0708956 0.0758567 0.0771872 0.0752082 0.0707223 0.0647044 0.0580481 0.051396 0.0450778 0.0391651 0.0335937 0.0282825 0.0232011 0.018392 0.0139611 0.0100504 0.00679414 0.00427179
 0.00879287 0.0142841 0.0214941 0.0303411 0.0405005 0.0512497 0.0614348 0.0697435 0.0751688 0.0773167 0.0763672 0.0728309 0.0673516 0.0606235 0.053337 0.0460853 0.0392657 0.0330446 0.0274097 0.0222747 0.0175761 0.0133238 0.0095965 0.00649616 0.00409121
 0.0087152 0.0141518 0.0212828 0.0300223 0.0400452 0.0506364 0.0606621 0.0688459 0.0742338 0.0764968 0.0758703 0.0728701 0.0680534 0.0619359 0.055003 0.0477245 0.0405282 0.0337464 0.0275713 0.0220585 0.0171829 0.0129131 0.00925671 0.0062547 0.00393894
 0.00869613 0.0141147 0.0212153 0.0299076 0.0398641 0.0503712 0.0603007 0.068386 0.0736872 0.0758963 0.0752804 0.072394 0.0678221 0.0620684 0.0555454 0.0486018 0.0415503 0.0346786 0.0282324 0.0223854 0.017228 0.0127895 0.00907585 0.00608945 0.00381913
 0.00869096 0.014108 0.0212078 0.0298995 0.0398526 0.0503479 0.0602501 0.0682872 0.0735193 0.0756465 0.0749527 0.0720168 0.0674533 0.0617911 0.0554481 0.0487428 0.0419213 0.0351936 0.028758 0.0227985 0.0174657 0.0128616 0.00903893 0.00600829 0.00373948
 0.008674 0.014081 0.0211686 0.0298469 0.0397875 0.0502733 0.0601714 0.0682093 0.073443 0.0755657 0.0748548 0.0718899 0.0672961 0.0616225 0.0553095 0.0486873 0.0419912 0.0353955 0.0290511 0.0231094 0.0177219 0.0130224 0.00910543 0.00601008 0.00371215
 0.00866832 0.0140703 0.0211499 0.0298165 0.0397423 0.0502122 0.0600966 0.0681269 0.0733612 0.0754919 0.0747922 0.0718356 0.0672427 0.0615637 0.0552481 0.0486396 0.0419839 0.0354522 0.0291767 0.0232824 0.017902 0.0131704 0.0092002 0.00605346 0.00372065
 0.00866781 0.0140724 0.021158 0.0298351 0.0397743 0.0502567 0.0601467 0.0681711 0.0733869 0.0754904 0.0747615 0.0717796 0.0671685 0.0614781 0.0551571 0.0485514 0.0419107 0.0354095 0.0291768 0.0233258 0.0179749 0.0132497 0.00926508 0.00609379 0.00373811
 0.0086727 0.0140787 0.0211646 0.0298405 0.0397777 0.0502594 0.0601521 0.0681832 0.0734074 0.0755161 0.0747845 0.0717904 0.0671599 0.0614482 0.0551094 0.0484932 0.0418519 0.0353612 0.0291493 0.023325 0.0179986 0.0132881 0.00930521 0.00612528 0.00375707
 0.00865409 0.0140527 0.0211332 0.029808 0.0397493 0.0502387 0.0601405 0.0681797 0.0734107 0.0755258 0.0748011 0.071813 0.067185 0.06147 0.055122 0.0484936 0.0418417 0.0353463 0.0291375 0.0233231 0.0180097 0.0133098 0.00933125 0.00614898 0.0037742
 0.00862133 0.0139991 0.0210524 0.0296952 0.0396039 0.0500676 0.0599599 0.068013 0.0732827 0.0754545 0.0747929 0.071863 0.0672807 0.061595 0.0552599 0.0486298 0.0419653 0.0354519 0.0292249 0.0233955 0.0180711 0.0133626 0.00937558 0.00618365 0.00379861
 0.00861579 0.0139876 0.0210304 0.0296566 0.0395424 0.0499789 0.0598439 0.0678764 0.0731388 0.0753218 0.0746908 0.0718074 0.0672788 0.0616445 0.0553496 0.048744 0.0420881 0.0355698 0.0293296 0.0234836 0.0181429 0.0134199 0.00942014 0.00621681 0.00382158
 0.00861703 0.0139916 0.0210399 0.0296744 0.0395698 0.0500128 0.059876 0.0678941 0.0731296 0.0752787 0.0746163 0.0717138 0.0671844 0.0615677 0.0553035 0.0487325 0.0421068 0.0356092 0.0293785 0.0235332 0.0181875 0.0134571 0.00944956 0.00623885 0.00383704
 0.00861703 0.0139916 0.0210399 0.0296744 0.0395698 0.0500128 0.059876 0.0678941 0.0731296 0.0752787 0.0746163 0.0717138 0.0671844 0.0615677 0.0553035 0.0487325 0.0421068 0.0356092 0.0293785 0.0235332 0.0181875 0.0134571 0.00944956 0.00623885 0.00383704
 0.00894589 0.0145091 0.0217845 0.0306642 0.0407917 0.05141 0.0613385 0.0692654 0.0742358 0.0759728 0.0748159 0.0714161 0.0664587 0.0605312 0.0540928 0.0474768 0.040909 0.0345379 0.0284696 0.022797 0.0176175 0.0130367 0.0091561 0.00604667 0.00372006
 0.00904059 0.0146961 0.0221256 0.0312339 0.0416546 0.0525873 0.062778 0.0708358 0.0757523 0.0772416 0.0756769 0.0717718 0.0662852 0.0598768 0.0530631 0.0462117 0.0395542 0.0332206 0.027283 0.0217956 0.0168215 0.0124399 0.00873518 0.00576895 0.00354983
 0.00881316 0.0143383 0.0216142 0.0305678 0.0408699 0.0517718 0.0620736 0.0704135 0.0757577 0.077733 0.0765922 0.0729441 0.0674989 0.0609326 0.0538271 0.0466343 0.0396626 0.0330928 0.027016 0.0214786 0.0165191 0.0121887 0.00854772 0.00564156 0.00347069
 0.00884595 0.0143602 0.0215893 0.0304439 0.0405937 0.0513134 0.061451 0.0697037 0.0750873 0.0772491 0.0764212 0.0731487 0.0680515 0.061719 0.0546826 0.0473974 0.0402221 0.033409 0.0271144 0.0214234 0.0163839 0.0120342 0.00841155 0.00553965 0.00340359
 0.00892095 0.0144818 0.0217691 0.0306854 0.0408831 0.0516101 0.061686 0.0697947 0.0749715 0.0769194 0.0759432 0.0726453 0.0676583 0.0615318 0.0547222 0.0476081 0.0405015 0.033654 0.0272581 0.0214501 0.0163191 0.0119216 0.00829227 0.0054397 0.00333257
 0.00895727 0.0145459 0.0218749 0.0308486 0.0411168 0.051917 0.0620496 0.0701735 0.0753016 0.0771277 0.0759707 0.072473 0.0673226 0.0611175 0.0543317 0.0473202 0.0403427 0.0335973 0.0272475 0.0214332 0.0162693 0.0118408 0.00819915 0.00535436 0.00326716
 0.00912666 0.0148118 0.0222567 0.0313562 0.0417468 0.0526482 0.0628378 0.0709519 0.0759886 0.0776412 0.0762425 0.0724612 0.0670212 0.0605637 0.0536044 0.046524 0.03958 0.0329395 0.0267215 0.0210284 0.015958 0.011598 0.00801006 0.00521285 0.00316875
 0.00924486 0.015016 0.0225848 0.0318477 0.0424292 0.0535182 0.0638462 0.0720036 0.0769628 0.0784216 0.0767428 0.0726349 0.066861 0.0600964 0.0528867 0.0456382 0.0386236 0.0320085 0.0258912 0.0203407 0.0154213 0.0111981 0.00772383 0.00501656 0.00304141
 0.00934418 0.01518 0.022837 0.0322122 0.0429274 0.0541609 0.064624 0.0728787 0.0778674 0.0792655 0.0774278 0.0730742 0.0669976 0.059914 0.052411 0.0449294 0.0377652 0.0310936 0.0250076 0.0195569 0.0147776 0.0107055 0.00737087 0.00477936 0.00289224
 0.00887511 0.0144469 0.0217929 0.0308451 0.041276 0.0523319 0.0628016 0.0713081 0.0768019 0.0788923 0.0778095 0.0741324 0.0685414 0.0616964 0.0541901 0.0465172 0.0390519 0.0320481 0.0256591 0.019968 0.0150188 0.010838 0.00743918 0.004812 0.00290609
#pred catch len freq
 0.00525814 0.00832607 0.0121513 0.0166296 0.0216734 0.0271828 0.0329679 0.0387264 0.044112 0.048828 0.0526777 0.0555726 0.0575242 0.0586203 0.0589805 0.0587082 0.0578653 0.056465 0.0544654 0.0517472 0.0481048 0.0433067 0.0372549 0.0301737 0.0226779
 0.00563046 0.00883283 0.0127377 0.0171992 0.0221352 0.0275149 0.033253 0.039123 0.0447665 0.0497786 0.0538106 0.0566589 0.0583138 0.0589405 0.0587931 0.0581084 0.0570287 0.0555698 0.0536218 0.0509679 0.0473305 0.0424701 0.036342 0.0292431 0.0218295
 0.00609353 0.00955063 0.0137467 0.0184943 0.0236551 0.0291342 0.0347933 0.040399 0.045661 0.0503005 0.0540842 0.0568361 0.0584671 0.0590148 0.0586496 0.0576212 0.056164 0.0543998 0.0522766 0.0495676 0.0459459 0.0411305 0.0350718 0.0280887 0.0208537
 0.0064739 0.0101567 0.0146372 0.0197182 0.0252446 0.0310883 0.0370523 0.0428211 0.0480222 0.0523351 0.0555598 0.0576312 0.058603 0.0586156 0.0578545 0.0565141 0.0547666 0.0527193 0.050356 0.0474988 0.0438467 0.039116 0.0332409 0.0265218 0.0196059
 0.00683407 0.0107215 0.0154509 0.0208146 0.0266494 0.0328194 0.0391102 0.0451697 0.0505674 0.0549102 0.0579311 0.0595343 0.0598075 0.0589925 0.0574079 0.0553551 0.0530508 0.0505918 0.0479372 0.0449034 0.0412054 0.0365767 0.0309499 0.0245968 0.0181124
 0.00725056 0.0113648 0.0163573 0.0219997 0.028112 0.0345471 0.0410793 0.0473398 0.0528753 0.0572649 0.0602076 0.0615694 0.0614072 0.0599608 0.0575934 0.054696 0.0515914 0.0484629 0.0453172 0.0419872 0.0381917 0.0336645 0.028325 0.0224048 0.0164302
 0.00768828 0.0120407 0.017309 0.0232403 0.0296329 0.0363212 0.0430598 0.0494581 0.0550437 0.0593862 0.0621843 0.0633051 0.0628003 0.0608979 0.0579536 0.0543718 0.0505224 0.0466663 0.0428985 0.039128 0.0351234 0.0306363 0.0255689 0.0200981 0.014665
 0.00806532 0.0126361 0.0181727 0.0244081 0.0311213 0.0381196 0.0451203 0.0516889 0.0573178 0.0615614 0.0641268 0.0649059 0.0639805 0.0616028 0.0581383 0.0539911 0.0495336 0.0450514 0.0406951 0.0364528 0.0321726 0.0276589 0.0228181 0.0177769 0.0128836
 0.00843869 0.0132139 0.0189897 0.0254819 0.0324563 0.0397105 0.0469472 0.0537059 0.0594414 0.0636695 0.0660714 0.0665372 0.0651746 0.0622792 0.0582617 0.0535557 0.0485463 0.0435261 0.0386671 0.0340052 0.0294565 0.024887 0.0202273 0.0155701 0.0111795
 0.00885585 0.0138487 0.0198648 0.0265921 0.0337747 0.041199 0.0485618 0.055396 0.0611477 0.0653235 0.0675953 0.0678442 0.066173 0.0628836 0.0584063 0.0532044 0.0476927 0.0421884 0.0368881 0.0318624 0.0270761 0.0224464 0.0179297 0.0135983 0.00964676
 0.00917266 0.0143518 0.0205991 0.0275898 0.0350477 0.0427284 0.0502876 0.0572165 0.0629357 0.0669533 0.0689663 0.0688906 0.0668582 0.0631886 0.0583194 0.0527175 0.0468034 0.0409075 0.035248 0.029928 0.0249546 0.0202862 0.0159016 0.011857 0.00829055
 0.00934089 0.0146248 0.0210106 0.0281742 0.0358375 0.0437472 0.051538 0.0586663 0.0645098 0.0685372 0.070423 0.0700876 0.0676959 0.0636155 0.0583292 0.0523315 0.0460532 0.0398257 0.0338724 0.0283148 0.0231905 0.0184917 0.0142159 0.0104075 0.00715888
 0.00940494 0.0147369 0.0211951 0.0284613 0.0362606 0.0443363 0.0523108 0.0596211 0.0656198 0.0697479 0.0716518 0.0712306 0.0686417 0.0642665 0.0586206 0.0522405 0.045594 0.0390368 0.0328063 0.0270359 0.0217805 0.0170527 0.0128613 0.00924028 0.0062456
 0.00948909 0.0148601 0.0213565 0.028655 0.0364819 0.0445907 0.0526187 0.060013 0.0661246 0.0703772 0.0723892 0.0720284 0.0694266 0.0649508 0.0591175 0.0524799 0.0455353 0.0386739 0.0321662 0.0261725 0.02077 0.0159876 0.0118404 0.00835071 0.00554426
 0.00960905 0.0150344 0.0215802 0.0289098 0.0367413 0.0448289 0.0528195 0.0601758 0.0662662 0.0705288 0.0725881 0.072303 0.0697816 0.065358 0.0595186 0.0527999 0.0457011 0.0386327 0.0318974 0.0256927 0.0201297 0.015262 0.0111147 0.00770202 0.00502453
 0.00963639 0.0150741 0.0216308 0.0289666 0.0367969 0.044875 0.0528493 0.0601861 0.0662604 0.0705198 0.0725988 0.0723632 0.069919 0.0655857 0.0598243 0.0531421 0.0460161 0.0388512 0.0319642 0.0255829 0.0198566 0.0148724 0.0106755 0.00728078 0.00467191
 0.00966898 0.0151167 0.0216756 0.0289995 0.0368014 0.0448376 0.0527647 0.0600602 0.0661086 0.0703646 0.0724667 0.0722814 0.069912 0.0656711 0.060006 0.0534046 0.0463223 0.0391466 0.0321899 0.025693 0.0198329 0.0147302 0.0104566 0.00703792 0.00445098
 0.00966767 0.0151288 0.0217194 0.0290982 0.036974 0.0450863 0.0530655 0.0603646 0.0663587 0.0705132 0.0724924 0.0721932 0.0697433 0.065468 0.0598153 0.0532617 0.0462418 0.039119 0.0321856 0.0256743 0.0197695 0.0146118 0.0102958 0.0068622 0.0042897
 0.0097085 0.0151797 0.0217687 0.0291294 0.0369746 0.0450595 0.0530354 0.060368 0.066425 0.0706444 0.0726582 0.0723446 0.0698368 0.065485 0.0597665 0.0531776 0.0461562 0.0390543 0.0321452 0.0256448 0.0197308 0.0145491 0.0102075 0.00675987 0.00419057
