SBPRF35
12.7214
Curr Bio
767341
B35
880419
F35
0.171008
FOFL
0.151745
OFL
98585.2
Bzero
3.63469e+06
#pred survey bio
 3.69022e+06 3.55415e+06 3.4344e+06 3.26745e+06 3.0418e+06 2.81313e+06 2.57052e+06 2.31955e+06 2.08757e+06 1.84661e+06 1.63706e+06 1.47831e+06 1.29114e+06 1.11735e+06 1.00426e+06 883921 791267 715139 662732 627559 609434 586371 569633 549594 543857 546604 544843 541438 537386 544135 549738 561923 574125 584642 597913 622204 628610 651989 666319 678143 684122 680574 671556 670542 675464 685001 676560 682948 691836 698368 691675 728827 760104 792161 829687 846393 849574 825872 811632 807060 804470 777268 773211 2.77211e+07 1.66291e+07 1.69767e+07 1.79319e+07 1.92769e+07 2.07654e+07 2.22145e+07 2.35159e+07 2.46232e+07 2.55304e+07 2.62544e+07 2.68216e+07 2.72604e+07 2.75971e+07 2.78543e+07 2.80503e+07 2.81998e+07 2.83139e+07 2.84013e+07 2.84685e+07 2.85203e+07 2.85605e+07 2.85918e+07 2.86164e+07 2.86356e+07 2.86509e+07 2.86629e+07 2.86725e+07 2.86801e+07 2.86862e+07 2.86911e+07 2.86951e+07 2.86983e+07 2.87009e+07 2.8703e+07 2.87047e+07 2.8706e+07 2.87072e+07 2.87081e+07 2.87088e+07 2.87094e+07 2.87099e+07 2.87103e+07 2.87107e+07 2.87109e+07 2.87111e+07 2.87113e+07 2.87115e+07 2.87116e+07 2.87117e+07 2.87118e+07 2.87118e+07 2.87119e+07 2.87119e+07 2.8712e+07 2.8712e+07 2.8712e+07 2.8712e+07 2.87121e+07 2.87121e+07 2.87121e+07 2.87121e+07 2.87121e+07 2.87121e+07 2.87121e+07 2.87121e+07 2.87121e+07 2.87121e+07 2.87121e+07 2.87121e+07 2.87121e+07 2.87121e+07 2.87121e+07 2.87121e+07 2.87121e+07 2.87121e+07 2.87121e+07 2.87121e+07 2.87121e+07 2.87121e+07 2.87121e+07 2.87121e+07 2.87121e+07 2.87121e+07 2.87121e+07 2.87121e+07 2.87121e+07 2.87121e+07 2.87121e+07 2.87121e+07 2.87121e+07 2.87121e+07 2.87121e+07 2.87121e+07 2.87121e+07 2.87121e+07 2.87121e+07 2.87121e+07 2.87121e+07 2.87121e+07 0 0 0 0 0 0 0 0 0 0 0 0 0 0 0 0 0 0 0 0 0 0 0 0 0
#obs survey bio
 3.78886e+06 4.02415e+06 4.00973e+06 4.20744e+06 1.96888e+06 3.34761e+06 2.22238e+06 2.68556e+06 1.53692e+06 1.83233e+06 1.1326e+06 1.35666e+06 933022 949255 1.12119e+06 780961 567952 934964 501251 513976 750734 646818 568713 536218 549498 539558 633403 429378 535105 705227 436898 645021 585353 689828 624300 488436 613400 600207 1.07503e+06 724620 789151 793587 517302 444694 636399 675888 660740 473574 766696 930578 822146 600423 783706 758644 983480 809284 978932 853219 649007 963091 675943 745478 803780
#pred catch bio
 96690.6 92102.6 148323 217181 237550 269145 295596 295982 319660 304076 268701 300070 289600 236387 241025 212897 193702 168088 148887 131304 132897 124994 125240 111220 103390 106478 106642 105801 95864 96652.9 91763.2 93163.9 95765.8 94588.5 87213.5 103928 90622.2 99395.7 101661 106441 113972 118021 111582 107890 105374 120799 107884 106392 108718 119347 82670.7 89652.7 89963.2 86108.2 103738 114010 135509 126178 117583 115068 133921 111824 91994 98585.2 109845 110851 115971 124239 133576 142617 150626 157307 162648 166784 169911 172232 173930 175158 176038 176664 177107 177419 177638 177791 177897 177972 178023 178059 178084 178101 178113 178121 178127 178131 178134 178135 178137 178138 178138 178139 178139 178139 178139 178139 178139 178139 178139 178139 178140 178140 178140 178140 178140 178140 178140 178140 178140 178140 178140 178140 178140 178140 178140 178140 178140 178140 178140 178140 178140 178140 178140 178140 178140 178140 178140 178140 178140 178140 178140 178140 178140 178140 178140 178140 178140 178140 178140 178140 178140 178140 178140 178140 178140 178140 178140 178140 178140 178140 178140 178140 178140 178140 178140 0 0 0 0 0 0 0 0 0 0 0 0 0 0 0 0 0 0 0 0 0 0 0 0 0
#obs catch bio
 0 91698.5 148238 216925 237184 268729 296004 295922 320688 306567 270324 302618 293492 238249 243410 214964 195701 169414 150084 131784 133122 125466 126160 111716 103910 106609 106822 106276 95912.8 96481.4 91393.4 93224.1 95792.4 94572.8 86923.7 104290 90727.1 99492.4 101189 105832 113086 116964 111268 108313 105561 121293 107943 106736 108683 119446 82310.1 89731.6 90079.1 86103.2 103750 113409 134745 125739 117487 114468 133818 111730 91842.3
#pred cpue bio
 3.64984e+06 3.51511e+06 3.3952e+06 3.22809e+06 3.00283e+06 2.77425e+06 2.53186e+06 2.28137e+06 2.04987e+06 1.80967e+06 1.60093e+06 1.44282e+06 1.25712e+06 1.08501e+06 972979 854268 763140 688614 637651 603564 586051 563587 547295 527861 522392 525292 523782 520642 516862 523692 529326 541129 552987 563300 576318 600084 606331 629377 643664 655464 661416 657913 648846 647502 652136 661533 653378 659683 668442 674992 668525 705189 736280 768096 805302 822076 825283 801689 787360 782934 780846 754405 750480 2.69215e+07 1.61502e+07 1.63538e+07 1.71805e+07 1.84914e+07 1.99738e+07 2.14219e+07 2.27233e+07 2.38305e+07 2.47377e+07 2.54617e+07 2.60289e+07 2.64677e+07 2.68044e+07 2.70616e+07 2.72577e+07 2.74071e+07 2.75212e+07 2.76086e+07 2.76758e+07 2.77276e+07 2.77678e+07 2.77992e+07 2.78237e+07 2.7843e+07 2.78582e+07 2.78702e+07 2.78798e+07 2.78874e+07 2.78936e+07 2.78985e+07 2.79024e+07 2.79056e+07 2.79082e+07 2.79103e+07 2.7912e+07 2.79134e+07 2.79145e+07 2.79154e+07 2.79161e+07 2.79167e+07 2.79172e+07 2.79176e+07 2.7918e+07 2.79182e+07 2.79185e+07 2.79186e+07 2.79188e+07 2.79189e+07 2.7919e+07 2.79191e+07 2.79192e+07 2.79192e+07 2.79193e+07 2.79193e+07 2.79193e+07 2.79193e+07 2.79194e+07 2.79194e+07 2.79194e+07 2.79194e+07 2.79194e+07 2.79194e+07 2.79194e+07 2.79194e+07 2.79194e+07 2.79194e+07 2.79194e+07 2.79194e+07 2.79194e+07 2.79195e+07 2.79195e+07 2.79195e+07 2.79195e+07 2.79195e+07 2.79195e+07 2.79195e+07 2.79195e+07 2.79195e+07 2.79195e+07 2.79195e+07 2.79195e+07 2.79195e+07 2.79195e+07 2.79195e+07 2.79195e+07 2.79195e+07 2.79195e+07 2.79195e+07 2.79195e+07 2.79195e+07 2.79195e+07 2.79195e+07 2.79195e+07 2.79195e+07 2.79195e+07 2.79195e+07 2.79195e+07 2.79195e+07 2.79195e+07 0 0 0 0 0 0 0 0 0 0 0 0 0 0 0 0 0 0 0 0 0 0 0 0 0
#obs cpue bio
 3.09878e+06 3.92819e+06 3.50853e+06 3.44099e+06 2.96053e+06 2.45397e+06 2.10774e+06 2.03399e+06 2.3158e+06 1.11764e+06 2.02036e+06 1.63765e+06 1.19645e+06 1.20589e+06 849907 790506 917493 497792 726604 786495 565604 403940 449017 531013 437398 702695 424750 544596 587068 528189 771464 343234 575465 507154 601841 614888 510842 844687 636998 714846 750546 703377 540947 563723 714599 706784 689506 757327 781867 639335 535015 734318 658493 714884 892589 1.33994e+06 911827 612581 787200 947318 869990 682991 665282
#pred surv len freq
 0.00419898 0.00691107 0.010577 0.0152367 0.0208095 0.0270042 0.0333005 0.0390901 0.0439079 0.0475789 0.0501853 0.0519303 0.0530209 0.0536223 0.053861 0.0538485 0.0537062 0.0535614 0.0534762 0.0533065 0.0525739 0.0505075 0.0463554 0.0398592 0.0315707
 0.00450428 0.00732258 0.0110421 0.0156609 0.0210909 0.0270836 0.033195 0.0388829 0.0437 0.0474346 0.0501101 0.0518922 0.0529959 0.0536285 0.0539589 0.0541058 0.0541476 0.0541289 0.0540235 0.0536394 0.0525264 0.0500184 0.045503 0.0388293 0.0305754
 0.00457126 0.00749088 0.0113983 0.0163036 0.0220846 0.0283981 0.0346721 0.0402692 0.0447436 0.0479906 0.050186 0.0516099 0.0525104 0.0530664 0.053405 0.0536193 0.053769 0.0538616 0.0538086 0.053356 0.052037 0.0492414 0.0444667 0.037669 0.0294716
 0.00472289 0.00771728 0.0117071 0.0167032 0.0225994 0.0290804 0.0355921 0.0414719 0.0461898 0.0495238 0.0515627 0.0525906 0.0529566 0.0529839 0.0529137 0.0528847 0.0529391 0.0530302 0.0530003 0.0525305 0.051119 0.0481735 0.0432616 0.0364223 0.0283235
 0.00496096 0.00810298 0.0122832 0.0175036 0.0236383 0.0303401 0.0370183 0.0429863 0.0477161 0.0510038 0.0529433 0.0537899 0.0538488 0.0534291 0.0528212 0.0522605 0.0518831 0.0516874 0.0514993 0.0509468 0.0494786 0.0464903 0.0415808 0.0348372 0.0269502
 0.00518087 0.00846611 0.0128403 0.0183057 0.0247266 0.031729 0.0386771 0.0448316 0.0496235 0.052836 0.0545804 0.0551451 0.0548609 0.0540417 0.0529703 0.0518891 0.0509749 0.05029 0.0497174 0.0489089 0.0473073 0.044297 0.0394781 0.0329449 0.0253772
 0.00540976 0.00884189 0.0134132 0.0191262 0.0258373 0.033151 0.0403938 0.0467801 0.0516987 0.0549054 0.0565036 0.0567913 0.0561235 0.0548442 0.0532617 0.0516344 0.0501535 0.0489085 0.0478278 0.0466176 0.0447667 0.0416876 0.0369875 0.0307439 0.0235909
 0.0056754 0.00927308 0.0140612 0.020039 0.0270519 0.0346803 0.0422125 0.0488188 0.0538514 0.0570475 0.0585081 0.0585388 0.0575071 0.0557735 0.0536663 0.0514648 0.0493809 0.0475288 0.045874 0.0441767 0.0419906 0.0387857 0.034197 0.0282836 0.0216131
 0.00593871 0.00970247 0.0147099 0.0209578 0.0282792 0.0362282 0.0440508 0.0508701 0.0560024 0.0591707 0.0604819 0.0602574 0.058881 0.0567262 0.0541311 0.0513843 0.04871 0.0462434 0.0439861 0.0417554 0.0391787 0.035799 0.0312948 0.0257129 0.0195476
 0.00621084 0.0101549 0.015409 0.021971 0.0296604 0.0379945 0.046161 0.0532177 0.0584327 0.0615138 0.0625837 0.061998 0.0601784 0.0575299 0.0544104 0.0511161 0.0478719 0.0448178 0.0419778 0.0392187 0.0362436 0.0326777 0.0282543 0.0230152 0.0173807
 0.0064859 0.0105978 0.0160689 0.0228931 0.0308813 0.039532 0.0479999 0.0552992 0.0606542 0.0637401 0.0646653 0.0637915 0.0615646 0.0584253 0.0547675 0.0509138 0.0471024 0.0434801 0.0400854 0.036823 0.0334617 0.0297053 0.0253449 0.0204234 0.0152932
 0.00662474 0.01084 0.0164638 0.0234971 0.0317457 0.0406847 0.0494286 0.0569477 0.0624355 0.0655558 0.0664191 0.0653904 0.0629164 0.059439 0.0553613 0.0510233 0.0466858 0.0425187 0.0385875 0.0348366 0.0310941 0.027133 0.0227976 0.0181348 0.0134384
 0.00686549 0.0112378 0.0170744 0.0243767 0.0329395 0.0422089 0.0512504 0.058977 0.0645353 0.0675689 0.0681988 0.0668239 0.0639342 0.0600104 0.0554788 0.0506864 0.0458917 0.0412646 0.0368836 0.0327259 0.0286736 0.0245641 0.0202899 0.0159017 0.0116384
 0.00719296 0.0117595 0.0178399 0.0254252 0.0342933 0.0438626 0.0531584 0.0610472 0.0666371 0.0695536 0.0699224 0.0681663 0.0648124 0.0603847 0.0553495 0.0500812 0.044848 0.0398182 0.0350696 0.0305953 0.0263155 0.0221192 0.0179395 0.0138295 0.00997899
 0.00730052 0.0119521 0.0181623 0.02593 0.0350292 0.0448558 0.0543965 0.0624747 0.0681676 0.0710888 0.0713667 0.0694313 0.0658167 0.0610567 0.0556347 0.0499494 0.0442956 0.0388637 0.03375 0.0289683 0.0244689 0.0201784 0.0160591 0.0121631 0.00863991
 0.00747909 0.0122479 0.0186181 0.0265896 0.0359293 0.0460121 0.0557876 0.0640341 0.0697895 0.0726466 0.0727362 0.070512 0.0665435 0.0614004 0.055593 0.0495351 0.0435286 0.0377704 0.0323673 0.0273515 0.0227004 0.01837 0.0143426 0.0106654 0.00744972
 0.00756377 0.0123949 0.0188571 0.0269553 0.0364561 0.0467236 0.056686 0.0650939 0.0709584 0.0738516 0.0738923 0.0715302 0.0673416 0.0619139 0.0557827 0.0493884 0.0430543 0.0369922 0.0313217 0.0260909 0.0212987 0.0169252 0.012967 0.00946436 0.00649605
 0.00761557 0.0124835 0.0189993 0.0271711 0.0367665 0.0471466 0.0572307 0.0657559 0.0717179 0.0746742 0.0747308 0.0723279 0.068037 0.0624466 0.0561007 0.0494539 0.0428487 0.0365174 0.0306002 0.025166 0.0202357 0.0158092 0.0118941 0.00852312 0.00574712
 0.00771291 0.0126163 0.019153 0.0273189 0.0368801 0.0472123 0.0572618 0.0657918 0.0718114 0.0748716 0.0750556 0.0727733 0.068566 0.0629992 0.0566048 0.0498376 0.0430517 0.0365006 0.0303519 0.0247045 0.0196084 0.0150875 0.0111617 0.00785917 0.00520786
 0.00781931 0.0127747 0.0193627 0.0275662 0.037138 0.0474431 0.0574235 0.0658511 0.071759 0.0747353 0.0748977 0.0726702 0.0685787 0.0631491 0.0568666 0.0501492 0.0433344 0.03668 0.0303752 0.0245514 0.0192946 0.0146601 0.0106872 0.00740556 0.00482713
 0.00786423 0.0128398 0.0194458 0.0276594 0.0372286 0.0475161 0.0574633 0.0658435 0.0716944 0.0746139 0.0747359 0.0725034 0.0684559 0.0631183 0.0569557 0.0503519 0.0436079 0.0369575 0.0305866 0.0246445 0.0192501 0.0144944 0.0104439 0.00713935 0.00458573
 0.00793009 0.0129505 0.0196181 0.0279083 0.0375608 0.0479206 0.0579052 0.066266 0.0720319 0.0748111 0.0747636 0.0723654 0.0681875 0.0627775 0.0566093 0.0500573 0.0433968 0.0368271 0.0305043 0.0245653 0.0191366 0.0143323 0.0102447 0.00693103 0.00439861
 0.00790951 0.0129252 0.0195957 0.0279025 0.0375897 0.0480025 0.058053 0.0664809 0.072299 0.0750974 0.0750234 0.0725519 0.0682675 0.0627433 0.0564812 0.0498762 0.0432084 0.0366656 0.0303812 0.0244695 0.0190459 0.0142282 0.0101227 0.0068014 0.0042783
 0.0080025 0.0130585 0.0197635 0.0280893 0.037776 0.0481739 0.0582065 0.0666242 0.0724433 0.075248 0.0751728 0.0726791 0.0683435 0.0627415 0.0563887 0.0497005 0.0429762 0.0364132 0.030141 0.0242599 0.018869 0.0140766 0.00998897 0.0066836 0.00417966
 0.00797181 0.0130137 0.0197049 0.0280191 0.0376957 0.0480824 0.0581004 0.066503 0.0723167 0.0751401 0.0751171 0.0727045 0.068459 0.0629291 0.0566085 0.0499072 0.0431361 0.0365131 0.0301868 0.024267 0.0188523 0.0140457 0.00994931 0.00663966 0.0041368
 0.00791343 0.0129128 0.0195431 0.027778 0.0373645 0.0476673 0.0576315 0.0660319 0.0719034 0.0748366 0.0749563 0.0726996 0.068607 0.0632126 0.0569953 0.0503518 0.0435867 0.0369236 0.0305269 0.0245258 0.0190342 0.014163 0.0100167 0.00667157 0.00414613
 0.00787657 0.0128587 0.0194716 0.0276907 0.0372611 0.0475426 0.0574751 0.0658336 0.0716626 0.07457 0.0746981 0.0724924 0.0684889 0.0632066 0.0571049 0.0505609 0.0438638 0.0372287 0.0308206 0.0247779 0.019229 0.0142989 0.0101016 0.00671798 0.00416709
 0.00785611 0.0128242 0.0194179 0.027613 0.0371576 0.0474164 0.0573347 0.0656904 0.0715255 0.0744412 0.074575 0.0723748 0.0683863 0.0631388 0.057095 0.0506247 0.0440017 0.0374242 0.0310452 0.0249997 0.019422 0.0144483 0.0102048 0.00678132 0.00420118
 0.00784558 0.0128063 0.0193893 0.0275699 0.0370962 0.0473339 0.0572315 0.0655708 0.071398 0.0743169 0.0744641 0.072284 0.0683181 0.0630946 0.0570792 0.0506456 0.0440677 0.037537 0.0311957 0.025169 0.019587 0.0145898 0.0103122 0.00685351 0.00424414
 0.00782707 0.0127607 0.0192929 0.0273929 0.0368125 0.0469356 0.0567402 0.0650386 0.0708941 0.0739081 0.0741983 0.0721818 0.0683738 0.0632827 0.0573637 0.0509898 0.0444413 0.0379181 0.0315676 0.0255164 0.0198945 0.0148442 0.0105064 0.00698894 0.00432977
 0.00796157 0.0129492 0.0195195 0.0276211 0.036991 0.0470116 0.0566729 0.06481 0.0705162 0.0734245 0.0736773 0.0717014 0.0680008 0.063057 0.0572925 0.0510537 0.0446061 0.0381462 0.0318259 0.0257779 0.0201382 0.015054 0.0106728 0.00710952 0.00440894
 0.00790947 0.0128907 0.0194781 0.02763 0.0370783 0.0471793 0.0568833 0.0649919 0.0705909 0.0733391 0.073428 0.0713334 0.0675908 0.0626865 0.0570248 0.050921 0.044608 0.0382581 0.0320108 0.0259976 0.0203598 0.0152536 0.0108358 0.00723048 0.00449033
 0.00784765 0.0127897 0.0193272 0.0274245 0.0368268 0.0469103 0.0566458 0.0648405 0.0705609 0.0734234 0.0735748 0.071471 0.0676634 0.0626797 0.0569671 0.0508633 0.0445976 0.0383204 0.0321443 0.0261807 0.0205624 0.0154471 0.0109998 0.00735549 0.00457617
 0.00782023 0.0127433 0.0192537 0.0273149 0.036673 0.0467089 0.0564034 0.0645787 0.0703164 0.0732402 0.0734887 0.0714923 0.0677699 0.0628263 0.0571088 0.0509767 0.0446878 0.0384099 0.0322553 0.0263211 0.0207236 0.0156104 0.011146 0.00747172 0.00465863
 0.00784393 0.0127676 0.0192643 0.0272896 0.0365879 0.0465476 0.056165 0.0642806 0.0699905 0.0729263 0.0732281 0.0713209 0.06771 0.0628788 0.0572514 0.0511724 0.0449002 0.0386164 0.0324498 0.0265068 0.0209022 0.0157773 0.0112918 0.00758809 0.00474236
 0.00772051 0.0125844 0.0190202 0.0269933 0.036253 0.0461863 0.0557852 0.0638894 0.0696018 0.0725666 0.0729354 0.0711364 0.0676663 0.0629898 0.0575071 0.051541 0.045336 0.039072 0.0328868 0.0269011 0.0212425 0.0160594 0.011515 0.00775406 0.00485661
 0.00767822 0.0125246 0.0189472 0.0269174 0.0361885 0.0461467 0.0557776 0.0639099 0.0696328 0.0725798 0.0729017 0.0710398 0.0675152 0.0628171 0.0573582 0.0514552 0.0453328 0.0391472 0.0330189 0.0270624 0.0214083 0.0162122 0.0116442 0.00785501 0.00492901
 0.00753059 0.0122859 0.0185919 0.0264271 0.0355605 0.045406 0.0549846 0.0631561 0.0690194 0.0721878 0.072767 0.0711479 0.0678135 0.0632391 0.0578459 0.0519714 0.0458587 0.0396725 0.0335311 0.0275433 0.0218369 0.0165714 0.0119255 0.00805955 0.00506636
 0.00746156 0.0121746 0.0184258 0.0261938 0.0352492 0.0450101 0.0545078 0.0626182 0.0684608 0.0716672 0.0723517 0.0708966 0.067759 0.0633787 0.0581453 0.0523796 0.0463258 0.0401595 0.034011 0.0279957 0.022244 0.0169176 0.0122007 0.00826221 0.00520356
 0.00744492 0.0121406 0.0183616 0.0260832 0.035076 0.0447641 0.0541892 0.0622396 0.0680441 0.0712405 0.0719483 0.0705551 0.067521 0.0632799 0.0582044 0.0525904 0.0466585 0.0405705 0.034455 0.0284338 0.0226464 0.0172634 0.0124779 0.00846788 0.00534374
 0.00744217 0.0121399 0.0183669 0.0260984 0.0351012 0.0447912 0.0541998 0.0622076 0.0679449 0.071061 0.0716934 0.0702484 0.0672002 0.0629903 0.0579902 0.0524855 0.0466776 0.0407058 0.0346791 0.0287086 0.022933 0.0175295 0.0127019 0.00863974 0.00546374
 0.00754717 0.012296 0.0185747 0.0263493 0.0353798 0.0450793 0.0544782 0.0624545 0.0681332 0.0711593 0.0716723 0.0700912 0.066912 0.062602 0.0575534 0.0520607 0.04632 0.0404525 0.0345423 0.0286769 0.0229785 0.0176181 0.0128028 0.00873121 0.00553459
 0.00769057 0.0125235 0.0189055 0.026794 0.0359349 0.0457201 0.0551545 0.0630951 0.0686611 0.0715114 0.0718127 0.0700121 0.0666278 0.0621436 0.0569659 0.0514024 0.0456567 0.0398467 0.0340415 0.0283044 0.0227325 0.0174778 0.0127377 0.00871125 0.00553633
 0.00768935 0.0125371 0.0189546 0.0269077 0.0361432 0.0460423 0.0555874 0.0636085 0.0692021 0.0720154 0.0722166 0.0702659 0.0667026 0.0620337 0.0566883 0.0509926 0.0451645 0.0393298 0.0335562 0.027895 0.0224229 0.0172694 0.0126147 0.00864916 0.00551108
 0.00761249 0.0124205 0.0187959 0.0267139 0.0359333 0.0458485 0.0554537 0.0635826 0.0693202 0.0722858 0.0726107 0.0707233 0.0671475 0.0623958 0.0569184 0.0510712 0.0451017 0.0391596 0.0333264 0.0276554 0.0222134 0.0171125 0.0125141 0.00859519 0.0054882
 0.00749483 0.012237 0.018535 0.0263718 0.0355167 0.0453783 0.0549685 0.0631387 0.0689841 0.0721196 0.0726548 0.0709826 0.0675867 0.0629457 0.0574934 0.0515905 0.0455087 0.0394315 0.0334729 0.0277083 0.0222126 0.0170926 0.0124967 0.00858826 0.00549037
 0.00757053 0.0123447 0.0186684 0.0265145 0.0356458 0.0454708 0.055007 0.0631146 0.0688999 0.0719893 0.0725046 0.0708471 0.0675004 0.0629305 0.0575483 0.0516902 0.0456126 0.0395002 0.0334834 0.0276606 0.0221255 0.0169929 0.0124075 0.00852196 0.00544866
 0.00754873 0.0123114 0.0186218 0.0264529 0.0355668 0.0453695 0.0548776 0.0629533 0.0687101 0.0717857 0.0723127 0.0706985 0.0674246 0.0629475 0.0576624 0.0518877 0.0458625 0.0397612 0.0337154 0.0278366 0.0222379 0.0170512 0.0124299 0.00852653 0.00544744
 0.00746539 0.0121868 0.0184546 0.0262496 0.0353397 0.0451342 0.0546497 0.0627467 0.0685348 0.0716472 0.0722132 0.0706406 0.0674145 0.0629953 0.0577782 0.0520742 0.0461097 0.0400452 0.0340033 0.0280954 0.0224447 0.0171982 0.0125233 0.00857997 0.00547555
 0.00742067 0.0121104 0.0183336 0.0260715 0.0350978 0.0448343 0.0543148 0.0624145 0.0682474 0.0714374 0.0720955 0.0706109 0.0674586 0.063098 0.0579299 0.0522707 0.0463478 0.0403159 0.0342887 0.0283711 0.0226864 0.0173895 0.0126598 0.00866787 0.00552688
 0.00747588 0.0121959 0.0184534 0.0262243 0.0352745 0.0450165 0.0544748 0.0625207 0.0682738 0.0713742 0.0719526 0.0704142 0.0672389 0.0628828 0.0577393 0.052119 0.0462445 0.0402655 0.0342883 0.0284092 0.0227456 0.0174517 0.0127118 0.00870411 0.00554833
 0.00727036 0.0118654 0.0179646 0.025553 0.0344164 0.0439998 0.0533708 0.0614397 0.0673429 0.0707041 0.0716119 0.0704188 0.0675592 0.0634577 0.0584925 0.0529729 0.0471311 0.0411315 0.0350948 0.0291289 0.0233587 0.0179463 0.0130857 0.00896613 0.00571703
 0.00717351 0.0117004 0.0177021 0.0251609 0.0338661 0.0432784 0.0524936 0.0604579 0.0663408 0.0697866 0.0708853 0.0699704 0.0674396 0.0636718 0.0590011 0.0537051 0.0480012 0.0420551 0.0359998 0.02996 0.0240781 0.0185326 0.0135329 0.0092829 0.00592358
 0.00707023 0.0115372 0.0174644 0.0248364 0.0334449 0.0427532 0.0518636 0.0597343 0.0655518 0.0689808 0.070131 0.0693489 0.0670321 0.0635411 0.0591758 0.0541708 0.0487031 0.0429112 0.0369183 0.030856 0.0248848 0.0192067 0.0140556 0.00965755 0.00617037
 0.00690206 0.0112745 0.0170894 0.0243408 0.0328315 0.042039 0.0510807 0.0589283 0.0647738 0.068277 0.0695375 0.0688952 0.0667477 0.0634599 0.0593296 0.0545766 0.0493495 0.0437517 0.0378769 0.0318414 0.0258098 0.0200041 0.0146879 0.010118 0.00647716
 0.0069236 0.0112914 0.0170814 0.0242779 0.032682 0.0417808 0.0507122 0.0584695 0.064259 0.0677433 0.0690167 0.0684128 0.0663281 0.0631319 0.0591297 0.0545438 0.0495135 0.0441181 0.0384174 0.0324955 0.0264983 0.0206491 0.0152312 0.0105314 0.00676145
 0.00700493 0.011422 0.0172731 0.0245358 0.0329975 0.0421246 0.051031 0.0586939 0.0643237 0.0676102 0.0686879 0.0679268 0.0657451 0.0625181 0.058549 0.0540553 0.0491687 0.0439539 0.0384453 0.0326948 0.0268176 0.0210206 0.0155895 0.0108301 0.00698056
 0.00713921 0.0116482 0.0176273 0.0250538 0.0337036 0.043014 0.0520538 0.0597506 0.0652795 0.0683248 0.069049 0.0678768 0.0652927 0.0617334 0.0575438 0.0529578 0.0481011 0.0430165 0.0377063 0.0321835 0.0265239 0.0209019 0.0155864 0.010884 0.00704776
 0.00707155 0.0115659 0.0175558 0.0250367 0.0337951 0.0432641 0.0524921 0.0603744 0.0660479 0.0691586 0.0698393 0.068503 0.0656495 0.0617588 0.0572364 0.0523773 0.0473511 0.0422175 0.0369686 0.0315859 0.026103 0.0206525 0.0154728 0.0108579 0.00706437
 0.0069119 0.0113174 0.0172048 0.0245841 0.0332635 0.042705 0.0519878 0.0600281 0.0659569 0.0693803 0.0703656 0.0692561 0.0665002 0.0625599 0.0578602 0.0527466 0.0474549 0.0421064 0.0367316 0.0313189 0.0258803 0.0205114 0.0154143 0.0108588 0.00709484
 0.00686077 0.0112159 0.0170186 0.0242722 0.0327911 0.0420632 0.0512126 0.0592049 0.0652077 0.0688355 0.0701312 0.0693857 0.0669779 0.0633003 0.0587285 0.0535944 0.0481608 0.0426059 0.0370249 0.0314556 0.0259297 0.0205335 0.0154431 0.010902 0.00714427
 0.00700501 0.0114378 0.0173268 0.0246603 0.0332318 0.0425046 0.0515794 0.059413 0.0651917 0.0685803 0.069688 0.0688608 0.0664969 0.062964 0.0585794 0.0536076 0.0482616 0.0427058 0.037059 0.0314034 0.0258128 0.0203944 0.0153208 0.0108171 0.0070976
 0.00698887 0.0114183 0.0173099 0.0246557 0.0332499 0.0425513 0.0516504 0.05949 0.0652436 0.0685704 0.0695882 0.0686682 0.0662446 0.0627158 0.0584075 0.053562 0.0483478 0.0428837 0.0372639 0.0315768 0.0259245 0.0204462 0.0153337 0.0108145 0.00709443
#obs surv len freq
 nan nan nan nan nan nan nan nan nan nan nan nan nan nan nan nan nan nan nan nan nan nan nan nan nan
 0.00448887 0.00735221 0.0111841 0.0160019 0.0217033 0.0279786 0.0342918 0.0400216 0.0446993 0.048161 0.0505167 0.0520103 0.0529005 0.0534111 0.0537239 0.0539777 0.0542555 0.0545477 0.0546861 0.0542779 0.0527161 0.0493487 0.0437993 0.0362805 0.0276655
 0.00461412 0.00755992 0.0115039 0.0164627 0.022326 0.0287647 0.0352127 0.0410159 0.0456824 0.0490423 0.0512175 0.0524751 0.053102 0.0533494 0.0534219 0.0534733 0.0535926 0.0537695 0.0538319 0.0533851 0.0518238 0.0485005 0.0430404 0.0356492 0.027183
 0.00478154 0.00783174 0.0119126 0.0170388 0.0230931 0.0297308 0.0363596 0.0422934 0.0470103 0.0503218 0.0523447 0.0533552 0.0536611 0.053544 0.0532428 0.0529428 0.0527574 0.0526903 0.0525764 0.0520243 0.0504339 0.0471626 0.0418351 0.0346429 0.0264125
 0.00497433 0.00814742 0.0123918 0.0177204 0.0240066 0.0308843 0.0377275 0.0438129 0.0485907 0.0518604 0.0537407 0.054516 0.0545047 0.0540024 0.0532694 0.0525203 0.0519015 0.0514495 0.0510265 0.0502639 0.0485795 0.0453428 0.0401764 0.0332488 0.025341
 0.00518344 0.0084899 0.012912 0.0184618 0.0250035 0.0321491 0.0392374 0.045504 0.050366 0.0536075 0.0553487 0.0558859 0.0555519 0.0546567 0.0534745 0.0522368 0.051114 0.0501753 0.0493235 0.0482339 0.0463658 0.0431172 0.0381151 0.0314986 0.0239874
 0.00540202 0.00884884 0.013459 0.0192439 0.0260583 0.0334912 0.0408434 0.0473074 0.052266 0.0554877 0.0570945 0.0573947 0.0567364 0.0554443 0.0538054 0.0520638 0.0504058 0.0489256 0.0475659 0.0460563 0.0439168 0.0405955 0.0357382 0.0294552 0.0223938
 0.00564208 0.00924057 0.0140515 0.020084 0.0271827 0.0349123 0.0425355 0.0492006 0.0542556 0.0574529 0.0589177 0.0589719 0.0579811 0.0562859 0.0541867 0.0519379 0.0497361 0.0476934 0.0457865 0.0438004 0.0413257 0.037878 0.0331369 0.0271917 0.0206124
 0.00587443 0.0096237 0.0146381 0.0209264 0.0283227 0.0363646 0.0442717 0.0511438 0.0562922 0.0594557 0.0607662 0.0605639 0.0592341 0.0571351 0.0545803 0.0518328 0.0490965 0.0464961 0.0440357 0.0415516 0.0387077 0.0350953 0.0304405 0.0248207 0.0187302
 0.00612972 0.010039 0.0152639 0.0218105 0.0295014 0.0378496 0.0460346 0.0531103 0.0583505 0.0614763 0.0626228 0.0621476 0.0604595 0.0579402 0.0549219 0.0516793 0.0484225 0.0452837 0.0422877 0.0393152 0.0360994 0.0323089 0.0277228 0.0224145 0.0168078
 0.00636476 0.0104276 0.0158604 0.0226689 0.0306642 0.0393298 0.0477988 0.0550737 0.0603914 0.0634608 0.0644277 0.0636713 0.061624 0.0586886 0.0552148 0.05149 0.0477327 0.0440829 0.0405829 0.0371509 0.0335819 0.0296176 0.0250903 0.0200742 0.0149297
 0.0066103 0.010827 0.0164621 0.0235187 0.031797 0.0407567 0.0494921 0.0569605 0.0623607 0.0653833 0.0661763 0.065137 0.0627238 0.059367 0.0554398 0.0512455 0.0470113 0.0428843 0.0389209 0.0350713 0.0311842 0.027066 0.0225983 0.0178579 0.013148
 0.00683492 0.0111987 0.0170332 0.0243412 0.0329105 0.0421712 0.0511712 0.0588172 0.0642727 0.0672185 0.0678156 0.0664847 0.0637097 0.0599437 0.0555799 0.0509375 0.0462551 0.0416888 0.0373083 0.0330908 0.02893 0.0246878 0.020288 0.0158087 0.0115022
 0.00707524 0.0115897 0.0176225 0.025173 0.0340176 0.0435608 0.0528102 0.0606262 0.0661345 0.0689995 0.0693887 0.0677463 0.0645875 0.0603976 0.0555964 0.0505212 0.0454208 0.0404578 0.0357124 0.0311836 0.0268024 0.0224757 0.018161 0.0139352 0.0100042
 0.00727477 0.0119222 0.0181375 0.0259207 0.0350371 0.0448625 0.0543591 0.0623377 0.0678888 0.0706665 0.0708503 0.0689086 0.0653843 0.0607897 0.0555694 0.0500815 0.0445892 0.0392651 0.0341997 0.0294095 0.0248547 0.0204771 0.016259 0.0122727 0.00868225
 0.00744526 0.0121993 0.0185548 0.0265107 0.0358264 0.0458634 0.055559 0.0636921 0.0693226 0.072084 0.0721487 0.0699921 0.0661747 0.061234 0.0556406 0.0497757 0.0439207 0.0382624 0.0329048 0.0278824 0.0231794 0.0187644 0.0146368 0.0108614 0.00756435
 0.00752353 0.0123318 0.0187642 0.0268219 0.036263 0.0464402 0.0562753 0.0645289 0.0702457 0.0730489 0.0731046 0.0708817 0.0669354 0.061802 0.0559594 0.0498041 0.0436384 0.0376718 0.0320314 0.0267758 0.021915 0.0174415 0.0133672 0.00974884 0.00667979
 0.00758492 0.0124234 0.0188877 0.0269759 0.0364464 0.0466574 0.0565381 0.0648543 0.0706486 0.0735348 0.0736638 0.0714879 0.0675475 0.062367 0.0564175 0.0500954 0.043712 0.0374953 0.0315984 0.0261108 0.0210745 0.0165089 0.01244 0.00891857 0.00601077
 0.00766137 0.0125397 0.0190474 0.0271759 0.0366772 0.046904 0.056783 0.0650817 0.0708515 0.07372 0.0738507 0.0716998 0.0677985 0.0626516 0.0567072 0.0503432 0.0438623 0.0374963 0.0314155 0.0257376 0.0205386 0.0158691 0.0117746 0.00830553 0.00550775
 0.00769315 0.0125898 0.0191196 0.0272723 0.0367968 0.0470421 0.0569301 0.0652248 0.0709778 0.0738223 0.0739321 0.0717743 0.0678866 0.0627714 0.0568638 0.0505219 0.0440281 0.0376017 0.0314143 0.0256004 0.0202644 0.0154892 0.0113441 0.00788697 0.00515197
 0.00776138 0.0126914 0.0192551 0.0274362 0.0369789 0.0472304 0.0571125 0.0653897 0.0711142 0.0739208 0.0739876 0.0717881 0.0678685 0.0627382 0.0568346 0.0505096 0.0440316 0.0376027 0.0313821 0.0255042 0.0200874 0.0152385 0.0110499 0.00759175 0.00489461
 0.00781375 0.0127753 0.0193786 0.0276043 0.0371909 0.0474765 0.0573721 0.0656338 0.0713129 0.0740526 0.0740445 0.071776 0.0678015 0.0626346 0.0567132 0.0503875 0.0439202 0.0375035 0.0312848 0.0253908 0.0199417 0.0150558 0.0108422 0.00738284 0.00471021
 0.00783672 0.0128103 0.0194273 0.0276671 0.0372681 0.0475686 0.0574794 0.0657546 0.0714413 0.0741771 0.0741504 0.0718493 0.0678341 0.0626262 0.0566712 0.0503236 0.0438463 0.0374276 0.0312082 0.0253076 0.0198436 0.014938 0.0107089 0.00724685 0.00458756
 0.00787828 0.0128697 0.0195013 0.0277478 0.0373449 0.0476324 0.0575259 0.0657855 0.0714627 0.074197 0.0741746 0.0718787 0.0678641 0.0626484 0.0566776 0.0503102 0.0438145 0.037382 0.0311531 0.0252446 0.0197714 0.0148556 0.0106186 0.00715584 0.00450525
 0.00788345 0.0128816 0.0195255 0.0277901 0.0374089 0.0477153 0.0576166 0.0658668 0.0715183 0.0742188 0.0741667 0.0718539 0.0678369 0.0626284 0.0566664 0.0503029 0.0438041 0.0373633 0.031124 0.0252052 0.0197226 0.0147989 0.0105571 0.00709436 0.00444985
 0.00787267 0.0128587 0.0194817 0.0277159 0.037298 0.047571 0.057455 0.0657141 0.0714014 0.0741555 0.07416 0.0718958 0.067915 0.0627315 0.0567858 0.0504306 0.0439308 0.0374791 0.0312202 0.0252763 0.0197668 0.0148183 0.0105562 0.00708005 0.00442947
 0.00789231 0.0128846 0.0195092 0.0277357 0.037298 0.0475389 0.0573824 0.0656005 0.071257 0.0740008 0.0740216 0.071798 0.067872 0.0627448 0.056846 0.0505231 0.0440404 0.0375919 0.0313246 0.0253634 0.0198315 0.0148591 0.0105759 0.00708399 0.00442414
 0.00788486 0.0128731 0.0194928 0.0277136 0.0372683 0.0474984 0.0573266 0.0655245 0.0711586 0.0738834 0.073896 0.0716818 0.0677861 0.0627062 0.0568627 0.0505919 0.0441485 0.0377216 0.0314579 0.0254855 0.0199321 0.0149336 0.0106246 0.0071112 0.0044361
 0.0078846 0.0128699 0.0194829 0.0276921 0.0372308 0.047443 0.0572555 0.0654436 0.0710746 0.0738012 0.0738183 0.0716106 0.0677255 0.0626642 0.0568493 0.0506149 0.0442095 0.0378142 0.0315692 0.0255999 0.0200359 0.0150176 0.0106852 0.00714981 0.00445752
 0.00785159 0.0128181 0.0194084 0.0275926 0.037106 0.0472957 0.0570922 0.0652754 0.0709165 0.0736692 0.0737254 0.0715644 0.0677266 0.0627077 0.0569284 0.0507232 0.0443418 0.0379645 0.0317292 0.0257583 0.0201805 0.0151383 0.0107768 0.00721273 0.00449631
 0.00784601 0.0128038 0.0193774 0.0275346 0.0370117 0.0471611 0.0569225 0.0650854 0.0707267 0.0735001 0.0735938 0.0714811 0.0676962 0.0627296 0.0569972 0.0508304 0.0444775 0.0381186 0.0318917 0.0259189 0.0203287 0.015265 0.0108762 0.00728368 0.00454206
 0.00781554 0.012755 0.0193051 0.0274341 0.0368794 0.0469952 0.0567254 0.0648653 0.0704989 0.0732859 0.0734167 0.0713621 0.0676489 0.0627578 0.0570948 0.0509843 0.0446709 0.0383341 0.0321129 0.0261314 0.0205203 0.0154266 0.0110027 0.00737481 0.00460194
 0.00779967 0.0127289 0.0192655 0.0273776 0.0368031 0.0468978 0.0566078 0.0647311 0.0703536 0.0731369 0.0732734 0.0712363 0.0675547 0.0627087 0.0571003 0.0510467 0.0447843 0.0384862 0.0322873 0.0263112 0.0206901 0.0155745 0.0111215 0.00746227 0.00466063
 0.00776852 0.012677 0.019185 0.0272612 0.0366463 0.0467019 0.0563829 0.0644959 0.0701312 0.0729487 0.0731344 0.0711535 0.0675288 0.0627372 0.05718 0.0511736 0.0449526 0.0386863 0.032506 0.0265321 0.0208971 0.0157542 0.0112654 0.00756825 0.00473193
 0.00772972 0.0126125 0.0190856 0.0271177 0.036452 0.0464562 0.0560951 0.064186 0.0698278 0.072683 0.0729339 0.0710368 0.0675031 0.0627988 0.057317 0.0513701 0.0451919 0.0389522 0.0327825 0.0268032 0.0211468 0.0159692 0.0114372 0.00769472 0.00481713
 0.00769014 0.0125499 0.0189946 0.0269941 0.0362931 0.0462619 0.0558688 0.0639365 0.0695696 0.0724354 0.072719 0.0708765 0.0674155 0.0627944 0.0573964 0.0515246 0.0454056 0.0392056 0.0330551 0.0270751 0.0214002 0.0161894 0.0116148 0.00782664 0.0049068
 0.00767123 0.0125151 0.0189347 0.0268987 0.0361533 0.0460748 0.0556412 0.0636847 0.0693152 0.0721998 0.0725194 0.0707254 0.0673227 0.0627676 0.0574405 0.0516393 0.0455838 0.0394331 0.0333125 0.0273408 0.0216534 0.0164127 0.0117968 0.00796302 0.00500022
 0.00766418 0.0125049 0.0189211 0.0268813 0.0361298 0.0460397 0.0555859 0.0635999 0.0691954 0.0720478 0.072347 0.0705515 0.0671676 0.0626493 0.0573725 0.0516299 0.0456354 0.0395415 0.0334662 0.0275226 0.0218431 0.016591 0.0119488 0.00808073 0.00508287
 0.00763348 0.0124587 0.0188587 0.0268046 0.0360433 0.0459493 0.0554978 0.0635188 0.069123 0.0719816 0.0722824 0.0704848 0.0671001 0.0625886 0.0573306 0.0516195 0.0456659 0.0396165 0.0335822 0.0276689 0.0220037 0.0167482 0.0120872 0.00819071 0.00516162
 0.0076185 0.0124318 0.0188137 0.0267352 0.035945 0.0458233 0.0553531 0.0633716 0.0689922 0.0718822 0.0722206 0.0704575 0.0670982 0.0626025 0.0573547 0.0516545 0.0457173 0.0396907 0.0336823 0.027792 0.0221405 0.0168853 0.012211 0.0082913 0.0052351
 0.00760192 0.0124102 0.0187908 0.0267166 0.0359357 0.0458236 0.0553567 0.0633676 0.0689703 0.0718386 0.0721601 0.0703909 0.0670367 0.0625528 0.0573192 0.0516329 0.0457102 0.039701 0.0337135 0.0278453 0.0222124 0.0169675 0.0122927 0.00836258 0.00529008
 0.00758675 0.0123837 0.018748 0.0266529 0.0358496 0.0457198 0.0552471 0.0632687 0.0688969 0.0717974 0.0721479 0.070398 0.0670538 0.0625751 0.0573461 0.0516661 0.0457512 0.0397507 0.0337727 0.027914 0.022289 0.0170472 0.0123687 0.00842811 0.00534071
 0.00755085 0.0123297 0.0186749 0.0265623 0.0357445 0.0456038 0.0551242 0.0631448 0.0687813 0.0717025 0.0720865 0.0703782 0.0670757 0.0626314 0.0574255 0.0517578 0.0458479 0.0398486 0.0338704 0.0280106 0.0223828 0.0171354 0.0124473 0.00849311 0.0053898
 0.00754488 0.0123145 0.018642 0.0265014 0.0356472 0.0454681 0.0549588 0.0629678 0.0686147 0.0715656 0.0719912 0.0703298 0.0670745 0.062674 0.0575053 0.0518651 0.0459715 0.0399782 0.0339982 0.0281317 0.0224939 0.0172338 0.0125304 0.00855906 0.00543823
 0.00753482 0.0123034 0.0186344 0.0265032 0.0356621 0.0454934 0.054983 0.0629738 0.0685875 0.0715 0.0718954 0.0702217 0.0669743 0.062598 0.0574625 0.0518572 0.0459948 0.0400254 0.0340608 0.0282016 0.0225645 0.0173 0.0125884 0.00860633 0.00547367
 0.00752847 0.01229 0.0186092 0.0264612 0.0356007 0.0454159 0.0548997 0.0628989 0.0685325 0.0714677 0.071879 0.0702103 0.0669608 0.0625834 0.0574544 0.0518648 0.0460238 0.0400762 0.0341286 0.028279 0.0226434 0.0173735 0.0126516 0.00865645 0.00551021
 0.0075041 0.0122539 0.0185613 0.0264029 0.0355343 0.0453427 0.0548203 0.0628149 0.0684489 0.0713934 0.0718245 0.0701829 0.0669612 0.062606 0.0574919 0.0519124 0.0460804 0.0401427 0.0342049 0.0283618 0.0227272 0.0174516 0.0127186 0.00870914 0.00554814
 0.00751211 0.0122646 0.018573 0.0264131 0.03554 0.0453422 0.0548134 0.0628026 0.0684315 0.07137 0.0717938 0.0701455 0.0669204 0.0625675 0.0574607 0.0518916 0.0460716 0.0401463 0.034221 0.0283895 0.0227636 0.017492 0.0127577 0.00874273 0.00557382
 0.00750091 0.0122496 0.0185563 0.0263981 0.0355303 0.0453394 0.054816 0.0628064 0.0684318 0.0713642 0.0717816 0.0701283 0.0669005 0.0625469 0.0574419 0.0518775 0.0460646 0.0401485 0.034233 0.0284109 0.0227921 0.0175245 0.01279 0.00877107 0.00559596
 0.00747475 0.0122073 0.0184933 0.0263114 0.0354203 0.0452117 0.0546828 0.0626846 0.0683385 0.0713105 0.0717699 0.0701533 0.0669525 0.0626161 0.0575201 0.0519588 0.0461458 0.0402279 0.0343097 0.0284841 0.0228604 0.0175859 0.0128421 0.00881239 0.00562601
 0.00747475 0.0122073 0.0184933 0.0263114 0.0354203 0.0452117 0.0546828 0.0626846 0.0683385 0.0713105 0.0717699 0.0701533 0.0669525 0.0626161 0.0575201 0.0519588 0.0461458 0.0402279 0.0343097 0.0284841 0.0228604 0.0175859 0.0128421 0.00881239 0.00562601
 0.00726259 0.0118659 0.0179877 0.0256159 0.0345289 0.0441522 0.0535281 0.0615503 0.0673611 0.070613 0.0714318 0.0701957 0.0673419 0.0632794 0.0583651 0.0528935 0.0470915 0.0411255 0.0351203 0.0291845 0.0234402 0.0180438 0.0131848 0.00905319 0.00578336
 0.00719819 0.0117423 0.0177669 0.0252507 0.0339747 0.0433851 0.0525634 0.060451 0.0662303 0.0695761 0.0706126 0.0696939 0.0672147 0.0635309 0.058948 0.0537221 0.0480626 0.0421389 0.0360929 0.0300575 0.0241785 0.0186328 0.013627 0.00936352 0.00598547
 0.0071555 0.011672 0.017658 0.0250886 0.0337391 0.0430501 0.0521018 0.0598439 0.0654818 0.0687255 0.0697386 0.0689042 0.0666232 0.0632304 0.0589868 0.054093 0.0487071 0.0429637 0.0369929 0.0309369 0.0249648 0.0192827 0.0141252 0.00971721 0.00621707
 0.00711488 0.0116096 0.0175706 0.024975 0.0335987 0.0428811 0.0518983 0.0595948 0.065171 0.0683366 0.0692656 0.0683651 0.0660696 0.0627431 0.0586577 0.0539972 0.0488776 0.0433806 0.0375904 0.0316231 0.0256474 0.0198892 0.0146129 0.0100745 0.00645558
 0.00709886 0.0115828 0.0175288 0.0249142 0.0335162 0.0427766 0.051775 0.0594571 0.0650207 0.0681685 0.0690662 0.0681186 0.065769 0.062404 0.0583246 0.0537372 0.0487603 0.0434518 0.0378531 0.0320352 0.0261367 0.0203775 0.0150386 0.0104041 0.00668428
 0.00713522 0.0116473 0.0176351 0.0250763 0.0337425 0.0430624 0.0520961 0.0597716 0.0652789 0.0683259 0.0690934 0.0680036 0.0655148 0.0620276 0.0578592 0.0532352 0.0482897 0.0430828 0.0376374 0.0319885 0.0262343 0.0205658 0.0152564 0.0106028 0.00683725
 0.00720112 0.0117605 0.0178167 0.025349 0.0341248 0.0435593 0.0526892 0.0604156 0.065906 0.0688589 0.0694612 0.0681548 0.0654265 0.0617078 0.0573441 0.0525831 0.0475745 0.0423858 0.037034 0.0315325 0.0259451 0.0204268 0.0152257 0.0106315 0.00688538
 0.00722041 0.0117997 0.0178907 0.0254776 0.0343298 0.0438581 0.0530882 0.0609044 0.0664558 0.0694232 0.0699801 0.0685628 0.0656641 0.0617341 0.0571468 0.0521826 0.0470217 0.0417531 0.0364024 0.0309752 0.0255118 0.0201343 0.0150596 0.0105577 0.00686583
 0.00711422 0.0116366 0.0176641 0.025191 0.0339995 0.0435154 0.0527804 0.0606897 0.0663901 0.0695431 0.0702882 0.0690227 0.066207 0.062274 0.0576002 0.0524878 0.0471523 0.0417226 0.0362569 0.0307774 0.0253213 0.0199911 0.0149776 0.0105281 0.00686878
 0.00701393 0.0114608 0.0173773 0.0247558 0.0333901 0.0427368 0.0518843 0.0597751 0.0655839 0.0689682 0.0700331 0.0691227 0.0666396 0.0629659 0.0584428 0.0533614 0.0479514 0.042377 0.0367415 0.0311077 0.0255369 0.0201361 0.0150849 0.0106144 0.00693839
 0.00706344 0.0115312 0.0174627 0.0248398 0.0334445 0.0427231 0.0517596 0.0595055 0.0651627 0.0684306 0.0694583 0.0686166 0.0663026 0.0628614 0.0585791 0.0536915 0.0483915 0.0428341 0.0371407 0.0314094 0.0257383 0.020259 0.0151586 0.0106624 0.00697331
 0.00698145 0.0114104 0.0173039 0.0246512 0.0332377 0.0425076 0.0515377 0.0592705 0.064902 0.0681334 0.0691267 0.0682758 0.0660044 0.062673 0.0585608 0.0538718 0.0487526 0.0433158 0.037662 0.0318951 0.0261396 0.0205597 0.0153673 0.0107995 0.00706014
#pred catch len freq
 0.00310216 0.00505053 0.00764842 0.010949 0.0149974 0.0197808 0.0251688 0.0309064 0.0366669 0.0421176 0.0469676 0.0510033 0.0541175 0.0563162 0.0577 0.0584376 0.0587464 0.0588545 0.0589038 0.0587879 0.0580126 0.055746 0.0511684 0.0439995 0.0348506
 0.00333616 0.0053687 0.00801426 0.0112952 0.0152513 0.0199004 0.0251658 0.0308375 0.0365972 0.0420819 0.0469575 0.05099 0.0540907 0.0563116 0.0577938 0.0587086 0.0592222 0.0594702 0.0594974 0.0591449 0.0579497 0.0551961 0.0502184 0.0428549 0.0337457
 0.00341742 0.00553719 0.00832977 0.0118219 0.0160254 0.0208897 0.026249 0.0318307 0.0373249 0.0424518 0.0469888 0.050779 0.0537499 0.0559286 0.05743 0.0584157 0.0590424 0.0594089 0.0594909 0.0590595 0.0576309 0.0545477 0.0492634 0.0417341 0.0326526
 0.00357609 0.00577702 0.00866228 0.0122596 0.0165954 0.0216433 0.0272499 0.0331127 0.0388365 0.0440273 0.0483819 0.0517536 0.0541749 0.0558175 0.0569087 0.0576536 0.05819 0.0585611 0.0586702 0.0582191 0.0566854 0.0534318 0.0479885 0.0404035 0.03142
 0.00379058 0.00611885 0.00916307 0.0129422 0.0174689 0.0226985 0.0284595 0.0344403 0.0402494 0.0454954 0.0498533 0.0531213 0.0552718 0.0564632 0.0569844 0.0571551 0.0572224 0.0572812 0.0572177 0.0566742 0.0550722 0.0517588 0.0462977 0.0387907 0.0300091
 0.00400642 0.00646747 0.00968457 0.0136751 0.0184458 0.0239372 0.0299498 0.0361332 0.0420576 0.0473084 0.0515586 0.0546201 0.0564775 0.0572872 0.0573314 0.0569434 0.056422 0.0559394 0.0554478 0.0546167 0.0528596 0.0495087 0.0441276 0.0368265 0.0283677
 0.00423809 0.00683971 0.010238 0.0144486 0.0194739 0.0252444 0.0315392 0.037975 0.0440818 0.0494063 0.0535932 0.0564442 0.0579562 0.0583127 0.0578248 0.0568481 0.0557031 0.0545971 0.0535366 0.0522526 0.0502095 0.0467687 0.0415004 0.0344966 0.026471
 0.00449426 0.00724871 0.010841 0.0152825 0.0205697 0.0266217 0.033197 0.0398822 0.0461731 0.0515841 0.0557345 0.0584108 0.0596074 0.0595201 0.0584841 0.0568839 0.0550699 0.0532829 0.0515743 0.0497371 0.0473074 0.0437094 0.0385429 0.0318796 0.0243614
