SBPRF35
12.7214
Curr Bio
714091
B35
885943
F35
0.169017
FOFL
0.137664
OFL
83263.2
Bzero
3.63469e+006
#pred survey bio
 3.59345e+006 3.46752e+006 3.35036e+006 3.17175e+006 2.96113e+006 2.74419e+006 2.5034e+006 2.27618e+006 2.0413e+006 1.82449e+006 1.60015e+006 1.41343e+006 1.23786e+006 1.08201e+006 991406 873249 791426 721077 681404 651876 623258 585644 574932 554677 538399 530201 533463 540672 547214 546378 552461 558914 562435 573377 588373 612629 629693 633670 644568 660349 666019 673374 682261 689561 690783 697077 695292 698385 701708 690892 687756 703408 719198 2.57095e+007 1.54085e+007 1.57223e+007 1.67105e+007 1.81588e+007 1.97933e+007 2.14014e+007 2.28552e+007 2.40974e+007 2.51182e+007 2.59342e+007 2.65741e+007 2.70693e+007 2.74491e+007 2.7739e+007 2.79597e+007 2.81275e+007 2.82555e+007 2.83532e+007 2.8428e+007 2.84857e+007 2.85303e+007 2.85649e+007 2.85919e+007 2.86131e+007 2.86298e+007 2.8643e+007 2.86534e+007 2.86617e+007 2.86684e+007 2.86737e+007 2.8678e+007 2.86814e+007 2.86842e+007 2.86864e+007 2.86883e+007 2.86898e+007 2.8691e+007 2.86919e+007 2.86927e+007 2.86934e+007 2.86939e+007 2.86944e+007 2.86947e+007 2.8695e+007 2.86952e+007 2.86954e+007 2.86956e+007 2.86957e+007 2.86958e+007 2.86959e+007 2.8696e+007 2.8696e+007 2.86961e+007 2.86961e+007 2.86962e+007 2.86962e+007 2.86962e+007 2.86962e+007 2.86962e+007 2.86963e+007 2.86963e+007 2.86963e+007 2.86963e+007 2.86963e+007 2.86963e+007 2.86963e+007 2.86963e+007 2.86963e+007 2.86963e+007 2.86963e+007 2.86963e+007 2.86963e+007 2.86963e+007 2.86963e+007 2.86963e+007 2.86963e+007 2.86963e+007 2.86963e+007 2.86963e+007 2.86963e+007 2.86963e+007 2.86963e+007 2.86963e+007 2.86963e+007 2.86963e+007 2.86963e+007 2.86963e+007 2.86963e+007 2.86963e+007 2.86963e+007 2.86963e+007 2.86963e+007 2.86963e+007 2.86963e+007 2.86963e+007 2.86963e+007 2.86963e+007 2.86963e+007 2.86963e+007 0 0 0 0 0 0 0 0 0 0 0 0 0 0 0 0 0 0 0 0 0 0 0 0 0
#obs survey bio
 3.37977e+006 2.49818e+006 3.08481e+006 4.5905e+006 1.90577e+006 2.34165e+006 2.33631e+006 1.80092e+006 1.84323e+006 2.04186e+006 1.02302e+006 1.23461e+006 977937 950926 669337 790477 769040 652194 730845 585972 454597 592610 470840 425333 456871 525875 402704 613241 586559 517047 736695 514922 452215 629214 610394 614973 764740 596241 754924 612266 684351 418580 877538 692688 814587 599212 607871 737957 785572 869850 538500 684598 772733
#pred catch bio
 104389 101966 166356 206801 226593 264554 269428 293407 292423 311934 288082 284756 270277 214813 237809 201976 187280 156796 145249 141867 146280 121149 127663 121824 112842 102225 98800.8 98945 103881 96737.6 95959.9 98432.4 92909.4 91216 85805.9 93935 105619 100132 97155.8 106493 105159 104087 105257 109339 104141 110948 106850 106598 117487 109395 93114.6 92395 89612.4 83263.2 100577 101396 106416 115129 125325 135360 144327 151854 157900 162601 166167 168822 170769 172182 173197 173920 174434 174796 175051 175229 175354 175441 175502 175544 175573 175593 175608 175617 175624 175629 175632 175634 175635 175637 175637 175638 175638 175638 175639 175639 175639 175639 175639 175639 175639 175639 175639 175639 175639 175639 175639 175639 175639 175639 175639 175639 175639 175639 175639 175639 175639 175639 175639 175639 175639 175639 175639 175639 175639 175639 175639 175639 175639 175639 175639 175639 175639 175639 175639 175639 175639 175639 175639 175639 175639 175639 175639 175639 175639 175639 175639 175639 175639 175639 175639 175639 175639 175639 175639 0 0 0 0 0 0 0 0 0 0 0 0 0 0 0 0 0 0 0 0 0 0 0 0 0
#obs catch bio
 0 101581 166613 206542 226413 264814 268876 294511 293073 313185 291258 289096 275605 218371 243809 205606 189714 158152 146347 142533 148352 122244 129608 124115 114582 103273 100224 99807 104672 97123.5 95758.9 98586 93158.4 91557 86208.6 94456.8 105836 100595 97307.1 107173 105468 104554 105473 109696 103256 110750 107003 106831 117439 109091 92931.5 92514.7 89576.8
#pred cpue bio
 3.54615e+006 3.42201e+006 3.30611e+006 3.12816e+006 2.91811e+006 2.70155e+006 2.4613e+006 2.23444e+006 2.00018e+006 1.7841e+006 1.56093e+006 1.37519e+006 1.20101e+006 1.04675e+006 956934 840781 760653 692058 653447 624764 596836 560113 549645 530003 514345 506645 510010 517236 523966 523544 529772 536211 539601 550143 564634 588234 605020 609013 619633 635036 640661 647946 656734 664135 665722 672012 670102 673013 676434 666142 663218 678678 694824 2.48941e+007 1.49419e+007 1.51119e+007 1.5921e+007 1.73007e+007 1.89173e+007 2.05216e+007 2.19746e+007 2.32167e+007 2.42374e+007 2.50534e+007 2.56933e+007 2.61885e+007 2.65683e+007 2.68582e+007 2.70788e+007 2.72467e+007 2.73746e+007 2.74724e+007 2.75472e+007 2.76049e+007 2.76494e+007 2.76841e+007 2.77111e+007 2.77323e+007 2.7749e+007 2.77622e+007 2.77726e+007 2.77809e+007 2.77875e+007 2.77929e+007 2.77971e+007 2.78006e+007 2.78034e+007 2.78056e+007 2.78075e+007 2.78089e+007 2.78102e+007 2.78111e+007 2.78119e+007 2.78126e+007 2.78131e+007 2.78136e+007 2.78139e+007 2.78142e+007 2.78144e+007 2.78146e+007 2.78148e+007 2.78149e+007 2.7815e+007 2.78151e+007 2.78152e+007 2.78152e+007 2.78153e+007 2.78153e+007 2.78154e+007 2.78154e+007 2.78154e+007 2.78154e+007 2.78154e+007 2.78154e+007 2.78155e+007 2.78155e+007 2.78155e+007 2.78155e+007 2.78155e+007 2.78155e+007 2.78155e+007 2.78155e+007 2.78155e+007 2.78155e+007 2.78155e+007 2.78155e+007 2.78155e+007 2.78155e+007 2.78155e+007 2.78155e+007 2.78155e+007 2.78155e+007 2.78155e+007 2.78155e+007 2.78155e+007 2.78155e+007 2.78155e+007 2.78155e+007 2.78155e+007 2.78155e+007 2.78155e+007 2.78155e+007 2.78155e+007 2.78155e+007 2.78155e+007 2.78155e+007 2.78155e+007 2.78155e+007 2.78155e+007 2.78155e+007 2.78155e+007 2.78155e+007 2.78155e+007 0 0 0 0 0 0 0 0 0 0 0 0 0 0 0 0 0 0 0 0 0 0 0 0 0
#obs cpue bio
 2.59789e+006 4.78154e+006 4.27645e+006 3.0342e+006 3.03614e+006 3.00557e+006 3.19672e+006 1.65174e+006 2.2529e+006 1.55459e+006 1.1732e+006 1.13818e+006 1.04012e+006 756491 1.05435e+006 824506 888699 709440 570530 742632 485572 461359 470076 420193 542459 515141 409391 566026 523716 578034 620831 468482 546239 453935 396619 560135 734651 438270 602247 506841 725599 844980 601244 626032 1.43365e+006 520480 540438 558142 888163 641961 711342 580095 740129
#pred surv len freq
 0.00442703 0.00724548 0.0110136 0.0157506 0.0213652 0.0275709 0.0338624 0.0396448 0.0444567 0.0481163 0.050697 0.0523988 0.0534358 0.0539864 0.0541877 0.0541483 0.0539656 0.0537237 0.0534356 0.0529296 0.0517515 0.0492184 0.0447067 0.0380689 0.0298931
 0.00460695 0.00746435 0.0112105 0.0158324 0.0212431 0.0272117 0.0333218 0.0390544 0.0439658 0.0478244 0.050619 0.0524828 0.0536136 0.0542215 0.054492 0.0545624 0.0545164 0.054382 0.0540983 0.0534419 0.0519658 0.0490622 0.0442211 0.0373913 0.0291942
 0.00474228 0.00770108 0.0115916 0.0163922 0.0219806 0.0280607 0.034142 0.039667 0.0442282 0.0477019 0.050202 0.0519343 0.053087 0.0538061 0.054213 0.0544147 0.0544903 0.0544585 0.0542256 0.0535239 0.0518869 0.0487413 0.0436596 0.0366797 0.0284695
 0.00493042 0.00799978 0.0120296 0.0169958 0.022773 0.0290552 0.0353256 0.0409765 0.0455362 0.0488297 0.0509689 0.0522253 0.052901 0.0532503 0.053449 0.0535927 0.053709 0.0537568 0.0535901 0.052901 0.0512042 0.0479444 0.0427498 0.0357258 0.0275801
 0.0051671 0.00837848 0.012588 0.0177645 0.0237699 0.0302776 0.0367418 0.0425244 0.0471274 0.050356 0.0523045 0.0532327 0.0534526 0.053269 0.0529437 0.0526613 0.0525016 0.0524194 0.052221 0.0515381 0.0498436 0.0465776 0.0413996 0.034458 0.0264823
 0.00540727 0.00876712 0.0131696 0.0185793 0.0248466 0.0316215 0.0383228 0.0442718 0.0489396 0.0521183 0.0539037 0.0545615 0.0544076 0.0537535 0.052885 0.0520383 0.0513634 0.0508783 0.0504178 0.0496028 0.0478757 0.0446538 0.0395952 0.0328568 0.025163
 0.00571115 0.00925134 0.0138804 0.0195543 0.0261088 0.0331712 0.0401259 0.0462546 0.0509952 0.0541229 0.055734 0.0561057 0.0555681 0.0544461 0.0530386 0.0516023 0.0503245 0.0492774 0.048355 0.0472238 0.0453479 0.0421462 0.0372654 0.0308393 0.0235499
 0.00598241 0.00969503 0.014553 0.0205092 0.027386 0.03478 0.0420287 0.0483628 0.0531837 0.0562555 0.0576852 0.0577692 0.0568556 0.0552815 0.053355 0.0513425 0.0494501 0.0477849 0.0462953 0.0447137 0.0425655 0.0393096 0.0345987 0.0285327 0.0217241
 0.00627062 0.0101621 0.0152537 0.021495 0.0286968 0.0364305 0.0439924 0.0505632 0.0555004 0.0585436 0.0597979 0.0595755 0.0582508 0.0561884 0.0537178 0.0511188 0.0486074 0.0463094 0.0442122 0.0421114 0.0396102 0.0362352 0.0316685 0.0259821 0.0197059
 0.00656638 0.0106376 0.0159596 0.022476 0.0299845 0.0380328 0.0458804 0.0526654 0.0577104 0.0607366 0.0618471 0.0613626 0.0596708 0.0571539 0.0541602 0.0509874 0.0478668 0.0449421 0.0422326 0.0395899 0.036695 0.0331535 0.0286928 0.0233683 0.0176277
 0.0069086 0.0111915 0.0167882 0.0236348 0.0315101 0.0399242 0.048082 0.0550631 0.06015 0.0630559 0.0639045 0.0630501 0.0609131 0.0578995 0.0543732 0.0506404 0.0469382 0.0434205 0.0401311 0.0369703 0.0336927 0.029985 0.025628 0.0206687 0.0154763
 0.00716367 0.0116124 0.0174335 0.0245639 0.0327718 0.0415395 0.0500238 0.0572479 0.0624464 0.065308 0.0659578 0.0647716 0.0622028 0.0586933 0.0546369 0.0503585 0.0461041 0.0420336 0.0382075 0.0345653 0.0309264 0.0270522 0.0227769 0.0181452 0.0134567
 0.0074358 0.0120529 0.0180935 0.0254905 0.034001 0.0430831 0.0518552 0.059294 0.0645938 0.06742 0.0678939 0.0664031 0.0634246 0.0594311 0.0548491 0.0500317 0.0452432 0.0406555 0.0363432 0.0322754 0.0283231 0.0243113 0.0201213 0.015797 0.0115768
 0.00774467 0.0125448 0.0188148 0.0264773 0.0352729 0.0446336 0.0536409 0.0612307 0.0665674 0.0693059 0.0695758 0.0677832 0.0644257 0.0599971 0.0549445 0.0496408 0.0443681 0.039314 0.0345709 0.0301363 0.0259241 0.0218105 0.0177145 0.0136776 0.00988376
 0.00775591 0.0125888 0.0189289 0.0267138 0.0356886 0.0452716 0.0545146 0.0623175 0.0678144 0.0706426 0.0709237 0.0690612 0.0655523 0.0608928 0.0555361 0.0498673 0.0441864 0.0387041 0.0335421 0.0287343 0.0242396 0.0199805 0.0159074 0.0120594 0.00857627
 0.00789762 0.0128257 0.0192979 0.0272545 0.0364358 0.0462439 0.0556999 0.0636653 0.0692394 0.0720388 0.0721836 0.0700941 0.0662962 0.0613164 0.0556312 0.0496367 0.0436342 0.037835 0.0323697 0.0272947 0.0226049 0.0182629 0.0142466 0.0105927 0.00740235
 0.00799089 0.0129673 0.0194938 0.027507 0.0367486 0.0466269 0.0561711 0.0642452 0.0699395 0.0728488 0.0730641 0.0709788 0.0671033 0.0619657 0.0560584 0.0497996 0.0435119 0.0374228 0.0316775 0.0263521 0.0214701 0.0170263 0.0130223 0.00949426 0.00651362
 0.00815936 0.013225 0.0198508 0.0279603 0.0372819 0.0472121 0.0567715 0.0648219 0.070462 0.073305 0.0734615 0.0713332 0.0674221 0.0622351 0.0562434 0.0498545 0.0433937 0.0371021 0.0311447 0.0256219 0.0205849 0.0160569 0.0120587 0.00862713 0.0058104
 0.0082407 0.013347 0.0200153 0.0281624 0.0375111 0.0474556 0.0570161 0.0650556 0.0706759 0.0734967 0.0736371 0.0715067 0.0676095 0.0624442 0.0564642 0.0500553 0.0435265 0.0371151 0.0309981 0.0253006 0.0201058 0.0154688 0.0114328 0.00803908 0.00531975
 0.00837679 0.0135473 0.0202776 0.0284704 0.0378383 0.0477721 0.057295 0.0652766 0.0708273 0.0735771 0.0736566 0.0714847 0.0675702 0.0624108 0.0564516 0.0500635 0.043537 0.037094 0.0309056 0.0251062 0.019802 0.0150771 0.0109994 0.00761998 0.00496283
 0.00842918 0.0136484 0.0204574 0.0287625 0.0382661 0.0483309 0.0579388 0.0659222 0.0713784 0.0739562 0.0738273 0.0714557 0.0673832 0.0621223 0.0561175 0.0497274 0.0432231 0.0368049 0.030626 0.0248134 0.0194795 0.0147257 0.0106395 0.00728373 0.00468064
 0.00858642 0.0138906 0.020798 0.0292069 0.0388142 0.0489775 0.0586696 0.0667052 0.0721557 0.0746451 0.0743351 0.0717052 0.0673381 0.0617999 0.0555807 0.0490628 0.0425155 0.0361177 0.0299939 0.0242459 0.018972 0.0142726 0.010242 0.00695007 0.00441945
 0.00855182 0.013838 0.0207258 0.0291175 0.0387148 0.0488817 0.0585993 0.0666899 0.0722283 0.0748307 0.0746371 0.0720947 0.0677551 0.0621695 0.0558386 0.0491769 0.0424914 0.0359882 0.0298004 0.0240227 0.0187409 0.0140463 0.0100302 0.00676318 0.00426702
 0.00852134 0.0138051 0.0207069 0.0291366 0.0387961 0.0490378 0.0588222 0.0669524 0.0724946 0.0750716 0.0748398 0.0722614 0.0678926 0.0622771 0.0559023 0.0491748 0.0424066 0.0358201 0.029567 0.0237531 0.0184652 0.0137877 0.00980409 0.00657788 0.00412562
 0.00851732 0.0137897 0.0206684 0.0290626 0.0386806 0.048891 0.058675 0.0668495 0.0724769 0.0751572 0.0750166 0.0724954 0.0681447 0.0625161 0.056108 0.049333 0.0425049 0.0358492 0.0295258 0.0236523 0.018325 0.0136322 0.00965445 0.00644907 0.0040252
 0.00858671 0.0138783 0.0207567 0.0291169 0.0386613 0.0487676 0.0584403 0.0665268 0.0721174 0.0748285 0.0747842 0.0724037 0.0682044 0.0627038 0.0563774 0.0496315 0.0427866 0.0360808 0.0296884 0.0237412 0.0183483 0.0136072 0.00960231 0.00638899 0.00397077
 0.00850991 0.0137679 0.0206165 0.0289563 0.0384893 0.0485841 0.0582328 0.0662772 0.0718169 0.0744928 0.0744587 0.0721529 0.0680899 0.0627611 0.0566037 0.0499878 0.0432121 0.0365117 0.0300726 0.0240468 0.0185643 0.0137402 0.00967003 0.00641326 0.00397147
 0.00835628 0.0135317 0.0202871 0.028536 0.0379949 0.0480479 0.0577006 0.0658008 0.0714404 0.0742395 0.0743284 0.0721333 0.0681721 0.0629476 0.0569018 0.050395 0.043705 0.0370464 0.0305955 0.0245093 0.0189352 0.0140094 0.00984603 0.00651591 0.00402398
 0.00824838 0.0133545 0.020018 0.0281551 0.037492 0.0474325 0.0570102 0.0651007 0.0708114 0.0737568 0.0740419 0.0720581 0.068292 0.0632282 0.0573055 0.0508897 0.044263 0.0376376 0.031183 0.0250522 0.0193976 0.0143699 0.0101019 0.00668042 0.00411928
 0.00824492 0.0133416 0.0199845 0.0280843 0.0373639 0.047228 0.0567175 0.0647217 0.0703664 0.0732856 0.0735993 0.0717023 0.06807 0.0631641 0.0573978 0.0511171 0.0445939 0.038037 0.0316145 0.025479 0.0197851 0.0146914 0.0103443 0.00684555 0.00422046
 0.00827868 0.0133776 0.0200039 0.0280577 0.0372587 0.0470202 0.0564018 0.0643143 0.0699001 0.0728015 0.073141 0.0713128 0.0677892 0.0630238 0.057415 0.0512891 0.0448982 0.0384366 0.0320654 0.0259365 0.0202093 0.0150522 0.0106248 0.00704398 0.00434742
 0.00833284 0.0134587 0.0201117 0.0281843 0.0373864 0.0471213 0.0564406 0.0642548 0.0697178 0.0724959 0.0727398 0.0708663 0.0673571 0.0626618 0.0571659 0.0511777 0.0449294 0.0385956 0.0323206 0.0262464 0.0205303 0.0153466 0.0108672 0.0072237 0.0044673
 0.00838971 0.0135495 0.0202449 0.0283652 0.0376145 0.047386 0.0567177 0.0645058 0.0698955 0.0725555 0.0726522 0.0706284 0.0669956 0.0622281 0.0567242 0.0507899 0.0446426 0.0384335 0.0322824 0.02631 0.0206602 0.0155041 0.011019 0.00734844 0.00455688
 0.00840457 0.0135682 0.0202632 0.0283771 0.0376151 0.0473758 0.0567044 0.064502 0.0699113 0.0725904 0.0726915 0.0706465 0.0669667 0.0621386 0.0565805 0.0506189 0.0444827 0.0383219 0.0322429 0.0263462 0.0207568 0.0156338 0.0111529 0.00746439 0.00464373
 0.00835268 0.0134926 0.0201657 0.0282642 0.0374959 0.047258 0.0565931 0.0644009 0.0698266 0.0725323 0.0726711 0.0706696 0.0670268 0.0622173 0.0566547 0.0506722 0.0445136 0.038344 0.0322767 0.0264078 0.0208498 0.0157484 0.0112715 0.00756966 0.00472498
 0.00816902 0.0132138 0.0197836 0.0277864 0.0369457 0.0466726 0.0560209 0.0638969 0.069443 0.0723073 0.0726209 0.0707881 0.0672905 0.062591 0.0570962 0.0511375 0.0449649 0.0387565 0.032641 0.0267259 0.0211274 0.0159879 0.0114708 0.00772538 0.00483677
 0.00811146 0.0131109 0.0196122 0.0275216 0.0365694 0.0461856 0.0554532 0.0633068 0.0689038 0.0718867 0.0723649 0.0707145 0.0673919 0.0628416 0.0574593 0.0515716 0.0454281 0.0392122 0.0330621 0.027097 0.0214429 0.0162479 0.0116773 0.00788099 0.00494615
 0.00814985 0.0131718 0.0196997 0.0276347 0.0366978 0.046306 0.0555294 0.063298 0.0687805 0.0716472 0.0720409 0.0703619 0.0670721 0.0626029 0.0573269 0.0515467 0.0454942 0.0393424 0.0332274 0.0272722 0.0216099 0.0163955 0.0117999 0.0079767 0.00501556
 0.0081284 0.0131382 0.0196519 0.0275725 0.0366236 0.0462249 0.0554479 0.0632205 0.0687051 0.0715637 0.0719361 0.0702297 0.0669223 0.062462 0.0572287 0.051519 0.0455482 0.0394704 0.0334074 0.0274765 0.0218123 0.0165769 0.011949 0.00808989 0.00509485
 0.00801564 0.0129699 0.0194266 0.027299 0.036319 0.0459106 0.0551469 0.062956 0.0684985 0.0714307 0.0718818 0.0702464 0.0669933 0.0625692 0.0573616 0.0516773 0.0457381 0.0396958 0.0336629 0.0277463 0.0220747 0.016811 0.0121408 0.00823397 0.005194
 0.00799506 0.012932 0.0193621 0.0271978 0.0361744 0.0457251 0.0549354 0.0627439 0.0683139 0.0712948 0.0718032 0.0702217 0.0670116 0.0626176 0.0574294 0.0517593 0.0458351 0.0398123 0.0338025 0.0279062 0.0222444 0.0169752 0.0122844 0.00834751 0.00527502
 0.0079588 0.0128759 0.0192825 0.0270926 0.0360421 0.0455644 0.054747 0.0625332 0.0680943 0.0710879 0.0716351 0.0701153 0.0669793 0.0626578 0.0575291 0.0519003 0.0460007 0.0399913 0.0339884 0.0280946 0.0224288 0.0171461 0.0124319 0.00846405 0.00535862
 0.00781617 0.0126668 0.01901 0.0267744 0.0357055 0.0452377 0.0544527 0.0622857 0.0679007 0.0709512 0.0715568 0.0700979 0.0670263 0.0627719 0.0577076 0.0521329 0.0462705 0.0402789 0.0342764 0.028369 0.0226792 0.0173642 0.0126111 0.00860123 0.00545518
 0.00769938 0.0124778 0.018729 0.0263873 0.0352117 0.0446596 0.0538402 0.0617108 0.067438 0.0706544 0.0714436 0.0701525 0.0672143 0.0630564 0.0580587 0.0525286 0.0466926 0.0407095 0.0346966 0.0287608 0.0230273 0.0176577 0.0128444 0.00877452 0.00557421
 0.00780955 0.0126197 0.0188734 0.0264831 0.0351989 0.0444906 0.0535001 0.0612253 0.0668685 0.0700813 0.0709476 0.0697955 0.0670273 0.0630374 0.0581812 0.0527555 0.0469876 0.041042 0.0350414 0.0290965 0.0233353 0.0179234 0.0130587 0.00893507 0.00568507
 0.0078875 0.0127449 0.0190565 0.0267265 0.0354884 0.0447868 0.0537369 0.0613232 0.0667623 0.0697519 0.0704366 0.0691944 0.0664456 0.0625677 0.0578768 0.0526264 0.0470108 0.0411778 0.0352473 0.0293345 0.023575 0.018142 0.0132415 0.00907532 0.00578345
 0.00786957 0.0127386 0.0190889 0.0268363 0.0357143 0.0451496 0.0542215 0.0618716 0.0672816 0.0701368 0.0705986 0.0690905 0.0660943 0.0620445 0.0572889 0.0520775 0.0465732 0.0408815 0.0350861 0.0292804 0.0235926 0.0181983 0.0133106 0.00913981 0.00583448
 0.00774702 0.0125545 0.0188419 0.0265398 0.035399 0.0448628 0.0540226 0.0618195 0.0674136 0.0704461 0.0710262 0.0695382 0.066458 0.0622515 0.057322 0.0519746 0.0464055 0.0407219 0.034984 0.0292526 0.0236286 0.0182734 0.0133984 0.00922063 0.00589765
 0.00764797 0.0123941 0.0186025 0.0262082 0.0349722 0.0443569 0.0534803 0.0613097 0.0670199 0.0702446 0.0710611 0.0698044 0.0668986 0.0627728 0.0578236 0.0523826 0.0466926 0.0409062 0.0351084 0.0293592 0.0237413 0.0183948 0.0135175 0.00932396 0.00597668
 0.00771903 0.012493 0.0187201 0.0263236 0.0350568 0.044381 0.0534216 0.0611601 0.0667908 0.0699693 0.0707912 0.0695977 0.0667998 0.062796 0.057945 0.0525506 0.0468508 0.0410169 0.0351645 0.0293782 0.023749 0.0184099 0.0135453 0.00935904 0.00601073
 0.00771292 0.0124895 0.0187258 0.0263463 0.0351005 0.0444394 0.0534742 0.0611762 0.0667402 0.0698371 0.0705873 0.0693579 0.0665756 0.0626384 0.0578869 0.0525949 0.0469712 0.041171 0.0353128 0.0294984 0.0238382 0.0184764 0.0135984 0.00940359 0.00604692
 0.00732759 0.0119251 0.0179923 0.025495 0.0342115 0.0436002 0.0527604 0.060641 0.0664115 0.0697162 0.0706526 0.0695741 0.0669079 0.0630622 0.0583889 0.0531648 0.0475909 0.041809 0.0359281 0.0300517 0.024303 0.0188431 0.0138717 0.0095963 0.00617493
 0.00683406 0.0111597 0.0169127 0.0240964 0.0325377 0.0417534 0.0509046 0.0589844 0.0651596 0.0690132 0.0705424 0.0700015 0.0677538 0.0641887 0.0596738 0.0545157 0.0489427 0.0431128 0.0371411 0.0311337 0.025221 0.0195786 0.0144249 0.00998483 0.00642842
#obs surv len freq
 nan nan nan nan nan nan nan nan nan nan nan nan nan nan nan nan nan nan nan nan nan nan nan nan nan
 0.00448543 0.00734711 0.0111774 0.0159939 0.0216946 0.0279699 0.0342837 0.0400145 0.0446936 0.048157 0.0505145 0.0520101 0.052902 0.0534142 0.0537283 0.053983 0.0542615 0.0545542 0.0546929 0.0542848 0.0527229 0.0493551 0.043805 0.0362852 0.0276691
 0.00461869 0.00756566 0.0115094 0.0164658 0.0223243 0.0287569 0.0351991 0.0409987 0.0456646 0.0490268 0.0512059 0.052468 0.0530989 0.0533497 0.053425 0.0534784 0.0535993 0.0537773 0.0538405 0.053394 0.0518327 0.048509 0.043048 0.0356555 0.0271878
 0.00477904 0.00782842 0.0119088 0.0170352 0.0230897 0.0297268 0.036353 0.0422816 0.0469919 0.0502975 0.0523177 0.0533301 0.0536421 0.0535335 0.0532412 0.0529491 0.0527698 0.0527071 0.0525961 0.0520456 0.0504555 0.0471834 0.0418538 0.0346585 0.0264244
 0.00495854 0.00812352 0.0123592 0.0176799 0.0239603 0.0308352 0.0376794 0.0437692 0.048554 0.0518316 0.0537194 0.0545014 0.0544967 0.0540024 0.0532789 0.0525405 0.0519322 0.0514891 0.0510729 0.0503144 0.0486312 0.0453926 0.0402213 0.0332863 0.0253697
 0.00518804 0.00849534 0.0129165 0.0184625 0.0249977 0.0321352 0.0392163 0.045479 0.0503412 0.0535861 0.055332 0.0558732 0.0555416 0.0546475 0.0534667 0.052232 0.0511146 0.0501829 0.0493385 0.0482551 0.0463909 0.0431434 0.0381399 0.0315198 0.0240039
 0.0054138 0.00886936 0.0134922 0.0192935 0.0261263 0.0335753 0.0409361 0.0473965 0.0523386 0.0555341 0.0571116 0.0573849 0.0567054 0.055398 0.0537491 0.0520019 0.0503423 0.0488641 0.0475092 0.0460062 0.0438737 0.0405595 0.0357089 0.0294323 0.022377
 0.00565201 0.0092572 0.0140775 0.0201226 0.0272369 0.0349845 0.0426257 0.0493053 0.0543666 0.0575582 0.0590036 0.0590269 0.0579989 0.056267 0.0541371 0.0518659 0.0496506 0.0476018 0.0456948 0.0437129 0.0412457 0.0378077 0.0330779 0.027145 0.0205779
 0.00589888 0.00966236 0.0146942 0.0210024 0.0284193 0.0364809 0.0444037 0.0512852 0.0564343 0.0595886 0.06088 0.0606487 0.0592811 0.0571383 0.0545385 0.05175 0.0489815 0.0463596 0.0438886 0.0414033 0.0385662 0.034967 0.0303305 0.0247323 0.0186645
 0.00613207 0.0100451 0.0152773 0.0218359 0.0295436 0.0379116 0.0461164 0.053208 0.0584579 0.0615861 0.0627282 0.0622419 0.0605357 0.0579909 0.0549403 0.0516609 0.048367 0.0451957 0.0421761 0.0391907 0.0359729 0.0321901 0.0276192 0.0223308 0.0167455
 0.00637005 0.0104335 0.0158647 0.0226685 0.0306569 0.0393166 0.0477853 0.055069 0.0604048 0.0634982 0.064489 0.0637506 0.0617117 0.0587737 0.0552864 0.0515386 0.0477514 0.044069 0.0405386 0.0370833 0.033501 0.029534 0.0250134 0.0200102 0.0148815
 0.00662194 0.0108474 0.0164952 0.0235683 0.0318647 0.0408397 0.0495822 0.0570457 0.0624299 0.0654308 0.0662042 0.0651523 0.062734 0.0593759 0.0554461 0.0512437 0.0469945 0.0428468 0.0388603 0.0349899 0.0310888 0.0269665 0.022505 0.0177788 0.0130875
 0.00684027 0.0112071 0.0170455 0.0243583 0.0329341 0.0422033 0.0512138 0.0588709 0.0643349 0.0672829 0.0678736 0.0665292 0.0637376 0.059957 0.0555825 0.0509325 0.0462423 0.041665 0.0372699 0.0330362 0.0288618 0.0246125 0.0202139 0.0157437 0.0114512
 0.00704373 0.0115417 0.0175562 0.0250894 0.0339204 0.0434563 0.0527076 0.060537 0.0660711 0.0689722 0.0694024 0.0677986 0.0646697 0.0604977 0.0557023 0.0506237 0.0455135 0.0405364 0.0357732 0.0312241 0.0268226 0.0224786 0.0181519 0.0139205 0.00998917
 0.00726151 0.0118967 0.0180922 0.0258469 0.0349281 0.0447179 0.0541883 0.0621596 0.0677273 0.0705439 0.0707819 0.0689004 0.0654334 0.0608864 0.0556994 0.0502287 0.0447388 0.0394053 0.0343222 0.0295095 0.0249303 0.0205293 0.0162913 0.0122903 0.00869028
 0.00741168 0.0121468 0.0184797 0.0264101 0.0356989 0.0457089 0.0553798 0.0634953 0.0691218 0.0718988 0.0720022 0.069905 0.0661603 0.0612942 0.0557661 0.0499489 0.0441206 0.0384683 0.0330998 0.0280545 0.0233218 0.0188751 0.0147172 0.0109159 0.00759863
 0.00751969 0.0123216 0.0187417 0.0267796 0.0361936 0.0463402 0.0561473 0.0643814 0.0700904 0.072898 0.0729689 0.0707718 0.0668626 0.061777 0.0559888 0.0498874 0.0437664 0.0378289 0.0321992 0.0269372 0.0220573 0.0175573 0.0134545 0.00980976 0.00671899
 0.00757609 0.0124086 0.0188644 0.0269408 0.0363958 0.0465875 0.0564462 0.0647404 0.0705175 0.0733958 0.0735299 0.0713729 0.0674635 0.0623229 0.0564184 0.0501429 0.0438031 0.0376217 0.0317468 0.0262653 0.0212199 0.0166338 0.0125383 0.00898959 0.00605779
 0.0076424 0.0125094 0.0190029 0.027115 0.036599 0.0468096 0.0566758 0.0649676 0.0707374 0.0736124 0.0737554 0.0716222 0.067744 0.062626 0.0567151 0.0503873 0.0439421 0.0376074 0.0315493 0.0258822 0.0206804 0.0159959 0.0118782 0.0083827 0.00556014
 0.00772228 0.0126332 0.0191775 0.0273417 0.036872 0.0471152 0.0569918 0.0652653 0.0709887 0.073798 0.0738719 0.0716828 0.0677732 0.0626486 0.056746 0.0504228 0.0439585 0.0375676 0.0314156 0.0256312 0.0203145 0.0155468 0.0113988 0.00793178 0.00518433
 0.00777158 0.0127116 0.0192921 0.0274975 0.03707 0.0473506 0.057252 0.0655299 0.0712324 0.0739972 0.0740101 0.0717546 0.0677853 0.0626177 0.0566925 0.0503632 0.0438971 0.0374931 0.0313054 0.0254616 0.0200745 0.0152463 0.0110686 0.00761268 0.00491243
 0.00780622 0.012764 0.0193637 0.0275874 0.0371761 0.0474704 0.0573832 0.0656696 0.0713759 0.0741367 0.0741352 0.0718542 0.0678502 0.0626443 0.0566841 0.0503281 0.0438443 0.0374261 0.031219 0.0253447 0.0199176 0.0150506 0.0108495 0.00739568 0.00472312
 0.00782397 0.0127899 0.0193974 0.0276264 0.0372168 0.0475093 0.0574179 0.0657003 0.0714056 0.0741705 0.0741784 0.0719091 0.0679146 0.0627106 0.0567425 0.0503703 0.0438657 0.0374248 0.0311933 0.0252913 0.0198333 0.0149368 0.0107153 0.00725742 0.00459849
 0.00786175 0.0128452 0.0194691 0.0277093 0.0373026 0.0475886 0.0574826 0.0657445 0.0714267 0.0741701 0.0741625 0.0718869 0.0678951 0.0626999 0.0567414 0.0503748 0.0438686 0.0374189 0.0311726 0.0252516 0.0197728 0.0148571 0.0106227 0.00716222 0.00451231
 0.00787841 0.0128699 0.0195014 0.0277471 0.0373416 0.0476233 0.0575069 0.0657532 0.0714172 0.0741439 0.0741256 0.0718486 0.067865 0.0626854 0.0567457 0.050396 0.0439005 0.0374525 0.0311984 0.0252619 0.0197631 0.0148272 0.0105772 0.00710923 0.00446081
 0.00788066 0.0128704 0.0194966 0.0277318 0.0373109 0.0475746 0.0574422 0.0656789 0.0713422 0.0740776 0.0740753 0.0718192 0.0678596 0.062705 0.0567895 0.0504605 0.0439793 0.0375368 0.0312779 0.0253271 0.0198071 0.0148476 0.0105765 0.00709382 0.00443867
 0.00788587 0.0128773 0.0195038 0.0277366 0.0373093 0.0475622 0.0574148 0.0656341 0.0712813 0.0740059 0.074002 0.0717553 0.0678145 0.062685 0.0567967 0.0504931 0.0440326 0.0376035 0.031349 0.0253931 0.01986 0.0148827 0.0105934 0.00709596 0.00443185
 0.00790007 0.0128967 0.0195263 0.0277577 0.0373234 0.0475643 0.0574017 0.0656051 0.0712378 0.0739506 0.0739393 0.0716909 0.0677561 0.0626404 0.0567722 0.0504921 0.0440547 0.0376445 0.0314019 0.0254491 0.0199109 0.0149223 0.0106189 0.00710836 0.00443476
 0.00786473 0.0128433 0.0194532 0.0276662 0.0372169 0.0474474 0.0572805 0.0654868 0.0711309 0.0738644 0.0738815 0.0716668 0.0677668 0.0626836 0.0568434 0.0505858 0.0441647 0.0377641 0.0315236 0.0255649 0.0200128 0.0150045 0.0106789 0.00714741 0.00445688
 0.00786769 0.0128402 0.0194345 0.0276189 0.0371292 0.047315 0.0571113 0.0653005 0.070953 0.0737174 0.0737801 0.071616 0.067765 0.0627254 0.0569214 0.0506917 0.0442899 0.0378998 0.031661 0.0256956 0.0201291 0.0151005 0.0107517 0.00719745 0.00448776
 0.00786533 0.0128355 0.0194252 0.0276012 0.037097 0.0472604 0.0570258 0.0651792 0.0707987 0.0735441 0.0736111 0.0714775 0.0676778 0.0626994 0.0569547 0.0507743 0.0444078 0.0380385 0.0318072 0.0258375 0.0202573 0.015208 0.0108348 0.00725632 0.00452558
 0.00782451 0.012773 0.0193386 0.0274909 0.0369665 0.0471154 0.0568738 0.0650286 0.0706572 0.0734179 0.0735053 0.0713985 0.0676341 0.0627004 0.0570067 0.0508769 0.0445528 0.0382119 0.0319923 0.0260185 0.020421 0.0153455 0.0109416 0.00733269 0.00457544
 0.00778577 0.0127063 0.0192316 0.0273315 0.0367469 0.0468385 0.0565578 0.0647061 0.0703671 0.0731937 0.0733668 0.0713494 0.0676666 0.0628013 0.057163 0.0510772 0.044786 0.0384655 0.0322514 0.0262668 0.0206437 0.0155317 0.0110861 0.00743609 0.00464327
 0.00777188 0.0126795 0.0191832 0.0272503 0.0366208 0.0466587 0.0563231 0.0644264 0.0700644 0.0728997 0.0731169 0.0711749 0.0675868 0.0628201 0.0572705 0.0512548 0.0450128 0.0387211 0.0325171 0.026525 0.0208788 0.0157312 0.0112432 0.00754994 0.00471882
 0.00775231 0.01265 0.0191429 0.0271988 0.0365572 0.0465798 0.0562234 0.0642992 0.0699058 0.0727129 0.0729148 0.0709801 0.0674269 0.0627208 0.057248 0.0513126 0.0451416 0.0389029 0.0327298 0.0267468 0.02109 0.0159164 0.0113927 0.00766063 0.0047936
 0.00769556 0.0125583 0.0190064 0.0270102 0.036315 0.0462918 0.0559094 0.0639888 0.0696306 0.0724971 0.0727697 0.0709053 0.0674172 0.0627717 0.0573584 0.0514818 0.0453652 0.0391696 0.0330216 0.0270415 0.0213657 0.0161554 0.0115841 0.00780162 0.0048886
 0.0076812 0.0125295 0.018953 0.0269193 0.036174 0.0460937 0.0556578 0.0637 0.0693316 0.0722198 0.0725437 0.0707518 0.0673455 0.0627802 0.0574385 0.0516229 0.0455571 0.0394016 0.0332804 0.0273098 0.0216239 0.0163851 0.0117721 0.00794267 0.00498501
 0.00766063 0.0125018 0.0189213 0.0268887 0.0361479 0.0460696 0.0556248 0.0636417 0.0692332 0.0720764 0.0723655 0.0705619 0.0671728 0.0626508 0.0573694 0.0516201 0.0456176 0.0395163 0.0334363 0.0274911 0.0218127 0.0165634 0.0119252 0.00806186 0.00506897
 0.00762679 0.0124466 0.0188385 0.0267739 0.0360013 0.0458989 0.055446 0.0634756 0.069098 0.0719798 0.0723023 0.0705206 0.0671445 0.0626355 0.0573759 0.05166 0.0456993 0.0396408 0.0335968 0.0276747 0.0220027 0.0167429 0.0120799 0.00818321 0.00515518
 0.0076188 0.0124333 0.0188179 0.0267434 0.0359577 0.0458391 0.0553683 0.0633815 0.0689935 0.0718753 0.0722096 0.0704479 0.0670939 0.0626043 0.0573609 0.0516619 0.0457232 0.0396931 0.0336803 0.0277855 0.0221305 0.0168734 0.0121991 0.00828079 0.0052269
 0.00761192 0.0124241 0.0188077 0.0267343 0.0359517 0.0458365 0.0553665 0.0633754 0.0689766 0.0718427 0.0721603 0.0703859 0.067027 0.0625411 0.0573083 0.0516245 0.0457043 0.0396961 0.033708 0.0278381 0.0222033 0.0169571 0.0122823 0.00835337 0.00528282
 0.00758568 0.0123842 0.0187528 0.0266654 0.0358726 0.0457533 0.0552875 0.0633092 0.0689302 0.0718184 0.0721553 0.0703934 0.0670401 0.0625553 0.0573231 0.0516424 0.0457288 0.0397308 0.0337553 0.0278986 0.0222748 0.0170341 0.012357 0.00841842 0.00533333
 0.00756693 0.0123531 0.0187049 0.026597 0.0357816 0.0456419 0.0551633 0.0631855 0.0688228 0.0717412 0.0721163 0.0703933 0.0670724 0.0626101 0.0573898 0.0517131 0.0457997 0.0398015 0.0338273 0.027973 0.0223512 0.0171097 0.012427 0.00847797 0.00537921
 0.00754218 0.0123139 0.018648 0.0265199 0.0356832 0.0455232 0.0550283 0.0630424 0.0686835 0.0716202 0.0720278 0.0703482 0.0670756 0.0626589 0.0574751 0.0518221 0.0459197 0.0399225 0.0339436 0.0280819 0.0224513 0.0171993 0.0125039 0.00853997 0.00542534
 0.0075276 0.0122894 0.0186099 0.0264641 0.035607 0.045426 0.0549135 0.0629169 0.068557 0.0715033 0.0719303 0.0702788 0.0670415 0.0626647 0.057521 0.0519033 0.0460267 0.0400438 0.0340681 0.0282012 0.0225598 0.0172936 0.012582 0.00860094 0.00546957
 0.00752316 0.0122822 0.0185989 0.0264482 0.0355844 0.0453946 0.0548708 0.0628613 0.0684886 0.0714246 0.071847 0.0701989 0.0669741 0.0626185 0.0575027 0.0519165 0.0460704 0.0401127 0.0341534 0.0282932 0.0226496 0.0173745 0.0126499 0.00865392 0.00550783
 0.00753484 0.0122986 0.0186186 0.0264683 0.035601 0.0454039 0.0548703 0.0628493 0.0684643 0.0713873 0.071797 0.070138 0.0669068 0.0625517 0.0574455 0.0518771 0.046055 0.0401231 0.034187 0.0283434 0.0227081 0.0174332 0.0127024 0.00869636 0.00553904
 0.0075012 0.0122511 0.0185605 0.0264066 0.0355446 0.0453594 0.0548398 0.0628303 0.0684519 0.0713775 0.0717876 0.0701289 0.0668986 0.0625457 0.0574434 0.051882 0.0460705 0.0401523 0.0342307 0.0283993 0.0227707 0.0174956 0.0127582 0.0087415 0.00557203
 0.00750004 0.0122454 0.0185451 0.0263757 0.0354943 0.0452915 0.0547639 0.0627615 0.0684047 0.0713592 0.0717955 0.0701527 0.0669267 0.0625699 0.0574607 0.051894 0.0460816 0.0401675 0.0342538 0.0284317 0.0228106 0.0175388 0.0127997 0.00877676 0.0055988
 0.00749435 0.0122378 0.0185365 0.0263672 0.0354858 0.0452807 0.054746 0.0627316 0.0683619 0.0713087 0.0717479 0.070119 0.0669131 0.0625749 0.0574779 0.051916 0.0461039 0.0401893 0.034277 0.0284583 0.0228413 0.0175721 0.0128323 0.00880534 0.00562109
 0.00749435 0.0122378 0.0185365 0.0263672 0.0354858 0.0452807 0.054746 0.0627316 0.0683619 0.0713087 0.0717479 0.070119 0.0669131 0.0625749 0.0574779 0.051916 0.0461039 0.0401893 0.034277 0.0284583 0.0228413 0.0175721 0.0128323 0.00880534 0.00562109
 0.00736702 0.0120353 0.0182413 0.0259686 0.0349855 0.0446993 0.0541271 0.0621388 0.0678651 0.0709664 0.0715932 0.0701565 0.0671235 0.0629236 0.0579218 0.0524102 0.0466072 0.0406692 0.0347114 0.028835 0.0231551 0.0178227 0.0130227 0.00894158 0.00571181
 0.00727318 0.0118707 0.017972 0.0255577 0.0344042 0.0439433 0.0532318 0.061182 0.066953 0.0702088 0.0710791 0.0699378 0.06721 0.0632865 0.058504 0.0531393 0.0474083 0.0414748 0.035468 0.0295052 0.0237177 0.0182701 0.0133584 0.00917776 0.00586624
#pred catch len freq
 0.00433955 0.00685684 0.0099836 0.013638 0.0177726 0.0223572 0.0273097 0.0324555 0.037557 0.0423703 0.0466848 0.0503421 0.0532521 0.0554007 0.0568421 0.0576859 0.0580829 0.0581921 0.058096 0.0576634 0.0564391 0.0537039 0.0487924 0.0415523 0.03263
 0.00453605 0.0071096 0.0102434 0.0138248 0.0178059 0.0221997 0.0269959 0.0320822 0.0372369 0.0421781 0.0466308 0.0503873 0.0533506 0.055538 0.0570477 0.0580115 0.0585597 0.0587879 0.0586979 0.0581028 0.0565565 0.0534233 0.0481631 0.0407288 0.0318016
 0.00470351 0.00738209 0.0106489 0.0143765 0.0184842 0.0229353 0.0276682 0.0325504 0.0373985 0.0420226 0.0462467 0.0499158 0.0529165 0.0552088 0.0568392 0.0579203 0.0585831 0.0589129 0.058873 0.0582259 0.0565023 0.0531031 0.0475776 0.0399755 0.0310291
 0.00493475 0.007738 0.0111495 0.0150322 0.0193007 0.0239137 0.0287944 0.0337724 0.0386068 0.0430564 0.0469384 0.0501571 0.0527072 0.0546535 0.0560947 0.0571316 0.0578445 0.0582601 0.0582892 0.057652 0.0558585 0.0523277 0.0466688 0.039005 0.030113
 0.00521268 0.008168 0.0117565 0.015827 0.0202811 0.025068 0.030101 0.0351957 0.040092 0.0445212 0.0482656 0.0511997 0.0533178 0.0547344 0.0556415 0.0562387 0.0566657 0.0569473 0.0569444 0.0563127 0.0545166 0.0509694 0.0453134 0.0377194 0.0289902
 0.00551642 0.00864042 0.0124286 0.0167157 0.0213907 0.0263902 0.0316117 0.03685 0.0418225 0.0462419 0.0498768 0.0525896 0.0543648 0.0553174 0.0556648 0.0556656 0.0555405 0.0553867 0.0550989 0.0543217 0.0524856 0.0489783 0.0434399 0.036051 0.0276106
 0.00587908 0.00919993 0.013216 0.0177434 0.0226563 0.0278812 0.0333037 0.0387006 0.0437657 0.0481882 0.0517192 0.0542124 0.0556513 0.0561565 0.055958 0.0553399 0.054568 0.0538041 0.053011 0.0518847 0.0498791 0.0463823 0.041021 0.033951 0.0259275
 0.00623407 0.00975525 0.0140119 0.0188054 0.0239939 0.0294867 0.0351468 0.040723 0.045883 0.0502981 0.0537114 0.0559753 0.0570765 0.0571416 0.0564096 0.0551789 0.0537406 0.0522994 0.0508812 0.0492555 0.0469442 0.043378 0.0381895 0.0314976 0.0239828
 0.00660079 0.0103265 0.0148269 0.019888 0.0253552 0.0311254 0.0370441 0.042833 0.0481261 0.0525639 0.0558693 0.0578902 0.0586242 0.0582178 0.0569311 0.0550793 0.0529696 0.0508325 0.0487408 0.0465364 0.0438269 0.0401169 0.0350709 0.0287771 0.021827
 0.00701719 0.0109695 0.0157325 0.021071 0.0268124 0.0328408 0.0389874 0.0449539 0.0503505 0.054795 0.0579936 0.0597854 0.0601692 0.0593032 0.0574667 0.0549963 0.0522194 0.0493898 0.0466182 0.0438101 0.0406597 0.0367592 0.031823 0.0259212 0.0195547
 0.00744612 0.0116375 0.016684 0.0223301 0.0283827 0.0347048 0.041101 0.0472413 0.0527065 0.0570971 0.0601163 0.0616121 0.0615984 0.060251 0.0578659 0.0547943 0.051377 0.0478849 0.0444606 0.0410658 0.0374772 0.0333762 0.0285359 0.0230174 0.0172361
 0.00781712 0.0122189 0.0175199 0.0234503 0.0298025 0.0364226 0.0430901 0.0494406 0.0550176 0.0593917 0.0622519 0.0634502 0.0630212 0.0611716 0.0582284 0.054566 0.0505387 0.0464291 0.0424014 0.0384633 0.0344643 0.0301693 0.0254105 0.0202466 0.0150162
 0.00820172 0.0128155 0.0183657 0.0245647 0.0311891 0.0380716 0.0449749 0.0515091 0.0571874 0.0615522 0.0642734 0.0651982 0.0643725 0.0620291 0.0585297 0.0542811 0.0496626 0.0449734 0.0403971 0.0359765 0.0316196 0.0271624 0.0224897 0.0176597 0.012943
 0.00851677 0.013305 0.0190613 0.0254839 0.0323373 0.0394435 0.0465515 0.0532513 0.0590318 0.0634126 0.0660463 0.0667714 0.0656358 0.0628856 0.0589052 0.0541295 0.0489651 0.043737 0.038655 0.0337971 0.0291215 0.0245218 0.0199253 0.0153877 0.0111206
 0.00867452 0.0135629 0.0194523 0.0260406 0.0330872 0.0404006 0.0477074 0.0545711 0.0604582 0.064875 0.0674692 0.0680777 0.0667479 0.0637267 0.0594032 0.0542233 0.0486112 0.0429158 0.0373779 0.0321159 0.0271379 0.0223896 0.0178335 0.0135225 0.00961784
 0.0088267 0.0138087 0.0198205 0.0265596 0.033783 0.0412917 0.0487954 0.0558311 0.0618338 0.0662816 0.0688059 0.0692447 0.0676632 0.0643347 0.0596726 0.0541374 0.0481602 0.0420959 0.0361997 0.0306186 0.0254024 0.0205426 0.0160328 0.0119237 0.00833347
 0.00896399 0.0140138 0.0200969 0.0269026 0.0341864 0.0417574 0.0493374 0.0564708 0.0625873 0.067144 0.0697416 0.0701875 0.068528 0.0650344 0.0601346 0.054312 0.0480206 0.0416339 0.0354241 0.0295614 0.0241284 0.0191534 0.0146567 0.0106887 0.00733404
 0.0091039 0.0142242 0.0203816 0.0272537 0.0345873 0.0421875 0.0497777 0.0569085 0.0630192 0.0675781 0.0701915 0.0706616 0.0690151 0.065498 0.0605165 0.0545465 0.0480496 0.0414184 0.0349505 0.0288452 0.0232178 0.0181294 0.0136227 0.00974881 0.00656678
 0.0091883 0.0143488 0.0205459 0.0274494 0.0348012 0.0424065 0.0499922 0.0571134 0.063214 0.0677671 0.0703846 0.0708727 0.0692576 0.0657746 0.0608105 0.054818 0.0482414 0.0414704 0.0348169 0.0285087 0.0226978 0.0174814 0.0129277 0.0090929 0.00601801
 0.00936683 0.0146093 0.0208826 0.0278375 0.0352031 0.042783 0.0503121 0.0573574 0.0633744 0.067847 0.0703968 0.0708384 0.0692025 0.0657238 0.0607808 0.0548102 0.0482362 0.0414303 0.0346979 0.0282766 0.0223442 0.0170307 0.0124317 0.00861486 0.00561166
 0.00949266 0.0148144 0.0211909 0.0282676 0.0357598 0.0434466 0.0510303 0.0580499 0.0639517 0.0682365 0.0705631 0.0707881 0.0689753 0.0653778 0.0603765 0.054398 0.0478462 0.0410687 0.0343498 0.027918 0.0219571 0.016616 0.0120121 0.0082259 0.00528693
 0.00959081 0.0149649 0.0214017 0.0285439 0.0361075 0.043875 0.0515485 0.0586548 0.0646132 0.0688896 0.0711169 0.071152 0.0690908 0.0652375 0.0600233 0.0539046 0.0472896 0.040509 0.0338205 0.0274283 0.0215032 0.0161942 0.0116277 0.00789289 0.0050198
 0.00960429 0.0149846 0.0214276 0.0285752 0.0361443 0.0439206 0.0516127 0.058755 0.0647719 0.0691261 0.071434 0.071524 0.069462 0.0655376 0.0601924 0.0539159 0.0471555 0.0402696 0.0335235 0.0271122 0.0211917 0.0159003 0.0113608 0.00766278 0.0048354
 0.00956132 0.0149321 0.0213803 0.0285568 0.0361803 0.0440272 0.0517882 0.0589801 0.0650187 0.0693705 0.0716639 0.0717381 0.0696607 0.0657119 0.0603196 0.0539666 0.0471077 0.0401213 0.0332946 0.0268357 0.0209019 0.0156243 0.0111167 0.00746096 0.00468027
 0.00952298 0.0148676 0.0212805 0.0284157 0.0360002 0.0438259 0.0516008 0.0588523 0.0649905 0.0694595 0.0718583 0.0720043 0.069959 0.0660082 0.0605888 0.0541879 0.0472623 0.0401948 0.0332834 0.0267509 0.0207663 0.0154655 0.0109595 0.00732325 0.00457162
 0.00954395 0.0148848 0.0212752 0.0283595 0.0358628 0.0435868 0.0512625 0.0584464 0.0645753 0.0691075 0.0716376 0.0719582 0.0700931 0.066291 0.0609644 0.0545943 0.0476452 0.0405146 0.0335172 0.0268926 0.0208249 0.0154613 0.0109175 0.00726648 0.00451695
 0.00942315 0.0147098 0.0210505 0.0280999 0.0355859 0.0433018 0.0509651 0.0581244 0.0642239 0.0687447 0.0713093 0.0717286 0.0700228 0.0664136 0.0612729 0.0550434 0.0481664 0.0410359 0.0339802 0.0272612 0.0210871 0.0156249 0.0110033 0.00729994 0.00452136
 0.00923207 0.0144227 0.0206627 0.0276247 0.0350521 0.042749 0.0504372 0.0576633 0.0638601 0.0684915 0.0711641 0.0716842 0.0700799 0.0665846 0.0615724 0.0554714 0.048697 0.0416191 0.0345544 0.0277711 0.0214965 0.015922 0.0111971 0.00741246 0.00457848
 0.0091223 0.0142476 0.0204058 0.0272738 0.0346028 0.0422098 0.0498352 0.0570454 0.0632876 0.0680263 0.0708537 0.0715515 0.0701222 0.066782 0.0618993 0.0559043 0.0492127 0.0421878 0.0351357 0.0283184 0.0219681 0.0162917 0.0114598 0.00758084 0.00467531
