SBPRF35
12.7214
Curr Bio
785672
B35
881260
F35
0.173283
FOFL
0.161496
OFL
108880
Bzero
3.63469e+006
#pred survey bio
 3.47207e+006 3.36207e+006 3.25678e+006 3.09817e+006 2.92551e+006 2.69587e+006 2.44378e+006 2.22621e+006 1.96093e+006 1.7487e+006 1.54374e+006 1.37687e+006 1.21043e+006 1.04734e+006 936649 822510 750514 701945 662393 628973 599790 579583 551706 542565 535175 535701 514023 501187 506042 514753 517953 518857 535522 549762 557130 567844 573652 581527 599947 611513 621800 634278 631247 636143 641492 641892 641540 642286 636318 631570 645326 719402 789490 2.89847e+007 1.76078e+007 1.80394e+007 1.89651e+007 2.02098e+007 2.15601e+007 2.28608e+007 2.40219e+007 2.5006e+007 2.58105e+007 2.64518e+007 2.6954e+007 2.73426e+007 2.76411e+007 2.78694e+007 2.80438e+007 2.8177e+007 2.8279e+007 2.83573e+007 2.84176e+007 2.84643e+007 2.85007e+007 2.85291e+007 2.85514e+007 2.8569e+007 2.85829e+007 2.8594e+007 2.86028e+007 2.86098e+007 2.86155e+007 2.862e+007 2.86237e+007 2.86267e+007 2.86291e+007 2.8631e+007 2.86326e+007 2.86339e+007 2.86349e+007 2.86358e+007 2.86365e+007 2.8637e+007 2.86375e+007 2.86379e+007 2.86382e+007 2.86384e+007 2.86386e+007 2.86388e+007 2.86389e+007 2.86391e+007 2.86392e+007 2.86392e+007 2.86393e+007 2.86393e+007 2.86394e+007 2.86394e+007 2.86394e+007 2.86395e+007 2.86395e+007 2.86395e+007 2.86395e+007 2.86395e+007 2.86395e+007 2.86395e+007 2.86395e+007 2.86395e+007 2.86396e+007 2.86396e+007 2.86396e+007 2.86396e+007 2.86396e+007 2.86396e+007 2.86396e+007 2.86396e+007 2.86396e+007 2.86396e+007 2.86396e+007 2.86396e+007 2.86396e+007 2.86396e+007 2.86396e+007 2.86396e+007 2.86396e+007 2.86396e+007 2.86396e+007 2.86396e+007 2.86396e+007 2.86396e+007 2.86396e+007 2.86396e+007 2.86396e+007 2.86396e+007 2.86396e+007 2.86396e+007 2.86396e+007 2.86396e+007 2.86396e+007 2.86396e+007 2.86396e+007 2.86396e+007 2.86396e+007 0 0 0 0 0 0 0 0 0 0 0 0 0 0 0 0 0 0 0 0 0 0 0 0 0
#obs survey bio
 2.60395e+006 3.85732e+006 3.18284e+006 3.08712e+006 3.42911e+006 1.88297e+006 2.43824e+006 2.00652e+006 1.56725e+006 1.83096e+006 991915 958261 1.23294e+006 803867 843716 692664 488562 791782 879001 672703 594696 540214 736190 587284 313060 611041 560563 496048 455995 531405 312357 613335 456194 497568 511308 501221 466614 698512 586595 839420 733927 361203 486095 595460 889515 833244 660519 472999 542114 645574 591441 717584 960924
#pred catch bio
 93231.8 96545.7 156477 182120 249392 286523 271328 329627 294838 299308 273911 279245 278152 232225 233259 193795 171766 161104 151462 143361 131875 134248 115212 112748 105728 122301 111541 95607.7 92847.5 97668.9 99460.7 87123.5 91128.5 98345.7 96605.2 101615 100393 92547.1 99570.5 101496 100895 114650 107497 106658 109932 109637 108643 114752 113870 99433.4 53284.5 62734.4 91499.4 108880 117422 119160 124101 131697 140139 148231 155348 161255 165957 169585 172319 174342 175818 176882 177643 178184 178565 178832 179020 179151 179242 179305 179349 179379 179400 179414 179424 179431 179436 179439 179441 179443 179444 179445 179445 179446 179446 179446 179446 179446 179446 179446 179446 179446 179446 179446 179446 179446 179446 179446 179446 179446 179446 179446 179446 179446 179446 179446 179446 179446 179446 179446 179446 179446 179446 179446 179446 179446 179446 179446 179446 179446 179446 179446 179446 179446 179446 179446 179446 179446 179446 179446 179446 179446 179446 179446 179446 179446 179446 179446 179446 179446 179446 179446 179446 179446 179446 179446 179446 0 0 0 0 0 0 0 0 0 0 0 0 0 0 0 0 0 0 0 0 0 0 0 0 0
#obs catch bio
 0 96216.9 156856 181711 249476 287290 271506 330112 295446 300062 274975 281830 280130 235521 236408 195339 173725 163451 152474 143587 132245 134712 114545 112438 106463 122947 111593 95651.4 93142.2 97764.6 99846.2 86989.4 91315.4 98519.1 96898.3 102082 101119 92723.5 99883 101316 100686 115533 108018 106923 109639 109090 108087 114951 114670 100052 53107.1 62754.9 91718.6
#pred cpue bio
 3.42974e+006 3.32065e+006 3.2153e+006 3.05653e+006 2.88408e+006 2.65487e+006 2.4034e+006 2.1864e+006 1.9223e+006 1.71084e+006 1.50687e+006 1.34075e+006 1.17556e+006 1.01403e+006 904469 792052 721074 673331 635048 602995 574841 555411 528567 519800 512425 512995 492263 479995 484760 493357 496612 497492 513699 527539 534650 545097 550802 558559 576664 588049 598073 610134 607141 612144 617711 618367 618075 618582 612458 607685 620966 693544 762854 2.80533e+007 1.70523e+007 1.73679e+007 1.81671e+007 1.93732e+007 2.07158e+007 2.20152e+007 2.3176e+007 2.41601e+007 2.49647e+007 2.56059e+007 2.61081e+007 2.64968e+007 2.67952e+007 2.70235e+007 2.71979e+007 2.73311e+007 2.74331e+007 2.75114e+007 2.75717e+007 2.76185e+007 2.76548e+007 2.76832e+007 2.77055e+007 2.77231e+007 2.7737e+007 2.77481e+007 2.77569e+007 2.77639e+007 2.77696e+007 2.77741e+007 2.77778e+007 2.77808e+007 2.77832e+007 2.77851e+007 2.77867e+007 2.7788e+007 2.7789e+007 2.77899e+007 2.77906e+007 2.77911e+007 2.77916e+007 2.7792e+007 2.77923e+007 2.77925e+007 2.77927e+007 2.77929e+007 2.77931e+007 2.77932e+007 2.77933e+007 2.77933e+007 2.77934e+007 2.77934e+007 2.77935e+007 2.77935e+007 2.77936e+007 2.77936e+007 2.77936e+007 2.77936e+007 2.77936e+007 2.77936e+007 2.77936e+007 2.77936e+007 2.77937e+007 2.77937e+007 2.77937e+007 2.77937e+007 2.77937e+007 2.77937e+007 2.77937e+007 2.77937e+007 2.77937e+007 2.77937e+007 2.77937e+007 2.77937e+007 2.77937e+007 2.77937e+007 2.77937e+007 2.77937e+007 2.77937e+007 2.77937e+007 2.77937e+007 2.77937e+007 2.77937e+007 2.77937e+007 2.77937e+007 2.77937e+007 2.77937e+007 2.77937e+007 2.77937e+007 2.77937e+007 2.77937e+007 2.77937e+007 2.77937e+007 2.77937e+007 2.77937e+007 2.77937e+007 2.77937e+007 2.77937e+007 2.77937e+007 0 0 0 0 0 0 0 0 0 0 0 0 0 0 0 0 0 0 0 0 0 0 0 0 0
#obs cpue bio
 4.44106e+006 3.95687e+006 3.32522e+006 3.84048e+006 2.29507e+006 2.76372e+006 2.01546e+006 3.50736e+006 1.67384e+006 1.79183e+006 1.78906e+006 1.37442e+006 1.32496e+006 628520 1.08776e+006 930032 768127 425360 633417 711324 488766 624705 611324 450071 395708 603584 531230 431908 434026 576948 693973 505877 485255 627485 463519 563333 510936 556788 585701 618610 479561 599899 765311 749511 696525 591758 620256 540612 479724 691596 541075 741588 849904
#pred surv len freq
 0.00430466 0.00703494 0.0106768 0.0152489 0.020673 0.0266941 0.0328527 0.0385964 0.0434831 0.0473187 0.0501427 0.0521187 0.0534353 0.0542579 0.0547158 0.0549062 0.0549084 0.0547825 0.0545181 0.0539303 0.0525722 0.0497935 0.0450225 0.0381658 0.0298466
 0.00459161 0.00742431 0.0111235 0.0156715 0.0209871 0.0268587 0.0328977 0.0386075 0.0435475 0.0474681 0.0503329 0.05226 0.0534521 0.0541381 0.0545214 0.0547425 0.0548679 0.0548912 0.0547104 0.0540686 0.0525078 0.0494403 0.0444028 0.0373985 0.0290881
 0.00465609 0.00758147 0.0114506 0.0162567 0.0218883 0.0280512 0.0342461 0.0398955 0.0445634 0.0480942 0.0505774 0.052214 0.0532139 0.0537666 0.0540427 0.0541856 0.0542844 0.0543369 0.0542055 0.0535732 0.0519399 0.0487307 0.0435485 0.0364769 0.0282203
 0.00480885 0.00781136 0.0117674 0.0166706 0.0224239 0.0287578 0.0351876 0.0411112 0.0460144 0.0496346 0.0519831 0.0532636 0.0537733 0.0538218 0.0536716 0.0535029 0.0534008 0.0533422 0.0531611 0.052505 0.0508419 0.0475904 0.0423827 0.0353493 0.0272227
 0.00498512 0.00809825 0.0121984 0.0172737 0.0232136 0.0297259 0.0363009 0.0423216 0.0472782 0.0509203 0.0532539 0.0544454 0.0547413 0.0544294 0.0538081 0.0531386 0.0525906 0.0521933 0.0517903 0.0510086 0.0492893 0.0460363 0.0408881 0.0339909 0.0260798
 0.00519326 0.00844172 0.012725 0.0180315 0.0242416 0.0310385 0.0378702 0.0440705 0.0490901 0.0526658 0.0548198 0.0557502 0.0557291 0.0550495 0.0540003 0.0528424 0.0517751 0.0508834 0.0500702 0.0490026 0.0471366 0.0438765 0.0388553 0.0322065 0.0246344
 0.00542236 0.00881604 0.0132926 0.0188404 0.0253329 0.0324344 0.0395586 0.0459946 0.0511496 0.0547284 0.0567399 0.05739 0.056977 0.0558297 0.0542685 0.0525725 0.0509516 0.0495106 0.0481919 0.0467184 0.0446009 0.0412811 0.036401 0.0300684 0.0229289
 0.00564309 0.00916982 0.0138165 0.019568 0.0262917 0.0336398 0.0410059 0.0476518 0.052957 0.0566025 0.058579 0.0590797 0.058398 0.05687 0.0548348 0.0525977 0.0503965 0.0483652 0.0464841 0.0445294 0.0420767 0.0386263 0.0338476 0.0278273 0.0211414
 0.00596109 0.0096875 0.0145962 0.0206668 0.0277479 0.0354544 0.0431246 0.0499621 0.0553079 0.0588384 0.0605675 0.0607228 0.0596272 0.0576339 0.0550898 0.0523039 0.0495208 0.0468913 0.0444293 0.0419657 0.0391494 0.0355536 0.0308906 0.0252317 0.0190755
 0.00623294 0.010125 0.0152475 0.0215764 0.028952 0.0369711 0.0449395 0.0520174 0.0575011 0.0610341 0.0626172 0.0624871 0.060994 0.0585272 0.0554642 0.0521325 0.0487836 0.0455757 0.0425444 0.0395683 0.0363684 0.0325963 0.0280148 0.0226882 0.017041
 0.00655142 0.0106376 0.0160093 0.0226349 0.0303382 0.0386861 0.0469405 0.0542131 0.0597649 0.0632264 0.0646057 0.0641569 0.0622509 0.0592997 0.0557057 0.0518185 0.0479061 0.0441385 0.0405689 0.0371135 0.033556 0.0296217 0.0251268 0.020133 0.0149956
 0.00674706 0.0109706 0.0165381 0.0234237 0.0314442 0.0401377 0.0487164 0.0562342 0.0619054 0.0653394 0.0665482 0.0658068 0.0635144 0.0601103 0.0560201 0.0516113 0.0471655 0.042866 0.0387867 0.0348799 0.0309856 0.0268948 0.0224716 0.0177772 0.0131048
 0.00701974 0.0114066 0.0171819 0.0243149 0.0326135 0.0415998 0.0504566 0.0581972 0.0639923 0.067416 0.0684637 0.0674169 0.0647029 0.060803 0.0561845 0.0512458 0.0462853 0.0414949 0.0369606 0.0326618 0.0284852 0.0242782 0.0199465 0.0155493 0.0113227
 0.00730796 0.0118835 0.017914 0.0253665 0.0340309 0.0433867 0.0525535 0.0604782 0.0662889 0.0695546 0.0702962 0.0688332 0.06563 0.0612007 0.0560423 0.0505789 0.0451278 0.0398927 0.03497 0.0303582 0.0259781 0.0217205 0.0175223 0.013437 0.00964739
 0.00742987 0.0120879 0.0182348 0.0258437 0.0347075 0.044301 0.0537257 0.0618965 0.0678989 0.0712585 0.0719637 0.0703229 0.0668146 0.0619852 0.0563706 0.0504302 0.0445094 0.0388342 0.0335215 0.0285942 0.0240044 0.0196769 0.01557 0.0117287 0.0082891
 0.00775908 0.0125969 0.0189524 0.0267793 0.0358517 0.0456264 0.0551855 0.0634244 0.0694145 0.0726776 0.0732068 0.0713191 0.0675027 0.0623166 0.0563141 0.0499758 0.0436681 0.0376359 0.0320144 0.0268481 0.0221159 0.0177695 0.013782 0.0101866 0.0070766
 0.00788588 0.012814 0.0192984 0.0272943 0.0365654 0.0465415 0.0562647 0.0645922 0.0705776 0.0737517 0.0741347 0.0720701 0.0680591 0.0626596 0.0564183 0.0498125 0.0432154 0.0368883 0.0309907 0.0255958 0.0207134 0.016322 0.0124075 0.00899263 0.00613414
 0.00775126 0.0126334 0.0190986 0.0271281 0.0365017 0.0466476 0.0565874 0.0651444 0.0713335 0.07465 0.0750901 0.0729921 0.0688706 0.0633071 0.0568686 0.0500437 0.0432094 0.0366322 0.0304851 0.0248656 0.019814 0.0153373 0.0114369 0.0081291 0.0054421
 0.00772003 0.012563 0.0189594 0.026888 0.0361446 0.0461961 0.0561173 0.0647748 0.0711892 0.0748145 0.0755738 0.0737317 0.0697549 0.0642125 0.0576878 0.0506989 0.0436522 0.0368373 0.0304465 0.024598 0.0193575 0.0147575 0.0108158 0.00754774 0.00496083
 0.00781731 0.0126988 0.0191207 0.0270443 0.0362514 0.0462043 0.0559883 0.0644977 0.0707973 0.0743899 0.0752313 0.0735804 0.0698564 0.0645566 0.0581996 0.0512694 0.0441725 0.0372233 0.0306482 0.0246008 0.0191797 0.0144452 0.0104338 0.00716376 0.00462891
 0.0078474 0.012759 0.0192305 0.0272246 0.036513 0.0465342 0.0563394 0.0647941 0.0709575 0.0743603 0.0750123 0.0732335 0.0694845 0.0642668 0.0580637 0.0512996 0.0443238 0.0374165 0.0308017 0.0246563 0.0191144 0.0142725 0.0101932 0.00690514 0.00439616
 0.00779382 0.0126769 0.0191176 0.0270853 0.0363616 0.0463956 0.0562461 0.0647758 0.0710257 0.0744954 0.0751669 0.0733529 0.069536 0.0642582 0.0580387 0.0513122 0.0444073 0.0375657 0.0309766 0.0248031 0.0191904 0.014262 0.0101096 0.00678059 0.00426594
 0.00800194 0.0129733 0.019486 0.027484 0.0367355 0.0466957 0.0564457 0.0648755 0.0710454 0.0744619 0.0750997 0.0732566 0.0694008 0.0640717 0.0578011 0.0510454 0.0441489 0.0373506 0.0308199 0.0246939 0.0191026 0.0141709 0.0100049 0.00666804 0.00415992
 0.00818106 0.0132388 0.0198358 0.0278949 0.0371634 0.0470811 0.0567234 0.0649891 0.0709672 0.0742087 0.074733 0.0728606 0.0690499 0.0638053 0.0576194 0.0509251 0.0440647 0.0372885 0.0307757 0.0246653 0.0190817 0.0141468 0.0099696 0.00662155 0.00410934
 0.00809172 0.0131422 0.0197789 0.0279467 0.0373913 0.0475147 0.0573266 0.0656602 0.0715703 0.0746212 0.0748856 0.0727536 0.0687433 0.0633902 0.0571851 0.0505337 0.0437438 0.0370392 0.030587 0.0245238 0.0189753 0.0140647 0.00990312 0.00656546 0.00406233
 0.00782782 0.0127384 0.0192218 0.0272511 0.0366076 0.0467337 0.0566725 0.065265 0.0715282 0.0749434 0.0754875 0.0734865 0.069455 0.063978 0.0576161 0.0508303 0.0439519 0.0372 0.0307239 0.0246435 0.0190755 0.0141412 0.00995427 0.00659363 0.00407312
 0.00796262 0.012918 0.0194194 0.0274179 0.0366879 0.0466885 0.0565013 0.0650121 0.071271 0.0747666 0.0754518 0.0736039 0.0696821 0.064234 0.0578176 0.0509256 0.0439351 0.037102 0.0305891 0.0245092 0.0189626 0.0140554 0.00989267 0.00655044 0.00404322
 0.00813967 0.0131821 0.0197703 0.0278339 0.0371244 0.0470813 0.0567751 0.0650981 0.0711328 0.0744242 0.0749848 0.0731271 0.0693013 0.064006 0.0577358 0.050936 0.0439708 0.0371142 0.0305611 0.0244499 0.0188915 0.0139893 0.00984006 0.00651263 0.00401784
 0.00807165 0.0130884 0.01966 0.0277248 0.0370357 0.0470234 0.0567413 0.065064 0.0710658 0.0742981 0.0747955 0.0729015 0.0690935 0.0638789 0.0577356 0.0510709 0.0442081 0.0373966 0.0308316 0.0246716 0.0190525 0.0140958 0.00990563 0.00655069 0.00403857
 0.00800555 0.0129752 0.0194808 0.0274623 0.0366835 0.0465965 0.0562823 0.0646362 0.070732 0.0740962 0.0747265 0.0729371 0.0691976 0.0640293 0.0579306 0.0513206 0.0445168 0.03775 0.031197 0.0250105 0.019335 0.014309 0.0100526 0.00664383 0.00409306
 0.00803712 0.013018 0.0195285 0.0275014 0.0366943 0.0465564 0.0561722 0.0644481 0.0704766 0.0738055 0.0744463 0.0727114 0.0690529 0.0639694 0.0579439 0.0513935 0.0446404 0.0379176 0.0313971 0.0252231 0.0195358 0.0144777 0.0101791 0.00672894 0.00414471
 0.00812612 0.0131515 0.0197078 0.0277192 0.0369339 0.0467937 0.0563765 0.0645856 0.070516 0.0737277 0.0742536 0.0724299 0.0687273 0.0636494 0.0576702 0.0511896 0.0445132 0.0378626 0.031403 0.0252739 0.0196122 0.0145601 0.0102519 0.00678402 0.00418098
 0.00808051 0.0130774 0.0195969 0.0275641 0.0367312 0.0465466 0.0560981 0.0642986 0.0702487 0.0735071 0.0740984 0.0723483 0.0687182 0.0637069 0.0577874 0.0513593 0.0447266 0.0381077 0.0316643 0.0255339 0.0198533 0.0147676 0.0104164 0.00690319 0.0042593
 0.00803046 0.0130031 0.0194977 0.0274435 0.0365943 0.0463978 0.0559397 0.064132 0.0700778 0.0733407 0.0739504 0.0722349 0.0686533 0.0636984 0.0578365 0.0514617 0.0448745 0.038291 0.0318704 0.0257479 0.0200592 0.0149505 0.0105657 0.00701433 0.00433439
 0.00799353 0.0129516 0.0194362 0.0273818 0.036545 0.0463716 0.0559411 0.0641569 0.0701139 0.0733701 0.0739556 0.072205 0.068589 0.0636124 0.0577491 0.0513936 0.0448412 0.0382994 0.031919 0.025828 0.0201578 0.0150527 0.0106585 0.00708912 0.00438806
 0.00793282 0.0128539 0.019292 0.0271849 0.0362966 0.0460851 0.0556442 0.0638888 0.0699146 0.0732672 0.0739548 0.0722899 0.0687299 0.0637783 0.0579172 0.051554 0.0449944 0.0384507 0.0320728 0.0259839 0.02031 0.0151925 0.0107772 0.00718132 0.00445301
 0.00789355 0.0127957 0.0192144 0.0270903 0.0361884 0.0459652 0.0555132 0.0637483 0.0697714 0.0731359 0.0738552 0.0722403 0.0687388 0.0638408 0.0580175 0.0516731 0.0451175 0.0385708 0.0321892 0.0260978 0.0204206 0.0152958 0.0108674 0.00725359 0.0045055
 0.00788278 0.01277 0.019161 0.0269938 0.036036 0.0457544 0.0552574 0.0634754 0.0695155 0.0729267 0.0737115 0.0721704 0.0687438 0.0639165 0.0581542 0.0518546 0.0453238 0.0387825 0.0323914 0.0262819 0.0205824 0.015433 0.0109784 0.00733796 0.00456476
 0.00780284 0.0126421 0.0189723 0.0267332 0.0356962 0.0453354 0.0547714 0.0629513 0.0689992 0.072475 0.0733812 0.0720043 0.0687604 0.0641065 0.058486 0.0522842 0.0458041 0.0392707 0.0328531 0.0266928 0.0209288 0.0157101 0.0111881 0.00748708 0.00466348
 0.00781444 0.0126535 0.0189752 0.0267147 0.0356407 0.0452286 0.0546043 0.0627227 0.0687164 0.0721545 0.0730497 0.0716982 0.0685206 0.0639696 0.0584738 0.0523971 0.0460218 0.0395588 0.0331726 0.0270083 0.0212134 0.0159475 0.0113722 0.00761955 0.00475165
 0.0078576 0.0127172 0.0190588 0.0268117 0.0357392 0.0453118 0.0546524 0.0627155 0.0686379 0.0719985 0.0728233 0.0714222 0.0682273 0.0636975 0.058261 0.0522731 0.0460003 0.0396343 0.0333227 0.0272009 0.0214157 0.0161331 0.011525 0.00773372 0.00482929
 0.00772469 0.012534 0.0188435 0.026601 0.0355764 0.0452294 0.0546576 0.0627883 0.0687411 0.0720924 0.0728781 0.0714238 0.0681781 0.0636136 0.0581683 0.0522013 0.0459758 0.0396727 0.0334241 0.0273505 0.0215892 0.0163044 0.0116736 0.00784882 0.00490938
 0.00765296 0.0124262 0.0186992 0.0264298 0.0354005 0.0450839 0.0545857 0.0628293 0.0689119 0.0723721 0.0732081 0.0717267 0.068386 0.063692 0.058122 0.0520663 0.0458025 0.0395093 0.0333051 0.0272905 0.0215841 0.0163379 0.0117251 0.00790099 0.00495189
 0.00755997 0.0122732 0.0184664 0.0261002 0.0349671 0.0445593 0.0540113 0.0622758 0.0684663 0.0721148 0.0731867 0.0719392 0.0687802 0.0641824 0.0586191 0.0525036 0.0461509 0.0397739 0.0335102 0.0274624 0.0217393 0.0164803 0.0118501 0.0080019 0.00502551
 0.0075086 0.0121855 0.0183263 0.0258896 0.0346686 0.0441627 0.0535213 0.0617182 0.0678906 0.0715896 0.072789 0.0717367 0.0688111 0.0644405 0.0590533 0.0530343 0.0466958 0.0402719 0.0339313 0.0278039 0.0220122 0.0166972 0.0120195 0.00812863 0.00511403
 0.00757137 0.0122708 0.0184232 0.0259758 0.0347146 0.0441387 0.0534047 0.0614979 0.06757 0.0711892 0.0723479 0.071311 0.0684655 0.0642327 0.0590164 0.0531646 0.0469544 0.0405996 0.0342697 0.0281112 0.0222686 0.0168995 0.0121726 0.00823963 0.00519008
 0.00770923 0.0124764 0.0186973 0.0263043 0.035069 0.0444794 0.0536847 0.0616689 0.0675919 0.0710415 0.0720382 0.0708755 0.0679629 0.0637331 0.0585877 0.052858 0.0467926 0.0405727 0.0343425 0.0282384 0.0224098 0.0170283 0.0122769 0.00831709 0.00524349
 0.0077393 0.0125405 0.0188208 0.0265171 0.0353943 0.0449177 0.0542009 0.0621936 0.0680379 0.0713292 0.0721171 0.0707343 0.0676279 0.06326 0.0580493 0.0523304 0.0463399 0.0402348 0.0341293 0.0281334 0.0223816 0.0170431 0.0123084 0.00834949 0.00526958
 0.00772574 0.0125319 0.0188336 0.0265775 0.035535 0.0451693 0.0545812 0.0626961 0.0686239 0.0719271 0.0726339 0.0710782 0.0677352 0.0631142 0.0576843 0.051818 0.0457685 0.0396872 0.0336654 0.0277821 0.0221427 0.0168972 0.0122284 0.00831037 0.00525286
 0.00787398 0.0127359 0.0190735 0.0268149 0.0357277 0.0452935 0.0546476 0.0627477 0.068716 0.0720993 0.0728886 0.0713748 0.0680026 0.0632753 0.057683 0.0516391 0.0454412 0.0392729 0.0332359 0.0273976 0.0218388 0.0166827 0.0120923 0.00823248 0.00521257
 0.00787323 0.0127419 0.0190939 0.0268562 0.0357877 0.0453536 0.0546726 0.0626998 0.0685798 0.0719019 0.0726973 0.0712691 0.0680335 0.063439 0.0579235 0.0518757 0.0456057 0.0393337 0.0332026 0.0273068 0.0217327 0.0165922 0.0120308 0.00819862 0.00519808
 0.00741234 0.0120232 0.0180717 0.0255156 0.0341544 0.0435043 0.0527417 0.0608699 0.0670483 0.070836 0.0722014 0.0713761 0.0687138 0.0646109 0.0594603 0.0536172 0.0473808 0.0409922 0.0346412 0.0284792 0.0226406 0.0172657 0.0125105 0.00852489 0.00540757
 0.00705513 0.0114543 0.0172385 0.0243792 0.0327 0.0417561 0.0507794 0.0588346 0.065127 0.0692286 0.071082 0.0708635 0.068856 0.065383 0.0607726 0.0553294 0.0493205 0.0429782 0.0365105 0.0301118 0.0239718 0.0182841 0.013243 0.00902002 0.00572056
#obs surv len freq
 nan nan nan nan nan nan nan nan nan nan nan nan nan nan nan nan nan nan nan nan nan nan nan nan nan
 0.00448842 0.00735152 0.0111832 0.0160007 0.0217018 0.027977 0.0342901 0.04002 0.0446979 0.0481599 0.050516 0.05201 0.0529006 0.0534116 0.0537247 0.0539787 0.0542567 0.054549 0.0546875 0.0542793 0.0527174 0.04935 0.0438004 0.0362815 0.0276662
 0.00461878 0.00756653 0.0115121 0.0164714 0.0223339 0.0287708 0.0352163 0.0410172 0.0456818 0.0490405 0.0512148 0.052472 0.0530986 0.0533459 0.0534185 0.0534699 0.0535893 0.0537662 0.0538287 0.0533819 0.0518208 0.0484977 0.0430379 0.0356471 0.0271814
 0.00477008 0.00781508 0.0118911 0.017014 0.023067 0.0297051 0.0363351 0.0422702 0.0469886 0.0503023 0.0523291 0.0533454 0.0536584 0.0535489 0.0532546 0.0529603 0.0527791 0.0527149 0.0526028 0.0520516 0.0504609 0.0471883 0.041858 0.034662 0.026427
 0.00496288 0.00812909 0.0123648 0.0176839 0.0239607 0.0308312 0.0376718 0.0437605 0.0485475 0.05183 0.0537238 0.0545111 0.0545094 0.0540152 0.0532894 0.052547 0.0519343 0.0514872 0.0510679 0.0503073 0.048623 0.0453842 0.0402135 0.0332797 0.0253646
 0.00517763 0.00848031 0.0128973 0.0184405 0.0249745 0.0321118 0.0391926 0.0454542 0.0503154 0.0535611 0.0553116 0.0558615 0.0555416 0.0546595 0.0534884 0.0522596 0.0511442 0.0502116 0.0493647 0.0482786 0.0464116 0.0431614 0.0381551 0.0315321 0.0240131
 0.00540662 0.00885559 0.0134678 0.0192538 0.0260681 0.0334988 0.0408466 0.0473038 0.0522539 0.0554665 0.0570656 0.0573616 0.0567036 0.0554161 0.0537852 0.0520531 0.0504044 0.0489326 0.0475798 0.0460754 0.0439391 0.0406189 0.0357603 0.0294742 0.0224086
 0.00565236 0.00925771 0.0140779 0.020122 0.0272334 0.0349744 0.0426046 0.049269 0.0543141 0.0574931 0.058934 0.058963 0.0579496 0.0562376 0.0541293 0.0518785 0.0496805 0.0476451 0.0457466 0.0437685 0.0413009 0.0378589 0.0331225 0.0271812 0.0206051
 0.00590055 0.0096642 0.0146954 0.0210016 0.0284151 0.0364722 0.0443899 0.0512656 0.0564081 0.0595546 0.0608374 0.0605993 0.0592298 0.0570923 0.0545054 0.0517353 0.0489871 0.0463841 0.0439281 0.0414527 0.0386197 0.0350193 0.0303774 0.024771 0.0186936
 0.00613864 0.0100566 0.015296 0.0218639 0.0295821 0.0379595 0.0461693 0.0532588 0.0584983 0.061609 0.0627292 0.0622199 0.060493 0.0579327 0.0548744 0.0515965 0.0483125 0.0451568 0.0421545 0.0391847 0.0359784 0.0322021 0.0276334 0.0223439 0.016756
 0.00638271 0.010455 0.0158986 0.0227188 0.0307267 0.0394066 0.0478923 0.0551851 0.0605181 0.0635953 0.0645574 0.0637815 0.0617015 0.0587245 0.0552056 0.0514371 0.0476415 0.0439624 0.0404439 0.0370051 0.0334399 0.0294883 0.0249801 0.0199867 0.0148653
 0.0066165 0.0108385 0.0164819 0.0235503 0.0318431 0.040818 0.0495664 0.0570432 0.0624472 0.0654704 0.0662623 0.0652197 0.0627981 0.0594246 0.0554711 0.0512428 0.0469714 0.0428094 0.0388182 0.0349512 0.0310585 0.026946 0.0224931 0.017773 0.0130852
 0.00684686 0.011217 0.0170591 0.024375 0.0329527 0.0422222 0.0512311 0.0588854 0.0643468 0.0672946 0.0678886 0.0665503 0.0637644 0.0599849 0.0556042 0.0509406 0.0462324 0.0416375 0.0372297 0.0329908 0.0288185 0.0245761 0.0201867 0.0157251 0.0114396
 0.0070806 0.011599 0.0176375 0.0251954 0.0340489 0.043601 0.0528578 0.060678 0.0661872 0.0690506 0.0694369 0.0677908 0.0646272 0.0604306 0.0556199 0.0505317 0.0454146 0.0404314 0.0356643 0.0311156 0.0267203 0.0223883 0.018078 0.0138644 0.00994995
 0.00729674 0.0119552 0.0181822 0.0259759 0.0351004 0.0449309 0.0544294 0.0624063 0.0679516 0.0707195 0.0708901 0.0689334 0.0653941 0.0607863 0.0555548 0.0500568 0.0445544 0.039219 0.034141 0.0293387 0.0247747 0.0203939 0.01618 0.0122049 0.00862977
 0.0074503 0.0122113 0.0185796 0.0265553 0.0358967 0.0459604 0.055676 0.0638155 0.0694362 0.0721738 0.0722073 0.0700182 0.0661718 0.0612076 0.0555965 0.0497191 0.0438555 0.0381909 0.0328279 0.027801 0.0230954 0.0186818 0.0145606 0.0107967 0.00751451
 0.00751773 0.0123216 0.0187478 0.0267983 0.0362333 0.0464097 0.0562534 0.0645269 0.070272 0.0731045 0.0731813 0.0709654 0.0670119 0.0618613 0.0559972 0.0498208 0.043637 0.0376557 0.0320035 0.0267386 0.0218712 0.0173945 0.0133212 0.009708 0.00664719
 0.00756226 0.0123891 0.0188409 0.0269173 0.0363782 0.0465829 0.0564621 0.0647835 0.0705927 0.0735044 0.073668 0.0715298 0.0676224 0.062463 0.0565192 0.050189 0.0437884 0.0375507 0.031633 0.0261271 0.0210759 0.0164995 0.0124244 0.00890108 0.00599482
 0.00767626 0.0125609 0.0190737 0.0272043 0.0367037 0.046925 0.0567962 0.065086 0.0708469 0.0737074 0.0738323 0.0716799 0.0677825 0.0626444 0.0567104 0.0503541 0.0438752 0.0375052 0.0314161 0.0257288 0.0205215 0.0158467 0.0117504 0.00828292 0.00548905
 0.00773926 0.0126642 0.0192302 0.0274244 0.0369907 0.0472695 0.0571715 0.0654515 0.0711586 0.0739323 0.07396 0.0717232 0.0677714 0.0626131 0.0566847 0.0503409 0.0438583 0.0374495 0.0312812 0.0254853 0.0201659 0.0154065 0.0112772 0.00783557 0.00511513
 0.00779359 0.0127466 0.0193434 0.0275683 0.0371632 0.0474683 0.0573942 0.0656922 0.0714046 0.0741627 0.0741493 0.0718497 0.0678253 0.0626016 0.0566278 0.0502618 0.0437711 0.0373523 0.0311564 0.0253103 0.0199273 0.0151109 0.0109523 0.00752068 0.00484602
 0.00782323 0.012793 0.0194096 0.0276554 0.03727 0.0475905 0.0575249 0.0658235 0.0715301 0.0742794 0.0742563 0.0719446 0.0679021 0.0626512 0.0566437 0.050244 0.0437252 0.0372838 0.0310653 0.0251898 0.0197702 0.0149181 0.0107377 0.00730817 0.00466023
 0.00786633 0.0128546 0.0194869 0.0277406 0.037353 0.0476629 0.0575827 0.0658677 0.0715646 0.0743093 0.0742856 0.0719765 0.0679373 0.0626875 0.0566754 0.0502636 0.0437262 0.0372622 0.031019 0.0251171 0.01967 0.0147931 0.0105969 0.00716658 0.00453429
 0.00788049 0.0128772 0.0195197 0.0277841 0.0374049 0.0477173 0.0576304 0.0658982 0.0715713 0.074293 0.0742558 0.0719474 0.067922 0.0626931 0.0567011 0.050302 0.0437663 0.0372927 0.0310306 0.0251039 0.0196301 0.0147288 0.0105157 0.00707983 0.00445404
 0.00788794 0.0128874 0.0195316 0.0277956 0.0374141 0.0477232 0.0576333 0.0658993 0.0715709 0.0742898 0.0742483 0.0719357 0.06791 0.0626873 0.0567079 0.0503239 0.0438003 0.0373309 0.0310629 0.0251211 0.0196265 0.0147039 0.010474 0.00702968 0.00440465
 0.00788695 0.012881 0.0195134 0.0277571 0.0373475 0.0476254 0.0575095 0.0657634 0.0714422 0.0741876 0.0741862 0.0719193 0.0679368 0.0627498 0.0567967 0.0504301 0.0439156 0.0374466 0.0311697 0.0252098 0.0196902 0.0147399 0.0104849 0.00702236 0.0043878
 0.0078981 0.0128955 0.0195282 0.0277664 0.0373432 0.0475991 0.0574544 0.065677 0.0713285 0.0740585 0.0740599 0.0718159 0.0678728 0.0627334 0.0568267 0.0504981 0.0440092 0.0375529 0.0312763 0.025306 0.0197677 0.0147942 0.0105161 0.00703445 0.00438742
 0.00789489 0.012888 0.0195126 0.0277377 0.0372963 0.0475304 0.0573636 0.0655678 0.0712077 0.0739352 0.0739446 0.0717205 0.0678091 0.0627114 0.0568516 0.0505681 0.0441157 0.0376824 0.0314134 0.0254363 0.0198798 0.0148811 0.0105761 0.00707045 0.00440531
 0.00787825 0.0128619 0.0194751 0.0276875 0.0372325 0.0474529 0.0572733 0.0654672 0.0711016 0.0738302 0.0738489 0.0716424 0.0677566 0.062691 0.0568678 0.0506225 0.0442054 0.0377996 0.031546 0.0255702 0.0200018 0.0149818 0.0106509 0.00712007 0.00443435
 0.00786018 0.0128279 0.0194156 0.0275917 0.037092 0.047267 0.0570529 0.0652345 0.0708844 0.0736533 0.0737285 0.0715845 0.067759 0.0627471 0.0569693 0.0507605 0.0443712 0.0379835 0.0317369 0.0257556 0.0201693 0.0151216 0.0107578 0.00719451 0.00448111
 0.00786607 0.0128334 0.0194162 0.0275796 0.0370574 0.0471998 0.0569461 0.0650873 0.0707045 0.073458 0.0735417 0.0714311 0.0676586 0.0627092 0.056993 0.0508378 0.0444901 0.0381307 0.0318992 0.0259198 0.0203229 0.0152541 0.0108627 0.00727016 0.00453048
 0.00781143 0.0127516 0.019306 0.0274443 0.0369031 0.0470337 0.0567744 0.0649156 0.0705385 0.0733048 0.0734105 0.0713334 0.0676066 0.0627131 0.0570576 0.0509599 0.0446595 0.0383321 0.0321151 0.0261332 0.020519 0.0154216 0.010995 0.00736616 0.00459399
 0.00779571 0.0127196 0.0192464 0.0273439 0.0367519 0.0468312 0.0565348 0.0646657 0.0703096 0.0731216 0.0732851 0.0712659 0.0675913 0.0627446 0.0571331 0.0510782 0.0448172 0.0385213 0.0323232 0.0263445 0.0207175 0.0155941 0.0111334 0.00746795 0.00466231
 0.00776832 0.0126766 0.019184 0.0272587 0.0366402 0.0466888 0.056359 0.0644586 0.0700821 0.0728949 0.0730867 0.0711221 0.0675191 0.0627478 0.0572047 0.0512054 0.0449867 0.0387205 0.0325391 0.0265631 0.0209241 0.0157755 0.0112803 0.00757722 0.00473642
 0.00773396 0.0126195 0.0190962 0.0271327 0.0364715 0.0464792 0.056119 0.0642062 0.0698385 0.0726794 0.0729138 0.0710027 0.0674623 0.0627599 0.0572872 0.0513526 0.0451858 0.0389547 0.0327902 0.0268135 0.0211578 0.015979 0.0114449 0.00769972 0.0048198
 0.00768688 0.012543 0.0189813 0.0269713 0.0362586 0.0462158 0.0558153 0.0638828 0.0695239 0.0724038 0.0727033 0.0708748 0.0674239 0.0628095 0.0574169 0.0515507 0.0454376 0.0392427 0.0330946 0.0271139 0.0214352 0.0162185 0.011637 0.00784209 0.00491649
 0.00769104 0.0125452 0.0189759 0.0269499 0.0362109 0.0461329 0.055692 0.0637198 0.0693283 0.072189 0.0724877 0.0706799 0.0672708 0.0627154 0.0573918 0.0515967 0.045549 0.0394076 0.0332965 0.0273332 0.021652 0.0164149 0.0118004 0.00796643 0.00500272
 0.00765257 0.0124911 0.0189098 0.0268795 0.036145 0.0460759 0.0556412 0.0636657 0.0692595 0.0720976 0.0723743 0.0705534 0.067147 0.0626128 0.057328 0.0515845 0.0455941 0.0395073 0.0334406 0.0275056 0.0218336 0.016587 0.0119482 0.00808169 0.00508414
 0.00764759 0.0124774 0.0188795 0.0268234 0.0360566 0.0459573 0.0555054 0.0635342 0.0691528 0.072026 0.0723338 0.0705304 0.0671277 0.0625912 0.0573086 0.0515789 0.0456155 0.0395648 0.0335356 0.0276309 0.0219755 0.0167291 0.0120754 0.00818409 0.00515825
 0.00762006 0.0124381 0.01883 0.0267675 0.0359979 0.0458959 0.0554375 0.0634547 0.0690611 0.0719295 0.0722466 0.0704668 0.0670947 0.0625865 0.0573241 0.0516081 0.0456572 0.0396226 0.0336138 0.0277298 0.022089 0.0168462 0.0121838 0.00827386 0.00522482
 0.00760641 0.0124155 0.0187954 0.0267187 0.0359348 0.0458223 0.0553608 0.0633841 0.0690034 0.0718863 0.0722144 0.0704413 0.0670748 0.0625749 0.0573248 0.0516231 0.0456865 0.0396657 0.0336707 0.0278004 0.0221708 0.0169331 0.012267 0.00834531 0.00527956
 0.00758772 0.0123874 0.0187575 0.0266718 0.0358805 0.0457622 0.0552969 0.0633191 0.0689415 0.071833 0.0721751 0.0704187 0.0670683 0.0625816 0.0573416 0.0516485 0.0457207 0.0397094 0.0337242 0.027863 0.0222403 0.017005 0.0123356 0.0084046 0.00532562
 0.00757074 0.0123577 0.0187091 0.0265987 0.0357789 0.0456335 0.05515 0.0631695 0.0688075 0.0717303 0.0721125 0.0703984 0.067087 0.0626327 0.0574169 0.0517395 0.0458202 0.0398121 0.033827 0.0279636 0.0223364 0.0170937 0.0124132 0.00846788 0.00537298
 0.00755654 0.012337 0.018682 0.0265661 0.0357412 0.0455895 0.0550965 0.0631031 0.0687276 0.0716417 0.0720258 0.0703265 0.0670409 0.0626183 0.0574343 0.051784 0.0458846 0.0398891 0.03391 0.0280477 0.0224176 0.0171684 0.0124783 0.00852082 0.00541259
 0.00752271 0.0122854 0.018611 0.0264768 0.0356379 0.045479 0.0549873 0.0630044 0.0686466 0.0715817 0.0719864 0.0703057 0.0670382 0.0626355 0.0574737 0.0518465 0.0459677 0.039987 0.0340154 0.0281532 0.0225168 0.0172565 0.0125519 0.00857834 0.00545418
 0.00751828 0.0122714 0.0185777 0.0264118 0.0355303 0.0453257 0.0547978 0.0628004 0.0684562 0.0714302 0.0718894 0.0702671 0.0670522 0.0626915 0.057561 0.0519566 0.046094 0.0401236 0.0341559 0.0282902 0.0226432 0.0173663 0.0126413 0.00864616 0.00550177
 0.0075021 0.0122495 0.0185521 0.0263859 0.0355054 0.0452983 0.0547582 0.0627363 0.0683597 0.0713051 0.0717522 0.0701417 0.0669611 0.0626479 0.0575668 0.052005 0.0461746 0.0402255 0.0342693 0.0284063 0.0227541 0.0174651 0.0127231 0.00870887 0.00554594
 0.00750205 0.0122488 0.0185502 0.0263822 0.0355006 0.045294 0.0547567 0.0627384 0.0683618 0.0712984 0.071726 0.0700897 0.0668866 0.0625644 0.0574928 0.0519561 0.0461587 0.0402423 0.0343123 0.0284664 0.0228216 0.0175316 0.012782 0.00875604 0.00558023
 0.00748696 0.012227 0.0185224 0.0263509 0.0354689 0.0452649 0.0547323 0.0627199 0.0683501 0.0712935 0.0717263 0.0700907 0.0668823 0.0625505 0.05747 0.0519314 0.0461423 0.0402431 0.034334 0.0285067 0.0228738 0.0175873 0.0128338 0.0087988 0.00561187
 0.00750246 0.0122475 0.0185447 0.0263695 0.0354778 0.0452608 0.0547163 0.0626971 0.0683272 0.0712754 0.0717145 0.0700834 0.0668757 0.0625403 0.0574533 0.0519083 0.0461166 0.0402214 0.0343231 0.0285106 0.0228919 0.017615 0.0128648 0.00882752 0.00563475
 0.00750246 0.0122475 0.0185447 0.0263695 0.0354778 0.0452608 0.0547163 0.0626971 0.0683272 0.0712754 0.0717145 0.0700834 0.0668757 0.0625403 0.0574533 0.0519083 0.0461166 0.0402214 0.0343231 0.0285106 0.0228919 0.017615 0.0128648 0.00882752 0.00563475
 0.00707787 0.0115782 0.017579 0.0250803 0.0338759 0.043411 0.0527505 0.0608086 0.0667363 0.0701767 0.071229 0.0702371 0.0676059 0.0637209 0.0589279 0.053521 0.0477352 0.0417479 0.0356942 0.029691 0.0238665 0.0183835 0.0134389 0.00922996 0.00589678
 0.00700211 0.0114066 0.0172324 0.0244574 0.0328814 0.0419992 0.050964 0.0587894 0.0646995 0.0683614 0.0698496 0.0694475 0.0674787 0.0642412 0.0600009 0.0549953 0.0494346 0.0435039 0.0373687 0.0311868 0.025127 0.0193866 0.0141904 0.00975641 0.00623896
#pred catch len freq
 0.00314394 0.00509556 0.00767394 0.0109198 0.0148754 0.0195402 0.0248105 0.0304629 0.0361974 0.041697 0.0466753 0.0509147 0.0542977 0.0568131 0.0585347 0.0595895 0.0601334 0.0603157 0.0602007 0.0596415 0.0581818 0.0551248 0.0498501 0.0422607 0.0330497
 0.00336409 0.00539736 0.00802708 0.0112682 0.0151616 0.0197387 0.0249461 0.0305966 0.0363834 0.0419401 0.0469189 0.0510716 0.0543031 0.0566691 0.058317 0.0594148 0.0601009 0.0604513 0.0604297 0.0598105 0.0581257 0.0547479 0.0491765 0.0414217 0.0322181
 0.00344629 0.00556268 0.00832983 0.0117664 0.0158886 0.0206683 0.0259753 0.0315703 0.0371565 0.0424397 0.0471604 0.0511195 0.0542135 0.0564618 0.0579945 0.0589996 0.0596497 0.0600281 0.0600585 0.0594465 0.0576753 0.0541292 0.0483797 0.040526 0.0313537
 0.00358768 0.0057774 0.00862976 0.0121654 0.0164148 0.0213724 0.0269193 0.0327888 0.0386065 0.0439742 0.0485588 0.0521667 0.0547809 0.0565367 0.0576513 0.058347 0.0587937 0.0590571 0.0590345 0.0583948 0.0565861 0.0529845 0.0471931 0.0393639 0.0303151
 0.00377171 0.00607042 0.00905859 0.0127495 0.0171627 0.0222786 0.0279655 0.0339519 0.0398687 0.0453197 0.0499483 0.0535056 0.0559134 0.0572863 0.0578869 0.0580321 0.0579877 0.0578778 0.0576097 0.0568299 0.0549555 0.0513457 0.0456103 0.0379189 0.0290943
 0.00398188 0.00640962 0.00956547 0.0134609 0.0181094 0.0234769 0.0294044 0.0355831 0.0416078 0.0470607 0.0515851 0.0549472 0.057082 0.0581027 0.0582621 0.0578813 0.0572655 0.056606 0.0558795 0.0547775 0.0527326 0.0491026 0.04349 0.0360504 0.0275753
 0.0041877 0.00674161 0.0100619 0.0141602 0.0190484 0.0246854 0.0308942 0.0373345 0.0435598 0.0491088 0.0535908 0.0567582 0.0585583 0.0591352 0.0587752 0.0578233 0.0566027 0.0553329 0.0540393 0.0524772 0.05014 0.0464252 0.0409435 0.0338229 0.0257927
 0.00444581 0.00714773 0.0106494 0.0149551 0.0200705 0.0259476 0.0323975 0.0390602 0.0454629 0.051115 0.0555968 0.0586373 0.0601712 0.060347 0.0594716 0.0579212 0.0560521 0.0541191 0.0521916 0.0500856 0.0473676 0.0435003 0.0381251 0.0313462 0.0238156
 0.00473172 0.00760724 0.0113318 0.0159047 0.0213206 0.0275109 0.0342534 0.0411474 0.0476835 0.0533494 0.0577199 0.0605291 0.0617227 0.061461 0.0600628 0.0579167 0.0553964 0.0527833 0.0501897 0.0474955 0.0443488 0.0402925 0.0350144 0.0286023 0.0216244
 0.00501944 0.00806292 0.011997 0.016815 0.0225059 0.0289919 0.0360314 0.0431905 0.0499165 0.055654 0.0599471 0.0625226 0.0633428 0.062601 0.0606497 0.0579015 0.0547434 0.05147 0.0482226 0.0449367 0.0413427 0.0370713 0.0318672 0.0258103 0.0193866
 0.00532337 0.008546 0.0127045 0.0177847 0.023765 0.0305512 0.0378759 0.045271 0.0521489 0.0579258 0.0621272 0.0644718 0.0649268 0.0637049 0.0611886 0.0578231 0.0540219 0.0501001 0.0462237 0.0423735 0.0383513 0.0338713 0.0287378 0.0230285 0.0171529
 0.0055699 0.00894815 0.0133133 0.0186508 0.0249322 0.0320442 0.0396842 0.0473387 0.0543759 0.0601805 0.064265 0.0663525 0.0664285 0.0647313 0.0616709 0.057717 0.0533038 0.0487662 0.0442969 0.0399197 0.0355011 0.0308301 0.0257658 0.0203853 0.0150281
 0.00589486 0.00945854 0.0140498 0.0196443 0.0262045 0.0336064 0.0415278 0.0494219 0.0566136 0.0624442 0.0663967 0.068189 0.0678289 0.065597 0.0619503 0.057396 0.0523912 0.0472843 0.0422846 0.0374485 0.0326968 0.0278831 0.022914 0.0178647 0.0130093
 0.00615405 0.00988233 0.0146925 0.020559 0.0274343 0.0351695 0.0434012 0.0515335 0.0588481 0.0646608 0.0684464 0.0699292 0.0691354 0.0663756 0.0621455 0.0569928 0.0514075 0.0457611 0.0402814 0.0350506 0.03003 0.0251234 0.0202732 0.0155485 0.011164
 0.00635302 0.0102002 0.0151625 0.0212134 0.0283048 0.0362842 0.0447749 0.0531526 0.0606579 0.0665606 0.0702992 0.0715827 0.0704491 0.0672415 0.0624968 0.0568016 0.0506786 0.0445261 0.0385968 0.0330021 0.02774 0.0227534 0.0180098 0.0135684 0.0095899
 0.00662988 0.0106269 0.015762 0.0219944 0.0292652 0.037415 0.0460602 0.054565 0.062153 0.0680747 0.071749 0.0728705 0.0714726 0.0679079 0.062737 0.0565785 0.0499881 0.0433935 0.037074 0.0311693 0.0257102 0.0206716 0.0160382 0.0118561 0.00823694
 0.0067403 0.010814 0.0160575 0.0224321 0.0298733 0.0382047 0.0470156 0.0556422 0.0632901 0.0692072 0.0728204 0.0738325 0.0722779 0.0685048 0.0630699 0.0565955 0.0496523 0.0426925 0.0360275 0.0298328 0.0241763 0.0190646 0.0144976 0.0105093 0.00716924
 0.00662936 0.0106662 0.015897 0.0223059 0.0298443 0.0383374 0.0473593 0.0562172 0.0640801 0.070158 0.0738491 0.074845 0.0731895 0.0692512 0.0636063 0.0568884 0.0496733 0.0424215 0.0354624 0.0290014 0.0231431 0.0179278 0.0133737 0.00950746 0.00636541
 0.00659447 0.0105956 0.0157674 0.022094 0.0295407 0.0379656 0.046987 0.0559485 0.0640247 0.0703911 0.0743824 0.0756227 0.0741076 0.0701887 0.0644528 0.0575595 0.0501133 0.042599 0.0353677 0.0286495 0.0225791 0.0172268 0.0126307 0.00881592 0.00579488
 0.00667584 0.0107083 0.0158992 0.0222167 0.0296129 0.0379412 0.0468292 0.0556481 0.0636174 0.0699634 0.0740543 0.0755082 0.0742694 0.0706129 0.0650559 0.0582205 0.0507111 0.0430392 0.0355941 0.0286455 0.0223658 0.016858 0.0121815 0.00836536 0.00540585
 0.0066844 0.0107326 0.0159537 0.022318 0.0297712 0.038148 0.0470496 0.0558233 0.063683 0.0698769 0.0738196 0.0751844 0.0739556 0.0704125 0.0650357 0.0583841 0.0510004 0.0433601 0.0358516 0.0287727 0.0223379 0.0166924 0.0119263 0.00808083 0.00514518
 0.00666917 0.0107095 0.0159229 0.0222835 0.0297429 0.0381426 0.0470868 0.0559174 0.0638296 0.0700448 0.0739569 0.0752403 0.0739087 0.0702869 0.0648929 0.0582933 0.0510037 0.0434529 0.0359877 0.0288889 0.0223833 0.0166476 0.0118053 0.00791952 0.00498298
 0.00679241 0.01088 0.0161248 0.022484 0.0299029 0.0382331 0.0471022 0.0558777 0.0637708 0.0700018 0.0739475 0.0752566 0.0739219 0.0702639 0.0648173 0.0581775 0.0508821 0.0433605 0.0359388 0.0288704 0.0223657 0.0166045 0.0117278 0.0078179 0.00487777
 0.00695046 0.0111133 0.0164302 0.0228391 0.0302666 0.0385512 0.0473167 0.0559406 0.0636615 0.0697413 0.0735969 0.0748964 0.0736204 0.0700535 0.0646918 0.0581087 0.0508421 0.0433351 0.0359253 0.0288671 0.0223647 0.0165935 0.0116986 0.00777149 0.00482348
 0.00685226 0.0109961 0.0163312 0.0228167 0.0303809 0.0388348 0.0477508 0.0564515 0.0641426 0.0700891 0.073745 0.0748348 0.0733929 0.069737 0.0643649 0.0578261 0.0506256 0.043181 0.0358191 0.0287937 0.0223115 0.0165504 0.011658 0.00773049 0.00478367
 0.00669696 0.0107598 0.0160088 0.0224219 0.0299523 0.038438 0.0474722 0.0563771 0.0643231 0.0705074 0.0743114 0.0754168 0.0738679 0.070036 0.0644867 0.057819 0.0505545 0.0430987 0.0357537 0.0287517 0.0222873 0.0165348 0.0116438 0.0077143 0.00476588
 0.0067822 0.0108684 0.0161172 0.0224902 0.0299367 0.038311 0.0472407 0.0560893 0.0640583 0.070352 0.0743263 0.0756103 0.0741874 0.0703871 0.0647725 0.057979 0.050581 0.0430262 0.035633 0.0286255 0.0221797 0.0164528 0.0115847 0.00767238 0.00473621
 0.00686752 0.010993 0.0162765 0.0226664 0.0300977 0.0384125 0.0472347 0.0559379 0.0637543 0.0699351 0.0738821 0.0752459 0.0739907 0.070391 0.0649442 0.0582398 0.0508442 0.0432312 0.0357592 0.0286844 0.0221962 0.0164496 0.0115754 0.00766275 0.00472788
 0.00678719 0.0108789 0.0161352 0.0225131 0.0299507 0.038284 0.0471225 0.055825 0.0636156 0.0697504 0.0736509 0.0749978 0.0737825 0.0702887 0.0649947 0.0584475 0.0511675 0.0436013 0.0361088 0.0289703 0.022405 0.0165892 0.0116626 0.00771423 0.00475639
