SBPRF35
10.3065
Curr Bio
583992
B35
797234
F35
0.184871
FOFL
0.133549
OFL
64151.3
Bzero
2.9447e+006
#pred survey bio
 3.90922e+006 3.80187e+006 3.68354e+006 3.49058e+006 3.25482e+006 3.00215e+006 2.71081e+006 2.46201e+006 2.21127e+006 1.96406e+006 1.75895e+006 1.53994e+006 1.36629e+006 1.20701e+006 1.08119e+006 965582 867574 782886 732449 680784 636622 618242 611433 595568 572166 553355 551331 546500 549666 553699 544839 544889 547996 543319 540021 536218 519899 511846 512207 520489 522158 529461 541514 546253 555208 558984 567535 574107 582492 589576 2.07241e+007 1.25417e+007 1.29532e+007 1.39402e+007 1.52795e+007 1.67134e+007 1.80632e+007 1.92354e+007 2.02003e+007 2.09656e+007 2.15572e+007 2.20067e+007 2.23442e+007 2.2596e+007 2.27831e+007 2.2922e+007 2.30253e+007 2.31024e+007 2.31602e+007 2.32036e+007 2.32365e+007 2.32615e+007 2.32806e+007 2.32953e+007 2.33067e+007 2.33155e+007 2.33223e+007 2.33277e+007 2.33318e+007 2.33351e+007 2.33377e+007 2.33398e+007 2.33414e+007 2.33427e+007 2.33437e+007 2.33445e+007 2.33452e+007 2.33457e+007 2.33461e+007 2.33464e+007 2.33467e+007 2.33469e+007 2.33471e+007 2.33472e+007 2.33473e+007 2.33474e+007 2.33474e+007 2.33475e+007 2.33475e+007 2.33476e+007 2.33476e+007 2.33476e+007 2.33477e+007 2.33477e+007 2.33477e+007 2.33477e+007 2.33477e+007 2.33477e+007 2.33477e+007 2.33477e+007 2.33477e+007 2.33477e+007 2.33477e+007 2.33477e+007 2.33477e+007 2.33477e+007 2.33477e+007 2.33477e+007 2.33477e+007 2.33477e+007 2.33477e+007 2.33477e+007 2.33477e+007 2.33477e+007 2.33477e+007 2.33477e+007 2.33477e+007 2.33477e+007 2.33477e+007 2.33477e+007 2.33477e+007 2.33477e+007 2.33477e+007 2.33477e+007 2.33477e+007 2.33477e+007 2.33477e+007 2.33477e+007 2.33477e+007 2.33477e+007 2.33477e+007 2.33477e+007 2.33477e+007 2.33477e+007 2.33477e+007 2.33477e+007 2.33477e+007 2.33477e+007 2.33477e+007 2.33477e+007 0 0 0 0 0 0 0 0 0 0 0 0 0 0 0 0 0 0 0 0 0 0 0 0 0
#obs survey bio
 2.6195e+006 2.9376e+006 4.07316e+006 3.52384e+006 2.44876e+006 2.88493e+006 1.96698e+006 2.31846e+006 1.49392e+006 1.331e+006 1.44164e+006 1.57653e+006 986114 1.37974e+006 940990 913313 874181 584644 826606 522402 630957 566833 582487 693387 598002 408149 556188 364253 498146 543607 366927 492083 519462 647623 818492 696674 575294 456235 554682 526806 408551 484067 368638 421435 665321 874346 672743 445786 739166 450912
#pred catch bio
 83697.4 87991.9 156447 203571 232699 285784 266997 288763 304594 283485 308660 277122 269530 242034 232438 214168 198287 165002 162167 151253 126096 114498 119934 122838 115668 100085 102092 95333.1 95009.6 105395 97033.7 93729.9 98226.7 93562.4 90341.7 99007.2 93502.6 89856.6 85892.6 92403 87642.4 84227.7 91266.2 88536.6 93297.2 89300.8 91280.1 90014.1 90246.3 90702.2 64151.3 87341.6 88977.7 94533.2 103192 112746 121710 129377 135548 140308 143863 146455 148311 149620 150534 151165 151598 151894 152094 152230 152322 152383 152425 152452 152471 152483 152492 152497 152501 152503 152505 152506 152507 152507 152507 152508 152508 152508 152508 152508 152508 152508 152508 152508 152508 152508 152508 152508 152508 152508 152508 152508 152508 152508 152508 152508 152508 152508 152508 152508 152508 152508 152508 152508 152508 152508 152508 152508 152508 152508 152508 152508 152508 152508 152508 152508 152508 152508 152508 152508 152508 152508 152508 152508 152508 152508 152508 152508 152508 152508 152508 152508 152508 152508 152508 152508 152508 152508 152508 152508 0 0 0 0 0 0 0 0 0 0 0 0 0 0 0 0 0 0 0 0 0 0 0 0 0
#obs catch bio
 0 87786.8 157216 204769 234035 288612 269380 291661 309192 288230 316205 283073 277291 247540 238000 218850 201232 167405 164835 154177 128470 116358 121780 124632 116916 101189 103576 96744.4 96244.5 107270 98722.4 95536.4 100289 94932.5 90938 99510.6 93825.7 90417.1 86072 92777.5 87679.8 83930.9 91350.4 88783.6 93563.1 89064.2 90920.6 90015 90111 90696.6
#pred cpue bio
 3.85124e+006 3.74666e+006 3.63098e+006 3.43931e+006 3.20433e+006 2.95256e+006 2.6625e+006 2.41447e+006 2.16462e+006 1.91843e+006 1.71416e+006 1.49689e+006 1.32476e+006 1.16737e+006 1.04333e+006 929687 833680 750963 701789 651634 608814 591144 584822 569731 547309 529168 527172 522458 525516 529471 520931 521072 524425 520511 518160 515175 498910 489703 489084 497098 499091 506484 518274 522749 531374 535181 543687 550139 558379 565844 1.99354e+007 1.20834e+007 1.23615e+007 1.31934e+007 1.4474e+007 1.5893e+007 1.72395e+007 1.84111e+007 1.93758e+007 2.01411e+007 2.07328e+007 2.11822e+007 2.15198e+007 2.17715e+007 2.19586e+007 2.20975e+007 2.22009e+007 2.2278e+007 2.23357e+007 2.23792e+007 2.2412e+007 2.2437e+007 2.24562e+007 2.24708e+007 2.24822e+007 2.2491e+007 2.24979e+007 2.25032e+007 2.25074e+007 2.25107e+007 2.25133e+007 2.25153e+007 2.25169e+007 2.25182e+007 2.25192e+007 2.25201e+007 2.25207e+007 2.25212e+007 2.25216e+007 2.2522e+007 2.25222e+007 2.25224e+007 2.25226e+007 2.25227e+007 2.25228e+007 2.25229e+007 2.2523e+007 2.2523e+007 2.25231e+007 2.25231e+007 2.25231e+007 2.25232e+007 2.25232e+007 2.25232e+007 2.25232e+007 2.25232e+007 2.25232e+007 2.25232e+007 2.25232e+007 2.25232e+007 2.25232e+007 2.25233e+007 2.25233e+007 2.25233e+007 2.25233e+007 2.25233e+007 2.25233e+007 2.25233e+007 2.25233e+007 2.25233e+007 2.25233e+007 2.25233e+007 2.25233e+007 2.25233e+007 2.25233e+007 2.25233e+007 2.25233e+007 2.25233e+007 2.25233e+007 2.25233e+007 2.25233e+007 2.25233e+007 2.25233e+007 2.25233e+007 2.25233e+007 2.25233e+007 2.25233e+007 2.25233e+007 2.25233e+007 2.25233e+007 2.25233e+007 2.25233e+007 2.25233e+007 2.25233e+007 2.25233e+007 2.25233e+007 2.25233e+007 2.25233e+007 2.25233e+007 2.25233e+007 0 0 0 0 0 0 0 0 0 0 0 0 0 0 0 0 0 0 0 0 0 0 0 0 0
#obs cpue bio
 3.88716e+006 2.47283e+006 3.62043e+006 2.30527e+006 3.71318e+006 2.99814e+006 2.43609e+006 2.79888e+006 2.08048e+006 1.66383e+006 1.4426e+006 1.14552e+006 983594 968248 912028 802209 994288 657722 503461 563878 372817 513069 592624 445734 535306 469242 389473 524316 511545 399172 492728 355089 432135 481070 487840 493207 433632 416535 531702 472103 746957 724037 613707 506913 481309 486277 566099 512769 523797 691154
#pred surv len freq
 0.0054071 0.00870107 0.0129487 0.0180805 0.023944 0.0302374 0.0364751 0.0420941 0.0466652 0.0500424 0.0523433 0.0538168 0.0547186 0.0552444 0.0555044 0.0555195 0.0552344 0.05454 0.0532821 0.0512484 0.0481633 0.0437518 0.0379022 0.0308574 0.0232777
 0.00553284 0.00881748 0.012967 0.017879 0.0234186 0.0293712 0.0353821 0.0409954 0.0457975 0.0495493 0.0522164 0.053919 0.0548678 0.0553071 0.0554535 0.0554378 0.0552691 0.0548283 0.0538805 0.0520988 0.0491137 0.0446219 0.0385589 0.0312571 0.0234597
 0.00580942 0.0092406 0.0135479 0.0185934 0.0241938 0.0300799 0.0358577 0.0410806 0.0454176 0.0487679 0.0512238 0.0529455 0.0540746 0.054729 0.055027 0.0550846 0.0549682 0.0546309 0.053864 0.0522995 0.0494875 0.0450593 0.0389399 0.0315071 0.0235705
 0.00603231 0.00961118 0.0141197 0.0194178 0.0253033 0.0314619 0.0374266 0.0426665 0.0467888 0.0496895 0.0515344 0.0526184 0.0532269 0.0535663 0.0537546 0.0538398 0.0538132 0.0535916 0.0529687 0.0515812 0.0489581 0.0446906 0.0386743 0.0312898 0.0233742
 0.00627423 0.00999416 0.0146786 0.0201826 0.0262992 0.032706 0.0389159 0.04436 0.0485892 0.0514347 0.0530111 0.0536049 0.0535579 0.0531923 0.0527599 0.0524057 0.0521485 0.0518744 0.0513242 0.0500897 0.047667 0.0436189 0.0378159 0.0306226 0.0228724
 0.0065492 0.0104274 0.0153052 0.021027 0.0273729 0.034004 0.0404126 0.0460076 0.0503213 0.0531693 0.054646 0.0550079 0.054568 0.053647 0.0525463 0.0515082 0.0506644 0.0499841 0.0492377 0.0479979 0.0457167 0.0419081 0.0363982 0.0295142 0.0220588
 0.00691327 0.0109989 0.0161275 0.0221269 0.0287566 0.0356521 0.0422731 0.0479942 0.0523249 0.055078 0.0563608 0.0564443 0.055644 0.0542694 0.0526121 0.0509302 0.0494118 0.0481159 0.0469059 0.0454172 0.0431183 0.0394968 0.0343245 0.0278612 0.0208419
 0.00725507 0.0115368 0.016904 0.0231706 0.0300785 0.0372403 0.0440848 0.0499524 0.0543256 0.0570068 0.0581102 0.0579233 0.0567779 0.0549922 0.0528562 0.0506238 0.0484938 0.0465681 0.0447871 0.0428786 0.0403849 0.0368217 0.0319336 0.0259079 0.0193858
 0.00762093 0.0121161 0.017747 0.0243135 0.0315371 0.039001 0.0460939 0.0521131 0.0565104 0.0590804 0.0599512 0.0594355 0.0578908 0.0556549 0.0530282 0.0502659 0.0475668 0.0450468 0.042691 0.0403039 0.0375179 0.0339158 0.0292533 0.0236625 0.0176819
 0.00798077 0.0126908 0.0185925 0.0254751 0.0330413 0.0408425 0.0482217 0.0544253 0.0588651 0.0613213 0.0619332 0.0610413 0.0590374 0.0562918 0.0531287 0.0498158 0.0465552 0.0434685 0.0405646 0.0377032 0.0345975 0.0309082 0.0264262 0.02125 0.0158221
 0.00821843 0.0130794 0.0191822 0.0263153 0.034173 0.0422853 0.0499582 0.0563928 0.0609604 0.0634158 0.0638904 0.0627322 0.0603516 0.0571451 0.0534658 0.0496065 0.045787 0.0421433 0.0387066 0.0353799 0.0319431 0.0281288 0.0237701 0.0189473 0.0140215
 0.00856666 0.013627 0.0199724 0.0273771 0.0355186 0.043905 0.0518126 0.0584074 0.0630309 0.0654215 0.0657103 0.0642564 0.0614885 0.057825 0.0536422 0.049254 0.0448983 0.0407274 0.0367951 0.0330423 0.0293061 0.0253825 0.0211454 0.0166631 0.0122245
 0.00878738 0.0139885 0.0205209 0.028157 0.036563 0.0452217 0.0533705 0.0601338 0.064823 0.0671683 0.0673096 0.0656218 0.0625484 0.0585196 0.0539225 0.0490831 0.0442532 0.0396029 0.0352116 0.031059 0.027035 0.0229923 0.0188415 0.0146424 0.0106231
 0.00902967 0.0143723 0.0210805 0.028919 0.037544 0.0464231 0.0547704 0.06168 0.0664344 0.0687448 0.0687469 0.0668264 0.0634481 0.0590663 0.0540883 0.0488528 0.0436183 0.0385628 0.0337822 0.0292877 0.025016 0.0208707 0.0167956 0.012845 0.00919469
 0.00922943 0.0146874 0.0215371 0.0295355 0.0383291 0.0473723 0.0558617 0.062872 0.0676702 0.0699599 0.0698764 0.0678075 0.0642222 0.059582 0.054305 0.0487428 0.0431666 0.0377659 0.0326524 0.0278633 0.0233735 0.0191296 0.0151052 0.0113512 0.00800158
 0.00936281 0.0149147 0.0218977 0.0300712 0.0390726 0.0483313 0.0570045 0.0641259 0.0689369 0.0711401 0.0708902 0.068603 0.0647713 0.0598723 0.0543312 0.0485015 0.0426554 0.0369862 0.0316153 0.0266002 0.0219463 0.0176348 0.0136637 0.0100819 0.00698919
 0.00954078 0.0151857 0.0222728 0.0305519 0.039656 0.0490153 0.0577878 0.0650002 0.0698759 0.0720923 0.0717832 0.0693579 0.0653218 0.0601778 0.0543784 0.048296 0.0422109 0.0363179 0.0307416 0.0255505 0.0207713 0.0164117 0.0124883 0.0090487 0.00616547
 0.00974446 0.0155027 0.0227226 0.0311411 0.0403755 0.0498377 0.0586671 0.0658772 0.070691 0.0728003 0.0723588 0.0697891 0.0655982 0.0602845 0.0542993 0.0480219 0.0417438 0.0356706 0.0299356 0.0246168 0.0197552 0.0153756 0.0115072 0.00819474 0.00548905
 0.00976001 0.0155328 0.0227775 0.0312344 0.0405227 0.0500529 0.0589582 0.0662421 0.0711164 0.0732634 0.0728311 0.0702418 0.0660051 0.0606207 0.0545392 0.0481385 0.0417125 0.0354758 0.0295764 0.0241104 0.0191382 0.0147018 0.0108412 0.00759874 0.00500805
 0.00988063 0.0157139 0.0230221 0.031536 0.0408679 0.0504257 0.0593431 0.0666244 0.0714817 0.073597 0.0731188 0.0704712 0.0661664 0.0607077 0.0545478 0.0480646 0.04155 0.0352172 0.0292178 0.0236578 0.0186134 0.0141427 0.0102962 0.00711547 0.00462051
 0.00998668 0.0158799 0.0232594 0.0318494 0.0412526 0.0508653 0.0598077 0.0670739 0.0718745 0.0739018 0.0733217 0.0705748 0.0661828 0.0606509 0.0544292 0.0478906 0.0413228 0.0349356 0.0288802 0.023267 0.0181815 0.0136943 0.00986482 0.00673551 0.00431697
 0.0099953 0.0158813 0.0232391 0.0317889 0.0411375 0.0506963 0.0596083 0.0668873 0.0717493 0.0738741 0.0734042 0.070756 0.0664355 0.0609416 0.0547244 0.04816 0.0415405 0.0350814 0.0289405 0.0232378 0.0180703 0.013521 0.00965927 0.00653052 0.00413969
 0.00989378 0.0157294 0.0230344 0.0315364 0.0408464 0.0503762 0.0592689 0.0665431 0.0714263 0.0736124 0.0732508 0.0707502 0.0665938 0.0612496 0.0551414 0.0486308 0.0420087 0.0354988 0.0292726 0.0234658 0.0181918 0.0135493 0.00961977 0.00645419 0.00405509
 0.00983332 0.0156414 0.0229214 0.0314072 0.0407138 0.0502525 0.0591612 0.0664514 0.0713448 0.073533 0.0731705 0.0706774 0.0665494 0.0612607 0.0552276 0.0487941 0.0422296 0.0357429 0.0295015 0.0236475 0.0183082 0.0135987 0.00961438 0.00641462 0.00400287
 0.00999737 0.015873 0.0232051 0.0317073 0.0409851 0.0504571 0.0592815 0.0664907 0.0713179 0.073454 0.0730464 0.0705104 0.0663449 0.0610338 0.0550046 0.0486044 0.042095 0.0356688 0.0294755 0.0236464 0.0183083 0.0135845 0.00958205 0.00636997 0.00395594
 0.0101913 0.0161654 0.0236012 0.0321929 0.0415257 0.0510009 0.0597643 0.066847 0.0714973 0.0734383 0.0728549 0.0701896 0.065949 0.0606093 0.0545852 0.0482151 0.0417555 0.0353927 0.0292668 0.0234978 0.0182043 0.0135077 0.00951985 0.00631669 0.00391126
 0.0101757 0.0161482 0.0235905 0.0322009 0.041566 0.0510817 0.0598835 0.0669895 0.0716376 0.0735474 0.0729092 0.0701794 0.065881 0.060503 0.0544647 0.0481006 0.0416602 0.0353231 0.0292243 0.023479 0.0182017 0.0135119 0.00952273 0.00631429 0.00390397
 0.0102401 0.0162397 0.0237041 0.0323249 0.0416865 0.0511896 0.0599787 0.0670791 0.0717283 0.073638 0.0729869 0.0702238 0.0658731 0.0604344 0.0543418 0.0479421 0.0414904 0.0351638 0.0290903 0.0233766 0.0181297 0.0134643 0.00949177 0.00629335 0.00388885
 0.0101899 0.0161682 0.023615 0.0322272 0.041591 0.0511043 0.0599063 0.0670192 0.0716827 0.0736145 0.0729975 0.0702769 0.0659662 0.0605519 0.0544606 0.048042 0.041561 0.0352066 0.0291139 0.0233909 0.0181414 0.0134757 0.0095023 0.00630132 0.00389347
 0.0101022 0.0160365 0.0234374 0.0320104 0.0413496 0.0508592 0.0596815 0.0668386 0.0715654 0.0735695 0.0730238 0.070366 0.0661067 0.0607311 0.0546637 0.048251 0.0417574 0.0353761 0.0292499 0.0234944 0.0182179 0.0135314 0.00954185 0.00632811 0.00391021
 0.010126 0.0160751 0.0234951 0.0320903 0.0414523 0.0509804 0.0598111 0.0669616 0.0716649 0.0736321 0.073042 0.0703401 0.0660431 0.0606412 0.0545609 0.0481479 0.0416625 0.0352927 0.0291777 0.0234323 0.0181657 0.0134897 0.00951094 0.0063071 0.0038971
 0.00993034 0.0157915 0.0231325 0.03168 0.0410402 0.050614 0.0595282 0.0667852 0.0716038 0.073682 0.0731877 0.0705581 0.0663063 0.0609233 0.0548407 0.0484104 0.0418988 0.0354982 0.0293504 0.0235717 0.0182731 0.0135681 0.009565 0.00634216 0.00391839
 0.00961114 0.0153103 0.0224798 0.0308762 0.040134 0.0496773 0.0586497 0.0660604 0.0711176 0.0734878 0.0732933 0.0709272 0.0668735 0.0616129 0.0555815 0.0491443 0.0425837 0.0361073 0.0298695 0.0239962 0.0186052 0.0138155 0.00973922 0.00645725 0.00398915
 0.00931909 0.0148643 0.0218632 0.0300946 0.0392164 0.0486744 0.0576334 0.0651212 0.0703533 0.0729846 0.0731068 0.0710709 0.0673177 0.0622942 0.0564173 0.0500489 0.0434817 0.036941 0.0306012 0.0246064 0.0190891 0.0141794 0.00999731 0.00662871 0.00409502
 0.00926944 0.0147491 0.0216274 0.0296696 0.0385411 0.0477274 0.0564598 0.0638346 0.0691099 0.0719416 0.0723867 0.0707438 0.067399 0.0627504 0.057176 0.0510126 0.0445442 0.0380037 0.0315853 0.0254589 0.0197831 0.0147105 0.0103785 0.00688396 0.00425348
 0.00999418 0.0157623 0.0228449 0.0309038 0.0395463 0.0482774 0.0564168 0.06318 0.0679361 0.0704224 0.07074 0.0691904 0.0661224 0.0618668 0.0567233 0.0509586 0.0448068 0.0384759 0.0321583 0.0260397 0.0203052 0.0151366 0.0106972 0.007103 0.00439171
 0.0108115 0.0170347 0.0246457 0.0332391 0.0423261 0.0512883 0.0593146 0.0655346 0.0693412 0.0706289 0.0697409 0.0672113 0.0635331 0.0590668 0.0540511 0.0486436 0.0429609 0.0371112 0.0312188 0.0254354 0.0199406 0.0149291 0.0105849 0.00704472 0.00436252
 0.0107279 0.0170106 0.0248155 0.0337946 0.0434641 0.0531247 0.0618037 0.0684382 0.0722651 0.0731138 0.0713758 0.0677371 0.0629069 0.0574648 0.0518054 0.04614 0.0405393 0.0350044 0.0295373 0.0241885 0.0190735 0.0143596 0.0102301 0.00683466 0.00424461
 0.0103571 0.0164605 0.024093 0.0329602 0.0426405 0.0524947 0.06159 0.0688523 0.0734258 0.0749658 0.0736593 0.0700415 0.0647939 0.0586061 0.0520751 0.0456281 0.0394907 0.0337191 0.0282774 0.0231235 0.0182716 0.0138122 0.00988734 0.00663633 0.00413795
 0.0100953 0.0160375 0.0234636 0.032092 0.0415303 0.0511928 0.0602228 0.0676253 0.0725923 0.0747618 0.0742239 0.0713511 0.066642 0.0606476 0.0539288 0.0469968 0.0402455 0.0339105 0.0280779 0.02274 0.0178718 0.0134909 0.00967173 0.00651197 0.00407559
 0.0100766 0.015991 0.0233627 0.0318986 0.0412005 0.050689 0.0595303 0.0667698 0.0716536 0.073877 0.0735713 0.0711077 0.0669219 0.0614451 0.0550981 0.04829 0.0413983 0.0347347 0.0285142 0.0228492 0.0177794 0.0133225 0.00951233 0.00639783 0.00400848
 0.0101645 0.0161057 0.0234822 0.0319827 0.0411985 0.0505529 0.0592282 0.0662931 0.0710198 0.0731332 0.0727979 0.0704188 0.0664506 0.0613088 0.0553531 0.0488962 0.0422196 0.0355844 0.029225 0.0233293 0.0180276 0.0134005 0.00949947 0.00635632 0.00397136
 0.0102067 0.0161707 0.0235724 0.0320942 0.0413179 0.0506543 0.0592725 0.0662348 0.0708202 0.0727764 0.0723021 0.0698387 0.0658717 0.0608337 0.0550795 0.0488873 0.0424765 0.0360376 0.0297563 0.0238178 0.0183929 0.013622 0.00960363 0.00638862 0.00397163
 0.010163 0.0161234 0.0235445 0.0321206 0.0414338 0.050878 0.0595906 0.0665982 0.0711547 0.0730023 0.0723561 0.0696916 0.065538 0.0603723 0.0545822 0.0484559 0.0421934 0.0359391 0.0298219 0.0239827 0.01858 0.0137732 0.00969593 0.00642877 0.00397984
 0.00999177 0.0158686 0.0232063 0.0317186 0.041007 0.0504802 0.0592832 0.0664382 0.0711769 0.0732023 0.0726842 0.0700654 0.0658704 0.0606012 0.0546899 0.0484712 0.0421751 0.0359492 0.0298985 0.0241269 0.018761 0.0139492 0.00983517 0.00652001 0.00402949
 0.0099595 0.015806 0.0230942 0.0315354 0.0407364 0.0501239 0.0588705 0.0660262 0.0708382 0.0730028 0.072662 0.0702177 0.0661531 0.0609435 0.0550186 0.048735 0.0423599 0.0360747 0.0300008 0.0242356 0.0188854 0.0140783 0.00995017 0.00660692 0.00408521
 0.00998916 0.0158379 0.0231113 0.0315105 0.0406374 0.0499238 0.0585587 0.0656162 0.0703697 0.0725381 0.0722746 0.0699745 0.0660947 0.06107 0.0552893 0.0490842 0.0427209 0.0364013 0.0302755 0.0244627 0.0190764 0.0142403 0.0100828 0.00670718 0.00415315
 0.00990936 0.0157326 0.0229971 0.0314145 0.0405862 0.0499265 0.0585959 0.0656434 0.0703364 0.0724118 0.0720584 0.0697084 0.0658418 0.0608939 0.0552317 0.0491524 0.0428889 0.0366246 0.0305099 0.0246784 0.0192603 0.0143901 0.0102001 0.00679426 0.00421286
 0.00948955 0.0151267 0.0222282 0.0305561 0.0397448 0.0492111 0.0580897 0.0653884 0.0703293 0.0726087 0.0723875 0.0700926 0.066224 0.0612517 0.0555754 0.0495064 0.0432706 0.0370315 0.0309205 0.0250633 0.0195946 0.0146602 0.0104041 0.00693805 0.004307
 0.00885249 0.0141699 0.0209381 0.0289803 0.0379884 0.0474236 0.0564498 0.0640822 0.0695152 0.0723751 0.0727254 0.0709011 0.0673469 0.0625262 0.0568708 0.0507415 0.0444088 0.0380618 0.0318389 0.0258616 0.0202617 0.0151892 0.0107978 0.00721115 0.00448223
#obs surv len freq
 nan nan nan nan nan nan nan nan nan nan nan nan nan nan nan nan nan nan nan nan nan nan nan nan nan
 0.00448525 0.00734661 0.0111763 0.0159917 0.021691 0.0279647 0.0342771 0.0400072 0.0446864 0.0481508 0.05051 0.0520074 0.0529013 0.0534152 0.0537307 0.0539866 0.0542659 0.0545591 0.0546981 0.0542901 0.0527282 0.0493601 0.0438095 0.0362889 0.0276719
 0.00461799 0.00756488 0.0115089 0.016466 0.0223255 0.0287591 0.0352019 0.0410011 0.0456656 0.0490259 0.0512032 0.0524641 0.0530948 0.0533461 0.0534225 0.0534771 0.0535991 0.0537779 0.0538418 0.0533956 0.0518345 0.0485108 0.0430497 0.0356569 0.0271889
 0.00478011 0.00783032 0.011912 0.0170402 0.0230971 0.029737 0.0363658 0.0422965 0.0470074 0.0503117 0.0523287 0.0533363 0.0536429 0.0535295 0.0532334 0.0529391 0.0527588 0.0526959 0.0525851 0.0520351 0.0504456 0.0471743 0.0418458 0.034652 0.0264194
 0.00496273 0.00812993 0.0123681 0.0176914 0.0239742 0.0308512 0.0376971 0.0437883 0.0485736 0.0518506 0.0537363 0.0545146 0.0545045 0.0540036 0.0532734 0.0525289 0.0519159 0.0514699 0.0510521 0.0502933 0.0486107 0.0453736 0.0402045 0.0332725 0.0253592
 0.0051712 0.00847014 0.0128826 0.0184212 0.0249513 0.0320869 0.0391695 0.0454371 0.050308 0.0535647 0.0553246 0.0558801 0.0555611 0.0546766 0.0535012 0.0522683 0.0511499 0.0502161 0.0493694 0.0482842 0.0464183 0.0431687 0.0381623 0.0315385 0.0240181
 0.0054091 0.00885729 0.0134661 0.019245 0.0260483 0.0334659 0.0408017 0.0472519 0.0522024 0.0554234 0.0570373 0.057351 0.05671 0.0554357 0.0538124 0.0520829 0.0504336 0.0489599 0.0476054 0.0461001 0.0439631 0.040642 0.0357813 0.0294921 0.0224225
 0.00564603 0.00924853 0.014066 0.0201078 0.0272167 0.0349542 0.0425781 0.0492334 0.0542683 0.0574396 0.0588792 0.0589159 0.0579184 0.0562273 0.0541398 0.0519061 0.0497192 0.0476894 0.0457924 0.0438136 0.0413441 0.037899 0.0331581 0.0272109 0.0206279
 0.0058836 0.00963814 0.014659 0.0209551 0.02836 0.0364115 0.044328 0.0512069 0.0563562 0.0595109 0.0608018 0.0605712 0.0592105 0.0570852 0.0545144 0.0517626 0.0490319 0.0464426 0.043995 0.0415228 0.0386886 0.0350835 0.030434 0.0248175 0.0187291
 0.00613243 0.0100442 0.0152732 0.0218258 0.0295244 0.0378813 0.0460748 0.0531571 0.0584011 0.0615273 0.0626698 0.0621847 0.06048 0.0579387 0.0548968 0.0516342 0.0483653 0.0452239 0.042233 0.0392702 0.0360652 0.0322845 0.0277065 0.0224041 0.0168015
 0.00637371 0.0104425 0.0158834 0.0227024 0.0307098 0.0393881 0.0478682 0.0551503 0.0604693 0.0635335 0.0644892 0.0637166 0.0616494 0.0586913 0.0551933 0.0514448 0.0476672 0.0440038 0.0404987 0.0370697 0.0335096 0.0295574 0.0250431 0.0200393 0.0149055
 0.00661506 0.0108361 0.0164784 0.0235458 0.0318381 0.0408137 0.0495642 0.0570436 0.0624485 0.0654683 0.0662512 0.0651957 0.0627617 0.0593814 0.0554293 0.0512104 0.0469538 0.0428086 0.0388335 0.03498 0.0310966 0.0269884 0.0225346 0.0178092 0.0131136
 0.00684616 0.0112172 0.0170616 0.024382 0.0329661 0.0422426 0.0512573 0.0589144 0.0643747 0.0673173 0.0679027 0.0665525 0.0637523 0.0599579 0.055565 0.0508949 0.0461879 0.0416015 0.0372069 0.0329825 0.0288231 0.0245898 0.0202049 0.0157436 0.0114553
 0.00705225 0.0115532 0.0175692 0.0251014 0.0339288 0.0434601 0.0527081 0.0605372 0.0660746 0.0689809 0.0694163 0.0678163 0.0646889 0.0605151 0.0557141 0.0506257 0.0455031 0.0405137 0.0357424 0.0311916 0.0267948 0.0224596 0.0181425 0.0139186 0.00999154
 0.00726423 0.0119022 0.0181023 0.0258633 0.0349517 0.0447473 0.0542195 0.0621866 0.0677451 0.0705504 0.0707792 0.068893 0.0654258 0.0608809 0.0556957 0.0502244 0.0447308 0.0393911 0.0343016 0.0294848 0.0249055 0.0205085 0.0162768 0.0122823 0.00868718
 0.00746354 0.0122272 0.018593 0.0265576 0.0358775 0.0459107 0.0555915 0.0636977 0.0692929 0.0720182 0.072056 0.0698898 0.0660829 0.0611694 0.0556119 0.0497822 0.0439538 0.038309 0.032952 0.0279209 0.0232049 0.0187773 0.0146402 0.0108595 0.0075606
 0.00753283 0.0123498 0.0187966 0.0268752 0.0363419 0.0465448 0.0563974 0.0646523 0.0703494 0.0731128 0.0731156 0.0708376 0.066846 0.0616859 0.0558387 0.049698 0.0435581 0.0376191 0.0320006 0.0267581 0.0219023 0.0174291 0.0133539 0.00973565 0.0066684
 0.00760592 0.0124578 0.0189401 0.0270507 0.0365473 0.0467858 0.0566912 0.0650231 0.070818 0.0736846 0.0737722 0.0715368 0.0675273 0.0622805 0.0562794 0.0499287 0.0435412 0.0373397 0.0314687 0.0260089 0.0209967 0.0164496 0.0123948 0.00888456 0.0059863
 0.00766036 0.0125411 0.0190551 0.0271957 0.0367151 0.0469649 0.0568682 0.0651885 0.0709735 0.0738475 0.0739717 0.0718002 0.0678638 0.0626701 0.0566737 0.0502622 0.0437473 0.0373658 0.0312876 0.0256252 0.0204474 0.0157993 0.0117234 0.00826922 0.00548308
 0.00772104 0.0126328 0.0191802 0.0273514 0.0368939 0.0471555 0.0570564 0.0653587 0.0711115 0.0739463 0.0740363 0.0718494 0.0679247 0.062767 0.0568144 0.0504291 0.043899 0.0374487 0.0312534 0.0254474 0.0201314 0.0153821 0.0112638 0.00783056 0.00511481
 0.00774971 0.0126753 0.0192365 0.0274184 0.0369666 0.0472277 0.0571226 0.0654142 0.071154 0.0739762 0.0740571 0.0718682 0.067952 0.062815 0.0568934 0.0505405 0.0440291 0.0375674 0.0313209 0.0254282 0.0200091 0.0151679 0.0109931 0.00755022 0.00486688
 0.00781002 0.0127664 0.0193602 0.0275714 0.0371401 0.0474087 0.057295 0.0655607 0.0712588 0.0740296 0.074058 0.0718243 0.0678779 0.0627286 0.0568125 0.0504791 0.0439926 0.0375489 0.0313012 0.0253818 0.0199156 0.0150223 0.0108095 0.00735605 0.00469103
 0.00783828 0.0128122 0.0194287 0.0276664 0.0372624 0.047554 0.057452 0.0657122 0.0713858 0.0741161 0.0740961 0.0718147 0.0678284 0.062652 0.0567235 0.0503919 0.0439177 0.03749 0.0312528 0.025331 0.0198476 0.0149286 0.0106929 0.00723041 0.00457416
 0.00787403 0.0128631 0.0194922 0.0277361 0.0373307 0.0476156 0.0575064 0.0657625 0.0714354 0.074165 0.0741392 0.0718442 0.0678374 0.0626375 0.0566882 0.0503429 0.0438639 0.0374386 0.0312063 0.0252863 0.0197976 0.0148672 0.0106195 0.00715106 0.00449898
 0.00789268 0.0128937 0.0195381 0.0277995 0.0374108 0.0477069 0.0575977 0.0658399 0.0714874 0.0741874 0.0741368 0.0718265 0.0678128 0.0626098 0.0566567 0.050306 0.0438216 0.0373931 0.0311604 0.025241 0.0197515 0.014818 0.0105665 0.00709683 0.00444862
 0.00788386 0.0128781 0.0195128 0.0277617 0.0373597 0.0476454 0.0575335 0.0657837 0.0714493 0.0741729 0.0741455 0.0718544 0.0678551 0.0626626 0.0567161 0.0503671 0.043879 0.0374419 0.0311976 0.0252652 0.0197625 0.0148163 0.0105538 0.00707653 0.00442548
 0.00788963 0.012882 0.0195086 0.0277405 0.0373121 0.0475659 0.0574241 0.0656555 0.0713197 0.0740619 0.07407 0.0718242 0.0678715 0.0627189 0.0568012 0.0504687 0.0439853 0.0375432 0.0312865 0.0253368 0.0198147 0.0148491 0.0105697 0.00707955 0.0044206
 0.0078874 0.0128765 0.0194964 0.0277167 0.0372708 0.0475013 0.0573325 0.0655372 0.0711814 0.0739171 0.0739377 0.0717248 0.0678213 0.0627256 0.0568619 0.0505717 0.0441143 0.0376811 0.0314185 0.0254522 0.0199072 0.0149166 0.0106137 0.00710438 0.00443178
 0.00787153 0.0128511 0.019459 0.0276651 0.0372036 0.0474182 0.0572348 0.0654284 0.0710665 0.0738026 0.0738317 0.0716372 0.0677634 0.062708 0.0568912 0.0506476 0.0442287 0.0378198 0.0315647 0.0255903 0.0200257 0.0150093 0.0106795 0.00714645 0.0044556
 0.00786945 0.0128428 0.0194376 0.0276216 0.0371296 0.04731 0.0570968 0.065273 0.0709108 0.0736629 0.07372 0.0715601 0.0677235 0.0627062 0.056928 0.0507223 0.0443378 0.0379553 0.0317143 0.0257396 0.0201609 0.0151208 0.0107632 0.00720329 0.0044904
 0.00783957 0.0127978 0.0193763 0.0275445 0.0370378 0.0472039 0.0569761 0.0651384 0.0707669 0.0735202 0.0735935 0.0714657 0.0676732 0.0627053 0.0569753 0.0508118 0.0444614 0.0381034 0.0318758 0.0259018 0.0203112 0.0152486 0.0108626 0.00727357 0.00453537
 0.00783904 0.0127886 0.0193476 0.0274821 0.0369291 0.0470448 0.056776 0.0649192 0.0705557 0.0733401 0.0734586 0.0713814 0.0676403 0.0627228 0.0570407 0.0509205 0.0446056 0.0382726 0.0320576 0.0260831 0.0204792 0.015393 0.0109767 0.00735611 0.00458961
 0.00780002 0.012731 0.0192712 0.027389 0.0368216 0.0469224 0.0566349 0.0647559 0.0703728 0.0731506 0.0732848 0.0712483 0.0675671 0.0627176 0.0571011 0.0510368 0.0447647 0.0384603 0.0322592 0.026284 0.0206657 0.0155538 0.011105 0.00744997 0.00465224
 0.00775822 0.01266 0.0191592 0.0272252 0.0366001 0.0466484 0.0563282 0.0644481 0.0700982 0.0729353 0.0731412 0.0711779 0.0675671 0.062785 0.0572318 0.0512237 0.0449958 0.0387195 0.0325285 0.0265455 0.0209038 0.0157565 0.0112653 0.00756697 0.00473043
 0.00774969 0.0126434 0.019129 0.0271734 0.0365176 0.0465268 0.0561631 0.0642426 0.0698653 0.0726973 0.0729256 0.0710104 0.0674649 0.0627549 0.0572718 0.0513264 0.0451507 0.0389134 0.0327458 0.0267687 0.0211156 0.0159424 0.0114158 0.00767896 0.00480649
 0.00934053 0.0148715 0.0218207 0.029946 0.0388904 0.0480984 0.0567519 0.0639128 0.0688459 0.071264 0.0713153 0.0693903 0.0659398 0.0613848 0.0560868 0.050336 0.0443502 0.0382893 0.0322786 0.0264357 0.0208916 0.0158019 0.0113347 0.00763646 0.00478673
 0.00929441 0.0150937 0.0226793 0.0319004 0.0422919 0.0529209 0.0624203 0.0693972 0.0730283 0.0733801 0.0712059 0.0674445 0.062824 0.0577572 0.0524345 0.0469476 0.0413635 0.0357516 0.0301902 0.0247724 0.0196159 0.0148659 0.0106833 0.00721014 0.00452669
 0.00898112 0.0145944 0.0219684 0.0310184 0.0414017 0.0523484 0.0626184 0.0707841 0.0757385 0.0770766 0.0751202 0.0706696 0.0646944 0.0580809 0.0514644 0.0451699 0.0392669 0.0336936 0.0283724 0.0232774 0.018454 0.0140097 0.010087 0.00682026 0.00428929
 0.00880197 0.0143009 0.0215225 0.0303848 0.040561 0.0513231 0.0615102 0.0698043 0.0751979 0.0773033 0.076311 0.0727428 0.0672495 0.0605268 0.0532609 0.0460374 0.0392456 0.0330459 0.0274241 0.0222943 0.0175958 0.0133411 0.00961027 0.00650649 0.00409845
 0.00874105 0.0141909 0.0213364 0.0300898 0.0401249 0.0507257 0.0607575 0.0689416 0.0743203 0.0765613 0.0758991 0.0728537 0.0679909 0.0618366 0.0548841 0.0476054 0.0404246 0.0336667 0.0275165 0.0220243 0.0171634 0.0129028 0.00925171 0.00625258 0.0039383
 0.00869437 0.014117 0.0212281 0.0299394 0.0399228 0.0504597 0.0604139 0.0685113 0.0738081 0.0759975 0.0753507 0.0724266 0.0678138 0.0620196 0.0554618 0.0484946 0.0414344 0.034569 0.0281399 0.0223147 0.0171785 0.0127573 0.00905615 0.00607807 0.00381293
 0.00868429 0.014096 0.0211881 0.0298702 0.0398148 0.050307 0.0602171 0.0682757 0.0735402 0.0757024 0.0750355 0.0721107 0.0675403 0.0618562 0.0554828 0.0487454 0.0418966 0.0351512 0.0287091 0.0227529 0.0174294 0.0128362 0.0090232 0.00599957 0.00373513
 0.00867965 0.0140902 0.0211822 0.0298653 0.0398097 0.050297 0.0601928 0.0682249 0.073452 0.0755713 0.0748632 0.0719064 0.0673215 0.0616513 0.0553325 0.0486957 0.0419803 0.0353661 0.0290092 0.0230633 0.0176791 0.0129879 0.00908085 0.00599442 0.00370316
 0.00867839 0.0140883 0.0211798 0.0298626 0.0398077 0.0502965 0.0601942 0.0682267 0.0734493 0.0755555 0.0748239 0.0718352 0.0672164 0.0615206 0.0551961 0.0485829 0.0419232 0.0353873 0.0291088 0.0232151 0.0178404 0.0131189 0.00916129 0.00602684 0.00370419
 0.00867543 0.0140838 0.0211734 0.0298544 0.039798 0.050286 0.0601839 0.0682179 0.073443 0.0755514 0.0748193 0.0718247 0.067193 0.061479 0.0551366 0.0485148 0.041864 0.0353574 0.0291223 0.0232716 0.0179241 0.0132056 0.00923009 0.00606862 0.00372179
 0.00867067 0.014077 0.021165 0.0298454 0.0397895 0.0502791 0.0601791 0.0682152 0.073442 0.0755516 0.0748201 0.0718248 0.06719 0.0614695 0.0551175 0.0484858 0.0418299 0.035328 0.0291093 0.0232824 0.0179573 0.0132513 0.00927499 0.00610276 0.00374191
 0.0086473 0.0140418 0.0211173 0.0297867 0.0397235 0.0502108 0.060115 0.068162 0.0734056 0.0755359 0.0748257 0.071849 0.0672278 0.0615144 0.0551629 0.0485262 0.0418625 0.0353539 0.0291329 0.0233094 0.0179906 0.0132893 0.00931244 0.00613379 0.00376331
 0.00862404 0.0140025 0.0210559 0.0296973 0.0396031 0.0500626 0.05995 0.0679993 0.0732676 0.0754415 0.0747857 0.0718645 0.0672915 0.0616139 0.0552835 0.0486538 0.0419855 0.035465 0.0292292 0.0233914 0.0180607 0.0133489 0.00936153 0.00617151 0.00378948
 0.00861694 0.013989 0.0210317 0.0296571 0.0395412 0.0499748 0.0598362 0.0678649 0.0731238 0.0753048 0.0746746 0.071795 0.0672733 0.0616478 0.0553619 0.0487631 0.0421102 0.0355908 0.0293458 0.0234932 0.0181456 0.0134173 0.00941451 0.0062104 0.00381598
 0.00862543 0.014003 0.0210529 0.0296863 0.0395773 0.0500133 0.0598686 0.0678796 0.0731101 0.0752567 0.0745945 0.0716942 0.0671694 0.0615591 0.0553025 0.0487393 0.04212 0.0356259 0.0293954 0.0235472 0.0181967 0.0134614 0.00944991 0.00623693 0.0038344
#pred catch len freq
 0.00476295 0.00751447 0.0109166 0.0148653 0.0192909 0.0241407 0.0293073 0.0345908 0.0397391 0.0445164 0.0487445 0.0523148 0.0551873 0.0573774 0.0589225 0.0598467 0.0601403 0.0597542 0.0585885 0.056466 0.0531234 0.0482836 0.0418391 0.0340668 0.0257003
 0.00488076 0.00763611 0.0109748 0.0147663 0.0189529 0.0235485 0.0285451 0.0338239 0.0391419 0.0441877 0.0486621 0.0523554 0.0551971 0.0572521 0.0586603 0.0595519 0.0599786 0.0598771 0.0590585 0.0572209 0.053999 0.0490863 0.0424275 0.0343973 0.025818
 0.00516637 0.00806573 0.0115513 0.0154547 0.0196733 0.0241767 0.028932 0.0338394 0.0387366 0.0434358 0.0477444 0.0514774 0.0544917 0.0567329 0.0582552 0.0591864 0.0596453 0.0596446 0.0590195 0.0574192 0.0543883 0.0495472 0.042829 0.034658 0.0259291
 0.00541286 0.00846048 0.0121339 0.0162566 0.0207084 0.0254259 0.0303219 0.0352292 0.0399292 0.0442225 0.0479746 0.0511213 0.0536562 0.0556124 0.0570446 0.0580144 0.0585679 0.0586863 0.0582111 0.0567968 0.0539632 0.0492843 0.04266 0.0345184 0.0257874
 0.00567991 0.00887434 0.0127212 0.0170346 0.0216898 0.0266223 0.0317372 0.0368404 0.0416609 0.0459291 0.0494466 0.052128 0.0540163 0.0552617 0.0560601 0.0565784 0.0568958 0.0569634 0.0565687 0.0553187 0.052697 0.048246 0.0418375 0.033883 0.025309
 0.00600445 0.00937409 0.0134224 0.0179459 0.0228062 0.0279304 0.0332175 0.0384648 0.0433879 0.0476959 0.0511557 0.0536359 0.0551384 0.055808 0.055895 0.0556757 0.0553556 0.05498 0.0543701 0.0531127 0.0506427 0.0464479 0.0403511 0.0327231 0.0244584
 0.00637826 0.00995059 0.0142328 0.0190012 0.0240999 0.0294425 0.0349141 0.0402945 0.0452818 0.0495728 0.0529282 0.0552096 0.0564054 0.0566406 0.0561555 0.0552483 0.0541932 0.0531399 0.0520157 0.0504776 0.0479775 0.0439723 0.0382239 0.03103 0.0232137
 0.00677233 0.0105574 0.015084 0.0201069 0.0254523 0.0310211 0.0366849 0.0422055 0.0472602 0.0515284 0.0547622 0.0568232 0.0577041 0.0575332 0.0565482 0.055046 0.0533172 0.0515634 0.0498008 0.04779 0.0450652 0.0411134 0.0356655 0.0289393 0.0216553
 0.00720454 0.0112253 0.0160253 0.0213361 0.0269627 0.0327881 0.0386638 0.0443271 0.0494312 0.05364 0.0567014 0.0584836 0.0589928 0.0583724 0.0568721 0.0547942 0.0524345 0.0500151 0.047605 0.0450524 0.0419916 0.0379839 0.032772 0.0265123 0.0198127
 0.00760383 0.0118479 0.0169142 0.0225165 0.0284425 0.034557 0.0406873 0.0465384 0.0517299 0.0559005 0.0587878 0.0602656 0.0603594 0.0592398 0.0571829 0.0545096 0.0515262 0.0484672 0.045433 0.0423361 0.0389014 0.0347767 0.0297433 0.0239209 0.017812
 0.00795381 0.0123954 0.0176994 0.023566 0.0297699 0.0361616 0.042548 0.0486051 0.0539199 0.0581021 0.0608702 0.0620928 0.0618051 0.0602009 0.0575862 0.0543109 0.0507039 0.0470183 0.0433823 0.0397582 0.035947 0.0316772 0.026778 0.0213483 0.0157994
 0.00834523 0.0129989 0.0185478 0.0246719 0.0311295 0.0377601 0.0443581 0.0505805 0.0559889 0.0601684 0.0628191 0.0638019 0.0631572 0.0610958 0.0579486 0.054093 0.0498831 0.0455962 0.0413895 0.0372709 0.0331063 0.0286961 0.0239149 0.0188488 0.0138292
 0.00864727 0.0134736 0.0192323 0.0255914 0.0322954 0.0391666 0.0459765 0.0523547 0.0578395 0.0620019 0.0645384 0.0653121 0.0643688 0.0619274 0.0583313 0.053974 0.0492286 0.0443957 0.0396637 0.0350856 0.0305881 0.0260355 0.021344 0.0165904 0.0120374
 0.00892878 0.0139098 0.0198501 0.0264051 0.0333091 0.0403771 0.0473696 0.0538976 0.0594741 0.0636447 0.0660891 0.0666677 0.0654383 0.0626406 0.058639 0.0538433 0.0486387 0.0433385 0.0381536 0.0331749 0.0283831 0.0237005 0.0190814 0.0145962 0.0104493
 0.00920141 0.0143284 0.0204349 0.0271603 0.0342263 0.0414391 0.0485521 0.0551668 0.0607855 0.0649439 0.0673136 0.0677495 0.0663079 0.0632334 0.0589028 0.0537414 0.0481499 0.0424565 0.036891 0.0315745 0.0265319 0.0217345 0.0171701 0.0129059 0.00909855
 0.00938171 0.0146195 0.0208692 0.0277664 0.0350232 0.0424274 0.0497049 0.0564274 0.0620747 0.0661761 0.0684118 0.0686533 0.0669741 0.063633 0.0590154 0.0535526 0.0476501 0.0416433 0.0357757 0.0301924 0.0249537 0.0200706 0.0155588 0.0114831 0.00796152
 0.00960633 0.0149573 0.0213283 0.0283403 0.0356987 0.0431947 0.0505607 0.0573668 0.0630773 0.0671952 0.0693755 0.0694789 0.0675886 0.0639877 0.0590898 0.0533468 0.0471742 0.0409113 0.0348063 0.0290185 0.023633 0.0186913 0.0142305 0.0103138 0.00702836
 0.00976967 0.0152102 0.021685 0.0288055 0.0362666 0.0438499 0.0512787 0.0581165 0.063827 0.0679172 0.0700461 0.0700714 0.0680674 0.0643098 0.0592143 0.0532461 0.0468392 0.0403497 0.0340395 0.0280811 0.0225774 0.0175905 0.0131722 0.00938313 0.00628598
 0.00983045 0.0153064 0.0218255 0.0289979 0.0365177 0.0441649 0.0516586 0.0585557 0.0643109 0.0684234 0.0705477 0.0705418 0.0684819 0.0646441 0.0594414 0.0533362 0.0467649 0.0400933 0.0336 0.0274781 0.0218523 0.0168045 0.0123988 0.00869313 0.00573021
 0.00996654 0.0155089 0.0220956 0.0293255 0.0368852 0.044554 0.0520553 0.0589496 0.0646927 0.0687822 0.0708699 0.0708121 0.0686861 0.0647707 0.0594819 0.0532827 0.046608 0.0398232 0.0332115 0.0269781 0.0212659 0.0161755 0.0117831 0.00814553 0.00529024
 0.00999778 0.0155618 0.022179 0.0294485 0.037055 0.0447725 0.052316 0.0592383 0.0649908 0.0690719 0.0711374 0.0710476 0.0688811 0.0649165 0.059569 0.0533014 0.046549 0.0396782 0.0329755 0.0266537 0.0208685 0.0157356 0.0113421 0.00774671 0.00496592
 0.00995931 0.0154954 0.0220728 0.0292919 0.0368446 0.0445195 0.0520509 0.0590075 0.064844 0.0690459 0.0712453 0.0712777 0.0692036 0.0652926 0.0599578 0.0536642 0.0468519 0.0398945 0.0330875 0.0266556 0.0207688 0.0155576 0.0111211 0.00752136 0.00476863
 0.00988641 0.0153868 0.0219272 0.0291125 0.0366359 0.0442836 0.0517881 0.0587221 0.0645538 0.0687872 0.0710674 0.0712275 0.0693073 0.0655452 0.0603248 0.0540928 0.0472852 0.040282 0.0333915 0.0268547 0.0208593 0.0155534 0.0110494 0.00741584 0.00466011
 0.00985752 0.015346 0.021877 0.029059 0.0365861 0.0442422 0.0517533 0.0586853 0.0645013 0.0687067 0.0709565 0.0711004 0.069195 0.0654853 0.0603465 0.0542035 0.0474669 0.040498 0.0335993 0.0270183 0.0209577 0.0155836 0.0110244 0.00735781 0.00459225
 0.0100154 0.0155684 0.0221488 0.0293453 0.036843 0.0444333 0.0518626 0.0587171 0.0644708 0.0686276 0.0708345 0.0709359 0.068992 0.0652594 0.0601253 0.0540189 0.0473425 0.0404388 0.033591 0.0270343 0.0209712 0.0155772 0.0109943 0.0073112 0.00454127
 0.010146 0.0157641 0.0224113 0.0296623 0.0371889 0.0447714 0.0521502 0.0589131 0.0645472 0.0685789 0.0706796 0.070709 0.0687284 0.0649858 0.0598601 0.0537768 0.0471377 0.0402829 0.0334868 0.0269735 0.0209372 0.0155527 0.0109678 0.00727986 0.00450845
 0.0101473 0.0157713 0.0224313 0.0297047 0.0372631 0.0448823 0.052293 0.0590719 0.0646959 0.0686882 0.0707257 0.0706826 0.0686375 0.0648525 0.059711 0.0536348 0.0470179 0.0401931 0.0334291 0.0269444 0.0209282 0.0155529 0.0109678 0.0072749 0.00449869
 0.0101779 0.0158129 0.0224795 0.0297517 0.0373018 0.0449115 0.0523208 0.0591122 0.0647608 0.0687785 0.0708273 0.0707701 0.0686848 0.064844 0.0596472 0.0535309 0.0468966 0.0400762 0.0333316 0.0268729 0.0208817 0.0155252 0.0109514 0.00726352 0.00448915
 0.0101191 0.0157286 0.0223733 0.0296335 0.0371838 0.0448037 0.0522278 0.0590357 0.0647047 0.0687523 0.0708438 0.0708372 0.0687979 0.0649842 0.0597881 0.0536496 0.0469816 0.040129 0.0333621 0.0268923 0.0208976 0.0155404 0.0109649 0.00727365 0.00449505
 0.0100873 0.0156808 0.0223088 0.0295546 0.0370961 0.0447146 0.0521457 0.0589681 0.0646567 0.0687254 0.0708377 0.0708522 0.0688363 0.0650473 0.0598726 0.0537453 0.0470744 0.0402067 0.0334193 0.0269305 0.0209224 0.0155572 0.010977 0.00728231 0.00450062
 0.0100704 0.0156585 0.0222846 0.0295351 0.0370885 0.0447242 0.0521736 0.0590105 0.0647061 0.0687736 0.0708769 0.0708767 0.0688439 0.0650403 0.0598566 0.0537269 0.0470578 0.0401926 0.0334055 0.0269155 0.0209065 0.0155421 0.0109647 0.00727359 0.00449509
 0.00984377 0.01533 0.0218649 0.0290603 0.0366115 0.0442989 0.051842 0.0587977 0.0646215 0.0688136 0.0710268 0.0711134 0.069139 0.0653649 0.0601854 0.0540408 0.0473442 0.040444 0.0336182 0.0270881 0.0210398 0.0156398 0.0110322 0.00731748 0.00452177
 0.00952749 0.0148579 0.0212334 0.0282965 0.0357684 0.0434458 0.0510554 0.058154 0.0641866 0.0686297 0.0711031 0.0714253 0.0696366 0.065986 0.0608669 0.0547276 0.0479935 0.0410269 0.0341182 0.0274986 0.0213618 0.0158799 0.0112013 0.00742911 0.00459036
 0.00918912 0.0143481 0.0205418 0.0274408 0.0347907 0.0424046 0.0500208 0.057206 0.0634108 0.068106 0.0708897 0.0715452 0.0700714 0.0666793 0.0617373 0.0556848 0.0489547 0.0419267 0.0349125 0.0281636 0.0218905 0.016278 0.011484 0.00761698 0.00470638
 0.00910471 0.0141883 0.0202604 0.0269828 0.0341082 0.0414807 0.0488907 0.0559621 0.0621859 0.0670431 0.0701132 0.071141 0.0700767 0.0670796 0.0624711 0.0566559 0.050051 0.0430398 0.0359534 0.029071 0.0226322 0.0168472 0.0118931 0.00789116 0.00487667
