SBPRF35
9.93272
Curr Bio
580151
B35
770995
F35
0.190374
FOFL
0.140862
OFL
66244.3
Bzero
2.83792e+006
#pred survey bio
 4.31501e+006 4.09343e+006 3.89122e+006 3.62789e+006 3.35349e+006 3.05875e+006 2.75314e+006 2.46278e+006 2.15633e+006 1.88377e+006 1.65212e+006 1.45699e+006 1.28457e+006 1.1384e+006 1.02611e+006 915653 816517 746747 703590 670702 638607 616321 598363 575631 573430 559825 558211 548776 554770 545731 549120 551286 557277 557134 549782 545133 530717 524087 519231 524263 531777 536815 542979 550315 560329 562492 576519 577665 577275 585198 2.04813e+007 1.2484e+007 1.29509e+007 1.39354e+007 1.52185e+007 1.6561e+007 1.78042e+007 1.88701e+007 1.97379e+007 2.04199e+007 2.09429e+007 2.13373e+007 2.16317e+007 2.18501e+007 2.20117e+007 2.21313e+007 2.22199e+007 2.22859e+007 2.23352e+007 2.23723e+007 2.24003e+007 2.24216e+007 2.24378e+007 2.24503e+007 2.246e+007 2.24674e+007 2.24732e+007 2.24777e+007 2.24813e+007 2.2484e+007 2.24862e+007 2.24879e+007 2.24893e+007 2.24904e+007 2.24912e+007 2.24919e+007 2.24924e+007 2.24929e+007 2.24932e+007 2.24935e+007 2.24937e+007 2.24938e+007 2.2494e+007 2.24941e+007 2.24942e+007 2.24942e+007 2.24943e+007 2.24943e+007 2.24944e+007 2.24944e+007 2.24944e+007 2.24944e+007 2.24945e+007 2.24945e+007 2.24945e+007 2.24945e+007 2.24945e+007 2.24945e+007 2.24945e+007 2.24945e+007 2.24945e+007 2.24945e+007 2.24945e+007 2.24945e+007 2.24945e+007 2.24945e+007 2.24945e+007 2.24945e+007 2.24945e+007 2.24945e+007 2.24945e+007 2.24945e+007 2.24945e+007 2.24945e+007 2.24945e+007 2.24945e+007 2.24945e+007 2.24945e+007 2.24945e+007 2.24945e+007 2.24945e+007 2.24945e+007 2.24945e+007 2.24945e+007 2.24945e+007 2.24945e+007 2.24945e+007 2.24945e+007 2.24945e+007 2.24945e+007 2.24945e+007 2.24945e+007 2.24945e+007 2.24945e+007 2.24945e+007 2.24945e+007 2.24945e+007 2.24945e+007 2.24945e+007 2.24945e+007 0 0 0 0 0 0 0 0 0 0 0 0 0 0 0 0 0 0 0 0 0 0 0 0 0
#obs survey bio
 4.54678e+006 4.36036e+006 3.7916e+006 2.69132e+006 3.74364e+006 2.60376e+006 2.96724e+006 2.00641e+006 1.81969e+006 1.81755e+006 1.10071e+006 1.45831e+006 850598 1.02404e+006 948226 1.19642e+006 639056 495241 600182 720084 504043 541690 573221 591596 503342 557635 645945 500233 463789 536085 607825 483376 592632 456340 558995 711644 703625 625766 509333 718781 583157 602115 602833 598102 463122 581432 531802 772187 578925 619669
#pred catch bio
 104835 97865.1 168850 198556 239970 274835 285766 323545 313138 293126 273999 263700 246960 221313 221127 209966 182657 158506 148197 145108 134388 128326 129065 109350 117097 104941 109594 95394.6 106736 94204.5 93633.2 89009.8 92532.5 95754.8 90066.8 96492.1 90995.6 91963.5 85272.2 84084.6 86610.7 86294.9 86503.1 85924.6 93933.6 85091.1 96737.6 98047.6 90998.1 95862 66244.3 88740.1 90872.5 96564.7 105018 114123 122515 129590 135212 139496 142661 144944 146560 147690 148469 149003 149365 149610 149775 149885 149959 150008 150040 150062 150076 150086 150092 150096 150099 150101 150102 150103 150103 150104 150104 150104 150104 150104 150104 150104 150104 150104 150104 150104 150104 150104 150104 150104 150104 150104 150104 150104 150104 150104 150104 150104 150104 150104 150104 150104 150104 150104 150104 150104 150104 150104 150104 150104 150104 150104 150104 150104 150104 150104 150104 150104 150104 150104 150104 150104 150104 150104 150104 150104 150104 150104 150104 150104 150104 150104 150104 150104 150104 150104 150104 150104 150104 150104 150104 150104 0 0 0 0 0 0 0 0 0 0 0 0 0 0 0 0 0 0 0 0 0 0 0 0 0
#obs catch bio
 0 97377.4 169340 198875 240558 276215 287163 326422 316173 296251 277804 268532 251910 225473 225627 213594 186354 161939 151490 147937 137377 131463 132075 110868 119561 106563 111299 96362.7 108941 95484 94433.3 89777.7 93228.4 96904.2 90585.4 96975.1 90930.4 91744.6 84863.2 83569 85925.2 85662.5 85998 85588.3 93967.1 84852.7 96462.1 97413.6 90730.3 95898.6
#pred cpue bio
 4.25448e+006 4.03607e+006 3.8363e+006 3.57428e+006 3.30087e+006 3.00727e+006 2.70295e+006 2.41393e+006 2.10938e+006 1.83864e+006 1.60854e+006 1.41473e+006 1.24382e+006 1.09916e+006 988091 879304 781966 713475 671163 639224 608173 586591 569421 547791 545943 532983 531741 522917 528904 520422 524207 526775 532957 533234 526706 522842 508585 501007 495495 500388 508010 513052 518932 525825 535305 537245 550880 552077 551656 559521 1.96144e+007 1.19749e+007 1.23192e+007 1.3155e+007 1.43822e+007 1.57107e+007 1.69509e+007 1.80162e+007 1.8884e+007 1.9566e+007 2.00889e+007 2.04834e+007 2.07778e+007 2.09961e+007 2.11577e+007 2.12773e+007 2.13659e+007 2.14319e+007 2.14812e+007 2.15183e+007 2.15463e+007 2.15676e+007 2.15839e+007 2.15964e+007 2.1606e+007 2.16135e+007 2.16193e+007 2.16238e+007 2.16273e+007 2.16301e+007 2.16323e+007 2.1634e+007 2.16353e+007 2.16364e+007 2.16373e+007 2.16379e+007 2.16385e+007 2.16389e+007 2.16392e+007 2.16395e+007 2.16397e+007 2.16399e+007 2.164e+007 2.16401e+007 2.16402e+007 2.16403e+007 2.16403e+007 2.16404e+007 2.16404e+007 2.16404e+007 2.16405e+007 2.16405e+007 2.16405e+007 2.16405e+007 2.16405e+007 2.16405e+007 2.16405e+007 2.16405e+007 2.16405e+007 2.16405e+007 2.16405e+007 2.16405e+007 2.16405e+007 2.16405e+007 2.16405e+007 2.16405e+007 2.16405e+007 2.16405e+007 2.16405e+007 2.16405e+007 2.16405e+007 2.16405e+007 2.16405e+007 2.16405e+007 2.16405e+007 2.16405e+007 2.16405e+007 2.16405e+007 2.16405e+007 2.16405e+007 2.16405e+007 2.16405e+007 2.16405e+007 2.16405e+007 2.16405e+007 2.16405e+007 2.16405e+007 2.16405e+007 2.16405e+007 2.16405e+007 2.16405e+007 2.16405e+007 2.16405e+007 2.16405e+007 2.16405e+007 2.16405e+007 2.16405e+007 2.16405e+007 2.16405e+007 2.16405e+007 0 0 0 0 0 0 0 0 0 0 0 0 0 0 0 0 0 0 0 0 0 0 0 0 0
#obs cpue bio
 4.52854e+006 4.36393e+006 3.09664e+006 3.00024e+006 3.05149e+006 2.58948e+006 2.15814e+006 2.50361e+006 2.00688e+006 1.5505e+006 1.59753e+006 915670 1.3621e+006 918441 885763 653105 590004 638266 540353 548707 437305 398541 520928 499445 399142 443245 449036 476692 351346 491562 631103 461310 522968 438013 626913 474885 518592 531994 601974 449176 615050 479783 461264 416655 556535 541926 754667 581703 403473 470625
#pred surv len freq
 0.00481293 0.00780196 0.0117203 0.0165451 0.0221629 0.0282965 0.0344738 0.0401364 0.0448453 0.0484241 0.050941 0.0525904 0.0535853 0.0541061 0.0542891 0.0542331 0.0540137 0.0536833 0.0532248 0.0524558 0.0509495 0.0480927 0.0433534 0.0366566 0.028606
 0.00503898 0.00808218 0.011985 0.0166864 0.022078 0.0279477 0.0339273 0.0395462 0.0443839 0.048201 0.050961 0.0527743 0.0538306 0.0543477 0.0545258 0.0545121 0.054386 0.0541547 0.0537284 0.052864 0.0511254 0.047957 0.0429273 0.0360533 0.0279757
 0.00524775 0.00842742 0.0125086 0.0174134 0.0229903 0.028958 0.0348744 0.0402361 0.0446709 0.0480621 0.0505091 0.0521942 0.0532846 0.0539152 0.0542092 0.0542835 0.0542265 0.0540563 0.0536665 0.052776 0.0509227 0.0475698 0.0423512 0.0353613 0.0272848
 0.00546116 0.008773 0.0130274 0.0181454 0.023969 0.0301962 0.036342 0.0418372 0.0462367 0.049378 0.0513753 0.0524984 0.053045 0.0532635 0.0533238 0.0533177 0.0532725 0.0531481 0.052798 0.0519147 0.0500247 0.0466042 0.0413293 0.0343469 0.0263716
 0.005699 0.00915021 0.0135783 0.0188978 0.0249425 0.0313982 0.0377606 0.0434326 0.0479352 0.0510666 0.0529021 0.0536872 0.0537338 0.0533571 0.0528314 0.0523485 0.0519885 0.0517033 0.0512976 0.0504084 0.0485271 0.0451269 0.0399078 0.0330474 0.0252718
 0.00596053 0.00956956 0.0141986 0.0197552 0.0260601 0.0327766 0.0393681 0.0452029 0.0497773 0.0528795 0.0545834 0.0551295 0.0548183 0.0539605 0.0528535 0.0517502 0.0508149 0.0500738 0.0493665 0.0483231 0.0464064 0.0430675 0.0380004 0.0313817 0.023922
 0.00623567 0.0100121 0.0148561 0.0206697 0.0272612 0.0342709 0.0411261 0.0471533 0.0518144 0.0548816 0.0564311 0.0567165 0.0560508 0.0547514 0.0531194 0.0514208 0.0498565 0.0485139 0.0473035 0.0459115 0.0438296 0.0405118 0.0356371 0.029351 0.0223137
 0.00650071 0.0104389 0.0154912 0.0215551 0.0284282 0.0357299 0.0428548 0.0490897 0.0538623 0.0569249 0.0583499 0.058398 0.0573954 0.0556735 0.0535445 0.0512839 0.0491079 0.0471371 0.0453385 0.0434711 0.0410963 0.037713 0.0330059 0.0270822 0.0205269
 0.00683215 0.0109683 0.0162707 0.0226273 0.0298196 0.0374399 0.044843 0.0512711 0.0561167 0.0591175 0.0603517 0.0600978 0.0587034 0.0565193 0.053873 0.0510493 0.0482728 0.045681 0.043279 0.0408903 0.0381574 0.0346516 0.0300893 0.0245487 0.0185291
 0.00721683 0.0115721 0.0171396 0.0237911 0.0312889 0.0392014 0.0468515 0.0534449 0.0583433 0.0612696 0.0623049 0.0617428 0.0599522 0.0573057 0.0541485 0.0507779 0.0474262 0.0442419 0.0412573 0.0383495 0.0352391 0.0315776 0.0271289 0.0219551 0.0164731
 0.00758084 0.0121525 0.0179916 0.024957 0.0327895 0.0410232 0.0489341 0.0556796 0.06059 0.0633855 0.0641682 0.0632619 0.0610621 0.0579606 0.0543154 0.0504313 0.0465455 0.0428148 0.0392924 0.0359 0.0324283 0.0286071 0.0242528 0.0194211 0.0144545
 0.00785902 0.012606 0.0186763 0.0259259 0.0340824 0.0426507 0.0508595 0.0578118 0.062794 0.0655069 0.0660604 0.0648056 0.0621748 0.0585958 0.0544535 0.0500677 0.0456802 0.0414504 0.0374441 0.0336176 0.0298203 0.0258522 0.0215801 0.0170588 0.0125662
 0.00816684 0.0130907 0.0193775 0.0268721 0.0352894 0.0441171 0.0525592 0.0596857 0.0647501 0.0674288 0.0678206 0.066282 0.063265 0.0592285 0.0545926 0.0497062 0.0448299 0.0401328 0.0356914 0.0314865 0.0274129 0.0233273 0.0191396 0.0149041 0.0108432
 0.00846673 0.0135672 0.0200734 0.0278188 0.0364999 0.0455773 0.0542185 0.0614574 0.066525 0.0690973 0.0692892 0.0674765 0.0641266 0.0597094 0.054657 0.0493344 0.04402 0.0389005 0.0340713 0.0295389 0.025236 0.0210639 0.0169654 0.0129921 0.00931735
 0.0086393 0.0138532 0.0205139 0.0284554 0.0373663 0.0466855 0.055545 0.0629376 0.0680624 0.0705823 0.0706191 0.0685692 0.0649244 0.0601768 0.0547734 0.049088 0.0434062 0.0379246 0.0327559 0.0279336 0.0234268 0.0191759 0.0151493 0.0113942 0.0080419
 0.00885229 0.0141946 0.0210191 0.0291545 0.0382795 0.0478148 0.056864 0.0643859 0.0695491 0.072 0.0718606 0.0695433 0.0655674 0.0604572 0.0546889 0.048656 0.0426525 0.0368775 0.0314483 0.026413 0.0217666 0.0174803 0.0135431 0.00999652 0.006935
 0.00914638 0.0146498 0.0216615 0.0299934 0.039307 0.0490058 0.0581738 0.0657489 0.0708838 0.0732192 0.0728832 0.0703023 0.066015 0.0605675 0.0544592 0.0481044 0.0418122 0.0357897 0.0301588 0.0249753 0.0202489 0.0159699 0.0121397 0.00879268 0.00599164
 0.00931737 0.0149252 0.0220704 0.0305597 0.0400427 0.0499024 0.059195 0.066831 0.0719479 0.0741894 0.0736999 0.0709246 0.0664158 0.0607282 0.0543681 0.047759 0.0412221 0.0349779 0.0291615 0.0238416 0.0190425 0.0147676 0.0110245 0.00783889 0.00524652
 0.00931508 0.0149319 0.0221007 0.0306356 0.0401915 0.0501505 0.0595606 0.067318 0.0725416 0.0748562 0.0743908 0.0715835 0.0669881 0.0611676 0.0546389 0.0478363 0.0410922 0.0346402 0.0286319 0.0231545 0.0182508 0.0139391 0.0102329 0.00714948 0.00470198
 0.00937348 0.0150102 0.0221887 0.0307159 0.0402474 0.050178 0.0595763 0.0673573 0.0726466 0.075059 0.0747008 0.0719824 0.067435 0.0616086 0.0550183 0.0481052 0.0412138 0.0345936 0.0284139 0.0227822 0.0177617 0.0133879 0.00968197 0.00665614 0.00430557
 0.00948156 0.0151779 0.0224249 0.0310204 0.0406072 0.0505652 0.0599489 0.0676677 0.0728578 0.0751607 0.0747147 0.0719517 0.067403 0.0615997 0.0550306 0.0481145 0.0411851 0.0344932 0.0282196 0.0224897 0.0173874 0.0129663 0.00925864 0.00627525 0.00399845
 0.00940444 0.0150783 0.0223224 0.0309492 0.0406064 0.0506632 0.0601501 0.0679479 0.0731719 0.0754572 0.0749519 0.0721099 0.0674879 0.0616359 0.0550464 0.0481269 0.041192 0.0344762 0.0281545 0.0223589 0.0171894 0.0127182 0.00899095 0.00602241 0.00378768
 0.00932973 0.0149573 0.0221431 0.0307056 0.0403057 0.0503334 0.0598425 0.0677281 0.0730975 0.0755537 0.0752005 0.0724558 0.0678642 0.0619878 0.0553449 0.0483664 0.041378 0.0346128 0.0282383 0.0223826 0.0171496 0.0126226 0.00885931 0.00588073 0.00365975
 0.00947931 0.0151657 0.0223919 0.0309548 0.0405036 0.0504341 0.0598222 0.0675935 0.0728842 0.0753163 0.0749969 0.072329 0.0678283 0.062027 0.0554246 0.0484507 0.0414428 0.0346473 0.0282404 0.0223525 0.0170883 0.0125344 0.00875432 0.00577341 0.00356443
 0.0093992 0.0150518 0.0222497 0.0307964 0.0403408 0.0502686 0.0596414 0.0673775 0.0726223 0.075023 0.0747166 0.0721238 0.0677552 0.0621145 0.0556622 0.0487949 0.0418337 0.0350282 0.02857 0.0226086 0.0172647 0.0126372 0.00879763 0.00577615 0.00354584
 0.00937017 0.0150127 0.022206 0.0307594 0.040325 0.0502872 0.0597003 0.0674695 0.0727241 0.0750989 0.0747305 0.0720567 0.067618 0.0619472 0.0555175 0.0487146 0.0418328 0.0350935 0.0286709 0.0227122 0.0173472 0.0126875 0.00881655 0.00577197 0.00352947
 0.00931885 0.0149191 0.0220478 0.0305127 0.0399748 0.0498406 0.0591965 0.0669768 0.0723211 0.0748482 0.0746576 0.0721461 0.0678253 0.0622212 0.0558191 0.049025 0.0421479 0.035411 0.0289813 0.0229975 0.017588 0.012871 0.00894094 0.00584561 0.00356631
 0.00943526 0.0150868 0.0222589 0.0307432 0.0401869 0.0499906 0.0592439 0.0668951 0.0721083 0.0745332 0.074296 0.0718033 0.0675547 0.062048 0.0557401 0.0490201 0.0421945 0.0354924 0.0290854 0.0231129 0.0177012 0.0129688 0.0090147 0.00589341 0.0035923
 0.00921516 0.0147737 0.02187 0.0303212 0.0397862 0.0496549 0.0589904 0.0667127 0.0719715 0.0744198 0.0742013 0.071743 0.0675571 0.0621404 0.0559348 0.0493077 0.0425471 0.0358735 0.0294607 0.023456 0.0179947 0.0132036 0.00918856 0.00601136 0.00366474
 0.00912059 0.0146244 0.0216554 0.0300396 0.0394503 0.0492977 0.0586639 0.0664762 0.071868 0.0744544 0.0743368 0.0719182 0.067718 0.0622634 0.0560295 0.049402 0.042667 0.0360295 0.0296458 0.0236523 0.0181819 0.0133652 0.00931544 0.00610169 0.00372276
 0.00907437 0.014528 0.021472 0.0297239 0.0389635 0.0486286 0.0578489 0.0656033 0.0710598 0.0738352 0.0739973 0.0718914 0.0679741 0.0627266 0.0566083 0.0500181 0.0432702 0.0365951 0.0301624 0.0241112 0.0185735 0.0136816 0.0095544 0.00626857 0.00382959
 0.00902809 0.0144589 0.0213777 0.0296015 0.038804 0.0484118 0.0575454 0.0651864 0.0705267 0.0732251 0.0733932 0.0713995 0.0676886 0.0626963 0.0568239 0.0504225 0.0437847 0.0371457 0.0306948 0.0245918 0.018984 0.0140133 0.00980592 0.0064458 0.00394442
 0.00887473 0.0142281 0.0210653 0.0292168 0.038368 0.0479524 0.0570919 0.0647636 0.0701492 0.0728959 0.0731102 0.0711697 0.0675385 0.062669 0.0569595 0.0507358 0.0442531 0.0377148 0.0312974 0.0251669 0.0194884 0.0144239 0.0101169 0.00666418 0.00408575
 0.00861107 0.0138397 0.0205557 0.0286165 0.0377263 0.0473247 0.0565282 0.0643034 0.0698186 0.0727048 0.0730504 0.0712182 0.067668 0.0628616 0.0572144 0.0510653 0.0446683 0.03821 0.0318436 0.0257188 0.0199984 0.0148557 0.0104525 0.0069036 0.00424213
 0.00853047 0.0136914 0.0203027 0.0282193 0.0371592 0.0465976 0.0557014 0.0634817 0.0691203 0.0722224 0.0728238 0.0712332 0.0678749 0.0631994 0.0576311 0.0515281 0.0451626 0.0387303 0.032381 0.0262528 0.0204985 0.0152903 0.0107997 0.00715714 0.00441071
 0.00907832 0.0144465 0.0211875 0.0290741 0.0377835 0.0468188 0.0554351 0.0627555 0.0680576 0.0710022 0.0716357 0.0702352 0.0671637 0.0627999 0.0575093 0.0516185 0.0453966 0.0390532 0.0327536 0.0266452 0.0208825 0.0156385 0.0110897 0.00737715 0.00456188
 0.00969083 0.0154112 0.0225727 0.0308993 0.0399889 0.0492334 0.0577666 0.0646323 0.0691333 0.071079 0.0707369 0.0685853 0.0650946 0.0606408 0.0555081 0.049915 0.0440363 0.038021 0.0320065 0.0261335 0.0205574 0.0154532 0.0110002 0.00734525 0.00455851
 0.00959769 0.0153538 0.0226601 0.0312907 0.0408511 0.0506705 0.0597522 0.0669794 0.0715193 0.0731183 0.0720785 0.0690082 0.0645694 0.0593296 0.0537014 0.0479337 0.0421454 0.0363864 0.0306972 0.0251489 0.0198592 0.0149876 0.0107106 0.00717909 0.00447159
 0.00935078 0.0149842 0.0221691 0.0307172 0.0402822 0.0502456 0.0596503 0.0673771 0.0725196 0.0746776 0.0739787 0.0709016 0.0660857 0.0601965 0.0538246 0.0474046 0.0411827 0.0352458 0.0295933 0.0242152 0.0191479 0.0144922 0.0103934 0.00699256 0.00437141
 0.00920529 0.0147343 0.0217704 0.030126 0.0394736 0.0492409 0.0585421 0.0663352 0.0717642 0.0744223 0.0743585 0.0719131 0.0675645 0.0618535 0.055335 0.0485142 0.0417815 0.0353773 0.0294036 0.0238769 0.0187992 0.0142109 0.0102023 0.00688053 0.00431458
 0.00923001 0.0147501 0.0217476 0.0300184 0.0392259 0.0488042 0.0578937 0.0654965 0.0708132 0.0734956 0.0736336 0.071567 0.0677145 0.0625034 0.0563565 0.0496826 0.0428545 0.0361788 0.0298716 0.0240561 0.0187922 0.0141231 0.0101066 0.00681017 0.00427422
 0.0093247 0.0148925 0.0219388 0.0302471 0.0394654 0.0490105 0.058007 0.0654508 0.0705559 0.0730129 0.0729718 0.0708358 0.0670661 0.0620887 0.0562714 0.0499275 0.0433315 0.0367322 0.0303524 0.0243764 0.0189415 0.0141465 0.0100663 0.00675555 0.00423069
 0.00939811 0.015007 0.0221016 0.0304607 0.0397253 0.0493028 0.0583048 0.0657122 0.0707274 0.0730396 0.0728135 0.070486 0.0665662 0.0615284 0.0557676 0.049586 0.0432056 0.0368025 0.0305404 0.024585 0.0190984 0.0142253 0.0100801 0.00673436 0.00420107
 0.00943448 0.0150663 0.0221913 0.0305875 0.0398939 0.0495129 0.0585484 0.0659713 0.0709746 0.0732397 0.0729281 0.0704799 0.0664187 0.0612457 0.0553914 0.049188 0.0428659 0.0365788 0.0304461 0.0245892 0.0191482 0.0142738 0.0101043 0.00673395 0.00418749
 0.00935791 0.0149602 0.0220657 0.0304639 0.0397999 0.0494738 0.0585791 0.0660738 0.0711385 0.0734453 0.0731483 0.0706819 0.066568 0.0613132 0.0553635 0.0490754 0.042704 0.0364165 0.0303262 0.0245308 0.0191429 0.0142969 0.010131 0.00675069 0.00419255
 0.00931905 0.0149042 0.0219954 0.0303881 0.0397332 0.0494348 0.0585871 0.0661442 0.071277 0.0736431 0.0733813 0.0709158 0.066766 0.0614445 0.0554086 0.0490302 0.042582 0.0362476 0.0301482 0.0243774 0.0190325 0.0142299 0.0100955 0.00673268 0.00418204
 0.00920662 0.014725 0.0217336 0.0300341 0.0392889 0.0489202 0.0580458 0.065641 0.0708856 0.0734266 0.0733743 0.0711158 0.0671353 0.061921 0.0559215 0.0495156 0.0429953 0.0365688 0.030381 0.0245406 0.0191488 0.0143166 0.0101617 0.00678129 0.00421461
 0.00926003 0.0148012 0.0218279 0.0301334 0.0393734 0.0489665 0.0580321 0.0655534 0.0707246 0.0732117 0.0731433 0.0709152 0.0670058 0.0618837 0.0559719 0.0496271 0.0431304 0.0366934 0.0304739 0.0245972 0.0191767 0.014328 0.0101666 0.00678476 0.00421784
 0.00912093 0.0146161 0.0216243 0.0299605 0.0392853 0.048998 0.0581792 0.0657723 0.0709496 0.0733815 0.0732221 0.0709012 0.0669266 0.0617822 0.0558895 0.0495894 0.0431414 0.0367387 0.0305315 0.0246482 0.0192118 0.0143473 0.0101751 0.00678799 0.00421916
 0.00855558 0.0137867 0.0205448 0.028708 0.0379861 0.0477988 0.0572188 0.0651594 0.0707434 0.0735768 0.0737488 0.0716462 0.0677705 0.062632 0.0566925 0.0503274 0.0438133 0.0373449 0.0310661 0.0251014 0.0195757 0.0146217 0.0103686 0.00691532 0.00429714
#obs surv len freq
 nan nan nan nan nan nan nan nan nan nan nan nan nan nan nan nan nan nan nan nan nan nan nan nan nan
 0.00448423 0.00734557 0.0111758 0.0159928 0.0216946 0.0279714 0.0342865 0.0400185 0.044698 0.0481612 0.0505179 0.0520124 0.0529033 0.0534145 0.0537277 0.0539819 0.0542599 0.0545523 0.0546908 0.0542826 0.0527206 0.049353 0.0438031 0.0362836 0.0276679
 0.00461031 0.00755311 0.0114926 0.0164454 0.0223016 0.0287337 0.0351775 0.0409808 0.0456521 0.0490205 0.0512058 0.0524731 0.0531079 0.0533612 0.0534379 0.0534921 0.0536133 0.0537914 0.0538546 0.053408 0.0518463 0.0485217 0.0430592 0.0356648 0.0271949
 0.00477991 0.00782843 0.0119063 0.0170279 0.0230755 0.0297051 0.0363252 0.0422514 0.0469639 0.0502758 0.0523047 0.053326 0.0536458 0.0535431 0.0532546 0.0529646 0.0527862 0.0527238 0.0526126 0.0520618 0.0504711 0.0471979 0.0418666 0.0346691 0.0264325
 0.00497403 0.00814643 0.0123893 0.0177153 0.0239973 0.0308693 0.0377056 0.0437834 0.0485538 0.0518177 0.0536953 0.0544726 0.0544684 0.0539781 0.0532601 0.0525265 0.0519218 0.0514807 0.0510654 0.0503071 0.0486241 0.0453858 0.0402152 0.0332812 0.0253658
 0.00518716 0.00849741 0.0129259 0.018485 0.0250383 0.0321954 0.0392913 0.0455583 0.0504115 0.0536359 0.0553549 0.055869 0.0555155 0.0546076 0.0534209 0.0521864 0.0510722 0.0501445 0.0493033 0.0482223 0.0463602 0.0431151 0.0381148 0.0314991 0.0239881
 0.00541847 0.00887404 0.0134942 0.0192894 0.026114 0.0335567 0.0409178 0.0473884 0.0523489 0.0555646 0.0571556 0.0574307 0.0567411 0.0554167 0.0537503 0.0519899 0.0503233 0.0488436 0.0474902 0.0459898 0.0438599 0.0405478 0.035699 0.0294244 0.022371
 0.00565955 0.00927112 0.0141012 0.0201594 0.0272884 0.0350483 0.0426949 0.0493699 0.0544183 0.0575937 0.0590256 0.0590404 0.0580066 0.0562672 0.0541255 0.0518394 0.0496093 0.0475496 0.0456369 0.0436541 0.0411896 0.0377568 0.0330339 0.0271093 0.020551
 0.00588966 0.00964698 0.0146707 0.0209692 0.0283769 0.0364327 0.0443566 0.0512475 0.0564133 0.059587 0.0608957 0.0606771 0.0593177 0.0571796 0.0545812 0.05179 0.0490145 0.0463828 0.0439019 0.0414091 0.0385675 0.0349664 0.0303297 0.0247318 0.0186643
 0.00614236 0.0100607 0.0152985 0.0218618 0.0295721 0.0379396 0.0461401 0.0532241 0.058465 0.0615857 0.0627238 0.0622373 0.0605333 0.0579908 0.0549411 0.0516606 0.0483635 0.0451869 0.0421607 0.0391691 0.0359471 0.0321629 0.0275939 0.0223095 0.0167294
 0.0063843 0.0104587 0.0159062 0.0227321 0.0307465 0.0394315 0.0479178 0.0552047 0.0605259 0.0635887 0.0645394 0.0637596 0.0616849 0.0587207 0.055217 0.0514607 0.0476697 0.0439858 0.0404547 0.0369993 0.0334187 0.0294564 0.0249445 0.0199534 0.0148385
 0.00662327 0.0108495 0.0164985 0.0235739 0.0318749 0.0408585 0.0496148 0.0570965 0.0624998 0.0655147 0.066291 0.065228 0.0627864 0.0593985 0.0554393 0.0512132 0.0469477 0.0427905 0.0387992 0.034927 0.0310265 0.0269074 0.0224521 0.0177349 0.013054
 0.0068213 0.0111784 0.0170065 0.0243099 0.0328789 0.0421453 0.0511587 0.0588259 0.0643085 0.0672827 0.067904 0.0665885 0.0638174 0.0600438 0.0556626 0.0509954 0.0462837 0.0416858 0.0372741 0.0330288 0.0288471 0.0245942 0.020195 0.0157265 0.0114373
 0.00706661 0.0115741 0.017596 0.0251317 0.033959 0.0434859 0.0527255 0.0605437 0.0660693 0.0689654 0.0693947 0.0677939 0.0646709 0.0605053 0.0557137 0.0506335 0.0455156 0.0405264 0.0357504 0.0311909 0.0267832 0.0224377 0.0181139 0.0138883 0.00996442
 0.00726219 0.0118996 0.0180995 0.0258611 0.0349504 0.0447465 0.0542175 0.0621812 0.0677343 0.0705338 0.0707585 0.068872 0.0654091 0.0608727 0.0556985 0.0502385 0.0447539 0.0394193 0.0343297 0.0295078 0.0249199 0.0205129 0.0162726 0.0122726 0.0086758
 0.0074065 0.0121392 0.0184698 0.0263991 0.0356888 0.0457026 0.0553803 0.0635046 0.0691392 0.0719203 0.0720214 0.0699165 0.0661623 0.0612892 0.0557594 0.0499456 0.0441229 0.038475 0.0331072 0.0280588 0.0233209 0.0188688 0.0147075 0.0109051 0.00758901
 0.00753256 0.0123393 0.0187624 0.0267996 0.0362087 0.0463475 0.0561464 0.0643749 0.0700829 0.0728934 0.072969 0.0707755 0.0668666 0.0617776 0.0559843 0.0498788 0.0437565 0.0378202 0.0321926 0.0269319 0.0220516 0.0175501 0.0134459 0.00980075 0.00671094
 0.00760336 0.0124553 0.0189384 0.0270496 0.0365429 0.0467681 0.0566443 0.0649305 0.0706713 0.073492 0.0735597 0.0713408 0.0673823 0.0622082 0.0562847 0.0500021 0.0436644 0.0374922 0.0316314 0.0261664 0.0211378 0.0165674 0.0124863 0.00895049 0.00603003
 0.00765524 0.0125334 0.0190447 0.0271833 0.0367021 0.0469527 0.0568574 0.0651764 0.0709532 0.0738083 0.073904 0.0717022 0.0677462 0.0625548 0.0565863 0.0502219 0.0437608 0.0374273 0.0313825 0.0257359 0.0205581 0.0158981 0.0118035 0.00832851 0.00552314
 0.00771037 0.0126168 0.0191584 0.0273245 0.0368635 0.0471238 0.0570262 0.0653328 0.0710921 0.073933 0.0740253 0.0718338 0.0678979 0.0627268 0.0567666 0.0503867 0.0438769 0.0374575 0.0312946 0.0255137 0.0202102 0.0154607 0.0113323 0.00788368 0.00515185
 0.00777768 0.0127175 0.0192936 0.0274889 0.0370465 0.0473116 0.0572036 0.0654849 0.0712068 0.0740049 0.074058 0.0718402 0.067896 0.0627342 0.0567933 0.0504304 0.0439218 0.0374766 0.0312572 0.0253957 0.0200042 0.0151819 0.0110158 0.00757326 0.00488551
 0.00781541 0.0127802 0.01939 0.0276264 0.037228 0.0475309 0.0574429 0.0657161 0.0713994 0.074135 0.0741158 0.0718312 0.0678372 0.0626482 0.0567021 0.0503496 0.043856 0.037418 0.0311878 0.0252946 0.0198575 0.0149906 0.0107972 0.00735517 0.00469487
 0.0078386 0.0128131 0.019431 0.0276721 0.0372754 0.0475804 0.0574992 0.0657858 0.0714857 0.0742336 0.0742139 0.0719123 0.0678884 0.0626654 0.0566907 0.050321 0.0438212 0.0373818 0.0311467 0.0252383 0.0197757 0.0148795 0.0106643 0.00721671 0.00456941
 0.00786765 0.0128548 0.0194836 0.0277298 0.03733 0.0476233 0.0575243 0.0657918 0.0714772 0.0742204 0.0742076 0.071921 0.0679127 0.062698 0.0567214 0.0503418 0.0438291 0.0373776 0.0311311 0.0252095 0.0197299 0.0148147 0.0105839 0.00713015 0.00448852
 0.00789483 0.0128971 0.0195431 0.0278066 0.0374209 0.0477209 0.057617 0.0658656 0.0715196 0.0742253 0.0741785 0.0718699 0.0678552 0.0626473 0.0566839 0.0503163 0.04381 0.0373589 0.0311079 0.0251788 0.0196895 0.0147644 0.0105259 0.00706977 0.00443278
 0.00789076 0.0128885 0.0195269 0.0277792 0.0373798 0.0476669 0.0575553 0.0658049 0.0714693 0.0741918 0.0741639 0.0718726 0.0678732 0.0626794 0.0567297 0.0503742 0.0438757 0.0374252 0.0311669 0.0252236 0.0197161 0.0147718 0.0105168 0.00704954 0.00440818
 0.00789639 0.0128929 0.0195247 0.0277625 0.0373402 0.047599 0.0574598 0.0656901 0.0713493 0.0740836 0.0740829 0.071829 0.0678703 0.0627141 0.0567943 0.0504596 0.0439728 0.0375253 0.0312615 0.025305 0.0197785 0.0148128 0.0105375 0.00705451 0.00440342
 0.00789138 0.0128835 0.0195081 0.0277348 0.0372967 0.0475354 0.0573734 0.0655816 0.0712246 0.0739539 0.073964 0.0717382 0.0678217 0.0627148 0.0568431 0.0505479 0.0440877 0.0376526 0.031388 0.0254198 0.0198736 0.014884 0.0105848 0.00708124 0.00441528
 0.00787288 0.0128543 0.0194657 0.0276776 0.0372241 0.0474481 0.0572741 0.0654747 0.0711158 0.0738498 0.0738714 0.071665 0.0677763 0.0627051 0.0568741 0.0506196 0.0441936 0.0377812 0.0315252 0.0255517 0.0199891 0.014976 0.0106511 0.00712399 0.0044395
 0.00787729 0.0128548 0.0194543 0.0276431 0.0371557 0.0473407 0.0571319 0.0653119 0.0709521 0.0737041 0.0737573 0.0715895 0.067741 0.0627092 0.0569158 0.0506962 0.0443009 0.0379116 0.0316681 0.0256942 0.020119 0.0150842 0.0107331 0.00718017 0.00447407
 0.00784792 0.0128101 0.0193923 0.0275634 0.0370579 0.0472238 0.0569947 0.0651552 0.0707824 0.0735352 0.0736087 0.0714813 0.0676881 0.0627169 0.0569804 0.0508079 0.0444475 0.0380805 0.0318463 0.0258691 0.0202785 0.0152188 0.0108374 0.00725404 0.00452146
 0.00782768 0.0127737 0.0193315 0.0274692 0.036924 0.0470506 0.0567922 0.0649423 0.0705809 0.0733632 0.0734779 0.0713974 0.0676543 0.0627357 0.0570522 0.0509289 0.0446085 0.0382685 0.0320464 0.0260661 0.020459 0.0153723 0.010958 0.00734091 0.00457847
 0.00780055 0.0127281 0.0192602 0.0273643 0.0367788 0.046862 0.0565643 0.0646883 0.0703222 0.0731265 0.0732891 0.071276 0.06761 0.0627683 0.0571537 0.0510873 0.0448099 0.0384975 0.0322868 0.0263014 0.020674 0.0155552 0.0111022 0.00744552 0.00464783
 0.00776478 0.012672 0.0191793 0.0272557 0.036641 0.0466958 0.0563733 0.0644795 0.070107 0.0729196 0.0731073 0.0711372 0.06753 0.0627575 0.0572149 0.0512149 0.0449915 0.0387166 0.0325248 0.0265397 0.0208956 0.0157466 0.011255 0.00755769 0.00472309
 0.00774615 0.0126377 0.0191207 0.0271626 0.0365054 0.0465156 0.0561563 0.0642431 0.0698733 0.0727097 0.0729367 0.0710153 0.0674626 0.0627484 0.0572663 0.0513258 0.0451559 0.0389228 0.0327564 0.0267777 0.0211214 0.0159446 0.0114152 0.00767663 0.00480371
 0.00933679 0.0148662 0.0218141 0.0299389 0.0388835 0.0480926 0.0567475 0.0639103 0.0688459 0.0712673 0.071322 0.0693993 0.0659486 0.0613906 0.0560887 0.050335 0.0443488 0.0382895 0.032281 0.0264392 0.0208949 0.0158038 0.0113349 0.00763541 0.0047851
 0.00932624 0.0151405 0.0227404 0.031972 0.0423678 0.0529942 0.0624851 0.0694485 0.0730625 0.073395 0.0712012 0.0674218 0.0627863 0.0577085 0.0523787 0.0468885 0.0413048 0.0356967 0.0301419 0.0247323 0.0195841 0.0148418 0.0106655 0.00719755 0.00451821
 0.00897932 0.0145979 0.0219853 0.0310591 0.0414751 0.0524564 0.0627518 0.0709238 0.0758615 0.0771642 0.0751631 0.0706685 0.0646567 0.0580164 0.0513831 0.04508 0.0391754 0.0336059 0.0282929 0.023209 0.0183982 0.0139666 0.0100556 0.0067987 0.00427542
 0.00879761 0.0142923 0.0215073 0.0303613 0.0405304 0.0512915 0.0614893 0.069808 0.0752358 0.0773744 0.0764025 0.0728349 0.0673235 0.0605715 0.0532741 0.046024 0.0392136 0.0330037 0.0273787 0.022251 0.017558 0.0133105 0.00958735 0.00649052 0.00408813
 0.00873241 0.0141762 0.0213131 0.030055 0.0400763 0.050663 0.0606838 0.0688649 0.0742535 0.0765193 0.0758942 0.0728903 0.0680629 0.0619286 0.0549775 0.0476847 0.0404817 0.0337008 0.0275319 0.0220272 0.0171594 0.0128962 0.00924518 0.00624731 0.00393459
 0.00870533 0.0141312 0.0212428 0.0299496 0.0399226 0.0504439 0.0603802 0.068461 0.073746 0.0759317 0.0752916 0.0723852 0.0677992 0.0620352 0.0555036 0.048552 0.0414943 0.0346203 0.0281768 0.0223368 0.0171887 0.0127601 0.00905515 0.00607587 0.00381085
 0.00869833 0.0141181 0.0212197 0.0299117 0.0398641 0.0503592 0.0602641 0.0683074 0.0735476 0.075681 0.0749876 0.0720452 0.0674701 0.0617945 0.0554393 0.0487241 0.0418948 0.0351619 0.0287237 0.0227648 0.0174358 0.0128374 0.00902114 0.0059963 0.00373208
 0.00868144 0.0140946 0.0211916 0.0298827 0.039838 0.0503373 0.0602431 0.0682797 0.0735027 0.0756083 0.0748783 0.0718956 0.0672863 0.0615989 0.0552738 0.0486417 0.0419388 0.0353398 0.0289959 0.0230582 0.0176773 0.0129862 0.00907831 0.00599135 0.0037003
 0.00868628 0.0141001 0.0211956 0.0298822 0.0398307 0.0503231 0.0602251 0.0682624 0.073489 0.0755959 0.0748593 0.0718584 0.0672211 0.0615039 0.0551599 0.0485339 0.0418704 0.0353391 0.0290705 0.0231879 0.0178226 0.0131074 0.00915358 0.00602138 0.0037003
 0.00870114 0.014125 0.0212341 0.0299372 0.0399028 0.0504087 0.0603151 0.0683438 0.0735488 0.0756254 0.0748554 0.0718224 0.0671555 0.0614114 0.0550449 0.0484064 0.041748 0.0352434 0.0290192 0.0231855 0.0178572 0.0131569 0.00919663 0.00604681 0.00370832
 0.00865915 0.0140628 0.021152 0.0298402 0.0397999 0.0503113 0.0602354 0.0682925 0.0735325 0.0756443 0.0749031 0.071888 0.0672267 0.0614771 0.0550972 0.0484418 0.0417683 0.0352565 0.0290358 0.0232143 0.0178999 0.0132069 0.00924339 0.00608193 0.00372914
 0.00866351 0.0140643 0.0211444 0.0298149 0.0397494 0.0502338 0.060138 0.068191 0.0734462 0.0755893 0.0748872 0.0719091 0.0672755 0.0615405 0.0551624 0.0484992 0.041813 0.0352889 0.0290606 0.0232378 0.0179266 0.013237 0.00927345 0.00610717 0.00374668
 0.00865053 0.0140469 0.0211246 0.0297959 0.0397335 0.0502195 0.0601194 0.0681602 0.0733982 0.0755273 0.0748227 0.071858 0.0672506 0.0615468 0.0551957 0.0485491 0.0418682 0.0353405 0.0291047 0.0232747 0.0179584 0.0132656 0.00929887 0.00612812 0.00376196
 0.00862733 0.0140087 0.0210666 0.0297145 0.0396281 0.0500954 0.0599882 0.068038 0.0733004 0.075463 0.0747931 0.0718594 0.0672787 0.0615993 0.055271 0.0486434 0.0419739 0.035448 0.029205 0.0233617 0.0180299 0.0133221 0.00934184 0.00615928 0.00378305
 0.00863666 0.0140215 0.0210811 0.0297273 0.0396341 0.0500888 0.0599644 0.067995 0.0732403 0.0753927 0.0747226 0.0717983 0.0672341 0.0615745 0.0552666 0.0486583 0.0420059 0.0354928 0.0292568 0.0234141 0.0180778 0.0133623 0.00937319 0.0061822 0.00379864
#pred catch len freq
 0.0043042 0.00680862 0.00992852 0.0135885 0.0177456 0.0223704 0.0273777 0.0325879 0.0377574 0.0426369 0.0470119 0.0507234 0.0536831 0.055879 0.0573638 0.0582363 0.0586247 0.0586565 0.0583837 0.0576645 0.0560712 0.0529561 0.0477496 0.0403784 0.0315121
 0.00452003 0.0070861 0.0102137 0.0137944 0.0177865 0.0222106 0.0270629 0.0322323 0.0374891 0.0425344 0.0470722 0.0508796 0.0538558 0.0560263 0.0575027 0.058426 0.0589223 0.0590669 0.058832 0.0580097 0.056164 0.052712 0.0471956 0.0396426 0.0307624
 0.00474708 0.00744625 0.0107336 0.0144788 0.0186014 0.0230692 0.0278283 0.0327535 0.0376643 0.042366 0.04667 0.0504025 0.0534323 0.0557092 0.0572814 0.0582727 0.0588254 0.0590261 0.0588258 0.0579716 0.0559968 0.0523378 0.0466078 0.0389198 0.0300322
 0.00497989 0.00781233 0.0112633 0.0151963 0.0195248 0.0242045 0.0291526 0.0341913 0.039074 0.0435564 0.047455 0.0506733 0.0532031 0.0551036 0.0564682 0.0573958 0.0579694 0.0582198 0.0580589 0.0572072 0.0551839 0.0514377 0.0456271 0.0379228 0.0291188
 0.00525085 0.00823148 0.0118557 0.0159752 0.0204952 0.0253675 0.0305038 0.0357121 0.0407161 0.045226 0.049005 0.0519172 0.0539594 0.0552578 0.0560179 0.0564483 0.0566917 0.056773 0.0565532 0.055693 0.0536733 0.049939 0.0441743 0.0365846 0.0279782
 0.00555354 0.00870283 0.0125273 0.016865 0.0216082 0.0266969 0.0320283 0.0373923 0.0424944 0.0470282 0.0507388 0.0534664 0.0551821 0.0560011 0.0561543 0.0559209 0.0555407 0.0551239 0.0545725 0.0535399 0.0514755 0.0477983 0.0421855 0.0348419 0.0265611
 0.00586794 0.00919398 0.0132305 0.0178029 0.0227921 0.0281261 0.0336852 0.0392351 0.0444541 0.0490125 0.0526411 0.0551739 0.0565803 0.0569742 0.0565888 0.0557209 0.0546555 0.0535761 0.0524662 0.0510433 0.0487879 0.0451213 0.0397028 0.0327036 0.0248638
 0.00620978 0.009726 0.0139883 0.0188075 0.0240515 0.0296369 0.0354286 0.0411698 0.046512 0.051101 0.0546496 0.0569841 0.0580752 0.0580452 0.0571381 0.0556626 0.0539246 0.0521475 0.0503811 0.0484252 0.0458381 0.0420905 0.0368477 0.0302384 0.0229205
 0.00659607 0.0103262 0.0148411 0.0199336 0.0254557 0.0313092 0.0373409 0.0432688 0.0487169 0.0533078 0.056741 0.0588398 0.0595814 0.0591014 0.0576592 0.055578 0.0531782 0.0507076 0.0482623 0.0457162 0.0427184 0.0388193 0.0337187 0.0275137 0.0207685
 0.00703541 0.0110009 0.0157842 0.0211538 0.0269426 0.0330408 0.0392841 0.0453732 0.0509081 0.0554885 0.0587974 0.0606527 0.0610383 0.0601053 0.0581323 0.0554593 0.0524211 0.0492835 0.0461772 0.0430386 0.0396044 0.0355147 0.0305216 0.0247047 0.0185374
 0.00745994 0.0116597 0.016718 0.0223816 0.028462 0.0348292 0.0412948 0.0475323 0.0531178 0.0576377 0.0607742 0.0623526 0.0623683 0.0609866 0.0585012 0.055266 0.0516282 0.0478685 0.0441453 0.0404475 0.0365913 0.0323043 0.0273973 0.0219429 0.0163326
 0.00781588 0.0122187 0.0175237 0.0234644 0.0298377 0.0364953 0.0432223 0.0496562 0.0553362 0.0598216 0.0627846 0.0640595 0.0636662 0.0618016 0.0587888 0.0550019 0.0507988 0.0464685 0.0421879 0.0379871 0.0337498 0.0292827 0.0244535 0.0193338 0.0142433
 0.00819579 0.0128027 0.0183415 0.0245257 0.0311378 0.0380215 0.0449533 0.0515536 0.0573345 0.0618246 0.0646706 0.065696 0.0649297 0.0625958 0.0590546 0.0547152 0.0499604 0.0450949 0.0403113 0.03567 0.0311071 0.026494 0.0217472 0.0169381 0.0123242
 0.00854124 0.013338 0.0190986 0.0255184 0.0323623 0.0394579 0.0465638 0.0532803 0.0591026 0.0635492 0.0662641 0.0670707 0.066 0.063283 0.0592948 0.0544677 0.0492104 0.0438527 0.0386125 0.0335816 0.0287404 0.0240114 0.0193485 0.0148204 0.0106297
 0.00881371 0.0137659 0.0197152 0.0263459 0.0334107 0.0407213 0.0480138 0.0548608 0.0607313 0.065128 0.0676936 0.0682631 0.0668863 0.0638147 0.0594394 0.0542046 0.0485293 0.0427572 0.0371271 0.0317629 0.0266868 0.0218656 0.0172829 0.0130022 0.00917784
 0.00910997 0.0142248 0.0203643 0.0271981 0.0344655 0.0419662 0.0494209 0.0563804 0.0622887 0.0666276 0.0690302 0.0693375 0.0676209 0.0641634 0.0593883 0.0537634 0.0477207 0.0416092 0.0356757 0.0300617 0.02482 0.0199528 0.0154669 0.0114196 0.00792326
 0.00942768 0.0147085 0.021032 0.0280472 0.0354776 0.0431147 0.0506739 0.0576967 0.0636139 0.0678932 0.0701575 0.0702461 0.068239 0.0644387 0.0592958 0.0533062 0.0469244 0.0405135 0.0343297 0.0285258 0.023173 0.0182959 0.0139158 0.010082 0.00687119
 0.00958762 0.0149621 0.0214018 0.0285502 0.0361228 0.0438997 0.0515797 0.0586867 0.0646372 0.0688925 0.0710754 0.0710276 0.0688326 0.0647979 0.059384 0.0531024 0.0464272 0.0397425 0.033323 0.0273396 0.0218811 0.0169883 0.0126901 0.00902603 0.00604202
 0.00958805 0.0149719 0.0214343 0.0286261 0.0362686 0.044143 0.0519429 0.0591802 0.0652534 0.0696028 0.0718322 0.0717711 0.0695001 0.0653324 0.0597381 0.0532405 0.0463275 0.0394001 0.0327538 0.0265823 0.0209966 0.0160552 0.0117939 0.00824285 0.00542197
 0.00967411 0.0150921 0.0215794 0.0287772 0.0364054 0.0442558 0.0520416 0.0592933 0.065418 0.0698491 0.0721709 0.0721876 0.069957 0.065777 0.0601134 0.0534943 0.0464194 0.0393061 0.0324699 0.0261271 0.0204126 0.0154045 0.0111477 0.00766646 0.00495999
 0.00977355 0.0152441 0.0217893 0.0290411 0.0367089 0.044574 0.0523412 0.0595404 0.0655895 0.0699445 0.0722144 0.0722177 0.0700078 0.0658624 0.0602211 0.0535908 0.0464618 0.0392548 0.0322994 0.0258331 0.0200148 0.0149439 0.0106779 0.0072398 0.00461391
 0.00968616 0.0151281 0.0216632 0.0289387 0.0366701 0.0446302 0.0525021 0.0597884 0.0658855 0.0702405 0.0724688 0.0724079 0.0701359 0.0659491 0.0602911 0.0536573 0.0465181 0.0392772 0.0322592 0.0257101 0.0198078 0.0146734 0.0103803 0.00695557 0.00437542
 0.00963086 0.015039 0.0215321 0.0287625 0.036456 0.0444014 0.0522995 0.0596628 0.0658802 0.0703717 0.0727163 0.072723 0.0704607 0.0662386 0.060524 0.0538335 0.0466463 0.0393625 0.0322969 0.0256906 0.0197259 0.0145365 0.0102095 0.00677949 0.00421991
 0.00969908 0.0151265 0.0216201 0.0288189 0.0364435 0.0442924 0.0520895 0.0593773 0.0655708 0.0701037 0.0725499 0.0726943 0.0705698 0.0664511 0.060787 0.0540956 0.0468724 0.0395357 0.032412 0.0257471 0.019726 0.0144872 0.0101252 0.00668003 0.004125
 0.00965857 0.0150712 0.0215552 0.0287522 0.036379 0.0442219 0.0519902 0.0592197 0.0653367 0.069804 0.072231 0.0724259 0.0704201 0.0664605 0.060954 0.054381 0.0472165 0.0398793 0.032711 0.0259769 0.0198789 0.0145684 0.010149 0.0066659 0.00409287
 0.00957001 0.0149436 0.0213941 0.0285746 0.0362101 0.0440883 0.0519114 0.059201 0.0653642 0.0698469 0.0722526 0.0724023 0.0703555 0.0663883 0.0609205 0.0544218 0.0473395 0.0400635 0.0329187 0.0261698 0.0200304 0.0146678 0.0101997 0.00667995 0.00408552
 0.0095398 0.0148849 0.021289 0.0284026 0.0359561 0.0437534 0.0515219 0.0588071 0.0650269 0.0696176 0.072156 0.0724308 0.0704771 0.0665647 0.0611242 0.0546432 0.0475808 0.0403253 0.0331905 0.0264303 0.0202556 0.014841 0.0103164 0.00674738 0.00411728
 0.00958419 0.0149445 0.0213544 0.0284547 0.0359688 0.0436986 0.0513778 0.0585665 0.0647048 0.0692539 0.0718085 0.0721587 0.0703214 0.0665355 0.0612034 0.0547979 0.0477794 0.0405451 0.0334164 0.0266489 0.0204524 0.0150028 0.0104356 0.00682487 0.00416091
 0.0094087 0.0146982 0.0210552 0.0281418 0.0356886 0.0434843 0.0512335 0.0584676 0.0646137 0.0691411 0.0716692 0.0720162 0.0702175 0.066513 0.0612883 0.0549903 0.0480553 0.0408685 0.0337507 0.0269647 0.0207292 0.015228 0.0106044 0.00694018 0.00423181
 0.00923912 0.0144406 0.0207029 0.0277053 0.0351976 0.0429876 0.0507938 0.0581486 0.064459 0.0691551 0.0718135 0.0722279 0.0704398 0.0667179 0.0614802 0.0551915 0.0482863 0.0411341 0.0340387 0.0272524 0.020993 0.01545 0.0107757 0.00706072 0.00430872
 0.00917157 0.0143175 0.0204934 0.0273738 0.0347139 0.0423434 0.0500187 0.0573164 0.063677 0.0685386 0.0714545 0.0721678 0.0706593 0.0671492 0.0620356 0.055794 0.0488857 0.041705 0.0345682 0.0277296 0.0214051 0.0157862 0.0110314 0.00724021 0.00442404
 0.00908491 0.0141883 0.020319 0.0271545 0.0344471 0.0420164 0.0496095 0.0568048 0.0630657 0.0678713 0.0708177 0.0716706 0.0703974 0.0671711 0.0623284 0.0562935 0.0495042 0.0423599 0.0351984 0.0282971 0.0218891 0.0161767 0.0113272 0.00744845 0.00455886
 0.00893156 0.01396 0.0200147 0.0267872 0.0340401 0.041596 0.0491974 0.0564137 0.0626973 0.0675196 0.0704798 0.0713615 0.0701585 0.0670621 0.0624035 0.0565754 0.0499704 0.0429504 0.0358373 0.0289146 0.0224352 0.0166238 0.0116673 0.00768816 0.00471443
 0.00866487 0.0135701 0.019509 0.0262008 0.0334262 0.0410093 0.0486812 0.0559958 0.0623911 0.0673263 0.0703892 0.0713552 0.0702181 0.0671806 0.0625913 0.0568544 0.0503579 0.043442 0.0364004 0.0294969 0.0229811 0.0170905 0.0120323 0.00794971 0.00488584
 0.00854608 0.0133711 0.0192002 0.0257557 0.032832 0.0402821 0.0478764 0.0552028 0.0617107 0.0668398 0.0701362 0.0713303 0.0703835 0.0674852 0.0629887 0.0573137 0.0508648 0.0439901 0.0369782 0.0300796 0.0235323 0.0175728 0.0124195 0.00823332 0.00507482
