SBPRF35
7.25016
Curr Bio
529094
B35
486895
F35
0.221951
FOFL
0.221951
OFL
85689.3
Bzero
2.07147e+006
#pred survey bio
 4.60505e+006 4.06219e+006 3.55686e+006 3.2116e+006 3.0217e+006 2.76108e+006 2.50414e+006 2.23825e+006 1.92992e+006 1.64372e+006 1.39988e+006 1.22725e+006 1.09671e+006 990749 908067 804862 687732 616358 583400 561210 531653 520450 520387 509268 509752 503819 507505 492956 499100 509951 532001 527561 533870 539545 562306 587437 593969 590964 581639 584086 582870 557662 536813 529441 547999 577249 618940 617104 557472 536814 1.17068e+007 1.05455e+007 1.07613e+007 1.14459e+007 1.23517e+007 1.32683e+007 1.40785e+007 1.47387e+007 1.5249e+007 1.563e+007 1.59082e+007 1.61086e+007 1.62518e+007 1.63539e+007 1.64267e+007 1.64789e+007 1.65165e+007 1.65437e+007 1.65635e+007 1.65781e+007 1.65889e+007 1.65969e+007 1.66028e+007 1.66073e+007 1.66107e+007 1.66132e+007 1.66152e+007 1.66166e+007 1.66177e+007 1.66186e+007 1.66192e+007 1.66197e+007 1.66201e+007 1.66204e+007 1.66206e+007 1.66208e+007 1.66209e+007 1.6621e+007 1.66211e+007 1.66211e+007 1.66212e+007 1.66212e+007 1.66212e+007 1.66213e+007 1.66213e+007 1.66213e+007 1.66213e+007 1.66213e+007 1.66213e+007 1.66213e+007 1.66213e+007 1.66213e+007 1.66213e+007 1.66213e+007 1.66213e+007 1.66213e+007 1.66213e+007 1.66213e+007 1.66213e+007 1.66213e+007 1.66213e+007 1.66213e+007 1.66213e+007 1.66213e+007 1.66213e+007 1.66213e+007 1.66213e+007 1.66213e+007 1.66213e+007 1.66213e+007 1.66213e+007 1.66213e+007 1.66213e+007 1.66213e+007 1.66213e+007 1.66213e+007 1.66213e+007 1.66213e+007 1.66213e+007 1.66213e+007 1.66213e+007 1.66213e+007 1.66213e+007 1.66213e+007 1.66213e+007 1.66213e+007 1.66213e+007 1.66213e+007 1.66213e+007 1.66213e+007 1.66213e+007 1.66213e+007 1.66213e+007 1.66213e+007 1.66213e+007 1.66213e+007 1.66213e+007 1.66213e+007 1.66213e+007 1.66213e+007 0 0 0 0 0 0 0 0 0 0 0 0 0 0 0 0 0 0 0 0 0 0 0 0 0
#obs survey bio
 4.54678e+006 4.36036e+006 3.7916e+006 2.69132e+006 3.74364e+006 2.60376e+006 2.96724e+006 2.00641e+006 1.81969e+006 1.81755e+006 1.10071e+006 1.45831e+006 850598 1.02404e+006 948226 1.19642e+006 639056 495241 600182 720084 504043 541690 573221 591596 503342 557635 645945 500233 463789 536085 607825 483376 592632 456340 558995 711644 703625 625766 509333 718781 583157 602115 602833 598102 463122 581432 531802 772187 578925 619669
#pred catch bio
 111620 97884.1 168827 198748 240586 275962 287393 326143 316172 296509 277742 268008 251477 225401 225523 214258 186179 161531 151201 148326 137219 130987 131834 111319 119219 106608 111346 96686.7 108284 95387.4 94668.2 89829.1 93348.6 96551.7 90643.1 96883.3 91042.7 91730.8 84894.2 83593 85991.4 85695.1 86016 85599.3 93692.9 84920 96427.6 97595.7 90714.6 95818.2 85689.3 83913.9 83999.3 88208 94839.4 101688 107662 112407 115947 118476 120225 121404 122186 122695 123024 123235 123368 123452 123505 123538 123559 123571 123579 123584 123587 123589 123590 123591 123591 123592 123592 123592 123592 123592 123592 123592 123592 123592 123592 123592 123592 123592 123592 123592 123592 123592 123592 123592 123592 123592 123592 123592 123592 123592 123592 123592 123592 123592 123592 123592 123592 123592 123592 123592 123592 123592 123592 123592 123592 123592 123592 123592 123592 123592 123592 123592 123592 123592 123592 123592 123592 123592 123592 123592 123592 123592 123592 123592 123592 123592 123592 123592 123592 123592 123592 123592 123592 123592 123592 123592 0 0 0 0 0 0 0 0 0 0 0 0 0 0 0 0 0 0 0 0 0 0 0 0 0
#obs catch bio
 0 97377.4 169340 198875 240558 276215 287163 326422 316173 296251 277804 268532 251910 225473 225627 213594 186354 161939 151490 147937 137377 131463 132075 110868 119561 106563 111299 96362.7 108941 95484 94433.3 89777.7 93228.4 96904.2 90585.4 96975.1 90930.4 91744.6 84863.2 83569 85925.2 85662.5 85998 85588.3 93967.1 84852.7 96462.1 97413.6 90730.3 95898.6
#pred cpue bio
 4.54755e+006 4.01145e+006 3.51147e+006 3.16828e+006 2.97847e+006 2.71905e+006 2.46302e+006 2.19847e+006 1.89248e+006 1.60883e+006 1.36732e+006 1.19594e+006 1.06618e+006 960799 878590 776886 662302 592367 559983 538373 509691 498624 498465 487715 488298 482436 486138 472219 478203 488506 510003 506029 512218 517767 539778 564111 569099 564136 554015 556344 555646 531891 512029 504956 522661 550461 590589 588998 532107 512260 1.11652e+007 1.00483e+007 1.0126e+007 1.07026e+007 1.15818e+007 1.2494e+007 1.33035e+007 1.39636e+007 1.44739e+007 1.48549e+007 1.51331e+007 1.53334e+007 1.54766e+007 1.55787e+007 1.56516e+007 1.57038e+007 1.57414e+007 1.57686e+007 1.57884e+007 1.5803e+007 1.58137e+007 1.58217e+007 1.58277e+007 1.58322e+007 1.58356e+007 1.58381e+007 1.584e+007 1.58415e+007 1.58426e+007 1.58435e+007 1.58441e+007 1.58446e+007 1.5845e+007 1.58453e+007 1.58455e+007 1.58456e+007 1.58458e+007 1.58459e+007 1.5846e+007 1.5846e+007 1.58461e+007 1.58461e+007 1.58461e+007 1.58461e+007 1.58462e+007 1.58462e+007 1.58462e+007 1.58462e+007 1.58462e+007 1.58462e+007 1.58462e+007 1.58462e+007 1.58462e+007 1.58462e+007 1.58462e+007 1.58462e+007 1.58462e+007 1.58462e+007 1.58462e+007 1.58462e+007 1.58462e+007 1.58462e+007 1.58462e+007 1.58462e+007 1.58462e+007 1.58462e+007 1.58462e+007 1.58462e+007 1.58462e+007 1.58462e+007 1.58462e+007 1.58462e+007 1.58462e+007 1.58462e+007 1.58462e+007 1.58462e+007 1.58462e+007 1.58462e+007 1.58462e+007 1.58462e+007 1.58462e+007 1.58462e+007 1.58462e+007 1.58462e+007 1.58462e+007 1.58462e+007 1.58462e+007 1.58462e+007 1.58462e+007 1.58462e+007 1.58462e+007 1.58462e+007 1.58462e+007 1.58462e+007 1.58462e+007 1.58462e+007 1.58462e+007 1.58462e+007 1.58462e+007 1.58462e+007 0 0 0 0 0 0 0 0 0 0 0 0 0 0 0 0 0 0 0 0 0 0 0 0 0
#obs cpue bio
 4.52854e+006 4.36393e+006 3.09664e+006 3.00024e+006 3.05149e+006 2.58948e+006 2.15814e+006 2.50361e+006 2.00688e+006 1.5505e+006 1.59753e+006 915670 1.3621e+006 918441 885763 653105 590004 638266 540353 548707 437305 398541 520928 499445 399142 443245 449036 476692 351346 491562 631103 461310 522968 438013 626913 474885 518592 531994 601974 449176 615050 479783 461264 416655 556535 541926 754667 581703 403473 470625
#pred surv len freq
 0.00431351 0.00711694 0.0109209 0.0157684 0.021563 0.027972 0.0344164 0.0402359 0.0449496 0.0484122 0.0507674 0.0522811 0.0532023 0.0537095 0.0539185 0.0539115 0.0537659 0.0535543 0.053287 0.0527941 0.0516257 0.0491025 0.0446036 0.0379823 0.0298256
 0.004496 0.0073541 0.0111705 0.0159609 0.0216293 0.0278814 0.0342003 0.0399766 0.044736 0.0482922 0.0507295 0.0522768 0.0531916 0.0536978 0.0539608 0.0540832 0.0541143 0.0540565 0.053835 0.0532233 0.0517779 0.048898 0.0440795 0.0372745 0.0291041
 0.00465707 0.00762879 0.0116027 0.0165862 0.0224515 0.0288459 0.0351837 0.040814 0.0452828 0.0484862 0.0506097 0.0519468 0.0527595 0.0532381 0.0535174 0.0536922 0.0538133 0.0538654 0.0537251 0.0531063 0.0515361 0.0484445 0.043411 0.0364788 0.0283169
 0.00479389 0.00786621 0.0119886 0.0171768 0.0233002 0.0299829 0.0365899 0.0424009 0.046892 0.049916 0.0516662 0.0525025 0.0527901 0.0528178 0.0527779 0.0527734 0.0528301 0.0528933 0.0527929 0.0521949 0.0505944 0.0474272 0.0423216 0.0353853 0.027325
 0.00492232 0.00808046 0.0123224 0.0176681 0.0239881 0.0308998 0.0377505 0.0437908 0.0484579 0.0515591 0.0532415 0.0538334 0.0537042 0.0531952 0.0525889 0.0520835 0.0517693 0.0516073 0.0514002 0.0507654 0.0491559 0.0459929 0.0409232 0.0340881 0.0262118
 0.00513117 0.0084126 0.0128089 0.018334 0.0248499 0.0319608 0.0389963 0.045187 0.0499546 0.0530965 0.0547493 0.0552228 0.0548603 0.0539847 0.052888 0.0518181 0.0509439 0.050305 0.0497531 0.0489144 0.0472235 0.0440809 0.0391249 0.0324954 0.0249039
 0.00531595 0.00873029 0.0133181 0.0190976 0.0259186 0.0333488 0.0406606 0.0470271 0.0518373 0.0548927 0.0563615 0.0565887 0.055936 0.0547211 0.0532173 0.0516611 0.0502384 0.0490394 0.0479862 0.0467706 0.044869 0.0416964 0.0368836 0.0305436 0.0233402
 0.00547309 0.00899548 0.0137365 0.0197208 0.0267978 0.0345216 0.0421335 0.0487619 0.0537473 0.0568529 0.0582288 0.0582277 0.0572407 0.0556216 0.0536695 0.0516277 0.0496803 0.047928 0.0463316 0.0446485 0.0424286 0.039143 0.0344404 0.0284062 0.0216366
 0.00568619 0.00935104 0.0142886 0.0205256 0.0279028 0.0359482 0.0438598 0.0507178 0.0558256 0.0589291 0.0601779 0.0599323 0.0585959 0.0565409 0.0540903 0.0515109 0.0490031 0.0466802 0.0445269 0.0423489 0.0397678 0.0363281 0.0317201 0.0260132 0.0197286
 0.00592383 0.00974044 0.0148807 0.0213708 0.0290422 0.0373995 0.0456019 0.052683 0.0579073 0.0610009 0.062113 0.061617 0.059935 0.0574579 0.0545251 0.0514177 0.0483495 0.0454508 0.0427332 0.0400489 0.0370883 0.0334709 0.028937 0.023549 0.0177562
 0.00617956 0.0101591 0.0155159 0.022274 0.0302521 0.0389263 0.0474109 0.0546905 0.0599939 0.0630348 0.0639724 0.0632003 0.0611626 0.0582687 0.0548727 0.0512654 0.0476686 0.0442232 0.0409641 0.0377881 0.0344526 0.0306527 0.0261817 0.0211001 0.0157898
 0.00636331 0.0104783 0.0160342 0.0230626 0.0313738 0.0404096 0.0492263 0.0567436 0.0621428 0.0651224 0.0658557 0.0647673 0.0623355 0.0589997 0.0551346 0.0510423 0.0469487 0.0429991 0.0392435 0.0356152 0.0319324 0.0279615 0.0235485 0.0187557 0.0139036
 0.00661058 0.0108724 0.0166137 0.0238618 0.0324203 0.0417191 0.0507921 0.0585248 0.0640588 0.0670571 0.067672 0.0663283 0.0635262 0.0597424 0.0553907 0.0508028 0.0462204 0.0417952 0.0375872 0.0335559 0.0295682 0.0254517 0.0210998 0.0165776 0.0121509
 0.00686418 0.011285 0.0172344 0.0247336 0.033569 0.0431377 0.0524284 0.0602838 0.0658237 0.0687181 0.0691433 0.0675462 0.0644379 0.060298 0.0555463 0.0505282 0.0455038 0.0406436 0.0360269 0.0316405 0.0273928 0.0231613 0.0188775 0.0146075 0.0105684
 0.00696147 0.0114639 0.017542 0.0252268 0.0343018 0.0441406 0.0536882 0.0617367 0.0673669 0.0702332 0.0705206 0.0687012 0.0653145 0.060863 0.0557781 0.0504086 0.0450166 0.039781 0.0347994 0.0300894 0.0256006 0.0212558 0.0170186 0.012954 0.00923717
 0.00702784 0.0115945 0.0177812 0.0256317 0.0349314 0.0450361 0.0548532 0.0631262 0.0688904 0.0717698 0.0719401 0.069885 0.066175 0.0613529 0.0558882 0.0501543 0.0444219 0.0388689 0.0335952 0.0286332 0.0239628 0.0195442 0.0153677 0.0114973 0.00807097
 0.00721751 0.011891 0.0182066 0.0262016 0.0356561 0.045921 0.0558945 0.0643031 0.0701578 0.073056 0.0731513 0.0709187 0.066937 0.061775 0.0559385 0.0498363 0.0437651 0.037916 0.032394 0.0272384 0.0224451 0.0179973 0.0139026 0.0102211 0.00705859
 0.00733811 0.0120958 0.0185299 0.0266778 0.0363091 0.0467497 0.0568624 0.065342 0.0711882 0.0740107 0.0739874 0.0716108 0.0674617 0.0621004 0.0560271 0.0496574 0.0433067 0.0371899 0.031434 0.0260973 0.0211934 0.0167215 0.0126985 0.00917669 0.00623334
 0.00733399 0.0120946 0.0185394 0.0267121 0.0363894 0.0469026 0.0571159 0.0657171 0.0716887 0.0746166 0.0746567 0.0722894 0.0680953 0.0626411 0.0564321 0.0498867 0.0433255 0.0369767 0.0309895 0.0254495 0.0203976 0.0158547 0.0118472 0.0084205 0.00562703
 0.00736443 0.012132 0.0185739 0.0267288 0.0363744 0.0468533 0.0570478 0.065665 0.0716982 0.0747301 0.0748986 0.0726571 0.0685582 0.0631475 0.0569203 0.0502955 0.0436013 0.037079 0.0308965 0.0251648 0.0199533 0.0153089 0.011273 0.00788866 0.00518947
 0.00751174 0.0123542 0.0188752 0.0270987 0.0367876 0.0472716 0.0574245 0.0659533 0.071865 0.0747696 0.074838 0.0725471 0.068453 0.0630844 0.0569078 0.0503137 0.0436108 0.0370345 0.0307603 0.0249172 0.0196005 0.0148829 0.010824 0.0074706 0.00484379
 0.00751962 0.0123838 0.0189495 0.0272469 0.0370338 0.0476195 0.0578457 0.0663889 0.0722425 0.0750283 0.074948 0.0725168 0.0683222 0.0629073 0.0567346 0.0501741 0.0435073 0.0369453 0.0306514 0.0247581 0.0193773 0.0146047 0.0105199 0.00717833 0.00459615
 0.00752341 0.0123784 0.0189218 0.027182 0.036925 0.047479 0.0577104 0.0663106 0.072265 0.0751638 0.0751688 0.072768 0.0685482 0.0630749 0.0568403 0.0502355 0.0435457 0.0369713 0.0306594 0.0247323 0.0193034 0.0144809 0.0103606 0.00700882 0.0044424
 0.00772177 0.0126644 0.0192838 0.0275836 0.0373125 0.0477964 0.0579141 0.0663804 0.0722096 0.0750186 0.0749845 0.0725912 0.0684035 0.0629604 0.0567377 0.0501274 0.0434261 0.0368441 0.0305304 0.0246024 0.0191685 0.014338 0.0102131 0.00686746 0.0043201
 0.00771392 0.0126567 0.0192801 0.0275871 0.0373201 0.0477931 0.057872 0.0662677 0.0720081 0.0747405 0.0746775 0.0723249 0.0682432 0.0629421 0.0568569 0.0503458 0.0436905 0.0371061 0.0307569 0.024776 0.0192838 0.0143975 0.0102261 0.00684824 0.00428524
 0.00774995 0.012721 0.0193874 0.0277535 0.0375584 0.0481043 0.0582369 0.0666434 0.0723331 0.0749497 0.0747218 0.0721904 0.0679598 0.062575 0.0564834 0.0500282 0.0434589 0.0369577 0.0306687 0.0247203 0.0192387 0.0143511 0.0101753 0.00679602 0.0042372
 0.00771422 0.0126518 0.0192642 0.0275543 0.0372703 0.0477369 0.0578317 0.0662683 0.0720611 0.0748306 0.0747633 0.072358 0.0681954 0.0628227 0.0567101 0.0502284 0.0436447 0.0371423 0.0308543 0.024897 0.0193912 0.0144673 0.0102515 0.00683718 0.00425327
 0.00788211 0.0128953 0.0195748 0.0279025 0.0376095 0.0480145 0.0580003 0.0662972 0.0719459 0.0745983 0.0744663 0.0720567 0.067936 0.0626236 0.0565646 0.0501188 0.0435575 0.0370742 0.0308082 0.0248739 0.0193863 0.0144715 0.0102561 0.00683735 0.00424875
 0.00779191 0.0127743 0.0194389 0.0277793 0.0375267 0.0479831 0.0580042 0.0662975 0.0719001 0.0744834 0.0742929 0.0718654 0.06778 0.0625469 0.056586 0.0502288 0.0437275 0.0372706 0.031004 0.0250526 0.0195392 0.0145943 0.0103475 0.00689912 0.00428585
 0.00781923 0.0128124 0.0194857 0.0278321 0.0375866 0.0480593 0.0581131 0.0664525 0.0720964 0.0746879 0.0744507 0.0719227 0.0677111 0.0623678 0.0563455 0.0499853 0.0435253 0.0371292 0.030921 0.0250137 0.0195283 0.0145981 0.0103565 0.00690787 0.00429184
 0.00782746 0.0127992 0.0194176 0.0276637 0.0372755 0.0475886 0.0575106 0.0657944 0.0714897 0.0742384 0.07423 0.0719475 0.0679429 0.0627325 0.0567645 0.0504013 0.0439111 0.0374797 0.0312382 0.025297 0.0197724 0.0147969 0.0105075 0.00701363 0.00435962
 0.0079056 0.0129108 0.019555 0.0278052 0.0373852 0.0476205 0.0574167 0.0655397 0.0710702 0.0736962 0.0736512 0.0714398 0.0675988 0.0625989 0.0568319 0.0506178 0.0442101 0.0378037 0.0315502 0.0255779 0.0200132 0.0149932 0.010658 0.00712077 0.00442959
 0.00784171 0.0128269 0.0194648 0.0277317 0.0373513 0.0476347 0.057463 0.0655775 0.0710479 0.0735716 0.073412 0.0711135 0.0672486 0.062304 0.0566599 0.0506017 0.0443402 0.0380386 0.0318366 0.0258689 0.0202767 0.0152122 0.0108266 0.00724102 0.00450852
 0.00778012 0.0127308 0.0193292 0.027558 0.0371507 0.0474308 0.0572902 0.0654712 0.0710282 0.073629 0.0735056 0.0711882 0.0672624 0.0622494 0.0565677 0.0505241 0.0443255 0.0381098 0.031986 0.0260666 0.0204866 0.0154044 0.0109833 0.00735642 0.00458574
 0.00786069 0.012835 0.0194367 0.027634 0.0371566 0.0473407 0.0571051 0.0652222 0.0707668 0.0734086 0.0733629 0.0711311 0.0672695 0.062283 0.0565944 0.0505317 0.0443263 0.0381296 0.0320457 0.0261703 0.0206205 0.0155455 0.0111104 0.00745677 0.00465602
 0.00855404 0.0138093 0.0206193 0.0288593 0.0382099 0.048031 0.0573268 0.0649757 0.0701399 0.0725389 0.0724013 0.0702113 0.0664853 0.0616759 0.0561576 0.0502293 0.0441176 0.0379865 0.0319566 0.0261317 0.0206266 0.0155838 0.0111639 0.0075097 0.00469869
 0.0092521 0.0149262 0.0222557 0.0310674 0.0409482 0.0511145 0.0604045 0.0675823 0.0718284 0.0730393 0.0717108 0.0685686 0.0642564 0.0592258 0.0537652 0.0480613 0.0422458 0.0364222 0.0306835 0.0251257 0.0198624 0.015032 0.0107893 0.00727265 0.00455971
 0.00921995 0.0149716 0.0225045 0.031696 0.0421368 0.0529696 0.0628838 0.0704619 0.0747333 0.0755265 0.0733808 0.0691709 0.0637543 0.0577934 0.0517158 0.0457429 0.0399501 0.0343419 0.0289144 0.0236947 0.0187565 0.0142179 0.0102228 0.00690337 0.00433627
 0.00903168 0.0146894 0.0221306 0.0312662 0.0417331 0.052728 0.0629831 0.07108 0.0759715 0.0773328 0.0755194 0.0712693 0.0654162 0.0587254 0.0518129 0.0450969 0.0387901 0.0329409 0.0275093 0.0224439 0.0177377 0.0134475 0.00967919 0.00654608 0.00411869
 0.0088402 0.0143811 0.0216742 0.03064 0.0409379 0.0518039 0.0620275 0.0702513 0.0754671 0.0773395 0.0761482 0.0724975 0.0670647 0.0604947 0.0533706 0.0461851 0.0392999 0.0329228 0.0271221 0.0218791 0.0171554 0.0129472 0.00930114 0.00628906 0.00395997
 0.00875405 0.0142308 0.0214292 0.0302662 0.0404061 0.0511041 0.0611842 0.0693321 0.0745812 0.0766251 0.0757513 0.0725397 0.0676034 0.0614852 0.0546564 0.0475315 0.0404664 0.0337421 0.027545 0.0219657 0.017027 0.0127286 0.00908302 0.00611715 0.0038446
 0.00875578 0.0142301 0.0214206 0.0302392 0.0403437 0.0509829 0.060977 0.0690158 0.0741494 0.0761021 0.0752003 0.0720596 0.0673083 0.0614711 0.0549623 0.0481128 0.0411995 0.0344643 0.0281143 0.0223087 0.0171514 0.0126987 0.00897863 0.00600163 0.00375192
 0.00873383 0.0142059 0.0214048 0.0302473 0.04039 0.0510707 0.0610911 0.0691214 0.0741997 0.0760532 0.0750275 0.0717717 0.066954 0.061132 0.0547302 0.0480566 0.0413349 0.0347434 0.0284449 0.0225953 0.0173331 0.0127656 0.00896077 0.00594317 0.00368892
 0.00874533 0.0142215 0.0214232 0.0302672 0.0404121 0.0511008 0.0611389 0.0691961 0.0743005 0.0761621 0.0751098 0.071787 0.066875 0.0609612 0.0545057 0.0478412 0.0411907 0.0347048 0.0285038 0.0227076 0.0174442 0.0128367 0.00898161 0.00592658 0.00365627
 0.00872479 0.0141928 0.0213886 0.0302314 0.0403805 0.0510775 0.0611259 0.0691941 0.0743118 0.0761902 0.0751562 0.0718453 0.0669283 0.0609872 0.0544888 0.047784 0.041117 0.034648 0.0284887 0.0227373 0.0175004 0.0128929 0.00901831 0.00593896 0.00365104
 0.00874304 0.0142223 0.0214327 0.030293 0.0404616 0.0511775 0.0612407 0.0693148 0.0744256 0.0762832 0.0752169 0.0718676 0.0669115 0.0609336 0.0544017 0.0476681 0.0409819 0.0345103 0.0283685 0.0226497 0.0174486 0.0128682 0.00900719 0.00593062 0.00364121
 0.00865302 0.0140744 0.0212083 0.0299768 0.0400485 0.0506822 0.0607038 0.0688011 0.0740092 0.0760264 0.0751529 0.071994 0.0671956 0.0613242 0.0548424 0.0481088 0.0413855 0.0348565 0.0286524 0.0228769 0.0176279 0.0130068 0.00910924 0.00599986 0.0036831
 0.00858338 0.0139775 0.0210918 0.0298559 0.0399386 0.0505892 0.0606191 0.0687058 0.073887 0.0758774 0.0749984 0.0718694 0.0671355 0.0613483 0.054949 0.0482773 0.041586 0.0350593 0.0288362 0.0230308 0.0177499 0.0130996 0.00917679 0.00604603 0.00371193
 0.00867531 0.0141027 0.0212364 0.0299937 0.0400414 0.05064 0.0606207 0.068676 0.0738445 0.0758278 0.0749321 0.0717728 0.0670061 0.0612018 0.0548127 0.0481769 0.0415341 0.0350525 0.0288605 0.0230699 0.0177911 0.0131356 0.00920485 0.00606601 0.00372487
 0.00860516 0.0140222 0.0211751 0.0299954 0.0401462 0.0508602 0.0609253 0.0689978 0.0741083 0.0759824 0.0749656 0.0717051 0.0668694 0.0610257 0.0546209 0.0479903 0.0413713 0.0349272 0.0287769 0.0230231 0.0177706 0.0131305 0.00920685 0.00607001 0.00372848
#obs surv len freq
 nan nan nan nan nan nan nan nan nan nan nan nan nan nan nan nan nan nan nan nan nan nan nan nan nan
 0.00448423 0.00734557 0.0111758 0.0159928 0.0216946 0.0279714 0.0342865 0.0400185 0.044698 0.0481612 0.0505179 0.0520124 0.0529033 0.0534145 0.0537277 0.0539819 0.0542599 0.0545523 0.0546908 0.0542826 0.0527206 0.049353 0.0438031 0.0362836 0.0276679
 0.00461031 0.00755311 0.0114926 0.0164454 0.0223016 0.0287337 0.0351775 0.0409808 0.0456521 0.0490205 0.0512058 0.0524731 0.0531079 0.0533612 0.0534379 0.0534921 0.0536133 0.0537914 0.0538546 0.053408 0.0518463 0.0485217 0.0430592 0.0356648 0.0271949
 0.00477991 0.00782843 0.0119063 0.0170279 0.0230755 0.0297051 0.0363252 0.0422514 0.0469639 0.0502758 0.0523047 0.053326 0.0536458 0.0535431 0.0532546 0.0529646 0.0527862 0.0527238 0.0526126 0.0520618 0.0504711 0.0471979 0.0418666 0.0346691 0.0264325
 0.00497403 0.00814643 0.0123893 0.0177153 0.0239973 0.0308693 0.0377056 0.0437834 0.0485538 0.0518177 0.0536953 0.0544726 0.0544684 0.0539781 0.0532601 0.0525265 0.0519218 0.0514807 0.0510654 0.0503071 0.0486241 0.0453858 0.0402152 0.0332812 0.0253658
 0.00518716 0.00849741 0.0129259 0.018485 0.0250383 0.0321954 0.0392913 0.0455583 0.0504115 0.0536359 0.0553549 0.055869 0.0555155 0.0546076 0.0534209 0.0521864 0.0510722 0.0501445 0.0493033 0.0482223 0.0463602 0.0431151 0.0381148 0.0314991 0.0239881
 0.00541847 0.00887404 0.0134942 0.0192894 0.026114 0.0335567 0.0409178 0.0473884 0.0523489 0.0555646 0.0571556 0.0574307 0.0567411 0.0554167 0.0537503 0.0519899 0.0503233 0.0488436 0.0474902 0.0459898 0.0438599 0.0405478 0.035699 0.0294244 0.022371
 0.00565955 0.00927112 0.0141012 0.0201594 0.0272884 0.0350483 0.0426949 0.0493699 0.0544183 0.0575937 0.0590256 0.0590404 0.0580066 0.0562672 0.0541255 0.0518394 0.0496093 0.0475496 0.0456369 0.0436541 0.0411896 0.0377568 0.0330339 0.0271093 0.020551
 0.00588966 0.00964698 0.0146707 0.0209692 0.0283769 0.0364327 0.0443566 0.0512475 0.0564133 0.059587 0.0608957 0.0606771 0.0593177 0.0571796 0.0545812 0.05179 0.0490145 0.0463828 0.0439019 0.0414091 0.0385675 0.0349664 0.0303297 0.0247318 0.0186643
 0.00614236 0.0100607 0.0152985 0.0218618 0.0295721 0.0379396 0.0461401 0.0532241 0.058465 0.0615857 0.0627238 0.0622373 0.0605333 0.0579908 0.0549411 0.0516606 0.0483635 0.0451869 0.0421607 0.0391691 0.0359471 0.0321629 0.0275939 0.0223095 0.0167294
 0.0063843 0.0104587 0.0159062 0.0227321 0.0307465 0.0394315 0.0479178 0.0552047 0.0605259 0.0635887 0.0645394 0.0637596 0.0616849 0.0587207 0.055217 0.0514607 0.0476697 0.0439858 0.0404547 0.0369993 0.0334187 0.0294564 0.0249445 0.0199534 0.0148385
 0.00662327 0.0108495 0.0164985 0.0235739 0.0318749 0.0408585 0.0496148 0.0570965 0.0624998 0.0655147 0.066291 0.065228 0.0627864 0.0593985 0.0554393 0.0512132 0.0469477 0.0427905 0.0387992 0.034927 0.0310265 0.0269074 0.0224521 0.0177349 0.013054
 0.0068213 0.0111784 0.0170065 0.0243099 0.0328789 0.0421453 0.0511587 0.0588259 0.0643085 0.0672827 0.067904 0.0665885 0.0638174 0.0600438 0.0556626 0.0509954 0.0462837 0.0416858 0.0372741 0.0330288 0.0288471 0.0245942 0.020195 0.0157265 0.0114373
 0.00706661 0.0115741 0.017596 0.0251317 0.033959 0.0434859 0.0527255 0.0605437 0.0660693 0.0689654 0.0693947 0.0677939 0.0646709 0.0605053 0.0557137 0.0506335 0.0455156 0.0405264 0.0357504 0.0311909 0.0267832 0.0224377 0.0181139 0.0138883 0.00996442
 0.00726219 0.0118996 0.0180995 0.0258611 0.0349504 0.0447465 0.0542175 0.0621812 0.0677343 0.0705338 0.0707585 0.068872 0.0654091 0.0608727 0.0556985 0.0502385 0.0447539 0.0394193 0.0343297 0.0295078 0.0249199 0.0205129 0.0162726 0.0122726 0.0086758
 0.0074065 0.0121392 0.0184698 0.0263991 0.0356888 0.0457026 0.0553803 0.0635046 0.0691392 0.0719203 0.0720214 0.0699165 0.0661623 0.0612892 0.0557594 0.0499456 0.0441229 0.038475 0.0331072 0.0280588 0.0233209 0.0188688 0.0147075 0.0109051 0.00758901
 0.00753256 0.0123393 0.0187624 0.0267996 0.0362087 0.0463475 0.0561464 0.0643749 0.0700829 0.0728934 0.072969 0.0707755 0.0668666 0.0617776 0.0559843 0.0498788 0.0437565 0.0378202 0.0321926 0.0269319 0.0220516 0.0175501 0.0134459 0.00980075 0.00671094
 0.00760336 0.0124553 0.0189384 0.0270496 0.0365429 0.0467681 0.0566443 0.0649305 0.0706713 0.073492 0.0735597 0.0713408 0.0673823 0.0622082 0.0562847 0.0500021 0.0436644 0.0374922 0.0316314 0.0261664 0.0211378 0.0165674 0.0124863 0.00895049 0.00603003
 0.00765524 0.0125334 0.0190447 0.0271833 0.0367021 0.0469527 0.0568574 0.0651764 0.0709532 0.0738083 0.073904 0.0717022 0.0677462 0.0625548 0.0565863 0.0502219 0.0437608 0.0374273 0.0313825 0.0257359 0.0205581 0.0158981 0.0118035 0.00832851 0.00552314
 0.00771037 0.0126168 0.0191584 0.0273245 0.0368635 0.0471238 0.0570262 0.0653328 0.0710921 0.073933 0.0740253 0.0718338 0.0678979 0.0627268 0.0567666 0.0503867 0.0438769 0.0374575 0.0312946 0.0255137 0.0202102 0.0154607 0.0113323 0.00788368 0.00515185
 0.00777768 0.0127175 0.0192936 0.0274889 0.0370465 0.0473116 0.0572036 0.0654849 0.0712068 0.0740049 0.074058 0.0718402 0.067896 0.0627342 0.0567933 0.0504304 0.0439218 0.0374766 0.0312572 0.0253957 0.0200042 0.0151819 0.0110158 0.00757326 0.00488551
 0.00781541 0.0127802 0.01939 0.0276264 0.037228 0.0475309 0.0574429 0.0657161 0.0713994 0.074135 0.0741158 0.0718312 0.0678372 0.0626482 0.0567021 0.0503496 0.043856 0.037418 0.0311878 0.0252946 0.0198575 0.0149906 0.0107972 0.00735517 0.00469487
 0.0078386 0.0128131 0.019431 0.0276721 0.0372754 0.0475804 0.0574992 0.0657858 0.0714857 0.0742336 0.0742139 0.0719123 0.0678884 0.0626654 0.0566907 0.050321 0.0438212 0.0373818 0.0311467 0.0252383 0.0197757 0.0148795 0.0106643 0.00721671 0.00456941
 0.00786765 0.0128548 0.0194836 0.0277298 0.03733 0.0476233 0.0575243 0.0657918 0.0714772 0.0742204 0.0742076 0.071921 0.0679127 0.062698 0.0567214 0.0503418 0.0438291 0.0373776 0.0311311 0.0252095 0.0197299 0.0148147 0.0105839 0.00713015 0.00448852
 0.00789483 0.0128971 0.0195431 0.0278066 0.0374209 0.0477209 0.057617 0.0658656 0.0715196 0.0742253 0.0741785 0.0718699 0.0678552 0.0626473 0.0566839 0.0503163 0.04381 0.0373589 0.0311079 0.0251788 0.0196895 0.0147644 0.0105259 0.00706977 0.00443278
 0.00789076 0.0128885 0.0195269 0.0277792 0.0373798 0.0476669 0.0575553 0.0658049 0.0714693 0.0741918 0.0741639 0.0718726 0.0678732 0.0626794 0.0567297 0.0503742 0.0438757 0.0374252 0.0311669 0.0252236 0.0197161 0.0147718 0.0105168 0.00704954 0.00440818
 0.00789639 0.0128929 0.0195247 0.0277625 0.0373402 0.047599 0.0574598 0.0656901 0.0713493 0.0740836 0.0740829 0.071829 0.0678703 0.0627141 0.0567943 0.0504596 0.0439728 0.0375253 0.0312615 0.025305 0.0197785 0.0148128 0.0105375 0.00705451 0.00440342
 0.00789138 0.0128835 0.0195081 0.0277348 0.0372967 0.0475354 0.0573734 0.0655816 0.0712246 0.0739539 0.073964 0.0717382 0.0678217 0.0627148 0.0568431 0.0505479 0.0440877 0.0376526 0.031388 0.0254198 0.0198736 0.014884 0.0105848 0.00708124 0.00441528
 0.00787288 0.0128543 0.0194657 0.0276776 0.0372241 0.0474481 0.0572741 0.0654747 0.0711158 0.0738498 0.0738714 0.071665 0.0677763 0.0627051 0.0568741 0.0506196 0.0441936 0.0377812 0.0315252 0.0255517 0.0199891 0.014976 0.0106511 0.00712399 0.0044395
 0.00787729 0.0128548 0.0194543 0.0276431 0.0371557 0.0473407 0.0571319 0.0653119 0.0709521 0.0737041 0.0737573 0.0715895 0.067741 0.0627092 0.0569158 0.0506962 0.0443009 0.0379116 0.0316681 0.0256942 0.020119 0.0150842 0.0107331 0.00718017 0.00447407
 0.00784792 0.0128101 0.0193923 0.0275634 0.0370579 0.0472238 0.0569947 0.0651552 0.0707824 0.0735352 0.0736087 0.0714813 0.0676881 0.0627169 0.0569804 0.0508079 0.0444475 0.0380805 0.0318463 0.0258691 0.0202785 0.0152188 0.0108374 0.00725404 0.00452146
 0.00782768 0.0127737 0.0193315 0.0274692 0.036924 0.0470506 0.0567922 0.0649423 0.0705809 0.0733632 0.0734779 0.0713974 0.0676543 0.0627357 0.0570522 0.0509289 0.0446085 0.0382685 0.0320464 0.0260661 0.020459 0.0153723 0.010958 0.00734091 0.00457847
 0.00780055 0.0127281 0.0192602 0.0273643 0.0367788 0.046862 0.0565643 0.0646883 0.0703222 0.0731265 0.0732891 0.071276 0.06761 0.0627683 0.0571537 0.0510873 0.0448099 0.0384975 0.0322868 0.0263014 0.020674 0.0155552 0.0111022 0.00744552 0.00464783
 0.00776478 0.012672 0.0191793 0.0272557 0.036641 0.0466958 0.0563733 0.0644795 0.070107 0.0729196 0.0731073 0.0711372 0.06753 0.0627575 0.0572149 0.0512149 0.0449915 0.0387166 0.0325248 0.0265397 0.0208956 0.0157466 0.011255 0.00755769 0.00472309
 0.00774615 0.0126377 0.0191207 0.0271626 0.0365054 0.0465156 0.0561563 0.0642431 0.0698733 0.0727097 0.0729367 0.0710153 0.0674626 0.0627484 0.0572663 0.0513258 0.0451559 0.0389228 0.0327564 0.0267777 0.0211214 0.0159446 0.0114152 0.00767663 0.00480371
 0.00933679 0.0148662 0.0218141 0.0299389 0.0388835 0.0480926 0.0567475 0.0639103 0.0688459 0.0712673 0.071322 0.0693993 0.0659486 0.0613906 0.0560887 0.050335 0.0443488 0.0382895 0.032281 0.0264392 0.0208949 0.0158038 0.0113349 0.00763541 0.0047851
 0.00932624 0.0151405 0.0227404 0.031972 0.0423678 0.0529942 0.0624851 0.0694485 0.0730625 0.073395 0.0712012 0.0674218 0.0627863 0.0577085 0.0523787 0.0468885 0.0413048 0.0356967 0.0301419 0.0247323 0.0195841 0.0148418 0.0106655 0.00719755 0.00451821
 0.00897932 0.0145979 0.0219853 0.0310591 0.0414751 0.0524564 0.0627518 0.0709238 0.0758615 0.0771642 0.0751631 0.0706685 0.0646567 0.0580164 0.0513831 0.04508 0.0391754 0.0336059 0.0282929 0.023209 0.0183982 0.0139666 0.0100556 0.0067987 0.00427542
 0.00879761 0.0142923 0.0215073 0.0303613 0.0405304 0.0512915 0.0614893 0.069808 0.0752358 0.0773744 0.0764025 0.0728349 0.0673235 0.0605715 0.0532741 0.046024 0.0392136 0.0330037 0.0273787 0.022251 0.017558 0.0133105 0.00958735 0.00649052 0.00408813
 0.00873241 0.0141762 0.0213131 0.030055 0.0400763 0.050663 0.0606838 0.0688649 0.0742535 0.0765193 0.0758942 0.0728903 0.0680629 0.0619286 0.0549775 0.0476847 0.0404817 0.0337008 0.0275319 0.0220272 0.0171594 0.0128962 0.00924518 0.00624731 0.00393459
 0.00870533 0.0141312 0.0212428 0.0299496 0.0399226 0.0504439 0.0603802 0.068461 0.073746 0.0759317 0.0752916 0.0723852 0.0677992 0.0620352 0.0555036 0.048552 0.0414943 0.0346203 0.0281768 0.0223368 0.0171887 0.0127601 0.00905515 0.00607587 0.00381085
 0.00869833 0.0141181 0.0212197 0.0299117 0.0398641 0.0503592 0.0602641 0.0683074 0.0735476 0.075681 0.0749876 0.0720452 0.0674701 0.0617945 0.0554393 0.0487241 0.0418948 0.0351619 0.0287237 0.0227648 0.0174358 0.0128374 0.00902114 0.0059963 0.00373208
 0.00868144 0.0140946 0.0211916 0.0298827 0.039838 0.0503373 0.0602431 0.0682797 0.0735027 0.0756083 0.0748783 0.0718956 0.0672863 0.0615989 0.0552738 0.0486417 0.0419388 0.0353398 0.0289959 0.0230582 0.0176773 0.0129862 0.00907831 0.00599135 0.0037003
 0.00868628 0.0141001 0.0211956 0.0298822 0.0398307 0.0503231 0.0602251 0.0682624 0.073489 0.0755959 0.0748593 0.0718584 0.0672211 0.0615039 0.0551599 0.0485339 0.0418704 0.0353391 0.0290705 0.0231879 0.0178226 0.0131074 0.00915358 0.00602138 0.0037003
 0.00870114 0.014125 0.0212341 0.0299372 0.0399028 0.0504087 0.0603151 0.0683438 0.0735488 0.0756254 0.0748554 0.0718224 0.0671555 0.0614114 0.0550449 0.0484064 0.041748 0.0352434 0.0290192 0.0231855 0.0178572 0.0131569 0.00919663 0.00604681 0.00370832
 0.00865915 0.0140628 0.021152 0.0298402 0.0397999 0.0503113 0.0602354 0.0682925 0.0735325 0.0756443 0.0749031 0.071888 0.0672267 0.0614771 0.0550972 0.0484418 0.0417683 0.0352565 0.0290358 0.0232143 0.0178999 0.0132069 0.00924339 0.00608193 0.00372914
 0.00866351 0.0140643 0.0211444 0.0298149 0.0397494 0.0502338 0.060138 0.068191 0.0734462 0.0755893 0.0748872 0.0719091 0.0672755 0.0615405 0.0551624 0.0484992 0.041813 0.0352889 0.0290606 0.0232378 0.0179266 0.013237 0.00927345 0.00610717 0.00374668
 0.00865053 0.0140469 0.0211246 0.0297959 0.0397335 0.0502195 0.0601194 0.0681602 0.0733982 0.0755273 0.0748227 0.071858 0.0672506 0.0615468 0.0551957 0.0485491 0.0418682 0.0353405 0.0291047 0.0232747 0.0179584 0.0132656 0.00929887 0.00612812 0.00376196
 0.00862733 0.0140087 0.0210666 0.0297145 0.0396281 0.0500954 0.0599882 0.068038 0.0733004 0.075463 0.0747931 0.0718594 0.0672787 0.0615993 0.055271 0.0486434 0.0419739 0.035448 0.029205 0.0233617 0.0180299 0.0133221 0.00934184 0.00615928 0.00378305
 0.00863666 0.0140215 0.0210811 0.0297273 0.0396341 0.0500888 0.0599644 0.067995 0.0732403 0.0753927 0.0747226 0.0717983 0.0672341 0.0615745 0.0552666 0.0486583 0.0420059 0.0354928 0.0292568 0.0234141 0.0180778 0.0133623 0.00937319 0.0061822 0.00379864
#pred catch len freq
 0.00323108 0.00523799 0.00788957 0.0112254 0.0152827 0.0200502 0.025407 0.0311104 0.0368448 0.0422865 0.0471506 0.0512271 0.0544094 0.0566996 0.0581875 0.0590204 0.0593795 0.0594444 0.059308 0.0588395 0.0575741 0.0547757 0.049763 0.0423778 0.0332778
 0.00337526 0.00542893 0.00809859 0.0114041 0.0153824 0.0200493 0.0253269 0.0310057 0.0367704 0.0422633 0.0471564 0.0512188 0.0543624 0.056638 0.0581836 0.0591624 0.0597206 0.0599581 0.0598734 0.0592726 0.0576994 0.0545054 0.0491402 0.0415559 0.0324477
 0.00353724 0.00569294 0.00849333 0.0119464 0.0160624 0.0208146 0.0260792 0.0316234 0.0371545 0.0423805 0.0470473 0.0509654 0.0540416 0.056298 0.0578544 0.0588791 0.0595276 0.0598812 0.0598833 0.0592715 0.0575546 0.0541168 0.0484996 0.0407568 0.0316384
 0.00367579 0.0059236 0.00885216 0.0124744 0.016801 0.0217933 0.0272952 0.0330185 0.0386039 0.0437063 0.0480627 0.051535 0.0541259 0.055956 0.057207 0.0580602 0.0586501 0.0590208 0.0590676 0.0584762 0.056718 0.0531821 0.0474625 0.0396855 0.0306463
 0.00381537 0.00614885 0.00918982 0.0129531 0.0174521 0.0226493 0.0283826 0.0343449 0.0401404 0.0453704 0.04971 0.0529736 0.0551585 0.0564376 0.0570913 0.0574083 0.0575977 0.0577241 0.0576545 0.0570214 0.0552488 0.0517083 0.046014 0.0383305 0.0294746
 0.00402763 0.00648052 0.00966506 0.0135885 0.0182582 0.0236323 0.0295428 0.0356733 0.0416146 0.0469496 0.0513279 0.0545277 0.0565073 0.0574157 0.0575453 0.0572438 0.0568124 0.0564071 0.0559515 0.055088 0.0532194 0.0496924 0.0441109 0.0366384 0.0280796
 0.00421845 0.00679537 0.0101477 0.014283 0.0192012 0.0248397 0.0309971 0.0373193 0.0433687 0.0487187 0.053024 0.0560725 0.0578243 0.058417 0.0581265 0.0572959 0.0562533 0.0552175 0.0541946 0.0529015 0.0507864 0.04721 0.0417663 0.0345889 0.026432
 0.00441922 0.00711912 0.010632 0.0149662 0.0201214 0.0260298 0.0324722 0.0390617 0.0453158 0.0507618 0.0550224 0.0578795 0.0593136 0.0594962 0.0587295 0.0573667 0.0557376 0.0540767 0.0524369 0.0506108 0.0481299 0.0444172 0.0390863 0.03224 0.0245573
 0.00465131 0.00749354 0.0111912 0.0157507 0.0211664 0.0273577 0.0340824 0.040922 0.0473605 0.0528947 0.0571227 0.0598103 0.0609354 0.0606844 0.059389 0.0574341 0.0551744 0.0528641 0.0505866 0.0481907 0.0452887 0.0413858 0.0361417 0.029641 0.0224806
 0.00490683 0.00790102 0.0117911 0.0165794 0.0222544 0.0287246 0.0357274 0.0428131 0.0494296 0.0550412 0.0592234 0.0617328 0.0625517 0.061881 0.0600721 0.0575317 0.0546365 0.0516654 0.0487363 0.0457528 0.0424053 0.0382836 0.0331031 0.0269411 0.0203144
 0.00518418 0.00834275 0.0124398 0.0174715 0.0234168 0.0301693 0.0374414 0.0447504 0.051511 0.0571613 0.0612624 0.0635678 0.0640677 0.0629787 0.0606715 0.0575709 0.0540695 0.0504645 0.046904 0.0433443 0.0395527 0.0352043 0.0300745 0.0242392 0.0181394
 0.00540814 0.00871191 0.0130056 0.0182871 0.0245293 0.0316053 0.0391907 0.0467558 0.0536706 0.0593441 0.0633267 0.0653799 0.0655146 0.0639753 0.0611595 0.0575116 0.0534363 0.0492418 0.0450974 0.0410033 0.0367969 0.0322347 0.0271524 0.0216278 0.0160332
 0.00567451 0.00912881 0.0136052 0.0190943 0.0255653 0.0328888 0.0407315 0.0485398 0.0556451 0.0614092 0.0653426 0.0671889 0.0669706 0.0649676 0.0616215 0.0574143 0.052774 0.0480217 0.0433422 0.0387681 0.0341939 0.0294469 0.0244168 0.0191854 0.0140628
 0.00592076 0.00952139 0.0141818 0.0198854 0.0265902 0.034149 0.0422035 0.0501736 0.0573701 0.0631451 0.0670051 0.0686887 0.0682121 0.0658549 0.0620714 0.0573685 0.0522045 0.0469287 0.0417527 0.036743 0.0318428 0.026937 0.0219598 0.0169942 0.0122957
 0.00608283 0.00979094 0.0145993 0.0204941 0.027429 0.0352402 0.0435385 0.051704 0.0590107 0.0647879 0.0685384 0.0700142 0.0692546 0.0665613 0.0624033 0.0572948 0.0517005 0.0459823 0.040375 0.0349819 0.0297946 0.0247508 0.0198215 0.0150892 0.0107602
 0.00621278 0.0100114 0.0149494 0.021019 0.0281739 0.0362388 0.0447974 0.0531903 0.0606477 0.0664616 0.0701135 0.0713571 0.0702578 0.0671597 0.062575 0.0570484 0.0510574 0.0449657 0.0390127 0.0333202 0.0279157 0.0227804 0.0179169 0.013406 0.00941129
 0.00641069 0.0103172 0.0153814 0.0215883 0.0288888 0.0371089 0.0458317 0.0543868 0.0619796 0.0678663 0.0714926 0.0725896 0.0712234 0.0677632 0.062763 0.0568114 0.0504199 0.0439714 0.0377144 0.031781 0.0262182 0.0210346 0.0162533 0.0119508 0.00825356
 0.0065071 0.0104795 0.0156358 0.0219621 0.0294045 0.0377754 0.0466371 0.0552992 0.0629559 0.0688628 0.0724683 0.0734995 0.0720104 0.0683579 0.0630947 0.0568253 0.0500902 0.0433057 0.0367501 0.0305795 0.0248629 0.0196286 0.0149105 0.0107767 0.00732058
 0.00649946 0.0104726 0.015637 0.0219857 0.0294727 0.0379182 0.0468877 0.0556851 0.0634875 0.0695245 0.0732185 0.0742805 0.0727603 0.0690179 0.0636089 0.05714 0.0501588 0.043099 0.0362666 0.0298512 0.0239548 0.0186313 0.0139263 0.00989963 0.00661591
 0.00654499 0.0105344 0.015708 0.0220526 0.0295221 0.0379443 0.0469002 0.0557108 0.0635647 0.069692 0.0735018 0.074681 0.0732513 0.0695489 0.064116 0.0575573 0.0504266 0.0431708 0.0361169 0.0294837 0.0234066 0.0179698 0.0132365 0.0092641 0.00609472
 0.006667 0.0107166 0.0159512 0.0223453 0.0298408 0.0382577 0.0471736 0.0559132 0.0636783 0.0697212 0.0734758 0.0746452 0.07325 0.0696079 0.0642324 0.0576997 0.0505451 0.0432109 0.0360341 0.0292557 0.0230417 0.0175071 0.0127367 0.00879204 0.00570101
 0.00666006 0.0107198 0.0159825 0.0224287 0.0299985 0.038498 0.047481 0.0562479 0.063987 0.0699547 0.0736052 0.074671 0.0732001 0.0695262 0.0641609 0.0576621 0.0505377 0.0432051 0.035989 0.0291359 0.0228318 0.0172195 0.0124074 0.00846763 0.00542207
 0.00667167 0.0107291 0.0159801 0.0224041 0.0299474 0.0384315 0.0474292 0.0562511 0.0640765 0.0701332 0.0738414 0.0749118 0.0733957 0.0696505 0.0642179 0.0576755 0.0505331 0.0431941 0.0359643 0.0290779 0.0227232 0.0170574 0.0122079 0.00825984 0.00523573
 0.00676662 0.0108594 0.0161312 0.0225463 0.0300432 0.0384484 0.0473527 0.0560928 0.0638738 0.0699403 0.0737121 0.0748797 0.0734605 0.0697808 0.0643682 0.0578081 0.0506294 0.0432525 0.0359886 0.0290687 0.0226771 0.0169737 0.0120947 0.00813395 0.00511721
 0.0067991 0.0109112 0.0162058 0.022642 0.0301488 0.0385385 0.0473892 0.0560343 0.063695 0.0696509 0.0733629 0.0745491 0.0732259 0.0696897 0.0644238 0.0579746 0.0508526 0.0434807 0.036186 0.0292161 0.0227679 0.0170099 0.0120855 0.00809481 0.00506567
 0.00677762 0.0108863 0.0161874 0.0226463 0.0301947 0.0386411 0.0475507 0.0562377 0.0639021 0.0698092 0.0734227 0.0744846 0.0730512 0.0694557 0.0641977 0.057811 0.050774 0.0434767 0.0362264 0.0292678 0.0228065 0.0170237 0.0120742 0.00806561 0.00502917
 0.00676505 0.010856 0.0161244 0.0225334 0.0300197 0.0384078 0.0472858 0.0559881 0.0637199 0.0697308 0.0734533 0.0745972 0.0731997 0.0695975 0.0643117 0.0579026 0.0508638 0.043583 0.0363524 0.0294011 0.0229278 0.017117 0.0121331 0.00809341 0.00503515
 0.00685534 0.0109824 0.0162762 0.0226855 0.0301375 0.0384557 0.0472381 0.0558376 0.0634834 0.0694493 0.0731822 0.0743884 0.0730829 0.0695708 0.0643489 0.0579705 0.0509393 0.0436585 0.0364296 0.0294813 0.0230064 0.0171852 0.0121833 0.00812352 0.00504838
 0.0068231 0.0109461 0.0162499 0.0226887 0.0301853 0.0385452 0.0473409 0.055905 0.0634662 0.0693218 0.0729571 0.0741141 0.0728247 0.0693864 0.0642685 0.0579918 0.051036 0.0437964 0.0365799 0.0296257 0.0231345 0.0172909 0.0122634 0.00817786 0.00508062
 0.00677183 0.0108664 0.0161385 0.0225493 0.0300323 0.0384063 0.0472534 0.0559033 0.0635623 0.069491 0.0731422 0.0742502 0.0728713 0.0693452 0.0641775 0.0579014 0.0509843 0.0437972 0.0366255 0.0296978 0.0232145 0.017365 0.0123236 0.00822125 0.00510825
 0.00675388 0.0108192 0.0160343 0.0223525 0.0297097 0.0379448 0.0466755 0.0552729 0.0629741 0.0690446 0.0729119 0.0742605 0.0730906 0.0697024 0.0645937 0.058318 0.051374 0.0441554 0.0369547 0.0299963 0.0234751 0.0175794 0.0124875 0.00833665 0.00518242
 0.00679968 0.0108818 0.0161049 0.0224108 0.0297235 0.0378732 0.046477 0.0549195 0.0624692 0.0684373 0.0722945 0.0737452 0.0727721 0.0696258 0.064743 0.0586319 0.0517753 0.0445781 0.0373563 0.030355 0.0237807 0.0178274 0.0126769 0.00847096 0.00526992
 0.00675319 0.0108217 0.0160423 0.0223634 0.0297082 0.0378937 0.0465153 0.0549355 0.0624123 0.0682663 0.0719978 0.0733536 0.0723562 0.0692752 0.0645357 0.0586063 0.051921 0.0448473 0.037687 0.0306922 0.0240868 0.0180822 0.0128734 0.00861129 0.00536212
 0.00670121 0.0107418 0.0159318 0.0222258 0.0295553 0.0377467 0.0464024 0.0548828 0.0624298 0.068336 0.0720749 0.0733839 0.0723031 0.0691407 0.0643622 0.0584583 0.0518556 0.0448913 0.0378305 0.0308996 0.0243146 0.0182942 0.0130478 0.00874061 0.00544901
 0.00672692 0.0107663 0.015937 0.0221851 0.0294415 0.0375457 0.046124 0.0545638 0.0621252 0.0681018 0.0719483 0.0733698 0.0723731 0.0692475 0.0644633 0.0585362 0.0519222 0.0449745 0.0379537 0.0310663 0.0245084 0.0184883 0.0132179 0.00887259 0.00554048
