SBPRF35
12.7214
Curr Bio
849942
B35
886515
F35
0.17111
FOFL
0.17024
OFL
122979
Bzero
3.63469e+006
#pred survey bio
 3.7052e+006 3.58103e+006 3.46669e+006 3.29622e+006 3.09974e+006 2.85049e+006 2.57e+006 2.33791e+006 2.10883e+006 1.88143e+006 1.68022e+006 1.44759e+006 1.28739e+006 1.11153e+006 958473 843676 756772 704873 664585 636522 604922 574474 552783 545105 537683 535768 537514 536291 529950 537223 545330 554841 560095 568471 577125 598898 611116 614249 625492 639602 653503 669257 676361 689166 706015 708689 713068 713460 713361 709258 717791 744240 763429 785856 808833 820399 825695 823690 837714 830916 820664 825494 845237 856795 3.1117e+007 1.87561e+007 1.90983e+007 1.99047e+007 2.10087e+007 2.22195e+007 2.33945e+007 2.44493e+007 2.53476e+007 2.60851e+007 2.66753e+007 2.71392e+007 2.74995e+007 2.77772e+007 2.79903e+007 2.81536e+007 2.82787e+007 2.83748e+007 2.84488e+007 2.85059e+007 2.85503e+007 2.85848e+007 2.86119e+007 2.86332e+007 2.865e+007 2.86633e+007 2.86739e+007 2.86823e+007 2.8689e+007 2.86945e+007 2.86988e+007 2.87023e+007 2.87052e+007 2.87075e+007 2.87093e+007 2.87109e+007 2.87121e+007 2.87131e+007 2.87139e+007 2.87146e+007 2.87151e+007 2.87156e+007 2.87159e+007 2.87162e+007 2.87165e+007 2.87167e+007 2.87168e+007 2.8717e+007 2.87171e+007 2.87172e+007 2.87173e+007 2.87173e+007 2.87174e+007 2.87174e+007 2.87174e+007 2.87175e+007 2.87175e+007 2.87175e+007 2.87175e+007 2.87175e+007 2.87175e+007 2.87175e+007 2.87175e+007 2.87176e+007 2.87176e+007 2.87176e+007 2.87176e+007 2.87176e+007 2.87176e+007 2.87176e+007 2.87176e+007 2.87176e+007 2.87176e+007 2.87176e+007 2.87176e+007 2.87176e+007 2.87176e+007 2.87176e+007 2.87176e+007 2.87176e+007 2.87176e+007 2.87176e+007 2.87176e+007 2.87176e+007 2.87176e+007 2.87176e+007 2.87176e+007 2.87176e+007 2.87176e+007 2.87176e+007 2.87176e+007 2.87176e+007 2.87176e+007 2.87176e+007 2.87176e+007 2.87176e+007 2.87176e+007 2.87176e+007 2.87176e+007 2.87176e+007 0 0 0 0 0 0 0 0 0 0 0 0 0 0 0 0 0 0 0 0 0 0 0 0 0
#obs survey bio
 3.3318e+006 5.00464e+006 3.30945e+006 3.614e+006 3.49429e+006 2.07136e+006 2.54008e+006 1.83185e+006 2.17249e+006 1.57711e+006 2.91495e+006 1.66944e+006 1.4569e+006 1.4403e+006 746298 793866 748945 457612 691954 835969 498588 510022 523469 748138 523335 741064 462769 671998 490539 672499 551028 333596 481338 491558 603664 774683 638108 559005 787952 637569 422739 483403 841168 870718 909834 581513 615423 818730 674406 608048 550351 684975 838017 914285 832783 838254 952413 899384 743150 691198 755119 919849 782054 979044
#pred catch bio
 99241.1 98047.4 160605 197486 261251 307008 280328 294048 306878 294535 329627 269801 286457 265800 230684 204147 171405 158664 144607 143136 137554 126301 111736 109639 103722 99886.2 101563 104644 92661.1 92749.1 92999.9 98011.5 96192.7 96821.2 87352.4 97099.7 105397 99190.4 98025.8 99818.2 100227 108729 104173 101293 113357 111280 113963 113555 116394 105988 92889.4 101435 99938.1 100226 110071 115003 120525 106610 124789 127792 115979 105521 114249 97411.9 122979 123870 124970 129164 135758 143148 150278 156582 161836 166032 169281 171736 173557 174889 175852 176542 177033 177380 177625 177796 177916 178000 178058 178099 178127 178146 178160 178169 178175 178180 178183 178185 178186 178187 178188 178189 178189 178189 178189 178189 178189 178189 178190 178190 178190 178190 178190 178190 178190 178190 178190 178190 178190 178190 178190 178190 178190 178190 178190 178190 178190 178190 178190 178190 178190 178190 178190 178190 178190 178190 178190 178190 178190 178190 178190 178190 178190 178190 178190 178190 178190 178190 178190 178190 178190 178190 178190 178190 178190 178190 178190 178190 178190 178190 178190 178190 178190 178190 178190 178190 0 0 0 0 0 0 0 0 0 0 0 0 0 0 0 0 0 0 0 0 0 0 0 0 0
#obs catch bio
 0 97648.1 160922 197292 261089 307586 279988 294765 307677 295966 330230 268478 287514 267372 233303 207214 173554 160991 145944 143168 137563 127263 112274 109496 103733 99928.9 101410 104485 92366 92355.4 92510.4 98629.5 96518.5 96990.3 87383.2 97070.8 105689 99506.1 98132.3 99709.6 100528 109607 104290 101030 113032 111087 113788 112910 115884 105624 92399.3 101437 100007 100045 110007 114848 120492 106093 124253 127532 115823 105420 114910 97266.9
#pred cpue bio
 3.66306e+006 3.5403e+006 3.42584e+006 3.25523e+006 3.05912e+006 2.81043e+006 2.53067e+006 2.29898e+006 2.0705e+006 1.84395e+006 1.64387e+006 1.41313e+006 1.25384e+006 1.07944e+006 927921 814361 728754 677949 638787 611875 581466 551861 530851 523704 516684 514901 516800 515791 509717 516866 524732 533776 538790 547102 555593 576905 588903 591922 602891 616735 630212 645460 652542 665356 682071 684807 689207 689759 689760 685673 693878 719687 738579 760853 783733 795258 800481 798557 812385 805535 795082 799489 818786 830348 3.01872e+007 1.82018e+007 1.84296e+007 1.91329e+007 2.02094e+007 2.14152e+007 2.25895e+007 2.36442e+007 2.45425e+007 2.528e+007 2.58701e+007 2.6334e+007 2.66943e+007 2.6972e+007 2.71851e+007 2.73484e+007 2.74736e+007 2.75696e+007 2.76436e+007 2.77007e+007 2.77451e+007 2.77797e+007 2.78067e+007 2.7828e+007 2.78448e+007 2.78581e+007 2.78687e+007 2.78771e+007 2.78839e+007 2.78893e+007 2.78936e+007 2.78972e+007 2.79e+007 2.79023e+007 2.79042e+007 2.79057e+007 2.79069e+007 2.79079e+007 2.79088e+007 2.79094e+007 2.791e+007 2.79104e+007 2.79108e+007 2.79111e+007 2.79113e+007 2.79115e+007 2.79117e+007 2.79118e+007 2.79119e+007 2.7912e+007 2.79121e+007 2.79121e+007 2.79122e+007 2.79122e+007 2.79123e+007 2.79123e+007 2.79123e+007 2.79123e+007 2.79123e+007 2.79124e+007 2.79124e+007 2.79124e+007 2.79124e+007 2.79124e+007 2.79124e+007 2.79124e+007 2.79124e+007 2.79124e+007 2.79124e+007 2.79124e+007 2.79124e+007 2.79124e+007 2.79124e+007 2.79124e+007 2.79124e+007 2.79124e+007 2.79124e+007 2.79124e+007 2.79124e+007 2.79124e+007 2.79124e+007 2.79124e+007 2.79124e+007 2.79124e+007 2.79124e+007 2.79124e+007 2.79124e+007 2.79124e+007 2.79124e+007 2.79124e+007 2.79124e+007 2.79124e+007 2.79124e+007 2.79124e+007 2.79124e+007 2.79124e+007 2.79124e+007 2.79124e+007 2.79124e+007 2.79124e+007 0 0 0 0 0 0 0 0 0 0 0 0 0 0 0 0 0 0 0 0 0 0 0 0 0
#obs cpue bio
 4.76723e+006 3.26866e+006 3.31721e+006 3.10519e+006 3.1837e+006 3.0568e+006 2.61337e+006 2.18182e+006 2.0992e+006 1.49507e+006 1.56737e+006 1.47641e+006 767244 682552 757540 605782 606079 782796 655255 773297 707453 378015 548795 587125 473234 356437 704870 460305 565654 503766 581300 392207 689974 745956 471335 542975 470468 532087 553966 758840 630135 637589 800827 675776 658506 712697 842728 869847 765392 775418 1.00153e+006 594269 579023 807685 752666 820981 721412 874669 1.16573e+006 821269 784222 614719 599058 1.05503e+006
#pred surv len freq
 0.00421116 0.00693933 0.0106349 0.0153416 0.0209776 0.0272431 0.033604 0.0394378 0.0442723 0.0479362 0.0505242 0.0522557 0.0533522 0.0539871 0.0542844 0.0543379 0.0542343 0.0540519 0.053803 0.0533174 0.052142 0.0495931 0.0450464 0.038356 0.0301165
 0.00451287 0.00734249 0.0110832 0.0157361 0.0212139 0.0272639 0.0334336 0.0391709 0.0440204 0.0477671 0.0504362 0.0522002 0.0532845 0.0539082 0.0542491 0.0544253 0.0544975 0.0544731 0.0542777 0.0536815 0.0522365 0.049337 0.0444763 0.0376088 0.0293635
 0.00458501 0.00751904 0.0114512 0.016394 0.0222241 0.028592 0.0349155 0.0405473 0.0450372 0.0482825 0.0504651 0.0518708 0.0527517 0.0532899 0.0536168 0.0538288 0.0539812 0.0540623 0.0539491 0.0533521 0.0517935 0.0486985 0.0436446 0.036677 0.0284707
 0.00471509 0.00771718 0.01173 0.0167703 0.0227319 0.0292902 0.035874 0.0418035 0.0465392 0.0498602 0.0518651 0.05285 0.0531733 0.0531633 0.0530632 0.0530115 0.053047 0.0531118 0.0530268 0.0524477 0.0508603 0.0476926 0.0425686 0.035597 0.0274905
 0.00488608 0.00799595 0.0121498 0.0173596 0.0235065 0.030245 0.0369803 0.0430189 0.0478238 0.0511815 0.0531773 0.054061 0.0541368 0.0537174 0.0530987 0.0525211 0.0521226 0.0518963 0.0516558 0.0510123 0.0494043 0.046239 0.0411537 0.0342875 0.0263689
 0.00510014 0.00834811 0.0126874 0.0181289 0.024543 0.0315575 0.0385348 0.0447335 0.0495827 0.0528634 0.0546822 0.0553199 0.0550981 0.0543231 0.0532742 0.0521954 0.0512666 0.0505514 0.0499282 0.0490399 0.0473232 0.0441707 0.0392094 0.0325716 0.0249666
 0.00538084 0.00880168 0.0133651 0.0190775 0.0257965 0.0331246 0.0403835 0.0467836 0.0517125 0.0549292 0.0565418 0.0568525 0.0562163 0.0549728 0.053423 0.0518177 0.0503421 0.0490823 0.0479633 0.0466882 0.0447457 0.0415572 0.0367513 0.0304331 0.0232576
 0.00560631 0.00917251 0.0139314 0.019889 0.0268939 0.034525 0.0420658 0.0486827 0.0537284 0.0569441 0.058436 0.0585126 0.0575398 0.0558722 0.0538302 0.0516847 0.0496396 0.0478028 0.046135 0.0443936 0.0421338 0.0388344 0.0341478 0.0281556 0.0214429
 0.00583329 0.00954638 0.0145033 0.0207106 0.0280076 0.0359495 0.0437798 0.0506183 0.05578 0.0589879 0.0603497 0.0601869 0.0588823 0.0568062 0.0542916 0.0516203 0.0490087 0.0465839 0.0443405 0.0420905 0.0394611 0.036002 0.0314061 0.0257397 0.0195139
 0.00602224 0.00986958 0.0150195 0.0214848 0.0290981 0.0373856 0.0455415 0.0526284 0.0579166 0.0611096 0.0623197 0.0618885 0.0602237 0.0577195 0.0547274 0.0515399 0.0483799 0.0453848 0.0425741 0.0398096 0.0367911 0.0331462 0.0286187 0.023268 0.0175331
 0.00618268 0.0101355 0.0154306 0.0220845 0.0299294 0.0384817 0.0469124 0.0542498 0.0597253 0.0630079 0.0641861 0.0635937 0.0616482 0.0587662 0.0553258 0.0516422 0.0479533 0.0444091 0.0410505 0.0377815 0.0343685 0.0305153 0.0260202 0.0209426 0.015657
 0.0066093 0.010802 0.0163827 0.0233462 0.0314988 0.0403264 0.0489635 0.0564019 0.0618502 0.0649774 0.0658917 0.0649538 0.0626051 0.0592809 0.0553731 0.051207 0.0470274 0.0429903 0.0391516 0.0354491 0.0317075 0.0277014 0.0232827 0.0185135 0.0137065
 0.00681769 0.0111635 0.0169675 0.0242295 0.0327395 0.0419358 0.0508796 0.0584901 0.0639361 0.0668947 0.0675181 0.0662194 0.0634792 0.0597519 0.0554341 0.0508492 0.0462401 0.0417666 0.0374988 0.0334071 0.0293684 0.0252201 0.0208617 0.0163592 0.0119719
 0.0071119 0.0116451 0.0176991 0.025273 0.0341459 0.0437259 0.0530208 0.0608804 0.0664072 0.0692366 0.0695189 0.0677076 0.0643556 0.0599983 0.0550951 0.0499992 0.0449519 0.0400962 0.0354908 0.0311154 0.0268821 0.0226777 0.0184413 0.0142401 0.0102839
 0.00744408 0.012178 0.0184876 0.0263631 0.035566 0.0454738 0.055049 0.0630911 0.0686625 0.0713797 0.0713934 0.0691719 0.0652955 0.0603419 0.0548253 0.0491531 0.0436056 0.0383412 0.033418 0.0288149 0.0244576 0.0202603 0.0161848 0.0122929 0.0087486
 0.00759833 0.0124511 0.0189395 0.0270623 0.0365723 0.0468131 0.0566901 0.0649407 0.0705851 0.0732294 0.0730398 0.0705104 0.0662452 0.0608418 0.0548355 0.0486619 0.0426351 0.0369473 0.0316831 0.0268404 0.0223614 0.0181756 0.0142519 0.0106372 0.00745152
 0.00771111 0.0126303 0.0192034 0.0274303 0.0370681 0.0474647 0.0575246 0.0659715 0.071795 0.0745597 0.0743927 0.0717664 0.0672875 0.0615755 0.0551961 0.0486143 0.0421715 0.036088 0.0304789 0.0253728 0.0207394 0.0165269 0.0127081 0.0093106 0.00641256
 0.0077133 0.0126345 0.0192112 0.0274452 0.0370962 0.0475181 0.0576237 0.0661473 0.0720875 0.0750085 0.075021 0.0725619 0.0681917 0.0624893 0.0559999 0.0491948 0.0424438 0.036008 0.0300474 0.024635 0.0197797 0.0154575 0.0116504 0.00837154 0.00566258
 0.00763661 0.0125257 0.0190769 0.0273015 0.036965 0.0474196 0.0575721 0.0661512 0.0721549 0.0751528 0.0752624 0.0729219 0.0686801 0.0630892 0.0566588 0.0498279 0.0429518 0.0363018 0.0300712 0.0243808 0.019289 0.0148124 0.0109529 0.007719 0.00512456
 0.00761684 0.0124745 0.0189662 0.0270978 0.0366428 0.0469806 0.0570583 0.0656405 0.0717381 0.0749044 0.0752217 0.0730931 0.0690439 0.0636137 0.057301 0.0505297 0.0436373 0.0368851 0.0304747 0.0245566 0.0192341 0.0145701 0.0105987 0.00733693 0.00478315
 0.00775495 0.0126777 0.019231 0.0274023 0.0369476 0.0472337 0.0572037 0.0656326 0.0715599 0.0745809 0.0748192 0.0726996 0.0687406 0.063453 0.0572987 0.0506679 0.0438719 0.0371535 0.0307065 0.0246905 0.0192354 0.0144415 0.0103775 0.00707881 0.00454101
 0.00780144 0.0127716 0.0194041 0.0276911 0.0373777 0.0477987 0.0578496 0.0662607 0.0720521 0.074839 0.0747975 0.072418 0.0682754 0.0629097 0.0567804 0.0502489 0.0435838 0.0369858 0.030618 0.0246271 0.01915 0.0143095 0.0102028 0.00688603 0.00436123
 0.00779924 0.0127631 0.0193841 0.0276567 0.0373354 0.0477709 0.0578746 0.0663794 0.0722845 0.0751628 0.0751462 0.0727039 0.0684265 0.0628999 0.0566364 0.0500334 0.0433657 0.0368135 0.0305063 0.0245604 0.019098 0.0142453 0.0101152 0.00678169 0.00425684
 0.00782696 0.0127833 0.0193692 0.0275667 0.0371304 0.047431 0.0574173 0.0658654 0.0718061 0.0748179 0.075007 0.0727919 0.0687044 0.0632872 0.0570426 0.0503917 0.0436499 0.0370313 0.0306789 0.0247026 0.0192109 0.014322 0.010151 0.00678128 0.00423312
 0.00789002 0.0128802 0.0195025 0.0277304 0.0373051 0.0475809 0.0574931 0.0658166 0.0716034 0.0744749 0.0745863 0.0723874 0.0684067 0.0631488 0.0570626 0.0505252 0.0438353 0.0372174 0.0308379 0.0248272 0.0193029 0.0143839 0.0101848 0.00679092 0.00422581
 0.00783061 0.0127983 0.0194067 0.0276374 0.0372351 0.0475486 0.0574998 0.0658463 0.071626 0.0744558 0.0745013 0.0722369 0.0682217 0.0629826 0.0569686 0.050534 0.0439427 0.0373912 0.0310354 0.0250128 0.0194557 0.0144967 0.010259 0.00683279 0.00424411
 0.00779722 0.0127326 0.0192878 0.0274429 0.0369509 0.0471825 0.0570897 0.0654552 0.0713203 0.0742796 0.0744601 0.0723016 0.068348 0.0631346 0.0571327 0.0507167 0.0441568 0.0376395 0.0313047 0.0252781 0.0196914 0.0146854 0.0103954 0.00692129 0.00429507
 0.00776766 0.0126911 0.0192366 0.0273851 0.0368863 0.0471028 0.0569784 0.0652958 0.0711098 0.0740384 0.0742297 0.0721278 0.0682607 0.0631372 0.0572074 0.0508396 0.0443103 0.0378151 0.0314965 0.0254757 0.0198795 0.014848 0.0105218 0.00700918 0.00434943
 0.0078747 0.0128421 0.0194216 0.0275812 0.0370648 0.0472399 0.0570623 0.0653244 0.0710836 0.0739546 0.0740852 0.0719278 0.0680259 0.0629004 0.057002 0.0506876 0.0442186 0.0377792 0.0315066 0.0255202 0.0199448 0.0149199 0.0105875 0.00706062 0.00438431
 0.00789934 0.012876 0.0194603 0.0276145 0.0370771 0.0472124 0.0569776 0.0651736 0.0708734 0.0737103 0.0738442 0.0717272 0.0678897 0.0628358 0.0570036 0.0507456 0.0443226 0.0379182 0.0316682 0.0256904 0.0201096 0.0150669 0.0107079 0.00715053 0.00444496
 0.00800983 0.0130337 0.0196567 0.0278273 0.0372752 0.0473646 0.0570604 0.0651734 0.0707861 0.0735409 0.0736085 0.0714524 0.0676109 0.062588 0.0568133 0.050625 0.044271 0.0379262 0.0317219 0.0257742 0.0202078 0.0151652 0.0107948 0.00721918 0.0044935
 0.00792113 0.0129276 0.0195662 0.0278022 0.0373641 0.0475881 0.0573916 0.0655421 0.0711049 0.0737392 0.0736547 0.0713557 0.0674084 0.0623283 0.0565436 0.0503836 0.0440828 0.0378018 0.031659 0.0257622 0.0202314 0.0152082 0.0108432 0.00726288 0.00452721
 0.00782492 0.012778 0.0193563 0.027537 0.0370669 0.0473053 0.0571894 0.0654883 0.0712391 0.0740464 0.074063 0.0717632 0.0677253 0.062508 0.0565894 0.0503335 0.0439866 0.0377032 0.031586 0.0257255 0.0202287 0.0152292 0.0108757 0.00729625 0.0045549
 0.00784061 0.0127794 0.0193142 0.0274114 0.0368195 0.0469203 0.0566911 0.0649459 0.0707521 0.0737156 0.0739571 0.0718952 0.0680478 0.0629326 0.0570208 0.0507022 0.0442645 0.0378977 0.031723 0.0258315 0.0203205 0.0153126 0.0109491 0.00735606 0.00459899
 0.00784649 0.0127934 0.0193417 0.0274551 0.0368727 0.0469597 0.0566767 0.0648327 0.070514 0.0733682 0.0735637 0.0715479 0.0678313 0.0628899 0.0571393 0.0509263 0.0445244 0.0381381 0.0319168 0.0259771 0.020429 0.0153962 0.0110153 0.00740748 0.00463656
 0.00774275 0.012628 0.0191001 0.027129 0.0364648 0.0464888 0.0561794 0.0643569 0.0701044 0.0730525 0.0733506 0.0714382 0.0678321 0.063017 0.0574049 0.0513212 0.0450106 0.0386579 0.0324123 0.026407 0.0207753 0.0156595 0.0112058 0.00753885 0.00472203
 0.0077186 0.0125889 0.0190412 0.027045 0.0363502 0.0463386 0.0559913 0.0641345 0.0698594 0.0728036 0.0731198 0.0712452 0.0676919 0.062942 0.0574078 0.0514133 0.045194 0.0389174 0.0327158 0.0267146 0.0210524 0.0158854 0.011375 0.0076562 0.00479778
 0.00774008 0.0126261 0.0191008 0.0271334 0.0364702 0.0464852 0.0561483 0.0642747 0.0699507 0.0728184 0.0730438 0.0710826 0.067464 0.062682 0.0571533 0.0511999 0.0450488 0.0388542 0.0327312 0.0267896 0.021159 0.0159964 0.0114712 0.0077291 0.00484714
 0.00769676 0.0125566 0.0189988 0.0269952 0.0362979 0.0462897 0.0559504 0.0641022 0.0698293 0.0727619 0.0730482 0.0711289 0.0675276 0.0627432 0.0572046 0.0512463 0.0451043 0.0389334 0.0328423 0.0269296 0.0213144 0.0161483 0.0116028 0.00783046 0.00491699
 0.00774575 0.0126139 0.0190438 0.0269957 0.0362194 0.0461102 0.0556734 0.0637595 0.0694725 0.0724471 0.0728207 0.0710125 0.0675213 0.0628257 0.057344 0.0514129 0.0452784 0.0391078 0.0330172 0.0271058 0.0214881 0.0163101 0.0117418 0.00793896 0.00499328
 0.00774808 0.0126283 0.0190834 0.0270748 0.0363439 0.0462664 0.0558224 0.0638464 0.0694484 0.0722943 0.0725635 0.0707079 0.0672353 0.0626087 0.0572184 0.0513739 0.0453055 0.0391774 0.033111 0.0272124 0.0215996 0.0164189 0.0118397 0.00801907 0.00505221
 0.00756688 0.0123691 0.0187598 0.0267237 0.0360177 0.0460178 0.0556889 0.0638397 0.0695507 0.0724619 0.0727406 0.0708468 0.0673152 0.062641 0.0572359 0.051411 0.0453822 0.039295 0.0332575 0.0273712 0.0217555 0.0165606 0.0119594 0.00811263 0.00511917
 0.00749827 0.0122474 0.0185601 0.0264227 0.0356066 0.0455187 0.0551642 0.0633824 0.0692541 0.0723824 0.0728746 0.0711358 0.0676737 0.0629912 0.0575321 0.0516451 0.045572 0.0394651 0.0334248 0.0275395 0.0219187 0.016709 0.0120843 0.0082094 0.00518782
 0.00746484 0.0121836 0.0184458 0.0262321 0.0353127 0.0451027 0.054628 0.0627589 0.0686108 0.0718122 0.0724745 0.0709763 0.0677733 0.0633107 0.0579921 0.0521585 0.0460721 0.0399171 0.0338198 0.0278808 0.0222101 0.0169509 0.0122757 0.00835124 0.00528493
 0.00739015 0.0120683 0.0182831 0.0260178 0.035044 0.0447762 0.0542403 0.0623109 0.0681146 0.0712983 0.071995 0.0705997 0.0675686 0.0633241 0.0582286 0.0525778 0.0466033 0.040484 0.0343619 0.0283619 0.0226147 0.0172761 0.0125246 0.00853075 0.00540541
 0.0073787 0.012053 0.0182661 0.0260027 0.0350341 0.0447714 0.054234 0.0622884 0.0680538 0.0711756 0.0717947 0.070326 0.0672532 0.0630234 0.0580072 0.0524854 0.0466562 0.0406614 0.0346184 0.0286465 0.0228864 0.0175097 0.0127096 0.00866654 0.00549763
 0.00731809 0.0119617 0.0181426 0.0258512 0.0348641 0.0445966 0.0540705 0.062152 0.0679553 0.0711157 0.0717618 0.0702997 0.0672139 0.0629646 0.0579428 0.0524467 0.0466784 0.0407661 0.0348028 0.0288848 0.0231417 0.0177475 0.0129072 0.00881503 0.00559912
 0.00733039 0.0119709 0.0181369 0.0258141 0.03478 0.0444592 0.0538893 0.0619514 0.0677672 0.0709676 0.071668 0.0702581 0.0672094 0.0629769 0.0579563 0.0524586 0.0467003 0.0408178 0.0348999 0.0290287 0.0233173 0.01793 0.0130721 0.00894668 0.00569279
 0.00737649 0.0120392 0.0182264 0.0259177 0.0348835 0.0445426 0.0539295 0.0619282 0.0676714 0.070808 0.0714709 0.0700586 0.0670381 0.0628498 0.0578733 0.0524103 0.0466779 0.0408197 0.0349308 0.0290929 0.0234121 0.018043 0.013186 0.00904566 0.00576791
 0.0074767 0.0121925 0.0184389 0.0261872 0.0351989 0.0448831 0.0542642 0.0622177 0.0678739 0.0708893 0.0714151 0.0698744 0.0667566 0.0625151 0.0575298 0.0520917 0.0464036 0.0405976 0.0347634 0.0289805 0.0233516 0.0180263 0.0131996 0.00907401 0.00579815
 0.00752063 0.0122578 0.0185256 0.0262914 0.0353136 0.0450004 0.0543763 0.0623175 0.0679541 0.0709422 0.0714325 0.0698487 0.0666838 0.0623984 0.0573811 0.0519299 0.0462493 0.0404674 0.0346673 0.0289217 0.0233281 0.0180316 0.013224 0.00910675 0.00582988
 0.00736915 0.0120331 0.0182275 0.0259341 0.034922 0.0446036 0.0540034 0.0619965 0.0677119 0.0708023 0.0714097 0.069944 0.0668817 0.0626694 0.0576897 0.052244 0.0465473 0.0407398 0.0349126 0.0291416 0.0235235 0.0182012 0.0133651 0.00921719 0.00590988
 0.00724676 0.0118402 0.01795 0.0255657 0.0344696 0.0440916 0.0534763 0.0615135 0.0673321 0.0705675 0.0713349 0.0700196 0.0670832 0.0629668 0.0580516 0.0526393 0.0469471 0.0411205 0.0352588 0.0294457 0.0237829 0.0184158 0.0135356 0.00934541 0.0059998
 0.00714125 0.0116665 0.017685 0.0251882 0.0339663 0.0434671 0.0527622 0.06077 0.0666399 0.0700097 0.070978 0.0698992 0.0672001 0.0632909 0.0585328 0.0532199 0.0475716 0.0417415 0.0358398 0.0299618 0.02422 0.0187689 0.0138064 0.00954117 0.00613181
 0.00709186 0.0115777 0.0175355 0.0249525 0.0336197 0.042995 0.0521693 0.060086 0.0659179 0.0693191 0.070394 0.0694909 0.0670176 0.0633548 0.0588303 0.0537081 0.0481889 0.0424206 0.0365191 0.0305922 0.0247682 0.0192169 0.0141502 0.00978777 0.00629606
 0.00709048 0.0115779 0.017539 0.0249595 0.033625 0.0429832 0.0521133 0.0599523 0.065678 0.0689639 0.0699441 0.0689967 0.0665496 0.0629871 0.058622 0.0536895 0.0483551 0.0427359 0.0369283 0.0310356 0.0251935 0.0195871 0.0144456 0.0100047 0.00644234
 0.00705466 0.0115307 0.0174884 0.0249199 0.0336128 0.0430102 0.0521793 0.0600409 0.0657578 0.0689943 0.0698867 0.0688295 0.0662792 0.0626523 0.058286 0.0534215 0.0482093 0.0427359 0.0370631 0.0312672 0.0254713 0.019863 0.014685 0.0101899 0.00657141
 0.00709977 0.0115918 0.0175587 0.0249869 0.0336647 0.0430431 0.0522017 0.0600702 0.0658085 0.0690664 0.0699586 0.0688642 0.0662384 0.0625149 0.0580603 0.0531467 0.0479434 0.0425358 0.0369652 0.0312772 0.0255669 0.0200062 0.0148369 0.0103224 0.00667107
 0.00711665 0.0116092 0.0175658 0.0249668 0.0335977 0.0429133 0.0520052 0.0598202 0.0655367 0.0688171 0.0697765 0.0687781 0.0662491 0.0625946 0.0581663 0.0532427 0.0480162 0.0425979 0.0370426 0.0313915 0.025722 0.0201869 0.0150176 0.0104791 0.00679009
 0.00722679 0.0117877 0.0178319 0.025334 0.0340656 0.0434585 0.0525744 0.0603356 0.0659152 0.0689971 0.0697387 0.0685487 0.0658857 0.062163 0.0577193 0.0528108 0.0476125 0.0422304 0.0367239 0.031138 0.0255456 0.0200871 0.0149797 0.0104807 0.0068091
 0.00731959 0.0119403 0.0180648 0.0256668 0.034513 0.0440219 0.0532333 0.0610419 0.0665963 0.0695671 0.070117 0.0686797 0.0657547 0.0617995 0.0571866 0.0521851 0.0469631 0.0416088 0.0361646 0.0306633 0.0251693 0.0198127 0.0147991 0.0103753 0.00675586
 0.00729265 0.0119042 0.0180254 0.0256365 0.0345098 0.0440676 0.0533495 0.0612458 0.0668934 0.0699444 0.0705379 0.0690866 0.0660806 0.0619867 0.0572047 0.0520396 0.0466907 0.0412632 0.0357997 0.0303231 0.0248828 0.0195941 0.0146492 0.0102841 0.00670781
 0.00712448 0.011649 0.0176761 0.0252006 0.0340104 0.0435419 0.0528487 0.0608311 0.0666278 0.0698782 0.0706941 0.0694518 0.0666042 0.0625902 0.0577993 0.0525487 0.0470676 0.0414987 0.0359158 0.0303582 0.0248764 0.0195761 0.0146362 0.0102814 0.00671307
 0.00702296 0.0114835 0.0174269 0.0248521 0.0335569 0.0429966 0.0522504 0.0602428 0.0661244 0.0695286 0.0705465 0.0695259 0.0668906 0.0630518 0.0583754 0.053164 0.0476473 0.0419854 0.0362818 0.0306061 0.02503 0.0196663 0.0146899 0.0103161 0.00673761
#obs surv len freq
 nan nan nan nan nan nan nan nan nan nan nan nan nan nan nan nan nan nan nan nan nan nan nan nan nan
 0.00448499 0.00734651 0.0111767 0.0159932 0.0216941 0.0279696 0.0342837 0.0400148 0.0446941 0.0481575 0.050515 0.0520105 0.0529024 0.0534144 0.0537285 0.0539832 0.0542616 0.0545542 0.0546929 0.0542848 0.0527229 0.0493551 0.043805 0.0362852 0.0276691
 0.00461677 0.00756293 0.0115061 0.0164622 0.022321 0.0287545 0.0351978 0.0409987 0.0456658 0.0490288 0.0512084 0.0524705 0.0531012 0.0533517 0.0534265 0.0534796 0.0536001 0.0537779 0.0538409 0.0533944 0.051833 0.0485092 0.0430482 0.0356557 0.027188
 0.00477909 0.00782846 0.0119089 0.0170352 0.0230898 0.0297272 0.0363541 0.0422839 0.0469956 0.0503025 0.0523234 0.0533357 0.0536467 0.0535366 0.0532425 0.0529486 0.0527678 0.0527039 0.0525921 0.0520411 0.0504509 0.0471789 0.0418498 0.0346552 0.0264219
 0.00497269 0.00814483 0.012388 0.0177156 0.0240009 0.0308784 0.0377223 0.043809 0.0485879 0.0518574 0.0537358 0.0545081 0.054494 0.0539911 0.0532602 0.0525154 0.0519021 0.0514552 0.0510363 0.0502764 0.0485934 0.0453567 0.0401892 0.0332596 0.0253493
 0.00518376 0.00849093 0.0129145 0.0184667 0.0250116 0.0321607 0.0392519 0.0455199 0.0503815 0.0536206 0.0553578 0.0558896 0.0555492 0.0546476 0.0534602 0.0522197 0.051097 0.0501607 0.0493125 0.0482268 0.0463617 0.0431151 0.0381143 0.0314984 0.0239874
 0.00541182 0.00886414 0.0134809 0.0192729 0.0260944 0.0335337 0.0408908 0.0473569 0.052314 0.0555297 0.0571266 0.0574137 0.0567406 0.0554335 0.053781 0.0520285 0.0503631 0.0488793 0.0475194 0.0460122 0.0438766 0.0405603 0.0357085 0.0294314 0.0223761
 0.00564664 0.00924861 0.0140647 0.0201043 0.0272116 0.0349503 0.0425813 0.0492512 0.0543068 0.0575006 0.0589583 0.0590025 0.0579994 0.0562903 0.0541765 0.0519137 0.0496998 0.0476483 0.0457363 0.0437489 0.0412765 0.0378334 0.0330989 0.0271613 0.0205899
 0.00588119 0.00963317 0.0146496 0.0209388 0.0283345 0.0363757 0.0442833 0.0511582 0.0563118 0.0594812 0.0607964 0.0605957 0.0592635 0.057158 0.0545934 0.0518339 0.049085 0.0464728 0.0440031 0.0415134 0.0386679 0.0350574 0.0304074 0.024794 0.0187105
 0.00612231 0.0100291 0.0152528 0.0218005 0.0294949 0.0378479 0.0460371 0.053115 0.0583558 0.0614821 0.0626312 0.062161 0.0604792 0.0579649 0.0549481 0.0517024 0.0484382 0.0452894 0.0422831 0.0393018 0.0360803 0.0322876 0.0277026 0.0223975 0.016795
 0.0063689 0.0104304 0.0158578 0.0226552 0.0306343 0.0392825 0.0477386 0.0550105 0.0603362 0.0634224 0.0644097 0.0636732 0.0616427 0.0587207 0.0552565 0.051537 0.0477799 0.0441256 0.0406175 0.0371758 0.0335978 0.0296263 0.0250944 0.0200758 0.0149302
 0.00658931 0.0107975 0.016426 0.02348 0.0317596 0.0407219 0.0494573 0.0569208 0.0623131 0.0653301 0.0661256 0.0650995 0.0627082 0.0593769 0.0554732 0.0512967 0.0470731 0.0429495 0.0389833 0.0351265 0.0312296 0.0271013 0.0226244 0.0178763 0.0131604
 0.00682543 0.0111818 0.0170054 0.0242991 0.032853 0.042101 0.0510961 0.058748 0.0642188 0.0671837 0.0677976 0.0664784 0.0637115 0.0599542 0.0556021 0.0509737 0.0463048 0.0417481 0.0373715 0.0331519 0.0289845 0.0247329 0.020323 0.0158341 0.0115195
 0.0070708 0.0115836 0.0176152 0.0251651 0.034009 0.0435502 0.0527947 0.0606028 0.0661027 0.0689621 0.0693515 0.067715 0.0645657 0.060386 0.0555943 0.0505284 0.0454377 0.0404844 0.0357468 0.0312221 0.0268405 0.0225096 0.0181884 0.0139554 0.0100178
 0.00729738 0.0119563 0.0181839 0.0259781 0.035103 0.0449329 0.054429 0.0624005 0.067937 0.0706927 0.0708494 0.0688801 0.0653325 0.0607229 0.0554968 0.0500112 0.0445271 0.0392147 0.0341622 0.0293842 0.024839 0.0204678 0.0162533 0.0122689 0.00867936
 0.00745002 0.0122115 0.0185813 0.0265597 0.0359049 0.0459729 0.0556919 0.0638326 0.069451 0.0721822 0.0722053 0.070003 0.0661424 0.0611656 0.0555465 0.0496678 0.0438106 0.0381594 0.0328151 0.0278087 0.0231219 0.0187214 0.0146055 0.0108394 0.00754946
 0.00751976 0.0123242 0.0187504 0.0268002 0.036234 0.0464092 0.0562529 0.0645281 0.0702762 0.0731118 0.0731898 0.0709717 0.0670121 0.0618524 0.0559781 0.0497935 0.0436059 0.037627 0.0319834 0.0267315 0.0218785 0.0174139 0.0133478 0.00973603 0.00667172
 0.0076 0.012448 0.0189245 0.0270267 0.0365108 0.0467317 0.0566148 0.0649241 0.0707043 0.073574 0.0736894 0.0715042 0.0675563 0.0623656 0.0564003 0.0500582 0.043655 0.0374234 0.0315196 0.0260337 0.0210059 0.0164527 0.0123974 0.00888853 0.00599105
 0.00769163 0.0125876 0.0191169 0.0272696 0.0367953 0.0470433 0.0569353 0.0652337 0.0709868 0.0738223 0.0739088 0.0717101 0.0677653 0.0625844 0.0566164 0.050237 0.0437462 0.0373748 0.0312939 0.0256221 0.0204353 0.0157829 0.0117077 0.00825732 0.00547564
 0.00772832 0.0126491 0.0192126 0.0274082 0.0369817 0.0472742 0.0571963 0.0655005 0.0712321 0.074025 0.0740609 0.0718182 0.0678461 0.0626571 0.0566932 0.0503155 0.0438055 0.0373788 0.0312029 0.0254089 0.0200989 0.0153535 0.0112394 0.00781153 0.00510165
 0.00776272 0.0126951 0.019264 0.0274546 0.037013 0.0472874 0.0571993 0.0655099 0.0712653 0.0740917 0.0741587 0.0719361 0.0679715 0.0627821 0.0568154 0.0504335 0.0439123 0.0374571 0.0312269 0.0253532 0.0199512 0.0151236 0.0109595 0.00752575 0.00485019
 0.00781927 0.0127832 0.0193885 0.0276156 0.0372033 0.0474911 0.057392 0.0656644 0.0713603 0.0741216 0.0741353 0.0718821 0.0679098 0.0627274 0.0567733 0.0504034 0.0438893 0.0374322 0.0311858 0.0252791 0.0198313 0.0149574 0.010762 0.00732304 0.0046694
 0.00785177 0.0128336 0.0194598 0.0277088 0.0373174 0.0476224 0.0575333 0.0658036 0.0714819 0.074209 0.0741767 0.0718751 0.0678631 0.0626578 0.0566989 0.0503374 0.0438366 0.0373892 0.031143 0.0252237 0.0197525 0.0148514 0.0106351 0.00719012 0.00454811
 0.00788267 0.0128778 0.0195154 0.0277702 0.0373777 0.0476758 0.0575775 0.0658402 0.071514 0.074239 0.0742039 0.0718956 0.0678717 0.0626513 0.0566788 0.0503092 0.0438071 0.0373623 0.0311172 0.025193 0.0197092 0.0147911 0.0105599 0.00710832 0.00447097
 0.00788467 0.0128817 0.0195221 0.0277806 0.0373912 0.0476901 0.057588 0.065842 0.0715048 0.0742214 0.0741853 0.0718849 0.0678748 0.0626683 0.0567049 0.050338 0.0438335 0.0373838 0.031132 0.0251987 0.0197026 0.0147698 0.010525 0.00706494 0.0044267
 0.00789736 0.0128966 0.0195343 0.0277823 0.0373749 0.0476519 0.0575308 0.0657747 0.0714389 0.0741664 0.0741472 0.0718661 0.0678761 0.0626895 0.0567442 0.0503907 0.043893 0.0374427 0.0311839 0.0252387 0.0197278 0.0147789 0.0105192 0.00704853 0.00440537
 0.00790494 0.0129079 0.0195489 0.0277985 0.0373888 0.0476574 0.0575208 0.0657429 0.0713835 0.074093 0.0740675 0.0717949 0.067826 0.0626674 0.0567508 0.0504219 0.0439418 0.0375007 0.0312426 0.0252909 0.0197678 0.0148043 0.0105303 0.0070482 0.00439811
 0.00788698 0.0128791 0.0195065 0.0277406 0.0373149 0.04757 0.057425 0.0656465 0.0712947 0.0740183 0.0740114 0.0717606 0.0678166 0.0626858 0.056798 0.0504958 0.0440361 0.0376064 0.0313494 0.025389 0.01985 0.0148663 0.0105717 0.00707175 0.00440858
 0.00787899 0.0128611 0.0194705 0.0276765 0.0372141 0.0474294 0.0572517 0.0654575 0.0711132 0.073867 0.0739069 0.0717107 0.0678207 0.0627381 0.0568897 0.0506176 0.0441784 0.0377588 0.0315014 0.0255301 0.0199715 0.0149627 0.0106414 0.00711716 0.00443482
 0.00788154 0.0128635 0.0194706 0.0276702 0.0371952 0.0473904 0.0571852 0.0653589 0.0709843 0.0737182 0.0737567 0.0715809 0.0677306 0.062699 0.0569035 0.050678 0.0442745 0.0378781 0.0316308 0.0256577 0.0200869 0.0150585 0.010714 0.00716706 0.00446564
 0.00783879 0.0127945 0.0193678 0.0275278 0.0370112 0.0471691 0.0569394 0.0651091 0.070754 0.0735285 0.0736222 0.0715096 0.0677258 0.0627601 0.0570262 0.0508531 0.0444879 0.0381124 0.0318681 0.0258814 0.0202838 0.0152198 0.0108366 0.00725267 0.00452023
 0.00782378 0.0127667 0.0193196 0.0274503 0.0368958 0.0470116 0.0567428 0.0648858 0.0705235 0.0733137 0.0734446 0.071386 0.0676662 0.0627675 0.0570978 0.0509814 0.0446619 0.0383177 0.0320876 0.0260976 0.0204808 0.015386 0.0109658 0.007345 0.00458043
 0.00780243 0.0127309 0.0192638 0.0273682 0.0367819 0.0468626 0.05656 0.0646764 0.0703011 0.0730963 0.0732527 0.0712394 0.0675803 0.0627513 0.0571524 0.0511008 0.0448342 0.0385273 0.0323167 0.0263275 0.0206941 0.015569 0.0111106 0.00745004 0.00464998
 0.00776986 0.0126785 0.019186 0.0272604 0.0366412 0.0466898 0.0563608 0.0644618 0.0700857 0.0728962 0.0730827 0.0711125 0.067507 0.0627391 0.0572047 0.0512156 0.0450037 0.0387381 0.0325516 0.0265672 0.0209199 0.0157656 0.0112683 0.00756604 0.00472779
 0.00772751 0.0126095 0.0190822 0.0271146 0.0364496 0.0464544 0.0560928 0.064181 0.0698173 0.0726648 0.0729074 0.0710046 0.0674707 0.0627733 0.0573049 0.0513748 0.0452123 0.0389836 0.0328181 0.0268363 0.021173 0.0159865 0.0114463 0.00769781 0.00481683
 0.00768011 0.0125325 0.0189664 0.0269518 0.0362348 0.0461887 0.0557864 0.0638545 0.0694988 0.0723843 0.0726913 0.0708714 0.0674291 0.0628225 0.0574362 0.0515747 0.0454649 0.0392716 0.0331233 0.0271397 0.021456 0.0162329 0.0116452 0.00784558 0.00491718
 0.00767817 0.0125243 0.0189445 0.0269059 0.0361536 0.0460638 0.0556156 0.0636436 0.069261 0.0721384 0.0724592 0.0706752 0.0672886 0.0627522 0.057443 0.0516571 0.0456137 0.0394722 0.0333574 0.0273874 0.0216971 0.0164497 0.0118248 0.00798188 0.00501146
 0.00766498 0.0125061 0.0189228 0.0268831 0.0361308 0.0460382 0.0555792 0.0635848 0.0691695 0.0720105 0.072301 0.0705022 0.0671224 0.0626154 0.0573548 0.0516302 0.0456523 0.0395715 0.0335049 0.0275653 0.021885 0.0166281 0.0119784 0.00810199 0.00509648
 0.00763094 0.0124573 0.0188615 0.026816 0.0360673 0.0459875 0.0555475 0.0635727 0.069171 0.0720138 0.0722916 0.0704685 0.067061 0.062534 0.0572702 0.0515631 0.0456211 0.039587 0.0335683 0.0276679 0.0220115 0.0167602 0.0120998 0.00820124 0.00516913
 0.00761697 0.0124306 0.0188148 0.0267411 0.0359594 0.0458496 0.0553937 0.0634263 0.0690572 0.0719497 0.0722797 0.0704972 0.0671102 0.0625842 0.0573101 0.0515925 0.0456492 0.039627 0.0336304 0.0277548 0.0221176 0.0168736 0.0122068 0.008291 0.00523623
 0.00759558 0.0123976 0.0187678 0.0266786 0.0358797 0.0457509 0.055275 0.0632903 0.068913 0.0718138 0.0721731 0.0704375 0.0671053 0.0626284 0.0573877 0.0516856 0.0457449 0.0397209 0.0337249 0.0278539 0.0222219 0.0169785 0.0123042 0.00837299 0.0052982
 0.00758545 0.0123826 0.0187479 0.0266547 0.0358529 0.0457221 0.0552436 0.0632543 0.0688691 0.0717593 0.0721082 0.0703682 0.0670425 0.0625849 0.0573721 0.051699 0.0457817 0.039773 0.0337857 0.0279203 0.0222923 0.0170503 0.0123726 0.00843258 0.00534485
 0.00757789 0.0123685 0.0187237 0.0266163 0.0357975 0.04565 0.0551601 0.0631686 0.0687914 0.0716972 0.0720643 0.0703403 0.0670276 0.0625814 0.0573817 0.051725 0.0458257 0.0398334 0.0338579 0.0279985 0.0223711 0.0171254 0.01244 0.00848878 0.00538783
 0.00754104 0.0123148 0.0186543 0.0265358 0.0357123 0.0455655 0.055079 0.063092 0.0687207 0.071636 0.0720184 0.0703154 0.0670263 0.0626027 0.0574222 0.0517806 0.0458935 0.0399111 0.0339429 0.028087 0.0224581 0.0172059 0.0125098 0.00854503 0.00542959
 0.00754124 0.0123093 0.0186355 0.0264943 0.0356402 0.0454619 0.0549532 0.0629616 0.0686056 0.0715503 0.071967 0.0702957 0.0670324 0.0626295 0.057466 0.0518387 0.0459632 0.0399895 0.0340267 0.0281726 0.0225414 0.0172825 0.0125757 0.0085977 0.00546828
 0.00751542 0.0122724 0.018589 0.0264417 0.0355846 0.0454033 0.0548873 0.0628828 0.0685122 0.071449 0.071872 0.0702237 0.0669957 0.0626319 0.0575036 0.0519034 0.0460463 0.0400835 0.0341255 0.0282708 0.0226344 0.0173657 0.0126457 0.00865242 0.00550771
 0.00750767 0.0122572 0.0185617 0.0263971 0.0355197 0.0453196 0.0547925 0.0627886 0.0684293 0.0713827 0.0718217 0.0701865 0.0669714 0.0626241 0.0575175 0.0519419 0.0461079 0.0401627 0.034215 0.0283634 0.0227233 0.0174457 0.0127129 0.00870477 0.00554523
 0.00751287 0.0122663 0.0185764 0.0264184 0.0355469 0.0453486 0.0548158 0.0627973 0.0684168 0.0713477 0.0717687 0.0701235 0.0669061 0.0625629 0.0574658 0.0519048 0.0460897 0.0401654 0.034237 0.0284001 0.0227683 0.0174925 0.0127559 0.00874036 0.00557183
 0.0075048 0.0122556 0.0185648 0.0264092 0.035544 0.0453555 0.0548337 0.0628239 0.0684463 0.071372 0.0717799 0.0701166 0.0668808 0.0625239 0.0574206 0.0518615 0.0460554 0.0401451 0.0342331 0.0284117 0.0227918 0.0175224 0.0127867 0.00876759 0.00559304
 0.0075047 0.0122545 0.0185614 0.0264022 0.0355329 0.0453415 0.0548204 0.0628166 0.0684496 0.0713872 0.0718038 0.0701419 0.0668992 0.0625291 0.0574107 0.0518396 0.0460281 0.0401198 0.0342161 0.0284061 0.0227977 0.0175368 0.0128053 0.00878621 0.00560865
 0.0075047 0.0122545 0.0185614 0.0264022 0.0355329 0.0453415 0.0548204 0.0628166 0.0684496 0.0713872 0.0718038 0.0701419 0.0668992 0.0625291 0.0574107 0.0518396 0.0460281 0.0401198 0.0342161 0.0284061 0.0227977 0.0175368 0.0128053 0.00878621 0.00560865
 0.00733887 0.0119951 0.018191 0.025914 0.0349345 0.0446598 0.0541053 0.0621387 0.0678884 0.0710119 0.0716565 0.0702291 0.0671942 0.0629815 0.0579595 0.0524265 0.0466061 0.0406572 0.0346946 0.0288175 0.0231391 0.017809 0.0130118 0.00893342 0.00570625
 0.00735152 0.0119909 0.0181392 0.0257717 0.0346589 0.0442274 0.0535279 0.0614673 0.0672011 0.0703947 0.0711842 0.0699535 0.0671387 0.0631395 0.0582981 0.0528938 0.0471428 0.0412081 0.0352163 0.0292812 0.0235294 0.0181207 0.013247 0.00910016 0.00581612
 0.00725474 0.011847 0.0179463 0.0255326 0.0343753 0.0438925 0.0531259 0.0609825 0.0666356 0.0697823 0.0705924 0.0694684 0.0668397 0.0630768 0.0584815 0.0532938 0.0477019 0.041855 0.035881 0.0299056 0.0240734 0.018563 0.013583 0.0093378 0.00597175
 0.00719532 0.0117409 0.0177702 0.0252621 0.0339939 0.0434035 0.0525594 0.0603897 0.0660703 0.0692826 0.0701749 0.0691407 0.066617 0.0629887 0.0585622 0.0535635 0.0481518 0.0424445 0.0365471 0.0305787 0.0246925 0.019086 0.0139902 0.00962991 0.00616435
 0.00722849 0.011794 0.0178472 0.0253622 0.0341075 0.043508 0.0526196 0.0603657 0.0659325 0.0690252 0.0698191 0.0687262 0.0661895 0.0625928 0.0582409 0.0533574 0.0480919 0.0425411 0.036782 0.0309082 0.02506 0.0194377 0.0142879 0.00985586 0.00631895
 0.00720958 0.0117729 0.017833 0.0253695 0.0341515 0.0435979 0.0527509 0.0605172 0.066068 0.0691021 0.0698009 0.0685948 0.0659524 0.062282 0.0579047 0.0530495 0.0478614 0.0424231 0.0367902 0.0310303 0.0252611 0.0196719 0.0145119 0.0100405 0.00645271
 0.00720063 0.0117573 0.0178085 0.0253349 0.0341097 0.0435579 0.0527287 0.0605308 0.066129 0.0692058 0.0699228 0.0686955 0.0659917 0.0622349 0.0577715 0.0528571 0.0476547 0.0422512 0.0366916 0.0310224 0.0253363 0.0198027 0.0146626 0.0101798 0.00656191
 0.00717125 0.011714 0.0177515 0.0252671 0.0340355 0.043482 0.0526561 0.0604678 0.0660853 0.0691933 0.0699507 0.0687635 0.0660849 0.0623256 0.0578293 0.0528632 0.0476109 0.0421806 0.0366284 0.0309972 0.0253638 0.0198777 0.0147649 0.0102848 0.00665069
 0.00720663 0.0117694 0.0178306 0.0253718 0.0341649 0.0436315 0.0528161 0.0606242 0.0662208 0.0692921 0.070003 0.0687682 0.066048 0.062255 0.0577297 0.0527344 0.047453 0.0420013 0.0364461 0.0308371 0.0252479 0.0198154 0.0147505 0.0103018 0.00668064
 0.00723904 0.0118263 0.0179237 0.0255136 0.0343645 0.043889 0.0531174 0.0609411 0.0665169 0.0695321 0.0701607 0.0688306 0.0660155 0.0621384 0.0575466 0.0525039 0.0471926 0.0417268 0.0361741 0.0305867 0.0250383 0.0196597 0.0146511 0.01025 0.00666128
 0.00717059 0.011721 0.0177772 0.025328 0.0341508 0.0436681 0.0529202 0.0608032 0.066469 0.0695883 0.0703127 0.0690498 0.0662631 0.0623772 0.0577486 0.0526539 0.0472871 0.0417707 0.0361783 0.0305655 0.0250075 0.0196331 0.0146368 0.0102493 0.00666996
 0.00709174 0.0115903 0.0175768 0.0250417 0.0337701 0.0432012 0.0523988 0.0602831 0.06602 0.0692766 0.0701839 0.069118 0.0665091 0.0627557 0.0582005 0.053121 0.0477229 0.0421465 0.0364824 0.0307998 0.0251818 0.0197608 0.0147303 0.0103177 0.00671919
 0.00706052 0.0115291 0.0174652 0.0248542 0.033482 0.0427982 0.0518877 0.0596964 0.0654131 0.0687193 0.0697473 0.0688617 0.0664684 0.062933 0.0585647 0.0536152 0.0482791 0.0427007 0.0369868 0.0312265 0.025522 0.0200187 0.0149173 0.0104476 0.00680507
#pred catch len freq
 0.00313076 0.00509585 0.00771458 0.0110394 0.0151147 0.0199267 0.0253433 0.0311081 0.0368932 0.0423673 0.0472436 0.051315 0.0544817 0.0567543 0.0582296 0.0590583 0.059421 0.059494 0.0593659 0.0589024 0.0576369 0.0548332 0.0498112 0.042415 0.0333041
 0.00336521 0.00541263 0.00807459 0.0113723 0.0153456 0.0200144 0.0253044 0.0310067 0.0368007 0.0423188 0.0472224 0.0512758 0.0543945 0.0566391 0.0581587 0.0591237 0.0596823 0.0599309 0.0598622 0.0592766 0.0577136 0.0545236 0.0491571 0.0415686 0.0324557
 0.00345281 0.00559074 0.00840313 0.0119144 0.0161351 0.0210147 0.0263891 0.0319874 0.0375011 0.0426504 0.0472109 0.0510225 0.0540097 0.0561997 0.0577111 0.0587102 0.0593502 0.0597101 0.0597288 0.0591383 0.0574426 0.0540232 0.0484217 0.0406932 0.0315889
 0.0035826 0.00578977 0.00868563 0.0122994 0.016658 0.0217343 0.0273723 0.0332665 0.0390186 0.0442326 0.0486047 0.0519882 0.054416 0.0560605 0.0571501 0.0578912 0.0584202 0.05877 0.0588221 0.0582506 0.0565191 0.0530119 0.0473213 0.039573 0.0305615
 0.00376142 0.00607427 0.00910174 0.0128661 0.0173845 0.0226176 0.0283992 0.0344207 0.0402883 0.045603 0.0500281 0.0533516 0.0555401 0.0567513 0.0572776 0.0574427 0.0574953 0.0575257 0.0574071 0.0567637 0.0550063 0.0514951 0.0458366 0.0381907 0.0293712
