SBPRF35
12.7214
Curr Bio
812441
B35
883839
F35
0.168475
FOFL
0.155833
OFL
105215
Bzero
3.63469e+006
#pred survey bio
 3.75457e+006 3.64128e+006 3.53317e+006 3.36419e+006 3.16614e+006 2.9133e+006 2.62817e+006 2.39088e+006 2.15658e+006 1.92425e+006 1.71848e+006 1.48233e+006 1.31883e+006 1.14035e+006 985156 868476 779926 726518 684930 655773 623532 592692 570628 562622 555052 552966 554545 553296 547085 554444 562689 572318 577659 586197 595086 616969 629402 632843 644307 658620 672722 688572 695805 708709 725587 728368 732787 733241 733230 729244 737766 763973 782749 804464 826405 836604 840049 835559 846113 834883 818684 815257 823411 818374 2.89184e+007 1.70274e+007 1.70563e+007 1.77771e+007 1.89924e+007 2.04346e+007 2.18897e+007 2.32246e+007 2.43764e+007 2.53294e+007 2.60953e+007 2.66984e+007 2.71667e+007 2.7527e+007 2.78026e+007 2.80129e+007 2.81732e+007 2.82956e+007 2.83892e+007 2.84611e+007 2.85164e+007 2.85593e+007 2.85927e+007 2.86187e+007 2.86392e+007 2.86553e+007 2.86681e+007 2.86782e+007 2.86862e+007 2.86926e+007 2.86978e+007 2.87019e+007 2.87053e+007 2.8708e+007 2.87102e+007 2.87119e+007 2.87134e+007 2.87145e+007 2.87155e+007 2.87163e+007 2.87169e+007 2.87174e+007 2.87178e+007 2.87182e+007 2.87185e+007 2.87187e+007 2.87189e+007 2.8719e+007 2.87192e+007 2.87193e+007 2.87193e+007 2.87194e+007 2.87195e+007 2.87195e+007 2.87196e+007 2.87196e+007 2.87196e+007 2.87196e+007 2.87196e+007 2.87197e+007 2.87197e+007 2.87197e+007 2.87197e+007 2.87197e+007 2.87197e+007 2.87197e+007 2.87197e+007 2.87197e+007 2.87197e+007 2.87197e+007 2.87197e+007 2.87197e+007 2.87197e+007 2.87197e+007 2.87197e+007 2.87197e+007 2.87197e+007 2.87197e+007 2.87197e+007 2.87197e+007 2.87197e+007 2.87197e+007 2.87197e+007 2.87197e+007 2.87197e+007 2.87197e+007 2.87197e+007 2.87197e+007 2.87197e+007 2.87197e+007 2.87197e+007 2.87197e+007 2.87197e+007 2.87197e+007 2.87197e+007 2.87197e+007 2.87197e+007 2.87197e+007 2.87197e+007 2.87197e+007 0 0 0 0 0 0 0 0 0 0 0 0 0 0 0 0 0 0 0 0 0 0 0 0 0
#obs survey bio
 3.3318e+006 5.00464e+006 3.30945e+006 3.614e+006 3.49429e+006 2.07136e+006 2.54008e+006 1.83185e+006 2.17249e+006 1.57711e+006 2.91495e+006 1.66944e+006 1.4569e+006 1.4403e+006 746298 793866 748945 457612 691954 835969 498588 510022 523469 748138 523335 741064 462769 671998 490539 672499 551028 333596 481338 491558 603664 774683 638108 559005 787952 637569 422739 483403 841168 870718 909834 581513 615423 818730 674406 608048 550351 684975 838017 914285 832783 838254 952413 899384 743150 691198 755119 919849 782054 979044
#pred catch bio
 98548.1 98040 160591 197437 261105 306739 280025 293644 306333 293962 328730 269086 285606 264985 230014 203553 170911 158189 144150 142612 137048 125886 111383 109256 103375 99558 101209 104261 92354.9 92434.6 92681.6 97696.9 95879.3 96493.6 87088.8 96771.1 105025 98868.5 97706.6 99483.4 99910.9 108374 103831 100966 112951 110904 113575 113161 115987 105657 92635.2 101147 99667.9 99954.9 109756 114673 120180 106352 124465 127497 115778 105395 114151 97388.9 105215 110895 109779 112922 119973 128809 137769 145908 152810 158393 162755 166077 168558 170383 171708 172662 173344 173828 174169 174410 174579 174697 174779 174837 174877 174905 174924 174937 174947 174953 174957 174960 174963 174964 174965 174966 174966 174967 174967 174967 174967 174967 174967 174967 174967 174967 174967 174967 174967 174967 174967 174967 174967 174967 174967 174967 174967 174967 174967 174967 174967 174967 174967 174967 174967 174967 174967 174967 174967 174967 174967 174967 174967 174967 174967 174967 174967 174967 174967 174967 174967 174967 174967 174967 174967 174967 174967 174967 174967 174967 174967 174967 174967 174967 174967 174967 174967 174967 174967 174967 0 0 0 0 0 0 0 0 0 0 0 0 0 0 0 0 0 0 0 0 0 0 0 0 0
#obs catch bio
 0 97648.1 160922 197292 261089 307586 279988 294765 307677 295966 330230 268478 287514 267372 233303 207214 173554 160991 145944 143168 137563 127263 112274 109496 103733 99928.9 101410 104485 92366 92355.4 92510.4 98629.5 96518.5 96990.3 87383.2 97070.8 105689 99506.1 98132.3 99709.6 100528 109607 104290 101030 113032 111087 113788 112910 115884 105624 92399.3 101437 100007 100045 110007 114848 120492 106093 124253 127532 115823 105420 114910 97266.9
#pred cpue bio
 3.70108e+006 3.58972e+006 3.48325e+006 3.31502e+006 3.11742e+006 2.86545e+006 2.58148e+006 2.34487e+006 2.11147e+006 1.88037e+006 1.67598e+006 1.44223e+006 1.28e+006 1.10342e+006 950132 834959 747884 695639 655296 627357 596456 566665 545372 537880 530771 528865 530565 529532 523630 530832 538806 547958 552992 561352 570061 591378 603541 606880 618008 631975 645626 660899 668022 680872 697584 700474 704908 705521 705635 701719 709872 735304 753725 775236 797079 807355 810865 806626 817107 806158 790170 786757 795053 791181 2.8024e+007 1.65251e+007 1.64124e+007 1.69491e+007 1.80888e+007 1.95099e+007 2.096e+007 2.22939e+007 2.34454e+007 2.43984e+007 2.51643e+007 2.57674e+007 2.62357e+007 2.65959e+007 2.68715e+007 2.70818e+007 2.72421e+007 2.73645e+007 2.74581e+007 2.753e+007 2.75854e+007 2.76283e+007 2.76616e+007 2.76877e+007 2.77081e+007 2.77243e+007 2.7737e+007 2.77471e+007 2.77552e+007 2.77616e+007 2.77667e+007 2.77709e+007 2.77742e+007 2.77769e+007 2.77791e+007 2.77809e+007 2.77823e+007 2.77835e+007 2.77844e+007 2.77852e+007 2.77858e+007 2.77864e+007 2.77868e+007 2.77871e+007 2.77874e+007 2.77876e+007 2.77878e+007 2.7788e+007 2.77881e+007 2.77882e+007 2.77883e+007 2.77884e+007 2.77884e+007 2.77885e+007 2.77885e+007 2.77885e+007 2.77886e+007 2.77886e+007 2.77886e+007 2.77886e+007 2.77886e+007 2.77886e+007 2.77886e+007 2.77886e+007 2.77886e+007 2.77886e+007 2.77887e+007 2.77887e+007 2.77887e+007 2.77887e+007 2.77887e+007 2.77887e+007 2.77887e+007 2.77887e+007 2.77887e+007 2.77887e+007 2.77887e+007 2.77887e+007 2.77887e+007 2.77887e+007 2.77887e+007 2.77887e+007 2.77887e+007 2.77887e+007 2.77887e+007 2.77887e+007 2.77887e+007 2.77887e+007 2.77887e+007 2.77887e+007 2.77887e+007 2.77887e+007 2.77887e+007 2.77887e+007 2.77887e+007 2.77887e+007 2.77887e+007 2.77887e+007 2.77887e+007 2.77887e+007 0 0 0 0 0 0 0 0 0 0 0 0 0 0 0 0 0 0 0 0 0 0 0 0 0
#obs cpue bio
 4.76723e+006 3.26866e+006 3.31721e+006 3.10519e+006 3.1837e+006 3.0568e+006 2.61337e+006 2.18182e+006 2.0992e+006 1.49507e+006 1.56737e+006 1.47641e+006 767244 682552 757540 605782 606079 782796 655255 773297 707453 378015 548795 587125 473234 356437 704870 460305 565654 503766 581300 392207 689974 745956 471335 542975 470468 532087 553966 758840 630135 637589 800827 675776 658506 712697 842728 869847 765392 775418 1.00153e+006 594269 579023 807685 752666 820981 721412 874669 1.16573e+006 821269 784222 614719 599058 1.05503e+006
#pred surv len freq
 0.00458174 0.00748941 0.0113657 0.0162209 0.0219503 0.0282488 0.0345887 0.0403564 0.0450853 0.0486071 0.0510218 0.0525587 0.0534534 0.0538954 0.0540224 0.0539353 0.0537168 0.0534313 0.0530726 0.0524592 0.0511465 0.0484831 0.0438891 0.0372524 0.0291678
 0.00472661 0.00764793 0.0114663 0.0161605 0.0216361 0.0276551 0.0337948 0.0395306 0.0444161 0.0482217 0.0509423 0.0527188 0.0537568 0.0542732 0.05446 0.0544585 0.0543515 0.0541585 0.0538053 0.0530579 0.0514712 0.0484585 0.0435441 0.0367078 0.0285799
 0.00490441 0.00793841 0.0118997 0.0167493 0.0223529 0.028412 0.0344435 0.0399024 0.0443967 0.0478169 0.0502861 0.0520094 0.0531641 0.0538811 0.05427 0.0544342 0.054456 0.0543584 0.0540481 0.0532558 0.0515177 0.0482751 0.0431257 0.0361319 0.0279703
 0.00507924 0.00822652 0.012341 0.017384 0.0232131 0.029505 0.0357288 0.0412742 0.0456854 0.0488227 0.0508398 0.0520376 0.0527212 0.0531241 0.0533888 0.0535811 0.0537114 0.0537349 0.0535105 0.0527391 0.0509471 0.0475962 0.0423363 0.0352926 0.0271795
 0.00526879 0.00853188 0.0127961 0.0180205 0.0240572 0.0305707 0.0370079 0.0427264 0.0472314 0.0503417 0.0521751 0.0530177 0.0532026 0.0530415 0.0527849 0.0525923 0.052513 0.0524773 0.0522793 0.0515522 0.0497822 0.04643 0.0411788 0.0341971 0.0262234
 0.00550779 0.00891789 0.0133723 0.0188253 0.0251172 0.0318902 0.0385579 0.0444417 0.0490198 0.0520984 0.0537902 0.0543752 0.054178 0.0535146 0.0526717 0.051881 0.0512794 0.050864 0.0504476 0.0496369 0.0478744 0.0445921 0.0394709 0.0326899 0.0249855
 0.00581093 0.00940243 0.0140863 0.0198085 0.0263944 0.0334614 0.0403861 0.0464481 0.0510927 0.0541124 0.0556249 0.0559235 0.0553446 0.0542102 0.0528139 0.0514083 0.0501772 0.0491852 0.0483131 0.0472119 0.045336 0.0421072 0.0371869 0.0307279 0.0234259
 0.00606322 0.00981077 0.0146976 0.0206659 0.02753 0.0348842 0.0420703 0.0483279 0.053071 0.0560776 0.0574671 0.0575418 0.0566475 0.0551127 0.0532348 0.0512735 0.0494321 0.0478171 0.0463736 0.0448258 0.0426899 0.0394204 0.0346751 0.028567 0.0217231
 0.00631003 0.0102124 0.015303 0.0215212 0.0286707 0.0363223 0.04378 0.0502404 0.0550836 0.058073 0.0593311 0.0591742 0.0579637 0.0560401 0.0537076 0.0512287 0.0488127 0.0465868 0.0445419 0.0424739 0.0399814 0.0365863 0.031971 0.0262165 0.0198674
 0.00653146 0.0105791 0.0158677 0.0223377 0.0297836 0.037751 0.0455019 0.0521841 0.0571392 0.060113 0.0612315 0.060827 0.0592818 0.056956 0.0541679 0.0511869 0.0482253 0.0454196 0.0427895 0.0401894 0.0373009 0.0337279 0.0291992 0.0237785 0.0179298
 0.00672545 0.010895 0.0163447 0.023015 0.0306959 0.0389194 0.0469229 0.0538214 0.0589234 0.0619495 0.0630119 0.0624409 0.0606276 0.0579482 0.0547395 0.0512858 0.0478095 0.0444573 0.0412717 0.0381545 0.034861 0.0310772 0.0265875 0.0214517 0.0160629
 0.0071742 0.0115904 0.0173276 0.0243006 0.0322724 0.0407476 0.0489332 0.0559147 0.0609815 0.0638549 0.0646646 0.0637653 0.0615696 0.0584701 0.0548145 0.0508944 0.0469358 0.0430901 0.0394146 0.0358479 0.0322088 0.0282595 0.0238412 0.0190157 0.0141106
 0.00741902 0.0120013 0.0179684 0.0252346 0.0335448 0.0423593 0.05082 0.057948 0.0629985 0.0657019 0.0662294 0.0649841 0.0624146 0.0589306 0.054883 0.0505598 0.0461832 0.0419059 0.0377984 0.0338322 0.0298818 0.0257769 0.0214101 0.0168486 0.0123655
 0.00774882 0.0125317 0.0187564 0.0263307 0.0349844 0.0441488 0.0529177 0.0602519 0.0653511 0.0679134 0.0681126 0.0663896 0.0632555 0.0591881 0.0545915 0.0497789 0.0449716 0.0403087 0.0358523 0.031586 0.0274219 0.0232428 0.0189845 0.0147172 0.0106639
 0.00810301 0.0130944 0.0195789 0.0274514 0.036422 0.0458921 0.0549136 0.0624021 0.0675227 0.0699593 0.0698904 0.0677735 0.0641454 0.0595206 0.0543495 0.0489917 0.043702 0.0386338 0.0338507 0.0293395 0.0250304 0.0208381 0.0167247 0.0127572 0.00911298
 0.00826553 0.0133771 0.020038 0.0281498 0.037414 0.0471999 0.0565068 0.0641928 0.0693829 0.0717506 0.0714881 0.0690771 0.0650771 0.0600224 0.0543834 0.048545 0.0427923 0.0373084 0.0321818 0.0274193 0.0229708 0.0187706 0.0147926 0.0110917 0.0078018
 0.00838509 0.0135653 0.0203115 0.028525 0.0379101 0.0478411 0.0573172 0.0651853 0.0705435 0.0730272 0.0727915 0.070296 0.0661002 0.0607563 0.0547621 0.0485301 0.042372 0.036498 0.0310258 0.0259925 0.0213768 0.017135 0.0132482 0.0097552 0.00674903
 0.00838132 0.0135629 0.0203152 0.0285425 0.0379525 0.0479221 0.0574553 0.0654046 0.0708742 0.0734996 0.073423 0.071074 0.066972 0.0616319 0.0555314 0.0490866 0.0426333 0.0364185 0.0306019 0.0252639 0.0204224 0.0160639 0.0121814 0.00880208 0.00598359
 0.00831159 0.0134625 0.0201886 0.0284027 0.0378184 0.0478144 0.0573921 0.0654013 0.070945 0.0736596 0.0736884 0.0714585 0.0674775 0.0622377 0.0561855 0.049709 0.0431301 0.0367043 0.0306219 0.0250078 0.0199289 0.0154124 0.0114735 0.00813621 0.00543178
 0.0083101 0.0134414 0.0201234 0.0282624 0.0375771 0.0474684 0.0569721 0.0649703 0.0705802 0.0734288 0.073633 0.0715911 0.0677889 0.0627034 0.0567675 0.0503518 0.0437603 0.0372386 0.030984 0.0251497 0.0198461 0.0151459 0.0110974 0.00773449 0.00507368
 0.0084406 0.0136349 0.0203785 0.0285613 0.0378858 0.04774 0.0571538 0.0650162 0.0704679 0.0731738 0.0732901 0.0712385 0.0675029 0.0625375 0.0567425 0.0504565 0.0439562 0.037467 0.0311776 0.0252487 0.0198162 0.0149899 0.0108523 0.00745602 0.00481515
 0.00848518 0.0137213 0.0205328 0.0288131 0.0382561 0.0482243 0.0577097 0.0655638 0.0709099 0.0734254 0.073307 0.0710301 0.0671278 0.0620834 0.0562997 0.0500931 0.0437039 0.0373187 0.0310962 0.025184 0.019724 0.0148479 0.0106659 0.00725156 0.00462495
 0.00848679 0.0137198 0.0205244 0.0287956 0.0382346 0.0482165 0.0577458 0.0656762 0.0711143 0.0737038 0.0736053 0.0712761 0.0672608 0.0620796 0.0561797 0.0499093 0.0435156 0.0371686 0.0309973 0.0251218 0.0196701 0.0147775 0.0105699 0.00713825 0.00451239
 0.00851211 0.0137399 0.020516 0.0287252 0.0380689 0.0479388 0.0573707 0.0652542 0.0707215 0.0734202 0.0734895 0.0713454 0.0674852 0.0623944 0.0565118 0.0502044 0.0437522 0.0373528 0.0311458 0.0252451 0.0197668 0.0148396 0.0105928 0.00712683 0.00447992
 0.00855946 0.0138127 0.0206165 0.0288487 0.0382001 0.0480497 0.0574223 0.0652065 0.0705516 0.0731396 0.073149 0.0710208 0.0672493 0.0622894 0.0565365 0.0503222 0.043913 0.0375145 0.0312853 0.0253554 0.0198483 0.014893 0.0106192 0.00712984 0.00446706
 0.00851213 0.0137458 0.0205346 0.0287624 0.0381233 0.0479938 0.0573907 0.0651915 0.0705349 0.0730979 0.0730648 0.0708941 0.0671038 0.0621667 0.0564788 0.050353 0.0440273 0.0376843 0.0314739 0.0255319 0.0199938 0.0150005 0.0106892 0.0071683 0.00448244
 0.00847961 0.0136861 0.020433 0.0286036 0.0378979 0.0477074 0.05707 0.0648806 0.0702814 0.0729353 0.0730005 0.0709111 0.0671739 0.0622664 0.0565997 0.050501 0.0442111 0.037904 0.0317153 0.0257716 0.0202078 0.0151725 0.0108136 0.00724862 0.00452805
 0.00845212 0.0136467 0.0203825 0.0285444 0.0378304 0.047627 0.0569669 0.064745 0.0701124 0.0727477 0.0728228 0.0707751 0.0671007 0.0622598 0.0566494 0.0505921 0.0443331 0.0380511 0.031882 0.0259473 0.0203772 0.0153199 0.0109286 0.00732854 0.00457722
 0.00855243 0.0137884 0.0205564 0.0287289 0.0379983 0.047755 0.0570425 0.0647663 0.0700815 0.0726659 0.0726914 0.0706007 0.0668999 0.0620572 0.0564699 0.0504535 0.0442428 0.0380083 0.0318811 0.0259795 0.0204308 0.0153815 0.010986 0.00737387 0.00460792
 0.00858265 0.01383 0.0206046 0.0287728 0.0380219 0.0477404 0.0569743 0.0646373 0.069898 0.0724489 0.0724724 0.0704115 0.0667633 0.0619823 0.0564553 0.0504921 0.0443256 0.0381252 0.0320209 0.0261296 0.0205785 0.015515 0.0110965 0.00745689 0.00466417
 0.00868146 0.0139722 0.0207841 0.0289714 0.0382132 0.0478967 0.0570725 0.0646614 0.0698402 0.0723106 0.0722663 0.0701622 0.0665029 0.061744 0.0562649 0.0503632 0.0442601 0.0381163 0.0320568 0.0261963 0.0206615 0.0156007 0.0111738 0.00751881 0.00470836
 0.00860412 0.0138782 0.0207002 0.0289391 0.0382738 0.0480694 0.0573386 0.0649662 0.0701131 0.0724919 0.0723253 0.0701006 0.0663468 0.0615317 0.0560365 0.0501536 0.0440937 0.0380047 0.032 0.0261859 0.020684 0.0156415 0.0112198 0.00756048 0.00474059
 0.00851281 0.0137395 0.0205114 0.0287091 0.0380268 0.0478457 0.0571908 0.0649448 0.0702448 0.0727612 0.072673 0.0704448 0.0666145 0.0616837 0.0560736 0.050106 0.0440031 0.0379096 0.0319265 0.0261453 0.0206754 0.0156562 0.0112466 0.0075895 0.0047653
 0.0085126 0.0137209 0.0204504 0.0285741 0.0377894 0.0474975 0.0567571 0.0644872 0.0698477 0.0725061 0.0726119 0.0705823 0.066907 0.062056 0.0564467 0.0504228 0.0442407 0.0380748 0.0320418 0.026234 0.0207528 0.0157277 0.0113108 0.00764262 0.00480501
 0.00851248 0.0137227 0.0204554 0.0285812 0.0377907 0.0474745 0.0566819 0.0643322 0.0696022 0.0721917 0.0722846 0.0703164 0.066766 0.0620675 0.0565931 0.050653 0.0444943 0.0383052 0.032227 0.0263737 0.0208574 0.0158086 0.0113747 0.00769227 0.00484129
 0.00841135 0.0135638 0.0202273 0.0282789 0.0374185 0.0470491 0.0562326 0.0638968 0.0692169 0.0718819 0.0720635 0.0701927 0.0667528 0.0621815 0.0568432 0.0510266 0.044953 0.0387942 0.0326928 0.0267787 0.0211851 0.016059 0.0115571 0.00781865 0.0049239
 0.0083891 0.0135272 0.0201714 0.0281982 0.0373076 0.0469038 0.0560523 0.0636864 0.0689878 0.0716505 0.0718483 0.0700104 0.0666178 0.0621073 0.0568442 0.0511142 0.0451282 0.0390414 0.0329806 0.0270695 0.0214468 0.0162727 0.0117175 0.00793045 0.0049964
 0.00840103 0.0135501 0.0202117 0.0282628 0.0374005 0.0470216 0.0561805 0.0638005 0.0690592 0.0716555 0.0717757 0.0698648 0.0664182 0.0618821 0.0566256 0.0509334 0.0450095 0.0389971 0.0330074 0.0271495 0.021554 0.0163819 0.0118114 0.00800135 0.00504441
 0.00836096 0.0134852 0.0201151 0.0281302 0.0372331 0.0468295 0.0559845 0.0636281 0.0689357 0.0715941 0.0717721 0.0699009 0.0664713 0.0619352 0.0566732 0.0509809 0.0450696 0.0390823 0.0331238 0.027293 0.0217107 0.0165336 0.0119419 0.00810159 0.00511342
 0.00840504 0.0135375 0.0201582 0.0281363 0.0371717 0.0466802 0.055748 0.0633294 0.068618 0.0713062 0.0715553 0.0697788 0.0664458 0.0619898 0.0567815 0.0511179 0.0452188 0.0392377 0.0332851 0.0274596 0.0218774 0.0166901 0.0120769 0.00820713 0.00518774
 0.00840377 0.0135446 0.0201843 0.0281933 0.0372651 0.0467995 0.055862 0.0633932 0.0685913 0.0711732 0.0713349 0.0695176 0.0661989 0.0618007 0.0566707 0.0510831 0.0452439 0.0393032 0.0333754 0.0275642 0.0219883 0.0167991 0.0121752 0.00828758 0.00524686
 0.00822346 0.0132872 0.0198638 0.0278468 0.0369443 0.046555 0.0557281 0.063379 0.0686786 0.0713221 0.0714958 0.0696486 0.0662814 0.0618437 0.0567015 0.0511311 0.0453267 0.0394225 0.0335212 0.0277217 0.0221437 0.0169412 0.0122959 0.00838219 0.0053147
 0.00813972 0.0131464 0.0196454 0.0275342 0.0365354 0.0460746 0.0552349 0.0629565 0.068409 0.071254 0.0716245 0.069921 0.0666204 0.0621787 0.0569903 0.0513646 0.0455192 0.0395952 0.0336893 0.0278893 0.0223057 0.0170885 0.0124203 0.00847908 0.00538372
 0.00810169 0.013075 0.0195199 0.027329 0.0362251 0.0456447 0.0546933 0.0623421 0.0677911 0.0707212 0.0712637 0.0697913 0.066733 0.0624941 0.0574351 0.0518593 0.046003 0.0400357 0.0340772 0.0282264 0.0225946 0.0173292 0.0126114 0.00862122 0.00548142
 0.00802721 0.0129607 0.01936 0.0271205 0.035966 0.0453315 0.0543215 0.0619108 0.0673111 0.0702225 0.0707984 0.0694268 0.0665355 0.0625067 0.0576608 0.0522592 0.0465104 0.0405792 0.0345998 0.0286933 0.02299 0.017649 0.0128576 0.00879965 0.00560172
 0.0080151 0.0129437 0.0193391 0.0270981 0.0359442 0.0453098 0.0542945 0.0618661 0.0672304 0.0700861 0.070594 0.0691602 0.0662377 0.0622304 0.0574654 0.0521891 0.0465785 0.0407644 0.0348586 0.0289775 0.0232607 0.0178823 0.013043 0.00893628 0.00569488
 0.00795501 0.012854 0.0192193 0.0269533 0.0357847 0.0451485 0.0541451 0.0617407 0.0671361 0.0700219 0.0705489 0.0691172 0.0661819 0.0621593 0.0573947 0.0521496 0.0466029 0.0408717 0.0350443 0.0292155 0.0235148 0.018119 0.01324 0.00908483 0.0057968
 0.00796726 0.0128638 0.0192156 0.0269207 0.0357086 0.0450231 0.0539791 0.0615566 0.0669631 0.0698843 0.0704589 0.0690717 0.0661668 0.0621568 0.0573926 0.0521479 0.0466149 0.0409169 0.0351373 0.0293566 0.0236882 0.0182996 0.0134037 0.00921581 0.00589028
 0.00801667 0.0129362 0.0193092 0.0270269 0.0358122 0.0451041 0.0540159 0.0615318 0.06687 0.0697324 0.0702728 0.0688832 0.0660029 0.0620314 0.0573054 0.0520914 0.0465829 0.0409099 0.0351613 0.0294162 0.02378 0.0184109 0.0135167 0.00931436 0.00596531
 0.00811917 0.013092 0.019523 0.0272947 0.0361208 0.0454314 0.0543315 0.061799 0.0670508 0.0697973 0.0702097 0.0687023 0.065734 0.0617149 0.0569812 0.0517893 0.0463204 0.0406953 0.0349983 0.0293063 0.0237214 0.0183958 0.0135315 0.00934375 0.00599631
 0.00814428 0.0131317 0.0195806 0.0273722 0.0362181 0.0455459 0.0544563 0.0619231 0.0671602 0.069877 0.0702462 0.0686862 0.0656628 0.0615953 0.0568287 0.051625 0.0461652 0.0405654 0.0349029 0.0292484 0.0236988 0.0184021 0.0135571 0.00937764 0.00602903
 0.00797116 0.0128753 0.0192416 0.0269686 0.0357812 0.0451129 0.0540649 0.0616075 0.0669485 0.0697871 0.0702815 0.0688341 0.0658975 0.0618837 0.0571385 0.0519311 0.0464531 0.0408299 0.0351445 0.0294684 0.0238969 0.0185757 0.0137025 0.00949195 0.00611206
 0.00783886 0.0126667 0.018941 0.0265688 0.0352887 0.0445533 0.0534857 0.0610737 0.0665274 0.0695292 0.0702077 0.0689354 0.0661434 0.0622337 0.0575504 0.0523667 0.0468817 0.0412304 0.0355052 0.0297848 0.024168 0.0188012 0.0138826 0.00962791 0.00620767
 0.0077174 0.0124719 0.018653 0.0261717 0.034775 0.0439301 0.0527818 0.0603424 0.0658412 0.0689664 0.0698357 0.0687962 0.0662458 0.0625536 0.0580388 0.0529625 0.0475242 0.0418679 0.0360995 0.0303115 0.0246143 0.0191627 0.0141612 0.00983036 0.00634487
 0.00765975 0.0123705 0.0184862 0.0259147 0.0344053 0.0434366 0.052174 0.0596541 0.0651265 0.0682914 0.0692688 0.0683994 0.0660657 0.0626127 0.0583295 0.0534477 0.0481449 0.0425562 0.0367911 0.0309549 0.0251746 0.0196216 0.0145143 0.0100846 0.00651495
 0.0076473 0.0123533 0.0184648 0.0258888 0.0343698 0.0433776 0.0520678 0.0594722 0.0648471 0.067912 0.0688138 0.0679188 0.0656254 0.0622797 0.0581568 0.0534622 0.0483416 0.0429005 0.0372286 0.0314252 0.0256242 0.0200125 0.0148263 0.0103139 0.00666988
 0.00758963 0.0122734 0.0183703 0.0257955 0.034297 0.0433405 0.0520697 0.0595005 0.0648744 0.0679022 0.068733 0.0677485 0.0653731 0.0619822 0.0578722 0.0532531 0.0482561 0.0429583 0.0374166 0.0317044 0.0259432 0.0203226 0.0150924 0.0105187 0.0068123
 0.00761794 0.0123076 0.0184006 0.0258076 0.0342784 0.0432893 0.0519997 0.0594372 0.0648423 0.0679097 0.0687647 0.0677697 0.0653454 0.061882 0.0577036 0.0530496 0.0480693 0.0428388 0.0373957 0.0317841 0.026099 0.0205152 0.0152827 0.0106791 0.00693064
 0.0076118 0.0122917 0.0183656 0.02574 0.0341633 0.043115 0.0517638 0.0591523 0.0645381 0.0676287 0.0685516 0.0676557 0.0653354 0.061953 0.057817 0.0531712 0.0481848 0.0429566 0.0375361 0.0319626 0.0263142 0.020748 0.0155053 0.0108669 0.00707096
 0.00768301 0.0124089 0.0185435 0.02599 0.0344874 0.0434975 0.052166 0.0595157 0.0647992 0.0677398 0.0684972 0.0674566 0.0650379 0.0616105 0.0574722 0.0528479 0.0478923 0.0427004 0.0373258 0.031811 0.0262293 0.0207255 0.0155286 0.0109134 0.00712034
 0.00769818 0.0124451 0.0186193 0.0261301 0.0347166 0.0438307 0.0525977 0.0600145 0.0653098 0.0681928 0.068824 0.0676059 0.0649904 0.0613831 0.0571111 0.0524121 0.0474368 0.0422668 0.036942 0.0314949 0.0259909 0.0205656 0.0154375 0.0108734 0.00711104
 0.00754594 0.0122213 0.0183277 0.0257924 0.0343704 0.0435235 0.0523799 0.0599314 0.0653908 0.0684398 0.0692044 0.0680571 0.065435 0.0617508 0.0573577 0.0525277 0.0474419 0.0421991 0.036842 0.0313956 0.0259138 0.02052 0.0154224 0.0108803 0.00712904
 0.00708973 0.0115431 0.0174262 0.0247109 0.0331886 0.0423407 0.0513017 0.0590608 0.0648184 0.0682291 0.0693764 0.0685822 0.0662375 0.0627237 0.0583845 0.0535068 0.0483044 0.042915 0.0374142 0.0318459 0.026268 0.0207995 0.0156406 0.0110452 0.00724682
 0.00661478 0.0108035 0.016377 0.0233408 0.0315311 0.0404854 0.0494006 0.0573143 0.0634352 0.0673719 0.069124 0.0689233 0.0670907 0.0639652 0.0598714 0.0550946 0.0498634 0.0443462 0.0386572 0.032878 0.0270942 0.021439 0.0161178 0.0113853 0.00747516
#obs surv len freq
 nan nan nan nan nan nan nan nan nan nan nan nan nan nan nan nan nan nan nan nan nan nan nan nan nan
 0.00448499 0.00734651 0.0111767 0.0159932 0.0216941 0.0279696 0.0342837 0.0400148 0.0446941 0.0481575 0.050515 0.0520105 0.0529024 0.0534144 0.0537285 0.0539832 0.0542616 0.0545542 0.0546929 0.0542848 0.0527229 0.0493551 0.043805 0.0362852 0.0276691
 0.00461677 0.00756293 0.0115061 0.0164622 0.022321 0.0287545 0.0351978 0.0409987 0.0456658 0.0490288 0.0512084 0.0524705 0.0531012 0.0533517 0.0534265 0.0534796 0.0536001 0.0537779 0.0538409 0.0533944 0.051833 0.0485092 0.0430482 0.0356557 0.027188
 0.00477909 0.00782846 0.0119089 0.0170352 0.0230898 0.0297272 0.0363541 0.0422839 0.0469956 0.0503025 0.0523234 0.0533357 0.0536467 0.0535366 0.0532425 0.0529486 0.0527678 0.0527039 0.0525921 0.0520411 0.0504509 0.0471789 0.0418498 0.0346552 0.0264219
 0.00497269 0.00814483 0.012388 0.0177156 0.0240009 0.0308784 0.0377223 0.043809 0.0485879 0.0518574 0.0537358 0.0545081 0.054494 0.0539911 0.0532602 0.0525154 0.0519021 0.0514552 0.0510363 0.0502764 0.0485934 0.0453567 0.0401892 0.0332596 0.0253493
 0.00518376 0.00849093 0.0129145 0.0184667 0.0250116 0.0321607 0.0392519 0.0455199 0.0503815 0.0536206 0.0553578 0.0558896 0.0555492 0.0546476 0.0534602 0.0522197 0.051097 0.0501607 0.0493125 0.0482268 0.0463617 0.0431151 0.0381143 0.0314984 0.0239874
 0.00541182 0.00886414 0.0134809 0.0192729 0.0260944 0.0335337 0.0408908 0.0473569 0.052314 0.0555297 0.0571266 0.0574137 0.0567406 0.0554335 0.053781 0.0520285 0.0503631 0.0488793 0.0475194 0.0460122 0.0438766 0.0405603 0.0357085 0.0294314 0.0223761
 0.00564664 0.00924861 0.0140647 0.0201043 0.0272116 0.0349503 0.0425813 0.0492512 0.0543068 0.0575006 0.0589583 0.0590025 0.0579994 0.0562903 0.0541765 0.0519137 0.0496998 0.0476483 0.0457363 0.0437489 0.0412765 0.0378334 0.0330989 0.0271613 0.0205899
 0.00588119 0.00963317 0.0146496 0.0209388 0.0283345 0.0363757 0.0442833 0.0511582 0.0563118 0.0594812 0.0607964 0.0605957 0.0592635 0.057158 0.0545934 0.0518339 0.049085 0.0464728 0.0440031 0.0415134 0.0386679 0.0350574 0.0304074 0.024794 0.0187105
 0.00612231 0.0100291 0.0152528 0.0218005 0.0294949 0.0378479 0.0460371 0.053115 0.0583558 0.0614821 0.0626312 0.062161 0.0604792 0.0579649 0.0549481 0.0517024 0.0484382 0.0452894 0.0422831 0.0393018 0.0360803 0.0322876 0.0277026 0.0223975 0.016795
 0.0063689 0.0104304 0.0158578 0.0226552 0.0306343 0.0392825 0.0477386 0.0550105 0.0603362 0.0634224 0.0644097 0.0636732 0.0616427 0.0587207 0.0552565 0.051537 0.0477799 0.0441256 0.0406175 0.0371758 0.0335978 0.0296263 0.0250944 0.0200758 0.0149302
 0.00658931 0.0107975 0.016426 0.02348 0.0317596 0.0407219 0.0494573 0.0569208 0.0623131 0.0653301 0.0661256 0.0650995 0.0627082 0.0593769 0.0554732 0.0512967 0.0470731 0.0429495 0.0389833 0.0351265 0.0312296 0.0271013 0.0226244 0.0178763 0.0131604
 0.00682543 0.0111818 0.0170054 0.0242991 0.032853 0.042101 0.0510961 0.058748 0.0642188 0.0671837 0.0677976 0.0664784 0.0637115 0.0599542 0.0556021 0.0509737 0.0463048 0.0417481 0.0373715 0.0331519 0.0289845 0.0247329 0.020323 0.0158341 0.0115195
 0.0070708 0.0115836 0.0176152 0.0251651 0.034009 0.0435502 0.0527947 0.0606028 0.0661027 0.0689621 0.0693515 0.067715 0.0645657 0.060386 0.0555943 0.0505284 0.0454377 0.0404844 0.0357468 0.0312221 0.0268405 0.0225096 0.0181884 0.0139554 0.0100178
 0.00729738 0.0119563 0.0181839 0.0259781 0.035103 0.0449329 0.054429 0.0624005 0.067937 0.0706927 0.0708494 0.0688801 0.0653325 0.0607229 0.0554968 0.0500112 0.0445271 0.0392147 0.0341622 0.0293842 0.024839 0.0204678 0.0162533 0.0122689 0.00867936
 0.00745002 0.0122115 0.0185813 0.0265597 0.0359049 0.0459729 0.0556919 0.0638326 0.069451 0.0721822 0.0722053 0.070003 0.0661424 0.0611656 0.0555465 0.0496678 0.0438106 0.0381594 0.0328151 0.0278087 0.0231219 0.0187214 0.0146055 0.0108394 0.00754946
 0.00751976 0.0123242 0.0187504 0.0268002 0.036234 0.0464092 0.0562529 0.0645281 0.0702762 0.0731118 0.0731898 0.0709717 0.0670121 0.0618524 0.0559781 0.0497935 0.0436059 0.037627 0.0319834 0.0267315 0.0218785 0.0174139 0.0133478 0.00973603 0.00667172
 0.0076 0.012448 0.0189245 0.0270267 0.0365108 0.0467317 0.0566148 0.0649241 0.0707043 0.073574 0.0736894 0.0715042 0.0675563 0.0623656 0.0564003 0.0500582 0.043655 0.0374234 0.0315196 0.0260337 0.0210059 0.0164527 0.0123974 0.00888853 0.00599105
 0.00769163 0.0125876 0.0191169 0.0272696 0.0367953 0.0470433 0.0569353 0.0652337 0.0709868 0.0738223 0.0739088 0.0717101 0.0677653 0.0625844 0.0566164 0.050237 0.0437462 0.0373748 0.0312939 0.0256221 0.0204353 0.0157829 0.0117077 0.00825732 0.00547564
 0.00772832 0.0126491 0.0192126 0.0274082 0.0369817 0.0472742 0.0571963 0.0655005 0.0712321 0.074025 0.0740609 0.0718182 0.0678461 0.0626571 0.0566932 0.0503155 0.0438055 0.0373788 0.0312029 0.0254089 0.0200989 0.0153535 0.0112394 0.00781153 0.00510165
 0.00776272 0.0126951 0.019264 0.0274546 0.037013 0.0472874 0.0571993 0.0655099 0.0712653 0.0740917 0.0741587 0.0719361 0.0679715 0.0627821 0.0568154 0.0504335 0.0439123 0.0374571 0.0312269 0.0253532 0.0199512 0.0151236 0.0109595 0.00752575 0.00485019
 0.00781927 0.0127832 0.0193885 0.0276156 0.0372033 0.0474911 0.057392 0.0656644 0.0713603 0.0741216 0.0741353 0.0718821 0.0679098 0.0627274 0.0567733 0.0504034 0.0438893 0.0374322 0.0311858 0.0252791 0.0198313 0.0149574 0.010762 0.00732304 0.0046694
 0.00785177 0.0128336 0.0194598 0.0277088 0.0373174 0.0476224 0.0575333 0.0658036 0.0714819 0.074209 0.0741767 0.0718751 0.0678631 0.0626578 0.0566989 0.0503374 0.0438366 0.0373892 0.031143 0.0252237 0.0197525 0.0148514 0.0106351 0.00719012 0.00454811
 0.00788267 0.0128778 0.0195154 0.0277702 0.0373777 0.0476758 0.0575775 0.0658402 0.071514 0.074239 0.0742039 0.0718956 0.0678717 0.0626513 0.0566788 0.0503092 0.0438071 0.0373623 0.0311172 0.025193 0.0197092 0.0147911 0.0105599 0.00710832 0.00447097
 0.00788467 0.0128817 0.0195221 0.0277806 0.0373912 0.0476901 0.057588 0.065842 0.0715048 0.0742214 0.0741853 0.0718849 0.0678748 0.0626683 0.0567049 0.050338 0.0438335 0.0373838 0.031132 0.0251987 0.0197026 0.0147698 0.010525 0.00706494 0.0044267
 0.00789736 0.0128966 0.0195343 0.0277823 0.0373749 0.0476519 0.0575308 0.0657747 0.0714389 0.0741664 0.0741472 0.0718661 0.0678761 0.0626895 0.0567442 0.0503907 0.043893 0.0374427 0.0311839 0.0252387 0.0197278 0.0147789 0.0105192 0.00704853 0.00440537
 0.00790494 0.0129079 0.0195489 0.0277985 0.0373888 0.0476574 0.0575208 0.0657429 0.0713835 0.074093 0.0740675 0.0717949 0.067826 0.0626674 0.0567508 0.0504219 0.0439418 0.0375007 0.0312426 0.0252909 0.0197678 0.0148043 0.0105303 0.0070482 0.00439811
 0.00788698 0.0128791 0.0195065 0.0277406 0.0373149 0.04757 0.057425 0.0656465 0.0712947 0.0740183 0.0740114 0.0717606 0.0678166 0.0626858 0.056798 0.0504958 0.0440361 0.0376064 0.0313494 0.025389 0.01985 0.0148663 0.0105717 0.00707175 0.00440858
 0.00787899 0.0128611 0.0194705 0.0276765 0.0372141 0.0474294 0.0572517 0.0654575 0.0711132 0.073867 0.0739069 0.0717107 0.0678207 0.0627381 0.0568897 0.0506176 0.0441784 0.0377588 0.0315014 0.0255301 0.0199715 0.0149627 0.0106414 0.00711716 0.00443482
 0.00788154 0.0128635 0.0194706 0.0276702 0.0371952 0.0473904 0.0571852 0.0653589 0.0709843 0.0737182 0.0737567 0.0715809 0.0677306 0.062699 0.0569035 0.050678 0.0442745 0.0378781 0.0316308 0.0256577 0.0200869 0.0150585 0.010714 0.00716706 0.00446564
 0.00783879 0.0127945 0.0193678 0.0275278 0.0370112 0.0471691 0.0569394 0.0651091 0.070754 0.0735285 0.0736222 0.0715096 0.0677258 0.0627601 0.0570262 0.0508531 0.0444879 0.0381124 0.0318681 0.0258814 0.0202838 0.0152198 0.0108366 0.00725267 0.00452023
 0.00782378 0.0127667 0.0193196 0.0274503 0.0368958 0.0470116 0.0567428 0.0648858 0.0705235 0.0733137 0.0734446 0.071386 0.0676662 0.0627675 0.0570978 0.0509814 0.0446619 0.0383177 0.0320876 0.0260976 0.0204808 0.015386 0.0109658 0.007345 0.00458043
 0.00780243 0.0127309 0.0192638 0.0273682 0.0367819 0.0468626 0.05656 0.0646764 0.0703011 0.0730963 0.0732527 0.0712394 0.0675803 0.0627513 0.0571524 0.0511008 0.0448342 0.0385273 0.0323167 0.0263275 0.0206941 0.015569 0.0111106 0.00745004 0.00464998
 0.00776986 0.0126785 0.019186 0.0272604 0.0366412 0.0466898 0.0563608 0.0644618 0.0700857 0.0728962 0.0730827 0.0711125 0.067507 0.0627391 0.0572047 0.0512156 0.0450037 0.0387381 0.0325516 0.0265672 0.0209199 0.0157656 0.0112683 0.00756604 0.00472779
 0.00772751 0.0126095 0.0190822 0.0271146 0.0364496 0.0464544 0.0560928 0.064181 0.0698173 0.0726648 0.0729074 0.0710046 0.0674707 0.0627733 0.0573049 0.0513748 0.0452123 0.0389836 0.0328181 0.0268363 0.021173 0.0159865 0.0114463 0.00769781 0.00481683
 0.00768011 0.0125325 0.0189664 0.0269518 0.0362348 0.0461887 0.0557864 0.0638545 0.0694988 0.0723843 0.0726913 0.0708714 0.0674291 0.0628225 0.0574362 0.0515747 0.0454649 0.0392716 0.0331233 0.0271397 0.021456 0.0162329 0.0116452 0.00784558 0.00491718
 0.00767817 0.0125243 0.0189445 0.0269059 0.0361536 0.0460638 0.0556156 0.0636436 0.069261 0.0721384 0.0724592 0.0706752 0.0672886 0.0627522 0.057443 0.0516571 0.0456137 0.0394722 0.0333574 0.0273874 0.0216971 0.0164497 0.0118248 0.00798188 0.00501146
 0.00766498 0.0125061 0.0189228 0.0268831 0.0361308 0.0460382 0.0555792 0.0635848 0.0691695 0.0720105 0.072301 0.0705022 0.0671224 0.0626154 0.0573548 0.0516302 0.0456523 0.0395715 0.0335049 0.0275653 0.021885 0.0166281 0.0119784 0.00810199 0.00509648
 0.00763094 0.0124573 0.0188615 0.026816 0.0360673 0.0459875 0.0555475 0.0635727 0.069171 0.0720138 0.0722916 0.0704685 0.067061 0.062534 0.0572702 0.0515631 0.0456211 0.039587 0.0335683 0.0276679 0.0220115 0.0167602 0.0120998 0.00820124 0.00516913
 0.00761697 0.0124306 0.0188148 0.0267411 0.0359594 0.0458496 0.0553937 0.0634263 0.0690572 0.0719497 0.0722797 0.0704972 0.0671102 0.0625842 0.0573101 0.0515925 0.0456492 0.039627 0.0336304 0.0277548 0.0221176 0.0168736 0.0122068 0.008291 0.00523623
 0.00759558 0.0123976 0.0187678 0.0266786 0.0358797 0.0457509 0.055275 0.0632903 0.068913 0.0718138 0.0721731 0.0704375 0.0671053 0.0626284 0.0573877 0.0516856 0.0457449 0.0397209 0.0337249 0.0278539 0.0222219 0.0169785 0.0123042 0.00837299 0.0052982
 0.00758545 0.0123826 0.0187479 0.0266547 0.0358529 0.0457221 0.0552436 0.0632543 0.0688691 0.0717593 0.0721082 0.0703682 0.0670425 0.0625849 0.0573721 0.051699 0.0457817 0.039773 0.0337857 0.0279203 0.0222923 0.0170503 0.0123726 0.00843258 0.00534485
 0.00757789 0.0123685 0.0187237 0.0266163 0.0357975 0.04565 0.0551601 0.0631686 0.0687914 0.0716972 0.0720643 0.0703403 0.0670276 0.0625814 0.0573817 0.051725 0.0458257 0.0398334 0.0338579 0.0279985 0.0223711 0.0171254 0.01244 0.00848878 0.00538783
 0.00754104 0.0123148 0.0186543 0.0265358 0.0357123 0.0455655 0.055079 0.063092 0.0687207 0.071636 0.0720184 0.0703154 0.0670263 0.0626027 0.0574222 0.0517806 0.0458935 0.0399111 0.0339429 0.028087 0.0224581 0.0172059 0.0125098 0.00854503 0.00542959
 0.00754124 0.0123093 0.0186355 0.0264943 0.0356402 0.0454619 0.0549532 0.0629616 0.0686056 0.0715503 0.071967 0.0702957 0.0670324 0.0626295 0.057466 0.0518387 0.0459632 0.0399895 0.0340267 0.0281726 0.0225414 0.0172825 0.0125757 0.0085977 0.00546828
 0.00751542 0.0122724 0.018589 0.0264417 0.0355846 0.0454033 0.0548873 0.0628828 0.0685122 0.071449 0.071872 0.0702237 0.0669957 0.0626319 0.0575036 0.0519034 0.0460463 0.0400835 0.0341255 0.0282708 0.0226344 0.0173657 0.0126457 0.00865242 0.00550771
 0.00750767 0.0122572 0.0185617 0.0263971 0.0355197 0.0453196 0.0547925 0.0627886 0.0684293 0.0713827 0.0718217 0.0701865 0.0669714 0.0626241 0.0575175 0.0519419 0.0461079 0.0401627 0.034215 0.0283634 0.0227233 0.0174457 0.0127129 0.00870477 0.00554523
 0.00751287 0.0122663 0.0185764 0.0264184 0.0355469 0.0453486 0.0548158 0.0627973 0.0684168 0.0713477 0.0717687 0.0701235 0.0669061 0.0625629 0.0574658 0.0519048 0.0460897 0.0401654 0.034237 0.0284001 0.0227683 0.0174925 0.0127559 0.00874036 0.00557183
 0.0075048 0.0122556 0.0185648 0.0264092 0.035544 0.0453555 0.0548337 0.0628239 0.0684463 0.071372 0.0717799 0.0701166 0.0668808 0.0625239 0.0574206 0.0518615 0.0460554 0.0401451 0.0342331 0.0284117 0.0227918 0.0175224 0.0127867 0.00876759 0.00559304
 0.0075047 0.0122545 0.0185614 0.0264022 0.0355329 0.0453415 0.0548204 0.0628166 0.0684496 0.0713872 0.0718038 0.0701419 0.0668992 0.0625291 0.0574107 0.0518396 0.0460281 0.0401198 0.0342161 0.0284061 0.0227977 0.0175368 0.0128053 0.00878621 0.00560865
 0.0075047 0.0122545 0.0185614 0.0264022 0.0355329 0.0453415 0.0548204 0.0628166 0.0684496 0.0713872 0.0718038 0.0701419 0.0668992 0.0625291 0.0574107 0.0518396 0.0460281 0.0401198 0.0342161 0.0284061 0.0227977 0.0175368 0.0128053 0.00878621 0.00560865
 0.00733887 0.0119951 0.018191 0.025914 0.0349345 0.0446598 0.0541053 0.0621387 0.0678884 0.0710119 0.0716565 0.0702291 0.0671942 0.0629815 0.0579595 0.0524265 0.0466061 0.0406572 0.0346946 0.0288175 0.0231391 0.017809 0.0130118 0.00893342 0.00570625
 0.00735152 0.0119909 0.0181392 0.0257717 0.0346589 0.0442274 0.0535279 0.0614673 0.0672011 0.0703947 0.0711842 0.0699535 0.0671387 0.0631395 0.0582981 0.0528938 0.0471428 0.0412081 0.0352163 0.0292812 0.0235294 0.0181207 0.013247 0.00910016 0.00581612
 0.00725474 0.011847 0.0179463 0.0255326 0.0343753 0.0438925 0.0531259 0.0609825 0.0666356 0.0697823 0.0705924 0.0694684 0.0668397 0.0630768 0.0584815 0.0532938 0.0477019 0.041855 0.035881 0.0299056 0.0240734 0.018563 0.013583 0.0093378 0.00597175
 0.00719532 0.0117409 0.0177702 0.0252621 0.0339939 0.0434035 0.0525594 0.0603897 0.0660703 0.0692826 0.0701749 0.0691407 0.066617 0.0629887 0.0585622 0.0535635 0.0481518 0.0424445 0.0365471 0.0305787 0.0246925 0.019086 0.0139902 0.00962991 0.00616435
 0.00722849 0.011794 0.0178472 0.0253622 0.0341075 0.043508 0.0526196 0.0603657 0.0659325 0.0690252 0.0698191 0.0687262 0.0661895 0.0625928 0.0582409 0.0533574 0.0480919 0.0425411 0.036782 0.0309082 0.02506 0.0194377 0.0142879 0.00985586 0.00631895
 0.00720958 0.0117729 0.017833 0.0253695 0.0341515 0.0435979 0.0527509 0.0605172 0.066068 0.0691021 0.0698009 0.0685948 0.0659524 0.062282 0.0579047 0.0530495 0.0478614 0.0424231 0.0367902 0.0310303 0.0252611 0.0196719 0.0145119 0.0100405 0.00645271
 0.00720063 0.0117573 0.0178085 0.0253349 0.0341097 0.0435579 0.0527287 0.0605308 0.066129 0.0692058 0.0699228 0.0686955 0.0659917 0.0622349 0.0577715 0.0528571 0.0476547 0.0422512 0.0366916 0.0310224 0.0253363 0.0198027 0.0146626 0.0101798 0.00656191
 0.00717125 0.011714 0.0177515 0.0252671 0.0340355 0.043482 0.0526561 0.0604678 0.0660853 0.0691933 0.0699507 0.0687635 0.0660849 0.0623256 0.0578293 0.0528632 0.0476109 0.0421806 0.0366284 0.0309972 0.0253638 0.0198777 0.0147649 0.0102848 0.00665069
 0.00720663 0.0117694 0.0178306 0.0253718 0.0341649 0.0436315 0.0528161 0.0606242 0.0662208 0.0692921 0.070003 0.0687682 0.066048 0.062255 0.0577297 0.0527344 0.047453 0.0420013 0.0364461 0.0308371 0.0252479 0.0198154 0.0147505 0.0103018 0.00668064
 0.00723904 0.0118263 0.0179237 0.0255136 0.0343645 0.043889 0.0531174 0.0609411 0.0665169 0.0695321 0.0701607 0.0688306 0.0660155 0.0621384 0.0575466 0.0525039 0.0471926 0.0417268 0.0361741 0.0305867 0.0250383 0.0196597 0.0146511 0.01025 0.00666128
 0.00717059 0.011721 0.0177772 0.025328 0.0341508 0.0436681 0.0529202 0.0608032 0.066469 0.0695883 0.0703127 0.0690498 0.0662631 0.0623772 0.0577486 0.0526539 0.0472871 0.0417707 0.0361783 0.0305655 0.0250075 0.0196331 0.0146368 0.0102493 0.00666996
 0.00709174 0.0115903 0.0175768 0.0250417 0.0337701 0.0432012 0.0523988 0.0602831 0.06602 0.0692766 0.0701839 0.069118 0.0665091 0.0627557 0.0582005 0.053121 0.0477229 0.0421465 0.0364824 0.0307998 0.0251818 0.0197608 0.0147303 0.0103177 0.00671919
 0.00706052 0.0115291 0.0174652 0.0248542 0.033482 0.0427982 0.0518877 0.0596964 0.0654131 0.0687193 0.0697473 0.0688617 0.0664684 0.062933 0.0585647 0.0536152 0.0482791 0.0427007 0.0369868 0.0312265 0.025522 0.0200187 0.0149173 0.0104476 0.00680507
#pred catch len freq
 0.00467396 0.00734802 0.0106249 0.0143883 0.0185665 0.0231234 0.0279862 0.0329968 0.0379359 0.0425791 0.0467353 0.050263 0.053082 0.0551796 0.0566039 0.0574513 0.057854 0.0579493 0.0577993 0.0572638 0.0558988 0.0530198 0.0480096 0.0407551 0.0319123
 0.00484401 0.00755544 0.0108127 0.0144693 0.0184571 0.022792 0.0274846 0.0324489 0.037484 0.0423196 0.0466848 0.0503721 0.0532818 0.0554285 0.0569078 0.0578491 0.0583768 0.0585762 0.0584348 0.0577554 0.0560956 0.0528438 0.0474982 0.0400464 0.0311812
 0.00506083 0.00789253 0.0112863 0.0150709 0.0191411 0.0234666 0.0280195 0.032711 0.0373957 0.0419073 0.0460783 0.0497463 0.0527787 0.0551115 0.056771 0.0578591 0.0585054 0.0587968 0.0586965 0.0579658 0.0561401 0.0526375 0.047036 0.0394131 0.0305122
 0.00527985 0.00823649 0.0117825 0.0157389 0.0199913 0.0244934 0.0291864 0.0339323 0.0385302 0.042781 0.0465377 0.0497228 0.0523239 0.0543754 0.0559357 0.0570695 0.0578358 0.0582552 0.0582432 0.05753 0.0556394 0.0520098 0.0462749 0.0385809 0.0297136
 0.00554167 0.00864061 0.0123519 0.0164846 0.0209155 0.0255942 0.0304553 0.0353446 0.0400297 0.0442664 0.0478602 0.0507065 0.0528131 0.0542927 0.0553176 0.0560538 0.0566039 0.0569639 0.0569813 0.0563146 0.0544439 0.0508068 0.0450729 0.0374358 0.0287086
