SBPRF35
9.31153
Curr Bio
664768
B35
764508
F35
0.195658
FOFL
0.17248
OFL
93154
Bzero
2.66044e+06
#pred survey bio
 4.23405e+06 4.07167e+06 3.89886e+06 3.65531e+06 3.38842e+06 3.11053e+06 2.8256e+06 2.53545e+06 2.26527e+06 2.02725e+06 1.78901e+06 1.58011e+06 1.37334e+06 1.218e+06 1.07866e+06 970407 842323 787258 740131 704147 661981 649876 628657 612037 607742 594587 585969 583309 585454 581055 574837 569852 568427 561063 543867 530834 523721 514909 521414 532004 541508 549077 548464 554484 569795 585686 596493 607298 621665 632225 652535 671126 2.39546e+07 1.44857e+07 1.47755e+07 1.54252e+07 1.62821e+07 1.71804e+07 1.80111e+07 1.87213e+07 1.9298e+07 1.975e+07 2.00959e+07 2.03565e+07 2.0551e+07 2.06954e+07 2.08023e+07 2.08817e+07 2.09407e+07 2.09848e+07 2.10178e+07 2.10427e+07 2.10616e+07 2.10759e+07 2.10869e+07 2.10954e+07 2.11019e+07 2.1107e+07 2.11109e+07 2.11139e+07 2.11163e+07 2.11181e+07 2.11196e+07 2.11207e+07 2.11216e+07 2.11223e+07 2.11229e+07 2.11233e+07 2.11237e+07 2.1124e+07 2.11242e+07 2.11243e+07 2.11245e+07 2.11246e+07 2.11247e+07 2.11247e+07 2.11248e+07 2.11248e+07 2.11249e+07 2.11249e+07 2.11249e+07 2.11249e+07 2.11249e+07 2.1125e+07 2.1125e+07 2.1125e+07 2.1125e+07 2.1125e+07 2.1125e+07 2.1125e+07 2.1125e+07 2.1125e+07 2.1125e+07 2.1125e+07 2.1125e+07 2.1125e+07 2.1125e+07 2.1125e+07 2.1125e+07 2.1125e+07 2.1125e+07 2.1125e+07 2.1125e+07 2.1125e+07 2.1125e+07 2.1125e+07 2.1125e+07 2.1125e+07 2.1125e+07 2.1125e+07 2.1125e+07 2.1125e+07 2.1125e+07 2.1125e+07 2.1125e+07 2.1125e+07 2.1125e+07 2.1125e+07 2.1125e+07 2.1125e+07 2.1125e+07 2.1125e+07 2.1125e+07 2.1125e+07 2.1125e+07 2.1125e+07 2.1125e+07 2.1125e+07 2.1125e+07 2.1125e+07 2.1125e+07 2.1125e+07 0 0 0 0 0 0 0 0 0 0 0 0 0 0 0 0 0 0 0 0 0 0 0 0 0
#obs survey bio
 2.44438e+06 3.56411e+06 3.76734e+06 4.48581e+06 2.53226e+06 2.05748e+06 2.38135e+06 2.52472e+06 2.01163e+06 2.31018e+06 1.26417e+06 1.07631e+06 2.12248e+06 972203 1.01206e+06 606027 774087 596155 582416 604692 632968 547427 629937 417235 482205 698850 493625 683225 582712 442521 451106 649560 596465 478715 612001 450718 421014 546991 539670 548149 534775 473447 495822 480273 563633 761121 600348 479061 565444 600324 582635 811521
#pred catch bio
 91646.1 98332.4 167678 201483 229909 258873 287807 293048 284652 301633 287938 293840 253086 242296 216914 232493 167486 159901 148442 150248 121817 127251 120467 107772 112885 106326 99275.5 93893.6 98341 98971.6 97130.1 93084.2 96226.4 101113 93909.5 88202.6 92575.5 83608.1 82978.3 85048.2 87102.2 94345.9 89697.3 83682.8 85127.5 90951.5 92650.8 91934.8 97278.6 91228.9 94509.3 98066.8 93154 105104 106090 109564 114995 120902 126338 130895 134486 137196 139178 140592 141582 142266 142732 143047 143259 143400 143494 143556 143597 143624 143642 143654 143661 143666 143669 143672 143673 143674 143674 143675 143675 143675 143675 143675 143675 143675 143675 143675 143675 143675 143675 143675 143675 143675 143675 143675 143675 143675 143675 143675 143675 143675 143675 143675 143675 143675 143675 143675 143675 143675 143675 143675 143675 143675 143675 143675 143675 143675 143675 143675 143675 143675 143675 143675 143675 143675 143675 143675 143675 143675 143675 143675 143675 143675 143675 143675 143675 143675 143675 143675 143675 143675 143675 143675 143675 143675 143675 143675 0 0 0 0 0 0 0 0 0 0 0 0 0 0 0 0 0 0 0 0 0 0 0 0 0
#obs catch bio
 0 98142.3 168692 202363 231171 260889 291124 296993 288798 306807 293509 300650 255474 245442 220080 238568 168899 162646 150994 153257 123238 129062 122321 108992 114148 107210 99996.5 94308.8 98661.8 99556.8 98146.5 93847.6 97319.9 102230 94374.1 88690.2 93327.1 84057.6 83220.3 84899 86874.2 93879.4 89814.9 83961.3 85310.7 90763.8 92457.4 92036.3 97659.5 91357.1 94780.3 98078.4
#pred cpue bio
 4.16853e+06 4.00968e+06 3.83989e+06 3.59802e+06 3.33239e+06 3.05556e+06 2.77161e+06 2.48273e+06 2.21395e+06 1.97735e+06 1.74109e+06 1.53427e+06 1.33023e+06 1.17692e+06 1.0393e+06 932457 806977 752937 706888 672002 631364 619901 599563 583737 579935 567566 559582 557304 559653 555503 549401 544589 543479 536804 520746 508571 501069 490990 496377 506783 516422 523973 523215 528734 543437 558879 569334 579557 593172 603247 622867 641083 2.29257e+07 1.3886e+07 1.40913e+07 1.46368e+07 1.5455e+07 1.63437e+07 1.71724e+07 1.78823e+07 1.84589e+07 1.89108e+07 1.92567e+07 1.95174e+07 1.97118e+07 1.98562e+07 1.99632e+07 2.00426e+07 2.01016e+07 2.01456e+07 2.01786e+07 2.02036e+07 2.02224e+07 2.02368e+07 2.02478e+07 2.02562e+07 2.02628e+07 2.02678e+07 2.02717e+07 2.02748e+07 2.02772e+07 2.0279e+07 2.02805e+07 2.02816e+07 2.02825e+07 2.02832e+07 2.02838e+07 2.02842e+07 2.02845e+07 2.02848e+07 2.0285e+07 2.02852e+07 2.02853e+07 2.02854e+07 2.02855e+07 2.02856e+07 2.02856e+07 2.02857e+07 2.02857e+07 2.02858e+07 2.02858e+07 2.02858e+07 2.02858e+07 2.02858e+07 2.02858e+07 2.02858e+07 2.02858e+07 2.02858e+07 2.02858e+07 2.02858e+07 2.02858e+07 2.02858e+07 2.02858e+07 2.02858e+07 2.02858e+07 2.02858e+07 2.02858e+07 2.02858e+07 2.02858e+07 2.02858e+07 2.02858e+07 2.02858e+07 2.02858e+07 2.02858e+07 2.02858e+07 2.02858e+07 2.02858e+07 2.02858e+07 2.02858e+07 2.02858e+07 2.02858e+07 2.02858e+07 2.02858e+07 2.02858e+07 2.02858e+07 2.02858e+07 2.02858e+07 2.02858e+07 2.02858e+07 2.02858e+07 2.02858e+07 2.02858e+07 2.02858e+07 2.02858e+07 2.02858e+07 2.02858e+07 2.02858e+07 2.02858e+07 2.02858e+07 2.02858e+07 2.02858e+07 2.02858e+07 0 0 0 0 0 0 0 0 0 0 0 0 0 0 0 0 0 0 0 0 0 0 0 0 0
#obs cpue bio
 4.72466e+06 2.99933e+06 3.11309e+06 3.0403e+06 3.74326e+06 3.50837e+06 2.3789e+06 1.90835e+06 1.8185e+06 1.60636e+06 1.58251e+06 1.80419e+06 1.46576e+06 1.11306e+06 716820 918473 1.1291e+06 540823 641773 622870 591878 636847 428732 754066 749075 474197 604808 498443 633508 547988 434856 455459 373864 629579 580888 483762 561333 432191 566006 727530 554315 835787 344994 458612 597902 659583 572246 527085 564843 649374 636945 705622
#pred surv len freq
 0.00483392 0.00787513 0.0119022 0.0169112 0.0227884 0.0292258 0.0356957 0.0415826 0.0464157 0.0500261 0.052523 0.0541559 0.0551861 0.0558162 0.0561614 0.0562425 0.0559987 0.0553121 0.0540207 0.0519098 0.0487102 0.0441627 0.0381768 0.0310155 0.0233516
 0.00502084 0.00808784 0.0120591 0.0168939 0.0224904 0.0286195 0.0348747 0.0407387 0.0457535 0.0496622 0.0524338 0.0542029 0.0551984 0.0556799 0.0558736 0.0559111 0.0557936 0.0553887 0.0544468 0.0526305 0.0495696 0.0449723 0.038794 0.0313889 0.0235153
 0.00522196 0.00842022 0.0125619 0.0175876 0.0233495 0.0295465 0.0356982 0.0412598 0.0458332 0.0492974 0.0517626 0.0534252 0.0544662 0.0550364 0.0552764 0.0553109 0.0552024 0.0548892 0.0541428 0.0525768 0.049732 0.0452428 0.0390491 0.0315479 0.0235632
 0.00543337 0.00876258 0.0130757 0.0183118 0.0243153 0.0307625 0.0371272 0.0427963 0.047299 0.050472 0.0524484 0.0535212 0.0540058 0.0541595 0.054155 0.0540817 0.0539507 0.0536771 0.0530375 0.0516457 0.0490117 0.0447187 0.0386671 0.0312497 0.0233146
 0.00570353 0.00918688 0.0136872 0.0191334 0.0253587 0.0320262 0.0385904 0.044411 0.0489832 0.0521053 0.0538732 0.0545601 0.0545008 0.0540243 0.0534084 0.0528395 0.0523802 0.0519479 0.0512945 0.0500039 0.0475548 0.0434942 0.0376852 0.030493 0.0227541
 0.00598478 0.00963863 0.0143565 0.020059 0.0265633 0.0335045 0.0402976 0.046263 0.0508705 0.0539137 0.055495 0.05589 0.0554264 0.0544301 0.0532025 0.051991 0.0509446 0.0500611 0.0491407 0.0477759 0.0454236 0.0415907 0.0360922 0.0292443 0.0218404
 0.00624524 0.0100626 0.0149958 0.0209629 0.0277695 0.0350249 0.042103 0.048275 0.0529704 0.0559636 0.0573604 0.0574531 0.0565886 0.0551056 0.053314 0.0514777 0.0497846 0.0482992 0.046901 0.0452492 0.0428334 0.0391516 0.0339734 0.0275464 0.0205888
 0.00652524 0.0105121 0.0156624 0.0218886 0.0289856 0.0365422 0.0438991 0.0502871 0.0550986 0.0580842 0.0593414 0.0591672 0.0579225 0.0559645 0.0536215 0.0511745 0.048834 0.0467041 0.0447283 0.0426454 0.0400167 0.0363756 0.0314745 0.0254928 0.019052
 0.00679789 0.0109512 0.0163157 0.0227984 0.0301817 0.0380309 0.0456514 0.0522344 0.0571414 0.0601095 0.0612376 0.0608311 0.0592594 0.0568872 0.0540511 0.0510425 0.0480887 0.0453235 0.0427422 0.0401585 0.0372176 0.0335171 0.0288215 0.023259 0.0173504
 0.00701739 0.0113105 0.0168612 0.0235756 0.0312272 0.0393598 0.0472432 0.0540274 0.0590407 0.0620044 0.0630193 0.0624027 0.0605383 0.0578025 0.0545384 0.0510407 0.0475422 0.0441937 0.0410299 0.0379309 0.0346272 0.0307931 0.0262275 0.0210266 0.0156196
 0.00726374 0.0117094 0.0174588 0.0244145 0.0323391 0.0407539 0.0488932 0.0558651 0.0609634 0.0638924 0.0647549 0.0638841 0.0616862 0.0585602 0.0548664 0.0509076 0.0469179 0.0430529 0.0393688 0.0357957 0.0321391 0.0281523 0.0236808 0.0188049 0.0138747
 0.00743249 0.0119941 0.0179067 0.0250765 0.0332601 0.0419563 0.0503609 0.057537 0.0627421 0.065663 0.0664031 0.0653083 0.0628036 0.0593094 0.0552058 0.0508106 0.0463666 0.0420356 0.0378889 0.0338922 0.0299114 0.0257694 0.0213594 0.0167574 0.012249
 0.00779521 0.01255 0.0186815 0.0260745 0.0344687 0.0433519 0.0519091 0.0591874 0.0644235 0.0672857 0.067868 0.06652 0.0636834 0.0598033 0.0552854 0.0504671 0.0456024 0.0408596 0.0363201 0.0319753 0.0277366 0.0234835 0.0191509 0.0148136 0.0107032
 0.00815074 0.0131062 0.0194767 0.0271262 0.0357676 0.0448557 0.0535384 0.0608329 0.0659694 0.0686377 0.0689694 0.0673465 0.0642243 0.0600463 0.0552126 0.0500603 0.0448497 0.03976 0.0348887 0.0302532 0.025804 0.0214664 0.0172088 0.0131054 0.0093425
 0.00840937 0.0135371 0.020143 0.0280897 0.0370707 0.0464957 0.0554441 0.0628617 0.0679339 0.0703514 0.0702897 0.0681979 0.0645975 0.059979 0.0547629 0.0492832 0.0437851 0.0384342 0.033326 0.0284923 0.0239138 0.0195527 0.0154041 0.0115393 0.00810524
 0.00846409 0.0136491 0.0203558 0.0284616 0.0376662 0.0473674 0.0566117 0.0642959 0.0695503 0.0720173 0.071844 0.0694807 0.0654839 0.0604031 0.0547225 0.0488236 0.0429735 0.0373373 0.0320024 0.0269988 0.0223197 0.0179496 0.0139006 0.0102397 0.00708102
 0.00885799 0.0142448 0.0211698 0.0294828 0.0388632 0.0487011 0.0580412 0.0657751 0.0710209 0.0734046 0.0730576 0.0704224 0.0660617 0.0605497 0.0544112 0.0480756 0.0418509 0.0359267 0.0303966 0.0252876 0.0205909 0.0162934 0.0124079 0.00898861 0.00611758
 0.00893367 0.0143696 0.0213604 0.0297536 0.0392219 0.0491432 0.0585482 0.0663209 0.0715859 0.0739861 0.0736665 0.0710636 0.0667102 0.0611408 0.0548523 0.0482752 0.0417482 0.0355082 0.0296956 0.0243724 0.0195502 0.0152238 0.0114028 0.00812482 0.00544194
 0.00892909 0.0143771 0.0213992 0.0298513 0.0394079 0.0494374 0.0589512 0.06681 0.0721202 0.0745195 0.0741621 0.0715026 0.0670912 0.0614664 0.0551123 0.0484364 0.0417611 0.0353271 0.0293006 0.0237819 0.0188193 0.0144322 0.0106358 0.00745472 0.00491372
 0.0088777 0.0142992 0.0212936 0.0297239 0.0392738 0.0493227 0.0588915 0.0668437 0.0722763 0.0748045 0.0745542 0.0719588 0.067562 0.0619099 0.0554994 0.0487449 0.0419669 0.0354013 0.029218 0.0235353 0.0184307 0.0139522 0.0101317 0.00699135 0.00453655
 0.00902633 0.0145132 0.0215645 0.0300258 0.039571 0.0495817 0.0590914 0.0669808 0.072362 0.0748596 0.0746013 0.072014 0.067629 0.0619803 0.0555568 0.0487715 0.041946 0.035317 0.0290555 0.0232862 0.0181011 0.0135677 0.00973392 0.00662566 0.00423757
 0.00899093 0.0144583 0.0214864 0.0299216 0.0394372 0.0494142 0.0588877 0.0667451 0.0721119 0.0746291 0.0744366 0.0719606 0.0677158 0.0622076 0.0558953 0.0491708 0.0423481 0.0356689 0.0293168 0.0234336 0.0181309 0.0134966 0.00959513 0.00645986 0.00408104
 0.00896471 0.0144282 0.0214638 0.0299237 0.039481 0.0495071 0.0590198 0.066889 0.0722301 0.0746877 0.0744184 0.0718735 0.0675912 0.0620896 0.0558239 0.0491667 0.0424063 0.0357626 0.0294091 0.0234906 0.0181321 0.0134397 0.00949461 0.00634008 0.0039666
 0.00898274 0.0144437 0.0214628 0.0298873 0.0393945 0.0493707 0.0588558 0.0667363 0.0721278 0.0746566 0.0744519 0.0719439 0.0676672 0.0621529 0.0558755 0.0492215 0.0424796 0.0358584 0.0295159 0.0235867 0.0181959 0.0134596 0.0094732 0.00629117 0.00390828
 0.00887248 0.0142786 0.0212398 0.0296118 0.0390762 0.0490204 0.0584846 0.0663612 0.071778 0.0743741 0.074283 0.071922 0.0677982 0.0624121 0.0562187 0.0496026 0.0428634 0.036223 0.0298469 0.0238711 0.0184216 0.0136193 0.00956887 0.00633468 0.00391732
 0.00886506 0.0142609 0.0212031 0.0295455 0.0389716 0.0488754 0.058307 0.0661663 0.0715828 0.0741922 0.0741244 0.0717983 0.0677253 0.0624065 0.0562893 0.0497435 0.0430556 0.036441 0.0300665 0.0240726 0.0185906 0.013747 0.00965322 0.0063808 0.00393555
 0.00889304 0.0142934 0.0212282 0.0295433 0.0389197 0.0487564 0.0581164 0.0659159 0.0712989 0.0739088 0.0738754 0.0716102 0.067614 0.062378 0.0563418 0.0498696 0.0432418 0.0366675 0.030309 0.0243068 0.0187963 0.0139111 0.00977123 0.00645611 0.00397716
 0.00887354 0.0142629 0.0211837 0.0294817 0.0388357 0.0486426 0.0579639 0.0657184 0.0710585 0.0736408 0.0736084 0.0713805 0.0674555 0.0623129 0.0563769 0.0499969 0.0434433 0.0369191 0.0305842 0.024579 0.0190422 0.0141144 0.00992419 0.00656018 0.00404056
 0.00890333 0.0142939 0.0211987 0.0294546 0.0387403 0.0484636 0.0577062 0.0654074 0.0707299 0.0733289 0.0733386 0.0711698 0.0673165 0.0622565 0.0564103 0.05012 0.0436456 0.0371806 0.0308782 0.0248769 0.0193178 0.0143479 0.0101051 0.00668762 0.00412174
 0.00897758 0.0144117 0.021369 0.02968 0.0390114 0.0487541 0.0579719 0.0655934 0.0707885 0.0732376 0.0731094 0.0708426 0.0669443 0.0618899 0.0560897 0.0498732 0.0434873 0.0371123 0.0308889 0.024946 0.0194197 0.0144578 0.010204 0.00676485 0.00417479
 0.0089297 0.0143567 0.0213283 0.0296874 0.0391031 0.0489536 0.0582755 0.0659653 0.0711673 0.0735527 0.0732996 0.0708731 0.0668152 0.0616343 0.0557612 0.0495301 0.043179 0.0368713 0.0307287 0.0248631 0.0193983 0.0144762 0.0102407 0.00680348 0.00420614
 0.00881952 0.0141905 0.0211038 0.0294149 0.0388078 0.0486757 0.0580661 0.0658768 0.0712353 0.0737782 0.0736416 0.071259 0.0671648 0.0618866 0.055891 0.0495491 0.0431242 0.0367877 0.0306544 0.0248203 0.0193922 0.014499 0.0102787 0.00684347 0.0042394
 0.00863113 0.0139042 0.0207107 0.0289215 0.0382364 0.0480628 0.0574629 0.0653472 0.0708492 0.0735966 0.0736991 0.0715499 0.0676405 0.0624667 0.0564858 0.0500849 0.0435601 0.0371182 0.0308984 0.0250053 0.0195408 0.0146234 0.0103819 0.00692451 0.00429773
 0.00839917 0.0135559 0.0202406 0.0283446 0.0375849 0.0473798 0.0567975 0.064752 0.0703765 0.0732924 0.0735967 0.0716643 0.0679646 0.0629681 0.0571079 0.0507556 0.044208 0.0376895 0.0313669 0.0253702 0.0198171 0.0148298 0.0105338 0.00703295 0.00437101
 0.00847039 0.0136305 0.0202777 0.0282842 0.0373673 0.0469752 0.0562281 0.0640913 0.0697244 0.0727411 0.0732072 0.0714631 0.0679524 0.0631303 0.0574183 0.0511761 0.044689 0.0381771 0.0318143 0.0257472 0.0201133 0.0150501 0.0106907 0.00714009 0.00444069
 0.00924405 0.0147271 0.0216277 0.0297157 0.0386476 0.0478822 0.0566144 0.0639136 0.0690394 0.0716821 0.071951 0.0701917 0.0668155 0.0622218 0.056773 0.0507817 0.044504 0.0381453 0.0318767 0.0258522 0.0202234 0.0151444 0.0107622 0.00718999 0.00447338
 0.00984155 0.0156866 0.0230401 0.0316314 0.0410359 0.0505844 0.0593211 0.0662074 0.0705115 0.0720751 0.0712467 0.0685974 0.0646698 0.0598788 0.0545185 0.0487973 0.0428717 0.0368722 0.0309248 0.0251636 0.0197383 0.014811 0.0105398 0.00704768 0.00438752
 0.00969446 0.0155652 0.0230754 0.0320187 0.0419842 0.0522314 0.0616518 0.0690159 0.0734287 0.074649 0.0730537 0.0693525 0.0643021 0.0585398 0.0525187 0.046501 0.0405978 0.0348383 0.0292388 0.0238471 0.0187603 0.0141166 0.0100691 0.00674494 0.0042044
 0.00930025 0.0149602 0.0222401 0.0309815 0.0408417 0.0511634 0.060914 0.0688887 0.0741175 0.0761773 0.0752099 0.0717349 0.0664457 0.0600674 0.053247 0.0464649 0.0399958 0.0339352 0.0282747 0.0229848 0.0180763 0.0136218 0.00973732 0.00653713 0.00408266
 0.00913982 0.0146776 0.0217762 0.0302731 0.0398433 0.0498826 0.0594457 0.0674282 0.0729356 0.0755559 0.0753556 0.072697 0.0680752 0.0620458 0.0551846 0.0480288 0.0410073 0.034395 0.0283153 0.0227883 0.0178018 0.0133696 0.00954926 0.00641568 0.00401269
 0.00913642 0.0146573 0.0217162 0.0301373 0.0395843 0.0494496 0.0587995 0.0665625 0.0719012 0.0744774 0.0744253 0.0721327 0.0680495 0.0626116 0.0562382 0.0493358 0.0422869 0.0354206 0.0289813 0.0231141 0.0178854 0.013326 0.00946655 0.00634161 0.00396255
 0.00926186 0.0148364 0.0219387 0.0303751 0.0397951 0.0495841 0.0588085 0.066402 0.0715399 0.0739104 0.0736913 0.0713276 0.0673194 0.0621186 0.056103 0.0495846 0.0428325 0.0360966 0.0296113 0.0235789 0.0181514 0.0134288 0.00947147 0.00630737 0.00392495
 0.00936847 0.0150166 0.0222206 0.0307837 0.0403398 0.0502424 0.0595141 0.0670496 0.0720087 0.0740983 0.0735442 0.0708537 0.0665899 0.0612574 0.0552626 0.0489071 0.0424059 0.0359267 0.0296285 0.0236781 0.0182422 0.0134663 0.00945582 0.00626275 0.00387664
 0.00934058 0.0149814 0.0221876 0.0307711 0.0403734 0.0503512 0.0597217 0.067363 0.0724062 0.0745237 0.0739138 0.0710787 0.066607 0.0610535 0.0548837 0.0484457 0.0419699 0.0356012 0.029448 0.0236225 0.0182586 0.0135004 0.00947527 0.00626058 0.00386112
 0.00924222 0.0148262 0.0219639 0.0304742 0.0400106 0.049947 0.059322 0.0670316 0.0722106 0.0745134 0.0741001 0.0714249 0.0670365 0.0614735 0.0552166 0.0486551 0.0420686 0.0356372 0.0294756 0.0236758 0.0183408 0.0135929 0.00955519 0.00631515 0.00389043
 0.0092226 0.0147842 0.0218822 0.0303309 0.039785 0.0496298 0.0589243 0.0665892 0.0717803 0.0741619 0.0738888 0.0713943 0.0671924 0.061782 0.0556119 0.0490609 0.042424 0.0359142 0.0296795 0.0238302 0.0184677 0.0137022 0.00964558 0.00638225 0.0039336
 0.00932491 0.0149326 0.0220715 0.0305421 0.0399879 0.0497875 0.0590005 0.0665548 0.0716223 0.0738915 0.0735447 0.0710361 0.0668853 0.0615767 0.0555296 0.0490881 0.042522 0.0360374 0.0297937 0.0239206 0.0185357 0.0137549 0.00968783 0.00641516 0.00395677
 0.00935572 0.0149917 0.0221758 0.0307103 0.0402316 0.0501005 0.0593501 0.0668841 0.071865 0.0739928 0.0734796 0.0708167 0.0665564 0.0612027 0.0551763 0.0488049 0.0423305 0.0359313 0.0297489 0.02391 0.0185393 0.0137626 0.00969632 0.00642328 0.00396366
 0.00926581 0.014864 0.0220188 0.0305456 0.040091 0.0500184 0.0593546 0.0669888 0.0720613 0.0742475 0.0737398 0.0710251 0.0666706 0.0612101 0.0550964 0.0486792 0.0422043 0.0358374 0.0296998 0.0239001 0.0185538 0.0137868 0.00972043 0.00644276 0.00397748
 0.00928053 0.0148752 0.0220129 0.0305048 0.040001 0.0498795 0.0591895 0.0668395 0.0719754 0.0742585 0.0738522 0.0712117 0.0668822 0.0613935 0.0552131 0.0487168 0.0421771 0.0357758 0.0296349 0.0238522 0.0185293 0.0137814 0.00972578 0.00645167 0.00398568
 0.00906934 0.0145713 0.0216282 0.0300735 0.0395679 0.0494827 0.0588492 0.066561 0.071763 0.0741277 0.0738302 0.0713238 0.0671334 0.0617585 0.0556405 0.0491469 0.0425616 0.03609 0.0298777 0.0240365 0.0186705 0.0138905 0.00980871 0.00651159 0.00402579
 0.00849583 0.0137333 0.0205437 0.0288239 0.0382804 0.0482965 0.057885 0.0659035 0.0714525 0.0741583 0.0741569 0.0718798 0.0678511 0.0625806 0.0565184 0.0500334 0.0434081 0.0368527 0.0305266 0.0245606 0.019075 0.0141903 0.0100216 0.00665525 0.00411677
#obs surv len freq
 nan nan nan nan nan nan nan nan nan nan nan nan nan nan nan nan nan nan nan nan nan nan nan nan nan
 0.00448831 0.00735124 0.0111826 0.0159996 0.0217002 0.0279747 0.0342872 0.0400168 0.0446947 0.0481572 0.050514 0.0520089 0.0529003 0.053412 0.0537258 0.0539803 0.0542586 0.0545512 0.0546898 0.0542817 0.0527198 0.0493522 0.0438024 0.0362831 0.0276675
 0.00461374 0.00755916 0.0115025 0.0164602 0.0223221 0.0287592 0.0352056 0.0410077 0.0456736 0.049034 0.0512104 0.0524699 0.0530991 0.0533489 0.0534237 0.0534771 0.0535979 0.0537759 0.0538391 0.0533926 0.0518314 0.0485077 0.0430469 0.0356546 0.0271871
 0.00477835 0.00782619 0.0119036 0.0170251 0.0230737 0.0297054 0.0363291 0.0422599 0.046977 0.0502919 0.0523208 0.0533392 0.0536538 0.0535454 0.053252 0.0529588 0.0527787 0.0527156 0.0526044 0.0520538 0.0504635 0.0471908 0.0418604 0.034664 0.0264286
 0.00497514 0.00814819 0.0123919 0.0177189 0.0240021 0.0308753 0.0377132 0.0437928 0.0485653 0.0518313 0.0537106 0.0544882 0.0544822 0.0539876 0.0532636 0.0525236 0.0519131 0.051468 0.0510502 0.0502909 0.048608 0.0453706 0.0402017 0.0332701 0.0253573
 0.00517966 0.00848618 0.0129108 0.0184666 0.0250177 0.032174 0.0392709 0.0455406 0.0503985 0.0536291 0.0553555 0.0558774 0.0555309 0.0546279 0.0534432 0.0522077 0.0510902 0.0501582 0.049313 0.0482291 0.0463649 0.0431187 0.0381178 0.0315014 0.0239898
 0.00541205 0.00886483 0.0134826 0.0192767 0.026102 0.033547 0.0409118 0.0473866 0.0523511 0.05557 0.0571635 0.0574403 0.0567519 0.0554285 0.0537626 0.0520019 0.0503336 0.0488508 0.0474935 0.0459893 0.0438565 0.0405427 0.0356936 0.0294195 0.0223671
 0.00565374 0.00925933 0.0140793 0.0201226 0.0272329 0.034974 0.042607 0.0492788 0.0543364 0.0575321 0.0589903 0.0590324 0.0580227 0.0563022 0.0541738 0.0518959 0.0496698 0.0476106 0.0456957 0.0437089 0.0412392 0.0378002 0.0330706 0.0271386 0.0205729
 0.00588861 0.00964567 0.0146692 0.0209672 0.028373 0.0364237 0.0443378 0.0512143 0.0563639 0.059525 0.0608297 0.0606183 0.0592762 0.0571608 0.0545854 0.0518136 0.0490518 0.0464281 0.0439503 0.0414568 0.0386118 0.0350056 0.0303624 0.0247576 0.0186833
 0.00613863 0.0100563 0.0152948 0.0218612 0.0295771 0.0379516 0.0461582 0.0532444 0.0584812 0.0615907 0.0627123 0.0622083 0.0604915 0.0579451 0.0549016 0.0516347 0.0483541 0.0451926 0.0421775 0.0391919 0.0359716 0.032186 0.0276135 0.0223248 0.0167404
 0.00637545 0.0104435 0.015882 0.0226965 0.0306985 0.0393732 0.0478551 0.0551466 0.0604814 0.0635633 0.0645328 0.0637664 0.0616977 0.0587336 0.0552287 0.0514739 0.0476888 0.0440142 0.0404931 0.0370452 0.0334678 0.029504 0.0249867 0.0199877 0.0148639
 0.00662997 0.0108592 0.016511 0.0235877 0.0318875 0.0408666 0.0496147 0.0570858 0.0624781 0.0654852 0.0662591 0.0651994 0.0627648 0.0593839 0.0554294 0.0512058 0.0469428 0.0427898 0.038805 0.0349403 0.031046 0.0269301 0.0224746 0.0177543 0.013069
 0.00684566 0.0112178 0.0170651 0.0243909 0.0329828 0.0422684 0.0512912 0.0589527 0.0644122 0.0673486 0.0679242 0.0665638 0.0637557 0.0599572 0.0555632 0.0508929 0.0461845 0.0415942 0.0371931 0.0329603 0.0287921 0.024552 0.020164 0.0157047 0.0114226
 0.00708065 0.0115984 0.0176355 0.0251917 0.034044 0.0435976 0.0528605 0.0606923 0.0662168 0.0690947 0.0694892 0.0678416 0.0646668 0.0604524 0.0556218 0.0505162 0.0453869 0.0403979 0.0356304 0.0310845 0.0266932 0.022365 0.0180579 0.0138475 0.00993645
 0.00727167 0.0119162 0.0181267 0.025903 0.0350112 0.0448292 0.0543224 0.0623048 0.0678689 0.0706684 0.0708796 0.0689654 0.0654626 0.0608786 0.0556558 0.0501534 0.0446381 0.0392868 0.0341941 0.0293801 0.0248073 0.0204194 0.0161993 0.0122186 0.00863865
 0.00748264 0.0122577 0.018638 0.0266197 0.0359585 0.0460108 0.0557083 0.0638261 0.0694244 0.0721424 0.072162 0.0699673 0.0661244 0.0611704 0.0555723 0.0497059 0.0438482 0.0381843 0.0328188 0.0277886 0.0230812 0.0186675 0.0145477 0.0107862 0.00750649
 0.00754279 0.012365 0.0188175 0.0269019 0.0363743 0.0465828 0.0564418 0.0647038 0.0704084 0.0731788 0.073186 0.0709074 0.0669079 0.0617317 0.0558607 0.0496913 0.0435218 0.0375567 0.0319192 0.0266665 0.0218097 0.017343 0.0132798 0.00967654 0.00662489
 0.0075978 0.012447 0.0189282 0.0270406 0.0365424 0.0467886 0.0567025 0.065042 0.0708434 0.0737159 0.07381 0.0715814 0.0675776 0.0623326 0.0563268 0.0499637 0.0435571 0.0373329 0.0314399 0.0259628 0.0209406 0.0163915 0.0123413 0.00884031 0.00595311
 0.00767593 0.0125632 0.0190827 0.027226 0.036745 0.0469922 0.0568928 0.0652119 0.0709973 0.0738717 0.0739947 0.0718199 0.0678788 0.0626802 0.0566793 0.0502625 0.0437399 0.0373478 0.0312572 0.0255831 0.0203972 0.0157467 0.0116741 0.00822789 0.00545186
 0.00774411 0.0126695 0.0192334 0.0274227 0.036982 0.0472552 0.0571584 0.0654503 0.0711809 0.0739861 0.0740456 0.0718327 0.0678894 0.0627198 0.0567608 0.0503728 0.0438418 0.0373912 0.0311949 0.0253877 0.0200715 0.0153248 0.0112126 0.00778846 0.00508335
 0.00777469 0.0127175 0.0193026 0.0275151 0.0370983 0.0473932 0.0573122 0.0656097 0.0713315 0.0741123 0.074135 0.0718811 0.0679038 0.0627179 0.0567635 0.0503944 0.0438801 0.0374246 0.0311895 0.0253106 0.0199063 0.0150806 0.010922 0.00749566 0.00482799
 0.00782335 0.0127884 0.0193941 0.0276207 0.0372085 0.0474993 0.0574088 0.0656947 0.0714053 0.0741751 0.0741853 0.0719157 0.0679197 0.0627151 0.0567473 0.0503737 0.0438625 0.0374094 0.0311648 0.0252568 0.0198067 0.0149316 0.0107376 0.00730221 0.00465343
 0.00788195 0.0128783 0.0195191 0.0277795 0.0373938 0.0476973 0.0576 0.0658568 0.071519 0.0742307 0.0741853 0.0718722 0.067848 0.0626282 0.0566542 0.0502803 0.0437731 0.037326 0.0310847 0.0251723 0.0197079 0.0148131 0.0106033 0.00716516 0.00452993
 0.00787095 0.0128661 0.019511 0.0277838 0.0374193 0.0477496 0.0576777 0.0659514 0.0716167 0.0743168 0.0742488 0.0719083 0.0678585 0.0626196 0.0566342 0.0502555 0.043747 0.0372994 0.0310554 0.0251361 0.0196596 0.0147499 0.0105271 0.0070836 0.00445353
 0.00789136 0.0128909 0.0195335 0.0277939 0.0374078 0.0477145 0.0576277 0.0659043 0.0715916 0.0743251 0.0742894 0.0719693 0.0679238 0.062676 0.056675 0.0502801 0.0437587 0.0373017 0.03105 0.0251224 0.0196359 0.0147149 0.0104823 0.00703398 0.00440572
 0.00789353 0.0128914 0.0195282 0.0277763 0.0373698 0.0476485 0.0575297 0.0657774 0.0714488 0.0741889 0.0741864 0.0719215 0.0679404 0.0627502 0.0567881 0.0504098 0.043886 0.0374143 0.0311421 0.0251914 0.0196814 0.0147379 0.0104861 0.00702379 0.00438839
 0.00789214 0.0128883 0.0195219 0.0277645 0.0373495 0.0476159 0.0574811 0.0657098 0.0713618 0.0740863 0.0740784 0.0718245 0.0678731 0.0627282 0.0568174 0.0504844 0.0439906 0.03753 0.0312521 0.0252844 0.0197516 0.0147842 0.010511 0.0070323 0.00438652
 0.00789042 0.0128814 0.019504 0.027728 0.0372874 0.0475252 0.0573656 0.06558 0.0712315 0.0739684 0.0739819 0.071755 0.0678348 0.062725 0.0568532 0.0505597 0.0441003 0.0376623 0.0313911 0.0254144 0.0198607 0.0148666 0.0105663 0.00706466 0.0044022
 0.00787678 0.0128584 0.0194679 0.0276745 0.0372122 0.0474253 0.0572409 0.0654353 0.0710769 0.0738187 0.073854 0.0716637 0.0677896 0.062729 0.0569039 0.0506514 0.0442249 0.0378097 0.0315486 0.0255678 0.019997 0.0149766 0.0106467 0.00711733 0.00443286
 0.00788058 0.0128609 0.0194649 0.0276596 0.0371786 0.0473678 0.0571584 0.0653308 0.0709573 0.073693 0.0737325 0.0715574 0.0677097 0.062685 0.0569015 0.0506914 0.044303 0.0379176 0.0316749 0.0256994 0.0201211 0.0150827 0.0107288 0.00717452 0.00446853
 0.00785852 0.0128264 0.0194153 0.0275933 0.0370945 0.0472662 0.0570412 0.0652024 0.0708251 0.0735666 0.0736228 0.0714744 0.0676611 0.0626752 0.056932 0.0507607 0.0444067 0.0380481 0.0318219 0.0258506 0.0202639 0.0152066 0.0108269 0.00724512 0.00451442
 0.00783103 0.0127794 0.0193406 0.0274826 0.0369425 0.0470743 0.0568203 0.0649729 0.0706115 0.0733914 0.0735008 0.0714118 0.0676576 0.0627262 0.0570305 0.0508984 0.0445745 0.0382358 0.0320183 0.0260439 0.0204421 0.0153595 0.0109481 0.0073333 0.00457278
 0.00780678 0.0127385 0.0192763 0.0273876 0.0368102 0.0469015 0.0566103 0.0647371 0.0703693 0.0731669 0.0733187 0.0712923 0.0676118 0.0627554 0.0571272 0.0510495 0.0447646 0.0384494 0.0322405 0.0262606 0.0206407 0.0155297 0.0110835 0.0074325 0.00463917
 0.00778498 0.0127018 0.0192188 0.0273029 0.0366929 0.046749 0.0564253 0.0645283 0.0701504 0.0729552 0.0731324 0.0711494 0.0675275 0.0627398 0.0571828 0.0511707 0.0449384 0.0386588 0.0324669 0.0264861 0.0208496 0.01571 0.0112279 0.00753894 0.004711
 0.00774664 0.0126418 0.0191326 0.0271879 0.0365487 0.0465777 0.0562325 0.0643234 0.0699462 0.0727659 0.0729718 0.0710296 0.0674587 0.0627293 0.0572342 0.0512828 0.0451043 0.0388657 0.0326975 0.0267212 0.0210711 0.0159031 0.0113835 0.00765438 0.0047893
 0.00935036 0.0148839 0.021833 0.0299543 0.0388914 0.0480924 0.0567437 0.0639112 0.0688589 0.0712951 0.0713605 0.0694399 0.0659825 0.061412 0.0560954 0.0503277 0.0443295 0.0382609 0.0322462 0.0264019 0.0208587 0.0157719 0.0113092 0.00761659 0.00477256
 0.00931729 0.0151298 0.0227312 0.0319688 0.0423748 0.0530122 0.0625099 0.0694732 0.0730807 0.0734049 0.0712063 0.0674278 0.0627969 0.0577232 0.0523934 0.0468984 0.0413065 0.0356893 0.0301265 0.0247115 0.019561 0.0148194 0.0106463 0.00718272 0.00450794
 0.00895365 0.014558 0.0219288 0.0309861 0.0413889 0.0523644 0.0626651 0.0708554 0.075822 0.0771578 0.075187 0.0707153 0.064718 0.0580859 0.0514558 0.0451517 0.0392414 0.033662 0.0283364 0.0232394 0.018417 0.0139765 0.0100595 0.00679935 0.00427472
 0.00879012 0.0142763 0.0214766 0.0303083 0.0404484 0.0511792 0.0613535 0.0696642 0.0751048 0.0772766 0.0763519 0.072836 0.0673713 0.0606545 0.0533784 0.0461368 0.0393247 0.0331058 0.0274666 0.0223221 0.0176118 0.0133483 0.009612 0.00650535 0.00409635
 0.00871943 0.0141571 0.0212877 0.030024 0.0400394 0.0506183 0.0606276 0.0687937 0.0741673 0.0764244 0.0758038 0.0728209 0.0680283 0.0619357 0.0550241 0.0477612 0.0405753 0.0337989 0.0276244 0.0221073 0.0172237 0.0129441 0.0092782 0.00626832 0.00394688
 0.00869082 0.0141075 0.0212069 0.0298995 0.0398575 0.0503661 0.0602953 0.0683767 0.0736697 0.0758682 0.0752422 0.0723506 0.0677815 0.062039 0.0555333 0.0486085 0.0415736 0.0347137 0.0282736 0.0224271 0.0172658 0.0128205 0.00909886 0.00610494 0.00382859
 0.0087174 0.014145 0.0212524 0.0299454 0.0398923 0.0503753 0.0602631 0.0682873 0.0735093 0.0756284 0.0749264 0.0719816 0.0674095 0.0617421 0.0554001 0.0487027 0.0418943 0.0351817 0.0287595 0.0228095 0.0174814 0.0128778 0.00905276 0.00601851 0.00374612
 0.00866442 0.0140718 0.0211659 0.0298594 0.0398227 0.0503327 0.0602471 0.0682857 0.073503 0.0755974 0.0748557 0.071865 0.0672536 0.0615704 0.055254 0.0486337 0.0419443 0.0353591 0.0290273 0.0230978 0.0177197 0.0130259 0.0091112 0.00601567 0.00371639
 0.00866394 0.0140636 0.0211408 0.0298063 0.0397343 0.0502121 0.0601119 0.0681638 0.0734203 0.0755654 0.0748654 0.0718919 0.0672705 0.06156 0.0552179 0.0485925 0.0419301 0.0354003 0.0291327 0.0232494 0.0178805 0.0131584 0.00919494 0.006052 0.00372084
 0.00867504 0.014081 0.0211652 0.0298365 0.0397655 0.0502355 0.0601153 0.0681364 0.0733592 0.0754797 0.0747736 0.0718133 0.0672149 0.0615246 0.0551921 0.0485684 0.04191 0.0353962 0.0291577 0.0233071 0.0179603 0.0132405 0.0092607 0.00609256 0.00373843
 0.00865335 0.0140527 0.0211354 0.029814 0.0397601 0.0502536 0.060156 0.0681903 0.0734108 0.0755129 0.0747777 0.0717874 0.0671675 0.0614689 0.0551396 0.0485253 0.0418781 0.0353772 0.0291549 0.0233233 0.0179938 0.0132835 0.00930227 0.00612416 0.00375712
 0.00863567 0.0140213 0.0210839 0.0297366 0.0396547 0.0501262 0.0600229 0.0680752 0.0733366 0.0754922 0.0748074 0.0718516 0.0672458 0.0615447 0.055205 0.04858 0.0419257 0.0354219 0.0292 0.0233707 0.0180435 0.0133327 0.00934636 0.00615882 0.00378047
 0.0086274 0.0140076 0.0210624 0.0297044 0.0396085 0.0500627 0.0599405 0.0679765 0.0732307 0.0753943 0.0747356 0.0718199 0.0672585 0.0615948 0.0552781 0.0486607 0.0420034 0.0354918 0.0292622 0.023427 0.018095 0.0133792 0.00938625 0.00619015 0.00380245
 0.00861488 0.0139895 0.0210393 0.029678 0.0395809 0.0500351 0.0599121 0.0679448 0.0731925 0.0753482 0.0746841 0.0717702 0.0672211 0.0615795 0.0552895 0.0486963 0.0420551 0.0355503 0.0293199 0.02348 0.018142 0.0134197 0.00941979 0.00621624 0.00382101
 0.00862451 0.0139987 0.0210417 0.0296644 0.0395424 0.049968 0.0598216 0.0678437 0.0730969 0.0752708 0.0746308 0.0717406 0.067212 0.0615883 0.0553157 0.0487397 0.0421139 0.0356195 0.0293929 0.0235499 0.0182041 0.0134715 0.00946047 0.00624626 0.00384157
 0.00862451 0.0139987 0.0210417 0.0296644 0.0395424 0.049968 0.0598216 0.0678437 0.0730969 0.0752708 0.0746308 0.0717406 0.067212 0.0615883 0.0553157 0.0487397 0.0421139 0.0356195 0.0293929 0.0235499 0.0182041 0.0134715 0.00946047 0.00624626 0.00384157
 0.00874097 0.0141913 0.0213356 0.0300803 0.0400862 0.0506177 0.0605187 0.0684991 0.0736134 0.0755735 0.0746874 0.0715646 0.0668496 0.061101 0.0547659 0.048182 0.0415902 0.0351577 0.0290071 0.0232432 0.0179717 0.0133041 0.00934656 0.00617366 0.00379863
#pred catch len freq
 0.00452179 0.00714988 0.0104193 0.0142461 0.0185776 0.023374 0.0285368 0.0338726 0.0391304 0.0440671 0.0484892 0.0522691 0.0553494 0.0577313 0.0594417 0.0604955 0.0608751 0.0605241 0.0593377 0.0571402 0.0536784 0.0486946 0.042106 0.0342122 0.0257599
 0.00471763 0.00739045 0.0106416 0.0143539 0.0184807 0.0230423 0.0280342 0.0333393 0.0387148 0.0438462 0.0484282 0.0522433 0.0552144 0.0574007 0.0589365 0.0599451 0.0604689 0.0604325 0.0596354 0.0577684 0.0544688 0.0494443 0.042663 0.0345238 0.0258653
 0.00494417 0.007748 0.0111537 0.0150196 0.0192574 0.0238319 0.0286893 0.033704 0.038694 0.0434614 0.0478122 0.0515668 0.054592 0.0568452 0.0583906 0.059361 0.0598716 0.0599237 0.0593356 0.0577408 0.0546761 0.0497676 0.0429657 0.0347163 0.0259312
 0.00518602 0.00812668 0.0116983 0.0157512 0.0201891 0.0249629 0.0299879 0.0350848 0.0400055 0.0445067 0.0484079 0.0516158 0.0541239 0.0559917 0.057313 0.0581851 0.0586752 0.0587675 0.0582909 0.0568802 0.0540376 0.0493307 0.0426659 0.0344855 0.0257302
 0.00549386 0.00859854 0.0123565 0.0166016 0.0212264 0.0261778 0.0313679 0.036605 0.0416126 0.0461019 0.0498394 0.0526954 0.0546733 0.0559043 0.0565955 0.0569505 0.0570956 0.0570204 0.0565298 0.055227 0.0525802 0.0481164 0.0417007 0.0337462 0.0251831
 0.0058236 0.00911118 0.013085 0.0175625 0.0224204 0.0275901 0.0329659 0.0383364 0.0434073 0.047877 0.0514988 0.0541238 0.0557321 0.0564458 0.0564983 0.0561655 0.0556735 0.0551047 0.0543195 0.0529315 0.0503839 0.0461584 0.0400666 0.0324686 0.0242497
 0.00614697 0.00961764 0.0138125 0.0185369 0.0236552 0.0290851 0.0347003 0.0402604 0.0454397 0.0499105 0.0534123 0.0557936 0.057039 0.0572757 0.0567448 0.0557429 0.0545449 0.0533116 0.0519951 0.0502842 0.047658 0.0435875 0.0378331 0.0306799 0.0229322
 0.00648661 0.0101454 0.014563 0.0195303 0.0249 0.0305808 0.0364336 0.0421969 0.0475159 0.0520325 0.055461 0.0576354 0.0585398 0.0583126 0.0572125 0.0555571 0.0536507 0.0517032 0.0497414 0.0475447 0.0446722 0.0406335 0.0351691 0.0284892 0.0212926
 0.00681432 0.010656 0.0152911 0.0204968 0.026113 0.032037 0.0381149 0.0440647 0.0495085 0.0540675 0.0574394 0.0594466 0.0600667 0.0594384 0.0578282 0.0555683 0.052986 0.0503294 0.0476866 0.0449226 0.0416907 0.0375711 0.0323181 0.0260846 0.0194595
 0.00712335 0.0111394 0.0159843 0.0214228 0.0272832 0.0334498 0.0397512 0.0458813 0.0514373 0.0560202 0.0593168 0.0611471 0.0614921 0.0604967 0.0584334 0.0556397 0.0524522 0.0491414 0.045842 0.0424954 0.0388505 0.034574 0.0294581 0.0236203 0.0175476
 0.00743838 0.0116309 0.0166869 0.0223579 0.0284602 0.0348659 0.0413866 0.047692 0.0533521 0.0579447 0.0611433 0.0627667 0.0628065 0.0614252 0.0589125 0.0556173 0.0518826 0.0479884 0.0440971 0.0402082 0.0361559 0.0316955 0.0266712 0.0211833 0.0156308
 0.00770929 0.0120595 0.0173105 0.0232058 0.0295509 0.036203 0.0429511 0.0494358 0.0551983 0.0597955 0.0628909 0.0643041 0.0640375 0.0622715 0.0593169 0.0555409 0.0512982 0.0468787 0.0424638 0.0380943 0.0336731 0.0290339 0.0240748 0.0188914 0.0138101
 0.00812041 0.0126788 0.0181531 0.0242582 0.0307826 0.0375826 0.0444534 0.0510354 0.0568554 0.0614449 0.0644425 0.0656546 0.0650879 0.0629424 0.0595552 0.0553177 0.0506022 0.0457104 0.0408397 0.0360623 0.0313339 0.0265523 0.0216629 0.0167602 0.0121108
 0.00857543 0.013372 0.0191094 0.025469 0.0322093 0.0391647 0.0461143 0.052689 0.0584165 0.0628431 0.0656283 0.066594 0.0657505 0.0632939 0.0595596 0.0549443 0.0498318 0.0445396 0.0392848 0.0341698 0.0291948 0.0243093 0.0194969 0.0148513 0.0105882
 0.00889146 0.0138763 0.0198501 0.0264841 0.0335182 0.0407558 0.0479312 0.0546243 0.0603243 0.0645663 0.0670311 0.067586 0.0662951 0.0633998 0.0592606 0.0542785 0.048829 0.0432214 0.0376755 0.0323128 0.0271689 0.0222355 0.0175263 0.0131322 0.00922522
 0.00910367 0.0142176 0.0203583 0.0271956 0.0344654 0.0419602 0.0493908 0.056299 0.0621266 0.0663635 0.0686618 0.0688895 0.0671457 0.0637329 0.0590779 0.0536323 0.0477949 0.0418747 0.0360825 0.0305382 0.0252917 0.0203597 0.0157751 0.0116234 0.00803894
 0.00942595 0.0146988 0.0210052 0.0279919 0.0353843 0.0429821 0.0505118 0.0575233 0.0634465 0.0677385 0.0700078 0.0700855 0.0680563 0.0642402 0.0591099 0.0531773 0.0468971 0.0406157 0.0345592 0.0288496 0.0235378 0.0186454 0.0142071 0.0102949 0.00700764
 0.00953318 0.0148673 0.0212475 0.0283145 0.0357864 0.0434544 0.0510379 0.0580865 0.0640395 0.068369 0.070691 0.0708227 0.0688124 0.0649352 0.0596346 0.0534256 0.0467989 0.0401548 0.0337732 0.0278162 0.022358 0.01743 0.0130632 0.00931074 0.00623722
 0.00952601 0.0148691 0.0212753 0.0283935 0.0359449 0.0437144 0.0514059 0.0585491 0.0645659 0.0689203 0.0712329 0.0713344 0.0692865 0.0653658 0.0600001 0.0536797 0.0468792 0.0400057 0.0333703 0.0271804 0.0215533 0.0165481 0.0122028 0.00855585 0.00564046
 0.0095157 0.0148538 0.0212559 0.0283744 0.0359359 0.0437329 0.0514759 0.058696 0.0648071 0.0692556 0.0716403 0.0717763 0.0697219 0.0657613 0.0603331 0.0539313 0.0470249 0.0400133 0.0332109 0.026845 0.0210659 0.0159658 0.0116013 0.00800817 0.00519726
 0.00958248 0.0149447 0.0213605 0.0284727 0.0360052 0.0437584 0.0514597 0.0586587 0.0647823 0.0692786 0.0717368 0.0719535 0.0699658 0.0660413 0.0606113 0.0541713 0.0471959 0.0400898 0.0331721 0.0266802 0.0207832 0.0155969 0.0111972 0.00762436 0.00487722
 0.00958024 0.0149398 0.0213499 0.0284512 0.0359639 0.0436853 0.0513426 0.0584917 0.0645744 0.0690595 0.0715541 0.0718595 0.0699991 0.0662121 0.060897 0.0545247 0.0475585 0.0404058 0.0333975 0.0267888 0.02077 0.0154796 0.0110122 0.00741652 0.0046863
 0.00953729 0.0148838 0.0212912 0.028407 0.0359532 0.0437193 0.0514172 0.0585863 0.0646573 0.0691002 0.0715357 0.0717877 0.0699029 0.0661337 0.0608749 0.054577 0.0476764 0.040557 0.0335396 0.0268831 0.0207936 0.0154307 0.0109084 0.00728674 0.00455974
 0.00950353 0.0148242 0.0211938 0.028261 0.0357551 0.0434805 0.0511681 0.0583707 0.0645168 0.0690563 0.0715815 0.0718937 0.0700341 0.0662668 0.061006 0.0547166 0.0478357 0.0407358 0.0337216 0.0270423 0.0209051 0.0154821 0.0109039 0.00724388 0.00450101
 0.00940777 0.0146824 0.0210054 0.0280324 0.0354955 0.0431966 0.0508637 0.0580524 0.064204 0.0687855 0.0713986 0.0718371 0.0701172 0.0664723 0.0612956 0.0550485 0.0481778 0.0410677 0.0340289 0.0273102 0.0211189 0.0156319 0.01099 0.00727809 0.00450158
 0.00937378 0.0146264 0.0209202 0.0279119 0.0353368 0.0430029 0.0506452 0.0578247 0.0639829 0.0685836 0.0712268 0.0717092 0.0700519 0.0664882 0.0614011 0.055235 0.0484217 0.0413387 0.0342986 0.027556 0.0213243 0.015787 0.0110929 0.00733505 0.00452497
 0.00936982 0.0146124 0.0208849 0.0278399 0.0352118 0.0428141 0.050393 0.0575242 0.0636621 0.0682777 0.0709699 0.0715278 0.0699611 0.0664927 0.0614977 0.0554143 0.0486674 0.0416274 0.0346019 0.0278454 0.0215766 0.0159875 0.011237 0.00742719 0.00457625
 0.0093165 0.0145319 0.0207748 0.0277005 0.0350443 0.0426177 0.0501651 0.0572634 0.0633741 0.0679799 0.0706918 0.0713051 0.0698264 0.0664665 0.0615845 0.0556033 0.048937 0.0419497 0.0349461 0.0281811 0.0218773 0.0162346 0.0114224 0.00755315 0.00465303
 0.00936931 0.0145987 0.0208403 0.0277389 0.0350265 0.0425224 0.0499875 0.0570164 0.0630817 0.0676689 0.070387 0.07103 0.0696048 0.0663216 0.0615347 0.0556563 0.0490865 0.0421762 0.0352209 0.0284719 0.0221538 0.016473 0.0116091 0.00768564 0.00473772
 0.00946012 0.0147382 0.0210338 0.0279826 0.0353047 0.0428054 0.0502329 0.0571757 0.0631145 0.0675576 0.0701437 0.0706914 0.0692201 0.0659401 0.0611983 0.0553961 0.0489209 0.042109 0.0352411 0.0285569 0.0222748 0.0166022 0.0117247 0.00777568 0.00479948
 0.00940659 0.0146732 0.0209766 0.027965 0.0353624 0.0429639 0.0504936 0.0575101 0.0634683 0.0678634 0.0703391 0.0707366 0.0691092 0.0657017 0.0608845 0.0550661 0.0486261 0.0418839 0.0351004 0.0284966 0.0222774 0.0166435 0.0117811 0.00782954 0.00484135
 0.00926636 0.0144651 0.020702 0.0276416 0.0350243 0.0426578 0.0502728 0.0574245 0.0635491 0.0681078 0.070704 0.071148 0.0694852 0.0659784 0.0610337 0.0550986 0.0485799 0.0418068 0.0350332 0.0284634 0.0222833 0.0166796 0.0118319 0.00788025 0.00488254
