SBPRF35
7.84134
Curr Bio
539778
B35
506805
F35
0.212228
FOFL
0.212228
OFL
87417
Bzero
2.24038e+006
#pred survey bio
 3.82198e+006 2.55685e+006 2.20154e+006 2.02079e+006 1.85393e+006 1.67846e+006 1.50027e+006 1.32814e+006 1.16143e+006 1.05633e+006 946913 821448 747386 709203 643744 597305 574989 560129 540223 513692 525737 514282 506873 489659 501892 512342 518752 549317 583540 629521 621381 539487 496340 483727 509204 545566 581497 564229 537795 561756 576170 573684 577102 601155 608859 599847 578453 547144 1.2312e+007 1.12178e+007 1.15213e+007 1.22705e+007 1.32315e+007 1.42032e+007 1.50694e+007 1.57836e+007 1.63432e+007 1.67667e+007 1.70801e+007 1.73088e+007 1.74742e+007 1.75935e+007 1.76796e+007 1.77418e+007 1.77869e+007 1.78199e+007 1.78441e+007 1.7862e+007 1.78753e+007 1.78853e+007 1.78927e+007 1.78984e+007 1.79027e+007 1.79059e+007 1.79084e+007 1.79103e+007 1.79118e+007 1.79129e+007 1.79138e+007 1.79144e+007 1.79149e+007 1.79153e+007 1.79156e+007 1.79159e+007 1.7916e+007 1.79162e+007 1.79163e+007 1.79164e+007 1.79164e+007 1.79165e+007 1.79165e+007 1.79166e+007 1.79166e+007 1.79166e+007 1.79166e+007 1.79166e+007 1.79166e+007 1.79166e+007 1.79166e+007 1.79167e+007 1.79167e+007 1.79167e+007 1.79167e+007 1.79167e+007 1.79167e+007 1.79167e+007 1.79167e+007 1.79167e+007 1.79167e+007 1.79167e+007 1.79167e+007 1.79167e+007 1.79167e+007 1.79167e+007 1.79167e+007 1.79167e+007 1.79167e+007 1.79167e+007 1.79167e+007 1.79167e+007 1.79167e+007 1.79167e+007 1.79167e+007 1.79167e+007 1.79167e+007 1.79167e+007 1.79167e+007 1.79167e+007 1.79167e+007 1.79167e+007 1.79167e+007 1.79167e+007 1.79167e+007 1.79167e+007 1.79167e+007 1.79167e+007 1.79167e+007 1.79167e+007 1.79167e+007 1.79167e+007 1.79167e+007 1.79167e+007 1.79167e+007 1.79167e+007 1.79167e+007 1.79167e+007 1.79167e+007 1.79167e+007 0 0 0 0 0 0 0 0 0 0 0 0 0 0 0 0 0 0 0 0 0 0 0 0 0
#obs survey bio
 4.4965e+006 2.08515e+006 2.81639e+006 1.53113e+006 2.11504e+006 1.85856e+006 1.16963e+006 1.44094e+006 1.03924e+006 982029 1.19054e+006 697045 721500 613903 666010 663895 523383 757418 537766 431557 565666 466740 553028 405256 583863 437677 492644 563338 497618 808527 729738 403746 437130 480827 545726 540964 738892 615676 331011 594614 659050 610684 480904 530531 947812 662544 445752 528641
#pred catch bio
 470941 272720 260430 302535 307209 293763 280696 285927 249696 259481 255135 203890 171520 185051 149861 131029 126577 123258 122398 97567.3 118675 113031 114665 102878 95428.4 110039 98046 102007 94393.3 92897 97174 91278.8 91469.3 89029.9 88178.9 82420.7 86652.3 86714.5 85625.1 88654.6 90882.2 86402 93329.3 99684.5 98086.8 93514.5 106911 84678 87417 86679.6 87580.2 92269.5 99130.2 106162 112347 117324 121097 123838 125767 127093 127987 128581 128972 129226 129391 129497 129564 129608 129635 129652 129663 129670 129675 129678 129679 129680 129681 129681 129682 129682 129682 129682 129682 129682 129682 129682 129682 129682 129682 129682 129682 129682 129682 129682 129682 129682 129682 129682 129682 129682 129682 129682 129682 129682 129682 129682 129682 129682 129682 129682 129682 129682 129682 129682 129682 129682 129682 129682 129682 129682 129682 129682 129682 129682 129682 129682 129682 129682 129682 129682 129682 129682 129682 129682 129682 129682 129682 129682 129682 129682 129682 129682 129682 129682 129682 129682 129682 129682 0 0 0 0 0 0 0 0 0 0 0 0 0 0 0 0 0 0 0 0 0 0 0 0 0
#obs catch bio
 234633 272345 260358 303336 307482 293669 280312 286101 249582 260195 255272 203863 171357 185655 149511 130973 126719 123204 122441 97353.4 118914 113052 114460 103345 94994.8 110365 98021.9 102190 94662.5 92704.6 96986.7 91267.6 91509.2 89316.6 88334.4 82408.6 86507 86576.4 85862.2 88660.5 90862.4 86236.3 93523.6 99738.3 98071.8 93295.8 107271 84543.5
#pred cpue bio
 3.77509e+006 2.52282e+006 2.1697e+006 1.98891e+006 1.82199e+006 1.64693e+006 1.4695e+006 1.29835e+006 1.1328e+006 1.02812e+006 919548 795748 722550 684844 620797 575664 553956 539449 520224 494459 506192 495048 487954 471319 483189 493536 499567 529135 562237 606903 599655 520744 477870 463889 487383 522304 557230 541097 515809 538684 552710 550435 553748 576757 584162 575688 555316 524889 1.18123e+007 1.07555e+007 1.0934e+007 1.15912e+007 1.25312e+007 1.34995e+007 1.43652e+007 1.50794e+007 1.5639e+007 1.60625e+007 1.63759e+007 1.66046e+007 1.677e+007 1.68893e+007 1.69754e+007 1.70376e+007 1.70827e+007 1.71157e+007 1.71399e+007 1.71578e+007 1.71711e+007 1.71811e+007 1.71885e+007 1.71942e+007 1.71985e+007 1.72017e+007 1.72042e+007 1.72061e+007 1.72076e+007 1.72087e+007 1.72095e+007 1.72102e+007 1.72107e+007 1.72111e+007 1.72114e+007 1.72117e+007 1.72118e+007 1.7212e+007 1.72121e+007 1.72122e+007 1.72122e+007 1.72123e+007 1.72123e+007 1.72124e+007 1.72124e+007 1.72124e+007 1.72124e+007 1.72124e+007 1.72124e+007 1.72124e+007 1.72124e+007 1.72124e+007 1.72124e+007 1.72125e+007 1.72125e+007 1.72125e+007 1.72125e+007 1.72125e+007 1.72125e+007 1.72125e+007 1.72125e+007 1.72125e+007 1.72125e+007 1.72125e+007 1.72125e+007 1.72125e+007 1.72125e+007 1.72125e+007 1.72125e+007 1.72125e+007 1.72125e+007 1.72125e+007 1.72125e+007 1.72125e+007 1.72125e+007 1.72125e+007 1.72125e+007 1.72125e+007 1.72125e+007 1.72125e+007 1.72125e+007 1.72125e+007 1.72125e+007 1.72125e+007 1.72125e+007 1.72125e+007 1.72125e+007 1.72125e+007 1.72125e+007 1.72125e+007 1.72125e+007 1.72125e+007 1.72125e+007 1.72125e+007 1.72125e+007 1.72125e+007 1.72125e+007 1.72125e+007 1.72125e+007 1.72125e+007 0 0 0 0 0 0 0 0 0 0 0 0 0 0 0 0 0 0 0 0 0 0 0 0 0
#obs cpue bio
 2.41724e+006 2.30149e+006 1.79134e+006 2.46679e+006 1.73483e+006 1.57479e+006 1.98334e+006 1.18558e+006 1.16163e+006 1.00088e+006 858508 886508 712586 774452 701333 468545 568504 432566 560606 514052 494045 525967 553642 354643 674422 451068 514507 502354 500858 686692 595708 589135 552208 356308 488571 519015 564098 520592 558816 622661 518492 545772 513863 744887 386544 560221 642148 563320
#pred surv len freq
 0.00466363 0.00767369 0.0117368 0.016887 0.0230152 0.029768 0.0365331 0.0426058 0.0474591 0.050911 0.0530841 0.0542408 0.0546455 0.0545105 0.0539995 0.0532503 0.0523957 0.0515578 0.0507874 0.0499478 0.0486161 0.0461328 0.0418771 0.0356703 0.0280309
 0.00511362 0.0083649 0.0127031 0.0181362 0.0245329 0.0315216 0.0384671 0.0446303 0.0494427 0.0526914 0.0544981 0.055167 0.0550408 0.0544217 0.0535398 0.0525489 0.0515408 0.0505579 0.04957 0.0484024 0.0466705 0.043826 0.0393857 0.0332616 0.0259647
 0.00536673 0.00879191 0.0133722 0.0191145 0.0258654 0.0332026 0.0404194 0.0467124 0.0514862 0.0545466 0.0560572 0.0563577 0.0558093 0.0547311 0.0533859 0.051972 0.050613 0.0493462 0.0481009 0.0466587 0.0446324 0.0415338 0.0369789 0.0309583 0.0239864
 0.00550283 0.00903409 0.0137769 0.0197511 0.0268053 0.0344982 0.0420792 0.0486823 0.0536484 0.0567355 0.0580897 0.0580674 0.057072 0.0554737 0.0535812 0.0516298 0.0497723 0.048065 0.0464399 0.0446705 0.042372 0.0390898 0.0344998 0.0286411 0.0220221
 0.00570971 0.00937246 0.014291 0.0204866 0.0278043 0.0357899 0.0436674 0.0505355 0.0556965 0.0588727 0.0601807 0.0599578 0.0586067 0.0565194 0.0540467 0.051475 0.0490047 0.0467288 0.0446043 0.0424234 0.039824 0.0363859 0.0318249 0.0261999 0.0199916
 0.00596954 0.00979091 0.0149134 0.0213523 0.0289398 0.0371984 0.0453183 0.0523629 0.0576111 0.0607801 0.0619931 0.0615926 0.0599776 0.0575313 0.0546012 0.0514861 0.0484174 0.045532 0.0428351 0.040168 0.037217 0.0336094 0.0290958 0.0237377 0.0179691
 0.00622966 0.0102147 0.0155523 0.0222537 0.0301362 0.0386921 0.0470662 0.0542741 0.0595631 0.0626474 0.0636719 0.0630107 0.0610885 0.0582989 0.0549845 0.0514322 0.0478676 0.0444404 0.0411933 0.038026 0.0346956 0.0308966 0.0264229 0.021334 0.0160076
 0.00642939 0.0105541 0.0160903 0.0230536 0.0312518 0.0401451 0.0488246 0.0562454 0.0616099 0.0646167 0.0654251 0.064443 0.0621354 0.0589315 0.0551956 0.0512181 0.0472149 0.0433267 0.0396055 0.0359904 0.0323047 0.028318 0.0238775 0.0190463 0.0141463
 0.00671024 0.0110092 0.016773 0.0240132 0.0325258 0.0417445 0.0507174 0.0583474 0.06379 0.066717 0.0672866 0.0659294 0.0631511 0.0594301 0.0551757 0.0507069 0.0462478 0.0419324 0.0378082 0.03383 0.029866 0.0257485 0.0213757 0.0168178 0.0123458
 0.00680352 0.0111867 0.0170877 0.0245311 0.0333105 0.0428347 0.0521054 0.0599731 0.0655538 0.0685017 0.0689741 0.0674088 0.0643218 0.0602085 0.0555039 0.0505591 0.0456281 0.0408668 0.036337 0.0320118 0.0277919 0.0235543 0.0192351 0.0149084 0.010802
 0.00694628 0.0114299 0.0174752 0.0251129 0.034135 0.043934 0.0534781 0.0615727 0.067289 0.0702492 0.0705989 0.0687859 0.0653535 0.0608314 0.0556863 0.0502938 0.0449256 0.0397526 0.0348537 0.0302244 0.0257963 0.0214821 0.0172441 0.0131535 0.00939566
 0.00731044 0.0119925 0.0182675 0.0261451 0.0353966 0.0453952 0.0550877 0.0632564 0.0689534 0.071793 0.0719251 0.0698109 0.0660134 0.0610865 0.0555226 0.0497199 0.0439667 0.0384456 0.033247 0.0283837 0.0238138 0.0194792 0.0153608 0.0115216 0.00810528
 0.00746477 0.0122517 0.0186714 0.0267324 0.0361925 0.0463947 0.056244 0.0644857 0.070159 0.0728946 0.0728744 0.0705851 0.066596 0.0614522 0.0556357 0.0495445 0.0434796 0.0376446 0.0321554 0.0270528 0.0223245 0.0179396 0.0138939 0.0102415 0.00708959
 0.00738337 0.0121391 0.0185401 0.0266106 0.036122 0.0464243 0.0564199 0.0648405 0.0707007 0.0735996 0.0736904 0.0714433 0.0674265 0.0621927 0.0562315 0.0499446 0.0436376 0.0375263 0.0317502 0.0263829 0.0214486 0.0169487 0.0128965 0.00934079 0.00635937
 0.00757009 0.0124214 0.0189258 0.0270935 0.0366858 0.0470475 0.057079 0.0655101 0.0713522 0.0742018 0.0742118 0.0718556 0.0677082 0.0623319 0.056225 0.0497929 0.0433384 0.0370732 0.0311379 0.02562 0.0205685 0.0160131 0.0119861 0.00853516 0.00571502
 0.00771002 0.012623 0.0191808 0.0273773 0.0369637 0.0472864 0.0572586 0.0656288 0.0714283 0.0742685 0.0743069 0.072007 0.0679213 0.0625851 0.0564764 0.0499932 0.0434425 0.0370468 0.0309608 0.0252895 0.0201048 0.0154608 0.0114085 0.007999 0.00527194
 0.00774735 0.0126863 0.0192798 0.0275191 0.037147 0.0474953 0.0574601 0.0657806 0.0714962 0.0742452 0.07422 0.07191 0.0678712 0.0626191 0.0565982 0.050173 0.0436291 0.0371837 0.0310012 0.025207 0.0198989 0.0151579 0.0110551 0.00764868 0.0049699
 0.00770701 0.0126348 0.0192285 0.0274879 0.0371596 0.0475703 0.0576028 0.0659777 0.0717167 0.0744484 0.0743682 0.0719828 0.0678754 0.0625859 0.0565679 0.0501754 0.0436689 0.0372392 0.0310351 0.025183 0.0197971 0.0149822 0.0108311 0.00741399 0.00475984
 0.00776419 0.0127071 0.0193001 0.0275342 0.0371574 0.0475127 0.0575081 0.0658858 0.0716715 0.0744764 0.0744655 0.0721192 0.0680101 0.0626874 0.0566266 0.0502022 0.043683 0.0372527 0.0310445 0.025172 0.0197475 0.0148865 0.0106984 0.00726586 0.00462095
 0.00795275 0.0129932 0.0196911 0.0280189 0.0377041 0.0480702 0.0580105 0.0662648 0.0718764 0.0744928 0.0743206 0.0718661 0.0677035 0.0623645 0.0563043 0.0498867 0.0433805 0.0369722 0.0307933 0.0249503 0.0195487 0.0147029 0.0105273 0.00711187 0.0044923
 0.0077441 0.0126905 0.0193032 0.0275778 0.0372561 0.0476612 0.0576743 0.0660193 0.0717272 0.0744386 0.0743586 0.0719942 0.0679186 0.062658 0.0566575 0.0502706 0.0437614 0.0373204 0.0310886 0.0251827 0.0197155 0.0148069 0.0105768 0.0071207 0.00447704
 0.00774265 0.0126881 0.0193005 0.0275781 0.0372679 0.0476994 0.0577578 0.0661623 0.0719269 0.0746675 0.0745688 0.0721354 0.0679602 0.0626017 0.0565327 0.0501178 0.0436142 0.0371961 0.0309894 0.025102 0.0196454 0.0147415 0.0105143 0.0070626 0.0044267
 0.00772891 0.0126621 0.0192551 0.027505 0.0371611 0.0475601 0.0575989 0.0660096 0.0718143 0.074627 0.0746174 0.0722663 0.0681427 0.0627923 0.0566931 0.0502284 0.0436769 0.0372256 0.0310015 0.0251063 0.0196443 0.0147341 0.0105001 0.00704319 0.00440565
 0.0078194 0.0127962 0.0194322 0.0277147 0.0373844 0.0477726 0.0577744 0.0661247 0.0718542 0.0745913 0.0745223 0.0721398 0.0680135 0.0626786 0.0565972 0.050141 0.0435864 0.037127 0.0308983 0.0250067 0.0195557 0.0146601 0.0104407 0.00699713 0.00437128
 0.00782831 0.0128038 0.0194309 0.0276931 0.0373301 0.0476771 0.0576372 0.0659555 0.0716713 0.0744177 0.0743818 0.0720524 0.0679925 0.0627273 0.0567075 0.0502943 0.0437578 0.0372918 0.0310387 0.0251146 0.0196314 0.0147088 0.0104689 0.00701099 0.00437602
 0.00781666 0.0127713 0.019357 0.0275513 0.0370954 0.0473376 0.0572051 0.0654689 0.0711869 0.073997 0.0740769 0.0718974 0.0679992 0.0628864 0.0569925 0.050667 0.0441753 0.0377124 0.0314274 0.0254472 0.0198961 0.0149052 0.0106047 0.00709795 0.00442723
 0.00791162 0.01293 0.0196017 0.0278994 0.0375486 0.0478683 0.0577485 0.0659318 0.0714745 0.0740468 0.0738813 0.0715033 0.0674881 0.0623476 0.0565005 0.0502691 0.0438888 0.0375302 0.0313269 0.0254008 0.0198793 0.0149006 0.0106029 0.00709552 0.00442394
 0.00792081 0.0129276 0.0195678 0.0278093 0.0373846 0.047635 0.0574809 0.0656865 0.0713053 0.0739782 0.0738985 0.071565 0.0675526 0.0623937 0.056533 0.050309 0.0439579 0.0376388 0.0314701 0.0255617 0.020037 0.0150375 0.0107092 0.00716965 0.0044705
 0.00796687 0.0129937 0.0196498 0.0278949 0.0374527 0.0476587 0.0574339 0.0655531 0.0710918 0.073718 0.0736435 0.0713649 0.0674339 0.0623532 0.0565481 0.0503562 0.0440245 0.0377234 0.031574 0.0256814 0.0201621 0.0151545 0.0108065 0.00724194 0.00451839
 0.00780684 0.0127538 0.0193265 0.0274985 0.0370046 0.0471856 0.0569639 0.0651139 0.0707098 0.0734179 0.0734484 0.0712956 0.0675049 0.0625659 0.0568844 0.0507797 0.0444905 0.038191 0.032014 0.0260764 0.0205017 0.0154324 0.0110205 0.00739472 0.00461847
 0.00776104 0.0126537 0.0191304 0.0271564 0.0364766 0.0464675 0.0561056 0.0642162 0.0698949 0.0727904 0.0730682 0.0711741 0.0676205 0.0628813 0.057358 0.051368 0.0451467 0.0388666 0.0326637 0.0266639 0.0210033 0.0158366 0.0113264 0.00761064 0.0047592
 0.0085618 0.0137938 0.0205446 0.0286767 0.0378724 0.0475158 0.0566534 0.0642081 0.0693694 0.0718589 0.0718867 0.0699103 0.06642 0.0618451 0.0565374 0.0507733 0.044761 0.0386566 0.0325878 0.0266787 0.0210691 0.0159217 0.0114093 0.00767903 0.00480887
 0.0091668 0.0147998 0.0220884 0.0308669 0.0407272 0.0508859 0.0601769 0.067358 0.0716044 0.0728105 0.0714769 0.0683412 0.0640629 0.0591055 0.053757 0.0481888 0.0425058 0.0367837 0.0310966 0.0255372 0.0202293 0.0153302 0.0110126 0.00742777 0.00465987
 0.00913072 0.0148401 0.0223337 0.0315026 0.041953 0.0528404 0.0628585 0.0705772 0.0749907 0.0758777 0.0737351 0.0694276 0.0638446 0.0577083 0.0515045 0.0454865 0.0397277 0.0342044 0.0288752 0.0237364 0.0188456 0.0143211 0.0103163 0.00697589 0.0043861
 0.00890214 0.0144909 0.0218571 0.0309268 0.041358 0.0523723 0.0627238 0.0709995 0.0761274 0.0777269 0.0760845 0.0718863 0.0659538 0.0590849 0.0519557 0.045048 0.0386182 0.0327279 0.0273217 0.0223172 0.0176762 0.0134355 0.00969443 0.00657011 0.0041406
 0.00885628 0.0143801 0.0216253 0.0305051 0.0406903 0.0514538 0.0616371 0.0699242 0.0753113 0.0774216 0.0764656 0.0729812 0.067607 0.0609844 0.0537232 0.04636 0.0393047 0.0328031 0.0269417 0.0216966 0.0170091 0.0128503 0.00924824 0.00626623 0.0039534
 0.00870922 0.0141535 0.0213057 0.0300827 0.0401548 0.0507915 0.0608373 0.068999 0.0743215 0.0764946 0.0757861 0.0727452 0.0679507 0.0619168 0.0550987 0.0479134 0.0407383 0.0338875 0.0275808 0.0219304 0.016963 0.0126679 0.00904071 0.00609461 0.00383605
 0.00874844 0.0141898 0.0213099 0.0300126 0.0399668 0.0504591 0.0603637 0.0684153 0.0736725 0.0758269 0.0751506 0.0722122 0.0676177 0.0618885 0.0554406 0.0486036 0.0416537 0.0348399 0.0283882 0.0224825 0.0172459 0.0127429 0.00899788 0.00601158 0.00375924
 0.00882852 0.0143186 0.021499 0.0302656 0.0402715 0.0507791 0.0606366 0.0685639 0.0736299 0.0755631 0.0746856 0.0716109 0.0669735 0.0613074 0.0550242 0.0484263 0.0417351 0.03513 0.0287807 0.0228571 0.0175162 0.012881 0.00902749 0.00597972 0.00370881
 0.0086761 0.014115 0.0212744 0.0300751 0.0401801 0.0508354 0.0608502 0.068897 0.0740069 0.0758921 0.0748843 0.0716298 0.0668104 0.0610082 0.0546701 0.0481111 0.041537 0.0350867 0.0288779 0.0230374 0.0177073 0.0130272 0.00910749 0.00600316 0.00369964
 0.0086876 0.0141013 0.021197 0.029887 0.0398481 0.0503706 0.0603254 0.0684329 0.0737255 0.0758617 0.0750895 0.0719823 0.0671923 0.061321 0.054867 0.0482023 0.0415725 0.0351262 0.0289622 0.0231728 0.0178695 0.0131798 0.00922264 0.00607226 0.0037308
 0.0087546 0.0142051 0.0213413 0.0300652 0.0400379 0.0505306 0.0604003 0.068373 0.0735152 0.0755399 0.0747418 0.0717038 0.0670416 0.0612965 0.0549192 0.0482699 0.0416168 0.0351437 0.0289734 0.0232001 0.0179207 0.0132456 0.00928584 0.00611952 0.00375832
 0.0087278 0.0141699 0.0213036 0.0300359 0.0400294 0.0505508 0.0604465 0.068428 0.0735495 0.0755218 0.0746535 0.0715556 0.0668732 0.0611597 0.0548523 0.0482795 0.0416809 0.0352305 0.0290599 0.0232791 0.0179939 0.0133142 0.00934661 0.00616737 0.00379058
 0.00864605 0.0140583 0.0211754 0.0299171 0.039952 0.0505418 0.060518 0.0685725 0.0737421 0.0757252 0.0748258 0.0716605 0.0668914 0.0610975 0.0547395 0.0481568 0.0415818 0.0351699 0.0290352 0.0232796 0.0180088 0.0133364 0.00937096 0.0061896 0.00380771
 0.00859031 0.0139707 0.0210503 0.0297545 0.0397613 0.0503451 0.0603504 0.0684751 0.0737478 0.0758432 0.0750345 0.0719131 0.0671325 0.061282 0.0548453 0.0481883 0.0415629 0.0351307 0.0289999 0.02326 0.0180059 0.0133454 0.00938565 0.00620491 0.00382043
 0.0085865 0.0139543 0.021007 0.0296655 0.0396092 0.0501234 0.0600717 0.0681737 0.0734733 0.0756478 0.0749575 0.0719686 0.0673044 0.0615287 0.0551143 0.0484333 0.0417566 0.0352684 0.0290929 0.0233247 0.0180559 0.0133873 0.00942103 0.00623312 0.00384094
 0.00857056 0.0139296 0.0209714 0.0296162 0.0395411 0.0500283 0.0599395 0.0679974 0.0732565 0.0754105 0.0747364 0.0718079 0.067241 0.0615781 0.0552642 0.048649 0.0419942 0.0354903 0.029277 0.0234658 0.0181594 0.0134623 0.00947517 0.00627142 0.00386676
 0.0087077 0.0141504 0.0212985 0.0300656 0.0401145 0.0507028 0.0606595 0.0686766 0.0737944 0.0757198 0.0747682 0.0715659 0.0667789 0.0609823 0.0546286 0.0480497 0.041476 0.0350661 0.0289396 0.023201 0.0179547 0.0133091 0.00936653 0.00619985 0.00382351
#obs surv len freq
 0.00497087 0.00814169 0.012383 0.0177079 0.0239899 0.0308634 0.0377031 0.043786 0.0485621 0.0518308 0.0537105 0.0544866 0.0544785 0.0539829 0.05326 0.052523 0.0519166 0.0514753 0.0510606 0.0503034 0.0486213 0.0453837 0.0402137 0.0332801 0.025365
 0.00518721 0.00849594 0.0129209 0.0184739 0.0250185 0.0321661 0.0392545 0.0455185 0.0503751 0.0536087 0.0553407 0.0558686 0.0555266 0.0546262 0.0534426 0.052208 0.0510924 0.0501631 0.0493212 0.0482401 0.0463779 0.0431322 0.0381305 0.0315123 0.0239983
 0.00541208 0.00886476 0.0134822 0.0192752 0.0260979 0.0335381 0.0408952 0.04736 0.0523142 0.0555258 0.057118 0.0574007 0.0567241 0.0554152 0.0537631 0.0520135 0.0503531 0.0488759 0.0475229 0.0460219 0.0438908 0.0405768 0.035725 0.0294461 0.0223877
 0.00564161 0.00924157 0.0140562 0.0200957 0.0272045 0.0349462 0.042581 0.0492546 0.0543129 0.0575076 0.058964 0.0590052 0.0579977 0.0562842 0.0541669 0.0519025 0.0496895 0.0476414 0.0457346 0.043753 0.0412856 0.037846 0.0331127 0.0271743 0.0206005
 0.00588416 0.00963751 0.0146553 0.0209456 0.0283423 0.0363847 0.044294 0.0511713 0.0563275 0.0594986 0.0608133 0.0606092 0.0592707 0.0571571 0.0545841 0.0518174 0.0490638 0.0464501 0.043982 0.0414963 0.0386558 0.0350504 0.0304043 0.0247934 0.0187111
 0.0061301 0.0100422 0.0152731 0.0218299 0.0295344 0.0378967 0.0460921 0.053171 0.0584067 0.0615231 0.0626593 0.0621755 0.0604802 0.0579531 0.0549242 0.0516678 0.0483952 0.0452411 0.0422331 0.0392537 0.036037 0.032251 0.0276736 0.0223759 0.01678
 0.00638461 0.0104567 0.0158985 0.0227144 0.0307148 0.0393844 0.0478576 0.0551373 0.0604585 0.0635271 0.0644861 0.0637146 0.0616478 0.0586921 0.0551998 0.0514589 0.047687 0.0440237 0.0405122 0.0370724 0.0335009 0.0295402 0.0250222 0.0200192 0.014889
 0.00663243 0.0108633 0.0165173 0.0235964 0.0318984 0.0408783 0.0496249 0.0570908 0.0624745 0.0654705 0.066233 0.0651639 0.0627236 0.0593425 0.0553933 0.0511797 0.0469293 0.0427895 0.0388168 0.0349619 0.0310746 0.0269624 0.0225069 0.0177833 0.0130923
 0.00682841 0.0111907 0.0170263 0.0243396 0.0329198 0.0421968 0.0512164 0.058882 0.0643531 0.0673063 0.0679006 0.0665573 0.063763 0.0599746 0.0555883 0.0509249 0.0462237 0.0416409 0.037247 0.0330199 0.0288545 0.0246134 0.0202204 0.0157524 0.0114596
 0.00705959 0.0115646 0.0175855 0.025123 0.0339556 0.0434915 0.0527428 0.060573 0.0661084 0.0690089 0.0694347 0.067822 0.0646805 0.0604937 0.0556834 0.0505908 0.0454689 0.0404838 0.0357181 0.0311723 0.0267787 0.022445 0.0181287 0.0139059 0.00998075
 0.0072673 0.0119086 0.0181143 0.0258839 0.0349833 0.0447907 0.0542724 0.0622441 0.0678005 0.0705975 0.0708131 0.0689109 0.0654268 0.0608654 0.0556658 0.0501836 0.0446838 0.0393431 0.0342566 0.0294451 0.0248719 0.0204805 0.0162538 0.0122638 0.00867309
 0.0074454 0.0121994 0.0185545 0.0265091 0.0358219 0.0458533 0.0555396 0.0636602 0.069277 0.0720274 0.0720886 0.0699393 0.0661407 0.0612268 0.0556624 0.0498217 0.0439811 0.0383256 0.0329607 0.0279246 0.0232061 0.0187774 0.0146396 0.0108584 0.0075593
 0.00753097 0.0123426 0.0187782 0.0268381 0.0362795 0.0464551 0.0562863 0.0645337 0.0702416 0.0730333 0.0730762 0.0708421 0.0668899 0.0617591 0.0559281 0.0497908 0.0436445 0.0376933 0.0320607 0.0268047 0.0219376 0.0174553 0.0133728 0.00974881 0.00667698
 0.00761207 0.0124671 0.0189522 0.0270642 0.0365586 0.0467888 0.0566781 0.0649868 0.0707559 0.0736017 0.0736817 0.0714561 0.0674722 0.06226 0.0562935 0.04997 0.0435982 0.0374011 0.0315258 0.0260571 0.0210344 0.0164776 0.0124145 0.00889786 0.00599477
 0.00765839 0.0125406 0.0190594 0.027209 0.0367416 0.0470055 0.0569191 0.0652403 0.0710136 0.0738638 0.0739568 0.0717547 0.0677969 0.0625968 0.0566097 0.0502185 0.0437273 0.0373662 0.031301 0.0256439 0.0204656 0.0158141 0.0117339 0.00827607 0.00548715
 0.00768873 0.0125827 0.0191095 0.0272601 0.0367859 0.0470392 0.0569451 0.0652681 0.0710557 0.0739318 0.0740598 0.0718992 0.0679866 0.0628296 0.0568728 0.0504847 0.0439556 0.0375092 0.0313171 0.0255105 0.0201888 0.0154302 0.0113007 0.00785658 0.00513171
 0.00777979 0.0127183 0.0192902 0.0274769 0.0370214 0.0472707 0.0571478 0.0654198 0.0711419 0.0739512 0.0740256 0.0718353 0.0679202 0.0627837 0.0568606 0.0505059 0.0439948 0.0375377 0.0312997 0.025417 0.0200065 0.0151708 0.0109982 0.00755514 0.00487055
 0.00781303 0.0127756 0.0193818 0.0276125 0.0372059 0.0474981 0.0573976 0.0656585 0.0713324 0.0740652 0.0740526 0.0717852 0.0678175 0.0626594 0.0567432 0.0504142 0.0439339 0.0374975 0.0312585 0.0253491 0.0198932 0.0150089 0.0108027 0.00735324 0.00469018
 0.00784254 0.0128173 0.0194335 0.0276694 0.037264 0.0475574 0.0574639 0.0657396 0.0714318 0.0741758 0.0741569 0.0718616 0.0678503 0.0626461 0.0566949 0.0503498 0.043871 0.0374449 0.0312132 0.0252989 0.0198237 0.0149125 0.0106834 0.00722546 0.004572
 0.007865 0.0128504 0.0194766 0.0277194 0.0373148 0.0476017 0.0574949 0.065754 0.0714318 0.0741702 0.0741571 0.0718756 0.0678776 0.0626775 0.0567187 0.0503585 0.0438647 0.0374286 0.031191 0.0252704 0.0197843 0.0148576 0.0106136 0.00714814 0.00449791
 0.00789842 0.0129004 0.0195435 0.0278002 0.0374037 0.0476907 0.0575746 0.0658147 0.0714657 0.0741735 0.0741329 0.0718329 0.0678289 0.0626334 0.0566838 0.0503311 0.0438399 0.0374019 0.0311604 0.0252351 0.0197433 0.0148103 0.0105608 0.0070933 0.00444684
 0.0079133 0.0129246 0.01958 0.027851 0.0374691 0.047768 0.0576568 0.0658915 0.0715257 0.074208 0.0741379 0.0718106 0.0677861 0.06258 0.0566295 0.0502829 0.0438002 0.0373693 0.0311314 0.0252061 0.0197118 0.0147753 0.0105232 0.00705551 0.00441231
 0.00786983 0.0128559 0.0194807 0.0277188 0.0373063 0.0475837 0.0574682 0.0657218 0.0713987 0.0741408 0.0741362 0.0718685 0.0678898 0.0627131 0.0567773 0.0504338 0.0439461 0.0375039 0.0312492 0.0253027 0.0197845 0.0148238 0.0105498 0.00706528 0.0044113
 0.00787881 0.0128616 0.0194728 0.0276826 0.0372269 0.0474527 0.0572894 0.0655129 0.0711875 0.0739577 0.0740067 0.0718081 0.0679017 0.0627891 0.0569011 0.0505864 0.0441093 0.0376633 0.0313943 0.0254265 0.0198829 0.0148955 0.0105968 0.00709193 0.00442342
 0.00787778 0.0128582 0.019464 0.0276634 0.0371897 0.0473882 0.0571886 0.0653706 0.071007 0.0737544 0.0738071 0.0716436 0.0677999 0.0627654 0.0569558 0.0507059 0.0442719 0.0378452 0.0315747 0.0255895 0.0200188 0.0150002 0.0106707 0.00713916 0.00445034
 0.00787705 0.0128557 0.0194579 0.0276507 0.0371672 0.0473528 0.0571375 0.0653016 0.0709183 0.0736457 0.0736818 0.0715115 0.0676779 0.0626745 0.0569145 0.0507241 0.0443472 0.0379641 0.0317172 0.0257352 0.020151 0.0151085 0.0107513 0.00719353 0.00448337
 0.00784419 0.0128048 0.0193859 0.0275569 0.0370531 0.0472226 0.0569985 0.0651638 0.0707924 0.0735407 0.0736028 0.0714598 0.0676524 0.0626751 0.0569441 0.0507872 0.0444466 0.0380971 0.0318737 0.0258996 0.0203066 0.0152416 0.0108546 0.00726622 0.00452964
 0.00783547 0.0127846 0.0193446 0.0274827 0.0369357 0.0470589 0.0567972 0.0649451 0.0705833 0.0733661 0.0734801 0.0713955 0.0676445 0.0627158 0.0570237 0.0508975 0.0445817 0.0382522 0.0320424 0.0260723 0.0204709 0.0153855 0.0109697 0.00734986 0.00458464
 0.00778843 0.0127116 0.0192411 0.0273461 0.0367652 0.0468553 0.0565643 0.0646923 0.0703271 0.0731304 0.0732921 0.0712795 0.0676148 0.0627732 0.0571567 0.0510871 0.0448072 0.0384951 0.0322877 0.0263074 0.0206844 0.0155679 0.0111144 0.00745552 0.00465499
 0.00777098 0.012679 0.0191844 0.027255 0.0366312 0.0466762 0.0563477 0.0644547 0.0700898 0.0729136 0.0731118 0.071148 0.0675426 0.0627686 0.0572231 0.0512198 0.0449935 0.0387167 0.0325247 0.0265411 0.0208995 0.0157528 0.0112622 0.00756449 0.00472846
 0.00775217 0.0126491 0.0191403 0.0271936 0.0365488 0.0465691 0.0562126 0.064292 0.0699055 0.0727203 0.0729276 0.0709925 0.0674326 0.0627159 0.0572332 0.0512929 0.0451237 0.0388922 0.0327288 0.0267547 0.021104 0.015933 0.0114087 0.00767376 0.00480294
 0.00931115 0.0148286 0.0217653 0.0298826 0.0388262 0.0480419 0.056711 0.0638935 0.0688505 0.0712906 0.0713574 0.069439 0.0659866 0.0614244 0.0561181 0.0503606 0.0443709 0.038308 0.0322959 0.026451 0.0209043 0.0158115 0.0113414 0.00764071 0.00478918
 0.00929589 0.015092 0.0226694 0.0318758 0.0422471 0.0528552 0.06234 0.0693156 0.0729611 0.07334 0.0711986 0.0674675 0.0628689 0.0578131 0.0524916 0.0469994 0.0414074 0.0357876 0.0302195 0.0247964 0.0196351 0.0148807 0.0106939 0.00721728 0.00453107
 0.00897218 0.0145818 0.0219529 0.031001 0.0413829 0.0523267 0.06259 0.0707449 0.0756877 0.0770188 0.0750658 0.070631 0.0646808 0.0580946 0.0515009 0.0452202 0.0393218 0.0337458 0.0284181 0.0233151 0.0184838 0.0140323 0.0101033 0.00683133 0.00429623
 0.00880213 0.014298 0.0215126 0.0303629 0.0405228 0.0512679 0.0614423 0.0697322 0.0751311 0.0772485 0.076271 0.0727182 0.0672409 0.060536 0.053289 0.0460832 0.0393041 0.0331102 0.027487 0.0223505 0.0176423 0.013377 0.0096364 0.00652424 0.00410964
 0.00873646 0.0141854 0.0213317 0.0300878 0.0401267 0.0507299 0.0607593 0.0689345 0.0742994 0.076526 0.0758543 0.0728073 0.0679508 0.0618085 0.0548712 0.0476086 0.040443 0.0336972 0.0275541 0.0220637 0.0171997 0.0129329 0.00927457 0.00626848 0.00394844
 0.00868294 0.0140988 0.0212016 0.0299041 0.0398797 0.0504118 0.0603667 0.0684709 0.0737792 0.0759814 0.0753448 0.0724267 0.0678171 0.062026 0.0554732 0.0485132 0.0414616 0.0346041 0.0281806 0.0223573 0.0172189 0.0127922 0.00908358 0.00609771 0.00382575
 0.00868089 0.0140894 0.0211762 0.0298505 0.039785 0.0502663 0.0601672 0.0682214 0.0734882 0.0756599 0.0750078 0.0721 0.067545 0.0618725 0.0555066 0.048774 0.0419288 0.0351867 0.0287473 0.022792 0.0174668 0.0128694 0.00905011 0.00601943 0.00374843
 0.00867319 0.0140776 0.0211593 0.0298272 0.0397522 0.0502185 0.0600966 0.0681195 0.0733494 0.0754841 0.0748022 0.0718783 0.0673278 0.0616889 0.0553942 0.0487725 0.0420637 0.0354493 0.0290877 0.0231342 0.0177405 0.0130385 0.00912009 0.0060227 0.0037219
 0.00865451 0.0140507 0.0211253 0.0297893 0.0397146 0.050185 0.060068 0.0680933 0.0733194 0.0754418 0.0747391 0.0717896 0.0672157 0.0615647 0.055279 0.0486945 0.042051 0.035519 0.0292343 0.0233272 0.017935 0.0131944 0.009218 0.00606667 0.0037301
 0.00865135 0.0140433 0.0211103 0.0297626 0.0396735 0.0501301 0.0600051 0.0680317 0.0732686 0.0754071 0.0747184 0.0717748 0.0671963 0.0615335 0.0552365 0.0486507 0.0420236 0.0355267 0.0292879 0.0234225 0.0180527 0.0133082 0.00930663 0.0061218 0.00375599
 0.00864561 0.0140375 0.0211078 0.0297679 0.0396903 0.0501581 0.0600387 0.0680615 0.0732851 0.0754053 0.0746992 0.0717429 0.0671564 0.0614877 0.0551853 0.0485959 0.0419715 0.0354882 0.029274 0.0234388 0.018095 0.0133638 0.00936032 0.00616258 0.00378051
 0.00864653 0.0140363 0.0211014 0.0297526 0.0396636 0.0501215 0.0599984 0.068027 0.0732647 0.0754017 0.0747091 0.0717585 0.0671704 0.0614957 0.0551858 0.0485899 0.0419616 0.0354791 0.0292721 0.0234495 0.0181198 0.0133988 0.00939784 0.0061949 0.00380332
 0.00863312 0.0140189 0.0210829 0.0297379 0.0396574 0.0501252 0.0600091 0.0680383 0.0732707 0.0754005 0.0747032 0.0717525 0.0671673 0.0614952 0.0551855 0.048587 0.0419554 0.0354711 0.0292659 0.0234489 0.0181275 0.0134144 0.00941791 0.00621476 0.00381925
 0.00860638 0.0139767 0.0210222 0.0296578 0.0395603 0.0500185 0.0599048 0.0679513 0.0732141 0.0753809 0.0747186 0.0717952 0.0672278 0.0615652 0.0552586 0.0486583 0.0420208 0.0355281 0.0293141 0.0234898 0.0181632 0.0134463 0.00944604 0.00623814 0.00383685
 0.00860964 0.0139793 0.0210211 0.0296484 0.0395376 0.049979 0.0598488 0.0678834 0.0731433 0.0753179 0.0746737 0.0717746 0.0672324 0.0615909 0.0552986 0.0487053 0.0420691 0.0355735 0.0293543 0.0235242 0.0181924 0.0134711 0.00946694 0.00625511 0.00384968
 0.00860964 0.0139793 0.0210211 0.0296484 0.0395376 0.049979 0.0598488 0.0678834 0.0731433 0.0753179 0.0746737 0.0717746 0.0672324 0.0615909 0.0552986 0.0487053 0.0420691 0.0355735 0.0293543 0.0235242 0.0181924 0.0134711 0.00946694 0.00625511 0.00384968
 0.00867823 0.014089 0.021182 0.0298667 0.0398117 0.050295 0.0601775 0.0681835 0.0733704 0.0754388 0.0746751 0.071666 0.0670395 0.0613467 0.0550344 0.048446 0.0418306 0.0353649 0.0291792 0.0233832 0.0180838 0.0133921 0.00941335 0.00622161 0.00383064
#pred catch len freq
 0.00360215 0.00584838 0.00882229 0.0125644 0.0170992 0.0223782 0.0282162 0.0342896 0.0402087 0.0456007 0.0501646 0.0537048 0.0561547 0.0575765 0.0581302 0.058034 0.057532 0.056854 0.0561317 0.0552657 0.0538201 0.0510824 0.0463744 0.0395024 0.0310427
 0.00393936 0.00636415 0.00954038 0.0134914 0.0182313 0.023709 0.0297318 0.0359522 0.0419361 0.0472615 0.0515992 0.054771 0.0567762 0.057767 0.0579781 0.0576521 0.056997 0.0561626 0.0551964 0.0539594 0.0520567 0.0488953 0.0439456 0.037114 0.0289723
 0.00417347 0.00674941 0.0101279 0.0143293 0.019353 0.0251164 0.0313825 0.0377611 0.0437947 0.0490599 0.0532359 0.056147 0.0577933 0.0583434 0.0580766 0.0572964 0.0562552 0.0551031 0.0538452 0.0522944 0.0500514 0.0465879 0.0414829 0.0347303 0.0269094
 0.00435159 0.00704676 0.010592 0.0150149 0.0203173 0.0264073 0.033019 0.0397132 0.0459713 0.0513137 0.0553857 0.0580129 0.0592279 0.0592483 0.0584028 0.0570389 0.0554465 0.0538014 0.052115 0.0501927 0.0476378 0.0439589 0.0388013 0.0322134 0.0247693
 0.00456733 0.00739233 0.0111044 0.0157306 0.0212722 0.0276341 0.0345388 0.0415232 0.0480318 0.0535384 0.05764 0.060124 0.0610092 0.0605321 0.0590681 0.057025 0.0547508 0.0524665 0.0502148 0.0478234 0.0449209 0.041054 0.0359118 0.0295659 0.0225604
 0.00482011 0.00779327 0.0116901 0.016531 0.0223093 0.028918 0.036062 0.0432554 0.0499208 0.0555144 0.0596181 0.0620029 0.0626692 0.0618392 0.0598878 0.0572433 0.0542946 0.051317 0.0484109 0.0454602 0.0421482 0.0380738 0.0329647 0.0268955 0.0203599
 0.00508372 0.00821439 0.0123107 0.0173868 0.0234257 0.0303024 0.0376936 0.0450792 0.0518515 0.0574502 0.0614568 0.0636531 0.064053 0.0628863 0.0605262 0.0573942 0.05388 0.0502791 0.0467374 0.0432067 0.03945 0.0351414 0.0300571 0.0242696 0.0182107
 0.00533475 0.00862278 0.0129265 0.0182582 0.0245918 0.0317806 0.0394636 0.0470736 0.0539598 0.0595357 0.0633786 0.0652877 0.0653093 0.0637096 0.060889 0.0572785 0.0532621 0.0491293 0.0450391 0.0409891 0.0368182 0.0322852 0.0272264 0.0217189 0.0161317
 0.00559681 0.00904202 0.0135463 0.0191189 0.0257281 0.033215 0.041194 0.0490588 0.0561112 0.0617197 0.0654331 0.067048 0.0666378 0.0645175 0.0611414 0.0569808 0.0524373 0.0478004 0.0432291 0.0387415 0.0342285 0.02952 0.0245105 0.0192854 0.0141577
 0.00576756 0.00932924 0.013997 0.0197842 0.026655 0.0344317 0.0426949 0.050797 0.0580034 0.0636582 0.0672969 0.0687111 0.0679773 0.0654271 0.0615454 0.056843 0.0517587 0.0466084 0.0415691 0.0366805 0.0318708 0.0270214 0.02207 0.0171069 0.0123953
 0.00597568 0.00966591 0.0145019 0.0204968 0.0276112 0.0356561 0.0441878 0.0525211 0.0598781 0.0655645 0.0690942 0.0702597 0.0691608 0.0661641 0.0617904 0.0565798 0.0509937 0.0453683 0.0399012 0.0346591 0.0296061 0.0246645 0.0198022 0.015106 0.0107907
 0.00626737 0.0101147 0.0151315 0.0213161 0.0286189 0.0368461 0.0455479 0.0540261 0.0614795 0.0671857 0.0706329 0.0715996 0.0701897 0.0667925 0.0619633 0.0562782 0.0502282 0.0441709 0.0383233 0.0327755 0.0275233 0.0225232 0.0177647 0.0133259 0.00937491
 0.00637073 0.0102907 0.0154109 0.021732 0.0291991 0.0376021 0.0464663 0.0550684 0.0625936 0.0683196 0.0717399 0.072633 0.0710927 0.0674953 0.0623909 0.0563655 0.0499336 0.0434846 0.0372695 0.0314134 0.0259476 0.0208608 0.0161598 0.0119129 0.00824696
 0.00638793 0.0103265 0.0154803 0.021857 0.0294073 0.0379226 0.0469223 0.0556688 0.0633258 0.0691476 0.0726097 0.0734843 0.0718695 0.0681491 0.0628762 0.0566348 0.0499397 0.0431908 0.0366644 0.0305222 0.0248374 0.0196358 0.0149445 0.0108252 0.00737033
 0.0064932 0.0104848 0.0156955 0.022127 0.0297284 0.0382952 0.047353 0.0561663 0.0638922 0.0697688 0.0732525 0.0741006 0.0724076 0.0685648 0.0631385 0.056723 0.0498374 0.0428825 0.0361408 0.0297926 0.0239422 0.0186489 0.0139623 0.00994352 0.00665837
 0.00658237 0.0106107 0.0158498 0.0222898 0.0298744 0.0384039 0.0474182 0.0562013 0.063928 0.0698471 0.0734128 0.0743647 0.0727683 0.0689841 0.0635571 0.0570764 0.0500683 0.0429484 0.0360168 0.0294758 0.0234565 0.0180476 0.0133205 0.0093407 0.00615656
 0.00661889 0.0106709 0.0159407 0.0224156 0.0300317 0.0385769 0.0475782 0.0563131 0.0639656 0.0698097 0.0733312 0.0742928 0.0727615 0.0690765 0.0637475 0.0573279 0.050321 0.043137 0.0360875 0.0293984 0.0232311 0.0177053 0.0129161 0.00893735 0.00580757
 0.00658684 0.0106304 0.0159018 0.0223953 0.0300511 0.0386535 0.0477181 0.0565058 0.0641829 0.070012 0.0734798 0.0743662 0.0727666 0.0690466 0.0637262 0.0573467 0.0503831 0.0432157 0.0361387 0.0293798 0.0231194 0.0175054 0.0126583 0.00866582 0.00556384
 0.00665628 0.010724 0.0160076 0.0224928 0.0301188 0.0386822 0.0477182 0.0565049 0.0642115 0.0700865 0.0735929 0.0744892 0.0728642 0.0690946 0.0637226 0.0573099 0.0503385 0.0431787 0.0361055 0.0293308 0.0230331 0.0173722 0.0124878 0.00848219 0.00539482
 0.00672728 0.0108309 0.0161519 0.0226677 0.030309 0.0388643 0.0478648 0.0565915 0.0642276 0.0700423 0.073517 0.0744149 0.0728125 0.0690658 0.0637019 0.0572807 0.0502935 0.0431208 0.03604 0.0292581 0.0229475 0.0172682 0.0123672 0.00835593 0.00527844
 0.00663349 0.0107003 0.0159952 0.0225075 0.0301718 0.0387684 0.0478119 0.0565668 0.0642092 0.0700148 0.0734804 0.074386 0.0728167 0.069124 0.0638191 0.0574435 0.0504763 0.0432967 0.0361892 0.0293694 0.0230162 0.0172946 0.0123569 0.00832013 0.00523146
 0.00661777 0.0106768 0.0159648 0.0224754 0.0301497 0.0387756 0.0478714 0.0566964 0.064408 0.0702544 0.0737095 0.0745495 0.07288 0.0690869 0.0637115 0.0573072 0.0503459 0.0431895 0.0361059 0.029302 0.0229553 0.0172341 0.0122952 0.00825984 0.00517741
 0.00662284 0.0106803 0.0159616 0.0224577 0.03011 0.0387105 0.0477864 0.0566081 0.0643423 0.0702387 0.0737612 0.074665 0.0730322 0.0692354 0.0638206 0.0573608 0.0503504 0.043164 0.0360698 0.0292661 0.0229221 0.0172014 0.0122614 0.00822564 0.00514559
 0.00665614 0.0107279 0.0160208 0.0225215 0.0301679 0.0387513 0.047801 0.0565916 0.0642965 0.0701734 0.0736937 0.074616 0.0730174 0.0692578 0.0638676 0.0574107 0.050383 0.0431698 0.0360515 0.0292333 0.0228842 0.0171642 0.0122272 0.00819542 0.00512018
 0.00661286 0.0106577 0.0159156 0.0223744 0.0299751 0.0385153 0.0475331 0.0563133 0.064036 0.069961 0.0735557 0.0745705 0.0730717 0.0694066 0.0640933 0.0576848 0.0506713 0.0434406 0.0362822 0.029414 0.0230157 0.0172535 0.0122833 0.00822707 0.00513535
 0.00665832 0.0107143 0.0159684 0.0223977 0.0299378 0.0383909 0.0473094 0.0559983 0.0636584 0.0695655 0.0731952 0.0742951 0.0729181 0.0693909 0.0642087 0.057906 0.0509608 0.0437569 0.0365878 0.0296812 0.0232296 0.0174114 0.0123908 0.00829449 0.00517385
 0.00667922 0.0107571 0.0160479 0.0225296 0.0301304 0.0386341 0.047568 0.0562157 0.0637743 0.0695385 0.0730188 0.0740006 0.0725631 0.0690415 0.0639213 0.057715 0.0508743 0.0437605 0.036653 0.0297759 0.0233268 0.0174936 0.0124512 0.00833343 0.00519606
 0.00667491 0.0107381 0.0159986 0.0224318 0.0299732 0.0384246 0.0473376 0.0560116 0.0636388 0.0694868 0.0730326 0.0740409 0.0725941 0.0690492 0.0639177 0.0577267 0.0509267 0.0438647 0.0368021 0.0299496 0.0235001 0.0176456 0.0125697 0.00841627 0.00524811
 0.00665341 0.0107022 0.015942 0.022346 0.0298467 0.038245 0.0470964 0.0557132 0.0633085 0.0691716 0.0727887 0.0739117 0.0725919 0.0691528 0.0640875 0.0579265 0.0511367 0.0440801 0.0370231 0.0301716 0.0237114 0.0178314 0.0127187 0.00852438 0.00531884
 0.00648207 0.0104454 0.0155958 0.021921 0.0293647 0.0377327 0.0465809 0.0552216 0.0628679 0.0688103 0.0725366 0.0737984 0.0726404 0.069369 0.0644527 0.0583987 0.0516631 0.0446123 0.0375263 0.0306248 0.0241021 0.0181519 0.0129657 0.00870106 0.00543469
 0.00646481 0.0103953 0.0154805 0.0216993 0.0289993 0.0372097 0.0459255 0.0544979 0.0621618 0.0682044 0.0720905 0.0735434 0.0725845 0.069505 0.0647617 0.0588502 0.0522145 0.045213 0.0381257 0.0311807 0.0245854 0.0185467 0.013268 0.00891631 0.005576
 0.00719804 0.0114433 0.0167887 0.0231198 0.030325 0.0382347 0.0464992 0.0545522 0.0617136 0.0673431 0.0709575 0.0723012 0.0713825 0.0684533 0.0639225 0.0582435 0.0518291 0.0450173 0.0380758 0.0312284 0.0246858 0.0186639 0.0133775 0.00900479 0.00563941
 0.00782905 0.0124638 0.0183051 0.0252018 0.0329609 0.0412774 0.0496357 0.0573399 0.0636964 0.0682006 0.070605 0.0708918 0.0692272 0.0659123 0.0613173 0.0558099 0.049708 0.0432685 0.0367012 0.0301946 0.0239414 0.0181519 0.0130426 0.008798 0.00551979
 0.00783914 0.0125583 0.0185955 0.0258499 0.0341489 0.0431493 0.0522256 0.0605132 0.0671296 0.071418 0.0730813 0.0721997 0.0691709 0.0645819 0.0590358 0.0530083 0.0467958 0.0405516 0.0343598 0.0283006 0.0224922 0.0171007 0.0123216 0.00833279 0.00523954
 0.00760338 0.012203 0.0181203 0.0252925 0.0336007 0.0427663 0.0522208 0.0611132 0.068491 0.0735323 0.075719 0.0749376 0.0715049 0.0660829 0.0594819 0.0524351 0.0454513 0.038786 0.0325097 0.0266134 0.0211029 0.016049 0.0115833 0.00785119 0.00494825
 0.0074839 0.0119896 0.0177652 0.0247438 0.0328221 0.0417672 0.0510874 0.0600221 0.0676901 0.0732843 0.0762182 0.0762241 0.0734146 0.0682675 0.0615086 0.0539288 0.0462126 0.0388312 0.0320227 0.0258476 0.0202879 0.0153368 0.011041 0.00748196 0.00472071
 0.00734455 0.0117749 0.0174616 0.0243401 0.0323033 0.0411111 0.0502722 0.0590493 0.0666171 0.0722487 0.0754299 0.0759143 0.0737511 0.0692732 0.0630254 0.055655 0.0478042 0.040021 0.0326985 0.0260568 0.0201787 0.0150786 0.0107644 0.00725768 0.00456843
 0.00738522 0.0118176 0.0174826 0.024303 0.0321682 0.0408479 0.0498704 0.0585183 0.0659788 0.0715349 0.0746933 0.0752454 0.073281 0.0691435 0.0633279 0.0563739 0.0487992 0.0410718 0.03359 0.0266578 0.0204721 0.0151356 0.0106906 0.00714352 0.00446739
 0.0074638 0.0119415 0.0176599 0.0245332 0.0324357 0.0411162 0.0500813 0.0586023 0.0658768 0.0712209 0.0741865 0.0746072 0.072604 0.0685387 0.0629081 0.0562251 0.0489457 0.0414561 0.0340875 0.0271272 0.0208114 0.015313 0.010735 0.00711175 0.00441124
