SBPRF35
7.78865
Curr Bio
531021
B35
683892
F35
0.223867
FOFL
0.182097
OFL
78761.1
Bzero
2.22533e+06
#pred survey bio
 4.66161e+06 4.36889e+06 4.09903e+06 3.80658e+06 3.49062e+06 3.16336e+06 2.81683e+06 2.51968e+06 2.26651e+06 2.02784e+06 1.79583e+06 1.54401e+06 1.35576e+06 1.18892e+06 1.0569e+06 938054 837414 764164 706856 667586 637119 620112 605069 608190 585185 582022 582667 594157 600772 595940 591645 592091 595254 575671 569187 553015 538292 540261 548921 553702 563378 567715 562388 563109 567633 558765 558934 558249 562066 567424 571585 575260 548424 550574 529674 508540 496918 498606 499582 507861 524851 525744 520980 531142 1.96902e+07 1.21722e+07 1.26327e+07 1.33308e+07 1.41258e+07 1.48823e+07 1.55324e+07 1.60561e+07 1.64604e+07 1.67638e+07 1.69874e+07 1.71504e+07 1.72687e+07 1.73544e+07 1.74167e+07 1.74622e+07 1.74955e+07 1.75201e+07 1.75383e+07 1.7552e+07 1.75622e+07 1.75699e+07 1.75758e+07 1.75802e+07 1.75836e+07 1.75862e+07 1.75882e+07 1.75898e+07 1.75909e+07 1.75918e+07 1.75925e+07 1.75931e+07 1.75935e+07 1.75938e+07 1.7594e+07 1.75942e+07 1.75944e+07 1.75945e+07 1.75946e+07 1.75946e+07 1.75947e+07 1.75947e+07 1.75948e+07 1.75948e+07 1.75948e+07 1.75948e+07 1.75948e+07 1.75949e+07 1.75949e+07 1.75949e+07 1.75949e+07 1.75949e+07 1.75949e+07 1.75949e+07 1.75949e+07 1.75949e+07 1.75949e+07 1.75949e+07 1.75949e+07 1.75949e+07 1.75949e+07 1.75949e+07 1.75949e+07 1.75949e+07 1.75949e+07 1.75949e+07 1.75949e+07 1.75949e+07 1.75949e+07 1.75949e+07 1.75949e+07 1.75949e+07 1.75949e+07 1.75949e+07 1.75949e+07 1.75949e+07 1.75949e+07 1.75949e+07 1.75949e+07 1.75949e+07 1.75949e+07 1.75949e+07 1.75949e+07 1.75949e+07 1.75949e+07 1.75949e+07 1.75949e+07 1.75949e+07 1.75949e+07 1.75949e+07 1.75949e+07 1.75949e+07 1.75949e+07 1.75949e+07 1.75949e+07 1.75949e+07 1.75949e+07 1.75949e+07 1.75949e+07 1.75949e+07 0 0 0 0 0 0 0 0 0 0 0 0 0 0 0 0 0 0 0 0 0 0 0 0 0
#obs survey bio
 3.75355e+06 3.71390e+06 4.041e+06 2.48571e+06 2.5269e+06 3.18746e+06 2.56977e+06 2.01649e+06 1.92299e+06 2.13580e+06 1.50518e+06 1.32488e+06 895671 966983 1.45438e+06 586884 615693 538663 600085 733652 613721 488256 523341 693591 483676 573660 518692 500721 762728 628708 518087 597660 742405 735218 619936 499402 662351 506235 730666 696210 399514 517331 516027 573685 647617 567624 469541 325373 513569 608510 709257 559219 668426 584371 600268 416401 595320 488250 430526 419346 616533 545080 437848 405980
#pred catch bio
 99457 96949.3 143704 195597 239298 291542 280053 270006 282680 297842 331145 285483 273054 245302 233970 216937 191671 175675 156674 144949 130190 125918 108685 128005 108748 104580 95233.6 99216.4 107257 104371 98198.3 93593.2 108990 92896.4 96405.2 92945.4 81849.1 81831.6 88408.8 85197.3 89677.4 96694.8 90331.4 86627 97464.8 89963.3 92480.1 91248 91695.4 92732.9 92181.2 115895 90121.3 109326 108366 99787.4 88861.2 90002.5 84778.7 79306.8 94526.4 100789 91394.8 77712.6 78761.1 97461.7 100108 104537 110153 115598 120202 123797 126455 128346 129653 130536 131122 131506 131754 131914 132016 132081 132122 132147 132163 132173 132180 132184 132186 132188 132189 132189 132190 132190 132190 132190 132190 132190 132190 132190 132190 132190 132190 132190 132190 132190 132190 132190 132190 132190 132190 132190 132190 132190 132190 132190 132190 132190 132190 132190 132190 132190 132190 132190 132190 132190 132190 132190 132190 132190 132190 132190 132190 132190 132190 132190 132190 132190 132190 132190 132190 132190 132190 132190 132190 132190 132190 132190 132190 132190 132190 132190 132190 132190 132190 132190 132190 132190 132190 132190 132190 132190 132190 132190 0 0 0 0 0 0 0 0 0 0 0 0 0 0 0 0 0 0 0 0 0 0 0 0 0
#obs catch bio
 0 96694.7 144094 196688 241266 295019 283506 273770 287221 303605 340137 292234 281021 251169 238160 221747 195586 180416 161153 147690 132437 128403 110079 130224 109820 105938 96027.3 100316 108487 105131 98975.8 94036.3 109871 93113.1 96286.4 92945.6 81285.1 81738.8 88227.2 84570.6 89105.6 96042.9 89533.8 85832.8 96497 88904.1 91700.8 91300 92160.1 92837.2 91592.1 115740 89212.6 108543 107457 98977.9 88191.6 89382.8 84434.1 78722.5 94001.1 100250 91295.7 77583.3
#pred cpue bio
 4.58968e+06 4.30013e+06 4.03203e+06 3.74018e+06 3.42564e+06 3.09999e+06 2.75533e+06 2.45955e+06 2.20744e+06 1.97007e+06 1.73991e+06 1.49103e+06 1.30516e+06 1.14091e+06 1.0113e+06 894850 796238 724551 668876 631367 602527 586447 572179 575656 553827 550964 551770 563081 569765 565574 561895 562799 566537 548356 543092 528191 513408 513545 520607 525259 535110 539667 534786 535661 540146 531497 531339 530002 533068 538255 542757 546794 520878 522795 502319 481610 470152 471748 472700 480597 496876 497467 492189 501131 1.85979e+07 1.15147e+07 1.19134e+07 1.25296e+07 1.32963e+07 1.40467e+07 1.46957e+07 1.52193e+07 1.56236e+07 1.59269e+07 1.61505e+07 1.63135e+07 1.64318e+07 1.65176e+07 1.65799e+07 1.66253e+07 1.66586e+07 1.66832e+07 1.67015e+07 1.67151e+07 1.67253e+07 1.67331e+07 1.67389e+07 1.67434e+07 1.67468e+07 1.67494e+07 1.67514e+07 1.67529e+07 1.6754e+07 1.6755e+07 1.67556e+07 1.67562e+07 1.67566e+07 1.67569e+07 1.67572e+07 1.67574e+07 1.67575e+07 1.67576e+07 1.67577e+07 1.67578e+07 1.67578e+07 1.67579e+07 1.67579e+07 1.67579e+07 1.67579e+07 1.6758e+07 1.6758e+07 1.6758e+07 1.6758e+07 1.6758e+07 1.6758e+07 1.6758e+07 1.6758e+07 1.6758e+07 1.6758e+07 1.6758e+07 1.6758e+07 1.6758e+07 1.6758e+07 1.6758e+07 1.6758e+07 1.6758e+07 1.6758e+07 1.6758e+07 1.6758e+07 1.6758e+07 1.6758e+07 1.6758e+07 1.6758e+07 1.6758e+07 1.6758e+07 1.6758e+07 1.6758e+07 1.6758e+07 1.6758e+07 1.6758e+07 1.6758e+07 1.6758e+07 1.6758e+07 1.6758e+07 1.6758e+07 1.6758e+07 1.6758e+07 1.6758e+07 1.6758e+07 1.6758e+07 1.6758e+07 1.6758e+07 1.6758e+07 1.6758e+07 1.6758e+07 1.6758e+07 1.6758e+07 1.6758e+07 1.6758e+07 1.6758e+07 1.6758e+07 1.6758e+07 1.6758e+07 1.6758e+07 0 0 0 0 0 0 0 0 0 0 0 0 0 0 0 0 0 0 0 0 0 0 0 0 0
#obs cpue bio
 3.3908e+06 4.45191e+06 2.45654e+06 3.44315e+06 3.02432e+06 3.09006e+06 2.09250e+06 2.14564e+06 2.27052e+06 1.35174e+06 1.48586e+06 1.24824e+06 1.17321e+06 1.26814e+06 857808 870964 805147 514070 436468 689074 456674 520237 559626 490826 629357 398331 610883 497330 431657 603593 512895 564663 471781 445515 765919 548898 705224 360674 493251 631697 779845 725820 735882 584447 659911 629762 585931 453756 403208 682314 714995 566073 591004 566419 509458 661400 411421 564410 479855 728720 458009 512469 442604 592965
#pred surv len freq
 0.00458205 0.00742089 0.0111401 0.0157273 0.0211002 0.0270393 0.0331462 0.0389233 0.0439471 0.0479994 0.0510738 0.053296 0.0548412 0.0558781 0.0565299 0.0568523 0.0568342 0.0564101 0.0554565 0.0537594 0.050995 0.0467981 0.0409598 0.0336703 0.0256193
 0.00497515 0.0079657 0.0117901 0.0163918 0.0216846 0.0274995 0.0335194 0.0393051 0.0444207 0.0485633 0.0516169 0.0536399 0.0548244 0.055435 0.055725 0.0558587 0.0558689 0.0556532 0.0549858 0.0535311 0.050879 0.0466521 0.0407005 0.0333025 0.0252116
 0.00512518 0.00825738 0.0123105 0.0172335 0.0229024 0.0290557 0.0352564 0.0409802 0.0458008 0.0495197 0.0521526 0.0538317 0.054733 0.0550584 0.0550269 0.0548369 0.0546031 0.0542939 0.0536925 0.0524041 0.0499306 0.0458323 0.0399532 0.0326099 0.0245992
 0.00530865 0.00854004 0.0127124 0.0177773 0.0236255 0.0300178 0.0365239 0.0425823 0.0476746 0.051485 0.053948 0.0552037 0.0555224 0.0552274 0.054623 0.0539409 0.0533072 0.05271 0.0519591 0.0506649 0.0482987 0.0443704 0.0386848 0.0315447 0.0237475
 0.00552257 0.00888501 0.0132256 0.0184899 0.0245564 0.031166 0.037866 0.0440796 0.0492854 0.0531665 0.0556366 0.0567857 0.0568285 0.0560699 0.0548569 0.0535093 0.0522477 0.0511325 0.0500179 0.0485353 0.0461537 0.0423587 0.0369157 0.030085 0.0226235
 0.00577295 0.0092843 0.0138129 0.0192984 0.0256097 0.0324714 0.0394037 0.0457957 0.0510953 0.0549705 0.0573382 0.0583009 0.0580785 0.0569648 0.0552889 0.0533705 0.0514681 0.0497162 0.0480565 0.0461954 0.0436466 0.0399026 0.0347002 0.0282427 0.0212152
 0.0060956 0.00979709 0.0145631 0.0203233 0.0269313 0.0340882 0.0412798 0.0478546 0.0532265 0.0570458 0.0592308 0.0599003 0.0592988 0.057743 0.0555743 0.0531127 0.0506175 0.0482453 0.045994 0.0436531 0.04082 0.037041 0.0320545 0.0260098 0.0194996
 0.00640297 0.0102867 0.0152818 0.0213093 0.0282098 0.0356626 0.0431208 0.0498933 0.0553587 0.0591465 0.0611711 0.0615615 0.0605816 0.0585722 0.055897 0.0528915 0.0498229 0.0468594 0.0440308 0.0411884 0.0380136 0.034128 0.0293008 0.0236458 0.0176631
 0.00666426 0.0107081 0.01591 0.022187 0.0293691 0.0371148 0.0448435 0.0518237 0.0573988 0.0611774 0.0630696 0.0632121 0.0618842 0.0594467 0.056284 0.0527495 0.0491246 0.0455921 0.0422077 0.0388727 0.0353418 0.0313128 0.0265981 0.0212929 0.0158144
 0.0068776 0.0110615 0.0164548 0.0229762 0.0304491 0.0385096 0.0465379 0.0537545 0.05946 0.0632377 0.0649919 0.0648705 0.063175 0.0602934 0.0566367 0.0525787 0.0484148 0.0443406 0.0404335 0.0366359 0.0327659 0.0285916 0.0239712 0.0189897 0.0139916
 0.00707288 0.0113848 0.0169531 0.0236999 0.0314447 0.0398076 0.0481362 0.055607 0.0614752 0.0652887 0.0669334 0.0665583 0.0644859 0.0611381 0.0569639 0.052369 0.0476701 0.0430767 0.0386837 0.0344656 0.0302923 0.0259925 0.0214655 0.0167897 0.0122451
 0.00740467 0.0119128 0.017727 0.02476 0.0328166 0.041493 0.0501006 0.0577708 0.0637173 0.0674615 0.0688829 0.0681438 0.0655954 0.0616994 0.0569474 0.0517819 0.0465453 0.0414624 0.0366408 0.0320774 0.0276801 0.023324 0.0189403 0.0145981 0.0105168
 0.00762662 0.0122733 0.0182695 0.0255255 0.0338374 0.0427818 0.051638 0.0594989 0.0655451 0.0692777 0.0705704 0.0695894 0.0666977 0.0623763 0.0571428 0.0514702 0.045731 0.0401773 0.0349417 0.0300488 0.025441 0.0210297 0.0167679 0.0127126 0.00902945
 0.0078443 0.0126256 0.018797 0.0262659 0.0348199 0.0440165 0.0531039 0.0611364 0.0672594 0.0709532 0.072088 0.0708424 0.0676025 0.0628767 0.0572088 0.0510935 0.0449216 0.038963 0.0333714 0.0281987 0.0234198 0.0189772 0.0148399 0.01105 0.00772456
 0.00809977 0.0130188 0.0193485 0.0269827 0.035698 0.0450446 0.0542627 0.0623935 0.0685653 0.0722403 0.0732761 0.0718477 0.0683486 0.0633045 0.0572818 0.0507977 0.0442623 0.0379622 0.0320693 0.0266585 0.0217336 0.0172643 0.0132323 0.00966628 0.00664061
 0.00837831 0.0134635 0.0200015 0.0278739 0.0368361 0.0464042 0.0557742 0.0639466 0.0700306 0.073501 0.0742512 0.0724968 0.0686619 0.0632893 0.0569534 0.0501755 0.0433695 0.0368276 0.0307309 0.0251699 0.0201691 0.0157189 0.0118105 0.00845991 0.00570574
 0.00863905 0.0138773 0.0206054 0.0286964 0.0378915 0.0476851 0.0572397 0.0655143 0.0715804 0.0748935 0.0753536 0.0732107 0.068941 0.0631422 0.0564302 0.0493458 0.0423033 0.0355853 0.029365 0.023733 0.0187227 0.014336 0.0105687 0.00742522 0.00491476
 0.00870372 0.014 0.0208229 0.029054 0.0384337 0.0484391 0.0581998 0.0666357 0.0727854 0.0760844 0.076427 0.0740686 0.0695032 0.0633586 0.0562894 0.0488751 0.0415583 0.0346345 0.0282779 0.022575 0.0175578 0.0132292 0.00958235 0.00660931 0.00429488
 0.00863387 0.0139072 0.0207233 0.02898 0.038431 0.0485588 0.0584879 0.0671212 0.0734683 0.0769277 0.0773571 0.0749867 0.070305 0.063954 0.0566173 0.04891 0.0413099 0.0341422 0.0276005 0.021781 0.0167177 0.0124104 0.00884423 0.00599612 0.00382867
 0.00869315 0.013969 0.0207541 0.0289321 0.0382615 0.0482569 0.0580959 0.0667323 0.0732 0.0768815 0.0775846 0.0754754 0.0709837 0.0647137 0.057338 0.0494872 0.0416732 0.0342635 0.0274921 0.0214867 0.0162999 0.0119382 0.0083817 0.00559269 0.00351283
 0.00881518 0.0141504 0.020993 0.0292096 0.038539 0.0484783 0.0581965 0.0666592 0.072939 0.0764788 0.0771438 0.0751239 0.0708238 0.0647839 0.0576034 0.049859 0.0420441 0.0345413 0.0276216 0.0214559 0.0161341 0.0116858 0.00809835 0.00532661 0.00329548
 0.00883466 0.0141829 0.021043 0.0292805 0.0386303 0.0485819 0.0582932 0.0667181 0.0729242 0.0763626 0.0769239 0.0748356 0.0705369 0.0645815 0.0575485 0.0499674 0.0422775 0.0348247 0.0278737 0.0216176 0.0161833 0.0116356 0.00798417 0.00518962 0.00316872
 0.00881482 0.0141559 0.0210123 0.029253 0.0386151 0.0485876 0.0583245 0.0667731 0.0729919 0.0764232 0.0769523 0.0748104 0.0704531 0.0644584 0.0574273 0.0498954 0.0422853 0.0349106 0.0280044 0.0217454 0.0162677 0.011659 0.00795355 0.00512705 0.0030987
 0.00868168 0.0139418 0.0206957 0.0288186 0.0380608 0.0479337 0.0576206 0.0660963 0.0724316 0.0760571 0.0768249 0.0749228 0.070767 0.0649123 0.057957 0.0504504 0.0428343 0.0354349 0.0284867 0.0221641 0.0166011 0.0118951 0.00809631 0.00519572 0.00311954
 0.00886915 0.0142198 0.0210631 0.029254 0.0385245 0.0483739 0.0579808 0.0663239 0.0724893 0.0759348 0.0765456 0.074537 0.0703367 0.0644936 0.0575887 0.0501522 0.0426117 0.0352851 0.0284013 0.0221286 0.0165961 0.0119006 0.00809785 0.00518768 0.00310405
 0.00885045 0.0141965 0.0210405 0.0292398 0.0385246 0.0483868 0.0579944 0.0663178 0.0724431 0.0758383 0.076405 0.0743737 0.070181 0.0643749 0.0575275 0.0501558 0.0426743 0.035392 0.0285339 0.0222683 0.0167266 0.0120092 0.0081775 0.00523792 0.00313016
 0.0088977 0.014253 0.021089 0.0292533 0.0384766 0.0482646 0.0578086 0.0660999 0.072232 0.0756634 0.0762774 0.0742899 0.0701326 0.0643577 0.0575437 0.05021 0.0427681 0.0355202 0.0286845 0.0224252 0.0168738 0.012134 0.00827281 0.00530285 0.00316906
 0.00873776 0.0140221 0.0207941 0.0289167 0.0381256 0.0479183 0.0574709 0.0657665 0.0719061 0.0753687 0.0760569 0.0741887 0.0701774 0.0645449 0.0578441 0.0505825 0.0431732 0.0359263 0.0290683 0.0227695 0.0171661 0.012367 0.0084455 0.00542059 0.00324213
 0.0085343 0.0137147 0.0203766 0.0284022 0.0375468 0.0473241 0.0569206 0.0653186 0.0716033 0.0752251 0.0760574 0.0743035 0.0703803 0.064822 0.0581888 0.0509844 0.0436125 0.0363755 0.0294992 0.0231584 0.0174966 0.0126307 0.0086417 0.00555566 0.00332737
 0.00851455 0.0136688 0.0202826 0.0282334 0.0372807 0.0469562 0.0564752 0.0648491 0.0711781 0.0749059 0.0758807 0.074273 0.0704726 0.065002 0.0584245 0.0512552 0.0439066 0.0366838 0.0298088 0.0234528 0.0177591 0.0128487 0.00880926 0.00567418 0.00340402
 0.00845294 0.0135792 0.0201663 0.0280949 0.0371229 0.0467736 0.0562536 0.0645734 0.0708473 0.0745457 0.0755424 0.0740181 0.0703491 0.0650274 0.058584 0.051513 0.0442224 0.037023 0.0301458 0.0237685 0.0180383 0.0130805 0.00898833 0.0058018 0.00348729
 0.00829134 0.0133335 0.0198288 0.0276716 0.0366334 0.0462493 0.0557341 0.064101 0.0704582 0.0742617 0.0753706 0.0739585 0.0704034 0.0652004 0.0588758 0.0519099 0.0446941 0.0375286 0.0306441 0.0242259 0.0184321 0.0133986 0.00922859 0.00597028 0.0035961
 0.00800682 0.0129025 0.0192394 0.0269352 0.0357828 0.0453343 0.0548185 0.0632598 0.0697692 0.0737914 0.0751593 0.0740122 0.0706972 0.0656896 0.0595091 0.052638 0.0454715 0.0383119 0.0313913 0.0248996 0.0190045 0.0138551 0.00956874 0.00620567 0.00374639
 0.00785007 0.0126637 0.0189104 0.0265206 0.0352997 0.0448108 0.0542918 0.0627723 0.0693614 0.0734933 0.0749858 0.0739649 0.0707698 0.065872 0.059789 0.0530001 0.0458969 0.0387776 0.03187 0.0253615 0.0194211 0.0142046 0.00984006 0.00639956 0.0038733
 0.00783184 0.0125938 0.0187322 0.0261602 0.0346895 0.0439242 0.0531724 0.0615368 0.0681708 0.0725078 0.0743241 0.0736838 0.0708645 0.0662906 0.0604527 0.0538227 0.0467986 0.0396915 0.0327427 0.0261519 0.0200992 0.0147528 0.0102544 0.0066901 0.00406083
 0.008554 0.0136229 0.0200093 0.0275306 0.0359348 0.044823 0.0535566 0.0613264 0.0673867 0.0712673 0.0728198 0.0721412 0.0694884 0.0652205 0.0597454 0.0534634 0.0467267 0.0398279 0.0330091 0.0264803 0.0204358 0.0150586 0.0105056 0.0068776 0.00418789
 0.00939749 0.0149262 0.0218363 0.0298735 0.0386928 0.0477833 0.0563917 0.063634 0.0687853 0.0715167 0.0719017 0.0702574 0.0669846 0.0624811 0.0571032 0.0511473 0.0448505 0.038409 0.0320021 0.0258095 0.0200189 0.0148203 0.0103835 0.00682399 0.00416985
 0.00924151 0.0148034 0.0218918 0.0303196 0.0397479 0.0495756 0.0588715 0.0665453 0.0717145 0.0739954 0.0735243 0.0707792 0.0663764 0.0609241 0.0549249 0.0487225 0.0425067 0.0363688 0.0303708 0.0245972 0.019176 0.0142708 0.0100482 0.00663363 0.00406995
 0.00877439 0.0141037 0.020959 0.0292171 0.0386168 0.048636 0.0584 0.0668107 0.0728729 0.0759891 0.0760498 0.0733611 0.0685198 0.0622719 0.05535 0.0483279 0.0415507 0.0351584 0.0291699 0.0235754 0.0184035 0.013743 0.00971958 0.00644662 0.00397287
 0.00865732 0.0138816 0.0205688 0.0285876 0.0376971 0.0474372 0.0570342 0.0654993 0.0719093 0.0756581 0.0765294 0.0746422 0.0703816 0.064337 0.0572047 0.0496581 0.0422295 0.0352505 0.028864 0.0230905 0.0179146 0.0133485 0.00944841 0.0062838 0.00388664
 0.00854331 0.0137068 0.0203221 0.0282578 0.037265 0.0468708 0.0562966 0.0645754 0.0708453 0.0745905 0.0756765 0.0742445 0.0706091 0.0652053 0.0585494 0.0511862 0.0436276 0.0362948 0.0294783 0.0233336 0.0179174 0.0132446 0.0093304 0.00619479 0.003834
 0.00844419 0.0135567 0.0201169 0.0280012 0.0369666 0.0465421 0.0559449 0.0641991 0.0704324 0.0741278 0.0751729 0.0737574 0.0702511 0.0651131 0.0588201 0.0518166 0.0444982 0.0372144 0.0302644 0.0238807 0.0182168 0.0133571 0.00933835 0.00616454 0.00380235
 0.0085177 0.0136564 0.0202305 0.0281055 0.0370342 0.0465521 0.0558908 0.0640876 0.0702744 0.073928 0.0749257 0.0734557 0.0699058 0.0647696 0.0585573 0.0517179 0.0446081 0.0375076 0.0306528 0.0242554 0.0184975 0.0135178 0.00939983 0.00616779 0.00378382
 0.00853029 0.0136777 0.0202629 0.028149 0.0370831 0.0465916 0.0558976 0.0640367 0.0701503 0.0737345 0.074686 0.0732017 0.069665 0.064561 0.0583978 0.0516312 0.0446215 0.037636 0.0308805 0.024534 0.0187656 0.0137274 0.00953355 0.00623582 0.00380939
 0.00853143 0.0136741 0.0202481 0.0281142 0.0370207 0.0464997 0.0557815 0.0639071 0.0700177 0.0736041 0.074558 0.0730766 0.0695482 0.0644639 0.0583342 0.0516143 0.0446627 0.0377423 0.0310491 0.0247468 0.0189903 0.0139287 0.00968707 0.00633527 0.00386379
 0.00876078 0.0140149 0.0207005 0.0286558 0.0376106 0.0470867 0.056312 0.0643303 0.0702909 0.0736995 0.0744673 0.0728118 0.0691389 0.0639521 0.05777 0.0510503 0.0441471 0.0373127 0.0307271 0.0245348 0.0188728 0.0138782 0.00967363 0.00633575 0.00386567
 0.00900226 0.0143778 0.0211906 0.0292563 0.0382839 0.0477797 0.0569619 0.0648706 0.0706631 0.0738654 0.0744181 0.0725665 0.0687353 0.063436 0.057188 0.0504473 0.0435654 0.0367897 0.0302914 0.0242018 0.0186415 0.0137337 0.00959277 0.00629482 0.00384618
 0.00903722 0.0144657 0.0213787 0.0296035 0.0388406 0.0485586 0.0579142 0.0658866 0.0715994 0.0745872 0.0748339 0.0726434 0.0684942 0.0629361 0.0565083 0.0496701 0.0427658 0.0360299 0.0296182 0.023645 0.0182131 0.0134283 0.0093917 0.00617263 0.00377746
 0.00878654 0.0141097 0.0209408 0.029145 0.0384518 0.0483398 0.0579521 0.0662309 0.0722427 0.0754541 0.0757905 0.0735309 0.0691747 0.0633293 0.0566026 0.04951 0.0424271 0.0355959 0.0291629 0.0232245 0.0178625 0.0131621 0.00920729 0.0060561 0.00371028
 0.00858566 0.0137872 0.0204664 0.0285017 0.0376503 0.0474349 0.0570531 0.0654908 0.07182 0.0754603 0.0762481 0.0743625 0.0702262 0.0644168 0.0575632 0.0502389 0.0428906 0.0358202 0.0292099 0.0231652 0.0177585 0.0130559 0.00912141 0.0059971 0.00367495
 0.00850786 0.0136531 0.0202499 0.0281725 0.0371801 0.0468082 0.0562824 0.0646295 0.0709664 0.0747465 0.075812 0.0743075 0.070583 0.065126 0.0584908 0.0512191 0.0437758 0.0365174 0.029691 0.023454 0.0179058 0.0131161 0.00913761 0.00599642 0.00367077
 0.00847502 0.0135969 0.0201593 0.0280332 0.0369743 0.0465171 0.0558901 0.0641305 0.0703745 0.0741045 0.0751952 0.0738156 0.0703182 0.0651599 0.058835 0.0518144 0.0445093 0.0372601 0.0303376 0.0239478 0.01824 0.013318 0.00924721 0.00605052 0.00369555
 0.00879339 0.0140806 0.020823 0.0288647 0.0379343 0.0475408 0.0568881 0.0649919 0.0709808 0.0743538 0.0750311 0.0732494 0.0694344 0.0641006 0.0577645 0.0508741 0.0437809 0.0367542 0.0300105 0.0237345 0.0180854 0.0131913 0.00913981 0.00596444 0.00363333
 0.00871922 0.0139849 0.0207244 0.0287955 0.0379305 0.0476272 0.0570666 0.0652394 0.0712571 0.0746127 0.0752288 0.0733496 0.0694141 0.0639595 0.0575317 0.0506051 0.0435401 0.03659 0.0299381 0.0237361 0.0181254 0.0132367 0.0091717 0.00597923 0.00363608
 0.00884171 0.0141771 0.0210016 0.029169 0.0384077 0.0482097 0.0577443 0.065982 0.0720071 0.0752879 0.0757357 0.0736059 0.0693719 0.0636187 0.0569399 0.0498459 0.0427144 0.0357952 0.0292484 0.0231899 0.0177257 0.0129616 0.00899052 0.00586352 0.00356451
 0.00897964 0.0143931 0.0213112 0.0295805 0.0389206 0.0488126 0.0584125 0.0666773 0.072682 0.0758913 0.0762168 0.0739158 0.0694673 0.0634706 0.0565462 0.0492392 0.0419608 0.0349814 0.0284622 0.022501 0.0171733 0.0125535 0.00871053 0.00568409 0.00345672
 0.00901216 0.0144483 0.0213987 0.0297112 0.0391047 0.0490568 0.0587163 0.0670313 0.0730688 0.0762876 0.0765956 0.0742473 0.0697188 0.0636083 0.0565402 0.0490731 0.0416412 0.0345426 0.0279602 0.0219998 0.0167274 0.0121961 0.00845052 0.00551136 0.00335147
 0.00901719 0.0144413 0.021361 0.0296186 0.0389371 0.0488117 0.0584193 0.0667353 0.0728397 0.0761838 0.0766505 0.0744614 0.0700611 0.0640243 0.0569633 0.0494377 0.0418969 0.0346645 0.0279545 0.0218983 0.0165755 0.0120368 0.00831388 0.00541044 0.00328579
 0.00910363 0.014568 0.0215249 0.0298049 0.0391193 0.0489553 0.0584877 0.0667004 0.0726943 0.0759514 0.0763841 0.0742275 0.0699162 0.0639953 0.0570406 0.0495822 0.0420554 0.0347879 0.0280117 0.0218832 0.0165039 0.0119366 0.00821255 0.00532657 0.00322639
 0.00915372 0.0146405 0.0216172 0.0299079 0.0392188 0.0490342 0.058529 0.066688 0.0726167 0.075806 0.0761828 0.0739997 0.069705 0.0638459 0.0569845 0.0496253 0.0421754 0.0349436 0.0281587 0.021989 0.0165564 0.0119426 0.00818964 0.00529337 0.00319596
 0.00909946 0.0145587 0.0215058 0.0297688 0.0390569 0.0488556 0.0583402 0.066497 0.0724335 0.0756425 0.0760517 0.0739123 0.0696712 0.0638742 0.0570812 0.0497913 0.042401 0.0352061 0.0284254 0.0222266 0.0167412 0.0120668 0.00826023 0.00532575 0.00320637
 0.00935577 0.0149346 0.0219955 0.0303403 0.0396599 0.0494358 0.0588494 0.0668958 0.0726893 0.0757299 0.0759567 0.0736397 0.0692482 0.0633487 0.0565138 0.0492427 0.0419205 0.0348222 0.0281437 0.0220334 0.0166129 0.01198 0.0081983 0.00527992 0.00317312
 0.00961078 0.015342 0.0225928 0.0311504 0.0406784 0.0506156 0.060091 0.0680563 0.0736152 0.0762999 0.0761125 0.07339 0.0686527 0.0624963 0.0555053 0.0481787 0.0408913 0.0338984 0.0273692 0.0214239 0.0161599 0.0116599 0.00798215 0.00514018 0.00308706
 0.00933103 0.0149632 0.0221642 0.0307675 0.0404604 0.0506649 0.0604568 0.0687173 0.074485 0.077249 0.0769972 0.0740842 0.0690746 0.062621 0.0553608 0.0478296 0.0404185 0.0333818 0.0268749 0.0209969 0.0158219 0.0114125 0.00781317 0.00503193 0.00302181
#obs surv len freq
 nan nan nan nan nan nan nan nan nan nan nan nan nan nan nan nan nan nan nan nan nan nan nan nan nan
 0.00448985 0.00735346 0.0111854 0.0160027 0.0217032 0.0279773 0.0342893 0.0400181 0.0446955 0.0481575 0.0505138 0.0520083 0.0528994 0.0534109 0.0537244 0.0539788 0.054257 0.0545494 0.054688 0.0542799 0.052718 0.0493505 0.043801 0.0362819 0.0276665
 0.00460985 0.00755354 0.0114953 0.0164522 0.0223139 0.0287515 0.0351987 0.0410015 0.0456682 0.0490293 0.0512068 0.0524679 0.053099 0.0533508 0.0534274 0.0534822 0.0536042 0.0537828 0.0538465 0.0534002 0.0518389 0.0485148 0.0430532 0.0356599 0.0271912
 0.00477741 0.00782518 0.011903 0.0170259 0.0230769 0.029712 0.0363393 0.0422733 0.0469923 0.050307 0.0523337 0.0533481 0.0536578 0.0535446 0.0532475 0.0529517 0.0527701 0.0527062 0.0525947 0.052044 0.050454 0.0471819 0.0418524 0.0346574 0.0264236
 0.00497522 0.00814776 0.0123903 0.0177152 0.0239958 0.0308667 0.0377035 0.0437844 0.0485607 0.0518322 0.0537171 0.0544988 0.0544945 0.0539991 0.0532723 0.0525289 0.0519153 0.0514678 0.0510486 0.0502887 0.0486055 0.0453682 0.0401995 0.0332682 0.0253559
 0.00518029 0.00848553 0.0129068 0.0184562 0.0249978 0.0321428 0.039229 0.0454914 0.0503477 0.0535835 0.0553212 0.0558585 0.0555286 0.0546406 0.0534669 0.0522379 0.0511231 0.0501913 0.0493451 0.0482598 0.0463939 0.0431454 0.0381413 0.0315208 0.0240046
 0.00541055 0.00886253 0.0134793 0.0192719 0.0260947 0.0335354 0.0408932 0.0473586 0.0523127 0.0555231 0.0571131 0.0573936 0.0567163 0.0554093 0.0537617 0.0520177 0.0503622 0.0488872 0.0475337 0.0460301 0.0438959 0.0405791 0.0357254 0.0294456 0.022387
 0.0056355 0.00923139 0.0140405 0.0200731 0.0271743 0.034909 0.0425392 0.0492124 0.0542751 0.0574784 0.0589457 0.0589978 0.0579999 0.0562941 0.0541834 0.0519249 0.0497175 0.0476739 0.0457696 0.043788 0.0413183 0.0378747 0.0331365 0.0271928 0.020614
 0.00587339 0.00962078 0.0146315 0.0209142 0.0283033 0.0363386 0.0442422 0.0511164 0.0562733 0.0594498 0.0607748 0.0605848 0.0592625 0.0571648 0.0546057 0.0518502 0.049105 0.0464974 0.0440332 0.0415488 0.038707 0.0350972 0.0304445 0.0248256 0.0187349
 0.00612419 0.01003 0.0152502 0.0217909 0.0294745 0.0378146 0.0459915 0.0530609 0.058299 0.061429 0.0625873 0.06213 0.0604629 0.057963 0.0549588 0.0517229 0.0484661 0.0453228 0.042321 0.0393436 0.0361246 0.0323321 0.0277442 0.0224331 0.0168227
 0.00637051 0.0104351 0.0158683 0.0226748 0.0306651 0.0393231 0.0477829 0.0550488 0.0603585 0.0634223 0.0643871 0.0636333 0.0615941 0.0586718 0.0552137 0.0515038 0.0477573 0.0441129 0.0406133 0.0371789 0.0336064 0.0296387 0.0251085 0.0200894 0.0149416
 0.00660477 0.0108212 0.0164593 0.0235234 0.0318131 0.0407853 0.0495295 0.0569985 0.0623899 0.0653961 0.0661698 0.0651131 0.062688 0.059327 0.0554028 0.0512173 0.0469945 0.0428785 0.0389233 0.0350781 0.0311923 0.0270737 0.022605 0.0178634 0.0131523
 0.0068385 0.0112031 0.0170376 0.0243443 0.0329122 0.0421732 0.0511774 0.0588323 0.064299 0.0672533 0.0678512 0.0665115 0.0637199 0.059935 0.0555557 0.0509049 0.0462218 0.0416606 0.0372879 0.0330779 0.0289228 0.0246841 0.0202861 0.0158078 0.0115018
 0.00706802 0.0115779 0.0176047 0.0251476 0.0339837 0.0435185 0.0527615 0.0605756 0.0660892 0.0689677 0.069377 0.0677569 0.0646167 0.0604373 0.0556372 0.0505566 0.0454486 0.0404798 0.0357318 0.0312028 0.0268221 0.0224951 0.0181786 0.0139498 0.0100152
 0.00726217 0.0119012 0.018105 0.0258737 0.0349737 0.0447831 0.0542677 0.0622417 0.0677983 0.0705917 0.0708001 0.0688889 0.0653972 0.0608326 0.0556352 0.0501602 0.0446708 0.0393425 0.0342692 0.0294706 0.0249079 0.0205229 0.016297 0.0123026 0.00870411
 0.00743037 0.0121765 0.018523 0.0264695 0.0357761 0.0458046 0.0554927 0.0636201 0.0692486 0.0720134 0.0720885 0.0699494 0.0661559 0.0612424 0.055676 0.0498339 0.0439943 0.0383427 0.0329841 0.0279552 0.023243 0.0188179 0.0146798 0.0108943 0.00758792
 0.00752741 0.0123349 0.0187629 0.0268114 0.0362381 0.0463985 0.0562183 0.064462 0.0701763 0.0729837 0.0730482 0.0708368 0.0669047 0.0617882 0.0559649 0.0498298 0.0436826 0.0377299 0.0320968 0.0268417 0.021976 0.017494 0.0134096 0.00978091 0.0067024
 0.00759114 0.0124351 0.018908 0.0270076 0.0364905 0.0467107 0.0565921 0.0648965 0.0706674 0.0735237 0.0736238 0.0714266 0.0674756 0.0622952 0.0563543 0.0500471 0.0436822 0.0374845 0.0316042 0.0261285 0.0210984 0.0165339 0.0124625 0.00893661 0.00602385
 0.0076681 0.0125517 0.0190674 0.0272073 0.0367232 0.0469663 0.0568602 0.0651679 0.0709363 0.0737897 0.073892 0.0717036 0.0677634 0.0625843 0.0566199 0.0502502 0.043776 0.0374253 0.0313638 0.0257049 0.0205215 0.015863 0.0117747 0.00830835 0.005511
 0.00771946 0.0126329 0.019185 0.0273648 0.0369192 0.0471928 0.0571014 0.0654027 0.071144 0.0739582 0.074022 0.0718076 0.0678591 0.0626861 0.056731 0.0503579 0.0438521 0.0374319 0.0312644 0.025478 0.0201715 0.0154232 0.0113 0.00785924 0.00513553
 0.00777241 0.0127118 0.0192906 0.0274933 0.037064 0.0473467 0.0572578 0.0655551 0.0712854 0.0740805 0.0741184 0.0718755 0.0679024 0.0627143 0.0567553 0.0503841 0.0438745 0.0374319 0.0312154 0.0253556 0.0199657 0.0151462 0.010985 0.00754928 0.00486875
 0.00781469 0.0127754 0.0193764 0.0275984 0.0371815 0.0474672 0.0573705 0.0656502 0.0713564 0.0741267 0.0741442 0.0718884 0.0679093 0.0627199 0.0567624 0.0503936 0.0438842 0.0374338 0.0311947 0.0252951 0.0198531 0.0149828 0.0107878 0.00734602 0.00468747
 0.00782572 0.0127914 0.019397 0.0276218 0.037205 0.0474878 0.0573858 0.0656586 0.0713581 0.0741236 0.0741407 0.0718903 0.0679221 0.0627474 0.0568047 0.0504474 0.0439431 0.0374883 0.0312332 0.0253045 0.0198235 0.0149119 0.0106845 0.00722815 0.00457523
 0.00788705 0.0128835 0.019521 0.0277733 0.0373745 0.047662 0.0575492 0.065795 0.0714527 0.0741668 0.0741304 0.0718324 0.0678293 0.0626355 0.0566895 0.0503411 0.0438522 0.0374133 0.0311687 0.0252419 0.0197538 0.0148302 0.0105926 0.00713409 0.00448973
 0.00789604 0.0129006 0.0195512 0.0278219 0.0374453 0.047754 0.0576549 0.0659008 0.0715432 0.0742295 0.0741592 0.071828 0.0677972 0.0625838 0.0566271 0.0502766 0.0437926 0.0373623 0.0311258 0.0252028 0.0197128 0.0147828 0.0105383 0.00707699 0.00443636
 0.00787949 0.0128727 0.0195078 0.0277598 0.0373644 0.04766 0.0575605 0.0658233 0.0714991 0.0742275 0.0741972 0.0718952 0.0678789 0.0626671 0.0567036 0.0503426 0.0438479 0.037408 0.0311627 0.0252302 0.0197286 0.0147853 0.010528 0.0070573 0.0044127
 0.00787518 0.01286 0.0194784 0.0277028 0.0372693 0.0475222 0.0573855 0.0656289 0.0713115 0.074076 0.0741058 0.0718766 0.0679318 0.0627776 0.0568503 0.0505036 0.0440054 0.0375507 0.0312845 0.0253285 0.0198025 0.0148354 0.0105565 0.00706854 0.00441259
 0.00787246 0.0128509 0.0194559 0.027657 0.0371893 0.0473995 0.0572179 0.0654231 0.0710842 0.0738518 0.0739142 0.0717457 0.0678819 0.0628155 0.0569675 0.0506792 0.0442126 0.0377632 0.0314819 0.0254978 0.0199375 0.014935 0.0106236 0.00710888 0.00443336
 0.00789396 0.0128819 0.0194946 0.0276984 0.0372251 0.0474189 0.0572089 0.0653748 0.0709901 0.0737134 0.0737433 0.071564 0.067717 0.062694 0.0569085 0.0506889 0.0442832 0.0378767 0.0316156 0.0256305 0.020054 0.015027 0.0106892 0.00715088 0.00445712
 0.00788526 0.0128727 0.0194897 0.0277046 0.0372484 0.0474608 0.0572631 0.0654274 0.0710233 0.0737113 0.073697 0.071475 0.067597 0.0625634 0.0567912 0.0506064 0.0442489 0.037892 0.0316708 0.025709 0.020138 0.0151025 0.0107484 0.00719178 0.0044821
 0.00784433 0.0128046 0.0193853 0.0275564 0.0370549 0.0472311 0.0570204 0.0652051 0.0708551 0.0736187 0.0736826 0.0715238 0.0676858 0.0626708 0.0569045 0.0507232 0.0443729 0.0380276 0.0318179 0.0258609 0.0202832 0.0152294 0.010849 0.00726384 0.0045286
 0.0078229 0.0127662 0.0193209 0.0274552 0.036907 0.0470318 0.0567746 0.0649307 0.0705814 0.0733814 0.0735152 0.0714484 0.0677067 0.0627746 0.0570666 0.050917 0.044578 0.038232 0.0320156 0.0260474 0.0204528 0.0153751 0.0109652 0.00734871 0.00458486
 0.00781108 0.0127456 0.0192869 0.0274021 0.0368284 0.0469218 0.0566296 0.0647516 0.0703757 0.0731644 0.0733095 0.0712812 0.0676033 0.0627513 0.0571254 0.0510455 0.0447545 0.0384327 0.0322206 0.0262424 0.0206282 0.0155242 0.0110839 0.00743618 0.00464377
 0.00776428 0.0126712 0.0191784 0.0272549 0.0366415 0.0466991 0.0563816 0.064495 0.0701302 0.0729489 0.0731392 0.071167 0.067554 0.0627735 0.057222 0.0512123 0.0449786 0.0386938 0.0324944 0.0265065 0.020865 0.0157225 0.0112389 0.00754851 0.00471874
 0.00772972 0.0126124 0.0190852 0.0271171 0.0364513 0.0464561 0.0560964 0.0641895 0.0698337 0.0726906 0.0729418 0.0710444 0.067511 0.0628089 0.0573307 0.0513866 0.0452077 0.0389623 0.0327826 0.0267922 0.0211274 0.015946 0.0114151 0.00767675 0.00480438
 0.00932936 0.014852 0.0217888 0.0298975 0.0388222 0.0480109 0.0566503 0.0638078 0.0687516 0.0711941 0.0712795 0.069392 0.0659759 0.0614477 0.0561671 0.0504245 0.0444392 0.0383723 0.0323506 0.0264932 0.0209338 0.0158301 0.0113518 0.00764602 0.00479164
 0.00928505 0.0150776 0.0226535 0.0318614 0.0422366 0.0528475 0.0623298 0.0692945 0.0729221 0.0732817 0.0711277 0.0673974 0.0628148 0.0577869 0.0524981 0.0470357 0.0414648 0.0358552 0.0302869 0.0248561 0.0196829 0.0149156 0.0107172 0.00723159 0.00453917
 0.0089561 0.0145567 0.0219173 0.0309549 0.0413283 0.0522682 0.0625343 0.0706993 0.0756566 0.077002 0.0750581 0.0706263 0.0646761 0.0580924 0.0515074 0.0452417 0.0393607 0.0337994 0.0284795 0.0233763 0.0185379 0.0140755 0.0101345 0.00685187 0.00430856
 0.00881197 0.0143117 0.021529 0.0303794 0.0405359 0.0512742 0.0614399 0.0697212 0.0751134 0.0772269 0.0762485 0.0726959 0.0672188 0.0605132 0.0532665 0.0460639 0.0392927 0.03311 0.0274985 0.0223708 0.0176664 0.0134001 0.00965524 0.00653764 0.00411808
 0.00875255 0.0142115 0.0213705 0.0301414 0.0401947 0.0508087 0.0608408 0.0690072 0.0743513 0.0765487 0.0758453 0.0727703 0.0678935 0.0617394 0.0547981 0.0475377 0.0403792 0.0336447 0.0275154 0.0220389 0.0171869 0.0129285 0.00927462 0.00627016 0.00395014
 0.00871265 0.0141437 0.0212629 0.0299806 0.0399684 0.0505085 0.060466 0.068566 0.0738614 0.0760413 0.0753738 0.0724196 0.067774 0.0619524 0.0553789 0.0484095 0.041359 0.0345109 0.0281022 0.0222962 0.0171749 0.0127631 0.00906583 0.00608771 0.00382048
 0.00867158 0.0140813 0.0211768 0.0298705 0.0398347 0.0503505 0.0602812 0.0683512 0.0736152 0.0757668 0.0750828 0.0721375 0.0675443 0.0618361 0.05544 0.0486855 0.0418288 0.0350858 0.0286545 0.0227136 0.0174057 0.0128254 0.00902083 0.00600144 0.0037382
 0.00867502 0.0140807 0.0211647 0.0298369 0.0397699 0.05025 0.0601488 0.0681975 0.0734525 0.0756036 0.0749211 0.071977 0.0673899 0.0617057 0.0553662 0.0487071 0.0419723 0.0353449 0.0289826 0.0230385 0.0176607 0.0129774 0.00907698 0.00599471 0.0037052
 0.00867192 0.014078 0.0211644 0.029841 0.0397785 0.0502587 0.0601478 0.0681745 0.0733978 0.0755148 0.0748047 0.0718445 0.067254 0.0615783 0.0552613 0.0486431 0.0419697 0.035417 0.0291237 0.0232199 0.0178405 0.0131184 0.00916198 0.00602886 0.00370676
 0.00868122 0.0140904 0.0211784 0.0298538 0.0397874 0.0502626 0.0601476 0.0681716 0.0733916 0.0755008 0.0747757 0.0717946 0.0671821 0.0614904 0.0551687 0.0485611 0.0419151 0.0354042 0.029159 0.0232968 0.0179395 0.0132145 0.00923554 0.00607243 0.00372472
 0.00865748 0.0140578 0.0211402 0.0298164 0.039758 0.050246 0.060144 0.068177 0.0734004 0.0755087 0.0747804 0.0717943 0.0671746 0.0614733 0.0551417 0.0485285 0.0418855 0.0353888 0.0291673 0.0233317 0.0179951 0.0132779 0.00929257 0.00611388 0.00374873
 0.00864755 0.0140397 0.0211098 0.0297697 0.0396936 0.0501675 0.0600616 0.0681056 0.0733538 0.0754941 0.0747958 0.0718305 0.0672198 0.0615172 0.0551777 0.0485541 0.0419026 0.0354028 0.0291853 0.0233592 0.0180332 0.0133222 0.00933563 0.00614886 0.00377243
 0.00862767 0.0140106 0.0210716 0.0297244 0.0396433 0.0501139 0.060005 0.0680467 0.0732958 0.0754442 0.074763 0.0718224 0.0672384 0.0615578 0.0552312 0.0486103 0.0419544 0.0354475 0.0292243 0.0233959 0.0180701 0.0133594 0.00937053 0.00617802 0.00379362
 0.00863424 0.0140181 0.0210772 0.0297238 0.0396325 0.0500909 0.0599717 0.0680076 0.0732563 0.0754079 0.0747318 0.0717974 0.0672218 0.0615524 0.0552383 0.0486287 0.0419802 0.035476 0.0292522 0.0234222 0.0180953 0.0133838 0.00939332 0.00619764 0.00380866
 0.00861763 0.013994 0.0210463 0.029688 0.0395943 0.0500518 0.0599315 0.0679656 0.0732131 0.0753663 0.074697 0.071775 0.0672153 0.0615628 0.0552642 0.0486671 0.0420272 0.0355272 0.0293032 0.0234696 0.0181371 0.0134191 0.00942215 0.00621995 0.0038247
 0.00861763 0.013994 0.0210463 0.029688 0.0395943 0.0500518 0.0599315 0.0679656 0.0732131 0.0753663 0.074697 0.071775 0.0672153 0.0615628 0.0552642 0.0486671 0.0420272 0.0355272 0.0293032 0.0234696 0.0181371 0.0134191 0.00942215 0.00621995 0.0038247
 0.00857375 0.0139226 0.0209392 0.0295392 0.0394025 0.0498244 0.0596872 0.0677321 0.0730204 0.0752382 0.0746447 0.071797 0.0673012 0.0616976 0.055432 0.0488526 0.0422168 0.0357095 0.0294695 0.0236139 0.0182563 0.0135127 0.00949167 0.00626859 0.00385648
 0.00880847 0.0142889 0.0214599 0.0302203 0.0402263 0.0507426 0.060617 0.0685645 0.0736436 0.0755687 0.0746501 0.0714996 0.0667641 0.0610038 0.0546653 0.0480847 0.0415006 0.0350784 0.0289397 0.0231885 0.0179298 0.0132742 0.00932685 0.00616181 0.00379221
 0.00879006 0.0142846 0.0215006 0.03035 0.0404898 0.0511664 0.0611916 0.069239 0.0743352 0.0761827 0.0751014 0.0717301 0.066753 0.0607688 0.0542553 0.0475658 0.0409406 0.0345347 0.0284527 0.0227809 0.0176089 0.0130362 0.00916099 0.00605376 0.00372688
 0.00892332 0.0144914 0.0217944 0.0307385 0.0409764 0.0517501 0.0618639 0.0699764 0.0750927 0.0768923 0.0756802 0.0720968 0.0668488 0.0605736 0.0537936 0.0468994 0.0401534 0.0337139 0.0276737 0.0220973 0.01705 0.0126092 0.0088565 0.00585168 0.00360271
 0.00896522 0.0145686 0.0219267 0.0309484 0.0412827 0.052158 0.062358 0.0705223 0.075647 0.077414 0.0761358 0.0724555 0.0670769 0.0606361 0.053665 0.0465774 0.0396666 0.0331179 0.0270378 0.0214883 0.0165185 0.0121834 0.00854233 0.00563824 0.00346948
 0.00894832 0.0145419 0.021889 0.030902 0.0412363 0.0521293 0.0623732 0.0706103 0.0758286 0.0776914 0.0764883 0.0728446 0.0674557 0.0609572 0.0538859 0.0466661 0.0396085 0.0329225 0.0267387 0.0211353 0.0161645 0.0118706 0.00829483 0.00546159 0.00335538
 0.00892735 0.0145011 0.0218156 0.0307817 0.0410579 0.0518934 0.0620995 0.0703383 0.0756105 0.0775789 0.0765174 0.0730249 0.0677665 0.0613522 0.0543041 0.0470452 0.0398978 0.0330919 0.0267841 0.0210771 0.0160394 0.0117197 0.00815229 0.00534748 0.00327571
 0.00890874 0.0144654 0.0217518 0.0306756 0.0408958 0.051667 0.0618118 0.0700078 0.0752713 0.0772766 0.0763017 0.072939 0.0678354 0.0615739 0.0546472 0.0474557 0.0403118 0.0334517 0.0270507 0.0212372 0.0161041 0.0117163 0.00811249 0.00529802 0.00323288
 0.00894428 0.0145167 0.0218166 0.0307462 0.0409593 0.0517067 0.0618095 0.0699472 0.0751434 0.0770853 0.0760678 0.0726986 0.0676329 0.0614503 0.0546276 0.0475408 0.040477 0.0336549 0.0272461 0.0213895 0.0161968 0.0117528 0.00810917 0.00527482 0.00320583
 0.00885467 0.014378 0.0216213 0.0304931 0.0406545 0.0513648 0.0614539 0.0696083 0.0748527 0.0768681 0.0759382 0.0726601 0.0676824 0.0615835 0.0548401 0.047825 0.0408171 0.034024 0.0276089 0.0217106 0.0164508 0.0119307 0.00821787 0.00533149 0.00322989
 0.00895177 0.0145205 0.0218067 0.0307081 0.0408772 0.0515692 0.0616142 0.0697022 0.0748646 0.0767918 0.0757799 0.0724374 0.0674224 0.0613174 0.054599 0.0476354 0.040696 0.033975 0.0276211 0.021762 0.0165157 0.0119881 0.0082569 0.00535129 0.00323585
 0.00897514 0.0145706 0.0219034 0.0308742 0.0411293 0.0519047 0.0620019 0.0700854 0.0751766 0.0769787 0.0758149 0.0723249 0.0671899 0.0610056 0.0542521 0.0472949 0.0403958 0.0337377 0.0274551 0.0216618 0.0164657 0.0119686 0.00825122 0.00534898 0.00323283
 0.00894462 0.0145228 0.0218361 0.0307897 0.0410378 0.0518262 0.0619654 0.0701199 0.0752974 0.077175 0.0760485 0.0725428 0.0673445 0.061071 0.054229 0.0472051 0.0402714 0.0336106 0.0273492 0.0215892 0.0164265 0.0119547 0.00825139 0.00535392 0.00323723
#pred catch len freq
 0.00335468 0.00539336 0.00803954 0.0113083 0.0152305 0.0198185 0.0250012 0.0305957 0.0363372 0.0419321 0.0471049 0.0516371 0.0553973 0.0583447 0.0604989 0.0619 0.0625799 0.0625422 0.061729 0.0599687 0.0569478 0.0522891 0.0457773 0.0376347 0.0286373
 0.00365747 0.00581653 0.00855237 0.0118489 0.0157359 0.0202644 0.0254223 0.031064 0.0369038 0.0425693 0.0476893 0.0519904 0.0553645 0.0578681 0.0596526 0.0608699 0.0615977 0.0618 0.0613079 0.0598159 0.0569149 0.0522142 0.0455643 0.0372863 0.028229
 0.00380267 0.00608068 0.00899686 0.0125352 0.0166962 0.0214662 0.026752 0.0323549 0.0380029 0.0434003 0.0482605 0.0523414 0.0554973 0.0577251 0.0591604 0.0600135 0.0604646 0.0605594 0.0601377 0.058825 0.0561111 0.051533 0.0449338 0.0366791 0.0276702
 0.00398422 0.00636101 0.00939651 0.0130773 0.0174183 0.0224261 0.0280133 0.0339443 0.0398582 0.0453467 0.0500467 0.0537241 0.0563222 0.057949 0.0588166 0.0591648 0.0591904 0.0589699 0.0583804 0.0570567 0.0544542 0.0500525 0.0436497 0.0355972 0.0267996
 0.00419246 0.00669168 0.00987961 0.0137362 0.0182677 0.0234711 0.0292503 0.0353651 0.0414529 0.0470927 0.0518794 0.0555073 0.05785 0.0589958 0.0592081 0.0588286 0.0581616 0.0573657 0.0563689 0.0548304 0.052203 0.0479379 0.041789 0.0340605 0.0256142
 0.00444813 0.00709416 0.0104622 0.0145248 0.0192812 0.0247192 0.0307263 0.0370372 0.0432614 0.0489562 0.0537075 0.0572076 0.0593227 0.0601208 0.0598437 0.0588363 0.057451 0.0559351 0.0543187 0.0523465 0.0495212 0.0453007 0.0394053 0.0320761 0.0240961
