SBPRF35
10.7918
Curr Bio
579997
B35
815364
F35
0.184034
FOFL
0.133635
OFL
65553
Bzero
3.08338e+06
#pred survey bio
 3.80267e+06 3.67052e+06 3.53965e+06 3.35871e+06 3.13259e+06 2.88749e+06 2.62463e+06 2.35724e+06 2.11953e+06 1.90036e+06 1.68677e+06 1.50963e+06 1.34135e+06 1.17707e+06 1.04575e+06 912622 808433 729890 681996 653243 633091 611766 591064 582398 565158 566657 562539 552750 544944 544046 543980 549618 555357 549949 545767 531469 520666 506432 510274 515474 517337 522833 530611 530142 538008 542555 552813 566290 578382 586289 2.13242e+07 1.33141e+07 1.4056e+07 1.5224e+07 1.66227e+07 1.80467e+07 1.93551e+07 2.04778e+07 2.1397e+07 2.21251e+07 2.26887e+07 2.31182e+07 2.34421e+07 2.3685e+07 2.38666e+07 2.40024e+07 2.4104e+07 2.41804e+07 2.4238e+07 2.42817e+07 2.4315e+07 2.43404e+07 2.43601e+07 2.43753e+07 2.43871e+07 2.43963e+07 2.44035e+07 2.44091e+07 2.44136e+07 2.44171e+07 2.44199e+07 2.44221e+07 2.44239e+07 2.44253e+07 2.44264e+07 2.44273e+07 2.44281e+07 2.44286e+07 2.44291e+07 2.44295e+07 2.44298e+07 2.443e+07 2.44302e+07 2.44304e+07 2.44305e+07 2.44306e+07 2.44307e+07 2.44307e+07 2.44308e+07 2.44308e+07 2.44309e+07 2.44309e+07 2.44309e+07 2.44309e+07 2.44309e+07 2.4431e+07 2.4431e+07 2.4431e+07 2.4431e+07 2.4431e+07 2.4431e+07 2.4431e+07 2.4431e+07 2.4431e+07 2.4431e+07 2.4431e+07 2.4431e+07 2.4431e+07 2.4431e+07 2.4431e+07 2.4431e+07 2.4431e+07 2.4431e+07 2.4431e+07 2.4431e+07 2.4431e+07 2.4431e+07 2.4431e+07 2.4431e+07 2.4431e+07 2.4431e+07 2.4431e+07 2.4431e+07 2.4431e+07 2.4431e+07 2.4431e+07 2.4431e+07 2.4431e+07 2.4431e+07 2.4431e+07 2.4431e+07 2.4431e+07 2.4431e+07 2.4431e+07 2.4431e+07 2.4431e+07 2.4431e+07 2.4431e+07 2.4431e+07 2.4431e+07 0 0 0 0 0 0 0 0 0 0 0 0 0 0 0 0 0 0 0 0 0 0 0 0 0
#obs survey bio
 2.98586e+06 3.71642e+06 3.34358e+06 1.99245e+06 3.24079e+06 3.502e+06 2.39866e+06 2.17614e+06 1.99413e+06 1.57807e+06 1.39724e+06 1.09981e+06 1.35313e+06 966279 1.09737e+06 1.53558e+06 631934 842794 718782 813504 521293 532281 523555 491617 471681 551149 621512 334498 630638 377370 510249 474961 466116 484298 567635 595546 425211 409969 687236 658931 655900 578310 632876 785153 447888 596305 492724 441354 509100 614277
#pred catch bio
 96075.6 97828 152204 206929 241832 278297 303802 297154 298286 307777 285803 283985 281739 251075 248085 216861 189093 158069 138383 128949 128249 125710 113682 118784 101389 105458 109161 106305 99415.5 97703.8 91969.9 90818.1 97844.5 93259.1 98122.5 93455.1 98000.9 85816.7 87190.9 90646.6 87376.1 85564.8 92874 86841 91596 89314.6 89747.8 93811.7 99381.6 87622.6 65553 91751.8 95840.5 102680 111700 121104 129699 136952 142749 147206 150533 152962 154705 155938 156802 157401 157814 158098 158291 158422 158512 158572 158613 158640 158659 158671 158679 158685 158689 158691 158693 158694 158695 158695 158695 158696 158696 158696 158696 158696 158696 158696 158696 158696 158696 158696 158696 158696 158696 158696 158696 158696 158696 158696 158696 158696 158696 158696 158696 158696 158696 158696 158696 158696 158696 158696 158696 158696 158696 158696 158696 158696 158696 158696 158696 158696 158696 158696 158696 158696 158696 158696 158696 158696 158696 158696 158696 158696 158696 158696 158696 158696 158696 158696 158696 158696 158696 158696 158696 158696 0 0 0 0 0 0 0 0 0 0 0 0 0 0 0 0 0 0 0 0 0 0 0 0 0
#obs catch bio
 0 97542.6 152669 208083 243209 280103 307241 301975 302685 314378 292359 291278 288094 256230 252538 218101 191726 159447 139400 129298 129393 126888 114769 120075 101862 105967 109495 107519 100134 98786.2 92530.2 91436.5 98696.2 93240.9 97959.6 93228.9 97785.3 85590.7 86628.6 90005.2 86633 84564.1 91729.9 85872.5 91000 88698.5 89618.9 93941.6 99289.6 87525.5
#pred cpue bio
 3.74136e+06 3.61176e+06 3.48225e+06 3.30154e+06 3.07603e+06 2.83163e+06 2.56955e+06 2.30301e+06 2.06618e+06 1.84804e+06 1.63589e+06 1.46027e+06 1.29422e+06 1.13276e+06 1.004e+06 874009 772438 696027 649729 622097 602589 581811 561756 553580 537204 538852 534990 525497 517952 517327 517606 523423 529463 524902 521656 508375 497447 482210 484897 489928 492152 497839 505505 504899 512194 516161 525589 538204 549654 557177 2.03003e+07 1.27064e+07 1.33295e+07 1.43484e+07 1.56893e+07 1.70982e+07 1.84032e+07 1.95253e+07 2.04443e+07 2.11724e+07 2.1736e+07 2.21654e+07 2.24894e+07 2.27323e+07 2.29139e+07 2.30496e+07 2.31513e+07 2.32277e+07 2.32853e+07 2.33289e+07 2.33622e+07 2.33877e+07 2.34073e+07 2.34225e+07 2.34343e+07 2.34435e+07 2.34507e+07 2.34564e+07 2.34609e+07 2.34644e+07 2.34672e+07 2.34694e+07 2.34712e+07 2.34726e+07 2.34737e+07 2.34746e+07 2.34753e+07 2.34759e+07 2.34764e+07 2.34767e+07 2.3477e+07 2.34773e+07 2.34775e+07 2.34776e+07 2.34778e+07 2.34779e+07 2.34779e+07 2.3478e+07 2.3478e+07 2.34781e+07 2.34781e+07 2.34782e+07 2.34782e+07 2.34782e+07 2.34782e+07 2.34782e+07 2.34782e+07 2.34782e+07 2.34782e+07 2.34782e+07 2.34782e+07 2.34782e+07 2.34783e+07 2.34783e+07 2.34783e+07 2.34783e+07 2.34783e+07 2.34783e+07 2.34783e+07 2.34783e+07 2.34783e+07 2.34783e+07 2.34783e+07 2.34783e+07 2.34783e+07 2.34783e+07 2.34783e+07 2.34783e+07 2.34783e+07 2.34783e+07 2.34783e+07 2.34783e+07 2.34783e+07 2.34783e+07 2.34783e+07 2.34783e+07 2.34783e+07 2.34783e+07 2.34783e+07 2.34783e+07 2.34783e+07 2.34783e+07 2.34783e+07 2.34783e+07 2.34783e+07 2.34783e+07 2.34783e+07 2.34783e+07 2.34783e+07 2.34783e+07 0 0 0 0 0 0 0 0 0 0 0 0 0 0 0 0 0 0 0 0 0 0 0 0 0
#obs cpue bio
 3.80217e+06 3.82108e+06 2.13025e+06 3.77805e+06 2.75041e+06 2.41281e+06 1.71527e+06 1.20837e+06 2.38186e+06 1.30376e+06 1.23466e+06 1.44849e+06 1.3839e+06 1.03951e+06 1.03249e+06 787274 547943 618240 558369 605364 466534 591614 463823 639810 656478 567368 533270 438312 479768 511291 643407 499583 580748 961684 630432 449769 723824 549905 554969 465343 479209 655173 574661 339481 526067 513108 400953 562926 847315 457121
#pred surv len freq
 0.00376624 0.00634881 0.00999205 0.0148166 0.0207732 0.0275219 0.0344282 0.0407545 0.045947 0.0498071 0.0524512 0.0541476 0.055173 0.0557446 0.0560009 0.0560058 0.0557656 0.0552418 0.0543358 0.0528389 0.0503965 0.0465753 0.0410788 0.0340229 0.0260658
 0.00399058 0.0066313 0.0102689 0.0149876 0.0207405 0.0272458 0.0339627 0.0402322 0.0455149 0.0495528 0.0523646 0.0541411 0.0551422 0.0556301 0.055821 0.0558472 0.0557397 0.0554263 0.0547286 0.0533477 0.0508754 0.0468904 0.0411672 0.033911 0.0258404
 0.00413576 0.00690863 0.0107548 0.0157575 0.0218261 0.0285827 0.0353664 0.04144 0.0462895 0.0497877 0.0521194 0.0535824 0.0544401 0.0548859 0.055066 0.0550907 0.0550133 0.0547881 0.054228 0.0529859 0.0505954 0.0466084 0.0408238 0.0335043 0.0254191
 0.004282 0.00714703 0.0111184 0.0162866 0.0225695 0.0295908 0.0366673 0.0430021 0.0479871 0.0514014 0.0533899 0.0543028 0.0545332 0.0544167 0.0541873 0.0539679 0.0537799 0.0535408 0.0530365 0.0518935 0.0496129 0.0457203 0.0400112 0.0327687 0.0247861
 0.00447061 0.00745876 0.0115966 0.0169737 0.0234988 0.0307733 0.038083 0.0445994 0.0496922 0.0531217 0.0550066 0.0556611 0.0554569 0.0547576 0.0538816 0.0530635 0.0524132 0.0518853 0.051255 0.0501134 0.047922 0.0441748 0.0386489 0.0316195 0.0238725
 0.00469891 0.00783211 0.0121626 0.0177781 0.0245766 0.032135 0.0397001 0.0464001 0.0515729 0.0549688 0.0567135 0.0571307 0.0565908 0.0554468 0.0540181 0.052573 0.0512935 0.0502218 0.0492033 0.0478599 0.0456466 0.0420291 0.0367488 0.030043 0.0226563
 0.00494098 0.0082368 0.0127918 0.0186954 0.0258324 0.0337448 0.0416234 0.0485364 0.0537799 0.0570946 0.0586242 0.0587222 0.0577855 0.0561807 0.0542289 0.0521995 0.0502926 0.0485991 0.0470384 0.0453095 0.0429215 0.0393559 0.0343301 0.0280252 0.0211103
 0.00517612 0.00863228 0.0134118 0.0196085 0.0270984 0.0353927 0.0436284 0.0508105 0.0561823 0.0594587 0.0607856 0.0605399 0.0591523 0.0570239 0.0545016 0.0518683 0.049333 0.0470064 0.0448535 0.0426455 0.0399713 0.0363687 0.0315621 0.0256825 0.0193056
 0.0054176 0.00902687 0.0140101 0.0204606 0.0282468 0.0368593 0.0454001 0.0528303 0.0583537 0.0616582 0.0628783 0.0623914 0.0606395 0.0580438 0.0549762 0.0517446 0.0485797 0.0456153 0.0428535 0.0401259 0.0371001 0.0333858 0.0287375 0.023252 0.0174128
 0.00562874 0.00938588 0.0145789 0.0213055 0.0294221 0.0383845 0.0472387 0.0548876 0.0604976 0.0637519 0.064804 0.0640562 0.0619668 0.0589641 0.0554236 0.0516594 0.0479146 0.0443449 0.0409898 0.0377393 0.0343381 0.0304723 0.0259386 0.020813 0.0154939
 0.00582056 0.00971337 0.0151013 0.0220886 0.0305261 0.0398421 0.0490329 0.056941 0.0626813 0.0659099 0.0667822 0.0657251 0.0632342 0.0597743 0.0557461 0.0514738 0.0472013 0.0430885 0.0391959 0.0354612 0.0317005 0.0276764 0.0232337 0.0184378 0.0136116
 0.00593678 0.00991804 0.0154392 0.0226135 0.0312919 0.0408872 0.0503636 0.058522 0.0644382 0.0677396 0.0685649 0.0673372 0.064561 0.0607225 0.056251 0.0514979 0.0467263 0.0421091 0.037724 0.033544 0.029443 0.0252508 0.0208594 0.0163314 0.0119274
 0.00606107 0.0101294 0.0157752 0.0231162 0.0320012 0.0418286 0.0515354 0.0598893 0.0659364 0.0692852 0.0700665 0.0687027 0.0657027 0.0615617 0.0567228 0.0515545 0.0463385 0.0412665 0.0364392 0.0318625 0.0274591 0.0231145 0.0187617 0.0144627 0.0104264
 0.00622857 0.0104084 0.0162071 0.0237433 0.032857 0.0429235 0.052843 0.061343 0.0674409 0.0707374 0.0713741 0.0697934 0.0665245 0.0620786 0.056909 0.0513905 0.0458099 0.0403672 0.0351788 0.0302797 0.0256348 0.0211776 0.0168754 0.0127896 0.0090847
 0.00630288 0.0105469 0.0164485 0.0241349 0.0334444 0.0437336 0.0538681 0.0625351 0.0687201 0.0720094 0.0725474 0.0707908 0.0672888 0.0625722 0.0571109 0.0512903 0.0454023 0.0396511 0.0341632 0.0289949 0.0241459 0.0195901 0.015324 0.0114094 0.00797475
 0.00650722 0.0108683 0.0169127 0.0247604 0.034241 0.0447002 0.0549864 0.0637629 0.0699901 0.0732346 0.0736335 0.0716517 0.0678607 0.062822 0.0570356 0.0509082 0.0447413 0.0387405 0.0330327 0.0276825 0.0227101 0.0181169 0.0139205 0.0101816 0.00699815
 0.00665308 0.0111155 0.0173019 0.025332 0.035022 0.0456863 0.0561288 0.0649722 0.07116 0.0742721 0.0744775 0.0722708 0.0682397 0.0629513 0.0569089 0.0505275 0.0441203 0.0379036 0.0320128 0.0265222 0.0214657 0.0168621 0.0127415 0.00916055 0.00619175
 0.00673893 0.0112568 0.0175185 0.0256452 0.0354528 0.0462502 0.0568276 0.0657861 0.0720433 0.0751574 0.0752869 0.0729332 0.0687046 0.0631937 0.0569244 0.0503229 0.0437079 0.0373003 0.0312437 0.0256236 0.0204886 0.0158715 0.0118101 0.00835498 0.00555668
 0.00683178 0.0113848 0.0176693 0.0257953 0.0355768 0.0463355 0.0568854 0.0658518 0.0721649 0.0753765 0.0756213 0.0733673 0.0691912 0.0636667 0.0573158 0.0505773 0.0437898 0.0371952 0.0309562 0.0251771 0.0199245 0.0152467 0.0111897 0.00779979 0.00510929
 0.00695368 0.0115649 0.0179056 0.0260704 0.035859 0.0465828 0.0570536 0.0659069 0.0720988 0.0752187 0.0754364 0.0732335 0.0691697 0.0637768 0.0575291 0.0508308 0.0440095 0.0373177 0.0309427 0.0250181 0.019639 0.0148763 0.0107888 0.00742209 0.00479504
 0.00701753 0.0116753 0.0180824 0.0263322 0.0362139 0.0470158 0.0575185 0.0663305 0.0724011 0.0753415 0.0753661 0.0730076 0.0688631 0.063475 0.0572984 0.0506976 0.0439565 0.0372973 0.0308998 0.0249115 0.0194539 0.0146262 0.0105069 0.00714853 0.00456272
 0.00702082 0.0116948 0.0181382 0.0264523 0.0364278 0.047343 0.0579568 0.0668485 0.0729395 0.0758229 0.0757125 0.0731621 0.0688086 0.0632416 0.0569527 0.0503182 0.0436055 0.0370029 0.0306555 0.0246915 0.0192327 0.0143934 0.0102708 0.00692864 0.00437881
 0.00701163 0.011682 0.0181239 0.0264426 0.0364348 0.0473862 0.0580611 0.0670379 0.0732254 0.0761922 0.0761226 0.0735473 0.0690987 0.0633841 0.0569312 0.0501557 0.043353 0.0367169 0.0303778 0.0244399 0.0190066 0.0141862 0.0100805 0.00676047 0.00424119
 0.00695214 0.0115832 0.017972 0.0262257 0.0361479 0.047039 0.0576843 0.0666837 0.072958 0.0760716 0.0761859 0.0737951 0.0694918 0.0638524 0.0573936 0.0505447 0.0436317 0.0368833 0.0304532 0.024453 0.0189805 0.0141356 0.0100154 0.00669037 0.00417577
 0.00705121 0.011724 0.0181458 0.0264105 0.0363125 0.0471518 0.057722 0.0666362 0.0728323 0.0758918 0.0759907 0.0736296 0.0693937 0.063839 0.0574544 0.0506461 0.0437311 0.036946 0.0304639 0.0244155 0.0189102 0.01405 0.0099285 0.00661188 0.00411139
 0.00702674 0.0116876 0.0180966 0.0263474 0.036232 0.0470453 0.0575759 0.0664384 0.0725809 0.0756045 0.0757057 0.0733976 0.0692631 0.063841 0.0575935 0.0508983 0.0440509 0.0372793 0.030763 0.0246504 0.0190716 0.0141452 0.00997358 0.00662456 0.00410694
 0.00706812 0.0117471 0.0181719 0.0264315 0.0363155 0.0471189 0.0576319 0.0664686 0.0725747 0.0755487 0.0755901 0.0732243 0.069053 0.0636317 0.0574283 0.0508101 0.0440502 0.0373519 0.0308776 0.0247717 0.0191726 0.0142131 0.0100087 0.00663551 0.00410415
 0.00706255 0.0117564 0.0182188 0.0265457 0.0365225 0.0474245 0.0580106 0.0668659 0.0729232 0.0757899 0.0756897 0.0731749 0.0688701 0.063348 0.0570886 0.0504645 0.0437442 0.0371149 0.0307173 0.0246764 0.0191205 0.0141829 0.00998647 0.00661544 0.00408599
 0.00700307 0.0116656 0.0180947 0.0263944 0.0363614 0.047284 0.0579313 0.0668874 0.0730668 0.0760435 0.0760055 0.0734851 0.0691113 0.0634816 0.0571086 0.050393 0.0436194 0.0369776 0.030599 0.0245927 0.0190714 0.0141586 0.00997521 0.00660869 0.00408003
 0.00694935 0.0115686 0.0179316 0.0261409 0.0360009 0.0468209 0.0574027 0.0663633 0.0726355 0.0757859 0.0759701 0.0736723 0.0694746 0.0639432 0.0575852 0.0508193 0.0439618 0.0372333 0.0307847 0.0247305 0.0191783 0.0142433 0.0100401 0.00665459 0.00410905
 0.00690272 0.0114932 0.0178184 0.02598 0.0357817 0.0465341 0.0570446 0.0659431 0.0721822 0.0753512 0.0756213 0.0734759 0.0694739 0.0641418 0.0579436 0.0512692 0.0444291 0.0376599 0.0311393 0.0250069 0.0193852 0.0143942 0.010147 0.00672692 0.00415472
 0.00677665 0.0112975 0.0175414 0.025618 0.0353405 0.0460297 0.056504 0.0654029 0.0716829 0.0749303 0.0753107 0.0733033 0.0694637 0.0643104 0.0582893 0.0517632 0.0450168 0.0382732 0.0317153 0.0255019 0.0197799 0.0146891 0.0103547 0.00686461 0.00424005
 0.00656797 0.0109758 0.0170909 0.0250379 0.0346469 0.0452569 0.0557051 0.0646458 0.0710388 0.0744575 0.0750423 0.0732459 0.0696052 0.0646305 0.0587653 0.0523685 0.0457151 0.0390159 0.0324454 0.0261654 0.0203379 0.0151238 0.010669 0.00707543 0.00437095
 0.00643393 0.0107555 0.0167564 0.0245653 0.0340261 0.0445038 0.0548709 0.0638134 0.0703032 0.0738994 0.0747089 0.0731466 0.0697217 0.0649305 0.0592136 0.0529318 0.0463612 0.0397094 0.0331449 0.0268257 0.0209176 0.015595 0.011022 0.00731857 0.00452454
 0.00641985 0.0107052 0.0166301 0.0243101 0.0335896 0.043857 0.054029 0.0628421 0.0693073 0.0729979 0.0740085 0.0727214 0.0696025 0.0651055 0.0596385 0.0535452 0.0470982 0.0405091 0.0339519 0.0275899 0.0215957 0.0161555 0.0114508 0.00762029 0.00471872
 0.00692769 0.0114328 0.0175414 0.0253036 0.0345193 0.0445711 0.0544056 0.0628113 0.0688598 0.0721874 0.0729453 0.0715526 0.0684808 0.0641565 0.0589398 0.0531217 0.0469313 0.0405523 0.0341461 0.0278735 0.0219119 0.0164576 0.0117063 0.00781386 0.00485041
 0.00740733 0.0122182 0.0187253 0.0269521 0.0366301 0.0470227 0.0569289 0.0650236 0.0703714 0.0727333 0.0724703 0.0702075 0.0665469 0.0619508 0.0567411 0.0511327 0.0452692 0.039259 0.0332073 0.02724 0.0215186 0.0162369 0.011598 0.00777016 0.00483847
 0.00742319 0.0123337 0.0190644 0.0276839 0.0379229 0.04897 0.0594779 0.0679465 0.073297 0.0752289 0.0741454 0.07081 0.066024 0.0604526 0.0545648 0.0486321 0.0427675 0.0369933 0.0313121 0.0257601 0.0204337 0.0154894 0.0111146 0.00747789 0.00467396
 0.00713343 0.0118899 0.0184549 0.0269364 0.0371228 0.0482731 0.0591033 0.0681283 0.0741959 0.0768384 0.0762497 0.0730291 0.0679314 0.0617108 0.0550192 0.048331 0.0419123 0.035851 0.0301304 0.0247136 0.0196098 0.0149022 0.0107327 0.00725046 0.00454995
 0.00696799 0.0116033 0.0179934 0.0262462 0.0361723 0.047086 0.0577886 0.0668861 0.0732846 0.0765072 0.076657 0.0741753 0.0696354 0.0636493 0.0568226 0.0496993 0.0426997 0.0360835 0.029958 0.0243309 0.0191851 0.0145406 0.0104743 0.00709044 0.00446304
 0.00693122 0.0115318 0.0178628 0.0260227 0.0358165 0.0465621 0.0570793 0.0660113 0.0723177 0.0755823 0.0759544 0.0738796 0.0698716 0.0644232 0.0579978 0.051032 0.0439216 0.0369941 0.030481 0.0245114 0.0191396 0.0143948 0.0103197 0.00697201 0.00438938
 0.00698297 0.011594 0.0179151 0.026031 0.0357391 0.0463612 0.0567312 0.0655119 0.071684 0.0748552 0.0752049 0.0732121 0.0694143 0.0642951 0.0582626 0.0516583 0.0447796 0.037897 0.0312546 0.0250534 0.0194389 0.0145075 0.0103256 0.00693755 0.00435301
 0.00703667 0.0116787 0.0180361 0.0261872 0.0359177 0.0465327 0.0568488 0.0655184 0.0715297 0.0745172 0.0747002 0.0725989 0.0687831 0.0637543 0.0579165 0.0515786 0.0449762 0.0383072 0.0317623 0.025534 0.0198052 0.0147321 0.0104308 0.00696791 0.00434959
 0.00715971 0.0118724 0.0183152 0.0265595 0.0363802 0.0470667 0.0574141 0.0660522 0.0719532 0.0747515 0.0746861 0.0723151 0.0682565 0.0630602 0.0571647 0.0508891 0.0444479 0.0379899 0.0316445 0.0255545 0.0198846 0.0148064 0.0104697 0.006972 0.00433422
 0.00722984 0.0119828 0.0184746 0.0267729 0.0366483 0.0473834 0.0577645 0.0664119 0.0722897 0.0750272 0.0748624 0.0723562 0.0681376 0.0627774 0.0567453 0.0503926 0.043954 0.0375753 0.0313575 0.0254012 0.0198343 0.0148117 0.0104898 0.00698458 0.004335
 0.0073192 0.0121274 0.0186904 0.0270727 0.0370369 0.0478519 0.0582853 0.0669397 0.0727702 0.0754101 0.0751105 0.0724483 0.0680651 0.0625425 0.0563625 0.0498933 0.0433894 0.03701 0.0308547 0.0250046 0.0195568 0.014638 0.0103897 0.00692845 0.00430212
 0.00732929 0.0121516 0.018741 0.0271664 0.0371905 0.0480763 0.0585794 0.0672873 0.0731426 0.0757711 0.075423 0.0726794 0.06819 0.062546 0.0562405 0.0496542 0.0430561 0.03662 0.0304557 0.0246432 0.0192657 0.014429 0.0102548 0.00684882 0.00425797
 0.00726876 0.0120644 0.0186312 0.0270465 0.0370806 0.0480002 0.0585609 0.067346 0.0732882 0.0759991 0.0757123 0.0729954 0.0684911 0.0627926 0.0564015 0.0497121 0.0430092 0.0364833 0.0302585 0.0244228 0.0190582 0.0142595 0.0101331 0.00677122 0.00421344
 0.00721072 0.0119732 0.0185007 0.0268752 0.0368745 0.047776 0.0583471 0.0671799 0.0732074 0.0760293 0.075859 0.0732414 0.0688018 0.0631239 0.0567089 0.0499582 0.0431696 0.0365505 0.0302419 0.024346 0.0189514 0.0141512 0.0100427 0.00670658 0.00417309
 0.00690035 0.0115329 0.0179569 0.0262924 0.0363365 0.047356 0.0580848 0.0670781 0.0732453 0.0761811 0.076104 0.0735643 0.0691864 0.0635474 0.0571406 0.0503633 0.0435156 0.0368142 0.0304148 0.024435 0.018976 0.0141364 0.0100119 0.00667577 0.00414991
#obs surv len freq
 nan nan nan nan nan nan nan nan nan nan nan nan nan nan nan nan nan nan nan nan nan nan nan nan nan
 0.00448271 0.00734309 0.0111721 0.0159875 0.0216876 0.0279628 0.0342768 0.0400084 0.0446887 0.0481535 0.0505126 0.0520097 0.0529032 0.0534167 0.0537319 0.0539875 0.0542665 0.0545596 0.0546986 0.0542906 0.0527286 0.0493604 0.0438098 0.0362892 0.0276721
 0.00461081 0.00755378 0.0114933 0.0164459 0.0223017 0.028733 0.0351757 0.0409777 0.0456476 0.049015 0.0511998 0.0524674 0.0531032 0.0533581 0.0534366 0.0534926 0.0536154 0.0537946 0.0538587 0.0534126 0.051851 0.0485263 0.0430634 0.0356683 0.0271976
 0.00477514 0.00782094 0.0118956 0.0170136 0.0230578 0.0296843 0.0363023 0.0422279 0.0469416 0.0502564 0.0522895 0.0533161 0.0536414 0.0535443 0.0532612 0.0529762 0.0528019 0.0527428 0.0526341 0.0520847 0.0504943 0.0472201 0.0418866 0.0346858 0.0264453
 0.00496138 0.00812745 0.0123637 0.0176839 0.0239617 0.0308315 0.0376676 0.0437472 0.0485215 0.0517909 0.0536755 0.0544607 0.0544648 0.0539827 0.0532726 0.0525462 0.0519479 0.0515123 0.0511011 0.0503455 0.0486634 0.0454237 0.0402494 0.0333098 0.0253877
 0.00517939 0.0084823 0.0128988 0.0184405 0.024972 0.0321068 0.0391856 0.0454461 0.0503062 0.053549 0.0552937 0.0558359 0.055509 0.0546242 0.0534567 0.0522377 0.051136 0.050218 0.0493841 0.0483076 0.0464463 0.0431977 0.0381893 0.0315613 0.0240357
 0.00539938 0.0088454 0.0134553 0.0192405 0.0260556 0.033488 0.0408373 0.0472951 0.0522446 0.0554561 0.0570542 0.0573489 0.0566891 0.0553994 0.0537673 0.0520369 0.0503945 0.0489329 0.0475925 0.0460999 0.0439724 0.0406564 0.0357973 0.0295067 0.0224342
 0.0056453 0.00924516 0.0140572 0.0200905 0.0271893 0.0349189 0.0425421 0.0492071 0.0542606 0.0574539 0.0589112 0.058955 0.0579529 0.0562485 0.0541445 0.0518967 0.049702 0.0476719 0.0457812 0.0438121 0.0413522 0.0379142 0.0331764 0.0272286 0.0206426
 0.00589505 0.00965546 0.0146825 0.0209836 0.0283908 0.0364401 0.0443491 0.0512162 0.0563525 0.059498 0.0607868 0.0605611 0.0592081 0.0570877 0.0545152 0.0517558 0.0490149 0.0464177 0.0439674 0.0414981 0.0386707 0.0350735 0.0304304 0.024818 0.0187313
 0.00613513 0.0100503 0.0152853 0.0218472 0.0295578 0.037927 0.0461293 0.0532133 0.0584497 0.0615599 0.0626823 0.0621783 0.0604606 0.0579134 0.0548706 0.0516083 0.0483381 0.0451933 0.0421991 0.0392355 0.0360334 0.0322586 0.0276876 0.0223918 0.0167943
 0.00636356 0.0104266 0.0158609 0.0226734 0.0306761 0.0393534 0.0478384 0.0551321 0.0604676 0.0635492 0.064518 0.0637509 0.0616817 0.0587171 0.0552118 0.0514578 0.0476765 0.0440103 0.0405022 0.0370706 0.0335092 0.0295572 0.0250443 0.0200421 0.014909
 0.00662568 0.0108492 0.0164904 0.0235508 0.0318301 0.0407887 0.0495228 0.0569919 0.0623961 0.0654256 0.0662262 0.0651914 0.0627759 0.0594078 0.0554606 0.0512406 0.0469795 0.0428291 0.0388493 0.0349919 0.0311057 0.0269958 0.022541 0.0178151 0.0131187
 0.00682893 0.011192 0.0170286 0.0243427 0.032922 0.0421938 0.0512021 0.0588508 0.0643032 0.0672431 0.0678359 0.0665053 0.0637344 0.0599729 0.0556093 0.0509599 0.0462631 0.0416778 0.0372785 0.0330465 0.0288784 0.0246365 0.0202431 0.0157736 0.0114776
 0.00705822 0.0115637 0.0175865 0.0251279 0.0339666 0.0435097 0.0527667 0.0605984 0.0661282 0.0690157 0.0694233 0.0677923 0.0646388 0.0604505 0.0556488 0.0505708 0.0454635 0.0404889 0.0357283 0.0311837 0.0267896 0.0224555 0.018139 0.0139159 0.00998972
 0.00726958 0.011911 0.0181157 0.0258827 0.0349784 0.0447824 0.054263 0.0622374 0.0678 0.0706037 0.0708232 0.0689193 0.065428 0.0608572 0.0556502 0.0501662 0.0446705 0.0393375 0.0342587 0.0294529 0.0248824 0.0204916 0.0162643 0.0122732 0.00868087
 0.00745048 0.0122086 0.0185699 0.0265328 0.0358548 0.0458942 0.0555843 0.063702 0.0693096 0.0720469 0.0720945 0.0699336 0.0661255 0.0612034 0.0556317 0.0497854 0.0439427 0.0382893 0.0329303 0.0279019 0.0231909 0.0187681 0.0146345 0.0108561 0.00755862
 0.00753321 0.0123471 0.0187863 0.026852 0.0363014 0.0464865 0.0563274 0.0645822 0.0702927 0.0730805 0.0731126 0.0708624 0.0668922 0.0617443 0.0558995 0.0497525 0.0436009 0.0376484 0.0320184 0.0267681 0.0219085 0.0174338 0.0133582 0.0097395 0.00667151
 0.00757873 0.0124156 0.0188801 0.0269715 0.0364488 0.0466693 0.0565604 0.0648855 0.0706856 0.0735733 0.0736983 0.0715127 0.0675577 0.0623602 0.0563954 0.0500639 0.0436788 0.0374668 0.0315777 0.0260976 0.0210662 0.0165028 0.0124344 0.00891306 0.00600575
 0.0076304 0.0124899 0.0189739 0.0270757 0.0365508 0.0467579 0.056631 0.0649435 0.070748 0.0736669 0.0738538 0.0717541 0.0678912 0.0627661 0.0568273 0.0504568 0.0439627 0.0375819 0.0314878 0.0257986 0.0205892 0.0159096 0.011805 0.00832668 0.00552118
 0.00773366 0.0126479 0.0191927 0.0273523 0.0368721 0.0471001 0.0569608 0.0652227 0.0709433 0.0737621 0.0738581 0.0717003 0.0678241 0.0627266 0.0568366 0.050508 0.0440216 0.0375979 0.031411 0.0255973 0.020262 0.0154877 0.0113433 0.00788645 0.00515146
 0.00778724 0.0127372 0.0193304 0.0275502 0.0371365 0.0474259 0.0573261 0.0655893 0.0712649 0.0739964 0.0739791 0.0717053 0.0677335 0.0625774 0.0566712 0.0503594 0.0439021 0.0374954 0.031295 0.0254345 0.020033 0.0151973 0.0110201 0.00757125 0.00488134
 0.00782683 0.0127978 0.0194152 0.0276606 0.0372734 0.0475907 0.0575199 0.0658099 0.0715024 0.0742311 0.0741829 0.0718488 0.0677959 0.0625543 0.0565767 0.0502205 0.0437475 0.0373431 0.0311466 0.025278 0.0198535 0.0149896 0.0107947 0.00735058 0.00468961
 0.0078414 0.012817 0.0194357 0.027677 0.0372801 0.047585 0.0575051 0.0657964 0.0715053 0.0742655 0.0742575 0.0719609 0.0679296 0.062685 0.0566804 0.0502824 0.0437659 0.0373256 0.0311024 0.0252113 0.0197637 0.0148766 0.0106646 0.00721696 0.00456868
 0.00786366 0.0128491 0.0194762 0.0277215 0.0373215 0.0476153 0.057517 0.0657858 0.0714737 0.0742214 0.0742164 0.0719396 0.0679406 0.0627305 0.0567502 0.0503584 0.0438294 0.0373637 0.0311103 0.0251898 0.0197163 0.0148081 0.0105822 0.00713042 0.00448902
 0.00787826 0.0128701 0.0195028 0.0277508 0.037349 0.0476357 0.0575254 0.0657779 0.0714476 0.0741787 0.0741629 0.0718861 0.0679003 0.0627152 0.0567659 0.0504023 0.0438901 0.0374256 0.0311587 0.0252152 0.0197156 0.0147838 0.0105407 0.00708084 0.00444037
 0.00790145 0.0129046 0.0195486 0.0278055 0.037408 0.0476929 0.0575739 0.0658109 0.0714592 0.0741658 0.0741263 0.0718308 0.0678352 0.0626517 0.0567152 0.0503725 0.0438832 0.0374367 0.0311777 0.025231 0.0197198 0.0147732 0.0105173 0.00705001 0.00440877
 0.00791862 0.0129287 0.0195779 0.0278356 0.0374336 0.0477091 0.0575777 0.0658019 0.071439 0.0741373 0.0740925 0.0717949 0.0678 0.0626204 0.0566915 0.0503602 0.0438851 0.0374525 0.0312033 0.0252592 0.0197427 0.0147854 0.0105174 0.00704078 0.00439481
 0.00789883 0.0128993 0.0195385 0.0277876 0.0373792 0.0476505 0.0575166 0.0657403 0.0713801 0.0740858 0.0740545 0.0717755 0.0678023 0.0626439 0.056733 0.0504152 0.0439493 0.037522 0.031274 0.0253259 0.0198001 0.0148289 0.0105454 0.00705472 0.00439864
 0.0078725 0.0128522 0.0194602 0.0276673 0.0372094 0.0474334 0.0572683 0.0654891 0.0711595 0.0739242 0.0739683 0.0717675 0.0678647 0.0627632 0.0568933 0.0506003 0.0441441 0.0377139 0.0314528 0.0254841 0.0199322 0.0149319 0.0106192 0.00710249 0.00442602
 0.00785125 0.0128157 0.0194016 0.0275782 0.0370819 0.0472619 0.0570534 0.0652407 0.0708979 0.0736782 0.0737698 0.0716439 0.0678322 0.0628226 0.0570316 0.0507961 0.0443731 0.0379532 0.0316835 0.0256921 0.0201082 0.0150712 0.0107216 0.00717169 0.00446851
 0.00785718 0.0128213 0.0194023 0.027567 0.03705 0.0472014 0.0569589 0.0651112 0.0707371 0.0734955 0.0735805 0.071469 0.0676953 0.0627448 0.0570256 0.050862 0.0444993 0.03812 0.0318684 0.0258743 0.0202717 0.0152062 0.0108241 0.00724302 0.00451372
 0.00783013 0.0127778 0.0193378 0.0274775 0.036933 0.047057 0.0567913 0.0649289 0.0705522 0.0733211 0.0734292 0.0713517 0.0676212 0.0627219 0.0570598 0.0509555 0.0446477 0.0383113 0.032084 0.0260929 0.0204735 0.0153767 0.0109564 0.0073369 0.00457449
 0.00781012 0.0127436 0.0192834 0.0273965 0.0368204 0.0469119 0.0566188 0.0647406 0.0703639 0.073149 0.0732865 0.0712477 0.0675614 0.0627091 0.0570953 0.051039 0.0447765 0.0384787 0.0322781 0.0262972 0.0206698 0.0155491 0.0110944 0.00743766 0.00464128
 0.00777022 0.0126786 0.0191854 0.0272586 0.0366383 0.0466867 0.05636 0.0644666 0.0700992 0.0729195 0.073114 0.0711464 0.0675364 0.0627574 0.0572082 0.0512049 0.0449831 0.0387135 0.032528 0.0265472 0.0209042 0.0157534 0.0112587 0.00755869 0.00472246
 0.00772454 0.0126044 0.019074 0.0271023 0.0364323 0.0464322 0.0560668 0.0641541 0.0697938 0.0726496 0.0729048 0.0710165 0.067496 0.0628073 0.0573405 0.0514055 0.0452339 0.0389954 0.0328221 0.0268358 0.0211705 0.0159836 0.0114437 0.00769548 0.00481492
 0.00934178 0.01487 0.021812 0.029924 0.0388492 0.0480352 0.0566692 0.0638189 0.0687526 0.0711834 0.0712567 0.0693589 0.0659364 0.0614071 0.0561307 0.0503961 0.0444207 0.038364 0.032352 0.0265027 0.0209487 0.0158467 0.0113669 0.00765734 0.00479879
 0.00930344 0.0151077 0.0226989 0.0319249 0.0423187 0.0529449 0.0624342 0.069393 0.0730006 0.0733289 0.0711381 0.0673716 0.0627583 0.0577084 0.0524076 0.0469428 0.0413779 0.0357801 0.0302269 0.0248118 0.0196531 0.0148975 0.0107073 0.00722665 0.00453678
 0.00898346 0.0146016 0.0219852 0.0310509 0.041455 0.0524238 0.0627102 0.0708797 0.0758211 0.0771302 0.0751341 0.0706418 0.0646313 0.0579954 0.0513719 0.0450838 0.0391966 0.0336427 0.0283403 0.0232605 0.0184477 0.0140095 0.0100893 0.00682296 0.00429129
 0.00880639 0.0143052 0.0215241 0.0303804 0.0405486 0.0513045 0.061492 0.0697965 0.0752089 0.0773349 0.0763565 0.0727892 0.0672832 0.0605389 0.0532505 0.0460104 0.0392116 0.0330141 0.0274005 0.0222811 0.0175916 0.0133427 0.0096147 0.00651122 0.00410221
 0.00873023 0.0141763 0.0213199 0.0300745 0.0401137 0.0507196 0.0607548 0.068939 0.0743163 0.0765578 0.0759012 0.0728658 0.0680135 0.0618644 0.054909 0.0476205 0.0404278 0.0336607 0.0275065 0.0220156 0.0171587 0.0129024 0.00925419 0.00625615 0.00394158
 0.00869136 0.0141097 0.0212129 0.0299123 0.0398811 0.0504043 0.0603511 0.0684512 0.073761 0.0759706 0.0753456 0.0724411 0.0678442 0.0620618 0.0555109 0.0485445 0.0414792 0.0346046 0.0281654 0.0223321 0.0171908 0.012767 0.00906432 0.00608487 0.00381813
 0.00868736 0.014101 0.0211953 0.0298794 0.0398244 0.050314 0.0602169 0.068264 0.0735152 0.0756669 0.0749964 0.0720765 0.0675178 0.0618485 0.055489 0.048762 0.0419189 0.0351743 0.0287293 0.0227684 0.0174403 0.0128438 0.00902865 0.00600371 0.00373826
 0.00868914 0.0141047 0.0212021 0.0298904 0.0398392 0.050329 0.0602245 0.0682525 0.0734706 0.0755763 0.0748518 0.0718795 0.0672836 0.0616098 0.0552948 0.0486667 0.0419618 0.0353567 0.0290059 0.023063 0.0176797 0.0129885 0.00908128 0.00599484 0.00370365
 0.00867906 0.0140903 0.0211844 0.0298715 0.0398223 0.0503175 0.0602202 0.0682551 0.0734761 0.0755766 0.074836 0.0718361 0.0672054 0.0614991 0.0551677 0.0485527 0.041896 0.0353663 0.0290949 0.0232072 0.0178366 0.0131173 0.00916068 0.00602668 0.00370423
 0.00867104 0.0140778 0.0211665 0.0298483 0.0397946 0.0502876 0.0601921 0.0682333 0.0734646 0.0755769 0.074845 0.0718463 0.0672069 0.0614828 0.0551302 0.0485001 0.0418445 0.0353371 0.0291045 0.0232583 0.0179153 0.0132004 0.00922736 0.0060673 0.00372122
 0.00865494 0.0140534 0.0211331 0.0298065 0.0397463 0.0502356 0.0601401 0.0681859 0.0734272 0.075554 0.0748396 0.0718581 0.0672318 0.0615133 0.0551575 0.0485181 0.0418531 0.0353429 0.0291182 0.0232878 0.0179612 0.0132545 0.0092779 0.00610516 0.00374367
 0.00864429 0.0140346 0.0211024 0.0297599 0.0396811 0.0501526 0.0600452 0.0680897 0.0733422 0.0754914 0.0748065 0.0718564 0.0672587 0.0615626 0.0552206 0.0485855 0.0419172 0.0354 0.0291692 0.0233364 0.0180102 0.0133032 0.00932215 0.00614037 0.00376755
 0.00864376 0.0140335 0.0211 0.0297548 0.0396714 0.0501355 0.0600175 0.0680494 0.0732898 0.0754314 0.0747469 0.0718067 0.0672272 0.0615534 0.0552332 0.0486155 0.0419577 0.0354445 0.0292132 0.0233781 0.0180493 0.0133396 0.00935454 0.00616675 0.00378657
 0.00864408 0.0140342 0.0211014 0.0297572 0.0396749 0.0501395 0.0600205 0.0680487 0.0732822 0.0754142 0.0747189 0.0717701 0.0671871 0.0615171 0.0552075 0.0486046 0.041962 0.0354612 0.0292377 0.0234063 0.018078 0.0133667 0.00937852 0.00618637 0.00380108
 0.00863308 0.0140187 0.0210824 0.0297373 0.0396573 0.050127 0.0600148 0.0680496 0.0732878 0.0754216 0.0747247 0.0717711 0.0671817 0.061506 0.0551939 0.0485931 0.041957 0.035465 0.0292502 0.023425 0.0180999 0.0133887 0.00939839 0.00620264 0.00381316
#pred catch len freq
 0.004465 0.00704113 0.0102252 0.0139251 0.0180895 0.0226947 0.0276724 0.0328631 0.0380405 0.0429669 0.0474341 0.0512858 0.0544314 0.0568475 0.0585593 0.0596149 0.060065 0.0599425 0.0592172 0.0577259 0.0551283 0.0509811 0.0449786 0.0372584 0.0285464
 0.00479012 0.00747801 0.010716 0.0143666 0.0183707 0.0227517 0.0275252 0.0326059 0.037787 0.0427865 0.0473194 0.0511683 0.0542323 0.0565322 0.0581661 0.0592462 0.0598442 0.0599542 0.0594592 0.0580992 0.0554768 0.0511638 0.0449326 0.037018 0.0282098
 0.00497968 0.0077993 0.0112178 0.015086 0.0193067 0.0238343 0.0286059 0.0334917 0.038316 0.0429007 0.0470819 0.0507117 0.0536777 0.055939 0.0575427 0.0585978 0.0592105 0.0594053 0.0590535 0.0578392 0.0552987 0.0509729 0.0446599 0.0366577 0.0278134
 0.00521392 0.00815964 0.0117258 0.015758 0.0201615 0.0248974 0.0298942 0.0349795 0.0398967 0.0443798 0.0482246 0.0513291 0.0537011 0.055432 0.0566493 0.0574721 0.0579778 0.0581593 0.0578653 0.0567544 0.0543276 0.0500959 0.0438533 0.0359203 0.0271718
 0.00549533 0.00859535 0.0123415 0.016565 0.021159 0.0260763 0.0312396 0.0364702 0.0414998 0.0460369 0.0498302 0.0527199 0.0546785 0.055823 0.0563726 0.0565691 0.0565876 0.0564632 0.0560351 0.0549246 0.0525904 0.0485087 0.0424534 0.0347368 0.0262278
 0.00584422 0.00913213 0.0130938 0.0175414 0.0223527 0.0274702 0.0328065 0.038168 0.0432699 0.0478066 0.0515163 0.0542268 0.0558911 0.0566052 0.0565875 0.0561196 0.0554601 0.0547446 0.0538921 0.0525587 0.0501959 0.0462484 0.0404506 0.033074 0.0249437
 0.00621661 0.00971188 0.0139194 0.0186337 0.0237154 0.0290896 0.0346467 0.0401665 0.0453386 0.0498411 0.0534077 0.0558704 0.0571898 0.0574666 0.0569194 0.0558348 0.0544974 0.0531015 0.0516513 0.0498896 0.0473276 0.0434263 0.0378932 0.0309385 0.0233065
 0.00656694 0.0102603 0.0147068 0.0196882 0.0250528 0.0307124 0.0365373 0.0422766 0.0475838 0.0521042 0.0555511 0.0577531 0.0586846 0.0584703 0.0573532 0.0556372 0.0536226 0.0515322 0.0494258 0.0471286 0.0442402 0.0402829 0.0349714 0.0284613 0.021396
 0.00694599 0.0108432 0.0155237 0.0207501 0.0263573 0.0322512 0.0382964 0.0442287 0.0496777 0.0542585 0.0576546 0.0596734 0.0602826 0.0596175 0.0579443 0.0555953 0.0528981 0.0501059 0.0473234 0.0444455 0.04116 0.0370689 0.03192 0.0258316 0.0193461
 0.00730055 0.0113985 0.0163209 0.0218147 0.027698 0.0338573 0.0401325 0.0462319 0.051763 0.0563302 0.0596156 0.0614282 0.0617356 0.0606723 0.0585082 0.0555858 0.0522514 0.0487869 0.0453415 0.0418769 0.0381672 0.0338993 0.0288676 0.0231676 0.0172483
 0.00759848 0.0118686 0.017003 0.0227405 0.0288898 0.035325 0.0418644 0.0481838 0.0538527 0.0584426 0.0616179 0.0631897 0.0631456 0.0616479 0.0589901 0.0555281 0.0516149 0.0475431 0.0434906 0.0394752 0.0353518 0.0308925 0.0259451 0.0205939 0.0152048
 0.00782453 0.0122269 0.0175264 0.0234572 0.029823 0.0364907 0.0432648 0.0497986 0.0556325 0.0603075 0.0634611 0.064887 0.064571 0.062691 0.0595682 0.0555882 0.051127 0.0464944 0.0418903 0.0373738 0.0328656 0.0282135 0.0233181 0.0182606 0.0133378
 0.00807623 0.0126185 0.0180843 0.0241968 0.0307512 0.0376066 0.0445576 0.0512421 0.0571817 0.0618982 0.0650135 0.0663106 0.0657712 0.0635773 0.0600624 0.0556311 0.0506808 0.0455442 0.0404477 0.0354887 0.030643 0.025821 0.0209693 0.0161685 0.0116575
 0.00833503 0.0130211 0.0186569 0.0249538 0.0316952 0.0387288 0.0458353 0.0526341 0.0586287 0.0633281 0.0663491 0.067477 0.066701 0.0642131 0.0603573 0.0555475 0.0501914 0.0446347 0.0391255 0.0337952 0.0286683 0.0237092 0.0189031 0.0143303 0.0101804
 0.00852438 0.0133235 0.0191024 0.0255676 0.0324945 0.0397175 0.0469954 0.0539218 0.0599761 0.0646528 0.0675661 0.0685091 0.0674862 0.0647079 0.060535 0.0553935 0.0496978 0.0437994 0.037958 0.0323297 0.0269778 0.0219119 0.0171501 0.0127727 0.00892894
 0.00883719 0.0137944 0.0197422 0.0263653 0.0334262 0.0407579 0.0481237 0.055115 0.0611975 0.0658436 0.0686476 0.069396 0.0681045 0.0650091 0.0605009 0.0550306 0.0490265 0.0428454 0.0367507 0.0309103 0.0254115 0.0202954 0.015604 0.0114165 0.00784812
 0.00904092 0.0141161 0.0202082 0.0269924 0.0342173 0.0416976 0.0491735 0.0562162 0.0622819 0.0668481 0.0695219 0.0701003 0.0686025 0.0652663 0.0604895 0.0547376 0.0484573 0.0420215 0.0357066 0.0296927 0.024084 0.0189417 0.0143222 0.0103005 0.0069634
 0.00911499 0.0142342 0.0203831 0.0272378 0.0345494 0.0421347 0.0497317 0.0568994 0.0630718 0.0676984 0.0703641 0.0708584 0.0692103 0.0656772 0.0606766 0.054688 0.0481688 0.0415031 0.0349809 0.0287988 0.0230795 0.0179012 0.0133295 0.00943326 0.00627496
 0.00921278 0.014367 0.0205353 0.027381 0.0346537 0.0421859 0.0497442 0.0569173 0.0631546 0.0678996 0.0707092 0.0713338 0.0697645 0.0662344 0.0611565 0.0550228 0.048313 0.0414353 0.0347028 0.0283346 0.0224751 0.017221 0.0126477 0.00881946 0.00577835
 0.00937201 0.0145967 0.0208257 0.0277017 0.0349585 0.042424 0.0498734 0.0569155 0.0630308 0.0676983 0.0705037 0.0712041 0.0697685 0.0663855 0.0614188 0.0553254 0.0485737 0.0415838 0.0346959 0.028162 0.0221582 0.0168069 0.0121978 0.00839472 0.00542452
 0.00948033 0.0147674 0.0210717 0.0280282 0.0353587 0.0428735 0.0503263 0.0573085 0.0632973 0.0677902 0.0704114 0.0709638 0.069453 0.0660795 0.0611892 0.0551984 0.0485296 0.0415707 0.0346534 0.028045 0.021951 0.0165252 0.0118798 0.0080858 0.00516204
 0.0094966 0.0148042 0.0211463 0.0281643 0.0355812 0.0431999 0.0507563 0.057816 0.0638293 0.0682729 0.0707663 0.07113 0.0694086 0.0658517 0.0608448 0.0548185 0.048179 0.041278 0.0344103 0.0278224 0.0217209 0.0162768 0.0116232 0.00784407 0.0049584
 0.00944199 0.0147246 0.0210449 0.0280527 0.0354809 0.0431408 0.0507734 0.057942 0.0640825 0.0686446 0.0712138 0.0715825 0.0697857 0.066089 0.0609147 0.0547372 0.0479947 0.0410479 0.0341773 0.027605 0.0215181 0.0160822 0.0114362 0.00767275 0.00481454
 0.00939579 0.01465 0.0209338 0.0278991 0.035283 0.0429053 0.0505201 0.0577055 0.0639085 0.0685805 0.0712937 0.0718125 0.0701361 0.0664984 0.0613081 0.0550504 0.0481944 0.0411355 0.0341786 0.0275519 0.0214357 0.0159855 0.0113344 0.00757457 0.00472866
 0.00945803 0.0147323 0.0210226 0.0279695 0.0353053 0.042855 0.0503878 0.057501 0.0636599 0.0683285 0.0710851 0.0716909 0.0701305 0.0666127 0.0615164 0.0553034 0.048436 0.0413216 0.0342891 0.0275903 0.0214197 0.0159362 0.0112699 0.00750832 0.00466985
 0.00944091 0.0147076 0.0209903 0.0279293 0.0352531 0.0427807 0.0502746 0.0573319 0.0634279 0.0680469 0.0707904 0.0714357 0.0699684 0.0665817 0.0616273 0.0555361 0.0487449 0.0416499 0.0345852 0.0278212 0.0215749 0.0160234 0.0113063 0.00751289 0.0046587
 0.0095299 0.0148362 0.0211542 0.0281141 0.0354386 0.0429464 0.0504036 0.0574101 0.0634411 0.0679808 0.0706365 0.0712005 0.0696801 0.0662873 0.0613794 0.0553753 0.0486861 0.0416793 0.0346692 0.0279206 0.0216593 0.0160777 0.0113302 0.00751463 0.00464893
 0.00951206 0.0148247 0.0211684 0.028181 0.0355834 0.0431786 0.050707 0.0577432 0.0637489 0.0682118 0.0707547 0.0711903 0.0695457 0.0660519 0.061083 0.0550675 0.0484144 0.0414753 0.034541 0.0278554 0.0216333 0.0160679 0.0113221 0.00750324 0.00463534
 0.00939523 0.0146524 0.0209431 0.0279203 0.0353195 0.0429548 0.0505707 0.0577343 0.0638857 0.0684787 0.0711014 0.0715469 0.0698455 0.0662512 0.06117 0.0550591 0.0483462 0.0413876 0.0344662 0.0278096 0.0216163 0.0160693 0.0113298 0.00750915 0.00463696
 0.00930913 0.0145124 0.0207333 0.0276277 0.0349394 0.0424985 0.0500726 0.0572536 0.0634968 0.0682529 0.0710848 0.0717435 0.0702139 0.0667171 0.0616502 0.0554873 0.0486876 0.0416397 0.034647 0.027943 0.0217203 0.0161528 0.0113947 0.0075555 0.00466636
 0.00920203 0.0143499 0.0205095 0.0273428 0.034597 0.0421024 0.0496276 0.0567721 0.0630078 0.0678066 0.0707479 0.0715821 0.0702708 0.066993 0.0621002 0.056035 0.0492503 0.0421522 0.0350741 0.0282774 0.0219718 0.0163368 0.0115251 0.00764367 0.00472198
 0.00900325 0.0140531 0.0201117 0.0268585 0.0340534 0.0415311 0.0490592 0.0562338 0.0625242 0.0674018 0.0704478 0.0714168 0.0702723 0.0671859 0.0624879 0.0565884 0.0499096 0.0428415 0.0357222 0.0288349 0.0224167 0.0166693 0.0117594 0.00779901 0.00481826
 0.00873143 0.013649 0.019574 0.0262108 0.0333375 0.0407957 0.048351 0.0555947 0.061991 0.0670044 0.0702066 0.071342 0.0703664 0.0674469 0.062909 0.0571542 0.0505884 0.0435834 0.0364652 0.0295183 0.0229955 0.0171223 0.0120875 0.00801937 0.00495515
 0.00851669 0.0133183 0.0191112 0.0256148 0.0326239 0.0399975 0.047519 0.0547951 0.0612951 0.0664741 0.0698819 0.0712372 0.0704739 0.0677452 0.0633703 0.0577481 0.0512819 0.0443374 0.0372324 0.0302468 0.0236376 0.0176453 0.01248 0.00828994 0.00512616
 0.00852927 0.0133128 0.0190546 0.0254594 0.0323184 0.0395056 0.0468376 0.0539637 0.0603914 0.0655986 0.0691382 0.0707107 0.0702163 0.0677676 0.0636481 0.0582338 0.051918 0.0450651 0.0379941 0.0309873 0.0243074 0.0182067 0.0129136 0.00859701 0.00532464
 0.00925813 0.0143495 0.0203386 0.026836 0.0335756 0.040438 0.0473019 0.0539017 0.0598257 0.0646166 0.0678747 0.0693277 0.0688762 0.0666061 0.0627535 0.0576405 0.0516137 0.0450051 0.038117 0.0312267 0.0246 0.0184989 0.0131673 0.00879228 0.00545885
