SBPRF35
8.02606
Curr Bio
562011
B35
538251
F35
0.210167
FOFL
0.210167
OFL
93923.5
Bzero
2.29316e+06
#pred survey bio
 3.30161e+06 3.21908e+06 3.04114e+06 2.93227e+06 2.81283e+06 2.58324e+06 2.21427e+06 1.93779e+06 1.76886e+06 1.58309e+06 1.42839e+06 1.32951e+06 1.23919e+06 1.12924e+06 1.0447e+06 921642 768688 694275 651710 620874 576515 555013 542956 553439 550914 553396 532329 494115 491494 498412 516985 538957 572899 600953 598006 563890 548646 538621 565668 580782 590909 602123 589684 544014 522104 515634 512738 538865 571569 569630 1.3329e+07 1.21612e+07 1.24259e+07 1.30938e+07 1.39612e+07 1.48467e+07 1.56426e+07 1.6304e+07 1.68258e+07 1.72236e+07 1.75199e+07 1.77375e+07 1.7896e+07 1.8011e+07 1.80944e+07 1.81551e+07 1.81993e+07 1.82318e+07 1.82558e+07 1.82736e+07 1.82869e+07 1.82969e+07 1.83044e+07 1.83101e+07 1.83145e+07 1.83178e+07 1.83203e+07 1.83223e+07 1.83238e+07 1.83249e+07 1.83258e+07 1.83265e+07 1.8327e+07 1.83274e+07 1.83277e+07 1.8328e+07 1.83282e+07 1.83283e+07 1.83284e+07 1.83285e+07 1.83286e+07 1.83287e+07 1.83287e+07 1.83287e+07 1.83288e+07 1.83288e+07 1.83288e+07 1.83288e+07 1.83288e+07 1.83288e+07 1.83288e+07 1.83288e+07 1.83288e+07 1.83288e+07 1.83288e+07 1.83288e+07 1.83288e+07 1.83288e+07 1.83288e+07 1.83288e+07 1.83288e+07 1.83288e+07 1.83288e+07 1.83288e+07 1.83288e+07 1.83288e+07 1.83288e+07 1.83288e+07 1.83288e+07 1.83288e+07 1.83288e+07 1.83288e+07 1.83288e+07 1.83288e+07 1.83288e+07 1.83288e+07 1.83288e+07 1.83288e+07 1.83288e+07 1.83288e+07 1.83288e+07 1.83288e+07 1.83288e+07 1.83288e+07 1.83288e+07 1.83288e+07 1.83288e+07 1.83288e+07 1.83288e+07 1.83288e+07 1.83288e+07 1.83288e+07 1.83288e+07 1.83288e+07 1.83288e+07 1.83288e+07 1.83288e+07 1.83288e+07 1.83288e+07 1.83288e+07 0 0 0 0 0 0 0 0 0 0 0 0 0 0 0 0 0 0 0 0 0 0 0 0 0
#obs survey bio
 2.98586e+06 3.71642e+06 3.34358e+06 1.99245e+06 3.24079e+06 3.502e+06 2.39866e+06 2.17614e+06 1.99413e+06 1.57807e+06 1.39724e+06 1.09981e+06 1.35313e+06 966279 1.09737e+06 1.53558e+06 631934 842794 718782 813504 521293 532281 523555 491617 471681 551149 621512 334498 630638 377370 510249 474961 466116 484298 567635 595546 425211 409969 687236 658931 655900 578310 632876 785153 447888 596305 492724 441354 509100 614277
#pred catch bio
 99682.6 97928 152468 207706 243240 280520 307024 301036 303393 313979 291834 290407 288172 255846 252149 219340 190802 159326 139344 129791 129157 126769 114624 119803 102052 106075 109808 107010 100225 98528.5 92690.7 91421.4 98378.7 93456.6 98039.3 93240.9 97667.4 85509.7 86719.4 89969.1 86608.1 84686.4 91750.6 85947.6 90839.7 88829.4 89472.7 93708.8 99338.9 87624.2 93923.5 93339.5 93975.1 97976.4 104007 110269 115829 120337 123779 126294 128075 129305 130140 130697 131066 131307 131464 131566 131631 131673 131699 131716 131727 131734 131738 131741 131743 131744 131745 131745 131745 131746 131746 131746 131746 131746 131746 131746 131746 131746 131746 131746 131746 131746 131746 131746 131746 131746 131746 131746 131746 131746 131746 131746 131746 131746 131746 131746 131746 131746 131746 131746 131746 131746 131746 131746 131746 131746 131746 131746 131746 131746 131746 131746 131746 131746 131746 131746 131746 131746 131746 131746 131746 131746 131746 131746 131746 131746 131746 131746 131746 131746 131746 131746 131746 131746 131746 131746 131746 131746 0 0 0 0 0 0 0 0 0 0 0 0 0 0 0 0 0 0 0 0 0 0 0 0 0
#obs catch bio
 0 97542.6 152669 208083 243209 280103 307241 301975 302685 314378 292359 291278 288094 256230 252538 218101 191726 159447 139400 129298 129393 126888 114769 120075 101862 105967 109495 107519 100134 98786.2 92530.2 91436.5 98696.2 93240.9 97959.6 93228.9 97785.3 85590.7 86628.6 90005.2 86633 84564.1 91729.9 85872.5 91000 88698.5 89618.9 93941.6 99289.6 87525.5
#pred cpue bio
 3.2649e+06 3.18344e+06 3.00636e+06 2.89692e+06 2.77702e+06 2.54827e+06 2.18201e+06 1.90686e+06 1.738e+06 1.55299e+06 1.39846e+06 1.29905e+06 1.20831e+06 1.09857e+06 1.01409e+06 892604 742984 669763 628200 598308 555335 534216 522338 532501 530030 532590 512378 475497 472842 479709 497750 519085 551981 579260 576890 543974 528079 516401 541329 555947 565920 576985 565353 521527 500532 494262 491523 516584 548093 546289 1.27876e+07 1.16683e+07 1.18205e+07 1.24021e+07 1.32495e+07 1.41318e+07 1.49273e+07 1.55886e+07 1.61104e+07 1.65082e+07 1.68046e+07 1.70222e+07 1.71807e+07 1.72956e+07 1.73791e+07 1.74397e+07 1.7484e+07 1.75165e+07 1.75404e+07 1.75583e+07 1.75715e+07 1.75815e+07 1.75891e+07 1.75948e+07 1.75991e+07 1.76024e+07 1.7605e+07 1.76069e+07 1.76084e+07 1.76095e+07 1.76104e+07 1.76111e+07 1.76116e+07 1.76121e+07 1.76124e+07 1.76126e+07 1.76128e+07 1.7613e+07 1.76131e+07 1.76132e+07 1.76132e+07 1.76133e+07 1.76133e+07 1.76134e+07 1.76134e+07 1.76134e+07 1.76134e+07 1.76134e+07 1.76134e+07 1.76135e+07 1.76135e+07 1.76135e+07 1.76135e+07 1.76135e+07 1.76135e+07 1.76135e+07 1.76135e+07 1.76135e+07 1.76135e+07 1.76135e+07 1.76135e+07 1.76135e+07 1.76135e+07 1.76135e+07 1.76135e+07 1.76135e+07 1.76135e+07 1.76135e+07 1.76135e+07 1.76135e+07 1.76135e+07 1.76135e+07 1.76135e+07 1.76135e+07 1.76135e+07 1.76135e+07 1.76135e+07 1.76135e+07 1.76135e+07 1.76135e+07 1.76135e+07 1.76135e+07 1.76135e+07 1.76135e+07 1.76135e+07 1.76135e+07 1.76135e+07 1.76135e+07 1.76135e+07 1.76135e+07 1.76135e+07 1.76135e+07 1.76135e+07 1.76135e+07 1.76135e+07 1.76135e+07 1.76135e+07 1.76135e+07 1.76135e+07 1.76135e+07 0 0 0 0 0 0 0 0 0 0 0 0 0 0 0 0 0 0 0 0 0 0 0 0 0
#obs cpue bio
 3.80217e+06 3.82108e+06 2.13025e+06 3.77805e+06 2.75041e+06 2.41281e+06 1.71527e+06 1.20837e+06 2.38186e+06 1.30376e+06 1.23466e+06 1.44849e+06 1.3839e+06 1.03951e+06 1.03249e+06 787274 547943 618240 558369 605364 466534 591614 463823 639810 656478 567368 533270 438312 479768 511291 643407 499583 580748 961684 630432 449769 723824 549905 554969 465343 479209 655173 574661 339481 526067 513108 400953 562926 847315 457121
#pred surv len freq
 0.00425519 0.00701828 0.0107664 0.0155437 0.0212619 0.0276043 0.0340137 0.0398481 0.0446312 0.0482053 0.0506904 0.0523284 0.0533529 0.0539375 0.0541994 0.0542246 0.0540926 0.0538765 0.0535855 0.0530494 0.0518214 0.0492301 0.0446658 0.0379928 0.0298046
 0.00452694 0.00737852 0.0111604 0.0158771 0.0214346 0.0275607 0.0337752 0.039504 0.0442891 0.0479357 0.0505015 0.0521862 0.0532264 0.0538361 0.0541791 0.0543593 0.0544276 0.0543865 0.05416 0.0535208 0.0520273 0.049085 0.0442003 0.037337 0.0291245
 0.00462436 0.00758465 0.0115521 0.0165374 0.0224108 0.0288114 0.0351423 0.0407456 0.0451713 0.0483306 0.0504281 0.0517707 0.0526225 0.0531652 0.05352 0.0537685 0.0539517 0.0540474 0.053928 0.053305 0.0517071 0.0485705 0.0434853 0.0365069 0.0283128
 0.00472904 0.00775435 0.0118107 0.0169173 0.0229577 0.0295823 0.0361863 0.0420659 0.046684 0.049852 0.051715 0.0526064 0.0528986 0.0529113 0.0528681 0.0528869 0.0529896 0.0531062 0.0530496 0.0524729 0.0508655 0.0476649 0.0425079 0.0355144 0.027403
 0.00487147 0.00799064 0.0121748 0.0174429 0.0236722 0.0304972 0.0372915 0.043332 0.048069 0.0513013 0.0531457 0.0538903 0.05387 0.0534126 0.0528119 0.0522934 0.051974 0.0518265 0.0516482 0.0510407 0.0494407 0.0462614 0.0411512 0.0342614 0.0263292
 0.00502503 0.00824612 0.0125703 0.0180185 0.0244619 0.0315176 0.0385291 0.0447386 0.0495702 0.0528132 0.0545894 0.0551922 0.0549505 0.0541742 0.0531458 0.0521117 0.0512499 0.0506151 0.0500706 0.0492431 0.0475574 0.0444024 0.0394104 0.0327257 0.0250711
 0.0052539 0.00861665 0.0131253 0.018797 0.0254928 0.0328086 0.0400546 0.0464345 0.0513417 0.0545519 0.0561912 0.0565693 0.0560334 0.0549049 0.0534672 0.0519625 0.050578 0.0494041 0.0483659 0.0471576 0.0452537 0.0420636 0.0372127 0.0308152 0.0235438
 0.00546025 0.00897469 0.0137052 0.0196765 0.026738 0.0344446 0.0420395 0.0486544 0.0536338 0.0567436 0.0581337 0.0581533 0.0571887 0.0555908 0.0536597 0.0516418 0.0497224 0.0479999 0.0464312 0.0447697 0.0425626 0.039279 0.0345669 0.0285128 0.021717
 0.00565376 0.00929288 0.0141926 0.0203816 0.0277096 0.0357224 0.0436384 0.0505481 0.0557454 0.0589466 0.0602677 0.0600497 0.0587001 0.0566116 0.0541294 0.0515339 0.0490288 0.0467234 0.0445953 0.0424426 0.0398804 0.0364488 0.0318364 0.0261138 0.0198067
 0.00590507 0.00969763 0.0147947 0.0212194 0.0288098 0.0370901 0.045248 0.0523424 0.0576449 0.0608643 0.0621152 0.0617346 0.0601205 0.0576606 0.0547081 0.0515664 0.0484692 0.0455574 0.042843 0.040172 0.0372254 0.0336147 0.0290755 0.0236699 0.0178512
 0.00617043 0.0101416 0.015485 0.0222244 0.0301805 0.0388346 0.0473085 0.0545925 0.0599166 0.0629907 0.0639662 0.0632299 0.0612195 0.0583407 0.054945 0.0513251 0.0477089 0.0442462 0.0409791 0.0378065 0.0344821 0.0306944 0.0262308 0.021149 0.0158317
 0.00638414 0.0104911 0.0160159 0.0229834 0.03121 0.040161 0.048927 0.0564544 0.0619264 0.0650161 0.0658583 0.0648487 0.0624575 0.0591336 0.0552663 0.051167 0.0470646 0.0431049 0.0393396 0.0357044 0.0320184 0.0280462 0.0236297 0.0188285 0.0139629
 0.00662682 0.0108837 0.0166033 0.0238053 0.0322935 0.041509 0.0505068 0.0581958 0.0637329 0.0667833 0.067487 0.0662484 0.0635463 0.059842 0.0555435 0.0509851 0.0464148 0.0419906 0.0377763 0.0337346 0.0297338 0.025602 0.0212318 0.0166875 0.012236
 0.00694307 0.0113878 0.0173427 0.024816 0.0335918 0.0430803 0.0522932 0.0600947 0.0656128 0.0685113 0.0689543 0.0673818 0.0643059 0.0602096 0.0555121 0.0505512 0.0455773 0.040754 0.0361587 0.03178 0.0275294 0.0232876 0.0189881 0.0146985 0.010638
 0.00708897 0.0116433 0.0177603 0.0254548 0.0345023 0.0442818 0.053754 0.0617279 0.0672944 0.0701093 0.0703547 0.0685012 0.0650919 0.0606361 0.055571 0.0502447 0.0449116 0.0397377 0.0348092 0.0301368 0.0256688 0.0213307 0.0170896 0.0130147 0.00928425
 0.00726088 0.0119262 0.0181933 0.0260781 0.0353515 0.0453764 0.0550834 0.0632408 0.0688987 0.0716834 0.0717676 0.069635 0.0658621 0.061001 0.055529 0.0498207 0.0441411 0.0386573 0.0334557 0.0285573 0.023935 0.019547 0.0153862 0.0115204 0.00809205
 0.00747771 0.0122631 0.0186716 0.0267084 0.0361337 0.0463006 0.056128 0.0643707 0.070066 0.0728308 0.0728305 0.0705439 0.0665467 0.0613996 0.0555996 0.0495485 0.0435378 0.0377542 0.032297 0.0271989 0.0224502 0.0180307 0.0139484 0.0102669 0.00709669
 0.00753462 0.0123848 0.0189075 0.0271185 0.0367703 0.0471803 0.0572111 0.0655638 0.0712501 0.0738999 0.0737171 0.0712198 0.0670057 0.0616385 0.0556082 0.0493127 0.0430486 0.037017 0.0313365 0.0260613 0.0212028 0.0167595 0.0127491 0.00922702 0.00627527
 0.00764027 0.0125145 0.0190282 0.0271825 0.0367394 0.0470581 0.0570616 0.0654961 0.0713729 0.0742699 0.0743141 0.0719605 0.0677818 0.0623513 0.0561839 0.0497002 0.0432138 0.0369407 0.0310189 0.0255271 0.0205038 0.0159708 0.0119575 0.00851398 0.00569819
 0.00770951 0.0126215 0.0191762 0.0273642 0.0369309 0.0472166 0.0571326 0.0654357 0.0711789 0.0740022 0.0740829 0.0718809 0.0679206 0.0626982 0.0566622 0.0502018 0.0436351 0.0372044 0.031082 0.0253824 0.0201783 0.0155203 0.0114553 0.0080331 0.00529417
 0.00777393 0.012722 0.0193193 0.0275524 0.037161 0.0474769 0.0573992 0.0656709 0.0713364 0.0740416 0.0739911 0.0716881 0.0676974 0.0625299 0.05661 0.0502754 0.0437904 0.0373656 0.0311731 0.0253525 0.0200141 0.0152456 0.0111195 0.00769399 0.00499963
 0.00776922 0.0127381 0.0193866 0.0277114 0.0374495 0.0479101 0.0579537 0.0662833 0.0719186 0.074505 0.0742681 0.0717463 0.0675465 0.0622203 0.0562207 0.0498888 0.0434637 0.0371133 0.0309704 0.0251564 0.0197893 0.0149816 0.0108325 0.00741558 0.00476108
 0.00782507 0.0128138 0.0194745 0.0277998 0.0375319 0.0479966 0.0580747 0.0664785 0.0722138 0.074889 0.0746863 0.0721167 0.0677903 0.0622907 0.0561173 0.0496531 0.0431592 0.0367995 0.0306826 0.0249007 0.0195535 0.0147524 0.0106081 0.00720717 0.00458454
 0.00780494 0.0127768 0.0194106 0.0276965 0.0373767 0.0477826 0.0578082 0.0661867 0.0719462 0.0747097 0.0746542 0.0722604 0.0680903 0.0626827 0.0565167 0.0499877 0.043392 0.036931 0.0307358 0.0249014 0.0195188 0.0146907 0.0105263 0.00711583 0.00449695
 0.00795198 0.0129886 0.0196783 0.027993 0.0376627 0.0480166 0.0579558 0.0662259 0.0718707 0.0745325 0.0744094 0.0719997 0.0678693 0.0625416 0.0564643 0.05 0.043427 0.0369498 0.0307178 0.0248457 0.0194361 0.0145942 0.0104275 0.0070235 0.00441825
 0.0078787 0.0128825 0.0195419 0.027835 0.0374927 0.0478384 0.0577649 0.0660141 0.0716361 0.0742883 0.0741858 0.0718362 0.0678028 0.0625952 0.0566404 0.0502786 0.0437687 0.0373053 0.0310409 0.0251053 0.0196202 0.0147076 0.0104844 0.00704168 0.00441437
 0.00781744 0.0127925 0.019425 0.0277001 0.0373547 0.0477149 0.0576714 0.0659587 0.0716148 0.0742848 0.0741774 0.071806 0.0677512 0.0625422 0.0566172 0.0503123 0.0438695 0.0374619 0.0312256 0.0252852 0.0197692 0.0148126 0.0105459 0.0070691 0.00442025
 0.00784067 0.0128316 0.0194862 0.02779 0.0374782 0.0478732 0.0578589 0.0661615 0.0718119 0.0744501 0.0742837 0.0718301 0.0676808 0.0623824 0.0563931 0.0500638 0.0436393 0.0372815 0.0311069 0.0252207 0.01974 0.0147992 0.0105351 0.0070558 0.00440523
 0.00777123 0.0127411 0.0193912 0.0277196 0.0374661 0.0479443 0.0580189 0.0663945 0.0720859 0.0747272 0.0745282 0.0720127 0.0677805 0.0623888 0.0563089 0.0499067 0.0434398 0.0370754 0.0309248 0.0250802 0.0196433 0.0147376 0.0104964 0.00703007 0.00438684
 0.00783077 0.0127953 0.0193963 0.0276151 0.0371985 0.0475007 0.0574504 0.0658092 0.0716113 0.0744608 0.0745055 0.072206 0.0681211 0.0627954 0.0567106 0.0502547 0.0437113 0.0372709 0.0310601 0.0251756 0.0197153 0.0147948 0.0105411 0.00706222 0.00440711
 0.00790658 0.0129116 0.0195556 0.0278073 0.0373946 0.0476495 0.0574841 0.0656657 0.0712675 0.0739592 0.0739507 0.0717271 0.0678193 0.0627084 0.05681 0.0504722 0.043972 0.0375179 0.0312637 0.0253294 0.0198263 0.0148737 0.0105966 0.00710002 0.0044312
 0.00794465 0.0129596 0.0196027 0.0278355 0.0373843 0.0475867 0.0573646 0.0654916 0.0710409 0.0736798 0.0736249 0.071382 0.0675084 0.0624981 0.056752 0.0505792 0.0442125 0.0378329 0.031591 0.0256235 0.0200646 0.0150522 0.0107222 0.00718326 0.00448292
 0.00784278 0.0128143 0.0194207 0.0276342 0.0371843 0.0474018 0.0571954 0.0653288 0.070874 0.0735063 0.0734522 0.071224 0.0673819 0.0624231 0.0567521 0.0506757 0.0444131 0.038122 0.0319315 0.0259687 0.0203743 0.0153025 0.0109068 0.00730841 0.00456113
 0.00776187 0.0126839 0.019228 0.0273718 0.0368557 0.0470274 0.0568146 0.0649922 0.0706263 0.0733687 0.0734163 0.0712609 0.06746 0.0625228 0.0568709 0.0508242 0.0446058 0.038366 0.0322192 0.0262769 0.0206716 0.0155607 0.0111089 0.00745173 0.00465333
 0.00780247 0.0127166 0.0192162 0.0272624 0.0365949 0.0465854 0.056207 0.0642846 0.0699187 0.0727664 0.0730008 0.0710716 0.0674901 0.0627304 0.0571989 0.0512201 0.0450332 0.0388045 0.0326558 0.0266977 0.0210578 0.0158923 0.0113717 0.00764204 0.00477861
 0.00852346 0.0137537 0.0205245 0.0287083 0.037986 0.0477243 0.0569393 0.064525 0.0696573 0.0720657 0.0719837 0.0698955 0.0663112 0.0616692 0.0563222 0.0505444 0.044542 0.0384683 0.032445 0.0265858 0.0210198 0.0159029 0.0114068 0.00768261 0.00481301
 0.00918003 0.0148058 0.0220701 0.0308031 0.0406032 0.050707 0.0599762 0.0671888 0.0715181 0.0728323 0.0715942 0.0685125 0.0642386 0.0592478 0.0538485 0.0482307 0.0425112 0.0367701 0.0310807 0.0255306 0.0202367 0.015349 0.0110366 0.0074506 0.00467758
 0.00927356 0.0150435 0.0225854 0.0317699 0.0421884 0.0529937 0.0628907 0.0704723 0.0747645 0.0755777 0.0734285 0.0691778 0.0636883 0.0576453 0.0515066 0.0455166 0.0397573 0.0342206 0.0288788 0.0237347 0.018846 0.0143271 0.0103271 0.00698843 0.00439733
 0.00896131 0.0145795 0.0219749 0.0310655 0.0414992 0.0524869 0.062775 0.0709508 0.075957 0.0774415 0.0757255 0.0715207 0.0656534 0.0589013 0.0519057 0.0451131 0.0387579 0.0328981 0.0274886 0.0224626 0.0177945 0.0135278 0.00976412 0.00662046 0.00417476
 0.00885948 0.0143833 0.0216261 0.0304993 0.040672 0.0514162 0.0615726 0.0698257 0.0751736 0.0772444 0.0762568 0.07276 0.0674038 0.0608349 0.0536582 0.0463943 0.0394308 0.0329944 0.0271623 0.0219135 0.0171995 0.0130036 0.00936299 0.0063465 0.00400573
 0.00881545 0.0143157 0.0215292 0.0303636 0.0404781 0.0511308 0.0611557 0.0692526 0.0744686 0.0765067 0.075656 0.0724888 0.0676025 0.0615233 0.0547107 0.0475769 0.0404858 0.0337308 0.027511 0.0219244 0.0169932 0.0127112 0.00908228 0.0061276 0.00385909
 0.00878564 0.0142584 0.0214274 0.0301977 0.0402321 0.0508007 0.0607534 0.0688024 0.0739969 0.076037 0.0752163 0.0721296 0.0674044 0.0615774 0.0550732 0.0482249 0.0413057 0.0345546 0.0281819 0.0223539 0.0171806 0.0127199 0.00899758 0.00602 0.00376858
 0.00871536 0.0141539 0.0212875 0.0300259 0.0400334 0.0505772 0.0605032 0.0685231 0.0736917 0.0757185 0.0749064 0.0718563 0.0672013 0.0614852 0.055136 0.0484742 0.0417358 0.0351075 0.0287585 0.0228511 0.0175309 0.0129118 0.00906474 0.00601459 0.00373602
 0.00870071 0.0141409 0.0212878 0.0300563 0.0401103 0.0507081 0.0606787 0.0687143 0.0738554 0.0758081 0.0748861 0.0717127 0.06695 0.0611694 0.054818 0.0482208 0.0415989 0.0351067 0.0288717 0.0230231 0.0176985 0.0130296 0.00911939 0.0060194 0.00371513
 0.00862789 0.0140342 0.0211495 0.0298979 0.0399519 0.0505751 0.0605975 0.0687061 0.0739283 0.0759506 0.0750651 0.071882 0.0670655 0.0612052 0.0547765 0.0481319 0.0415084 0.0350576 0.0288869 0.0230972 0.017803 0.0131298 0.009191 0.00605607 0.00372478
 0.00860324 0.014001 0.0211126 0.0298665 0.0399377 0.0505888 0.0606461 0.0687914 0.0740465 0.0760925 0.0752159 0.0720207 0.0671674 0.0612472 0.0547453 0.048031 0.0413605 0.0348981 0.0287513 0.0230075 0.0177614 0.0131221 0.00919774 0.00606245 0.00372509
 0.00863406 0.0140372 0.0211418 0.0298704 0.0398988 0.0505008 0.060521 0.068658 0.0739406 0.0760427 0.0752344 0.0721012 0.0672889 0.0613807 0.0548614 0.0481072 0.0413873 0.0348817 0.0287103 0.022964 0.0177312 0.0131099 0.00919858 0.00606823 0.00372974
 0.00855262 0.0139279 0.021019 0.0297593 0.0398251 0.0504767 0.0605368 0.0686864 0.0739531 0.0760276 0.0752029 0.0720798 0.0673024 0.0614392 0.0549563 0.0482166 0.0414871 0.0349552 0.0287528 0.0229821 0.0177365 0.0131124 0.00920296 0.00607423 0.00373525
 0.00853898 0.0138912 0.0209389 0.0296124 0.0395967 0.0501756 0.0602024 0.0683808 0.0737364 0.0759322 0.075224 0.0721862 0.0674589 0.0616218 0.0551534 0.0484211 0.0416886 0.0351399 0.0289082 0.0231021 0.0178227 0.0131716 0.00924282 0.00610076 0.00375232
 0.00862395 0.0140161 0.021101 0.0297975 0.0397792 0.0503216 0.0602765 0.0683563 0.0736077 0.075722 0.074978 0.0719557 0.0672809 0.0615095 0.0551005 0.0484129 0.0417103 0.0351786 0.028953 0.0231438 0.0178558 0.0131946 0.00925731 0.00610946 0.00375749
#obs surv len freq
 nan nan nan nan nan nan nan nan nan nan nan nan nan nan nan nan nan nan nan nan nan nan nan nan nan
 0.00448271 0.00734309 0.0111721 0.0159875 0.0216876 0.0279628 0.0342768 0.0400084 0.0446887 0.0481535 0.0505126 0.0520097 0.0529032 0.0534167 0.0537319 0.0539875 0.0542665 0.0545596 0.0546986 0.0542906 0.0527286 0.0493604 0.0438098 0.0362892 0.0276721
 0.00461081 0.00755378 0.0114933 0.0164459 0.0223017 0.028733 0.0351757 0.0409777 0.0456476 0.049015 0.0511998 0.0524674 0.0531032 0.0533581 0.0534366 0.0534926 0.0536154 0.0537946 0.0538587 0.0534126 0.051851 0.0485263 0.0430634 0.0356683 0.0271976
 0.00477514 0.00782094 0.0118956 0.0170136 0.0230578 0.0296843 0.0363023 0.0422279 0.0469416 0.0502564 0.0522895 0.0533161 0.0536414 0.0535443 0.0532612 0.0529762 0.0528019 0.0527428 0.0526341 0.0520847 0.0504943 0.0472201 0.0418866 0.0346858 0.0264453
 0.00496138 0.00812745 0.0123637 0.0176839 0.0239617 0.0308315 0.0376676 0.0437472 0.0485215 0.0517909 0.0536755 0.0544607 0.0544648 0.0539827 0.0532726 0.0525462 0.0519479 0.0515123 0.0511011 0.0503455 0.0486634 0.0454237 0.0402494 0.0333098 0.0253877
 0.00517939 0.0084823 0.0128988 0.0184405 0.024972 0.0321068 0.0391856 0.0454461 0.0503062 0.053549 0.0552937 0.0558359 0.055509 0.0546242 0.0534567 0.0522377 0.051136 0.050218 0.0493841 0.0483076 0.0464463 0.0431977 0.0381893 0.0315613 0.0240357
 0.00539938 0.0088454 0.0134553 0.0192405 0.0260556 0.033488 0.0408373 0.0472951 0.0522446 0.0554561 0.0570542 0.0573489 0.0566891 0.0553994 0.0537673 0.0520369 0.0503945 0.0489329 0.0475925 0.0460999 0.0439724 0.0406564 0.0357973 0.0295067 0.0224342
 0.0056453 0.00924516 0.0140572 0.0200905 0.0271893 0.0349189 0.0425421 0.0492071 0.0542606 0.0574539 0.0589112 0.058955 0.0579529 0.0562485 0.0541445 0.0518967 0.049702 0.0476719 0.0457812 0.0438121 0.0413522 0.0379142 0.0331764 0.0272286 0.0206426
 0.00589505 0.00965546 0.0146825 0.0209836 0.0283908 0.0364401 0.0443491 0.0512162 0.0563525 0.059498 0.0607868 0.0605611 0.0592081 0.0570877 0.0545152 0.0517558 0.0490149 0.0464177 0.0439674 0.0414981 0.0386707 0.0350735 0.0304304 0.024818 0.0187313
 0.00613513 0.0100503 0.0152853 0.0218472 0.0295578 0.037927 0.0461293 0.0532133 0.0584497 0.0615599 0.0626823 0.0621783 0.0604606 0.0579134 0.0548706 0.0516083 0.0483381 0.0451933 0.0421991 0.0392355 0.0360334 0.0322586 0.0276876 0.0223918 0.0167943
 0.00636356 0.0104266 0.0158609 0.0226734 0.0306761 0.0393534 0.0478384 0.0551321 0.0604676 0.0635492 0.064518 0.0637509 0.0616817 0.0587171 0.0552118 0.0514578 0.0476765 0.0440103 0.0405022 0.0370706 0.0335092 0.0295572 0.0250443 0.0200421 0.014909
 0.00662568 0.0108492 0.0164904 0.0235508 0.0318301 0.0407887 0.0495228 0.0569919 0.0623961 0.0654256 0.0662262 0.0651914 0.0627759 0.0594078 0.0554606 0.0512406 0.0469795 0.0428291 0.0388493 0.0349919 0.0311057 0.0269958 0.022541 0.0178151 0.0131187
 0.00682893 0.011192 0.0170286 0.0243427 0.032922 0.0421938 0.0512021 0.0588508 0.0643032 0.0672431 0.0678359 0.0665053 0.0637344 0.0599729 0.0556093 0.0509599 0.0462631 0.0416778 0.0372785 0.0330465 0.0288784 0.0246365 0.0202431 0.0157736 0.0114776
 0.00705822 0.0115637 0.0175865 0.0251279 0.0339666 0.0435097 0.0527667 0.0605984 0.0661282 0.0690157 0.0694233 0.0677923 0.0646388 0.0604505 0.0556488 0.0505708 0.0454635 0.0404889 0.0357283 0.0311837 0.0267896 0.0224555 0.018139 0.0139159 0.00998972
 0.00726958 0.011911 0.0181157 0.0258827 0.0349784 0.0447824 0.054263 0.0622374 0.0678 0.0706037 0.0708232 0.0689193 0.065428 0.0608572 0.0556502 0.0501662 0.0446705 0.0393375 0.0342587 0.0294529 0.0248824 0.0204916 0.0162643 0.0122732 0.00868087
 0.00745048 0.0122086 0.0185699 0.0265328 0.0358548 0.0458942 0.0555843 0.063702 0.0693096 0.0720469 0.0720945 0.0699336 0.0661255 0.0612034 0.0556317 0.0497854 0.0439427 0.0382893 0.0329303 0.0279019 0.0231909 0.0187681 0.0146345 0.0108561 0.00755862
 0.00753321 0.0123471 0.0187863 0.026852 0.0363014 0.0464865 0.0563274 0.0645822 0.0702927 0.0730805 0.0731126 0.0708624 0.0668922 0.0617443 0.0558995 0.0497525 0.0436009 0.0376484 0.0320184 0.0267681 0.0219085 0.0174338 0.0133582 0.0097395 0.00667151
 0.00757873 0.0124156 0.0188801 0.0269715 0.0364488 0.0466693 0.0565604 0.0648855 0.0706856 0.0735733 0.0736983 0.0715127 0.0675577 0.0623602 0.0563954 0.0500639 0.0436788 0.0374668 0.0315777 0.0260976 0.0210662 0.0165028 0.0124344 0.00891306 0.00600575
 0.0076304 0.0124899 0.0189739 0.0270757 0.0365508 0.0467579 0.056631 0.0649435 0.070748 0.0736669 0.0738538 0.0717541 0.0678912 0.0627661 0.0568273 0.0504568 0.0439627 0.0375819 0.0314878 0.0257986 0.0205892 0.0159096 0.011805 0.00832668 0.00552118
 0.00773366 0.0126479 0.0191927 0.0273523 0.0368721 0.0471001 0.0569608 0.0652227 0.0709433 0.0737621 0.0738581 0.0717003 0.0678241 0.0627266 0.0568366 0.050508 0.0440216 0.0375979 0.031411 0.0255973 0.020262 0.0154877 0.0113433 0.00788645 0.00515146
 0.00778724 0.0127372 0.0193304 0.0275502 0.0371365 0.0474259 0.0573261 0.0655893 0.0712649 0.0739964 0.0739791 0.0717053 0.0677335 0.0625774 0.0566712 0.0503594 0.0439021 0.0374954 0.031295 0.0254345 0.020033 0.0151973 0.0110201 0.00757125 0.00488134
 0.00782683 0.0127978 0.0194152 0.0276606 0.0372734 0.0475907 0.0575199 0.0658099 0.0715024 0.0742311 0.0741829 0.0718488 0.0677959 0.0625543 0.0565767 0.0502205 0.0437475 0.0373431 0.0311466 0.025278 0.0198535 0.0149896 0.0107947 0.00735058 0.00468961
 0.0078414 0.012817 0.0194357 0.027677 0.0372801 0.047585 0.0575051 0.0657964 0.0715053 0.0742655 0.0742575 0.0719609 0.0679296 0.062685 0.0566804 0.0502824 0.0437659 0.0373256 0.0311024 0.0252113 0.0197637 0.0148766 0.0106646 0.00721696 0.00456868
 0.00786366 0.0128491 0.0194762 0.0277215 0.0373215 0.0476153 0.057517 0.0657858 0.0714737 0.0742214 0.0742164 0.0719396 0.0679406 0.0627305 0.0567502 0.0503584 0.0438294 0.0373637 0.0311103 0.0251898 0.0197163 0.0148081 0.0105822 0.00713042 0.00448902
 0.00787826 0.0128701 0.0195028 0.0277508 0.037349 0.0476357 0.0575254 0.0657779 0.0714476 0.0741787 0.0741629 0.0718861 0.0679003 0.0627152 0.0567659 0.0504023 0.0438901 0.0374256 0.0311587 0.0252152 0.0197156 0.0147838 0.0105407 0.00708084 0.00444037
 0.00790145 0.0129046 0.0195486 0.0278055 0.037408 0.0476929 0.0575739 0.0658109 0.0714592 0.0741658 0.0741263 0.0718308 0.0678352 0.0626517 0.0567152 0.0503725 0.0438832 0.0374367 0.0311777 0.025231 0.0197198 0.0147732 0.0105173 0.00705001 0.00440877
 0.00791862 0.0129287 0.0195779 0.0278356 0.0374336 0.0477091 0.0575777 0.0658019 0.071439 0.0741373 0.0740925 0.0717949 0.0678 0.0626204 0.0566915 0.0503602 0.0438851 0.0374525 0.0312033 0.0252592 0.0197427 0.0147854 0.0105174 0.00704078 0.00439481
 0.00789883 0.0128993 0.0195385 0.0277876 0.0373792 0.0476505 0.0575166 0.0657403 0.0713801 0.0740858 0.0740545 0.0717755 0.0678023 0.0626439 0.056733 0.0504152 0.0439493 0.037522 0.031274 0.0253259 0.0198001 0.0148289 0.0105454 0.00705472 0.00439864
 0.0078725 0.0128522 0.0194602 0.0276673 0.0372094 0.0474334 0.0572683 0.0654891 0.0711595 0.0739242 0.0739683 0.0717675 0.0678647 0.0627632 0.0568933 0.0506003 0.0441441 0.0377139 0.0314528 0.0254841 0.0199322 0.0149319 0.0106192 0.00710249 0.00442602
 0.00785125 0.0128157 0.0194016 0.0275782 0.0370819 0.0472619 0.0570534 0.0652407 0.0708979 0.0736782 0.0737698 0.0716439 0.0678322 0.0628226 0.0570316 0.0507961 0.0443731 0.0379532 0.0316835 0.0256921 0.0201082 0.0150712 0.0107216 0.00717169 0.00446851
 0.00785718 0.0128213 0.0194023 0.027567 0.03705 0.0472014 0.0569589 0.0651112 0.0707371 0.0734955 0.0735805 0.071469 0.0676953 0.0627448 0.0570256 0.050862 0.0444993 0.03812 0.0318684 0.0258743 0.0202717 0.0152062 0.0108241 0.00724302 0.00451372
 0.00783013 0.0127778 0.0193378 0.0274775 0.036933 0.047057 0.0567913 0.0649289 0.0705522 0.0733211 0.0734292 0.0713517 0.0676212 0.0627219 0.0570598 0.0509555 0.0446477 0.0383113 0.032084 0.0260929 0.0204735 0.0153767 0.0109564 0.0073369 0.00457449
 0.00781012 0.0127436 0.0192834 0.0273965 0.0368204 0.0469119 0.0566188 0.0647406 0.0703639 0.073149 0.0732865 0.0712477 0.0675614 0.0627091 0.0570953 0.051039 0.0447765 0.0384787 0.0322781 0.0262972 0.0206698 0.0155491 0.0110944 0.00743766 0.00464128
 0.00777022 0.0126786 0.0191854 0.0272586 0.0366383 0.0466867 0.05636 0.0644666 0.0700992 0.0729195 0.073114 0.0711464 0.0675364 0.0627574 0.0572082 0.0512049 0.0449831 0.0387135 0.032528 0.0265472 0.0209042 0.0157534 0.0112587 0.00755869 0.00472246
 0.00772454 0.0126044 0.019074 0.0271023 0.0364323 0.0464322 0.0560668 0.0641541 0.0697938 0.0726496 0.0729048 0.0710165 0.067496 0.0628073 0.0573405 0.0514055 0.0452339 0.0389954 0.0328221 0.0268358 0.0211705 0.0159836 0.0114437 0.00769548 0.00481492
 0.00934178 0.01487 0.021812 0.029924 0.0388492 0.0480352 0.0566692 0.0638189 0.0687526 0.0711834 0.0712567 0.0693589 0.0659364 0.0614071 0.0561307 0.0503961 0.0444207 0.038364 0.032352 0.0265027 0.0209487 0.0158467 0.0113669 0.00765734 0.00479879
 0.00930344 0.0151077 0.0226989 0.0319249 0.0423187 0.0529449 0.0624342 0.069393 0.0730006 0.0733289 0.0711381 0.0673716 0.0627583 0.0577084 0.0524076 0.0469428 0.0413779 0.0357801 0.0302269 0.0248118 0.0196531 0.0148975 0.0107073 0.00722665 0.00453678
 0.00898346 0.0146016 0.0219852 0.0310509 0.041455 0.0524238 0.0627102 0.0708797 0.0758211 0.0771302 0.0751341 0.0706418 0.0646313 0.0579954 0.0513719 0.0450838 0.0391966 0.0336427 0.0283403 0.0232605 0.0184477 0.0140095 0.0100893 0.00682296 0.00429129
 0.00880639 0.0143052 0.0215241 0.0303804 0.0405486 0.0513045 0.061492 0.0697965 0.0752089 0.0773349 0.0763565 0.0727892 0.0672832 0.0605389 0.0532505 0.0460104 0.0392116 0.0330141 0.0274005 0.0222811 0.0175916 0.0133427 0.0096147 0.00651122 0.00410221
 0.00873023 0.0141763 0.0213199 0.0300745 0.0401137 0.0507196 0.0607548 0.068939 0.0743163 0.0765578 0.0759012 0.0728658 0.0680135 0.0618644 0.054909 0.0476205 0.0404278 0.0336607 0.0275065 0.0220156 0.0171587 0.0129024 0.00925419 0.00625615 0.00394158
 0.00869136 0.0141097 0.0212129 0.0299123 0.0398811 0.0504043 0.0603511 0.0684512 0.073761 0.0759706 0.0753456 0.0724411 0.0678442 0.0620618 0.0555109 0.0485445 0.0414792 0.0346046 0.0281654 0.0223321 0.0171908 0.012767 0.00906432 0.00608487 0.00381813
 0.00868736 0.014101 0.0211953 0.0298794 0.0398244 0.050314 0.0602169 0.068264 0.0735152 0.0756669 0.0749964 0.0720765 0.0675178 0.0618485 0.055489 0.048762 0.0419189 0.0351743 0.0287293 0.0227684 0.0174403 0.0128438 0.00902865 0.00600371 0.00373826
 0.00868914 0.0141047 0.0212021 0.0298904 0.0398392 0.050329 0.0602245 0.0682525 0.0734706 0.0755763 0.0748518 0.0718795 0.0672836 0.0616098 0.0552948 0.0486667 0.0419618 0.0353567 0.0290059 0.023063 0.0176797 0.0129885 0.00908128 0.00599484 0.00370365
 0.00867906 0.0140903 0.0211844 0.0298715 0.0398223 0.0503175 0.0602202 0.0682551 0.0734761 0.0755766 0.074836 0.0718361 0.0672054 0.0614991 0.0551677 0.0485527 0.041896 0.0353663 0.0290949 0.0232072 0.0178366 0.0131173 0.00916068 0.00602668 0.00370423
 0.00867104 0.0140778 0.0211665 0.0298483 0.0397946 0.0502876 0.0601921 0.0682333 0.0734646 0.0755769 0.074845 0.0718463 0.0672069 0.0614828 0.0551302 0.0485001 0.0418445 0.0353371 0.0291045 0.0232583 0.0179153 0.0132004 0.00922736 0.0060673 0.00372122
 0.00865494 0.0140534 0.0211331 0.0298065 0.0397463 0.0502356 0.0601401 0.0681859 0.0734272 0.075554 0.0748396 0.0718581 0.0672318 0.0615133 0.0551575 0.0485181 0.0418531 0.0353429 0.0291182 0.0232878 0.0179612 0.0132545 0.0092779 0.00610516 0.00374367
 0.00864429 0.0140346 0.0211024 0.0297599 0.0396811 0.0501526 0.0600452 0.0680897 0.0733422 0.0754914 0.0748065 0.0718564 0.0672587 0.0615626 0.0552206 0.0485855 0.0419172 0.0354 0.0291692 0.0233364 0.0180102 0.0133032 0.00932215 0.00614037 0.00376755
 0.00864376 0.0140335 0.0211 0.0297548 0.0396714 0.0501355 0.0600175 0.0680494 0.0732898 0.0754314 0.0747469 0.0718067 0.0672272 0.0615534 0.0552332 0.0486155 0.0419577 0.0354445 0.0292132 0.0233781 0.0180493 0.0133396 0.00935454 0.00616675 0.00378657
 0.00864408 0.0140342 0.0211014 0.0297572 0.0396749 0.0501395 0.0600205 0.0680487 0.0732822 0.0754142 0.0747189 0.0717701 0.0671871 0.0615171 0.0552075 0.0486046 0.041962 0.0354612 0.0292377 0.0234063 0.018078 0.0133667 0.00937852 0.00618637 0.00380108
 0.00863308 0.0140187 0.0210824 0.0297373 0.0396573 0.050127 0.0600148 0.0680496 0.0732878 0.0754216 0.0747247 0.0717711 0.0671817 0.061506 0.0551939 0.0485931 0.041957 0.035465 0.0292502 0.023425 0.0180999 0.0133887 0.00939839 0.00620264 0.00381316
#pred catch len freq
 0.00313043 0.00510386 0.00774249 0.0111034 0.0152318 0.0201083 0.0255898 0.0314063 0.0372193 0.0426926 0.0475402 0.0515608 0.0546627 0.0568652 0.058272 0.0590375 0.0593423 0.059359 0.059172 0.0586455 0.0573174 0.0544635 0.0494185 0.042037 0.0329778
 0.00333843 0.00538264 0.00805429 0.0113814 0.0154047 0.0201359 0.0254855 0.0312288 0.0370365 0.0425421 0.0474154 0.0514308 0.0545116 0.0567218 0.0582105 0.0591456 0.0596719 0.0598822 0.0597668 0.0591264 0.0575056 0.0542655 0.0488697 0.0412829 0.0322029
 0.00344521 0.00558351 0.00840177 0.0119273 0.0161715 0.0210811 0.0264855 0.0321059 0.0376269 0.0427658 0.0473007 0.0510796 0.0540374 0.0562097 0.0577178 0.0587228 0.059369 0.0597256 0.059725 0.0590986 0.0573555 0.0538879 0.0482504 0.0405087 0.0314168
 0.00356324 0.00577184 0.00868277 0.0123303 0.0167386 0.0218669 0.0275388 0.0334312 0.0391417 0.0442866 0.0485839 0.0519074 0.054302 0.0559423 0.0570528 0.057831 0.0584025 0.058788 0.0588584 0.0582821 0.0565247 0.0529794 0.0472516 0.0394791 0.0304626
 0.0037066 0.00600353 0.00902925 0.0128164 0.0173855 0.0226891 0.0285421 0.034613 0.0404887 0.0457629 0.0501064 0.0533285 0.0554244 0.056577 0.0570914 0.057288 0.0574004 0.0574984 0.0574364 0.0568257 0.0550729 0.0515428 0.0458534 0.0381778 0.0293392
 0.00387429 0.00627423 0.00943392 0.0133849 0.0181438 0.0236537 0.0297114 0.0359611 0.0419663 0.0473044 0.0516374 0.054766 0.0566682 0.0575029 0.057564 0.0571987 0.0567126 0.0562701 0.0558004 0.0549433 0.0530912 0.0495805 0.0440106 0.036547 0.027999
 0.00411819 0.00666088 0.00999845 0.0141561 0.0191423 0.024888 0.0311703 0.0376058 0.0437289 0.0490938 0.0533513 0.0563029 0.0579358 0.0584183 0.0580465 0.0571679 0.0561025 0.0550584 0.0540359 0.0527506 0.0506493 0.0470902 0.0416638 0.0345025 0.0263614
 0.00432901 0.0070134 0.0105477 0.0149607 0.0202546 0.0263365 0.032941 0.0396328 0.0459013 0.0512746 0.055398 0.0580851 0.0593462 0.0593763 0.0584946 0.0570611 0.0554027 0.0537429 0.0521212 0.0503207 0.0478683 0.0441868 0.03889 0.0320801 0.0244345
 0.00453531 0.00734499 0.0110422 0.0156578 0.0211965 0.0275652 0.0344867 0.0414952 0.0480309 0.0535625 0.0576848 0.0601863 0.0610877 0.0606228 0.0591591 0.0570969 0.0547881 0.052473 0.0502183 0.0478587 0.0449979 0.0411373 0.0359357 0.0294777 0.0223585
 0.00481181 0.0077814 0.0116755 0.0165159 0.0222978 0.0289155 0.0360749 0.0432897 0.0499797 0.0555963 0.0597152 0.062103 0.0627595 0.0619103 0.0599347 0.0572634 0.0542867 0.0512835 0.0483616 0.0454103 0.0421075 0.0380344 0.0329024 0.0267867 0.0202022
 0.00506816 0.0082006 0.0123112 0.0174205 0.023513 0.0304576 0.0379179 0.0453581 0.0521585 0.0577528 0.0617237 0.0638587 0.0641807 0.0629299 0.060489 0.0572871 0.0537175 0.0500774 0.0465128 0.042975 0.0392239 0.0349265 0.0298515 0.0240696 0.0180183
 0.00530029 0.0085719 0.0128607 0.0181857 0.0245295 0.0317545 0.0395064 0.0472157 0.0542163 0.0598939 0.0637964 0.0657039 0.0656625 0.063955 0.0610064 0.0572709 0.0531479 0.0489349 0.0447923 0.0407157 0.0365397 0.0320174 0.0269795 0.021499 0.0159437
 0.00556503 0.00899148 0.0134727 0.01902 0.0256055 0.0330771 0.0410588 0.0489549 0.0560738 0.061782 0.0656135 0.0673389 0.0670021 0.0648971 0.0614737 0.0572175 0.0525551 0.0478016 0.0431346 0.0385809 0.034032 0.0293137 0.0243137 0.0191111 0.0140134
 0.00585158 0.00944352 0.014128 0.0199064 0.0267386 0.0344557 0.0426568 0.0507142 0.0579063 0.0635804 0.0672668 0.068747 0.0680839 0.0655917 0.061738 0.0570221 0.051883 0.0466497 0.0415198 0.0365529 0.0316903 0.0268178 0.0218704 0.0169309 0.0122541
 0.00604356 0.00976101 0.014616 0.0206105 0.0276966 0.0356836 0.0441334 0.0523754 0.0596521 0.0652925 0.0688281 0.0700553 0.0690608 0.0661859 0.0619221 0.0567862 0.0512265 0.0455791 0.0400539 0.0347369 0.0296126 0.024618 0.019727 0.0150244 0.0107183
 0.006219 0.0100444 0.0150405 0.0212099 0.0285034 0.0367232 0.0454132 0.0538703 0.0612953 0.0669753 0.0704136 0.0714037 0.0700572 0.066759 0.0620477 0.0564748 0.0505072 0.0444868 0.0386281 0.0330312 0.0277099 0.0226399 0.0178242 0.0133471 0.00937547
 0.00644306 0.0103895 0.0155253 0.0218415 0.0292805 0.0376401 0.0464599 0.0550284 0.0625327 0.0682422 0.0716403 0.0725032 0.0709347 0.0673277 0.0622454 0.0562745 0.0499159 0.0435374 0.03737 0.0315292 0.0260492 0.0209308 0.0161955 0.011922 0.00824106
 0.00645796 0.0104404 0.0156508 0.0220933 0.0297104 0.0382788 0.0473002 0.0560231 0.0636088 0.0693231 0.0726608 0.0734119 0.0716867 0.0678775 0.0625461 0.0562847 0.0496101 0.042914 0.0364552 0.0303765 0.0247381 0.0195636 0.0148856 0.0107745 0.00732802
 0.0065121 0.0104986 0.0156868 0.0220729 0.029612 0.0381196 0.0471497 0.0559883 0.063792 0.0697748 0.0733573 0.0742676 0.0725895 0.0687212 0.0632456 0.0567761 0.0498471 0.0428688 0.0361243 0.029787 0.0239501 0.0186647 0.013978 0.00995372 0.00666212
 0.00656671 0.0105817 0.0157987 0.0222038 0.0297375 0.0381996 0.0471369 0.0558509 0.0635424 0.0694869 0.0731501 0.0742574 0.0728361 0.0692008 0.0638646 0.0574094 0.0503769 0.0432076 0.0362234 0.0296386 0.0235862 0.018151 0.0134004 0.0093982 0.00619418
 0.0066611 0.0107265 0.0160002 0.0224616 0.030043 0.038535 0.047472 0.056141 0.0637345 0.069535 0.0730398 0.0740242 0.0725623 0.0689861 0.0637812 0.0574701 0.050532 0.0433703 0.0363065 0.0295836 0.0233779 0.0178171 0.0129984 0.0089951 0.00584543
 0.00667391 0.0107645 0.0160887 0.0226335 0.030329 0.0389485 0.0479959 0.0567248 0.0643028 0.0700053 0.073341 0.0741133 0.0724378 0.0686927 0.0633997 0.057089 0.050214 0.0431306 0.0361157 0.0293917 0.0231444 0.0175306 0.0126787 0.00868047 0.0055735
 0.00667684 0.0107624 0.0160749 0.0226031 0.0302872 0.0389192 0.0480236 0.0568612 0.0645821 0.0704188 0.073829 0.0745821 0.0727927 0.0688717 0.0633918 0.0569315 0.0499717 0.0428668 0.035868 0.0291661 0.0229266 0.0173063 0.0124478 0.00845811 0.00538058
 0.00667213 0.0107498 0.0160465 0.0225468 0.0301891 0.0387678 0.047818 0.05662 0.0643487 0.0702564 0.0738006 0.0747224 0.0730865 0.0692542 0.0637747 0.0572391 0.0501666 0.0429527 0.0358729 0.0291203 0.0228493 0.0172064 0.0123322 0.00833762 0.00526939
 0.0067249 0.0108203 0.0161242 0.0226123 0.0302184 0.0387408 0.0477248 0.0564635 0.0641436 0.0700283 0.0735858 0.0745648 0.0730272 0.0693155 0.0639454 0.0574757 0.0504098 0.0431516 0.0360012 0.0291768 0.0228482 0.0171656 0.012268 0.00826422 0.00519906
 0.00667889 0.0107545 0.0160407 0.0225163 0.0301134 0.038623 0.0475815 0.0562791 0.0639111 0.0697599 0.0733154 0.0743398 0.072895 0.0693093 0.0640757 0.0577256 0.0507385 0.0435044 0.0363256 0.0294365 0.023029 0.017272 0.0123157 0.00827267 0.00518638
 0.00666558 0.0107369 0.0160221 0.0225026 0.0301123 0.0386409 0.0476195 0.0563294 0.0639552 0.0697714 0.0732697 0.074227 0.0727292 0.0691277 0.0639257 0.0576471 0.0507484 0.0435926 0.0364611 0.0295812 0.0231514 0.0173558 0.0123597 0.00828596 0.00518145
 0.00670473 0.0107993 0.0161134 0.0226273 0.0302726 0.0388353 0.0478408 0.0565628 0.0641786 0.0699567 0.0733864 0.0742483 0.0726403 0.0689342 0.0636568 0.0573494 0.0504723 0.0433753 0.0363167 0.029501 0.0231135 0.0173373 0.012345 0.00826899 0.00516299
 0.00661057 0.010669 0.0159597 0.0224772 0.0301607 0.0387929 0.0478863 0.0566974 0.0643874 0.070213 0.0736557 0.0744929 0.0728249 0.069033 0.0636602 0.0572682 0.0503351 0.0432198 0.036177 0.0293969 0.0230479 0.017301 0.0123252 0.008256 0.00515214
 0.00663683 0.0106803 0.0159207 0.0223409 0.0298872 0.0383757 0.047371 0.0561763 0.0639692 0.0699829 0.0736476 0.074686 0.0731594 0.0694337 0.0640573 0.0576109 0.0505984 0.0434038 0.0362988 0.0294795 0.0231097 0.0173513 0.0123658 0.00828572 0.00517093
 0.00665683 0.0107105 0.0159592 0.0223775 0.029898 0.0383203 0.0471986 0.0558469 0.0634827 0.0693997 0.0730812 0.0742634 0.0729712 0.0695007 0.0643324 0.0580079 0.051028 0.0437995 0.0366264 0.0297322 0.0232967 0.0174865 0.0124613 0.0083505 0.00521196
 0.00666187 0.0107104 0.0159444 0.0223347 0.0298144 0.0381882 0.0470176 0.0556197 0.0632096 0.0690784 0.0727178 0.0738888 0.0726463 0.0693006 0.0643138 0.0581817 0.0513547 0.0442079 0.0370432 0.030104 0.0235972 0.0177117 0.0126198 0.00845567 0.00527732
 0.00657613 0.0105878 0.0157902 0.0221624 0.0296394 0.0380193 0.046852 0.0554466 0.0630191 0.0688695 0.0725004 0.0736796 0.072466 0.0691747 0.064273 0.0582543 0.0515522 0.0445139 0.0374146 0.0304861 0.0239427 0.017992 0.0128269 0.00859611 0.00536509
 0.00646656 0.0104165 0.0155463 0.0218436 0.0292557 0.0375961 0.0464305 0.0550761 0.0627417 0.0687052 0.0724416 0.0737001 0.0725371 0.0692788 0.0644085 0.0584319 0.051786 0.0448097 0.0377617 0.0308564 0.0242989 0.0183005 0.0130682 0.00876708 0.00547504
 0.00651922 0.0104732 0.0155778 0.0218047 0.0290966 0.0372821 0.0459603 0.0544894 0.0621127 0.0681237 0.0719896 0.0734301 0.0724612 0.0693726 0.0646272 0.058731 0.0521336 0.0451879 0.038158 0.0312549 0.0246768 0.018633 0.0133361 0.00896325 0.00560509
 0.00716008 0.0113958 0.0167434 0.0230954 0.0303416 0.0383039 0.046617 0.0546985 0.0618585 0.0674579 0.0710229 0.0723108 0.0713404 0.06837 0.0638111 0.058119 0.0517091 0.0449199 0.0380148 0.0312078 0.0246984 0.0186953 0.013413 0.00903488 0.00566051
