SBPRF35
9.26875
Curr Bio
610141
B35
593728
F35
0.197073
FOFL
0.197073
OFL
99447.7
Bzero
2.64822e+006
#pred survey bio
 3.38013e+006 2.97164e+006 2.57009e+006 2.02264e+006 1.71012e+006 1.51682e+006 1.36315e+006 1.23407e+006 1.13212e+006 1.02754e+006 927831 807767 735255 662225 626586 607731 586841 576424 528382 502326 484432 477188 466495 482432 493922 503205 519453 539867 545859 558163 588007 606520 578814 505854 474236 472506 497341 515135 540045 588144 631848 626112 590205 569704 593386 618493 1.48583e+007 1.38762e+007 1.43756e+007 1.51859e+007 1.61468e+007 1.71066e+007 1.79709e+007 1.86978e+007 1.92812e+007 1.97347e+007 2.00797e+007 2.03384e+007 2.05308e+007 2.06732e+007 2.07786e+007 2.08566e+007 2.09145e+007 2.09577e+007 2.09901e+007 2.10145e+007 2.1033e+007 2.10471e+007 2.10579e+007 2.10661e+007 2.10725e+007 2.10775e+007 2.10813e+007 2.10843e+007 2.10866e+007 2.10884e+007 2.10899e+007 2.1091e+007 2.10919e+007 2.10925e+007 2.10931e+007 2.10935e+007 2.10939e+007 2.10941e+007 2.10943e+007 2.10945e+007 2.10946e+007 2.10947e+007 2.10948e+007 2.10949e+007 2.10949e+007 2.1095e+007 2.1095e+007 2.1095e+007 2.1095e+007 2.10951e+007 2.10951e+007 2.10951e+007 2.10951e+007 2.10951e+007 2.10951e+007 2.10951e+007 2.10951e+007 2.10951e+007 2.10951e+007 2.10951e+007 2.10951e+007 2.10951e+007 2.10951e+007 2.10951e+007 2.10951e+007 2.10951e+007 2.10951e+007 2.10951e+007 2.10951e+007 2.10951e+007 2.10951e+007 2.10951e+007 2.10951e+007 2.10951e+007 2.10951e+007 2.10951e+007 2.10951e+007 2.10951e+007 2.10951e+007 2.10951e+007 2.10951e+007 2.10951e+007 2.10951e+007 2.10951e+007 2.10951e+007 2.10951e+007 2.10951e+007 2.10951e+007 2.10951e+007 2.10951e+007 2.10951e+007 2.10951e+007 2.10951e+007 2.10951e+007 2.10951e+007 2.10951e+007 2.10951e+007 2.10951e+007 2.10951e+007 2.10951e+007 0 0 0 0 0 0 0 0 0 0 0 0 0 0 0 0 0 0 0 0 0 0 0 0 0
#obs survey bio
 3.21546e+006 2.74029e+006 3.24035e+006 1.59362e+006 1.87856e+006 1.64204e+006 1.26988e+006 1.42097e+006 992419 732218 1.09965e+006 732299 775266 628658 497013 876602 584669 627762 432016 557783 337902 450779 424488 516640 572543 502280 704138 650426 612935 386072 583724 614080 625502 488823 531956 459569 599021 508024 496400 589084 828447 625796 586145 441594 695968 668477
#pred catch bio
 336592 300708 276401 260238 300236 303188 305047 272053 260256 261824 245232 181605 170011 153788 159504 142520 116183 127837 115804 115553 105182 109361 95433.3 101012 99391.4 91428.4 95234.3 104514 103987 91680.6 93394.6 95211.6 88653.3 87097.6 81585.8 78339.4 88396.6 84086 85723 83860.3 90600.7 88228.3 91005.7 92337.2 92052.1 93501 99447.7 101359 103849 108745 115133 121583 127314 132021 135682 138419 140405 141813 142795 143469 143928 144237 144444 144581 144672 144732 144772 144798 144815 144826 144833 144838 144841 144843 144845 144845 144846 144846 144847 144847 144847 144847 144847 144847 144847 144847 144847 144847 144847 144847 144847 144847 144847 144847 144847 144847 144847 144847 144847 144847 144847 144847 144847 144847 144847 144847 144847 144847 144847 144847 144847 144847 144847 144847 144847 144847 144847 144847 144847 144847 144847 144847 144847 144847 144847 144847 144847 144847 144847 144847 144847 144847 144847 144847 144847 144847 144847 144847 144847 144847 144847 144847 144847 144847 144847 144847 0 0 0 0 0 0 0 0 0 0 0 0 0 0 0 0 0 0 0 0 0 0 0 0 0
#obs catch bio
 246512 300743 275801 259785 301366 303377 306531 272146 259520 263408 245384 181175 169632 153490 161102 142556 115879 127676 115737 115830 105060 109420 95478.9 101150 99420.4 91240.3 95300.3 104470 104153 91668.9 93505.7 95202.2 88407 87198.6 81608.7 78360.1 88529.8 83941.7 85958.9 83832.3 90555.1 88063.4 90953 92599.5 92017.7 93475.6
#pred cpue bio
 3.33602e+006 2.93037e+006 2.5313e+006 1.98949e+006 1.67945e+006 1.4868e+006 1.33365e+006 1.20477e+006 1.10295e+006 998795 899600 781231 709884 638328 603211 584486 564300 554461 508029 482816 465538 458650 448210 463586 474700 483723 499513 519344 525228 537143 566233 584313 556561 484718 453255 451519 475616 492836 516784 562832 604966 599722 565436 545652 568181 592400 1.42422e+007 1.3314e+007 1.37149e+007 1.44457e+007 1.53871e+007 1.63436e+007 1.72074e+007 1.79342e+007 1.85176e+007 1.89711e+007 1.93161e+007 1.95749e+007 1.97672e+007 1.99097e+007 2.0015e+007 2.0093e+007 2.01509e+007 2.01941e+007 2.02265e+007 2.0251e+007 2.02695e+007 2.02835e+007 2.02943e+007 2.03026e+007 2.0309e+007 2.03139e+007 2.03178e+007 2.03207e+007 2.03231e+007 2.03249e+007 2.03263e+007 2.03274e+007 2.03283e+007 2.0329e+007 2.03295e+007 2.033e+007 2.03303e+007 2.03306e+007 2.03308e+007 2.03309e+007 2.03311e+007 2.03312e+007 2.03313e+007 2.03313e+007 2.03314e+007 2.03314e+007 2.03314e+007 2.03315e+007 2.03315e+007 2.03315e+007 2.03315e+007 2.03315e+007 2.03315e+007 2.03315e+007 2.03315e+007 2.03316e+007 2.03316e+007 2.03316e+007 2.03316e+007 2.03316e+007 2.03316e+007 2.03316e+007 2.03316e+007 2.03316e+007 2.03316e+007 2.03316e+007 2.03316e+007 2.03316e+007 2.03316e+007 2.03316e+007 2.03316e+007 2.03316e+007 2.03316e+007 2.03316e+007 2.03316e+007 2.03316e+007 2.03316e+007 2.03316e+007 2.03316e+007 2.03316e+007 2.03316e+007 2.03316e+007 2.03316e+007 2.03316e+007 2.03316e+007 2.03316e+007 2.03316e+007 2.03316e+007 2.03316e+007 2.03316e+007 2.03316e+007 2.03316e+007 2.03316e+007 2.03316e+007 2.03316e+007 2.03316e+007 2.03316e+007 2.03316e+007 2.03316e+007 2.03316e+007 0 0 0 0 0 0 0 0 0 0 0 0 0 0 0 0 0 0 0 0 0 0 0 0 0
#obs cpue bio
 2.28024e+006 3.02543e+006 2.82418e+006 2.24759e+006 1.16819e+006 1.55072e+006 1.1274e+006 1.19904e+006 1.53932e+006 898262 1.01846e+006 854633 769802 640432 429404 603657 564738 602031 546600 393910 727192 505998 411600 452771 433192 524204 314669 505197 414116 734485 534650 663068 631946 415189 406284 413944 424756 564364 407289 627524 537763 642860 564489 519754 590698 544007
#pred surv len freq
 0.00476661 0.00784348 0.0119957 0.0172543 0.0234996 0.0303579 0.0371883 0.0432602 0.0480353 0.0513418 0.0533287 0.0542902 0.0545175 0.0542399 0.0536288 0.0528214 0.0519441 0.0511086 0.0503541 0.0495344 0.0482227 0.0457618 0.041537 0.0353748 0.0277929
 0.00514258 0.00840069 0.0127367 0.018154 0.0245223 0.0314797 0.0384057 0.0445738 0.0494186 0.0527173 0.0545739 0.0552752 0.0551537 0.0545118 0.053589 0.0525525 0.0515067 0.0505015 0.0495074 0.048345 0.0466227 0.0437869 0.0393522 0.0332317 0.0259383
 0.00531315 0.00872586 0.0133102 0.0190811 0.0258815 0.0332709 0.0405162 0.0467956 0.051518 0.0545157 0.0559855 0.0562861 0.0557736 0.0547438 0.0534346 0.0520313 0.0506598 0.0493696 0.0481026 0.0466476 0.0446177 0.041521 0.036969 0.0309503 0.0239793
 0.00560003 0.00916121 0.0139123 0.0198585 0.0268476 0.0344564 0.0419643 0.0485303 0.0534995 0.0566137 0.057997 0.0579942 0.0570137 0.0554366 0.0535757 0.0516587 0.0498263 0.0481274 0.0464958 0.0447132 0.0424023 0.0391118 0.0345169 0.0286545 0.0220319
 0.00569654 0.00937173 0.0143253 0.020582 0.0279746 0.0360175 0.043895 0.0506827 0.0556968 0.0587098 0.0598975 0.0596323 0.0583136 0.0563038 0.053921 0.0514306 0.049024 0.0467913 0.0446896 0.0425145 0.0399093 0.0364599 0.0318858 0.0262478 0.020027
 0.00585273 0.00963575 0.0147448 0.0212169 0.0288948 0.0372921 0.0455692 0.0527474 0.0580635 0.0612079 0.0623048 0.0617297 0.0599349 0.0573534 0.0543577 0.0512415 0.0482119 0.0453789 0.0427292 0.0400954 0.0371638 0.0335661 0.0290583 0.0237057 0.0179437
 0.00606957 0.00998891 0.0152778 0.0219712 0.029904 0.0385721 0.0471098 0.0545107 0.0599902 0.0632237 0.0643168 0.0636188 0.0615567 0.0585593 0.0550241 0.0512906 0.047614 0.0441443 0.0409042 0.0377684 0.0344753 0.0307114 0.0262699 0.0212121 0.0159162
 0.00634993 0.0104446 0.0159629 0.0229344 0.0311771 0.0401539 0.0489504 0.0565102 0.0620187 0.065153 0.066047 0.065084 0.0627119 0.0593596 0.0554118 0.0511979 0.04698 0.042935 0.0391296 0.0354956 0.0318373 0.0279049 0.0235319 0.0187734 0.013945
 0.00661921 0.0108708 0.0165831 0.0237764 0.0322563 0.0414674 0.0504685 0.0581717 0.0637346 0.0668202 0.0675651 0.0663697 0.0637061 0.060025 0.0557218 0.051123 0.046481 0.0419719 0.0376833 0.0335955 0.0295823 0.0254653 0.0211258 0.0166174 0.0121985
 0.00678594 0.0111662 0.0170711 0.0245282 0.0333295 0.0428767 0.0521612 0.0600278 0.0655966 0.0685361 0.069021 0.067498 0.0644769 0.0604315 0.0557682 0.0508141 0.0458147 0.0409376 0.0362735 0.0318287 0.0275295 0.0232627 0.0189589 0.0146772 0.0106283
 0.00697672 0.0114835 0.017563 0.0252466 0.0343226 0.0441739 0.0537539 0.061854 0.0675383 0.0704336 0.0707016 0.0688108 0.0653235 0.0607784 0.0556371 0.0502574 0.0448888 0.0396866 0.0347295 0.0300285 0.0255389 0.0211934 0.0169617 0.0129096 0.00920803
 0.00738163 0.012099 0.0184104 0.026319 0.0355912 0.0455976 0.0552846 0.0634355 0.0691044 0.0719081 0.0719996 0.0698428 0.0660039 0.0610412 0.0554519 0.0496357 0.0438762 0.0383462 0.033127 0.0282308 0.0236246 0.0192651 0.0151444 0.0113278 0.00795137
 0.00748894 0.012284 0.0187065 0.0267594 0.0361963 0.0463593 0.0561578 0.0643473 0.0699827 0.0727109 0.0727234 0.0705033 0.0666021 0.061541 0.0557832 0.0497195 0.0436539 0.0377973 0.0322716 0.0271227 0.0223441 0.0179139 0.0138366 0.0101712 0.00702323
 0.00761546 0.0124855 0.0190025 0.0271669 0.0367281 0.0470201 0.0569366 0.0652102 0.070871 0.0735495 0.0734397 0.0710482 0.0669617 0.061729 0.0558185 0.0496043 0.0433683 0.0373126 0.0315724 0.0262239 0.0212973 0.0168018 0.0127577 0.00921822 0.00626072
 0.00752019 0.0123699 0.018901 0.0271353 0.0368284 0.0472968 0.0573979 0.0658248 0.0715815 0.0742912 0.0741529 0.0716818 0.0674747 0.0620936 0.0560226 0.0496481 0.0432547 0.0370398 0.0311359 0.0256288 0.0205719 0.0160028 0.0119617 0.00850226 0.00568124
 0.00757029 0.0124368 0.0189773 0.027211 0.036902 0.0473873 0.0575482 0.0660885 0.071995 0.0748475 0.0747952 0.072322 0.0680245 0.06249 0.0562373 0.0496809 0.0431211 0.036759 0.0307253 0.0251061 0.0199632 0.0153494 0.0113187 0.00792688 0.00521647
 0.00775796 0.0126934 0.0192733 0.0274882 0.0370889 0.0474263 0.0574206 0.0658265 0.0716758 0.0745724 0.0746584 0.0723791 0.0682726 0.0628701 0.0566589 0.0500544 0.0433812 0.0368723 0.0306853 0.0249251 0.0196677 0.0149783 0.0109205 0.00755093 0.00490176
 0.00766555 0.0125662 0.0191223 0.0273318 0.0369404 0.047278 0.0572381 0.0655634 0.0713055 0.0741195 0.0742073 0.0720493 0.0681721 0.0630515 0.0570988 0.0506656 0.0440462 0.0374805 0.0311584 0.025226 0.0197972 0.0149652 0.0108108 0.00739562 0.00474492
 0.00774903 0.0126943 0.0193017 0.0275651 0.0372273 0.0476149 0.0576131 0.0659468 0.0716433 0.0743391 0.0742406 0.0718667 0.0678071 0.062596 0.0566675 0.050348 0.0438741 0.0374269 0.0311618 0.0252233 0.0197472 0.0148578 0.0106612 0.0072321 0.0045953
 0.00766136 0.0125799 0.0191809 0.0274736 0.0372052 0.0476906 0.057791 0.0662062 0.0719478 0.0746465 0.0745087 0.0720545 0.0678812 0.062544 0.0565104 0.0501383 0.0436748 0.0372829 0.0310823 0.0251858 0.0197168 0.0148082 0.0105853 0.00713988 0.00450395
 0.00772549 0.0126597 0.0192576 0.0275196 0.0371974 0.0476285 0.0577067 0.0661555 0.0719837 0.0747913 0.0747412 0.0723196 0.0681128 0.0626886 0.0565414 0.050061 0.0435217 0.0370998 0.0309102 0.0250461 0.0196092 0.0147201 0.0105048 0.00706329 0.00443493
 0.00774219 0.0126838 0.0192869 0.0275466 0.0372077 0.0476009 0.0576183 0.065994 0.0717618 0.0745534 0.0745527 0.0722397 0.0681665 0.0628544 0.056764 0.0502778 0.0436884 0.0372017 0.0309572 0.0250587 0.0196048 0.0147073 0.0104854 0.00703827 0.00440731
 0.00788206 0.0128959 0.0195773 0.0279093 0.0376243 0.0480415 0.0580418 0.0663495 0.0719961 0.0746256 0.0744501 0.0719875 0.067822 0.0624869 0.0564288 0.0499997 0.0434627 0.0370091 0.0307814 0.0248945 0.0194564 0.0145808 0.010384 0.00696118 0.00435149
 0.00781141 0.0127922 0.0194419 0.0277507 0.0374561 0.0478784 0.0578971 0.0662342 0.0719191 0.0745921 0.0744595 0.0720331 0.0678938 0.0625773 0.0565362 0.0501255 0.043605 0.037158 0.0309209 0.0250098 0.0195398 0.014633 0.0104113 0.00697158 0.0043521
 0.0078404 0.0128252 0.0194661 0.0277471 0.0374066 0.0477758 0.0577519 0.0660731 0.0717742 0.074488 0.0744059 0.0720255 0.0679201 0.0626248 0.056596 0.0501938 0.0436811 0.0372409 0.0310061 0.0250895 0.0196057 0.0146803 0.0104401 0.0069855 0.0043564
 0.00793846 0.0129628 0.0196321 0.0279156 0.0375419 0.047842 0.0577234 0.0659422 0.071555 0.0742152 0.074127 0.0717873 0.0677548 0.0625427 0.0565877 0.0502397 0.0437601 0.0373362 0.0311057 0.0251842 0.0196882 0.0147455 0.0104862 0.00701416 0.00437176
 0.00786221 0.0128551 0.0194992 0.0277714 0.0374007 0.0477094 0.057591 0.0657916 0.07137 0.0739961 0.0738966 0.0715861 0.0676266 0.0625187 0.0566764 0.0504261 0.0440133 0.0376203 0.0313885 0.025442 0.0199065 0.0149176 0.0106119 0.00709882 0.00442376
 0.00776371 0.0127027 0.0192854 0.0274969 0.0370777 0.0473628 0.057257 0.0655101 0.0711716 0.0738894 0.0738674 0.0716088 0.0676819 0.0626039 0.0568027 0.050606 0.0442489 0.0378983 0.0316846 0.0257286 0.0201606 0.0151249 0.0107678 0.00720643 0.00449172
 0.00779433 0.012741 0.0193217 0.0275154 0.0370606 0.0472977 0.0571435 0.0653613 0.0710103 0.0737401 0.0737476 0.0715241 0.0676268 0.0625687 0.0567825 0.0506054 0.0442786 0.0379671 0.0317916 0.0258619 0.0203015 0.0152551 0.0108746 0.00728492 0.00454354
 0.0078396 0.0128075 0.0194082 0.0276143 0.037158 0.0473749 0.0571794 0.065338 0.0709193 0.0735883 0.0735581 0.0713288 0.0674554 0.0624395 0.0566999 0.0505648 0.0442742 0.0379952 0.0318497 0.025945 0.0203994 0.0153544 0.0109627 0.00735394 0.00459152
 0.00783987 0.0127889 0.0193456 0.0274744 0.0369098 0.0470056 0.0567071 0.0648117 0.070406 0.0731533 0.0732495 0.0711719 0.0674541 0.0625802 0.0569564 0.0509028 0.044657 0.0383899 0.032231 0.0262953 0.0207068 0.0156106 0.0111635 0.00749992 0.00468896
 0.00849442 0.0137081 0.0204599 0.028626 0.0378941 0.04764 0.0568892 0.064539 0.0697583 0.0722574 0.072246 0.0701896 0.0665917 0.0618973 0.0564732 0.0506081 0.0445198 0.0383706 0.0322899 0.0263982 0.0208269 0.0157286 0.0112664 0.00758094 0.00474647
 0.00913964 0.0147409 0.021974 0.0306701 0.0404296 0.0504942 0.0597343 0.0669403 0.0712981 0.0726833 0.0715548 0.0686035 0.0644532 0.0595506 0.0541872 0.0485518 0.0427736 0.0369519 0.031179 0.0255573 0.0202128 0.0152983 0.0109796 0.00740088 0.00464105
 0.00916192 0.0148678 0.0223318 0.0314304 0.0417627 0.0524927 0.0623402 0.0699145 0.0742539 0.0751731 0.0731824 0.069127 0.0638458 0.0579953 0.052005 0.0460993 0.0403539 0.0347697 0.0293389 0.0240877 0.0190945 0.0144874 0.0104219 0.00703963 0.00442263
 0.00887493 0.0144675 0.0218579 0.0309766 0.0414713 0.0525331 0.0628756 0.0710571 0.0760114 0.0774042 0.075592 0.0713227 0.0654451 0.0587399 0.0518326 0.0451429 0.0388767 0.0330715 0.0276751 0.0226275 0.017918 0.0136063 0.00980531 0.00663682 0.004178
 0.00875857 0.0142483 0.0214773 0.0303751 0.0406202 0.051478 0.0617666 0.070138 0.0755572 0.0776278 0.0765618 0.0729249 0.0674039 0.0606906 0.0534248 0.0461395 0.0392105 0.0328373 0.0270692 0.0218666 0.0171762 0.0129869 0.00934526 0.00632746 0.00398821
 0.00861646 0.0140286 0.0211656 0.02996 0.0400896 0.0508178 0.0609712 0.0692335 0.0746288 0.0768308 0.0760963 0.0729716 0.0680459 0.0618599 0.0549073 0.0476415 0.0404576 0.0336601 0.027439 0.0218723 0.0169637 0.0126966 0.00907385 0.00612032 0.00385183
 0.00875182 0.0142088 0.0213635 0.0301261 0.0401655 0.0507568 0.0607537 0.0688677 0.0741407 0.0762582 0.075496 0.0724317 0.0676831 0.0617864 0.0551775 0.0482106 0.0411844 0.0343603 0.0279586 0.022141 0.0170028 0.0125855 0.00890322 0.00595722 0.0037287
 0.00882642 0.0143251 0.0215269 0.0303328 0.0403965 0.0509737 0.0608998 0.0688805 0.0739744 0.0759059 0.0749969 0.0718623 0.0671382 0.0613618 0.0549531 0.0482294 0.0414319 0.0347595 0.0283933 0.0225013 0.0172254 0.0126675 0.00888529 0.00589282 0.00365947
 0.0088118 0.0143086 0.0215157 0.0303381 0.0404302 0.0510429 0.0610001 0.0689922 0.0740635 0.075931 0.0749232 0.0716766 0.0668596 0.0610416 0.0546623 0.0480381 0.0413863 0.034864 0.028607 0.0227538 0.0174465 0.0128145 0.00895234 0.0059013 0.00363905
 0.00872687 0.0141714 0.0213119 0.0300582 0.0400755 0.050632 0.0605737 0.0686077 0.0737795 0.0757862 0.0749217 0.0717885 0.0670358 0.0612359 0.0548499 0.0482219 0.0415882 0.0351057 0.0288921 0.0230606 0.0177363 0.0130502 0.00911492 0.00599433 0.00368113
 0.00873019 0.0141698 0.0212965 0.0300155 0.0399902 0.0504919 0.0603752 0.0683605 0.073508 0.0755261 0.0747121 0.0716601 0.0670003 0.0612829 0.054954 0.0483568 0.0417384 0.0352695 0.0290732 0.0232566 0.0179333 0.0132268 0.00925282 0.00608647 0.00373288
 0.00872962 0.0141714 0.021303 0.0300294 0.0400114 0.0505142 0.060385 0.0683392 0.0734386 0.0754023 0.0745439 0.0714729 0.0668278 0.0611553 0.0548886 0.0483542 0.0417876 0.0353557 0.0291844 0.0233834 0.0180656 0.013352 0.00935824 0.00616416 0.00378227
 0.00874515 0.0142044 0.0213667 0.0301399 0.0401822 0.0507486 0.0606683 0.0686376 0.0737051 0.0755885 0.0746131 0.0714102 0.0666446 0.0608862 0.0545813 0.0480557 0.0415328 0.0351624 0.0290554 0.0233117 0.0180389 0.0133557 0.00937763 0.00618693 0.00380083
 0.00867506 0.0141092 0.0212585 0.0300429 0.0401275 0.0507648 0.0607727 0.0688301 0.0739671 0.0758847 0.0748972 0.0716342 0.0667704 0.0608967 0.0544848 0.0478826 0.0413244 0.0349588 0.0288851 0.0231885 0.017963 0.0133184 0.00936629 0.00618931 0.00380779
 0.00855096 0.0139149 0.0209815 0.0296807 0.0396928 0.050291 0.0603157 0.0684616 0.0737562 0.0758747 0.0750894 0.0719875 0.0672156 0.0613572 0.0548965 0.0482071 0.0415525 0.0351048 0.0289753 0.023249 0.018012 0.0133638 0.00940849 0.00622545 0.00383533
#obs surv len freq
 0.00496618 0.0081368 0.0123807 0.0177128 0.0240071 0.030897 0.0377545 0.0438529 0.0486387 0.0519088 0.0537808 0.0545412 0.0545121 0.0539937 0.0532494 0.0524947 0.0518749 0.0514245 0.0510041 0.0502441 0.0485622 0.0453276 0.0401636 0.0332385 0.0253332
 0.00518066 0.00848441 0.0129022 0.0184461 0.0249814 0.0321228 0.0392123 0.0454877 0.050366 0.0536272 0.0553861 0.0559332 0.0555988 0.0546939 0.0534966 0.0522433 0.0511085 0.0501626 0.0493082 0.048219 0.0463526 0.0431061 0.0381062 0.0314918 0.0239824
 0.00541525 0.00886936 0.0134879 0.0192812 0.0261025 0.0335389 0.0408901 0.047348 0.0522972 0.0555092 0.0571094 0.0574071 0.0567482 0.0554538 0.0538079 0.0520543 0.0503817 0.0488877 0.047518 0.0460032 0.0438632 0.0405454 0.0356943 0.0294194 0.0223668
 0.00564759 0.00925203 0.0140732 0.0201214 0.0272402 0.0349913 0.0426321 0.0493053 0.0543555 0.0575358 0.0589753 0.059002 0.0579864 0.0562721 0.054159 0.0518989 0.0496859 0.0476315 0.0457136 0.0437194 0.0412418 0.0377969 0.0330642 0.0271317 0.0205669
 0.00589023 0.00964787 0.0146718 0.0209705 0.0283777 0.0364319 0.0443525 0.0512383 0.0563975 0.0595642 0.0608663 0.0606429 0.0592822 0.0571481 0.0545601 0.0517851 0.0490279 0.0464117 0.0439393 0.041447 0.0385998 0.0349904 0.0303456 0.0247414 0.0186698
 0.00613543 0.0100493 0.0152811 0.0218372 0.0295397 0.0378999 0.0460953 0.0531781 0.0584218 0.0615485 0.0626944 0.0622158 0.060519 0.0579836 0.0549421 0.0516719 0.0483875 0.0452246 0.0422099 0.0392247 0.0360026 0.0322128 0.0276346 0.02234 0.0167505
 0.00638702 0.010462 0.015909 0.0227325 0.0307422 0.0394205 0.0478991 0.0551784 0.0604938 0.0635535 0.0645045 0.063728 0.0616589 0.0587015 0.0552053 0.0514573 0.0476757 0.0440023 0.0404817 0.0370349 0.0334587 0.0294959 0.0249791 0.0199806 0.0148577
 0.00661316 0.0108352 0.0164811 0.0235554 0.0318576 0.0408438 0.0496023 0.057084 0.0624847 0.0654957 0.0662685 0.0652042 0.0627646 0.0593817 0.0554297 0.0512119 0.0469553 0.0428071 0.0388247 0.0349601 0.0310645 0.0269463 0.022488 0.0177644 0.0130759
 0.00685931 0.0112359 0.0170849 0.0244078 0.0329921 0.042268 0.0512833 0.0589433 0.0644076 0.0673526 0.0679356 0.0665773 0.0637649 0.0599575 0.0555541 0.0508773 0.0461669 0.0415785 0.0371812 0.0329522 0.0287869 0.0245484 0.0201613 0.0157025 0.0114208
 0.00707818 0.0115965 0.0176364 0.025198 0.0340572 0.0436163 0.0528796 0.0607048 0.0662172 0.0690825 0.0694697 0.0678225 0.064654 0.0604472 0.0556216 0.0505172 0.0453866 0.0403961 0.0356283 0.0310834 0.0266935 0.0223664 0.0180598 0.0138492 0.0099377
 0.00727154 0.0119153 0.0181243 0.0258983 0.0350044 0.0448218 0.0543173 0.0623051 0.0678759 0.0706799 0.070891 0.0689723 0.0654634 0.0608751 0.0556513 0.0501501 0.0446365 0.0392862 0.0341938 0.0293798 0.0248073 0.0204199 0.0162003 0.0122197 0.0086396
 0.00744687 0.0122018 0.0185583 0.0265147 0.0358297 0.0458637 0.0555534 0.0636784 0.0693017 0.0720605 0.0721306 0.0699874 0.0661889 0.0612668 0.0556871 0.0498273 0.043968 0.0382968 0.0329207 0.027878 0.0231571 0.0187299 0.014597 0.0108231 0.00753238
 0.00753401 0.0123472 0.0187843 0.0268456 0.0362882 0.0464646 0.0562965 0.0645444 0.0702529 0.0730461 0.0730916 0.0708612 0.066913 0.0617845 0.0559519 0.0498079 0.0436504 0.0376859 0.0320405 0.0267748 0.0219021 0.0174186 0.0133387 0.00972004 0.00665494
 0.00759959 0.0124478 0.0189252 0.0270293 0.0365169 0.0467425 0.0566309 0.0649436 0.0707219 0.0735818 0.073679 0.0714716 0.0675048 0.0623065 0.0563491 0.0500283 0.0436528 0.0374461 0.0315575 0.0260744 0.0210393 0.0164733 0.0124053 0.00888724 0.00598519
 0.00766355 0.0125461 0.0190623 0.0272051 0.0367263 0.0469764 0.0568772 0.0651905 0.070963 0.0738197 0.073925 0.0717389 0.0677984 0.0626148 0.0566417 0.0502603 0.0437736 0.0374112 0.0313395 0.0256724 0.020483 0.0158217 0.0117344 0.00827259 0.00548246
 0.00771638 0.0126259 0.0191711 0.0273405 0.0368822 0.047144 0.0570464 0.0653507 0.0711055 0.0739407 0.0740284 0.0718361 0.0679048 0.0627423 0.0567909 0.0504147 0.0439001 0.0374672 0.0312855 0.0254855 0.0201673 0.0154105 0.0112828 0.00784111 0.00511953
 0.0077617 0.0126946 0.0192649 0.0274575 0.0370165 0.0472867 0.0571864 0.0654763 0.0712065 0.0740119 0.0740711 0.0718584 0.0679192 0.0627625 0.0568273 0.0504692 0.0439618 0.0375121 0.031282 0.0254054 0.0199985 0.0151641 0.0109917 0.00754882 0.00486496
 0.0078041 0.0127601 0.0193569 0.0275761 0.0371583 0.0474442 0.0573474 0.0656255 0.0713281 0.074094 0.0741091 0.0718557 0.0678858 0.0627127 0.0567755 0.0504266 0.0439321 0.0374887 0.0312485 0.025341 0.0198875 0.0150049 0.0107994 0.00735018 0.00468734
 0.00784411 0.0128177 0.0194301 0.0276583 0.0372408 0.0475191 0.0574105 0.065676 0.0713673 0.0741231 0.074128 0.0718636 0.0678827 0.0627001 0.0567572 0.0504078 0.0439168 0.0374766 0.0312332 0.0253111 0.0198314 0.0149176 0.0106867 0.00722737 0.00457277
 0.00786728 0.0128549 0.0194846 0.0277319 0.0373318 0.0476212 0.0575117 0.0657612 0.0714234 0.0741442 0.0741175 0.0718317 0.0678407 0.0626565 0.0567167 0.050372 0.043886 0.0374501 0.0312077 0.0252808 0.0197895 0.0148596 0.0106141 0.00714786 0.0044974
 0.00786585 0.0128512 0.0194767 0.0277178 0.0373106 0.0475944 0.057484 0.0657392 0.0714126 0.0741461 0.07413 0.0718504 0.0678626 0.0626808 0.056744 0.0504027 0.043919 0.0374826 0.0312356 0.0252994 0.0197941 0.0148475 0.0105864 0.00710982 0.0044568
 0.00789377 0.0128884 0.0195174 0.0277518 0.0373256 0.0475811 0.0574402 0.0656708 0.0713321 0.0740688 0.0740688 0.0718136 0.067852 0.062693 0.056773 0.0504423 0.0439639 0.0375283 0.0312778 0.0253337 0.0198166 0.0148559 0.0105809 0.00709406 0.00443614
 0.00789359 0.012891 0.0195262 0.0277703 0.0373553 0.0476178 0.0574731 0.0656851 0.0713153 0.0740175 0.0739918 0.0717287 0.0677784 0.0626449 0.0567557 0.0504529 0.043995 0.0375707 0.0313234 0.0253755 0.0198496 0.014877 0.0105898 0.00709277 0.0044286
 0.00790349 0.0129029 0.0195366 0.0277742 0.0373483 0.0475991 0.0574469 0.0656585 0.071294 0.0740016 0.0739763 0.0717072 0.0677494 0.0626135 0.0567311 0.0504439 0.0440053 0.0375982 0.0313616 0.0254168 0.0198868 0.0149056 0.0106078 0.00710107 0.00442983
 0.00788489 0.0128732 0.019493 0.0277142 0.0372701 0.0475029 0.0573356 0.0655396 0.0711795 0.0739063 0.0739136 0.0716849 0.0677667 0.0626629 0.0568028 0.0505293 0.0440989 0.0376963 0.0314601 0.0255099 0.0199687 0.0149714 0.0106557 0.0071321 0.00444729
 0.00786754 0.0128421 0.019441 0.0276335 0.0371547 0.047352 0.0571568 0.0653487 0.0709972 0.0737532 0.0738059 0.0716325 0.0677733 0.0627251 0.0569109 0.0506697 0.0442569 0.0378586 0.0316162 0.0256522 0.0200912 0.0150703 0.0107296 0.00718256 0.00447846
 0.00783012 0.0127806 0.0193473 0.0274999 0.0369756 0.0471273 0.0568947 0.0650673 0.0707225 0.0735143 0.0736295 0.0715382 0.0677696 0.0628097 0.0570714 0.0508866 0.0445075 0.0381205 0.0318697 0.0258821 0.0202873 0.0152274 0.0108471 0.00726385 0.00453003
 0.00784056 0.0127919 0.0193538 0.0274921 0.0369425 0.047059 0.0567857 0.0649186 0.0705418 0.0733156 0.0734318 0.0713633 0.0676393 0.062741 0.057073 0.0509573 0.044636 0.0382888 0.0320569 0.0260683 0.0204564 0.0153688 0.0109561 0.00734116 0.00458016
 0.0078122 0.01275 0.0192982 0.0274248 0.0368658 0.0469738 0.0566904 0.0648102 0.0704186 0.0731802 0.0732925 0.0712333 0.0675345 0.0626767 0.0570612 0.0510037 0.0447388 0.0384377 0.0322354 0.0262564 0.0206352 0.0155236 0.0110786 0.00742973 0.00463855
 0.00776634 0.012675 0.0191849 0.0272659 0.0366592 0.0467263 0.0564206 0.064546 0.0701898 0.073009 0.0731881 0.0711929 0.0675496 0.062739 0.0571656 0.0511475 0.0449191 0.0386483 0.032465 0.0264895 0.0208545 0.015714 0.0112306 0.00754077 0.0047125
 0.00771779 0.0125935 0.0190577 0.0270802 0.0364056 0.0464043 0.0560443 0.0641454 0.0698067 0.0726876 0.072965 0.0710892 0.0675676 0.0628647 0.0573754 0.0514156 0.0452228 0.0389695 0.0327883 0.0267997 0.0211365 0.0159548 0.0114216 0.00768047 0.0048059
 0.00932677 0.0148458 0.0217761 0.0298744 0.0387851 0.0479583 0.0565845 0.0637354 0.068682 0.071138 0.071246 0.0693869 0.0659996 0.061495 0.0562284 0.0504887 0.0444974 0.0384198 0.0323875 0.0265218 0.0209565 0.0158481 0.0113654 0.0076553 0.00479727
 0.00929463 0.0150935 0.0226774 0.0318947 0.0422786 0.0528945 0.0623744 0.0693269 0.0729334 0.0732677 0.0710911 0.0673468 0.0627616 0.0577414 0.0524663 0.0470182 0.0414582 0.0358542 0.0302874 0.0248559 0.0196819 0.0149145 0.0107164 0.00723108 0.00453884
 0.00897396 0.0145852 0.0219591 0.031012 0.0414011 0.0523548 0.0626295 0.0707939 0.0757386 0.0770591 0.0750809 0.070611 0.0646258 0.0580168 0.0514194 0.0451536 0.0392813 0.0337328 0.0284258 0.0233338 0.0185049 0.0140504 0.0101163 0.00683942 0.00430068
 0.00879843 0.0142922 0.0215044 0.0303524 0.0405108 0.0512559 0.0614332 0.0697297 0.0751384 0.0772669 0.0762978 0.0727461 0.0672604 0.0605392 0.0532741 0.0460557 0.0392746 0.0330888 0.0274789 0.0223552 0.017655 0.0133922 0.0096498 0.00653404 0.0041158
 0.00871384 0.0141504 0.0212821 0.0300235 0.0400492 0.0506433 0.0606707 0.0688535 0.0742366 0.0764909 0.0758521 0.072838 0.0680082 0.0618816 0.0549475 0.0476778 0.0405001 0.033743 0.0275928 0.0220991 0.0172333 0.0129635 0.0093001 0.00628761 0.00396123
 0.00868972 0.0141049 0.021202 0.029891 0.0398455 0.0503524 0.0602842 0.0683744 0.073682 0.0758975 0.0752855 0.0723991 0.0678228 0.0620618 0.0555313 0.0485833 0.0415333 0.03467 0.0282371 0.0224044 0.017258 0.0128245 0.00910931 0.00611694 0.00383889
 0.00868257 0.0140942 0.021187 0.0298701 0.0398143 0.0503017 0.0601997 0.0682383 0.0734787 0.0756201 0.0749436 0.0720248 0.0674747 0.0618198 0.0554784 0.0487701 0.0419441 0.0352136 0.0287784 0.0228222 0.0174935 0.0128916 0.00906779 0.00603273 0.0037577
 0.00866635 0.0140698 0.0211538 0.0298291 0.0397675 0.0502518 0.0601483 0.0681845 0.0734171 0.0755407 0.0748339 0.0718767 0.0672933 0.0616305 0.0553263 0.0487092 0.0420146 0.0354179 0.029072 0.0231299 0.0177428 0.0130438 0.00912604 0.00602805 0.00372609
 0.00867399 0.0140783 0.0211595 0.0298266 0.0397511 0.0502186 0.0600999 0.068127 0.0733579 0.0754847 0.0747805 0.0718195 0.0672239 0.061545 0.0552325 0.0486291 0.0419789 0.0354519 0.0291798 0.0232881 0.0179099 0.01318 0.00921066 0.00606351 0.0037291
 0.00866064 0.0140623 0.0211455 0.0298216 0.0397614 0.0502457 0.0601378 0.0681637 0.0733804 0.0754846 0.0747568 0.0717767 0.0671676 0.061479 0.05516 0.0485563 0.041918 0.0354192 0.0291883 0.0233385 0.0179878 0.0132622 0.00927656 0.00610362 0.00374583
 0.00864259 0.0140326 0.0211008 0.0297596 0.0396834 0.050158 0.0600529 0.068097 0.0733445 0.0754835 0.0747841 0.0718192 0.0672115 0.0615152 0.0551846 0.0485704 0.0419266 0.0354304 0.029211 0.0233782 0.0180429 0.0133236 0.00933227 0.00614488 0.00377038
 0.00862379 0.014003 0.0210581 0.0297023 0.039611 0.0500716 0.0599563 0.0679978 0.073254 0.0754149 0.0747487 0.0718222 0.0672499 0.0615784 0.0552588 0.0486437 0.0419923 0.0354876 0.0292633 0.0234299 0.0180963 0.0133768 0.00938033 0.00618285 0.00379604
 0.008611 0.0139819 0.0210258 0.0296561 0.0395492 0.0499945 0.0598673 0.0679033 0.0731625 0.0753355 0.0746897 0.0717907 0.0672503 0.0616107 0.0553183 0.0487211 0.0420767 0.0355701 0.0293388 0.0234973 0.0181563 0.0134296 0.00942505 0.00621781 0.00382054
 0.0086443 0.0140321 0.0210938 0.0297395 0.0396422 0.0500883 0.0599506 0.0679638 0.0731893 0.0753225 0.0746378 0.0717077 0.0671492 0.0615065 0.055224 0.0486455 0.042023 0.0355366 0.0293212 0.0234913 0.0181585 0.0134373 0.0094358 0.00622903 0.00383011
 0.00862801 0.0140118 0.0210745 0.0297295 0.0396501 0.0501192 0.0600028 0.0680285 0.0732535 0.0753728 0.074665 0.0717078 0.067124 0.0614623 0.0551704 0.0485925 0.0419786 0.0355055 0.0293042 0.0234864 0.018162 0.013446 0.00944645 0.00623943 0.00383874
#pred catch len freq
 0.00366815 0.00594605 0.00895142 0.0127185 0.0172672 0.0225477 0.0283753 0.0344276 0.0403155 0.0456672 0.0501836 0.0536731 0.0560745 0.0574563 0.0579841 0.057879 0.0573846 0.0567262 0.0560286 0.0551851 0.0537548 0.0510243 0.0463185 0.0394486 0.0309941
 0.00398493 0.00641588 0.00957766 0.0134832 0.0181471 0.0235345 0.0294813 0.0356679 0.0416738 0.04707 0.0515046 0.0547718 0.0568491 0.057879 0.0580986 0.0577622 0.0570918 0.0562482 0.0552828 0.0540536 0.0521588 0.0489988 0.044041 0.0371928 0.0290305
 0.0041536 0.00671797 0.0100812 0.0142621 0.0192563 0.0249773 0.0311874 0.0375043 0.043489 0.0487426 0.0529617 0.0559702 0.0577453 0.0584213 0.0582478 0.0575156 0.056483 0.055317 0.0540398 0.0524741 0.0502214 0.0467482 0.0416279 0.0348523 0.0270029
 0.00443665 0.0071477 0.0106762 0.0150325 0.0202185 0.0261674 0.0326558 0.0392827 0.0455435 0.0509444 0.055104 0.057827 0.0591395 0.0592592 0.0585104 0.0572285 0.0556908 0.0540687 0.0523796 0.0504406 0.0478642 0.0441623 0.0389786 0.03236 0.0248814
 0.00461368 0.00746319 0.0112005 0.0158435 0.0213801 0.0276989 0.0345112 0.0413591 0.0477169 0.0531052 0.0571633 0.0596926 0.060692 0.0603593 0.0590349 0.0571074 0.0549184 0.0526889 0.0504638 0.0480757 0.0451597 0.0412686 0.0360957 0.0297148 0.0226728
 0.00480906 0.00778088 0.0116828 0.0165405 0.0223524 0.0290129 0.0362204 0.0434717 0.050163 0.0557261 0.0597363 0.0619866 0.062521 0.0616041 0.0596305 0.05702 0.054136 0.0512276 0.0483777 0.0454633 0.0421689 0.0380987 0.0329866 0.0269119 0.020371
 0.00505929 0.00817802 0.0122635 0.0173356 0.023386 0.0303006 0.0377655 0.0452616 0.0521663 0.0578862 0.0619598 0.064134 0.0644149 0.0630595 0.0604931 0.0571908 0.053574 0.04994 0.0464145 0.0429231 0.03921 0.034941 0.0298922 0.0241385 0.0181123
 0.00531751 0.00859129 0.012874 0.0181802 0.0244917 0.0316771 0.0393948 0.0470919 0.0541169 0.0598615 0.0638641 0.0658789 0.0659155 0.064225 0.0612228 0.0573821 0.0531415 0.0488363 0.0446473 0.0405675 0.0364158 0.0319296 0.0269303 0.0214859 0.0159603
 0.00559621 0.00902622 0.013496 0.0190093 0.0255385 0.032943 0.0408673 0.0487362 0.0558706 0.0616367 0.0655586 0.0673911 0.067159 0.0651344 0.0617466 0.0574704 0.052739 0.0478914 0.0431355 0.0385216 0.0339485 0.0292355 0.0242577 0.0190823 0.0140084
 0.00582321 0.0094025 0.0140752 0.0198443 0.0266693 0.0343778 0.0425654 0.0506052 0.0577833 0.0634596 0.0671757 0.068715 0.0681312 0.0657207 0.0619308 0.0572449 0.0520943 0.0468127 0.0416133 0.0365774 0.0316643 0.0267678 0.0218195 0.0168932 0.0122333
 0.00604772 0.00976444 0.0146161 0.0206058 0.0276907 0.0356886 0.0441701 0.0524647 0.0598022 0.0654891 0.0690357 0.0702326 0.0691795 0.0662401 0.0619252 0.0567568 0.0511763 0.0455086 0.0399571 0.0346106 0.0294628 0.0244602 0.0195802 0.0149039 0.0106308
 0.00633486 0.0101986 0.0152105 0.0213565 0.0285857 0.0367204 0.0453408 0.0537781 0.0612469 0.06702 0.0705639 0.0716307 0.0703034 0.0669624 0.0621642 0.05649 0.0504328 0.0443473 0.0384478 0.0328287 0.0274997 0.0224359 0.017641 0.0131964 0.00926344
 0.00646327 0.0104098 0.0155317 0.0218113 0.0291866 0.0374586 0.0461818 0.0546697 0.0621401 0.067889 0.0714087 0.0724562 0.0710898 0.0676479 0.0626536 0.0566842 0.0502603 0.0437837 0.0375167 0.031593 0.0260535 0.0208984 0.0161456 0.0118698 0.00819654
 0.00658588 0.0106029 0.015812 0.0221932 0.0296825 0.0380782 0.0469255 0.0555189 0.0630497 0.0687902 0.0722257 0.0731292 0.0715911 0.0679778 0.0628185 0.0566739 0.0500432 0.0433216 0.0367896 0.0306185 0.0248924 0.0196483 0.0149228 0.0107839 0.00732446
 0.00655892 0.0105859 0.0158358 0.0223027 0.0299254 0.0384864 0.0475007 0.0562297 0.0638422 0.0696024 0.072997 0.0738049 0.0721254 0.0683395 0.0629949 0.0566668 0.0498574 0.0429559 0.0362391 0.0298891 0.024017 0.0186927 0.0139758 0.00993511 0.00663903
 0.00656022 0.0105813 0.0158192 0.022271 0.0298883 0.0384764 0.0475738 0.0564511 0.0642565 0.0702062 0.0737306 0.074571 0.0728217 0.0688871 0.0633503 0.056818 0.0498121 0.0427294 0.0358477 0.0293521 0.0233649 0.0179748 0.0132583 0.00928644 0.00611152
 0.00663431 0.0106702 0.0158944 0.022287 0.0297951 0.0382415 0.047204 0.0560021 0.063826 0.0699099 0.0736679 0.07479 0.0732998 0.0695375 0.0640523 0.0574554 0.0503007 0.043025 0.0359402 0.0292552 0.0231105 0.0176104 0.0128431 0.00888154 0.0057659
 0.00661832 0.0106556 0.0158909 0.0223036 0.0298287 0.038265 0.0471632 0.0558334 0.0634912 0.0694311 0.073138 0.0743469 0.0730748 0.0696035 0.0643982 0.0579957 0.0509115 0.0435859 0.0363641 0.0295001 0.0231766 0.0175296 0.0126668 0.00866648 0.00556064
 0.00668742 0.0107614 0.0160389 0.0224967 0.030069 0.0385536 0.0474946 0.0561844 0.063811 0.0696451 0.073172 0.0741656 0.0727107 0.0691538 0.0639859 0.0577159 0.0507948 0.043597 0.0364299 0.0295467 0.0231569 0.0174329 0.0125124 0.00848902 0.00539429
 0.00663587 0.0106985 0.0159827 0.0224761 0.0301155 0.0386884 0.0477191 0.056479 0.0641418 0.0699715 0.0734498 0.0743488 0.0727605 0.0690559 0.0637657 0.0574362 0.0505305 0.0434013 0.036314 0.0294842 0.0231066 0.0173636 0.0124153 0.00837539 0.00528367
 0.00665783 0.0107182 0.0159846 0.0224408 0.0300312 0.038565 0.0475951 0.0564121 0.0641844 0.0701434 0.0737268 0.0746713 0.0730563 0.0692637 0.0638515 0.0574009 0.0504065 0.0432384 0.0361575 0.0293581 0.0230103 0.0172829 0.0123371 0.00829643 0.00520954
 0.00670303 0.0107849 0.0160709 0.0225367 0.0301169 0.0386119 0.0475725 0.0563004 0.0639914 0.0699132 0.0735285 0.0745701 0.073082 0.0693972 0.064037 0.0575747 0.0505243 0.0432878 0.0361526 0.0293237 0.0229665 0.0172387 0.0122936 0.0082531 0.00516836
 0.00676429 0.0108771 0.0161961 0.0226919 0.0302947 0.0388014 0.047758 0.0564596 0.0640963 0.0699368 0.0734578 0.0744182 0.0728885 0.069213 0.0639007 0.0574958 0.050485 0.0432589 0.0361125 0.0292664 0.0228985 0.01717 0.0122314 0.00820077 0.0051267
 0.00671198 0.0108009 0.0160977 0.0225784 0.0301764 0.0386883 0.0476577 0.0563777 0.0640371 0.0699033 0.0734502 0.0744328 0.07292 0.0692593 0.0639656 0.0575853 0.0505995 0.043388 0.0362379 0.0293705 0.0229719 0.0172129 0.0122503 0.00820413 0.00512188
 0.00671632 0.0107989 0.0160783 0.0225275 0.030082 0.0385483 0.0474852 0.0561989 0.0638825 0.0697962 0.0733999 0.0744353 0.0729632 0.0693299 0.0640533 0.0576844 0.0507078 0.0435029 0.0363534 0.0294769 0.0230595 0.0172762 0.0122896 0.00822417 0.00512921
 0.00675219 0.0108438 0.0161207 0.022547 0.0300532 0.0384489 0.0473038 0.0559421 0.0635765 0.0694838 0.073131 0.0742527 0.0728902 0.0693649 0.064175 0.0578625 0.0509134 0.0437139 0.0365543 0.0296569 0.0232105 0.0173934 0.0123727 0.00827721 0.00515933
 0.00668462 0.0107478 0.0160008 0.0224138 0.0299174 0.0383125 0.0471566 0.0557654 0.0633559 0.0692226 0.0728562 0.07401 0.0727291 0.0693215 0.0642601 0.0580606 0.0511901 0.0440286 0.0368701 0.0299464 0.0234564 0.0175877 0.0125149 0.00837294 0.00521809
 0.00662091 0.0106495 0.0158637 0.0222391 0.0297134 0.038095 0.0469473 0.0555858 0.0632189 0.0691255 0.0727836 0.0739454 0.0726691 0.0692815 0.0642672 0.0581386 0.0513464 0.0442502 0.0371293 0.0302107 0.0236981 0.0177887 0.0126676 0.00847906 0.00528529
 0.00663711 0.0106674 0.015875 0.0222309 0.0296714 0.0380099 0.0468193 0.0554274 0.0630512 0.0689718 0.072661 0.0738592 0.0726133 0.069246 0.0642477 0.0581414 0.0513847 0.0443343 0.0372581 0.03037 0.023866 0.0179434 0.0127945 0.00857217 0.00534672
 0.00660904 0.0106231 0.0158103 0.0221423 0.0295556 0.0378639 0.0466424 0.0552236 0.0628324 0.0687584 0.0724792 0.0737342 0.0725609 0.0692676 0.0643315 0.0582693 0.0515414 0.0445107 0.037449 0.0305687 0.024061 0.0181205 0.0129412 0.00868231 0.00542126
 0.00659102 0.0105809 0.0157233 0.0219841 0.029302 0.0375041 0.0461891 0.054715 0.0623235 0.0683079 0.0721369 0.0735341 0.0725182 0.0693783 0.0645743 0.0586101 0.0519404 0.0449307 0.0378605 0.0309508 0.0243991 0.0184044 0.0131649 0.00884575 0.00553072
 0.00717472 0.0114036 0.0167268 0.0230318 0.0302135 0.0381133 0.0463947 0.0544993 0.0617432 0.0674687 0.0711678 0.0725631 0.0716514 0.0686859 0.0640858 0.0583205 0.0518205 0.0449391 0.0379539 0.0310907 0.0245551 0.0185542 0.013294 0.00894642 0.00560176
 0.00779669 0.0123824 0.0181315 0.024884 0.0324581 0.0405896 0.0488244 0.0565253 0.0630246 0.0677963 0.0705334 0.0711458 0.0697385 0.0665778 0.0620281 0.0564754 0.050269 0.0437001 0.0370065 0.0303945 0.0240637 0.0182226 0.0130819 0.00881908 0.00553073
 0.00791713 0.0126395 0.0186329 0.0257699 0.0338692 0.0426091 0.0514161 0.059494 0.0660242 0.0703902 0.0722981 0.0717891 0.0691872 0.0649934 0.05974 0.053868 0.0476785 0.0413576 0.0350321 0.0288219 0.022872 0.017363 0.0124937 0.00844018 0.00530285
 0.00766329 0.0122874 0.0182214 0.0253899 0.0336609 0.0427446 0.0520679 0.0607877 0.0679778 0.0728607 0.0749697 0.0742299 0.0709662 0.0658106 0.0595137 0.0527413 0.0459492 0.0393707 0.0330851 0.0271129 0.0214955 0.0163326 0.0117733 0.00796995 0.00501754
 0.00751552 0.0120312 0.0178106 0.0247831 0.0328465 0.0417748 0.0510839 0.0600136 0.0676703 0.0732277 0.0760882 0.0759956 0.073098 0.0679173 0.0612065 0.0537506 0.046197 0.0389677 0.0322614 0.0261241 0.0205469 0.0155455 0.0111899 0.00757754 0.00477647
 0.00740733 0.0118631 0.0175693 0.0244546 0.0324104 0.0412035 0.0503541 0.059135 0.0667207 0.0723711 0.0755503 0.0759913 0.0737381 0.0691412 0.0627826 0.0553497 0.0475064 0.0397933 0.0325717 0.0260247 0.0202099 0.0151362 0.0108209 0.00729988 0.00459452
 0.00748338 0.011958 0.0176593 0.0244998 0.0323657 0.0410337 0.0500451 0.0586935 0.0661679 0.0717409 0.0749018 0.0754239 0.0733864 0.0691351 0.0631825 0.0560985 0.048434 0.0406791 0.0332324 0.0263776 0.0202814 0.0150222 0.0106304 0.00711407 0.00445313
 0.0075345 0.012037 0.0177684 0.0246336 0.0325061 0.0411465 0.0500819 0.0586031 0.0659154 0.0713263 0.0743657 0.07484 0.0728477 0.0687394 0.0630157 0.0562083 0.0488029 0.041216 0.0338002 0.0268461 0.0205763 0.0151414 0.010624 0.00704705 0.00437659
 0.00748097 0.0119611 0.0176751 0.0245353 0.03242 0.0410885 0.0500598 0.0586106 0.0659293 0.0713102 0.0742823 0.0746694 0.0726017 0.0684654 0.0627852 0.0560945 0.0488537 0.0414326 0.0341321 0.0272092 0.0208879 0.0153518 0.0107283 0.00707314 0.004362
 0.007409 0.0118458 0.0175057 0.0243051 0.0321304 0.0407538 0.0497107 0.0582906 0.0656838 0.0711703 0.0742525 0.074726 0.0727046 0.0685774 0.0628903 0.0562043 0.0489984 0.0416397 0.0344058 0.0275226 0.0211934 0.0156035 0.0109017 0.00717052 0.00440376
 0.00740661 0.0118368 0.0174821 0.0242552 0.0320403 0.0406113 0.04951 0.058038 0.0654006 0.0708921 0.074021 0.0745764 0.0726525 0.068614 0.0629896 0.0563388 0.0491525 0.041813 0.0346033 0.0277417 0.0214173 0.0158062 0.0110606 0.00727676 0.00446322
 0.00744018 0.011889 0.0175556 0.024349 0.0321476 0.0407175 0.0495925 0.0580692 0.0653562 0.0707615 0.0738148 0.0743259 0.072401 0.0684028 0.0628452 0.0562679 0.0491466 0.041858 0.0346866 0.0278527 0.0215437 0.0159323 0.0111701 0.00735872 0.00451557
