SBPRF35
12.7214
Curr Bio
786350
B35
908390
F35
0.171211
FOFL
0.153374
OFL
103375
Bzero
3.63469e+006
#pred survey bio
 3.52806e+006 3.42589e+006 3.32826e+006 3.168e+006 2.97515e+006 2.77062e+006 2.54604e+006 2.31661e+006 2.07223e+006 1.85907e+006 1.64353e+006 1.45944e+006 1.28946e+006 1.15183e+006 990585 849511 764581 700018 657676 630262 591103 564702 551687 547587 538121 538965 534548 547875 553015 561942 573820 586672 590450 596125 610770 620164 632444 648221 647651 656410 659976 670108 690323 693787 695752 698294 712736 722908 734231 752375 768042 792872 2.8874e+007 1.77557e+007 1.83966e+007 1.94312e+007 2.06974e+007 2.20174e+007 2.32632e+007 2.43627e+007 2.52887e+007 2.6043e+007 2.66433e+007 2.71134e+007 2.74773e+007 2.77572e+007 2.79717e+007 2.81358e+007 2.82614e+007 2.83578e+007 2.8432e+007 2.84893e+007 2.85338e+007 2.85684e+007 2.85955e+007 2.86169e+007 2.86337e+007 2.8647e+007 2.86576e+007 2.86661e+007 2.86728e+007 2.86782e+007 2.86826e+007 2.86861e+007 2.8689e+007 2.86913e+007 2.86932e+007 2.86947e+007 2.86959e+007 2.86969e+007 2.86977e+007 2.86984e+007 2.8699e+007 2.86994e+007 2.86998e+007 2.87001e+007 2.87003e+007 2.87005e+007 2.87007e+007 2.87008e+007 2.87009e+007 2.8701e+007 2.87011e+007 2.87011e+007 2.87012e+007 2.87012e+007 2.87013e+007 2.87013e+007 2.87013e+007 2.87013e+007 2.87013e+007 2.87014e+007 2.87014e+007 2.87014e+007 2.87014e+007 2.87014e+007 2.87014e+007 2.87014e+007 2.87014e+007 2.87014e+007 2.87014e+007 2.87014e+007 2.87014e+007 2.87014e+007 2.87014e+007 2.87014e+007 2.87014e+007 2.87014e+007 2.87014e+007 2.87014e+007 2.87014e+007 2.87014e+007 2.87014e+007 2.87014e+007 2.87014e+007 2.87014e+007 2.87014e+007 2.87014e+007 2.87014e+007 2.87014e+007 2.87014e+007 2.87014e+007 2.87014e+007 2.87014e+007 2.87014e+007 2.87014e+007 2.87014e+007 2.87014e+007 2.87014e+007 2.87014e+007 2.87014e+007 2.87014e+007 0 0 0 0 0 0 0 0 0 0 0 0 0 0 0 0 0 0 0 0 0 0 0 0 0
#obs survey bio
 3.01979e+006 3.22876e+006 2.80594e+006 3.99099e+006 4.22915e+006 2.29927e+006 2.69741e+006 2.20243e+006 1.57548e+006 1.11205e+006 1.74321e+006 1.84024e+006 963026 943810 977042 766534 720323 498087 760521 668018 704202 640265 417329 600259 514677 432862 441801 495935 397252 826657 717254 568242 629821 684766 512485 647479 522046 846813 783066 848354 532042 537143 600093 573040 668610 873049 866664 899496 570634 622145 615785 836741
#pred catch bio
 96103.8 96632.7 162561 203387 227621 261217 281520 310534 296543 310522 290878 283558 257577 277001 254185 200887 180018 157478 141392 146927 131225 116978 108592 112952 104579 109639 95823.1 103904 100652 97604.4 96035.7 102663 100153 93057.9 98854.1 97734 96293.4 110761 102906 108092 103794 97297.6 112827 113986 113193 103443 108091 108290 104514 109380 104628 101301 103375 117113 120332 126151 133873 142014 149627 156231 161668 165974 169287 171779 173621 174965 175935 176628 177121 177469 177714 177886 178006 178089 178148 178188 178216 178235 178249 178258 178264 178269 178272 178274 178275 178276 178277 178278 178278 178278 178278 178278 178279 178279 178279 178279 178279 178279 178279 178279 178279 178279 178279 178279 178279 178279 178279 178279 178279 178279 178279 178279 178279 178279 178279 178279 178279 178279 178279 178279 178279 178279 178279 178279 178279 178279 178279 178279 178279 178279 178279 178279 178279 178279 178279 178279 178279 178279 178279 178279 178279 178279 178279 178279 178279 178279 178279 178279 178279 178279 178279 178279 0 0 0 0 0 0 0 0 0 0 0 0 0 0 0 0 0 0 0 0 0 0 0 0 0
#obs catch bio
 0 96303.4 163134 203734 227648 261800 281625 311063 297148 313085 292855 285235 259158 279449 256278 202204 181491 159482 141686 147935 131267 116784 108467 113126 104837 110619 96260.5 104948 101647 97876.1 95801.3 102210 99415 92320.6 98540.9 97677.4 96218.1 110733 102501 107528 103853 97271.5 112993 114156 113204 103127 107676 107899 104222 109186 104670 101243
#pred cpue bio
 3.48757e+006 3.38666e+006 3.28886e+006 3.12848e+006 2.93604e+006 2.73175e+006 2.50749e+006 2.2785e+006 2.03478e+006 1.82213e+006 1.60753e+006 1.42456e+006 1.25589e+006 1.11944e+006 960240 821220 737548 674151 632934 606510 568616 543113 530462 526303 516844 517477 513044 526044 531218 540332 552498 565517 569456 575069 589308 598343 610299 625779 625296 633913 637244 646944 666716 670188 672228 674830 689053 698981 709926 727468 742486 766647 2.79437e+007 1.71959e+007 1.77322e+007 1.8672e+007 1.99129e+007 2.12284e+007 2.24735e+007 2.35729e+007 2.44988e+007 2.52532e+007 2.58535e+007 2.63235e+007 2.66875e+007 2.69674e+007 2.71819e+007 2.7346e+007 2.74716e+007 2.7568e+007 2.76422e+007 2.76995e+007 2.7744e+007 2.77786e+007 2.78057e+007 2.7827e+007 2.78439e+007 2.78572e+007 2.78678e+007 2.78762e+007 2.7883e+007 2.78884e+007 2.78928e+007 2.78963e+007 2.78992e+007 2.79015e+007 2.79033e+007 2.79049e+007 2.79061e+007 2.79071e+007 2.79079e+007 2.79086e+007 2.79091e+007 2.79096e+007 2.791e+007 2.79103e+007 2.79105e+007 2.79107e+007 2.79109e+007 2.7911e+007 2.79111e+007 2.79112e+007 2.79113e+007 2.79113e+007 2.79114e+007 2.79114e+007 2.79114e+007 2.79115e+007 2.79115e+007 2.79115e+007 2.79115e+007 2.79115e+007 2.79115e+007 2.79116e+007 2.79116e+007 2.79116e+007 2.79116e+007 2.79116e+007 2.79116e+007 2.79116e+007 2.79116e+007 2.79116e+007 2.79116e+007 2.79116e+007 2.79116e+007 2.79116e+007 2.79116e+007 2.79116e+007 2.79116e+007 2.79116e+007 2.79116e+007 2.79116e+007 2.79116e+007 2.79116e+007 2.79116e+007 2.79116e+007 2.79116e+007 2.79116e+007 2.79116e+007 2.79116e+007 2.79116e+007 2.79116e+007 2.79116e+007 2.79116e+007 2.79116e+007 2.79116e+007 2.79116e+007 2.79116e+007 2.79116e+007 2.79116e+007 2.79116e+007 2.79116e+007 0 0 0 0 0 0 0 0 0 0 0 0 0 0 0 0 0 0 0 0 0 0 0 0 0
#obs cpue bio
 3.14376e+006 3.30879e+006 3.37426e+006 2.92414e+006 2.33141e+006 2.64964e+006 2.80024e+006 2.37791e+006 2.14137e+006 2.02882e+006 1.44188e+006 1.20974e+006 1.34638e+006 1.31885e+006 914954 766334 672713 599765 836118 473567 611451 529976 656486 447633 432372 459308 575891 435503 598744 553285 632287 782021 729404 549278 567038 461812 683922 582758 597966 650451 492371 732898 830411 747151 811532 635337 709723 583702 827584 924921 716296 766121
#pred surv len freq
 0.0042637 0.00701408 0.0107283 0.0154453 0.0210832 0.0273487 0.0337179 0.0395771 0.0444569 0.0481812 0.0508379 0.0526426 0.0538182 0.0545413 0.0549327 0.0550685 0.0549976 0.0547457 0.0542735 0.0533891 0.051677 0.0485605 0.043561 0.0366565 0.0284816
 0.00456939 0.007423 0.011184 0.0158485 0.0213293 0.0273806 0.0335606 0.0393255 0.04422 0.0480202 0.0507394 0.0525422 0.0536552 0.0543071 0.0546847 0.0549057 0.0550105 0.0549645 0.05464 0.0537693 0.0519147 0.0485471 0.0432846 0.0361999 0.0279742
 0.00462925 0.00758214 0.0115305 0.0164835 0.0223183 0.0286923 0.0350326 0.040699 0.0452403 0.0485439 0.0507777 0.052216 0.0531079 0.0536415 0.0539598 0.0541682 0.0543184 0.054375 0.0541743 0.0533875 0.0515287 0.0480704 0.042686 0.0355236 0.0273133
 0.00476177 0.00778211 0.0118083 0.0168532 0.0228121 0.0293698 0.0359683 0.0419373 0.0467357 0.0501291 0.0521966 0.053218 0.053546 0.0535132 0.0533746 0.0532803 0.0532738 0.053288 0.0531191 0.0523928 0.0505815 0.0471403 0.0417613 0.0346346 0.0265223
 0.00496319 0.00810567 0.0122867 0.0175108 0.0236582 0.0303914 0.0371294 0.0431903 0.0480389 0.0514521 0.0534987 0.0544126 0.054489 0.0540401 0.0533687 0.0527247 0.0522534 0.0519477 0.0516098 0.0508331 0.0490475 0.0456771 0.0404069 0.0334353 0.0255286
 0.00516541 0.00843782 0.0127927 0.0182334 0.0246295 0.0316184 0.0385794 0.0447861 0.0496733 0.0530147 0.0549015 0.0555976 0.0554119 0.0546446 0.0535745 0.052449 0.0514529 0.050653 0.0499257 0.0489082 0.0470361 0.0437162 0.0386097 0.0318913 0.0242971
 0.00538958 0.008804 0.0133474 0.0190219 0.0256882 0.0329621 0.0401863 0.0465902 0.0515695 0.0548758 0.0565991 0.0570211 0.0564804 0.0553061 0.0537938 0.0521923 0.0506873 0.0493663 0.0481561 0.046761 0.0446751 0.0413344 0.0363947 0.0299928 0.0228041
 0.0056371 0.0092063 0.0139529 0.0198763 0.0268265 0.0343963 0.0418914 0.0484981 0.0535767 0.0568601 0.0584366 0.0585974 0.0576979 0.0560894 0.0540904 0.051969 0.049924 0.0480579 0.0463275 0.044491 0.0421112 0.0386831 0.0338844 0.027822 0.0210963
 0.00593492 0.00969025 0.0146808 0.0209011 0.0281864 0.0360978 0.0438929 0.0507046 0.0558529 0.0590568 0.0604155 0.0602446 0.0589267 0.056837 0.0543139 0.05164 0.0490264 0.04659 0.0443146 0.0420066 0.0392972 0.0357509 0.0310837 0.0253833 0.0191711
 0.00615803 0.0100646 0.0152658 0.0217602 0.0293742 0.0376403 0.0457669 0.0528296 0.0581019 0.0612803 0.0624662 0.0619939 0.0602727 0.057706 0.0546568 0.0514263 0.0482386 0.0452249 0.0423937 0.0395974 0.0365339 0.0328398 0.0282759 0.0229185 0.0172137
 0.00638126 0.0104372 0.0158454 0.0226078 0.030544 0.0391617 0.0476243 0.0549523 0.0603702 0.0635452 0.0645718 0.0637974 0.0616582 0.0585914 0.054993 0.0511897 0.0474224 0.0438354 0.0404582 0.037183 0.03377 0.0299259 0.0254589 0.0204378 0.0152376
 0.00660282 0.0107945 0.0163786 0.0233548 0.0315365 0.0404176 0.049137 0.0566828 0.0622468 0.0654699 0.0664304 0.0654696 0.0630284 0.0595596 0.0554825 0.0511504 0.0468287 0.0426844 0.0387739 0.0350295 0.031269 0.0272638 0.0228667 0.0181419 0.0133998
 0.00684269 0.0111871 0.0169737 0.0241989 0.0326618 0.0418262 0.0507868 0.0584862 0.0640882 0.0672325 0.0680167 0.0668063 0.0640598 0.0602379 0.0557632 0.0509928 0.0462007 0.0415699 0.0371831 0.0330142 0.0289377 0.0247863 0.020455 0.0160048 0.0116874
 0.00693062 0.0113552 0.0172734 0.0246944 0.0334164 0.0428788 0.0521302 0.0600579 0.0657805 0.0689165 0.0695673 0.068121 0.0650676 0.0608973 0.0560527 0.0508984 0.0457082 0.0406669 0.0358717 0.0313296 0.0269666 0.0226727 0.0183836 0.0141596 0.0102028
 0.00717213 0.0117478 0.0178647 0.02553 0.0345325 0.0442897 0.0538115 0.0619356 0.0677336 0.0707927 0.0712086 0.0693915 0.0658758 0.061208 0.0558806 0.0502892 0.044715 0.039335 0.0342392 0.0294433 0.0249037 0.0205536 0.0163622 0.0123897 0.00879452
 0.00751042 0.0122806 0.0186344 0.026564 0.0358381 0.0458467 0.0555643 0.0637913 0.0695721 0.0724864 0.0726402 0.0704638 0.0665175 0.0613784 0.0555747 0.0495367 0.0435717 0.0378685 0.0325187 0.0275402 0.0229026 0.0185622 0.0145069 0.010792 0.00753761
 0.00764443 0.0125028 0.0189767 0.0270583 0.0365091 0.0467021 0.0565847 0.064929 0.070761 0.0736562 0.0737259 0.0714067 0.0672603 0.0618642 0.0557518 0.0493696 0.0430507 0.0370139 0.0313776 0.0261816 0.0214148 0.0170499 0.0130833 0.00955984 0.00656552
 0.0076613 0.0125452 0.0190685 0.0272324 0.0368014 0.0471404 0.0571781 0.0656621 0.0715955 0.0745387 0.0745972 0.0722094 0.0679437 0.0623839 0.0560685 0.0494478 0.0428634 0.0365502 0.0306515 0.0252367 0.0203229 0.0159047 0.0119867 0.00860252 0.00580735
 0.00767444 0.0125514 0.0190516 0.0271727 0.0366869 0.0469817 0.057018 0.0655697 0.0716447 0.0747806 0.0750405 0.0728183 0.0686502 0.0631056 0.0567234 0.0499636 0.0431825 0.0366337 0.0304851 0.0248358 0.0197358 0.015207 0.0112677 0.00794622 0.00527297
 0.00759285 0.0124313 0.0188932 0.0269818 0.0364707 0.0467439 0.0567592 0.0652963 0.0713817 0.0745784 0.0749669 0.0729347 0.0689842 0.0636351 0.0573803 0.0506523 0.0438036 0.0371038 0.0307492 0.024875 0.0195689 0.0148864 0.010867 0.00754098 0.00492241
 0.00769345 0.0125776 0.0190818 0.0271991 0.0366972 0.0469605 0.0569504 0.0654483 0.0714785 0.0746031 0.074911 0.072811 0.0688317 0.0635086 0.0573262 0.0506867 0.0439029 0.0372145 0.0308094 0.0248368 0.0194143 0.0146317 0.0105547 0.00722413 0.00464629
 0.00787855 0.0128442 0.0194188 0.0275728 0.037059 0.0472607 0.0571513 0.0655312 0.0714451 0.0744724 0.0747127 0.0725776 0.0685926 0.0632893 0.0571502 0.0505724 0.0438559 0.0372199 0.0308323 0.0248347 0.0193545 0.0145047 0.0103767 0.00702753 0.0044649
 0.00804904 0.0131022 0.0197697 0.0280047 0.0375408 0.047743 0.0575704 0.0658199 0.0715516 0.0743797 0.0744471 0.0721992 0.0681731 0.0628901 0.0568114 0.0503127 0.043678 0.0371135 0.0307758 0.0247985 0.019309 0.0144309 0.010273 0.00690759 0.00434899
 0.00809315 0.0131818 0.0199033 0.0282121 0.0378353 0.0481208 0.0580012 0.0662475 0.0719061 0.074598 0.0744915 0.0720681 0.0678996 0.0625309 0.0564291 0.0499605 0.0433892 0.0368996 0.03063 0.0247015 0.0192368 0.0143631 0.010199 0.00682855 0.00427332
 0.00820005 0.0133469 0.0201361 0.0285165 0.0382108 0.0485619 0.0584953 0.0667697 0.072415 0.0750367 0.0747971 0.0721869 0.0678048 0.0622331 0.0559754 0.0494207 0.0428362 0.0363921 0.0302023 0.0243632 0.0189792 0.0141687 0.0100506 0.0067141 0.00418656
 0.00816691 0.0133047 0.020094 0.0284905 0.0382192 0.0486196 0.058609 0.0669376 0.0726301 0.0752885 0.0750695 0.0724538 0.0680288 0.0623734 0.0560021 0.049328 0.0426461 0.0361461 0.0299457 0.0241308 0.0187887 0.0140224 0.00994177 0.00663411 0.00412861
 0.00821928 0.013381 0.0201929 0.0286064 0.0383459 0.0487543 0.0587544 0.0670994 0.0728104 0.0754812 0.0752596 0.0726212 0.0681535 0.0624377 0.0559918 0.0492346 0.042472 0.035908 0.0296731 0.023858 0.0185445 0.0138233 0.00979176 0.00652812 0.0040578
 0.00805036 0.0131272 0.0198501 0.0281848 0.0378683 0.0482518 0.0582647 0.0666669 0.0724845 0.0753094 0.0752756 0.0728331 0.0685378 0.0629427 0.0565493 0.0497762 0.0429426 0.036275 0.0299287 0.024015 0.0186275 0.013859 0.00980161 0.00652617 0.00405175
 0.00788954 0.0128838 0.0195181 0.0277724 0.0373974 0.0477559 0.0577857 0.0662499 0.0721709 0.075128 0.0752391 0.0729404 0.0687785 0.0632981 0.0569906 0.0502628 0.0434267 0.0367113 0.0302849 0.024278 0.0188026 0.0139638 0.00985749 0.00655226 0.00406185
 0.00772022 0.0126106 0.0191124 0.0272132 0.0366805 0.0469062 0.0568657 0.0653568 0.0714155 0.0746055 0.0750051 0.0730035 0.0691082 0.0638405 0.0576815 0.0510368 0.0442209 0.0374681 0.0309567 0.024833 0.0192285 0.014267 0.0100577 0.00667476 0.00413121
 0.00765153 0.0124799 0.0188807 0.0268335 0.03611 0.0461261 0.0559005 0.0642809 0.070343 0.0736662 0.0743174 0.0726507 0.0691236 0.0642048 0.0583323 0.0518853 0.0451709 0.0384298 0.0318554 0.0256142 0.0198611 0.0147433 0.0103903 0.00688955 0.00425905
 0.00760305 0.0123988 0.018753 0.0266411 0.03583 0.0457327 0.0553711 0.0636075 0.0695454 0.0728019 0.0734797 0.0719529 0.068672 0.0640709 0.0585353 0.0523905 0.0459014 0.0392868 0.0327388 0.0264389 0.0205673 0.0153005 0.0107953 0.00716028 0.00442494
 0.00766035 0.0124802 0.0188532 0.0267463 0.0359195 0.0457818 0.0553535 0.0634961 0.0693148 0.0724348 0.0729789 0.0713526 0.0680422 0.0635068 0.0581335 0.0522205 0.0459853 0.0395949 0.0332023 0.0269716 0.0210884 0.0157511 0.0111452 0.00740567 0.00458074
 0.00776314 0.01263 0.019046 0.0269659 0.0361403 0.0459741 0.0554886 0.0635494 0.0692675 0.0722758 0.0727059 0.0709743 0.0675816 0.0630052 0.0576513 0.0518285 0.0457465 0.0395437 0.0333318 0.0272367 0.0214223 0.016087 0.011434 0.00762367 0.00472687
 0.00775812 0.0126278 0.0190531 0.0269903 0.0361868 0.0460392 0.0555569 0.0635964 0.0692686 0.0722151 0.0725813 0.0707946 0.0673607 0.0627587 0.057399 0.0515986 0.045576 0.0394694 0.0333755 0.0273934 0.0216593 0.0163553 0.0116863 0.00782791 0.00487169
 0.00772754 0.0125887 0.0190141 0.0269665 0.0361965 0.0460975 0.0556689 0.0637534 0.0694469 0.0723806 0.0726971 0.0708313 0.0673044 0.0626144 0.0571878 0.0513529 0.045334 0.0392702 0.0332518 0.027362 0.0217149 0.0164721 0.011828 0.00796157 0.00497695
 0.00768119 0.0125126 0.0188991 0.0268064 0.0359926 0.0458637 0.0554352 0.0635612 0.069337 0.0723772 0.0727969 0.0710044 0.0675049 0.0627964 0.0573191 0.0514222 0.0453513 0.0392606 0.0332458 0.0273855 0.0217797 0.0165731 0.0119469 0.00807627 0.00507066
 0.00755559 0.012324 0.0186442 0.026492 0.0356333 0.0454783 0.0550455 0.063194 0.0690258 0.07216 0.0727081 0.0710626 0.0677038 0.0631027 0.0576815 0.0517877 0.0456801 0.0395351 0.0334694 0.0275737 0.0219487 0.0167313 0.0120926 0.00820156 0.00516823
 0.00759822 0.0123808 0.0187068 0.0265458 0.0356622 0.0454721 0.055004 0.0631255 0.0689408 0.0720655 0.0726078 0.0709623 0.0676153 0.0630419 0.0576597 0.0518042 0.0457221 0.0395852 0.0335155 0.0276133 0.021987 0.0167744 0.0121419 0.00825284 0.00521463
 0.00765664 0.0124597 0.0187953 0.0266226 0.0357001 0.045446 0.0548997 0.0629453 0.068704 0.071805 0.0723622 0.0707653 0.0674881 0.0629909 0.0576799 0.0518833 0.0458435 0.0397298 0.0336645 0.0277525 0.0221091 0.0168779 0.0122281 0.00832264 0.00526828
 0.00771761 0.0125631 0.0189577 0.0268579 0.0360119 0.0458173 0.0552866 0.0632824 0.0689233 0.0718598 0.0722439 0.0705043 0.0671402 0.0626176 0.0573322 0.0515934 0.0456244 0.0395793 0.0335711 0.0277015 0.0220867 0.0168738 0.0122351 0.00833565 0.00528311
 0.00767252 0.0125004 0.0188835 0.0267866 0.0359641 0.0458158 0.0553497 0.0634162 0.0691154 0.0720769 0.0724383 0.0706298 0.0671691 0.0625515 0.0571986 0.0514328 0.0454744 0.0394643 0.0334998 0.0276697 0.0220839 0.0168882 0.012257 0.00835848 0.00530299
 0.00753429 0.0122853 0.0185788 0.0263898 0.0354871 0.0452886 0.0548231 0.0629575 0.0687946 0.0719457 0.0725127 0.0708838 0.0675443 0.0629766 0.0576121 0.0517977 0.0457812 0.039722 0.0337228 0.027868 0.0222599 0.017039 0.0123788 0.00844992 0.00536629
 0.0074872 0.0122148 0.0184837 0.0262723 0.0353513 0.0451386 0.0546625 0.0627921 0.0686349 0.0718098 0.0724235 0.0708625 0.0676009 0.0631035 0.0577848 0.0519839 0.0459528 0.0398644 0.0338356 0.0279591 0.0223376 0.0171074 0.0124378 0.0084976 0.00540157
 0.0074707 0.0121841 0.0184307 0.0261882 0.0352297 0.04498 0.0544777 0.0625999 0.068457 0.0716638 0.0723202 0.0708079 0.0675994 0.0631582 0.0578936 0.0521359 0.0461287 0.0400418 0.033997 0.0280957 0.0224486 0.0171959 0.012507 0.00854989 0.00543872
 0.0075036 0.012227 0.0184754 0.0262199 0.0352299 0.0449326 0.0543741 0.0624433 0.0682619 0.0714536 0.072122 0.0706465 0.0674925 0.0631143 0.057913 0.0522121 0.046249 0.0401893 0.0341525 0.0282426 0.0225758 0.0172988 0.0125858 0.00860696 0.00547768
 0.00750103 0.0122158 0.0184456 0.0261571 0.0351185 0.0447604 0.054138 0.0621526 0.0679387 0.0711299 0.0718351 0.0704315 0.0673757 0.0631075 0.0580123 0.0524004 0.0465016 0.0404779 0.0344495 0.0285236 0.0228225 0.0175004 0.0127393 0.0087158 0.00554929
 0.00753858 0.0122731 0.018524 0.0262538 0.0352247 0.0448605 0.0542098 0.0621704 0.0678808 0.0709868 0.0716157 0.0701632 0.0670982 0.0628628 0.0578348 0.0523096 0.0464998 0.0405523 0.0345774 0.0286788 0.0229805 0.0176425 0.0128545 0.00880085 0.00560658
 0.00760269 0.0123677 0.0186485 0.0264012 0.0353831 0.0450162 0.0543486 0.0622777 0.0679412 0.0709852 0.0715408 0.070013 0.0668839 0.0626098 0.0575782 0.0520859 0.0463371 0.0404644 0.0345615 0.0287191 0.0230545 0.017728 0.0129343 0.00886505 0.00565223
 0.00763824 0.0124218 0.0187226 0.0264934 0.0354877 0.0451236 0.0544463 0.0623523 0.0679815 0.0709855 0.0715011 0.0699367 0.0667753 0.0624743 0.057425 0.0519304 0.0461999 0.0403651 0.0345123 0.0287202 0.023095 0.0177904 0.0130012 0.00892357 0.00569623
 0.00760502 0.0123841 0.0186958 0.0265007 0.0355531 0.04526 0.054647 0.0625897 0.0682157 0.0711772 0.0716223 0.0699754 0.0667342 0.062366 0.0572673 0.0517438 0.0460061 0.0401858 0.0343664 0.0286193 0.0230405 0.0177744 0.01301 0.00894343 0.00571688
 0.00741105 0.0120943 0.0183083 0.0260341 0.0350452 0.0447635 0.0542225 0.0622963 0.0680967 0.0712456 0.0718548 0.0703202 0.0671286 0.0627552 0.0576145 0.0520322 0.0462351 0.0403653 0.0345108 0.0287428 0.0231525 0.0178774 0.0131014 0.00901855 0.00577286
#obs surv len freq
 nan nan nan nan nan nan nan nan nan nan nan nan nan nan nan nan nan nan nan nan nan nan nan nan nan
 0.00448175 0.00734178 0.0111706 0.0159861 0.0216866 0.0279626 0.0342774 0.0400096 0.0446902 0.0481551 0.050514 0.0520109 0.052904 0.0534172 0.0537321 0.0539875 0.0542664 0.0545594 0.0546982 0.0542902 0.0527282 0.0493601 0.0438094 0.0362889 0.0276719
 0.00461777 0.00756309 0.0115037 0.0164549 0.0223065 0.0287319 0.0351687 0.0409664 0.0456347 0.0490031 0.0511905 0.0524613 0.0531 0.0533571 0.0534371 0.0534941 0.0536175 0.0537971 0.0538614 0.0534154 0.0518538 0.0485289 0.0430657 0.0356703 0.0271991
 0.00477583 0.00782497 0.0119068 0.0170369 0.023097 0.0297397 0.036369 0.0422962 0.0470004 0.0502973 0.0523095 0.0533168 0.0536275 0.0535208 0.0532318 0.0529433 0.0527671 0.0527067 0.0525972 0.0520477 0.0504582 0.0471862 0.0418564 0.0346608 0.0264261
 0.00496684 0.00813499 0.0123728 0.0176939 0.023973 0.0308462 0.03769 0.0437818 0.0485698 0.0518494 0.0537353 0.0545109 0.0544969 0.0539934 0.0532635 0.0525219 0.0519135 0.0514718 0.0510575 0.0503007 0.048619 0.0453818 0.0402121 0.0332788 0.0253641
 0.00517347 0.00847375 0.0128878 0.0184278 0.0249585 0.0320931 0.0391723 0.0454344 0.0502989 0.0535507 0.0553085 0.0558648 0.0555484 0.0546664 0.0534932 0.0522623 0.0511469 0.0502168 0.0493742 0.0482925 0.0464289 0.0431801 0.0381732 0.0315477 0.0240253
 0.00539415 0.00883609 0.0134399 0.0192171 0.0260227 0.0334461 0.0407896 0.0472467 0.0522017 0.0554243 0.0570374 0.0573496 0.0567079 0.0554345 0.0538137 0.0520875 0.0504418 0.0489718 0.047621 0.0461191 0.0439846 0.0406641 0.0358023 0.0295101 0.0224365
 0.00564255 0.00924062 0.0140502 0.0200801 0.0271744 0.0348981 0.0425143 0.049172 0.0542199 0.0574112 0.0588719 0.0589252 0.0579377 0.0562507 0.0541642 0.0519307 0.0497447 0.0477166 0.0458222 0.0438459 0.0413779 0.0379328 0.0331895 0.0272377 0.0206488
 0.00589347 0.00965251 0.0146773 0.0209752 0.0283781 0.0364226 0.0443266 0.0511892 0.0563219 0.0594648 0.0607526 0.0605286 0.0591811 0.0570706 0.054512 0.0517681 0.0490417 0.0464549 0.0440095 0.0415395 0.0387072 0.0351031 0.0304529 0.0248343 0.0187425
 0.00613071 0.010042 0.0152709 0.021824 0.0295235 0.0378807 0.0460726 0.0531502 0.0583861 0.0615017 0.0626341 0.062143 0.0604394 0.0579067 0.054879 0.0516321 0.0483769 0.0452453 0.0422605 0.039301 0.0360973 0.0323161 0.0277357 0.0224292 0.0168212
 0.00635778 0.0104177 0.0158484 0.0226568 0.0306549 0.0393268 0.0478051 0.0550913 0.0604198 0.0634968 0.0644655 0.063704 0.0616453 0.0586949 0.0552056 0.051468 0.0477025 0.0440506 0.0405542 0.0371301 0.033571 0.0296159 0.0250955 0.0200829 0.0149388
 0.00659603 0.0108045 0.0164297 0.0234758 0.0317445 0.0406977 0.0494326 0.0569086 0.062325 0.0653703 0.0661881 0.0651706 0.0627719 0.0594203 0.0554894 0.0512854 0.0470393 0.042902 0.0389324 0.0350813 0.0311963 0.0270815 0.0226164 0.0178762 0.0131642
 0.00682939 0.0111875 0.0170126 0.0243064 0.0328574 0.0420985 0.0510823 0.0587207 0.0641806 0.0671436 0.0677682 0.0664708 0.0637293 0.0599916 0.0556466 0.0510123 0.0463283 0.0417543 0.0373639 0.0331375 0.0289706 0.0247242 0.0203209 0.0158372 0.0115251
 0.0070333 0.0115259 0.0175346 0.0250616 0.0338857 0.0434131 0.0526527 0.0604672 0.0659848 0.0688724 0.0692975 0.0677021 0.0645965 0.060459 0.0557026 0.0506592 0.0455753 0.0406145 0.0358605 0.0313169 0.0269183 0.022574 0.0182419 0.0139989 0.0100514
 0.00727286 0.0119122 0.0181101 0.0258637 0.0349399 0.0447214 0.0541819 0.0621429 0.0677001 0.0705049 0.0707296 0.068835 0.0653597 0.0608135 0.0556389 0.0501906 0.044728 0.0394208 0.0343588 0.0295609 0.0249903 0.0205926 0.0163526 0.0123447 0.00873414
 0.0074368 0.0121877 0.0185409 0.0264951 0.0358076 0.0458359 0.0555129 0.0636167 0.0692128 0.0719453 0.0719981 0.0698525 0.0660677 0.0611732 0.0556309 0.0498145 0.0440005 0.0383723 0.0330322 0.0280144 0.0233047 0.0188749 0.0147275 0.0109309 0.00761394
 0.00753292 0.0123455 0.0187821 0.0268432 0.0362863 0.0464641 0.056298 0.0645467 0.0702517 0.0730338 0.0730599 0.0708051 0.0668342 0.0616925 0.0558613 0.0497344 0.0436064 0.0376782 0.03207 0.0268361 0.0219852 0.0175111 0.0134285 0.00979761 0.00671511
 0.0075965 0.0124441 0.0189221 0.0270287 0.0365207 0.0467519 0.0566456 0.0649616 0.0707403 0.0735968 0.0736861 0.0714658 0.0674815 0.0622639 0.0562902 0.0499618 0.043591 0.0374014 0.0315386 0.026084 0.0210735 0.0165239 0.0124617 0.00894004 0.00602822
 0.0076398 0.0125094 0.0190109 0.0271393 0.0366486 0.0468923 0.056795 0.0651204 0.0709146 0.0737994 0.0739335 0.0717713 0.0678456 0.0626665 0.0566885 0.0502969 0.0438 0.0374324 0.0313628 0.0257041 0.0205255 0.0158724 0.0117875 0.00832143 0.00552209
 0.00772699 0.0126384 0.019181 0.0273409 0.0368659 0.0471066 0.0569889 0.0652802 0.0710329 0.0738777 0.0739841 0.0718152 0.067907 0.062763 0.0568225 0.0504493 0.0439318 0.0374938 0.0313087 0.0255091 0.0201947 0.0154426 0.0113173 0.00787417 0.00514741
 0.00775812 0.0126908 0.0192627 0.0274589 0.0370222 0.0472944 0.0571897 0.0654666 0.0711775 0.0739632 0.0740102 0.0717978 0.0678717 0.0627366 0.0568245 0.0504855 0.04399 0.037545 0.0313149 0.0254366 0.0200284 0.0151934 0.0110201 0.00757476 0.00488655
 0.00781658 0.0127775 0.0193778 0.0275978 0.0371778 0.0474597 0.0573591 0.0656342 0.0713335 0.0740929 0.0740966 0.0718286 0.0678455 0.0626659 0.0567315 0.0503935 0.0439137 0.0374841 0.031254 0.0253527 0.0199024 0.0150214 0.0108162 0.007366 0.0047009
 0.00783518 0.0128091 0.0194277 0.0276706 0.0372753 0.0475786 0.0574892 0.0657609 0.0714429 0.0741767 0.0741532 0.07186 0.0678533 0.0626504 0.0566942 0.0503402 0.0438532 0.0374238 0.0311942 0.0252858 0.0198176 0.0149123 0.0106871 0.00723098 0.00457759
 0.00788264 0.0128766 0.0195115 0.0277619 0.0373634 0.0476556 0.0575535 0.0658157 0.0714922 0.0742215 0.0741904 0.0718846 0.0678614 0.0626407 0.0566679 0.0502996 0.043802 0.0373658 0.0311322 0.0252196 0.0197443 0.0148293 0.0105958 0.00713833 0.0044934
 0.00789304 0.0128954 0.0195427 0.027809 0.0374273 0.0477313 0.0576296 0.0658773 0.0715275 0.0742276 0.074175 0.0718606 0.0678404 0.0626275 0.056661 0.050294 0.0437929 0.0373501 0.0311086 0.0251875 0.0197032 0.0147795 0.0105394 0.00708012 0.00443966
 0.00790686 0.0129151 0.0195675 0.027837 0.0374566 0.0477615 0.057662 0.0659133 0.071566 0.0742634 0.0742007 0.0718704 0.0678339 0.0626099 0.0566394 0.0502738 0.0437753 0.0373334 0.0310897 0.0251639 0.0196736 0.014744 0.0104999 0.00703997 0.00440303
 0.00788804 0.0128839 0.0195195 0.0277683 0.0373648 0.0476482 0.0575345 0.0657854 0.0714553 0.0741875 0.0741712 0.0718904 0.067897 0.0627035 0.0567496 0.0503887 0.0438864 0.0374345 0.0311762 0.025232 0.0197213 0.0147716 0.0105103 0.00703784 0.00439398
 0.00790759 0.0129068 0.0195377 0.0277687 0.0373332 0.0475746 0.0574183 0.0656366 0.0712926 0.074033 0.0740463 0.0718115 0.0678729 0.0627341 0.0568262 0.0504969 0.04401 0.0375591 0.0312905 0.0253287 0.0197964 0.0148241 0.0105422 0.00705343 0.00439862
 0.00788248 0.0128692 0.0194866 0.0277043 0.0372553 0.0474811 0.0573053 0.0655011 0.0711366 0.0738676 0.0738912 0.0716907 0.0678076 0.0627365 0.0568963 0.0506238 0.0441751 0.0377412 0.0314699 0.0254899 0.0199297 0.0149255 0.0106126 0.00709751 0.00442302
 0.00785016 0.0128145 0.0194008 0.0275793 0.0370864 0.0472719 0.0570699 0.0652623 0.0709196 0.0736921 0.0737678 0.0716227 0.0677959 0.0627821 0.0569997 0.050781 0.0443756 0.0379678 0.0317019 0.0257075 0.0201175 0.0150747 0.0107215 0.00717021 0.00446704
 0.00785193 0.0128119 0.0193867 0.027543 0.0370163 0.0471589 0.0569118 0.0650665 0.0707028 0.0734772 0.0735794 0.0714814 0.0677144 0.0627645 0.0570437 0.0508805 0.0445216 0.038148 0.0319005 0.0259063 0.0202993 0.0152267 0.0108376 0.00725093 0.00451794
 0.00783882 0.0127931 0.0193628 0.0275151 0.0369845 0.0471202 0.0568592 0.0649912 0.0705979 0.0733435 0.0734268 0.0713287 0.0675837 0.0626756 0.0570091 0.0509038 0.0445987 0.0382688 0.0320508 0.0260694 0.0204581 0.0153669 0.0109498 0.00733226 0.0045712
 0.00779614 0.0127237 0.0192586 0.0273701 0.0367974 0.0468977 0.0566182 0.0647562 0.0703946 0.0731899 0.0733296 0.0712848 0.0675865 0.0627204 0.0570943 0.0510293 0.0447619 0.0384627 0.0322636 0.0262861 0.0206627 0.0155453 0.0110927 0.00743689 0.00464082
 0.00777823 0.01269 0.0191995 0.027274 0.0366536 0.0467014 0.0563751 0.0644843 0.0701219 0.0729478 0.0731456 0.0711763 0.0675585 0.0627662 0.0572011 0.0511828 0.0449499 0.0386748 0.032489 0.0265122 0.0208757 0.0157321 0.011244 0.00754922 0.00471674
 0.00773118 0.0126157 0.0190916 0.0271276 0.036466 0.0464728 0.0561105 0.0641955 0.0698277 0.0726732 0.0729185 0.0710224 0.067496 0.0628018 0.0573281 0.0513842 0.0452035 0.0389576 0.0327808 0.0267953 0.0211348 0.015955 0.0114227 0.00768137 0.0048062
 0.00770106 0.0125636 0.0190078 0.0270017 0.0362898 0.046245 0.0558402 0.0639017 0.0695353 0.072407 0.0726986 0.0708645 0.0674118 0.0627997 0.057411 0.0515473 0.0454331 0.0392332 0.0330783 0.0270913 0.021409 0.0161918 0.0116128 0.00782239 0.00490205
 0.00769286 0.01255 0.0189864 0.0269693 0.0362417 0.0461748 0.055741 0.0637686 0.0693688 0.0722148 0.0724967 0.0706735 0.067253 0.0626912 0.057366 0.0515723 0.0455273 0.0393875 0.0332762 0.0273113 0.0216285 0.0163914 0.0117788 0.00794854 0.00498942
 0.00767296 0.0125214 0.0189503 0.0269288 0.0362009 0.0461364 0.0557044 0.0637298 0.0693206 0.0721499 0.0724105 0.0705672 0.0671356 0.0625782 0.0572759 0.0515226 0.0455296 0.0394454 0.033384 0.0274551 0.0217892 0.0165491 0.0119171 0.00805778 0.00506719
 0.00764799 0.0124818 0.0188926 0.0268515 0.0361051 0.0460275 0.0555926 0.063628 0.0692408 0.072098 0.0723838 0.0705565 0.0671298 0.0625704 0.0572669 0.0515205 0.0455463 0.0394917 0.0334645 0.0275661 0.0219195 0.0166828 0.012039 0.00815707 0.0051396
 0.00762353 0.0124441 0.0188398 0.0267831 0.036022 0.0459324 0.0554897 0.0635243 0.0691452 0.0720205 0.0723325 0.0705349 0.0671354 0.0625955 0.0573025 0.0515606 0.0455908 0.0395451 0.0335329 0.0276523 0.0220202 0.016789 0.0121392 0.00824145 0.00520294
 0.00760846 0.0124189 0.0188007 0.0267265 0.0359459 0.0458374 0.0553811 0.0634111 0.0690386 0.0719308 0.0722674 0.0704987 0.0671292 0.0626172 0.0573471 0.051621 0.0456605 0.0396203 0.0336129 0.027738 0.0221108 0.0168805 0.0122248 0.00831407 0.00525834
 0.00757381 0.0123678 0.0187335 0.0266465 0.0358581 0.0457466 0.0552904 0.0633226 0.068955 0.0718562 0.0722077 0.0704602 0.0671168 0.062633 0.0573895 0.0516857 0.0457412 0.0397105 0.0337075 0.0278333 0.0222041 0.0169686 0.0123037 0.00837965 0.00530807
 0.00757763 0.0123654 0.0187144 0.0265969 0.0357657 0.0456078 0.0551155 0.0631342 0.0687805 0.0717182 0.0721176 0.070419 0.0671192 0.062672 0.0574588 0.0517792 0.0458524 0.0398324 0.0338329 0.0279557 0.0223183 0.0170705 0.0123898 0.00844799 0.00535818
 0.00757598 0.0123659 0.0187203 0.0266113 0.0357885 0.0456321 0.0551265 0.063114 0.0687164 0.071611 0.0719838 0.0702837 0.0670066 0.0625974 0.0574267 0.0517864 0.0458916 0.0398953 0.033911 0.0280412 0.0224038 0.0171499 0.0124585 0.00850312 0.00539887
 0.00754666 0.0123215 0.0186601 0.0265373 0.0357062 0.0455497 0.0550533 0.0630576 0.068679 0.0715875 0.0719644 0.0702601 0.066978 0.0625717 0.057416 0.0518008 0.0459348 0.0399642 0.0339982 0.0281374 0.0224999 0.0172382 0.0125337 0.0085621 0.00544143
 0.00752728 0.0122915 0.0186177 0.0264823 0.03564 0.0454758 0.0549781 0.0629892 0.068626 0.071556 0.0719551 0.0702676 0.0669933 0.0625866 0.057428 0.0518134 0.0459554 0.0399993 0.0340497 0.0282021 0.0225712 0.0173083 0.0125959 0.00861224 0.00547814
 0.00753085 0.0122932 0.0186126 0.0264638 0.0356014 0.045414 0.0548954 0.0628946 0.0685322 0.0714761 0.0718988 0.0702398 0.0669928 0.0626075 0.0574621 0.0518536 0.0459984 0.0400455 0.0341013 0.0282601 0.0226335 0.0173702 0.0126519 0.00865818 0.00551214
 0.00749447 0.0122399 0.0185431 0.0263818 0.035512 0.0453209 0.0548 0.0627969 0.068434 0.0713835 0.0718223 0.0701915 0.0669817 0.0626363 0.0575262 0.0519432 0.046102 0.0401535 0.0342076 0.0283611 0.0227269 0.0174535 0.0127222 0.00871332 0.00555183
 0.00751548 0.012268 0.0185745 0.0264096 0.035529 0.0453227 0.0547872 0.0627738 0.0684052 0.0713502 0.0717823 0.0701424 0.0669256 0.0625803 0.0574801 0.0519151 0.0460951 0.0401661 0.0342348 0.0283976 0.0227679 0.0174948 0.0127604 0.00874552 0.00557642
 0.0074782 0.012214 0.0185051 0.0263297 0.0354447 0.0452385 0.0547048 0.0626931 0.0683277 0.0712812 0.0717302 0.0701149 0.0669257 0.0626063 0.0575271 0.0519784 0.0461713 0.040252 0.0343266 0.0284901 0.0228556 0.0175728 0.0128251 0.00879544 0.00561191
 0.0074782 0.012214 0.0185051 0.0263297 0.0354447 0.0452385 0.0547048 0.0626931 0.0683277 0.0712812 0.0717302 0.0701149 0.0669257 0.0626063 0.0575271 0.0519784 0.0461713 0.040252 0.0343266 0.0284901 0.0228556 0.0175728 0.0128251 0.00879544 0.00561191
 0.00738515 0.0120609 0.0182724 0.0260014 0.0350151 0.0447217 0.0541406 0.0621441 0.0678635 0.0709585 0.0715788 0.0701356 0.0670978 0.062897 0.0578993 0.052396 0.0466028 0.0406722 0.034717 0.0288378 0.0231519 0.0178133 0.0130094 0.00892772 0.00569995
#pred catch len freq
 0.00314388 0.00512026 0.0077573 0.0111097 0.0152229 0.0200821 0.0255523 0.0313719 0.0372093 0.0427315 0.0476537 0.0517751 0.055004 0.0573566 0.0589251 0.0598383 0.060234 0.0602285 0.0598527 0.0589482 0.0570902 0.0536606 0.0481412 0.0405124 0.0314782
 0.00337863 0.00543747 0.00811795 0.0114436 0.015456 0.0201744 0.0255214 0.0312824 0.03713 0.04269 0.0476204 0.0516872 0.054814 0.0570732 0.0586233 0.0596321 0.0602235 0.0604465 0.0602343 0.0593452 0.0573302 0.0536245 0.0478167 0.0399919 0.0309051
 0.00345949 0.00560677 0.0084371 0.0119784 0.016243 0.021179 0.0266172 0.0322794 0.037849 0.0430397 0.0476222 0.0514352 0.0544066 0.0565724 0.0580627 0.0590512 0.059685 0.0600158 0.0599365 0.0591355 0.0571079 0.053288 0.0473241 0.0393851 0.0302828
 0.00359254 0.00580965 0.00872293 0.0123647 0.0167644 0.0218951 0.0275981 0.0335617 0.0393788 0.0446435 0.0490429 0.0524258 0.0548261 0.0564232 0.0574568 0.0581431 0.0586213 0.0589128 0.0588706 0.0581354 0.0561567 0.0523489 0.0463803 0.038467 0.0294576
 0.00377677 0.00610135 0.00914685 0.0129376 0.0174924 0.0227724 0.02861 0.0346928 0.0406209 0.0459873 0.0504473 0.0537815 0.0559529 0.0571204 0.0575823 0.0576711 0.0576418 0.0575835 0.0573562 0.0565645 0.0546091 0.0508694 0.0450048 0.0372415 0.0284353
 0.00397609 0.00642202 0.00962384 0.0136029 0.018371 0.0238745 0.0299204 0.0361642 0.0421781 0.047543 0.05192 0.0551028 0.0570561 0.0579199 0.0579684 0.0575362 0.0569287 0.0563216 0.0556598 0.0545969 0.0525388 0.0488434 0.0431428 0.0356372 0.0271515
 0.00419651 0.00677546 0.0101479 0.0143325 0.0193361 0.0250942 0.0313925 0.0378542 0.0440143 0.0494204 0.0537135 0.056687 0.0583242 0.0587918 0.058383 0.0574388 0.056271 0.0550832 0.0538799 0.0523904 0.0500851 0.0463528 0.0408181 0.0336398 0.0255774
 0.00445465 0.00718675 0.0107524 0.0151651 0.020424 0.026452 0.0330125 0.0396982 0.04601 0.051466 0.0556864 0.0584556 0.0597627 0.0597939 0.0588699 0.0573578 0.0555895 0.0537897 0.0519994 0.0500091 0.0473655 0.0435225 0.0381282 0.0313081 0.0237402
 0.00473643 0.00763765 0.0114187 0.0160878 0.0216354 0.0279674 0.0348189 0.0417445 0.0482066 0.0536937 0.0578102 0.0603395 0.0612819 0.0608445 0.0593728 0.0572579 0.0548534 0.0524071 0.0499944 0.0474616 0.0444318 0.0404349 0.035161 0.0287144 0.0216875
 0.00499015 0.00804965 0.012039 0.0169656 0.0228136 0.0294717 0.0366431 0.0438393 0.0504785 0.0560147 0.0600336 0.0623171 0.0628805 0.0619565 0.0599201 0.0571886 0.0541363 0.051032 0.0479826 0.0448877 0.0414459 0.0372676 0.0320931 0.0260139 0.0195391
 0.00522064 0.00842528 0.0126076 0.0177766 0.0239135 0.0308949 0.0383966 0.045889 0.052743 0.0583691 0.0623229 0.0643766 0.0645582 0.0631314 0.0605092 0.0571432 0.0534337 0.0496705 0.0459888 0.0423355 0.0384804 0.0341125 0.0290251 0.0233023 0.0173736
 0.00546674 0.00881483 0.0131758 0.0185538 0.0249252 0.0321603 0.0399216 0.0476557 0.0547017 0.0604348 0.0643791 0.0662857 0.0661775 0.0643308 0.0611855 0.0572259 0.0528843 0.0484802 0.0441819 0.0399839 0.0357218 0.0311584 0.0261376 0.0207385 0.0153181
 0.00570663 0.00920035 0.0137481 0.0193493 0.0259708 0.0334646 0.0414653 0.0493868 0.0565406 0.0622873 0.0661478 0.0678759 0.0674989 0.0652984 0.0617216 0.0572647 0.0523771 0.0474019 0.0425414 0.0378393 0.0331968 0.0284463 0.0234798 0.018373 0.0134172
 0.0059015 0.00952358 0.014247 0.0200733 0.0269628 0.0347467 0.043022 0.0511558 0.0584179 0.0641444 0.0678545 0.0693204 0.0685999 0.0660059 0.0620086 0.0571136 0.0517711 0.0463274 0.0410011 0.0358741 0.0309065 0.0259967 0.0210828 0.01624 0.0117024
 0.00618134 0.00996831 0.0148987 0.0209678 0.028128 0.036196 0.044742 0.0530926 0.0604698 0.0661676 0.069683 0.0707959 0.0696029 0.0664761 0.0619438 0.0565511 0.0507619 0.0449179 0.039233 0.0338006 0.0286166 0.0236289 0.0188143 0.0142478 0.0101139
 0.00645356 0.0103956 0.0155145 0.0217958 0.0291822 0.0374788 0.0462386 0.0547622 0.0622412 0.0679406 0.0713349 0.0721941 0.0706234 0.0670245 0.061972 0.0560619 0.0497992 0.0435484 0.0375318 0.0318493 0.0265134 0.0214996 0.0168065 0.0125041 0.00873378
 0.00658584 0.0106112 0.0158402 0.0222584 0.0298045 0.0382742 0.0472036 0.055873 0.0634554 0.0692018 0.0725766 0.0733406 0.0715905 0.0677249 0.0623273 0.0560172 0.0493346 0.0426825 0.0363173 0.030366 0.0248642 0.019807 0.0152028 0.0111098 0.00763041
 0.0065813 0.0106183 0.0158789 0.022359 0.0300043 0.0386094 0.0476998 0.0565375 0.0642721 0.0701317 0.0735615 0.074311 0.0724744 0.0684533 0.0628367 0.0562518 0.0492526 0.0422654 0.0355786 0.0293557 0.0236666 0.0185321 0.0139706 0.0100276 0.00676978
 0.00656469 0.0105826 0.0158107 0.0222452 0.0298415 0.0384156 0.0475222 0.0564469 0.0643434 0.0704172 0.0740721 0.0750112 0.0732925 0.0692981 0.0636135 0.0568741 0.0496495 0.0423882 0.0354081 0.0289088 0.0229989 0.0177317 0.0131423 0.00926946 0.00615143
 0.00653755 0.0105443 0.0157625 0.0221889 0.0297747 0.0383286 0.0473997 0.0562795 0.0641443 0.0702335 0.0739773 0.0750803 0.0735684 0.0697709 0.0642206 0.0575187 0.0502265 0.0428066 0.0356063 0.0288647 0.0227333 0.0173038 0.0126353 0.00876931 0.00572458
 0.00659989 0.0106334 0.0158746 0.0223135 0.0298993 0.0384433 0.0474993 0.0563598 0.0641965 0.0702438 0.0739365 0.074998 0.0734806 0.0697296 0.0642688 0.0576662 0.05044 0.0430207 0.0357478 0.0288783 0.0225991 0.0170419 0.012297 0.0084178 0.00541438
 0.00672662 0.0108132 0.0160961 0.0225488 0.0301104 0.0385944 0.0475676 0.0563411 0.0641039 0.0701019 0.0737734 0.0748375 0.0733401 0.0696235 0.0642123 0.0576727 0.050511 0.0431362 0.0358663 0.0289504 0.0225876 0.0169377 0.0121209 0.00820994 0.00521649
 0.00685504 0.0110062 0.0163561 0.0228645 0.0304557 0.0389303 0.0478458 0.0565127 0.0641335 0.0699817 0.0735292 0.0745209 0.0730101 0.0693291 0.0639842 0.0575234 0.0504391 0.0431282 0.0358971 0.0289862 0.0225954 0.0168971 0.0120321 0.00809161 0.0050948
 0.0069272 0.0111254 0.0165383 0.0231237 0.0307985 0.0393477 0.0483066 0.0569625 0.0645045 0.0702103 0.0735743 0.0743768 0.0727086 0.0689295 0.0635554 0.0571254 0.050111 0.0428844 0.0357307 0.0288754 0.0225126 0.0168188 0.0119463 0.00799954 0.00500647
 0.00699675 0.0112333 0.016692 0.0233286 0.0310601 0.0396717 0.0486961 0.05741 0.0649829 0.0706683 0.0739428 0.0745867 0.0727143 0.0687259 0.0631806 0.0566477 0.0496063 0.0424159 0.0353362 0.0285658 0.0222786 0.0166417 0.0118083 0.00788946 0.0049198
 0.00699495 0.0112371 0.0167101 0.0233732 0.0311437 0.0398031 0.048877 0.0576357 0.0652448 0.0709554 0.0742385 0.0748634 0.0729321 0.0688411 0.0631619 0.0564913 0.0493401 0.0420898 0.0350035 0.0282675 0.0220351 0.0164551 0.01167 0.00778849 0.00484736
 0.00697635 0.0112068 0.0166652 0.0233137 0.0310752 0.03974 0.0488427 0.0576573 0.0653433 0.0711357 0.0744858 0.0751472 0.0732143 0.0690829 0.0633288 0.0565586 0.0493 0.0419554 0.0348066 0.0280476 0.021827 0.0162802 0.0115356 0.00769191 0.00478154
 0.00684787 0.0110145 0.0164065 0.0229964 0.0307153 0.0393575 0.0484607 0.0573048 0.0650582 0.0709619 0.074463 0.0752965 0.0735261 0.0695161 0.0638201 0.0570396 0.0497132 0.042266 0.0350063 0.0281509 0.0218614 0.0162751 0.0115139 0.0076674 0.00476062
 0.00667789 0.0107581 0.0160582 0.0225659 0.0302258 0.0388422 0.0479595 0.0568604 0.0647102 0.0707411 0.0743879 0.0753744 0.0737548 0.0698814 0.0642926 0.0575729 0.0502508 0.0427537 0.0354051 0.0284445 0.0220555 0.0163896 0.0115735 0.00769406 0.00477003
 0.00649375 0.0104667 0.0156353 0.0219971 0.0295121 0.038008 0.047059 0.0559767 0.0639415 0.0701781 0.0740932 0.0753715 0.0740298 0.0703921 0.0649796 0.0583684 0.051085 0.0435598 0.0361265 0.0290426 0.0225144 0.0167152 0.0117872 0.00782372 0.0048427
 0.00640298 0.0103078 0.0153751 0.0215969 0.0289364 0.0372384 0.0461102 0.054906 0.0628466 0.0691826 0.0733229 0.0749282 0.0739681 0.0707093 0.0656202 0.0592423 0.0520879 0.0445908 0.0370997 0.0298938 0.0232059 0.0172365 0.0121511 0.00805827 0.00498191
