SBPRF35
7.78865
Curr Bio
481553
B35
682975
F35
0.211483
FOFL
0.146375
OFL
56506.6
Bzero
2.22533e+006
#pred survey bio
 4.5642e+006 4.33273e+006 4.09686e+006 3.79195e+006 3.49151e+006 3.16013e+006 2.82517e+006 2.49413e+006 2.20951e+006 1.93091e+006 1.70772e+006 1.49778e+006 1.32255e+006 1.18029e+006 1.06128e+006 956299 866341 815369 775355 730661 700486 685763 672600 646458 635959 631877 621207 624244 624272 621911 615900 615400 612237 610609 602193 590482 580464 569379 570166 579542 580935 584714 579899 579481 589163 589934 592778 597964 603852 605066 599345 597072 595999 616057 600720 588635 585997 558470 520235 503009 495557 486458 1.70713e+007 1.00995e+007 1.02938e+007 1.10724e+007 1.21631e+007 1.33033e+007 1.43355e+007 1.51931e+007 1.58672e+007 1.63778e+007 1.67552e+007 1.70296e+007 1.72275e+007 1.73694e+007 1.74712e+007 1.75444e+007 1.75971e+007 1.76354e+007 1.76634e+007 1.76839e+007 1.76991e+007 1.77104e+007 1.77188e+007 1.77252e+007 1.773e+007 1.77336e+007 1.77364e+007 1.77385e+007 1.77401e+007 1.77413e+007 1.77423e+007 1.7743e+007 1.77436e+007 1.7744e+007 1.77443e+007 1.77446e+007 1.77448e+007 1.77449e+007 1.77451e+007 1.77452e+007 1.77452e+007 1.77453e+007 1.77453e+007 1.77454e+007 1.77454e+007 1.77454e+007 1.77454e+007 1.77454e+007 1.77454e+007 1.77455e+007 1.77455e+007 1.77455e+007 1.77455e+007 1.77455e+007 1.77455e+007 1.77455e+007 1.77455e+007 1.77455e+007 1.77455e+007 1.77455e+007 1.77455e+007 1.77455e+007 1.77455e+007 1.77455e+007 1.77455e+007 1.77455e+007 1.77455e+007 1.77455e+007 1.77455e+007 1.77455e+007 1.77455e+007 1.77455e+007 1.77455e+007 1.77455e+007 1.77455e+007 1.77455e+007 1.77455e+007 1.77455e+007 1.77455e+007 1.77455e+007 1.77455e+007 1.77455e+007 1.77455e+007 1.77455e+007 1.77455e+007 1.77455e+007 1.77455e+007 1.77455e+007 1.77455e+007 1.77455e+007 1.77455e+007 1.77455e+007 1.77455e+007 1.77455e+007 1.77455e+007 1.77455e+007 1.77455e+007 1.77455e+007 1.77455e+007 1.77455e+007 0 0 0 0 0 0 0 0 0 0 0 0 0 0 0 0 0 0 0 0 0 0 0 0 0
#obs survey bio
 2.82243e+006 3.67184e+006 3.09057e+006 3.09396e+006 2.55353e+006 2.61633e+006 2.15189e+006 1.74061e+006 2.1924e+006 1.53472e+006 1.29927e+006 967520 1.16685e+006 814907 599248 988388 727690 1.01731e+006 599175 499646 732944 662102 932048 897892 417270 530478 419201 547948 626032 488561 565534 430454 719480 519331 483894 838413 458734 543275 717791 626374 596241 576097 499164 705994 421449 559794 658150 677716 493229 518269 600348 481443 816022 603190 655469 676819 928781 617903 507071 424458 498644 547146
#pred catch bio
 89618 92853.4 166523 183545 239677 274952 303494 290676 309833 280420 284683 266628 246566 231424 220410 204925 168419 155921 155440 138740 122572 118445 125817 110296 104678 110143 98694.2 101006 101526 102566 95839.5 95609.1 91396.6 93661.3 92532.3 89585.1 93161.3 87415.9 83331.1 91215.8 89289.3 96005.4 91380.6 82760.9 90687.8 89340.2 88070.2 88573.8 93655.6 100140 97712.6 97005.4 79690.3 108875 104465 95022.4 113029 118228 98339.9 88912.9 87458.6 74157.7 56506.6 77851.3 77881.1 82468.5 90222.4 98587.2 106107 112227 116899 120309 122717 124376 125497 126243 126734 127054 127261 127395 127480 127534 127569 127591 127605 127614 127619 127623 127625 127626 127627 127628 127628 127628 127628 127628 127628 127629 127629 127629 127629 127629 127629 127629 127629 127629 127629 127629 127629 127629 127629 127629 127629 127629 127629 127629 127629 127629 127629 127629 127629 127629 127629 127629 127629 127629 127629 127629 127629 127629 127629 127629 127629 127629 127629 127629 127629 127629 127629 127629 127629 127629 127629 127629 127629 127629 127629 127629 127629 127629 127629 127629 127629 127629 127629 127629 127629 127629 127629 127629 127629 127629 0 0 0 0 0 0 0 0 0 0 0 0 0 0 0 0 0 0 0 0 0 0 0 0 0
#obs catch bio
 0 92578.2 167733 184224 242424 279371 310676 297695 319201 288348 294082 276034 256956 240885 230601 212577 172686 159595 159330 141618 124502 120578 127499 110998 106285 112064 100397 102929 103194 103897 97244.4 97070.3 92266.1 94778.6 93579.1 89877.1 93713.1 87777.9 83543.1 91407.7 89257.2 96346 91824.9 82573.1 90951 89549.8 88172.9 88652.8 94058.5 100776 98315.7 98152.6 79638.8 109777 105245 95241.3 112929 118147 98360.4 88961.3 87730.3 74063.8
#pred cpue bio
 4.49571e+006 4.26923e+006 4.03698e+006 3.7336e+006 3.43392e+006 3.10362e+006 2.77004e+006 2.44077e+006 2.15782e+006 1.88133e+006 1.65976e+006 1.45147e+006 1.27755e+006 1.13672e+006 1.01933e+006 916468 828961 779566 741047 698095 669156 655184 642874 617893 607625 603399 592897 595825 596140 594337 588872 588793 586300 585344 577835 567072 556880 544497 544133 553225 554912 558775 554218 553982 563476 564108 566744 571691 577234 578181 572429 570052 569030 588836 574116 562326 560072 533813 496657 479679 472653 464732 1.63582e+007 9.69096e+006 9.75085e+006 1.03826e+007 1.14243e+007 1.25535e+007 1.35837e+007 1.44409e+007 1.5115e+007 1.56256e+007 1.60029e+007 1.62774e+007 1.64752e+007 1.66172e+007 1.6719e+007 1.67921e+007 1.68449e+007 1.68832e+007 1.69111e+007 1.69316e+007 1.69468e+007 1.69581e+007 1.69666e+007 1.69729e+007 1.69777e+007 1.69814e+007 1.69841e+007 1.69862e+007 1.69879e+007 1.69891e+007 1.699e+007 1.69908e+007 1.69913e+007 1.69918e+007 1.69921e+007 1.69923e+007 1.69925e+007 1.69927e+007 1.69928e+007 1.69929e+007 1.6993e+007 1.6993e+007 1.69931e+007 1.69931e+007 1.69931e+007 1.69932e+007 1.69932e+007 1.69932e+007 1.69932e+007 1.69932e+007 1.69932e+007 1.69932e+007 1.69932e+007 1.69932e+007 1.69932e+007 1.69932e+007 1.69932e+007 1.69932e+007 1.69932e+007 1.69932e+007 1.69932e+007 1.69932e+007 1.69932e+007 1.69932e+007 1.69932e+007 1.69932e+007 1.69932e+007 1.69932e+007 1.69932e+007 1.69932e+007 1.69932e+007 1.69932e+007 1.69932e+007 1.69932e+007 1.69932e+007 1.69932e+007 1.69932e+007 1.69932e+007 1.69932e+007 1.69932e+007 1.69932e+007 1.69932e+007 1.69932e+007 1.69932e+007 1.69932e+007 1.69932e+007 1.69932e+007 1.69932e+007 1.69932e+007 1.69932e+007 1.69932e+007 1.69932e+007 1.69932e+007 1.69932e+007 1.69932e+007 1.69932e+007 1.69932e+007 1.69932e+007 1.69932e+007 1.69932e+007 0 0 0 0 0 0 0 0 0 0 0 0 0 0 0 0 0 0 0 0 0 0 0 0 0
#obs cpue bio
 4.79856e+006 3.51114e+006 3.1976e+006 3.46057e+006 2.14699e+006 2.12361e+006 1.90712e+006 2.31937e+006 1.63803e+006 1.62244e+006 1.5025e+006 1.28296e+006 566697 1.10009e+006 820182 906559 907548 471819 714375 826058 572571 431537 652439 499552 364105 601986 502858 505707 559320 843016 387895 683105 601241 524132 635865 661454 600840 560344 425395 610705 572497 462687 520037 691315 596898 560849 539378 492400 520517 580154 490952 451452 634295 506091 430013 543105 556113 500710 423559 549745 438442 483573
#pred surv len freq
 0.00502358 0.00816638 0.0123088 0.0174352 0.0234207 0.0299491 0.036485 0.0424054 0.0472361 0.0508107 0.0532467 0.0548045 0.0557541 0.0563005 0.0565527 0.0565152 0.0561033 0.0551751 0.0535581 0.0510561 0.0474563 0.0425849 0.0364372 0.0293219 0.0218925
 0.00531757 0.00852203 0.0126238 0.0175538 0.0231947 0.0293225 0.0355501 0.041381 0.0463679 0.0502526 0.0529962 0.0547255 0.0556652 0.0560747 0.0561798 0.0561067 0.055843 0.0552362 0.054022 0.0518699 0.0484523 0.0435526 0.037209 0.0298267 0.0221542
 0.00562478 0.00902432 0.0133755 0.0185822 0.0244654 0.0307049 0.0368135 0.042252 0.0466422 0.0498977 0.0521669 0.0536731 0.0546018 0.0550895 0.0552544 0.0552 0.0549705 0.054488 0.0535137 0.0516673 0.0485243 0.0437841 0.0374611 0.0300009 0.0222218
 0.00593381 0.00952087 0.0141133 0.0196102 0.02582 0.0323926 0.0387811 0.0443582 0.0486512 0.0515175 0.0531319 0.0538392 0.0539995 0.0538951 0.053699 0.0534803 0.0532182 0.0527959 0.0519697 0.0503543 0.0474907 0.0430203 0.0369094 0.0295917 0.0219059
 0.00621854 0.00997701 0.0147879 0.0205445 0.0270448 0.0339196 0.0405912 0.0463908 0.0507986 0.0536225 0.0549908 0.0552218 0.0546974 0.0537875 0.0527991 0.0519297 0.0512325 0.0506002 0.0497581 0.0482794 0.0456615 0.0414984 0.0357079 0.0286865 0.0212539
 0.00650877 0.0104459 0.0154883 0.0215239 0.0283375 0.0355338 0.0424957 0.0485101 0.053023 0.0558241 0.0570337 0.0569598 0.0559696 0.0544298 0.0526807 0.0510007 0.049556 0.0483459 0.0471613 0.0455886 0.0430962 0.039224 0.0338252 0.0272311 0.0202063
 0.00679859 0.0109128 0.0161836 0.0224938 0.0296162 0.0371321 0.0443873 0.0506249 0.0552536 0.0580432 0.0591114 0.0587724 0.0573986 0.0553561 0.0529854 0.0505825 0.0483657 0.0464229 0.0446503 0.0427215 0.0401468 0.0364529 0.0314333 0.0253321 0.0188221
 0.00712169 0.0114283 0.0169415 0.0235351 0.0309667 0.038793 0.0463233 0.0527592 0.0574762 0.0602288 0.0611371 0.0605276 0.0587859 0.0562874 0.0533755 0.0503483 0.0474389 0.0447791 0.042345 0.0399119 0.0370811 0.0334236 0.028711 0.023106 0.0171679
 0.00740475 0.0118832 0.0176165 0.024472 0.032194 0.0403148 0.0481073 0.0547322 0.0595333 0.0622524 0.0630148 0.0621613 0.0600926 0.0571954 0.053818 0.0502588 0.0467539 0.0434547 0.0403878 0.0374132 0.0342317 0.0304915 0.0259818 0.0208096 0.0154245
 0.00778641 0.0124826 0.0184793 0.0256271 0.0336497 0.0420528 0.0500748 0.056838 0.0616571 0.0642645 0.0647968 0.063619 0.0611597 0.0578286 0.0539881 0.0499394 0.045915 0.0420686 0.0384518 0.0349841 0.0314534 0.0275929 0.0232338 0.0184528 0.0136036
 0.0081657 0.0130776 0.0193343 0.0267682 0.0350804 0.0437481 0.0519736 0.058843 0.0636466 0.066115 0.0664022 0.0648995 0.0620611 0.0583174 0.0540445 0.0495506 0.0450687 0.0407534 0.0366702 0.0327786 0.0289344 0.0249474 0.0206967 0.016247 0.0118759
 0.00857513 0.0137288 0.0202863 0.0280638 0.0367346 0.0457334 0.0542056 0.0611793 0.0659101 0.0681309 0.0680324 0.0660584 0.0627138 0.058467 0.0537167 0.0487783 0.0438811 0.0391728 0.0347207 0.0305071 0.0264359 0.0223774 0.0182544 0.0141266 0.0102097
 0.00883333 0.0141593 0.0209539 0.0290343 0.0380603 0.0474293 0.0562258 0.063409 0.0681809 0.0702541 0.0698336 0.0674038 0.0635227 0.0587141 0.0534229 0.0479938 0.0426668 0.0375871 0.0328184 0.0283521 0.0241207 0.0200359 0.0160514 0.0122224 0.00871389
 0.00907443 0.0145378 0.0215001 0.0297714 0.0390056 0.0485934 0.0576061 0.0649785 0.0698778 0.0719791 0.0714575 0.0687852 0.064533 0.0592608 0.0534625 0.0475321 0.0417467 0.0362731 0.0311854 0.0264839 0.0221181 0.0180232 0.0141692 0.010602 0.00744298
 0.00911622 0.0146396 0.0217148 0.0301672 0.0396471 0.0495135 0.0587838 0.0663388 0.0713154 0.0733897 0.0727563 0.0699054 0.0654136 0.0598397 0.0536828 0.0473554 0.0411653 0.0353138 0.0299053 0.0249648 0.0204627 0.016351 0.0126062 0.00925949 0.00639225
 0.00914982 0.0146981 0.0218123 0.0303251 0.0398963 0.0498939 0.0593371 0.0670925 0.0722637 0.0744809 0.0738972 0.0709836 0.0663261 0.0605104 0.0540639 0.0474195 0.0409005 0.0347256 0.0290234 0.0238474 0.0191961 0.0150425 0.0113689 0.00819103 0.00555429
 0.00934894 0.0149882 0.022187 0.0307576 0.0403495 0.0503353 0.0597516 0.0674868 0.0726612 0.0749093 0.0743729 0.0714978 0.0668397 0.0609608 0.0543818 0.0475458 0.0407957 0.0343734 0.0284318 0.0230514 0.0182582 0.0140482 0.0104129 0.00735736 0.00489694
 0.00932114 0.0149595 0.0221732 0.0307808 0.0404286 0.0504737 0.0599312 0.0676742 0.0728274 0.07505 0.0745148 0.0716855 0.0671092 0.061316 0.0547857 0.0479299 0.0410814 0.0344941 0.0283493 0.0227631 0.0177984 0.0134805 0.00981648 0.00680777 0.00444794
 0.0092932 0.0149108 0.0220951 0.0306667 0.0402798 0.0503055 0.0597744 0.0675678 0.0728028 0.0751172 0.0746613 0.0718893 0.0673544 0.0615991 0.0551057 0.0482724 0.0414099 0.0347553 0.0284901 0.0227507 0.0176324 0.0131945 0.00946727 0.0064577 0.00414671
 0.00939574 0.0150614 0.0222913 0.0308942 0.0405146 0.0505193 0.0599406 0.0676678 0.0728314 0.0750851 0.0745912 0.0718068 0.0672798 0.0615443 0.0550769 0.0482715 0.041431 0.0347801 0.0284889 0.0226921 0.0174981 0.0129892 0.0092185 0.00620463 0.00392513
 0.00946978 0.01517 0.0224323 0.0310574 0.0406828 0.0506726 0.0600592 0.0677355 0.0728383 0.0750314 0.0744894 0.0716799 0.0671553 0.0614462 0.0550195 0.0482573 0.0414522 0.0348205 0.0285261 0.022702 0.0174619 0.0129014 0.00909035 0.00605958 0.0037889
 0.00936262 0.0150157 0.0222369 0.0308388 0.0404653 0.0504781 0.0599009 0.067617 0.0727581 0.0749875 0.0744822 0.0717122 0.0672304 0.0615656 0.0551814 0.0484549 0.041673 0.0350466 0.0287362 0.0228742 0.0175793 0.0129572 0.00909059 0.00602142 0.00373391
 0.00932257 0.0149406 0.0221068 0.0306325 0.0401697 0.0501005 0.059477 0.0672059 0.0724242 0.0747776 0.0744124 0.0717699 0.0673873 0.0617919 0.0554526 0.0487529 0.0419827 0.0353527 0.0290214 0.0231208 0.017772 0.0130883 0.00916251 0.00604626 0.0037291
 0.00965341 0.0154161 0.0227058 0.0312924 0.040801 0.0506111 0.059796 0.0672971 0.0722892 0.0744538 0.0739629 0.0712671 0.0668948 0.0613524 0.0550867 0.0484655 0.0417701 0.035207 0.0289308 0.02307 0.0177444 0.0130687 0.00914144 0.0060208 0.00370165
 0.0097717 0.0156164 0.0230191 0.0317446 0.0413968 0.0513155 0.060523 0.0679221 0.0726874 0.0745458 0.073744 0.0708027 0.0662899 0.0607136 0.0544957 0.0479686 0.0413826 0.0349232 0.0287347 0.0229417 0.0176636 0.0130177 0.00910652 0.00599382 0.00367932
 0.00974224 0.0155818 0.0229928 0.0317506 0.041467 0.0514822 0.0608077 0.0683218 0.0731633 0.0750231 0.0741276 0.0710088 0.0662779 0.0605006 0.0541454 0.0475634 0.0409944 0.0345972 0.0284879 0.0227701 0.0175524 0.012949 0.00906452 0.00596714 0.00366126
 0.00979389 0.0156583 0.0230944 0.0318742 0.0416092 0.0516435 0.0609947 0.0685455 0.0734316 0.0753309 0.0744482 0.0712929 0.0664644 0.0605379 0.054013 0.0472821 0.0406189 0.0341947 0.0281158 0.0224633 0.0173218 0.0127883 0.00895925 0.00590143 0.00362179
 0.00958756 0.0153609 0.0227177 0.0314532 0.0411931 0.05128 0.060719 0.0683783 0.0733854 0.0754146 0.0746656 0.0716342 0.0668975 0.0610077 0.0544525 0.0476327 0.040849 0.0343073 0.0281407 0.0224401 0.017284 0.0127554 0.00893768 0.00588978 0.00361622
 0.00943945 0.0151248 0.022373 0.0309894 0.0406181 0.0506293 0.0600601 0.0678015 0.0729796 0.0752391 0.0747343 0.0719201 0.0673496 0.0615656 0.0550545 0.0482184 0.0413659 0.03472 0.0284382 0.0226344 0.017401 0.0128229 0.00897682 0.00591337 0.00363069
 0.00942215 0.0150826 0.0222832 0.0308221 0.040343 0.0502287 0.0595414 0.0672045 0.0723734 0.0747091 0.0743623 0.0717638 0.067428 0.0618569 0.0555047 0.0487578 0.0419236 0.0352361 0.0288717 0.0229672 0.017636 0.0129771 0.00907217 0.00596973 0.00366276
 0.00933533 0.0149632 0.0221427 0.0306811 0.0402214 0.0501313 0.0594496 0.0670818 0.0721845 0.0744421 0.0740424 0.0714486 0.0671886 0.0617528 0.0555643 0.0489711 0.042249 0.0356154 0.0292473 0.0232954 0.0178937 0.0131608 0.00919213 0.00604211 0.00370344
 0.00916259 0.0146972 0.0217715 0.0302076 0.0396669 0.049537 0.0588746 0.0665924 0.0718341 0.0742526 0.0739989 0.071515 0.0673318 0.0619599 0.0558418 0.0493294 0.042685 0.0361044 0.0297474 0.0237607 0.0182879 0.0134655 0.00940762 0.00618179 0.00378656
 0.0090549 0.0145219 0.0215076 0.0298375 0.0391815 0.0489448 0.0582097 0.0659159 0.0712246 0.0737866 0.0737306 0.0714621 0.0674753 0.0622563 0.0562428 0.0497966 0.0431936 0.0366354 0.0302781 0.0242617 0.0187284 0.0138225 0.00967261 0.0063614 0.0038975
 0.00886306 0.0142332 0.0211159 0.029351 0.0386189 0.048329 0.0575652 0.0652713 0.0706177 0.073266 0.0733505 0.0712714 0.0675033 0.0625028 0.0566765 0.0503657 0.0438404 0.037308 0.0309348 0.0248688 0.0192583 0.0142555 0.0100006 0.00658965 0.00404246
 0.00876567 0.014072 0.0208691 0.0289993 0.0381529 0.0477584 0.0569252 0.064619 0.0700168 0.0727692 0.0729898 0.0710617 0.0674521 0.0626148 0.0569508 0.0507876 0.0443777 0.0379153 0.0315617 0.0254687 0.0197936 0.0147007 0.0103439 0.00683337 0.00420059
 0.00947096 0.015051 0.0220323 0.0301585 0.0390732 0.0482431 0.0568849 0.0640901 0.0691279 0.0716857 0.0718674 0.0700204 0.0665694 0.0619312 0.0564796 0.0505245 0.0443049 0.0380022 0.0317665 0.025743 0.0200896 0.0149785 0.0105766 0.00700886 0.00431991
 0.0102104 0.0162027 0.0236619 0.0322679 0.0415718 0.0509218 0.059414 0.0660707 0.0702064 0.071681 0.0708366 0.0682218 0.0643525 0.0596227 0.054317 0.0486447 0.0427653 0.0368083 0.030892 0.0251425 0.0197077 0.014757 0.0104623 0.00695842 0.00430257
 0.0101608 0.016237 0.0239243 0.0329585 0.042888 0.0529655 0.0621072 0.0691295 0.0731928 0.0741146 0.0723207 0.0685458 0.0635376 0.0578972 0.052031 0.0461628 0.0403829 0.0347146 0.0291761 0.0238187 0.0187435 0.0140951 0.0100356 0.00670146 0.00415881
 0.00980462 0.0157059 0.0232224 0.0321421 0.0420779 0.0523482 0.0619146 0.0695831 0.0744132 0.0760334 0.0746537 0.0708595 0.0653871 0.0589706 0.0522331 0.0456105 0.039329 0.0334464 0.0279326 0.0227516 0.017917 0.013509 0.00965269 0.00647084 0.00403101
 0.00961283 0.0153802 0.0227091 0.0313909 0.0410635 0.0511034 0.0605603 0.0683328 0.0735371 0.0757855 0.0751843 0.0721449 0.0672118 0.0609787 0.0540396 0.0469248 0.0400344 0.0336021 0.0277108 0.0223516 0.0174981 0.0131629 0.00940949 0.00632131 0.00394967
 0.00961341 0.0153713 0.0226756 0.0313067 0.0408919 0.0508011 0.0600899 0.0676834 0.0727507 0.0749747 0.074524 0.0718277 0.0673756 0.0616391 0.055065 0.0480762 0.0410543 0.0343087 0.0280494 0.0223833 0.0173449 0.0129459 0.00921073 0.00617629 0.00386018
 0.0095462 0.0152751 0.0225542 0.0311704 0.0407512 0.0506587 0.0599339 0.0674876 0.0724841 0.0746196 0.0740971 0.0713949 0.0670467 0.0615346 0.0552634 0.048568 0.041733 0.0350115 0.0286248 0.0227484 0.0175013 0.0129537 0.00914601 0.00609779 0.00379801
 0.00951609 0.0152328 0.0225032 0.0311187 0.0407102 0.0506395 0.0599425 0.0675206 0.0725245 0.0746366 0.0740541 0.0712657 0.0668355 0.0612875 0.0550595 0.0484874 0.0418171 0.0352379 0.0289178 0.0230172 0.0176827 0.0130326 0.00914681 0.00605974 0.0037534
 0.00961 0.0153533 0.0226258 0.0312027 0.0407122 0.0505339 0.0597372 0.0672566 0.0722593 0.0744201 0.0739101 0.0711877 0.0667967 0.0612601 0.0550336 0.0484785 0.0418559 0.0353476 0.0290936 0.0232238 0.0178725 0.01317 0.00922197 0.00608544 0.00375139
 0.00964278 0.0154017 0.0226882 0.0312705 0.0407677 0.0505496 0.0596803 0.0670999 0.0719972 0.0740806 0.0735517 0.0708794 0.066591 0.0611752 0.0550551 0.0485763 0.0420034 0.0355297 0.0293008 0.0234424 0.0180803 0.0133431 0.00934572 0.0061597 0.00378763
 0.00964897 0.0154259 0.0227498 0.0313944 0.0409748 0.0508434 0.0600353 0.0674606 0.0722908 0.0742393 0.0735357 0.0706909 0.0662737 0.0607976 0.0546864 0.0482664 0.0417755 0.0353854 0.0292297 0.0234285 0.0181042 0.0133842 0.00938617 0.00618891 0.00380334
 0.00967613 0.0154599 0.0227836 0.0314182 0.0409829 0.0508422 0.0600462 0.0675127 0.072404 0.0744072 0.0737214 0.0708392 0.0663352 0.0607507 0.0545452 0.0480716 0.0415754 0.0352186 0.0291159 0.0233693 0.0180888 0.0133962 0.00940925 0.00621125 0.0038191
 0.00973556 0.0155455 0.0228914 0.0315364 0.0410936 0.0509262 0.0600887 0.0675091 0.0723638 0.074353 0.07368 0.070828 0.066351 0.0607705 0.0545392 0.0480215 0.0414837 0.0351059 0.029009 0.0232884 0.0180415 0.0133783 0.00941041 0.00622058 0.00382899
 0.00975189 0.0155769 0.022947 0.031626 0.0412232 0.0510917 0.0602722 0.0676805 0.0724901 0.0744114 0.073667 0.0707599 0.0662545 0.0606698 0.0544458 0.0479327 0.0413908 0.0350044 0.0289039 0.0231917 0.0179648 0.0133269 0.0093822 0.0062087 0.003826
 0.0097326 0.0155578 0.022941 0.0316528 0.0413046 0.051243 0.0604941 0.0679553 0.0727834 0.0746797 0.0738679 0.0708635 0.0662516 0.0605734 0.054284 0.047737 0.0411862 0.0348062 0.0287207 0.0230301 0.0178309 0.013225 0.00931189 0.0061653 0.00380211
 0.00979604 0.0156527 0.023069 0.0318116 0.0414899 0.0514524 0.0607274 0.0682116 0.0730554 0.0749485 0.0741029 0.0710281 0.0663143 0.0605182 0.0541164 0.0474821 0.0408802 0.0344858 0.0284158 0.0227603 0.0176074 0.0130517 0.00918723 0.00608277 0.00375224
 0.00970313 0.0155289 0.0229328 0.0316959 0.0414327 0.0514806 0.0608459 0.0684032 0.0732913 0.0752011 0.0743521 0.0712586 0.0665098 0.0606588 0.0541834 0.0474656 0.0407853 0.0343317 0.0282298 0.02257 0.0174344 0.0129092 0.00908011 0.00600925 0.00370634
 0.00962197 0.0153988 0.0227422 0.03144 0.0411197 0.0511389 0.0605255 0.0681667 0.0731936 0.0752676 0.0745693 0.0715823 0.0668834 0.0610305 0.0545134 0.0477272 0.0409645 0.0344275 0.0282535 0.0225422 0.0173786 0.0128459 0.00902344 0.00596595 0.00367735
 0.00949672 0.0151853 0.0224037 0.0309394 0.0404322 0.0502702 0.0595289 0.0671459 0.0722851 0.0746076 0.0742581 0.0716599 0.0673224 0.0617476 0.0553946 0.0486565 0.0418456 0.0351955 0.0288761 0.0230145 0.0177153 0.0130723 0.00916736 0.00605256 0.00372662
 0.00960372 0.0153639 0.0226781 0.031327 0.0409294 0.0508368 0.0600801 0.0675663 0.0724663 0.074493 0.0738698 0.0710912 0.0667014 0.0611922 0.0549789 0.0484002 0.0417238 0.0351606 0.0288798 0.0230223 0.0177105 0.0130534 0.00914055 0.00602565 0.00370486
 0.00943933 0.0151425 0.0224305 0.0311122 0.0408204 0.0508956 0.0603328 0.067989 0.0729861 0.0750043 0.0742622 0.071284 0.0666722 0.0609826 0.0546746 0.0480936 0.0414812 0.0350065 0.0288034 0.0229949 0.0177039 0.0130492 0.00913214 0.00601391 0.00369311
 0.00923857 0.0148206 0.0219577 0.0304732 0.0400287 0.0500092 0.0594618 0.0672801 0.0725797 0.0749814 0.0746109 0.0719048 0.067418 0.0617134 0.0552989 0.0485831 0.0418565 0.0353078 0.0290632 0.0232261 0.0179032 0.0132086 0.00924778 0.0060894 0.00373737
 0.00950649 0.0152026 0.0224319 0.0309818 0.0404897 0.0503395 0.0596006 0.0672056 0.0723174 0.0746004 0.0742059 0.0715642 0.0671911 0.0615955 0.055244 0.0485349 0.0417786 0.035196 0.028937 0.0231106 0.0178142 0.0131487 0.00921111 0.00606775 0.00372446
 0.00981205 0.0156933 0.0231553 0.0319667 0.0417277 0.0517616 0.061064 0.068509 0.0732518 0.0750179 0.0740678 0.0709461 0.0662454 0.0604948 0.0541307 0.0474967 0.0408514 0.0343854 0.0282409 0.0225298 0.017351 0.0128005 0.0089662 0.00590728 0.0036267
 0.00963444 0.0154583 0.0229023 0.0317698 0.0416796 0.0519452 0.061522 0.069224 0.0741417 0.0759474 0.0748786 0.0714996 0.0664647 0.060385 0.0537671 0.0469874 0.0402977 0.0338571 0.0277737 0.0221366 0.0170341 0.0125576 0.00879131 0.00579026 0.00355447
 0.00912879 0.0147059 0.0219027 0.0305768 0.0403972 0.0507141 0.0605029 0.0685751 0.0739849 0.076328 0.0757401 0.0726905 0.0677807 0.0616273 0.054794 0.0477389 0.0407876 0.0341433 0.0279241 0.0222071 0.0170618 0.0125641 0.0087888 0.0057852 0.00354993
 0.00867145 0.0139891 0.0208771 0.0292237 0.0387429 0.0488465 0.0585833 0.0668283 0.0726574 0.0756249 0.0757687 0.0734343 0.0691076 0.0633252 0.0566219 0.0494813 0.0422951 0.0353482 0.0288285 0.0228548 0.01751 0.0128654 0.00898489 0.00590751 0.00362212
#obs surv len freq
 nan nan nan nan nan nan nan nan nan nan nan nan nan nan nan nan nan nan nan nan nan nan nan nan nan
 0.00448489 0.0073463 0.0111763 0.0159925 0.021693 0.0279682 0.0342819 0.0400128 0.0446922 0.0481559 0.0505139 0.0520098 0.0529022 0.0534147 0.0537292 0.0539842 0.0542628 0.0545556 0.0546944 0.0542863 0.0527243 0.0493565 0.0438062 0.0362862 0.0276699
 0.00461519 0.00756049 0.0115026 0.0164578 0.0223156 0.0287482 0.035191 0.0409918 0.0456592 0.049023 0.0512039 0.0524678 0.0531004 0.0533527 0.0534292 0.0534836 0.0536052 0.0537837 0.0538472 0.0534009 0.0518395 0.0485154 0.0430537 0.0356603 0.0271914
 0.00477337 0.0078194 0.0118957 0.0170173 0.0230673 0.0297006 0.0363248 0.0422542 0.0469682 0.0502799 0.0523073 0.053327 0.0536454 0.0535422 0.053254 0.052965 0.052788 0.0527268 0.0526168 0.0520668 0.0504765 0.0472032 0.0418714 0.0346732 0.0264356
 0.00496382 0.00813015 0.0123655 0.0176833 0.0239577 0.0308243 0.0376596 0.0437424 0.0485234 0.0518011 0.0536927 0.0544812 0.0544844 0.053998 0.0532819 0.0525494 0.0519456 0.0515058 0.0510918 0.0503344 0.0486515 0.0454119 0.0402387 0.0333008 0.0253808
 0.00518017 0.00848413 0.0129025 0.0184468 0.0249812 0.032118 0.0391968 0.0454546 0.0503103 0.0535493 0.0552928 0.0558369 0.0555136 0.0546319 0.053465 0.0522437 0.0511375 0.0502144 0.0493758 0.0482958 0.0464325 0.0431835 0.038176 0.03155 0.024027
 0.00540958 0.00886053 0.0134754 0.0192649 0.0260828 0.0335169 0.0408667 0.0473237 0.0522706 0.055477 0.0570676 0.0573537 0.0566862 0.0553911 0.0537558 0.0520234 0.0503787 0.0489139 0.0475694 0.046073 0.0439431 0.0406268 0.0357698 0.0294833 0.0224161
 0.00563787 0.00923547 0.014047 0.0200827 0.027187 0.034924 0.0425541 0.0492235 0.0542784 0.0574705 0.0589253 0.0589664 0.0579617 0.0562546 0.0541482 0.0518982 0.0497015 0.0476693 0.045776 0.0438037 0.041341 0.0379011 0.033163 0.0272165 0.0206329
 0.0058848 0.00963969 0.0146606 0.020956 0.0283594 0.0364085 0.0443223 0.0511998 0.0563504 0.0595108 0.0608114 0.0605921 0.05924 0.0571165 0.0545391 0.0517744 0.0490288 0.0464274 0.0439733 0.0415005 0.0386699 0.03507 0.0304254 0.0248126 0.0187265
 0.0061208 0.0100263 0.0152481 0.0217934 0.0294854 0.0378372 0.0460279 0.0531107 0.0583593 0.0614942 0.0626498 0.0621814 0.0604953 0.0579714 0.0549423 0.0516849 0.0484135 0.0452638 0.0422633 0.0392928 0.0360834 0.032301 0.0277221 0.0224183 0.0168134
 0.00637984 0.0104484 0.0158851 0.0226937 0.0306846 0.0393431 0.047805 0.0550757 0.0603931 0.0634655 0.0644366 0.0636839 0.0616383 0.0587019 0.0552235 0.0514906 0.0477224 0.0440614 0.0405528 0.0371171 0.0335497 0.029591 0.0250712 0.0200623 0.0149232
 0.00660649 0.0108247 0.0164658 0.0235342 0.0318289 0.0408054 0.0495517 0.0570198 0.0624081 0.0654114 0.0661849 0.0651313 0.0627109 0.0593522 0.0554253 0.0512303 0.0469929 0.0428605 0.0388911 0.035037 0.0311487 0.0270333 0.0225716 0.0178383 0.0131352
 0.00684789 0.0112158 0.0170519 0.0243574 0.032921 0.0421762 0.0511753 0.0588278 0.0642953 0.0672527 0.0678543 0.0665181 0.0637301 0.059949 0.0555725 0.0509218 0.0462345 0.0416647 0.0372808 0.0330603 0.0288982 0.0246573 0.0202615 0.015788 0.0114877
 0.00707476 0.011591 0.0176279 0.0251852 0.0340381 0.0435882 0.0528394 0.0606502 0.0661485 0.0690035 0.0693875 0.0677459 0.064591 0.0604037 0.055601 0.0505208 0.045414 0.0404451 0.0356951 0.0311631 0.0267802 0.0224536 0.018141 0.0139189 0.00999227
 0.00727516 0.0119228 0.0181385 0.0259225 0.035041 0.0448704 0.0543732 0.0623592 0.0679165 0.0706963 0.0708765 0.0689268 0.065393 0.0607908 0.0555656 0.0500745 0.0445792 0.0392516 0.0341825 0.0293893 0.0248329 0.0204555 0.0162393 0.0122565 0.00867016
 0.00741532 0.0121535 0.0184914 0.0264302 0.0357321 0.045761 0.055457 0.0636012 0.0692545 0.072048 0.0721494 0.0700276 0.0662377 0.0613142 0.0557279 0.0498621 0.044001 0.0383334 0.0329646 0.0279303 0.023216 0.018791 0.0146551 0.0108735 0.00757196
 0.00752234 0.0123255 0.018747 0.0267863 0.0362021 0.0463517 0.0561643 0.0644079 0.0701314 0.0729575 0.0730474 0.0708638 0.0669561 0.0618555 0.0560365 0.0498942 0.0437316 0.0377604 0.0321102 0.026842 0.0219679 0.0174816 0.013396 0.00976847 0.00669237
 0.00757572 0.0124104 0.0188713 0.0269569 0.0364245 0.0466301 0.0565002 0.0648 0.0705758 0.0734479 0.0735747 0.0714122 0.0674994 0.0623549 0.0564418 0.0501499 0.0437866 0.0375788 0.031681 0.0261856 0.0211373 0.0165582 0.0124763 0.00894371 0.006027
 0.0076504 0.0125229 0.0190241 0.0271467 0.0366435 0.0468685 0.0567488 0.065051 0.0708246 0.0736943 0.0738224 0.0716672 0.0677645 0.0626238 0.0566946 0.0503525 0.0438945 0.0375469 0.0314767 0.0258007 0.0205964 0.0159173 0.0118114 0.00833153 0.00552467
 0.00771315 0.0126207 0.0191632 0.0273286 0.0368643 0.047117 0.0570062 0.0652942 0.0710317 0.0738531 0.0739345 0.0717464 0.0678302 0.0626923 0.0567723 0.0504305 0.0439488 0.0375425 0.0313774 0.0255828 0.0202603 0.0154923 0.0113496 0.00789209 0.00515565
 0.0077596 0.0126901 0.0192562 0.0274422 0.0369927 0.0472537 0.057145 0.0654287 0.0711553 0.0739589 0.0740172 0.071805 0.0678695 0.0627219 0.0568023 0.0504656 0.0439831 0.0375577 0.0313473 0.0254824 0.020078 0.0152379 0.0110539 0.00759688 0.00489898
 0.00779087 0.0127374 0.0193205 0.0275218 0.0370828 0.0473474 0.0572342 0.0655055 0.0712146 0.0739996 0.074043 0.0718218 0.0678829 0.0627362 0.05682 0.0504879 0.0440075 0.0375761 0.0313447 0.0254412 0.0199851 0.0150931 0.0108729 0.00740644 0.00472675
 0.00782429 0.0127854 0.0193811 0.0275889 0.0371483 0.0474033 0.0572753 0.0655298 0.0712229 0.073995 0.0740302 0.0718066 0.0678713 0.0627331 0.0568279 0.0505063 0.0440331 0.0376021 0.0313609 0.0254351 0.0199463 0.0150181 0.010769 0.00728968 0.00461609
 0.00787219 0.0128604 0.0194881 0.0277294 0.0373182 0.0475918 0.0574635 0.0656938 0.0713396 0.0740492 0.0740198 0.0717415 0.0677688 0.0626122 0.0567052 0.0503937 0.0439367 0.0375222 0.0312929 0.0253709 0.0198772 0.014939 0.0106806 0.00719932 0.00453377
 0.00785065 0.012829 0.0194479 0.027684 0.0372738 0.0475558 0.0574431 0.0656941 0.0713617 0.0740896 0.0740701 0.0717922 0.0678127 0.0626462 0.0567309 0.0504148 0.0439569 0.0375429 0.0313122 0.025384 0.0198786 0.0149249 0.0106514 0.00716012 0.00449232
 0.00788983 0.0128822 0.0195087 0.0277405 0.0373125 0.0475675 0.0574278 0.0656609 0.0713246 0.074061 0.0740566 0.071793 0.0678217 0.062656 0.0567356 0.0504127 0.0439493 0.0375329 0.0313017 0.0253729 0.0198648 0.0149059 0.0106266 0.00713132 0.00446345
 0.00788613 0.0128789 0.0195084 0.0277457 0.0373237 0.0475802 0.0574322 0.0656451 0.0712813 0.0739936 0.07398 0.0717275 0.0677841 0.0626529 0.0567627 0.0504589 0.0440027 0.0375844 0.0313463 0.0254081 0.0198893 0.0149193 0.0106294 0.00712589 0.00445329
 0.00788301 0.012873 0.019498 0.0277295 0.0373015 0.047554 0.057406 0.0656235 0.0712658 0.0739816 0.0739659 0.0717077 0.0677608 0.0626339 0.0567574 0.0504724 0.0440338 0.0376266 0.0313913 0.0254491 0.0199218 0.0149413 0.0106413 0.00712939 0.00445129
 0.00788611 0.0128725 0.0194871 0.0276989 0.0372421 0.0474617 0.0572854 0.0654884 0.0711359 0.0738764 0.073899 0.0716835 0.0677751 0.062678 0.0568223 0.0505518 0.0441231 0.0377212 0.0314852 0.0255356 0.0199951 0.0149979 0.0106806 0.0071535 0.00446392
 0.00787143 0.0128493 0.0194532 0.027652 0.0371795 0.0473803 0.0571826 0.0653645 0.0709968 0.0737354 0.0737746 0.0715954 0.0677376 0.0626956 0.0568892 0.0506554 0.0442488 0.0378558 0.0316179 0.0256577 0.0201001 0.0150817 0.0107421 0.00719454 0.00448854
 0.00781763 0.0127632 0.0193268 0.0274797 0.0369605 0.0471216 0.0569009 0.0650846 0.0707471 0.0735397 0.073649 0.0715469 0.0677668 0.0627983 0.0570565 0.0508729 0.0444979 0.0381159 0.0318698 0.0258861 0.0202943 0.0152363 0.0108567 0.00727307 0.00453781
 0.00781555 0.0127514 0.0192934 0.0274089 0.0368366 0.0469357 0.0566572 0.0648022 0.0704556 0.0732725 0.0734355 0.0714078 0.067712 0.0628281 0.0571634 0.0510438 0.0447156 0.0383607 0.032121 0.0261243 0.0205041 0.0154079 0.0109868 0.0073639 0.00459595
 0.00778685 0.0127061 0.0192273 0.0273179 0.0367163 0.0467811 0.0564645 0.0645718 0.0701964 0.073004 0.073186 0.071209 0.0675914 0.0628014 0.0572325 0.0511981 0.0449359 0.0386231 0.0324003 0.0263968 0.0207498 0.0156131 0.0111451 0.00747625 0.00466894
 0.00776586 0.0126705 0.0191711 0.027235 0.0366021 0.0466351 0.0562914 0.0643815 0.0700004 0.0728129 0.0730087 0.0710555 0.0674745 0.0627371 0.0572349 0.0512746 0.0450831 0.038827 0.0326394 0.0266461 0.020986 0.0158179 0.0113077 0.00759446 0.00474724
 0.00774111 0.0126305 0.0191115 0.0271517 0.0364921 0.0464976 0.0561295 0.0642027 0.0698166 0.0726376 0.0728551 0.0709334 0.067391 0.0626967 0.0572423 0.0513341 0.0451966 0.0389908 0.0328417 0.0268684 0.0212065 0.0160165 0.0114706 0.00771596 0.00482945
 0.00931908 0.0148388 0.0217756 0.0298893 0.0388244 0.0480272 0.0566808 0.0638478 0.0687919 0.0712235 0.0712876 0.0693723 0.0659283 0.061379 0.0560899 0.0503538 0.0443885 0.0383499 0.0323579 0.0265248 0.0209798 0.0158794 0.0113958 0.00767987 0.00481466
 0.00928601 0.0150801 0.0226589 0.031872 0.0422549 0.052876 0.0623698 0.0693453 0.0729801 0.07334 0.071177 0.0674272 0.0628167 0.0577575 0.0524406 0.0469597 0.041384 0.0357835 0.0302346 0.0248272 0.0196754 0.014923 0.0107318 0.00724688 0.00455153
 0.00896491 0.0145706 0.0219373 0.0309818 0.0413624 0.052309 0.0625806 0.070749 0.0757069 0.0770497 0.0750995 0.0706568 0.0646906 0.0580859 0.0514773 0.0451891 0.0392918 0.0337241 0.028409 0.0233197 0.0184995 0.0140545 0.0101267 0.00685174 0.00431152
 0.008786 0.0142753 0.0214851 0.0303342 0.0404976 0.0512502 0.0614341 0.069734 0.0751422 0.0772682 0.076298 0.0727494 0.0672713 0.0605591 0.0533001 0.0460809 0.0392917 0.0330936 0.0274726 0.022343 0.0176432 0.0133851 0.00964832 0.0065366 0.00412
 0.00873143 0.0141768 0.0213181 0.0300682 0.0401012 0.0507006 0.0607309 0.0689132 0.0742905 0.0765323 0.0758743 0.0728366 0.0679839 0.06184 0.0548965 0.0476247 0.0404488 0.0336944 0.0275465 0.0220558 0.017195 0.0129329 0.00927853 0.00627445 0.00395445
 0.0087029 0.0141293 0.0212439 0.0299574 0.0399413 0.0504769 0.0604285 0.0685221 0.0738135 0.0759956 0.0753399 0.0724066 0.0677864 0.0619887 0.0554318 0.0484693 0.0414162 0.0345586 0.028137 0.0223182 0.0171869 0.0127687 0.00906848 0.00608949 0.00382217
 0.00867639 0.0140857 0.0211771 0.0298616 0.0398118 0.0503114 0.0602283 0.0682909 0.0735554 0.0757143 0.0750422 0.0721117 0.0675358 0.061847 0.0554703 0.0487318 0.0418844 0.0351426 0.0287053 0.022754 0.0174347 0.0128443 0.00903243 0.00600835 0.00374237
 0.00868228 0.0140917 0.0211794 0.0298541 0.0397871 0.0502628 0.0601515 0.0681849 0.0734222 0.0755573 0.0748656 0.0719214 0.0673431 0.0616742 0.0553533 0.0487127 0.0419938 0.0353771 0.0290192 0.0230733 0.0176897 0.0129987 0.00909117 0.00600339 0.00371019
 0.00866992 0.0140761 0.0211641 0.0298443 0.0397873 0.0502737 0.0601674 0.0681945 0.0734125 0.0755183 0.0747933 0.0718185 0.0672174 0.0615386 0.0552262 0.0486189 0.0419596 0.0354206 0.0291377 0.0232395 0.0178609 0.013136 0.00917514 0.00603758 0.00371197
 0.00866649 0.0140678 0.021147 0.0298142 0.0397416 0.0502147 0.0601031 0.068137 0.0733722 0.0754985 0.0747883 0.0718163 0.0672064 0.0615124 0.055187 0.0485774 0.0419326 0.0354254 0.0291846 0.0233251 0.0179676 0.0132393 0.0092551 0.00608625 0.00373349
 0.00865503 0.0140526 0.0211301 0.029799 0.0397312 0.0502092 0.0600994 0.0681297 0.0733574 0.0754767 0.074764 0.0717948 0.0671897 0.061498 0.0551706 0.0485571 0.0419121 0.0354136 0.0291915 0.0233558 0.0180186 0.0132992 0.00931022 0.00612701 0.00375749
 0.00864288 0.0140327 0.0211001 0.0297573 0.0396781 0.0501485 0.0600381 0.0680769 0.0733207 0.0754595 0.0747643 0.0718076 0.0672098 0.0615217 0.0551953 0.0485806 0.0419334 0.0354342 0.029215 0.0233865 0.0180576 0.0133433 0.00935286 0.00616181 0.00378126
 0.00862276 0.0139997 0.0210502 0.0296869 0.0395853 0.0500346 0.0599099 0.0679466 0.0732042 0.0753724 0.0747181 0.0718066 0.0672503 0.0615941 0.055287 0.04868 0.0420313 0.0355252 0.0292971 0.0234601 0.0181238 0.0134021 0.00940263 0.00620065 0.00380841
 0.00862475 0.0140032 0.0210558 0.0296946 0.039594 0.0500414 0.0599095 0.0679331 0.073173 0.0753235 0.0746573 0.0717439 0.0671974 0.0615598 0.0552753 0.048689 0.0420557 0.0355586 0.0293342 0.0234975 0.0181598 0.0134355 0.00943213 0.00622478 0.00382622
 0.00863003 0.0140123 0.0210703 0.0297163 0.0396241 0.0500795 0.0599529 0.067976 0.0732076 0.0753415 0.0746525 0.0717145 0.0671474 0.0614981 0.0552131 0.0486365 0.0420187 0.0355382 0.029328 0.0235016 0.0181703 0.0134493 0.0094466 0.00623797 0.00383679
 0.00863003 0.0140123 0.0210703 0.0297163 0.0396241 0.0500795 0.0599529 0.067976 0.0732076 0.0753415 0.0746525 0.0717145 0.0671474 0.0614981 0.0552131 0.0486365 0.0420187 0.0355382 0.029328 0.0235016 0.0181703 0.0134493 0.0094466 0.00623797 0.00383679
 0.00867533 0.014085 0.0211775 0.029863 0.039811 0.0503004 0.0601923 0.0682095 0.0734067 0.0754802 0.0747132 0.0716914 0.067046 0.0613337 0.0550076 0.0484139 0.0418016 0.0353435 0.0291658 0.023375 0.0180775 0.0133855 0.00940588 0.00621407 0.00382411
 0.00865101 0.0140515 0.0211384 0.0298261 0.0397872 0.0503006 0.0602248 0.068278 0.0735081 0.0756043 0.0748436 0.0718085 0.0671314 0.0613751 0.0550013 0.0483656 0.041724 0.0352525 0.0290761 0.0232974 0.0180172 0.0133431 0.00937897 0.00619872 0.00381635
 0.00848202 0.0137828 0.0207471 0.0292992 0.0391296 0.0495445 0.0594361 0.0675509 0.0729451 0.0752871 0.0748105 0.0720475 0.0675893 0.0619753 0.0556629 0.0490192 0.0423205 0.0357651 0.0294968 0.0236302 0.0182721 0.0135318 0.00951276 0.00628871 0.00387306
 0.00876388 0.0142073 0.0213212 0.0300023 0.0399131 0.0503361 0.0601466 0.0680868 0.07323 0.0752854 0.0745408 0.0715752 0.0670029 0.0613588 0.0550772 0.0484965 0.0418696 0.0353823 0.0291751 0.0233644 0.0180596 0.0133699 0.00939704 0.00621187 0.00382607
 0.00876454 0.0142426 0.021436 0.0302547 0.0403541 0.0509793 0.0609448 0.0689329 0.073986 0.075826 0.0747889 0.0715168 0.0666803 0.0608509 0.0544749 0.0478806 0.0412972 0.0348839 0.02876 0.02303 0.0177985 0.0131737 0.00925705 0.00611822 0.00376806
 0.00865757 0.0140716 0.0211873 0.0299263 0.0399663 0.0505846 0.0606282 0.0687921 0.0740931 0.0761885 0.0753366 0.0721265 0.0672241 0.0612405 0.0546812 0.0479264 0.0412338 0.0347658 0.0286291 0.0229107 0.0177007 0.0130991 0.0092032 0.00608176 0.00374512
 0.00875676 0.0142127 0.0213616 0.0301115 0.0401306 0.0506967 0.0606684 0.0687621 0.0740199 0.07612 0.0753239 0.0721984 0.0673689 0.0614075 0.0548046 0.0479562 0.0411555 0.0346 0.0284162 0.0226918 0.0175056 0.0129427 0.00908837 0.00600393 0.00369643
 0.00902724 0.0146495 0.0220102 0.0310029 0.0412646 0.0520202 0.0620615 0.0700495 0.0750146 0.0766817 0.0754027 0.071841 0.0666877 0.0605342 0.0538494 0.0469901 0.040216 0.0337092 0.0275959 0.0219672 0.0168996 0.0124672 0.00874072 0.00576827 0.00354902
 0.00899113 0.0146202 0.0220212 0.0311061 0.0415188 0.0524723 0.0627248 0.0708897 0.0759479 0.0775866 0.0761458 0.0723104 0.0668249 0.0603477 0.0534048 0.0463801 0.0395297 0.0330143 0.026937 0.0213737 0.016392 0.0120585 0.00843385 0.00555525 0.00341325
 0.00880972 0.0143216 0.0215689 0.0304742 0.040711 0.0515436 0.0617949 0.0701276 0.0755244 0.077613 0.0766295 0.0731526 0.0678565 0.0613858 0.0543033 0.0470586 0.0399739 0.0332557 0.0270273 0.0213651 0.0163284 0.0119732 0.0083502 0.00548655 0.0033642
 0.0087409 0.0141897 0.0213336 0.030086 0.040124 0.0507373 0.0607966 0.069025 0.0744596 0.0767558 0.0761376 0.0731264 0.0683055 0.0622219 0.0553671 0.0481703 0.0409833 0.0340732 0.0276261 0.0217649 0.0165714 0.0121064 0.00841423 0.00551189 0.00337098
#pred catch len freq
 0.00446108 0.00708291 0.010378 0.0142821 0.0187519 0.0237388 0.0291185 0.0346631 0.04009 0.0451347 0.049595 0.0533465 0.0563443 0.0586049 0.0601646 0.0610352 0.061182 0.0605267 0.0589529 0.0563033 0.0523841 0.0470296 0.0402496 0.0323934 0.024187
 0.00474117 0.00743622 0.0107255 0.0144986 0.0187145 0.0233949 0.0285301 0.03399 0.0395114 0.0447558 0.0493962 0.053204 0.0561046 0.0581712 0.0595543 0.060385 0.060699 0.0604026 0.0592786 0.0570229 0.0533165 0.0479475 0.040973 0.0328473 0.024399
 0.00506117 0.00794112 0.0114491 0.015442 0.0198234 0.0245409 0.0295162 0.0346011 0.0396033 0.0443313 0.0486076 0.052268 0.0551866 0.0573208 0.0587316 0.0595465 0.0598727 0.0596983 0.05883 0.0569044 0.053493 0.0482896 0.041325 0.0330987 0.0245175
 0.00538256 0.008445 0.0121751 0.0164195 0.0210716 0.0260607 0.031268 0.036474 0.0413982 0.0457853 0.0494691 0.0523928 0.054596 0.0561788 0.0572558 0.0579215 0.0582217 0.0581121 0.0573998 0.055718 0.0525984 0.0476688 0.0409063 0.0327995 0.0242816
 0.00571122 0.00895709 0.0129059 0.0173917 0.0222973 0.0275442 0.033001 0.0384234 0.0434889 0.0478831 0.0513731 0.0538551 0.0553795 0.0561353 0.056383 0.0563599 0.0561965 0.055862 0.0551329 0.0535977 0.0507403 0.0461354 0.0397064 0.0319019 0.0236373
 0.00604881 0.00948601 0.013666 0.0184099 0.0235879 0.0291076 0.0348187 0.0404519 0.0456571 0.0500932 0.0534991 0.0557378 0.0568271 0.0569456 0.05639 0.0554913 0.0545107 0.0535397 0.0524303 0.0507865 0.0480595 0.0437628 0.0377477 0.0303921 0.0225529
 0.00639842 0.0100321 0.0144478 0.019453 0.0249055 0.0307006 0.0366702 0.0425193 0.0478679 0.0523476 0.0556776 0.0577077 0.0584459 0.0580621 0.0568519 0.0551688 0.0533366 0.0515507 0.0497833 0.0477371 0.0449098 0.0407992 0.0351896 0.0283624 0.0210747
 0.00676089 0.0105962 0.015251 0.0205173 0.0262389 0.0322989 0.0385133 0.0445636 0.0500429 0.0545585 0.0578116 0.0596433 0.0600594 0.0592316 0.0574583 0.0550989 0.0524995 0.0499103 0.0473967 0.0447771 0.0416507 0.037564 0.0322762 0.0259782 0.019303
 0.00712572 0.0111637 0.0160585 0.0215854 0.0275727 0.0338889 0.0403316 0.0465586 0.0521383 0.0566591 0.0598126 0.0614378 0.0615448 0.0603115 0.0580413 0.0550971 0.0518321 0.0485221 0.0452925 0.0420579 0.0385297 0.034341 0.0292704 0.0234466 0.01738
