SBPRF35
9.00273
Curr Bio
723810
B35
591351
F35
0.199218
FOFL
0.199218
OFL
116962
Bzero
2.57221e+006
#pred survey bio
 2.34784e+006 2.24786e+006 2.12565e+006 2.00042e+006 1.79789e+006 1.61534e+006 1.42565e+006 1.26414e+006 1.13525e+006 1.0384e+006 953912 879933 789809 681859 626611 606499 598179 601589 593257 561598 525627 482533 464928 470921 496699 520859 543957 520958 523981 519527 534614 523724 512807 513800 515278 533410 577689 609180 605356 567497 537062 523592 539634 576567 601743 623315 653446 631462 578417 566902 542867 524341 578397 649221 643955 563161 466562 464532 512370 579119 663980 732479 1.72764e+007 1.58673e+007 1.6088e+007 1.6552e+007 1.71478e+007 1.77656e+007 1.83342e+007 1.88198e+007 1.92144e+007 1.95243e+007 1.97625e+007 1.99428e+007 2.00782e+007 2.01795e+007 2.02551e+007 2.03116e+007 2.0354e+007 2.03859e+007 2.041e+007 2.04283e+007 2.04423e+007 2.0453e+007 2.04612e+007 2.04675e+007 2.04724e+007 2.04762e+007 2.04792e+007 2.04815e+007 2.04833e+007 2.04847e+007 2.04858e+007 2.04866e+007 2.04873e+007 2.04878e+007 2.04883e+007 2.04886e+007 2.04888e+007 2.0489e+007 2.04892e+007 2.04893e+007 2.04894e+007 2.04895e+007 2.04896e+007 2.04896e+007 2.04897e+007 2.04897e+007 2.04897e+007 2.04897e+007 2.04897e+007 2.04898e+007 2.04898e+007 2.04898e+007 2.04898e+007 2.04898e+007 2.04898e+007 2.04898e+007 2.04898e+007 2.04898e+007 2.04898e+007 2.04898e+007 2.04898e+007 2.04898e+007 2.04898e+007 2.04898e+007 2.04898e+007 2.04898e+007 2.04898e+007 2.04898e+007 2.04898e+007 2.04898e+007 2.04898e+007 2.04898e+007 2.04898e+007 2.04898e+007 2.04898e+007 2.04898e+007 2.04898e+007 2.04898e+007 2.04898e+007 2.04898e+007 2.04898e+007 2.04898e+007 2.04898e+007 2.04898e+007 2.04898e+007 2.04898e+007 2.04898e+007 2.04898e+007 2.04898e+007 2.04898e+007 2.04898e+007 2.04898e+007 2.04898e+007 2.04898e+007 2.04898e+007 2.04898e+007 2.04898e+007 2.04898e+007 2.04898e+007 2.04898e+007 0 0 0 0 0 0 0 0 0 0 0 0 0 0 0 0 0 0 0 0 0 0 0 0 0
#obs survey bio
 2.15567e+006 2.08131e+006 2.21107e+006 2.59703e+006 1.57229e+006 1.83253e+006 1.99004e+006 1.04191e+006 1.53168e+006 867370 1.32964e+006 821765 1.0336e+006 528612 652965 565984 553981 577465 700993 520992 442361 658664 468679 390685 515616 590714 609158 446240 427830 471030 613096 466876 432337 547923 486425 370222 538754 767288 566302 615679 467493 540900 510730 511580 661430 570447 659588 675654 644270 557104 430021 465874 767420 628896 808298 656720 361834 535079 505740 452715 866471 716236
#pred catch bio
 261084 265085 267373 307100 309336 305321 282181 276669 253780 249069 216980 214044 192684 173607 147494 143029 137541 138214 119437 106885 112761 100439 101799 103554 108434 97429.6 101588 90811.7 96449.4 91456.1 96962.6 95174.8 78621.8 79517.1 88393.1 86306.7 84543.4 80663.4 85306.5 82465.6 85320.4 90048.9 89434.3 91587.7 89169.5 90345.8 84065.4 123731 97166.8 91391.9 104500 68288.9 59359.9 101362 107045 129392 70647.3 56996.4 72250.4 81587.6 96587.7 151584 116962 117238 117774 120123 123729 127569 131067 133978 136258 137968 139210 140090 140702 141122 141406 141597 141724 141809 141864 141901 141924 141940 141950 141957 141961 141964 141966 141967 141968 141968 141968 141969 141969 141969 141969 141969 141969 141969 141969 141969 141969 141969 141969 141969 141969 141969 141969 141969 141969 141969 141969 141969 141969 141969 141969 141969 141969 141969 141969 141969 141969 141969 141969 141969 141969 141969 141969 141969 141969 141969 141969 141969 141969 141969 141969 141969 141969 141969 141969 141969 141969 141969 141969 141969 141969 141969 141969 141969 141969 141969 141969 141969 141969 141969 141969 141969 141969 141969 141969 141969 0 0 0 0 0 0 0 0 0 0 0 0 0 0 0 0 0 0 0 0 0 0 0 0 0
#obs catch bio
 257426 264979 267276 306894 309740 305316 281730 277222 253671 250264 216580 214474 191708 174284 147421 143140 137872 138798 119114 106619 112814 100230 101888 104127 108951 97414 101287 90802.4 96426 91643.6 96894.6 95385.6 78479.9 79368 88531.1 86539.4 84555.9 80508.9 85271.2 82392.2 85272.6 90217.7 89617.3 91572 89072.4 90574.2 83578.5 124311 97154.3 91128.7 104956 68275.1 59078.3 101702 106639 130120 70497.1 56834.1 72414.7 81781 96181.6 152073
#pred cpue bio
 2.31894e+006 2.2185e+006 2.09515e+006 1.96914e+006 1.76733e+006 1.58521e+006 1.39646e+006 1.23582e+006 1.10733e+006 1.01066e+006 926287 852830 764054 658626 604387 584664 576368 579448 571287 540890 506264 464521 447545 453230 478094 501512 524160 502172 505236 500998 515827 505424 493755 493089 493642 510830 553482 584087 580825 544518 515286 502263 517565 553160 577462 598228 627213 606457 554388 542890 520282 502277 554528 623916 619142 540904 446724 444914 492034 557135 639218 705241 1.66151e+007 1.52788e+007 1.54387e+007 1.58471e+007 1.64295e+007 1.70451e+007 1.76134e+007 1.8099e+007 1.84935e+007 1.88035e+007 1.90416e+007 1.9222e+007 1.93574e+007 1.94586e+007 1.95342e+007 1.95907e+007 1.96331e+007 1.9665e+007 1.96892e+007 1.97075e+007 1.97214e+007 1.97321e+007 1.97403e+007 1.97467e+007 1.97516e+007 1.97554e+007 1.97583e+007 1.97606e+007 1.97624e+007 1.97638e+007 1.97649e+007 1.97658e+007 1.97665e+007 1.9767e+007 1.97674e+007 1.97677e+007 1.9768e+007 1.97682e+007 1.97683e+007 1.97685e+007 1.97686e+007 1.97686e+007 1.97687e+007 1.97688e+007 1.97688e+007 1.97688e+007 1.97688e+007 1.97689e+007 1.97689e+007 1.97689e+007 1.97689e+007 1.97689e+007 1.97689e+007 1.97689e+007 1.97689e+007 1.97689e+007 1.97689e+007 1.97689e+007 1.97689e+007 1.97689e+007 1.97689e+007 1.97689e+007 1.97689e+007 1.97689e+007 1.97689e+007 1.97689e+007 1.97689e+007 1.97689e+007 1.97689e+007 1.97689e+007 1.97689e+007 1.97689e+007 1.97689e+007 1.97689e+007 1.97689e+007 1.97689e+007 1.97689e+007 1.97689e+007 1.97689e+007 1.97689e+007 1.97689e+007 1.97689e+007 1.97689e+007 1.97689e+007 1.97689e+007 1.97689e+007 1.97689e+007 1.97689e+007 1.97689e+007 1.97689e+007 1.97689e+007 1.97689e+007 1.97689e+007 1.97689e+007 1.97689e+007 1.97689e+007 1.97689e+007 1.97689e+007 1.97689e+007 1.97689e+007 0 0 0 0 0 0 0 0 0 0 0 0 0 0 0 0 0 0 0 0 0 0 0 0 0
#obs cpue bio
 2.91562e+006 2.73886e+006 1.78403e+006 1.90324e+006 1.61222e+006 1.57324e+006 1.06446e+006 1.26527e+006 881474 944218 841978 804008 846935 565280 646985 608523 535506 557420 664224 567184 598644 358938 392576 381626 479908 486933 687123 422540 728901 403516 600203 485769 642137 511085 457990 583138 704354 516803 641167 494056 605934 417989 480528 757200 546743 496662 933037 475603 450285 683863 588887 463851 458585 669226 615712 413745 555506 386618 437388 586323 768802 611878
#pred surv len freq
 0.00466803 0.00768683 0.0117676 0.0169472 0.0231164 0.0299166 0.0367253 0.0428261 0.0476828 0.0511101 0.0532329 0.0543224 0.0546547 0.0544547 0.0538959 0.0531207 0.0522601 0.0514292 0.0506691 0.0498343 0.0484983 0.046004 0.0417387 0.035532 0.0279063
 0.00511649 0.00834327 0.0126237 0.0179564 0.0242172 0.031065 0.0379112 0.0440584 0.0489527 0.05236 0.0543569 0.0552013 0.055206 0.0546651 0.0538181 0.0528355 0.0518253 0.0508403 0.0498526 0.0486833 0.0469411 0.0440727 0.0395946 0.0334238 0.0260789
 0.00526842 0.00866372 0.0132357 0.0190037 0.0258106 0.0332092 0.040456 0.046722 0.0514174 0.0543852 0.0558368 0.0561416 0.0556581 0.0546765 0.0534249 0.0520793 0.0507586 0.0495078 0.0482663 0.046822 0.0447883 0.0416749 0.0370972 0.0310482 0.0240475
 0.00541606 0.00889093 0.0135605 0.0194525 0.0264338 0.0340925 0.041707 0.0484216 0.0535513 0.0567983 0.0582535 0.0582516 0.0572195 0.0555739 0.0536605 0.0517233 0.0499009 0.0482297 0.0466289 0.044869 0.0425667 0.0392693 0.0346542 0.0287636 0.0221106
 0.00566961 0.00930425 0.0141828 0.0203256 0.0275804 0.035502 0.0433306 0.0501859 0.0553877 0.0586618 0.060107 0.0600239 0.0587755 0.0567324 0.0542527 0.0516514 0.0491575 0.0468771 0.044763 0.0425952 0.040001 0.0365556 0.0319748 0.0263213 0.0200809
 0.00588795 0.00967432 0.0147676 0.0211924 0.0287856 0.0370666 0.0452159 0.0522868 0.0575522 0.0607313 0.0619562 0.0615794 0.0600028 0.0576012 0.0547068 0.0516069 0.0485336 0.045635 0.0429285 0.0402596 0.037311 0.0337032 0.0291823 0.0238099 0.0180231
 0.00615998 0.0101107 0.0154144 0.0220914 0.0299699 0.0385519 0.0469871 0.0542866 0.0596789 0.0628487 0.0639137 0.0632378 0.0612583 0.0583968 0.0550212 0.0514295 0.0478443 0.0444071 0.041155 0.037987 0.0346604 0.0308685 0.0264026 0.0213202 0.0159981
 0.00641191 0.010524 0.0160426 0.0229852 0.0311651 0.0400526 0.0487509 0.0562237 0.0616701 0.0647722 0.0656626 0.0647231 0.0624043 0.0591393 0.0553121 0.0512396 0.047159 0.0432204 0.0394744 0.0358531 0.0321736 0.028201 0.0237795 0.0189695 0.0140902
 0.00665874 0.0109339 0.0166754 0.023901 0.0324113 0.0416429 0.0506444 0.0583177 0.0638161 0.0668071 0.067441 0.0661376 0.0633905 0.0596684 0.0553772 0.0508426 0.0463037 0.0419128 0.037731 0.0337188 0.029743 0.0256302 0.0212729 0.0167359 0.0122858
 0.0068883 0.0113015 0.0172191 0.0246548 0.0334013 0.0428809 0.052117 0.0599784 0.0655835 0.0685727 0.0690823 0.0675347 0.0644424 0.0603055 0.0555651 0.0505751 0.0455916 0.0407746 0.0361944 0.0318331 0.0275973 0.0233646 0.0190672 0.0147728 0.0107018
 0.00713137 0.0117 0.017824 0.0255127 0.0345423 0.0443005 0.0537618 0.0617461 0.067345 0.0702027 0.0704822 0.0686366 0.0652011 0.0606895 0.0555538 0.050161 0.0447808 0.0395865 0.0346626 0.030012 0.0255741 0.0212665 0.0170517 0.0129964 0.0092788
 0.00722366 0.0118588 0.0180797 0.0259014 0.0351004 0.0450548 0.0547176 0.0628787 0.0685984 0.0714964 0.0717237 0.0697355 0.0660811 0.0612939 0.0558447 0.050115 0.0443862 0.0388451 0.0335941 0.0286615 0.0240197 0.0196213 0.0154526 0.0115777 0.008138
 0.00729888 0.0119977 0.0183196 0.0262868 0.0356729 0.0458366 0.0556965 0.0640042 0.0697925 0.0726711 0.0727968 0.0706381 0.0667604 0.0617133 0.0559829 0.0499632 0.043945 0.0381225 0.0326092 0.0274521 0.0226511 0.0181891 0.0140724 0.0103616 0.00716551
 0.00744737 0.0122216 0.0186253 0.0266724 0.0361341 0.0463735 0.0563157 0.0647115 0.0705802 0.0735082 0.0736278 0.0713935 0.0673721 0.0621279 0.0561668 0.049901 0.0436342 0.0375707 0.031834 0.0264867 0.0215506 0.0170329 0.0129561 0.00937733 0.00637872
 0.00753798 0.0123818 0.0188887 0.0270739 0.0366967 0.0470913 0.0571427 0.0655688 0.0713818 0.0741914 0.0741675 0.0717933 0.0676431 0.0622713 0.0561706 0.0497471 0.043308 0.0370669 0.0311604 0.0256675 0.0206298 0.0160745 0.012037 0.00857104 0.00573676
 0.00761448 0.0124772 0.0189808 0.0271298 0.036689 0.0470197 0.0570457 0.0655152 0.0714407 0.0744002 0.0745178 0.072241 0.0681302 0.0627441 0.0565844 0.0500628 0.0434902 0.0370873 0.0310047 0.0253415 0.0201634 0.01552 0.0114609 0.00803957 0.00529941
 0.00768247 0.0125903 0.0191533 0.0273705 0.0369924 0.0473566 0.0573629 0.0657503 0.071551 0.0743883 0.0744336 0.0721569 0.0681048 0.0627979 0.056699 0.0501959 0.0435924 0.0371143 0.0309246 0.0251412 0.0198524 0.015131 0.0110429 0.00764514 0.0049699
 0.00767805 0.0125867 0.0191553 0.0273861 0.0370325 0.0474325 0.0574813 0.0659069 0.0717263 0.0745503 0.0745504 0.0722135 0.0681136 0.0627928 0.056715 0.0502486 0.04367 0.037184 0.0309472 0.0250868 0.0197108 0.0149155 0.0107856 0.00738609 0.00474422
 0.0077853 0.0127381 0.0193407 0.0275827 0.0372117 0.0475722 0.057575 0.0659639 0.0717642 0.0745837 0.0745823 0.0722346 0.0681097 0.0627559 0.0566509 0.0501744 0.0436027 0.0371279 0.0308911 0.0250101 0.0195966 0.0147607 0.0106037 0.00720124 0.00458073
 0.00788468 0.0128752 0.0195012 0.0277361 0.0373179 0.0475933 0.0574875 0.065768 0.0714868 0.0742746 0.0743027 0.0720389 0.0680279 0.0627858 0.0567649 0.0503352 0.0437776 0.037294 0.0310323 0.0251128 0.01965 0.0147614 0.0105594 0.00712939 0.00450214
 0.00781583 0.0127887 0.0194166 0.0276833 0.0373243 0.0476653 0.0575989 0.0658656 0.0715132 0.0741962 0.0741273 0.0718127 0.0678153 0.0626441 0.0567251 0.0503962 0.0439137 0.0374687 0.0312103 0.0252667 0.0197625 0.0148255 0.0105784 0.00711505 0.00447038
 0.00784614 0.0128417 0.019504 0.0278205 0.037529 0.0479529 0.0579745 0.0663129 0.071986 0.0746206 0.0744181 0.0719029 0.067684 0.0623266 0.056298 0.0499468 0.0435103 0.037146 0.0309715 0.0250956 0.0196369 0.0147266 0.0104948 0.007043 0.0044106
 0.00785375 0.0128454 0.0194943 0.0277854 0.0374601 0.047854 0.0578675 0.066236 0.0719818 0.0747175 0.0746141 0.07216 0.0679391 0.0625149 0.0563793 0.0499198 0.0434075 0.0370138 0.0308483 0.0250007 0.0195712 0.0146809 0.0104594 0.00701206 0.00438312
 0.00780406 0.0127845 0.0194385 0.0277596 0.037488 0.0479445 0.0580063 0.0663903 0.0721169 0.0748154 0.0746807 0.072216 0.0680013 0.0625816 0.0564297 0.0499273 0.0433572 0.0369116 0.0307174 0.0248684 0.019457 0.0145924 0.0103947 0.00696592 0.00435046
 0.00774007 0.0126798 0.0192815 0.0275436 0.0372179 0.047644 0.0577197 0.0661727 0.0720145 0.0748454 0.0748261 0.0724375 0.0682579 0.0628434 0.0566779 0.0501473 0.0435345 0.0370356 0.030787 0.0248938 0.0194547 0.0145778 0.0103779 0.00695113 0.00433874
 0.00779768 0.0127501 0.019344 0.0275648 0.0371603 0.0474812 0.0574507 0.0658275 0.0716488 0.0745256 0.0746102 0.0723591 0.0683173 0.0630128 0.0569143 0.0504072 0.0437831 0.0372492 0.0309528 0.0250092 0.0195259 0.0146161 0.0103954 0.00695724 0.00433951
 0.00775789 0.0126784 0.0192227 0.0273716 0.0368721 0.0470809 0.0569364 0.0652211 0.0709992 0.0739061 0.0741071 0.0720522 0.0682581 0.0632088 0.0573273 0.0509666 0.0444067 0.0378632 0.0315035 0.0254662 0.0198796 0.0148724 0.0105693 0.00706769 0.00440483
 0.00785821 0.0128213 0.0193993 0.0275591 0.0370364 0.0471844 0.0569445 0.0651072 0.0707505 0.0735292 0.0736339 0.071541 0.0677849 0.0628498 0.0571377 0.0509642 0.0445691 0.038138 0.0318276 0.0257836 0.0201526 0.0150836 0.0107182 0.00716391 0.0044619
 0.00777862 0.0127124 0.0192728 0.027436 0.0369388 0.0471223 0.0569075 0.0650667 0.0706724 0.0733898 0.0734301 0.0712914 0.0675253 0.0626253 0.0569943 0.050938 0.044675 0.0383636 0.0321351 0.0261223 0.020474 0.0153539 0.0109224 0.00730345 0.00454854
 0.00772193 0.0126269 0.0191574 0.0272968 0.0367906 0.0469879 0.0568144 0.0650382 0.0707149 0.0734841 0.0735338 0.0713556 0.0675163 0.0625398 0.0568605 0.0508035 0.0445883 0.0383574 0.0322166 0.0262731 0.0206599 0.0155385 0.0110789 0.0074197 0.00462506
 0.00766773 0.01253 0.0189962 0.0270486 0.0364398 0.0465392 0.0563022 0.0645265 0.0702825 0.0732007 0.0734371 0.0714402 0.0677385 0.0628362 0.0571717 0.0510936 0.0448508 0.0386056 0.0324677 0.0265339 0.0209214 0.0157815 0.0112836 0.00757472 0.00473024
 0.00845048 0.0136317 0.0203375 0.0284471 0.0376595 0.0473716 0.0566338 0.0643591 0.0697079 0.0723575 0.0724725 0.0704824 0.0668796 0.0621227 0.0566081 0.050657 0.044511 0.0383417 0.032272 0.0264053 0.0208561 0.0157673 0.0113017 0.00760587 0.00476044
 0.00927228 0.0149346 0.0222248 0.0309607 0.0407351 0.0507907 0.0600058 0.0671793 0.0715022 0.0728492 0.0716752 0.0686659 0.0644419 0.0594521 0.0539962 0.0482771 0.0424395 0.0365944 0.0308369 0.025262 0.0199808 0.0151307 0.0108667 0.00732888 0.00459712
 0.00921251 0.0149401 0.0224229 0.0315329 0.041869 0.0526005 0.062455 0.0700463 0.0744094 0.0753479 0.0733594 0.0692815 0.0639535 0.0580383 0.0519744 0.0459947 0.040184 0.0345526 0.0291002 0.0238553 0.018892 0.0143281 0.0103078 0.00696476 0.00437715
 0.00894405 0.0145394 0.0218933 0.0309195 0.0412703 0.0521726 0.0623971 0.0705541 0.0755963 0.0771649 0.0755634 0.0714845 0.0657408 0.0591015 0.0521991 0.0454692 0.0391361 0.033254 0.0277853 0.0226804 0.0179335 0.0136029 0.00979619 0.00662879 0.00417294
 0.00887322 0.0144121 0.021681 0.0305927 0.0408129 0.0516021 0.0617849 0.0700301 0.0753291 0.0773166 0.0762293 0.0726393 0.0672169 0.0606217 0.0534601 0.0462428 0.039339 0.0329553 0.0271551 0.0219143 0.0171912 0.012981 0.00933038 0.00631217 0.00397657
 0.00882688 0.0143272 0.021535 0.030358 0.0404618 0.051118 0.0611746 0.0693355 0.0746325 0.0767365 0.075903 0.072689 0.0677046 0.061509 0.0545983 0.0474086 0.0403075 0.0335762 0.0273941 0.0218421 0.0169339 0.0126638 0.00904106 0.00609202 0.00383077
 0.00881937 0.0142989 0.0214625 0.030209 0.0402029 0.0507263 0.0606494 0.0687036 0.0739456 0.0760654 0.0753323 0.0723108 0.0676055 0.0617464 0.0551713 0.0482392 0.0412498 0.0344586 0.028077 0.0222611 0.0171076 0.0126655 0.00895693 0.0059893 0.00374588
 0.00881221 0.0142806 0.0214219 0.0301297 0.0400643 0.050508 0.0603364 0.0682924 0.0734498 0.0755185 0.0747874 0.0718352 0.0672719 0.0616211 0.0552982 0.0486227 0.0418417 0.0351611 0.0287675 0.0228327 0.0175021 0.0128835 0.00904143 0.00599679 0.00372299
 0.00879281 0.0142657 0.0214292 0.030183 0.0401834 0.0506941 0.0605615 0.0685007 0.0735734 0.0755009 0.0746028 0.0714986 0.0668369 0.0611675 0.0549144 0.0483835 0.0417874 0.0352838 0.0290136 0.0231222 0.0177597 0.0130635 0.00913643 0.006027 0.00371782
 0.00875037 0.0142041 0.0213513 0.0300987 0.0401104 0.0506557 0.0605821 0.0685963 0.0737403 0.0757075 0.0747937 0.071612 0.066829 0.0610325 0.0546884 0.0481322 0.0415821 0.0351761 0.0290179 0.0232149 0.0178937 0.0131912 0.00922819 0.00607641 0.00373485
 0.00868923 0.0141228 0.0212622 0.0300245 0.0400776 0.0506853 0.0606815 0.0687584 0.0739477 0.0759378 0.0750208 0.0718049 0.0669532 0.0610583 0.0546039 0.0479532 0.0413514 0.0349493 0.0288427 0.0231142 0.0178616 0.0132024 0.0092542 0.00609779 0.00374497
 0.00864823 0.0140622 0.021183 0.0299337 0.0399892 0.0506195 0.060662 0.0688067 0.0740744 0.0761359 0.0752642 0.0720551 0.0671698 0.0612075 0.0546642 0.047919 0.0412358 0.0347827 0.0286653 0.0229621 0.0177551 0.0131427 0.00922859 0.00609011 0.00374319
 0.00867192 0.0140797 0.0211713 0.0298608 0.0398253 0.0503538 0.0603161 0.0684351 0.0737494 0.0759242 0.0752068 0.0721568 0.0674014 0.0615166 0.0549908 0.0482106 0.0414584 0.0349259 0.0287397 0.0229915 0.0177647 0.0131499 0.00923982 0.00610388 0.00375555
 0.00876193 0.0142083 0.0213307 0.0300293 0.0399691 0.050433 0.0602939 0.0682884 0.0734809 0.0755698 0.0748314 0.0718369 0.0671987 0.0614584 0.0550639 0.0483719 0.0416535 0.0351079 0.028881 0.0230856 0.0178204 0.0131815 0.00925932 0.00611788 0.00376613
 0.00877766 0.0142362 0.0213764 0.0300971 0.0400587 0.0505342 0.0603841 0.0683348 0.0734506 0.0754431 0.0746137 0.0715615 0.06692 0.0612348 0.0549389 0.0483597 0.0417373 0.0352499 0.0290388 0.0232268 0.0179292 0.0132566 0.00930768 0.00614788 0.00378439
 0.00871282 0.0141429 0.0212588 0.0299676 0.0399351 0.0504354 0.0603239 0.0683183 0.0734713 0.0754833 0.0746485 0.0715684 0.0668895 0.0611773 0.0548814 0.0483345 0.0417668 0.0353366 0.0291662 0.0233681 0.0180596 0.0133612 0.00938241 0.00619653 0.00381369
 0.00880162 0.0142451 0.0213359 0.0299616 0.0397884 0.0501205 0.0598659 0.0677933 0.07298 0.0751129 0.0744457 0.0715324 0.0669846 0.0613536 0.0550957 0.0485607 0.0419961 0.0355693 0.0294004 0.023595 0.0182648 0.0135315 0.00951105 0.00628489 0.00386895
 0.00897808 0.0145867 0.0219445 0.0309481 0.0412239 0.0519712 0.0619496 0.0698015 0.0745708 0.0760301 0.0745963 0.0709869 0.065918 0.0599717 0.0535823 0.0470564 0.0405982 0.0343395 0.0283722 0.022778 0.0176482 0.0130899 0.00921152 0.00609297 0.0037535
 0.00867874 0.0141465 0.0213738 0.0303011 0.0406016 0.0515128 0.0618089 0.0701023 0.075348 0.0771875 0.075916 0.0722011 0.0668065 0.0604307 0.0536317 0.0467981 0.0401608 0.0338372 0.0278878 0.0223607 0.0173197 0.0128512 0.00905059 0.00599215 0.00369473
 0.00871079 0.0141361 0.0212464 0.029958 0.0399584 0.0505551 0.0606357 0.0689245 0.0744314 0.0767625 0.0760947 0.0729379 0.0679168 0.0616593 0.0547405 0.0476349 0.0406821 0.0340864 0.02795 0.0223224 0.0172459 0.0127796 0.00899688 0.00595807 0.00367586
 0.00897022 0.014548 0.0218417 0.0307427 0.0408942 0.0515401 0.0615044 0.0694848 0.0745391 0.0763961 0.0753805 0.0720997 0.0671769 0.0611476 0.0544608 0.0474965 0.0405672 0.0339115 0.0276924 0.0220099 0.0169279 0.0124999 0.0087796 0.00580701 0.00358114
 0.00860738 0.0140053 0.0211149 0.0298649 0.0399329 0.050587 0.0606598 0.0688371 0.0741404 0.0762471 0.0754397 0.0723185 0.0675336 0.0616534 0.0551301 0.048308 0.0414486 0.0347601 0.0284157 0.0225583 0.0173006 0.0127299 0.00891081 0.00587786 0.00361817
 0.00838203 0.0136029 0.0204472 0.0288393 0.0384889 0.0487471 0.0585674 0.0667484 0.0723591 0.0750308 0.0749256 0.0725025 0.0683023 0.0628434 0.0565816 0.0498902 0.0430565 0.0363003 0.0298017 0.0237214 0.0182059 0.0133826 0.00934737 0.00614962 0.00377598
 0.00856988 0.0138992 0.0208706 0.0293864 0.0391179 0.0493632 0.0590245 0.0668826 0.072053 0.0742769 0.0738476 0.0713142 0.0672277 0.062044 0.0561253 0.0497636 0.0431972 0.0366257 0.0302259 0.0241648 0.0186051 0.0136989 0.0095703 0.00629013 0.0038557
 0.00867524 0.0140951 0.0212095 0.0299285 0.0399107 0.0504105 0.0602567 0.0681478 0.0731405 0.0749701 0.0739889 0.0708593 0.0662655 0.0607695 0.0547754 0.0485445 0.0422367 0.0359635 0.029834 0.0239776 0.0185478 0.0137069 0.00959872 0.00631572 0.00387133
 0.00894734 0.0145615 0.0219543 0.0310404 0.0414576 0.0524002 0.0626002 0.0706479 0.0755189 0.0769217 0.0752433 0.0712334 0.0657026 0.0593568 0.0527298 0.0461628 0.0398238 0.0337654 0.0279992 0.0225561 0.017515 0.0129975 0.00913551 0.00602763 0.00370111
 0.00852588 0.0139056 0.0210282 0.0298471 0.040058 0.0509308 0.0612771 0.0697354 0.0752557 0.0774306 0.0764714 0.0729564 0.0675919 0.0610783 0.054036 0.0469479 0.0401265 0.0337242 0.0277845 0.0223093 0.0173185 0.0128758 0.0090771 0.00600821 0.00369944
 0.0082833 0.0134667 0.0202884 0.0286912 0.0383992 0.0487699 0.0587544 0.0671392 0.0729704 0.0758409 0.0758597 0.0734276 0.0690452 0.0632337 0.0565119 0.0493664 0.0422081 0.0353369 0.0289337 0.0230863 0.0178373 0.01323 0.00932509 0.0061808 0.00381388
 0.00834327 0.0135393 0.0203475 0.0286853 0.0382503 0.0483814 0.0580305 0.066021 0.071481 0.0741206 0.0741639 0.0720716 0.0683087 0.0632666 0.0572825 0.0506769 0.0437685 0.0368637 0.0302293 0.0240689 0.0185212 0.0136796 0.00961203 0.00636125 0.00392496
 0.00836189 0.0135769 0.0204159 0.028795 0.0384012 0.0485488 0.0581556 0.0660122 0.0712345 0.0735578 0.0732747 0.0709451 0.067133 0.0622838 0.0567112 0.0506321 0.0442208 0.0376591 0.031158 0.024944 0.01923 0.01419 0.00994731 0.00656668 0.00404421
 0.00819416 0.013349 0.020156 0.0285576 0.0382526 0.0485421 0.0583074 0.0662916 0.0715664 0.0738374 0.073391 0.070814 0.0667324 0.0616784 0.0560456 0.0500867 0.0439442 0.03771 0.0314894 0.025436 0.0197483 0.014636 0.0102776 0.00678336 0.00417272
#obs surv len freq
 0.00496728 0.00813593 0.0123746 0.017697 0.0239775 0.0308519 0.0376962 0.0437872 0.0485733 0.0518502 0.0537335 0.0545074 0.054493 0.0539901 0.0532613 0.0525208 0.0519129 0.0514711 0.0510562 0.0502988 0.0486166 0.0453791 0.0402094 0.0332765 0.0253622
 0.00518102 0.00848561 0.0129049 0.0184506 0.0249871 0.0321267 0.0392094 0.0454723 0.0503342 0.0535796 0.0553279 0.0558731 0.0555456 0.054654 0.0534736 0.0522382 0.0511202 0.0501889 0.0493455 0.0482635 0.0464001 0.0431528 0.0381486 0.0315272 0.0240095
 0.00541117 0.00886228 0.0134766 0.0192643 0.0260794 0.0335103 0.0408577 0.0473145 0.0522641 0.0554763 0.0570752 0.0573704 0.0567107 0.0554197 0.0537833 0.0520446 0.0503899 0.0489143 0.0475606 0.0460578 0.0439245 0.0406076 0.035752 0.0294682 0.0224045
 0.00564564 0.00924796 0.0140654 0.0201077 0.0272186 0.0349603 0.0425918 0.0492581 0.0543052 0.057487 0.0589319 0.0589659 0.0579578 0.0562504 0.0541445 0.0518937 0.0496933 0.0476543 0.0457528 0.043773 0.0413053 0.0378641 0.0331283 0.0271869 0.02061
 0.00588373 0.00963789 0.0146579 0.0209522 0.0283549 0.0364041 0.0443193 0.0511994 0.0563535 0.0595171 0.0608195 0.0606006 0.059248 0.0571245 0.0545479 0.0517844 0.0490391 0.0464357 0.0439773 0.0414984 0.0386617 0.0350575 0.0304111 0.024799 0.0187154
 0.00612804 0.0100377 0.0152646 0.0218153 0.0295127 0.0378686 0.0460612 0.0531431 0.0583876 0.0615161 0.062664 0.0621875 0.0604938 0.0579634 0.054929 0.0516682 0.0483948 0.0452439 0.0422418 0.0392687 0.0360566 0.0322725 0.0276941 0.0223933 0.0167933
 0.00638944 0.0104641 0.0159089 0.0227273 0.0307291 0.0393978 0.0478671 0.0551401 0.0604533 0.063515 0.0644707 0.0637003 0.0616372 0.0586852 0.0551945 0.0514527 0.0476789 0.044015 0.0405052 0.0370692 0.0335023 0.0295454 0.0250294 0.0200265 0.0148952
 0.00660778 0.0108281 0.0164731 0.0235481 0.0318522 0.04084 0.0495976 0.057075 0.0624681 0.0654706 0.0662372 0.0651711 0.0627344 0.0593578 0.0554134 0.0512036 0.0469549 0.0428151 0.0388416 0.0349861 0.0310986 0.0269861 0.0225292 0.0178027 0.0131076
 0.00684201 0.0112079 0.0170434 0.0243507 0.0329194 0.0421831 0.0511933 0.0588582 0.0643374 0.0673039 0.0679098 0.066572 0.0637761 0.0599816 0.0555884 0.0509202 0.0462167 0.041634 0.0372412 0.0330157 0.0288523 0.0246133 0.020222 0.0157551 0.0114625
 0.00705461 0.0115582 0.0175786 0.0251167 0.03395 0.0434845 0.0527298 0.0605491 0.0660719 0.0689642 0.0693915 0.067791 0.0646684 0.0605008 0.0557042 0.0506185 0.0454979 0.0405113 0.0357432 0.0311952 0.0267997 0.022464 0.0181454 0.0139198 0.00999152
 0.0072622 0.0118991 0.0180979 0.025858 0.0349465 0.0447439 0.0542197 0.0621917 0.0677543 0.0705606 0.070786 0.0688935 0.0654199 0.0608715 0.0556863 0.0502176 0.0447273 0.0393908 0.0343038 0.0294889 0.0249108 0.0205139 0.0162814 0.0122855 0.00868903
 0.00743426 0.0121803 0.018524 0.0264634 0.0357579 0.0457702 0.0554405 0.0635527 0.0691726 0.0719385 0.0720256 0.0699082 0.0661423 0.0612575 0.0557164 0.049893 0.0440636 0.0384134 0.0330481 0.0280068 0.0232793 0.0188393 0.0146895 0.0108964 0.00758626
 0.00750509 0.0123015 0.0187182 0.0267565 0.0361753 0.0463299 0.0561454 0.0643862 0.0700998 0.072911 0.0729857 0.0707928 0.0668866 0.0618007 0.0560087 0.0499007 0.0437728 0.0378293 0.0321952 0.0269306 0.0220494 0.0175495 0.0134479 0.00980505 0.00671624
 0.00759896 0.0124446 0.0189163 0.0270105 0.0364837 0.0466917 0.056562 0.0648593 0.0706274 0.0734836 0.0735841 0.0713873 0.0674383 0.0622643 0.0563362 0.050047 0.0437021 0.0375221 0.0316534 0.0261815 0.0211478 0.0165745 0.0124923 0.00895605 0.00603516
 0.00763518 0.0125038 0.0190056 0.0271359 0.0366479 0.046892 0.0567894 0.0651018 0.0708763 0.0737392 0.0738561 0.071687 0.0677677 0.0626082 0.0566603 0.050304 0.043841 0.0374992 0.031443 0.0257844 0.0205954 0.015926 0.0118239 0.0083433 0.00553357
 0.00770818 0.0126085 0.0191376 0.027283 0.0367944 0.0470257 0.0569062 0.0652049 0.0709731 0.0738366 0.0739598 0.0718029 0.0679025 0.0627661 0.0568368 0.05048 0.0439823 0.0375636 0.0313922 0.0255972 0.0202775 0.0155122 0.0113698 0.00790978 0.00516911
 0.00777512 0.0127128 0.0192855 0.027475 0.0370229 0.0472733 0.0571453 0.0654036 0.0711049 0.0738918 0.0739488 0.0717517 0.0678415 0.0627202 0.0568194 0.0504909 0.0440072 0.0375757 0.0313586 0.0254897 0.0200846 0.0152456 0.011063 0.00760604 0.00490681
 0.00780263 0.0127594 0.0193589 0.0275831 0.0371715 0.0474619 0.057364 0.0656317 0.0713142 0.0740533 0.0740417 0.0717694 0.0677946 0.0626319 0.0567177 0.0503984 0.0439339 0.0375164 0.0312956 0.0254007 0.0199528 0.0150693 0.0108572 0.00739737 0.00472233
 0.00784743 0.0128247 0.0194432 0.0276812 0.0372767 0.0475698 0.0574743 0.0657468 0.0714349 0.0741746 0.074151 0.0718497 0.0678307 0.0626177 0.0566589 0.0503105 0.0438351 0.0374196 0.0312031 0.0253051 0.0198436 0.0149408 0.0107139 0.00725315 0.00459373
 0.00786975 0.0128616 0.0194996 0.0277607 0.0373797 0.0476911 0.0576023 0.0658658 0.0715314 0.0742424 0.0741929 0.0718726 0.0678394 0.0626113 0.0566329 0.0502619 0.0437663 0.0373373 0.0311145 0.0252136 0.0197483 0.01484 0.0106094 0.00715146 0.00450399
 0.00788293 0.0128781 0.0195157 0.0277706 0.0373784 0.0476777 0.0575817 0.0658478 0.0715257 0.0742542 0.0742215 0.0719135 0.0678875 0.0626618 0.056681 0.0503019 0.0437925 0.037346 0.0311051 0.0251877 0.0197084 0.0147889 0.010551 0.00709147 0.00444904
 0.00789517 0.0128941 0.0195323 0.0277821 0.0373774 0.0476572 0.057538 0.0657824 0.0714467 0.0741755 0.0741591 0.0718811 0.0678913 0.0626998 0.0567443 0.0503784 0.0438697 0.0374134 0.0311556 0.0252177 0.0197178 0.0147803 0.0105291 0.00706237 0.00441898
 0.00788606 0.0128794 0.0195104 0.0277512 0.0373357 0.0476032 0.0574709 0.0657032 0.0713588 0.0740859 0.0740783 0.0718216 0.067865 0.0627141 0.0567993 0.0504663 0.0439774 0.0375256 0.0312584 0.0253013 0.0197772 0.0148153 0.0105433 0.00706185 0.00441042
 0.00787995 0.0128662 0.0194847 0.0277064 0.0372661 0.0475069 0.0573525 0.0655734 0.0712316 0.0739744 0.0739923 0.071767 0.0678454 0.0627316 0.0568543 0.0505558 0.0440936 0.0376566 0.03139 0.0254202 0.0198737 0.0148852 0.0105875 0.00708517 0.00441946
 0.00788656 0.0128727 0.0194862 0.0276956 0.0372343 0.047447 0.0572615 0.0654544 0.0710943 0.0738333 0.0738641 0.0716669 0.0677845 0.0627149 0.0568813 0.0506221 0.0441917 0.0377763 0.0315189 0.0255452 0.0199834 0.0149719 0.010649 0.00712364 0.00444032
 0.00788165 0.012865 0.0194752 0.0276801 0.0372125 0.0474156 0.057216 0.0653906 0.0710102 0.0737317 0.0737534 0.0715608 0.0676978 0.0626605 0.0568672 0.0506498 0.044257 0.0378705 0.0316305 0.0256613 0.0200918 0.0150632 0.0107182 0.0071707 0.00446872
 0.00785007 0.0128137 0.0193983 0.027573 0.0370738 0.0472492 0.0570332 0.0652085 0.0708477 0.0736039 0.0736685 0.07152 0.0676988 0.0627003 0.0569431 0.050759 0.0443947 0.038029 0.0317992 0.0258279 0.0202442 0.0151919 0.0108178 0.00724089 0.00451347
 0.00781466 0.0127547 0.0193069 0.0274409 0.036895 0.0470244 0.0567729 0.0649337 0.0705868 0.0733864 0.073518 0.0714497 0.0677101 0.0627848 0.0570864 0.050945 0.0446084 0.0382568 0.0320286 0.0260466 0.0204406 0.0153568 0.0109461 0.00733258 0.00457322
 0.00778971 0.0127114 0.0192366 0.0273339 0.0367428 0.0468231 0.0565268 0.0646574 0.0703033 0.0731235 0.0733035 0.0713069 0.0676541 0.0628195 0.0572047 0.0511308 0.0448409 0.0385144 0.0322913 0.0262974 0.0206656 0.0155459 0.0110939 0.00743919 0.00464359
 0.00777858 0.0126899 0.019198 0.0272694 0.0366433 0.046682 0.0563433 0.0644378 0.0700613 0.0728781 0.0730771 0.0711227 0.0675324 0.0627752 0.0572437 0.0512489 0.0450244 0.0387431 0.0325419 0.0265475 0.0208961 0.0157429 0.0112499 0.00755296 0.00471953
 0.00774286 0.0126365 0.0191261 0.0271805 0.0365401 0.0465664 0.0562153 0.0642964 0.069907 0.0727152 0.0729147 0.0709747 0.0674154 0.0627056 0.0572343 0.0513064 0.0451469 0.0389197 0.0327547 0.0267744 0.0211154 0.0159367 0.0114069 0.00766941 0.00479831
 0.00933703 0.0148627 0.0218019 0.0299122 0.0388386 0.0480311 0.0566788 0.0638486 0.0688047 0.0712528 0.0713308 0.0694219 0.0659756 0.0614171 0.0561148 0.0503633 0.0443808 0.0383244 0.0323159 0.0264704 0.0209198 0.0158213 0.0113459 0.00764141 0.00478797
 0.00931761 0.015129 0.0227276 0.0319601 0.0423582 0.0529859 0.0624738 0.0694291 0.0730329 0.0733582 0.0711658 0.0673969 0.0627774 0.0577152 0.0523966 0.0469127 0.0413321 0.0357254 0.0301707 0.0247596 0.0196078 0.0148603 0.0106785 0.00720571 0.00452275
 0.00897248 0.0145857 0.0219651 0.0310283 0.0414327 0.0524042 0.0626952 0.0708706 0.0758186 0.0771352 0.0751477 0.0706646 0.0646629 0.0580329 0.05141 0.0451162 0.039218 0.0336511 0.0283372 0.0232497 0.0184333 0.0139949 0.0100765 0.00681287 0.00428413
 0.00880431 0.0143014 0.0215177 0.0303706 0.0405351 0.051288 0.0614749 0.0697819 0.0751999 0.0773333 0.0763624 0.0728015 0.0673002 0.0605595 0.0532731 0.0460329 0.039231 0.0330274 0.027406 0.0222791 0.0175841 0.0133326 0.00960452 0.00650264 0.00409588
 0.00874861 0.0142036 0.021356 0.0301174 0.0401598 0.0507643 0.0607932 0.0689669 0.0743307 0.076558 0.0758887 0.072844 0.0679862 0.0618354 0.0548811 0.0475954 0.0404058 0.033641 0.0274879 0.0219969 0.0171399 0.0128844 0.00923845 0.00624364 0.00393264
 0.00869342 0.0141172 0.0212315 0.0299492 0.0399423 0.0504907 0.0604559 0.06856 0.0738563 0.0760372 0.0753752 0.0724334 0.0678052 0.062001 0.0554385 0.0484695 0.041408 0.0345408 0.0281103 0.0222856 0.017152 0.0127353 0.00903947 0.00606648 0.00380554
 0.00868025 0.0140892 0.0211774 0.0298552 0.0397957 0.0502861 0.0601988 0.0682657 0.0735434 0.0757206 0.075066 0.0721471 0.0675751 0.0618836 0.0555003 0.0487535 0.0418974 0.0351466 0.0287005 0.0227416 0.0174168 0.0128242 0.00901303 0.00599192 0.00372998
 0.00870914 0.0141328 0.0212363 0.0299257 0.0398692 0.0503481 0.0602298 0.0682453 0.0734563 0.0755626 0.0748463 0.0718858 0.0672999 0.0616291 0.0553084 0.0486684 0.0419497 0.0353335 0.0289764 0.0230323 0.0176515 0.0129648 0.00906275 0.00598133 0.00369449
 0.00868917 0.0141093 0.0212174 0.0299239 0.0398972 0.0504122 0.0603246 0.0683526 0.0735493 0.0756136 0.0748349 0.0718044 0.0671556 0.0614429 0.0551122 0.0484996 0.0418442 0.0353142 0.0290429 0.0231575 0.0177921 0.0130804 0.0091323 0.00600649 0.00369098
 0.00868031 0.0140916 0.0211852 0.029872 0.0398239 0.0503242 0.0602384 0.0682907 0.073531 0.0756444 0.0749019 0.0718812 0.0672132 0.0614617 0.0550887 0.0484475 0.0417885 0.035282 0.0290524 0.0232102 0.0178726 0.0131646 0.00919927 0.006047 0.00370776
 0.00866069 0.0140607 0.0211403 0.0298108 0.0397449 0.0502269 0.0601252 0.0681692 0.0734152 0.0755534 0.0748543 0.0718872 0.0672689 0.0615493 0.0551841 0.0485309 0.0418524 0.035332 0.0291009 0.0232677 0.0179406 0.0132355 0.00926167 0.0060926 0.00373487
 0.00863738 0.0140249 0.0210905 0.029747 0.0396685 0.0501406 0.0600329 0.0680756 0.0733257 0.0754744 0.0747934 0.071853 0.0672691 0.0615867 0.0552541 0.0486212 0.0419481 0.0354217 0.0291807 0.0233393 0.0180071 0.013297 0.00931497 0.00613381 0.00376243
 0.008653 0.014045 0.0211111 0.0297611 0.0396684 0.0501209 0.0599927 0.0680188 0.0732593 0.0754056 0.0747277 0.0717948 0.067223 0.061558 0.0552469 0.048637 0.0419835 0.0354698 0.0292338 0.0233918 0.0180562 0.0133412 0.00935293 0.00616386 0.0037837
 0.0086073 0.0139792 0.0210275 0.0296668 0.0395725 0.0500306 0.0599107 0.0679447 0.0731919 0.0753467 0.0746829 0.071771 0.0672251 0.0615874 0.0553016 0.0487126 0.0420743 0.0355692 0.0293345 0.023487 0.0181406 0.0134116 0.00940831 0.00620455 0.00381126
 0.00862861 0.0140073 0.0210581 0.0296925 0.039586 0.0500283 0.0598956 0.0679239 0.0731723 0.0753303 0.0746655 0.0717466 0.0671906 0.0615457 0.05526 0.0486797 0.0420561 0.035568 0.0293485 0.023512 0.0181712 0.0134428 0.00943614 0.00622686 0.00382738
 0.00862861 0.0140073 0.0210581 0.0296925 0.039586 0.0500283 0.0598956 0.0679239 0.0731723 0.0753303 0.0746655 0.0717466 0.0671906 0.0615457 0.05526 0.0486797 0.0420561 0.035568 0.0293485 0.023512 0.0181712 0.0134428 0.00943614 0.00622686 0.00382738
 0.00855742 0.0138996 0.0209108 0.0295082 0.0393718 0.0497949 0.0596569 0.0676979 0.0729807 0.0751953 0.0746049 0.0717674 0.0672867 0.0616994 0.0554491 0.0488832 0.0422589 0.0357604 0.0295249 0.0236682 0.0183041 0.0135504 0.00951814 0.00628515 0.00386569
 0.00901049 0.0146061 0.0219151 0.0308233 0.0409681 0.0515879 0.0614989 0.0693883 0.0743047 0.0759787 0.0747605 0.0713109 0.0663205 0.0603774 0.053938 0.0473319 0.0407821 0.0344346 0.0283927 0.0227456 0.0175874 0.0130218 0.00915008 0.00604497 0.00371992
 0.00876578 0.0142706 0.0215267 0.0304591 0.0407266 0.0515589 0.0617345 0.0698882 0.0750166 0.0768088 0.0755904 0.07202 0.0668123 0.0606011 0.0538969 0.0470756 0.0403862 0.0339783 0.027942 0.0223454 0.017261 0.0127749 0.00897656 0.00593181 0.00365174
 0.00862221 0.0140065 0.0210778 0.0297609 0.0397478 0.0503442 0.0604313 0.0687277 0.0742426 0.0765894 0.0759582 0.0728721 0.0679581 0.0618285 0.0550274 0.0479961 0.0410554 0.0344128 0.0281925 0.0224719 0.0173155 0.0127941 0.00898171 0.00593293 0.00365236
 0.00881788 0.0143013 0.0214741 0.0302355 0.0402458 0.0507795 0.0606987 0.0687336 0.0739503 0.0760537 0.0753204 0.0723066 0.0675991 0.0617189 0.0551167 0.0481801 0.0412285 0.0345064 0.0281868 0.0223862 0.0171874 0.0126603 0.00886718 0.00584821 0.00359698
 0.00855851 0.0139158 0.0209617 0.0296207 0.039573 0.050101 0.060064 0.0681804 0.0735001 0.0757136 0.0750955 0.0722162 0.0676819 0.0620166 0.0556427 0.0488952 0.0420434 0.0353115 0.0288894 0.022935 0.0175757 0.0129122 0.00901884 0.00593402 0.00364307
 0.00832695 0.0135174 0.0203255 0.0286777 0.0382844 0.0484971 0.0582712 0.0664111 0.0719969 0.0746737 0.0746167 0.0722899 0.0682268 0.0629249 0.056812 0.0502352 0.0434659 0.0367215 0.0301908 0.0240485 0.018457 0.0135575 0.00945675 0.00621 0.00380469
 0.00862796 0.0139722 0.0209413 0.0294265 0.039097 0.0492622 0.0588458 0.0666504 0.0718035 0.0740445 0.0736557 0.0711745 0.067145 0.062021 0.0561642 0.0498626 0.043347 0.0368083 0.0304175 0.0243419 0.0187503 0.0138045 0.00963745 0.00632666 0.00387185
 0.00882036 0.0143188 0.0215218 0.030326 0.0403729 0.0508971 0.0607096 0.0685014 0.0733417 0.0749977 0.0738597 0.0706157 0.065955 0.0604289 0.0544287 0.0482085 0.0419267 0.0356934 0.029612 0.0238047 0.018418 0.0136111 0.00952873 0.00626535 0.00383638
 0.00900361 0.0146255 0.022001 0.0310321 0.0413576 0.0521923 0.0623035 0.0703159 0.0752211 0.0767191 0.0751701 0.071291 0.0658653 0.0595826 0.0529727 0.0463839 0.0399987 0.0338873 0.0280748 0.0225984 0.0175365 0.0130067 0.00913759 0.00602553 0.00369702
 0.00854122 0.0139119 0.0210028 0.0297562 0.0398642 0.0506067 0.0608204 0.0691791 0.0746682 0.0769045 0.0761012 0.072811 0.0676921 0.0613913 0.0544896 0.0474558 0.0406139 0.0341424 0.0281129 0.0225497 0.0174845 0.012985 0.00914547 0.0060485 0.00372136
 0.00826591 0.0134189 0.0201809 0.0284849 0.0380562 0.0482698 0.058109 0.0663983 0.0722138 0.0751621 0.0753488 0.0731554 0.0690501 0.0635122 0.0570176 0.05002 0.0429168 0.0360168 0.0295255 0.0235611 0.0181921 0.0134788 0.00948934 0.00628266 0.00387286
 0.00835999 0.0135466 0.0203212 0.0285891 0.038044 0.0480335 0.0575328 0.0653969 0.0707852 0.0734309 0.0735673 0.0716477 0.0681138 0.0633229 0.0575757 0.0511598 0.0443713 0.0375082 0.0308436 0.0246005 0.0189431 0.0139886 0.00982175 0.00649332 0.00400203
 0.00838001 0.0135974 0.0204293 0.028785 0.0383458 0.0484251 0.0579446 0.0657058 0.0708411 0.0731063 0.0728125 0.070531 0.0668243 0.0621243 0.0567223 0.0508097 0.0445368 0.0380668 0.0316012 0.025369 0.0195959 0.0144755 0.0101501 0.00669819 0.00412215
 0.00840734 0.0136451 0.0205081 0.0289092 0.0385332 0.0486925 0.0583001 0.0661351 0.0712942 0.0734915 0.0730105 0.070431 0.0663739 0.0613691 0.0558091 0.0499422 0.0439016 0.037765 0.0316215 0.0256131 0.0199348 0.0148027 0.0104078 0.00687338 0.00422817
#pred catch len freq
 0.00358942 0.00583488 0.00881536 0.0125754 0.0171406 0.022459 0.028337 0.0344412 0.040373 0.0457554 0.0502876 0.0537797 0.0561746 0.0575456 0.0580624 0.057948 0.0574456 0.0567786 0.0560688 0.0552081 0.0537563 0.0510032 0.0462788 0.0393983 0.0309433
 0.00396989 0.00639349 0.00954791 0.0134477 0.0181087 0.023497 0.0294486 0.035643 0.0416582 0.0470629 0.0515036 0.0547746 0.0568551 0.0578898 0.0581175 0.0577919 0.0571328 0.0562975 0.0553344 0.0540996 0.0521916 0.0490137 0.0440378 0.0371759 0.0290069
 0.00412338 0.00669045 0.0100786 0.0143151 0.0193926 0.0252041 0.0314801 0.0378095 0.0437436 0.0488979 0.0529995 0.0559031 0.0576054 0.0582462 0.0580695 0.0573559 0.0563524 0.0552163 0.0539628 0.0524111 0.0501624 0.0466868 0.0415626 0.0347869 0.0269436
 0.0043065 0.0069729 0.010482 0.0148674 0.0201434 0.0262359 0.0328944 0.0396783 0.0460427 0.0514636 0.0555501 0.058125 0.0592543 0.0592033 0.0583319 0.0569883 0.0554411 0.0538417 0.0521875 0.0502811 0.0477288 0.0440426 0.0388706 0.0322647 0.0248023
 0.00456425 0.00738407 0.0110854 0.0156923 0.0212042 0.027527 0.0343909 0.0413468 0.0478575 0.0534082 0.05759 0.0601632 0.0611117 0.0606506 0.0591615 0.0570798 0.0547805 0.0524959 0.0502616 0.0478913 0.0450025 0.0411374 0.0359865 0.029625 0.0226018
 0.00479992 0.00777052 0.011674 0.0165349 0.0223452 0.0289889 0.0361558 0.0433464 0.0499796 0.0555214 0.0595746 0.0619309 0.0625996 0.0617942 0.0598698 0.0572382 0.0542858 0.051298 0.0483871 0.0454417 0.0421412 0.0380774 0.0329739 0.0269048 0.0203662
 0.00506851 0.00819547 0.0122937 0.0173828 0.0234504 0.030374 0.0378276 0.0452806 0.0521072 0.0577259 0.0617038 0.0638245 0.0641224 0.0628567 0.0604234 0.0572509 0.0537208 0.0501169 0.046578 0.043055 0.0393119 0.0350221 0.0299593 0.0241935 0.0181546
 0.0053475 0.00864167 0.0129519 0.0182907 0.0246336 0.0318376 0.0395464 0.0471955 0.0541318 0.0597582 0.0636359 0.0655463 0.065525 0.0638417 0.0609149 0.0572009 0.0531038 0.0489218 0.044811 0.0407615 0.036605 0.032096 0.0270677 0.0215938 0.0160399
