SBPRF35
6.97637
Curr Bio
544954
B35
497351
F35
0.224721
FOFL
0.224721
OFL
96373.8
Bzero
1.99325e+06
#pred survey bio
 3.53148e+06 3.45008e+06 3.34543e+06 3.18886e+06 2.78906e+06 2.49421e+06 2.24941e+06 1.99911e+06 1.8178e+06 1.67427e+06 1.55619e+06 1.44525e+06 1.30724e+06 1.12406e+06 988876 813239 708267 661589 659791 654872 633313 615144 580239 554745 541818 501371 516633 518265 526842 533867 541670 542680 544929 564431 563802 566704 555955 513770 494023 529612 603828 666988 734713 706104 610987 600672 591632 603207 605777 612473 585875 556119 587051 640656 657989 605609 547706 521155 511493 543286 571588 600973 595031 561175 545296 552614 1.30107e+07 1.17436e+07 1.18459e+07 1.23031e+07 1.2932e+07 1.35772e+07 1.41517e+07 1.46219e+07 1.49867e+07 1.52601e+07 1.54604e+07 1.56053e+07 1.57094e+07 1.57839e+07 1.58375e+07 1.5876e+07 1.59039e+07 1.59242e+07 1.5939e+07 1.595e+07 1.59581e+07 1.59641e+07 1.59686e+07 1.5972e+07 1.59745e+07 1.59765e+07 1.59779e+07 1.5979e+07 1.59798e+07 1.59805e+07 1.59809e+07 1.59813e+07 1.59816e+07 1.59818e+07 1.5982e+07 1.59821e+07 1.59822e+07 1.59823e+07 1.59823e+07 1.59823e+07 1.59824e+07 1.59824e+07 1.59824e+07 1.59824e+07 1.59824e+07 1.59825e+07 1.59825e+07 1.59825e+07 1.59825e+07 1.59825e+07 1.59825e+07 1.59825e+07 1.59825e+07 1.59825e+07 1.59825e+07 1.59825e+07 1.59825e+07 1.59825e+07 1.59825e+07 1.59825e+07 1.59825e+07 1.59825e+07 1.59825e+07 1.59825e+07 1.59825e+07 1.59825e+07 1.59825e+07 1.59825e+07 1.59825e+07 1.59825e+07 1.59825e+07 1.59825e+07 1.59825e+07 1.59825e+07 1.59825e+07 1.59825e+07 1.59825e+07 1.59825e+07 1.59825e+07 1.59825e+07 1.59825e+07 1.59825e+07 1.59825e+07 1.59825e+07 1.59825e+07 1.59825e+07 1.59825e+07 1.59825e+07 1.59825e+07 1.59825e+07 1.59825e+07 1.59825e+07 1.59825e+07 1.59825e+07 1.59825e+07 1.59825e+07 1.59825e+07 1.59825e+07 1.59825e+07 1.59825e+07 0 0 0 0 0 0 0 0 0 0 0 0 0 0 0 0 0 0 0 0 0 0 0 0 0
#obs survey bio
 3.42642e+06 5.27097e+06 3.64009e+06 3.0682e+06 2.60621e+06 3.08512e+06 2.5542e+06 1.94724e+06 1.45263e+06 1.55802e+06 1.45568e+06 1.40493e+06 1.56710e+06 1.21771e+06 1.14012e+06 588714 553085 553697 902531 673564 652185 766174 594918 468960 518888 541243 676906 541042 494911 554515 597428 541393 454753 614071 699986 613953 858602 459699 424628 368209 675351 653812 869281 754780 488485 513091 534747 655197 540048 484829 558809 558769 550341 912143 673654 573356 688820 491125 489735 498027 600713 702260 416058 566913 591131 571888
#pred catch bio
 94260.6 91943.5 151881 226893 243865 258360 305479 274925 304859 297074 285043 285768 273921 244266 241654 204751 193176 160234 153858 146319 121596 123500 116151 117075 113222 94357.4 105365 102497 106282 100544 99007.5 93243.4 85895.9 103303 88872.6 86836.4 85553.4 91785.9 80656.3 81979 97034.2 87819.3 90136.9 83773.7 92651.3 88627.7 89873.2 90209.5 84736.7 91434.7 114406 83611.9 80579.9 94923.5 138149 132058 88626.8 88881.6 60792.3 82445.9 87934.6 95433.7 109446 96647.3 89446.9 84612.9 96373.8 94656.2 94042.8 96546.5 100909 105512 109560 112779 115179 116888 118065 118854 119374 119711 119927 120065 120151 120205 120239 120260 120273 120281 120286 120289 120291 120292 120293 120293 120293 120293 120294 120294 120294 120294 120294 120294 120294 120294 120294 120294 120294 120294 120294 120294 120294 120294 120294 120294 120294 120294 120294 120294 120294 120294 120294 120294 120294 120294 120294 120294 120294 120294 120294 120294 120294 120294 120294 120294 120294 120294 120294 120294 120294 120294 120294 120294 120294 120294 120294 120294 120294 120294 120294 120294 120294 120294 120294 120294 120294 120294 120294 120294 120294 120294 120294 120294 120294 120294 120294 120294 0 0 0 0 0 0 0 0 0 0 0 0 0 0 0 0 0 0 0 0 0 0 0 0 0
#obs catch bio
 0 91565.7 152015 227171 243968 258175 306160 274275 305775 297512 285198 286140 273274 244681 241077 204096 194963 160832 154079 146371 121281 123438 115996 117574 112836 94518.3 105419 102473 106468 100521 99007.3 93189.4 85760.6 103650 88804.8 86854.2 85329.6 91900.6 80654.1 82196.6 97251.7 87849.5 90029.5 83485.3 93020.7 88534.3 89991.6 90226.9 84680.3 91173.5 114907 83528.2 80577.5 94665.5 138438 132452 88286.2 89210 60475.5 82650.6 88023.2 95283.2 109577 96588.4 89506.1 84559.8
#pred cpue bio
 3.49213e+06 3.41175e+06 3.30696e+06 3.15035e+06 2.75359e+06 2.46013e+06 2.21628e+06 1.96706e+06 1.7861e+06 1.64218e+06 1.52355e+06 1.41223e+06 1.27469e+06 1.09356e+06 959910 787576 684359 637959 635796 630854 609780 592207 558427 533783 521251 482216 496964 498607 506983 513781 521474 522632 524969 544015 543512 546463 535000 492776 472630 506572 578029 638830 704184 677164 586112 575801 567241 578390 580948 587595 562097 532715 562265 614131 631029 579424 522455 497235 488380 519908 547528 575819 570052 536774 520969 528036 1.24465e+07 1.1239e+07 1.12485e+07 1.16325e+07 1.22447e+07 1.28873e+07 1.34614e+07 1.39315e+07 1.42963e+07 1.45697e+07 1.47701e+07 1.4915e+07 1.5019e+07 1.50936e+07 1.51471e+07 1.51856e+07 1.52135e+07 1.52338e+07 1.52487e+07 1.52596e+07 1.52677e+07 1.52738e+07 1.52783e+07 1.52817e+07 1.52842e+07 1.52861e+07 1.52876e+07 1.52887e+07 1.52895e+07 1.52901e+07 1.52906e+07 1.5291e+07 1.52912e+07 1.52915e+07 1.52916e+07 1.52917e+07 1.52918e+07 1.52919e+07 1.5292e+07 1.5292e+07 1.5292e+07 1.52921e+07 1.52921e+07 1.52921e+07 1.52921e+07 1.52921e+07 1.52921e+07 1.52921e+07 1.52921e+07 1.52921e+07 1.52921e+07 1.52921e+07 1.52921e+07 1.52921e+07 1.52921e+07 1.52921e+07 1.52921e+07 1.52921e+07 1.52921e+07 1.52921e+07 1.52921e+07 1.52921e+07 1.52921e+07 1.52921e+07 1.52921e+07 1.52921e+07 1.52921e+07 1.52921e+07 1.52921e+07 1.52921e+07 1.52921e+07 1.52921e+07 1.52921e+07 1.52921e+07 1.52921e+07 1.52921e+07 1.52921e+07 1.52921e+07 1.52921e+07 1.52921e+07 1.52921e+07 1.52921e+07 1.52921e+07 1.52921e+07 1.52921e+07 1.52921e+07 1.52921e+07 1.52921e+07 1.52921e+07 1.52921e+07 1.52921e+07 1.52921e+07 1.52921e+07 1.52921e+07 1.52921e+07 1.52921e+07 1.52921e+07 1.52921e+07 1.52921e+07 1.52921e+07 0 0 0 0 0 0 0 0 0 0 0 0 0 0 0 0 0 0 0 0 0 0 0 0 0
#obs cpue bio
 3.63274e+06 2.46348e+06 2.57932e+06 4.53816e+06 2.35427e+06 2.02868e+06 1.93183e+06 2.24515e+06 1.73252e+06 1.80214e+06 1.64781e+06 1.41791e+06 1.38228e+06 738235 1.17364e+06 1.09326e+06 501837 769987 526704 674989 620702 487352 550794 455833 916442 264292 496358 454863 504290 519429 487358 548201 575536 479769 448333 491719 439379 502808 491225 528520 668346 546838 805397 740336 483939 858037 528764 595699 607045 911642 512016 492945 540110 537373 611464 567174 467888 465516 554836 516814 481343 593417 799503 528168 442057 538140
#pred surv len freq
 0.00421585 0.00695825 0.0106835 0.0154394 0.0211407 0.0274745 0.0338859 0.0397344 0.0445419 0.048146 0.0506607 0.0523235 0.0533671 0.0539665 0.0542415 0.05428 0.0541617 0.0539592 0.0536801 0.0531533 0.0519301 0.0493379 0.044766 0.0380791 0.0298727
 0.00450552 0.00734336 0.0111074 0.0158034 0.0213409 0.0274536 0.0336678 0.0394135 0.0442305 0.0479153 0.0505144 0.0522194 0.0532655 0.0538714 0.054208 0.054385 0.054456 0.0544229 0.0542077 0.0535798 0.0520948 0.0491559 0.0442686 0.0373969 0.0291723
 0.00455982 0.00749278 0.0114381 0.0164143 0.0222963 0.0287218 0.035088 0.0407297 0.0451909 0.0483792 0.0504966 0.0518486 0.0526987 0.0532299 0.0535675 0.0537983 0.0539685 0.054059 0.0539418 0.0533262 0.051737 0.048607 0.0435241 0.0365431 0.0283427
 0.00462805 0.00759979 0.0115972 0.016649 0.022651 0.0292661 0.0359007 0.0418546 0.0465809 0.0498685 0.051835 0.0527941 0.0531138 0.0531219 0.0530555 0.053045 0.0531205 0.0532169 0.0531488 0.0525684 0.0509614 0.0477609 0.0425993 0.0355951 0.0274677
 0.00486484 0.00796892 0.0121226 0.0173414 0.0235061 0.0302657 0.0370162 0.0430552 0.0478425 0.0511681 0.0531266 0.0539787 0.0540375 0.0536201 0.0530222 0.05248 0.0521243 0.0519402 0.0517327 0.0511063 0.0494966 0.046313 0.0411998 0.0343051 0.0263652
 0.00502404 0.00825369 0.0125978 0.0180795 0.0245664 0.031663 0.0386956 0.0448931 0.0496802 0.0528619 0.0545831 0.0551553 0.0549116 0.0541516 0.0531413 0.0521127 0.0512382 0.0505764 0.0499996 0.0491443 0.0474423 0.0442848 0.0393028 0.0326366 0.0250041
 0.00518401 0.0085163 0.0129999 0.0186629 0.025376 0.0327403 0.0400639 0.0465386 0.051536 0.0548057 0.0564548 0.0567926 0.0561858 0.0549841 0.0534919 0.051956 0.0505544 0.0493654 0.0483073 0.0470761 0.0451529 0.0419535 0.037106 0.0307231 0.0234725
 0.00546091 0.0089632 0.0136661 0.0195912 0.0265943 0.0342495 0.0418268 0.0484799 0.0535561 0.0567993 0.0583205 0.0584301 0.0574927 0.0558616 0.053859 0.05176 0.0497711 0.0479981 0.0463944 0.0447071 0.0424809 0.039186 0.0344729 0.0284285 0.0216498
 0.00567304 0.00931519 0.014209 0.020377 0.0276654 0.0356219 0.0434743 0.0503287 0.0554982 0.0587166 0.0601064 0.0599985 0.058773 0.0567885 0.0543644 0.0517742 0.0492339 0.0468741 0.044691 0.0424925 0.0398962 0.0364415 0.0318156 0.0260881 0.0197826
 0.00592175 0.00972808 0.0148462 0.0212998 0.0289235 0.0372336 0.0454056 0.0524865 0.057743 0.0608906 0.0620625 0.0616205 0.0599832 0.0575432 0.0546406 0.0515532 0.0484909 0.0455838 0.0428484 0.0401439 0.0371652 0.0335329 0.0289859 0.0235857 0.0177817
 0.00618841 0.0101554 0.0154787 0.0221766 0.0300744 0.0386703 0.0471101 0.0544027 0.0597779 0.0629251 0.0639663 0.0632676 0.0612659 0.0583828 0.0549897 0.0513885 0.0478019 0.0443649 0.0411067 0.0379224 0.0345718 0.0307533 0.0262627 0.0211619 0.0158339
 0.00641359 0.0105273 0.0160487 0.0229946 0.0311774 0.0400652 0.0487589 0.0562214 0.0616543 0.0647448 0.0656317 0.0646999 0.0623984 0.0591546 0.055346 0.0512854 0.0472095 0.0432695 0.0395161 0.0358807 0.0321799 0.0281809 0.0237323 0.0189 0.0140089
 0.00664575 0.0109085 0.0166293 0.0238239 0.0322939 0.0414806 0.0504415 0.0580889 0.0635841 0.0665979 0.0672789 0.0660415 0.0633706 0.059725 0.0555012 0.0510174 0.0465092 0.0421289 0.0379407 0.0339085 0.0299021 0.0257517 0.0213537 0.0167784 0.0122978
 0.00687907 0.0112928 0.0172167 0.0246656 0.0334288 0.0429186 0.0521464 0.0599729 0.06552 0.0684437 0.0689022 0.0673351 0.0642614 0.0601751 0.0555037 0.050586 0.0456648 0.0408922 0.0363353 0.031977 0.0277278 0.0234704 0.0191428 0.0148186 0.0107231
 0.00692603 0.0114042 0.0174494 0.0250948 0.0341309 0.0439433 0.0534906 0.0615719 0.0672603 0.0701886 0.0705161 0.0687003 0.0652865 0.0607997 0.0556984 0.0503486 0.0450127 0.0398546 0.0349505 0.0302995 0.0258411 0.0214968 0.0172354 0.0131311 0.00936863
 0.00719719 0.0118211 0.018034 0.0258569 0.0350732 0.045067 0.0547929 0.0630331 0.0688287 0.0717724 0.0719915 0.0699344 0.0661663 0.0612531 0.0557 0.0499108 0.0441716 0.0386584 0.0334551 0.0285724 0.0239704 0.0195973 0.015441 0.0115702 0.00813099
 0.00727129 0.011979 0.0183387 0.0263845 0.035888 0.0461865 0.0561629 0.0645345 0.0703175 0.0731277 0.0731407 0.0708441 0.0668153 0.0616137 0.0557389 0.0496035 0.0435149 0.0376747 0.03219 0.0270921 0.0223625 0.0179695 0.013912 0.0102484 0.00708886
 0.00742313 0.0122103 0.0186609 0.0268049 0.0364184 0.0468493 0.0569874 0.0655378 0.0714772 0.0743659 0.0743342 0.0718599 0.0675513 0.062019 0.0558071 0.0493504 0.0429626 0.036848 0.0311237 0.0258393 0.0209988 0.0165907 0.0126218 0.00913891 0.00621899
 0.00746358 0.01226 0.018706 0.0268236 0.0363882 0.0467604 0.0568561 0.0654136 0.0714382 0.0744987 0.0747023 0.072472 0.0683471 0.0628828 0.0566033 0.0499619 0.0433124 0.0369028 0.0308872 0.0253468 0.0203135 0.0157982 0.0118182 0.00841233 0.0056308
 0.00760148 0.0124565 0.0189495 0.0270835 0.0366206 0.0469196 0.0569064 0.0653401 0.0712548 0.074253 0.0744718 0.0723464 0.0683981 0.063134 0.0570157 0.0504442 0.0437505 0.0371951 0.0309697 0.0252026 0.019971 0.0153201 0.0112855 0.00790414 0.00520582
 0.00780057 0.0127575 0.0193589 0.027588 0.0371859 0.0474912 0.0574139 0.0657067 0.0714164 0.0741807 0.0741876 0.0719217 0.0679346 0.0627344 0.0567523 0.0503374 0.0437649 0.0372554 0.0309909 0.0251207 0.0197624 0.0150041 0.0109122 0.00753372 0.00488783
 0.00777508 0.0127263 0.0193305 0.0275758 0.037203 0.0475434 0.0574938 0.0657937 0.0714828 0.0742013 0.0741487 0.0718274 0.0678084 0.0626156 0.056686 0.0503582 0.0438815 0.0374415 0.0311924 0.0252752 0.0198237 0.0149592 0.010782 0.00736006 0.00471438
 0.0078018 0.0127692 0.0193944 0.0276656 0.0373236 0.0476987 0.0576841 0.0660116 0.0717092 0.0744059 0.0742946 0.0718822 0.0677567 0.062467 0.056475 0.050134 0.0436906 0.0373114 0.0311216 0.0252373 0.0197827 0.0148882 0.0106752 0.00723164 0.00458764
 0.0077476 0.0126957 0.0193109 0.0275898 0.0372771 0.0476995 0.0577404 0.0661208 0.0718608 0.0745848 0.0744824 0.0720563 0.067892 0.0625417 0.0564789 0.050075 0.0435932 0.0372066 0.031033 0.0251719 0.0197311 0.0148349 0.0106098 0.00715536 0.00451045
 0.00777182 0.0127272 0.0193443 0.0276174 0.0372933 0.0477068 0.0577523 0.0661574 0.0719392 0.0747083 0.0746373 0.0722163 0.0680279 0.0626296 0.0565048 0.0500366 0.0435003 0.0370789 0.0308942 0.0250414 0.0196185 0.0147397 0.0105272 0.00708203 0.00444715
 0.00794034 0.0129725 0.0196598 0.0279773 0.037658 0.0480338 0.0580063 0.066317 0.0720002 0.0746838 0.0745521 0.0720982 0.0678964 0.0624912 0.0563552 0.049868 0.0433089 0.0368693 0.0306786 0.0248356 0.0194359 0.0145875 0.0104062 0.0069892 0.00437851
 0.00775668 0.0127163 0.0193516 0.02766 0.0373818 0.0478334 0.0578857 0.0662527 0.0719608 0.0746524 0.0745372 0.0721262 0.0679943 0.0626692 0.0566 0.0501478 0.0435857 0.037111 0.0308672 0.0249676 0.0195186 0.0146326 0.0104256 0.00699252 0.00437315
 0.00778979 0.0127433 0.0193454 0.0275853 0.0372128 0.0475756 0.0575873 0.0659916 0.0718082 0.0746372 0.0746343 0.072278 0.0681468 0.062797 0.0567067 0.050249 0.0436909 0.037217 0.0309624 0.025041 0.0195652 0.0146548 0.01043 0.00698677 0.00436338
 0.00775944 0.0127044 0.019304 0.0275489 0.0371822 0.047537 0.0575125 0.0658514 0.0715956 0.0743825 0.0743986 0.0721243 0.0681089 0.0628681 0.0568521 0.0504294 0.0438783 0.037396 0.031124 0.025178 0.0196721 0.01473 0.0104768 0.00701168 0.00437406
 0.00777579 0.0127244 0.0193226 0.0275592 0.0371786 0.0475197 0.0574877 0.0658259 0.0715684 0.0743418 0.0743291 0.0720223 0.067991 0.0627657 0.0567947 0.0504294 0.0439285 0.0374779 0.0312177 0.025268 0.0197486 0.0147881 0.0105157 0.00703431 0.00438499
 0.00776313 0.0126974 0.0192703 0.0274674 0.0370341 0.0473164 0.0572328 0.0655426 0.0712923 0.074111 0.0741735 0.0719543 0.0680056 0.0628475 0.0569277 0.0506022 0.0441317 0.0376998 0.0314424 0.025478 0.0199293 0.0149311 0.0106197 0.00710332 0.00442654
 0.00781208 0.012761 0.0193362 0.0275135 0.0370332 0.0472449 0.0570793 0.0653116 0.0710043 0.0737996 0.0738789 0.071716 0.0678533 0.0627943 0.0569691 0.0507208 0.0443051 0.0379057 0.0316605 0.02569 0.0201196 0.0150884 0.0107388 0.00718567 0.00447826
 0.00785108 0.0128156 0.0194012 0.0275765 0.0370757 0.047245 0.0570156 0.0651693 0.0707811 0.0735104 0.0735565 0.0714049 0.0675988 0.0626312 0.0569143 0.050772 0.044444 0.038105 0.0318906 0.025924 0.0203355 0.0152711 0.0108808 0.00728651 0.00454345
 0.00763817 0.0125082 0.0190102 0.0271361 0.0366326 0.0468416 0.0566772 0.0649017 0.0705779 0.073363 0.0734612 0.0713657 0.0676255 0.0627354 0.0571038 0.0510455 0.0447889 0.038498 0.0323015 0.0263211 0.0206918 0.0155678 0.0111094 0.00744881 0.00464895
 0.00779624 0.0127164 0.0192352 0.0273214 0.0367201 0.0468019 0.0565288 0.0647035 0.0703965 0.0732365 0.0733835 0.0713003 0.067535 0.0626058 0.0569506 0.0509023 0.0446902 0.0384646 0.0323357 0.0264089 0.0208098 0.0156917 0.0112201 0.00753561 0.00470949
 0.00853215 0.0137592 0.0205183 0.0286807 0.0379338 0.0476597 0.0568947 0.0645465 0.0697865 0.0723177 0.0723334 0.0702815 0.0666552 0.0619039 0.0564127 0.0504942 0.0443835 0.0382452 0.0321974 0.0263437 0.0208026 0.0157219 0.0112666 0.00758219 0.00474686
 0.00907847 0.0146604 0.0218879 0.030603 0.0404104 0.0505451 0.0598617 0.0671315 0.0715261 0.0729153 0.0717605 0.0687602 0.064547 0.0595758 0.0541444 0.0484491 0.0426275 0.0367863 0.0310194 0.0254233 0.0201131 0.0152315 0.0109382 0.00737654 0.00462709
 0.00907371 0.0147324 0.022145 0.0311986 0.0415075 0.0522533 0.0621705 0.0698699 0.0743696 0.0754436 0.0735577 0.0695303 0.0642028 0.058257 0.0521551 0.0461464 0.0403205 0.0346831 0.0292263 0.0239727 0.0189943 0.0144106 0.010369 0.0070066 0.00440358
 0.00896213 0.0145841 0.0219876 0.0310913 0.0415419 0.0525458 0.0628429 0.0710159 0.0760071 0.0774693 0.075731 0.0715104 0.0656367 0.0588883 0.0519032 0.0451221 0.0387724 0.032906 0.0274775 0.0224261 0.0177355 0.0134568 0.00969391 0.00656109 0.00413095
 0.00882378 0.0143458 0.0216079 0.0305328 0.0407926 0.0516478 0.0619149 0.0702477 0.0756187 0.0776439 0.0765476 0.0729011 0.0673864 0.0606826 0.0534152 0.0461095 0.0391438 0.0327282 0.0269249 0.0217042 0.017016 0.012846 0.0092339 0.00624801 0.00393693
 0.00870986 0.0141574 0.0213177 0.0301121 0.040216 0.0509038 0.0610205 0.0692643 0.0746598 0.076868 0.0761302 0.0729864 0.0680323 0.061821 0.0548539 0.0475822 0.0403928 0.0335842 0.0273467 0.0217649 0.0168498 0.0125884 0.00898217 0.00605097 0.0038049
 0.00883166 0.0143206 0.0214982 0.030264 0.0402816 0.0508303 0.0607753 0.0688423 0.0740844 0.0761914 0.0754359 0.0723875 0.0676549 0.0617687 0.0551639 0.0481971 0.0411687 0.0343395 0.0279289 0.0220997 0.0169508 0.0125285 0.00884876 0.00591189 0.00369561
 0.00875894 0.0142144 0.0213595 0.0300978 0.0400909 0.0506089 0.0605055 0.0685024 0.0736631 0.0757023 0.0749226 0.0719183 0.0673093 0.0616225 0.055272 0.0485734 0.0417705 0.0350677 0.0286543 0.0227063 0.0173737 0.0127654 0.00894336 0.00592343 0.00367357
 0.00876451 0.0142086 0.0213242 0.0300094 0.0399288 0.050367 0.0601998 0.0681656 0.0733298 0.0753931 0.0746407 0.0716603 0.0670827 0.0614557 0.0552102 0.0486612 0.0420292 0.0354781 0.0291547 0.0232112 0.017804 0.0130753 0.00912939 0.00601268 0.00370374
 0.00879935 0.0142626 0.0213994 0.0301029 0.0400299 0.0504553 0.0602462 0.0681402 0.0732132 0.0751868 0.0743675 0.0713543 0.0667774 0.0611788 0.0549872 0.0485198 0.0419959 0.0355668 0.0293537 0.02348 0.018086 0.0133188 0.00930502 0.00611801 0.00375492
 0.00863607 0.014065 0.0212259 0.0300459 0.0401861 0.0508798 0.0609161 0.0689505 0.0740099 0.0758181 0.0747275 0.0714047 0.0665442 0.0607334 0.0544216 0.0479258 0.0414518 0.0351286 0.0290497 0.0233088 0.01802 0.0133168 0.0093277 0.00613982 0.00376616
 0.00867547 0.0140801 0.0211635 0.0298401 0.0397927 0.0503205 0.0603023 0.0684581 0.0738059 0.0759794 0.0752034 0.0720446 0.0671697 0.0612083 0.0546877 0.0479984 0.0413918 0.0350103 0.0289364 0.0232384 0.0180026 0.0133404 0.00937059 0.00618226 0.00379728
 0.00861571 0.0140134 0.0211155 0.0298435 0.0398666 0.0504467 0.060418 0.0684823 0.0736908 0.0757522 0.0749622 0.0719045 0.0671947 0.0613786 0.0549195 0.0481976 0.0415002 0.035022 0.0288838 0.023166 0.0179445 0.0133109 0.00936681 0.00619276 0.00381102
 0.00863551 0.0140254 0.0210985 0.0297716 0.0397227 0.0502389 0.0601862 0.0682824 0.0735648 0.0757047 0.0749649 0.0719263 0.0672301 0.0614483 0.0550446 0.0483723 0.0416897 0.0351839 0.0289926 0.0232225 0.0179672 0.0133208 0.00937655 0.00620544 0.00382422
 0.00856072 0.0139171 0.0209592 0.0296089 0.0395439 0.0500447 0.05997 0.0680396 0.0733064 0.0754631 0.0747852 0.0718457 0.0672617 0.0615807 0.0552539 0.0486333 0.0419771 0.0354699 0.0292494 0.0234302 0.0181201 0.0134259 0.0094466 0.0062519 0.00385477
 0.00861884 0.0139984 0.0210575 0.0297113 0.0396352 0.0501137 0.0600125 0.0680555 0.073293 0.0754123 0.0746888 0.0717053 0.0670951 0.0614178 0.0551246 0.0485564 0.0419561 0.0354952 0.0293032 0.0234931 0.0181768 0.0134687 0.00947518 0.00626971 0.00386573
 0.00885802 0.0143926 0.0216575 0.0305589 0.0407441 0.0514447 0.0614558 0.0694392 0.0744238 0.0761309 0.0749108 0.0714324 0.0664 0.0604177 0.0539549 0.0473465 0.0408115 0.0344858 0.0284629 0.0228264 0.0176697 0.0130986 0.00921704 0.00609942 0.0037608
 0.00873201 0.0141953 0.0213775 0.0301988 0.0403291 0.0510298 0.0611255 0.069289 0.0745252 0.0764955 0.0754768 0.0720834 0.067007 0.0608808 0.0542266 0.0474329 0.0407564 0.0343489 0.0282992 0.0226742 0.0175476 0.0130103 0.00915778 0.006062 0.00373854
 0.00861147 0.0139925 0.021061 0.0297382 0.039706 0.0502547 0.0602528 0.0684208 0.0737951 0.0760359 0.0753801 0.0723716 0.0676224 0.0617023 0.055108 0.0482464 0.0414224 0.0348433 0.0286399 0.0228988 0.0176944 0.0131076 0.00922313 0.00610522 0.00376576
 0.00873856 0.0141694 0.0212708 0.0299435 0.039855 0.0502935 0.0601396 0.0681374 0.0733562 0.0754942 0.0748224 0.0719019 0.0673321 0.0616398 0.0552616 0.0485512 0.0417879 0.0351869 0.028911 0.0230837 0.0178056 0.0131682 0.00925421 0.00612108 0.00377414
 0.00907136 0.0147322 0.0221528 0.0312257 0.0415739 0.052392 0.0624316 0.0703216 0.0750897 0.0764968 0.0749597 0.0712113 0.0659926 0.059908 0.0534 0.0467699 0.0402138 0.0338662 0.0278352 0.022222 0.0171277 0.0126508 0.008878 0.00586473 0.00361255
 0.00912786 0.0148649 0.0224292 0.0317374 0.0424176 0.0536355 0.0640749 0.0722697 0.0771496 0.0784028 0.0764258 0.0720016 0.0659874 0.0591383 0.0520328 0.0450509 0.0383949 0.0321469 0.0263366 0.0209927 0.0161667 0.0119322 0.0083661 0.00552068 0.00339695
 0.00893959 0.014538 0.021905 0.030965 0.0413873 0.0524199 0.0628537 0.0713074 0.0767165 0.0786719 0.0773974 0.0734938 0.0676958 0.0607349 0.0532644 0.0457988 0.0386797 0.0320852 0.0260774 0.0206648 0.0158541 0.0116749 0.00817405 0.0053882 0.00331227
 0.00889018 0.0144538 0.0217688 0.0307534 0.0410695 0.0519635 0.0622394 0.0705536 0.075904 0.0779498 0.0769514 0.0734807 0.0681709 0.0616154 0.0543536 0.0468604 0.0395232 0.0326197 0.0263155 0.020686 0.0157562 0.0115379 0.00804643 0.00529031 0.00324646
 0.00867373 0.0140868 0.0211911 0.0299059 0.0399151 0.0505152 0.0605829 0.0688439 0.074333 0.0767021 0.076173 0.0732678 0.0685656 0.0625934 0.0558076 0.0486028 0.0413215 0.0342574 0.0276475 0.0216626 0.016408 0.0119388 0.00827688 0.00541572 0.00331159
 0.00871683 0.014152 0.0212772 0.0300011 0.0399907 0.0505208 0.0604502 0.0685042 0.0737477 0.0758911 0.075226 0.0723276 0.0677932 0.0621282 0.0557337 0.0489264 0.0419658 0.0350828 0.0284946 0.0224005 0.0169665 0.0123104 0.00849587 0.00553087 0.00336595
 0.00870736 0.0141472 0.0212893 0.0300468 0.0400849 0.0506663 0.0606277 0.0686682 0.0738322 0.0758266 0.0749637 0.0718649 0.0671868 0.061487 0.0551903 0.0485958 0.0419083 0.0352854 0.0288802 0.0228598 0.0173982 0.0126511 0.00872729 0.00566769 0.00343685
 0.00889798 0.0144202 0.0216323 0.0304267 0.0404587 0.0509987 0.0609017 0.0688829 0.0739882 0.0759106 0.0749434 0.0716994 0.0668489 0.0609867 0.0545856 0.0479833 0.0413934 0.0349461 0.0287408 0.0228886 0.0175284 0.0128113 0.00886699 0.00576536 0.00349375
 0.00909213 0.0147561 0.0221713 0.0312273 0.0415505 0.0523474 0.0623864 0.07031 0.0751455 0.0766354 0.0751651 0.0714375 0.0661797 0.0600091 0.0534045 0.0467079 0.0401374 0.0338167 0.0278185 0.0222092 0.0170788 0.0125439 0.00872203 0.00569137 0.00345617
 0.00898428 0.0146135 0.0220196 0.031117 0.0415506 0.0525303 0.0628072 0.0709831 0.0760268 0.0776173 0.0760953 0.07216 0.0665813 0.0600474 0.0531068 0.046151 0.0394232 0.0330524 0.0271005 0.0216084 0.0166299 0.0122446 0.00854385 0.00559603 0.00340954
 0.00878966 0.0143085 0.0215843 0.0305479 0.04087 0.0517965 0.0621197 0.0704722 0.0758212 0.0777996 0.0766663 0.0730295 0.0675922 0.0610217 0.0538964 0.046672 0.0396652 0.0330643 0.0269639 0.0214089 0.0164354 0.012094 0.00844764 0.00554521 0.0033879
#obs surv len freq
 nan nan nan nan nan nan nan nan nan nan nan nan nan nan nan nan nan nan nan nan nan nan nan nan nan
 0.00448413 0.00734504 0.0111743 0.0159897 0.0216892 0.0279635 0.0342765 0.0400072 0.0446869 0.0481515 0.0505108 0.0520082 0.0529021 0.0534159 0.0537314 0.0539873 0.0542665 0.0545597 0.0546987 0.0542907 0.0527287 0.0493606 0.0438099 0.0362893 0.0276722
 0.00461302 0.00755725 0.0114983 0.0164524 0.0223095 0.0287416 0.0351841 0.0409848 0.0456523 0.0490168 0.0511988 0.0524642 0.0530987 0.0533531 0.0534316 0.0534878 0.0536108 0.0537903 0.0538546 0.0534086 0.0518472 0.0485227 0.0430603 0.0356657 0.0271956
 0.00478398 0.00783448 0.0119144 0.0170376 0.0230863 0.029716 0.0363355 0.04226 0.0469699 0.0502782 0.0523029 0.0533202 0.0536366 0.053532 0.0532432 0.0529543 0.0527778 0.0527175 0.0526082 0.0520589 0.0504692 0.0471966 0.0418657 0.0346685 0.026432
 0.00497146 0.00814401 0.0123889 0.0177195 0.0240089 0.0308894 0.0377332 0.043815 0.0485848 0.0518436 0.0537132 0.054481 0.0544677 0.0539694 0.0532454 0.0525081 0.0519018 0.0514609 0.0510468 0.0502902 0.048609 0.0453726 0.0402039 0.0332721 0.025359
 0.00517752 0.00848045 0.0128983 0.0184434 0.024981 0.0321243 0.0392133 0.0454839 0.0503522 0.0535995 0.0553437 0.0558798 0.0555421 0.0546433 0.0534605 0.0522268 0.0511124 0.0501845 0.0493437 0.0482634 0.0464011 0.0431544 0.0381505 0.031529 0.0240111
 0.00540528 0.00885251 0.0134615 0.0192428 0.0260509 0.0334757 0.0408199 0.0472783 0.0522354 0.05546 0.0570732 0.0573808 0.0567285 0.0554394 0.0538013 0.05206 0.0504043 0.0489296 0.047578 0.0460773 0.0439452 0.0406281 0.0357708 0.0294842 0.0224168
 0.00563237 0.00922769 0.0140373 0.0200718 0.0271755 0.0349114 0.0425388 0.0492037 0.0542534 0.0574428 0.0589004 0.0589513 0.0579616 0.0562709 0.0541772 0.0519332 0.0497353 0.0476968 0.0457952 0.0438156 0.0413475 0.0379044 0.0331647 0.0272175 0.0206336
 0.00588536 0.00963853 0.0146552 0.0209429 0.0283358 0.0363737 0.0442786 0.0511522 0.0563048 0.0594714 0.0607806 0.060571 0.0592299 0.0571196 0.0545566 0.0518055 0.0490695 0.0464719 0.0440162 0.041538 0.0387006 0.0350944 0.0304442 0.0248269 0.0187368
 0.00612764 0.010038 0.0152664 0.0218198 0.0295198 0.0378769 0.0460668 0.0531408 0.0583734 0.0614888 0.0626265 0.0621456 0.0604539 0.057931 0.054908 0.0516602 0.0483995 0.0452595 0.0422653 0.0392969 0.0360866 0.0323018 0.0277207 0.0224157 0.0168107
 0.0063677 0.0104312 0.015864 0.0226716 0.0306656 0.0393313 0.0478034 0.0550849 0.0604107 0.0634865 0.0644547 0.0636938 0.0616379 0.0586928 0.0552102 0.0514782 0.0477153 0.0440618 0.0405604 0.0371296 0.033564 0.0296044 0.025082 0.02007 0.0149283
 0.0066111 0.010831 0.0164729 0.023541 0.0318346 0.0408102 0.0495576 0.0570301 0.0624253 0.0654359 0.0662135 0.065158 0.062729 0.059357 0.0554155 0.0512087 0.0469651 0.0428321 0.0388665 0.035018 0.0311352 0.0270238 0.0225645 0.0178327 0.0131307
 0.0068555 0.0112282 0.0170706 0.0243834 0.0329544 0.0422152 0.0512163 0.058866 0.0643264 0.0672745 0.0678674 0.0665245 0.0637311 0.0599437 0.0555592 0.050899 0.0462028 0.041627 0.0372416 0.0330236 0.0288665 0.0246316 0.0202415 0.015773 0.0114769
 0.00707203 0.011588 0.0176261 0.0251869 0.0340461 0.0436045 0.0528645 0.0606825 0.0661843 0.0690384 0.0694172 0.0677674 0.0646033 0.0604073 0.055597 0.0505097 0.045396 0.040421 0.0356667 0.0311332 0.0267517 0.0224289 0.0181211 0.013904 0.00998185
 0.00728274 0.0119324 0.0181479 0.0259283 0.0350401 0.0448617 0.0543591 0.0623451 0.0679088 0.070699 0.0708903 0.0689484 0.0654174 0.060813 0.0555822 0.0500838 0.0445808 0.0392462 0.0341711 0.029374 0.0248158 0.020439 0.0162251 0.0122455 0.00866235
 0.0074178 0.0121598 0.0185047 0.0264541 0.0357689 0.0458095 0.055511 0.0636509 0.0692906 0.0720654 0.0721492 0.0700155 0.0662204 0.0612958 0.0557098 0.0498435 0.0439803 0.0383098 0.0329383 0.0279024 0.0231882 0.0187653 0.0146331 0.0108562 0.00755956
 0.00750355 0.0122957 0.0187039 0.026729 0.0361324 0.0462753 0.0560906 0.0643486 0.0700964 0.0729508 0.0730666 0.0709018 0.067005 0.0619093 0.0560917 0.0499482 0.0437819 0.0378044 0.032146 0.026869 0.0219865 0.0174934 0.013403 0.00977226 0.00669433
 0.00759198 0.0124332 0.0188988 0.0269849 0.0364475 0.0466426 0.0564991 0.0647853 0.0705507 0.0734184 0.0735472 0.0713918 0.0674881 0.0623516 0.0564437 0.0501544 0.0437918 0.0375834 0.0316842 0.0261866 0.0211359 0.0165547 0.0124718 0.00893912 0.00602314
 0.00765163 0.0125266 0.0190327 0.0271628 0.0366687 0.0469013 0.0567837 0.0650796 0.0708385 0.0736888 0.0737991 0.0716327 0.0677279 0.0625927 0.0566733 0.0503412 0.0438909 0.037548 0.0314796 0.0258034 0.0205978 0.0159171 0.01181 0.00832939 0.00552253
 0.00770665 0.0126091 0.0191438 0.0272993 0.0368242 0.0470683 0.0569551 0.0652492 0.0710007 0.0738394 0.0739364 0.0717585 0.0678473 0.062712 0.0567946 0.0504566 0.0439789 0.0375752 0.0314101 0.0256127 0.0202854 0.0155115 0.0113632 0.00790087 0.00516085
 0.00778083 0.0127235 0.0193043 0.0275058 0.0370699 0.0473391 0.0572294 0.0655006 0.0712042 0.0739786 0.074008 0.0717716 0.0678184 0.0626597 0.0567345 0.0503978 0.0439202 0.0375036 0.0313038 0.0254493 0.0200538 0.0152204 0.0110415 0.00758816 0.00489308
 0.00780781 0.0127677 0.0193712 0.0276004 0.0371952 0.0474936 0.0574054 0.0656839 0.0713766 0.0741224 0.0741103 0.0718271 0.0678303 0.0626374 0.0566906 0.0503439 0.0438627 0.0374411 0.0312264 0.0253432 0.0199081 0.0150354 0.0108318 0.00737855 0.00470891
 0.00782884 0.0127955 0.0194015 0.0276262 0.0372096 0.0474944 0.0573979 0.0656797 0.0713887 0.0741591 0.0741713 0.0719042 0.0679111 0.0627102 0.0567482 0.050384 0.0438863 0.0374486 0.0312153 0.0253075 0.0198417 0.0149378 0.0107109 0.00725035 0.0045912
 0.00787774 0.0128703 0.0195049 0.0277561 0.0373586 0.0476493 0.0575405 0.0657908 0.0714538 0.0741746 0.0741459 0.0718542 0.0678524 0.0626529 0.0566948 0.0503326 0.0438337 0.0373924 0.0311536 0.0252376 0.019761 0.0148457 0.0106114 0.00715171 0.0045035
 0.00787862 0.0128738 0.019514 0.0277748 0.0373904 0.0476956 0.057599 0.0658545 0.0715129 0.074219 0.074169 0.0718557 0.067838 0.0626319 0.0566757 0.0503196 0.043826 0.0373856 0.0311421 0.0252167 0.0197278 0.0148 0.0105563 0.00709342 0.00444941
 0.00788036 0.0128711 0.0194999 0.0277405 0.037329 0.0476066 0.0574921 0.0657482 0.0714283 0.074172 0.0741648 0.0718888 0.0678971 0.062705 0.0567542 0.0503983 0.0439019 0.0374554 0.0312016 0.0252611 0.0197537 0.0148066 0.0105464 0.00707264 0.00442452
 0.00790873 0.0129097 0.019544 0.0277801 0.0373507 0.0475974 0.0574432 0.0656587 0.0713071 0.0740372 0.0740402 0.0717967 0.0678514 0.0627077 0.0567968 0.0504672 0.0439833 0.0375383 0.0312776 0.0253244 0.0198002 0.0148348 0.0105577 0.00707115 0.00441571
 0.00789611 0.0128939 0.0195285 0.02777 0.0373499 0.047605 0.0574513 0.0656539 0.071276 0.0739737 0.0739494 0.0716949 0.0677607 0.062648 0.0567799 0.0504936 0.0440439 0.0376191 0.0313642 0.0254048 0.0198664 0.014883 0.0105878 0.007086 0.00442003
 0.00788306 0.0128683 0.0194824 0.0276949 0.0372405 0.0474643 0.0572932 0.0655009 0.0711508 0.0738899 0.0739077 0.0716869 0.0677766 0.0626831 0.0568353 0.0505727 0.044147 0.0377406 0.0314934 0.0255291 0.019975 0.0149689 0.010649 0.00712483 0.00444156
 0.00786526 0.0128391 0.0194376 0.0276299 0.0371507 0.0473462 0.0571468 0.0653322 0.0709738 0.0737255 0.073779 0.0716116 0.0677619 0.0627244 0.0569209 0.0506894 0.0442842 0.0378899 0.0316463 0.0256762 0.0201065 0.0150771 0.0107303 0.00718013 0.00447532
 0.00785118 0.012814 0.0193958 0.0275651 0.0370574 0.0472223 0.0569959 0.0651636 0.0708008 0.0735627 0.0736407 0.0715115 0.0677112 0.0627302 0.0569829 0.0507999 0.04443 0.0380558 0.0318182 0.0258418 0.0202553 0.0152015 0.0108261 0.00724765 0.00451843
 0.00781714 0.0127572 0.019308 0.0274381 0.0368853 0.0470051 0.0567426 0.064893 0.0705384 0.0733351 0.0734702 0.0714127 0.0676904 0.0627859 0.0571078 0.050982 0.0446534 0.0383024 0.0320692 0.0260797 0.0204664 0.0153763 0.0109605 0.00734296 0.00458027
 0.00779028 0.0127126 0.019239 0.0273377 0.0367478 0.0468279 0.0565289 0.0646532 0.0702897 0.0730991 0.0732697 0.0712681 0.0676165 0.0627901 0.0571889 0.0511311 0.0448559 0.0385399 0.0323214 0.0263268 0.020691 0.0155659 0.0111086 0.00744946 0.00465034
 0.00775254 0.01265 0.0191427 0.0271992 0.0365611 0.046593 0.0562547 0.0643583 0.0699988 0.0728382 0.0730611 0.0711284 0.0675562 0.0628133 0.0572937 0.051309 0.0450927 0.0388165 0.0326159 0.0266169 0.0209565 0.0157916 0.0112862 0.00757801 0.00473554
 0.00774124 0.012628 0.0191026 0.0271318 0.0364567 0.0464453 0.0560635 0.0641316 0.069752 0.0725916 0.0728371 0.0709478 0.0674359 0.0627647 0.0573212 0.0514105 0.0452597 0.0390344 0.0328655 0.0268761 0.0212036 0.0160083 0.0114611 0.00770727 0.00482266
 0.00933399 0.014861 0.0218048 0.0299234 0.0388592 0.0480567 0.0566979 0.0638462 0.0687683 0.0711801 0.0712323 0.0693172 0.0658854 0.0613565 0.0560896 0.0503712 0.0444149 0.038376 0.0323766 0.0265332 0.0209788 0.0158723 0.0113863 0.00767076 0.00480741
 0.00931334 0.0151225 0.0227189 0.0319499 0.0423485 0.0529798 0.0624746 0.0694384 0.073048 0.0733715 0.0711668 0.0673781 0.0627384 0.0576642 0.0523472 0.0468772 0.0413177 0.0357328 0.0301953 0.0247948 0.0196467 0.0148973 0.0107097 0.00722939 0.00453897
 0.00897299 0.0145875 0.0219693 0.0310367 0.0414465 0.0524239 0.0627198 0.0708977 0.0758455 0.0771588 0.0751648 0.0706711 0.0646546 0.0580076 0.0513698 0.0450681 0.0391716 0.0336153 0.0283166 0.0232444 0.0184395 0.0140075 0.0100909 0.00682574 0.00429388
 0.00878842 0.0142759 0.0214802 0.0303196 0.0404711 0.0512147 0.0613997 0.0697153 0.0751525 0.0773128 0.0763707 0.0728347 0.0673503 0.0606164 0.0533274 0.0460786 0.0392667 0.0330557 0.0274313 0.0223048 0.0176112 0.0133598 0.00962915 0.00652265 0.00411038
 0.0086936 0.0141186 0.0212365 0.0299628 0.0399739 0.050556 0.0605774 0.068764 0.0741636 0.0764478 0.0758492 0.0728787 0.0680878 0.0619875 0.0550624 0.0477845 0.0405857 0.0338012 0.0276246 0.0221106 0.0172329 0.0129588 0.00929574 0.0062853 0.00396074
 0.0086719 0.0140772 0.0211625 0.029839 0.0397814 0.0502781 0.0602033 0.0682924 0.0736062 0.0758359 0.0752463 0.0723891 0.0678463 0.0621184 0.0556149 0.0486824 0.0416338 0.034759 0.0283063 0.0224517 0.0172863 0.0128394 0.00911657 0.00612059 0.00384106
 0.00867572 0.0140809 0.021163 0.0298307 0.0397552 0.0502222 0.0601036 0.0681348 0.0733792 0.0755362 0.0748838 0.0719944 0.0674761 0.0618532 0.055541 0.048856 0.042044 0.0353158 0.0288718 0.0228988 0.0175502 0.0129298 0.0090915 0.00604657 0.00376546
 0.00867412 0.01408 0.0211644 0.0298364 0.0397665 0.0502369 0.0601154 0.068132 0.0733472 0.0754595 0.0747514 0.0718041 0.0672405 0.0616042 0.0553292 0.0487398 0.0420677 0.0354855 0.0291445 0.0231979 0.0177996 0.0130863 0.00915481 0.00604578 0.00373616
 0.00866415 0.0140653 0.0211454 0.0298147 0.0397448 0.0502188 0.0601039 0.0681289 0.0733505 0.0754627 0.0747431 0.071771 0.0671724 0.0615003 0.0552033 0.048621 0.0419932 0.0354855 0.0292265 0.0233396 0.0179587 0.0132206 0.00924078 0.00608352 0.0037411
 0.00866302 0.0140643 0.0211455 0.0298171 0.039751 0.0502298 0.0601199 0.0681488 0.0733723 0.0754834 0.0747582 0.0717744 0.0671567 0.0614592 0.0551356 0.0485346 0.041906 0.0354211 0.0292042 0.0233646 0.0180186 0.0132919 0.00930112 0.00612143 0.00375726
 0.00863686 0.0140243 0.0210901 0.0297471 0.0396695 0.0501427 0.0600356 0.0680773 0.0733234 0.0754638 0.0747695 0.0718122 0.0672121 0.0615203 0.0551907 0.0485756 0.0419319 0.0354387 0.029225 0.0233984 0.0180673 0.0133487 0.00935456 0.00616218 0.0037822
 0.0086383 0.0140232 0.0210822 0.0297267 0.0396313 0.0500843 0.05996 0.0679934 0.0732431 0.0753992 0.0747294 0.0718008 0.0672281 0.0615581 0.0552413 0.0486293 0.0419809 0.0354797 0.0292597 0.0234316 0.0181031 0.0133871 0.00939183 0.00619323 0.00380396
 0.00862917 0.0140119 0.0210714 0.0297201 0.039632 0.0500919 0.0599692 0.0679953 0.0732298 0.0753679 0.0746847 0.0717526 0.0671879 0.0615341 0.0552363 0.0486409 0.0420032 0.0355064 0.0292866 0.0234575 0.0181285 0.0134125 0.00941608 0.00621424 0.00381984
 0.00860013 0.0139669 0.021008 0.0296387 0.0395361 0.049989 0.0598706 0.0679137 0.0731757 0.0753449 0.0746894 0.0717773 0.067225 0.0615797 0.0552896 0.048702 0.0420705 0.0355764 0.0293546 0.0235195 0.0181823 0.0134573 0.00945203 0.00624155 0.00383906
 0.00860729 0.013974 0.0210105 0.0296296 0.0395082 0.0499382 0.0597985 0.0678285 0.0730899 0.0752719 0.0746394 0.0717544 0.0672276 0.061602 0.055325 0.0487453 0.0421188 0.0356276 0.0294065 0.0235695 0.0182276 0.013496 0.00948314 0.00626496 0.00385541
 0.00860729 0.013974 0.0210105 0.0296296 0.0395082 0.0499382 0.0597985 0.0678285 0.0730899 0.0752719 0.0746394 0.0717544 0.0672276 0.061602 0.055325 0.0487453 0.0421188 0.0356276 0.0294065 0.0235695 0.0182276 0.013496 0.00948314 0.00626496 0.00385541
 0.0088194 0.0143118 0.0215037 0.0302955 0.0403414 0.050899 0.0608044 0.0687615 0.0738227 0.0757041 0.0747246 0.0715073 0.0667093 0.0608983 0.0545248 0.0479261 0.0413399 0.0349288 0.0288105 0.0230846 0.0178518 0.0132194 0.00929108 0.00614007 0.00377999
 0.00859326 0.0139765 0.021061 0.0297727 0.0397896 0.0503858 0.0604044 0.0685426 0.073828 0.0759351 0.0751358 0.0720188 0.0672334 0.0613642 0.0548933 0.0481892 0.0415112 0.035032 0.0288694 0.0231183 0.0178726 0.0132342 0.00930256 0.00614912 0.00378674
 0.00857612 0.0139189 0.0209213 0.0294991 0.0393404 0.0497575 0.0596532 0.0677812 0.0731947 0.0755482 0.075057 0.0722407 0.0676898 0.0619567 0.0555203 0.0487699 0.0419981 0.0354101 0.029147 0.0233148 0.0180089 0.0133276 0.00936561 0.00619048 0.00381263
 0.00869053 0.0141012 0.0211854 0.0298474 0.0397532 0.0501836 0.0600101 0.0679743 0.0731547 0.0752681 0.0746041 0.0717308 0.0672398 0.0616414 0.0553555 0.0487236 0.0420167 0.0354446 0.0291675 0.0233122 0.0179884 0.0132995 0.00933874 0.00616966 0.00379885
 0.00910128 0.0147648 0.0221731 0.0312126 0.0415085 0.05227 0.0622706 0.0701572 0.0749606 0.0764278 0.0749531 0.0712514 0.066057 0.0599784 0.0534669 0.0468314 0.0402727 0.0339255 0.0278947 0.0222782 0.0171749 0.0126847 0.00889781 0.00587309 0.0036138
 0.00912441 0.014845 0.0223731 0.0316183 0.0422094 0.0533252 0.0636751 0.0718242 0.0767271 0.0780808 0.0762678 0.0720365 0.066199 0.0594724 0.0524181 0.0454234 0.0387141 0.0323983 0.0265241 0.0211279 0.0162616 0.0119962 0.00840639 0.00554356 0.00340819
 0.0088552 0.0144115 0.0217341 0.030754 0.0411441 0.0521534 0.062573 0.0710249 0.0764524 0.0784568 0.0772683 0.0734842 0.0678219 0.0609858 0.0536019 0.0461685 0.0390283 0.0323754 0.0262943 0.0208124 0.0159468 0.011729 0.00820321 0.00540237 0.00331805
 0.0088968 0.014439 0.0217009 0.0305914 0.0407789 0.0515384 0.0617185 0.070016 0.0754443 0.0776448 0.0768384 0.0735553 0.0683999 0.0619533 0.0547527 0.0472759 0.0399153 0.0329573 0.0265804 0.0208747 0.0158777 0.0116083 0.00808284 0.0053067 0.00325249
 0.00858404 0.0139478 0.0209937 0.0296449 0.039588 0.050123 0.0601341 0.0683622 0.0738634 0.0763085 0.0759243 0.0732152 0.0687228 0.0629314 0.0562667 0.0491131 0.0418213 0.0347026 0.0280129 0.0219398 0.016602 0.0120633 0.00834991 0.00545463 0.00333029
 0.00874996 0.0141714 0.0212441 0.0298623 0.0396968 0.0500536 0.059842 0.0678361 0.0731232 0.0754024 0.0749308 0.072246 0.0679156 0.0624245 0.0561589 0.0494252 0.0424808 0.0355635 0.0289056 0.0227246 0.0172023 0.0124684 0.00859301 0.00558532 0.00339362
 0.00877492 0.0142386 0.0213911 0.0301316 0.0401136 0.0505973 0.0604282 0.0683282 0.0733763 0.0753167 0.0744866 0.0715062 0.0670031 0.0614917 0.0553574 0.0488763 0.0422473 0.0356334 0.0291986 0.0231242 0.0175985 0.0127892 0.00881359 0.00571622 0.00346116
 0.0088074 0.0142927 0.0214767 0.0302624 0.0403092 0.0508805 0.0608167 0.0688176 0.0739217 0.0758268 0.0748408 0.0715946 0.0667714 0.0609672 0.0546429 0.0481166 0.0415843 0.0351658 0.0289592 0.023082 0.0176824 0.012922 0.00893838 0.00580635 0.00351441
 0.00902068 0.0146375 0.0219901 0.0309725 0.0412236 0.0519722 0.0620134 0.0700074 0.0749769 0.0766338 0.0753185 0.0716961 0.0664792 0.0602956 0.053649 0.0469062 0.0402995 0.0339545 0.0279384 0.0223114 0.0171606 0.0126034 0.0087605 0.00571292 0.00346623
 0.00893177 0.0145233 0.0218752 0.0309014 0.041252 0.0521511 0.0623725 0.0705446 0.0756549 0.0773842 0.0760533 0.0723218 0.0669132 0.060479 0.053556 0.0465505 0.0397372 0.0332767 0.0272508 0.0217058 0.0166922 0.0122835 0.0085667 0.00560788 0.00341445
 0.00882895 0.0143424 0.0215806 0.0304601 0.0406519 0.0514244 0.0616113 0.0698891 0.0752542 0.0773434 0.0763959 0.072985 0.0677721 0.0613847 0.0543714 0.0471765 0.0401271 0.0334381 0.0272354 0.0215883 0.0165448 0.0121564 0.008481 0.00556174 0.00339519
#pred catch len freq
 0.00312783 0.00509874 0.00773309 0.0110874 0.0152067 0.0200722 0.0255419 0.0313476 0.0371525 0.0426218 0.0474705 0.0514977 0.0546113 0.0568302 0.0582566 0.0590432 0.0593688 0.0594047 0.0592338 0.0587193 0.0573982 0.0545456 0.0494958 0.042104 0.0330307
