SBPRF35
10.3889
Curr Bio
653202
B35
752382
F35
0.184132
FOFL
0.169289
OFL
94837.2
Bzero
2.96827e+006
#pred survey bio
 4.07944e+006 3.88361e+006 3.70419e+006 3.48319e+006 3.22319e+006 2.91276e+006 2.6508e+006 2.36299e+006 2.11964e+006 1.89558e+006 1.64765e+006 1.46298e+006 1.32004e+006 1.18601e+006 1.05387e+006 928605 831606 746925 703815 665830 632648 611364 591586 576893 563215 553985 559481 556949 556598 549952 548030 557232 552363 547399 545886 533321 522570 521951 512188 522594 529626 534819 535965 544309 553630 556887 558136 557113 553603 555954 563038 538536 548257 555536 546957 538662 553847 617091 632269 628858 580681 531734 544895 609520 679577 681380 631526 607239 659356 2.45167e+007 1.48344e+007 1.51619e+007 1.59412e+007 1.69973e+007 1.81328e+007 1.92073e+007 2.01458e+007 2.09225e+007 2.15421e+007 2.2024e+007 2.23923e+007 2.26706e+007 2.28796e+007 2.30359e+007 2.31528e+007 2.32403e+007 2.3306e+007 2.33555e+007 2.33931e+007 2.34216e+007 2.34435e+007 2.34602e+007 2.34732e+007 2.34833e+007 2.34911e+007 2.34972e+007 2.3502e+007 2.35058e+007 2.35087e+007 2.35111e+007 2.35129e+007 2.35144e+007 2.35156e+007 2.35165e+007 2.35172e+007 2.35178e+007 2.35183e+007 2.35187e+007 2.3519e+007 2.35192e+007 2.35194e+007 2.35196e+007 2.35197e+007 2.35198e+007 2.35199e+007 2.35199e+007 2.352e+007 2.352e+007 2.35201e+007 2.35201e+007 2.35201e+007 2.35201e+007 2.35201e+007 2.35201e+007 2.35201e+007 2.35202e+007 2.35202e+007 2.35202e+007 2.35202e+007 2.35202e+007 2.35202e+007 2.35202e+007 2.35202e+007 2.35202e+007 2.35202e+007 2.35202e+007 2.35202e+007 2.35202e+007 2.35202e+007 2.35202e+007 2.35202e+007 2.35202e+007 2.35202e+007 2.35202e+007 2.35202e+007 2.35202e+007 2.35202e+007 2.35202e+007 2.35202e+007 2.35202e+007 2.35202e+007 2.35202e+007 2.35202e+007 2.35202e+007 2.35202e+007 2.35202e+007 2.35202e+007 2.35202e+007 2.35202e+007 2.35202e+007 2.35202e+007 2.35202e+007 2.35202e+007 2.35202e+007 2.35202e+007 2.35202e+007 2.35202e+007 2.35202e+007 2.35202e+007 0 0 0 0 0 0 0 0 0 0 0 0 0 0 0 0 0 0 0 0 0 0 0 0 0
#obs survey bio
 4.19834e+006 3.44868e+006 3.02505e+006 2.70188e+006 1.89573e+006 2.95277e+006 1.78471e+006 1.99102e+006 1.39957e+006 1.50274e+006 1.06613e+006 1.82732e+006 1.44523e+006 992560 1.12918e+006 1.10082e+006 964446 624971 655711 711527 540096 527542 505095 486770 345052 531711 491338 509478 574236 683491 739617 515327 428333 560312 609215 575280 712939 486268 470507 631573 544591 705136 550911 672137 434719 740964 576011 584856 620086 644648 567286 697490 413975 548178 559374 556958 595980 521313 677573 825633 598292 606503 470048 590307 978032 827243 572149 759716 734456
#pred catch bio
 99757.9 93984.1 145498 199757 269178 249665 297248 279831 283517 322382 278727 250870 248248 247544 238695 209524 193714 154090 146755 139694 127834 125427 119694 117225 111852 98611.3 104551 101209 104393 97930.4 86818.3 96797.5 94436.7 89203.2 95630.9 92340.5 85706.9 96677.1 82007.6 86229.5 87725 90529.2 84217.4 83779.1 88973.9 90446.2 92279 94076.3 88923.2 85635.7 112324 83453.9 86800 100423 100492 82675.5 46589.1 89304.2 103569 138878 136540 84837.9 46673.6 46814.2 104659 145595 122744 61500.2 73217.3 94837.2 103202 104379 108537 115134 122465 129379 135319 140119 143832 146613 148646 150105 151137 151858 152357 152701 152935 153095 153203 153276 153326 153359 153381 153396 153406 153413 153417 153420 153422 153423 153424 153425 153425 153425 153426 153426 153426 153426 153426 153426 153426 153426 153426 153426 153426 153426 153426 153426 153426 153426 153426 153426 153426 153426 153426 153426 153426 153426 153426 153426 153426 153426 153426 153426 153426 153426 153426 153426 153426 153426 153426 153426 153426 153426 153426 153426 153426 153426 153426 153426 153426 153426 153426 153426 153426 153426 153426 153426 153426 153426 153426 153426 153426 153426 153426 153426 153426 153426 153426 0 0 0 0 0 0 0 0 0 0 0 0 0 0 0 0 0 0 0 0 0 0 0 0 0
#obs catch bio
 0 93621.2 145442 199688 270870 250590 300743 281753 286664 330642 286114 256278 254307 253664 244196 212578 195774 155665 148403 140722 129110 127623 121864 119287 114322 99991.6 106133 102588 105786 98979.2 87175 97534.8 94779.7 89582.8 96556.2 92792.2 85247.6 96523 81878.7 86084 87315.6 89943.8 83659.8 83159.9 88619.7 89365.6 91595 93596.1 88222 84598.5 111809 82779.2 86307.6 99832.7 100201 83131 46260.3 89954.5 103282 138051 135730 84592.6 46489.4 46512.7 104530 145012 122791 61080.3 73280.9
#pred cpue bio
 4.02765e+006 3.83463e+006 3.65699e+006 3.43653e+006 3.17695e+006 2.86732e+006 2.60592e+006 2.31924e+006 2.07651e+006 1.85287e+006 1.60631e+006 1.42284e+006 1.28107e+006 1.14856e+006 1.0184e+006 895475 800553 717826 675753 638859 606536 585566 566151 551925 538758 529943 535528 533342 533320 527262 525845 535272 530935 526377 525301 513557 502836 501103 490634 500636 507883 513314 514625 522817 531947 535221 536472 535407 531995 534334 541132 516950 526225 533432 525024 516482 530880 592838 608435 605329 557861 509311 521555 584933 654461 656851 607421 582519 633186 2.36198e+007 1.43258e+007 1.4554e+007 1.52099e+007 1.62216e+007 1.73463e+007 1.84186e+007 1.93566e+007 2.01333e+007 2.07529e+007 2.12348e+007 2.16031e+007 2.18814e+007 2.20903e+007 2.22466e+007 2.23635e+007 2.2451e+007 2.25168e+007 2.25663e+007 2.26038e+007 2.26324e+007 2.26542e+007 2.2671e+007 2.2684e+007 2.2694e+007 2.27019e+007 2.2708e+007 2.27128e+007 2.27165e+007 2.27195e+007 2.27218e+007 2.27237e+007 2.27252e+007 2.27263e+007 2.27273e+007 2.2728e+007 2.27286e+007 2.27291e+007 2.27295e+007 2.27298e+007 2.273e+007 2.27302e+007 2.27303e+007 2.27305e+007 2.27306e+007 2.27306e+007 2.27307e+007 2.27308e+007 2.27308e+007 2.27308e+007 2.27309e+007 2.27309e+007 2.27309e+007 2.27309e+007 2.27309e+007 2.27309e+007 2.27309e+007 2.27309e+007 2.27309e+007 2.27309e+007 2.27309e+007 2.27309e+007 2.2731e+007 2.2731e+007 2.2731e+007 2.2731e+007 2.2731e+007 2.2731e+007 2.2731e+007 2.2731e+007 2.2731e+007 2.2731e+007 2.2731e+007 2.2731e+007 2.2731e+007 2.2731e+007 2.2731e+007 2.2731e+007 2.2731e+007 2.2731e+007 2.2731e+007 2.2731e+007 2.2731e+007 2.2731e+007 2.2731e+007 2.2731e+007 2.2731e+007 2.2731e+007 2.2731e+007 2.2731e+007 2.2731e+007 2.2731e+007 2.2731e+007 2.2731e+007 2.2731e+007 2.2731e+007 2.2731e+007 2.2731e+007 2.2731e+007 2.2731e+007 0 0 0 0 0 0 0 0 0 0 0 0 0 0 0 0 0 0 0 0 0 0 0 0 0
#obs cpue bio
 3.37297e+006 4.47074e+006 6.48726e+006 3.14118e+006 2.64987e+006 1.90731e+006 2.5204e+006 3.37824e+006 1.88227e+006 974332 1.30397e+006 1.13041e+006 829907 1.13408e+006 853207 846715 781161 588675 623542 663615 480968 362198 466559 529226 487726 544471 549348 466477 485009 402342 450167 519932 801624 411211 336453 596608 718097 536049 423402 495677 641640 521755 529093 508506 582864 848308 410558 489192 643306 645203 467557 412678 696220 645792 454429 294485 439590 690274 880129 703652 627386 412038 425388 686901 674168 621168 575125 423396 538021
#pred surv len freq
 0.00410281 0.00679688 0.0104837 0.0152286 0.0209619 0.0273791 0.0339248 0.0399464 0.0449419 0.0487154 0.0513471 0.0530537 0.054067 0.0545789 0.0547332 0.0546364 0.0543754 0.0540177 0.0535615 0.0528326 0.051398 0.0486207 0.0439351 0.0372376 0.0291239
 0.00432188 0.00706909 0.0107418 0.0153671 0.0208773 0.0270263 0.033355 0.0392957 0.0443702 0.0483345 0.0511824 0.0530594 0.0541761 0.0547529 0.0549815 0.0549999 0.0548855 0.0546536 0.0542291 0.0533828 0.0516816 0.0485562 0.0435489 0.0366522 0.0284991
 0.00452397 0.00741483 0.0112866 0.016154 0.0219041 0.0282096 0.0345177 0.0402081 0.0448403 0.0482977 0.050728 0.0523745 0.0534498 0.0541073 0.0544645 0.0546183 0.054636 0.0545229 0.0541726 0.0533123 0.0514867 0.0481557 0.0429389 0.0359143 0.0277615
 0.00474394 0.00776982 0.0118178 0.0169023 0.0229061 0.029485 0.0360462 0.0419018 0.0465306 0.0497554 0.0517246 0.0527635 0.053223 0.0533902 0.0534527 0.0534997 0.0535407 0.0535117 0.0532472 0.0524302 0.0505847 0.0471846 0.0419003 0.0348721 0.0268159
 0.00496424 0.00813564 0.0123824 0.0177194 0.0240191 0.0309099 0.0377557 0.04382 0.0485402 0.0517094 0.0534537 0.0540855 0.0539721 0.0534649 0.0528585 0.052353 0.0520254 0.0518133 0.0515005 0.0507027 0.0488946 0.0455388 0.0403296 0.0334426 0.0256087
 0.00522469 0.00856175 0.0130292 0.0186411 0.0252604 0.0324905 0.0396538 0.0459631 0.0508116 0.0539655 0.0555411 0.0558504 0.0552644 0.0541484 0.0528349 0.0515943 0.0505945 0.0498545 0.0491986 0.0482355 0.0464063 0.0431435 0.0381288 0.0315335 0.0240697
 0.0054456 0.00892283 0.0135768 0.0194213 0.0263122 0.0338348 0.0412806 0.0478248 0.0528281 0.0560354 0.0575519 0.0576824 0.056791 0.0552378 0.0533595 0.0514512 0.0497345 0.048307 0.0470774 0.0457189 0.0437028 0.04046 0.0356501 0.0294066 0.0223866
 0.00580028 0.00948347 0.0143909 0.0205228 0.0277163 0.0355309 0.0432231 0.0499309 0.0549887 0.058135 0.0594861 0.0593633 0.0581416 0.0561818 0.0538132 0.0513258 0.0489525 0.0468311 0.0449418 0.0430473 0.0407006 0.0373838 0.0327602 0.0269184 0.0204303
 0.00614065 0.0100352 0.0152171 0.0216784 0.0292342 0.0374028 0.045382 0.0522516 0.0573118 0.060306 0.0613849 0.0609135 0.0592999 0.056919 0.0540965 0.0511073 0.0481719 0.0454347 0.0429165 0.0404573 0.0377084 0.0342373 0.0297457 0.0242917 0.0183558
 0.0063567 0.0104121 0.0158317 0.0226176 0.0305751 0.0391809 0.047561 0.0547135 0.0598768 0.0627721 0.0635683 0.0626759 0.0605584 0.0576404 0.0542789 0.0507565 0.0472826 0.0439894 0.0409076 0.0379252 0.0347781 0.0311265 0.0267308 0.0216382 0.0162457
 0.0066341 0.0108666 0.0165234 0.023608 0.0319188 0.0409103 0.0496659 0.0571253 0.0624666 0.0653638 0.0659632 0.0646828 0.0620241 0.0584713 0.0544446 0.0502746 0.0461924 0.0423314 0.0387218 0.0352745 0.0317823 0.0279827 0.0236942 0.0189634 0.0141139
 0.00684984 0.0112156 0.017046 0.0243423 0.0328961 0.0421471 0.0511546 0.0588298 0.0643249 0.0672944 0.0678681 0.066447 0.0635188 0.0595664 0.0550301 0.0502791 0.0455902 0.0411365 0.0369798 0.0330645 0.0292305 0.0252731 0.0210554 0.016623 0.012237
 0.00700003 0.0114652 0.0174318 0.0249016 0.0336596 0.0431271 0.0523346 0.0601626 0.0657439 0.0687303 0.0692606 0.0677436 0.0646647 0.0604941 0.0556565 0.050515 0.0453587 0.0403916 0.0357206 0.0313439 0.0271609 0.0230247 0.0188363 0.0146375 0.0106347
 0.00711875 0.0116714 0.0177665 0.025411 0.0343845 0.0440865 0.05351 0.0614933 0.0671382 0.0700873 0.0704915 0.0687855 0.0654814 0.0610675 0.0559715 0.0505456 0.0450644 0.0397277 0.03466 0.0299021 0.0254136 0.02111 0.0169339 0.0129276 0.00925032
 0.0072213 0.0118524 0.0180657 0.0258749 0.0350574 0.0449944 0.054644 0.0628022 0.0685336 0.0714598 0.0717304 0.0697969 0.0662025 0.0614713 0.0560613 0.0503396 0.0445776 0.038963 0.0336141 0.0285859 0.0238768 0.0194531 0.0152982 0.0114605 0.00806296
 0.00738316 0.0121115 0.0184485 0.0264049 0.0357524 0.0458617 0.055673 0.0639582 0.0697568 0.0726706 0.0728386 0.0707139 0.0668544 0.0618104 0.056072 0.050035 0.043988 0.0381224 0.0325529 0.0273361 0.022487 0.0180023 0.0138932 0.0102136 0.00705949
 0.0075346 0.0123503 0.018794 0.02687 0.0363412 0.0465665 0.056472 0.0648155 0.0706285 0.0735124 0.0736105 0.0713779 0.0673707 0.0621381 0.0561745 0.0498893 0.0435904 0.0374875 0.0317095 0.0263243 0.0213607 0.016833 0.0127678 0.00921939 0.00626128
 0.00773731 0.0126682 0.0192503 0.0274765 0.0370946 0.047444 0.0574269 0.0657794 0.0715241 0.0742714 0.0741886 0.0717584 0.0675573 0.0621425 0.0560064 0.0495524 0.0430851 0.0368183 0.030891 0.025386 0.0203486 0.0158092 0.0118035 0.00838211 0.00559777
 0.00775936 0.0127057 0.0193102 0.0275672 0.0372258 0.0476251 0.0576648 0.0660768 0.0718768 0.0746678 0.0746094 0.0721784 0.067948 0.0624749 0.0562527 0.0496869 0.0430852 0.0366673 0.0305835 0.0249334 0.0197832 0.0151821 0.0111775 0.00781803 0.00513998
 0.00790426 0.0129146 0.0195751 0.0278645 0.0375235 0.0478951 0.0578924 0.0662624 0.0720315 0.0748059 0.0747426 0.0723119 0.0680793 0.0625939 0.0563431 0.0497283 0.0430558 0.0365472 0.0303597 0.0246054 0.0193678 0.0147142 0.0107045 0.007388 0.00478905
 0.0081148 0.0132392 0.0200291 0.0284454 0.0382066 0.0486307 0.0586065 0.0668678 0.0724508 0.0749974 0.0747135 0.0721109 0.0677731 0.062243 0.0559876 0.0493845 0.0427212 0.0362085 0.0300009 0.0242165 0.0189506 0.0142856 0.0102928 0.00702486 0.00449812
 0.00814017 0.0133021 0.0201626 0.0286915 0.0386023 0.0491874 0.0592934 0.0676097 0.0731453 0.075544 0.0750414 0.0721948 0.0676344 0.0619369 0.0555828 0.0489428 0.0422837 0.0357925 0.0296061 0.023835 0.0185776 0.0139256 0.00995996 0.00673735 0.00427047
 0.00811802 0.0132734 0.0201346 0.0286796 0.0386313 0.0492902 0.0595047 0.0679537 0.0736194 0.0761072 0.0756158 0.0726856 0.0679599 0.0620548 0.0554987 0.0487004 0.0419437 0.0354109 0.0292217 0.0234676 0.0182352 0.0136128 0.0096836 0.00650614 0.00409106
 0.0081261 0.0132771 0.0201236 0.0286402 0.0385531 0.0491749 0.0593735 0.0678474 0.0735888 0.0761956 0.075841 0.073028 0.0683634 0.0624423 0.0557972 0.0488641 0.0419644 0.0353126 0.029044 0.0232499 0.0180071 0.013394 0.00948723 0.00634126 0.00396296
 0.00812168 0.0132751 0.0201292 0.0286595 0.0385886 0.0492212 0.0594159 0.0678672 0.073575 0.0761562 0.0758047 0.0730328 0.0684378 0.062588 0.0559853 0.0490459 0.0420919 0.0353568 0.0290022 0.0231405 0.0178585 0.0132336 0.00933611 0.00621282 0.00386358
 0.00811655 0.0132615 0.0200995 0.0286052 0.0385041 0.0491089 0.059289 0.0677463 0.07348 0.0760983 0.0757853 0.0730502 0.0684936 0.062688 0.0561312 0.0492266 0.0422807 0.0355196 0.029111 0.0231838 0.0178428 0.0131775 0.00926151 0.00613822 0.00380072
 0.0080229 0.0131099 0.0198731 0.02829 0.0380939 0.0486118 0.0587338 0.0671841 0.0729768 0.0757203 0.0755826 0.0730453 0.068679 0.063032 0.0565888 0.0497488 0.0428198 0.0360311 0.0295569 0.0235379 0.0180956 0.0133367 0.00934674 0.00617367 0.00380831
 0.00794545 0.0129959 0.0197232 0.0281109 0.0378947 0.0483985 0.0585066 0.0669403 0.0727177 0.0754583 0.0753442 0.0728666 0.0685953 0.0630665 0.0567451 0.0500099 0.0431531 0.036396 0.0299126 0.0238501 0.0183422 0.0135104 0.00945411 0.00623029 0.00383219
 0.00782308 0.0128049 0.0194515 0.0277553 0.037464 0.0479168 0.0580137 0.0664865 0.0723506 0.0752089 0.0752201 0.072858 0.0686874 0.0632488 0.0570122 0.0503548 0.0435601 0.0368381 0.0303547 0.0242564 0.0186843 0.013773 0.00963675 0.00634446 0.00389575
 0.00775263 0.0126916 0.0192836 0.0275234 0.0371639 0.0475534 0.0576055 0.0660662 0.0719606 0.0748917 0.0750083 0.072767 0.0687147 0.0633795 0.0572268 0.0506357 0.0438919 0.0372041 0.0307333 0.0246211 0.0190084 0.0140367 0.0098317 0.00647465 0.0039738
 0.00771064 0.0126123 0.0191444 0.0272977 0.0368289 0.0471022 0.0570572 0.0654672 0.0713756 0.0743879 0.0746408 0.0725704 0.0687004 0.0635367 0.0575274 0.0510417 0.0443634 0.0377046 0.0312306 0.025087 0.0194185 0.014373 0.0100862 0.00665081 0.00408446
 0.00759064 0.0124208 0.0188626 0.0269102 0.0363261 0.0464847 0.0563425 0.0646945 0.0706056 0.0736954 0.0741024 0.0722497 0.0686347 0.06373 0.0579509 0.0516422 0.0450758 0.0384629 0.0319765 0.0257738 0.0200127 0.0148547 0.0104499 0.0069044 0.0042464
 0.00759442 0.0124215 0.0188531 0.0268792 0.0362595 0.0463675 0.0561616 0.0644414 0.0702785 0.0733034 0.0736693 0.0718165 0.0682557 0.0634619 0.0578384 0.0517051 0.0453037 0.0388199 0.0324113 0.0262319 0.0204463 0.0152289 0.0107456 0.00711811 0.00438704
 0.0074655 0.0122394 0.0186296 0.0266413 0.0360402 0.0461919 0.0560356 0.0643508 0.0701977 0.0732066 0.073541 0.0716557 0.0680778 0.0632971 0.0577256 0.0516824 0.0453963 0.0390307 0.0327188 0.0265964 0.0208209 0.0155718 0.0110284 0.00732905 0.00452939
 0.00731944 0.0120008 0.0182707 0.0261423 0.0354009 0.0454457 0.0552571 0.0636443 0.0696658 0.0729137 0.0734923 0.0718053 0.0683564 0.0636415 0.0580972 0.0520694 0.0458046 0.0394692 0.0331872 0.0270784 0.0212873 0.0159895 0.0113714 0.00758577 0.00470372
 0.00781202 0.0126819 0.0190741 0.0269305 0.0360022 0.0457154 0.0551297 0.063151 0.0689146 0.0720495 0.072656 0.0711017 0.0678369 0.0633058 0.0579117 0.0519919 0.0458041 0.0395312 0.0333068 0.027249 0.0214931 0.0162058 0.0115717 0.00775004 0.00482337
 0.00841142 0.0136222 0.0204171 0.0286881 0.0381082 0.0479984 0.0573064 0.0648712 0.0698634 0.0720637 0.0717854 0.0695778 0.0659732 0.0613909 0.0561441 0.0504696 0.0445509 0.0385329 0.0325381 0.0266844 0.0211058 0.0159644 0.0114394 0.00768965 0.00480333
 0.00839184 0.01368 0.020668 0.0292908 0.0392173 0.04969 0.059511 0.0673531 0.0722637 0.0739913 0.0729217 0.0697608 0.0652347 0.0599331 0.0542646 0.0484681 0.042658 0.0368845 0.0311879 0.0256336 0.0203284 0.0154212 0.0110849 0.00747596 0.00468561
 0.00817966 0.0133825 0.0203141 0.0289525 0.0390102 0.0497608 0.0600106 0.0683908 0.0738492 0.0759866 0.0750397 0.0716297 0.0665105 0.0604082 0.053924 0.0474717 0.0412654 0.0353652 0.0297535 0.0244115 0.0193688 0.0147204 0.0106083 0.00717534 0.00451092
 0.00791512 0.0129466 0.0196516 0.0280215 0.037807 0.0483536 0.0585644 0.0671586 0.0731157 0.0759802 0.0758475 0.0731525 0.0684771 0.0624497 0.055683 0.0487057 0.0419015 0.0354861 0.0295326 0.0240344 0.0189785 0.0143972 0.0103783 0.00703107 0.00443046
 0.00783244 0.0127973 0.0193986 0.0276185 0.0372076 0.0475277 0.0575203 0.0659631 0.0719031 0.0749425 0.0751995 0.0730726 0.0690408 0.0635852 0.0571769 0.0502668 0.0432562 0.0364623 0.0300933 0.0242532 0.0189813 0.014304 0.0102707 0.0069474 0.00437862
 0.00782251 0.0127745 0.0193507 0.0275265 0.0370457 0.0472653 0.0571271 0.065418 0.0712077 0.0741371 0.0743746 0.0723659 0.0686097 0.0635576 0.0575971 0.0510641 0.0442609 0.0374648 0.0309201 0.0248186 0.0192927 0.0144288 0.0102906 0.00692662 0.00435277
 0.00787457 0.0128509 0.0194497 0.0276396 0.0371572 0.0473532 0.0571637 0.0653711 0.0710449 0.0738343 0.0739291 0.0718101 0.0680189 0.0630422 0.0572751 0.0510182 0.0445003 0.037916 0.0314551 0.0253086 0.019655 0.0146442 0.0103879 0.00695254 0.0043478
 0.00784864 0.0128123 0.0193981 0.0275768 0.0370856 0.0472746 0.0570777 0.0652747 0.0709323 0.0736974 0.0737584 0.0715991 0.0677718 0.0627834 0.0570532 0.0508967 0.0445337 0.0381209 0.031796 0.0257092 0.0200312 0.0149371 0.0105792 0.00705708 0.00439484
 0.00776626 0.0126889 0.0192323 0.0273747 0.0368602 0.047043 0.0568586 0.0650863 0.0707887 0.0736045 0.0737115 0.0715842 0.0677706 0.062782 0.0570503 0.0509094 0.0445927 0.0382561 0.0320178 0.0259972 0.0203398 0.0152161 0.0107942 0.00719918 0.00447559
 0.00779084 0.0127152 0.0192473 0.0273591 0.0367951 0.04692 0.0566868 0.0648912 0.070603 0.0734555 0.0736124 0.0715325 0.067753 0.0627814 0.0570538 0.0509136 0.044607 0.0382989 0.0321063 0.026136 0.0205147 0.0153986 0.0109549 0.00731979 0.00455318
 0.00782261 0.012768 0.0193276 0.0274706 0.0369344 0.0470716 0.0568221 0.0649751 0.0706072 0.0733723 0.073459 0.0713427 0.0675619 0.0626125 0.0569156 0.0508048 0.0445247 0.0382453 0.032088 0.0261585 0.0205754 0.0154842 0.0110461 0.00739893 0.0046108
 0.0077703 0.0127018 0.0192629 0.0274334 0.0369538 0.0471682 0.056997 0.0652057 0.0708519 0.0735819 0.0735915 0.0713752 0.0674969 0.0624741 0.0567384 0.0506213 0.0443581 0.0381089 0.0319892 0.0261005 0.020557 0.0154983 0.0110799 0.00743848 0.00464529
 0.00779945 0.0127344 0.0192857 0.0274286 0.0369081 0.0470848 0.0569023 0.0651427 0.0708613 0.0736801 0.0737597 0.0715669 0.067658 0.0625649 0.0567455 0.0505571 0.0442503 0.0379878 0.0318794 0.0260174 0.0205064 0.0154783 0.0110829 0.00745405 0.00466395
 0.00790079 0.0128763 0.0194565 0.0276009 0.0370446 0.0471487 0.0568693 0.0650102 0.0706528 0.0734424 0.0735499 0.071432 0.0676163 0.0626007 0.0568199 0.0506289 0.0442932 0.0379965 0.0318642 0.0259944 0.0204892 0.0154734 0.0110901 0.0074686 0.00468021
 0.00790287 0.0128928 0.019504 0.0276991 0.0372063 0.0473666 0.057108 0.0652118 0.0707578 0.0734154 0.0733967 0.0711976 0.0673654 0.0623912 0.0566834 0.0505644 0.0442773 0.0380004 0.0318676 0.0259906 0.0204813 0.0154675 0.0110898 0.00747384 0.00468832
 0.00803066 0.0131144 0.0198621 0.0282395 0.0379636 0.048343 0.0582531 0.0664168 0.0718719 0.0742798 0.073884 0.0712434 0.0669837 0.061667 0.0557451 0.0495461 0.0432863 0.0371036 0.0310955 0.0253506 0.0199705 0.0150783 0.0108103 0.0072871 0.0045735
 0.00788512 0.0128826 0.0195255 0.0277921 0.0374235 0.0477641 0.0577285 0.0660638 0.0717947 0.0745259 0.074418 0.071955 0.0677264 0.0623078 0.0562021 0.0498018 0.0433747 0.0370824 0.0310203 0.0252607 0.0198873 0.0150106 0.0107602 0.00725348 0.00455329
 0.00792743 0.0129227 0.0195327 0.0277208 0.0372255 0.04741 0.0572279 0.0654747 0.0712154 0.0740721 0.0741908 0.0720088 0.0680479 0.0628181 0.0567842 0.0503411 0.0437948 0.0373586 0.0311701 0.0253224 0.0198995 0.0150015 0.0107461 0.00724144 0.00454533
 0.00818119 0.0133129 0.0200755 0.0284087 0.0380207 0.0482394 0.0579851 0.066036 0.0714751 0.0739833 0.0737887 0.0714009 0.0673738 0.0621997 0.0562888 0.0499733 0.0435149 0.0371155 0.0309294 0.0250766 0.0196619 0.0147919 0.0105789 0.00712096 0.00446679
 0.00826087 0.0134697 0.0203603 0.0288809 0.0387283 0.0491883 0.0591139 0.0672131 0.0725262 0.0747389 0.0741312 0.0712946 0.0668701 0.0614178 0.0553768 0.049064 0.0426943 0.0364159 0.0303449 0.0245878 0.0192543 0.0144606 0.0103233 0.00693768 0.0043463
 0.00799141 0.0130681 0.0198268 0.0282479 0.0380616 0.0485825 0.0586803 0.0670574 0.0727137 0.0752612 0.0748948 0.0721462 0.0676486 0.0620062 0.0557321 0.0492129 0.0427035 0.0363558 0.0302645 0.0245093 0.019182 0.0143938 0.0102632 0.00688764 0.00430894
 0.00749448 0.0122613 0.0186197 0.0265718 0.0359009 0.0460167 0.0559168 0.0644219 0.070583 0.0739601 0.0746053 0.0728644 0.0692002 0.064107 0.0580681 0.0515145 0.04479 0.0381407 0.0317309 0.0256764 0.020081 0.0150581 0.0107285 0.00719311 0.00449515
 0.00758893 0.0123724 0.0187059 0.0265607 0.0356996 0.0455342 0.0550925 0.0632538 0.0691495 0.0724256 0.0731984 0.0718257 0.0687123 0.0642373 0.0587513 0.052583 0.0460354 0.0393762 0.0328302 0.0265797 0.0207786 0.0155686 0.0110822 0.00742332 0.00463463
 0.00776892 0.0126662 0.0191461 0.0271673 0.0364618 0.0463884 0.0559097 0.0638537 0.0693487 0.0721041 0.0723532 0.0705858 0.0673071 0.0629296 0.0577597 0.0520225 0.0458989 0.0395616 0.0331945 0.0269925 0.0211525 0.0158628 0.0112906 0.00755848 0.0047152
 0.00817041 0.0133141 0.0201103 0.0285034 0.0381926 0.0484761 0.058228 0.0661805 0.0713931 0.073565 0.0729899 0.0702794 0.0660972 0.0610126 0.0554429 0.0496438 0.0437413 0.0377949 0.0318647 0.0260533 0.0205153 0.0154388 0.0110114 0.00737789 0.00460279
 0.00844271 0.0137725 0.0208284 0.0295573 0.0396414 0.0503318 0.0604262 0.068569 0.073749 0.0756318 0.0745186 0.0710661 0.0660183 0.0600566 0.0537273 0.0474019 0.0412723 0.0353922 0.0297502 0.0243438 0.0192285 0.0145266 0.0103975 0.00698498 0.00436475
 0.00806579 0.0132032 0.0200567 0.0286145 0.0386061 0.0493312 0.0596291 0.068161 0.073885 0.0763779 0.0758131 0.0727206 0.0677607 0.0615999 0.0548421 0.0479713 0.0413134 0.0350345 0.0291795 0.0237367 0.0187055 0.0141386 0.0101418 0.00683189 0.0042799
 0.00752603 0.0123153 0.0187074 0.0267081 0.0361057 0.0463139 0.0563303 0.0649686 0.0712625 0.0747445 0.0754315 0.0736354 0.0697971 0.0644128 0.0579996 0.051054 0.0440028 0.0371638 0.0307331 0.0248046 0.019419 0.0146171 0.0104679 0.00705371 0.00442522
 0.00736906 0.0120085 0.0181488 0.0257684 0.0346553 0.0442721 0.0537177 0.0619403 0.0681059 0.0718407 0.0731892 0.0724063 0.0697901 0.0656328 0.0602386 0.0539436 0.0471107 0.0401024 0.0332391 0.0267665 0.0208523 0.01561 0.0111284 0.00747753 0.00468568
 0.00777929 0.012639 0.0190233 0.0268669 0.0358975 0.0455031 0.0547084 0.0624201 0.0678381 0.0707167 0.0712967 0.0700325 0.0673533 0.0635675 0.0588737 0.0534163 0.0473472 0.0408693 0.034242 0.0277494 0.0216584 0.0161884 0.0115021 0.00770015 0.00481065
 0.00823607 0.0134099 0.0202308 0.0286284 0.0382812 0.0484648 0.0580363 0.0657311 0.0706452 0.0725483 0.0718194 0.0691378 0.0651885 0.0605053 0.0554218 0.0500878 0.0445333 0.038761 0.0328289 0.0268856 0.0211547 0.0158862 0.0113037 0.0075605 0.00471348
 0.00806735 0.013215 0.0200878 0.0286684 0.0386658 0.0493409 0.0594856 0.0677282 0.0730356 0.0750503 0.0740608 0.0707312 0.0658332 0.0600799 0.0540297 0.048029 0.0422113 0.0365602 0.0310121 0.0255532 0.0202697 0.0153397 0.0109785 0.00736783 0.0045987
 0.0071812 0.0118426 0.0181584 0.0261857 0.035734 0.0461896 0.0564782 0.065323 0.0716795 0.0750377 0.0754224 0.0732107 0.0689593 0.0633022 0.0568691 0.0501956 0.0436483 0.0374035 0.0314898 0.0258758 0.0205627 0.0156366 0.0112574 0.00759616 0.00476046
#obs surv len freq
 nan nan nan nan nan nan nan nan nan nan nan nan nan nan nan nan nan nan nan nan nan nan nan nan nan
 0.00448021 0.00733945 0.0111674 0.0159822 0.0216821 0.0279576 0.0342724 0.040005 0.0446862 0.048152 0.0505121 0.0520102 0.0529045 0.0534188 0.0537345 0.0539906 0.0542699 0.0545632 0.0547023 0.0542944 0.0527323 0.049364 0.0438129 0.0362918 0.0276741
 0.00461588 0.00756033 0.0115001 0.0164508 0.0223023 0.028728 0.0351654 0.0409639 0.0456331 0.0490024 0.0511905 0.0524617 0.0531008 0.0533583 0.0534387 0.0534961 0.0536198 0.0537997 0.0538643 0.0534183 0.0518567 0.0485317 0.0430682 0.0356723 0.0272007
 0.00477519 0.00782246 0.0119003 0.0170237 0.0230748 0.0297076 0.0363287 0.042252 0.046958 0.050262 0.0522846 0.0533037 0.0536258 0.0535287 0.0532473 0.0529645 0.0527922 0.0527346 0.0526268 0.0520782 0.0504883 0.0472147 0.0418818 0.0346819 0.0264423
 0.00496811 0.00813792 0.0123787 0.0177039 0.0239876 0.0308639 0.0377069 0.0437926 0.0485699 0.0518369 0.0537123 0.0544825 0.0544689 0.0539703 0.0532476 0.0525136 0.0519117 0.0514751 0.0510642 0.0503095 0.0486288 0.0453916 0.0402211 0.0332865 0.0253699
 0.00517943 0.00848332 0.0129021 0.0184477 0.0249849 0.0321264 0.0392119 0.045478 0.0503419 0.0535868 0.0553312 0.0558699 0.0555353 0.0546388 0.053457 0.052224 0.0511109 0.0501854 0.0493477 0.0482702 0.0464098 0.0431639 0.0381595 0.0315368 0.0240171
 0.00539526 0.00883859 0.013445 0.0192262 0.0260374 0.0334676 0.0408178 0.0472808 0.0522396 0.0554631 0.0570735 0.0573783 0.0567247 0.0554362 0.0537998 0.0520609 0.0504073 0.0489347 0.0475854 0.046087 0.0439569 0.0406407 0.035783 0.0294949 0.0224253
 0.0056294 0.00921968 0.0140196 0.0200389 0.0271229 0.0348391 0.0424531 0.0491164 0.0541781 0.0573897 0.0588733 0.0589481 0.0579766 0.0562983 0.0542125 0.0519737 0.0497796 0.0477439 0.0458445 0.0438662 0.041398 0.0379529 0.0332087 0.0272545 0.0206621
 0.00588564 0.00963981 0.0146583 0.0209485 0.0283427 0.0363783 0.0442748 0.0511331 0.0562668 0.0594171 0.0607189 0.060514 0.0591878 0.0570969 0.0545527 0.0518165 0.0490908 0.0465 0.0440486 0.0415731 0.0387368 0.0351297 0.0304766 0.0248544 0.0187582
 0.00613885 0.0100562 0.0152938 0.0218582 0.0295705 0.0379391 0.0461371 0.053212 0.058435 0.0615297 0.0626376 0.0621241 0.0604048 0.0578649 0.0548376 0.0515956 0.048346 0.0452181 0.0422344 0.0392744 0.0360704 0.0322904 0.027713 0.0224108 0.0168076
 0.00638283 0.0104555 0.0158998 0.0227209 0.0307296 0.0394094 0.0478927 0.0551799 0.0605035 0.0635677 0.0645146 0.0637239 0.061633 0.0586529 0.0551413 0.0513912 0.0476221 0.0439724 0.0404807 0.0370617 0.0335078 0.0295588 0.0250461 0.0200429 0.0149089
 0.00661157 0.0108315 0.0164734 0.0235414 0.0318354 0.0408128 0.0495645 0.0570443 0.0624496 0.0654712 0.0662579 0.065206 0.0627727 0.0593879 0.0554271 0.0511989 0.0469367 0.0427922 0.0388229 0.0349773 0.031101 0.0269973 0.0225452 0.0178193 0.013122
 0.00682929 0.0111896 0.0170201 0.0243241 0.0328912 0.0421534 0.051161 0.0588217 0.0642975 0.0672651 0.0678803 0.0665601 0.0637861 0.0600112 0.0556294 0.0509623 0.0462521 0.0416599 0.0372603 0.0330328 0.0288714 0.0246355 0.020246 0.0157779 0.0114816
 0.00706777 0.0115761 0.0175994 0.0251368 0.0339653 0.0434925 0.0527304 0.0605443 0.0660634 0.0689525 0.0693757 0.0677712 0.0646469 0.0604818 0.0556919 0.0506138 0.0454984 0.0405132 0.0357439 0.0311945 0.0267993 0.0224659 0.0181501 0.0139264 0.00999846
 0.00727473 0.0119206 0.018132 0.025908 0.0350133 0.0448244 0.054305 0.0622691 0.067811 0.0705882 0.0707831 0.0688644 0.0653721 0.0608127 0.055624 0.0501576 0.0446735 0.0393446 0.0342648 0.0294561 0.0248836 0.0204924 0.0162658 0.0122755 0.00868345
 0.00745306 0.0122132 0.0185779 0.0265458 0.0358747 0.0459226 0.0556215 0.0637461 0.0693554 0.0720863 0.0721185 0.0699353 0.0661038 0.0611639 0.0555842 0.0497405 0.043907 0.0382644 0.0329139 0.0278906 0.0231821 0.018761 0.0146291 0.0108525 0.0075566
 0.00755954 0.0123897 0.01885 0.0269405 0.036416 0.0466244 0.0564801 0.0647356 0.0704301 0.0731862 0.0731751 0.0708757 0.0668557 0.0616634 0.0557845 0.0496176 0.0434611 0.0375165 0.0319022 0.0266706 0.0218295 0.0173716 0.0133108 0.00970522 0.00664825
 0.00760471 0.012457 0.018941 0.027055 0.0365565 0.0468001 0.0567094 0.0650431 0.0708386 0.0737064 0.0737974 0.0715667 0.0675606 0.062312 0.0563017 0.0499354 0.0435293 0.0373112 0.0314292 0.0259656 0.0209558 0.0164151 0.0123682 0.0088658 0.00597408
 0.00765189 0.0125284 0.0190382 0.0271754 0.0366935 0.0469448 0.0568529 0.0651812 0.0709761 0.0738604 0.0739935 0.0718288 0.0678971 0.0627059 0.056709 0.0502925 0.0437679 0.0373735 0.0312821 0.0256095 0.0204263 0.0157778 0.0117047 0.00825514 0.00547357
 0.00772144 0.0126329 0.0191794 0.0273488 0.0368888 0.0471478 0.0570472 0.0653499 0.0711057 0.0739456 0.0740418 0.0718609 0.067941 0.0627862 0.0568345 0.0504479 0.0439139 0.0374573 0.031254 0.02544 0.0201179 0.0153659 0.0112481 0.00781762 0.0051055
 0.00778661 0.0127309 0.0193119 0.0275114 0.0370717 0.047337 0.0572263 0.0655019 0.0712162 0.0740065 0.0740541 0.0718353 0.0678962 0.0627446 0.056816 0.0504623 0.0439542 0.0374979 0.0312574 0.0253707 0.019958 0.015124 0.0109574 0.00752323 0.00484818
 0.00780709 0.0127666 0.0193697 0.0275982 0.0371915 0.0474873 0.0573953 0.0656696 0.0713596 0.0741071 0.0741031 0.0718351 0.0678579 0.0626846 0.0567526 0.050411 0.0439227 0.0374817 0.0312393 0.0253267 0.0198678 0.0149822 0.0107773 0.00733185 0.00467421
 0.00784284 0.0128167 0.0194304 0.0276621 0.0372506 0.0475377 0.0574396 0.0657153 0.0714134 0.0741693 0.0741661 0.0718864 0.0678865 0.0626866 0.056732 0.0503777 0.0438875 0.0374509 0.0312108 0.0252903 0.0198108 0.0148971 0.0106676 0.00721121 0.00456071
 0.00785014 0.0128278 0.0194453 0.0276794 0.0372671 0.0475482 0.0574379 0.0656972 0.0713803 0.0741303 0.0741351 0.0718765 0.0679031 0.0627252 0.056782 0.0504282 0.0439317 0.0374862 0.0312358 0.0253018 0.0198037 0.0148675 0.0106168 0.00714732 0.00449543
 0.00786849 0.0128516 0.0194703 0.0276982 0.0372713 0.0475321 0.0574009 0.0656439 0.0713183 0.0740673 0.0740788 0.0718341 0.067882 0.0627304 0.0568138 0.0504809 0.0439955 0.0375506 0.0312921 0.0253436 0.0198269 0.0148701 0.0106006 0.0071177 0.0044605
 0.00789484 0.0128944 0.019534 0.0277853 0.0373806 0.0476554 0.0575228 0.0657435 0.071376 0.0740721 0.0740321 0.0717481 0.0677748 0.0626207 0.0567163 0.050405 0.0439437 0.0375198 0.0312754 0.0253332 0.0198157 0.0148539 0.0105781 0.00709095 0.00443327
 0.00789813 0.0128976 0.0195352 0.0277821 0.0373715 0.0476419 0.0575094 0.0657363 0.071379 0.0740841 0.0740463 0.0717562 0.0677716 0.0626066 0.0566973 0.050389 0.0439372 0.0375252 0.0312907 0.0253531 0.019834 0.0148658 0.0105813 0.00708641 0.00442398
 0.00788543 0.0128748 0.0194968 0.0277222 0.0372852 0.0475284 0.0573748 0.0655945 0.071249 0.0739854 0.0739936 0.0717547 0.0678163 0.0626849 0.0567944 0.0504927 0.04404 0.0376235 0.0313824 0.0254356 0.019904 0.01492 0.0106188 0.00710843 0.00443417
 0.00788446 0.0128694 0.0194817 0.0276898 0.0372275 0.0474398 0.0572549 0.0654498 0.0710926 0.0738352 0.0738689 0.0716732 0.0677889 0.0627139 0.0568723 0.0506051 0.0441704 0.0377574 0.0315093 0.0255488 0.0199992 0.0149951 0.0106733 0.00714421 0.00445493
 0.0078632 0.0128369 0.0194363 0.027631 0.0371551 0.0473534 0.057154 0.0653347 0.0709667 0.0737059 0.0737482 0.0715759 0.0677299 0.062704 0.0569153 0.0506963 0.0442979 0.037905 0.0316606 0.0256901 0.0201213 0.015093 0.010746 0.00719377 0.00448558
 0.00782854 0.0127771 0.0193407 0.0274886 0.0369591 0.0471064 0.0568723 0.0650468 0.0707059 0.0735008 0.0736158 0.0715209 0.0677489 0.0627898 0.057059 0.0508876 0.0445237 0.0381493 0.0319055 0.0259185 0.0203198 0.0152535 0.0108663 0.00727698 0.00453833
 0.00783254 0.0127784 0.0193325 0.0274607 0.0368993 0.0470037 0.0567211 0.0648504 0.0704779 0.0732643 0.0733993 0.0713516 0.0676466 0.0627627 0.0571048 0.0509964 0.0446817 0.0383402 0.0321118 0.0261228 0.0205061 0.0154102 0.0109877 0.00736318 0.00459424
 0.00780315 0.0127348 0.0192745 0.0273899 0.0368179 0.0469122 0.056617 0.0647297 0.0703381 0.073108 0.0732367 0.0712004 0.0675277 0.0626958 0.0571023 0.0510607 0.0448055 0.0385089 0.0323069 0.0263245 0.0206964 0.015575 0.0111185 0.00745823 0.00465711
 0.00774603 0.012642 0.0191354 0.0271966 0.0365684 0.046615 0.0562943 0.0644143 0.0700652 0.0729039 0.0731129 0.0711545 0.0675505 0.062778 0.0572379 0.0512454 0.045033 0.0387687 0.0325833 0.0265988 0.0209497 0.0157922 0.0112905 0.00758336 0.0047403
 0.00773718 0.0126204 0.0190896 0.0271115 0.0364286 0.0464116 0.0560302 0.0641074 0.0697459 0.0726088 0.0728761 0.0710004 0.0674896 0.0628068 0.0573437 0.0514124 0.045246 0.0390137 0.0328458 0.0268625 0.0211976 0.0160087 0.0114652 0.00771264 0.00482757
 0.00932612 0.0148491 0.0217887 0.0299031 0.038835 0.0480289 0.0566668 0.0638131 0.0687366 0.0711553 0.0712212 0.0693247 0.0659122 0.0613976 0.0561357 0.0504126 0.0444449 0.0383931 0.0323839 0.0265356 0.0209806 0.0158756 0.0113912 0.00767619 0.00481226
 0.00928618 0.0150795 0.0226565 0.0318662 0.0422443 0.0528596 0.0623476 0.0693176 0.0729474 0.0733027 0.0711364 0.0673876 0.0627854 0.057743 0.0524489 0.0469909 0.0414315 0.0358367 0.0302834 0.0248652 0.019701 0.0149382 0.0107399 0.00725087 0.00455343
 0.00897368 0.0145837 0.0219548 0.0310027 0.0413847 0.05233 0.0625971 0.0707577 0.0757052 0.0770363 0.0750749 0.070623 0.0646514 0.0580468 0.0514445 0.0451684 0.0392861 0.0337321 0.0284258 0.0233388 0.0185159 0.0140659 0.0101331 0.0068547 0.00431257
 0.00878182 0.0142689 0.0214761 0.0303227 0.040484 0.0512351 0.0614185 0.0697189 0.0751288 0.0772571 0.0762892 0.0727426 0.0672657 0.0605548 0.0532979 0.0460825 0.0392992 0.0331083 0.0274935 0.0223673 0.0176671 0.0134052 0.0096631 0.00654617 0.00412551
 0.00869015 0.0141112 0.0212226 0.0299396 0.0399402 0.0505144 0.0605341 0.0687273 0.0741395 0.0764357 0.0758427 0.0728695 0.0680712 0.0619658 0.0550438 0.0477782 0.0405978 0.0338323 0.0276702 0.0221633 0.0172851 0.0130046 0.00933185 0.00631117 0.00397765
 0.00867792 0.0140853 0.0211714 0.0298462 0.0397833 0.0502711 0.0601851 0.0682629 0.0735685 0.075796 0.0752107 0.0723621 0.0678284 0.0621068 0.0556069 0.0486778 0.0416353 0.03477 0.0283284 0.0224829 0.0173221 0.0128745 0.00914662 0.00614345 0.00385663
 0.00868601 0.0140976 0.021188 0.029865 0.0397986 0.0502719 0.0601538 0.068177 0.0734049 0.0755393 0.0748633 0.0719547 0.0674247 0.0617982 0.0554885 0.0488097 0.042006 0.0352879 0.0288554 0.0228941 0.0175553 0.0129412 0.00910498 0.00605891 0.00377493
 0.00866344 0.0140662 0.0211505 0.0298273 0.0397678 0.0502531 0.0601474 0.0681765 0.0733973 0.0755065 0.0747865 0.071821 0.0672372 0.0615828 0.0552953 0.0487004 0.0420292 0.0354525 0.0291199 0.0231828 0.0177936 0.0130875 0.00916022 0.00605261 0.00374232
 0.00865469 0.0140501 0.0211232 0.0297849 0.0397088 0.0501806 0.0600705 0.0681087 0.0733506 0.0754856 0.0747849 0.0718224 0.0672223 0.0615392 0.0552263 0.0486282 0.0419883 0.0354742 0.0292141 0.0233301 0.0179538 0.0132204 0.00924396 0.00608823 0.00374573
 0.00863531 0.0140199 0.0210801 0.0297277 0.039637 0.0500951 0.0599741 0.0680076 0.0732546 0.075407 0.0747351 0.0718071 0.067238 0.0615743 0.0552662 0.0486637 0.0420218 0.0355178 0.0292813 0.0234247 0.0180649 0.0133274 0.00932791 0.00614088 0.00377056
 0.00863741 0.0140231 0.0210844 0.0297329 0.0396422 0.0500984 0.059973 0.0679985 0.0732345 0.0753744 0.0746918 0.0717584 0.0671916 0.0615365 0.05524 0.0486482 0.0420149 0.0355203 0.0292969 0.0234569 0.0181124 0.0133822 0.00937872 0.00617904 0.00379341
 0.00862428 0.0140044 0.021061 0.0297074 0.039618 0.0500787 0.0599593 0.0679908 0.073231 0.0753723 0.0746881 0.0717512 0.0671803 0.0615231 0.0552278 0.0486406 0.0420142 0.0355275 0.0293128 0.0234819 0.0181456 0.0134201 0.00941568 0.0062095 0.00381444
 0.00863679 0.0140217 0.0210816 0.0297281 0.0396354 0.0500905 0.0599658 0.067994 0.0732333 0.0753746 0.0746888 0.071747 0.0671683 0.0615022 0.0551993 0.0486083 0.0419829 0.0355018 0.0292961 0.0234759 0.0181499 0.0134324 0.00943208 0.00622574 0.00382739
 0.00861756 0.0139938 0.0210456 0.0296865 0.0395917 0.0500476 0.0599254 0.0679574 0.0732021 0.075352 0.0746788 0.0717524 0.0671888 0.061534 0.0552366 0.0486455 0.0420165 0.0355311 0.0293223 0.0235008 0.0181747 0.0134569 0.00945492 0.00624515 0.00384208
 0.00861029 0.0139809 0.0210244 0.0296544 0.0395473 0.0499924 0.0598648 0.0678992 0.0731549 0.0753213 0.0746661 0.0717564 0.0672067 0.061563 0.0552737 0.0486871 0.042059 0.0355713 0.0293583 0.0235324 0.0182024 0.0134812 0.00947579 0.00626211 0.00385475
 0.00861029 0.0139809 0.0210244 0.0296544 0.0395473 0.0499924 0.0598648 0.0678992 0.0731549 0.0753213 0.0746661 0.0717564 0.0672067 0.061563 0.0552737 0.0486871 0.042059 0.0355713 0.0293583 0.0235324 0.0182024 0.0134812 0.00947579 0.00626211 0.00385475
 0.00881829 0.0143118 0.0215071 0.0303058 0.0403626 0.0509344 0.0608553 0.068826 0.0738954 0.0757767 0.0747871 0.0715503 0.0667263 0.0608876 0.0544893 0.0478724 0.041276 0.0348624 0.0287482 0.0230314 0.0178102 0.0131899 0.00927212 0.00612908 0.00377425
 0.00851161 0.0138476 0.0208749 0.0295246 0.0394835 0.0500379 0.0600458 0.0682166 0.073581 0.0758034 0.0751352 0.0721416 0.0674529 0.061644 0.0551961 0.0484841 0.0417775 0.0352591 0.0290548 0.0232644 0.0179843 0.0133168 0.00936131 0.00618888 0.00381199
 0.00854445 0.0138607 0.0208214 0.0293403 0.0391081 0.0494476 0.0592795 0.0673773 0.0728082 0.0752304 0.0748512 0.0721731 0.0677651 0.0621579 0.0558137 0.0491138 0.0423519 0.0357416 0.0294358 0.0235518 0.0181934 0.0134643 0.00946177 0.00625436 0.00385237
 0.00858382 0.0139337 0.0209446 0.0295256 0.0393494 0.0497055 0.0594778 0.0674219 0.0726288 0.0748219 0.074288 0.0715839 0.0672821 0.0618691 0.0557412 0.049221 0.0425704 0.0360002 0.0296806 0.0237535 0.018344 0.0135686 0.00953004 0.00629687 0.00387755
 0.00869975 0.014119 0.0212175 0.0299005 0.0398327 0.0502891 0.0601283 0.0680741 0.0731876 0.0751806 0.0743598 0.071337 0.0667591 0.0611775 0.0550154 0.0485757 0.0420692 0.0356513 0.0294556 0.0236117 0.0182514 0.013504 0.00948338 0.00626393 0.00385587
 0.0085201 0.0138485 0.0208519 0.0294535 0.0393367 0.0497931 0.0596945 0.0677697 0.0730684 0.0752696 0.0746331 0.0717253 0.0671713 0.061535 0.0552804 0.0487582 0.0422091 0.0357896 0.0296125 0.0237828 0.0184178 0.0136468 0.00959216 0.00633825 0.00390178
 0.00810895 0.0131809 0.0198529 0.0280658 0.0375462 0.0476628 0.0573904 0.0655516 0.0712358 0.0740807 0.0742358 0.0721286 0.0682586 0.0631057 0.0571049 0.05063 0.043979 0.037374 0.0309783 0.0249237 0.0193379 0.0143553 0.0101066 0.00668633 0.0041193
 0.0083147 0.0134681 0.0201946 0.0283992 0.0377799 0.0476946 0.0571315 0.0649525 0.0703121 0.0729283 0.0730231 0.0710576 0.0675066 0.0627739 0.0571957 0.051061 0.0446225 0.0381015 0.0316906 0.0255608 0.0198714 0.0147772 0.0104204 0.00690394 0.00425848
 0.0085155 0.0138151 0.0207502 0.0292214 0.0388931 0.0490507 0.0585826 0.0662631 0.0712195 0.0732286 0.072641 0.0700698 0.0661132 0.061235 0.0557571 0.0498945 0.0437993 0.0376027 0.0314434 0.0254779 0.0198788 0.0148237 0.0104759 0.00695289 0.00429494
 0.00880276 0.0142937 0.0214915 0.0302968 0.0403559 0.0509059 0.0607536 0.0685753 0.0734129 0.0750026 0.0737189 0.0702672 0.0653917 0.0597181 0.0536997 0.0476115 0.0415832 0.0356615 0.0298783 0.0242984 0.0190377 0.0142519 0.0101048 0.0067241 0.00416211
 0.00899104 0.0146152 0.0220038 0.0310637 0.0414335 0.0523208 0.0624799 0.0705221 0.0754302 0.0768986 0.075283 0.0712962 0.0657239 0.059275 0.0525187 0.0458511 0.0394895 0.033506 0.0278919 0.0226291 0.0177423 0.0133157 0.00947134 0.00632266 0.00392454
 0.00859401 0.0140051 0.0211563 0.0299919 0.0401997 0.0510452 0.0613417 0.0697373 0.0751996 0.0773417 0.0763872 0.0729082 0.0675842 0.061082 0.0540018 0.046835 0.0399294 0.033481 0.0275606 0.0221669 0.0172886 0.0129492 0.00921489 0.00616318 0.00383515
