SBPRF35
8.04579
Curr Bio
616421
B35
551985
F35
0.210962
FOFL
0.210962
OFL
106471
Bzero
2.2988e+006
#pred survey bio
 4.33327e+006 4.05754e+006 3.74846e+006 3.07731e+006 2.62741e+006 2.38954e+006 2.2449e+006 2.03931e+006 1.71885e+006 1.48835e+006 1.31818e+006 1.22749e+006 1.15928e+006 1.09171e+006 1.01435e+006 923489 822315 704462 655072 609064 542495 504563 489485 485627 483960 494338 514940 522960 536561 543281 550535 554887 545904 529682 543920 571982 590715 553880 523072 551234 580517 592389 579275 584767 599269 625604 580467 581178 600503 604034 579817 547822 554491 555040 514011 486468 522334 631648 705493 724345 632873 531463 526529 617744 724196 721034 632747 585106 624295 1.505e+007 1.35277e+007 1.35647e+007 1.40038e+007 1.46655e+007 1.53796e+007 1.60406e+007 1.65999e+007 1.7047e+007 1.73911e+007 1.76496e+007 1.78408e+007 1.79809e+007 1.80831e+007 1.81578e+007 1.82123e+007 1.82523e+007 1.82818e+007 1.83037e+007 1.832e+007 1.83322e+007 1.83414e+007 1.83484e+007 1.83537e+007 1.83577e+007 1.83608e+007 1.83632e+007 1.8365e+007 1.83664e+007 1.83675e+007 1.83683e+007 1.83689e+007 1.83694e+007 1.83698e+007 1.83701e+007 1.83704e+007 1.83705e+007 1.83707e+007 1.83708e+007 1.83709e+007 1.83709e+007 1.8371e+007 1.8371e+007 1.83711e+007 1.83711e+007 1.83711e+007 1.83711e+007 1.83711e+007 1.83711e+007 1.83711e+007 1.83712e+007 1.83712e+007 1.83712e+007 1.83712e+007 1.83712e+007 1.83712e+007 1.83712e+007 1.83712e+007 1.83712e+007 1.83712e+007 1.83712e+007 1.83712e+007 1.83712e+007 1.83712e+007 1.83712e+007 1.83712e+007 1.83712e+007 1.83712e+007 1.83712e+007 1.83712e+007 1.83712e+007 1.83712e+007 1.83712e+007 1.83712e+007 1.83712e+007 1.83712e+007 1.83712e+007 1.83712e+007 1.83712e+007 1.83712e+007 1.83712e+007 1.83712e+007 1.83712e+007 1.83712e+007 1.83712e+007 1.83712e+007 1.83712e+007 1.83712e+007 1.83712e+007 1.83712e+007 1.83712e+007 1.83712e+007 1.83712e+007 1.83712e+007 1.83712e+007 1.83712e+007 1.83712e+007 1.83712e+007 1.83712e+007 1.83712e+007 0 0 0 0 0 0 0 0 0 0 0 0 0 0 0 0 0 0 0 0 0 0 0 0 0
#obs survey bio
 4.19834e+006 3.44868e+006 3.02505e+006 2.70188e+006 1.89573e+006 2.95277e+006 1.78471e+006 1.99102e+006 1.39957e+006 1.50274e+006 1.06613e+006 1.82732e+006 1.44523e+006 992560 1.12918e+006 1.10082e+006 964446 624971 655711 711527 540096 527542 505095 486770 345052 531711 491338 509478 574236 683491 739617 515327 428333 560312 609215 575280 712939 486268 470507 631573 544591 705136 550911 672137 434719 740964 576011 584856 620086 644648 567286 697490 413975 548178 559374 556958 595980 521313 677573 825633 598292 606503 470048 590307 978032 827243 572149 759716 734456
#pred catch bio
 100834 94004.2 145444 199677 269652 250776 299669 282785 287330 328539 284546 256589 254122 253349 243719 212897 196147 155549 148163 141124 129267 127130 121627 119339 113809 100171 106184 102591 105687 98892.7 87426.2 97412.7 94936.5 89619.1 96081.5 92606.9 85623 96390.1 81813 85995 87362.7 89983.6 83685 83221.2 88368.4 89651 91481.4 93353.1 88258.2 84947.9 111240 82935.1 86335.1 99903.1 100178 82652.4 46628.8 89450.9 103502 138118 135482 84465.2 46598.4 46774 104348 144790 122233 61428.4 73213.9 106471 104274 103072 105183 109531 114415 118905 122618 125487 127602 129107 130152 130863 131339 131654 131860 131995 132082 132137 132173 132196 132211 132220 132226 132230 132232 132234 132234 132235 132235 132236 132236 132236 132236 132236 132236 132236 132236 132236 132236 132236 132236 132236 132236 132236 132236 132236 132236 132236 132236 132236 132236 132236 132236 132236 132236 132236 132236 132236 132236 132236 132236 132236 132236 132236 132236 132236 132236 132236 132236 132236 132236 132236 132236 132236 132236 132236 132236 132236 132236 132236 132236 132236 132236 132236 132236 132236 132236 132236 132236 132236 132236 132236 132236 132236 132236 132236 132236 132236 132236 0 0 0 0 0 0 0 0 0 0 0 0 0 0 0 0 0 0 0 0 0 0 0 0 0
#obs catch bio
 0 93621.2 145442 199688 270870 250590 300743 281753 286664 330642 286114 256278 254307 253664 244196 212578 195774 155665 148403 140722 129110 127623 121864 119287 114322 99991.6 106133 102588 105786 98979.2 87175 97534.8 94779.7 89582.8 96556.2 92792.2 85247.6 96523 81878.7 86084 87315.6 89943.8 83659.8 83159.9 88619.7 89365.6 91595 93596.1 88222 84598.5 111809 82779.2 86307.6 99832.7 100201 83131 46260.3 89954.5 103282 138051 135730 84592.6 46489.4 46512.7 104530 145012 122791 61080.3 73280.9
#pred cpue bio
 4.28207e+006 4.00976e+006 3.70299e+006 3.03834e+006 2.59209e+006 2.35472e+006 2.20991e+006 2.00499e+006 1.68752e+006 1.45849e+006 1.28864e+006 1.19743e+006 1.1286e+006 1.06042e+006 982861 892632 793279 678324 630120 585590 521372 484587 469863 466182 464551 474437 494418 502132 515253 521744 528887 533494 524978 509394 523226 550270 567302 530322 499397 526227 554728 566455 553985 559241 573226 598511 555541 555960 574402 578078 555057 523662 530324 531446 492196 465294 499490 605808 677625 695567 606228 507262 502265 591314 696054 693558 606848 559377 597703 1.44453e+007 1.29916e+007 1.29245e+007 1.32766e+007 1.39169e+007 1.46275e+007 1.5288e+007 1.58473e+007 1.62943e+007 1.66384e+007 1.68969e+007 1.70881e+007 1.72282e+007 1.73304e+007 1.7405e+007 1.74596e+007 1.74996e+007 1.75291e+007 1.7551e+007 1.75673e+007 1.75795e+007 1.75887e+007 1.75957e+007 1.7601e+007 1.7605e+007 1.76081e+007 1.76105e+007 1.76123e+007 1.76137e+007 1.76148e+007 1.76156e+007 1.76162e+007 1.76167e+007 1.76171e+007 1.76174e+007 1.76177e+007 1.76178e+007 1.7618e+007 1.76181e+007 1.76182e+007 1.76182e+007 1.76183e+007 1.76183e+007 1.76184e+007 1.76184e+007 1.76184e+007 1.76184e+007 1.76184e+007 1.76184e+007 1.76184e+007 1.76184e+007 1.76184e+007 1.76185e+007 1.76185e+007 1.76185e+007 1.76185e+007 1.76185e+007 1.76185e+007 1.76185e+007 1.76185e+007 1.76185e+007 1.76185e+007 1.76185e+007 1.76185e+007 1.76185e+007 1.76185e+007 1.76185e+007 1.76185e+007 1.76185e+007 1.76185e+007 1.76185e+007 1.76185e+007 1.76185e+007 1.76185e+007 1.76185e+007 1.76185e+007 1.76185e+007 1.76185e+007 1.76185e+007 1.76185e+007 1.76185e+007 1.76185e+007 1.76185e+007 1.76185e+007 1.76185e+007 1.76185e+007 1.76185e+007 1.76185e+007 1.76185e+007 1.76185e+007 1.76185e+007 1.76185e+007 1.76185e+007 1.76185e+007 1.76185e+007 1.76185e+007 1.76185e+007 1.76185e+007 1.76185e+007 1.76185e+007 0 0 0 0 0 0 0 0 0 0 0 0 0 0 0 0 0 0 0 0 0 0 0 0 0
#obs cpue bio
 3.37297e+006 4.47074e+006 6.48726e+006 3.14118e+006 2.64987e+006 1.90731e+006 2.5204e+006 3.37824e+006 1.88227e+006 974332 1.30397e+006 1.13041e+006 829907 1.13408e+006 853207 846715 781161 588675 623542 663615 480968 362198 466559 529226 487726 544471 549348 466477 485009 402342 450167 519932 801624 411211 336453 596608 718097 536049 423402 495677 641640 521755 529093 508506 582864 848308 410558 489192 643306 645203 467557 412678 696220 645792 454429 294485 439590 690274 880129 703652 627386 412038 425388 686901 674168 621168 575125 423396 538021
#pred surv len freq
 0.00426184 0.007031 0.0107889 0.0155806 0.0213168 0.027678 0.0341024 0.0399429 0.0447201 0.048276 0.0507331 0.0523381 0.0533297 0.0538862 0.0541284 0.0541434 0.0540106 0.053801 0.0535211 0.0529982 0.0517831 0.049203 0.0446474 0.0379809 0.0297972
 0.00453086 0.00738557 0.0111724 0.0158966 0.0214647 0.0276045 0.0338351 0.0395799 0.0443776 0.0480289 0.0505881 0.0522537 0.0532642 0.0538386 0.0541466 0.0542981 0.0543475 0.0542983 0.0540736 0.0534431 0.0519622 0.0490335 0.0441616 0.0373092 0.0291056
 0.00456008 0.00749466 0.0114435 0.0164258 0.0223162 0.0287508 0.0351246 0.0407704 0.0452318 0.0484174 0.0505314 0.0518806 0.052728 0.0532552 0.053585 0.0538035 0.0539576 0.0540306 0.0538981 0.0532721 0.0516789 0.0485511 0.0434751 0.0365037 0.0283136
 0.00473349 0.00774492 0.0117669 0.0168129 0.0227715 0.0293126 0.0358606 0.0417371 0.0464123 0.0496823 0.0516631 0.0526604 0.0530304 0.0530888 0.0530631 0.0530782 0.0531637 0.0532574 0.0531792 0.0525867 0.0509696 0.0477629 0.042599 0.0355947 0.0274681
 0.00487933 0.00800957 0.012213 0.0175079 0.0237633 0.0305987 0.0373708 0.0433493 0.0479974 0.0511442 0.0529404 0.0536916 0.0537257 0.0533456 0.0528174 0.0523486 0.0520512 0.051903 0.0517108 0.0510859 0.0494716 0.0462835 0.0411694 0.0342779 0.0263438
 0.00504 0.00828493 0.0126556 0.01818 0.0247296 0.0319079 0.039032 0.0453102 0.050138 0.0532921 0.0549062 0.0553086 0.0548748 0.0539537 0.0528443 0.0517833 0.0509243 0.0502984 0.0497565 0.0489258 0.0472394 0.0440957 0.0391326 0.0324931 0.0248929
 0.00518913 0.0085238 0.0130099 0.0186756 0.0253932 0.0327667 0.0401096 0.046619 0.0516687 0.0550015 0.0567064 0.0570669 0.0564286 0.0551394 0.0535262 0.0518724 0.0503868 0.049159 0.0480988 0.0468845 0.0449833 0.0418047 0.0369778 0.0306172 0.023391
 0.00540329 0.00887879 0.0135559 0.0194613 0.0264532 0.0341045 0.0416831 0.0483435 0.0534398 0.0567256 0.0583179 0.0585211 0.0576781 0.056113 0.0541248 0.0519857 0.0499216 0.0480687 0.046405 0.0446867 0.0424526 0.0391619 0.0344556 0.0284167 0.0216416
 0.00566836 0.00929965 0.0141713 0.0203025 0.027541 0.0354428 0.043249 0.0500795 0.0552553 0.0585105 0.0599634 0.0599386 0.0588089 0.0569209 0.0545765 0.0520311 0.0494911 0.0470932 0.0448523 0.042598 0.0399614 0.0364837 0.0318466 0.0261128 0.0198018
 0.00580317 0.00956407 0.0146515 0.0211028 0.0287549 0.0371094 0.0453172 0.0524056 0.0576402 0.0607552 0.0619108 0.0614882 0.0599091 0.0575547 0.054746 0.0517408 0.0487329 0.0458439 0.0430924 0.0403493 0.037325 0.0336519 0.0290735 0.0236499 0.0178277
 0.00610299 0.0100469 0.0153723 0.0221164 0.0301138 0.038854 0.047456 0.0548899 0.0603462 0.0634859 0.0644253 0.063552 0.0613471 0.0582819 0.054763 0.0511024 0.0475087 0.0440913 0.0408557 0.037685 0.0343401 0.0305284 0.0260548 0.0209842 0.0156957
 0.00640212 0.0105165 0.016048 0.0230213 0.0312563 0.0402265 0.0490331 0.0566297 0.0621966 0.0653881 0.0663063 0.0653101 0.0628465 0.0593707 0.0553093 0.0510268 0.0467946 0.0427719 0.0389952 0.0353732 0.0317047 0.0277497 0.0233566 0.0185916 0.0137744
 0.00665705 0.0109259 0.016654 0.0238569 0.0323367 0.0415372 0.0505203 0.0582049 0.0637585 0.066853 0.0676265 0.0664684 0.0638303 0.060143 0.0557965 0.051131 0.0464239 0.0418713 0.0375652 0.0334754 0.0294622 0.025341 0.0209956 0.016487 0.0120784
 0.00689179 0.011312 0.0172426 0.0246966 0.0334609 0.0429459 0.0521627 0.0599756 0.0655158 0.068452 0.068953 0.0674591 0.0644735 0.0604614 0.0558179 0.0508615 0.0458374 0.0409229 0.0362223 0.0317511 0.0274371 0.0231637 0.0188586 0.0145814 0.0105432
 0.00710251 0.0116619 0.0177827 0.0254783 0.0345254 0.0443059 0.0537841 0.0617699 0.0673506 0.0701751 0.0704204 0.0685581 0.0651391 0.0606815 0.0556247 0.050309 0.0449743 0.0397759 0.0348 0.0300696 0.0255503 0.0211811 0.0169338 0.0128741 0.00917179
 0.0072996 0.0119842 0.0182713 0.0261733 0.0354583 0.0454881 0.0551932 0.0633432 0.0689898 0.0717614 0.0718308 0.0696809 0.0658867 0.0610019 0.0555076 0.0497826 0.0440919 0.0385973 0.0333792 0.0284569 0.0238088 0.0194027 0.0152389 0.011387 0.00798461
 0.00740095 0.0121532 0.0185338 0.0265572 0.0359893 0.0461823 0.0560495 0.0643388 0.0700819 0.0728922 0.0729326 0.0706786 0.066702 0.0615607 0.0557509 0.0496778 0.0436381 0.0378229 0.0323337 0.0272036 0.0224244 0.0179797 0.0138822 0.0101979 0.00703587
 0.00759043 0.0124487 0.0189551 0.0271143 0.0366813 0.0469959 0.0569562 0.0652947 0.0710327 0.0737827 0.073715 0.0713161 0.0671662 0.0618269 0.0557955 0.0494794 0.0431838 0.0371159 0.031399 0.0260897 0.0212014 0.0167346 0.0127092 0.00918182 0.00623334
 0.00750034 0.0123301 0.0188285 0.0270161 0.0366547 0.0470763 0.0571595 0.0656159 0.071454 0.0742833 0.0742754 0.0719144 0.0677722 0.0623985 0.0562808 0.0498232 0.0433371 0.037045 0.0310942 0.025571 0.0205189 0.0159629 0.0119346 0.00848428 0.00566901
 0.00747142 0.0122754 0.0187339 0.0268691 0.0364541 0.0468431 0.0569428 0.065483 0.0714673 0.0744747 0.0746348 0.0723983 0.0683233 0.0629616 0.056808 0.0502708 0.0436626 0.0372101 0.0310731 0.0253605 0.0201447 0.0154784 0.0114102 0.00799041 0.00525828
 0.00757735 0.012432 0.0189395 0.0271098 0.0367044 0.0470709 0.0571158 0.0655787 0.0714826 0.0744323 0.0745774 0.0723721 0.0683581 0.0630609 0.0569513 0.0504231 0.0437842 0.0372626 0.0310252 0.025195 0.0198665 0.0151168 0.0110131 0.00761102 0.00493926
 0.00752228 0.0123774 0.0189206 0.027177 0.0369059 0.0474257 0.0575942 0.0661035 0.0719552 0.0747687 0.0747373 0.0723663 0.0682365 0.0628875 0.0567797 0.0502817 0.0436724 0.0371593 0.0309004 0.0250231 0.0196364 0.0148376 0.010712 0.00732326 0.00469587
 0.00749076 0.0123259 0.0188451 0.0270802 0.036804 0.0473547 0.0576071 0.0662535 0.072267 0.0752149 0.0752372 0.0728153 0.0685483 0.0630265 0.0567644 0.0501635 0.0435062 0.0369808 0.0307209 0.0248365 0.0194332 0.0146165 0.0104842 0.00710879 0.00451465
 0.00754723 0.0123948 0.0189066 0.0271024 0.0367527 0.0472094 0.057376 0.0659791 0.0720184 0.0750669 0.0752441 0.0729875 0.0688456 0.063373 0.05708 0.0503941 0.0436361 0.0370244 0.0307028 0.0247766 0.0193425 0.0145021 0.0103559 0.00698052 0.00440117
 0.00767361 0.0125833 0.0191573 0.0274002 0.0370666 0.0474944 0.0575795 0.0660523 0.0719343 0.0748377 0.0749251 0.0726615 0.0685915 0.063235 0.0570549 0.0504407 0.0437006 0.0370645 0.0306995 0.0247307 0.0192646 0.0144049 0.0102516 0.00688054 0.00431515
 0.00779397 0.0127631 0.0193976 0.0276902 0.0373842 0.0478093 0.0578555 0.0662502 0.072018 0.0747838 0.0747338 0.0723625 0.0682404 0.0628987 0.0567896 0.0502739 0.0436249 0.0370477 0.0307029 0.0247249 0.0192366 0.0143555 0.0101892 0.00681598 0.00425754
 0.00781206 0.0127775 0.0193919 0.0276404 0.0372657 0.047608 0.0575771 0.0659221 0.0716823 0.0744847 0.0745059 0.0722245 0.068196 0.0629429 0.0569146 0.0504711 0.0438808 0.0373394 0.0309987 0.0249921 0.0194506 0.0145062 0.0102807 0.00686144 0.00427328
 0.00785858 0.0128543 0.0195082 0.0278015 0.0374675 0.0478305 0.0577814 0.0660585 0.0717065 0.0743772 0.0742817 0.0719268 0.0678799 0.0626576 0.0566938 0.0503308 0.0438228 0.0373542 0.0310673 0.0250891 0.0195503 0.0145888 0.0103368 0.00689163 0.0042844
 0.00784456 0.0128308 0.0194721 0.0277511 0.0374044 0.0477615 0.0577183 0.0660132 0.0716836 0.074369 0.07427 0.0718935 0.0678184 0.0625782 0.0566192 0.0502858 0.0438247 0.0374075 0.031164 0.0252122 0.0196787 0.0147036 0.0104256 0.00695125 0.0043187
 0.00788075 0.0128815 0.0195331 0.0278132 0.0374555 0.0477907 0.0577197 0.0659877 0.0716387 0.074315 0.0742153 0.0718407 0.0677636 0.0625153 0.0565468 0.0502114 0.0437629 0.0373735 0.0311662 0.0252485 0.0197379 0.0147702 0.010486 0.00699718 0.00434843
 0.00788307 0.0128774 0.0195125 0.0277618 0.0373587 0.0476393 0.057516 0.0657477 0.0713897 0.0740899 0.0740457 0.0717491 0.0677576 0.0625862 0.0566734 0.0503685 0.0439298 0.0375387 0.0313261 0.0254018 0.0198815 0.0148979 0.010591 0.00707555 0.00440087
 0.00779813 0.012738 0.0193007 0.027461 0.0369582 0.0471414 0.0569428 0.0651431 0.070814 0.0736085 0.0737153 0.0716077 0.0678182 0.0628347 0.0570723 0.0508656 0.0444698 0.0380733 0.0318205 0.0258358 0.0202454 0.0151892 0.0108116 0.00723174 0.00450289
 0.00782524 0.0127811 0.0193626 0.0275413 0.0370503 0.0472292 0.0569999 0.0651375 0.0707179 0.0734105 0.0734296 0.0712733 0.0674894 0.0625667 0.056906 0.0508181 0.0445325 0.0382192 0.0320143 0.026044 0.0204427 0.0153595 0.0109473 0.00733151 0.0045702
 0.00782465 0.0127839 0.0193738 0.0275677 0.0370985 0.0473022 0.0570935 0.0652375 0.0708014 0.0734499 0.0734001 0.0711624 0.0673045 0.0623363 0.0566735 0.0506281 0.0444175 0.0381905 0.032062 0.0261442 0.0205671 0.0154836 0.0110547 0.0074144 0.00462784
 0.00779049 0.0127261 0.0192834 0.0274367 0.0369241 0.047092 0.0568685 0.06503 0.0706452 0.0733677 0.0733947 0.0712161 0.0673878 0.0624208 0.0567436 0.0506858 0.0444784 0.038273 0.0321767 0.0262883 0.020726 0.0156382 0.0111885 0.00751805 0.00470004
 0.00847485 0.0136875 0.0204504 0.0286486 0.0379759 0.0478084 0.0571631 0.0649199 0.0702215 0.07275 0.0726938 0.0705148 0.0667353 0.0618373 0.0562293 0.0502342 0.0440861 0.0379438 0.0319184 0.0261052 0.0206137 0.015583 0.0111718 0.0075219 0.00471114
 0.00910479 0.0146891 0.0219059 0.0305924 0.0403568 0.0504497 0.059749 0.0670462 0.0715175 0.0730154 0.0719684 0.0690392 0.0648369 0.0598141 0.054287 0.0484807 0.0425605 0.0366507 0.0308501 0.0252515 0.0199609 0.0151105 0.010851 0.00731914 0.00459252
 0.00914409 0.0148261 0.022247 0.0312798 0.0415305 0.0521835 0.0619888 0.0695833 0.0740164 0.0750898 0.0732815 0.069397 0.0642398 0.0584432 0.0524307 0.0464385 0.0405691 0.0348569 0.0293228 0.0240089 0.0189936 0.0143938 0.0103498 0.00699144 0.00439389
 0.00897263 0.014608 0.0220348 0.0311707 0.041654 0.0526735 0.0629478 0.0710471 0.075922 0.0772575 0.0754261 0.0711817 0.0653645 0.0587335 0.0518877 0.0452255 0.0389454 0.0330931 0.0276364 0.0225374 0.0177999 0.0134865 0.00970344 0.00656171 0.00412909
 0.00871792 0.0141912 0.0214077 0.0303022 0.040555 0.0514286 0.0617344 0.0701171 0.0755376 0.0776008 0.0765257 0.0728879 0.0673833 0.0607061 0.0534893 0.0462506 0.039349 0.0329739 0.0271759 0.0219279 0.0171925 0.0129711 0.00931458 0.006296 0.00396361
 0.00870413 0.0141369 0.0212666 0.0300105 0.0400469 0.0506634 0.0607261 0.0689541 0.074382 0.0766644 0.076023 0.0729739 0.0680944 0.0619316 0.0549933 0.0477424 0.040574 0.0337852 0.0275582 0.0219697 0.0170291 0.0127297 0.0090825 0.00611544 0.00384264
 0.00870927 0.0141448 0.0212756 0.0300126 0.0400218 0.0505736 0.060519 0.0685763 0.0738069 0.0759225 0.0752174 0.0722672 0.0676641 0.0619085 0.0554074 0.0485037 0.0415005 0.0346696 0.0282407 0.0223816 0.0171929 0.0127232 0.00899355 0.00601052 0.00375687
 0.00881718 0.0143011 0.0214751 0.030238 0.0402479 0.050773 0.0606651 0.0686413 0.0737584 0.0757275 0.074857 0.0717589 0.0670781 0.0613613 0.0550272 0.0483798 0.041643 0.035004 0.0286418 0.0227292 0.0174165 0.0128144 0.00898834 0.00595842 0.00369717
 0.00877709 0.0142539 0.0214366 0.0302315 0.040295 0.0508809 0.0608176 0.0688014 0.0738811 0.0757752 0.074808 0.0716081 0.0668367 0.0610606 0.0547222 0.0481411 0.041533 0.0350475 0.0288115 0.0229583 0.0176311 0.0129655 0.00906444 0.00597675 0.00368497
 0.00874675 0.0141992 0.0213456 0.0300938 0.0401088 0.0506609 0.0605989 0.0686306 0.0737981 0.0757929 0.0749054 0.0717401 0.0669543 0.0611302 0.0547366 0.0481206 0.0415163 0.0350742 0.0289025 0.0231048 0.0177998 0.0131174 0.00917363 0.00603839 0.00371
 0.00861032 0.0140084 0.0211151 0.0298547 0.0398978 0.0505043 0.0605024 0.0685825 0.0737828 0.0758048 0.0749502 0.0718251 0.0670759 0.0612696 0.0548677 0.0482241 0.0415903 0.0351337 0.0289689 0.0231916 0.0179044 0.0132241 0.00926403 0.00610151 0.00374577
 0.00876229 0.0142 0.0213031 0.0299702 0.0398715 0.0503034 0.060155 0.068171 0.0734072 0.0755386 0.0748183 0.0718102 0.0671416 0.0613809 0.0549979 0.0483539 0.0417068 0.0352323 0.0290535 0.0232704 0.0179831 0.0133011 0.00933259 0.00615456 0.00378068
 0.00865046 0.0140843 0.0212468 0.0300607 0.040183 0.0508455 0.0608414 0.0688394 0.0738873 0.0757287 0.0747214 0.0715115 0.0667525 0.0609897 0.0546513 0.0480645 0.0414701 0.0350399 0.0288996 0.0231527 0.0179004 0.0132502 0.00930639 0.00614418 0.00377797
 0.00863288 0.0140318 0.0211283 0.0298458 0.0398646 0.0504662 0.0605008 0.068663 0.0739643 0.0760562 0.0751974 0.0719874 0.0671076 0.0611773 0.0546955 0.0480227 0.0413961 0.0349666 0.0288405 0.0231105 0.0178739 0.0132371 0.00930338 0.00614717 0.00378305
 0.00865864 0.0140587 0.0211399 0.0298141 0.0397542 0.0502442 0.0601529 0.0682106 0.0734745 0.0756325 0.0749464 0.0719719 0.0673155 0.0615295 0.0550877 0.0483734 0.0416692 0.0351645 0.0289828 0.0232166 0.0179562 0.0133016 0.00935298 0.00618358 0.00380803
 0.00864395 0.0140411 0.0211242 0.0298058 0.0397549 0.0502448 0.06013 0.0681314 0.0733106 0.0753794 0.0746362 0.0716712 0.0671025 0.0614606 0.0551723 0.0485728 0.04192 0.0354091 0.029188 0.0233738 0.0180714 0.0133846 0.00941205 0.00622447 0.00383495
 0.0086404 0.0140863 0.0212844 0.0301687 0.0404 0.0511996 0.0613342 0.0694332 0.0745039 0.0762631 0.0750705 0.0716099 0.066597 0.060638 0.0541933 0.0475854 0.0410252 0.0346523 0.0285732 0.0228864 0.017694 0.0131027 0.00921229 0.00609213 0.00375391
 0.00840489 0.0136997 0.0207016 0.0293616 0.0393827 0.0500569 0.0602328 0.0685923 0.0741216 0.0764332 0.0757392 0.0726001 0.0676828 0.0616265 0.0549755 0.0481416 0.0413971 0.0349022 0.0287529 0.0230252 0.0178033 0.0131857 0.00927132 0.00613126 0.00377812
 0.00828891 0.0135089 0.0204096 0.0289407 0.0388084 0.0493183 0.0593487 0.067628 0.0731951 0.0757005 0.0753534 0.0726558 0.0681738 0.0624419 0.0559427 0.049091 0.0422136 0.0355421 0.0292267 0.0233677 0.0180496 0.0133614 0.00939339 0.00621196 0.00382802
 0.00849927 0.0138176 0.020811 0.0294046 0.0392836 0.0497409 0.0596506 0.0677451 0.0730813 0.0753461 0.0748022 0.0720066 0.0675564 0.0619735 0.0556847 0.0490313 0.0422846 0.0356608 0.0293314 0.0234324 0.0180765 0.013365 0.00938741 0.00620465 0.00382253
 0.00866871 0.0141059 0.0212656 0.0300693 0.0401788 0.0508364 0.060847 0.0688809 0.0739719 0.075839 0.0748209 0.0715666 0.0667545 0.060959 0.0546207 0.0480547 0.0414765 0.0350397 0.0288708 0.0230899 0.0178165 0.0131666 0.0092406 0.00610251 0.00375707
 0.00849833 0.0138535 0.0209338 0.0296832 0.0397868 0.0505066 0.0606569 0.0688982 0.0742274 0.0763033 0.0754023 0.0721382 0.067199 0.0612088 0.0546747 0.0479667 0.0413247 0.0348927 0.0287667 0.0230339 0.0177942 0.0131601 0.00923778 0.0060991 0.0037531
 0.00812305 0.0132171 0.0199328 0.0282196 0.0378081 0.0480618 0.0579393 0.0662385 0.0720197 0.0748929 0.0749865 0.0727217 0.0686113 0.0631691 0.0568758 0.0501491 0.0433181 0.0366175 0.0302068 0.0242032 0.0187145 0.0138543 0.00973314 0.00642931 0.00395683
 0.00832303 0.0134988 0.0202718 0.0285542 0.038041 0.0480735 0.0576122 0.0654937 0.0708606 0.0734375 0.0734612 0.0714042 0.0677425 0.0628753 0.0571386 0.0508331 0.0442341 0.0375888 0.0311091 0.024972 0.0193301 0.0143219 0.0100691 0.00665562 0.00409813
 0.00848704 0.013776 0.0207049 0.0291797 0.0388684 0.0490573 0.0586317 0.0663602 0.071362 0.0734071 0.0728423 0.0702809 0.0663239 0.0614342 0.0559278 0.0500118 0.0438364 0.0375427 0.0312888 0.0252526 0.0196205 0.0145719 0.0102603 0.00678881 0.00418313
 0.00883386 0.0143413 0.0215569 0.0303782 0.0404468 0.050995 0.0608257 0.0686142 0.0734072 0.074952 0.0736361 0.0701756 0.0653177 0.0596839 0.0537151 0.0476703 0.0416636 0.035733 0.0299127 0.0242812 0.0189724 0.0141566 0.0100025 0.00663401 0.00409417
 0.00907037 0.014752 0.0222227 0.0313875 0.0418723 0.0528573 0.0630591 0.0710567 0.0758232 0.0770757 0.0752168 0.0710125 0.0652897 0.0587759 0.052035 0.0454398 0.0391755 0.033284 0.027737 0.0225112 0.0176388 0.0132172 0.00937973 0.00624462 0.00386526
 0.00870822 0.0142011 0.0214688 0.0304559 0.0408372 0.0518473 0.0622525 0.0706541 0.0759926 0.0778876 0.0766018 0.0727662 0.0671225 0.0603876 0.0531881 0.0460141 0.0391876 0.0328664 0.0270834 0.0218106 0.0170256 0.0127537 0.00906901 0.00605663 0.00376135
 0.00814123 0.0132723 0.0200639 0.0284806 0.0382574 0.0487439 0.0588672 0.0673842 0.0733165 0.0762421 0.0762646 0.0737861 0.0693137 0.0633797 0.0565184 0.0492362 0.0419667 0.0350316 0.0286251 0.0228315 0.017673 0.0131625 0.00933385 0.00623191 0.00387567
 0.00795119 0.0129135 0.0194311 0.0274434 0.0366895 0.0465733 0.056129 0.0642519 0.0700945 0.0733229 0.0740602 0.0726448 0.069436 0.0647582 0.0589284 0.0522887 0.0452094 0.0380622 0.031175 0.0247938 0.019075 0.0141076 0.00994393 0.00661231 0.00410421
 0.00833646 0.0135058 0.0202526 0.0284745 0.0378523 0.0477171 0.0570304 0.0646475 0.0697547 0.0721451 0.0721359 0.0702637 0.0670184 0.0627402 0.0576388 0.0518604 0.0455585 0.038941 0.0322747 0.0258486 0.0199252 0.0147059 0.0103208 0.00682977 0.00422176
 0.00883918 0.0143419 0.0215404 0.0303212 0.0403125 0.0507332 0.0603813 0.0679455 0.0725132 0.0738962 0.0725535 0.0692496 0.0647334 0.0595713 0.0541066 0.0484868 0.0427371 0.0368582 0.0309096 0.0250422 0.0194766 0.0144489 0.0101548 0.00671068 0.00413629
 0.00878733 0.0143251 0.0216424 0.0306681 0.0410479 0.0519742 0.0621683 0.070207 0.0750546 0.076415 0.074682 0.0706277 0.0650985 0.0588407 0.0524148 0.0461554 0.0401823 0.0344696 0.0289495 0.0236061 0.0185202 0.013855 0.00979919 0.00649892 0.00400993
 0.00821669 0.0134085 0.0202927 0.0288368 0.0387658 0.0493989 0.0596119 0.0681021 0.0738424 0.0763961 0.0759013 0.0728494 0.067878 0.061658 0.0548219 0.0478898 0.0412086 0.0349383 0.0290973 0.0236477 0.0185824 0.0139705 0.0099427 0.00663245 0.00410998
#obs surv len freq
 nan nan nan nan nan nan nan nan nan nan nan nan nan nan nan nan nan nan nan nan nan nan nan nan nan
 0.00448021 0.00733945 0.0111674 0.0159822 0.0216821 0.0279576 0.0342724 0.040005 0.0446862 0.048152 0.0505121 0.0520102 0.0529045 0.0534188 0.0537345 0.0539906 0.0542699 0.0545632 0.0547023 0.0542944 0.0527323 0.049364 0.0438129 0.0362918 0.0276741
 0.00461588 0.00756033 0.0115001 0.0164508 0.0223023 0.028728 0.0351654 0.0409639 0.0456331 0.0490024 0.0511905 0.0524617 0.0531008 0.0533583 0.0534387 0.0534961 0.0536198 0.0537997 0.0538643 0.0534183 0.0518567 0.0485317 0.0430682 0.0356723 0.0272007
 0.00477519 0.00782246 0.0119003 0.0170237 0.0230748 0.0297076 0.0363287 0.042252 0.046958 0.050262 0.0522846 0.0533037 0.0536258 0.0535287 0.0532473 0.0529645 0.0527922 0.0527346 0.0526268 0.0520782 0.0504883 0.0472147 0.0418818 0.0346819 0.0264423
 0.00496811 0.00813792 0.0123787 0.0177039 0.0239876 0.0308639 0.0377069 0.0437926 0.0485699 0.0518369 0.0537123 0.0544825 0.0544689 0.0539703 0.0532476 0.0525136 0.0519117 0.0514751 0.0510642 0.0503095 0.0486288 0.0453916 0.0402211 0.0332865 0.0253699
 0.00517943 0.00848332 0.0129021 0.0184477 0.0249849 0.0321264 0.0392119 0.045478 0.0503419 0.0535868 0.0553312 0.0558699 0.0555353 0.0546388 0.053457 0.052224 0.0511109 0.0501854 0.0493477 0.0482702 0.0464098 0.0431639 0.0381595 0.0315368 0.0240171
 0.00539526 0.00883859 0.013445 0.0192262 0.0260374 0.0334676 0.0408178 0.0472808 0.0522396 0.0554631 0.0570735 0.0573783 0.0567247 0.0554362 0.0537998 0.0520609 0.0504073 0.0489347 0.0475854 0.046087 0.0439569 0.0406407 0.035783 0.0294949 0.0224253
 0.0056294 0.00921968 0.0140196 0.0200389 0.0271229 0.0348391 0.0424531 0.0491164 0.0541781 0.0573897 0.0588733 0.0589481 0.0579766 0.0562983 0.0542125 0.0519737 0.0497796 0.0477439 0.0458445 0.0438662 0.041398 0.0379529 0.0332087 0.0272545 0.0206621
 0.00588564 0.00963981 0.0146583 0.0209485 0.0283427 0.0363783 0.0442748 0.0511331 0.0562668 0.0594171 0.0607189 0.060514 0.0591878 0.0570969 0.0545527 0.0518165 0.0490908 0.0465 0.0440486 0.0415731 0.0387368 0.0351297 0.0304766 0.0248544 0.0187582
 0.00613885 0.0100562 0.0152938 0.0218582 0.0295705 0.0379391 0.0461371 0.053212 0.058435 0.0615297 0.0626376 0.0621241 0.0604048 0.0578649 0.0548376 0.0515956 0.048346 0.0452181 0.0422344 0.0392744 0.0360704 0.0322904 0.027713 0.0224108 0.0168076
 0.00638283 0.0104555 0.0158998 0.0227209 0.0307296 0.0394094 0.0478927 0.0551799 0.0605035 0.0635677 0.0645146 0.0637239 0.061633 0.0586529 0.0551413 0.0513912 0.0476221 0.0439724 0.0404807 0.0370617 0.0335078 0.0295588 0.0250461 0.0200429 0.0149089
 0.00661157 0.0108315 0.0164734 0.0235414 0.0318354 0.0408128 0.0495645 0.0570443 0.0624496 0.0654712 0.0662579 0.065206 0.0627727 0.0593879 0.0554271 0.0511989 0.0469367 0.0427922 0.0388229 0.0349773 0.031101 0.0269973 0.0225452 0.0178193 0.013122
 0.00682929 0.0111896 0.0170201 0.0243241 0.0328912 0.0421534 0.051161 0.0588217 0.0642975 0.0672651 0.0678803 0.0665601 0.0637861 0.0600112 0.0556294 0.0509623 0.0462521 0.0416599 0.0372603 0.0330328 0.0288714 0.0246355 0.020246 0.0157779 0.0114816
 0.00706777 0.0115761 0.0175994 0.0251368 0.0339653 0.0434925 0.0527304 0.0605443 0.0660634 0.0689525 0.0693757 0.0677712 0.0646469 0.0604818 0.0556919 0.0506138 0.0454984 0.0405132 0.0357439 0.0311945 0.0267993 0.0224659 0.0181501 0.0139264 0.00999846
 0.00727473 0.0119206 0.018132 0.025908 0.0350133 0.0448244 0.054305 0.0622691 0.067811 0.0705882 0.0707831 0.0688644 0.0653721 0.0608127 0.055624 0.0501576 0.0446735 0.0393446 0.0342648 0.0294561 0.0248836 0.0204924 0.0162658 0.0122755 0.00868345
 0.00745306 0.0122132 0.0185779 0.0265458 0.0358747 0.0459226 0.0556215 0.0637461 0.0693554 0.0720863 0.0721185 0.0699353 0.0661038 0.0611639 0.0555842 0.0497405 0.043907 0.0382644 0.0329139 0.0278906 0.0231821 0.018761 0.0146291 0.0108525 0.0075566
 0.00755954 0.0123897 0.01885 0.0269405 0.036416 0.0466244 0.0564801 0.0647356 0.0704301 0.0731862 0.0731751 0.0708757 0.0668557 0.0616634 0.0557845 0.0496176 0.0434611 0.0375165 0.0319022 0.0266706 0.0218295 0.0173716 0.0133108 0.00970522 0.00664825
 0.00760471 0.012457 0.018941 0.027055 0.0365565 0.0468001 0.0567094 0.0650431 0.0708386 0.0737064 0.0737974 0.0715667 0.0675606 0.062312 0.0563017 0.0499354 0.0435293 0.0373112 0.0314292 0.0259656 0.0209558 0.0164151 0.0123682 0.0088658 0.00597408
 0.00765189 0.0125284 0.0190382 0.0271754 0.0366935 0.0469448 0.0568529 0.0651812 0.0709761 0.0738604 0.0739935 0.0718288 0.0678971 0.0627059 0.056709 0.0502925 0.0437679 0.0373735 0.0312821 0.0256095 0.0204263 0.0157778 0.0117047 0.00825514 0.00547357
 0.00772144 0.0126329 0.0191794 0.0273488 0.0368888 0.0471478 0.0570472 0.0653499 0.0711057 0.0739456 0.0740418 0.0718609 0.067941 0.0627862 0.0568345 0.0504479 0.0439139 0.0374573 0.031254 0.02544 0.0201179 0.0153659 0.0112481 0.00781762 0.0051055
 0.00778661 0.0127309 0.0193119 0.0275114 0.0370717 0.047337 0.0572263 0.0655019 0.0712162 0.0740065 0.0740541 0.0718353 0.0678962 0.0627446 0.056816 0.0504623 0.0439542 0.0374979 0.0312574 0.0253707 0.019958 0.015124 0.0109574 0.00752323 0.00484818
 0.00780709 0.0127666 0.0193697 0.0275982 0.0371915 0.0474873 0.0573953 0.0656696 0.0713596 0.0741071 0.0741031 0.0718351 0.0678579 0.0626846 0.0567526 0.050411 0.0439227 0.0374817 0.0312393 0.0253267 0.0198678 0.0149822 0.0107773 0.00733185 0.00467421
 0.00784284 0.0128167 0.0194304 0.0276621 0.0372506 0.0475377 0.0574396 0.0657153 0.0714134 0.0741693 0.0741661 0.0718864 0.0678865 0.0626866 0.056732 0.0503777 0.0438875 0.0374509 0.0312108 0.0252903 0.0198108 0.0148971 0.0106676 0.00721121 0.00456071
 0.00785014 0.0128278 0.0194453 0.0276794 0.0372671 0.0475482 0.0574379 0.0656972 0.0713803 0.0741303 0.0741351 0.0718765 0.0679031 0.0627252 0.056782 0.0504282 0.0439317 0.0374862 0.0312358 0.0253018 0.0198037 0.0148675 0.0106168 0.00714732 0.00449543
 0.00786849 0.0128516 0.0194703 0.0276982 0.0372713 0.0475321 0.0574009 0.0656439 0.0713183 0.0740673 0.0740788 0.0718341 0.067882 0.0627304 0.0568138 0.0504809 0.0439955 0.0375506 0.0312921 0.0253436 0.0198269 0.0148701 0.0106006 0.0071177 0.0044605
 0.00789484 0.0128944 0.019534 0.0277853 0.0373806 0.0476554 0.0575228 0.0657435 0.071376 0.0740721 0.0740321 0.0717481 0.0677748 0.0626207 0.0567163 0.050405 0.0439437 0.0375198 0.0312754 0.0253332 0.0198157 0.0148539 0.0105781 0.00709095 0.00443327
 0.00789813 0.0128976 0.0195352 0.0277821 0.0373715 0.0476419 0.0575094 0.0657363 0.071379 0.0740841 0.0740463 0.0717562 0.0677716 0.0626066 0.0566973 0.050389 0.0439372 0.0375252 0.0312907 0.0253531 0.019834 0.0148658 0.0105813 0.00708641 0.00442398
 0.00788543 0.0128748 0.0194968 0.0277222 0.0372852 0.0475284 0.0573748 0.0655945 0.071249 0.0739854 0.0739936 0.0717547 0.0678163 0.0626849 0.0567944 0.0504927 0.04404 0.0376235 0.0313824 0.0254356 0.019904 0.01492 0.0106188 0.00710843 0.00443417
 0.00788446 0.0128694 0.0194817 0.0276898 0.0372275 0.0474398 0.0572549 0.0654498 0.0710926 0.0738352 0.0738689 0.0716732 0.0677889 0.0627139 0.0568723 0.0506051 0.0441704 0.0377574 0.0315093 0.0255488 0.0199992 0.0149951 0.0106733 0.00714421 0.00445493
 0.0078632 0.0128369 0.0194363 0.027631 0.0371551 0.0473534 0.057154 0.0653347 0.0709667 0.0737059 0.0737482 0.0715759 0.0677299 0.062704 0.0569153 0.0506963 0.0442979 0.037905 0.0316606 0.0256901 0.0201213 0.015093 0.010746 0.00719377 0.00448558
 0.00782854 0.0127771 0.0193407 0.0274886 0.0369591 0.0471064 0.0568723 0.0650468 0.0707059 0.0735008 0.0736158 0.0715209 0.0677489 0.0627898 0.057059 0.0508876 0.0445237 0.0381493 0.0319055 0.0259185 0.0203198 0.0152535 0.0108663 0.00727698 0.00453833
 0.00783254 0.0127784 0.0193325 0.0274607 0.0368993 0.0470037 0.0567211 0.0648504 0.0704779 0.0732643 0.0733993 0.0713516 0.0676466 0.0627627 0.0571048 0.0509964 0.0446817 0.0383402 0.0321118 0.0261228 0.0205061 0.0154102 0.0109877 0.00736318 0.00459424
 0.00780315 0.0127348 0.0192745 0.0273899 0.0368179 0.0469122 0.056617 0.0647297 0.0703381 0.073108 0.0732367 0.0712004 0.0675277 0.0626958 0.0571023 0.0510607 0.0448055 0.0385089 0.0323069 0.0263245 0.0206964 0.015575 0.0111185 0.00745823 0.00465711
 0.00774603 0.012642 0.0191354 0.0271966 0.0365684 0.046615 0.0562943 0.0644143 0.0700652 0.0729039 0.0731129 0.0711545 0.0675505 0.062778 0.0572379 0.0512454 0.045033 0.0387687 0.0325833 0.0265988 0.0209497 0.0157922 0.0112905 0.00758336 0.0047403
 0.00773718 0.0126204 0.0190896 0.0271115 0.0364286 0.0464116 0.0560302 0.0641074 0.0697459 0.0726088 0.0728761 0.0710004 0.0674896 0.0628068 0.0573437 0.0514124 0.045246 0.0390137 0.0328458 0.0268625 0.0211976 0.0160087 0.0114652 0.00771264 0.00482757
 0.00932612 0.0148491 0.0217887 0.0299031 0.038835 0.0480289 0.0566668 0.0638131 0.0687366 0.0711553 0.0712212 0.0693247 0.0659122 0.0613976 0.0561357 0.0504126 0.0444449 0.0383931 0.0323839 0.0265356 0.0209806 0.0158756 0.0113912 0.00767619 0.00481226
 0.00928618 0.0150795 0.0226565 0.0318662 0.0422443 0.0528596 0.0623476 0.0693176 0.0729474 0.0733027 0.0711364 0.0673876 0.0627854 0.057743 0.0524489 0.0469909 0.0414315 0.0358367 0.0302834 0.0248652 0.019701 0.0149382 0.0107399 0.00725087 0.00455343
 0.00897368 0.0145837 0.0219548 0.0310027 0.0413847 0.05233 0.0625971 0.0707577 0.0757052 0.0770363 0.0750749 0.070623 0.0646514 0.0580468 0.0514445 0.0451684 0.0392861 0.0337321 0.0284258 0.0233388 0.0185159 0.0140659 0.0101331 0.0068547 0.00431257
 0.00878182 0.0142689 0.0214761 0.0303227 0.040484 0.0512351 0.0614185 0.0697189 0.0751288 0.0772571 0.0762892 0.0727426 0.0672657 0.0605548 0.0532979 0.0460825 0.0392992 0.0331083 0.0274935 0.0223673 0.0176671 0.0134052 0.0096631 0.00654617 0.00412551
 0.00869015 0.0141112 0.0212226 0.0299396 0.0399402 0.0505144 0.0605341 0.0687273 0.0741395 0.0764357 0.0758427 0.0728695 0.0680712 0.0619658 0.0550438 0.0477782 0.0405978 0.0338323 0.0276702 0.0221633 0.0172851 0.0130046 0.00933185 0.00631117 0.00397765
 0.00867792 0.0140853 0.0211714 0.0298462 0.0397833 0.0502711 0.0601851 0.0682629 0.0735685 0.075796 0.0752107 0.0723621 0.0678284 0.0621068 0.0556069 0.0486778 0.0416353 0.03477 0.0283284 0.0224829 0.0173221 0.0128745 0.00914662 0.00614345 0.00385663
 0.00868601 0.0140976 0.021188 0.029865 0.0397986 0.0502719 0.0601538 0.068177 0.0734049 0.0755393 0.0748633 0.0719547 0.0674247 0.0617982 0.0554885 0.0488097 0.042006 0.0352879 0.0288554 0.0228941 0.0175553 0.0129412 0.00910498 0.00605891 0.00377493
 0.00866344 0.0140662 0.0211505 0.0298273 0.0397678 0.0502531 0.0601474 0.0681765 0.0733973 0.0755065 0.0747865 0.071821 0.0672372 0.0615828 0.0552953 0.0487004 0.0420292 0.0354525 0.0291199 0.0231828 0.0177936 0.0130875 0.00916022 0.00605261 0.00374232
 0.00865469 0.0140501 0.0211232 0.0297849 0.0397088 0.0501806 0.0600705 0.0681087 0.0733506 0.0754856 0.0747849 0.0718224 0.0672223 0.0615392 0.0552263 0.0486282 0.0419883 0.0354742 0.0292141 0.0233301 0.0179538 0.0132204 0.00924396 0.00608823 0.00374573
 0.00863531 0.0140199 0.0210801 0.0297277 0.039637 0.0500951 0.0599741 0.0680076 0.0732546 0.075407 0.0747351 0.0718071 0.067238 0.0615743 0.0552662 0.0486637 0.0420218 0.0355178 0.0292813 0.0234247 0.0180649 0.0133274 0.00932791 0.00614088 0.00377056
 0.00863741 0.0140231 0.0210844 0.0297329 0.0396422 0.0500984 0.059973 0.0679985 0.0732345 0.0753744 0.0746918 0.0717584 0.0671916 0.0615365 0.05524 0.0486482 0.0420149 0.0355203 0.0292969 0.0234569 0.0181124 0.0133822 0.00937872 0.00617904 0.00379341
 0.00862428 0.0140044 0.021061 0.0297074 0.039618 0.0500787 0.0599593 0.0679908 0.073231 0.0753723 0.0746881 0.0717512 0.0671803 0.0615231 0.0552278 0.0486406 0.0420142 0.0355275 0.0293128 0.0234819 0.0181456 0.0134201 0.00941568 0.0062095 0.00381444
 0.00863679 0.0140217 0.0210816 0.0297281 0.0396354 0.0500905 0.0599658 0.067994 0.0732333 0.0753746 0.0746888 0.071747 0.0671683 0.0615022 0.0551993 0.0486083 0.0419829 0.0355018 0.0292961 0.0234759 0.0181499 0.0134324 0.00943208 0.00622574 0.00382739
 0.00861756 0.0139938 0.0210456 0.0296865 0.0395917 0.0500476 0.0599254 0.0679574 0.0732021 0.075352 0.0746788 0.0717524 0.0671888 0.061534 0.0552366 0.0486455 0.0420165 0.0355311 0.0293223 0.0235008 0.0181747 0.0134569 0.00945492 0.00624515 0.00384208
 0.00861029 0.0139809 0.0210244 0.0296544 0.0395473 0.0499924 0.0598648 0.0678992 0.0731549 0.0753213 0.0746661 0.0717564 0.0672067 0.061563 0.0552737 0.0486871 0.042059 0.0355713 0.0293583 0.0235324 0.0182024 0.0134812 0.00947579 0.00626211 0.00385475
 0.00861029 0.0139809 0.0210244 0.0296544 0.0395473 0.0499924 0.0598648 0.0678992 0.0731549 0.0753213 0.0746661 0.0717564 0.0672067 0.061563 0.0552737 0.0486871 0.042059 0.0355713 0.0293583 0.0235324 0.0182024 0.0134812 0.00947579 0.00626211 0.00385475
 0.00881829 0.0143118 0.0215071 0.0303058 0.0403626 0.0509344 0.0608553 0.068826 0.0738954 0.0757767 0.0747871 0.0715503 0.0667263 0.0608876 0.0544893 0.0478724 0.041276 0.0348624 0.0287482 0.0230314 0.0178102 0.0131899 0.00927212 0.00612908 0.00377425
 0.00851161 0.0138476 0.0208749 0.0295246 0.0394835 0.0500379 0.0600458 0.0682166 0.073581 0.0758034 0.0751352 0.0721416 0.0674529 0.061644 0.0551961 0.0484841 0.0417775 0.0352591 0.0290548 0.0232644 0.0179843 0.0133168 0.00936131 0.00618888 0.00381199
 0.00854445 0.0138607 0.0208214 0.0293403 0.0391081 0.0494476 0.0592795 0.0673773 0.0728082 0.0752304 0.0748512 0.0721731 0.0677651 0.0621579 0.0558137 0.0491138 0.0423519 0.0357416 0.0294358 0.0235518 0.0181934 0.0134643 0.00946177 0.00625436 0.00385237
 0.00858382 0.0139337 0.0209446 0.0295256 0.0393494 0.0497055 0.0594778 0.0674219 0.0726288 0.0748219 0.074288 0.0715839 0.0672821 0.0618691 0.0557412 0.049221 0.0425704 0.0360002 0.0296806 0.0237535 0.018344 0.0135686 0.00953004 0.00629687 0.00387755
 0.00869975 0.014119 0.0212175 0.0299005 0.0398327 0.0502891 0.0601283 0.0680741 0.0731876 0.0751806 0.0743598 0.071337 0.0667591 0.0611775 0.0550154 0.0485757 0.0420692 0.0356513 0.0294556 0.0236117 0.0182514 0.013504 0.00948338 0.00626393 0.00385587
 0.0085201 0.0138485 0.0208519 0.0294535 0.0393367 0.0497931 0.0596945 0.0677697 0.0730684 0.0752696 0.0746331 0.0717253 0.0671713 0.061535 0.0552804 0.0487582 0.0422091 0.0357896 0.0296125 0.0237828 0.0184178 0.0136468 0.00959216 0.00633825 0.00390178
 0.00810895 0.0131809 0.0198529 0.0280658 0.0375462 0.0476628 0.0573904 0.0655516 0.0712358 0.0740807 0.0742358 0.0721286 0.0682586 0.0631057 0.0571049 0.05063 0.043979 0.037374 0.0309783 0.0249237 0.0193379 0.0143553 0.0101066 0.00668633 0.0041193
 0.0083147 0.0134681 0.0201946 0.0283992 0.0377799 0.0476946 0.0571315 0.0649525 0.0703121 0.0729283 0.0730231 0.0710576 0.0675066 0.0627739 0.0571957 0.051061 0.0446225 0.0381015 0.0316906 0.0255608 0.0198714 0.0147772 0.0104204 0.00690394 0.00425848
 0.0085155 0.0138151 0.0207502 0.0292214 0.0388931 0.0490507 0.0585826 0.0662631 0.0712195 0.0732286 0.072641 0.0700698 0.0661132 0.061235 0.0557571 0.0498945 0.0437993 0.0376027 0.0314434 0.0254779 0.0198788 0.0148237 0.0104759 0.00695289 0.00429494
 0.00880276 0.0142937 0.0214915 0.0302968 0.0403559 0.0509059 0.0607536 0.0685753 0.0734129 0.0750026 0.0737189 0.0702672 0.0653917 0.0597181 0.0536997 0.0476115 0.0415832 0.0356615 0.0298783 0.0242984 0.0190377 0.0142519 0.0101048 0.0067241 0.00416211
 0.00899104 0.0146152 0.0220038 0.0310637 0.0414335 0.0523208 0.0624799 0.0705221 0.0754302 0.0768986 0.075283 0.0712962 0.0657239 0.059275 0.0525187 0.0458511 0.0394895 0.033506 0.0278919 0.0226291 0.0177423 0.0133157 0.00947134 0.00632266 0.00392454
 0.00859401 0.0140051 0.0211563 0.0299919 0.0401997 0.0510452 0.0613417 0.0697373 0.0751996 0.0773417 0.0763872 0.0729082 0.0675842 0.061082 0.0540018 0.046835 0.0399294 0.033481 0.0275606 0.0221669 0.0172886 0.0129492 0.00921489 0.00616318 0.00383515
