SBPRF35
12.7214
Curr Bio
942773
B35
880373
F35
0.170051
FOFL
0.170051
OFL
132252
Bzero
3.63469e+006
#pred survey bio
 3.84725e+006 3.69403e+006 3.56343e+006 3.38884e+006 3.15808e+006 2.88831e+006 2.6019e+006 2.34128e+006 2.10362e+006 1.87096e+006 1.61691e+006 1.42618e+006 1.26414e+006 1.12722e+006 993176 882412 788176 725078 689122 655465 628294 612569 594509 586154 568793 552336 546602 545512 540944 541822 547678 556449 562570 574793 582167 588094 601917 610514 621077 637979 662969 666963 670295 669645 684278 699375 701125 690886 691701 705647 698091 705059 749556 783471 819255 831914 840308 872593 878086 881303 899099 922551 935301 949929 2.19262e+007 1.98208e+007 1.99313e+007 2.05463e+007 2.14944e+007 2.25821e+007 2.36624e+007 2.46458e+007 2.54911e+007 2.61899e+007 2.67519e+007 2.71956e+007 2.75414e+007 2.78087e+007 2.80144e+007 2.81723e+007 2.82936e+007 2.83869e+007 2.84588e+007 2.85145e+007 2.85577e+007 2.85915e+007 2.86179e+007 2.86387e+007 2.86552e+007 2.86682e+007 2.86786e+007 2.86868e+007 2.86935e+007 2.86988e+007 2.8703e+007 2.87065e+007 2.87093e+007 2.87115e+007 2.87134e+007 2.87148e+007 2.87161e+007 2.8717e+007 2.87178e+007 2.87185e+007 2.8719e+007 2.87195e+007 2.87198e+007 2.87201e+007 2.87204e+007 2.87206e+007 2.87207e+007 2.87208e+007 2.8721e+007 2.8721e+007 2.87211e+007 2.87212e+007 2.87212e+007 2.87213e+007 2.87213e+007 2.87213e+007 2.87213e+007 2.87214e+007 2.87214e+007 2.87214e+007 2.87214e+007 2.87214e+007 2.87214e+007 2.87214e+007 2.87214e+007 2.87214e+007 2.87214e+007 2.87214e+007 2.87214e+007 2.87214e+007 2.87214e+007 2.87214e+007 2.87214e+007 2.87214e+007 2.87214e+007 2.87214e+007 2.87214e+007 2.87214e+007 2.87214e+007 2.87214e+007 2.87214e+007 2.87214e+007 2.87214e+007 2.87214e+007 2.87214e+007 2.87214e+007 2.87214e+007 2.87214e+007 2.87214e+007 2.87214e+007 2.87214e+007 2.87214e+007 2.87214e+007 2.87214e+007 2.87214e+007 2.87214e+007 2.87214e+007 2.87214e+007 2.87214e+007 2.87214e+007 0 0 0 0 0 0 0 0 0 0 0 0 0 0 0 0 0 0 0 0 0 0 0 0 0
#obs survey bio
 4.67602e+006 3.10275e+006 4.59364e+006 3.1311e+006 3.42522e+006 2.62843e+006 2.66779e+006 2.07925e+006 1.60158e+006 1.97112e+006 1.0734e+006 2.21454e+006 1.22953e+006 888767 799706 811550 648871 521021 870040 784210 712320 543728 564396 865023 562344 724775 527203 483568 452248 453666 506350 521497 634338 474903 662100 598602 515314 494535 307012 623897 690969 853028 639169 669019 744245 920352 669230 1.23753e+006 824914 926264 494920 656168 718223 789153 598396 751505 895639 874432 623614 638187 889447 812118 933874 1.18648e+006
#pred catch bio
 100656 91725.4 145722 212382 265494 299617 295465 293176 304798 336124 287810 268235 249725 248544 227376 210488 180340 154237 149022 139728 126833 125906 114860 119469 115372 104167 99589.6 102255 97601.9 93855.5 92091.4 94858.5 90288.7 95134.8 96778.2 91238 97621.2 98181.2 95581.8 91418.6 110112 110094 113123 100647 101364 112909 121727 110565 99185.9 117568 105267 75541.8 86994.9 86850.5 107824 112133 93410 118295 120953 109259 105057 113925 111527 120353 132252 130604 130139 133075 138595 145107 151553 157339 162208 166124 169172 171484 173205 174468 175382 176039 176508 176839 177073 177238 177353 177433 177489 177528 177555 177574 177587 177596 177602 177606 177609 177611 177613 177614 177614 177615 177615 177615 177616 177616 177616 177616 177616 177616 177616 177616 177616 177616 177616 177616 177616 177616 177616 177616 177616 177616 177616 177616 177616 177616 177616 177616 177616 177616 177616 177616 177616 177616 177616 177616 177616 177616 177616 177616 177616 177616 177616 177616 177616 177616 177616 177616 177616 177616 177616 177616 177616 177616 177616 177616 177616 177616 177616 177616 177616 177616 177616 177616 177616 177616 0 0 0 0 0 0 0 0 0 0 0 0 0 0 0 0 0 0 0 0 0 0 0 0 0
#obs catch bio
 0 91334.1 145536 212128 264531 297964 293874 292510 305428 337535 289571 268843 250156 249658 228589 212439 181999 156175 149456 140102 126649 126009 114793 118682 114803 103101 98998.2 101993 97402.6 93959.1 91966.2 94901.9 89941.6 94991.1 96625 90784.1 97583.4 98316.7 96341.7 91984.6 110682 109829 113107 100799 101487 112622 122302 110311 98475.6 116927 105272 75324.4 87168.8 86560.1 108020 112483 93115.7 118509 121509 109796 105334 114473 111674 120417
#pred cpue bio
 3.80873e+006 3.65692e+006 3.52623e+006 3.35162e+006 3.12143e+006 2.85227e+006 2.56643e+006 2.30613e+006 2.06882e+006 1.83694e+006 1.58433e+006 1.3947e+006 1.23374e+006 1.09771e+006 964731 855044 762138 700170 665195 632569 606242 591109 573681 565869 549200 533289 527735 526622 522090 522905 528696 537361 543444 555495 562732 568555 581954 590082 600088 616441 641139 645356 648732 648013 662365 677341 679161 669313 670393 684168 676600 683294 727255 761051 796386 808612 816628 848326 853616 856628 874292 897813 910733 925302 2.13609e+007 1.93049e+007 1.93051e+007 1.98295e+007 2.07553e+007 2.18393e+007 2.2919e+007 2.39023e+007 2.47476e+007 2.54464e+007 2.60084e+007 2.64521e+007 2.67979e+007 2.70652e+007 2.72709e+007 2.74288e+007 2.75501e+007 2.76434e+007 2.77153e+007 2.7771e+007 2.78142e+007 2.7848e+007 2.78744e+007 2.78952e+007 2.79117e+007 2.79247e+007 2.79351e+007 2.79433e+007 2.79499e+007 2.79553e+007 2.79595e+007 2.7963e+007 2.79658e+007 2.7968e+007 2.79699e+007 2.79713e+007 2.79726e+007 2.79735e+007 2.79743e+007 2.7975e+007 2.79755e+007 2.7976e+007 2.79763e+007 2.79766e+007 2.79769e+007 2.79771e+007 2.79772e+007 2.79773e+007 2.79774e+007 2.79775e+007 2.79776e+007 2.79777e+007 2.79777e+007 2.79778e+007 2.79778e+007 2.79778e+007 2.79778e+007 2.79779e+007 2.79779e+007 2.79779e+007 2.79779e+007 2.79779e+007 2.79779e+007 2.79779e+007 2.79779e+007 2.79779e+007 2.79779e+007 2.79779e+007 2.79779e+007 2.79779e+007 2.79779e+007 2.79779e+007 2.79779e+007 2.79779e+007 2.79779e+007 2.79779e+007 2.79779e+007 2.79779e+007 2.79779e+007 2.79779e+007 2.79779e+007 2.79779e+007 2.79779e+007 2.79779e+007 2.79779e+007 2.79779e+007 2.79779e+007 2.79779e+007 2.79779e+007 2.79779e+007 2.79779e+007 2.79779e+007 2.79779e+007 2.79779e+007 2.79779e+007 2.79779e+007 2.79779e+007 2.79779e+007 2.79779e+007 2.79779e+007 0 0 0 0 0 0 0 0 0 0 0 0 0 0 0 0 0 0 0 0 0 0 0 0 0
#obs cpue bio
 4.05388e+006 3.87986e+006 5.10803e+006 3.2472e+006 3.69182e+006 3.89339e+006 2.18915e+006 1.77898e+006 1.74897e+006 1.79696e+006 1.60019e+006 1.17763e+006 1.22865e+006 1.2238e+006 1.02854e+006 712732 766915 610329 901702 514255 644147 629281 597200 659342 547744 636030 454484 533070 604176 495124 681494 541555 631717 619770 525680 690883 529590 614181 633243 533639 883597 801773 636444 470669 616733 781049 435654 591736 779059 645873 641075 597371 729060 1.03964e+006 843622 803044 879045 821396 830824 885512 989067 930548 1.07209e+006 920679
#pred surv len freq
 0.00415378 0.00684382 0.010487 0.0151266 0.0206831 0.0268639 0.033146 0.0389195 0.0437204 0.0473762 0.0499712 0.0517068 0.0527844 0.0533626 0.0535656 0.0535126 0.053346 0.0532258 0.0532489 0.0532905 0.0528576 0.0511207 0.047241 0.0408818 0.032564
 0.00443381 0.00722206 0.0109161 0.0155203 0.0209474 0.0269416 0.0330468 0.0387126 0.043493 0.0471882 0.049837 0.0516152 0.0527366 0.0533972 0.0537514 0.0539098 0.0539565 0.0539588 0.0539237 0.0536872 0.0528 0.0505564 0.0462719 0.0397233 0.0314532
 0.0044981 0.00738051 0.0112479 0.0161157 0.021865 0.0281532 0.034407 0.0399874 0.0444485 0.0476871 0.0498825 0.0513195 0.0522497 0.0528515 0.0532452 0.0535148 0.0537145 0.0538583 0.0538773 0.0535414 0.0523924 0.0497968 0.0451987 0.038494 0.0302732
 0.00461319 0.00755515 0.0114924 0.0164442 0.0223075 0.0287631 0.0352494 0.0410999 0.0457891 0.0491061 0.0511522 0.0522179 0.0526501 0.0527633 0.0527885 0.0528557 0.0530022 0.0531826 0.0532483 0.0528935 0.0516219 0.0488261 0.0440356 0.0372448 0.0290973
 0.00479596 0.00785368 0.011943 0.017078 0.0231416 0.0297905 0.0364341 0.0423867 0.047122 0.0504384 0.0524319 0.053359 0.0535239 0.0532314 0.0527641 0.0523481 0.0521122 0.0520512 0.0519934 0.0515709 0.0502309 0.0473544 0.0425113 0.0357584 0.027775
 0.00504593 0.00825682 0.0125437 0.0179157 0.0242431 0.0311578 0.0380312 0.0441335 0.0489054 0.0521369 0.0539413 0.0546038 0.0544487 0.0537814 0.0528769 0.0519705 0.0512326 0.0507208 0.0503139 0.0496594 0.048191 0.0452758 0.0404903 0.0339097 0.0262139
 0.00534902 0.0087476 0.0132784 0.0189446 0.0256001 0.0328449 0.0400021 0.046289 0.0511072 0.0542337 0.0557946 0.0561038 0.055519 0.0543754 0.0529657 0.0515331 0.0502565 0.0492165 0.0483338 0.0473047 0.045604 0.0426242 0.0379518 0.0316525 0.0243678
 0.00562962 0.00920759 0.0139778 0.0199418 0.0269407 0.034544 0.0420252 0.0485454 0.0534612 0.0565297 0.0578818 0.0578521 0.0568267 0.0551703 0.0532027 0.0511878 0.0493197 0.047696 0.0462671 0.0447774 0.0427616 0.039667 0.035109 0.0291394 0.0223382
 0.00583304 0.00955422 0.0145294 0.0207668 0.0281012 0.0360742 0.0439097 0.0507098 0.055783 0.0588608 0.0600717 0.0597628 0.0583407 0.0561943 0.0536688 0.0510512 0.0485562 0.0463039 0.0442759 0.0422657 0.0398743 0.036617 0.0321511 0.0265176 0.0202268
 0.00602411 0.00987417 0.0150293 0.0215026 0.0291263 0.037424 0.0455852 0.0526662 0.0579308 0.0610778 0.0622188 0.0617 0.05994 0.0573489 0.0542962 0.0510919 0.0479717 0.0450779 0.0424256 0.03986 0.0370529 0.0335953 0.0291939 0.0238837 0.0181029
 0.00633689 0.0103799 0.0157853 0.02256 0.0305204 0.0391594 0.04762 0.0549075 0.060248 0.0633281 0.0642695 0.06344 0.0612814 0.0582238 0.0546524 0.0508891 0.0471795 0.0436798 0.0404313 0.0373282 0.0341147 0.0304619 0.0261328 0.0211601 0.0159101
 0.00658308 0.0107797 0.0163861 0.0234065 0.031646 0.0405744 0.049298 0.0567805 0.0622148 0.0652729 0.06608 0.0650175 0.0625439 0.0591045 0.0550967 0.050851 0.0466203 0.0425718 0.0387712 0.0351583 0.0315459 0.0276833 0.0233902 0.0187021 0.0139213
 0.00686713 0.0112316 0.0170478 0.0243102 0.032809 0.0419905 0.0509277 0.0585484 0.0640194 0.0670051 0.0676408 0.0663278 0.0635449 0.0597539 0.0553624 0.050705 0.0460351 0.0415234 0.0372509 0.0331947 0.0292292 0.025176 0.0209102 0.0164741 0.0121148
 0.00710364 0.0116235 0.0176505 0.0251771 0.0339777 0.0434619 0.0526484 0.0604091 0.0658771 0.0687179 0.0690965 0.0674552 0.0643093 0.060145 0.055382 0.0503565 0.0453168 0.0404287 0.0357782 0.0313676 0.02712 0.0229192 0.0186904 0.0144847 0.010503
 0.00734873 0.0120301 0.0182771 0.0260828 0.0352085 0.0450303 0.0545115 0.0624599 0.0679576 0.0706497 0.0707157 0.0686403 0.064996 0.0603264 0.0550941 0.0496557 0.0442583 0.0390545 0.03412 0.0294628 0.0250356 0.0207672 0.0166222 0.0126581 0.0090368
 0.00747168 0.01225 0.0186457 0.0266615 0.0360564 0.0461832 0.0559607 0.0641425 0.0697631 0.0724384 0.07234 0.0699636 0.0659105 0.0607669 0.0550445 0.0491443 0.0433422 0.0378011 0.032595 0.0277318 0.0231764 0.0188823 0.0148369 0.011098 0.00779338
 0.00761909 0.0124833 0.0189864 0.0271291 0.0366694 0.0469584 0.0569083 0.065257 0.0710135 0.0737626 0.0736469 0.0711437 0.0668527 0.0613771 0.0552604 0.0489426 0.0427382 0.0368411 0.0313457 0.0262725 0.0215978 0.0172883 0.0133393 0.00980026 0.00676643
 0.00763571 0.0125203 0.0190603 0.0272618 0.0368832 0.0472695 0.0573217 0.0657681 0.0716141 0.0744458 0.0744032 0.0719495 0.0676586 0.0621067 0.055822 0.0492506 0.0427335 0.0365037 0.0306967 0.0253688 0.0205237 0.0161457 0.0122352 0.00882927 0.00599224
 0.0076117 0.0124691 0.0189623 0.0270957 0.0366366 0.0469534 0.0569805 0.065475 0.071452 0.074482 0.0746715 0.0724454 0.0683437 0.0629137 0.0566611 0.050018 0.0433275 0.0368444 0.0307432 0.025128 0.0200473 0.015519 0.011558 0.00819451 0.0054665
 0.00764467 0.0125184 0.0190275 0.0271704 0.036707 0.0469978 0.0569732 0.0653964 0.0713025 0.0742924 0.0745009 0.0723639 0.0684071 0.0631436 0.0570363 0.0504788 0.043789 0.0372155 0.0309482 0.025126 0.019843 0.0151594 0.011118 0.00775339 0.00508657
 0.00769326 0.0125892 0.0191188 0.0272749 0.0368135 0.0470934 0.057045 0.065431 0.0712875 0.0742201 0.0743754 0.0722084 0.0682638 0.0630628 0.057058 0.0506143 0.0440121 0.037468 0.0311581 0.0252309 0.0198108 0.0149979 0.0108687 0.00747409 0.00482992
 0.00767213 0.0125562 0.0190716 0.0272121 0.0367342 0.0469979 0.0569352 0.0653119 0.0711671 0.0741085 0.0742832 0.0721443 0.0682357 0.0630804 0.0571336 0.0507583 0.0442234 0.0377252 0.031419 0.0254444 0.019935 0.0150168 0.0107966 0.00734728 0.00469001
 0.00763696 0.0125074 0.0190133 0.0271532 0.0366853 0.0469668 0.0569231 0.0653128 0.0711709 0.0741049 0.0742657 0.0721127 0.0681962 0.0630445 0.0571159 0.0507738 0.0442827 0.0378284 0.0315512 0.0255769 0.0200353 0.0150615 0.0107817 0.0072878 0.00461105
 0.00757472 0.0123993 0.0188392 0.0268932 0.0363289 0.0465239 0.0564319 0.0648364 0.0707794 0.0738535 0.0741781 0.0721799 0.0683867 0.0633188 0.0574383 0.0511183 0.0446332 0.038174 0.0318807 0.0258743 0.0202814 0.0152406 0.010889 0.00733278 0.00461353
 0.00761578 0.0124604 0.0189197 0.026986 0.036419 0.0465883 0.0564429 0.0647694 0.0706243 0.0736241 0.0739121 0.0719267 0.0681897 0.0632024 0.057405 0.0511553 0.0447219 0.0382967 0.0320215 0.0260182 0.0204125 0.0153446 0.0109575 0.00736612 0.00462
 0.00774745 0.0126517 0.0191652 0.0272655 0.0367024 0.0468435 0.0566423 0.0648908 0.0706509 0.0735456 0.0737298 0.0716587 0.0678715 0.0628792 0.0571196 0.0509366 0.0445803 0.0382264 0.0320074 0.0260413 0.0204541 0.0153882 0.0109914 0.00738511 0.00462515
 0.00783127 0.0127788 0.0193383 0.0274789 0.0369402 0.0470804 0.0568451 0.0650249 0.0706904 0.073482 0.0735749 0.0714386 0.0676172 0.0626197 0.0568798 0.0507373 0.044436 0.0381428 0.0319799 0.0260567 0.0204949 0.0154371 0.0110352 0.00741661 0.00464315
 0.00783768 0.0127954 0.0193744 0.0275459 0.0370477 0.0472297 0.0570245 0.0652091 0.0708463 0.0735787 0.0735929 0.0713748 0.0674845 0.0624419 0.0566845 0.0505503 0.0442777 0.0380266 0.0319107 0.0260309 0.0205019 0.0154628 0.0110662 0.00744341 0.00466161
 0.00788407 0.0128659 0.0194716 0.02767 0.0371973 0.0474034 0.05722 0.0654206 0.0710603 0.0737722 0.0737364 0.0714401 0.0674538 0.0623151 0.0564798 0.0502987 0.0440142 0.0377822 0.0317072 0.0258786 0.0204003 0.0154033 0.0110364 0.0074311 0.00465757
 0.00784745 0.0128149 0.0194107 0.0276085 0.037147 0.0473744 0.0572182 0.065448 0.071117 0.073858 0.0738485 0.0715691 0.0675817 0.0624184 0.0565377 0.0503012 0.0439665 0.0377019 0.0316168 0.0257979 0.0203409 0.0153678 0.0110204 0.00742746 0.00465954
 0.00782581 0.0127696 0.0193248 0.0274627 0.0369275 0.0470841 0.0568843 0.0651192 0.0708495 0.0736974 0.0738167 0.0716625 0.0677766 0.0626792 0.056824 0.0505753 0.0442004 0.0378822 0.0317449 0.0258851 0.0204014 0.0154131 0.0110565 0.00745627 0.00468108
 0.00775866 0.0126688 0.0191879 0.0272909 0.0367232 0.0468475 0.0566143 0.0648192 0.0705356 0.0734027 0.0735873 0.0715433 0.0677953 0.0628357 0.0570916 0.0509098 0.0445536 0.0382132 0.0320276 0.0261095 0.0205702 0.0155355 0.011143 0.00751567 0.00472014
 0.00776051 0.0126619 0.0191599 0.0272254 0.0366054 0.0466722 0.0563906 0.0645683 0.070283 0.0731689 0.0733861 0.0713869 0.0676999 0.0628202 0.0571687 0.051077 0.0447898 0.0384844 0.0322974 0.0263496 0.0207653 0.0156824 0.0112469 0.00758518 0.00476409
 0.00772849 0.0126088 0.0190776 0.0271048 0.0364376 0.0464504 0.0561145 0.0642483 0.0699421 0.0728411 0.0731091 0.0711931 0.0676089 0.0628376 0.0572895 0.051289 0.0450743 0.0388154 0.0326431 0.0266778 0.02105 0.0159095 0.011414 0.00769897 0.00483584
 0.00769633 0.0125642 0.0190242 0.02705 0.0363885 0.0464094 0.0560754 0.0641968 0.0698613 0.0727195 0.0729474 0.0710071 0.0674263 0.0626902 0.0572045 0.0512826 0.0451489 0.0389603 0.0328374 0.0268941 0.0212609 0.016093 0.0115581 0.00780145 0.00490217
 0.00781235 0.0127214 0.0192035 0.0272156 0.0364999 0.046439 0.0560209 0.0640804 0.0697148 0.0725674 0.072798 0.0708559 0.0672675 0.0625271 0.0570522 0.0511631 0.0450826 0.0389578 0.0328958 0.0269984 0.0213887 0.0162214 0.0116694 0.00788655 0.00496014
 0.00785557 0.0127944 0.0193164 0.0273745 0.0366997 0.0466554 0.0562093 0.0641868 0.0696985 0.0724217 0.0725553 0.0705713 0.0669936 0.0622958 0.0568737 0.0510361 0.0450048 0.0389293 0.032916 0.027061 0.0214802 0.0163238 0.0117656 0.00796495 0.00501632
 0.00792753 0.0129086 0.0194831 0.0276013 0.0369898 0.0470039 0.0565984 0.064581 0.070046 0.0726634 0.0726419 0.0704812 0.0667427 0.061932 0.056459 0.0506266 0.0446396 0.0386299 0.0326907 0.0269087 0.0213923 0.0162858 0.01176 0.00797552 0.00503117
 0.00791549 0.0129015 0.0194956 0.0276545 0.0371055 0.0471965 0.0568665 0.064906 0.0703951 0.0729962 0.0729158 0.0706565 0.0667896 0.0618399 0.0562423 0.050323 0.0442985 0.0382988 0.0324043 0.0266854 0.0212358 0.0161887 0.0117086 0.00795397 0.00502586
 0.00772166 0.0126179 0.0191281 0.0272316 0.0366738 0.0468108 0.0565803 0.0647631 0.0704216 0.0731932 0.0732555 0.071087 0.0672457 0.0622581 0.0565741 0.0505442 0.0444122 0.0383295 0.0323867 0.0266525 0.0212097 0.0161787 0.0117137 0.00796816 0.00504222
 0.00751547 0.0122822 0.0186247 0.0265322 0.0357745 0.0457513 0.055456 0.0637174 0.0696117 0.0727436 0.0732227 0.0714503 0.0679234 0.0631346 0.0575278 0.05147 0.0452357 0.0390131 0.0329255 0.0270634 0.0215184 0.0164091 0.0118835 0.00808937 0.00512418
 0.0075363 0.0123034 0.0186321 0.0265014 0.0356733 0.0455462 0.055123 0.0632538 0.0690481 0.0721472 0.0726876 0.0710734 0.0677738 0.0632319 0.0578388 0.051923 0.0457456 0.0395046 0.0333489 0.0273979 0.0217664 0.0165856 0.012006 0.00817269 0.00517897
 0.00759046 0.0123841 0.018739 0.026627 0.0358019 0.0456533 0.055176 0.0632164 0.0688891 0.071854 0.0722786 0.0706021 0.0673202 0.0628808 0.0576532 0.0519239 0.0459084 0.0397722 0.0336546 0.0276865 0.0220055 0.0167653 0.0121314 0.0082553 0.00523077
 0.00761851 0.0124371 0.0188317 0.0267759 0.0360185 0.045935 0.0554983 0.0635327 0.0691395 0.071981 0.0722429 0.0703942 0.0669659 0.0624386 0.0572017 0.0515411 0.0456481 0.0396503 0.03365 0.0277564 0.0221047 0.0168607 0.0122067 0.00830724 0.00526329
 0.00751423 0.0122743 0.0186006 0.0264752 0.0356601 0.0455473 0.0551275 0.0632346 0.0689634 0.07195 0.0723431 0.0705799 0.0671784 0.0626293 0.0573493 0.0516548 0.045758 0.0397881 0.0338316 0.0279744 0.0223343 0.0170727 0.0123797 0.00843339 0.00534602
 0.00744801 0.0121618 0.0184228 0.026213 0.0353001 0.0450917 0.0546022 0.0626916 0.0684723 0.0715815 0.0721497 0.0705814 0.0673569 0.0629358 0.0577212 0.0520377 0.04612 0.0401221 0.034145 0.0282738 0.0226165 0.0173251 0.0125881 0.00858971 0.00545184
 0.00733056 0.0120011 0.0182357 0.026031 0.035157 0.0450049 0.0545613 0.0626618 0.0684134 0.0714707 0.0719955 0.0704203 0.0672358 0.0628917 0.0577666 0.0521595 0.0462906 0.0403138 0.0343396 0.0284636 0.0227975 0.0174914 0.0127315 0.00870286 0.00553239
 0.0073242 0.0119801 0.0181864 0.0259389 0.0350162 0.0448292 0.0543872 0.0625378 0.0683749 0.0715182 0.0720915 0.0705102 0.0672793 0.0628817 0.0577269 0.0521251 0.0462876 0.0403507 0.0344103 0.028556 0.0228997 0.0175933 0.0128244 0.00877999 0.00559005
 0.00741585 0.0120963 0.0183001 0.0260041 0.0349796 0.0446503 0.0540582 0.0620921 0.067882 0.071065 0.0717561 0.0703372 0.0672678 0.0629933 0.0579089 0.0523346 0.0465027 0.0405656 0.0346245 0.0287659 0.0230972 0.0177691 0.0129707 0.00889283 0.00567
 0.00740809 0.0120893 0.0182983 0.02601 0.0349868 0.0446363 0.0539831 0.0619105 0.0675662 0.070628 0.0712596 0.0698749 0.066932 0.0628414 0.0579476 0.0525273 0.0467924 0.0408982 0.0349611 0.029083 0.0233811 0.0180109 0.0131649 0.00903845 0.00577073
 0.00750109 0.0122412 0.0185277 0.0263331 0.0354118 0.0451547 0.0545599 0.0624804 0.0680402 0.0709133 0.0712869 0.0696249 0.0664473 0.0622162 0.0572963 0.0519473 0.0463391 0.0405826 0.0347641 0.0289746 0.0233329 0.0180004 0.0131755 0.00905785 0.00579071
 0.00742598 0.0121337 0.0183935 0.026189 0.0352835 0.0450717 0.0545505 0.0625643 0.0682213 0.0711719 0.0715771 0.0698827 0.0666097 0.0622458 0.057197 0.051763 0.0461332 0.0404118 0.0346596 0.0289392 0.0233504 0.018048 0.013233 0.00911123 0.00583289
 0.00716661 0.011712 0.0177616 0.0253099 0.0341484 0.0437218 0.0530939 0.0611702 0.0670839 0.0704566 0.0713742 0.0701876 0.0673327 0.0632435 0.0583143 0.0528717 0.0471547 0.0413169 0.0354506 0.0296268 0.0239394 0.0185356 0.0136153 0.00939075 0.00602134
 0.00717034 0.0116855 0.0176609 0.0250723 0.0337058 0.0430253 0.0521382 0.0600091 0.0658285 0.0692589 0.0703989 0.0695761 0.0671686 0.0635303 0.0589774 0.0537838 0.0481761 0.0423311 0.0363822 0.0304396 0.024622 0.0190878 0.0140415 0.00970016 0.00622965
 0.00718011 0.011701 0.0176813 0.0250897 0.0336992 0.0429543 0.0519438 0.0596276 0.0652184 0.0684301 0.0694288 0.0686009 0.0663503 0.0630111 0.0588395 0.0540293 0.0487333 0.0430836 0.0372069 0.0312363 0.0253262 0.0196678 0.0144895 0.0100239 0.0064468
 0.0071948 0.0117431 0.0177774 0.0252736 0.0339997 0.043377 0.0524542 0.0601455 0.0656304 0.0686177 0.0693039 0.0681387 0.065607 0.0621168 0.0579631 0.0533278 0.048306 0.0429504 0.0373184 0.0315043 0.0256591 0.0199945 0.0147674 0.0102358 0.00659356
 0.00721531 0.0117737 0.0178198 0.0253313 0.0340821 0.0435022 0.0526466 0.0604251 0.0659941 0.0690231 0.0696677 0.0683564 0.06559 0.0618311 0.0574504 0.0526966 0.0476943 0.0424779 0.0370485 0.0314349 0.0257392 0.0201542 0.0149449 0.0103911 0.00670959
 0.00713427 0.0116408 0.0176183 0.0250472 0.0337092 0.0430513 0.0521534 0.0599516 0.0656191 0.0688211 0.0696826 0.0685806 0.0659592 0.0622432 0.0578034 0.0529296 0.0478096 0.042531 0.0371133 0.0315643 0.0259436 0.0204063 0.0152004 0.0106116 0.00687496
 0.00714814 0.0116714 0.017678 0.0251492 0.0338609 0.0432444 0.052359 0.0601255 0.0657184 0.0688246 0.0696021 0.0684554 0.0658355 0.0621485 0.0577334 0.0528548 0.0476994 0.0423788 0.0369444 0.0314219 0.0258636 0.0203986 0.0152487 0.0106863 0.00694894
 0.00707027 0.0115645 0.0175543 0.0250337 0.0337862 0.0432408 0.0524441 0.0602966 0.0659504 0.0690743 0.06982 0.0686023 0.0658963 0.0621353 0.0576733 0.0527719 0.0476043 0.0422715 0.0368275 0.0313089 0.0257754 0.0203517 0.0152448 0.0107131 0.00698827
 0.00691942 0.0113228 0.017199 0.0245516 0.0331823 0.0425495 0.0517353 0.0596683 0.0655039 0.0688804 0.0698958 0.0689086 0.0663573 0.0626665 0.0582061 0.0532647 0.0480386 0.0426428 0.0371371 0.0315623 0.0259823 0.020523 0.0153888 0.0108323 0.00708147
 0.00682282 0.0111555 0.0169286 0.0241427 0.032606 0.0417986 0.0508399 0.0587021 0.0645758 0.0681134 0.0693983 0.0687485 0.0665448 0.0631534 0.0589023 0.0540659 0.048853 0.0434054 0.0378115 0.0321342 0.0264511 0.0208958 0.0156757 0.0110445 0.00723012
 0.00682972 0.0111579 0.0169148 0.024093 0.0324936 0.041593 0.0505132 0.0582388 0.0639836 0.0674328 0.0687047 0.0681411 0.0661229 0.0629881 0.0590153 0.0544245 0.0493839 0.04402 0.0384298 0.0326994 0.0269322 0.0212824 0.0159709 0.0112583 0.0073761
 0.00678816 0.0110982 0.0168388 0.0240057 0.0323991 0.0414893 0.0503878 0.0580696 0.0637454 0.0671079 0.0682948 0.0676762 0.0656625 0.062611 0.0587983 0.054418 0.0495941 0.0444076 0.038925 0.0332252 0.0274246 0.0217009 0.0162986 0.0114965 0.00753685
#obs surv len freq
 nan nan nan nan nan nan nan nan nan nan nan nan nan nan nan nan nan nan nan nan nan nan nan nan nan
 0.00448382 0.00734494 0.0111749 0.0159917 0.0216931 0.0279697 0.0342848 0.0400167 0.0446965 0.0481599 0.0505171 0.0520121 0.0529034 0.0534149 0.0537285 0.0539829 0.0542611 0.0545536 0.0546922 0.054284 0.0527221 0.0493543 0.0438043 0.0362846 0.0276686
 0.00461067 0.00755384 0.0114939 0.0164476 0.022305 0.0287384 0.0351832 0.040987 0.0456579 0.0490253 0.0512091 0.0524747 0.0531079 0.0533599 0.0534355 0.0534889 0.0536096 0.0537874 0.0538504 0.0534037 0.0518421 0.0485177 0.0430557 0.0356619 0.0271927
 0.00478053 0.00782941 0.0119078 0.0170299 0.0230783 0.0297088 0.0363299 0.0422572 0.0469705 0.0502828 0.0523112 0.0533314 0.0536493 0.0535443 0.0532537 0.0529617 0.0527819 0.0527184 0.0526065 0.0520554 0.0504647 0.0471918 0.0418611 0.0346645 0.026429
 0.00496877 0.00813931 0.0123812 0.017708 0.023993 0.0308693 0.0377105 0.0437924 0.0485655 0.0518304 0.0537078 0.0544838 0.0544776 0.0539847 0.0532638 0.0525272 0.0519197 0.0514764 0.0510594 0.0503001 0.0486167 0.0453785 0.0402086 0.0332757 0.0253615
 0.00518072 0.00848612 0.0129076 0.0184576 0.0250005 0.0321486 0.0392399 0.0455091 0.0503721 0.0536116 0.0553477 0.0558772 0.0555354 0.0546349 0.0534519 0.0522182 0.0511032 0.0501737 0.0493305 0.0482476 0.0463834 0.0431361 0.0381331 0.031514 0.0239994
 0.00541931 0.00887464 0.0134936 0.019286 0.0261057 0.0335411 0.0408933 0.0473548 0.0523083 0.0555218 0.0571173 0.057403 0.056728 0.0554188 0.0537652 0.0520136 0.0503517 0.0488733 0.0475192 0.046017 0.0438847 0.0405698 0.0357179 0.0294396 0.0223824
 0.00564352 0.00924507 0.0140621 0.0201045 0.0272163 0.0349595 0.0425931 0.0492618 0.0543124 0.0574991 0.0589499 0.0589896 0.0579848 0.0562762 0.0541639 0.0519029 0.0496915 0.0476436 0.0457362 0.0437536 0.0412852 0.0378446 0.0331106 0.0271719 0.0205983
 0.00589209 0.00964947 0.0146716 0.0209659 0.0283661 0.036411 0.0443218 0.0511988 0.056352 0.0595168 0.0608219 0.0606066 0.0592578 0.0571371 0.0545612 0.051795 0.0490436 0.0464323 0.0439659 0.0414809 0.0386409 0.035036 0.030391 0.024782 0.0187021
 0.00613863 0.0100554 0.0152917 0.021854 0.0295634 0.0379291 0.0461258 0.0532031 0.0584345 0.0615444 0.0626726 0.0621799 0.0604753 0.0579393 0.0549029 0.0516415 0.0483669 0.0452132 0.0422069 0.0392297 0.036015 0.0322311 0.027656 0.0223612 0.0167686
 0.0063714 0.010438 0.0158755 0.02269 0.0306928 0.0393681 0.0478491 0.055137 0.0604653 0.0635394 0.0645023 0.063733 0.0616666 0.0587096 0.0552143 0.0514694 0.0476933 0.0440269 0.0405135 0.0370729 0.0335012 0.0295404 0.0250223 0.020019 0.0148887
 0.00660811 0.0108246 0.0164608 0.0235204 0.0318038 0.0407703 0.0495132 0.0569892 0.062397 0.0654269 0.0662264 0.0651908 0.0627762 0.0594116 0.0554705 0.0512583 0.0470045 0.0428588 0.0388791 0.0350172 0.0311232 0.0270042 0.0225417 0.0178107 0.0131123
 0.00683899 0.0112043 0.0170401 0.0243485 0.0329178 0.0421785 0.0511798 0.0588292 0.0642901 0.0672422 0.0678452 0.0665189 0.063746 0.0599791 0.0556102 0.0509584 0.0462624 0.0416802 0.0372837 0.0330523 0.0288823 0.0246365 0.0202389 0.0157666 0.0114698
 0.00706309 0.0115727 0.0176019 0.0251515 0.0339987 0.043547 0.0528024 0.0606238 0.0661366 0.0690063 0.0694013 0.0677662 0.0646153 0.0604321 0.0556346 0.0505587 0.0454524 0.0404791 0.0357204 0.0311776 0.0267845 0.0224501 0.0181326 0.0139086 0.00998258
 0.00729262 0.011946 0.0181638 0.0259434 0.03505 0.0448621 0.0543468 0.0623194 0.0678717 0.0706556 0.0708471 0.0689116 0.0653912 0.0607992 0.0555809 0.0500942 0.0446013 0.0392739 0.034202 0.0294034 0.0248401 0.020456 0.016235 0.0122497 0.00866306
 0.00742119 0.0121662 0.018516 0.0264721 0.0357943 0.0458406 0.055543 0.0636766 0.0693022 0.0720583 0.0721235 0.069976 0.0661749 0.0612527 0.0556752 0.0498208 0.0439703 0.0383109 0.0329476 0.0279161 0.0232024 0.018777 0.014641 0.0108602 0.00756076
 0.00749282 0.012279 0.0186802 0.0266983 0.0360962 0.0462367 0.0560545 0.0643204 0.07008 0.072947 0.0730723 0.0709119 0.067015 0.0619176 0.0560994 0.0499583 0.043797 0.0378256 0.0321724 0.0268981 0.0220153 0.0175189 0.0134231 0.00978655 0.00670336
 0.00758954 0.0124277 0.0188879 0.0269655 0.036417 0.0466003 0.0564473 0.0647298 0.0704995 0.0733792 0.0735254 0.0713888 0.0675012 0.0623755 0.056473 0.0501852 0.0438227 0.0376146 0.0317161 0.0262188 0.0211669 0.0165826 0.0124947 0.00895619 0.00603462
 0.00767187 0.0125571 0.0190738 0.0272127 0.0367234 0.0469548 0.0568285 0.0651081 0.0708449 0.0736716 0.0737617 0.0715828 0.0676743 0.0625429 0.0566312 0.0503079 0.0438659 0.0375302 0.0314682 0.0257979 0.0205972 0.0159198 0.0118141 0.00833354 0.00552576
 0.00772948 0.0126477 0.0192045 0.0273879 0.0369437 0.0472158 0.0571191 0.0654098 0.0711347 0.0739264 0.0739646 0.0717273 0.0677658 0.0625957 0.0566609 0.0503211 0.0438527 0.0374648 0.0313183 0.0255397 0.0202299 0.0154715 0.0113357 0.00788304 0.00514988
 0.00777537 0.0127196 0.0193075 0.0275249 0.0371145 0.0474167 0.0573417 0.0656415 0.0713598 0.0741294 0.0741323 0.0718508 0.0678413 0.0626253 0.0566519 0.0502828 0.0437907 0.0373753 0.0311878 0.0253518 0.0199767 0.015163 0.0110011 0.00756149 0.00487656
 0.00780217 0.0127588 0.0193586 0.0275848 0.0371793 0.0474834 0.0574099 0.0657132 0.0714379 0.074216 0.0742269 0.0719493 0.0679367 0.0627092 0.0567168 0.0503234 0.043804 0.0373582 0.031135 0.0252559 0.0198332 0.0149767 0.0107893 0.00735003 0.00469117
 0.00783969 0.0128122 0.0194249 0.0276561 0.037245 0.0475332 0.0574376 0.0657182 0.0714255 0.0741962 0.074212 0.0719504 0.06796 0.0627537 0.056775 0.0503841 0.0438551 0.0373891 0.0311368 0.0252223 0.0197613 0.01487 0.0106592 0.0072143 0.00456824
 0.00788785 0.012886 0.0195269 0.0277847 0.0373931 0.0476882 0.0575813 0.0658302 0.0714883 0.0742019 0.0741657 0.0718684 0.0678642 0.0626642 0.0567044 0.0503356 0.0438239 0.0373652 0.0311089 0.0251805 0.0196998 0.0147887 0.0105644 0.00711715 0.00448063
 0.00789965 0.0129041 0.0195521 0.0278171 0.037432 0.0477321 0.0576276 0.0658747 0.0715254 0.0742252 0.0741703 0.0718531 0.067833 0.0626259 0.0566698 0.0503133 0.0438169 0.0373702 0.0311174 0.0251825 0.0196872 0.0147584 0.0105191 0.00706408 0.00442891
 0.0078828 0.0128779 0.0195153 0.0277694 0.0373747 0.0476687 0.0575638 0.0658181 0.0714839 0.0742048 0.074173 0.0718766 0.0678717 0.0626733 0.0567212 0.0503668 0.0438724 0.0374268 0.0311718 0.0252288 0.019719 0.0147719 0.0105147 0.00704676 0.00440572
 0.00787237 0.0128552 0.0194709 0.0276918 0.0372545 0.0475041 0.0573653 0.0656084 0.0712924 0.0740591 0.0740918 0.0718663 0.0679273 0.0627816 0.0568647 0.0505279 0.0440364 0.0375832 0.031313 0.0253491 0.0198141 0.0148393 0.0105556 0.00706576 0.0044098
 0.00789867 0.0128923 0.0195156 0.0277366 0.0372876 0.0475116 0.0573342 0.0655303 0.071168 0.0739008 0.0739227 0.0717147 0.0678181 0.0627291 0.0568704 0.0505825 0.0441245 0.0376881 0.0314204 0.025448 0.0198969 0.0149021 0.0105976 0.00708949 0.00442006
 0.00788822 0.0128791 0.0195026 0.0277281 0.0372872 0.0475192 0.0573437 0.0655303 0.0711454 0.0738466 0.0738365 0.0716067 0.067707 0.0626369 0.0568157 0.0505747 0.0441622 0.0377608 0.0315128 0.0255446 0.0199852 0.0149741 0.0106501 0.00712335 0.00443898
 0.00785469 0.0128208 0.0194084 0.0275873 0.0370942 0.0472795 0.0570784 0.0652728 0.0709318 0.0737027 0.0737707 0.071611 0.0677653 0.062734 0.056942 0.050726 0.0443354 0.0379501 0.031708 0.0257323 0.0201526 0.0151115 0.0107535 0.00719426 0.00448296
 0.00785061 0.0128102 0.019385 0.0275417 0.0370158 0.0471592 0.0569124 0.0650667 0.0707024 0.0734769 0.0735797 0.0714817 0.0677123 0.0627565 0.0570275 0.0508572 0.0444966 0.0381285 0.0318928 0.0259125 0.0203171 0.0152508 0.010862 0.00727133 0.00453259
 0.00784088 0.0127946 0.0193616 0.0275084 0.0369698 0.0470965 0.0568285 0.0649578 0.0705675 0.0733206 0.0734144 0.0713268 0.0675908 0.0626885 0.0570238 0.0509168 0.0446084 0.038276 0.0320586 0.026081 0.0204748 0.0153873 0.0109708 0.00735073 0.0045852
 0.00777529 0.0126935 0.01922 0.027326 0.0367516 0.0468533 0.0565764 0.0647171 0.0703586 0.0731592 0.0733083 0.071277 0.0675951 0.062745 0.0571315 0.0510736 0.0448079 0.0385062 0.0323029 0.0263213 0.0206945 0.0155741 0.011118 0.00745753 0.0046561
 0.00776774 0.0126716 0.0191696 0.0272292 0.0365921 0.0466254 0.0562917 0.0644046 0.0700569 0.072905 0.0731269 0.0711792 0.0675789 0.0628007 0.0572469 0.0512371 0.045009 0.0387344 0.0325453 0.0265627 0.0209191 0.0157683 0.0112732 0.00757158 0.00473267
 0.00773532 0.0126223 0.0191011 0.0271398 0.0364794 0.046484 0.0561149 0.0641881 0.0698059 0.0726385 0.0728765 0.0709809 0.0674616 0.0627782 0.0573164 0.0513838 0.0452127 0.0389743 0.0328022 0.0268186 0.0211577 0.0159757 0.0114402 0.00769532 0.00481645
 0.00768802 0.0125444 0.0189826 0.0269721 0.0362585 0.0462149 0.0558137 0.0638803 0.0695189 0.0723941 0.0726877 0.0708546 0.0674041 0.0627967 0.0574157 0.0515612 0.0454559 0.039263 0.0331124 0.0271264 0.0214422 0.016221 0.0116366 0.00784042 0.00491467
 0.0077016 0.0125618 0.0189996 0.0269811 0.0362491 0.0461759 0.0557361 0.06376 0.0693595 0.0722066 0.0724894 0.0706652 0.0672416 0.062676 0.0573486 0.051556 0.0455155 0.0393826 0.0332787 0.02732 0.0216411 0.0164052 0.0117918 0.00795938 0.0049975
 0.00766819 0.0125147 0.0189421 0.0269199 0.0361918 0.0461267 0.0556929 0.0637147 0.0693014 0.0721283 0.0723902 0.0705523 0.0671286 0.0625789 0.0572824 0.0515325 0.0455416 0.0394594 0.0334003 0.0274736 0.0218089 0.0165682 0.0119341 0.00807136 0.00507703
 0.00761307 0.0124278 0.018817 0.0267542 0.0359892 0.0458997 0.0554633 0.0635101 0.0691471 0.0720379 0.0723615 0.070571 0.0671767 0.0626431 0.0573578 0.0516216 0.0456501 0.0395918 0.0335567 0.0276479 0.0219893 0.0167398 0.0120832 0.00818911 0.00516109
 0.00758701 0.012383 0.0187451 0.0266462 0.0358382 0.0457047 0.0552328 0.0632637 0.0689127 0.0718449 0.0722333 0.070519 0.0671976 0.0627224 0.0574762 0.0517621 0.0458026 0.0397526 0.0337249 0.0278213 0.0221617 0.0169016 0.0122238 0.00830095 0.0052418
 0.00762212 0.0124342 0.0188107 0.0267199 0.0359092 0.0457589 0.0552551 0.0632411 0.0688379 0.0717207 0.0720742 0.0703483 0.067041 0.0626004 0.057399 0.0517294 0.0458077 0.0397873 0.0337824 0.0278964 0.0222486 0.0169927 0.0123102 0.00837461 0.00529801
 0.00759534 0.0124022 0.0187837 0.0267133 0.0359381 0.0458302 0.0553608 0.0633586 0.0689369 0.0717742 0.0720668 0.0702805 0.0669276 0.062465 0.0572671 0.0516217 0.0457357 0.0397535 0.0337829 0.027924 0.0222953 0.0170498 0.012369 0.00842763 0.00534023
 0.00755819 0.0123403 0.0186887 0.0265795 0.0357667 0.0456346 0.0551688 0.0632061 0.0688554 0.0717761 0.0721397 0.0703935 0.0670461 0.0625647 0.0573401 0.0516744 0.0457815 0.0398046 0.0338462 0.0279995 0.0223782 0.0171329 0.0124451 0.00849101 0.00538811
 0.00754048 0.0123103 0.018641 0.0265079 0.0356653 0.0454999 0.0550028 0.0630203 0.0686711 0.0716221 0.0720441 0.070373 0.0670993 0.0626722 0.0574739 0.0518095 0.045904 0.0399125 0.0339441 0.0280927 0.0224684 0.0172179 0.0125204 0.0085527 0.00543417
 0.00753272 0.0122982 0.0186236 0.0264841 0.0356334 0.0454572 0.0549456 0.0629448 0.0685761 0.0715114 0.0719289 0.0702713 0.067031 0.0626515 0.0575034 0.0518792 0.0459968 0.0400119 0.0340398 0.0281808 0.0225486 0.01729 0.0125832 0.00860391 0.00547261
 0.00753095 0.0122945 0.0186167 0.0264723 0.0356151 0.0454315 0.0549127 0.0629053 0.0685302 0.0714585 0.0718685 0.070205 0.0669649 0.0625966 0.0574719 0.0518797 0.0460302 0.0400712 0.0341136 0.0282584 0.0226226 0.0173562 0.0126392 0.00864864 0.00550576
 0.00750876 0.0122616 0.0185729 0.0264195 0.0355565 0.0453706 0.0548526 0.0628488 0.0684796 0.071416 0.0718352 0.0701808 0.0669492 0.0625891 0.0574747 0.051897 0.0460659 0.0401266 0.0341852 0.0283388 0.0227032 0.0174297 0.012701 0.00869667 0.00554026
 0.0075098 0.0122604 0.0185661 0.0264025 0.0355255 0.0453246 0.0547951 0.0627872 0.0684228 0.0713704 0.0718031 0.0701612 0.0669388 0.0625854 0.0574765 0.0519053 0.0460833 0.0401557 0.0342271 0.0283914 0.0227613 0.0174871 0.0127519 0.00873757 0.00557009
 0.00749477 0.012238 0.0185358 0.0263649 0.0354812 0.0452738 0.0547374 0.0627229 0.0683545 0.071304 0.0717471 0.0701235 0.0669241 0.0625936 0.0575036 0.0519459 0.046133 0.0402119 0.0342884 0.0284563 0.022827 0.0175493 0.0128063 0.00878104 0.00560164
 0.00749006 0.0122309 0.0185264 0.0263535 0.0354687 0.0452612 0.0547254 0.0627112 0.0683415 0.0712874 0.0717247 0.0700952 0.0668931 0.0625652 0.0574836 0.0519378 0.0461378 0.0402284 0.0343146 0.0284898 0.0228651 0.0175885 0.0128429 0.00881194 0.00562506
 0.00749006 0.0122309 0.0185264 0.0263535 0.0354687 0.0452612 0.0547254 0.0627112 0.0683415 0.0712874 0.0717247 0.0700952 0.0668931 0.0625652 0.0574836 0.0519378 0.0461378 0.0402284 0.0343146 0.0284898 0.0228651 0.0175885 0.0128429 0.00881194 0.00562506
 0.00738106 0.012059 0.0182781 0.0260219 0.035057 0.044787 0.0542241 0.0622338 0.067945 0.0710195 0.0716121 0.0701394 0.0670742 0.0628503 0.0578361 0.0523239 0.0465298 0.0406056 0.0346619 0.0287971 0.0231259 0.0177999 0.0130052 0.0089289 0.00570331
 0.00720445 0.0117641 0.0178216 0.0253628 0.0341708 0.0436858 0.0529734 0.0609523 0.0667818 0.0701176 0.071075 0.0700131 0.0673463 0.0634613 0.0586964 0.0533334 0.0475942 0.0416472 0.0356234 0.0296409 0.0238311 0.0183597 0.0134248 0.00922338 0.00589524
 0.00714175 0.0116465 0.0176149 0.0250238 0.033655 0.042962 0.0520405 0.0598508 0.0655956 0.0689644 0.0700886 0.069318 0.0670321 0.0635626 0.0591877 0.0541383 0.0486063 0.0427526 0.0367201 0.0306493 0.0246989 0.0190603 0.0139545 0.00959666 0.00613867
 0.00710844 0.0115961 0.0175444 0.0249288 0.0335247 0.0427747 0.0517624 0.0594439 0.065033 0.06825 0.0692694 0.0684845 0.0663022 0.063054 0.0589872 0.0542799 0.0490633 0.0434485 0.0375507 0.0315081 0.025497 0.019738 0.0144838 0.0099771 0.0063898
 0.00717524 0.011704 0.0177049 0.0251505 0.0338093 0.0431105 0.0521183 0.0597662 0.0652506 0.0682884 0.0690716 0.068033 0.0656343 0.0622625 0.0582014 0.0536315 0.0486502 0.0433099 0.0376631 0.0318017 0.0258825 0.0201329 0.0148293 0.010244 0.0065743
 0.00709553 0.0115915 0.0175676 0.0250077 0.0336878 0.043037 0.052112 0.0598336 0.0653815 0.0684534 0.0692235 0.0681146 0.0655949 0.0620789 0.057895 0.0532689 0.0483246 0.0431087 0.0376369 0.0319486 0.0261553 0.0204617 0.0151478 0.0105075 0.00676533
 0.00702534 0.011472 0.0173794 0.0247333 0.0333207 0.0425933 0.0516374 0.0593985 0.0650613 0.0683023 0.0692546 0.0682964 0.0658626 0.0623566 0.0581194 0.053411 0.0483986 0.0431632 0.0377302 0.0321206 0.0264089 0.0207653 0.0154531 0.0107715 0.00696445
 0.00703406 0.0114866 0.0174012 0.024761 0.0333475 0.0426044 0.0516118 0.0593167 0.0649175 0.0681143 0.0690621 0.0681454 0.065784 0.0623513 0.0581597 0.0534566 0.0484194 0.0431555 0.0377173 0.0321374 0.0264803 0.020892 0.0156127 0.010932 0.00709926
 0.00702275 0.0114705 0.0173813 0.0247398 0.0333286 0.0425908 0.0516037 0.0593091 0.0649001 0.068074 0.0689903 0.0680458 0.0656755 0.0622605 0.0581075 0.053447 0.0484397 0.0431876 0.037752 0.0321793 0.0265418 0.0209806 0.0157229 0.0110474 0.00720148
 0.00691351 0.011298 0.0171319 0.0244064 0.0329141 0.0421131 0.0510986 0.0588279 0.0644986 0.0677972 0.0688597 0.0680573 0.0658066 0.062483 0.0583961 0.0537818 0.0488026 0.0435591 0.0381127 0.0325145 0.0268441 0.0212478 0.015953 0.0112364 0.00734606
 0.0068155 0.0111342 0.0168776 0.0240376 0.0324145 0.0414848 0.0503716 0.0580625 0.0637752 0.0671982 0.0684516 0.0678782 0.0658616 0.0627477 0.0588259 0.0543243 0.0494073 0.0441829 0.0387204 0.0330786 0.0273449 0.0216729 0.0162971 0.0114999 0.00753475
 0.00682608 0.0111446 0.0168799 0.0240176 0.0323523 0.0413574 0.0501575 0.0577483 0.0633642 0.0667163 0.0679483 0.0674182 0.0655097 0.0625524 0.0588083 0.0544758 0.0496962 0.044565 0.0391495 0.0335135 0.0277528 0.0220309 0.0165917 0.0117267 0.00769687
 0.00681747 0.0111355 0.0168747 0.024022 0.0323695 0.0413831 0.0501761 0.0577338 0.0632861 0.0665505 0.0676876 0.0670796 0.0651352 0.0622001 0.0585385 0.054334 0.0497015 0.0447077 0.0393972 0.0338223 0.0280787 0.0223373 0.0168539 0.0119324 0.00784489
#pred catch len freq
 0.0030489 0.0049793 0.00756951 0.0108812 0.0149625 0.0197945 0.025233 0.0310074 0.0367782 0.0422071 0.0470032 0.0509569 0.0539666 0.0560464 0.0573072 0.0579341 0.0581692 0.0582738 0.0584238 0.0585307 0.0580828 0.0561856 0.0519258 0.0449374 0.0357949
 0.00325957 0.0052657 0.00789853 0.0111916 0.0151872 0.0198928 0.0252115 0.0309127 0.0366666 0.0421122 0.0469271 0.0508908 0.0539245 0.0560834 0.0575067 0.0583659 0.0588361 0.0590757 0.0591618 0.0589629 0.0580156 0.0555615 0.050857 0.0436609 0.0345715
 0.00333612 0.00542356 0.00819301 0.0116819 0.0159067 0.0208113 0.026216 0.031831 0.0373329 0.0424364 0.0469233 0.0506497 0.0535596 0.0556938 0.0571718 0.0581515 0.0587854 0.059177 0.0593203 0.0590097 0.0577698 0.0549186 0.0498516 0.042458 0.0333911
 0.00346083 0.00561458 0.00846344 0.0120485 0.0164008 0.0214849 0.0271292 0.0330127 0.0387313 0.0438941 0.0482094 0.0515437 0.0539402 0.0555772 0.0566846 0.0574654 0.0580538 0.0584913 0.0586875 0.0583557 0.0569788 0.0539035 0.0486187 0.0411225 0.0321271
 0.00364141 0.00590353 0.00888908 0.0126329 0.0171551 0.022406 0.0281986 0.0342039 0.0400186 0.0452501 0.0495814 0.0528255 0.0549711 0.0561874 0.0567667 0.0570234 0.0571954 0.0573704 0.0574323 0.0570257 0.0555703 0.0523986 0.0470434 0.0395719 0.0307375
