SBPRF35
12.7214
Curr Bio
979668
B35
895864
F35
0.169657
FOFL
0.169657
OFL
132576
Bzero
3.63469e+006
#pred survey bio
 3.4846e+006 3.38009e+006 3.28564e+006 3.1234e+006 2.92855e+006 2.72748e+006 2.49645e+006 2.26571e+006 2.04407e+006 1.85004e+006 1.66341e+006 1.49675e+006 1.33684e+006 1.16864e+006 1.00307e+006 880168 781653 721218 683550 643743 615548 588534 573552 557326 551260 541848 541540 534475 533881 538520 546008 548649 556014 565897 566924 578377 588710 604861 613073 624401 633673 641572 647892 656720 666005 677512 681920 688260 696976 699504 707762 759812 806242 810103 802971 821178 824543 861906 902450 938713 962715 990785 1.00031e+006 1.00027e+006 985921 2.21435e+007 2.00241e+007 2.00849e+007 2.06399e+007 2.15416e+007 2.25973e+007 2.36564e+007 2.46265e+007 2.54638e+007 2.61579e+007 2.67176e+007 2.71601e+007 2.75055e+007 2.77728e+007 2.79786e+007 2.81368e+007 2.82582e+007 2.83517e+007 2.84238e+007 2.84796e+007 2.8523e+007 2.85569e+007 2.85834e+007 2.86042e+007 2.86207e+007 2.86338e+007 2.86442e+007 2.86525e+007 2.86591e+007 2.86644e+007 2.86687e+007 2.86721e+007 2.86749e+007 2.86772e+007 2.8679e+007 2.86805e+007 2.86817e+007 2.86827e+007 2.86835e+007 2.86842e+007 2.86847e+007 2.86852e+007 2.86855e+007 2.86858e+007 2.8686e+007 2.86862e+007 2.86864e+007 2.86865e+007 2.86866e+007 2.86867e+007 2.86868e+007 2.86869e+007 2.86869e+007 2.86869e+007 2.8687e+007 2.8687e+007 2.8687e+007 2.8687e+007 2.86871e+007 2.86871e+007 2.86871e+007 2.86871e+007 2.86871e+007 2.86871e+007 2.86871e+007 2.86871e+007 2.86871e+007 2.86871e+007 2.86871e+007 2.86871e+007 2.86871e+007 2.86871e+007 2.86871e+007 2.86871e+007 2.86871e+007 2.86871e+007 2.86871e+007 2.86871e+007 2.86871e+007 2.86871e+007 2.86871e+007 2.86871e+007 2.86871e+007 2.86871e+007 2.86871e+007 2.86871e+007 2.86871e+007 2.86871e+007 2.86871e+007 2.86871e+007 2.86871e+007 2.86871e+007 2.86871e+007 2.86871e+007 2.86871e+007 2.86871e+007 2.86871e+007 2.86871e+007 2.86871e+007 2.86871e+007 0 0 0 0 0 0 0 0 0 0 0 0 0 0 0 0 0 0 0 0 0 0 0 0 0
#obs survey bio
 3.71378e+006 4.00437e+006 1.83568e+006 2.94354e+006 2.44799e+006 3.34447e+006 2.49247e+006 2.97432e+006 1.97351e+006 1.67877e+006 2.0122e+006 1.07069e+006 1.10726e+006 1.56262e+006 657039 841906 974500 638340 788741 636813 607984 411091 587902 568752 677187 445839 486450 304753 507012 533554 753741 463002 444137 473087 678569 574717 490473 633502 633286 555474 673949 764176 538775 637263 631398 728771 831835 790707 806787 577337 719453 1.07955e+006 894092 573789 881968 677935 715395 672870 1.00862e+006 950491 833375 1.21634e+006 1.02137e+006 844187 973333
#pred catch bio
 103214 97909.7 167565 208394 227381 269060 283176 288825 276971 281835 273255 273770 283098 277998 236139 210233 173177 150882 149703 136345 132157 119357 118221 107706 109060 100289 105352 99693.8 96101.1 94636.3 99067 95341.4 93875.3 101296 92369.3 94174.2 90588.9 98622.6 97200 100486 102779 104943 103710 104042 102760 109310 108059 106778 112544 107785 71848 78231.2 114297 123430 103962 119958 94252.2 95603.6 101773 113247 110451 127053 135035 145376 147857 132576 131107 130403 132720 137755 143984 150262 155943 160748 164627 167652 169952 171667 172927 173841 174497 174966 175298 175533 175697 175813 175894 175950 175989 176016 176035 176048 176057 176064 176068 176071 176073 176074 176075 176076 176077 176077 176077 176077 176077 176077 176077 176078 176078 176078 176078 176078 176078 176078 176078 176078 176078 176078 176078 176078 176078 176078 176078 176078 176078 176078 176078 176078 176078 176078 176078 176078 176078 176078 176078 176078 176078 176078 176078 176078 176078 176078 176078 176078 176078 176078 176078 176078 176078 176078 176078 176078 176078 176078 176078 176078 176078 176078 176078 176078 176078 176078 176078 176078 176078 0 0 0 0 0 0 0 0 0 0 0 0 0 0 0 0 0 0 0 0 0 0 0 0 0
#obs catch bio
 0 97419.9 168210 209059 228708 270939 285049 289690 278122 283440 274724 276059 287114 279397 238493 211857 173427 151525 149933 137069 132427 120025 118656 108010 109028 100412 105196 99942.7 96468.4 95397.8 99338.4 95769.6 94360.6 102254 92355.8 94457.9 90904.2 99077.1 97344.4 101022 103515 105284 104441 104922 102948 109635 108399 107126 113220 108766 71869.5 77957.6 114009 123714 103577 120689 94599.7 96079.4 102415 114051 110706 127457 135422 145812 147908
#pred cpue bio
 3.43618e+006 3.33334e+006 3.2398e+006 3.07771e+006 2.88312e+006 2.68247e+006 2.45235e+006 2.22262e+006 2.00188e+006 1.80845e+006 1.62261e+006 1.4568e+006 1.29808e+006 1.13204e+006 969159 848325 751733 692607 655865 617173 589878 563722 549244 533628 527926 518914 518710 511840 511085 515428 522770 525504 532730 542424 543634 554943 564996 580671 588649 599567 608450 616142 622305 630875 640048 651403 655711 661848 670318 672806 680998 732450 778821 782806 775050 791997 794828 831214 871077 906991 930836 958405 967670 967574 953952 2.14472e+007 1.94108e+007 1.93756e+007 1.98072e+007 2.0661e+007 2.17042e+007 2.27606e+007 2.37301e+007 2.45673e+007 2.52615e+007 2.58211e+007 2.62636e+007 2.6609e+007 2.68763e+007 2.70821e+007 2.72403e+007 2.73618e+007 2.74552e+007 2.75273e+007 2.75832e+007 2.76265e+007 2.76604e+007 2.76869e+007 2.77077e+007 2.77242e+007 2.77373e+007 2.77477e+007 2.7756e+007 2.77626e+007 2.77679e+007 2.77722e+007 2.77756e+007 2.77784e+007 2.77807e+007 2.77825e+007 2.7784e+007 2.77852e+007 2.77862e+007 2.7787e+007 2.77877e+007 2.77882e+007 2.77887e+007 2.7789e+007 2.77893e+007 2.77896e+007 2.77898e+007 2.77899e+007 2.779e+007 2.77901e+007 2.77902e+007 2.77903e+007 2.77904e+007 2.77904e+007 2.77905e+007 2.77905e+007 2.77905e+007 2.77905e+007 2.77906e+007 2.77906e+007 2.77906e+007 2.77906e+007 2.77906e+007 2.77906e+007 2.77906e+007 2.77906e+007 2.77906e+007 2.77906e+007 2.77906e+007 2.77906e+007 2.77906e+007 2.77906e+007 2.77906e+007 2.77906e+007 2.77906e+007 2.77906e+007 2.77906e+007 2.77906e+007 2.77906e+007 2.77906e+007 2.77906e+007 2.77906e+007 2.77906e+007 2.77906e+007 2.77906e+007 2.77906e+007 2.77906e+007 2.77906e+007 2.77906e+007 2.77906e+007 2.77906e+007 2.77906e+007 2.77906e+007 2.77906e+007 2.77906e+007 2.77906e+007 2.77906e+007 2.77906e+007 2.77906e+007 2.77906e+007 2.77906e+007 0 0 0 0 0 0 0 0 0 0 0 0 0 0 0 0 0 0 0 0 0 0 0 0 0
#obs cpue bio
 3.33061e+006 3.4098e+006 2.88614e+006 2.96518e+006 1.62974e+006 2.69627e+006 2.41828e+006 2.57057e+006 1.61374e+006 1.81896e+006 1.24486e+006 1.54875e+006 1.06759e+006 1.38135e+006 931622 927269 734261 593696 709363 439006 732343 555222 617965 472247 574363 496793 782150 629035 459415 337012 569216 479479 554472 508774 731190 461498 539334 558205 635423 480139 450376 671209 485564 525057 1.0177e+006 583197 481305 515757 484390 664350 646409 1.01348e+006 956870 686931 851632 603838 595221 991520 619159 919003 1.30015e+006 865874 893674 1.18508e+006 1.23052e+006
#pred surv len freq
 0.00460362 0.00750903 0.011367 0.0161823 0.021855 0.0280978 0.0344101 0.0402012 0.0450109 0.0486567 0.0512129 0.0528844 0.0538939 0.0544283 0.0546252 0.0545792 0.0543559 0.0539931 0.0534591 0.052565 0.050894 0.0478626 0.0429804 0.0362086 0.0281638
 0.00485984 0.00783016 0.0116781 0.0163659 0.0217961 0.0277488 0.0338333 0.0395536 0.0444729 0.0483478 0.0511469 0.0529877 0.0540665 0.0546046 0.0548029 0.0548065 0.0546885 0.0544447 0.0539715 0.0530163 0.0511467 0.0478289 0.042667 0.0357124 0.0276226
 0.00502346 0.00812095 0.012154 0.0170761 0.0227461 0.0288605 0.0349312 0.0404087 0.0448972 0.0482867 0.0507028 0.0523554 0.0534285 0.0540613 0.054372 0.054469 0.0544313 0.0542652 0.0538522 0.0529014 0.0509507 0.0474789 0.0421488 0.0350857 0.0269918
 0.00520215 0.00840993 0.0125887 0.0176947 0.0235884 0.029958 0.0362846 0.041956 0.046492 0.0497105 0.0517239 0.0528155 0.0533063 0.0534695 0.0534922 0.0534714 0.0534282 0.0533084 0.0529491 0.0520295 0.0500713 0.0465601 0.0411942 0.0341465 0.0261488
 0.00538295 0.00870591 0.0130382 0.0183353 0.0244514 0.0310593 0.0376153 0.0434779 0.048137 0.051379 0.0532794 0.0540876 0.0541201 0.0537008 0.0531177 0.0525788 0.0521761 0.0518629 0.0514346 0.0505145 0.0485835 0.0451159 0.0398255 0.0329099 0.0251103
 0.00555404 0.00898442 0.0134587 0.018932 0.0252536 0.0320842 0.0388582 0.0449068 0.0496951 0.0529913 0.0548572 0.055527 0.0552977 0.0544802 0.0533758 0.0522464 0.0512692 0.0504819 0.04973 0.0486403 0.046668 0.0432599 0.038115 0.0314233 0.0239096
 0.00578766 0.00935719 0.0140069 0.0196857 0.0262325 0.0332911 0.0402713 0.0464761 0.0513481 0.0546451 0.0564297 0.0569395 0.056471 0.0553272 0.0538007 0.0521562 0.0506015 0.0492358 0.0479813 0.0465311 0.0443774 0.0409722 0.0359965 0.0296054 0.0224728
 0.00607431 0.00981182 0.01467 0.0205874 0.027388 0.0346933 0.0418822 0.0482247 0.0531397 0.0563788 0.0580148 0.0583028 0.057554 0.0560781 0.0541636 0.0520672 0.0499959 0.0480713 0.046269 0.0443582 0.0419075 0.0384203 0.0335868 0.0275249 0.0208354
 0.00639067 0.0103167 0.015412 0.021605 0.028702 0.0362956 0.0437242 0.0502142 0.0551538 0.0582881 0.0597057 0.0596897 0.0585802 0.0567082 0.0543724 0.0518275 0.0492731 0.0468316 0.044504 0.042118 0.0393238 0.0357011 0.0309774 0.0252484 0.0190365
 0.00665282 0.0107438 0.0160567 0.0225167 0.0299176 0.0378244 0.0455321 0.0522175 0.0572297 0.0602975 0.0615166 0.0611927 0.0596959 0.0573868 0.0545882 0.0515675 0.0485263 0.0455866 0.0427618 0.0399195 0.036779 0.0329981 0.0283553 0.0229384 0.0171983
 0.00693077 0.0111896 0.0167167 0.0234314 0.0311162 0.0393147 0.0472885 0.0541732 0.0592805 0.0623166 0.0633717 0.062762 0.0608793 0.058114 0.054819 0.0512868 0.047734 0.0442909 0.0409831 0.0377089 0.0342432 0.0303129 0.0257472 0.0206328 0.0153563
 0.00715335 0.0115565 0.0172781 0.0242372 0.0322055 0.0407011 0.0489438 0.0560237 0.0612183 0.0642207 0.0651263 0.0642649 0.0620439 0.0588698 0.0551137 0.0510881 0.0470291 0.0430849 0.0393024 0.035612 0.0318385 0.0277682 0.0232744 0.018443 0.0136025
 0.00722669 0.0117086 0.0175684 0.0247423 0.0330031 0.0418421 0.0504264 0.0577829 0.0631376 0.0661575 0.0669379 0.0658274 0.0632614 0.0596758 0.0554669 0.0509657 0.0464223 0.0419989 0.0377626 0.0336768 0.0296138 0.0254133 0.0209866 0.0164167 0.0119785
 0.00741274 0.0120019 0.0179948 0.0253255 0.0337673 0.0428127 0.0516237 0.0592072 0.0647529 0.0678806 0.0686439 0.0673699 0.0645027 0.0605117 0.0558373 0.0508495 0.0458247 0.0409417 0.0362833 0.0318389 0.0275205 0.0232136 0.0188613 0.0145419 0.0104798
 0.00772588 0.0124973 0.0187137 0.0262944 0.0349905 0.0442634 0.0532376 0.0608876 0.0663914 0.0693827 0.0699417 0.0684163 0.0652562 0.0609276 0.0558723 0.0504733 0.0450289 0.0397417 0.0347184 0.0299756 0.0254596 0.0210933 0.0168441 0.0127822 0.00908429
 0.00789563 0.0127815 0.0191565 0.0269411 0.035877 0.0453995 0.0545909 0.062379 0.0679077 0.0708028 0.0711625 0.0693687 0.0659053 0.0612627 0.0558911 0.0501713 0.044399 0.0387829 0.0334482 0.028441 0.0237454 0.0193197 0.0151523 0.0113051 0.00791306
 0.00811723 0.013119 0.0196232 0.0275378 0.0365971 0.0462359 0.0555365 0.0634194 0.069011 0.0719124 0.0722003 0.0702482 0.0665511 0.0616254 0.055951 0.0499309 0.0438708 0.0379821 0.0323955 0.0271741 0.02233 0.0178534 0.0137521 0.0100821 0.00694344
 0.00823046 0.0132962 0.0198765 0.0278728 0.0370106 0.0467149 0.0560591 0.0639605 0.0695516 0.0724472 0.0727339 0.0707808 0.0670628 0.0620712 0.0562711 0.0500677 0.0437833 0.037651 0.0318241 0.0263887 0.0213836 0.0168255 0.0127397 0.00917928 0.00621742
 0.0082423 0.0133176 0.0199129 0.0279311 0.0370987 0.0468395 0.0562238 0.064165 0.0697921 0.0727189 0.0730345 0.0711114 0.0674236 0.0624524 0.0566448 0.0503866 0.0439894 0.0376913 0.0316651 0.0260268 0.0208488 0.0161783 0.0120602 0.00854845 0.00569654
 0.00829398 0.0134012 0.0200378 0.0281052 0.0373262 0.0471179 0.0565414 0.0645003 0.070118 0.0730096 0.073272 0.0712889 0.0675463 0.0625335 0.0566971 0.0504132 0.0439771 0.0376119 0.0314864 0.0257282 0.020434 0.0156804 0.0115347 0.00805682 0.00528784
 0.00836015 0.0134942 0.0201512 0.028225 0.0374365 0.0472088 0.0566144 0.0645677 0.0701956 0.0731083 0.0733923 0.0714225 0.0676801 0.062656 0.0568011 0.0504941 0.0440281 0.0376198 0.0314314 0.0255916 0.0202096 0.0153826 0.0111982 0.00772669 0.00500389
 0.00844083 0.0136222 0.0203369 0.0284731 0.0377418 0.047552 0.0569608 0.0648729 0.0704193 0.0732291 0.0734146 0.0713701 0.0675835 0.0625396 0.0566792 0.0503716 0.0439037 0.0374873 0.0312806 0.0254107 0.0199912 0.0151309 0.0109311 0.00747101 0.00478566
 0.00841287 0.0135827 0.0202888 0.028424 0.0377032 0.0475369 0.0569804 0.0649328 0.070516 0.0733492 0.0735388 0.0714809 0.0676718 0.0626068 0.0567324 0.0504172 0.0439422 0.0375128 0.0312829 0.025379 0.0199188 0.0150194 0.0107925 0.00732489 0.00465265
 0.00844572 0.0136272 0.0203398 0.0284717 0.0377372 0.0475517 0.0569793 0.0649273 0.0705212 0.0733764 0.07359 0.071548 0.0677405 0.062663 0.0567679 0.0504314 0.0439395 0.0374971 0.0312544 0.0253342 0.0198536 0.0149333 0.0106914 0.00722043 0.00455789
 0.00845564 0.0136347 0.020335 0.02844 0.0376626 0.0474231 0.0567967 0.0647054 0.0702882 0.0731688 0.0734442 0.0714904 0.06778 0.0627886 0.0569532 0.0506444 0.0441511 0.037687 0.0314103 0.0254494 0.0199256 0.0149639 0.0106874 0.00719331 0.00452084
 0.00850095 0.0137057 0.0204362 0.0285715 0.0378178 0.0475862 0.0569419 0.0648011 0.0703067 0.0730978 0.073294 0.0712921 0.0675753 0.062616 0.0568371 0.05059 0.0441477 0.0377149 0.031449 0.025483 0.0199442 0.014964 0.0106708 0.00716588 0.00448996
 0.00853567 0.0137487 0.0204764 0.0285917 0.0378001 0.047521 0.056834 0.0646681 0.0701701 0.0729736 0.0731883 0.0712046 0.0675067 0.0625727 0.0568296 0.0506271 0.0442296 0.0378312 0.0315816 0.0256116 0.0200524 0.0150427 0.0107189 0.00718837 0.00449515
 0.00868781 0.0139786 0.0207888 0.0289765 0.0382319 0.0479608 0.0572324 0.064973 0.070339 0.0729863 0.0730526 0.0709506 0.0671749 0.0622034 0.0564581 0.0502825 0.0439342 0.0375977 0.0314113 0.0254958 0.0199767 0.0149922 0.0106825 0.00715993 0.00447245
 0.00871573 0.0140333 0.0208877 0.0291397 0.0384752 0.0482852 0.0576156 0.0653691 0.0706889 0.0732345 0.0731626 0.0709131 0.0670061 0.0619378 0.0561377 0.0499478 0.0436181 0.0373233 0.0311909 0.0253314 0.0198617 0.0149155 0.0106323 0.00712668 0.00445005
 0.0085935 0.0138574 0.020666 0.0288967 0.038248 0.0481154 0.0575404 0.0654126 0.070855 0.0735016 0.0734856 0.0712343 0.0672723 0.0621149 0.0562174 0.0499444 0.0435592 0.037239 0.031106 0.0252616 0.0198128 0.0148859 0.0106164 0.00711853 0.00444545
 0.00851176 0.0137183 0.0204471 0.0285774 0.0378203 0.0475969 0.0569836 0.0649003 0.0704788 0.0733324 0.0735505 0.0715102 0.0676969 0.0626077 0.0567026 0.0503676 0.0438946 0.0374867 0.0312818 0.025386 0.0199035 0.0149538 0.0106672 0.0071548 0.00446927
 0.00855718 0.0137779 0.0205093 0.0286203 0.0378146 0.0475128 0.0568002 0.0646157 0.0701173 0.0729462 0.07321 0.0712842 0.0676288 0.0627008 0.056921 0.0506523 0.0441859 0.0377411 0.0314796 0.0255272 0.0199992 0.0150177 0.0107099 0.00718327 0.00448755
 0.00849641 0.0136938 0.0204094 0.0285188 0.0377256 0.0474409 0.0567345 0.0645315 0.0699882 0.0727589 0.0729761 0.071042 0.067433 0.0626035 0.0569521 0.0508085 0.0444328 0.0380283 0.0317589 0.0257661 0.0201845 0.015151 0.0108003 0.00724153 0.00452318
 0.00834383 0.0134641 0.0200987 0.0281381 0.0373003 0.047008 0.0563376 0.0642129 0.0697775 0.0726626 0.0729763 0.071108 0.067539 0.0627422 0.0571337 0.0510484 0.0447353 0.0383781 0.0321239 0.0261097 0.0204777 0.0153795 0.0109642 0.00735029 0.00459009
 0.00840203 0.0135317 0.020151 0.0281373 0.0372076 0.0468026 0.0560308 0.0638496 0.0694203 0.0723697 0.0727832 0.07102 0.0675379 0.0627997 0.0572271 0.0511683 0.0448841 0.0385597 0.0323338 0.0263317 0.0206892 0.0155604 0.0111035 0.00744732 0.00465143
 0.00843497 0.0135757 0.0201983 0.028171 0.037202 0.0467262 0.0558536 0.0635542 0.0690157 0.0718988 0.0723172 0.0706384 0.0673013 0.0627312 0.0573116 0.0513671 0.0451542 0.038866 0.0326513 0.026641 0.0209724 0.0158018 0.011293 0.00758304 0.0047398
 0.00843506 0.0135817 0.0202177 0.0282125 0.0372709 0.0468175 0.0559472 0.0636154 0.0690039 0.0717826 0.0720893 0.0703239 0.0669541 0.062418 0.0570895 0.0512666 0.0451742 0.0389822 0.0328299 0.0268486 0.0211814 0.0159911 0.0114488 0.00769949 0.00481851
 0.00836585 0.0134752 0.0200692 0.0280235 0.0370508 0.0465841 0.0557258 0.0634335 0.0688814 0.0717222 0.0720741 0.0703257 0.0669491 0.0624008 0.0570767 0.0512872 0.0452544 0.0391319 0.0330388 0.027092 0.0214295 0.0162177 0.0116361 0.00784021 0.00491437
 0.0084291 0.0135622 0.0201708 0.0281212 0.0371219 0.0466101 0.0556995 0.0633614 0.0687801 0.0716119 0.0719704 0.0702343 0.0668651 0.0623141 0.0569812 0.0511888 0.0451712 0.039086 0.0330453 0.0271514 0.0215279 0.0163333 0.0117477 0.00793301 0.00498218
 0.00841266 0.0135462 0.0201657 0.0281409 0.0371771 0.0466994 0.0558043 0.0634498 0.0688206 0.0715877 0.0718873 0.0701156 0.0667389 0.0622007 0.0568882 0.0511152 0.0451151 0.0390504 0.0330373 0.0271764 0.021584 0.0164101 0.01183 0.0080069 0.00503941
 0.00831949 0.0134133 0.0200008 0.0279646 0.0370189 0.0465902 0.0557674 0.0634944 0.0689369 0.0717478 0.0720525 0.0702493 0.0668199 0.0622281 0.0568769 0.051085 0.0450825 0.0390266 0.0330292 0.0271883 0.0216166 0.016459 0.0118867 0.00806147 0.00508421
 0.00832688 0.0134091 0.0199655 0.0278732 0.0368514 0.0463459 0.0554752 0.0632092 0.0687215 0.0716488 0.0720824 0.0703853 0.067016 0.0624348 0.0570576 0.0512235 0.0451808 0.0390966 0.0330849 0.0272406 0.0216713 0.0165168 0.0119441 0.00811312 0.0051257
 0.00831734 0.0134009 0.0199654 0.0278885 0.0368836 0.0463842 0.0554945 0.063179 0.0686236 0.0714922 0.071905 0.0702375 0.066937 0.0624356 0.0571207 0.0513168 0.0452743 0.0391734 0.0331423 0.0272843 0.021709 0.0165535 0.0119804 0.00814695 0.00515401
 0.00820664 0.0132395 0.0197574 0.027651 0.0366436 0.0461711 0.0553329 0.0630821 0.0685893 0.0715037 0.0719395 0.0702784 0.0669834 0.062501 0.0572208 0.0514564 0.0454427 0.0393501 0.0333075 0.0274263 0.0218248 0.0166454 0.0120521 0.00820132 0.00519321
 0.00820089 0.0132116 0.0196825 0.0274978 0.0363864 0.0458071 0.0548942 0.0626331 0.0682062 0.0712474 0.0718355 0.0703151 0.0671249 0.0627071 0.0574611 0.0517144 0.0457098 0.0396178 0.0335636 0.0276573 0.0220204 0.0168014 0.0121697 0.00828516 0.00524948
 0.00818703 0.013191 0.0196535 0.0274566 0.0363235 0.0457045 0.0547285 0.0623852 0.0678774 0.0708705 0.0714711 0.070032 0.066974 0.0627041 0.0575879 0.0519334 0.0459809 0.0399085 0.0338502 0.0279222 0.0222509 0.0169895 0.0123133 0.00838726 0.00531694
 0.00820176 0.0132158 0.0196924 0.0275135 0.0364001 0.0457981 0.0548279 0.0624691 0.0679161 0.070834 0.0713419 0.0698173 0.0667092 0.0624427 0.0573819 0.0518148 0.0459551 0.0399592 0.0339512 0.0280472 0.0223783 0.0171042 0.0124068 0.00845692 0.00536433
 0.00819642 0.0132075 0.0196808 0.0274991 0.0363848 0.0457856 0.0548233 0.0624769 0.0679368 0.0708604 0.0713585 0.0698043 0.0666519 0.0623415 0.0572558 0.0516958 0.045875 0.0399367 0.0339863 0.0281253 0.0224781 0.0172056 0.0124955 0.00852574 0.00541232
 0.00813576 0.0131184 0.0195645 0.027363 0.0362406 0.0456461 0.0547 0.0623796 0.0678737 0.0708372 0.0713761 0.0698563 0.0667242 0.0624158 0.0573174 0.0517406 0.045911 0.0399795 0.0340494 0.0282125 0.0225823 0.0173131 0.0125924 0.00860308 0.00546735
 0.0080802 0.0130361 0.0194558 0.0272342 0.036103 0.0455138 0.0545877 0.0622999 0.0678348 0.0708408 0.071417 0.0699243 0.0668071 0.0625017 0.0573959 0.0518046 0.0459591 0.0400169 0.034086 0.0282574 0.0226391 0.017378 0.0126572 0.00865928 0.00551006
 0.0078663 0.0127197 0.0190382 0.026738 0.0355673 0.0449845 0.0541098 0.0619142 0.0675742 0.0707265 0.0714542 0.0701008 0.0670961 0.0628676 0.057801 0.0522149 0.0463485 0.0403691 0.0343942 0.0285221 0.0228632 0.017564 0.0128059 0.0087714 0.00558822
 0.00755309 0.0121989 0.0182367 0.0255904 0.0340422 0.0431198 0.0520396 0.0598612 0.0658001 0.0694599 0.0708338 0.0701555 0.0677607 0.0640144 0.0592731 0.053854 0.048015 0.0419538 0.0358221 0.0297496 0.0238725 0.018356 0.0133956 0.0091844 0.00585752
 0.00766501 0.012316 0.0182911 0.0254739 0.0336282 0.0423034 0.0507799 0.0582086 0.0638997 0.0675318 0.0691324 0.0689155 0.0671421 0.0640682 0.0599408 0.0549955 0.0494514 0.0435071 0.0373423 0.0311277 0.0250425 0.0192899 0.0140957 0.00967492 0.00617654
 0.00799256 0.0128368 0.019047 0.0264802 0.0348506 0.0436336 0.0520239 0.0591122 0.0642182 0.0671188 0.0680035 0.0672523 0.065238 0.0622419 0.0584528 0.0539944 0.0489615 0.0434529 0.0375934 0.0315438 0.0255052 0.019718 0.0144454 0.00993306 0.00635001
 0.00815899 0.0131275 0.0195217 0.0272054 0.0358829 0.0449896 0.0536482 0.0608583 0.0658578 0.0683812 0.0686392 0.0671058 0.0643036 0.0606783 0.0565409 0.0520544 0.0472627 0.0421544 0.0367315 0.0310604 0.0252954 0.0196727 0.0144785 0.00998927 0.00640135
 0.00805454 0.0129793 0.0193415 0.0270255 0.0357569 0.0449891 0.0538522 0.0613338 0.0666287 0.0693974 0.0697616 0.0681248 0.0649954 0.0608787 0.0562079 0.0512862 0.0462612 0.0411497 0.0359048 0.0304997 0.0249958 0.0195702 0.0144913 0.0100488 0.0064648
 0.00804665 0.012965 0.019318 0.0269916 0.035717 0.0449579 0.0538594 0.0614239 0.0668535 0.0697988 0.0703488 0.0688521 0.0657536 0.0615127 0.0565619 0.0512633 0.0458664 0.0404909 0.0351492 0.0298079 0.0244696 0.0192362 0.0143189 0.00998293 0.0064539
 0.00784968 0.0126596 0.0188867 0.0264298 0.035036 0.0441882 0.0530551 0.0606637 0.0662342 0.0694196 0.0702909 0.0691577 0.0664067 0.0624289 0.0575966 0.0522444 0.046646 0.0409929 0.035388 0.0298667 0.0244521 0.0192208 0.0143386 0.0100332 0.00651418
 0.00765273 0.0123502 0.0184415 0.0258359 0.0342943 0.043319 0.0521033 0.0597002 0.0653484 0.0687062 0.0698357 0.0690266 0.0666356 0.063012 0.0584752 0.0533068 0.0477467 0.0419907 0.0361874 0.0304404 0.0248329 0.0194699 0.0145116 0.0101632 0.0066135
 0.00757013 0.0122062 0.0182073 0.0254791 0.0337872 0.0426509 0.0512926 0.0587975 0.0644295 0.0678576 0.0691416 0.0685605 0.0664549 0.063151 0.0589356 0.0540476 0.0486815 0.0430005 0.037149 0.0312602 0.0254679 0.019926 0.0148237 0.0103716 0.00675039
 0.00759663 0.0122402 0.0182402 0.0254941 0.0337588 0.0425476 0.0510817 0.0584536 0.0639451 0.0672528 0.0684673 0.0678927 0.0658812 0.0627544 0.0587788 0.05416 0.0490493 0.0435648 0.0378173 0.0319308 0.0260582 0.0203913 0.015158 0.0105945 0.00689056
 0.00755859 0.0121869 0.0181755 0.0254253 0.0336929 0.0424849 0.0510111 0.0583526 0.063785 0.0670086 0.0681291 0.0674745 0.0654246 0.062324 0.05845 0.0540005 0.0491003 0.043827 0.0382478 0.0324542 0.0265893 0.0208601 0.0155255 0.0108541 0.00705765
 0.00752986 0.0121511 0.0181417 0.0254092 0.0337128 0.0425547 0.0511334 0.0585141 0.0639558 0.067146 0.0681856 0.0674105 0.0652223 0.0619986 0.0580516 0.0536043 0.0487866 0.0436576 0.0382467 0.0326019 0.0268329 0.0211345 0.0157762 0.0110501 0.00719209
 0.00728587 0.0118076 0.0177235 0.0249739 0.033336 0.0423052 0.0510524 0.058607 0.0641971 0.0674883 0.0685686 0.0677689 0.0654961 0.062146 0.0580608 0.0534996 0.0486234 0.0435056 0.0381662 0.0326237 0.0269502 0.0213117 0.0159673 0.0112178 0.00731728
 0.00691481 0.0112495 0.0169705 0.0240555 0.0323198 0.0412914 0.0501634 0.057969 0.0639093 0.0675904 0.069024 0.068477 0.0663249 0.062969 0.0587835 0.0540724 0.0490428 0.0438054 0.0383999 0.0328414 0.0271803 0.0215542 0.0162019 0.0114194 0.00747003
#obs surv len freq
 nan nan nan nan nan nan nan nan nan nan nan nan nan nan nan nan nan nan nan nan nan nan nan nan nan
 0.00448271 0.00734309 0.0111721 0.0159876 0.0216877 0.0279629 0.034277 0.0400087 0.0446889 0.0481537 0.0505127 0.0520098 0.0529032 0.0534167 0.0537318 0.0539874 0.0542664 0.0545595 0.0546984 0.0542904 0.0527284 0.0493603 0.0438096 0.0362891 0.027672
 0.00461142 0.00755448 0.0114938 0.0164458 0.0223005 0.0287305 0.0351719 0.0409731 0.0456429 0.0490108 0.0511966 0.0524654 0.0531025 0.0533584 0.0534378 0.0534944 0.0536176 0.0537972 0.0538615 0.0534154 0.0518538 0.0485289 0.0430658 0.0356703 0.0271991
 0.00477739 0.00782513 0.0119028 0.0170251 0.0230744 0.0297059 0.0363274 0.0422535 0.0469644 0.0502736 0.0522996 0.0533189 0.053638 0.0535361 0.0532496 0.0529623 0.0527867 0.0527267 0.0526175 0.052068 0.050478 0.0472048 0.0418729 0.0346745 0.0264366
 0.00496995 0.00814 0.0123801 0.0177032 0.0239828 0.0308535 0.0376904 0.0437711 0.048546 0.0518148 0.0536963 0.0544755 0.0544714 0.0539805 0.0532622 0.0525293 0.0519262 0.0514875 0.0510746 0.0503184 0.0486365 0.0453983 0.0402268 0.0332911 0.0253734
 0.00517827 0.00848273 0.0129035 0.018453 0.0249956 0.0321425 0.0392311 0.0454959 0.0503539 0.0535895 0.0553245 0.0558565 0.0555197 0.0546253 0.0534482 0.0522199 0.05111 0.0501855 0.0493471 0.0482682 0.0464065 0.0431598 0.0381554 0.0315331 0.0240142
 0.00541409 0.0088662 0.013481 0.0192686 0.0260834 0.0335148 0.0408647 0.0473264 0.0522823 0.0554993 0.0570985 0.0573878 0.0567168 0.0554126 0.0537653 0.0520207 0.0503657 0.0488939 0.0475455 0.0460479 0.0439186 0.0406043 0.0357502 0.0294674 0.0224041
 0.0056468 0.00924988 0.0140683 0.0201117 0.0272234 0.0349655 0.0425964 0.0492614 0.0543077 0.05749 0.0589371 0.0589742 0.0579677 0.0562585 0.0541472 0.051889 0.0496821 0.04764 0.0457388 0.043762 0.0412981 0.0378603 0.0331268 0.0271868 0.0206104
 0.00588649 0.00964263 0.0146654 0.0209635 0.0283706 0.0364242 0.0443427 0.051224 0.0563765 0.0595356 0.0608321 0.0606071 0.0592495 0.057122 0.0545418 0.051774 0.0490237 0.0464156 0.0439541 0.0414748 0.0386402 0.0350395 0.030397 0.0247888 0.0187083
 0.00612942 0.0100398 0.0152673 0.0218186 0.0295167 0.0378737 0.0460681 0.0531525 0.0583998 0.0615305 0.0626792 0.0622015 0.0605047 0.05797 0.0549311 0.051666 0.0483883 0.0452333 0.0422276 0.0392524 0.0360399 0.0322572 0.0276815 0.0223839 0.0167869
 0.00636386 0.0104262 0.0158585 0.022667 0.0306631 0.0393311 0.0478049 0.0550872 0.0604141 0.0634932 0.0644685 0.0637173 0.0616708 0.0587309 0.0552468 0.0515067 0.0477307 0.0440621 0.0405465 0.0371046 0.0335324 0.0295708 0.0250506 0.0200436 0.0149083
 0.00662111 0.010845 0.0164899 0.0235587 0.0318505 0.0408228 0.0495668 0.0570371 0.0624316 0.0654422 0.0662198 0.0651646 0.0627366 0.0593667 0.0554271 0.0512202 0.0469725 0.0428316 0.0388555 0.0349967 0.0311061 0.0269909 0.0225323 0.0178048 0.0131091
 0.00684265 0.0112115 0.017053 0.0243699 0.0329499 0.0422224 0.0512335 0.0588879 0.0643468 0.0672893 0.0678761 0.0665293 0.0637351 0.0599495 0.0555679 0.0509101 0.0462145 0.0416363 0.0372454 0.0330199 0.0288552 0.0246147 0.0202223 0.0157547 0.011462
 0.00705932 0.0115659 0.0175904 0.0251341 0.033975 0.043519 0.0527749 0.0606035 0.0661301 0.0690168 0.0694273 0.0678019 0.0646527 0.0604638 0.0556559 0.0505684 0.0454529 0.040474 0.0357133 0.0311711 0.0267797 0.0224471 0.0181313 0.0139085 0.00998316
 0.00728987 0.0119403 0.0181531 0.0259249 0.035021 0.0448213 0.0542955 0.062262 0.0678157 0.0706101 0.0708203 0.0689085 0.0654118 0.0608381 0.0556298 0.0501441 0.0446457 0.0393099 0.0342298 0.0294248 0.0248571 0.0204701 0.0162467 0.0122592 0.00867027
 0.00744724 0.0122063 0.0185717 0.0265428 0.0358767 0.0459282 0.0556261 0.0637436 0.0693424 0.0720654 0.0720979 0.0699251 0.0661101 0.0611854 0.0556138 0.0497687 0.0439269 0.0382737 0.0329141 0.0278854 0.0231748 0.0187535 0.0146223 0.0108464 0.00755139
 0.0075244 0.0123313 0.0187605 0.026813 0.0362483 0.0464227 0.0562614 0.0645259 0.0702573 0.0730716 0.0731282 0.0708952 0.0669335 0.0617877 0.0559414 0.0497917 0.0436366 0.03768 0.0320451 0.0267895 0.0219246 0.0174453 0.0133659 0.00974444 0.00667445
 0.00759126 0.0124348 0.0189067 0.0270047 0.036486 0.0467058 0.0565899 0.0649019 0.0706856 0.0735579 0.0736734 0.0714855 0.0675336 0.0623413 0.0563807 0.0500515 0.0436675 0.0374562 0.0315678 0.0260884 0.0210577 0.016495 0.0124276 0.00890756 0.00600161
 0.00765516 0.0125309 0.0190369 0.0271655 0.0366698 0.046903 0.0567912 0.0651006 0.0708801 0.0737543 0.0738851 0.0717288 0.0678183 0.0626607 0.0567056 0.0503321 0.0438442 0.0374747 0.0313943 0.0257195 0.0205244 0.0158582 0.011766 0.00829852 0.00550209
 0.00770464 0.0126088 0.0191489 0.0273143 0.036853 0.0471118 0.0570097 0.0653076 0.0710555 0.0738867 0.0739766 0.0717948 0.0678818 0.0627424 0.0568143 0.0504573 0.0439549 0.0375263 0.0313425 0.0255365 0.0202111 0.0154471 0.0113126 0.00786446 0.00513671
 0.00778211 0.0127255 0.0193071 0.02751 0.0370771 0.0473519 0.0572513 0.0655343 0.0712498 0.0740323 0.0740628 0.0718201 0.0678559 0.0626846 0.0567474 0.0503983 0.0439067 0.0374744 0.0312595 0.025394 0.0199944 0.0151644 0.0109944 0.00755271 0.00486892
 0.00782089 0.012788 0.0193999 0.0276377 0.0372401 0.0475441 0.0574582 0.0657351 0.0714227 0.0741613 0.0741408 0.0718487 0.0678418 0.0626375 0.0566787 0.0503202 0.0438283 0.0373972 0.0311746 0.0252859 0.0198492 0.0149799 0.0107842 0.00734174 0.00468319
 0.0078527 0.0128353 0.0194629 0.0277144 0.0373274 0.0476393 0.0575601 0.0658422 0.0715315 0.0742645 0.0742287 0.0719117 0.0678738 0.0626376 0.056651 0.050272 0.0437674 0.0373291 0.0310997 0.0251994 0.0197445 0.0148544 0.0106437 0.00720002 0.00455662
 0.00788567 0.0128821 0.0195209 0.0277766 0.0373843 0.0476826 0.0575851 0.06585 0.071528 0.074259 0.0742303 0.0719258 0.0679 0.0626698 0.0566807 0.0502918 0.0437734 0.0373202 0.0310762 0.0251605 0.0196888 0.0147821 0.010559 0.00711169 0.00447549
 0.0079107 0.0129215 0.0195774 0.0278508 0.0374735 0.0477793 0.0576768 0.0659216 0.0715666 0.0742595 0.0741979 0.0718742 0.0678453 0.0626246 0.0566498 0.0502731 0.0437604 0.037306 0.0310553 0.0251298 0.0196469 0.0147295 0.0104992 0.00705047 0.00441969
 0.00790229 0.0129089 0.0195606 0.0278308 0.0374525 0.0477605 0.0576637 0.0659169 0.0715708 0.07427 0.0742103 0.0718848 0.0678533 0.0626331 0.0566638 0.0502957 0.0437907 0.0373391 0.0310844 0.0251486 0.0196515 0.0147195 0.010477 0.0070214 0.00438965
 0.00790092 0.0129015 0.0195401 0.0277883 0.0373801 0.0476563 0.0575354 0.0657814 0.0714498 0.0741829 0.0741685 0.0718894 0.0678975 0.0627056 0.0567534 0.0503935 0.0438905 0.0374356 0.031172 0.0252217 0.0197058 0.0147533 0.010492 0.00702216 0.00438219
 0.00789311 0.0128876 0.0195167 0.0277508 0.0373233 0.047575 0.057427 0.065648 0.0713007 0.0740347 0.0740428 0.071807 0.0678718 0.0627389 0.056837 0.0505121 0.0440272 0.0375753 0.0313033 0.0253361 0.0197978 0.0148205 0.0105354 0.00704585 0.00439194
 0.00789169 0.0128824 0.0195036 0.0277241 0.0372772 0.0475057 0.0573344 0.0655362 0.0711767 0.0739079 0.0739235 0.0717074 0.0678049 0.0627159 0.0568638 0.0505863 0.0441383 0.037708 0.0314411 0.025465 0.0199077 0.014906 0.0105957 0.00708381 0.00441281
 0.00788087 0.0128644 0.0194754 0.0276827 0.0372195 0.0474297 0.05724 0.0654265 0.0710581 0.073789 0.0738146 0.0716186 0.0677449 0.0626918 0.0568799 0.0506437 0.0442333 0.0378314 0.0315794 0.0256032 0.0200326 0.0150086 0.0106723 0.00713544 0.00444406
 0.00784284 0.0128026 0.0193828 0.0275533 0.0370509 0.0472252 0.0570115 0.0651934 0.0708439 0.0736154 0.0736968 0.0715634 0.0677523 0.0627566 0.0569943 0.0507983 0.0444181 0.0380351 0.0317891 0.0258051 0.0202136 0.0151587 0.0107868 0.00721536 0.00449471
 0.00784246 0.0127945 0.0193568 0.0274956 0.0369474 0.0470677 0.0568029 0.0649492 0.0705892 0.0733789 0.0735046 0.0714346 0.0676967 0.0627747 0.057079 0.0509377 0.0445975 0.0382393 0.0320031 0.026014 0.0204038 0.0153196 0.0109125 0.00730524 0.00455324
 0.0077957 0.0127236 0.0192594 0.0273719 0.0367987 0.0468948 0.0566059 0.0647303 0.0703559 0.0731472 0.0732975 0.0712783 0.0676129 0.0627756 0.0571644 0.0510968 0.0448121 0.0384882 0.0322647 0.0262687 0.0206349 0.015515 0.0110656 0.00741571 0.00462608
 0.00778114 0.0126934 0.0192021 0.0272742 0.0366496 0.0466925 0.0563617 0.0644676 0.0701025 0.0729257 0.0731217 0.0711542 0.0675447 0.0627683 0.0572228 0.0512213 0.0449959 0.0387166 0.0325176 0.0265242 0.020873 0.0157201 0.0112287 0.00753492 0.00470569
 0.00775749 0.0126576 0.0191528 0.0272103 0.0365693 0.0465915 0.0562341 0.064309 0.0699153 0.0727227 0.0729242 0.0709861 0.067426 0.0627102 0.0572291 0.0512902 0.0451222 0.0388908 0.0327252 0.0267464 0.0210898 0.0159137 0.011387 0.00765311 0.00478602
 0.00771529 0.0125908 0.019056 0.0270804 0.0364072 0.0464032 0.0560314 0.0641078 0.0697312 0.0725663 0.0728006 0.0708976 0.0673754 0.0627029 0.0572705 0.0513831 0.0452643 0.0390745 0.0329384 0.0269732 0.021312 0.0161142 0.0115529 0.00777853 0.00487223
 0.0076862 0.0125403 0.0189742 0.0269568 0.0362338 0.0461793 0.0557678 0.0638269 0.0694628 0.0723396 0.0726368 0.0708062 0.0673554 0.0627466 0.0573682 0.0515263 0.0454459 0.0392871 0.0331722 0.0272148 0.0215457 0.0163243 0.0117273 0.00791128 0.00496418
 0.00769549 0.0125546 0.0189939 0.0269803 0.0362562 0.0461917 0.0557571 0.0637796 0.0693698 0.072202 0.0724682 0.0706294 0.067195 0.0626228 0.0572926 0.0515024 0.0454717 0.0393572 0.0332785 0.0273466 0.0216895 0.0164654 0.0118523 0.00801129 0.0050363
 0.00764619 0.0124812 0.0188959 0.0268622 0.0361262 0.0460595 0.0556324 0.0636697 0.0692782 0.072128 0.0724081 0.07058 0.0671572 0.0626025 0.0572988 0.0515428 0.0455494 0.0394699 0.0334192 0.0275047 0.0218523 0.0166195 0.0119862 0.00811736 0.00511254
 0.00763377 0.0124572 0.0188534 0.0267931 0.036025 0.0459273 0.0554799 0.0635158 0.0691442 0.0720299 0.0723511 0.070559 0.0671617 0.0626225 0.0573297 0.0515859 0.0456096 0.0395518 0.0335234 0.0276266 0.0219828 0.0167471 0.0120999 0.00820944 0.00517994
 0.0076095 0.012421 0.0188045 0.0267323 0.035953 0.0458436 0.0553827 0.0634046 0.0690229 0.0719088 0.0722458 0.0704849 0.0671281 0.0626296 0.0573702 0.0516502 0.0456904 0.0396455 0.0336286 0.0277412 0.0221017 0.0168625 0.0122031 0.00829354 0.00524202
 0.0075919 0.0123923 0.0187614 0.0266723 0.0358753 0.0457506 0.0552806 0.0633018 0.0689276 0.0718261 0.0721779 0.0704331 0.0670956 0.0626211 0.0573893 0.051697 0.045761 0.0397338 0.0337286 0.0278477 0.0222094 0.0169653 0.0122945 0.00836826 0.00529754
 0.00757316 0.0123625 0.0187178 0.0266127 0.0357988 0.0456579 0.055175 0.0631899 0.0688185 0.07173 0.0721031 0.0703847 0.0670748 0.0626269 0.0574198 0.0517504 0.0458351 0.039825 0.0338318 0.0279568 0.0223177 0.0170663 0.0123825 0.00843912 0.00534977
 0.00757233 0.012361 0.0187152 0.0266083 0.0357914 0.0456458 0.055156 0.0631616 0.0687794 0.0716801 0.072045 0.0703236 0.0670174 0.0625798 0.0573883 0.0517381 0.0458433 0.0398533 0.033878 0.0280164 0.0223849 0.0171345 0.0124452 0.00849165 0.00538959
 0.0075429 0.0123167 0.018655 0.0265339 0.0357066 0.045556 0.0550674 0.0630809 0.0687124 0.0716307 0.0720145 0.070311 0.0670206 0.0625969 0.0574186 0.0517811 0.0458989 0.0399208 0.0339552 0.0280997 0.0224695 0.0172147 0.0125157 0.00854864 0.00543166
 0.00752097 0.0122789 0.0185947 0.0264444 0.0355838 0.045402 0.0548933 0.0629056 0.0685581 0.0715162 0.0719505 0.0702985 0.0670533 0.0626648 0.0575109 0.0518888 0.0460155 0.0400415 0.0340763 0.0282178 0.0225802 0.0173135 0.0125988 0.00861349 0.00547823
 0.00750444 0.0122531 0.0185574 0.0263937 0.0355177 0.0453185 0.0547908 0.0627853 0.0684261 0.0713846 0.0718351 0.0702157 0.0670144 0.0626732 0.0575622 0.0519734 0.0461218 0.0401594 0.0341976 0.028336 0.0226901 0.0174107 0.0126797 0.00867616 0.00552298
 0.00751049 0.0122608 0.0185653 0.0263987 0.0355165 0.0453077 0.054768 0.0627491 0.0683754 0.0713191 0.0717568 0.0701302 0.066932 0.0626063 0.0575219 0.0519657 0.0461464 0.0402102 0.0342662 0.0284134 0.0227686 0.0174837 0.0127424 0.00872588 0.00555908
 0.00751547 0.0122702 0.0185815 0.0264244 0.0355528 0.0453531 0.0548167 0.0627918 0.068402 0.0713214 0.0717311 0.0700776 0.0668582 0.062521 0.0574369 0.0518934 0.0460964 0.0401875 0.0342697 0.0284378 0.0228059 0.0175261 0.0127832 0.00876049 0.00558536
 0.00749067 0.0122324 0.0185294 0.0263591 0.0354781 0.0452755 0.0547449 0.0627353 0.0683681 0.0713125 0.0717433 0.0701029 0.0668873 0.062547 0.0574575 0.0519107 0.0461158 0.0402146 0.034308 0.028487 0.0228621 0.0175831 0.012835 0.00880294 0.00561668
 0.00749067 0.0122324 0.0185294 0.0263591 0.0354781 0.0452755 0.0547449 0.0627353 0.0683681 0.0713125 0.0717433 0.0701029 0.0668873 0.062547 0.0574575 0.0519107 0.0461158 0.0402146 0.034308 0.028487 0.0228621 0.0175831 0.012835 0.00880294 0.00561668
 0.00713587 0.0116667 0.0177016 0.0252363 0.0340609 0.0436173 0.0529669 0.0610201 0.0669245 0.0703218 0.0713142 0.0702526 0.0675512 0.0636055 0.0587682 0.0533362 0.0475426 0.0415604 0.0355197 0.0295339 0.0237298 0.0182695 0.0133489 0.00916363 0.00585169
 0.00709499 0.0115626 0.0174753 0.0248096 0.033356 0.042588 0.0516293 0.0594649 0.0653054 0.0688253 0.0701233 0.0695128 0.0673443 0.0639356 0.059565 0.0544763 0.0488795 0.042954 0.0368561 0.0307333 0.024745 0.0190808 0.013959 0.00959246 0.00613116
 0.00730378 0.0119 0.0179745 0.0254869 0.0341913 0.0435032 0.0524786 0.0600567 0.065459 0.0684412 0.0692283 0.0682565 0.0659513 0.0626383 0.0585452 0.0538301 0.0486129 0.0430027 0.0371192 0.0311057 0.02514 0.0194398 0.0142507 0.00980778 0.00627619
 0.0073894 0.0120658 0.0182726 0.0259809 0.0349385 0.0445254 0.0537324 0.0614189 0.0667386 0.0694172 0.0697048 0.0681203 0.0652114 0.0614304 0.0570927 0.0523772 0.0473581 0.0420575 0.0365031 0.0307702 0.0250043 0.0194223 0.0142878 0.00985897 0.00632104
 0.00721917 0.0118072 0.0179205 0.0255511 0.0344739 0.0440998 0.0534462 0.0613788 0.0670193 0.0700191 0.0705314 0.0689945 0.0659305 0.0618364 0.0571278 0.0520985 0.0469053 0.041593 0.0361518 0.0305878 0.0249798 0.0195041 0.0144158 0.00998617 0.00642214
 0.00723731 0.0118152 0.0178934 0.0254546 0.0342761 0.0437901 0.0530518 0.0609695 0.0666945 0.06988 0.0706466 0.0693687 0.0664915 0.0624492 0.057639 0.0523936 0.0469514 0.0414435 0.0359127 0.0303652 0.0248395 0.0194599 0.0144431 0.0100475 0.00648618
 0.00710172 0.0116066 0.0176007 0.025073 0.0338054 0.0432328 0.0524168 0.0602812 0.0660034 0.0692671 0.0702133 0.0692125 0.0666697 0.0629498 0.0583735 0.0532213 0.0477285 0.0420721 0.0363659 0.0306761 0.0250657 0.0196481 0.014613 0.0101967 0.0066052
 0.00699251 0.0114187 0.0173 0.0246247 0.0331855 0.0424442 0.0515012 0.0593162 0.0650835 0.0684799 0.0696271 0.0688776 0.0666249 0.0632185 0.0589466 0.0540415 0.0486913 0.0430526 0.0372569 0.031417 0.0256461 0.0200895 0.0149446 0.0104413 0.00677799
 0.00699824 0.0114193 0.0172836 0.0245712 0.0330674 0.0422306 0.0511647 0.0588432 0.0644851 0.0677978 0.0689301 0.068249 0.0661456 0.0629537 0.0589366 0.054294 0.0491739 0.0436938 0.0379617 0.0320935 0.0262302 0.0205539 0.0152914 0.0106875 0.00694416
 0.00698192 0.0114002 0.0172677 0.0245667 0.0330794 0.0422536 0.0511775 0.0588101 0.0643645 0.0675573 0.0685618 0.0677782 0.0656303 0.0624732 0.0585734 0.0541136 0.0492087 0.0439338 0.0383567 0.0325683 0.0267074 0.0209745 0.015625 0.0109296 0.00710652
 0.00699789 0.0114289 0.0173162 0.0246435 0.033193 0.0424087 0.0513705 0.0590242 0.0645678 0.0677047 0.0686034 0.0676741 0.0653672 0.0620755 0.0581029 0.0536548 0.0488455 0.0437247 0.0383193 0.032678 0.0269105 0.0212101 0.015844 0.0111045 0.00723006
 0.00705214 0.011519 0.0174551 0.0248438 0.0334633 0.0427488 0.0517664 0.059447 0.0649775 0.0680563 0.0688524 0.0677808 0.0653018 0.0618269 0.0576881 0.0531239 0.0482747 0.0431983 0.0379056 0.0324107 0.0267841 0.0211896 0.0158837 0.0111646 0.00728561
 0.0070943 0.0115938 0.017579 0.0250359 0.0337403 0.0431181 0.0522186 0.0599537 0.0654951 0.0685343 0.069242 0.0680397 0.0653981 0.0617412 0.0574184 0.0526904 0.0477233 0.0425968 0.0373299 0.0319256 0.0264259 0.0209609 0.0157608 0.0111124 0.00727169
 0.00711758 0.0116339 0.017644 0.0251359 0.0338871 0.0433227 0.0524885 0.0602887 0.0658836 0.0689519 0.0696519 0.0683978 0.0656594 0.061868 0.0573859 0.0524924 0.0473763 0.0421411 0.036825 0.031437 0.026009 0.0206469 0.0155526 0.0109917 0.00721126
#pred catch len freq
 0.00433665 0.00686021 0.010004 0.0136918 0.0178789 0.0225339 0.0275682 0.0327984 0.037978 0.0428571 0.0472231 0.0509208 0.0538667 0.0560528 0.0575325 0.0584001 0.0587729 0.0587618 0.0584026 0.0575461 0.0557771 0.0524826 0.0471407 0.0397179 0.030895
 0.0045985 0.00720145 0.0103647 0.0139723 0.0179779 0.0224022 0.0272449 0.0323996 0.0376398 0.0426685 0.0471908 0.0509847 0.0539505 0.0561151 0.0575901 0.0585142 0.0590063 0.0591288 0.0588385 0.0579176 0.055935 0.052334 0.0466974 0.0390903 0.0302368
