SBPRF35
10.7847
Curr Bio
625891
B35
789459
F35
0.183962
FOFL
0.139001
OFL
68377.9
Bzero
3.08135e+006
#pred survey bio
 4.00484e+006 3.84683e+006 3.69184e+006 3.49703e+006 3.25908e+006 3.00377e+006 2.73209e+006 2.47205e+006 2.23615e+006 1.98178e+006 1.73855e+006 1.5068e+006 1.32548e+006 1.176e+006 1.04389e+006 911225 818934 759356 711239 674362 639073 620970 601431 598110 596495 583166 577595 581411 576238 580452 582670 580467 583564 569728 559035 545924 538593 524203 536395 528938 530900 532530 533383 540842 537553 539223 538623 551837 552357 559299 570798 603290 625180 632276 2.14238e+007 1.3285e+007 1.39691e+007 1.51073e+007 1.65022e+007 1.79359e+007 1.92596e+007 2.03984e+007 2.13322e+007 2.20725e+007 2.26459e+007 2.30829e+007 2.34125e+007 2.36596e+007 2.38443e+007 2.39823e+007 2.40856e+007 2.41632e+007 2.42217e+007 2.4266e+007 2.42997e+007 2.43255e+007 2.43454e+007 2.43608e+007 2.43728e+007 2.43821e+007 2.43894e+007 2.43951e+007 2.43996e+007 2.44032e+007 2.4406e+007 2.44082e+007 2.441e+007 2.44114e+007 2.44126e+007 2.44135e+007 2.44142e+007 2.44148e+007 2.44153e+007 2.44156e+007 2.44159e+007 2.44162e+007 2.44164e+007 2.44165e+007 2.44167e+007 2.44168e+007 2.44168e+007 2.44169e+007 2.4417e+007 2.4417e+007 2.4417e+007 2.44171e+007 2.44171e+007 2.44171e+007 2.44171e+007 2.44171e+007 2.44171e+007 2.44171e+007 2.44171e+007 2.44171e+007 2.44172e+007 2.44172e+007 2.44172e+007 2.44172e+007 2.44172e+007 2.44172e+007 2.44172e+007 2.44172e+007 2.44172e+007 2.44172e+007 2.44172e+007 2.44172e+007 2.44172e+007 2.44172e+007 2.44172e+007 2.44172e+007 2.44172e+007 2.44172e+007 2.44172e+007 2.44172e+007 2.44172e+007 2.44172e+007 2.44172e+007 2.44172e+007 2.44172e+007 2.44172e+007 2.44172e+007 2.44172e+007 2.44172e+007 2.44172e+007 2.44172e+007 2.44172e+007 2.44172e+007 2.44172e+007 2.44172e+007 2.44172e+007 2.44172e+007 2.44172e+007 2.44172e+007 2.44172e+007 0 0 0 0 0 0 0 0 0 0 0 0 0 0 0 0 0 0 0 0 0 0 0 0 0
#obs survey bio
 3.2139e+006 2.58002e+006 4.64749e+006 3.6853e+006 4.21165e+006 2.30133e+006 2.08901e+006 2.31045e+006 1.94903e+006 1.72556e+006 1.60843e+006 1.05433e+006 966640 1.05076e+006 1.06824e+006 868116 608729 557789 952145 542936 623164 508908 548207 588204 471371 551951 552061 657253 540307 477551 560306 641679 574111 704973 435686 500281 800878 628715 609757 841112 507431 399967 499801 411200 685141 705240 532418 460104 638158 304580 511868 639598 738582 623896
#pred catch bio
 101773 102624 146511 198281 230731 265360 275605 273749 308556 313176 313211 275413 252376 239762 239673 202634 172988 160750 147271 141871 124486 123898 109106 107298 115665 106855 97571.4 103951 95055.5 96403.9 99072.3 92953.7 104671 98176.9 96788.1 90881.7 98813.7 79528.7 97972.6 89580.9 89815.9 90563.4 85334 94571.4 90307.3 92820.4 83013.8 95932.6 92267.6 90992.5 76862.1 89107.3 102787 123394 68377.9 91499.2 95132 101741 110714 120183 128888 136257 142159 146702 150096 152576 154356 155617 156499 157112 157535 157824 158022 158157 158248 158309 158351 158379 158398 158411 158419 158425 158429 158431 158433 158434 158435 158436 158436 158436 158436 158436 158436 158436 158436 158437 158437 158437 158437 158437 158437 158437 158437 158437 158437 158437 158437 158437 158437 158437 158437 158437 158437 158437 158437 158437 158437 158437 158437 158437 158437 158437 158437 158437 158437 158437 158437 158437 158437 158437 158437 158437 158437 158437 158437 158437 158437 158437 158437 158437 158437 158437 158437 158437 158437 158437 158437 158437 158437 158437 158437 158437 158437 158437 0 0 0 0 0 0 0 0 0 0 0 0 0 0 0 0 0 0 0 0 0 0 0 0 0
#obs catch bio
 0 102461 146662 198690 230993 266145 277124 274687 310744 316376 316592 277587 255050 242727 242568 204123 175279 163599 148903 142467 124863 125009 109840 108176 116984 107660 97779.1 104415 95068.2 96682.8 99681.1 92998.7 104968 98172.6 96688 90873.3 98760.2 79092.9 97500.2 88337.9 88571 89973.3 84736.1 94085.9 89417 91850.8 82328 95867.9 91919.8 91162.7 76803.5 89186.2 102557 123600
#pred cpue bio
 3.94062e+006 3.78549e+006 3.63301e+006 3.43944e+006 3.20252e+006 2.9482e+006 2.67755e+006 2.41851e+006 2.1836e+006 1.93088e+006 1.68975e+006 1.46062e+006 1.28131e+006 1.13349e+006 1.00319e+006 872934 782306 723890 677332 642146 608265 590712 571743 568534 567109 554510 549513 553553 548793 553000 555259 553444 556958 544117 534423 522180 514539 499205 510136 503086 505430 507134 507897 515125 511954 513527 512716 525079 525206 531606 542349 573648 594957 601982 2.04083e+007 1.26765e+007 1.32356e+007 1.42214e+007 1.55548e+007 1.69719e+007 1.82917e+007 1.94298e+007 2.03634e+007 2.11037e+007 2.16771e+007 2.21141e+007 2.24437e+007 2.26908e+007 2.28755e+007 2.30135e+007 2.31168e+007 2.31943e+007 2.32528e+007 2.32971e+007 2.33309e+007 2.33567e+007 2.33766e+007 2.3392e+007 2.34039e+007 2.34132e+007 2.34205e+007 2.34263e+007 2.34308e+007 2.34343e+007 2.34371e+007 2.34394e+007 2.34412e+007 2.34426e+007 2.34437e+007 2.34446e+007 2.34454e+007 2.3446e+007 2.34464e+007 2.34468e+007 2.34471e+007 2.34473e+007 2.34475e+007 2.34477e+007 2.34478e+007 2.34479e+007 2.3448e+007 2.34481e+007 2.34481e+007 2.34482e+007 2.34482e+007 2.34482e+007 2.34482e+007 2.34483e+007 2.34483e+007 2.34483e+007 2.34483e+007 2.34483e+007 2.34483e+007 2.34483e+007 2.34483e+007 2.34483e+007 2.34483e+007 2.34483e+007 2.34483e+007 2.34483e+007 2.34483e+007 2.34483e+007 2.34483e+007 2.34483e+007 2.34483e+007 2.34483e+007 2.34483e+007 2.34483e+007 2.34483e+007 2.34483e+007 2.34483e+007 2.34483e+007 2.34483e+007 2.34483e+007 2.34483e+007 2.34483e+007 2.34483e+007 2.34483e+007 2.34483e+007 2.34483e+007 2.34483e+007 2.34483e+007 2.34483e+007 2.34483e+007 2.34483e+007 2.34483e+007 2.34483e+007 2.34483e+007 2.34483e+007 2.34483e+007 2.34483e+007 2.34483e+007 2.34483e+007 2.34483e+007 0 0 0 0 0 0 0 0 0 0 0 0 0 0 0 0 0 0 0 0 0 0 0 0 0
#obs cpue bio
 2.87555e+006 3.91184e+006 3.8735e+006 3.18957e+006 2.48055e+006 3.25328e+006 2.31401e+006 2.81343e+006 2.13385e+006 1.54975e+006 1.78469e+006 2.03508e+006 1.28859e+006 991933 1.00168e+006 932907 586166 626659 583508 1.15163e+006 551988 504591 543335 462139 601965 600557 693910 471296 668666 551455 455450 625397 580986 475369 785094 478798 474354 440520 657952 624435 671731 460904 566539 737908 590421 527003 421467 452802 541098 701642 543682 580409 647779 548239
#pred surv len freq
 0.00467695 0.00763248 0.0115596 0.0164618 0.0222304 0.0285603 0.0349267 0.0407183 0.0454694 0.0490128 0.0514525 0.0530256 0.0539782 0.0545062 0.0547415 0.0547571 0.0545825 0.0542103 0.0535666 0.0524434 0.0504476 0.0470675 0.0419109 0.0350211 0.0270404
 0.00483762 0.00781646 0.0116983 0.0164553 0.021989 0.0280612 0.0342497 0.0400278 0.0449427 0.0487567 0.0514603 0.0531985 0.0541911 0.0546757 0.0548605 0.0548858 0.054805 0.0545787 0.0540605 0.0529655 0.050863 0.0472669 0.0418626 0.0347798 0.0267113
 0.00502785 0.00812707 0.0121619 0.0170866 0.0227626 0.0288906 0.0349869 0.040503 0.0450388 0.048474 0.0509223 0.0525855 0.0536476 0.0542566 0.0545443 0.054631 0.0545971 0.0544348 0.0539958 0.0529571 0.0508438 0.0471583 0.0416223 0.0344277 0.0263165
 0.00520753 0.00842041 0.0126064 0.017719 0.0236123 0.0299646 0.0362492 0.0418561 0.0463234 0.0494988 0.0515214 0.0526816 0.0532824 0.053565 0.0536883 0.0537372 0.0537343 0.0536292 0.0532533 0.0522707 0.0501915 0.0465113 0.0409664 0.0337819 0.0257279
 0.00543378 0.00878103 0.0131362 0.0184474 0.0245596 0.0311369 0.0376289 0.043394 0.0479337 0.0510593 0.0528796 0.0536733 0.0537699 0.0534825 0.0530687 0.0526992 0.0524351 0.0522121 0.0518185 0.0508734 0.0488576 0.0452565 0.0398126 0.032764 0.0248862
 0.00569674 0.00920067 0.0137532 0.0192943 0.0256558 0.0324801 0.0391866 0.0451007 0.0496994 0.0527826 0.0544555 0.054992 0.0547137 0.0539368 0.0529499 0.0519881 0.0511932 0.0505674 0.0499275 0.0488833 0.0468872 0.0433985 0.0381435 0.0313477 0.023766
 0.00595997 0.00962904 0.0143985 0.0202047 0.026866 0.0339967 0.0409729 0.0470724 0.0517374 0.0547567 0.0562456 0.056496 0.0558441 0.0546119 0.0530925 0.0515374 0.0501294 0.0489341 0.0478367 0.0464988 0.0443952 0.0409803 0.0359562 0.0295087 0.0223388
 0.00623409 0.0100673 0.0150452 0.021098 0.0280338 0.0354487 0.0426889 0.048995 0.0537737 0.0567899 0.0581505 0.058153 0.0571482 0.0554756 0.0534434 0.0513158 0.0492944 0.0474815 0.0458214 0.0440477 0.0416997 0.0382681 0.0334499 0.0273838 0.0206925
 0.00647292 0.0104564 0.0156322 0.021928 0.0291407 0.0368424 0.0443428 0.0508423 0.0557183 0.0587253 0.059974 0.0597706 0.0584723 0.0564229 0.0539354 0.0512821 0.0486785 0.0462534 0.0439987 0.041718 0.0390308 0.0354928 0.0308222 0.0251211 0.0189258
 0.0066935 0.0108264 0.0162103 0.0227758 0.0303107 0.0383572 0.0461751 0.0529077 0.0578881 0.0608535 0.0619237 0.06143 0.0597589 0.0572784 0.0543157 0.0511473 0.0479902 0.0449832 0.0421494 0.039352 0.0362922 0.0326045 0.0280487 0.0227044 0.0170232
 0.00692775 0.0112053 0.0167779 0.0235748 0.0313778 0.0397141 0.0478155 0.0547865 0.0599197 0.062919 0.0638863 0.0631532 0.0611249 0.0582001 0.0547384 0.0510404 0.0473355 0.0437709 0.0403885 0.0370955 0.0336642 0.029807 0.0253343 0.0203157 0.0151267
 0.00729782 0.0117819 0.0175995 0.0246612 0.0327285 0.0413072 0.0496036 0.0566959 0.0618572 0.0647855 0.0655872 0.0646018 0.0622417 0.0589144 0.0549928 0.0507955 0.04657 0.0424802 0.0385904 0.0348458 0.0310781 0.0270696 0.0226796 0.0179739 0.0132606
 0.00762024 0.012298 0.0183602 0.0257055 0.0340735 0.0429338 0.0514445 0.0586372 0.0637613 0.0665242 0.0670664 0.065767 0.0630651 0.0593781 0.0550767 0.050474 0.0458169 0.0412783 0.036944 0.0327987 0.0287306 0.0245852 0.0202668 0.0158398 0.0115541
 0.00783681 0.0126582 0.018917 0.026513 0.0351751 0.0443434 0.0531275 0.060503 0.0656751 0.0683341 0.0686333 0.0669865 0.0638784 0.059768 0.0550535 0.0500568 0.0450192 0.0401062 0.035408 0.0309339 0.0266192 0.022365 0.0181166 0.0139391 0.0100332
 0.00802363 0.0129631 0.0193789 0.0271707 0.0360619 0.0454776 0.0544995 0.0620663 0.0673458 0.0699994 0.0701662 0.0682635 0.0647978 0.0602655 0.0551074 0.0496809 0.0442477 0.0389784 0.0339637 0.0292232 0.02472 0.020395 0.0162248 0.0122747 0.00870446
 0.00835933 0.0134864 0.0201246 0.0281558 0.0372838 0.0469106 0.056091 0.0637355 0.068992 0.0715175 0.0714605 0.0692547 0.0654252 0.0604883 0.0549087 0.04907 0.0432579 0.0376599 0.032377 0.0274383 0.0228231 0.0184951 0.014448 0.010741 0.00749594
 0.00854527 0.0137912 0.0205872 0.028812 0.0381567 0.0479973 0.0573506 0.0650896 0.0703403 0.0727622 0.0725242 0.0700849 0.0659874 0.0607581 0.0548673 0.048707 0.042576 0.0366802 0.0311407 0.0260078 0.0212816 0.0169444 0.0129988 0.00949347 0.00651583
 0.00844168 0.0136595 0.0204579 0.028739 0.0382067 0.0482306 0.0578025 0.0657596 0.0711927 0.0737329 0.0735323 0.0710454 0.0668238 0.0614095 0.0552897 0.0488704 0.0424631 0.0362884 0.0304873 0.0251349 0.0202576 0.0158595 0.0119526 0.00857577 0.00578673
 0.00838685 0.0135622 0.0202989 0.0285027 0.0378934 0.0478723 0.0574707 0.065555 0.071214 0.074039 0.0741185 0.0718453 0.0677319 0.0623109 0.056083 0.0494787 0.042836 0.0364005 0.0303377 0.0247483 0.0196862 0.0151789 0.0112505 0.0079343 0.005264
 0.00853429 0.013759 0.0205153 0.028683 0.0379697 0.0477893 0.0572091 0.0651449 0.0707331 0.0735971 0.0738302 0.0717969 0.067954 0.0627681 0.0566862 0.0501135 0.0433928 0.0367952 0.0305222 0.0247127 0.0194564 0.0148107 0.0108169 0.00750822 0.00490131
 0.00872862 0.0140633 0.0209484 0.0292467 0.0386393 0.0485039 0.05787 0.0656318 0.0709406 0.0734781 0.0734218 0.0712114 0.0673393 0.0622564 0.0563543 0.0499676 0.0433796 0.0368307 0.0305235 0.024623 0.0192568 0.0145192 0.0104775 0.00717352 0.00461467
 0.00877404 0.0141397 0.0210686 0.0294244 0.0388866 0.0488253 0.0582548 0.0660465 0.0713279 0.0737658 0.0735429 0.071131 0.0670745 0.0618769 0.0559583 0.0496437 0.0431743 0.0367368 0.0304929 0.0245941 0.0191825 0.0143827 0.0102927 0.0069724 0.00443077
 0.00885798 0.0142677 0.0212456 0.0296503 0.0391572 0.0491344 0.0585942 0.0664043 0.0716851 0.0740931 0.0738003 0.0712733 0.0670641 0.0617008 0.055641 0.0492443 0.0427663 0.0363797 0.0302121 0.02438 0.0190058 0.0142164 0.0101258 0.00681099 0.00428916
 0.00880471 0.014188 0.0211387 0.0295204 0.0390133 0.0489893 0.0584641 0.0663087 0.0716455 0.0741284 0.0739197 0.0714688 0.0673069 0.0619468 0.0558445 0.0493754 0.042822 0.0363805 0.0301869 0.0243489 0.0189735 0.0141772 0.0100741 0.00674869 0.00422505
 0.008652 0.0139635 0.0208452 0.0291765 0.0386489 0.0486379 0.0581564 0.06607 0.0714954 0.0740805 0.0739807 0.0716365 0.0675685 0.0622772 0.0562072 0.0497291 0.0431305 0.0366232 0.0303616 0.0244659 0.0190464 0.0142161 0.010086 0.0067402 0.00420461
 0.00862603 0.0139165 0.0207663 0.0290553 0.0384805 0.0484296 0.0579318 0.065865 0.0713461 0.0740099 0.0739919 0.0717167 0.0676987 0.0624404 0.0563897 0.0499174 0.0433092 0.0367767 0.0304784 0.024543 0.019088 0.0142305 0.0100819 0.00672531 0.00418526
 0.0086538 0.0139427 0.0207707 0.0290074 0.0383476 0.0481902 0.0575879 0.0654473 0.0709088 0.0736179 0.0737047 0.0715739 0.0677119 0.0625933 0.0566474 0.0502374 0.0436508 0.0371058 0.0307698 0.0247809 0.0192669 0.0143536 0.0101584 0.00676691 0.00420375
 0.00859262 0.0138504 0.0206442 0.0288459 0.0381494 0.0479495 0.0572951 0.0650953 0.0705042 0.0731896 0.0733045 0.0712656 0.0675523 0.0626145 0.056847 0.0505819 0.0440872 0.0375762 0.0312231 0.0251801 0.019591 0.0145966 0.0103262 0.00687303 0.00426457
 0.00867501 0.0139659 0.020784 0.0289904 0.0382739 0.0480319 0.0573219 0.0650605 0.0704041 0.0730201 0.0730646 0.0709669 0.0672265 0.0623104 0.0566172 0.0504643 0.0440926 0.0376869 0.0314024 0.0253855 0.0197865 0.0147589 0.0104461 0.00695229 0.00431142
 0.0086273 0.0139001 0.0207061 0.0289115 0.0382043 0.0479747 0.0572683 0.0649941 0.07031 0.0728939 0.0729149 0.07081 0.0670797 0.0621897 0.056539 0.0504463 0.0441489 0.0378203 0.031599 0.0256174 0.02002 0.0149655 0.0106086 0.00706672 0.00438372
 0.00845397 0.0136493 0.0203865 0.0285524 0.0378489 0.0476678 0.0570449 0.064872 0.0702874 0.0729514 0.0730213 0.0709331 0.0671965 0.0622916 0.0566312 0.0505424 0.0442647 0.0379681 0.0317818 0.0258261 0.0202355 0.015165 0.0107739 0.0071893 0.00446502
 0.00834931 0.0134772 0.0201257 0.0281868 0.0373773 0.0471147 0.0564676 0.0643531 0.0699115 0.0727751 0.0730543 0.0711398 0.0675144 0.062656 0.0569934 0.050877 0.0445675 0.0382465 0.0320459 0.0260803 0.0204753 0.0153797 0.0109518 0.00732353 0.00455646
 0.00815028 0.0131746 0.0197092 0.0276596 0.0367538 0.0464174 0.0557279 0.0636165 0.0692412 0.0722472 0.0727428 0.071094 0.0677411 0.0631152 0.0576107 0.0515682 0.0452609 0.038895 0.0326263 0.0265848 0.0209025 0.0157289 0.0112231 0.00752061 0.00468831
 0.00801472 0.0129708 0.0194335 0.0273201 0.0363684 0.0460092 0.0553215 0.0632341 0.0689001 0.0719597 0.07252 0.0709522 0.0677036 0.0632047 0.0578359 0.0519137 0.0456886 0.0393569 0.0330786 0.0269971 0.0212581 0.0160208 0.0114504 0.00768666 0.00480061
 0.00807983 0.0130339 0.0194507 0.0272276 0.036103 0.0455401 0.0546734 0.0624875 0.0681641 0.0713345 0.0720693 0.0706976 0.0676367 0.0633046 0.0580807 0.0522815 0.0461523 0.03988 0.0336177 0.0275097 0.021711 0.0163944 0.0117384 0.00789355 0.00493818
 0.0087338 0.0139706 0.0206235 0.0285061 0.0373012 0.0464674 0.0551832 0.0625055 0.0676985 0.0704714 0.0709541 0.0694999 0.0665083 0.0623492 0.0573468 0.0517743 0.0458515 0.0397522 0.0336223 0.0276026 0.0218495 0.0165428 0.0118721 0.00799962 0.00501364
 0.00921499 0.0147504 0.0217847 0.0301028 0.0393227 0.0487946 0.0575644 0.064587 0.0691198 0.0709865 0.0705118 0.0682437 0.0647074 0.0603056 0.0553203 0.0499442 0.0443127 0.0385323 0.0327049 0.0269475 0.0214064 0.0162603 0.0117033 0.00790591 0.00496579
 0.00917468 0.0147723 0.0219798 0.0306292 0.0403454 0.0504185 0.0597678 0.06719 0.0718034 0.0733577 0.0721956 0.0689775 0.0644099 0.0590913 0.0534527 0.0477486 0.0420889 0.0364991 0.0309855 0.0255839 0.020385 0.0155363 0.0112188 0.0076012 0.00478694
 0.00867188 0.0140161 0.0209627 0.029403 0.0390311 0.049206 0.0589011 0.0669221 0.0723172 0.074679 0.0741474 0.071212 0.0665114 0.0607045 0.0543809 0.0479858 0.0417833 0.0358736 0.0302566 0.0249082 0.0198444 0.0151505 0.0109693 0.00745413 0.00470779
 0.00863191 0.0139127 0.0207382 0.0289865 0.0383647 0.0482852 0.0578094 0.0658372 0.0714773 0.0743171 0.0744165 0.0721262 0.0679243 0.0623406 0.0559161 0.0491495 0.0424364 0.0360307 0.0300472 0.0245069 0.0194053 0.0147719 0.0106909 0.00727392 0.00460354
 0.00873918 0.0140527 0.0208825 0.0290808 0.0383348 0.0480532 0.0573167 0.0650705 0.0704932 0.0732543 0.0734811 0.0715403 0.0678516 0.0628194 0.0568351 0.0502822 0.043523 0.0368686 0.0305478 0.0246966 0.0193822 0.0146482 0.0105515 0.00716286 0.00453167
 0.00875356 0.0140929 0.0209721 0.0292452 0.0385868 0.0483728 0.0576374 0.0652869 0.0704933 0.072966 0.0729117 0.070791 0.0670958 0.0622485 0.0565897 0.0503978 0.0439183 0.037385 0.0310204 0.025018 0.019527 0.0146559 0.010487 0.00708174 0.0044651
 0.00875099 0.014089 0.0209678 0.0292452 0.038602 0.0484212 0.0577397 0.0654534 0.0707068 0.0731717 0.0730281 0.0707433 0.0668576 0.0618677 0.0561772 0.0500818 0.0437859 0.0374452 0.0312088 0.0252372 0.0196969 0.0147425 0.0105004 0.00705374 0.00442609
 0.00869663 0.0140029 0.0208429 0.0290774 0.0383925 0.0481797 0.0574878 0.0652249 0.070542 0.0731043 0.0730689 0.0708695 0.0670177 0.0620038 0.0562558 0.0501133 0.0438168 0.0375264 0.0313615 0.0254409 0.0199049 0.0149109 0.0106086 0.00710678 0.00444289
 0.00875452 0.0140905 0.0209622 0.0292248 0.0385584 0.0483489 0.0576407 0.0653408 0.0706044 0.0731076 0.073021 0.0707876 0.066918 0.0618925 0.0561285 0.0499647 0.0436539 0.0373723 0.0312449 0.0253786 0.0198919 0.0149258 0.010628 0.00711712 0.00444233
 0.00887883 0.0142674 0.0211817 0.0294618 0.0387798 0.0485251 0.0577543 0.0653884 0.0705923 0.0730458 0.0729204 0.0706596 0.0667753 0.0617471 0.0559889 0.0498335 0.0435305 0.0372584 0.0311473 0.0253068 0.0198506 0.0149109 0.0106286 0.00712194 0.00444494
 0.00907462 0.0145669 0.0215959 0.0299845 0.0393849 0.0491658 0.0583651 0.0658937 0.0709243 0.0731648 0.0728258 0.0703859 0.0663759 0.0612778 0.0554967 0.0493531 0.0430847 0.036861 0.0308068 0.0250284 0.0196362 0.0147568 0.0105258 0.00705777 0.00440679
 0.00899456 0.0144661 0.0214984 0.0299301 0.0394176 0.0493153 0.0586311 0.0662423 0.0712976 0.0734989 0.0730685 0.0705082 0.0663756 0.0611749 0.0553239 0.0491449 0.0428695 0.0366583 0.0306284 0.0248803 0.0195208 0.0146733 0.0104702 0.00702378 0.00438759
 0.00907039 0.0145756 0.0216389 0.0300941 0.0395992 0.0495186 0.0588722 0.0665403 0.071658 0.073898 0.0734513 0.070804 0.066523 0.0611435 0.0551222 0.0488125 0.0424618 0.0362298 0.0302224 0.0245252 0.019231 0.0144521 0.0103126 0.00691952 0.00432378
 0.00916325 0.0147117 0.0218159 0.0302988 0.0398108 0.0497137 0.0590318 0.0666563 0.0717372 0.0739609 0.0735229 0.0708975 0.0666279 0.0612263 0.0551412 0.0487389 0.0422922 0.0359864 0.0299422 0.0242464 0.018983 0.0142516 0.0101641 0.0068185 0.00426079
 0.00908259 0.0146089 0.0217127 0.0302312 0.0398162 0.0498134 0.0592171 0.0668896 0.0719683 0.0741492 0.0736525 0.0709783 0.0666831 0.0612747 0.0551849 0.0487624 0.0422736 0.035912 0.029815 0.0240854 0.0188144 0.0140988 0.0100415 0.00673046 0.00420379
 0.00889013 0.0142979 0.0212509 0.0295981 0.0390166 0.0488928 0.0582704 0.0660481 0.0713624 0.0738652 0.0737074 0.0713265 0.0672455 0.0619687 0.0559391 0.0495182 0.042981 0.0365299 0.0303164 0.024462 0.0190761 0.0142678 0.0101439 0.00678914 0.0042359
 0.00873414 0.0140656 0.0209399 0.0292169 0.0385788 0.0484096 0.05775 0.0655042 0.0708283 0.0733994 0.0733836 0.0712091 0.0673639 0.0623063 0.0564423 0.0501162 0.0436046 0.0371216 0.0308344 0.0248816 0.0193903 0.014485 0.0102825 0.00687103 0.00428089
 0.00827788 0.0134161 0.0201335 0.028346 0.037766 0.0477648 0.0573345 0.0653197 0.0708298 0.0735216 0.0735682 0.0714242 0.0676099 0.0626052 0.0568168 0.0505702 0.0441166 0.0376516 0.0313374 0.0253203 0.0197423 0.0147447 0.0104586 0.00698064 0.00434352
#obs surv len freq
 nan nan nan nan nan nan nan nan nan nan nan nan nan nan nan nan nan nan nan nan nan nan nan nan nan
 0.00449287 0.00735783 0.0111909 0.016009 0.0217095 0.027983 0.0342938 0.0400215 0.0446977 0.0481585 0.0505138 0.0520074 0.0528977 0.0534085 0.0537215 0.0539755 0.0542533 0.0545456 0.054684 0.0542759 0.0527141 0.0493469 0.0437977 0.0362792 0.0276644
 0.00461957 0.00756805 0.0115147 0.0164756 0.0223398 0.0287778 0.0352231 0.0410221 0.0456831 0.0490377 0.0512087 0.0524642 0.0530908 0.0533394 0.0534138 0.053467 0.0535879 0.0537659 0.0538291 0.0533827 0.0518217 0.0484987 0.0430388 0.0356479 0.027182
 0.00477232 0.00781968 0.0118998 0.0170289 0.02309 0.029737 0.0363749 0.0423144 0.0470321 0.0503397 0.0523556 0.0533585 0.0536579 0.0535368 0.053234 0.0529345 0.0527506 0.0526853 0.052573 0.0520221 0.0504324 0.0471616 0.0418344 0.0346425 0.0264122
 0.00496941 0.00813844 0.0123767 0.0176974 0.0239751 0.0308466 0.0376894 0.0437824 0.0485749 0.0518624 0.0537581 0.0545423 0.0545323 0.0540261 0.053287 0.0525326 0.0519107 0.0514576 0.051035 0.0502733 0.0485897 0.0453529 0.0401858 0.0332568 0.0253472
 0.00518694 0.00849509 0.0129188 0.0184694 0.0250104 0.0321531 0.039236 0.0454958 0.0503517 0.0535906 0.0553348 0.0558796 0.0555549 0.0546667 0.0534868 0.0522469 0.0511196 0.0501764 0.0493216 0.0482308 0.0463626 0.0431145 0.0381132 0.0314973 0.0239865
 0.00541438 0.00886911 0.0134898 0.0192873 0.0261155 0.0335606 0.0409202 0.0473835 0.0523318 0.0555343 0.0571173 0.0573941 0.0567174 0.0554135 0.0537685 0.0520239 0.0503632 0.0488798 0.0475167 0.0460049 0.0438654 0.040547 0.0356952 0.0294197 0.0223669
 0.00564251 0.00924213 0.0140555 0.0200925 0.0271981 0.0349368 0.0425704 0.0492457 0.0543082 0.0575079 0.058968 0.0590105 0.0580029 0.0562895 0.0541743 0.0519137 0.0497045 0.0476573 0.0457473 0.0437591 0.0412839 0.0378377 0.0331006 0.0271615 0.0205894
 0.00588896 0.00964533 0.014667 0.0209617 0.0283627 0.036408 0.0443174 0.0511916 0.0563417 0.0595057 0.060814 0.0606054 0.0592641 0.0571488 0.0545748 0.0518082 0.0490556 0.0464432 0.0439752 0.0414875 0.0386433 0.035034 0.0303856 0.024775 0.0186954
 0.00614641 0.010068 0.0153105 0.0218803 0.0295979 0.0379716 0.0461743 0.0532536 0.0584812 0.0615812 0.0626948 0.0621857 0.0604666 0.05792 0.0548774 0.0516128 0.0483366 0.045182 0.0421751 0.0391974 0.0359822 0.0321985 0.0276251 0.0223339 0.0167467
 0.00637746 0.0104479 0.0158905 0.0227111 0.030721 0.0394037 0.0478912 0.0551837 0.0605134 0.0635847 0.0645403 0.0637593 0.0616782 0.0587055 0.0551961 0.0514403 0.0476575 0.0439876 0.0404728 0.0370321 0.0334613 0.0295024 0.0249876 0.0199893 0.0148652
 0.00659905 0.0108114 0.0164437 0.0235008 0.031784 0.040753 0.0495015 0.0569856 0.0624035 0.0654443 0.0662537 0.0652252 0.0628132 0.059446 0.0554978 0.0512757 0.0470116 0.0428568 0.0388705 0.0350042 0.0311077 0.0269878 0.0225257 0.0177964 0.0131007
 0.0068378 0.0112021 0.0170361 0.0243421 0.0329088 0.0421676 0.0511687 0.0588207 0.064287 0.0672468 0.067858 0.066539 0.0637711 0.0600059 0.0556352 0.050978 0.0462743 0.0416833 0.0372786 0.0330409 0.0288668 0.0246194 0.0202222 0.0157518 0.0114579
 0.00709143 0.0116156 0.0176605 0.0252244 0.034082 0.0436349 0.0528875 0.0606979 0.0661925 0.069039 0.0694099 0.0677533 0.0645856 0.060391 0.0555864 0.0505063 0.0453975 0.0404223 0.0356623 0.0311195 0.0267282 0.022398 0.0180872 0.0138718 0.00995491
 0.00728865 0.0119438 0.0181683 0.0259613 0.0350875 0.0449218 0.054425 0.062406 0.0679538 0.0707215 0.0708894 0.0689286 0.0653854 0.0607756 0.055545 0.0500509 0.0445542 0.039225 0.0341526 0.0293545 0.024793 0.0204125 0.016197 0.0122187 0.00863985
 0.00745536 0.0122187 0.0185892 0.0265667 0.0359093 0.045974 0.0556911 0.0638323 0.0694543 0.0721916 0.0722215 0.0700252 0.0661689 0.0611941 0.0555743 0.0496919 0.0438278 0.0381666 0.0328095 0.0277892 0.0230897 0.0186806 0.0145621 0.0107992 0.00751691
 0.00753109 0.0123429 0.0187791 0.0268409 0.036287 0.0464721 0.0563196 0.06459 0.0703246 0.0731408 0.0731987 0.0709638 0.066993 0.0618274 0.0559512 0.0497664 0.0435787 0.0375983 0.0319515 0.0266949 0.021837 0.0173695 0.0133041 0.00969698 0.00664045
 0.00759668 0.0124442 0.018922 0.0270281 0.0365195 0.0467505 0.0566451 0.0649648 0.0707515 0.0736216 0.0737304 0.0715329 0.0675699 0.0623649 0.0563888 0.0500402 0.0436338 0.0374005 0.0314951 0.0260069 0.0209764 0.0164214 0.0123663 0.00886038 0.0059681
 0.00766914 0.0125525 0.0190673 0.0272052 0.0367183 0.0469592 0.0568532 0.0651654 0.0709437 0.0738124 0.0739334 0.0717638 0.0678379 0.0626644 0.0566938 0.0503056 0.0438032 0.0374198 0.0313273 0.0256448 0.020448 0.015787 0.0117052 0.00825108 0.00546827
 0.00775727 0.0126895 0.0192611 0.0274574 0.0370222 0.0472977 0.0571986 0.0654827 0.0711993 0.0739852 0.0740224 0.0717878 0.0678277 0.0626505 0.0566953 0.0503216 0.0438112 0.0373812 0.0312009 0.0254027 0.0200893 0.0153415 0.0112265 0.00779912 0.00509103
 0.00777593 0.0127231 0.0193176 0.0275459 0.0371503 0.0474682 0.0574052 0.0657092 0.0714226 0.0741805 0.0741703 0.0718791 0.0678661 0.0626508 0.0566774 0.0503017 0.043793 0.0373525 0.0311366 0.0252762 0.0198866 0.0150708 0.0109179 0.00749444 0.00482803
 0.00782454 0.0127913 0.0194005 0.0276333 0.0372311 0.0475363 0.0574636 0.0657685 0.0714944 0.0742701 0.0742725 0.07198 0.0679493 0.062705 0.0567002 0.0502989 0.0437728 0.0373184 0.0310832 0.0251913 0.0197589 0.0148997 0.0107179 0.00729085 0.00464731
 0.00785173 0.0128325 0.0194563 0.0277011 0.0373043 0.0476043 0.0575136 0.0657897 0.0714838 0.0742364 0.0742342 0.0719578 0.0679557 0.0627398 0.0567523 0.0503535 0.0438178 0.0373461 0.0310882 0.0251679 0.0197023 0.0148097 0.0106027 0.00716643 0.00453188
 0.00788175 0.0128783 0.0195195 0.027781 0.0373974 0.0477043 0.0576116 0.0658738 0.0715415 0.0742579 0.0742169 0.0719087 0.0678903 0.0626761 0.0567041 0.0503255 0.0438056 0.03734 0.0310776 0.0251438 0.0196591 0.0147464 0.0105239 0.00708192 0.00445312
 0.00789883 0.0129042 0.019555 0.0278254 0.0374487 0.0477598 0.0576674 0.0659256 0.0715842 0.0742869 0.0742283 0.0719006 0.0678641 0.0626372 0.0566613 0.0502878 0.0437791 0.0373247 0.031068 0.025132 0.0196377 0.014712 0.0104779 0.00703013 0.00440322
 0.00789877 0.0128992 0.0195387 0.0277895 0.0373859 0.0476679 0.0575531 0.0658039 0.0714748 0.0742076 0.0741903 0.071906 0.067907 0.0627071 0.0567465 0.0503792 0.0438705 0.037412 0.0311472 0.0251981 0.0196857 0.0147388 0.0104846 0.00702145 0.00438632
 0.00789662 0.0128942 0.0195282 0.0277694 0.0373511 0.0476128 0.0574736 0.0656999 0.0713527 0.0740809 0.0740778 0.0718269 0.0678751 0.062726 0.0568102 0.0504746 0.0439827 0.0375277 0.0312561 0.0252927 0.0197608 0.0147918 0.0105159 0.00703476 0.00438746
 0.00791886 0.0129257 0.0195669 0.0278102 0.0373865 0.0476353 0.0574767 0.0656789 0.0713051 0.0740075 0.0739837 0.0717229 0.0677761 0.0626482 0.0567658 0.0504685 0.0440113 0.0375813 0.0313223 0.0253598 0.01982 0.0148375 0.0105462 0.00705119 0.00439357
 0.0079106 0.0129137 0.0195513 0.0277917 0.0373658 0.0476117 0.0574484 0.0656434 0.0712606 0.0739545 0.0739252 0.0716642 0.0677236 0.062609 0.0567468 0.0504751 0.0440453 0.0376396 0.031397 0.0254403 0.0198958 0.0149008 0.0105931 0.00708173 0.00441072
 0.00787402 0.012856 0.0194679 0.0276805 0.0372281 0.047454 0.0572831 0.0654874 0.0711314 0.0738652 0.0738814 0.0716637 0.0677598 0.062674 0.0568338 0.0505792 0.0441628 0.0377666 0.0315282 0.0255683 0.0200121 0.0149983 0.0106678 0.00713354 0.00444298
 0.00787263 0.0128474 0.0194435 0.0276286 0.0371376 0.0473197 0.0571098 0.0652915 0.0709367 0.0736968 0.0737594 0.0715995 0.0677551 0.0627223 0.0569237 0.050698 0.0442991 0.0379112 0.0316735 0.0257071 0.0201376 0.0151044 0.0107507 0.00719281 0.00448137
 0.00782495 0.0127715 0.0193324 0.0274766 0.0369413 0.0470798 0.0568333 0.0649939 0.070642 0.0734347 0.0735605 0.0714886 0.0677456 0.0628132 0.0571004 0.0509367 0.044573 0.0381956 0.0319482 0.0259575 0.0203538 0.0152805 0.010885 0.00728783 0.00454311
 0.00779784 0.012724 0.0192546 0.0273578 0.0367728 0.0468592 0.0565683 0.0647028 0.0703497 0.0731674 0.0733415 0.071337 0.067676 0.062834 0.0572116 0.051128 0.0448245 0.0384814 0.0322418 0.0262355 0.0205989 0.0154823 0.0110399 0.00739794 0.00461511
 0.00776049 0.0126635 0.0191638 0.0272298 0.0366024 0.0466444 0.0563131 0.0644188 0.0700564 0.0728892 0.0731044 0.071164 0.067584 0.062832 0.0573005 0.0513007 0.0450662 0.0387707 0.0325527 0.0265413 0.0208765 0.0157156 0.0112212 0.00752789 0.00470058
 0.00773629 0.0126221 0.0190978 0.0271313 0.0364647 0.0464648 0.056096 0.0641757 0.069804 0.0726463 0.0728889 0.0709925 0.067471 0.0627892 0.0573349 0.0514129 0.0452493 0.03901 0.0328268 0.0268254 0.0211457 0.0159498 0.0114082 0.00766464 0.00479187
 0.00935864 0.0148943 0.0218428 0.0299584 0.0388832 0.0480647 0.0566912 0.0638319 0.0687561 0.0711778 0.0712427 0.069338 0.0659112 0.0613816 0.0561093 0.0503825 0.0444162 0.0383662 0.0323555 0.0265019 0.02094 0.0158304 0.0113464 0.00763711 0.00478215
 0.0093272 0.0151469 0.0227583 0.0320087 0.0424278 0.053075 0.0625736 0.0695243 0.0731049 0.0733917 0.0711533 0.0673416 0.0626921 0.0576175 0.052304 0.0468375 0.0412793 0.0356934 0.0301537 0.0247508 0.0196017 0.0148537 0.0106706 0.00719727 0.00451513
 0.00898802 0.014609 0.0219966 0.0310677 0.0414793 0.0524581 0.0627568 0.0709394 0.075891 0.0772029 0.075199 0.0706876 0.0646501 0.057985 0.051336 0.04503 0.0391339 0.0335793 0.0282818 0.02321 0.0184055 0.0139749 0.0100615 0.00680133 0.00427548
 0.00882228 0.0143299 0.0215589 0.0304258 0.0406036 0.051367 0.0615585 0.0698626 0.0752702 0.0773879 0.0763983 0.0728172 0.067294 0.0605296 0.0532193 0.045959 0.0391449 0.0329395 0.0273257 0.0222122 0.0175324 0.0132949 0.00957795 0.00648447 0.00408388
 0.0087419 0.0141944 0.0213455 0.030108 0.0401545 0.0507665 0.0608052 0.0689897 0.0743634 0.0765981 0.0759322 0.0728864 0.0680232 0.0618625 0.0548946 0.0475928 0.040387 0.0336094 0.0274493 0.021958 0.0171057 0.0128576 0.00921913 0.00623063 0.00392433
 0.00868819 0.0141062 0.0212106 0.0299137 0.0398888 0.0504202 0.0603752 0.0684818 0.0737952 0.076005 0.0753776 0.0724687 0.0678659 0.0620764 0.0555172 0.0485416 0.0414662 0.0345816 0.0281342 0.0222959 0.0171537 0.012733 0.00903611 0.00606359 0.00380349
 0.00867642 0.0140827 0.0211672 0.0298394 0.0397722 0.0502524 0.0601527 0.0682074 0.0734767 0.0756537 0.0750106 0.0721147 0.0675732 0.0619128 0.0555545 0.0488222 0.0419688 0.0352109 0.0287518 0.0227778 0.0174396 0.0128369 0.00901936 0.00599475 0.00373113
 0.00867645 0.0140824 0.0211656 0.0298345 0.03976 0.0502261 0.0601031 0.0681243 0.0733517 0.0754837 0.0747993 0.0718743 0.0673253 0.0616906 0.0554019 0.0487858 0.0420793 0.0354624 0.0290932 0.0231293 0.0177258 0.0130175 0.0090976 0.00600287 0.00370696
 0.00867801 0.0140861 0.0211732 0.0298482 0.0397811 0.050254 0.0601337 0.0681492 0.0733593 0.0754616 0.0747371 0.0717672 0.0671772 0.061516 0.0552266 0.0486441 0.0420062 0.0354807 0.029201 0.0232966 0.0179055 0.013166 0.00919212 0.00604519 0.00371414
 0.00866626 0.0140707 0.0211571 0.0298363 0.0397794 0.0502673 0.0601633 0.0681922 0.0734087 0.075507 0.0747665 0.071769 0.0671428 0.0614435 0.0551234 0.0485279 0.0419023 0.0354151 0.0291905 0.0233405 0.0179855 0.0132543 0.00926485 0.00609096 0.00373474
 0.00864159 0.0140329 0.0211048 0.0297705 0.0397041 0.0501897 0.0600937 0.0681425 0.0733887 0.0755208 0.0748103 0.0718312 0.0672077 0.0614954 0.0551518 0.0485305 0.0418868 0.0353965 0.0291855 0.0233599 0.0180289 0.0133111 0.00932031 0.00613376 0.00376105
 0.00862727 0.0140077 0.0210634 0.0297075 0.0396158 0.0500769 0.0599644 0.0680118 0.0732758 0.0754436 0.0747806 0.0718517 0.0672712 0.0615873 0.0552539 0.0486263 0.0419662 0.0354581 0.029235 0.0234059 0.0180773 0.0133619 0.00936852 0.00617334 0.00378863
 0.00865288 0.0140453 0.0211121 0.0297632 0.039671 0.0501223 0.0599899 0.0680088 0.0732403 0.0753789 0.0746974 0.0717658 0.0671983 0.0615378 0.05523 0.048623 0.0419745 0.0354699 0.0292463 0.0234171 0.0180909 0.0133794 0.0093885 0.00619261 0.0038041
 0.00862708 0.0140111 0.0210749 0.0297322 0.0396564 0.05013 0.0600181 0.0680478 0.0732761 0.0753988 0.0746947 0.0717416 0.0671606 0.0614984 0.0551999 0.0486089 0.0419772 0.0354852 0.0292683 0.023441 0.0181142 0.0134013 0.00940862 0.00620995 0.00381764
 0.00861287 0.0139856 0.0210326 0.0296681 0.0395691 0.0500252 0.0599106 0.0679581 0.0732232 0.0753913 0.0747273 0.0717986 0.0672242 0.0615561 0.0552477 0.0486495 0.0420156 0.035525 0.02931 0.0234825 0.0181527 0.0134347 0.00943594 0.00623098 0.00383272
 0.00861287 0.0139856 0.0210326 0.0296681 0.0395691 0.0500252 0.0599106 0.0679581 0.0732232 0.0753913 0.0747273 0.0717986 0.0672242 0.0615561 0.0552477 0.0486495 0.0420156 0.035525 0.02931 0.0234825 0.0181527 0.0134347 0.00943594 0.00623098 0.00383272
 0.00847064 0.0137586 0.0206998 0.0292154 0.0389954 0.0493504 0.0591823 0.067251 0.0726257 0.0749842 0.0745625 0.0718878 0.067539 0.0620388 0.0558286 0.0492627 0.04261 0.0360675 0.0297823 0.023877 0.0184685 0.0136757 0.00960993 0.00634898 0.00390726
 0.0085558 0.0138799 0.0208499 0.0293742 0.0391329 0.0494325 0.0591781 0.0671397 0.0724037 0.0746707 0.0742002 0.0715342 0.0672514 0.0618581 0.0557691 0.0493121 0.0427382 0.0362386 0.0299649 0.0240487 0.0186164 0.0137942 0.00969861 0.00641082 0.00394722
 0.00870164 0.0141238 0.0212272 0.0299156 0.0398496 0.050297 0.0601104 0.0680135 0.0730772 0.0750296 0.0741917 0.0711779 0.0666265 0.0610769 0.0549468 0.0485426 0.0420803 0.0357147 0.0295702 0.0237636 0.0184174 0.0136601 0.0096118 0.00635747 0.00391649
#pred catch len freq
 0.00449294 0.00707824 0.0102651 0.0139548 0.0180908 0.0226466 0.0275543 0.0326581 0.0377374 0.0425623 0.0469328 0.0506986 0.0537727 0.0561346 0.0578158 0.0588793 0.0594009 0.0594445 0.059004 0.0579131 0.0557839 0.0520813 0.0463905 0.0387702 0.0299372
 0.00466802 0.00729614 0.010473 0.0140713 0.0180387 0.0223991 0.0271643 0.0322442 0.0374284 0.042432 0.0469674 0.050815 0.0538722 0.0561599 0.0577807 0.0588591 0.0594899 0.0596991 0.0594002 0.0583439 0.0561023 0.0521704 0.0462203 0.038406 0.0294984
 0.00487847 0.00762481 0.0109377 0.0146667 0.0187236 0.0230873 0.0277314 0.0325621 0.0374223 0.0421262 0.046481 0.0503016 0.0534427 0.0558422 0.057541 0.0586567 0.0593196 0.0595889 0.0593726 0.0583757 0.0561198 0.0520862 0.0459862 0.0380431 0.0290821
 0.00510037 0.00797189 0.0114358 0.0153336 0.0195684 0.0241053 0.0288899 0.0337822 0.0385706 0.0430348 0.0469988 0.0503556 0.0530714 0.0551735 0.0567277 0.0578164 0.0585142 0.0588415 0.0586886 0.0577475 0.055522 0.0514842 0.0453607 0.037411 0.0284939
 0.00537186 0.00839046 0.0120246 0.0161026 0.0205184 0.0252321 0.030183 0.0352157 0.0400889 0.0445395 0.0483456 0.0513728 0.0536036 0.0551365 0.0561429 0.0567998 0.0572264 0.0574314 0.0572604 0.0563579 0.0541956 0.0502336 0.0442048 0.0363839 0.0276376
 0.00569426 0.00888749 0.0127231 0.0170121 0.0216341 0.0265397 0.0316582 0.0368212 0.0417715 0.046228 0.0499481 0.0527721 0.0546599 0.0557064 0.0561165 0.0561413 0.0559935 0.0557587 0.0553167 0.0543025 0.0521562 0.0483078 0.0424719 0.0349101 0.0264687
 0.00601336 0.00938608 0.0134368 0.0179632 0.0228316 0.0279784 0.0333139 0.0386449 0.0436889 0.0481462 0.0517639 0.054378 0.0559455 0.0565586 0.0564256 0.0558198 0.0550048 0.0541421 0.0531915 0.0518467 0.0495723 0.0457917 0.0401913 0.0329894 0.0249757
 0.00634488 0.00989846 0.01416 0.0189122 0.0240104 0.0293847 0.0349373 0.0404581 0.0456386 0.0501493 0.0537117 0.0561475 0.0574124 0.0576075 0.0569539 0.0557404 0.0542564 0.0527094 0.0511294 0.0492928 0.0467363 0.0429226 0.0375319 0.0307306 0.0232232
 0.00668394 0.0104255 0.0149093 0.019902 0.0252445 0.0308539 0.036617 0.0423046 0.0475885 0.0521238 0.0556206 0.0578916 0.0588863 0.0587038 0.0575698 0.055784 0.0536548 0.0514229 0.0491741 0.0467649 0.0438224 0.0398818 0.0346469 0.0282433 0.0212798
 0.0069942 0.0109167 0.0156247 0.020876 0.0264996 0.0323956 0.0384244 0.0443221 0.0497263 0.0542681 0.0576485 0.0596858 0.0603439 0.0597393 0.0581116 0.0557683 0.0530247 0.0501379 0.0472327 0.0442347 0.0408634 0.0367423 0.0316213 0.0256012 0.0191968
 0.00733324 0.0114417 0.0163681 0.0218554 0.0277227 0.033864 0.0401305 0.0462385 0.0517945 0.0563931 0.059705 0.0615338 0.0618505 0.0607963 0.0586426 0.055724 0.0523724 0.0488581 0.0453309 0.0417685 0.0379712 0.0336507 0.0286138 0.0229503 0.01709
 0.00777643 0.0121149 0.0172942 0.0230282 0.0291149 0.0354402 0.041854 0.0480685 0.0536804 0.0582704 0.0614932 0.0631379 0.0631662 0.0617212 0.0590883 0.0556256 0.0516907 0.0475784 0.0434674 0.0393809 0.0351879 0.0306789 0.0257158 0.0203848 0.0150408
 0.00818324 0.012743 0.018178 0.0241779 0.0305176 0.0370616 0.0436372 0.0499347 0.055536 0.0600214 0.0630585 0.0644526 0.0641775 0.0623805 0.0593467 0.0554344 0.0510071 0.0463754 0.0417465 0.0371902 0.0326406 0.0279597 0.0230605 0.0180277 0.0131516
 0.00849302 0.0132309 0.0188836 0.0251298 0.0317309 0.0385332 0.0453366 0.0517952 0.0574552 0.0618729 0.0647119 0.0657955 0.0651314 0.0629056 0.0594327 0.0550843 0.0502234 0.0451574 0.0401024 0.0351592 0.0303158 0.0254983 0.0206661 0.015905 0.0114497
 0.00881278 0.0137255 0.0195824 0.026047 0.0328683 0.0398835 0.0468802 0.0534915 0.0592349 0.0636363 0.066337 0.0671541 0.0661113 0.06343 0.0594702 0.0546436 0.0493374 0.043867 0.0384513 0.0332039 0.0281453 0.023247 0.0185044 0.0140034 0.00993174
 0.00919985 0.0143142 0.0203936 0.0270759 0.0340909 0.0412662 0.0483841 0.0550696 0.0608271 0.0651684 0.067723 0.068302 0.0669321 0.0638496 0.0594419 0.0541552 0.0484107 0.0425493 0.0368063 0.0313096 0.0261001 0.0211761 0.0165527 0.0123096 0.00859199
 0.00939488 0.014624 0.0208466 0.0276942 0.034887 0.0422383 0.04951 0.0563042 0.0621075 0.0664237 0.068883 0.0693007 0.0677079 0.0643454 0.0596087 0.0539587 0.0478388 0.0416168 0.0355561 0.0298116 0.02445 0.0194919 0.0149633 0.010932 0.00750448
 0.00928607 0.0144839 0.0207048 0.0276046 0.0349175 0.0424527 0.0499496 0.0569771 0.0629866 0.067451 0.0699786 0.0703751 0.0686743 0.0651291 0.06015 0.0542133 0.0477779 0.0412313 0.0348622 0.0288562 0.0233116 0.0182747 0.0137827 0.00989256 0.00667653
 0.00920972 0.0143592 0.0205187 0.0273506 0.0346057 0.0421197 0.0496642 0.0568306 0.0630672 0.0678123 0.0706177 0.0712311 0.0696461 0.0661007 0.061013 0.0548803 0.0481878 0.0413502 0.034685 0.0284087 0.0226522 0.0174897 0.0129731 0.00915277 0.00607364
 0.00938889 0.0146034 0.0207981 0.0276066 0.0347646 0.0421185 0.0494754 0.0564768 0.0626216 0.0673845 0.070327 0.0711721 0.0698574 0.0665519 0.0616154 0.0555152 0.0487383 0.0417249 0.0348304 0.0283131 0.0223445 0.0170327 0.0124493 0.00864488 0.00564454
 0.00956204 0.0148685 0.0211646 0.0280663 0.0352872 0.0426484 0.0499332 0.0567726 0.0626821 0.0671847 0.0699102 0.0706434 0.0693506 0.0661847 0.061451 0.0555462 0.0488973 0.0419137 0.0349545 0.0283088 0.0221921 0.0167555 0.0121008 0.00828843 0.00533308
 0.00963671 0.0149862 0.021335 0.0282969 0.0355822 0.0430064 0.0503411 0.0571983 0.0630707 0.0674649 0.0700142 0.070535 0.0690486 0.0657641 0.0610181 0.0551973 0.0486821 0.0418223 0.0349316 0.0282842 0.0221124 0.0166021 0.0118901 0.00805788 0.00512172
 0.0096768 0.015047 0.0214191 0.0284052 0.0357164 0.0431706 0.0505425 0.0574432 0.0633568 0.0677735 0.0703055 0.0707536 0.0691403 0.0656991 0.0608089 0.0548975 0.0483651 0.0415492 0.0347271 0.0281354 0.0219858 0.0164681 0.0117387 0.00789923 0.00497561
 0.00960758 0.0149449 0.0212849 0.0282469 0.0355474 0.0430075 0.050403 0.0573466 0.0633236 0.0678221 0.0704451 0.0709759 0.0694144 0.0659765 0.0610386 0.0550461 0.0484291 0.0415515 0.0347003 0.0281021 0.021951 0.0164247 0.0116803 0.00782802 0.00490191
 0.00947732 0.0147566 0.021045 0.0279762 0.0352755 0.0427626 0.0502052 0.0572061 0.0632452 0.0678095 0.0705033 0.0711087 0.0696195 0.0662392 0.06133 0.0553288 0.0486686 0.0417286 0.0348144 0.0281657 0.0219789 0.0164275 0.0116639 0.00779804 0.00486562
 0.00940985 0.0146501 0.0208915 0.0277726 0.0350266 0.0424844 0.0499259 0.0569625 0.063072 0.0677289 0.0705188 0.0712089 0.069786 0.0664538 0.0615753 0.0555859 0.0489158 0.0419444 0.0349835 0.0282833 0.0220497 0.0164613 0.0116715 0.00778905 0.00484837
