SBPRF35
7.78865
Curr Bio
578173
B35
686317
F35
0.210632
FOFL
0.161859
OFL
68715.5
Bzero
2.22533e+006
#pred survey bio
 4.76241e+006 4.51276e+006 4.26317e+006 3.94995e+006 3.62677e+006 3.26958e+006 2.94442e+006 2.592e+006 2.27657e+006 2.00987e+006 1.75357e+006 1.55032e+006 1.36413e+006 1.21308e+006 1.0811e+006 966172 874139 804984 755624 702935 677729 673839 666622 637122 626584 621655 624850 627568 624802 622337 623089 629140 625279 611986 602057 599671 587193 583592 575708 569411 575336 585184 592931 601635 599931 606827 608376 606864 610449 614305 611004 581512 580477 588411 572242 571868 567141 583252 610020 638343 626317 614107 584291 1.89299e+007 1.11996e+007 1.13625e+007 1.20252e+007 1.29541e+007 1.39265e+007 1.48081e+007 1.55421e+007 1.61206e+007 1.656e+007 1.68859e+007 1.71239e+007 1.72961e+007 1.74202e+007 1.75096e+007 1.75741e+007 1.76209e+007 1.7655e+007 1.76799e+007 1.76983e+007 1.7712e+007 1.77222e+007 1.77299e+007 1.77356e+007 1.774e+007 1.77433e+007 1.77458e+007 1.77477e+007 1.77492e+007 1.77503e+007 1.77512e+007 1.77519e+007 1.77524e+007 1.77528e+007 1.77531e+007 1.77533e+007 1.77535e+007 1.77536e+007 1.77538e+007 1.77538e+007 1.77539e+007 1.7754e+007 1.7754e+007 1.7754e+007 1.7754e+007 1.77541e+007 1.77541e+007 1.77541e+007 1.77541e+007 1.77541e+007 1.77541e+007 1.77541e+007 1.77541e+007 1.77541e+007 1.77541e+007 1.77541e+007 1.77541e+007 1.77541e+007 1.77541e+007 1.77541e+007 1.77541e+007 1.77541e+007 1.77541e+007 1.77541e+007 1.77541e+007 1.77541e+007 1.77541e+007 1.77541e+007 1.77541e+007 1.77541e+007 1.77541e+007 1.77541e+007 1.77541e+007 1.77541e+007 1.77541e+007 1.77541e+007 1.77541e+007 1.77541e+007 1.77541e+007 1.77541e+007 1.77541e+007 1.77541e+007 1.77541e+007 1.77541e+007 1.77541e+007 1.77541e+007 1.77541e+007 1.77541e+007 1.77541e+007 1.77541e+007 1.77541e+007 1.77541e+007 1.77541e+007 1.77541e+007 1.77541e+007 1.77541e+007 1.77541e+007 1.77541e+007 1.77541e+007 1.77541e+007 0 0 0 0 0 0 0 0 0 0 0 0 0 0 0 0 0 0 0 0 0 0 0 0 0
#obs survey bio
 3.57368e+006 3.97178e+006 3.11569e+006 2.49846e+006 2.67501e+006 3.06436e+006 2.24926e+006 3.31011e+006 1.6685e+006 1.98327e+006 1.13347e+006 1.15851e+006 777886 1.31608e+006 1.11935e+006 716485 496928 520866 464166 690651 699431 560626 886842 372937 461428 609784 672158 486607 519086 578318 482664 791350 570033 905928 661586 712957 565417 677398 671677 610774 496381 616628 490828 471765 644616 551744 590240 970584 464439 670209 448088 474239 660151 588944 470234 474299 465379 494689 699891 744565 787608 685629 746658
#pred catch bio
 97848.7 97815.5 166978 197786 257398 259904 315297 309694 289589 300082 268947 266023 243508 231838 219691 201170 181412 162890 161977 134771 114850 116270 132124 113735 107912 99738.4 98509.1 101409 99413.5 94995.8 88878 94654.8 98606.9 91404.6 81798.3 90134.3 86362.1 94532.7 94937.4 84530.8 80985.1 82887.6 82567.6 91475.3 84319 89327.5 92087.8 88121.8 88779.7 95476.5 117206 93467.7 87329.8 107707 94546.4 99098.9 83030.8 75921.7 75115.1 106619 103188 114184 119559 68715.5 85849.6 85736.4 89480.4 95895.1 102853 109123 114232 118136 120986 123001 124390 125329 125954 126367 126635 126810 126922 126994 127039 127069 127087 127099 127106 127111 127114 127116 127117 127118 127118 127119 127119 127119 127119 127119 127119 127119 127119 127119 127119 127119 127119 127119 127119 127119 127119 127119 127119 127119 127119 127119 127119 127119 127119 127119 127119 127119 127119 127119 127119 127119 127119 127119 127119 127119 127119 127119 127119 127119 127119 127119 127119 127119 127119 127119 127119 127119 127119 127119 127119 127119 127119 127119 127119 127119 127119 127119 127119 127119 127119 127119 127119 127119 127119 127119 127119 127119 127119 127119 127119 0 0 0 0 0 0 0 0 0 0 0 0 0 0 0 0 0 0 0 0 0 0 0 0 0
#obs catch bio
 0 97528.2 167978 198963 260708 263432 323508 316335 295914 307310 276174 273865 252022 238608 225926 207486 187499 168429 167830 138240 116903 118674 134964 115941 110324 101701 99904.2 102819 100983 96305.2 89903.6 95822.3 99809.6 91822.8 82011.1 90473.9 86726.3 95140.7 95575.5 84859.2 80844.1 82661.2 82618.9 91711.8 84243.8 89348.5 92306.1 87849.9 88934.2 95549.3 118267 93859.4 87396 108414 94813 99887.1 83563.5 76631.9 75439.7 107648 103386 114312 119681
#pred cpue bio
 4.68861e+006 4.44442e+006 4.19904e+006 3.88765e+006 3.56557e+006 3.21e+006 2.88642e+006 2.5366e+006 2.2238e+006 1.95921e+006 1.70511e+006 1.50353e+006 1.31921e+006 1.16994e+006 1.03987e+006 926639 835997 768211 720327 669625 645647 642169 635431 607073 596866 592213 595814 599003 596605 594464 595559 601919 598858 586713 577788 575908 563006 557736 548978 543011 549397 559366 566899 575250 573577 580285 581704 580182 583597 587164 583803 554818 553397 561076 545394 544756 539908 555427 581713 609997 599068 587490 558840 1.81128e+007 1.07229e+007 1.07733e+007 1.13114e+007 1.21967e+007 1.31587e+007 1.40383e+007 1.4772e+007 1.53503e+007 1.57897e+007 1.61156e+007 1.63536e+007 1.65258e+007 1.66499e+007 1.67393e+007 1.68039e+007 1.68506e+007 1.68847e+007 1.69097e+007 1.69281e+007 1.69418e+007 1.69519e+007 1.69596e+007 1.69654e+007 1.69697e+007 1.6973e+007 1.69756e+007 1.69775e+007 1.69789e+007 1.69801e+007 1.69809e+007 1.69816e+007 1.69821e+007 1.69825e+007 1.69828e+007 1.69831e+007 1.69832e+007 1.69834e+007 1.69835e+007 1.69836e+007 1.69836e+007 1.69837e+007 1.69837e+007 1.69838e+007 1.69838e+007 1.69838e+007 1.69838e+007 1.69838e+007 1.69838e+007 1.69838e+007 1.69839e+007 1.69839e+007 1.69839e+007 1.69839e+007 1.69839e+007 1.69839e+007 1.69839e+007 1.69839e+007 1.69839e+007 1.69839e+007 1.69839e+007 1.69839e+007 1.69839e+007 1.69839e+007 1.69839e+007 1.69839e+007 1.69839e+007 1.69839e+007 1.69839e+007 1.69839e+007 1.69839e+007 1.69839e+007 1.69839e+007 1.69839e+007 1.69839e+007 1.69839e+007 1.69839e+007 1.69839e+007 1.69839e+007 1.69839e+007 1.69839e+007 1.69839e+007 1.69839e+007 1.69839e+007 1.69839e+007 1.69839e+007 1.69839e+007 1.69839e+007 1.69839e+007 1.69839e+007 1.69839e+007 1.69839e+007 1.69839e+007 1.69839e+007 1.69839e+007 1.69839e+007 1.69839e+007 1.69839e+007 1.69839e+007 1.69839e+007 0 0 0 0 0 0 0 0 0 0 0 0 0 0 0 0 0 0 0 0 0 0 0 0 0
#obs cpue bio
 3.45934e+006 3.06699e+006 3.497e+006 2.83858e+006 3.23121e+006 1.78648e+006 1.74808e+006 2.77503e+006 2.118e+006 1.92739e+006 1.27022e+006 1.53547e+006 987859 1.16488e+006 769108 678714 772984 618674 793518 581666 565465 485819 502930 613773 477416 453167 656494 686405 477472 572736 639550 441845 625885 611772 475313 540050 440854 445867 436560 504111 1.02393e+006 631885 459955 744205 578640 641591 507693 543217 487206 550949 586776 599053 551000 509208 591194 522398 502670 399225 582244 602871 594545 622005 471416
#pred surv len freq
 0.00510519 0.00829053 0.0124795 0.0176496 0.0236695 0.0302167 0.0367507 0.0426451 0.0474254 0.0509298 0.0532835 0.0547545 0.0556182 0.0560838 0.0562645 0.0561716 0.0557303 0.0548087 0.0532411 0.0508292 0.0473469 0.042597 0.036548 0.0294896 0.0220711
 0.00537371 0.00860708 0.0127401 0.017699 0.0233621 0.0295022 0.0357297 0.0415471 0.0465077 0.0503564 0.0530579 0.0547413 0.0556311 0.0559857 0.0560313 0.0558986 0.0555847 0.0549503 0.0537439 0.051641 0.048308 0.0435101 0.0372598 0.0299403 0.022291
 0.00571095 0.00914609 0.0135249 0.0187403 0.024608 0.0308113 0.0368735 0.0422681 0.0466262 0.049865 0.0521312 0.0536423 0.054576 0.0550605 0.0552085 0.0551223 0.054852 0.054332 0.053339 0.0515053 0.0484091 0.0437395 0.0374903 0.0300858 0.0223317
 0.00598535 0.00959842 0.0142176 0.0197355 0.0259535 0.0325139 0.0388654 0.0443819 0.0486017 0.0514011 0.0529745 0.0536775 0.0538663 0.0538075 0.0536547 0.0534617 0.0532026 0.0527663 0.0519223 0.0503012 0.0474539 0.0430207 0.0369555 0.029675 0.0220059
 0.00624765 0.0100173 0.0148353 0.0205908 0.0270795 0.0339327 0.0405759 0.0463437 0.0507187 0.0535111 0.0548537 0.0550719 0.054555 0.0536753 0.0527344 0.051917 0.0512624 0.0506545 0.04982 0.0483413 0.0457269 0.0415758 0.0358027 0.0287943 0.0213622
 0.00653213 0.0104748 0.0155146 0.0215341 0.0283151 0.035465 0.0423744 0.0483407 0.0528199 0.0556084 0.0568278 0.0567828 0.0558343 0.0543437 0.0526479 0.051023 0.0496312 0.0484657 0.0473125 0.0457569 0.0432708 0.0393985 0.0339946 0.0273885 0.0203427
 0.00671093 0.0107765 0.0159895 0.0222371 0.0292961 0.0367518 0.0439565 0.0501621 0.0547876 0.0576109 0.0587525 0.0585211 0.057276 0.055367 0.0531197 0.0508217 0.0486892 0.0468113 0.0450845 0.0431813 0.0406098 0.0368957 0.0318332 0.0256705 0.0190874
 0.00700291 0.0112344 0.0166486 0.0231222 0.0304215 0.0381203 0.0455529 0.0519461 0.0566906 0.0595406 0.0606025 0.0601827 0.0586469 0.0563527 0.053629 0.0507631 0.0479826 0.0454185 0.0430482 0.0406473 0.0378148 0.0341187 0.0293307 0.0236205 0.0175615
 0.00736396 0.0117986 0.0174551 0.0241914 0.031752 0.0396854 0.0472966 0.0537853 0.0585287 0.0612867 0.0621834 0.061542 0.0597344 0.0571141 0.0540007 0.0506725 0.0473553 0.0441976 0.0412265 0.0383023 0.0351241 0.0313381 0.0267353 0.0214323 0.0158976
 0.00769921 0.0123324 0.0182371 0.0252585 0.0331201 0.0413372 0.04917 0.0557722 0.0604928 0.0630938 0.0637285 0.0627607 0.0605979 0.0576132 0.0541268 0.0504028 0.0466493 0.0430083 0.0395293 0.0361323 0.0326056 0.0286827 0.0241993 0.0192465 0.0142033
 0.00808062 0.0129373 0.0191189 0.0264564 0.0346511 0.0431851 0.0512719 0.0580138 0.0627206 0.0651422 0.0654497 0.0640468 0.0613904 0.0579014 0.0539334 0.0497623 0.0455871 0.0415331 0.0376457 0.033873 0.0300659 0.0260352 0.0216682 0.0170482 0.0124815
 0.00839416 0.0134365 0.0198506 0.0274574 0.0359422 0.0447613 0.0530912 0.0599917 0.0647384 0.0670649 0.067145 0.0653997 0.0623131 0.0583401 0.0538713 0.0492144 0.0445872 0.04012 0.0358594 0.0317675 0.0277335 0.0236222 0.0193633 0.0150384 0.0108964
 0.00867235 0.0138882 0.020529 0.0284101 0.0372008 0.0463255 0.0549127 0.0619711 0.0667402 0.0689443 0.0687732 0.0666753 0.0631647 0.0587242 0.0537702 0.0486348 0.0435568 0.0386824 0.034071 0.0297018 0.0254921 0.0213434 0.0172124 0.0131745 0.00942896
 0.0089268 0.0142888 0.0211083 0.0291919 0.0381986 0.0475392 0.0563217 0.063527 0.0683653 0.0705385 0.0702261 0.0678813 0.064036 0.0591993 0.053816 0.0482443 0.0427443 0.0374811 0.0325328 0.0279009 0.0235305 0.0193518 0.0153385 0.0115552 0.00815586
 0.00927053 0.0148189 0.0218523 0.0301555 0.0393656 0.0488723 0.0577626 0.0649986 0.0697816 0.071819 0.0713058 0.0687116 0.0645792 0.0594248 0.0537013 0.0477781 0.0419306 0.036341 0.0311075 0.0262552 0.0217569 0.0175681 0.0136747 0.010128 0.00704009
 0.00956191 0.0152883 0.0225491 0.0311184 0.0406098 0.0503727 0.0594396 0.0667214 0.0713941 0.0731794 0.0723182 0.0693354 0.0648191 0.0593102 0.0532685 0.0470593 0.0409519 0.0351278 0.0296931 0.0246908 0.0201175 0.0159517 0.0121892 0.00886843 0.00606418
 0.00969893 0.0155223 0.0229222 0.0316776 0.0413972 0.0514092 0.0607076 0.0681546 0.0728827 0.0745881 0.0735119 0.0702045 0.0652986 0.0593864 0.0529705 0.0464408 0.0400721 0.0340403 0.0284463 0.023336 0.0187185 0.0145877 0.0109464 0.00782178 0.00525776
 0.00969536 0.0155314 0.0229646 0.0317852 0.0416095 0.0517658 0.061238 0.0688691 0.0737644 0.0755885 0.0745506 0.0711789 0.0661013 0.0599278 0.0531966 0.0463403 0.0396703 0.0333856 0.0275976 0.0223563 0.0176755 0.0135546 0.00999706 0.00701849 0.00463722
 0.00961966 0.015417 0.0228101 0.031598 0.0414088 0.0515839 0.0611203 0.0688693 0.0739335 0.0759585 0.0751209 0.0719089 0.0669143 0.0607238 0.0538723 0.0468102 0.0398831 0.0333302 0.0272989 0.0218655 0.0170598 0.0128885 0.00935307 0.00645672 0.00419491
 0.00972273 0.0155635 0.0229914 0.0317928 0.041589 0.0517251 0.0612107 0.0689141 0.0739534 0.0759855 0.0751901 0.0720491 0.0671364 0.0610127 0.0541856 0.0470865 0.0400579 0.033354 0.0271505 0.021557 0.0166317 0.0123991 0.00886537 0.00602427 0.00385159
 0.00987945 0.0157763 0.023234 0.0320141 0.0417271 0.0517296 0.0610625 0.0686324 0.0735894 0.0756079 0.0748707 0.071849 0.0670949 0.061139 0.0544556 0.0474465 0.0404357 0.0336751 0.027356 0.0216172 0.0165515 0.0122129 0.00862387 0.00577875 0.00364041
 0.00980715 0.0156785 0.0231216 0.0319051 0.0416359 0.0516532 0.0609745 0.0684923 0.0733658 0.0753029 0.0745291 0.0715456 0.0669081 0.0611239 0.0546281 0.0477815 0.0408749 0.0341426 0.0277762 0.0219325 0.0167347 0.0122699 0.0085865 0.00568994 0.00353959
 0.00972122 0.0155491 0.022947 0.0316929 0.0414038 0.0514272 0.0607839 0.0683606 0.0732996 0.0752855 0.0745273 0.0715298 0.0668727 0.0610942 0.0546478 0.0478885 0.0410807 0.0344253 0.0280883 0.0222189 0.0169516 0.0123977 0.00863158 0.0056768 0.00349796
 0.00996512 0.0159049 0.0234066 0.0322219 0.04195 0.0519361 0.0612111 0.0686765 0.0734878 0.0753388 0.0744443 0.0713132 0.0665321 0.0606524 0.0541463 0.0473841 0.0406322 0.034074 0.0278462 0.0220685 0.0168592 0.0123302 0.00856835 0.00561255 0.00343742
 0.00990507 0.0158367 0.0233568 0.0322298 0.0420522 0.0521458 0.0615034 0.0689935 0.0737621 0.0755218 0.0745209 0.0712973 0.0664486 0.0605224 0.053983 0.0471992 0.040443 0.0339033 0.0277138 0.0219825 0.0168125 0.0123064 0.00855131 0.00559332 0.00341515
 0.00972561 0.0155667 0.0229931 0.0317889 0.0415722 0.051684 0.0611297 0.0687754 0.0737424 0.0756996 0.0748491 0.0717014 0.066856 0.0608838 0.0542766 0.0474235 0.0406066 0.0340201 0.0277993 0.0220503 0.0168704 0.0123554 0.00858841 0.00561632 0.00342519
 0.00964707 0.0154202 0.0227392 0.0313838 0.0409839 0.0509155 0.0602384 0.0678729 0.0729693 0.0751846 0.0746712 0.0718699 0.0673148 0.0615342 0.0550096 0.048147 0.0412601 0.0345745 0.0282492 0.0224035 0.01714 0.0125544 0.0087284 0.00570818 0.00348007
 0.00966553 0.0154371 0.0227389 0.0313397 0.04086 0.0506735 0.0598485 0.067328 0.0723 0.0744656 0.0740122 0.0713885 0.067099 0.0616139 0.0553502 0.0486666 0.0418603 0.035169 0.0287797 0.0228419 0.0174807 0.0128054 0.00890343 0.00582277 0.00354958
 0.00960082 0.0153544 0.022655 0.0312809 0.0408512 0.0507212 0.0599286 0.0673879 0.0722752 0.0743069 0.0737096 0.0709815 0.0666689 0.0612586 0.0551504 0.0486593 0.0420303 0.0354615 0.0291253 0.0231795 0.017771 0.0130314 0.00906541 0.00593006 0.00361515
 0.00952949 0.0152403 0.0224884 0.0310582 0.0405803 0.0504266 0.0596516 0.0671759 0.0721619 0.074293 0.0737586 0.0710378 0.0666881 0.0612316 0.0551079 0.0486535 0.0421063 0.0356353 0.0293781 0.0234698 0.0180535 0.0132726 0.00924942 0.00605701 0.00369473
 0.00941503 0.0150646 0.0222432 0.0307428 0.0402017 0.0499997 0.0592013 0.0667394 0.0717868 0.0740285 0.0736409 0.0710752 0.0668558 0.061482 0.0553919 0.0489409 0.0423924 0.0359305 0.0296903 0.0237919 0.018364 0.0135457 0.00946678 0.00621308 0.00379586
 0.00914453 0.0146598 0.0216993 0.0300793 0.0394577 0.0492251 0.0584501 0.0660662 0.0712441 0.0736609 0.0734796 0.0711334 0.0671257 0.0619325 0.055972 0.0495896 0.0430537 0.0365648 0.0302758 0.0243177 0.0188214 0.0139253 0.00976193 0.00642483 0.00393453
 0.00895114 0.0143563 0.0212644 0.0295038 0.0387502 0.048418 0.0576032 0.0652613 0.0705674 0.0731811 0.0732328 0.071123 0.0673323 0.0623251 0.0565124 0.0502336 0.0437519 0.0372679 0.0309421 0.0249171 0.0193353 0.0143442 0.0100838 0.00665528 0.00408639
 0.00886705 0.0142189 0.0210561 0.029208 0.0383542 0.0479189 0.0570147 0.0646183 0.0699241 0.0726024 0.072782 0.070849 0.0672607 0.0624558 0.0568236 0.0506886 0.0443061 0.0378735 0.0315521 0.0254903 0.0198403 0.0147617 0.0104065 0.00688711 0.00423989
 0.00898386 0.0143646 0.0211936 0.0292756 0.038282 0.0476553 0.0565488 0.0639853 0.0691934 0.0718578 0.0721043 0.0703064 0.0669036 0.0623124 0.0568974 0.0509587 0.0447321 0.0384028 0.0321283 0.0260604 0.0203603 0.0152012 0.0107507 0.00713596 0.00440519
 0.00971964 0.0154075 0.0224779 0.0306385 0.0395035 0.0485259 0.0569285 0.0638293 0.0685454 0.0708277 0.0708424 0.0689759 0.0656527 0.0612533 0.0560962 0.050437 0.0444747 0.0383684 0.0322595 0.0262941 0.0206372 0.0154731 0.0109848 0.00731642 0.00453052
 0.0104507 0.0165611 0.02414 0.0328417 0.0421925 0.0515209 0.0599089 0.0663739 0.0702412 0.0714039 0.0702556 0.0674024 0.0634064 0.0586823 0.0535051 0.0480487 0.0424241 0.0367134 0.0309996 0.0253895 0.0200265 0.0150873 0.0107587 0.00719456 0.00447096
 0.0102135 0.0163153 0.0240284 0.0330829 0.0430228 0.0530973 0.0622202 0.0692056 0.0732121 0.0740568 0.0721691 0.0682929 0.0631922 0.0574903 0.0516152 0.045803 0.0401388 0.034623 0.0292407 0.0240116 0.0190159 0.0143925 0.0103116 0.00692642 0.00432182
 0.00976893 0.0156569 0.0231651 0.0320864 0.0420351 0.0523258 0.0619136 0.0695976 0.0744343 0.0760524 0.0746625 0.070848 0.0653433 0.0588837 0.0521024 0.0454529 0.0391784 0.0333439 0.0279107 0.0228211 0.0180634 0.0136994 0.0098492 0.00664277 0.00416196
 0.00958769 0.0153429 0.0226598 0.0313328 0.0410028 0.0510487 0.0605217 0.0683195 0.073555 0.0758343 0.0752556 0.0722238 0.0672792 0.0610156 0.054032 0.0468695 0.0399428 0.0334996 0.0276295 0.0223177 0.0175222 0.0132363 0.00951023 0.00642447 0.00403666
 0.00962258 0.0153577 0.0226035 0.0311284 0.0405639 0.0503082 0.0594642 0.0670056 0.0721289 0.0745117 0.0742883 0.071839 0.0676062 0.0620267 0.0555323 0.0485508 0.0414841 0.0346694 0.0283421 0.0226245 0.0175534 0.0131326 0.00937607 0.00631435 0.0039655
 0.00971393 0.0154896 0.0227686 0.0313025 0.0407029 0.0503493 0.0593323 0.0666295 0.0714689 0.0735906 0.0732112 0.0707864 0.0667946 0.0616448 0.0556741 0.0491746 0.0424216 0.0356873 0.0292275 0.0232527 0.0179073 0.0132729 0.00939141 0.00627982 0.00392555
 0.00972618 0.0155211 0.0228365 0.0314272 0.040899 0.0506123 0.0596272 0.0668889 0.0716053 0.0735207 0.0728855 0.0702152 0.066061 0.0608943 0.0550761 0.0488651 0.0424511 0.0360013 0.0296941 0.0237227 0.0182726 0.0134947 0.00948924 0.00630026 0.00391256
 0.00963176 0.0153859 0.0226679 0.0312459 0.0407363 0.0505033 0.0596018 0.0669623 0.0717683 0.0737339 0.0730823 0.0703201 0.0660184 0.0606967 0.0547766 0.0485634 0.042254 0.0359767 0.0298422 0.0239818 0.0185551 0.0137291 0.00964364 0.0063802 0.00394261
 0.00967556 0.0154452 0.0227357 0.0313097 0.0407838 0.0505298 0.0596158 0.0669841 0.0718204 0.0738283 0.0732102 0.0704489 0.0660994 0.0606829 0.0546447 0.0483303 0.0419765 0.0357294 0.0296851 0.0239347 0.0185949 0.0138096 0.00972205 0.00643376 0.00396907
 0.00970229 0.0154791 0.0227685 0.0313274 0.0407693 0.050469 0.0595036 0.066829 0.0716459 0.0736686 0.0731019 0.070418 0.0661489 0.060789 0.054765 0.0484227 0.0420192 0.0357305 0.0296743 0.0239435 0.0186379 0.0138792 0.00979808 0.00649735 0.00401162
 0.00964924 0.0154156 0.0227143 0.0313123 0.0408222 0.0506015 0.0596986 0.0670425 0.0718236 0.0737686 0.0731102 0.0703508 0.0660414 0.0606774 0.0546718 0.0483507 0.0419577 0.0356683 0.0296103 0.0238874 0.018602 0.0138687 0.00980793 0.00651652 0.00403008
 0.00972387 0.0155142 0.0228221 0.0314051 0.0408775 0.0506136 0.0596864 0.0670417 0.0718656 0.0738595 0.0732247 0.0704458 0.0660804 0.0606476 0.0545857 0.0482338 0.0418337 0.0355513 0.0295063 0.0237998 0.0185343 0.0138236 0.00978412 0.00650856 0.00403072
 0.00978656 0.015609 0.0229503 0.0315605 0.0410447 0.0507682 0.0597991 0.0670877 0.0718366 0.0737712 0.0731118 0.0703447 0.0660102 0.0606043 0.0545507 0.0481897 0.0417743 0.0354809 0.0294342 0.0237342 0.018481 0.0137852 0.00976059 0.00649718 0.00402729
 0.009745 0.0155595 0.0229088 0.031552 0.0410952 0.0508923 0.0599894 0.067313 0.0720513 0.0739312 0.07319 0.0703393 0.0659417 0.0605034 0.0544439 0.0480903 0.0416834 0.0353952 0.0293521 0.0236582 0.0184155 0.0137339 0.0097247 0.00647509 0.00401561
 0.00983888 0.0156929 0.0230748 0.0317343 0.0412759 0.0510616 0.0601513 0.0674805 0.0722328 0.0741174 0.0733517 0.0704375 0.0659458 0.0604055 0.054261 0.047855 0.0414303 0.0351503 0.0291306 0.0234676 0.0182591 0.0136125 0.00963667 0.00641628 0.00397979
 0.0100878 0.0160924 0.0236638 0.0325382 0.0422931 0.0522476 0.0614084 0.0686682 0.0732016 0.0747526 0.0736003 0.0703084 0.0654896 0.0596923 0.053368 0.0468615 0.0404134 0.0341784 0.028256 0.0227231 0.0176583 0.0131537 0.00930674 0.00619459 0.00384179
 0.00995644 0.0159073 0.0234397 0.0323112 0.0421164 0.0521804 0.0615024 0.068952 0.0736677 0.0753508 0.0742447 0.0708999 0.0659433 0.059958 0.0534341 0.0467482 0.0401613 0.0338382 0.0278799 0.0223564 0.0173343 0.0128911 0.00911049 0.00605939 0.0037562
 0.00989517 0.0157916 0.0232378 0.0319895 0.041655 0.0515946 0.0608576 0.068359 0.0732532 0.0752147 0.0744259 0.0713642 0.0665977 0.060681 0.0541105 0.0472951 0.0405394 0.0340489 0.0279528 0.0223346 0.0172614 0.0128024 0.00902897 0.00599606 0.00371306
 0.0101452 0.0161697 0.0237514 0.0326205 0.0423568 0.0522942 0.0614629 0.0687767 0.073418 0.0751173 0.0741216 0.0709509 0.0661752 0.0603138 0.0538132 0.047043 0.0402933 0.0337789 0.0276513 0.0220157 0.0169515 0.0125282 0.00880859 0.00583531 0.00360676
 0.0101466 0.0161878 0.0238076 0.032743 0.0425715 0.0526107 0.0618615 0.0692059 0.0738054 0.0753905 0.0742324 0.0708918 0.0659819 0.0600503 0.053545 0.0468125 0.0401094 0.0336246 0.0275022 0.0218567 0.0167836 0.0123642 0.00866465 0.00572245 0.00352778
 0.0101939 0.0162596 0.0239072 0.0328723 0.0427338 0.0528129 0.0621128 0.0695109 0.0741535 0.0757487 0.0745466 0.0711018 0.066043 0.0599516 0.0533142 0.0465026 0.0397768 0.0333096 0.0272221 0.0216121 0.0165698 0.0121799 0.00851256 0.00560567 0.00344599
 0.00993523 0.0158771 0.0234027 0.0322738 0.0420896 0.0521812 0.0615536 0.0690827 0.0739093 0.0757272 0.0747598 0.0715247 0.0666139 0.0605858 0.0539275 0.0470342 0.0401995 0.0336255 0.0274481 0.0217668 0.0166681 0.0122338 0.00853407 0.00560721 0.00343844
 0.009554 0.0152908 0.0225847 0.0312274 0.0408528 0.0508295 0.060201 0.0678719 0.0729858 0.0752053 0.0746952 0.0719079 0.0673796 0.0616302 0.0551265 0.0482635 0.041354 0.0346337 0.0282758 0.0224108 0.0171442 0.0125672 0.00875342 0.00574125 0.0035137
 0.00926201 0.0148237 0.0218972 0.0302864 0.0396487 0.0493916 0.0586125 0.0662711 0.0715461 0.0740984 0.0740543 0.0718034 0.0678104 0.0625295 0.0563773 0.0497201 0.042867 0.0360724 0.029545 0.0234572 0.017954 0.0131561 0.00915488 0.00599661 0.00366421
 0.00940984 0.0150354 0.0221609 0.0305673 0.0398922 0.049531 0.0585807 0.0660146 0.071043 0.0733747 0.0731904 0.0709221 0.0670487 0.0620037 0.056155 0.0498073 0.0432126 0.0365874 0.0301283 0.0240202 0.0184362 0.0135293 0.00941825 0.00616662 0.00376455
 0.0092309 0.0148049 0.021924 0.030399 0.0398706 0.049698 0.0589108 0.0664146 0.0713833 0.0735366 0.0731061 0.0705936 0.0665443 0.061436 0.0556489 0.0494657 0.0430903 0.0366814 0.0303874 0.0243679 0.0187961 0.0138453 0.00966189 0.00633416 0.00386808
 0.00881191 0.0142051 0.0211748 0.0295884 0.039127 0.0491582 0.0586855 0.0665597 0.0718804 0.0742864 0.0739463 0.0713435 0.0670629 0.0616663 0.0556266 0.049293 0.0428898 0.0365517 0.0303769 0.0244718 0.018974 0.0140454 0.00984206 0.00647211 0.00396016
#obs surv len freq
 nan nan nan nan nan nan nan nan nan nan nan nan nan nan nan nan nan nan nan nan nan nan nan nan nan
 0.00448983 0.00735341 0.0111853 0.0160026 0.0217029 0.0279769 0.0342888 0.0400176 0.044695 0.048157 0.0505134 0.0520081 0.0528993 0.0534109 0.0537246 0.053979 0.0542573 0.0545498 0.0546884 0.0542803 0.0527184 0.0493509 0.0438013 0.0362822 0.0276667
 0.00461421 0.00756025 0.0115047 0.0164642 0.0223282 0.0287674 0.0352153 0.0410175 0.0456822 0.0490401 0.0512136 0.0524704 0.0530973 0.0533456 0.0534194 0.0534721 0.0535925 0.0537702 0.0538333 0.0533867 0.0518256 0.0485023 0.0430421 0.0356506 0.0271841
 0.00477618 0.00782349 0.011901 0.017024 0.0230755 0.0297113 0.0363397 0.0422747 0.0469944 0.0503098 0.052337 0.0533515 0.0536611 0.0535474 0.0532494 0.0529526 0.05277 0.0527053 0.0525931 0.0520421 0.0504518 0.0471798 0.0418505 0.0346558 0.0264223
 0.00496605 0.0081343 0.0123727 0.0176947 0.0239742 0.030846 0.0376855 0.0437706 0.048552 0.0518289 0.053719 0.0545051 0.0545042 0.054011 0.0532856 0.0525425 0.0519287 0.0514806 0.0510607 0.0503 0.048616 0.0453777 0.0402078 0.0332751 0.0253611
 0.00517824 0.00848185 0.0129007 0.0184469 0.024985 0.0321272 0.0392125 0.0454768 0.0503379 0.0535801 0.0553242 0.0558665 0.0555394 0.0546522 0.0534782 0.0522481 0.051132 0.0501987 0.0493511 0.0482645 0.0463977 0.0431484 0.0381436 0.0315225 0.0240059
 0.00541134 0.00886293 0.0134783 0.0192678 0.0260858 0.0335204 0.040872 0.0473325 0.0522847 0.055497 0.0570928 0.057382 0.0567145 0.0554163 0.0537753 0.0520351 0.050381 0.0489059 0.0475514 0.0460464 0.0439105 0.040592 0.0357363 0.0294544 0.0223935
 0.00564601 0.00924871 0.0140669 0.0201103 0.0272229 0.034967 0.0426014 0.0492709 0.0543213 0.0575056 0.0589516 0.0589845 0.0579726 0.0562592 0.0541461 0.0518886 0.0496834 0.0476416 0.0457384 0.0437575 0.0412886 0.0378466 0.0331112 0.0271717 0.0205978
 0.00589802 0.00965833 0.0146835 0.0209804 0.0283821 0.0364274 0.0443372 0.0512123 0.0563626 0.0595239 0.0608254 0.0606058 0.0592521 0.0571261 0.0545454 0.0517765 0.0490254 0.0464169 0.0439546 0.0414735 0.0386359 0.0350319 0.0303873 0.0247785 0.0186991
 0.00612121 0.0100285 0.0152541 0.0218055 0.0295051 0.0378637 0.0460574 0.0531373 0.0583776 0.0615021 0.0626489 0.0621763 0.0604905 0.0579695 0.0549433 0.0516875 0.0484151 0.0452621 0.0422561 0.0392789 0.0360629 0.0322758 0.0276952 0.022393 0.0167924
 0.00637245 0.0104371 0.0158695 0.0226745 0.0306635 0.039323 0.0477899 0.0550693 0.0603971 0.0634787 0.0644552 0.0637032 0.0616555 0.0587166 0.0552372 0.0515045 0.0477366 0.0440746 0.0405629 0.0371221 0.0335487 0.0295844 0.0250608 0.0200504 0.0149123
 0.00659357 0.0108021 0.0164287 0.0234778 0.0317499 0.0407045 0.0494356 0.0569015 0.0623035 0.0653355 0.0661468 0.0651327 0.0627467 0.0594135 0.0555021 0.0513144 0.0470786 0.0429437 0.0389688 0.0351065 0.0312081 0.0270813 0.022608 0.0178641 0.0131522
 0.00682416 0.0111789 0.0169995 0.0242881 0.0328344 0.0420725 0.0510565 0.0586986 0.0641644 0.0671323 0.0677588 0.0664606 0.0637188 0.0599845 0.0556482 0.0510264 0.0463553 0.0417906 0.0374035 0.0331738 0.0289985 0.0247417 0.0203288 0.0158384 0.0115228
 0.00703791 0.0115307 0.0175366 0.0250567 0.0338694 0.0433826 0.0526088 0.0604145 0.0659309 0.068825 0.0692626 0.067682 0.0645901 0.0604636 0.0557158 0.0506802 0.0456043 0.0406511 0.0359022 0.0313594 0.0269569 0.0226048 0.0182635 0.0140121 0.0100583
 0.00725917 0.0118921 0.0180836 0.0258318 0.0349036 0.0446812 0.0541369 0.0620921 0.067644 0.0704471 0.0706769 0.0687957 0.0653401 0.0608163 0.0556625 0.0502307 0.0447795 0.0394793 0.0344207 0.0296223 0.0250473 0.0206415 0.0163911 0.0123724 0.00875215
 0.00742802 0.0121734 0.0185194 0.0264651 0.035769 0.0457904 0.0554641 0.0635696 0.0691715 0.0719118 0.071972 0.0698328 0.0660545 0.0611688 0.0556383 0.0498355 0.0440346 0.038417 0.0330834 0.0280678 0.0233561 0.0189205 0.0147648 0.0109588 0.0076328
 0.00749793 0.0122911 0.0187051 0.0267424 0.0361635 0.0463244 0.0561505 0.0644043 0.0701293 0.0729449 0.0730132 0.0708025 0.0668714 0.0617611 0.0559519 0.0498387 0.0437183 0.0377928 0.032183 0.0269432 0.0220823 0.0175944 0.0134957 0.00984812 0.00675009
 0.0075949 0.0124377 0.0189054 0.0269947 0.0364625 0.0466665 0.0565359 0.0648373 0.0706153 0.0734855 0.0736003 0.0714132 0.0674654 0.0622831 0.05634 0.0500352 0.0436798 0.0374983 0.0316374 0.0261794 0.0211611 0.0165999 0.0125235 0.00898686 0.00606085
 0.00766445 0.0125478 0.019065 0.0272087 0.0367292 0.0469753 0.0568668 0.0651649 0.0709185 0.073757 0.0738502 0.0716613 0.0677276 0.0625576 0.0566012 0.0502375 0.043769 0.0374263 0.0313759 0.0257298 0.0205576 0.0159055 0.0118175 0.00834579 0.00553986
 0.00771852 0.0126319 0.0191847 0.0273663 0.0369243 0.0472034 0.0571187 0.0654258 0.0711696 0.0739799 0.0740327 0.0718026 0.0678381 0.0626534 0.0566934 0.0503214 0.0438209 0.0374086 0.0312511 0.025476 0.0201804 0.0154407 0.0113221 0.00788128 0.00515409
 0.00775262 0.0126816 0.0192487 0.0274405 0.0370026 0.0472811 0.0571943 0.0655016 0.0712496 0.0740676 0.0741292 0.0719058 0.0679443 0.0627592 0.0567968 0.0504194 0.0439041 0.0374579 0.0312403 0.0253813 0.019993 0.0151745 0.0110125 0.0075736 0.00488813
 0.00781335 0.0127706 0.0193644 0.0275744 0.0371413 0.0474094 0.0572986 0.0655727 0.0712844 0.074071 0.0741124 0.0718835 0.0679291 0.0627589 0.0568125 0.0504469 0.0439348 0.0374788 0.0312338 0.0253295 0.0198842 0.0150111 0.0108131 0.00736738 0.00470407
 0.00784779 0.0128288 0.0194554 0.0277061 0.0373168 0.0476213 0.0575265 0.0657849 0.0714475 0.0741611 0.0741234 0.0718269 0.0678285 0.0626403 0.0566977 0.0503487 0.0438565 0.0374147 0.0311722 0.0252561 0.0197874 0.0148874 0.01067 0.00722113 0.00457297
 0.00789129 0.0128932 0.019541 0.02781 0.0374347 0.0477503 0.0576653 0.0659313 0.0715945 0.074294 0.0742223 0.0718735 0.0678142 0.0625701 0.0565883 0.050222 0.0437311 0.0373014 0.0310721 0.0251629 0.0196927 0.0147858 0.0105627 0.00711573 0.00447968
 0.00789191 0.0128941 0.0195422 0.0278111 0.0374349 0.0477487 0.0576615 0.0659271 0.0715949 0.0743064 0.0742536 0.0719247 0.0678779 0.062633 0.0566368 0.0502486 0.0437367 0.0372916 0.0310529 0.0251367 0.0196584 0.0147417 0.0105098 0.00705888 0.00442597
 0.00788383 0.0128771 0.0195098 0.0277555 0.03735 0.0476338 0.0575246 0.0657844 0.0714671 0.074213 0.0742084 0.0719342 0.0679406 0.0627393 0.0567706 0.0503909 0.04387 0.0374044 0.0311401 0.0251978 0.0196951 0.0147565 0.0105063 0.00704274 0.00440403
 0.00787938 0.012865 0.0194824 0.0277028 0.0372614 0.0475028 0.0573524 0.0655825 0.0712559 0.074019 0.0740582 0.0718493 0.0679328 0.0628083 0.0569046 0.0505694 0.0440688 0.0376004 0.0313151 0.025341 0.0198022 0.0148285 0.0105481 0.00706158 0.00440792
 0.00788877 0.0128782 0.0194981 0.0277175 0.037269 0.0474949 0.057319 0.0655149 0.07115 0.0738792 0.0738991 0.0716936 0.0678061 0.0627323 0.0568912 0.0506182 0.0441678 0.0377301 0.031454 0.0254703 0.0199091 0.0149075 0.0105997 0.00709042 0.00442076
 0.00788635 0.0128722 0.0194852 0.0276935 0.03723 0.0474386 0.0572464 0.0654295 0.0710566 0.0737818 0.0738012 0.0716001 0.0677249 0.0626747 0.0568697 0.0506417 0.0442377 0.0378386 0.0315857 0.0256066 0.0200333 0.0150082 0.0106726 0.00713738 0.00444731
 0.00788015 0.0128632 0.0194737 0.0276798 0.0372141 0.0474194 0.0572211 0.0653949 0.0710104 0.0737243 0.0737353 0.0715309 0.0676581 0.0626169 0.0568284 0.0506248 0.0442518 0.0378856 0.031661 0.0256993 0.0201293 0.0150945 0.010741 0.00718518 0.00447682
 0.00784127 0.0127995 0.0193771 0.027544 0.0370369 0.0472063 0.0569883 0.0651671 0.0708154 0.0735844 0.073662 0.0715236 0.0677078 0.0627106 0.0569532 0.0507703 0.0444107 0.0380532 0.0318323 0.0258673 0.0202851 0.0152288 0.0108471 0.0072615 0.0045263
 0.00781846 0.0127592 0.0193106 0.0274412 0.0368891 0.04701 0.0567493 0.0649026 0.0705516 0.073352 0.0734891 0.0714298 0.0677003 0.0627838 0.0570916 0.0509539 0.04462 0.0382719 0.0320481 0.0260708 0.0204677 0.0153836 0.0109694 0.00735041 0.0045852
 0.00779453 0.0127197 0.0192499 0.0273534 0.0367686 0.0468533 0.0565571 0.0646814 0.0703148 0.0731187 0.0732829 0.0712747 0.0676166 0.0627828 0.0571732 0.0511063 0.0448237 0.0385041 0.0322876 0.0262998 0.0206733 0.0155568 0.0111057 0.00744964 0.00465145
 0.00777428 0.0126841 0.0191916 0.0272639 0.036641 0.0466852 0.0563532 0.0644543 0.070082 0.072899 0.073093 0.0711292 0.0675278 0.0627609 0.0572235 0.0512276 0.0450059 0.0387298 0.0325346 0.0265459 0.0208993 0.0157495 0.0112579 0.00756071 0.0047258
 0.00775041 0.0126458 0.0191349 0.027185 0.0365367 0.0465534 0.0561945 0.0642733 0.0698878 0.0727051 0.0729155 0.0709839 0.0674284 0.0627171 0.057241 0.0513074 0.0451439 0.0389155 0.0327519 0.0267744 0.0211185 0.0159422 0.0114136 0.00767598 0.00480376
 0.00932625 0.0148505 0.0217933 0.0299143 0.0388578 0.0480696 0.0567313 0.0639041 0.0688507 0.0712806 0.0713389 0.0694145 0.0659588 0.0613962 0.0560921 0.0503391 0.0443555 0.0382989 0.0322921 0.0264504 0.0209049 0.0158118 0.0113409 0.00763965 0.00478798
 0.00930543 0.0151091 0.0226978 0.0319193 0.042308 0.0529319 0.0624257 0.0693985 0.0730282 0.0733809 0.0712087 0.0674483 0.0628262 0.0577548 0.0524257 0.0469328 0.0413452 0.0357334 0.030175 0.0247616 0.0196089 0.0148616 0.0106803 0.00720786 0.00452487
 0.0089827 0.0145995 0.0219805 0.0310416 0.0414392 0.0523998 0.0626783 0.0708429 0.0757858 0.0771051 0.0751283 0.0706603 0.064673 0.0580521 0.0514314 0.045134 0.0392296 0.0336566 0.0283381 0.0232479 0.0184304 0.0139922 0.0100746 0.00681201 0.00428402
 0.00878006 0.0142668 0.0214746 0.0303234 0.0404892 0.0512476 0.0614412 0.0697536 0.0751749 0.0773115 0.0763464 0.0727961 0.0673102 0.0605865 0.0533147 0.0460832 0.039283 0.0330752 0.0274461 0.0223105 0.0176076 0.0133496 0.00961637 0.00651066 0.00410109
 0.00873769 0.0141818 0.0213162 0.0300516 0.0400627 0.0506377 0.0606491 0.0688256 0.0742145 0.0764833 0.0758612 0.0728599 0.0680365 0.0619104 0.0549726 0.0476959 0.0405085 0.0337391 0.0275759 0.0220711 0.0171989 0.0129289 0.00927006 0.00626486 0.00394599
 0.00869933 0.0141218 0.0212292 0.0299311 0.0398982 0.0504124 0.0603408 0.068414 0.0736942 0.0758805 0.0752474 0.0723539 0.0677836 0.0620355 0.0555182 0.048579 0.041532 0.0346663 0.0282277 0.0223881 0.0172362 0.0128003 0.00908645 0.00609824 0.0038255
 0.0086874 0.0141024 0.0212 0.0298899 0.0398428 0.0503404 0.0602484 0.0682938 0.073534 0.0756653 0.074969 0.072025 0.0674512 0.0617809 0.0554345 0.0487297 0.0419111 0.0351873 0.0287559 0.0228007 0.0174716 0.0128697 0.00904759 0.00601597 0.00374533
 0.00869068 0.0141071 0.0212058 0.0298957 0.0398469 0.0503403 0.0602407 0.0682741 0.0734963 0.0756021 0.0748711 0.071885 0.0672703 0.0615779 0.0552505 0.0486202 0.0419232 0.0353328 0.028998 0.023068 0.0176922 0.013003 0.00909409 0.00600426 0.00370961
 0.00867163 0.014079 0.0211687 0.0298518 0.0397995 0.0502932 0.0601971 0.0682364 0.0734654 0.0755766 0.0748474 0.0718563 0.0672295 0.0615206 0.0551815 0.0485573 0.0418941 0.035363 0.0290952 0.0232134 0.017848 0.0131312 0.00917407 0.00603742 0.00371165
 0.00865413 0.0140515 0.0211294 0.0297998 0.039736 0.0502219 0.0601243 0.0681704 0.0734143 0.0755457 0.0748369 0.0718619 0.0672433 0.061534 0.0551884 0.0485577 0.041896 0.0353803 0.0291402 0.0232884 0.0179417 0.0132236 0.00924664 0.00608209 0.00373144
 0.00867792 0.014086 0.0211735 0.0298497 0.0397856 0.0502645 0.0601543 0.0681839 0.0734098 0.0755244 0.0748023 0.0718186 0.0671952 0.0614836 0.0551367 0.0485057 0.0418467 0.03534 0.0291169 0.0232876 0.0179622 0.0132571 0.00928156 0.00610914 0.00374716
 0.00866579 0.0140721 0.0211631 0.0298506 0.0398054 0.0503061 0.0602132 0.0682484 0.0734657 0.0755599 0.0748123 0.0718046 0.0671634 0.0614413 0.0550899 0.0484587 0.0418026 0.0353018 0.0290884 0.0232725 0.0179616 0.0132683 0.00929876 0.00612596 0.00375947
 0.00863882 0.0140261 0.0210904 0.0297446 0.0396643 0.0501376 0.0600365 0.0680916 0.0733563 0.075515 0.0748325 0.0718766 0.0672672 0.0615582 0.0552066 0.0485673 0.0418994 0.035386 0.0291609 0.0233351 0.0180163 0.0133159 0.00933868 0.00615698 0.00378111
 0.00863793 0.0140235 0.021084 0.0297312 0.039639 0.0500947 0.0599716 0.0680041 0.0732528 0.0754096 0.0747444 0.0718232 0.0672573 0.0615894 0.0552676 0.0486437 0.0419789 0.0354603 0.0292263 0.023391 0.0180635 0.0133553 0.0093706 0.0061815 0.00379845
 0.0086191 0.0139962 0.0210491 0.0296913 0.0395977 0.0500546 0.059933 0.0679651 0.07321 0.0753613 0.0746921 0.0717736 0.0672208 0.0615766 0.0552843 0.0486885 0.0420438 0.0355347 0.0293002 0.0234578 0.0181201 0.0134009 0.00940577 0.00620724 0.00381606
 0.0086191 0.0139962 0.0210491 0.0296913 0.0395977 0.0500546 0.059933 0.0679651 0.07321 0.0753613 0.0746921 0.0717736 0.0672208 0.0615766 0.0552843 0.0486885 0.0420438 0.0355347 0.0293002 0.0234578 0.0181201 0.0134009 0.00940577 0.00620724 0.00381606
 0.00888911 0.0144201 0.0216573 0.0304968 0.0405879 0.051182 0.0611079 0.0690611 0.0740884 0.0759058 0.0748386 0.071522 0.0666282 0.0607378 0.0543092 0.0476805 0.0410848 0.0346785 0.0285744 0.0228701 0.017665 0.0130652 0.00917166 0.00605419 0.0037231
 0.00873753 0.0142127 0.0214181 0.0302747 0.0404459 0.0511783 0.0612775 0.0694061 0.0745765 0.0764757 0.0754102 0.0720115 0.0669666 0.0608869 0.0542689 0.047485 0.0407888 0.0343408 0.0282442 0.0225798 0.0174303 0.0128887 0.00904783 0.00597329 0.00367417
 0.00869527 0.0141184 0.0212319 0.0299521 0.0399595 0.0505462 0.0605819 0.0687819 0.0741686 0.0763843 0.0756547 0.0725294 0.0676419 0.0615902 0.0548922 0.0479616 0.0410986 0.0345017 0.0282959 0.0225666 0.017389 0.0128434 0.00901025 0.00594692 0.00365787
 0.00881301 0.0143047 0.0214999 0.0303024 0.0403716 0.0509701 0.0609403 0.0689905 0.0741721 0.0761894 0.0753348 0.0721923 0.0673799 0.0614429 0.0548409 0.0479519 0.0410736 0.0344263 0.0281651 0.022399 0.0172131 0.0126847 0.00888401 0.00585713 0.00360035
 0.00879214 0.0142819 0.0214865 0.0303165 0.0404336 0.051095 0.0611277 0.0692183 0.074397 0.0763575 0.0754013 0.0721436 0.0672432 0.0612749 0.054699 0.0478671 0.0410409 0.0344162 0.028146 0.0223536 0.017143 0.0126035 0.00880755 0.00579595 0.0035578
 0.00876577 0.0142328 0.0214019 0.0301842 0.0402484 0.0508676 0.0608904 0.0690193 0.0742845 0.0763583 0.0755081 0.0723184 0.0674357 0.0614456 0.0548337 0.0479748 0.041138 0.0345115 0.0282343 0.0224228 0.0171839 0.0126165 0.00880094 0.00578057 0.00354207
 0.00865825 0.0140614 0.0211509 0.0298419 0.0398111 0.050345 0.0603114 0.0684355 0.0737649 0.0759768 0.0753246 0.0723611 0.0676921 0.0618653 0.0553461 0.0485113 0.0416486 0.0349682 0.0286244 0.022741 0.0174286 0.012791 0.00891474 0.0058478 0.0035779
 0.00856344 0.0139037 0.0209075 0.029491 0.0393383 0.0497529 0.0596284 0.0677165 0.0730828 0.0754076 0.0749339 0.072195 0.0677707 0.0621785 0.0558527 0.0491457 0.0423357 0.0356392 0.0292292 0.0232503 0.0178315 0.0130898 0.00912111 0.00597957 0.00365512
 0.00846667 0.0137408 0.0206521 0.0291163 0.0388235 0.0490941 0.0588491 0.0668711 0.0722492 0.0746722 0.0743757 0.0718737 0.0677198 0.062402 0.0563248 0.0498138 0.0431272 0.0364734 0.0300306 0.0239606 0.018416 0.0135372 0.00943928 0.00618898 0.003782
 0.00862118 0.0139784 0.0209827 0.0295346 0.0393045 0.0495895 0.0592866 0.0671646 0.0723206 0.0744782 0.073927 0.0712349 0.0669919 0.0616965 0.0557375 0.049407 0.0429212 0.0364494 0.0301414 0.0241476 0.0186244 0.0137273 0.00958977 0.00629474 0.0038486
 0.0087361 0.0141823 0.0213191 0.03005 0.040031 0.0505204 0.0603562 0.0682474 0.0732566 0.075115 0.0741591 0.0710281 0.0663876 0.0607986 0.0546868 0.0483487 0.0419752 0.0356902 0.0295935 0.0237936 0.0184218 0.0136266 0.00954799 0.00628159 0.00384654
 0.00889391 0.0144434 0.0217206 0.0306292 0.0408178 0.0515233 0.0615466 0.0695492 0.0745485 0.0762466 0.0749776 0.0714097 0.066267 0.0601877 0.0536743 0.0470798 0.0406172 0.0343961 0.0284744 0.0229058 0.0177715 0.0131843 0.00926734 0.00611481 0.00375352
#pred catch len freq
 0.00471841 0.00745825 0.0108627 0.014839 0.0193248 0.0242677 0.0295531 0.0349687 0.0402485 0.0451434 0.0494645 0.0530964 0.0559976 0.0581828 0.0596865 0.0605219 0.0606604 0.0600324 0.0585287 0.0559905 0.0522103 0.0469978 0.0403346 0.0325489 0.0243623
 0.00498681 0.00779237 0.0111811 0.0150146 0.019234 0.0238599 0.0288962 0.0342322 0.0396232 0.0447457 0.0492832 0.053011 0.0558515 0.0578706 0.0592114 0.0600031 0.0602867 0.0599806 0.0588812 0.0566918 0.0530888 0.0478412 0.0409793 0.0329331 0.0245206
 0.00534394 0.00834538 0.0119546 0.0159939 0.0203473 0.0249668 0.0297991 0.0347278 0.0395875 0.0442035 0.0484051 0.0520265 0.0549326 0.0570667 0.0584759 0.059279 0.0595836 0.0593881 0.0585153 0.0566166 0.0532685 0.0481551 0.0412854 0.0331352 0.0245965
 0.00564811 0.00882875 0.0126626 0.0169642 0.0216043 0.0265079 0.0315694 0.0365942 0.0413318 0.0455585 0.0491342 0.0520142 0.0542318 0.0558653 0.0570021 0.0577141 0.0580367 0.0579287 0.0572112 0.0555352 0.0524454 0.04757 0.0408734 0.0328249 0.0243431
 0.00596822 0.0093248 0.0133661 0.0178945 0.0227738 0.0279272 0.0332427 0.0385018 0.0434049 0.0476558 0.0510365 0.0534554 0.0549688 0.0557618 0.0560793 0.0561361 0.0560414 0.0557522 0.0550461 0.0535231 0.0506818 0.0461046 0.0397122 0.0319422 0.0236988
 0.00628866 0.00982504 0.0140814 0.0188468 0.0239726 0.0293707 0.0349151 0.0403699 0.045416 0.0497343 0.0530749 0.055301 0.0564223 0.0566043 0.0561313 0.0553225 0.0544277 0.0535287 0.052471 0.050859 0.0481501 0.0438651 0.0378582 0.0305049 0.0226586
