SBPRF35
7.78865
Curr Bio
514917
B35
701950
F35
0.211037
FOFL
0.142712
OFL
55407.1
Bzero
2.22533e+006
#pred survey bio
 4.7071e+006 4.47186e+006 4.23852e+006 3.93894e+006 3.61572e+006 3.29723e+006 2.9791e+006 2.6319e+006 2.3346e+006 2.05617e+006 1.80509e+006 1.58479e+006 1.39726e+006 1.24743e+006 1.10318e+006 975792 875883 812618 775015 736158 729510 700178 686969 667959 646569 635665 618756 617864 609781 603423 595521 589580 583600 584900 568809 550594 545963 540142 546754 566620 578668 582808 589127 591237 592132 596037 589857 592528 593273 588932 592001 604102 595395 573585 520696 1.71956e+007 1.02623e+007 1.05449e+007 1.13516e+007 1.24252e+007 1.35268e+007 1.45149e+007 1.53317e+007 1.59719e+007 1.64562e+007 1.68139e+007 1.70742e+007 1.72619e+007 1.73967e+007 1.74936e+007 1.75632e+007 1.76136e+007 1.76502e+007 1.76769e+007 1.76966e+007 1.77111e+007 1.7722e+007 1.77301e+007 1.77362e+007 1.77409e+007 1.77444e+007 1.7747e+007 1.77491e+007 1.77506e+007 1.77518e+007 1.77527e+007 1.77534e+007 1.7754e+007 1.77544e+007 1.77547e+007 1.7755e+007 1.77552e+007 1.77553e+007 1.77554e+007 1.77555e+007 1.77556e+007 1.77556e+007 1.77557e+007 1.77557e+007 1.77557e+007 1.77558e+007 1.77558e+007 1.77558e+007 1.77558e+007 1.77558e+007 1.77558e+007 1.77558e+007 1.77558e+007 1.77558e+007 1.77558e+007 1.77558e+007 1.77558e+007 1.77558e+007 1.77558e+007 1.77558e+007 1.77558e+007 1.77558e+007 1.77558e+007 1.77558e+007 1.77558e+007 1.77558e+007 1.77558e+007 1.77558e+007 1.77558e+007 1.77558e+007 1.77558e+007 1.77558e+007 1.77558e+007 1.77558e+007 1.77558e+007 1.77558e+007 1.77558e+007 1.77558e+007 1.77558e+007 1.77558e+007 1.77558e+007 1.77558e+007 1.77558e+007 1.77558e+007 1.77558e+007 1.77558e+007 1.77558e+007 1.77558e+007 1.77558e+007 1.77558e+007 1.77558e+007 1.77558e+007 1.77558e+007 1.77558e+007 1.77558e+007 1.77558e+007 1.77558e+007 1.77558e+007 1.77558e+007 1.77558e+007 0 0 0 0 0 0 0 0 0 0 0 0 0 0 0 0 0 0 0 0 0 0 0 0 0
#obs survey bio
 4.15189e+006 3.23908e+006 2.4109e+006 2.37424e+006 3.17072e+006 3.44435e+006 2.75818e+006 2.49088e+006 1.33043e+006 1.6162e+006 1.85798e+006 959627 1.36547e+006 983480 1.05204e+006 631689 974474 735840 736357 732568 527848 734411 723516 534318 794301 665112 711131 325173 623942 498904 597560 509139 460426 658660 558005 493860 664198 608620 569942 459006 576383 736782 476724 405140 697853 452450 743653 544693 676686 512824 672396 633393 706236 524358 573324
#pred catch bio
 96216.1 93393.3 164197 206098 227638 255845 312161 295769 303678 299652 288236 271053 245668 244702 230883 205813 171982 147790 146071 116517 133165 116657 119253 118516 107199 110240 95586.4 101214 99108.2 99550.8 96958.5 96111.3 88895.6 100805 98694.5 86478.3 90938.7 85126.6 77589.8 85428.1 91464.2 89023.9 92804.5 94459.8 92458.2 100682 92687.4 93912.3 97447.9 90563.6 82462.5 98216.2 106259 128016 102567 55407.1 78684 79488 84343.5 91934.9 99955.1 107094 112870 117262 120460 122714 124265 125312 126009 126467 126766 126960 127084 127164 127215 127247 127267 127280 127289 127294 127297 127299 127300 127301 127302 127302 127302 127302 127303 127303 127303 127303 127303 127303 127303 127303 127303 127303 127303 127303 127303 127303 127303 127303 127303 127303 127303 127303 127303 127303 127303 127303 127303 127303 127303 127303 127303 127303 127303 127303 127303 127303 127303 127303 127303 127303 127303 127303 127303 127303 127303 127303 127303 127303 127303 127303 127303 127303 127303 127303 127303 127303 127303 127303 127303 127303 127303 127303 127303 127303 127303 127303 127303 127303 127303 0 0 0 0 0 0 0 0 0 0 0 0 0 0 0 0 0 0 0 0 0 0 0 0 0
#obs catch bio
 0 93089 165442 208076 230300 258925 318294 301471 311552 307578 295916 279716 252939 252234 238022 212186 175970 150443 149120 117837 135603 117600 120626 120125 108068 111333 96388.7 102571 100202 101066 98180.2 97710.2 90328.4 102826 100405 87516.5 92193.3 86027 78258.9 86134.6 91669.8 88951.3 93030.5 95096.6 92955.5 101621 93050.7 94539 97908.8 91243.4 82744.6 98599.9 106023 128386 102459
#pred cpue bio
 4.63277e+006 4.40291e+006 4.17329e+006 3.87524e+006 3.55346e+006 3.23666e+006 2.92029e+006 2.57526e+006 2.27977e+006 2.00341e+006 1.75454e+006 1.53637e+006 1.35086e+006 1.203e+006 1.06112e+006 936050 838332 776873 740582 703122 697003 668875 656303 638042 617521 607225 590965 590125 582236 576067 568508 562851 557138 558711 543790 526687 521603 514359 519671 539001 551317 555810 562060 563880 564478 568244 562376 565113 565998 561893 564999 577145 569213 548269 497059 1.64215e+007 9.80927e+006 9.96749e+006 1.06371e+007 1.16633e+007 1.27538e+007 1.37397e+007 1.45561e+007 1.51963e+007 1.56805e+007 1.60382e+007 1.62985e+007 1.64862e+007 1.6621e+007 1.67179e+007 1.67875e+007 1.68379e+007 1.68745e+007 1.69012e+007 1.69209e+007 1.69355e+007 1.69463e+007 1.69544e+007 1.69605e+007 1.69652e+007 1.69687e+007 1.69714e+007 1.69734e+007 1.69749e+007 1.69761e+007 1.6977e+007 1.69778e+007 1.69783e+007 1.69787e+007 1.6979e+007 1.69793e+007 1.69795e+007 1.69796e+007 1.69797e+007 1.69798e+007 1.69799e+007 1.698e+007 1.698e+007 1.698e+007 1.698e+007 1.69801e+007 1.69801e+007 1.69801e+007 1.69801e+007 1.69801e+007 1.69801e+007 1.69801e+007 1.69801e+007 1.69801e+007 1.69801e+007 1.69801e+007 1.69801e+007 1.69801e+007 1.69801e+007 1.69801e+007 1.69801e+007 1.69801e+007 1.69801e+007 1.69801e+007 1.69801e+007 1.69801e+007 1.69801e+007 1.69801e+007 1.69801e+007 1.69801e+007 1.69801e+007 1.69801e+007 1.69801e+007 1.69801e+007 1.69801e+007 1.69801e+007 1.69801e+007 1.69801e+007 1.69801e+007 1.69801e+007 1.69801e+007 1.69801e+007 1.69801e+007 1.69801e+007 1.69801e+007 1.69801e+007 1.69801e+007 1.69801e+007 1.69801e+007 1.69801e+007 1.69801e+007 1.69801e+007 1.69801e+007 1.69801e+007 1.69801e+007 1.69801e+007 1.69801e+007 1.69801e+007 1.69801e+007 1.69801e+007 0 0 0 0 0 0 0 0 0 0 0 0 0 0 0 0 0 0 0 0 0 0 0 0 0
#obs cpue bio
 3.38871e+006 2.83229e+006 2.57863e+006 3.62573e+006 2.57774e+006 3.60995e+006 2.37285e+006 1.83639e+006 2.223e+006 2.15758e+006 1.37586e+006 1.28099e+006 1.01491e+006 1.21784e+006 791294 918114 672590 729748 600525 635562 771363 796001 469566 603592 529687 534146 365635 780769 530592 429648 535388 398933 436281 419512 510575 520442 391869 441751 399716 735414 906987 500336 544827 547336 442304 606973 511494 470500 588710 432617 511158 672559 675750 558379 458013
#pred surv len freq
 0.00481943 0.00789106 0.0119987 0.0171585 0.0232577 0.0299606 0.0366882 0.0427695 0.0476997 0.0513067 0.0537215 0.0552246 0.0561028 0.0565722 0.0567465 0.0566307 0.0561382 0.0551249 0.0534178 0.0508253 0.0471444 0.0422159 0.0360478 0.0289543 0.0215828
 0.00512949 0.0082687 0.0123391 0.0173008 0.0230472 0.029336 0.0357392 0.0417164 0.0467932 0.0507083 0.0534365 0.0551226 0.056005 0.0563498 0.0563852 0.0562372 0.0558924 0.055198 0.053891 0.051646 0.0481455 0.043187 0.0368216 0.0294598 0.0218443
 0.00539961 0.00872587 0.0130504 0.018313 0.0243451 0.0307972 0.0371226 0.0427217 0.0471831 0.0504254 0.0526273 0.0540466 0.0548917 0.0553067 0.0554065 0.0552869 0.0549856 0.0544217 0.0533575 0.0514193 0.0481943 0.043397 0.0370551 0.0296192 0.0219007
 0.0056078 0.00907313 0.0135914 0.0191094 0.0254562 0.0322592 0.0389139 0.0447269 0.0491794 0.0521138 0.0537167 0.0543586 0.0544273 0.0542276 0.0539442 0.0536477 0.0533116 0.0528118 0.0519004 0.0501953 0.0472475 0.0427133 0.036573 0.0292665 0.0216273
 0.00582462 0.00942183 0.0141104 0.019835 0.0264209 0.033486 0.0404078 0.046463 0.051091 0.0540783 0.0555478 0.0558205 0.0552853 0.054324 0.0532581 0.0522991 0.0515095 0.0507848 0.0498494 0.0482765 0.0455688 0.0413312 0.0354942 0.0284614 0.0210506
 0.00608347 0.00983097 0.0147047 0.02064 0.0274502 0.0347372 0.0418574 0.0480664 0.0527879 0.055801 0.0572183 0.0573368 0.0565072 0.0550799 0.0533854 0.0517037 0.050212 0.048924 0.0476432 0.0459645 0.0433629 0.0393866 0.0338987 0.0272398 0.0201781
 0.00634683 0.0102573 0.0153423 0.0215313 0.0286219 0.0361866 0.0435396 0.0498934 0.0546466 0.0575801 0.0588299 0.0587179 0.0576032 0.0558215 0.0536759 0.0514334 0.049299 0.0473644 0.0455401 0.0435171 0.0408212 0.0369919 0.0318353 0.0256085 0.0189949
 0.00666927 0.0107757 0.0161116 0.0225987 0.030018 0.0379112 0.045546 0.0520824 0.0568772 0.0596962 0.060689 0.0602116 0.0586639 0.0564134 0.0537751 0.0510075 0.0483059 0.0457765 0.0433875 0.0409215 0.0379957 0.0342007 0.0293281 0.0235609 0.0174764
 0.00694723 0.011225 0.0167833 0.0235391 0.0312609 0.0394654 0.0473809 0.0541214 0.0590059 0.0617804 0.0625938 0.0618155 0.0598683 0.0571478 0.0539964 0.0506913 0.0474358 0.0443452 0.041416 0.0384917 0.0352733 0.031423 0.0267536 0.0213998 0.0158387
 0.00722378 0.0116727 0.0174537 0.0244788 0.0325031 0.0410164 0.0492056 0.0561383 0.0610978 0.0638157 0.0644465 0.0633763 0.0610482 0.0578784 0.0542288 0.0503948 0.046595 0.0429602 0.0395129 0.0361443 0.032624 0.0286839 0.0241712 0.0191925 0.0141372
 0.00755012 0.012188 0.0182009 0.0254888 0.0337901 0.0425717 0.0509888 0.0580727 0.063077 0.0657199 0.0661601 0.0647996 0.0621025 0.0585061 0.0543907 0.0500656 0.045761 0.0416213 0.037693 0.0339092 0.0301005 0.0260627 0.0216797 0.0170405 0.0124594
 0.00784103 0.0126611 0.0189124 0.0264884 0.0351087 0.0442033 0.0528743 0.0600992 0.0650992 0.0675929 0.0677664 0.0660584 0.0629647 0.0589437 0.0543888 0.0496167 0.0448626 0.0402789 0.0359294 0.0317825 0.0277215 0.0235992 0.0193352 0.0150071 0.0108644
 0.00806277 0.0130257 0.0194689 0.0272856 0.0361862 0.045576 0.0545159 0.0619333 0.0670059 0.0694297 0.0693928 0.0673579 0.0638576 0.0593908 0.0543834 0.0491715 0.043998 0.0390176 0.0343032 0.0298473 0.0255743 0.0213847 0.0172294 0.0131774 0.00942415
 0.0082691 0.013351 0.0199407 0.0279246 0.0370062 0.0465815 0.0556967 0.0632584 0.0684215 0.0708605 0.0707482 0.0685402 0.0647738 0.0599655 0.0545687 0.0489495 0.0433753 0.0380184 0.0329662 0.0282313 0.0237691 0.0195161 0.015447 0.0116238 0.00819668
 0.00850049 0.0137272 0.0205056 0.0287159 0.0380441 0.0478537 0.0571464 0.0647865 0.069908 0.0721954 0.0718524 0.0693684 0.0653032 0.0601825 0.0544631 0.0485155 0.0426168 0.0369529 0.031628 0.0266762 0.0220797 0.0178027 0.0138365 0.0102337 0.00710516
 0.00865847 0.0139945 0.020927 0.0293393 0.0389093 0.0489751 0.0584949 0.0662827 0.0714322 0.0736119 0.0730373 0.0702314 0.0657981 0.0603048 0.0542366 0.0479761 0.0418 0.0358918 0.030359 0.0252484 0.0205634 0.0162907 0.0124332 0.00903409 0.00616963
 0.00874984 0.014144 0.021155 0.0296681 0.0393623 0.0495732 0.0592498 0.0671881 0.0724562 0.0746937 0.0740906 0.071157 0.0665027 0.06072 0.0543302 0.047751 0.0412844 0.0351268 0.0293917 0.0241326 0.0193649 0.0150893 0.0113159 0.00807828 0.00542427
 0.00885814 0.0142933 0.0213312 0.0298439 0.0395089 0.0496774 0.0593267 0.0672815 0.0726245 0.0749875 0.0745326 0.0717292 0.0671461 0.0613471 0.0548454 0.048074 0.0413658 0.0349532 0.0289814 0.0235289 0.0186296 0.0142973 0.0105467 0.00740216 0.00488759
 0.00884857 0.0142849 0.0213303 0.0298579 0.0395402 0.0497174 0.059355 0.0672757 0.0725774 0.0749229 0.0745046 0.0718026 0.0673665 0.0617153 0.0553122 0.0485539 0.0417639 0.035192 0.0290187 0.0233631 0.0182957 0.013856 0.0100696 0.00695585 0.00451951
 0.00894654 0.0144265 0.021511 0.030063 0.0397502 0.049915 0.0595289 0.0674185 0.0726802 0.0749736 0.0744948 0.0717397 0.0672798 0.0616488 0.0553037 0.0486134 0.0418649 0.0352807 0.0290371 0.023272 0.0180887 0.0135595 0.00973152 0.00662845 0.00424339
 0.00883588 0.0142575 0.021277 0.0297652 0.039397 0.0495215 0.0591182 0.0670229 0.0723407 0.0747332 0.0743882 0.0717833 0.0674685 0.0619612 0.0557108 0.0490839 0.0423631 0.0357633 0.0294545 0.0235798 0.0182621 0.0136023 0.00967448 0.0065163 0.00411923
 0.00893543 0.0144045 0.0214706 0.0299939 0.0396411 0.0497569 0.0593194 0.0671652 0.0724029 0.0747023 0.0742655 0.0715873 0.0672326 0.0617252 0.0555109 0.0489443 0.0422917 0.0357505 0.0294761 0.0236035 0.0182583 0.0135554 0.00958756 0.00640751 0.0040115
 0.00893297 0.0144011 0.0214662 0.0299885 0.0396337 0.0497448 0.0592988 0.0671321 0.0723553 0.074642 0.0741977 0.0715194 0.0671723 0.0616809 0.0554916 0.0489584 0.0423439 0.0358379 0.0295857 0.0237141 0.0183471 0.0136061 0.00959615 0.00638301 0.00397009
 0.0088967 0.0143567 0.021426 0.0299721 0.0396618 0.0498298 0.0594363 0.0673006 0.0725224 0.0747754 0.0742742 0.0715299 0.0671218 0.0615849 0.0553715 0.048837 0.0422408 0.0357658 0.0295477 0.0237033 0.0183497 0.0136073 0.00958648 0.00636098 0.0039409
 0.00893312 0.0144042 0.0214766 0.0300136 0.0396839 0.0498322 0.0594332 0.0673157 0.0725763 0.0748719 0.0743957 0.071644 0.067196 0.0615995 0.0553253 0.0487446 0.0421255 0.0356511 0.0294508 0.0236319 0.0183018 0.0135751 0.00956148 0.00633778 0.00391848
 0.00897199 0.0144542 0.0215272 0.0300461 0.0396757 0.0497646 0.0593 0.0671282 0.0723639 0.0746762 0.0742587 0.0715937 0.0672358 0.0617079 0.0554664 0.0488835 0.0422402 0.0357355 0.0295101 0.023675 0.0183353 0.0136014 0.00957984 0.00634763 0.0039209
 0.00909795 0.0146459 0.0217906 0.0303749 0.0400503 0.0501515 0.0596532 0.0673956 0.0724997 0.074657 0.0740936 0.0713224 0.0669147 0.0613903 0.0551876 0.0486555 0.0420573 0.0355854 0.0293833 0.0235678 0.0182479 0.0135341 0.00953112 0.00631395 0.00389834
 0.00911281 0.0146669 0.0218163 0.0304026 0.0400767 0.0501747 0.0596727 0.0674111 0.0725089 0.0746537 0.0740698 0.0712736 0.0668443 0.0613118 0.0551195 0.0486135 0.0420473 0.0356022 0.0294151 0.0236025 0.0182777 0.0135561 0.00954552 0.00632233 0.00390241
 0.00910396 0.0146661 0.0218396 0.0304716 0.040211 0.0503807 0.0599356 0.0676955 0.0727694 0.0748497 0.0741757 0.0712812 0.0667606 0.0611546 0.0549144 0.0483899 0.0418327 0.0354166 0.0292675 0.0234925 0.0181989 0.013501 0.00950771 0.00629711 0.00388628
 0.00906679 0.0146091 0.0217612 0.0303753 0.0401078 0.0502902 0.0598847 0.0677113 0.0728676 0.0750239 0.0743958 0.0715029 0.066941 0.0612659 0.054949 0.0483582 0.0417562 0.03532 0.029172 0.0234114 0.0181374 0.013458 0.00947944 0.00627928 0.00387543
 0.00908515 0.0146319 0.0217824 0.0303854 0.0400962 0.050251 0.0598209 0.0676366 0.0728045 0.0749966 0.0744217 0.0715842 0.0670618 0.0613969 0.0550583 0.0484228 0.0417689 0.0352887 0.0291136 0.0233443 0.0180757 0.0134091 0.00944469 0.00625674 0.00386189
 0.00908499 0.0146332 0.0217869 0.0303945 0.0401096 0.0502643 0.0598256 0.067623 0.0727666 0.0749383 0.074358 0.0715366 0.0670496 0.0614274 0.0551232 0.0485018 0.0418388 0.0353329 0.0291274 0.0233333 0.0180511 0.0133814 0.00942091 0.00623954 0.00385096
 0.00896321 0.0144622 0.0215796 0.0301797 0.0399242 0.0501398 0.0597769 0.0676454 0.0728404 0.075038 0.074461 0.07163 0.0671318 0.0615057 0.055207 0.0485952 0.041937 0.0354248 0.0292013 0.0233831 0.0180777 0.0133911 0.00942118 0.00623632 0.00384756
 0.00861545 0.013943 0.0208858 0.0293429 0.0390073 0.0492272 0.0589635 0.0670239 0.0724839 0.0749806 0.0746878 0.0720837 0.0677341 0.0621803 0.0558942 0.0492552 0.0425453 0.0359653 0.0296626 0.0237585 0.0183667 0.0136005 0.00956365 0.00632707 0.00390154
 0.00863173 0.0139306 0.0207972 0.0291153 0.0385852 0.0485953 0.0581716 0.066184 0.0717369 0.0744493 0.0744412 0.0721273 0.0680218 0.0626383 0.0564437 0.0498293 0.0430961 0.0364636 0.0300928 0.0241134 0.0186453 0.0138069 0.00970686 0.00641954 0.00395685
 0.00941928 0.0150467 0.0221706 0.03057 0.0398824 0.0495062 0.0585432 0.0659715 0.071002 0.073338 0.0731492 0.0708548 0.0669284 0.0618118 0.0558973 0.0495216 0.0429613 0.0364364 0.0301221 0.024165 0.0186989 0.0138523 0.00974019 0.00644122 0.00396939
 0.0100229 0.0160083 0.0235715 0.0324474 0.0421916 0.05208 0.0610743 0.0680563 0.0722551 0.0735296 0.0722878 0.06917 0.0647727 0.0595423 0.0537888 0.047732 0.0415408 0.0353615 0.0293338 0.023598 0.0182972 0.0135729 0.00955151 0.00631908 0.00389466
 0.00995966 0.0160065 0.0237551 0.0329924 0.0432784 0.0538145 0.0634134 0.0707773 0.0749883 0.0758426 0.0737946 0.0696329 0.0641649 0.0580462 0.0517271 0.0454625 0.0393621 0.0334628 0.0277938 0.0224157 0.0174285 0.0129596 0.00913649 0.00605195 0.0037328
 0.0095521 0.0154013 0.0229578 0.0320644 0.0423435 0.0530556 0.0630517 0.0710237 0.0759663 0.07751 0.0759133 0.0718188 0.0660045 0.0592277 0.0521278 0.0451597 0.0385725 0.0324481 0.0267773 0.0215379 0.0167466 0.0124715 0.0088099 0.00584656 0.00361147
 0.00921804 0.0148576 0.0221425 0.0309305 0.0408835 0.0513337 0.0612318 0.0693672 0.0747833 0.0770758 0.0763784 0.0731484 0.0679715 0.0614694 0.0542509 0.046856 0.0396963 0.0330236 0.0269444 0.0214721 0.0165944 0.0123218 0.00869883 0.0057771 0.00357317
 0.00913199 0.0147031 0.0218818 0.0305165 0.040267 0.0504796 0.0601396 0.0680912 0.0734448 0.0758585 0.0755014 0.0728132 0.0682954 0.0624305 0.0556772 0.0484722 0.0412133 0.0342301 0.0277566 0.021925 0.0167908 0.0123743 0.00869163 0.00575672 0.00355734
 0.00922629 0.0148339 0.0220354 0.0306619 0.0403586 0.0504639 0.0599642 0.0677146 0.0728492 0.075067 0.0745923 0.0719215 0.0675911 0.0620721 0.0557547 0.0489655 0.0419926 0.0351032 0.0285416 0.0225101 0.0171522 0.0125541 0.00875716 0.00576712 0.00354965
 0.0093587 0.0150305 0.0222957 0.0309703 0.0406853 0.0507675 0.0601951 0.067819 0.0727781 0.0747882 0.074104 0.0712629 0.0668457 0.0613592 0.0552047 0.0486807 0.0420091 0.0353744 0.0289573 0.0229432 0.0175072 0.0127911 0.00888572 0.00582142 0.00356483
 0.00937641 0.0150801 0.0224075 0.0311818 0.0410272 0.0512436 0.0607665 0.068405 0.0732754 0.0751002 0.0741655 0.071053 0.0663896 0.0607249 0.0544937 0.0480103 0.0414835 0.0350546 0.0288432 0.0229808 0.0176181 0.0129068 0.00896846 0.00586452 0.00357932
 0.00929954 0.014973 0.0222808 0.0310605 0.0409485 0.0512501 0.0608959 0.0686772 0.0736791 0.0755847 0.0746458 0.071431 0.0665839 0.0606968 0.0542584 0.0476316 0.0410538 0.0346666 0.028562 0.0228271 0.017571 0.0129231 0.00900573 0.00589648 0.00359743
 0.00920006 0.0148171 0.022058 0.0307685 0.0405972 0.0508671 0.0605297 0.0683925 0.0735422 0.0756419 0.0749034 0.071847 0.0670772 0.0611695 0.0546261 0.0478485 0.0411236 0.0346338 0.0284886 0.0227666 0.0175504 0.0129412 0.00904482 0.00593713 0.00362811
 0.00921236 0.0148331 0.0220745 0.030779 0.0405928 0.0508385 0.0604703 0.068303 0.0734349 0.0755416 0.0748433 0.0718573 0.06717 0.0613295 0.054812 0.048008 0.0412149 0.0346427 0.0284316 0.0226791 0.0174678 0.0128846 0.00901748 0.00593056 0.00363117
 0.00916659 0.0147596 0.0219658 0.0306294 0.0404002 0.050607 0.0602122 0.068039 0.0731907 0.0753439 0.0747162 0.0718201 0.0672353 0.0614977 0.0550666 0.0483139 0.0415256 0.0349145 0.0286377 0.0228161 0.0175505 0.0129341 0.0090506 0.00595583 0.00365078
 0.00914941 0.0147308 0.0219206 0.0305627 0.0403073 0.0504847 0.0600613 0.0678653 0.0730054 0.0751628 0.0745578 0.0717035 0.067178 0.0615124 0.0551577 0.0484739 0.0417336 0.0351396 0.028848 0.0229882 0.0176759 0.0130175 0.0091032 0.00598872 0.0036716
 0.00914563 0.014729 0.0219258 0.0305811 0.0403436 0.0505381 0.0601224 0.0679173 0.0730287 0.0751424 0.0744889 0.0715937 0.0670454 0.0613815 0.0550531 0.0484143 0.0417267 0.0351796 0.0289185 0.0230684 0.0177482 0.0130724 0.00913976 0.00601091 0.00368443
 0.0089863 0.014494 0.0216171 0.0302175 0.0399571 0.0501668 0.0598033 0.0676813 0.0728961 0.0751181 0.0745616 0.0717398 0.0672375 0.0615965 0.0552773 0.0486425 0.0419582 0.0354129 0.029147 0.0232809 0.0179321 0.013219 0.00924673 0.00608232 0.00372816
 0.0087736 0.0141566 0.0211271 0.0295598 0.0391383 0.0492262 0.0588197 0.0667667 0.0721709 0.0746774 0.0744497 0.0719442 0.0677011 0.0622395 0.0560172 0.0494093 0.0427005 0.0360979 0.0297552 0.023801 0.0183579 0.0135493 0.00948701 0.00624465 0.00382926
 0.00882279 0.0142184 0.0211858 0.0295872 0.039099 0.0490871 0.058561 0.0663909 0.0717071 0.0741803 0.0739896 0.0715908 0.0675045 0.0622176 0.0561548 0.0496673 0.0430311 0.0364561 0.0301065 0.0241214 0.0186326 0.0137707 0.00965352 0.0063606 0.00390338
 0.00871393 0.0140912 0.021084 0.0295772 0.0392446 0.0494133 0.0590284 0.0668978 0.0721256 0.0744042 0.0739715 0.0713516 0.0671174 0.0617781 0.0557502 0.049356 0.0428353 0.0363681 0.0301008 0.0241677 0.0187038 0.0138463 0.00972063 0.00641279 0.0039395
 0.00854656 0.0138785 0.0208754 0.0294592 0.0393225 0.0497771 0.0597168 0.0678757 0.0732797 0.0755608 0.0749339 0.071952 0.0672658 0.0614869 0.0551213 0.0485391 0.0419788 0.0355836 0.0294503 0.0236691 0.0183463 0.0136049 0.00956699 0.00632083 0.003888
#obs surv len freq
 nan nan nan nan nan nan nan nan nan nan nan nan nan nan nan nan nan nan nan nan nan nan nan nan nan
 0.0044838 0.00734477 0.0111744 0.0159906 0.0216913 0.027967 0.0342813 0.0400128 0.0446926 0.0481566 0.0505146 0.0520106 0.052903 0.0534155 0.0537298 0.0539848 0.0542634 0.0545561 0.0546949 0.0542868 0.0527249 0.049357 0.0438067 0.0362866 0.0276701
 0.00461392 0.00755806 0.0114983 0.0164508 0.0223054 0.0287347 0.0351752 0.0409753 0.0456442 0.0490115 0.0511967 0.0524651 0.0531017 0.0533572 0.0534361 0.0534922 0.053615 0.0537942 0.0538582 0.053412 0.0518505 0.0485257 0.0430629 0.0356679 0.0271972
 0.00477717 0.00782504 0.0119031 0.0170261 0.0230764 0.0297088 0.0363306 0.0422562 0.0469657 0.0502731 0.0522976 0.0533162 0.0536354 0.0535341 0.0532484 0.0529617 0.0527865 0.0527267 0.0526174 0.0520679 0.0504778 0.0472046 0.0418727 0.0346743 0.0264365
 0.00496841 0.00813844 0.0123795 0.017705 0.0239887 0.0308645 0.0377065 0.0437908 0.048567 0.0518341 0.0537113 0.0544846 0.0544743 0.0539778 0.0532553 0.0525196 0.051915 0.0514754 0.0510621 0.0503057 0.048624 0.0453865 0.0402163 0.0332823 0.0253667
 0.00517918 0.00848271 0.0129008 0.0184454 0.0249813 0.0321213 0.0392057 0.045471 0.0503348 0.0535802 0.0553257 0.0558664 0.0555347 0.0546416 0.0534633 0.0522326 0.0511202 0.0501937 0.0493541 0.0482744 0.0464122 0.043165 0.0381599 0.0315368 0.024017
 0.0054048 0.00885326 0.0134654 0.0192523 0.0260683 0.0335015 0.0408521 0.0473122 0.052265 0.0554799 0.0570804 0.0573757 0.0567141 0.05542 0.0537805 0.0520404 0.0503867 0.0489141 0.0475643 0.0460651 0.0439342 0.0406184 0.0357624 0.0294773 0.0224116
 0.00564453 0.00924496 0.0140588 0.0200955 0.0271992 0.034934 0.0425612 0.0492278 0.0542805 0.0574717 0.0589271 0.0589702 0.0579684 0.0562639 0.0541582 0.051906 0.0497041 0.0476648 0.0457644 0.0437867 0.041321 0.0378807 0.0331443 0.0272009 0.020621
 0.00588367 0.00963715 0.0146554 0.0209466 0.0283442 0.0363864 0.0442933 0.0511654 0.0563139 0.0594765 0.0607839 0.0605754 0.0592366 0.0571268 0.0545613 0.051805 0.0490632 0.046461 0.0440029 0.0415243 0.0386879 0.0350833 0.030435 0.0248196 0.0187315
 0.0061282 0.0100375 0.0152631 0.0218115 0.0295052 0.0378562 0.0460429 0.0531184 0.0583569 0.0614807 0.0626265 0.0621521 0.0604652 0.0579458 0.054925 0.0516776 0.0484151 0.0452715 0.0422734 0.0393018 0.0360896 0.032304 0.0277226 0.0224174 0.016812
 0.00637034 0.010435 0.0158686 0.0226762 0.0306687 0.0393307 0.0477968 0.0550709 0.0603898 0.0634615 0.0644304 0.063675 0.0616277 0.0586919 0.0552173 0.0514909 0.0477307 0.0440774 0.0405743 0.0371409 0.0335727 0.0296108 0.0250869 0.0200737 0.014931
 0.00660645 0.0108233 0.0164612 0.0235243 0.0318122 0.0407823 0.0495252 0.0569951 0.0623901 0.0654029 0.0661851 0.0651367 0.0627175 0.0593572 0.055428 0.0512324 0.046997 0.0428686 0.0389039 0.0350535 0.0311669 0.0270508 0.0225865 0.0178497 0.0131431
 0.00681675 0.0111709 0.0169949 0.0242933 0.0328563 0.0421163 0.0511232 0.0587843 0.0642607 0.0672284 0.0678433 0.0665228 0.0637507 0.0599827 0.0556145 0.0509674 0.0462807 0.0417102 0.0373257 0.0331044 0.0289405 0.024696 0.0202947 0.0158144 0.011507
 0.00704094 0.0115341 0.0175392 0.0250571 0.0338675 0.0433811 0.0526138 0.0604339 0.065971 0.068887 0.0693407 0.0677645 0.0646632 0.0605151 0.0557378 0.0506709 0.0455674 0.0405944 0.0358355 0.0312917 0.0268951 0.022553 0.0182233 0.0139831 0.0100388
 0.00731384 0.011977 0.0182036 0.0259879 0.0350916 0.0448905 0.0543507 0.0622893 0.0678042 0.0705565 0.0707312 0.0687989 0.0652999 0.06074 0.0555555 0.0500973 0.0446249 0.0393108 0.0342473 0.0294541 0.0248936 0.0205093 0.0162844 0.0122918 0.00869581
 0.00742904 0.0121831 0.0185486 0.0265283 0.0358798 0.0459546 0.0556745 0.0638049 0.069402 0.0721077 0.0721114 0.0699054 0.0660612 0.0611187 0.0555436 0.0497083 0.043885 0.0382534 0.0329139 0.027901 0.0232008 0.0187844 0.0146533 0.0108739 0.0075732
 0.00751789 0.0123192 0.0187399 0.0267816 0.0362062 0.046375 0.0562187 0.064502 0.070263 0.0731087 0.0731873 0.0709587 0.0669833 0.0618122 0.0559391 0.0497697 0.0436068 0.0376538 0.0320298 0.0267876 0.0219345 0.017463 0.0133867 0.00976435 0.00669088
 0.00757084 0.0124022 0.0188587 0.0269389 0.0364011 0.046603 0.0564744 0.064784 0.0705805 0.0734828 0.0736425 0.0715048 0.0675977 0.0624347 0.0564836 0.0501474 0.0437476 0.0375201 0.0316204 0.0261351 0.0211019 0.016537 0.0124656 0.0089394 0.00602593
 0.00767483 0.0125595 0.0190734 0.0272066 0.0367099 0.0469358 0.0568102 0.0651005 0.0708579 0.0737109 0.0738266 0.0716659 0.0677631 0.0626228 0.0566881 0.0503314 0.0438525 0.0374848 0.0314026 0.0257262 0.0205314 0.0158671 0.0117766 0.0083095 0.00551185
 0.00771286 0.0126225 0.0191699 0.0273441 0.0368917 0.0471569 0.0570555 0.0653456 0.0710771 0.0738855 0.0739513 0.0717494 0.0678244 0.0626835 0.0567636 0.0504211 0.0439346 0.0375191 0.0313433 0.0255412 0.0202173 0.0154541 0.0113201 0.00787191 0.00514338
 0.00777883 0.0127207 0.0193011 0.0275037 0.0370719 0.0473499 0.0572544 0.0655438 0.0712649 0.07405 0.0740779 0.0718272 0.0678517 0.0626695 0.0567255 0.0503758 0.0438895 0.0374656 0.0312592 0.0254 0.0200036 0.0151746 0.0110041 0.00756104 0.00487557
 0.00782585 0.0127946 0.0194071 0.0276437 0.0372431 0.047543 0.0574535 0.0657289 0.071418 0.0741604 0.0741446 0.0718557 0.0678487 0.0626405 0.0566752 0.0503105 0.0438152 0.0373845 0.0311657 0.0252822 0.0198502 0.0149841 0.0107897 0.00734719 0.00468778
 0.0078636 0.0128526 0.0194882 0.0277483 0.0373692 0.0476863 0.0576071 0.0658829 0.0715596 0.0742766 0.0742249 0.0718953 0.0678492 0.0626084 0.0566191 0.0502382 0.0437327 0.0372951 0.031069 0.0251743 0.0197262 0.0148428 0.0106374 0.00719728 0.00455591
 0.00787371 0.012867 0.0195061 0.0277679 0.0373884 0.047704 0.0576241 0.0659019 0.0715846 0.074311 0.0742696 0.0719479 0.0679041 0.0626585 0.0566583 0.0502628 0.0437414 0.0372879 0.0310457 0.0251338 0.0196674 0.0147665 0.0105488 0.00710592 0.00447267
 0.00787767 0.0128697 0.0195033 0.0277537 0.0373567 0.0476516 0.0575534 0.0658212 0.0715069 0.0742502 0.0742382 0.0719528 0.0679459 0.062731 0.0567501 0.0503606 0.0438328 0.0373635 0.0310997 0.0251633 0.0196717 0.0147478 0.0105124 0.00705982 0.00442605
 0.00787905 0.0128678 0.0194928 0.0277269 0.0373055 0.0475703 0.057442 0.0656868 0.0713632 0.0741154 0.0741311 0.07189 0.0679372 0.0627781 0.0568456 0.0504898 0.0439776 0.037506 0.0312252 0.0252619 0.0197391 0.0147843 0.010523 0.00705224 0.00440916
 0.00790201 0.0129009 0.0195344 0.027772 0.037346 0.0475966 0.0574439 0.0656563 0.0712964 0.0740158 0.0740099 0.0717649 0.0678286 0.0627035 0.0568156 0.0505059 0.0440322 0.0375853 0.0313127 0.0253429 0.019803 0.0148265 0.010544 0.00705688 0.00440388
 0.00789323 0.0128878 0.0195168 0.0277502 0.0373205 0.0475671 0.0574091 0.0656142 0.0712452 0.0739548 0.0739414 0.0716943 0.0677645 0.0626566 0.0567961 0.0505206 0.0440819 0.0376638 0.0314081 0.0254409 0.0198904 0.0148947 0.01059 0.00708285 0.00441514
 0.00788576 0.012874 0.0194932 0.027713 0.0372669 0.0474975 0.0573283 0.0655307 0.0711686 0.0738923 0.0738957 0.0716642 0.0677479 0.0626523 0.0568057 0.0505476 0.0441294 0.0377319 0.0314925 0.0255325 0.0199784 0.0149695 0.0106462 0.00711981 0.00443605
 0.00784517 0.0128088 0.0193968 0.0275802 0.0370958 0.0472918 0.0570995 0.0652986 0.0709582 0.0737283 0.0737967 0.0716387 0.0677928 0.0627557 0.0569511 0.0507185 0.0443128 0.0379185 0.0316749 0.0257035 0.0201304 0.0150957 0.0107426 0.00718687 0.00447803
 0.00785639 0.0128171 0.0193909 0.0275437 0.0370119 0.0471497 0.0569013 0.0650602 0.070706 0.0734923 0.0736043 0.0715105 0.0677402 0.06278 0.0570438 0.0508641 0.0444923 0.0381138 0.0318706 0.0258878 0.020294 0.015232 0.0108483 0.00726207 0.00452673
 0.00783454 0.0127875 0.0193565 0.0275095 0.0369804 0.0471173 0.0568561 0.0649856 0.0705894 0.0733339 0.0734205 0.0713299 0.0675941 0.0626929 0.0570279 0.050918 0.0446042 0.0382654 0.0320419 0.0260603 0.0204533 0.0153679 0.0109553 0.00733964 0.00457802
 0.00778626 0.0127065 0.0192309 0.0273288 0.0367408 0.0468274 0.0565402 0.0646802 0.0703311 0.0731471 0.0733112 0.0712908 0.0676146 0.0627667 0.0571535 0.0510945 0.0448259 0.0385194 0.0323099 0.026322 0.0206904 0.0155674 0.0111109 0.00745148 0.00465173
 0.007774 0.0126816 0.0191839 0.0272474 0.0366122 0.0466426 0.0562996 0.0643967 0.0700308 0.0728642 0.073081 0.0711396 0.0675538 0.0627928 0.0572537 0.0512535 0.0450298 0.0387551 0.0325627 0.026575 0.020926 0.0157707 0.0112727 0.00756978 0.00473074
 0.00775141 0.0126476 0.0191376 0.0271885 0.0365398 0.0465539 0.0561887 0.0642573 0.06986 0.0726676 0.0728746 0.0709484 0.0674058 0.0627107 0.0572488 0.0513244 0.0451649 0.0389376 0.032774 0.0267963 0.0211393 0.0159602 0.0114275 0.00768549 0.00480948
 0.00930663 0.014821 0.0217532 0.0298649 0.038802 0.0480112 0.0566749 0.0638541 0.0688104 0.0712517 0.0713216 0.0694085 0.0659646 0.0614149 0.0561243 0.0503836 0.0444085 0.0383553 0.0323471 0.0265006 0.0209481 0.015847 0.0113676 0.00765833 0.0047999
 0.00930798 0.0151093 0.0226911 0.0318994 0.0422691 0.0528716 0.062348 0.069313 0.0729475 0.0733162 0.0711666 0.0674303 0.06283 0.0577764 0.0524613 0.0469791 0.0413994 0.0357921 0.0302343 0.0248175 0.0196581 0.014902 0.0107112 0.00722966 0.004539
 0.00897427 0.0145897 0.0219728 0.0310407 0.0414486 0.052419 0.0627008 0.070858 0.0757834 0.077081 0.0750862 0.0706102 0.0646261 0.0580168 0.0514115 0.0451297 0.0392386 0.0336759 0.0283641 0.0232771 0.0184594 0.0140181 0.0100957 0.00682755 0.00429442
 0.00879888 0.0142917 0.0215017 0.0303464 0.0405018 0.0512471 0.0614305 0.0697395 0.0751638 0.0773049 0.0763404 0.0727844 0.0672893 0.0605579 0.0532842 0.0460574 0.0392666 0.0330698 0.0274506 0.0223222 0.0176231 0.0133658 0.00963091 0.00652214 0.00410917
 0.00872418 0.0141656 0.021302 0.0300465 0.0400727 0.0506643 0.0606862 0.0688621 0.0742392 0.0764907 0.0758531 0.0728425 0.0680157 0.0618892 0.0549517 0.0476761 0.0404917 0.0337278 0.0275715 0.0220737 0.0172067 0.0129393 0.00928072 0.00627399 0.00395278
 0.00869442 0.0141157 0.0212238 0.0299299 0.0399061 0.0504348 0.0603818 0.0684739 0.0737675 0.0759558 0.0753101 0.0723912 0.0677895 0.062012 0.0554733 0.0485227 0.0414732 0.0346119 0.028182 0.0223533 0.0172124 0.0127859 0.009079 0.00609515 0.00382469
 0.00868009 0.014089 0.0211772 0.0298543 0.0397926 0.0502778 0.060181 0.0682343 0.0734962 0.0756599 0.0749983 0.0720823 0.0675231 0.061852 0.0554927 0.0487693 0.0419326 0.0351955 0.0287565 0.0227987 0.0174701 0.0128701 0.00904962 0.00601883 0.00374814
 0.00867962 0.0140884 0.0211764 0.0298523 0.0397866 0.0502622 0.0601473 0.0681726 0.0733983 0.0755218 0.0748226 0.0718778 0.0673066 0.0616506 0.0553457 0.0487216 0.0420169 0.0354106 0.0290578 0.0231117 0.0177235 0.0130255 0.0091103 0.00601577 0.00371744
 0.00870129 0.0141227 0.0212259 0.0299185 0.0398687 0.0503562 0.0602444 0.0682594 0.0734579 0.0755374 0.0747816 0.0717752 0.0671477 0.061452 0.0551346 0.0485335 0.0418884 0.0353674 0.0291023 0.0232189 0.0178507 0.013132 0.00917402 0.00603743 0.00371193
 0.00865727 0.0140613 0.0211523 0.029844 0.0398079 0.0503218 0.0602433 0.0682906 0.073514 0.0756064 0.0748487 0.0718255 0.0671684 0.0614363 0.0550849 0.0484629 0.0418187 0.0353229 0.0291002 0.023261 0.0179225 0.0132097 0.00923672 0.00607538 0.00372731
 0.00864288 0.0140318 0.0210976 0.0297529 0.0396737 0.0501491 0.0600525 0.0681148 0.0733883 0.0755544 0.0748743 0.0719135 0.067292 0.0615671 0.0552004 0.0485516 0.0418811 0.0353692 0.0291447 0.0233145 0.0179867 0.0132773 0.0092967 0.00611942 0.00375355
 0.00864324 0.0140314 0.0210945 0.0297437 0.0396524 0.0501078 0.0599831 0.0680136 0.0732608 0.0754181 0.0747553 0.0718375 0.0672739 0.0616048 0.0552778 0.0486461 0.0419734 0.035449 0.0292114 0.0233729 0.0180417 0.0133298 0.00934336 0.00615615 0.00377835
 0.0086283 0.0140099 0.0210673 0.0297131 0.0396215 0.0500783 0.0599545 0.0679821 0.0732212 0.075366 0.0746911 0.071769 0.0672151 0.0615716 0.0552803 0.0486842 0.0420374 0.0355248 0.0292868 0.0234413 0.0181011 0.0133804 0.00938521 0.00618851 0.00380094
 0.00862692 0.0140052 0.021056 0.0296912 0.0395857 0.0500288 0.0598958 0.0679226 0.0731692 0.0753264 0.0746634 0.0717487 0.0671986 0.0615589 0.0552765 0.048696 0.0420687 0.0355739 0.0293469 0.023504 0.0181597 0.0134307 0.00942565 0.00621886 0.00382194
 0.00862501 0.0140054 0.0210619 0.0297074 0.0396156 0.0500715 0.0599446 0.0679663 0.0731965 0.0753305 0.0746443 0.0717115 0.0671501 0.0615053 0.0552232 0.0486483 0.0420323 0.0355531 0.0293428 0.0235141 0.0181787 0.0134531 0.00944698 0.00623655 0.00383499
 0.00862501 0.0140054 0.0210619 0.0297074 0.0396156 0.0500715 0.0599446 0.0679663 0.0731965 0.0753305 0.0746443 0.0717115 0.0671501 0.0615053 0.0552232 0.0486483 0.0420323 0.0355531 0.0293428 0.0235141 0.0181787 0.0134531 0.00944698 0.00623655 0.00383499
 0.00856001 0.0139031 0.0209151 0.0295133 0.0393787 0.0498062 0.0596762 0.0677278 0.0730203 0.0752384 0.0746414 0.0717875 0.0672854 0.0616781 0.055414 0.048842 0.0422184 0.0357255 0.0294983 0.0236507 0.0182949 0.0135476 0.00951943 0.00628831 0.00386912
 0.0086397 0.0140226 0.0210757 0.0297083 0.0395934 0.0500196 0.0598637 0.0678646 0.0730875 0.0752285 0.0745609 0.0716538 0.0671206 0.0615026 0.0552431 0.0486859 0.0420829 0.0356137 0.029411 0.0235873 0.0182527 0.0135227 0.009507 0.00628368 0.00386849
 0.0088095 0.0142975 0.0214855 0.030275 0.0403209 0.0508802 0.0607882 0.0687473 0.0738085 0.0756874 0.0747038 0.071482 0.0666822 0.0608739 0.0545086 0.0479225 0.0413509 0.0349539 0.0288467 0.0231275 0.0178964 0.013261 0.00932601 0.00616664 0.00379824
 0.00901859 0.0146463 0.0220254 0.0310549 0.0413719 0.052192 0.0622887 0.0702992 0.0752326 0.0768037 0.0753717 0.0716288 0.0663113 0.0600581 0.053369 0.0466014 0.0399844 0.0336526 0.0276876 0.0221539 0.0171228 0.0126804 0.00891615 0.00589617 0.00363259
#pred catch len freq
 0.00468675 0.0074131 0.0108068 0.0147799 0.019274 0.0242393 0.0295609 0.0350255 0.0403636 0.0453212 0.049704 0.0533916 0.0563387 0.0585572 0.0600767 0.0609024 0.0609945 0.0602717 0.0586194 0.0558873 0.0518952 0.0464951 0.0397123 0.0319018 0.0237812
 0.00501925 0.00784 0.0112435 0.0150887 0.0193157 0.0239469 0.0289893 0.0343355 0.0397426 0.0448862 0.0494477 0.0531997 0.0560625 0.0580998 0.0594517 0.0602413 0.0604998 0.0601331 0.0589274 0.056587 0.0528071 0.0473933 0.0404183 0.0323413 0.0239823
 0.00532305 0.00832693 0.0119551 0.0160375 0.0204581 0.0251582 0.0300647 0.0350418 0.0399136 0.044508 0.0486666 0.0522383 0.0550992 0.0571987 0.0585835 0.059367 0.0596467 0.0594073 0.0584588 0.0564481 0.0529626 0.0477153 0.0407524 0.0325784 0.0240901
 0.00557812 0.00873275 0.0125522 0.0168642 0.0215496 0.0265364 0.0317124 0.0368664 0.041724 0.046034 0.0496352 0.0524774 0.0546074 0.0561294 0.0571572 0.0577785 0.0580298 0.0578588 0.057071 0.0553064 0.0521119 0.0471348 0.0403686 0.0323075 0.0238758
 0.00584007 0.00913975 0.0131315 0.0176339 0.0225234 0.0277283 0.0331349 0.0385185 0.0435689 0.0479725 0.0514872 0.0539947 0.0555313 0.056278 0.0564942 0.0564215 0.0561952 0.0557873 0.0549757 0.0533533 0.0504147 0.0457501 0.0392986 0.0315157 0.0233108
 0.00615801 0.00962746 0.0138122 0.018513 0.0235931 0.0289746 0.0345411 0.0400638 0.0452251 0.0496984 0.0532165 0.0556186 0.056887 0.0571629 0.0567152 0.0558632 0.054872 0.0538469 0.052655 0.0509136 0.0480866 0.0437011 0.0376217 0.030235 0.022398
 0.00651576 0.0101826 0.0145988 0.0195466 0.0248704 0.0304747 0.0362222 0.0418626 0.0470622 0.0514909 0.0548891 0.0571034 0.058112 0.058034 0.0571093 0.0556465 0.0539463 0.0522037 0.0504066 0.0482799 0.0453431 0.0411135 0.035392 0.028473 0.0211209
 0.00690111 0.0107811 0.0154486 0.0206677 0.0262663 0.0321328 0.0381091 0.0439156 0.0491867 0.0535679 0.0567914 0.0587153 0.0593426 0.0588179 0.0573926 0.0553707 0.0530483 0.0506433 0.048212 0.045583 0.0423777 0.0381686 0.0327404 0.0263056 0.0195135
 0.00726904 0.0113526 0.0162603 0.0217393 0.0276026 0.0337255 0.0399328 0.0459205 0.0512944 0.0556735 0.058772 0.0604422 0.0606966 0.0597027 0.0577409 0.0551384 0.052205 0.0491728 0.0461332 0.0429852 0.0394438 0.0351616 0.029946 0.0239568 0.0177324
 0.00763648 0.0119239 0.0170725 0.0228124 0.0289408 0.035318 0.0417501 0.0479083 0.0533717 0.0577381 0.0607096 0.0621358 0.0620356 0.0605918 0.0581058 0.0549281 0.0513902 0.0477462 0.0441201 0.0404657 0.0365761 0.0321815 0.0271277 0.0215435 0.0158701
 0.0080617 0.0125748 0.0179782 0.0239767 0.0303479 0.0369405 0.0435509 0.049835 0.0553517 0.0596793 0.0625074 0.0636837 0.0632354 0.0613614 0.0583825 0.0546679 0.0505664 0.0463518 0.0421783 0.0380488 0.0338255 0.0293101 0.0243898 0.0191741 0.0140205
 0.0084445 0.0131718 0.0188299 0.0251044 0.0317523 0.038599 0.0454123 0.0518174 0.0573496 0.0615787 0.0642011 0.0650801 0.0642608 0.0619596 0.0585135 0.0543054 0.049696 0.044973 0.0403137 0.0357626 0.0312417 0.0266174 0.0218167 0.0169363 0.012262
 0.00873209 0.0136245 0.0194846 0.0259888 0.0328837 0.0399812 0.0470273 0.0536149 0.0592426 0.06345 0.0659182 0.0665162 0.0653148 0.0625663 0.0586427 0.0539522 0.0488688 0.0436891 0.0386045 0.0336894 0.0289138 0.0241979 0.0195043 0.0149204 0.0106717
 0.00905284 0.0141132 0.0201604 0.0268513 0.0339195 0.0411726 0.0483551 0.0550532 0.0607503 0.064964 0.0673534 0.0677724 0.0662901 0.0631741 0.0588249 0.0536835 0.048153 0.0425504 0.037085 0.0318549 0.0268656 0.0220784 0.0174831 0.0131588 0.00928013
 0.00938264 0.0146256 0.0208871 0.0278051 0.0350924 0.0425341 0.049849 0.0565997 0.0622565 0.0663408 0.0685285 0.0686926 0.0669154 0.0634721 0.0587692 0.0532578 0.0473559 0.0413989 0.0356173 0.0301341 0.0249857 0.0201649 0.01568 0.0116 0.0080547
 0.00959017 0.0149587 0.0213807 0.0284905 0.0359925 0.0436554 0.0511708 0.0580646 0.0637715 0.0677893 0.0697907 0.0696677 0.0675379 0.0637163 0.0586411 0.0527806 0.0465581 0.0403114 0.0342784 0.0285991 0.023335 0.0185048 0.0141304 0.0102699 0.00701451
 0.0096582 0.0150704 0.0215525 0.0287425 0.0363495 0.0441465 0.0518231 0.0588935 0.0647669 0.068905 0.0709423 0.0707442 0.0684247 0.0643197 0.0589057 0.052692 0.0461344 0.03959 0.0333079 0.027439 0.0220604 0.0172078 0.0129118 0.00922018 0.00619189
 0.00973737 0.0151765 0.0216713 0.0288499 0.0364225 0.0441789 0.0518386 0.058945 0.0649219 0.0692222 0.0714483 0.0714188 0.0691996 0.065092 0.0595619 0.0531346 0.0463013 0.0394612 0.0329013 0.0268022 0.0212634 0.0163367 0.0120583 0.00846562 0.00559064
 0.00974818 0.0151971 0.021707 0.028904 0.0364924 0.0442518 0.051892 0.0589567 0.0648871 0.0691676 0.0714316 0.0715084 0.0694432 0.0654905 0.0600625 0.053645 0.0467181 0.0396994 0.032914 0.0265883 0.0208626 0.0158176 0.0115021 0.00794793 0.00516495
 0.00975874 0.0152079 0.0217122 0.0288963 0.0364667 0.0442104 0.0518459 0.0589209 0.0648716 0.0691722 0.0714503 0.0715418 0.0695085 0.0656165 0.0602708 0.0539288 0.0470335 0.039977 0.0330841 0.0266056 0.0207212 0.0155505 0.0111674 0.007609 0.00487196
 0.00971036 0.0151341 0.0216095 0.0287637 0.0363044 0.0440188 0.0516277 0.0586848 0.0646372 0.0689692 0.0713123 0.0714957 0.069567 0.0657784 0.0605254 0.0542588 0.0474112 0.0403602 0.0334193 0.0268421 0.020829 0.0155315 0.0110533 0.00744744 0.00470865
 0.00977132 0.015222 0.021721 0.0288883 0.0364271 0.0441241 0.0517024 0.0587189 0.0646227 0.0689019 0.071195 0.0713422 0.0694022 0.065633 0.0604274 0.0542255 0.047445 0.0404464 0.0335287 0.0269377 0.0208781 0.0155176 0.0109821 0.00734194 0.00459732
 0.00979216 0.015253 0.0217621 0.0289367 0.0364774 0.0441684 0.0517315 0.0587238 0.0645977 0.0688462 0.0711136 0.0712443 0.0692995 0.0655391 0.0603571 0.0541929 0.0474586 0.0405051 0.0336188 0.0270355 0.0209572 0.0155587 0.01098 0.00730584 0.00454485
 0.0097649 0.0152212 0.0217371 0.0289361 0.0365195 0.0442639 0.051876 0.0588967 0.0647681 0.0689822 0.0711911 0.0712526 0.0692423 0.0654317 0.0602224 0.0540557 0.0473413 0.0404224 0.0335745 0.0270222 0.0209593 0.0155594 0.0109683 0.0072802 0.00451117
