SBPRF35
7.78865
Curr Bio
432209
B35
680889
F35
0.212857
FOFL
0.128688
OFL
43737.9
Bzero
2.22533e+006
#pred survey bio
 4.63505e+006 4.41161e+006 4.18054e+006 3.89487e+006 3.5715e+006 3.22407e+006 2.91261e+006 2.59259e+006 2.29836e+006 2.00437e+006 1.79044e+006 1.56597e+006 1.40123e+006 1.23558e+006 1.0837e+006 973161 886628 802565 769124 728415 706783 692700 663747 648668 625989 618242 616025 618215 615870 606213 605498 586656 577944 578023 570223 564872 552850 543942 535724 546763 552775 565235 583458 598874 602712 608973 616651 618843 614337 624551 629682 611610 553837 536559 518378 516058 478532 460065 483403 480383 485707 473046 437860 1.50614e+007 9.03162e+006 9.40671e+006 1.03721e+007 1.16358e+007 1.29241e+007 1.40739e+007 1.502e+007 1.57583e+007 1.63143e+007 1.67232e+007 1.70195e+007 1.72322e+007 1.73843e+007 1.7493e+007 1.7571e+007 1.76271e+007 1.76677e+007 1.76973e+007 1.7719e+007 1.7735e+007 1.77469e+007 1.77558e+007 1.77625e+007 1.77676e+007 1.77714e+007 1.77743e+007 1.77765e+007 1.77782e+007 1.77795e+007 1.77805e+007 1.77813e+007 1.77819e+007 1.77823e+007 1.77827e+007 1.77829e+007 1.77832e+007 1.77833e+007 1.77834e+007 1.77835e+007 1.77836e+007 1.77837e+007 1.77837e+007 1.77838e+007 1.77838e+007 1.77838e+007 1.77838e+007 1.77838e+007 1.77838e+007 1.77838e+007 1.77839e+007 1.77839e+007 1.77839e+007 1.77839e+007 1.77839e+007 1.77839e+007 1.77839e+007 1.77839e+007 1.77839e+007 1.77839e+007 1.77839e+007 1.77839e+007 1.77839e+007 1.77839e+007 1.77839e+007 1.77839e+007 1.77839e+007 1.77839e+007 1.77839e+007 1.77839e+007 1.77839e+007 1.77839e+007 1.77839e+007 1.77839e+007 1.77839e+007 1.77839e+007 1.77839e+007 1.77839e+007 1.77839e+007 1.77839e+007 1.77839e+007 1.77839e+007 1.77839e+007 1.77839e+007 1.77839e+007 1.77839e+007 1.77839e+007 1.77839e+007 1.77839e+007 1.77839e+007 1.77839e+007 1.77839e+007 1.77839e+007 1.77839e+007 1.77839e+007 1.77839e+007 1.77839e+007 1.77839e+007 1.77839e+007 1.77839e+007 0 0 0 0 0 0 0 0 0 0 0 0 0 0 0 0 0 0 0 0 0 0 0 0 0
#obs survey bio
 2.48463e+006 4.01371e+006 3.71951e+006 2.07955e+006 2.59626e+006 3.04796e+006 1.88803e+006 2.11831e+006 1.97258e+006 1.50799e+006 1.66253e+006 1.22851e+006 1.47758e+006 931013 795354 898623 714765 812671 732950 578937 841196 573500 528395 591064 449600 655344 485156 484587 493828 476517 590021 484648 620456 561994 678437 586302 421884 696590 599396 415502 536104 615121 514309 679576 554588 510757 571591 612853 592388 433950 775283 799766 612769 588884 773755 642843 289869 477041 630090 502560 748159 541481 425260
#pred catch bio
 87217.8 92652.9 153098 209096 260063 258997 297446 301874 325059 272816 296754 254806 263157 255858 222868 202675 197515 150848 153230 132934 123403 132834 118503 123026 109495 104608 100612 103549 107631 97753.1 109959 97985.5 87990.9 91722.1 86426.8 91124.2 90833.8 93249.5 79733.6 86276.4 82384.3 79157.5 82853.2 92996.2 91164.2 90427.3 95139.1 100227 87823.4 92518.6 111025 141068 103995 103251 88674.6 116374 98193 63022.7 83778 74689.6 87985.5 103318 75900.8 43737.9 69376.8 70733.3 76642.7 85744 95330.6 103835 110694 115894 119669 122323 124145 125373 126188 126724 127072 127297 127441 127534 127592 127630 127653 127668 127678 127684 127687 127690 127691 127692 127693 127693 127693 127693 127694 127694 127694 127694 127694 127694 127694 127694 127694 127694 127694 127694 127694 127694 127694 127694 127694 127694 127694 127694 127694 127694 127694 127694 127694 127694 127694 127694 127694 127694 127694 127694 127694 127694 127694 127694 127694 127694 127694 127694 127694 127694 127694 127694 127694 127694 127694 127694 127694 127694 127694 127694 127694 127694 127694 127694 127694 127694 127694 127694 127694 127694 127694 127694 127694 127694 127694 0 0 0 0 0 0 0 0 0 0 0 0 0 0 0 0 0 0 0 0 0 0 0 0 0
#obs catch bio
 0 92425.4 153777 210854 263877 262564 304586 309262 334771 279249 306513 261575 269990 264163 230630 210112 205070 154321 157381 135660 124787 134980 120275 125001 111424 106714 102292 105520 109752 99270.1 111838 99611.2 88919.4 93040.1 87344.1 92113.8 91744.8 93891.1 79601.9 86964.2 82820.3 79433.6 83306.6 93235.7 91450.3 90843.8 95421.4 100752 87883.2 92915.3 111124 142119 103740 103374 87912.7 116109 98859.9 62617.4 83901 74353.6 87464.5 103238 75747.2
#pred cpue bio
 4.55149e+006 4.33408e+006 4.10723e+006 3.82297e+006 3.50074e+006 3.15499e+006 2.8451e+006 2.52728e+006 2.23556e+006 1.94464e+006 1.73262e+006 1.51089e+006 1.34811e+006 1.18482e+006 1.03517e+006 926302 841798 760610 728772 690074 669800 656684 628890 614399 592463 584802 582721 585052 583125 574273 574133 556485 548610 549253 542405 537905 525770 515589 506651 517052 522814 534890 552544 567530 571327 577343 584770 586982 582737 592643 597660 580287 524327 507459 490090 488101 451788 433709 456709 454815 460432 448316 414556 1.42821e+007 8.57941e+006 8.79596e+006 9.58012e+006 1.07773e+007 1.2049e+007 1.31953e+007 1.41407e+007 1.48789e+007 1.54349e+007 1.58438e+007 1.61401e+007 1.63528e+007 1.65049e+007 1.66136e+007 1.66916e+007 1.67477e+007 1.67883e+007 1.68179e+007 1.68396e+007 1.68556e+007 1.68675e+007 1.68764e+007 1.68831e+007 1.68882e+007 1.6892e+007 1.68949e+007 1.68971e+007 1.68988e+007 1.69001e+007 1.69011e+007 1.69019e+007 1.69025e+007 1.69029e+007 1.69033e+007 1.69035e+007 1.69038e+007 1.69039e+007 1.6904e+007 1.69041e+007 1.69042e+007 1.69043e+007 1.69043e+007 1.69044e+007 1.69044e+007 1.69044e+007 1.69044e+007 1.69044e+007 1.69044e+007 1.69044e+007 1.69045e+007 1.69045e+007 1.69045e+007 1.69045e+007 1.69045e+007 1.69045e+007 1.69045e+007 1.69045e+007 1.69045e+007 1.69045e+007 1.69045e+007 1.69045e+007 1.69045e+007 1.69045e+007 1.69045e+007 1.69045e+007 1.69045e+007 1.69045e+007 1.69045e+007 1.69045e+007 1.69045e+007 1.69045e+007 1.69045e+007 1.69045e+007 1.69045e+007 1.69045e+007 1.69045e+007 1.69045e+007 1.69045e+007 1.69045e+007 1.69045e+007 1.69045e+007 1.69045e+007 1.69045e+007 1.69045e+007 1.69045e+007 1.69045e+007 1.69045e+007 1.69045e+007 1.69045e+007 1.69045e+007 1.69045e+007 1.69045e+007 1.69045e+007 1.69045e+007 1.69045e+007 1.69045e+007 1.69045e+007 1.69045e+007 1.69045e+007 0 0 0 0 0 0 0 0 0 0 0 0 0 0 0 0 0 0 0 0 0 0 0 0 0
#obs cpue bio
 3.78029e+006 4.59214e+006 2.50673e+006 2.86032e+006 2.62426e+006 2.47107e+006 1.98753e+006 2.55411e+006 2.21903e+006 1.90489e+006 1.2645e+006 1.46764e+006 1.35445e+006 824130 669680 531074 737690 645788 550445 718476 755929 591760 518133 613423 453688 338179 659941 508440 603048 554789 617216 428841 547215 417146 429324 509094 613467 528996 637985 359495 550286 495219 493257 721737 513002 548910 721188 531226 650163 612676 671514 395477 569308 451068 518601 380978 411406 619334 359250 488402 399485 357217 351149
#pred surv len freq
 0.00443116 0.00735721 0.0113742 0.0165519 0.0227971 0.0297409 0.0367304 0.0430183 0.0480561 0.0516746 0.0540389 0.0554709 0.0562879 0.0567199 0.0568815 0.0567706 0.0562902 0.0552848 0.0535725 0.0509565 0.0472358 0.0422589 0.0360456 0.0289201 0.0215341
 0.0047174 0.00769732 0.0116605 0.0166226 0.0224988 0.0290172 0.0356799 0.0418725 0.0470772 0.0510312 0.053737 0.0553753 0.0562115 0.0565262 0.056551 0.056409 0.0560799 0.0554019 0.0541021 0.0518478 0.0483187 0.0433164 0.0369018 0.0294964 0.0218502
 0.00500538 0.00818635 0.0124243 0.0177141 0.0239049 0.0306093 0.0372004 0.0429971 0.047546 0.0507743 0.0529036 0.0542383 0.0550174 0.0553953 0.055484 0.0553719 0.0550887 0.054546 0.0534986 0.0515654 0.0483292 0.0435052 0.0371275 0.0296562 0.0219107
 0.00524364 0.00858227 0.0130381 0.0186117 0.0251481 0.0322321 0.0391723 0.0451868 0.0497093 0.0525905 0.0540648 0.0545593 0.0545036 0.054221 0.053897 0.0535927 0.0532696 0.0527926 0.0519048 0.050217 0.0472755 0.0427358 0.0365818 0.02926 0.0216097
 0.00546859 0.00895461 0.0136114 0.0194421 0.0262857 0.0337066 0.040977 0.0472673 0.0519586 0.0548475 0.0561142 0.0561489 0.0553939 0.0542592 0.0530744 0.0520469 0.0512293 0.0505048 0.0495862 0.0480373 0.0453549 0.0411416 0.0353285 0.0283216 0.020939
 0.00573398 0.00938316 0.0142515 0.0203381 0.0274718 0.0351962 0.0427509 0.0492685 0.0540983 0.0570162 0.0581872 0.0579809 0.0568125 0.0550773 0.0531311 0.0512631 0.049649 0.048294 0.0469905 0.0453229 0.0427586 0.038841 0.0334298 0.0268605 0.0198929
 0.00594633 0.00973682 0.0147992 0.0211339 0.0285598 0.0365933 0.0444311 0.0511595 0.0560969 0.0590126 0.0600816 0.0596839 0.0582312 0.0560997 0.0536233 0.0510924 0.0487284 0.0466307 0.0447098 0.0426517 0.0399749 0.0362119 0.0311598 0.025063 0.0185881
 0.00616394 0.0100971 0.0153538 0.0219359 0.0296541 0.038001 0.0461325 0.0530865 0.0581417 0.0610479 0.0619836 0.0613468 0.0595715 0.0570475 0.0541082 0.0510328 0.0480414 0.0452651 0.0426917 0.0401149 0.0371541 0.0333942 0.0286144 0.0229786 0.0170408
 0.0064062 0.0104872 0.0159344 0.0227453 0.0307208 0.0393345 0.0477121 0.0548562 0.0600147 0.0629206 0.063749 0.062905 0.0608352 0.0579443 0.054577 0.0510168 0.0474832 0.0441175 0.040947 0.0378432 0.0345253 0.0306606 0.0260528 0.0208151 0.0153959
 0.00674663 0.011031 0.0167343 0.023842 0.0321336 0.0410481 0.0496641 0.056937 0.0620865 0.0648472 0.0654205 0.0642457 0.0617975 0.0584979 0.0546991 0.0506844 0.0466698 0.0427978 0.039116 0.0355482 0.0318949 0.0279074 0.0234339 0.0185632 0.0136534
 0.00694881 0.0113703 0.017264 0.0246173 0.0331988 0.042417 0.0513015 0.0587543 0.0639577 0.0666373 0.0670111 0.0655484 0.0627553 0.0590782 0.0548838 0.0504603 0.0460215 0.0417094 0.0375839 0.0336064 0.0296417 0.0255138 0.0211193 0.0165389 0.0120612
 0.00725969 0.0118663 0.0179933 0.0256186 0.0344952 0.0440048 0.0531374 0.0607485 0.0659816 0.0685438 0.0686595 0.0668249 0.0635855 0.0594306 0.0547628 0.0498916 0.045036 0.0403337 0.035845 0.03155 0.0273567 0.0231461 0.0188565 0.0145659 0.0105059
 0.00751438 0.012274 0.0185947 0.0264465 0.0355673 0.0453146 0.0546441 0.062376 0.0676304 0.0701096 0.0700482 0.0679568 0.064395 0.059867 0.0547945 0.0495094 0.0442514 0.0391732 0.0343469 0.0297703 0.0253828 0.0211055 0.0169071 0.0128626 0.00915752
 0.00785101 0.0128135 0.0193907 0.0275405 0.0369769 0.0470172 0.0565625 0.0643785 0.0695539 0.071797 0.0713799 0.0688641 0.0648549 0.0598876 0.0544004 0.0487319 0.0431249 0.0377358 0.0326454 0.0278671 0.0233652 0.0190898 0.0150287 0.011249 0.00789366
 0.00813602 0.0132874 0.0201223 0.0285967 0.0384045 0.0488153 0.0586578 0.0666217 0.0717455 0.0737323 0.0728914 0.0698456 0.0652661 0.0597452 0.0537613 0.0476733 0.0417271 0.0360734 0.0307872 0.0258853 0.0213453 0.0171353 0.013253 0.00975279 0.00673815
 0.00819674 0.0134123 0.0203598 0.0290106 0.0390623 0.0497672 0.0599141 0.0681388 0.0734266 0.0754406 0.0744702 0.0711429 0.0661596 0.0601613 0.0536825 0.0471318 0.0407892 0.0348218 0.0293091 0.0242689 0.019683 0.015526 0.0117957 0.00853044 0.0057983
 0.00815813 0.0133648 0.0203183 0.0290038 0.0391319 0.0499638 0.0602896 0.0687349 0.0742603 0.0764891 0.0756633 0.0723682 0.0672812 0.0610464 0.0542273 0.0472792 0.0405337 0.034203 0.0283988 0.0231575 0.0184705 0.0143146 0.0106812 0.00758862 0.00507195
 0.00827731 0.0135386 0.0205434 0.0292661 0.0394132 0.0502523 0.0605873 0.0690586 0.0746354 0.0769386 0.0761963 0.07297 0.0679078 0.0616275 0.0546776 0.0475174 0.0405023 0.0338823 0.027811 0.0223617 0.0175508 0.0133661 0.00979441 0.00683441 0.00448957
 0.00820922 0.0134292 0.0203811 0.0290414 0.0391208 0.0498955 0.0601846 0.0686485 0.0742771 0.0767054 0.0761608 0.0731837 0.0683821 0.0623219 0.0555034 0.0483548 0.0412277 0.0343963 0.0280587 0.022341 0.0173071 0.0129768 0.0093476 0.00640827 0.00413699
 0.00824656 0.0134827 0.0204482 0.0291138 0.0391857 0.0499375 0.060188 0.0686005 0.074172 0.0765509 0.0759827 0.0730264 0.0682997 0.0623612 0.0556839 0.0486555 0.0415879 0.0347323 0.0282907 0.022418 0.0172211 0.0127609 0.00906036 0.0061125 0.003881
 0.00829507 0.0135408 0.0204974 0.0291247 0.0391266 0.0497876 0.0599482 0.0682955 0.0738416 0.0762377 0.0757229 0.0728468 0.0682201 0.0623966 0.0558424 0.0489313 0.0419532 0.0351353 0.0286651 0.0227022 0.0173778 0.0127881 0.00898815 0.00598732 0.00374748
 0.00833678 0.0136028 0.0205788 0.0292177 0.0392148 0.0498458 0.0599452 0.0682024 0.0736446 0.0759488 0.0753817 0.0725097 0.0679433 0.062222 0.0557916 0.0490061 0.0421376 0.0353966 0.0289567 0.0229716 0.0175809 0.0129023 0.0090174 0.00595634 0.00368832
 0.00843235 0.0137615 0.0208227 0.0295659 0.0396755 0.0504044 0.060555 0.0687856 0.074108 0.0762094 0.075391 0.072268 0.0674979 0.0616533 0.0551911 0.0484544 0.0416895 0.0350749 0.0287535 0.0228571 0.017516 0.0128525 0.00896272 0.00589332 0.00362443
 0.00850732 0.0138665 0.0209504 0.0297017 0.0398045 0.0505216 0.0606705 0.0689186 0.0742718 0.0763967 0.0755686 0.0723873 0.067515 0.0615488 0.0549791 0.0481774 0.0414022 0.0348254 0.0285696 0.0227421 0.017454 0.0128196 0.00893846 0.0058672 0.00359559
 0.00865604 0.0141008 0.0212872 0.0301476 0.0403494 0.0511327 0.0612904 0.0694744 0.0746952 0.0766458 0.0756371 0.0722948 0.067289 0.0612118 0.0545498 0.0476798 0.0408722 0.0343082 0.0281082 0.0223654 0.0171702 0.0126193 0.00880282 0.00577663 0.00353523
 0.00859536 0.0140236 0.021211 0.0301023 0.0403698 0.0512459 0.0615038 0.0697706 0.0750362 0.076983 0.0759245 0.0724998 0.0673974 0.061225 0.0544779 0.0475359 0.0406717 0.0340716 0.0278617 0.022136 0.0169785 0.012474 0.00870134 0.00570992 0.00349298
 0.00856876 0.0139676 0.0211051 0.0299245 0.0401086 0.0509149 0.061151 0.0694706 0.0748652 0.0769882 0.0761055 0.0728121 0.0677727 0.0615963 0.0547954 0.0477727 0.040821 0.0341407 0.0278676 0.0221009 0.0169248 0.0124196 0.00865656 0.00567776 0.00347193
 0.00845023 0.0137944 0.0208795 0.0296588 0.0398188 0.0506125 0.0608408 0.0691578 0.074568 0.0767454 0.0759696 0.0728289 0.0679581 0.0619258 0.0552126 0.0482096 0.0412194 0.0344645 0.0281044 0.0222568 0.0170167 0.0124678 0.00867865 0.00568639 0.00347451
 0.00833292 0.0136129 0.0206246 0.0293309 0.0394304 0.0501905 0.0604246 0.0687926 0.0742923 0.0765795 0.075915 0.0728773 0.0681032 0.0621647 0.0555369 0.0485964 0.0416303 0.0348554 0.0284393 0.0225165 0.0172001 0.0125861 0.00874882 0.00572485 0.00349405
 0.00828414 0.0135326 0.0205024 0.0291575 0.0392005 0.0499076 0.060105 0.0684661 0.0739967 0.0763507 0.0757775 0.0728394 0.0681587 0.0623001 0.0557381 0.0488497 0.0419194 0.0351579 0.0287283 0.0227671 0.0173967 0.0127257 0.00883863 0.00577735 0.00352203
 0.00814924 0.013323 0.0202052 0.0287681 0.0387243 0.0493615 0.0595202 0.067888 0.0734801 0.0759502 0.0755366 0.0727825 0.0682874 0.0625939 0.0561602 0.0493557 0.0424647 0.0357024 0.0292376 0.0232137 0.0177621 0.0130029 0.00903262 0.00590215 0.00359563
 0.00814004 0.0133082 0.0201831 0.0287365 0.0386804 0.0493012 0.0594385 0.0677796 0.0733412 0.0757815 0.0753467 0.0725894 0.0681171 0.0624749 0.056115 0.0493943 0.042582 0.0358804 0.0294503 0.0234333 0.017964 0.0131703 0.00915797 0.00598691 0.00364735
 0.0081085 0.013248 0.0200766 0.0285636 0.0384254 0.0489627 0.0590371 0.0673569 0.0729485 0.0754645 0.0751337 0.0724886 0.0681223 0.0625731 0.056293 0.0496397 0.0428814 0.0362163 0.0298004 0.0237721 0.0182677 0.0134213 0.00934857 0.00611911 0.00373075
 0.00791509 0.0129592 0.0196893 0.0280905 0.0378899 0.0483911 0.0584549 0.0667912 0.0724337 0.0750431 0.0748507 0.0723801 0.0682034 0.0628335 0.0567003 0.0501502 0.0434499 0.0368023 0.0303694 0.0242951 0.0187214 0.0137901 0.00962731 0.00631342 0.00385478
 0.00787293 0.0128718 0.0195244 0.0278108 0.0374675 0.0478267 0.0577908 0.0661059 0.0718161 0.0745629 0.0745417 0.0722448 0.0682294 0.0630057 0.0570032 0.0505629 0.0439431 0.0373395 0.0309121 0.0248076 0.0191749 0.0141651 0.00991537 0.00651757 0.00398728
 0.00844429 0.0136645 0.0204648 0.028743 0.0381939 0.0481764 0.0576777 0.0655496 0.0709238 0.0734901 0.0734504 0.0712708 0.0674613 0.0624804 0.0567163 0.050485 0.0440336 0.0375539 0.0312046 0.025134 0.0194959 0.0144504 0.0101462 0.00668771 0.00410124
 0.00897404 0.0145286 0.02176 0.030533 0.0404626 0.0507735 0.0602919 0.0677554 0.0723078 0.0738018 0.07269 0.0696652 0.0653576 0.0602241 0.0545716 0.0486105 0.0424968 0.0363605 0.0303244 0.0245195 0.0190925 0.0142039 0.0100078 0.00661736 0.00406954
 0.00885931 0.0144447 0.0218241 0.0309185 0.0413547 0.0522941 0.0624259 0.0703144 0.074952 0.0761126 0.0742749 0.0702651 0.0649186 0.0589033 0.0526705 0.0464713 0.0404105 0.0345189 0.0288191 0.0233654 0.0182582 0.0136349 0.0096429 0.00639854 0.00394755
 0.00883361 0.0143799 0.0216913 0.0306963 0.0410595 0.052014 0.0623313 0.0706173 0.0758146 0.0775475 0.0760955 0.0721254 0.0664277 0.0597592 0.0527536 0.0458597 0.0393234 0.0332238 0.0275482 0.0222701 0.0174047 0.0130245 0.00923936 0.00615159 0.00380791
 0.00873204 0.0142166 0.021448 0.0303554 0.0406068 0.0514468 0.0616747 0.0699445 0.0752576 0.0772804 0.0762804 0.0728344 0.0675827 0.0611334 0.0540457 0.0468074 0.0397942 0.0332398 0.0272436 0.0218167 0.0169465 0.0126468 0.00897064 0.00598233 0.00371245
 0.00868 0.0141376 0.0213393 0.030217 0.0404392 0.0512491 0.061443 0.0696754 0.0749572 0.076977 0.0760355 0.0727383 0.0677251 0.0615554 0.0546992 0.0475549 0.0404586 0.0336788 0.0274039 0.0217394 0.0167288 0.0123905 0.00874614 0.0058196 0.00361085
 0.00866259 0.0140962 0.0212534 0.0300616 0.0401935 0.0509083 0.0610277 0.0692293 0.0745333 0.0766214 0.0757791 0.0726024 0.0677317 0.06173 0.055056 0.0480723 0.0410654 0.0342682 0.0278731 0.0220307 0.0168462 0.012384 0.00867957 0.0057432 0.00355071
 0.00856031 0.0139441 0.0210502 0.0298132 0.0399086 0.0505929 0.0606838 0.0688596 0.0741507 0.0762547 0.0754704 0.0723962 0.0676631 0.0618178 0.055303 0.0484647 0.0415687 0.0348243 0.0284079 0.0224752 0.0171598 0.0125657 0.00875922 0.00576211 0.00354372
 0.00848393 0.0138214 0.0208692 0.0295659 0.0395955 0.0502274 0.0602938 0.0684829 0.0738235 0.0759997 0.075294 0.0722957 0.0676382 0.061876 0.055456 0.0487197 0.0419191 0.0352441 0.0288532 0.0228933 0.0175051 0.0128137 0.00891193 0.00584081 0.00357612
 0.00852373 0.0138788 0.0209414 0.0296447 0.0396675 0.0502765 0.0603044 0.0684435 0.0737299 0.075857 0.0751152 0.0720981 0.0674393 0.0616937 0.0553098 0.0486303 0.0419038 0.0353089 0.0289866 0.0230673 0.0176836 0.0129654 0.00901981 0.00590448 0.00360634
 0.00848469 0.0138272 0.0208855 0.0295984 0.0396455 0.0502864 0.0603411 0.0684897 0.0737626 0.0758568 0.0750735 0.0720182 0.0673342 0.0615806 0.0552065 0.0485535 0.0418677 0.035323 0.029052 0.0231734 0.0178099 0.013088 0.00912005 0.00597403 0.00364722
 0.00841982 0.0137256 0.0207405 0.0294089 0.0394189 0.0500414 0.0601075 0.0683032 0.0736529 0.0758359 0.0751302 0.0721247 0.0674591 0.0617005 0.0553117 0.0486463 0.0419573 0.03542 0.0291632 0.023299 0.017942 0.0132136 0.00922612 0.00605298 0.00369865
 0.00837435 0.0136573 0.0206481 0.0292946 0.0392877 0.0498996 0.059963 0.0681663 0.0735375 0.0757577 0.0751022 0.0721514 0.0675326 0.0618032 0.0554228 0.0487501 0.0420479 0.0355005 0.0292412 0.0233803 0.0180274 0.0132981 0.00930191 0.00611335 0.00374096
 0.0084606 0.013778 0.0207938 0.0294448 0.0394165 0.049986 0.0599978 0.0681526 0.0734859 0.07568 0.0750087 0.072051 0.0674337 0.061713 0.0553453 0.0486853 0.0419937 0.0354557 0.0292073 0.0233606 0.0180238 0.0133088 0.00932164 0.00613542 0.00376004
 0.00839015 0.0136771 0.0206665 0.0293017 0.0392694 0.049841 0.059852 0.0679984 0.0733208 0.075515 0.0748681 0.0719638 0.0674213 0.0617807 0.0554819 0.048869 0.0421993 0.0356613 0.0293973 0.0235265 0.0181629 0.0134215 0.00940943 0.00620022 0.00380452
 0.00828223 0.0135177 0.0204571 0.0290555 0.0390098 0.0495961 0.0596492 0.0678584 0.0732515 0.0755091 0.0749068 0.0720267 0.0674969 0.0618698 0.0555925 0.0490068 0.042362 0.0358383 0.0295742 0.02369 0.0183041 0.0135363 0.00949759 0.00626391 0.00384742
 0.00830001 0.0135513 0.0205164 0.0291523 0.0391549 0.0497946 0.0598955 0.0681341 0.0735275 0.0757501 0.0750775 0.0720987 0.0674558 0.0617205 0.0553598 0.0487294 0.0420812 0.0355867 0.0293702 0.023538 0.018199 0.0134688 0.00945761 0.0062426 0.00383758
 0.00859062 0.0140173 0.0212036 0.0300935 0.0403566 0.0512197 0.061449 0.0696662 0.0748608 0.0767223 0.0755788 0.0720891 0.0669627 0.060824 0.0541738 0.0473823 0.0406977 0.0342735 0.028205 0.0225661 0.0174346 0.0129022 0.00906292 0.00598552 0.00368209
 0.00849334 0.0138795 0.0210356 0.0299218 0.0402225 0.0511727 0.061538 0.0699276 0.0753044 0.0773193 0.0762598 0.0727561 0.0675129 0.061176 0.0542863 0.0472597 0.0403843 0.0338379 0.0277226 0.0221022 0.0170347 0.0125884 0.00883704 0.00583609 0.00359131
 0.00857138 0.0139756 0.0211246 0.0299649 0.0401823 0.0510357 0.0613308 0.0697157 0.0751705 0.0773328 0.0764509 0.0731054 0.0679574 0.0616276 0.0546559 0.047481 0.0404287 0.0337181 0.0274832 0.021803 0.0167325 0.0123245 0.0086325 0.00569355 0.00350152
 0.00860707 0.0140217 0.0211705 0.0299898 0.0401567 0.0509269 0.0611129 0.0693826 0.0747501 0.0768921 0.0760846 0.0729075 0.0679857 0.06188 0.0550709 0.047961 0.0408739 0.034056 0.0276836 0.0218761 0.0167145 0.0122589 0.00855552 0.00562727 0.00345426
 0.00883681 0.0144081 0.0217723 0.0308602 0.0413193 0.0523439 0.0626613 0.0708618 0.0759291 0.0775796 0.0761882 0.0724554 0.0671075 0.0607583 0.0538845 0.0468404 0.0398841 0.0332068 0.0269564 0.0212503 0.0161812 0.0118203 0.00821574 0.00538375 0.00329469
 0.00863591 0.0141349 0.021462 0.030584 0.0411715 0.0524162 0.0630147 0.0715043 0.0768043 0.078568 0.0771286 0.0731859 0.0675136 0.0608072 0.0536274 0.0463828 0.0393414 0.032668 0.02647 0.0208316 0.0158293 0.0115316 0.0079888 0.00521658 0.0031815
 0.00821144 0.0134325 0.0203892 0.0290664 0.0391925 0.0500675 0.0605301 0.069238 0.0751404 0.0777983 0.0773586 0.0743147 0.0692847 0.0628979 0.0557388 0.0483008 0.0409567 0.0339582 0.0274631 0.0215724 0.0163618 0.0118955 0.00822137 0.00535379 0.00325551
 0.00839439 0.0136648 0.0206156 0.0291881 0.0390852 0.0496174 0.0596748 0.0680006 0.0736456 0.0762631 0.0760503 0.0734776 0.0690631 0.0632901 0.0566067 0.0494299 0.0421314 0.0350195 0.028329 0.0222259 0.0168247 0.0122047 0.00841526 0.00546663 0.00331562
 0.00834444 0.0136169 0.0206009 0.029245 0.0392345 0.0498303 0.0598552 0.0680028 0.0733306 0.0755685 0.0750367 0.0723257 0.0680186 0.0625813 0.0563693 0.0496689 0.0427359 0.0358169 0.0291496 0.0229492 0.0173926 0.0126103 0.00868176 0.00562822 0.00340583
 0.00818203 0.0134004 0.0203644 0.0290531 0.0391683 0.0499605 0.0602124 0.0685545 0.0739742 0.076146 0.0753766 0.0723042 0.0676164 0.0619025 0.0556051 0.0490221 0.0423446 0.0357154 0.0292804 0.0232078 0.0176783 0.0128564 0.00886118 0.00574269 0.00347072
 0.00800626 0.0131584 0.0200831 0.0287897 0.0390008 0.0499689 0.0604579 0.0690621 0.0747189 0.077044 0.0762879 0.0730564 0.0680504 0.0619267 0.0552331 0.0483718 0.0415935 0.0350338 0.0287756 0.0229051 0.01754 0.0128196 0.00886956 0.00576137 0.00348506
#obs surv len freq
 nan nan nan nan nan nan nan nan nan nan nan nan nan nan nan nan nan nan nan nan nan nan nan nan nan
 0.00448048 0.00734018 0.011169 0.0159852 0.021687 0.0279646 0.0342812 0.0400146 0.0446957 0.0481602 0.0505182 0.0520137 0.0529055 0.0534174 0.0537312 0.0539858 0.0542642 0.0545568 0.0546954 0.0542872 0.0527252 0.0493573 0.0438069 0.0362868 0.0276703
 0.00461229 0.00755535 0.0114942 0.016445 0.022298 0.0287266 0.0351676 0.04097 0.0456427 0.0490142 0.051203 0.0524734 0.0531102 0.0533646 0.0534417 0.053496 0.0536172 0.0537953 0.0538586 0.0534119 0.0518501 0.0485253 0.0430624 0.0356675 0.0271969
 0.0047897 0.0078431 0.011926 0.0170517 0.0231016 0.0297307 0.0363472 0.0422669 0.0469711 0.0502745 0.0522965 0.0533138 0.0536322 0.0535298 0.0532421 0.0529529 0.0527748 0.0527123 0.052601 0.0520502 0.0504598 0.0471873 0.0418571 0.0346613 0.0264265
 0.0049739 0.00814945 0.0123997 0.0177387 0.0240389 0.0309308 0.0377833 0.0438683 0.0486339 0.0518818 0.0537361 0.0544881 0.0544612 0.0539533 0.0532235 0.052483 0.0518746 0.0514316 0.0510154 0.0502571 0.0485754 0.04534 0.0401745 0.0332474 0.02534
 0.00518046 0.00848591 0.0129078 0.0184592 0.0250056 0.0321601 0.0392615 0.045544 0.0504207 0.0536701 0.0554079 0.0559292 0.0555706 0.0546488 0.0534451 0.052195 0.0510692 0.0501341 0.0492889 0.0482062 0.0463436 0.0430992 0.0381006 0.0314872 0.023979
 0.0054177 0.00887215 0.0134901 0.0192815 0.0261005 0.033536 0.0408898 0.0473555 0.0523164 0.0555404 0.057148 0.0574441 0.056774 0.0554615 0.0537965 0.0520285 0.0503493 0.0488565 0.0474928 0.0459856 0.0438521 0.0405388 0.0356903 0.0294169 0.0223652
 0.00564749 0.00925239 0.0140746 0.0201244 0.0272452 0.0349976 0.0426382 0.0493099 0.0543586 0.0575393 0.0589826 0.0590155 0.0580052 0.0562916 0.0541726 0.0519014 0.0496764 0.0476132 0.0456918 0.0436993 0.0412261 0.0377863 0.0330577 0.0271278 0.0205647
 0.00590054 0.00966226 0.0146891 0.0209883 0.0283931 0.0364428 0.0443585 0.0512404 0.0563972 0.0595627 0.0608645 0.0606418 0.0592829 0.0571514 0.054565 0.0517887 0.0490267 0.0464034 0.0439246 0.0414286 0.0385813 0.0349747 0.0303337 0.0247333 0.0186646
 0.0061307 0.0100444 0.0152788 0.0218412 0.0295533 0.0379238 0.0461263 0.0532095 0.0584467 0.0615625 0.0626969 0.0622098 0.0605091 0.0579735 0.0549339 0.0516661 0.0483825 0.0452181 0.0422002 0.0392116 0.0359875 0.0321978 0.0276217 0.0223303 0.0167439
 0.00638066 0.0104511 0.0158916 0.0227073 0.0307095 0.0393832 0.0478633 0.055152 0.0604828 0.0635597 0.064524 0.063754 0.0616851 0.0587243 0.0552244 0.051474 0.0476912 0.0440166 0.040494 0.0370442 0.0334649 0.0294996 0.0249813 0.0199822 0.0148591
 0.00663024 0.0108614 0.0165173 0.023601 0.0319103 0.0408993 0.0496548 0.0571277 0.0625154 0.0655121 0.0662724 0.0651987 0.0627519 0.0593625 0.0554038 0.05118 0.0469191 0.0427689 0.0387864 0.034923 0.0310293 0.0269141 0.0224599 0.0177416 0.0130589
 0.00684837 0.0112196 0.0170634 0.0243821 0.0329643 0.0422403 0.051258 0.0589222 0.0643923 0.0673438 0.067934 0.0665832 0.0637785 0.0599782 0.0555797 0.0509049 0.0461932 0.0416013 0.0371995 0.0329662 0.0287971 0.0245555 0.0201661 0.0157055 0.0114226
 0.00704983 0.0115514 0.0175704 0.0251086 0.0339447 0.0434853 0.0527403 0.0605718 0.0661066 0.0690076 0.0694373 0.0678326 0.064701 0.0605228 0.0557164 0.0506225 0.0454944 0.0405001 0.0357238 0.0311677 0.0267655 0.0224257 0.0181068 0.0138846 0.00996269
 0.00727886 0.0119244 0.0181326 0.0259016 0.0349973 0.0447995 0.0542772 0.0622479 0.0678061 0.0706053 0.0708213 0.068917 0.0654295 0.0608659 0.0556658 0.0501841 0.044684 0.0393408 0.0342496 0.0294323 0.0248536 0.0204583 0.0162304 0.0122419 0.00865494
 0.0074368 0.0121884 0.0185435 0.0265016 0.035821 0.0458599 0.0555513 0.0636718 0.069284 0.0720282 0.0720852 0.0699357 0.0661401 0.0612305 0.0556697 0.0498313 0.0439916 0.0383352 0.0329675 0.0279272 0.0232036 0.0187702 0.0146293 0.0108472 0.00754909
 0.0075395 0.0123538 0.0187901 0.0268479 0.0362847 0.0464553 0.0562843 0.0645336 0.0702471 0.0730444 0.0730895 0.0708526 0.0668944 0.0617573 0.0559221 0.0497833 0.0436373 0.037687 0.0320547 0.0267981 0.0219296 0.0174455 0.013362 0.00973814 0.00666768
 0.00757008 0.0124038 0.0188665 0.026958 0.0364369 0.0466582 0.0565469 0.0648649 0.0706551 0.0735342 0.0736569 0.0714775 0.067536 0.0623557 0.0564078 0.0500902 0.0437148 0.0375081 0.0316198 0.0261362 0.021098 0.016526 0.0124491 0.00892077 0.00600874
 0.00767602 0.0125615 0.0190767 0.0272123 0.0367198 0.0469529 0.0568383 0.0651425 0.0709139 0.073776 0.07389 0.0717138 0.0677833 0.0626101 0.0566468 0.0502737 0.0437932 0.037435 0.0313664 0.0257016 0.0205133 0.0158509 0.0117604 0.00829364 0.00549782
 0.00774527 0.0126721 0.0192385 0.0274311 0.0369937 0.0472683 0.0571684 0.0654511 0.0711665 0.0739525 0.0739922 0.0717625 0.0678085 0.0626376 0.0566886 0.0503222 0.0438215 0.0374042 0.0312379 0.0254521 0.0201463 0.0153992 0.0112783 0.00784063 0.00512077
 0.00776604 0.0127053 0.0192879 0.0275001 0.037086 0.0473865 0.0573127 0.065617 0.071343 0.074123 0.0741389 0.0718727 0.0678804 0.0626806 0.056718 0.0503492 0.0438451 0.0374081 0.0311956 0.0253381 0.0199493 0.0151306 0.0109706 0.00753668 0.00485863
 0.00781829 0.0127798 0.0193806 0.0276013 0.037183 0.0474694 0.0573782 0.0656691 0.0713901 0.074173 0.0741953 0.0719329 0.0679369 0.0627258 0.056748 0.0503649 0.0438489 0.0373982 0.0311626 0.0252676 0.01983 0.0149634 0.0107717 0.00733321 0.00467781
 0.0078442 0.0128211 0.0194406 0.027681 0.0372795 0.0475738 0.0574758 0.0657429 0.0714271 0.0741717 0.0741667 0.0718956 0.0679087 0.0627157 0.0567551 0.0503821 0.0438671 0.0374088 0.031157 0.0252369 0.0197672 0.0148674 0.0106509 0.00720408 0.00455893
 0.00786064 0.0128442 0.0194689 0.0277112 0.0373079 0.0475982 0.0574963 0.0657605 0.071442 0.0741816 0.0741681 0.0718875 0.0678947 0.0627039 0.0567538 0.0503952 0.0438921 0.0374378 0.0311797 0.0252431 0.0197495 0.0148237 0.0105859 0.00712828 0.00448523
 0.00788885 0.0128843 0.0195186 0.0277643 0.0373558 0.0476326 0.0575113 0.0657545 0.0714178 0.0741456 0.0741282 0.0718505 0.0678649 0.0626833 0.0567434 0.0503959 0.0439037 0.0374575 0.0312014 0.0252587 0.0197513 0.0148078 0.0105535 0.0070856 0.00444086
 0.00790381 0.0129086 0.0195546 0.0278135 0.0374172 0.0477011 0.0575774 0.0658055 0.0714423 0.0741376 0.0740904 0.0717927 0.0678001 0.0626231 0.0566955 0.0503634 0.0438864 0.0374528 0.0312048 0.0252642 0.0197528 0.0148005 0.0105363 0.00706112 0.00441409
 0.00789686 0.0128965 0.0195353 0.027785 0.0373791 0.0476555 0.0575297 0.0657633 0.071412 0.074122 0.0740873 0.0717979 0.0678097 0.0626362 0.0567136 0.0503888 0.04392 0.0374931 0.0312482 0.0253056 0.0197868 0.0148233 0.0105466 0.00706067 0.00440676
 0.00787845 0.0128651 0.0194854 0.0277112 0.0372773 0.0475264 0.0573806 0.0656088 0.0712714 0.0740145 0.0740271 0.0717903 0.0678511 0.0627162 0.0568191 0.0505074 0.0440425 0.0376128 0.03136 0.0254048 0.0198694 0.0148863 0.0105896 0.0070858 0.00441846
 0.00788177 0.0128624 0.0194666 0.0276619 0.0371835 0.0473798 0.0571847 0.0653802 0.0710365 0.0738029 0.0738656 0.0716978 0.0678362 0.0627758 0.0569403 0.0506714 0.0442284 0.0378025 0.0315393 0.025564 0.0200022 0.01499 0.0106643 0.00713477 0.00444714
 0.00786995 0.0128458 0.0194457 0.0276375 0.0371542 0.0473401 0.0571244 0.0652879 0.0709057 0.0736389 0.0736868 0.071532 0.0677118 0.0627141 0.0569495 0.0507465 0.0443545 0.0379592 0.0317059 0.0257231 0.0201415 0.0151025 0.010748 0.00719181 0.00448235
 0.00784676 0.012808 0.0193892 0.0275591 0.0370535 0.0472211 0.0569958 0.0651611 0.0707909 0.0735403 0.0736034 0.0714618 0.0676572 0.062684 0.0569562 0.0507995 0.0444548 0.0380983 0.0318678 0.0258891 0.0202949 0.0152316 0.0108473 0.00726147 0.00452682
 0.0078328 0.0127829 0.0193468 0.0274928 0.0369572 0.0470929 0.0568407 0.0649915 0.0706245 0.0733959 0.0734951 0.0713961 0.0676333 0.0626968 0.0570009 0.0508739 0.0445587 0.0382296 0.0320196 0.0260495 0.0204492 0.0153667 0.010955 0.00733949 0.00457804
 0.00778052 0.0126995 0.0192244 0.0273253 0.0367426 0.0468348 0.0565513 0.064692 0.0703427 0.0731607 0.0733314 0.0713197 0.0676483 0.0627959 0.057168 0.051089 0.0448027 0.0384868 0.0322773 0.0262957 0.0206724 0.0155564 0.0111046 0.00744806 0.00464991
 0.0077773 0.0126878 0.0191951 0.027266 0.0366406 0.0466825 0.0563503 0.0644548 0.0700899 0.0729167 0.07312 0.0711616 0.0675591 0.0627838 0.0572324 0.0512207 0.044986 0.0387027 0.0325069 0.0265222 0.0208814 0.0157367 0.0112491 0.00755466 0.00472176
 0.0077292 0.0126121 0.0190856 0.0271181 0.036452 0.0464535 0.0560859 0.0641665 0.0697961 0.0726416 0.07289 0.0710005 0.0674841 0.0628026 0.0573428 0.0514114 0.0452388 0.038995 0.0328146 0.0268223 0.0211546 0.015969 0.0114328 0.00768899 0.00481188
 0.00933455 0.0148596 0.0217989 0.0299096 0.0388355 0.0480245 0.056663 0.0638179 0.068756 0.0711893 0.0712626 0.0693633 0.0659396 0.0614111 0.0561375 0.0504068 0.0444341 0.0383774 0.0323622 0.026508 0.0209491 0.0158441 0.0113634 0.00765458 0.00479726
 0.00931467 0.0151248 0.0227222 0.031954 0.0423525 0.0529815 0.0624711 0.0694274 0.0730295 0.0733494 0.0711479 0.0673694 0.0627442 0.0576841 0.0523764 0.0469089 0.041345 0.0357505 0.0302013 0.0247896 0.0196338 0.0148809 0.010694 0.00721683 0.00453034
 0.00895471 0.0145587 0.021928 0.030982 0.0413793 0.0523476 0.0626405 0.0708234 0.0757845 0.0771171 0.0751457 0.0706753 0.0646814 0.0580551 0.0514346 0.0451443 0.0392515 0.0336907 0.028381 0.0232938 0.0184735 0.0140283 0.0101021 0.00683094 0.00429595
 0.00878802 0.0142739 0.0214746 0.0303078 0.0404504 0.0511833 0.0613579 0.0696659 0.0751005 0.0772639 0.0763308 0.0728083 0.0673399 0.0606228 0.0533501 0.0461153 0.0393134 0.0331072 0.0274815 0.0223485 0.0176451 0.0133832 0.00964342 0.00653029 0.00411394
 0.00875026 0.0142036 0.021351 0.0301023 0.0401289 0.0507133 0.0607208 0.0688767 0.0742307 0.0764601 0.075806 0.0727882 0.0679645 0.0618486 0.0549243 0.0476597 0.0404815 0.03372 0.0275644 0.0220671 0.0172013 0.0129353 0.00927793 0.00627208 0.00395145
 0.00870532 0.0141361 0.021259 0.0299857 0.039986 0.050537 0.0604963 0.068584 0.0738541 0.0760036 0.0753125 0.0723512 0.0677179 0.0619232 0.0553813 0.048438 0.0414015 0.0345541 0.0281365 0.0223179 0.0171851 0.0127655 0.00906439 0.00608528 0.00381844
 0.00869281 0.0141103 0.0212104 0.0299033 0.039861 0.0503677 0.0602914 0.0683592 0.0736241 0.0757743 0.0750816 0.0721201 0.0675087 0.0617889 0.0553931 0.0486501 0.0418103 0.0350827 0.0286602 0.0227211 0.0174105 0.0128262 0.00901869 0.00599819 0.00373523
 0.008685 0.0140984 0.0211936 0.0298801 0.0398283 0.05032 0.0602212 0.06826 0.0734941 0.0756187 0.0749114 0.071948 0.0673472 0.0616536 0.0553085 0.0486491 0.0419203 0.0353041 0.0289545 0.0230211 0.0176503 0.0129702 0.0090712 0.00598982 0.00370135
 0.00866747 0.0140715 0.0211563 0.0298325 0.0397721 0.0502578 0.0601562 0.0681945 0.0734288 0.075552 0.0748404 0.071871 0.0672668 0.0615768 0.0552479 0.0486217 0.0419449 0.0353931 0.029104 0.0232061 0.0178323 0.0131139 0.00915942 0.00602708 0.00370532
 0.00865717 0.014055 0.021132 0.0297994 0.0397298 0.0502075 0.0601008 0.0681386 0.0733771 0.0755076 0.0748037 0.0718398 0.067237 0.0615462 0.0552181 0.0486 0.0419427 0.0354224 0.0291708 0.0233051 0.0179462 0.0132202 0.00924018 0.00607579 0.00372681
 0.00864624 0.0140367 0.0211034 0.0297576 0.0396731 0.0501363 0.0600189 0.068053 0.0732971 0.0754421 0.0747588 0.0718176 0.0672355 0.0615603 0.055242 0.0486298 0.0419786 0.0354682 0.0292313 0.0233811 0.0180322 0.013305 0.0093117 0.00612667 0.00375669
 0.00863367 0.0140189 0.0210813 0.0297335 0.0396492 0.0501138 0.0599964 0.0680279 0.0732668 0.0754063 0.0747205 0.0717818 0.0672077 0.0615442 0.0552385 0.0486376 0.041996 0.0354945 0.029267 0.0234266 0.0180855 0.0133605 0.00936231 0.0061664 0.00378321
 0.00863688 0.0140214 0.0210802 0.0297249 0.0396298 0.0500827 0.059957 0.0679864 0.0732298 0.0753776 0.0747 0.071767 0.0671964 0.061536 0.0552347 0.0486403 0.0420063 0.0355128 0.0292931 0.0234597 0.0181236 0.0134006 0.00939991 0.00619747 0.00380556
 0.00862786 0.0140088 0.0210649 0.0297086 0.039614 0.0500674 0.0599402 0.0679654 0.073203 0.0753468 0.0746696 0.0717426 0.0671815 0.0615313 0.055239 0.0486514 0.0420231 0.0355346 0.0293196 0.0234902 0.0181568 0.0134341 0.00943093 0.00622332 0.00382472
 0.00862341 0.0140028 0.0210582 0.0297029 0.0396115 0.0500701 0.0599491 0.0679794 0.0732191 0.07536 0.0746752 0.0717376 0.0671664 0.0615096 0.0552155 0.0486307 0.0420078 0.0355262 0.0293183 0.0234958 0.0181681 0.0134493 0.00944733 0.00623854 0.00383695
 0.00862341 0.0140028 0.0210582 0.0297029 0.0396115 0.0500701 0.0599491 0.0679794 0.0732191 0.07536 0.0746752 0.0717376 0.0671664 0.0615096 0.0552155 0.0486307 0.0420078 0.0355262 0.0293183 0.0234958 0.0181681 0.0134493 0.00944733 0.00623854 0.00383695
 0.00880582 0.0142881 0.0214655 0.0302391 0.0402665 0.0508116 0.0607184 0.0686958 0.0737945 0.0757218 0.0747835 0.071592 0.0668009 0.0609808 0.0545892 0.0479706 0.0413672 0.0349433 0.0288166 0.0230856 0.0178499 0.0132158 0.00928653 0.00613529 0.0037756
 0.00905193 0.0146998 0.0221039 0.031161 0.0415033 0.0523397 0.0624356 0.0704242 0.0753174 0.0768402 0.0753653 0.0715931 0.0662607 0.060001 0.0533069 0.0465315 0.0399044 0.0335631 0.0275925 0.0220591 0.0170346 0.0126041 0.00885481 0.0058506 0.00360146
 0.00892227 0.0145165 0.0218818 0.0309382 0.0413402 0.0523103 0.0626141 0.0708638 0.0760256 0.0777592 0.0763728 0.0725299 0.0669752 0.0603912 0.0533421 0.0462486 0.0393871 0.0329148 0.0269114 0.0214227 0.0164925 0.0121783 0.00854555 0.00564296 0.00347304
 0.00899113 0.014602 0.0219629 0.0309828 0.0413187 0.052216 0.0624781 0.0707537 0.0760252 0.0779367 0.076751 0.073072 0.0675903 0.0609587 0.053748 0.046419 0.0393061 0.0326218 0.0264816 0.0209411 0.0160322 0.011788 0.00824674 0.00543496 0.00334116
 0.00896932 0.0145731 0.0219301 0.0309499 0.0412847 0.0521704 0.0624016 0.0706289 0.0758547 0.0777565 0.0766277 0.0730777 0.067768 0.0612973 0.05418 0.046845 0.0396313 0.032788 0.0264812 0.0208095 0.0158274 0.0115675 0.00805216 0.00528656 0.0032412
 0.00929035 0.0150698 0.0226292 0.0318545 0.0423692 0.0533744 0.0636254 0.0717381 0.0767026 0.078222 0.0766518 0.0726836 0.0670537 0.0604028 0.0532423 0.0459592 0.0388363 0.0320784 0.0258355 0.0202153 0.0152908 0.0111071 0.00768529 0.00501888 0.00306373
 0.00919661 0.0149569 0.022532 0.0318299 0.0424802 0.053666 0.0641027 0.0723602 0.0773926 0.078886 0.0771985 0.0730406 0.0671816 0.0603044 0.0529615 0.0455656 0.0384 0.0316496 0.0254372 0.0198521 0.0149631 0.0108199 0.00744757 0.00483744 0.00293798
 0.00872164 0.0141888 0.0213906 0.0302622 0.040494 0.0513701 0.0617306 0.0702444 0.075879 0.078223 0.0774595 0.0741176 0.06884 0.062264 0.0549666 0.0474284 0.0400131 0.0329731 0.0264749 0.0206294 0.0155145 0.0111852 0.00767021 0.00496039 0.00299872
 0.00894068 0.0144721 0.0216801 0.0304529 0.0404553 0.050986 0.0609431 0.0690839 0.0744733 0.076781 0.0762272 0.0733128 0.068587 0.0625596 0.0556929 0.0484042 0.041055 0.0339404 0.0272863 0.0212564 0.0159643 0.0114843 0.00785266 0.00506095 0.00304774
 0.00898069 0.0145704 0.0218845 0.0308143 0.0409974 0.0516659 0.061629 0.0695759 0.074573 0.0763776 0.0753549 0.0721463 0.0673816 0.0615625 0.0550681 0.0481954 0.0411968 0.0343043 0.0277352 0.0216844 0.0163119 0.0117332 0.00801179 0.00515165 0.0030933
 0.00901349 0.0146241 0.0219681 0.0309421 0.0411916 0.0519552 0.0620376 0.0701005 0.0751566 0.0769011 0.0756638 0.0721119 0.0669662 0.0608484 0.0542289 0.0474257 0.040639 0.0340091 0.0276681 0.0217636 0.0164513 0.0118705 0.00811635 0.00521783 0.00312877
 0.00909409 0.0147579 0.0221736 0.0312363 0.0415841 0.0524413 0.0625932 0.0706854 0.075723 0.0774005 0.0760454 0.0723174 0.0669342 0.0605391 0.0536565 0.0466732 0.0398379 0.0332921 0.0271226 0.0214116 0.0162615 0.0117879 0.00808966 0.00521272 0.00312853
#pred catch len freq
 0.00472638 0.00745542 0.0108294 0.014748 0.0191487 0.0239917 0.0291855 0.0345447 0.0398238 0.0447819 0.0492258 0.0530268 0.0561236 0.0585085 0.0601919 0.0611622 0.0613673 0.0607173 0.0590932 0.0563452 0.0522997 0.0468211 0.0399506 0.0320584 0.0238728
 0.00508674 0.00792097 0.0113121 0.0151026 0.0192271 0.0237196 0.0286148 0.0338384 0.0391744 0.0443121 0.0489324 0.0527969 0.055808 0.0580091 0.0595219 0.0604555 0.0608317 0.0605495 0.05939 0.0570544 0.0532397 0.0477594 0.0407002 0.0325376 0.0241049
 0.00543032 0.00846655 0.0121006 0.0161417 0.0204646 0.0250207 0.0297648 0.034596 0.0393686 0.0439284 0.0481214 0.0517879 0.0547861 0.0570427 0.0585838 0.059508 0.0599044 0.0597534 0.0588614 0.0568718 0.0533707 0.0480745 0.04104 0.0327864 0.0242251
 0.00575145 0.00897007 0.0128267 0.0171223 0.0217244 0.0265699 0.0315753 0.0365652 0.0412951 0.045532 0.049121 0.0520085 0.0542299 0.0558728 0.0570324 0.0577803 0.0581423 0.0580598 0.0573348 0.0556044 0.0524134 0.0474104 0.0405958 0.0324754 0.0239862
 0.00606796 0.00946427 0.0135343 0.0180676 0.0229235 0.0280328 0.033302 0.0385334 0.0434415 0.0477303 0.0511683 0.05364 0.0551783 0.0559561 0.0562232 0.0562122 0.0560514 0.0557063 0.0549493 0.0533682 0.050454 0.0457965 0.0393379 0.0315404 0.0233204
 0.00641339 0.00999715 0.0142844 0.0190483 0.0241362 0.0294734 0.0349613 0.040391 0.0454579 0.0498391 0.0532656 0.055575 0.0567508 0.056939 0.0564154 0.0555061 0.0544806 0.0534447 0.0522625 0.0505459 0.0477534 0.0434082 0.037373 0.0300334 0.0222443
 0.00673099 0.0104935 0.014995 0.0199953 0.0253285 0.0309067 0.0366139 0.042221 0.0474045 0.0518288 0.0552169 0.0573952 0.0583266 0.0581274 0.0570486 0.05542 0.053567 0.0517047 0.0498318 0.0476753 0.0447506 0.0405681 0.0349205 0.0280925 0.0208365
