SBPRF35
7.78865
Curr Bio
474019
B35
675628
F35
0.212627
FOFL
0.142681
OFL
52762.5
Bzero
2.22533e+006
#pred survey bio
 4.84367e+006 4.5388e+006 4.25452e+006 3.92959e+006 3.57622e+006 3.22875e+006 2.89841e+006 2.578e+006 2.27798e+006 2.02538e+006 1.80088e+006 1.57988e+006 1.38879e+006 1.22103e+006 1.09032e+006 970377 862562 812707 770041 740865 694623 662999 656313 646852 632138 616680 607964 604404 598380 581911 573757 572524 574824 570897 559988 549038 538013 534250 545232 544172 555856 560455 564653 570245 572076 575424 576778 578534 586406 594247 603577 591705 612973 604245 561084 551217 559802 559836 581752 579075 545610 499394 479415 1.64306e+007 9.87001e+006 1.02078e+007 1.10766e+007 1.22126e+007 1.33692e+007 1.44016e+007 1.52519e+007 1.59164e+007 1.64178e+007 1.67872e+007 1.70555e+007 1.72486e+007 1.73871e+007 1.74864e+007 1.75577e+007 1.76092e+007 1.76466e+007 1.76739e+007 1.7694e+007 1.77088e+007 1.77199e+007 1.77282e+007 1.77344e+007 1.77391e+007 1.77427e+007 1.77454e+007 1.77475e+007 1.77491e+007 1.77503e+007 1.77512e+007 1.77519e+007 1.77525e+007 1.77529e+007 1.77532e+007 1.77535e+007 1.77537e+007 1.77538e+007 1.7754e+007 1.77541e+007 1.77541e+007 1.77542e+007 1.77542e+007 1.77543e+007 1.77543e+007 1.77543e+007 1.77543e+007 1.77543e+007 1.77543e+007 1.77543e+007 1.77543e+007 1.77544e+007 1.77544e+007 1.77544e+007 1.77544e+007 1.77544e+007 1.77544e+007 1.77544e+007 1.77544e+007 1.77544e+007 1.77544e+007 1.77544e+007 1.77544e+007 1.77544e+007 1.77544e+007 1.77544e+007 1.77544e+007 1.77544e+007 1.77544e+007 1.77544e+007 1.77544e+007 1.77544e+007 1.77544e+007 1.77544e+007 1.77544e+007 1.77544e+007 1.77544e+007 1.77544e+007 1.77544e+007 1.77544e+007 1.77544e+007 1.77544e+007 1.77544e+007 1.77544e+007 1.77544e+007 1.77544e+007 1.77544e+007 1.77544e+007 1.77544e+007 1.77544e+007 1.77544e+007 1.77544e+007 1.77544e+007 1.77544e+007 1.77544e+007 1.77544e+007 1.77544e+007 1.77544e+007 1.77544e+007 1.77544e+007 0 0 0 0 0 0 0 0 0 0 0 0 0 0 0 0 0 0 0 0 0 0 0 0 0
#obs survey bio
 4.86076e+006 3.51677e+006 3.04478e+006 3.31205e+006 2.97864e+006 1.84973e+006 1.9746e+006 2.66322e+006 1.65616e+006 1.8317e+006 2.5119e+006 1.54503e+006 990344 980036 834477 746331 570628 630306 536526 612627 793545 620596 417675 541666 713968 468791 668824 480200 579865 375536 544510 509070 772668 482886 376363 605422 446013 504732 661705 690311 465862 518974 662888 450482 604841 609586 674073 546866 593053 731729 457425 808024 528646 800879 446204 757810 345730 512610 871371 970917 455853 642375 351502
#pred catch bio
 104245 97266.8 155022 209854 238563 258710 283929 295988 279162 274602 286866 271998 260169 233725 227148 216126 165427 157886 143581 153264 135855 112485 113621 115613 113191 104918 98763 99720.2 107319 99149.4 92628.8 88872.4 92410.2 95382 92353 91944 89123.6 81140.9 93397.5 83243.5 89476 89141.2 86836 89039.1 87434.2 89476.8 89919.4 86305.9 88313.2 88721.1 106354 77640.5 101802 128173 98712.1 83899.8 91074.1 71989.2 90671 113075 120604 96082.3 84972.1 52762.5 75991.9 77202.1 82516.5 90640.7 99157.2 106701 112783 117395 120744 123099 124717 125807 126531 127006 127316 127516 127644 127726 127778 127812 127833 127846 127854 127860 127863 127865 127866 127867 127868 127868 127868 127868 127868 127868 127868 127868 127868 127868 127868 127868 127868 127868 127868 127868 127868 127868 127868 127868 127868 127868 127868 127868 127868 127868 127868 127868 127868 127868 127868 127868 127868 127868 127868 127868 127868 127868 127868 127868 127868 127868 127868 127868 127868 127868 127868 127868 127868 127868 127868 127868 127868 127868 127868 127868 127868 127868 127868 127868 127868 127868 127868 127868 127868 127868 127868 127868 127868 127868 127868 0 0 0 0 0 0 0 0 0 0 0 0 0 0 0 0 0 0 0 0 0 0 0 0 0
#obs catch bio
 0 96881.7 155503 211138 240613 261996 289394 302509 285335 281471 293624 277830 267335 240702 234755 223510 169640 162210 146971 157173 137856 113687 115938 117870 114621 106575 99618.1 100713 108848 100887 94157.1 90296.8 93925.8 96926.4 93949.4 93053.1 90749.7 81861.7 94175.5 83466.9 89967.6 89980.7 87004.4 89190 87284.5 89533.4 90162.3 86527 88823.1 89164 108076 77707.6 101935 129065 99093.5 83925.9 92072.6 72107.3 90498.2 112503 120300 95651.2 84912.7
#pred cpue bio
 4.76931e+006 4.47003e+006 4.18946e+006 3.86594e+006 3.51389e+006 3.16772e+006 2.83863e+006 2.51995e+006 2.22204e+006 1.97123e+006 1.74866e+006 1.53015e+006 1.34113e+006 1.17522e+006 1.04612e+006 928249 822800 774137 732940 705165 661025 630817 624392 615348 601572 587051 578950 575757 569948 553907 546006 544975 547541 544261 534292 524125 512744 507484 517242 516420 528125 532787 537180 543030 545004 548184 549287 550739 558036 565329 574245 562938 584131 576085 533927 523880 532223 532636 554573 552812 520467 475083 455602 1.56383e+007 9.40855e+006 9.61442e+006 1.03341e+007 1.14181e+007 1.25625e+007 1.35925e+007 1.44424e+007 1.51068e+007 1.56081e+007 1.59776e+007 1.62459e+007 1.6439e+007 1.65775e+007 1.66767e+007 1.67481e+007 1.67996e+007 1.68369e+007 1.68642e+007 1.68843e+007 1.68992e+007 1.69102e+007 1.69185e+007 1.69248e+007 1.69295e+007 1.69331e+007 1.69358e+007 1.69379e+007 1.69394e+007 1.69407e+007 1.69416e+007 1.69423e+007 1.69429e+007 1.69433e+007 1.69436e+007 1.69439e+007 1.69441e+007 1.69442e+007 1.69443e+007 1.69444e+007 1.69445e+007 1.69445e+007 1.69446e+007 1.69446e+007 1.69446e+007 1.69447e+007 1.69447e+007 1.69447e+007 1.69447e+007 1.69447e+007 1.69447e+007 1.69447e+007 1.69447e+007 1.69447e+007 1.69447e+007 1.69447e+007 1.69447e+007 1.69447e+007 1.69447e+007 1.69447e+007 1.69447e+007 1.69447e+007 1.69447e+007 1.69447e+007 1.69447e+007 1.69447e+007 1.69447e+007 1.69447e+007 1.69447e+007 1.69447e+007 1.69447e+007 1.69447e+007 1.69447e+007 1.69447e+007 1.69447e+007 1.69447e+007 1.69447e+007 1.69447e+007 1.69447e+007 1.69447e+007 1.69447e+007 1.69447e+007 1.69447e+007 1.69447e+007 1.69447e+007 1.69447e+007 1.69447e+007 1.69447e+007 1.69447e+007 1.69447e+007 1.69447e+007 1.69447e+007 1.69447e+007 1.69447e+007 1.69447e+007 1.69447e+007 1.69447e+007 1.69447e+007 1.69447e+007 1.69447e+007 0 0 0 0 0 0 0 0 0 0 0 0 0 0 0 0 0 0 0 0 0 0 0 0 0
#obs cpue bio
 3.67309e+006 5.22743e+006 2.87935e+006 2.56737e+006 2.42476e+006 2.91466e+006 2.16892e+006 2.01835e+006 2.25326e+006 1.44408e+006 1.56775e+006 1.39241e+006 1.01055e+006 783385 847677 877464 797787 682347 758981 741993 731597 536170 423700 633079 688347 445556 691112 562559 432755 454939 439955 451086 344564 558400 527062 595451 312491 699967 574501 426155 555076 365752 738153 719280 645496 438121 391485 516766 412275 394931 466037 537573 994945 371259 548231 424051 480952 629026 726628 443573 585188 394281 509226
#pred surv len freq
 0.00470847 0.00770059 0.0116937 0.0167007 0.0226149 0.02912 0.0356678 0.0416192 0.0464865 0.0500925 0.0525438 0.0540888 0.0549878 0.0554473 0.0555984 0.0554965 0.0551351 0.0544614 0.0533678 0.0516527 0.0489945 0.045015 0.0394759 0.0325251 0.0248057
 0.00504628 0.00812752 0.0121152 0.0169663 0.0225751 0.0287079 0.0349534 0.0407926 0.0457699 0.049635 0.0523624 0.0540864 0.0550263 0.0554272 0.0555058 0.055401 0.0551473 0.0546698 0.0537854 0.0522001 0.0495309 0.0454028 0.0396423 0.0324851 0.0246381
 0.00533266 0.00861127 0.0128672 0.0180382 0.0239578 0.030286 0.0364915 0.0419902 0.0463803 0.0495806 0.0517659 0.0531897 0.0540586 0.0545141 0.0546673 0.0546148 0.0544126 0.0540246 0.053275 0.0518321 0.0492569 0.0451431 0.0393346 0.0321197 0.0242553
 0.00558249 0.00901802 0.0134829 0.0189172 0.0251513 0.0318251 0.0383562 0.0440738 0.0484715 0.0513896 0.0530023 0.0536665 0.0537621 0.0535931 0.0533492 0.0531097 0.0528637 0.0525154 0.0518566 0.0505367 0.0480949 0.0441046 0.0384056 0.031302 0.0235695
 0.0058788 0.0094895 0.0141741 0.0198648 0.0263807 0.0333446 0.0401485 0.046088 0.0506176 0.0535329 0.0549583 0.0552114 0.0546753 0.0537256 0.052682 0.0517606 0.0510374 0.0504309 0.0496956 0.0484277 0.0461221 0.0423233 0.0368556 0.0300136 0.0225613
 0.00618226 0.00997731 0.0148978 0.0208685 0.0276928 0.0349658 0.04204 0.0481693 0.0527803 0.0556603 0.0569365 0.056922 0.0559814 0.0544739 0.0527332 0.05104 0.0495759 0.0483672 0.0472372 0.0457981 0.0435207 0.0399091 0.0347457 0.0282835 0.0212413
 0.00641806 0.0103694 0.0155043 0.0217492 0.0288977 0.0365164 0.0439097 0.0502775 0.0550043 0.0578612 0.0589826 0.0586999 0.057393 0.0554235 0.0531194 0.0507653 0.0485776 0.0466567 0.0449233 0.0430768 0.0406371 0.0371106 0.032241 0.0262149 0.0196706
 0.00667617 0.0107829 0.0161163 0.0225988 0.0300164 0.037921 0.0455914 0.0521919 0.0570703 0.0599681 0.0610038 0.0605079 0.0588716 0.0564739 0.0536569 0.0507134 0.0478713 0.0452636 0.0428768 0.040502 0.0377494 0.0341798 0.0295336 0.0239363 0.0179264
 0.00700043 0.0112949 0.0168585 0.0236006 0.0312901 0.0394552 0.0473444 0.0540907 0.0590213 0.0618736 0.0627743 0.0620638 0.0601381 0.0573769 0.0541223 0.050669 0.0472519 0.0440237 0.0410155 0.0380939 0.034963 0.0312641 0.0267684 0.0215614 0.016084
 0.00722931 0.0116758 0.0174475 0.0244537 0.0324498 0.0409304 0.0490921 0.0560137 0.0609876 0.0637492 0.0644499 0.0634648 0.0612186 0.058105 0.0544658 0.0505862 0.0466918 0.0429379 0.0393827 0.0359523 0.0324368 0.0285641 0.0241545 0.0192758 0.014285
 0.00745985 0.0120443 0.0179913 0.0252064 0.0334379 0.0421675 0.050568 0.0576842 0.0627713 0.0655347 0.0661123 0.0648865 0.0623088 0.0588084 0.0547577 0.0504565 0.0461284 0.0419223 0.0379034 0.034034 0.0301714 0.0261229 0.0217636 0.0171591 0.0125995
 0.00784023 0.0126362 0.0188328 0.0263142 0.0348054 0.0437622 0.0523279 0.059519 0.0645742 0.0672003 0.0675504 0.0660258 0.0630947 0.0592021 0.0547379 0.0500188 0.0452798 0.0406738 0.036271 0.0320546 0.0279277 0.0237588 0.0194717 0.0151352 0.0109853
 0.00819153 0.0132021 0.0196731 0.0274769 0.0363124 0.0455899 0.0543905 0.0616703 0.0666356 0.0690044 0.0689755 0.0670084 0.0636191 0.0592818 0.0543982 0.0492873 0.0441822 0.039235 0.0345209 0.0300401 0.0257299 0.0215043 0.0173228 0.0132555 0.00949231
 0.00849231 0.0136899 0.0204049 0.0285044 0.0376714 0.0472829 0.0563677 0.0638207 0.0687978 0.0709944 0.0706215 0.0681797 0.0642444 0.0593515 0.0539521 0.0483921 0.0429102 0.0376511 0.0326832 0.0280111 0.0235925 0.0193717 0.0153319 0.0115389 0.00814141
 0.00866448 0.0139774 0.0208518 0.0291577 0.0385722 0.0484529 0.0577935 0.0654457 0.0705263 0.0727044 0.0721801 0.0694578 0.065132 0.0597735 0.0538794 0.0478426 0.0419381 0.0363307 0.0310956 0.0262408 0.0217333 0.0175322 0.0136305 0.0100837 0.00700332
 0.00882434 0.0142411 0.021256 0.0297393 0.039362 0.049464 0.0590099 0.0668166 0.0719714 0.0741272 0.0734806 0.0705424 0.0659188 0.060198 0.0539008 0.0474495 0.0411512 0.0352008 0.0296966 0.0246627 0.0200772 0.0159071 0.0121444 0.00882728 0.00603046
 0.00906211 0.0146106 0.0217808 0.0304305 0.040218 0.0504699 0.0601343 0.0680094 0.0731667 0.0752511 0.0744614 0.0713174 0.0664387 0.0604275 0.0538185 0.0470483 0.0404404 0.0342092 0.0284749 0.0232834 0.0186308 0.014494 0.010862 0.00775316 0.0052067
 0.00902035 0.0145544 0.0217183 0.0303783 0.0401989 0.050509 0.0602557 0.0682341 0.0735108 0.0757226 0.0750539 0.0720033 0.0671662 0.0611248 0.0544046 0.0474475 0.0405956 0.0340917 0.0280899 0.0226707 0.0178602 0.0136548 0.0100471 0.00704113 0.00464592
 0.00897485 0.0144857 0.0216253 0.030265 0.0400757 0.0503928 0.0601698 0.0682058 0.0735666 0.0758823 0.0753257 0.0723822 0.0676329 0.0616451 0.0549286 0.0479133 0.0409383 0.0342568 0.0280468 0.022422 0.0174433 0.0131351 0.00950226 0.00654225 0.00424149
 0.00883596 0.0142761 0.0213404 0.0299124 0.0396741 0.0499702 0.0597617 0.067854 0.073315 0.07577 0.0753793 0.0726103 0.0680239 0.0621682 0.0555367 0.0485462 0.0415286 0.0347388 0.0283683 0.0225566 0.0173981 0.0129492 0.00923585 0.00625892 0.00399129
 0.00899969 0.0145055 0.0216178 0.0301986 0.03992 0.0501347 0.0598258 0.0678231 0.0732108 0.0756197 0.0752091 0.0724447 0.0678871 0.0620822 0.0555157 0.04859 0.0416187 0.0348402 0.0284385 0.0225589 0.0173145 0.0127869 0.00902435 0.00603773 0.0037956
 0.00926407 0.0148932 0.0221216 0.0307804 0.0405165 0.0506699 0.0602255 0.0680286 0.0731929 0.0753893 0.0748171 0.0719671 0.067402 0.0616507 0.055174 0.0483505 0.0414738 0.0347667 0.0284025 0.022524 0.0172523 0.012686 0.00889206 0.00589459 0.00366447
 0.00918178 0.0147932 0.0220321 0.0307447 0.0405761 0.0508407 0.0604807 0.0683018 0.0734034 0.075475 0.0747579 0.0717885 0.0671604 0.0614109 0.0549889 0.0482494 0.0414605 0.0348239 0.0284998 0.0226266 0.0173303 0.0127219 0.0088844 0.00585536 0.00361181
 0.00900191 0.0145277 0.0216843 0.0303403 0.0401623 0.0504796 0.0602384 0.068232 0.0735265 0.0757628 0.0751372 0.0721667 0.0674625 0.0616051 0.0550893 0.0482975 0.0415006 0.0348841 0.0285859 0.0227262 0.0174229 0.0127895 0.008919 0.00586018 0.00359752
 0.00901453 0.0145229 0.0216317 0.0301998 0.0398994 0.0500878 0.0597561 0.0677411 0.0731291 0.0755455 0.0751401 0.0723716 0.0678027 0.0619928 0.0554478 0.0485842 0.0417106 0.0350375 0.028708 0.0228329 0.0175167 0.0128649 0.00897026 0.00588686 0.00360503
 0.00902917 0.0145501 0.0216769 0.0302652 0.0399769 0.0501528 0.0597677 0.067656 0.0729249 0.075242 0.074802 0.0720845 0.0676369 0.0619746 0.0555542 0.0487612 0.0419021 0.0352064 0.0288415 0.0229346 0.0175947 0.0129241 0.0090122 0.00591242 0.00361697
 0.00907439 0.0146058 0.0217287 0.0302905 0.0399529 0.0500678 0.0596276 0.0674799 0.0727333 0.0750462 0.074605 0.0718936 0.0674742 0.0618743 0.0555462 0.0488533 0.0420736 0.0354184 0.0290545 0.0231216 0.0177442 0.0130356 0.00908998 0.00596259 0.00364607
 0.00915699 0.0147232 0.0218733 0.0304422 0.0400822 0.0501425 0.0596205 0.0673767 0.0725379 0.0747824 0.0743103 0.0716081 0.0672303 0.0616935 0.0554417 0.0488316 0.0421325 0.035543 0.0292187 0.0232952 0.0179021 0.0131632 0.00918334 0.00602477 0.00368368
 0.00916097 0.0147449 0.0219329 0.0305645 0.0402865 0.0504274 0.0599538 0.0676979 0.0727767 0.074883 0.0742511 0.0714056 0.0669295 0.0613513 0.0551112 0.0485528 0.0419285 0.0354207 0.0291703 0.0233021 0.017941 0.0132128 0.00922892 0.00605935 0.00370629
 0.00920819 0.0148232 0.0220541 0.030742 0.0405337 0.0507539 0.0603589 0.0681628 0.0732587 0.0753179 0.0745649 0.0715359 0.0668467 0.0610698 0.0546839 0.0480534 0.0414299 0.0349786 0.028816 0.0230436 0.0177686 0.0131074 0.00916939 0.00602799 0.00369061
 0.00917512 0.0147737 0.0219879 0.0306633 0.040452 0.0506847 0.0603235 0.0681854 0.0733605 0.075507 0.0748276 0.0718336 0.0671231 0.0612675 0.0547646 0.0480107 0.0412896 0.0347859 0.028618 0.0228747 0.017645 0.013029 0.0091265 0.00600801 0.00368297
 0.00907231 0.0146156 0.0217675 0.0303813 0.0401182 0.0503189 0.0599565 0.0678585 0.0731195 0.0753935 0.0748679 0.0720302 0.0674506 0.0616758 0.0551894 0.0483906 0.041583 0.0349805 0.0287277 0.0229278 0.0176697 0.0130446 0.00914128 0.00602291 0.00369604
 0.00887139 0.0143128 0.0213563 0.0298726 0.0395378 0.0497032 0.0593495 0.0673098 0.0726806 0.0751104 0.0747737 0.0721391 0.067755 0.0621448 0.0557712 0.0490194 0.0421917 0.0355152 0.0291584 0.0232501 0.017898 0.0132007 0.00924616 0.00609206 0.00374009
 0.00872269 0.014079 0.0210202 0.0294261 0.0389864 0.049071 0.0586824 0.0666716 0.0721406 0.074726 0.074579 0.0721432 0.0679482 0.0625048 0.0562653 0.0496044 0.0428149 0.0361214 0.0296999 0.0236964 0.0182393 0.0134449 0.00941089 0.00619746 0.00380403
 0.0087357 0.0140823 0.0209923 0.0293359 0.0388013 0.0487702 0.0582682 0.0661743 0.0716121 0.0742284 0.0741708 0.0718694 0.0678345 0.0625567 0.0564704 0.0499357 0.0432348 0.0365846 0.0301594 0.0241112 0.0185821 0.0137052 0.00959323 0.00631582 0.0038754
 0.00946546 0.0151096 0.0222432 0.03064 0.039937 0.0495395 0.058559 0.0659793 0.071007 0.0733344 0.0731223 0.0707934 0.0668374 0.0617149 0.0558268 0.0495012 0.0429936 0.0365022 0.0301904 0.0242078 0.018702 0.0138181 0.00968293 0.00637827 0.00391428
 0.0100578 0.0160646 0.0236555 0.0325648 0.0423468 0.0522744 0.0613038 0.0683093 0.0725119 0.0737628 0.0724654 0.0692617 0.0647586 0.0594216 0.0535835 0.0474812 0.0412871 0.0351361 0.0291487 0.0234486 0.0181719 0.0134626 0.00945375 0.00623665 0.00383099
 0.00986267 0.0158626 0.0235653 0.0327703 0.0430508 0.0536194 0.0632952 0.0707771 0.0751296 0.0761184 0.0741636 0.0700301 0.0645215 0.0583092 0.0518712 0.045492 0.0393038 0.0333536 0.0276681 0.0222958 0.0173241 0.0128717 0.00906336 0.0059928 0.00368771
 0.00942381 0.0151903 0.0226382 0.0316172 0.041769 0.0523882 0.0623684 0.0704352 0.0755858 0.0774152 0.0761189 0.0722753 0.066619 0.0598942 0.0527539 0.0456834 0.0389675 0.0327186 0.0269466 0.0216355 0.0167981 0.0124948 0.00881626 0.00584314 0.00360357
 0.00939134 0.0151024 0.0224423 0.0312462 0.0411633 0.0515313 0.0613209 0.0693479 0.074679 0.0769249 0.0762235 0.0730248 0.0678979 0.0614426 0.0542492 0.0468489 0.039657 0.0329395 0.0268193 0.0213227 0.0164419 0.0121844 0.00858729 0.00569445 0.00351691
 0.00934416 0.0150205 0.0223073 0.0310329 0.0408392 0.0510604 0.0606751 0.0685259 0.0737298 0.0759626 0.0754207 0.0725735 0.0679444 0.0620238 0.0552629 0.0480804 0.0408545 0.0339017 0.0274531 0.0216456 0.0165412 0.012163 0.00852502 0.00563555 0.00347652
 0.00916851 0.0147768 0.0220172 0.0307398 0.0405925 0.0508906 0.0605745 0.0684475 0.0736058 0.0757365 0.0750791 0.0721652 0.0675767 0.061829 0.0553446 0.0484628 0.0414646 0.0345979 0.0280856 0.0221143 0.01682 0.012286 0.00855195 0.0056202 0.00345246
 0.00909406 0.0146405 0.0217869 0.0303836 0.0400959 0.0502769 0.0599155 0.0678488 0.0731669 0.0755068 0.0750389 0.0722465 0.0677096 0.0619837 0.0555428 0.0487538 0.041882 0.0351262 0.0286586 0.0226446 0.0172391 0.0125683 0.00871264 0.00569623 0.00348118
 0.00912917 0.0146779 0.0218054 0.0303489 0.0399654 0.0500127 0.0594997 0.0672973 0.0725356 0.0748848 0.0745256 0.071918 0.0675934 0.0620567 0.0557557 0.0490619 0.0422606 0.0355621 0.0291303 0.0231127 0.017655 0.0128942 0.00893624 0.0058299 0.00355066
 0.00922691 0.0148253 0.0220044 0.0305901 0.0402259 0.0502551 0.059674 0.0673479 0.0724175 0.0745828 0.0740681 0.0713757 0.067059 0.0616158 0.0554615 0.0489277 0.0422698 0.0356842 0.0293318 0.023358 0.0179066 0.013118 0.00910932 0.00594618 0.00361832
 0.00929443 0.0149312 0.0221564 0.0307914 0.0404735 0.0505366 0.0599645 0.0676097 0.0726037 0.0746475 0.0739792 0.0711273 0.0666788 0.0611619 0.0550082 0.0485442 0.0420015 0.0355457 0.0293103 0.0234236 0.0180226 0.0132486 0.00922698 0.0060356 0.00367658
 0.00934609 0.0150155 0.0222836 0.0309705 0.0407098 0.0508275 0.0602956 0.0679534 0.0729222 0.0748984 0.0741229 0.0711336 0.0665344 0.0608768 0.0546183 0.0481064 0.0415802 0.0351951 0.0290618 0.0232813 0.0179687 0.0132536 0.00926073 0.00607496 0.00370866
 0.00946727 0.0151924 0.0225127 0.0312365 0.040991 0.0511042 0.0605557 0.0681919 0.0731355 0.0750785 0.0742541 0.0711943 0.0665026 0.0607375 0.0543716 0.0477719 0.0411963 0.0348109 0.0287238 0.0230209 0.0177953 0.0131571 0.00921957 0.00606567 0.00371292
 0.00945985 0.0151942 0.0225401 0.0313109 0.0411302 0.0513111 0.0608111 0.0684581 0.0733715 0.0752564 0.0743668 0.0712501 0.0665114 0.0607016 0.0542849 0.0476278 0.0409977 0.0345755 0.0284807 0.0228019 0.0176237 0.0130413 0.0091538 0.00603581 0.0037037
 0.00939507 0.0151013 0.0224244 0.0311874 0.0410225 0.0512472 0.0608171 0.0685503 0.0735489 0.0754969 0.0746317 0.0714966 0.0667066 0.0608295 0.0543435 0.0476221 0.040935 0.0344661 0.0283408 0.0226531 0.017488 0.0129348 0.00908195 0.00599479 0.00368445
 0.00913205 0.0147209 0.0219396 0.030642 0.0404802 0.0507737 0.0604653 0.0683549 0.0735264 0.0756465 0.0749337 0.0719123 0.0671834 0.0613114 0.0547829 0.0479875 0.0412124 0.034656 0.0284539 0.0227067 0.0175029 0.0129306 0.00907312 0.00598882 0.00368292
 0.00905444 0.0145965 0.0217577 0.0303982 0.0401833 0.0504517 0.0601673 0.0681415 0.0734496 0.0757283 0.0751573 0.0722308 0.0675394 0.0616541 0.0550769 0.048213 0.0413625 0.034734 0.0284714 0.0226804 0.0174518 0.0128722 0.00902073 0.00594941 0.00365758
 0.00895245 0.0143997 0.0214059 0.0298217 0.0393258 0.0493057 0.0588033 0.0667114 0.0721549 0.0747661 0.0746682 0.0722676 0.0680628 0.0625527 0.0562017 0.049414 0.0425164 0.0357575 0.0293208 0.0233449 0.0179436 0.013217 0.00924972 0.00609323 0.00374278
 0.00913281 0.0146785 0.021795 0.0303121 0.039878 0.0498421 0.0592108 0.0668649 0.0719629 0.0742174 0.0738513 0.0713466 0.0672202 0.0619298 0.0558626 0.0493439 0.0426462 0.0359976 0.0295907 0.0235891 0.0181346 0.0133501 0.00933342 0.00614125 0.00376817
 0.00947238 0.0152279 0.0226142 0.0314475 0.0413437 0.051593 0.0611189 0.068718 0.0734993 0.07519 0.074096 0.0708298 0.0660488 0.0603194 0.0540743 0.0476139 0.0411348 0.0347749 0.0286537 0.022895 0.0176303 0.0129892 0.00908132 0.00597223 0.00366146
 0.00937095 0.0150918 0.0224646 0.0313283 0.0413165 0.051726 0.06147 0.0693157 0.074322 0.076152 0.0750521 0.0716056 0.066492 0.0603511 0.0537155 0.0469738 0.0403669 0.0340231 0.0280139 0.0224047 0.0172824 0.0127548 0.00892859 0.00587536 0.00360219
 0.00916429 0.0147607 0.0219783 0.0306693 0.040494 0.0507919 0.06053 0.0685208 0.073834 0.0760928 0.0754594 0.0724141 0.0675488 0.0614588 0.0546898 0.0476952 0.0408047 0.0342242 0.0280648 0.0223894 0.0172563 0.0127408 0.00892782 0.00588114 0.00360859
 0.00897342 0.014476 0.0215966 0.0302018 0.0399606 0.050213 0.059925 0.0679166 0.073278 0.0756591 0.0752377 0.0724813 0.0679335 0.0621187 0.0555157 0.0485438 0.0415465 0.034782 0.0284266 0.0225927 0.0173576 0.0127895 0.00895434 0.00589877 0.00362114
 0.00866214 0.0139772 0.0208624 0.0292001 0.0386899 0.0487212 0.0583218 0.0663644 0.0719567 0.0747201 0.0747734 0.0725219 0.06846 0.0630727 0.0568009 0.0500268 0.0430717 0.0362016 0.0296334 0.0235386 0.018049 0.0132669 0.00926901 0.0060974 0.00374051
 0.00883566 0.0142044 0.0211014 0.0293747 0.0387061 0.0484965 0.057814 0.065588 0.0709824 0.0736619 0.0737668 0.0716983 0.0679222 0.0628792 0.0569597 0.0504975 0.0437718 0.0370206 0.0304555 0.0242689 0.0186325 0.0136913 0.00955309 0.00627421 0.00384349
 0.00919382 0.0147793 0.0219475 0.0305231 0.0401408 0.0501261 0.0594564 0.0669907 0.0718877 0.0738914 0.0732811 0.0706028 0.0664249 0.0612262 0.0553765 0.0491488 0.0427442 0.0363243 0.030042 0.0240581 0.0185419 0.0136571 0.0095382 0.00626335 0.00383369
 0.009201 0.0148644 0.0222104 0.031099 0.0411622 0.0516616 0.0614542 0.069259 0.0741265 0.0757612 0.0744849 0.0709566 0.0659 0.0599508 0.0535948 0.0471517 0.0407976 0.0346186 0.0286733 0.0230386 0.017828 0.0131808 0.009232 0.00607297 0.00371989
 0.00874208 0.0141777 0.0212935 0.0300053 0.0400072 0.050619 0.0607385 0.0690833 0.0746323 0.076947 0.0761748 0.0728385 0.0676211 0.0612261 0.0542825 0.0472707 0.04049 0.0340814 0.0280891 0.0225315 0.0174519 0.0129351 0.00908747 0.00599462 0.00367972
#obs surv len freq
 nan nan nan nan nan nan nan nan nan nan nan nan nan nan nan nan nan nan nan nan nan nan nan nan nan
 0.00447495 0.0073321 0.0111585 0.0159731 0.0216744 0.0279526 0.0342707 0.0400061 0.0446894 0.0481563 0.0505166 0.0520144 0.0529083 0.053422 0.0537373 0.053993 0.0542722 0.0545653 0.0547043 0.0542963 0.0527341 0.0493656 0.0438144 0.036293 0.027675
 0.00461199 0.00755373 0.0114898 0.0164358 0.0222826 0.0287045 0.0351406 0.0409416 0.045617 0.0489947 0.0511913 0.0524692 0.0531125 0.0533717 0.0534524 0.0535093 0.0536323 0.0538117 0.0538758 0.0534295 0.0518675 0.0485417 0.043077 0.0356796 0.0272062
 0.0047848 0.00783607 0.0119171 0.0170414 0.0230903 0.029718 0.036332 0.0422476 0.0469472 0.0502475 0.0522698 0.0532916 0.053618 0.0535251 0.0532466 0.0529649 0.0527925 0.0527339 0.0526251 0.0520755 0.0504852 0.0472114 0.0418788 0.0346793 0.0264403
 0.00497238 0.00814566 0.0123917 0.017724 0.0240155 0.0308984 0.0377439 0.0438259 0.0485929 0.0518453 0.0537058 0.0544645 0.0544448 0.0539455 0.0532258 0.052496 0.0518976 0.0514631 0.0510529 0.0502982 0.0486174 0.0453806 0.040211 0.0332779 0.0253634
 0.00519121 0.00850203 0.0129295 0.0184852 0.0250335 0.0321861 0.0392812 0.0455529 0.050416 0.0536516 0.0553783 0.0558929 0.0555324 0.0546126 0.0534139 0.0521712 0.0510544 0.0501286 0.049292 0.0482159 0.0463576 0.0431149 0.0381159 0.0315006 0.0239894
 0.00541447 0.00886945 0.0134906 0.0192892 0.0261189 0.0335667 0.0409304 0.0473996 0.0523557 0.055567 0.0571568 0.0574341 0.0567482 0.0554252 0.0537561 0.0519895 0.050316 0.0488315 0.0474769 0.0459783 0.0438517 0.0405428 0.0356965 0.0294234 0.0223707
 0.00564619 0.00924794 0.0140639 0.0201039 0.0272124 0.034954 0.04259 0.049267 0.0543306 0.0575312 0.0589926 0.0590361 0.0580276 0.0563091 0.0541826 0.0519056 0.0496786 0.0476178 0.0457021 0.0437164 0.0412494 0.0378132 0.033085 0.0271524 0.0205845
 0.00589258 0.00965196 0.0146783 0.0209795 0.0283886 0.0364422 0.0443586 0.0512362 0.0563855 0.0595445 0.0608453 0.0606282 0.0592788 0.0571559 0.0545737 0.0517969 0.049032 0.0464065 0.043928 0.0414352 0.0385925 0.0349898 0.0303509 0.0247499 0.0186786
 0.00613997 0.0100582 0.0152974 0.0218643 0.0295807 0.0379556 0.0461628 0.0532501 0.0584883 0.0615993 0.0627222 0.0622188 0.0605011 0.0579523 0.0549048 0.0516331 0.0483478 0.0451826 0.0421651 0.0391787 0.035959 0.0321753 0.0276054 0.0223195 0.0167373
 0.00638427 0.0104587 0.0159063 0.0227327 0.0307484 0.0394362 0.0479272 0.0552205 0.0605485 0.0636158 0.0645661 0.0637793 0.0616917 0.0587119 0.0551948 0.0514309 0.0476394 0.0439608 0.0404378 0.0369904 0.0334158 0.0294573 0.0249471 0.0199565 0.0148413
 0.00662452 0.0108517 0.0165023 0.0235798 0.0318834 0.0408698 0.0496285 0.0571121 0.0625167 0.0655327 0.0663096 0.0652459 0.0628007 0.0594056 0.0554359 0.0511985 0.0469242 0.0427627 0.0387725 0.0349049 0.0310105 0.0268971 0.0224461 0.0177317 0.0130525
 0.00682692 0.0111865 0.0170167 0.0243214 0.0328905 0.0421563 0.0511686 0.0588353 0.0643176 0.067292 0.0679136 0.066598 0.063826 0.0600502 0.0556648 0.0509915 0.0462724 0.0416679 0.0372524 0.0330067 0.0288277 0.0245791 0.0201845 0.0157199 0.0114334
 0.00705418 0.0115558 0.0175721 0.0251035 0.0339286 0.0434555 0.0526969 0.0605185 0.0660491 0.0689524 0.0693909 0.0678008 0.0646884 0.0605317 0.0557456 0.0506667 0.0455461 0.0405514 0.0357688 0.0312036 0.026792 0.0224446 0.0181199 0.0138938 0.00996907
 0.00729233 0.0119468 0.018167 0.0259503 0.0350604 0.0448728 0.0543516 0.0623105 0.0678441 0.0706108 0.0707939 0.0688638 0.0653619 0.060796 0.0556037 0.0501361 0.0446515 0.0393213 0.0342384 0.0294247 0.0248463 0.0204503 0.0162221 0.0122344 0.00864904
 0.00744676 0.0122044 0.0185672 0.0265345 0.0358646 0.0459146 0.0556159 0.0637424 0.0693532 0.0720861 0.0721213 0.0699425 0.0661158 0.0611799 0.055603 0.0497601 0.0439257 0.0382805 0.0329254 0.0278957 0.0231797 0.0187513 0.0146141 0.0108351 0.00754011
 0.00752901 0.0123378 0.0187681 0.0268203 0.0362532 0.0464231 0.0562559 0.0645147 0.0702428 0.0730581 0.0731199 0.0708943 0.0669386 0.0617947 0.0559466 0.0497936 0.0436369 0.0376813 0.0320489 0.0267948 0.0219291 0.0174468 0.0133637 0.00973939 0.00666833
 0.00758973 0.0124316 0.0189004 0.0269937 0.0364687 0.0466814 0.0565589 0.0648664 0.070649 0.0735245 0.0736476 0.0714713 0.0675334 0.0623549 0.0564053 0.0500823 0.0436999 0.0374871 0.0315959 0.0261131 0.0210784 0.0165109 0.0124383 0.00891337 0.00600384
 0.00767133 0.0125542 0.0190661 0.0271976 0.0367002 0.0469269 0.0568046 0.065101 0.0708667 0.0737285 0.0738502 0.0716897 0.0677806 0.0626294 0.0566839 0.0503212 0.0438426 0.0374797 0.0314028 0.0257291 0.0205333 0.0158655 0.011771 0.00830117 0.00550291
 0.00772268 0.0126377 0.0191911 0.0273713 0.036924 0.0471926 0.0570918 0.0653794 0.0711052 0.0739059 0.0739632 0.0717529 0.0678195 0.0626699 0.056741 0.0503907 0.0438994 0.0374835 0.0313114 0.025515 0.0201966 0.0154373 0.0113057 0.00785945 0.00513301
 0.00779847 0.0127544 0.0193549 0.0275835 0.0371814 0.0474872 0.05741 0.0657005 0.0714024 0.0741499 0.0741289 0.0718271 0.0678057 0.0625875 0.056619 0.050256 0.0437659 0.0373464 0.0311507 0.0253065 0.0199272 0.0151149 0.0109593 0.00752885 0.00485347
 0.00779147 0.012745 0.0193446 0.0275752 0.0371791 0.0474958 0.0574345 0.065746 0.071473 0.0742477 0.0742511 0.0719641 0.0679426 0.0627084 0.0567127 0.0503194 0.0438012 0.0373553 0.0311286 0.0252436 0.0198146 0.014954 0.0107662 0.00732991 0.00467583
 0.0078334 0.0127989 0.0193994 0.0276128 0.0371803 0.0474493 0.0573442 0.0656314 0.0713622 0.0741679 0.0742207 0.0719897 0.068019 0.0628215 0.0568435 0.0504483 0.0439128 0.037439 0.0311777 0.0252526 0.0197805 0.014879 0.0106606 0.00721142 0.00456395
 0.00786702 0.0128546 0.0194842 0.0277309 0.0373289 0.047614 0.0574974 0.0657385 0.0713951 0.0741183 0.0741059 0.0718448 0.0678823 0.0627206 0.0567886 0.0504342 0.0439245 0.037459 0.0311903 0.0252467 0.0197499 0.0148234 0.010586 0.00712891 0.00448601
 0.00788366 0.012877 0.0195097 0.0277553 0.0373485 0.0476286 0.057511 0.0657561 0.0714172 0.0741376 0.0741097 0.0718233 0.0678365 0.0626638 0.0567404 0.0504102 0.0439298 0.0374871 0.0312275 0.0252779 0.0197639 0.0148155 0.0105582 0.00708865 0.00444289
 0.00789157 0.0128881 0.0195228 0.0277679 0.0373566 0.0476276 0.0574975 0.0657294 0.0713808 0.0740988 0.0740766 0.071801 0.0678244 0.0626583 0.0567389 0.0504144 0.0439441 0.0375141 0.0312646 0.0253173 0.0197957 0.0148325 0.0105585 0.00707561 0.004423
 0.00788232 0.0128713 0.0194946 0.0277237 0.037293 0.047544 0.0573978 0.0656224 0.0712781 0.0740122 0.074016 0.0717731 0.0678316 0.0626982 0.0568047 0.050497 0.0440352 0.0376075 0.0313557 0.0254011 0.0198666 0.0148855 0.0105917 0.00709099 0.00442563
 0.00789186 0.0128827 0.019504 0.0277248 0.0372781 0.047507 0.0573359 0.0655379 0.0711781 0.0739075 0.0739192 0.0716962 0.0677842 0.0626852 0.0568259 0.0505477 0.0441073 0.0376917 0.0314431 0.0254842 0.0199392 0.0149432 0.0106323 0.00711536 0.00443722
 0.00788573 0.0128735 0.0194913 0.0277081 0.0372565 0.0474781 0.0572965 0.0654845 0.0711093 0.0738261 0.0738328 0.0716157 0.0677215 0.0626501 0.0568239 0.050579 0.044167 0.0377716 0.0315332 0.0255744 0.0200212 0.0150109 0.0106829 0.00714913 0.00445689
 0.0078535 0.0128207 0.0194114 0.0275958 0.0371098 0.0473014 0.0571021 0.0652919 0.0709402 0.073698 0.0737549 0.0715894 0.067743 0.0627135 0.0569232 0.0507078 0.0443179 0.0379354 0.0316992 0.0257318 0.0201604 0.0151253 0.0107696 0.00720913 0.00449454
 0.00784045 0.0127967 0.0193703 0.0275299 0.0370121 0.047168 0.0569357 0.0651031 0.0707466 0.0735209 0.0736147 0.0715013 0.0677142 0.0627431 0.0570036 0.0508282 0.0444665 0.0381006 0.0318694 0.0258959 0.0203083 0.0152492 0.0108655 0.00727728 0.00453859
 0.0078099 0.0127455 0.0192903 0.027413 0.0368519 0.0469633 0.0566937 0.0648398 0.0704851 0.0732869 0.0734321 0.0713885 0.0676819 0.0627928 0.0571278 0.051012 0.0446909 0.0383456 0.0321164 0.0261289 0.0205146 0.0154203 0.0109975 0.00737132 0.00459995
 0.00777649 0.0126899 0.0192046 0.0272889 0.0366832 0.0467484 0.0564385 0.0645596 0.0702022 0.0730267 0.0732194 0.0712438 0.067619 0.0628177 0.0572376 0.0511955 0.0449303 0.0386186 0.0324 0.0264016 0.0207589 0.0156243 0.0111558 0.00748471 0.0046745
 0.00776262 0.0126646 0.019161 0.0272191 0.036579 0.0466047 0.0562557 0.0643449 0.0699693 0.0727936 0.0730059 0.0710696 0.0675016 0.06277 0.0572663 0.0512994 0.0451001 0.0388378 0.0326472 0.0266536 0.0209946 0.0158274 0.011317 0.00760225 0.00475285
 0.0077385 0.0126258 0.0191035 0.0271391 0.0364734 0.0464718 0.0560967 0.0641645 0.0697762 0.0725998 0.0728254 0.0709172 0.0673916 0.062714 0.0572726 0.0513712 0.0452341 0.0390241 0.0328692 0.0268905 0.0212245 0.0160315 0.011483 0.00772554 0.00483626
 0.00932325 0.0148446 0.0217826 0.029896 0.0388292 0.0480281 0.0566761 0.0638362 0.0687731 0.0711984 0.0712584 0.0693428 0.0659032 0.0613627 0.0560852 0.0503607 0.0444043 0.0383705 0.0323792 0.0265441 0.0209958 0.0158922 0.0114058 0.00768745 0.00482002
 0.0093086 0.0151141 0.022705 0.0319286 0.0423185 0.0529413 0.0624307 0.0693947 0.0730115 0.073349 0.0711622 0.067391 0.0627644 0.0576963 0.0523782 0.0469028 0.0413368 0.0357475 0.0302088 0.0248096 0.0196636 0.0149153 0.010727 0.00724419 0.00455024
 0.00895571 0.0145616 0.0219346 0.0309941 0.0413981 0.0523721 0.062667 0.0708466 0.0757995 0.0771223 0.0751424 0.0706667 0.0646699 0.0580409 0.0514161 0.0451206 0.039224 0.033663 0.0283582 0.02328 0.0184703 0.014034 0.0101129 0.00684307 0.00430644
 0.00879896 0.0142898 0.0214952 0.0303318 0.0404761 0.0512096 0.0613842 0.0696917 0.0751245 0.0772835 0.0763425 0.0728092 0.0673297 0.0606031 0.0533235 0.0460843 0.0392802 0.0330738 0.0274507 0.0223233 0.0176279 0.0133743 0.00964155 0.00653268 0.00411793
 0.0087271 0.0141693 0.0213057 0.0300485 0.0400705 0.0506549 0.0606672 0.0688324 0.0742004 0.0764477 0.075814 0.0728157 0.0680074 0.0619004 0.0549778 0.0477092 0.0405236 0.0337534 0.0275898 0.0220865 0.0172169 0.0129489 0.00929015 0.00628272 0.00396
 0.00869828 0.0141205 0.0212281 0.0299314 0.0399023 0.0504237 0.0603625 0.0684471 0.073735 0.07592 0.0752741 0.0723594 0.0677667 0.0620026 0.0554795 0.0485432 0.0415034 0.0346455 0.0282135 0.0223797 0.0172331 0.012802 0.00909156 0.0061049 0.00383194
 0.00870227 0.014125 0.0212308 0.0299284 0.0398871 0.0503881 0.0602966 0.0683396 0.0735748 0.0756988 0.0749924 0.0720346 0.0674432 0.0617532 0.0553887 0.048672 0.0418498 0.0351301 0.0287078 0.0227635 0.0174452 0.0128529 0.00903837 0.00601211 0.00374463
 0.00868137 0.0140965 0.021198 0.0298971 0.0398639 0.0503764 0.0602942 0.068338 0.0735608 0.0756582 0.074913 0.0719104 0.067279 0.0615705 0.0552277 0.0485838 0.0418769 0.035282 0.0289488 0.0230252 0.0176587 0.0129792 0.009079 0.00599582 0.00370561
 0.00868387 0.0140959 0.0211888 0.0298724 0.0398184 0.0503107 0.0602167 0.0682632 0.0735031 0.0756242 0.074898 0.0719005 0.0672583 0.061529 0.0551689 0.0485264 0.0418496 0.0353106 0.0290406 0.0231622 0.0178045 0.0130977 0.00915057 0.00602257 0.00370323
 0.00865796 0.0140578 0.0211388 0.0298127 0.0397519 0.0502388 0.0601394 0.0681811 0.0734199 0.0755487 0.0748419 0.0718731 0.0672608 0.061554 0.0552046 0.0485643 0.0418901 0.0353625 0.0291138 0.0232581 0.0179121 0.0131981 0.00922729 0.00606897 0.00372353
 0.00865308 0.0140484 0.021122 0.0297856 0.0397124 0.0501876 0.0600808 0.0681213 0.0733652 0.0755026 0.0748053 0.0718457 0.067244 0.0615496 0.0552133 0.0485845 0.0419193 0.0353998 0.0291607 0.0233158 0.0179779 0.0132643 0.00928406 0.00610958 0.00374703
 0.00862914 0.0140126 0.0210741 0.0297271 0.0396459 0.0501163 0.0600074 0.0680492 0.0732988 0.0754475 0.074767 0.0718282 0.0672479 0.0615729 0.0552524 0.0486354 0.0419784 0.035464 0.0292278 0.0233843 0.0180455 0.0133272 0.00933759 0.00615 0.00377346
 0.00863228 0.0140151 0.021073 0.0297184 0.0396259 0.0500835 0.0599638 0.0679999 0.0732499 0.0754037 0.0747309 0.0718004 0.067229 0.0615641 0.0552546 0.0486489 0.0420023 0.0354967 0.0292672 0.023428 0.0180907 0.0133708 0.00937595 0.00618037 0.00379468
 0.0086281 0.0140085 0.0210634 0.0297049 0.0396075 0.0500586 0.0599308 0.0679583 0.0732013 0.0753525 0.0746833 0.0717631 0.0672064 0.0615575 0.0552632 0.0486704 0.042034 0.035536 0.0293114 0.0234745 0.0181367 0.0134133 0.00941244 0.00620903 0.00381499
 0.00861552 0.0139894 0.021037 0.0296716 0.0395687 0.0500161 0.0598872 0.0679162 0.0731628 0.0753193 0.0746565 0.0717437 0.0671962 0.0615585 0.0552764 0.0486957 0.0420697 0.0355792 0.029359 0.0235232 0.0181835 0.0134555 0.00944795 0.00623657 0.00383447
 0.00861552 0.0139894 0.021037 0.0296716 0.0395687 0.0500161 0.0598872 0.0679162 0.0731628 0.0753193 0.0746565 0.0717437 0.0671962 0.0615585 0.0552764 0.0486957 0.0420697 0.0355792 0.029359 0.0235232 0.0181835 0.0134555 0.00944795 0.00623657 0.00383447
 0.00863076 0.0140131 0.0210707 0.0297157 0.0396218 0.0500754 0.0599472 0.0679697 0.0732021 0.0753376 0.0746502 0.071713 0.067145 0.0614937 0.0552067 0.0486294 0.0420135 0.0355371 0.0293319 0.0235098 0.0181809 0.0134602 0.0094564 0.00624578 0.00384244
 0.00844854 0.0137272 0.0206609 0.0291738 0.0389571 0.0493211 0.059165 0.0672447 0.0726262 0.0749851 0.0745583 0.071876 0.0675218 0.0620222 0.0558199 0.049267 0.042629 0.0360991 0.0298223 0.0239204 0.0185105 0.0137126 0.00963946 0.00637047 0.00392146
 0.0086348 0.0140011 0.0210184 0.0295896 0.0393881 0.0497143 0.0594665 0.0674085 0.0726238 0.0748156 0.0742513 0.0714852 0.0671095 0.0616425 0.0555072 0.0490339 0.0424706 0.0360011 0.0297682 0.0238955 0.0185036 0.0137157 0.00964712 0.00637904 0.00392886
 0.00888305 0.0144203 0.0216744 0.0305423 0.0406656 0.0512772 0.0611823 0.0690617 0.0739683 0.0756483 0.0744694 0.0711019 0.0662324 0.0604322 0.0541352 0.0476498 0.0411837 0.0348765 0.0288333 0.0231515 0.0179363 0.0133026 0.00936168 0.00619359 0.00381661
 0.00877452 0.014271 0.0215027 0.0303899 0.040595 0.0513623 0.0614911 0.0696321 0.0747817 0.0766133 0.0754326 0.0718893 0.066705 0.0605288 0.0538817 0.0471376 0.0405316 0.0341952 0.0282042 0.0226208 0.0175201 0.0129967 0.00915065 0.00605727 0.00373465
 0.00864079 0.0140412 0.0211368 0.0298513 0.0398696 0.0504839 0.0605598 0.0688071 0.0742417 0.0764977 0.0757901 0.0726574 0.0677282 0.0616083 0.0548362 0.0478513 0.0409721 0.0343996 0.0282458 0.0225754 0.0174454 0.012926 0.0090973 0.00602255 0.00371455
 0.0087346 0.0141739 0.021298 0.0300139 0.0399915 0.0505144 0.0604525 0.0685373 0.0738265 0.0760074 0.0753387 0.072367 0.067681 0.0618107 0.0552159 0.0482894 0.0413525 0.0346492 0.0283491 0.0225628 0.0173668 0.0128277 0.00900927 0.00595729 0.00367253
 0.00852361 0.0138528 0.0208559 0.0294559 0.0393375 0.0497959 0.0597097 0.067817 0.0731784 0.0754801 0.0749788 0.0722203 0.0677885 0.0621946 0.0558592 0.049125 0.0422722 0.0355337 0.0291039 0.0231405 0.0177678 0.0130836 0.00916177 0.00604369 0.00371963
 0.00862558 0.0139858 0.0209958 0.0295609 0.0393599 0.0497013 0.0594913 0.0674967 0.0727943 0.0750711 0.074576 0.0718503 0.0674822 0.0619908 0.0557984 0.049231 0.0425354 0.0359065 0.0295145 0.0235187 0.0180676 0.013291 0.00928847 0.00611274 0.00375366
 0.00897222 0.0145523 0.0218488 0.0307494 0.0408887 0.0514965 0.0613795 0.0692238 0.0740909 0.0757373 0.0745379 0.0711645 0.0662973 0.0604978 0.0541896 0.0476739 0.0411544 0.0347719 0.0286413 0.0228788 0.0176114 0.0129689 0.00906248 0.00595774 0.00365251
 0.00914045 0.0148544 0.0223557 0.0315437 0.042043 0.0530384 0.0632563 0.0712853 0.0761048 0.0774338 0.0756706 0.0715684 0.065929 0.0594415 0.0526287 0.0458393 0.0392715 0.0330211 0.0271384 0.0216734 0.0166996 0.0123136 0.00861325 0.00566439 0.00347137
 0.00901147 0.0146648 0.0221112 0.0312719 0.0417977 0.0529004 0.0633256 0.0716585 0.0768387 0.0785054 0.0769581 0.0728695 0.067014 0.0601208 0.0528068 0.0455347 0.0385978 0.0321418 0.0262163 0.0208329 0.016011 0.0117967 0.00825361 0.0054308 0.00332946
#pred catch len freq
 0.00441693 0.0069944 0.0102135 0.0140008 0.0183122 0.0231118 0.0283007 0.0336809 0.0389919 0.043975 0.0484168 0.0521697 0.0551627 0.0573962 0.0589159 0.0597788 0.0600316 0.0596932 0.058721 0.056955 0.0540838 0.0497184 0.043612 0.0359372 0.0274095
 0.00476227 0.00744753 0.0106991 0.0143913 0.0184756 0.0229792 0.0279129 0.0331755 0.0385342 0.0436737 0.0482776 0.0521102 0.0550723 0.0572044 0.0586326 0.0594929 0.0598683 0.0597504 0.0590131 0.0573955 0.0545204 0.0500035 0.0436706 0.0357905 0.0271465
 0.00506889 0.00794012 0.0114218 0.0153612 0.0196561 0.0242555 0.02909 0.0340259 0.0388878 0.043501 0.0477028 0.0513381 0.0542799 0.0564719 0.0579546 0.0588414 0.0592503 0.0592167 0.0586193 0.0571514 0.0543707 0.0498565 0.0434525 0.0354865 0.0267992
 0.00536619 0.00840649 0.0120951 0.0162731 0.0208336 0.0257154 0.0308167 0.0359353 0.0408002 0.0451555 0.0488273 0.0517519 0.0539662 0.0555716 0.0566842 0.0573997 0.0577722 0.0577816 0.0572783 0.0559374 0.0532917 0.0488959 0.0425884 0.0347151 0.0261409
 0.00570913 0.00893627 0.0128424 0.0172527 0.0220495 0.0271671 0.0324989 0.0378289 0.0428543 0.0472644 0.0508141 0.0533771 0.0549795 0.0557936 0.0560764 0.0560754 0.0559427 0.0556777 0.0550926 0.0538057 0.0513012 0.0471012 0.0410266 0.0334141 0.0251187
 0.0060653 0.00948997 0.0136296 0.0182926 0.0233465 0.028712 0.0342671 0.0397766 0.0449187 0.0493659 0.0528534 0.0552252 0.0564694 0.056732 0.0562855 0.055454 0.0545123 0.0535842 0.0525613 0.0510804 0.0485982 0.0445908 0.038832 0.0316136 0.0237435
