SBPRF35
7.78865
Curr Bio
550277
B35
648733
F35
0.211982
FOFL
0.174752
OFL
74355.5
Bzero
2.22533e+006
#pred survey bio
 3.71973e+006 3.37221e+006 3.02437e+006 2.6743e+006 2.36015e+006 2.0449e+006 1.80469e+006 1.57366e+006 1.37573e+006 1.23628e+006 1.08841e+006 968482 876736 821483 775749 735746 705251 673610 648797 630279 607757 604075 595345 587677 581744 580896 582985 591899 589576 590808 591035 582181 578352 567959 561869 559946 565115 560474 562079 568520 582574 580238 578850 586705 593174 600075 607397 573076 586555 580762 602285 595091 578851 569945 546237 535257 565947 584144 556381 1.91162e+007 1.13386e+007 1.15017e+007 1.21507e+007 1.30604e+007 1.40128e+007 1.48764e+007 1.55952e+007 1.61615e+007 1.65917e+007 1.69106e+007 1.71434e+007 1.73119e+007 1.74334e+007 1.75209e+007 1.75841e+007 1.76299e+007 1.76633e+007 1.76878e+007 1.77059e+007 1.77193e+007 1.77293e+007 1.77368e+007 1.77425e+007 1.77468e+007 1.77501e+007 1.77526e+007 1.77545e+007 1.77559e+007 1.7757e+007 1.77579e+007 1.77585e+007 1.7759e+007 1.77594e+007 1.77597e+007 1.776e+007 1.77601e+007 1.77603e+007 1.77604e+007 1.77605e+007 1.77605e+007 1.77606e+007 1.77606e+007 1.77607e+007 1.77607e+007 1.77607e+007 1.77607e+007 1.77607e+007 1.77607e+007 1.77607e+007 1.77607e+007 1.77607e+007 1.77607e+007 1.77608e+007 1.77608e+007 1.77608e+007 1.77608e+007 1.77608e+007 1.77608e+007 1.77608e+007 1.77608e+007 1.77608e+007 1.77608e+007 1.77608e+007 1.77608e+007 1.77608e+007 1.77608e+007 1.77608e+007 1.77608e+007 1.77608e+007 1.77608e+007 1.77608e+007 1.77608e+007 1.77608e+007 1.77608e+007 1.77608e+007 1.77608e+007 1.77608e+007 1.77608e+007 1.77608e+007 1.77608e+007 1.77608e+007 1.77608e+007 1.77608e+007 1.77608e+007 1.77608e+007 1.77608e+007 1.77608e+007 1.77608e+007 1.77608e+007 1.77608e+007 1.77608e+007 1.77608e+007 1.77608e+007 1.77608e+007 1.77608e+007 1.77608e+007 1.77608e+007 1.77608e+007 1.77608e+007 0 0 0 0 0 0 0 0 0 0 0 0 0 0 0 0 0 0 0 0 0 0 0 0 0
#obs survey bio
 2.67988e+006 3.4828e+006 1.68731e+006 2.20586e+006 1.84668e+006 1.82706e+006 1.24064e+006 1.23407e+006 935232 990015 1.12697e+006 621824 667020 659017 642543 684066 902070 536518 492776 525274 574566 627660 392941 424486 441464 541990 559676 341602 638894 513725 527450 622748 641451 730300 655107 503320 707907 483117 434651 466781 570213 461319 419646 536899 702875 607599 525776 622238 500148 738725 571776 571366 641374 507940 407360 536497 687066 541198 497013
#pred catch bio
 242549 265973 295398 291301 318769 274323 284773 270291 230341 245096 224466 201989 171320 161552 152459 139193 135377 126136 118499 119525 101455 103787 101122 98421.4 93619.4 91269 86131.6 95393.7 90579.8 88415.7 92200.8 86054.5 92972.2 91389.5 89223.4 84297.3 93052.4 88346.7 86001.1 81942.5 96993.1 96239.1 88683.1 90066.3 89821.6 90026.9 124153 83432.4 99677.3 76314.5 100056 106596 100300 112847 102133 68469.4 79185.5 113823 93227.3 74355.5 87277.2 87127.9 90743.2 97024.3 103856 110013 115030 118859 121654 123628 124986 125904 126515 126917 127179 127348 127457 127527 127571 127599 127617 127629 127636 127640 127643 127645 127646 127647 127647 127647 127648 127648 127648 127648 127648 127648 127648 127648 127648 127648 127648 127648 127648 127648 127648 127648 127648 127648 127648 127648 127648 127648 127648 127648 127648 127648 127648 127648 127648 127648 127648 127648 127648 127648 127648 127648 127648 127648 127648 127648 127648 127648 127648 127648 127648 127648 127648 127648 127648 127648 127648 127648 127648 127648 127648 127648 127648 127648 127648 127648 127648 127648 127648 127648 127648 127648 127648 127648 127648 0 0 0 0 0 0 0 0 0 0 0 0 0 0 0 0 0 0 0 0 0 0 0 0 0
#obs catch bio
 224223 266586 297617 293812 324150 278404 290641 276266 235995 252639 230958 208520 176743 166776 156589 141940 136686 128113 120588 122040 103351 105030 102618 99761 94912.2 92589 87237.3 97577.9 92250 89850.1 93538.7 86846 93583.8 91413.5 88929.2 84212.3 93152.9 88447.5 86288.3 82498.2 97872.2 97220.2 89443 90758.2 90154.4 90056 126233 83479.7 100941 76334.7 100454 107145 100192 113217 103136 68578.4 79260.5 114863 93103.3
#pred cpue bio
 3.65476e+006 3.31131e+006 2.96707e+006 2.61892e+006 2.30631e+006 1.99337e+006 1.75487e+006 1.5258e+006 1.32955e+006 1.19114e+006 1.04524e+006 927120 836817 782697 738710 700767 672087 641859 617823 599886 578224 575087 567034 559761 554066 553219 555193 563809 561777 563627 564810 557056 553106 541837 535190 533257 538322 533820 535158 540965 554281 551969 550666 558391 564839 571624 578618 545119 558090 552791 574110 567301 551246 542175 518745 507784 537892 556532 530525 1.82569e+007 1.08387e+007 1.08868e+007 1.14076e+007 1.22728e+007 1.32148e+007 1.40763e+007 1.47948e+007 1.5361e+007 1.57912e+007 1.61101e+007 1.63429e+007 1.65114e+007 1.66329e+007 1.67204e+007 1.67836e+007 1.68294e+007 1.68628e+007 1.68873e+007 1.69054e+007 1.69188e+007 1.69288e+007 1.69363e+007 1.6942e+007 1.69463e+007 1.69496e+007 1.6952e+007 1.69539e+007 1.69554e+007 1.69565e+007 1.69574e+007 1.6958e+007 1.69585e+007 1.69589e+007 1.69592e+007 1.69594e+007 1.69596e+007 1.69598e+007 1.69599e+007 1.696e+007 1.696e+007 1.69601e+007 1.69601e+007 1.69601e+007 1.69602e+007 1.69602e+007 1.69602e+007 1.69602e+007 1.69602e+007 1.69602e+007 1.69602e+007 1.69602e+007 1.69602e+007 1.69602e+007 1.69602e+007 1.69602e+007 1.69602e+007 1.69602e+007 1.69602e+007 1.69602e+007 1.69602e+007 1.69602e+007 1.69602e+007 1.69602e+007 1.69602e+007 1.69602e+007 1.69602e+007 1.69602e+007 1.69602e+007 1.69602e+007 1.69602e+007 1.69602e+007 1.69602e+007 1.69602e+007 1.69602e+007 1.69602e+007 1.69602e+007 1.69602e+007 1.69602e+007 1.69602e+007 1.69602e+007 1.69602e+007 1.69602e+007 1.69602e+007 1.69602e+007 1.69602e+007 1.69602e+007 1.69602e+007 1.69602e+007 1.69602e+007 1.69602e+007 1.69602e+007 1.69602e+007 1.69602e+007 1.69602e+007 1.69602e+007 1.69602e+007 1.69602e+007 1.69602e+007 1.69602e+007 0 0 0 0 0 0 0 0 0 0 0 0 0 0 0 0 0 0 0 0 0 0 0 0 0
#obs cpue bio
 2.73691e+006 2.68974e+006 2.94056e+006 2.17316e+006 1.7766e+006 1.52188e+006 1.83404e+006 1.45473e+006 883203 1.09785e+006 727303 761910 563794 617600 810977 758390 858266 414427 511875 510786 362986 852767 538121 674186 534353 452291 433741 454668 458931 566285 694450 549842 693380 633921 628432 441573 435139 539773 560025 368708 594841 522893 633013 625761 598738 576915 377929 585162 445718 521712 725007 498231 638530 542324 428365 440238 587417 534523 812910
#pred surv len freq
 0.00554781 0.0090168 0.013583 0.0192162 0.0257536 0.0328071 0.0397393 0.0458231 0.0505188 0.0536562 0.0554011 0.0560842 0.0560442 0.0555498 0.054778 0.0538156 0.0526769 0.0513226 0.0496596 0.0475126 0.0446052 0.040617 0.0353521 0.0289491 0.0219703
 0.00591706 0.00950865 0.0141295 0.0197047 0.0260809 0.0329519 0.0398037 0.0460012 0.0509969 0.0545029 0.056517 0.0572405 0.0569834 0.0560874 0.0548573 0.053503 0.0521097 0.050639 0.0489407 0.0467632 0.0437813 0.0396825 0.0343278 0.0279201 0.0210497
 0.00634861 0.0102058 0.0151623 0.0211133 0.0278436 0.0349519 0.0418235 0.0477741 0.0523101 0.0552936 0.056885 0.0573615 0.0569842 0.0559742 0.0545395 0.0528783 0.0511402 0.0493711 0.0474702 0.0451844 0.0421599 0.0380662 0.0327745 0.0265116 0.0198725
 0.00669538 0.010777 0.0160363 0.0223692 0.0295446 0.0371168 0.0443891 0.05057 0.0550672 0.0576966 0.0586589 0.0583557 0.0572078 0.0555576 0.0536452 0.0516223 0.0495733 0.0475147 0.0453635 0.0429048 0.0398143 0.0357745 0.0306577 0.0246802 0.0184076
 0.00698857 0.0112509 0.0167459 0.0233679 0.0308795 0.0388179 0.0464538 0.0529465 0.0576441 0.0603003 0.0610628 0.0603098 0.0584917 0.0560402 0.0533173 0.0505789 0.047958 0.0454665 0.0429983 0.0403303 0.0371535 0.0331732 0.0282711 0.0226443 0.0168087
 0.00737377 0.0118602 0.0176314 0.0245675 0.0324116 0.0406739 0.048589 0.0552781 0.0600609 0.0626784 0.0632741 0.0622177 0.0599462 0.0568887 0.0534362 0.0499118 0.0465358 0.0433974 0.0404372 0.0374531 0.0341464 0.0302306 0.0255838 0.0203717 0.0150445
 0.00771511 0.0123991 0.0184127 0.0256224 0.0337531 0.0422902 0.0504353 0.0572748 0.0621048 0.0646622 0.0651019 0.063808 0.0612219 0.057764 0.0538132 0.0496943 0.0456588 0.0418574 0.038309 0.0348842 0.0313385 0.0274123 0.0229783 0.0181594 0.0133293
 0.00811836 0.0130395 0.0193474 0.0268921 0.0353724 0.0442341 0.0526262 0.0595819 0.0643658 0.0667182 0.0668289 0.0651294 0.0621026 0.0581924 0.05378 0.0491782 0.044628 0.0402897 0.0362235 0.0323686 0.0285565 0.024585 0.0203419 0.0159121 0.0115872
 0.0084983 0.0136457 0.0202379 0.0281122 0.036945 0.0461454 0.0548102 0.0619156 0.0666838 0.0688441 0.0686071 0.0664476 0.0629005 0.0584573 0.0535323 0.0484503 0.0434466 0.0386728 0.034196 0.0299916 0.0259514 0.021934 0.0178575 0.0137844 0.00993282
 0.00867588 0.0139444 0.0207064 0.0288026 0.0379034 0.0473949 0.0563342 0.06365 0.0685242 0.0706632 0.0702731 0.0678396 0.0639194 0.0590357 0.0536383 0.0480843 0.0426306 0.0374398 0.0325884 0.028073 0.023824 0.0197461 0.0157859 0.0119932 0.00852942
 0.00898569 0.014432 0.0214106 0.0297495 0.0391026 0.0488346 0.0579725 0.0654105 0.0703013 0.0723368 0.0717268 0.0689741 0.0646614 0.0593414 0.0534931 0.0474992 0.0416364 0.0360809 0.0309209 0.0261694 0.0217828 0.017696 0.0138741 0.0103552 0.00725214
 0.00928763 0.0149076 0.0220971 0.03067 0.0402605 0.0502065 0.0595015 0.0670068 0.0718555 0.0737418 0.0728948 0.0698426 0.0651901 0.0595073 0.0532878 0.0469288 0.0407216 0.0348565 0.0294368 0.0244933 0.0200047 0.0159281 0.0122392 0.00896284 0.00617061
 0.00938499 0.0150881 0.0224094 0.0311714 0.0410021 0.0512097 0.0607377 0.0683932 0.0732732 0.0750655 0.0740189 0.0706944 0.0657298 0.059721 0.053179 0.0465111 0.0400155 0.0338901 0.0282498 0.0231419 0.0185653 0.0144957 0.010916 0.00783791 0.00529828
 0.00923339 0.0148702 0.0221369 0.0308796 0.0407484 0.0510666 0.060781 0.0686863 0.0738467 0.0758993 0.0750384 0.071785 0.0667659 0.0605936 0.0538115 0.0468614 0.0400701 0.0336576 0.0277575 0.0224365 0.0177136 0.0135819 0.0100311 0.00706246 0.00468487
 0.00909842 0.0146581 0.0218329 0.0304792 0.0402639 0.0505341 0.0602658 0.068279 0.0736454 0.0759829 0.07544 0.072479 0.067671 0.0615913 0.0547733 0.0476744 0.0406542 0.0339719 0.0277978 0.0222305 0.0173158 0.0130662 0.00947969 0.0065504 0.00426491
 0.00906036 0.0145862 0.0217063 0.0302731 0.0399563 0.0501172 0.0597572 0.0677266 0.0731235 0.0755788 0.075237 0.0725371 0.0680094 0.062179 0.0555313 0.0484925 0.0414159 0.0345796 0.0281905 0.0223906 0.0172661 0.0128606 0.00918838 0.00624266 0.00399385
 0.00920443 0.0147779 0.0219158 0.0304449 0.0400227 0.0500214 0.0594734 0.0672692 0.0725431 0.0749519 0.0746535 0.0720867 0.0677671 0.0621883 0.0557915 0.0489551 0.041994 0.0351685 0.0286934 0.0227411 0.0174405 0.0128762 0.00909165 0.00609075 0.00383694
 0.00939859 0.0150791 0.0223395 0.0309884 0.0406574 0.0506857 0.0600726 0.0676898 0.0726853 0.074767 0.0741657 0.0713878 0.0669872 0.0614598 0.0552182 0.0485931 0.0418452 0.0351867 0.0288032 0.0228631 0.0175149 0.0128768 0.00902534 0.00598524 0.0037245
 0.00946396 0.015193 0.0225243 0.0312688 0.0410526 0.0511976 0.0606737 0.0683179 0.0732499 0.075168 0.0743199 0.0712549 0.0665857 0.0608654 0.0545432 0.0479531 0.0413276 0.0348312 0.0286 0.0227672 0.0174702 0.012838 0.00897018 0.00591395 0.00364968
 0.00942782 0.0151444 0.022471 0.0312268 0.041045 0.0512511 0.0608128 0.0685572 0.0735848 0.0755674 0.0747249 0.0715892 0.0667773 0.0608712 0.0543666 0.0476442 0.0409644 0.0344916 0.0283357 0.0225927 0.0173688 0.0127791 0.00892664 0.00587182 0.00360752
 0.00937507 0.0150712 0.0223846 0.0311424 0.0409833 0.0512328 0.0608542 0.068668 0.0737679 0.0758171 0.0750243 0.0719065 0.0670667 0.0610814 0.0544553 0.0475948 0.0407951 0.0342489 0.0280771 0.0223652 0.0171956 0.0126598 0.00884748 0.00581745 0.00356785
 0.00935613 0.0150132 0.0222486 0.0308806 0.0405571 0.0506387 0.0601432 0.0679429 0.0731546 0.075425 0.0749152 0.0720843 0.0674847 0.0616585 0.0550954 0.0482072 0.0413125 0.0346398 0.0283449 0.0225369 0.017304 0.0127305 0.00889468 0.00584733 0.00358395
 0.00942343 0.0151148 0.0223849 0.0310409 0.0407153 0.0507518 0.060156 0.0678049 0.0728453 0.0749753 0.0744081 0.0716295 0.0671787 0.0615516 0.0551808 0.0484321 0.041603 0.0349265 0.0285816 0.022706 0.0174111 0.0127924 0.00892841 0.00586491 0.00359231
 0.00946885 0.0151863 0.0224877 0.0311776 0.0408838 0.0509426 0.0603487 0.0679657 0.072931 0.0749442 0.0742379 0.071333 0.0668087 0.0611867 0.0548976 0.0482771 0.0415789 0.0349994 0.0287013 0.0228278 0.0175082 0.0128572 0.00896566 0.00588361 0.00360043
 0.00955243 0.0153072 0.0226421 0.0313528 0.0410624 0.0511088 0.0604925 0.0680824 0.0730161 0.0749883 0.0742248 0.0712451 0.0666374 0.0609438 0.0546187 0.0480124 0.0413745 0.0348796 0.0286618 0.0228435 0.0175484 0.0128983 0.00899603 0.00590153 0.00360906
 0.00957675 0.0153478 0.0227044 0.031441 0.0411765 0.0512414 0.0606279 0.0681996 0.0730963 0.0750223 0.0742143 0.0711978 0.0665591 0.0608363 0.054484 0.04786 0.0412245 0.034756 0.0285823 0.0228112 0.0175524 0.0129211 0.00902229 0.00592243 0.00362229
 0.00959839 0.0153772 0.0227384 0.0314737 0.0412023 0.0512583 0.0606391 0.0682117 0.0731148 0.0750469 0.074239 0.0712141 0.0665604 0.0608193 0.0544484 0.0478081 0.0411616 0.0346919 0.0285291 0.0227786 0.0175429 0.0129296 0.00903967 0.00594039 0.00363611
 0.009371 0.0150527 0.0223337 0.0310324 0.0407821 0.0509105 0.0603932 0.0680736 0.073076 0.0750957 0.0743655 0.0714079 0.0668068 0.0610978 0.0547354 0.0480817 0.0414061 0.0348998 0.0287004 0.0229183 0.0176571 0.0130224 0.00911281 0.00599449 0.00367276
 0.009111 0.014665 0.0218171 0.0304133 0.0401127 0.0502616 0.0598441 0.0676982 0.0729243 0.0751769 0.0746445 0.0718199 0.0672818 0.0615805 0.0551915 0.0484936 0.0417659 0.0352045 0.0289508 0.0231184 0.0178131 0.0131412 0.00920049 0.00605628 0.00371354
 0.00883814 0.0142359 0.0212001 0.0295945 0.0391045 0.049114 0.0586522 0.0665967 0.072061 0.0746736 0.0745626 0.0721471 0.0679427 0.0624627 0.0561767 0.0494815 0.0426858 0.0360152 0.029634 0.0236715 0.0182432 0.0134615 0.00942756 0.0062084 0.00380889
 0.00870868 0.0140126 0.0208411 0.0290542 0.0383466 0.0481304 0.0574821 0.0653333 0.0708397 0.0736454 0.073863 0.0718681 0.068114 0.0630463 0.0570774 0.0505718 0.0438359 0.0371174 0.0306151 0.0244925 0.0188932 0.0139489 0.00977284 0.00643814 0.00395143
 0.00931165 0.0148507 0.0218382 0.0300475 0.0391274 0.048513 0.0573627 0.0647116 0.0698038 0.072341 0.0724634 0.0705501 0.0670328 0.062311 0.0567331 0.0505952 0.0441483 0.0376104 0.0311793 0.02504 0.0193675 0.0143241 0.0100468 0.00662335 0.00406721
 0.00978763 0.0156119 0.0229518 0.0315445 0.0409695 0.0505562 0.0593428 0.0662842 0.0706456 0.0722681 0.0714992 0.0689059 0.0650225 0.0602534 0.0548814 0.0491057 0.0430787 0.036937 0.0308249 0.0249057 0.0193604 0.0143735 0.0101086 0.00667617 0.00410453
 0.00969059 0.0155488 0.0230314 0.031926 0.0418188 0.0519753 0.0613018 0.0685924 0.0729779 0.0742392 0.0727616 0.0692434 0.0644102 0.0588575 0.0529989 0.04707 0.0411719 0.0353396 0.0296078 0.0240535 0.0188073 0.0140379 0.00991649 0.00657157 0.00405015
 0.00956584 0.0153461 0.0227335 0.0315349 0.0413776 0.0515889 0.0611381 0.0688421 0.0737749 0.0755748 0.0744467 0.0709498 0.0657772 0.0596154 0.053051 0.0465042 0.040205 0.0342278 0.0285657 0.0232096 0.0182012 0.0136463 0.00968661 0.00644795 0.0039888
 0.00956972 0.0153345 0.0226824 0.0314106 0.0411459 0.0512321 0.0606761 0.0683483 0.0733761 0.0754261 0.0746792 0.0716056 0.0667658 0.0607244 0.0540181 0.0471169 0.0403766 0.0340116 0.028109 0.02268 0.0177269 0.0132903 0.00945551 0.00631613 0.00392216
 0.00951592 0.0152545 0.0225751 0.0312767 0.0409844 0.0510357 0.060431 0.0680427 0.0730166 0.0750545 0.0743781 0.0714822 0.0669115 0.0611656 0.0546858 0.0478603 0.0410201 0.0344268 0.0282595 0.0226179 0.0175499 0.0130916 0.00929297 0.00620834 0.00386209
 0.00968907 0.0155033 0.0228888 0.0316247 0.0413242 0.0513261 0.0606418 0.0681546 0.0730167 0.0749344 0.0741411 0.0711562 0.0665567 0.0608628 0.0545065 0.0478303 0.0411027 0.03454 0.0283191 0.0225787 0.01742 0.0129157 0.00912103 0.00607301 0.00377254
 0.00985428 0.0157549 0.0232344 0.0320566 0.0418169 0.0518369 0.0611128 0.0685221 0.0732258 0.0749558 0.0739787 0.0708428 0.0661429 0.0604083 0.0540727 0.0474704 0.0408464 0.0343819 0.0282226 0.022497 0.0173213 0.0127952 0.00899512 0.00596295 0.00369131
 0.00982615 0.0157337 0.0232474 0.0321424 0.0420137 0.0521634 0.0615525 0.0690207 0.0737053 0.0753369 0.0742024 0.0708829 0.0660082 0.0601361 0.0537177 0.0470922 0.0404971 0.0340946 0.0280057 0.0223373 0.017196 0.0126862 0.00889656 0.00587841 0.00362636
 0.0096489 0.0154691 0.0228946 0.031721 0.0415642 0.0517437 0.0612314 0.0688642 0.0737566 0.0755967 0.0746225 0.0713793 0.0664894 0.0605313 0.0539931 0.0472508 0.0405674 0.034114 0.0280055 0.0223345 0.0171935 0.01268 0.00888322 0.00585918 0.00360588
 0.00962263 0.0154286 0.0228381 0.0316488 0.0414799 0.0516551 0.0611516 0.0688126 0.0737559 0.0756671 0.0747723 0.0715971 0.0667419 0.0607708 0.0541728 0.0473409 0.0405641 0.0340373 0.0278879 0.0222074 0.0170782 0.0125857 0.00881048 0.00580521 0.0035675
 0.0096139 0.0154121 0.0228093 0.0316024 0.0414114 0.0515639 0.0610432 0.0686992 0.0736552 0.0755992 0.0747557 0.0716446 0.0668553 0.060937 0.0543637 0.0475206 0.0407003 0.0341122 0.0279027 0.022178 0.017026 0.0125289 0.00876015 0.00576581 0.0035393
 0.009532 0.0152842 0.0226266 0.0313613 0.0411145 0.0512219 0.0606772 0.0683404 0.0733415 0.0753678 0.0746364 0.0716541 0.0669952 0.0611929 0.0547067 0.0479102 0.0410912 0.0344636 0.028187 0.0223854 0.0171625 0.01261 0.00880362 0.00578641 0.00354747
 0.0095415 0.0152868 0.0226072 0.031298 0.0409854 0.0510142 0.0603951 0.0680075 0.0729946 0.0750483 0.0743816 0.0714927 0.0669447 0.0612586 0.05488 0.0481691 0.0414025 0.0347885 0.0284888 0.0226374 0.0173525 0.0127397 0.00888381 0.00583137 0.00357024
 0.00961696 0.015394 0.022739 0.031436 0.0411023 0.0510795 0.060382 0.0678988 0.0727888 0.0747628 0.0740521 0.0711661 0.0666677 0.0610675 0.0547943 0.04819 0.0415147 0.0349639 0.0286933 0.022838 0.0175245 0.0128704 0.00897259 0.00588535 0.00359964
 0.00950456 0.0152468 0.0225822 0.0313127 0.0410581 0.0511403 0.0605368 0.0681003 0.0729713 0.0748686 0.0740513 0.0710627 0.0664938 0.06087 0.0546204 0.0480757 0.0414774 0.0350019 0.0287887 0.0229642 0.0176544 0.0129835 0.00905823 0.00594253 0.00363348
 0.00973178 0.0156002 0.0230844 0.0319745 0.0418768 0.0520968 0.0615885 0.0691734 0.073961 0.0756513 0.0745099 0.0711177 0.0661287 0.0601391 0.0536347 0.0469722 0.0403858 0.0340199 0.027972 0.0223293 0.0171891 0.0126599 0.00884373 0.00580696 0.00355215
 0.00942492 0.0151416 0.0224706 0.0312328 0.0410632 0.0512891 0.0608793 0.0686613 0.0737338 0.0757617 0.0749525 0.0718212 0.0669705 0.0609796 0.0543577 0.0475143 0.0407427 0.0342304 0.028091 0.0224042 0.0172484 0.0127138 0.00889155 0.00584514 0.0035789
 0.00943634 0.0151367 0.0224211 0.0311009 0.0408153 0.0509155 0.0604096 0.068164 0.073298 0.0754708 0.0748615 0.0719459 0.0672855 0.0614242 0.0548492 0.0479687 0.0410984 0.0344627 0.0282121 0.0224485 0.0172537 0.0127074 0.00888697 0.0058452 0.00358171
 0.00937786 0.015023 0.0222155 0.0307576 0.0402906 0.0501864 0.0594931 0.0671271 0.0722528 0.0745545 0.0742084 0.071657 0.0674042 0.061925 0.0556448 0.0489327 0.0420966 0.0353834 0.0289851 0.023049 0.017692 0.0130125 0.00909132 0.00597688 0.00366253
 0.00956008 0.015308 0.0226204 0.0312833 0.0409123 0.0508445 0.0600904 0.0675424 0.0723746 0.0743234 0.0736457 0.0708639 0.0665318 0.0611281 0.0550392 0.0485694 0.04196 0.0354113 0.0290989 0.023182 0.0178041 0.0130901 0.00913798 0.00600244 0.00367594
 0.00974393 0.0156033 0.0230573 0.0318849 0.0416869 0.0517736 0.0611161 0.0685632 0.0732562 0.0749252 0.0738564 0.0706338 0.0658918 0.0601871 0.0539554 0.0475058 0.0410416 0.0347005 0.028597 0.0228503 0.0175913 0.0129524 0.00904677 0.0059419 0.00363733
 0.00982559 0.015735 0.023254 0.0321613 0.0420559 0.0522435 0.0616849 0.0692117 0.0739429 0.0755846 0.0744031 0.0709766 0.0659563 0.0599415 0.0534273 0.0467809 0.0402389 0.0339363 0.0279534 0.0223612 0.0172495 0.0127281 0.00890555 0.00585562 0.00358631
 0.0099357 0.0159247 0.0235585 0.0326169 0.0426888 0.0530531 0.0626307 0.0702139 0.0749001 0.0763989 0.074999 0.0713049 0.0659901 0.0596726 0.0528711 0.045984 0.0392818 0.0329234 0.02699 0.0215292 0.0165916 0.0122479 0.00857991 0.00564927 0.00346397
 0.00973455 0.0156428 0.0232192 0.032274 0.0424167 0.0529276 0.0627096 0.0705234 0.0754283 0.0770953 0.0757814 0.0720749 0.0666522 0.0601509 0.0531186 0.0459864 0.0390593 0.0325279 0.0264966 0.021019 0.0161323 0.01188 0.00831435 0.0054751 0.00335951
 0.00925868 0.0148858 0.022116 0.0307894 0.0405689 0.0508162 0.060534 0.0685657 0.0739893 0.0764077 0.0759413 0.0730243 0.0682098 0.0620688 0.0551409 0.0478955 0.0407037 0.0338317 0.0274529 0.0216713 0.0165499 0.0121353 0.00846642 0.00556478 0.00341179
 0.00889985 0.0143317 0.0213356 0.0297707 0.0393175 0.0493556 0.0589145 0.0668799 0.0723823 0.0750686 0.0750703 0.072781 0.0686616 0.0631631 0.056716 0.0497245 0.0425528 0.0355107 0.0288442 0.0227337 0.0173033 0.0126352 0.00877934 0.00575082 0.00351717
 0.00873196 0.0140987 0.0210577 0.0294884 0.0390757 0.0491788 0.0587879 0.0667485 0.0721715 0.0747192 0.0745737 0.0721991 0.0681187 0.0628067 0.0566606 0.0500059 0.0431156 0.0362343 0.02959 0.0233905 0.0178112 0.0129852 0.00899643 0.0058732 0.00358052
#obs surv len freq
 0.0049718 0.00814423 0.0123886 0.0177184 0.0240066 0.0308862 0.0377294 0.0438113 0.0485809 0.0518386 0.0537056 0.0544705 0.0544552 0.0539578 0.0532374 0.0525056 0.0519048 0.0514682 0.0510566 0.0503012 0.0486201 0.045383 0.0402132 0.0332798 0.0253648
 0.0051919 0.00850288 0.0129302 0.0184853 0.0250321 0.0321823 0.0392742 0.0455422 0.0504021 0.0536361 0.0553639 0.0558824 0.0555278 0.0546145 0.0534211 0.0521815 0.0510655 0.0501389 0.0493008 0.0482233 0.0463638 0.0431203 0.0381205 0.0315043 0.0239923
 0.00541866 0.00887683 0.0135028 0.0193076 0.0261447 0.0335994 0.0409677 0.0474371 0.0523879 0.0555891 0.057166 0.0574307 0.0567346 0.0554055 0.0537341 0.0519679 0.0502958 0.0488124 0.0474579 0.045959 0.0438321 0.0405239 0.0356794 0.029409 0.0223597
 0.00566268 0.00927353 0.0141002 0.0201514 0.027271 0.0350224 0.0426657 0.0493456 0.0544061 0.0575965 0.0590406 0.0590615 0.0580281 0.0562859 0.0541403 0.0518503 0.0496163 0.0475527 0.0456368 0.0436523 0.0411878 0.0377558 0.0330341 0.0271102 0.0205523
 0.00588849 0.00964865 0.0146794 0.0209905 0.0284148 0.0364868 0.0444207 0.0513109 0.0564649 0.0596208 0.0609118 0.0606799 0.0593117 0.0571673 0.054563 0.0517659 0.0489846 0.0463481 0.0438638 0.0413694 0.0385283 0.0349301 0.0302982 0.0247065 0.0186455
 0.00612927 0.0100391 0.0152657 0.0218162 0.0295147 0.0378755 0.0460789 0.053178 0.0584435 0.0615919 0.0627529 0.06228 0.0605805 0.0580365 0.0549827 0.0516972 0.0483944 0.0452117 0.0421794 0.0391825 0.0359563 0.0321694 0.0275986 0.0223131 0.0167322
 0.0063789 0.0104482 0.0158872 0.0227003 0.0306978 0.0393639 0.0478332 0.0551105 0.0604339 0.0635131 0.0644924 0.063748 0.0617077 0.0587701 0.0552825 0.051532 0.0477397 0.0440502 0.0405115 0.0370482 0.0334598 0.0294904 0.0249719 0.0199746 0.014854
 0.00662432 0.0108522 0.0165043 0.0235839 0.0318893 0.040875 0.0496277 0.0570982 0.0624837 0.0654788 0.0662397 0.0651716 0.0627373 0.0593669 0.0554293 0.0512229 0.046971 0.04282 0.0388292 0.0349537 0.0310483 0.0269242 0.0224646 0.0177437 0.0130601
 0.00683293 0.0111942 0.0170247 0.0243271 0.0328915 0.0421514 0.0511584 0.0588213 0.064301 0.0672717 0.0678867 0.0665625 0.0637834 0.0600068 0.0556302 0.0509749 0.0462781 0.0416939 0.0372914 0.0330499 0.0288677 0.0246117 0.0202085 0.0157362 0.0114439
 0.00706027 0.0115667 0.0175903 0.0251312 0.0339668 0.0435025 0.0527473 0.060564 0.0660816 0.0689662 0.0693844 0.0677755 0.0646477 0.06048 0.0556886 0.0506118 0.0455009 0.0405215 0.0357554 0.0312035 0.0267997 0.0224544 0.0181283 0.0138994 0.00997212
 0.00725339 0.0118852 0.0180778 0.0258312 0.0349132 0.0447054 0.054179 0.0621527 0.0677217 0.0705381 0.0707754 0.0688943 0.0654304 0.0608892 0.0557098 0.0502463 0.0447608 0.0394282 0.0343425 0.029525 0.0249401 0.0205338 0.0162916 0.012288 0.00868695
 0.00742275 0.0121618 0.0184967 0.0264258 0.0357096 0.0457122 0.0553763 0.0634877 0.0691136 0.0718922 0.0719971 0.0698998 0.0661535 0.0612856 0.0557572 0.0499421 0.0441174 0.038469 0.0331028 0.0280578 0.0233236 0.0188745 0.0147145 0.0109119 0.00759448
 0.00753943 0.0123539 0.0187904 0.0268474 0.0362806 0.0464417 0.056253 0.0644767 0.070161 0.0729342 0.072969 0.0707407 0.0668086 0.0617089 0.055914 0.0498119 0.0436951 0.037765 0.0321445 0.0268917 0.02202 0.0175269 0.01343 0.00979059 0.00670485
 0.0076044 0.0124574 0.0189428 0.0270583 0.0365593 0.0467965 0.0566893 0.0649942 0.0707507 0.0735771 0.0736355 0.0713921 0.0673996 0.062191 0.0562403 0.0499415 0.0435982 0.0374278 0.0315732 0.0261167 0.0210974 0.0165364 0.012464 0.00893546 0.00602062
 0.00766346 0.0125467 0.0190646 0.0272111 0.0367384 0.0469974 0.0569091 0.0652331 0.0710124 0.0738677 0.07396 0.0717496 0.0677777 0.062563 0.0565671 0.0501767 0.0436965 0.0373533 0.0313081 0.025668 0.0205006 0.0158526 0.0117697 0.00830512 0.00550806
 0.00772308 0.0126369 0.0191877 0.027364 0.0369134 0.0471831 0.057092 0.0654007 0.0711564 0.0739887 0.0740687 0.0718629 0.0679118 0.0627244 0.0567464 0.0503478 0.0438206 0.037388 0.0312188 0.0254391 0.0201434 0.0154056 0.0112902 0.00785396 0.00513247
 0.00775624 0.0126874 0.0192574 0.027452 0.0370159 0.0472937 0.0572023 0.0655009 0.0712383 0.0740485 0.0741094 0.0718948 0.0679492 0.0627815 0.0568306 0.0504543 0.0439297 0.0374683 0.031235 0.0253641 0.0199692 0.0151488 0.0109882 0.00755267 0.00487166
 0.007807 0.012763 0.0193581 0.0275734 0.0371497 0.0474296 0.0573299 0.0656102 0.0713209 0.0740988 0.0741265 0.0718831 0.0679184 0.0627449 0.0568018 0.0504423 0.0439346 0.0374781 0.0312282 0.0253167 0.0198655 0.0149894 0.0107916 0.00734872 0.00468953
 0.00784489 0.0128209 0.0194381 0.0276743 0.0372667 0.0475543 0.0574505 0.0657135 0.0713953 0.0741378 0.0741302 0.0718577 0.0678736 0.0626909 0.0567483 0.0503974 0.0439025 0.0374568 0.0312079 0.0252828 0.019804 0.0148947 0.0106705 0.0072179 0.00456853
 0.0078717 0.0128622 0.0194961 0.027749 0.0373561 0.0476541 0.0575536 0.0658106 0.071476 0.074193 0.0741548 0.0718514 0.0678407 0.0626393 0.0566875 0.0503362 0.0438476 0.0374109 0.0311687 0.025243 0.0197547 0.0148301 0.0105915 0.00713257 0.00448836
 0.00789356 0.0128941 0.0195371 0.0277962 0.0374053 0.0477012 0.0575961 0.0658475 0.0715072 0.0742183 0.074173 0.0718608 0.0678398 0.0626275 0.0566659 0.050308 0.0438168 0.0373811 0.0311409 0.0252153 0.0197228 0.0147903 0.0105434 0.00707997 0.0044379
 0.0079005 0.0129045 0.0195511 0.027813 0.0374231 0.0477174 0.0576078 0.0658521 0.071504 0.0742093 0.0741627 0.0718542 0.0678397 0.062634 0.0566764 0.0503189 0.0438255 0.0373861 0.0311419 0.0252117 0.0197133 0.0147735 0.0105194 0.00705126 0.00440874
 0.0079061 0.0129097 0.0195518 0.0278033 0.0373973 0.0476727 0.0575466 0.065782 0.0714355 0.0741523 0.0741246 0.0718386 0.0678476 0.0626634 0.0567229 0.0503763 0.0438867 0.0374446 0.0311927 0.0252516 0.0197406 0.0147879 0.0105221 0.00704524 0.00439787
 0.00788508 0.0128745 0.0194968 0.0277229 0.0372871 0.0475318 0.0573802 0.0656024 0.071261 0.074004 0.0740216 0.0717943 0.0678664 0.0627407 0.0568468 0.0505308 0.0440547 0.0376109 0.0313449 0.0253813 0.0198434 0.0148627 0.0105713 0.00707338 0.00441097
 0.00788136 0.0128649 0.0194758 0.027683 0.0372206 0.0474337 0.0572507 0.0654481 0.0710944 0.0738411 0.0738798 0.0716902 0.0678133 0.0627457 0.0569094 0.0506423 0.0442006 0.0377736 0.0315073 0.0255292 0.0199672 0.0149582 0.0106385 0.00711607 0.00443504
 0.00788555 0.0128687 0.0194759 0.027674 0.0371957 0.0473864 0.0571764 0.0653464 0.070969 0.0737009 0.073738 0.0715625 0.0677155 0.0626909 0.0569053 0.0506899 0.0442935 0.0378991 0.0316491 0.0256707 0.0200945 0.0150621 0.0107157 0.00716807 0.00446655
 0.00785034 0.0128138 0.0193976 0.0275706 0.0370677 0.047237 0.0570122 0.0651769 0.0708062 0.073557 0.0736235 0.0714855 0.0676816 0.0627035 0.0569652 0.050795 0.0444377 0.0380721 0.0318369 0.0258572 0.0202644 0.0152043 0.0108246 0.00724418 0.00451482
 0.00781063 0.0127487 0.0192989 0.027431 0.0368838 0.0470121 0.0567594 0.0649185 0.0705689 0.073365 0.0734931 0.0714235 0.0676869 0.06277 0.0570845 0.0509577 0.0446339 0.0382906 0.0320647 0.0260797 0.0204674 0.015376 0.0109585 0.00733981 0.00457701
 0.00779525 0.0127186 0.0192442 0.0273397 0.0367443 0.0468187 0.0565165 0.0646428 0.0702866 0.0731064 0.0732866 0.0712899 0.0676368 0.0628031 0.0571917 0.0511246 0.0448438 0.0385267 0.0323107 0.0263199 0.0206872 0.0155637 0.0111068 0.00744739 0.00464823
 0.00776365 0.0126687 0.0191716 0.0272406 0.0366154 0.0466574 0.0563224 0.0644196 0.0700444 0.0728627 0.0730646 0.0711151 0.0675315 0.062781 0.0572553 0.0512655 0.0450456 0.0387685 0.0325709 0.0265779 0.0209253 0.0157682 0.0112695 0.0075666 0.00472804
 0.00775011 0.012645 0.0191329 0.0271814 0.0365312 0.0465463 0.0561868 0.0642657 0.0698806 0.0726971 0.0729051 0.0709708 0.0674144 0.0627059 0.057236 0.0513104 0.045154 0.0389305 0.0327691 0.0267915 0.0211336 0.015954 0.0114215 0.00768038 0.00480562
 0.00934695 0.0148804 0.0218312 0.0299566 0.0388995 0.0481054 0.0567574 0.0639187 0.0688534 0.0712724 0.0713214 0.0693893 0.0659278 0.0613616 0.0560569 0.0503068 0.0443289 0.0382797 0.0322801 0.0264442 0.0209024 0.0158112 0.0113408 0.00763936 0.00478739
 0.00932237 0.0151381 0.0227437 0.0319868 0.0423992 0.0530436 0.0625476 0.0695144 0.0731203 0.0734357 0.0712207 0.0674205 0.0627669 0.0576745 0.0523343 0.0468387 0.0412555 0.0356531 0.0301071 0.0247074 0.0195678 0.0148318 0.0106597 0.00719418 0.00451623
 0.00896674 0.014577 0.0219531 0.0310138 0.0414173 0.0523912 0.0626893 0.070877 0.0758414 0.0771751 0.0752007 0.0707223 0.0647144 0.0580687 0.0514247 0.0451098 0.0391951 0.0336185 0.0283017 0.0232166 0.0184058 0.0139742 0.0100624 0.00680415 0.00427923
 0.00878378 0.0142681 0.0214678 0.0303012 0.0404456 0.0511817 0.0613606 0.0696736 0.0751141 0.0772845 0.0763592 0.0728441 0.0673805 0.0606633 0.053384 0.0461362 0.0393173 0.0330932 0.0274528 0.0223108 0.0176054 0.0133472 0.00961467 0.00650972 0.00410067
 0.00873581 0.0141799 0.0213153 0.0300524 0.0400644 0.050637 0.0606397 0.0688011 0.0741724 0.0764284 0.0758058 0.0728192 0.068022 0.0619249 0.0550097 0.0477441 0.0405559 0.0337777 0.0276027 0.0220872 0.0172074 0.0129329 0.00927189 0.00626578 0.00394654
 0.00871547 0.0141477 0.0212675 0.0299838 0.0399657 0.0504928 0.0604282 0.0684981 0.0737618 0.0759185 0.0752475 0.0723157 0.0677162 0.0619539 0.0554379 0.0485109 0.0414796 0.0346273 0.0281974 0.0223626 0.0172138 0.0127811 0.00907117 0.0060871 0.00381816
 0.00868331 0.0140991 0.0212013 0.0299012 0.03987 0.0503872 0.0603145 0.0683739 0.0736186 0.0757432 0.0750285 0.0720567 0.0674502 0.0617481 0.0553774 0.0486601 0.0418407 0.0351248 0.0287048 0.0227606 0.0174405 0.0128458 0.00902959 0.0060031 0.00373681
 0.00868388 0.0140941 0.0211828 0.0298591 0.0397951 0.0502765 0.0601745 0.0682201 0.0734689 0.07561 0.0749137 0.0719525 0.0673477 0.06165 0.0553062 0.048655 0.0419389 0.035335 0.0289934 0.0230613 0.0176859 0.0129977 0.00908988 0.00600095 0.00370717
 0.00866902 0.0140734 0.0211578 0.0298322 0.0397676 0.0502462 0.0601349 0.0681627 0.0733889 0.07551 0.0748042 0.0718469 0.0672562 0.0615775 0.0552556 0.0486339 0.0419616 0.0354154 0.0291319 0.0232373 0.017863 0.0131404 0.00917954 0.00604053 0.00371326
 0.00866688 0.0140693 0.0211506 0.0298209 0.0397521 0.0502278 0.0601159 0.0681454 0.0733728 0.0754909 0.0747755 0.0718038 0.0671992 0.0615124 0.0551924 0.0485836 0.041935 0.0354223 0.0291774 0.0233168 0.017961 0.0132354 0.00925343 0.00608572 0.00373326
 0.00864544 0.0140374 0.021108 0.0297694 0.0396948 0.0501685 0.0600586 0.0680942 0.0733319 0.0754638 0.0747635 0.0718047 0.0672079 0.0615231 0.0552014 0.0485915 0.041947 0.0354453 0.0292174 0.0233752 0.0180324 0.013309 0.00931715 0.00613185 0.00376063
 0.00861536 0.0139876 0.021032 0.0296616 0.0395529 0.0499972 0.0598714 0.0679124 0.0731796 0.0753607 0.07472 0.0718203 0.0672735 0.0616245 0.0553229 0.0487194 0.0420718 0.0355632 0.0293284 0.0234805 0.0181314 0.0133981 0.00939127 0.00618717 0.00379689
 0.00863041 0.0140116 0.0210668 0.0297074 0.0396071 0.0500526 0.0599165 0.0679338 0.0731667 0.0753113 0.0746417 0.0717282 0.0671846 0.0615516 0.0552723 0.0486911 0.0420622 0.0355676 0.0293434 0.0235041 0.0181615 0.0134316 0.00942393 0.0062149 0.00381722
 0.00860825 0.01398 0.0210276 0.0296652 0.0395685 0.0500238 0.0599016 0.0679329 0.0731759 0.0753233 0.0746486 0.0717248 0.0671705 0.0615324 0.055256 0.0486849 0.0420694 0.0355877 0.0293733 0.0235399 0.0181996 0.0134689 0.00945744 0.00624227 0.00383726
 0.00861062 0.0139798 0.0210199 0.029644 0.0395286 0.0499651 0.0598309 0.0678633 0.0731218 0.0752945 0.0746466 0.0717431 0.0671987 0.0615607 0.0552796 0.0487039 0.0420875 0.0356089 0.0293996 0.0235708 0.0182329 0.0135015 0.00948664 0.00626607 0.00385478
 0.00861062 0.0139798 0.0210199 0.029644 0.0395286 0.0499651 0.0598309 0.0678633 0.0731218 0.0752945 0.0746466 0.0717431 0.0671987 0.0615607 0.0552796 0.0487039 0.0420875 0.0356089 0.0293996 0.0235708 0.0182329 0.0135015 0.00948664 0.00626607 0.00385478
 0.00883595 0.0143377 0.0215407 0.0303443 0.0404017 0.0509684 0.0608789 0.0688348 0.0738873 0.0757528 0.0747516 0.0715085 0.0666839 0.0608484 0.0544563 0.0478477 0.0412612 0.0348581 0.028753 0.0230418 0.0178222 0.0132 0.00927847 0.00613177 0.00377442
 0.00856958 0.01394 0.0210098 0.0297069 0.039712 0.0503019 0.060323 0.0684746 0.0737843 0.0759232 0.0751574 0.0720693 0.067303 0.0614411 0.0549667 0.0482515 0.0415597 0.0350678 0.028896 0.0231393 0.0178902 0.0132489 0.00931425 0.00615749 0.00379201
 0.00865423 0.0140415 0.021097 0.0297314 0.0396249 0.0500794 0.0599855 0.0680867 0.0734342 0.0756909 0.0750892 0.0721669 0.0675292 0.0617353 0.0552649 0.0485034 0.0417382 0.0351697 0.0289352 0.0231372 0.0178678 0.0132219 0.00929127 0.0061416 0.0037827
 0.00853929 0.0138736 0.0208778 0.0294706 0.039332 0.0497544 0.0596174 0.0676651 0.0729695 0.0752301 0.0747117 0.0719592 0.0675498 0.0619903 0.0557065 0.04905 0.0423026 0.0356832 0.0293586 0.0234599 0.0180987 0.013379 0.00939373 0.00620581 0.00382116
 0.00871285 0.0141324 0.0212239 0.0298902 0.0397988 0.0502344 0.0600708 0.0680445 0.0732202 0.0752993 0.0745673 0.0716101 0.0670533 0.0614386 0.0551945 0.0486432 0.0420212 0.0355084 0.0292534 0.0233897 0.0180424 0.0133291 0.00935089 0.00617245 0.00379812
 0.00888949 0.0144317 0.021694 0.030576 0.0407231 0.0513726 0.0613327 0.0692814 0.0742602 0.0759963 0.0748364 0.0714373 0.0664863 0.0605708 0.0541476 0.0475461 0.0409855 0.0346086 0.0285205 0.0228198 0.0176134 0.013015 0.00912867 0.00602275 0.0037037
 0.00882998 0.0143556 0.0216194 0.0305373 0.040768 0.0515526 0.0616889 0.0698281 0.0749696 0.0767911 0.0756004 0.0720437 0.0668339 0.0606118 0.0538965 0.0470693 0.0403787 0.0339701 0.0279291 0.0223224 0.0172258 0.0127309 0.00893126 0.00589261 0.00362291
 0.00899423 0.0146011 0.0219495 0.030942 0.041229 0.0520506 0.0622094 0.0703606 0.0755036 0.0773094 0.076072 0.0724207 0.0670568 0.0606243 0.0536661 0.0466032 0.0397272 0.0332145 0.0271603 0.0216183 0.0166369 0.0122769 0.00860665 0.00567689 0.00348982
 0.00892497 0.0145102 0.0218523 0.0308652 0.0412018 0.0520929 0.062323 0.070532 0.0757155 0.0775528 0.0763485 0.0727325 0.0673912 0.0609448 0.0539175 0.04673 0.039696 0.0330284 0.0268579 0.0212595 0.0162822 0.0119708 0.0083709 0.00551288 0.00338608
 0.00864301 0.0140514 0.0211651 0.0299124 0.0399811 0.0506627 0.060818 0.0691493 0.0746654 0.0769948 0.0763484 0.0732583 0.0683395 0.0621753 0.0552788 0.0480784 0.0409109 0.0340276 0.0276068 0.0217695 0.0165969 0.0121468 0.00846045 0.00555478 0.00340443
 0.00867077 0.0140613 0.021114 0.0297363 0.0396091 0.0500419 0.0599403 0.0680681 0.0734952 0.0758938 0.075485 0.0727709 0.0683007 0.0625751 0.0560334 0.0490567 0.0419679 0.035033 0.0284665 0.0224353 0.0170652 0.0124462 0.00863498 0.0056479 0.00345024
 0.00895167 0.0145106 0.0217716 0.0306216 0.0407018 0.0512599 0.0611283 0.0690178 0.0740018 0.0758289 0.0748484 0.071693 0.0669978 0.0612804 0.0549332 0.0482521 0.0414697 0.0347846 0.0283793 0.0224238 0.0170688 0.0124364 0.00860808 0.00561296 0.00341759
#pred catch len freq
 0.00524049 0.00826939 0.0120139 0.0163546 0.0212012 0.0264723 0.0320162 0.0375756 0.0428405 0.0475306 0.0514447 0.0544743 0.0566038 0.0578954 0.0584545 0.0583893 0.0577835 0.0566816 0.0550626 0.052797 0.0496227 0.0452114 0.0393616 0.0322364 0.0244665
 0.00565096 0.00883292 0.0126759 0.017015 0.0217622 0.0269037 0.0323923 0.0380487 0.0435549 0.0485283 0.0526221 0.0556164 0.0574725 0.0583226 0.0583953 0.0579191 0.0570491 0.0558295 0.0541782 0.0518836 0.0486315 0.0441038 0.0381628 0.0310431 0.0234055
 0.00613255 0.00958378 0.01374 0.0183959 0.0234065 0.0286889 0.0341353 0.0395507 0.0446785 0.0492608 0.0530705 0.0559234 0.0577117 0.058448 0.0582792 0.0574416 0.0561719 0.054609 0.0527237 0.0502997 0.0469886 0.0424508 0.0365598 0.0295773 0.0221718
 0.00653543 0.0102222 0.0146719 0.0196688 0.0250535 0.0307159 0.0364957 0.0421175 0.0472357 0.051536 0.0548078 0.0569684 0.0580546 0.0581937 0.057563 0.0563541 0.0547434 0.0528495 0.0506709 0.0480366 0.0446309 0.0401265 0.0343971 0.0276942 0.0206568
 0.00692746 0.0108323 0.0155418 0.0208262 0.0265162 0.0324963 0.0385947 0.0445074 0.0498377 0.054201 0.0573148 0.0590523 0.0594676 0.0587769 0.0572882 0.0553089 0.0530724 0.0506968 0.0481589 0.045282 0.0417685 0.0373173 0.0318122 0.0254842 0.018918
 0.00735172 0.011487 0.0164635 0.0220295 0.0279988 0.0342446 0.0405845 0.0466995 0.0521724 0.056594 0.0596506 0.0611777 0.0611937 0.0599027 0.0576452 0.0548091 0.0517328 0.0486272 0.0455263 0.0422789 0.0386 0.034197 0.02895 0.0230555 0.0170277
 0.00780115 0.012176 0.0174239 0.0232662 0.0294948 0.0359689 0.0424942 0.0487373 0.0542663 0.0586621 0.0616071 0.0629333 0.0626504 0.0609468 0.0581494 0.0546515 0.0508312 0.0469727 0.0432007 0.0394482 0.0354912 0.0310678 0.0260518 0.0205917 0.0151157
 0.00830071 0.012946 0.0185046 0.0246685 0.0312018 0.0379391 0.0446603 0.0510033 0.0565136 0.0607648 0.0634507 0.064428 0.0637334 0.0615746 0.0582837 0.0542471 0.0498387 0.0453598 0.0409862 0.0367305 0.0324556 0.0279642 0.0231468 0.0181096 0.0131884
 0.0087258 0.0136064 0.0194423 0.0259047 0.0327379 0.0397563 0.0467137 0.0532135 0.0587654 0.0629172 0.0653564 0.0659556 0.0647867 0.0621015 0.0582703 0.0537005 0.0487688 0.0437751 0.0389097 0.0342298 0.0296681 0.0250971 0.0204415 0.0157822 0.0113735
 0.0090447 0.014107 0.0201634 0.026873 0.0339666 0.0412424 0.0484307 0.0551041 0.0607404 0.0648619 0.0671425 0.067455 0.065887 0.0627206 0.0583648 0.0532647 0.0478231 0.0423544 0.0370611 0.0320255 0.0272255 0.022586 0.0180644 0.0137274 0.00976374
 0.00943883 0.0147109 0.0210047 0.0279561 0.0352775 0.0427552 0.0501081 0.0568914 0.0625598 0.0666142 0.0687156 0.0687375 0.0667827 0.0631601 0.0583121 0.052716 0.0468025 0.0409062 0.0352466 0.0299271 0.0249561 0.0202938 0.0159188 0.0118842 0.00832388
 0.00980519 0.0152731 0.0217889 0.0289657 0.0364952 0.0441483 0.0516283 0.0584745 0.0641271 0.0680805 0.069997 0.0697577 0.0674765 0.0634771 0.058221 0.0522076 0.0458898 0.0396237 0.0336491 0.0280924 0.0229882 0.0183227 0.0140869 0.0103186 0.00710493
 0.00988602 0.0154224 0.022047 0.0293818 0.0371175 0.0450063 0.0527164 0.0597443 0.0654948 0.0694429 0.0712501 0.07081 0.0682568 0.0639375 0.0583347 0.0519661 0.0453005 0.0387099 0.0324528 0.0266779 0.0214453 0.016763 0.0126308 0.00907181 0.00613327
 0.00972965 0.0151999 0.0217731 0.0290966 0.0368833 0.0448985 0.0528107 0.0601012 0.0661414 0.0703573 0.072357 0.0719937 0.0693878 0.0648989 0.0590395 0.0523617 0.0453653 0.0384483 0.0318925 0.0258706 0.0204674 0.0157116 0.0116112 0.0081775 0.00542539
 0.00957602 0.0149645 0.021447 0.0286842 0.0364055 0.0443954 0.052344 0.0597516 0.0659969 0.0704915 0.0728054 0.0727372 0.0703499 0.0659601 0.060064 0.053226 0.045979 0.0387629 0.0319012 0.0256032 0.0199849 0.0150982 0.010961 0.00757655 0.00493388
