SBPRF35
7.78865
Curr Bio
515566
B35
664325
F35
0.225749
FOFL
0.183337
OFL
76664.7
Bzero
2.22533e+006
#pred survey bio
 4.3728e+006 4.12356e+006 3.88544e+006 3.59035e+006 3.30639e+006 2.99471e+006 2.67998e+006 2.36789e+006 2.10013e+006 1.83569e+006 1.62439e+006 1.42405e+006 1.25686e+006 1.12141e+006 1.00789e+006 907271 820518 772267 734415 691265 662436 648996 636927 611387 601464 598009 587803 591405 591870 589773 583927 583736 580898 579644 571677 560401 550502 539397 540332 549820 551071 554682 549647 549074 558619 559215 561961 567103 573000 574284 568707 566795 566404 587622 573569 563485 563739 539668 505905 495134 496651 499999 518849 522602 503304 495036 516389 1.91246e+007 1.1657e+007 1.19997e+007 1.27018e+007 1.35796e+007 1.44475e+007 1.52069e+007 1.5824e+007 1.63017e+007 1.666e+007 1.69233e+007 1.71144e+007 1.72524e+007 1.73517e+007 1.74235e+007 1.74754e+007 1.75133e+007 1.75411e+007 1.75616e+007 1.75769e+007 1.75883e+007 1.75969e+007 1.76033e+007 1.76083e+007 1.7612e+007 1.76149e+007 1.76171e+007 1.76187e+007 1.762e+007 1.7621e+007 1.76218e+007 1.76223e+007 1.76228e+007 1.76232e+007 1.76234e+007 1.76236e+007 1.76238e+007 1.76239e+007 1.7624e+007 1.76241e+007 1.76241e+007 1.76242e+007 1.76242e+007 1.76243e+007 1.76243e+007 1.76243e+007 1.76243e+007 1.76243e+007 1.76243e+007 1.76243e+007 1.76243e+007 1.76243e+007 1.76243e+007 1.76243e+007 1.76243e+007 1.76243e+007 1.76243e+007 1.76243e+007 1.76243e+007 1.76243e+007 1.76243e+007 1.76243e+007 1.76243e+007 1.76243e+007 1.76243e+007 1.76243e+007 1.76243e+007 1.76243e+007 1.76243e+007 1.76243e+007 1.76243e+007 1.76243e+007 1.76243e+007 1.76243e+007 1.76243e+007 1.76243e+007 1.76243e+007 1.76243e+007 1.76243e+007 1.76243e+007 1.76243e+007 1.76243e+007 1.76243e+007 1.76243e+007 1.76243e+007 1.76243e+007 1.76243e+007 1.76243e+007 1.76243e+007 1.76243e+007 1.76243e+007 1.76243e+007 1.76243e+007 1.76243e+007 1.76243e+007 1.76243e+007 1.76243e+007 1.76243e+007 1.76243e+007 1.76243e+007 0 0 0 0 0 0 0 0 0 0 0 0 0 0 0 0 0 0 0 0 0 0 0 0 0
#obs survey bio
 2.82243e+006 3.67184e+006 3.09057e+006 3.09396e+006 2.55353e+006 2.61633e+006 2.15189e+006 1.74061e+006 2.1924e+006 1.53472e+006 1.29927e+006 967520 1.16685e+006 814907 599248 988388 727690 1.01731e+006 599175 499646 732944 662102 932048 897892 417270 530478 419201 547948 626032 488561 565534 430454 719480 519331 483894 838413 458734 543275 717791 626374 596241 576097 499164 705994 421449 559794 658150 677716 493229 518269 600348 481443 816022 603190 655469 676819 928781 617903 507071 424458 498644 547146 625045 534426 516779 437665 584532
#pred catch bio
 90713.3 92870.3 166583 183684 240009 275551 304436 291795 311423 282004 286603 268550 248341 233208 222146 206670 169762 157151 156729 139839 123489 119311 126880 111167 105424 110993 99376.5 101728 102278 103366 96524.5 96298.8 92056.2 94352.2 93216.5 90269.7 93898.9 88076.6 83937.5 91950.9 89992.1 96792.9 92080.5 83360.4 91386.9 90015 88729.6 89237.9 94376.2 100952 98479.7 97735.5 80208.4 109808 105300 95711.3 114002 119253 99006.3 89411.8 87873.6 74467.3 86742.8 105458 96890.7 75258 71219.9 76664.7 93669.1 95168.9 99388.8 105669 112109 117693 122110 125403 127757 129388 130491 131225 131705 132016 132216 132343 132424 132475 132507 132527 132539 132547 132552 132555 132557 132558 132559 132559 132560 132560 132560 132560 132560 132560 132560 132560 132560 132560 132560 132560 132560 132560 132560 132560 132560 132560 132560 132560 132560 132560 132560 132560 132560 132560 132560 132560 132560 132560 132560 132560 132560 132560 132560 132560 132560 132560 132560 132560 132560 132560 132560 132560 132560 132560 132560 132560 132560 132560 132560 132560 132560 132560 132560 132560 132560 132560 132560 132560 132560 132560 132560 132560 132560 132560 132560 132560 132560 132560 132560 0 0 0 0 0 0 0 0 0 0 0 0 0 0 0 0 0 0 0 0 0 0 0 0 0
#obs catch bio
 0 92578.2 167733 184224 242424 279371 310676 297695 319201 288348 294082 276034 256956 240885 230601 212577 172686 159595 159330 141618 124502 120578 127499 110998 106285 112064 100397 102929 103194 103897 97244.4 97070.3 92266.1 94778.6 93579.1 89877.1 93713.1 87777.9 83543.1 91407.7 89257.2 96346 91824.9 82573.1 90951 89549.8 88172.9 88652.8 94058.5 100776 98315.7 98152.6 79638.8 109777 105245 95241.3 112929 118147 98360.4 88961.3 87730.3 74063.8 86035.5 104644 96622.4 75131.2 71157.2
#pred cpue bio
 4.29397e+006 4.04803e+006 3.81214e+006 3.51818e+006 3.23537e+006 2.92506e+006 2.61201e+006 2.30211e+006 2.03647e+006 1.77469e+006 1.56547e+006 1.3672e+006 1.20166e+006 1.068e+006 956535 858577 774876 728593 692613 651637 624328 611810 600816 576739 567134 563526 553522 556983 557797 556381 551195 551491 549451 548994 542096 531980 522040 509468 508955 518043 519631 523336 518617 518273 527605 528032 530515 535355 540821 541760 536107 534022 533598 554381 540951 531069 531562 508787 476043 465077 466373 470039 488891 492854 473771 464794 484657 1.79887e+007 1.09843e+007 1.12407e+007 1.18192e+007 1.26513e+007 1.35088e+007 1.42663e+007 1.4883e+007 1.53606e+007 1.57189e+007 1.59822e+007 1.61734e+007 1.63113e+007 1.64107e+007 1.64824e+007 1.65344e+007 1.65723e+007 1.66001e+007 1.66206e+007 1.66358e+007 1.66472e+007 1.66558e+007 1.66623e+007 1.66672e+007 1.6671e+007 1.66738e+007 1.6676e+007 1.66777e+007 1.6679e+007 1.66799e+007 1.66807e+007 1.66813e+007 1.66817e+007 1.66821e+007 1.66824e+007 1.66826e+007 1.66827e+007 1.66829e+007 1.6683e+007 1.6683e+007 1.66831e+007 1.66831e+007 1.66832e+007 1.66832e+007 1.66832e+007 1.66832e+007 1.66832e+007 1.66833e+007 1.66833e+007 1.66833e+007 1.66833e+007 1.66833e+007 1.66833e+007 1.66833e+007 1.66833e+007 1.66833e+007 1.66833e+007 1.66833e+007 1.66833e+007 1.66833e+007 1.66833e+007 1.66833e+007 1.66833e+007 1.66833e+007 1.66833e+007 1.66833e+007 1.66833e+007 1.66833e+007 1.66833e+007 1.66833e+007 1.66833e+007 1.66833e+007 1.66833e+007 1.66833e+007 1.66833e+007 1.66833e+007 1.66833e+007 1.66833e+007 1.66833e+007 1.66833e+007 1.66833e+007 1.66833e+007 1.66833e+007 1.66833e+007 1.66833e+007 1.66833e+007 1.66833e+007 1.66833e+007 1.66833e+007 1.66833e+007 1.66833e+007 1.66833e+007 1.66833e+007 1.66833e+007 1.66833e+007 1.66833e+007 1.66833e+007 1.66833e+007 1.66833e+007 1.66833e+007 0 0 0 0 0 0 0 0 0 0 0 0 0 0 0 0 0 0 0 0 0 0 0 0 0
#obs cpue bio
 4.79856e+006 3.51114e+006 3.1976e+006 3.46057e+006 2.14699e+006 2.12361e+006 1.90712e+006 2.31937e+006 1.63803e+006 1.62244e+006 1.5025e+006 1.28296e+006 566697 1.10009e+006 820182 906559 907548 471819 714375 826058 572571 431537 652439 499552 364105 601986 502858 505707 559320 843016 387895 683105 601241 524132 635865 661454 600840 560344 425395 610705 572497 462687 520037 691315 596898 560849 539378 492400 520517 580154 490952 451452 634295 506091 430013 543105 556113 500710 423559 549745 438442 483573 617724 547519 354045 419816 421466
#pred surv len freq
 0.00462016 0.00750176 0.0112961 0.0159982 0.0215217 0.027625 0.0338739 0.0397349 0.0447654 0.0487541 0.0517215 0.0538278 0.0552777 0.0562555 0.0568816 0.0571881 0.0571221 0.0565676 0.0553612 0.0532845 0.0500634 0.0454338 0.0393053 0.0319513 0.0240675
 0.00497348 0.00798296 0.011853 0.0165378 0.0219525 0.027915 0.034082 0.0399837 0.0451615 0.0493042 0.0523018 0.0542293 0.0553014 0.0558052 0.05601 0.0560811 0.0560317 0.0557208 0.0548793 0.0531481 0.0501389 0.0455492 0.0393323 0.0318496 0.0238749
 0.00513141 0.00828123 0.0123716 0.0173581 0.0231166 0.0293752 0.0356781 0.0414818 0.0463487 0.0500801 0.0526976 0.0543395 0.0551855 0.055441 0.0553307 0.0550593 0.054741 0.0543294 0.0535811 0.0520786 0.049329 0.0449406 0.0388373 0.0314088 0.023478
 0.00537765 0.00866031 0.0129075 0.0180717 0.0240364 0.0305435 0.0371359 0.0432283 0.0482946 0.0520315 0.0543989 0.0555607 0.0557986 0.0554343 0.0547633 0.0540084 0.0532885 0.0525844 0.0516944 0.0502193 0.0476363 0.0434895 0.037642 0.030453 0.0227411
 0.00561716 0.00904728 0.0134845 0.0188746 0.0250865 0.0318375 0.0386407 0.0448871 0.0500412 0.0537983 0.0561033 0.0570827 0.0569783 0.0561064 0.0548101 0.053395 0.0520641 0.0508616 0.04963 0.0479969 0.0454424 0.0414827 0.0359293 0.0290842 0.021718
 0.00585271 0.00943313 0.0140712 0.0197128 0.0262185 0.0332835 0.0403813 0.0468538 0.0521228 0.0558612 0.0580166 0.0587324 0.0582666 0.0569395 0.055093 0.0530455 0.0510425 0.0491991 0.0474388 0.0454595 0.0427831 0.0389292 0.0336725 0.0272471 0.0203435
 0.00609615 0.00982715 0.0146621 0.0205454 0.0273316 0.0347003 0.042096 0.0488212 0.0542557 0.0580382 0.0600958 0.0605695 0.0597313 0.0579267 0.0555225 0.0528562 0.050193 0.0476838 0.0453141 0.042863 0.0399294 0.0360773 0.031072 0.0250845 0.0187069
 0.00636847 0.0102658 0.0153153 0.021457 0.0285353 0.0362094 0.0438916 0.0508445 0.0564125 0.0602114 0.062159 0.0623965 0.0612037 0.0589401 0.0559918 0.0527178 0.0494056 0.0462356 0.04324 0.0402679 0.0370019 0.0330735 0.0282672 0.0227062 0.0168818
 0.00661105 0.0106571 0.0158993 0.0222744 0.0296185 0.0375731 0.0455212 0.0526889 0.0583871 0.0622097 0.0640667 0.0641018 0.062604 0.0599447 0.0565226 0.0527091 0.0488066 0.0450187 0.041418 0.0379177 0.0342816 0.030217 0.0255438 0.0203555 0.0150518
 0.00694879 0.0111909 0.0166745 0.0233245 0.0309606 0.039202 0.0473989 0.0547389 0.0604999 0.064258 0.0659241 0.0656578 0.0637719 0.0606637 0.056753 0.0524239 0.0479856 0.0436502 0.0395145 0.0355401 0.0315634 0.027367 0.0228147 0.0179829 0.0131901
 0.00730162 0.0117441 0.0174693 0.0243862 0.0322959 0.0407942 0.0492015 0.0566721 0.0624574 0.0661231 0.0675859 0.0670219 0.0647651 0.0612343 0.0568694 0.0520693 0.0471523 0.0423385 0.0377408 0.0333571 0.0290824 0.0247655 0.0203139 0.0157959 0.0114624
 0.00765939 0.0123223 0.0183323 0.0255889 0.0338706 0.0427304 0.0514271 0.0590497 0.0648061 0.0682566 0.0693479 0.068306 0.0655172 0.0614445 0.0565584 0.0512735 0.0459116 0.0406908 0.0357274 0.0310393 0.0265622 0.0221962 0.0178851 0.0136907 0.00980554
 0.00788727 0.0127039 0.018928 0.0264636 0.0350824 0.0443103 0.0533558 0.061243 0.0671181 0.0705006 0.0713276 0.0698484 0.0665008 0.0618145 0.056323 0.0504866 0.0446485 0.0390301 0.0337452 0.0288177 0.0242052 0.0198398 0.0156884 0.0118035 0.00832781
 0.00810237 0.0130432 0.019421 0.0271353 0.0359549 0.045402 0.0546745 0.0627747 0.0688143 0.0722711 0.0730433 0.0713564 0.0676504 0.0624859 0.0564494 0.050061 0.043715 0.0376662 0.0320454 0.0268859 0.0221571 0.0178062 0.0138078 0.0101991 0.0070776
 0.00810045 0.0130814 0.0195543 0.0274392 0.0365053 0.046245 0.0558011 0.0641186 0.0702737 0.0737392 0.0744274 0.0725781 0.0686359 0.0631607 0.0567452 0.0499307 0.0431474 0.0366913 0.0307307 0.0253276 0.0204714 0.0161211 0.0122501 0.00887458 0.00604971
 0.00816499 0.0131759 0.0196803 0.0276003 0.0367167 0.0465441 0.0562467 0.0647708 0.0711611 0.0748296 0.0756243 0.0737474 0.0696461 0.063913 0.0571794 0.0500173 0.042878 0.0360786 0.0298131 0.0241734 0.0191763 0.0147985 0.0110142 0.0078194 0.00523046
 0.00835533 0.0134618 0.0200662 0.028073 0.0372482 0.0470981 0.0567872 0.0652727 0.0716196 0.0752629 0.0760614 0.0742043 0.070105 0.0643191 0.0574594 0.0501031 0.0427247 0.0356707 0.0291644 0.0233264 0.0182004 0.0137829 0.0100532 0.00699306 0.00458679
 0.00831915 0.0134191 0.020031 0.0280666 0.0372916 0.0472007 0.0569398 0.0654502 0.0717949 0.0754242 0.0762219 0.0743977 0.0703659 0.0646598 0.0578539 0.0504892 0.0430226 0.0358081 0.0290982 0.0230529 0.0177556 0.0132328 0.00947789 0.00646655 0.00415993
 0.0082987 0.0133791 0.0199595 0.0279522 0.03713 0.047004 0.0567399 0.0652924 0.0717206 0.0754537 0.0763489 0.0745995 0.0706205 0.0649556 0.058185 0.050841 0.0433613 0.0360829 0.0292566 0.0230612 0.0176123 0.012971 0.00915356 0.00614056 0.00388001
 0.00841606 0.013553 0.020189 0.0282231 0.0374168 0.0472736 0.0569582 0.0654319 0.0717685 0.0754175 0.0762542 0.0744788 0.0705015 0.0648554 0.0581115 0.0507962 0.0433405 0.0360706 0.0292266 0.0229847 0.0174716 0.0127695 0.00891575 0.00590211 0.0036733
 0.00849007 0.0136641 0.0203387 0.0284054 0.0376179 0.0474735 0.0571321 0.0655534 0.0718157 0.0753811 0.0761428 0.0743186 0.0703287 0.0647041 0.0580045 0.050741 0.04333 0.0360875 0.0292476 0.0229854 0.0174335 0.0126866 0.0087978 0.00576996 0.00354993
 0.00835897 0.0134752 0.0200993 0.0281374 0.0373514 0.0472359 0.0569406 0.0654132 0.0717249 0.0753357 0.0761406 0.0743602 0.070416 0.0648391 0.0581865 0.0509639 0.0435805 0.0363456 0.0294891 0.0231867 0.0175769 0.0127654 0.00881836 0.00574932 0.00350922
 0.00833977 0.0134242 0.0199876 0.0279303 0.0370226 0.0467867 0.0564128 0.0648839 0.0712814 0.0750442 0.0760272 0.0744117 0.0705969 0.0651092 0.0585123 0.0513203 0.0439482 0.0367064 0.0298238 0.0234761 0.0178054 0.0129256 0.00891342 0.00579211 0.00351781
 0.00867342 0.01391 0.0206117 0.0286387 0.03773 0.0473963 0.0568363 0.0650594 0.0711874 0.074708 0.0755194 0.0738247 0.0700156 0.0645913 0.058084 0.0509859 0.0437014 0.0365366 0.0297179 0.0234177 0.0177763 0.0129091 0.00889819 0.0057736 0.00349704
 0.00875508 0.0140605 0.0208683 0.029039 0.0382935 0.0480991 0.0575958 0.0657437 0.0716551 0.0748598 0.0753333 0.0733586 0.0693796 0.0639069 0.05745 0.050461 0.0433048 0.0362601 0.0295394 0.0233115 0.0177183 0.012879 0.00888118 0.00576094 0.00348539
 0.00874789 0.0140503 0.0208577 0.0290368 0.0383186 0.0481823 0.0577737 0.0660417 0.072064 0.0753207 0.0757469 0.0736207 0.069425 0.0637357 0.0571219 0.0500646 0.0429223 0.0359445 0.0293101 0.0231629 0.0176319 0.0128335 0.00885875 0.00574939 0.00347812
 0.00878993 0.0141184 0.0209594 0.0291781 0.0385026 0.0484072 0.0580327 0.066325 0.0723624 0.0756247 0.0760403 0.0738711 0.0695838 0.0637531 0.0569713 0.0497603 0.0425172 0.0355099 0.0289098 0.0228362 0.0173907 0.01267 0.00875539 0.00568763 0.00344278
 0.00857422 0.0138044 0.0205551 0.0287158 0.0380309 0.047978 0.0576902 0.0661016 0.0722791 0.0756924 0.0762578 0.0742226 0.0700347 0.0642499 0.0574489 0.0501584 0.0427985 0.0356706 0.0289754 0.0228454 0.0173781 0.0126567 0.00874891 0.00568715 0.00344497
 0.00845441 0.013605 0.0202488 0.02828 0.0374599 0.0472978 0.0569676 0.0654367 0.0717777 0.075432 0.0762666 0.0744794 0.0704859 0.0648277 0.0580833 0.050783 0.043357 0.0361245 0.0293108 0.0230719 0.0175206 0.012743 0.00880134 0.00571975 0.00346528
 0.00844059 0.0135724 0.0201799 0.0281503 0.0372407 0.046965 0.0565122 0.0648765 0.0711638 0.0748455 0.0758024 0.0742197 0.0704746 0.0650585 0.0585055 0.0513206 0.0439296 0.0366637 0.0297694 0.0234282 0.0177754 0.0129126 0.00890766 0.00578337 0.00350183
 0.00835894 0.0134603 0.0200487 0.0280204 0.0371328 0.0468859 0.0564464 0.0647886 0.0710145 0.0746132 0.0754989 0.0738933 0.0701964 0.0648981 0.0585066 0.0514867 0.0442253 0.0370302 0.0301445 0.0237627 0.0180418 0.0131047 0.0090345 0.00586068 0.00354569
 0.00819727 0.013209 0.0196935 0.0275599 0.0365832 0.0462847 0.055852 0.0642706 0.0706331 0.0743976 0.0754399 0.0739553 0.0703425 0.0651096 0.058786 0.0518442 0.0446609 0.0375224 0.0306526 0.0242395 0.0184485 0.0134207 0.00925861 0.00600621 0.00363234
 0.00811198 0.0130659 0.0194702 0.0272341 0.0361386 0.0457215 0.0551968 0.0635798 0.0699855 0.0738763 0.0751105 0.0738488 0.0704494 0.0653895 0.0591865 0.0523197 0.04518 0.0380624 0.0311903 0.0247462 0.018894 0.013782 0.00952706 0.00618817 0.00374464
 0.00792102 0.0127812 0.0190888 0.0267678 0.0356079 0.0451462 0.0545924 0.0629619 0.0693797 0.0733259 0.0746746 0.0735896 0.0704131 0.0655893 0.0595981 0.0528898 0.0458436 0.0387587 0.0318701 0.0253718 0.0194368 0.0142231 0.00985956 0.00641862 0.00389045
 0.00782502 0.0126202 0.0188388 0.0264071 0.035126 0.0445551 0.0539333 0.0622997 0.0687831 0.0728463 0.0743362 0.0733973 0.0703676 0.0656957 0.0598613 0.0533027 0.0463789 0.0393714 0.0325068 0.0259818 0.0199797 0.0146724 0.0102041 0.00666188 0.0040475
 0.00849872 0.0135563 0.0199528 0.0275196 0.0360112 0.0450206 0.0538866 0.0617684 0.0678882 0.0717519 0.0732037 0.0723547 0.0694971 0.065036 0.0594203 0.0530706 0.0463355 0.039486 0.0327379 0.0262802 0.0202962 0.0149659 0.0104475 0.00684389 0.00417031
 0.0091671 0.0146112 0.0214712 0.0295245 0.038436 0.0476722 0.0564348 0.063798 0.0690206 0.0717847 0.0721842 0.0705451 0.0672599 0.062713 0.0572591 0.0512114 0.0448326 0.0383389 0.0319144 0.0257302 0.0199604 0.0147836 0.0103639 0.00681549 0.0041674
 0.0091094 0.0146264 0.0216953 0.0301506 0.0396623 0.0496168 0.0590524 0.0668429 0.0720792 0.0743684 0.073855 0.0710359 0.0665474 0.0610108 0.0549324 0.0486551 0.0423716 0.0361816 0.0301568 0.0243857 0.0189913 0.0141264 0.00994632 0.00656818 0.00403167
 0.00878845 0.0141401 0.0210378 0.0293625 0.0388477 0.0489537 0.0587796 0.0672047 0.073228 0.0762646 0.0762277 0.0734424 0.0685141 0.062189 0.0551978 0.0481144 0.0412864 0.0348587 0.028855 0.0232695 0.0181303 0.0135194 0.00955261 0.00633307 0.00390266
 0.00862057 0.0138511 0.0205751 0.0286726 0.0378971 0.0477598 0.057443 0.0659207 0.0722607 0.0758827 0.0766151 0.0746162 0.0702877 0.0642119 0.0570665 0.0495077 0.04206 0.0350576 0.0286511 0.0228702 0.0177043 0.0131652 0.00930344 0.00618005 0.00381965
 0.00861961 0.0138439 0.0205512 0.0286129 0.0377701 0.0475231 0.0570517 0.0653481 0.0715287 0.0750861 0.0759213 0.0742245 0.0703562 0.0647819 0.0580276 0.0506289 0.0430781 0.0357771 0.0290039 0.0229099 0.017552 0.0129448 0.00909995 0.00603103 0.0037275
 0.00854429 0.0137353 0.0204133 0.0284568 0.0376094 0.0473651 0.0568903 0.0651625 0.0712893 0.0747701 0.0755343 0.073819 0.0700323 0.0646594 0.0581936 0.0510875 0.0437348 0.0364737 0.0295866 0.0232892 0.017723 0.0129639 0.00904242 0.00595648 0.00366726
 0.00851754 0.0136965 0.020364 0.0284027 0.0375601 0.0473327 0.0568861 0.0651907 0.0713406 0.0748178 0.0755391 0.073745 0.0698701 0.0644422 0.057993 0.0509848 0.04378 0.0366569 0.0298423 0.0235319 0.0178894 0.0130358 0.00904069 0.0059178 0.00362259
 0.0086328 0.0138474 0.0205242 0.0285264 0.0375968 0.0472489 0.0566833 0.0649074 0.0710373 0.074553 0.0753493 0.0736359 0.0698214 0.0644242 0.0579868 0.0509945 0.0438278 0.0367636 0.0300063 0.023724 0.0180669 0.0131655 0.00911246 0.00594278 0.003621
 0.00864635 0.0138729 0.0205669 0.0285877 0.0376672 0.0473012 0.0566731 0.064787 0.0707808 0.0741788 0.0749223 0.073245 0.0695434 0.0642962 0.0580015 0.0511168 0.0440182 0.0369925 0.0302541 0.0239725 0.0182946 0.0133515 0.00924477 0.00602305 0.00366144
 0.00865669 0.0138997 0.0206256 0.0286988 0.0378504 0.0475655 0.0570064 0.0651498 0.0711093 0.0743993 0.0749748 0.073107 0.0692423 0.0639002 0.0575936 0.0507648 0.0437584 0.0368307 0.0301771 0.0239586 0.0183202 0.0133938 0.00928599 0.00605294 0.00367794
 0.00868928 0.0139422 0.0206712 0.0287372 0.0378739 0.0475773 0.0570239 0.0651998 0.0712134 0.0745579 0.0751588 0.0732651 0.0693211 0.0638686 0.0574561 0.0505592 0.0435375 0.0366409 0.0300444 0.023887 0.0182979 0.0134023 0.00930727 0.00607434 0.00369331
 0.00874926 0.0140296 0.0207833 0.0288636 0.0379976 0.0476781 0.057084 0.0652098 0.0711778 0.0744967 0.0751008 0.0732336 0.0693203 0.0638801 0.0574503 0.0505132 0.0434487 0.0365273 0.0299333 0.0238009 0.0182463 0.0133818 0.00930722 0.00608327 0.00370316
 0.00875533 0.0140469 0.0208226 0.028938 0.0381169 0.0478419 0.0572756 0.065398 0.0713261 0.074577 0.0751041 0.0731726 0.0692217 0.0637714 0.0573478 0.0504181 0.0433536 0.0364265 0.0298297 0.0237052 0.0181698 0.0133303 0.00927895 0.00607151 0.00370039
 0.00874193 0.0140344 0.0208215 0.0289646 0.0381908 0.0479796 0.0574838 0.0656676 0.0716305 0.0748743 0.0753462 0.0733184 0.0692506 0.0636891 0.0571817 0.0502043 0.0431241 0.0362028 0.0296243 0.0235261 0.018023 0.0132192 0.0092025 0.00602428 0.00367433
 0.00881118 0.014139 0.0209644 0.0291447 0.0384047 0.0482246 0.0577583 0.0659682 0.0719471 0.0751857 0.0756194 0.0735137 0.069332 0.0636357 0.0569958 0.0499119 0.0427663 0.0358242 0.0292626 0.023207 0.0177604 0.0130174 0.00905856 0.00592962 0.00361741
 0.00873076 0.0140336 0.0208521 0.0290572 0.0383778 0.0482831 0.0579057 0.0661864 0.0722066 0.0754583 0.0758844 0.0737553 0.0695331 0.0637755 0.057054 0.049877 0.0426431 0.0356337 0.0290362 0.0229769 0.0175527 0.0128475 0.00893177 0.00584324 0.00356382
 0.00869484 0.0139675 0.0207404 0.0288856 0.0381426 0.0480025 0.0576251 0.0659696 0.072113 0.0755181 0.0760873 0.0740585 0.0698806 0.0641159 0.0573481 0.0500991 0.0427797 0.0356846 0.0290144 0.0229053 0.0174575 0.0127518 0.00885058 0.00578305 0.00352422
 0.00856649 0.013755 0.0204135 0.0284147 0.0375058 0.047199 0.0566892 0.0649792 0.0711844 0.0747847 0.0756677 0.0740236 0.0702326 0.064788 0.058227 0.0510575 0.0437058 0.0364994 0.0296759 0.0234045 0.0178092 0.012984 0.00899467 0.00586734 0.00357075
 0.00868202 0.0139459 0.0207044 0.0288239 0.0380342 0.047815 0.0573193 0.065516 0.0715151 0.0748314 0.075418 0.073537 0.0696188 0.0641694 0.0576998 0.0506693 0.0434548 0.0363514 0.0295871 0.0233396 0.0177489 0.0129236 0.00893823 0.00582036 0.00353634
 0.00854074 0.0137578 0.020499 0.0286566 0.0379733 0.047919 0.0576142 0.0659816 0.072085 0.0754048 0.0758836 0.0738044 0.0696481 0.0639838 0.0573741 0.0502981 0.0431177 0.0360914 0.0294094 0.0232255 0.0176737 0.0128686 0.00889428 0.00578515 0.00351008
 0.00838506 0.0134997 0.0201046 0.0281006 0.0372556 0.0470851 0.0567667 0.0652667 0.0716489 0.0753402 0.0761928 0.0744003 0.07039 0.0647284 0.0580181 0.0507982 0.0434837 0.0363607 0.0296204 0.0234008 0.0178195 0.0129828 0.00897545 0.0058366 0.00353892
 0.00868397 0.0139331 0.0206578 0.0287217 0.0378648 0.0475939 0.057099 0.0653771 0.0715371 0.0750553 0.0758211 0.0740338 0.0700904 0.0645065 0.057842 0.0506214 0.0432754 0.0361198 0.0293696 0.0231701 0.0176303 0.0128422 0.00887879 0.0057741 0.00350057
 0.00905622 0.0145236 0.0215153 0.0298717 0.0392922 0.049223 0.0587805 0.066901 0.0726803 0.0756482 0.0757997 0.0734525 0.0690927 0.0632718 0.0565337 0.0493546 0.042112 0.0350853 0.0284738 0.0224199 0.01703 0.0123888 0.00855826 0.00556317 0.00337185
 0.00898045 0.0144391 0.0214608 0.0299099 0.0394968 0.0496544 0.0594601 0.0677938 0.0736922 0.0766395 0.076614 0.0739572 0.0692174 0.0630279 0.056003 0.0486547 0.0413565 0.0343577 0.0278223 0.0218661 0.016581 0.0120433 0.00830857 0.00539534 0.00326777
 0.0087413 0.0140712 0.0209492 0.0292628 0.0387536 0.0488919 0.0587919 0.0673545 0.0736006 0.0769535 0.0773007 0.0748955 0.0702342 0.0639513 0.0567101 0.0490963 0.0415524 0.0343703 0.0277248 0.0217202 0.0164286 0.0119081 0.00820134 0.00531825 0.00321745
 0.00866134 0.0139221 0.0206904 0.0288476 0.038144 0.0480816 0.0578284 0.0663452 0.0726971 0.0763164 0.077057 0.0751017 0.0708563 0.064871 0.057759 0.0501055 0.0423977 0.0349947 0.0281331 0.0219553 0.0165451 0.0119543 0.00821171 0.00531396 0.00320961
 0.00862985 0.0138451 0.0205258 0.0285377 0.0376268 0.0473113 0.0567989 0.0651069 0.0713608 0.0750431 0.0760321 0.074496 0.0707813 0.0653441 0.0586941 0.0513364 0.043726 0.0362433 0.0291838 0.0227604 0.0171138 0.0123285 0.00844273 0.00544823 0.00328301
 0.00884855 0.014171 0.0209586 0.0290513 0.0381673 0.0478 0.0571385 0.0651962 0.071121 0.0744494 0.075137 0.0734294 0.0697229 0.0644767 0.0581526 0.0511715 0.0438966 0.0366397 0.0296727 0.0232279 0.0174914 0.012595 0.00861019 0.00554294 0.0033316
 0.00926817 0.0148275 0.0218965 0.0302882 0.0396832 0.0495236 0.0589354 0.0668711 0.0724471 0.0752185 0.0752131 0.0727861 0.0684542 0.0627791 0.05628 0.0493743 0.0423637 0.0354646 0.0288538 0.0226995 0.0171652 0.0123933 0.00848085 0.00545739 0.00327562
 0.00937885 0.0150284 0.0222373 0.0308274 0.0404735 0.0505885 0.0602447 0.0683308 0.0739076 0.0764997 0.0761366 0.0732085 0.0682992 0.0620597 0.0551036 0.0479216 0.0408448 0.0340664 0.0276994 0.0218329 0.0165654 0.0120039 0.00823911 0.00531183 0.0031904
 0.00887335 0.0142875 0.0212755 0.0297178 0.0393377 0.0495729 0.0594971 0.0679784 0.0740332 0.0771155 0.0771678 0.0744996 0.0696468 0.0632619 0.0560091 0.0484634 0.0410474 0.0340235 0.0275313 0.0216437 0.0164169 0.0119142 0.00819765 0.00529864 0.00318906
#obs surv len freq
 nan nan nan nan nan nan nan nan nan nan nan nan nan nan nan nan nan nan nan nan nan nan nan nan nan
 0.00448489 0.0073463 0.0111763 0.0159925 0.021693 0.0279682 0.0342819 0.0400128 0.0446922 0.0481559 0.0505139 0.0520098 0.0529022 0.0534147 0.0537292 0.0539842 0.0542628 0.0545556 0.0546944 0.0542863 0.0527243 0.0493565 0.0438062 0.0362862 0.0276699
 0.00461519 0.00756049 0.0115026 0.0164578 0.0223156 0.0287482 0.035191 0.0409918 0.0456592 0.049023 0.0512039 0.0524678 0.0531004 0.0533527 0.0534292 0.0534836 0.0536052 0.0537837 0.0538472 0.0534009 0.0518395 0.0485154 0.0430537 0.0356603 0.0271914
 0.00477337 0.0078194 0.0118957 0.0170173 0.0230673 0.0297006 0.0363248 0.0422542 0.0469682 0.0502799 0.0523073 0.053327 0.0536454 0.0535422 0.053254 0.052965 0.052788 0.0527268 0.0526168 0.0520668 0.0504765 0.0472032 0.0418714 0.0346732 0.0264356
 0.00496382 0.00813015 0.0123655 0.0176833 0.0239577 0.0308243 0.0376596 0.0437424 0.0485234 0.0518011 0.0536927 0.0544812 0.0544844 0.053998 0.0532819 0.0525494 0.0519456 0.0515058 0.0510918 0.0503344 0.0486515 0.0454119 0.0402387 0.0333008 0.0253808
 0.00518017 0.00848413 0.0129025 0.0184468 0.0249812 0.032118 0.0391968 0.0454546 0.0503103 0.0535493 0.0552928 0.0558369 0.0555136 0.0546319 0.053465 0.0522437 0.0511375 0.0502144 0.0493758 0.0482958 0.0464325 0.0431835 0.038176 0.03155 0.024027
 0.00540958 0.00886053 0.0134754 0.0192649 0.0260828 0.0335169 0.0408667 0.0473237 0.0522706 0.055477 0.0570676 0.0573537 0.0566862 0.0553911 0.0537558 0.0520234 0.0503787 0.0489139 0.0475694 0.046073 0.0439431 0.0406268 0.0357698 0.0294833 0.0224161
 0.00563787 0.00923547 0.014047 0.0200827 0.027187 0.034924 0.0425541 0.0492235 0.0542784 0.0574705 0.0589253 0.0589664 0.0579617 0.0562546 0.0541482 0.0518982 0.0497015 0.0476693 0.045776 0.0438037 0.041341 0.0379011 0.033163 0.0272165 0.0206329
 0.0058848 0.00963969 0.0146606 0.020956 0.0283594 0.0364085 0.0443223 0.0511998 0.0563504 0.0595108 0.0608114 0.0605921 0.05924 0.0571165 0.0545391 0.0517744 0.0490288 0.0464274 0.0439733 0.0415005 0.0386699 0.03507 0.0304254 0.0248126 0.0187265
 0.0061208 0.0100263 0.0152481 0.0217934 0.0294854 0.0378372 0.0460279 0.0531107 0.0583593 0.0614942 0.0626498 0.0621814 0.0604953 0.0579714 0.0549423 0.0516849 0.0484135 0.0452638 0.0422633 0.0392928 0.0360834 0.032301 0.0277221 0.0224183 0.0168134
 0.00637984 0.0104484 0.0158851 0.0226937 0.0306846 0.0393431 0.047805 0.0550757 0.0603931 0.0634655 0.0644366 0.0636839 0.0616383 0.0587019 0.0552235 0.0514906 0.0477224 0.0440614 0.0405528 0.0371171 0.0335497 0.029591 0.0250712 0.0200623 0.0149232
 0.00660649 0.0108247 0.0164658 0.0235342 0.0318289 0.0408054 0.0495517 0.0570198 0.0624081 0.0654114 0.0661849 0.0651313 0.0627109 0.0593522 0.0554253 0.0512303 0.0469929 0.0428605 0.0388911 0.035037 0.0311487 0.0270333 0.0225716 0.0178383 0.0131352
 0.00684789 0.0112158 0.0170519 0.0243574 0.032921 0.0421762 0.0511753 0.0588278 0.0642953 0.0672527 0.0678543 0.0665181 0.0637301 0.059949 0.0555725 0.0509218 0.0462345 0.0416647 0.0372808 0.0330603 0.0288982 0.0246573 0.0202615 0.015788 0.0114877
 0.00707476 0.011591 0.0176279 0.0251852 0.0340381 0.0435882 0.0528394 0.0606502 0.0661485 0.0690035 0.0693875 0.0677459 0.064591 0.0604037 0.055601 0.0505208 0.045414 0.0404451 0.0356951 0.0311631 0.0267802 0.0224536 0.018141 0.0139189 0.00999227
 0.00727516 0.0119228 0.0181385 0.0259225 0.035041 0.0448704 0.0543732 0.0623592 0.0679165 0.0706963 0.0708765 0.0689268 0.065393 0.0607908 0.0555656 0.0500745 0.0445792 0.0392516 0.0341825 0.0293893 0.0248329 0.0204555 0.0162393 0.0122565 0.00867016
 0.00741532 0.0121535 0.0184914 0.0264302 0.0357321 0.045761 0.055457 0.0636012 0.0692545 0.072048 0.0721494 0.0700276 0.0662377 0.0613142 0.0557279 0.0498621 0.044001 0.0383334 0.0329646 0.0279303 0.023216 0.018791 0.0146551 0.0108735 0.00757196
 0.00752234 0.0123255 0.018747 0.0267863 0.0362021 0.0463517 0.0561643 0.0644079 0.0701314 0.0729575 0.0730474 0.0708638 0.0669561 0.0618555 0.0560365 0.0498942 0.0437316 0.0377604 0.0321102 0.026842 0.0219679 0.0174816 0.013396 0.00976847 0.00669237
 0.00757572 0.0124104 0.0188713 0.0269569 0.0364245 0.0466301 0.0565002 0.0648 0.0705758 0.0734479 0.0735747 0.0714122 0.0674994 0.0623549 0.0564418 0.0501499 0.0437866 0.0375788 0.031681 0.0261856 0.0211373 0.0165582 0.0124763 0.00894371 0.006027
 0.0076504 0.0125229 0.0190241 0.0271467 0.0366435 0.0468685 0.0567488 0.065051 0.0708246 0.0736943 0.0738224 0.0716672 0.0677645 0.0626238 0.0566946 0.0503525 0.0438945 0.0375469 0.0314767 0.0258007 0.0205964 0.0159173 0.0118114 0.00833153 0.00552467
 0.00771315 0.0126207 0.0191632 0.0273286 0.0368643 0.047117 0.0570062 0.0652942 0.0710317 0.0738531 0.0739345 0.0717464 0.0678302 0.0626923 0.0567723 0.0504305 0.0439488 0.0375425 0.0313774 0.0255828 0.0202603 0.0154923 0.0113496 0.00789209 0.00515565
 0.0077596 0.0126901 0.0192562 0.0274422 0.0369927 0.0472537 0.057145 0.0654287 0.0711553 0.0739589 0.0740172 0.071805 0.0678695 0.0627219 0.0568023 0.0504656 0.0439831 0.0375577 0.0313473 0.0254824 0.020078 0.0152379 0.0110539 0.00759688 0.00489898
 0.00779087 0.0127374 0.0193205 0.0275218 0.0370828 0.0473474 0.0572342 0.0655055 0.0712146 0.0739996 0.074043 0.0718218 0.0678829 0.0627362 0.05682 0.0504879 0.0440075 0.0375761 0.0313447 0.0254412 0.0199851 0.0150931 0.0108729 0.00740644 0.00472675
 0.00782429 0.0127854 0.0193811 0.0275889 0.0371483 0.0474033 0.0572753 0.0655298 0.0712229 0.073995 0.0740302 0.0718066 0.0678713 0.0627331 0.0568279 0.0505063 0.0440331 0.0376021 0.0313609 0.0254351 0.0199463 0.0150181 0.010769 0.00728968 0.00461609
 0.00787219 0.0128604 0.0194881 0.0277294 0.0373182 0.0475918 0.0574635 0.0656938 0.0713396 0.0740492 0.0740198 0.0717415 0.0677688 0.0626122 0.0567052 0.0503937 0.0439367 0.0375222 0.0312929 0.0253709 0.0198772 0.014939 0.0106806 0.00719932 0.00453377
 0.00785065 0.012829 0.0194479 0.027684 0.0372738 0.0475558 0.0574431 0.0656941 0.0713617 0.0740896 0.0740701 0.0717922 0.0678127 0.0626462 0.0567309 0.0504148 0.0439569 0.0375429 0.0313122 0.025384 0.0198786 0.0149249 0.0106514 0.00716012 0.00449232
 0.00788983 0.0128822 0.0195087 0.0277405 0.0373125 0.0475675 0.0574278 0.0656609 0.0713246 0.074061 0.0740566 0.071793 0.0678217 0.062656 0.0567356 0.0504127 0.0439493 0.0375329 0.0313017 0.0253729 0.0198648 0.0149059 0.0106266 0.00713132 0.00446345
 0.00788613 0.0128789 0.0195084 0.0277457 0.0373237 0.0475802 0.0574322 0.0656451 0.0712813 0.0739936 0.07398 0.0717275 0.0677841 0.0626529 0.0567627 0.0504589 0.0440027 0.0375844 0.0313463 0.0254081 0.0198893 0.0149193 0.0106294 0.00712589 0.00445329
 0.00788301 0.012873 0.019498 0.0277295 0.0373015 0.047554 0.057406 0.0656235 0.0712658 0.0739816 0.0739659 0.0717077 0.0677608 0.0626339 0.0567574 0.0504724 0.0440338 0.0376266 0.0313913 0.0254491 0.0199218 0.0149413 0.0106413 0.00712939 0.00445129
 0.00788611 0.0128725 0.0194871 0.0276989 0.0372421 0.0474617 0.0572854 0.0654884 0.0711359 0.0738764 0.073899 0.0716835 0.0677751 0.062678 0.0568223 0.0505518 0.0441231 0.0377212 0.0314852 0.0255356 0.0199951 0.0149979 0.0106806 0.0071535 0.00446392
 0.00787143 0.0128493 0.0194532 0.027652 0.0371795 0.0473803 0.0571826 0.0653645 0.0709968 0.0737354 0.0737746 0.0715954 0.0677376 0.0626956 0.0568892 0.0506554 0.0442488 0.0378558 0.0316179 0.0256577 0.0201001 0.0150817 0.0107421 0.00719454 0.00448854
 0.00781763 0.0127632 0.0193268 0.0274797 0.0369605 0.0471216 0.0569009 0.0650846 0.0707471 0.0735397 0.073649 0.0715469 0.0677668 0.0627983 0.0570565 0.0508729 0.0444979 0.0381159 0.0318698 0.0258861 0.0202943 0.0152363 0.0108567 0.00727307 0.00453781
 0.00781555 0.0127514 0.0192934 0.0274089 0.0368366 0.0469357 0.0566572 0.0648022 0.0704556 0.0732725 0.0734355 0.0714078 0.067712 0.0628281 0.0571634 0.0510438 0.0447156 0.0383607 0.032121 0.0261243 0.0205041 0.0154079 0.0109868 0.0073639 0.00459595
 0.00778685 0.0127061 0.0192273 0.0273179 0.0367163 0.0467811 0.0564645 0.0645718 0.0701964 0.073004 0.073186 0.071209 0.0675914 0.0628014 0.0572325 0.0511981 0.0449359 0.0386231 0.0324003 0.0263968 0.0207498 0.0156131 0.0111451 0.00747625 0.00466894
 0.00776586 0.0126705 0.0191711 0.027235 0.0366021 0.0466351 0.0562914 0.0643815 0.0700004 0.0728129 0.0730087 0.0710555 0.0674745 0.0627371 0.0572349 0.0512746 0.0450831 0.038827 0.0326394 0.0266461 0.020986 0.0158179 0.0113077 0.00759446 0.00474724
 0.00774111 0.0126305 0.0191115 0.0271517 0.0364921 0.0464976 0.0561295 0.0642027 0.0698166 0.0726376 0.0728551 0.0709334 0.067391 0.0626967 0.0572423 0.0513341 0.0451966 0.0389908 0.0328417 0.0268684 0.0212065 0.0160165 0.0114706 0.00771596 0.00482945
 0.00931908 0.0148388 0.0217756 0.0298893 0.0388244 0.0480272 0.0566808 0.0638478 0.0687919 0.0712235 0.0712876 0.0693723 0.0659283 0.061379 0.0560899 0.0503538 0.0443885 0.0383499 0.0323579 0.0265248 0.0209798 0.0158794 0.0113958 0.00767987 0.00481466
 0.00928601 0.0150801 0.0226589 0.031872 0.0422549 0.052876 0.0623698 0.0693453 0.0729801 0.07334 0.071177 0.0674272 0.0628167 0.0577575 0.0524406 0.0469597 0.041384 0.0357835 0.0302346 0.0248272 0.0196754 0.014923 0.0107318 0.00724688 0.00455153
 0.00896491 0.0145706 0.0219373 0.0309818 0.0413624 0.052309 0.0625806 0.070749 0.0757069 0.0770497 0.0750995 0.0706568 0.0646906 0.0580859 0.0514773 0.0451891 0.0392918 0.0337241 0.028409 0.0233197 0.0184995 0.0140545 0.0101267 0.00685174 0.00431152
 0.008786 0.0142753 0.0214851 0.0303342 0.0404976 0.0512502 0.0614341 0.069734 0.0751422 0.0772682 0.076298 0.0727494 0.0672713 0.0605591 0.0533001 0.0460809 0.0392917 0.0330936 0.0274726 0.022343 0.0176432 0.0133851 0.00964832 0.0065366 0.00412
 0.00873143 0.0141768 0.0213181 0.0300682 0.0401012 0.0507006 0.0607309 0.0689132 0.0742905 0.0765323 0.0758743 0.0728366 0.0679839 0.06184 0.0548965 0.0476247 0.0404488 0.0336944 0.0275465 0.0220558 0.017195 0.0129329 0.00927853 0.00627445 0.00395445
 0.0087029 0.0141293 0.0212439 0.0299574 0.0399413 0.0504769 0.0604285 0.0685221 0.0738135 0.0759956 0.0753399 0.0724066 0.0677864 0.0619887 0.0554318 0.0484693 0.0414162 0.0345586 0.028137 0.0223182 0.0171869 0.0127687 0.00906848 0.00608949 0.00382217
 0.00867639 0.0140857 0.0211771 0.0298616 0.0398118 0.0503114 0.0602283 0.0682909 0.0735554 0.0757143 0.0750422 0.0721117 0.0675358 0.061847 0.0554703 0.0487318 0.0418844 0.0351426 0.0287053 0.022754 0.0174347 0.0128443 0.00903243 0.00600835 0.00374237
 0.00868228 0.0140917 0.0211794 0.0298541 0.0397871 0.0502628 0.0601515 0.0681849 0.0734222 0.0755573 0.0748656 0.0719214 0.0673431 0.0616742 0.0553533 0.0487127 0.0419938 0.0353771 0.0290192 0.0230733 0.0176897 0.0129987 0.00909117 0.00600339 0.00371019
 0.00866992 0.0140761 0.0211641 0.0298443 0.0397873 0.0502737 0.0601674 0.0681945 0.0734125 0.0755183 0.0747933 0.0718185 0.0672174 0.0615386 0.0552262 0.0486189 0.0419596 0.0354206 0.0291377 0.0232395 0.0178609 0.013136 0.00917514 0.00603758 0.00371197
 0.00866649 0.0140678 0.021147 0.0298142 0.0397416 0.0502147 0.0601031 0.068137 0.0733722 0.0754985 0.0747883 0.0718163 0.0672064 0.0615124 0.055187 0.0485774 0.0419326 0.0354254 0.0291846 0.0233251 0.0179676 0.0132393 0.0092551 0.00608625 0.00373349
 0.00865503 0.0140526 0.0211301 0.029799 0.0397312 0.0502092 0.0600994 0.0681297 0.0733574 0.0754767 0.074764 0.0717948 0.0671897 0.061498 0.0551706 0.0485571 0.0419121 0.0354136 0.0291915 0.0233558 0.0180186 0.0132992 0.00931022 0.00612701 0.00375749
 0.00864288 0.0140327 0.0211001 0.0297573 0.0396781 0.0501485 0.0600381 0.0680769 0.0733207 0.0754595 0.0747643 0.0718076 0.0672098 0.0615217 0.0551953 0.0485806 0.0419334 0.0354342 0.029215 0.0233865 0.0180576 0.0133433 0.00935286 0.00616181 0.00378126
 0.00862276 0.0139997 0.0210502 0.0296869 0.0395853 0.0500346 0.0599099 0.0679466 0.0732042 0.0753724 0.0747181 0.0718066 0.0672503 0.0615941 0.055287 0.04868 0.0420313 0.0355252 0.0292971 0.0234601 0.0181238 0.0134021 0.00940263 0.00620065 0.00380841
 0.00862475 0.0140032 0.0210558 0.0296946 0.039594 0.0500414 0.0599095 0.0679331 0.073173 0.0753235 0.0746573 0.0717439 0.0671974 0.0615598 0.0552753 0.048689 0.0420557 0.0355586 0.0293342 0.0234975 0.0181598 0.0134355 0.00943213 0.00622478 0.00382622
 0.00863003 0.0140123 0.0210703 0.0297163 0.0396241 0.0500795 0.0599529 0.067976 0.0732076 0.0753415 0.0746525 0.0717145 0.0671474 0.0614981 0.0552131 0.0486365 0.0420187 0.0355382 0.029328 0.0235016 0.0181703 0.0134493 0.0094466 0.00623797 0.00383679
 0.00863003 0.0140123 0.0210703 0.0297163 0.0396241 0.0500795 0.0599529 0.067976 0.0732076 0.0753415 0.0746525 0.0717145 0.0671474 0.0614981 0.0552131 0.0486365 0.0420187 0.0355382 0.029328 0.0235016 0.0181703 0.0134493 0.0094466 0.00623797 0.00383679
 0.00867533 0.014085 0.0211775 0.029863 0.039811 0.0503004 0.0601923 0.0682095 0.0734067 0.0754802 0.0747132 0.0716914 0.067046 0.0613337 0.0550076 0.0484139 0.0418016 0.0353435 0.0291658 0.023375 0.0180775 0.0133855 0.00940588 0.00621407 0.00382411
 0.00865101 0.0140515 0.0211384 0.0298261 0.0397872 0.0503006 0.0602248 0.068278 0.0735081 0.0756043 0.0748436 0.0718085 0.0671314 0.0613751 0.0550013 0.0483656 0.041724 0.0352525 0.0290761 0.0232974 0.0180172 0.0133431 0.00937897 0.00619872 0.00381635
 0.00848202 0.0137828 0.0207471 0.0292992 0.0391296 0.0495445 0.0594361 0.0675509 0.0729451 0.0752871 0.0748105 0.0720475 0.0675893 0.0619753 0.0556629 0.0490192 0.0423205 0.0357651 0.0294968 0.0236302 0.0182721 0.0135318 0.00951276 0.00628871 0.00387306
 0.00876388 0.0142073 0.0213212 0.0300023 0.0399131 0.0503361 0.0601466 0.0680868 0.07323 0.0752854 0.0745408 0.0715752 0.0670029 0.0613588 0.0550772 0.0484965 0.0418696 0.0353823 0.0291751 0.0233644 0.0180596 0.0133699 0.00939704 0.00621187 0.00382607
 0.00876454 0.0142426 0.021436 0.0302547 0.0403541 0.0509793 0.0609448 0.0689329 0.073986 0.075826 0.0747889 0.0715168 0.0666803 0.0608509 0.0544749 0.0478806 0.0412972 0.0348839 0.02876 0.02303 0.0177985 0.0131737 0.00925705 0.00611822 0.00376806
 0.00865757 0.0140716 0.0211873 0.0299263 0.0399663 0.0505846 0.0606282 0.0687921 0.0740931 0.0761885 0.0753366 0.0721265 0.0672241 0.0612405 0.0546812 0.0479264 0.0412338 0.0347658 0.0286291 0.0229107 0.0177007 0.0130991 0.0092032 0.00608176 0.00374512
 0.00875676 0.0142127 0.0213616 0.0301115 0.0401306 0.0506967 0.0606684 0.0687621 0.0740199 0.07612 0.0753239 0.0721984 0.0673689 0.0614075 0.0548046 0.0479562 0.0411555 0.0346 0.0284162 0.0226918 0.0175056 0.0129427 0.00908837 0.00600393 0.00369643
 0.00902724 0.0146495 0.0220102 0.0310029 0.0412646 0.0520202 0.0620615 0.0700495 0.0750146 0.0766817 0.0754027 0.071841 0.0666877 0.0605342 0.0538494 0.0469901 0.040216 0.0337092 0.0275959 0.0219672 0.0168996 0.0124672 0.00874072 0.00576827 0.00354902
 0.00899113 0.0146202 0.0220212 0.0311061 0.0415188 0.0524723 0.0627248 0.0708897 0.0759479 0.0775866 0.0761458 0.0723104 0.0668249 0.0603477 0.0534048 0.0463801 0.0395297 0.0330143 0.026937 0.0213737 0.016392 0.0120585 0.00843385 0.00555525 0.00341325
 0.00880972 0.0143216 0.0215689 0.0304742 0.040711 0.0515436 0.0617949 0.0701276 0.0755244 0.077613 0.0766295 0.0731526 0.0678565 0.0613858 0.0543033 0.0470586 0.0399739 0.0332557 0.0270273 0.0213651 0.0163284 0.0119732 0.0083502 0.00548655 0.0033642
 0.0087409 0.0141897 0.0213336 0.030086 0.040124 0.0507373 0.0607966 0.069025 0.0744596 0.0767558 0.0761376 0.0731264 0.0683055 0.0622219 0.0553671 0.0481703 0.0409833 0.0340732 0.0276261 0.0217649 0.0165714 0.0121064 0.00841423 0.00551189 0.00337098
 0.00867892 0.0140841 0.0211648 0.0298303 0.0397554 0.050233 0.0601457 0.0682387 0.07358 0.0758619 0.0753413 0.0725556 0.0680733 0.0623901 0.0559205 0.0490154 0.0419759 0.035062 0.028494 0.0224492 0.0170623 0.0124292 0.00860978 0.0056212 0.00342731
 0.00873064 0.01416 0.0212629 0.0299409 0.0398605 0.0503062 0.0601529 0.068142 0.073346 0.0754739 0.0748131 0.0719409 0.0674628 0.0618938 0.0556375 0.0490001 0.042218 0.0354906 0.0290053 0.0229434 0.0174715 0.0127268 0.00880223 0.0057327 0.00348537
 0.00888778 0.0144198 0.0216597 0.0305038 0.0405998 0.0511959 0.0611172 0.0690586 0.0740712 0.0758813 0.0748264 0.0715508 0.0667274 0.0609264 0.0545844 0.0480097 0.0414071 0.0349188 0.028668 0.022788 0.0174269 0.0127307 0.0088157 0.00573991 0.00348493
