SBPRF35
10.4772
Curr Bio
621468
B35
757152
F35
0.185682
FOFL
0.144831
OFL
70278.2
Bzero
2.99349e+006
#pred survey bio
 3.91629e+006 3.7453e+006 3.59183e+006 3.38606e+006 3.15132e+006 2.87833e+006 2.63483e+006 2.37616e+006 2.14585e+006 1.92439e+006 1.70814e+006 1.50558e+006 1.30971e+006 1.13912e+006 1.0241e+006 919142 813054 746149 699144 664509 636476 623743 601376 590522 588405 578916 580176 576214 577149 573720 571470 579134 581798 574872 563676 545121 531603 533049 531807 527926 539578 543191 550724 561781 569229 564057 567795 564640 557348 560156 562159 632784 618119 590448 614127 591050 565630 553414 595662 630923 607018 574591 571973 585883 623737 659863 643296 627840 2.11697e+007 1.31682e+007 1.38799e+007 1.50067e+007 1.63551e+007 1.77204e+007 1.89679e+007 2.0033e+007 2.09009e+007 2.15853e+007 2.2113e+007 2.25137e+007 2.28148e+007 2.30399e+007 2.32077e+007 2.33328e+007 2.34263e+007 2.34964e+007 2.35491e+007 2.3589e+007 2.36194e+007 2.36426e+007 2.36604e+007 2.36742e+007 2.36849e+007 2.36932e+007 2.36997e+007 2.37048e+007 2.37088e+007 2.37119e+007 2.37144e+007 2.37164e+007 2.3718e+007 2.37192e+007 2.37202e+007 2.3721e+007 2.37217e+007 2.37222e+007 2.37226e+007 2.37229e+007 2.37232e+007 2.37234e+007 2.37235e+007 2.37237e+007 2.37238e+007 2.37239e+007 2.37239e+007 2.3724e+007 2.3724e+007 2.37241e+007 2.37241e+007 2.37241e+007 2.37241e+007 2.37241e+007 2.37241e+007 2.37242e+007 2.37242e+007 2.37242e+007 2.37242e+007 2.37242e+007 2.37242e+007 2.37242e+007 2.37242e+007 2.37242e+007 2.37242e+007 2.37242e+007 2.37242e+007 2.37242e+007 2.37242e+007 2.37242e+007 2.37242e+007 2.37242e+007 2.37242e+007 2.37242e+007 2.37242e+007 2.37242e+007 2.37242e+007 2.37242e+007 2.37242e+007 2.37242e+007 2.37242e+007 2.37242e+007 2.37242e+007 2.37242e+007 2.37242e+007 2.37242e+007 2.37242e+007 2.37242e+007 2.37242e+007 2.37242e+007 2.37242e+007 2.37242e+007 2.37242e+007 2.37242e+007 2.37242e+007 2.37242e+007 2.37242e+007 2.37242e+007 2.37242e+007 2.37242e+007 0 0 0 0 0 0 0 0 0 0 0 0 0 0 0 0 0 0 0 0 0 0 0 0 0
#obs survey bio
 4.85591e+006 3.01739e+006 2.31712e+006 3.65843e+006 2.25026e+006 2.90944e+006 3.32743e+006 1.98176e+006 1.99408e+006 1.67772e+006 1.6086e+006 1.30122e+006 1.11713e+006 1.20969e+006 1.04013e+006 598457 791413 773314 599246 560760 654735 638289 568452 542094 361673 346952 630935 484578 784790 414636 550760 612406 634089 650630 898996 530033 455073 549740 655299 573232 466782 562975 474757 641932 464150 752224 552645 615576 682340 499936 662312 549463 580913 639960 739106 680532 485030 471526 646160 722221 588309 528169 607107 639106 725653 725072 712152 483494
#pred catch bio
 114662 102832 159684 200326 253752 247449 281878 275827 285388 295365 294021 294358 273897 225299 216114 214470 177161 157317 144237 136177 121420 127869 116514 108796 114597 104477 107026 100473 101838 98628.3 88644.7 91139.2 96306.1 95749.8 97418.9 90990.3 80722.5 87303.5 92258.6 81092.3 89380.1 86809.1 85127 89674.5 100749 92928 98265.3 100648 91679.8 92634.4 37284.6 110369 118467 75110.8 115550 116276 105069 61506.5 70407.1 120020 125522 101134 90220.1 73982.4 79075.5 124015 121588 125655 70278.2 91503.5 95431.4 102164 110946 120010 128231 135124 140603 144791 147901 150160 151772 152907 153697 154243 154618 154873 155047 155164 155243 155297 155333 155357 155373 155384 155391 155395 155399 155401 155402 155403 155404 155404 155404 155405 155405 155405 155405 155405 155405 155405 155405 155405 155405 155405 155405 155405 155405 155405 155405 155405 155405 155405 155405 155405 155405 155405 155405 155405 155405 155405 155405 155405 155405 155405 155405 155405 155405 155405 155405 155405 155405 155405 155405 155405 155405 155405 155405 155405 155405 155405 155405 155405 155405 155405 155405 155405 155405 155405 155405 155405 155405 155405 155405 155405 155405 155405 155405 155405 0 0 0 0 0 0 0 0 0 0 0 0 0 0 0 0 0 0 0 0 0 0 0 0 0
#obs catch bio
 0 102431 160374 201030 255936 249442 284971 279146 288542 300053 299154 301720 280806 228622 218293 218906 179143 159308 146051 138127 122504 129442 117811 109845 116865 106203 108646 101191 102332 99139.4 88942.9 91383.6 96577.3 95700.8 96890.9 90330.1 80118.7 86533.5 91626.7 80439 89130.3 86216.1 84450.3 89094.1 100715 92424.4 97886.5 99985.8 90788.3 93130.8 36645.3 110433 118463 74203.6 114675 114935 104648 61064.6 69851.9 119341 124715 100395 90009.6 73852.4 78775.9 124210 120810 125721
#pred cpue bio
 3.85809e+006 3.69002e+006 3.53852e+006 3.33347e+006 3.09933e+006 2.82723e+006 2.58441e+006 2.32682e+006 2.09742e+006 1.87704e+006 1.66218e+006 1.46139e+006 1.26794e+006 1.1e+006 986789 883465 779388 713992 668244 634607 607447 595163 573481 562922 560800 551593 553149 549955 551474 548593 546726 554577 557736 551657 541562 524138 510495 510431 508112 504074 515442 519052 526413 537025 544072 539005 542779 539917 532948 535624 537542 606749 593049 565816 588471 565914 540776 528389 569592 604632 581460 549029 545594 558764 595663 631182 615115 599709 2.0216e+007 1.25911e+007 1.31894e+007 1.41888e+007 1.54899e+007 1.68434e+007 1.80884e+007 1.9153e+007 2.00208e+007 2.07052e+007 2.12329e+007 2.16335e+007 2.19347e+007 2.21598e+007 2.23276e+007 2.24527e+007 2.25462e+007 2.26163e+007 2.2669e+007 2.27089e+007 2.27393e+007 2.27625e+007 2.27803e+007 2.27941e+007 2.28048e+007 2.28131e+007 2.28196e+007 2.28247e+007 2.28287e+007 2.28318e+007 2.28343e+007 2.28363e+007 2.28379e+007 2.28391e+007 2.28401e+007 2.28409e+007 2.28415e+007 2.2842e+007 2.28425e+007 2.28428e+007 2.2843e+007 2.28432e+007 2.28434e+007 2.28435e+007 2.28436e+007 2.28437e+007 2.28438e+007 2.28439e+007 2.28439e+007 2.28439e+007 2.2844e+007 2.2844e+007 2.2844e+007 2.2844e+007 2.2844e+007 2.2844e+007 2.2844e+007 2.28441e+007 2.28441e+007 2.28441e+007 2.28441e+007 2.28441e+007 2.28441e+007 2.28441e+007 2.28441e+007 2.28441e+007 2.28441e+007 2.28441e+007 2.28441e+007 2.28441e+007 2.28441e+007 2.28441e+007 2.28441e+007 2.28441e+007 2.28441e+007 2.28441e+007 2.28441e+007 2.28441e+007 2.28441e+007 2.28441e+007 2.28441e+007 2.28441e+007 2.28441e+007 2.28441e+007 2.28441e+007 2.28441e+007 2.28441e+007 2.28441e+007 2.28441e+007 2.28441e+007 2.28441e+007 2.28441e+007 2.28441e+007 2.28441e+007 2.28441e+007 2.28441e+007 2.28441e+007 2.28441e+007 2.28441e+007 2.28441e+007 0 0 0 0 0 0 0 0 0 0 0 0 0 0 0 0 0 0 0 0 0 0 0 0 0
#obs cpue bio
 4.85016e+006 3.14304e+006 2.53071e+006 2.94409e+006 2.99671e+006 1.76467e+006 2.2043e+006 1.91285e+006 2.60188e+006 1.38881e+006 1.37955e+006 931742 1.16281e+006 1.17779e+006 1.175e+006 711047 895422 513330 627372 567236 583512 485168 480262 518878 447033 697062 513200 855062 472194 691543 522297 571150 526884 603649 553601 688204 618983 678155 422519 482276 501042 708638 729726 452667 496325 534742 573006 687906 582336 350353 704931 785526 519006 786923 649010 625032 535614 541843 727955 634901 607782 649974 431734 402175 580640 616234 785939 559710
#pred surv len freq
 0.00503439 0.00814608 0.0122082 0.0171845 0.0229467 0.0292008 0.0354565 0.0411401 0.0458088 0.0492981 0.0517016 0.053243 0.054158 0.0546371 0.0548087 0.0547421 0.0544612 0.0539522 0.0531394 0.0518241 0.049639 0.0461127 0.0408945 0.0340502 0.026212
 0.00531373 0.00849548 0.0125452 0.01738 0.0228755 0.0288125 0.0348226 0.0404363 0.0452348 0.0489825 0.051651 0.0533614 0.0543163 0.0547458 0.0548565 0.0547894 0.0545962 0.0542338 0.0535536 0.052278 0.049999 0.0462682 0.0408112 0.0337806 0.0258604
 0.00553369 0.00886513 0.0131159 0.0181865 0.0239038 0.0299664 0.0359162 0.0412406 0.0455732 0.0488198 0.0511105 0.0526522 0.053622 0.0541531 0.0543615 0.0543559 0.0542098 0.0539121 0.0533154 0.052106 0.049832 0.0460319 0.0404656 0.0333461 0.0254046
 0.00575243 0.00921659 0.013639 0.0189193 0.0248797 0.0312034 0.0373931 0.0428697 0.0471862 0.0501894 0.0520149 0.0529579 0.0533372 0.0534128 0.0533544 0.0532449 0.0530952 0.0528413 0.0523072 0.0511627 0.0489409 0.0451732 0.0396325 0.0325612 0.0247149
 0.00600312 0.00961462 0.0142209 0.0197139 0.0259061 0.0324656 0.0388733 0.044522 0.0489326 0.0519166 0.0535713 0.0541646 0.0540235 0.0534717 0.0527863 0.0521582 0.0516597 0.0512268 0.0506426 0.0495278 0.04738 0.0437158 0.0383098 0.0314128 0.0237802
 0.00627997 0.0100599 0.0148819 0.0206314 0.0271067 0.0339505 0.0406065 0.0464275 0.0509053 0.0538409 0.0553333 0.0556504 0.0551127 0.0540409 0.0527348 0.0514455 0.0503327 0.0494134 0.0485158 0.0472621 0.0451245 0.04159 0.0364102 0.0298145 0.0225286
 0.00653801 0.0104698 0.0154819 0.0214529 0.0281716 0.035266 0.0421565 0.0481659 0.0527565 0.0557083 0.0571108 0.0572307 0.0563907 0.0549125 0.0530987 0.0512156 0.0494636 0.047928 0.0465164 0.0449165 0.042634 0.0391549 0.0342032 0.0279616 0.0210956
 0.0068459 0.0109595 0.0161985 0.0224313 0.0294302 0.0367984 0.0439218 0.0500869 0.0547308 0.0576274 0.0588755 0.0587561 0.0576019 0.0557379 0.0534653 0.05105 0.0487038 0.0465468 0.0445497 0.0424812 0.0399227 0.0364058 0.0316532 0.0257981 0.0194214
 0.00714021 0.0114277 0.0168844 0.0233696 0.0306414 0.0382809 0.0456417 0.0519729 0.056682 0.0595298 0.0606206 0.0602521 0.0587767 0.0565347 0.0538338 0.050939 0.0480606 0.0453311 0.0427605 0.0401873 0.0372796 0.0336425 0.029027 0.0235322 0.0176517
 0.00741876 0.0118775 0.0175556 0.0243064 0.0318742 0.0398123 0.0474336 0.0539418 0.0587104 0.0614889 0.0623911 0.0617365 0.0599022 0.0572511 0.0541065 0.0507403 0.0473628 0.0441092 0.0410101 0.0379547 0.0346888 0.0308984 0.0263812 0.0212198 0.0158278
 0.00767311 0.0122927 0.0181837 0.0251976 0.0330674 0.0413207 0.0492281 0.0559437 0.0608 0.0635257 0.064237 0.0632734 0.0610416 0.0579367 0.05431 0.0504513 0.0465782 0.0428288 0.0392453 0.0357519 0.0321565 0.0282185 0.0237862 0.0189369 0.0140151
 0.00785024 0.0125934 0.0186604 0.0259081 0.0340644 0.0426336 0.0508444 0.0578003 0.0627896 0.0655156 0.0660891 0.0648597 0.0622566 0.0587043 0.0545863 0.0502205 0.0458439 0.0416067 0.0375647 0.0336696 0.0297778 0.0257087 0.0213549 0.0167921 0.012305
 0.00805514 0.0129254 0.0191588 0.0266111 0.0350048 0.0438304 0.0522911 0.0594558 0.064577 0.0673297 0.0678083 0.0663612 0.0634302 0.0594646 0.0548784 0.0500193 0.0451495 0.0404389 0.0359626 0.0316993 0.0275462 0.0233709 0.0191009 0.0148077 0.0107229
 0.00840211 0.0134543 0.0198899 0.0275419 0.0361145 0.045088 0.0536589 0.0608886 0.0660216 0.0687262 0.0690927 0.0674671 0.06429 0.0600136 0.0550611 0.0497963 0.0445018 0.0393703 0.0345025 0.0299088 0.0255263 0.0212644 0.0170779 0.013032 0.00930936
 0.00869206 0.0139029 0.0205217 0.0283623 0.0371076 0.0462153 0.0548598 0.0620869 0.0671413 0.0697116 0.0699179 0.0681291 0.0647904 0.0603412 0.0551854 0.0496729 0.0440851 0.0386283 0.0334302 0.0285391 0.0239369 0.0195758 0.0154371 0.0115809 0.00814845
 0.00882303 0.0141414 0.0209265 0.0290003 0.0380333 0.0474412 0.0563308 0.0636789 0.0686897 0.0710565 0.0709448 0.068787 0.0650873 0.0603225 0.0549064 0.049175 0.0433856 0.0377249 0.032318 0.0272321 0.0224845 0.0180681 0.0139912 0.0103123 0.00713877
 0.00902922 0.0144658 0.0213965 0.0296383 0.0388587 0.0484682 0.0575595 0.0650795 0.0701881 0.072531 0.0722429 0.0697601 0.0656307 0.0604017 0.0545566 0.048476 0.0424272 0.0365808 0.0310382 0.0258547 0.021055 0.016653 0.0126759 0.00918152 0.00625085
 0.00916099 0.014663 0.0216623 0.0299665 0.0392386 0.0488928 0.0580315 0.065612 0.0707987 0.0732297 0.0730158 0.0705561 0.0663619 0.0609625 0.0548554 0.0484633 0.042105 0.0359905 0.0302402 0.0249125 0.0200327 0.015619 0.0117037 0.0083395 0.00558588
 0.00926863 0.0148265 0.0218864 0.0302471 0.0395627 0.0492406 0.05838 0.06594 0.0710957 0.0735025 0.0732881 0.0708557 0.0667004 0.0613185 0.0551724 0.0486662 0.0421264 0.0357942 0.0298298 0.0243258 0.0193297 0.0148708 0.0109821 0.0077067 0.00508287
 0.00932655 0.0149186 0.0220209 0.0304291 0.0397929 0.0495122 0.0586765 0.0662367 0.071365 0.0737235 0.0734544 0.0709789 0.0668043 0.0614265 0.0552919 0.0487782 0.0421883 0.0357556 0.0296536 0.0240043 0.0188884 0.0143608 0.0104655 0.00724079 0.00470674
 0.0094348 0.0150766 0.0222257 0.0306672 0.0400446 0.0497593 0.0589071 0.066445 0.071547 0.0738734 0.0735646 0.0710436 0.0668247 0.0614132 0.0552606 0.0487403 0.0421415 0.0356806 0.0295223 0.0237944 0.0185976 0.0140115 0.0100983 0.00689993 0.00442615
 0.00944517 0.0150934 0.0222503 0.0306998 0.040083 0.0497979 0.0589378 0.0664604 0.0715458 0.0738639 0.0735626 0.0710655 0.06688 0.0615004 0.0553698 0.0488582 0.042253 0.0357684 0.0295663 0.0237761 0.0185079 0.0138581 0.00990545 0.00670059 0.00425012
 0.00956234 0.0152733 0.0225009 0.0310204 0.0404631 0.0502171 0.0593648 0.0668543 0.0718615 0.0740628 0.0736232 0.0709895 0.0666915 0.0612377 0.0550738 0.0485623 0.0419776 0.0355201 0.0293405 0.0235621 0.0182957 0.0136443 0.00969685 0.00651092 0.00409339
 0.00966793 0.0154261 0.0226962 0.0312423 0.0406898 0.0504292 0.059551 0.0670115 0.0719904 0.0741619 0.0736862 0.0710068 0.0666549 0.061146 0.0549358 0.0483945 0.0417989 0.0353455 0.029177 0.0234089 0.0181485 0.0135002 0.00955798 0.00638447 0.00398785
 0.0095983 0.0153348 0.0225985 0.0311641 0.0406585 0.0504601 0.0596382 0.0671308 0.0721121 0.0742658 0.0737683 0.0710746 0.0667165 0.0612024 0.0549809 0.0484204 0.0418015 0.0353263 0.0291405 0.0233596 0.018089 0.0134327 0.00948607 0.00631415 0.00392592
 0.00944996 0.015125 0.0223418 0.030896 0.0404282 0.0503167 0.059617 0.0672435 0.0723432 0.0745751 0.074101 0.0713773 0.0669527 0.0613595 0.0550653 0.048448 0.0417883 0.0352851 0.0290811 0.0232896 0.0180145 0.0133584 0.00941594 0.00625192 0.00387481
 0.00920767 0.0147479 0.0218077 0.0302015 0.039596 0.0494029 0.0587143 0.0664713 0.0718203 0.0743838 0.0742605 0.0718408 0.0676274 0.0621373 0.0558506 0.0491732 0.0424166 0.0358031 0.0294904 0.0235991 0.0182366 0.0135072 0.00950692 0.00630069 0.00389604
 0.00916384 0.014658 0.0216382 0.0299106 0.0391453 0.0487756 0.057933 0.065605 0.0709751 0.0736801 0.0738053 0.0717021 0.0678174 0.0626108 0.05652 0.0499342 0.0431746 0.03649 0.0300688 0.0240569 0.0185785 0.0137477 0.00966471 0.006396 0.00394811
 0.00910869 0.0145686 0.021503 0.0297158 0.0388739 0.0484083 0.0574532 0.0650089 0.0702841 0.0729501 0.0731246 0.0711755 0.0675386 0.0626342 0.0568435 0.050501 0.0438909 0.0372529 0.0307902 0.0246781 0.0190723 0.0141123 0.00991498 0.00655509 0.00404109
 0.00911324 0.0145701 0.0214941 0.0296853 0.0388084 0.0482947 0.0572809 0.0647699 0.0699729 0.0725667 0.0726816 0.070707 0.0671036 0.0623074 0.056694 0.0505671 0.0441655 0.0376846 0.0313016 0.0251902 0.0195246 0.0144717 0.0101746 0.00672627 0.00414406
 0.00902697 0.0144461 0.0213372 0.0295095 0.0386313 0.0481298 0.0571316 0.0646296 0.0698297 0.0724087 0.072502 0.0705066 0.0668941 0.0621145 0.056557 0.0505306 0.0442626 0.0379212 0.03165 0.025597 0.019929 0.0148245 0.0104487 0.00691745 0.00426428
 0.00882317 0.0141307 0.0208935 0.0289362 0.0379463 0.0473733 0.0563668 0.0639357 0.0692843 0.0720657 0.0723772 0.0705789 0.0671195 0.0624449 0.0569548 0.0509758 0.0447502 0.0384509 0.0322129 0.026168 0.0204697 0.0152951 0.0108219 0.00718579 0.00443866
 0.00860703 0.013801 0.0204379 0.0283577 0.0372625 0.046614 0.0555741 0.0631652 0.0686021 0.0715393 0.0720617 0.0705033 0.0672801 0.062807 0.0574649 0.0515772 0.0453969 0.0391115 0.0328664 0.0267947 0.0210456 0.0157936 0.011222 0.00747971 0.00463467
 0.00835706 0.0134261 0.0199327 0.0277383 0.0365624 0.0458759 0.0548438 0.0624881 0.0680209 0.0710905 0.0717728 0.0703931 0.0673576 0.0630694 0.0578938 0.0521381 0.0460448 0.0397999 0.0335542 0.0274487 0.0216382 0.016302 0.0116299 0.00778212 0.00483946
 0.00832285 0.0133414 0.0197528 0.0274083 0.0360356 0.0451409 0.0539451 0.0615237 0.0671136 0.0703492 0.0712651 0.0701406 0.0673493 0.0632785 0.0582883 0.0526833 0.046701 0.040522 0.0342947 0.0281621 0.0222859 0.0168549 0.0120712 0.00810849 0.00506101
 0.0091453 0.014504 0.0211776 0.0289076 0.0373582 0.0460508 0.0542911 0.0612691 0.0663272 0.0691757 0.0698886 0.068746 0.0660875 0.0622457 0.0575247 0.0521868 0.0464443 0.040465 0.0343902 0.0283598 0.0225364 0.0171146 0.0123064 0.00829855 0.00519883
 0.00992395 0.0157243 0.0229195 0.0311896 0.0401041 0.0490574 0.0572168 0.0636807 0.0678154 0.0694929 0.0690329 0.0669438 0.0636958 0.0596347 0.0549937 0.0499304 0.0445588 0.0389732 0.0332693 0.0275625 0.0220041 0.0167855 0.0121217 0.00820739 0.00516145
 0.00981668 0.0156586 0.0230217 0.0316439 0.041104 0.0507248 0.0595244 0.0664181 0.0706181 0.0719237 0.0706899 0.0675656 0.0632292 0.0582387 0.0529755 0.047644 0.0423118 0.0369755 0.0316267 0.0262986 0.0210895 0.0161639 0.0117269 0.00797484 0.00503563
 0.00953929 0.0152508 0.0224949 0.0310549 0.040563 0.0503938 0.0595984 0.0670778 0.071955 0.0738664 0.0729781 0.0698009 0.064993 0.059223 0.0530715 0.0469523 0.0410808 0.035504 0.0301753 0.0250407 0.0201043 0.0154568 0.0112592 0.00768977 0.00487604
 0.00953123 0.0152091 0.022381 0.0308208 0.040171 0.0498472 0.0589685 0.0665097 0.0716412 0.0739918 0.0736505 0.0709933 0.0665228 0.0607904 0.0543505 0.0477 0.0412129 0.0351027 0.0294337 0.0241782 0.0192975 0.0148067 0.0107948 0.00739159 0.00470296
 0.00938796 0.014993 0.0220857 0.0304468 0.0397205 0.0493184 0.0583587 0.0658312 0.0709447 0.073382 0.0732772 0.0710095 0.0670207 0.0617448 0.0556027 0.0490001 0.0423057 0.0358171 0.0297304 0.0241371 0.0190596 0.0145095 0.0105311 0.00720059 0.00458483
 0.00940843 0.0150131 0.022092 0.0304194 0.0396388 0.0491689 0.0581399 0.0655517 0.0706167 0.07302 0.0729074 0.0706843 0.0668229 0.0617646 0.0558932 0.0495347 0.0429714 0.0364538 0.0301976 0.0243683 0.0190751 0.0143868 0.0103586 0.00704253 0.00447012
 0.00950942 0.0151541 0.0222604 0.0305876 0.0397691 0.0492246 0.0580949 0.0653968 0.0703606 0.0726866 0.0725308 0.0703051 0.0664864 0.0615217 0.0557949 0.0496153 0.043225 0.0368223 0.0305853 0.0246809 0.0192579 0.0144401 0.0103228 0.00696926 0.00439827
 0.00949063 0.0151386 0.0222638 0.0306303 0.0398673 0.0493765 0.0582731 0.0655516 0.0704376 0.0726481 0.0723704 0.0700477 0.0661783 0.0612176 0.055548 0.0494697 0.0432061 0.0369263 0.0307753 0.0248966 0.0194399 0.0145529 0.0103642 0.006961 0.00436847
 0.00934922 0.0149401 0.0220239 0.0303854 0.0396665 0.0492672 0.0582861 0.0656912 0.0706779 0.072937 0.0726416 0.0702403 0.0662566 0.0611822 0.055433 0.0493282 0.0430918 0.0368764 0.0307998 0.0249775 0.0195421 0.0146414 0.0104189 0.0069807 0.00436478
 0.00930594 0.0148737 0.0219325 0.0302728 0.0395451 0.0491604 0.0582266 0.0657147 0.0708093 0.0731756 0.0729536 0.0705646 0.0665237 0.061337 0.0554527 0.0492284 0.0429174 0.0366833 0.0306348 0.0248649 0.019481 0.0146148 0.0104066 0.0069696 0.00435101
 0.00922075 0.0147366 0.0217292 0.0299929 0.039186 0.0487337 0.0577644 0.0652699 0.0704482 0.0729625 0.072932 0.0707427 0.0668687 0.0617826 0.0559188 0.0496452 0.043245 0.0369168 0.0307949 0.0249803 0.0195734 0.014693 0.0104697 0.00701465 0.00437808
 0.00922361 0.0147379 0.0217245 0.0299745 0.0391435 0.0486549 0.0576387 0.0650928 0.0702271 0.0727204 0.0727072 0.0705807 0.0668076 0.0618385 0.0560778 0.0498678 0.0434812 0.037125 0.0309538 0.0250902 0.0196468 0.0147436 0.0105063 0.0070406 0.00439477
 0.00938193 0.014966 0.0220135 0.0302966 0.039459 0.0489237 0.0578292 0.065185 0.0702114 0.0725969 0.0724876 0.0702909 0.0664873 0.0615341 0.05583 0.0496989 0.0433894 0.0370892 0.0309463 0.0250889 0.0196417 0.0147342 0.0104962 0.00703251 0.00438938
 0.00933021 0.0149043 0.0219607 0.0302813 0.0395076 0.0490445 0.058002 0.0653647 0.0703462 0.0726497 0.0724485 0.0701757 0.0663262 0.0613614 0.0556767 0.0495888 0.0433351 0.037089 0.030986 0.025148 0.0197014 0.0147833 0.0105311 0.00705494 0.00440263
 0.0092277 0.0147513 0.021757 0.0300391 0.0392524 0.0488128 0.0578358 0.0653008 0.0704012 0.0728093 0.0726685 0.0703987 0.0665053 0.0614753 0.0557317 0.0496088 0.0433475 0.0371145 0.0310325 0.0252116 0.0197712 0.0148477 0.0105826 0.00709129 0.00442558
 0.00870907 0.0139211 0.0205359 0.0283727 0.0371355 0.0463209 0.0551502 0.0627023 0.0682174 0.071331 0.0720743 0.0707181 0.0676283 0.0631967 0.0578092 0.0518161 0.0455074 0.0391076 0.0327889 0.0266963 0.0209728 0.015773 0.0112548 0.00754776 0.00471285
 0.00909221 0.0144883 0.021282 0.0292459 0.0380379 0.0471187 0.0556915 0.0628473 0.0678811 0.0705249 0.0709217 0.0694242 0.0664168 0.0622427 0.057199 0.051545 0.0455077 0.0392867 0.0330602 0.0269941 0.021254 0.0160128 0.0114422 0.00768212 0.00480085
 0.00936677 0.0149477 0.0219937 0.0302707 0.0394037 0.0487842 0.0575172 0.064599 0.0692781 0.0713179 0.070966 0.0687213 0.06511 0.060573 0.0554361 0.0499176 0.0441583 0.0382636 0.03234 0.0265168 0.0209531 0.0158314 0.0113377 0.00762489 0.00477127
 0.00908054 0.0145163 0.0214116 0.0295659 0.0386428 0.048072 0.0569855 0.0643773 0.0694459 0.0718588 0.0717548 0.0695608 0.0658047 0.0610007 0.055583 0.0498641 0.0440291 0.0381702 0.0323438 0.0266226 0.0211271 0.0160275 0.0115176 0.00776705 0.00487039
 0.00939373 0.0149726 0.0220001 0.0302417 0.0393394 0.0487228 0.0575437 0.0648251 0.0697934 0.072132 0.0719752 0.0697221 0.065861 0.0608803 0.0552257 0.0492612 0.0432405 0.0373071 0.031527 0.0259421 0.0206219 0.0156902 0.0113135 0.00765436 0.00481335
 0.00959467 0.0153103 0.0225253 0.0309994 0.0403479 0.0499471 0.0588778 0.0661045 0.0708416 0.07282 0.0722601 0.0696429 0.0655006 0.0603187 0.0545125 0.0484183 0.0422868 0.0362844 0.0305062 0.0250069 0.0198407 0.0150962 0.0109017 0.00739343 0.00466182
 0.00947786 0.0151577 0.0223666 0.0308904 0.0403619 0.050156 0.0593292 0.0668016 0.0717303 0.0737913 0.0731717 0.0703596 0.0659342 0.0604473 0.0543685 0.0480594 0.0417707 0.035662 0.0298291 0.0243331 0.0192292 0.014593 0.0105274 0.00714219 0.00450956
 0.00903456 0.0144465 0.0213189 0.0294629 0.0385624 0.048075 0.0571628 0.0648357 0.0702763 0.0730937 0.0733326 0.0713143 0.0674835 0.0623253 0.0563156 0.049874 0.0433292 0.0369117 0.0307698 0.0249988 0.0196736 0.0148756 0.0107022 0.00724957 0.00457551
 0.00905135 0.0144211 0.0211821 0.0291151 0.0378954 0.0470114 0.0556973 0.0630607 0.0683815 0.0713372 0.071989 0.0706083 0.0675275 0.0630863 0.0576285 0.0514974 0.0450162 0.0384668 0.032075 0.0260113 0.0204064 0.0153741 0.0110231 0.00744628 0.00469083
 0.00956863 0.015225 0.0223168 0.0305805 0.0396283 0.0488674 0.0574447 0.0644093 0.0690556 0.0711708 0.0709943 0.0689815 0.0655878 0.0611768 0.0560198 0.0503271 0.0442829 0.0380713 0.0318828 0.0259065 0.0203188 0.0152788 0.0109242 0.00735757 0.00462271
 0.00986233 0.0157225 0.023101 0.0317358 0.041215 0.0508822 0.0597814 0.0668448 0.0712777 0.0728428 0.0718366 0.0688459 0.0645032 0.0593477 0.0537699 0.0480063 0.0421736 0.0363321 0.0305472 0.0249228 0.0196043 0.0147588 0.0105474 0.00709235 0.0044464
 0.00979408 0.0156273 0.0229907 0.0316415 0.041192 0.0510097 0.0601523 0.0675389 0.0723204 0.074165 0.0732622 0.070123 0.0653761 0.0596404 0.0534461 0.0471773 0.0410512 0.0351494 0.0294851 0.0240742 0.018981 0.0143252 0.0102548 0.00689915 0.00432292
 0.00964218 0.0153863 0.0226406 0.0311721 0.0406109 0.0503533 0.0594954 0.0669952 0.0720249 0.0742383 0.0737658 0.0710231 0.0665328 0.0608364 0.0544512 0.0478244 0.0412879 0.0350405 0.0291673 0.0236914 0.0186356 0.0140628 0.0100773 0.00678775 0.00425624
 0.00936134 0.0149444 0.0220038 0.0303211 0.0395479 0.0491105 0.0581463 0.0656581 0.0708526 0.0733943 0.0733925 0.0712097 0.067286 0.0620637 0.0559693 0.0493997 0.042702 0.0361502 0.029933 0.0241607 0.0188984 0.0142059 0.0101596 0.00683941 0.00428955
 0.00926067 0.0147676 0.0217137 0.0298753 0.0389085 0.0482609 0.0571063 0.0644914 0.0696605 0.0723009 0.0725281 0.0706942 0.0672104 0.0624668 0.0568167 0.0505774 0.0440358 0.0374511 0.03105 0.0250166 0.0194919 0.0145854 0.0103892 0.00697394 0.00436665
 0.00947145 0.0151108 0.0222274 0.030585 0.0398095 0.0492965 0.0581548 0.0653792 0.0702066 0.0723761 0.0721008 0.0698407 0.0660917 0.0612841 0.0557602 0.0497803 0.0435462 0.0372313 0.0310064 0.0250452 0.0195175 0.0145773 0.0103515 0.00692554 0.00432375
 0.00911995 0.0146438 0.0217181 0.0301681 0.0396452 0.0495119 0.0587904 0.066367 0.0713856 0.0735339 0.073025 0.0703712 0.0661608 0.0609326 0.0551198 0.0490279 0.042846 0.0366899 0.0306545 0.0248515 0.0194221 0.0145254 0.0103114 0.00688765 0.00429029
#obs surv len freq
 nan nan nan nan nan nan nan nan nan nan nan nan nan nan nan nan nan nan nan nan nan nan nan nan nan
 0.00447725 0.00733548 0.011163 0.0159783 0.02168 0.0279581 0.0342757 0.0400104 0.0446928 0.0481586 0.0505177 0.0520144 0.0529072 0.05342 0.0537345 0.0539897 0.0542684 0.0545613 0.0547001 0.054292 0.0527299 0.0493617 0.0438108 0.0362901 0.0276728
 0.00461873 0.00756416 0.0115044 0.0164548 0.0223054 0.02873 0.0351671 0.0409668 0.0456385 0.0490106 0.0512005 0.0524718 0.0531089 0.0533631 0.0534398 0.0534936 0.0536145 0.0537924 0.0538555 0.0534089 0.0518471 0.0485225 0.0430599 0.0356654 0.0271954
 0.00478296 0.00783451 0.0119173 0.0170457 0.023101 0.0297365 0.0363577 0.0422781 0.0469787 0.0502763 0.0522928 0.0533071 0.0536253 0.0535248 0.0532396 0.0529525 0.0527758 0.0527142 0.0526034 0.0520528 0.0504624 0.0471898 0.0418594 0.0346632 0.026428
 0.00497666 0.00815177 0.0123994 0.0177329 0.0240254 0.0309099 0.0377588 0.0438461 0.0486196 0.0518777 0.0537405 0.0544966 0.0544697 0.05396 0.0532286 0.0524878 0.0518801 0.0514384 0.0510232 0.0502655 0.0485838 0.0453481 0.0401817 0.0332534 0.0253446
 0.00518508 0.00849308 0.0129178 0.0184716 0.0250189 0.0321713 0.039267 0.0455403 0.0504067 0.0536482 0.0553835 0.0559082 0.0555565 0.054642 0.0534435 0.0521962 0.0510718 0.0501376 0.0492934 0.0482116 0.0463496 0.0431053 0.0381062 0.031492 0.0239827
 0.00542689 0.00888701 0.0135123 0.0193123 0.0261404 0.033584 0.0409427 0.0474075 0.0523604 0.0555695 0.057158 0.0574349 0.0567495 0.055428 0.0537601 0.0519931 0.0503163 0.048826 0.0474642 0.0459587 0.0438271 0.0405162 0.0356708 0.029401 0.0223532
 0.00565278 0.00926163 0.0140898 0.0201477 0.0272784 0.0350419 0.0426925 0.0493711 0.0544212 0.0575967 0.0590279 0.0590428 0.0580114 0.0562767 0.0541404 0.0518579 0.0496274 0.0475632 0.0456434 0.0436535 0.0411837 0.037748 0.0330246 0.0271009 0.0205445
 0.00588364 0.0096382 0.0146594 0.0209565 0.0283646 0.0364231 0.0443521 0.0512499 0.0564231 0.059603 0.060915 0.0606959 0.0593333 0.0571911 0.0545895 0.051797 0.0490208 0.0463877 0.0439035 0.041406 0.0385596 0.0349551 0.0303171 0.0247201 0.0186548
 0.00612954 0.0100399 0.0152675 0.0218189 0.029517 0.0378743 0.0460696 0.0531567 0.0584097 0.0615502 0.0627122 0.0622491 0.060564 0.0580342 0.0549909 0.0517122 0.0484139 0.0452347 0.0422045 0.0392077 0.0359794 0.0321886 0.0276132 0.0223233 0.0167388
 0.00637177 0.0104372 0.0158717 0.0226803 0.0306739 0.0393375 0.0478062 0.0550842 0.0604088 0.0634887 0.0644682 0.0637249 0.0616892 0.0587605 0.055285 0.0515472 0.0477653 0.0440831 0.0405484 0.0370861 0.0334962 0.0295229 0.0249988 0.0199953 0.0148686
 0.0066076 0.0108244 0.0164616 0.0235228 0.0318078 0.0407745 0.0495147 0.0569836 0.0623805 0.0653985 0.0661892 0.0651522 0.0627462 0.0593991 0.0554802 0.0512886 0.0470483 0.0429055 0.0389186 0.0350428 0.0311328 0.0270002 0.0225289 0.0177945 0.0130971
 0.00683789 0.0112012 0.0170329 0.0243348 0.0328957 0.0421481 0.0511434 0.0587912 0.0642549 0.0672127 0.0678217 0.0665005 0.0637328 0.0599733 0.0556159 0.0509789 0.0462983 0.0417272 0.0373344 0.0330987 0.0289181 0.0246594 0.0202502 0.0157696 0.0114684
 0.00705606 0.0115598 0.0175797 0.0251161 0.0339464 0.0434763 0.0527155 0.0605273 0.0660408 0.0689223 0.0693391 0.0677315 0.0646094 0.0604522 0.055676 0.0506168 0.0455236 0.0405594 0.0358049 0.03126 0.0268583 0.0225104 0.0181775 0.0139392 0.0100015
 0.00728035 0.0119269 0.0181365 0.025907 0.0350038 0.0448054 0.0542796 0.0622427 0.0677887 0.0705724 0.0707717 0.0688531 0.0653575 0.0607946 0.0556053 0.0501439 0.0446705 0.039356 0.0342905 0.029492 0.0249224 0.020527 0.0162913 0.0122906 0.00869026
 0.0074276 0.0121753 0.0185272 0.0264839 0.0358045 0.045847 0.0555433 0.0636686 0.0692838 0.0720279 0.0720808 0.0699234 0.066118 0.0611995 0.0556342 0.0497983 0.043969 0.0383296 0.0329818 0.0279599 0.0232492 0.0188211 0.0146781 0.0108883 0.00757985
 0.00753359 0.0123434 0.0187733 0.0268228 0.0362504 0.0464132 0.0562387 0.0644915 0.0702153 0.0730276 0.0730879 0.0708624 0.0669095 0.0617715 0.0559315 0.0497876 0.0436396 0.0376923 0.0320681 0.0268222 0.0219633 0.017485 0.0134017 0.00977299 0.0066947
 0.00758015 0.0124184 0.018885 0.0269787 0.0364565 0.0466731 0.0565534 0.0648608 0.07064 0.0735106 0.0736294 0.0714512 0.0675143 0.0623393 0.0563949 0.0500785 0.0437033 0.0374978 0.0316135 0.0261368 0.0211069 0.016542 0.012469 0.00894071 0.0060256
 0.0076617 0.0125408 0.0190502 0.027182 0.0366887 0.0469232 0.0568114 0.0651185 0.0708923 0.0737568 0.0738743 0.0717037 0.0677813 0.0626177 0.0566637 0.0502975 0.0438204 0.0374628 0.0313932 0.0257275 0.0205391 0.0158768 0.0117853 0.00831573 0.00551556
 0.00772459 0.0126398 0.0191928 0.0273715 0.0369221 0.0471892 0.0570893 0.0653813 0.0711147 0.0739239 0.0739874 0.071778 0.0678391 0.0626786 0.0567367 0.0503747 0.043876 0.037458 0.0312888 0.0254985 0.0201874 0.015435 0.0113085 0.00786501 0.00513915
 0.00776262 0.0126964 0.0192684 0.0274636 0.0370266 0.0473023 0.0572082 0.0655033 0.0712352 0.0740363 0.0740843 0.0718549 0.0678976 0.0627264 0.0567835 0.0504258 0.0439257 0.0374873 0.0312697 0.0254046 0.0200066 0.0151781 0.0110083 0.00756525 0.00487896
 0.00782471 0.0127912 0.0193992 0.0276286 0.0372185 0.0475085 0.0574117 0.0656851 0.0713785 0.0741309 0.0741287 0.0718551 0.0678633 0.0626686 0.0567132 0.0503528 0.0438554 0.0374176 0.0311893 0.0252969 0.0198588 0.0149893 0.0107935 0.00735029 0.00469027
 0.00783281 0.0128049 0.0194206 0.02766 0.0372613 0.0475628 0.0574749 0.0657524 0.0714438 0.0741887 0.0741757 0.0718906 0.0678888 0.0626866 0.0567259 0.0503617 0.0438605 0.0374165 0.031176 0.0252624 0.0197946 0.0148932 0.0106729 0.00722117 0.00457116
 0.00785913 0.0128398 0.0194588 0.0276922 0.0372775 0.047557 0.0574491 0.0657158 0.0714091 0.0741669 0.0741724 0.0719058 0.0679183 0.062725 0.0567683 0.050404 0.0438994 0.0374484 0.031196 0.0252649 0.0197742 0.0148481 0.0106073 0.00714521 0.00449736
 0.00790068 0.0129047 0.0195509 0.0278116 0.0374191 0.0477083 0.0575907 0.0658249 0.071467 0.0741663 0.0741206 0.0718208 0.067821 0.0626315 0.0566874 0.0503379 0.0438464 0.0374047 0.0311571 0.0252257 0.01973 0.0147964 0.0105491 0.00708522 0.00444216
 0.00788919 0.0128893 0.0195341 0.0277979 0.0374141 0.0477172 0.0576156 0.0658638 0.071513 0.0742095 0.0741511 0.0718324 0.0678144 0.0626137 0.0566678 0.0503244 0.0438422 0.0374083 0.031164 0.0252302 0.0197273 0.0147838 0.010527 0.00705697 0.0044129
 0.00788304 0.0128725 0.0194966 0.0277278 0.0373021 0.0475633 0.0574342 0.0656822 0.0713632 0.074117 0.0741266 0.0718708 0.0678996 0.062726 0.0567909 0.0504475 0.04396 0.0375177 0.031262 0.025313 0.0197914 0.0148271 0.0105505 0.00706457 0.00441025
 0.00789164 0.012882 0.0195023 0.0277215 0.0372728 0.0475 0.0573292 0.0655352 0.0711852 0.0739304 0.0739618 0.071757 0.0678553 0.0627536 0.0568776 0.0505726 0.0441023 0.0376606 0.0313941 0.0254273 0.0198836 0.0148955 0.0105959 0.00709051 0.00442198
 0.0079038 0.0129002 0.0195264 0.0277496 0.0373008 0.0475211 0.0573339 0.0655128 0.0711268 0.0738332 0.0738326 0.0716134 0.0677218 0.062655 0.0568307 0.0505815 0.0441583 0.0377473 0.0314936 0.0255246 0.0199684 0.0149623 0.0106434 0.00712041 0.00443826
 0.00787884 0.0128643 0.0194812 0.0276995 0.0372519 0.0474784 0.0573002 0.0654873 0.0711053 0.0738099 0.0738016 0.0715717 0.0676721 0.0626063 0.0567966 0.050575 0.0441869 0.0378093 0.0315793 0.0256199 0.0200597 0.0150397 0.0107021 0.0071604 0.00446249
 0.00784827 0.0128102 0.0193921 0.0275639 0.0370629 0.0472404 0.0570333 0.0652252 0.0708863 0.0736636 0.0737406 0.0715904 0.0677526 0.0627274 0.0569407 0.0507319 0.044352 0.0379806 0.0317526 0.0257876 0.020212 0.0151678 0.010801 0.00722988 0.00450678
 0.00781577 0.0127559 0.0193076 0.0274401 0.0368914 0.0470171 0.0567619 0.0649211 0.0705768 0.073385 0.0735305 0.0714782 0.067751 0.0628293 0.0571237 0.0509665 0.0446109 0.038243 0.0320045 0.0260191 0.0204149 0.0153358 0.0109307 0.00732222 0.00456685
 0.00779881 0.0127235 0.01925 0.0273451 0.0367478 0.0468188 0.0565123 0.0646342 0.0702749 0.073095 0.0732804 0.0712945 0.0676561 0.0628365 0.0572329 0.051163 0.0448689 0.0385322 0.0322972 0.0262933 0.0206559 0.0155346 0.0110839 0.00743174 0.00463873
 0.00777794 0.012689 0.0191968 0.0272677 0.0366402 0.0466761 0.0563321 0.0644192 0.0700345 0.072845 0.0730424 0.0710928 0.0675139 0.0627726 0.0572579 0.0512773 0.0450609 0.0387803 0.0325735 0.0265699 0.0209091 0.0157486 0.0112512 0.00755237 0.00471851
 0.00774067 0.0126302 0.0191118 0.0271534 0.036496 0.0465043 0.0561389 0.0642144 0.0698297 0.0726517 0.0728709 0.0709526 0.0674154 0.0627266 0.0572749 0.0513635 0.0452154 0.038993 0.0328253 0.0268359 0.021164 0.0159717 0.01143 0.00768343 0.00480622
 0.00933931 0.0148683 0.0218136 0.0299328 0.0388694 0.0480696 0.0567175 0.0638771 0.068813 0.071236 0.0712913 0.0693681 0.0659179 0.0613652 0.0560753 0.0503396 0.0443735 0.0383313 0.0323326 0.0264916 0.0209405 0.0158383 0.0113577 0.00764863 0.00479183
 0.0093118 0.0151196 0.0227138 0.0319417 0.0423362 0.0529632 0.0624548 0.0694186 0.0730329 0.073367 0.0711774 0.0674047 0.0627772 0.0577074 0.0523856 0.0469042 0.0413307 0.0357332 0.0301867 0.0247809 0.0196305 0.0148808 0.0106947 0.0072169 0.00452963
 0.00895613 0.0145604 0.0219295 0.0309821 0.041377 0.0523416 0.0626304 0.07081 0.07577 0.0771053 0.0751405 0.0706793 0.0646945 0.0580741 0.051454 0.0451589 0.0392585 0.0336904 0.0283761 0.0232879 0.0184691 0.0140261 0.0101013 0.00683078 0.00429577
 0.00878798 0.0142733 0.0214727 0.0303037 0.0404429 0.0511719 0.0613425 0.0696475 0.0750806 0.077245 0.0763155 0.0727993 0.0673395 0.0606317 0.0533669 0.0461366 0.0393349 0.0331254 0.0274947 0.0223569 0.0176503 0.0133866 0.00964602 0.00653225 0.00411526
 0.00872027 0.0141598 0.0212941 0.0300364 0.0400599 0.0506473 0.060663 0.0688304 0.0741983 0.0764429 0.0758049 0.0728031 0.0679942 0.061891 0.0549762 0.0477172 0.0405402 0.0337755 0.0276131 0.0221071 0.0172322 0.0129581 0.00929402 0.00628286 0.00395824
 0.00871282 0.0141421 0.0212569 0.0299663 0.0399411 0.050464 0.0604018 0.0684827 0.0737639 0.0759387 0.0752793 0.0723486 0.0677401 0.0619634 0.0554335 0.0484972 0.0414634 0.0346147 0.0281922 0.022366 0.017224 0.012795 0.0090855 0.00609939 0.00382723
 0.00867121 0.0140792 0.0211706 0.0298572 0.0398108 0.0503133 0.0602297 0.0682864 0.0735404 0.0756869 0.0750042 0.0720681 0.0674933 0.0618124 0.0554499 0.0487298 0.0419016 0.0351756 0.0287474 0.0227976 0.0174735 0.0128749 0.00905396 0.00602202 0.00375017
 0.00868058 0.0140899 0.0211788 0.0298565 0.0397946 0.0502773 0.0601735 0.0682125 0.073451 0.0755809 0.0748772 0.071916 0.06732 0.0616374 0.0553102 0.0486721 0.0419631 0.0353606 0.0290168 0.0230818 0.0177038 0.0130137 0.0091037 0.00601224 0.00371559
 0.00866523 0.0140683 0.0211522 0.0298275 0.0397657 0.0502489 0.060143 0.0681754 0.0734033 0.0755218 0.0748084 0.0718405 0.0672398 0.0615552 0.0552338 0.0486183 0.0419547 0.0354166 0.0291385 0.0232465 0.0178727 0.0131497 0.00918787 0.00604754 0.00371868
 0.00865689 0.0140537 0.0211284 0.029792 0.0397174 0.0501898 0.0600789 0.0681146 0.0733534 0.0754858 0.0747845 0.0718232 0.0672232 0.061536 0.0552126 0.0486004 0.0419504 0.0354383 0.0291948 0.023335 0.0179784 0.0132509 0.00926603 0.0060953 0.00374001
 0.00865332 0.0140484 0.0211211 0.0297826 0.0397052 0.0501736 0.060057 0.068086 0.0733186 0.0754482 0.0747486 0.0717931 0.0672006 0.0615195 0.0551998 0.0485901 0.041945 0.0354434 0.0292167 0.0233766 0.0180359 0.0133138 0.00932227 0.00613644 0.00376423
 0.0086365 0.0140226 0.0210853 0.0297369 0.0396515 0.0501149 0.0599977 0.0680311 0.0732728 0.0754147 0.0747287 0.0717867 0.0672068 0.0615367 0.0552254 0.0486213 0.0419794 0.0354805 0.0292578 0.0234233 0.0180877 0.0133669 0.00937055 0.00617449 0.00378979
 0.0086424 0.0140305 0.0210943 0.0297448 0.0396558 0.0501136 0.0599897 0.0680167 0.0732534 0.075392 0.0747046 0.0717628 0.0671845 0.0615174 0.0552105 0.0486118 0.041976 0.0354834 0.0292674 0.0234399 0.0181107 0.0133939 0.00939798 0.00619836 0.00380755
 0.00861733 0.0139955 0.021052 0.0297014 0.0396182 0.0500872 0.0599758 0.0680128 0.0732549 0.075395 0.0747073 0.0717654 0.0671883 0.0615235 0.0552195 0.0486238 0.0419908 0.035501 0.0292878 0.0234629 0.0181356 0.0134195 0.00942223 0.00621906 0.00382321
 0.00861409 0.0139845 0.0210255 0.0296499 0.0395346 0.0499723 0.0598416 0.0678808 0.0731487 0.0753314 0.074691 0.0717902 0.0672422 0.0615941 0.0552972 0.0487023 0.0420663 0.0355712 0.0293516 0.0235197 0.0181852 0.0134617 0.0094566 0.00624545 0.00384192
 0.00861409 0.0139845 0.0210255 0.0296499 0.0395346 0.0499723 0.0598416 0.0678808 0.0731487 0.0753314 0.074691 0.0717902 0.0672422 0.0615941 0.0552972 0.0487023 0.0420663 0.0355712 0.0293516 0.0235197 0.0181852 0.0134617 0.0094566 0.00624545 0.00384192
 0.00805346 0.0131024 0.0197562 0.0279615 0.0374468 0.0475766 0.0573179 0.0654884 0.0711793 0.0740371 0.0742213 0.0721639 0.0683582 0.0632688 0.057311 0.0508429 0.0441586 0.0374902 0.0310212 0.0249051 0.019282 0.0142875 0.0100447 0.00663854 0.00408648
 0.00850506 0.0137568 0.02059 0.0288946 0.0383542 0.0483154 0.0577554 0.0655258 0.0707745 0.0732243 0.0731155 0.0709394 0.0672052 0.0623432 0.0566995 0.0505543 0.0441395 0.0376554 0.0312829 0.025192 0.0195471 0.0145065 0.01021 0.00675345 0.0041601
 0.00869679 0.014124 0.0212388 0.0299403 0.0398717 0.0502705 0.0599574 0.0676439 0.0724296 0.0741129 0.0731033 0.0700838 0.0657133 0.0604978 0.0547847 0.0487969 0.0426782 0.0365377 0.0304866 0.0246566 0.019203 0.0142929 0.0100814 0.00667883 0.00411879
 0.00843333 0.0137225 0.0206909 0.0292729 0.03916 0.0496445 0.0595877 0.0676949 0.072984 0.0751076 0.074324 0.0712382 0.0665451 0.0608787 0.0547389 0.0484607 0.042227 0.0361199 0.0301872 0.0244954 0.0191544 0.0143133 0.0101305 0.00672966 0.00415867
 0.00869156 0.0140967 0.0211691 0.0298136 0.0397032 0.0501324 0.0599857 0.0680049 0.0732449 0.0753778 0.0746471 0.0716033 0.0668695 0.0610339 0.054611 0.0480108 0.0415131 0.0352702 0.0293457 0.0237721 0.0186022 0.0139332 0.00989174 0.00659155 0.00408463
 0.0087974 0.014299 0.0215258 0.0303873 0.0405343 0.0512023 0.0611932 0.0691796 0.0742023 0.0759891 0.0748828 0.0715254 0.0665811 0.0606191 0.0541015 0.0473943 0.0407722 0.0344216 0.0284521 0.0229213 0.0178732 0.0133697 0.00949718 0.00633999 0.003938
 0.00875591 0.0142341 0.021436 0.0302812 0.0404385 0.0511666 0.0612851 0.0694612 0.0746951 0.076647 0.0755964 0.072163 0.0670418 0.0608639 0.0541454 0.0472742 0.0405197 0.0340592 0.0280065 0.0224358 0.017403 0.0129652 0.00918761 0.00612865 0.00380882
 0.00831624 0.0135306 0.020402 0.0288731 0.0386572 0.0490866 0.059078 0.0673895 0.0730629 0.0757182 0.0755175 0.0729217 0.0684784 0.0627262 0.0561633 0.0492218 0.0422455 0.0354846 0.0291096 0.0232353 0.0179451 0.0133103 0.00939644 0.00625087 0.00387897
 0.00830117 0.0134595 0.0202086 0.0284659 0.0379416 0.0480014 0.0576318 0.0656796 0.0712669 0.0740654 0.0742459 0.0722295 0.0684753 0.0634018 0.0573878 0.0507839 0.0439122 0.0370571 0.0304561 0.0242963 0.0187201 0.0138375 0.0097317 0.00645115 0.00399194
 0.00874134 0.0141602 0.0212283 0.0298303 0.0396157 0.0498589 0.0594398 0.0671283 0.0720531 0.0739985 0.0733226 0.0706372 0.0665291 0.0614468 0.0557054 0.0495323 0.0431136 0.0366303 0.0302719 0.0242315 0.01869 0.0138022 0.00968418 0.00640028 0.00394822
 0.00887656 0.014426 0.0217123 0.0306387 0.040843 0.0515383 0.0614964 0.0693613 0.0741623 0.0756495 0.0742284 0.0706351 0.0656286 0.0598306 0.053677 0.0474264 0.0412057 0.0350798 0.0291164 0.0234211 0.0181383 0.0134266 0.00942593 0.00622367 0.00383187
 0.00868161 0.0141239 0.0212904 0.0301096 0.0402583 0.0510006 0.0611568 0.0693867 0.0746729 0.0766495 0.0755733 0.0720603 0.0668334 0.0605798 0.0538748 0.0471333 0.040596 0.0343629 0.0284619 0.022919 0.0178015 0.0132218 0.0093072 0.00615439 0.00378998
 0.00864271 0.0140373 0.0211178 0.0298039 0.0397797 0.0503421 0.0603681 0.0685831 0.0740183 0.0763155 0.0756837 0.0726405 0.0677849 0.0617003 0.054923 0.047913 0.0410189 0.0344606 0.0283459 0.022718 0.0176105 0.0130842 0.00922563 0.00611243 0.00376996
