SBPRF35
7.66625
Curr Bio
538411
B35
532044
F35
0.214322
FOFL
0.188145
OFL
69666.5
Bzero
2.19036e+006
#pred survey bio
 3.47548e+006 3.33884e+006 3.26118e+006 3.20842e+006 2.93296e+006 2.73619e+006 2.49488e+006 2.21057e+006 1.96782e+006 1.73416e+006 1.49923e+006 1.34203e+006 1.20752e+006 1.10551e+006 1.00686e+006 855052 740014 667316 636681 603833 578813 562694 569416 553451 540090 502794 457037 450537 439996 448150 472285 506001 536685 566451 593567 591758 579119 556439 533779 584779 619341 607038 577463 544024 561189 602478 633425 638576 652959 594139 589945 591983 553928 551012 574728 633062 683878 697124 642018 549094 507761 527096 600057 623918 646816 630575 605128 545325 1.66918e+007 1.00722e+007 1.05184e+007 1.14216e+007 1.25172e+007 1.35936e+007 1.45352e+007 1.53008e+007 1.58938e+007 1.63386e+007 1.66649e+007 1.69013e+007 1.70712e+007 1.71929e+007 1.72802e+007 1.7343e+007 1.73884e+007 1.74214e+007 1.74455e+007 1.74633e+007 1.74765e+007 1.74863e+007 1.74937e+007 1.74992e+007 1.75034e+007 1.75066e+007 1.7509e+007 1.75108e+007 1.75122e+007 1.75133e+007 1.75141e+007 1.75148e+007 1.75153e+007 1.75156e+007 1.75159e+007 1.75161e+007 1.75163e+007 1.75164e+007 1.75166e+007 1.75166e+007 1.75167e+007 1.75167e+007 1.75168e+007 1.75168e+007 1.75168e+007 1.75168e+007 1.75169e+007 1.75169e+007 1.75169e+007 1.75169e+007 1.75169e+007 1.75169e+007 1.75169e+007 1.75169e+007 1.75169e+007 1.75169e+007 1.75169e+007 1.75169e+007 1.75169e+007 1.75169e+007 1.75169e+007 1.75169e+007 1.75169e+007 1.75169e+007 1.75169e+007 1.75169e+007 1.75169e+007 1.75169e+007 1.75169e+007 1.75169e+007 1.75169e+007 1.75169e+007 1.75169e+007 1.75169e+007 1.75169e+007 1.75169e+007 1.75169e+007 1.75169e+007 1.75169e+007 1.75169e+007 1.75169e+007 1.75169e+007 1.75169e+007 1.75169e+007 1.75169e+007 1.75169e+007 1.75169e+007 1.75169e+007 1.75169e+007 1.75169e+007 1.75169e+007 1.75169e+007 1.75169e+007 1.75169e+007 1.75169e+007 1.75169e+007 1.75169e+007 1.75169e+007 1.75169e+007 1.75169e+007 0 0 0 0 0 0 0 0 0 0 0 0 0 0 0 0 0 0 0 0 0 0 0 0 0
#obs survey bio
 3.6244e+006 3.59681e+006 3.52109e+006 3.9128e+006 2.61229e+006 2.76939e+006 3.56453e+006 2.09129e+006 1.63831e+006 2.03621e+006 1.47854e+006 1.26257e+006 1.13595e+006 1.12055e+006 998671 702910 701105 612185 702091 549831 630277 482858 530394 794436 440859 456396 369614 459979 405074 427369 384938 706208 553298 760874 540789 557863 650745 716004 303305 602461 621566 716954 617476 539464 533378 646178 828586 635094 724714 434257 630532 515908 590778 475547 462268 557519 673858 842336 586381 651005 365521 589836 515674 758087 546984 510989 671106 653266
#pred catch bio
 112099 106474 157724 213480 237024 290602 280910 298649 296304 311017 285086 283070 265653 238306 227635 203564 188766 164699 154434 145704 126379 114236 120721 102841 108816 100656 96882 107995 100177 95074.6 89287.5 96050.9 96154.5 93493.6 93051.9 82234.2 95961.7 92690.7 80841.3 89041.4 97038.9 92988.2 85924.5 84420.3 89854.5 86619 97539.1 86665.2 106059 85556.8 55977.4 115413 85976.3 89589.6 78747.8 93091.2 103934 115056 135957 97771.9 85782.8 38480.9 101521 87961.6 112819 103786 95257 105447 69666.5 78233.2 80317.7 86362.6 94410.9 102367 109220 114653 118724 121653 123696 125090 126024 126640 127043 127304 127472 127579 127648 127691 127718 127736 127747 127753 127758 127760 127762 127763 127764 127764 127765 127765 127765 127765 127765 127765 127765 127765 127765 127765 127765 127765 127765 127765 127765 127765 127765 127765 127765 127765 127765 127765 127765 127765 127765 127765 127765 127765 127765 127765 127765 127765 127765 127765 127765 127765 127765 127765 127765 127765 127765 127765 127765 127765 127765 127765 127765 127765 127765 127765 127765 127765 127765 127765 127765 127765 127765 127765 127765 127765 127765 127765 127765 127765 127765 127765 127765 127765 127765 127765 0 0 0 0 0 0 0 0 0 0 0 0 0 0 0 0 0 0 0 0 0 0 0 0 0
#obs catch bio
 0 106119 157953 213506 236973 291267 280383 299011 296095 311017 285214 283316 266605 238570 226906 203259 189077 165396 154198 146084 126097 114390 120882 102623 108889 100301 97061.8 108186 100292 95374.1 89159 96165 96187.3 93571.4 93059.4 81973.2 96130.3 92557.6 81072.3 89071.3 97001.4 92965.6 85760.9 84473.1 90189.9 86457.6 97650.5 86510.1 106149 85859.7 55431.4 116457 85700 89815.9 78655.1 93236.4 103912 114754 136338 97538.4 86550.7 37951.8 102588 87642.1 113095 103813 94975 105648
#pred cpue bio
 3.4383e+006 3.30324e+006 3.22504e+006 3.17098e+006 2.89703e+006 2.7003e+006 2.45942e+006 2.17665e+006 1.9348e+006 1.70235e+006 1.46898e+006 1.31235e+006 1.17825e+006 1.07636e+006 978472 829304 716204 644628 614472 582469 558005 542297 548695 533134 520471 484535 440409 434101 423869 431783 455173 487888 517632 546528 573090 571474 558194 534325 511500 560388 594102 582593 554281 522215 538578 578269 608317 613246 627302 570736 566702 569805 532849 529891 552527 608980 658163 670751 616968 526156 486133 505081 577314 600706 622764 606472 581487 523910 1.60054e+007 9.63255e+006 9.94865e+006 1.07627e+007 1.18385e+007 1.29117e+007 1.38529e+007 1.46184e+007 1.52115e+007 1.56562e+007 1.59826e+007 1.6219e+007 1.63889e+007 1.65106e+007 1.65979e+007 1.66607e+007 1.67061e+007 1.67391e+007 1.67632e+007 1.6781e+007 1.67942e+007 1.6804e+007 1.68113e+007 1.68169e+007 1.68211e+007 1.68243e+007 1.68267e+007 1.68285e+007 1.68299e+007 1.6831e+007 1.68318e+007 1.68324e+007 1.68329e+007 1.68333e+007 1.68336e+007 1.68338e+007 1.6834e+007 1.68341e+007 1.68342e+007 1.68343e+007 1.68344e+007 1.68344e+007 1.68345e+007 1.68345e+007 1.68345e+007 1.68345e+007 1.68345e+007 1.68345e+007 1.68346e+007 1.68346e+007 1.68346e+007 1.68346e+007 1.68346e+007 1.68346e+007 1.68346e+007 1.68346e+007 1.68346e+007 1.68346e+007 1.68346e+007 1.68346e+007 1.68346e+007 1.68346e+007 1.68346e+007 1.68346e+007 1.68346e+007 1.68346e+007 1.68346e+007 1.68346e+007 1.68346e+007 1.68346e+007 1.68346e+007 1.68346e+007 1.68346e+007 1.68346e+007 1.68346e+007 1.68346e+007 1.68346e+007 1.68346e+007 1.68346e+007 1.68346e+007 1.68346e+007 1.68346e+007 1.68346e+007 1.68346e+007 1.68346e+007 1.68346e+007 1.68346e+007 1.68346e+007 1.68346e+007 1.68346e+007 1.68346e+007 1.68346e+007 1.68346e+007 1.68346e+007 1.68346e+007 1.68346e+007 1.68346e+007 1.68346e+007 1.68346e+007 1.68346e+007 0 0 0 0 0 0 0 0 0 0 0 0 0 0 0 0 0 0 0 0 0 0 0 0 0
#obs cpue bio
 3.29859e+006 3.13149e+006 2.16553e+006 4.38229e+006 2.3504e+006 2.6375e+006 2.13401e+006 1.90185e+006 2.52724e+006 1.5553e+006 1.29092e+006 1.43318e+006 1.02192e+006 1.10998e+006 1.36189e+006 932432 672885 550368 749296 527098 636868 474548 685511 381368 634197 675145 379167 482037 427294 385338 675808 322655 513323 371377 717524 645815 452414 523570 493789 732301 676914 475577 591288 430382 456954 704717 467969 542975 738722 556733 742448 519473 576334 519580 664887 659252 731428 653819 639870 477393 449574 667969 497962 598438 696749 719482 617239 393312
#pred surv len freq
 0.00421921 0.00695926 0.0106771 0.0154186 0.0210998 0.0274121 0.0338081 0.0396542 0.0444752 0.048106 0.0506538 0.0523483 0.0534155 0.0540272 0.0543026 0.0543314 0.0541977 0.0539785 0.0536865 0.0531537 0.0519326 0.0493483 0.0447861 0.0381064 0.0299019
 0.00453864 0.00738765 0.0111564 0.0158452 0.0213615 0.0274423 0.0336218 0.0393392 0.0441415 0.047828 0.0504438 0.0521761 0.0532537 0.0538882 0.054245 0.0544307 0.054499 0.0544552 0.0542263 0.053587 0.0520966 0.0491588 0.0442768 0.037411 0.0291895
 0.00460911 0.00756566 0.011534 0.0165273 0.0224159 0.0288346 0.0351801 0.0407886 0.0452083 0.0483539 0.0504357 0.0517662 0.0526114 0.0531523 0.0535077 0.0537569 0.0539395 0.0540334 0.053912 0.0532885 0.0516932 0.0485625 0.0434851 0.0365139 0.0283242
 0.00468739 0.00768753 0.011713 0.016787 0.0228014 0.0294182 0.0360444 0.0419804 0.0466794 0.0499302 0.0518525 0.0527651 0.0530433 0.0530219 0.0529418 0.0529317 0.0530163 0.053123 0.0530615 0.0524829 0.0508757 0.0476775 0.0425236 0.0355327 0.0274216
 0.00492734 0.00805724 0.012231 0.0174561 0.0236097 0.0303433 0.0370608 0.0430689 0.0478334 0.0511458 0.053098 0.0539462 0.0539993 0.0535735 0.0529666 0.0524191 0.0520643 0.0518867 0.0516882 0.0510695 0.0494646 0.0462839 0.0411737 0.0342835 0.0263494
 0.00508428 0.00833796 0.0126991 0.018182 0.0246489 0.0317053 0.0386844 0.0448258 0.0495653 0.0527173 0.0544319 0.0550205 0.0548092 0.0540876 0.0531119 0.0521093 0.0512527 0.0506035 0.0500371 0.0491904 0.0474937 0.0443369 0.0393512 0.0326778 0.0250363
 0.00529731 0.00868279 0.0132172 0.0189161 0.0256406 0.0329871 0.0402645 0.0466685 0.0515785 0.0547556 0.0563215 0.0565989 0.0559626 0.0547622 0.0532945 0.0517948 0.0504304 0.0492728 0.0482386 0.0470247 0.0451142 0.0419242 0.0370841 0.0307071 0.0234613
 0.00553992 0.00907147 0.0137915 0.0197094 0.0266747 0.0342653 0.041764 0.0483403 0.053355 0.0565596 0.0580678 0.0581889 0.0572836 0.055701 0.0537576 0.0517227 0.0497967 0.0480792 0.0465192 0.0448616 0.0426503 0.0393559 0.0346299 0.0285617 0.021753
 0.00575167 0.00943422 0.0143708 0.0205756 0.027885 0.035837 0.0436509 0.0504304 0.055496 0.0585997 0.0598875 0.0597104 0.058458 0.0564868 0.0541073 0.0515813 0.0491138 0.0468262 0.0447069 0.0425586 0.0399955 0.0365562 0.0319295 0.0261886 0.0198621
 0.00594584 0.00975644 0.0148693 0.0213029 0.0288918 0.0371589 0.045291 0.0523445 0.0575883 0.0607322 0.0619022 0.061457 0.0598197 0.0573915 0.0545194 0.051482 0.0484846 0.0456485 0.0429811 0.0403328 0.0373912 0.0337725 0.029215 0.023784 0.017937
 0.00622784 0.0102145 0.0155579 0.0222719 0.0301766 0.0387659 0.0471828 0.0544361 0.0597606 0.062854 0.0638474 0.0631124 0.0610875 0.0581941 0.0548046 0.051224 0.0476765 0.0442949 0.0411011 0.0379799 0.0346805 0.0308935 0.0264115 0.0212989 0.0159451
 0.00645204 0.0105882 0.0161373 0.0231147 0.03133 0.0402471 0.0489606 0.0564253 0.0618357 0.0648763 0.0656894 0.0646706 0.0622832 0.0589683 0.0551127 0.051033 0.0469657 0.0430587 0.0393566 0.0357818 0.0321404 0.0281896 0.0237719 0.0189522 0.0140589
 0.00670003 0.0109941 0.0167532 0.0239914 0.0325074 0.0417391 0.0507379 0.058408 0.0639015 0.0668821 0.0674954 0.0661592 0.0633698 0.0596026 0.0552719 0.0507108 0.0461622 0.0417793 0.0376204 0.03364 0.0296966 0.0256089 0.0212646 0.0167292 0.0122743
 0.00691353 0.0113447 0.0172874 0.0247547 0.0335357 0.0430445 0.0522946 0.0601469 0.0657198 0.0686612 0.0691195 0.067526 0.0643963 0.0602286 0.0554614 0.0504489 0.0454501 0.040629 0.0360577 0.0317166 0.0275077 0.0233019 0.019026 0.0147455 0.0106819
 0.00706469 0.0115903 0.0176573 0.025278 0.0342369 0.0439367 0.0533715 0.0613774 0.0670493 0.0700191 0.0704272 0.0687035 0.0653673 0.0609252 0.0558278 0.0504448 0.0450519 0.0398314 0.0348769 0.0301983 0.025737 0.021409 0.0171731 0.0130942 0.00935111
 0.00728697 0.0119467 0.0181838 0.026003 0.035174 0.0450752 0.0546665 0.0627509 0.068404 0.0712609 0.0714829 0.069527 0.0659339 0.0612221 0.0558459 0.0501744 0.044483 0.0389585 0.033708 0.0287666 0.0241125 0.0197014 0.0155203 0.0116324 0.00817922
 0.00737084 0.0121137 0.0184911 0.0265204 0.0359648 0.046166 0.0560224 0.0642706 0.0699435 0.0726709 0.0726431 0.0703633 0.0664189 0.0613646 0.0556752 0.0497246 0.0437819 0.0380254 0.0325603 0.0274336 0.0226493 0.0181954 0.0140822 0.0103723 0.00717535
 0.00743337 0.0122226 0.0186703 0.0268018 0.0363875 0.0467708 0.0568401 0.0653056 0.0711571 0.0739744 0.0739069 0.0714453 0.0672008 0.0617786 0.0557106 0.0494139 0.0431783 0.0371832 0.0315276 0.0262563 0.0213829 0.0169136 0.0128732 0.00932186 0.00634362
 0.00745899 0.0122542 0.0187004 0.0268204 0.0363895 0.0467665 0.0568628 0.0654102 0.0714069 0.0744183 0.0745557 0.0722563 0.0680802 0.0626027 0.0563591 0.0498002 0.0432646 0.0369761 0.0310639 0.02559 0.0205793 0.0160479 0.0120267 0.00856975 0.00573927
 0.00755672 0.0123954 0.0188795 0.0270196 0.0365817 0.0469226 0.0569605 0.0654423 0.0713888 0.0743907 0.0745778 0.0723867 0.068351 0.0629993 0.0568179 0.0502264 0.0435622 0.0370763 0.0309396 0.0252563 0.0200839 0.0154594 0.0114211 0.00801663 0.00528775
 0.00773146 0.0126584 0.0192352 0.0274552 0.0370679 0.0474162 0.0574079 0.0657872 0.0715847 0.0744173 0.0744525 0.0721633 0.0681045 0.0628008 0.0567091 0.0502044 0.0435818 0.0370696 0.0308437 0.0250358 0.019742 0.0150331 0.0109672 0.00759312 0.00493781
 0.00787767 0.0128718 0.0195109 0.027772 0.0373932 0.0477143 0.0576475 0.0659453 0.0716481 0.0743838 0.0743327 0.0719809 0.067894 0.062603 0.0565614 0.0501292 0.0435758 0.0371013 0.0308638 0.0249969 0.0196176 0.0148276 0.0107119 0.0073313 0.004708
 0.00784009 0.012828 0.0194756 0.0277672 0.0374383 0.0478135 0.0577823 0.0660785 0.0717397 0.0744099 0.074294 0.0718989 0.0677993 0.0625235 0.056518 0.0501338 0.0436296 0.0371917 0.0309638 0.0250716 0.0196375 0.0147808 0.0106089 0.00719893 0.00457642
 0.00788203 0.0128902 0.0195593 0.0278716 0.0375639 0.0479649 0.0579667 0.0662983 0.0719829 0.0746445 0.0744746 0.0719837 0.0677684 0.062388 0.0563137 0.0499064 0.0434187 0.0370205 0.0308356 0.0249736 0.0195491 0.0146852 0.0105008 0.00708564 0.00447164
 0.00778831 0.0127402 0.0193385 0.0275701 0.0371807 0.047514 0.057483 0.0658383 0.0716153 0.0744324 0.0744553 0.0721554 0.0680904 0.0627954 0.0567404 0.0503049 0.0437672 0.0373168 0.031085 0.0251783 0.0197062 0.0147906 0.0105556 0.00709894 0.00445877
 0.00779892 0.01276 0.0193724 0.027622 0.0372503 0.0475925 0.0575516 0.0658717 0.0715921 0.0743466 0.074323 0.0720103 0.0679705 0.0627271 0.0567294 0.0503375 0.0438213 0.0373733 0.0311334 0.0252153 0.0197304 0.0148009 0.0105514 0.0070826 0.00443561
 0.0077906 0.0127503 0.019365 0.0276232 0.0372677 0.0476325 0.0576159 0.0659548 0.0716799 0.0744185 0.0743577 0.0719954 0.0679088 0.0626375 0.0566385 0.0502678 0.0437827 0.0373626 0.0311398 0.0252274 0.0197403 0.0148041 0.0105469 0.00707151 0.00442087
 0.00759119 0.0124725 0.0190324 0.027287 0.0369919 0.0474711 0.0575941 0.0660644 0.071888 0.0746815 0.0746322 0.0722443 0.0681059 0.0627706 0.0567111 0.0502966 0.0437895 0.0373658 0.0311489 0.0252428 0.0197574 0.0148178 0.0105541 0.00707207 0.00441666
 0.00766983 0.0125702 0.0191263 0.0273435 0.036984 0.0474006 0.057503 0.0660223 0.0719575 0.0748819 0.0749259 0.0725544 0.0683517 0.0628986 0.0567075 0.0501811 0.0436009 0.0371468 0.0309349 0.0250564 0.0196081 0.0147055 0.0104734 0.00701622 0.00437947
 0.0077341 0.0126634 0.0192439 0.0274698 0.0370915 0.0474532 0.0574656 0.0658757 0.0717164 0.0746013 0.0746868 0.072429 0.0683693 0.0630336 0.056897 0.0503584 0.0437224 0.037201 0.0309345 0.0250243 0.0195653 0.0146653 0.0104414 0.00699311 0.00436373
 0.00783773 0.0128028 0.0194002 0.0276071 0.0371667 0.047431 0.0573305 0.065635 0.0713948 0.0742351 0.0743216 0.0721184 0.0681667 0.062976 0.0569876 0.0505626 0.0439819 0.0374568 0.0311469 0.025179 0.0196673 0.0147278 0.010478 0.00701375 0.00437478
 0.00779436 0.0127403 0.0193196 0.0275112 0.0370547 0.0472934 0.0571481 0.0653874 0.0710747 0.0738609 0.0739386 0.0717873 0.0679456 0.0629054 0.057082 0.0508082 0.0443389 0.0378688 0.0315556 0.0255389 0.0199541 0.0149378 0.0106208 0.00710449 0.00442866
 0.00782692 0.012779 0.0193522 0.0275189 0.0370188 0.0472041 0.0570099 0.0652156 0.070885 0.0736604 0.0737263 0.0715646 0.0677278 0.062724 0.056976 0.0508079 0.0444528 0.0380796 0.0318254 0.0258222 0.0202117 0.0151456 0.0107719 0.00720436 0.00448905
 0.00775627 0.0126778 0.0192244 0.0273748 0.0368698 0.0470554 0.0568577 0.065051 0.0707038 0.0734705 0.0735466 0.0714166 0.0676267 0.0626769 0.0569865 0.0508811 0.0445945 0.0382886 0.0320873 0.0261093 0.0204903 0.015387 0.0109594 0.00733573 0.0045722
 0.00784247 0.0127724 0.0192841 0.0273357 0.036669 0.0466636 0.0563024 0.0644135 0.0700886 0.0729669 0.0732041 0.0712442 0.0676074 0.0627831 0.0571899 0.0511568 0.0449222 0.0386515 0.032469 0.0264899 0.020846 0.0156947 0.0112035 0.00751178 0.00468729
 0.00866666 0.0139474 0.0207447 0.0289103 0.0381198 0.0477574 0.0568743 0.0643998 0.0695277 0.0719813 0.0719695 0.0699473 0.0664028 0.0617669 0.0563974 0.0505799 0.0445318 0.0384138 0.032352 0.0264637 0.0208816 0.0157637 0.011281 0.00758051 0.00473866
 0.00921097 0.0148449 0.0221079 0.0308224 0.0405819 0.0506242 0.0598199 0.0669623 0.0712442 0.0725525 0.0713609 0.068374 0.0642234 0.0593543 0.0540478 0.0484782 0.0427616 0.0369886 0.031247 0.0256386 0.0202911 0.015362 0.0110234 0.00742579 0.00465208
 0.00917366 0.0148937 0.0223838 0.0315246 0.0419164 0.0527182 0.0626368 0.0702623 0.0746118 0.0754837 0.0733859 0.0691801 0.0637376 0.0577521 0.0516802 0.0457536 0.0400372 0.0345113 0.0291472 0.0239562 0.0190094 0.0144339 0.0103875 0.00701645 0.00440644
 0.00909974 0.014767 0.0221889 0.0312647 0.0416394 0.0525426 0.062754 0.0708891 0.0758964 0.0774045 0.0757045 0.0714879 0.0655824 0.0587858 0.0517631 0.0449742 0.0386504 0.0328345 0.0274637 0.0224607 0.0177986 0.0135271 0.00975534 0.00660613 0.00415933
 0.00875363 0.0142495 0.0214943 0.0304172 0.0406879 0.0515537 0.0618141 0.0701162 0.0754461 0.0774488 0.0763746 0.0727984 0.0673795 0.0607626 0.0535493 0.0462625 0.0392947 0.0328731 0.0270688 0.0218503 0.0171601 0.0129784 0.00934413 0.00633036 0.00399186
 0.00869116 0.0141089 0.0212133 0.0299217 0.0399194 0.0505084 0.0605709 0.0688327 0.0743178 0.0766577 0.0760543 0.0730216 0.0681512 0.0620047 0.0550889 0.0478522 0.0406766 0.0338613 0.0276033 0.0219947 0.0170505 0.0127577 0.00911747 0.00615121 0.00387266
 0.00871644 0.0141529 0.0212813 0.0300111 0.0400091 0.0505491 0.0604877 0.0685485 0.0737941 0.0759315 0.0752453 0.0723018 0.0676901 0.0619168 0.0554001 0.0484905 0.0414905 0.0346648 0.0282376 0.0223775 0.0171891 0.0127233 0.00899983 0.00602166 0.00376937
 0.00875565 0.0142092 0.0213526 0.0300916 0.0400914 0.050626 0.0605503 0.0685794 0.0737617 0.075794 0.0749703 0.071894 0.0672103 0.0614735 0.0551124 0.0484398 0.0416848 0.0350351 0.0286672 0.022751 0.0174353 0.0128307 0.00900305 0.00597189 0.00370887
 0.00883733 0.0143267 0.0215011 0.0302562 0.0402506 0.0507583 0.0606394 0.0686167 0.073745 0.0757231 0.0748423 0.0717029 0.0669541 0.0611682 0.0548016 0.0481883 0.0415537 0.035051 0.0288069 0.022952 0.0176265 0.0129638 0.00906548 0.00597978 0.00368892
 0.00873578 0.0141986 0.0213753 0.0301796 0.0402718 0.050903 0.060893 0.068926 0.0740391 0.0759413 0.074952 0.0717003 0.0668539 0.0609925 0.0545771 0.0479493 0.0413415 0.0349049 0.0287479 0.0229724 0.0176938 0.0130383 0.00911901 0.00600372 0.00368999
 0.00872818 0.0141686 0.0213004 0.0300349 0.0400447 0.0506116 0.0605944 0.0687021 0.0739621 0.0760375 0.0751879 0.0720005 0.067137 0.0612016 0.0546917 0.0479796 0.0413173 0.0348629 0.0287204 0.0229773 0.0177304 0.0130914 0.00916972 0.00603941 0.00370818
 0.0087136 0.0141361 0.0212343 0.0299136 0.0398442 0.0503134 0.060197 0.0682317 0.073477 0.0756206 0.0749239 0.0719453 0.0672938 0.0615202 0.0550914 0.0483821 0.0416706 0.0351488 0.0289456 0.0231586 0.0178818 0.0132184 0.00927086 0.00611249 0.00375457
 0.00874999 0.0141995 0.0213363 0.0300641 0.0400446 0.050548 0.0604276 0.0684027 0.0735325 0.0755279 0.0746914 0.0716239 0.0669598 0.0612456 0.0549179 0.0483109 0.0416729 0.0351866 0.0289904 0.023198 0.0179152 0.0132485 0.00929842 0.00613578 0.00377159
 0.00853492 0.0138829 0.0209222 0.0295798 0.0395363 0.0500702 0.0600326 0.068131 0.0734048 0.0755382 0.0748097 0.0718083 0.0671753 0.0614769 0.0551687 0.0485908 0.0419825 0.0355111 0.029305 0.0234787 0.0181473 0.0134281 0.00942951 0.00622581 0.00382919
 0.00876406 0.0142028 0.021307 0.0299749 0.039876 0.0503056 0.060151 0.0681554 0.0733739 0.0754816 0.074734 0.0717001 0.0670155 0.0612575 0.0549014 0.0483055 0.0417157 0.0352922 0.0291471 0.0233782 0.0180908 0.0134002 0.00941785 0.00622242 0.00382939
 0.00851832 0.0138754 0.020945 0.0296595 0.0396916 0.0502956 0.0602896 0.0683588 0.0735468 0.0755694 0.0747437 0.0716813 0.0670197 0.061308 0.0549895 0.0484073 0.041812 0.0353771 0.0292244 0.0234532 0.0181643 0.0134683 0.00947545 0.00626633 0.00385949
 0.00820413 0.0133371 0.0200915 0.0284091 0.0380145 0.0482668 0.0581194 0.0663609 0.0720419 0.0747719 0.0746999 0.0722898 0.0681042 0.0626865 0.0565087 0.0499463 0.0432771 0.0367006 0.0303656 0.0243964 0.0189122 0.0140356 0.00988385 0.00654261 0.00403329
 0.00852804 0.0138561 0.0208512 0.029428 0.0392586 0.0496236 0.0593928 0.0673111 0.0724685 0.0745987 0.0740058 0.0712636 0.0669588 0.0615878 0.0555508 0.0491637 0.0426684 0.0362459 0.0300376 0.0241669 0.0187565 0.0139342 0.00982158 0.00650716 0.00401489
 0.00855799 0.013901 0.0209138 0.0295132 0.0393778 0.0497961 0.0596391 0.0676344 0.0728338 0.0749269 0.0741974 0.0712447 0.0667216 0.0611955 0.0551054 0.0487602 0.0423636 0.0360542 0.0299436 0.0241424 0.0187728 0.0139684 0.00985866 0.00653897 0.00403841
 0.00855542 0.0139064 0.0209391 0.0295743 0.0394893 0.049965 0.05986 0.0678918 0.0731082 0.0751977 0.0744389 0.0714204 0.0667875 0.0611191 0.0548868 0.0484401 0.0420085 0.0357291 0.02969 0.0239718 0.0186746 0.0139218 0.00984284 0.00653825 0.00404303
 0.00843231 0.0137033 0.02063 0.0291387 0.0389231 0.0492944 0.0591504 0.0672414 0.072623 0.0749594 0.0744805 0.0717208 0.0672813 0.0617152 0.0554911 0.0489788 0.0424439 0.0360615 0.0299436 0.0241753 0.0188467 0.0140686 0.00996266 0.00662873 0.00410522
 0.00850708 0.0138018 0.0207349 0.0292174 0.038934 0.049199 0.0589266 0.0668936 0.0721864 0.0744968 0.0740704 0.0714368 0.0671706 0.0617836 0.055704 0.0492749 0.0427582 0.0363446 0.0301725 0.0243503 0.0189798 0.0141723 0.0100443 0.00669091 0.00414934
 0.00866251 0.0140435 0.0210761 0.0296582 0.0394552 0.0497568 0.0594505 0.0672956 0.0723833 0.0744391 0.0737633 0.0709413 0.0665838 0.0612088 0.0552209 0.0489223 0.0425329 0.0362162 0.0301027 0.0243093 0.0189521 0.0141534 0.0100337 0.00668764 0.00415082
 0.00882304 0.0143136 0.0214978 0.0302717 0.0402844 0.0507882 0.0606154 0.0684687 0.073406 0.0751584 0.0740708 0.0707988 0.0660298 0.060346 0.0541886 0.047861 0.0415531 0.0353816 0.0294326 0.023793 0.0185665 0.0138744 0.00984045 0.00656168 0.00407476
 0.0089698 0.0145975 0.022007 0.031111 0.0415432 0.0524927 0.0626863 0.0707135 0.0755559 0.0769329 0.0752407 0.071228 0.0656923 0.0593219 0.0526425 0.0460051 0.0396044 0.0335232 0.0277906 0.022432 0.0175002 0.0130824 0.00928403 0.00619419 0.00384863
 0.00877769 0.0142974 0.0215835 0.0305723 0.040937 0.0519189 0.0622966 0.0706796 0.0760074 0.0778913 0.0765877 0.0727323 0.0670816 0.0603646 0.0532049 0.0460709 0.0392569 0.0329052 0.0270569 0.0217116 0.0168768 0.0125936 0.00893168 0.0059595 0.0037042
 0.00850891 0.0138734 0.0209709 0.0297527 0.0399156 0.0507377 0.0610486 0.069514 0.0751134 0.0774571 0.0767453 0.0735062 0.0683651 0.0619393 0.0548019 0.0474492 0.040266 0.0335079 0.0273106 0.0217247 0.0167631 0.0124415 0.00879356 0.00585641 0.00363726
 0.00815087 0.0132343 0.0199089 0.0281144 0.0375896 0.047731 0.0575499 0.0658945 0.0718497 0.0750106 0.0754542 0.0735262 0.0696564 0.0642851 0.0578527 0.0507917 0.0435081 0.036354 0.0296027 0.0234376 0.0179646 0.0132413 0.00930337 0.00616843 0.00381977
 0.00843937 0.013693 0.0205709 0.0289799 0.0385973 0.0487314 0.0583022 0.0661177 0.0713258 0.0736953 0.0735294 0.0713562 0.0676696 0.0628409 0.0571457 0.0508209 0.0441074 0.0372679 0.0305754 0.0242824 0.0185932 0.0136507 0.00953966 0.00629067 0.00387719
 0.008472 0.0137543 0.0206796 0.0291601 0.0388742 0.0491194 0.0587865 0.0666341 0.0717513 0.0738662 0.0732936 0.0706475 0.0665647 0.0615578 0.055974 0.0500154 0.0437989 0.037432 0.0310671 0.0249102 0.019192 0.014124 0.00986191 0.00648343 0.00397988
 0.00864099 0.014032 0.0211019 0.0297595 0.0396696 0.0501016 0.0599054 0.0677959 0.0728295 0.0747199 0.0737865 0.0706675 0.0660521 0.0605404 0.0545886 0.0484889 0.0423845 0.0363271 0.0303552 0.0245567 0.0190882 0.0141475 0.00992135 0.0065324 0.00400677
 0.00857683 0.0139571 0.0210441 0.0297652 0.0397939 0.0503916 0.0603837 0.0684506 0.0736138 0.0755568 0.0745764 0.0712986 0.0664157 0.0605544 0.0542253 0.0477974 0.041491 0.0354021 0.0295573 0.023981 0.0187472 0.0139908 0.00987524 0.00653422 0.00401954
 0.008785 0.014232 0.021343 0.0300152 0.0399204 0.0503595 0.060226 0.0682628 0.0735139 0.0756332 0.0748518 0.0717241 0.0668911 0.0609592 0.0544517 0.0477797 0.0412261 0.0349526 0.0290303 0.0234888 0.0183673 0.0137477 0.00974865 0.0064834 0.00400644
#obs surv len freq
 nan nan nan nan nan nan nan nan nan nan nan nan nan nan nan nan nan nan nan nan nan nan nan nan nan
 0.00448279 0.0073436 0.0111735 0.0159906 0.021693 0.0279708 0.0342871 0.0400199 0.0447 0.0481633 0.0505199 0.052014 0.0529045 0.0534152 0.0537281 0.053982 0.0542598 0.0545521 0.0546905 0.0542823 0.0527203 0.0493527 0.0438028 0.0362834 0.0276677
 0.0046184 0.00756441 0.0115062 0.0164594 0.0223137 0.0287422 0.035182 0.0409822 0.0456517 0.0490197 0.051205 0.0524722 0.0531064 0.0533586 0.0534341 0.053487 0.0536072 0.0537846 0.0538474 0.0534005 0.0518389 0.0485147 0.043053 0.0356596 0.027191
 0.00477896 0.00782891 0.0119106 0.0170392 0.0230963 0.0297356 0.0363621 0.0422887 0.0469949 0.0502959 0.0523128 0.0533243 0.0536374 0.0535309 0.0532404 0.0529491 0.0527695 0.052706 0.052594 0.0520428 0.0504523 0.0471801 0.0418507 0.0346559 0.0264224
 0.00496603 0.00813475 0.0123743 0.0176987 0.0239822 0.0308596 0.0377055 0.0437961 0.0485797 0.0518535 0.0537345 0.0545077 0.054494 0.0539922 0.0532638 0.0525226 0.0519128 0.0514687 0.0510515 0.0502923 0.0486089 0.0453712 0.040202 0.0332701 0.0253573
 0.00517838 0.00848138 0.0128987 0.0184424 0.0249772 0.0321164 0.0392004 0.0454667 0.0503332 0.0535831 0.0553346 0.0558811 0.0555534 0.0546614 0.0534807 0.0522452 0.0511267 0.0501941 0.0493491 0.048265 0.0463999 0.0431514 0.0381466 0.0315251 0.0240078
 0.00540785 0.00885742 0.0134702 0.0192568 0.0260714 0.0335023 0.0408501 0.0473078 0.052259 0.0554738 0.0570761 0.057375 0.0567181 0.0554287 0.0537926 0.0520532 0.0503976 0.0489207 0.0475655 0.046061 0.043926 0.0406077 0.035751 0.0294669 0.0224031
 0.00564406 0.00924617 0.0140642 0.0201082 0.0272221 0.0349678 0.0426034 0.0492725 0.0543209 0.0575018 0.058944 0.0589743 0.0579625 0.0562519 0.0541434 0.0518903 0.049688 0.0476471 0.0457438 0.0437626 0.0412937 0.037852 0.0331166 0.0271766 0.0206018
 0.00589831 0.00966002 0.0146882 0.0209905 0.0283999 0.0364541 0.0443721 0.0512523 0.0564031 0.0595593 0.0608507 0.0606178 0.05925 0.0571117 0.0545225 0.0517495 0.0489976 0.0463903 0.0439297 0.04145 0.0386142 0.0350125 0.0303708 0.0247653 0.0186894
 0.00614768 0.0100688 0.0153095 0.0218756 0.0295879 0.0379561 0.0461554 0.0532358 0.0584701 0.0615812 0.0627073 0.0622079 0.0604919 0.057941 0.0548887 0.0516131 0.0483285 0.0451701 0.0421641 0.0391903 0.0359804 0.0322015 0.0276315 0.0223416 0.016754
 0.00638676 0.0104622 0.0159104 0.0227364 0.0307501 0.0394338 0.0479184 0.0552035 0.060523 0.063584 0.0645321 0.0637485 0.0616687 0.0586986 0.0551898 0.0514313 0.047643 0.0439675 0.0404495 0.037009 0.0334415 0.0294875 0.0249779 0.0199839 0.0148628
 0.0066308 0.0108621 0.016518 0.0236018 0.0319121 0.0409039 0.0496648 0.0571454 0.062541 0.0655429 0.0663031 0.0652235 0.0627666 0.0593658 0.0553964 0.0511633 0.0468952 0.0427404 0.0387568 0.0348964 0.0310091 0.0269019 0.022455 0.0177419 0.0130617
 0.00685153 0.0112269 0.017078 0.0244081 0.033005 0.0422965 0.0513263 0.0589957 0.0644624 0.0674033 0.067978 0.0666095 0.0637861 0.0599671 0.0555511 0.0508612 0.0461383 0.0415396 0.0371357 0.032905 0.0287425 0.0245106 0.0201321 0.0156819 0.0114076
 0.00705824 0.0115653 0.017592 0.0251403 0.0339889 0.0435438 0.0528132 0.0606567 0.0661977 0.069096 0.069513 0.0678864 0.0647271 0.0605196 0.0556861 0.0505695 0.0454245 0.0404193 0.0356384 0.0310836 0.0266879 0.0223589 0.0180532 0.0138448 0.00993546
 0.00725988 0.0118949 0.0180911 0.0258481 0.0349339 0.044731 0.0542116 0.0621958 0.067778 0.070609 0.0708587 0.0689832 0.0655139 0.060955 0.055747 0.0502484 0.0447271 0.0393629 0.034254 0.0294243 0.0248386 0.0204414 0.0162151 0.0122301 0.00864707
 0.00743518 0.0121817 0.0185259 0.0264656 0.0357599 0.0457713 0.0554402 0.0635511 0.0691713 0.0719413 0.0720378 0.0699343 0.0661834 0.0613098 0.0557714 0.0499399 0.0440932 0.0384205 0.0330323 0.0279719 0.0232318 0.0187867 0.0146386 0.0108525 0.00755233
 0.00754341 0.0123592 0.0187964 0.0268529 0.0362846 0.0464444 0.0562557 0.064482 0.0701713 0.0729511 0.0729921 0.0707691 0.0668409 0.0617434 0.055948 0.0498412 0.043714 0.0377683 0.032129 0.0268585 0.021974 0.0174755 0.0133809 0.00974955 0.00667437
 0.00759857 0.0124496 0.0189341 0.0270507 0.0365545 0.0467957 0.0566918 0.0649984 0.0707551 0.0735816 0.0736417 0.0714023 0.0674155 0.0622129 0.0562667 0.0499693 0.0436233 0.0374455 0.0315793 0.0261092 0.0210776 0.0165082 0.0124331 0.00890713 0.00599822
 0.00767117 0.0125569 0.0190759 0.0272209 0.0367443 0.0469982 0.0569059 0.0652289 0.07101 0.0738687 0.0739639 0.0717548 0.067783 0.0625687 0.0565739 0.0501852 0.0437058 0.0373612 0.0313115 0.0256644 0.020489 0.0158345 0.0117483 0.00828428 0.00549072
 0.00771168 0.0126196 0.0191639 0.0273338 0.0368774 0.0471419 0.0570471 0.0653542 0.0711125 0.0739529 0.0740469 0.0718596 0.0679279 0.0627574 0.0567915 0.0503994 0.0438735 0.037438 0.031262 0.0254728 0.020166 0.0154173 0.0112933 0.00785155 0.00512779
 0.00777338 0.0127111 0.0192851 0.027479 0.0370364 0.047303 0.0571986 0.0654852 0.0712136 0.0740178 0.0740759 0.071862 0.0679209 0.0627613 0.0568211 0.0504557 0.0439401 0.0374843 0.0312527 0.0253801 0.0199808 0.0151549 0.0109892 0.00755022 0.00486769
 0.00782329 0.0127906 0.0194014 0.027636 0.0372326 0.0475286 0.0574337 0.0657026 0.0713855 0.0741245 0.0741115 0.0718337 0.067846 0.0626617 0.0567184 0.0503668 0.0438716 0.0374291 0.031192 0.0252906 0.0198462 0.0149744 0.0107793 0.00733846 0.00468136
 0.0078627 0.0128512 0.019486 0.0277453 0.0373652 0.0476813 0.0576009 0.065875 0.0715494 0.0742632 0.0742082 0.0718766 0.067832 0.062598 0.0566205 0.0502535 0.0437592 0.0373263 0.031097 0.0251935 0.0197351 0.0148433 0.0106334 0.00719194 0.00455118
 0.00787386 0.0128683 0.0195098 0.0277759 0.0374021 0.0477237 0.0576483 0.0659272 0.0716066 0.0743254 0.0742738 0.0719407 0.0678867 0.0626342 0.0566321 0.05024 0.0437261 0.037281 0.0310451 0.0251355 0.0196678 0.014764 0.010544 0.00710025 0.00446758
 0.00788505 0.0128814 0.0195205 0.0277772 0.0373871 0.0476888 0.0575961 0.0658669 0.0715512 0.0742881 0.0742641 0.0719625 0.0679373 0.0627052 0.0567111 0.0503143 0.0437858 0.0373213 0.0310653 0.0251369 0.0196519 0.0147325 0.0105002 0.0070502 0.00441886
 0.00788862 0.0128861 0.0195251 0.0277794 0.037383 0.0476734 0.0575645 0.0658161 0.071483 0.0742105 0.0741909 0.0719097 0.0679173 0.0627231 0.0567631 0.0503893 0.0438695 0.0374 0.0311292 0.0251807 0.0196742 0.0147352 0.0104874 0.00702766 0.00439309
 0.00790695 0.0129101 0.0195507 0.0277991 0.0373883 0.047658 0.0575263 0.0657582 0.0714114 0.0741322 0.0741134 0.0718407 0.0678659 0.0626978 0.0567694 0.050427 0.0439317 0.0374752 0.0312044 0.0252449 0.0197209 0.0147623 0.0104971 0.00702476 0.00438335
 0.00791204 0.012916 0.0195549 0.0277974 0.0373751 0.0476274 0.0574742 0.0656836 0.0713182 0.0740296 0.0740138 0.0717573 0.0678095 0.0626748 0.0567816 0.0504725 0.0440048 0.0375669 0.031303 0.0253385 0.0197996 0.0148206 0.0105343 0.00704415 0.00439035
 0.00788992 0.0128802 0.0195014 0.0277228 0.0372776 0.0475082 0.0573383 0.0655403 0.0711795 0.0739075 0.0739187 0.0716975 0.0677901 0.0626979 0.0568458 0.0505726 0.0441327 0.0377118 0.0314527 0.0254807 0.0199236 0.0149192 0.0106052 0.00708971 0.00441609
 0.00786961 0.0128448 0.019444 0.0276358 0.0371552 0.0473494 0.0571504 0.0653385 0.0709843 0.0737395 0.0737946 0.071627 0.0677766 0.0627393 0.0569363 0.0507035 0.0442934 0.0378903 0.0316359 0.0256556 0.0200786 0.0150461 0.0107004 0.00715473 0.00445607
 0.00786593 0.0128354 0.0194232 0.027596 0.0370881 0.0472489 0.0570149 0.0651733 0.0708014 0.0735562 0.0736305 0.0715008 0.0677022 0.0627236 0.0569787 0.0507974 0.0444276 0.0380515 0.0318096 0.0258274 0.0202357 0.0151787 0.0108031 0.00722734 0.00450259
 0.0078121 0.0127534 0.01931 0.0274522 0.0369174 0.047057 0.0568095 0.064964 0.0706003 0.0733772 0.0734877 0.0714072 0.0676677 0.0627536 0.0570722 0.0509474 0.0446218 0.0382738 0.0320427 0.0260541 0.0204409 0.0153514 0.0109376 0.0073235 0.00456534
 0.0078078 0.0127367 0.0192676 0.0273669 0.0367739 0.0468503 0.056551 0.0646811 0.0703275 0.0731452 0.0733162 0.0713037 0.0676322 0.0627824 0.0571609 0.0510897 0.0448088 0.0384927 0.0322775 0.0262875 0.0206563 0.0155358 0.0110834 0.00742937 0.00463552
 0.00777373 0.0126843 0.0191937 0.0272692 0.0366493 0.0466943 0.0563587 0.0644517 0.0700696 0.0728803 0.0730758 0.0711208 0.0675312 0.0627732 0.057239 0.0512413 0.0450158 0.0387364 0.0325387 0.0265473 0.0208971 0.0157432 0.0112486 0.00755035 0.00471649
 0.00773956 0.0126289 0.0191108 0.0271536 0.0364992 0.0465126 0.0561545 0.0642388 0.0698624 0.0726901 0.0729104 0.0709881 0.0674419 0.0627405 0.0572736 0.0513463 0.0451845 0.0389536 0.0327844 0.0268 0.0211366 0.0159531 0.0114184 0.00767638 0.00480186
 0.00933489 0.0148595 0.0217974 0.029906 0.0388295 0.0480169 0.0566567 0.0638169 0.0687642 0.0712082 0.0712899 0.0693928 0.0659635 0.0614229 0.0561355 0.0503939 0.0444161 0.0383601 0.032349 0.0264994 0.0209438 0.01584 0.0113594 0.00765029 0.00479317
 0.00932659 0.0151418 0.0227434 0.031977 0.0423738 0.0529977 0.06248 0.0694286 0.0730243 0.073341 0.0711401 0.0673651 0.0627441 0.057686 0.0523766 0.0469041 0.0413342 0.0357354 0.030185 0.024775 0.0196221 0.0148722 0.0106875 0.00721184 0.00452649
 0.00898128 0.0146011 0.0219902 0.031066 0.0414844 0.0524683 0.0627657 0.0709375 0.0758711 0.0771647 0.0751504 0.0706417 0.0646193 0.0579757 0.0513474 0.0450556 0.0391653 0.0336093 0.0283066 0.0232288 0.0184198 0.0139864 0.0100713 0.00680976 0.00428226
 0.00879648 0.0142919 0.0215094 0.0303683 0.0405446 0.0513139 0.0615188 0.0698413 0.075268 0.0774004 0.0764179 0.0728363 0.0673097 0.0605438 0.053237 0.045984 0.0391775 0.0329766 0.0273625 0.022245 0.0175593 0.0133158 0.00959364 0.00649594 0.00409195
 0.00872257 0.0141621 0.0212953 0.0300358 0.0400588 0.0506509 0.0606804 0.0688725 0.0742725 0.0765475 0.0759271 0.0729221 0.0680878 0.0619424 0.0549787 0.0476748 0.0404647 0.0336821 0.027516 0.022017 0.0171553 0.0128968 0.00924826 0.00625099 0.00393767
 0.00870542 0.0141311 0.0212422 0.0299484 0.0399207 0.050442 0.0603798 0.068464 0.0737542 0.075946 0.0753112 0.0724073 0.0678199 0.0620504 0.0555101 0.0485483 0.0414815 0.0346015 0.0281561 0.0223181 0.0171746 0.0127511 0.00905064 0.00607426 0.0038107
 0.00869899 0.014121 0.0212272 0.0299268 0.0398895 0.0503954 0.0603082 0.0683538 0.0735893 0.0757128 0.0750068 0.072052 0.0674661 0.0617818 0.0554193 0.0486976 0.0418631 0.0351266 0.0286878 0.0227315 0.0174077 0.012816 0.00900648 0.00598728 0.0037271
 0.00869096 0.0141067 0.0212036 0.0298906 0.039838 0.0503285 0.0602285 0.0682657 0.073496 0.0756126 0.074893 0.0719162 0.0673074 0.0616162 0.0552849 0.0486457 0.041936 0.035331 0.0289826 0.0230425 0.0176617 0.0129728 0.00906811 0.00598457 0.00369634
 0.00865484 0.0140529 0.0211318 0.0298035 0.0397405 0.0502259 0.0601259 0.0681679 0.0734077 0.0755382 0.0748347 0.0718725 0.0672731 0.061586 0.0552601 0.0486393 0.0419703 0.0354262 0.0291414 0.023242 0.0178615 0.013134 0.00917086 0.00603219 0.00370681
 0.00866713 0.014068 0.0211455 0.0298093 0.0397319 0.0501992 0.0600826 0.0681141 0.0733512 0.0754846 0.0747858 0.0718272 0.067229 0.0615417 0.0552164 0.0486011 0.0419476 0.035432 0.0291852 0.0233224 0.0179634 0.0132345 0.00924995 0.00608124 0.00372912
 0.00863458 0.0140225 0.0210907 0.0297523 0.0396808 0.0501587 0.0600518 0.0680875 0.0733227 0.0754524 0.0747533 0.0718005 0.0672131 0.0615379 0.0552226 0.0486147 0.0419682 0.0354628 0.0292307 0.0233847 0.0180384 0.0133119 0.00931757 0.00613065 0.00375881
 0.00864919 0.0140385 0.021101 0.0297468 0.0396504 0.0501011 0.059975 0.0680073 0.0732563 0.0754094 0.0747334 0.0717965 0.0672166 0.061544 0.0552304 0.0486253 0.0419832 0.035484 0.0292602 0.0234237 0.0180858 0.0133628 0.00936524 0.00616895 0.00378492
 0.0086431 0.014034 0.0211034 0.029763 0.0396847 0.0501511 0.0600289 0.0680479 0.0732683 0.075388 0.0746858 0.0717371 0.0671594 0.0614966 0.0551944 0.0485993 0.0419657 0.0354749 0.0292602 0.0234335 0.0181046 0.0133879 0.00939212 0.00619305 0.00380319
 0.00862539 0.0140076 0.0210686 0.0297225 0.039644 0.0501181 0.0600125 0.0680543 0.0732979 0.0754328 0.074732 0.0717713 0.0671744 0.061494 0.0551813 0.0485835 0.0419529 0.0354677 0.0292596 0.0234396 0.0181168 0.0134047 0.00941076 0.00621052 0.00381719
 0.00863006 0.0140095 0.0210613 0.029697 0.0395923 0.0500378 0.0599103 0.0679465 0.0732052 0.0753736 0.0747158 0.0717956 0.0672274 0.0615599 0.0552466 0.0486407 0.0420004 0.0355074 0.0292944 0.0234715 0.0181467 0.0134322 0.00943514 0.0062306 0.00383225
 0.00863006 0.0140095 0.0210613 0.029697 0.0395923 0.0500378 0.0599103 0.0679465 0.0732052 0.0753736 0.0747158 0.0717956 0.0672274 0.0615599 0.0552466 0.0486407 0.0420004 0.0355074 0.0292944 0.0234715 0.0181467 0.0134322 0.00943514 0.0062306 0.00383225
 0.00823894 0.0133974 0.0201863 0.0285424 0.0381763 0.0484252 0.0582216 0.0663521 0.0718956 0.0745142 0.0744061 0.0720507 0.0679827 0.062694 0.0566113 0.0500904 0.0434141 0.0367996 0.0304149 0.0243989 0.01888 0.0139848 0.00982956 0.00649519 0.00399761
 0.00866068 0.0140188 0.0210001 0.0294941 0.0391717 0.0493477 0.0589506 0.0667802 0.0719499 0.0741782 0.0737327 0.0711529 0.0670047 0.0617719 0.0558418 0.0495167 0.0430309 0.0365707 0.0302937 0.0243438 0.0188612 0.0139836 0.00983557 0.00650303 0.00400468
 0.0084934 0.0138129 0.02081 0.0294048 0.0392679 0.0496682 0.0594552 0.0673535 0.0724433 0.0744672 0.0737575 0.070928 0.0666014 0.0612904 0.055382 0.0491557 0.0428087 0.0364883 0.0303222 0.0244405 0.0189844 0.0141029 0.00993404 0.00657522 0.00405247
 0.00854219 0.0138632 0.0208359 0.0293751 0.039167 0.0495213 0.0593372 0.0673642 0.0726538 0.0748688 0.0742512 0.0713655 0.0668536 0.0612999 0.0551756 0.0488184 0.0424415 0.0361721 0.0300996 0.0243163 0.0189381 0.0141048 0.00995747 0.00660243 0.00407476
 0.00836817 0.0136016 0.0204807 0.0289321 0.0386492 0.0489448 0.0587244 0.0667559 0.072121 0.0745074 0.074152 0.0715706 0.0673258 0.0619309 0.0558316 0.0493941 0.0428925 0.0365096 0.0303622 0.0245398 0.0191403 0.0142855 0.0101086 0.00671752 0.00415376
 0.00841681 0.0136594 0.020529 0.0289417 0.0385898 0.048798 0.058493 0.0664627 0.0717984 0.074189 0.0738722 0.0713678 0.0672392 0.061984 0.0560136 0.0496583 0.043175 0.0367589 0.0305567 0.0246854 0.019254 0.0143808 0.0101901 0.00678377 0.00420268
 0.00854938 0.0138766 0.0208566 0.0293979 0.039173 0.0494731 0.0591836 0.0670617 0.0721986 0.0743194 0.0737207 0.0709799 0.0666973 0.0613827 0.0554371 0.049163 0.0427823 0.03646 0.0303288 0.0245079 0.0191164 0.0142801 0.0101237 0.0067458 0.00418454
 0.0087811 0.014258 0.0214378 0.0302238 0.0402689 0.050822 0.0607059 0.0686113 0.0735856 0.0753532 0.0742563 0.0709519 0.0661322 0.0603867 0.0541663 0.0477841 0.0414378 0.0352476 0.0292984 0.0236723 0.0184666 0.0137971 0.00978391 0.00652233 0.00404876
 0.00899721 0.0146229 0.0220111 0.0310668 0.0414276 0.0523018 0.0624472 0.0704823 0.0754 0.0769066 0.0753643 0.0714812 0.0660215 0.0596587 0.0529236 0.0461896 0.0396801 0.0335039 0.0277055 0.0223143 0.0173781 0.0129746 0.0091991 0.00613341 0.00380875
 0.0087795 0.0142926 0.0215614 0.0305166 0.040828 0.05174 0.0620423 0.070365 0.0756741 0.0776043 0.0764196 0.0727379 0.0672737 0.0607054 0.0536189 0.0464727 0.0395788 0.0331134 0.0271526 0.02172 0.0168325 0.0125281 0.00886726 0.00590759 0.00366786
 0.00858011 0.0139448 0.0209975 0.0296678 0.039652 0.0502595 0.060377 0.0687303 0.0743368 0.0768102 0.0763247 0.0733667 0.0685149 0.0623425 0.0553858 0.0481186 0.0409241 0.0340776 0.0277486 0.0220237 0.0169429 0.0125348 0.00883336 0.00586836 0.00363758
 0.00809273 0.0131534 0.0198101 0.0280051 0.0374701 0.0475848 0.0573416 0.065585 0.0714233 0.0744983 0.0749361 0.0731075 0.0694295 0.0642988 0.0581009 0.0512216 0.0440389 0.0368994 0.0300905 0.0238234 0.0182354 0.0134097 0.00939528 0.00621176 0.00383678
 0.00858816 0.013881 0.0207561 0.0290938 0.038569 0.0485214 0.0579262 0.0656421 0.0708359 0.0732592 0.0731806 0.0711022 0.0675125 0.0627903 0.0572143 0.0510109 0.0443994 0.0376207 0.0309366 0.0246043 0.0188449 0.0138235 0.00964314 0.00634393 0.00390005
