SBPRF35
7.78865
Curr Bio
555292
B35
693049
F35
0.227998
FOFL
0.196025
OFL
89080.5
Bzero
2.22533e+006
#pred survey bio
 4.41705e+006 4.17486e+006 3.94185e+006 3.66719e+006 3.36238e+006 3.03696e+006 2.74804e+006 2.44917e+006 2.17358e+006 1.89525e+006 1.69478e+006 1.48116e+006 1.32558e+006 1.167e+006 1.02095e+006 915614 833457 752738 722216 683648 663790 651030 623039 608909 586901 579915 578423 581223 579417 570230 570029 551497 543294 543957 536858 532229 520365 511339 503003 513909 519628 531750 549633 564697 568111 574161 581862 584232 580218 591551 598463 582612 527411 514364 502032 507795 481250 478906 525657 554653 2.09965e+007 1.29862e+007 1.34219e+007 1.40249e+007 1.46942e+007 1.53244e+007 1.58633e+007 1.62966e+007 1.66313e+007 1.68829e+007 1.70691e+007 1.72056e+007 1.73052e+007 1.73779e+007 1.74311e+007 1.74702e+007 1.74991e+007 1.75206e+007 1.75366e+007 1.75487e+007 1.75578e+007 1.75647e+007 1.757e+007 1.7574e+007 1.7577e+007 1.75794e+007 1.75812e+007 1.75826e+007 1.75836e+007 1.75845e+007 1.75851e+007 1.75856e+007 1.7586e+007 1.75863e+007 1.75865e+007 1.75867e+007 1.75868e+007 1.75869e+007 1.7587e+007 1.7587e+007 1.75871e+007 1.75871e+007 1.75872e+007 1.75872e+007 1.75872e+007 1.75872e+007 1.75872e+007 1.75872e+007 1.75872e+007 1.75872e+007 1.75872e+007 1.75872e+007 1.75872e+007 1.75872e+007 1.75873e+007 1.75873e+007 1.75873e+007 1.75873e+007 1.75873e+007 1.75873e+007 1.75873e+007 1.75873e+007 1.75873e+007 1.75873e+007 1.75873e+007 1.75873e+007 1.75873e+007 1.75873e+007 1.75873e+007 1.75873e+007 1.75873e+007 1.75873e+007 1.75873e+007 1.75873e+007 1.75873e+007 1.75873e+007 1.75873e+007 1.75873e+007 1.75873e+007 1.75873e+007 1.75873e+007 1.75873e+007 1.75873e+007 1.75873e+007 1.75873e+007 1.75873e+007 1.75873e+007 1.75873e+007 1.75873e+007 1.75873e+007 1.75873e+007 1.75873e+007 1.75873e+007 1.75873e+007 1.75873e+007 1.75873e+007 1.75873e+007 1.75873e+007 1.75873e+007 1.75873e+007 0 0 0 0 0 0 0 0 0 0 0 0 0 0 0 0 0 0 0 0 0 0 0 0 0
#obs survey bio
 2.48463e+006 4.01371e+006 3.71951e+006 2.07955e+006 2.59626e+006 3.04796e+006 1.88803e+006 2.11831e+006 1.97258e+006 1.50799e+006 1.66253e+006 1.22851e+006 1.47758e+006 931013 795354 898623 714765 812671 732950 578937 841196 573500 528395 591064 449600 655344 485156 484587 493828 476517 590021 484648 620456 561994 678437 586302 421884 696590 599396 415502 536104 615121 514309 679576 554588 510757 571591 612853 592388 433950 775283 799766 612769 588884 773755 642843 289869 477041 630090 502560
#pred catch bio
 88254.3 92672.6 153158 209269 260461 259574 298403 303171 326946 274435 298958 256700 265502 258240 224807 204406 199336 152062 154560 134014 124434 134046 119482 124130 110371 105413 101393 104376 108541 98515.4 110954 98774.5 88662.7 92453.2 87094.4 91882.1 91592.6 94085.2 80381.6 86990.3 83037 79757.1 83487 93804.4 91918.7 91148 95937.9 101095 88493.7 93232.9 112053 142652 104871 104086 89275.6 117284 98730.1 63162.6 83840.8 74473.2 89080.5 104797 107290 110953 115513 119920 123626 126502 128617 130114 131143 131835 132293 132591 132783 132907 132985 133034 133065 133085 133097 133104 133109 133112 133114 133115 133116 133116 133116 133117 133117 133117 133117 133117 133117 133117 133117 133117 133117 133117 133117 133117 133117 133117 133117 133117 133117 133117 133117 133117 133117 133117 133117 133117 133117 133117 133117 133117 133117 133117 133117 133117 133117 133117 133117 133117 133117 133117 133117 133117 133117 133117 133117 133117 133117 133117 133117 133117 133117 133117 133117 133117 133117 133117 133117 133117 133117 133117 133117 133117 133117 133117 133117 133117 133117 133117 133117 133117 133117 133117 0 0 0 0 0 0 0 0 0 0 0 0 0 0 0 0 0 0 0 0 0 0 0 0 0
#obs catch bio
 0 92425.4 153777 210854 263877 262564 304586 309262 334771 279249 306513 261575 269990 264163 230630 210112 205070 154321 157381 135660 124787 134980 120275 125001 111424 106714 102292 105520 109752 99270.1 111838 99611.2 88919.4 93040.1 87344.1 92113.8 91744.8 93891.1 79601.9 86964.2 82820.3 79433.6 83306.6 93235.7 91450.3 90843.8 95421.4 100752 87883.2 92915.3 111124 142119 103740 103374 87912.7 116109 98859.9 62617.4 83901 74353.6
#pred cpue bio
 4.33305e+006 4.09392e+006 3.86295e+006 3.58888e+006 3.2854e+006 2.9618e+006 2.67452e+006 2.37803e+006 2.10523e+006 1.83022e+006 1.63189e+006 1.42125e+006 1.26787e+006 1.1119e+006 968261 864794 784927 707359 678641 642301 623959 612294 585559 572098 550903 544024 542688 545649 544283 535946 536382 519135 511813 513087 506955 503227 491408 481138 471991 482206 487655 499355 516619 531222 534565 540307 547698 550042 546194 557047 563653 548391 494926 481988 470027 475483 449236 445778 489993 517708 1.96476e+007 1.21741e+007 1.25594e+007 1.3087e+007 1.37265e+007 1.43497e+007 1.48871e+007 1.53202e+007 1.56548e+007 1.59065e+007 1.60926e+007 1.62291e+007 1.63287e+007 1.64014e+007 1.64546e+007 1.64937e+007 1.65226e+007 1.65441e+007 1.65601e+007 1.65722e+007 1.65813e+007 1.65882e+007 1.65935e+007 1.65975e+007 1.66005e+007 1.66029e+007 1.66047e+007 1.66061e+007 1.66072e+007 1.6608e+007 1.66086e+007 1.66091e+007 1.66095e+007 1.66098e+007 1.661e+007 1.66102e+007 1.66103e+007 1.66104e+007 1.66105e+007 1.66106e+007 1.66106e+007 1.66106e+007 1.66107e+007 1.66107e+007 1.66107e+007 1.66107e+007 1.66107e+007 1.66107e+007 1.66108e+007 1.66108e+007 1.66108e+007 1.66108e+007 1.66108e+007 1.66108e+007 1.66108e+007 1.66108e+007 1.66108e+007 1.66108e+007 1.66108e+007 1.66108e+007 1.66108e+007 1.66108e+007 1.66108e+007 1.66108e+007 1.66108e+007 1.66108e+007 1.66108e+007 1.66108e+007 1.66108e+007 1.66108e+007 1.66108e+007 1.66108e+007 1.66108e+007 1.66108e+007 1.66108e+007 1.66108e+007 1.66108e+007 1.66108e+007 1.66108e+007 1.66108e+007 1.66108e+007 1.66108e+007 1.66108e+007 1.66108e+007 1.66108e+007 1.66108e+007 1.66108e+007 1.66108e+007 1.66108e+007 1.66108e+007 1.66108e+007 1.66108e+007 1.66108e+007 1.66108e+007 1.66108e+007 1.66108e+007 1.66108e+007 1.66108e+007 1.66108e+007 1.66108e+007 0 0 0 0 0 0 0 0 0 0 0 0 0 0 0 0 0 0 0 0 0 0 0 0 0
#obs cpue bio
 3.78029e+006 4.59214e+006 2.50673e+006 2.86032e+006 2.62426e+006 2.47107e+006 1.98753e+006 2.55411e+006 2.21903e+006 1.90489e+006 1.2645e+006 1.46764e+006 1.35445e+006 824130 669680 531074 737690 645788 550445 718476 755929 591760 518133 613423 453688 338179 659941 508440 603048 554789 617216 428841 547215 417146 429324 509094 613467 528996 637985 359495 550286 495219 493257 721737 513002 548910 721188 531226 650163 612676 671514 395477 569308 451068 518601 380978 411406 619334 359250 488402
#pred surv len freq
 0.00466065 0.00754617 0.0113241 0.01598 0.0214282 0.0274436 0.0336196 0.039449 0.0445008 0.048556 0.0516151 0.0538172 0.0553536 0.0564041 0.0570892 0.0574405 0.0574009 0.0568472 0.0556082 0.0534638 0.0501479 0.0454152 0.0391992 0.0317924 0.0238972
 0.00504485 0.00807194 0.0119381 0.0165851 0.021929 0.0278067 0.0339066 0.0397875 0.0450002 0.0492189 0.0523051 0.0543068 0.0554251 0.0559484 0.056156 0.0562236 0.056169 0.0558478 0.0549825 0.0532064 0.0501318 0.0454673 0.0391855 0.031666 0.0236898
 0.00521683 0.00839411 0.0124943 0.0174605 0.0231673 0.0293586 0.035606 0.0413919 0.0462891 0.0500885 0.0527871 0.0544956 0.0553753 0.0556264 0.055481 0.055158 0.0547857 0.0543253 0.0535328 0.0519855 0.0491872 0.0447507 0.0386115 0.0311717 0.0232592
 0.00541443 0.00870317 0.0129419 0.0180771 0.023996 0.0304573 0.037029 0.0431467 0.0482868 0.0521281 0.0546003 0.0558387 0.0561088 0.0557301 0.0550062 0.0541731 0.0533646 0.0525737 0.0516064 0.0500658 0.0474294 0.0432432 0.0373759 0.0301921 0.0225113
 0.00563153 0.00905499 0.013469 0.0188159 0.0249724 0.031679 0.03848 0.0447903 0.050074 0.0539972 0.0564595 0.0575458 0.0574758 0.0565662 0.0551763 0.053634 0.0521629 0.0508242 0.0494719 0.0477413 0.0451171 0.0411191 0.0355614 0.0287452 0.0214348
 0.00588783 0.00946464 0.0140734 0.0196514 0.0260668 0.033044 0.0401008 0.0466167 0.0520231 0.0559658 0.05834 0.0592342 0.0588678 0.0575472 0.0556229 0.0534359 0.0512595 0.0492353 0.047308 0.0451908 0.042416 0.0385098 0.0332486 0.0268618 0.0200276
 0.00607008 0.00976739 0.0145416 0.0203324 0.0270028 0.0342597 0.0415888 0.0483311 0.0538843 0.0578731 0.0601856 0.0609125 0.06028 0.0586009 0.0562276 0.0535012 0.0507059 0.0480208 0.045462 0.0428359 0.0397628 0.0358193 0.0307752 0.0247965 0.0184625
 0.00627105 0.0100945 0.0150358 0.0210353 0.0279525 0.0354823 0.0430858 0.050069 0.0557907 0.0598432 0.0620951 0.0626345 0.0617003 0.0596275 0.0567892 0.0535396 0.0501699 0.0468741 0.0437086 0.0405523 0.0371165 0.0330552 0.0281644 0.0225673 0.0167453
 0.00652159 0.0104893 0.0156077 0.021809 0.0289446 0.0366983 0.0445154 0.0516794 0.0575249 0.0616228 0.0638258 0.0642127 0.0630219 0.0605975 0.0573289 0.053588 0.0496819 0.0458215 0.0420927 0.0384291 0.0346209 0.0304014 0.0256097 0.0203467 0.0150085
 0.00686065 0.0110282 0.0163956 0.0228828 0.0303217 0.0383667 0.046422 0.0537278 0.0595889 0.0635704 0.0655415 0.065608 0.0640346 0.0611852 0.0574622 0.0532452 0.0488461 0.0444837 0.0402635 0.0361614 0.0320329 0.0276839 0.0229997 0.0180703 0.013217
 0.00705754 0.0113508 0.0168864 0.0235844 0.0312705 0.0395812 0.0478891 0.0553943 0.0613638 0.0653386 0.0671812 0.0670081 0.0651076 0.0618722 0.0577299 0.0530765 0.0482315 0.0434194 0.0387602 0.0342627 0.0298372 0.0253521 0.0207364 0.0160759 0.0116321
 0.00737065 0.0118467 0.0176089 0.0245672 0.0325334 0.0411233 0.0496777 0.0573566 0.0633884 0.0672881 0.0689116 0.0683892 0.0660406 0.0623016 0.0576436 0.052496 0.0471961 0.041973 0.0369501 0.032152 0.0275236 0.0229797 0.0184831 0.014115 0.0100836
 0.00764048 0.0122687 0.0182135 0.0253731 0.033547 0.0423367 0.0510652 0.05887 0.0649587 0.0688312 0.0703358 0.069601 0.0669517 0.0628375 0.0577539 0.0521606 0.0464246 0.040799 0.035426 0.0303495 0.025542 0.0209503 0.0165592 0.0124423 0.00876214
 0.0079921 0.0128282 0.019032 0.0264881 0.0349723 0.0440502 0.0529951 0.0608941 0.0669224 0.0705795 0.0717423 0.0705831 0.0674699 0.0628864 0.057351 0.0513375 0.0452226 0.0392683 0.0336281 0.0283619 0.0234636 0.0189023 0.0146742 0.0108391 0.00751555
 0.00827189 0.0132905 0.0197413 0.0275083 0.0363526 0.0458024 0.0550693 0.0631682 0.0692145 0.072681 0.0734571 0.0717615 0.0680304 0.0628201 0.0567097 0.0502099 0.0437099 0.0374686 0.0316325 0.0262606 0.0213542 0.0168933 0.012876 0.00934349 0.00637268
 0.00831377 0.0133819 0.0199237 0.0278395 0.0368992 0.0466237 0.0561977 0.0645921 0.0708688 0.0744467 0.0751732 0.0732495 0.069128 0.0634135 0.0567524 0.0497228 0.0427651 0.0361666 0.0300831 0.0245734 0.0196374 0.0152535 0.0114117 0.0081314 0.00545147
 0.008283 0.013342 0.0198845 0.0278219 0.0369373 0.0467643 0.0564963 0.0651023 0.0716254 0.0754462 0.0763598 0.0745161 0.0703315 0.064403 0.0574003 0.0499498 0.0425525 0.0355532 0.0291504 0.0234275 0.0183933 0.0140234 0.0102944 0.00719968 0.00474175
 0.00842503 0.0135521 0.0201623 0.0281548 0.0373059 0.0471513 0.0568934 0.0655127 0.0720605 0.0759203 0.0768814 0.0750773 0.0709001 0.0649198 0.0577871 0.050127 0.0424603 0.0351697 0.0284987 0.0225715 0.017424 0.0130415 0.00939184 0.00644428 0.00416706
 0.00835204 0.0134342 0.0199864 0.0279089 0.0369821 0.0467503 0.0564319 0.0650295 0.071619 0.0756017 0.0767696 0.0752363 0.0713506 0.0656259 0.0586574 0.0510333 0.043267 0.0357648 0.0288181 0.0226089 0.0172257 0.0126884 0.00897574 0.00604498 0.00383729
 0.00839168 0.0134929 0.0200633 0.0279982 0.0370722 0.0468248 0.0564704 0.0650114 0.0715298 0.075442 0.0765629 0.0750299 0.0712068 0.0656021 0.0587837 0.0512961 0.0436085 0.0360999 0.0290623 0.022706 0.0171635 0.0124972 0.00871258 0.00577143 0.00360038
 0.00847076 0.0135924 0.0201596 0.028052 0.0370398 0.0466756 0.0562019 0.0646514 0.0711266 0.0750488 0.0762257 0.0747834 0.0710758 0.0656042 0.0589276 0.0515748 0.0439918 0.0365326 0.0294742 0.0230312 0.0173611 0.0125625 0.0086738 0.00567396 0.00348837
 0.00850209 0.0136438 0.020236 0.028153 0.0371541 0.0467753 0.0562426 0.0645843 0.0709196 0.0747075 0.0757986 0.0743472 0.0707093 0.0653653 0.0588442 0.0516469 0.0441966 0.0368296 0.0298095 0.023347 0.0176092 0.0127178 0.00873838 0.00567154 0.00345072
 0.00859314 0.0137936 0.0204645 0.0284787 0.0375884 0.0473131 0.0568528 0.0652038 0.07146 0.0750728 0.0759122 0.0741778 0.0702841 0.0647643 0.0581751 0.0510133 0.0436732 0.0364503 0.0295702 0.023216 0.0175431 0.0126769 0.00869791 0.00562399 0.00340067
 0.0087093 0.0139535 0.0206525 0.0286651 0.037741 0.0474146 0.0569118 0.0652517 0.0715321 0.0751856 0.0760499 0.0742957 0.0703281 0.0646965 0.0579922 0.050749 0.0433834 0.036191 0.0293774 0.023098 0.0174854 0.0126541 0.00868688 0.00561141 0.00338362
 0.0088434 0.0141738 0.0209859 0.0291315 0.0383419 0.0481191 0.0576499 0.0659251 0.0720446 0.0754768 0.0761114 0.0741598 0.0700412 0.0642965 0.0575049 0.0501982 0.0428026 0.0356245 0.028871 0.0226846 0.0171763 0.0124401 0.00854683 0.00552248 0.00332762
 0.00879006 0.0140987 0.0208957 0.029043 0.0382813 0.0481182 0.0577378 0.0661178 0.0723334 0.0758236 0.0764569 0.0744442 0.0702252 0.0643693 0.0574773 0.0500896 0.0426336 0.0354168 0.0286494 0.0224753 0.0170003 0.0123076 0.00845642 0.00546531 0.00329318
 0.00876619 0.0140504 0.0208062 0.0288937 0.0380591 0.0478274 0.0574091 0.0658069 0.0721071 0.0757382 0.0765376 0.0746757 0.0705574 0.0647358 0.0578165 0.05036 0.0428179 0.0355178 0.0286827 0.0224628 0.0169645 0.0122668 0.00842177 0.00544067 0.00327765
 0.00862547 0.0138456 0.0205415 0.028586 0.0377304 0.0474943 0.057078 0.06548 0.0717957 0.0754735 0.0763683 0.0746518 0.0707068 0.0650485 0.0582451 0.050836 0.0432743 0.0359063 0.028981 0.0226711 0.0170977 0.0123454 0.00846503 0.00546327 0.00328897
 0.00850291 0.0136558 0.0202748 0.0282425 0.0373236 0.0470526 0.0566435 0.0651009 0.0715126 0.0753063 0.0763149 0.0746988 0.0708442 0.0652737 0.0585553 0.0512158 0.0436904 0.0363154 0.0293428 0.0229606 0.0173083 0.0124857 0.00855116 0.00551235 0.00331508
 0.00844003 0.0135581 0.0201362 0.0280603 0.037099 0.0467914 0.0563583 0.0648127 0.0712494 0.0750983 0.0761863 0.0746608 0.0708933 0.0653972 0.0587384 0.0514461 0.0439553 0.0365974 0.0296186 0.0232061 0.0175061 0.0126296 0.00864597 0.00556907 0.00334603
 0.00830305 0.013343 0.0198271 0.0276488 0.0365868 0.0461944 0.05571 0.0641647 0.0706652 0.0746413 0.0759074 0.0745894 0.0710327 0.065725 0.059212 0.0520123 0.0445611 0.0371964 0.0301737 0.0236896 0.0179004 0.0129289 0.00885595 0.00570463 0.00342626
 0.00829756 0.0133379 0.0198259 0.0276556 0.0366031 0.0462152 0.0557214 0.0641461 0.0705963 0.0745108 0.0757202 0.074368 0.0708121 0.0655433 0.0591005 0.0519874 0.0446214 0.0373255 0.0303462 0.0238774 0.0180788 0.01308 0.00897101 0.00578352 0.00347494
 0.00828777 0.0133077 0.0197547 0.0275176 0.0363762 0.0458934 0.0553249 0.0637196 0.0701953 0.0741836 0.0754953 0.0742527 0.0708 0.0656231 0.0592612 0.0522184 0.0449097 0.037653 0.0306891 0.0242096 0.0183762 0.0133253 0.00915696 0.00591235 0.00355618
 0.00807043 0.0129888 0.0193376 0.0270247 0.0358386 0.0453374 0.0547648 0.0631641 0.0696628 0.0737135 0.075145 0.0740795 0.0708388 0.0658732 0.059689 0.0527711 0.0455309 0.0382922 0.031305 0.0247693 0.0188556 0.0137103 0.00944466 0.00611093 0.00368188
 0.00802025 0.0128904 0.0191605 0.0267348 0.0354129 0.0447818 0.0541251 0.0625181 0.069093 0.0732774 0.0748627 0.0739449 0.0708402 0.066006 0.0599517 0.053154 0.0460088 0.0388264 0.0318514 0.0252871 0.0193125 0.0140857 0.00973081 0.00631206 0.00381139
 0.00864449 0.0137583 0.0201934 0.0277647 0.0362253 0.045188 0.0540265 0.0619304 0.0681296 0.0721088 0.0736706 0.0728821 0.0700045 0.0654352 0.0596372 0.0530622 0.0460964 0.039047 0.0321567 0.0256289 0.0196479 0.0143818 0.00996828 0.0064854 0.00392637
 0.00915882 0.0145968 0.0214497 0.0295002 0.0384242 0.0477049 0.0565596 0.0640658 0.0694631 0.0723927 0.0729011 0.0712796 0.067912 0.0631981 0.0575218 0.0512282 0.0446106 0.0379122 0.0313388 0.0250761 0.0193013 0.0141836 0.00986733 0.00644163 0.00391181
 0.00903801 0.0144901 0.0214576 0.0297778 0.0391477 0.0490096 0.0584723 0.0664574 0.0720442 0.0747604 0.0746348 0.0720644 0.0676396 0.0619947 0.055687 0.049121 0.0425428 0.0360908 0.0298618 0.023958 0.0185065 0.0136528 0.00953534 0.00624813 0.00380732
 0.00905557 0.0144903 0.0214119 0.0296603 0.0389643 0.0488336 0.0584577 0.0668039 0.0729129 0.0761759 0.0764306 0.0739101 0.0691447 0.062843 0.0557403 0.0484479 0.0413673 0.0346956 0.0284963 0.0227855 0.0175976 0.0130072 0.00911214 0.00599166 0.00366387
 0.00892429 0.0142905 0.0211347 0.0293018 0.0385221 0.048306 0.0578549 0.0661724 0.0723593 0.0758642 0.0765354 0.0745328 0.0702388 0.0642003 0.0570588 0.0494485 0.0418959 0.0347587 0.0282224 0.022349 0.0171482 0.012635 0.00884789 0.00582644 0.00357174
 0.00888937 0.0142325 0.0210457 0.0291742 0.038351 0.0480916 0.0576029 0.0658935 0.0720683 0.0755859 0.0763155 0.0744437 0.0703618 0.0645828 0.057669 0.0501648 0.0425485 0.0352022 0.0283956 0.0222855 0.0169414 0.0123861 0.00862834 0.00566713 0.00347257
 0.0088788 0.0142049 0.0209849 0.0290589 0.0381603 0.0478134 0.0572429 0.0654773 0.0716372 0.0751875 0.0759954 0.0742417 0.0703129 0.0647154 0.0579942 0.0506582 0.0431394 0.0357857 0.028869 0.0225884 0.0170732 0.0123931 0.00857234 0.005598 0.00341697
 0.00874389 0.014007 0.0207261 0.0287527 0.0378251 0.0474633 0.0568825 0.0651063 0.0712603 0.0748247 0.0756831 0.0740255 0.0702346 0.0648027 0.0582551 0.0510784 0.0436796 0.0363824 0.0294443 0.023071 0.017421 0.0126035 0.00867427 0.00563265 0.00342002
 0.00868607 0.0139074 0.0205669 0.0285172 0.0375046 0.0470667 0.0564414 0.0646696 0.0708778 0.0745293 0.0754844 0.0739174 0.0702108 0.0648661 0.0584163 0.0513458 0.0440476 0.0368246 0.0299147 0.0235145 0.01779 0.0128722 0.00884376 0.00572383 0.00346085
 0.00872897 0.0139752 0.0206642 0.028644 0.0376528 0.0472173 0.0565647 0.0647315 0.0708525 0.0744103 0.0752871 0.0736713 0.0699478 0.0646144 0.0582005 0.0511894 0.0439702 0.0368352 0.0300044 0.0236563 0.0179473 0.0130117 0.00894593 0.00578579 0.00349129
 0.00868562 0.0139157 0.0205951 0.0285786 0.0376078 0.0472066 0.0565936 0.064793 0.070928 0.074474 0.0753143 0.0736475 0.0698739 0.064506 0.0580819 0.0510859 0.0439035 0.0368194 0.030043 0.0237405 0.0180573 0.0131237 0.00904035 0.00585292 0.00353172
 0.00862041 0.0138138 0.0204503 0.0283897 0.0373817 0.0469601 0.0563546 0.0645965 0.0708062 0.0744448 0.0753736 0.0737709 0.0700268 0.0646568 0.0582115 0.0511911 0.0439931 0.0369071 0.0301401 0.0238507 0.0181754 0.0132382 0.00913868 0.0059272 0.00358078
 0.00859634 0.0137771 0.0203993 0.0283243 0.0373024 0.0468681 0.0562525 0.0644898 0.0707055 0.0743649 0.0753301 0.0737734 0.070074 0.0647353 0.0583014 0.0512744 0.0440606 0.0369605 0.0301877 0.0239012 0.0182327 0.0132995 0.00919713 0.00597588 0.003616
 0.00873512 0.0139765 0.0206508 0.0286032 0.0375749 0.0471023 0.0564266 0.0645942 0.0707389 0.0743305 0.0752344 0.0736277 0.0698945 0.0645404 0.0581072 0.0510914 0.0438941 0.0368131 0.0300631 0.0238036 0.0181648 0.0132599 0.00918007 0.00597307 0.00361968
 0.00864705 0.0138552 0.0205077 0.0284599 0.0374537 0.0470132 0.0563604 0.0645276 0.0706506 0.0742173 0.0751158 0.0735366 0.0698604 0.0645767 0.0582089 0.05124 0.0440661 0.0369868 0.0302226 0.0239406 0.0182772 0.0133491 0.0092486 0.00602345 0.00365438
 0.00851043 0.0136531 0.020242 0.028148 0.0371275 0.0467137 0.0561296 0.0643987 0.0706365 0.0743035 0.0752651 0.0737057 0.0700188 0.0647167 0.0583397 0.0513749 0.0442115 0.0371394 0.0303726 0.0240774 0.0183934 0.013442 0.00931871 0.00607341 0.00368776
 0.00854896 0.0137149 0.0203336 0.0282758 0.0372966 0.0469277 0.0563876 0.064693 0.0709495 0.0746069 0.0755209 0.0738716 0.0700601 0.0646181 0.0581138 0.0510599 0.0438586 0.0367967 0.0300738 0.0238383 0.0182152 0.0133174 0.00923718 0.00602382 0.00366006
 0.00893997 0.0143276 0.0212114 0.0294397 0.0387372 0.0485944 0.0581788 0.0664562 0.0725025 0.0757741 0.0761709 0.0739404 0.069557 0.0636175 0.0567381 0.0494574 0.0421814 0.0351808 0.0286235 0.0226183 0.0172508 0.0126009 0.00873798 0.00569912 0.00346409
 0.00890968 0.0142893 0.0211751 0.0294248 0.0387716 0.0487107 0.0584087 0.0668219 0.0730068 0.076391 0.0768416 0.0745805 0.0700727 0.0639283 0.0567963 0.0492597 0.0417678 0.0346229 0.0280062 0.0220202 0.0167297 0.0121874 0.0084374 0.00549855 0.00334133
 0.00910499 0.0145613 0.021501 0.0297569 0.0390537 0.0489029 0.0585065 0.0668582 0.0730359 0.0764649 0.0769897 0.0747991 0.0703258 0.0641568 0.0569353 0.0492571 0.0416011 0.0343059 0.0275842 0.0215557 0.0162843 0.0118069 0.00814464 0.00529461 0.00321247
 0.00930439 0.0148493 0.0218655 0.0301584 0.0394299 0.0491816 0.0586219 0.0667695 0.072746 0.0760312 0.0765153 0.0744011 0.0700936 0.0641207 0.057061 0.0494664 0.0418044 0.0344335 0.0276043 0.0214757 0.0161384 0.0116381 0.00798885 0.00517231 0.00312864
 0.00975305 0.0155632 0.0229073 0.0315657 0.0411955 0.0512281 0.0607825 0.0687962 0.0743577 0.0769895 0.0766929 0.0738138 0.0688864 0.0625179 0.0553003 0.0477416 0.0402357 0.0330695 0.026447 0.0205091 0.0153476 0.0110137 0.00752134 0.00484581 0.00291862
 0.0098169 0.0156791 0.0231057 0.0318864 0.0416832 0.0519214 0.0616962 0.0699029 0.0755737 0.078175 0.0776735 0.0744239 0.0690197 0.062163 0.054542 0.0467282 0.0391283 0.031999 0.0254935 0.0197058 0.0146981 0.0105081 0.00714569 0.00458294 0.00274793
 0.00950455 0.0151749 0.022357 0.0308569 0.0403729 0.0503924 0.0600928 0.0684442 0.0745079 0.077708 0.0779023 0.0753042 0.070379 0.0637541 0.056116 0.0480987 0.040203 0.0327718 0.0260109 0.0200309 0.014888 0.0106073 0.00718739 0.00459216 0.0027425
 0.00925627 0.0148168 0.0219005 0.0303355 0.0398256 0.0498412 0.0595334 0.0678603 0.0739051 0.0771426 0.0774824 0.0751541 0.0705841 0.0643165 0.0569466 0.0490484 0.0411171 0.0335372 0.0265779 0.0204059 0.0151093 0.0107218 0.00723609 0.00460539 0.00273995
#obs surv len freq
 nan nan nan nan nan nan nan nan nan nan nan nan nan nan nan nan nan nan nan nan nan nan nan nan nan
 0.00448048 0.00734018 0.011169 0.0159852 0.021687 0.0279646 0.0342812 0.0400146 0.0446957 0.0481602 0.0505182 0.0520137 0.0529055 0.0534174 0.0537312 0.0539858 0.0542642 0.0545568 0.0546954 0.0542872 0.0527252 0.0493573 0.0438069 0.0362868 0.0276703
 0.00461229 0.00755535 0.0114942 0.016445 0.022298 0.0287266 0.0351676 0.04097 0.0456427 0.0490142 0.051203 0.0524734 0.0531102 0.0533646 0.0534417 0.053496 0.0536172 0.0537953 0.0538586 0.0534119 0.0518501 0.0485253 0.0430624 0.0356675 0.0271969
 0.0047897 0.0078431 0.011926 0.0170517 0.0231016 0.0297307 0.0363472 0.0422669 0.0469711 0.0502745 0.0522965 0.0533138 0.0536322 0.0535298 0.0532421 0.0529529 0.0527748 0.0527123 0.052601 0.0520502 0.0504598 0.0471873 0.0418571 0.0346613 0.0264265
 0.0049739 0.00814945 0.0123997 0.0177387 0.0240389 0.0309308 0.0377833 0.0438683 0.0486339 0.0518818 0.0537361 0.0544881 0.0544612 0.0539533 0.0532235 0.052483 0.0518746 0.0514316 0.0510154 0.0502571 0.0485754 0.04534 0.0401745 0.0332474 0.02534
 0.00518046 0.00848591 0.0129078 0.0184592 0.0250056 0.0321601 0.0392615 0.045544 0.0504207 0.0536701 0.0554079 0.0559292 0.0555706 0.0546488 0.0534451 0.052195 0.0510692 0.0501341 0.0492889 0.0482062 0.0463436 0.0430992 0.0381006 0.0314872 0.023979
 0.0054177 0.00887215 0.0134901 0.0192815 0.0261005 0.033536 0.0408898 0.0473555 0.0523164 0.0555404 0.057148 0.0574441 0.056774 0.0554615 0.0537965 0.0520285 0.0503493 0.0488565 0.0474928 0.0459856 0.0438521 0.0405388 0.0356903 0.0294169 0.0223652
 0.00564749 0.00925239 0.0140746 0.0201244 0.0272452 0.0349976 0.0426382 0.0493099 0.0543586 0.0575393 0.0589826 0.0590155 0.0580052 0.0562916 0.0541726 0.0519014 0.0496764 0.0476132 0.0456918 0.0436993 0.0412261 0.0377863 0.0330577 0.0271278 0.0205647
 0.00590054 0.00966226 0.0146891 0.0209883 0.0283931 0.0364428 0.0443585 0.0512404 0.0563972 0.0595627 0.0608645 0.0606418 0.0592829 0.0571514 0.054565 0.0517887 0.0490267 0.0464034 0.0439246 0.0414286 0.0385813 0.0349747 0.0303337 0.0247333 0.0186646
 0.0061307 0.0100444 0.0152788 0.0218412 0.0295533 0.0379238 0.0461263 0.0532095 0.0584467 0.0615625 0.0626969 0.0622098 0.0605091 0.0579735 0.0549339 0.0516661 0.0483825 0.0452181 0.0422002 0.0392116 0.0359875 0.0321978 0.0276217 0.0223303 0.0167439
 0.00638066 0.0104511 0.0158916 0.0227073 0.0307095 0.0393832 0.0478633 0.055152 0.0604828 0.0635597 0.064524 0.063754 0.0616851 0.0587243 0.0552244 0.051474 0.0476912 0.0440166 0.040494 0.0370442 0.0334649 0.0294996 0.0249813 0.0199822 0.0148591
 0.00663024 0.0108614 0.0165173 0.023601 0.0319103 0.0408993 0.0496548 0.0571277 0.0625154 0.0655121 0.0662724 0.0651987 0.0627519 0.0593625 0.0554038 0.05118 0.0469191 0.0427689 0.0387864 0.034923 0.0310293 0.0269141 0.0224599 0.0177416 0.0130589
 0.00684837 0.0112196 0.0170634 0.0243821 0.0329643 0.0422403 0.051258 0.0589222 0.0643923 0.0673438 0.067934 0.0665832 0.0637785 0.0599782 0.0555797 0.0509049 0.0461932 0.0416013 0.0371995 0.0329662 0.0287971 0.0245555 0.0201661 0.0157055 0.0114226
 0.00704983 0.0115514 0.0175704 0.0251086 0.0339447 0.0434853 0.0527403 0.0605718 0.0661066 0.0690076 0.0694373 0.0678326 0.064701 0.0605228 0.0557164 0.0506225 0.0454944 0.0405001 0.0357238 0.0311677 0.0267655 0.0224257 0.0181068 0.0138846 0.00996269
 0.00727886 0.0119244 0.0181326 0.0259016 0.0349973 0.0447995 0.0542772 0.0622479 0.0678061 0.0706053 0.0708213 0.068917 0.0654295 0.0608659 0.0556658 0.0501841 0.044684 0.0393408 0.0342496 0.0294323 0.0248536 0.0204583 0.0162304 0.0122419 0.00865494
 0.0074368 0.0121884 0.0185435 0.0265016 0.035821 0.0458599 0.0555513 0.0636718 0.069284 0.0720282 0.0720852 0.0699357 0.0661401 0.0612305 0.0556697 0.0498313 0.0439916 0.0383352 0.0329675 0.0279272 0.0232036 0.0187702 0.0146293 0.0108472 0.00754909
 0.0075395 0.0123538 0.0187901 0.0268479 0.0362847 0.0464553 0.0562843 0.0645336 0.0702471 0.0730444 0.0730895 0.0708526 0.0668944 0.0617573 0.0559221 0.0497833 0.0436373 0.037687 0.0320547 0.0267981 0.0219296 0.0174455 0.013362 0.00973814 0.00666768
 0.00757008 0.0124038 0.0188665 0.026958 0.0364369 0.0466582 0.0565469 0.0648649 0.0706551 0.0735342 0.0736569 0.0714775 0.067536 0.0623557 0.0564078 0.0500902 0.0437148 0.0375081 0.0316198 0.0261362 0.021098 0.016526 0.0124491 0.00892077 0.00600874
 0.00767602 0.0125615 0.0190767 0.0272123 0.0367198 0.0469529 0.0568383 0.0651425 0.0709139 0.073776 0.07389 0.0717138 0.0677833 0.0626101 0.0566468 0.0502737 0.0437932 0.037435 0.0313664 0.0257016 0.0205133 0.0158509 0.0117604 0.00829364 0.00549782
 0.00774527 0.0126721 0.0192385 0.0274311 0.0369937 0.0472683 0.0571684 0.0654511 0.0711665 0.0739525 0.0739922 0.0717625 0.0678085 0.0626376 0.0566886 0.0503222 0.0438215 0.0374042 0.0312379 0.0254521 0.0201463 0.0153992 0.0112783 0.00784063 0.00512077
 0.00776604 0.0127053 0.0192879 0.0275001 0.037086 0.0473865 0.0573127 0.065617 0.071343 0.074123 0.0741389 0.0718727 0.0678804 0.0626806 0.056718 0.0503492 0.0438451 0.0374081 0.0311956 0.0253381 0.0199493 0.0151306 0.0109706 0.00753668 0.00485863
 0.00781829 0.0127798 0.0193806 0.0276013 0.037183 0.0474694 0.0573782 0.0656691 0.0713901 0.074173 0.0741953 0.0719329 0.0679369 0.0627258 0.056748 0.0503649 0.0438489 0.0373982 0.0311626 0.0252676 0.01983 0.0149634 0.0107717 0.00733321 0.00467781
 0.0078442 0.0128211 0.0194406 0.027681 0.0372795 0.0475738 0.0574758 0.0657429 0.0714271 0.0741717 0.0741667 0.0718956 0.0679087 0.0627157 0.0567551 0.0503821 0.0438671 0.0374088 0.031157 0.0252369 0.0197672 0.0148674 0.0106509 0.00720408 0.00455893
 0.00786064 0.0128442 0.0194689 0.0277112 0.0373079 0.0475982 0.0574963 0.0657605 0.071442 0.0741816 0.0741681 0.0718875 0.0678947 0.0627039 0.0567538 0.0503952 0.0438921 0.0374378 0.0311797 0.0252431 0.0197495 0.0148237 0.0105859 0.00712828 0.00448523
 0.00788885 0.0128843 0.0195186 0.0277643 0.0373558 0.0476326 0.0575113 0.0657545 0.0714178 0.0741456 0.0741282 0.0718505 0.0678649 0.0626833 0.0567434 0.0503959 0.0439037 0.0374575 0.0312014 0.0252587 0.0197513 0.0148078 0.0105535 0.0070856 0.00444086
 0.00790381 0.0129086 0.0195546 0.0278135 0.0374172 0.0477011 0.0575774 0.0658055 0.0714423 0.0741376 0.0740904 0.0717927 0.0678001 0.0626231 0.0566955 0.0503634 0.0438864 0.0374528 0.0312048 0.0252642 0.0197528 0.0148005 0.0105363 0.00706112 0.00441409
 0.00789686 0.0128965 0.0195353 0.027785 0.0373791 0.0476555 0.0575297 0.0657633 0.071412 0.074122 0.0740873 0.0717979 0.0678097 0.0626362 0.0567136 0.0503888 0.04392 0.0374931 0.0312482 0.0253056 0.0197868 0.0148233 0.0105466 0.00706067 0.00440676
 0.00787845 0.0128651 0.0194854 0.0277112 0.0372773 0.0475264 0.0573806 0.0656088 0.0712714 0.0740145 0.0740271 0.0717903 0.0678511 0.0627162 0.0568191 0.0505074 0.0440425 0.0376128 0.03136 0.0254048 0.0198694 0.0148863 0.0105896 0.0070858 0.00441846
 0.00788177 0.0128624 0.0194666 0.0276619 0.0371835 0.0473798 0.0571847 0.0653802 0.0710365 0.0738029 0.0738656 0.0716978 0.0678362 0.0627758 0.0569403 0.0506714 0.0442284 0.0378025 0.0315393 0.025564 0.0200022 0.01499 0.0106643 0.00713477 0.00444714
 0.00786995 0.0128458 0.0194457 0.0276375 0.0371542 0.0473401 0.0571244 0.0652879 0.0709057 0.0736389 0.0736868 0.071532 0.0677118 0.0627141 0.0569495 0.0507465 0.0443545 0.0379592 0.0317059 0.0257231 0.0201415 0.0151025 0.010748 0.00719181 0.00448235
 0.00784676 0.012808 0.0193892 0.0275591 0.0370535 0.0472211 0.0569958 0.0651611 0.0707909 0.0735403 0.0736034 0.0714618 0.0676572 0.062684 0.0569562 0.0507995 0.0444548 0.0380983 0.0318678 0.0258891 0.0202949 0.0152316 0.0108473 0.00726147 0.00452682
 0.0078328 0.0127829 0.0193468 0.0274928 0.0369572 0.0470929 0.0568407 0.0649915 0.0706245 0.0733959 0.0734951 0.0713961 0.0676333 0.0626968 0.0570009 0.0508739 0.0445587 0.0382296 0.0320196 0.0260495 0.0204492 0.0153667 0.010955 0.00733949 0.00457804
 0.00778052 0.0126995 0.0192244 0.0273253 0.0367426 0.0468348 0.0565513 0.064692 0.0703427 0.0731607 0.0733314 0.0713197 0.0676483 0.0627959 0.057168 0.051089 0.0448027 0.0384868 0.0322773 0.0262957 0.0206724 0.0155564 0.0111046 0.00744806 0.00464991
 0.0077773 0.0126878 0.0191951 0.027266 0.0366406 0.0466825 0.0563503 0.0644548 0.0700899 0.0729167 0.07312 0.0711616 0.0675591 0.0627838 0.0572324 0.0512207 0.044986 0.0387027 0.0325069 0.0265222 0.0208814 0.0157367 0.0112491 0.00755466 0.00472176
 0.0077292 0.0126121 0.0190856 0.0271181 0.036452 0.0464535 0.0560859 0.0641665 0.0697961 0.0726416 0.07289 0.0710005 0.0674841 0.0628026 0.0573428 0.0514114 0.0452388 0.038995 0.0328146 0.0268223 0.0211546 0.015969 0.0114328 0.00768899 0.00481188
 0.00933455 0.0148596 0.0217989 0.0299096 0.0388355 0.0480245 0.056663 0.0638179 0.068756 0.0711893 0.0712626 0.0693633 0.0659396 0.0614111 0.0561375 0.0504068 0.0444341 0.0383774 0.0323622 0.026508 0.0209491 0.0158441 0.0113634 0.00765458 0.00479726
 0.00931467 0.0151248 0.0227222 0.031954 0.0423525 0.0529815 0.0624711 0.0694274 0.0730295 0.0733494 0.0711479 0.0673694 0.0627442 0.0576841 0.0523764 0.0469089 0.041345 0.0357505 0.0302013 0.0247896 0.0196338 0.0148809 0.010694 0.00721683 0.00453034
 0.00895471 0.0145587 0.021928 0.030982 0.0413793 0.0523476 0.0626405 0.0708234 0.0757845 0.0771171 0.0751457 0.0706753 0.0646814 0.0580551 0.0514346 0.0451443 0.0392515 0.0336907 0.028381 0.0232938 0.0184735 0.0140283 0.0101021 0.00683094 0.00429595
 0.00878802 0.0142739 0.0214746 0.0303078 0.0404504 0.0511833 0.0613579 0.0696659 0.0751005 0.0772639 0.0763308 0.0728083 0.0673399 0.0606228 0.0533501 0.0461153 0.0393134 0.0331072 0.0274815 0.0223485 0.0176451 0.0133832 0.00964342 0.00653029 0.00411394
 0.00875026 0.0142036 0.021351 0.0301023 0.0401289 0.0507133 0.0607208 0.0688767 0.0742307 0.0764601 0.075806 0.0727882 0.0679645 0.0618486 0.0549243 0.0476597 0.0404815 0.03372 0.0275644 0.0220671 0.0172013 0.0129353 0.00927793 0.00627208 0.00395145
 0.00870532 0.0141361 0.021259 0.0299857 0.039986 0.050537 0.0604963 0.068584 0.0738541 0.0760036 0.0753125 0.0723512 0.0677179 0.0619232 0.0553813 0.048438 0.0414015 0.0345541 0.0281365 0.0223179 0.0171851 0.0127655 0.00906439 0.00608528 0.00381844
 0.00869281 0.0141103 0.0212104 0.0299033 0.039861 0.0503677 0.0602914 0.0683592 0.0736241 0.0757743 0.0750816 0.0721201 0.0675087 0.0617889 0.0553931 0.0486501 0.0418103 0.0350827 0.0286602 0.0227211 0.0174105 0.0128262 0.00901869 0.00599819 0.00373523
 0.008685 0.0140984 0.0211936 0.0298801 0.0398283 0.05032 0.0602212 0.06826 0.0734941 0.0756187 0.0749114 0.071948 0.0673472 0.0616536 0.0553085 0.0486491 0.0419203 0.0353041 0.0289545 0.0230211 0.0176503 0.0129702 0.0090712 0.00598982 0.00370135
 0.00866747 0.0140715 0.0211563 0.0298325 0.0397721 0.0502578 0.0601562 0.0681945 0.0734288 0.075552 0.0748404 0.071871 0.0672668 0.0615768 0.0552479 0.0486217 0.0419449 0.0353931 0.029104 0.0232061 0.0178323 0.0131139 0.00915942 0.00602708 0.00370532
 0.00865717 0.014055 0.021132 0.0297994 0.0397298 0.0502075 0.0601008 0.0681386 0.0733771 0.0755076 0.0748037 0.0718398 0.067237 0.0615462 0.0552181 0.0486 0.0419427 0.0354224 0.0291708 0.0233051 0.0179462 0.0132202 0.00924018 0.00607579 0.00372681
 0.00864624 0.0140367 0.0211034 0.0297576 0.0396731 0.0501363 0.0600189 0.068053 0.0732971 0.0754421 0.0747588 0.0718176 0.0672355 0.0615603 0.055242 0.0486298 0.0419786 0.0354682 0.0292313 0.0233811 0.0180322 0.013305 0.0093117 0.00612667 0.00375669
 0.00863367 0.0140189 0.0210813 0.0297335 0.0396492 0.0501138 0.0599964 0.0680279 0.0732668 0.0754063 0.0747205 0.0717818 0.0672077 0.0615442 0.0552385 0.0486376 0.041996 0.0354945 0.029267 0.0234266 0.0180855 0.0133605 0.00936231 0.0061664 0.00378321
 0.00863688 0.0140214 0.0210802 0.0297249 0.0396298 0.0500827 0.059957 0.0679864 0.0732298 0.0753776 0.0747 0.071767 0.0671964 0.061536 0.0552347 0.0486403 0.0420063 0.0355128 0.0292931 0.0234597 0.0181236 0.0134006 0.00939991 0.00619747 0.00380556
 0.00862786 0.0140088 0.0210649 0.0297086 0.039614 0.0500674 0.0599402 0.0679654 0.073203 0.0753468 0.0746696 0.0717426 0.0671815 0.0615313 0.055239 0.0486514 0.0420231 0.0355346 0.0293196 0.0234902 0.0181568 0.0134341 0.00943093 0.00622332 0.00382472
 0.00862341 0.0140028 0.0210582 0.0297029 0.0396115 0.0500701 0.0599491 0.0679794 0.0732191 0.07536 0.0746752 0.0717376 0.0671664 0.0615096 0.0552155 0.0486307 0.0420078 0.0355262 0.0293183 0.0234958 0.0181681 0.0134493 0.00944733 0.00623854 0.00383695
 0.00862341 0.0140028 0.0210582 0.0297029 0.0396115 0.0500701 0.0599491 0.0679794 0.0732191 0.07536 0.0746752 0.0717376 0.0671664 0.0615096 0.0552155 0.0486307 0.0420078 0.0355262 0.0293183 0.0234958 0.0181681 0.0134493 0.00944733 0.00623854 0.00383695
 0.00880582 0.0142881 0.0214655 0.0302391 0.0402665 0.0508116 0.0607184 0.0686958 0.0737945 0.0757218 0.0747835 0.071592 0.0668009 0.0609808 0.0545892 0.0479706 0.0413672 0.0349433 0.0288166 0.0230856 0.0178499 0.0132158 0.00928653 0.00613529 0.0037756
 0.00905193 0.0146998 0.0221039 0.031161 0.0415033 0.0523397 0.0624356 0.0704242 0.0753174 0.0768402 0.0753653 0.0715931 0.0662607 0.060001 0.0533069 0.0465315 0.0399044 0.0335631 0.0275925 0.0220591 0.0170346 0.0126041 0.00885481 0.0058506 0.00360146
 0.00892227 0.0145165 0.0218818 0.0309382 0.0413402 0.0523103 0.0626141 0.0708638 0.0760256 0.0777592 0.0763728 0.0725299 0.0669752 0.0603912 0.0533421 0.0462486 0.0393871 0.0329148 0.0269114 0.0214227 0.0164925 0.0121783 0.00854555 0.00564296 0.00347304
 0.00899113 0.014602 0.0219629 0.0309828 0.0413187 0.052216 0.0624781 0.0707537 0.0760252 0.0779367 0.076751 0.073072 0.0675903 0.0609587 0.053748 0.046419 0.0393061 0.0326218 0.0264816 0.0209411 0.0160322 0.011788 0.00824674 0.00543496 0.00334116
 0.00896932 0.0145731 0.0219301 0.0309499 0.0412847 0.0521704 0.0624016 0.0706289 0.0758547 0.0777565 0.0766277 0.0730777 0.067768 0.0612973 0.05418 0.046845 0.0396313 0.032788 0.0264812 0.0208095 0.0158274 0.0115675 0.00805216 0.00528656 0.0032412
 0.00929035 0.0150698 0.0226292 0.0318545 0.0423692 0.0533744 0.0636254 0.0717381 0.0767026 0.078222 0.0766518 0.0726836 0.0670537 0.0604028 0.0532423 0.0459592 0.0388363 0.0320784 0.0258355 0.0202153 0.0152908 0.0111071 0.00768529 0.00501888 0.00306373
 0.00919661 0.0149569 0.022532 0.0318299 0.0424802 0.053666 0.0641027 0.0723602 0.0773926 0.078886 0.0771985 0.0730406 0.0671816 0.0603044 0.0529615 0.0455656 0.0384 0.0316496 0.0254372 0.0198521 0.0149631 0.0108199 0.00744757 0.00483744 0.00293798
 0.00872164 0.0141888 0.0213906 0.0302622 0.040494 0.0513701 0.0617306 0.0702444 0.075879 0.078223 0.0774595 0.0741176 0.06884 0.062264 0.0549666 0.0474284 0.0400131 0.0329731 0.0264749 0.0206294 0.0155145 0.0111852 0.00767021 0.00496039 0.00299872
 0.00894068 0.0144721 0.0216801 0.0304529 0.0404553 0.050986 0.0609431 0.0690839 0.0744733 0.076781 0.0762272 0.0733128 0.068587 0.0625596 0.0556929 0.0484042 0.041055 0.0339404 0.0272863 0.0212564 0.0159643 0.0114843 0.00785266 0.00506095 0.00304774
#pred catch len freq
 0.00347993 0.00556455 0.00823676 0.0114917 0.0153501 0.0198307 0.0248851 0.0303619 0.0360278 0.0416154 0.0468658 0.0515648 0.0555701 0.0588142 0.0612752 0.062938 0.0637682 0.0637019 0.0626333 0.0603908 0.0567318 0.0514176 0.0443969 0.0360145 0.0270731
 0.00378838 0.0059922 0.00874836 0.0120202 0.0158306 0.020245 0.025284 0.0308391 0.0366514 0.0423577 0.0475801 0.0520291 0.0555786 0.058269 0.0602379 0.0616181 0.0624549 0.0626628 0.0620195 0.0601912 0.0567992 0.0515535 0.0444472 0.0359243 0.0268777
 0.00395849 0.00629051 0.00923226 0.0127428 0.0168131 0.0214448 0.0265829 0.032075 0.0376874 0.0431421 0.0481449 0.0524232 0.0557888 0.0581986 0.0597647 0.0606918 0.0611607 0.0612062 0.0606413 0.0590649 0.0559724 0.050963 0.0439876 0.0355181 0.0265044
 0.00416334 0.00660883 0.00968897 0.0133643 0.0176372 0.0225243 0.0279692 0.0337769 0.0396235 0.045125 0.0499237 0.0537692 0.0565678 0.0583811 0.0593798 0.0597809 0.0597781 0.059454 0.0586874 0.0571109 0.0541897 0.0494456 0.0427526 0.0345415 0.0257562
 0.00438944 0.00696723 0.0102118 0.0140774 0.0185588 0.0236652 0.0293319 0.035356 0.041404 0.047067 0.0519356 0.0556857 0.0581634 0.0594254 0.059707 0.0593304 0.0585922 0.0576536 0.0564502 0.0546527 0.0517354 0.0471897 0.0408272 0.0330076 0.0246152
 0.00463263 0.00735048 0.0107678 0.0148329 0.0195362 0.0248812 0.0307912 0.0370414 0.0432701 0.0490412 0.0539242 0.0575782 0.0598293 0.06071 0.0604407 0.0593614 0.0578317 0.0561119 0.0542462 0.0519966 0.0488916 0.0444283 0.0383744 0.0310089 0.0231216
 0.0048467 0.00769427 0.0112785 0.0155459 0.0204826 0.0260831 0.0322527 0.038741 0.0451562 0.0510349 0.0559242 0.0594691 0.0614896 0.062017 0.0612713 0.0595938 0.0573603 0.054879 0.0522802 0.0494359 0.0459758 0.041455 0.0356331 0.0287166 0.0213832
 0.00506659 0.00804409 0.0117926 0.0162561 0.0214189 0.0272716 0.0337075 0.0404522 0.0470792 0.0530863 0.0579874 0.0614084 0.0631684 0.063313 0.0620804 0.0598269 0.0569405 0.0537522 0.0504439 0.0469742 0.0430796 0.0384042 0.0327376 0.0262375 0.0194706
 0.00535709 0.0084951 0.0124333 0.0171037 0.0224822 0.028554 0.0352054 0.0421473 0.0489311 0.0550273 0.0599227 0.0632216 0.0647336 0.0645088 0.0628021 0.0599916 0.0564859 0.052639 0.0486696 0.044602 0.0402651 0.035395 0.0298314 0.0237066 0.0174887
 0.00566224 0.00897464 0.0131251 0.0180345 0.0236667 0.0299921 0.0368758 0.0440016 0.0508932 0.0570008 0.0618011 0.0648977 0.0661063 0.0654884 0.0633133 0.0599739 0.0558939 0.0514455 0.046878 0.0422689 0.0375251 0.0324672 0.0269887 0.02121 0.0155154
 0.00593266 0.00940264 0.0137488 0.0188849 0.0247661 0.0313504 0.0384815 0.0458117 0.0528294 0.0589548 0.0636473 0.0665108 0.0673782 0.0663385 0.0636893 0.0598445 0.0552402 0.0502586 0.0451686 0.0400881 0.0349886 0.0297644 0.0243597 0.0188902 0.0136703
 0.00622962 0.00986774 0.0144175 0.0197828 0.0259105 0.0327498 0.0401286 0.047672 0.0548311 0.0609868 0.0655688 0.0681704 0.0686395 0.0671022 0.0639035 0.0595003 0.0543576 0.0488725 0.0433256 0.0378582 0.0324854 0.0271567 0.0218568 0.0166966 0.0119296
 0.00656587 0.0103862 0.0151463 0.0207324 0.0270769 0.034119 0.041676 0.0493568 0.0565923 0.0627424 0.067219 0.0696042 0.0697452 0.0677823 0.064089 0.0591601 0.0534984 0.0475314 0.0415635 0.0357603 0.0301694 0.0247786 0.0195983 0.0147308 0.0103754
