SBPRF35
10.381
Curr Bio
650970
B35
763530
F35
0.186418
FOFL
0.160386
OFL
85610.4
Bzero
2.96599e+006
#pred survey bio
 3.23677e+006 2.96486e+006 2.67639e+006 2.41859e+006 2.16154e+006 1.90616e+006 1.68387e+006 1.49158e+006 1.32121e+006 1.18636e+006 1.02722e+006 907946 819167 741823 683101 651152 615653 592443 574428 571347 565076 555581 556525 560957 554443 560453 552829 555807 549737 544504 541593 523929 519649 519926 523813 533606 530531 540258 557021 573945 582152 602380 609336 618624 636862 655217 2.3315e+007 1.42292e+007 1.46729e+007 1.55584e+007 1.67089e+007 1.7917e+007 1.90431e+007 2.00164e+007 2.08159e+007 2.14499e+007 2.19406e+007 2.23142e+007 2.25957e+007 2.28064e+007 2.29637e+007 2.30811e+007 2.31689e+007 2.32348e+007 2.32844e+007 2.3322e+007 2.33506e+007 2.33724e+007 2.33892e+007 2.34022e+007 2.34123e+007 2.34201e+007 2.34263e+007 2.34311e+007 2.34348e+007 2.34378e+007 2.34402e+007 2.3442e+007 2.34435e+007 2.34447e+007 2.34456e+007 2.34463e+007 2.34469e+007 2.34474e+007 2.34478e+007 2.34481e+007 2.34483e+007 2.34485e+007 2.34487e+007 2.34488e+007 2.34489e+007 2.3449e+007 2.3449e+007 2.34491e+007 2.34491e+007 2.34492e+007 2.34492e+007 2.34492e+007 2.34492e+007 2.34492e+007 2.34493e+007 2.34493e+007 2.34493e+007 2.34493e+007 2.34493e+007 2.34493e+007 2.34493e+007 2.34493e+007 2.34493e+007 2.34493e+007 2.34493e+007 2.34493e+007 2.34493e+007 2.34493e+007 2.34493e+007 2.34493e+007 2.34493e+007 2.34493e+007 2.34493e+007 2.34493e+007 2.34493e+007 2.34493e+007 2.34493e+007 2.34493e+007 2.34493e+007 2.34493e+007 2.34493e+007 2.34493e+007 2.34493e+007 2.34493e+007 2.34493e+007 2.34493e+007 2.34493e+007 2.34493e+007 2.34493e+007 2.34493e+007 2.34493e+007 2.34493e+007 2.34493e+007 2.34493e+007 2.34493e+007 2.34493e+007 2.34493e+007 2.34493e+007 2.34493e+007 2.34493e+007 0 0 0 0 0 0 0 0 0 0 0 0 0 0 0 0 0 0 0 0 0 0 0 0 0
#obs survey bio
 2.41814e+006 2.72841e+006 2.47632e+006 2.44179e+006 1.73028e+006 1.85468e+006 901594 1.28885e+006 1.26584e+006 1.18251e+006 812806 626683 576322 706538 507353 523402 598957 483001 649398 421403 501167 435821 674189 677224 364023 498004 630916 559720 466779 511020 478125 586612 500407 537147 630813 728486 437302 489642 560233 460963 643720 845883 452151 625114 779408 675833
#pred catch bio
 257400 288215 277598 294924 310694 296458 282204 271195 244771 266959 230122 201357 188267 168400 142624 142577 128612 121577 107657 109890 111797 102430 99302.2 107479 95658.3 105309 93886.5 99237.9 95964.7 91515.9 100989 88330.2 87202.1 88027.3 85393.3 96456 85502.5 80690.6 82273.4 91418.6 83391.6 96909.5 96881.1 91696.4 93580.3 99080.4 85610.4 99822 101887 106891 114242 122180 129544 135800 140813 144665 147535 149624 151116 152168 152900 153406 153753 153989 154149 154257 154330 154380 154412 154434 154449 154459 154466 154470 154473 154475 154476 154477 154478 154478 154478 154478 154478 154479 154479 154479 154479 154479 154479 154479 154479 154479 154479 154479 154479 154479 154479 154479 154479 154479 154479 154479 154479 154479 154479 154479 154479 154479 154479 154479 154479 154479 154479 154479 154479 154479 154479 154479 154479 154479 154479 154479 154479 154479 154479 154479 154479 154479 154479 154479 154479 154479 154479 154479 154479 154479 154479 154479 154479 154479 154479 154479 154479 154479 154479 154479 0 0 0 0 0 0 0 0 0 0 0 0 0 0 0 0 0 0 0 0 0 0 0 0 0
#obs catch bio
 254671 289306 278636 296551 313091 299242 288345 276684 248499 272239 234027 204823 191221 171072 144619 145732 130419 123294 108806 111223 113588 103890 100618 108826 96890.4 106865 94503.9 99816.7 96538 91888.5 101815 88852.3 87431.3 88112.5 85182.1 95890.9 84948 80359 81657.7 90989.5 82964.1 96089.1 96844.4 91403.4 93157 99104.3
#pred cpue bio
 3.18605e+006 2.91611e+006 2.63004e+006 2.37337e+006 2.11728e+006 1.86311e+006 1.64188e+006 1.45082e+006 1.28208e+006 1.14876e+006 992037 874646 787427 711746 654450 623345 589030 566734 549352 546386 540265 531015 531996 536532 530460 536608 529666 533074 527579 522815 520412 503588 499035 498113 501082 510758 508191 517801 534137 550536 558279 577773 584313 593059 610656 628700 2.24102e+007 1.36984e+007 1.40454e+007 1.48093e+007 1.59132e+007 1.71096e+007 1.82333e+007 1.92061e+007 2.00055e+007 2.06395e+007 2.11302e+007 2.15038e+007 2.17853e+007 2.1996e+007 2.21533e+007 2.22707e+007 2.23585e+007 2.24244e+007 2.2474e+007 2.25116e+007 2.25402e+007 2.2562e+007 2.25788e+007 2.25918e+007 2.26019e+007 2.26097e+007 2.26159e+007 2.26207e+007 2.26244e+007 2.26274e+007 2.26297e+007 2.26316e+007 2.26331e+007 2.26343e+007 2.26352e+007 2.26359e+007 2.26365e+007 2.2637e+007 2.26374e+007 2.26377e+007 2.26379e+007 2.26381e+007 2.26383e+007 2.26384e+007 2.26385e+007 2.26386e+007 2.26386e+007 2.26387e+007 2.26387e+007 2.26388e+007 2.26388e+007 2.26388e+007 2.26388e+007 2.26388e+007 2.26388e+007 2.26389e+007 2.26389e+007 2.26389e+007 2.26389e+007 2.26389e+007 2.26389e+007 2.26389e+007 2.26389e+007 2.26389e+007 2.26389e+007 2.26389e+007 2.26389e+007 2.26389e+007 2.26389e+007 2.26389e+007 2.26389e+007 2.26389e+007 2.26389e+007 2.26389e+007 2.26389e+007 2.26389e+007 2.26389e+007 2.26389e+007 2.26389e+007 2.26389e+007 2.26389e+007 2.26389e+007 2.26389e+007 2.26389e+007 2.26389e+007 2.26389e+007 2.26389e+007 2.26389e+007 2.26389e+007 2.26389e+007 2.26389e+007 2.26389e+007 2.26389e+007 2.26389e+007 2.26389e+007 2.26389e+007 2.26389e+007 2.26389e+007 2.26389e+007 2.26389e+007 0 0 0 0 0 0 0 0 0 0 0 0 0 0 0 0 0 0 0 0 0 0 0 0 0
#obs cpue bio
 2.85012e+006 2.68473e+006 2.12265e+006 2.11848e+006 2.26897e+006 1.43124e+006 981358 1.63807e+006 1.28337e+006 1.02494e+006 992247 919812 1.01821e+006 574455 641189 434234 656852 570521 413540 609726 412741 515489 356738 486407 468405 597508 537686 600346 535172 532738 517041 378288 669133 558586 495199 627481 636606 513827 779183 676531 445626 733419 410709 722855 617166 447533
#pred surv len freq
 0.00593431 0.00949897 0.0140409 0.0194543 0.0255609 0.0320492 0.0384294 0.0441261 0.0486834 0.0519203 0.0539229 0.0549239 0.0551869 0.0549437 0.0543694 0.0535758 0.0526189 0.051506 0.0501775 0.048457 0.0460161 0.0424353 0.0374064 0.0309946 0.0237679
 0.00620445 0.00986956 0.0144776 0.0198979 0.025964 0.0324222 0.038863 0.044759 0.0496247 0.0531694 0.0553403 0.0562758 0.0562356 0.0555338 0.0544684 0.053259 0.0520154 0.0507331 0.0492937 0.0474553 0.04486 0.0411174 0.0359903 0.02961 0.02256
 0.00664573 0.0105537 0.0154409 0.0211407 0.0274402 0.0340341 0.0404691 0.046209 0.0508155 0.0540887 0.056058 0.0568765 0.0567405 0.0558707 0.0545114 0.0529043 0.0512359 0.0495813 0.0478612 0.0458277 0.0431017 0.0392914 0.0341867 0.0279501 0.021165
 0.00697674 0.0110912 0.0162481 0.0222743 0.0289362 0.0358857 0.0426021 0.0484714 0.0529974 0.0559722 0.0574783 0.057766 0.0571299 0.0558436 0.0541402 0.0522102 0.0501987 0.0481817 0.0461185 0.0438093 0.0409112 0.0370553 0.0320459 0.0260457 0.0196104
 0.00733489 0.011655 0.0170638 0.0233769 0.0303488 0.0376156 0.0446294 0.0507337 0.055379 0.0583052 0.0595609 0.0593985 0.0581612 0.0562072 0.0538585 0.0513624 0.0488736 0.0464484 0.0440314 0.0414355 0.0383558 0.0344664 0.0295978 0.0239048 0.0178955
 0.00774811 0.0123053 0.0180026 0.024638 0.0319438 0.0395275 0.0468044 0.0530797 0.0577752 0.0606188 0.0616579 0.0611448 0.0594241 0.0568693 0.0538427 0.0506523 0.0475148 0.0445294 0.0416611 0.0387356 0.0354701 0.0315697 0.026886 0.0215594 0.0160395
 0.00803479 0.0127758 0.018719 0.0256605 0.0333189 0.0412687 0.0488731 0.0553783 0.0601617 0.0629355 0.0637574 0.0629041 0.0607439 0.0576675 0.0540508 0.050222 0.0464316 0.042825 0.0394179 0.0360837 0.0325815 0.0286496 0.0241514 0.0192025 0.0141848
 0.00825868 0.0131371 0.019259 0.0264198 0.0343345 0.0425667 0.0504564 0.0572142 0.0621756 0.0650136 0.0657603 0.0646855 0.0621718 0.0586378 0.0544901 0.0500828 0.0456893 0.0414843 0.0375256 0.0337415 0.0299504 0.0259382 0.0215862 0.0169827 0.0124379
 0.00851975 0.0135456 0.0198449 0.027202 0.0353207 0.0437527 0.0518227 0.0587235 0.0637738 0.0666346 0.0673284 0.0661164 0.0633734 0.0595168 0.0549614 0.0500785 0.0451652 0.040425 0.0359539 0.0317317 0.0276374 0.0235121 0.0192629 0.0149577 0.010839
 0.00866679 0.0137903 0.0202234 0.0277509 0.036069 0.0447095 0.0529665 0.0600003 0.0651091 0.0679517 0.0685628 0.0672182 0.0643005 0.0602245 0.0553971 0.0501828 0.0448806 0.0397095 0.034798 0.0301752 0.025781 0.0215139 0.0173136 0.0132366 0.00946835
 0.00901381 0.0143333 0.021001 0.0287852 0.0373617 0.0462371 0.0546719 0.0617885 0.0668546 0.0695191 0.0698324 0.0681083 0.0647778 0.0602998 0.0551072 0.0495679 0.0439664 0.0385051 0.0333098 0.0284309 0.0238517 0.0195216 0.0154141 0.0115809 0.00816
 0.00926627 0.0147322 0.0215801 0.0295681 0.0383585 0.0474385 0.0560417 0.0632604 0.0683373 0.0709098 0.0710305 0.069027 0.0653533 0.0604992 0.0549309 0.0490439 0.0431364 0.0374104 0.0319866 0.0269194 0.0222135 0.0178508 0.0138306 0.0102035 0.00707128
 0.00939252 0.0149389 0.021894 0.0300158 0.0389621 0.048208 0.0569671 0.064307 0.0694488 0.0720157 0.0720557 0.0698985 0.066006 0.0608814 0.0550103 0.0488111 0.0426046 0.0366104 0.0309604 0.0257187 0.0209036 0.0165153 0.0125668 0.00910478 0.00620244
 0.0095633 0.0152012 0.022261 0.0304909 0.0395412 0.0488821 0.0577224 0.0651215 0.0702905 0.0728425 0.0728189 0.0705476 0.0664938 0.0611687 0.0550688 0.0486255 0.0421744 0.0359507 0.0301023 0.0247088 0.0198038 0.0154015 0.0115218 0.00820315 0.0054936
 0.0097489 0.0154813 0.0226419 0.0309644 0.0400868 0.049473 0.0583294 0.0657165 0.0708485 0.0733453 0.0732549 0.0709082 0.0667674 0.0613374 0.0551095 0.0485147 0.0418945 0.0354959 0.0294831 0.0239545 0.018963 0.0145382 0.0107061 0.00749769 0.00493887
 0.00964599 0.0153433 0.0224882 0.0308308 0.0400154 0.0494961 0.0584575 0.0659371 0.0711368 0.0736769 0.0736139 0.071286 0.0671554 0.0617191 0.0554568 0.0487902 0.0420584 0.0355154 0.0293415 0.0236578 0.0185413 0.0140422 0.0101973 0.00703438 0.00456224
 0.00973846 0.0154668 0.022626 0.0309544 0.0400973 0.0495274 0.0584578 0.0659485 0.0712023 0.0738175 0.0738194 0.0715242 0.0673906 0.0619264 0.0556234 0.0489079 0.0421156 0.0354951 0.0292273 0.0234429 0.0182367 0.0136783 0.00981757 0.00668375 0.0042744
 0.00985786 0.0156394 0.0228449 0.0311964 0.0403262 0.0497015 0.0585407 0.0659207 0.0710716 0.0736228 0.0736208 0.0713812 0.0673393 0.0619685 0.055733 0.0490465 0.042245 0.0355837 0.0292514 0.0233886 0.0181042 0.0134838 0.00959079 0.00645944 0.00408169
 0.00999285 0.0158422 0.0231183 0.0315301 0.0406968 0.050075 0.0588747 0.0661689 0.0711929 0.0735944 0.0734497 0.0711065 0.0670222 0.0616723 0.0555026 0.048897 0.0421635 0.03554 0.0292114 0.023325 0.0180029 0.0133461 0.00943141 0.00630019 0.00394296
 0.01003 0.0158946 0.0231826 0.0315984 0.040759 0.0501228 0.058904 0.0661792 0.0711848 0.0735668 0.0733997 0.0710331 0.0669315 0.06158 0.0554313 0.048867 0.042183 0.0355999 0.0292886 0.0233916 0.0180369 0.0133384 0.00938743 0.006235 0.00387428
 0.0100157 0.0158847 0.0231916 0.0316461 0.0408636 0.0502899 0.0591191 0.0664096 0.0713897 0.0737118 0.0734661 0.0710189 0.0668472 0.061444 0.0552668 0.0486998 0.0420364 0.0354889 0.0292152 0.0233456 0.0180021 0.0133008 0.00934099 0.00618242 0.003823
 0.0100434 0.0159252 0.0232449 0.0317114 0.0409419 0.0503869 0.0592449 0.0665725 0.0715879 0.073926 0.0736618 0.0711571 0.0668986 0.0613997 0.0551387 0.0485147 0.0418272 0.0352857 0.0290387 0.0232045 0.0178939 0.0132172 0.00927359 0.00612635 0.00377724
 0.00991979 0.0157424 0.0230037 0.0314247 0.0406318 0.0500795 0.0589671 0.066352 0.0714522 0.0738992 0.073756 0.0713645 0.0671891 0.061727 0.055455 0.0487841 0.0420336 0.0354316 0.0291372 0.0232708 0.0179388 0.0132463 0.00928916 0.00613066 0.00377375
 0.00982155 0.0155824 0.0227633 0.0310894 0.0401976 0.0495612 0.0584046 0.0658075 0.0709967 0.0735941 0.0736386 0.0714434 0.0674466 0.0621244 0.0559389 0.049296 0.042521 0.0358575 0.0294843 0.0235382 0.0181355 0.0133846 0.00938107 0.00618705 0.0038047
 0.00977471 0.0155184 0.0226884 0.0310142 0.0401309 0.0495015 0.0583367 0.0657079 0.0708482 0.0733991 0.0734242 0.0712531 0.067324 0.0620982 0.0560151 0.0494583 0.0427374 0.036091 0.0297029 0.0237213 0.0182753 0.013483 0.0094452 0.00622547 0.00382546
 0.0095162 0.01513 0.0221644 0.030373 0.0394129 0.048763 0.0576425 0.0651227 0.0704247 0.0731659 0.073382 0.0713819 0.0675971 0.0624911 0.056506 0.0500224 0.0433419 0.0366962 0.030268 0.0242131 0.0186739 0.0137838 0.00965632 0.00636286 0.00390795
 0.00947378 0.0150507 0.0220265 0.030152 0.0390898 0.0483361 0.0571375 0.0645925 0.0699363 0.072781 0.0731406 0.0712959 0.0676547 0.0626682 0.056776 0.0503623 0.0437313 0.0371126 0.0306849 0.0246018 0.0190096 0.0140511 0.009852 0.00649428 0.00398867
 0.00939292 0.014917 0.0218209 0.0298546 0.0386832 0.0478122 0.0565054 0.0638858 0.069214 0.0721212 0.0726258 0.0709942 0.0676028 0.0628627 0.0571787 0.050914 0.0443685 0.0377782 0.0313316 0.025192 0.0195155 0.0144564 0.0101533 0.0067008 0.00411842
 0.00935532 0.0148634 0.0217533 0.0297772 0.0385978 0.0477122 0.0563734 0.0636968 0.0689467 0.0717714 0.072216 0.0705745 0.0672396 0.0626205 0.0571012 0.0510126 0.044622 0.038143 0.031755 0.0256234 0.0199136 0.0147928 0.0104142 0.00688593 0.00423816
 0.00921256 0.0146535 0.0214791 0.0294564 0.0382593 0.0473879 0.0560905 0.0634724 0.0687838 0.0716583 0.0721315 0.0704986 0.0671665 0.0625659 0.0570973 0.0510944 0.0448107 0.0384355 0.0321242 0.026027 0.0203067 0.0151387 0.0106908 0.00708719 0.00437114
 0.00911359 0.0144884 0.021224 0.0290905 0.037773 0.0467956 0.0554387 0.0628357 0.0682462 0.0712869 0.071956 0.0705081 0.0673212 0.0628171 0.0574065 0.0514421 0.045194 0.038856 0.032576 0.0264901 0.0207505 0.0155311 0.0110086 0.00732178 0.00452834
 0.00986143 0.0155457 0.0225211 0.0304604 0.0389959 0.0476715 0.0558493 0.0627653 0.0677634 0.0705093 0.0710172 0.0695304 0.0663976 0.0620025 0.0567215 0.0508867 0.0447622 0.038544 0.0323801 0.0264008 0.0207475 0.0155851 0.0110881 0.00740104 0.00459225
 0.0105239 0.016569 0.0239538 0.0322925 0.0411398 0.0499474 0.057987 0.0644451 0.0687028 0.0705615 0.0702233 0.0680934 0.0645979 0.0601062 0.0549235 0.0492978 0.0434258 0.0374633 0.03154 0.0257786 0.0203151 0.0153081 0.0109279 0.00731939 0.00455684
 0.0103256 0.0163694 0.0238794 0.032534 0.0418975 0.0513442 0.0599894 0.0668381 0.0711336 0.0726316 0.0715938 0.0685708 0.0641749 0.0589464 0.0532945 0.047484 0.0416589 0.0358915 0.0302338 0.0247532 0.0195533 0.014775 0.0105792 0.00710833 0.00443956
 0.0098706 0.0156918 0.0229825 0.0314817 0.040822 0.050442 0.059499 0.0669861 0.0720503 0.0742696 0.073702 0.0707549 0.0660241 0.0601638 0.0537732 0.0473038 0.0410209 0.0350304 0.0293477 0.023971 0.0189345 0.014328 0.0102827 0.00692789 0.00433938
 0.00967146 0.015347 0.0224276 0.030652 0.0396788 0.0490115 0.0579065 0.0654618 0.0708888 0.0737509 0.0739997 0.0718658 0.0677507 0.0621655 0.055673 0.0488066 0.0419894 0.0354905 0.029433 0.0238472 0.0187395 0.014147 0.0101508 0.00684732 0.0042976
 0.00982789 0.0155645 0.0226837 0.0308945 0.0398298 0.0489811 0.057614 0.0648647 0.0700151 0.0727215 0.07302 0.0711744 0.0675357 0.0624868 0.0564314 0.0497808 0.042925 0.0361942 0.0298275 0.0239655 0.0186776 0.0140081 0.010009 0.00673858 0.00422853
 0.00983306 0.0155767 0.0227079 0.0309338 0.0398796 0.0490213 0.0576043 0.0647484 0.0697357 0.0722494 0.0723799 0.0704598 0.0668978 0.0620905 0.0563927 0.0501142 0.043532 0.0369049 0.0304721 0.0244364 0.0189509 0.0141234 0.0100301 0.0067206 0.00420439
 0.0098718 0.0156203 0.0227384 0.0309245 0.0398047 0.0488683 0.0573829 0.0644854 0.0694591 0.0719709 0.0720914 0.0701478 0.0665689 0.0617901 0.0562001 0.0501097 0.0437536 0.0373208 0.0309893 0.0249414 0.0193574 0.014397 0.0101839 0.00679184 0.00423052
 0.00990752 0.0156762 0.0228173 0.0310245 0.0399155 0.0489693 0.057444 0.0644748 0.0693561 0.0717763 0.071827 0.0698454 0.0662574 0.061493 0.0559433 0.0499297 0.043691 0.0373998 0.0311973 0.0252276 0.0196528 0.0146444 0.0103566 0.00689302 0.00428025
 0.00990872 0.0156927 0.0228687 0.0311366 0.0401123 0.0492601 0.0578114 0.0648727 0.069718 0.0720338 0.0719286 0.0697705 0.0660196 0.0611331 0.0555175 0.0494981 0.04331 0.0371141 0.0310309 0.0251758 0.0196845 0.0147158 0.0104295 0.00694635 0.00431024
 0.00991522 0.0156851 0.0228253 0.0310307 0.0399249 0.0489964 0.0575115 0.0646037 0.0695492 0.0720057 0.0720352 0.0699643 0.0662346 0.0613116 0.0556285 0.0495414 0.0433096 0.037105 0.031045 0.0252303 0.0197771 0.0148284 0.0105383 0.00703358 0.0043693
 0.00994207 0.0157425 0.0229349 0.0312158 0.0401979 0.049344 0.057887 0.0649377 0.0697775 0.0720976 0.0720042 0.0698517 0.0660815 0.061139 0.0554359 0.0493218 0.0430644 0.0368514 0.0308104 0.0250411 0.0196477 0.014757 0.0105106 0.00703074 0.00437577
 0.00992358 0.0157155 0.0229014 0.0311828 0.0401794 0.0493609 0.057963 0.0650888 0.0699987 0.0723567 0.0722494 0.0700328 0.0661704 0.0611369 0.0553631 0.0492018 0.042915 0.0366857 0.0306426 0.0248884 0.0195255 0.0146733 0.0104633 0.00701037 0.00437073
 0.00967905 0.0153598 0.0224436 0.030659 0.0396434 0.048869 0.0575628 0.0648162 0.06988 0.0724067 0.0724651 0.0703869 0.0666129 0.0616068 0.0558058 0.0495818 0.0432181 0.0369136 0.0308057 0.0250011 0.0196033 0.0147296 0.010507 0.00704531 0.00439761
 0.00901536 0.0143926 0.0211967 0.0292294 0.0381783 0.0475246 0.0564694 0.064063 0.0695129 0.0724318 0.0728516 0.0710745 0.067522 0.0626489 0.0568929 0.050635 0.0441763 0.0377388 0.0314834 0.025535 0.0200085 0.0150265 0.0107167 0.00718715 0.00448853
#obs surv len freq
 0.00496748 0.00813755 0.0123794 0.0177072 0.023995 0.0308772 0.0377273 0.0438201 0.0486024 0.0518708 0.053743 0.0545059 0.0544827 0.0539745 0.0532436 0.0525031 0.0518962 0.0514554 0.0510411 0.050284 0.0486022 0.0453656 0.0401974 0.0332665 0.0253546
 0.00518442 0.00849153 0.0129146 0.0184657 0.0250093 0.0321577 0.0392499 0.0455214 0.0503887 0.053634 0.0553754 0.0559071 0.0555616 0.0546512 0.0534544 0.0522071 0.0510819 0.050147 0.0493025 0.0482207 0.0463587 0.0431141 0.0381142 0.0314987 0.0239878
 0.00542403 0.0088823 0.013505 0.0193018 0.026126 0.0335652 0.0409194 0.0473805 0.0523314 0.0555411 0.0571334 0.0574173 0.0567412 0.0554299 0.0537711 0.0520108 0.0503382 0.0488497 0.0474883 0.0459826 0.0438502 0.0405378 0.03569 0.029417 0.0223654
 0.00566127 0.00927406 0.0141059 0.0201662 0.0272976 0.0350592 0.042706 0.0493786 0.0544212 0.0575886 0.059012 0.0590209 0.0579866 0.0562528 0.0541207 0.0518443 0.0496202 0.0475612 0.045645 0.043657 0.041188 0.0377524 0.0330287 0.0271044 0.0205472
 0.00590077 0.00966514 0.0146981 0.0210079 0.0284278 0.0364951 0.0444271 0.0513199 0.0564796 0.0596391 0.060927 0.0606843 0.0593013 0.0571442 0.0545341 0.0517391 0.0489652 0.0463371 0.0438588 0.0413669 0.0385253 0.0349252 0.0302918 0.0246997 0.0186395
 0.006138 0.0100554 0.015294 0.0218609 0.0295783 0.037956 0.0461683 0.053264 0.0585139 0.061639 0.0627753 0.0622803 0.0605618 0.0580013 0.0549334 0.051638 0.0483313 0.0451506 0.042124 0.0391335 0.0359129 0.0321307 0.0275646 0.0222845 0.0167099
 0.00639494 0.0104727 0.0159212 0.0227444 0.0307523 0.0394295 0.0479103 0.0551976 0.0605262 0.0636013 0.064565 0.0637946 0.0617226 0.0587535 0.0552386 0.0514675 0.0476618 0.043966 0.0404273 0.0369684 0.0333873 0.0294267 0.0249179 0.0199311 0.0148212
 0.00662489 0.0108543 0.0165095 0.0235945 0.0319072 0.0409012 0.0496618 0.0571388 0.0625291 0.0655279 0.066291 0.0652219 0.062781 0.059397 0.05544 0.0512117 0.0469395 0.0427731 0.038773 0.0348945 0.0309912 0.0268728 0.0224209 0.0177089 0.0130342
 0.00683698 0.0112024 0.0170398 0.024353 0.0329315 0.0422073 0.0512291 0.0589018 0.064384 0.067349 0.0679515 0.0666104 0.0638126 0.0600169 0.0556211 0.0509464 0.0462309 0.0416303 0.0372159 0.0329685 0.028787 0.0245373 0.0201447 0.0156854 0.0114064
 0.00705766 0.0115626 0.0175844 0.0251239 0.0339593 0.0434976 0.0527493 0.0605778 0.0661107 0.069011 0.0694412 0.0678373 0.0647064 0.0605283 0.0557218 0.0506272 0.0454977 0.0405003 0.0357188 0.0311557 0.0267462 0.0224012 0.0180804 0.0138602 0.0099429
 0.00727109 0.0119125 0.0181162 0.0258807 0.0349723 0.044771 0.0542463 0.0622164 0.0677764 0.070581 0.070806 0.0689138 0.0654397 0.0608885 0.0556979 0.0502217 0.044723 0.0393776 0.034281 0.029456 0.0248683 0.0204646 0.0162301 0.0122379 0.0086497
 0.0074455 0.0122001 0.0185566 0.0265132 0.0358278 0.0458593 0.0555426 0.0636563 0.0692639 0.0720061 0.0720634 0.0699162 0.0661251 0.0612221 0.0556693 0.0498389 0.0440055 0.0383526 0.0329853 0.0279422 0.0232139 0.0187751 0.0146296 0.0108444 0.00754501
 0.00750408 0.0123028 0.0187257 0.0267759 0.0362128 0.0463901 0.0562292 0.0644892 0.0702125 0.0730201 0.0730772 0.0708547 0.0669125 0.0617908 0.0559686 0.0498394 0.0436991 0.0377503 0.0321155 0.0268528 0.0219755 0.0174812 0.0133876 0.00975483 0.00667757
 0.00762351 0.0124803 0.0189625 0.0270644 0.0365416 0.0467517 0.0566243 0.0649261 0.0707004 0.073561 0.0736598 0.0714514 0.0674801 0.0622756 0.0563138 0.0499939 0.0436257 0.0374318 0.031558 0.026088 0.021061 0.0164975 0.0124271 0.00890407 0.00599653
 0.00766206 0.0125473 0.0190705 0.0272253 0.0367618 0.0470253 0.0569306 0.0652348 0.0709855 0.0738149 0.0738965 0.0716966 0.0677525 0.0625718 0.0566039 0.0502277 0.0437466 0.0373914 0.0313291 0.0256721 0.0204914 0.0158353 0.0117493 0.00828567 0.00549215
 0.00771214 0.0126186 0.0191596 0.0273244 0.0368626 0.0471249 0.057034 0.0653513 0.0711218 0.0739691 0.0740599 0.0718604 0.0679154 0.0627393 0.0567785 0.0503985 0.0438847 0.0374553 0.0312788 0.0254848 0.0201724 0.0154198 0.0112939 0.00785176 0.00512802
 0.00778656 0.012732 0.0193155 0.0275194 0.0370857 0.0473576 0.0572524 0.0655313 0.0712462 0.0740347 0.0740776 0.0718497 0.0678955 0.0627237 0.0567742 0.0504057 0.0438939 0.0374465 0.0312242 0.0253589 0.0199644 0.0151416 0.0109785 0.00754226 0.00486229
 0.00781213 0.0127742 0.0193798 0.0276108 0.0372064 0.0475048 0.0574157 0.0656931 0.0713857 0.074134 0.0741279 0.0718542 0.0678678 0.0626821 0.0567354 0.050379 0.0438793 0.037434 0.031196 0.0252949 0.0198506 0.0149781 0.0107819 0.00733999 0.00468211
 0.00785916 0.0128439 0.0194724 0.0277224 0.0373308 0.0476358 0.0575484 0.065823 0.0715067 0.0742371 0.0742021 0.0718896 0.06786 0.0626351 0.0566609 0.0502926 0.043794 0.0373554 0.0311204 0.0252121 0.0197497 0.0148546 0.0106416 0.00719754 0.00455465
 0.00787679 0.0128726 0.0195155 0.0277821 0.0374072 0.0477251 0.0576428 0.0659121 0.0715811 0.0742924 0.0742391 0.0719115 0.0678688 0.0626302 0.0566406 0.0502574 0.0437476 0.0373027 0.0310643 0.0251513 0.01968 0.0147732 0.0105506 0.00710467 0.00447036
 0.00788475 0.0128809 0.0195195 0.0277755 0.0373846 0.0476852 0.0575911 0.0658598 0.0715413 0.0742744 0.0742464 0.0719423 0.0679178 0.0626907 0.0567051 0.0503183 0.0437986 0.0373398 0.0310857 0.0251563 0.0196683 0.0147452 0.0105094 0.0070564 0.00442275
 0.00790252 0.0129059 0.0195498 0.0278061 0.037408 0.0476933 0.0575771 0.0658206 0.0714798 0.0742005 0.0741748 0.0718882 0.0678917 0.0626956 0.0567367 0.0503674 0.0438546 0.037393 0.0311289 0.0251848 0.0196803 0.0147412 0.0104923 0.00703125 0.00439541
 0.00790158 0.0129026 0.0195414 0.0277891 0.0373784 0.0476481 0.0575156 0.0657451 0.0713951 0.0741138 0.0740952 0.0718263 0.0678578 0.0626967 0.0567746 0.0504371 0.0439457 0.0374924 0.0312238 0.0252652 0.0197404 0.0147793 0.0105105 0.00703443 0.00438966
 0.0079072 0.0129103 0.0195502 0.0277967 0.0373818 0.0476436 0.0574996 0.065715 0.07135 0.0740554 0.0740283 0.0717579 0.0677971 0.0626529 0.0567554 0.0504464 0.0439823 0.0375498 0.0312917 0.0253327 0.0197981 0.0148218 0.0105368 0.00704675 0.00439243
 0.00787649 0.0128595 0.0194724 0.0276858 0.0372346 0.0474633 0.0572979 0.0655115 0.0711683 0.0739163 0.0739449 0.0717343 0.0678295 0.062733 0.056873 0.0505917 0.0441456 0.0377214 0.0314613 0.0254894 0.0199325 0.014928 0.010613 0.00709596 0.00442055
 0.00787632 0.0128518 0.0194472 0.0276295 0.0371333 0.0473088 0.0570931 0.0652722 0.0709202 0.0736892 0.0737664 0.0716241 0.0677968 0.0627759 0.0569806 0.0507479 0.0443328 0.0379228 0.031662 0.0256766 0.0200958 0.0150602 0.0107116 0.00716313 0.00446189
 0.00786691 0.0128386 0.0194309 0.0276103 0.0371096 0.0472748 0.0570383 0.0651848 0.070793 0.073526 0.0735841 0.0714495 0.0676582 0.0626955 0.0569689 0.0508028 0.0444425 0.0380698 0.0318272 0.0258424 0.0202477 0.0151882 0.0108106 0.00723292 0.00450653
 0.00783195 0.0127823 0.0193474 0.0274957 0.0369637 0.0471033 0.0568538 0.0650046 0.0706336 0.0733974 0.0734886 0.0713849 0.067624 0.062696 0.0570115 0.0508931 0.0445794 0.0382441 0.0320232 0.0260417 0.0204329 0.0153463 0.0109345 0.00732181 0.0045646
 0.00781758 0.0127551 0.0192993 0.0274173 0.0368464 0.0469436 0.0566573 0.0647868 0.0704175 0.0732076 0.0733447 0.0712978 0.0675948 0.062719 0.0570791 0.050999 0.0447192 0.0384124 0.0322111 0.0262359 0.0206183 0.0155088 0.0110651 0.00741765 0.00462851
 0.00777203 0.0126841 0.0191983 0.0272834 0.0366792 0.0467449 0.0564324 0.0645458 0.0701763 0.0729868 0.0731667 0.0711825 0.0675552 0.0627576 0.0571885 0.0511649 0.044925 0.0386424 0.0324512 0.0264725 0.0208378 0.0156993 0.0112182 0.00753059 0.00470451
 0.00774017 0.0126291 0.0191099 0.0271512 0.0364954 0.0465099 0.0561579 0.0642547 0.0698966 0.0727448 0.0729817 0.071066 0.0675132 0.0627919 0.0572961 0.0513373 0.0451479 0.0388979 0.0327201 0.0267366 0.0210812 0.0159093 0.0113866 0.00765524 0.00478892
 0.0093383 0.0148657 0.021808 0.0299224 0.0388525 0.048046 0.0566894 0.0638497 0.0687943 0.0712352 0.0713158 0.0694201 0.0659925 0.0614502 0.0561543 0.0503971 0.0443993 0.0383238 0.0322983 0.0264422 0.0208883 0.0157924 0.0113226 0.00762461 0.00477689
 0.00933409 0.0151529 0.0227582 0.0319951 0.0423944 0.0530203 0.0625043 0.0694542 0.0730503 0.0733656 0.0711613 0.0673815 0.0627558 0.0576939 0.0523807 0.0469028 0.0413247 0.0357152 0.0301538 0.0247357 0.0195799 0.0148326 0.0106546 0.0071875 0.00451035
 0.0089562 0.0145635 0.0219394 0.0310039 0.0414148 0.0523963 0.0626976 0.0708802 0.0758313 0.0771478 0.0751589 0.0706744 0.0646719 0.058042 0.0514204 0.0451286 0.0392322 0.0336651 0.0283481 0.0232549 0.0184323 0.013989 0.0100684 0.00680495 0.00427784
 0.00878552 0.01427 0.0214693 0.0303017 0.0404449 0.0511816 0.0613637 0.0696827 0.0751293 0.0773018 0.0763714 0.0728439 0.0673652 0.060636 0.0533529 0.0461107 0.0393037 0.0330932 0.0274629 0.0223254 0.0176189 0.0133564 0.009619 0.00651038 0.00409946
 0.00870965 0.0141427 0.0212691 0.0300024 0.0400173 0.0505986 0.0606133 0.0687876 0.0741713 0.0764389 0.0758269 0.0728482 0.0680542 0.0619547 0.0550334 0.0477613 0.0405696 0.0337918 0.0276195 0.0221065 0.0172267 0.0129493 0.00928377 0.00627299 0.00395014
 0.00868616 0.0140981 0.0211897 0.0298707 0.0398146 0.0503095 0.06023 0.0683117 0.0736158 0.0758346 0.0752338 0.0723672 0.0678183 0.0620883 0.0555865 0.0486584 0.0416157 0.0347469 0.0282992 0.0224475 0.0172828 0.012835 0.00911075 0.00611399 0.00383482
 0.00868277 0.0140949 0.0211886 0.0298729 0.039818 0.0503048 0.0601992 0.0682306 0.0734604 0.0755902 0.0749042 0.0719812 0.0674346 0.0617914 0.0554681 0.0487807 0.041973 0.0352538 0.0288209 0.022859 0.0175199 0.012907 0.00907419 0.00603356 0.00375603
 0.00866553 0.0140659 0.0211435 0.0298081 0.0397322 0.0502015 0.0600868 0.0681196 0.0733578 0.075494 0.0748031 0.0718613 0.0672914 0.0616405 0.0553481 0.0487432 0.0420602 0.0354724 0.0291301 0.0231849 0.0177892 0.0130783 0.00914869 0.00604101 0.00373245
 0.00866548 0.0140662 0.0211444 0.0298095 0.039733 0.0501988 0.0600763 0.0680968 0.0733199 0.0754412 0.0747374 0.071784 0.0672017 0.0615387 0.0552416 0.0486518 0.0420128 0.0354941 0.0292269 0.0233356 0.0179533 0.0132154 0.00923645 0.00608016 0.00373858
 0.00863949 0.0140306 0.0211031 0.0297702 0.0397049 0.0501888 0.0600859 0.0681214 0.0733505 0.0754671 0.0747496 0.0717773 0.0671745 0.0614929 0.0551821 0.0485876 0.0419578 0.0354657 0.0292384 0.0233883 0.0180338 0.013301 0.00930628 0.00612414 0.00375853
 0.00864383 0.0140313 0.021093 0.02974 0.0396472 0.0501039 0.059985 0.0680245 0.0732789 0.0754345 0.0747565 0.0718126 0.0672218 0.0615371 0.0552138 0.0486048 0.0419652 0.0354726 0.0292556 0.0234229 0.0180848 0.0133599 0.00936107 0.0061656 0.00378381
 0.00863581 0.014022 0.0210853 0.0297377 0.0396523 0.0501136 0.0599908 0.0680155 0.0732479 0.0753839 0.0746986 0.0717636 0.0671934 0.0615314 0.0552246 0.0486221 0.0419817 0.0354863 0.0292697 0.0234423 0.0181123 0.0133936 0.00939573 0.00619513 0.00380466
 0.0086164 0.0139912 0.0210407 0.0296784 0.0395803 0.0500344 0.0599137 0.0679508 0.0732035 0.0753614 0.0746941 0.0717712 0.0672103 0.0615581 0.0552626 0.0486706 0.0420364 0.0355418 0.0293219 0.0234901 0.0181563 0.0134342 0.00943161 0.00622433 0.00382579
 0.00862126 0.013997 0.0210455 0.029679 0.0395727 0.0500157 0.0598829 0.0679102 0.0731582 0.0753181 0.0746589 0.0717477 0.0671986 0.0615564 0.055269 0.0486841 0.0420565 0.0355674 0.029351 0.0235204 0.0181859 0.0134619 0.00945619 0.00624462 0.00384098
 0.00862241 0.0140002 0.0210524 0.0296917 0.0395923 0.0500408 0.0599091 0.0679306 0.0731656 0.0753086 0.0746334 0.0717114 0.0671589 0.06152 0.0552402 0.0486646 0.0420464 0.0355658 0.0293565 0.0235312 0.0182001 0.0134774 0.00947128 0.00625777 0.00385124
#pred catch len freq
 0.00511572 0.00807154 0.0117251 0.0159606 0.0206928 0.0258473 0.0312832 0.0367562 0.0419675 0.0466421 0.0505763 0.0536536 0.0558472 0.0572111 0.0578517 0.0578917 0.0574451 0.0565934 0.0553429 0.0535576 0.0509156 0.046979 0.0414223 0.0343262 0.026324
 0.00540182 0.00847334 0.0122179 0.0164957 0.0212295 0.0263935 0.0319138 0.0375845 0.0430759 0.0480124 0.0520655 0.0550341 0.0568907 0.0577693 0.0578964 0.0575024 0.0567558 0.0557258 0.0543567 0.052442 0.0496292 0.0455137 0.0398488 0.0327883 0.0249829
 0.00582569 0.00912223 0.0131164 0.0176319 0.0225511 0.027811 0.0333134 0.0388589 0.0441659 0.0489338 0.0528894 0.0558211 0.0576235 0.0583362 0.0581408 0.0573036 0.0560836 0.0546384 0.0529546 0.0508177 0.0478504 0.0436452 0.0379851 0.0310594 0.0235208
 0.00619 0.00969881 0.0139554 0.0187706 0.0240074 0.0295725 0.03532 0.0409898 0.0462482 0.0507772 0.0543393 0.0568036 0.0581519 0.058472 0.057933 0.0567515 0.0551497 0.0532943 0.0512192 0.0487648 0.0455931 0.0413202 0.0357443 0.0290553 0.0218777
 0.00659799 0.0103299 0.0148475 0.0199437 0.0254693 0.0313233 0.0373466 0.0432499 0.04865 0.0531698 0.0565232 0.0585664 0.059321 0.0589593 0.0577449 0.0559576 0.0538337 0.0515231 0.0490477 0.0462647 0.0428788 0.0385544 0.033118 0.0267515 0.0200278
 0.00704187 0.0110173 0.0158193 0.0212183 0.0270446 0.0331803 0.0394479 0.0455351 0.0510346 0.0555465 0.0587626 0.0605166 0.0608166 0.0598451 0.0579111 0.0553671 0.0525237 0.0495835 0.0465948 0.0434309 0.0398219 0.0354663 0.0302139 0.0242315 0.0180286
 0.00737336 0.0115456 0.0165956 0.0222852 0.0284322 0.034897 0.0414683 0.0477915 0.0534201 0.0579289 0.0610013 0.0624752 0.0623678 0.0608726 0.0583135 0.0550696 0.0514955 0.0478515 0.0442469 0.0406108 0.0367209 0.0323124 0.0272484 0.0216683 0.0160074
 0.00765168 0.0119827 0.0172268 0.0231389 0.0295317 0.0362609 0.0431036 0.0496803 0.0555066 0.0601139 0.0631488 0.0644305 0.0639808 0.0620162 0.0588907 0.0550122 0.0507643 0.0464437 0.0422105 0.0380584 0.0338327 0.0293229 0.0244121 0.0192093 0.0140697
 0.00793385 0.0124182 0.0178401 0.0239409 0.0305229 0.0374368 0.044455 0.0511891 0.0571406 0.0618228 0.0648604 0.0660499 0.0653951 0.0631056 0.0595439 0.0551393 0.0503048 0.0453732 0.0405509 0.0358914 0.03131 0.0266584 0.0218494 0.0169695 0.0122979
 0.00821741 0.0128615 0.0184745 0.0247837 0.0315761 0.0386838 0.0458571 0.0526854 0.058656 0.0632819 0.0661995 0.0672189 0.0663507 0.0638019 0.0599262 0.0551453 0.0498737 0.0444607 0.0391481 0.0340445 0.0291336 0.0243323 0.0195902 0.0149802 0.0107166
 0.00858102 0.0134229 0.0192649 0.0258146 0.0328409 0.0401598 0.0475017 0.0544289 0.0603995 0.064907 0.0675872 0.0682725 0.0670134 0.06406 0.059796 0.0546515 0.0490314 0.0432723 0.0376175 0.0322022 0.0270609 0.0221682 0.0175119 0.0131601 0.00927367
 0.008845 0.0138341 0.019851 0.0265914 0.0338126 0.041319 0.0488251 0.0558719 0.0618941 0.0663647 0.0689069 0.0693524 0.0677659 0.0644271 0.059758 0.0542233 0.0482483 0.0421739 0.0362415 0.0305933 0.0252893 0.0203418 0.0157684 0.011636 0.00806501
 0.00901417 0.0141014 0.0202396 0.0271193 0.0344921 0.0421541 0.0498069 0.0569735 0.0630691 0.0675496 0.0700267 0.0703269 0.0685177 0.0648905 0.0598882 0.0540026 0.0476866 0.041303 0.0351075 0.0292546 0.0238203 0.0188384 0.0143421 0.0103937 0.00708141
 0.00918799 0.0143663 0.020606 0.0275879 0.0350572 0.0428089 0.0505449 0.0577845 0.0639331 0.0684324 0.0708793 0.0710908 0.069132 0.0652999 0.0600491 0.053888 0.0472884 0.0406338 0.0342004 0.0281622 0.0226138 0.0176051 0.0131775 0.00938466 0.00628574
 0.00931938 0.014564 0.0208743 0.0279213 0.0354439 0.0432366 0.0510039 0.0582689 0.0644384 0.0689528 0.0714041 0.0715999 0.0695941 0.0656737 0.0602891 0.0539519 0.0471455 0.0402711 0.0336269 0.0274108 0.021741 0.016686 0.012295 0.00861305 0.00567445
 0.00925579 0.0144831 0.0207939 0.0278714 0.0354583 0.0433393 0.0511998 0.0585431 0.064766 0.0693109 0.071779 0.0719858 0.0699845 0.0660533 0.0606291 0.0542124 0.047283 0.0402493 0.0334271 0.0270396 0.0212326 0.0160981 0.0116973 0.00807161 0.0052358
 0.00931446 0.0145581 0.0208708 0.0279278 0.0354753 0.043316 0.0511612 0.0585336 0.0648291 0.0694673 0.0720183 0.0722745 0.0702847 0.0663357 0.0608753 0.0544073 0.0474076 0.0402801 0.0333428 0.0268316 0.0209136 0.0157035 0.0112781 0.00768054 0.00491271
 0.00941963 0.0147091 0.0210599 0.0281325 0.0356613 0.0434451 0.051202 0.0584725 0.0646795 0.0692722 0.0718388 0.0721682 0.0702829 0.0664347 0.0610435 0.0546011 0.0475851 0.0404061 0.0333906 0.0267857 0.0207742 0.0154896 0.0110243 0.0074274 0.00469416
 0.00949539 0.0148225 0.0212119 0.0283165 0.0358632 0.0436447 0.0513738 0.0585884 0.0647138 0.069211 0.0716895 0.0719631 0.0700726 0.0662706 0.0609592 0.0546011 0.0476464 0.0404898 0.0334564 0.0268026 0.0207276 0.0153832 0.0108778 0.00726886 0.00455002
 0.00954931 0.0149 0.0213098 0.0284256 0.0359706 0.0437382 0.0514452 0.0586328 0.0647278 0.0691904 0.0716302 0.0718654 0.069946 0.0661368 0.0608469 0.0545363 0.0476401 0.040533 0.0335231 0.0268611 0.0207523 0.0153636 0.0108194 0.00718852 0.00446758
 0.00955783 0.0149223 0.0213583 0.0285154 0.0361139 0.0439362 0.0516819 0.0588765 0.0649403 0.0693388 0.0716953 0.0718433 0.0698458 0.0659765 0.060652 0.0543363 0.0474628 0.0403965 0.0334306 0.0268012 0.0207066 0.0153159 0.0107628 0.00712584 0.00440716
 0.0095416 0.0148978 0.0213259 0.028479 0.0360832 0.0439273 0.0517155 0.0589708 0.0651008 0.0695499 0.0719212 0.0720391 0.0699732 0.0660166 0.0606082 0.0542295 0.0473228 0.0402527 0.033304 0.0267011 0.0206306 0.0152558 0.0107105 0.00707802 0.00436479
 0.00939595 0.014683 0.0210434 0.028145 0.0357242 0.0435737 0.0513976 0.0587186 0.0649442 0.0695153 0.0720228 0.0722695 0.0702998 0.0663885 0.0609713 0.0545424 0.0475662 0.040428 0.0334252 0.0267844 0.0206882 0.0152937 0.0107317 0.00708512 0.00436206
 0.00933533 0.0145816 0.0208863 0.027918 0.0354191 0.0431954 0.0509698 0.0582836 0.0645547 0.0692227 0.0718664 0.0722703 0.0704575 0.0666803 0.061355 0.0549647 0.0479754 0.0407863 0.0337144 0.0270035 0.020846 0.0154022 0.0108019 0.00712651 0.00438322
 0.00922295 0.0144193 0.0206791 0.0276814 0.0351721 0.0429505 0.050728 0.058038 0.0643027 0.0689763 0.0716554 0.0721339 0.0704306 0.0667806 0.0615768 0.0552803 0.0483423 0.0411586 0.0340535 0.0272853 0.0210623 0.0155566 0.0109046 0.00718986 0.00441887
 0.00901066 0.0141022 0.0202546 0.0271669 0.0346019 0.0423684 0.0501801 0.0575671 0.0639413 0.0687422 0.071551 0.0721531 0.0705669 0.0670309 0.0619359 0.0557336 0.048861 0.0417013 0.0345753 0.0277477 0.0214408 0.0158435 0.011106 0.00732056 0.00449695
 0.0089024 0.0139277 0.0199952 0.0268085 0.0341395 0.0418136 0.0495672 0.0569522 0.0633926 0.0683221 0.0713009 0.072086 0.0706709 0.0672784 0.0622958 0.0561769 0.0493608 0.042229 0.0350978 0.0282307 0.0218554 0.0161723 0.0113463 0.00748176 0.00459599
 0.00884032 0.0138241 0.0198338 0.0265706 0.0338061 0.0413703 0.0490116 0.0563032 0.0626954 0.0676472 0.0707328 0.0717036 0.0705257 0.067382 0.0626208 0.0566702 0.0499604 0.0428761 0.0357413 0.0288283 0.0223743 0.0165918 0.0116601 0.00769773 0.00473198
 0.00878715 0.0137469 0.0197338 0.0264525 0.0336732 0.0412184 0.048826 0.0560615 0.0623783 0.067252 0.0702833 0.0712517 0.0701414 0.0671344 0.0625571 0.0568029 0.050266 0.0433057 0.0362356 0.0293298 0.0228361 0.0169816 0.0119621 0.00791197 0.00487051
 0.00862392 0.0135071 0.0194209 0.0260869 0.0332875 0.0408479 0.0484998 0.055797 0.0621783 0.0671044 0.0701673 0.0711487 0.0700481 0.0670698 0.0625573 0.0569058 0.0504936 0.0436525 0.0366694 0.0298017 0.0232943 0.017384 0.0122835 0.00814556 0.00502475
 0.00857657 0.0134225 0.01928 0.0258694 0.0329788 0.0404494 0.0480369 0.0553184 0.0617432 0.0667644 0.0699505 0.0710552 0.0700564 0.0671513 0.0626917 0.0570887 0.0507333 0.0439579 0.037037 0.0302096 0.0237064 0.0177615 0.0125965 0.00838045 0.00518394
 0.00924709 0.014368 0.0204346 0.027079 0.0340416 0.0411839 0.0483385 0.0551785 0.0612315 0.0659954 0.0690514 0.0701403 0.0692107 0.0664225 0.0620949 0.0566203 0.0503856 0.0437267 0.0369186 0.0301937 0.023771 0.0178745 0.012724 0.00849555 0.00527222
 0.00991613 0.0153888 0.0218404 0.0288406 0.0360575 0.043277 0.050265 0.0566628 0.0620357 0.0659978 0.0682897 0.0687923 0.0675248 0.0646403 0.0603992 0.0551196 0.049126 0.0427148 0.0361416 0.0296299 0.0233918 0.0176444 0.0126026 0.00844361 0.00525759
 0.00976778 0.0152511 0.0218247 0.0291141 0.0367991 0.0446031 0.0521594 0.0589465 0.0643937 0.0680522 0.0696964 0.069333 0.0671633 0.0635203 0.058783 0.0532977 0.0473408 0.0411242 0.0348223 0.0285994 0.0226324 0.017119 0.0122644 0.00824301 0.00514904
 0.00930571 0.0145688 0.0209329 0.0280871 0.0357784 0.0437889 0.0517847 0.0592253 0.0654421 0.0698124 0.071911 0.0716012 0.0690639 0.0647444 0.059216 0.0530227 0.0465733 0.0401197 0.0337987 0.0276993 0.0219216 0.0166062 0.0119245 0.00803646 0.00503455
 0.0091463 0.0142919 0.0204853 0.0274135 0.0348425 0.0426054 0.0504513 0.0579342 0.0644543 0.0693931 0.0722417 0.0727002 0.0707523 0.0666863 0.0610266 0.0543963 0.0473708 0.0403777 0.0336712 0.0273741 0.021554 0.01629 0.0116954 0.00789178 0.00495395
 0.00922419 0.0143927 0.0205863 0.0274698 0.0347892 0.0423683 0.0499654 0.0571717 0.0634565 0.0682928 0.0712547 0.0720724 0.0706736 0.0672077 0.062027 0.0556219 0.0485327 0.0412577 0.034183 0.0275574 0.0215201 0.0161585 0.0115527 0.00778054 0.00488323
 0.00918783 0.014342 0.0205243 0.0274015 0.0347152 0.042276 0.0498238 0.0569333 0.0630724 0.0677376 0.0705558 0.0713274 0.0700412 0.0668627 0.0620909 0.056104 0.0493163 0.0421464 0.0349821 0.0281444 0.0218691 0.0163165 0.0115948 0.00777163 0.00486278
 0.00921587 0.0143717 0.0205404 0.0273814 0.0346369 0.0421288 0.0496144 0.0566816 0.0627975 0.0674439 0.0702314 0.0709604 0.0696457 0.0664968 0.0618496 0.0560815 0.0495568 0.0426132 0.0355677 0.0287179 0.0223305 0.0166262 0.011768 0.00785085 0.00489103
 0.00928773 0.0144802 0.020687 0.0275589 0.0348274 0.0423035 0.0497366 0.056715 0.0627182 0.0672504 0.0699439 0.0706103 0.0692637 0.0661117 0.0614969 0.0558104 0.0494209 0.0426453 0.0357563 0.0290055 0.0226378 0.0168866 0.0119492 0.00795558 0.00494089
 0.00924273 0.0144259 0.0206399 0.0275461 0.0348786 0.0424388 0.0499544 0.0569871 0.0629945 0.0674716 0.0700582 0.0705882 0.0691057 0.0658456 0.0611689 0.0554748 0.0491325 0.0424498 0.0356785 0.0290392 0.0227478 0.017024 0.0120724 0.00804313 0.00499164
 0.00930306 0.0145012 0.0207127 0.0275891 0.0348667 0.0423651 0.0498404 0.0568779 0.0629381 0.067495 0.0701526 0.0707133 0.0692082 0.0658823 0.0611224 0.0553576 0.0489794 0.0423051 0.0355808 0.0290088 0.0227813 0.0170988 0.0121589 0.00811771 0.0050436
 0.00932771 0.014552 0.0208071 0.0277454 0.0350942 0.0426518 0.0501476 0.0571494 0.063124 0.067574 0.0701393 0.0706424 0.0691099 0.0657658 0.0609782 0.0551736 0.0487567 0.0420637 0.0353528 0.0288252 0.0226593 0.017037 0.0121416 0.00812425 0.00505718
