SBPRF35
7.78865
Curr Bio
547101
B35
708316
F35
0.212212
FOFL
0.155174
OFL
64845.7
Bzero
2.22533e+006
#pred survey bio
 5.01118e+006 4.7231e+006 4.43981e+006 4.11761e+006 3.7643e+006 3.38796e+006 3.03613e+006 2.66898e+006 2.35714e+006 2.07299e+006 1.83056e+006 1.62042e+006 1.44122e+006 1.26645e+006 1.12491e+006 987959 873880 805088 752015 717120 685088 654232 629379 620408 601920 600157 596750 593018 591196 599466 600647 595869 580391 579580 572983 557862 554047 544343 543522 549893 561366 569861 575689 585571 587075 607442 620888 627544 629917 646636 637454 580591 571496 552582 1.86323e+007 1.1038e+007 1.11909e+007 1.18593e+007 1.28098e+007 1.38097e+007 1.47177e+007 1.5474e+007 1.60696e+007 1.65217e+007 1.68567e+007 1.71009e+007 1.72775e+007 1.74045e+007 1.74959e+007 1.75618e+007 1.76095e+007 1.76443e+007 1.76697e+007 1.76884e+007 1.77023e+007 1.77127e+007 1.77205e+007 1.77263e+007 1.77308e+007 1.77341e+007 1.77367e+007 1.77387e+007 1.77402e+007 1.77413e+007 1.77422e+007 1.77429e+007 1.77434e+007 1.77438e+007 1.77441e+007 1.77443e+007 1.77445e+007 1.77447e+007 1.77448e+007 1.77449e+007 1.77449e+007 1.7745e+007 1.7745e+007 1.77451e+007 1.77451e+007 1.77451e+007 1.77451e+007 1.77451e+007 1.77451e+007 1.77451e+007 1.77451e+007 1.77451e+007 1.77451e+007 1.77451e+007 1.77451e+007 1.77452e+007 1.77452e+007 1.77452e+007 1.77452e+007 1.77452e+007 1.77452e+007 1.77452e+007 1.77452e+007 1.77452e+007 1.77452e+007 1.77452e+007 1.77452e+007 1.77452e+007 1.77452e+007 1.77452e+007 1.77452e+007 1.77452e+007 1.77452e+007 1.77452e+007 1.77452e+007 1.77452e+007 1.77452e+007 1.77452e+007 1.77452e+007 1.77452e+007 1.77452e+007 1.77452e+007 1.77452e+007 1.77452e+007 1.77452e+007 1.77452e+007 1.77452e+007 1.77452e+007 1.77452e+007 1.77452e+007 1.77452e+007 1.77452e+007 1.77452e+007 1.77452e+007 1.77452e+007 1.77452e+007 1.77452e+007 1.77452e+007 1.77452e+007 1.77452e+007 0 0 0 0 0 0 0 0 0 0 0 0 0 0 0 0 0 0 0 0 0 0 0 0 0
#obs survey bio
 3.73328e+006 3.95652e+006 3.35215e+006 2.99742e+006 4.51924e+006 2.74745e+006 3.73167e+006 2.39624e+006 1.74285e+006 2.56476e+006 1.06293e+006 1.26392e+006 1.15299e+006 1.16212e+006 793374 1.03817e+006 731179 781406 639608 500372 406502 782208 486757 546167 589052 428169 472878 581029 480105 493995 530304 565388 392487 540436 416290 771743 407717 690272 471920 417319 626607 470163 468867 624754 633422 614832 505291 495181 794716 703574 656904 597115 419458 812452
#pred catch bio
 107095 106855 155425 206545 257296 268020 315583 297605 300937 287324 277440 263645 267896 242850 239330 217076 175164 159016 141411 137417 134456 127275 112572 118692 102531 102558 101300 98229.8 88877.4 93672.5 96303.9 101998 86873.4 89584.7 94048.9 84177 92935.8 90469 88463.3 86540.9 89807.2 91995.3 88716.5 95781.1 80666 87695.3 93882.5 97462.5 85653.1 106893 143412 99821.1 105315 100414 64845.7 85016.9 84791.5 88490.9 95067.2 102281 108805 114127 118193 121161 123257 124700 125675 126324 126751 127029 127209 127324 127398 127445 127475 127494 127506 127514 127519 127522 127524 127525 127526 127526 127526 127527 127527 127527 127527 127527 127527 127527 127527 127527 127527 127527 127527 127527 127527 127527 127527 127527 127527 127527 127527 127527 127527 127527 127527 127527 127527 127527 127527 127527 127527 127527 127527 127527 127527 127527 127527 127527 127527 127527 127527 127527 127527 127527 127527 127527 127527 127527 127527 127527 127527 127527 127527 127527 127527 127527 127527 127527 127527 127527 127527 127527 127527 127527 127527 127527 127527 127527 127527 127527 0 0 0 0 0 0 0 0 0 0 0 0 0 0 0 0 0 0 0 0 0 0 0 0 0
#obs catch bio
 0 106669 155960 207788 259345 270589 320077 302050 307565 293426 285327 271518 276611 249971 247259 222935 179051 161841 143607 140291 137967 129860 115220 122099 104308 104516 103328 99783.2 90250.6 95207.7 97740.1 103505 87558.1 90580.3 95678.2 84786.8 94199.7 91085.8 89473.9 87599.8 90656.1 92756.7 89293.4 96629 80974.1 88282.2 94389.3 98184.3 85649.7 107234 145179 99947.6 105770 100408
#pred cpue bio
 4.93036e+006 4.64807e+006 4.36984e+006 4.05023e+006 3.69881e+006 3.3246e+006 2.97473e+006 2.60996e+006 2.29992e+006 2.01759e+006 1.77685e+006 1.56844e+006 1.39122e+006 1.21914e+006 1.08005e+006 945991 834735 767895 716486 682587 651376 621462 597447 588834 571292 569997 566983 563652 562153 570433 572010 567973 553533 553118 547108 532843 528548 517387 515160 520904 532228 540861 546737 556382 557880 577614 590712 597211 599565 615920 607257 552231 543419 525820 1.77726e+007 1.05465e+007 1.05828e+007 1.11102e+007 1.20083e+007 1.29951e+007 1.39004e+007 1.46561e+007 1.52517e+007 1.57038e+007 1.60387e+007 1.6283e+007 1.64595e+007 1.65866e+007 1.6678e+007 1.67439e+007 1.67916e+007 1.68263e+007 1.68518e+007 1.68705e+007 1.68844e+007 1.68948e+007 1.69026e+007 1.69084e+007 1.69128e+007 1.69162e+007 1.69188e+007 1.69207e+007 1.69222e+007 1.69234e+007 1.69243e+007 1.69249e+007 1.69255e+007 1.69259e+007 1.69262e+007 1.69264e+007 1.69266e+007 1.69267e+007 1.69269e+007 1.69269e+007 1.6927e+007 1.69271e+007 1.69271e+007 1.69271e+007 1.69271e+007 1.69272e+007 1.69272e+007 1.69272e+007 1.69272e+007 1.69272e+007 1.69272e+007 1.69272e+007 1.69272e+007 1.69272e+007 1.69272e+007 1.69272e+007 1.69272e+007 1.69272e+007 1.69272e+007 1.69272e+007 1.69272e+007 1.69272e+007 1.69272e+007 1.69272e+007 1.69272e+007 1.69272e+007 1.69272e+007 1.69272e+007 1.69272e+007 1.69272e+007 1.69272e+007 1.69272e+007 1.69272e+007 1.69272e+007 1.69272e+007 1.69272e+007 1.69272e+007 1.69272e+007 1.69272e+007 1.69272e+007 1.69272e+007 1.69272e+007 1.69272e+007 1.69272e+007 1.69272e+007 1.69272e+007 1.69272e+007 1.69272e+007 1.69272e+007 1.69272e+007 1.69272e+007 1.69272e+007 1.69272e+007 1.69272e+007 1.69272e+007 1.69272e+007 1.69272e+007 1.69272e+007 1.69272e+007 1.69272e+007 0 0 0 0 0 0 0 0 0 0 0 0 0 0 0 0 0 0 0 0 0 0 0 0 0
#obs cpue bio
 2.45839e+006 3.51611e+006 3.61351e+006 3.41614e+006 3.3811e+006 2.20924e+006 2.41247e+006 1.8335e+006 1.5908e+006 1.43199e+006 1.38458e+006 1.30609e+006 1.37148e+006 990515 1.01624e+006 874799 696183 789657 656548 542449 580885 529727 336153 443524 617500 572660 492529 599094 423464 595490 580654 610238 809703 441794 445121 527223 492983 541257 350533 500937 541717 651455 599064 499249 470449 496771 772672 647513 581644 517642 483772 542065 766159 462974
#pred surv len freq
 0.00516559 0.0083572 0.0125218 0.0176203 0.0235177 0.0299082 0.0362843 0.0420547 0.0467662 0.0502578 0.05264 0.0541611 0.0550806 0.0556006 0.0558379 0.0558174 0.0554853 0.0547327 0.0534066 0.0512991 0.0481424 0.0436717 0.0377844 0.0307275 0.0231587
 0.00536592 0.00858485 0.0126889 0.0175992 0.0231936 0.0292512 0.0353953 0.0411422 0.046055 0.0498809 0.0525812 0.0542794 0.0551946 0.0555819 0.0556678 0.0555892 0.0553567 0.0548503 0.0538341 0.0519833 0.0489352 0.0443967 0.0383131 0.0310209 0.0232586
 0.00568563 0.00908368 0.0133933 0.0185009 0.0242301 0.0302923 0.0362521 0.041618 0.0460291 0.0493787 0.0517715 0.0533883 0.0543909 0.0549127 0.055083 0.0550236 0.0548029 0.0543728 0.0535235 0.0518886 0.0490246 0.0445726 0.0384664 0.0310853 0.0232294
 0.005923 0.0094782 0.0140026 0.019382 0.0254239 0.031797 0.0379931 0.0434311 0.047677 0.0506051 0.0523804 0.0533139 0.0537184 0.0538308 0.0537957 0.0536783 0.0534774 0.0531106 0.0523704 0.050895 0.0482199 0.0439453 0.0379737 0.0306828 0.0228944
 0.00619067 0.00990064 0.0146164 0.0202174 0.0265054 0.0331407 0.0395963 0.045255 0.0496285 0.0525263 0.0540578 0.0545159 0.0542578 0.0536281 0.0529059 0.0522629 0.0517403 0.051238 0.0505053 0.0491406 0.0466482 0.0425997 0.0368693 0.0298129 0.02224
 0.00649797 0.0103889 0.0153301 0.0211904 0.0277553 0.0346614 0.0413504 0.0471734 0.0516199 0.0544887 0.0558799 0.0560669 0.0553824 0.0541656 0.0527358 0.0513542 0.0501728 0.049182 0.0481736 0.0467405 0.0443539 0.0405418 0.0351328 0.0284376 0.0212237
 0.00679838 0.0108671 0.0160312 0.0221505 0.0289962 0.0361826 0.0431185 0.0491173 0.053639 0.0564704 0.0577155 0.0576574 0.0566316 0.0549695 0.0529828 0.0509464 0.0490641 0.0474136 0.0458833 0.0441389 0.0416807 0.0380206 0.0329372 0.0266715 0.0199157
 0.00720984 0.0115112 0.0169544 0.0233801 0.0305377 0.0380149 0.0451868 0.0513301 0.0558765 0.0586031 0.0596233 0.0592405 0.0578114 0.0556812 0.0531651 0.0505362 0.0480074 0.045694 0.0435569 0.041355 0.03867 0.0350533 0.0302642 0.0244715 0.0182655
 0.00755684 0.0120679 0.0177782 0.0245182 0.0320174 0.0398292 0.0472798 0.0535948 0.0581711 0.0607803 0.061555 0.0608284 0.0589844 0.0563878 0.0533629 0.0501847 0.0470671 0.0441402 0.0414082 0.0387059 0.0357065 0.0320334 0.027463 0.0221121 0.0164667
 0.00792747 0.0126521 0.0186238 0.0256594 0.0334709 0.0415882 0.0493039 0.0558019 0.0604417 0.0629728 0.0635272 0.062456 0.0601738 0.0570788 0.0535227 0.0497953 0.0461155 0.0426189 0.0393336 0.0361488 0.032818 0.0290433 0.0246393 0.0196923 0.0145942
 0.0082539 0.0131737 0.0193916 0.0267143 0.0348358 0.0432566 0.0512279 0.0578899 0.0625713 0.0650136 0.0653594 0.063979 0.061306 0.0577573 0.0537036 0.0494528 0.0452378 0.0412073 0.0374106 0.0337787 0.0301302 0.0262388 0.0219622 0.0173708 0.0127769
 0.00848114 0.0135492 0.0199682 0.0275449 0.0359633 0.0446968 0.052952 0.0598179 0.0645825 0.0669698 0.067129 0.0654525 0.0624022 0.0584218 0.0539033 0.0491692 0.0444629 0.0399443 0.0356824 0.0316445 0.0277047 0.0236982 0.0195231 0.0152402 0.0110958
 0.00867151 0.0138554 0.0204239 0.0281819 0.0368089 0.0457678 0.0542457 0.0613029 0.0661954 0.0686193 0.068706 0.0668437 0.0635057 0.0591589 0.054223 0.0490456 0.0438881 0.0389245 0.0342414 0.0298367 0.0256308 0.0215107 0.0174095 0.0133824 0.00962031
 0.00893617 0.0142742 0.0210325 0.0290051 0.0378561 0.0470261 0.0556729 0.0628274 0.0677267 0.0700653 0.0699857 0.0678919 0.0642696 0.0595958 0.0543011 0.0487456 0.0432045 0.0378658 0.0328335 0.0281315 0.0237175 0.0195208 0.0155031 0.0117138 0.00829703
 0.00909078 0.0145324 0.0214335 0.0295892 0.038655 0.0480493 0.0568937 0.0641793 0.0691143 0.0713848 0.0711455 0.0688228 0.0649275 0.0599565 0.054353 0.0484838 0.0426282 0.0369808 0.0316587 0.0267089 0.0221218 0.0178619 0.0139139 0.0103222 0.00719221
 0.00926815 0.0148205 0.0218668 0.0301999 0.0394676 0.0490707 0.0581019 0.0655168 0.070492 0.0726959 0.072283 0.0696974 0.0654797 0.0601621 0.0542187 0.0480359 0.0418999 0.0360051 0.0304691 0.0253486 0.0206543 0.0163763 0.0125163 0.00911321 0.00624007
 0.00948386 0.0151523 0.0223316 0.0308025 0.0402025 0.0499249 0.0590545 0.0665358 0.0715322 0.0736999 0.0731849 0.0704295 0.0659811 0.0603881 0.0541484 0.0476736 0.0412709 0.0351468 0.0294256 0.0241702 0.0194026 0.015127 0.0113544 0.00811671 0.00546003
 0.00961797 0.0153505 0.0225933 0.0311153 0.0405471 0.0502836 0.0594178 0.066905 0.0719166 0.0741113 0.0736295 0.0708984 0.0664441 0.0607951 0.054439 0.0477923 0.0411806 0.0348359 0.0289087 0.0234842 0.0186031 0.0142839 0.0105436 0.00740665 0.0048966
 0.00984128 0.0156805 0.0230278 0.0316294 0.0410983 0.0508224 0.0598976 0.0672892 0.0721853 0.0742664 0.0736953 0.0709131 0.0664449 0.0608016 0.0544447 0.0477666 0.0410803 0.0346215 0.0285587 0.023003 0.018022 0.013655 0.00992879 0.00686311 0.00446306
 0.00996992 0.0158834 0.0233205 0.0320187 0.0415776 0.0513658 0.0604572 0.0678001 0.0725824 0.0745046 0.0737648 0.0708398 0.0662777 0.0605943 0.0542382 0.0475772 0.0408981 0.0344184 0.0283029 0.0226748 0.0176243 0.0132144 0.00948753 0.00646557 0.00414175
 0.00998242 0.0159205 0.0234071 0.0321878 0.0418613 0.0517807 0.060991 0.0684074 0.0731917 0.0750357 0.0741476 0.0710317 0.0662725 0.0604214 0.0539503 0.0472318 0.0405394 0.0340671 0.0279581 0.0223254 0.0172629 0.0128472 0.00913471 0.00615327 0.00389105
 0.0100796 0.0160601 0.0235843 0.0323898 0.042075 0.052003 0.0612338 0.0686911 0.0735294 0.0754165 0.0745312 0.0713571 0.0664793 0.0604705 0.0538367 0.046983 0.0402018 0.0336885 0.0275736 0.0219534 0.0169103 0.0125186 0.00883863 0.00590146 0.0036934
 0.0101692 0.0161984 0.0237778 0.0326374 0.042366 0.0523167 0.0615413 0.0689622 0.0737434 0.0755715 0.0746417 0.0714409 0.0665411 0.0604957 0.0537992 0.0468616 0.0399935 0.0334107 0.0272558 0.0216255 0.0165952 0.0122315 0.00858937 0.00569701 0.00353726
 0.00997124 0.0159167 0.0234285 0.0322614 0.0420186 0.0520493 0.0613865 0.0689285 0.0738201 0.0757377 0.0748752 0.0717233 0.0668581 0.0608318 0.054132 0.0471613 0.0402293 0.0335617 0.0273177 0.0216105 0.0165252 0.0121307 0.00847909 0.00559373 0.00345165
 0.0100328 0.0159861 0.0234778 0.0322504 0.0419115 0.0518377 0.0611042 0.0686451 0.0736126 0.0756574 0.0749292 0.0718809 0.0670722 0.0610606 0.0543486 0.0473506 0.0403811 0.0336665 0.0273688 0.0216078 0.0164779 0.0120544 0.00839182 0.00551079 0.00338305
 0.0100326 0.0159775 0.0234484 0.0321807 0.0417758 0.0516101 0.0607681 0.0682061 0.0731094 0.0751628 0.0745348 0.0716672 0.0670795 0.0612763 0.0547176 0.0477996 0.0408418 0.0340873 0.0277175 0.0218699 0.0166532 0.0121547 0.00843586 0.00551931 0.00337401
 0.00995749 0.0158739 0.0233262 0.0320586 0.0416739 0.0515377 0.0607154 0.0681451 0.0730058 0.074994 0.0743056 0.0714152 0.066865 0.0611607 0.0547389 0.0479583 0.0411035 0.034399 0.0280262 0.022136 0.016856 0.0122908 0.00851457 0.00555633 0.00338573
 0.00996288 0.0158686 0.0232936 0.0319776 0.0415283 0.0513281 0.0604663 0.0678987 0.0728039 0.0748575 0.0742273 0.0713703 0.066832 0.061138 0.0547462 0.0480229 0.0412412 0.0346029 0.0282685 0.0223797 0.0170687 0.0124537 0.00862427 0.00562075 0.00341803
 0.00994111 0.015837 0.0232522 0.0319266 0.0414649 0.0512444 0.06035 0.0677402 0.0726057 0.0746406 0.0740263 0.0712191 0.0667493 0.061123 0.054787 0.0481082 0.0413666 0.0347665 0.0284626 0.0225868 0.0172657 0.0126199 0.00874836 0.00570257 0.00346544
 0.00974315 0.0155416 0.022857 0.0314483 0.0409355 0.0507044 0.0598419 0.0673035 0.072272 0.0744294 0.0739444 0.0712637 0.0669125 0.0613919 0.0551416 0.048522 0.0418101 0.0352128 0.02889 0.0229779 0.0176052 0.0128961 0.00895598 0.00584512 0.00355402
 0.00954928 0.0152478 0.0224554 0.0309474 0.0403601 0.0500928 0.0592432 0.0667728 0.0718616 0.0741764 0.0738623 0.071343 0.0671278 0.061713 0.0555398 0.0489716 0.0422872 0.0356937 0.0293517 0.0233996 0.0179702 0.0131935 0.00918176 0.00600312 0.00365493
 0.00944478 0.0150785 0.0222026 0.0305962 0.0399049 0.0495447 0.0586362 0.066163 0.0713166 0.0737588 0.0736149 0.071282 0.0672443 0.0619796 0.0559196 0.049426 0.0427807 0.0361959 0.0298363 0.0238443 0.0183569 0.01351 0.00942356 0.00617402 0.00376564
 0.00956564 0.0152459 0.0224 0.0307883 0.0400449 0.0495879 0.058553 0.0659459 0.0709822 0.0733446 0.0731734 0.0708705 0.0669135 0.0617631 0.0558295 0.0494548 0.0429075 0.0363929 0.0300744 0.0240958 0.0185981 0.0137221 0.00959483 0.00630054 0.00385071
 0.00942131 0.0150421 0.0221492 0.0305188 0.039789 0.0493653 0.0583598 0.0657586 0.0707735 0.0731031 0.0729141 0.0706309 0.0667402 0.0616958 0.0558897 0.049642 0.0432013 0.0367598 0.0304758 0.0244944 0.0189629 0.0140314 0.00983767 0.00647622 0.00396714
 0.00933151 0.0148983 0.0219386 0.030235 0.0394385 0.0489729 0.0579699 0.065425 0.0705395 0.0729823 0.0728858 0.0706563 0.0667866 0.0617537 0.0559731 0.0497743 0.0433994 0.0370242 0.0307891 0.0248282 0.0192856 0.0143164 0.0100679 0.00664635 0.00408172
 0.0101483 0.016043 0.0233226 0.0316613 0.0406572 0.0497717 0.0582473 0.0652086 0.0699502 0.072175 0.0719999 0.069788 0.0659854 0.0610347 0.0553371 0.0492249 0.0429481 0.0366843 0.0305658 0.0247122 0.0192539 0.0143392 0.0101166 0.00669893 0.00412561
 0.0108689 0.0171657 0.0249118 0.0337195 0.0430969 0.0523906 0.060726 0.0671626 0.0710415 0.0722362 0.0710944 0.0681697 0.0639855 0.0589495 0.0533667 0.047472 0.0414497 0.0354451 0.0295782 0.0239606 0.018714 0.0139766 0.00989076 0.00656961 0.00405798
 0.0108753 0.0172778 0.025267 0.0345036 0.0444902 0.0544815 0.0634326 0.0702073 0.0739996 0.0746422 0.0725648 0.0685029 0.0632063 0.0572826 0.0511505 0.0450523 0.0391008 0.0333404 0.0278024 0.0225374 0.0176297 0.0131949 0.00936121 0.00623497 0.00386212
 0.0106139 0.0168945 0.0247746 0.0339595 0.0440049 0.054217 0.0635816 0.070943 0.0753988 0.0766129 0.0748276 0.0706537 0.0648422 0.0581308 0.0511426 0.0443159 0.0378854 0.0319222 0.0264093 0.0213165 0.0166496 0.0124656 0.00885669 0.00591122 0.00367033
 0.0103455 0.01648 0.0241932 0.0332117 0.0431192 0.0532584 0.0626608 0.0702176 0.075053 0.0768107 0.0756506 0.0720469 0.0665982 0.0599341 0.0526642 0.0453191 0.0382916 0.0318091 0.0259518 0.0207091 0.0160477 0.0119613 0.00848352 0.00566265 0.00352022
 0.0101673 0.0161918 0.023763 0.0326132 0.0423401 0.0523129 0.0616026 0.0691452 0.0741013 0.0761315 0.0753854 0.0722947 0.0673805 0.0611668 0.0541575 0.0468197 0.0395584 0.0326875 0.0264108 0.0208239 0.0159472 0.0117714 0.00829231 0.00551326 0.00342163
 0.0101662 0.0161723 0.0237006 0.0324725 0.0420816 0.0519054 0.0610363 0.0684403 0.073311 0.0753391 0.0746969 0.0718255 0.0672337 0.061404 0.0547699 0.0477146 0.0405749 0.0336434 0.0271614 0.0213041 0.0161757 0.0118212 0.00824851 0.00544192 0.00335905
 0.0101782 0.0161933 0.0237333 0.0325168 0.0421295 0.051936 0.0610143 0.0683225 0.0730612 0.0749463 0.0741886 0.0712693 0.0667259 0.0610481 0.0546489 0.0478633 0.0409629 0.0341793 0.0277225 0.02178 0.0165039 0.0119971 0.00830915 0.00543791 0.00333181
 0.0101238 0.0161111 0.0236216 0.032379 0.0419742 0.0517753 0.0608612 0.0681859 0.0729406 0.0748289 0.0740537 0.071101 0.0665284 0.060854 0.0545136 0.0478461 0.0411006 0.0344663 0.028108 0.0221865 0.0168574 0.0122536 0.00846275 0.00551073 0.00335561
 0.0102019 0.0162225 0.0237603 0.0325294 0.0421155 0.0518881 0.0609334 0.0682138 0.072926 0.0747744 0.0739588 0.0709613 0.0663399 0.0606211 0.0542575 0.0476055 0.0409225 0.0343876 0.0281378 0.0223011 0.0170112 0.0123999 0.00857159 0.0055748 0.00338413
 0.0100767 0.0160334 0.0235029 0.0322091 0.0417459 0.0514886 0.0605276 0.0678305 0.0725985 0.0745366 0.0738381 0.07097 0.0664696 0.0608443 0.0545368 0.0479075 0.0412282 0.0346932 0.0284461 0.0226088 0.0173036 0.0126548 0.00877062 0.00571197 0.00346675
 0.0100224 0.0159472 0.0233771 0.032039 0.0415311 0.0512353 0.0602502 0.0675505 0.0723403 0.0743224 0.0736845 0.070888 0.0664654 0.0609179 0.0546801 0.0481042 0.0414582 0.0349385 0.0286944 0.0228517 0.0175319 0.012857 0.00893511 0.00583246 0.0035451
 0.00996235 0.0158628 0.0232742 0.0319303 0.0414314 0.0511541 0.0601869 0.0674955 0.072281 0.0742507 0.073601 0.0708019 0.0663907 0.0608696 0.0546702 0.0481389 0.0415364 0.035053 0.0288339 0.0230038 0.0176845 0.0129983 0.00905513 0.00592475 0.00360857
 0.00994727 0.0158365 0.0232319 0.031868 0.0413487 0.0510572 0.0600899 0.067416 0.0722328 0.0742357 0.0736083 0.0708139 0.0663928 0.0608576 0.054651 0.048126 0.041543 0.035087 0.0288959 0.023088 0.0177808 0.0130953 0.00914237 0.00599502 0.00365911
 0.00974969 0.0155397 0.022831 0.0313752 0.0407907 0.0504701 0.0595159 0.0669026 0.0718293 0.0739863 0.0735408 0.0709312 0.0666713 0.0612534 0.0551128 0.0486078 0.0420121 0.0355242 0.0292915 0.0234366 0.0180782 0.0133385 0.0093305 0.00613094 0.00374974
 0.00964954 0.0153998 0.0226627 0.0312029 0.0406446 0.050374 0.0594776 0.0669117 0.0718633 0.0740209 0.0735595 0.070931 0.0666614 0.0612494 0.0551284 0.0486492 0.0420775 0.0356074 0.0293858 0.0235358 0.0181768 0.0134305 0.00941024 0.00619441 0.00379561
 0.00999778 0.0159324 0.023401 0.0321428 0.0417558 0.051602 0.060742 0.0681071 0.0728682 0.0747179 0.0738603 0.070797 0.0661139 0.0603655 0.0540227 0.0474482 0.0408947 0.0345274 0.0284596 0.0227855 0.017602 0.0130155 0.00912966 0.00601796 0.00369319
 0.00948096 0.0152003 0.0225 0.0311855 0.0408919 0.0509691 0.0604264 0.0681314 0.0732043 0.0753055 0.0746195 0.071634 0.0669296 0.0610703 0.0545557 0.0477893 0.0410635 0.0345698 0.0284288 0.0227263 0.0175439 0.0129724 0.00910423 0.00600669 0.00369061
 0.00886004 0.0142618 0.0212244 0.0296147 0.0391328 0.0491884 0.0588366 0.0669588 0.0726336 0.0754202 0.0753728 0.0728692 0.0684366 0.0626438 0.0560326 0.0490632 0.0420845 0.035336 0.0289726 0.0230971 0.0177915 0.0131374 0.0092144 0.00607964 0.0037374
#obs surv len freq
 nan nan nan nan nan nan nan nan nan nan nan nan nan nan nan nan nan nan nan nan nan nan nan nan nan
 0.00447744 0.00733573 0.0111632 0.0159785 0.02168 0.027958 0.0342754 0.0400099 0.0446922 0.048158 0.0505173 0.0520141 0.052907 0.0534199 0.0537346 0.0539898 0.0542686 0.0545615 0.0547003 0.0542922 0.0527301 0.0493619 0.043811 0.0362902 0.0276729
 0.00461652 0.00756053 0.0114989 0.0164469 0.0222949 0.028717 0.0351521 0.0409511 0.0456236 0.0489979 0.0511913 0.0524667 0.053108 0.0533661 0.053446 0.0535023 0.053625 0.0538042 0.053868 0.0534217 0.0518598 0.0485344 0.0430706 0.0356743 0.0272022
 0.00478603 0.00783853 0.0119216 0.0170489 0.0231017 0.0297332 0.03635 0.0422663 0.0469639 0.05026 0.052277 0.0532933 0.053615 0.0535186 0.0532379 0.0529549 0.0527817 0.0527227 0.0526137 0.0520642 0.0504741 0.047201 0.0418696 0.0346716 0.0264344
 0.00497301 0.00814704 0.0123944 0.017729 0.0240238 0.0309108 0.0377611 0.0438474 0.0486173 0.0518703 0.0537283 0.0544815 0.0544544 0.0539471 0.05322 0.0524844 0.051882 0.051445 0.0510335 0.0502783 0.0485978 0.0453621 0.0401945 0.0332643 0.025353
 0.00518206 0.00848754 0.0129084 0.018457 0.0249983 0.0321457 0.039239 0.0455139 0.0503856 0.0536343 0.0553761 0.055905 0.0555553 0.0546419 0.053445 0.0522008 0.0510809 0.0501519 0.0493125 0.0482345 0.0463747 0.0431305 0.0381295 0.0315117 0.0239979
 0.00540044 0.00884582 0.0134537 0.0192351 0.0260451 0.0334733 0.0408219 0.0472851 0.0522471 0.0554766 0.0570943 0.0574053 0.0567536 0.0554613 0.0538158 0.0520648 0.0503992 0.048917 0.0475613 0.0460597 0.0439285 0.0406133 0.0357583 0.0294742 0.0224093
 0.0056244 0.00921384 0.014015 0.0200384 0.0271297 0.0348542 0.042475 0.049141 0.0542009 0.0574079 0.0588871 0.0589597 0.0579889 0.0563119 0.0542258 0.0519831 0.0497815 0.0477363 0.0458278 0.0438425 0.0413706 0.0379248 0.0331826 0.0272323 0.0206449
 0.00588042 0.0096302 0.014642 0.0209231 0.0283074 0.036335 0.0442291 0.0510932 0.0562403 0.0594084 0.0607272 0.0605353 0.0592171 0.0571308 0.0545888 0.0518526 0.0491245 0.0465283 0.0440692 0.0415855 0.038742 0.0351299 0.030474 0.0248508 0.0187548
 0.00613672 0.010051 0.0152828 0.0218376 0.0295363 0.0378887 0.0460708 0.0531343 0.0583544 0.061457 0.0625837 0.0620967 0.0604061 0.0578921 0.0548841 0.051654 0.0484095 0.0452811 0.0422928 0.0393254 0.0361126 0.0323238 0.0277384 0.0224293 0.0168205
 0.00636091 0.0104217 0.0158523 0.022659 0.0306537 0.0393206 0.0477931 0.0550731 0.0603952 0.0634658 0.0644287 0.063664 0.0616073 0.0586655 0.055191 0.0514715 0.0477234 0.0440843 0.0405941 0.0371696 0.0336052 0.0296426 0.0251146 0.0200958 0.0149471
 0.00659469 0.0108035 0.0164302 0.0234794 0.0317524 0.0407097 0.0494466 0.0569207 0.0623309 0.0653668 0.066174 0.0651467 0.0627409 0.0593864 0.0554581 0.0512622 0.0470285 0.0429049 0.038947 0.035103 0.0312197 0.0271024 0.0226327 0.0178875 0.0131712
 0.00682906 0.0111873 0.017013 0.024308 0.0328616 0.0421064 0.051095 0.0587383 0.0642018 0.0671649 0.0677848 0.066478 0.0637244 0.0599745 0.0556206 0.0509824 0.0463005 0.0417335 0.0373528 0.0331357 0.0289753 0.0247319 0.0203284 0.015843 0.0115288
 0.00705669 0.0115608 0.0175813 0.0251182 0.0339488 0.0434784 0.0527159 0.060524 0.0660318 0.0689065 0.0693163 0.0677041 0.0645805 0.0604255 0.0556533 0.0505983 0.0455086 0.0405487 0.0358014 0.0312678 0.0268803 0.0225458 0.0182215 0.0139843 0.0100411
 0.00728225 0.011931 0.0181444 0.0259207 0.0350248 0.0448341 0.0543141 0.0622787 0.0678208 0.0705948 0.0707802 0.0688459 0.0653353 0.0607607 0.0555644 0.050101 0.0446297 0.0393203 0.0342625 0.0294741 0.0249166 0.0205333 0.0163073 0.0123117 0.00871142
 0.0074485 0.0122089 0.0185769 0.0265524 0.0358929 0.0459534 0.0556619 0.0637893 0.0693938 0.0721139 0.0721326 0.0699351 0.066089 0.0611346 0.0555421 0.0496898 0.0438548 0.0382189 0.032882 0.0278756 0.0231834 0.0187744 0.0146489 0.010873 0.00757406
 0.00752645 0.0123367 0.0187724 0.0268354 0.0362849 0.0464753 0.0563281 0.0646015 0.0703341 0.0731415 0.0731837 0.0709295 0.0669409 0.0617647 0.0558886 0.0497151 0.0435472 0.0375909 0.0319679 0.0267313 0.0218876 0.0174269 0.0133611 0.00974758 0.00668071
 0.00760211 0.0124509 0.018928 0.0270309 0.0365165 0.0467408 0.0566307 0.0649498 0.0707404 0.0736167 0.0737302 0.0715328 0.0675636 0.0623482 0.0563616 0.0500071 0.0436025 0.0373792 0.0314893 0.0260183 0.0210026 0.0164572 0.0124055 0.00889699 0.00599816
 0.00764702 0.0125198 0.0190238 0.0271528 0.0366599 0.0468979 0.0567918 0.0651068 0.070892 0.0737731 0.0739122 0.0717644 0.0678597 0.0627018 0.056739 0.0503509 0.0438445 0.0374572 0.0313639 0.0256836 0.0204904 0.0158315 0.0117484 0.00828923 0.00549858
 0.00771231 0.0126174 0.0191548 0.0273124 0.0368384 0.0470828 0.0569696 0.0652644 0.0710188 0.0738642 0.0739719 0.0718079 0.0679097 0.0627807 0.0568573 0.0504984 0.0439877 0.0375463 0.0313485 0.025531 0.020199 0.0154337 0.0113017 0.00785761 0.00513353
 0.00776942 0.0127072 0.0192839 0.0274835 0.0370485 0.047321 0.0572162 0.0654928 0.071202 0.0739828 0.0740206 0.0717951 0.0678552 0.0627097 0.056794 0.0504584 0.0439707 0.0375336 0.0313076 0.0254284 0.0200159 0.0151762 0.0110004 0.00755592 0.00487109
 0.00780187 0.0127572 0.0193541 0.0275746 0.0371597 0.04745 0.0573583 0.0656405 0.0713443 0.0741061 0.0741116 0.0718447 0.0678614 0.0626797 0.0567417 0.0504003 0.0439189 0.0374895 0.0312601 0.0253581 0.019905 0.0150198 0.0108108 0.00735845 0.00469332
 0.00784995 0.0128258 0.0194395 0.0276677 0.0372485 0.0475242 0.0574135 0.0656785 0.0713711 0.074129 0.0741349 0.0718684 0.0678814 0.0626901 0.0567387 0.0503842 0.0438938 0.0374594 0.0312246 0.0253106 0.0198365 0.014925 0.010694 0.00723332 0.00457714
 0.00788499 0.0128829 0.0195251 0.0277859 0.0373984 0.0476966 0.057589 0.065831 0.0714766 0.0741744 0.0741229 0.0718145 0.0678052 0.0626074 0.0566579 0.0503073 0.0438202 0.0373881 0.0311543 0.025239 0.0197597 0.0148403 0.0106025 0.00714154 0.00449421
 0.00787368 0.0128667 0.0195051 0.0277653 0.0373825 0.0476921 0.0576024 0.0658664 0.0715324 0.0742422 0.0741899 0.0718683 0.0678392 0.0626226 0.0566606 0.0503043 0.0438152 0.0373814 0.0311436 0.0252212 0.0197322 0.014802 0.0105553 0.00709015 0.00444526
 0.00787964 0.0128691 0.0194957 0.0277327 0.0373166 0.04759 0.0574732 0.0657309 0.071417 0.0741702 0.0741733 0.0719053 0.0679169 0.0627227 0.0567661 0.0504038 0.0439031 0.0374554 0.0312028 0.0252641 0.0197577 0.01481 0.0105481 0.00707254 0.0044232
 0.00789744 0.0128933 0.0195227 0.0277554 0.0373245 0.0475715 0.0574184 0.0656358 0.0712871 0.0740222 0.0740329 0.0717999 0.0678658 0.0627315 0.0568259 0.050497 0.04401 0.0375604 0.0312955 0.0253389 0.0198121 0.0148443 0.0105645 0.00707523 0.00441766
 0.0078958 0.012891 0.01952 0.0277519 0.0373191 0.0475611 0.0573978 0.0655983 0.0712269 0.0739378 0.0739299 0.0716921 0.0677727 0.0626724 0.0568138 0.0505334 0.0440855 0.0376587 0.031399 0.0254337 0.0198894 0.0149004 0.0106002 0.00709415 0.00442486
 0.00788389 0.0128703 0.0194862 0.0277011 0.0372486 0.0474719 0.0572961 0.0654942 0.0711315 0.0738587 0.0738699 0.0716501 0.0677479 0.0626667 0.0568323 0.0505814 0.0441644 0.0377628 0.0315168 0.025551 0.0199935 0.0149834 0.0106595 0.00713185 0.00444583
 0.00786299 0.0128341 0.0194279 0.0276132 0.0371252 0.0473123 0.0571072 0.0652918 0.0709375 0.0736963 0.0737576 0.0715975 0.067755 0.062726 0.0569324 0.0507114 0.0443153 0.037927 0.0316856 0.0257137 0.0201393 0.0151035 0.0107499 0.00719354 0.00448374
 0.00785827 0.0128237 0.0194071 0.0275756 0.0370638 0.0472213 0.0569847 0.0651415 0.0707692 0.0735252 0.0736025 0.0714775 0.0676851 0.0627136 0.0569763 0.0508031 0.0444424 0.0380761 0.0318439 0.0258697 0.0202823 0.0152248 0.0108444 0.00726066 0.00452684
 0.00783849 0.0127926 0.0193622 0.0275149 0.036986 0.0471259 0.0568725 0.0650151 0.0706335 0.073388 0.0734739 0.0713696 0.0676103 0.0626829 0.0569959 0.0508729 0.0445556 0.0382206 0.0320053 0.026033 0.0204344 0.0153558 0.0109482 0.0073359 0.00457643
 0.00777918 0.0126995 0.0192286 0.0273378 0.0367672 0.0468738 0.0566035 0.0647523 0.0704022 0.0732096 0.073361 0.0713257 0.0676322 0.0627639 0.0571285 0.0510491 0.044766 0.0384534 0.0322463 0.0262669 0.0206468 0.0155355 0.0110893 0.00743792 0.00464392
 0.0077635 0.0126663 0.0191647 0.0272268 0.0365948 0.0466348 0.0563082 0.064427 0.070084 0.0729355 0.0731601 0.0712141 0.067613 0.06283 0.0572663 0.0512423 0.0449982 0.0387088 0.0325092 0.0265218 0.0208791 0.0157335 0.0112459 0.00755209 0.00472012
 0.00773955 0.0126266 0.0191029 0.0271358 0.0364663 0.0464615 0.056086 0.0641594 0.069785 0.072631 0.0728845 0.071003 0.0674941 0.0628164 0.0573551 0.0514177 0.0452369 0.0389858 0.0328007 0.0268066 0.0211394 0.0159557 0.0114222 0.0076812 0.00480676
 0.00931861 0.0148361 0.0217679 0.0298727 0.0387949 0.0479824 0.0566209 0.063777 0.0687182 0.0711578 0.071242 0.0693583 0.0659534 0.0614435 0.0561846 0.0504617 0.0444891 0.0384262 0.0324015 0.026537 0.0209691 0.015857 0.0113713 0.00765912 0.00479973
 0.00929853 0.0150973 0.0226787 0.0318903 0.0422663 0.052875 0.0623527 0.0693107 0.0729297 0.0732786 0.0711123 0.0673692 0.062776 0.0577427 0.0524558 0.0470023 0.0414444 0.0358479 0.0302895 0.0248639 0.0196922 0.014924 0.0107238 0.00723615 0.00454201
 0.00897804 0.0145915 0.0219677 0.0310224 0.0414119 0.0523634 0.0626325 0.0707887 0.075725 0.0770403 0.0750628 0.0705988 0.0646217 0.0580183 0.051422 0.0451537 0.0392783 0.0337287 0.0284236 0.0233351 0.0185093 0.0140563 0.010122 0.00684398 0.00430378
 0.00879358 0.0142876 0.0215034 0.0303599 0.0405315 0.051292 0.0614819 0.0697836 0.0751873 0.0773014 0.0763123 0.0727405 0.0672395 0.0605095 0.0532417 0.046024 0.0392449 0.0330615 0.0274549 0.0223356 0.0176406 0.0133827 0.00964432 0.00653117 0.00411444
 0.00872364 0.014164 0.0212986 0.0300409 0.040066 0.0506597 0.0606891 0.0688776 0.0742685 0.0765285 0.0758892 0.0728657 0.0680195 0.0618739 0.0549232 0.0476426 0.0404603 0.0337037 0.0275572 0.0220688 0.0172092 0.0129457 0.00928792 0.00627996 0.00395681
 0.00871018 0.0141394 0.0212556 0.0299686 0.0399489 0.050478 0.0604212 0.0685063 0.0737912 0.075971 0.0753181 0.0723923 0.0677819 0.0619929 0.0554412 0.0484795 0.0414241 0.0345636 0.0281403 0.0223216 0.0171912 0.0127736 0.00907289 0.00609263 0.00382384
 0.00870257 0.0141275 0.0212383 0.0299444 0.0399154 0.0504304 0.0603516 0.0684027 0.073639 0.0757571 0.0750395 0.0720676 0.0674608 0.0617542 0.055372 0.0486368 0.0417978 0.0350668 0.0286413 0.0227022 0.0173947 0.0128152 0.00901247 0.00599538 0.00373434
 0.00868278 0.0140951 0.0211894 0.0298757 0.0398255 0.0503215 0.0602299 0.0682773 0.0735184 0.0756445 0.0749307 0.0719546 0.0673402 0.0616378 0.0552912 0.0486359 0.0419128 0.0353001 0.0289513 0.0230169 0.0176453 0.0129658 0.00906814 0.0059883 0.00370095
 0.00867331 0.0140801 0.0211676 0.0298459 0.0397865 0.0502722 0.0601699 0.0682075 0.0734414 0.0755647 0.0748526 0.0718806 0.0672703 0.0615717 0.0552338 0.0486015 0.0419227 0.0353726 0.0290869 0.0231924 0.0178213 0.0131053 0.00915313 0.00602294 0.00370295
 0.00865559 0.0140522 0.0211274 0.0297922 0.0397196 0.0501943 0.0600854 0.0681227 0.0733631 0.0754984 0.0748015 0.0718455 0.06725 0.0615638 0.0552366 0.0486159 0.0419541 0.0354293 0.0291746 0.023307 0.0179472 0.0132207 0.00924035 0.00607585 0.00372687
 0.00865908 0.0140576 0.0211348 0.0298013 0.0397293 0.0502025 0.0600892 0.0681187 0.0733485 0.0754718 0.0747638 0.0717997 0.0672 0.061514 0.0551911 0.0485786 0.0419297 0.0354231 0.0291909 0.0233465 0.018004 0.0132833 0.00929611 0.00611625 0.00375025
 0.00865605 0.0140518 0.0211244 0.0297844 0.0397045 0.05017 0.0600512 0.0680793 0.0733123 0.0754423 0.0747422 0.0717852 0.0671912 0.0615092 0.0551895 0.0485807 0.041937 0.0354379 0.0292159 0.0233828 0.0180496 0.0133328 0.00934219 0.0061528 0.00377473
 0.00864197 0.0140329 0.0211034 0.0297659 0.0396934 0.0501688 0.0600585 0.0680904 0.0733212 0.0754446 0.0747369 0.0717739 0.0671766 0.0614939 0.0551753 0.0485688 0.0419288 0.0354353 0.0292207 0.0233963 0.0180714 0.0133601 0.00937041 0.00617747 0.00379303
 0.00861186 0.0139856 0.0210356 0.0296766 0.0395852 0.0500494 0.0599408 0.0679905 0.0732538 0.075418 0.0747504 0.071819 0.0672419 0.0615689 0.0552523 0.0486432 0.0419981 0.0354986 0.0292784 0.0234491 0.0181198 0.0134036 0.00940778 0.00620719 0.0038144
 0.00862264 0.0139982 0.0210455 0.0296765 0.039567 0.0500075 0.059875 0.0679072 0.0731646 0.075337 0.07469 0.0717872 0.0672401 0.0615925 0.0552933 0.0486929 0.0420498 0.0355483 0.0293242 0.0234906 0.0181571 0.0134366 0.00943582 0.00622958 0.00383079
 0.00862264 0.0139982 0.0210455 0.0296765 0.039567 0.0500075 0.059875 0.0679072 0.0731646 0.075337 0.07469 0.0717872 0.0672401 0.0615925 0.0552933 0.0486929 0.0420498 0.0355483 0.0293242 0.0234906 0.0181571 0.0134366 0.00943582 0.00622958 0.00383079
 0.00896319 0.0145381 0.0218294 0.0307285 0.0408762 0.0515109 0.061446 0.0693656 0.0743159 0.0760255 0.0748414 0.0714194 0.0664443 0.0605002 0.0540434 0.0474081 0.0408239 0.0344438 0.0283764 0.0227139 0.0175499 0.0129861 0.00912074 0.00602349 0.00370572
 0.0088183 0.0143489 0.0216314 0.0305861 0.0408691 0.0517086 0.0618831 0.0700272 0.0751362 0.0768987 0.0756416 0.0720282 0.0667791 0.0605328 0.0538019 0.0469617 0.0402593 0.0338439 0.0278063 0.0222157 0.0171448 0.0126781 0.00890212 0.00587921 0.00361773
 0.00882228 0.0143288 0.0215553 0.0304167 0.0405838 0.0513269 0.0614821 0.0697284 0.0750624 0.0771211 0.0761461 0.0727191 0.0675141 0.0611708 0.0542415 0.047161 0.0402346 0.0336517 0.0275192 0.0219014 0.0168533 0.0124379 0.0087228 0.005757 0.00354161
#pred catch len freq
 0.00468077 0.00738501 0.0107298 0.014616 0.0189805 0.0237806 0.0289214 0.0342148 0.0394152 0.0442841 0.0486321 0.0523347 0.0553357 0.0576362 0.0592636 0.0602359 0.0605414 0.0601325 0.0589142 0.0567181 0.0532926 0.0483735 0.041865 0.034051 0.0256653
 0.00487741 0.00762348 0.0109429 0.0147023 0.0188458 0.0233954 0.0283569 0.033625 0.0389644 0.0440626 0.0486112 0.0523876 0.0553085 0.0574291 0.0588825 0.0597951 0.0602176 0.0600868 0.0592167 0.0573112 0.0540152 0.0490353 0.0423285 0.0342769 0.0257016
 0.00520143 0.00811731 0.0116189 0.0155348 0.0197603 0.0242662 0.029022 0.0339313 0.0388344 0.0435443 0.0478667 0.0516126 0.0546332 0.0568694 0.0583724 0.0592698 0.0596818 0.0596229 0.0589312 0.0572605 0.0541643 0.049275 0.042537 0.0343795 0.0256928
 0.00546948 0.0085451 0.0122483 0.0163997 0.0208797 0.0256294 0.0305666 0.0355253 0.0402795 0.0446156 0.0483828 0.0515066 0.0539796 0.0558428 0.0571628 0.0580123 0.0584457 0.0584494 0.0578691 0.0563648 0.0534647 0.0487538 0.0421408 0.0340544 0.0254117
 0.00578216 0.00902675 0.0129258 0.0172868 0.0219836 0.0269565 0.0321195 0.037284 0.0421755 0.0465103 0.0500681 0.0527415 0.0545591 0.0556696 0.0562818 0.0565845 0.0566809 0.0565423 0.0559707 0.0545842 0.0518774 0.047403 0.0410381 0.0331882 0.0247595
 0.00612325 0.00955502 0.0136728 0.0182671 0.0231968 0.028391 0.0337525 0.0390793 0.0440817 0.048456 0.0519523 0.0544204 0.0558469 0.0563687 0.056239 0.0557495 0.0551304 0.0544571 0.0535808 0.0521149 0.0495165 0.0452887 0.0392579 0.031781 0.0237204
 0.00649667 0.0101321 0.0144866 0.0193318 0.0245106 0.0299399 0.0355085 0.0409952 0.0460886 0.0504677 0.0538713 0.0561416 0.0572541 0.0573296 0.0566118 0.0554098 0.0540167 0.052609 0.0511486 0.0493314 0.0466464 0.0425783 0.036897 0.0298822 0.0223146
 0.00695085 0.0108282 0.0154569 0.0205817 0.0260249 0.0316906 0.0374565 0.0430852 0.0482443 0.0525936 0.0558602 0.057884 0.0586453 0.0582714 0.0570088 0.0551693 0.053062 0.0509119 0.0487665 0.0464276 0.0434755 0.0394372 0.0340606 0.0275455 0.0205615
 0.00736915 0.0114788 0.016382 0.021803 0.0275438 0.033488 0.0394886 0.0452788 0.0505001 0.0547969 0.0578943 0.0596393 0.0600245 0.0591906 0.0573951 0.0549566 0.052192 0.0493482 0.0465255 0.0436132 0.0402945 0.0361768 0.0310265 0.0249855 0.0186079
 0.00780606 0.012151 0.0173243 0.0230272 0.0290436 0.0352459 0.0414742 0.0474401 0.0527547 0.0570325 0.0599787 0.0614381 0.0614194 0.0600912 0.0577393 0.0547023 0.0513081 0.0478162 0.0443587 0.0408885 0.0371806 0.0329309 0.0279484 0.0223412 0.0165587
 0.00820811 0.0127744 0.0182071 0.024187 0.0304789 0.0369382 0.0433849 0.0495066 0.0548913 0.0591363 0.0619386 0.0631411 0.0627579 0.0609712 0.0580885 0.0544727 0.0504734 0.0463698 0.0423215 0.0383315 0.0342494 0.029852 0.0249973 0.0197753 0.0145469
 0.00850519 0.0132446 0.0188917 0.0251186 0.0316789 0.0384111 0.0451097 0.0514284 0.0569208 0.0611598 0.0638317 0.064784 0.0640465 0.0618234 0.058445 0.0542939 0.0497366 0.0450703 0.0404812 0.036016 0.0315884 0.0270455 0.022291 0.0174048 0.012673
 0.00880191 0.013703 0.0195385 0.0259669 0.0327319 0.0396665 0.0465575 0.0530427 0.0586504 0.0629242 0.0655256 0.06629 0.0652519 0.0626359 0.0588004 0.0541556 0.0490895 0.0439171 0.0388467 0.0339614 0.0292282 0.024554 0.0198825 0.015287 0.0109908
 0.00912534 0.0142015 0.0202384 0.026876 0.0338415 0.0409548 0.0479894 0.0545679 0.060205 0.0644357 0.0669183 0.067488 0.0661815 0.0632302 0.0590052 0.053935 0.0484275 0.0428176 0.0373364 0.0320983 0.0271144 0.02234 0.0177516 0.0134162 0.00950414
 0.00938368 0.0146073 0.020823 0.0276598 0.0348318 0.0421418 0.0493404 0.0560231 0.061682 0.0658416 0.0681642 0.0685 0.0669058 0.0636318 0.0590636 0.0536385 0.0477717 0.0418075 0.0359932 0.0304702 0.0252873 0.02044 0.0159312 0.0118221 0.00823849
 0.00962133 0.014979 0.0213559 0.0283717 0.0357308 0.0432251 0.0505885 0.0573925 0.0631017 0.0672175 0.0693915 0.0694803 0.0675641 0.0639272 0.0589891 0.0532116 0.0470215 0.0407661 0.0346966 0.0289673 0.0236513 0.0187739 0.0143574 0.0104569 0.00716124
 0.00980314 0.0152563 0.0217403 0.0288651 0.0363302 0.0439283 0.0513951 0.0582988 0.0640905 0.0682497 0.0704036 0.0703899 0.0682839 0.0643821 0.0591304 0.053023 0.0465158 0.0399765 0.0336684 0.0277569 0.0223298 0.0174302 0.0130916 0.00936173 0.00629861
 0.00994507 0.0154646 0.0220125 0.029186 0.0366779 0.0442849 0.051755 0.0586703 0.0644917 0.0686997 0.0709112 0.0709435 0.0688453 0.064889 0.059509 0.0532055 0.0464563 0.0396593 0.0331087 0.0269963 0.0214325 0.016477 0.0121707 0.00855272 0.00565531
 0.0101586 0.015777 0.0224182 0.0296564 0.0371694 0.0447514 0.0521594 0.0589905 0.0647231 0.0688548 0.0710174 0.0710347 0.0689488 0.0650125 0.0596331 0.0532869 0.0464405 0.0394985 0.0327775 0.0265002 0.0208085 0.0157866 0.0114868 0.00794303 0.00516634
 0.0103185 0.0160224 0.0227596 0.0300915 0.0376818 0.0453095 0.052717 0.0594915 0.0651127 0.0690954 0.0711005 0.0709826 0.0688058 0.0648286 0.0594471 0.0531136 0.0462674 0.0392936 0.032505 0.0261386 0.0203619 0.0152867 0.0109832 0.00748775 0.00479752
 0.0103593 0.0160986 0.0228926 0.0303073 0.0380045 0.0457512 0.0532665 0.0601091 0.0657341 0.0696442 0.0715056 0.0711962 0.0688157 0.0646605 0.0591535 0.0527543 0.0458891 0.0389183 0.0321312 0.0257538 0.0199583 0.0148723 0.0105823 0.00713114 0.00451036
 0.010465 0.0162509 0.0230864 0.0305289 0.0382398 0.0459962 0.0535332 0.0604188 0.0661011 0.0700583 0.0719249 0.0715562 0.0690508 0.0647264 0.0590419 0.0524925 0.0455265 0.0385068 0.0317095 0.0253422 0.0195649 0.0145028 0.010247 0.00684454 0.00428453
 0.0105081 0.0163181 0.0231818 0.0306533 0.0383891 0.0461615 0.0537021 0.0605804 0.0662529 0.0702096 0.0720913 0.071746 0.0692512 0.0649026 0.0591492 0.0524963 0.0454169 0.0383001 0.0314381 0.0250406 0.0192606 0.0142151 0.00998979 0.00662858 0.00411658
 0.010339 0.0160801 0.0228922 0.0303515 0.0381261 0.0459821 0.0536302 0.0606153 0.0663756 0.0703947 0.0723174 0.0720004 0.0695278 0.0651932 0.059436 0.0527502 0.045606 0.038402 0.0314488 0.024974 0.0191413 0.0140699 0.00984197 0.00649553 0.004009
 0.0103264 0.0160426 0.0228061 0.0301893 0.0378691 0.045638 0.0532436 0.0602603 0.0661303 0.0703102 0.0724007 0.0722193 0.0698313 0.0655327 0.0597753 0.0530641 0.0458746 0.0386082 0.0315808 0.0250303 0.0191326 0.0140155 0.00976458 0.00641498 0.00393903
 0.0103197 0.0160251 0.0227661 0.0301086 0.0377237 0.0454023 0.0528998 0.0598119 0.0656144 0.0698002 0.071991 0.0719947 0.0698359 0.0657556 0.0601608 0.0535365 0.0463617 0.0390545 0.0319508 0.0253071 0.0193153 0.0141168 0.00980515 0.00641791 0.00392424
