SBPRF35
7.78865
Curr Bio
637265
B35
714341
F35
0.229059
FOFL
0.214419
OFL
107566
Bzero
2.22533e+006
#pred survey bio
 4.74152e+006 4.42934e+006 4.14412e+006 3.83622e+006 3.50619e+006 3.15705e+006 2.83296e+006 2.4915e+006 2.20267e+006 1.93841e+006 1.71284e+006 1.51709e+006 1.34999e+006 1.18496e+006 1.05152e+006 920832 811591 746951 697061 664839 635068 606105 582756 575276 557825 556876 554055 550774 549297 558075 559717 555306 540020 539654 533662 519169 515626 505804 504927 511387 522928 531356 537187 547406 549632 571607 587549 598012 606250 631904 635469 596346 613812 633869 2.33525e+007 1.45216e+007 1.49895e+007 1.54467e+007 1.58694e+007 1.62337e+007 1.65324e+007 1.67693e+007 1.69529e+007 1.70931e+007 1.71992e+007 1.72793e+007 1.73396e+007 1.7385e+007 1.74193e+007 1.74453e+007 1.74651e+007 1.74802e+007 1.74917e+007 1.75005e+007 1.75072e+007 1.75124e+007 1.75164e+007 1.75195e+007 1.75219e+007 1.75237e+007 1.75251e+007 1.75262e+007 1.75271e+007 1.75277e+007 1.75282e+007 1.75286e+007 1.75289e+007 1.75291e+007 1.75293e+007 1.75294e+007 1.75296e+007 1.75296e+007 1.75297e+007 1.75298e+007 1.75298e+007 1.75298e+007 1.75298e+007 1.75299e+007 1.75299e+007 1.75299e+007 1.75299e+007 1.75299e+007 1.75299e+007 1.75299e+007 1.75299e+007 1.75299e+007 1.75299e+007 1.75299e+007 1.75299e+007 1.75299e+007 1.75299e+007 1.75299e+007 1.75299e+007 1.75299e+007 1.75299e+007 1.75299e+007 1.75299e+007 1.75299e+007 1.75299e+007 1.75299e+007 1.75299e+007 1.75299e+007 1.75299e+007 1.75299e+007 1.75299e+007 1.75299e+007 1.75299e+007 1.75299e+007 1.75299e+007 1.75299e+007 1.75299e+007 1.75299e+007 1.75299e+007 1.75299e+007 1.75299e+007 1.75299e+007 1.75299e+007 1.75299e+007 1.75299e+007 1.75299e+007 1.75299e+007 1.75299e+007 1.75299e+007 1.75299e+007 1.75299e+007 1.75299e+007 1.75299e+007 1.75299e+007 1.75299e+007 1.75299e+007 1.75299e+007 1.75299e+007 1.75299e+007 1.75299e+007 0 0 0 0 0 0 0 0 0 0 0 0 0 0 0 0 0 0 0 0 0 0 0 0 0
#obs survey bio
 3.73328e+006 3.95652e+006 3.35215e+006 2.99742e+006 4.51924e+006 2.74745e+006 3.73167e+006 2.39624e+006 1.74285e+006 2.56476e+006 1.06293e+006 1.26392e+006 1.15299e+006 1.16212e+006 793374 1.03817e+006 731179 781406 639608 500372 406502 782208 486757 546167 589052 428169 472878 581029 480105 493995 530304 565388 392487 540436 416290 771743 407717 690272 471920 417319 626607 470163 468867 624754 633422 614832 505291 495181 794716 703574 656904 597115 419458 812452
#pred catch bio
 109179 106883 155486 206737 257801 268751 316971 299146 302801 289414 279630 265915 270579 245335 241971 219559 176948 160677 142830 138788 135795 128599 113601 119869 103494 103541 102266 99185.2 89652.8 94545.5 97239 103071 87682.5 90442.4 94974.6 84969.8 93882.7 91414.4 89339.1 87364.9 90702 92926 89566.4 96752.6 81345.3 88468.4 94743.9 98340.9 86300.7 107802 144821 100369 105704 100487 107566 117789 120756 123473 125977 128071 129695 130891 131740 132326 132721 132982 133153 133264 133335 133380 133408 133426 133437 133444 133448 133451 133453 133454 133454 133455 133455 133455 133455 133455 133455 133455 133455 133456 133456 133456 133456 133456 133456 133456 133456 133456 133456 133456 133456 133456 133456 133456 133456 133456 133456 133456 133456 133456 133456 133456 133456 133456 133456 133456 133456 133456 133456 133456 133456 133456 133456 133456 133456 133456 133456 133456 133456 133456 133456 133456 133456 133456 133456 133456 133456 133456 133456 133456 133456 133456 133456 133456 133456 133456 133456 133456 133456 133456 133456 133456 133456 133456 133456 133456 0 0 0 0 0 0 0 0 0 0 0 0 0 0 0 0 0 0 0 0 0 0 0 0 0
#obs catch bio
 0 106669 155960 207788 259345 270589 320077 302050 307565 293426 285327 271518 276611 249971 247259 222935 179051 161841 143607 140291 137967 129860 115220 122099 104308 104516 103328 99783.2 90250.6 95207.7 97740.1 103505 87558.1 90580.3 95678.2 84786.8 94199.7 91085.8 89473.9 87599.8 90656.1 92756.7 89293.4 96629 80974.1 88282.2 94389.3 98184.3 85649.7 107234 145179 99947.6 105770 100408
#pred cpue bio
 4.6583e+006 4.34907e+006 4.06621e+006 3.75991e+006 3.43222e+006 3.08556e+006 2.76365e+006 2.42487e+006 2.13807e+006 1.87587e+006 1.65221e+006 1.45836e+006 1.29351e+006 1.13152e+006 1.00091e+006 873608 767656 705304 657354 626274 597450 569582 547189 540138 523799 523410 521048 518231 517117 525882 527957 524386 510259 510311 504925 491368 487458 476138 473657 479344 490684 499239 505067 514946 517028 538104 553382 563260 570858 595244 598218 559548 574832 592639 2.18569e+007 1.36238e+007 1.40793e+007 1.45152e+007 1.49291e+007 1.52913e+007 1.55897e+007 1.58265e+007 1.601e+007 1.61502e+007 1.62564e+007 1.63364e+007 1.63967e+007 1.64421e+007 1.64764e+007 1.65025e+007 1.65222e+007 1.65373e+007 1.65488e+007 1.65576e+007 1.65644e+007 1.65696e+007 1.65736e+007 1.65766e+007 1.6579e+007 1.65808e+007 1.65822e+007 1.65833e+007 1.65842e+007 1.65848e+007 1.65853e+007 1.65857e+007 1.6586e+007 1.65862e+007 1.65864e+007 1.65866e+007 1.65867e+007 1.65868e+007 1.65868e+007 1.65869e+007 1.65869e+007 1.65869e+007 1.6587e+007 1.6587e+007 1.6587e+007 1.6587e+007 1.6587e+007 1.6587e+007 1.6587e+007 1.6587e+007 1.6587e+007 1.6587e+007 1.6587e+007 1.6587e+007 1.6587e+007 1.6587e+007 1.6587e+007 1.6587e+007 1.6587e+007 1.6587e+007 1.6587e+007 1.6587e+007 1.6587e+007 1.6587e+007 1.6587e+007 1.6587e+007 1.6587e+007 1.6587e+007 1.6587e+007 1.6587e+007 1.6587e+007 1.6587e+007 1.6587e+007 1.6587e+007 1.6587e+007 1.6587e+007 1.6587e+007 1.6587e+007 1.6587e+007 1.6587e+007 1.6587e+007 1.6587e+007 1.6587e+007 1.6587e+007 1.6587e+007 1.6587e+007 1.6587e+007 1.6587e+007 1.6587e+007 1.6587e+007 1.6587e+007 1.6587e+007 1.6587e+007 1.6587e+007 1.6587e+007 1.6587e+007 1.6587e+007 1.6587e+007 1.6587e+007 1.6587e+007 0 0 0 0 0 0 0 0 0 0 0 0 0 0 0 0 0 0 0 0 0 0 0 0 0
#obs cpue bio
 2.45839e+006 3.51611e+006 3.61351e+006 3.41614e+006 3.3811e+006 2.20924e+006 2.41247e+006 1.8335e+006 1.5908e+006 1.43199e+006 1.38458e+006 1.30609e+006 1.37148e+006 990515 1.01624e+006 874799 696183 789657 656548 542449 580885 529727 336153 443524 617500 572660 492529 599094 423464 595490 580654 610238 809703 441794 445121 527223 492983 541257 350533 500937 541717 651455 599064 499249 470449 496771 772672 647513 581644 517642 483772 542065 766159 462974
#pred surv len freq
 0.00461583 0.00743949 0.011102 0.0155739 0.0207741 0.0265111 0.0324354 0.0380982 0.0431014 0.0472202 0.0504187 0.0527886 0.0544815 0.0556567 0.0564396 0.0568934 0.0570157 0.0567465 0.0559608 0.0544334 0.0518172 0.0477163 0.0418944 0.0345318 0.0263338
 0.00492169 0.00786756 0.0116231 0.0161304 0.0213126 0.027024 0.0329798 0.0387664 0.0439518 0.0482099 0.0513862 0.0535057 0.0547461 0.0553788 0.0556778 0.0558309 0.05589 0.0557628 0.0552226 0.0539198 0.051418 0.0473065 0.0414048 0.0339768 0.0257859
 0.00503727 0.00809018 0.0120175 0.0167657 0.0222316 0.0282051 0.0343191 0.0401053 0.0451444 0.0491849 0.0521524 0.0540938 0.0551389 0.0554901 0.0554018 0.0551229 0.0548157 0.0544816 0.053917 0.0527186 0.0503615 0.0463678 0.0405453 0.0331898 0.025102
 0.0051938 0.00833139 0.0123601 0.0172277 0.0228419 0.0290093 0.0353687 0.0414249 0.0466913 0.050831 0.0537111 0.0553826 0.0560347 0.0559392 0.0553906 0.0546502 0.0538988 0.0531849 0.052363 0.0510612 0.0487384 0.0448704 0.0392222 0.032069 0.0242039
 0.00541993 0.00868763 0.0128747 0.0179189 0.0237153 0.0300561 0.0365656 0.0427401 0.0480921 0.0522843 0.0551682 0.0567584 0.0572028 0.0567564 0.0557361 0.0544541 0.0531503 0.0519283 0.0506949 0.0491239 0.0467002 0.0428961 0.037446 0.0305813 0.0230482
 0.00565704 0.00907176 0.0134505 0.0187273 0.0247863 0.0313967 0.0381463 0.0444892 0.0499058 0.0540491 0.0567838 0.058148 0.0583064 0.0575142 0.0560764 0.0542997 0.0524414 0.0506502 0.0488983 0.0469296 0.0442877 0.040475 0.0352173 0.0286988 0.0215931
 0.0059096 0.00947172 0.014034 0.0195247 0.0258211 0.0326825 0.0396777 0.0462312 0.0517868 0.0559633 0.0586036 0.0597443 0.0595693 0.0583643 0.0564614 0.0541803 0.0517829 0.049431 0.0471349 0.044704 0.0417588 0.0378622 0.0327572 0.0265905 0.019953
 0.00626389 0.0100304 0.0148431 0.0206165 0.0272111 0.034363 0.0416098 0.0483401 0.0539676 0.0580946 0.0605613 0.0614104 0.0608387 0.0591524 0.0567093 0.0538555 0.0508726 0.0479394 0.0450919 0.0421879 0.0389186 0.0349172 0.0299629 0.0241768 0.0180649
 0.00655052 0.0104946 0.0155387 0.0215933 0.0285066 0.035989 0.0435364 0.0504883 0.0562172 0.060304 0.0625894 0.0631322 0.0621527 0.0599818 0.0570007 0.0535748 0.0500034 0.0464843 0.0430822 0.039701 0.0360971 0.0319727 0.0271477 0.0217262 0.0161351
 0.00689131 0.0110293 0.0163088 0.0226286 0.0298253 0.0375956 0.0454135 0.0525851 0.0584428 0.0625315 0.0646695 0.0649142 0.063507 0.0608149 0.0572587 0.0532363 0.0490689 0.0449711 0.0410301 0.0371899 0.0332665 0.0290265 0.0243304 0.0192693 0.0141949
 0.00716191 0.0114704 0.0169749 0.0235707 0.0310808 0.0391734 0.0472784 0.054654 0.0605976 0.064641 0.0666077 0.0665675 0.0647749 0.0616133 0.0575252 0.0529351 0.0481913 0.0435337 0.0390769 0.0348031 0.0305811 0.0262349 0.0216613 0.0169392 0.0123517
 0.00735082 0.0117842 0.0174606 0.0242799 0.0320627 0.040462 0.0488754 0.0565148 0.062628 0.0667069 0.0685552 0.0682474 0.0660649 0.0624292 0.0578199 0.0526896 0.0474066 0.0422287 0.0372943 0.0326213 0.0281266 0.0236852 0.0192249 0.0148125 0.0106686
 0.0075091 0.012041 0.0178475 0.0248293 0.0328066 0.0414266 0.0500729 0.0579329 0.064223 0.0684011 0.07024 0.0697943 0.0673433 0.0633268 0.0582577 0.0526271 0.0468371 0.0411721 0.0357951 0.0307551 0.0260097 0.0214766 0.0171093 0.012963 0.00920308
 0.00773367 0.0124008 0.0183795 0.0255649 0.0337669 0.0426145 0.0514636 0.0594697 0.0658229 0.0699675 0.0716759 0.0710104 0.0682617 0.0638839 0.0584075 0.0523444 0.0461194 0.0400399 0.0342931 0.0289561 0.0240207 0.0194387 0.0151821 0.0112934 0.00788858
 0.00783829 0.0125839 0.0186796 0.0260271 0.0344345 0.0435141 0.0525902 0.0607789 0.0672349 0.0713814 0.0729862 0.0721217 0.0690988 0.0643955 0.0585648 0.0521363 0.0455483 0.039122 0.033063 0.0274733 0.0223755 0.0177508 0.0135863 0.00991215 0.00680218
 0.00801392 0.0128639 0.0190919 0.0265968 0.0351831 0.0444557 0.0537224 0.0620725 0.0686266 0.0727748 0.0742637 0.0731653 0.0698135 0.0647264 0.0585001 0.0516981 0.0447781 0.0380686 0.0317792 0.0260211 0.0208338 0.0162172 0.0121677 0.00870345 0.00586241
 0.00821881 0.0131834 0.0195476 0.0272007 0.0359366 0.0453491 0.0547325 0.0631603 0.0697394 0.0738505 0.0752351 0.0739633 0.0703721 0.0649912 0.058439 0.0513085 0.0440854 0.0371194 0.0306326 0.0247442 0.019502 0.0149144 0.0109798 0.00770289 0.00509142
 0.00836937 0.0134027 0.0198309 0.0275287 0.0362829 0.0456924 0.0550655 0.0634912 0.070086 0.0742312 0.0756594 0.0744236 0.0708388 0.0654139 0.0587542 0.0514537 0.0440153 0.0368164 0.0301106 0.0240454 0.0186903 0.0140668 0.0101752 0.00700804 0.00454743
 0.00859309 0.013738 0.0202813 0.028076 0.036889 0.046305 0.0556257 0.0639434 0.0703917 0.0743824 0.0756826 0.0743697 0.0707609 0.0653457 0.0586984 0.0513832 0.0438859 0.036585 0.0297514 0.0235605 0.0181109 0.0134462 0.00957535 0.00648411 0.00413464
 0.00869507 0.0139037 0.0205296 0.0284214 0.0373349 0.0468355 0.0561987 0.0644937 0.0708454 0.0746795 0.0757961 0.0743126 0.0705794 0.0651011 0.0584454 0.051152 0.0436756 0.0363704 0.029499 0.023247 0.0177354 0.0130324 0.00916294 0.0061148 0.00383832
 0.00868596 0.0139066 0.0205671 0.0285263 0.0375434 0.0471737 0.05667 0.06507 0.0714684 0.07527 0.0762708 0.0746049 0.0706581 0.0649786 0.0581708 0.0507912 0.0432873 0.0359897 0.0291351 0.0228927 0.0173827 0.012684 0.00883445 0.00582783 0.00361032
 0.00882128 0.014097 0.0208002 0.0287759 0.0377814 0.0473878 0.0568735 0.0652962 0.0717493 0.0756126 0.0766447 0.074948 0.0708989 0.0650618 0.0580765 0.0505387 0.0429246 0.0355734 0.028712 0.022491 0.0170146 0.012354 0.00854755 0.00559077 0.00342827
 0.00886089 0.0141728 0.0209335 0.0289884 0.0380846 0.0477688 0.0572891 0.0656833 0.0720515 0.0758058 0.0767441 0.0749903 0.0709127 0.0650493 0.0580159 0.0504039 0.0427046 0.0352806 0.0283762 0.0221462 0.0166885 0.0120644 0.00830373 0.0053968 0.00328405
 0.00866826 0.0138875 0.0205573 0.028545 0.0376171 0.0473332 0.0569445 0.0654799 0.0720172 0.075937 0.0770089 0.0753439 0.0713149 0.0654711 0.0584334 0.0507894 0.0430268 0.0355136 0.0285099 0.0221894 0.0166635 0.0119981 0.00822041 0.00531479 0.00321477
 0.00876645 0.0140106 0.0206761 0.0286125 0.037585 0.0471764 0.0566798 0.0651655 0.0717317 0.0757491 0.0769534 0.0754156 0.0714788 0.0656812 0.0586495 0.0509846 0.0431854 0.0356259 0.0285701 0.0221978 0.0166282 0.011934 0.00814478 0.00524244 0.00315519
 0.00874547 0.0139779 0.0206276 0.0285398 0.0374714 0.046994 0.0563947 0.064755 0.071207 0.0751713 0.0764262 0.075052 0.0713583 0.0658212 0.0590055 0.0514744 0.0437201 0.0361328 0.0290016 0.0225311 0.0168606 0.0120776 0.00822037 0.00527298 0.00316086
 0.00867403 0.0138753 0.0204982 0.0283961 0.0373299 0.0468678 0.0562864 0.0646529 0.0710874 0.0750084 0.0762085 0.0747976 0.0711183 0.0656639 0.0589875 0.0516152 0.0439947 0.0364849 0.0293669 0.0228575 0.017118 0.012258 0.00833204 0.00533297 0.00318762
 0.00870632 0.0139084 0.020513 0.0283651 0.0372273 0.0466836 0.0560368 0.064377 0.0708316 0.0748058 0.0760665 0.0747021 0.0710497 0.0656153 0.0589725 0.0516596 0.0441189 0.0366877 0.0296227 0.023126 0.0173607 0.01245 0.00846602 0.00541538 0.00323202
 0.00868118 0.0138764 0.0204799 0.0283381 0.0372084 0.0466627 0.0559894 0.0642741 0.0706564 0.074569 0.075807 0.0744704 0.0708854 0.0655341 0.058969 0.051721 0.044235 0.0368518 0.0298245 0.023347 0.0175756 0.0126354 0.00860766 0.00551121 0.00328935
 0.00848554 0.013581 0.0200782 0.0278413 0.0366441 0.0460713 0.0554192 0.0637742 0.0702677 0.0743154 0.0756939 0.074492 0.071033 0.0657986 0.0593362 0.052167 0.0447274 0.0373566 0.0303117 0.0237925 0.017961 0.0129477 0.00884214 0.00567243 0.00338994
 0.00828135 0.0132722 0.0196573 0.0273177 0.0360433 0.0454308 0.0547863 0.0632029 0.069812 0.0740183 0.0755775 0.0745533 0.0712488 0.0661355 0.0597604 0.052649 0.0452416 0.0378778 0.0308148 0.0242537 0.0183605 0.0132727 0.00908826 0.00584431 0.00349961
 0.00821532 0.0131545 0.0194617 0.027016 0.0356145 0.0448752 0.0541364 0.0625229 0.0691835 0.0735184 0.0752604 0.0744422 0.0713376 0.066396 0.0601517 0.0531265 0.045764 0.0384102 0.0313285 0.0247247 0.0187696 0.0136071 0.00934324 0.00602408 0.0036158
 0.00835005 0.0133492 0.0197084 0.0272879 0.0358688 0.0450608 0.0542035 0.0624345 0.0689277 0.0731177 0.0747708 0.0739393 0.0708954 0.0660674 0.0599605 0.05307 0.0458215 0.0385527 0.0315248 0.0249455 0.0189892 0.0138049 0.00950566 0.0061455 0.00369812
 0.00820429 0.0131436 0.0194562 0.0270186 0.0356167 0.0448476 0.0540265 0.0622685 0.0687402 0.0728885 0.0745064 0.0736742 0.0706809 0.0659549 0.0599844 0.053238 0.0461143 0.0389322 0.0319453 0.0253636 0.0193704 0.0141262 0.00975613 0.00632554 0.00381675
 0.0081099 0.012992 0.0192331 0.0267172 0.0352441 0.0444322 0.053619 0.0619306 0.0685213 0.0728026 0.0745261 0.0737482 0.0707636 0.0660289 0.0600636 0.0533527 0.0462908 0.0391782 0.0322467 0.0256912 0.0196902 0.0144094 0.00998471 0.00649389 0.00392966
 0.0088857 0.0140811 0.0205533 0.0280838 0.036421 0.0452162 0.0539089 0.0617467 0.0679743 0.0720408 0.0736869 0.072928 0.0700101 0.0653514 0.0594559 0.052814 0.0458339 0.0388224 0.0320047 0.0255591 0.0196475 0.014426 0.0100303 0.00654517 0.00397303
 0.00948992 0.0150416 0.0219483 0.0299442 0.0386934 0.0477231 0.0563364 0.063696 0.069084 0.0721238 0.0727999 0.0713306 0.0680456 0.0633258 0.0575714 0.0511669 0.0444498 0.0376948 0.0311181 0.0248947 0.0191798 0.0141209 0.00984824 0.00644691 0.00392577
 0.00952276 0.0151765 0.022303 0.0306803 0.0399767 0.0496552 0.0588827 0.0666452 0.0720632 0.0746721 0.0744848 0.0718737 0.0674073 0.0617063 0.0553245 0.0486753 0.0420232 0.0355287 0.0293045 0.023455 0.0180947 0.0133478 0.00933121 0.0061249 0.00374034
 0.0092956 0.0148432 0.0218746 0.0302081 0.0395613 0.0494472 0.0590663 0.067393 0.0734623 0.0766498 0.07678 0.0740865 0.0691174 0.0626091 0.0553229 0.0478869 0.04071 0.0339921 0.0277977 0.0221411 0.0170474 0.0125751 0.00880157 0.00578827 0.0035429
 0.00903663 0.0144437 0.021315 0.0294889 0.0387092 0.0485221 0.0581715 0.0666777 0.0731056 0.0768188 0.0775684 0.0754562 0.0708749 0.0644408 0.056888 0.0489288 0.0411328 0.0338674 0.0273061 0.0214895 0.0164032 0.0120374 0.00840565 0.0055261 0.00338558
 0.0088925 0.0142025 0.02094 0.028944 0.037969 0.0475891 0.0570922 0.0655504 0.0720719 0.0760425 0.0772064 0.0756236 0.0716062 0.0656593 0.058403 0.0504777 0.0424597 0.0348022 0.0278071 0.0216288 0.0163126 0.0118486 0.00821201 0.00537391 0.00328502
 0.00890554 0.0142085 0.0209196 0.0288661 0.0377942 0.0472779 0.0566166 0.0649068 0.0712928 0.0752036 0.0764233 0.0750342 0.0713397 0.0657979 0.0589488 0.0513396 0.0434714 0.0357721 0.0285802 0.0221313 0.0165585 0.0119093 0.00817387 0.00530497 0.00322325
 0.00892062 0.0142356 0.0209641 0.0289311 0.0378756 0.0473575 0.0566591 0.0648638 0.071117 0.0748686 0.0759412 0.0744636 0.0707786 0.0653622 0.0587396 0.0514084 0.0437983 0.036269 0.0291218 0.0226017 0.016889 0.0120905 0.00823981 0.00530492 0.0031985
 0.00890706 0.0142101 0.0209199 0.0288612 0.037776 0.0472311 0.0565166 0.0647195 0.07098 0.0747345 0.0757931 0.0742835 0.0705648 0.0651419 0.0585667 0.0513456 0.0438893 0.0365152 0.0294769 0.0229893 0.0172335 0.0123448 0.00839474 0.00538024 0.0032246
 0.00901228 0.0143665 0.0211275 0.0291091 0.038044 0.0474932 0.056745 0.0648884 0.0710693 0.0747332 0.0756992 0.0741014 0.0703031 0.0648161 0.0582054 0.0509929 0.0435976 0.0363279 0.0294102 0.0230248 0.0173279 0.0124504 0.00847839 0.00543027 0.0032461
 0.00892609 0.0142335 0.0209404 0.028866 0.0377483 0.0471541 0.0563786 0.0645194 0.0707302 0.0744603 0.0755254 0.0740476 0.0703715 0.0649885 0.0584494 0.051274 0.0438914 0.036624 0.0297068 0.0233179 0.0176044 0.012691 0.00866644 0.00556024 0.00332471
 0.00893342 0.0142389 0.0209365 0.0288418 0.0376919 0.047057 0.0562392 0.064344 0.0705316 0.074255 0.0753317 0.0738851 0.0702589 0.0649397 0.0584691 0.0513561 0.0440213 0.0367852 0.0298854 0.0235029 0.0177852 0.0128553 0.00880263 0.00566134 0.00339104
 0.00895909 0.014283 0.0210067 0.0289448 0.0378295 0.0472214 0.05641 0.0644904 0.0706209 0.0742636 0.075253 0.0737301 0.0700525 0.0647135 0.0582548 0.051179 0.0438967 0.0367173 0.0298692 0.0235278 0.0178377 0.0129212 0.00886858 0.00571726 0.00343189
 0.00906489 0.0144371 0.0212057 0.0291751 0.0380723 0.0474599 0.0566335 0.0646919 0.0707909 0.0743847 0.075302 0.0736868 0.0699096 0.0644829 0.0579656 0.0508695 0.0436044 0.0364704 0.0296828 0.0234041 0.0177692 0.0128942 0.00886775 0.00572889 0.00344616
 0.00898594 0.0143212 0.0210538 0.0289951 0.0378751 0.0472547 0.0564265 0.06449 0.0706076 0.0742431 0.0752292 0.0737017 0.0700121 0.064652 0.0581683 0.0510748 0.0437927 0.0366356 0.0298276 0.0235333 0.0178851 0.0129959 0.0089524 0.00579425 0.00349223
 0.00909464 0.0144887 0.021289 0.0292998 0.0382441 0.0476752 0.0568752 0.0649308 0.0709923 0.0745196 0.0753545 0.0736561 0.0698062 0.0643228 0.0577654 0.0506461 0.0433755 0.0362558 0.0295018 0.023271 0.0176889 0.012861 0.00886842 0.00574753 0.00346944
 0.0098229 0.0155819 0.0227644 0.0311116 0.040294 0.0498326 0.0589911 0.0668431 0.0725348 0.0755415 0.0757472 0.073376 0.0688864 0.0628699 0.0559414 0.0486377 0.0413609 0.0343789 0.0278599 0.0219149 0.0166303 0.0120821 0.0083309 0.0054019 0.00326381
 0.00982946 0.0156292 0.0229011 0.0314003 0.0407889 0.0505485 0.0598814 0.0678058 0.073447 0.0763006 0.0762939 0.0736879 0.0689582 0.0627003 0.0555373 0.0480267 0.0405992 0.0335441 0.0270348 0.0211696 0.0160101 0.011605 0.0079916 0.00517934 0.00312971
 0.00933705 0.0149352 0.0220567 0.0305266 0.0400521 0.0501124 0.0598617 0.0682412 0.0742904 0.0774288 0.0775349 0.0748635 0.0699267 0.0633806 0.0559077 0.0481083 0.0404388 0.0332053 0.0265908 0.0206941 0.0155656 0.0112335 0.00771098 0.004987 0.00300998
#obs surv len freq
 nan nan nan nan nan nan nan nan nan nan nan nan nan nan nan nan nan nan nan nan nan nan nan nan nan
 0.00447744 0.00733573 0.0111632 0.0159785 0.02168 0.027958 0.0342754 0.0400099 0.0446922 0.048158 0.0505173 0.0520141 0.052907 0.0534199 0.0537346 0.0539898 0.0542686 0.0545615 0.0547003 0.0542922 0.0527301 0.0493619 0.043811 0.0362902 0.0276729
 0.00461652 0.00756053 0.0114989 0.0164469 0.0222949 0.028717 0.0351521 0.0409511 0.0456236 0.0489979 0.0511913 0.0524667 0.053108 0.0533661 0.053446 0.0535023 0.053625 0.0538042 0.053868 0.0534217 0.0518598 0.0485344 0.0430706 0.0356743 0.0272022
 0.00478603 0.00783853 0.0119216 0.0170489 0.0231017 0.0297332 0.03635 0.0422663 0.0469639 0.05026 0.052277 0.0532933 0.053615 0.0535186 0.0532379 0.0529549 0.0527817 0.0527227 0.0526137 0.0520642 0.0504741 0.047201 0.0418696 0.0346716 0.0264344
 0.00497301 0.00814704 0.0123944 0.017729 0.0240238 0.0309108 0.0377611 0.0438474 0.0486173 0.0518703 0.0537283 0.0544815 0.0544544 0.0539471 0.05322 0.0524844 0.051882 0.051445 0.0510335 0.0502783 0.0485978 0.0453621 0.0401945 0.0332643 0.025353
 0.00518206 0.00848754 0.0129084 0.018457 0.0249983 0.0321457 0.039239 0.0455139 0.0503856 0.0536343 0.0553761 0.055905 0.0555553 0.0546419 0.053445 0.0522008 0.0510809 0.0501519 0.0493125 0.0482345 0.0463747 0.0431305 0.0381295 0.0315117 0.0239979
 0.00540044 0.00884582 0.0134537 0.0192351 0.0260451 0.0334733 0.0408219 0.0472851 0.0522471 0.0554766 0.0570943 0.0574053 0.0567536 0.0554613 0.0538158 0.0520648 0.0503992 0.048917 0.0475613 0.0460597 0.0439285 0.0406133 0.0357583 0.0294742 0.0224093
 0.0056244 0.00921384 0.014015 0.0200384 0.0271297 0.0348542 0.042475 0.049141 0.0542009 0.0574079 0.0588871 0.0589597 0.0579889 0.0563119 0.0542258 0.0519831 0.0497815 0.0477363 0.0458278 0.0438425 0.0413706 0.0379248 0.0331826 0.0272323 0.0206449
 0.00588042 0.0096302 0.014642 0.0209231 0.0283074 0.036335 0.0442291 0.0510932 0.0562403 0.0594084 0.0607272 0.0605353 0.0592171 0.0571308 0.0545888 0.0518526 0.0491245 0.0465283 0.0440692 0.0415855 0.038742 0.0351299 0.030474 0.0248508 0.0187548
 0.00613672 0.010051 0.0152828 0.0218376 0.0295363 0.0378887 0.0460708 0.0531343 0.0583544 0.061457 0.0625837 0.0620967 0.0604061 0.0578921 0.0548841 0.051654 0.0484095 0.0452811 0.0422928 0.0393254 0.0361126 0.0323238 0.0277384 0.0224293 0.0168205
 0.00636091 0.0104217 0.0158523 0.022659 0.0306537 0.0393206 0.0477931 0.0550731 0.0603952 0.0634658 0.0644287 0.063664 0.0616073 0.0586655 0.055191 0.0514715 0.0477234 0.0440843 0.0405941 0.0371696 0.0336052 0.0296426 0.0251146 0.0200958 0.0149471
 0.00659469 0.0108035 0.0164302 0.0234794 0.0317524 0.0407097 0.0494466 0.0569207 0.0623309 0.0653668 0.066174 0.0651467 0.0627409 0.0593864 0.0554581 0.0512622 0.0470285 0.0429049 0.038947 0.035103 0.0312197 0.0271024 0.0226327 0.0178875 0.0131712
 0.00682906 0.0111873 0.017013 0.024308 0.0328616 0.0421064 0.051095 0.0587383 0.0642018 0.0671649 0.0677848 0.066478 0.0637244 0.0599745 0.0556206 0.0509824 0.0463005 0.0417335 0.0373528 0.0331357 0.0289753 0.0247319 0.0203284 0.015843 0.0115288
 0.00705669 0.0115608 0.0175813 0.0251182 0.0339488 0.0434784 0.0527159 0.060524 0.0660318 0.0689065 0.0693163 0.0677041 0.0645805 0.0604255 0.0556533 0.0505983 0.0455086 0.0405487 0.0358014 0.0312678 0.0268803 0.0225458 0.0182215 0.0139843 0.0100411
 0.00728225 0.011931 0.0181444 0.0259207 0.0350248 0.0448341 0.0543141 0.0622787 0.0678208 0.0705948 0.0707802 0.0688459 0.0653353 0.0607607 0.0555644 0.050101 0.0446297 0.0393203 0.0342625 0.0294741 0.0249166 0.0205333 0.0163073 0.0123117 0.00871142
 0.0074485 0.0122089 0.0185769 0.0265524 0.0358929 0.0459534 0.0556619 0.0637893 0.0693938 0.0721139 0.0721326 0.0699351 0.066089 0.0611346 0.0555421 0.0496898 0.0438548 0.0382189 0.032882 0.0278756 0.0231834 0.0187744 0.0146489 0.010873 0.00757406
 0.00752645 0.0123367 0.0187724 0.0268354 0.0362849 0.0464753 0.0563281 0.0646015 0.0703341 0.0731415 0.0731837 0.0709295 0.0669409 0.0617647 0.0558886 0.0497151 0.0435472 0.0375909 0.0319679 0.0267313 0.0218876 0.0174269 0.0133611 0.00974758 0.00668071
 0.00760211 0.0124509 0.018928 0.0270309 0.0365165 0.0467408 0.0566307 0.0649498 0.0707404 0.0736167 0.0737302 0.0715328 0.0675636 0.0623482 0.0563616 0.0500071 0.0436025 0.0373792 0.0314893 0.0260183 0.0210026 0.0164572 0.0124055 0.00889699 0.00599816
 0.00764702 0.0125198 0.0190238 0.0271528 0.0366599 0.0468979 0.0567918 0.0651068 0.070892 0.0737731 0.0739122 0.0717644 0.0678597 0.0627018 0.056739 0.0503509 0.0438445 0.0374572 0.0313639 0.0256836 0.0204904 0.0158315 0.0117484 0.00828923 0.00549858
 0.00771231 0.0126174 0.0191548 0.0273124 0.0368384 0.0470828 0.0569696 0.0652644 0.0710188 0.0738642 0.0739719 0.0718079 0.0679097 0.0627807 0.0568573 0.0504984 0.0439877 0.0375463 0.0313485 0.025531 0.020199 0.0154337 0.0113017 0.00785761 0.00513353
 0.00776942 0.0127072 0.0192839 0.0274835 0.0370485 0.047321 0.0572162 0.0654928 0.071202 0.0739828 0.0740206 0.0717951 0.0678552 0.0627097 0.056794 0.0504584 0.0439707 0.0375336 0.0313076 0.0254284 0.0200159 0.0151762 0.0110004 0.00755592 0.00487109
 0.00780187 0.0127572 0.0193541 0.0275746 0.0371597 0.04745 0.0573583 0.0656405 0.0713443 0.0741061 0.0741116 0.0718447 0.0678614 0.0626797 0.0567417 0.0504003 0.0439189 0.0374895 0.0312601 0.0253581 0.019905 0.0150198 0.0108108 0.00735845 0.00469332
 0.00784995 0.0128258 0.0194395 0.0276677 0.0372485 0.0475242 0.0574135 0.0656785 0.0713711 0.074129 0.0741349 0.0718684 0.0678814 0.0626901 0.0567387 0.0503842 0.0438938 0.0374594 0.0312246 0.0253106 0.0198365 0.014925 0.010694 0.00723332 0.00457714
 0.00788499 0.0128829 0.0195251 0.0277859 0.0373984 0.0476966 0.057589 0.065831 0.0714766 0.0741744 0.0741229 0.0718145 0.0678052 0.0626074 0.0566579 0.0503073 0.0438202 0.0373881 0.0311543 0.025239 0.0197597 0.0148403 0.0106025 0.00714154 0.00449421
 0.00787368 0.0128667 0.0195051 0.0277653 0.0373825 0.0476921 0.0576024 0.0658664 0.0715324 0.0742422 0.0741899 0.0718683 0.0678392 0.0626226 0.0566606 0.0503043 0.0438152 0.0373814 0.0311436 0.0252212 0.0197322 0.014802 0.0105553 0.00709015 0.00444526
 0.00787964 0.0128691 0.0194957 0.0277327 0.0373166 0.04759 0.0574732 0.0657309 0.071417 0.0741702 0.0741733 0.0719053 0.0679169 0.0627227 0.0567661 0.0504038 0.0439031 0.0374554 0.0312028 0.0252641 0.0197577 0.01481 0.0105481 0.00707254 0.0044232
 0.00789744 0.0128933 0.0195227 0.0277554 0.0373245 0.0475715 0.0574184 0.0656358 0.0712871 0.0740222 0.0740329 0.0717999 0.0678658 0.0627315 0.0568259 0.050497 0.04401 0.0375604 0.0312955 0.0253389 0.0198121 0.0148443 0.0105645 0.00707523 0.00441766
 0.0078958 0.012891 0.01952 0.0277519 0.0373191 0.0475611 0.0573978 0.0655983 0.0712269 0.0739378 0.0739299 0.0716921 0.0677727 0.0626724 0.0568138 0.0505334 0.0440855 0.0376587 0.031399 0.0254337 0.0198894 0.0149004 0.0106002 0.00709415 0.00442486
 0.00788389 0.0128703 0.0194862 0.0277011 0.0372486 0.0474719 0.0572961 0.0654942 0.0711315 0.0738587 0.0738699 0.0716501 0.0677479 0.0626667 0.0568323 0.0505814 0.0441644 0.0377628 0.0315168 0.025551 0.0199935 0.0149834 0.0106595 0.00713185 0.00444583
 0.00786299 0.0128341 0.0194279 0.0276132 0.0371252 0.0473123 0.0571072 0.0652918 0.0709375 0.0736963 0.0737576 0.0715975 0.067755 0.062726 0.0569324 0.0507114 0.0443153 0.037927 0.0316856 0.0257137 0.0201393 0.0151035 0.0107499 0.00719354 0.00448374
 0.00785827 0.0128237 0.0194071 0.0275756 0.0370638 0.0472213 0.0569847 0.0651415 0.0707692 0.0735252 0.0736025 0.0714775 0.0676851 0.0627136 0.0569763 0.0508031 0.0444424 0.0380761 0.0318439 0.0258697 0.0202823 0.0152248 0.0108444 0.00726066 0.00452684
 0.00783849 0.0127926 0.0193622 0.0275149 0.036986 0.0471259 0.0568725 0.0650151 0.0706335 0.073388 0.0734739 0.0713696 0.0676103 0.0626829 0.0569959 0.0508729 0.0445556 0.0382206 0.0320053 0.026033 0.0204344 0.0153558 0.0109482 0.0073359 0.00457643
 0.00777918 0.0126995 0.0192286 0.0273378 0.0367672 0.0468738 0.0566035 0.0647523 0.0704022 0.0732096 0.073361 0.0713257 0.0676322 0.0627639 0.0571285 0.0510491 0.044766 0.0384534 0.0322463 0.0262669 0.0206468 0.0155355 0.0110893 0.00743792 0.00464392
 0.0077635 0.0126663 0.0191647 0.0272268 0.0365948 0.0466348 0.0563082 0.064427 0.070084 0.0729355 0.0731601 0.0712141 0.067613 0.06283 0.0572663 0.0512423 0.0449982 0.0387088 0.0325092 0.0265218 0.0208791 0.0157335 0.0112459 0.00755209 0.00472012
 0.00773955 0.0126266 0.0191029 0.0271358 0.0364663 0.0464615 0.056086 0.0641594 0.069785 0.072631 0.0728845 0.071003 0.0674941 0.0628164 0.0573551 0.0514177 0.0452369 0.0389858 0.0328007 0.0268066 0.0211394 0.0159557 0.0114222 0.0076812 0.00480676
 0.00931861 0.0148361 0.0217679 0.0298727 0.0387949 0.0479824 0.0566209 0.063777 0.0687182 0.0711578 0.071242 0.0693583 0.0659534 0.0614435 0.0561846 0.0504617 0.0444891 0.0384262 0.0324015 0.026537 0.0209691 0.015857 0.0113713 0.00765912 0.00479973
 0.00929853 0.0150973 0.0226787 0.0318903 0.0422663 0.052875 0.0623527 0.0693107 0.0729297 0.0732786 0.0711123 0.0673692 0.062776 0.0577427 0.0524558 0.0470023 0.0414444 0.0358479 0.0302895 0.0248639 0.0196922 0.014924 0.0107238 0.00723615 0.00454201
 0.00897804 0.0145915 0.0219677 0.0310224 0.0414119 0.0523634 0.0626325 0.0707887 0.075725 0.0770403 0.0750628 0.0705988 0.0646217 0.0580183 0.051422 0.0451537 0.0392783 0.0337287 0.0284236 0.0233351 0.0185093 0.0140563 0.010122 0.00684398 0.00430378
 0.00879358 0.0142876 0.0215034 0.0303599 0.0405315 0.051292 0.0614819 0.0697836 0.0751873 0.0773014 0.0763123 0.0727405 0.0672395 0.0605095 0.0532417 0.046024 0.0392449 0.0330615 0.0274549 0.0223356 0.0176406 0.0133827 0.00964432 0.00653117 0.00411444
 0.00872364 0.014164 0.0212986 0.0300409 0.040066 0.0506597 0.0606891 0.0688776 0.0742685 0.0765285 0.0758892 0.0728657 0.0680195 0.0618739 0.0549232 0.0476426 0.0404603 0.0337037 0.0275572 0.0220688 0.0172092 0.0129457 0.00928792 0.00627996 0.00395681
 0.00871018 0.0141394 0.0212556 0.0299686 0.0399489 0.050478 0.0604212 0.0685063 0.0737912 0.075971 0.0753181 0.0723923 0.0677819 0.0619929 0.0554412 0.0484795 0.0414241 0.0345636 0.0281403 0.0223216 0.0171912 0.0127736 0.00907289 0.00609263 0.00382384
 0.00870257 0.0141275 0.0212383 0.0299444 0.0399154 0.0504304 0.0603516 0.0684027 0.073639 0.0757571 0.0750395 0.0720676 0.0674608 0.0617542 0.055372 0.0486368 0.0417978 0.0350668 0.0286413 0.0227022 0.0173947 0.0128152 0.00901247 0.00599538 0.00373434
 0.00868278 0.0140951 0.0211894 0.0298757 0.0398255 0.0503215 0.0602299 0.0682773 0.0735184 0.0756445 0.0749307 0.0719546 0.0673402 0.0616378 0.0552912 0.0486359 0.0419128 0.0353001 0.0289513 0.0230169 0.0176453 0.0129658 0.00906814 0.0059883 0.00370095
 0.00867331 0.0140801 0.0211676 0.0298459 0.0397865 0.0502722 0.0601699 0.0682075 0.0734414 0.0755647 0.0748526 0.0718806 0.0672703 0.0615717 0.0552338 0.0486015 0.0419227 0.0353726 0.0290869 0.0231924 0.0178213 0.0131053 0.00915313 0.00602294 0.00370295
 0.00865559 0.0140522 0.0211274 0.0297922 0.0397196 0.0501943 0.0600854 0.0681227 0.0733631 0.0754984 0.0748015 0.0718455 0.06725 0.0615638 0.0552366 0.0486159 0.0419541 0.0354293 0.0291746 0.023307 0.0179472 0.0132207 0.00924035 0.00607585 0.00372687
 0.00865908 0.0140576 0.0211348 0.0298013 0.0397293 0.0502025 0.0600892 0.0681187 0.0733485 0.0754718 0.0747638 0.0717997 0.0672 0.061514 0.0551911 0.0485786 0.0419297 0.0354231 0.0291909 0.0233465 0.018004 0.0132833 0.00929611 0.00611625 0.00375025
 0.00865605 0.0140518 0.0211244 0.0297844 0.0397045 0.05017 0.0600512 0.0680793 0.0733123 0.0754423 0.0747422 0.0717852 0.0671912 0.0615092 0.0551895 0.0485807 0.041937 0.0354379 0.0292159 0.0233828 0.0180496 0.0133328 0.00934219 0.0061528 0.00377473
 0.00864197 0.0140329 0.0211034 0.0297659 0.0396934 0.0501688 0.0600585 0.0680904 0.0733212 0.0754446 0.0747369 0.0717739 0.0671766 0.0614939 0.0551753 0.0485688 0.0419288 0.0354353 0.0292207 0.0233963 0.0180714 0.0133601 0.00937041 0.00617747 0.00379303
 0.00861186 0.0139856 0.0210356 0.0296766 0.0395852 0.0500494 0.0599408 0.0679905 0.0732538 0.075418 0.0747504 0.071819 0.0672419 0.0615689 0.0552523 0.0486432 0.0419981 0.0354986 0.0292784 0.0234491 0.0181198 0.0134036 0.00940778 0.00620719 0.0038144
 0.00862264 0.0139982 0.0210455 0.0296765 0.039567 0.0500075 0.059875 0.0679072 0.0731646 0.075337 0.07469 0.0717872 0.0672401 0.0615925 0.0552933 0.0486929 0.0420498 0.0355483 0.0293242 0.0234906 0.0181571 0.0134366 0.00943582 0.00622958 0.00383079
 0.00862264 0.0139982 0.0210455 0.0296765 0.039567 0.0500075 0.059875 0.0679072 0.0731646 0.075337 0.07469 0.0717872 0.0672401 0.0615925 0.0552933 0.0486929 0.0420498 0.0355483 0.0293242 0.0234906 0.0181571 0.0134366 0.00943582 0.00622958 0.00383079
 0.00896319 0.0145381 0.0218294 0.0307285 0.0408762 0.0515109 0.061446 0.0693656 0.0743159 0.0760255 0.0748414 0.0714194 0.0664443 0.0605002 0.0540434 0.0474081 0.0408239 0.0344438 0.0283764 0.0227139 0.0175499 0.0129861 0.00912074 0.00602349 0.00370572
 0.0088183 0.0143489 0.0216314 0.0305861 0.0408691 0.0517086 0.0618831 0.0700272 0.0751362 0.0768987 0.0756416 0.0720282 0.0667791 0.0605328 0.0538019 0.0469617 0.0402593 0.0338439 0.0278063 0.0222157 0.0171448 0.0126781 0.00890212 0.00587921 0.00361773
 0.00882228 0.0143288 0.0215553 0.0304167 0.0405838 0.0513269 0.0614821 0.0697284 0.0750624 0.0771211 0.0761461 0.0727191 0.0675141 0.0611708 0.0542415 0.047161 0.0402346 0.0336517 0.0275192 0.0219014 0.0168533 0.0124379 0.0087228 0.005757 0.00354161
#pred catch len freq
 0.00337447 0.00539516 0.0079852 0.011141 0.0148859 0.0192441 0.0241764 0.0295435 0.0351227 0.0406518 0.0458702 0.0505554 0.0545551 0.0577962 0.0602657 0.0619788 0.0629545 0.0631927 0.0626335 0.0610966 0.0582475 0.0536782 0.047146 0.0388671 0.0296422
 0.00361475 0.00573499 0.00840684 0.0116072 0.015365 0.0197406 0.0247426 0.0302523 0.0360095 0.0416586 0.0468333 0.0512527 0.054792 0.0574876 0.0594741 0.0608949 0.0618274 0.0622383 0.0619584 0.0606712 0.0579431 0.0533496 0.0467106 0.0383371 0.0290974
 0.00373193 0.00594498 0.00875552 0.0121407 0.0161094 0.0206787 0.0258042 0.0313367 0.0370314 0.0425854 0.0476752 0.0520083 0.0553937 0.0578005 0.0593593 0.0602961 0.0608186 0.0609991 0.0606927 0.0595204 0.0569469 0.0524708 0.0458984 0.0375781 0.0284231
 0.00389062 0.0061897 0.00910322 0.012609 0.0167259 0.021486 0.0268504 0.032644 0.0385596 0.0442149 0.0492331 0.0533253 0.0563518 0.0583378 0.059442 0.0598979 0.0599381 0.059696 0.0590988 0.057806 0.0552639 0.0509178 0.0445247 0.0364106 0.0274828
 0.00411092 0.00653324 0.00959334 0.0132589 0.0175394 0.0224602 0.0279781 0.033917 0.039969 0.0457422 0.0508281 0.054885 0.0577219 0.0593458 0.0599427 0.0598053 0.0592331 0.0584223 0.0573605 0.0557597 0.0530964 0.0488109 0.0426256 0.0348175 0.0262429
 0.00433523 0.00689114 0.0101204 0.0139862 0.0184911 0.0236478 0.0293915 0.0355171 0.0416883 0.0474956 0.0525269 0.0564451 0.0590601 0.0603686 0.0605418 0.0598699 0.0586789 0.0572228 0.0555676 0.0535066 0.0505821 0.0462671 0.0402734 0.0328251 0.0246998
 0.00460509 0.00731327 0.0107267 0.0148004 0.0195315 0.0249286 0.0309168 0.0372689 0.0436142 0.0495036 0.0544921 0.0582287 0.0605334 0.0614285 0.0611111 0.0598865 0.0580889 0.0559924 0.0537103 0.0511133 0.0478319 0.0434074 0.0375708 0.0305039 0.0228916
 0.00493266 0.00782541 0.0114608 0.0157814 0.0207731 0.0264332 0.0326713 0.0392368 0.0457309 0.051676 0.0566028 0.060143 0.0621124 0.0625462 0.0616693 0.0598203 0.0573631 0.0545975 0.0516722 0.0485163 0.0448418 0.0402699 0.034572 0.0279017 0.0208501
 0.005231 0.00829994 0.0121567 0.0167373 0.0220185 0.0279829 0.0345144 0.0413271 0.0479837 0.0539748 0.0588115 0.0621202 0.0637249 0.0636789 0.0622313 0.0597468 0.0566161 0.0531683 0.0495901 0.0458669 0.0417868 0.03705 0.0314742 0.0251945 0.0187128
 0.0055694 0.00882655 0.0129076 0.0177366 0.0232822 0.0295221 0.0363301 0.0433964 0.0502452 0.0563213 0.0610961 0.064176 0.065391 0.0648241 0.0627647 0.0596167 0.0558014 0.0516745 0.0474555 0.0431799 0.0387063 0.0338099 0.028355 0.0224623 0.016549
 0.00585956 0.00929 0.0135905 0.0186787 0.0245129 0.0310532 0.0381455 0.0454456 0.052445 0.0585635 0.0632564 0.0661198 0.0669819 0.0659362 0.0632972 0.0595041 0.0550163 0.0502252 0.0453872 0.0405855 0.0357417 0.0306979 0.0253609 0.0198378 0.0144672
 0.00607853 0.00964371 0.0141206 0.0194274 0.0255216 0.0323555 0.0397549 0.0473393 0.0545531 0.0607687 0.0654066 0.0680518 0.0685463 0.0670159 0.0638123 0.0594084 0.0542919 0.0488818 0.0434681 0.0381798 0.0329967 0.027821 0.022596 0.0174151 0.0125449
 0.00630314 0.00999799 0.0146352 0.0201283 0.0264313 0.0334934 0.0411312 0.0489447 0.0563482 0.0626767 0.0673134 0.0698156 0.070018 0.0680623 0.064336 0.0593552 0.0536479 0.0476658 0.0417297 0.0360066 0.0305252 0.0252383 0.0201196 0.0152488 0.0108276
 0.00654215 0.0103754 0.0151833 0.0208723 0.0273883 0.0346696 0.0425155 0.0505026 0.0580193 0.0643786 0.0689478 0.0712762 0.0711986 0.0688667 0.064688 0.059206 0.0529806 0.046496 0.0401056 0.0340126 0.0282874 0.0229235 0.0179169 0.0133325 0.00931456
 0.00672131 0.0106669 0.0156233 0.0214964 0.0282272 0.0357402 0.0438098 0.0519791 0.0596028 0.0659687 0.0704328 0.0725487 0.072168 0.0694673 0.0648791 0.058969 0.0523147 0.0454189 0.0386577 0.0322644 0.0263462 0.0209312 0.0160329 0.0117016 0.00803175
 0.00692508 0.010987 0.0160856 0.0221218 0.029033 0.0367402 0.0450075 0.0533555 0.0611048 0.0675042 0.071879 0.0737728 0.0730546 0.0699399 0.0649084 0.0585661 0.0515165 0.0442754 0.037228 0.030621 0.0245828 0.0191645 0.0143908 0.010298 0.0069379
 0.00706757 0.0112097 0.016405 0.0225502 0.0295798 0.0374135 0.0458123 0.0542888 0.0621489 0.0686206 0.0730039 0.074819 0.0739211 0.0705302 0.0651503 0.0584259 0.0510014 0.0434256 0.0361056 0.0293035 0.0231612 0.0177417 0.0130727 0.00917543 0.00606615
 0.00720064 0.0114037 0.0166562 0.0228426 0.0298923 0.037731 0.0461341 0.0546296 0.0625322 0.0690687 0.0735269 0.075405 0.0745312 0.0710992 0.0655972 0.0586714 0.0509871 0.0431272 0.0355379 0.0285158 0.0222296 0.0167589 0.0121338 0.0083611 0.0054268
 0.00737799 0.0116681 0.0170089 0.0232673 0.0303579 0.0381976 0.0465603 0.0549801 0.0627871 0.0692312 0.0736248 0.0754801 0.0746212 0.0712196 0.0657318 0.0587751 0.051 0.0429944 0.035228 0.0280324 0.0216121 0.0160733 0.0114572 0.00776247 0.00495115
 0.00749068 0.0118473 0.0172706 0.0236214 0.0308044 0.0387205 0.0471227 0.0555254 0.0632495 0.0695542 0.0737784 0.0754705 0.0744877 0.0710194 0.0655181 0.0585769 0.0508135 0.0427897 0.0349666 0.0276882 0.0211857 0.0155945 0.010975 0.00732797 0.00460115
 0.00750897 0.011889 0.017356 0.0237784 0.0310628 0.0391028 0.0476326 0.0561384 0.0639114 0.0701864 0.0742937 0.0757952 0.0745834 0.0708949 0.0652236 0.0581831 0.0503848 0.042365 0.0345557 0.0272828 0.0207771 0.015187 0.0105881 0.00698844 0.00433056
 0.00763121 0.0120622 0.0175707 0.0240135 0.0312965 0.0393277 0.047864 0.0564086 0.0642493 0.0705953 0.0747382 0.0762072 0.0748831 0.071019 0.0651464 0.0579232 0.0499942 0.0419072 0.034084 0.02683 0.0203578 0.0148074 0.0102552 0.00671138 0.00411664
 0.00762014 0.0120579 0.0175883 0.0240722 0.0314111 0.0394977 0.0480686 0.0566152 0.0644323 0.0707525 0.074891 0.0763814 0.075084 0.0712192 0.0652961 0.0579743 0.0499232 0.0417231 0.0338201 0.0265272 0.0200512 0.0145215 0.0100052 0.00650632 0.00396043
 0.0074853 0.0118602 0.0173318 0.0237773 0.0311126 0.0392374 0.0478876 0.0565436 0.0644804 0.0709069 0.0751214 0.0766551 0.0753792 0.0715249 0.0656007 0.0582555 0.0501494 0.0418659 0.0338681 0.02649 0.0199535 0.0143927 0.00987116 0.00638569 0.00386373
 0.00749914 0.0118602 0.0172914 0.023661 0.0308889 0.0388987 0.0474645 0.0561044 0.0641118 0.0706843 0.0750845 0.0767987 0.0756616 0.0718877 0.0659883 0.0586251 0.0504715 0.0421203 0.0340427 0.0265828 0.0199746 0.0143619 0.00981206 0.00631929 0.00380451
 0.00747301 0.0118191 0.0172302 0.0235703 0.0307511 0.0386853 0.0471422 0.0556519 0.0635429 0.0700644 0.0745224 0.0764131 0.075537 0.0720438 0.0663791 0.0591635 0.0510613 0.0426814 0.0345211 0.0269518 0.0202304 0.0145177 0.00989144 0.00634859 0.00380685
