SBPRF35
7.78865
Curr Bio
573827
B35
664368
F35
0.211225
FOFL
0.166725
OFL
70095.8
Bzero
2.22533e+006
#pred survey bio
 3.73238e+006 3.37776e+006 3.03274e+006 2.72411e+006 2.42771e+006 2.14935e+006 1.88968e+006 1.64586e+006 1.42935e+006 1.25008e+006 1.11116e+006 1.00246e+006 898560 820955 757388 728581 688833 658943 652435 633218 616208 602682 604047 589192 595472 584595 583997 589537 582314 575395 574053 559883 549616 546408 553657 559672 575035 566504 571531 575297 582840 577786 585654 581368 580039 565156 558179 586894 589309 579252 1.87719e+007 1.10047e+007 1.10998e+007 1.17531e+007 1.27084e+007 1.37224e+007 1.46474e+007 1.54196e+007 1.60289e+007 1.64918e+007 1.6835e+007 1.70853e+007 1.72663e+007 1.73965e+007 1.74902e+007 1.75576e+007 1.76065e+007 1.7642e+007 1.7668e+007 1.76872e+007 1.77013e+007 1.77119e+007 1.77198e+007 1.77258e+007 1.77303e+007 1.77338e+007 1.77364e+007 1.77384e+007 1.77399e+007 1.7741e+007 1.77419e+007 1.77426e+007 1.77432e+007 1.77436e+007 1.77439e+007 1.77441e+007 1.77443e+007 1.77445e+007 1.77446e+007 1.77447e+007 1.77447e+007 1.77448e+007 1.77448e+007 1.77448e+007 1.77449e+007 1.77449e+007 1.77449e+007 1.77449e+007 1.77449e+007 1.77449e+007 1.77449e+007 1.77449e+007 1.77449e+007 1.77449e+007 1.77449e+007 1.7745e+007 1.7745e+007 1.7745e+007 1.7745e+007 1.7745e+007 1.7745e+007 1.7745e+007 1.7745e+007 1.7745e+007 1.7745e+007 1.7745e+007 1.7745e+007 1.7745e+007 1.7745e+007 1.7745e+007 1.7745e+007 1.7745e+007 1.7745e+007 1.7745e+007 1.7745e+007 1.7745e+007 1.7745e+007 1.7745e+007 1.7745e+007 1.7745e+007 1.7745e+007 1.7745e+007 1.7745e+007 1.7745e+007 1.7745e+007 1.7745e+007 1.7745e+007 1.7745e+007 1.7745e+007 1.7745e+007 1.7745e+007 1.7745e+007 1.7745e+007 1.7745e+007 1.7745e+007 1.7745e+007 1.7745e+007 1.7745e+007 1.7745e+007 1.7745e+007 0 0 0 0 0 0 0 0 0 0 0 0 0 0 0 0 0 0 0 0 0 0 0 0 0
#obs survey bio
 2.94819e+006 2.78793e+006 2.0493e+006 1.62945e+006 1.86467e+006 1.47226e+006 1.8108e+006 1.70822e+006 1.02795e+006 1.04601e+006 1.34388e+006 646479 851395 531724 693624 524158 530950 437879 502002 558852 467894 503922 735170 481817 541285 405086 617125 569076 524362 289029 603489 456590 656683 754112 507770 573588 741368 430182 462125 532442 526820 481466 641242 521471 460364 387531 654970 570558 647887 649441
#pred catch bio
 266172 278642 271763 287591 296285 300875 303401 291290 267026 237309 214237 210787 187070 172629 140451 146460 134282 112738 122389 118586 113553 99408.8 110823 91014.9 103458 92613.4 85982.4 94620.6 91745.2 84559.6 92523.5 88157.9 84867.4 80300 84483 78351.1 98588.5 87063.7 88694.7 85933.9 96515.1 85684 95852 93027.6 103892 96251.1 66293.7 87321.8 93959.8 115352 70095.8 84628.2 83929.1 87509 94121.5 101433 108073 113504 117661 120701 122851 124333 125335 126003 126443 126730 126915 127035 127112 127160 127191 127211 127224 127232 127237 127240 127242 127243 127244 127244 127244 127245 127245 127245 127245 127245 127245 127245 127245 127245 127245 127245 127245 127245 127245 127245 127245 127245 127245 127245 127245 127245 127245 127245 127245 127245 127245 127245 127245 127245 127245 127245 127245 127245 127245 127245 127245 127245 127245 127245 127245 127245 127245 127245 127245 127245 127245 127245 127245 127245 127245 127245 127245 127245 127245 127245 127245 127245 127245 127245 127245 127245 127245 127245 127245 127245 127245 127245 127245 127245 0 0 0 0 0 0 0 0 0 0 0 0 0 0 0 0 0 0 0 0 0 0 0 0 0
#obs catch bio
 239648 279509 274058 292214 301948 307664 310905 298072 273979 243759 219184 216737 191489 178174 143309 150038 137115 114217 124987 121332 116122 101207 112974 92224.3 105310 93846 86908.2 95930.9 92672.4 85636 93512.4 89357.2 85482.3 80456.1 84855.1 78329.9 98847.1 87184.6 89308.4 86165.8 97079.6 85920.6 96243 93132.8 104679 97442.9 66345.1 88016.6 94078.9 115616
#pred cpue bio
 3.66584e+006 3.31557e+006 2.974e+006 2.66649e+006 2.37141e+006 2.09498e+006 1.83757e+006 1.59641e+006 1.38255e+006 1.20551e+006 1.06849e+006 961497 859597 783683 721930 694289 656168 627500 621215 602520 586167 573329 575035 561087 567564 557427 557167 562928 556405 550077 549263 536013 525600 521137 527150 532807 547966 539904 544684 548278 555653 550766 558399 554318 552998 538461 531731 560063 563241 554342 1.79774e+007 1.05444e+007 1.05198e+007 1.10327e+007 1.19375e+007 1.29393e+007 1.38618e+007 1.46336e+007 1.52427e+007 1.57057e+007 1.60488e+007 1.62991e+007 1.64801e+007 1.66103e+007 1.6704e+007 1.67715e+007 1.68203e+007 1.68558e+007 1.68818e+007 1.6901e+007 1.69152e+007 1.69257e+007 1.69337e+007 1.69396e+007 1.69441e+007 1.69476e+007 1.69502e+007 1.69522e+007 1.69537e+007 1.69549e+007 1.69558e+007 1.69564e+007 1.6957e+007 1.69574e+007 1.69577e+007 1.69579e+007 1.69581e+007 1.69583e+007 1.69584e+007 1.69585e+007 1.69585e+007 1.69586e+007 1.69586e+007 1.69587e+007 1.69587e+007 1.69587e+007 1.69587e+007 1.69587e+007 1.69587e+007 1.69587e+007 1.69588e+007 1.69588e+007 1.69588e+007 1.69588e+007 1.69588e+007 1.69588e+007 1.69588e+007 1.69588e+007 1.69588e+007 1.69588e+007 1.69588e+007 1.69588e+007 1.69588e+007 1.69588e+007 1.69588e+007 1.69588e+007 1.69588e+007 1.69588e+007 1.69588e+007 1.69588e+007 1.69588e+007 1.69588e+007 1.69588e+007 1.69588e+007 1.69588e+007 1.69588e+007 1.69588e+007 1.69588e+007 1.69588e+007 1.69588e+007 1.69588e+007 1.69588e+007 1.69588e+007 1.69588e+007 1.69588e+007 1.69588e+007 1.69588e+007 1.69588e+007 1.69588e+007 1.69588e+007 1.69588e+007 1.69588e+007 1.69588e+007 1.69588e+007 1.69588e+007 1.69588e+007 1.69588e+007 1.69588e+007 1.69588e+007 1.69588e+007 0 0 0 0 0 0 0 0 0 0 0 0 0 0 0 0 0 0 0 0 0 0 0 0 0
#obs cpue bio
 3.0912e+006 3.02504e+006 1.53528e+006 1.93564e+006 2.23805e+006 2.11825e+006 1.5355e+006 1.42416e+006 1.18118e+006 889548 770291 926027 734027 526122 728450 715300 696592 858342 475677 408490 574627 479800 514763 464624 561032 688434 452710 497554 657101 587580 701242 389107 645971 498127 515574 553173 505266 557986 448170 682063 584942 572495 563775 625608 498674 500675 472559 565045 710202 591786
#pred surv len freq
 0.00524651 0.00859261 0.0130669 0.0186803 0.025294 0.0325143 0.039673 0.0460027 0.0509286 0.0542574 0.0561435 0.0569154 0.0569167 0.0564239 0.0556181 0.0545822 0.0533177 0.0517684 0.0498315 0.0473428 0.0440676 0.0397535 0.0342782 0.0278267 0.0209575
 0.00567094 0.00916532 0.0137184 0.0192903 0.0257466 0.0327737 0.0398275 0.0462351 0.0514179 0.0550698 0.0571815 0.0579556 0.0577084 0.05679 0.0555124 0.0540859 0.0525876 0.0509635 0.0490496 0.0465958 0.0433055 0.038923 0.0333761 0.0269155 0.0201341
 0.00611296 0.00989229 0.0148185 0.0208258 0.0277126 0.0350524 0.0421741 0.0483325 0.0529959 0.0560209 0.0575872 0.0579993 0.0575408 0.056446 0.0549274 0.0531795 0.0513419 0.0494456 0.0473757 0.0448757 0.041611 0.0372954 0.0318567 0.0255636 0.0190163
 0.00637729 0.0103411 0.0155312 0.0218923 0.0292175 0.0370432 0.0446197 0.0510891 0.055805 0.0585538 0.0595328 0.0591607 0.0578881 0.0560906 0.0540336 0.0518803 0.0497113 0.0475289 0.0452339 0.0426034 0.0393237 0.035109 0.0298761 0.0238763 0.0176811
 0.00662884 0.0107477 0.0161405 0.0227523 0.0303741 0.0385338 0.0464597 0.0532563 0.058223 0.0610793 0.0619535 0.0612182 0.0593321 0.0567483 0.0538577 0.0509432 0.0481547 0.045507 0.0428867 0.0400627 0.0367288 0.0326096 0.0276179 0.0219769 0.016207
 0.00688897 0.0111684 0.0167696 0.0236326 0.0315363 0.0399848 0.048173 0.055171 0.0602563 0.0631421 0.0639539 0.0630483 0.060853 0.0577947 0.0542712 0.0506214 0.0470862 0.0437736 0.0406367 0.037479 0.0340081 0.0299503 0.0252033 0.0199506 0.0146465
 0.00712555 0.0115582 0.0173656 0.0244871 0.0326894 0.0414481 0.0499122 0.057102 0.06226 0.0650921 0.0657406 0.064589 0.0620837 0.0586512 0.0546748 0.0504825 0.046331 0.0423803 0.0386623 0.0350621 0.0313496 0.0272809 0.022745 0.0178766 0.0130503
 0.00743295 0.0120448 0.018074 0.0254492 0.0339229 0.0429494 0.0516465 0.0589968 0.0642096 0.0669721 0.0674286 0.0659817 0.0631076 0.0592623 0.054847 0.0501912 0.0455463 0.0410787 0.0368553 0.0328266 0.028839 0.0247079 0.020338 0.015826 0.0114653
 0.00778366 0.0126026 0.0188895 0.0265592 0.0353409 0.0446535 0.0535685 0.0610222 0.0661972 0.0687839 0.0689535 0.0671437 0.0638616 0.059587 0.0547372 0.0496508 0.0445804 0.0396932 0.0350687 0.0306938 0.0264737 0.0222831 0.0180567 0.0138698 0.00994581
 0.00805703 0.0130506 0.0195697 0.0275252 0.0366296 0.0462651 0.0554473 0.0630529 0.0682227 0.0706394 0.0704986 0.0682814 0.0645421 0.0598 0.0544996 0.0489929 0.0435348 0.0382905 0.0333438 0.0287019 0.0243091 0.0200858 0.0159948 0.0120991 0.00856621
 0.00830489 0.0134405 0.0201331 0.0282851 0.0375996 0.0474467 0.0568226 0.0645764 0.0698178 0.072203 0.0719132 0.0694327 0.065337 0.0601807 0.0544475 0.0485223 0.0426804 0.0370965 0.0318605 0.0269923 0.0224607 0.0182171 0.014244 0.0105945 0.00739118
 0.00847196 0.0137158 0.0205535 0.0288853 0.038403 0.0484525 0.0579957 0.0658483 0.0711023 0.073417 0.0729897 0.0703186 0.0659859 0.0605485 0.0544972 0.048233 0.0420538 0.0361569 0.030652 0.0255778 0.0209243 0.016664 0.0127906 0.00934633 0.00641612
 0.00865484 0.0140129 0.0210002 0.0295137 0.039235 0.0494888 0.059204 0.0671585 0.0724152 0.0746236 0.0739934 0.0710515 0.066414 0.0606665 0.0543171 0.0477727 0.041333 0.0351994 0.0294924 0.0242675 0.019535 0.0152853 0.0115192 0.00826662 0.00557948
 0.00869178 0.0140879 0.0211411 0.0297566 0.0396173 0.0500367 0.0599204 0.0680173 0.073364 0.0755927 0.0749054 0.0718311 0.0669974 0.0610096 0.0543993 0.0475951 0.0409112 0.0345586 0.0286654 0.0232989 0.0184846 0.0142279 0.0105356 0.00742703 0.00492706
 0.00876473 0.0141947 0.0212811 0.0299249 0.0398107 0.0502612 0.0601942 0.0683657 0.0738063 0.0761282 0.0755062 0.072445 0.0675589 0.0614544 0.0546755 0.0476702 0.0407738 0.0342163 0.0281423 0.0226335 0.0177294 0.013447 0.00979696 0.00679005 0.00442885
 0.0087088 0.0141034 0.0211432 0.0297309 0.0395559 0.0499516 0.0598529 0.0680362 0.0735497 0.076012 0.0755864 0.0727473 0.0680656 0.0621039 0.055376 0.048322 0.0412917 0.034544 0.0282579 0.0225479 0.0174809 0.0130931 0.0094031 0.00641667 0.00411897
 0.00879623 0.0142344 0.021319 0.0299434 0.0397877 0.0501775 0.0600423 0.0681585 0.073583 0.0759535 0.0754592 0.0725975 0.0679486 0.062064 0.0554288 0.0484474 0.0414409 0.0346574 0.0282854 0.0224635 0.0172885 0.0128224 0.00909926 0.00612586 0.0038759
 0.00904003 0.0145842 0.0217591 0.0304293 0.0402579 0.0505734 0.0603237 0.0683079 0.0736002 0.0758493 0.0752522 0.0723157 0.0676298 0.0617529 0.0551672 0.0482615 0.0413316 0.0345998 0.0282389 0.022389 0.0171635 0.012648 0.0088966 0.00592494 0.00370319
 0.00901969 0.0145731 0.0217808 0.0305139 0.0404274 0.0508227 0.0606099 0.0685599 0.0737475 0.0758542 0.0751246 0.0721026 0.067391 0.0615386 0.055009 0.0481729 0.041311 0.0346316 0.0282961 0.0224394 0.0171802 0.0126191 0.00882764 0.00583444 0.00361257
 0.00897542 0.0145206 0.0217388 0.0305139 0.0405084 0.0510187 0.060936 0.069 0.0742495 0.0763365 0.0754964 0.0722928 0.0673736 0.0613394 0.0546912 0.0478108 0.0409666 0.0343419 0.0280718 0.022271 0.0170485 0.0125059 0.0087232 0.00573852 0.0035305
 0.00896843 0.014501 0.0216953 0.0304351 0.0403899 0.050874 0.0608016 0.0689294 0.0742942 0.0765211 0.0758023 0.0726599 0.0677197 0.0615904 0.0548065 0.047793 0.0408524 0.0341815 0.0279082 0.022129 0.0169343 0.0124145 0.00864727 0.00567399 0.00347718
 0.00893206 0.0144477 0.0216253 0.0303509 0.0402939 0.050766 0.06068 0.0687966 0.0741647 0.0764251 0.0757781 0.0727371 0.0679005 0.0618424 0.0550736 0.0480178 0.0409988 0.0342441 0.0279059 0.02209 0.0168825 0.0123635 0.00860215 0.00563555 0.00344563
 0.00879848 0.0142353 0.0213156 0.029933 0.0397703 0.0501591 0.0600365 0.0681837 0.0736557 0.0760813 0.0756372 0.0728107 0.068178 0.0622932 0.0556469 0.0486471 0.0416132 0.0347854 0.0283409 0.0224128 0.0171064 0.0125099 0.00869202 0.00568626 0.00347081
 0.00885154 0.0143092 0.0214035 0.0300189 0.0398313 0.0501705 0.0599776 0.0680435 0.073438 0.0758071 0.0753427 0.0725401 0.0679736 0.0621858 0.0556497 0.0487523 0.041794 0.0350024 0.0285538 0.0225917 0.0172377 0.0125948 0.00874032 0.00570986 0.00347993
 0.0087035 0.0140825 0.0210885 0.0296164 0.0393526 0.0496361 0.0594172 0.0674957 0.0729467 0.0754151 0.0750852 0.0724406 0.0680417 0.0624169 0.0560252 0.049241 0.0423538 0.0355848 0.0291103 0.0230816 0.0176351 0.0128917 0.00894437 0.00583879 0.00355458
 0.00874797 0.0141411 0.0211512 0.0296655 0.0393669 0.0495984 0.0593204 0.0673432 0.0727492 0.0751861 0.0748395 0.072196 0.0678211 0.0622471 0.0559317 0.0492409 0.0424495 0.0357617 0.0293397 0.0233279 0.017865 0.0130819 0.0090852 0.0059324 0.00361053
 0.00866416 0.0140171 0.020987 0.0294678 0.0391456 0.0493622 0.0590739 0.0670901 0.072497 0.0749499 0.0746407 0.0720562 0.0677557 0.0622627 0.0560273 0.0494109 0.0426853 0.0360497 0.0296592 0.0236521 0.0181657 0.013336 0.00928017 0.00606794 0.00369569
 0.00849428 0.0137543 0.0206176 0.0289905 0.0385748 0.0487299 0.0584302 0.0664976 0.0720175 0.0746282 0.0744951 0.0720803 0.067928 0.0625561 0.0564142 0.0498649 0.0431809 0.0365624 0.0301649 0.0241267 0.0185863 0.0136846 0.00954769 0.00625634 0.00381658
 0.00849519 0.0137425 0.0205755 0.028894 0.0384001 0.0484635 0.058079 0.0660904 0.0715994 0.0742484 0.0741953 0.0718872 0.0678512 0.0625909 0.0565469 0.0500778 0.0434552 0.0368787 0.0305026 0.0244639 0.0189009 0.0139573 0.00976568 0.00641573 0.00392244
 0.00836635 0.0135614 0.0203544 0.0286593 0.0381816 0.0482786 0.0579227 0.0659395 0.0714284 0.0740479 0.0739807 0.0716934 0.067718 0.0625479 0.056606 0.0502331 0.0436891 0.0371674 0.0308209 0.0247869 0.0192054 0.014224 0.00998126 0.00657558 0.00403036
 0.00826284 0.0133829 0.0200691 0.0282379 0.0376112 0.0475812 0.0571649 0.0652221 0.0708536 0.0736826 0.0738377 0.071742 0.0679111 0.0628456 0.0569833 0.0506743 0.044178 0.037683 0.0313372 0.0252765 0.0196438 0.0145927 0.0102706 0.00678572 0.00417041
 0.00888604 0.0142591 0.0211331 0.0293404 0.0385568 0.0481932 0.0573419 0.0649597 0.0702309 0.0728298 0.0728987 0.0708413 0.0671318 0.062224 0.0565208 0.0503559 0.0439861 0.0376005 0.0313454 0.0253523 0.0197607 0.0147241 0.0103946 0.00688791 0.00424509
 0.00944844 0.0151545 0.0224369 0.0310863 0.0407028 0.0505844 0.0596954 0.0669064 0.0714221 0.073062 0.0721856 0.0693909 0.0652512 0.0602135 0.0546045 0.0486636 0.0425704 0.0364665 0.0304737 0.0247127 0.0193169 0.0144362 0.0102221 0.00679379 0.0041991
 0.00943466 0.015208 0.0226577 0.0316138 0.0416792 0.0520932 0.0617015 0.0692283 0.0737541 0.0750407 0.0734814 0.0697977 0.0647435 0.0589446 0.0528455 0.0467126 0.0406749 0.0347865 0.0290849 0.0236292 0.018516 0.0138766 0.00985477 0.00656895 0.00407177
 0.00914885 0.0147847 0.022103 0.0309749 0.0410506 0.0516148 0.0615427 0.069551 0.0746509 0.0764729 0.0752534 0.0715952 0.0662271 0.0598579 0.0530887 0.0463532 0.039898 0.0338158 0.0281133 0.0227825 0.0178509 0.0133977 0.00953654 0.00637374 0.00396165
 0.00899396 0.0145288 0.0217123 0.0304221 0.0403288 0.0507581 0.0606437 0.0687614 0.0741547 0.0764361 0.0757662 0.0726271 0.0676166 0.0613474 0.0544 0.0472744 0.0403433 0.0338317 0.0278351 0.0223691 0.017432 0.0130496 0.00928558 0.00621297 0.00386918
 0.00887473 0.0143301 0.0214043 0.0299737 0.0397148 0.049971 0.0597085 0.067746 0.0731715 0.0756304 0.0752917 0.0726091 0.068109 0.0623002 0.0556568 0.0486104 0.0415344 0.0347235 0.028379 0.0226127 0.0174747 0.0129942 0.00920585 0.00614668 0.00382661
 0.0090543 0.0145974 0.0217591 0.0303952 0.0401617 0.0503842 0.060017 0.067877 0.0730686 0.0752771 0.0747296 0.0719399 0.067473 0.0618354 0.0554508 0.0486679 0.041776 0.0350223 0.0286159 0.0227211 0.0174535 0.0128878 0.00907083 0.00602564 0.00373884
 0.00899478 0.0145248 0.0216938 0.030369 0.0402065 0.0505151 0.0602186 0.0681023 0.0732526 0.0753576 0.0746676 0.0717333 0.0671614 0.0614933 0.0551685 0.0485201 0.0417928 0.0351762 0.0288359 0.0229273 0.0175916 0.0129442 0.00906499 0.00598928 0.00369826
 0.00896396 0.0144707 0.0216066 0.0302418 0.0400417 0.0503324 0.0600568 0.0680091 0.073263 0.0754729 0.0748486 0.071915 0.0672821 0.0615224 0.0551184 0.0484379 0.0417361 0.0351846 0.028914 0.0230467 0.0177105 0.0130304 0.00910805 0.00599773 0.00368841
 0.00892647 0.0144093 0.0215131 0.030108 0.0398612 0.0501038 0.0597888 0.067725 0.0730011 0.0752796 0.0747639 0.0719556 0.0674315 0.0617359 0.0553433 0.0486369 0.0418999 0.0353265 0.0290527 0.0231896 0.0178491 0.0131481 0.00919246 0.00604731 0.00371102
 0.00896733 0.0144774 0.0216179 0.0302571 0.0400559 0.0503334 0.0600268 0.067932 0.0731357 0.0753137 0.0746943 0.0718052 0.0672391 0.0615395 0.0551666 0.0484858 0.04177 0.0352145 0.0289612 0.023124 0.0178109 0.0131315 0.00918746 0.00604521 0.00370765
 0.00887524 0.0143365 0.0214233 0.0300121 0.0397739 0.050038 0.0597507 0.0677115 0.0730006 0.0752767 0.074747 0.0719239 0.0673971 0.0617171 0.0553534 0.0486766 0.0419592 0.0353941 0.0291234 0.0232643 0.0179278 0.0132254 0.00925866 0.00609489 0.00373865
 0.00895431 0.0144484 0.0215608 0.0301578 0.0399047 0.0501332 0.0597983 0.067711 0.072961 0.075212 0.0746709 0.071846 0.0673207 0.0616414 0.0552774 0.0486024 0.0418919 0.0353394 0.0290842 0.0232404 0.0179166 0.0132232 0.0092616 0.00609958 0.00374278
 0.00894017 0.0144386 0.0215694 0.0302036 0.0400027 0.0502842 0.0599815 0.0678879 0.07309 0.0752659 0.074647 0.0717628 0.0672063 0.0615209 0.0551662 0.0485062 0.0418113 0.0352736 0.0290332 0.0232039 0.0178936 0.013211 0.00925696 0.00609915 0.00374397
 0.0089284 0.0144366 0.021598 0.030293 0.0401851 0.0505806 0.0603892 0.0683737 0.0735938 0.075713 0.0749663 0.0719056 0.0671596 0.0613083 0.0548369 0.0481179 0.0414144 0.0349041 0.028712 0.0229405 0.0176892 0.0130614 0.00915431 0.00603341 0.00370489
 0.00880895 0.0142555 0.0213515 0.0299901 0.0398503 0.0502544 0.0601259 0.0682322 0.0736205 0.0759221 0.075329 0.0723556 0.067613 0.0616907 0.055103 0.0482581 0.0414485 0.0348666 0.0286384 0.0228581 0.0176149 0.013003 0.00911301 0.00600693 0.00368944
 0.00841116 0.0136303 0.0204531 0.0287974 0.0383787 0.0485709 0.0583606 0.0665737 0.072283 0.0750937 0.0751228 0.0727832 0.0685873 0.0630519 0.0566594 0.0498295 0.0428984 0.0361155 0.0296582 0.023656 0.018216 0.0134386 0.00941483 0.00620493 0.00381112
 0.00817488 0.0132682 0.0199486 0.0281477 0.0375926 0.0476655 0.0573641 0.0655319 0.0712669 0.0741996 0.074461 0.0724567 0.0686635 0.0635388 0.0574974 0.050904 0.0440693 0.0372523 0.0306658 0.0244846 0.0188552 0.0139043 0.00973571 0.00641343 0.00393801
 0.00780582 0.0127226 0.0192288 0.027292 0.0366644 0.0467348 0.0564919 0.0647628 0.0706286 0.073706 0.074121 0.0722851 0.0686886 0.0637965 0.0580112 0.0516623 0.0450142 0.0382889 0.0316873 0.0254002 0.0196088 0.0144777 0.0101409 0.00667957 0.00410023
#obs surv len freq
 0.00496642 0.00813568 0.0123763 0.0177024 0.0239882 0.0308687 0.0377184 0.0438134 0.0486024 0.051882 0.0537682 0.0545438 0.0545275 0.0540172 0.0532757 0.0525198 0.051897 0.0514433 0.0510204 0.0502586 0.0485752 0.0453393 0.0401737 0.0332467 0.0253395
 0.00517855 0.0084809 0.0128966 0.0184376 0.0249686 0.032104 0.0391855 0.0454521 0.0503225 0.0535796 0.0553408 0.0558976 0.0555791 0.0546926 0.0535123 0.0522714 0.0511434 0.0501996 0.0493445 0.0482532 0.0463842 0.0431346 0.038131 0.0315119 0.0239977
 0.00540059 0.00884669 0.013456 0.0192397 0.0260521 0.0334813 0.0408276 0.047284 0.052235 0.0554518 0.0570596 0.0573678 0.0567233 0.0554468 0.0538217 0.0520888 0.0504339 0.0489525 0.0475894 0.0460764 0.0439342 0.0406109 0.0357515 0.0294662 0.0224023
 0.00563009 0.00922187 0.0140248 0.020049 0.0271398 0.034863 0.0424825 0.0491474 0.0542055 0.0574085 0.0588809 0.0589446 0.0579658 0.0562855 0.0542034 0.0519711 0.0497826 0.0477481 0.0458441 0.0438568 0.0413785 0.0379255 0.0331779 0.0272251 0.0206377
 0.00586671 0.00961043 0.0146168 0.0208947 0.0282786 0.036308 0.044205 0.0510722 0.0562225 0.0593943 0.0607177 0.0605305 0.0592165 0.0571331 0.054594 0.0518623 0.049141 0.0465532 0.0441015 0.0416211 0.0387762 0.0351586 0.0304956 0.0248654 0.0187639
 0.00611733 0.0100186 0.0152326 0.0217655 0.0294405 0.0377721 0.0459425 0.0530086 0.058247 0.0613801 0.0625429 0.062091 0.0604302 0.0579388 0.0549465 0.0517267 0.048489 0.0453656 0.0423809 0.0394147 0.0361992 0.0324029 0.0278056 0.0224822 0.0168588
 0.0063635 0.0104256 0.0158575 0.0226646 0.0306574 0.0393187 0.0477807 0.0550456 0.0603509 0.063408 0.0643656 0.0636057 0.0615628 0.0586396 0.0551841 0.051481 0.0477458 0.0441163 0.0406329 0.0372127 0.0336497 0.0296851 0.0251519 0.0201256 0.0149687
 0.00662583 0.0108506 0.0164945 0.0235594 0.0318442 0.0408074 0.049542 0.0570038 0.062391 0.0653942 0.0661633 0.065099 0.062664 0.0592929 0.0553614 0.0511732 0.0469535 0.042846 0.0389032 0.0350719 0.0311986 0.0270885 0.0226235 0.0178812 0.0131668
 0.00681986 0.0111786 0.0170111 0.0243224 0.0329012 0.0421757 0.0511899 0.0588466 0.0643066 0.0672503 0.0678396 0.0664968 0.0637072 0.0599264 0.0555501 0.0509007 0.0462185 0.0416597 0.037292 0.0330892 0.0289416 0.0247086 0.0203127 0.0158326 0.011522
 0.00706478 0.0115702 0.0175888 0.0251199 0.0339425 0.0434669 0.0527087 0.0605339 0.066069 0.0689719 0.0693997 0.0677874 0.0646455 0.0604595 0.0556527 0.0505673 0.0454568 0.0404873 0.0357404 0.0312143 0.0268376 0.0225142 0.0181994 0.0139696 0.0100318
 0.00724858 0.0118791 0.0180715 0.0258259 0.0349092 0.044701 0.0541698 0.0621348 0.0676938 0.0705046 0.0707447 0.0688738 0.065422 0.0608886 0.0557097 0.0502412 0.0447502 0.0394162 0.0343362 0.0295315 0.0249633 0.0205728 0.0163407 0.0123389 0.00873191
 0.00742676 0.0121684 0.0185069 0.0264408 0.0357303 0.0457393 0.0554088 0.0635226 0.0691456 0.0719147 0.0720044 0.06989 0.0661292 0.0612524 0.0557203 0.0499046 0.0440803 0.0384334 0.0330716 0.0280352 0.0233137 0.0188786 0.0147303 0.0109342 0.00761751
 0.00750547 0.0122999 0.0187116 0.026741 0.0361472 0.0462876 0.0560909 0.0643254 0.0700408 0.0728614 0.0729507 0.0707739 0.0668825 0.061809 0.0560268 0.0499265 0.0438043 0.0378646 0.0322329 0.0269696 0.0220894 0.0175896 0.0134862 0.00983909 0.00674376
 0.00762737 0.0124897 0.0189818 0.0270981 0.0365915 0.0468128 0.0566832 0.0649631 0.0706969 0.0735075 0.073561 0.0713246 0.0673487 0.0621616 0.0562318 0.0499494 0.0436166 0.0374512 0.031598 0.0261411 0.0211213 0.0165599 0.0124869 0.00895683 0.00603901
 0.00764288 0.0125179 0.0190297 0.0271742 0.0367043 0.0469682 0.056883 0.0652051 0.0709772 0.0738232 0.0739097 0.0717016 0.0677418 0.0625475 0.056576 0.0502089 0.0437465 0.0374136 0.0313712 0.0257283 0.0205547 0.0158992 0.0118084 0.00833593 0.00553131
 0.00773771 0.0126579 0.0192145 0.0273947 0.0369459 0.0472161 0.0571258 0.0654353 0.0711895 0.0740141 0.0740777 0.0718483 0.0678718 0.0626647 0.0566786 0.0502845 0.0437711 0.0373564 0.031204 0.0254373 0.0201496 0.0154159 0.0113018 0.00786496 0.00514178
 0.00776564 0.0127053 0.0192886 0.0275019 0.0370881 0.0473871 0.057309 0.0656076 0.07133 0.0741133 0.0741411 0.0718922 0.0679142 0.0627179 0.0567449 0.0503559 0.0438302 0.0373784 0.031162 0.0253105 0.0199336 0.0151274 0.0109769 0.00754783 0.00487043
 0.00780134 0.0127545 0.0193469 0.0275608 0.0371387 0.0474252 0.0573382 0.0656366 0.0713674 0.0741614 0.0741954 0.0719458 0.067964 0.0627664 0.0567974 0.0504151 0.0438911 0.0374269 0.0311778 0.0252741 0.0198338 0.0149689 0.0107803 0.0073437 0.0046881
 0.0078504 0.0128297 0.0194509 0.0276916 0.0372886 0.0475803 0.0574796 0.0657446 0.071428 0.0741719 0.0741656 0.0718926 0.0679035 0.0627096 0.0567502 0.0503796 0.0438662 0.037407 0.0311523 0.025229 0.019758 0.0148598 0.0106467 0.00720346 0.00456074
 0.0078642 0.012852 0.0194843 0.0277381 0.0373491 0.0476533 0.0575603 0.0658245 0.0714958 0.0742171 0.0741817 0.0718802 0.0678703 0.0626676 0.0567108 0.0503502 0.0438487 0.0373982 0.0311446 0.0252125 0.0197235 0.0148029 0.0105709 0.00711888 0.00448036
 0.00789088 0.0128891 0.0195285 0.0277829 0.0373868 0.0476789 0.0575735 0.0658297 0.071499 0.0742226 0.0741896 0.0718869 0.0678714 0.0626607 0.0566973 0.0503346 0.0438358 0.0373901 0.0311394 0.0252049 0.019707 0.0147731 0.0105282 0.00706862 0.00443057
 0.00789125 0.0128903 0.0195313 0.0277874 0.0373922 0.047682 0.0575693 0.0658134 0.071469 0.0741832 0.0741504 0.0718587 0.0678616 0.0626703 0.0567217 0.0503673 0.0438711 0.0374245 0.0311703 0.0252292 0.0197212 0.0147745 0.0105167 0.00704758 0.0044056
 0.00790047 0.0128998 0.0195357 0.027779 0.0373633 0.0476293 0.0574963 0.0657296 0.0713868 0.074113 0.0740987 0.0718287 0.0678549 0.0626874 0.0567615 0.0504252 0.0439402 0.0374967 0.0312384 0.0252875 0.0197658 0.0148035 0.0105303 0.00704878 0.00439898
 0.00789276 0.0128871 0.019516 0.0277498 0.0373214 0.047571 0.057419 0.0656337 0.0712778 0.0740021 0.0740012 0.0717596 0.0678244 0.0626987 0.0568108 0.0505047 0.0440395 0.0376049 0.031345 0.0253838 0.0198453 0.0148629 0.0105696 0.0070707 0.00440827
 0.00789429 0.0128849 0.019504 0.0277199 0.0372657 0.0474858 0.0573069 0.0655042 0.0711441 0.0738775 0.0738967 0.0716837 0.0677839 0.0626982 0.0568514 0.0505825 0.0441461 0.0377287 0.0314732 0.0255047 0.0199499 0.0149457 0.0106291 0.00710898 0.0044299
 0.00788977 0.0128761 0.019488 0.0276925 0.0372218 0.0474204 0.0572171 0.0653905 0.0710125 0.0737395 0.0737677 0.0715798 0.0677175 0.0626763 0.0568753 0.0506485 0.0442466 0.0378529 0.0316086 0.0256383 0.0200703 0.015045 0.0107038 0.00716003 0.00446123
 0.00783129 0.0127858 0.019361 0.027528 0.0370234 0.0471962 0.0569804 0.0651588 0.0708051 0.0735736 0.073656 0.0715293 0.0677303 0.0627503 0.0570044 0.0508229 0.0444536 0.0380779 0.0318362 0.0258535 0.0202606 0.0152015 0.0108228 0.00724312 0.00451413
 0.00783575 0.0127833 0.0193395 0.0274709 0.0369149 0.0470288 0.0567609 0.064909 0.070555 0.0733528 0.0734861 0.071422 0.0676889 0.0627724 0.0570842 0.0509523 0.044622 0.0382726 0.0320424 0.0260561 0.0204455 0.0153579 0.010945 0.00733054 0.00457118
 0.00780701 0.0127418 0.0192864 0.0274086 0.0368448 0.0469475 0.0566595 0.064777 0.0703883 0.0731598 0.0732891 0.0712504 0.0675699 0.0627225 0.0571071 0.0510412 0.0447638 0.0384511 0.0322407 0.026257 0.0206334 0.0155203 0.0110742 0.00742484 0.00463387
 0.0077851 0.0127006 0.0192146 0.027294 0.036679 0.0467323 0.0564107 0.064522 0.070156 0.0729708 0.0731513 0.0711635 0.0675323 0.0627361 0.0571759 0.051166 0.0449393 0.0386648 0.0324752 0.0264935 0.0208541 0.0157111 0.0112266 0.00753659 0.00470873
 0.0077332 0.0126212 0.0191041 0.0271515 0.0365049 0.0465279 0.056179 0.0642703 0.0698995 0.0727326 0.0729582 0.0710379 0.0674859 0.0627688 0.0572788 0.0513276 0.0451472 0.0389062 0.0327351 0.0267545 0.0210984 0.0159235 0.0113972 0.00766261 0.00479374
 0.00933176 0.0148541 0.0217892 0.0298945 0.0388154 0.0480026 0.0566462 0.063815 0.0687747 0.0712319 0.0713249 0.0694349 0.0660077 0.0614638 0.0561672 0.050411 0.0444161 0.0383441 0.0323218 0.0264673 0.0209124 0.0158134 0.0113391 0.00763639 0.00478458
 0.00932247 0.0151361 0.0227367 0.0319703 0.0423682 0.0529938 0.0624776 0.0694274 0.0730246 0.0733441 0.071148 0.0673796 0.0627651 0.0577116 0.0524027 0.0469262 0.0413481 0.0357385 0.0301773 0.024759 0.0196021 0.0148523 0.0106706 0.00719934 0.0045183
 0.00897841 0.014596 0.0219817 0.0310531 0.0414666 0.0524463 0.0627419 0.0709154 0.0758544 0.077156 0.0751506 0.0706504 0.0646355 0.0579983 0.0513743 0.0450843 0.039192 0.0336305 0.0283199 0.0232336 0.0184176 0.01398 0.0100635 0.00680274 0.00427706
 0.00880239 0.0142997 0.0215179 0.0303752 0.040547 0.0513094 0.0615064 0.0698217 0.0752439 0.0773757 0.0763965 0.0728218 0.067304 0.0605471 0.0532482 0.0460009 0.0391973 0.0329961 0.0273788 0.0222561 0.0175647 0.0133164 0.00959127 0.00649249 0.00408875
 0.00872461 0.0141648 0.0212984 0.0300383 0.0400594 0.0506479 0.0606722 0.0688581 0.0742519 0.0765223 0.0759008 0.0728988 0.0680715 0.0619359 0.0549827 0.047688 0.0404845 0.033705 0.0275386 0.0220364 0.0171699 0.0129061 0.00925314 0.00625281 0.00393785
 0.00870847 0.0141338 0.0212421 0.029942 0.0399046 0.0504143 0.0603417 0.0684196 0.0737092 0.0759061 0.0752802 0.0723877 0.0678127 0.0620556 0.0555269 0.0485751 0.0415154 0.0346391 0.0281936 0.0223522 0.0172029 0.0127725 0.00906522 0.00608323 0.00381564
 0.00869796 0.0141181 0.0212206 0.0299138 0.0398672 0.0503614 0.0602621 0.0682975 0.0735277 0.0756526 0.0749558 0.072017 0.0674515 0.0617882 0.0554446 0.0487376 0.0419128 0.0351809 0.0287418 0.0227811 0.0174499 0.0128493 0.00903057 0.00600328 0.00373678
 0.00867013 0.0140782 0.0211705 0.0298586 0.0398137 0.0503158 0.0602266 0.0682692 0.0734976 0.0756063 0.0748771 0.0718935 0.0672839 0.0615987 0.0552786 0.0486531 0.0419564 0.0353613 0.0290186 0.0230795 0.0176959 0.0130014 0.00908996 0.00599972 0.00370586
 0.00868946 0.0141022 0.0211931 0.0298706 0.0398057 0.0502836 0.0601745 0.0682087 0.0734419 0.0755632 0.0748441 0.0718593 0.0672338 0.0615237 0.0551833 0.0485596 0.0418979 0.035368 0.0290996 0.0232154 0.0178469 0.0131274 0.0091688 0.00603214 0.00370733
 0.00867329 0.0140811 0.0211706 0.0298519 0.0397952 0.050281 0.0601734 0.068199 0.0734156 0.07552 0.0747922 0.0718098 0.0671941 0.0614934 0.0551574 0.0485346 0.041879 0.0353679 0.0291311 0.0232814 0.0179355 0.0132175 0.00924081 0.00607687 0.00372729
 0.00865343 0.0140523 0.021134 0.0298114 0.0397571 0.0502527 0.0601614 0.0682065 0.0734403 0.0755536 0.0748228 0.0718274 0.0671943 0.0614784 0.055133 0.048507 0.0418537 0.035351 0.0291295 0.0232996 0.0179721 0.0132641 0.00928578 0.00611111 0.00374771
 0.00864654 0.0140387 0.0211093 0.0297708 0.0396974 0.0501753 0.0600743 0.0681238 0.0733777 0.0755231 0.0748278 0.0718619 0.0672459 0.0615335 0.0551813 0.0485442 0.041881 0.0353727 0.0291512 0.023326 0.018005 0.0133012 0.00932195 0.00614097 0.00376832
 0.00864164 0.0140299 0.0210943 0.0297467 0.039661 0.0501237 0.0600067 0.0680427 0.0732902 0.0754408 0.0747644 0.0718292 0.067249 0.0615694 0.0552399 0.0486128 0.0419485 0.0354332 0.0292036 0.0233721 0.018047 0.01334 0.0093562 0.0061687 0.00378823
 0.00864019 0.0140308 0.0211016 0.0297653 0.0396949 0.0501728 0.0600645 0.0680969 0.0733267 0.0754485 0.0747399 0.0717779 0.0671836 0.0615043 0.0551868 0.0485771 0.0419294 0.0354263 0.029204 0.0233769 0.018055 0.0133504 0.00936806 0.00618023 0.0037978
 0.0086444 0.0140346 0.0211019 0.0297584 0.039678 0.0501471 0.060036 0.0680748 0.0733188 0.0754566 0.0747585 0.0717969 0.067194 0.0615026 0.055176 0.048564 0.0419205 0.0354249 0.0292101 0.0233882 0.0180688 0.0133648 0.00938154 0.00619183 0.00380684
 0.0086444 0.0140346 0.0211019 0.0297584 0.039678 0.0501471 0.060036 0.0680748 0.0733188 0.0754566 0.0747585 0.0717969 0.067194 0.0615026 0.055176 0.048564 0.0419205 0.0354249 0.0292101 0.0233882 0.0180688 0.0133648 0.00938154 0.00619183 0.00380684
 0.00841455 0.0136752 0.020589 0.0290829 0.0388517 0.049209 0.0590581 0.0671581 0.0725757 0.0749834 0.0746105 0.0719772 0.0676576 0.0621725 0.0559634 0.049387 0.0427153 0.0361489 0.0298391 0.0239114 0.0184852 0.0136802 0.00960765 0.00634399 0.0039022
 0.00848972 0.0137688 0.0206769 0.0291239 0.038798 0.0490226 0.0587262 0.0666997 0.0720378 0.0744312 0.0741156 0.0716052 0.0674558 0.06216 0.0561278 0.049689 0.0431013 0.0365647 0.0302401 0.0242676 0.0187805 0.01391 0.00977523 0.0064581 0.00397428
 0.00855884 0.0138907 0.0208754 0.0294205 0.0391978 0.0494982 0.0592083 0.0670873 0.0722305 0.0743675 0.0737977 0.0710967 0.0668573 0.0615768 0.0556432 0.0493501 0.0429162 0.0365111 0.0302789 0.0243571 0.0188862 0.0140089 0.00985554 0.00651653 0.00401282
#pred catch len freq
 0.00553419 0.00870424 0.0125893 0.0170426 0.0219557 0.0272436 0.0327629 0.0382689 0.043463 0.0480759 0.0519162 0.0548827 0.056962 0.0582118 0.0587252 0.0585907 0.0578671 0.0565748 0.0546805 0.0520681 0.0485245 0.0438008 0.0377792 0.0306731 0.0231028
 0.00605764 0.00942903 0.0134523 0.0179212 0.0227214 0.0278371 0.0332392 0.0387732 0.0441429 0.0489822 0.0529563 0.0558517 0.0576308 0.0584203 0.0584387 0.0578995 0.0569377 0.0555753 0.0537141 0.0511463 0.0475929 0.0428028 0.0367139 0.0296114 0.0221522
 0.00656997 0.0102336 0.0146034 0.0194325 0.0245442 0.0298426 0.0352221 0.0404994 0.0454361 0.0498 0.0533934 0.0560572 0.0576966 0.0583236 0.0580738 0.0571662 0.0558169 0.0541434 0.0521 0.0494694 0.0459287 0.0411914 0.0351952 0.0282467 0.0210137
 0.00692727 0.0108046 0.0154471 0.0206037 0.0260896 0.0317872 0.0375405 0.0430814 0.04807 0.052199 0.0552703 0.0572194 0.0581035 0.0580669 0.0572943 0.0559735 0.0542661 0.0522704 0.0499662 0.0471764 0.0436011 0.0389533 0.0331578 0.0265028 0.0196275
 0.00727841 0.0113483 0.0162176 0.0216223 0.027372 0.0333504 0.0394011 0.0452388 0.0504801 0.0547457 0.057752 0.0593691 0.0596485 0.058809 0.0571665 0.0550385 0.0526645 0.0501601 0.0474936 0.0444823 0.0408365 0.0362815 0.0307378 0.0244634 0.0180419
 0.00764549 0.0119162 0.0170192 0.0226719 0.0286676 0.0348784 0.0411368 0.0471463 0.0525125 0.056845 0.0598406 0.0613327 0.0613254 0.0600017 0.057685 0.0547569 0.0515612 0.0483197 0.0450767 0.0416896 0.0378845 0.0333888 0.0281069 0.0222528 0.0163378
 0.00799842 0.012467 0.0178061 0.0237172 0.0299774 0.0364409 0.0429174 0.0490831 0.0545196 0.0588245 0.0616972 0.0629814 0.0626865 0.0609885 0.0581931 0.054673 0.0507937 0.0468389 0.0429434 0.039057 0.034976 0.0304609 0.0254061 0.0199717 0.014581
 0.00843244 0.0131297 0.018725 0.0248932 0.0313917 0.0380642 0.0447121 0.0509966 0.0564773 0.0607298 0.0634411 0.0644582 0.0638093 0.0616947 0.0584378 0.0544148 0.0499886 0.0454543 0.0409891 0.0366173 0.032222 0.0276297 0.0227526 0.0177084 0.0128302
 0.00890357 0.0138518 0.0197304 0.0261841 0.0329432 0.0398307 0.0466289 0.0529798 0.0584278 0.0625439 0.0650214 0.0657209 0.0646877 0.0621414 0.0584251 0.05393 0.0490263 0.0440146 0.0390897 0.0343188 0.0296511 0.0249802 0.0202514 0.015559 0.0111582
 0.00926325 0.0144148 0.0205377 0.0272606 0.0342952 0.0414421 0.0484535 0.0549349 0.0603986 0.0643983 0.0666308 0.0669779 0.065518 0.0625064 0.0583169 0.0533607 0.0480177 0.0425925 0.0372894 0.0322013 0.0273221 0.0225971 0.0180034 0.0136218 0.00964536
 0.00959359 0.0149182 0.0212346 0.0281518 0.0353696 0.0426853 0.0498492 0.0564564 0.0619958 0.0659903 0.0681091 0.0682226 0.0664199 0.0629874 0.0583398 0.0529263 0.0471533 0.0413401 0.0357015 0.0303471 0.0253002 0.0205411 0.0160696 0.0119555 0.00834172
 0.00987384 0.0153533 0.0218508 0.02896 0.0363637 0.0438421 0.0511273 0.0577973 0.0633317 0.0672543 0.0692408 0.0691656 0.0671171 0.0633821 0.0583842 0.0525928 0.0464415 0.0402761 0.0343346 0.028748 0.0235637 0.0187861 0.0144275 0.0105454 0.00724027
 0.0101062 0.0157159 0.0223688 0.0296482 0.0372265 0.0448715 0.052298 0.059061 0.064616 0.0684709 0.0703 0.0699917 0.0676594 0.0636154 0.0583021 0.0521996 0.045748 0.0393031 0.0331183 0.0273462 0.022058 0.0172789 0.0130294 0.00935322 0.00631384
 0.0101701 0.0158275 0.0225518 0.0299311 0.0376385 0.0454351 0.0530198 0.0599252 0.0655833 0.0694808 0.071277 0.0708547 0.0683328 0.0640416 0.0584486 0.0520585 0.0453303 0.0386326 0.03223 0.0262894 0.0209008 0.0161066 0.0119342 0.00841575 0.00558391
 0.0101764 0.0158345 0.0225581 0.0299374 0.0376533 0.0454805 0.053133 0.0601516 0.0659604 0.0700205 0.0719542 0.071609 0.0690813 0.0646969 0.0589348 0.0523223 0.0453456 0.0383992 0.0317701 0.0256452 0.0201323 0.0152884 0.011146 0.00772776 0.0050414
 0.0101622 0.0158077 0.0225103 0.0298587 0.0375343 0.0453176 0.0529349 0.0599451 0.0657917 0.069949 0.0720374 0.071882 0.0695388 0.0652879 0.0595735 0.0529101 0.0457951 0.0386513 0.0318014 0.0254673 0.019787 0.0148387 0.0106641 0.0072798 0.00467392
 0.0102481 0.0159337 0.0226746 0.0300492 0.0377307 0.045495 0.0530679 0.0600119 0.0657805 0.0698649 0.0719072 0.0717515 0.0694611 0.0653037 0.0596932 0.0531068 0.0460118 0.0388199 0.0318653 0.0253977 0.0195889 0.0145466 0.01033 0.00695703 0.00440266
 0.0104621 0.0162353 0.023043 0.0304364 0.0380753 0.0457447 0.0531963 0.0600212 0.0656912 0.0697025 0.0716955 0.071514 0.0692254 0.0651024 0.0595574 0.053053 0.046032 0.0388804 0.0319179 0.0253979 0.0195125 0.0143971 0.010134 0.00675162 0.00422074
 0.0104969 0.0163029 0.0231628 0.030628 0.0383473 0.0460802 0.0535463 0.0603144 0.0658593 0.0697095 0.0715513 0.071265 0.0689323 0.0648198 0.059324 0.0528905 0.0459453 0.0388576 0.0319315 0.0254128 0.0194982 0.0143393 0.0100379 0.00663685 0.00411025
 0.0104472 0.016242 0.0231089 0.0306131 0.0384111 0.046259 0.053858 0.0607459 0.0663609 0.0701995 0.0719366 0.071471 0.0689296 0.0646322 0.0590145 0.0525348 0.045607 0.0385749 0.031715 0.0252518 0.0193716 0.0142275 0.00993087 0.00653543 0.00402161
 0.0104299 0.0162091 0.0230519 0.0305246 0.0382914 0.0461239 0.0537432 0.0607012 0.0664333 0.0704108 0.0722669 0.0718591 0.0692917 0.0648915 0.0591284 0.052506 0.0454751 0.0383942 0.0315324 0.0250939 0.0192448 0.0141259 0.00984617 0.00646311 0.00396158
 0.0103125 0.0160364 0.0228255 0.0302566 0.0380003 0.0458281 0.0534588 0.0604462 0.0662338 0.0703037 0.0722908 0.0720369 0.0696123 0.0653057 0.0595621 0.0528866 0.0457564 0.0385666 0.0316155 0.0251193 0.0192401 0.014108 0.0098229 0.0064378 0.00393696
 0.0102107 0.0158765 0.0225956 0.0299507 0.037621 0.0453892 0.0529879 0.0599831 0.0658249 0.0699933 0.0721154 0.0720222 0.0697701 0.0656274 0.060013 0.0534078 0.0462784 0.039029 0.0319827 0.0253843 0.0194163 0.0142169 0.00988499 0.00646918 0.00394951
 0.0101691 0.0158095 0.0224957 0.0298106 0.0374343 0.045152 0.0527019 0.0596589 0.0654839 0.0696672 0.0718416 0.0718374 0.0697033 0.065694 0.0602107 0.0537151 0.0466556 0.0394258 0.0323507 0.0256892 0.019644 0.0143711 0.00998008 0.00652232 0.00397593
 0.0100506 0.0156309 0.0222529 0.0295083 0.0370831 0.0447647 0.0522917 0.0592409 0.0650784 0.069301 0.0715474 0.0716488 0.0696487 0.0657897 0.0604561 0.054091 0.0471259 0.0399424 0.0328617 0.0261485 0.0200207 0.0146535 0.0101738 0.00664384 0.00404552
 0.010049 0.0156213 0.0222255 0.0294499 0.0369807 0.044611 0.0520887 0.0590004 0.0648172 0.0690364 0.0712948 0.0714239 0.0694706 0.0656809 0.0604382 0.0541772 0.0473143 0.0402136 0.0331815 0.0264763 0.0203191 0.0148971 0.0103529 0.00676274 0.00411673
 0.00990447 0.015409 0.0219479 0.0291227 0.0366272 0.0442529 0.051741 0.0586725 0.0645191 0.068783 0.0711055 0.0713172 0.0694578 0.065764 0.0606121 0.0544328 0.0476397 0.0405918 0.0335882 0.0268805 0.0206888 0.0152068 0.0105892 0.00692646 0.00421943
 0.00973884 0.0151584 0.0216057 0.0286965 0.0361373 0.0437292 0.0512203 0.0581945 0.0641209 0.0684924 0.0709371 0.0712738 0.0695345 0.0659516 0.0608975 0.054799 0.0480661 0.0410552 0.0340631 0.0273396 0.021105 0.0155575 0.0108616 0.00711993 0.00434426
 0.00972609 0.0151283 0.021543 0.0285813 0.03595 0.0434586 0.0508712 0.0577909 0.0637017 0.0681028 0.0706186 0.0710562 0.0694326 0.0659659 0.0610181 0.0550102 0.0483494 0.0413901 0.0344266 0.0277068 0.0214504 0.0158586 0.0111033 0.0072971 0.00446216
 0.00952982 0.0148483 0.0211932 0.0281971 0.0355747 0.0431248 0.0505871 0.0575428 0.0634697 0.0678792 0.0704165 0.0709057 0.0693671 0.0660088 0.0611753 0.0552707 0.0486907 0.0417841 0.0348441 0.0281193 0.0218321 0.0161882 0.011367 0.00749119 0.00459245
 0.00944903 0.0147103 0.0209749 0.0278772 0.0351442 0.0425988 0.0500118 0.056988 0.0630059 0.067552 0.0702356 0.0708539 0.0694204 0.0661514 0.0614021 0.055579 0.0490711 0.0422169 0.0353017 0.0285709 0.0222487 0.0165467 0.0116533 0.00770189 0.00473436
 0.0101894 0.0157524 0.0222433 0.0291974 0.0362882 0.0433617 0.0502768 0.0567503 0.0623544 0.0666295 0.0691977 0.0698343 0.0685097 0.0653939 0.0608071 0.0551393 0.0487751 0.0420514 0.0352488 0.0286057 0.022341 0.0166657 0.0117726 0.00780373 0.0048104
 0.0108667 0.0167929 0.0236897 0.031032 0.038418 0.0456086 0.0523819 0.0584094 0.0632956 0.0667037 0.0684312 0.068412 0.0667014 0.0634674 0.0589685 0.0535132 0.0474159 0.0409676 0.0344237 0.0280099 0.0219374 0.016413 0.0116291 0.00773153 0.00477956
 0.0108508 0.0168332 0.023874 0.031485 0.0392722 0.0469524 0.0542044 0.0605682 0.0655237 0.0686588 0.0697791 0.0689212 0.0663144 0.062312 0.0573035 0.0516355 0.0455785 0.0393369 0.0330797 0.0269683 0.0211753 0.0158876 0.01129 0.00752814 0.00466717
 0.0105381 0.0163789 0.0232956 0.0308473 0.0386869 0.0465678 0.0541844 0.0610561 0.0665889 0.0702439 0.0716771 0.0708108 0.0678483 0.0632254 0.0574925 0.0511733 0.0446656 0.0382179 0.0319671 0.0260013 0.0204165 0.0153415 0.0109272 0.00730567 0.00454171
