SBPRF35
7.78865
Curr Bio
459979
B35
641870
F35
0.209738
FOFL
0.145802
OFL
53123.9
Bzero
2.22533e+006
#pred survey bio
 3.68788e+006 3.35207e+006 3.01787e+006 2.67339e+006 2.36691e+006 2.08134e+006 1.80242e+006 1.60025e+006 1.39605e+006 1.24577e+006 1.12324e+006 996118 902376 809954 763659 725640 701141 684879 665517 646726 623449 615189 592775 596018 606662 607147 608581 604956 605066 607322 601122 573618 554770 544951 546614 550792 556415 563376 564791 571919 576660 584494 593344 600847 601339 608958 615032 609355 606250 590316 575658 555408 529384 496825 506154 483167 461241 440820 456867 477266 464953 1.6119e+007 9.49242e+006 9.69635e+006 1.05321e+007 1.17082e+007 1.29418e+007 1.40606e+007 1.4991e+007 1.57227e+007 1.62769e+007 1.66865e+007 1.69842e+007 1.71985e+007 1.73522e+007 1.74622e+007 1.75411e+007 1.75979e+007 1.7639e+007 1.7669e+007 1.7691e+007 1.77072e+007 1.77192e+007 1.77282e+007 1.77349e+007 1.774e+007 1.77439e+007 1.77468e+007 1.7749e+007 1.77507e+007 1.7752e+007 1.7753e+007 1.77538e+007 1.77544e+007 1.77549e+007 1.77552e+007 1.77555e+007 1.77557e+007 1.77559e+007 1.7756e+007 1.77561e+007 1.77562e+007 1.77562e+007 1.77563e+007 1.77563e+007 1.77563e+007 1.77563e+007 1.77564e+007 1.77564e+007 1.77564e+007 1.77564e+007 1.77564e+007 1.77564e+007 1.77564e+007 1.77564e+007 1.77564e+007 1.77564e+007 1.77564e+007 1.77564e+007 1.77564e+007 1.77564e+007 1.77564e+007 1.77564e+007 1.77564e+007 1.77564e+007 1.77564e+007 1.77564e+007 1.77564e+007 1.77564e+007 1.77564e+007 1.77564e+007 1.77564e+007 1.77564e+007 1.77564e+007 1.77564e+007 1.77564e+007 1.77564e+007 1.77564e+007 1.77564e+007 1.77564e+007 1.77564e+007 1.77564e+007 1.77564e+007 1.77564e+007 1.77564e+007 1.77564e+007 1.77564e+007 1.77564e+007 1.77564e+007 1.77564e+007 1.77564e+007 1.77564e+007 1.77564e+007 1.77564e+007 1.77564e+007 1.77564e+007 1.77564e+007 1.77564e+007 1.77564e+007 1.77564e+007 1.77564e+007 0 0 0 0 0 0 0 0 0 0 0 0 0 0 0 0 0 0 0 0 0 0 0 0 0
#obs survey bio
 2.77946e+006 2.80153e+006 2.38434e+006 1.72558e+006 2.49782e+006 1.55567e+006 1.25132e+006 936228 1.02576e+006 1.52515e+006 1.32451e+006 790178 804233 696340 656118 435374 728704 648491 554079 579962 573968 661095 411718 427794 682785 511758 581359 470717 721721 493202 746644 683140 480126 614933 306249 609679 700878 572658 499563 526988 454774 579424 603278 446551 528040 435168 819274 660705 544213 450501 517383 759900 458841 709219 656162 485093 360351 422889 496783 459201 532440
#pred catch bio
 245616 263624 297662 291271 300185 319563 272150 288983 250267 229335 232562 201407 196623 153686 144276 130788 122064 123146 121178 122921 108430 118538 96253.9 90866.6 99430.8 97504.7 99623 93561.8 88375.1 91066.2 103397 92684.1 86668.4 81262.6 83083.9 84197.7 84405.9 89938.5 85954.1 88861.3 87280.5 87399.8 89098.7 95075.7 89426.2 91510.8 101180 98174.6 108077 106063 109346 111742 114357 78134.9 103900 100516 97418.2 65960.7 61431.9 85108.5 72828.9 53123.9 72589.3 72678.5 77585.8 85910.2 94952.1 103111 109766 114855 118575 121206 123022 124251 125070 125611 125963 126192 126340 126434 126495 126533 126557 126573 126583 126589 126593 126595 126597 126598 126598 126599 126599 126599 126599 126599 126599 126599 126600 126600 126600 126600 126600 126600 126600 126600 126600 126600 126600 126600 126600 126600 126600 126600 126600 126600 126600 126600 126600 126600 126600 126600 126600 126600 126600 126600 126600 126600 126600 126600 126600 126600 126600 126600 126600 126600 126600 126600 126600 126600 126600 126600 126600 126600 126600 126600 126600 126600 126600 126600 126600 126600 126600 126600 126600 126600 126600 126600 126600 126600 126600 0 0 0 0 0 0 0 0 0 0 0 0 0 0 0 0 0 0 0 0 0 0 0 0 0
#obs catch bio
 234028 264347 300104 294204 304458 328420 279878 300883 261231 237112 239588 206359 201726 156706 146910 133684 124296 124996 123776 125634 110562 120944 98109.1 92551 101454 99681.9 101765 95323.4 89612.9 92157.3 104561 93081.1 86859 81210.9 83675.9 84685.9 84805.1 90465.2 86612.6 89535.2 88023.2 88195.7 89658.1 95891.8 89835.9 92136.4 102234 98553.9 108795 106483 109871 111405 115173 77630.5 103866 100036 98023.8 66090.7 61228.4 85480.6 72749.4
#pred cpue bio
 3.62261e+006 3.29101e+006 2.96078e+006 2.61829e+006 2.31277e+006 2.0283e+006 1.75104e+006 1.54998e+006 1.34793e+006 1.19988e+006 1.07996e+006 955772 864135 774160 729293 692465 668753 653175 634406 616121 593663 585864 564246 567288 577631 578312 580084 577154 577988 581056 576063 550229 531660 520692 520983 524522 530016 536866 538167 544977 549497 556967 565545 572920 573456 580781 586584 581184 578297 562772 548351 528760 503718 472181 481285 459350 438056 418145 434141 454977 444118 1.54345e+007 9.10171e+006 9.16289e+006 9.83235e+006 1.09473e+007 1.21656e+007 1.32812e+007 1.4211e+007 1.49426e+007 1.54968e+007 1.59063e+007 1.6204e+007 1.64184e+007 1.6572e+007 1.6682e+007 1.67609e+007 1.68178e+007 1.68589e+007 1.68889e+007 1.69108e+007 1.6927e+007 1.69391e+007 1.6948e+007 1.69548e+007 1.69599e+007 1.69638e+007 1.69667e+007 1.69689e+007 1.69706e+007 1.69719e+007 1.69729e+007 1.69737e+007 1.69743e+007 1.69747e+007 1.69751e+007 1.69753e+007 1.69756e+007 1.69757e+007 1.69758e+007 1.69759e+007 1.6976e+007 1.69761e+007 1.69761e+007 1.69762e+007 1.69762e+007 1.69762e+007 1.69762e+007 1.69762e+007 1.69762e+007 1.69762e+007 1.69763e+007 1.69763e+007 1.69763e+007 1.69763e+007 1.69763e+007 1.69763e+007 1.69763e+007 1.69763e+007 1.69763e+007 1.69763e+007 1.69763e+007 1.69763e+007 1.69763e+007 1.69763e+007 1.69763e+007 1.69763e+007 1.69763e+007 1.69763e+007 1.69763e+007 1.69763e+007 1.69763e+007 1.69763e+007 1.69763e+007 1.69763e+007 1.69763e+007 1.69763e+007 1.69763e+007 1.69763e+007 1.69763e+007 1.69763e+007 1.69763e+007 1.69763e+007 1.69763e+007 1.69763e+007 1.69763e+007 1.69763e+007 1.69763e+007 1.69763e+007 1.69763e+007 1.69763e+007 1.69763e+007 1.69763e+007 1.69763e+007 1.69763e+007 1.69763e+007 1.69763e+007 1.69763e+007 1.69763e+007 1.69763e+007 1.69763e+007 0 0 0 0 0 0 0 0 0 0 0 0 0 0 0 0 0 0 0 0 0 0 0 0 0
#obs cpue bio
 2.04312e+006 2.73595e+006 2.17171e+006 2.53115e+006 1.41457e+006 992488 1.10918e+006 1.27288e+006 696644 1.12794e+006 1.04766e+006 926477 798489 618909 755024 579412 570124 733501 360839 554011 394757 583006 386995 551584 438020 377018 526203 586658 499158 718988 585496 578996 696225 536118 474041 485849 402340 501943 407162 581735 533078 463910 621625 654300 697266 609322 355872 687596 575006 761843 569567 635937 369900 476337 396972 541729 340775 358295 586822 436142 423584
#pred surv len freq
 0.00562588 0.00914154 0.0137667 0.0194692 0.0260825 0.0332125 0.0402127 0.0463462 0.0510656 0.0541984 0.0559133 0.0565472 0.0564454 0.0558817 0.0550332 0.0539814 0.0527294 0.0512247 0.0493666 0.0469876 0.0438415 0.039657 0.0342902 0.0279099 0.0210697
 0.00595327 0.00956806 0.0142201 0.0198353 0.0262597 0.0331858 0.0400958 0.0463493 0.0513929 0.0549334 0.0569641 0.0576835 0.0574006 0.056458 0.0551628 0.0537252 0.0522271 0.0506224 0.0487545 0.0463754 0.0431815 0.0389012 0.0334416 0.0270362 0.0202721
 0.00646166 0.0103645 0.0153551 0.0213154 0.0280256 0.0350937 0.0419249 0.047855 0.0524021 0.0554262 0.0570762 0.0576134 0.0572834 0.0562963 0.0548538 0.0531516 0.0513385 0.0494592 0.0474126 0.044951 0.041739 0.037479 0.0320821 0.0258028 0.019237
 0.00691262 0.0110987 0.0164609 0.0228718 0.0300808 0.0376313 0.044826 0.0508836 0.0552341 0.0577251 0.0585891 0.0582458 0.0571122 0.0555089 0.053647 0.0516531 0.0495954 0.0474833 0.0452345 0.0426431 0.0394047 0.0352324 0.0300334 0.0240483 0.0178438
 0.00733259 0.0117659 0.0174377 0.02421 0.0318178 0.0397803 0.0473584 0.0537098 0.0581923 0.0605859 0.061079 0.0600932 0.0581118 0.055578 0.0528424 0.0501325 0.0475471 0.0450689 0.0425755 0.0398444 0.0365833 0.0325272 0.0275901 0.0219909 0.016245
 0.00770633 0.012371 0.0183431 0.0254773 0.0334885 0.0418576 0.0497903 0.0563858 0.0609615 0.0632826 0.0635372 0.062145 0.0595849 0.0563124 0.0527286 0.0491497 0.0457748 0.0426624 0.0397244 0.0367424 0.0334203 0.0294913 0.0248599 0.0197103 0.0144925
 0.00811497 0.013023 0.0193016 0.0267936 0.0351935 0.0439487 0.0522151 0.0590351 0.0636804 0.0658972 0.065882 0.064079 0.060992 0.0570948 0.0528026 0.0484565 0.044303 0.0404704 0.0369464 0.0335744 0.0300961 0.0262554 0.021938 0.0172746 0.0126315
 0.00832898 0.0133803 0.0198571 0.0276049 0.0363104 0.0453959 0.0539744 0.0610386 0.0658207 0.0680467 0.0679115 0.0658673 0.0624297 0.0580838 0.0532569 0.0483037 0.0434945 0.0389996 0.0348703 0.0310261 0.0272787 0.0234137 0.0193144 0.0150608 0.0109312
 0.00846125 0.0136214 0.0202683 0.0282599 0.037279 0.0467181 0.0556356 0.0629609 0.0678767 0.070088 0.0697955 0.0674749 0.0636706 0.0588944 0.0535919 0.0481284 0.0427817 0.037739 0.0330876 0.0288061 0.0247763 0.0208411 0.0169016 0.0130021 0.00933958
 0.00853833 0.0137417 0.0204425 0.0285013 0.0376102 0.0471753 0.0562672 0.0638134 0.0689716 0.0714 0.071245 0.0689405 0.0650158 0.0599941 0.0543482 0.0484723 0.0426687 0.0371467 0.0320238 0.027324 0.022988 0.0189148 0.0150332 0.0113687 0.00805485
 0.00870464 0.0139913 0.0207795 0.0289158 0.0380814 0.0476792 0.0567838 0.0643342 0.0695042 0.0719677 0.0718755 0.0696455 0.0657718 0.0607367 0.0549833 0.0488978 0.0427956 0.036913 0.031404 0.0263391 0.0217138 0.0174794 0.013596 0.0100821 0.00702479
 0.00896663 0.0144077 0.0213865 0.0297351 0.0391102 0.0488772 0.0580651 0.0655742 0.0705694 0.072756 0.072347 0.0698268 0.0657339 0.0605586 0.0547191 0.0485593 0.0423547 0.0363202 0.0306151 0.0253395 0.0205357 0.0162049 0.0123412 0.00896524 0.00613091
 0.0090355 0.0145355 0.0216082 0.0300933 0.0396453 0.0496114 0.0589848 0.0666222 0.0716502 0.0737541 0.0731525 0.070361 0.0659678 0.060516 0.0544604 0.0481527 0.0418479 0.0357279 0.0299258 0.0245384 0.0196299 0.0152378 0.0113883 0.00811137 0.00544173
 0.00923519 0.0148378 0.0220225 0.0306164 0.0402663 0.0503185 0.0597672 0.0674641 0.0725213 0.0746021 0.073904 0.0709335 0.0662894 0.0605468 0.0542048 0.0476562 0.0411783 0.0349509 0.0290876 0.0236648 0.0187397 0.0143592 0.0105653 0.00739536 0.00487276
 0.00936976 0.0150279 0.0222558 0.0308639 0.0404917 0.0504935 0.0598847 0.0675436 0.072603 0.0747341 0.0741235 0.0712488 0.0666701 0.0609284 0.0545093 0.0478185 0.0411658 0.0347664 0.0287583 0.0232277 0.018233 0.0138224 0.0100412 0.00692646 0.00449214
 0.00944489 0.0151546 0.0224529 0.0311471 0.0408642 0.0509346 0.0603448 0.067953 0.0728967 0.0748796 0.0741359 0.0711816 0.0665875 0.0608749 0.0544918 0.0478084 0.041117 0.0346384 0.028532 0.0229091 0.0178473 0.0134061 0.00963386 0.00656394 0.00419978
 0.0094494 0.015161 0.0224617 0.0311606 0.0408889 0.0509826 0.060432 0.068091 0.0730831 0.0750921 0.0743378 0.0713389 0.0666859 0.0609255 0.0545195 0.0478323 0.0411367 0.0346339 0.0284767 0.0227852 0.0176561 0.0131671 0.00937818 0.00632388 0.0039999
 0.00957893 0.0153375 0.0226647 0.0313505 0.0410193 0.0510197 0.0603699 0.0679558 0.0729219 0.0749544 0.0742587 0.0713286 0.0667314 0.0610013 0.0546016 0.0479065 0.0411968 0.0346742 0.028487 0.0227534 0.0175755 0.0130434 0.00922888 0.00617261 0.0038676
 0.00961013 0.0154087 0.0228073 0.0315998 0.0413974 0.0515135 0.0609185 0.0684602 0.0732804 0.0751043 0.0741985 0.0711103 0.0664298 0.0606824 0.0543056 0.0476481 0.0409748 0.0344813 0.0283139 0.0225908 0.017416 0.0128847 0.00907561 0.00603419 0.00375367
 0.0095728 0.0153589 0.0227538 0.0315615 0.0414029 0.0515966 0.0611086 0.0687689 0.0736865 0.0755488 0.0745969 0.0713824 0.0665312 0.0606186 0.0541215 0.0474026 0.0407175 0.0342412 0.0281015 0.022405 0.0172516 0.0127375 0.00894505 0.00592299 0.00366532
 0.0096175 0.015423 0.022835 0.0316533 0.0414981 0.0516929 0.0612123 0.0688945 0.073851 0.0757608 0.0748464 0.0716354 0.0667367 0.0607266 0.0541036 0.0472636 0.0404906 0.033972 0.0278304 0.0221575 0.0170388 0.012561 0.00880281 0.00581242 0.00358378
 0.0096427 0.0154495 0.0228484 0.0316317 0.0414191 0.0515439 0.0610001 0.0686478 0.0736152 0.0755868 0.0747774 0.071694 0.0669165 0.0609908 0.0543955 0.0475251 0.0406812 0.0340781 0.0278628 0.0221392 0.0169931 0.0125054 0.0087477 0.00576367 0.00354444
 0.00986332 0.015783 0.023302 0.0321914 0.0420492 0.0521886 0.0615882 0.0691026 0.073872 0.0756136 0.0745871 0.0713408 0.0664756 0.0605339 0.0539713 0.0471522 0.0403543 0.0337822 0.0275865 0.0218817 0.0167618 0.0123094 0.00859277 0.00564976 0.0034667
 0.00980433 0.0157016 0.0232063 0.0320984 0.0419797 0.0521603 0.0616083 0.0691652 0.0739599 0.075704 0.0746588 0.0713813 0.0664858 0.0605275 0.0539677 0.0471663 0.040389 0.0338278 0.0276271 0.0219042 0.0167615 0.0122904 0.00856382 0.00561954 0.00344103
 0.00964613 0.0154608 0.0228753 0.0316841 0.0415046 0.0516624 0.0611391 0.0687834 0.0737181 0.075633 0.0747574 0.0716187 0.0668145 0.0608995 0.0543461 0.0475291 0.0407251 0.0341305 0.0278892 0.022118 0.0169226 0.0124003 0.00863061 0.00565485 0.00345662
 0.00950428 0.0152507 0.0225975 0.0313524 0.0411425 0.0512968 0.0607963 0.0684882 0.0734948 0.075504 0.0747391 0.0717152 0.0670143 0.0611767 0.0546668 0.0478604 0.0410418 0.0344168 0.0281367 0.0223223 0.0170817 0.0125153 0.00870629 0.00569945 0.0034797
 0.0093064 0.014949 0.0221816 0.0308285 0.0405346 0.0506452 0.0601563 0.0679238 0.0730674 0.0752575 0.0746905 0.0718557 0.0673166 0.0616033 0.0551758 0.0484082 0.0415873 0.0349258 0.0285851 0.0226964 0.0173771 0.0127349 0.00885866 0.00579714 0.00353702
 0.00914374 0.0146956 0.0218215 0.030356 0.039957 0.0499866 0.0594598 0.0672511 0.0724891 0.0748382 0.0744744 0.0718588 0.0675274 0.0619892 0.0556909 0.0490017 0.0422093 0.0355316 0.0291384 0.0231721 0.017762 0.0130271 0.00906571 0.00593323 0.00361934
 0.00892672 0.01436 0.021349 0.0297423 0.0392137 0.0491426 0.0585642 0.0663724 0.0717075 0.0742319 0.0741049 0.0717612 0.0677066 0.0624205 0.0563258 0.0497757 0.043052 0.036376 0.0299277 0.0238643 0.0183319 0.0134668 0.00938223 0.00614461 0.00374948
 0.00863103 0.0139061 0.0207163 0.0289313 0.0382466 0.0480627 0.0574363 0.0652805 0.0707452 0.0734864 0.0736419 0.0716171 0.0678878 0.0629058 0.0570694 0.0507122 0.0441029 0.0374586 0.030965 0.0247938 0.0191118 0.0140783 0.00982879 0.0064467 0.00393773
 0.00846243 0.0136296 0.0202968 0.0283378 0.037462 0.0470977 0.0563411 0.0641442 0.0696785 0.0725954 0.0730071 0.0712851 0.067874 0.0632005 0.0576424 0.0515145 0.0450692 0.0385114 0.0320226 0.0257805 0.0199682 0.0147691 0.0103449 0.00680237 0.00416275
 0.00923237 0.0147097 0.021604 0.0296845 0.0386056 0.0478217 0.0565233 0.0637783 0.0688517 0.071447 0.0716929 0.0699539 0.0666521 0.062183 0.0568889 0.0510494 0.0448838 0.0385684 0.0322622 0.0261302 0.0203555 0.0151338 0.0106477 0.00702729 0.0043129
 0.0100374 0.0159584 0.0233619 0.0319473 0.041272 0.0506707 0.0592128 0.0658966 0.0700295 0.0714854 0.0706325 0.0680439 0.0642471 0.0596315 0.0544631 0.0489251 0.0431506 0.0372495 0.0313326 0.0255323 0.0200136 0.0149687 0.0105891 0.00702178 0.00432666
 0.0101823 0.0162638 0.0239487 0.0329657 0.0428573 0.0528733 0.0619326 0.0688613 0.0728373 0.0736999 0.0718942 0.0681641 0.0632528 0.0577459 0.0520295 0.0463074 0.0406519 0.0350711 0.0295727 0.0242062 0.0190804 0.0143566 0.0102161 0.00681156 0.00421745
 0.00995753 0.0159475 0.0235693 0.0325955 0.0426121 0.0528998 0.0623822 0.0698476 0.0743801 0.075676 0.0740305 0.0700926 0.0646166 0.05831 0.0517485 0.0453217 0.0392222 0.0334877 0.0280775 0.0229518 0.0181277 0.0136956 0.00979587 0.00656679 0.00408711
 0.00975458 0.0156312 0.0231211 0.0320146 0.0419243 0.0521689 0.061718 0.0694008 0.0743139 0.076117 0.075014 0.0715252 0.0662768 0.0598978 0.0529719 0.0459882 0.0392931 0.0330716 0.0273714 0.0221633 0.0174144 0.0131405 0.00941493 0.0063336 0.0039592
 0.00972756 0.0155675 0.0229893 0.0317744 0.0415384 0.0516219 0.0610352 0.0686563 0.0736242 0.075621 0.0748445 0.0717735 0.0669569 0.0609228 0.0541606 0.0471106 0.0401437 0.0335361 0.0274543 0.0219658 0.0170782 0.0127909 0.00912865 0.00613622 0.00384151
 0.00975428 0.015604 0.0230297 0.031805 0.0415364 0.051556 0.0608706 0.0683662 0.0732057 0.0751112 0.0743251 0.0713583 0.0667611 0.0610232 0.0545617 0.0477322 0.040841 0.0341497 0.0278676 0.0221415 0.017056 0.0126537 0.00895949 0.0059902 0.00374
 0.00976617 0.0156326 0.0230891 0.0319119 0.0417027 0.0517787 0.061123 0.0685977 0.0733535 0.0751197 0.0741677 0.0710527 0.0663719 0.0606473 0.054297 0.0476411 0.0409244 0.0343464 0.0280837 0.0222933 0.0171034 0.0126065 0.00885863 0.00588043 0.00365055
 0.00975849 0.0156146 0.0230529 0.0318496 0.0416117 0.0516679 0.0610156 0.0685243 0.0733373 0.0751616 0.0742414 0.0711154 0.0663868 0.0606045 0.0542219 0.0475824 0.0409283 0.0344308 0.028228 0.0224502 0.0172251 0.0126677 0.00886309 0.00585032 0.00361046
 0.00979535 0.0156693 0.0231251 0.0319342 0.0416988 0.0517442 0.0610668 0.0685401 0.0733165 0.0751144 0.0741846 0.0710628 0.0663402 0.0605541 0.0541568 0.0475034 0.040852 0.0343806 0.0282182 0.0224758 0.0172654 0.0126993 0.00887313 0.00583991 0.00358937
 0.00970164 0.0155394 0.0229708 0.0317802 0.0415749 0.0516734 0.0610561 0.0685787 0.0733828 0.0751861 0.0742474 0.0711136 0.0663835 0.0605961 0.0541992 0.0475436 0.0408874 0.0344132 0.0282537 0.0225181 0.0173118 0.0127415 0.00890265 0.00585371 0.00359058
 0.00963862 0.0154342 0.0228089 0.0315502 0.0412762 0.0513243 0.0606982 0.06827 0.0731789 0.0751189 0.0743141 0.0712825 0.0666112 0.0608441 0.0544422 0.0477685 0.0410885 0.0345887 0.0284043 0.0226456 0.0174175 0.0128253 0.00896385 0.00589323 0.00361213
 0.00960019 0.0153736 0.022721 0.0314303 0.0411197 0.0511278 0.0604622 0.0680044 0.0729073 0.0748783 0.0741464 0.0712199 0.0666641 0.0609973 0.0546624 0.0480182 0.041337 0.0348165 0.028602 0.0228106 0.0175502 0.0129275 0.00903806 0.00594287 0.00364197
 0.00968531 0.0154956 0.022874 0.0315979 0.0412786 0.0512541 0.0605367 0.0680143 0.0728465 0.0747483 0.0739595 0.0710009 0.0664467 0.0608153 0.0545389 0.0479591 0.0413321 0.0348476 0.0286505 0.0228629 0.0175984 0.0129677 0.00906895 0.0059645 0.00365552
 0.00966843 0.0154761 0.0228585 0.0315961 0.0412985 0.0512959 0.0605893 0.0680574 0.0728584 0.0747155 0.0738817 0.0708901 0.0663225 0.0606999 0.0544527 0.0479161 0.0413369 0.0348939 0.0287243 0.0229476 0.0176799 0.0130371 0.00912223 0.0060018 0.00367927
 0.00949885 0.0152363 0.0225644 0.0312858 0.0410228 0.0511015 0.0605038 0.0680835 0.0729764 0.0748907 0.0740742 0.0710649 0.0664581 0.0607917 0.0545107 0.0479582 0.0413811 0.0349517 0.0287982 0.0230319 0.0177649 0.0131131 0.00918323 0.0060459 0.00370806
 0.0095341 0.0152724 0.0225812 0.0312557 0.0409234 0.0509328 0.0602984 0.0678996 0.0728739 0.074903 0.0741934 0.071248 0.0666483 0.0609417 0.0545969 0.0479822 0.0413617 0.034914 0.0287634 0.023012 0.0177619 0.0131226 0.00919842 0.00606103 0.00371997
 0.00959055 0.0153563 0.0226917 0.0313835 0.0410496 0.0510297 0.060335 0.067852 0.0727393 0.0747088 0.0739907 0.0710911 0.0665699 0.0609404 0.054644 0.0480406 0.0414045 0.0349321 0.0287626 0.023004 0.0177564 0.0131237 0.00920505 0.00607002 0.00372834
 0.00971014 0.0155489 0.022977 0.0317754 0.0415494 0.0516172 0.0609609 0.06844 0.0732011 0.0749696 0.0740129 0.0708859 0.0661913 0.0604646 0.0541432 0.0475645 0.0409764 0.0345572 0.0284402 0.0227342 0.0175409 0.0129621 0.00909272 0.00599816 0.00368618
 0.0095936 0.0154018 0.0228339 0.0316949 0.0415986 0.051846 0.0613794 0.0690106 0.0738476 0.075596 0.0745253 0.0712119 0.0662949 0.060353 0.0538616 0.0471792 0.0405537 0.034148 0.0280746 0.0224258 0.0172936 0.0127743 0.00895907 0.00590992 0.00363264
 0.00959152 0.0153874 0.0227944 0.031618 0.0414836 0.0517171 0.0612906 0.0690326 0.074038 0.075967 0.0750291 0.0717533 0.066765 0.0606649 0.0539736 0.0470992 0.0403271 0.0338374 0.02774 0.0221122 0.0170273 0.0125657 0.0088075 0.005808 0.00356955
 0.00973268 0.0155984 0.0230764 0.0319571 0.0418515 0.0520753 0.061598 0.0692567 0.0741675 0.0760196 0.0750438 0.0717687 0.0667946 0.0606875 0.0539455 0.0469794 0.0400995 0.0335179 0.0273688 0.0217372 0.0166889 0.0122888 0.00860031 0.00566581 0.00348014
 0.00989203 0.0158576 0.023465 0.0324979 0.0425501 0.0529064 0.0624951 0.0701159 0.0748716 0.0764724 0.0752 0.0716429 0.066448 0.0601999 0.0533865 0.0463924 0.0395033 0.0329217 0.026786 0.0211909 0.0162067 0.011893 0.00830039 0.00545703 0.00334715
 0.00960212 0.015412 0.0228451 0.0317109 0.0416352 0.0519392 0.061586 0.0693949 0.0744548 0.0764242 0.0755109 0.072238 0.0672188 0.0610397 0.0542116 0.0471464 0.0401507 0.0334409 0.0271688 0.0214442 0.0163518 0.0119601 0.00832055 0.00545486 0.00333818
 0.00992272 0.0158691 0.0234137 0.0323251 0.0422049 0.0523781 0.061837 0.0694418 0.0743209 0.0761618 0.0751858 0.071911 0.0669296 0.0608008 0.0540144 0.0469732 0.0399857 0.0332748 0.0269979 0.0212699 0.0161804 0.0118015 0.00818521 0.00534989 0.00326483
 0.00999007 0.0160166 0.0237017 0.0328222 0.0429573 0.0533684 0.0629574 0.0705085 0.0751333 0.0765768 0.0751654 0.07152 0.0662944 0.0600562 0.0532664 0.0462848 0.0393819 0.0327567 0.0265572 0.0208974 0.0158698 0.0115498 0.00799022 0.0052081 0.00316952
 0.00975587 0.015693 0.0233229 0.032463 0.0427204 0.0533587 0.0632505 0.0711228 0.0760111 0.0775836 0.0761192 0.0722454 0.0666809 0.0600894 0.0530156 0.0458609 0.0388924 0.032278 0.0261299 0.0205359 0.0155746 0.0113165 0.00781338 0.00508126 0.00308476
 0.00927647 0.0149222 0.0221854 0.0309115 0.0407666 0.0511099 0.0609341 0.0690649 0.0745574 0.0769908 0.0764693 0.0734262 0.0684348 0.0621022 0.0550063 0.0476395 0.0403722 0.0334518 0.0270319 0.0212111 0.0160644 0.0116566 0.00803619 0.00521714 0.00316106
 0.00884012 0.0142351 0.0211923 0.0295753 0.0390743 0.0490854 0.0586586 0.0666962 0.0723316 0.0751938 0.075379 0.073238 0.0691969 0.0636913 0.0571609 0.0500381 0.042721 0.0355446 0.0287656 0.0225662 0.017072 0.0123702 0.00851524 0.00551951 0.00333877
 0.00849244 0.0137281 0.0205355 0.0288103 0.0382557 0.0482531 0.0578192 0.0658268 0.0714062 0.074219 0.0744232 0.0724361 0.0687213 0.0636944 0.0577109 0.0510833 0.0441021 0.0370502 0.0301998 0.0237953 0.018037 0.0130723 0.00899147 0.00582068 0.00351568
#obs surv len freq
 0.00496873 0.00813662 0.0123726 0.0176893 0.023961 0.0308248 0.0376591 0.0437443 0.0485318 0.0518189 0.0537196 0.0545136 0.0545164 0.0540233 0.0532958 0.0525504 0.0519352 0.051487 0.0510678 0.050308 0.0486247 0.0453866 0.0402161 0.033282 0.0253665
 0.00518329 0.00848955 0.0129111 0.0184595 0.0249979 0.0321376 0.0392165 0.0454712 0.0503214 0.053555 0.0552961 0.0558417 0.0555227 0.0546449 0.0534783 0.0522525 0.0511379 0.0502048 0.0493573 0.048271 0.0464046 0.0431555 0.0381504 0.0315285 0.0240106
 0.00540205 0.00884967 0.0134617 0.0192497 0.0260684 0.0335056 0.0408604 0.0473232 0.0522754 0.0554855 0.0570778 0.0573644 0.0566977 0.0554046 0.0537722 0.0520417 0.050396 0.0489267 0.0475754 0.0460717 0.0439358 0.0406161 0.0357581 0.0294727 0.0224076
 0.00564563 0.00924571 0.0140581 0.0200918 0.0271914 0.034922 0.0425469 0.0492144 0.0542714 0.0574687 0.0589293 0.0589748 0.0579718 0.0562643 0.0541565 0.0519052 0.0497073 0.0476729 0.0457758 0.0437985 0.0413305 0.0378869 0.0331474 0.0272019 0.0206209
 0.00588859 0.00964692 0.0146733 0.0209761 0.0283878 0.0364437 0.0443596 0.0512322 0.0563719 0.0595184 0.0608069 0.0605803 0.0592259 0.0571034 0.0545279 0.0517646 0.0490192 0.0464169 0.043961 0.0414855 0.0386518 0.0350496 0.0304044 0.0247934 0.0187108
 0.00614035 0.0100576 0.0152943 0.021857 0.0295679 0.0379376 0.046142 0.0532301 0.058472 0.061587 0.0627112 0.062205 0.0604815 0.0579264 0.0548754 0.0516057 0.0483289 0.0451782 0.0421786 0.0392097 0.0360031 0.0322254 0.0276542 0.0223613 0.0167693
 0.0063862 0.0104607 0.0159073 0.0227306 0.0307408 0.0394209 0.0479031 0.0551885 0.0605114 0.0635784 0.0645332 0.0637541 0.0616749 0.0587014 0.0551877 0.0514256 0.0476372 0.043965 0.0404523 0.0370174 0.0334543 0.0295029 0.0249937 0.0199982 0.0148742
 0.00662491 0.0108524 0.0165034 0.0235811 0.0318845 0.0408694 0.0496247 0.0571025 0.0624995 0.0655078 0.0662789 0.0652132 0.0627708 0.059382 0.0554202 0.0511902 0.0469222 0.0427668 0.0387834 0.0349242 0.0310383 0.0269312 0.0224825 0.0177656 0.0130803
 0.00683591 0.0112008 0.0170376 0.0243496 0.032926 0.0421978 0.0512132 0.0588779 0.0643524 0.067313 0.0679167 0.0665821 0.0637932 0.0600056 0.0556147 0.050942 0.046228 0.0416312 0.0372248 0.0329891 0.0288202 0.0245805 0.0201924 0.0157309 0.0114445
 0.0070517 0.011553 0.0175704 0.0251048 0.0339352 0.0434691 0.052718 0.0605458 0.0660798 0.0689827 0.0694162 0.067817 0.0646924 0.0605223 0.0557242 0.0506369 0.0455128 0.0405195 0.035742 0.0311843 0.0267811 0.0224414 0.0181228 0.0139002 0.00997642
 0.00727685 0.0119209 0.018127 0.0258928 0.0349843 0.044781 0.0542526 0.0622174 0.0677714 0.0705696 0.0707888 0.0688919 0.0654149 0.060863 0.0556743 0.0502025 0.0447097 0.0393707 0.0342808 0.0294624 0.0248812 0.0204832 0.0162523 0.0122606 0.00866988
 0.00745063 0.0122107 0.0185764 0.0265466 0.0358782 0.0459266 0.0556215 0.0637365 0.0693331 0.0720535 0.0720827 0.0699067 0.0660906 0.0611691 0.0556052 0.0497711 0.0439401 0.0382943 0.0329369 0.0279051 0.0231883 0.0187602 0.0146234 0.0108444 0.00754829
 0.00753821 0.0123558 0.0188007 0.0268742 0.0363338 0.0465306 0.056383 0.064646 0.0703583 0.0731387 0.0731535 0.0708785 0.0668806 0.0617084 0.0558476 0.0496949 0.0435464 0.0376023 0.0319814 0.0267382 0.0218828 0.0174106 0.013337 0.00972129 0.0066571
 0.00759686 0.012443 0.0189174 0.0270182 0.0365031 0.0467291 0.0566233 0.0649489 0.0707465 0.0736276 0.0737412 0.0715387 0.0675618 0.0623397 0.0563512 0.0500014 0.0436064 0.0373934 0.0315102 0.0260396 0.0210183 0.0164638 0.0124033 0.00888902 0.00598813
 0.00766578 0.0125476 0.0190606 0.0271967 0.0367077 0.0469458 0.056836 0.0651442 0.0709203 0.0737905 0.0739177 0.0717572 0.0678393 0.0626692 0.0566963 0.0503031 0.0437978 0.0374173 0.0313335 0.0256621 0.0204748 0.0158182 0.0117354 0.00827626 0.00548675
 0.00770667 0.0126104 0.0191481 0.0273086 0.0368403 0.0470915 0.056984 0.0652813 0.0710344 0.0738761 0.0739798 0.0718128 0.0679127 0.0627818 0.0568556 0.0504932 0.0439791 0.0375361 0.031339 0.0255238 0.0201942 0.0154302 0.0112981 0.00785335 0.00512889
 0.00774731 0.0126704 0.0192271 0.0274023 0.0369416 0.0471928 0.0570785 0.0653636 0.0711005 0.0739235 0.0740088 0.0718276 0.0679228 0.0628009 0.0568973 0.050564 0.0440707 0.0376229 0.0313837 0.025491 0.0200655 0.015214 0.0110275 0.0075738 0.00488169
 0.00783626 0.0128075 0.019419 0.0276487 0.0372338 0.0475129 0.0573991 0.0656506 0.0713204 0.0740524 0.0740383 0.0717659 0.0677901 0.0626239 0.0567042 0.0503791 0.0439098 0.0374881 0.0312624 0.0253616 0.0199084 0.0150224 0.0108125 0.00735923 0.00469332
 0.00783696 0.0128139 0.0194383 0.0276905 0.0373076 0.0476237 0.0575437 0.0658167 0.071489 0.0742026 0.0741524 0.0718328 0.0678065 0.0625948 0.056641 0.0502969 0.043823 0.037406 0.0311861 0.0252836 0.0198176 0.0149118 0.0106848 0.00722702 0.00457293
 0.00786269 0.0128466 0.0194712 0.0277131 0.0373104 0.0476047 0.0575123 0.0657917 0.0714906 0.0742423 0.0742278 0.0719287 0.0679023 0.0626718 0.0566881 0.0503123 0.0438123 0.0373777 0.0311472 0.0252366 0.0197609 0.0148432 0.0106057 0.00714402 0.00449582
 0.00788943 0.0128871 0.0195258 0.0277791 0.0373806 0.0476676 0.0575541 0.0658006 0.0714628 0.0741867 0.0741644 0.0718799 0.067883 0.0626829 0.0567187 0.0503465 0.0438369 0.0373862 0.0311391 0.0252141 0.0197264 0.0147987 0.010554 0.00708993 0.00444541
 0.00791132 0.0129203 0.0195716 0.0278365 0.037447 0.0477383 0.0576219 0.0658563 0.071496 0.0741894 0.0741344 0.0718238 0.0678152 0.0626208 0.0566749 0.0503246 0.0438314 0.0373872 0.0311371 0.0252036 0.0197058 0.0147693 0.0105188 0.00705307 0.00441125
 0.00790606 0.0129115 0.0195579 0.0278167 0.0374206 0.0477061 0.0575869 0.0658226 0.0714684 0.0741709 0.0741254 0.0718227 0.0678195 0.0626301 0.0566913 0.0503509 0.0438684 0.0374315 0.031182 0.0252414 0.0197312 0.0147804 0.0105173 0.00704296 0.00439736
 0.00787787 0.0128646 0.0194857 0.0277132 0.0372825 0.0475363 0.0573966 0.0656315 0.0713004 0.0740482 0.0740628 0.0718245 0.0678802 0.0627371 0.0568291 0.050505 0.0440271 0.0375856 0.0313239 0.0253643 0.0198299 0.0148524 0.0105639 0.00706872 0.00440848
 0.00786803 0.0128428 0.0194421 0.0276354 0.0371587 0.0473605 0.0571739 0.0653795 0.0710464 0.073823 0.0738947 0.0717335 0.0678752 0.0628143 0.0569741 0.0506969 0.0442431 0.0378053 0.031531 0.0255472 0.0199809 0.0149684 0.0106458 0.00712108 0.00443835
 0.00787258 0.0128467 0.0194412 0.0276226 0.0371247 0.0472953 0.0570691 0.0652317 0.0708601 0.0736128 0.073684 0.0715511 0.0677478 0.0627605 0.057 0.0507951 0.0443963 0.0379909 0.0317259 0.0257319 0.0201414 0.0150968 0.0107402 0.00718448 0.00447687
 0.00784585 0.0128066 0.0193868 0.0275549 0.0370457 0.0472067 0.0569713 0.065124 0.0707421 0.0734856 0.0735529 0.0714262 0.0676443 0.0626959 0.0569892 0.050846 0.0445064 0.0381473 0.0319088 0.0259194 0.0203142 0.0152416 0.0108509 0.00726165 0.00452569
 0.00783864 0.0127903 0.0193543 0.0274977 0.0369565 0.0470844 0.0568238 0.0649671 0.0705938 0.0733603 0.0734565 0.0713579 0.0676011 0.0626769 0.056998 0.0508892 0.0445889 0.0382683 0.0320596 0.0260848 0.0204765 0.015385 0.0109656 0.00734471 0.00458006
 0.007802 0.0127333 0.019273 0.0273897 0.0368211 0.0469224 0.0566388 0.0647676 0.0703944 0.0731802 0.073316 0.0712727 0.0675779 0.0627123 0.0570825 0.0510116 0.0447402 0.0384416 0.0322478 0.0262778 0.0206613 0.0155487 0.0110984 0.00744277 0.00464568
 0.00776589 0.0126713 0.0191739 0.0272421 0.0366174 0.0466639 0.05634 0.0644552 0.0701014 0.0729367 0.0731437 0.0711829 0.0675731 0.0627884 0.0572288 0.0512127 0.0449783 0.0386993 0.0325098 0.0265305 0.0208926 0.0157479 0.0112581 0.00756072 0.00472517
 0.00775358 0.0126499 0.019139 0.0271877 0.0365364 0.0465492 0.0561869 0.0642644 0.0698814 0.0727054 0.0729258 0.0710046 0.0674563 0.0627458 0.0572628 0.0513165 0.0451384 0.0388985 0.0327294 0.0267529 0.0211019 0.0159314 0.0114074 0.00767257 0.00480175
 0.00932877 0.0148542 0.0217979 0.0299192 0.0388621 0.0480719 0.0567302 0.0638986 0.0688408 0.0712681 0.0713269 0.0694072 0.0659596 0.0614057 0.0561079 0.0503564 0.0443688 0.0383047 0.0322901 0.0264431 0.0208959 0.0158039 0.0113354 0.00763634 0.00478618
 0.00930561 0.0151078 0.0226931 0.0319086 0.0422889 0.0529035 0.0623898 0.0693593 0.072991 0.0733505 0.0711884 0.0674398 0.06283 0.0577706 0.0524519 0.0469664 0.0413819 0.0357682 0.030204 0.024783 0.0196232 0.0148705 0.0106858 0.00721126 0.00452701
 0.00895183 0.0145519 0.0219139 0.0309558 0.0413361 0.052284 0.062557 0.070726 0.0756846 0.0770308 0.0750887 0.0706592 0.0647091 0.0581202 0.0515233 0.0452408 0.039342 0.0337662 0.0284379 0.0233331 0.0184986 0.0140434 0.0101108 0.00683598 0.00429888
 0.00877608 0.0142548 0.0214464 0.0302687 0.0403989 0.0511189 0.0612813 0.0695797 0.0750098 0.0771765 0.0762565 0.0727579 0.067323 0.0606445 0.0534089 0.0462026 0.039416 0.033211 0.0275751 0.0224251 0.017703 0.0134239 0.0096704 0.00654718 0.00412395
 0.00871447 0.014148 0.0212723 0.0299996 0.0400041 0.0505717 0.0605716 0.0687321 0.0741042 0.0763631 0.0757461 0.0727686 0.0679852 0.0619076 0.0550175 0.0477807 0.0406209 0.033866 0.0277046 0.0221913 0.0173031 0.0130128 0.00933274 0.00630813 0.00397349
 0.00869127 0.0141097 0.021213 0.0299116 0.0398771 0.0503921 0.0603231 0.068399 0.0736789 0.075859 0.0752135 0.0723051 0.0677247 0.0619779 0.055476 0.0485632 0.0415469 0.0347088 0.0282894 0.0224585 0.0173053 0.0128609 0.00913443 0.00613275 0.00384806
 0.00868575 0.0140991 0.0211939 0.0298797 0.0398274 0.0503201 0.0602247 0.0682699 0.0735132 0.0756495 0.0749575 0.0720141 0.0674367 0.0617605 0.0554104 0.0487085 0.0419011 0.0351945 0.0287814 0.0228402 0.017518 0.0129155 0.00908687 0.00604589 0.00376573
 0.00865685 0.0140562 0.021137 0.029811 0.0397507 0.0502389 0.0601412 0.0681846 0.0734253 0.0755566 0.0748557 0.0719 0.0673115 0.0616373 0.055319 0.0486907 0.0419921 0.0354 0.0290648 0.0231345 0.0177564 0.0130612 0.00914261 0.00604107 0.00373486
 0.00864867 0.0140396 0.021106 0.029759 0.0396728 0.0501352 0.0600196 0.0680593 0.0733121 0.0754668 0.0747922 0.0718576 0.0672812 0.0616122 0.0552999 0.0486892 0.0420281 0.0354909 0.0292121 0.0233173 0.0179379 0.0132062 0.00923342 0.00608122 0.00374136
 0.00866462 0.0140635 0.0211379 0.0297967 0.0397114 0.050167 0.060035 0.0680494 0.0732719 0.0753986 0.074705 0.0717638 0.0671918 0.061533 0.0552335 0.0486381 0.0419983 0.0354914 0.0292496 0.0233889 0.0180291 0.0132957 0.00930304 0.00612338 0.00375941
 0.00865453 0.0140525 0.0211311 0.0298018 0.0397359 0.0502142 0.0601011 0.0681224 0.0733354 0.0754368 0.0747079 0.07173 0.0671279 0.0614511 0.0551465 0.0485573 0.0419325 0.0354476 0.0292327 0.0233997 0.0180622 0.0133399 0.00934566 0.00615531 0.00377793
 0.0086318 0.014017 0.0210808 0.0297368 0.03966 0.0501358 0.0600328 0.0680786 0.073327 0.0754657 0.0747651 0.0717986 0.0671902 0.061495 0.0551686 0.0485618 0.041928 0.0354435 0.0292367 0.0234161 0.0180904 0.0133754 0.00938135 0.00618484 0.00379815
 0.00864003 0.014027 0.0210897 0.0297398 0.0396517 0.0501125 0.0599947 0.0680308 0.0732787 0.0754278 0.0747465 0.071803 0.0672139 0.0615284 0.0552001 0.0485831 0.0419367 0.0354429 0.0292334 0.0234165 0.0180982 0.0133902 0.00939973 0.00620257 0.00381203
 0.00862393 0.014005 0.0210639 0.0297145 0.0396311 0.0500983 0.0599848 0.06802 0.0732618 0.0754035 0.074719 0.0717804 0.0672045 0.0615366 0.0552244 0.0486167 0.0419713 0.0354726 0.0292563 0.0234344 0.0181141 0.0134062 0.00941581 0.0062173 0.00382381
 0.00861428 0.0139888 0.0210389 0.0296788 0.0395848 0.0500448 0.0599307 0.0679743 0.0732318 0.0753916 0.0747221 0.0717928 0.0672213 0.0615567 0.055249 0.0486472 0.0420066 0.0355093 0.0292906 0.0234639 0.0181384 0.0134262 0.00943243 0.00623079 0.00383406
 0.00861428 0.0139888 0.0210389 0.0296788 0.0395848 0.0500448 0.0599307 0.0679743 0.0732318 0.0753916 0.0747221 0.0717928 0.0672213 0.0615567 0.055249 0.0486472 0.0420066 0.0355093 0.0292906 0.0234639 0.0181384 0.0134262 0.00943243 0.00623079 0.00383406
 0.00871502 0.0141462 0.0212633 0.0299734 0.0399427 0.0504462 0.060341 0.0683473 0.0735199 0.0755583 0.0747515 0.0716903 0.0670094 0.0612667 0.0549154 0.0483023 0.041677 0.0352135 0.0290388 0.0232593 0.0179798 0.0133094 0.0093515 0.00617865 0.00380316
 0.0087129 0.0141523 0.0212902 0.0300383 0.0400632 0.0506325 0.0605892 0.068637 0.0738176 0.0758255 0.0749527 0.0718004 0.0670178 0.0611781 0.0547474 0.0480807 0.04143 0.0349672 0.0288131 0.0230667 0.0178258 0.0131938 0.00927038 0.00612567 0.00377124
 0.00892089 0.0144783 0.0217571 0.0306572 0.0408282 0.0515155 0.0615344 0.069562 0.0746253 0.0764244 0.0752769 0.0718209 0.0667442 0.060653 0.0540364 0.0472596 0.0405736 0.0341399 0.0280639 0.0224272 0.0173104 0.0128024 0.00899138 0.00594012 0.00365687
 0.0089409 0.0145319 0.0218763 0.0308836 0.0412012 0.0520543 0.0622223 0.0703435 0.0754179 0.0771389 0.0758348 0.0721654 0.0668442 0.0605052 0.0536643 0.0467104 0.0399103 0.033431 0.0273729 0.0218043 0.0167878 0.0123937 0.00869383 0.00573923 0.00353171
 0.0089936 0.0146115 0.0219863 0.0310266 0.0413836 0.0522893 0.0625298 0.0707408 0.0759058 0.0776893 0.07639 0.0726496 0.0671843 0.0606495 0.0535926 0.0464353 0.0394712 0.032885 0.0267843 0.0212333 0.0162817 0.0119811 0.00838412 0.00552532 0.00339622
 0.00898269 0.0145965 0.0219687 0.0310097 0.0413717 0.0522876 0.0625453 0.0707846 0.075995 0.0778438 0.0766236 0.0729578 0.0675363 0.0609908 0.0538605 0.046578 0.0394639 0.0327351 0.0265257 0.0209153 0.0159553 0.0116873 0.00814759 0.00535365 0.00328354
 0.00927177 0.0150468 0.0226078 0.0318451 0.0423837 0.0534222 0.0637097 0.0718544 0.0768392 0.078361 0.0767703 0.0727558 0.0670566 0.0603249 0.0530919 0.0457661 0.0386434 0.0319265 0.0257485 0.0201942 0.0153187 0.0111595 0.00774093 0.00506489 0.00309584
 0.00895601 0.0145778 0.0219861 0.0311052 0.0415903 0.0526607 0.0630746 0.0714358 0.0767045 0.0785342 0.0772219 0.0734102 0.0678156 0.061094 0.0537987 0.046365 0.0391108 0.0322549 0.0259432 0.0202728 0.0153096 0.0110974 0.00765866 0.00498689 0.00303512
 0.00922027 0.014944 0.0224207 0.0315392 0.0419417 0.0528679 0.0631225 0.0713578 0.0765618 0.0783872 0.0771092 0.0733429 0.0677829 0.061074 0.0537678 0.046305 0.039012 0.032116 0.0257696 0.0200755 0.0151038 0.0109005 0.00748712 0.00485158 0.00293901
 0.00926704 0.0150531 0.0226419 0.0319277 0.0425303 0.0536317 0.0639587 0.0721061 0.0770635 0.0785527 0.0769507 0.0729547 0.0672882 0.060574 0.0533178 0.0459187 0.0386791 0.0318195 0.0254967 0.0198211 0.0148701 0.0106943 0.00731589 0.00471994 0.0028465
 0.00928353 0.0150746 0.022667 0.0319586 0.0425806 0.0537322 0.0641526 0.0724283 0.0775097 0.0790606 0.077412 0.0732597 0.0673749 0.0604512 0.0530493 0.0455845 0.0383422 0.0315127 0.0252283 0.019588 0.0146681 0.0105224 0.0071756 0.00461259 0.00277081
 0.00887918 0.0144361 0.0217445 0.0307269 0.0410547 0.0519865 0.0623367 0.0707602 0.0762351 0.0783862 0.0774416 0.0739621 0.068598 0.061975 0.0546536 0.0471016 0.0396761 0.032627 0.0261219 0.0202756 0.0151716 0.0108692 0.0073974 0.00474289 0.00284034
 0.00877128 0.0142149 0.0213282 0.0300157 0.0399598 0.0504761 0.0604763 0.0687223 0.0742684 0.0767585 0.0763813 0.0736125 0.0689908 0.0630246 0.0561791 0.0488736 0.0414727 0.0342787 0.0275287 0.0213998 0.0160193 0.011472 0.00779948 0.00499253 0.00298344
 0.00899537 0.0145639 0.0218196 0.0306412 0.0406702 0.0511679 0.0609929 0.0688846 0.0739367 0.0759004 0.0751054 0.0721454 0.0676064 0.061961 0.0555758 0.0487483 0.0417392 0.0347919 0.0281371 0.0219845 0.0165095 0.0118416 0.00805354 0.00515224 0.0030751
#pred catch len freq
 0.00578022 0.0090676 0.0130676 0.0176083 0.0225621 0.0278362 0.0332884 0.0386809 0.0437258 0.0481682 0.0518345 0.0546404 0.0565845 0.0577307 0.0581748 0.0580064 0.0572867 0.0560379 0.0542272 0.051733 0.0483285 0.0437431 0.0378349 0.0307994 0.0232527
 0.00617992 0.00961 0.0136912 0.0182049 0.0230271 0.0281373 0.0335064 0.0389826 0.0442753 0.0490263 0.05291 0.0557216 0.0574283 0.0581589 0.0581322 0.0575636 0.0565923 0.0552466 0.0534339 0.0509465 0.0474971 0.0428158 0.0368181 0.0297703 0.0223237
 0.00678419 0.0105285 0.0149488 0.0197676 0.0247955 0.0299518 0.0351689 0.0403053 0.0451506 0.0494795 0.0530839 0.0557874 0.0574771 0.0581512 0.0579371 0.057052 0.0557165 0.0540581 0.0520423 0.049459 0.0459834 0.0413168 0.0353783 0.028458 0.021218
 0.00732821 0.0113793 0.0161673 0.0213889 0.0268235 0.032348 0.0378314 0.0430508 0.0477227 0.0515964 0.0545184 0.0564413 0.0574051 0.0575115 0.0568973 0.0557141 0.0541083 0.052181 0.0499257 0.0471805 0.0436542 0.0390576 0.0333048 0.0266718 0.0197919
 0.00787312 0.0122165 0.0173391 0.0229103 0.0286905 0.0345478 0.040339 0.045809 0.0506152 0.0544311 0.0570361 0.0583602 0.0584941 0.0576601 0.0561422 0.054204 0.0520302 0.0496991 0.0471659 0.0442541 0.0406876 0.0362012 0.0307167 0.0244867 0.0180901
 0.00839988 0.0130325 0.018493 0.0244232 0.030558 0.0367433 0.0428117 0.048481 0.0533823 0.0571663 0.0595886 0.0605506 0.0601191 0.0585218 0.0560984 0.0532148 0.0501717 0.0471358 0.0441039 0.0409057 0.0372617 0.0329054 0.0277478 0.0220036 0.01618
 0.00888831 0.0137873 0.0195578 0.0258168 0.032279 0.0387741 0.0451156 0.0509929 0.0560027 0.0597662 0.062021 0.0626638 0.0617646 0.0595585 0.0563992 0.0526852 0.0487787 0.0449319 0.0412318 0.0375806 0.0337416 0.0294599 0.0246254 0.0193943 0.0141827
 0.00925446 0.0143599 0.0203781 0.0269113 0.0336586 0.0404337 0.0470283 0.053104 0.0582295 0.0620038 0.0641514 0.0645632 0.0633102 0.0606334 0.0568972 0.0525163 0.047881 0.0432935 0.038914 0.0347317 0.0305891 0.0262783 0.0216869 0.0169143 0.0122777
 0.00942567 0.0146495 0.0208359 0.0275929 0.0346172 0.0417042 0.0486099 0.0549497 0.0602491 0.064077 0.0661452 0.0663477 0.0647701 0.0616735 0.0574411 0.0525027 0.0472634 0.04205 0.0370684 0.0323771 0.0278988 0.0234903 0.0190594 0.0146655 0.0105356
 0.00954737 0.0148345 0.0210931 0.0279291 0.0350458 0.0422536 0.0493247 0.0558778 0.0614172 0.0654669 0.0676831 0.0679136 0.0662229 0.0628776 0.0582842 0.0529004 0.0471575 0.0414088 0.0358959 0.0307307 0.0259039 0.0213361 0.0169667 0.0128342 0.00909433
 0.00983166 0.015255 0.0216482 0.0285905 0.0357668 0.0429855 0.0500313 0.0565445 0.0620534 0.0661018 0.068351 0.0686322 0.0669725 0.0635947 0.0588731 0.0532552 0.0471845 0.0410414 0.0351068 0.0295434 0.0244029 0.0196652 0.0153048 0.0113525 0.00791105
