SBPRF35
12.7214
Curr Bio
817159
B35
878655
F35
0.170368
FOFL
0.155091
OFL
102288
Bzero
3.63469e+006
#pred survey bio
 3.43803e+006 3.33927e+006 3.24731e+006 3.09933e+006 2.90755e+006 2.67904e+006 2.46104e+006 2.23777e+006 2.00386e+006 1.79458e+006 1.57286e+006 1.42308e+006 1.27373e+006 1.1356e+006 1.00836e+006 890918 803563 714051 668006 640795 613086 586489 571711 552111 543402 534302 536677 538549 539649 546447 545910 541734 549582 560682 568660 574474 595386 607446 621875 636927 663778 673019 674035 677901 681987 691375 692294 696093 699053 704091 701272 731326 763783 789947 812732 833862 856767 863770 858950 845729 843937 822102 2.82906e+007 1.66087e+007 1.66234e+007 1.73716e+007 1.86426e+007 2.01482e+007 2.16626e+007 2.30479e+007 2.42399e+007 2.52236e+007 2.60123e+007 2.6632e+007 2.71122e+007 2.74809e+007 2.77625e+007 2.7977e+007 2.81403e+007 2.82648e+007 2.836e+007 2.84329e+007 2.84892e+007 2.85326e+007 2.85665e+007 2.85929e+007 2.86136e+007 2.86299e+007 2.86429e+007 2.86531e+007 2.86612e+007 2.86678e+007 2.8673e+007 2.86772e+007 2.86806e+007 2.86833e+007 2.86855e+007 2.86873e+007 2.86888e+007 2.869e+007 2.86909e+007 2.86917e+007 2.86924e+007 2.86929e+007 2.86933e+007 2.86937e+007 2.8694e+007 2.86942e+007 2.86944e+007 2.86945e+007 2.86947e+007 2.86948e+007 2.86949e+007 2.86949e+007 2.8695e+007 2.8695e+007 2.86951e+007 2.86951e+007 2.86951e+007 2.86951e+007 2.86952e+007 2.86952e+007 2.86952e+007 2.86952e+007 2.86952e+007 2.86952e+007 2.86952e+007 2.86952e+007 2.86952e+007 2.86952e+007 2.86952e+007 2.86952e+007 2.86952e+007 2.86952e+007 2.86952e+007 2.86952e+007 2.86952e+007 2.86952e+007 2.86952e+007 2.86952e+007 2.86952e+007 2.86952e+007 2.86952e+007 2.86952e+007 2.86952e+007 2.86952e+007 2.86952e+007 2.86952e+007 2.86952e+007 2.86952e+007 2.86952e+007 2.86952e+007 2.86952e+007 2.86952e+007 2.86952e+007 2.86952e+007 2.86952e+007 2.86952e+007 2.86952e+007 2.86952e+007 2.86952e+007 2.86952e+007 0 0 0 0 0 0 0 0 0 0 0 0 0 0 0 0 0 0 0 0 0 0 0 0 0
#obs survey bio
 3.25548e+006 3.3958e+006 3.95582e+006 2.70461e+006 2.54958e+006 2.91653e+006 2.0938e+006 1.7923e+006 1.30958e+006 1.61791e+006 1.49362e+006 1.29491e+006 1.31467e+006 946584 829959 827062 620196 683209 673264 876814 531963 502519 321186 515440 555400 387165 466852 912636 659767 639129 439858 583323 442421 483394 362851 528460 739638 596316 687662 464471 610222 621141 569938 649021 846144 498075 645426 723305 732949 565691 788850 849012 773294 711000 565813 828191 798088 736792 642166 978648 675409 882113
#pred catch bio
 91666.7 89870.2 148260 199213 247008 253661 275573 301790 294034 316223 260102 265770 258582 249167 238375 208593 204887 161739 141729 138538 134285 122396 125128 114391 113496 103210 103296 102862 97119.6 102578 104597 94120.9 92217.1 95757.4 98025.8 86205.3 94946.5 93881.2 94772.2 86868.9 103529 110724 108261 108271 104495 112511 110200 110728 108758 115278 87984 87616.3 93913.7 97590.4 99906.1 98976.9 112198 120710 125573 113075 126267 112667 102288 109035 107776 111036 118479 127822 137278 145846 153092 158937 163495 166957 169537 171431 172804 173790 174493 174991 175342 175589 175761 175882 175966 176024 176065 176093 176113 176126 176136 176142 176146 176150 176152 176153 176154 176155 176155 176156 176156 176156 176156 176156 176156 176156 176156 176156 176156 176156 176156 176156 176156 176156 176156 176156 176156 176156 176156 176156 176156 176156 176156 176156 176156 176156 176156 176156 176156 176156 176156 176156 176156 176156 176156 176156 176156 176156 176156 176156 176156 176156 176156 176156 176156 176156 176156 176156 176156 176156 176156 176156 176156 176156 176156 176156 176156 176156 176156 176156 176156 176156 0 0 0 0 0 0 0 0 0 0 0 0 0 0 0 0 0 0 0 0 0 0 0 0 0
#obs catch bio
 0 89481.3 148422 199476 247736 254362 276649 304736 297580 322630 263063 269897 262132 252373 242811 211842 209318 163836 143218 139204 134836 123088 127402 115821 115000 104556 104987 103603 97501.4 102749 105402 94590.7 92664.5 96365 99104.2 86543.7 95690.9 94157.9 95183.3 87143.3 104018 111030 108790 108634 104476 113404 110832 111213 108771 115776 87997.8 87776.3 94125.2 97931.2 100440 99289.3 112582 121069 126249 112999 126778 112584
#pred cpue bio
 3.38482e+006 3.28764e+006 3.19706e+006 3.04958e+006 2.85806e+006 2.63003e+006 2.41237e+006 2.18956e+006 1.95646e+006 1.74811e+006 1.52819e+006 1.37939e+006 1.23144e+006 1.0949e+006 969404 853928 768335 681277 636831 610865 584313 558498 543904 524755 516410 507758 510142 512220 513720 520669 520329 516339 524002 534800 542567 548294 568745 580621 594666 609223 635293 644339 645348 649125 653132 662182 662966 666730 669838 674884 672123 701529 733665 759606 781916 802534 825134 832382 827976 815332 814056 793695 2.73619e+007 1.60808e+007 1.59479e+007 1.64943e+007 1.76783e+007 1.91588e+007 2.06672e+007 2.20512e+007 2.32429e+007 2.42266e+007 2.50153e+007 2.5635e+007 2.61152e+007 2.64839e+007 2.67655e+007 2.698e+007 2.71433e+007 2.72678e+007 2.73629e+007 2.74359e+007 2.74921e+007 2.75356e+007 2.75694e+007 2.75958e+007 2.76166e+007 2.76329e+007 2.76458e+007 2.7656e+007 2.76642e+007 2.76707e+007 2.76759e+007 2.76801e+007 2.76835e+007 2.76863e+007 2.76885e+007 2.76903e+007 2.76917e+007 2.76929e+007 2.76939e+007 2.76947e+007 2.76953e+007 2.76959e+007 2.76963e+007 2.76966e+007 2.76969e+007 2.76971e+007 2.76973e+007 2.76975e+007 2.76976e+007 2.76977e+007 2.76978e+007 2.76979e+007 2.76979e+007 2.7698e+007 2.7698e+007 2.76981e+007 2.76981e+007 2.76981e+007 2.76981e+007 2.76981e+007 2.76981e+007 2.76982e+007 2.76982e+007 2.76982e+007 2.76982e+007 2.76982e+007 2.76982e+007 2.76982e+007 2.76982e+007 2.76982e+007 2.76982e+007 2.76982e+007 2.76982e+007 2.76982e+007 2.76982e+007 2.76982e+007 2.76982e+007 2.76982e+007 2.76982e+007 2.76982e+007 2.76982e+007 2.76982e+007 2.76982e+007 2.76982e+007 2.76982e+007 2.76982e+007 2.76982e+007 2.76982e+007 2.76982e+007 2.76982e+007 2.76982e+007 2.76982e+007 2.76982e+007 2.76982e+007 2.76982e+007 2.76982e+007 2.76982e+007 2.76982e+007 2.76982e+007 2.76982e+007 0 0 0 0 0 0 0 0 0 0 0 0 0 0 0 0 0 0 0 0 0 0 0 0 0
#obs cpue bio
 3.08308e+006 4.10691e+006 2.38172e+006 2.56902e+006 2.89868e+006 1.86783e+006 2.6048e+006 1.64874e+006 1.91034e+006 1.26858e+006 1.72092e+006 1.19189e+006 1.14894e+006 1.19743e+006 748934 758213 690852 675878 566871 588610 662473 490203 436800 544987 430635 491137 395765 485162 429239 540277 418080 451260 600679 530781 573419 683626 382863 749665 483844 645947 771143 784916 561921 747461 621864 506917 712821 688482 820798 742826 539125 559771 729776 696107 872823 828172 991345 983619 925755 922602 894437 930946
#pred surv len freq
 0.00501185 0.0080928 0.0120973 0.016981 0.0226158 0.0287215 0.0348326 0.0404015 0.0450012 0.048466 0.0508743 0.0524281 0.0533443 0.0538042 0.0539437 0.0538619 0.0536364 0.0533222 0.0529039 0.052198 0.0507713 0.0479988 0.0433343 0.0366907 0.0286663
 0.00519172 0.00830256 0.0122648 0.0170002 0.0223899 0.0282233 0.0341432 0.0396925 0.0444617 0.048217 0.0509237 0.0526907 0.0537051 0.0541821 0.0543214 0.054273 0.054122 0.0538827 0.0534716 0.0526478 0.0509715 0.047876 0.042915 0.0360913 0.0280391
 0.00540414 0.0086434 0.0127631 0.0176633 0.0231837 0.0290536 0.0348585 0.0401254 0.0445026 0.0478782 0.0503435 0.0520655 0.053195 0.0538541 0.0541587 0.0542261 0.0541516 0.0539643 0.0535699 0.0526953 0.0508791 0.0475765 0.0424071 0.0354512 0.0273861
 0.00561778 0.00898944 0.0132819 0.0183924 0.0241497 0.0302574 0.0362537 0.0416007 0.0458841 0.0489638 0.0509639 0.0521494 0.0527988 0.0531332 0.053296 0.053362 0.053355 0.0532427 0.0528932 0.0520134 0.0501375 0.0467397 0.0414862 0.0345121 0.026526
 0.00585856 0.00937406 0.0138488 0.0191748 0.025172 0.0315288 0.0377571 0.0432831 0.0476503 0.0506766 0.0524529 0.0532347 0.0533344 0.0530561 0.0526531 0.052292 0.0520319 0.0518146 0.0514469 0.0505766 0.0487059 0.0453139 0.0400984 0.0332308 0.0254337
 0.00615771 0.00984757 0.014538 0.0201105 0.0263714 0.0329891 0.039448 0.0451426 0.0495895 0.0525886 0.0542192 0.0547253 0.0544101 0.0535858 0.0525473 0.0515382 0.0507074 0.0500633 0.0494328 0.0484413 0.046555 0.0432307 0.0381658 0.0315377 0.0240572
 0.00646369 0.0103325 0.0152447 0.0210715 0.0276042 0.03449 0.041183 0.0470442 0.051564 0.0545313 0.0560271 0.0563003 0.0556543 0.0543966 0.0528224 0.0511957 0.049716 0.0484649 0.0473428 0.0460247 0.0439945 0.0407037 0.0358327 0.0295311 0.0224641
 0.00676028 0.01081 0.0159547 0.022059 0.0288994 0.0360959 0.0430618 0.049113 0.053706 0.0566182 0.0579398 0.0579389 0.0569371 0.0552522 0.0531812 0.0509887 0.0488869 0.0469953 0.0452783 0.0434884 0.0411778 0.0378378 0.0331497 0.0272225 0.0206471
 0.00705281 0.0112833 0.0166631 0.0230525 0.0302161 0.0377478 0.0450197 0.0512984 0.0559982 0.0588742 0.0600164 0.05971 0.0583029 0.0561404 0.0535399 0.0507766 0.0480678 0.0455474 0.0432184 0.0409007 0.0382304 0.0347705 0.0302312 0.02469 0.0186511
 0.00727106 0.0116419 0.0172107 0.0238387 0.0312842 0.0391224 0.0466918 0.053217 0.0580735 0.06099 0.0620447 0.0615233 0.0597845 0.0571925 0.0540877 0.0507663 0.0474625 0.044327 0.0413929 0.0385348 0.035467 0.0318322 0.0273866 0.0221905 0.016666
 0.00765237 0.0122334 0.0180488 0.0249407 0.0326496 0.0407342 0.0485136 0.0551878 0.0601086 0.0629883 0.0638993 0.0631306 0.0610508 0.0580385 0.05445 0.0505976 0.0467294 0.0430129 0.039508 0.0361376 0.0326872 0.0288777 0.0245173 0.0196583 0.0146473
 0.00788024 0.0126017 0.0185985 0.0257074 0.0336555 0.041977 0.0499571 0.0567628 0.0617278 0.0645674 0.0653699 0.0644387 0.0621462 0.0588648 0.0549431 0.0506903 0.0463606 0.0421372 0.0381105 0.0342531 0.0304194 0.0264055 0.0220716 0.0174698 0.012884
 0.00812946 0.013002 0.0191921 0.0265305 0.0347321 0.0433086 0.05151 0.0584623 0.063466 0.0662227 0.0668307 0.0656214 0.063002 0.0593742 0.0551011 0.0504896 0.0457827 0.0411565 0.036711 0.0324538 0.0282996 0.0241146 0.0198109 0.0154459 0.0112504
 0.00840326 0.0134356 0.0198234 0.0273878 0.0358296 0.0446401 0.0530401 0.0601218 0.065157 0.0678328 0.0682491 0.0667532 0.0637785 0.059759 0.0550888 0.0500956 0.0450281 0.0400571 0.0352795 0.0307174 0.0263246 0.0220221 0.0177674 0.0136251 0.00978307
 0.00861668 0.0137886 0.0203655 0.0281671 0.036882 0.0459711 0.0546092 0.0618386 0.0668967 0.0694625 0.0696515 0.0678385 0.0644871 0.0600597 0.0549769 0.0495888 0.0441592 0.038865 0.0338054 0.0290101 0.0244553 0.0200968 0.0159228 0.0120012 0.00848371
 0.00881125 0.0141048 0.0208416 0.0288404 0.037783 0.0471141 0.055979 0.0633816 0.0685205 0.0710476 0.0710691 0.0689711 0.0652461 0.0603959 0.0548804 0.0490814 0.0432832 0.0376738 0.0323578 0.0273722 0.0227076 0.01834 0.0142736 0.0105716 0.00735226
 0.00880451 0.0141178 0.0209061 0.0290028 0.0380955 0.0476197 0.0566971 0.0643006 0.0696002 0.0722249 0.0722641 0.0700916 0.0661953 0.061085 0.0552422 0.0490805 0.0429182 0.0369732 0.0313725 0.0261707 0.0213742 0.0169737 0.0129802 0.00944743 0.00646213
 0.00895145 0.01434 0.0212108 0.029389 0.0385595 0.0481615 0.0573219 0.0650132 0.0703941 0.0730732 0.073118 0.0708866 0.0668629 0.0615619 0.0554777 0.04904 0.0425875 0.036361 0.0305122 0.0251193 0.0202089 0.0157862 0.0118658 0.00848804 0.00570957
 0.00898496 0.0143803 0.0212455 0.0293988 0.0385249 0.0480737 0.0571933 0.0648811 0.0703164 0.0731145 0.0733305 0.0712913 0.0674368 0.0622391 0.0561631 0.0496309 0.0429951 0.0365261 0.0304136 0.024775 0.0196726 0.0151371 0.0111931 0.00787321 0.00520894
 0.00904761 0.0144612 0.0213283 0.029454 0.0385167 0.047972 0.056985 0.0645783 0.0699574 0.0727605 0.0730564 0.0711708 0.0675223 0.0625435 0.0566501 0.0502207 0.0435831 0.0370091 0.0307142 0.0248577 0.0195482 0.0148554 0.0108272 0.00749791 0.00488242
 0.00925906 0.0147735 0.0217384 0.0299355 0.0390228 0.0484431 0.0573581 0.0647956 0.0699787 0.0725768 0.0726989 0.0707083 0.0670464 0.0621446 0.0563929 0.0501266 0.0436248 0.0371215 0.0308173 0.0248839 0.0194629 0.0146642 0.0105678 0.00722214 0.00463614
 0.009489 0.0151302 0.022242 0.0305891 0.0398076 0.0493133 0.0582376 0.0655832 0.0705668 0.0728788 0.072673 0.0703683 0.0664572 0.0614064 0.0556185 0.0494153 0.0430404 0.0366809 0.0304947 0.0246296 0.0192282 0.0144214 0.0103166 0.00698156 0.00443006
 0.00946865 0.015122 0.0222755 0.0307071 0.0400544 0.0497167 0.0587916 0.0662421 0.0712523 0.073497 0.0731345 0.0706065 0.0664423 0.061153 0.0551822 0.0488788 0.0424908 0.0361864 0.0300893 0.0243123 0.0189754 0.0142061 0.0101227 0.00680801 0.0042845
 0.00945111 0.0151006 0.0222579 0.0307084 0.0400985 0.0498342 0.0590148 0.0665941 0.0717334 0.074073 0.0737353 0.0711396 0.0668174 0.0613074 0.0550978 0.0485851 0.0420535 0.0356864 0.0295996 0.0238805 0.0186199 0.0139233 0.00990009 0.0066346 0.00415364
 0.00946196 0.0151013 0.0222286 0.0306229 0.0399344 0.0495884 0.0587156 0.0663018 0.0715254 0.0740195 0.073875 0.0714643 0.067271 0.0618011 0.055536 0.0488938 0.0422001 0.0356825 0.029488 0.0237141 0.018443 0.0137625 0.00976613 0.00652871 0.00407376
 0.00953488 0.0152095 0.0223709 0.0307884 0.0401013 0.0497256 0.0587878 0.0662795 0.0713996 0.0738135 0.0736439 0.0712785 0.0671883 0.0618423 0.0556769 0.0490767 0.0423591 0.0357691 0.0294856 0.023637 0.0183222 0.0136303 0.00964565 0.00643139 0.00400205
 0.00935652 0.0149546 0.0220521 0.0304394 0.0397667 0.049445 0.0585817 0.0661467 0.0713232 0.0737731 0.0736281 0.0712923 0.0672532 0.0619855 0.0559142 0.049398 0.042726 0.0361276 0.0297864 0.0238518 0.0184492 0.0136871 0.00965729 0.0064204 0.00398394
 0.00922589 0.0147434 0.0217387 0.0300097 0.0392242 0.0488206 0.0579397 0.0655747 0.0709067 0.0735649 0.0736318 0.0714701 0.0675506 0.0623557 0.0563298 0.0498459 0.0431936 0.0365923 0.0302158 0.0242138 0.018724 0.0138731 0.00976833 0.00647794 0.00400883
 0.0092288 0.0147303 0.0216854 0.0298822 0.0389859 0.0484466 0.0574312 0.0649676 0.0702696 0.0729859 0.0731977 0.0712423 0.0675488 0.062557 0.0566832 0.0502932 0.0436846 0.0370881 0.0306847 0.0246284 0.0190631 0.0141268 0.00994019 0.00658255 0.00406563
 0.00922373 0.0147162 0.0216527 0.0298157 0.0388654 0.0482494 0.0571374 0.0645675 0.0697726 0.0724282 0.0726423 0.0707695 0.0672356 0.0624548 0.056803 0.0506054 0.0441321 0.0376048 0.0312101 0.0251148 0.0194778 0.0144526 0.0101748 0.00673649 0.00415705
 0.00922861 0.0147306 0.0216853 0.0298766 0.0389606 0.0483733 0.0572669 0.0646632 0.069788 0.0723249 0.0724054 0.0704171 0.0668189 0.0620472 0.0564795 0.0504208 0.0441065 0.0377216 0.031427 0.0253797 0.0197432 0.0146841 0.0103546 0.00686148 0.00423497
 0.00928155 0.014808 0.0217863 0.0299959 0.0390915 0.0485112 0.0574101 0.064809 0.0699254 0.0724301 0.0724439 0.0703552 0.0666398 0.0617634 0.0561348 0.0500783 0.0438285 0.0375496 0.031371 0.0254206 0.0198445 0.0148068 0.0104687 0.00695063 0.0042953
 0.00929418 0.0148171 0.0217789 0.0299536 0.0389959 0.0483528 0.0571964 0.0645662 0.0696929 0.0722483 0.0723406 0.0703358 0.0666857 0.0618409 0.0562113 0.0501379 0.0438775 0.0376094 0.0314629 0.025552 0.0200052 0.0149747 0.0106204 0.00707059 0.00437887
 0.00922881 0.0147232 0.0216601 0.029819 0.0388555 0.048211 0.0570487 0.0644031 0.0695099 0.072055 0.0721632 0.0702089 0.0666376 0.0618808 0.056326 0.0502996 0.0440577 0.0377906 0.0316409 0.0257294 0.020182 0.0151439 0.0107701 0.00719039 0.00446458
 0.00915412 0.0146111 0.0215092 0.0296354 0.0386524 0.0480066 0.056863 0.0642535 0.0694053 0.0719928 0.0721318 0.0701965 0.0666412 0.0619081 0.0563888 0.0504041 0.044199 0.0379556 0.0318151 0.0259019 0.0203461 0.0152939 0.0109 0.00729435 0.00454023
 0.00914113 0.0145838 0.0214569 0.0295455 0.0385146 0.0478195 0.0566391 0.064019 0.0691932 0.071832 0.072038 0.0701692 0.0666676 0.0619717 0.0564774 0.0505126 0.0443269 0.0381014 0.0319733 0.0260637 0.0205017 0.0154348 0.0110196 0.00738878 0.00460863
 0.00903308 0.0144115 0.0212042 0.0292001 0.0380715 0.0472854 0.0560384 0.063396 0.0686086 0.0713519 0.0717209 0.0700524 0.066759 0.062249 0.0568957 0.0510175 0.0448676 0.038638 0.0324775 0.0265166 0.0208908 0.0157531 0.0112657 0.00756704 0.00472848
 0.00906472 0.0144506 0.0212397 0.0292128 0.0380375 0.0471823 0.0558517 0.0631236 0.0682626 0.0709592 0.0713213 0.0696945 0.0664915 0.0621092 0.0568996 0.0511568 0.0451132 0.0389502 0.0328164 0.0268489 0.0211922 0.0160084 0.0114677 0.00771576 0.0048296
 0.00906436 0.0144515 0.0212433 0.0292195 0.0380442 0.0471798 0.0558235 0.0630491 0.0681238 0.0707493 0.0710505 0.0693904 0.0661944 0.0618635 0.0567445 0.0511164 0.0451913 0.0391294 0.0330645 0.0271277 0.0214666 0.0162523 0.0116659 0.00786355 0.00493058
 0.00904023 0.0144154 0.0211948 0.0291609 0.0379796 0.0471148 0.055763 0.062995 0.0680727 0.0706916 0.0709729 0.0692827 0.0660569 0.0617115 0.0566056 0.0510234 0.0451708 0.0391933 0.0332057 0.0273231 0.021685 0.0164632 0.0118468 0.00800312 0.00502792
 0.00888203 0.0141757 0.0208672 0.0287519 0.0375085 0.0466108 0.055264 0.0625445 0.0677144 0.0704595 0.070883 0.0693287 0.0662144 0.061947 0.0568886 0.0513341 0.0455017 0.0395436 0.0335728 0.027696 0.0220439 0.016785 0.0121127 0.00820401 0.00516603
 0.00885421 0.0141315 0.0208025 0.0286639 0.0373962 0.0464759 0.0551118 0.0623843 0.0675577 0.0703184 0.070768 0.0692477 0.0661714 0.0619421 0.0569178 0.0513922 0.0455853 0.0396529 0.0337091 0.0278575 0.0222218 0.0169639 0.012275 0.00833625 0.00526252
 0.00884428 0.0141215 0.0207985 0.0286745 0.0374289 0.0465327 0.0551854 0.0624585 0.0676127 0.0703377 0.0707433 0.069181 0.0660729 0.0618267 0.0568014 0.0512885 0.045505 0.0396032 0.0336947 0.0278792 0.0222753 0.017039 0.0123578 0.00841313 0.00532412
 0.00883718 0.0141058 0.0207678 0.0286218 0.0373504 0.0464319 0.0550758 0.0623608 0.0675464 0.0703122 0.0707543 0.0692133 0.0661092 0.0618545 0.0568171 0.051296 0.0455123 0.0396189 0.0337255 0.0279283 0.0223414 0.0171162 0.012437 0.00848469 0.00538124
 0.00891687 0.0142168 0.0209003 0.0287543 0.0374549 0.0464832 0.0550597 0.0622786 0.067414 0.0701555 0.0706019 0.0690882 0.0660219 0.0618028 0.0567902 0.0512822 0.0455045 0.0396164 0.0337317 0.0279472 0.0223745 0.017161 0.0124875 0.00853352 0.00542228
 0.00886784 0.014155 0.0208393 0.0287155 0.0374583 0.046535 0.055144 0.062361 0.0674564 0.0701345 0.070519 0.0689679 0.0658991 0.0617075 0.0567382 0.0512735 0.0455287 0.0396605 0.0337855 0.0280055 0.0224348 0.0172214 0.0125449 0.00858393 0.00546248
 0.00878091 0.0140323 0.0206899 0.0285617 0.0373318 0.0464691 0.0551639 0.0624753 0.0676508 0.0703716 0.0707469 0.0691374 0.0659817 0.0617043 0.056674 0.0511826 0.04544 0.0395904 0.0337388 0.0279804 0.0224273 0.0172271 0.0125592 0.00860222 0.00548045
 0.00870145 0.0139037 0.0204987 0.028299 0.0369995 0.0460867 0.0547737 0.0621373 0.067428 0.0703077 0.0708501 0.0693769 0.0662997 0.0620369 0.0569722 0.0514228 0.0456231 0.039731 0.0338534 0.0280799 0.0225161 0.017305 0.0126247 0.00865407 0.00551854
 0.00873183 0.0139363 0.0205166 0.0282754 0.0369042 0.0458972 0.054486 0.0617729 0.0670321 0.0699413 0.0705761 0.0692428 0.0663232 0.0622001 0.057229 0.051717 0.0459073 0.0399777 0.0340552 0.0282414 0.0226454 0.0174085 0.0127059 0.00871505 0.00556149
 0.00874786 0.0139623 0.0205544 0.0283239 0.0369558 0.0459347 0.0544826 0.0616979 0.0668641 0.0696814 0.0702555 0.0689175 0.0660573 0.0620447 0.057206 0.0518145 0.046088 0.0401954 0.0342708 0.0284313 0.0228007 0.0175296 0.0127969 0.00878051 0.00560604
 0.00870939 0.0139174 0.0205192 0.0283237 0.0370171 0.0460732 0.0546917 0.0619457 0.0670991 0.0698476 0.0703082 0.0688388 0.0658635 0.0617825 0.0569371 0.051594 0.0459472 0.0401368 0.0342749 0.0284707 0.0228517 0.0175778 0.0128362 0.00880991 0.00562662
 0.00847013 0.0135404 0.0199766 0.0276035 0.036133 0.0450745 0.053669 0.0610212 0.0663971 0.069456 0.0702527 0.0690817 0.0663269 0.06238 0.057599 0.0522776 0.0466314 0.0408085 0.0349175 0.029061 0.0233652 0.0179966 0.0131543 0.00903401 0.00577243
 0.00840561 0.0134132 0.019744 0.0272126 0.0355343 0.0442441 0.0526307 0.0598556 0.065232 0.0684399 0.069521 0.0687257 0.0663729 0.0627881 0.0582816 0.0531292 0.0475565 0.0417353 0.035797 0.029859 0.0240558 0.0185618 0.0135876 0.0093423 0.00597449
 0.00843516 0.0134527 0.0197855 0.0272378 0.0355119 0.0441302 0.0523742 0.0594122 0.0645858 0.0676237 0.0686238 0.0678773 0.0657104 0.0624163 0.0582446 0.0534052 0.0480738 0.0423999 0.0365183 0.0305638 0.0246921 0.019097 0.0140064 0.00964558 0.00617623
 0.00837454 0.0133729 0.0196995 0.0271676 0.0354801 0.0441461 0.0524228 0.0594511 0.0645544 0.0674623 0.0682966 0.0673929 0.0651302 0.0618434 0.0577949 0.0531701 0.0480926 0.0426531 0.0369422 0.0310756 0.0252133 0.019568 0.0143917 0.0099327 0.00637117
 0.00821438 0.0131364 0.019389 0.0268035 0.0350981 0.0437908 0.0521389 0.059274 0.0644975 0.0675072 0.0683927 0.0674728 0.065137 0.0617582 0.0576486 0.0530333 0.048046 0.0427538 0.0372018 0.0314596 0.025659 0.0200078 0.0147735 0.0102287 0.00657747
 0.00806524 0.0128989 0.0190421 0.0263344 0.0345091 0.0431076 0.051417 0.058595 0.0639521 0.0671683 0.0682925 0.0675928 0.0654162 0.0621158 0.058014 0.0533708 0.0483619 0.043083 0.0375798 0.0318982 0.0261365 0.0204798 0.0151923 0.0105617 0.00681469
 0.00803146 0.0128414 0.0189502 0.0261952 0.0343084 0.0428335 0.0510651 0.0581754 0.0634941 0.0667212 0.0679168 0.0673447 0.065328 0.0621843 0.0582028 0.0536279 0.0486436 0.0433699 0.0378762 0.0322164 0.0264784 0.0208282 0.0155168 0.010833 0.007017
 0.00796546 0.0127519 0.0188476 0.0260986 0.0342378 0.0427982 0.0510557 0.058164 0.0634451 0.0666071 0.0677321 0.0671111 0.0650893 0.0619904 0.0580917 0.0536128 0.0487136 0.0435017 0.0380492 0.0324187 0.0267028 0.0210637 0.0157451 0.0110331 0.00717333
 0.00786779 0.0126083 0.0186606 0.0258825 0.0340173 0.0426041 0.0509183 0.0581052 0.0634694 0.0666951 0.0678439 0.0672005 0.0651238 0.0619656 0.0580312 0.0535547 0.0486923 0.0435356 0.0381391 0.0325542 0.0268693 0.021245 0.0159238 0.0111922 0.00730032
 0.00748603 0.0120452 0.0179208 0.0250091 0.033082 0.0416892 0.0501025 0.0574568 0.0630429 0.0665243 0.0679324 0.0675174 0.0656089 0.0625456 0.0586403 0.0541504 0.0492584 0.0440735 0.0386539 0.0330451 0.0273267 0.021654 0.0162698 0.0114654 0.00749943
 0.0070766 0.0114211 0.017061 0.0239272 0.0318285 0.0403496 0.0487933 0.0563129 0.0621919 0.0660543 0.0678717 0.0678349 0.066232 0.0633819 0.0595958 0.0551424 0.0502251 0.0449775 0.0394785 0.0337845 0.0279768 0.0222082 0.0167206 0.0118101 0.00774366
#obs surv len freq
 nan nan nan nan nan nan nan nan nan nan nan nan nan nan nan nan nan nan nan nan nan nan nan nan nan
 0.0044849 0.00734637 0.0111765 0.015993 0.0216937 0.0279693 0.0342833 0.0400144 0.0446937 0.0481572 0.0505148 0.0520104 0.0529024 0.0534146 0.0537286 0.0539834 0.0542619 0.0545546 0.0546933 0.0542851 0.0527232 0.0493554 0.0438053 0.0362855 0.0276693
 0.00461439 0.00755956 0.0115019 0.0164577 0.0223169 0.0287511 0.0351956 0.0409977 0.0456656 0.0490293 0.0512093 0.0524717 0.0531027 0.0533533 0.0534282 0.0534814 0.0536021 0.0537799 0.053843 0.0533964 0.051835 0.0485111 0.0430499 0.0356571 0.027189
 0.00478036 0.00782913 0.0119073 0.0170293 0.0230775 0.0297078 0.0363288 0.0422559 0.0469692 0.0502812 0.0523094 0.0533292 0.0536471 0.0535424 0.0532522 0.0529612 0.0527823 0.0527197 0.0526086 0.052058 0.0504675 0.0471946 0.0418637 0.0346668 0.0264307
 0.00496843 0.00813805 0.0123781 0.0177016 0.0239822 0.0308536 0.0376906 0.0437702 0.0485437 0.0518116 0.0536937 0.0544753 0.0544746 0.0539867 0.0532698 0.0525366 0.0519317 0.0514905 0.0510751 0.0503169 0.0486338 0.045395 0.0402234 0.033288 0.025371
 0.00517821 0.008482 0.0129013 0.0184483 0.0249877 0.0321313 0.0392177 0.0454823 0.0503419 0.0535805 0.0553188 0.055854 0.0555205 0.0546295 0.0534559 0.0522303 0.0511217 0.050197 0.0493573 0.0482764 0.0464128 0.0431645 0.0381587 0.0315355 0.0240159
 0.00539513 0.00883862 0.0134455 0.0192277 0.0260407 0.0334734 0.0408268 0.0472928 0.0522536 0.0554768 0.0570837 0.0573823 0.0567213 0.0554269 0.0537881 0.0520503 0.0504003 0.0489313 0.0475839 0.0460854 0.0439536 0.0406358 0.0357771 0.029489 0.0224203
 0.00565354 0.00925758 0.0140741 0.0201113 0.0272129 0.0349437 0.0425663 0.0492293 0.0542803 0.0574716 0.058928 0.0589717 0.0579688 0.0562614 0.0541519 0.0518963 0.0496927 0.0476536 0.0457546 0.0437787 0.0413143 0.0378748 0.033139 0.0271963 0.0206173
 0.00588164 0.00963542 0.0146556 0.0209508 0.0283539 0.0364015 0.0443112 0.0511817 0.0563241 0.0594785 0.0607788 0.0605664 0.0592273 0.0571193 0.0545557 0.0518003 0.0490584 0.0464558 0.0439977 0.0415198 0.0386844 0.0350806 0.030433 0.024818 0.0187301
 0.00613821 0.0100535 0.0152869 0.0218446 0.0295487 0.0379104 0.0461064 0.0531875 0.0584252 0.0615401 0.062669 0.0621719 0.0604612 0.057921 0.0548853 0.051629 0.0483624 0.0452179 0.0422206 0.0392513 0.0360425 0.0322617 0.0276864 0.0223882 0.0167901
 0.00637085 0.0104371 0.0158742 0.0226879 0.0306891 0.0393617 0.0478386 0.0551217 0.0604463 0.0635193 0.0644843 0.0637192 0.0616569 0.0587022 0.0552075 0.0514633 0.0476898 0.0440286 0.0405221 0.0370889 0.0335235 0.0295664 0.0250489 0.0200432 0.0149083
 0.00659824 0.0108112 0.0164453 0.0235058 0.0317935 0.0407668 0.0495169 0.056998 0.062407 0.0654344 0.0662289 0.065188 0.0627695 0.0594031 0.0554618 0.0512502 0.0469979 0.0428547 0.0388792 0.0350227 0.0311342 0.0270196 0.0225591 0.0178276 0.0131266
 0.00684373 0.0112103 0.017046 0.0243524 0.0329181 0.0421756 0.0511762 0.0588289 0.0642963 0.0672557 0.0678627 0.0665351 0.0637558 0.0599798 0.0556021 0.0509437 0.0462446 0.0416623 0.0372681 0.0330411 0.0288763 0.0246356 0.0202421 0.015772 0.0114755
 0.00704771 0.0115481 0.0175657 0.0251019 0.0339348 0.0434698 0.0527157 0.0605346 0.0660553 0.0689437 0.0693667 0.0677639 0.0646436 0.060484 0.0556999 0.050628 0.0455193 0.0405403 0.0357754 0.0312274 0.0268298 0.0224911 0.0181687 0.0139387 0.0100058
 0.00725367 0.0118836 0.018072 0.0258178 0.0348894 0.0446708 0.0541363 0.0621078 0.0676812 0.070507 0.0707557 0.0688853 0.0654298 0.0608952 0.0557211 0.050262 0.0447801 0.0394498 0.0343658 0.0295501 0.0249677 0.020564 0.0163231 0.0123181 0.00871278
 0.00745868 0.0122179 0.0185763 0.0265298 0.0358346 0.0458501 0.0555133 0.0636064 0.0691973 0.07193 0.0719869 0.0698478 0.0660707 0.0611841 0.0556479 0.0498335 0.0440158 0.0383785 0.0330257 0.027995 0.0232755 0.0188405 0.0146931 0.0109005 0.00758995
 0.00753413 0.012352 0.0187998 0.0268792 0.0363457 0.0465457 0.0563915 0.0646348 0.0703166 0.0730641 0.073055 0.0707734 0.0667883 0.0616438 0.0558175 0.0496982 0.0435771 0.0376525 0.0320438 0.0268065 0.0219518 0.0174755 0.013394 0.00976751 0.00669151
 0.00758213 0.0124193 0.0188827 0.0269714 0.0364454 0.0466649 0.0565601 0.0648951 0.0707074 0.0736026 0.0737241 0.0715221 0.0675424 0.0623211 0.0563416 0.0500089 0.0436352 0.0374423 0.0315741 0.0261115 0.0210913 0.0165322 0.0124625 0.00893645 0.00602301
 0.00763096 0.0124933 0.0189835 0.0270955 0.0365838 0.0468041 0.0566857 0.064999 0.0707963 0.0737027 0.0738754 0.0717613 0.0678826 0.0627396 0.0567825 0.0503976 0.0438975 0.0375212 0.0314402 0.0257683 0.0205756 0.0159084 0.0118109 0.00833498 0.00552885
 0.00770931 0.0126082 0.019133 0.0272695 0.0367665 0.0469779 0.0568351 0.0651117 0.0708652 0.0737287 0.0738713 0.0717533 0.0679048 0.0628211 0.0569323 0.0505947 0.0440938 0.0376553 0.0314568 0.0256364 0.0202979 0.0155214 0.0113737 0.00791168 0.00517041
 0.00775862 0.0126918 0.0192643 0.0274606 0.0370222 0.0472887 0.0571723 0.0654307 0.0711181 0.0738805 0.0739109 0.0716949 0.0677813 0.0626744 0.0568012 0.0505041 0.0440451 0.0376252 0.0314061 0.0255261 0.0201071 0.0152566 0.0110667 0.00760636 0.00490614
 0.007812 0.0127704 0.0193679 0.0275851 0.0371627 0.047443 0.0573416 0.0656159 0.071313 0.0740674 0.0740625 0.0717843 0.0677937 0.0626141 0.0566905 0.0503737 0.0439215 0.0375193 0.0313101 0.0254194 0.0199692 0.01508 0.0108623 0.00739867 0.00472189
 0.00785168 0.0128339 0.0194611 0.0277114 0.0373211 0.0476256 0.0575335 0.0657978 0.0714679 0.074186 0.0741439 0.0718305 0.0678043 0.0625851 0.0566198 0.0502665 0.0437912 0.0373819 0.0311758 0.0252886 0.0198349 0.0149361 0.0107106 0.00725 0.00459087
 0.0078576 0.0128422 0.0194712 0.0277228 0.037334 0.0476423 0.0575578 0.0658346 0.0715196 0.074251 0.0742172 0.0719054 0.0678742 0.0626439 0.0566614 0.0502854 0.0437845 0.0373511 0.031126 0.0252246 0.0197594 0.0148505 0.0106181 0.00715757 0.00450765
 0.0078757 0.0128652 0.0194941 0.0277371 0.0373304 0.0476147 0.0575073 0.0657697 0.0714548 0.0742021 0.0741967 0.0719189 0.0679198 0.0627132 0.0567421 0.0503643 0.0438505 0.0373967 0.0311476 0.0252226 0.0197367 0.0148113 0.010568 0.00710344 0.00445674
 0.00789329 0.0128901 0.0195244 0.0277679 0.0373542 0.0476226 0.0574909 0.0657241 0.0713809 0.0741091 0.074101 0.0718404 0.0678751 0.0627107 0.0567794 0.0504307 0.0439304 0.0374745 0.0312114 0.0252653 0.0197563 0.01481 0.010551 0.00707749 0.00442871
 0.00792226 0.0129347 0.0195868 0.0278475 0.0374473 0.0477217 0.0575843 0.0657969 0.0714184 0.0741011 0.0740462 0.071748 0.0677626 0.0625994 0.0566879 0.0503697 0.043901 0.0374693 0.0312189 0.0252743 0.0197588 0.014803 0.0105354 0.00705695 0.0044076
 0.00790908 0.0129155 0.0195621 0.0278196 0.0374195 0.0476977 0.0575673 0.0657887 0.0714186 0.0741068 0.0740525 0.0717495 0.0677565 0.0625869 0.056675 0.0503647 0.0439102 0.0374944 0.0312557 0.0253148 0.0197946 0.0148283 0.0105484 0.00705967 0.00440388
 0.0078795 0.0128648 0.0194815 0.0277004 0.0372571 0.0474962 0.0573428 0.0655685 0.0712344 0.0739849 0.0740063 0.0717774 0.0678451 0.0627168 0.0568271 0.050524 0.0440678 0.0376454 0.0313966 0.0254412 0.0199017 0.0149119 0.0106076 0.00709689 0.00442413
 0.00785262 0.0128192 0.0194092 0.0275929 0.0371068 0.0472997 0.057105 0.0653046 0.0709695 0.0737505 0.0738337 0.0716909 0.0678549 0.0628172 0.056999 0.0507412 0.0443042 0.0378799 0.0316144 0.0256332 0.0200622 0.0150383 0.0107001 0.00715892 0.00446178
 0.00784693 0.0128044 0.0193767 0.0275311 0.037004 0.0471483 0.0569056 0.0650677 0.0707138 0.0734998 0.0736138 0.0715264 0.0677666 0.0628175 0.0570881 0.0509065 0.0445229 0.0381249 0.0318602 0.0258597 0.0202564 0.0151936 0.0108155 0.00723817 0.00451155
 0.00784296 0.0127987 0.019369 0.0275206 0.0369878 0.0471202 0.0568562 0.0649866 0.0705943 0.0733434 0.0734326 0.0713417 0.0676041 0.0627017 0.0570373 0.0509285 0.0446137 0.0382694 0.0320362 0.0260433 0.0204273 0.015338 0.0109271 0.007317 0.00456233
 0.00780706 0.0127413 0.0192848 0.0274062 0.0368431 0.0469507 0.0566735 0.0648066 0.0704328 0.073211 0.0733328 0.0712728 0.0675648 0.0626945 0.0570682 0.0510046 0.0447377 0.0384366 0.0322336 0.0262519 0.0206266 0.0155112 0.0110643 0.00741604 0.00462733
 0.00777341 0.0126858 0.0192 0.0272849 0.036681 0.0467489 0.0564414 0.064563 0.0702022 0.0730181 0.0731961 0.0712015 0.0675575 0.0627429 0.0571623 0.0511358 0.0449005 0.0386262 0.0324423 0.0264676 0.0208339 0.0156947 0.0112131 0.00752591 0.00470097
 0.00774013 0.0126286 0.0191081 0.0271471 0.0364881 0.0464989 0.0561439 0.0642398 0.0698845 0.0727393 0.0729857 0.0710795 0.0675323 0.062811 0.0573097 0.0513433 0.0451477 0.0388952 0.0327181 0.0267365 0.0210824 0.0159104 0.0113869 0.00765479 0.0047881
 0.00768121 0.0125346 0.01897 0.0269577 0.0362433 0.0462001 0.0558004 0.0638709 0.0695182 0.0724085 0.0727229 0.0709118 0.0674771 0.0628727 0.0574798 0.0516019 0.0454684 0.0392495 0.0330793 0.0270822 0.0213944 0.0161755 0.0115975 0.0078096 0.00489256
 0.00769057 0.0125417 0.0189659 0.0269285 0.0361742 0.0460798 0.0556261 0.0636495 0.0692642 0.0721412 0.0724636 0.070683 0.0673014 0.0627703 0.0574646 0.0516774 0.0456263 0.0394712 0.0333399 0.0273551 0.0216555 0.0164058 0.0117851 0.00795017 0.00498891
 0.00768066 0.0125338 0.0189683 0.0269522 0.0362268 0.0461586 0.0557135 0.0637158 0.0692779 0.0720813 0.072328 0.0704882 0.0670763 0.0625488 0.0572784 0.0515515 0.0455752 0.0394965 0.0334309 0.0274919 0.021814 0.0165629 0.0119231 0.00805909 0.00506636
 0.00763336 0.0124604 0.0188651 0.0268201 0.0360732 0.0459988 0.0555696 0.0636109 0.0692272 0.0720834 0.0723637 0.0705297 0.0671005 0.0625473 0.0572594 0.0515345 0.0455818 0.0395426 0.0335217 0.0276205 0.0219645 0.0167158 0.0120605 0.00816943 0.00514586
 0.00761535 0.0124269 0.018807 0.026727 0.0359368 0.0458182 0.0553557 0.0633877 0.0690266 0.0719364 0.0722903 0.0705324 0.0671641 0.0626456 0.057367 0.0516363 0.0456765 0.0396386 0.0336294 0.0277448 0.0221015 0.0168542 0.0121868 0.00827302 0.00522194
 0.00758781 0.0123854 0.0187503 0.026655 0.0358496 0.0457141 0.0552319 0.0632428 0.0688647 0.0717705 0.0721421 0.0704265 0.067119 0.0626667 0.0574448 0.0517514 0.0458085 0.0397742 0.0337637 0.0278781 0.0222334 0.0169808 0.0123006 0.00836667 0.00529162
 0.00758904 0.0123867 0.018751 0.0266541 0.0358461 0.045707 0.05522 0.0632236 0.0688338 0.0717224 0.072073 0.0703386 0.0670231 0.0625801 0.0573847 0.0517279 0.0458219 0.039817 0.033826 0.0279517 0.0223128 0.0170608 0.0123757 0.00843125 0.00534171
 0.00754514 0.0123197 0.0186584 0.0265369 0.0357086 0.0455569 0.0550679 0.0630825 0.0687171 0.0716401 0.0720293 0.0703308 0.0670443 0.0626231 0.0574456 0.0518065 0.0459194 0.0399319 0.0339532 0.0280832 0.02244 0.0171765 0.0124744 0.00850971 0.0053992
 0.00754915 0.0123214 0.0186524 0.0265155 0.0356643 0.0454861 0.0549737 0.0629745 0.0686087 0.0715443 0.0719551 0.0702823 0.0670215 0.0626229 0.0574642 0.051841 0.0459684 0.0399951 0.0340295 0.0281691 0.0225296 0.0172627 0.0125509 0.00857195 0.00544547
 0.00753608 0.0123032 0.0186303 0.0264916 0.0356401 0.0454601 0.0549409 0.0629284 0.0685451 0.0714651 0.0718696 0.0702039 0.0669627 0.0625914 0.0574615 0.0518641 0.0460123 0.0400549 0.0341009 0.028248 0.0226112 0.0173412 0.0126207 0.00862892 0.0054878
 0.00754029 0.0123098 0.0186399 0.0265049 0.0356576 0.0454825 0.0549679 0.0629574 0.0685703 0.0714781 0.0718616 0.0701701 0.0669055 0.0625204 0.0573898 0.0518039 0.0459713 0.0400359 0.0341028 0.0282673 0.0226429 0.0173797 0.0126601 0.00866412 0.00551573
 0.00752644 0.0122909 0.0186179 0.026484 0.0356429 0.045478 0.0549752 0.0629756 0.0685962 0.0715074 0.0718889 0.0701893 0.0669108 0.0625086 0.0573623 0.0517671 0.0459344 0.0400077 0.0340889 0.0282691 0.0226582 0.017404 0.0126879 0.00869061 0.00553757
 0.00750989 0.0122641 0.018578 0.0264293 0.0355741 0.0453996 0.0548963 0.0629085 0.068553 0.0714953 0.071908 0.0702329 0.0669678 0.0625676 0.0574141 0.0518067 0.045962 0.0400274 0.0341064 0.0282894 0.0226833 0.0174327 0.0127173 0.00871729 0.00555899
 0.00748487 0.012223 0.0185156 0.0263408 0.0354567 0.0452549 0.0547323 0.0627402 0.0684005 0.0713791 0.0718444 0.0702296 0.0670223 0.0626683 0.0575436 0.0519468 0.0460977 0.0401498 0.0342124 0.0283797 0.0227602 0.0174978 0.0127709 0.00875918 0.00558943
 0.00748997 0.0122274 0.0185148 0.0263281 0.0354243 0.0451963 0.0546453 0.0626278 0.0682714 0.0712465 0.0717242 0.0701381 0.0669729 0.0626674 0.0575895 0.0520297 0.0462029 0.0402622 0.03432 0.0284755 0.0228414 0.0175643 0.0128235 0.00879892 0.00561763
 0.00748997 0.0122274 0.0185148 0.0263281 0.0354243 0.0451963 0.0546453 0.0626278 0.0682714 0.0712465 0.0717242 0.0701381 0.0669729 0.0626674 0.0575895 0.0520297 0.0462029 0.0402622 0.03432 0.0284755 0.0228414 0.0175643 0.0128235 0.00879892 0.00561763
 0.00724575 0.0118444 0.0179661 0.0256011 0.0345274 0.044166 0.0535516 0.061572 0.0673682 0.0705982 0.071397 0.070152 0.0673046 0.063262 0.0583739 0.0529256 0.0471365 0.0411704 0.0351544 0.029203 0.0234444 0.0180385 0.0131757 0.00904439 0.00577686
 0.00718475 0.0117173 0.0177239 0.0251834 0.0338798 0.043267 0.0524359 0.0603344 0.0661443 0.0695309 0.0706065 0.0697165 0.067255 0.0635829 0.0590113 0.0537983 0.0481505 0.0422323 0.0361825 0.030134 0.0242366 0.0186722 0.0136509 0.00937671 0.00599223
 0.00717175 0.0116976 0.0176945 0.0251359 0.0337939 0.0431051 0.052146 0.0598656 0.0654738 0.068689 0.069683 0.0688427 0.0665662 0.063183 0.0589501 0.0540672 0.0486929 0.0429614 0.0370003 0.0309494 0.0249772 0.0192914 0.014129 0.00971741 0.00621548
 0.00717325 0.0117028 0.0177074 0.0251614 0.0338355 0.0431605 0.052201 0.0598899 0.0654212 0.0685075 0.0693346 0.0683277 0.0659381 0.0625424 0.0584169 0.0537429 0.0486307 0.0431555 0.0373954 0.0314616 0.0255189 0.0197905 0.01454 0.010023 0.00642146
 0.00711678 0.0116193 0.0175973 0.0250313 0.0336973 0.0430288 0.0520907 0.059812 0.0653779 0.0684859 0.0693052 0.0682504 0.0657795 0.0622963 0.0581176 0.0534612 0.0484495 0.0431378 0.0375603 0.0317795 0.0259259 0.020213 0.0149172 0.0103198 0.0066296
 0.00702739 0.0114774 0.0173908 0.0247535 0.0333503 0.0426284 0.0516694 0.0594163 0.065058 0.0682807 0.0692289 0.0682879 0.0658916 0.0624337 0.0582404 0.0535567 0.0485382 0.0432628 0.0377629 0.0320755 0.0262958 0.02061 0.0152881 0.0106244 0.00685096
 0.00702332 0.0114648 0.0173608 0.0246934 0.0332467 0.0424717 0.0514583 0.0591619 0.0647828 0.0680158 0.0690078 0.0681375 0.0658238 0.0624409 0.0582993 0.0536392 0.0486269 0.0433601 0.0378879 0.0322492 0.0265236 0.0208747 0.0155558 0.0108605 0.00703311
 0.00705136 0.011513 0.0174374 0.0248055 0.0333955 0.0426472 0.0516359 0.059305 0.0648538 0.06799 0.0688826 0.0679343 0.0655793 0.0621946 0.0580809 0.0534629 0.048494 0.0432677 0.0378376 0.0322478 0.0265763 0.0209759 0.0156868 0.0109953 0.00714931
 0.00702968 0.0114867 0.0174145 0.0247995 0.0334228 0.042721 0.0517605 0.0594718 0.06504 0.0681619 0.0690033 0.0679748 0.0655282 0.0620626 0.0578963 0.0532609 0.0483052 0.0431126 0.0377269 0.0321867 0.0265656 0.0210106 0.0157541 0.0110769 0.00722696
 0.00695943 0.0113718 0.0172413 0.0245582 0.0331128 0.0423588 0.0513839 0.0591356 0.0648016 0.0680609 0.0690478 0.0681392 0.0657648 0.0623192 0.058133 0.0534586 0.0484651 0.0432478 0.0378531 0.0323153 0.0267012 0.0211509 0.0158914 0.0112006 0.00732773
 0.00698944 0.0114158 0.0172981 0.024622 0.0331726 0.0423994 0.0513888 0.0590924 0.0647092 0.0679346 0.0689165 0.0680349 0.0657087 0.0623126 0.058159 0.0534927 0.0484881 0.0432534 0.0378476 0.0323115 0.0267106 0.0211786 0.0159348 0.0112516 0.00737696
#pred catch len freq
 0.00456182 0.00717667 0.0103877 0.014087 0.0182111 0.0227317 0.0275834 0.0326149 0.0376099 0.042342 0.046612 0.0502675 0.053217 0.055438 0.0569698 0.0579007 0.0583541 0.0584578 0.0582664 0.0576383 0.0561401 0.0531111 0.0479657 0.0406182 0.0317371
 0.00473878 0.00739555 0.0105934 0.0141949 0.0181415 0.0224577 0.0271615 0.0321719 0.0372862 0.0422249 0.0467019 0.0504946 0.0534928 0.0557076 0.0572357 0.0582088 0.0587512 0.0589427 0.0587623 0.0580066 0.0562364 0.0528575 0.0473959 0.0398659 0.0309737
 0.00497088 0.00775532 0.0110971 0.014833 0.0188664 0.0231763 0.027744 0.0324876 0.0372621 0.0418924 0.0461929 0.0499792 0.0531001 0.0554812 0.0571492 0.058215 0.0588192 0.0590559 0.0588884 0.058074 0.056148 0.052539 0.0468457 0.0391678 0.0302593
 0.00522032 0.00814556 0.0116571 0.0155817 0.0198119 0.0243093 0.0290234 0.0338222 0.0385051 0.042865 0.0467394 0.0500315 0.0527105 0.0547974 0.0563453 0.0574232 0.0581014 0.0584147 0.0582897 0.057463 0.0554635 0.0517392 0.0459385 0.0382218 0.0293793
 0.00550841 0.00859199 0.0122895 0.0164153 0.020852 0.0255552 0.0304641 0.0354257 0.0402036 0.0445427 0.0482325 0.0511515 0.0532938 0.0547639 0.0557318 0.0563674 0.0567824 0.0569865 0.056842 0.0560224 0.0540221 0.0502931 0.0445187 0.0368997 0.0282437
 0.00583914 0.00910248 0.0130084 0.0173547 0.0220111 0.0269249 0.0320267 0.0371499 0.0420382 0.0464115 0.0500298 0.0527392 0.0545082 0.0554423 0.0557559 0.055706 0.0555078 0.0552488 0.0548165 0.0538609 0.0518358 0.0481676 0.0425384 0.0351563 0.0268194
 0.00619897 0.00965739 0.0137887 0.0183717 0.0232613 0.028394 0.0336901 0.0389679 0.0439527 0.0483475 0.0518973 0.0544346 0.0559131 0.056425 0.0561835 0.0554712 0.0545636 0.0536343 0.0526553 0.0513331 0.049141 0.0454984 0.0400676 0.0330265 0.025125
 0.00657103 0.010236 0.0146115 0.0194593 0.0246177 0.0300081 0.0355315 0.0409815 0.0460587 0.0504477 0.0538858 0.0562055 0.0573646 0.0574583 0.0567007 0.055378 0.0537849 0.0521415 0.0504954 0.048641 0.046128 0.0424193 0.0371772 0.0305352 0.0231615
 0.00692147 0.0107841 0.0153977 0.0205105 0.0259486 0.0316203 0.0374072 0.0430741 0.0482882 0.0527041 0.0560403 0.0581251 0.058927 0.0585612 0.0572613 0.0553278 0.0530665 0.0507197 0.0483826 0.0459281 0.043 0.0391407 0.0340445 0.0278095 0.0210095
