SBPRF35
6.71829
Curr Bio
530315
B35
457631
F35
0.228553
FOFL
0.228553
OFL
107212
Bzero
1.91951e+06
#pred survey bio
 3.27198e+06 3.52514e+06 3.70692e+06 3.63205e+06 3.26869e+06 3.0498e+06 2.84052e+06 2.43621e+06 1.96958e+06 1.57378e+06 1.29446e+06 1.14965e+06 1.04196e+06 955803 856567 768869 686652 632368 580897 542959 536561 553708 557976 538342 531413 521739 508473 508811 509977 520029 531103 521885 514757 508236 520953 527767 503041 501388 528351 557858 542248 569034 615926 654624 702629 693830 672102 579435 505419 513816 539473 591973 636911 598943 530588 538373 1.42665e+07 1.25569e+07 1.23269e+07 1.25092e+07 1.29266e+07 1.34149e+07 1.38752e+07 1.42634e+07 1.45697e+07 1.48016e+07 1.49725e+07 1.50966e+07 1.51858e+07 1.52499e+07 1.52959e+07 1.5329e+07 1.53529e+07 1.53703e+07 1.53831e+07 1.53924e+07 1.53993e+07 1.54045e+07 1.54083e+07 1.54112e+07 1.54133e+07 1.54149e+07 1.54162e+07 1.54171e+07 1.54178e+07 1.54183e+07 1.54187e+07 1.5419e+07 1.54192e+07 1.54194e+07 1.54195e+07 1.54196e+07 1.54197e+07 1.54198e+07 1.54198e+07 1.54198e+07 1.54199e+07 1.54199e+07 1.54199e+07 1.54199e+07 1.54199e+07 1.54199e+07 1.54199e+07 1.54199e+07 1.54199e+07 1.54199e+07 1.54199e+07 1.54199e+07 1.54199e+07 1.54199e+07 1.54199e+07 1.54199e+07 1.54199e+07 1.54199e+07 1.54199e+07 1.54199e+07 1.54199e+07 1.54199e+07 1.54199e+07 1.54199e+07 1.54199e+07 1.54199e+07 1.54199e+07 1.54199e+07 1.54199e+07 1.54199e+07 1.54199e+07 1.54199e+07 1.54199e+07 1.54199e+07 1.54199e+07 1.54199e+07 1.54199e+07 1.54199e+07 1.54199e+07 1.54199e+07 1.54199e+07 1.54199e+07 1.54199e+07 1.54199e+07 1.54199e+07 1.54199e+07 1.54199e+07 1.54199e+07 1.54199e+07 1.54199e+07 1.54199e+07 1.54199e+07 1.54199e+07 1.54199e+07 1.54199e+07 1.54199e+07 1.54199e+07 1.54199e+07 1.54199e+07 1.54199e+07 0 0 0 0 0 0 0 0 0 0 0 0 0 0 0 0 0 0 0 0 0 0 0 0 0
#obs survey bio
 2.46896e+06 3.46201e+06 4.13694e+06 4.83849e+06 2.50661e+06 3.02068e+06 2.99097e+06 2.29676e+06 1.98240e+06 1.71823e+06 912883 1.30931e+06 977223 879596 1.10846e+06 734614 751320 618339 651926 626608 531417 465100 797401 512144 602624 535640 396075 577921 469656 566807 553327 532467 514510 454544 506574 516923 408433 536099 471970 619369 399410 420945 697019 768888 837560 524337 765038 621881 431177 665080 463419 391692 982739 762454 415396 707122
#pred catch bio
 89910.2 102140 148405 200897 235576 278065 263022 291481 301322 293388 272869 271316 258871 255862 234303 217964 179560 173180 153505 135049 122681 132310 123408 111817 112334 108978 106376 100010 97232.2 96924.6 105614 96535.6 104171 93081.3 87064 93084.9 93184.5 88054.4 89880.1 89341.4 88938.1 86886.7 93911.1 85921.7 87839.2 87589.5 92797.6 84619.3 92386.8 91368.2 84077.1 85663.5 114803 135674 106401 40416.9 107212 102777 99237.4 99339.2 101935 105275 108434 111037 113014 114435 115418 116078 116511 116792 116970 117083 117154 117198 117225 117242 117252 117259 117263 117265 117266 117267 117268 117268 117268 117268 117269 117269 117269 117269 117269 117269 117269 117269 117269 117269 117269 117269 117269 117269 117269 117269 117269 117269 117269 117269 117269 117269 117269 117269 117269 117269 117269 117269 117269 117269 117269 117269 117269 117269 117269 117269 117269 117269 117269 117269 117269 117269 117269 117269 117269 117269 117269 117269 117269 117269 117269 117269 117269 117269 117269 117269 117269 117269 117269 117269 117269 117269 117269 117269 117269 117269 117269 117269 117269 117269 0 0 0 0 0 0 0 0 0 0 0 0 0 0 0 0 0 0 0 0 0 0 0 0 0
#obs catch bio
 0 101952 148372 200849 235696 278953 262342 291338 301260 293156 273578 272275 259888 255820 234340 218458 179087 173523 153111 135267 122883 133108 122907 111754 112418 108790 106655 99872.2 97275.2 96925.4 105706 96277.2 104387 93257.9 87011.5 92892.7 93293.1 88173.9 90102.8 89004.5 89122.7 86913.8 94002.9 85928.2 87715 87553.4 92749.1 84359.8 92914.4 91474.8 84187 85533 114582 135749 107515 40087.9
#pred cpue bio
 3.23439e+06 3.48521e+06 3.66318e+06 3.58719e+06 3.22639e+06 3.0073e+06 2.79775e+06 2.39697e+06 1.93508e+06 1.54349e+06 1.26697e+06 1.12276e+06 1.01534e+06 929408 830915 744124 663087 609831 559493 522476 516007 532462 536505 517652 510943 501625 488891 489191 490466 500287 511206 502444 495750 489454 502005 508829 483905 480300 505178 533631 519123 544690 589677 626815 673116 665063 644302 555515 484437 492078 516811 567501 610998 574349 507357 513778 1.367e+07 1.20546e+07 1.17312e+07 1.18337e+07 1.22328e+07 1.27181e+07 1.3178e+07 1.35661e+07 1.38725e+07 1.41043e+07 1.42753e+07 1.43993e+07 1.44886e+07 1.45527e+07 1.45986e+07 1.46317e+07 1.46557e+07 1.46731e+07 1.46858e+07 1.46952e+07 1.47021e+07 1.47072e+07 1.47111e+07 1.47139e+07 1.47161e+07 1.47177e+07 1.47189e+07 1.47198e+07 1.47205e+07 1.47211e+07 1.47215e+07 1.47218e+07 1.4722e+07 1.47222e+07 1.47223e+07 1.47224e+07 1.47225e+07 1.47225e+07 1.47226e+07 1.47226e+07 1.47226e+07 1.47226e+07 1.47227e+07 1.47227e+07 1.47227e+07 1.47227e+07 1.47227e+07 1.47227e+07 1.47227e+07 1.47227e+07 1.47227e+07 1.47227e+07 1.47227e+07 1.47227e+07 1.47227e+07 1.47227e+07 1.47227e+07 1.47227e+07 1.47227e+07 1.47227e+07 1.47227e+07 1.47227e+07 1.47227e+07 1.47227e+07 1.47227e+07 1.47227e+07 1.47227e+07 1.47227e+07 1.47227e+07 1.47227e+07 1.47227e+07 1.47227e+07 1.47227e+07 1.47227e+07 1.47227e+07 1.47227e+07 1.47227e+07 1.47227e+07 1.47227e+07 1.47227e+07 1.47227e+07 1.47227e+07 1.47227e+07 1.47227e+07 1.47227e+07 1.47227e+07 1.47227e+07 1.47227e+07 1.47227e+07 1.47227e+07 1.47227e+07 1.47227e+07 1.47227e+07 1.47227e+07 1.47227e+07 1.47227e+07 1.47227e+07 1.47227e+07 1.47227e+07 1.47227e+07 0 0 0 0 0 0 0 0 0 0 0 0 0 0 0 0 0 0 0 0 0 0 0 0 0
#obs cpue bio
 3.66405e+06 3.95342e+06 4.2355e+06 3.33605e+06 2.95897e+06 2.43921e+06 3.95135e+06 2.50705e+06 1.91572e+06 1.49785e+06 1.34305e+06 938244 971110 1.26494e+06 615273 732387 692526 546391 608222 363368 463217 532683 628118 434798 441614 565670 485974 531001 474521 450721 528012 542165 435387 469296 563766 667868 490744 396530 511178 793140 466525 745081 573548 460599 729088 750081 677488 582417 340178 474045 505121 918201 525488 455871 395746 533386
#pred surv len freq
 0.00423725 0.00699914 0.0107561 0.0155577 0.021317 0.0277123 0.0341752 0.040052 0.0448578 0.0484335 0.0509038 0.0525203 0.0535282 0.0541104 0.0543882 0.0544415 0.0543323 0.0541063 0.053744 0.0530589 0.0516152 0.0487854 0.0440244 0.037254 0.0290892
 0.00463247 0.00751856 0.0113139 0.0160077 0.0215042 0.0275491 0.033694 0.0393942 0.0442028 0.0479129 0.050556 0.0523072 0.0533908 0.0540228 0.0543779 0.0545696 0.0546489 0.0546049 0.0543382 0.0536 0.0519465 0.0488106 0.0437504 0.0367825 0.0285637
 0.00464345 0.00763425 0.0116586 0.0167304 0.022708 0.0291994 0.0355675 0.0411264 0.0454318 0.0484368 0.050401 0.0516699 0.0525123 0.0530879 0.053489 0.0537776 0.053986 0.0540871 0.0539433 0.0532539 0.0515438 0.0482662 0.0430499 0.035994 0.0278014
 0.00477306 0.00780771 0.0118594 0.016942 0.0229456 0.0295401 0.0361453 0.042069 0.0467597 0.0499928 0.0518789 0.0527427 0.0529789 0.0529431 0.0528836 0.0529195 0.0530559 0.0532001 0.0531454 0.0525314 0.0508438 0.0475325 0.0422628 0.03519 0.0270569
 0.00504338 0.00823429 0.0124741 0.0177579 0.0239471 0.0306772 0.0373399 0.0432427 0.0478711 0.0510513 0.0529089 0.053715 0.0537711 0.053375 0.0528105 0.0523123 0.0520112 0.0518836 0.0517168 0.0510964 0.0494492 0.0461928 0.0409965 0.03404 0.0260819
 0.00520185 0.00852211 0.0129621 0.0185278 0.0250686 0.0321726 0.0391528 0.0452325 0.0498451 0.0528237 0.054354 0.054787 0.0544774 0.0537228 0.0527681 0.0518193 0.0510293 0.0504444 0.0499277 0.0491055 0.0474013 0.0442085 0.0391738 0.0324617 0.0248101
 0.00537267 0.00880098 0.0133864 0.0191395 0.0259139 0.0332963 0.0405837 0.0469625 0.0518092 0.0548912 0.0563437 0.0565063 0.0557705 0.0545005 0.0530026 0.0515137 0.0501931 0.049097 0.048124 0.0469551 0.0450627 0.041863 0.0369948 0.0305884 0.0233282
 0.00556983 0.00911451 0.0138456 0.019768 0.0267276 0.0343004 0.0417702 0.0483107 0.0532901 0.0564683 0.0579648 0.058088 0.0571922 0.0556188 0.0536827 0.051658 0.0497532 0.0480719 0.0465581 0.0449441 0.042759 0.0394644 0.0347133 0.0286062 0.02176
 0.00573138 0.00940511 0.0143334 0.0205305 0.0278303 0.0357647 0.0435472 0.0502811 0.0552957 0.0583604 0.0596395 0.0594925 0.0583038 0.0564129 0.0541106 0.0516468 0.0492253 0.046974 0.044888 0.0427696 0.0402257 0.0367851 0.0321325 0.0263463 0.0199677
 0.00591617 0.00971952 0.014834 0.0212829 0.0288995 0.0371972 0.0453474 0.0523924 0.0575962 0.060677 0.0617788 0.061281 0.0596223 0.0572092 0.0543822 0.0514062 0.0484724 0.0456928 0.0430716 0.0404591 0.0375412 0.0339303 0.0293624 0.023905 0.0180232
 0.00616577 0.0101307 0.0154633 0.022187 0.0301259 0.0387677 0.0472415 0.0545401 0.0598855 0.0629704 0.063928 0.063138 0.0610517 0.0581052 0.0546843 0.0511004 0.047576 0.044235 0.0410883 0.038011 0.0347454 0.0309779 0.0264997 0.0213769 0.0160043
 0.0063016 0.0103825 0.0158994 0.0228902 0.0311745 0.0402058 0.0490512 0.0566343 0.0621264 0.0652018 0.0660036 0.0649339 0.0624658 0.0590538 0.0551015 0.0509426 0.0468261 0.0429044 0.039217 0.035675 0.0320721 0.0281553 0.0237615 0.0189545 0.0140652
 0.00649175 0.0106898 0.0163606 0.0235433 0.032058 0.0413533 0.0504798 0.0583288 0.0640269 0.0672015 0.0679601 0.0666934 0.0638908 0.0600414 0.0555862 0.0508884 0.0462178 0.0417453 0.0375366 0.0335428 0.0296112 0.0255473 0.0212274 0.0167106 0.0122669
 0.00668402 0.0110064 0.0168437 0.0242334 0.0329839 0.0425192 0.0518542 0.0598463 0.0656046 0.0687587 0.0694284 0.0680106 0.0649902 0.0608483 0.056026 0.0508986 0.0457569 0.0407972 0.0361158 0.0317041 0.0274626 0.0232521 0.0189864 0.0147201 0.0106685
 0.00689225 0.0113545 0.0173847 0.0250211 0.0340597 0.0438914 0.0534789 0.0616229 0.067393 0.0704129 0.0708285 0.0690817 0.0657024 0.0612016 0.0560295 0.0505547 0.0450569 0.03973 0.0346839 0.0299433 0.0254575 0.0211405 0.0169418 0.0129136 0.00922273
 0.00705202 0.0116202 0.0177962 0.0256204 0.0348839 0.0449603 0.0547806 0.0631044 0.0689626 0.0719528 0.0722138 0.0702006 0.0664744 0.061588 0.0560306 0.0501948 0.0443658 0.0387315 0.033399 0.028406 0.0237344 0.0193406 0.015206 0.0113826 0.00799845
 0.00725909 0.0119495 0.0182781 0.0262787 0.0357316 0.0459941 0.0559737 0.0644035 0.0702931 0.0732296 0.0733518 0.071122 0.0671141 0.0618998 0.0559931 0.0498132 0.0436662 0.037751 0.0321793 0.0269954 0.0221984 0.0177704 0.0137136 0.0100788 0.00696203
 0.00728648 0.0120005 0.0183673 0.0264245 0.0359541 0.04631 0.056392 0.064924 0.0709075 0.0739226 0.0740994 0.0718874 0.0678441 0.0625276 0.0564479 0.0500339 0.0436138 0.0374146 0.031575 0.026164 0.0212035 0.0166968 0.0126596 0.00913885 0.00620446
 0.00742437 0.0122113 0.0186598 0.0267985 0.0364013 0.0468166 0.0569392 0.0654878 0.0714603 0.0744376 0.0745556 0.0722722 0.068151 0.0627499 0.0565716 0.0500349 0.0434619 0.0370842 0.0310567 0.0254731 0.020383 0.0158141 0.0117958 0.00837121 0.0055879
 0.00761741 0.0124974 0.0190386 0.0272505 0.0368933 0.0473096 0.0573969 0.0658819 0.0717741 0.0746682 0.0747133 0.0723747 0.0682151 0.0627844 0.0565736 0.0499898 0.0433457 0.0368691 0.0307206 0.0250103 0.0198126 0.0151808 0.0111612 0.00779812 0.00512272
 0.00772212 0.0126604 0.0192692 0.0275495 0.0372491 0.0476957 0.0577721 0.0661973 0.071989 0.0747666 0.0747109 0.0723108 0.0681352 0.0627218 0.0565403 0.0499756 0.0433244 0.0368067 0.0305851 0.0247819 0.0194917 0.0147918 0.0107473 0.00740842 0.00479711
 0.00764042 0.01254 0.0191115 0.0273649 0.037055 0.047513 0.057621 0.0660943 0.0719439 0.0747813 0.074781 0.0724299 0.0682993 0.0629294 0.0567877 0.0502508 0.0436037 0.0370567 0.0307699 0.0248728 0.0194772 0.0146821 0.0105727 0.00720958 0.00461185
 0.00771421 0.0126408 0.0192282 0.0274763 0.0371376 0.0475516 0.0576164 0.0660624 0.0719064 0.0747544 0.0747689 0.0724276 0.0682993 0.0629291 0.0567919 0.0502674 0.0436364 0.0370992 0.030805 0.0248786 0.0194363 0.0145905 0.0104423 0.00706371 0.0044754
 0.00787746 0.0128729 0.0195151 0.0277819 0.0374111 0.0477417 0.0576861 0.065998 0.0717212 0.0744866 0.0744726 0.0721567 0.0680919 0.0627997 0.0567341 0.0502644 0.0436698 0.0371521 0.0308609 0.0249204 0.0194493 0.014567 0.0103857 0.0069871 0.00439603
 0.0078169 0.0128045 0.0194658 0.0277902 0.0375103 0.0479372 0.0579401 0.066237 0.0718652 0.0744853 0.0743267 0.0719141 0.0678237 0.0625717 0.0565867 0.0502075 0.0436896 0.0372226 0.0309538 0.0250107 0.0195181 0.014604 0.0103899 0.00696608 0.0043622
 0.00783265 0.0128151 0.0194562 0.027743 0.0374172 0.0478124 0.0578246 0.0661844 0.0719126 0.0746265 0.0745098 0.0720677 0.0678948 0.06255 0.0565027 0.0501092 0.0436174 0.0371951 0.0309677 0.0250493 0.0195614 0.0146364 0.0104039 0.0069625 0.0043473
 0.00786685 0.0128671 0.0195265 0.0278268 0.0375029 0.0478812 0.0578545 0.0661601 0.0718366 0.0745241 0.0744191 0.072018 0.0678894 0.0625663 0.0565101 0.0500907 0.0435778 0.0371528 0.0309402 0.0250431 0.0195715 0.0146518 0.0104151 0.00696523 0.0043425
 0.00786294 0.0128653 0.0195322 0.0278474 0.037545 0.0479464 0.057936 0.0662417 0.0718971 0.0745451 0.0743941 0.0719572 0.067815 0.0625009 0.056465 0.0500629 0.0435572 0.0371323 0.0309203 0.0250287 0.0195656 0.0146531 0.0104191 0.00696764 0.00434165
 0.00789473 0.0128959 0.0195403 0.0278024 0.0374185 0.0477281 0.0576452 0.0659252 0.0716127 0.0743403 0.0742909 0.0719516 0.067887 0.062627 0.0566258 0.0502431 0.0437428 0.0373103 0.0310799 0.025164 0.0196753 0.0147384 0.0104819 0.00701052 0.00436795
 0.00781022 0.0127791 0.0194012 0.0276596 0.0372891 0.0476155 0.0575332 0.0657862 0.0714278 0.0741172 0.0740673 0.0717799 0.0678102 0.062662 0.0567613 0.0504505 0.0439887 0.037565 0.031321 0.0253765 0.0198513 0.0148755 0.0105822 0.00707881 0.00441078
 0.00771472 0.0126235 0.0191679 0.0273369 0.0368787 0.047141 0.0570432 0.0653446 0.0710919 0.0739165 0.0739974 0.0718161 0.0679286 0.062851 0.0570181 0.0507692 0.0443526 0.0379476 0.031693 0.0257127 0.0201349 0.0150993 0.010747 0.0071916 0.00448204
 0.00776026 0.012688 0.0192467 0.0274178 0.0369429 0.0471671 0.0570121 0.0652462 0.0709306 0.0737123 0.073781 0.0716173 0.0677676 0.0627368 0.0569535 0.0507566 0.0443936 0.0380383 0.0318212 0.0258597 0.0202804 0.0152273 0.0108484 0.00726447 0.0045296
 0.00768782 0.0125812 0.0191062 0.0272505 0.0367595 0.0469771 0.0568209 0.0650561 0.0707438 0.0735352 0.0736264 0.0715034 0.0677124 0.0627519 0.0570401 0.0509058 0.0445909 0.038268 0.032067 0.0261046 0.0205077 0.0154224 0.0110024 0.00737575 0.00460283
 0.00767093 0.0125607 0.0190881 0.0272451 0.0367786 0.0470294 0.0569076 0.065167 0.070858 0.0736246 0.0736635 0.0714705 0.0676102 0.0625999 0.0568707 0.0507526 0.0444792 0.0382093 0.0320605 0.0261402 0.0205701 0.0154953 0.0110718 0.00743261 0.00464373
 0.00773751 0.0126284 0.0191168 0.0271764 0.0365562 0.0466295 0.0563613 0.0645592 0.070299 0.0732107 0.0734471 0.071452 0.06775 0.0628411 0.0571601 0.051054 0.0447749 0.0384944 0.0323337 0.0263981 0.0208052 0.0156984 0.0112355 0.00755423 0.00472629
 0.00841658 0.0135861 0.0202854 0.0283955 0.0376117 0.0473199 0.0565584 0.064237 0.0695302 0.0721429 0.0722663 0.0703394 0.0668394 0.0621943 0.0567693 0.0508671 0.0447267 0.0385295 0.0324146 0.026502 0.0209174 0.0158071 0.0113313 0.00763066 0.00478122
 0.00919172 0.0148164 0.0220705 0.0307796 0.0405409 0.0505962 0.0598187 0.0670014 0.0713323 0.0726883 0.0715316 0.0685582 0.0643956 0.0594908 0.0541299 0.0484947 0.042711 0.036881 0.0311032 0.0254849 0.0201524 0.0152549 0.0109529 0.00738721 0.00463557
 0.0091331 0.0148537 0.0223699 0.0315729 0.0420592 0.0529643 0.0629594 0.0706043 0.0749095 0.0756942 0.0735001 0.0692157 0.0637203 0.0576996 0.0515971 0.0456365 0.0398826 0.034322 0.0289348 0.0237393 0.018809 0.0142671 0.0102632 0.00693402 0.00435803
 0.00881722 0.0143651 0.0216912 0.0307313 0.0411522 0.0521805 0.0625698 0.0708999 0.0760845 0.0777266 0.0761043 0.0719097 0.0659827 0.0591384 0.0520561 0.0452037 0.0388153 0.0329358 0.0275071 0.0224578 0.0177658 0.0134819 0.00971206 0.00657289 0.0041381
 0.00868877 0.0141323 0.0212982 0.0301165 0.040271 0.051041 0.0612682 0.0696342 0.075129 0.0773641 0.0765321 0.0731516 0.067848 0.0612618 0.0540132 0.046652 0.0395954 0.0330866 0.0272054 0.0219243 0.0171881 0.0129774 0.00932955 0.00631322 0.00397813
 0.00886646 0.0143646 0.0215416 0.0302908 0.0402755 0.0507843 0.0606999 0.0687677 0.0740534 0.0762436 0.0755861 0.0726078 0.0678714 0.0618831 0.0550973 0.0479345 0.0407768 0.0339408 0.0276451 0.0219985 0.0170254 0.0127167 0.00907293 0.00611212 0.0038435
 0.00887103 0.0144046 0.021658 0.0305311 0.0406677 0.0513027 0.0612451 0.0691819 0.0741755 0.0759788 0.0749552 0.0717505 0.0670039 0.0612272 0.0548046 0.0480334 0.0411666 0.0344407 0.0280739 0.0222448 0.0170729 0.0126206 0.00891324 0.00595434 0.0037219
 0.008874 0.0143899 0.0216028 0.0304102 0.0404698 0.0510486 0.0609935 0.0690084 0.07413 0.076048 0.0750612 0.0717939 0.066926 0.0610503 0.054623 0.0479615 0.0412753 0.0347195 0.0284405 0.0225914 0.017319 0.0127414 0.00893286 0.00591823 0.00367063
 0.00893171 0.014476 0.0217166 0.0305423 0.0406005 0.0511493 0.0610325 0.068964 0.0740044 0.0758723 0.0748816 0.0716446 0.0668096 0.0609437 0.0545062 0.0478441 0.0411963 0.0347195 0.0285296 0.0227391 0.0174723 0.012855 0.00898912 0.00592667 0.00365317
 0.00885228 0.0143526 0.021542 0.0303147 0.0403245 0.0508368 0.0607032 0.0686428 0.073718 0.0756447 0.0747332 0.0715916 0.0668604 0.0610926 0.0547305 0.0481112 0.0414785 0.0350036 0.0288126 0.0230152 0.0177252 0.0130632 0.00913782 0.00601607 0.00369661
 0.00890832 0.0144177 0.0215925 0.0303134 0.0402324 0.0506301 0.0603869 0.068253 0.0733091 0.075272 0.0744387 0.0713992 0.0667786 0.0611184 0.0548525 0.0483102 0.0417296 0.035281 0.0290942 0.0232839 0.0179668 0.0132649 0.00929078 0.006119 0.00375676
 0.00869457 0.0141326 0.0212766 0.0300378 0.0400717 0.0506244 0.0605155 0.06844 0.0734611 0.0753233 0.0743764 0.0712587 0.0666178 0.0609912 0.054793 0.0483304 0.0418238 0.0354321 0.0292801 0.0234818 0.0181566 0.0134305 0.00942203 0.00621248 0.00381583
 0.00875061 0.0141892 0.0213015 0.0299892 0.0399208 0.0503831 0.0602495 0.0682479 0.0734243 0.0754576 0.07462 0.0715072 0.0667807 0.0610317 0.0547318 0.04822 0.0417181 0.0353661 0.0292657 0.023513 0.0182174 0.0135028 0.00949045 0.0062674 0.0038539
 0.00870621 0.0141491 0.0212976 0.0300631 0.040104 0.0506716 0.0605913 0.0685599 0.0736334 0.0755385 0.0746012 0.0714403 0.0667003 0.060938 0.0546048 0.0480475 0.0415115 0.0351558 0.0290841 0.0233804 0.0181374 0.0134661 0.00948203 0.00627286 0.00386312
 0.00854007 0.0139297 0.0210622 0.0298808 0.0400598 0.0508382 0.0609996 0.069182 0.0743823 0.0762879 0.0752209 0.0718355 0.0668379 0.0608446 0.0543411 0.0476789 0.0410923 0.0347292 0.0286862 0.0230397 0.0178709 0.0132762 0.00935905 0.00620048 0.00382434
 0.00864195 0.0140318 0.0211026 0.0297737 0.0397321 0.0502804 0.0602999 0.0685122 0.0739342 0.0761919 0.0754937 0.0723827 0.0675031 0.061474 0.0548307 0.0479896 0.0412373 0.0347494 0.0286294 0.0229486 0.0177772 0.0131992 0.00930586 0.00616936 0.00380906
 0.00860298 0.0139796 0.0210408 0.0297031 0.0396386 0.0501248 0.0600227 0.0680627 0.0733155 0.0754924 0.0748733 0.0720111 0.0674828 0.0617962 0.055389 0.0486361 0.0418427 0.0352379 0.0289804 0.0231786 0.0179184 0.0132832 0.00935646 0.00620111 0.00382959
 0.00843401 0.0137252 0.0206967 0.029281 0.0391651 0.0496363 0.0595571 0.0676493 0.0729652 0.0751979 0.0746256 0.0718242 0.0674056 0.0618938 0.0557025 0.0491489 0.0424801 0.035898 0.0295744 0.0236559 0.0182683 0.013522 0.0095106 0.00629635 0.00388606
 0.00872169 0.0141456 0.0212416 0.0299116 0.0398223 0.0502576 0.0600898 0.0680529 0.0732077 0.0752518 0.0744702 0.0714551 0.0668482 0.0612124 0.0549928 0.0485121 0.041988 0.0355716 0.0293871 0.0235578 0.0182132 0.0134819 0.00947584 0.00626696 0.00386415
 0.00915837 0.0148633 0.0223301 0.031443 0.0418168 0.052639 0.0626555 0.0704925 0.0751788 0.0764815 0.0748265 0.0709583 0.0656327 0.0594747 0.0529502 0.0463753 0.0399407 0.0337502 0.0278683 0.0223595 0.0173104 0.0128286 0.00902194 0.00596659 0.00367725
 0.00882536 0.014416 0.0218335 0.0310235 0.0416357 0.0528453 0.0633367 0.0716417 0.076686 0.0781476 0.0764022 0.0722021 0.0663715 0.0596424 0.0525898 0.0456108 0.0389354 0.0326678 0.0268429 0.0214791 0.0166139 0.0123149 0.00866618 0.00573461 0.00353525
#obs surv len freq
 nan nan nan nan nan nan nan nan nan nan nan nan nan nan nan nan nan nan nan nan nan nan nan nan nan
 0.00448352 0.00734432 0.0111738 0.0159897 0.0216901 0.0279655 0.0342796 0.0400111 0.044691 0.0481553 0.0505137 0.0520102 0.052903 0.0534158 0.0537305 0.0539857 0.0542645 0.0545574 0.0546963 0.0542882 0.0527262 0.0493583 0.0438078 0.0362876 0.0276709
 0.00461628 0.00756178 0.0115037 0.016458 0.0223143 0.0287451 0.0351863 0.0409864 0.045654 0.0490191 0.0512015 0.0524668 0.0531006 0.0533537 0.0534307 0.0534855 0.0536073 0.053786 0.0538496 0.0534033 0.0518419 0.0485177 0.0430557 0.0356619 0.0271927
 0.00477933 0.00782926 0.0119108 0.0170388 0.0230956 0.0297349 0.0363626 0.0422913 0.0470002 0.0503033 0.0523205 0.0533301 0.0536399 0.0535299 0.0532366 0.052944 0.0527645 0.0527017 0.0525907 0.0520403 0.0504505 0.0471787 0.0418496 0.0346551 0.0264218
 0.00497072 0.00814149 0.0123828 0.0177081 0.0239912 0.0308669 0.0377104 0.0437984 0.0485801 0.051853 0.0537343 0.0545082 0.0544949 0.0539923 0.0532621 0.0525185 0.0519068 0.0514616 0.0510443 0.0502855 0.048603 0.0453661 0.0401978 0.0332668 0.0253549
 0.00518693 0.00849578 0.0129212 0.0184751 0.0250213 0.0321708 0.0392612 0.0455273 0.0503862 0.0536225 0.0553571 0.055887 0.0555452 0.0546423 0.0534536 0.0522122 0.0510891 0.0501532 0.0493061 0.0482215 0.0463576 0.043112 0.0381119 0.0314966 0.0239862
 0.00539462 0.00883771 0.013444 0.0192256 0.0260382 0.0334711 0.0408257 0.0472944 0.0522596 0.0554881 0.0571009 0.0574052 0.0567485 0.0554556 0.0538142 0.0520695 0.0504091 0.0489282 0.0475699 0.0460633 0.043927 0.040608 0.0357512 0.0294671 0.0224034
 0.00564255 0.00924081 0.0140509 0.0200819 0.0271783 0.0349055 0.042527 0.0491922 0.0542493 0.0574504 0.0589196 0.0589779 0.0579895 0.0562948 0.0541941 0.0519422 0.0497369 0.0476913 0.0457831 0.0437973 0.0413245 0.037879 0.0331397 0.0271954 0.020616
 0.00588836 0.00964383 0.0146637 0.0209552 0.028351 0.036389 0.0442893 0.0511531 0.0562931 0.0594495 0.0607553 0.0605509 0.0592214 0.0571238 0.0545703 0.051823 0.0490858 0.0464837 0.0440217 0.0415371 0.0386941 0.0350838 0.0304318 0.0248147 0.0187265
 0.00612843 0.0100397 0.01527 0.0218262 0.0295303 0.0378922 0.0460867 0.0531633 0.0583945 0.0615038 0.0626313 0.0621392 0.0604394 0.0579141 0.0548944 0.0516529 0.0483978 0.0452603 0.042265 0.0392931 0.0360784 0.03229 0.0277072 0.0224025 0.0167994
 0.00638177 0.0104526 0.0158933 0.0227086 0.0307091 0.0393795 0.047854 0.0551351 0.0604571 0.0635251 0.0644814 0.0637048 0.0616314 0.0586696 0.0551744 0.0514357 0.0476718 0.0440207 0.0405223 0.0370936 0.033529 0.0295703 0.0250502 0.0200423 0.0149062
 0.00663304 0.0108659 0.0165239 0.0236099 0.0319214 0.0409119 0.0496675 0.057138 0.0625203 0.0655086 0.0662583 0.0651732 0.0627159 0.0593184 0.0553557 0.0511332 0.0468802 0.0427442 0.0387805 0.034937 0.0310607 0.0269568 0.0225064 0.0177849 0.0130943
 0.00684302 0.0112117 0.017053 0.0243697 0.032951 0.0422275 0.051247 0.0589141 0.0643876 0.0673422 0.0679339 0.0665824 0.0637745 0.0599692 0.0555653 0.0508867 0.0461748 0.0415876 0.0371955 0.0329753 0.0288196 0.0245885 0.020204 0.0157423 0.0114536
 0.00707538 0.0115913 0.0176275 0.0251839 0.0340371 0.0435911 0.0528519 0.0606789 0.0661976 0.0690719 0.0694683 0.0678282 0.0646635 0.0604573 0.0556301 0.050523 0.0453899 0.0403983 0.0356319 0.0310913 0.0267077 0.0223869 0.0180841 0.0138738 0.00995913
 0.00727354 0.0119192 0.0181312 0.0259094 0.0350202 0.0448413 0.0543376 0.0623223 0.0678862 0.0706817 0.0708851 0.0689613 0.06545 0.0608611 0.0556369 0.0501352 0.0446209 0.0392706 0.0341797 0.0293692 0.024802 0.0204207 0.0162063 0.0122288 0.00864925
 0.00744231 0.0121971 0.0185561 0.0265191 0.0358451 0.0458929 0.0555959 0.06373 0.0693549 0.072107 0.0721631 0.070002 0.066185 0.0612476 0.0556572 0.0497917 0.0439305 0.0382601 0.0328868 0.0278488 0.0231341 0.0187138 0.0145877 0.0108193 0.00753215
 0.00753642 0.0123507 0.018789 0.0268517 0.0362966 0.0464771 0.056316 0.0645736 0.0702928 0.073094 0.0731412 0.0709039 0.0669408 0.0617926 0.05594 0.0497797 0.0436115 0.0376421 0.0319969 0.026735 0.0218685 0.0173925 0.0133203 0.00970847 0.00664862
 0.00763094 0.0124972 0.0189964 0.0271242 0.0366344 0.0468774 0.0567732 0.0650794 0.0708369 0.0736645 0.0737236 0.0714774 0.0674748 0.0622452 0.0562619 0.0499219 0.0435349 0.037325 0.0314412 0.0259693 0.0209495 0.0164011 0.0123507 0.0088488 0.00596017
 0.00764984 0.0125283 0.0190437 0.027192 0.036726 0.046995 0.0569175 0.0652507 0.0710372 0.0738995 0.0740013 0.0718033 0.0678447 0.0626395 0.0566437 0.0502406 0.0437352 0.0373588 0.0312791 0.0256105 0.0204255 0.0157727 0.011696 0.00824506 0.00546437
 0.00772366 0.0126341 0.0191768 0.0273394 0.0368707 0.0471228 0.0570216 0.0653334 0.0711066 0.0739664 0.0740771 0.0718993 0.0679704 0.062799 0.0568304 0.0504331 0.0438971 0.0374457 0.0312503 0.0254425 0.0201228 0.0153696 0.0112489 0.00781584 0.00510243
 0.00778081 0.012726 0.0193125 0.0275239 0.0371014 0.0473847 0.0572862 0.0655631 0.0712673 0.0740409 0.0740716 0.0718397 0.0678909 0.0627304 0.0567917 0.0504278 0.0439121 0.0374538 0.0312171 0.0253381 0.0199338 0.0151066 0.0109447 0.00751372 0.00484102
 0.00781353 0.0127751 0.019379 0.0276068 0.037199 0.0474958 0.0574096 0.0656953 0.0713992 0.0741573 0.074155 0.0718777 0.0678833 0.0626902 0.05674 0.0503841 0.0438856 0.0374389 0.0311956 0.0252864 0.019834 0.0149561 0.0107584 0.00731869 0.00466539
 0.00785871 0.0128414 0.0194654 0.0277076 0.0373049 0.047597 0.0574981 0.0657666 0.0714529 0.0741958 0.0741812 0.0718926 0.0678845 0.0626747 0.0567079 0.050341 0.0438399 0.0373965 0.0311544 0.0252368 0.019764 0.0148593 0.0106393 0.00719151 0.00454792
 0.0078773 0.0128715 0.0195101 0.0277686 0.0373817 0.0476845 0.0575867 0.0658434 0.0715062 0.07422 0.0741791 0.0718733 0.0678586 0.0626492 0.0566849 0.0503189 0.043817 0.0373717 0.0311266 0.0252028 0.0197189 0.0147993 0.0105656 0.00711163 0.00447241
 0.00788919 0.0128863 0.0195241 0.0277764 0.0373779 0.0476673 0.0575595 0.0658138 0.0714828 0.0742079 0.0741789 0.0718825 0.0678744 0.0626705 0.0567114 0.0503496 0.0438492 0.0374014 0.0311495 0.0252148 0.0197167 0.0147813 0.0105336 0.00707076 0.00443013
 0.00789855 0.0129023 0.0195494 0.027813 0.0374254 0.0477216 0.0576118 0.0658531 0.0715 0.0742003 0.0741514 0.0718446 0.0678359 0.062638 0.0566877 0.0503349 0.0438421 0.0373994 0.0311493 0.0252125 0.0197086 0.0147655 0.0105103 0.00704273 0.00440176
 0.00790122 0.0129023 0.0195416 0.0277908 0.0373834 0.047659 0.0575352 0.0657748 0.0714331 0.0741542 0.0741288 0.0718434 0.0678522 0.0626688 0.0567307 0.0503876 0.0439008 0.0374595 0.0312057 0.0252605 0.0197447 0.0147877 0.0105191 0.00704102 0.00439377
 0.00789311 0.0128873 0.0195158 0.0277488 0.03732 0.0475705 0.0574216 0.0656424 0.0712947 0.0740274 0.0740322 0.0717912 0.0678506 0.0627145 0.0568139 0.0504953 0.0440207 0.0375809 0.0313198 0.0253605 0.0198258 0.0148478 0.0105587 0.00706323 0.00440343
 0.00787669 0.0128572 0.0194642 0.0276669 0.0372001 0.0474103 0.0572273 0.065429 0.0710835 0.0738408 0.0738902 0.0717088 0.0678361 0.0627688 0.0569296 0.0506581 0.0442119 0.0377813 0.0315126 0.0255328 0.0199694 0.0149589 0.0106379 0.00711457 0.00443322
 0.00784631 0.0128075 0.0193889 0.0275598 0.0370563 0.0472282 0.057011 0.0651899 0.0708398 0.0736156 0.0737071 0.071588 0.0677915 0.0628052 0.0570426 0.0508351 0.0444342 0.0380267 0.031759 0.025761 0.0201653 0.015115 0.0107527 0.00719224 0.00448105
 0.00783427 0.0127828 0.0193424 0.02748 0.0369326 0.0470555 0.0567936 0.0649425 0.0705844 0.0733759 0.0735047 0.0714407 0.0677121 0.0628015 0.0571158 0.0509791 0.0446353 0.0382655 0.0320128 0.0260073 0.0203854 0.0152962 0.0108902 0.00728781 0.00454171
 0.00783237 0.0127823 0.0193457 0.0274895 0.0369482 0.0470713 0.0567969 0.0649166 0.0705149 0.0732579 0.0733467 0.0712626 0.0675397 0.0626596 0.0570239 0.0509485 0.0446681 0.0383546 0.0321433 0.0261594 0.0205387 0.0154338 0.0110013 0.00736894 0.00459518
 0.00778486 0.012706 0.0192332 0.0273362 0.0367547 0.0468467 0.0565604 0.0646937 0.0703304 0.0731272 0.0732718 0.0712356 0.0675504 0.062702 0.0570977 0.0510566 0.0448125 0.0385325 0.0323456 0.0263717 0.0207435 0.015615 0.0111478 0.00747683 0.00466726
 0.00773992 0.0126293 0.0191114 0.0271555 0.0365051 0.0465283 0.0561891 0.0643027 0.069964 0.0728303 0.0730785 0.0711616 0.0675915 0.062839 0.0573047 0.051309 0.0450916 0.0388251 0.0326406 0.0266572 0.0210061 0.0158418 0.0113297 0.00761082 0.00475734
 0.00774719 0.0126337 0.0191039 0.0271223 0.0364297 0.0463965 0.0559935 0.0640471 0.0696647 0.0725153 0.0727841 0.0709254 0.0674441 0.0627961 0.0573645 0.0514553 0.0453002 0.0390711 0.0329023 0.0269165 0.0212478 0.016053 0.0115013 0.00773934 0.0048452
 0.00931704 0.0148392 0.0217824 0.0299068 0.0388546 0.0480657 0.0567151 0.0638602 0.0687675 0.0711581 0.0711916 0.0692679 0.0658408 0.0613272 0.05608 0.0503792 0.0444345 0.0384012 0.032404 0.0265619 0.0210087 0.0159025 0.0114145 0.00769447 0.00482506
 0.00930447 0.0151058 0.0226898 0.0319042 0.0422843 0.0529007 0.062391 0.0693652 0.0729982 0.0733506 0.0711706 0.0673965 0.0627622 0.0576893 0.0523746 0.0469101 0.0413577 0.0357784 0.0302435 0.024842 0.0196905 0.014936 0.0107422 0.00725495 0.0045574
 0.00895978 0.0145678 0.021943 0.0310041 0.0414081 0.0523795 0.0626687 0.0708402 0.0757852 0.0771032 0.0751231 0.0706509 0.0646579 0.0580307 0.0514062 0.0451117 0.039219 0.0336646 0.0283665 0.023293 0.0184846 0.014047 0.0101233 0.00685055 0.00431141
 0.0087937 0.014284 0.0214914 0.030334 0.0404881 0.0512332 0.0614177 0.0697295 0.0751588 0.0773071 0.076351 0.0728028 0.0673117 0.0605783 0.0532964 0.0460579 0.0392564 0.0330546 0.0274373 0.022316 0.0176256 0.0133753 0.00964394 0.00653519 0.00411993
 0.00872069 0.0141585 0.0212887 0.0300242 0.0400391 0.0506194 0.0606335 0.0688083 0.0741925 0.0764583 0.0758397 0.0728491 0.0680402 0.0619268 0.0549955 0.0477192 0.0405282 0.0337555 0.0275916 0.0220893 0.0172211 0.0129541 0.00929554 0.00628741 0.00396353
 0.00869132 0.0141095 0.0212123 0.0299101 0.0398752 0.0503909 0.0603252 0.0684081 0.073699 0.075893 0.0752621 0.0723651 0.0677892 0.0620369 0.0555184 0.0485802 0.0415345 0.0346697 0.0282319 0.0223939 0.0172447 0.0128116 0.00909955 0.00611115 0.00383643
 0.00871198 0.0141383 0.0212464 0.0299432 0.0398977 0.0503913 0.0602908 0.068325 0.0735528 0.0756721 0.0749644 0.0720095 0.067425 0.0617445 0.0553902 0.0486814 0.0418633 0.035144 0.0287197 0.0227727 0.0174521 0.0128583 0.00904266 0.00601551 0.00374718
 0.00867859 0.0140909 0.0211875 0.0298792 0.0398362 0.0503376 0.060245 0.0682819 0.0735035 0.0756064 0.0748731 0.0718871 0.0672749 0.0615853 0.0552592 0.0486278 0.0419281 0.0353348 0.0289981 0.0230677 0.0176927 0.013005 0.00909741 0.00600832 0.00371362
 0.00866065 0.0140613 0.0211427 0.0298165 0.0397559 0.0502449 0.0601507 0.0681999 0.0734455 0.075576 0.0748635 0.0718837 0.067262 0.0615541 0.0552136 0.048587 0.0419204 0.0353851 0.0291127 0.0232268 0.0178582 0.0131393 0.00918069 0.00604289 0.00371599
 0.00865179 0.0140446 0.0211132 0.0297686 0.0396843 0.0501477 0.0600316 0.0680695 0.0733197 0.0754723 0.0747958 0.0718575 0.0672729 0.0615896 0.0552596 0.0486346 0.041971 0.0354483 0.0291985 0.023336 0.0179788 0.0132513 0.00926654 0.00609579 0.00374043
 0.00863576 0.0140223 0.0210866 0.0297409 0.0396587 0.0501246 0.0600074 0.0680377 0.0732749 0.0754135 0.0747289 0.0717938 0.0672244 0.0615643 0.0552586 0.0486535 0.042004 0.0354923 0.0292537 0.0234031 0.0180542 0.0133264 0.00933081 0.00614207 0.00376775
 0.00862969 0.0140097 0.0210628 0.0297009 0.0395992 0.0500469 0.0599192 0.0679514 0.0732025 0.0753621 0.0746983 0.0717795 0.0672219 0.0615722 0.0552783 0.0486866 0.0420502 0.0355492 0.0293184 0.0234724 0.0181247 0.0133931 0.00938824 0.00618583 0.00379666
 0.008642 0.014031 0.0210967 0.0297504 0.0396645 0.0501234 0.0599959 0.0680133 0.073236 0.0753601 0.0746628 0.0717188 0.0671465 0.0614916 0.0552 0.0486169 0.0419942 0.0355105 0.0292981 0.0234694 0.0181354 0.0134127 0.00941091 0.0062066 0.00381243
 0.0086114 0.0139849 0.0210346 0.0296748 0.0395816 0.0500418 0.059926 0.0679651 0.0732155 0.0753671 0.0746908 0.071758 0.0671883 0.0615307 0.0552352 0.0486491 0.0420254 0.0355428 0.0293328 0.0235067 0.0181744 0.0134508 0.00944517 0.00623446 0.00383267
 0.00861992 0.0139937 0.0210386 0.0296667 0.0395541 0.0499917 0.0598571 0.0678878 0.0731444 0.0753152 0.0746656 0.0717598 0.0672108 0.061565 0.0552727 0.0486844 0.0420566 0.0355707 0.0293593 0.0235334 0.0182016 0.0134776 0.00946986 0.00625516 0.00384824
 0.00861992 0.0139937 0.0210386 0.0296667 0.0395541 0.0499917 0.0598571 0.0678878 0.0731444 0.0753152 0.0746656 0.0717598 0.0672108 0.061565 0.0552727 0.0486844 0.0420566 0.0355707 0.0293593 0.0235334 0.0182016 0.0134776 0.00946986 0.00625516 0.00384824
 0.00854449 0.0138799 0.0208838 0.0294742 0.0393321 0.0497516 0.0596125 0.0676557 0.0729444 0.0751687 0.0745911 0.0717684 0.0673022 0.0617264 0.0554823 0.0489168 0.042289 0.0357864 0.0295488 0.0236929 0.0183312 0.013579 0.00954572 0.00630885 0.00388369
 0.0085126 0.0138194 0.0207775 0.0293029 0.0390814 0.0494219 0.0592265 0.0672563 0.0725835 0.0748915 0.0744258 0.0717237 0.0673725 0.0618965 0.0557305 0.0492165 0.0426114 0.0361044 0.0298407 0.0239448 0.0185366 0.0137378 0.00966181 0.00638864 0.00393486
 0.00869301 0.0141053 0.0211916 0.0298551 0.0397599 0.050183 0.0599898 0.0679149 0.0730318 0.0750593 0.0742999 0.0713465 0.0668214 0.0612587 0.0550835 0.0486177 0.0420951 0.0356837 0.0295134 0.0236997 0.0183594 0.0136145 0.00958003 0.00633754 0.00390517
 0.00903752 0.0146664 0.0220351 0.031035 0.0412972 0.0520373 0.0620351 0.0699411 0.0747832 0.0762981 0.0748654 0.0711888 0.0660014 0.0599236 0.0534261 0.0468341 0.0403512 0.0340977 0.0281538 0.0225928 0.0175013 0.012982 0.00913879 0.00604835 0.00372861
 0.00887996 0.0144545 0.0218002 0.0308397 0.0412266 0.0521785 0.0624543 0.0706626 0.0757735 0.0774581 0.0760406 0.0721989 0.0666869 0.0601883 0.0532599 0.0463072 0.0395856 0.0332295 0.0273009 0.0218371 0.0168852 0.0125153 0.00880909 0.0058314 0.00359619
#pred catch len freq
 0.00312681 0.00510049 0.00774218 0.0111106 0.0152519 0.0201461 0.0256482 0.0314855 0.0373174 0.0428064 0.0476677 0.0517038 0.0548283 0.0570659 0.0585211 0.0593405 0.0596857 0.0597009 0.0594401 0.0587506 0.0571827 0.0540604 0.0487895 0.0412879 0.0322395
 0.00343129 0.00550566 0.00818853 0.0114939 0.0154604 0.0201146 0.0253949 0.0311035 0.0369235 0.0424814 0.0474271 0.0515141 0.0546529 0.0569061 0.0584286 0.0593947 0.0599471 0.0601634 0.0600089 0.0592614 0.0574638 0.0540073 0.048413 0.0407042 0.0316096
 0.00346345 0.00562092 0.00847058 0.0120389 0.0163279 0.0212654 0.0266592 0.03222 0.0376454 0.0426879 0.0471654 0.0509475 0.0539623 0.0562192 0.0578107 0.0588811 0.0595689 0.0599399 0.059917 0.0592176 0.0573457 0.0537114 0.0479112 0.0400601 0.0309425
 0.00359445 0.00580597 0.00870525 0.0123219 0.0166861 0.0217757 0.0274375 0.0333606 0.039131 0.044334 0.0486579 0.0519704 0.0543373 0.0559642 0.0570941 0.0579206 0.0585494 0.0589776 0.0590564 0.0584407 0.0565927 0.052919 0.0470566 0.0391831 0.0301275
 0.0038381 0.00618518 0.00924223 0.0130208 0.0175286 0.022722 0.0284372 0.0343761 0.0401624 0.0454164 0.0498131 0.0531389 0.0553499 0.0565956 0.0571705 0.057406 0.0575512 0.0576802 0.0576364 0.0570131 0.0552052 0.0515818 0.0457837 0.0380164 0.0291292
 0.00400727 0.00647544 0.00970739 0.0137205 0.0185148 0.0240165 0.0300086 0.0361301 0.0419586 0.0471065 0.0512841 0.0543329 0.0562459 0.057165 0.057346 0.0570978 0.0567037 0.0563232 0.0558873 0.0550347 0.0531548 0.0495865 0.0439438 0.0364159 0.0278327
 0.00416396 0.00672785 0.0100861 0.0142607 0.01926 0.0250176 0.0313123 0.0377561 0.0438703 0.0491926 0.053366 0.0562045 0.0577279 0.0581421 0.0577667 0.0569458 0.0559739 0.0550271 0.0540804 0.0528358 0.0507368 0.0471464 0.0416683 0.0344541 0.0262768
 0.00438444 0.00707248 0.0105799 0.0149205 0.0200956 0.0260342 0.032511 0.0391334 0.0454161 0.0508832 0.0551493 0.0579836 0.0593581 0.0594524 0.0585971 0.0571805 0.0555548 0.0539504 0.0523943 0.0506467 0.0482147 0.044512 0.0391576 0.0322702 0.0245476
 0.00459555 0.00742596 0.0111306 0.0157251 0.0212001 0.0274542 0.0342138 0.0410344 0.0473969 0.0528225 0.0569489 0.0595757 0.0606921 0.0604724 0.0592253 0.0573198 0.0551097 0.0528574 0.0506499 0.0483269 0.0454822 0.0416039 0.0363462 0.0298028 0.0225877
 0.00483114 0.00780922 0.0117102 0.0165523 0.0223262 0.028921 0.0360355 0.0431768 0.0497626 0.055253 0.059249 0.0615552 0.0622083 0.0614496 0.0596418 0.0571735 0.0543886 0.0515366 0.0487184 0.0458294 0.0425533 0.0384721 0.0332969 0.0271097 0.0204398
 0.00510574 0.00824974 0.0123636 0.017462 0.0235292 0.0304408 0.0378714 0.0452928 0.0520829 0.0576624 0.061598 0.0636715 0.0639184 0.0626086 0.0601578 0.0570128 0.0535589 0.0500643 0.0466404 0.0432128 0.039529 0.0352544 0.0301622 0.0243327 0.0182177
 0.00529364 0.00856987 0.0128734 0.0182264 0.0246098 0.0318772 0.039661 0.0473804 0.0543661 0.0600085 0.0638621 0.0657094 0.0655947 0.0638031 0.060773 0.0569823 0.052853 0.04869 0.0446408 0.0406734 0.0365938 0.0321361 0.0271252 0.0216391 0.0160577
 0.00550534 0.00890554 0.0133653 0.0189062 0.0255111 0.0330359 0.0411061 0.0491168 0.0563541 0.0621525 0.0660165 0.0677034 0.0672649 0.0650182 0.061442 0.057049 0.0522885 0.0474911 0.0428376 0.0383433 0.0338768 0.0292386 0.0242985 0.0191296 0.014043
 0.00574186 0.00928269 0.0139193 0.0196662 0.0264951 0.0342446 0.0425172 0.0506843 0.0580166 0.0638429 0.0676651 0.0692322 0.0685819 0.0660213 0.0620329 0.057148 0.0518435 0.0464814 0.0412789 0.0362984 0.0314691 0.0266551 0.0217691 0.0168788 0.0122334
 0.00596551 0.00964622 0.0144667 0.0204394 0.0275268 0.0355464 0.044065 0.05241 0.059813 0.0655831 0.0692272 0.0705203 0.0695354 0.0666095 0.0622393 0.0569557 0.0512309 0.0454298 0.039789 0.0344112 0.0292822 0.0243271 0.0194994 0.0148643 0.0106163
 0.00615565 0.00995263 0.014924 0.0210809 0.0283823 0.0366355 0.0453863 0.0539292 0.0614573 0.0672439 0.0707737 0.0718221 0.0704874 0.0671502 0.0623526 0.0566568 0.0505454 0.0443802 0.0383976 0.0327166 0.0273616 0.0223064 0.0175414 0.0131321 0.00922814
 0.00630414 0.0101889 0.0152712 0.0215603 0.0290131 0.0374333 0.0463576 0.0550639 0.0627213 0.0685759 0.0720865 0.0730108 0.0714453 0.0677869 0.0626101 0.0565152 0.0500179 0.0435003 0.0372091 0.0312747 0.0257428 0.0206178 0.0159146 0.0116976 0.00808064
 0.00636842 0.0102941 0.0154311 0.0217893 0.0293251 0.0378399 0.046865 0.055672 0.0634235 0.0693585 0.0729259 0.0738674 0.07226 0.0684841 0.0631087 0.0567455 0.0499348 0.0430909 0.036492 0.0302968 0.0245777 0.0193636 0.0146851 0.0106022 0.00719831
 0.00647704 0.0104593 0.0156592 0.0220802 0.0296749 0.0382441 0.0473196 0.0561711 0.0639565 0.0699083 0.0734709 0.0743849 0.0727275 0.0688766 0.063395 0.0568858 0.0498868 0.0428208 0.0359874 0.0295753 0.0236901 0.0183896 0.0137203 0.00973815 0.0065007
 0.00661155 0.0106566 0.0159165 0.0223815 0.0299961 0.0385615 0.0476174 0.0564439 0.0642077 0.0701471 0.0737072 0.0746246 0.0729683 0.0691065 0.063592 0.0570197 0.0499213 0.0427192 0.0357223 0.0291404 0.0231089 0.0177161 0.0130286 0.00910401 0.00598092
 0.00665437 0.0107241 0.0160136 0.0225096 0.030151 0.0387317 0.0477844 0.0565865 0.0643113 0.0702123 0.0737522 0.0746781 0.0730567 0.0692419 0.0637664 0.0572062 0.0500803 0.0428067 0.0356994 0.0289843 0.0228217 0.0173285 0.0125937 0.00868237 0.00562237
 0.00660854 0.010658 0.0159299 0.0224164 0.0300603 0.0386559 0.0477327 0.0565634 0.0643163 0.0702415 0.0738021 0.0747498 0.0731575 0.0693819 0.0639512 0.0574286 0.0503168 0.0430204 0.0358491 0.0290363 0.0227617 0.0171674 0.0123657 0.00843337 0.00539502
 0.00663835 0.0106941 0.0159619 0.0224287 0.0300381 0.0385941 0.0476418 0.0564673 0.0642424 0.0702087 0.0738139 0.0747967 0.0732256 0.0694619 0.0640416 0.0575325 0.0504339 0.0431402 0.0359498 0.029092 0.0227524 0.0170893 0.012234 0.0082768 0.00524431
