SBPRF35
10.3827
Curr Bio
659955
B35
766677
F35
0.186706
FOFL
0.157252
OFL
82897.9
Bzero
2.96647e+006
#pred survey bio
 4.015e+006 3.85351e+006 3.70442e+006 3.48332e+006 3.25388e+006 2.95355e+006 2.67881e+006 2.40449e+006 2.13844e+006 1.90387e+006 1.67868e+006 1.4672e+006 1.30662e+006 1.16913e+006 1.02579e+006 909620 814426 747471 713536 672006 650722 630247 611375 602126 588198 579557 575452 565885 576028 578910 584313 579187 578761 573201 560420 543736 533277 517189 517600 522237 526247 538670 546979 555016 554092 560300 553636 552110 557149 554116 560539 572887 544991 515530 514857 584019 609767 602192 601617 590430 624628 665202 2.29827e+007 1.38606e+007 1.41938e+007 1.50541e+007 1.62422e+007 1.75216e+007 1.87293e+007 1.97803e+007 2.0647e+007 2.13355e+007 2.18687e+007 2.22746e+007 2.25801e+007 2.28085e+007 2.29787e+007 2.31054e+007 2.32e+007 2.32708e+007 2.3324e+007 2.33642e+007 2.33947e+007 2.3418e+007 2.34358e+007 2.34496e+007 2.34603e+007 2.34686e+007 2.34751e+007 2.34801e+007 2.34841e+007 2.34872e+007 2.34897e+007 2.34917e+007 2.34932e+007 2.34945e+007 2.34954e+007 2.34962e+007 2.34969e+007 2.34973e+007 2.34977e+007 2.34981e+007 2.34983e+007 2.34985e+007 2.34987e+007 2.34988e+007 2.34989e+007 2.3499e+007 2.34991e+007 2.34991e+007 2.34992e+007 2.34992e+007 2.34992e+007 2.34992e+007 2.34993e+007 2.34993e+007 2.34993e+007 2.34993e+007 2.34993e+007 2.34993e+007 2.34993e+007 2.34993e+007 2.34993e+007 2.34993e+007 2.34993e+007 2.34993e+007 2.34993e+007 2.34993e+007 2.34993e+007 2.34993e+007 2.34993e+007 2.34993e+007 2.34993e+007 2.34993e+007 2.34993e+007 2.34993e+007 2.34993e+007 2.34993e+007 2.34993e+007 2.34993e+007 2.34993e+007 2.34993e+007 2.34993e+007 2.34993e+007 2.34993e+007 2.34993e+007 2.34993e+007 2.34993e+007 2.34993e+007 2.34993e+007 2.34993e+007 2.34993e+007 2.34993e+007 2.34993e+007 2.34993e+007 2.34993e+007 2.34993e+007 2.34993e+007 2.34993e+007 2.34993e+007 2.34993e+007 2.34993e+007 0 0 0 0 0 0 0 0 0 0 0 0 0 0 0 0 0 0 0 0 0 0 0 0 0
#obs survey bio
 4.61323e+006 2.86118e+006 3.68299e+006 2.38422e+006 2.80839e+006 2.66095e+006 2.39502e+006 1.62008e+006 1.95016e+006 1.55047e+006 1.51617e+006 1.38205e+006 1.4283e+006 771340 795530 628587 817302 636541 597423 799098 728562 396074 381900 525586 389686 532254 646986 542398 562494 542913 606849 639060 519182 724796 705417 726925 407381 735667 532014 643370 490234 568102 395315 682650 760825 635846 612506 581441 610395 530358 539924 571200 636699 454570 394463 713640 590263 570645 487909 647071 620040 700912
#pred catch bio
 102719 94925.1 169357 191311 275169 273878 296014 309934 300115 306133 303505 264627 248878 256119 232045 211467 183277 151702 154499 133508 130222 126777 117309 120217 114675 109624 111868 93324.9 98381.9 95050.4 102301 96236.5 98068.3 100155 98587.7 90737.2 96702.3 85571.2 84815.4 87221.8 81927.8 87096.8 88071.3 95150.9 88359.8 98767.4 94296.3 89862.9 97746.3 90283.2 86027.9 119102 118235 93865.4 39189.9 79049.8 106458 100367 110209 73932.3 71075.1 109943 82897.9 97381.5 98460.7 103173 110807 119299 127289 134133 139645 143897 147072 149386 151042 152209 153023 153585 153971 154233 154412 154532 154613 154668 154704 154729 154745 154756 154764 154768 154772 154774 154775 154776 154777 154777 154777 154778 154778 154778 154778 154778 154778 154778 154778 154778 154778 154778 154778 154778 154778 154778 154778 154778 154778 154778 154778 154778 154778 154778 154778 154778 154778 154778 154778 154778 154778 154778 154778 154778 154778 154778 154778 154778 154778 154778 154778 154778 154778 154778 154778 154778 154778 154778 154778 154778 154778 154778 154778 154778 154778 154778 154778 154778 154778 154778 154778 154778 154778 154778 154778 154778 0 0 0 0 0 0 0 0 0 0 0 0 0 0 0 0 0 0 0 0 0 0 0 0 0
#obs catch bio
 0 94507.5 170234 191544 277645 275755 299204 315291 305472 313920 311324 269638 251942 262419 237532 218495 187589 154334 157382 134982 131107 128744 118578 121930 116458 111656 113833 93962.9 99063.8 95540.7 103151 96549.2 98965.6 100634 98862.8 90108 96504 84921.4 84307.3 86558.5 81449.8 86886.6 88189.8 94790 87421.8 97657 93437.4 89232.8 97818.5 90347 85554.8 118584 117468 94183.8 38731.8 79185.9 106734 99974.5 110476 73773.6 70742.8 110304
#pred cpue bio
 3.95765e+006 3.79882e+006 3.65175e+006 3.43156e+006 3.20251e+006 2.90323e+006 2.62929e+006 2.35588e+006 2.09095e+006 1.8576e+006 1.63418e+006 1.42491e+006 1.26599e+006 1.1298e+006 988150 873613 780357 715250 682516 642460 622080 602269 583857 574833 561279 552881 549219 540520 550899 554041 559564 554906 554875 550035 538438 522953 512459 495462 494913 499255 503167 515160 523180 531152 530572 536829 530287 528534 533120 529998 536314 548537 521358 492218 491155 558811 584732 577389 576204 564767 598032 638442 2.2106e+007 1.33481e+007 1.35562e+007 1.4274e+007 1.54105e+007 1.66774e+007 1.78825e+007 1.89331e+007 1.97997e+007 2.04882e+007 2.10215e+007 2.14273e+007 2.17328e+007 2.19612e+007 2.21314e+007 2.22581e+007 2.23527e+007 2.24235e+007 2.24767e+007 2.25169e+007 2.25474e+007 2.25707e+007 2.25885e+007 2.26023e+007 2.2613e+007 2.26213e+007 2.26278e+007 2.26328e+007 2.26368e+007 2.26399e+007 2.26424e+007 2.26444e+007 2.26459e+007 2.26472e+007 2.26481e+007 2.26489e+007 2.26496e+007 2.26501e+007 2.26504e+007 2.26508e+007 2.2651e+007 2.26512e+007 2.26514e+007 2.26515e+007 2.26516e+007 2.26517e+007 2.26518e+007 2.26518e+007 2.26519e+007 2.26519e+007 2.26519e+007 2.26519e+007 2.2652e+007 2.2652e+007 2.2652e+007 2.2652e+007 2.2652e+007 2.2652e+007 2.2652e+007 2.2652e+007 2.2652e+007 2.2652e+007 2.2652e+007 2.2652e+007 2.2652e+007 2.2652e+007 2.2652e+007 2.2652e+007 2.2652e+007 2.2652e+007 2.2652e+007 2.2652e+007 2.2652e+007 2.2652e+007 2.2652e+007 2.2652e+007 2.2652e+007 2.2652e+007 2.2652e+007 2.2652e+007 2.2652e+007 2.2652e+007 2.2652e+007 2.2652e+007 2.2652e+007 2.2652e+007 2.2652e+007 2.2652e+007 2.2652e+007 2.2652e+007 2.2652e+007 2.2652e+007 2.2652e+007 2.2652e+007 2.2652e+007 2.2652e+007 2.2652e+007 2.2652e+007 2.2652e+007 2.2652e+007 0 0 0 0 0 0 0 0 0 0 0 0 0 0 0 0 0 0 0 0 0 0 0 0 0
#obs cpue bio
 2.32884e+006 3.08738e+006 2.84824e+006 3.74156e+006 2.72802e+006 2.61133e+006 2.10357e+006 1.82166e+006 1.75233e+006 1.18412e+006 1.62637e+006 1.54039e+006 1.48287e+006 787142 920014 528223 813522 673095 730676 550716 663520 471908 911251 487263 582873 357314 480032 681611 612635 538270 458837 588917 378736 580052 484981 756124 584181 506192 485893 543897 468082 430362 507672 764753 636420 646561 448369 450538 326843 499716 773959 714118 525538 403345 610840 516374 534983 772834 639904 458337 735689 560911
#pred surv len freq
 0.0054889 0.00878544 0.0129865 0.0179975 0.0236623 0.0297076 0.0357024 0.0411398 0.0456221 0.0489981 0.0513513 0.0528865 0.0538221 0.054336 0.054548 0.054521 0.0542729 0.0537841 0.0529743 0.0516443 0.0494323 0.0458783 0.0406455 0.0338095 0.0260035
 0.00572384 0.00907234 0.0132475 0.0181143 0.0235238 0.0292769 0.0350592 0.040461 0.0451016 0.0487535 0.0513753 0.0530691 0.0540238 0.0544622 0.0545891 0.0545443 0.0543765 0.0540373 0.0533716 0.0520975 0.0498079 0.0460618 0.0405962 0.0335734 0.0256799
 0.00597733 0.00947603 0.0138327 0.018887 0.0244438 0.0302399 0.0359 0.0409974 0.0452127 0.0484467 0.0507893 0.0524009 0.0534275 0.0539918 0.0542148 0.0542155 0.0540761 0.0537885 0.0532025 0.051999 0.0497224 0.0459134 0.0403382 0.0332181 0.0252886
 0.00624067 0.00989775 0.014456 0.0197488 0.0255676 0.0316212 0.0374845 0.0426627 0.0467699 0.049676 0.0515047 0.0525189 0.0529981 0.0531679 0.0531778 0.0531063 0.0529723 0.0527232 0.0521912 0.0510486 0.0488271 0.0450578 0.0395162 0.0324493 0.0246156
 0.0064767 0.0102744 0.0150105 0.0205137 0.0265677 0.0328681 0.0389666 0.0443342 0.0485426 0.0514165 0.0530402 0.0536607 0.0535861 0.0531231 0.0525318 0.0519865 0.051549 0.0511532 0.0505873 0.049479 0.0473312 0.0436639 0.0382542 0.0313559 0.0237267
 0.0068214 0.0108152 0.0157884 0.021555 0.027882 0.0344447 0.0407682 0.0462936 0.0505669 0.0533958 0.054854 0.0551773 0.0546645 0.0536288 0.0523699 0.0511379 0.0500859 0.0492219 0.0483667 0.0471404 0.0450181 0.0414921 0.0363192 0.0297326 0.0224595
 0.0071601 0.0113482 0.0165582 0.0225902 0.0291946 0.0360248 0.0425771 0.0482604 0.0525955 0.0553795 0.0566882 0.0567629 0.0559031 0.0544173 0.0526048 0.0507344 0.049009 0.0475118 0.0461443 0.044587 0.0423422 0.0388973 0.0339803 0.0277768 0.020952
 0.00748669 0.0118698 0.0173257 0.0236451 0.0305617 0.0377015 0.0445211 0.0503855 0.054782 0.0574966 0.0586143 0.0583965 0.0571625 0.0552326 0.0529089 0.0504606 0.0481022 0.0459542 0.0439847 0.0419573 0.0394487 0.0359882 0.0312981 0.025511 0.0192046
 0.00780889 0.0123825 0.0180775 0.0246754 0.0318961 0.0393433 0.0464399 0.0525089 0.0570006 0.0596782 0.0606237 0.0601112 0.0584832 0.0560857 0.053241 0.050229 0.0472699 0.0444994 0.0419252 0.0393809 0.0365294 0.0329719 0.0284555 0.0230734 0.0173092
 0.00804147 0.0127625 0.0186533 0.0254943 0.0329967 0.0407429 0.0481202 0.0544102 0.0590275 0.0617155 0.0625513 0.0618147 0.0598594 0.0570476 0.0537198 0.0501731 0.0466418 0.043278 0.0401198 0.0370564 0.0338293 0.0301183 0.0257126 0.0206836 0.0154296
 0.00828376 0.0131505 0.0192269 0.0262889 0.0340394 0.0420451 0.0496679 0.0561561 0.0608924 0.0635973 0.0643386 0.0633986 0.0611429 0.0579505 0.0541795 0.0501415 0.0460832 0.0421712 0.0384696 0.0349151 0.0313194 0.0274375 0.0231069 0.018389 0.013608
 0.00865975 0.0137289 0.0200366 0.0273367 0.0353121 0.0435141 0.0512892 0.0578686 0.0626196 0.0652552 0.0658438 0.0646744 0.0621224 0.0585778 0.0544098 0.0499398 0.0454226 0.0410344 0.0368598 0.032875 0.0289526 0.0249168 0.020653 0.0162195 0.0118773
 0.00906617 0.0143511 0.0209013 0.0284424 0.0366313 0.0449978 0.0528696 0.0594629 0.06414 0.066624 0.067004 0.0655904 0.0627717 0.0589409 0.0544642 0.0496592 0.0447793 0.040006 0.0354402 0.0310926 0.0268894 0.0227161 0.0185031 0.01431 0.0103464
 0.00934854 0.014812 0.0215968 0.0294216 0.0379219 0.0465852 0.0546794 0.0613618 0.0659625 0.0682137 0.0682487 0.0664355 0.0632127 0.0590047 0.0541882 0.0490743 0.0439018 0.0388392 0.0339869 0.0293753 0.0249713 0.020712 0.0165672 0.0126002 0.00897836
 0.00965052 0.0152971 0.0223165 0.0304208 0.0392315 0.0482088 0.0565761 0.0634343 0.0680604 0.0701546 0.0698511 0.067554 0.0637656 0.0589848 0.0536511 0.0481107 0.0426057 0.0372872 0.0322348 0.027472 0.0229807 0.0187286 0.0147127 0.010997 0.00771325
 0.00974023 0.0154659 0.0226135 0.0309073 0.039969 0.0492383 0.0578978 0.0649979 0.0697706 0.0718851 0.07146 0.0688984 0.0647191 0.0594575 0.053607 0.0475721 0.0416416 0.0359901 0.0306998 0.0257875 0.0212335 0.0170133 0.013132 0.0096463 0.00665604
 0.00982006 0.015591 0.0227948 0.0311573 0.0403058 0.0496892 0.0584972 0.0657762 0.0707372 0.0730117 0.0726745 0.0700925 0.065767 0.0602387 0.0540273 0.0475786 0.0412305 0.0352035 0.029614 0.0244982 0.0198445 0.0156299 0.0118545 0.00855809 0.00580806
 0.00995894 0.0157883 0.0230393 0.0314219 0.0405569 0.0499027 0.0586719 0.0659387 0.0709354 0.0733004 0.0730955 0.0706553 0.0664356 0.0609331 0.0546391 0.0479975 0.0413714 0.0350256 0.0291275 0.0237585 0.018939 0.0146616 0.0109247 0.00774964 0.0051716
 0.00990778 0.0157144 0.0229445 0.0313121 0.040438 0.0497762 0.0585346 0.0657892 0.0707858 0.0731858 0.0730723 0.070785 0.0667601 0.0614506 0.0552941 0.0486903 0.0419825 0.0354481 0.0292944 0.0236574 0.0186101 0.014183 0.0103894 0.00724267 0.00475179
 0.0100179 0.0158756 0.0231542 0.0315563 0.0406955 0.050025 0.058755 0.0659639 0.0708981 0.0732216 0.0730278 0.0706769 0.0666287 0.06135 0.0552704 0.0487577 0.0421119 0.0355756 0.0293461 0.0235791 0.0183879 0.0138457 0.00999563 0.00685744 0.00442584
 0.010175 0.0160933 0.0234122 0.0318121 0.0408963 0.0501271 0.0587399 0.0658432 0.0707056 0.0729998 0.0728152 0.0705005 0.066504 0.0612858 0.0552737 0.0488316 0.042248 0.0357455 0.0295033 0.0236729 0.0183837 0.0137399 0.00981529 0.00664728 0.00422906
 0.0102767 0.0162606 0.0236653 0.0321651 0.0413471 0.0506452 0.0592612 0.0662797 0.0709734 0.0730508 0.0726548 0.070181 0.0661002 0.0608696 0.0548983 0.0485285 0.0420287 0.0356036 0.0294162 0.023607 0.0183056 0.0136298 0.00967392 0.00649259 0.00408506
 0.010367 0.0163991 0.023859 0.0324168 0.0416567 0.0510111 0.0596766 0.0667252 0.0714093 0.0734177 0.0728867 0.0702279 0.0659496 0.0605529 0.0544789 0.0480789 0.0416092 0.0352505 0.029139 0.0233948 0.0181364 0.0134821 0.009536 0.00636444 0.00397408
 0.0103867 0.0164286 0.0238989 0.0324664 0.0417156 0.0510804 0.059761 0.0668324 0.0715476 0.0735901 0.0730833 0.0704222 0.0661022 0.0606251 0.0544498 0.0479556 0.041423 0.0350425 0.0289441 0.0232311 0.0180053 0.0133753 0.00944422 0.00628354 0.00390511
 0.0104415 0.0165157 0.024026 0.0326382 0.0419317 0.0513328 0.0600324 0.0670979 0.071781 0.0737714 0.0732041 0.0704834 0.0661078 0.0605755 0.0543408 0.0477841 0.0411954 0.0347782 0.0286713 0.0229771 0.0177883 0.0132011 0.00930997 0.00618274 0.00383169
 0.0102413 0.0162363 0.0236907 0.0322982 0.041652 0.0511698 0.0600148 0.0672215 0.0720159 0.0740754 0.0735343 0.0708043 0.066394 0.0608115 0.054518 0.0478975 0.0412433 0.0347648 0.028609 0.0228846 0.0176858 0.0131046 0.00922845 0.006119 0.00378486
 0.010023 0.0158954 0.0232065 0.0316678 0.0408985 0.0503505 0.0592234 0.0665746 0.071622 0.0739981 0.0737714 0.0712939 0.067042 0.0615222 0.0552139 0.0485261 0.0417745 0.035186 0.028921 0.0230989 0.0178208 0.0131814 0.00926659 0.006134 0.00378758
 0.0100882 0.015966 0.0232474 0.0316241 0.0407104 0.0499771 0.0586653 0.0658843 0.0708956 0.0733533 0.0733175 0.0711032 0.0671314 0.061852 0.0557054 0.0490886 0.0423286 0.0356768 0.0293196 0.023398 0.0180284 0.0133141 0.00934403 0.0061746 0.00380611
 0.0100286 0.0158666 0.0230918 0.0313923 0.0403795 0.0495243 0.0580765 0.0651648 0.070083 0.072523 0.0725772 0.0705708 0.066903 0.0619721 0.056153 0.0497844 0.0431607 0.0365314 0.0301058 0.0240596 0.0185431 0.0136864 0.00959454 0.00633113 0.00389651
 0.00998589 0.015806 0.0230163 0.0313082 0.0402915 0.0494293 0.057958 0.0649951 0.0698312 0.0721698 0.0721296 0.0700722 0.0664303 0.0616183 0.0559982 0.0498681 0.0434681 0.0369999 0.030648 0.0245913 0.0190032 0.0140447 0.00984825 0.0064952 0.0039935
 0.00982614 0.0155694 0.0227034 0.0309359 0.0398895 0.0490328 0.057601 0.0647037 0.069618 0.0720293 0.07204 0.0700057 0.0663698 0.0615714 0.0559988 0.0499625 0.0436918 0.037357 0.0311053 0.025089 0.019477 0.0144453 0.0101521 0.00670313 0.00412222
 0.00977368 0.0154848 0.022578 0.0307637 0.0396703 0.0487758 0.0573275 0.0644445 0.0694049 0.0718842 0.0719661 0.0699875 0.0663809 0.0615876 0.0560116 0.0499852 0.0437535 0.0374876 0.031317 0.0253673 0.019785 0.0147394 0.0103979 0.00688462 0.00424139
 0.00951848 0.0151119 0.0220944 0.0302026 0.0390805 0.0482065 0.0568162 0.0640168 0.0690804 0.0716811 0.0719003 0.070065 0.0665907 0.0619007 0.0563881 0.0503877 0.0441586 0.0378886 0.0317164 0.0257645 0.020168 0.0150863 0.0106863 0.00710169 0.00438825
 0.00917174 0.0145925 0.0213967 0.0293539 0.0381377 0.0472462 0.0559251 0.0632802 0.0685673 0.0714294 0.0719095 0.0703034 0.0670112 0.0624535 0.0570262 0.0510675 0.0448418 0.0385453 0.0323277 0.0263196 0.0206588 0.0155037 0.0110214 0.0073512 0.00455798
 0.00906546 0.0144013 0.0210765 0.0288568 0.0374293 0.0463295 0.0548597 0.062181 0.0675777 0.0706801 0.0714847 0.0702269 0.0672535 0.0629507 0.0577011 0.0518449 0.0456572 0.0393479 0.03308 0.0269959 0.0212428 0.015986 0.0113989 0.00762758 0.0047448
 0.00990135 0.015568 0.0224754 0.030272 0.038583 0.0469751 0.0548619 0.0615459 0.0664313 0.0692219 0.0699387 0.0687984 0.0660945 0.0621399 0.0572447 0.0516951 0.045739 0.0395817 0.0333963 0.0273405 0.0215769 0.0162836 0.0116444 0.00781476 0.00487573
 0.0106339 0.016712 0.0240998 0.0323839 0.0410965 0.0496825 0.0574275 0.0635558 0.0675094 0.0691641 0.0687891 0.0668234 0.0636767 0.0596556 0.054978 0.0498072 0.0442796 0.0385235 0.0326722 0.026873 0.0212947 0.0161283 0.0115707 0.00778887 0.00487368
 0.0106442 0.016826 0.0244506 0.0331529 0.042464 0.051746 0.0601234 0.0666275 0.0705423 0.0716792 0.0703642 0.0672062 0.0628529 0.0578433 0.052548 0.0471648 0.0417607 0.036341 0.0309156 0.025541 0.0203358 0.0154715 0.0111444 0.00752866 0.00472589
 0.010396 0.0164488 0.0239393 0.0325403 0.0418375 0.0512585 0.0599835 0.0670507 0.0716635 0.0734614 0.0725605 0.0694108 0.0646271 0.0588605 0.0526907 0.0465369 0.0406196 0.0349905 0.0296114 0.0244417 0.019501 0.0148906 0.0107706 0.00730566 0.00460287
 0.0103389 0.0163369 0.0237367 0.0322046 0.0413346 0.0505877 0.0592034 0.0662919 0.0711158 0.0733291 0.0729918 0.0704252 0.0660754 0.0604504 0.0540806 0.0474569 0.04096 0.0348157 0.0291021 0.0238057 0.0189019 0.0144169 0.0104431 0.00710382 0.00449091
 0.0104072 0.0164326 0.0238505 0.0323134 0.0414024 0.0505695 0.059055 0.0659863 0.0706645 0.0728014 0.0725162 0.0701597 0.0661495 0.0609006 0.0548163 0.0482836 0.0416553 0.0352193 0.0291709 0.0236083 0.0185648 0.014062 0.0101486 0.00689741 0.00436514
 0.010314 0.0163008 0.0236879 0.0321385 0.0412369 0.0504273 0.0589335 0.0658653 0.0705154 0.0726025 0.0722715 0.0699119 0.0659779 0.0608974 0.0550436 0.0487333 0.0422372 0.0357937 0.0296083 0.0238424 0.0186079 0.0139801 0.010019 0.00677626 0.00427757
 0.0101258 0.0160293 0.0233439 0.0317555 0.0408633 0.0501128 0.0587154 0.0657607 0.0705178 0.0726836 0.0723883 0.0700226 0.0660618 0.0609678 0.0551443 0.0489139 0.04252 0.0361522 0.029975 0.0241418 0.0187932 0.01405 0.0100074 0.00672767 0.00422596
 0.00993069 0.0157291 0.0229254 0.0312217 0.040237 0.0494389 0.0580611 0.0652071 0.0701416 0.0725331 0.0724671 0.0702903 0.0664514 0.0614116 0.0555958 0.0493566 0.0429589 0.0365931 0.030406 0.0245314 0.0191052 0.0142636 0.0101273 0.00677842 0.00423752
 0.0099936 0.0158033 0.0229853 0.031226 0.0401402 0.0492092 0.0576971 0.0647436 0.0696423 0.0720743 0.0721188 0.0700986 0.0664287 0.0615366 0.0558252 0.0496434 0.0432674 0.0369033 0.0307067 0.0248096 0.0193435 0.0144459 0.0102477 0.00684428 0.00426528
 0.0100555 0.0158901 0.0230889 0.0313269 0.0402079 0.0492068 0.0575882 0.064503 0.069268 0.0715975 0.0716033 0.0696278 0.0660809 0.0613624 0.055835 0.0498107 0.0435439 0.0372363 0.0310519 0.0251346 0.0196258 0.0146712 0.0104105 0.00694902 0.00432414
 0.0102416 0.0161763 0.0234878 0.0318361 0.0408073 0.0498557 0.0582236 0.065043 0.0696257 0.0717026 0.071425 0.0691872 0.0654488 0.060641 0.0551312 0.0492086 0.0430885 0.036933 0.0308779 0.0250547 0.0196043 0.0146789 0.0104269 0.00696274 0.00433137
 0.0103729 0.0163776 0.0237681 0.032196 0.0412389 0.0503439 0.0587441 0.06556 0.0700908 0.0720589 0.071616 0.0691704 0.0652098 0.0602037 0.0545564 0.0485803 0.0424911 0.0364297 0.030499 0.0247987 0.019449 0.0145943 0.0103852 0.00694338 0.00432202
 0.0102637 0.016233 0.0236114 0.0320691 0.0411911 0.0504133 0.058943 0.0658716 0.070477 0.0724724 0.0720083 0.0694945 0.0654233 0.0602753 0.0544758 0.0483662 0.0421894 0.0361004 0.0301978 0.0245618 0.0192874 0.014499 0.0103372 0.00692313 0.00431509
 0.0101923 0.0161281 0.0234759 0.0319163 0.041046 0.0503108 0.0589229 0.0659689 0.0707086 0.0728252 0.0724375 0.0699343 0.0658053 0.0605445 0.0546003 0.0483399 0.0420317 0.0358521 0.0299109 0.0242863 0.0190588 0.0143321 0.010229 0.00686035 0.00428214
 0.0101083 0.015989 0.0232625 0.0316122 0.0406445 0.0498251 0.0583946 0.0654676 0.0703188 0.0726236 0.0724698 0.0702007 0.0662596 0.0611072 0.0551797 0.0488554 0.0424307 0.0361165 0.030054 0.0243413 0.0190643 0.0143197 0.0102171 0.00685524 0.00428269
 0.0100374 0.0158718 0.0230825 0.0313524 0.0402904 0.0493706 0.0578499 0.064865 0.0697146 0.0720925 0.0720924 0.0700453 0.0663623 0.0614579 0.0557224 0.0495021 0.0430859 0.0367016 0.030523 0.0246831 0.0192945 0.0144661 0.0103078 0.00691126 0.00431733
 0.010434 0.0164738 0.0239069 0.0323811 0.0414692 0.0506114 0.0590342 0.0658545 0.0703745 0.0723266 0.0718727 0.0694228 0.0654523 0.0604082 0.0546732 0.0485543 0.0422868 0.0360515 0.029996 0.02425 0.0189364 0.0141765 0.0100854 0.00675307 0.00421466
 0.0106631 0.0168541 0.024492 0.0332205 0.0425913 0.0519989 0.0606031 0.0674522 0.0718069 0.0734027 0.0724495 0.0694335 0.0649165 0.0594232 0.0533907 0.0471448 0.0409023 0.034799 0.0289294 0.0233807 0.0182514 0.0136544 0.00970405 0.00648996 0.00404581
 0.0104446 0.0165356 0.0240836 0.0327628 0.0421537 0.051671 0.0604804 0.067615 0.0722923 0.0741794 0.0734107 0.0704193 0.0657587 0.0599932 0.0536315 0.0470766 0.0406034 0.0343729 0.0284719 0.0229586 0.0178986 0.0133796 0.009502 0.00634976 0.00395486
 0.00977611 0.0154732 0.0225353 0.0306741 0.0395359 0.0486374 0.0572749 0.0646019 0.0698883 0.0727465 0.0731569 0.0713476 0.0676764 0.0625719 0.0564946 0.0498865 0.0431226 0.0364822 0.030151 0.0242469 0.0188578 0.0140714 0.00998064 0.00666331 0.00414679
 0.0099554 0.0157001 0.0227543 0.0307844 0.0394077 0.0481447 0.056335 0.0632105 0.0681433 0.0708524 0.0713974 0.0700225 0.0670177 0.0626729 0.0572849 0.0511642 0.0446265 0.0379714 0.0314586 0.0252952 0.0196407 0.0146235 0.0103506 0.00689851 0.00428749
 0.0103345 0.0162984 0.0236156 0.0319234 0.0407894 0.0496619 0.0577953 0.0643558 0.0687117 0.0706646 0.0704292 0.0684268 0.0650876 0.0607574 0.0556893 0.0500697 0.0440595 0.0378303 0.0315797 0.0255213 0.019864 0.0147939 0.0104606 0.00696083 0.00431918
 0.0103398 0.0163418 0.0237464 0.0322104 0.0413056 0.0504559 0.05886 0.0656073 0.0699877 0.0717481 0.0710957 0.0685088 0.0645361 0.0596723 0.0542957 0.0486463 0.0428472 0.0369649 0.0310741 0.0252984 0.019813 0.0148182 0.0105003 0.00699075 0.00433538
 0.0103289 0.0163378 0.0237674 0.0322872 0.0414802 0.0507767 0.0593712 0.0663337 0.0709151 0.0728051 0.0721475 0.069375 0.0650341 0.0596765 0.0537879 0.0477311 0.0417204 0.0358446 0.0301299 0.0246098 0.019373 0.0145681 0.0103704 0.00692601 0.0043025
 0.00968574 0.0153775 0.0224828 0.0307335 0.0397668 0.0490496 0.0577985 0.0650936 0.0701759 0.0726905 0.0726988 0.070525 0.066609 0.0614297 0.055462 0.0491274 0.0427485 0.0365286 0.030569 0.0249179 0.0196298 0.0148038 0.01058 0.00709425 0.00442161
 0.00887366 0.0141433 0.0207884 0.028607 0.0373021 0.0463979 0.0551623 0.0627154 0.0683082 0.0715502 0.0724226 0.0711443 0.0680442 0.0635008 0.057914 0.0516755 0.0451366 0.0385828 0.0322206 0.0261872 0.0205839 0.0155142 0.0111003 0.00746084 0.00466373
#obs surv len freq
 nan nan nan nan nan nan nan nan nan nan nan nan nan nan nan nan nan nan nan nan nan nan nan nan nan
 0.00448583 0.00734785 0.0111786 0.0159958 0.0216974 0.0279736 0.034288 0.0400191 0.044698 0.0481607 0.0505172 0.0520115 0.0529023 0.0534133 0.0537265 0.0539806 0.0542586 0.054551 0.0546895 0.0542813 0.0527194 0.0493518 0.043802 0.0362828 0.0276672
 0.00461312 0.0075579 0.0115002 0.0164565 0.0223166 0.0287525 0.0351986 0.0410021 0.0456709 0.0490347 0.0512142 0.0524758 0.0531055 0.0533547 0.0534284 0.0534804 0.0536001 0.0537772 0.0538398 0.053393 0.0518315 0.0485078 0.0430469 0.0356546 0.0271871
 0.00477635 0.00782318 0.0118995 0.01702 0.0230676 0.0296984 0.0363212 0.0422512 0.0469681 0.0502839 0.0523152 0.0533372 0.0536558 0.0535507 0.0532595 0.052967 0.0527866 0.0527228 0.0526107 0.0520593 0.0504684 0.0471952 0.0418641 0.0346671 0.0264309
 0.00497132 0.00814185 0.0123821 0.0177049 0.0239835 0.0308524 0.0376871 0.0437658 0.04854 0.05181 0.053695 0.0544792 0.0544803 0.0539928 0.0532752 0.0525403 0.0519333 0.0514899 0.0510727 0.050313 0.048629 0.0453899 0.0402186 0.0332839 0.0253679
 0.00517035 0.00847093 0.0128877 0.0184338 0.024974 0.0321197 0.039208 0.0454734 0.0503329 0.0535714 0.055311 0.0558495 0.0555211 0.0546357 0.0534667 0.0522442 0.0511367 0.0502117 0.0493706 0.0482881 0.0464229 0.043173 0.0381657 0.031541 0.0240199
 0.00540076 0.00884433 0.0134479 0.0192219 0.0260221 0.0334403 0.0407819 0.0472431 0.0522072 0.0554401 0.0570595 0.0573704 0.0567199 0.0554343 0.053803 0.0520716 0.0504263 0.0489601 0.0476136 0.0461144 0.0439808 0.0406601 0.0357979 0.0295058 0.0224328
 0.00563926 0.00923776 0.0140503 0.0200863 0.0271894 0.0349217 0.0425428 0.0491992 0.0542404 0.057423 0.0588773 0.058928 0.05794 0.0562515 0.0541606 0.0519206 0.0497289 0.0476978 0.0458035 0.0438291 0.0413635 0.0379203 0.0331786 0.0272285 0.0206415
 0.00587606 0.00962463 0.0146365 0.0209201 0.0283098 0.0363456 0.0442492 0.051122 0.0562743 0.0594415 0.060753 0.0605481 0.0592143 0.0571129 0.0545595 0.0518174 0.0490896 0.0464994 0.0440503 0.0415773 0.0387427 0.0351358 0.0304818 0.024858 0.0187603
 0.00613357 0.0100466 0.0152774 0.0218323 0.0295327 0.037889 0.0460775 0.0531496 0.0583793 0.0614904 0.0626218 0.0621332 0.0604342 0.0579061 0.0548815 0.051636 0.0483807 0.0452477 0.0422612 0.0392999 0.0360951 0.0323136 0.0277335 0.0224273 0.0168199
 0.0063831 0.0104553 0.0158983 0.0227167 0.0307205 0.0393932 0.0478673 0.0551443 0.0604588 0.063518 0.064467 0.0636868 0.0616133 0.0586536 0.0551603 0.0514225 0.0476586 0.0440088 0.0405142 0.037092 0.0335351 0.0295832 0.0250672 0.02006 0.0149217
 0.00661409 0.0108371 0.0164845 0.0235608 0.0318653 0.0408529 0.0496107 0.0570892 0.062484 0.065487 0.0662513 0.0651785 0.0627308 0.059341 0.0553842 0.0511659 0.0469152 0.04278 0.0388166 0.0349738 0.0310986 0.0269954 0.0225437 0.0178182 0.0131212
 0.00684473 0.0112124 0.0170503 0.0243604 0.0329319 0.0421975 0.0512079 0.0588709 0.0643468 0.0673096 0.0679128 0.0665734 0.0637757 0.0599779 0.0555792 0.0509039 0.0461943 0.0416089 0.0372182 0.0329991 0.0288445 0.0246139 0.0202288 0.0157647 0.011472
 0.00705646 0.0115623 0.017587 0.0251317 0.0339739 0.0435179 0.0527711 0.0605942 0.066115 0.0689994 0.0694145 0.0678001 0.0646643 0.0604856 0.0556805 0.0505882 0.0454628 0.0404733 0.0357052 0.0311608 0.026772 0.0224446 0.0181341 0.0139147 0.00999029
 0.0072548 0.0118875 0.0180814 0.0258366 0.0349214 0.044718 0.0541973 0.0621782 0.0677538 0.0705747 0.0708125 0.068927 0.0654541 0.0609011 0.0557082 0.0502306 0.044732 0.0393885 0.0342967 0.0294798 0.0249022 0.0205079 0.0162788 0.0122858 0.00869114
 0.00744827 0.0122018 0.0185539 0.0265015 0.0358027 0.0458188 0.055489 0.0635963 0.0692072 0.0719616 0.0720372 0.0699095 0.0661346 0.0612418 0.0556932 0.0498625 0.044027 0.0383725 0.0330055 0.0279653 0.0232417 0.0188078 0.0146653 0.0108794 0.00757553
 0.00751502 0.012319 0.0187469 0.0268002 0.0362368 0.0464086 0.0562361 0.0644793 0.0701834 0.0729742 0.073022 0.0708005 0.0668686 0.0617626 0.0559564 0.0498397 0.0437071 0.0377621 0.0321294 0.0268686 0.021994 0.0175027 0.013411 0.00977806 0.00669814
 0.00759069 0.0124316 0.0188977 0.0269865 0.036456 0.0466645 0.0565417 0.0648529 0.0706405 0.0735169 0.073633 0.0714428 0.0674908 0.062306 0.0563632 0.0500591 0.0437012 0.0375111 0.0316353 0.0261594 0.0211247 0.0165528 0.0124739 0.00894206 0.00602555
 0.00766285 0.0125449 0.0190601 0.0272011 0.0367186 0.0469622 0.056853 0.0651536 0.0709133 0.073761 0.0738644 0.0716842 0.0677556 0.062587 0.0566292 0.0502627 0.0437908 0.0374428 0.0313842 0.025727 0.0205427 0.0158806 0.0117874 0.00831604 0.00551485
 0.0077207 0.0126327 0.0191806 0.027353 0.0368972 0.0471604 0.0570618 0.0653618 0.0711079 0.0739304 0.0740033 0.0717974 0.067857 0.0626924 0.0567459 0.0503802 0.0438793 0.0374615 0.0312944 0.025507 0.020198 0.0154457 0.0113174 0.00787129 0.00514294
 0.0077708 0.0127099 0.0192889 0.0274924 0.0370637 0.0473453 0.0572523 0.0655422 0.0712634 0.074051 0.074086 0.0718461 0.0678806 0.0627027 0.0567542 0.0503923 0.0438903 0.0374531 0.0312396 0.0253804 0.0199891 0.0151666 0.0110013 0.00756106 0.00487642
 0.00782959 0.0127999 0.0194138 0.0276514 0.0372516 0.0475526 0.0574653 0.0657437 0.0714353 0.0741781 0.0741598 0.0718663 0.0678545 0.0626429 0.0566752 0.0503071 0.0438064 0.0373689 0.0311442 0.025258 0.0198276 0.0149661 0.0107775 0.00733999 0.004684
 0.00785551 0.012841 0.0194736 0.0277321 0.0373532 0.0476722 0.057596 0.0658755 0.0715566 0.0742789 0.0742332 0.0719095 0.0678678 0.0626291 0.0566396 0.0502565 0.0437471 0.0373042 0.031072 0.0251719 0.0197203 0.0148359 0.0106315 0.00719327 0.00455368
 0.00787876 0.0128735 0.0195129 0.0277731 0.0373901 0.0477012 0.0576178 0.0658944 0.0715786 0.0743081 0.0742703 0.0719514 0.0679093 0.0626646 0.0566646 0.0502686 0.0437457 0.0372899 0.0310447 0.0251298 0.0196611 0.0147593 0.0105422 0.00710073 0.00446922
 0.00790704 0.0129164 0.0195712 0.0278449 0.0374701 0.0477814 0.0576878 0.0659443 0.0716019 0.074305 0.0742481 0.0719211 0.0678811 0.0626438 0.056651 0.0502584 0.0437342 0.037273 0.0310198 0.0250949 0.0196153 0.0147031 0.0104789 0.00703638 0.0044109
 0.00789441 0.0128973 0.0195453 0.0278128 0.0374335 0.0477427 0.0576498 0.0659098 0.0715733 0.0742843 0.074237 0.0719216 0.0678957 0.0626744 0.0566974 0.0503168 0.0437978 0.0373336 0.0310698 0.0251289 0.0196306 0.0147002 0.0104613 0.00700981 0.00438203
 0.00790838 0.0129108 0.0195488 0.0277927 0.0373765 0.0476424 0.0575125 0.0657538 0.0714237 0.0741642 0.074161 0.0718948 0.0679148 0.0627318 0.0567836 0.0504223 0.0439128 0.0374484 0.0311748 0.0252163 0.0196954 0.014741 0.0104805 0.00701297 0.00437575
 0.00790372 0.0129042 0.0195402 0.0277812 0.0373587 0.0476116 0.0574586 0.0656679 0.0713037 0.07402 0.0740145 0.0717728 0.0678398 0.062715 0.0568233 0.0505072 0.0440272 0.0375761 0.0313013 0.02533 0.0197882 0.014809 0.0105243 0.00703651 0.00438514
 0.00787579 0.0128568 0.0194655 0.0276717 0.0372104 0.0474274 0.0572509 0.0654567 0.0711109 0.0738627 0.0739022 0.0717097 0.0678286 0.0627583 0.0569216 0.0506553 0.044213 0.0377819 0.0315081 0.0255206 0.0199499 0.0149352 0.0106142 0.00709446 0.00441839
 0.00786406 0.0128354 0.0194289 0.0276129 0.0371224 0.0473051 0.0570945 0.0652734 0.0709152 0.0736744 0.0737421 0.0715951 0.06777 0.0627589 0.0569791 0.0507636 0.0443628 0.0379606 0.0316998 0.0257081 0.0201178 0.0150729 0.0107173 0.00716449 0.00446132
 0.00787053 0.0128417 0.0194305 0.0276027 0.0370918 0.0472471 0.0570052 0.0651539 0.0707714 0.0735166 0.0735841 0.0714531 0.0676602 0.0626945 0.0569675 0.0508057 0.0444532 0.0380888 0.0318519 0.0258681 0.02027 0.0152045 0.0108205 0.00723791 0.0045084
 0.00783039 0.0127827 0.0193532 0.027511 0.0369916 0.047143 0.0568993 0.0650462 0.0706619 0.0734077 0.0734818 0.0713659 0.0675979 0.0626662 0.05698 0.050862 0.0445516 0.0382226 0.0320098 0.0260355 0.0204317 0.0153471 0.0109353 0.0073218 0.00456389
 0.00778997 0.0127134 0.0192429 0.0273482 0.03677 0.0468683 0.056593 0.0647435 0.0704015 0.0732193 0.0733784 0.0713441 0.067645 0.0627676 0.0571234 0.0510385 0.0447541 0.0384436 0.0322395 0.0262619 0.0206416 0.0155286 0.0110804 0.0074282 0.00463496
 0.0077807 0.012692 0.0191987 0.0272671 0.036637 0.046673 0.0563357 0.0644385 0.0700774 0.072914 0.0731308 0.0711852 0.0675898 0.0628133 0.0572536 0.0512305 0.0449857 0.038696 0.0324973 0.0265116 0.0208704 0.0157255 0.0112381 0.00754463 0.0047135
 0.00773739 0.0126265 0.019109 0.0271534 0.0365003 0.0465132 0.056151 0.0642276 0.0698435 0.0726685 0.0728954 0.0709885 0.0674613 0.0627744 0.057312 0.051378 0.0452022 0.0389558 0.0327747 0.0267844 0.0211209 0.0159406 0.0114101 0.00767171 0.00479958
 0.00931838 0.014836 0.0217683 0.0298747 0.0388008 0.0479955 0.0566454 0.0638158 0.0687708 0.0712186 0.0713006 0.0694028 0.0659749 0.0614393 0.0561587 0.0504219 0.0444438 0.0383817 0.0323613 0.0265027 0.0209409 0.0158348 0.0113544 0.00764681 0.0047912
 0.00930531 0.0151067 0.0226901 0.0319021 0.0422765 0.0528824 0.0623576 0.0693152 0.0729372 0.0732926 0.0711343 0.0673975 0.0628051 0.0577653 0.0524656 0.0469966 0.041425 0.0358195 0.0302577 0.0248334 0.0196656 0.0149026 0.0107075 0.00722448 0.00453415
 0.00897746 0.0145915 0.0219694 0.0310271 0.0414205 0.0523758 0.0626468 0.070802 0.0757348 0.0770457 0.0750655 0.070602 0.064628 0.058028 0.0514327 0.0451612 0.0392787 0.0337207 0.0284085 0.0233161 0.0184898 0.0140389 0.0101081 0.00683379 0.00429692
 0.00881083 0.0143111 0.0215305 0.0303856 0.04055 0.0512995 0.0614785 0.0697726 0.0751736 0.0772887 0.0763024 0.0727335 0.067235 0.0605077 0.0532425 0.0460266 0.0392473 0.0330613 0.0274505 0.022327 0.0176293 0.0133709 0.00963374 0.00652289 0.00410864
 0.00874413 0.0141981 0.0213509 0.0301151 0.0401625 0.0507733 0.0608074 0.0689829 0.0743432 0.0765616 0.0758793 0.0728202 0.0679503 0.0617932 0.0548406 0.0475646 0.0403903 0.0336426 0.0275043 0.0220233 0.0171702 0.0129135 0.00926265 0.00626153 0.00394446
 0.00870433 0.0141315 0.0212471 0.0299621 0.0399485 0.0504885 0.0604466 0.0685481 0.0738467 0.0760325 0.0753743 0.0724323 0.0677994 0.0619875 0.0554179 0.0484456 0.0413866 0.0345272 0.0281074 0.022293 0.0171668 0.0127533 0.00905676 0.00608055 0.0038155
 0.0087016 0.0141241 0.0212301 0.0299284 0.0398895 0.0503953 0.0603119 0.068367 0.0736171 0.0757565 0.0750624 0.0721096 0.0675124 0.0618044 0.0554117 0.0486617 0.0418084 0.0350667 0.0286348 0.0226928 0.0173847 0.0128059 0.00900439 0.00598895 0.00372965
 0.00870232 0.0141256 0.0212326 0.0299318 0.0398922 0.0503933 0.0602984 0.0683324 0.0735516 0.0756523 0.0749163 0.0719257 0.0673053 0.0616023 0.0552566 0.0486007 0.0418751 0.0352598 0.02891 0.0229776 0.0176107 0.0129374 0.00904646 0.00597288 0.00369076
 0.00869591 0.014117 0.0212231 0.0299238 0.0398882 0.0503953 0.0603061 0.0683426 0.0735581 0.0756466 0.0748888 0.0718686 0.0672159 0.0614866 0.0551317 0.0484941 0.0418181 0.0352752 0.0289991 0.0231157 0.0177572 0.0130545 0.00911525 0.00599662 0.00368601
 0.0086664 0.0140718 0.0211604 0.0298443 0.0397957 0.0502966 0.0602109 0.0682626 0.0735037 0.0756233 0.0748951 0.0718957 0.0672507 0.0615165 0.0551497 0.0485024 0.0418286 0.0353042 0.0290587 0.0232058 0.0178633 0.0131548 0.00919159 0.00604216 0.0037053
 0.00865814 0.0140569 0.0211354 0.0298053 0.0397398 0.0502237 0.0601254 0.0681733 0.0734222 0.0755609 0.0748595 0.0718894 0.06727 0.0615529 0.0551929 0.0485443 0.0418663 0.0353415 0.0291029 0.0232619 0.0179297 0.013223 0.00925057 0.00608438 0.00372967
 0.00864228 0.0140329 0.0211025 0.0297637 0.0396903 0.0501668 0.0600617 0.0681043 0.0733512 0.0754938 0.0748044 0.0718545 0.0672609 0.0615707 0.0552333 0.0485994 0.0419279 0.0354037 0.0291639 0.0233225 0.01799 0.0132805 0.00930074 0.00612291 0.00375507
 0.00864488 0.0140341 0.0210988 0.0297503 0.0396625 0.0501227 0.0600034 0.0680377 0.0732838 0.0754323 0.0747531 0.071816 0.0672376 0.0615648 0.0552463 0.0486303 0.0419729 0.0354575 0.0292212 0.0233795 0.0180442 0.0133298 0.00934285 0.00615574 0.00377787
 0.00863707 0.0140242 0.021089 0.0297436 0.0396614 0.0501267 0.0600084 0.0680367 0.0732703 0.0754039 0.0747126 0.0717701 0.0671942 0.0615305 0.0552254 0.0486249 0.041983 0.0354809 0.0292543 0.023418 0.018084 0.0133674 0.00937547 0.00618163 0.00379639
 0.00862404 0.0140031 0.0210577 0.0297008 0.0396078 0.0500661 0.0599477 0.0679847 0.0732344 0.0753865 0.0747109 0.0717781 0.0672066 0.0615448 0.0552424 0.0486468 0.0420117 0.0355169 0.0292962 0.0234629 0.0181284 0.0134081 0.0094099 0.00620833 0.00381526
 0.00862404 0.0140031 0.0210577 0.0297008 0.0396078 0.0500661 0.0599477 0.0679847 0.0732344 0.0753865 0.0747109 0.0717781 0.0672066 0.0615448 0.0552424 0.0486468 0.0420117 0.0355169 0.0292962 0.0234629 0.0181284 0.0134081 0.0094099 0.00620833 0.00381526
 0.00854845 0.0138841 0.0208864 0.0294727 0.0393252 0.049741 0.0596041 0.0676576 0.0729636 0.0752069 0.0746434 0.0718249 0.0673527 0.0617638 0.055504 0.0489239 0.0422835 0.0357698 0.0295222 0.0236575 0.0182896 0.0135355 0.0095052 0.00627516 0.00385874
 0.00882536 0.0143105 0.0214819 0.030235 0.0402254 0.0507206 0.0605741 0.0685065 0.0735802 0.0755097 0.0746033 0.07147 0.0667536 0.0610115 0.0546878 0.0481169 0.0415374 0.0351153 0.0289737 0.0232177 0.017953 0.0132909 0.00933752 0.00616755 0.0037946
 0.00891802 0.0144901 0.0218037 0.0307634 0.041012 0.051772 0.0618262 0.0698243 0.0747876 0.0764384 0.0751344 0.0715544 0.0664122 0.0603203 0.0537562 0.0470637 0.0404701 0.034117 0.0280983 0.0224924 0.0173837 0.0128682 0.00904193 0.00597421 0.00367716
 0.00868964 0.0141381 0.0213139 0.0301459 0.0403108 0.0510724 0.061252 0.0695134 0.0748471 0.0768959 0.0759166 0.0725091 0.0673607 0.0611132 0.0543079 0.0473585 0.0405458 0.0340399 0.0279383 0.0223073 0.0172116 0.0127287 0.00894026 0.00590675 0.00363629
 0.00816637 0.0132778 0.0200069 0.0282995 0.0378883 0.0481456 0.0580444 0.0663948 0.07226 0.075238 0.0754319 0.0732292 0.0691117 0.0635757 0.0571065 0.050151 0.0430843 0.0361901 0.0296635 0.0236337 0.0181952 0.0134322 0.00942299 0.00622143 0.00382896
 0.00833561 0.0134929 0.0202158 0.0284066 0.0377673 0.0476691 0.0571203 0.0650038 0.0704846 0.0732745 0.0735677 0.0717803 0.0683336 0.0635849 0.0578494 0.0514318 0.0446376 0.0377622 0.0310707 0.0247812 0.0190642 0.0140509 0.00983974 0.00648701 0.00398826
 0.00864372 0.0140128 0.0210267 0.0295753 0.0393094 0.0494997 0.0590211 0.066643 0.0715036 0.0734084 0.0727428 0.0701439 0.0662086 0.0613717 0.0559101 0.0499987 0.0437743 0.0373874 0.0310243 0.0248981 0.0192223 0.0141856 0.00993143 0.00654065 0.00401624
 0.00858472 0.0139536 0.0210082 0.0296649 0.0395917 0.0500537 0.0598887 0.0677967 0.0728222 0.0746782 0.0736985 0.0705475 0.0659398 0.0604825 0.0546127 0.0485878 0.0425229 0.0364647 0.0304684 0.0246445 0.0191614 0.0142151 0.00998375 0.00658427 0.00404367
 0.00867161 0.0140807 0.0211748 0.0298665 0.0398283 0.0503403 0.0602605 0.0682998 0.0734903 0.0755005 0.0745949 0.0713676 0.0664962 0.0606132 0.0542491 0.0477915 0.0414679 0.0353705 0.0295204 0.0239411 0.0187093 0.0139614 0.00985771 0.00652728 0.00401888
 0.00836873 0.0136136 0.0205203 0.0290237 0.0388228 0.0492286 0.059136 0.067292 0.0727503 0.0751694 0.0747639 0.072042 0.0675779 0.0619142 0.0555397 0.0488711 0.042227 0.0358134 0.0297365 0.0240463 0.0187917 0.0140585 0.00996652 0.00662859 0.00409745
 0.00822566 0.0133529 0.0200781 0.028329 0.0378213 0.0479177 0.0575925 0.0656741 0.0712641 0.0740188 0.0741069 0.0719664 0.0680906 0.0629385 0.0569219 0.0504065 0.0437083 0.0370843 0.0307264 0.0247667 0.0193018 0.0144236 0.010233 0.00682126 0.00422966
#pred catch len freq
 0.00423 0.00671675 0.0098442 0.0135551 0.017816 0.0225919 0.0277778 0.0331674 0.0384932 0.0434914 0.0479441 0.0517002 0.0546879 0.0569112 0.0584263 0.0593106 0.0596412 0.0594722 0.0587875 0.0574237 0.0550196 0.0510891 0.0452723 0.0376621 0.028968
 0.00441061 0.00694002 0.010054 0.0136656 0.0177476 0.0223202 0.0273643 0.0327436 0.0381986 0.043402 0.0480369 0.0518742 0.0548249 0.0569402 0.0583578 0.0592278 0.0596542 0.0596564 0.0591351 0.0578366 0.0553501 0.0512121 0.0451456 0.0373397 0.0285621
 0.00465183 0.00731684 0.010587 0.0143494 0.018536 0.0231164 0.0280279 0.0331298 0.0382223 0.0430893 0.0475202 0.051324 0.0543622 0.0565916 0.0580791 0.0589679 0.0594049 0.0594529 0.0590144 0.0577907 0.0553151 0.0511021 0.044907 0.0369843 0.028157
 0.00489611 0.00770299 0.0111489 0.0151141 0.0195208 0.0243198 0.0294115 0.0345974 0.0396131 0.0442035 0.0481794 0.0514409 0.0539774 0.0558472 0.0571459 0.0579771 0.0584261 0.0585148 0.0581311 0.0569675 0.0545417 0.0503551 0.0441718 0.036276 0.0275198
 0.00516092 0.00811736 0.0117439 0.015912 0.0205367 0.0255621 0.0308762 0.0362551 0.0413943 0.0459858 0.0497871 0.0526692 0.054644 0.0558541 0.056516 0.0568403 0.0569623 0.0568918 0.05647 0.0553414 0.0529915 0.0489089 0.0428588 0.0351337 0.0265865
 0.00548303 0.00861814 0.0124562 0.0168547 0.0217167 0.0269766 0.0325099 0.0380741 0.0433405 0.0479734 0.0516998 0.0543581 0.0559351 0.0565745 0.0565371 0.056122 0.0555723 0.054985 0.0542406 0.0529757 0.0506437 0.0467005 0.0408877 0.033476 0.0252884
 0.00582635 0.00915182 0.013215 0.0178578 0.0229696 0.0284727 0.0342272 0.0399702 0.0453499 0.0500108 0.0536648 0.0561377 0.0574034 0.0575944 0.0569715 0.0558589 0.0545606 0.053263 0.0519402 0.0502978 0.0478186 0.0439515 0.038405 0.0313972 0.023684
 0.00617038 0.00969192 0.0139931 0.0189029 0.0242967 0.0300802 0.0360899 0.0420323 0.0475254 0.0521919 0.0557343 0.0579793 0.0589077 0.0586585 0.057496 0.0557498 0.0537426 0.0517086 0.0497003 0.0475187 0.0447303 0.0408296 0.0355179 0.028954 0.0217976
 0.00650143 0.0102113 0.0147411 0.0199086 0.0255787 0.031645 0.037925 0.0440959 0.0497405 0.054449 0.0579015 0.0599186 0.0604912 0.059779 0.0580684 0.0557044 0.0530224 0.0502791 0.0475767 0.0447975 0.0416059 0.037577 0.032439 0.0263068 0.019736
