SBPRF35
12.7214
Curr Bio
840667
B35
899173
F35
0.172474
FOFL
0.163222
OFL
113926
Bzero
3.63469e+006
#pred survey bio
 3.45611e+006 3.32887e+006 3.22493e+006 3.08244e+006 2.88068e+006 2.66643e+006 2.44564e+006 2.22115e+006 1.98949e+006 1.78268e+006 1.59013e+006 1.39545e+006 1.24497e+006 1.10296e+006 969061 856546 774101 714260 673752 629715 599041 577088 567781 545369 537839 534779 534219 537434 539160 537282 544525 548136 549058 566796 578720 583402 600369 616474 626416 628948 630932 638734 642921 646998 654960 658433 661375 676741 683817 694573 700368 736138 769899 805681 825709 846115 3.00585e+007 1.83448e+007 1.88873e+007 1.98362e+007 2.10269e+007 2.22796e+007 2.34665e+007 2.45159e+007 2.54006e+007 2.61218e+007 2.6696e+007 2.71458e+007 2.74943e+007 2.77625e+007 2.79681e+007 2.81255e+007 2.82462e+007 2.83389e+007 2.84103e+007 2.84655e+007 2.85084e+007 2.85419e+007 2.85682e+007 2.85888e+007 2.86051e+007 2.86181e+007 2.86284e+007 2.86366e+007 2.86432e+007 2.86485e+007 2.86527e+007 2.86562e+007 2.86589e+007 2.86612e+007 2.8663e+007 2.86645e+007 2.86657e+007 2.86667e+007 2.86675e+007 2.86682e+007 2.86687e+007 2.86691e+007 2.86695e+007 2.86698e+007 2.867e+007 2.86702e+007 2.86704e+007 2.86705e+007 2.86706e+007 2.86707e+007 2.86708e+007 2.86708e+007 2.86709e+007 2.86709e+007 2.8671e+007 2.8671e+007 2.8671e+007 2.8671e+007 2.8671e+007 2.8671e+007 2.86711e+007 2.86711e+007 2.86711e+007 2.86711e+007 2.86711e+007 2.86711e+007 2.86711e+007 2.86711e+007 2.86711e+007 2.86711e+007 2.86711e+007 2.86711e+007 2.86711e+007 2.86711e+007 2.86711e+007 2.86711e+007 2.86711e+007 2.86711e+007 2.86711e+007 2.86711e+007 2.86711e+007 2.86711e+007 2.86711e+007 2.86711e+007 2.86711e+007 2.86711e+007 2.86711e+007 2.86711e+007 2.86711e+007 2.86711e+007 2.86711e+007 2.86711e+007 2.86711e+007 2.86711e+007 2.86711e+007 2.86711e+007 2.86711e+007 2.86711e+007 2.86711e+007 2.86711e+007 0 0 0 0 0 0 0 0 0 0 0 0 0 0 0 0 0 0 0 0 0 0 0 0 0
#obs survey bio
 4.52994e+006 3.46792e+006 2.95457e+006 2.58129e+006 2.48608e+006 2.69595e+006 1.80906e+006 1.73372e+006 1.54347e+006 1.6878e+006 1.52962e+006 1.1368e+006 1.03058e+006 1.14587e+006 818291 805119 797679 726573 629898 650552 493016 707904 508578 468579 367962 694498 516904 647819 547575 465218 517986 578322 631982 583944 577247 735892 556553 788823 679778 523786 680622 694674 499233 577361 575618 475068 673970 668682 1.06026e+006 675870 576624 821872 957413 705799 830096 520240
#pred catch bio
 108018 95565.4 143075 211619 239657 263273 284215 306893 298290 296511 305950 271685 267021 259354 237674 207536 183322 161786 159476 143531 133190 120772 129912 115276 110221 106863 102828 103292 105132 96568.3 99256.3 100979 87094.6 92956.2 99056 88864.9 90675.4 96467.5 102891 103755 99690.8 104061 105794 104675 110764 112746 103182 110223 106424 110755 87266.8 92076.1 92671 107991 109583 118219 113926 121658 124246 129478 136700 144415 151665 157967 163156 167266 170426 172801 174556 175834 176756 177414 177882 178211 178443 178605 178719 178797 178852 178890 178916 178935 178947 178956 178962 178966 178969 178971 178972 178973 178974 178974 178974 178975 178975 178975 178975 178975 178975 178975 178975 178975 178975 178975 178975 178975 178975 178975 178975 178975 178975 178975 178975 178975 178975 178975 178975 178975 178975 178975 178975 178975 178975 178975 178975 178975 178975 178975 178975 178975 178975 178975 178975 178975 178975 178975 178975 178975 178975 178975 178975 178975 178975 178975 178975 178975 178975 178975 178975 178975 178975 178975 178975 178975 178975 178975 0 0 0 0 0 0 0 0 0 0 0 0 0 0 0 0 0 0 0 0 0 0 0 0 0
#obs catch bio
 0 95181.3 143096 212161 240205 264031 285677 309482 301102 299094 309636 274222 270782 263547 241730 211146 185838 162882 159601 143140 134040 120813 131000 116077 111492 106957 103129 103405 105430 96586 99011.1 100918 86865.2 92715.2 99095 88378.2 90473.1 96048.7 101921 103317 99341.6 103432 105698 104605 111110 113902 103928 110837 105849 110409 86986.4 92052.6 92476.2 107998 109320 118268
#pred cpue bio
 3.41462e+006 3.28849e+006 3.18422e+006 3.0412e+006 2.83967e+006 2.62552e+006 2.4049e+006 2.18072e+006 1.94972e+006 1.74364e+006 1.55201e+006 1.35862e+006 1.20907e+006 1.06828e+006 935965 825078 744203 686000 646957 604304 574366 552918 543890 522097 514881 512219 511977 515324 517244 515652 522960 526647 527630 545094 556901 561667 578384 594209 604076 606490 608207 615736 619623 623237 630649 633711 636497 651850 659291 670110 675620 710471 743719 779028 798579 818223 2.90655e+007 1.77418e+007 1.8186e+007 1.9037e+007 2.01994e+007 2.14465e+007 2.26325e+007 2.36818e+007 2.45665e+007 2.52877e+007 2.58619e+007 2.63117e+007 2.66602e+007 2.69283e+007 2.71339e+007 2.72914e+007 2.74121e+007 2.75047e+007 2.75762e+007 2.76314e+007 2.76743e+007 2.77078e+007 2.7734e+007 2.77547e+007 2.7771e+007 2.77839e+007 2.77942e+007 2.78024e+007 2.7809e+007 2.78143e+007 2.78186e+007 2.7822e+007 2.78248e+007 2.7827e+007 2.78289e+007 2.78304e+007 2.78316e+007 2.78326e+007 2.78334e+007 2.7834e+007 2.78346e+007 2.7835e+007 2.78353e+007 2.78356e+007 2.78359e+007 2.78361e+007 2.78362e+007 2.78364e+007 2.78365e+007 2.78366e+007 2.78366e+007 2.78367e+007 2.78367e+007 2.78368e+007 2.78368e+007 2.78368e+007 2.78369e+007 2.78369e+007 2.78369e+007 2.78369e+007 2.78369e+007 2.78369e+007 2.78369e+007 2.78369e+007 2.78369e+007 2.78369e+007 2.78369e+007 2.78369e+007 2.78369e+007 2.78369e+007 2.78369e+007 2.78369e+007 2.78369e+007 2.78369e+007 2.78369e+007 2.78369e+007 2.7837e+007 2.7837e+007 2.7837e+007 2.7837e+007 2.7837e+007 2.7837e+007 2.7837e+007 2.7837e+007 2.7837e+007 2.7837e+007 2.7837e+007 2.7837e+007 2.7837e+007 2.7837e+007 2.7837e+007 2.7837e+007 2.7837e+007 2.7837e+007 2.7837e+007 2.7837e+007 2.7837e+007 2.7837e+007 2.7837e+007 2.7837e+007 0 0 0 0 0 0 0 0 0 0 0 0 0 0 0 0 0 0 0 0 0 0 0 0 0
#obs cpue bio
 4.08939e+006 2.5323e+006 3.28442e+006 3.28944e+006 2.55443e+006 2.40154e+006 2.44988e+006 2.20108e+006 1.96865e+006 1.82741e+006 1.34855e+006 1.49838e+006 1.02701e+006 811584 854361 644984 683168 779210 989910 679091 408632 549663 425120 506934 497053 713199 431001 477282 470254 621861 720264 488522 450455 616187 500178 645660 521753 600287 948011 523915 528164 786711 548252 651295 553767 485762 562922 834528 952413 743649 623842 616352 634686 885047 894640 1.1111e+006
#pred surv len freq
 0.00428989 0.00703201 0.0107107 0.0153539 0.0208818 0.0270215 0.0332831 0.0390848 0.0439694 0.0477476 0.0504766 0.052338 0.0535311 0.0542243 0.0545469 0.0546007 0.0544775 0.0542577 0.0539545 0.0534007 0.0521505 0.049532 0.0449337 0.0382188 0.0299825
 0.00463536 0.00750537 0.0112628 0.0158919 0.0213045 0.0272703 0.0333743 0.0390969 0.0439913 0.0478219 0.0505779 0.0524001 0.0535 0.0541017 0.054397 0.0545178 0.0545325 0.0544494 0.0541915 0.053528 0.0520156 0.0490602 0.044169 0.0373059 0.0290987
 0.00471732 0.00769861 0.0116575 0.0165906 0.0223748 0.0286835 0.0349715 0.0406218 0.0451882 0.0485409 0.0508183 0.0522688 0.0531282 0.0535862 0.0537959 0.0538781 0.0539058 0.0538757 0.0536657 0.052985 0.0513582 0.0482192 0.0431569 0.0362237 0.0280896
 0.0048625 0.0079171 0.0119595 0.0169891 0.0229008 0.029397 0.0359495 0.0419141 0.0467557 0.0502221 0.0523599 0.0534173 0.0537285 0.053624 0.0533682 0.0531282 0.0529693 0.0528533 0.0526125 0.0519089 0.0502337 0.0470227 0.0419078 0.0349992 0.026999
 0.00508182 0.00827391 0.0124953 0.0177387 0.0238819 0.0305988 0.0373286 0.0434054 0.0482958 0.0517609 0.0538444 0.0547576 0.0547834 0.0542333 0.0534178 0.0525998 0.0519423 0.0514625 0.050995 0.0501689 0.048439 0.0452262 0.0401757 0.0334217 0.0256711
 0.00531073 0.00864651 0.0130574 0.0185341 0.0249451 0.0319421 0.0389265 0.0451871 0.0501528 0.0535704 0.0554956 0.0561656 0.0558823 0.0549562 0.0536853 0.0523355 0.0511085 0.0500895 0.0491805 0.0480515 0.0461671 0.0429438 0.0380205 0.0315211 0.0241243
 0.0055513 0.00903805 0.0136478 0.0193693 0.0260614 0.033354 0.0406127 0.0470833 0.0521576 0.0555607 0.0573445 0.0577573 0.0571221 0.055773 0.0540254 0.052153 0.0503659 0.0487743 0.0473297 0.0457668 0.0436097 0.0403125 0.0355217 0.0293351 0.0223729
 0.00577985 0.00941611 0.0142291 0.0202086 0.0272044 0.0348213 0.0423825 0.0490844 0.0542786 0.0576705 0.059312 0.0594638 0.0584676 0.0566782 0.0544307 0.052015 0.0496538 0.0474743 0.0454612 0.0434051 0.0409022 0.0374717 0.0327915 0.0269381 0.0204595
 0.00603613 0.00983387 0.0148605 0.0211045 0.0284067 0.0363493 0.0442171 0.0511594 0.056485 0.0598733 0.0613697 0.0612457 0.0598646 0.0576081 0.0548364 0.0518587 0.0489112 0.0461352 0.0435423 0.0409724 0.038093 0.0344982 0.0299116 0.0243978 0.0184294
 0.00627876 0.0102291 0.0154572 0.0219496 0.0295378 0.0377822 0.0459319 0.0530941 0.0585423 0.061936 0.0633168 0.0629622 0.0612477 0.0585712 0.0553117 0.0517967 0.048279 0.0449177 0.0417512 0.038666 0.0353982 0.0316174 0.0270984 0.0219007 0.0164259
 0.00650701 0.0106057 0.0160345 0.0227798 0.0306636 0.03922 0.0476558 0.0550296 0.0605769 0.0639411 0.065169 0.064556 0.0624989 0.0594153 0.0556993 0.0516893 0.0476466 0.0437425 0.0400389 0.0364657 0.0328247 0.0288592 0.0243961 0.0194943 0.0144902
 0.00683881 0.0111342 0.0168097 0.0238419 0.0320365 0.0409013 0.049604 0.0571566 0.0627554 0.0660244 0.067015 0.0660466 0.0635517 0.0599851 0.0557709 0.0512643 0.0467313 0.042344 0.0381744 0.0341837 0.0302292 0.0261217 0.0217385 0.0171396 0.0126012
 0.00705325 0.0114935 0.01737 0.0246609 0.0331604 0.0423447 0.0513311 0.0590773 0.0647416 0.0679373 0.0687286 0.0674584 0.0645841 0.0605849 0.0559083 0.0509301 0.0459317 0.0410949 0.0365038 0.0321442 0.0279175 0.0236896 0.0193799 0.01505 0.0109239
 0.0072365 0.011803 0.0178577 0.0253839 0.0341704 0.0436702 0.0529569 0.060934 0.0667103 0.069869 0.07047 0.0688766 0.0655835 0.0611135 0.0559527 0.0505033 0.0450606 0.0398134 0.034854 0.0301871 0.0257478 0.0214442 0.0172281 0.013159 0.00941415
 0.00745359 0.0121563 0.0183906 0.0261382 0.0351796 0.0449486 0.0544858 0.0626533 0.0685213 0.0716476 0.072083 0.0701984 0.0665123 0.0615832 0.0559382 0.0500163 0.0441386 0.0385077 0.0332247 0.0283071 0.0237129 0.0193798 0.0152804 0.0114674 0.00807513
 0.00758019 0.0123786 0.0187555 0.0266993 0.0359851 0.0460221 0.0558084 0.0641586 0.0701075 0.0731987 0.0734883 0.0713625 0.067358 0.0620537 0.0559999 0.0496613 0.0433844 0.0373941 0.0318099 0.026667 0.0219433 0.0175972 0.0136123 0.0100296 0.00694449
 0.00759237 0.012408 0.0188191 0.0268235 0.0362051 0.0463779 0.0563372 0.064883 0.0710228 0.0742644 0.0746281 0.0724762 0.0683409 0.0628135 0.0564671 0.0497926 0.0431628 0.0368289 0.0309367 0.0255475 0.0206645 0.0162663 0.0123439 0.00892578 0.00607207
 0.00760107 0.0124142 0.0188147 0.0267988 0.0361558 0.0463135 0.0562883 0.0649001 0.0711651 0.0745815 0.0751412 0.0731661 0.0691463 0.0636416 0.0572123 0.0503567 0.0434713 0.0368407 0.0306475 0.0249902 0.0199058 0.0153985 0.0114703 0.00814009 0.00543858
 0.00765424 0.0124808 0.0188783 0.0268312 0.0361243 0.0461934 0.0560752 0.0646175 0.0708644 0.074334 0.0750242 0.0732431 0.0694461 0.064145 0.0578513 0.0510293 0.0440654 0.0372594 0.030829 0.0249178 0.019609 0.0149439 0.0109451 0.0076301 0.00500799
 0.00788717 0.0128315 0.0193523 0.0274111 0.0367687 0.0468407 0.0566486 0.0650361 0.0710622 0.0742833 0.0747505 0.0728217 0.0689808 0.0637359 0.0575653 0.0508824 0.0440225 0.0372509 0.0307777 0.0247664 0.0193375 0.0145733 0.0105262 0.00722363 0.00466351
 0.00798506 0.0129994 0.0196197 0.0278064 0.0373079 0.0475108 0.0573954 0.0657664 0.0716652 0.0746629 0.0748528 0.0726481 0.0685848 0.063207 0.0570045 0.0503751 0.0436168 0.0369487 0.0305436 0.0245492 0.0190958 0.0142929 0.0102222 0.00692864 0.00441072
 0.00807027 0.0131251 0.0197863 0.0280095 0.0375436 0.0477824 0.0577135 0.0661402 0.0720869 0.075095 0.0752302 0.0728969 0.06865 0.0630743 0.0567067 0.0499785 0.0431962 0.0365622 0.0302167 0.0242759 0.0188536 0.0140614 0.00999595 0.00671766 0.00423112
 0.00802282 0.0130593 0.0197078 0.0279298 0.0374759 0.0477364 0.0576937 0.0661492 0.0721323 0.0751918 0.0753926 0.0731236 0.0689133 0.0633245 0.0568912 0.0500656 0.0431863 0.036482 0.0301014 0.0241515 0.0187303 0.013939 0.00987345 0.00659958 0.00412656
 0.00809741 0.0131762 0.0198757 0.0281538 0.0377569 0.048069 0.0580633 0.0665294 0.0724866 0.07548 0.0755824 0.0732004 0.0688824 0.0632044 0.0567017 0.0498206 0.0428962 0.0361605 0.029769 0.0238321 0.0184432 0.0136945 0.00967354 0.00644227 0.00400859
 0.00800097 0.0130333 0.0196869 0.0279298 0.037517 0.0478377 0.0578678 0.0663972 0.0724417 0.0755372 0.0757412 0.0734424 0.0691749 0.0635088 0.0569828 0.0500522 0.0430627 0.0362566 0.0297992 0.0238092 0.018385 0.0136189 0.00959524 0.00637103 0.00395004
 0.0079877 0.0129912 0.0195868 0.0277352 0.0371975 0.0473884 0.0573235 0.0658311 0.0719453 0.0751923 0.0755978 0.0735106 0.06943 0.063902 0.0574534 0.0505395 0.0435158 0.03664 0.030095 0.0240155 0.0185122 0.0136843 0.00961835 0.00636948 0.0039374
 0.00798404 0.0129831 0.019569 0.0276977 0.0371229 0.0472518 0.0570973 0.0654974 0.0715121 0.0747048 0.0751337 0.0731586 0.0692594 0.0639405 0.0576825 0.0509061 0.043951 0.0370784 0.0304864 0.0243307 0.018742 0.0138355 0.00970666 0.00641377 0.00395491
 0.00791312 0.0128756 0.0194217 0.0275128 0.0369071 0.0470134 0.0568444 0.0652355 0.0712437 0.0744318 0.0748643 0.0729153 0.0690809 0.0638724 0.0577592 0.0511339 0.0443031 0.0375026 0.0309224 0.0247267 0.0190649 0.0140736 0.00986565 0.00650951 0.00400646
 0.00785531 0.0127823 0.0192831 0.0273215 0.0366613 0.0467208 0.0565243 0.0649173 0.0709584 0.0742024 0.0746993 0.072811 0.0690305 0.0638762 0.0578282 0.0512838 0.0445417 0.0378189 0.0312852 0.025093 0.0193943 0.0143389 0.0100577 0.00663472 0.00407983
 0.00785535 0.0127768 0.0192644 0.0272785 0.0365818 0.0465956 0.0563513 0.064704 0.0707219 0.0739657 0.0744868 0.0726422 0.0689163 0.0638193 0.0578277 0.0513402 0.0446577 0.0379948 0.0315115 0.0253479 0.019648 0.014563 0.0102339 0.0067582 0.004157
 0.00782793 0.0127236 0.0191685 0.0271196 0.0363411 0.0462648 0.0559407 0.0642444 0.0702594 0.0735519 0.0741675 0.0724496 0.0688644 0.0639032 0.0580268 0.0516259 0.0450007 0.0383701 0.0318984 0.0257264 0.019997 0.0148626 0.0104703 0.00692798 0.00426722
 0.00781316 0.0127032 0.0191437 0.0270914 0.036307 0.0462151 0.0558577 0.0641074 0.0700548 0.0732835 0.0738607 0.0721466 0.068612 0.0637395 0.0579725 0.0516818 0.0451519 0.0385921 0.0321636 0.0260082 0.0202707 0.0151072 0.0106707 0.00707746 0.00436799
 0.00783833 0.0127376 0.0191837 0.0271299 0.0363363 0.0462297 0.0558555 0.0640875 0.0700132 0.0732106 0.0737449 0.0719828 0.0684103 0.0635266 0.0577851 0.051554 0.0451046 0.0386286 0.0322713 0.0261643 0.0204487 0.0152824 0.010824 0.00719753 0.00445238
 0.00774076 0.0125796 0.0189474 0.0268008 0.0359076 0.0457093 0.0552731 0.0634954 0.0694783 0.0727983 0.0735019 0.071926 0.068525 0.0637766 0.0581273 0.0519521 0.045534 0.0390732 0.0327167 0.0265933 0.0208417 0.0156208 0.011095 0.00739784 0.00458782
 0.00762224 0.0124041 0.0187149 0.0265208 0.0355946 0.0453761 0.054927 0.0631411 0.0691248 0.0724652 0.073221 0.0717342 0.0684536 0.0638399 0.058318 0.0522453 0.0458965 0.0394728 0.0331265 0.0269912 0.0212083 0.0159389 0.0113527 0.0075905 0.00471967
 0.00768015 0.0124719 0.018769 0.0265255 0.0355142 0.0451929 0.0546531 0.0628152 0.0687945 0.0721668 0.0729702 0.0715325 0.0683019 0.0637473 0.0582994 0.0523119 0.0460476 0.0396941 0.0333945 0.027279 0.0214905 0.0161942 0.0115658 0.0077539 0.00483394
 0.0076282 0.0123939 0.0186624 0.0263882 0.0353406 0.0449701 0.0543633 0.0624464 0.0683556 0.0716975 0.0725347 0.0711987 0.0681169 0.0637249 0.0584252 0.0525573 0.0463814 0.0400867 0.0338168 0.0277018 0.0218858 0.016539 0.011845 0.00796268 0.00497711
 0.00751466 0.0122241 0.0184346 0.0261111 0.0350316 0.0446504 0.054053 0.0621599 0.0680984 0.0714669 0.0723269 0.0710188 0.0679852 0.0636719 0.058478 0.0527264 0.046657 0.0404432 0.0342209 0.0281186 0.0222829 0.0168898 0.0121317 0.00817839 0.00512563
 0.00757523 0.012295 0.0184911 0.0261153 0.0349449 0.0444527 0.0537561 0.0618065 0.067745 0.0711604 0.0720896 0.0708485 0.0678679 0.0635976 0.0584498 0.0527583 0.0467635 0.0406284 0.0344732 0.0284133 0.0225888 0.0171764 0.0123759 0.00836769 0.00525888
 0.00763847 0.012406 0.0186709 0.0263818 0.0353012 0.044872 0.0541757 0.0621397 0.0679119 0.0711212 0.0718591 0.0704838 0.0674394 0.0631639 0.0580496 0.0524154 0.0464952 0.0404477 0.0343854 0.0284113 0.0226527 0.017279 0.0124893 0.00847036 0.00533889
 0.00763313 0.0124067 0.01869 0.0264388 0.0354196 0.045073 0.0544683 0.0625102 0.0683173 0.0714927 0.0721196 0.0705738 0.0673399 0.062902 0.0576838 0.0520127 0.0461128 0.0401253 0.0341452 0.0282598 0.0225825 0.0172715 0.0125204 0.0085169 0.00538396
 0.00769702 0.012487 0.0187683 0.0264862 0.0354083 0.044993 0.0543395 0.0623802 0.0682435 0.0715164 0.0722457 0.070767 0.0675381 0.0630421 0.0577264 0.0519546 0.045982 0.0399652 0.0339973 0.0281522 0.0225262 0.017262 0.0125435 0.00855518 0.00542295
 0.00778381 0.0126279 0.018978 0.0267729 0.0357658 0.0453928 0.0547283 0.0626918 0.0684233 0.0715466 0.072153 0.0706057 0.0673594 0.0628702 0.0575551 0.0517628 0.0457553 0.0397089 0.0337349 0.0279142 0.0223368 0.0171314 0.0124674 0.00852034 0.00541322
 0.00784608 0.0127295 0.0191318 0.0269914 0.0360584 0.0457611 0.0551593 0.0631526 0.0688613 0.071899 0.0723641 0.0706464 0.0672377 0.0626254 0.0572381 0.0514155 0.0454014 0.039359 0.0333982 0.027605 0.0220726 0.0169257 0.0123238 0.00843138 0.00536509
 0.00785312 0.0127456 0.0191647 0.0270518 0.0361588 0.045912 0.0553662 0.063413 0.0691629 0.0722182 0.0726663 0.0708899 0.0673834 0.0626494 0.0571403 0.0512186 0.0451398 0.0390671 0.0331032 0.0273273 0.0218281 0.0167265 0.0121756 0.00833218 0.00530596
 0.00776382 0.0126276 0.0190375 0.0269506 0.0361251 0.0459791 0.0555461 0.0636933 0.0695129 0.0725991 0.0730392 0.071219 0.0676374 0.062803 0.0571783 0.0511402 0.044961 0.0388172 0.0328172 0.0270386 0.0215636 0.0165041 0.0120043 0.00821201 0.00522982
 0.00761708 0.0124052 0.0187346 0.026578 0.035712 0.045573 0.0552099 0.0634939 0.0695022 0.0727939 0.0734122 0.0717082 0.0681661 0.0633005 0.0575921 0.0514394 0.0451359 0.0388763 0.0327837 0.0269438 0.02144 0.0163793 0.0118968 0.00813075 0.00517538
 0.00742026 0.0120889 0.018267 0.0259362 0.0348919 0.0446029 0.0541617 0.0624826 0.0686659 0.0722599 0.0732633 0.0719613 0.068771 0.0641558 0.0585723 0.0524243 0.0460317 0.0396257 0.0333653 0.0273643 0.0217242 0.0165593 0.0120042 0.00819154 0.0052083
 0.00744619 0.0121023 0.0182338 0.025806 0.0346098 0.0441294 0.0534928 0.0616591 0.0677701 0.071402 0.0725618 0.0715206 0.0686583 0.0643837 0.0590948 0.0531488 0.0468446 0.0404203 0.034063 0.0279235 0.0221369 0.0168416 0.012184 0.0082985 0.00526793
 0.00756931 0.0122779 0.0184506 0.0260328 0.0347972 0.0442168 0.0534186 0.061375 0.0672583 0.0706914 0.0717329 0.0706934 0.0679641 0.0639324 0.0589472 0.0533043 0.0472451 0.0409708 0.034659 0.0284775 0.0225942 0.0171824 0.0124155 0.0084427 0.00535063
 0.0076548 0.0124248 0.0186843 0.0263766 0.0352603 0.0447779 0.0540142 0.0619029 0.0676012 0.0707525 0.0714683 0.0701282 0.0671884 0.063079 0.0581588 0.052697 0.0468818 0.040851 0.0347305 0.0286613 0.0228127 0.01738 0.0125652 0.008541 0.00540757
 0.00744674 0.0121094 0.018254 0.0258443 0.034661 0.0441676 0.0534643 0.061487 0.0673729 0.0707225 0.0715964 0.0703386 0.0674033 0.0632516 0.0582899 0.0528281 0.0470696 0.0411366 0.0351182 0.0291167 0.0232786 0.0177996 0.0129006 0.00878074 0.00556134
 0.00735203 0.011942 0.0179785 0.0254232 0.0340685 0.0434088 0.0525916 0.0605996 0.0665953 0.0701683 0.0713351 0.0703776 0.067691 0.0637003 0.0588087 0.0533531 0.047577 0.0416348 0.0356239 0.0296323 0.0237837 0.0182587 0.0132805 0.00906418 0.0057513
 0.00734435 0.0119154 0.0179114 0.0252837 0.0338184 0.0430134 0.0520323 0.0598871 0.0657787 0.0693358 0.0706002 0.0698522 0.0674522 0.0637667 0.0591385 0.0538653 0.0481842 0.0422693 0.0362469 0.0302247 0.0243308 0.0187419 0.0136798 0.00936713 0.00595973
 0.00742638 0.0120451 0.018098 0.0255292 0.0341115 0.043323 0.052304 0.0600489 0.0657591 0.0690896 0.0701311 0.0692203 0.066762 0.0631374 0.0586682 0.0536046 0.0481299 0.0423798 0.0364662 0.0305021 0.0246273 0.0190279 0.0139321 0.00956981 0.00610661
 0.00735652 0.0119583 0.018017 0.0254912 0.0341581 0.0434825 0.0525756 0.0603964 0.0661161 0.0693752 0.0702694 0.0691624 0.0665033 0.0627237 0.0581858 0.053153 0.0477907 0.0421944 0.0364326 0.0305874 0.0247861 0.0192167 0.0141163 0.00972652 0.00622487
#obs surv len freq
 nan nan nan nan nan nan nan nan nan nan nan nan nan nan nan nan nan nan nan nan nan nan nan nan nan
 0.00448413 0.00734536 0.0111754 0.0159921 0.0216935 0.0279699 0.0342848 0.0400165 0.0446961 0.0481596 0.0505168 0.0520118 0.0529032 0.0534148 0.0537284 0.0539828 0.0542611 0.0545536 0.0546922 0.054284 0.0527221 0.0493543 0.0438043 0.0362846 0.0276686
 0.00461649 0.00756152 0.0115022 0.0164542 0.0223074 0.0287348 0.0351733 0.0409721 0.0456407 0.0490084 0.0511947 0.0524642 0.0531016 0.0533575 0.0534365 0.0534926 0.0536151 0.0537942 0.053858 0.0534117 0.0518501 0.0485253 0.0430625 0.0356676 0.027197
 0.00477721 0.0078263 0.0119072 0.0170349 0.0230916 0.0297307 0.0363573 0.042284 0.0469902 0.0502911 0.0523075 0.0533186 0.0536318 0.0535263 0.0532377 0.0529491 0.0527724 0.0527116 0.0526016 0.0520517 0.0504618 0.0471894 0.0418592 0.034663 0.0264278
 0.0049736 0.00814593 0.0123891 0.0177163 0.0240014 0.0308789 0.0377238 0.0438123 0.048593 0.0518627 0.0537389 0.0545066 0.0544874 0.0539807 0.0532487 0.0525056 0.0518956 0.0514526 0.0510371 0.0502796 0.048598 0.0453617 0.040194 0.0332638 0.0253526
 0.00517892 0.00848373 0.0129049 0.018455 0.0249984 0.0321467 0.0392377 0.0455063 0.0503698 0.053612 0.0553533 0.0558892 0.0555517 0.0546512 0.0534637 0.0522231 0.0511013 0.0501673 0.0493223 0.0482395 0.0463765 0.0431306 0.0381288 0.0315108 0.0239971
 0.00541272 0.00886394 0.0134776 0.0192637 0.026077 0.0335069 0.0408562 0.0473185 0.0522768 0.0554984 0.0571042 0.0574015 0.0567382 0.0554394 0.0537931 0.0520445 0.0503816 0.0488998 0.0475419 0.0460367 0.0439027 0.0405866 0.035733 0.0294525 0.0223925
 0.0056452 0.00924826 0.0140677 0.0201134 0.0272289 0.0349753 0.0426098 0.0492765 0.0543221 0.0575019 0.0589459 0.0589807 0.0579738 0.0562659 0.0541562 0.0518984 0.0496892 0.0476416 0.0457328 0.0437481 0.0412781 0.0378369 0.0331034 0.027166 0.020594
 0.00587354 0.00962273 0.0146377 0.0209283 0.0283294 0.0363801 0.0443001 0.0511882 0.056352 0.0595251 0.0608355 0.0606221 0.059273 0.0571514 0.0545752 0.0518099 0.0490602 0.0464501 0.0439839 0.0414979 0.0386559 0.0350485 0.0304012 0.0247899 0.018708
 0.00613802 0.010051 0.0152791 0.0218276 0.0295187 0.0378662 0.0460508 0.0531281 0.058373 0.0615064 0.0626617 0.0621926 0.0605044 0.0579768 0.054943 0.0516809 0.0484047 0.0452494 0.0422418 0.0392628 0.0360455 0.032258 0.0276787 0.0223791 0.0167819
 0.00638423 0.0104586 0.0159056 0.02273 0.0307408 0.0394185 0.0478926 0.0551631 0.0604666 0.0635152 0.0644599 0.0636843 0.0616225 0.0586762 0.0551923 0.0514558 0.0476845 0.0440203 0.0405079 0.0370678 0.0334967 0.0295363 0.0250185 0.0200158 0.0148861
 0.00660217 0.010816 0.0164499 0.0235084 0.0317926 0.0407619 0.0495096 0.0569903 0.0624007 0.065429 0.0662224 0.0651785 0.0627577 0.0593925 0.0554571 0.0512545 0.0470108 0.0428726 0.0388971 0.0350364 0.0311416 0.0270207 0.0225556 0.0178216 0.0131203
 0.00683571 0.0111979 0.0170283 0.024329 0.0328889 0.0421406 0.0511362 0.058786 0.0642542 0.067219 0.0678361 0.0665215 0.0637557 0.0599915 0.0556233 0.0509729 0.0462805 0.0417031 0.037311 0.0330822 0.028912 0.0246638 0.0202622 0.0157851 0.0114832
 0.00707346 0.0115874 0.0176199 0.0251703 0.0340144 0.0435555 0.0528002 0.060609 0.06611 0.0689716 0.0693644 0.0677332 0.0645906 0.0604172 0.055628 0.0505581 0.0454561 0.0404866 0.0357317 0.0311924 0.0268013 0.0224671 0.0181481 0.0139214 0.00999204
 0.00727817 0.0119265 0.0181418 0.0259233 0.0350366 0.0448581 0.054351 0.0623268 0.067876 0.070652 0.0708343 0.0688924 0.0653709 0.0607832 0.055573 0.0500954 0.0446107 0.0392892 0.0342213 0.0294249 0.0248624 0.0204776 0.0162542 0.0122655 0.00867483
 0.00745603 0.0122186 0.0185868 0.0265596 0.035895 0.04595 0.0556562 0.0637872 0.0694012 0.0721345 0.0721654 0.0699756 0.0661308 0.0611714 0.0555692 0.0497046 0.0438563 0.0382077 0.0328593 0.0278437 0.0231452 0.0187333 0.0146089 0.0108377 0.00754582
 0.00753809 0.0123539 0.0187946 0.0268609 0.0363104 0.0464964 0.0563406 0.0646024 0.0703234 0.0731232 0.0731646 0.0709171 0.0669396 0.0617745 0.0559057 0.0497334 0.043561 0.0375963 0.0319633 0.0267173 0.0218659 0.0174007 0.0133339 0.00972254 0.00666022
 0.00760139 0.0124517 0.018933 0.0270431 0.0365386 0.0467733 0.0566702 0.0649894 0.0707718 0.0736335 0.07373 0.0715182 0.0675413 0.0623258 0.0563446 0.0499973 0.0435983 0.0373765 0.0314842 0.0260082 0.0209873 0.016438 0.0123848 0.00887758 0.00598206
 0.0076813 0.0125746 0.0191046 0.0272636 0.0368021 0.0470681 0.0569801 0.0652964 0.0710615 0.0739008 0.0739812 0.0717665 0.0677975 0.0625878 0.0565915 0.0501898 0.0436862 0.0373121 0.0312363 0.025574 0.0203976 0.0157543 0.0116863 0.0082415 0.00546428
 0.00773691 0.0126588 0.0192194 0.0274067 0.0369674 0.0472469 0.0571623 0.0654716 0.0712206 0.0740391 0.0741004 0.0718753 0.0679086 0.062712 0.0567307 0.0503307 0.043799 0.0373559 0.0311712 0.0253756 0.020069 0.0153293 0.0112212 0.00779857 0.00509279
 0.00779721 0.0127514 0.0193485 0.0275717 0.0371625 0.0474609 0.057379 0.0656713 0.0713846 0.0741547 0.074165 0.0718964 0.0679007 0.0626926 0.0567146 0.0503248 0.0437979 0.0373403 0.0311128 0.0252479 0.0198601 0.01505 0.010904 0.00748665 0.00482453
 0.00782277 0.0127917 0.0194067 0.0276498 0.0372605 0.047576 0.0575049 0.0657985 0.0715017 0.0742513 0.0742343 0.0719365 0.067915 0.0626887 0.0567021 0.0503121 0.0437879 0.0373276 0.031083 0.0251827 0.0197458 0.0148863 0.010707 0.00728369 0.00464342
 0.0078635 0.0128522 0.0194871 0.0277465 0.0373674 0.0476864 0.0576129 0.0658987 0.0715895 0.0743222 0.0742842 0.0719626 0.0679167 0.0626682 0.0566646 0.0502647 0.0437369 0.0372757 0.0310268 0.0251138 0.0196549 0.0147701 0.0105719 0.00714461 0.00451791
 0.00787569 0.0128694 0.019508 0.0277682 0.0373857 0.0476973 0.0576139 0.0658903 0.0715753 0.0743086 0.0742789 0.0719715 0.0679414 0.0627055 0.0567081 0.0503074 0.0437737 0.0373028 0.031041 0.0251106 0.01963 0.0147218 0.0105042 0.00706735 0.00444334
 0.00790219 0.0129068 0.0195537 0.027816 0.0374272 0.0477249 0.0576222 0.0658779 0.0715446 0.0742652 0.0742309 0.0719283 0.0679114 0.0626942 0.0567162 0.050331 0.0438057 0.0373353 0.0310668 0.0251239 0.0196268 0.0147008 0.010468 0.00702222 0.00439756
 0.0079048 0.0129118 0.0195625 0.0278296 0.0374454 0.0477446 0.0576375 0.0658814 0.0715301 0.0742316 0.074183 0.0718758 0.0678658 0.0626649 0.0567086 0.0503453 0.0438375 0.0373772 0.0311098 0.0251597 0.0196493 0.0147073 0.0104595 0.0070031 0.00437404
 0.007884 0.012875 0.0195021 0.0277378 0.0373175 0.0475832 0.0574557 0.0657006 0.071375 0.0741213 0.0741268 0.0718733 0.0679104 0.0627479 0.0568215 0.0504799 0.0439849 0.0375273 0.0312524 0.0252849 0.0197498 0.0147794 0.010504 0.00702495 0.00438032
 0.00788416 0.0128694 0.0194826 0.0276931 0.0372353 0.0474554 0.0572823 0.0654928 0.0711541 0.0739148 0.0739625 0.0717725 0.0678835 0.062793 0.0569267 0.0506284 0.0441592 0.0377111 0.0314313 0.0254469 0.0198858 0.0148841 0.010577 0.00706999 0.00440421
 0.0078929 0.0128823 0.0194993 0.0277111 0.0372496 0.0474572 0.0572603 0.0654355 0.0710543 0.073775 0.0737969 0.071605 0.0677414 0.0626992 0.0568938 0.0506566 0.0442384 0.0378252 0.0315624 0.0255785 0.0200045 0.0149813 0.010649 0.00711781 0.00443228
 0.00787461 0.0128547 0.0194618 0.0276646 0.0371962 0.0473998 0.0572015 0.0653769 0.0709952 0.073713 0.0737292 0.0715316 0.0676684 0.0626383 0.0568599 0.0506618 0.0442874 0.0379136 0.0316779 0.0257051 0.0201266 0.0150868 0.0107311 0.0071754 0.0044685
 0.00786247 0.0128304 0.0194172 0.0275902 0.0370847 0.0472508 0.0570253 0.0651937 0.0708296 0.0735854 0.0736502 0.0715007 0.0676771 0.0626766 0.0569205 0.0507425 0.0443889 0.0380357 0.0318165 0.0258509 0.0202673 0.0152106 0.0108301 0.00724714 0.00451538
 0.0078492 0.0128088 0.0193843 0.0275426 0.0370182 0.0471611 0.0569093 0.0650522 0.0706704 0.0734238 0.073507 0.0713962 0.0676247 0.0626791 0.0569712 0.0508299 0.0445018 0.0381656 0.0319564 0.0259937 0.0204043 0.0153327 0.0109301 0.00732158 0.0045655
 0.00780587 0.0127386 0.0192795 0.0273969 0.0368293 0.0469331 0.0566551 0.0647928 0.0704302 0.0732249 0.0733653 0.0713212 0.0676205 0.062745 0.057101 0.0510113 0.0447183 0.0383993 0.0321913 0.0262165 0.0206046 0.0155026 0.0110648 0.00742036 0.00463182
 0.00777443 0.0126857 0.0191964 0.0272747 0.036661 0.0467171 0.0563989 0.0645137 0.0701534 0.0729782 0.0731734 0.0712017 0.067582 0.0627877 0.0572179 0.0511903 0.0449434 0.0386519 0.032452 0.0264676 0.0208312 0.0156943 0.0112161 0.007531 0.00470615
 0.00773952 0.012629 0.0191112 0.0271548 0.0365015 0.0465169 0.0561623 0.0642523 0.0698852 0.0727254 0.0729595 0.0710478 0.0675041 0.0627936 0.0573068 0.0513529 0.0451641 0.038911 0.032728 0.0267393 0.0210801 0.0159067 0.0113845 0.00765431 0.00478906
 0.00769252 0.012552 0.0189946 0.0269897 0.0362827 0.046246 0.0558511 0.0639229 0.0695657 0.0724445 0.0727401 0.070906 0.0674488 0.0628279 0.0574277 0.0515515 0.0454255 0.0392153 0.033052 0.0270592 0.0213742 0.0161583 0.0115841 0.00780052 0.00488726
 0.00770818 0.0125704 0.0190088 0.0269883 0.0362519 0.0461733 0.0557295 0.0637532 0.0693571 0.0722127 0.0725062 0.0706929 0.0672778 0.0627163 0.0573866 0.051585 0.04553 0.03938 0.0332596 0.027288 0.0216015 0.016364 0.0117542 0.00792897 0.00497555
 0.00766152 0.0125061 0.0189331 0.026913 0.0361893 0.0461293 0.0556987 0.0637202 0.0693035 0.0721264 0.0723871 0.0705527 0.0671369 0.0625969 0.0573086 0.0515621 0.0455686 0.0394778 0.0334064 0.0274667 0.0217915 0.0165447 0.0119093 0.00804941 0.00506013
 0.00764076 0.01247 0.0188753 0.026828 0.0360764 0.0459965 0.0555641 0.0636072 0.069231 0.0720986 0.0723908 0.0705655 0.0671388 0.0625811 0.0572824 0.0515424 0.0455735 0.0395202 0.0334898 0.0275848 0.0219302 0.0166864 0.0120376 0.00815325 0.00513538
 0.00762821 0.0124484 0.0188403 0.0267746 0.0359995 0.0458927 0.0554346 0.06346 0.0690819 0.0719686 0.0722996 0.0705238 0.0671442 0.0626194 0.0573363 0.0516004 0.0456339 0.0395892 0.0335749 0.0276889 0.0220488 0.0168087 0.0121509 0.00824715 0.00520496
 0.00759595 0.0124011 0.0187786 0.0267019 0.0359205 0.0458112 0.0553517 0.063375 0.0689937 0.0718792 0.0722161 0.0704574 0.0671068 0.0626182 0.0573707 0.0516624 0.045713 0.0396774 0.0336694 0.0277894 0.022154 0.0169137 0.0122479 0.00832852 0.00526637
 0.00757291 0.0123617 0.0187162 0.0266102 0.0357963 0.0456583 0.0551824 0.0632087 0.0688509 0.0717742 0.0721535 0.0704338 0.0671161 0.0626564 0.0574355 0.0517518 0.0458224 0.0398001 0.0337977 0.0279173 0.0222765 0.0170265 0.0123463 0.00840848 0.0053258
 0.00756631 0.0123499 0.0186959 0.0265776 0.0357466 0.0455869 0.0550871 0.0630914 0.0687195 0.0716421 0.0720369 0.0703475 0.067069 0.0626496 0.0574651 0.0518114 0.0459056 0.0399005 0.0339088 0.028032 0.0223882 0.0171292 0.0124349 0.00847965 0.00537837
 0.00757069 0.012358 0.01871 0.0265995 0.035777 0.0456231 0.0551223 0.0631149 0.0687196 0.0716106 0.0719725 0.0702576 0.0669674 0.0625529 0.0573876 0.0517618 0.0458866 0.0399098 0.0339415 0.0280816 0.0224474 0.0171907 0.0124925 0.00852837 0.00541572
 0.00754765 0.0123233 0.0186631 0.0265421 0.0357132 0.0455591 0.0550651 0.0630712 0.0686934 0.071601 0.0719739 0.0702616 0.0669674 0.0625473 0.0573804 0.0517606 0.0458987 0.0399396 0.0339887 0.0281422 0.0225152 0.0172585 0.012554 0.00857909 0.00545372
 0.00753945 0.0123094 0.018641 0.0265096 0.0356691 0.0455045 0.0550044 0.0630118 0.0686441 0.0715688 0.0719617 0.070267 0.0669841 0.0625676 0.0573986 0.0517751 0.0459126 0.0399581 0.0340163 0.0281804 0.0225616 0.0173084 0.0126016 0.00861984 0.00548497
 0.00753026 0.012296 0.0186236 0.0264892 0.0356467 0.0454804 0.0549781 0.0629824 0.0686117 0.0715359 0.0719325 0.0702468 0.0669761 0.0625717 0.0574118 0.051793 0.0459319 0.0399782 0.0340389 0.0282076 0.0225941 0.0173443 0.0126373 0.00865147 0.00550995
 0.00750318 0.0122531 0.0185614 0.0264058 0.0355429 0.045361 0.0548523 0.0628633 0.0685126 0.0714671 0.071899 0.0702482 0.0670088 0.0626303 0.0574899 0.0518834 0.0460273 0.0400723 0.0341275 0.0282887 0.0226669 0.0174081 0.0126912 0.00869429 0.00554139
 0.00748485 0.0122237 0.0185179 0.0263457 0.0354648 0.0452655 0.0547433 0.0627481 0.0684017 0.0713722 0.0718306 0.0702132 0.0670097 0.0626652 0.0575531 0.0519676 0.0461242 0.040174 0.0342272 0.0283813 0.0227492 0.0174782 0.0127481 0.00873798 0.00557262
 0.00750433 0.0122489 0.0185441 0.0263642 0.0354657 0.0452409 0.0546904 0.0626704 0.0683071 0.0712709 0.0717333 0.0701299 0.0669487 0.0626323 0.0575505 0.0519936 0.0461736 0.0402396 0.0343012 0.0284563 0.0228194 0.0175396 0.0127984 0.00877653 0.00560001
 0.00750433 0.0122489 0.0185441 0.0263642 0.0354657 0.0452409 0.0546904 0.0626704 0.0683071 0.0712709 0.0717333 0.0701299 0.0669487 0.0626323 0.0575505 0.0519936 0.0461736 0.0402396 0.0343012 0.0284563 0.0228194 0.0175396 0.0127984 0.00877653 0.00560001
 0.0073635 0.0120313 0.0182379 0.0259672 0.0349862 0.044699 0.0541199 0.0621177 0.0678264 0.0709131 0.0715354 0.070108 0.0670967 0.0629252 0.0579519 0.0524626 0.0466715 0.040733 0.0347634 0.0288681 0.0231681 0.0178194 0.01301 0.00892625 0.00569835
 0.00725855 0.0118475 0.0179383 0.0255127 0.0343488 0.0438807 0.0531675 0.0611227 0.0669039 0.070172 0.0710536 0.0699223 0.0672056 0.0632972 0.0585345 0.0531913 0.0474785 0.041555 0.0355472 0.0295732 0.0237679 0.018301 0.0133732 0.00918183 0.00586497
 0.00723699 0.0118065 0.0178643 0.025386 0.0341435 0.0435688 0.0527259 0.0605447 0.0662115 0.0694221 0.0703328 0.0693285 0.0668228 0.0631749 0.0586795 0.0535721 0.0480372 0.0422209 0.0362489 0.0302483 0.0243691 0.0187988 0.0137564 0.00945505 0.0060445
 0.00726801 0.0118575 0.0179413 0.0254921 0.0342755 0.0437109 0.0528465 0.0605978 0.0661463 0.0692001 0.0699455 0.0688084 0.0662415 0.062627 0.0582567 0.0533386 0.0480148 0.0423894 0.0365577 0.0306329 0.0247672 0.0191614 0.0140534 0.00967581 0.00619362
 0.00726146 0.0118557 0.0179548 0.0255363 0.0343659 0.0438565 0.0530424 0.0608214 0.0663586 0.0693513 0.0699855 0.0687008 0.0659778 0.0622365 0.0578042 0.0529084 0.0476859 0.0422119 0.0365413 0.0307502 0.0249679 0.0193911 0.014268 0.009849 0.00631708
#pred catch len freq
 0.00317073 0.00514392 0.00775576 0.0110496 0.0150676 0.0198044 0.0251464 0.0308577 0.0366261 0.042126 0.0470661 0.0512279 0.0544962 0.056866 0.058421 0.0593028 0.0596876 0.0597505 0.0595822 0.0590544 0.0577108 0.0548298 0.049746 0.0423142 0.0331961
 0.00343372 0.00550663 0.00818417 0.0114781 0.015425 0.0200514 0.0252975 0.0309693 0.0367556 0.0422893 0.0472251 0.0513172 0.0544718 0.0567428 0.0582758 0.0592401 0.0597831 0.06 0.0598826 0.059233 0.0575981 0.0543418 0.0489304 0.0413297 0.032238
 0.00352649 0.0056942 0.00852922 0.0120479 0.0162591 0.0211204 0.0264823 0.0320873 0.0376315 0.0428281 0.0474369 0.0512802 0.0542693 0.0564272 0.0578776 0.0587966 0.0593486 0.05962 0.0595523 0.0588794 0.0571095 0.053635 0.0480103 0.0402996 0.031251
 0.00368394 0.00593371 0.00886455 0.0124953 0.0168509 0.0219139 0.0275468 0.0334607 0.0392632 0.0445491 0.0489937 0.0524252 0.0548554 0.0564461 0.0574284 0.0580223 0.0583843 0.058567 0.0584665 0.0577668 0.0559399 0.0523797 0.0466881 0.0389936 0.030081
 0.0038892 0.00626159 0.00934651 0.0131554 0.0177012 0.0229508 0.0287508 0.0348052 0.0407244 0.046103 0.050588 0.0539454 0.0561205 0.0572557 0.0576399 0.0576061 0.057423 0.0572067 0.0568563 0.056019 0.0541252 0.050551 0.0449119 0.0373637 0.0286996
 0.00411047 0.00661553 0.00986968 0.0138813 0.0186578 0.0241545 0.0301955 0.0364514 0.0424981 0.0479064 0.0523182 0.0555073 0.0574242 0.0582028 0.0581181 0.0575112 0.0567008 0.0558844 0.0550398 0.0538603 0.0517862 0.0481864 0.042668 0.0353762 0.0270754
 0.0043501 0.00699838 0.0104346 0.0146634 0.0196866 0.0254486 0.0317534 0.0382415 0.0444538 0.0499281 0.054283 0.0572838 0.0588901 0.0592557 0.0586754 0.0575036 0.0560737 0.0546162 0.053168 0.0514962 0.0491071 0.0454101 0.0400194 0.0330515 0.0252079
 0.00459453 0.00739234 0.0110223 0.0154869 0.0207818 0.0268375 0.0334322 0.0401712 0.0465578 0.0520989 0.0563928 0.0591976 0.0604782 0.0604057 0.0592978 0.0575318 0.055461 0.0533402 0.0512467 0.0490122 0.0462238 0.0423626 0.0370773 0.030461 0.0231357
 0.00484917 0.0078001 0.0116261 0.0163266 0.021893 0.0282451 0.0351396 0.042148 0.0487329 0.0543627 0.0586074 0.0612138 0.0621544 0.0616225 0.0599643 0.0575835 0.0548552 0.0520565 0.049299 0.0464723 0.0432439 0.0391786 0.0339755 0.0277146 0.0209354
 0.00510558 0.00820935 0.0122291 0.0171601 0.0229872 0.0296188 0.036791 0.0440451 0.0508104 0.0565243 0.0607333 0.0631711 0.0638095 0.0628544 0.0606738 0.0576967 0.0543227 0.0508536 0.0474355 0.0440122 0.0403297 0.0360375 0.0308925 0.024969 0.0187278
 0.0053771 0.00864422 0.0128723 0.0180516 0.0241578 0.0310826 0.0385334 0.046015 0.0529205 0.0586615 0.0627732 0.0649908 0.0652981 0.0639184 0.0612387 0.0577046 0.0537306 0.0496361 0.0455968 0.0416077 0.0374894 0.0329752 0.0278812 0.0222811 0.0165622
 0.00569255 0.00914113 0.0135919 0.0190257 0.0254078 0.0326168 0.0403379 0.0480418 0.0550822 0.0608352 0.0648152 0.0667581 0.0666693 0.0648072 0.0615949 0.0575042 0.052963 0.0482996 0.0437062 0.0392164 0.0347153 0.0300129 0.0249822 0.019699 0.0144834
 0.00595035 0.00955824 0.0142164 0.0199019 0.0265701 0.0340776 0.0420747 0.0499906 0.0571423 0.0628842 0.0667241 0.0684031 0.0679416 0.0656221 0.0618971 0.057268 0.052186 0.0469951 0.0419042 0.0369769 0.0321493 0.0272946 0.0223344 0.0173462 0.0125911
 0.0061883 0.0099439 0.0147958 0.0207204 0.0276673 0.0354773 0.0437698 0.0519295 0.0592249 0.0649711 0.0686565 0.070029 0.0691395 0.0663149 0.062052 0.0568858 0.0512883 0.0456157 0.0400895 0.0347967 0.0297128 0.0247601 0.0198972 0.0151994 0.0108744
 0.00643203 0.0103322 0.0153666 0.0215072 0.0286972 0.0367662 0.0453124 0.053688 0.0611232 0.0668961 0.0704689 0.0715812 0.0702987 0.0669841 0.0621822 0.0564746 0.0503679 0.0442392 0.0383236 0.0327248 0.0274461 0.0224441 0.0177014 0.0132859 0.00935622
 0.00655736 0.0105465 0.0157094 0.0220237 0.0294317 0.037749 0.0465456 0.0551375 0.0627194 0.0685426 0.0720532 0.0729856 0.0714112 0.0677105 0.0624572 0.0562686 0.0496877 0.0431233 0.0368362 0.0309534 0.0255024 0.0204643 0.0158349 0.0116689 0.00808001
 0.00656267 0.0105642 0.0157548 0.0221224 0.0296202 0.0380727 0.047052 0.0558632 0.0636738 0.0696939 0.0733254 0.0742687 0.0725825 0.0686553 0.0630835 0.0565141 0.0495228 0.042552 0.0358963 0.0297153 0.0240674 0.0189576 0.0143909 0.0104076 0.00708062
 0.00654266 0.0105285 0.0156964 0.0220359 0.0295076 0.0379511 0.0469593 0.0558572 0.0638213 0.0700516 0.0739192 0.0750784 0.0735386 0.0696498 0.0639909 0.0572162 0.0499285 0.0426098 0.0355988 0.0290994 0.0232103 0.0179674 0.0133885 0.009503 0.00634967
 0.00661579 0.0106275 0.0158082 0.0221345 0.0295598 0.0379272 0.0468448 0.0556621 0.0635844 0.0698385 0.0738103 0.0751478 0.0738283 0.0701499 0.0646358 0.0578984 0.0505256 0.0430135 0.0357386 0.0289562 0.0228174 0.0174013 0.0127495 0.00888953 0.0058351
 0.00680796 0.010915 0.0161934 0.0226 0.0300692 0.0384294 0.0472792 0.0559667 0.06371 0.0697665 0.0735652 0.0747971 0.0734654 0.069866 0.0644903 0.0578988 0.0506258 0.043131 0.0357842 0.0288645 0.0225672 0.0170194 0.0122974 0.00844061 0.00544965
 0.00689075 0.0110556 0.016415 0.0229255 0.0305125 0.0389832 0.0479048 0.0565933 0.0642481 0.0701309 0.0736989 0.0746878 0.0731502 0.0694225 0.0640145 0.0574758 0.0503036 0.0429083 0.0356188 0.0286975 0.0223523 0.0167421 0.0119781 0.00812032 0.00516979
 0.0069359 0.0111215 0.0165018 0.0230325 0.0306439 0.0391533 0.0481373 0.0569104 0.0646515 0.0705864 0.0741364 0.0750211 0.0733089 0.0693791 0.0637937 0.0571426 0.0499355 0.0425666 0.0353303 0.0284544 0.0221287 0.0165158 0.0117451 0.00789458 0.00497284
