SBPRF35
12.7214
Curr Bio
750503
B35
879091
F35
0.168486
FOFL
0.142393
OFL
88597.9
Bzero
3.63469e+006
#pred survey bio
 3.44579e+006 3.34619e+006 3.25285e+006 3.10377e+006 2.91095e+006 2.68153e+006 2.46281e+006 2.23896e+006 2.00459e+006 1.79495e+006 1.5729e+006 1.42287e+006 1.27336e+006 1.13513e+006 1.0078e+006 890281 802872 713258 667105 639837 612085 585436 570641 551036 542321 533199 535572 537453 538544 545333 544760 540529 548334 559410 567366 573117 593970 605950 620268 635191 661928 670972 671651 675011 678350 686706 686196 688022 688272 689594 681707 705099 728902 743983 752682 755562 2.64058e+007 1.56452e+007 1.58286e+007 1.6735e+007 1.81377e+007 1.975e+007 2.1351e+007 2.28061e+007 2.40538e+007 2.50814e+007 2.59042e+007 2.65503e+007 2.70507e+007 2.74348e+007 2.77281e+007 2.79514e+007 2.81213e+007 2.82507e+007 2.83496e+007 2.84254e+007 2.84837e+007 2.85288e+007 2.85638e+007 2.85911e+007 2.86125e+007 2.86294e+007 2.86427e+007 2.86533e+007 2.86617e+007 2.86683e+007 2.86737e+007 2.8678e+007 2.86815e+007 2.86843e+007 2.86866e+007 2.86884e+007 2.86899e+007 2.86911e+007 2.86921e+007 2.86929e+007 2.86936e+007 2.86941e+007 2.86946e+007 2.86949e+007 2.86952e+007 2.86955e+007 2.86956e+007 2.86958e+007 2.86959e+007 2.8696e+007 2.86961e+007 2.86962e+007 2.86963e+007 2.86963e+007 2.86963e+007 2.86964e+007 2.86964e+007 2.86964e+007 2.86964e+007 2.86965e+007 2.86965e+007 2.86965e+007 2.86965e+007 2.86965e+007 2.86965e+007 2.86965e+007 2.86965e+007 2.86965e+007 2.86965e+007 2.86965e+007 2.86965e+007 2.86965e+007 2.86965e+007 2.86965e+007 2.86965e+007 2.86965e+007 2.86965e+007 2.86965e+007 2.86965e+007 2.86965e+007 2.86965e+007 2.86965e+007 2.86965e+007 2.86965e+007 2.86965e+007 2.86965e+007 2.86965e+007 2.86965e+007 2.86965e+007 2.86965e+007 2.86965e+007 2.86965e+007 2.86965e+007 2.86965e+007 2.86965e+007 2.86965e+007 2.86965e+007 2.86965e+007 2.86965e+007 2.86965e+007 0 0 0 0 0 0 0 0 0 0 0 0 0 0 0 0 0 0 0 0 0 0 0 0 0
#obs survey bio
 3.25548e+006 3.3958e+006 3.95582e+006 2.70461e+006 2.54958e+006 2.91653e+006 2.0938e+006 1.7923e+006 1.30958e+006 1.61791e+006 1.49362e+006 1.29491e+006 1.31467e+006 946584 829959 827062 620196 683209 673264 876814 531963 502519 321186 515440 555400 387165 466852 912636 659767 639129 439858 583323 442421 483394 362851 528460 739638 596316 687662 464471 610222 621141 569938 649021 846144 498075 645426 723305 732949 565691 788850 849012 773294 711000 565813 828191
#pred catch bio
 91610.8 89866.3 148245 199180 246949 253589 275477 301662 293902 316061 259983 265639 258451 249036 238248 208491 204783 161672 141675 138487 134233 122349 125077 114350 113457 103177 103264 102836 97095.6 102550 104566 94096.9 92194.1 95732.9 97999.9 86186.7 94925.5 93862 94753.4 86853.3 103510 110703 108243 108256 104486 112504 110204 110750 108803 115355 88054.2 87717.9 94078.4 97823 100216 99295.4 88597.9 102135 102053 106585 115028 125074 135043 144000 151546 157623 162357 165954 168636 170605 172035 173063 173797 174318 174686 174945 175126 175253 175342 175404 175447 175477 175497 175512 175521 175528 175533 175536 175539 175540 175541 175542 175543 175543 175543 175543 175543 175544 175544 175544 175544 175544 175544 175544 175544 175544 175544 175544 175544 175544 175544 175544 175544 175544 175544 175544 175544 175544 175544 175544 175544 175544 175544 175544 175544 175544 175544 175544 175544 175544 175544 175544 175544 175544 175544 175544 175544 175544 175544 175544 175544 175544 175544 175544 175544 175544 175544 175544 175544 175544 175544 175544 175544 175544 175544 175544 0 0 0 0 0 0 0 0 0 0 0 0 0 0 0 0 0 0 0 0 0 0 0 0 0
#obs catch bio
 0 89481.3 148422 199476 247736 254362 276649 304736 297580 322630 263063 269897 262132 252373 242811 211842 209318 163836 143218 139204 134836 123088 127402 115821 115000 104556 104987 103603 97501.4 102749 105402 94590.7 92664.5 96365 99104.2 86543.7 95690.9 94157.9 95183.3 87143.3 104018 111030 108790 108634 104476 113404 110832 111213 108771 115776 87997.8 87776.3 94125.2 97931.2 100440 99289.3
#pred cpue bio
 3.40311e+006 3.30509e+006 3.21255e+006 3.06348e+006 2.87078e+006 2.64168e+006 2.42314e+006 2.19957e+006 1.96578e+006 1.75683e+006 1.53621e+006 1.38693e+006 1.23851e+006 1.10153e+006 975582 859642 773685 686121 641322 615095 588285 562245 547568 528337 519953 511209 513588 515668 517117 524038 523618 519531 527191 538020 545808 551511 572005 583841 597842 612355 638467 647377 648069 651393 654720 662843 662297 664228 664767 666297 658709 681937 705906 721259 730132 733501 2.56711e+007 1.52209e+007 1.52567e+007 1.59955e+007 1.73387e+007 1.89368e+007 2.05349e+007 2.19895e+007 2.3237e+007 2.42646e+007 2.50874e+007 2.57335e+007 2.62339e+007 2.6618e+007 2.69113e+007 2.71345e+007 2.73045e+007 2.74339e+007 2.75328e+007 2.76086e+007 2.76669e+007 2.7712e+007 2.7747e+007 2.77743e+007 2.77957e+007 2.78126e+007 2.78259e+007 2.78365e+007 2.78448e+007 2.78515e+007 2.78569e+007 2.78612e+007 2.78647e+007 2.78675e+007 2.78698e+007 2.78716e+007 2.78731e+007 2.78743e+007 2.78753e+007 2.78761e+007 2.78768e+007 2.78773e+007 2.78778e+007 2.78781e+007 2.78784e+007 2.78786e+007 2.78788e+007 2.7879e+007 2.78791e+007 2.78792e+007 2.78793e+007 2.78794e+007 2.78794e+007 2.78795e+007 2.78795e+007 2.78796e+007 2.78796e+007 2.78796e+007 2.78796e+007 2.78796e+007 2.78797e+007 2.78797e+007 2.78797e+007 2.78797e+007 2.78797e+007 2.78797e+007 2.78797e+007 2.78797e+007 2.78797e+007 2.78797e+007 2.78797e+007 2.78797e+007 2.78797e+007 2.78797e+007 2.78797e+007 2.78797e+007 2.78797e+007 2.78797e+007 2.78797e+007 2.78797e+007 2.78797e+007 2.78797e+007 2.78797e+007 2.78797e+007 2.78797e+007 2.78797e+007 2.78797e+007 2.78797e+007 2.78797e+007 2.78797e+007 2.78797e+007 2.78797e+007 2.78797e+007 2.78797e+007 2.78797e+007 2.78797e+007 2.78797e+007 2.78797e+007 2.78797e+007 2.78797e+007 0 0 0 0 0 0 0 0 0 0 0 0 0 0 0 0 0 0 0 0 0 0 0 0 0
#obs cpue bio
 3.08308e+006 4.10691e+006 2.38172e+006 2.56902e+006 2.89868e+006 1.86783e+006 2.6048e+006 1.64874e+006 1.91034e+006 1.26858e+006 1.72092e+006 1.19189e+006 1.14894e+006 1.19743e+006 748934 758213 690852 675878 566871 588610 662473 490203 436800 544987 430635 491137 395765 485162 429239 540277 418080 451260 600679 530781 573419 683626 382863 749665 483844 645947 771143 784916 561921 747461 621864 506917 712821 688482 820798 742826 539125 559771 729776 696107 872823 828172
#pred surv len freq
 0.00470819 0.00765696 0.0115485 0.0163735 0.0220235 0.0282124 0.0344494 0.0401571 0.0448879 0.048468 0.0509761 0.0526167 0.0536075 0.0541283 0.0543124 0.0542563 0.0540358 0.0537062 0.0532539 0.0524989 0.0510136 0.0481795 0.0434574 0.0367658 0.0287064
 0.00496383 0.00797528 0.0118518 0.0165401 0.0219337 0.0278144 0.0338031 0.0394206 0.0442469 0.0480518 0.0508123 0.0526474 0.0537469 0.0543207 0.0545572 0.0545938 0.0545052 0.0542995 0.0538909 0.0530413 0.0513165 0.0481584 0.0431297 0.0362423 0.0281365
 0.0051369 0.00827836 0.0123405 0.0172595 0.0228845 0.0289142 0.0348743 0.040234 0.0446155 0.047923 0.0502915 0.0519353 0.0530366 0.0537259 0.0541089 0.0542815 0.0543148 0.0542169 0.0538792 0.0530229 0.0511895 0.0478427 0.0426147 0.0355983 0.0274805
 0.00533373 0.00859246 0.0128047 0.0179065 0.0237462 0.0300143 0.0362072 0.0417349 0.0461388 0.0492549 0.0512086 0.052289 0.0528156 0.0530532 0.0531763 0.0532686 0.0533399 0.05333 0.0530768 0.0522639 0.0504141 0.0470034 0.0417084 0.0346795 0.0266391
 0.00557043 0.00897224 0.0133669 0.0186844 0.0247619 0.0312707 0.03768 0.0433695 0.0478525 0.0509383 0.0527228 0.0534697 0.0535007 0.0531351 0.0526494 0.0522375 0.0519768 0.0518089 0.0515219 0.0507347 0.0489235 0.0455529 0.0403216 0.0334129 0.0255649
 0.00585694 0.00943007 0.0140413 0.0196128 0.0259676 0.0327539 0.0394065 0.0452663 0.0498164 0.0528528 0.0544714 0.0549385 0.0545734 0.0536961 0.052605 0.0515505 0.0506937 0.050055 0.0494639 0.0485341 0.0467096 0.0434254 0.0383677 0.0317164 0.0241947
 0.00615091 0.00989873 0.0147297 0.0205577 0.0271921 0.0342591 0.041161 0.0472013 0.051833 0.0548372 0.0563106 0.0565276 0.0558157 0.0544987 0.0528788 0.051221 0.0497245 0.0484737 0.0473719 0.0460927 0.0441099 0.0408585 0.0360049 0.0296938 0.0225969
 0.0064351 0.0103602 0.015423 0.0215328 0.0284849 0.0358761 0.0430641 0.0493037 0.054012 0.0569589 0.0582515 0.0581848 0.0571059 0.055351 0.0532277 0.051004 0.0488906 0.047004 0.0453065 0.0435478 0.0412743 0.0379673 0.0332971 0.0273669 0.0207697
 0.00671893 0.0108224 0.0161205 0.0225199 0.029804 0.0375423 0.0450482 0.0515235 0.0563409 0.0592472 0.0603512 0.0599675 0.058472 0.0562305 0.0535721 0.0507758 0.0480572 0.0455458 0.0432394 0.0409529 0.0383165 0.0348855 0.0303624 0.0248199 0.0187634
 0.00692484 0.0111652 0.016652 0.0232952 0.0308725 0.0389325 0.0467509 0.0534831 0.0584602 0.0614029 0.0624096 0.0617982 0.0599582 0.0572761 0.0541056 0.0507472 0.047433 0.0443083 0.0413994 0.0385743 0.0355403 0.0319332 0.0275031 0.0223066 0.0167674
 0.00729404 0.0117404 0.0174717 0.0243809 0.0322287 0.0405462 0.0485869 0.0554784 0.0605256 0.0634311 0.0642882 0.0634199 0.0612283 0.058117 0.0544573 0.050566 0.0466888 0.0429863 0.03951 0.0361749 0.032759 0.0289765 0.0246301 0.0197698 0.014744
 0.00751341 0.0120979 0.0180111 0.0251416 0.0332374 0.0418033 0.0500559 0.0570868 0.062181 0.0650447 0.0657881 0.0647501 0.062337 0.0589471 0.0549448 0.0506453 0.0463012 0.0420892 0.0380911 0.0342702 0.0304724 0.0264867 0.022168 0.0175668 0.0129689
 0.00774802 0.012479 0.0185841 0.0259486 0.0343087 0.0431447 0.0516336 0.0588217 0.0639579 0.0667347 0.0672747 0.0659479 0.0631983 0.059455 0.0550969 0.0504362 0.0457135 0.0410978 0.0366802 0.0324591 0.0283407 0.0241838 0.0198959 0.0155324 0.0113264
 0.00801147 0.0128984 0.0191988 0.0267898 0.0353947 0.0444727 0.0531701 0.0604969 0.0656712 0.0683694 0.0687156 0.0670964 0.0639842 0.0598426 0.055083 0.0500388 0.0449555 0.0399955 0.035246 0.0307194 0.0263612 0.0220855 0.0178455 0.0137046 0.00985275
 0.00821731 0.0132424 0.0197332 0.0275673 0.0364549 0.0458231 0.0547676 0.0622451 0.067438 0.0700166 0.070124 0.0681776 0.0646819 0.0601291 0.0549567 0.0495194 0.0440768 0.0387966 0.0337671 0.0290081 0.0244874 0.0201546 0.0159943 0.0120738 0.00854701
 0.00840319 0.0135475 0.0201984 0.0282338 0.037358 0.04698 0.0561632 0.0638217 0.0690968 0.0716307 0.0715589 0.0693135 0.0654315 0.0604474 0.0548393 0.0489929 0.0431861 0.0375957 0.0323139 0.0273669 0.0227368 0.0183942 0.0143404 0.0106388 0.00741034
 0.00838884 0.0135498 0.02025 0.0283831 0.0376601 0.0474808 0.0568842 0.0647525 0.0701964 0.0728338 0.0727813 0.0704581 0.0663975 0.0611438 0.0551994 0.0489838 0.0428102 0.0368843 0.0313195 0.0261581 0.0213973 0.0170221 0.0130412 0.00950881 0.00651495
 0.00853555 0.0137712 0.0205526 0.0287652 0.0381174 0.0480131 0.0574975 0.0654531 0.0709798 0.0736748 0.073632 0.0712544 0.06707 0.0616285 0.0554439 0.0489525 0.042488 0.0362799 0.0304662 0.0251127 0.0202366 0.0158375 0.0119277 0.00854878 0.00576084
 0.00856955 0.0138123 0.0205886 0.0287768 0.0380849 0.0479274 0.0573706 0.0653222 0.0709032 0.073718 0.0738486 0.071666 0.0676533 0.0623157 0.0561375 0.0495479 0.0428956 0.0364408 0.0303604 0.0247598 0.0196914 0.0151798 0.0112474 0.00792737 0.00525491
 0.00862103 0.0138774 0.0206516 0.0288107 0.0380572 0.047811 0.0571547 0.0650197 0.0705522 0.0733787 0.0735943 0.0715685 0.0677629 0.062643 0.0566443 0.0501524 0.0434922 0.0369261 0.030658 0.0248358 0.0195583 0.0148891 0.010873 0.00754495 0.00492286
 0.00882202 0.014174 0.0210409 0.0292672 0.0385358 0.0482548 0.0575033 0.0652182 0.0705627 0.0731936 0.0732452 0.071123 0.0673105 0.0622715 0.0564158 0.0500857 0.0435576 0.0370569 0.0307734 0.0248684 0.0194746 0.0146962 0.0106102 0.00726528 0.00467306
 0.00904951 0.014528 0.0215426 0.0299211 0.0393242 0.0491313 0.0583894 0.0660091 0.0711477 0.0734856 0.0732047 0.0707683 0.066711 0.06153 0.0556452 0.0493836 0.0429852 0.0366282 0.0304604 0.02462 0.0192421 0.0144524 0.0103559 0.00702096 0.00446347
 0.00902669 0.0145175 0.0215755 0.0300427 0.039581 0.0495521 0.058967 0.0666939 0.0718563 0.0741196 0.073672 0.0710024 0.0666843 0.0612608 0.0551929 0.0488334 0.0424251 0.036126 0.030049 0.0242972 0.0189834 0.0142308 0.0101557 0.00684165 0.00431322
 0.00901009 0.0144969 0.021558 0.0300427 0.0396221 0.0496656 0.0591868 0.0670456 0.072342 0.0747044 0.0742835 0.0715444 0.0670638 0.0614144 0.0551038 0.0485336 0.0419826 0.0356231 0.0295583 0.0238655 0.0186279 0.0139472 0.00993145 0.00666602 0.00418012
 0.00901501 0.0144887 0.0215168 0.0299426 0.0394417 0.0494032 0.0588725 0.0667418 0.0721284 0.0746532 0.0744339 0.0718868 0.0675391 0.0619295 0.0555595 0.0488541 0.0421356 0.0356216 0.0294471 0.0236988 0.0184505 0.0137857 0.00979641 0.00655879 0.00409886
 0.00909145 0.0146014 0.0216634 0.0301105 0.0396071 0.0495338 0.058933 0.0667043 0.0719864 0.0744327 0.0741928 0.0716971 0.0674591 0.0619793 0.0557126 0.0490501 0.042306 0.0357166 0.0294501 0.0236245 0.0183309 0.0136538 0.00967569 0.00646088 0.00402641
 0.00891874 0.0143549 0.0213561 0.0297754 0.0392878 0.0492678 0.0587388 0.0665784 0.0719107 0.0743874 0.0741682 0.0717011 0.0675154 0.0621162 0.0559457 0.0493683 0.0426697 0.0360709 0.0297453 0.0238329 0.0184513 0.0137045 0.00968234 0.00644616 0.00400571
 0.00879261 0.014149 0.0210468 0.0293463 0.0387399 0.0486317 0.058081 0.0659911 0.0714837 0.0741758 0.074175 0.071886 0.0678211 0.0624942 0.0563684 0.0498226 0.0431429 0.03654 0.0301776 0.024196 0.0187257 0.0138892 0.00979175 0.00650213 0.00402935
 0.00879268 0.0141316 0.0209879 0.0292118 0.0384933 0.0482482 0.0575617 0.0653721 0.0708348 0.0735871 0.0737355 0.0716587 0.0678257 0.0627063 0.0567347 0.0502828 0.0436458 0.037046 0.0306547 0.0246167 0.019069 0.0141452 0.00996464 0.006607 0.00408603
 0.00878651 0.0141153 0.0209507 0.0291375 0.0383612 0.0480357 0.0572506 0.0649552 0.0703246 0.0730219 0.0731793 0.0711913 0.0675227 0.0626175 0.0568691 0.0506092 0.0441056 0.0375726 0.0311874 0.0251081 0.0194868 0.0144727 0.0102 0.00676106 0.0041773
 0.0087954 0.0141356 0.0209912 0.0292077 0.0384658 0.0481673 0.0573838 0.0650488 0.070331 0.0729036 0.072924 0.0708207 0.0670916 0.0622012 0.056543 0.0504272 0.044086 0.0376968 0.0314116 0.0253793 0.0197569 0.0147074 0.0103816 0.00688701 0.00425561
 0.00884549 0.0142098 0.0210899 0.0293276 0.038602 0.048316 0.0575422 0.065211 0.070482 0.0730157 0.0729608 0.0707489 0.066897 0.0619002 0.056183 0.0500739 0.0438025 0.0375239 0.0313578 0.0254237 0.0198618 0.0148331 0.0104978 0.00697737 0.00431654
 0.00885825 0.0142181 0.0210796 0.029279 0.038496 0.0481441 0.057315 0.0649593 0.0702492 0.0728439 0.0728757 0.070751 0.0669621 0.0619904 0.0562645 0.0501318 0.0438458 0.037577 0.0314437 0.0255508 0.0200199 0.0149995 0.0106487 0.00709681 0.00439976
 0.00879306 0.0141246 0.0209615 0.0291454 0.0383566 0.0480026 0.0571657 0.0647922 0.0700604 0.0726451 0.0726961 0.0706275 0.066923 0.0620424 0.0563905 0.0503007 0.0440278 0.0377552 0.0316162 0.025722 0.0201913 0.0151647 0.0107958 0.00721499 0.00448453
 0.00871497 0.0140072 0.0208031 0.028952 0.0381419 0.0477857 0.0569681 0.0646328 0.0699493 0.0725801 0.0726653 0.0706189 0.0669335 0.0620798 0.0564661 0.0504191 0.0441819 0.0379301 0.0317965 0.0258976 0.0203565 0.0153149 0.0109256 0.00731897 0.00456025
 0.00871295 0.0139941 0.0207657 0.0288733 0.0380068 0.0475896 0.056724 0.0643709 0.0697084 0.0723944 0.072554 0.0705823 0.0669581 0.0621476 0.0565633 0.0505392 0.0443229 0.0380888 0.031966 0.0260681 0.0205181 0.0154597 0.0110475 0.00741478 0.00462948
 0.00860098 0.0138173 0.0205093 0.0285272 0.0375676 0.0470643 0.0561346 0.0637578 0.0691288 0.0719134 0.0722317 0.0704595 0.0670455 0.0624239 0.0569828 0.051046 0.0448648 0.0386254 0.0324692 0.0265191 0.0209048 0.0157754 0.0112913 0.0075913 0.00474816
 0.00863185 0.0138539 0.0205392 0.0285294 0.0375174 0.0469402 0.0559258 0.0634671 0.0687723 0.0715191 0.0718374 0.0701101 0.0667869 0.0622925 0.0569954 0.051195 0.0451213 0.0389489 0.0328186 0.0268603 0.021213 0.0160355 0.0114965 0.00774192 0.00485034
 0.00863474 0.0138597 0.0205491 0.0285433 0.0375309 0.0469423 0.0558977 0.0633868 0.068622 0.0712945 0.0715524 0.0697958 0.0664849 0.0620466 0.0568428 0.0511581 0.045203 0.0391318 0.0330704 0.0271425 0.0214904 0.0162817 0.0116962 0.00789053 0.00495174
 0.00861203 0.013826 0.0205043 0.02849 0.0374735 0.0468859 0.0558466 0.0633413 0.0685769 0.0712383 0.0714712 0.0696801 0.0663372 0.0618845 0.0566957 0.0510594 0.045179 0.0391936 0.0332103 0.0273373 0.0217085 0.0164924 0.011877 0.00803003 0.00504899
 0.00845008 0.0135802 0.0201677 0.0280689 0.0369875 0.046366 0.0553332 0.0628816 0.0682175 0.0710145 0.0713974 0.0697464 0.0665146 0.0621363 0.0569896 0.0513758 0.0455116 0.0395431 0.0335753 0.0277076 0.022065 0.0168123 0.0121415 0.00822999 0.00518653
 0.00842141 0.0135337 0.020098 0.0279713 0.0368596 0.046209 0.0551538 0.0626921 0.0680335 0.0708521 0.0712699 0.0696629 0.0664789 0.0621462 0.0570386 0.0514558 0.0456171 0.0396726 0.0337295 0.0278843 0.0222552 0.0170007 0.0123108 0.00836701 0.00528607
 0.00840531 0.0135153 0.0200842 0.0279723 0.0368844 0.04626 0.0552224 0.0627595 0.0680775 0.0708553 0.071226 0.0695776 0.0663664 0.0620248 0.0569253 0.0513636 0.0455541 0.0396435 0.033736 0.0279254 0.0223253 0.0170891 0.0124035 0.0084508 0.00535211
 0.00838929 0.0134857 0.0200338 0.0278941 0.0367756 0.0461267 0.055082 0.062637 0.0679958 0.0708247 0.0712401 0.0696178 0.0664125 0.0620633 0.0569532 0.051386 0.0455798 0.0396805 0.0337895 0.0279966 0.0224113 0.0171828 0.0124953 0.00853129 0.00541504
 0.00846042 0.0135834 0.0201476 0.0280022 0.0368504 0.0461441 0.0550297 0.0625194 0.0678326 0.0706459 0.071077 0.0694941 0.0663374 0.0620313 0.0569501 0.0513978 0.0455983 0.0397046 0.0338222 0.028041 0.0224675 0.0172472 0.0125612 0.00859121 0.00546341
 0.00839963 0.0135046 0.0200649 0.0279387 0.0368283 0.0461714 0.0550915 0.0625812 0.0678562 0.0706085 0.070982 0.0693682 0.066217 0.0619469 0.0569161 0.0514118 0.0456474 0.0397738 0.0339003 0.028122 0.0225485 0.0173253 0.0126328 0.00865217 0.00551075
 0.00830137 0.0133641 0.0198899 0.0277512 0.0366609 0.0460599 0.0550652 0.0626539 0.0680184 0.0708252 0.0712013 0.0695392 0.0663093 0.0619603 0.0568753 0.0513504 0.0455929 0.0397403 0.0338903 0.0281313 0.0225715 0.0173566 0.0126672 0.00868518 0.00553862
 0.00819987 0.013202 0.0196528 0.027431 0.036262 0.0456061 0.0546042 0.0622523 0.0677457 0.0707304 0.0712949 0.0697896 0.0666552 0.0623332 0.0572213 0.0516425 0.0458296 0.0399344 0.0340564 0.0282784 0.0227021 0.0174694 0.01276 0.00875675 0.00558993
 0.00819155 0.0131766 0.0195924 0.0273114 0.0360588 0.0453044 0.0542091 0.0617943 0.0672785 0.0703212 0.0710092 0.0696739 0.0667234 0.0625614 0.0575569 0.0520229 0.0462018 0.0402667 0.0343381 0.0285119 0.0228935 0.0176238 0.0128805 0.00884603 0.00565169
 0.00816993 0.0131445 0.0195488 0.027255 0.035985 0.0452024 0.0540621 0.0615849 0.0669991 0.0699847 0.0706534 0.0693558 0.0665029 0.0624827 0.0576332 0.0522332 0.0465006 0.0406008 0.0346628 0.0287995 0.0231324 0.0178129 0.0130235 0.00894879 0.00572095
 0.00810636 0.0130601 0.0194569 0.027179 0.0359514 0.0452287 0.0541467 0.0617039 0.0671119 0.0700465 0.0706301 0.0692371 0.0663089 0.0622594 0.0574375 0.0521123 0.0464764 0.0406658 0.0347887 0.0289514 0.0232814 0.0179414 0.0131246 0.00902247 0.00577085
 0.00783794 0.0126363 0.0188449 0.0263637 0.0349454 0.044085 0.0529653 0.0606214 0.0662692 0.0695461 0.0705069 0.0694564 0.0667909 0.0629128 0.0581863 0.0529068 0.0472876 0.0414726 0.0355662 0.0296689 0.0239078 0.0184542 0.0135159 0.00929949 0.00595193
 0.00772492 0.0124346 0.0185083 0.0258392 0.0341868 0.0430751 0.0517381 0.0592712 0.0649392 0.0683998 0.0696911 0.0690683 0.0668574 0.0633896 0.0589779 0.0538982 0.0483731 0.0425704 0.0366174 0.0306298 0.0247442 0.019142 0.0140453 0.00967762 0.00620069
 0.00768703 0.0123727 0.0184128 0.0256956 0.0339723 0.0427567 0.0512765 0.0586346 0.0641239 0.0674496 0.0687036 0.0681794 0.0662066 0.063081 0.0590516 0.0543248 0.0490707 0.0434328 0.0375414 0.0315298 0.0255574 0.0198274 0.0145829 0.0100678 0.0064608
 0.00743819 0.0120194 0.0179754 0.025224 0.0335299 0.0423937 0.0510083 0.0584358 0.0639392 0.0672166 0.0683792 0.0677628 0.0657499 0.0626794 0.0588144 0.0543369 0.0493629 0.0439745 0.0382552 0.0323181 0.0263278 0.0205093 0.0151348 0.0104767 0.00673762
 0.00703471 0.011409 0.0171444 0.0241968 0.0323702 0.0411997 0.0499033 0.0575475 0.0633669 0.0669952 0.0684646 0.068052 0.0661288 0.0630708 0.0592035 0.054763 0.0498861 0.044636 0.0390507 0.0331962 0.0272086 0.021312 0.0158001 0.0109784 0.00708139
#obs surv len freq
 nan nan nan nan nan nan nan nan nan nan nan nan nan nan nan nan nan nan nan nan nan nan nan nan nan
 0.0044849 0.00734637 0.0111765 0.015993 0.0216937 0.0279693 0.0342833 0.0400144 0.0446937 0.0481572 0.0505148 0.0520104 0.0529024 0.0534146 0.0537286 0.0539834 0.0542619 0.0545546 0.0546933 0.0542851 0.0527232 0.0493554 0.0438053 0.0362855 0.0276693
 0.00461439 0.00755956 0.0115019 0.0164577 0.0223169 0.0287511 0.0351956 0.0409977 0.0456656 0.0490293 0.0512093 0.0524717 0.0531027 0.0533533 0.0534282 0.0534814 0.0536021 0.0537799 0.053843 0.0533964 0.051835 0.0485111 0.0430499 0.0356571 0.027189
 0.00478036 0.00782913 0.0119073 0.0170293 0.0230775 0.0297078 0.0363288 0.0422559 0.0469692 0.0502812 0.0523094 0.0533292 0.0536471 0.0535424 0.0532522 0.0529612 0.0527823 0.0527197 0.0526086 0.052058 0.0504675 0.0471946 0.0418637 0.0346668 0.0264307
 0.00496843 0.00813805 0.0123781 0.0177016 0.0239822 0.0308536 0.0376906 0.0437702 0.0485437 0.0518116 0.0536937 0.0544753 0.0544746 0.0539867 0.0532698 0.0525366 0.0519317 0.0514905 0.0510751 0.0503169 0.0486338 0.045395 0.0402234 0.033288 0.025371
 0.00517821 0.008482 0.0129013 0.0184483 0.0249877 0.0321313 0.0392177 0.0454823 0.0503419 0.0535805 0.0553188 0.055854 0.0555205 0.0546295 0.0534559 0.0522303 0.0511217 0.050197 0.0493573 0.0482764 0.0464128 0.0431645 0.0381587 0.0315355 0.0240159
 0.00539513 0.00883862 0.0134455 0.0192277 0.0260407 0.0334734 0.0408268 0.0472928 0.0522536 0.0554768 0.0570837 0.0573823 0.0567213 0.0554269 0.0537881 0.0520503 0.0504003 0.0489313 0.0475839 0.0460854 0.0439536 0.0406358 0.0357771 0.029489 0.0224203
 0.00565354 0.00925758 0.0140741 0.0201113 0.0272129 0.0349437 0.0425663 0.0492293 0.0542803 0.0574716 0.058928 0.0589717 0.0579688 0.0562614 0.0541519 0.0518963 0.0496927 0.0476536 0.0457546 0.0437787 0.0413143 0.0378748 0.033139 0.0271963 0.0206173
 0.00588164 0.00963542 0.0146556 0.0209508 0.0283539 0.0364015 0.0443112 0.0511817 0.0563241 0.0594785 0.0607788 0.0605664 0.0592273 0.0571193 0.0545557 0.0518003 0.0490584 0.0464558 0.0439977 0.0415198 0.0386844 0.0350806 0.030433 0.024818 0.0187301
 0.00613821 0.0100535 0.0152869 0.0218446 0.0295487 0.0379104 0.0461064 0.0531875 0.0584252 0.0615401 0.062669 0.0621719 0.0604612 0.057921 0.0548853 0.051629 0.0483624 0.0452179 0.0422206 0.0392513 0.0360425 0.0322617 0.0276864 0.0223882 0.0167901
 0.00637085 0.0104371 0.0158742 0.0226879 0.0306891 0.0393617 0.0478386 0.0551217 0.0604463 0.0635193 0.0644843 0.0637192 0.0616569 0.0587022 0.0552075 0.0514633 0.0476898 0.0440286 0.0405221 0.0370889 0.0335235 0.0295664 0.0250489 0.0200432 0.0149083
 0.00659824 0.0108112 0.0164453 0.0235058 0.0317935 0.0407668 0.0495169 0.056998 0.062407 0.0654344 0.0662289 0.065188 0.0627695 0.0594031 0.0554618 0.0512502 0.0469979 0.0428547 0.0388792 0.0350227 0.0311342 0.0270196 0.0225591 0.0178276 0.0131266
 0.00684373 0.0112103 0.017046 0.0243524 0.0329181 0.0421756 0.0511762 0.0588289 0.0642963 0.0672557 0.0678627 0.0665351 0.0637558 0.0599798 0.0556021 0.0509437 0.0462446 0.0416623 0.0372681 0.0330411 0.0288763 0.0246356 0.0202421 0.015772 0.0114755
 0.00704771 0.0115481 0.0175657 0.0251019 0.0339348 0.0434698 0.0527157 0.0605346 0.0660553 0.0689437 0.0693667 0.0677639 0.0646436 0.060484 0.0556999 0.050628 0.0455193 0.0405403 0.0357754 0.0312274 0.0268298 0.0224911 0.0181687 0.0139387 0.0100058
 0.00725367 0.0118836 0.018072 0.0258178 0.0348894 0.0446708 0.0541363 0.0621078 0.0676812 0.070507 0.0707557 0.0688853 0.0654298 0.0608952 0.0557211 0.050262 0.0447801 0.0394498 0.0343658 0.0295501 0.0249677 0.020564 0.0163231 0.0123181 0.00871278
 0.00745868 0.0122179 0.0185763 0.0265298 0.0358346 0.0458501 0.0555133 0.0636064 0.0691973 0.07193 0.0719869 0.0698478 0.0660707 0.0611841 0.0556479 0.0498335 0.0440158 0.0383785 0.0330257 0.027995 0.0232755 0.0188405 0.0146931 0.0109005 0.00758995
 0.00753413 0.012352 0.0187998 0.0268792 0.0363457 0.0465457 0.0563915 0.0646348 0.0703166 0.0730641 0.073055 0.0707734 0.0667883 0.0616438 0.0558175 0.0496982 0.0435771 0.0376525 0.0320438 0.0268065 0.0219518 0.0174755 0.013394 0.00976751 0.00669151
 0.00758213 0.0124193 0.0188827 0.0269714 0.0364454 0.0466649 0.0565601 0.0648951 0.0707074 0.0736026 0.0737241 0.0715221 0.0675424 0.0623211 0.0563416 0.0500089 0.0436352 0.0374423 0.0315741 0.0261115 0.0210913 0.0165322 0.0124625 0.00893645 0.00602301
 0.00763096 0.0124933 0.0189835 0.0270955 0.0365838 0.0468041 0.0566857 0.064999 0.0707963 0.0737027 0.0738754 0.0717613 0.0678826 0.0627396 0.0567825 0.0503976 0.0438975 0.0375212 0.0314402 0.0257683 0.0205756 0.0159084 0.0118109 0.00833498 0.00552885
 0.00770931 0.0126082 0.019133 0.0272695 0.0367665 0.0469779 0.0568351 0.0651117 0.0708652 0.0737287 0.0738713 0.0717533 0.0679048 0.0628211 0.0569323 0.0505947 0.0440938 0.0376553 0.0314568 0.0256364 0.0202979 0.0155214 0.0113737 0.00791168 0.00517041
 0.00775862 0.0126918 0.0192643 0.0274606 0.0370222 0.0472887 0.0571723 0.0654307 0.0711181 0.0738805 0.0739109 0.0716949 0.0677813 0.0626744 0.0568012 0.0505041 0.0440451 0.0376252 0.0314061 0.0255261 0.0201071 0.0152566 0.0110667 0.00760636 0.00490614
 0.007812 0.0127704 0.0193679 0.0275851 0.0371627 0.047443 0.0573416 0.0656159 0.071313 0.0740674 0.0740625 0.0717843 0.0677937 0.0626141 0.0566905 0.0503737 0.0439215 0.0375193 0.0313101 0.0254194 0.0199692 0.01508 0.0108623 0.00739867 0.00472189
 0.00785168 0.0128339 0.0194611 0.0277114 0.0373211 0.0476256 0.0575335 0.0657978 0.0714679 0.074186 0.0741439 0.0718305 0.0678043 0.0625851 0.0566198 0.0502665 0.0437912 0.0373819 0.0311758 0.0252886 0.0198349 0.0149361 0.0107106 0.00725 0.00459087
 0.0078576 0.0128422 0.0194712 0.0277228 0.037334 0.0476423 0.0575578 0.0658346 0.0715196 0.074251 0.0742172 0.0719054 0.0678742 0.0626439 0.0566614 0.0502854 0.0437845 0.0373511 0.031126 0.0252246 0.0197594 0.0148505 0.0106181 0.00715757 0.00450765
 0.0078757 0.0128652 0.0194941 0.0277371 0.0373304 0.0476147 0.0575073 0.0657697 0.0714548 0.0742021 0.0741967 0.0719189 0.0679198 0.0627132 0.0567421 0.0503643 0.0438505 0.0373967 0.0311476 0.0252226 0.0197367 0.0148113 0.010568 0.00710344 0.00445674
 0.00789329 0.0128901 0.0195244 0.0277679 0.0373542 0.0476226 0.0574909 0.0657241 0.0713809 0.0741091 0.074101 0.0718404 0.0678751 0.0627107 0.0567794 0.0504307 0.0439304 0.0374745 0.0312114 0.0252653 0.0197563 0.01481 0.010551 0.00707749 0.00442871
 0.00792226 0.0129347 0.0195868 0.0278475 0.0374473 0.0477217 0.0575843 0.0657969 0.0714184 0.0741011 0.0740462 0.071748 0.0677626 0.0625994 0.0566879 0.0503697 0.043901 0.0374693 0.0312189 0.0252743 0.0197588 0.014803 0.0105354 0.00705695 0.0044076
 0.00790908 0.0129155 0.0195621 0.0278196 0.0374195 0.0476977 0.0575673 0.0657887 0.0714186 0.0741068 0.0740525 0.0717495 0.0677565 0.0625869 0.056675 0.0503647 0.0439102 0.0374944 0.0312557 0.0253148 0.0197946 0.0148283 0.0105484 0.00705967 0.00440388
 0.0078795 0.0128648 0.0194815 0.0277004 0.0372571 0.0474962 0.0573428 0.0655685 0.0712344 0.0739849 0.0740063 0.0717774 0.0678451 0.0627168 0.0568271 0.050524 0.0440678 0.0376454 0.0313966 0.0254412 0.0199017 0.0149119 0.0106076 0.00709689 0.00442413
 0.00785262 0.0128192 0.0194092 0.0275929 0.0371068 0.0472997 0.057105 0.0653046 0.0709695 0.0737505 0.0738337 0.0716909 0.0678549 0.0628172 0.056999 0.0507412 0.0443042 0.0378799 0.0316144 0.0256332 0.0200622 0.0150383 0.0107001 0.00715892 0.00446178
 0.00784693 0.0128044 0.0193767 0.0275311 0.037004 0.0471483 0.0569056 0.0650677 0.0707138 0.0734998 0.0736138 0.0715264 0.0677666 0.0628175 0.0570881 0.0509065 0.0445229 0.0381249 0.0318602 0.0258597 0.0202564 0.0151936 0.0108155 0.00723817 0.00451155
 0.00784296 0.0127987 0.019369 0.0275206 0.0369878 0.0471202 0.0568562 0.0649866 0.0705943 0.0733434 0.0734326 0.0713417 0.0676041 0.0627017 0.0570373 0.0509285 0.0446137 0.0382694 0.0320362 0.0260433 0.0204273 0.015338 0.0109271 0.007317 0.00456233
 0.00780706 0.0127413 0.0192848 0.0274062 0.0368431 0.0469507 0.0566735 0.0648066 0.0704328 0.073211 0.0733328 0.0712728 0.0675648 0.0626945 0.0570682 0.0510046 0.0447377 0.0384366 0.0322336 0.0262519 0.0206266 0.0155112 0.0110643 0.00741604 0.00462733
 0.00777341 0.0126858 0.0192 0.0272849 0.036681 0.0467489 0.0564414 0.064563 0.0702022 0.0730181 0.0731961 0.0712015 0.0675575 0.0627429 0.0571623 0.0511358 0.0449005 0.0386262 0.0324423 0.0264676 0.0208339 0.0156947 0.0112131 0.00752591 0.00470097
 0.00774013 0.0126286 0.0191081 0.0271471 0.0364881 0.0464989 0.0561439 0.0642398 0.0698845 0.0727393 0.0729857 0.0710795 0.0675323 0.062811 0.0573097 0.0513433 0.0451477 0.0388952 0.0327181 0.0267365 0.0210824 0.0159104 0.0113869 0.00765479 0.0047881
 0.00768121 0.0125346 0.01897 0.0269577 0.0362433 0.0462001 0.0558004 0.0638709 0.0695182 0.0724085 0.0727229 0.0709118 0.0674771 0.0628727 0.0574798 0.0516019 0.0454684 0.0392495 0.0330793 0.0270822 0.0213944 0.0161755 0.0115975 0.0078096 0.00489256
 0.00769057 0.0125417 0.0189659 0.0269285 0.0361742 0.0460798 0.0556261 0.0636495 0.0692642 0.0721412 0.0724636 0.070683 0.0673014 0.0627703 0.0574646 0.0516774 0.0456263 0.0394712 0.0333399 0.0273551 0.0216555 0.0164058 0.0117851 0.00795017 0.00498891
 0.00768066 0.0125338 0.0189683 0.0269522 0.0362268 0.0461586 0.0557135 0.0637158 0.0692779 0.0720813 0.072328 0.0704882 0.0670763 0.0625488 0.0572784 0.0515515 0.0455752 0.0394965 0.0334309 0.0274919 0.021814 0.0165629 0.0119231 0.00805909 0.00506636
 0.00763336 0.0124604 0.0188651 0.0268201 0.0360732 0.0459988 0.0555696 0.0636109 0.0692272 0.0720834 0.0723637 0.0705297 0.0671005 0.0625473 0.0572594 0.0515345 0.0455818 0.0395426 0.0335217 0.0276205 0.0219645 0.0167158 0.0120605 0.00816943 0.00514586
 0.00761535 0.0124269 0.018807 0.026727 0.0359368 0.0458182 0.0553557 0.0633877 0.0690266 0.0719364 0.0722903 0.0705324 0.0671641 0.0626456 0.057367 0.0516363 0.0456765 0.0396386 0.0336294 0.0277448 0.0221015 0.0168542 0.0121868 0.00827302 0.00522194
 0.00758781 0.0123854 0.0187503 0.026655 0.0358496 0.0457141 0.0552319 0.0632428 0.0688647 0.0717705 0.0721421 0.0704265 0.067119 0.0626667 0.0574448 0.0517514 0.0458085 0.0397742 0.0337637 0.0278781 0.0222334 0.0169808 0.0123006 0.00836667 0.00529162
 0.00758904 0.0123867 0.018751 0.0266541 0.0358461 0.045707 0.05522 0.0632236 0.0688338 0.0717224 0.072073 0.0703386 0.0670231 0.0625801 0.0573847 0.0517279 0.0458219 0.039817 0.033826 0.0279517 0.0223128 0.0170608 0.0123757 0.00843125 0.00534171
 0.00754514 0.0123197 0.0186584 0.0265369 0.0357086 0.0455569 0.0550679 0.0630825 0.0687171 0.0716401 0.0720293 0.0703308 0.0670443 0.0626231 0.0574456 0.0518065 0.0459194 0.0399319 0.0339532 0.0280832 0.02244 0.0171765 0.0124744 0.00850971 0.0053992
 0.00754915 0.0123214 0.0186524 0.0265155 0.0356643 0.0454861 0.0549737 0.0629745 0.0686087 0.0715443 0.0719551 0.0702823 0.0670215 0.0626229 0.0574642 0.051841 0.0459684 0.0399951 0.0340295 0.0281691 0.0225296 0.0172627 0.0125509 0.00857195 0.00544547
 0.00753608 0.0123032 0.0186303 0.0264916 0.0356401 0.0454601 0.0549409 0.0629284 0.0685451 0.0714651 0.0718696 0.0702039 0.0669627 0.0625914 0.0574615 0.0518641 0.0460123 0.0400549 0.0341009 0.028248 0.0226112 0.0173412 0.0126207 0.00862892 0.0054878
 0.00754029 0.0123098 0.0186399 0.0265049 0.0356576 0.0454825 0.0549679 0.0629574 0.0685703 0.0714781 0.0718616 0.0701701 0.0669055 0.0625204 0.0573898 0.0518039 0.0459713 0.0400359 0.0341028 0.0282673 0.0226429 0.0173797 0.0126601 0.00866412 0.00551573
 0.00752644 0.0122909 0.0186179 0.026484 0.0356429 0.045478 0.0549752 0.0629756 0.0685962 0.0715074 0.0718889 0.0701893 0.0669108 0.0625086 0.0573623 0.0517671 0.0459344 0.0400077 0.0340889 0.0282691 0.0226582 0.017404 0.0126879 0.00869061 0.00553757
 0.00750989 0.0122641 0.018578 0.0264293 0.0355741 0.0453996 0.0548963 0.0629085 0.068553 0.0714953 0.071908 0.0702329 0.0669678 0.0625676 0.0574141 0.0518067 0.045962 0.0400274 0.0341064 0.0282894 0.0226833 0.0174327 0.0127173 0.00871729 0.00555899
 0.00748487 0.012223 0.0185156 0.0263408 0.0354567 0.0452549 0.0547323 0.0627402 0.0684005 0.0713791 0.0718444 0.0702296 0.0670223 0.0626683 0.0575436 0.0519468 0.0460977 0.0401498 0.0342124 0.0283797 0.0227602 0.0174978 0.0127709 0.00875918 0.00558943
 0.00748997 0.0122274 0.0185148 0.0263281 0.0354243 0.0451963 0.0546453 0.0626278 0.0682714 0.0712465 0.0717242 0.0701381 0.0669729 0.0626674 0.0575895 0.0520297 0.0462029 0.0402622 0.03432 0.0284755 0.0228414 0.0175643 0.0128235 0.00879892 0.00561763
 0.00748997 0.0122274 0.0185148 0.0263281 0.0354243 0.0451963 0.0546453 0.0626278 0.0682714 0.0712465 0.0717242 0.0701381 0.0669729 0.0626674 0.0575895 0.0520297 0.0462029 0.0402622 0.03432 0.0284755 0.0228414 0.0175643 0.0128235 0.00879892 0.00561763
 0.00724575 0.0118444 0.0179661 0.0256011 0.0345274 0.044166 0.0535516 0.061572 0.0673682 0.0705982 0.071397 0.070152 0.0673046 0.063262 0.0583739 0.0529256 0.0471365 0.0411704 0.0351544 0.029203 0.0234444 0.0180385 0.0131757 0.00904439 0.00577686
 0.00718475 0.0117173 0.0177239 0.0251834 0.0338798 0.043267 0.0524359 0.0603344 0.0661443 0.0695309 0.0706065 0.0697165 0.067255 0.0635829 0.0590113 0.0537983 0.0481505 0.0422323 0.0361825 0.030134 0.0242366 0.0186722 0.0136509 0.00937671 0.00599223
 0.00717175 0.0116976 0.0176945 0.0251359 0.0337939 0.0431051 0.052146 0.0598656 0.0654738 0.068689 0.069683 0.0688427 0.0665662 0.063183 0.0589501 0.0540672 0.0486929 0.0429614 0.0370003 0.0309494 0.0249772 0.0192914 0.014129 0.00971741 0.00621548
 0.00717325 0.0117028 0.0177074 0.0251614 0.0338355 0.0431605 0.052201 0.0598899 0.0654212 0.0685075 0.0693346 0.0683277 0.0659381 0.0625424 0.0584169 0.0537429 0.0486307 0.0431555 0.0373954 0.0314616 0.0255189 0.0197905 0.01454 0.010023 0.00642146
 0.00711678 0.0116193 0.0175973 0.0250313 0.0336973 0.0430288 0.0520907 0.059812 0.0653779 0.0684859 0.0693052 0.0682504 0.0657795 0.0622963 0.0581176 0.0534612 0.0484495 0.0431378 0.0375603 0.0317795 0.0259259 0.020213 0.0149172 0.0103198 0.0066296
#pred catch len freq
 0.00421603 0.0066946 0.0098113 0.0135079 0.0177486 0.0224946 0.0276364 0.0329644 0.0382104 0.0431113 0.0474509 0.0510781 0.0539198 0.0559827 0.0573369 0.058095 0.0583936 0.0583638 0.0580585 0.0573344 0.0557607 0.0526848 0.04753 0.0402147 0.0314004
 0.0044603 0.00700913 0.0101352 0.0137414 0.0177907 0.0222962 0.0272365 0.0324798 0.03778 0.0428306 0.0473372 0.0510851 0.053985 0.0560746 0.0574748 0.0583326 0.0587769 0.0588844 0.0586286 0.057803 0.0559715 0.0525486 0.0470703 0.0395568 0.0307108
 0.00465148 0.00732477 0.0106129 0.0144026 0.0186168 0.0232044 0.028076 0.0330699 0.0379849 0.0426291 0.0468355 0.0504588 0.0533926 0.0556014 0.0571374 0.0581187 0.058678 0.0588926 0.0587084 0.0578719 0.0559179 0.052283 0.0465785 0.0389126 0.0300401
 0.00488036 0.00768077 0.0111214 0.0150836 0.0194883 0.0242809 0.0293522 0.0344907 0.0394196 0.0438782 0.0476852 0.0507657 0.0531467 0.054925 0.0562196 0.0571356 0.0577441 0.0580549 0.0579599 0.0571666 0.0551889 0.0514754 0.045685 0.037989 0.0291824
 0.00515554 0.00810963 0.0117331 0.0158952 0.0205056 0.0255001 0.0307581 0.0360519 0.0410815 0.0455514 0.0492342 0.0520125 0.0539063 0.0550679 0.0557279 0.0561134 0.0563715 0.056516 0.0563862 0.0556197 0.0536794 0.0500011 0.044267 0.0366852 0.0280696
 0.00546501 0.00859198 0.0124215 0.0168095 0.0216536 0.0268779 0.0323457 0.0378076 0.0429395 0.0474246 0.0510175 0.0535831 0.055124 0.055786 0.0558233 0.0555291 0.055147 0.0547815 0.0543202 0.0533955 0.0514342 0.0478377 0.0422741 0.0349486 0.0266613
 0.00580304 0.0091169 0.0131668 0.0177933 0.0228806 0.0283413 0.0340245 0.0396602 0.0449003 0.0494065 0.0529178 0.0552897 0.0565197 0.0567513 0.0562421 0.0553042 0.0542279 0.053192 0.0521681 0.0508558 0.048714 0.0451433 0.0397887 0.0328172 0.0249748
 0.00615161 0.00966365 0.0139533 0.0188475 0.0242153 0.0299516 0.0358813 0.0417043 0.0470444 0.0515444 0.0549362 0.0570775 0.0579724 0.0577716 0.0567389 0.0551933 0.0534424 0.0517051 0.0500208 0.0481743 0.0457047 0.0420626 0.0368966 0.0303282 0.023018
 0.00648259 0.0101855 0.0147099 0.0198723 0.0255306 0.0315651 0.0377766 0.0438312 0.049315 0.0538394 0.0571184 0.059009 0.0595301 0.0588559 0.0572728 0.0551155 0.0527026 0.0502727 0.0479088 0.0454698 0.0425876 0.0387938 0.0337718 0.0276098 0.0208735
 0.00678281 0.0106604 0.0154013 0.0208139 0.0267471 0.0330679 0.0395561 0.0458475 0.0514942 0.0560769 0.059288 0.060974 0.0611575 0.0600298 0.0579021 0.055134 0.052065 0.0489542 0.0459184 0.042877 0.0395485 0.0355538 0.030629 0.0248447 0.0186761
 0.00715226 0.0112269 0.0161921 0.0218367 0.0279964 0.0345337 0.0412245 0.0476933 0.0534698 0.0581066 0.0612692 0.0627871 0.0626792 0.0611467 0.0585196 0.0551796 0.0514878 0.0477263 0.0440455 0.0404197 0.0366467 0.0324345 0.0275769 0.0221379 0.016511
 0.00745295 0.0116976 0.0168669 0.0227358 0.0291242 0.0358767 0.0427478 0.0493409 0.0551725 0.0597937 0.0628752 0.064249 0.0639297 0.0621095 0.0591121 0.0553206 0.0511064 0.0467724 0.0425035 0.0383294 0.0341243 0.0296794 0.0248475 0.0196928 0.0145393
 0.00776251 0.0121822 0.0175623 0.0236651 0.0302966 0.0372848 0.0443608 0.0510972 0.0569801 0.0615414 0.0644518 0.065562 0.0649166 0.0627362 0.0593605 0.0551719 0.0505326 0.0457405 0.0409939 0.0363632 0.0317904 0.0271453 0.0223393 0.0174426 0.0127202
 0.00810846 0.0127168 0.0183159 0.0246499 0.0315089 0.0387076 0.0459611 0.0528199 0.0587451 0.0632474 0.0659868 0.0668188 0.0658091 0.0632121 0.0594035 0.0547917 0.0497475 0.0445645 0.0394388 0.0344579 0.0296087 0.0248234 0.0200646 0.0154112 0.0110805
 0.00840052 0.0131806 0.0189934 0.025573 0.0326938 0.0401467 0.0476132 0.0546058 0.0605561 0.064962 0.0674892 0.0680102 0.0666146 0.0635851 0.0593274 0.0542779 0.0488273 0.0432782 0.0378301 0.0325801 0.0275407 0.0226841 0.0180081 0.0135963 0.00962555
 0.008611 0.013516 0.0194868 0.026254 0.0335875 0.0412688 0.0489603 0.0561437 0.0622117 0.0666262 0.0690296 0.0692938 0.0675312 0.0640644 0.0593435 0.0538422 0.0479772 0.0420663 0.0363177 0.0308383 0.0256582 0.0207736 0.0162016 0.0120219 0.00837442
 0.00867684 0.0136349 0.0196885 0.0265757 0.0340682 0.0419397 0.0498335 0.0572061 0.0634238 0.0679251 0.070332 0.0705006 0.0685368 0.0647712 0.0596789 0.05377 0.0474993 0.0412172 0.0351559 0.0294405 0.0241183 0.019202 0.0147173 0.0107331 0.00735446
 0.00874982 0.0137446 0.0198388 0.026769 0.034312 0.0422524 0.0502463 0.0577534 0.0641275 0.0687771 0.071287 0.0714817 0.0694502 0.0655222 0.0601848 0.0539694 0.0473594 0.0407376 0.0343689 0.0284086 0.0229288 0.0179598 0.013532 0.0097008 0.00653786
 0.00873881 0.0137198 0.019789 0.0266809 0.0341752 0.0420682 0.0500363 0.0575636 0.0640238 0.0688315 0.0715568 0.0719876 0.070162 0.0663598 0.0610343 0.0547088 0.0478839 0.0409777 0.0342998 0.0280515 0.0223455 0.0172411 0.0127806 0.00901017 0.00597337
 0.0088042 0.0138063 0.019882 0.0267532 0.0341922 0.041999 0.0498642 0.0572949 0.0636912 0.0684933 0.0712901 0.071872 0.0702578 0.0666851 0.0615532 0.0553357 0.0485043 0.0414777 0.0345942 0.0281019 0.0221658 0.0168891 0.0123393 0.00856457 0.00558883
 0.00903122 0.0141387 0.0203133 0.0272507 0.0347028 0.04246 0.0502145 0.0574829 0.0636843 0.0682881 0.0709195 0.0714047 0.0697851 0.0662991 0.0613207 0.0552779 0.0485894 0.0416321 0.0347283 0.0281405 0.0220716 0.0166706 0.0120413 0.00824724 0.00530533
 0.00924851 0.0144718 0.020776 0.0278398 0.035396 0.0432149 0.0509676 0.0581531 0.0641847 0.0685454 0.070894 0.0711025 0.0692592 0.0656392 0.0606327 0.0546579 0.0480984 0.0412824 0.0344871 0.0279507 0.0218795 0.0164476 0.0117911 0.00799598 0.00508397
