SBPRF35
12.7214
Curr Bio
715982
B35
901192
F35
0.167458
FOFL
0.130758
OFL
77657
Bzero
3.63469e+006
#pred survey bio
 3.75442e+006 3.64127e+006 3.53317e+006 3.36411e+006 3.16598e+006 2.91308e+006 2.62787e+006 2.39047e+006 2.15608e+006 1.9237e+006 1.71787e+006 1.48168e+006 1.31809e+006 1.13955e+006 984292 867551 778965 725546 683984 654867 622664 591850 569811 561818 554239 552134 553708 552458 546247 553586 561801 571408 576769 585338 594240 616122 628563 632025 643515 657870 672036 687989 695363 708384 725323 728065 732176 731739 729649 720713 2.51251e+007 1.51312e+007 1.55095e+007 1.65462e+007 1.80293e+007 1.96879e+007 2.13133e+007 2.27801e+007 2.40324e+007 2.50614e+007 2.58841e+007 2.65296e+007 2.70293e+007 2.74128e+007 2.77056e+007 2.79286e+007 2.80983e+007 2.82276e+007 2.83264e+007 2.84022e+007 2.84604e+007 2.85055e+007 2.85405e+007 2.85678e+007 2.85892e+007 2.8606e+007 2.86193e+007 2.86299e+007 2.86382e+007 2.86449e+007 2.86503e+007 2.86546e+007 2.86581e+007 2.86609e+007 2.86631e+007 2.8665e+007 2.86665e+007 2.86677e+007 2.86687e+007 2.86695e+007 2.86701e+007 2.86706e+007 2.86711e+007 2.86714e+007 2.86717e+007 2.8672e+007 2.86722e+007 2.86723e+007 2.86724e+007 2.86726e+007 2.86726e+007 2.86727e+007 2.86728e+007 2.86728e+007 2.86729e+007 2.86729e+007 2.86729e+007 2.86729e+007 2.8673e+007 2.8673e+007 2.8673e+007 2.8673e+007 2.8673e+007 2.8673e+007 2.8673e+007 2.8673e+007 2.8673e+007 2.8673e+007 2.8673e+007 2.8673e+007 2.8673e+007 2.8673e+007 2.8673e+007 2.8673e+007 2.8673e+007 2.8673e+007 2.8673e+007 2.8673e+007 2.8673e+007 2.8673e+007 2.8673e+007 2.8673e+007 2.8673e+007 2.8673e+007 2.8673e+007 2.8673e+007 2.8673e+007 2.8673e+007 2.8673e+007 2.8673e+007 2.8673e+007 2.8673e+007 2.8673e+007 2.8673e+007 2.8673e+007 2.8673e+007 2.8673e+007 2.8673e+007 2.8673e+007 2.8673e+007 0 0 0 0 0 0 0 0 0 0 0 0 0 0 0 0 0 0 0 0 0 0 0 0 0
#obs survey bio
 3.3318e+006 5.00464e+006 3.30945e+006 3.614e+006 3.49429e+006 2.07136e+006 2.54008e+006 1.83185e+006 2.17249e+006 1.57711e+006 2.91495e+006 1.66944e+006 1.4569e+006 1.4403e+006 746298 793866 748945 457612 691954 835969 498588 510022 523469 748138 523335 741064 462769 671998 490539 672499 551028 333596 481338 491558 603664 774683 638108 559005 787952 637569 422739 483403 841168 870718 909834 581513 615423 818730 674406 608048
#pred catch bio
 98549.5 98039.2 160589 197432 261093 306718 280004 293617 306299 293927 328680 269045 285555 264937 229973 203517 170884 158164 144127 142588 137023 125865 111366 109238 103358 99543.6 101194 104245 92341.7 92421.5 92668.3 97682.6 95865.9 96479.8 87077.6 96757.3 105009 98854.2 97692.7 99468.3 99895.4 108356 103813 100947 112924 110876 113541 113121 115932 105691 77657 98088 99453 104858 113755 124031 134096 143072 150602 156650 161354 164926 167587 169542 170961 171982 172711 173228 173594 173852 174033 174159 174248 174310 174353 174383 174403 174418 174428 174435 174439 174443 174445 174446 174448 174448 174449 174449 174449 174450 174450 174450 174450 174450 174450 174450 174450 174450 174450 174450 174450 174450 174450 174450 174450 174450 174450 174450 174450 174450 174450 174450 174450 174450 174450 174450 174450 174450 174450 174450 174450 174450 174450 174450 174450 174450 174450 174450 174450 174450 174450 174450 174450 174450 174450 174450 174450 174450 174450 174450 174450 174450 174450 174450 174450 174450 174450 174450 174450 174450 0 0 0 0 0 0 0 0 0 0 0 0 0 0 0 0 0 0 0 0 0 0 0 0 0
#obs catch bio
 0 97648.1 160922 197292 261089 307586 279988 294765 307677 295966 330230 268478 287514 267372 233303 207214 173554 160991 145944 143168 137563 127263 112274 109496 103733 99928.9 101410 104485 92366 92355.4 92510.4 98629.5 96518.5 96990.3 87383.2 97070.8 105689 99506.1 98132.3 99709.6 100528 109607 104290 101030 113032 111087 113788 112910 115884 105624
#pred cpue bio
 3.70765e+006 3.59614e+006 3.48947e+006 3.32106e+006 3.1233e+006 2.87114e+006 2.58694e+006 2.35013e+006 2.11652e+006 1.8852e+006 1.68059e+006 1.4465e+006 1.28402e+006 1.10713e+006 953543 838121 750828 698425 657957 629914 598892 568997 547632 540095 532926 530979 532655 531597 525658 532860 540839 550020 555105 563521 572272 593658 605863 609231 620423 634472 648236 663675 670956 683941 700748 703611 707800 707647 705939 697792 2.4367e+007 1.46958e+007 1.49467e+007 1.58191e+007 1.72368e+007 1.88779e+007 2.04993e+007 2.19653e+007 2.32174e+007 2.42464e+007 2.50691e+007 2.57146e+007 2.62143e+007 2.65978e+007 2.68906e+007 2.71136e+007 2.72833e+007 2.74126e+007 2.75114e+007 2.75871e+007 2.76454e+007 2.76905e+007 2.77255e+007 2.77528e+007 2.77742e+007 2.7791e+007 2.78043e+007 2.78148e+007 2.78232e+007 2.78299e+007 2.78353e+007 2.78396e+007 2.7843e+007 2.78458e+007 2.78481e+007 2.785e+007 2.78514e+007 2.78527e+007 2.78536e+007 2.78544e+007 2.78551e+007 2.78556e+007 2.78561e+007 2.78564e+007 2.78567e+007 2.7857e+007 2.78571e+007 2.78573e+007 2.78574e+007 2.78575e+007 2.78576e+007 2.78577e+007 2.78578e+007 2.78578e+007 2.78578e+007 2.78579e+007 2.78579e+007 2.78579e+007 2.78579e+007 2.7858e+007 2.7858e+007 2.7858e+007 2.7858e+007 2.7858e+007 2.7858e+007 2.7858e+007 2.7858e+007 2.7858e+007 2.7858e+007 2.7858e+007 2.7858e+007 2.7858e+007 2.7858e+007 2.7858e+007 2.7858e+007 2.7858e+007 2.7858e+007 2.7858e+007 2.7858e+007 2.7858e+007 2.7858e+007 2.7858e+007 2.7858e+007 2.7858e+007 2.7858e+007 2.7858e+007 2.7858e+007 2.7858e+007 2.7858e+007 2.7858e+007 2.7858e+007 2.7858e+007 2.7858e+007 2.7858e+007 2.7858e+007 2.7858e+007 2.7858e+007 2.7858e+007 2.7858e+007 2.7858e+007 0 0 0 0 0 0 0 0 0 0 0 0 0 0 0 0 0 0 0 0 0 0 0 0 0
#obs cpue bio
 4.76723e+006 3.26866e+006 3.31721e+006 3.10519e+006 3.1837e+006 3.0568e+006 2.61337e+006 2.18182e+006 2.0992e+006 1.49507e+006 1.56737e+006 1.47641e+006 767244 682552 757540 605782 606079 782796 655255 773297 707453 378015 548795 587125 473234 356437 704870 460305 565654 503766 581300 392207 689974 745956 471335 542975 470468 532087 553966 758840 630135 637589 800827 675776 658506 712697 842728 869847 765392 775418
#pred surv len freq
 0.00468206 0.00760651 0.0114584 0.0162261 0.0218048 0.0279205 0.0341004 0.0397839 0.0445292 0.0481553 0.050724 0.0524228 0.0534588 0.0540095 0.0542133 0.0541765 0.0539881 0.0537172 0.0533609 0.0527396 0.0514094 0.0487195 0.044091 0.0374142 0.029288
 0.00482564 0.00776664 0.011568 0.0161884 0.021532 0.0273885 0.0333835 0.0390393 0.0439317 0.0478196 0.0506652 0.0525739 0.0537278 0.0543358 0.0545912 0.0546401 0.0545694 0.0544005 0.0540599 0.0533133 0.0517155 0.0486802 0.0437336 0.036859 0.0286914
 0.00501017 0.0080637 0.0120037 0.0167694 0.022227 0.0281104 0.0339919 0.0393784 0.0438993 0.0474271 0.050042 0.0519062 0.0531722 0.0539662 0.0544061 0.0546064 0.054657 0.0545835 0.0542913 0.0535076 0.0517657 0.0485056 0.043326 0.0362933 0.0280899
 0.00519167 0.00836137 0.0124568 0.0174166 0.0230973 0.0292075 0.0352719 0.0407343 0.0451637 0.0484065 0.0505755 0.051927 0.0527359 0.0532249 0.0535413 0.0537631 0.0539126 0.0539526 0.0537435 0.052983 0.0511925 0.0478295 0.0425431 0.0354617 0.0273062
 0.00538788 0.00867576 0.0129223 0.018063 0.0239489 0.0302775 0.0365527 0.0421868 0.0467092 0.0499236 0.0519062 0.0529001 0.0532098 0.0531375 0.052937 0.0527767 0.052716 0.0526929 0.0525057 0.0517873 0.0500196 0.0466584 0.0413844 0.0343679 0.0263529
 0.00563378 0.00907095 0.0135086 0.0188764 0.0250137 0.0315963 0.0380973 0.0438945 0.0484911 0.0516768 0.0535212 0.0542588 0.0541855 0.0536089 0.0528207 0.0520626 0.0514808 0.0510787 0.0506726 0.0498693 0.0481085 0.0448181 0.0396759 0.0328618 0.0251171
 0.00594679 0.00956855 0.0142368 0.0198714 0.0262966 0.0331649 0.0399154 0.0458869 0.0505505 0.0536815 0.0553519 0.0558074 0.0553546 0.0543068 0.0529637 0.0515891 0.0503767 0.049398 0.0485366 0.047443 0.045569 0.0423323 0.0373918 0.0309007 0.0235591
 0.00620659 0.00998684 0.0148591 0.0207381 0.0274369 0.0345865 0.0415931 0.0477577 0.0525208 0.0556427 0.0571949 0.0574307 0.0566645 0.055216 0.0533893 0.0514559 0.0496302 0.048026 0.0465916 0.0450507 0.0429165 0.0396397 0.0348752 0.0287364 0.0218542
 0.00646335 0.0104017 0.0154791 0.021606 0.0285846 0.0360238 0.0432949 0.0496583 0.054522 0.0576303 0.0590565 0.0590652 0.0579857 0.0561494 0.0538675 0.0514147 0.0490119 0.0467941 0.0447559 0.0426931 0.0402015 0.036799 0.0321652 0.026381 0.0199951
 0.00668954 0.010775 0.0160512 0.0224294 0.0297023 0.0374543 0.0450153 0.0515986 0.0565737 0.0596675 0.0609558 0.0607189 0.0593061 0.0570684 0.054331 0.0513757 0.0484263 0.045627 0.0430016 0.0404047 0.0375154 0.0339342 0.029387 0.0239376 0.0180533
 0.0068916 0.0111012 0.016539 0.0231147 0.0306167 0.0386177 0.046426 0.0532244 0.05835 0.0615023 0.0627406 0.0623407 0.0606604 0.0580678 0.0549074 0.0514774 0.0480115 0.0446642 0.0414816 0.0383656 0.0350696 0.0312764 0.0267679 0.0216041 0.016181
 0.00735447 0.0118163 0.0175455 0.0244242 0.0322126 0.0404569 0.0484373 0.055309 0.0603926 0.0633894 0.0643757 0.0636509 0.0615928 0.0585842 0.0549803 0.0510858 0.0471387 0.0432979 0.0396247 0.036058 0.0324147 0.0284545 0.0240165 0.0191628 0.0142242
 0.00760815 0.0122385 0.0181976 0.0253661 0.033486 0.0420616 0.0503114 0.0573292 0.0624015 0.0652359 0.0659466 0.0648791 0.062447 0.0590517 0.0550531 0.0507533 0.0463867 0.0421132 0.0380066 0.0340389 0.0300827 0.0259654 0.0215782 0.0169887 0.012473
 0.00795159 0.0127878 0.0190081 0.0264844 0.0349433 0.0438606 0.0524091 0.0596252 0.0647416 0.067434 0.0678186 0.0662769 0.0632834 0.0593069 0.0547602 0.0499712 0.0451736 0.0405141 0.036058 0.0317889 0.0276176 0.0234248 0.0191452 0.0148499 0.0107651
 0.00831454 0.0133626 0.0198449 0.0276194 0.0363929 0.0456119 0.0544093 0.0617775 0.0669147 0.0694817 0.069598 0.067661 0.0641715 0.0596357 0.0545134 0.0491787 0.0438987 0.0388337 0.0340504 0.0295356 0.0252183 0.0210114 0.0168763 0.0128813 0.00920669
 0.00848388 0.0136536 0.0203116 0.0283214 0.0373813 0.0469084 0.0559862 0.0635527 0.0687665 0.0712751 0.0712078 0.0689828 0.0651222 0.0601531 0.0545574 0.0487369 0.0429896 0.037506 0.0323771 0.0276093 0.023151 0.0189352 0.0149352 0.0112073 0.00788832
 0.00860949 0.0138506 0.0205964 0.0287093 0.03789 0.0475601 0.0568039 0.0645485 0.0699268 0.0725496 0.0725096 0.0702024 0.0661487 0.060892 0.0549406 0.0487237 0.0425672 0.0366897 0.0312121 0.0261715 0.0215449 0.0172871 0.0133788 0.0098602 0.00682701
 0.00860202 0.0138431 0.0205942 0.0287213 0.0379288 0.0476413 0.0569467 0.0647772 0.0702708 0.0730375 0.0731565 0.0709943 0.0670318 0.0617761 0.0557155 0.049283 0.042828 0.0366061 0.0307808 0.0254326 0.0205785 0.0162035 0.0123002 0.00889672 0.00605333
 0.00852822 0.0137365 0.0204586 0.0285699 0.0377811 0.0475191 0.0568703 0.0647647 0.0703386 0.0732021 0.0734338 0.0713958 0.067557 0.0624012 0.0563869 0.0499192 0.0433346 0.0368976 0.0308022 0.0251743 0.0200798 0.015545 0.0115845 0.00822355 0.00549548
 0.00852841 0.0137178 0.0203965 0.0284328 0.0375426 0.0471744 0.0564493 0.0643297 0.0699673 0.0729636 0.073372 0.0715256 0.0678701 0.0628732 0.0569778 0.0505714 0.0439729 0.0374373 0.0311665 0.0253151 0.0199932 0.0152727 0.011202 0.00781561 0.00513214
 0.00866258 0.0139166 0.0206583 0.0287393 0.0378586 0.0474517 0.0566339 0.0643745 0.0698495 0.0726991 0.0730169 0.0711604 0.0675739 0.0627014 0.0569522 0.0506802 0.0441758 0.0376734 0.0313665 0.0254181 0.0199644 0.0151153 0.0109538 0.00753346 0.00487012
 0.00870868 0.0140046 0.0208137 0.0289904 0.0382255 0.0479301 0.0571822 0.064915 0.0702864 0.0729483 0.0730334 0.0709521 0.0671983 0.0622466 0.0565094 0.0503188 0.043928 0.0375316 0.0312924 0.0253598 0.0198766 0.0149753 0.0107673 0.00732759 0.00467804
 0.0087052 0.0139961 0.020797 0.0289649 0.0381979 0.0479194 0.0572189 0.065031 0.0704965 0.0732334 0.0733384 0.0712042 0.0673361 0.0622456 0.0563902 0.0501345 0.0437389 0.0373813 0.0311942 0.0252989 0.019824 0.0149055 0.0106709 0.00721313 0.004564
 0.00873374 0.0140199 0.0207915 0.0288947 0.0380278 0.0476321 0.0568308 0.0645958 0.0700939 0.072946 0.0732255 0.0712815 0.0675712 0.062571 0.0567308 0.050435 0.043978 0.0375659 0.0313421 0.0254215 0.0199201 0.014967 0.010693 0.00720073 0.00453047
 0.00878254 0.0140952 0.0208957 0.0290232 0.038165 0.0477486 0.0568853 0.0645462 0.0699162 0.072653 0.072871 0.0709454 0.0673291 0.0624657 0.0567598 0.0505593 0.0441451 0.0377325 0.0314848 0.0255336 0.0200023 0.0150207 0.0107193 0.00720338 0.0045171
 0.00873622 0.0140296 0.0208151 0.0289379 0.0380886 0.0476928 0.0568542 0.0645328 0.0699024 0.0726143 0.0727884 0.0708176 0.0671799 0.0623383 0.0566981 0.0505881 0.0442594 0.0379034 0.0316746 0.0257107 0.0201479 0.0151277 0.0107888 0.00724118 0.00453187
 0.00869878 0.0139636 0.0207072 0.0287749 0.0378633 0.047412 0.0565438 0.0642346 0.0696612 0.0724615 0.0727305 0.0708376 0.0672499 0.0624351 0.0568142 0.0507301 0.0444374 0.0381182 0.0319123 0.0259476 0.0203597 0.0152979 0.0109116 0.00732029 0.00457657
 0.00867336 0.0139263 0.0206578 0.0287141 0.0377902 0.0473219 0.0564287 0.0640876 0.0694847 0.0722719 0.0725561 0.0707085 0.0671849 0.0624363 0.05687 0.0508255 0.0445621 0.0382669 0.03208 0.0261241 0.0205299 0.015446 0.011027 0.00740035 0.00462572
 0.00877277 0.0140674 0.0208325 0.0289019 0.0379646 0.0474591 0.0565139 0.0641158 0.0694553 0.0721857 0.0724161 0.0705244 0.0669762 0.0622288 0.0566886 0.0506868 0.0444723 0.0382246 0.0320794 0.0261564 0.0205835 0.0155076 0.0110844 0.0074456 0.00465632
 0.00880528 0.0141113 0.0208814 0.0289432 0.0379808 0.0474326 0.056432 0.0639755 0.0692664 0.0719706 0.0722047 0.0703452 0.0668488 0.0621609 0.0566787 0.0507285 0.0445571 0.0383429 0.0322199 0.0263068 0.0207311 0.0156408 0.0111946 0.00752843 0.00471243
 0.00891348 0.014267 0.0210781 0.0291606 0.0381899 0.0476024 0.0565367 0.0639977 0.069199 0.0718176 0.0719827 0.0700821 0.0665789 0.061917 0.0564851 0.0505973 0.0444892 0.0383311 0.0322527 0.0263705 0.0208114 0.0157243 0.0112702 0.00758914 0.00475583
 0.00882989 0.0141649 0.0209857 0.029122 0.0382491 0.0477805 0.0568147 0.0643183 0.0694878 0.072011 0.0720478 0.0700207 0.0664185 0.0616985 0.0562509 0.0503833 0.0443197 0.0382173 0.032194 0.0263581 0.020832 0.0157634 0.0113148 0.00762976 0.00478736
 0.00873279 0.0140176 0.0207855 0.0288787 0.0379884 0.0475451 0.0566598 0.0642968 0.0696274 0.072295 0.0724137 0.0703823 0.0666995 0.0618581 0.0562905 0.0503349 0.0442272 0.0381203 0.0321191 0.0263165 0.0208225 0.0157774 0.011341 0.00765829 0.0048117
 0.00873175 0.0139977 0.0207226 0.0287411 0.0377475 0.047192 0.0562198 0.063832 0.0692231 0.0720348 0.0723516 0.0705241 0.0670006 0.0622411 0.0566735 0.0506589 0.0444686 0.0382867 0.0322341 0.0264044 0.0208992 0.0158482 0.0114047 0.00771105 0.00485117
 0.00873052 0.0139977 0.020725 0.0287445 0.0377439 0.0471629 0.0561371 0.063668 0.0689676 0.0717106 0.0720162 0.0702534 0.0668598 0.062258 0.0568296 0.0509009 0.0447339 0.0385269 0.0324266 0.0265491 0.0210071 0.0159312 0.01147 0.00776162 0.00488802
 0.00862931 0.0138387 0.0204966 0.0284418 0.0373711 0.0467367 0.0556869 0.0632316 0.0685812 0.0713993 0.0717931 0.0701273 0.0668442 0.0623704 0.0570796 0.0512762 0.0451957 0.0390195 0.0328956 0.0269563 0.021336 0.0161821 0.0116524 0.00788791 0.00497053
 0.0086079 0.013804 0.0204444 0.0283673 0.0372694 0.0466028 0.0555182 0.0630302 0.0683559 0.0711653 0.0715695 0.0699331 0.0666963 0.0622848 0.0570717 0.0513581 0.0453682 0.0392664 0.0331846 0.0272489 0.0215993 0.0163969 0.0118135 0.00800001 0.00504314
 0.00861784 0.0138242 0.0204817 0.0284294 0.0373613 0.0467219 0.0556505 0.0631509 0.0684351 0.0711774 0.0715012 0.0697877 0.0664927 0.0620525 0.0568453 0.0511705 0.0452452 0.0392206 0.0332121 0.027331 0.0217091 0.0165085 0.0119092 0.00807211 0.00509186
 0.00857809 0.0137593 0.0203845 0.0282949 0.0371903 0.046525 0.0554496 0.0629752 0.0683118 0.0711204 0.0715056 0.0698331 0.0665539 0.0621104 0.0568935 0.0512153 0.0453007 0.0393011 0.033325 0.0274725 0.0218652 0.0166604 0.0120403 0.00817287 0.00516124
 0.00862645 0.0138181 0.0204364 0.0283117 0.0371407 0.0463869 0.0552219 0.0626812 0.067994 0.0708282 0.0712821 0.0697044 0.0665235 0.0621617 0.056999 0.0513486 0.0454447 0.03945 0.0334796 0.0276333 0.0220274 0.016814 0.0121735 0.00827749 0.00523511
 0.00862319 0.0138226 0.0204597 0.0283667 0.0372336 0.046508 0.0553401 0.0627511 0.0679736 0.0707005 0.0710649 0.069444 0.0662755 0.061971 0.0568869 0.051313 0.045469 0.0395142 0.0335679 0.0277354 0.022136 0.0169211 0.0122706 0.00835728 0.00529394
 0.00843143 0.0135487 0.0201185 0.0279973 0.036891 0.046246 0.0551956 0.0627343 0.0680666 0.0708618 0.0712424 0.0695929 0.0663747 0.0620278 0.0569285 0.0513692 0.0455582 0.0396385 0.0337173 0.0278955 0.022293 0.0170642 0.012392 0.00845241 0.00536218
 0.00834282 0.0134007 0.0198903 0.0276728 0.0364687 0.0457515 0.0546884 0.0622992 0.0677869 0.0707874 0.0713701 0.0698698 0.066723 0.0623754 0.0572311 0.0516161 0.0457626 0.0398213 0.0338939 0.0280698 0.0224601 0.0172153 0.0125191 0.00855114 0.00543239
 0.00829797 0.0133196 0.0197528 0.0274543 0.0361453 0.0453096 0.054136 0.0616743 0.0671584 0.0702446 0.0710012 0.0697361 0.0668374 0.0626987 0.0576888 0.0521268 0.0462631 0.0402775 0.0342954 0.0284181 0.0227578 0.0174626 0.012715 0.00869651 0.00553217
 0.00821247 0.013189 0.0195711 0.0272198 0.0358578 0.044968 0.053738 0.0612213 0.0666626 0.0697365 0.070533 0.0693746 0.0666485 0.0627251 0.0579331 0.052549 0.0467951 0.0408458 0.0348411 0.0289051 0.0231697 0.0177952 0.0129704 0.00888127 0.00565651
 0.00817134 0.0131299 0.0194964 0.0271363 0.035774 0.0448895 0.0536636 0.0611408 0.0665583 0.0695889 0.0703292 0.0691201 0.066373 0.06248 0.0577758 0.052522 0.046909 0.041077 0.0351436 0.0292285 0.0234735 0.0180546 0.0131752 0.00903131 0.00575824
 0.00805796 0.0129607 0.0192703 0.0268631 0.0354733 0.0445865 0.0533855 0.0609127 0.0663976 0.0694993 0.0702988 0.0691251 0.0663895 0.0624967 0.0578014 0.0525818 0.0470318 0.0412784 0.0354161 0.0295433 0.0237923 0.0183429 0.0134108 0.00920674 0.00587747
 0.00798303 0.0128399 0.0190914 0.0266172 0.0351592 0.0442159 0.0529867 0.0605284 0.0660755 0.0692778 0.0701961 0.0691356 0.0664884 0.0626509 0.0579821 0.0527739 0.0472364 0.0415063 0.0356757 0.0298303 0.0240881 0.018621 0.0136475 0.00938877 0.00600397
 0.00770705 0.0124411 0.018583 0.0260423 0.0345763 0.0436783 0.0525267 0.0601573 0.0657953 0.0690933 0.0701188 0.0691781 0.0666541 0.0629269 0.0583403 0.0531799 0.04766 0.0419287 0.036088 0.0302271 0.0244604 0.0189542 0.0139262 0.009603 0.00615383
 0.00723315 0.0117316 0.0176307 0.0248863 0.033298 0.0423881 0.0513498 0.0592155 0.0651824 0.0688514 0.0702296 0.0695778 0.067263 0.0636732 0.0591687 0.0540473 0.0485297 0.0427683 0.0368716 0.0309356 0.0250797 0.0194739 0.0143396 0.00991034 0.00636455
#obs surv len freq
 nan nan nan nan nan nan nan nan nan nan nan nan nan nan nan nan nan nan nan nan nan nan nan nan nan
 0.00448499 0.00734651 0.0111767 0.0159932 0.0216941 0.0279696 0.0342837 0.0400148 0.0446941 0.0481575 0.050515 0.0520105 0.0529024 0.0534144 0.0537285 0.0539832 0.0542616 0.0545542 0.0546929 0.0542848 0.0527229 0.0493551 0.043805 0.0362852 0.0276691
 0.00461677 0.00756293 0.0115061 0.0164622 0.022321 0.0287545 0.0351978 0.0409987 0.0456658 0.0490288 0.0512084 0.0524705 0.0531012 0.0533517 0.0534265 0.0534796 0.0536001 0.0537779 0.0538409 0.0533944 0.051833 0.0485092 0.0430482 0.0356557 0.027188
 0.00477909 0.00782846 0.0119089 0.0170352 0.0230898 0.0297272 0.0363541 0.0422839 0.0469956 0.0503025 0.0523234 0.0533357 0.0536467 0.0535366 0.0532425 0.0529486 0.0527678 0.0527039 0.0525921 0.0520411 0.0504509 0.0471789 0.0418498 0.0346552 0.0264219
 0.00497269 0.00814483 0.012388 0.0177156 0.0240009 0.0308784 0.0377223 0.043809 0.0485879 0.0518574 0.0537358 0.0545081 0.054494 0.0539911 0.0532602 0.0525154 0.0519021 0.0514552 0.0510363 0.0502764 0.0485934 0.0453567 0.0401892 0.0332596 0.0253493
 0.00518376 0.00849093 0.0129145 0.0184667 0.0250116 0.0321607 0.0392519 0.0455199 0.0503815 0.0536206 0.0553578 0.0558896 0.0555492 0.0546476 0.0534602 0.0522197 0.051097 0.0501607 0.0493125 0.0482268 0.0463617 0.0431151 0.0381143 0.0314984 0.0239874
 0.00541182 0.00886414 0.0134809 0.0192729 0.0260944 0.0335337 0.0408908 0.0473569 0.052314 0.0555297 0.0571266 0.0574137 0.0567406 0.0554335 0.053781 0.0520285 0.0503631 0.0488793 0.0475194 0.0460122 0.0438766 0.0405603 0.0357085 0.0294314 0.0223761
 0.00564664 0.00924861 0.0140647 0.0201043 0.0272116 0.0349503 0.0425813 0.0492512 0.0543068 0.0575006 0.0589583 0.0590025 0.0579994 0.0562903 0.0541765 0.0519137 0.0496998 0.0476483 0.0457363 0.0437489 0.0412765 0.0378334 0.0330989 0.0271613 0.0205899
 0.00588119 0.00963317 0.0146496 0.0209388 0.0283345 0.0363757 0.0442833 0.0511582 0.0563118 0.0594812 0.0607964 0.0605957 0.0592635 0.057158 0.0545934 0.0518339 0.049085 0.0464728 0.0440031 0.0415134 0.0386679 0.0350574 0.0304074 0.024794 0.0187105
 0.00612231 0.0100291 0.0152528 0.0218005 0.0294949 0.0378479 0.0460371 0.053115 0.0583558 0.0614821 0.0626312 0.062161 0.0604792 0.0579649 0.0549481 0.0517024 0.0484382 0.0452894 0.0422831 0.0393018 0.0360803 0.0322876 0.0277026 0.0223975 0.016795
 0.0063689 0.0104304 0.0158578 0.0226552 0.0306343 0.0392825 0.0477386 0.0550105 0.0603362 0.0634224 0.0644097 0.0636732 0.0616427 0.0587207 0.0552565 0.051537 0.0477799 0.0441256 0.0406175 0.0371758 0.0335978 0.0296263 0.0250944 0.0200758 0.0149302
 0.00658931 0.0107975 0.016426 0.02348 0.0317596 0.0407219 0.0494573 0.0569208 0.0623131 0.0653301 0.0661256 0.0650995 0.0627082 0.0593769 0.0554732 0.0512967 0.0470731 0.0429495 0.0389833 0.0351265 0.0312296 0.0271013 0.0226244 0.0178763 0.0131604
 0.00682543 0.0111818 0.0170054 0.0242991 0.032853 0.042101 0.0510961 0.058748 0.0642188 0.0671837 0.0677976 0.0664784 0.0637115 0.0599542 0.0556021 0.0509737 0.0463048 0.0417481 0.0373715 0.0331519 0.0289845 0.0247329 0.020323 0.0158341 0.0115195
 0.0070708 0.0115836 0.0176152 0.0251651 0.034009 0.0435502 0.0527947 0.0606028 0.0661027 0.0689621 0.0693515 0.067715 0.0645657 0.060386 0.0555943 0.0505284 0.0454377 0.0404844 0.0357468 0.0312221 0.0268405 0.0225096 0.0181884 0.0139554 0.0100178
 0.00729738 0.0119563 0.0181839 0.0259781 0.035103 0.0449329 0.054429 0.0624005 0.067937 0.0706927 0.0708494 0.0688801 0.0653325 0.0607229 0.0554968 0.0500112 0.0445271 0.0392147 0.0341622 0.0293842 0.024839 0.0204678 0.0162533 0.0122689 0.00867936
 0.00745002 0.0122115 0.0185813 0.0265597 0.0359049 0.0459729 0.0556919 0.0638326 0.069451 0.0721822 0.0722053 0.070003 0.0661424 0.0611656 0.0555465 0.0496678 0.0438106 0.0381594 0.0328151 0.0278087 0.0231219 0.0187214 0.0146055 0.0108394 0.00754946
 0.00751976 0.0123242 0.0187504 0.0268002 0.036234 0.0464092 0.0562529 0.0645281 0.0702762 0.0731118 0.0731898 0.0709717 0.0670121 0.0618524 0.0559781 0.0497935 0.0436059 0.037627 0.0319834 0.0267315 0.0218785 0.0174139 0.0133478 0.00973603 0.00667172
 0.0076 0.012448 0.0189245 0.0270267 0.0365108 0.0467317 0.0566148 0.0649241 0.0707043 0.073574 0.0736894 0.0715042 0.0675563 0.0623656 0.0564003 0.0500582 0.043655 0.0374234 0.0315196 0.0260337 0.0210059 0.0164527 0.0123974 0.00888853 0.00599105
 0.00769163 0.0125876 0.0191169 0.0272696 0.0367953 0.0470433 0.0569353 0.0652337 0.0709868 0.0738223 0.0739088 0.0717101 0.0677653 0.0625844 0.0566164 0.050237 0.0437462 0.0373748 0.0312939 0.0256221 0.0204353 0.0157829 0.0117077 0.00825732 0.00547564
 0.00772832 0.0126491 0.0192126 0.0274082 0.0369817 0.0472742 0.0571963 0.0655005 0.0712321 0.074025 0.0740609 0.0718182 0.0678461 0.0626571 0.0566932 0.0503155 0.0438055 0.0373788 0.0312029 0.0254089 0.0200989 0.0153535 0.0112394 0.00781153 0.00510165
 0.00776272 0.0126951 0.019264 0.0274546 0.037013 0.0472874 0.0571993 0.0655099 0.0712653 0.0740917 0.0741587 0.0719361 0.0679715 0.0627821 0.0568154 0.0504335 0.0439123 0.0374571 0.0312269 0.0253532 0.0199512 0.0151236 0.0109595 0.00752575 0.00485019
 0.00781927 0.0127832 0.0193885 0.0276156 0.0372033 0.0474911 0.057392 0.0656644 0.0713603 0.0741216 0.0741353 0.0718821 0.0679098 0.0627274 0.0567733 0.0504034 0.0438893 0.0374322 0.0311858 0.0252791 0.0198313 0.0149574 0.010762 0.00732304 0.0046694
 0.00785177 0.0128336 0.0194598 0.0277088 0.0373174 0.0476224 0.0575333 0.0658036 0.0714819 0.074209 0.0741767 0.0718751 0.0678631 0.0626578 0.0566989 0.0503374 0.0438366 0.0373892 0.031143 0.0252237 0.0197525 0.0148514 0.0106351 0.00719012 0.00454811
 0.00788267 0.0128778 0.0195154 0.0277702 0.0373777 0.0476758 0.0575775 0.0658402 0.071514 0.074239 0.0742039 0.0718956 0.0678717 0.0626513 0.0566788 0.0503092 0.0438071 0.0373623 0.0311172 0.025193 0.0197092 0.0147911 0.0105599 0.00710832 0.00447097
 0.00788467 0.0128817 0.0195221 0.0277806 0.0373912 0.0476901 0.057588 0.065842 0.0715048 0.0742214 0.0741853 0.0718849 0.0678748 0.0626683 0.0567049 0.050338 0.0438335 0.0373838 0.031132 0.0251987 0.0197026 0.0147698 0.010525 0.00706494 0.0044267
 0.00789736 0.0128966 0.0195343 0.0277823 0.0373749 0.0476519 0.0575308 0.0657747 0.0714389 0.0741664 0.0741472 0.0718661 0.0678761 0.0626895 0.0567442 0.0503907 0.043893 0.0374427 0.0311839 0.0252387 0.0197278 0.0147789 0.0105192 0.00704853 0.00440537
 0.00790494 0.0129079 0.0195489 0.0277985 0.0373888 0.0476574 0.0575208 0.0657429 0.0713835 0.074093 0.0740675 0.0717949 0.067826 0.0626674 0.0567508 0.0504219 0.0439418 0.0375007 0.0312426 0.0252909 0.0197678 0.0148043 0.0105303 0.0070482 0.00439811
 0.00788698 0.0128791 0.0195065 0.0277406 0.0373149 0.04757 0.057425 0.0656465 0.0712947 0.0740183 0.0740114 0.0717606 0.0678166 0.0626858 0.056798 0.0504958 0.0440361 0.0376064 0.0313494 0.025389 0.01985 0.0148663 0.0105717 0.00707175 0.00440858
 0.00787899 0.0128611 0.0194705 0.0276765 0.0372141 0.0474294 0.0572517 0.0654575 0.0711132 0.073867 0.0739069 0.0717107 0.0678207 0.0627381 0.0568897 0.0506176 0.0441784 0.0377588 0.0315014 0.0255301 0.0199715 0.0149627 0.0106414 0.00711716 0.00443482
 0.00788154 0.0128635 0.0194706 0.0276702 0.0371952 0.0473904 0.0571852 0.0653589 0.0709843 0.0737182 0.0737567 0.0715809 0.0677306 0.062699 0.0569035 0.050678 0.0442745 0.0378781 0.0316308 0.0256577 0.0200869 0.0150585 0.010714 0.00716706 0.00446564
 0.00783879 0.0127945 0.0193678 0.0275278 0.0370112 0.0471691 0.0569394 0.0651091 0.070754 0.0735285 0.0736222 0.0715096 0.0677258 0.0627601 0.0570262 0.0508531 0.0444879 0.0381124 0.0318681 0.0258814 0.0202838 0.0152198 0.0108366 0.00725267 0.00452023
 0.00782378 0.0127667 0.0193196 0.0274503 0.0368958 0.0470116 0.0567428 0.0648858 0.0705235 0.0733137 0.0734446 0.071386 0.0676662 0.0627675 0.0570978 0.0509814 0.0446619 0.0383177 0.0320876 0.0260976 0.0204808 0.015386 0.0109658 0.007345 0.00458043
 0.00780243 0.0127309 0.0192638 0.0273682 0.0367819 0.0468626 0.05656 0.0646764 0.0703011 0.0730963 0.0732527 0.0712394 0.0675803 0.0627513 0.0571524 0.0511008 0.0448342 0.0385273 0.0323167 0.0263275 0.0206941 0.015569 0.0111106 0.00745004 0.00464998
 0.00776986 0.0126785 0.019186 0.0272604 0.0366412 0.0466898 0.0563608 0.0644618 0.0700857 0.0728962 0.0730827 0.0711125 0.067507 0.0627391 0.0572047 0.0512156 0.0450037 0.0387381 0.0325516 0.0265672 0.0209199 0.0157656 0.0112683 0.00756604 0.00472779
 0.00772751 0.0126095 0.0190822 0.0271146 0.0364496 0.0464544 0.0560928 0.064181 0.0698173 0.0726648 0.0729074 0.0710046 0.0674707 0.0627733 0.0573049 0.0513748 0.0452123 0.0389836 0.0328181 0.0268363 0.021173 0.0159865 0.0114463 0.00769781 0.00481683
 0.00768011 0.0125325 0.0189664 0.0269518 0.0362348 0.0461887 0.0557864 0.0638545 0.0694988 0.0723843 0.0726913 0.0708714 0.0674291 0.0628225 0.0574362 0.0515747 0.0454649 0.0392716 0.0331233 0.0271397 0.021456 0.0162329 0.0116452 0.00784558 0.00491718
 0.00767817 0.0125243 0.0189445 0.0269059 0.0361536 0.0460638 0.0556156 0.0636436 0.069261 0.0721384 0.0724592 0.0706752 0.0672886 0.0627522 0.057443 0.0516571 0.0456137 0.0394722 0.0333574 0.0273874 0.0216971 0.0164497 0.0118248 0.00798188 0.00501146
 0.00766498 0.0125061 0.0189228 0.0268831 0.0361308 0.0460382 0.0555792 0.0635848 0.0691695 0.0720105 0.072301 0.0705022 0.0671224 0.0626154 0.0573548 0.0516302 0.0456523 0.0395715 0.0335049 0.0275653 0.021885 0.0166281 0.0119784 0.00810199 0.00509648
 0.00763094 0.0124573 0.0188615 0.026816 0.0360673 0.0459875 0.0555475 0.0635727 0.069171 0.0720138 0.0722916 0.0704685 0.067061 0.062534 0.0572702 0.0515631 0.0456211 0.039587 0.0335683 0.0276679 0.0220115 0.0167602 0.0120998 0.00820124 0.00516913
 0.00761697 0.0124306 0.0188148 0.0267411 0.0359594 0.0458496 0.0553937 0.0634263 0.0690572 0.0719497 0.0722797 0.0704972 0.0671102 0.0625842 0.0573101 0.0515925 0.0456492 0.039627 0.0336304 0.0277548 0.0221176 0.0168736 0.0122068 0.008291 0.00523623
 0.00759558 0.0123976 0.0187678 0.0266786 0.0358797 0.0457509 0.055275 0.0632903 0.068913 0.0718138 0.0721731 0.0704375 0.0671053 0.0626284 0.0573877 0.0516856 0.0457449 0.0397209 0.0337249 0.0278539 0.0222219 0.0169785 0.0123042 0.00837299 0.0052982
 0.00758545 0.0123826 0.0187479 0.0266547 0.0358529 0.0457221 0.0552436 0.0632543 0.0688691 0.0717593 0.0721082 0.0703682 0.0670425 0.0625849 0.0573721 0.051699 0.0457817 0.039773 0.0337857 0.0279203 0.0222923 0.0170503 0.0123726 0.00843258 0.00534485
 0.00757789 0.0123685 0.0187237 0.0266163 0.0357975 0.04565 0.0551601 0.0631686 0.0687914 0.0716972 0.0720643 0.0703403 0.0670276 0.0625814 0.0573817 0.051725 0.0458257 0.0398334 0.0338579 0.0279985 0.0223711 0.0171254 0.01244 0.00848878 0.00538783
 0.00754104 0.0123148 0.0186543 0.0265358 0.0357123 0.0455655 0.055079 0.063092 0.0687207 0.071636 0.0720184 0.0703154 0.0670263 0.0626027 0.0574222 0.0517806 0.0458935 0.0399111 0.0339429 0.028087 0.0224581 0.0172059 0.0125098 0.00854503 0.00542959
 0.00754124 0.0123093 0.0186355 0.0264943 0.0356402 0.0454619 0.0549532 0.0629616 0.0686056 0.0715503 0.071967 0.0702957 0.0670324 0.0626295 0.057466 0.0518387 0.0459632 0.0399895 0.0340267 0.0281726 0.0225414 0.0172825 0.0125757 0.0085977 0.00546828
 0.00751542 0.0122724 0.018589 0.0264417 0.0355846 0.0454033 0.0548873 0.0628828 0.0685122 0.071449 0.071872 0.0702237 0.0669957 0.0626319 0.0575036 0.0519034 0.0460463 0.0400835 0.0341255 0.0282708 0.0226344 0.0173657 0.0126457 0.00865242 0.00550771
 0.00750767 0.0122572 0.0185617 0.0263971 0.0355197 0.0453196 0.0547925 0.0627886 0.0684293 0.0713827 0.0718217 0.0701865 0.0669714 0.0626241 0.0575175 0.0519419 0.0461079 0.0401627 0.034215 0.0283634 0.0227233 0.0174457 0.0127129 0.00870477 0.00554523
 0.00751287 0.0122663 0.0185764 0.0264184 0.0355469 0.0453486 0.0548158 0.0627973 0.0684168 0.0713477 0.0717687 0.0701235 0.0669061 0.0625629 0.0574658 0.0519048 0.0460897 0.0401654 0.034237 0.0284001 0.0227683 0.0174925 0.0127559 0.00874036 0.00557183
 0.0075048 0.0122556 0.0185648 0.0264092 0.035544 0.0453555 0.0548337 0.0628239 0.0684463 0.071372 0.0717799 0.0701166 0.0668808 0.0625239 0.0574206 0.0518615 0.0460554 0.0401451 0.0342331 0.0284117 0.0227918 0.0175224 0.0127867 0.00876759 0.00559304
 0.0075047 0.0122545 0.0185614 0.0264022 0.0355329 0.0453415 0.0548204 0.0628166 0.0684496 0.0713872 0.0718038 0.0701419 0.0668992 0.0625291 0.0574107 0.0518396 0.0460281 0.0401198 0.0342161 0.0284061 0.0227977 0.0175368 0.0128053 0.00878621 0.00560865
#pred catch len freq
 0.00467747 0.0073632 0.0106652 0.0144718 0.018711 0.0233393 0.0282691 0.033326 0.0382786 0.0428986 0.0469991 0.0504486 0.053179 0.0551896 0.0565371 0.0573226 0.0576786 0.0577389 0.0575619 0.0570047 0.0556243 0.0527405 0.0477413 0.040516 0.0317177
 0.00483792 0.00755823 0.0108403 0.0145439 0.0186015 0.0230197 0.0277912 0.0328102 0.0378604 0.042667 0.0469643 0.0505574 0.0533627 0.05541 0.0568061 0.0576854 0.0581716 0.0583449 0.0581869 0.0574962 0.0558299 0.0525795 0.0472479 0.0398251 0.0310017
 0.00505817 0.0078992 0.0113167 0.0151455 0.0192815 0.0236873 0.02832 0.0330726 0.0377835 0.0422778 0.0463881 0.0499608 0.0528791 0.055097 0.0566568 0.0576702 0.0582687 0.0585347 0.0584241 0.0576916 0.0558693 0.0523765 0.0467945 0.039203 0.0303434
 0.00527842 0.0082459 0.0118182 0.0158224 0.0201439 0.0247279 0.0294988 0.0343 0.0389171 0.0431461 0.0468434 0.0499399 0.0524345 0.0543745 0.0558311 0.05688 0.0575864 0.0579715 0.0579463 0.0572344 0.0553543 0.0517429 0.0460345 0.0383761 0.0295517
 0.00554069 0.00865116 0.0123901 0.0165728 0.0210761 0.0258405 0.0307828 0.0357286 0.0404304 0.0446389 0.0481645 0.0509146 0.0529116 0.0542819 0.0552084 0.0558636 0.0563533 0.0566746 0.0566736 0.0560055 0.054147 0.0505327 0.0448309 0.0372339 0.0285518
 0.00586092 0.00914715 0.0130915 0.0174929 0.0222141 0.0271833 0.0323042 0.0373858 0.0421629 0.0463682 0.0497926 0.0523195 0.053951 0.0548142 0.0551318 0.0551572 0.055093 0.0550092 0.0547731 0.0540127 0.0521587 0.0486152 0.0430473 0.0356579 0.0272555
 0.00621542 0.00969489 0.0138638 0.0185034 0.0234616 0.0286557 0.0339766 0.0392146 0.0440816 0.0482897 0.0516148 0.053932 0.0552382 0.0556583 0.0554213 0.0548075 0.0540755 0.0533738 0.0526461 0.0515689 0.0495856 0.0460879 0.040719 0.033654 0.0256596
 0.00654854 0.010212 0.0145976 0.019471 0.0246666 0.0300903 0.0356194 0.0410249 0.0459973 0.0502297 0.0534843 0.055628 0.0566535 0.0566853 0.0559553 0.0547538 0.0533649 0.0519866 0.0506354 0.0490691 0.0467981 0.043249 0.0380606 0.0313647 0.0238544
 0.00689146 0.0107447 0.0153544 0.0204702 0.0259127 0.031575 0.0373188 0.0428938 0.0479672 0.0522129 0.055382 0.0573383 0.0580777 0.0577306 0.0565343 0.0547841 0.0527741 0.050729 0.0487182 0.0465795 0.0439138 0.0402209 0.0351659 0.0288458 0.0218645
 0.00718395 0.0112063 0.0160241 0.021378 0.0270776 0.0330019 0.0389906 0.0447648 0.0499622 0.0542342 0.0573201 0.0590826 0.0595256 0.0587925 0.0571341 0.054855 0.0522564 0.0495768 0.0469209 0.0441927 0.0410845 0.0371861 0.0322127 0.0262429 0.0197932
 0.00752924 0.0117379 0.0167703 0.0223494 0.028272 0.0344099 0.0405953 0.0465344 0.0518427 0.0561465 0.0591649 0.0607505 0.0609099 0.0598002 0.05769 0.0548999 0.051742 0.0484664 0.0452034 0.0419095 0.038359 0.0342326 0.0293073 0.023657 0.0177198
 0.00804634 0.0125202 0.01784 0.0236915 0.0298439 0.0361574 0.0424612 0.0484579 0.0537559 0.0579742 0.0608277 0.0621687 0.0620076 0.0605094 0.0579543 0.0546747 0.0509934 0.0471714 0.0433595 0.0395574 0.0356099 0.0312816 0.0264118 0.0210774 0.0156465
 0.00845844 0.0131656 0.0187651 0.0249218 0.0313791 0.0379651 0.04447 0.050558 0.055815 0.0598637 0.0624448 0.0634442 0.0629003 0.0609946 0.0580142 0.0542919 0.0501495 0.0458509 0.0415623 0.0373195 0.033029 0.0285296 0.0237178 0.0186764 0.0137132
 0.00893024 0.0138932 0.0197882 0.0262551 0.0330163 0.0398823 0.0466209 0.0528618 0.0581487 0.0620686 0.0643495 0.0648976 0.0638017 0.0613072 0.057756 0.053511 0.048898 0.044171 0.0394907 0.0349083 0.0303726 0.0257817 0.0210798 0.0163535 0.0118561
 0.00938028 0.0145852 0.0207567 0.0275089 0.0345418 0.0416499 0.0485844 0.0549537 0.0602763 0.0641165 0.0661865 0.0663877 0.0648209 0.0617649 0.0576123 0.0527802 0.0476361 0.0424546 0.0374011 0.0325333 0.0278217 0.0231999 0.018642 0.014232 0.0101731
 0.0095995 0.0149418 0.0212942 0.0282687 0.0355571 0.042934 0.0501182 0.0566793 0.0621022 0.0659313 0.0678728 0.0678321 0.0659198 0.0624306 0.057781 0.0524219 0.0467596 0.0411063 0.0356582 0.0304968 0.0256151 0.0209695 0.0165474 0.0124199 0.00874278
 0.009708 0.0151104 0.0215356 0.0285955 0.0359871 0.0434949 0.0508453 0.0576031 0.0632289 0.0672256 0.0692536 0.069184 0.0671159 0.0633544 0.0583406 0.0525559 0.0464399 0.0403404 0.034491 0.0290099 0.023924 0.0192147 0.0148782 0.010968 0.00759498
 0.00969834 0.0150996 0.0215289 0.0286024 0.0360208 0.0435726 0.0509891 0.0578411 0.0635951 0.0677531 0.0699604 0.0700555 0.0680933 0.0643384 0.0592092 0.0531898 0.0467456 0.0402648 0.0340283 0.0282037 0.0228624 0.0180202 0.0136867 0.00990228 0.00673845
 0.00958689 0.0149385 0.0213238 0.0283724 0.0357943 0.0433802 0.0508578 0.0577935 0.0636504 0.0679299 0.0702761 0.0705222 0.0687085 0.0650729 0.0599999 0.053943 0.0473533 0.0406298 0.0340881 0.0279467 0.0223324 0.0173068 0.0129048 0.00916349 0.00612452
 0.00961017 0.0149566 0.0213157 0.028308 0.0356458 0.043137 0.0505384 0.0574455 0.0633377 0.0677138 0.0702016 0.0706134 0.0689706 0.065494 0.0605486 0.0545642 0.0479688 0.0411478 0.034424 0.0280465 0.0221906 0.016969 0.0124532 0.0086912 0.005708
 0.00977504 0.0151978 0.0216271 0.0286631 0.0359998 0.0434347 0.0507247 0.0574779 0.0632004 0.0674285 0.0698274 0.0702313 0.0686598 0.0653113 0.0605177 0.0546747 0.0481797 0.0413948 0.0346319 0.0281485 0.0221486 0.0167862 0.0121715 0.00837351 0.00541405
 0.00980589 0.0152595 0.0217406 0.0288527 0.036284 0.0438132 0.0511671 0.0579223 0.063567 0.0676433 0.0698462 0.0700557 0.068338 0.0649228 0.0601485 0.054391 0.0480106 0.0413289 0.034626 0.0281456 0.0220994 0.0166669 0.0119904 0.00816241 0.00521184
 0.00974571 0.0151681 0.0216165 0.0287029 0.0361271 0.043681 0.051101 0.0579626 0.0637338 0.0679198 0.0701764 0.0703616 0.0685504 0.0650087 0.060121 0.0542981 0.0479101 0.0412624 0.0346042 0.0281503 0.0220981 0.0166324 0.011914 0.00805589 0.00509808
 0.00977325 0.0151923 0.0216154 0.0286442 0.0359779 0.0434237 0.0507481 0.057561 0.0633567 0.0676462 0.0700657 0.0704329 0.0687745 0.06532 0.0604447 0.0545794 0.0481289 0.0414279 0.0347363 0.0282609 0.0221851 0.016686 0.011928 0.00803483 0.00505608
 0.00980016 0.0152334 0.0216709 0.0287089 0.0360381 0.0434547 0.0507167 0.0574353 0.0631227 0.0673231 0.0697095 0.0701211 0.0685781 0.065276 0.0605441 0.0547765 0.0483652 0.0416559 0.0349305 0.0284146 0.0222996 0.0167631 0.0119696 0.00804607 0.00504636
 0.00972458 0.015125 0.0215347 0.0285591 0.0358943 0.0433349 0.0506302 0.0573783 0.0630783 0.0672671 0.069622 0.0700002 0.0684474 0.0651789 0.0605245 0.0548573 0.0485378 0.0418861 0.0351757 0.0286394 0.0224833 0.0168986 0.0120586 0.00809592 0.00506765
 0.00968769 0.0150622 0.0214355 0.0284137 0.0356981 0.043094 0.0503653 0.0571227 0.0628675 0.067126 0.0695554 0.0699941 0.0684794 0.0652326 0.0605986 0.0549637 0.0486899 0.0420856 0.0354074 0.0288765 0.0226983 0.0170724 0.0121842 0.00817651 0.0051127
 0.00967559 0.0150448 0.0214127 0.0283852 0.0356607 0.0430399 0.050283 0.0570018 0.0627071 0.0669405 0.0693727 0.0698454 0.0683862 0.0651998 0.0606181 0.0550241 0.0487838 0.0422104 0.035559 0.0290441 0.022865 0.0172201 0.0123004 0.00825743 0.00516229
 0.0097259 0.0151123 0.0214882 0.028452 0.0356998 0.0430383 0.0502381 0.0569209 0.0626005 0.0668159 0.0692347 0.0697 0.0682457 0.0650817 0.0605385 0.0549917 0.0487986 0.0422662 0.0356468 0.0291534 0.0229829 0.0173328 0.012396 0.00832916 0.00520973
 0.00975463 0.0151504 0.0215291 0.028483 0.035704 0.0429986 0.0501427 0.0567677 0.0624004 0.0665918 0.0690164 0.0695158 0.068115 0.0650124 0.0605297 0.0550379 0.0488918 0.0423964 0.0358021 0.02932 0.0231468 0.017481 0.0125187 0.00842141 0.00527224
 0.00987314 0.0153199 0.021741 0.0287136 0.0359202 0.0431668 0.0502371 0.0567734 0.0623137 0.0664195 0.0687766 0.069237 0.0678315 0.0647575 0.0603286 0.0549033 0.0488251 0.0423902 0.035844 0.0293952 0.0232396 0.0175766 0.0126048 0.00849038 0.00532145
 0.009797 0.015227 0.0216574 0.0286799 0.0359772 0.0433348 0.0504996 0.0570784 0.0625919 0.06661 0.0688452 0.0691811 0.0676745 0.064538 0.0600894 0.0546825 0.0486495 0.0422731 0.0357857 0.0293868 0.0232666 0.0176231 0.0126566 0.00853713 0.00535754
 0.00967099 0.0150398 0.0214103 0.0283903 0.0356798 0.0430786 0.0503407 0.0570652 0.0627458 0.066909 0.0692248 0.0695555 0.0679683 0.0647109 0.0601423 0.0546469 0.0485695 0.0421888 0.0357241 0.0293592 0.0232713 0.0176505 0.0126944 0.00857474 0.00538836
 0.0096624 0.0150114 0.0213413 0.028254 0.0354522 0.0427519 0.0499365 0.056638 0.0623728 0.0666687 0.0691708 0.0696965 0.0682632 0.0650837 0.0605114 0.0549532 0.0487901 0.0423335 0.035819 0.0294307 0.0233361 0.0177141 0.0127544 0.00862622 0.00542778
 0.00959732 0.0149163 0.0212168 0.0281044 0.0352804 0.0425535 0.0496986 0.0563475 0.0620316 0.0663068 0.0688472 0.069483 0.0682169 0.065222 0.0608039 0.0553347 0.0491876 0.0426913 0.036111 0.0296563 0.023508 0.017846 0.0128558 0.00870201 0.00548112
 0.00951107 0.0147826 0.0210282 0.0278592 0.0349837 0.0422176 0.0493422 0.0559926 0.0616978 0.0660083 0.0685954 0.0692948 0.0681198 0.0652489 0.0609769 0.0556485 0.0496045 0.0431527 0.0365581 0.0300475 0.0238246 0.0180877 0.0130317 0.00882424 0.00556144
