SBPRF35
7.78865
Curr Bio
496339
B35
701840
F35
0.228412
FOFL
0.180096
OFL
76518.4
Bzero
2.22533e+06
#pred survey bio
 4.24643e+06 4.00532e+06 3.77872e+06 3.51828e+06 3.22974e+06 2.9399e+06 2.64355e+06 2.37542e+06 2.1129e+06 1.86187e+06 1.64675e+06 1.45552e+06 1.29071e+06 1.12007e+06 996109 879887 808649 758199 696865 656443 634879 621836 618651 608443 605685 600255 603259 589463 587702 589574 586858 598616 599353 590442 576792 557890 548545 534883 535267 542863 555915 556434 557494 571351 574169 587015 587571 596940 607679 611392 619702 551003 504971 463271 459483 495534 1.95898e+07 1.23085e+07 1.28555e+07 1.35653e+07 1.43369e+07 1.50564e+07 1.56676e+07 1.61565e+07 1.65322e+07 1.68133e+07 1.70202e+07 1.7171e+07 1.72806e+07 1.73601e+07 1.7418e+07 1.74603e+07 1.74914e+07 1.75145e+07 1.75316e+07 1.75445e+07 1.75542e+07 1.75615e+07 1.75671e+07 1.75713e+07 1.75745e+07 1.7577e+07 1.75789e+07 1.75804e+07 1.75815e+07 1.75823e+07 1.7583e+07 1.75835e+07 1.75839e+07 1.75842e+07 1.75845e+07 1.75846e+07 1.75848e+07 1.75849e+07 1.7585e+07 1.75851e+07 1.75851e+07 1.75851e+07 1.75852e+07 1.75852e+07 1.75852e+07 1.75852e+07 1.75852e+07 1.75853e+07 1.75853e+07 1.75853e+07 1.75853e+07 1.75853e+07 1.75853e+07 1.75853e+07 1.75853e+07 1.75853e+07 1.75853e+07 1.75853e+07 1.75853e+07 1.75853e+07 1.75853e+07 1.75853e+07 1.75853e+07 1.75853e+07 1.75853e+07 1.75853e+07 1.75853e+07 1.75853e+07 1.75853e+07 1.75853e+07 1.75853e+07 1.75853e+07 1.75853e+07 1.75853e+07 1.75853e+07 1.75853e+07 1.75853e+07 1.75853e+07 1.75853e+07 1.75853e+07 1.75853e+07 1.75853e+07 1.75853e+07 1.75853e+07 1.75853e+07 1.75853e+07 1.75853e+07 1.75853e+07 1.75853e+07 1.75853e+07 1.75853e+07 1.75853e+07 1.75853e+07 1.75853e+07 1.75853e+07 1.75853e+07 1.75853e+07 1.75853e+07 1.75853e+07 1.75853e+07 0 0 0 0 0 0 0 0 0 0 0 0 0 0 0 0 0 0 0 0 0 0 0 0 0
#obs survey bio
 3.16068e+06 2.53478e+06 2.83182e+06 2.66437e+06 3.85922e+06 2.52388e+06 1.93258e+06 2.33821e+06 1.34686e+06 2.01747e+06 1.27858e+06 1.20876e+06 1.25118e+06 1.01906e+06 831419 893287 923392 797454 573364 589356 494691 443013 825212 541761 559097 742141 792576 519729 642457 550951 474478 722748 504576 606636 537052 528942 772201 695853 584309 786396 511438 479405 476588 474209 584468 514764 450046 651149 489609 1.06143e+06 872921 628313 639551 464212 368612 485608
#pred catch bio
 94325 94219.4 146602 198476 229016 265734 269830 291426 303986 289900 282112 268197 278570 240333 233886 192798 171463 176124 153873 134883 125614 115391 118567 109472 109357 100799 114257 103297 99662.7 102453 88944.5 96439.7 101392 100843 100203 89481 94477.3 85417.3 82016.9 79445.6 91623.6 92901.6 84962.4 96990.4 90127.8 101385 94627.5 94362.7 100001 94584.7 156315 134024 131049 102623 75935.3 58959.2 76518.4 99270.3 102738 107244 112666 117848 122183 125536 127997 129736 130931 131733 132263 132609 132831 132974 133064 133121 133157 133180 133194 133202 133208 133211 133213 133215 133215 133216 133216 133216 133217 133217 133217 133217 133217 133217 133217 133217 133217 133217 133217 133217 133217 133217 133217 133217 133217 133217 133217 133217 133217 133217 133217 133217 133217 133217 133217 133217 133217 133217 133217 133217 133217 133217 133217 133217 133217 133217 133217 133217 133217 133217 133217 133217 133217 133217 133217 133217 133217 133217 133217 133217 133217 133217 133217 133217 133217 133217 133217 133217 133217 133217 133217 133217 133217 133217 133217 133217 133217 133217 0 0 0 0 0 0 0 0 0 0 0 0 0 0 0 0 0 0 0 0 0 0 0 0 0
#obs catch bio
 0 94031.4 147302 200151 230939 269286 274154 296766 311663 296678 289533 274663 286590 246297 241439 198771 174148 178856 156023 137156 127433 117406 119596 110285 110186 100444 114775 104068 100294 103397 89464.1 96673.8 101839 101079 100363 89175.3 94221 84528.4 81098.2 78497.9 90698.6 92139 84558.5 97102.3 90052.5 101336 94484.7 94159.3 100306 93368.2 154288 131474 128920 101920 75912.4 58787.3
#pred cpue bio
 4.16445e+06 3.92628e+06 3.70156e+06 3.44184e+06 3.15498e+06 2.86679e+06 2.57206e+06 2.30543e+06 2.04486e+06 1.79617e+06 1.58345e+06 1.39469e+06 1.23228e+06 1.06483e+06 943179 829716 760889 712829 654068 615265 594751 582481 579968 570922 568885 564146 567217 553753 552028 554135 551915 563838 565305 557516 545429 528169 518967 504413 503666 510685 523304 523592 523985 536633 538918 551279 551879 560829 571232 575247 584006 517683 472074 430235 424918 458600 1.82353e+07 1.15101e+07 1.2004e+07 1.26241e+07 1.33597e+07 1.40705e+07 1.468e+07 1.51686e+07 1.55442e+07 1.58253e+07 1.60322e+07 1.6183e+07 1.62925e+07 1.6372e+07 1.64299e+07 1.64723e+07 1.65034e+07 1.65265e+07 1.65436e+07 1.65565e+07 1.65661e+07 1.65735e+07 1.6579e+07 1.65833e+07 1.65865e+07 1.6589e+07 1.65909e+07 1.65923e+07 1.65935e+07 1.65943e+07 1.6595e+07 1.65955e+07 1.65959e+07 1.65962e+07 1.65964e+07 1.65966e+07 1.65968e+07 1.65969e+07 1.6597e+07 1.6597e+07 1.65971e+07 1.65971e+07 1.65971e+07 1.65972e+07 1.65972e+07 1.65972e+07 1.65972e+07 1.65972e+07 1.65972e+07 1.65972e+07 1.65972e+07 1.65972e+07 1.65972e+07 1.65972e+07 1.65972e+07 1.65973e+07 1.65973e+07 1.65973e+07 1.65973e+07 1.65973e+07 1.65973e+07 1.65973e+07 1.65973e+07 1.65973e+07 1.65973e+07 1.65973e+07 1.65973e+07 1.65973e+07 1.65973e+07 1.65973e+07 1.65973e+07 1.65973e+07 1.65973e+07 1.65973e+07 1.65973e+07 1.65973e+07 1.65973e+07 1.65973e+07 1.65973e+07 1.65973e+07 1.65973e+07 1.65973e+07 1.65973e+07 1.65973e+07 1.65973e+07 1.65973e+07 1.65973e+07 1.65973e+07 1.65973e+07 1.65973e+07 1.65973e+07 1.65973e+07 1.65973e+07 1.65973e+07 1.65973e+07 1.65973e+07 1.65973e+07 1.65973e+07 1.65973e+07 1.65973e+07 0 0 0 0 0 0 0 0 0 0 0 0 0 0 0 0 0 0 0 0 0 0 0 0 0
#obs cpue bio
 4.21135e+06 3.65148e+06 2.79538e+06 2.73185e+06 2.67545e+06 2.2714e+06 2.04654e+06 2.21498e+06 1.74431e+06 1.49276e+06 1.38664e+06 1.43591e+06 962847 835062 639329 438044 1.03037e+06 662003 608323 409320 686716 459895 757196 537129 595335 832354 298942 388995 485248 495991 579359 704416 567432 598948 650133 721718 449417 733934 610335 412711 608656 584838 431842 526718 495788 772287 693996 562193 525912 883941 588514 619513 447569 325931 362724 477296
#pred surv len freq
 0.00467705 0.00756856 0.0113501 0.0160047 0.0214465 0.0274522 0.033619 0.0394438 0.0444978 0.0485616 0.0516333 0.0538493 0.0553976 0.0564559 0.0571429 0.0574892 0.0574374 0.0568646 0.0556013 0.0534301 0.0500892 0.0453379 0.0391135 0.0317097 0.0238268
 0.00505732 0.00809451 0.0119761 0.0166442 0.0220133 0.0279157 0.0340331 0.0399185 0.0451206 0.0493167 0.0523745 0.0543486 0.055444 0.0559497 0.0561435 0.0561985 0.0561295 0.0557906 0.054904 0.0531051 0.05001 0.0453326 0.0390497 0.0315419 0.0235878
 0.00519286 0.00836284 0.0124618 0.0174382 0.0231701 0.0294009 0.0356973 0.0415333 0.0464713 0.0502922 0.0529868 0.0546662 0.0554989 0.055696 0.0554998 0.0551344 0.0547284 0.0542401 0.0534229 0.051853 0.0490364 0.0445901 0.0384533 0.0310295 0.0231434
 0.0053605 0.00862207 0.0128327 0.0179449 0.0238525 0.0303209 0.0369234 0.0430971 0.0483139 0.0522398 0.0547868 0.0560736 0.0563567 0.0559562 0.0551854 0.0542937 0.0534266 0.0525845 0.0515751 0.0500011 0.0473392 0.0431368 0.0372645 0.0300879 0.022424
 0.00561388 0.00902039 0.0134064 0.0187126 0.0248186 0.0314747 0.0382407 0.0445471 0.0498676 0.0538666 0.0564316 0.0576279 0.0576541 0.0568098 0.0554453 0.0538899 0.0523778 0.0509839 0.0495747 0.0477934 0.0451281 0.0411001 0.0355236 0.0286999 0.0213914
 0.00588031 0.00944781 0.0140391 0.0195879 0.0259603 0.032882 0.0398765 0.0463346 0.0517025 0.0556416 0.0580582 0.0590418 0.0587993 0.0576142 0.0558103 0.0537075 0.0515698 0.0495419 0.0475807 0.0454139 0.0425861 0.038631 0.0333288 0.0269102 0.0200536
 0.00614159 0.00987195 0.0146769 0.0204879 0.0271616 0.0344012 0.041692 0.0483766 0.0538559 0.057763 0.0599995 0.0606736 0.0600271 0.0583795 0.0560762 0.0534387 0.0507263 0.0480978 0.0455608 0.0429257 0.0398244 0.0358476 0.0307756 0.0247795 0.018439
 0.00640367 0.0102892 0.0152896 0.0213312 0.0282631 0.0357766 0.043335 0.0502489 0.0558828 0.0598363 0.0619872 0.0624344 0.0614293 0.0593184 0.0564822 0.0532737 0.0499722 0.046752 0.0436491 0.0405299 0.0371053 0.0330377 0.028135 0.02253 0.0167075
 0.00664227 0.0106818 0.0158893 0.0221906 0.0294249 0.0372574 0.0451099 0.0522457 0.0579927 0.0619339 0.0639478 0.0641427 0.0627815 0.0602244 0.0568704 0.0530951 0.0492019 0.0453904 0.0417286 0.0381318 0.0343782 0.030199 0.0254383 0.0202044 0.014897
 0.00691117 0.0111115 0.0165237 0.023069 0.0305791 0.0387052 0.0468421 0.0542144 0.0601065 0.0640649 0.0659488 0.0658694 0.0641128 0.0610736 0.0571846 0.0528468 0.0483816 0.0440057 0.0398135 0.0357643 0.0316977 0.0274087 0.0227785 0.0178976 0.0130887
 0.00718908 0.0115524 0.0171671 0.0239461 0.0317089 0.0400888 0.0484551 0.0560016 0.0619858 0.0659367 0.0677055 0.0674027 0.0653196 0.0618653 0.057495 0.0526367 0.0476371 0.0427355 0.0380526 0.0335862 0.0292294 0.0248342 0.0203164 0.0157531 0.0113992
 0.00744305 0.0119643 0.0177852 0.0248143 0.0328586 0.041525 0.0501423 0.0578587 0.0638967 0.067772 0.0693449 0.0687477 0.066298 0.0624278 0.0576108 0.0522888 0.046821 0.0414617 0.0363538 0.0315294 0.0269288 0.0224532 0.0180487 0.0137807 0.00984455
 0.00765335 0.0123065 0.0183018 0.0255466 0.0338416 0.0427762 0.0516482 0.0595642 0.0657051 0.0695568 0.0709686 0.0700835 0.0672486 0.0629359 0.0576573 0.0518822 0.0459845 0.0402261 0.0347609 0.0296436 0.0248507 0.0203233 0.0160324 0.0120329 0.00846903
 0.00802945 0.0128938 0.019141 0.0266609 0.0352345 0.0444287 0.053511 0.0615518 0.0676983 0.0714159 0.0725522 0.071268 0.0679444 0.0630984 0.0572896 0.0510265 0.0447071 0.0386025 0.0328683 0.0275652 0.0226861 0.0181954 0.014077 0.0103729 0.00718108
 0.00817128 0.0131456 0.0195588 0.0273083 0.0361669 0.0456686 0.0550262 0.0632514 0.0694514 0.073082 0.074006 0.0724101 0.0687019 0.0634244 0.0571646 0.0504607 0.0437391 0.0372936 0.0312957 0.025818 0.0208655 0.0164143 0.0124514 0.00900147 0.00612249
 0.0082309 0.0132634 0.0197762 0.0276819 0.0367601 0.0465363 0.0561936 0.0646954 0.0710908 0.0747819 0.0755987 0.0737287 0.0696162 0.0638625 0.0571141 0.0499549 0.0428388 0.0360743 0.0298418 0.0242214 0.0192258 0.0148355 0.0110327 0.00782154 0.00522256
 0.00829457 0.01334 0.0198443 0.0277114 0.03673 0.0464576 0.0561249 0.0647354 0.0713465 0.0753247 0.0764298 0.0747701 0.0707284 0.0648822 0.057895 0.0503976 0.0429022 0.0357713 0.0292253 0.0233715 0.0182386 0.0138138 0.0100739 0.00700291 0.00458821
 0.00838098 0.0134682 0.0200128 0.0279062 0.036923 0.0466094 0.0561934 0.0646938 0.0712054 0.0751461 0.0763165 0.0748273 0.0710152 0.0653795 0.0585079 0.0509896 0.0433413 0.0359667 0.0291446 0.0230379 0.0177172 0.0131926 0.00944394 0.00644019 0.00414024
 0.00857389 0.0137734 0.0204551 0.0284999 0.0376646 0.0474686 0.0571045 0.0655566 0.0719024 0.0755749 0.0764246 0.0746336 0.0706054 0.0648739 0.058015 0.0505662 0.0429817 0.0356211 0.0287551 0.0225699 0.0171745 0.0126132 0.00888355 0.00595149 0.00375691
 0.00867642 0.0139311 0.0206764 0.0287879 0.0380191 0.0478868 0.0575793 0.0660706 0.072422 0.0760481 0.0767878 0.0748285 0.0706008 0.0646815 0.0576874 0.0501763 0.0425911 0.0352584 0.0284132 0.0222248 0.0168085 0.0122302 0.00850828 0.00561685 0.00348878
 0.00874812 0.0140307 0.020795 0.0289072 0.0381173 0.0479482 0.0576026 0.0660716 0.0724287 0.07609 0.0768835 0.074975 0.0707716 0.0648358 0.0577876 0.0502038 0.0425508 0.0351685 0.0282906 0.0220763 0.0166343 0.0120337 0.0083024 0.00542205 0.00332475
 0.00860589 0.0138355 0.020567 0.028685 0.0379442 0.0478518 0.0575815 0.0660986 0.0724701 0.0761277 0.0769248 0.0750456 0.0708963 0.0650206 0.0580141 0.0504369 0.0427543 0.0353179 0.0283772 0.0221026 0.0166088 0.0119677 0.00821083 0.00532218 0.00323297
 0.00850752 0.0136609 0.0202798 0.02825 0.0373449 0.0471124 0.0567796 0.0653535 0.0719043 0.0758232 0.0769002 0.0752655 0.0713003 0.0655485 0.0586146 0.0510641 0.0433628 0.0358657 0.028832 0.0224479 0.0168444 0.0121069 0.00827493 0.00533601 0.00321989
 0.00851549 0.0136691 0.0202814 0.028231 0.0372814 0.0469721 0.0565295 0.0649757 0.0714161 0.0752866 0.0764108 0.0749196 0.0711595 0.065622 0.0588664 0.051435 0.0437912 0.0362979 0.0292261 0.0227748 0.0170897 0.0122705 0.00836871 0.00537849 0.00323083
 0.00848483 0.0136167 0.0201978 0.0281057 0.0371052 0.0467393 0.0562403 0.0646364 0.0710373 0.0748851 0.0760146 0.074573 0.0709191 0.0655407 0.0589726 0.051719 0.0442081 0.036783 0.029714 0.0232137 0.0174472 0.0125346 0.00854464 0.00548281 0.00328467
 0.0086473 0.0138424 0.0204661 0.0283728 0.0373147 0.0468416 0.0562077 0.0644681 0.0707537 0.074518 0.0755993 0.0741452 0.0705162 0.0652028 0.0587392 0.0516195 0.0442507 0.036949 0.0299619 0.0234923 0.0177104 0.0127515 0.00870256 0.00558463 0.00334246
 0.00865226 0.0138646 0.0205237 0.0284854 0.0374915 0.0470661 0.05643 0.0646156 0.0707594 0.0743512 0.0752797 0.0737334 0.0700872 0.0648223 0.0584518 0.0514494 0.0442048 0.0370186 0.030123 0.0237083 0.0179402 0.0129599 0.00886766 0.00570007 0.00341388
 0.00866019 0.0138942 0.0205995 0.0286422 0.0377668 0.0474862 0.0569941 0.0652828 0.0714468 0.0749459 0.0756669 0.0738312 0.0698758 0.0643498 0.0578156 0.0507625 0.0435655 0.0364926 0.0297395 0.0234643 0.0178106 0.012909 0.00886061 0.00571063 0.00342685
 0.00857915 0.0137641 0.0204088 0.028386 0.0374545 0.0471489 0.0566883 0.0650821 0.0714191 0.0751246 0.07603 0.0743027 0.0703495 0.0647263 0.0580353 0.0508207 0.0435033 0.0363732 0.0296213 0.0233845 0.01778 0.0129188 0.00889283 0.00574792 0.00345814
 0.00849067 0.0136243 0.0202058 0.0281112 0.0371041 0.0467278 0.0562153 0.0645961 0.0709802 0.0748063 0.0759012 0.0744032 0.0706698 0.0652048 0.0585769 0.0513295 0.0439145 0.0366666 0.0298146 0.0235124 0.0178747 0.0129988 0.00896317 0.00580638 0.00350184
 0.00839061 0.0134762 0.0200094 0.0278752 0.0368421 0.0464524 0.0559353 0.064317 0.0707096 0.0745596 0.0757057 0.0742958 0.0706869 0.065366 0.0588707 0.0517119 0.0443219 0.0370393 0.0301159 0.0237344 0.0180303 0.0131076 0.00904131 0.00586311 0.00354167
 0.00820527 0.0131798 0.019574 0.0272817 0.0360884 0.0455638 0.0549719 0.0633707 0.0698855 0.0739499 0.0753692 0.0742526 0.0709255 0.0658532 0.0595578 0.0525364 0.0452095 0.0379119 0.0309051 0.0243948 0.018545 0.0134843 0.00930198 0.00603406 0.00364753
 0.00800666 0.0128854 0.0191831 0.0268094 0.0355584 0.0449975 0.0543838 0.0627735 0.0693016 0.0734197 0.0749487 0.0739999 0.0708829 0.0660357 0.0599509 0.0531009 0.0458901 0.0386437 0.0316222 0.0250405 0.0190811 0.0138957 0.0095947 0.00622753 0.00376636
 0.00774209 0.0124901 0.0186538 0.0261686 0.0348506 0.0442804 0.0537186 0.0622152 0.0688879 0.0731626 0.0748364 0.0740105 0.0710013 0.066261 0.0602907 0.0535579 0.04645 0.0392728 0.032272 0.0256584 0.0196219 0.0143311 0.00991685 0.00644645 0.00390288
 0.00772104 0.012421 0.018487 0.0258415 0.0343093 0.0435119 0.0527749 0.0612115 0.0679698 0.0724589 0.074422 0.0738956 0.071146 0.0666028 0.0607694 0.0541288 0.0470832 0.0399428 0.0329486 0.0263041 0.0201982 0.0148079 0.01028 0.00669983 0.00406429
 0.00837609 0.0133497 0.0196297 0.0270496 0.0353775 0.0442373 0.0530128 0.0609079 0.0671692 0.0712937 0.0730834 0.0725875 0.0700337 0.0657784 0.0602491 0.0538765 0.0470414 0.0400547 0.0331648 0.0265805 0.0204934 0.015085 0.0105121 0.0068742 0.00418183
 0.00882279 0.0140747 0.0207104 0.0285343 0.0372487 0.0463676 0.0551431 0.0626821 0.0682358 0.0714313 0.0722817 0.0710406 0.0680587 0.0637087 0.0583495 0.0523034 0.0458473 0.0392182 0.0326271 0.0262719 0.020347 0.0150424 0.0105257 0.00690931 0.00421748
 0.00888242 0.0142236 0.0210321 0.0291426 0.0382636 0.0478704 0.0571245 0.0650045 0.0706291 0.0735331 0.0737209 0.0715452 0.0675463 0.0623134 0.0563691 0.0500941 0.04372 0.0373777 0.0311639 0.0251888 0.0195959 0.0145543 0.0102298 0.00674316 0.00413171
 0.0087411 0.0140096 0.020744 0.0288024 0.037927 0.0476352 0.0571259 0.0653868 0.0714905 0.0748624 0.0753609 0.0732126 0.0689096 0.063101 0.0564588 0.0495444 0.0427298 0.0362018 0.030027 0.0242349 0.018881 0.0140686 0.00992857 0.00657245 0.00404359
 0.0086833 0.0139025 0.0205594 0.0285084 0.0374996 0.0470769 0.0564847 0.064765 0.0710336 0.0747263 0.0756615 0.0739725 0.0700263 0.0643587 0.0575928 0.0503318 0.0430655 0.0361196 0.0296625 0.0237554 0.0184232 0.0137086 0.00968515 0.00642833 0.00396842
 0.00871987 0.0139433 0.0205853 0.0284869 0.0373899 0.0468398 0.0560963 0.0642306 0.0703993 0.0740838 0.0751395 0.0737084 0.0701201 0.0648275 0.0583483 0.0512016 0.0438533 0.0366776 0.0299376 0.0237884 0.0183088 0.0135442 0.00953723 0.00632436 0.00390793
 0.00890898 0.0142344 0.0209912 0.029004 0.037994 0.0474821 0.0567022 0.0647062 0.0706519 0.0740513 0.0748175 0.0731606 0.0694667 0.0642103 0.0578834 0.0509384 0.0437603 0.0366665 0.029912 0.0236901 0.0181348 0.0133324 0.00933514 0.00616485 0.00380074
 0.00903622 0.0144408 0.0213003 0.0294358 0.0385584 0.0481699 0.0574747 0.0654921 0.0713542 0.0745663 0.0750584 0.0730815 0.0690795 0.0635876 0.0571416 0.0502028 0.0431255 0.0361707 0.0295385 0.0233945 0.0178777 0.013098 0.00912951 0.00600087 0.00368486
 0.008887 0.0142323 0.0210506 0.0291853 0.038362 0.0480815 0.0575333 0.0657122 0.0717225 0.075041 0.0755728 0.0735543 0.069433 0.0637695 0.057142 0.0500567 0.0428975 0.0359276 0.0293253 0.0232247 0.0177424 0.0129833 0.00902859 0.00591541 0.00361923
 0.00879234 0.0140915 0.0208645 0.0289674 0.0381396 0.0478952 0.0574327 0.0657459 0.0719226 0.0754067 0.0760631 0.0740951 0.0699359 0.0641549 0.0573577 0.0500892 0.0427723 0.035698 0.0290529 0.02296 0.0175142 0.0128005 0.00888851 0.00581222 0.00354724
 0.00873549 0.0139858 0.0206821 0.0286769 0.0377179 0.0473439 0.0567926 0.0650989 0.0713755 0.075063 0.0759938 0.0743185 0.0704117 0.0647953 0.0580515 0.0507316 0.0432898 0.0360607 0.0292706 0.0230668 0.0175504 0.0127989 0.00887084 0.00579034 0.00352717
 0.00878333 0.0140638 0.020798 0.0288332 0.0379053 0.0475354 0.0569423 0.0651532 0.0712958 0.0748485 0.0756905 0.0740052 0.0701702 0.064679 0.0580682 0.0508461 0.0434435 0.0361965 0.0293526 0.0230867 0.0175216 0.0127441 0.00881074 0.00573811 0.00348814
 0.00870088 0.0139426 0.0206398 0.0286494 0.0377145 0.0473593 0.0567995 0.0650539 0.0712366 0.0748133 0.0756583 0.073965 0.0701321 0.0646728 0.0581281 0.0509898 0.0436597 0.0364487 0.0295953 0.0232837 0.0176569 0.0128214 0.00884519 0.00574724 0.00348578
 0.00844206 0.0135637 0.0201479 0.0280791 0.0371202 0.0468 0.0563277 0.0647092 0.0710443 0.0747811 0.0757745 0.074199 0.0704438 0.0650252 0.0584979 0.0513685 0.0440453 0.0368336 0.0299613 0.0236064 0.0179158 0.0130085 0.0089662 0.00581704 0.00352151
 0.00831889 0.013357 0.0198271 0.0276179 0.0365096 0.0460653 0.0555385 0.0639717 0.0704716 0.0744564 0.0757264 0.0744016 0.0708351 0.0655318 0.0590538 0.0519257 0.0445752 0.037322 0.0303995 0.0239856 0.0182268 0.0132458 0.00913224 0.00592247 0.0035819
 0.00833689 0.0133594 0.0197802 0.0274716 0.0362077 0.0455649 0.0548311 0.0630976 0.0695217 0.0735587 0.0750179 0.0739926 0.0707778 0.0658086 0.0595902 0.0526198 0.0453281 0.038057 0.0310668 0.0245578 0.0186916 0.0136017 0.00938653 0.00609034 0.00368331
 0.00913644 0.0145877 0.0214914 0.0296572 0.0387876 0.0483806 0.0576424 0.0655985 0.0713917 0.0745411 0.0749903 0.0729976 0.0690032 0.0635303 0.0571013 0.0501707 0.0430939 0.0361344 0.0294905 0.0233212 0.0177638 0.0129381 0.00893653 0.00580255 0.00351085
 0.00969584 0.0154738 0.0227794 0.0313958 0.0409825 0.0509726 0.0604839 0.0684487 0.0739463 0.07649 0.0760829 0.0730945 0.0681041 0.0617729 0.0547306 0.0474834 0.0403763 0.0336134 0.0273108 0.021548 0.0164 0.0119461 0.0082559 0.00536438 0.00324784
 0.0102363 0.016317 0.0239826 0.0329891 0.0429649 0.0533048 0.0630752 0.0711449 0.0765331 0.0787162 0.0776988 0.0738952 0.0679715 0.060705 0.0528481 0.0450094 0.0375917 0.030802 0.0247097 0.0193174 0.014616 0.0106117 0.00732293 0.00475638 0.00288027
 0.0101508 0.0162218 0.0239212 0.0330311 0.0431912 0.0537827 0.0638357 0.0721742 0.0777776 0.0800914 0.0790932 0.0751717 0.0689762 0.0612912 0.0529132 0.0445287 0.0366333 0.0295123 0.0232759 0.0179203 0.0133924 0.00963645 0.00661103 0.00427934 0.00258695
 0.00936092 0.0150404 0.022338 0.0311146 0.0410828 0.0516779 0.0619646 0.0707772 0.0770664 0.0801988 0.0800334 0.0768315 0.0711371 0.0636726 0.0552233 0.0465165 0.0381327 0.0304675 0.0237364 0.0180087 0.0132575 0.00941057 0.00638545 0.00410011 0.00246523
#obs surv len freq
 nan nan nan nan nan nan nan nan nan nan nan nan nan nan nan nan nan nan nan nan nan nan nan nan nan
 0.00448338 0.00734429 0.0111741 0.0159907 0.0216922 0.0279688 0.034284 0.0400161 0.044696 0.0481597 0.0505171 0.0520122 0.0529036 0.0534153 0.053729 0.0539835 0.0542617 0.0545542 0.0546928 0.0542847 0.0527227 0.0493549 0.0438048 0.0362851 0.027669
 0.0046107 0.00755416 0.0114949 0.0164497 0.0223087 0.0287439 0.0351904 0.0409951 0.0456662 0.0490328 0.0512148 0.0524783 0.0531093 0.0533591 0.0534329 0.0534849 0.0536047 0.0537818 0.0538444 0.0533976 0.051836 0.048512 0.0430506 0.0356576 0.0271894
 0.00478205 0.00783139 0.0119099 0.0170315 0.023079 0.0297084 0.0363289 0.0422564 0.0469711 0.0502852 0.0523153 0.0533364 0.0536541 0.0535481 0.0532557 0.0529621 0.0527805 0.0527158 0.052603 0.0520514 0.0504605 0.0471877 0.0418574 0.0346614 0.0264266
 0.00497565 0.00815004 0.0123965 0.0177279 0.024017 0.0308962 0.0377379 0.0438178 0.0485862 0.0518448 0.0537155 0.0544857 0.0544747 0.053978 0.0532537 0.052514 0.0519035 0.0514576 0.0510386 0.0502782 0.0485945 0.0453573 0.0401895 0.0332597 0.0253494
 0.00518202 0.00848841 0.0129113 0.0184633 0.0250088 0.0321596 0.0392533 0.0455241 0.0503872 0.0536253 0.0553585 0.0558843 0.0555387 0.0546348 0.053449 0.0522129 0.0510957 0.050164 0.0493188 0.0482343 0.0463692 0.043122 0.0381202 0.0315031 0.023991
 0.00540868 0.00885861 0.0134718 0.0192591 0.0260752 0.0335092 0.0408629 0.0473289 0.0522898 0.0555125 0.0571178 0.0574123 0.0567441 0.0554393 0.0537877 0.0520366 0.0503738 0.048894 0.0475381 0.0460338 0.0438993 0.0405823 0.0357281 0.0294477 0.0223884
 0.00564105 0.00924134 0.0140571 0.0200984 0.0272096 0.0349529 0.0425874 0.049258 0.0543113 0.0575008 0.0589544 0.0589963 0.0579929 0.0562848 0.0541722 0.0519102 0.0496973 0.0476475 0.045738 0.0437534 0.0412833 0.0378415 0.0331069 0.0271683 0.0205953
 0.00589169 0.00964884 0.0146707 0.0209648 0.0283647 0.0364096 0.0443205 0.0511981 0.0563523 0.0595182 0.0608247 0.0606106 0.0592628 0.0571425 0.0545664 0.0517995 0.0490469 0.046434 0.0439657 0.0414788 0.0386371 0.035031 0.0303856 0.0247769 0.0186979
 0.00612743 0.0100378 0.0152665 0.0218205 0.0295219 0.0378812 0.0460747 0.0531534 0.0583915 0.0615128 0.0626555 0.0621783 0.0604882 0.057964 0.0549363 0.05168 0.0484074 0.0452533 0.042245 0.0392646 0.0360459 0.0322575 0.0276777 0.022378 0.0167808
 0.00638991 0.0104638 0.0159066 0.0227216 0.0307189 0.0393835 0.0478509 0.0551253 0.0604428 0.0635098 0.0644698 0.0637016 0.0616398 0.0586896 0.0552023 0.0514648 0.0476948 0.0440324 0.0405209 0.0370805 0.0335079 0.0295456 0.0250258 0.0200212 0.0148898
 0.00661565 0.0108403 0.0164903 0.02357 0.0318777 0.0408667 0.0496221 0.0570934 0.0624778 0.0654709 0.0662295 0.0651583 0.0627189 0.0593414 0.0553975 0.0511894 0.0469435 0.0428066 0.038835 0.0349798 0.031091 0.0269765 0.0225182 0.0177917 0.013098
 0.00684838 0.0112202 0.0170653 0.0243867 0.032973 0.0422545 0.0512783 0.0589473 0.0644186 0.0673656 0.0679446 0.0665775 0.0637551 0.0599404 0.0555343 0.0508601 0.046156 0.0415762 0.0371882 0.032968 0.0288095 0.0245751 0.0201887 0.0157274 0.0114411
 0.00707148 0.0115849 0.0176177 0.0251701 0.0340193 0.0435701 0.0528301 0.0606598 0.066185 0.0690685 0.0694744 0.0678414 0.0646795 0.0604722 0.0556417 0.0505317 0.0453979 0.0404078 0.0356433 0.0311032 0.0267179 0.0223937 0.0180871 0.0138738 0.00995758
 0.00727725 0.011924 0.0181363 0.0259131 0.0350206 0.0448367 0.0543275 0.0623072 0.0678683 0.0706639 0.0708708 0.068953 0.0654488 0.0608658 0.0556453 0.0501447 0.0446298 0.0392787 0.0341874 0.0293768 0.024809 0.0204262 0.0162096 0.0122301 0.00864906
 0.00742749 0.012174 0.0185232 0.0264757 0.0357915 0.0458309 0.0555287 0.0636625 0.0692935 0.0720579 0.0721319 0.069992 0.0661971 0.0612799 0.0557054 0.0498498 0.0439924 0.0383208 0.032943 0.0278986 0.0231766 0.0187486 0.0146147 0.0108388 0.00754512
 0.0075347 0.0123457 0.0187775 0.0268295 0.0362597 0.0464241 0.056249 0.0644988 0.0702186 0.0730288 0.0730915 0.0708739 0.0669325 0.0618058 0.0559727 0.0498279 0.0436702 0.0377054 0.0320595 0.0267927 0.0219188 0.0174338 0.0133524 0.00973186 0.0066644
 0.00762479 0.0124878 0.0189833 0.027107 0.0366122 0.0468489 0.0567363 0.0650327 0.0707809 0.0736031 0.0736637 0.0714274 0.0674418 0.0622338 0.0562731 0.0499534 0.0435823 0.0373827 0.031503 0.0260297 0.0210042 0.0164472 0.012387 0.0088754 0.00597819
 0.00767247 0.012561 0.0190855 0.0272391 0.0367731 0.0470368 0.0569493 0.0652689 0.0710391 0.0738827 0.073965 0.0717499 0.0677798 0.0625719 0.0565826 0.0501937 0.0437064 0.0373481 0.0312836 0.0256252 0.0204453 0.0157931 0.0117141 0.00825916 0.00547426
 0.00772232 0.0126367 0.0191894 0.0273696 0.0369248 0.0472016 0.0571176 0.0654311 0.0711882 0.0740175 0.0740908 0.0718765 0.0679175 0.0627253 0.0567465 0.0503495 0.0438229 0.037387 0.0312096 0.0254186 0.0201121 0.0153676 0.0112514 0.00781973 0.005106
 0.00777671 0.0127177 0.0192975 0.0274999 0.0370685 0.0473478 0.0572551 0.0655501 0.0712816 0.0740828 0.0741316 0.071902 0.0679403 0.0627576 0.0567954 0.0504128 0.0438867 0.0374264 0.0311945 0.0253238 0.0199281 0.0151077 0.0109496 0.00751965 0.00484625
 0.00784041 0.0128167 0.0194374 0.0276817 0.0372871 0.0475903 0.0575008 0.0657724 0.071454 0.074187 0.0741625 0.0718681 0.06786 0.062653 0.0566873 0.0503158 0.0438057 0.0373546 0.0311154 0.0252173 0.0197799 0.0149176 0.0107335 0.00730397 0.00465744
 0.0078522 0.0128356 0.0194655 0.0277209 0.037339 0.0476558 0.0575793 0.0658605 0.0715456 0.0742734 0.074234 0.0719171 0.0678829 0.0626524 0.0566702 0.0502914 0.0437812 0.0373316 0.0310879 0.0251743 0.0197106 0.0148179 0.0106102 0.00717302 0.00453727
 0.00786497 0.0128507 0.0194779 0.0277231 0.0373236 0.0476198 0.0575269 0.0658037 0.0714996 0.0742516 0.0742433 0.0719561 0.0679434 0.0627228 0.0567399 0.0503535 0.0438329 0.0373719 0.0311152 0.0251842 0.0196978 0.0147797 0.0105502 0.00710112 0.00446616
 0.00788597 0.0128822 0.0195199 0.027773 0.0373756 0.0476653 0.0575555 0.065806 0.0714715 0.0741977 0.0741767 0.0718942 0.0679012 0.0627074 0.0567495 0.0503802 0.0438668 0.0374045 0.0311402 0.0251971 0.0196951 0.0147601 0.0105156 0.00705743 0.00442144
 0.00790535 0.0129101 0.0195552 0.0278123 0.0374141 0.0476977 0.0575773 0.0658137 0.0714624 0.0741701 0.074132 0.071838 0.0678432 0.0626593 0.0567208 0.0503747 0.0438816 0.037432 0.031171 0.0252227 0.0197096 0.0147608 0.0105033 0.00703612 0.00439674
 0.00790514 0.012909 0.019552 0.0278053 0.0374013 0.0476773 0.0575485 0.0657771 0.0714204 0.0741266 0.0740917 0.0718048 0.0678204 0.0626493 0.0567257 0.050396 0.0439187 0.0374815 0.0312262 0.0252755 0.0197527 0.0147897 0.0105172 0.00703757 0.00439042
 0.00789462 0.0128912 0.0195241 0.0277643 0.0373452 0.0476064 0.0574665 0.0656908 0.0713387 0.0740581 0.074043 0.0717797 0.0678198 0.0626719 0.0567685 0.0504552 0.0439903 0.0375609 0.0313079 0.0253532 0.01982 0.0148418 0.0105523 0.00705722 0.00439851
 0.00786888 0.0128473 0.0194545 0.0276614 0.0372037 0.047427 0.0572591 0.0654746 0.0711384 0.073898 0.0739409 0.0717446 0.0678508 0.0627607 0.0569019 0.0506179 0.0441677 0.0377403 0.0314789 0.0255072 0.0199506 0.0149449 0.0106272 0.00710647 0.00442734
 0.00787295 0.0128486 0.0194464 0.0276342 0.0371464 0.0473311 0.0571221 0.0653025 0.0709452 0.0737041 0.0737694 0.0716169 0.0677826 0.0627586 0.0569628 0.0507306 0.0443164 0.0379076 0.0316488 0.0256666 0.0200896 0.0150576 0.0107116 0.00716424 0.00446315
 0.00786523 0.0128362 0.0194279 0.0276074 0.0371084 0.0472775 0.0570476 0.0652027 0.0708194 0.0735578 0.0736152 0.0714735 0.0676703 0.0626946 0.0569571 0.050784 0.0444205 0.0380476 0.0318069 0.0258253 0.0202347 0.0151793 0.0108052 0.00723024 0.00450544
 0.00783367 0.0127837 0.019347 0.0274915 0.0369537 0.0470869 0.0568326 0.0649827 0.0706164 0.0733899 0.0734935 0.0714014 0.0676481 0.0627217 0.0570332 0.0509076 0.044586 0.0382445 0.0320199 0.0260369 0.0204284 0.0153429 0.0109325 0.007321 0.00456452
 0.00780636 0.0127385 0.0192773 0.0273908 0.0368166 0.0469118 0.0566242 0.0647533 0.0703854 0.0731803 0.0733269 0.071294 0.0676074 0.062747 0.0571179 0.0510422 0.0447605 0.0384476 0.0322385 0.026256 0.0206325 0.0155187 0.011072 0.00742242 0.00463171
 0.00776377 0.0126669 0.0191658 0.0272281 0.0365951 0.0466319 0.0562983 0.0644067 0.0700512 0.0728924 0.0731131 0.0711723 0.0675853 0.0628219 0.0572785 0.0512709 0.0450366 0.03875 0.0325473 0.0265529 0.0209013 0.0157467 0.0112516 0.00755295 0.00471852
 0.00772606 0.0126076 0.01908 0.0271121 0.0364459 0.0464477 0.0560801 0.0641599 0.0697881 0.0726321 0.0728797 0.0709913 0.0674781 0.0628016 0.0573477 0.051422 0.0452537 0.0390123 0.0328316 0.0268366 0.0211643 0.0159736 0.011433 0.00768651 0.00480846
 0.00933927 0.0148648 0.021802 0.0299072 0.0388242 0.0480025 0.056632 0.0637824 0.0687218 0.0711614 0.0712437 0.069354 0.0659389 0.0614177 0.0561505 0.0504253 0.0444568 0.0384026 0.0323876 0.0265312 0.0209681 0.0158577 0.0113716 0.00765847 0.00479836
 0.00931116 0.0151187 0.0227122 0.0319386 0.0423298 0.0529502 0.0624308 0.0693796 0.072978 0.0733 0.0711073 0.0673437 0.0627367 0.0576948 0.0524024 0.0469461 0.0413888 0.0357968 0.0302465 0.0248309 0.0196687 0.0149082 0.0107134 0.00722923 0.00453738
 0.00896307 0.0145686 0.0219362 0.0309832 0.0413679 0.0523198 0.0625963 0.0707669 0.075722 0.077056 0.0750922 0.0706346 0.0646572 0.0580496 0.0514477 0.0451737 0.0392931 0.0337393 0.0284314 0.0233417 0.0185154 0.0140622 0.0101272 0.00684803 0.00430645
 0.00878235 0.0142685 0.0214734 0.0303158 0.0404715 0.0512175 0.0613986 0.0697017 0.0751192 0.0772583 0.0763009 0.0727608 0.0672854 0.0605715 0.0533096 0.04609 0.0393041 0.0331119 0.0274964 0.0223691 0.0176671 0.0134033 0.00965967 0.00654199 0.00412147
 0.00869664 0.0141206 0.0212344 0.0299524 0.0399518 0.0505221 0.0605357 0.0687213 0.0741264 0.0764183 0.0758253 0.0728565 0.068065 0.0619663 0.0550484 0.0477841 0.0406027 0.0338356 0.0276719 0.0221639 0.0172847 0.0130031 0.00932954 0.00630842 0.00397494
 0.00867777 0.0140866 0.0211762 0.0298572 0.0398026 0.0502988 0.0602183 0.0682961 0.0735949 0.0758101 0.0752103 0.072349 0.0678069 0.0620824 0.055584 0.0486587 0.0416204 0.0347584 0.0283189 0.0224749 0.0173152 0.0128684 0.00914148 0.0061392 0.00385331
 0.00869604 0.0141113 0.0212039 0.0298806 0.0398113 0.0502805 0.0601597 0.0681831 0.0734139 0.0755515 0.0748759 0.0719631 0.0674254 0.0617899 0.0554731 0.0487907 0.0419869 0.0352711 0.0288416 0.0228831 0.0175467 0.0129343 0.00909957 0.00605477 0.0037719
 0.00868351 0.014097 0.0211932 0.0298813 0.0398302 0.0503189 0.0602093 0.0682268 0.0734295 0.075518 0.0747789 0.0717988 0.0672047 0.0615435 0.0552512 0.0486535 0.0419819 0.0354079 0.0290805 0.02315 0.0177678 0.0130681 0.00914627 0.00604303 0.0037361
 0.00865697 0.0140559 0.0211355 0.0298078 0.0397455 0.0502322 0.060134 0.0681768 0.0734136 0.075534 0.0748122 0.0718268 0.0672058 0.061507 0.0551838 0.0485805 0.0419393 0.0354268 0.0291706 0.0232924 0.0179232 0.013197 0.00922704 0.00607678 0.00373847
 0.00862917 0.0140118 0.0210715 0.0297216 0.0396373 0.0501059 0.0599986 0.0680469 0.0733066 0.0754663 0.0747931 0.0718545 0.0672676 0.0615825 0.0552539 0.0486355 0.0419835 0.0354752 0.0292391 0.0233862 0.0180323 0.0133016 0.00930897 0.00612794 0.00376237
 0.00863357 0.0140144 0.0210669 0.0297021 0.0395949 0.0500356 0.0599016 0.0679308 0.0731849 0.0753543 0.0747056 0.071803 0.0672568 0.0616095 0.0553086 0.048704 0.0420544 0.0355438 0.0293078 0.0234593 0.01811 0.0133778 0.00937423 0.00617534 0.00379079
 0.00863236 0.0140176 0.0210808 0.0297343 0.0396507 0.0501131 0.0599885 0.0680066 0.0732277 0.0753502 0.0746541 0.0717161 0.067154 0.0615107 0.0552279 0.0486477 0.0420215 0.03553 0.0293088 0.0234724 0.0181332 0.0134073 0.00940459 0.00620105 0.0038087
 0.00861328 0.013987 0.0210362 0.0296748 0.0395793 0.0500376 0.0599216 0.0679627 0.0732167 0.0753713 0.0746956 0.071761 0.0671885 0.0615297 0.0552353 0.0486523 0.0420313 0.035549 0.029337 0.0235072 0.0181713 0.0134452 0.00943884 0.00622881 0.00382853
 0.00862859 0.0140075 0.0210588 0.0296939 0.0395878 0.0500298 0.0598957 0.0679221 0.0731695 0.0753284 0.0746665 0.0717498 0.0671922 0.0615401 0.0552441 0.0486551 0.0420293 0.0355469 0.0293392 0.0235163 0.0181867 0.0134645 0.00945879 0.0062465 0.00384214
 0.00861756 0.0139933 0.021044 0.0296827 0.0395838 0.0500336 0.0599033 0.0679258 0.073162 0.0753068 0.0746345 0.0717162 0.067167 0.0615294 0.0552481 0.0486691 0.0420474 0.035565 0.0293564 0.0235333 0.0182046 0.0134831 0.00947672 0.0062621 0.00385419
 0.00861756 0.0139933 0.021044 0.0296827 0.0395838 0.0500336 0.0599033 0.0679258 0.073162 0.0753068 0.0746345 0.0717162 0.067167 0.0615294 0.0552481 0.0486691 0.0420474 0.035565 0.0293564 0.0235333 0.0182046 0.0134831 0.00947672 0.0062621 0.00385419
 0.00912659 0.0147953 0.0221997 0.0312213 0.0414857 0.05221 0.0621813 0.0700596 0.0748807 0.0763849 0.0749499 0.0712718 0.0660737 0.0599665 0.0534181 0.0467595 0.0402068 0.0338951 0.0279159 0.0223474 0.0172735 0.012789 0.0089887 0.0059409 0.00365786
 0.00933891 0.0151864 0.0228705 0.0322873 0.0430411 0.0542736 0.0646505 0.0727031 0.0773837 0.0784259 0.0762738 0.0717361 0.0656626 0.0587808 0.051645 0.0446306 0.0379536 0.0317139 0.0259489 0.0206788 0.0159369 0.0117787 0.00827077 0.00546418 0.00336417
 0.00944922 0.0153734 0.0231693 0.0327426 0.043707 0.0552061 0.0658897 0.0742474 0.0791625 0.0802852 0.0779907 0.073064 0.0663948 0.0588055 0.0509706 0.0433745 0.0363059 0.0298898 0.0241461 0.0190487 0.0145725 0.0107161 0.00750057 0.00494594 0.003042
 0.00932993 0.0151907 0.0229172 0.0324285 0.043357 0.0548706 0.0656464 0.0741956 0.0794019 0.0808828 0.0789447 0.0742831 0.067705 0.0599893 0.051826 0.0437729 0.036223 0.029401 0.0233913 0.0181865 0.0137396 0.0100046 0.0069526 0.00456236 0.00279737
 0.00895247 0.0145683 0.0219688 0.0310864 0.041597 0.0527533 0.0633485 0.0720024 0.077649 0.0798671 0.0788464 0.0751261 0.0693581 0.0621981 0.0542669 0.0461209 0.0382192 0.0308991 0.0243685 0.0187178 0.0139515 0.0100281 0.00689173 0.00448306 0.00273125
#pred catch len freq
 0.00350043 0.00559219 0.00826784 0.0115191 0.0153655 0.0198274 0.0248609 0.0303203 0.035977 0.0415663 0.0468294 0.0515499 0.0555816 0.0588517 0.0613334 0.0630075 0.0638375 0.0637593 0.0626689 0.0603983 0.0567104 0.051372 0.0443365 0.0359507 0.0270159
 0.00380641 0.00602023 0.00878794 0.0120714 0.0158913 0.0203108 0.0253479 0.0308929 0.0366884 0.0423758 0.0475826 0.0520235 0.0555733 0.0582703 0.0602475 0.0616331 0.0624687 0.0626666 0.0620049 0.0601522 0.0567347 0.0514686 0.0443521 0.0358313 0.0267978
 0.00394636 0.00627413 0.00921406 0.0127279 0.0168089 0.0214597 0.0266241 0.0321462 0.0377866 0.04326 0.0482671 0.0525341 0.0558767 0.0582584 0.0597976 0.0607017 0.0611508 0.061177 0.0605908 0.0589909 0.0558757 0.0508494 0.0438678 0.0354049 0.0264091
 0.00412506 0.0065499 0.00960685 0.01326 0.0175163 0.0223983 0.0278557 0.0336978 0.0396004 0.0451721 0.0500417 0.0539434 0.0567717 0.0585842 0.0595562 0.0599148 0.0598645 0.0594953 0.058689 0.0570781 0.0541282 0.0493631 0.0426597 0.0344502 0.0256772
 0.00436818 0.00692746 0.0101426 0.0139657 0.0183938 0.0234441 0.0290658 0.0350722 0.0411419 0.0468701 0.0518402 0.0557113 0.0583066 0.0596603 0.0599924 0.0596224 0.0588552 0.0578666 0.0566064 0.054755 0.0517912 0.0472086 0.0408198 0.0329849 0.0245873
 0.00463958 0.00735488 0.010761 0.014801 0.0194613 0.0247452 0.0305815 0.0367572 0.0429278 0.0486769 0.0535898 0.0573299 0.059712 0.0607433 0.0606132 0.0596357 0.0581572 0.0564398 0.0545405 0.0522379 0.0490747 0.0445573 0.0384581 0.0310577 0.0231464
 0.00490133 0.0077714 0.0113726 0.0156435 0.0205647 0.0261292 0.0322453 0.0386669 0.0450087 0.0508161 0.0556496 0.0591698 0.06121 0.0618056 0.0611654 0.0596078 0.0574805 0.0550697 0.0524972 0.0496402 0.0461425 0.0415747 0.0357087 0.0287576 0.0214012
 0.00518651 0.00821784 0.0120145 0.0165065 0.0216688 0.0274903 0.0338696 0.0405398 0.047082 0.053001 0.057818 0.0611674 0.0628787 0.0630074 0.0617989 0.0596075 0.0568083 0.0537107 0.050474 0.0470437 0.0431557 0.038464 0.0327721 0.0262492 0.0194677
 0.00546127 0.00865674 0.0126616 0.0174004 0.0228398 0.0289535 0.0356154 0.0425263 0.0492345 0.055218 0.0599791 0.0631404 0.0645277 0.0642038 0.0624341 0.059603 0.0561191 0.0523269 0.0484277 0.0444263 0.0401383 0.035297 0.0297483 0.0236335 0.0174272
 0.00574806 0.00910749 0.0133132 0.0182828 0.0239775 0.0303662 0.0373096 0.0444811 0.0513887 0.0574653 0.0621771 0.0651304 0.0661595 0.0653541 0.063013 0.0595514 0.0554046 0.0509441 0.0464087 0.0418583 0.0371821 0.0321883 0.0267659 0.0210364 0.015386
 0.00605515 0.00958673 0.0139985 0.019196 0.0251301 0.0317602 0.038934 0.0463051 0.0533563 0.0594937 0.0641585 0.0669383 0.0676599 0.0664225 0.0635499 0.0594915 0.0547166 0.0496289 0.0445019 0.0394438 0.0344081 0.0292704 0.0239603 0.0185841 0.0134496
 0.00634128 0.0100401 0.0146596 0.0200971 0.0262926 0.0331892 0.0406094 0.0481737 0.0553318 0.0614662 0.066008 0.0685476 0.0689249 0.067258 0.0638916 0.0592962 0.053963 0.0483196 0.0426709 0.0371688 0.0318236 0.0265694 0.0213717 0.0163231 0.0116626
 0.00664394 0.0105165 0.0153488 0.0210284 0.0274853 0.0346493 0.0423204 0.0500855 0.0573543 0.0634741 0.0678553 0.0700907 0.0700457 0.0678796 0.0639807 0.0588533 0.053009 0.0468878 0.0408099 0.0349554 0.0293777 0.0240586 0.0189925 0.0142595 0.0100378
 0.00701629 0.0110921 0.0161612 0.0220932 0.0288032 0.03621 0.0440988 0.0520314 0.0593839 0.0654683 0.0696696 0.0715743 0.0710669 0.0683489 0.0638634 0.0581666 0.0518078 0.0452469 0.0388143 0.0327019 0.0269857 0.0216756 0.0167825 0.0123712 0.0085661
 0.00723705 0.0114554 0.0167162 0.0228883 0.029877 0.0375758 0.0457292 0.0538525 0.0612838 0.0673162 0.0713341 0.0729346 0.0720208 0.0688203 0.0638108 0.0575889 0.0507427 0.0437638 0.037004 0.0306712 0.0248566 0.0195842 0.0148681 0.0107531 0.0073154
 0.00727173 0.0115309 0.0168677 0.0231674 0.0303477 0.0383033 0.0467619 0.0552004 0.0629 0.0690893 0.0730998 0.0745083 0.0732376 0.0695662 0.0640333 0.0572899 0.0499647 0.0425775 0.0355005 0.0289577 0.0230532 0.0178185 0.013263 0.00940705 0.00628269
 0.00731364 0.0115788 0.0169049 0.023172 0.0303079 0.0382368 0.0467292 0.0552987 0.0632351 0.0697339 0.0740586 0.0757029 0.0745203 0.0707558 0.0649601 0.0578323 0.0500666 0.0422463 0.0347934 0.0279666 0.0218918 0.01661 0.0121248 0.00843288 0.00552654
 0.00745532 0.0117898 0.0171845 0.0235022 0.0306528 0.038547 0.046952 0.0553971 0.063211 0.0696439 0.0740046 0.0757942 0.0748217 0.0712524 0.0655565 0.0583868 0.0504397 0.0423416 0.0345778 0.0274693 0.0211897 0.0158063 0.0113263 0.00772792 0.00496946
 0.00761345 0.0120382 0.0175416 0.0239782 0.0312452 0.0392356 0.0476917 0.056115 0.0638157 0.0700487 0.0741579 0.0757041 0.0745586 0.0709218 0.0652528 0.0581517 0.0502503 0.0421313 0.0342765 0.0270383 0.0206377 0.0151839 0.0107051 0.00717578 0.00453109
 0.00767082 0.0121267 0.0176671 0.0241454 0.0314602 0.0395073 0.0480297 0.056522 0.0642763 0.0705214 0.0745781 0.0760017 0.0746844 0.0708701 0.0650639 0.0578916 0.0499764 0.0418671 0.0340086 0.026737 0.0202839 0.0147859 0.010297 0.00680156 0.00422592
 0.00771412 0.0121846 0.0177314 0.0242013 0.0314919 0.0395057 0.0480005 0.0564872 0.0642695 0.0705764 0.0747147 0.0762134 0.0749364 0.0711101 0.0652432 0.0579845 0.0499851 0.0418107 0.0339052 0.0265939 0.0201014 0.0145688 0.010062 0.00657504 0.00403302
 0.00754511 0.0119459 0.0174382 0.0238885 0.0312021 0.0392715 0.0478319 0.056375 0.0641999 0.070548 0.0747442 0.0763269 0.0751513 0.0714194 0.065612 0.0583609 0.0503192 0.0420691 0.0340753 0.0266783 0.0201108 0.0145183 0.00997135 0.00646716 0.00392976
 0.00746117 0.0117995 0.0172015 0.0235352 0.0307199 0.0386786 0.0471861 0.0557652 0.0637185 0.0702588 0.0746669 0.0764445 0.0754302 0.0718245 0.066109 0.0589103 0.0508738 0.0425801 0.034503 0.0270004 0.020324 0.0146348 0.0100133 0.00646081 0.00389988
