SBPRF35
12.7214
Curr Bio
829206
B35
844524
F35
0.17136
FOFL
0.164939
OFL
109587
Bzero
3.63469e+006
#pred survey bio
 2.96839e+006 2.70163e+006 2.46246e+006 2.22381e+006 2.01453e+006 1.77631e+006 1.59862e+006 1.4269e+006 1.27769e+006 1.11824e+006 1.0143e+006 915727 810481 747166 687884 650569 615215 593155 575862 563848 556808 547291 541035 542977 535753 545999 547628 551679 557903 569227 580121 586459 607351 623775 619968 641542 650190 662069 656013 663309 667314 664253 662384 671078 667408 656622 666734 719635 762052 814746 853173 847306 855346 834703 2.86836e+007 1.6963e+007 1.7078e+007 1.78675e+007 1.91257e+007 2.05846e+007 2.20369e+007 2.33575e+007 2.44894e+007 2.54213e+007 2.61672e+007 2.67526e+007 2.72061e+007 2.75542e+007 2.78202e+007 2.80229e+007 2.81773e+007 2.82951e+007 2.83853e+007 2.84546e+007 2.8508e+007 2.85493e+007 2.85816e+007 2.86068e+007 2.86266e+007 2.86422e+007 2.86546e+007 2.86644e+007 2.86722e+007 2.86785e+007 2.86835e+007 2.86876e+007 2.86908e+007 2.86935e+007 2.86956e+007 2.86973e+007 2.86987e+007 2.86999e+007 2.87008e+007 2.87016e+007 2.87022e+007 2.87027e+007 2.87031e+007 2.87035e+007 2.87037e+007 2.8704e+007 2.87042e+007 2.87043e+007 2.87044e+007 2.87045e+007 2.87046e+007 2.87047e+007 2.87047e+007 2.87048e+007 2.87048e+007 2.87049e+007 2.87049e+007 2.87049e+007 2.87049e+007 2.87049e+007 2.87049e+007 2.87049e+007 2.8705e+007 2.8705e+007 2.8705e+007 2.8705e+007 2.8705e+007 2.8705e+007 2.8705e+007 2.8705e+007 2.8705e+007 2.8705e+007 2.8705e+007 2.8705e+007 2.8705e+007 2.8705e+007 2.8705e+007 2.8705e+007 2.8705e+007 2.8705e+007 2.8705e+007 2.8705e+007 2.8705e+007 2.8705e+007 2.8705e+007 2.8705e+007 2.8705e+007 2.8705e+007 2.8705e+007 2.8705e+007 2.8705e+007 2.8705e+007 2.8705e+007 2.8705e+007 2.8705e+007 2.8705e+007 2.8705e+007 2.8705e+007 2.8705e+007 2.8705e+007 0 0 0 0 0 0 0 0 0 0 0 0 0 0 0 0 0 0 0 0 0 0 0 0 0
#obs survey bio
 2.73138e+006 2.784e+006 2.13987e+006 1.46039e+006 1.27091e+006 1.76777e+006 1.60068e+006 1.57013e+006 955009 1.39344e+006 883068 684879 724084 965328 629276 946457 774042 578671 512887 592573 425982 628366 485705 471059 478179 592549 674321 627431 619017 333387 376844 520477 635322 644318 559594 665303 546906 587522 646026 621847 527071 560297 587099 598209 776671 583562 624979 598412 689308 903465 1.01288e+006 1.15683e+006 796446 1.07307e+006
#pred catch bio
 285843 274871 289045 276729 315336 270502 272511 257810 269605 222068 218645 222739 182785 174988 151702 145856 130690 123634 116570 110419 110898 106726 99307.1 106572 91465.8 98816.7 96502.6 95063.3 92230.2 94886.5 100514 89870 95377.5 112455 90882.7 102522 99766.5 114440 102461 105697 112091 111344 103036 113845 118905 101046 67664.4 79893.1 72742.6 85646 121870 107354 129215 119240 109587 111716 111131 114740 122166 131240 140311 148471 155340 160862 165155 168410 170831 172604 173888 174808 175464 175928 176254 176483 176644 176756 176833 176888 176925 176951 176969 176982 176990 176996 177000 177003 177005 177006 177007 177008 177008 177008 177009 177009 177009 177009 177009 177009 177009 177009 177009 177009 177009 177009 177009 177009 177009 177009 177009 177009 177009 177009 177009 177009 177009 177009 177009 177009 177009 177009 177009 177009 177009 177009 177009 177009 177009 177009 177009 177009 177009 177009 177009 177009 177009 177009 177009 177009 177009 177009 177009 177009 177009 177009 177009 177009 177009 177009 177009 177009 177009 177009 177009 177009 0 0 0 0 0 0 0 0 0 0 0 0 0 0 0 0 0 0 0 0 0 0 0 0 0
#obs catch bio
 246534 274906 289727 277533 318756 272852 273478 257613 272082 222137 218780 225948 185132 176237 152712 146637 131002 124351 116989 110439 111145 106644 99297.9 107300 91855.7 98885.9 96342.6 94748.4 91963.3 95383.1 101829 90441.2 96039.4 113378 91137.9 102798 99904.5 114534 102332 105509 112090 111865 103527 114433 119518 101409 67489.5 80464.4 72928.1 85806.5 122668 107057 129633 119186
#pred cpue bio
 2.91586e+006 2.65101e+006 2.41353e+006 2.17593e+006 1.9673e+006 1.73069e+006 1.55432e+006 1.38419e+006 1.23621e+006 1.07858e+006 975635 878107 774662 712950 655643 619668 585680 564584 548094 536726 530115 521020 515034 516932 509981 520100 521902 525925 531904 542606 552798 558807 579192 595372 591890 613052 621700 633446 627685 634811 638641 635456 633455 641890 638435 628043 637809 689392 731343 783513 821700 816395 824423 804712 2.76859e+007 1.63874e+007 1.63574e+007 1.69565e+007 1.81366e+007 1.95741e+007 2.10215e+007 2.2341e+007 2.34727e+007 2.44046e+007 2.51504e+007 2.57359e+007 2.61893e+007 2.65375e+007 2.68034e+007 2.70061e+007 2.71605e+007 2.72784e+007 2.73686e+007 2.74378e+007 2.74912e+007 2.75326e+007 2.75648e+007 2.759e+007 2.76098e+007 2.76255e+007 2.76378e+007 2.76477e+007 2.76555e+007 2.76617e+007 2.76668e+007 2.76708e+007 2.76741e+007 2.76767e+007 2.76789e+007 2.76806e+007 2.7682e+007 2.76832e+007 2.76841e+007 2.76849e+007 2.76855e+007 2.7686e+007 2.76864e+007 2.76867e+007 2.7687e+007 2.76872e+007 2.76874e+007 2.76876e+007 2.76877e+007 2.76878e+007 2.76879e+007 2.76879e+007 2.7688e+007 2.7688e+007 2.76881e+007 2.76881e+007 2.76881e+007 2.76882e+007 2.76882e+007 2.76882e+007 2.76882e+007 2.76882e+007 2.76882e+007 2.76882e+007 2.76882e+007 2.76882e+007 2.76882e+007 2.76882e+007 2.76882e+007 2.76882e+007 2.76882e+007 2.76882e+007 2.76882e+007 2.76882e+007 2.76882e+007 2.76883e+007 2.76883e+007 2.76883e+007 2.76883e+007 2.76883e+007 2.76883e+007 2.76883e+007 2.76883e+007 2.76883e+007 2.76883e+007 2.76883e+007 2.76883e+007 2.76883e+007 2.76883e+007 2.76883e+007 2.76883e+007 2.76883e+007 2.76883e+007 2.76883e+007 2.76883e+007 2.76883e+007 2.76883e+007 2.76883e+007 2.76883e+007 2.76883e+007 0 0 0 0 0 0 0 0 0 0 0 0 0 0 0 0 0 0 0 0 0 0 0 0 0
#obs cpue bio
 2.88056e+006 2.41823e+006 2.46887e+006 2.40908e+006 2.14113e+006 1.33823e+006 2.61174e+006 1.54089e+006 989428 1.13331e+006 1.14354e+006 573970 629047 738320 588429 454764 486254 448593 650320 598260 621791 545579 495610 433726 469942 733246 478903 547172 461110 475665 474017 691266 500729 681982 551897 799288 650625 957158 602299 763987 740469 506519 547190 775443 570344 745168 624164 516912 752991 831868 778944 809686 759782 710467
#pred surv len freq
 0.00525358 0.0085379 0.0128623 0.018203 0.0244172 0.0311546 0.0378323 0.0437762 0.0484742 0.0517441 0.0537069 0.0546354 0.0548194 0.0545024 0.0538688 0.0530513 0.0521452 0.0512101 0.0502311 0.0490373 0.0472368 0.0442752 0.039679 0.0333896 0.0259558
 0.00555072 0.00895982 0.013389 0.0187909 0.025028 0.031794 0.0385652 0.0447005 0.0496567 0.0531591 0.0552174 0.0560351 0.0559097 0.0551611 0.0540764 0.0528695 0.0516643 0.0504944 0.0492882 0.0478289 0.0457283 0.0424971 0.0377587 0.0315268 0.0243503
 0.00586861 0.00947273 0.0141493 0.0198329 0.0263493 0.033335 0.0402045 0.0462832 0.051054 0.0543204 0.0561738 0.0568446 0.0565873 0.0556488 0.0542726 0.0526879 0.051075 0.0495214 0.0479768 0.0462185 0.0438578 0.0404376 0.0356416 0.0295322 0.0226543
 0.00616839 0.00995914 0.01488 0.0208621 0.0277174 0.0350508 0.0422222 0.0484872 0.0532665 0.0563372 0.0578171 0.0580108 0.0572621 0.0558789 0.0541132 0.0521625 0.0501741 0.0482287 0.0462977 0.0441929 0.0415641 0.0379975 0.0332203 0.0273178 0.0208112
 0.00635626 0.0102772 0.0153828 0.0216101 0.0287672 0.0364372 0.0439394 0.0504776 0.0554224 0.0585124 0.0598426 0.0597163 0.0585045 0.0565709 0.0542349 0.0517462 0.0492706 0.046882 0.0445435 0.0420787 0.0391748 0.0354706 0.0307384 0.0250759 0.0189674
 0.00661165 0.0106904 0.016002 0.0224812 0.0299284 0.0379091 0.0457111 0.0524977 0.0575995 0.0607242 0.0619481 0.0615668 0.059956 0.0575003 0.0545575 0.0514288 0.0483307 0.0453745 0.0425444 0.0396821 0.0365038 0.0326902 0.0280501 0.0226838 0.0170274
 0.006864 0.0110822 0.0165581 0.0232154 0.0308456 0.0390074 0.0469817 0.0539213 0.0591433 0.0623411 0.0635746 0.0631207 0.0613353 0.0585881 0.0552351 0.0515943 0.0479187 0.0443686 0.0409814 0.0376501 0.0341403 0.0301776 0.0255992 0.0204984 0.0152575
 0.00719445 0.011605 0.0173169 0.0242384 0.0321374 0.0405396 0.048685 0.0556901 0.060859 0.0639021 0.0649177 0.0642191 0.0621792 0.0591613 0.0554994 0.0514892 0.0473757 0.0433345 0.0394441 0.0356582 0.031812 0.027694 0.0231774 0.0183464 0.013524
 0.0074015 0.0119573 0.0178758 0.0250689 0.0332924 0.0420346 0.0504745 0.0576619 0.062853 0.0657485 0.0664739 0.065394 0.0629384 0.0595141 0.0554748 0.0511088 0.046638 0.0422189 0.0379338 0.0337727 0.0296339 0.0253746 0.0209141 0.0163351 0.0119063
 0.00777935 0.0125444 0.0187101 0.0261712 0.0346677 0.0436727 0.0523431 0.0596948 0.0649429 0.067751 0.0682261 0.0667432 0.0637735 0.0597871 0.0552015 0.0503486 0.0454628 0.0406889 0.0360928 0.0316667 0.0273401 0.0230204 0.0186674 0.0143661 0.0103376
 0.00807866 0.0130127 0.0193803 0.0270607 0.0357745 0.0449725 0.0537863 0.0612107 0.0664522 0.0691808 0.0695143 0.0678299 0.0645913 0.0602631 0.0552739 0.0499862 0.0446736 0.0395123 0.0345869 0.0299021 0.0254072 0.021038 0.0167788 0.0127125 0.00902039
 0.00815146 0.0131768 0.0197104 0.0276508 0.0367109 0.0462923 0.0554433 0.0630717 0.0683324 0.0708968 0.070929 0.0688693 0.0652338 0.0605154 0.0551495 0.0494953 0.043827 0.038332 0.0331151 0.0282058 0.0235792 0.0191954 0.0150516 0.0112205 0.00784432
 0.00821098 0.0132895 0.0199123 0.0279927 0.0372554 0.0471032 0.0565663 0.0645101 0.0700241 0.0727069 0.0726674 0.0703346 0.0662667 0.0610342 0.0551515 0.0490317 0.0429694 0.0371518 0.0316801 0.0265894 0.0218705 0.0175014 0.0134873 0.00988731 0.00680542
 0.00823038 0.0133042 0.0199054 0.0279437 0.0371542 0.0469677 0.0564564 0.0645231 0.0702694 0.0732658 0.0735549 0.0714804 0.0675242 0.0622185 0.0560899 0.0496052 0.0431292 0.0369102 0.0310903 0.0257288 0.0208326 0.0163921 0.0124154 0.00894766 0.00606018
 0.00835923 0.0135001 0.0201734 0.0282757 0.0375267 0.0473433 0.0567885 0.0647708 0.0704177 0.0733433 0.0736319 0.0716412 0.067825 0.062653 0.0565832 0.0500385 0.0433829 0.0369016 0.030793 0.0251712 0.020085 0.0155491 0.0115777 0.0082027 0.00546516
 0.00835496 0.0135007 0.0201879 0.0283168 0.037606 0.0474651 0.0569444 0.0649384 0.0705675 0.073451 0.073693 0.0716794 0.0678881 0.0627923 0.0568241 0.0503592 0.043713 0.037147 0.0308712 0.0250414 0.0197594 0.0150851 0.011057 0.00770593 0.00505117
 0.00844405 0.0136275 0.020346 0.0284902 0.0377755 0.0476172 0.0570772 0.0650587 0.0706821 0.0735577 0.0737785 0.0717276 0.0678932 0.062768 0.0568003 0.0503649 0.0437559 0.0372018 0.0308878 0.0249688 0.0195716 0.0147942 0.0107073 0.00735524 0.0047486
 0.00846428 0.0136598 0.0203927 0.0285509 0.0378455 0.0476856 0.0571277 0.0650758 0.0706593 0.0735041 0.0737168 0.0716834 0.0678832 0.0627954 0.0568594 0.0504488 0.043858 0.0373103 0.03098 0.0250138 0.0195431 0.0146853 0.0105363 0.00715788 0.00456276
 0.0084776 0.0136774 0.0204119 0.0285673 0.0378542 0.0476837 0.0571156 0.0650556 0.0706326 0.0734709 0.0736773 0.0716422 0.0678507 0.0627848 0.0568808 0.0505047 0.0439424 0.0374102 0.031077 0.0250863 0.0195712 0.014659 0.0104608 0.00705273 0.00445311
 0.00852596 0.013742 0.0204833 0.0286276 0.0378826 0.0476638 0.0570421 0.064937 0.0704877 0.0733229 0.0735472 0.071545 0.0677937 0.0627698 0.0569064 0.0505675 0.0440361 0.0375243 0.0311963 0.0251924 0.0196468 0.014693 0.010453 0.00701373 0.00439971
 0.00853709 0.0137603 0.0205105 0.0286635 0.0379228 0.0476974 0.0570522 0.0649047 0.0704009 0.0731841 0.0733764 0.0713733 0.0676531 0.0626826 0.0568814 0.0506011 0.044117 0.0376372 0.0313238 0.0253161 0.0197501 0.014764 0.0104881 0.00701802 0.00438436
 0.00858014 0.0138254 0.0205993 0.0287745 0.0380512 0.0478359 0.0571905 0.0650283 0.0704914 0.0732217 0.073346 0.071272 0.0674938 0.0624922 0.0566926 0.0504424 0.0440054 0.0375762 0.0313059 0.0253272 0.0197737 0.0147858 0.0104992 0.00701622 0.00437305
 0.00865955 0.0139395 0.0207433 0.0289341 0.0382071 0.04797 0.0572911 0.0650916 0.070519 0.0732169 0.0733109 0.0712059 0.0673957 0.0623645 0.0565446 0.0502904 0.0438686 0.0374702 0.0312376 0.0252937 0.019765 0.0147894 0.0105045 0.00701739 0.00436914
 0.00857717 0.0138261 0.0206098 0.0288023 0.038101 0.047905 0.0572661 0.065091 0.0705234 0.0732151 0.0733049 0.0712068 0.0674142 0.0624037 0.0565993 0.0503521 0.0439312 0.0375326 0.0313016 0.0253601 0.0198313 0.0148499 0.0105536 0.00705198 0.00438972
 0.00857692 0.0138233 0.0206021 0.0287883 0.0380837 0.0478945 0.0572792 0.0651447 0.0706239 0.0733497 0.0734435 0.0713144 0.0674664 0.0623956 0.0565429 0.050267 0.0438363 0.0374419 0.0312242 0.0253013 0.0197922 0.0148279 0.0105435 0.00704831 0.00438835
 0.00849311 0.0136818 0.0203803 0.0284641 0.0376433 0.0473439 0.0566542 0.0645123 0.0700707 0.0729591 0.0732728 0.0713791 0.0677388 0.0628167 0.0570426 0.0507831 0.0443249 0.0378787 0.0315992 0.0256128 0.0200426 0.0150216 0.0106861 0.0071468 0.0044513
 0.00852389 0.0137245 0.0204299 0.0285086 0.0376638 0.047316 0.0565528 0.0643195 0.0697853 0.0726059 0.072902 0.0710557 0.067522 0.0627405 0.0571069 0.0509581 0.0445657 0.038141 0.0318499 0.0258327 0.0202237 0.015163 0.0107907 0.00721957 0.00449829
 0.00859559 0.0138261 0.0205549 0.0286409 0.0377808 0.0473949 0.0565751 0.0642722 0.0696612 0.0724043 0.0726332 0.0707452 0.0672108 0.0624778 0.0569356 0.0509008 0.0446182 0.0382763 0.0320303 0.0260223 0.0203968 0.0153057 0.0108988 0.00729526 0.00454725
 0.00873993 0.0140373 0.0208286 0.0289564 0.0381045 0.0476882 0.0568011 0.0644009 0.0696735 0.0722951 0.0724127 0.0704368 0.0668479 0.0620999 0.0565847 0.0506152 0.0444241 0.0381811 0.0320214 0.0260734 0.0204775 0.0153909 0.0109727 0.00735111 0.00458497
 0.0087736 0.0141011 0.0209401 0.0291344 0.0383608 0.0480156 0.0571663 0.0647476 0.0699385 0.0724291 0.072395 0.0702771 0.0665776 0.0617612 0.0562217 0.0502691 0.0441293 0.037961 0.0318844 0.0260121 0.0204727 0.0154187 0.011012 0.00738802 0.00461303
 0.0086314 0.0139054 0.020712 0.0289173 0.0382106 0.0479832 0.0572802 0.0650045 0.0703026 0.0728396 0.0727796 0.07057 0.0667364 0.0617764 0.0561146 0.0500812 0.0439088 0.0377512 0.0317161 0.0258997 0.020415 0.0154032 0.0110216 0.00740733 0.00463202
 0.00858216 0.0138175 0.0205672 0.0286996 0.0379172 0.0476375 0.0569392 0.0647489 0.0702096 0.0729501 0.0730786 0.070991 0.0671866 0.0621682 0.0563903 0.050223 0.0439343 0.0376995 0.0316315 0.0258183 0.0203575 0.0153749 0.0110168 0.00741592 0.00464471
 0.00843732 0.0135906 0.0202415 0.028265 0.0373716 0.0469908 0.05622 0.0640118 0.0695362 0.0724386 0.0728204 0.0710415 0.0675427 0.0627647 0.0571201 0.0509719 0.0446131 0.0382607 0.0320671 0.0261458 0.0206026 0.0155596 0.0111555 0.00751684 0.00471388
 0.00830689 0.01339 0.0199611 0.0279031 0.0369341 0.0464904 0.0556754 0.0634494 0.0689901 0.0719503 0.0724388 0.0708196 0.0675276 0.0629809 0.0575536 0.0515662 0.0452834 0.0389202 0.0326508 0.0266217 0.0209676 0.0158276 0.0113456 0.00764689 0.0047985
 0.00835369 0.0134577 0.020047 0.0279988 0.0370268 0.0465649 0.0557167 0.0634422 0.0689199 0.071806 0.0722181 0.0705363 0.0672163 0.0626935 0.0573459 0.0514783 0.0453239 0.0390634 0.0328498 0.0268281 0.0211476 0.0159668 0.0114445 0.00771298 0.0048406
 0.00822841 0.0132586 0.0197565 0.0276051 0.0365282 0.0459753 0.0550704 0.0627939 0.0683352 0.0713461 0.0719251 0.0704257 0.0672794 0.0629073 0.0576844 0.0519189 0.0458454 0.0396389 0.0334419 0.0273925 0.0216435 0.0163678 0.011743 0.00791797 0.0049705
 0.0081972 0.0132089 0.0196833 0.0275032 0.0363915 0.0457971 0.054845 0.0625201 0.0680208 0.0710107 0.0715995 0.0701467 0.0670809 0.0628123 0.0577019 0.0520454 0.0460689 0.0399408 0.0337968 0.0277679 0.0220038 0.0166819 0.0119916 0.00809664 0.00508716
 0.00812878 0.0131025 0.0195324 0.0273052 0.0361486 0.0455165 0.0545392 0.0622061 0.0677169 0.0707333 0.0713618 0.0699606 0.0669595 0.0627701 0.057751 0.0521912 0.0463068 0.0402558 0.0341647 0.0281582 0.0223831 0.0170195 0.012266 0.00829948 0.00522306
 0.00820631 0.013219 0.0196894 0.0274972 0.0363629 0.0457348 0.0547392 0.0623624 0.0678046 0.0707324 0.0712622 0.0697652 0.0666852 0.0624467 0.0574174 0.0518886 0.0460708 0.0401089 0.0341125 0.0281892 0.0224736 0.0171397 0.0123881 0.00840364 0.00530012
 0.00823699 0.0132591 0.0197319 0.0275294 0.0363705 0.0457072 0.0546742 0.0622674 0.0676929 0.0706181 0.0711553 0.0696698 0.0665998 0.0623679 0.0573446 0.0518277 0.046034 0.0401107 0.0341629 0.0282882 0.0226091 0.0172915 0.0125339 0.00852608 0.00539087
 0.00828153 0.0133305 0.0198365 0.0276704 0.0365447 0.0459018 0.0548651 0.0624229 0.0677833 0.0706261 0.0710819 0.0695314 0.0664203 0.0621696 0.0571445 0.0516381 0.0458659 0.0399756 0.0340719 0.0282476 0.0226169 0.0173362 0.0125981 0.00859241 0.00544678
 0.00829027 0.0133568 0.0198983 0.0277911 0.0367463 0.0461942 0.0552362 0.062836 0.0681835 0.070954 0.0712883 0.0695887 0.0663276 0.06195 0.0568364 0.0512843 0.0455053 0.0396396 0.0337836 0.0280218 0.0224589 0.0172414 0.0125537 0.00858112 0.00545235
 0.00827826 0.0133386 0.0198743 0.0277653 0.0367283 0.046201 0.0552911 0.0629617 0.0683909 0.0712316 0.0715992 0.0698785 0.0665414 0.0620498 0.0568107 0.0511483 0.0452925 0.0393905 0.033536 0.0278045 0.0222891 0.0171244 0.0124844 0.00854796 0.00544165
 0.00816951 0.013173 0.0196461 0.0274775 0.0363928 0.0458386 0.0549317 0.0626451 0.0681629 0.071135 0.0716607 0.0700976 0.0668855 0.0624609 0.0572219 0.051503 0.0455586 0.0395638 0.0336333 0.0278523 0.0223128 0.0171417 0.0125035 0.00856951 0.00546276
 0.00815198 0.0131445 0.0196032 0.0274173 0.0363138 0.0457415 0.0548211 0.0625293 0.0680536 0.0710461 0.0716078 0.070096 0.066946 0.062583 0.0573895 0.0516861 0.0457224 0.0396817 0.0336954 0.0278661 0.0222966 0.0171148 0.0124798 0.00855508 0.00545717
 0.00831916 0.0133849 0.0199069 0.0277544 0.0366428 0.046022 0.0550244 0.062642 0.0680746 0.0709831 0.0714747 0.0699125 0.0667363 0.0623727 0.0572 0.0515285 0.0455948 0.0395722 0.0335902 0.0277577 0.0221869 0.0170129 0.0123954 0.00849337 0.00541767
 0.00828417 0.0133417 0.019866 0.027731 0.0366486 0.0460553 0.0550645 0.0626555 0.068032 0.0708757 0.0713211 0.06975 0.0666043 0.0622986 0.0571938 0.0515849 0.0456981 0.0397006 0.0337206 0.0278709 0.022272 0.0170684 0.012427 0.00850959 0.00542567
 0.00788481 0.0127276 0.0190095 0.0266355 0.0353531 0.0446365 0.0536362 0.0613573 0.067002 0.0702166 0.0710785 0.0699131 0.0671234 0.0631047 0.0582095 0.0527299 0.0468925 0.0408698 0.0348009 0.0288141 0.0230493 0.017671 0.012865 0.00880659 0.00561275
 0.00771352 0.0124345 0.0185426 0.0259409 0.0343917 0.0434085 0.0522027 0.0598435 0.065574 0.069042 0.0702876 0.0695766 0.0672488 0.0636464 0.0590868 0.0538449 0.0481437 0.0421604 0.0360443 0.0299393 0.0240056 0.0184326 0.0134308 0.00919689 0.00586143
 0.00752559 0.012136 0.0181051 0.0253391 0.0336037 0.0424197 0.0510157 0.0584915 0.0641333 0.0676334 0.0690628 0.0686898 0.0668202 0.0637333 0.0596731 0.0548506 0.0494476 0.0436251 0.0375367 0.0313449 0.025238 0.0194392 0.0141946 0.00973309 0.00620776
 0.00738339 0.0119162 0.0177948 0.0249326 0.0331007 0.041823 0.0503295 0.057722 0.0632907 0.0667367 0.0681506 0.0678301 0.0661113 0.0632878 0.0595868 0.0551709 0.0501555 0.044639 0.0387336 0.0325887 0.0264062 0.0204418 0.0149836 0.010302 0.00658266
 0.00746956 0.0120469 0.0179736 0.0251553 0.0333547 0.0420867 0.0505713 0.0578994 0.0633524 0.0666303 0.0678349 0.0672911 0.0653786 0.0624417 0.0587504 0.0544826 0.0497308 0.0445364 0.0389396 0.0330282 0.0269703 0.0210212 0.0154949 0.0107 0.00685905
 0.00720816 0.0116791 0.0175259 0.0246874 0.0329425 0.0417936 0.0504262 0.0578914 0.0634419 0.0667649 0.067961 0.0673607 0.0653549 0.0623105 0.0585323 0.0542377 0.0495468 0.0445001 0.0391037 0.0333894 0.0274711 0.0215734 0.0160119 0.0111221 0.0071634
 0.00688157 0.0111922 0.0168774 0.0239124 0.0321106 0.0410014 0.0497837 0.0575008 0.0633683 0.0670087 0.0684506 0.0679737 0.0659589 0.0628013 0.058857 0.0544001 0.0495995 0.044525 0.0391839 0.0335788 0.0277758 0.0219541 0.0164053 0.0114693 0.0074294
#obs surv len freq
 0.00497144 0.00814139 0.0123803 0.0177006 0.023976 0.0308416 0.0376738 0.0437513 0.0485251 0.0517946 0.053678 0.0544601 0.0544603 0.0539747 0.0532626 0.052536 0.0519383 0.0515034 0.0510927 0.0503373 0.0486552 0.0454159 0.0402423 0.0333039 0.0253831
 0.00518346 0.00849106 0.0129157 0.0184696 0.025016 0.0321651 0.0392528 0.0455129 0.0503626 0.0535881 0.0553133 0.0558379 0.055497 0.0546017 0.0534265 0.0522022 0.0510973 0.0501779 0.0493437 0.0482678 0.0464078 0.0431618 0.0381574 0.0315349 0.0240155
 0.00540856 0.00885926 0.0134744 0.0192652 0.0260864 0.0335265 0.0408853 0.0473537 0.0523118 0.0555258 0.0571171 0.0573956 0.0567133 0.0553997 0.0537463 0.0519995 0.0503458 0.0488774 0.0475335 0.04604 0.0439139 0.0406018 0.0357489 0.0294667 0.0224037
 0.00564725 0.00925052 0.0140692 0.0201132 0.0272265 0.0349719 0.0426087 0.0492821 0.0543378 0.0575277 0.0589775 0.0590104 0.0579932 0.056269 0.0541419 0.0518704 0.0496548 0.0476087 0.0457077 0.0437335 0.0412735 0.0378397 0.0331102 0.0271739 0.020601
 0.00590533 0.0096711 0.0147042 0.0210117 0.0284259 0.0364833 0.0444021 0.05128 0.0564262 0.0595773 0.060865 0.0606306 0.0592621 0.0571212 0.0545252 0.0517409 0.0489755 0.0463564 0.0438888 0.0414086 0.0385771 0.0349828 0.0303488 0.0247502 0.0186797
 0.00613541 0.0100521 0.0152904 0.0218579 0.0295764 0.0379545 0.046165 0.0532551 0.0584955 0.0616086 0.0627334 0.0622309 0.0605119 0.0579584 0.0549033 0.0516233 0.0483316 0.0451642 0.0421494 0.0391696 0.035958 0.0321812 0.0276156 0.0223308 0.0167473
 0.006383 0.010453 0.0158914 0.0227022 0.0306971 0.039363 0.0478376 0.0551262 0.0604636 0.0635527 0.0645316 0.0637743 0.0617126 0.058752 0.0552462 0.051486 0.0476927 0.0440097 0.0404828 0.0370335 0.0334588 0.0295001 0.0249878 0.0199923 0.0148698
 0.00661715 0.0108409 0.0164878 0.0235614 0.03186 0.0408385 0.0495852 0.0570531 0.062442 0.0654485 0.0662278 0.0651804 0.0627628 0.0594 0.0554604 0.0512457 0.0469848 0.0428285 0.0388378 0.0349672 0.0310688 0.0269509 0.0224942 0.0177723 0.0130841
 0.00684851 0.0112197 0.017063 0.0243809 0.0329613 0.0422347 0.0512484 0.0589072 0.0643706 0.0673151 0.0678997 0.0665475 0.0637475 0.0599582 0.0555749 0.0509155 0.0462157 0.0416299 0.0372288 0.032993 0.0288205 0.0245763 0.0201847 0.015722 0.0114364
 0.00705335 0.011558 0.0175818 0.0251268 0.0339711 0.0435196 0.0527796 0.0606108 0.0661387 0.0690266 0.069439 0.0678161 0.0646689 0.0604807 0.055672 0.0505827 0.0454642 0.0404808 0.0357136 0.0311636 0.0267645 0.0224264 0.0181085 0.0138871 0.00996553
 0.0072779 0.0119238 0.0181337 0.0259062 0.0350077 0.0448178 0.0543042 0.062283 0.0678462 0.0706454 0.070855 0.0689382 0.065434 0.0608527 0.0556377 0.0501469 0.0446445 0.039305 0.034221 0.0294117 0.0248398 0.0204496 0.0162251 0.0122391 0.00865376
 0.00744047 0.012193 0.0185477 0.0265037 0.0358197 0.045855 0.0555448 0.0636675 0.0692861 0.0720393 0.0721052 0.0699611 0.0661653 0.0612494 0.0556779 0.0498275 0.0439776 0.0383153 0.0329467 0.027909 0.0231899 0.0187612 0.0146241 0.0108446 0.00754803
 0.00751559 0.0123167 0.0187377 0.0267796 0.0362015 0.0463605 0.0561836 0.064436 0.0701632 0.0729855 0.0730641 0.0708649 0.0669422 0.0618326 0.0560129 0.0498773 0.0437247 0.0377622 0.0321164 0.0268477 0.0219695 0.0174779 0.0133878 0.00975792 0.00668194
 0.00759001 0.0124313 0.0188988 0.0269894 0.0364602 0.0466674 0.0565385 0.0648393 0.0706153 0.0734852 0.0736047 0.071429 0.0674978 0.0623332 0.0564029 0.0501007 0.0437357 0.0375328 0.0316433 0.0261557 0.021113 0.0165373 0.0124576 0.00892727 0.00601353
 0.00766464 0.0125469 0.0190615 0.0272008 0.0367157 0.0469566 0.0568456 0.0651455 0.0709048 0.0737512 0.0738524 0.0716708 0.0677444 0.0625832 0.0566366 0.0502812 0.0438159 0.0374679 0.0314035 0.0257375 0.0205444 0.0158759 0.0117792 0.00830708 0.00550693
 0.00773284 0.0126543 0.0192164 0.0274077 0.0369737 0.0472571 0.0571708 0.0654692 0.0711979 0.0739898 0.074025 0.0717811 0.0678083 0.0626209 0.0566629 0.0502967 0.0438033 0.0373967 0.0312405 0.0254616 0.0201588 0.0154116 0.0112886 0.00784837 0.00512606
 0.00777345 0.0127147 0.0192971 0.027506 0.0370854 0.0473785 0.0572997 0.0656046 0.0713377 0.0741293 0.0741567 0.0718968 0.0679025 0.062693 0.0567166 0.0503352 0.0438241 0.0373869 0.0311794 0.0253289 0.0199465 0.015132 0.0109737 0.00753998 0.00486128
 0.00781107 0.0127714 0.019374 0.0276006 0.0371919 0.0474886 0.0574042 0.0656949 0.0714088 0.0741815 0.0741954 0.0719295 0.0679345 0.0627254 0.0567472 0.0503604 0.0438387 0.0373833 0.0311462 0.0252532 0.01982 0.0149579 0.0107697 0.00733315 0.00467851
 0.00786074 0.0128461 0.0194749 0.0277244 0.0373312 0.047633 0.0575416 0.0658124 0.071495 0.0742297 0.0742053 0.071908 0.067893 0.0626762 0.0566995 0.050318 0.0438006 0.0373438 0.0310966 0.025184 0.0197238 0.0148345 0.0106281 0.00718943 0.00455028
 0.00787144 0.012864 0.0195027 0.0277644 0.0373843 0.0476976 0.0576121 0.0658807 0.0715522 0.0742693 0.0742252 0.0719103 0.0678828 0.0626598 0.0566826 0.0503047 0.0437916 0.0373361 0.0310841 0.0251587 0.0196794 0.0147691 0.0105463 0.00710167 0.00446877
 0.00790048 0.0129046 0.0195516 0.0278149 0.0374286 0.0477302 0.0576323 0.0658922 0.0715603 0.0742771 0.0742328 0.0719152 0.0678825 0.0626536 0.056672 0.0502925 0.0437801 0.0373259 0.0310728 0.0251419 0.0196523 0.0147292 0.0104955 0.00704591 0.00441581
 0.00789865 0.0129027 0.0195505 0.0278154 0.0374303 0.0477305 0.0576265 0.0658754 0.0715308 0.0742391 0.0741955 0.0718896 0.0678759 0.062667 0.0567013 0.050331 0.0438216 0.0373654 0.0311065 0.0251661 0.0196638 0.0147265 0.0104798 0.00702145 0.00438857
 0.00788187 0.0128714 0.0194965 0.0277297 0.0373066 0.0475701 0.0574417 0.065688 0.071366 0.0741178 0.0741297 0.0718818 0.0679221 0.0627597 0.0568299 0.0504827 0.0439823 0.0375218 0.0312477 0.0252843 0.0197547 0.0147891 0.0105163 0.00703729 0.00439077
 0.00790556 0.0129026 0.0195297 0.0277543 0.037309 0.0475373 0.0573654 0.065568 0.0712119 0.0739483 0.0739687 0.0717529 0.067843 0.0627377 0.0568625 0.05056 0.0440905 0.0376456 0.0313724 0.0253979 0.0198487 0.0148593 0.0105628 0.00706353 0.00440241
 0.00790388 0.0129016 0.0195309 0.0277592 0.0373173 0.0475447 0.0573626 0.0655428 0.0711535 0.0738534 0.0738448 0.0716179 0.0677199 0.0626482 0.0568212 0.0505711 0.044148 0.0377368 0.0314811 0.0255084 0.0199482 0.0149396 0.0106208 0.00710082 0.00442324
 0.00790505 0.0129002 0.0195229 0.0277395 0.0372818 0.0474927 0.0572988 0.0654753 0.0710901 0.0737971 0.0737935 0.0715672 0.0676687 0.0626019 0.0567903 0.050567 0.0441778 0.0377996 0.0315688 0.0256079 0.0200458 0.0150243 0.0106865 0.00714624 0.00445118
 0.00787337 0.0128522 0.019457 0.0276563 0.0371834 0.0473821 0.05718 0.0653542 0.0709757 0.0737006 0.0737254 0.0715341 0.0676708 0.0626338 0.056845 0.0506395 0.0442662 0.0379031 0.0316844 0.025729 0.0201627 0.0151273 0.0107688 0.00720556 0.00448962
 0.00781563 0.0127586 0.0193172 0.0274625 0.0369335 0.0470842 0.0568553 0.0650356 0.0707003 0.0734996 0.0736173 0.0715229 0.0677485 0.0627849 0.0570496 0.0508769 0.0445178 0.0381544 0.0319249 0.0259505 0.020358 0.0152902 0.0108956 0.00729666 0.00454936
 0.00779546 0.0127191 0.0192457 0.027343 0.0367514 0.0468324 0.0565409 0.064682 0.0703437 0.0731816 0.0733758 0.0713847 0.0677253 0.0628721 0.0572299 0.0511249 0.0448055 0.038456 0.0322191 0.0262212 0.0205941 0.0154848 0.011046 0.0074046 0.00462056
 0.00776171 0.012665 0.019165 0.0272299 0.0365999 0.0466376 0.0563009 0.064401 0.070035 0.0728688 0.0730911 0.0711633 0.0675977 0.0628569 0.0573291 0.0513242 0.045079 0.0387719 0.0325461 0.0265327 0.0208703 0.0157137 0.011223 0.00753153 0.00470435
 0.00773924 0.0126264 0.0191034 0.0271376 0.0364708 0.0464697 0.0560983 0.064174 0.0697973 0.0726344 0.0728733 0.0709762 0.0674584 0.062784 0.0573384 0.051423 0.0452615 0.0390195 0.0328312 0.0268252 0.0211432 0.0159477 0.0114077 0.00766571 0.00479369
 0.00770122 0.012565 0.0190117 0.0270096 0.0363027 0.0462617 0.0558571 0.0639136 0.0695372 0.0723956 0.0726741 0.0708301 0.067373 0.0627634 0.0573852 0.0515384 0.0454434 0.039259 0.033111 0.0271208 0.021428 0.0161987 0.0116103 0.00781511 0.0048942
 0.00768957 0.0125444 0.0189775 0.0269564 0.0362248 0.0461553 0.0557217 0.0637531 0.0693596 0.072212 0.0724977 0.0706745 0.0672512 0.0626862 0.0573602 0.0515703 0.0455333 0.0394036 0.0333006 0.0273389 0.0216532 0.0164088 0.0117878 0.00795098 0.0049882
 0.00768428 0.012538 0.0189718 0.0269535 0.0362261 0.046159 0.0557216 0.0637396 0.0693224 0.0721445 0.0723996 0.0705526 0.067118 0.0625578 0.0572531 0.0514991 0.0455084 0.0394298 0.0333761 0.0274543 0.0217929 0.0165536 0.01192 0.0080582 0.0050658
 0.00764133 0.0124739 0.0188863 0.0268507 0.0361138 0.0460474 0.0556217 0.0636608 0.0692702 0.0721181 0.0723921 0.0705536 0.0671185 0.0625539 0.0572479 0.0515007 0.0455273 0.039475 0.033452 0.0275586 0.0219165 0.0166828 0.01204 0.00815758 0.00513928
 0.00762284 0.0124401 0.0188288 0.0267606 0.0359851 0.0458819 0.0554327 0.0634718 0.0691088 0.0720068 0.0723412 0.0705599 0.0671685 0.0626298 0.0573341 0.0515881 0.0456141 0.039565 0.0335503 0.027668 0.0220344 0.0168015 0.0121494 0.0082488 0.00520756
 0.0076167 0.0124305 0.0188148 0.0267404 0.0359556 0.0458379 0.0553678 0.0633815 0.0689946 0.0718792 0.0722185 0.0704628 0.0671122 0.0626192 0.0573631 0.0516446 0.045686 0.0396444 0.0336342 0.0277564 0.0221264 0.0168934 0.012235 0.00832159 0.00526331
 0.0075951 0.0123969 0.0187671 0.026678 0.0358795 0.0457511 0.0552747 0.0632874 0.068904 0.0717949 0.0721429 0.0703998 0.0670688 0.0626038 0.057382 0.0516981 0.0457681 0.0397449 0.0337433 0.0278665 0.0222325 0.0169915 0.012321 0.00839199 0.00531616
 0.00757071 0.0123603 0.0187177 0.0266174 0.0358107 0.0456778 0.055201 0.0632171 0.0688406 0.0717413 0.0721001 0.0703675 0.0670469 0.0625937 0.0573872 0.0517228 0.0458149 0.0398127 0.0338268 0.0279583 0.0223249 0.017078 0.0123966 0.00845324 0.00536185
 0.0075589 0.0123401 0.0186855 0.0265697 0.0357454 0.0455965 0.0551094 0.0631252 0.0687592 0.0716787 0.07206 0.0703489 0.0670458 0.062606 0.0574102 0.0517563 0.0458599 0.0398705 0.0338968 0.028037 0.0224065 0.017156 0.0124653 0.00850892 0.00540311
 0.0075307 0.0122973 0.0186267 0.0264954 0.0356577 0.0454981 0.055004 0.063018 0.0686576 0.0715918 0.0719971 0.0703169 0.0670472 0.0626382 0.0574668 0.05183 0.0459445 0.0399619 0.0339922 0.0281334 0.0225001 0.0172421 0.0125392 0.00856752 0.00544573
 0.00752467 0.0122843 0.0186014 0.0264515 0.0355899 0.0454053 0.0548915 0.0628968 0.0685414 0.0714926 0.0719227 0.0702711 0.0670314 0.0626518 0.0575079 0.0518943 0.0460263 0.0400546 0.0340899 0.028231 0.0225931 0.017326 0.0126104 0.00862367 0.00548635
 0.00751897 0.0122756 0.0185892 0.0264349 0.0355673 0.0453734 0.0548462 0.0628345 0.0684622 0.0714016 0.0718302 0.0701897 0.0669719 0.0626211 0.057508 0.0519232 0.0460795 0.0401259 0.0341724 0.0283178 0.0226778 0.0174033 0.0126761 0.00867537 0.00552372
 0.00752865 0.0122904 0.0186096 0.0264607 0.0355972 0.0454053 0.0548763 0.0628576 0.0684714 0.0713903 0.0717944 0.0701303 0.0668958 0.0625398 0.0574343 0.0518677 0.0460481 0.0401196 0.034188 0.0283497 0.0227192 0.0174476 0.0127176 0.00871022 0.00555005
 0.00750994 0.0122639 0.0185772 0.0264265 0.0355665 0.0453827 0.0548644 0.0628561 0.0684778 0.0714007 0.0718042 0.0701346 0.0668912 0.0625255 0.0574133 0.0518464 0.046034 0.0401187 0.0342027 0.0283786 0.0227578 0.0174897 0.0127577 0.00874407 0.00557565
 0.00748409 0.0122232 0.0185186 0.026349 0.0354721 0.0452777 0.0547596 0.0627657 0.0684153 0.0713745 0.0718144 0.0701742 0.0669487 0.0625893 0.0574746 0.051901 0.0460821 0.0401637 0.0342485 0.0284272 0.0228087 0.0175399 0.0128031 0.00878139 0.00560339
 0.00748409 0.0122232 0.0185186 0.026349 0.0354721 0.0452777 0.0547596 0.0627657 0.0684153 0.0713745 0.0718144 0.0701742 0.0669487 0.0625893 0.0574746 0.051901 0.0460821 0.0401637 0.0342485 0.0284272 0.0228087 0.0175399 0.0128031 0.00878139 0.00560339
 0.00715718 0.0117011 0.0177526 0.0253067 0.034152 0.0437271 0.0530895 0.061146 0.0670419 0.0704202 0.071386 0.0702936 0.0675602 0.0635829 0.0587156 0.0532564 0.0474403 0.0414427 0.0353956 0.0294134 0.0236217 0.0181799 0.0132806 0.00911576 0.00582099
 0.00711143 0.0115893 0.0175155 0.0248664 0.0334314 0.0426823 0.0517398 0.0595855 0.0654267 0.0689368 0.0702147 0.069576 0.0673742 0.0639304 0.0595261 0.054407 0.0487849 0.0428407 0.0367323 0.0306086 0.0246288 0.0189811 0.0138804 0.00953574 0.00609386
 0.0070158 0.0114445 0.0173145 0.0246022 0.0330885 0.0422286 0.0511274 0.0587683 0.0643898 0.0677257 0.0689456 0.0684168 0.0665041 0.0634918 0.0595895 0.054957 0.0497303 0.0440416 0.0380345 0.0318739 0.0257549 0.0199081 0.0145884 0.0100369 0.0064211
 0.00700638 0.0114231 0.0172715 0.0245255 0.032967 0.0420553 0.0508993 0.0584793 0.0640222 0.0672492 0.0683327 0.0676726 0.0656901 0.0627276 0.0590221 0.0547128 0.0498713 0.0445468 0.0388111 0.0327896 0.0266763 0.0207305 0.015251 0.0105221 0.00674477
 0.00703745 0.0114822 0.0173752 0.0246914 0.0332056 0.042359 0.051235 0.0587907 0.0642428 0.0673182 0.0682063 0.067329 0.0651354 0.0620059 0.0582231 0.0539629 0.0493028 0.0442564 0.0388272 0.033067 0.0271184 0.0212266 0.0157093 0.0108885 0.0070036
 0.00701539 0.0114581 0.0173612 0.0247076 0.0332766 0.0425067 0.0514699 0.0591045 0.0646038 0.0676725 0.0684858 0.0674654 0.0650775 0.061734 0.0577595 0.0533748 0.0486934 0.0437405 0.0384973 0.032963 0.0272179 0.0214603 0.0159929 0.0111524 0.00720894
 0.00702796 0.0114805 0.017399 0.0247686 0.0333707 0.042645 0.0516626 0.0593571 0.0649127 0.0680194 0.0688347 0.0677641 0.0652659 0.0617585 0.0575896 0.0530178 0.0481998 0.0431968 0.0380031 0.0326006 0.0270261 0.0214268 0.0160679 0.0112749 0.0073299
#pred catch len freq
 0.0050046 0.00787727 0.0114075 0.0154738 0.0199951 0.0249176 0.0301365 0.0354485 0.0405855 0.0452817 0.0493203 0.0525548 0.0549223 0.0564463 0.0572209 0.0573851 0.0570994 0.0565118 0.0556877 0.0545045 0.0525742 0.049311 0.0442059 0.0372044 0.0289232
 0.0053306 0.00834411 0.0119978 0.0161436 0.020703 0.0256613 0.0309697 0.036457 0.0418281 0.0467325 0.0508501 0.0539679 0.0560278 0.0571234 0.0574467 0.0572165 0.0566225 0.0557859 0.0547133 0.0532343 0.0509668 0.0473979 0.0421268 0.0351792 0.0271731
 0.00569255 0.00890729 0.0127954 0.0171826 0.0219562 0.0270637 0.0324241 0.0378584 0.0431038 0.0478711 0.0518903 0.0549451 0.0569175 0.057827 0.0578317 0.0571796 0.0561291 0.0548627 0.0534099 0.0515928 0.0490276 0.0452365 0.0398848 0.0330532 0.025357
 0.00603282 0.00944051 0.0135624 0.0182119 0.023264 0.0286493 0.0342567 0.0398604 0.045145 0.0497866 0.0535224 0.0561891 0.0577419 0.0582522 0.0578829 0.0568522 0.0553906 0.0536831 0.0517897 0.0495737 0.0466939 0.0427187 0.0373612 0.030728 0.0234109
 0.00631986 0.00989601 0.0142286 0.0191246 0.0244513 0.0301277 0.0360213 0.0418739 0.0473285 0.052017 0.0556386 0.0580116 0.059108 0.0590528 0.058081 0.0564687 0.0544705 0.0522671 0.0499128 0.0472866 0.0440905 0.0399521 0.0346347 0.0282593 0.021377
 0.00659739 0.0103315 0.0148567 0.0199723 0.0255404 0.0314753 0.0376346 0.0437389 0.049399 0.0542073 0.0578231 0.0600329 0.0607937 0.0602413 0.0586495 0.0563539 0.0536713 0.0508307 0.0479158 0.0448288 0.0413058 0.0370211 0.0317788 0.025704 0.0192961
 0.00692729 0.010832 0.0155447 0.0208445 0.0265812 0.0326693 0.0389728 0.0452155 0.0510018 0.0559075 0.0595661 0.0617332 0.062335 0.0614854 0.0594534 0.0565936 0.0532652 0.0497546 0.0462075 0.0425859 0.0386824 0.0342226 0.0290429 0.0232606 0.0173151
 0.00732576 0.0114442 0.0163997 0.0219459 0.0279087 0.0341829 0.0406147 0.046913 0.0526763 0.057489 0.0610024 0.0629881 0.0633756 0.0622665 0.0599086 0.0566375 0.0528095 0.0487333 0.0446041 0.0404542 0.0361554 0.0315045 0.0263786 0.0208849 0.0153968
 0.00765689 0.0119697 0.0171671 0.0229914 0.0292515 0.0358155 0.0424906 0.0489393 0.0547216 0.0594051 0.0626536 0.0642747 0.0642464 0.0627134 0.0599457 0.0562753 0.0520377 0.0475245 0.0429382 0.0383538 0.0337152 0.0288972 0.023829 0.0186161 0.0135704
 0.00805861 0.0125816 0.0180136 0.0240744 0.0305599 0.037337 0.0442121 0.0508333 0.0567254 0.0614078 0.0645025 0.0658031 0.0653122 0.0632321 0.0599004 0.0557016 0.0509928 0.0460604 0.0410956 0.0361808 0.0312982 0.0263803 0.0214032 0.0164758 0.0118571
 0.00846036 0.0131931 0.0188566 0.0251425 0.0318242 0.0387548 0.0457344 0.0524073 0.0582977 0.0629256 0.0659089 0.0670278 0.0662665 0.0638187 0.0600371 0.0553445 0.0501457 0.0447655 0.0394175 0.0341999 0.0291176 0.0241366 0.0192609 0.0145971 0.010359
 0.00865305 0.0135248 0.0193892 0.0259431 0.0329471 0.0402159 0.0474864 0.0543358 0.0602436 0.0647248 0.067428 0.0681819 0.067015 0.064149 0.0599468 0.0548337 0.0492207 0.0434496 0.0377596 0.0322779 0.0270393 0.022037 0.0172899 0.012893 0.00901482
 0.00868344 0.0135904 0.0195213 0.0261897 0.0333728 0.0408941 0.048482 0.0556785 0.0618985 0.0665757 0.0692885 0.0698375 0.068281 0.0649122 0.060175 0.0545542 0.0484897 0.0423313 0.0363222 0.0306017 0.0252262 0.0202112 0.0155856 0.0114292 0.00786799
 0.00873974 0.0136629 0.019597 0.0262497 0.0334046 0.0409094 0.0485298 0.0558432 0.0622791 0.067249 0.0702714 0.0710633 0.0696035 0.0661408 0.0611274 0.0551022 0.0485796 0.0419758 0.0355797 0.0295585 0.0239882 0.0188991 0.0143239 0.0103267 0.00699543
 0.00884088 0.0138139 0.0197982 0.0264898 0.033661 0.0411514 0.0487259 0.0559738 0.062352 0.0673106 0.0703999 0.0713404 0.0700729 0.0667767 0.0618302 0.055728 0.0489868 0.0420674 0.0353242 0.0289886 0.0231852 0.017973 0.0133922 0.00949181 0.00632526
 0.00885021 0.0138336 0.0198362 0.0265555 0.0337627 0.0412906 0.0488931 0.0561476 0.0625043 0.067419 0.0704621 0.0713836 0.07015 0.0669436 0.0621138 0.0561012 0.0493683 0.042349 0.0354116 0.0288352 0.0228056 0.0174339 0.012788 0.00891578 0.0058454
 0.00891355 0.0139216 0.0199414 0.0266637 0.0338582 0.0413659 0.0489534 0.0562077 0.0625785 0.06751 0.070558 0.0714661 0.0702091 0.0669888 0.0621713 0.0561965 0.0495033 0.0424895 0.0354971 0.0288058 0.0226315 0.0171299 0.012407 0.00852625 0.00550578
 0.00892229 0.0139358 0.019962 0.02669 0.0338864 0.0413875 0.0489573 0.0561847 0.0625288 0.0674472 0.0705058 0.0714479 0.0702368 0.0670605 0.0622775 0.0563281 0.0496523 0.0426423 0.0356271 0.0288771 0.0226136 0.0170151 0.012217 0.00830302 0.00529387
 0.00891727 0.0139263 0.0199454 0.0266637 0.0338488 0.0413396 0.0489028 0.0561289 0.0624756 0.0673984 0.070463 0.071416 0.0702261 0.0670831 0.0623413 0.0564323 0.0497872 0.0427912 0.0357679 0.0289844 0.0226645 0.0169984 0.0121393 0.00818771 0.00517087
 0.008948 0.0139649 0.0199828 0.0266841 0.0338344 0.0412775 0.048791 0.0559781 0.0623067 0.067236 0.070329 0.0713253 0.0701855 0.067093 0.062399 0.0565326 0.049922 0.0429474 0.035927 0.0291247 0.0227659 0.0170482 0.0121376 0.00814737 0.00511196
 0.00896986 0.0139984 0.0200287 0.0267399 0.0338929 0.0413254 0.0488099 0.0559491 0.0622179 0.0670903 0.0701465 0.0711378 0.0700261 0.0669865 0.0623566 0.0565532 0.0499955 0.0430584 0.036057 0.0292533 0.0228738 0.0171216 0.0121719 0.00814798 0.00509138
 0.00900547 0.0140515 0.0200997 0.0268263 0.0339901 0.0414278 0.0489105 0.0560383 0.0622816 0.0671114 0.0701101 0.0710393 0.0698764 0.0668109 0.0621871 0.0564179 0.0499108 0.0430268 0.0360691 0.0292928 0.022922 0.0171624 0.0121957 0.00815324 0.00508283
 0.00905683 0.0141231 0.0201856 0.0269138 0.0340638 0.0414756 0.048929 0.0560324 0.0622614 0.0670856 0.0700815 0.0710036 0.0698258 0.0667404 0.0620999 0.0563264 0.0498324 0.042976 0.036052 0.0293053 0.0229525 0.0171971 0.0122236 0.00816914 0.00508735
 0.0090062 0.0140566 0.0201142 0.0268558 0.0340375 0.0414898 0.0489757 0.0560902 0.0623057 0.0671018 0.0700704 0.0709775 0.069799 0.0667209 0.0620882 0.0563194 0.0498289 0.042979 0.0360661 0.0293325 0.0229899 0.0172377 0.0122595 0.00819513 0.0051024
 0.00892475 0.0139337 0.019948 0.0266536 0.0338172 0.041279 0.0488086 0.055999 0.0623092 0.067195 0.0702251 0.0711542 0.0699635 0.0668552 0.0621901 0.0563956 0.0498879 0.0430276 0.0361097 0.0293747 0.0230321 0.0172782 0.0122949 0.00822246 0.00512051
 0.00885778 0.0138218 0.0197742 0.0264012 0.0334744 0.040847 0.0483094 0.0554795 0.0618354 0.0668374 0.0700398 0.0711658 0.0701581 0.0671872 0.0625996 0.0568269 0.0503008 0.0433995 0.0364311 0.0296437 0.0232503 0.0174487 0.0124218 0.00831101 0.00517754
