SBPRF35
12.7214
Curr Bio
768744
B35
873029
F35
0.171082
FOFL
0.154175
OFL
100600
Bzero
3.63469e+006
#pred survey bio
 3.66493e+006 3.54777e+006 3.437e+006 3.2764e+006 3.08689e+006 2.85365e+006 2.5879e+006 2.33151e+006 2.06669e+006 1.83393e+006 1.62517e+006 1.44335e+006 1.2701e+006 1.10954e+006 980105 867148 782567 699935 646479 632304 608846 586495 578852 565889 547621 548113 547170 550141 552535 566447 566492 572237 583613 593294 605805 609960 620881 628043 638614 641468 644944 660083 669668 666442 675505 678819 685259 693184 702149 697741 696171 716312 742903 761729 782814 767699 757615 775375 2.79177e+007 1.68053e+007 1.71971e+007 1.81631e+007 1.94961e+007 2.09608e+007 2.23816e+007 2.36552e+007 2.47375e+007 2.56237e+007 2.63307e+007 2.68846e+007 2.73131e+007 2.7642e+007 2.78933e+007 2.8085e+007 2.82312e+007 2.83428e+007 2.84284e+007 2.84942e+007 2.8545e+007 2.85845e+007 2.86152e+007 2.86393e+007 2.86582e+007 2.86732e+007 2.86851e+007 2.86945e+007 2.8702e+007 2.8708e+007 2.87128e+007 2.87167e+007 2.87199e+007 2.87224e+007 2.87245e+007 2.87262e+007 2.87275e+007 2.87286e+007 2.87295e+007 2.87303e+007 2.87309e+007 2.87313e+007 2.87317e+007 2.87321e+007 2.87323e+007 2.87326e+007 2.87327e+007 2.87329e+007 2.8733e+007 2.87331e+007 2.87332e+007 2.87332e+007 2.87333e+007 2.87333e+007 2.87334e+007 2.87334e+007 2.87334e+007 2.87334e+007 2.87335e+007 2.87335e+007 2.87335e+007 2.87335e+007 2.87335e+007 2.87335e+007 2.87335e+007 2.87335e+007 2.87335e+007 2.87335e+007 2.87335e+007 2.87335e+007 2.87335e+007 2.87335e+007 2.87335e+007 2.87335e+007 2.87335e+007 2.87335e+007 2.87335e+007 2.87335e+007 2.87335e+007 2.87335e+007 2.87335e+007 2.87335e+007 2.87335e+007 2.87335e+007 2.87335e+007 2.87335e+007 2.87335e+007 2.87335e+007 2.87335e+007 2.87335e+007 2.87335e+007 2.87335e+007 2.87335e+007 2.87335e+007 2.87335e+007 2.87335e+007 2.87335e+007 2.87335e+007 2.87335e+007 2.87335e+007 0 0 0 0 0 0 0 0 0 0 0 0 0 0 0 0 0 0 0 0 0 0 0 0 0
#obs survey bio
 3.071e+006 5.01984e+006 3.10082e+006 3.03229e+006 4.06041e+006 4.53065e+006 3.85802e+006 2.52528e+006 1.40615e+006 1.65351e+006 1.28412e+006 1.21612e+006 885511 980085 1.28843e+006 785975 745620 713882 591280 795523 679389 603752 527097 461735 410704 458160 577132 633686 490473 559801 688500 684212 553311 751779 620256 655995 744454 538412 674069 794846 704047 681514 594837 570156 730534 815928 469222 925127 582708 720295 710535 961871 804566 811935 869147 699424 662902 821953
#pred catch bio
 95784.4 96387.3 151453 189238 242931 288024 295517 318896 304480 295384 281052 280162 271934 244446 228379 201767 196886 167662 131957 137836 133640 118892 121692 123762 106471 107137 102913 102454 92362.6 103240 96994.6 92019.2 94041 92667.3 100867 96238.8 100652 98790.7 106011 105949 97457.9 103617 114489 103686 108218 105094 104148 103715 114772 111563 93306.5 88650.3 95343.2 93141.9 123150 117478 94223.5 91810.8 100600 110892 112184 117373 125551 134719 143564 151381 157893 163093 167118 170158 172414 174064 175256 176111 176719 177149 177451 177664 177812 177916 177988 178038 178073 178097 178114 178125 178133 178139 178142 178145 178147 178148 178149 178149 178150 178150 178150 178150 178150 178151 178151 178151 178151 178151 178151 178151 178151 178151 178151 178151 178151 178151 178151 178151 178151 178151 178151 178151 178151 178151 178151 178151 178151 178151 178151 178151 178151 178151 178151 178151 178151 178151 178151 178151 178151 178151 178151 178151 178151 178151 178151 178151 178151 178151 178151 178151 178151 178151 178151 178151 178151 178151 178151 178151 178151 178151 178151 178151 0 0 0 0 0 0 0 0 0 0 0 0 0 0 0 0 0 0 0 0 0 0 0 0 0
#obs catch bio
 0 96066.1 151796 189235 242793 287426 293666 317674 303864 295658 281458 281001 275293 246573 228136 202342 198767 170397 133349 139139 134463 119228 122136 124764 106978 108058 103395 102554 92332.5 103359 96528.8 91259.4 93639.3 91987.5 100607 96051.8 100592 98829.9 105970 105774 97452.1 103918 114804 103778 108266 104525 103948 103383 114587 111259 93056.2 88415.9 95297.3 92602.7 122671 117306 94179.2 91771.1
#pred cpue bio
 3.62219e+006 3.50649e+006 3.39575e+006 3.23516e+006 3.04614e+006 2.81353e+006 2.54862e+006 2.29298e+006 2.02904e+006 1.79696e+006 1.58902e+006 1.4081e+006 1.23596e+006 1.07691e+006 949068 837471 753807 672556 620368 606811 584245 562656 555339 542789 525070 525656 524956 528210 530838 544721 545149 551069 562248 571659 583798 587701 598296 605273 615625 618436 621707 636374 645833 642805 651859 655398 661799 669467 678328 674132 672630 692577 719138 738040 758954 744030 733815 751166 2.70671e+007 1.62968e+007 1.65435e+007 1.73814e+007 1.86802e+007 2.01387e+007 2.15585e+007 2.2832e+007 2.39142e+007 2.48005e+007 2.55075e+007 2.60613e+007 2.64898e+007 2.68188e+007 2.70701e+007 2.72617e+007 2.74079e+007 2.75196e+007 2.76051e+007 2.7671e+007 2.77218e+007 2.77612e+007 2.7792e+007 2.7816e+007 2.7835e+007 2.78499e+007 2.78618e+007 2.78712e+007 2.78787e+007 2.78847e+007 2.78896e+007 2.78935e+007 2.78966e+007 2.78992e+007 2.79012e+007 2.79029e+007 2.79043e+007 2.79054e+007 2.79063e+007 2.7907e+007 2.79076e+007 2.79081e+007 2.79085e+007 2.79088e+007 2.79091e+007 2.79093e+007 2.79095e+007 2.79096e+007 2.79097e+007 2.79098e+007 2.79099e+007 2.791e+007 2.791e+007 2.79101e+007 2.79101e+007 2.79101e+007 2.79102e+007 2.79102e+007 2.79102e+007 2.79102e+007 2.79102e+007 2.79102e+007 2.79102e+007 2.79102e+007 2.79103e+007 2.79103e+007 2.79103e+007 2.79103e+007 2.79103e+007 2.79103e+007 2.79103e+007 2.79103e+007 2.79103e+007 2.79103e+007 2.79103e+007 2.79103e+007 2.79103e+007 2.79103e+007 2.79103e+007 2.79103e+007 2.79103e+007 2.79103e+007 2.79103e+007 2.79103e+007 2.79103e+007 2.79103e+007 2.79103e+007 2.79103e+007 2.79103e+007 2.79103e+007 2.79103e+007 2.79103e+007 2.79103e+007 2.79103e+007 2.79103e+007 2.79103e+007 2.79103e+007 2.79103e+007 2.79103e+007 2.79103e+007 0 0 0 0 0 0 0 0 0 0 0 0 0 0 0 0 0 0 0 0 0 0 0 0 0
#obs cpue bio
 2.29192e+006 2.93669e+006 3.20664e+006 3.94164e+006 3.00217e+006 2.28918e+006 2.39464e+006 1.80748e+006 2.32958e+006 1.58673e+006 1.82887e+006 1.52742e+006 949332 1.25416e+006 1.23428e+006 679150 570080 366854 562719 543232 571274 544922 588511 512173 636526 487985 557444 612573 543518 617128 666238 660995 497631 592613 463477 475397 499954 591486 687540 566779 436508 502552 840105 686482 712233 883744 758976 550202 844513 765824 597396 538336 637968 934297 849450 645343 604450 785261
#pred surv len freq
 0.0042139 0.00695285 0.0106714 0.0154164 0.0211034 0.0274218 0.0338208 0.0396633 0.044473 0.0480866 0.050616 0.0522979 0.0533655 0.0539957 0.0543087 0.0543894 0.0543103 0.0541326 0.0538521 0.0532898 0.051999 0.0493212 0.0446681 0.0379266 0.0297035
 0.00448613 0.00731266 0.011063 0.0157444 0.0212689 0.0273736 0.0335887 0.0393459 0.0441837 0.0478933 0.0505144 0.0522349 0.0532903 0.0539044 0.054254 0.0544527 0.0545522 0.0545467 0.0543458 0.053707 0.0521816 0.0491797 0.0442244 0.0373 0.0290514
 0.0045484 0.00746991 0.0113962 0.0163452 0.0221946 0.0285904 0.0349407 0.0405895 0.0450827 0.04832 0.0504899 0.0518853 0.0527627 0.0533065 0.053648 0.0538829 0.0540626 0.0541679 0.0540637 0.0534482 0.0518379 0.0486654 0.0435293 0.0365006 0.0282715
 0.00466557 0.00764722 0.0116436 0.0166764 0.0226396 0.029203 0.0357868 0.0417057 0.0464231 0.049729 0.0517348 0.0527434 0.0531115 0.0531583 0.0531172 0.0531204 0.0532035 0.0533062 0.0532437 0.0526634 0.0510444 0.0478166 0.0426173 0.0355759 0.0274231
 0.00481927 0.00789949 0.0120265 0.017218 0.0233561 0.0300897 0.0368148 0.0428316 0.0476059 0.0509358 0.0529227 0.0538291 0.0539625 0.0536288 0.0531104 0.0526337 0.0523254 0.0521716 0.0519806 0.0513578 0.0497367 0.0465243 0.041367 0.0344205 0.0264319
 0.00500534 0.00820632 0.0124963 0.0178929 0.0242693 0.0312516 0.0381982 0.0443666 0.0491905 0.0524607 0.0542955 0.0549832 0.0548469 0.0541869 0.0532724 0.0523343 0.0515402 0.0509424 0.050409 0.0495741 0.0478671 0.044678 0.03964 0.0329009 0.0251913
 0.00525486 0.0086101 0.0131007 0.0187405 0.0253913 0.0326563 0.0398573 0.0462084 0.0511068 0.0543243 0.0559804 0.0563813 0.0558777 0.0547976 0.053428 0.0520067 0.050708 0.0496078 0.0486199 0.0474347 0.0455284 0.0423149 0.0374251 0.0309797 0.0236591
 0.00552022 0.00904216 0.0137521 0.0196601 0.0266152 0.0341921 0.0416697 0.0482144 0.0531878 0.0563486 0.0578231 0.0579346 0.0570536 0.0555282 0.0536648 0.0517178 0.0498757 0.048232 0.0467327 0.0451191 0.0429305 0.0396337 0.0348807 0.0287668 0.0219041
 0.00583817 0.00955852 0.0145281 0.0207517 0.0280621 0.0360003 0.043793 0.050549 0.0555863 0.0586489 0.0598757 0.0596195 0.0582835 0.0562453 0.0538333 0.0513163 0.0488933 0.0466712 0.0446228 0.042538 0.040023 0.0366121 0.0319946 0.0262479 0.0199073
 0.00610236 0.00999761 0.0152067 0.021736 0.0294063 0.0377255 0.0458657 0.0528737 0.0580191 0.0610256 0.0620388 0.061435 0.0596481 0.0570867 0.0541064 0.0509968 0.0479713 0.0451509 0.042533 0.0399524 0.0370825 0.0335296 0.0290285 0.0236446 0.0178367
 0.00636876 0.0104303 0.0158578 0.0226556 0.0306353 0.039283 0.0477337 0.0549874 0.060271 0.0632799 0.0641504 0.0632659 0.0610799 0.0580284 0.0544963 0.0507988 0.0471692 0.0437468 0.0405545 0.0374711 0.0342343 0.030522 0.0261168 0.0210764 0.0157866
 0.00662055 0.0108426 0.0164835 0.0235455 0.0318274 0.0407869 0.0495159 0.0569673 0.0623351 0.065305 0.0660221 0.0648854 0.0623619 0.0588987 0.054892 0.0506709 0.0464852 0.0424944 0.0387509 0.0351788 0.0315792 0.0276995 0.0233699 0.0186434 0.013838
 0.00680518 0.0111661 0.0170134 0.0243578 0.0329891 0.0423274 0.0514004 0.0590903 0.0645404 0.067422 0.0679007 0.0664146 0.0634728 0.0595555 0.055078 0.0503761 0.0456999 0.0412131 0.0369856 0.03298 0.0290569 0.0250304 0.0207772 0.016348 0.0119991
 0.00699938 0.0114864 0.0175051 0.0250694 0.0339665 0.0436022 0.0529735 0.0609178 0.0665287 0.0694354 0.0697805 0.0680062 0.0646529 0.0602496 0.0552608 0.0500564 0.0449016 0.0399625 0.0353138 0.0309403 0.0267471 0.022604 0.0184293 0.014273 0.0103378
 0.00728564 0.0119269 0.0181225 0.02587 0.0349426 0.0447367 0.0542407 0.0622826 0.0679459 0.0708506 0.0711291 0.0692116 0.0656286 0.0609089 0.0555328 0.049899 0.0443038 0.0389396 0.0339021 0.0291996 0.0247715 0.0205294 0.0164227 0.0124997 0.00891746
 0.00758723 0.012417 0.0188572 0.0268946 0.0362751 0.0463456 0.0560304 0.064101 0.0696226 0.0722472 0.0721721 0.0698918 0.0659737 0.0609508 0.0552869 0.0493618 0.0434644 0.0377937 0.032465 0.0275155 0.0229207 0.0186291 0.0146144 0.01092 0.00766222
 0.00767032 0.0125812 0.0191583 0.0274028 0.0370587 0.0474436 0.0574257 0.0657089 0.071302 0.0738306 0.073503 0.070857 0.0665217 0.0610896 0.0550632 0.048832 0.0426725 0.0367666 0.0312231 0.0260911 0.0213737 0.0170518 0.0131206 0.0096198 0.00663222
 0.00776581 0.012744 0.0194187 0.0277977 0.0376279 0.0482222 0.058431 0.0669268 0.0726765 0.0752617 0.0748562 0.0719869 0.0673043 0.0614509 0.0549916 0.0483694 0.04189 0.035739 0.0300148 0.0247586 0.0199776 0.0156675 0.0118357 0.00851739 0.00576774
 0.00787879 0.0129021 0.0196105 0.0280002 0.0378182 0.0483942 0.0586078 0.067159 0.0730254 0.0757732 0.0755371 0.0727921 0.0681398 0.0621956 0.0555288 0.0486169 0.0418166 0.0353618 0.0293837 0.0239398 0.0190456 0.0147019 0.0109174 0.00771811 0.00513524
 0.00778129 0.0127485 0.0193881 0.0276996 0.0374343 0.0479297 0.0580805 0.0666112 0.0725299 0.0754288 0.0754479 0.0730348 0.0687305 0.0630721 0.0565611 0.0496418 0.0426822 0.035963 0.0296775 0.0239413 0.0188116 0.0143129 0.0104608 0.00727264 0.00475787
 0.00781948 0.0128016 0.0194511 0.0277613 0.0374793 0.0479414 0.0580439 0.0665152 0.0723703 0.0752144 0.0752083 0.072824 0.0686183 0.0631209 0.0567966 0.0500335 0.0431474 0.0363939 0.0299782 0.024057 0.018739 0.0140925 0.0101581 0.00695543 0.00447901
 0.0079252 0.0129595 0.0196622 0.0280157 0.037757 0.048215 0.0582812 0.066683 0.0724399 0.0751687 0.0750486 0.0725731 0.0683198 0.0628333 0.0565803 0.0499314 0.0431663 0.0364984 0.0301031 0.024134 0.0187239 0.0139789 0.00997352 0.00674443 0.00428347
 0.00791841 0.0129503 0.0196515 0.028005 0.0377469 0.0482039 0.0582646 0.0666549 0.0723957 0.0751074 0.0749739 0.0724922 0.0682423 0.0627716 0.0565505 0.0499517 0.043249 0.0366397 0.0302775 0.0242994 0.0188386 0.0140193 0.00994217 0.00666536 0.00418822
 0.00790811 0.0129427 0.0196569 0.0280378 0.0378214 0.048327 0.0584299 0.0668414 0.0725724 0.0752425 0.0750432 0.0724845 0.0681619 0.0626361 0.0563866 0.0497896 0.0431163 0.0365543 0.0302416 0.0242985 0.0188474 0.0140138 0.00991053 0.00661097 0.00412458
 0.00802307 0.0131101 0.0198729 0.0282878 0.0380854 0.0485881 0.0586793 0.0670756 0.0727862 0.0754215 0.0751636 0.0725201 0.0680947 0.0624653 0.0561308 0.0494822 0.0427972 0.0362597 0.0299959 0.02411 0.0187094 0.0139109 0.00982761 0.00653949 0.00406321
 0.00792868 0.0129722 0.0196938 0.0280785 0.0378612 0.0483627 0.0584624 0.0668769 0.0726218 0.075317 0.0751472 0.0726088 0.0682818 0.0627189 0.0564049 0.0497348 0.0430034 0.036415 0.0301096 0.0241951 0.0187746 0.0139588 0.00985755 0.00655208 0.00406232
 0.00783985 0.0128312 0.019489 0.0278042 0.037522 0.0479777 0.0580674 0.0665189 0.0723462 0.0751545 0.0751077 0.072686 0.0684611 0.0629811 0.0567253 0.0500817 0.0433427 0.0367182 0.030361 0.0243917 0.0189215 0.0140639 0.00992811 0.00659475 0.00408413
 0.00780288 0.0127572 0.0193525 0.0275745 0.0371724 0.0475004 0.0574855 0.0658894 0.0717487 0.0746704 0.0748001 0.072587 0.0685688 0.0632663 0.057142 0.0505775 0.0438663 0.0372246 0.0308153 0.0247726 0.0192213 0.0142858 0.010082 0.00669391 0.00414262
 0.00778035 0.0127208 0.0192971 0.0274926 0.0370524 0.0473256 0.0572373 0.0655551 0.0713333 0.0742056 0.0743439 0.0722105 0.0683359 0.0632146 0.0572742 0.0508648 0.0442596 0.0376681 0.0312573 0.0251731 0.0195554 0.0145437 0.0102664 0.0068157 0.00421647
 0.00758975 0.0124294 0.0188937 0.0269802 0.036449 0.0466621 0.0565561 0.0649058 0.0707649 0.0737572 0.0740404 0.0720659 0.0683594 0.0634121 0.0576433 0.0513872 0.0448974 0.0383672 0.0319576 0.0258196 0.020108 0.0149814 0.0105875 0.00703308 0.00435173
 0.00759397 0.0124181 0.0188436 0.0268604 0.0362305 0.046333 0.0561321 0.0644297 0.0702924 0.0733379 0.0737054 0.0718274 0.0682195 0.0633729 0.0577112 0.0515692 0.0451922 0.0387576 0.0324088 0.0262856 0.0205428 0.0153501 0.0108722 0.00723348 0.00448006
 0.00768121 0.0125335 0.0189673 0.0269553 0.0362486 0.0462291 0.0558783 0.0640258 0.0697696 0.0727553 0.0731383 0.0713485 0.0678809 0.0631974 0.0576957 0.051696 0.0454385 0.0390983 0.032814 0.0267187 0.0209633 0.0157216 0.0111705 0.00745078 0.00462339
 0.00768557 0.0125474 0.0189995 0.0270136 0.0363329 0.0463219 0.0559406 0.0640046 0.0696173 0.0724529 0.0727088 0.0708537 0.0674021 0.0628107 0.0574525 0.051616 0.0455133 0.0393014 0.0331093 0.0270659 0.0213215 0.0160534 0.0114482 0.00766069 0.00476643
 0.00771535 0.0125887 0.0190492 0.0270656 0.0363817 0.0463662 0.0559833 0.064047 0.0696503 0.0724519 0.0726398 0.0706901 0.0671433 0.0624896 0.0571273 0.0513494 0.0453524 0.0392659 0.0331915 0.0272377 0.0215444 0.0162878 0.0116612 0.00783168 0.00488856
 0.00770563 0.012576 0.0190353 0.0270533 0.0363731 0.0463603 0.0559763 0.0640341 0.0696292 0.0724239 0.0726067 0.0706479 0.0670809 0.0623952 0.0569998 0.0512065 0.0452274 0.0391945 0.0331968 0.0273214 0.021688 0.0164609 0.0118324 0.00797729 0.00499719
 0.00770935 0.0125897 0.0190699 0.0271231 0.0364913 0.0465325 0.0561939 0.0642734 0.069856 0.0726029 0.0727103 0.0706625 0.0670067 0.0622425 0.0567854 0.0509519 0.0449601 0.0389469 0.0330002 0.0271969 0.0216393 0.0164744 0.0118839 0.00804162 0.00505573
 0.00766254 0.012514 0.0189576 0.0269701 0.0363008 0.0463198 0.0559882 0.0641131 0.0697767 0.0726234 0.072824 0.0708403 0.067208 0.0624288 0.0569295 0.0510423 0.0449999 0.0389513 0.0329912 0.0271966 0.0216623 0.0165231 0.0119499 0.00811089 0.00511591
 0.00763975 0.0124792 0.0189093 0.0269078 0.0362244 0.0462291 0.0558844 0.0640012 0.0696684 0.0725371 0.0727807 0.0708548 0.0672812 0.0625453 0.0570626 0.0511641 0.0450909 0.0390056 0.033016 0.0272071 0.021674 0.0165459 0.0119846 0.00815175 0.00515477
 0.00758016 0.0123866 0.0187782 0.0267366 0.0360166 0.0459943 0.0556385 0.0637654 0.0694656 0.0723873 0.0726984 0.0708483 0.0673527 0.0626895 0.0572646 0.0513994 0.0453308 0.0392248 0.0331994 0.0273517 0.0217862 0.0166348 0.0120574 0.00821136 0.00520137
 0.00764951 0.012483 0.0188928 0.0268509 0.0361074 0.0460416 0.0556322 0.063707 0.0693651 0.0722588 0.0725566 0.0707077 0.0672276 0.0625932 0.0572073 0.0513848 0.0453537 0.0392723 0.0332561 0.0274053 0.0218308 0.0166705 0.0120868 0.00823653 0.00522254
 0.00770307 0.0125713 0.0190269 0.0270385 0.0363474 0.0463175 0.0559093 0.0639375 0.0695034 0.072278 0.0724581 0.0705177 0.0669848 0.0623363 0.056967 0.0511813 0.0451969 0.0391625 0.0331861 0.0273643 0.0218083 0.016659 0.0120823 0.00823674 0.00522576
 0.00756502 0.0123708 0.0187702 0.0267482 0.0360579 0.0460663 0.0557277 0.0638446 0.0695017 0.0723532 0.0725829 0.0706613 0.067124 0.062461 0.0570794 0.0512901 0.0453102 0.0392838 0.033313 0.0274898 0.0219238 0.0167575 0.0121598 0.00829343 0.00526426
 0.00747729 0.0122276 0.018555 0.0264496 0.0356766 0.0456242 0.0552726 0.0634441 0.0692237 0.072242 0.0726438 0.0708623 0.0674112 0.0627798 0.0573895 0.0515709 0.0455578 0.0395032 0.0335101 0.027667 0.0220794 0.0168877 0.0122622 0.00836801 0.0053144
 0.00747229 0.0122215 0.0185489 0.0264437 0.0356682 0.0456051 0.0552303 0.0633669 0.0691101 0.0721067 0.0725158 0.0707733 0.0673813 0.0628088 0.0574599 0.0516585 0.0456433 0.0395775 0.0335734 0.0277232 0.0221314 0.0169357 0.012304 0.00840148 0.00533869
 0.00735178 0.0120352 0.0182869 0.0261052 0.0352627 0.0451539 0.0547667 0.0629328 0.068748 0.0718501 0.0723838 0.0707718 0.0675065 0.0630488 0.0577929 0.052053 0.0460618 0.0399848 0.0339434 0.0280415 0.0223934 0.0171424 0.0124594 0.0085118 0.00541161
 0.00741173 0.0121033 0.0183359 0.0260925 0.0351439 0.0449022 0.0543889 0.0624712 0.0682669 0.0714149 0.0720446 0.0705567 0.0674238 0.0630927 0.0579489 0.0522997 0.0463719 0.0403266 0.034285 0.0283564 0.0226636 0.0173597 0.0126235 0.00862777 0.00548782
 0.00746447 0.0121873 0.0184569 0.0262494 0.035322 0.045068 0.0544904 0.062451 0.0680855 0.0710739 0.0715932 0.0700762 0.0669984 0.0627841 0.0577849 0.052278 0.0464696 0.0405104 0.0345179 0.0286034 0.022896 0.0175582 0.012779 0.00873979 0.00556204
 0.00738376 0.0120794 0.0183377 0.026148 0.0352725 0.0450953 0.0545969 0.062611 0.0682495 0.071183 0.0715987 0.0699588 0.0667779 0.0625137 0.0575316 0.0520985 0.0463948 0.0405415 0.0346338 0.0287709 0.0230809 0.0177323 0.0129243 0.00884886 0.00563611
 0.0073102 0.0119564 0.0181481 0.0258788 0.034924 0.0446916 0.0541909 0.062275 0.0680504 0.0711529 0.0717198 0.0701712 0.067008 0.0627052 0.0576651 0.052191 0.0464825 0.0406582 0.0347951 0.0289708 0.0232979 0.0179402 0.0131018 0.00898498 0.00573008
 0.0073452 0.0120088 0.0182176 0.0259602 0.0350055 0.0447554 0.0542168 0.0622474 0.0679685 0.0710358 0.0716009 0.070082 0.0669607 0.0626871 0.0576494 0.0521557 0.0464254 0.0405965 0.0347539 0.0289679 0.0233355 0.0180063 0.013178 0.00905495 0.00578442
 0.0073258 0.0119843 0.0181935 0.0259454 0.0350091 0.0447818 0.0542613 0.0622958 0.0680014 0.0710363 0.0715631 0.0700148 0.0668846 0.0626238 0.0576105 0.0521388 0.0464194 0.0405929 0.0347531 0.0289776 0.0233628 0.0180514 0.0132333 0.00910959 0.00582972
 0.0071475 0.0117034 0.0177892 0.0254078 0.0343462 0.044026 0.0534741 0.0615627 0.0674127 0.0706626 0.0714363 0.0701257 0.0671941 0.0630798 0.0581606 0.0527358 0.0470223 0.0411678 0.0352753 0.029433 0.0237467 0.0183646 0.0134787 0.00929169 0.00595547
 0.00702892 0.011497 0.017454 0.0249001 0.0336323 0.0431024 0.0523852 0.0604045 0.0663158 0.0697619 0.0708401 0.0698948 0.0673348 0.0635492 0.0588818 0.0536173 0.0479754 0.042117 0.036163 0.03022 0.0244108 0.0188977 0.0138845 0.00958227 0.00614939
 0.00702199 0.0114754 0.017401 0.02479 0.0334318 0.0427761 0.0519048 0.0597606 0.0655306 0.0688966 0.0699914 0.0691777 0.0668546 0.0633745 0.0590286 0.0540497 0.04862 0.0428834 0.0369632 0.0309815 0.0250826 0.0194513 0.014311 0.00988853 0.00635325
 0.00698968 0.0114249 0.0173284 0.0246908 0.0332999 0.042601 0.0516713 0.0594504 0.0651278 0.0683968 0.0694124 0.0685664 0.066286 0.0629379 0.0588046 0.0540861 0.0489166 0.0433937 0.0376089 0.0316743 0.0257437 0.0200244 0.0147664 0.0102212 0.00657633
 0.00715655 0.0116881 0.0177082 0.025198 0.0339298 0.0433267 0.0524364 0.0601693 0.0656972 0.0687172 0.0694118 0.0682196 0.0656248 0.0620497 0.057817 0.0531391 0.0481297 0.0428388 0.0372998 0.0315751 0.0257902 0.0201472 0.0149092 0.0103484 0.00667226
 0.00719742 0.0117696 0.0178584 0.0254514 0.034318 0.0438634 0.0531041 0.0609149 0.06644 0.0693639 0.069873 0.0684231 0.0655277 0.0616502 0.0571621 0.0523211 0.0472685 0.0420527 0.0366759 0.0311511 0.0255544 0.020055 0.014905 0.0103838 0.00671527
 0.00702603 0.011504 0.0174852 0.0249727 0.0337573 0.0432714 0.0525596 0.0605136 0.0662692 0.0694715 0.070246 0.0689881 0.0661721 0.062254 0.0576294 0.0526041 0.0473763 0.0420412 0.0366226 0.0311236 0.0255886 0.0201498 0.0150342 0.010515 0.00682443
#obs surv len freq
 nan nan nan nan nan nan nan nan nan nan nan nan nan nan nan nan nan nan nan nan nan nan nan nan nan
 0.00448232 0.00734251 0.0111713 0.0159866 0.0216867 0.0279619 0.0342761 0.0400078 0.0446882 0.0481532 0.0505124 0.0520097 0.0529034 0.053417 0.0537323 0.053988 0.0542671 0.0545602 0.0546992 0.0542912 0.0527292 0.0493611 0.0438103 0.0362896 0.0276724
 0.00461583 0.00756058 0.0115011 0.016453 0.0223062 0.0287336 0.035172 0.0409707 0.0456389 0.0490062 0.0511922 0.0524616 0.0530993 0.053356 0.0534359 0.053493 0.0536165 0.0537963 0.0538607 0.0534147 0.0518532 0.0485284 0.0430653 0.0356699 0.0271988
 0.00477856 0.00782811 0.0119092 0.0170367 0.0230926 0.0297306 0.0363562 0.0422822 0.0469881 0.050289 0.0523055 0.0533166 0.0536297 0.0535241 0.0532358 0.0529476 0.0527717 0.0527117 0.0526026 0.0520533 0.0504637 0.0471915 0.0418611 0.0346647 0.0264292
 0.004974 0.00814587 0.0123877 0.0177123 0.0239934 0.0308661 0.0377063 0.0437913 0.0485706 0.0518417 0.0537215 0.0544946 0.0544814 0.0539804 0.0532534 0.0525142 0.0519073 0.0514666 0.0510529 0.0502965 0.0486153 0.0453785 0.0402092 0.0332765 0.0253623
 0.00518359 0.00849113 0.0129156 0.0184692 0.0250155 0.0321653 0.0392553 0.0455198 0.050376 0.0536094 0.0553422 0.0558719 0.0555316 0.0546316 0.0534468 0.05221 0.0510923 0.0501618 0.0493196 0.048239 0.0463774 0.0431323 0.0381309 0.0315129 0.0239988
 0.00540819 0.0088584 0.0134726 0.0192619 0.0260812 0.033519 0.0408761 0.0473438 0.0523034 0.0555215 0.0571198 0.0574071 0.0567337 0.0554267 0.0537755 0.0520256 0.0503642 0.0488855 0.0475311 0.0460292 0.0438977 0.0405834 0.0357311 0.0294514 0.0223919
 0.00564052 0.00923848 0.0140492 0.0200821 0.0271818 0.0349133 0.042539 0.0492073 0.054266 0.0574674 0.0589356 0.0589913 0.0579984 0.0562974 0.0541895 0.0519309 0.0497208 0.0476734 0.0457659 0.0437829 0.0413138 0.0378718 0.0331354 0.027193 0.0206149
 0.0058985 0.00966062 0.0146895 0.0209922 0.028401 0.036452 0.0443629 0.051232 0.0563701 0.0595167 0.0608061 0.0605811 0.0592294 0.0571105 0.0545383 0.0517757 0.049027 0.0464176 0.0439526 0.041469 0.0386304 0.0350271 0.030384 0.0247769 0.0186987
 0.00614442 0.0100655 0.0153081 0.0218792 0.0295995 0.0379774 0.0461852 0.0532696 0.0585007 0.0616009 0.0627107 0.0621938 0.0604648 0.0579088 0.0548597 0.0515929 0.048318 0.0451666 0.0421636 0.0391899 0.035979 0.0321993 0.0276292 0.02234 0.0167531
 0.00636173 0.0104237 0.0158569 0.0226684 0.0306709 0.0393495 0.047838 0.0551375 0.0604804 0.0635692 0.0645434 0.0637785 0.0617083 0.0587401 0.0552301 0.051471 0.0476845 0.0440122 0.0404969 0.0370567 0.0334867 0.0295281 0.0250123 0.0200114 0.0148833
 0.00660242 0.0108149 0.0164454 0.0234979 0.0317734 0.040733 0.0494728 0.0569516 0.0623692 0.065415 0.0662338 0.0652167 0.0628162 0.0594584 0.055516 0.0512957 0.0470304 0.0428732 0.0388847 0.0350174 0.0311209 0.0270014 0.0225393 0.017809 0.0131113
 0.00684791 0.0112185 0.0170607 0.0243759 0.0329513 0.0422156 0.0512162 0.0588593 0.0643092 0.0672483 0.0678401 0.0665071 0.0637328 0.0599681 0.0556021 0.050951 0.0462527 0.0416653 0.037263 0.0330272 0.0288554 0.0246106 0.0202163 0.0157486 0.0114566
 0.00706017 0.0115682 0.0175957 0.0251438 0.0339899 0.0435384 0.0527955 0.0606198 0.0661363 0.0690091 0.0694058 0.067771 0.0646201 0.0604379 0.0556425 0.0505692 0.0454643 0.04049 0.0357278 0.0311802 0.0267825 0.0224449 0.0181263 0.0139027 0.00997784
 0.00727362 0.0119162 0.018121 0.0258867 0.0349801 0.0447821 0.0542627 0.0622397 0.067806 0.0706121 0.0708304 0.0689218 0.0654247 0.0608499 0.0556424 0.0501609 0.0446688 0.0393386 0.0342609 0.0294541 0.0248813 0.0204878 0.0162583 0.012266 0.00867388
 0.00744853 0.0122063 0.0185682 0.0265327 0.0358572 0.0458988 0.0555896 0.0637061 0.069311 0.0720459 0.0720925 0.069932 0.0661249 0.0612032 0.0556309 0.0497842 0.0439419 0.0382897 0.0329319 0.027904 0.0231922 0.0187678 0.0146325 0.0108529 0.00755497
 0.00752708 0.0123355 0.0187661 0.0268197 0.0362548 0.0464264 0.056259 0.0645144 0.0702356 0.073042 0.0730964 0.0708678 0.0669158 0.0617815 0.0559451 0.0498017 0.0436498 0.0376944 0.03206 0.0268044 0.0219388 0.0174578 0.0133758 0.00975136 0.00667874
 0.0075854 0.0124261 0.018895 0.0269907 0.0364707 0.0466902 0.0565751 0.0648882 0.0706728 0.0735453 0.0736603 0.0714725 0.0675228 0.0623358 0.056383 0.0500622 0.043685 0.0374779 0.031591 0.026111 0.0210783 0.0165126 0.0124417 0.00891785 0.00600849
 0.00763598 0.0124992 0.0189883 0.0270966 0.0365789 0.0467927 0.0566701 0.0649822 0.0707798 0.0736851 0.0738537 0.0717351 0.0678568 0.0627231 0.0567838 0.0504191 0.0439342 0.0375632 0.0314772 0.0257937 0.0205877 0.0159097 0.0118056 0.00832706 0.00552123
 0.00772127 0.0126314 0.0191745 0.0273371 0.0368653 0.0471063 0.0569815 0.0652561 0.0709848 0.0738052 0.0738959 0.0717267 0.0678351 0.0627212 0.0568177 0.050481 0.0439928 0.0375726 0.0313918 0.0255846 0.0202547 0.015484 0.0113417 0.00788574 0.00515108
 0.00777759 0.01272 0.0193023 0.0275078 0.0370786 0.0473557 0.0572524 0.0655256 0.0712246 0.073988 0.074003 0.071754 0.0677954 0.0626406 0.0567265 0.0504024 0.0439326 0.0375161 0.0313097 0.0254462 0.0200433 0.0152066 0.011028 0.0075774 0.00488562
 0.00779937 0.0127538 0.0193502 0.0275711 0.0371578 0.0474508 0.0573627 0.0656487 0.0713556 0.0741187 0.074122 0.0718488 0.0678555 0.0626622 0.0567147 0.0503691 0.0438905 0.0374703 0.0312536 0.0253645 0.0199215 0.0150415 0.0108328 0.00737716 0.00470696
 0.00783991 0.0128124 0.0194249 0.0276555 0.037243 0.0475288 0.0574289 0.0657028 0.0714006 0.0741593 0.0741617 0.0718884 0.0678918 0.062689 0.0567258 0.0503614 0.0438651 0.0374306 0.0312012 0.0252965 0.0198324 0.014929 0.0107026 0.007243 0.00458544
 0.00787296 0.0128631 0.019495 0.0277439 0.0373447 0.0476347 0.0575266 0.0657789 0.0714449 0.0741691 0.0741438 0.0718556 0.0678573 0.0626613 0.0567062 0.0503457 0.0438473 0.0374054 0.0311654 0.0252477 0.019769 0.0148512 0.0106144 0.00715272 0.00450334
 0.00787312 0.0128632 0.0194951 0.0277439 0.0373449 0.0476355 0.0575286 0.0657821 0.0714488 0.0741723 0.0741452 0.0718558 0.0678595 0.0626698 0.0567246 0.050374 0.0438813 0.0374382 0.0311893 0.0252568 0.01976 0.0148243 0.0105733 0.00710441 0.00445583
 0.00789301 0.0128902 0.0195256 0.0277717 0.0373624 0.0476373 0.0575138 0.0657545 0.0714152 0.0741398 0.0741189 0.071838 0.0678505 0.0626692 0.0567321 0.0503895 0.0439036 0.0374644 0.0312142 0.0252747 0.0197661 0.0148168 0.0105539 0.0070775 0.00442734
 0.00791256 0.0129178 0.0195594 0.0278064 0.0373907 0.0476512 0.0575064 0.0657224 0.07136 0.0740689 0.0740444 0.0717729 0.0678053 0.0626486 0.0567354 0.050412 0.0439394 0.0375069 0.0312575 0.0253127 0.0197942 0.0148321 0.0105566 0.00707066 0.00441541
 0.00789143 0.0128883 0.0195239 0.0277698 0.0373583 0.0476261 0.0574874 0.0657045 0.0713369 0.0740371 0.0740048 0.0717321 0.0677725 0.062633 0.0567425 0.0504425 0.0439891 0.0375688 0.0313231 0.0253743 0.0198456 0.0148697 0.0105797 0.00708123 0.0044173
 0.00787093 0.0128485 0.0194528 0.027654 0.0371887 0.0474052 0.0572342 0.0654526 0.0711242 0.0738922 0.0739399 0.0717426 0.0678443 0.0627497 0.05689 0.0506099 0.044167 0.0377477 0.0314936 0.0255274 0.0199741 0.0149696 0.0106508 0.00712687 0.00444327
 0.00785164 0.0128163 0.0194021 0.0275783 0.0370806 0.0472578 0.0570447 0.0652259 0.0708766 0.0736518 0.0737408 0.0716158 0.0678074 0.062803 0.0570187 0.0507913 0.0443777 0.0379676 0.0317066 0.0257211 0.0201394 0.0151013 0.0107478 0.00719237 0.00448336
 0.00784175 0.012797 0.0193673 0.0275203 0.0369922 0.0471348 0.0568883 0.0650431 0.0706786 0.0734522 0.0735554 0.0714628 0.0677065 0.0627707 0.057063 0.0509078 0.0445507 0.0381747 0.0319243 0.0259292 0.020323 0.0152513 0.0108611 0.007271 0.00453313
 0.00781669 0.0127566 0.019307 0.027436 0.0368806 0.0469949 0.0567224 0.0648582 0.0704862 0.0732664 0.0733911 0.0713337 0.0676239 0.0627437 0.0570975 0.0510051 0.0447049 0.0383723 0.0321455 0.0261519 0.0205276 0.0154236 0.0109945 0.00736559 0.00459435
 0.0077845 0.0127032 0.0192251 0.0273185 0.0367231 0.0467983 0.0564958 0.0646186 0.0702547 0.0730639 0.0732334 0.0712304 0.0675797 0.0627593 0.0571713 0.0511332 0.0448811 0.0385861 0.0323821 0.0263928 0.0207534 0.0156183 0.0111485 0.00747703 0.00466778
 0.00776014 0.012661 0.0191568 0.0272149 0.0365763 0.0466054 0.0562621 0.0643589 0.0699916 0.0728228 0.0730378 0.0710977 0.0675195 0.0627729 0.0572537 0.0512753 0.0450714 0.0388119 0.0326284 0.0266429 0.0209895 0.0158249 0.0113148 0.00759951 0.0047499
 0.00773292 0.012618 0.0190941 0.0271293 0.0364652 0.0464669 0.0560964 0.0641695 0.0697868 0.072616 0.0728467 0.0709418 0.067416 0.0627341 0.057284 0.0513716 0.0452243 0.0390078 0.0328513 0.0268751 0.0212134 0.0160243 0.0114784 0.00772233 0.00483375
 0.00769033 0.0125499 0.018994 0.0269925 0.0362903 0.0462581 0.0558643 0.0639312 0.0695616 0.0724209 0.0726938 0.0708381 0.0673657 0.0627403 0.0573488 0.0514939 0.0453986 0.0392234 0.0330931 0.0271254 0.0214537 0.0162383 0.0116542 0.00785494 0.00492491
 0.0076818 0.0125326 0.0189615 0.0269368 0.0362035 0.0461355 0.0557075 0.0637488 0.0693682 0.0722338 0.0725289 0.0707081 0.0672791 0.0627017 0.0573598 0.0515546 0.0455068 0.0393736 0.0332755 0.0273257 0.0216551 0.0164241 0.0118113 0.0079761 0.00500982
 0.00764796 0.0124823 0.0188942 0.0268546 0.0361093 0.0460311 0.055593 0.0636234 0.0692329 0.0720937 0.0723941 0.0705917 0.0671941 0.0626578 0.0573623 0.0516041 0.0456006 0.0395061 0.0334382 0.0275066 0.0218397 0.0165972 0.0119599 0.0080924 0.00509237
 0.00763431 0.0124571 0.0188512 0.026787 0.0360123 0.0459057 0.0554478 0.0634734 0.0690941 0.0719773 0.0723038 0.0705259 0.0671507 0.0626376 0.057369 0.0516425 0.0456734 0.0396123 0.0335725 0.02766 0.0219998 0.0167504 0.0120938 0.00819897 0.00516918
 0.00760246 0.0124092 0.0187859 0.026705 0.0359155 0.0457955 0.0553254 0.0633415 0.0689589 0.0718492 0.0721959 0.0704498 0.0671123 0.062637 0.0574023 0.0517052 0.0457622 0.0397249 0.0337055 0.027807 0.0221512 0.0168947 0.0122204 0.0083003 0.00524274
 0.00760651 0.0124132 0.0187873 0.0267 0.0359003 0.0457681 0.0552865 0.0632933 0.0689039 0.0717885 0.0721295 0.0703793 0.0670426 0.0625757 0.0573577 0.0516836 0.0457669 0.0397564 0.0337619 0.027884 0.0222418 0.0169894 0.0123092 0.00837505 0.00529919
 0.00757598 0.0123691 0.0187313 0.0266367 0.0358357 0.0457069 0.0552304 0.0632419 0.0688561 0.0717446 0.0720915 0.0703494 0.0670224 0.0625658 0.0573592 0.0516981 0.0457969 0.0398036 0.0338262 0.0279627 0.0223294 0.0170785 0.0123917 0.00844428 0.00535156
 0.00758564 0.0123797 0.0187381 0.0266328 0.0358149 0.0456675 0.0551774 0.0631855 0.068807 0.0717091 0.072069 0.0703347 0.0670099 0.0625527 0.0573459 0.0516879 0.045794 0.0398122 0.0338491 0.0280003 0.022379 0.0171348 0.0124479 0.00849405 0.00539078
 0.007545 0.012323 0.0186696 0.0265615 0.035751 0.045617 0.0551393 0.0631534 0.0687747 0.0716754 0.0720393 0.0703169 0.0670095 0.0625697 0.0573762 0.0517261 0.0458366 0.0398581 0.033899 0.0280548 0.0224373 0.0171939 0.0125034 0.00854174 0.00542775
 0.00754223 0.0123119 0.0186413 0.0265057 0.0356601 0.0454929 0.0549967 0.0630167 0.0686682 0.0716135 0.072022 0.0703342 0.0670489 0.0626222 0.057437 0.0517927 0.0459066 0.0399291 0.0339693 0.0281233 0.0225031 0.0172553 0.012558 0.00858695 0.00546211
 0.00751472 0.0122709 0.0185863 0.0264373 0.0355788 0.0453973 0.054884 0.0628861 0.068526 0.0714754 0.0719099 0.0702684 0.0670397 0.0626671 0.0575237 0.0519054 0.0460313 0.0400556 0.0340908 0.0282354 0.022603 0.0173411 0.0126285 0.00864156 0.00550145
 0.0075222 0.0122798 0.0185936 0.0264387 0.0355697 0.0453752 0.0548492 0.0628406 0.0684717 0.0714123 0.0718384 0.0701924 0.0669688 0.0626141 0.0574993 0.0519138 0.0460689 0.040114 0.0341602 0.0283077 0.0226721 0.017403 0.0126805 0.0086825 0.00553128
 0.0075016 0.0122502 0.0185562 0.0263964 0.0355263 0.0453326 0.0548071 0.0627972 0.0684252 0.0713637 0.0717906 0.0701493 0.0669342 0.0625917 0.0574932 0.0519281 0.0461059 0.040172 0.0342334 0.028388 0.0227512 0.0174743 0.0127398 0.00872816 0.0055637
 0.00748986 0.0122287 0.0185197 0.0263395 0.0354456 0.0452301 0.0546917 0.0626834 0.0683285 0.0712945 0.071752 0.0701378 0.0669438 0.062617 0.0575313 0.0519782 0.0461682 0.0402464 0.0343178 0.0284774 0.0228392 0.0175541 0.0128065 0.00877931 0.00559964
 0.00747488 0.012206 0.0184883 0.0262992 0.0353959 0.04517 0.0546198 0.0625999 0.0682372 0.0712039 0.0716739 0.0700834 0.0669196 0.0626233 0.0575635 0.0520299 0.046234 0.0403222 0.0344004 0.0285632 0.0229233 0.0176312 0.0128717 0.00882993 0.00563547
 0.00747488 0.012206 0.0184883 0.0262992 0.0353959 0.04517 0.0546198 0.0625999 0.0682372 0.0712039 0.0716739 0.0700834 0.0669196 0.0626233 0.0575635 0.0520299 0.046234 0.0403222 0.0344004 0.0285632 0.0229233 0.0176312 0.0128717 0.00882993 0.00563547
 0.00730118 0.0119288 0.0180823 0.0257478 0.0346992 0.0443539 0.0537429 0.0617503 0.0675142 0.0706928 0.0714257 0.0701083 0.0671928 0.0630963 0.058176 0.05272 0.0469457 0.0410109 0.0350338 0.0291204 0.0233923 0.0180072 0.0131567 0.00903211 0.00576848
 0.00721671 0.0117753 0.017822 0.0253368 0.0340998 0.0435533 0.0527706 0.0606827 0.066463 0.0697801 0.0707582 0.0697581 0.0671875 0.0634184 0.0587707 0.0535092 0.0478434 0.0419363 0.0359203 0.0299189 0.0240719 0.0185535 0.0135698 0.00932388 0.0059594
 0.00720977 0.0117593 0.0177876 0.0252683 0.0339732 0.0433373 0.0524314 0.0601954 0.0658265 0.0690309 0.0699731 0.0690412 0.066645 0.0631315 0.0587767 0.0537961 0.0483581 0.0426006 0.0366489 0.0306353 0.0247176 0.019092 0.0139863 0.00962204 0.0061561
 0.00715995 0.0116877 0.0176968 0.0251655 0.0338665 0.0432292 0.0523139 0.0600481 0.0656208 0.0687398 0.0695849 0.068573 0.0661485 0.0626861 0.0584685 0.053692 0.0484847 0.0429379 0.0371393 0.0312014 0.025283 0.0195967 0.0143946 0.00992303 0.00635836
 0.00721278 0.0117681 0.0178076 0.0253061 0.0340331 0.0434155 0.0525099 0.0602369 0.0657761 0.0688254 0.0695603 0.0684051 0.0658273 0.0622369 0.0579541 0.0531995 0.048101 0.042723 0.0371098 0.0313302 0.0255137 0.0198654 0.0146479 0.0101286 0.00650545
 0.00720616 0.0117701 0.0178338 0.0253775 0.0341695 0.0436253 0.0527821 0.0605417 0.0660727 0.069073 0.0697249 0.0684603 0.0657541 0.0620277 0.0576215 0.0527831 0.0476653 0.0423416 0.0368422 0.0312032 0.0255159 0.0199572 0.0147802 0.0102599 0.00661109
 0.00707854 0.0115668 0.0175372 0.0249792 0.0336772 0.0430712 0.0522267 0.0600656 0.0657542 0.0689616 0.0698245 0.0687315 0.06613 0.0624346 0.0579964 0.053087 0.0478899 0.0425083 0.0369895 0.0313675 0.0257144 0.0201817 0.0150054 0.0104577 0.00676343
#pred catch len freq
 0.00314743 0.00512003 0.00774552 0.0110744 0.0151499 0.0199578 0.0253673 0.0311234 0.0369006 0.0423703 0.0472485 0.0513313 0.0545208 0.056828 0.058347 0.0592216 0.0596205 0.0597034 0.0595424 0.0589941 0.0575987 0.0546465 0.0494964 0.0420281 0.0329162
 0.00336139 0.00540682 0.00806656 0.011362 0.015333 0.0199995 0.0252872 0.0309875 0.0367808 0.0423008 0.0472104 0.0512755 0.0544127 0.0566837 0.0582378 0.0592432 0.0598412 0.0601157 0.0600431 0.0594106 0.0577563 0.0544475 0.0489666 0.0413016 0.0321686
 0.00343742 0.00556399 0.00835984 0.0118493 0.0160444 0.0208992 0.0262557 0.0318493 0.0373743 0.0425496 0.047146 0.0509979 0.0540258 0.0562557 0.0578069 0.0588463 0.0595258 0.0599179 0.0599492 0.0593386 0.0575832 0.0540726 0.0483709 0.0405622 0.031418
 0.00355679 0.00574617 0.00861679 0.0121969 0.016514 0.021544 0.0271374 0.0329978 0.0387367 0.0439656 0.0483828 0.0518373 0.0543516 0.0560858 0.057259 0.0580724 0.0586615 0.0590578 0.0591372 0.0585648 0.0567965 0.0532181 0.0474365 0.0396005 0.030526
 0.0037163 0.00600089 0.00899104 0.0127092 0.0171735 0.022348 0.0280729 0.0340481 0.0398894 0.0452062 0.0496675 0.0530624 0.0553529 0.0566867 0.0573424 0.0576306 0.0577903 0.0579054 0.0578439 0.0572239 0.0554501 0.051882 0.0461357 0.03839 0.0294807
 0.003911 0.00631336 0.00945455 0.013354 0.0180237 0.0234147 0.0293437 0.0354802 0.041411 0.0467296 0.0511064 0.0543406 0.0563983 0.057416 0.0576586 0.0574472 0.0570714 0.0566932 0.0562497 0.0553911 0.0535164 0.0499641 0.0443349 0.0367994 0.0281767
 0.00415026 0.00669361 0.0100118 0.0141192 0.0190214 0.0246585 0.0308279 0.0371697 0.043236 0.0485888 0.0528784 0.0559012 0.0576384 0.0582512 0.0580259 0.0572963 0.0563661 0.0554287 0.0544757 0.053221 0.0511149 0.0475203 0.0420338 0.0347964 0.0265744
 0.00442548 0.00713161 0.0106543 0.0150015 0.020169 0.0260818 0.0325126 0.0390688 0.0452696 0.0506511 0.0548477 0.057651 0.0590488 0.0592196 0.0584742 0.0571712 0.0556364 0.0540882 0.0525571 0.0508154 0.048383 0.0446806 0.0393272 0.0324356 0.0246981
 0.00473248 0.00762091 0.0113737 0.0159919 0.0214614 0.0276898 0.0344205 0.0412212 0.04757 0.0529709 0.057042 0.0595762 0.0605775 0.0602501 0.0589327 0.0570084 0.0548235 0.0526191 0.0504604 0.0481759 0.0453599 0.0415073 0.0362774 0.029763 0.0225737
 0.00500582 0.00806314 0.0120365 0.0169251 0.022708 0.0292752 0.0363379 0.0434199 0.0499538 0.0554069 0.0593761 0.0616505 0.0622483 0.0614015 0.0594822 0.0569043 0.0540389 0.0511499 0.0483347 0.0454748 0.0422404 0.0382064 0.0330823 0.0269482 0.0203293
 0.00528127 0.00850156 0.0126806 0.0178134 0.0238736 0.0307422 0.0381107 0.0454704 0.0522126 0.0577625 0.0616841 0.0637507 0.0639856 0.0626448 0.0601342 0.0569023 0.0533497 0.0497671 0.0462858 0.0428389 0.0391703 0.0349357 0.0298982 0.0241297 0.0180741
 0.00556945 0.00896058 0.0133546 0.0187393 0.0250778 0.0322338 0.0398722 0.0474516 0.0543322 0.0599175 0.0637595 0.0656271 0.0655447 0.0637767 0.0607453 0.0569204 0.0527276 0.0484856 0.044362 0.0403434 0.0362466 0.0318062 0.0268393 0.0214127 0.015894
 0.00580336 0.00934822 0.0139522 0.0196055 0.0262635 0.033765 0.041731 0.0495656 0.0565808 0.0621526 0.0658299 0.0673996 0.0669169 0.0646782 0.061131 0.0567597 0.0519976 0.0471738 0.0424797 0.0379482 0.0334645 0.0288395 0.0239435 0.0188408 0.0138293
 0.00601368 0.00968682 0.0144578 0.0203177 0.0272223 0.035006 0.043273 0.051393 0.0586283 0.0643001 0.0679147 0.0692444 0.0683651 0.0656215 0.0615163 0.0565772 0.0512602 0.045903 0.0407074 0.0357341 0.0309211 0.0261435 0.0213195 0.0165128 0.0119606
 0.0063235 0.0101597 0.0151134 0.0211571 0.0282342 0.0361748 0.0445828 0.0528245 0.0601525 0.0658708 0.0694626 0.0706753 0.0695665 0.0664792 0.061936 0.0565007 0.050669 0.0448116 0.0391559 0.0337914 0.028696 0.0237935 0.0190382 0.0144918 0.0103391
 0.0066215 0.0106349 0.0158099 0.0221069 0.0294475 0.0376284 0.0462097 0.0545175 0.0617861 0.0673335 0.0706795 0.0716106 0.0702076 0.0668167 0.0619512 0.0561661 0.0499592 0.0437163 0.0376918 0.0320108 0.0266937 0.021707 0.0170332 0.0127286 0.00893173
 0.00677248 0.0108941 0.0162264 0.0227366 0.030343 0.0388205 0.047686 0.0562082 0.063566 0.069042 0.0721529 0.0727181 0.0708775 0.0670414 0.0617688 0.0556297 0.0491123 0.0425864 0.0363017 0.0303983 0.0249294 0.0198992 0.0153155 0.0112304 0.00774304
 0.00684224 0.0110148 0.0164237 0.0230448 0.0308055 0.0394845 0.0485918 0.0573716 0.0649584 0.0705769 0.0736892 0.0740846 0.0719139 0.067638 0.0618871 0.0552971 0.0483962 0.0415645 0.0350448 0.0289713 0.023404 0.0183653 0.0138776 0.00998809 0.00676404
