SBPRF35
12.7214
Curr Bio
786099
B35
860895
F35
0.170078
FOFL
0.152776
OFL
98344.9
Bzero
3.63469e+06
#pred survey bio
 3.60734e+06 3.49068e+06 3.38172e+06 3.22732e+06 3.02451e+06 2.81405e+06 2.55688e+06 2.3179e+06 2.04938e+06 1.87012e+06 1.66972e+06 1.46819e+06 1.29218e+06 1.13474e+06 986861 890598 806935 745246 690766 666009 634093 608878 570777 562762 544237 531924 527996 517121 521412 530077 537093 551367 559620 569399 583859 591666 611775 617352 619070 636234 646760 655122 665148 668589 673659 673754 680325 679231 689358 691767 696305 745424 779651 798186 817470 827850 838655 850612 846717 851598 830994 817521 812294 792771 2.74522e+07 1.64379e+07 1.67958e+07 1.77721e+07 1.91416e+07 2.06557e+07 2.21293e+07 2.34528e+07 2.45788e+07 2.55015e+07 2.62379e+07 2.6815e+07 2.72615e+07 2.76042e+07 2.78659e+07 2.80654e+07 2.82175e+07 2.83336e+07 2.84225e+07 2.84908e+07 2.85435e+07 2.85843e+07 2.86161e+07 2.8641e+07 2.86606e+07 2.8676e+07 2.86882e+07 2.86979e+07 2.87057e+07 2.87118e+07 2.87168e+07 2.87208e+07 2.8724e+07 2.87266e+07 2.87288e+07 2.87305e+07 2.87319e+07 2.8733e+07 2.87339e+07 2.87347e+07 2.87353e+07 2.87358e+07 2.87362e+07 2.87365e+07 2.87368e+07 2.8737e+07 2.87372e+07 2.87374e+07 2.87375e+07 2.87376e+07 2.87377e+07 2.87377e+07 2.87378e+07 2.87378e+07 2.87379e+07 2.87379e+07 2.87379e+07 2.87379e+07 2.87379e+07 2.8738e+07 2.8738e+07 2.8738e+07 2.8738e+07 2.8738e+07 2.8738e+07 2.8738e+07 2.8738e+07 2.8738e+07 2.8738e+07 2.8738e+07 2.8738e+07 2.8738e+07 2.8738e+07 2.8738e+07 2.8738e+07 2.8738e+07 2.8738e+07 2.8738e+07 2.8738e+07 2.8738e+07 2.8738e+07 2.8738e+07 2.8738e+07 2.8738e+07 2.8738e+07 2.8738e+07 2.8738e+07 2.8738e+07 2.8738e+07 2.8738e+07 2.8738e+07 2.8738e+07 2.8738e+07 2.8738e+07 2.8738e+07 2.8738e+07 2.8738e+07 2.8738e+07 2.8738e+07 2.8738e+07 0 0 0 0 0 0 0 0 0 0 0 0 0 0 0 0 0 0 0 0 0 0 0 0 0
#obs survey bio
 3.35891e+06 3.96799e+06 2.84054e+06 3.27339e+06 3.44201e+06 3.33895e+06 2.22671e+06 2.90190e+06 1.98352e+06 1.95088e+06 1.55136e+06 1.89912e+06 1.21025e+06 1.07179e+06 683247 984808 655328 825475 795450 845488 532876 764843 812528 493499 548246 444523 453726 335334 426732 419862 519431 847663 723597 453277 471405 724990 535244 764854 602846 495919 634494 754560 894367 675260 616886 783816 502880 889457 919655 606130 754848 863341 887365 605125 873599 786054 865660 1.06756e+06 762003 930398 578593 929838 649501 672705
#pred catch bio
 103286 101395 151637 206662 226425 283149 281026 321872 254787 286509 296979 280197 266669 258460 212492 199914 177879 167448 138236 140969 131366 137652 108772 116042 109149 102028 108370 96264.4 94249.7 97213.5 92475.9 98023.2 96439.1 92927.6 99250.9 89959 103053 105823 93005 99341.9 101022 99332.2 104604 103216 107649 102402 109492 100843 108532 107470 71849.4 86951.5 100553 99991.9 107966 107732 106882 119710 110728 130648 121961 113206 123869 112870 98344.9 108117 109165 114464 122891 132369 141537 149657 156432 161850 166048 169224 171583 173309 174559 175455 176094 176545 176864 177088 177244 177354 177430 177483 177520 177545 177563 177575 177583 177589 177593 177596 177598 177599 177600 177601 177601 177601 177602 177602 177602 177602 177602 177602 177602 177602 177602 177602 177602 177602 177602 177602 177602 177602 177602 177602 177602 177602 177602 177602 177602 177602 177602 177602 177602 177602 177602 177602 177602 177602 177602 177602 177602 177602 177602 177602 177602 177602 177602 177602 177602 177602 177602 177602 177602 177602 177602 177602 177602 177602 177602 177602 177602 177602 177602 177602 177602 177602 177602 177602 0 0 0 0 0 0 0 0 0 0 0 0 0 0 0 0 0 0 0 0 0 0 0 0 0
#obs catch bio
 0 101083 151855 207488 226481 283822 280650 321843 253144 285689 297757 280193 267410 258590 214405 200371 179197 167958 137779 140337 131119 137442 107551 115642 108550 101292 109045 97038.8 94820.7 98202.8 93277.4 98823.2 96382.1 92893 99567.8 89968.8 103685 106074 92959.8 99722.6 101110 99002.6 104071 102428 107709 101888 109408 100382 108374 107848 71584.4 86953 100629 99911.4 107992 107800 106735 119930 110384 130316 121808 112599 123706 112800
#pred cpue bio
 3.56781e+06 3.45272e+06 3.34358e+06 3.18903e+06 2.98683e+06 2.77692e+06 2.5206e+06 2.28238e+06 2.01488e+06 1.83574e+06 1.63584e+06 1.43535e+06 1.26058e+06 1.10451e+06 958005 862756 780335 719891 666815 642909 611890 587470 550485 542737 524565 512434 508257 497327 501432 509836 516629 530709 539185 549032 563215 570822 590558 596174 598015 614918 625400 633839 643863 647318 652155 652201 658651 657436 667247 669535 673908 722434 756636 775113 793978 804121 814796 826710 823133 828220 808144 794991 790014 770884 2.66899e+07 1.59767e+07 1.61856e+07 1.70416e+07 1.83812e+07 1.98902e+07 2.13631e+07 2.26864e+07 2.38124e+07 2.47351e+07 2.54716e+07 2.60486e+07 2.64951e+07 2.68378e+07 2.70995e+07 2.72991e+07 2.74511e+07 2.75672e+07 2.76561e+07 2.77244e+07 2.77771e+07 2.78179e+07 2.78498e+07 2.78746e+07 2.78942e+07 2.79096e+07 2.79219e+07 2.79315e+07 2.79393e+07 2.79455e+07 2.79504e+07 2.79544e+07 2.79577e+07 2.79603e+07 2.79624e+07 2.79641e+07 2.79655e+07 2.79666e+07 2.79675e+07 2.79683e+07 2.79689e+07 2.79694e+07 2.79698e+07 2.79702e+07 2.79704e+07 2.79707e+07 2.79708e+07 2.7971e+07 2.79711e+07 2.79712e+07 2.79713e+07 2.79714e+07 2.79714e+07 2.79715e+07 2.79715e+07 2.79715e+07 2.79715e+07 2.79716e+07 2.79716e+07 2.79716e+07 2.79716e+07 2.79716e+07 2.79716e+07 2.79716e+07 2.79716e+07 2.79716e+07 2.79716e+07 2.79716e+07 2.79716e+07 2.79716e+07 2.79716e+07 2.79716e+07 2.79716e+07 2.79716e+07 2.79716e+07 2.79716e+07 2.79717e+07 2.79717e+07 2.79717e+07 2.79717e+07 2.79717e+07 2.79717e+07 2.79717e+07 2.79717e+07 2.79717e+07 2.79717e+07 2.79717e+07 2.79717e+07 2.79717e+07 2.79717e+07 2.79717e+07 2.79717e+07 2.79717e+07 2.79717e+07 2.79717e+07 2.79717e+07 2.79717e+07 2.79717e+07 2.79717e+07 2.79717e+07 0 0 0 0 0 0 0 0 0 0 0 0 0 0 0 0 0 0 0 0 0 0 0 0 0
#obs cpue bio
 4.75778e+06 3.12432e+06 3.272e+06 2.3367e+06 3.38331e+06 2.67084e+06 3.24257e+06 2.37784e+06 2.50851e+06 1.65078e+06 1.14716e+06 1.25681e+06 1.09863e+06 1.43e+06 683661 1.16824e+06 631889 850846 727216 652760 593947 563414 641720 481017 608885 705023 284383 509115 632394 459785 446359 362350 731405 624026 605232 448586 499275 635341 606342 621934 793902 757067 639182 815406 408297 828577 751838 610033 456350 613217 598141 707320 667587 1.00542e+06 760602 769239 884225 606775 1.09510e+06 1.00651e+06 935907 970207 873916 731935
#pred surv len freq
 0.00421667 0.00696375 0.0106997 0.0154747 0.0212048 0.0275755 0.0340279 0.0399164 0.044759 0.0483917 0.0509294 0.0526133 0.0536799 0.0543076 0.0546146 0.0546788 0.0545598 0.0543013 0.053883 0.0531221 0.0515914 0.0486785 0.0438555 0.0370564 0.0288985
 0.00453392 0.00738524 0.0111626 0.0158698 0.0214158 0.0275359 0.0337596 0.0395195 0.0443567 0.0480662 0.0506915 0.0524222 0.0534927 0.0541227 0.0544841 0.0546838 0.054764 0.054705 0.0544017 0.053605 0.0518785 0.0486696 0.0435544 0.0365633 0.028356
 0.0046057 0.00756662 0.0115473 0.016564 0.0224866 0.0289452 0.0353279 0.0409632 0.0453964 0.0485448 0.050624 0.0519508 0.052793 0.0533317 0.0536863 0.053937 0.0541197 0.0541994 0.0540271 0.0532939 0.0515249 0.0481835 0.0429139 0.0358293 0.0276379
 0.0046974 0.00770734 0.0117493 0.016848 0.0228946 0.0295472 0.0362059 0.0421639 0.0468703 0.0501142 0.0520201 0.0529131 0.0531741 0.0531408 0.0530543 0.0530414 0.0531218 0.0532138 0.0531123 0.0524523 0.0507164 0.0473587 0.0420551 0.034972 0.0268559
 0.00485967 0.00797029 0.0121424 0.0173958 0.0236104 0.0304271 0.0372278 0.0432972 0.0480886 0.051395 0.0533193 0.0541305 0.0541479 0.0536928 0.0530652 0.0525038 0.0521382 0.0519446 0.051713 0.0510318 0.0493297 0.0460281 0.0408026 0.0338394 0.0258987
 0.00501738 0.00823195 0.0125459 0.0179794 0.0244048 0.031442 0.0384398 0.0446461 0.0494902 0.0527645 0.0545904 0.055257 0.0550839 0.054368 0.0533795 0.0523574 0.0514806 0.0508091 0.0502102 0.0493104 0.0475336 0.0442749 0.0391856 0.0324345 0.0247628
 0.00524456 0.00860171 0.0131033 0.0187667 0.0254538 0.0327612 0.0400002 0.0463756 0.0512817 0.0544951 0.0561445 0.0565433 0.056042 0.0549615 0.0535785 0.0521235 0.0507705 0.0496011 0.0485373 0.0472748 0.045294 0.0420147 0.0370795 0.030622 0.0233288
 0.00546937 0.00896888 0.0136591 0.0195557 0.0265103 0.0340967 0.0415895 0.0481514 0.0531434 0.0563265 0.0578309 0.0579825 0.0571505 0.0556773 0.0538593 0.0519399 0.0500988 0.0484266 0.0468728 0.0451872 0.0429191 0.0395466 0.0347332 0.0285852 0.0217194
 0.00585954 0.00958552 0.0145541 0.0207653 0.0280488 0.0359471 0.0436927 0.0504029 0.0554055 0.0584528 0.0596901 0.0594719 0.0581984 0.0562392 0.0539108 0.0514689 0.0490997 0.0469009 0.0448414 0.0427143 0.0401354 0.0366527 0.03197 0.026177 0.0198152
 0.00609136 0.00997292 0.015156 0.0216413 0.0292452 0.0374756 0.0455115 0.0524147 0.0574778 0.0604491 0.0614936 0.0609922 0.0593658 0.0569971 0.0542122 0.0512763 0.0483861 0.045654 0.0430741 0.0404834 0.0375619 0.0339274 0.0293296 0.02385 0.0179606
 0.00629151 0.0103205 0.0157202 0.0225008 0.0304711 0.0391038 0.0475156 0.0546947 0.0598744 0.0627768 0.0635762 0.0626898 0.0605867 0.0576956 0.0543752 0.0509054 0.0474855 0.0442291 0.0411443 0.0381051 0.0348525 0.0310751 0.0265713 0.0214183 0.0160204
 0.00651922 0.0106956 0.0162952 0.0233305 0.0316059 0.0405758 0.0493209 0.0567804 0.0621362 0.0650692 0.0657307 0.0645386 0.0619873 0.0585502 0.0546369 0.05057 0.0465743 0.0427751 0.0391912 0.0357227 0.0321606 0.0282552 0.0238506 0.0190209 0.0141068
 0.00674112 0.0110595 0.0168488 0.0241204 0.0326688 0.0419255 0.0509347 0.0585954 0.0640596 0.0669948 0.0675518 0.0661503 0.0632866 0.0594399 0.0550366 0.0504272 0.0458705 0.0415237 0.0374356 0.0335414 0.0296777 0.0256474 0.0213318 0.0167994 0.0123316
 0.00701916 0.0115041 0.017504 0.0250219 0.0338372 0.0433558 0.0525856 0.0603857 0.0658798 0.0687289 0.0690975 0.0674296 0.0642441 0.0600343 0.0552315 0.0501887 0.0451709 0.0403522 0.0358114 0.0315254 0.0273835 0.0232405 0.019011 0.0147562 0.0107009
 0.00727455 0.011935 0.0181798 0.026013 0.0351949 0.045083 0.0546121 0.0625666 0.0680257 0.0706535 0.070658 0.0685436 0.0648847 0.0602135 0.0549803 0.0495386 0.0441443 0.0389635 0.0340803 0.0294983 0.0251513 0.0209445 0.0168251 0.0128483 0.00918766
 0.00737894 0.012106 0.0184418 0.0263946 0.0357301 0.0458083 0.0555569 0.0637383 0.0693931 0.0721374 0.0721369 0.0698772 0.0659453 0.0609116 0.0552735 0.0494235 0.0436396 0.0380964 0.0328839 0.0280208 0.0234719 0.0191804 0.0151209 0.0113456 0.0079872
 0.00743313 0.0122093 0.0186249 0.0266948 0.0361819 0.0464298 0.0563397 0.0646482 0.0703825 0.0731591 0.073148 0.0708307 0.0667813 0.0615577 0.0556585 0.0494942 0.0433714 0.0374933 0.0319737 0.0268534 0.0221223 0.0177515 0.0137347 0.0101199 0.00700606
 0.0074138 0.0121831 0.0185967 0.0266763 0.0361935 0.0465012 0.0565065 0.0649444 0.0708281 0.0737502 0.0738547 0.0716034 0.0675606 0.0622805 0.0562594 0.0499083 0.0435421 0.0373833 0.0315741 0.0261893 0.021253 0.0167662 0.01274 0.00921846 0.0062729
 0.00751825 0.0123307 0.0187778 0.0268688 0.0363703 0.0466425 0.0566098 0.0650269 0.070922 0.0738917 0.074072 0.0719076 0.0679403 0.0627029 0.0566757 0.0502605 0.0437704 0.0374349 0.0314146 0.0258129 0.0206897 0.0160801 0.0120171 0.00854589 0.00571666
 0.00751504 0.0123203 0.0187522 0.0268156 0.0362745 0.0464898 0.0563931 0.064754 0.0706218 0.0736158 0.0738869 0.0718764 0.068102 0.0630575 0.0571814 0.050844 0.0443432 0.0379112 0.0317258 0.0259206 0.0205936 0.015818 0.0116553 0.00816029 0.00537153
 0.00753399 0.0123603 0.0188283 0.026945 0.0364685 0.0467434 0.0566772 0.0650175 0.0708063 0.0736768 0.0738126 0.0716952 0.0678747 0.0628568 0.0570664 0.05084 0.0444337 0.0380457 0.0318388 0.0259541 0.0205153 0.0156308 0.0113934 0.00787474 0.00511081
 0.00746546 0.0122601 0.0186991 0.0267988 0.0363262 0.0466316 0.0566232 0.0650415 0.0709116 0.073844 0.0740017 0.0718602 0.0679835 0.0629059 0.0570814 0.0508598 0.0444891 0.0381417 0.0319521 0.0260442 0.0205448 0.0155825 0.011277 0.0077203 0.00495415
 0.00773371 0.0126448 0.0191832 0.0273345 0.0368494 0.0470852 0.0569747 0.0652858 0.071061 0.0739128 0.0739962 0.0717763 0.0678124 0.0626442 0.0567411 0.0504718 0.044096 0.0377833 0.0316502 0.0257974 0.0203352 0.01539 0.0110917 0.00754617 0.00480308
 0.00775146 0.0126832 0.0192561 0.0274548 0.0370182 0.0472804 0.0571479 0.065377 0.0710276 0.0737573 0.0737701 0.0715556 0.0676596 0.0625821 0.0567522 0.0505187 0.044145 0.0378181 0.0316691 0.0258034 0.020328 0.0153658 0.0110487 0.00748862 0.00474105
 0.0078603 0.0128538 0.0195014 0.0277828 0.0374305 0.047769 0.0576889 0.0659246 0.0715143 0.0741054 0.0739151 0.0714711 0.067371 0.0621571 0.0562727 0.0500513 0.0437261 0.0374574 0.0313634 0.0255464 0.0201143 0.0151902 0.0109058 0.00737431 0.00465283
 0.00810309 0.0132064 0.0199541 0.0283001 0.037962 0.048267 0.0581219 0.0662795 0.0717892 0.0742983 0.0740153 0.0714592 0.067227 0.0618751 0.0558721 0.0495753 0.0432287 0.0369854 0.0309462 0.0251958 0.0198297 0.0149657 0.0107337 0.00724672 0.00456225
 0.00810887 0.0132502 0.0200807 0.0285651 0.0384088 0.0488954 0.0588682 0.0670272 0.0724106 0.0747044 0.0741823 0.0714188 0.0670335 0.0615752 0.0554945 0.0491389 0.042755 0.0365041 0.0304898 0.0247913 0.0194927 0.0146998 0.0105342 0.0071044 0.00446613
 0.00815875 0.0133288 0.0201968 0.0287303 0.0386421 0.049224 0.0593203 0.0676138 0.0731035 0.0754249 0.0748157 0.0718522 0.0671979 0.061465 0.055157 0.0486455 0.0421762 0.0358981 0.0299026 0.0242581 0.019038 0.0143359 0.0102612 0.00691273 0.00434061
 0.00816665 0.0133269 0.0201674 0.0286502 0.0384915 0.0490012 0.0590536 0.0673634 0.0729482 0.0754362 0.0750284 0.0722449 0.0676945 0.0619604 0.0555542 0.0488866 0.0422514 0.0358347 0.0297456 0.0240544 0.0188269 0.0141452 0.0101063 0.0067982 0.00426316
 0.00813017 0.0132741 0.0200988 0.0285683 0.0383965 0.0488872 0.0589092 0.0671795 0.0727309 0.0752175 0.0748643 0.0721975 0.0678041 0.0622228 0.0559178 0.0492711 0.0425791 0.0360565 0.0298501 0.0240608 0.0187697 0.0140596 0.0100192 0.0067253 0.0042101
 0.00804437 0.0131498 0.0199401 0.0283893 0.0382179 0.0487298 0.0587875 0.0670978 0.0726826 0.075189 0.0748441 0.0721866 0.0678204 0.0622944 0.0560651 0.0494898 0.0428364 0.0363036 0.0300436 0.0241786 0.0188148 0.0140521 0.00998426 0.00668385 0.00417452
 0.00779898 0.0127774 0.0194304 0.0277535 0.0374896 0.0479628 0.0580527 0.0664751 0.0722457 0.0749853 0.0748815 0.072435 0.0682277 0.0628061 0.0566379 0.0500926 0.0434421 0.0368815 0.0305589 0.0246014 0.0191302 0.0142639 0.0101116 0.00675184 0.0042064
 0.0077815 0.0127163 0.0192797 0.0274548 0.0369924 0.0472539 0.0571791 0.065543 0.0713913 0.0743332 0.0745113 0.072369 0.068439 0.0632359 0.0572154 0.0507506 0.0441245 0.0375439 0.0311655 0.0251234 0.0195482 0.0145723 0.0103195 0.00687919 0.004277
 0.00784383 0.012802 0.0193775 0.0275382 0.0370192 0.0471708 0.0569322 0.0650969 0.0707518 0.073563 0.0737238 0.0716984 0.0679968 0.0630791 0.0573377 0.0510976 0.044619 0.0381076 0.031732 0.0256424 0.0199863 0.0149132 0.0105627 0.00703747 0.00437046
 0.00780772 0.012754 0.0193245 0.027491 0.0369865 0.0471503 0.0569037 0.0650228 0.0705879 0.0732763 0.0733124 0.0712033 0.067498 0.0626742 0.0571102 0.0510897 0.0448218 0.0384705 0.0321837 0.0261119 0.0204169 0.0152692 0.0108302 0.00722 0.00448341
 0.00781124 0.0127584 0.019329 0.0274957 0.0369933 0.0471643 0.0569316 0.0650674 0.0706398 0.073309 0.0732862 0.0710807 0.0672651 0.0623555 0.0567671 0.0508007 0.0446535 0.038454 0.0323078 0.0263329 0.0206786 0.0155214 0.0110396 0.00737349 0.00458359
 0.00764678 0.0125095 0.0189892 0.0270723 0.0365069 0.046646 0.0564223 0.0646154 0.0702951 0.0731116 0.0732529 0.0711969 0.067488 0.0626293 0.0570458 0.0510652 0.0449138 0.0387351 0.0326277 0.0266883 0.0210441 0.0158614 0.0113237 0.00758635 0.00472657
 0.00759272 0.0124217 0.0188579 0.0268899 0.0362716 0.0463658 0.0561175 0.0643169 0.0700364 0.0729199 0.0731437 0.0711727 0.0675408 0.0627424 0.0571969 0.0512325 0.0450843 0.0389092 0.0328149 0.0268964 0.0212693 0.0160868 0.011527 0.00774969 0.00484307
 0.00765827 0.0125085 0.0189518 0.0269652 0.0362974 0.046317 0.0559846 0.0641094 0.06978 0.0726489 0.0728926 0.0709702 0.0674046 0.0626782 0.0571989 0.0512872 0.0451757 0.0390241 0.0329463 0.0270418 0.0214257 0.016246 0.0116758 0.0078749 0.00493683
 0.00753133 0.0123223 0.0187081 0.0266766 0.035981 0.0459859 0.0556435 0.0637591 0.0694274 0.0723159 0.072616 0.0707918 0.0673567 0.0627722 0.0574227 0.0516106 0.0455601 0.039432 0.0333478 0.0274163 0.0217606 0.0165335 0.0119106 0.0080545 0.00506357
 0.00744151 0.0121784 0.0184967 0.0263899 0.0356217 0.0455728 0.0552131 0.0633585 0.0690992 0.0720827 0.072477 0.070733 0.067367 0.062852 0.0575797 0.0518488 0.045871 0.0397936 0.0337304 0.0277907 0.022103 0.0168279 0.0121484 0.00823402 0.00518886
 0.00741321 0.0121242 0.0184003 0.0262312 0.0353824 0.0452446 0.0548063 0.0629053 0.0686484 0.0716884 0.0721838 0.0705658 0.0673276 0.0629255 0.0577453 0.0520888 0.0461716 0.0401406 0.0341046 0.0281674 0.0224566 0.0171369 0.0123993 0.00842256 0.00531938
 0.00738959 0.0120835 0.0183343 0.0261295 0.0352332 0.0450369 0.0545333 0.0625692 0.0682646 0.071287 0.0718076 0.0702616 0.0671351 0.0628663 0.0578195 0.0522788 0.0464507 0.0404805 0.0344779 0.0285477 0.022818 0.0174566 0.0126615 0.0086207 0.00545661
 0.00749125 0.0122288 0.0185156 0.0263262 0.0354161 0.0451756 0.054603 0.0625527 0.0681527 0.071079 0.0715144 0.0699086 0.0667616 0.0625197 0.0575441 0.052105 0.0463893 0.0405235 0.0346043 0.0287293 0.0230253 0.0176623 0.0128437 0.00876628 0.00556162
 0.00743613 0.0121683 0.0184769 0.0263488 0.0355366 0.0454061 0.0549156 0.0628832 0.0684228 0.0712257 0.0715086 0.0697576 0.0664986 0.0621915 0.0572018 0.0517963 0.0461519 0.0403789 0.0345553 0.0287623 0.0231155 0.0177812 0.0129655 0.0088724 0.00564263
 0.00745852 0.0121907 0.018487 0.0263319 0.0354862 0.0453366 0.0548658 0.0629033 0.0685472 0.071447 0.0717732 0.0699869 0.0666242 0.0621816 0.0570676 0.0515808 0.0459106 0.0401628 0.034399 0.0286796 0.0231009 0.017816 0.0130261 0.00893767 0.00569854
 0.00748688 0.0122291 0.0185295 0.0263663 0.0354952 0.0453019 0.0547753 0.06276 0.0683758 0.0712918 0.0716829 0.0699913 0.066716 0.0623186 0.057194 0.0516549 0.0459214 0.0401282 0.0343515 0.0286488 0.0231027 0.01785 0.0130805 0.00899704 0.00575061
 0.00753493 0.0123117 0.0186613 0.0265609 0.0357588 0.0456242 0.0551237 0.0630821 0.0686133 0.0714021 0.0716554 0.0698508 0.0665104 0.0620958 0.056983 0.0514597 0.0457314 0.0399349 0.034159 0.0284733 0.0229622 0.0177545 0.0130284 0.00897772 0.0057503
 0.00749057 0.0122431 0.0185654 0.0264398 0.0356215 0.0454885 0.055015 0.0630269 0.068629 0.0714862 0.0717847 0.0699906 0.0666308 0.0621837 0.0570422 0.0515015 0.0457634 0.0399573 0.0341693 0.0284722 0.0229559 0.0177513 0.0130334 0.0089906 0.00576688
 0.00750621 0.0122667 0.0185975 0.0264791 0.0356656 0.0455339 0.0550584 0.0630667 0.0686667 0.0715259 0.0718298 0.0700396 0.0666745 0.0622087 0.0570376 0.0514651 0.0457019 0.0398817 0.0340897 0.028396 0.0228886 0.0176975 0.0129959 0.00896895 0.00575772
 0.00744422 0.0121803 0.0184938 0.0263737 0.0355776 0.0454788 0.0550421 0.0630854 0.0687104 0.0715847 0.0718974 0.0701137 0.0667544 0.062291 0.057115 0.0515278 0.0457424 0.0398978 0.034085 0.0283776 0.0228644 0.0176742 0.0129777 0.00895775 0.00575281
 0.00712987 0.0116746 0.0177458 0.0253482 0.0342718 0.0439445 0.053401 0.06152 0.0674242 0.0707462 0.0715962 0.0703485 0.0674495 0.0633268 0.0583574 0.0528508 0.0470418 0.0410975 0.0351376 0.0292604 0.0235734 0.0182183 0.0133749 0.00923143 0.00592926
 0.00706975 0.0115524 0.0175164 0.0249533 0.0336532 0.043066 0.0522716 0.0602076 0.0660517 0.0694716 0.0705829 0.069731 0.0673039 0.0636553 0.0590928 0.0538779 0.0482268 0.0423145 0.0362858 0.0302714 0.0244107 0.0188723 0.0138559 0.00956301 0.00614216
 0.00714653 0.0116673 0.0176685 0.0251288 0.0338206 0.043173 0.0522476 0.0599773 0.0655609 0.0687166 0.069629 0.0687068 0.066372 0.0629687 0.0587545 0.0539173 0.0486002 0.0429257 0.0370178 0.0310152 0.0250847 0.0194288 0.0142787 0.00985947 0.00633383
 0.00709803 0.0116095 0.0176199 0.0251179 0.0338758 0.0433065 0.0524416 0.0601795 0.0656938 0.0686984 0.0693992 0.0682514 0.0657379 0.0622603 0.0581083 0.0534619 0.0484167 0.0430272 0.0373524 0.0314913 0.0256027 0.0199079 0.0146701 0.0101468 0.00652482
 0.00706237 0.0115541 0.0175424 0.0250215 0.0337726 0.0432198 0.0524036 0.0602208 0.0658259 0.0688969 0.069601 0.0683716 0.0657027 0.0620409 0.0577387 0.0530318 0.0480403 0.0428014 0.037324 0.0316465 0.0258817 0.0202335 0.0149758 0.0103923 0.00669786
 0.00700058 0.0114591 0.01741 0.0248517 0.0335704 0.0429962 0.052177 0.0600186 0.0656817 0.0688421 0.0696512 0.0685135 0.0658904 0.0622086 0.0578277 0.0530191 0.0479525 0.0427028 0.0372855 0.0317122 0.026052 0.0204711 0.0152277 0.0106136 0.00686471
 0.00687906 0.0112746 0.0171566 0.0245337 0.0332011 0.0425965 0.0517747 0.0596468 0.0653758 0.0686349 0.069567 0.0685635 0.0660669 0.0624816 0.0581479 0.0533315 0.0482172 0.0429113 0.0374606 0.0318902 0.0262582 0.0207051 0.0154666 0.0108272 0.00703128
 0.00685834 0.011236 0.0170899 0.0244275 0.0330469 0.0423944 0.0515374 0.059398 0.0651438 0.0684437 0.0694324 0.0684931 0.0660642 0.062546 0.0582716 0.0534962 0.0483968 0.0430819 0.0376121 0.0320287 0.0263979 0.0208551 0.0156223 0.0109735 0.00715237
 0.0067849 0.0111206 0.0169237 0.0242044 0.0327649 0.0420565 0.0511548 0.0589926 0.0647481 0.0680971 0.0691731 0.0683504 0.0660515 0.0626599 0.0584944 0.0538006 0.0487501 0.0434513 0.0379698 0.0323575 0.0266912 0.0211126 0.0158435 0.0111553 0.0072913
 0.00684806 0.0112187 0.0170622 0.024384 0.0329794 0.0422912 0.0513841 0.0591821 0.0648604 0.0681023 0.0690596 0.0681302 0.0657594 0.0623433 0.0582005 0.0535643 0.0485878 0.0433616 0.0379394 0.0323692 0.0267301 0.0211678 0.0159069 0.0112191 0.00734822
 0.00684891 0.0112246 0.0170794 0.024421 0.0330444 0.0423883 0.05151 0.0593246 0.0649995 0.0682141 0.0691205 0.0681225 0.0656766 0.0621944 0.0580096 0.0533649 0.0484131 0.0432345 0.0378684 0.0323495 0.0267491 0.0212109 0.015961 0.0112739 0.00739617
 0.00684217 0.0112062 0.0170387 0.0243452 0.0329245 0.0422262 0.051324 0.0591466 0.0648653 0.0681491 0.0691308 0.0681935 0.0657798 0.0622989 0.0580927 0.053419 0.0484455 0.0432619 0.0379074 0.0324091 0.0268285 0.0213013 0.016051 0.0113534 0.00745928
 0.00693587 0.0113523 0.0172458 0.0246144 0.0332458 0.0425762 0.0516649 0.0594327 0.065056 0.0682232 0.0690927 0.0680678 0.0655973 0.0620839 0.0578587 0.0531722 0.0481923 0.0430138 0.0376804 0.0322192 0.0266857 0.0212069 0.0159979 0.0113302 0.00745397
#obs surv len freq
 nan nan nan nan nan nan nan nan nan nan nan nan nan nan nan nan nan nan nan nan nan nan nan nan nan
 0.00448695 0.00734935 0.0111803 0.0159973 0.0216982 0.0279735 0.0342869 0.0400172 0.0446957 0.0481584 0.0505152 0.05201 0.0529013 0.0534129 0.0537265 0.0539809 0.0542591 0.0545516 0.0546902 0.054282 0.0527202 0.0493526 0.0438027 0.0362834 0.0276677
 0.0046079 0.00755 0.0114894 0.016443 0.0223009 0.028735 0.0351802 0.0409835 0.0456532 0.0490193 0.0512024 0.0524686 0.0531035 0.053358 0.0534363 0.053492 0.0536145 0.0537935 0.0538574 0.0534111 0.0518495 0.0485248 0.0430621 0.0356672 0.0271968
 0.00478132 0.00783001 0.0119074 0.0170277 0.0230734 0.029701 0.0363203 0.0422473 0.0469622 0.0502767 0.0523072 0.0533286 0.0536471 0.0535428 0.0532532 0.052963 0.0527851 0.0527236 0.0526134 0.0520632 0.0504729 0.0471998 0.0418684 0.0346707 0.0264337
 0.00496043 0.00812647 0.0123632 0.0176846 0.0239643 0.0308359 0.0376733 0.0437533 0.0485271 0.0517963 0.0536814 0.0544678 0.0544729 0.0539905 0.0532784 0.0525487 0.0519465 0.0515074 0.0510936 0.0503364 0.0486534 0.0454138 0.0402403 0.0333022 0.0253818
 0.00517764 0.00848007 0.0128966 0.0184392 0.0249729 0.0321109 0.0391937 0.0454581 0.050321 0.0535649 0.0553089 0.0558488 0.0555189 0.0546312 0.0534608 0.0522386 0.0511333 0.0502114 0.0493738 0.0482944 0.0464314 0.0431825 0.0381752 0.0315493 0.0240264
 0.00540058 0.00884611 0.0134542 0.0192357 0.0260454 0.0334722 0.0408176 0.0472749 0.0522283 0.0554471 0.057054 0.0573568 0.0567028 0.0554161 0.0537845 0.0520528 0.0504079 0.0489432 0.0475992 0.0461031 0.0439727 0.0406547 0.0357946 0.0295038 0.0224317
 0.00565675 0.00926385 0.0140853 0.0201295 0.0272395 0.0349777 0.0426041 0.0492644 0.0543056 0.0574816 0.0589209 0.0589497 0.0579372 0.0562265 0.0541188 0.0518682 0.049671 0.0476381 0.0457446 0.0437731 0.041312 0.0378747 0.0331401 0.0271978 0.0206188
 0.00589029 0.00964945 0.0146767 0.0209806 0.0283939 0.0364524 0.0443719 0.0512491 0.0563922 0.0595392 0.0608234 0.060588 0.0592229 0.0570907 0.054509 0.0517433 0.0489985 0.0463985 0.0439457 0.0414742 0.0386451 0.0350475 0.0304059 0.0247968 0.0187147
 0.00614503 0.0100652 0.0153057 0.021873 0.0295886 0.0379627 0.04617 0.0532591 0.0584997 0.0616117 0.0627313 0.0622189 0.060487 0.0579219 0.0548603 0.0515815 0.0482988 0.0451458 0.0421471 0.0391815 0.0359795 0.0322072 0.0276413 0.0223529 0.0167643
 0.00638415 0.0104581 0.0159046 0.0227289 0.0307413 0.039425 0.0479115 0.0552013 0.060528 0.0635975 0.0645532 0.0637732 0.0616912 0.058713 0.0551928 0.0514231 0.047627 0.0439486 0.0404324 0.036997 0.0334358 0.029488 0.0249829 0.0199912 0.0148702
 0.00661488 0.0108367 0.0164811 0.0235519 0.0318491 0.0408301 0.0495852 0.0570678 0.0624748 0.0654968 0.0662832 0.0652316 0.0627999 0.0594174 0.0554573 0.0512248 0.0469512 0.0427888 0.0387987 0.0349342 0.031045 0.0269366 0.0224876 0.0177705 0.0130847
 0.00683761 0.0112038 0.0170426 0.0243574 0.0329368 0.042211 0.0512274 0.0588908 0.0643619 0.0673182 0.0679177 0.0665805 0.0637911 0.0600041 0.0556142 0.0509415 0.0462261 0.0416266 0.0372167 0.0329778 0.0288072 0.0245675 0.020181 0.0157221 0.0114384
 0.0070794 0.0115964 0.0176325 0.0251871 0.0340366 0.0435857 0.0528421 0.0606659 0.0661829 0.0690568 0.0694535 0.0678152 0.0646552 0.0604573 0.0556411 0.0505449 0.0454189 0.040428 0.0356554 0.0311039 0.0267082 0.0223777 0.0180698 0.0138589 0.00994665
 0.00728634 0.0119395 0.0181605 0.0259485 0.0350681 0.0448949 0.0543914 0.0623688 0.0679184 0.070695 0.0708787 0.068938 0.065415 0.0608203 0.0555966 0.0501003 0.0445941 0.0392515 0.0341652 0.0293553 0.0247856 0.0204011 0.0161851 0.0122088 0.00863282
 0.00742435 0.012167 0.0185095 0.0264521 0.0357561 0.0457849 0.055478 0.0636162 0.0692611 0.0720453 0.0721391 0.0700142 0.066227 0.0613111 0.0557342 0.0498756 0.0440164 0.0383444 0.032966 0.0279193 0.023193 0.0187594 0.0146202 0.0108406 0.00754495
 0.00752099 0.0123242 0.0187465 0.0267877 0.0362065 0.0463594 0.0561746 0.0644188 0.0701405 0.0729626 0.0730477 0.0708599 0.06695 0.0618503 0.0560354 0.0498991 0.043742 0.0377731 0.0321206 0.026846 0.0219632 0.0174688 0.013378 0.00974912 0.00667515
 0.00761431 0.0124699 0.0189548 0.0270647 0.0365538 0.0467745 0.0566494 0.0649403 0.0706918 0.073526 0.0736057 0.0713942 0.0674371 0.0622586 0.0563248 0.0500259 0.0436668 0.0374703 0.0315864 0.0261041 0.021067 0.0164974 0.0124247 0.00890187 0.00599542
 0.00763647 0.0125055 0.0190078 0.0271386 0.0366519 0.0468992 0.0568024 0.0651228 0.0709058 0.073775 0.0738933 0.0717206 0.067795 0.0626289 0.0566754 0.0503135 0.0438429 0.0374905 0.0314216 0.0257505 0.0205525 0.0158795 0.0117796 0.00830567 0.00550496
 0.00771118 0.0126145 0.0191485 0.027301 0.0368213 0.0470616 0.0569487 0.0652498 0.0710154 0.0738728 0.0739879 0.0718221 0.0679126 0.0627671 0.0568292 0.050465 0.0439613 0.0375371 0.0313602 0.0255598 0.0202359 0.0154693 0.0113294 0.00787549 0.0051429
 0.00775714 0.0126876 0.019255 0.0274437 0.0369971 0.0472589 0.0571464 0.0654214 0.0711376 0.073935 0.0739968 0.0717986 0.0678826 0.0627525 0.0568419 0.0505035 0.0440105 0.0375706 0.0313462 0.0254709 0.0200607 0.0152189 0.0110363 0.00758227 0.00488793
 0.00782116 0.0127821 0.0193794 0.0275918 0.037159 0.0474243 0.0573064 0.0655678 0.0712608 0.0740236 0.0740407 0.0717938 0.0678355 0.0626794 0.0567633 0.0504367 0.0439622 0.0375341 0.0313033 0.0253995 0.0199446 0.0150563 0.010842 0.00738252 0.00470979
 0.00785157 0.0128342 0.0194623 0.0277138 0.037324 0.0476269 0.0575291 0.0657831 0.0714398 0.0741454 0.0740977 0.0717898 0.0677809 0.0625872 0.0566478 0.050313 0.0438435 0.0374274 0.0312067 0.0253031 0.0198365 0.01493 0.0107015 0.0072411 0.00458356
 0.00787236 0.0128633 0.0194978 0.0277523 0.0373629 0.0476673 0.057577 0.0658464 0.0715226 0.0742432 0.074197 0.0718732 0.0678342 0.062604 0.0566303 0.0502691 0.0437836 0.0373608 0.0311387 0.0252337 0.0197619 0.0148469 0.0106109 0.00714966 0.00450081
 0.00789633 0.0129003 0.0195496 0.0278183 0.0374398 0.0477488 0.0576544 0.0659112 0.0715697 0.0742738 0.0742168 0.0718887 0.067847 0.0626102 0.0566232 0.0502438 0.04374 0.0373032 0.0310728 0.0251643 0.0196909 0.0147748 0.0105392 0.00708161 0.00444135
 0.00787632 0.0128661 0.0194954 0.0277387 0.037332 0.0476156 0.0575066 0.0657665 0.0714488 0.0741942 0.0741894 0.0719164 0.0679258 0.0627299 0.0567684 0.0503965 0.0438832 0.0374244 0.0311656 0.0252275 0.0197269 0.0147876 0.0105339 0.00706477 0.00441959
 0.00790827 0.0129094 0.0195443 0.0277819 0.0373553 0.0476063 0.0574576 0.0656791 0.0713326 0.0740654 0.0740678 0.0718208 0.0678702 0.0627203 0.0568025 0.0504646 0.0439709 0.037516 0.031248 0.025292 0.0197699 0.01481 0.0105396 0.00705908 0.00440828
 0.00786333 0.0128421 0.0194534 0.0276696 0.0372253 0.0474622 0.0573021 0.0655154 0.0711672 0.0739103 0.0739395 0.0717374 0.0678468 0.0627642 0.0569111 0.0506261 0.0441666 0.0377245 0.0314484 0.0254677 0.0199108 0.014913 0.0106073 0.00709831 0.0044275
 0.00788406 0.0128667 0.0194741 0.027674 0.0372009 0.0474019 0.0572085 0.0653997 0.0710439 0.0737908 0.0738303 0.0716422 0.0677707 0.0627159 0.0569004 0.0506592 0.0442426 0.0378339 0.0315758 0.0255958 0.0200248 0.0150036 0.0106716 0.00713876 0.00444966
 0.00786012 0.0128322 0.0194297 0.0276221 0.037143 0.0473366 0.0571306 0.0653033 0.0709277 0.0736622 0.0737048 0.0715383 0.0677027 0.0626908 0.056919 0.0507187 0.0443382 0.0379583 0.0317181 0.0257422 0.020161 0.015118 0.0107584 0.00719801 0.00448583
 0.00785887 0.0128234 0.0194044 0.0275688 0.0370524 0.0472067 0.0569709 0.0651329 0.0707681 0.0735293 0.0736054 0.0714729 0.0676705 0.0626926 0.0569564 0.0507917 0.0444436 0.0380894 0.0318654 0.025894 0.0203046 0.0152424 0.0108565 0.00726805 0.00453086
 0.00784551 0.0128066 0.0193877 0.0275571 0.0370485 0.0472076 0.0569662 0.0651081 0.0707121 0.0734412 0.0734965 0.0713614 0.067574 0.0626232 0.0569199 0.0507897 0.044475 0.0381509 0.0319508 0.025994 0.0204081 0.0153386 0.010937 0.00732854 0.00457165
 0.00780371 0.0127361 0.0192778 0.0273984 0.0368372 0.0469518 0.0566884 0.0648421 0.0704924 0.0732915 0.0734233 0.0713577 0.0676275 0.0627222 0.0570554 0.0509541 0.0446605 0.0383489 0.032152 0.0261887 0.0205867 0.0154923 0.0110599 0.00741898 0.00463233
 0.00775337 0.0126553 0.0191579 0.0272318 0.0366192 0.0466824 0.0563766 0.0645081 0.0701672 0.0730122 0.073225 0.0712639 0.0676444 0.0628391 0.0572503 0.0512013 0.0449366 0.0386347 0.0324321 0.0264503 0.0208192 0.0156875 0.0112134 0.0075309 0.00470725
 0.00773836 0.012624 0.0190983 0.0271288 0.0364586 0.0464574 0.0560927 0.0641846 0.069833 0.0726996 0.0729647 0.0710818 0.0675595 0.0628601 0.0573731 0.0514094 0.0452048 0.038935 0.0327386 0.0267416 0.0210793 0.0159058 0.0113847 0.00765556 0.00479075
 0.0076968 0.0125587 0.019004 0.0270013 0.0362944 0.0462537 0.0558493 0.0639064 0.069533 0.0723993 0.0726922 0.0708673 0.0674289 0.0628302 0.0574491 0.0515841 0.0454599 0.039244 0.0330714 0.0270692 0.0213776 0.0161584 0.0115833 0.00780007 0.00488741
 0.00769046 0.0125447 0.0189761 0.0269515 0.0362151 0.0461406 0.0557034 0.0637341 0.0693431 0.0722011 0.0724947 0.0706816 0.0672704 0.0627183 0.0574025 0.0516158 0.045572 0.0394264 0.0333033 0.0273239 0.0216279 0.0163818 0.0117655 0.00793591 0.00497979
 0.00767476 0.0125235 0.0189518 0.0269281 0.0361958 0.0461246 0.0556843 0.0637011 0.0692858 0.0721139 0.0723793 0.0705463 0.0671282 0.0625847 0.0572951 0.0515517 0.0455651 0.0394824 0.0334172 0.0274799 0.0218035 0.0165537 0.011915 0.00805257 0.00506176
 0.00763742 0.012466 0.0188715 0.0268257 0.0360758 0.0459962 0.0555603 0.0635955 0.0692089 0.0720679 0.0723578 0.0705377 0.0671216 0.0625757 0.0572867 0.0515535 0.0455892 0.0395396 0.033512 0.0276081 0.0219523 0.016705 0.0120517 0.00816271 0.00514116
 0.00762391 0.0124413 0.0188296 0.0267597 0.0359805 0.0458711 0.0554128 0.063441 0.0690673 0.0719579 0.072291 0.0705157 0.0671369 0.0626152 0.0573379 0.0516091 0.0456494 0.0396096 0.0335983 0.0277132 0.0220719 0.0168289 0.0121669 0.00825861 0.00521236
 0.00759675 0.0124003 0.0187733 0.0266885 0.0358953 0.0457726 0.0553013 0.0633181 0.0689383 0.0718332 0.0721851 0.0704434 0.0671085 0.0626325 0.0573941 0.0516924 0.0457477 0.0397154 0.0337086 0.0278277 0.0221889 0.0169435 0.0122714 0.00834554 0.00527759
 0.00759961 0.0124033 0.0187751 0.0266867 0.0358875 0.0457573 0.0552781 0.0632871 0.068899 0.0717843 0.0721257 0.0703757 0.0670392 0.062572 0.0573529 0.0516767 0.0457582 0.0397482 0.0337583 0.0278894 0.0222584 0.0170158 0.0123408 0.00840598 0.00532488
 0.00757772 0.0123719 0.0187355 0.0266425 0.0358435 0.045717 0.0552431 0.0632567 0.0688717 0.0717588 0.0721016 0.0703529 0.0670179 0.0625537 0.0573405 0.0516751 0.0457717 0.0397788 0.0338049 0.0279482 0.0223241 0.0170829 0.0124034 0.00845956 0.00536642
 0.00755418 0.0123323 0.0186739 0.0265537 0.0357253 0.045574 0.0550877 0.0631084 0.068751 0.0716805 0.0720706 0.0703645 0.0670622 0.0626193 0.0574184 0.0517593 0.0458596 0.0398698 0.0338985 0.0280428 0.0224165 0.0171685 0.012478 0.00851976 0.00541107
 0.00754239 0.0123135 0.018646 0.0265146 0.0356727 0.0455054 0.0550019 0.0630071 0.0686407 0.0715729 0.0719802 0.0703048 0.0670407 0.0626357 0.057466 0.0518282 0.0459407 0.0399564 0.0339868 0.02813 0.0225001 0.0172452 0.0125443 0.00857313 0.00545054
 0.00754112 0.0123116 0.0186434 0.0265111 0.0356678 0.0454979 0.0549897 0.0629869 0.068609 0.0715274 0.071922 0.0702393 0.0669774 0.0625856 0.0574377 0.0518253 0.0459612 0.0399951 0.0340372 0.0281865 0.022558 0.0173005 0.0125936 0.00861369 0.00548109
 0.00752842 0.0122927 0.0186183 0.0264811 0.035635 0.0454648 0.0549587 0.0629597 0.0685863 0.0715083 0.0719043 0.0702207 0.0669569 0.0625652 0.0574222 0.0518206 0.045972 0.0400224 0.0340786 0.0282372 0.0226122 0.017353 0.0126402 0.00865167 0.0055094
 0.00750884 0.0122641 0.0185811 0.0264379 0.0355901 0.0454228 0.0549236 0.0629346 0.0685724 0.0715053 0.0719097 0.0702307 0.0669674 0.0625731 0.0574269 0.0518242 0.0459786 0.0400364 0.0341024 0.0282702 0.0226513 0.0173937 0.012678 0.00868332 0.00553332
 0.00749723 0.0122414 0.0185402 0.0263708 0.035491 0.0452926 0.0547727 0.0627822 0.0684415 0.0714148 0.0718692 0.0702394 0.0670165 0.0626498 0.0575181 0.0519198 0.0460722 0.0401254 0.0341865 0.0283495 0.0227249 0.0174595 0.0127335 0.00872681 0.00556458
 0.00747531 0.0122065 0.0184889 0.0263 0.0353978 0.0451748 0.0546306 0.0626208 0.0682724 0.0712561 0.0717426 0.0701641 0.0670037 0.062699 0.0576184 0.0520539 0.0462222 0.0402768 0.0343296 0.0284788 0.0228376 0.017554 0.0128089 0.00878332 0.00560386
 0.00747531 0.0122065 0.0184889 0.0263 0.0353978 0.0451748 0.0546306 0.0626208 0.0682724 0.0712561 0.0717426 0.0701641 0.0670037 0.062699 0.0576184 0.0520539 0.0462222 0.0402768 0.0343296 0.0284788 0.0228376 0.017554 0.0128089 0.00878332 0.00560386
 0.00719547 0.0117601 0.0178349 0.0254116 0.034274 0.0438554 0.0532078 0.0612343 0.0670821 0.0704025 0.0713136 0.0701831 0.0674362 0.06347 0.0586301 0.0532026 0.0474115 0.0414265 0.0353804 0.0293925 0.0235946 0.0181501 0.0132527 0.00909309 0.00580486
 0.0071621 0.0116746 0.0176485 0.0250598 0.0336927 0.0430072 0.0521068 0.0599558 0.0657517 0.0691701 0.070324 0.0695507 0.067226 0.0636895 0.0592327 0.0541005 0.0484952 0.0425842 0.0365133 0.0304245 0.024476 0.0188572 0.0137842 0.00946575 0.00604687
 0.00719921 0.0117386 0.0177488 0.0251989 0.0338558 0.0431503 0.0521536 0.0598136 0.0653462 0.0684839 0.0694182 0.0685542 0.0663004 0.0629836 0.0588468 0.0540688 0.0487873 0.0431218 0.0371945 0.0311473 0.0251561 0.0194381 0.0142389 0.00979265 0.00626249
 0.00717327 0.0117091 0.0177281 0.025207 0.033915 0.0432757 0.0523413 0.0600315 0.0655318 0.068555 0.0692966 0.0681991 0.0657349 0.0622991 0.0581778 0.0535502 0.0485124 0.0431192 0.0374293 0.0315421 0.0256191 0.0198882 0.0146213 0.0100826 0.00646036
 0.00714372 0.0116624 0.0176613 0.0251207 0.0338161 0.0431802 0.0522742 0.0600206 0.0655949 0.0686848 0.0694523 0.0683132 0.0657367 0.0621463 0.0578822 0.0531805 0.0481704 0.0429008 0.0373888 0.0316772 0.0258807 0.0202053 0.014928 0.0103355 0.00664301
 0.00710716 0.0116078 0.017588 0.0250312 0.0337153 0.0430742 0.0521707 0.0599308 0.0655337 0.0686687 0.0694922 0.0684035 0.0658491 0.0622347 0.0579008 0.0531082 0.0480276 0.0427438 0.0372854 0.0316747 0.0259869 0.0203902 0.0151425 0.0105342 0.00679849
 0.00706577 0.0115395 0.0174838 0.0248834 0.0335208 0.0428385 0.0519111 0.0596748 0.0653137 0.0685133 0.06942 0.0684212 0.0659495 0.0623959 0.058088 0.053282 0.0481592 0.0428294 0.0373476 0.0317492 0.0261005 0.0205463 0.0153213 0.010706 0.00693922
 0.00707962 0.0115598 0.0175097 0.0249117 0.0335451 0.0428497 0.0518983 0.0596287 0.0652306 0.0683991 0.0692909 0.0682993 0.0658566 0.0623459 0.058082 0.0533081 0.048198 0.0428635 0.037372 0.0317731 0.0261403 0.0206126 0.0154113 0.0108049 0.00702927
 0.00702432 0.0114789 0.0174048 0.0247898 0.033417 0.0427258 0.0517861 0.0595313 0.0651474 0.068328 0.0692307 0.0682523 0.0658294 0.0623479 0.058121 0.0533854 0.0483058 0.0429878 0.0374984 0.0318935 0.0262542 0.020723 0.0155187 0.0109045 0.00711362
 0.00704845 0.0115102 0.0174375 0.0248146 0.0334245 0.0427119 0.0517548 0.0594931 0.0651136 0.0683033 0.0692112 0.0682285 0.0657931 0.0622981 0.0580651 0.053336 0.0482742 0.0429795 0.0375121 0.0319241 0.0262964 0.0207732 0.0155736 0.0109597 0.00716341
 0.00705044 0.0115219 0.0174699 0.0248813 0.0335354 0.0428656 0.0519338 0.0596671 0.0652501 0.0683809 0.0692251 0.0681873 0.0657104 0.0621863 0.0579344 0.0531964 0.0481375 0.0428577 0.0374143 0.0318545 0.0262545 0.0207555 0.0155746 0.0109729 0.00718214
 0.00697141 0.0113953 0.0172841 0.0246301 0.0332232 0.0425127 0.0515786 0.0593598 0.0650375 0.0682896 0.0692535 0.0683115 0.0658972 0.0624052 0.0581628 0.0534197 0.0483473 0.0430503 0.0375898 0.0320139 0.0263981 0.0208819 0.0156816 0.0110586 0.00724621
 0.00700457 0.0114382 0.0173283 0.0246597 0.0332188 0.0424574 0.0514648 0.0591934 0.0648393 0.068091 0.069089 0.0682072 0.0658635 0.062435 0.0582376 0.0535181 0.0484522 0.0431517 0.0376833 0.0320991 0.0264758 0.0209522 0.0157434 0.0111101 0.00728619
#pred catch len freq
 0.00312999 0.00511003 0.00776467 0.011155 0.0153274 0.0202592 0.0257993 0.031668 0.0375193 0.0430139 0.0478683 0.0518882 0.0549914 0.0572052 0.0586349 0.0594249 0.059732 0.0596948 0.0593638 0.058588 0.0569278 0.0537252 0.0484064 0.0409032 0.031899
 0.00337467 0.00543848 0.00813296 0.0114849 0.0155349 0.0202953 0.0256773 0.0314547 0.0372936 0.0428214 0.0477027 0.0517112 0.0547753 0.0569687 0.0584491 0.0593862 0.0599129 0.0600959 0.0598919 0.0590771 0.0572021 0.0536752 0.0480381 0.0403288 0.0312767
 0.00345849 0.00561473 0.00846604 0.0120433 0.0163553 0.0213377 0.0268025 0.0324549 0.0379735 0.0430819 0.0475719 0.0513044 0.0542217 0.056362 0.0578469 0.0588368 0.0594704 0.0598016 0.0597384 0.0589887 0.0570578 0.0533686 0.0475361 0.0396898 0.0306163
 0.0035646 0.0057789 0.00870316 0.0123762 0.0168261 0.0220138 0.0277591 0.0337287 0.039504 0.044683 0.0489718 0.0522456 0.0545639 0.0561228 0.0571639 0.0578923 0.058429 0.0587807 0.0587976 0.0581283 0.0562314 0.0525194 0.0466418 0.0387875 0.0297863
 0.00371528 0.00601889 0.00905479 0.0128565 0.0174449 0.0227728 0.0286547 0.0347592 0.0406732 0.0459883 0.0503686 0.0536127 0.0557055 0.056826 0.0572858 0.0574188 0.0574696 0.0575103 0.0573858 0.0566927 0.0548292 0.0511705 0.0453652 0.0376246 0.0287961
 0.00388929 0.00629908 0.00947196 0.0134389 0.0182146 0.0237388 0.0298043 0.0360531 0.0420509 0.0473817 0.0517166 0.0548611 0.0567908 0.0576541 0.0577316 0.0573612 0.0568471 0.0563572 0.0558239 0.0548862 0.0529359 0.0493179 0.0436529 0.0361335 0.0275873
