SBPRF35
9.52693
Curr Bio
572889
B35
725050
F35
0.191484
FOFL
0.147919
OFL
68058.9
Bzero
2.72198e+006
#pred survey bio
 4.34768e+006 4.15953e+006 3.96885e+006 3.73634e+006 3.46173e+006 3.17277e+006 2.87169e+006 2.58679e+006 2.3303e+006 2.05963e+006 1.80374e+006 1.56245e+006 1.37358e+006 1.21814e+006 1.08144e+006 945618 850959 789509 739989 702014 665920 647107 627084 623377 621492 608113 602545 606318 601163 605334 607485 605181 608005 593855 582662 568913 560930 546316 558393 551042 552976 554406 554870 561647 557443 557787 555383 565990 563050 565243 570196 593650 603658 596695 563435 579017 612792 608659 585955 566697 642774 668134 686033 631042 590492 578812 579084 2.00891e+007 1.20729e+007 1.24034e+007 1.32959e+007 1.45223e+007 1.58313e+007 1.70533e+007 1.81038e+007 1.8959e+007 1.96296e+007 2.01422e+007 2.05274e+007 2.08137e+007 2.10251e+007 2.11807e+007 2.12953e+007 2.13799e+007 2.14425e+007 2.14891e+007 2.15239e+007 2.15501e+007 2.15699e+007 2.1585e+007 2.15965e+007 2.16054e+007 2.16122e+007 2.16174e+007 2.16215e+007 2.16247e+007 2.16272e+007 2.16291e+007 2.16307e+007 2.16319e+007 2.16328e+007 2.16335e+007 2.16341e+007 2.16346e+007 2.1635e+007 2.16353e+007 2.16355e+007 2.16357e+007 2.16358e+007 2.16359e+007 2.1636e+007 2.16361e+007 2.16361e+007 2.16362e+007 2.16362e+007 2.16363e+007 2.16363e+007 2.16363e+007 2.16363e+007 2.16363e+007 2.16363e+007 2.16363e+007 2.16363e+007 2.16363e+007 2.16363e+007 2.16363e+007 2.16364e+007 2.16364e+007 2.16364e+007 2.16364e+007 2.16364e+007 2.16364e+007 2.16364e+007 2.16364e+007 2.16364e+007 2.16364e+007 2.16364e+007 2.16364e+007 2.16364e+007 2.16364e+007 2.16364e+007 2.16364e+007 2.16364e+007 2.16364e+007 2.16364e+007 2.16364e+007 2.16364e+007 2.16364e+007 2.16364e+007 2.16364e+007 2.16364e+007 2.16364e+007 2.16364e+007 2.16364e+007 2.16364e+007 2.16364e+007 2.16364e+007 2.16364e+007 2.16364e+007 2.16364e+007 2.16364e+007 2.16364e+007 2.16364e+007 2.16364e+007 2.16364e+007 2.16364e+007 2.16364e+007 0 0 0 0 0 0 0 0 0 0 0 0 0 0 0 0 0 0 0 0 0 0 0 0 0
#obs survey bio
 3.2139e+006 2.58002e+006 4.64749e+006 3.6853e+006 4.21165e+006 2.30133e+006 2.08901e+006 2.31045e+006 1.94903e+006 1.72556e+006 1.60843e+006 1.05433e+006 966640 1.05076e+006 1.06824e+006 868116 608729 557789 952145 542936 623164 508908 548207 588204 471371 551951 552061 657253 540307 477551 560306 641679 574111 704973 435686 500281 800878 628715 609757 841112 507431 399967 499801 411200 685141 705240 532418 460104 638158 304580 511868 639598 738582 623896 630775 595997 755538 646166 509676 624424 529044 893815 770049 730800 593766 499726 558208
#pred catch bio
 100670 102585 146385 197948 230142 264414 274428 272390 306636 311033 310867 273441 250634 238112 237919 201288 171995 159864 146453 141032 123816 123230 108565 106765 115034 106291 97074.5 103380 94560.9 95898.6 98543.1 92467.9 104051 97618.6 96230.6 90390.9 98215.7 79134.3 97364.1 89048.8 89286.3 90057.3 84889.8 94034.7 89813.7 92308 82627.8 95458.8 91856.2 90637.9 76647.3 88893.2 102650 123139 81413.2 67580.7 99002.2 112951 109675 33007.5 78755.1 83977.7 143493 128718 104031 93128.6 93729.7 68058.9 86322.4 87360.6 92398.2 100497 109415 117707 124717 130288 134525 137646 139889 141471 142571 143326 143841 144189 144422 144578 144683 144752 144798 144828 144848 144861 144870 144875 144879 144882 144883 144884 144885 144885 144886 144886 144886 144886 144886 144886 144886 144886 144886 144886 144886 144886 144886 144886 144886 144886 144886 144886 144886 144886 144886 144886 144886 144886 144886 144886 144886 144886 144886 144886 144886 144886 144886 144886 144886 144886 144886 144886 144886 144886 144886 144886 144886 144886 144886 144886 144886 144886 144886 144886 144886 144886 144886 144886 144886 144886 144886 144886 144886 144886 144886 144886 144886 144886 144886 144886 144886 0 0 0 0 0 0 0 0 0 0 0 0 0 0 0 0 0 0 0 0 0 0 0 0 0
#obs catch bio
 0 102461 146662 198690 230993 266145 277124 274687 310744 316376 316592 277587 255050 242727 242568 204123 175279 163599 148903 142467 124863 125009 109840 108176 116984 107660 97779.1 104415 95068.2 96682.8 99681.1 92998.7 104968 98172.6 96688 90873.3 98760.2 79092.9 97500.2 88337.9 88571 89973.3 84736.1 94085.9 89417 91850.8 82328 95867.9 91919.8 91162.7 76803.5 89186.2 102557 123600 81326.4 67226.9 98812.5 112135 110476 32490.7 79396.9 83432 143212 128171 103592 92858.2 93735.8
#pred cpue bio
 4.28525e+006 4.10095e+006 3.91358e+006 3.68255e+006 3.40896e+006 3.12105e+006 2.82104e+006 2.53719e+006 2.28174e+006 2.01266e+006 1.75878e+006 1.51994e+006 1.33296e+006 1.17907e+006 1.04405e+006 910411 817247 756860 708782 672371 637530 619190 599656 596040 594322 581594 576551 580528 575733 579894 582084 580157 583405 570184 559936 546981 538632 523053 534027 527122 529450 530955 531354 537980 533948 534292 531799 541795 538716 540726 545408 568339 578424 571693 539008 554081 587592 584163 561662 542088 616185 642023 660113 605983 565458 553694 554742 1.92987e+007 1.1618e+007 1.18124e+007 1.2555e+007 1.37274e+007 1.50232e+007 1.62425e+007 1.72925e+007 1.81476e+007 1.88182e+007 1.93308e+007 1.9716e+007 2.00023e+007 2.02137e+007 2.03693e+007 2.04839e+007 2.05685e+007 2.06311e+007 2.06777e+007 2.07125e+007 2.07387e+007 2.07585e+007 2.07736e+007 2.07851e+007 2.07939e+007 2.08007e+007 2.0806e+007 2.08101e+007 2.08133e+007 2.08158e+007 2.08177e+007 2.08192e+007 2.08204e+007 2.08214e+007 2.08221e+007 2.08227e+007 2.08232e+007 2.08235e+007 2.08238e+007 2.08241e+007 2.08242e+007 2.08244e+007 2.08245e+007 2.08246e+007 2.08247e+007 2.08247e+007 2.08248e+007 2.08248e+007 2.08248e+007 2.08248e+007 2.08249e+007 2.08249e+007 2.08249e+007 2.08249e+007 2.08249e+007 2.08249e+007 2.08249e+007 2.08249e+007 2.08249e+007 2.08249e+007 2.08249e+007 2.08249e+007 2.08249e+007 2.08249e+007 2.08249e+007 2.08249e+007 2.08249e+007 2.08249e+007 2.08249e+007 2.08249e+007 2.08249e+007 2.08249e+007 2.08249e+007 2.08249e+007 2.08249e+007 2.08249e+007 2.08249e+007 2.08249e+007 2.08249e+007 2.08249e+007 2.08249e+007 2.08249e+007 2.08249e+007 2.08249e+007 2.08249e+007 2.08249e+007 2.08249e+007 2.08249e+007 2.08249e+007 2.08249e+007 2.08249e+007 2.08249e+007 2.08249e+007 2.08249e+007 2.08249e+007 2.08249e+007 2.08249e+007 2.08249e+007 2.08249e+007 2.08249e+007 0 0 0 0 0 0 0 0 0 0 0 0 0 0 0 0 0 0 0 0 0 0 0 0 0
#obs cpue bio
 2.87555e+006 3.91184e+006 3.8735e+006 3.18957e+006 2.48055e+006 3.25328e+006 2.31401e+006 2.81343e+006 2.13385e+006 1.54975e+006 1.78469e+006 2.03508e+006 1.28859e+006 991933 1.00168e+006 932907 586166 626659 583508 1.15163e+006 551988 504591 543335 462139 601965 600557 693910 471296 668666 551455 455450 625397 580986 475369 785094 478798 474354 440520 657952 624435 671731 460904 566539 737908 590421 527003 421467 452802 541098 701642 543682 580409 647779 548239 444462 641911 596884 788926 411825 538096 526617 817618 701758 519040 575959 622386 515153
#pred surv len freq
 0.00524295 0.00846338 0.0126445 0.0177332 0.0235846 0.0298909 0.0361509 0.0417858 0.0463583 0.0497236 0.052004 0.0534517 0.0543214 0.0548076 0.0550265 0.0550179 0.0547606 0.0541866 0.0531742 0.0515117 0.0488748 0.0448921 0.03934 0.032382 0.0246706
 0.0054037 0.00863323 0.0127363 0.0176232 0.0231621 0.0291275 0.0351451 0.0407429 0.0455047 0.0492048 0.0518284 0.0535099 0.0544613 0.0549165 0.0550801 0.0550807 0.0549433 0.0545826 0.0538023 0.0522951 0.049668 0.0455447 0.0397598 0.0325642 0.0246795
 0.00569092 0.00907819 0.0133582 0.0184078 0.0240451 0.029984 0.0358006 0.0410207 0.0453035 0.0485612 0.0509144 0.0525529 0.0536369 0.0542869 0.0546119 0.0547149 0.0546583 0.0544072 0.0537791 0.0524284 0.0498999 0.0457766 0.0399032 0.0325828 0.0245962
 0.00592056 0.00945621 0.0139351 0.019231 0.0251451 0.031351 0.037358 0.0426119 0.0467082 0.0495472 0.0513112 0.052316 0.0528652 0.053177 0.0533729 0.0534981 0.0535395 0.0534146 0.0529265 0.0517235 0.0493317 0.0453098 0.039494 0.0322045 0.0242511
 0.00618674 0.0098762 0.0145448 0.020059 0.026212 0.032666 0.0389088 0.0443492 0.0485315 0.0512996 0.0527911 0.0533131 0.0532193 0.0528341 0.0524083 0.0520862 0.0518883 0.0517042 0.0512801 0.0502112 0.0479868 0.0441428 0.038504 0.0313886 0.023608
 0.00649808 0.0103661 0.0152518 0.0210087 0.0274138 0.0341092 0.0405572 0.0461402 0.0503825 0.0531154 0.0544641 0.0547158 0.0542026 0.0532497 0.0521529 0.0511475 0.0503609 0.0497639 0.0491317 0.0480395 0.045932 0.0422998 0.036932 0.0301188 0.0226457
 0.0068011 0.0108533 0.0159748 0.022011 0.0287225 0.0357215 0.0424275 0.0481773 0.0524644 0.0551148 0.0562685 0.0562314 0.0553433 0.0539236 0.0522622 0.0506105 0.0491498 0.0479361 0.0468332 0.0454764 0.0433268 0.0398519 0.0347935 0.0283825 0.021342
 0.00711286 0.0113461 0.0166911 0.0229832 0.02997 0.0372457 0.0442021 0.0501414 0.0545237 0.0571527 0.0581621 0.057866 0.0566202 0.0547596 0.0525829 0.0503467 0.0482478 0.0463849 0.0446952 0.042902 0.040538 0.0371004 0.0323088 0.0263275 0.0197889
 0.00739033 0.0117905 0.0173477 0.0238897 0.0311504 0.0387003 0.0458977 0.0520086 0.0564671 0.0590687 0.0599522 0.0594407 0.0578969 0.0556596 0.0530309 0.0502716 0.0475884 0.0451049 0.0428103 0.0405067 0.0378161 0.0343023 0.0296979 0.0241168 0.0180936
 0.00764058 0.0122039 0.0179819 0.0248018 0.0323851 0.040271 0.0477678 0.054086 0.058619 0.0611497 0.0618315 0.0610166 0.0590982 0.0564378 0.0533482 0.0500906 0.0468692 0.0438148 0.0409478 0.0381335 0.0350806 0.0314346 0.026967 0.0217617 0.0162613
 0.00789758 0.0126155 0.0185908 0.0256463 0.0334956 0.0416622 0.0494272 0.0559638 0.0606262 0.0631667 0.0637237 0.0626534 0.0603706 0.0572694 0.0536944 0.0499281 0.046183 0.0425941 0.0391981 0.0359044 0.032494 0.0286919 0.0243191 0.0194465 0.0144373
 0.00830599 0.013245 0.0194741 0.026792 0.0348896 0.0432711 0.0511982 0.0578247 0.0624904 0.0649431 0.0653253 0.0639998 0.0613883 0.0578937 0.0538747 0.049631 0.0453917 0.0413061 0.0374299 0.033708 0.0299796 0.0260388 0.0217547 0.0171935 0.0126507
 0.00866753 0.0138153 0.0202988 0.0278995 0.0362827 0.0449182 0.053025 0.0597171 0.0643165 0.0665839 0.0666969 0.0650573 0.0621116 0.0582704 0.0538886 0.04926 0.0446128 0.0401044 0.0358108 0.0317135 0.0277054 0.0236416 0.0194342 0.0151476 0.0110205
 0.00891078 0.0142134 0.0209027 0.0287572 0.0374287 0.0463569 0.0547132 0.0615586 0.0661751 0.0683111 0.0681616 0.0661664 0.062818 0.0585668 0.0537919 0.0487927 0.0437903 0.0389336 0.0343019 0.0299002 0.0256658 0.0215066 0.0173737 0.0133316 0.00957137
 0.00911938 0.0145493 0.0214028 0.0294552 0.038351 0.0475142 0.0560897 0.0631036 0.0678028 0.0699098 0.0696085 0.0673452 0.0636368 0.0589715 0.0537699 0.0483644 0.042993 0.0378073 0.0328854 0.0282408 0.0238369 0.0196188 0.0155673 0.011747 0.00830947
 0.00949264 0.0151245 0.0222096 0.0304999 0.0396173 0.0489643 0.0576641 0.0647213 0.0693682 0.0713261 0.07079 0.0682226 0.0641583 0.0591044 0.0535035 0.0477122 0.0419904 0.0365044 0.0313403 0.0265194 0.0220197 0.0178074 0.0138791 0.0102935 0.00716668
 0.00969983 0.0154589 0.0227074 0.0311912 0.0405177 0.0500638 0.0589174 0.0660485 0.0706709 0.0725101 0.0717826 0.0689768 0.0646455 0.0593057 0.0534055 0.047309 0.0412883 0.0355265 0.030128 0.025133 0.0205379 0.0163255 0.0125002 0.00911029 0.00623939
 0.0095888 0.0153175 0.0225678 0.0311101 0.0405646 0.0503003 0.0593772 0.0667274 0.0715281 0.0734772 0.0727766 0.0699129 0.0654492 0.0599196 0.0537897 0.0474382 0.04115 0.0351224 0.0294783 0.0242803 0.0195486 0.0152853 0.0115025 0.00823864 0.00554888
 0.00951306 0.0151921 0.0223776 0.0308464 0.0402357 0.0499434 0.059064 0.0665529 0.0715821 0.0738103 0.0733783 0.0707145 0.0663463 0.0608 0.0545559 0.0480177 0.041497 0.0352156 0.0293203 0.023898 0.0189938 0.014631 0.0108319 0.00762868 0.00505349
 0.00968432 0.0154195 0.0226252 0.0310487 0.0403156 0.0498419 0.0587673 0.0661043 0.0710737 0.07336 0.0730992 0.0706842 0.0665843 0.0612631 0.0551525 0.0486356 0.0420311 0.0355877 0.0294871 0.0238531 0.0187648 0.0142727 0.0104145 0.00722127 0.00470826
 0.00990537 0.0157614 0.0231042 0.03166 0.041025 0.0505792 0.0594275 0.0665655 0.0712353 0.0731851 0.0726378 0.0700591 0.065948 0.0607451 0.0548224 0.048492 0.0420166 0.0356179 0.0294818 0.023759 0.0185655 0.0139872 0.0100857 0.00689931 0.00443399
 0.00996203 0.0158548 0.023247 0.0318654 0.0413032 0.0509323 0.0598413 0.0670028 0.0716351 0.0734725 0.0727457 0.0699557 0.0656557 0.0603391 0.054404 0.04815 0.0417954 0.0355081 0.029435 0.0237151 0.0184798 0.0138444 0.00989982 0.00670101 0.00425483
 0.0100567 0.0159985 0.0234446 0.032115 0.0415984 0.0512644 0.0602001 0.0673748 0.0719999 0.0738001 0.0729958 0.0700836 0.0656252 0.0601401 0.0540642 0.047731 0.0413717 0.0351388 0.0291445 0.0234929 0.0182968 0.0136742 0.0097318 0.00654094 0.00411598
 0.0100034 0.0159194 0.0233397 0.0319901 0.0414643 0.0511355 0.0600935 0.06731 0.0719964 0.0738729 0.073149 0.0703036 0.0658792 0.0603822 0.05425 0.0478345 0.0413947 0.0351062 0.0290881 0.023435 0.0182428 0.0136188 0.00966922 0.00647238 0.00404904
 0.00983882 0.0156793 0.0230297 0.0316336 0.0410967 0.0507941 0.0598097 0.0671061 0.0718873 0.0738673 0.0732492 0.0705042 0.0661647 0.0607249 0.0546122 0.0481751 0.04168 0.0353196 0.0292316 0.0235225 0.0182903 0.0136378 0.00966691 0.00645484 0.00402351
 0.00979957 0.0156142 0.0229301 0.0314931 0.040915 0.0505821 0.0595917 0.0669157 0.0717569 0.0738165 0.073279 0.0706013 0.0663104 0.0609023 0.0548067 0.0483716 0.0418617 0.0354701 0.0293406 0.0235887 0.0183204 0.0136419 0.00965484 0.00643453 0.004001
 0.0098345 0.0156488 0.0229417 0.0314472 0.0407757 0.0503279 0.0592288 0.0664826 0.0713152 0.0734346 0.0730143 0.0704872 0.0663513 0.0610769 0.0550777 0.0486966 0.042201 0.0357911 0.0296193 0.0238115 0.0184837 0.0137508 0.00971976 0.00646779 0.00401415
 0.00976857 0.0155508 0.0228099 0.0312835 0.0405809 0.0500973 0.0589519 0.0661501 0.0709313 0.0730272 0.0726357 0.0702014 0.0662136 0.0611159 0.0552874 0.0490411 0.042627 0.0362426 0.0300486 0.0241845 0.0187824 0.0139714 0.00986968 0.00656085 0.00406637
 0.00985635 0.0156737 0.0229586 0.031437 0.0407128 0.0501843 0.0589803 0.0661144 0.070829 0.0728551 0.072394 0.0699029 0.0658911 0.0608186 0.0550666 0.0489322 0.0426379 0.0363535 0.0302221 0.0243794 0.0189647 0.0141203 0.00997766 0.00663081 0.00410676
 0.00980997 0.0156094 0.0228815 0.0313574 0.0406407 0.0501234 0.058924 0.0660492 0.0707424 0.0727435 0.0722641 0.0697674 0.0657635 0.0607123 0.0549972 0.0489173 0.042692 0.0364797 0.030407 0.0245961 0.0191814 0.0143102 0.0101256 0.00673381 0.00417105
 0.00961106 0.0153241 0.0225232 0.0309634 0.0402633 0.0498133 0.0587158 0.0659546 0.0707514 0.0728304 0.0723953 0.0699117 0.0658994 0.0608319 0.0551047 0.0490248 0.0428144 0.0366287 0.030586 0.0247968 0.019386 0.0144978 0.0102796 0.00684703 0.00424546
 0.00948572 0.0151224 0.0222253 0.0305576 0.0397544 0.0492323 0.0581249 0.0654389 0.0703943 0.0726841 0.0724636 0.0701528 0.0662473 0.0612208 0.0554865 0.0493754 0.0431294 0.0369156 0.0308541 0.0250506 0.0196217 0.014706 0.0104502 0.00697453 0.00433158
 0.00927177 0.0147979 0.0217802 0.0299972 0.0390969 0.0485049 0.0573643 0.0646951 0.0697337 0.0721829 0.072192 0.0701538 0.0665199 0.0617184 0.0561312 0.0500825 0.0438291 0.0375631 0.0314286 0.0255459 0.0200378 0.0150435 0.0107105 0.00716233 0.00445645
 0.00911132 0.0145602 0.0214656 0.029621 0.0386846 0.0480841 0.056958 0.0643192 0.0693984 0.0718971 0.0719686 0.0700142 0.0664924 0.0618271 0.0563827 0.0504568 0.0442837 0.038047 0.0318968 0.0259682 0.0203983 0.0153365 0.0109364 0.0073258 0.00456606
 0.00917711 0.014623 0.0214799 0.0295213 0.0384072 0.0475996 0.0562956 0.063565 0.0686653 0.0712848 0.0715361 0.0697771 0.066438 0.0619343 0.0566316 0.0508278 0.0447507 0.0385728 0.0324369 0.0264793 0.0208474 0.0157046 0.0112184 0.00752706 0.00469906
 0.00992556 0.0156901 0.0228063 0.0309507 0.0397225 0.0485866 0.0568009 0.0635259 0.0681126 0.0703282 0.0703376 0.0685127 0.0652584 0.0609382 0.0558626 0.0502886 0.0444205 0.0384189 0.0324188 0.0265528 0.0209693 0.0158391 0.0113406 0.00762428 0.00476816
 0.010488 0.0165849 0.0241088 0.032697 0.0418777 0.0510091 0.0592251 0.0655955 0.069475 0.0707523 0.0697901 0.067154 0.0633695 0.0588258 0.053785 0.0484204 0.0428517 0.0371737 0.0314798 0.0258793 0.020511 0.0155444 0.0111625 0.00752369 0.00471555
 0.01041 0.0165577 0.0242519 0.0331826 0.0428848 0.0526484 0.0614675 0.0682418 0.0721847 0.0731188 0.071439 0.0678357 0.0630206 0.0575764 0.0519066 0.046238 0.0406587 0.0351806 0.0298023 0.0245542 0.019522 0.0148457 0.0106963 0.00723131 0.00454433
 0.00984212 0.0157085 0.0231187 0.0318308 0.0414551 0.0513511 0.0605621 0.0679882 0.072761 0.0745351 0.0734956 0.0701629 0.0651891 0.0592292 0.0528548 0.0464871 0.0403659 0.0345726 0.0290945 0.0239004 0.0190009 0.0144754 0.010458 0.0070915 0.00446947
 0.00978332 0.0155775 0.0228583 0.0313722 0.0407433 0.0503843 0.0594256 0.0668617 0.071886 0.0741494 0.0737567 0.0710862 0.0666251 0.0608961 0.0544227 0.0476823 0.0410501 0.0347622 0.0289198 0.0235344 0.018595 0.0141251 0.0102014 0.00692648 0.00437481
 0.00990748 0.0157384 0.0230224 0.031477 0.0407068 0.0501255 0.0588903 0.0660473 0.0708611 0.0730608 0.0728117 0.0705031 0.0665621 0.061387 0.0553531 0.0488246 0.0421446 0.0356077 0.0294292 0.0237352 0.0185846 0.0140142 0.0100732 0.006824 0.0043087
 0.00992227 0.0157797 0.023114 0.0316445 0.0409622 0.0504462 0.0592064 0.0662503 0.0708384 0.0727437 0.0722145 0.0697339 0.0657982 0.060819 0.0551179 0.0489531 0.0425524 0.0361351 0.029912 0.0240667 0.01874 0.0140325 0.0100183 0.00675073 0.00424775
 0.00990218 0.0157515 0.0230809 0.0316157 0.040954 0.0504809 0.0593054 0.0664211 0.0710588 0.0729543 0.0723312 0.0696826 0.0655561 0.0604381 0.0547117 0.0486495 0.0424362 0.0362126 0.0301167 0.0243005 0.0189229 0.0141307 0.0100416 0.00673061 0.00421446
 0.00983312 0.0156426 0.0229241 0.0314074 0.0406978 0.0501915 0.0590117 0.0661651 0.0708867 0.0729007 0.072402 0.0698467 0.0657533 0.0606052 0.0548142 0.0486996 0.0424828 0.0363079 0.0302823 0.0245157 0.0191409 0.0143074 0.0101567 0.00678913 0.00423529
 0.0098762 0.0157082 0.0230139 0.0315185 0.0408221 0.0503152 0.0591164 0.0662319 0.070903 0.0728665 0.0723318 0.0697621 0.0656712 0.060528 0.054731 0.0485989 0.0423669 0.0361975 0.0302048 0.0244872 0.019156 0.0143448 0.0101932 0.00681167 0.00424289
 0.00999692 0.0158773 0.0232184 0.0317298 0.0410045 0.0504393 0.0591695 0.0662183 0.0708377 0.0727659 0.0722095 0.0696296 0.0655395 0.0604075 0.0546274 0.0485113 0.0422905 0.0361298 0.0301497 0.0244524 0.0191455 0.0143541 0.010212 0.00682935 0.00425398
 0.0101871 0.0161665 0.0236149 0.0322243 0.0415681 0.0510245 0.0597129 0.0666503 0.0710985 0.0728248 0.0720731 0.0693363 0.0651437 0.0599624 0.0541761 0.0480836 0.0419043 0.0357939 0.0298683 0.0242271 0.0189759 0.0142358 0.0101359 0.00678385 0.00422795
 0.0100708 0.0160122 0.023447 0.0320867 0.0415118 0.0510872 0.059902 0.0669381 0.0714316 0.0731411 0.0723196 0.0694813 0.065181 0.0599084 0.0540601 0.0479371 0.0417528 0.0356544 0.0297496 0.0241329 0.0189064 0.0141892 0.0101081 0.00676933 0.00422138
 0.0100977 0.0160503 0.023495 0.0321435 0.041581 0.0511819 0.060045 0.0671529 0.0717267 0.0734957 0.072682 0.0697831 0.0653612 0.0599341 0.053935 0.0476947 0.0414418 0.0353231 0.0294359 0.023861 0.0186877 0.0140251 0.00999346 0.00669515 0.00417703
 0.0101485 0.0161202 0.023577 0.0322228 0.0416399 0.0512068 0.0600337 0.0671185 0.0716959 0.073501 0.0727492 0.0699172 0.0655396 0.0601122 0.0540631 0.0477377 0.0413915 0.0351969 0.029266 0.0236813 0.0185242 0.0138927 0.00989636 0.00663026 0.00413744
 0.0100123 0.0159342 0.0233618 0.0320179 0.0414901 0.0511424 0.0600563 0.0672019 0.0718026 0.0736032 0.0728409 0.0700123 0.0656577 0.0602623 0.0542338 0.047901 0.0415152 0.03526 0.0292664 0.0236339 0.0184523 0.0138178 0.00983273 0.0065837 0.0041074
 0.00976773 0.0155459 0.0227977 0.0312625 0.0405569 0.0500876 0.0589848 0.0662534 0.0711143 0.0732659 0.0728735 0.0703696 0.0662597 0.0610234 0.0550781 0.0487628 0.0423366 0.0359922 0.0298761 0.0241081 0.0187978 0.014055 0.00998716 0.00667939 0.00416376
 0.00982494 0.0156105 0.0228417 0.0312402 0.0404145 0.0497811 0.0584989 0.0656144 0.0703915 0.0725602 0.0722948 0.0700074 0.0661588 0.0611764 0.0554358 0.0492552 0.0428917 0.0365467 0.0303807 0.0245304 0.0191238 0.0142876 0.0101409 0.00677393 0.00421802
 0.00994459 0.0158086 0.0231438 0.0316647 0.0409595 0.0504085 0.0591248 0.06612 0.0706572 0.0725099 0.0719274 0.0693986 0.065434 0.0604685 0.0548477 0.0488395 0.0426507 0.036448 0.0303763 0.0245734 0.0191786 0.0143333 0.0101704 0.00678879 0.00422338
 0.0100746 0.0160403 0.0235289 0.0322615 0.0418152 0.0515319 0.0604611 0.0675418 0.0719825 0.0735414 0.0725004 0.0694228 0.0649175 0.0595154 0.0536271 0.0475371 0.0414226 0.0353926 0.0295318 0.0239328 0.0187111 0.0140021 0.00994229 0.00663733 0.00412784
 0.00966671 0.0154198 0.0226785 0.0312039 0.04062 0.0503176 0.0593889 0.0667921 0.0717066 0.0738061 0.0732541 0.0705062 0.0661159 0.0606276 0.054521 0.0481714 0.0418326 0.0356526 0.0297151 0.0240866 0.0188525 0.0141287 0.0100458 0.00671285 0.00417685
 0.00943543 0.0150163 0.0220231 0.0302133 0.0392364 0.0485514 0.0573561 0.0647177 0.069883 0.0725186 0.0727049 0.0707634 0.0671004 0.0621392 0.056298 0.0499629 0.0434564 0.0370184 0.0308108 0.0249438 0.0195135 0.0146282 0.0104095 0.00696295 0.00433637
 0.00989702 0.0156819 0.0228636 0.0311367 0.0400995 0.0491879 0.0576104 0.0644794 0.0691233 0.0713185 0.0712555 0.0693242 0.0659241 0.061396 0.056032 0.0500979 0.0438437 0.0375001 0.0312694 0.0253202 0.0197965 0.0148314 0.0105519 0.00705979 0.00439904
 0.0102396 0.0162532 0.0237444 0.0323956 0.0417585 0.0511772 0.0597357 0.0664359 0.0705677 0.0719742 0.0710016 0.0682291 0.0642185 0.0594001 0.0540645 0.0483964 0.0425228 0.0365574 0.0306294 0.0248885 0.0194968 0.0146177 0.0104008 0.00695832 0.00433604
 0.0101467 0.0161615 0.023718 0.0325364 0.0421864 0.0519921 0.0609748 0.0680414 0.0723758 0.0737314 0.072413 0.0690339 0.0642697 0.0587145 0.0528156 0.0468519 0.0409557 0.035171 0.0295236 0.0240713 0.0189229 0.0142269 0.0101408 0.00679092 0.00423367
 0.00921212 0.0147141 0.021682 0.0299108 0.0390691 0.0486027 0.0576635 0.065254 0.0705553 0.0731841 0.0732027 0.0709595 0.0669347 0.0616531 0.0556249 0.0492819 0.0429284 0.0367351 0.030778 0.0251009 0.0197719 0.0149074 0.0106558 0.00715201 0.00446591
 0.00929634 0.0147668 0.021605 0.0295598 0.0382903 0.0472935 0.0558334 0.0630533 0.0682602 0.0711423 0.0717556 0.0703555 0.0672569 0.0627911 0.0573109 0.0511819 0.0447489 0.0382952 0.0320214 0.0260569 0.0205004 0.0154603 0.0110662 0.00744189 0.00465608
 0.00952549 0.0151141 0.022075 0.0301247 0.0388775 0.0477785 0.0560463 0.0628158 0.0674508 0.0697689 0.0699912 0.0685098 0.0656864 0.0617866 0.0570078 0.0515311 0.0455571 0.0393126 0.0330309 0.0269263 0.0211837 0.0159671 0.0114273 0.00768891 0.00481605
 0.0100614 0.0159775 0.0233555 0.0318881 0.0411375 0.0504568 0.0589375 0.0655857 0.0696911 0.0710955 0.0701517 0.0674606 0.0636145 0.0590643 0.0540895 0.0488262 0.0433292 0.0376453 0.0318649 0.0261353 0.0206439 0.0155922 0.0111681 0.00751719 0.00471045
 0.0100588 0.0160324 0.0235489 0.0323359 0.0419659 0.0517594 0.0607292 0.0677736 0.0720716 0.0733772 0.0720011 0.0685689 0.0637767 0.0582461 0.0524496 0.0466746 0.041033 0.0355214 0.0301069 0.0248009 0.0196936 0.0149441 0.0107402 0.00724463 0.00454539
 0.00946742 0.0151655 0.0224244 0.031044 0.040661 0.0506363 0.059995 0.0676155 0.072613 0.0746288 0.0738284 0.0707014 0.0658642 0.059947 0.0535234 0.0470447 0.0407948 0.0348902 0.0293298 0.024075 0.0191246 0.014553 0.0104975 0.00710521 0.00446999
 0.00876062 0.0140741 0.0208939 0.0290752 0.0383233 0.0480807 0.0574623 0.0654203 0.0710887 0.0740446 0.0743125 0.0722012 0.0681531 0.0626724 0.0562855 0.0494893 0.0426939 0.03618 0.0300912 0.0244683 0.0193137 0.0146552 0.0105714 0.00716794 0.00452062
#obs surv len freq
 nan nan nan nan nan nan nan nan nan nan nan nan nan nan nan nan nan nan nan nan nan nan nan nan nan
 0.00449287 0.00735783 0.0111909 0.016009 0.0217095 0.027983 0.0342938 0.0400215 0.0446977 0.0481585 0.0505138 0.0520074 0.0528977 0.0534085 0.0537215 0.0539755 0.0542533 0.0545456 0.054684 0.0542759 0.0527141 0.0493469 0.0437977 0.0362792 0.0276644
 0.00461957 0.00756805 0.0115147 0.0164756 0.0223398 0.0287778 0.0352231 0.0410221 0.0456831 0.0490377 0.0512087 0.0524642 0.0530908 0.0533394 0.0534138 0.053467 0.0535879 0.0537659 0.0538291 0.0533827 0.0518217 0.0484987 0.0430388 0.0356479 0.027182
 0.00477232 0.00781968 0.0118998 0.0170289 0.02309 0.029737 0.0363749 0.0423144 0.0470321 0.0503397 0.0523556 0.0533585 0.0536579 0.0535368 0.053234 0.0529345 0.0527506 0.0526853 0.052573 0.0520221 0.0504324 0.0471616 0.0418344 0.0346425 0.0264122
 0.00496941 0.00813844 0.0123767 0.0176974 0.0239751 0.0308466 0.0376894 0.0437824 0.0485749 0.0518624 0.0537581 0.0545423 0.0545323 0.0540261 0.053287 0.0525326 0.0519107 0.0514576 0.051035 0.0502733 0.0485897 0.0453529 0.0401858 0.0332568 0.0253472
 0.00518694 0.00849509 0.0129188 0.0184694 0.0250104 0.0321531 0.039236 0.0454958 0.0503517 0.0535906 0.0553348 0.0558796 0.0555549 0.0546667 0.0534868 0.0522469 0.0511196 0.0501764 0.0493216 0.0482308 0.0463626 0.0431145 0.0381132 0.0314973 0.0239865
 0.00541438 0.00886911 0.0134898 0.0192873 0.0261155 0.0335606 0.0409202 0.0473835 0.0523318 0.0555343 0.0571173 0.0573941 0.0567174 0.0554135 0.0537685 0.0520239 0.0503632 0.0488798 0.0475167 0.0460049 0.0438654 0.040547 0.0356952 0.0294197 0.0223669
 0.00564251 0.00924213 0.0140555 0.0200925 0.0271981 0.0349368 0.0425704 0.0492457 0.0543082 0.0575079 0.058968 0.0590105 0.0580029 0.0562895 0.0541743 0.0519137 0.0497045 0.0476573 0.0457473 0.0437591 0.0412839 0.0378377 0.0331006 0.0271615 0.0205894
 0.00588896 0.00964533 0.014667 0.0209617 0.0283627 0.036408 0.0443174 0.0511916 0.0563417 0.0595057 0.060814 0.0606054 0.0592641 0.0571488 0.0545748 0.0518082 0.0490556 0.0464432 0.0439752 0.0414875 0.0386433 0.035034 0.0303856 0.024775 0.0186954
 0.00614641 0.010068 0.0153105 0.0218803 0.0295979 0.0379716 0.0461743 0.0532536 0.0584812 0.0615812 0.0626948 0.0621857 0.0604666 0.05792 0.0548774 0.0516128 0.0483366 0.045182 0.0421751 0.0391974 0.0359822 0.0321985 0.0276251 0.0223339 0.0167467
 0.00637746 0.0104479 0.0158905 0.0227111 0.030721 0.0394037 0.0478912 0.0551837 0.0605134 0.0635847 0.0645403 0.0637593 0.0616782 0.0587055 0.0551961 0.0514403 0.0476575 0.0439876 0.0404728 0.0370321 0.0334613 0.0295024 0.0249876 0.0199893 0.0148652
 0.00659905 0.0108114 0.0164437 0.0235008 0.031784 0.040753 0.0495015 0.0569856 0.0624035 0.0654443 0.0662537 0.0652252 0.0628132 0.059446 0.0554978 0.0512757 0.0470116 0.0428568 0.0388705 0.0350042 0.0311077 0.0269878 0.0225257 0.0177964 0.0131007
 0.0068378 0.0112021 0.0170361 0.0243421 0.0329088 0.0421676 0.0511687 0.0588207 0.064287 0.0672468 0.067858 0.066539 0.0637711 0.0600059 0.0556352 0.050978 0.0462743 0.0416833 0.0372786 0.0330409 0.0288668 0.0246194 0.0202222 0.0157518 0.0114579
 0.00709143 0.0116156 0.0176605 0.0252244 0.034082 0.0436349 0.0528875 0.0606979 0.0661925 0.069039 0.0694099 0.0677533 0.0645856 0.060391 0.0555864 0.0505063 0.0453975 0.0404223 0.0356623 0.0311195 0.0267282 0.022398 0.0180872 0.0138718 0.00995491
 0.00728865 0.0119438 0.0181683 0.0259613 0.0350875 0.0449218 0.054425 0.062406 0.0679538 0.0707215 0.0708894 0.0689286 0.0653854 0.0607756 0.055545 0.0500509 0.0445542 0.039225 0.0341526 0.0293545 0.024793 0.0204125 0.016197 0.0122187 0.00863985
 0.00745536 0.0122187 0.0185892 0.0265667 0.0359093 0.045974 0.0556911 0.0638323 0.0694543 0.0721916 0.0722215 0.0700252 0.0661689 0.0611941 0.0555743 0.0496919 0.0438278 0.0381666 0.0328095 0.0277892 0.0230897 0.0186806 0.0145621 0.0107992 0.00751691
 0.00753109 0.0123429 0.0187791 0.0268409 0.036287 0.0464721 0.0563196 0.06459 0.0703246 0.0731408 0.0731987 0.0709638 0.066993 0.0618274 0.0559512 0.0497664 0.0435787 0.0375983 0.0319515 0.0266949 0.021837 0.0173695 0.0133041 0.00969698 0.00664045
 0.00759668 0.0124442 0.018922 0.0270281 0.0365195 0.0467505 0.0566451 0.0649648 0.0707515 0.0736216 0.0737304 0.0715329 0.0675699 0.0623649 0.0563888 0.0500402 0.0436338 0.0374005 0.0314951 0.0260069 0.0209764 0.0164214 0.0123663 0.00886038 0.0059681
 0.00766914 0.0125525 0.0190673 0.0272052 0.0367183 0.0469592 0.0568532 0.0651654 0.0709437 0.0738124 0.0739334 0.0717638 0.0678379 0.0626644 0.0566938 0.0503056 0.0438032 0.0374198 0.0313273 0.0256448 0.020448 0.015787 0.0117052 0.00825108 0.00546827
 0.00775727 0.0126895 0.0192611 0.0274574 0.0370222 0.0472977 0.0571986 0.0654827 0.0711993 0.0739852 0.0740224 0.0717878 0.0678277 0.0626505 0.0566953 0.0503216 0.0438112 0.0373812 0.0312009 0.0254027 0.0200893 0.0153415 0.0112265 0.00779912 0.00509103
 0.00777593 0.0127231 0.0193176 0.0275459 0.0371503 0.0474682 0.0574052 0.0657092 0.0714226 0.0741805 0.0741703 0.0718791 0.0678661 0.0626508 0.0566774 0.0503017 0.043793 0.0373525 0.0311366 0.0252762 0.0198866 0.0150708 0.0109179 0.00749444 0.00482803
 0.00782454 0.0127913 0.0194005 0.0276333 0.0372311 0.0475363 0.0574636 0.0657685 0.0714944 0.0742701 0.0742725 0.07198 0.0679493 0.062705 0.0567002 0.0502989 0.0437728 0.0373184 0.0310832 0.0251913 0.0197589 0.0148997 0.0107179 0.00729085 0.00464731
 0.00785173 0.0128325 0.0194563 0.0277011 0.0373043 0.0476043 0.0575136 0.0657897 0.0714838 0.0742364 0.0742342 0.0719578 0.0679557 0.0627398 0.0567523 0.0503535 0.0438178 0.0373461 0.0310882 0.0251679 0.0197023 0.0148097 0.0106027 0.00716643 0.00453188
 0.00788175 0.0128783 0.0195195 0.027781 0.0373974 0.0477043 0.0576116 0.0658738 0.0715415 0.0742579 0.0742169 0.0719087 0.0678903 0.0626761 0.0567041 0.0503255 0.0438056 0.03734 0.0310776 0.0251438 0.0196591 0.0147464 0.0105239 0.00708192 0.00445312
 0.00789883 0.0129042 0.019555 0.0278254 0.0374487 0.0477598 0.0576674 0.0659256 0.0715842 0.0742869 0.0742283 0.0719006 0.0678641 0.0626372 0.0566613 0.0502878 0.0437791 0.0373247 0.031068 0.025132 0.0196377 0.014712 0.0104779 0.00703013 0.00440322
 0.00789877 0.0128992 0.0195387 0.0277895 0.0373859 0.0476679 0.0575531 0.0658039 0.0714748 0.0742076 0.0741903 0.071906 0.067907 0.0627071 0.0567465 0.0503792 0.0438705 0.037412 0.0311472 0.0251981 0.0196857 0.0147388 0.0104846 0.00702145 0.00438632
 0.00789662 0.0128942 0.0195282 0.0277694 0.0373511 0.0476128 0.0574736 0.0656999 0.0713527 0.0740809 0.0740778 0.0718269 0.0678751 0.062726 0.0568102 0.0504746 0.0439827 0.0375277 0.0312561 0.0252927 0.0197608 0.0147918 0.0105159 0.00703476 0.00438746
 0.00791886 0.0129257 0.0195669 0.0278102 0.0373865 0.0476353 0.0574767 0.0656789 0.0713051 0.0740075 0.0739837 0.0717229 0.0677761 0.0626482 0.0567658 0.0504685 0.0440113 0.0375813 0.0313223 0.0253598 0.01982 0.0148375 0.0105462 0.00705119 0.00439357
 0.0079106 0.0129137 0.0195513 0.0277917 0.0373658 0.0476117 0.0574484 0.0656434 0.0712606 0.0739545 0.0739252 0.0716642 0.0677236 0.062609 0.0567468 0.0504751 0.0440453 0.0376396 0.031397 0.0254403 0.0198958 0.0149008 0.0105931 0.00708173 0.00441072
 0.00787402 0.012856 0.0194679 0.0276805 0.0372281 0.047454 0.0572831 0.0654874 0.0711314 0.0738652 0.0738814 0.0716637 0.0677598 0.062674 0.0568338 0.0505792 0.0441628 0.0377666 0.0315282 0.0255683 0.0200121 0.0149983 0.0106678 0.00713354 0.00444298
 0.00787263 0.0128474 0.0194435 0.0276286 0.0371376 0.0473197 0.0571098 0.0652915 0.0709367 0.0736968 0.0737594 0.0715995 0.0677551 0.0627223 0.0569237 0.050698 0.0442991 0.0379112 0.0316735 0.0257071 0.0201376 0.0151044 0.0107507 0.00719281 0.00448137
 0.00782495 0.0127715 0.0193324 0.0274766 0.0369413 0.0470798 0.0568333 0.0649939 0.070642 0.0734347 0.0735605 0.0714886 0.0677456 0.0628132 0.0571004 0.0509367 0.044573 0.0381956 0.0319482 0.0259575 0.0203538 0.0152805 0.010885 0.00728783 0.00454311
 0.00779784 0.012724 0.0192546 0.0273578 0.0367728 0.0468592 0.0565683 0.0647028 0.0703497 0.0731674 0.0733415 0.071337 0.067676 0.062834 0.0572116 0.051128 0.0448245 0.0384814 0.0322418 0.0262355 0.0205989 0.0154823 0.0110399 0.00739794 0.00461511
 0.00776049 0.0126635 0.0191638 0.0272298 0.0366024 0.0466444 0.0563131 0.0644188 0.0700564 0.0728892 0.0731044 0.071164 0.067584 0.062832 0.0573005 0.0513007 0.0450662 0.0387707 0.0325527 0.0265413 0.0208765 0.0157156 0.0112212 0.00752789 0.00470058
 0.00773629 0.0126221 0.0190978 0.0271313 0.0364647 0.0464648 0.056096 0.0641757 0.069804 0.0726463 0.0728889 0.0709925 0.067471 0.0627892 0.0573349 0.0514129 0.0452493 0.03901 0.0328268 0.0268254 0.0211457 0.0159498 0.0114082 0.00766464 0.00479187
 0.00935864 0.0148943 0.0218428 0.0299584 0.0388832 0.0480647 0.0566912 0.0638319 0.0687561 0.0711778 0.0712427 0.069338 0.0659112 0.0613816 0.0561093 0.0503825 0.0444162 0.0383662 0.0323555 0.0265019 0.02094 0.0158304 0.0113464 0.00763711 0.00478215
 0.0093272 0.0151469 0.0227583 0.0320087 0.0424278 0.053075 0.0625736 0.0695243 0.0731049 0.0733917 0.0711533 0.0673416 0.0626921 0.0576175 0.052304 0.0468375 0.0412793 0.0356934 0.0301537 0.0247508 0.0196017 0.0148537 0.0106706 0.00719727 0.00451513
 0.00898802 0.014609 0.0219966 0.0310677 0.0414793 0.0524581 0.0627568 0.0709394 0.075891 0.0772029 0.075199 0.0706876 0.0646501 0.057985 0.051336 0.04503 0.0391339 0.0335793 0.0282818 0.02321 0.0184055 0.0139749 0.0100615 0.00680133 0.00427548
 0.00882228 0.0143299 0.0215589 0.0304258 0.0406036 0.051367 0.0615585 0.0698626 0.0752702 0.0773879 0.0763983 0.0728172 0.067294 0.0605296 0.0532193 0.045959 0.0391449 0.0329395 0.0273257 0.0222122 0.0175324 0.0132949 0.00957795 0.00648447 0.00408388
 0.0087419 0.0141944 0.0213455 0.030108 0.0401545 0.0507665 0.0608052 0.0689897 0.0743634 0.0765981 0.0759322 0.0728864 0.0680232 0.0618625 0.0548946 0.0475928 0.040387 0.0336094 0.0274493 0.021958 0.0171057 0.0128576 0.00921913 0.00623063 0.00392433
 0.00868819 0.0141062 0.0212106 0.0299137 0.0398888 0.0504202 0.0603752 0.0684818 0.0737952 0.076005 0.0753776 0.0724687 0.0678659 0.0620764 0.0555172 0.0485416 0.0414662 0.0345816 0.0281342 0.0222959 0.0171537 0.012733 0.00903611 0.00606359 0.00380349
 0.00867642 0.0140827 0.0211672 0.0298394 0.0397722 0.0502524 0.0601527 0.0682074 0.0734767 0.0756537 0.0750106 0.0721147 0.0675732 0.0619128 0.0555545 0.0488222 0.0419688 0.0352109 0.0287518 0.0227778 0.0174396 0.0128369 0.00901936 0.00599475 0.00373113
 0.00867645 0.0140824 0.0211656 0.0298345 0.03976 0.0502261 0.0601031 0.0681243 0.0733517 0.0754837 0.0747993 0.0718743 0.0673253 0.0616906 0.0554019 0.0487858 0.0420793 0.0354624 0.0290932 0.0231293 0.0177258 0.0130175 0.0090976 0.00600287 0.00370696
 0.00867801 0.0140861 0.0211732 0.0298482 0.0397811 0.050254 0.0601337 0.0681492 0.0733593 0.0754616 0.0747371 0.0717672 0.0671772 0.061516 0.0552266 0.0486441 0.0420062 0.0354807 0.029201 0.0232966 0.0179055 0.013166 0.00919212 0.00604519 0.00371414
 0.00866626 0.0140707 0.0211571 0.0298363 0.0397794 0.0502673 0.0601633 0.0681922 0.0734087 0.075507 0.0747665 0.071769 0.0671428 0.0614435 0.0551234 0.0485279 0.0419023 0.0354151 0.0291905 0.0233405 0.0179855 0.0132543 0.00926485 0.00609096 0.00373474
 0.00864159 0.0140329 0.0211048 0.0297705 0.0397041 0.0501897 0.0600937 0.0681425 0.0733887 0.0755208 0.0748103 0.0718312 0.0672077 0.0614954 0.0551518 0.0485305 0.0418868 0.0353965 0.0291855 0.0233599 0.0180289 0.0133111 0.00932031 0.00613376 0.00376105
 0.00862727 0.0140077 0.0210634 0.0297075 0.0396158 0.0500769 0.0599644 0.0680118 0.0732758 0.0754436 0.0747806 0.0718517 0.0672712 0.0615873 0.0552539 0.0486263 0.0419662 0.0354581 0.029235 0.0234059 0.0180773 0.0133619 0.00936852 0.00617334 0.00378863
 0.00865288 0.0140453 0.0211121 0.0297632 0.039671 0.0501223 0.0599899 0.0680088 0.0732403 0.0753789 0.0746974 0.0717658 0.0671983 0.0615378 0.05523 0.048623 0.0419745 0.0354699 0.0292463 0.0234171 0.0180909 0.0133794 0.0093885 0.00619261 0.0038041
 0.00862708 0.0140111 0.0210749 0.0297322 0.0396564 0.05013 0.0600181 0.0680478 0.0732761 0.0753988 0.0746947 0.0717416 0.0671606 0.0614984 0.0551999 0.0486089 0.0419772 0.0354852 0.0292683 0.023441 0.0181142 0.0134013 0.00940862 0.00620995 0.00381764
 0.00861287 0.0139856 0.0210326 0.0296681 0.0395691 0.0500252 0.0599106 0.0679581 0.0732232 0.0753913 0.0747273 0.0717986 0.0672242 0.0615561 0.0552477 0.0486495 0.0420156 0.035525 0.02931 0.0234825 0.0181527 0.0134347 0.00943594 0.00623098 0.00383272
 0.00861287 0.0139856 0.0210326 0.0296681 0.0395691 0.0500252 0.0599106 0.0679581 0.0732232 0.0753913 0.0747273 0.0717986 0.0672242 0.0615561 0.0552477 0.0486495 0.0420156 0.035525 0.02931 0.0234825 0.0181527 0.0134347 0.00943594 0.00623098 0.00383272
 0.00847064 0.0137586 0.0206998 0.0292154 0.0389954 0.0493504 0.0591823 0.067251 0.0726257 0.0749842 0.0745625 0.0718878 0.067539 0.0620388 0.0558286 0.0492627 0.04261 0.0360675 0.0297823 0.023877 0.0184685 0.0136757 0.00960993 0.00634898 0.00390726
 0.0085558 0.0138799 0.0208499 0.0293742 0.0391329 0.0494325 0.0591781 0.0671397 0.0724037 0.0746707 0.0742002 0.0715342 0.0672514 0.0618581 0.0557691 0.0493121 0.0427382 0.0362386 0.0299649 0.0240487 0.0186164 0.0137942 0.00969861 0.00641082 0.00394722
 0.00870164 0.0141238 0.0212272 0.0299156 0.0398496 0.050297 0.0601104 0.0680135 0.0730772 0.0750296 0.0741917 0.0711779 0.0666265 0.0610769 0.0549468 0.0485426 0.0420803 0.0357147 0.0295702 0.0237636 0.0184174 0.0136601 0.0096118 0.00635747 0.00391649
 0.00886763 0.0144013 0.0216582 0.0305424 0.0407029 0.0513782 0.0613726 0.0693539 0.0743479 0.0760654 0.074846 0.071356 0.0663083 0.0603212 0.0538756 0.0473085 0.0408307 0.034564 0.0285875 0.0229756 0.0178193 0.013229 0.00931736 0.00616792 0.0038024
 0.00856397 0.0139383 0.0210217 0.0297481 0.0398024 0.0504621 0.0605678 0.0688055 0.0741826 0.0763456 0.0755387 0.0723362 0.0673951 0.0613325 0.0546773 0.0478419 0.041111 0.0346554 0.0285694 0.0229149 0.0177581 0.0131848 0.00929202 0.00615626 0.00379844
 0.00832191 0.0135162 0.0203372 0.0287169 0.0383703 0.0486503 0.0585098 0.0667458 0.0724247 0.0751699 0.0751276 0.0727316 0.0684982 0.062936 0.0565213 0.0496775 0.0427525 0.0360051 0.0296107 0.023684 0.0183111 0.0135751 0.00956111 0.00633485 0.00391042
 0.00862139 0.0139644 0.0209353 0.029428 0.039114 0.0493049 0.0589254 0.0667783 0.0719889 0.0742909 0.0739563 0.0715054 0.0674619 0.0622614 0.0562619 0.049772 0.043068 0.0363961 0.0299666 0.0239501 0.0184815 0.0136715 0.00961132 0.00636045 0.003924
 0.00880811 0.0142991 0.0214929 0.0302872 0.0403255 0.0508458 0.0606636 0.0684741 0.0733487 0.0750528 0.0739721 0.0707859 0.066171 0.0606636 0.0546408 0.0483502 0.0419596 0.0356064 0.0294306 0.0235827 0.0182151 0.0134684 0.0094566 0.00624885 0.00385028
 0.00887969 0.0144308 0.0217213 0.0306611 0.0409006 0.0516709 0.061759 0.0698069 0.0748135 0.0764698 0.0751135 0.0714337 0.0661871 0.0600419 0.0535132 0.0469413 0.0405106 0.0343047 0.0283741 0.0227855 0.0176406 0.0130649 0.0091788 0.00606362 0.0037332
 0.00809339 0.0131914 0.0199361 0.0282904 0.0379897 0.0483875 0.0584172 0.0668425 0.0726893 0.0755407 0.0755125 0.0730328 0.0686461 0.0629185 0.0563901 0.0495251 0.0426691 0.0360393 0.029754 0.0238864 0.0185131 0.0137357 0.00966694 0.00639381 0.00393857
 0.00826353 0.0133714 0.0200276 0.0281399 0.0374266 0.0472879 0.0567657 0.0647623 0.0704295 0.0734287 0.0738854 0.0721594 0.0686548 0.0637583 0.0578472 0.0512959 0.044458 0.0376368 0.0310645 0.0249054 0.0192814 0.0143017 0.0100705 0.00666697 0.00411068
 0.00834633 0.0135407 0.0203387 0.0286449 0.0381353 0.0481199 0.0575276 0.0651836 0.0702619 0.072562 0.0724171 0.0703748 0.0669311 0.0624385 0.0571377 0.0512218 0.0448874 0.0383551 0.0318604 0.0256308 0.0198668 0.0147367 0.010375 0.00686897 0.00423679
 0.00884886 0.0143445 0.0215225 0.030269 0.040223 0.0506288 0.0603147 0.0679862 0.0727168 0.0742734 0.073057 0.0697876 0.0651997 0.0598752 0.0541931 0.0483476 0.0424128 0.0364295 0.030473 0.024678 0.0192244 0.0143043 0.010086 0.00668173 0.00412234
 0.00897101 0.014591 0.0219815 0.0310502 0.0414296 0.052313 0.0624364 0.0703999 0.0751917 0.0765327 0.0748171 0.0707961 0.0652805 0.0589825 0.0524479 0.0460256 0.0398734 0.0340121 0.0284117 0.0230705 0.0180563 0.0135006 0.00955702 0.00634858 0.00392325
