SBPRF35
9.30662
Curr Bio
554627
B35
718049
F35
0.195135
FOFL
0.160349
OFL
76733.7
Bzero
2.65903e+006
#pred survey bio
 4.19572e+006 3.99738e+006 3.80817e+006 3.53758e+006 3.2489e+006 2.96981e+006 2.666e+006 2.39427e+006 2.11364e+006 1.85631e+006 1.6634e+006 1.47457e+006 1.28846e+006 1.15279e+006 1.03951e+006 944401 836398 767127 720726 683454 650122 621210 604800 599418 591524 586321 578549 564455 570845 557757 553833 559737 558417 552698 539320 525409 514238 511070 511357 515763 527812 527403 532823 542226 542068 550828 557972 565012 569215 577578 590131 562047 524783 505560 556176 624226 639596 634874 587539 556489 546984 539631 529921 517780 522436 549161 559754 2.10469e+007 1.28032e+007 1.31941e+007 1.40322e+007 1.51194e+007 1.6249e+007 1.72873e+007 1.81707e+007 1.88845e+007 1.94413e+007 1.98653e+007 2.0183e+007 2.04187e+007 2.05926e+007 2.07207e+007 2.0815e+007 2.08848e+007 2.09365e+007 2.0975e+007 2.10039e+007 2.10257e+007 2.10421e+007 2.10547e+007 2.10643e+007 2.10717e+007 2.10774e+007 2.10818e+007 2.10852e+007 2.10879e+007 2.109e+007 2.10916e+007 2.10929e+007 2.10939e+007 2.10947e+007 2.10953e+007 2.10958e+007 2.10962e+007 2.10965e+007 2.10967e+007 2.10969e+007 2.1097e+007 2.10972e+007 2.10973e+007 2.10973e+007 2.10974e+007 2.10974e+007 2.10975e+007 2.10975e+007 2.10975e+007 2.10975e+007 2.10976e+007 2.10976e+007 2.10976e+007 2.10976e+007 2.10976e+007 2.10976e+007 2.10976e+007 2.10976e+007 2.10976e+007 2.10976e+007 2.10976e+007 2.10976e+007 2.10976e+007 2.10976e+007 2.10976e+007 2.10976e+007 2.10976e+007 2.10976e+007 2.10976e+007 2.10976e+007 2.10976e+007 2.10976e+007 2.10976e+007 2.10976e+007 2.10976e+007 2.10976e+007 2.10976e+007 2.10976e+007 2.10976e+007 2.10976e+007 2.10976e+007 2.10976e+007 2.10976e+007 2.10976e+007 2.10976e+007 2.10976e+007 2.10976e+007 2.10976e+007 2.10976e+007 2.10976e+007 2.10976e+007 2.10976e+007 2.10976e+007 2.10976e+007 2.10976e+007 2.10976e+007 2.10976e+007 2.10976e+007 2.10976e+007 2.10976e+007 0 0 0 0 0 0 0 0 0 0 0 0 0 0 0 0 0 0 0 0 0 0 0 0 0
#obs survey bio
 3.85962e+006 3.37871e+006 4.11734e+006 3.54171e+006 2.32392e+006 2.62142e+006 2.02771e+006 2.1445e+006 2.00224e+006 1.53501e+006 1.23087e+006 1.00803e+006 833870 739264 816659 845611 743939 793294 1.0205e+006 700665 701211 619719 511112 425745 494505 737038 360364 681707 524370 533162 483546 379144 615389 457171 526021 549343 584685 408033 545284 569851 473194 475826 415481 565357 681316 518117 550896 479281 398272 708964 768238 606198 527812 469852 509908 769230 830042 704039 638293 513387 630572 657536 639749 563888 521559 466075 533669
#pred catch bio
 94719.2 91532.7 178381 214129 228437 276113 272292 303839 303486 263603 274814 283311 246895 232547 218476 226685 187959 163011 150019 141979 134213 120978 110947 112701 109253 109680 112647 93668.8 108027 97738.9 88236.6 93111.4 94546 97745.5 94669 91172.9 87119.1 88131.2 87004.5 81945.6 93031 88425.5 85864.3 94008.1 86397.4 88112.3 88346.3 90766.5 87276.6 83720 116261 120921 104440 48694.6 39016.3 84478.1 100167 134682 119348 101239 99384.3 100587 102151 88848.2 72917.2 88309.4 62731.5 76733.7 92964.8 94656.5 99511.7 106720 114409 121428 127287 131895 135369 137906 139716 140983 141857 142454 142858 143129 143310 143430 143509 143562 143596 143619 143634 143644 143650 143654 143657 143659 143660 143661 143661 143662 143662 143662 143662 143662 143662 143662 143662 143662 143662 143662 143662 143662 143662 143662 143662 143662 143662 143662 143662 143662 143662 143662 143662 143662 143662 143662 143662 143662 143662 143662 143662 143662 143662 143662 143662 143662 143662 143662 143662 143662 143662 143662 143662 143662 143662 143662 143662 143662 143662 143662 143662 143662 143662 143662 143662 143662 143662 143662 143662 143662 143662 143662 143662 143662 143662 143662 143662 0 0 0 0 0 0 0 0 0 0 0 0 0 0 0 0 0 0 0 0 0 0 0 0 0
#obs catch bio
 0 91096.7 179275 215172 229697 279361 275125 309238 309082 267641 281189 291156 254161 240819 225844 234966 193707 166450 152155 143698 136074 122396 112270 115022 110992 111164 114772 94479.2 109871 98507.5 89048 94242.2 95349.5 98654.4 95372.3 91909.3 87422.1 88861.5 87113.6 81862.2 92931.7 88555.7 86018.9 94444 86184.2 88206.8 88151.1 90657.2 87384.6 83194 115555 119418 103830 48377.1 38663.7 84705.4 99539.6 133993 118443 100419 98597.1 99587.1 101409 88417.2 72384.5 88685.5 62538.4
#pred cpue bio
 4.13969e+006 3.94454e+006 3.75737e+006 3.48778e+006 3.20001e+006 2.92175e+006 2.61913e+006 2.34837e+006 2.06916e+006 1.81328e+006 1.62106e+006 1.43317e+006 1.24841e+006 1.11361e+006 1.00146e+006 907828 802293 735105 690559 654827 622664 594689 578746 573348 565659 560882 553659 540213 546759 534448 530936 536903 535933 530813 518319 505179 493806 489363 488785 493123 505127 504811 510017 519162 519153 527796 534830 541795 545957 554226 566747 539537 502921 483638 532827 599982 615750 610970 564046 533071 523577 516652 507351 495283 499476 525409 535958 2.02066e+007 1.23143e+007 1.26023e+007 1.33205e+007 1.43667e+007 1.5487e+007 1.65235e+007 1.74066e+007 1.81203e+007 1.86771e+007 1.91011e+007 1.94188e+007 1.96545e+007 1.98284e+007 1.99564e+007 2.00508e+007 2.01205e+007 2.01722e+007 2.02108e+007 2.02397e+007 2.02614e+007 2.02779e+007 2.02905e+007 2.03001e+007 2.03075e+007 2.03132e+007 2.03176e+007 2.0321e+007 2.03237e+007 2.03258e+007 2.03274e+007 2.03287e+007 2.03297e+007 2.03304e+007 2.03311e+007 2.03316e+007 2.03319e+007 2.03322e+007 2.03325e+007 2.03327e+007 2.03328e+007 2.03329e+007 2.0333e+007 2.03331e+007 2.03332e+007 2.03332e+007 2.03332e+007 2.03333e+007 2.03333e+007 2.03333e+007 2.03333e+007 2.03333e+007 2.03333e+007 2.03334e+007 2.03334e+007 2.03334e+007 2.03334e+007 2.03334e+007 2.03334e+007 2.03334e+007 2.03334e+007 2.03334e+007 2.03334e+007 2.03334e+007 2.03334e+007 2.03334e+007 2.03334e+007 2.03334e+007 2.03334e+007 2.03334e+007 2.03334e+007 2.03334e+007 2.03334e+007 2.03334e+007 2.03334e+007 2.03334e+007 2.03334e+007 2.03334e+007 2.03334e+007 2.03334e+007 2.03334e+007 2.03334e+007 2.03334e+007 2.03334e+007 2.03334e+007 2.03334e+007 2.03334e+007 2.03334e+007 2.03334e+007 2.03334e+007 2.03334e+007 2.03334e+007 2.03334e+007 2.03334e+007 2.03334e+007 2.03334e+007 2.03334e+007 2.03334e+007 2.03334e+007 2.03334e+007 0 0 0 0 0 0 0 0 0 0 0 0 0 0 0 0 0 0 0 0 0 0 0 0 0
#obs cpue bio
 3.85183e+006 3.56124e+006 3.09311e+006 1.99822e+006 2.88826e+006 2.31125e+006 2.86868e+006 1.60051e+006 1.98056e+006 1.73015e+006 1.22435e+006 1.5037e+006 970152 835204 883520 789648 590734 738068 548468 591168 428368 510440 499848 386406 664996 427973 575573 468901 415813 731915 401108 622730 546115 572947 517953 407734 540140 411377 738087 456075 698763 413257 578608 466273 603765 454094 701948 637916 618666 712197 596454 782241 509266 434208 556119 445315 653150 647304 595553 654472 535353 554326 422215 430825 548861 409539 596989
#pred surv len freq
 0.00458621 0.007496 0.011376 0.0162404 0.0219932 0.028342 0.0347729 0.0406789 0.0455872 0.0493107 0.051928 0.0536547 0.0547266 0.0553375 0.0556177 0.0556308 0.0553852 0.0548458 0.0539181 0.0523992 0.0499432 0.0461267 0.0406607 0.0336618 0.0257805
 0.00486322 0.00784582 0.011721 0.0164577 0.0219617 0.0280102 0.0342025 0.0400286 0.0450371 0.0489742 0.0518046 0.0536512 0.0547236 0.0552606 0.0554744 0.0555029 0.055384 0.0550511 0.0543297 0.0529265 0.0504404 0.0464591 0.0407641 0.0335619 0.025564
 0.00506112 0.0081912 0.0122765 0.0172747 0.023044 0.0292713 0.0354518 0.0410171 0.0455579 0.0489601 0.0513532 0.0529564 0.0539658 0.054534 0.0547917 0.0548514 0.0547774 0.0545362 0.0539509 0.0526827 0.0502726 0.0462807 0.0405118 0.03323 0.0251995
 0.0052918 0.00856159 0.0128279 0.0180487 0.0240804 0.0305977 0.0370589 0.0428257 0.0473979 0.0505861 0.0525094 0.0534672 0.0538016 0.0538068 0.0536871 0.053548 0.053405 0.0531794 0.052667 0.0515067 0.0492126 0.0453218 0.0396377 0.0324443 0.0245287
 0.00554426 0.00896727 0.0134298 0.0188844 0.0251766 0.0319619 0.0386705 0.0446311 0.0493114 0.0524895 0.054248 0.0548544 0.0546489 0.0539801 0.0531582 0.0524066 0.0518203 0.0513408 0.0507381 0.0496073 0.0474223 0.0436919 0.0382047 0.0312387 0.023573
 0.00578622 0.0093584 0.0140146 0.0197036 0.0262606 0.0333204 0.0402809 0.0464338 0.0512177 0.0543959 0.0560465 0.0564309 0.0558759 0.0547193 0.053285 0.0518507 0.0506014 0.0495726 0.0485981 0.047292 0.0451105 0.0415284 0.0362979 0.029661 0.0223578
 0.00609535 0.00985154 0.0147394 0.020699 0.0275504 0.0349045 0.0421232 0.0484581 0.0533157 0.0564463 0.0579327 0.05805 0.0571371 0.0555355 0.0535671 0.0515157 0.0495974 0.0479117 0.0463772 0.0446868 0.0423445 0.0388319 0.0338703 0.0276431 0.0208155
 0.00634307 0.0102594 0.0153627 0.0215921 0.0287563 0.0364369 0.0439504 0.0504978 0.0554478 0.0585378 0.0598598 0.0597086 0.0584431 0.0564181 0.0539611 0.0513564 0.0488267 0.0465001 0.044355 0.0421685 0.039529 0.0359722 0.0312206 0.0254035 0.0190928
 0.00667148 0.0107808 0.016125 0.0226334 0.0301009 0.0380877 0.0458772 0.052629 0.0576733 0.0607231 0.0618657 0.0614098 0.0597401 0.0572413 0.0542641 0.0511047 0.0479898 0.045057 0.0423178 0.0396146 0.036623 0.0329565 0.0283694 0.0229547 0.0171894
 0.00709574 0.0114462 0.0170808 0.0239089 0.0317004 0.0399848 0.0480071 0.0548881 0.0599323 0.0628499 0.063744 0.062946 0.0608614 0.0578922 0.0544041 0.0507056 0.0470322 0.0435317 0.0402389 0.0370459 0.0337044 0.0299081 0.0254577 0.0204271 0.0152065
 0.00739746 0.0119381 0.0178229 0.0249556 0.033088 0.0417116 0.0500163 0.0570652 0.0621264 0.0649076 0.0655388 0.0643896 0.0618989 0.0584902 0.0545392 0.0503576 0.0461824 0.0421681 0.0383702 0.0347239 0.0310477 0.0271096 0.0227591 0.0180616 0.0133339
 0.00771379 0.0124486 0.0185844 0.0260191 0.0344893 0.0434568 0.0520637 0.0593165 0.0644347 0.0671019 0.0674538 0.0658916 0.0629016 0.0589575 0.0544743 0.0497838 0.0451259 0.040651 0.0364192 0.0323926 0.0284422 0.0243999 0.0201609 0.0157865 0.0115303
 0.00809451 0.0130563 0.0194778 0.0272444 0.0360709 0.0453835 0.0542734 0.0616919 0.0668172 0.069319 0.0693466 0.0673323 0.0638027 0.0592754 0.0542084 0.0489681 0.0438141 0.0389027 0.034296 0.0299693 0.0258263 0.021745 0.0176552 0.0136131 0.00981565
 0.00829255 0.0133899 0.0200012 0.0280156 0.0371391 0.0467702 0.055953 0.0635846 0.0688007 0.0712516 0.0710897 0.0687651 0.0648294 0.059829 0.0542534 0.0485008 0.0428595 0.0375087 0.0325286 0.0279139 0.0235948 0.0194808 0.0155224 0.0117661 0.00835947
 0.00840031 0.0135766 0.0203046 0.0284802 0.0378103 0.0476814 0.0571112 0.0649605 0.0703271 0.0728311 0.0726072 0.0701028 0.0658819 0.0605143 0.0545186 0.0483222 0.0422404 0.0364775 0.0311383 0.0262433 0.0217511 0.0175973 0.0137454 0.0102282 0.00714826
 0.00837907 0.0135681 0.0203407 0.0286088 0.0380861 0.0481501 0.0577949 0.0658497 0.0713835 0.0739946 0.0738027 0.0712457 0.0668839 0.0612918 0.0550013 0.0484603 0.0420092 0.0358789 0.0302029 0.0250321 0.0203563 0.0161367 0.012348 0.00900976 0.006185
 0.00843673 0.0136727 0.0205189 0.0288939 0.0385125 0.0487434 0.0585601 0.0667641 0.0723968 0.0750356 0.0747915 0.0721066 0.0675557 0.0617325 0.055186 0.0483759 0.041651 0.0352521 0.0293281 0.0239523 0.0191415 0.0148813 0.0111575 0.00797868 0.00537442
 0.0084352 0.0136601 0.020483 0.0288216 0.0383993 0.0486057 0.0584424 0.0667334 0.0725226 0.075364 0.0753257 0.0728029 0.0683354 0.0625013 0.0558532 0.0488677 0.0419163 0.035264 0.0290843 0.0234772 0.0184875 0.0141259 0.0103911 0.00728582 0.00481433
 0.00848973 0.013726 0.0205396 0.028835 0.038331 0.0484272 0.0581505 0.0663596 0.0721315 0.0750429 0.0751637 0.0728663 0.0686448 0.0630223 0.056504 0.0495416 0.0425075 0.0356887 0.0292925 0.0234574 0.0182655 0.0137586 0.00995378 0.00685416 0.00444626
 0.00860678 0.0138977 0.0207624 0.02909 0.0385846 0.0486354 0.0582654 0.0663395 0.0719557 0.0747259 0.0747617 0.0724672 0.0683443 0.0628931 0.0565726 0.0497798 0.0428433 0.0360296 0.0295529 0.0235802 0.0182335 0.0135936 0.0097052 0.00658096 0.00419878
 0.00868441 0.0140256 0.0209567 0.0293636 0.0389402 0.0490565 0.0587096 0.0667409 0.0722393 0.0748304 0.0746601 0.0721783 0.0679295 0.0624413 0.0561743 0.0495007 0.0427048 0.036006 0.0295863 0.0236057 0.0182035 0.0134917 0.00954604 0.00639775 0.00402656
 0.00886512 0.0142879 0.0212936 0.0297502 0.0393425 0.0494448 0.0590667 0.0670586 0.0725074 0.0750263 0.0747495 0.0721268 0.0677215 0.0620938 0.0557386 0.0490478 0.0423021 0.0356949 0.0293713 0.0234602 0.0180886 0.013376 0.00941788 0.00626417 0.0039036
 0.00904084 0.0145523 0.0216507 0.0301866 0.0398273 0.0499333 0.0595062 0.0673983 0.0727121 0.0750875 0.074685 0.0719673 0.0674931 0.06181 0.0554068 0.0486822 0.0419304 0.0353518 0.0290844 0.0232387 0.0179222 0.0132452 0.00930595 0.00616425 0.0038175
 0.00895365 0.0144452 0.0215528 0.0301444 0.0398897 0.0501287 0.0598241 0.0677884 0.0731018 0.0754081 0.0748934 0.0720535 0.0674736 0.0617132 0.0552596 0.0485035 0.0417336 0.0351507 0.0288949 0.0230744 0.0177894 0.0131411 0.00922326 0.00609667 0.00376244
 0.00883887 0.014271 0.0213158 0.0298552 0.0395768 0.0498395 0.0596209 0.0677334 0.0732329 0.0757175 0.0753228 0.0725142 0.0678803 0.0620113 0.0554336 0.0485683 0.0417176 0.0350836 0.0288019 0.022975 0.0176969 0.0130624 0.00915966 0.00604662 0.00372397
 0.00878406 0.0141735 0.0211545 0.0296075 0.0392274 0.0493926 0.0591117 0.0672293 0.0728213 0.0754814 0.0753148 0.0727378 0.0682876 0.0625191 0.0559511 0.0490239 0.0420735 0.0353339 0.0289616 0.0230672 0.0177439 0.0130817 0.00916315 0.00604189 0.00371574
 0.00874627 0.0141173 0.0210786 0.0295115 0.0391088 0.0492434 0.0589194 0.0669839 0.0725274 0.0751681 0.0750356 0.0725564 0.0682545 0.0626503 0.0562206 0.0493737 0.0424362 0.035655 0.0292113 0.0232408 0.0178525 0.0131428 0.00919339 0.00605399 0.00371833
 0.00875918 0.0141371 0.0211064 0.0295474 0.0391517 0.0492905 0.0589641 0.0670146 0.0725267 0.0751176 0.0749241 0.0723909 0.0680644 0.0624809 0.0561154 0.0493558 0.0424991 0.0357683 0.0293371 0.0233486 0.017928 0.0131859 0.00921214 0.00605828 0.003716
 0.00855979 0.0138305 0.0206784 0.0289991 0.0385013 0.0485748 0.0582395 0.0663526 0.0720023 0.07479 0.0748215 0.0725053 0.0683599 0.0629096 0.0566321 0.0499246 0.0430904 0.0363528 0.0298826 0.0238245 0.018313 0.0134733 0.00940992 0.00618347 0.0037888
 0.00862879 0.0139207 0.0207734 0.0290699 0.0385136 0.0485016 0.0580713 0.0661016 0.0716975 0.074469 0.0745229 0.0722624 0.0681961 0.0628357 0.0566469 0.050018 0.0432477 0.0365558 0.0301103 0.0240535 0.0185207 0.0136432 0.00953496 0.00626627 0.00383811
 0.00866345 0.0139687 0.0208294 0.0291211 0.0385402 0.0484794 0.0579763 0.0659173 0.0714234 0.0741271 0.074156 0.0719245 0.0679369 0.062688 0.0566212 0.0501049 0.0434244 0.0367935 0.0303787 0.0243243 0.0187694 0.013852 0.00969469 0.0063772 0.00390776
 0.00850056 0.0137305 0.0205202 0.0287616 0.0381613 0.0481108 0.057639 0.0656211 0.0711706 0.0739178 0.0739938 0.0718192 0.0679045 0.0627459 0.0567806 0.0503643 0.0437677 0.0371924 0.0307988 0.0247312 0.0191343 0.0141549 0.00992663 0.00654015 0.00401218
 0.00834805 0.0134965 0.0201951 0.0283489 0.0376798 0.0475957 0.05714 0.0651947 0.0708652 0.0737573 0.0739709 0.0719031 0.068059 0.0629451 0.0570154 0.0506377 0.0440836 0.037547 0.0311769 0.0251085 0.0194837 0.0144537 0.0101617 0.00670933 0.00412307
 0.00817898 0.0132387 0.0198393 0.0278986 0.0371513 0.0470167 0.0565497 0.0646428 0.0704068 0.0734425 0.0738319 0.0719455 0.0682609 0.0632658 0.0574095 0.0510679 0.0445269 0.0379912 0.0316129 0.0255237 0.0198614 0.0147765 0.0104177 0.00689588 0.00424706
 0.00819474 0.0132418 0.019803 0.0277859 0.0369263 0.0466625 0.0560815 0.0641091 0.0698749 0.0729791 0.0734876 0.071749 0.0682202 0.0633704 0.0576346 0.0513798 0.0448904 0.0383765 0.0319975 0.0258908 0.020196 0.0150652 0.0106502 0.00706862 0.00436424
 0.00885422 0.0141734 0.0209438 0.028986 0.0379866 0.0473993 0.0563817 0.0639512 0.0693172 0.0721325 0.0724866 0.0707266 0.0672856 0.0625963 0.057053 0.0509891 0.0446665 0.0382846 0.0320013 0.0259575 0.020298 0.0151796 0.0107588 0.00715923 0.00443131
 0.00952504 0.0152268 0.0224513 0.0309662 0.0403755 0.0500201 0.0589349 0.0660573 0.0706205 0.0724225 0.0717692 0.0692038 0.0652659 0.0603926 0.0549133 0.0490721 0.0430493 0.0369847 0.0309995 0.0252166 0.0197742 0.0148283 0.0105378 0.00703026 0.00436233
 0.00935993 0.0150822 0.0224614 0.0313299 0.0413002 0.0516317 0.0611957 0.0687377 0.0733418 0.074752 0.0733312 0.0697734 0.0648191 0.0590953 0.0530556 0.046975 0.0409856 0.0351376 0.0294613 0.0240093 0.0188759 0.0141948 0.0101162 0.00676737 0.00421001
 0.0090432 0.0145979 0.0217982 0.0305197 0.0404377 0.050887 0.0608038 0.068944 0.0743049 0.0764453 0.0755065 0.0720211 0.0667023 0.0602922 0.0534449 0.0466383 0.040141 0.0340464 0.0283498 0.0230278 0.0180951 0.0136248 0.00973118 0.00652639 0.00407059
 0.00895718 0.0144294 0.0214933 0.0300153 0.0396843 0.049884 0.0596339 0.0677852 0.0734044 0.076057 0.0758062 0.0730304 0.0682561 0.0620763 0.0550971 0.0478697 0.0408194 0.0342075 0.0281425 0.0226352 0.0176702 0.0132607 0.00946362 0.00635233 0.00396893
 0.00892326 0.0143651 0.0213775 0.0298178 0.0393664 0.0494049 0.0589644 0.066928 0.0724178 0.0750693 0.0750059 0.0726213 0.0683863 0.0627691 0.056224 0.0491863 0.0420529 0.0351526 0.0287179 0.0228787 0.0176883 0.0131694 0.00934845 0.00625755 0.00390663
 0.00899001 0.0144731 0.0215376 0.0300354 0.0396351 0.0496976 0.0592278 0.0670864 0.0723914 0.0748042 0.0745052 0.0719631 0.0677148 0.0622533 0.0559953 0.0492824 0.042401 0.0356048 0.0291199 0.0231326 0.017776 0.0131337 0.00925387 0.00615713 0.00382833
 0.00895824 0.0144287 0.0214846 0.0299833 0.0395977 0.0496896 0.0592595 0.0671572 0.0724835 0.0748806 0.0745175 0.0718705 0.0675089 0.0619749 0.055728 0.0491202 0.0424039 0.035768 0.0293776 0.0233942 0.0179706 0.0132352 0.00927713 0.00613615 0.00379424
 0.008799 0.0141934 0.0211748 0.0296171 0.0392065 0.0493114 0.058933 0.0669179 0.0723585 0.0748813 0.0746328 0.0720656 0.0677342 0.0621842 0.0558987 0.049263 0.0425538 0.0359588 0.0296176 0.023658 0.0182147 0.0134229 0.00939501 0.00619418 0.00381382
 0.00885108 0.0142534 0.0212205 0.0296152 0.0391241 0.0491342 0.0586774 0.0666295 0.0720956 0.0746929 0.0745434 0.0720721 0.0678124 0.0622999 0.0560187 0.0493666 0.0426386 0.0360387 0.0297099 0.0237698 0.0183364 0.0135347 0.0094799 0.00624627 0.00383849
 0.00880066 0.0141803 0.0211257 0.0295018 0.0389926 0.0489768 0.0584787 0.0663751 0.0717878 0.0743619 0.0742445 0.071867 0.0677445 0.0623775 0.0562157 0.0496367 0.042935 0.0363278 0.0299753 0.0240065 0.0185423 0.0137056 0.00961093 0.0063365 0.00389307
 0.00874607 0.014096 0.0210074 0.0293499 0.0388128 0.0487802 0.0582801 0.0661888 0.071622 0.0742159 0.0741135 0.0717524 0.0676615 0.0623517 0.0562699 0.0497768 0.0431455 0.0365789 0.0302352 0.0242506 0.0187555 0.0138805 0.00974484 0.00643082 0.00395317
 0.00873189 0.0140665 0.0209516 0.0292542 0.0386654 0.0485777 0.0580328 0.0659211 0.0713661 0.0740017 0.0739599 0.0716641 0.0676327 0.0623746 0.0563412 0.049898 0.0433168 0.0367926 0.0304737 0.024491 0.0189764 0.0140667 0.00988934 0.00653376 0.00402003
 0.00866899 0.0139798 0.020849 0.029151 0.0385778 0.0485133 0.0579849 0.0658719 0.0712967 0.0739044 0.0738428 0.0715473 0.0675388 0.0623197 0.0563324 0.0499358 0.0433987 0.0369139 0.0306258 0.0246602 0.0191455 0.0142193 0.0100141 0.00662615 0.00408191
 0.00854626 0.0137892 0.0205801 0.0288034 0.0381642 0.0480628 0.0575425 0.065491 0.0710246 0.073766 0.0738344 0.0716439 0.067709 0.0625383 0.0565837 0.0502104 0.0436893 0.037212 0.0309216 0.0249422 0.0194013 0.0144376 0.0101873 0.00675265 0.00416627
 0.00841661 0.0135813 0.0202732 0.0283819 0.0376234 0.0474161 0.0568289 0.0647764 0.0703912 0.0732938 0.0735808 0.0716303 0.0679185 0.0629246 0.0570871 0.0507737 0.0442668 0.0377716 0.0314416 0.0254072 0.0198001 0.0147629 0.010437 0.00693109 0.00428374
 0.00871811 0.0140377 0.0208955 0.0291533 0.0384982 0.0483225 0.0576733 0.0654532 0.070804 0.0733815 0.0733379 0.071108 0.0672073 0.0621275 0.056295 0.050051 0.0436495 0.0372731 0.0310603 0.0251326 0.0196164 0.0146508 0.0103763 0.00690318 0.00427396
 0.00910427 0.0146452 0.0217696 0.0303158 0.0399362 0.0499737 0.0594151 0.0671078 0.0721693 0.0742797 0.0736582 0.0708288 0.0663926 0.0609057 0.054828 0.0485017 0.0421547 0.0359295 0.0299221 0.0242188 0.0189206 0.0141496 0.0100368 0.00668836 0.00414788
 0.00917484 0.0147813 0.022014 0.0307218 0.0405548 0.0508332 0.0604998 0.0683482 0.0734482 0.0754521 0.0745775 0.0713734 0.0664902 0.0605487 0.0540753 0.0474643 0.0409697 0.0347303 0.0288161 0.0232754 0.0181705 0.0135923 0.00965021 0.00643894 0.003999
 0.00855962 0.0138245 0.0206604 0.0289638 0.0384505 0.0485242 0.05822 0.0664007 0.0721393 0.0750013 0.075048 0.0726568 0.0683458 0.0626757 0.0561878 0.0493488 0.0425116 0.0359082 0.0296728 0.0238817 0.0185962 0.0138915 0.00985903 0.00658089 0.00409079
 0.00819315 0.0132003 0.0196709 0.0274987 0.0364308 0.045954 0.0552345 0.0632782 0.0692593 0.0727615 0.0737726 0.0725238 0.0693493 0.0646308 0.0587792 0.05221 0.0453093 0.0384028 0.0317399 0.0254969 0.0198 0.0147528 0.010451 0.00696916 0.00433125
 0.00845255 0.0135781 0.0201529 0.0280293 0.0369102 0.0462443 0.0551778 0.0627335 0.0681573 0.0711583 0.0718709 0.0706364 0.0678151 0.0637141 0.0585956 0.0527051 0.0462939 0.0396268 0.0329709 0.0265738 0.0206479 0.0153668 0.0108658 0.00723301 0.00448947
 0.00862446 0.0138824 0.0206532 0.0287902 0.037969 0.047571 0.0566422 0.0641067 0.0691588 0.071536 0.0714826 0.0695031 0.0661268 0.0617843 0.0567734 0.0512747 0.0454008 0.0392596 0.0330006 0.026825 0.0209655 0.0156517 0.0110774 0.00737048 0.00457004
 0.00892917 0.0143843 0.0214205 0.0298903 0.0394532 0.0494491 0.0588517 0.0664919 0.0714742 0.0734782 0.0727457 0.0698498 0.0654577 0.0601813 0.0544927 0.0486826 0.0428734 0.0370849 0.0313228 0.0256479 0.0202004 0.015179 0.0107919 0.00719899 0.00446813
 0.00894739 0.0144392 0.0215515 0.0301541 0.0399158 0.0501698 0.0598649 0.0677908 0.0730007 0.0751163 0.0743215 0.0711469 0.0662543 0.0603079 0.0538915 0.0474411 0.0412085 0.0352796 0.0296405 0.0242635 0.0191768 0.0144885 0.0103598 0.00694421 0.00432493
 0.0087686 0.0141644 0.0211703 0.0296744 0.0393716 0.0496271 0.0594229 0.0675714 0.0731195 0.0756442 0.0752521 0.0723825 0.0676173 0.0615744 0.0548433 0.0479254 0.0411845 0.034829 0.0289331 0.0234918 0.0184928 0.01397 0.0100152 0.00673957 0.00421462
 0.00882576 0.0142183 0.0211799 0.02958 0.0391131 0.049174 0.0588004 0.066867 0.0724666 0.0751888 0.075116 0.0726313 0.0682384 0.0624711 0.0558512 0.0488517 0.0418627 0.0351685 0.028942 0.0232614 0.0181507 0.0136299 0.0097447 0.0065578 0.00410865
 0.00905108 0.0145541 0.021626 0.0301089 0.0396686 0.0496751 0.0591517 0.0669794 0.0722888 0.0747378 0.0744872 0.071975 0.0677114 0.0621834 0.0558307 0.0490392 0.0421385 0.0354005 0.0290355 0.0231889 0.0179496 0.013372 0.00949902 0.00636613 0.0039814
 0.00920804 0.0148156 0.0220293 0.0306865 0.0404345 0.050604 0.0601633 0.0679405 0.0730408 0.0751426 0.0744704 0.071552 0.066984 0.0613096 0.0549751 0.0483229 0.0416078 0.0350287 0.0287538 0.0229296 0.0176781 0.013093 0.0092407 0.00615642 0.0038328
 0.00917505 0.0147668 0.0219663 0.0306191 0.0403833 0.0506023 0.0602523 0.0681557 0.0733907 0.0755903 0.0749337 0.0719265 0.0671832 0.0612999 0.0547881 0.0480376 0.041313 0.0347852 0.0285775 0.0228003 0.0175645 0.0129759 0.00912074 0.00604645 0.00374561
 0.00886764 0.0142994 0.0213243 0.0298135 0.0394513 0.0496063 0.0592792 0.0673138 0.0727952 0.0753376 0.0750707 0.0724309 0.0679639 0.0622223 0.0557156 0.0488707 0.042008 0.0353447 0.0290245 0.0231545 0.0178341 0.0131642 0.0092357 0.00610455 0.00376749
 0.00846127 0.013704 0.0205496 0.028911 0.0385007 0.0486913 0.0584699 0.0666615 0.0723375 0.0751034 0.0750815 0.072696 0.0684715 0.0629311 0.0565535 0.0497475 0.0428377 0.0360678 0.0296153 0.0236141 0.0181766 0.0134065 0.00939491 0.00619913 0.00381682
#obs surv len freq
 nan nan nan nan nan nan nan nan nan nan nan nan nan nan nan nan nan nan nan nan nan nan nan nan nan
 0.00448226 0.00734269 0.0111721 0.0159884 0.02169 0.0279669 0.0342825 0.0400151 0.0446954 0.0481595 0.0505172 0.0520126 0.0529043 0.0534162 0.05373 0.0539846 0.0542629 0.0545555 0.0546942 0.054286 0.052724 0.0493562 0.0438059 0.036286 0.0276697
 0.00461404 0.00755799 0.0114978 0.0164493 0.0223028 0.0287311 0.0351713 0.0409722 0.0456428 0.0490123 0.0511995 0.0524691 0.053106 0.0533609 0.0534388 0.0534939 0.0536158 0.0537943 0.0538578 0.0534114 0.0518497 0.0485249 0.0430621 0.0356672 0.0271968
 0.00478127 0.00783152 0.0119125 0.0170387 0.0230919 0.0297265 0.0363491 0.0422736 0.0469802 0.0502836 0.0523039 0.0533187 0.0536347 0.0535306 0.0532423 0.0529531 0.0527755 0.0527137 0.052603 0.0520526 0.0504624 0.0471898 0.0418595 0.0346632 0.026428
 0.00496334 0.00813184 0.0123725 0.0176999 0.0239879 0.0308699 0.0377184 0.043808 0.048587 0.051854 0.0537287 0.0544978 0.0544828 0.0539818 0.0532554 0.0525165 0.0519091 0.0514671 0.0510517 0.0502938 0.0486114 0.0453741 0.0402049 0.0332727 0.0253593
 0.005175 0.00847573 0.0128901 0.0184303 0.0249621 0.0320997 0.0391852 0.0454562 0.0503298 0.0535868 0.0553427 0.0558898 0.05556 0.0546648 0.053482 0.052246 0.0511285 0.0501978 0.0493548 0.0482725 0.0464086 0.0431604 0.0381551 0.0315325 0.0240136
 0.00540792 0.00885794 0.0134717 0.0192599 0.0260763 0.0335089 0.0408576 0.0473149 0.0522652 0.0554791 0.0570811 0.0573801 0.0567226 0.0554311 0.0537914 0.0520482 0.0503895 0.0489113 0.0475563 0.046053 0.0439196 0.0406028 0.0357475 0.0294645 0.0224015
 0.00564761 0.00924952 0.0140648 0.0201026 0.0272068 0.0349413 0.0425675 0.0492321 0.0542823 0.0574705 0.0589235 0.0589659 0.0579652 0.0562637 0.0541615 0.0519116 0.0497098 0.0476681 0.0457638 0.0437818 0.0413126 0.0378701 0.0331333 0.0271909 0.0206129
 0.00588697 0.00964271 0.0146641 0.0209593 0.0283612 0.0364074 0.0443166 0.0511886 0.0563338 0.0594905 0.0607905 0.0605747 0.0592299 0.0571164 0.0545496 0.0517939 0.0490532 0.0464516 0.0439926 0.041512 0.0386733 0.0350671 0.0304189 0.0248051 0.0187198
 0.00613221 0.0100437 0.015272 0.0218234 0.0295202 0.0378744 0.046064 0.0531416 0.0583808 0.061503 0.0626447 0.0621636 0.0604687 0.0579413 0.0549139 0.0516622 0.0483976 0.0452536 0.0422554 0.0392836 0.0360708 0.0322849 0.0277043 0.0224012 0.0167991
 0.00638101 0.0104523 0.0158946 0.0227124 0.0307158 0.0393877 0.0478605 0.0551358 0.0604496 0.0635103 0.0644643 0.0636919 0.0616274 0.0586756 0.0551871 0.05145 0.0476828 0.0440259 0.040522 0.0370897 0.033524 0.0295659 0.0250472 0.0200407 0.0149056
 0.00663136 0.0108623 0.0165171 0.0235985 0.0319045 0.0408902 0.0496432 0.0571148 0.0625011 0.0654946 0.0662491 0.065168 0.0627148 0.0593232 0.0553675 0.0511518 0.0469029 0.0427674 0.0388009 0.0349533 0.031073 0.0269662 0.0225139 0.0177911 0.0130991
 0.00683872 0.0112069 0.0170495 0.0243704 0.0329583 0.042242 0.0512665 0.0589342 0.0644034 0.0673504 0.0679339 0.0665756 0.0637632 0.0599558 0.0555523 0.0508762 0.0461681 0.0415846 0.0371948 0.0329751 0.0288188 0.0245869 0.0202019 0.0157404 0.0114522
 0.00706353 0.0115725 0.0176 0.0251472 0.0339923 0.0435416 0.0528041 0.0606404 0.0661746 0.0690673 0.06948 0.067851 0.0646913 0.0604858 0.0556572 0.0505485 0.0454142 0.0404221 0.0356551 0.0311133 0.0267275 0.0224035 0.0180973 0.0138837 0.00996612
 0.0072709 0.0119126 0.0181171 0.0258833 0.0349779 0.0447811 0.0542624 0.0622398 0.0678077 0.0706189 0.0708471 0.068952 0.0654677 0.0608996 0.0556882 0.0501916 0.0446773 0.039324 0.0342287 0.0294133 0.0248407 0.0204534 0.0162325 0.0122487 0.00866325
 0.00747143 0.0122418 0.0186183 0.0265978 0.035936 0.0459877 0.0556827 0.0637947 0.0693856 0.0720979 0.0721175 0.0699305 0.0661021 0.0611664 0.0555865 0.0497347 0.0438866 0.0382269 0.0328616 0.0278296 0.0231195 0.0187029 0.0145796 0.0108135 0.0075282
 0.00754743 0.0123704 0.0188219 0.0269026 0.0363689 0.0465706 0.0564245 0.0646847 0.0703903 0.0731622 0.073169 0.070888 0.0668862 0.0617109 0.0558455 0.0496855 0.043527 0.0375716 0.0319408 0.0266915 0.0218354 0.0173676 0.0133021 0.00969557 0.00663996
 0.00757922 0.0124186 0.0188887 0.0269902 0.036482 0.0467201 0.0566289 0.064968 0.0707753 0.0736615 0.0737757 0.0715708 0.0675901 0.062364 0.0563716 0.050017 0.0436156 0.0373943 0.0315018 0.0260227 0.0209957 0.0164397 0.0123813 0.00887148 0.00597581
 0.00767505 0.0125616 0.01908 0.0272216 0.0367385 0.0469831 0.056881 0.065197 0.070979 0.0738499 0.0739698 0.0717939 0.067855 0.0626623 0.0566702 0.0502632 0.04375 0.0373658 0.031281 0.0256105 0.0204257 0.015774 0.0116982 0.00824739 0.00546639
 0.00772876 0.0126474 0.0192055 0.0273915 0.0369512 0.0472281 0.0571367 0.0654346 0.0711705 0.0739798 0.0740423 0.0718314 0.0678895 0.0627217 0.0567656 0.0503818 0.0438562 0.037411 0.0312194 0.0254151 0.0200997 0.0153515 0.011236 0.0078073 0.00509724
 0.00777725 0.0127188 0.0192996 0.0275036 0.0370748 0.0473573 0.0572679 0.0655646 0.0712945 0.0740892 0.0741271 0.0718854 0.0679156 0.0627326 0.0567787 0.0504094 0.0438957 0.037442 0.0312092 0.0253323 0.0199289 0.0151025 0.0109416 0.0075116 0.00483982
 0.0078039 0.0127581 0.019351 0.0275638 0.0371375 0.0474151 0.0573141 0.0655951 0.0713098 0.074095 0.0741322 0.0718979 0.0679391 0.0627669 0.0568219 0.0504601 0.0439513 0.0374943 0.0312423 0.0253253 0.0198655 0.0149802 0.0107759 0.00733065 0.00467307
 0.00785932 0.0128431 0.019469 0.0277137 0.0373131 0.0476048 0.0575007 0.0657578 0.0714282 0.0741553 0.0741313 0.0718444 0.0678497 0.0626606 0.0567151 0.0503636 0.0438699 0.0374267 0.0311811 0.0252588 0.0197815 0.0148727 0.0106491 0.00719827 0.00455226
 0.0078636 0.0128533 0.0194904 0.0277527 0.0373756 0.0476927 0.0576098 0.0658772 0.0715427 0.0742496 0.0741939 0.0718694 0.0678381 0.0626197 0.056656 0.0502981 0.0438074 0.037372 0.0311329 0.0252113 0.019727 0.014806 0.0105707 0.00711515 0.0044747
 0.00788222 0.0128736 0.0195031 0.0277444 0.0373343 0.0476152 0.057507 0.0657723 0.0714627 0.0742139 0.0742078 0.0719243 0.0679171 0.062705 0.0567344 0.0503633 0.0438586 0.0374111 0.0311616 0.0252287 0.0197306 0.0147936 0.0105432 0.00707755 0.00443453
 0.00789955 0.0128988 0.0195349 0.0277783 0.0373617 0.0476244 0.0574849 0.0657099 0.0713607 0.0740872 0.0740826 0.0718292 0.067872 0.0627138 0.0567864 0.0504404 0.0439429 0.0374899 0.0312277 0.0252789 0.0197634 0.0148088 0.0105425 0.00706512 0.00441609
 0.00788431 0.0128763 0.019505 0.0277424 0.0373218 0.047582 0.0574401 0.0656608 0.0713043 0.0740214 0.0740094 0.0717573 0.0678159 0.0626895 0.0568041 0.0504998 0.0440336 0.0375954 0.031332 0.02537 0.0198343 0.0148574 0.0105703 0.00707626 0.00441627
 0.00787858 0.0128618 0.019474 0.0276852 0.0372307 0.0474559 0.0572879 0.0655009 0.0711586 0.0739077 0.0739363 0.0717245 0.0678182 0.0627222 0.0568654 0.0505891 0.044148 0.0377274 0.0314693 0.0254991 0.0199442 0.0149417 0.0106282 0.00711111 0.00443395
 0.00788421 0.0128695 0.0194826 0.0276917 0.0372297 0.0474397 0.0572481 0.065431 0.0710585 0.0737862 0.0738103 0.0716136 0.0677385 0.0626816 0.0568642 0.0506231 0.0442113 0.0378128 0.0315684 0.0256015 0.0200391 0.0150208 0.010687 0.00714996 0.0044564
 0.00785042 0.0128143 0.0193994 0.027575 0.0370771 0.0472547 0.0570418 0.0652215 0.0708661 0.0736287 0.0736995 0.0715558 0.0677361 0.062734 0.0569672 0.0507683 0.0443866 0.0380047 0.031763 0.0257861 0.0202028 0.0151557 0.0107894 0.00722092 0.00450089
 0.0078547 0.0128153 0.0193898 0.0275443 0.0370139 0.0471512 0.0568976 0.0650452 0.0706743 0.0734419 0.0735379 0.0714356 0.0676676 0.0627212 0.0570084 0.0508577 0.0445151 0.0381604 0.0319322 0.0259546 0.0203579 0.0152875 0.0108925 0.00729458 0.00454868
 0.00782313 0.0127678 0.019325 0.0274626 0.0369165 0.0470382 0.0567679 0.0648986 0.0705138 0.0732765 0.0733831 0.07131 0.0675882 0.0626992 0.0570471 0.0509526 0.044656 0.0383334 0.0321218 0.0261449 0.0205345 0.0154391 0.0110124 0.00738156 0.00460615
 0.00778911 0.0127137 0.0192461 0.0273561 0.0367827 0.0468821 0.0566001 0.0647332 0.0703647 0.0731532 0.0732891 0.0712454 0.0675538 0.0626985 0.0570854 0.0510333 0.0447777 0.038489 0.032299 0.0263287 0.0207096 0.0155928 0.0111364 0.00747304 0.00466764
 0.00776067 0.0126646 0.0191671 0.0272376 0.0366176 0.0466702 0.0563521 0.0644709 0.070117 0.0729482 0.0731473 0.0711757 0.0675542 0.0627596 0.0571955 0.0511821 0.0449568 0.0386904 0.0325131 0.0265432 0.0209112 0.0157689 0.0112786 0.00757849 0.00473897
 0.00773612 0.0126205 0.0190933 0.0271218 0.0364487 0.0464431 0.056072 0.0641557 0.0697953 0.0726541 0.0729136 0.0710282 0.0675063 0.0628111 0.0573337 0.0513867 0.0452054 0.0389625 0.032791 0.0268117 0.0211564 0.0159794 0.0114471 0.00770299 0.00482322
 0.00930002 0.0148096 0.021735 0.0298368 0.0387606 0.0479533 0.0565992 0.0637632 0.0687127 0.0711616 0.0712563 0.0693825 0.0659838 0.0614737 0.0562082 0.0504747 0.0444922 0.0384239 0.0323997 0.0265404 0.0209795 0.0158731 0.0113897 0.00767637 0.00481349
 0.00930052 0.0150983 0.0226764 0.0318815 0.0422485 0.0528483 0.0623206 0.0692795 0.0729061 0.073267 0.0711133 0.0673807 0.0627945 0.0577647 0.0524776 0.0470204 0.0414567 0.0358539 0.0302913 0.024865 0.0196954 0.0149305 0.0107329 0.00724588 0.00455061
 0.00895194 0.014553 0.021917 0.030962 0.0413458 0.0522954 0.0625661 0.0707268 0.0756717 0.0770008 0.0750428 0.0706024 0.0646494 0.0580667 0.0514845 0.0452225 0.0393461 0.0337903 0.0284761 0.0233781 0.018544 0.0140843 0.0101444 0.00686141 0.00431652
 0.00878079 0.0142626 0.0214584 0.0302861 0.0404226 0.0511489 0.0613162 0.0696159 0.0750419 0.0771977 0.0762606 0.0727411 0.0672857 0.0605919 0.0533494 0.0461463 0.0393713 0.033183 0.0275647 0.0224295 0.017717 0.0134422 0.00968852 0.00656245 0.00413527
 0.00871457 0.0141503 0.0212796 0.0300157 0.0400326 0.0506142 0.0606265 0.068794 0.0741653 0.0764151 0.0757817 0.0727827 0.0679751 0.0618739 0.0549647 0.0477163 0.0405544 0.0338063 0.0276581 0.0221605 0.0172868 0.0130074 0.00933403 0.00631229 0.00397799
 0.00869287 0.0141114 0.0212141 0.0299113 0.0398753 0.0503904 0.060325 0.0684091 0.0737005 0.0758922 0.0752541 0.0723456 0.0677569 0.061995 0.0554746 0.0485441 0.0415144 0.0346698 0.0282513 0.0224271 0.0172837 0.0128489 0.00912987 0.00613267 0.00384989
 0.00869076 0.0141075 0.0212069 0.0298982 0.0398517 0.0503488 0.0602552 0.0682985 0.0735368 0.0756673 0.0749704 0.0720239 0.0674438 0.0617632 0.0554056 0.0486935 0.0418752 0.0351601 0.0287431 0.0228037 0.0174876 0.0128935 0.00907317 0.00603871 0.00376274
 0.00867872 0.0140898 0.0211836 0.0298706 0.0398216 0.0503175 0.0602224 0.0682614 0.0734897 0.0756016 0.0748764 0.0718955 0.0672847 0.0615935 0.0552638 0.0486286 0.0419262 0.0353329 0.0289994 0.0230745 0.0177052 0.0130211 0.0091141 0.00602278 0.00372435
 0.00866927 0.0140741 0.0211596 0.0298365 0.0397768 0.0502637 0.060164 0.0682047 0.0734408 0.0755631 0.0748457 0.0718649 0.0672452 0.0615403 0.055202 0.0485762 0.0419097 0.0353748 0.0291043 0.023222 0.0178581 0.0131435 0.0091876 0.00605043 0.00372248
 0.00867451 0.0140808 0.0211662 0.0298403 0.0397745 0.0502521 0.0601415 0.068172 0.0734006 0.0755198 0.074804 0.0718278 0.0672125 0.0615091 0.0551697 0.0485439 0.0418855 0.0353718 0.0291332 0.0232833 0.0179392 0.0132241 0.00924992 0.00608696 0.00373652
 0.00867065 0.0140782 0.0211689 0.0298536 0.039803 0.0502968 0.0601971 0.0682278 0.073444 0.0755408 0.0747985 0.071798 0.0671648 0.0614511 0.0551076 0.0484829 0.0418306 0.0353293 0.02911 0.0232834 0.0179603 0.0132571 0.0092833 0.00611198 0.00375031
 0.00863545 0.0140239 0.021093 0.0297569 0.0396903 0.0501779 0.0600865 0.0681421 0.0733967 0.0755375 0.0748346 0.0718611 0.0672402 0.0615266 0.0551761 0.0485418 0.0418807 0.0353733 0.0291518 0.0233264 0.0180055 0.0133024 0.00932403 0.00614378 0.00377135
 0.00864579 0.0140348 0.0210987 0.0297485 0.0396587 0.050118 0.0600005 0.0680406 0.0732963 0.0754555 0.0747842 0.0718478 0.0672612 0.0615723 0.0552344 0.0486019 0.0419358 0.0354211 0.0291932 0.0233638 0.0180408 0.0133357 0.00935388 0.00616796 0.00378855
 0.00863461 0.0140194 0.0210802 0.0297289 0.0396391 0.0500964 0.0599716 0.0679976 0.0732351 0.0753794 0.0747043 0.0717804 0.0672209 0.0615671 0.0552632 0.0486559 0.0420032 0.035491 0.0292584 0.023421 0.0180896 0.0133765 0.00938684 0.00619313 0.0038062
 0.00860013 0.013969 0.0210151 0.0296541 0.0395625 0.0500268 0.0599163 0.0679604 0.0732155 0.0753725 0.0747034 0.0717803 0.0672213 0.061573 0.0552816 0.0486917 0.0420558 0.0355549 0.0293259 0.0234851 0.0181457 0.0134226 0.00942271 0.00621942 0.00382413
 0.00860013 0.013969 0.0210151 0.0296541 0.0395625 0.0500268 0.0599163 0.0679604 0.0732155 0.0753725 0.0747034 0.0717803 0.0672213 0.061573 0.0552816 0.0486917 0.0420558 0.0355549 0.0293259 0.0234851 0.0181457 0.0134226 0.00942271 0.00621942 0.00382413
 0.00884883 0.0143558 0.021563 0.030369 0.0404277 0.0509977 0.0609164 0.0688864 0.0739556 0.0758333 0.0748328 0.0715764 0.0667275 0.0608639 0.0544463 0.0478174 0.0412152 0.0347992 0.0286833 0.022965 0.0177442 0.0131278 0.00921796 0.00608608 0.00374342
 0.00898457 0.0145953 0.0219566 0.0309707 0.0412771 0.0520935 0.0621952 0.0702219 0.0751848 0.0767986 0.0754182 0.0717268 0.0664493 0.0602151 0.053521 0.0467279 0.0400733 0.0337009 0.027699 0.0221364 0.0170863 0.0126351 0.00887105 0.0058576 0.00360365
 0.00901834 0.0146596 0.0220724 0.031167 0.0415889 0.0525552 0.0628291 0.0710239 0.0761125 0.0777661 0.0763065 0.0724084 0.0668209 0.0602243 0.0531761 0.0460909 0.0392408 0.0327811 0.0267916 0.0213178 0.0164036 0.0121061 0.0084899 0.00560282 0.00344628
 0.00841367 0.0137023 0.0206855 0.0293123 0.0392934 0.0499431 0.060143 0.0686072 0.0743361 0.0769236 0.0765262 0.0736216 0.0687929 0.0626264 0.0556713 0.0484049 0.041202 0.0343243 0.0279338 0.022123 0.0169502 0.0124662 0.00872059 0.00574566 0.00353077
 0.008165 0.0132389 0.0198811 0.0280194 0.0373871 0.047388 0.0570551 0.0652699 0.0711548 0.0743356 0.0749024 0.0731887 0.0695882 0.0644939 0.0583012 0.0514112 0.0442119 0.0370511 0.0302112 0.0238994 0.0182569 0.0133784 0.00932619 0.00612709 0.00375722
 0.00848247 0.0137261 0.0205528 0.0288501 0.0382927 0.0482123 0.0575753 0.0652427 0.0704017 0.072837 0.072844 0.0709266 0.067544 0.0630269 0.0576108 0.0514992 0.0449123 0.0381057 0.0313586 0.0249427 0.0190906 0.0139791 0.0097225 0.00636907 0.00389472
 0.00868339 0.0140865 0.0211546 0.0297815 0.0396156 0.0499133 0.0595222 0.067176 0.0719797 0.0737227 0.0728055 0.0699159 0.0657259 0.0607429 0.0552815 0.0495004 0.0434743 0.0372759 0.0310336 0.0249437 0.0192419 0.0141562 0.00986356 0.00645939 0.00394372
 0.00898164 0.0145775 0.0219053 0.0308586 0.041072 0.0517647 0.0617178 0.0695775 0.0743602 0.0757909 0.0742514 0.0704757 0.0652551 0.0592737 0.0530355 0.0468394 0.0408003 0.034921 0.0291858 0.0236353 0.0183929 0.01364 0.00956111 0.00628411 0.00384248
 0.00899276 0.0146277 0.0220412 0.0311461 0.0415841 0.0525593 0.0628166 0.0709537 0.0759379 0.0774486 0.0758265 0.0717722 0.0660684 0.0594361 0.0524735 0.0456158 0.0391134 0.033051 0.0274103 0.0221521 0.0172849 0.0128897 0.00909368 0.00601199 0.0036924
 0.00884409 0.0143897 0.0216933 0.0306817 0.0410234 0.0519649 0.0622994 0.0706583 0.0760029 0.0779568 0.0767682 0.0730381 0.0674701 0.0607459 0.0534736 0.0461511 0.0391349 0.0326295 0.0267087 0.0213646 0.0165723 0.0123407 0.00872409 0.00579086 0.00357297
 0.00880262 0.0143005 0.0215195 0.0303773 0.0405475 0.0513041 0.0614895 0.0697932 0.0752231 0.0774201 0.0766101 0.0733332 0.0682038 0.0618078 0.0546792 0.0472877 0.0400191 0.0331576 0.0268784 0.0212606 0.0163216 0.0120613 0.00849121 0.00563124 0.00347965
 0.00890427 0.0144521 0.0217201 0.0306118 0.0407835 0.051492 0.0615679 0.0697034 0.0749337 0.0769518 0.0760456 0.0728015 0.0678412 0.0617096 0.0548639 0.0476887 0.0405086 0.0335941 0.0271579 0.0213479 0.0162489 0.0118993 0.00831208 0.00548235 0.00337792
 0.00906486 0.0147139 0.0221135 0.0311602 0.0414917 0.0523309 0.0624621 0.0705341 0.0755624 0.0772592 0.0759698 0.0723601 0.0671294 0.0608748 0.0540615 0.0470345 0.0400475 0.0332989 0.0269577 0.0211704 0.0160534 0.0116851 0.00810397 0.00530797 0.00325189
 0.00889957 0.0144684 0.021789 0.0307773 0.0410912 0.0519688 0.0622024 0.0704346 0.0756552 0.0775319 0.0763613 0.0727777 0.0674832 0.0611118 0.0541823 0.0470835 0.0400835 0.0333617 0.0270517 0.0212703 0.0161268 0.0117137 0.00809118 0.0052716 0.00321136
