SBPRF35
9.90413
Curr Bio
565104
B35
752223
F35
0.189307
FOFL
0.150565
OFL
73939.4
Bzero
2.82975e+006
#pred survey bio
 4.05227e+006 3.86657e+006 3.69629e+006 3.4741e+006 3.22417e+006 2.93786e+006 2.68308e+006 2.41522e+006 2.17752e+006 1.95027e+006 1.72957e+006 1.52367e+006 1.32535e+006 1.15293e+006 1.03642e+006 930331 823429 755888 708379 673350 645005 632008 609461 598497 596358 586956 588368 584570 585646 582335 580176 587873 590492 583426 571972 553072 539244 540520 539262 535466 547237 550994 558657 569831 577417 572438 576404 573526 566589 569855 572460 643677 629708 603018 627833 606222 582486 571297 2.14129e+007 1.2989e+007 1.33963e+007 1.43057e+007 1.55084e+007 1.6777e+007 1.79584e+007 1.89755e+007 1.98063e+007 2.04609e+007 2.09639e+007 2.1344e+007 2.16282e+007 2.18393e+007 2.19957e+007 2.21116e+007 2.21975e+007 2.22616e+007 2.23095e+007 2.23455e+007 2.23728e+007 2.23935e+007 2.24093e+007 2.24214e+007 2.24308e+007 2.24381e+007 2.24437e+007 2.24481e+007 2.24515e+007 2.24542e+007 2.24563e+007 2.2458e+007 2.24593e+007 2.24603e+007 2.24612e+007 2.24618e+007 2.24623e+007 2.24627e+007 2.24631e+007 2.24633e+007 2.24635e+007 2.24637e+007 2.24638e+007 2.24639e+007 2.2464e+007 2.24641e+007 2.24641e+007 2.24642e+007 2.24642e+007 2.24642e+007 2.24643e+007 2.24643e+007 2.24643e+007 2.24643e+007 2.24643e+007 2.24643e+007 2.24643e+007 2.24643e+007 2.24643e+007 2.24643e+007 2.24643e+007 2.24643e+007 2.24643e+007 2.24643e+007 2.24643e+007 2.24643e+007 2.24643e+007 2.24643e+007 2.24643e+007 2.24643e+007 2.24643e+007 2.24643e+007 2.24643e+007 2.24643e+007 2.24643e+007 2.24643e+007 2.24643e+007 2.24643e+007 2.24643e+007 2.24643e+007 2.24643e+007 2.24643e+007 2.24643e+007 2.24643e+007 2.24643e+007 2.24643e+007 2.24643e+007 2.24643e+007 2.24643e+007 2.24643e+007 2.24643e+007 2.24643e+007 2.24643e+007 2.24643e+007 2.24643e+007 2.24643e+007 2.24643e+007 2.24643e+007 2.24643e+007 2.24643e+007 0 0 0 0 0 0 0 0 0 0 0 0 0 0 0 0 0 0 0 0 0 0 0 0 0
#obs survey bio
 4.85591e+006 3.01739e+006 2.31712e+006 3.65843e+006 2.25026e+006 2.90944e+006 3.32743e+006 1.98176e+006 1.99408e+006 1.67772e+006 1.6086e+006 1.30122e+006 1.11713e+006 1.20969e+006 1.04013e+006 598457 791413 773314 599246 560760 654735 638289 568452 542094 361673 346952 630935 484578 784790 414636 550760 612406 634089 650630 898996 530033 455073 549740 655299 573232 466782 562975 474757 641932 464150 752224 552645 615576 682340 499936 662312 549463 580913 639960 739106 680532 485030 471526
#pred catch bio
 113550 102807 159621 200181 253459 247114 281356 275263 284704 294583 293196 293506 273120 224730 215557 213925 176759 156989 143950 135912 121197 127617 116299 108603 114389 104299 106831 100289 101641 98440.2 88489 90969.9 96113.9 95553.1 97204.6 90797.7 80569.4 87121.9 92059.1 80939.3 89200.4 86636.8 84961.8 89495.6 100533 92740.3 98056.3 100422 91485.9 92444.8 37250.7 110082 118138 74965.1 115189 115878 104713 61337.7 73939.4 92159.9 93811 99015.2 106900 115431 123329 130012 135338 139407 142418 144594 146138 147217 147963 148474 148822 149057 149215 149321 149392 149439 149471 149492 149506 149515 149521 149525 149528 149529 149530 149531 149532 149532 149532 149532 149533 149533 149533 149533 149533 149533 149533 149533 149533 149533 149533 149533 149533 149533 149533 149533 149533 149533 149533 149533 149533 149533 149533 149533 149533 149533 149533 149533 149533 149533 149533 149533 149533 149533 149533 149533 149533 149533 149533 149533 149533 149533 149533 149533 149533 149533 149533 149533 149533 149533 149533 149533 149533 149533 149533 149533 149533 149533 149533 149533 149533 149533 149533 149533 0 0 0 0 0 0 0 0 0 0 0 0 0 0 0 0 0 0 0 0 0 0 0 0 0
#obs catch bio
 0 102431 160374 201030 255936 249442 284971 279146 288542 300053 299154 301720 280806 228622 218293 218906 179143 159308 146051 138127 122504 129442 117811 109845 116865 106203 108646 101191 102332 99139.4 88942.9 91383.6 96577.3 95700.8 96890.9 90330.1 80118.7 86533.5 91626.7 80439 89130.3 86216.1 84450.3 89094.1 100715 92424.4 97886.5 99985.8 90788.3 93130.8 36645.3 110433 118463 74203.6 114675 114935 104648 61064.6
#pred cpue bio
 3.99704e+006 3.81463e+006 3.64618e+006 3.42454e+006 3.1752e+006 2.88974e+006 2.63562e+006 2.36878e+006 2.13196e+006 1.90572e+006 1.68633e+006 1.48209e+006 1.28605e+006 1.11613e+006 1.00132e+006 896743 791718 725606 679280 645182 617654 605080 583157 572458 570295 561141 562848 559796 561423 558621 556816 564708 567815 561570 551181 533341 519298 519078 516831 512928 524444 528196 535699 546441 553639 548753 552758 550146 543489 546594 549086 619037 605916 579512 603343 582184 558671 547602 2.05809e+007 1.25068e+007 1.27899e+007 1.3567e+007 1.47258e+007 1.59846e+007 1.71641e+007 1.81809e+007 1.90117e+007 1.96662e+007 2.01692e+007 2.05493e+007 2.08335e+007 2.10446e+007 2.1201e+007 2.13169e+007 2.14028e+007 2.14669e+007 2.15148e+007 2.15508e+007 2.15781e+007 2.15988e+007 2.16146e+007 2.16267e+007 2.16361e+007 2.16434e+007 2.1649e+007 2.16534e+007 2.16568e+007 2.16595e+007 2.16616e+007 2.16633e+007 2.16646e+007 2.16656e+007 2.16665e+007 2.16671e+007 2.16676e+007 2.16681e+007 2.16684e+007 2.16686e+007 2.16688e+007 2.1669e+007 2.16691e+007 2.16692e+007 2.16693e+007 2.16694e+007 2.16694e+007 2.16695e+007 2.16695e+007 2.16696e+007 2.16696e+007 2.16696e+007 2.16696e+007 2.16696e+007 2.16696e+007 2.16696e+007 2.16696e+007 2.16696e+007 2.16696e+007 2.16696e+007 2.16696e+007 2.16696e+007 2.16697e+007 2.16697e+007 2.16697e+007 2.16697e+007 2.16697e+007 2.16697e+007 2.16697e+007 2.16697e+007 2.16697e+007 2.16697e+007 2.16697e+007 2.16697e+007 2.16697e+007 2.16697e+007 2.16697e+007 2.16697e+007 2.16697e+007 2.16697e+007 2.16697e+007 2.16697e+007 2.16697e+007 2.16697e+007 2.16697e+007 2.16697e+007 2.16697e+007 2.16697e+007 2.16697e+007 2.16697e+007 2.16697e+007 2.16697e+007 2.16697e+007 2.16697e+007 2.16697e+007 2.16697e+007 2.16697e+007 2.16697e+007 2.16697e+007 2.16697e+007 0 0 0 0 0 0 0 0 0 0 0 0 0 0 0 0 0 0 0 0 0 0 0 0 0
#obs cpue bio
 4.85016e+006 3.14304e+006 2.53071e+006 2.94409e+006 2.99671e+006 1.76467e+006 2.2043e+006 1.91285e+006 2.60188e+006 1.38881e+006 1.37955e+006 931742 1.16281e+006 1.17779e+006 1.175e+006 711047 895422 513330 627372 567236 583512 485168 480262 518878 447033 697062 513200 855062 472194 691543 522297 571150 526884 603649 553601 688204 618983 678155 422519 482276 501042 708638 729726 452667 496325 534742 573006 687906 582336 350353 704931 785526 519006 786923 649010 625032 535614 541843
#pred surv len freq
 0.00500163 0.00811124 0.0121894 0.0172093 0.0230436 0.0293873 0.0357294 0.0414756 0.0461726 0.0496596 0.0520434 0.053563 0.0544645 0.0549413 0.0551163 0.0550454 0.0547327 0.0541414 0.0531781 0.0516435 0.0491968 0.0454203 0.040028 0.0331328 0.0253729
 0.00533179 0.00852871 0.012602 0.0174699 0.0230057 0.0289839 0.0350264 0.0406559 0.0454515 0.0491831 0.0518328 0.0535314 0.0544872 0.05493 0.055062 0.0550137 0.0548213 0.054421 0.0536446 0.0522066 0.0497146 0.0457634 0.040137 0.0330364 0.0251591
 0.0055553 0.00891485 0.0132164 0.018364 0.0241773 0.030333 0.0363413 0.0416637 0.0459291 0.0490641 0.0512353 0.0526825 0.0536004 0.0541215 0.0543501 0.0543774 0.0542579 0.0539594 0.0533149 0.0519992 0.0495685 0.0455942 0.0398859 0.0327022 0.0247918
 0.00577763 0.00927067 0.0137441 0.0191024 0.0251645 0.0315968 0.0378746 0.0433904 0.0476798 0.0505917 0.0522814 0.0530748 0.0533216 0.053304 0.0532005 0.0530874 0.0529572 0.0527204 0.0521757 0.0509754 0.0486526 0.044762 0.0391162 0.0319977 0.0241802
 0.00603818 0.00968407 0.0143476 0.0199249 0.0262234 0.0328935 0.0393888 0.045076 0.049463 0.0523663 0.0539012 0.0543563 0.0540765 0.0534002 0.0526173 0.0519266 0.0514 0.050961 0.0503716 0.0492314 0.0470288 0.0432914 0.0378222 0.0309032 0.0233064
 0.00632042 0.0101392 0.0150256 0.020869 0.027462 0.0344272 0.0411772 0.0470356 0.0514809 0.0543225 0.055683 0.0558559 0.0551799 0.0539841 0.052572 0.0511975 0.0500226 0.0490635 0.0481408 0.0468642 0.0446963 0.0411267 0.0359226 0.0293339 0.0220974
 0.00658186 0.0105553 0.0156358 0.0217065 0.0285504 0.0357745 0.0427668 0.0488188 0.0533776 0.0562306 0.0574912 0.0574546 0.0564646 0.0548544 0.0529292 0.0509541 0.0491277 0.047534 0.046079 0.0444469 0.0421402 0.0386469 0.0336993 0.0274905 0.0206895
 0.00688987 0.0110463 0.0163565 0.0226938 0.0298243 0.037329 0.0445596 0.0507695 0.0553799 0.0581726 0.0592717 0.0589878 0.057676 0.0556736 0.053285 0.0507744 0.0483502 0.0461295 0.0440815 0.0419748 0.0393929 0.0358717 0.0311398 0.0253347 0.0190352
 0.0071856 0.0115171 0.0170468 0.0236389 0.0310454 0.0388245 0.0462945 0.052671 0.0573447 0.0600847 0.0610213 0.0604827 0.0588449 0.0564607 0.0536415 0.0506503 0.0476934 0.0448996 0.0422769 0.0396647 0.0367351 0.0330993 0.0285139 0.0230793 0.0172832
 0.00746446 0.0119683 0.0177217 0.0245833 0.0322902 0.040372 0.0481041 0.054655 0.0593815 0.0620427 0.062781 0.0619487 0.0599477 0.0571535 0.0538925 0.0504336 0.0469823 0.043669 0.0405218 0.037431 0.0341471 0.0303628 0.0258811 0.0207848 0.0154797
 0.0077206 0.0123867 0.0183554 0.0254829 0.0334952 0.0418947 0.0499133 0.0566686 0.0614758 0.064074 0.06461 0.0634585 0.0610532 0.0578032 0.054063 0.0501183 0.0461804 0.042381 0.0387587 0.035238 0.0316314 0.0277048 0.0233115 0.0185286 0.0136922
 0.00789615 0.0126863 0.0188326 0.0261976 0.0345014 0.0432218 0.0515464 0.0585399 0.0634728 0.06606 0.0664452 0.0650162 0.0622312 0.0585303 0.0543004 0.0498551 0.0454239 0.041149 0.0370809 0.0331702 0.0292765 0.0252253 0.0209136 0.0164165 0.0120109
 0.0080967 0.0130124 0.0193244 0.0268946 0.0354379 0.0444176 0.0529945 0.060197 0.0652591 0.067867 0.0681492 0.066494 0.0633743 0.0592567 0.0545596 0.0496268 0.0447122 0.0399765 0.0354878 0.0312219 0.0270776 0.0229271 0.0187014 0.0144717 0.0104623
 0.00843848 0.0135337 0.0200457 0.0278138 0.0365353 0.0456626 0.0543494 0.0616164 0.066689 0.0692469 0.069415 0.0675791 0.0642118 0.0597833 0.054722 0.0493882 0.0440565 0.0389102 0.034042 0.0294578 0.0250944 0.0208637 0.0167234 0.0127377 0.00908358
 0.0087303 0.0139845 0.0206791 0.0286341 0.037525 0.0467821 0.0555379 0.0627982 0.0677896 0.0702122 0.0702205 0.0682226 0.0646952 0.0600952 0.0548322 0.049253 0.043632 0.0381666 0.0329765 0.0281047 0.0235307 0.0192078 0.0151181 0.0113206 0.00795137
 0.00885867 0.0142204 0.021083 0.0292749 0.0384584 0.0480199 0.0570213 0.0643973 0.0693342 0.07154 0.0712185 0.0688452 0.0649564 0.0600454 0.0545291 0.0487392 0.0429245 0.037263 0.0318722 0.0268136 0.022102 0.0177294 0.0137039 0.0100822 0.00696739
 0.00906547 0.0145456 0.0215536 0.029913 0.0392829 0.0490445 0.0582455 0.0657905 0.070821 0.0729973 0.072493 0.0697889 0.0654675 0.060094 0.0541552 0.0480259 0.041963 0.0361263 0.030609 0.0254603 0.0207021 0.0163472 0.0124218 0.0089819 0.00610458
 0.00919705 0.0147426 0.0218195 0.0302417 0.0396639 0.0494705 0.0587185 0.0663227 0.0714291 0.0736906 0.0732571 0.0705724 0.0661828 0.0606362 0.0544347 0.0479959 0.0416283 0.0355308 0.0298139 0.0245288 0.0196969 0.0153345 0.0114724 0.00816141 0.00545773
 0.00930538 0.0149071 0.0220448 0.0305236 0.0399891 0.0498192 0.0590677 0.0666513 0.0717263 0.0739631 0.0735278 0.0708685 0.0665151 0.060983 0.0547399 0.0481855 0.0416371 0.035325 0.029399 0.0239439 0.0190018 0.0145988 0.0107658 0.0075436 0.00496776
 0.00936285 0.0149987 0.022179 0.030706 0.0402207 0.050093 0.0593669 0.0669506 0.0719975 0.0741848 0.0736938 0.0709905 0.0666168 0.0610874 0.0548538 0.0482899 0.0416902 0.0352778 0.0292164 0.0236197 0.0185624 0.0140948 0.0102581 0.00708752 0.00460066
 0.00947238 0.0151585 0.0223858 0.0309458 0.0404733 0.0503401 0.0595966 0.0671572 0.0721776 0.074333 0.0738026 0.0710539 0.0666361 0.0610729 0.0548208 0.0482496 0.0416398 0.0351986 0.0290812 0.0234075 0.0182719 0.0137487 0.00989631 0.0067532 0.00432638
 0.00948501 0.0151786 0.0224148 0.0309836 0.0405173 0.0503843 0.0596324 0.0671773 0.0721805 0.0743269 0.0738033 0.0710778 0.0666921 0.0611591 0.0549269 0.0483619 0.0417437 0.0352774 0.029116 0.023381 0.0181763 0.0135923 0.00970313 0.00655549 0.00415291
 0.00960439 0.0153621 0.0226709 0.0313117 0.040907 0.0508142 0.0600697 0.0675786 0.0724991 0.0745233 0.0738566 0.0709916 0.0664928 0.0608867 0.0546234 0.0480607 0.0414646 0.0350263 0.0288878 0.0231651 0.0179628 0.0133785 0.00949574 0.00636792 0.00399862
 0.00971669 0.0155246 0.0228783 0.0315471 0.041147 0.0510383 0.0602658 0.0677437 0.072634 0.0746261 0.0739205 0.0710063 0.0664499 0.0607857 0.0544739 0.0478807 0.0412741 0.0348408 0.0287147 0.023004 0.0178094 0.0132301 0.00935446 0.00624063 0.00389326
 0.00964833 0.0154361 0.0227862 0.0314788 0.0411309 0.0510895 0.0603768 0.0678872 0.0727766 0.0747452 0.0740109 0.0710756 0.066507 0.0608325 0.0545052 0.0478897 0.0412581 0.0348028 0.0286607 0.0229393 0.0177375 0.0131532 0.00927615 0.00616643 0.00382934
 0.00950322 0.015231 0.0225355 0.0312176 0.0409081 0.0509541 0.0603642 0.0680093 0.0730178 0.0750644 0.0743517 0.0713832 0.066744 0.0609862 0.0545829 0.047908 0.0412341 0.0347501 0.02859 0.0228591 0.0176543 0.0130721 0.00920125 0.00610123 0.00377663
 0.00925138 0.0148406 0.0219856 0.0305073 0.0400633 0.0500338 0.059463 0.0672469 0.072512 0.0748955 0.0745363 0.0718716 0.0674402 0.0617797 0.0553767 0.0486345 0.0418574 0.0352589 0.0289877 0.0231564 0.017865 0.0132114 0.00928502 0.00614504 0.00379482
 0.00921155 0.0147544 0.0218167 0.0302102 0.0395963 0.0493801 0.0586493 0.0663499 0.0716459 0.074186 0.0740912 0.0717549 0.0676585 0.0622821 0.0560713 0.0494148 0.0426278 0.0359518 0.0295668 0.0236113 0.0182024 0.0134469 0.00943839 0.00623701 0.00384466
 0.00915273 0.0146605 0.0216774 0.0300133 0.0393262 0.049017 0.0581745 0.0657563 0.070953 0.0734503 0.0734046 0.0712265 0.0673844 0.0623161 0.0564085 0.0499942 0.0433529 0.0367181 0.0302866 0.0242272 0.0186888 0.0138039 0.00968194 0.00639091 0.0039341
 0.00916007 0.0146651 0.0216705 0.029982 0.0392555 0.0488939 0.0579903 0.0655063 0.0706346 0.0730647 0.0729633 0.070762 0.0669549 0.0619962 0.0562675 0.0500702 0.0436371 0.0371573 0.030802 0.0247397 0.0191385 0.0141591 0.00993704 0.00655815 0.00403416
 0.00907299 0.0145405 0.0215139 0.0298082 0.0390828 0.0487352 0.0578475 0.0653707 0.0704926 0.0729047 0.0727801 0.0705584 0.0667438 0.0618037 0.0561325 0.0500362 0.0437367 0.0373956 0.0311506 0.0251447 0.0195394 0.0145071 0.0102062 0.00674501 0.00415112
 0.00886749 0.0142221 0.0210657 0.0292285 0.0383898 0.0479705 0.0570768 0.0646758 0.0699531 0.0725742 0.0726721 0.0706485 0.066985 0.0621461 0.0565378 0.0504847 0.0442239 0.0379219 0.0317077 0.0257082 0.0200716 0.0149692 0.0105716 0.00700695 0.00432081
 0.00864846 0.013888 0.0206038 0.0286421 0.0376967 0.0472014 0.0562749 0.0638984 0.0692681 0.0720506 0.0723654 0.070587 0.0671627 0.0625256 0.057063 0.0510974 0.0448773 0.0385847 0.0323597 0.0263305 0.0206412 0.0154607 0.0109649 0.00729509 0.00451244
 0.0083985 0.0135126 0.0200967 0.0280185 0.0369895 0.0464532 0.0555323 0.0632089 0.0686766 0.0715955 0.0720755 0.070481 0.0672493 0.0628007 0.0575064 0.0516726 0.0455375 0.0392822 0.0330528 0.026986 0.0212324 0.0159656 0.0113685 0.00759336 0.00471383
 0.00835947 0.0134207 0.0199076 0.0276776 0.0364509 0.0457066 0.0546233 0.0622361 0.0677636 0.0708517 0.0715688 0.0702332 0.0672491 0.0630208 0.057914 0.0522318 0.0462072 0.0400158 0.0338017 0.0277043 0.0218816 0.0165175 0.0118072 0.00791666 0.00493259
 0.00918897 0.0145923 0.0213411 0.0291822 0.037772 0.0466064 0.0549513 0.0619592 0.0669551 0.06966 0.0701799 0.0688322 0.0659862 0.0619913 0.0571575 0.0517455 0.0459629 0.0399719 0.0339094 0.0279122 0.0221395 0.0167816 0.0120444 0.00810704 0.00506993
 0.00997177 0.0158207 0.0230977 0.0314878 0.0405513 0.0496537 0.0579184 0.0644036 0.0684591 0.0699726 0.0693018 0.0669969 0.0635586 0.0593475 0.0545995 0.0494686 0.0440627 0.0384704 0.0327828 0.0271119 0.0216056 0.0164515 0.0118589 0.00801499 0.00503168
 0.00986282 0.0157539 0.023201 0.031948 0.0415644 0.0513424 0.0602538 0.0671711 0.0712887 0.0724217 0.0709656 0.0676136 0.0630775 0.0579314 0.0525595 0.0471615 0.0417978 0.0364582 0.0311291 0.0258398 0.0206853 0.0158261 0.0114614 0.00778064 0.00490461
 0.00958539 0.0153458 0.0226734 0.0313573 0.0410205 0.0510074 0.0603232 0.0678263 0.0726216 0.0743613 0.0732508 0.0698458 0.0648377 0.0589122 0.0526532 0.0464697 0.0405693 0.0349915 0.029684 0.0245888 0.0197067 0.0151246 0.0109981 0.00749858 0.00474689
 0.00958015 0.0153079 0.0225638 0.031127 0.0406308 0.0504608 0.0596909 0.0672537 0.0723017 0.0744788 0.0739136 0.0710267 0.066355 0.0604677 0.0539229 0.0472126 0.040702 0.0345959 0.0289517 0.0237373 0.0189109 0.0144841 0.0105412 0.00720572 0.00457721
 0.00943466 0.0150889 0.0222654 0.0307509 0.0401804 0.0499355 0.0590888 0.066587 0.0716202 0.0738855 0.0735555 0.0710538 0.066857 0.0614183 0.0551644 0.0484976 0.0417789 0.0352966 0.0292388 0.0236908 0.0186709 0.0141868 0.0102782 0.00701547 0.0044596
 0.00944915 0.0151002 0.0222601 0.0307097 0.0400841 0.0497724 0.0588592 0.0663013 0.0712921 0.0735298 0.0731976 0.0707442 0.0666756 0.0614524 0.0554645 0.0490365 0.0424444 0.0359308 0.0297036 0.0239213 0.0186877 0.0140669 0.010109 0.00686036 0.00434707
 0.00955571 0.015248 0.0224348 0.0308806 0.0402108 0.0498164 0.0587957 0.0661248 0.0710162 0.0731829 0.0728163 0.0703692 0.0663502 0.0612242 0.0553812 0.0491293 0.0427058 0.0363026 0.0300916 0.0242329 0.01887 0.0141207 0.0100746 0.0067888 0.00427674
 0.00953971 0.0152375 0.0224465 0.0309359 0.0403257 0.0499877 0.0589923 0.0662926 0.0710969 0.073138 0.0726419 0.0700949 0.066027 0.0609097 0.0551286 0.0489811 0.042685 0.0364037 0.030277 0.0244431 0.0190466 0.0142294 0.0101134 0.00677929 0.00424656
 0.00940121 0.0150435 0.0222128 0.030699 0.0401346 0.0498899 0.0590182 0.0664456 0.0713494 0.0734354 0.0729156 0.0702829 0.0660946 0.0608603 0.0549997 0.0488281 0.0425623 0.0363478 0.0302966 0.0245195 0.0191445 0.0143141 0.0101652 0.00679729 0.00424205
 0.00935782 0.0149773 0.0221226 0.0305893 0.0400186 0.0497906 0.0589677 0.0664779 0.0714877 0.0736774 0.0732269 0.0706025 0.0663536 0.0610049 0.0550089 0.0487194 0.0423819 0.036152 0.0301314 0.024408 0.0190849 0.0142888 0.010154 0.00678696 0.00422891
 0.0092727 0.0148399 0.0219183 0.0303073 0.0396563 0.0493604 0.0585033 0.0660343 0.0711328 0.0734752 0.073219 0.0707939 0.0667085 0.061455 0.0554739 0.0491306 0.0427015 0.0363772 0.0302842 0.0245177 0.0191731 0.014364 0.010215 0.00683059 0.00425511
 0.00927594 0.0148418 0.0219142 0.0302895 0.0396139 0.0492811 0.0583761 0.0658549 0.0709088 0.073231 0.0729938 0.0706339 0.0666516 0.061516 0.0556373 0.0493557 0.042938 0.0365837 0.0304407 0.0246253 0.0192447 0.0144134 0.0102509 0.00685618 0.00427163
 0.00944326 0.0150825 0.0222184 0.030627 0.0399423 0.0495577 0.0585682 0.0659425 0.0708837 0.0730951 0.0727607 0.0703315 0.0663211 0.0612047 0.0553859 0.0491856 0.0428461 0.0365481 0.0304331 0.0246237 0.0192393 0.0144039 0.0102408 0.00684825 0.00426643
 0.00939634 0.015029 0.0221784 0.0306301 0.0400152 0.0497076 0.0587715 0.0661495 0.0710379 0.0731565 0.0727194 0.070205 0.0661429 0.061012 0.055212 0.0490558 0.0427737 0.0365316 0.0304584 0.0246702 0.0192886 0.0144448 0.0102698 0.00686666 0.00427719
 0.0092882 0.0148684 0.0219664 0.0303813 0.0397576 0.0494802 0.0586174 0.0661049 0.071117 0.073341 0.072961 0.0704431 0.0663286 0.0611245 0.0552595 0.0490645 0.0427732 0.036544 0.0304926 0.024723 0.0193492 0.0145018 0.0103157 0.00689912 0.00429766
 0.00878103 0.0140523 0.0207583 0.0287216 0.037637 0.0469744 0.0559149 0.0634988 0.068947 0.071904 0.0724317 0.0708388 0.0675232 0.0628982 0.0573614 0.051267 0.0449037 0.0384912 0.0321952 0.0261535 0.0205015 0.015386 0.0109562 0.00733301 0.00457014
 0.00916789 0.0146273 0.0215189 0.0296185 0.0385726 0.0478109 0.0564915 0.0636641 0.0686073 0.0710704 0.0712361 0.0695007 0.0662792 0.0619298 0.056753 0.051007 0.0449162 0.0386779 0.0324673 0.026446 0.0207738 0.0156159 0.0111346 0.00746029 0.00465322
 0.00943639 0.0150785 0.0222216 0.0306357 0.0399349 0.0494793 0.058327 0.0654304 0.070019 0.0718716 0.0712774 0.0687821 0.0649484 0.0602359 0.0549741 0.0493761 0.0435752 0.0376702 0.0317637 0.0259825 0.020482 0.0154393 0.011032 0.00740339 0.00462335
 0.00914161 0.0146337 0.0216206 0.0299065 0.0391457 0.0487381 0.0577709 0.0651954 0.0701901 0.0724348 0.0721043 0.069668 0.0656877 0.0606982 0.0551418 0.0493308 0.0434456 0.0375721 0.031761 0.0260806 0.0206475 0.0156264 0.0112032 0.00753821 0.00471698
 0.00942433 0.0150458 0.0221519 0.0305163 0.0397731 0.0493218 0.0582673 0.0655882 0.0704909 0.0726725 0.0723048 0.0698294 0.0657664 0.0606211 0.0548433 0.0487953 0.0427262 0.0367748 0.0310034 0.0254508 0.0201834 0.0153202 0.0110209 0.00743955 0.00466822
 0.00941105 0.0150779 0.0222965 0.0308605 0.0403916 0.0502307 0.0593911 0.0667682 0.071538 0.0734368 0.0727219 0.0699206 0.0656012 0.06027 0.0543486 0.0481716 0.0419849 0.0359503 0.0301602 0.0246678 0.0195265 0.0148224 0.0106791 0.00722607 0.00454642
 0.00894011 0.0143947 0.021425 0.0298861 0.0394503 0.0494817 0.058984 0.0668079 0.0720509 0.0743498 0.0738735 0.0711108 0.0666566 0.061088 0.0549008 0.0484763 0.0420775 0.0358696 0.0299514 0.024386 0.0192308 0.0145619 0.0104813 0.00709499 0.00447007
#obs surv len freq
 nan nan nan nan nan nan nan nan nan nan nan nan nan nan nan nan nan nan nan nan nan nan nan nan nan
 0.00447725 0.00733548 0.011163 0.0159783 0.02168 0.0279581 0.0342757 0.0400104 0.0446928 0.0481586 0.0505177 0.0520144 0.0529072 0.05342 0.0537345 0.0539897 0.0542684 0.0545613 0.0547001 0.054292 0.0527299 0.0493617 0.0438108 0.0362901 0.0276728
 0.00461873 0.00756416 0.0115044 0.0164548 0.0223054 0.02873 0.0351671 0.0409668 0.0456385 0.0490106 0.0512005 0.0524718 0.0531089 0.0533631 0.0534398 0.0534936 0.0536145 0.0537924 0.0538555 0.0534089 0.0518471 0.0485225 0.0430599 0.0356654 0.0271954
 0.00478296 0.00783451 0.0119173 0.0170457 0.023101 0.0297365 0.0363577 0.0422781 0.0469787 0.0502763 0.0522928 0.0533071 0.0536253 0.0535248 0.0532396 0.0529525 0.0527758 0.0527142 0.0526034 0.0520528 0.0504624 0.0471898 0.0418594 0.0346632 0.026428
 0.00497666 0.00815177 0.0123994 0.0177329 0.0240254 0.0309099 0.0377588 0.0438461 0.0486196 0.0518777 0.0537405 0.0544966 0.0544697 0.05396 0.0532286 0.0524878 0.0518801 0.0514384 0.0510232 0.0502655 0.0485838 0.0453481 0.0401817 0.0332534 0.0253446
 0.00518508 0.00849308 0.0129178 0.0184716 0.0250189 0.0321713 0.039267 0.0455403 0.0504067 0.0536482 0.0553835 0.0559082 0.0555565 0.054642 0.0534435 0.0521962 0.0510718 0.0501376 0.0492934 0.0482116 0.0463496 0.0431053 0.0381062 0.031492 0.0239827
 0.00542689 0.00888701 0.0135123 0.0193123 0.0261404 0.033584 0.0409427 0.0474075 0.0523604 0.0555695 0.057158 0.0574349 0.0567495 0.055428 0.0537601 0.0519931 0.0503163 0.048826 0.0474642 0.0459587 0.0438271 0.0405162 0.0356708 0.029401 0.0223532
 0.00565278 0.00926163 0.0140898 0.0201477 0.0272784 0.0350419 0.0426925 0.0493711 0.0544212 0.0575967 0.0590279 0.0590428 0.0580114 0.0562767 0.0541404 0.0518579 0.0496274 0.0475632 0.0456434 0.0436535 0.0411837 0.037748 0.0330246 0.0271009 0.0205445
 0.00588364 0.0096382 0.0146594 0.0209565 0.0283646 0.0364231 0.0443521 0.0512499 0.0564231 0.059603 0.060915 0.0606959 0.0593333 0.0571911 0.0545895 0.051797 0.0490208 0.0463877 0.0439035 0.041406 0.0385596 0.0349551 0.0303171 0.0247201 0.0186548
 0.00612954 0.0100399 0.0152675 0.0218189 0.029517 0.0378743 0.0460696 0.0531567 0.0584097 0.0615502 0.0627122 0.0622491 0.060564 0.0580342 0.0549909 0.0517122 0.0484139 0.0452347 0.0422045 0.0392077 0.0359794 0.0321886 0.0276132 0.0223233 0.0167388
 0.00637177 0.0104372 0.0158717 0.0226803 0.0306739 0.0393375 0.0478062 0.0550842 0.0604088 0.0634887 0.0644682 0.0637249 0.0616892 0.0587605 0.055285 0.0515472 0.0477653 0.0440831 0.0405484 0.0370861 0.0334962 0.0295229 0.0249988 0.0199953 0.0148686
 0.0066076 0.0108244 0.0164616 0.0235228 0.0318078 0.0407745 0.0495147 0.0569836 0.0623805 0.0653985 0.0661892 0.0651522 0.0627462 0.0593991 0.0554802 0.0512886 0.0470483 0.0429055 0.0389186 0.0350428 0.0311328 0.0270002 0.0225289 0.0177945 0.0130971
 0.00683789 0.0112012 0.0170329 0.0243348 0.0328957 0.0421481 0.0511434 0.0587912 0.0642549 0.0672127 0.0678217 0.0665005 0.0637328 0.0599733 0.0556159 0.0509789 0.0462983 0.0417272 0.0373344 0.0330987 0.0289181 0.0246594 0.0202502 0.0157696 0.0114684
 0.00705606 0.0115598 0.0175797 0.0251161 0.0339464 0.0434763 0.0527155 0.0605273 0.0660408 0.0689223 0.0693391 0.0677315 0.0646094 0.0604522 0.055676 0.0506168 0.0455236 0.0405594 0.0358049 0.03126 0.0268583 0.0225104 0.0181775 0.0139392 0.0100015
 0.00728035 0.0119269 0.0181365 0.025907 0.0350038 0.0448054 0.0542796 0.0622427 0.0677887 0.0705724 0.0707717 0.0688531 0.0653575 0.0607946 0.0556053 0.0501439 0.0446705 0.039356 0.0342905 0.029492 0.0249224 0.020527 0.0162913 0.0122906 0.00869026
 0.0074276 0.0121753 0.0185272 0.0264839 0.0358045 0.045847 0.0555433 0.0636686 0.0692838 0.0720279 0.0720808 0.0699234 0.066118 0.0611995 0.0556342 0.0497983 0.043969 0.0383296 0.0329818 0.0279599 0.0232492 0.0188211 0.0146781 0.0108883 0.00757985
 0.00753359 0.0123434 0.0187733 0.0268228 0.0362504 0.0464132 0.0562387 0.0644915 0.0702153 0.0730276 0.0730879 0.0708624 0.0669095 0.0617715 0.0559315 0.0497876 0.0436396 0.0376923 0.0320681 0.0268222 0.0219633 0.017485 0.0134017 0.00977299 0.0066947
 0.00758015 0.0124184 0.018885 0.0269787 0.0364565 0.0466731 0.0565534 0.0648608 0.07064 0.0735106 0.0736294 0.0714512 0.0675143 0.0623393 0.0563949 0.0500785 0.0437033 0.0374978 0.0316135 0.0261368 0.0211069 0.016542 0.012469 0.00894071 0.0060256
 0.0076617 0.0125408 0.0190502 0.027182 0.0366887 0.0469232 0.0568114 0.0651185 0.0708923 0.0737568 0.0738743 0.0717037 0.0677813 0.0626177 0.0566637 0.0502975 0.0438204 0.0374628 0.0313932 0.0257275 0.0205391 0.0158768 0.0117853 0.00831573 0.00551556
 0.00772459 0.0126398 0.0191928 0.0273715 0.0369221 0.0471892 0.0570893 0.0653813 0.0711147 0.0739239 0.0739874 0.071778 0.0678391 0.0626786 0.0567367 0.0503747 0.043876 0.037458 0.0312888 0.0254985 0.0201874 0.015435 0.0113085 0.00786501 0.00513915
 0.00776262 0.0126964 0.0192684 0.0274636 0.0370266 0.0473023 0.0572082 0.0655033 0.0712352 0.0740363 0.0740843 0.0718549 0.0678976 0.0627264 0.0567835 0.0504258 0.0439257 0.0374873 0.0312697 0.0254046 0.0200066 0.0151781 0.0110083 0.00756525 0.00487896
 0.00782471 0.0127912 0.0193992 0.0276286 0.0372185 0.0475085 0.0574117 0.0656851 0.0713785 0.0741309 0.0741287 0.0718551 0.0678633 0.0626686 0.0567132 0.0503528 0.0438554 0.0374176 0.0311893 0.0252969 0.0198588 0.0149893 0.0107935 0.00735029 0.00469027
 0.00783281 0.0128049 0.0194206 0.02766 0.0372613 0.0475628 0.0574749 0.0657524 0.0714438 0.0741887 0.0741757 0.0718906 0.0678888 0.0626866 0.0567259 0.0503617 0.0438605 0.0374165 0.031176 0.0252624 0.0197946 0.0148932 0.0106729 0.00722117 0.00457116
 0.00785913 0.0128398 0.0194588 0.0276922 0.0372775 0.047557 0.0574491 0.0657158 0.0714091 0.0741669 0.0741724 0.0719058 0.0679183 0.062725 0.0567683 0.050404 0.0438994 0.0374484 0.031196 0.0252649 0.0197742 0.0148481 0.0106073 0.00714521 0.00449736
 0.00790068 0.0129047 0.0195509 0.0278116 0.0374191 0.0477083 0.0575907 0.0658249 0.071467 0.0741663 0.0741206 0.0718208 0.067821 0.0626315 0.0566874 0.0503379 0.0438464 0.0374047 0.0311571 0.0252257 0.01973 0.0147964 0.0105491 0.00708522 0.00444216
 0.00788919 0.0128893 0.0195341 0.0277979 0.0374141 0.0477172 0.0576156 0.0658638 0.071513 0.0742095 0.0741511 0.0718324 0.0678144 0.0626137 0.0566678 0.0503244 0.0438422 0.0374083 0.031164 0.0252302 0.0197273 0.0147838 0.010527 0.00705697 0.0044129
 0.00788304 0.0128725 0.0194966 0.0277278 0.0373021 0.0475633 0.0574342 0.0656822 0.0713632 0.074117 0.0741266 0.0718708 0.0678996 0.062726 0.0567909 0.0504475 0.04396 0.0375177 0.031262 0.025313 0.0197914 0.0148271 0.0105505 0.00706457 0.00441025
 0.00789164 0.012882 0.0195023 0.0277215 0.0372728 0.0475 0.0573292 0.0655352 0.0711852 0.0739304 0.0739618 0.071757 0.0678553 0.0627536 0.0568776 0.0505726 0.0441023 0.0376606 0.0313941 0.0254273 0.0198836 0.0148955 0.0105959 0.00709051 0.00442198
 0.0079038 0.0129002 0.0195264 0.0277496 0.0373008 0.0475211 0.0573339 0.0655128 0.0711268 0.0738332 0.0738326 0.0716134 0.0677218 0.062655 0.0568307 0.0505815 0.0441583 0.0377473 0.0314936 0.0255246 0.0199684 0.0149623 0.0106434 0.00712041 0.00443826
 0.00787884 0.0128643 0.0194812 0.0276995 0.0372519 0.0474784 0.0573002 0.0654873 0.0711053 0.0738099 0.0738016 0.0715717 0.0676721 0.0626063 0.0567966 0.050575 0.0441869 0.0378093 0.0315793 0.0256199 0.0200597 0.0150397 0.0107021 0.0071604 0.00446249
 0.00784827 0.0128102 0.0193921 0.0275639 0.0370629 0.0472404 0.0570333 0.0652252 0.0708863 0.0736636 0.0737406 0.0715904 0.0677526 0.0627274 0.0569407 0.0507319 0.044352 0.0379806 0.0317526 0.0257876 0.020212 0.0151678 0.010801 0.00722988 0.00450678
 0.00781577 0.0127559 0.0193076 0.0274401 0.0368914 0.0470171 0.0567619 0.0649211 0.0705768 0.073385 0.0735305 0.0714782 0.067751 0.0628293 0.0571237 0.0509665 0.0446109 0.038243 0.0320045 0.0260191 0.0204149 0.0153358 0.0109307 0.00732222 0.00456685
 0.00779881 0.0127235 0.01925 0.0273451 0.0367478 0.0468188 0.0565123 0.0646342 0.0702749 0.073095 0.0732804 0.0712945 0.0676561 0.0628365 0.0572329 0.051163 0.0448689 0.0385322 0.0322972 0.0262933 0.0206559 0.0155346 0.0110839 0.00743174 0.00463873
 0.00777794 0.012689 0.0191968 0.0272677 0.0366402 0.0466761 0.0563321 0.0644192 0.0700345 0.072845 0.0730424 0.0710928 0.0675139 0.0627726 0.0572579 0.0512773 0.0450609 0.0387803 0.0325735 0.0265699 0.0209091 0.0157486 0.0112512 0.00755237 0.00471851
 0.00774067 0.0126302 0.0191118 0.0271534 0.036496 0.0465043 0.0561389 0.0642144 0.0698297 0.0726517 0.0728709 0.0709526 0.0674154 0.0627266 0.0572749 0.0513635 0.0452154 0.038993 0.0328253 0.0268359 0.021164 0.0159717 0.01143 0.00768343 0.00480622
 0.00933931 0.0148683 0.0218136 0.0299328 0.0388694 0.0480696 0.0567175 0.0638771 0.068813 0.071236 0.0712913 0.0693681 0.0659179 0.0613652 0.0560753 0.0503396 0.0443735 0.0383313 0.0323326 0.0264916 0.0209405 0.0158383 0.0113577 0.00764863 0.00479183
 0.0093118 0.0151196 0.0227138 0.0319417 0.0423362 0.0529632 0.0624548 0.0694186 0.0730329 0.073367 0.0711774 0.0674047 0.0627772 0.0577074 0.0523856 0.0469042 0.0413307 0.0357332 0.0301867 0.0247809 0.0196305 0.0148808 0.0106947 0.0072169 0.00452963
 0.00895613 0.0145604 0.0219295 0.0309821 0.041377 0.0523416 0.0626304 0.07081 0.07577 0.0771053 0.0751405 0.0706793 0.0646945 0.0580741 0.051454 0.0451589 0.0392585 0.0336904 0.0283761 0.0232879 0.0184691 0.0140261 0.0101013 0.00683078 0.00429577
 0.00878798 0.0142733 0.0214727 0.0303037 0.0404429 0.0511719 0.0613425 0.0696475 0.0750806 0.077245 0.0763155 0.0727993 0.0673395 0.0606317 0.0533669 0.0461366 0.0393349 0.0331254 0.0274947 0.0223569 0.0176503 0.0133866 0.00964602 0.00653225 0.00411526
 0.00872027 0.0141598 0.0212941 0.0300364 0.0400599 0.0506473 0.060663 0.0688304 0.0741983 0.0764429 0.0758049 0.0728031 0.0679942 0.061891 0.0549762 0.0477172 0.0405402 0.0337755 0.0276131 0.0221071 0.0172322 0.0129581 0.00929402 0.00628286 0.00395824
 0.00871282 0.0141421 0.0212569 0.0299663 0.0399411 0.050464 0.0604018 0.0684827 0.0737639 0.0759387 0.0752793 0.0723486 0.0677401 0.0619634 0.0554335 0.0484972 0.0414634 0.0346147 0.0281922 0.022366 0.017224 0.012795 0.0090855 0.00609939 0.00382723
 0.00867121 0.0140792 0.0211706 0.0298572 0.0398108 0.0503133 0.0602297 0.0682864 0.0735404 0.0756869 0.0750042 0.0720681 0.0674933 0.0618124 0.0554499 0.0487298 0.0419016 0.0351756 0.0287474 0.0227976 0.0174735 0.0128749 0.00905396 0.00602202 0.00375017
 0.00868058 0.0140899 0.0211788 0.0298565 0.0397946 0.0502773 0.0601735 0.0682125 0.073451 0.0755809 0.0748772 0.071916 0.06732 0.0616374 0.0553102 0.0486721 0.0419631 0.0353606 0.0290168 0.0230818 0.0177038 0.0130137 0.0091037 0.00601224 0.00371559
 0.00866523 0.0140683 0.0211522 0.0298275 0.0397657 0.0502489 0.060143 0.0681754 0.0734033 0.0755218 0.0748084 0.0718405 0.0672398 0.0615552 0.0552338 0.0486183 0.0419547 0.0354166 0.0291385 0.0232465 0.0178727 0.0131497 0.00918787 0.00604754 0.00371868
 0.00865689 0.0140537 0.0211284 0.029792 0.0397174 0.0501898 0.0600789 0.0681146 0.0733534 0.0754858 0.0747845 0.0718232 0.0672232 0.061536 0.0552126 0.0486004 0.0419504 0.0354383 0.0291948 0.023335 0.0179784 0.0132509 0.00926603 0.0060953 0.00374001
 0.00865332 0.0140484 0.0211211 0.0297826 0.0397052 0.0501736 0.060057 0.068086 0.0733186 0.0754482 0.0747486 0.0717931 0.0672006 0.0615195 0.0551998 0.0485901 0.041945 0.0354434 0.0292167 0.0233766 0.0180359 0.0133138 0.00932227 0.00613644 0.00376423
 0.0086365 0.0140226 0.0210853 0.0297369 0.0396515 0.0501149 0.0599977 0.0680311 0.0732728 0.0754147 0.0747287 0.0717867 0.0672068 0.0615367 0.0552254 0.0486213 0.0419794 0.0354805 0.0292578 0.0234233 0.0180877 0.0133669 0.00937055 0.00617449 0.00378979
 0.0086424 0.0140305 0.0210943 0.0297448 0.0396558 0.0501136 0.0599897 0.0680167 0.0732534 0.075392 0.0747046 0.0717628 0.0671845 0.0615174 0.0552105 0.0486118 0.041976 0.0354834 0.0292674 0.0234399 0.0181107 0.0133939 0.00939798 0.00619836 0.00380755
 0.00861733 0.0139955 0.021052 0.0297014 0.0396182 0.0500872 0.0599758 0.0680128 0.0732549 0.075395 0.0747073 0.0717654 0.0671883 0.0615235 0.0552195 0.0486238 0.0419908 0.035501 0.0292878 0.0234629 0.0181356 0.0134195 0.00942223 0.00621906 0.00382321
 0.00861409 0.0139845 0.0210255 0.0296499 0.0395346 0.0499723 0.0598416 0.0678808 0.0731487 0.0753314 0.074691 0.0717902 0.0672422 0.0615941 0.0552972 0.0487023 0.0420663 0.0355712 0.0293516 0.0235197 0.0181852 0.0134617 0.0094566 0.00624545 0.00384192
 0.00861409 0.0139845 0.0210255 0.0296499 0.0395346 0.0499723 0.0598416 0.0678808 0.0731487 0.0753314 0.074691 0.0717902 0.0672422 0.0615941 0.0552972 0.0487023 0.0420663 0.0355712 0.0293516 0.0235197 0.0181852 0.0134617 0.0094566 0.00624545 0.00384192
 0.00805346 0.0131024 0.0197562 0.0279615 0.0374468 0.0475766 0.0573179 0.0654884 0.0711793 0.0740371 0.0742213 0.0721639 0.0683582 0.0632688 0.057311 0.0508429 0.0441586 0.0374902 0.0310212 0.0249051 0.019282 0.0142875 0.0100447 0.00663854 0.00408648
 0.00850506 0.0137568 0.02059 0.0288946 0.0383542 0.0483154 0.0577554 0.0655258 0.0707745 0.0732243 0.0731155 0.0709394 0.0672052 0.0623432 0.0566995 0.0505543 0.0441395 0.0376554 0.0312829 0.025192 0.0195471 0.0145065 0.01021 0.00675345 0.0041601
 0.00869679 0.014124 0.0212388 0.0299403 0.0398717 0.0502705 0.0599574 0.0676439 0.0724296 0.0741129 0.0731033 0.0700838 0.0657133 0.0604978 0.0547847 0.0487969 0.0426782 0.0365377 0.0304866 0.0246566 0.019203 0.0142929 0.0100814 0.00667883 0.00411879
 0.00843333 0.0137225 0.0206909 0.0292729 0.03916 0.0496445 0.0595877 0.0676949 0.072984 0.0751076 0.074324 0.0712382 0.0665451 0.0608787 0.0547389 0.0484607 0.042227 0.0361199 0.0301872 0.0244954 0.0191544 0.0143133 0.0101305 0.00672966 0.00415867
 0.00869156 0.0140967 0.0211691 0.0298136 0.0397032 0.0501324 0.0599857 0.0680049 0.0732449 0.0753778 0.0746471 0.0716033 0.0668695 0.0610339 0.054611 0.0480108 0.0415131 0.0352702 0.0293457 0.0237721 0.0186022 0.0139332 0.00989174 0.00659155 0.00408463
 0.0087974 0.014299 0.0215258 0.0303873 0.0405343 0.0512023 0.0611932 0.0691796 0.0742023 0.0759891 0.0748828 0.0715254 0.0665811 0.0606191 0.0541015 0.0473943 0.0407722 0.0344216 0.0284521 0.0229213 0.0178732 0.0133697 0.00949718 0.00633999 0.003938
 0.00875591 0.0142341 0.021436 0.0302812 0.0404385 0.0511666 0.0612851 0.0694612 0.0746951 0.076647 0.0755964 0.072163 0.0670418 0.0608639 0.0541454 0.0472742 0.0405197 0.0340592 0.0280065 0.0224358 0.017403 0.0129652 0.00918761 0.00612865 0.00380882
#pred catch len freq
 0.00420309 0.00669132 0.00984014 0.0136034 0.017952 0.0228444 0.0281581 0.0336648 0.0390775 0.04412 0.0485712 0.0522852 0.0552012 0.0573362 0.0587562 0.0595404 0.0597572 0.0594453 0.0585747 0.0569818 0.0543293 0.0501799 0.0442311 0.036615 0.0280407
 0.00449066 0.00706301 0.010226 0.0138885 0.0180197 0.0226379 0.027722 0.0331326 0.038606 0.0438113 0.0484301 0.0522344 0.0551395 0.0572016 0.0585623 0.0593708 0.0597233 0.0596254 0.0589641 0.0574816 0.0547849 0.0504514 0.0442571 0.0364307 0.0277452
 0.00471737 0.00743667 0.0107905 0.0146684 0.0189928 0.0237072 0.0287113 0.0338307 0.0388543 0.0435837 0.0478465 0.0514913 0.054406 0.0565556 0.0579996 0.058865 0.0592781 0.0592804 0.0587572 0.0574036 0.0547664 0.0503958 0.0440946 0.0361559 0.0274111
 0.00495427 0.00780795 0.0113267 0.0153966 0.0199397 0.0248956 0.0301393 0.0354369 0.0404879 0.0450129 0.0488217 0.0518425 0.0541147 0.055751 0.0568839 0.0576242 0.0580368 0.0581081 0.0576912 0.0564586 0.0539311 0.049638 0.0433852 0.0354928 0.0268223
 0.00524148 0.00825392 0.0119599 0.0162326 0.020984 0.0261465 0.0315881 0.0370616 0.0422421 0.0468083 0.0505117 0.0532248 0.0549727 0.055926 0.0563406 0.0564644 0.0564519 0.0563063 0.0558417 0.0546732 0.0522721 0.0481375 0.0420638 0.0343717 0.0259231
 0.00552497 0.00870119 0.0126084 0.0171105 0.0221081 0.027519 0.0331898 0.0388471 0.0441412 0.0487329 0.0523591 0.0548736 0.056277 0.0567233 0.0564844 0.0558747 0.0551554 0.0544375 0.0536031 0.0522789 0.0499064 0.0459404 0.040135 0.0327765 0.0246916
 0.00582509 0.00916788 0.0132728 0.0179917 0.0232159 0.0288562 0.0347486 0.0406005 0.0460357 0.0506867 0.0542676 0.0566189 0.057735 0.0577673 0.0569885 0.0557273 0.0542894 0.0528654 0.0514354 0.0497105 0.0471765 0.0432855 0.0377519 0.0307992 0.0231806
 0.00614976 0.00967479 0.0139976 0.0189561 0.0244277 0.0303091 0.0364185 0.042441 0.0479786 0.052648 0.0561541 0.0583318 0.0591727 0.0588267 0.0575665 0.0557249 0.0536243 0.0514974 0.0493983 0.0471341 0.0442806 0.0403423 0.0350285 0.0285013 0.0214153
 0.00648626 0.0101983 0.0147429 0.0199428 0.0256621 0.0317847 0.0381119 0.0443053 0.0499413 0.0546154 0.0580223 0.0599977 0.0605424 0.0598179 0.0581045 0.0557374 0.0530417 0.0502674 0.0475159 0.044675 0.0414204 0.0373404 0.0321752 0.0260455 0.0195053
 0.0068232 0.0107272 0.0155044 0.0209643 0.0269559 0.0333452 0.0399082 0.0462759 0.0519955 0.056644 0.0599105 0.0616372 0.0618401 0.0607001 0.0585155 0.0556325 0.0523801 0.049015 0.045664 0.042274 0.0386091 0.0343494 0.0292868 0.0235225 0.0175195
 0.00714132 0.0112294 0.0162334 0.0219527 0.0282243 0.0348973 0.0417218 0.0482933 0.0541224 0.0587575 0.061875 0.0633224 0.0631369 0.0615305 0.0588327 0.0554127 0.0516109 0.0476901 0.0437926 0.0399055 0.0358639 0.0314304 0.0264537 0.0210287 0.0155405
 0.00739892 0.0116435 0.0168487 0.0228103 0.0293573 0.0363224 0.0434268 0.050228 0.0561971 0.0608519 0.0638517 0.065043 0.0644781 0.062398 0.0591683 0.0551912 0.0508319 0.0463684 0.0419591 0.0376225 0.0332477 0.0286647 0.0237722 0.0186629 0.0136553
 0.00765648 0.0120487 0.0174348 0.0236036 0.0303774 0.0375815 0.0449229 0.0519343 0.0580539 0.0627649 0.065699 0.0666897 0.0657955 0.0632806 0.0595445 0.0550251 0.0501183 0.0451267 0.0402316 0.0354822 0.0308128 0.0261071 0.0213021 0.0164866 0.0119198
 0.00798002 0.0125379 0.0181039 0.0244453 0.0313712 0.0387054 0.04616 0.053269 0.0594624 0.0642066 0.0671119 0.0679913 0.0668899 0.0640708 0.0599459 0.0549765 0.0495875 0.0441123 0.0387647 0.0336306 0.0286891 0.0238695 0.0191395 0.0145804 0.0103984
 0.00832733 0.0130658 0.0188297 0.02536 0.0324431 0.0398868 0.047393 0.0544913 0.0606164 0.06525 0.0680218 0.0687574 0.0674996 0.0644969 0.0601431 0.0548887 0.0491619 0.0433142 0.0375909 0.0321206 0.0269317 0.0220004 0.0173227 0.0129736 0.00911322
 0.00854963 0.013433 0.0193921 0.026165 0.0335219 0.0412347 0.0489512 0.0561447 0.0622145 0.0666436 0.0690982 0.0694605 0.0678296 0.0644925 0.0598553 0.0543565 0.0484005 0.0423199 0.0363588 0.0306681 0.0253159 0.0203231 0.0157148 0.0115638 0.00799201
 0.0087283 0.0137125 0.0197948 0.0267108 0.0342325 0.0421349 0.0500615 0.0574615 0.0636877 0.0681633 0.0705068 0.0705896 0.0685484 0.0647427 0.0596551 0.0537765 0.0475263 0.0412236 0.0350907 0.029268 0.0238346 0.0188361 0.014319 0.0103558 0.00703907
 0.00884644 0.0138885 0.0200308 0.027001 0.0345686 0.0425159 0.0504992 0.0579814 0.0643195 0.0689252 0.0713845 0.0715215 0.0694274 0.0654405 0.0600609 0.0538295 0.0472261 0.0406163 0.0342439 0.0282533 0.0227239 0.0177063 0.0132527 0.00942999 0.00630674
