SBPRF35
10.1265
Curr Bio
680866
B35
764245
F35
0.187536
FOFL
0.1643
OFL
89172
Bzero
2.89329e+006
#pred survey bio
 4.10875e+006 3.9364e+006 3.76816e+006 3.55216e+006 3.29033e+006 3.02289e+006 2.72072e+006 2.45322e+006 2.18968e+006 1.94993e+006 1.71207e+006 1.51648e+006 1.33313e+006 1.1742e+006 1.04709e+006 930832 839698 762916 710145 664936 624397 601546 589806 567421 563009 549806 545368 546318 535058 532722 536467 547096 548746 547071 543900 536220 539631 529561 526982 542135 549174 545425 544771 552342 562983 568174 577547 573305 581317 564778 572458 619024 596543 610653 625321 658157 678408 687074 2.38035e+007 1.44656e+007 1.48703e+007 1.56917e+007 1.67552e+007 1.78701e+007 1.89075e+007 1.98023e+007 2.05357e+007 2.11161e+007 2.15644e+007 2.19052e+007 2.21615e+007 2.23532e+007 2.24961e+007 2.26027e+007 2.26823e+007 2.2742e+007 2.27869e+007 2.28209e+007 2.28468e+007 2.28665e+007 2.28817e+007 2.28934e+007 2.29025e+007 2.29095e+007 2.2915e+007 2.29193e+007 2.29227e+007 2.29254e+007 2.29275e+007 2.29291e+007 2.29304e+007 2.29315e+007 2.29323e+007 2.2933e+007 2.29335e+007 2.29339e+007 2.29342e+007 2.29345e+007 2.29347e+007 2.29349e+007 2.2935e+007 2.29351e+007 2.29352e+007 2.29353e+007 2.29353e+007 2.29354e+007 2.29354e+007 2.29354e+007 2.29354e+007 2.29355e+007 2.29355e+007 2.29355e+007 2.29355e+007 2.29355e+007 2.29355e+007 2.29355e+007 2.29355e+007 2.29355e+007 2.29355e+007 2.29355e+007 2.29355e+007 2.29355e+007 2.29355e+007 2.29355e+007 2.29355e+007 2.29355e+007 2.29355e+007 2.29355e+007 2.29355e+007 2.29355e+007 2.29355e+007 2.29355e+007 2.29355e+007 2.29355e+007 2.29355e+007 2.29355e+007 2.29355e+007 2.29355e+007 2.29355e+007 2.29355e+007 2.29355e+007 2.29355e+007 2.29355e+007 2.29355e+007 2.29355e+007 2.29355e+007 2.29355e+007 2.29355e+007 2.29355e+007 2.29355e+007 2.29355e+007 2.29355e+007 2.29355e+007 2.29355e+007 2.29355e+007 2.29355e+007 2.29355e+007 2.29355e+007 0 0 0 0 0 0 0 0 0 0 0 0 0 0 0 0 0 0 0 0 0 0 0 0 0
#obs survey bio
 3.6244e+006 3.59681e+006 3.52109e+006 3.9128e+006 2.61229e+006 2.76939e+006 3.56453e+006 2.09129e+006 1.63831e+006 2.03621e+006 1.47854e+006 1.26257e+006 1.13595e+006 1.12055e+006 998671 702910 701105 612185 702091 549831 630277 482858 530394 794436 440859 456396 369614 459979 405074 427369 384938 706208 553298 760874 540789 557863 650745 716004 303305 602461 621566 716954 617476 539464 533378 646178 828586 635094 724714 434257 630532 515908 590778 475547 462268 557519 673858 842336
#pred catch bio
 108064 106368 157398 212658 235842 288394 278499 295571 292754 306540 280789 278265 261129 234559 224358 200932 186226 162486 152221 143722 124869 113068 119517 102073 108030 99913.3 96034.8 106546 98695.1 93615.2 87942.5 94613.6 94910.1 92576.2 92487 82056.9 95941.7 92823 80931.7 89230 97517 93600.3 86507.2 84880 90222.8 86981.8 98135.4 87228.8 107132 86232.9 56246.3 116277 86245.4 89667.9 78666.2 92890.7 103693 114656 89172 101762 103519 108097 114856 122148 128897 134613 139179 142675 145270 147152 148492 149432 150084 150533 150840 151048 151188 151283 151346 151389 151417 151436 151449 151457 151463 151467 151469 151471 151472 151473 151473 151473 151474 151474 151474 151474 151474 151474 151474 151474 151474 151474 151474 151474 151474 151474 151474 151474 151474 151474 151474 151474 151474 151474 151474 151474 151474 151474 151474 151474 151474 151474 151474 151474 151474 151474 151474 151474 151474 151474 151474 151474 151474 151474 151474 151474 151474 151474 151474 151474 151474 151474 151474 151474 151474 151474 151474 151474 151474 151474 151474 151474 151474 151474 151474 151474 151474 151474 0 0 0 0 0 0 0 0 0 0 0 0 0 0 0 0 0 0 0 0 0 0 0 0 0
#obs catch bio
 0 106119 157953 213506 236973 291267 280383 299011 296095 311017 285214 283316 266605 238570 226906 203259 189077 165396 154198 146084 126097 114390 120882 102623 108889 100301 97061.8 108186 100292 95374.1 89159 96165 96187.3 93571.4 93059.4 81973.2 96130.3 92557.6 81072.3 89071.3 97001.4 92965.6 85760.9 84473.1 90189.9 86457.6 97650.5 86510.1 106149 85859.7 55431.4 116457 85700 89815.9 78655.1 93236.4 103912 114754
#pred cpue bio
 4.05021e+006 3.8809e+006 3.71497e+006 3.50004e+006 3.23921e+006 2.97269e+006 2.67191e+006 2.40554e+006 2.14327e+006 1.90475e+006 1.66857e+006 1.47446e+006 1.29293e+006 1.136e+006 1.01084e+006 896514 806819 731509 680136 636452 597380 575437 564228 542677 538606 525859 521336 521983 510902 508623 512415 523037 525143 524185 521962 515166 518063 506906 503372 518004 525336 522128 521691 529023 539249 544318 553589 549613 557556 541492 548818 594154 572133 585217 598848 630509 650266 659002 2.28575e+007 1.39081e+007 1.42146e+007 1.49203e+007 1.59413e+007 1.70457e+007 1.8081e+007 1.89753e+007 1.97086e+007 2.0289e+007 2.07374e+007 2.10781e+007 2.13345e+007 2.15261e+007 2.1669e+007 2.17756e+007 2.18552e+007 2.19149e+007 2.19599e+007 2.19939e+007 2.20197e+007 2.20395e+007 2.20546e+007 2.20663e+007 2.20754e+007 2.20825e+007 2.2088e+007 2.20923e+007 2.20956e+007 2.20983e+007 2.21004e+007 2.21021e+007 2.21034e+007 2.21044e+007 2.21052e+007 2.21059e+007 2.21064e+007 2.21068e+007 2.21072e+007 2.21074e+007 2.21076e+007 2.21078e+007 2.21079e+007 2.2108e+007 2.21081e+007 2.21082e+007 2.21082e+007 2.21083e+007 2.21083e+007 2.21084e+007 2.21084e+007 2.21084e+007 2.21084e+007 2.21084e+007 2.21084e+007 2.21084e+007 2.21084e+007 2.21084e+007 2.21084e+007 2.21085e+007 2.21085e+007 2.21085e+007 2.21085e+007 2.21085e+007 2.21085e+007 2.21085e+007 2.21085e+007 2.21085e+007 2.21085e+007 2.21085e+007 2.21085e+007 2.21085e+007 2.21085e+007 2.21085e+007 2.21085e+007 2.21085e+007 2.21085e+007 2.21085e+007 2.21085e+007 2.21085e+007 2.21085e+007 2.21085e+007 2.21085e+007 2.21085e+007 2.21085e+007 2.21085e+007 2.21085e+007 2.21085e+007 2.21085e+007 2.21085e+007 2.21085e+007 2.21085e+007 2.21085e+007 2.21085e+007 2.21085e+007 2.21085e+007 2.21085e+007 2.21085e+007 2.21085e+007 2.21085e+007 0 0 0 0 0 0 0 0 0 0 0 0 0 0 0 0 0 0 0 0 0 0 0 0 0
#obs cpue bio
 3.29859e+006 3.13149e+006 2.16553e+006 4.38229e+006 2.3504e+006 2.6375e+006 2.13401e+006 1.90185e+006 2.52724e+006 1.5553e+006 1.29092e+006 1.43318e+006 1.02192e+006 1.10998e+006 1.36189e+006 932432 672885 550368 749296 527098 636868 474548 685511 381368 634197 675145 379167 482037 427294 385338 675808 322655 513323 371377 717524 645815 452414 523570 493789 732301 676914 475577 591288 430382 456954 704717 467969 542975 738722 556733 742448 519473 576334 519580 664887 659252 731428 653819
#pred surv len freq
 0.00478639 0.00779091 0.0117627 0.0166951 0.0224765 0.0288088 0.0351808 0.0409936 0.0457857 0.0493848 0.051885 0.0535154 0.0545188 0.0550899 0.0553551 0.0553716 0.0551403 0.0546171 0.0536991 0.0521781 0.0497088 0.0458755 0.0404013 0.0334135 0.0255652
 0.00500332 0.00805263 0.0119931 0.0167792 0.0223064 0.0283477 0.0345041 0.0402709 0.0452039 0.0490582 0.0518083 0.0535849 0.0546017 0.0550986 0.055287 0.0553038 0.0551846 0.0548588 0.0541458 0.0527462 0.0502563 0.0462668 0.0405673 0.0333726 0.0253979
 0.0052004 0.00838292 0.0125012 0.0174938 0.0232117 0.0293536 0.0354409 0.0409329 0.0454365 0.0488375 0.0512534 0.0528877 0.053924 0.0545086 0.0547716 0.0548293 0.0547512 0.0545075 0.0539216 0.0526516 0.0502353 0.0462317 0.0404493 0.0331582 0.0251275
 0.00540128 0.00870618 0.0129831 0.0181693 0.0241107 0.0304897 0.0367899 0.0424084 0.0468794 0.0500386 0.0520136 0.0530928 0.0535895 0.0537622 0.0537849 0.0537478 0.0536663 0.053471 0.0529684 0.0518034 0.0494914 0.0455685 0.0398397 0.0325948 0.0246292
 0.00564144 0.00909071 0.013551 0.0189539 0.0251344 0.031757 0.0382778 0.0440602 0.0486045 0.0517136 0.0534858 0.0541921 0.0541625 0.0537204 0.0531409 0.0526119 0.052203 0.0518453 0.0513111 0.0502038 0.0480044 0.0442267 0.0386642 0.0316041 0.0238392
 0.00586124 0.00944872 0.0140913 0.0197181 0.0261551 0.0330454 0.0398116 0.045779 0.0504171 0.0535128 0.0551581 0.055619 0.0552179 0.0542792 0.0531052 0.0519461 0.0509567 0.0501457 0.0493288 0.0481118 0.0459509 0.0423263 0.0370003 0.0302315 0.0227821
 0.00616161 0.00992467 0.0147851 0.0206626 0.0273696 0.0345298 0.0415369 0.0476818 0.0524033 0.0554706 0.056972 0.0571792 0.0564219 0.0550302 0.053313 0.0515391 0.0499053 0.0484876 0.0471782 0.0456456 0.0433767 0.0398477 0.0347876 0.028402 0.0213878
 0.00644847 0.0103836 0.015462 0.0215952 0.0285809 0.0360181 0.0432656 0.0495766 0.0543633 0.0573872 0.0587443 0.0587185 0.0576486 0.0558669 0.0536819 0.0513645 0.0491275 0.047086 0.0451981 0.0432135 0.0406924 0.0371508 0.0323104 0.0263214 0.0197943
 0.0067474 0.0108647 0.016177 0.0225887 0.0298826 0.0376296 0.0451465 0.0516396 0.0564857 0.0594343 0.0605927 0.0602695 0.0588297 0.0566257 0.0539743 0.051146 0.0483526 0.0457228 0.043256 0.0407735 0.0379219 0.0342885 0.029618 0.0240201 0.0180126
 0.00701481 0.0112983 0.0168277 0.0235039 0.0310978 0.0391556 0.0469544 0.0536538 0.0585924 0.0615002 0.0624858 0.0618747 0.0600568 0.0574114 0.0542777 0.0509391 0.0476115 0.0444291 0.0414144 0.0384414 0.0352357 0.031464 0.0269137 0.0216726 0.0161732
 0.00732945 0.0118016 0.0175699 0.0245269 0.0324282 0.0407937 0.0488617 0.0557474 0.0607527 0.0635911 0.0643749 0.0634471 0.0612227 0.0581083 0.0544686 0.0506061 0.0467484 0.0430374 0.0395123 0.0360859 0.0325485 0.0286408 0.0241985 0.0192989 0.0142992
 0.0075752 0.0122009 0.0181705 0.0253732 0.0335534 0.0422068 0.0505338 0.0576067 0.0626939 0.0654939 0.0661224 0.0649359 0.0623673 0.0588421 0.0547442 0.0503939 0.046034 0.0418211 0.0378148 0.0339635 0.030113 0.0260679 0.0217083 0.0171069 0.0125565
 0.00778099 0.0125436 0.0187014 0.0261452 0.0346101 0.0435652 0.0521672 0.059438 0.0646067 0.0673555 0.0678063 0.066337 0.0634073 0.0594691 0.054928 0.0501199 0.0452984 0.0406302 0.0361919 0.0319635 0.0278391 0.0236787 0.0194015 0.0150761 0.010939
 0.00798167 0.0128651 0.0191775 0.0268063 0.035481 0.044659 0.0534761 0.060925 0.0662033 0.068967 0.0693235 0.0676503 0.0644217 0.0601146 0.0551632 0.0499277 0.0446787 0.0395955 0.0347697 0.0302071 0.0258421 0.0215812 0.0173761 0.0132915 0.00951534
 0.00823537 0.0132544 0.0197207 0.0275061 0.0363268 0.0456312 0.0545473 0.0620602 0.0673613 0.0701031 0.0703906 0.0685974 0.0651922 0.0606493 0.0554074 0.0498392 0.0442332 0.0387888 0.0336195 0.0287593 0.024179 0.0198243 0.0156734 0.0117873 0.00831266
 0.00853588 0.0137302 0.0204114 0.0284359 0.0374956 0.0470033 0.0560435 0.0635638 0.0687425 0.0712536 0.0712481 0.069148 0.065454 0.0606494 0.0551651 0.04936 0.0435124 0.0378212 0.0324118 0.0273422 0.0226166 0.0182157 0.0141408 0.0104487 0.00725047
 0.00867379 0.0139683 0.0207949 0.0290149 0.0383123 0.0480727 0.0573348 0.0649929 0.0701849 0.0725707 0.0723172 0.0698855 0.0658264 0.0606698 0.0548768 0.0488147 0.0427528 0.036875 0.0312985 0.0260881 0.0212696 0.0168512 0.0128538 0.00933208 0.00636824
 0.00871381 0.0140462 0.0209372 0.0292573 0.0386954 0.0486328 0.058091 0.0659367 0.0712726 0.0737234 0.0734284 0.0708393 0.0665209 0.0610396 0.0549033 0.0485217 0.0421895 0.0360974 0.0303578 0.0250312 0.0201478 0.0157284 0.0118045 0.00842732 0.00565639
 0.00871307 0.0140392 0.0209175 0.0292194 0.0386416 0.048582 0.0580837 0.06603 0.0715241 0.0741689 0.0740631 0.0716108 0.0673378 0.0617912 0.0554864 0.0488631 0.042258 0.0359016 0.0299344 0.0244329 0.019436 0.014971 0.0110715 0.00778162 0.0051412
 0.00873215 0.0140686 0.020958 0.0292695 0.0386964 0.0486333 0.0581231 0.0660546 0.0715451 0.0742154 0.0741773 0.0718312 0.0676781 0.0622262 0.0559526 0.0492762 0.0425379 0.035994 0.0298223 0.0241353 0.0189994 0.014458 0.0105489 0.00730853 0.00475793
 0.00886355 0.0142578 0.0211975 0.0295366 0.0389598 0.048863 0.058298 0.0661648 0.0715896 0.074201 0.07412 0.0717584 0.0676252 0.0622254 0.0560177 0.0493913 0.0426588 0.0360633 0.0297908 0.0239795 0.0187287 0.0141092 0.0101737 0.00695787 0.00446863
 0.0089382 0.0143679 0.0213417 0.0297044 0.0391319 0.0490145 0.0584024 0.0662001 0.0715459 0.0740868 0.0739618 0.0715938 0.0674922 0.0621535 0.0560224 0.0494703 0.0427902 0.0362076 0.0299007 0.0240151 0.0186716 0.0139685 0.00998063 0.00675242 0.00428549
 0.00887768 0.0142827 0.0212376 0.0295946 0.0390325 0.0489373 0.0583498 0.0661648 0.0715153 0.07405 0.0739162 0.0715475 0.0674624 0.0621612 0.0560847 0.0495942 0.0429674 0.0364148 0.030103 0.0241755 0.0187628 0.0139825 0.00993046 0.006665 0.00419003
 0.0089596 0.0144021 0.021392 0.0297738 0.0392225 0.0491259 0.0585295 0.0663304 0.0716587 0.0741555 0.0739631 0.0715178 0.0673511 0.0619823 0.055869 0.0493794 0.0427857 0.0362828 0.0300182 0.0241203 0.0187141 0.0139228 0.00985464 0.00657999 0.0041086
 0.00900203 0.0144523 0.021433 0.0297785 0.0391617 0.0489807 0.0583027 0.06605 0.0713709 0.0739121 0.0738052 0.0714648 0.0673967 0.0621002 0.0560259 0.049548 0.0429515 0.0364414 0.0301679 0.0242553 0.0188245 0.0139991 0.00989349 0.00658693 0.00409532
 0.00923698 0.0148026 0.0218999 0.0303386 0.0397686 0.0495717 0.0588064 0.0663972 0.0715102 0.0738263 0.0735199 0.0710406 0.0669088 0.0616152 0.0555876 0.0491753 0.0426461 0.0361974 0.0299779 0.0241119 0.0187185 0.01392 0.00983175 0.00653648 0.00405407
 0.00932357 0.0149493 0.0221303 0.0306747 0.0402214 0.0501282 0.0594199 0.0669896 0.07199 0.0741151 0.0735752 0.0708656 0.066547 0.0611355 0.0550643 0.0486708 0.0422008 0.0358289 0.0296872 0.0238907 0.018555 0.0138017 0.00974712 0.00647628 0.00401172
 0.00924356 0.0148412 0.0220093 0.0305709 0.0401747 0.0501776 0.0595918 0.0672877 0.0723897 0.0745635 0.074 0.0711926 0.0667221 0.0611403 0.054919 0.0484233 0.0419082 0.0355408 0.0294359 0.0236899 0.0184048 0.0136946 0.00967333 0.00642653 0.00397883
 0.00926253 0.0148727 0.0220583 0.0306444 0.0402818 0.05033 0.0598014 0.0675627 0.0727281 0.0749469 0.0743906 0.0715373 0.0669633 0.0612318 0.0548405 0.0481875 0.0415572 0.0351323 0.0290271 0.0233241 0.0181057 0.0134682 0.00951312 0.00632011 0.00391235
 0.00919151 0.0147648 0.0219108 0.0304606 0.0400725 0.050113 0.0596023 0.0674135 0.072663 0.0749942 0.0745633 0.0718248 0.0673293 0.0616199 0.0551872 0.04844 0.041688 0.0351453 0.0289509 0.0231994 0.0179703 0.013348 0.00942021 0.0062556 0.00387144
 0.00909378 0.014609 0.0216825 0.0301506 0.0396806 0.0496536 0.0591087 0.0669374 0.0722658 0.0747336 0.0744802 0.0719356 0.0676231 0.0620591 0.0557127 0.0489815 0.0421791 0.0355386 0.0292275 0.0233673 0.0180553 0.0133807 0.00942626 0.00625163 0.00386577
 0.00882238 0.0142039 0.02114 0.0294907 0.0389415 0.0488811 0.0583505 0.0662424 0.0716853 0.0743195 0.0742781 0.0719757 0.067912 0.0625749 0.0564055 0.0497799 0.0430015 0.0363082 0.0298865 0.0238857 0.0184315 0.0136339 0.00958546 0.00634569 0.00391818
 0.00860719 0.0138692 0.020666 0.0288729 0.038195 0.0480454 0.0574905 0.0654412 0.0710265 0.0738649 0.0740565 0.0719863 0.0681377 0.0629926 0.0569873 0.0504873 0.0437819 0.0370982 0.0306221 0.0245163 0.0189292 0.0139959 0.00982847 0.00649659 0.00400498
 0.00832604 0.0134435 0.020084 0.0281447 0.0373497 0.0471255 0.0565496 0.0645441 0.070246 0.073273 0.0737099 0.0719153 0.0683409 0.0634415 0.0576356 0.0512806 0.0446622 0.0380048 0.031494 0.0252977 0.0195795 0.0144962 0.0101834 0.00672821 0.00414379
 0.00830923 0.0133734 0.0199012 0.0277725 0.0367195 0.0462135 0.0554053 0.0632893 0.0690403 0.072265 0.0730029 0.0715573 0.0683347 0.063758 0.0582247 0.0520781 0.0455957 0.0389991 0.0324761 0.0262027 0.0203565 0.0151154 0.010639 0.00703621 0.00433435
 0.00907189 0.0144513 0.0212208 0.0291559 0.0379246 0.0470059 0.0556238 0.0628807 0.0680619 0.0708669 0.0713946 0.0699634 0.0669463 0.0626998 0.0575461 0.0517662 0.0455965 0.0392368 0.0328668 0.0266645 0.0208181 0.0155233 0.0109625 0.00726762 0.00448371
 0.00957898 0.0152737 0.0224452 0.030836 0.0400394 0.0494109 0.0580266 0.0648809 0.0692654 0.071026 0.0704965 0.0682203 0.0647057 0.0603291 0.0553449 0.0499244 0.0441942 0.038268 0.0322714 0.0263559 0.0207049 0.015524 0.0110141 0.00732913 0.00453442
 0.00959369 0.015381 0.0227611 0.0315205 0.0412557 0.0512569 0.0604652 0.0677051 0.0721168 0.0734661 0.072112 0.0687339 0.0640562 0.0586852 0.053043 0.0473596 0.0417149 0.0361116 0.0305509 0.0250831 0.0198268 0.0149578 0.0106728 0.0071369 0.00443327
 0.00930853 0.0149658 0.0222323 0.0309404 0.0407368 0.0509555 0.0605614 0.0683602 0.0734094 0.0753272 0.0742985 0.0708709 0.065741 0.0596132 0.0530992 0.0466393 0.0404682 0.0346457 0.0291347 0.023891 0.0189292 0.0143448 0.0102903 0.00691811 0.00431831
 0.00894851 0.0143966 0.0214091 0.029842 0.0393818 0.0494236 0.0590108 0.0670236 0.0725537 0.0751827 0.0749814 0.0723283 0.0677428 0.061802 0.0550903 0.0481346 0.0413369 0.0349362 0.0290191 0.0235775 0.0185877 0.0140721 0.0101146 0.00682505 0.00427892
 0.00884105 0.014208 0.0210992 0.0293646 0.0386946 0.0485064 0.0578866 0.065773 0.0713163 0.0741424 0.0743352 0.0722399 0.0682885 0.0629275 0.0566052 0.0497585 0.0427867 0.0360156 0.0296675 0.0238582 0.0186305 0.0140075 0.0100324 0.00676586 0.0042487
 0.0088965 0.0142869 0.0211953 0.0294599 0.0387577 0.0484929 0.0577441 0.0654527 0.0707929 0.0734363 0.0735278 0.071469 0.067719 0.062703 0.0567937 0.0503191 0.0435765 0.0368404 0.0303554 0.0243165 0.018859 0.0140696 0.0100085 0.00671813 0.00420905
 0.00904595 0.0145001 0.0214606 0.0297468 0.0390238 0.0486957 0.0578489 0.0654346 0.0706333 0.0731228 0.0730624 0.0708819 0.0670799 0.0621174 0.0563786 0.0501618 0.0436965 0.037177 0.0307915 0.0247284 0.0191638 0.0142448 0.0100793 0.00672823 0.00419596
 0.00907646 0.0145549 0.0215514 0.029884 0.0392099 0.0489164 0.0580695 0.0656048 0.0707029 0.0730592 0.0728592 0.0705573 0.0666699 0.0616723 0.0559622 0.0498449 0.0435381 0.0371995 0.030967 0.0249879 0.0194276 0.0144543 0.0102129 0.00679591 0.00422139
 0.00894613 0.01437 0.0213236 0.0296428 0.0389959 0.0487694 0.0580164 0.0656515 0.0708323 0.0732334 0.0730291 0.0706763 0.066708 0.0616253 0.0558524 0.0497152 0.04344 0.0371772 0.0310401 0.0251433 0.0196252 0.0146467 0.0103656 0.00689681 0.00427729
 0.00888387 0.0142676 0.0211687 0.0294269 0.0387212 0.0484559 0.057706 0.0654015 0.0706971 0.073243 0.0731748 0.0709133 0.0669729 0.061858 0.0560154 0.049802 0.0434725 0.0371935 0.031077 0.0252206 0.0197396 0.0147769 0.0104857 0.00698903 0.00433708
 0.00878532 0.0141147 0.0209523 0.0291431 0.0383716 0.0480494 0.0572612 0.0649514 0.0702894 0.0729342 0.0730169 0.0709366 0.0671725 0.062193 0.0564213 0.0502134 0.0438432 0.0375058 0.0313373 0.0254455 0.0199416 0.0149577 0.0106386 0.00710653 0.00441744
 0.00880609 0.0141458 0.0209936 0.0291919 0.0384217 0.048091 0.0572808 0.0649334 0.0702206 0.0728101 0.0728477 0.0707493 0.0670043 0.0620785 0.0563787 0.0502379 0.0439121 0.0375918 0.0314215 0.0255218 0.0200123 0.0150257 0.0107024 0.0071616 0.00445947
 0.00875581 0.0140616 0.0208629 0.029003 0.0381682 0.0477775 0.0569277 0.0645752 0.0698974 0.0725563 0.0726836 0.0706803 0.0670267 0.0621854 0.0565625 0.0504873 0.0442089 0.0379103 0.0317338 0.0258051 0.0202533 0.0152202 0.0108522 0.00727084 0.00453381
 0.00898704 0.0144108 0.0213376 0.029589 0.0388302 0.0484616 0.0575659 0.0650929 0.0702275 0.0726563 0.0725473 0.070337 0.0665307 0.0616018 0.0559551 0.0499109 0.0437033 0.0374974 0.0314177 0.0255767 0.0200969 0.015119 0.0107913 0.00723775 0.00451827
 0.00902402 0.0144668 0.0214142 0.029685 0.0389416 0.0485823 0.0576877 0.0652054 0.0703183 0.0727122 0.0725573 0.0702952 0.0664385 0.0614685 0.0557969 0.0497479 0.0435557 0.0373813 0.0313414 0.0255397 0.0200913 0.0151335 0.0108148 0.00726191 0.00453842
 0.00878523 0.0140879 0.0208628 0.028942 0.0380101 0.0474993 0.0565333 0.0640986 0.0693947 0.0720898 0.0723062 0.0704249 0.0669031 0.0621848 0.056667 0.0506794 0.044475 0.0382384 0.0321069 0.0261983 0.0206365 0.0155648 0.0111376 0.00748814 0.00468542
 0.00929017 0.0148475 0.0218895 0.0301997 0.0394163 0.0489339 0.0578494 0.0651404 0.0700269 0.0722339 0.0719648 0.0696784 0.065882 0.0610314 0.0555037 0.0495929 0.0435147 0.0374246 0.0314422 0.0256757 0.0202431 0.0152838 0.0109487 0.00736966 0.0046166
 0.00930323 0.0148987 0.0220204 0.0304638 0.0398603 0.0495712 0.0586382 0.065983 0.0707943 0.0728035 0.0722531 0.0696578 0.0655795 0.0605155 0.0548642 0.0489189 0.0428778 0.0368701 0.03099 0.0253269 0.0199881 0.0151075 0.0108345 0.007301 0.0045787
 0.00923179 0.0147971 0.0218965 0.0303399 0.0397742 0.0495727 0.0587806 0.066306 0.0713016 0.0734462 0.072932 0.0702489 0.0659741 0.060654 0.0547489 0.048604 0.0424448 0.0364014 0.0305503 0.0249552 0.0196996 0.0148999 0.0106957 0.00721499 0.00452959
 0.0089877 0.0144239 0.0213802 0.0296868 0.0390135 0.0487584 0.0579927 0.0656467 0.0708794 0.0733483 0.0731943 0.070838 0.06679 0.0615567 0.0555988 0.0492999 0.0429441 0.0367161 0.0307256 0.0250442 0.0197454 0.0149287 0.010719 0.00723541 0.00454629
 0.00875297 0.0140736 0.0209114 0.0291173 0.0383772 0.0480966 0.057349 0.0650669 0.0704133 0.0730482 0.0731083 0.0709983 0.0671981 0.0621729 0.0563431 0.0500695 0.0436417 0.037277 0.0311292 0.0253079 0.0199057 0.0150235 0.0107763 0.0072719 0.00457018
 0.00829351 0.0134036 0.0200463 0.0281228 0.037352 0.0471441 0.0565527 0.0644804 0.070061 0.0729309 0.0732105 0.0712974 0.0676723 0.0628007 0.0570951 0.0508984 0.0444821 0.0380573 0.0317916 0.0258233 0.0202763 0.0152729 0.0109359 0.00737021 0.00462873
#obs surv len freq
 nan nan nan nan nan nan nan nan nan nan nan nan nan nan nan nan nan nan nan nan nan nan nan nan nan
 0.00448279 0.0073436 0.0111735 0.0159906 0.021693 0.0279708 0.0342871 0.0400199 0.0447 0.0481633 0.0505199 0.052014 0.0529045 0.0534152 0.0537281 0.053982 0.0542598 0.0545521 0.0546905 0.0542823 0.0527203 0.0493527 0.0438028 0.0362834 0.0276677
 0.0046184 0.00756441 0.0115062 0.0164594 0.0223137 0.0287422 0.035182 0.0409822 0.0456517 0.0490197 0.051205 0.0524722 0.0531064 0.0533586 0.0534341 0.053487 0.0536072 0.0537846 0.0538474 0.0534005 0.0518389 0.0485147 0.043053 0.0356596 0.027191
 0.00477896 0.00782891 0.0119106 0.0170392 0.0230963 0.0297356 0.0363621 0.0422887 0.0469949 0.0502959 0.0523128 0.0533243 0.0536374 0.0535309 0.0532404 0.0529491 0.0527695 0.052706 0.052594 0.0520428 0.0504523 0.0471801 0.0418507 0.0346559 0.0264224
 0.00496603 0.00813475 0.0123743 0.0176987 0.0239822 0.0308596 0.0377055 0.0437961 0.0485797 0.0518535 0.0537345 0.0545077 0.054494 0.0539922 0.0532638 0.0525226 0.0519128 0.0514687 0.0510515 0.0502923 0.0486089 0.0453712 0.040202 0.0332701 0.0253573
 0.00517838 0.00848138 0.0128987 0.0184424 0.0249772 0.0321164 0.0392004 0.0454667 0.0503332 0.0535831 0.0553346 0.0558811 0.0555534 0.0546614 0.0534807 0.0522452 0.0511267 0.0501941 0.0493491 0.048265 0.0463999 0.0431514 0.0381466 0.0315251 0.0240078
 0.00540785 0.00885742 0.0134702 0.0192568 0.0260714 0.0335023 0.0408501 0.0473078 0.052259 0.0554738 0.0570761 0.057375 0.0567181 0.0554287 0.0537926 0.0520532 0.0503976 0.0489207 0.0475655 0.046061 0.043926 0.0406077 0.035751 0.0294669 0.0224031
 0.00564406 0.00924617 0.0140642 0.0201082 0.0272221 0.0349678 0.0426034 0.0492725 0.0543209 0.0575018 0.058944 0.0589743 0.0579625 0.0562519 0.0541434 0.0518903 0.049688 0.0476471 0.0457438 0.0437626 0.0412937 0.037852 0.0331166 0.0271766 0.0206018
 0.00589831 0.00966002 0.0146882 0.0209905 0.0283999 0.0364541 0.0443721 0.0512523 0.0564031 0.0595593 0.0608507 0.0606178 0.05925 0.0571117 0.0545225 0.0517495 0.0489976 0.0463903 0.0439297 0.04145 0.0386142 0.0350125 0.0303708 0.0247653 0.0186894
 0.00614768 0.0100688 0.0153095 0.0218756 0.0295879 0.0379561 0.0461554 0.0532358 0.0584701 0.0615812 0.0627073 0.0622079 0.0604919 0.057941 0.0548887 0.0516131 0.0483285 0.0451701 0.0421641 0.0391903 0.0359804 0.0322015 0.0276315 0.0223416 0.016754
 0.00638676 0.0104622 0.0159104 0.0227364 0.0307501 0.0394338 0.0479184 0.0552035 0.060523 0.063584 0.0645321 0.0637485 0.0616687 0.0586986 0.0551898 0.0514313 0.047643 0.0439675 0.0404495 0.037009 0.0334415 0.0294875 0.0249779 0.0199839 0.0148628
 0.0066308 0.0108621 0.016518 0.0236018 0.0319121 0.0409039 0.0496648 0.0571454 0.062541 0.0655429 0.0663031 0.0652235 0.0627666 0.0593658 0.0553964 0.0511633 0.0468952 0.0427404 0.0387568 0.0348964 0.0310091 0.0269019 0.022455 0.0177419 0.0130617
 0.00685153 0.0112269 0.017078 0.0244081 0.033005 0.0422965 0.0513263 0.0589957 0.0644624 0.0674033 0.067978 0.0666095 0.0637861 0.0599671 0.0555511 0.0508612 0.0461383 0.0415396 0.0371357 0.032905 0.0287425 0.0245106 0.0201321 0.0156819 0.0114076
 0.00705824 0.0115653 0.017592 0.0251403 0.0339889 0.0435438 0.0528132 0.0606567 0.0661977 0.069096 0.069513 0.0678864 0.0647271 0.0605196 0.0556861 0.0505695 0.0454245 0.0404193 0.0356384 0.0310836 0.0266879 0.0223589 0.0180532 0.0138448 0.00993546
 0.00725988 0.0118949 0.0180911 0.0258481 0.0349339 0.044731 0.0542116 0.0621958 0.067778 0.070609 0.0708587 0.0689832 0.0655139 0.060955 0.055747 0.0502484 0.0447271 0.0393629 0.034254 0.0294243 0.0248386 0.0204414 0.0162151 0.0122301 0.00864707
 0.00743518 0.0121817 0.0185259 0.0264656 0.0357599 0.0457713 0.0554402 0.0635511 0.0691713 0.0719413 0.0720378 0.0699343 0.0661834 0.0613098 0.0557714 0.0499399 0.0440932 0.0384205 0.0330323 0.0279719 0.0232318 0.0187867 0.0146386 0.0108525 0.00755233
 0.00754341 0.0123592 0.0187964 0.0268529 0.0362846 0.0464444 0.0562557 0.064482 0.0701713 0.0729511 0.0729921 0.0707691 0.0668409 0.0617434 0.055948 0.0498412 0.043714 0.0377683 0.032129 0.0268585 0.021974 0.0174755 0.0133809 0.00974955 0.00667437
 0.00759857 0.0124496 0.0189341 0.0270507 0.0365545 0.0467957 0.0566918 0.0649984 0.0707551 0.0735816 0.0736417 0.0714023 0.0674155 0.0622129 0.0562667 0.0499693 0.0436233 0.0374455 0.0315793 0.0261092 0.0210776 0.0165082 0.0124331 0.00890713 0.00599822
 0.00767117 0.0125569 0.0190759 0.0272209 0.0367443 0.0469982 0.0569059 0.0652289 0.07101 0.0738687 0.0739639 0.0717548 0.067783 0.0625687 0.0565739 0.0501852 0.0437058 0.0373612 0.0313115 0.0256644 0.020489 0.0158345 0.0117483 0.00828428 0.00549072
 0.00771168 0.0126196 0.0191639 0.0273338 0.0368774 0.0471419 0.0570471 0.0653542 0.0711125 0.0739529 0.0740469 0.0718596 0.0679279 0.0627574 0.0567915 0.0503994 0.0438735 0.037438 0.031262 0.0254728 0.020166 0.0154173 0.0112933 0.00785155 0.00512779
 0.00777338 0.0127111 0.0192851 0.027479 0.0370364 0.047303 0.0571986 0.0654852 0.0712136 0.0740178 0.0740759 0.071862 0.0679209 0.0627613 0.0568211 0.0504557 0.0439401 0.0374843 0.0312527 0.0253801 0.0199808 0.0151549 0.0109892 0.00755022 0.00486769
 0.00782329 0.0127906 0.0194014 0.027636 0.0372326 0.0475286 0.0574337 0.0657026 0.0713855 0.0741245 0.0741115 0.0718337 0.067846 0.0626617 0.0567184 0.0503668 0.0438716 0.0374291 0.031192 0.0252906 0.0198462 0.0149744 0.0107793 0.00733846 0.00468136
 0.0078627 0.0128512 0.019486 0.0277453 0.0373652 0.0476813 0.0576009 0.065875 0.0715494 0.0742632 0.0742082 0.0718766 0.067832 0.062598 0.0566205 0.0502535 0.0437592 0.0373263 0.031097 0.0251935 0.0197351 0.0148433 0.0106334 0.00719194 0.00455118
 0.00787386 0.0128683 0.0195098 0.0277759 0.0374021 0.0477237 0.0576483 0.0659272 0.0716066 0.0743254 0.0742738 0.0719407 0.0678867 0.0626342 0.0566321 0.05024 0.0437261 0.037281 0.0310451 0.0251355 0.0196678 0.014764 0.010544 0.00710025 0.00446758
 0.00788505 0.0128814 0.0195205 0.0277772 0.0373871 0.0476888 0.0575961 0.0658669 0.0715512 0.0742881 0.0742641 0.0719625 0.0679373 0.0627052 0.0567111 0.0503143 0.0437858 0.0373213 0.0310653 0.0251369 0.0196519 0.0147325 0.0105002 0.0070502 0.00441886
 0.00788862 0.0128861 0.0195251 0.0277794 0.037383 0.0476734 0.0575645 0.0658161 0.071483 0.0742105 0.0741909 0.0719097 0.0679173 0.0627231 0.0567631 0.0503893 0.0438695 0.0374 0.0311292 0.0251807 0.0196742 0.0147352 0.0104874 0.00702766 0.00439309
 0.00790695 0.0129101 0.0195507 0.0277991 0.0373883 0.047658 0.0575263 0.0657582 0.0714114 0.0741322 0.0741134 0.0718407 0.0678659 0.0626978 0.0567694 0.050427 0.0439317 0.0374752 0.0312044 0.0252449 0.0197209 0.0147623 0.0104971 0.00702476 0.00438335
 0.00791204 0.012916 0.0195549 0.0277974 0.0373751 0.0476274 0.0574742 0.0656836 0.0713182 0.0740296 0.0740138 0.0717573 0.0678095 0.0626748 0.0567816 0.0504725 0.0440048 0.0375669 0.031303 0.0253385 0.0197996 0.0148206 0.0105343 0.00704415 0.00439035
 0.00788992 0.0128802 0.0195014 0.0277228 0.0372776 0.0475082 0.0573383 0.0655403 0.0711795 0.0739075 0.0739187 0.0716975 0.0677901 0.0626979 0.0568458 0.0505726 0.0441327 0.0377118 0.0314527 0.0254807 0.0199236 0.0149192 0.0106052 0.00708971 0.00441609
 0.00786961 0.0128448 0.019444 0.0276358 0.0371552 0.0473494 0.0571504 0.0653385 0.0709843 0.0737395 0.0737946 0.071627 0.0677766 0.0627393 0.0569363 0.0507035 0.0442934 0.0378903 0.0316359 0.0256556 0.0200786 0.0150461 0.0107004 0.00715473 0.00445607
 0.00786593 0.0128354 0.0194232 0.027596 0.0370881 0.0472489 0.0570149 0.0651733 0.0708014 0.0735562 0.0736305 0.0715008 0.0677022 0.0627236 0.0569787 0.0507974 0.0444276 0.0380515 0.0318096 0.0258274 0.0202357 0.0151787 0.0108031 0.00722734 0.00450259
 0.0078121 0.0127534 0.01931 0.0274522 0.0369174 0.047057 0.0568095 0.064964 0.0706003 0.0733772 0.0734877 0.0714072 0.0676677 0.0627536 0.0570722 0.0509474 0.0446218 0.0382738 0.0320427 0.0260541 0.0204409 0.0153514 0.0109376 0.0073235 0.00456534
 0.0078078 0.0127367 0.0192676 0.0273669 0.0367739 0.0468503 0.056551 0.0646811 0.0703275 0.0731452 0.0733162 0.0713037 0.0676322 0.0627824 0.0571609 0.0510897 0.0448088 0.0384927 0.0322775 0.0262875 0.0206563 0.0155358 0.0110834 0.00742937 0.00463552
 0.00777373 0.0126843 0.0191937 0.0272692 0.0366493 0.0466943 0.0563587 0.0644517 0.0700696 0.0728803 0.0730758 0.0711208 0.0675312 0.0627732 0.057239 0.0512413 0.0450158 0.0387364 0.0325387 0.0265473 0.0208971 0.0157432 0.0112486 0.00755035 0.00471649
 0.00773956 0.0126289 0.0191108 0.0271536 0.0364992 0.0465126 0.0561545 0.0642388 0.0698624 0.0726901 0.0729104 0.0709881 0.0674419 0.0627405 0.0572736 0.0513463 0.0451845 0.0389536 0.0327844 0.0268 0.0211366 0.0159531 0.0114184 0.00767638 0.00480186
 0.00933489 0.0148595 0.0217974 0.029906 0.0388295 0.0480169 0.0566567 0.0638169 0.0687642 0.0712082 0.0712899 0.0693928 0.0659635 0.0614229 0.0561355 0.0503939 0.0444161 0.0383601 0.032349 0.0264994 0.0209438 0.01584 0.0113594 0.00765029 0.00479317
 0.00932659 0.0151418 0.0227434 0.031977 0.0423738 0.0529977 0.06248 0.0694286 0.0730243 0.073341 0.0711401 0.0673651 0.0627441 0.057686 0.0523766 0.0469041 0.0413342 0.0357354 0.030185 0.024775 0.0196221 0.0148722 0.0106875 0.00721184 0.00452649
 0.00898128 0.0146011 0.0219902 0.031066 0.0414844 0.0524683 0.0627657 0.0709375 0.0758711 0.0771647 0.0751504 0.0706417 0.0646193 0.0579757 0.0513474 0.0450556 0.0391653 0.0336093 0.0283066 0.0232288 0.0184198 0.0139864 0.0100713 0.00680976 0.00428226
 0.00879648 0.0142919 0.0215094 0.0303683 0.0405446 0.0513139 0.0615188 0.0698413 0.075268 0.0774004 0.0764179 0.0728363 0.0673097 0.0605438 0.053237 0.045984 0.0391775 0.0329766 0.0273625 0.022245 0.0175593 0.0133158 0.00959364 0.00649594 0.00409195
 0.00872257 0.0141621 0.0212953 0.0300358 0.0400588 0.0506509 0.0606804 0.0688725 0.0742725 0.0765475 0.0759271 0.0729221 0.0680878 0.0619424 0.0549787 0.0476748 0.0404647 0.0336821 0.027516 0.022017 0.0171553 0.0128968 0.00924826 0.00625099 0.00393767
 0.00870542 0.0141311 0.0212422 0.0299484 0.0399207 0.050442 0.0603798 0.068464 0.0737542 0.075946 0.0753112 0.0724073 0.0678199 0.0620504 0.0555101 0.0485483 0.0414815 0.0346015 0.0281561 0.0223181 0.0171746 0.0127511 0.00905064 0.00607426 0.0038107
 0.00869899 0.014121 0.0212272 0.0299268 0.0398895 0.0503954 0.0603082 0.0683538 0.0735893 0.0757128 0.0750068 0.072052 0.0674661 0.0617818 0.0554193 0.0486976 0.0418631 0.0351266 0.0286878 0.0227315 0.0174077 0.012816 0.00900648 0.00598728 0.0037271
 0.00869096 0.0141067 0.0212036 0.0298906 0.039838 0.0503285 0.0602285 0.0682657 0.073496 0.0756126 0.074893 0.0719162 0.0673074 0.0616162 0.0552849 0.0486457 0.041936 0.035331 0.0289826 0.0230425 0.0176617 0.0129728 0.00906811 0.00598457 0.00369634
 0.00865484 0.0140529 0.0211318 0.0298035 0.0397405 0.0502259 0.0601259 0.0681679 0.0734077 0.0755382 0.0748347 0.0718725 0.0672731 0.061586 0.0552601 0.0486393 0.0419703 0.0354262 0.0291414 0.023242 0.0178615 0.013134 0.00917086 0.00603219 0.00370681
 0.00866713 0.014068 0.0211455 0.0298093 0.0397319 0.0501992 0.0600826 0.0681141 0.0733512 0.0754846 0.0747858 0.0718272 0.067229 0.0615417 0.0552164 0.0486011 0.0419476 0.035432 0.0291852 0.0233224 0.0179634 0.0132345 0.00924995 0.00608124 0.00372912
 0.00863458 0.0140225 0.0210907 0.0297523 0.0396808 0.0501587 0.0600518 0.0680875 0.0733227 0.0754524 0.0747533 0.0718005 0.0672131 0.0615379 0.0552226 0.0486147 0.0419682 0.0354628 0.0292307 0.0233847 0.0180384 0.0133119 0.00931757 0.00613065 0.00375881
 0.00864919 0.0140385 0.021101 0.0297468 0.0396504 0.0501011 0.059975 0.0680073 0.0732563 0.0754094 0.0747334 0.0717965 0.0672166 0.061544 0.0552304 0.0486253 0.0419832 0.035484 0.0292602 0.0234237 0.0180858 0.0133628 0.00936524 0.00616895 0.00378492
 0.0086431 0.014034 0.0211034 0.029763 0.0396847 0.0501511 0.0600289 0.0680479 0.0732683 0.075388 0.0746858 0.0717371 0.0671594 0.0614966 0.0551944 0.0485993 0.0419657 0.0354749 0.0292602 0.0234335 0.0181046 0.0133879 0.00939212 0.00619305 0.00380319
 0.00862539 0.0140076 0.0210686 0.0297225 0.039644 0.0501181 0.0600125 0.0680543 0.0732979 0.0754328 0.074732 0.0717713 0.0671744 0.061494 0.0551813 0.0485835 0.0419529 0.0354677 0.0292596 0.0234396 0.0181168 0.0134047 0.00941076 0.00621052 0.00381719
 0.00863006 0.0140095 0.0210613 0.029697 0.0395923 0.0500378 0.0599103 0.0679465 0.0732052 0.0753736 0.0747158 0.0717956 0.0672274 0.0615599 0.0552466 0.0486407 0.0420004 0.0355074 0.0292944 0.0234715 0.0181467 0.0134322 0.00943514 0.0062306 0.00383225
 0.00863006 0.0140095 0.0210613 0.029697 0.0395923 0.0500378 0.0599103 0.0679465 0.0732052 0.0753736 0.0747158 0.0717956 0.0672274 0.0615599 0.0552466 0.0486407 0.0420004 0.0355074 0.0292944 0.0234715 0.0181467 0.0134322 0.00943514 0.0062306 0.00383225
 0.00823894 0.0133974 0.0201863 0.0285424 0.0381763 0.0484252 0.0582216 0.0663521 0.0718956 0.0745142 0.0744061 0.0720507 0.0679827 0.062694 0.0566113 0.0500904 0.0434141 0.0367996 0.0304149 0.0243989 0.01888 0.0139848 0.00982956 0.00649519 0.00399761
 0.00866068 0.0140188 0.0210001 0.0294941 0.0391717 0.0493477 0.0589506 0.0667802 0.0719499 0.0741782 0.0737327 0.0711529 0.0670047 0.0617719 0.0558418 0.0495167 0.0430309 0.0365707 0.0302937 0.0243438 0.0188612 0.0139836 0.00983557 0.00650303 0.00400468
 0.0084934 0.0138129 0.02081 0.0294048 0.0392679 0.0496682 0.0594552 0.0673535 0.0724433 0.0744672 0.0737575 0.070928 0.0666014 0.0612904 0.055382 0.0491557 0.0428087 0.0364883 0.0303222 0.0244405 0.0189844 0.0141029 0.00993404 0.00657522 0.00405247
 0.00854219 0.0138632 0.0208359 0.0293751 0.039167 0.0495213 0.0593372 0.0673642 0.0726538 0.0748688 0.0742512 0.0713655 0.0668536 0.0612999 0.0551756 0.0488184 0.0424415 0.0361721 0.0300996 0.0243163 0.0189381 0.0141048 0.00995747 0.00660243 0.00407476
 0.00836817 0.0136016 0.0204807 0.0289321 0.0386492 0.0489448 0.0587244 0.0667559 0.072121 0.0745074 0.074152 0.0715706 0.0673258 0.0619309 0.0558316 0.0493941 0.0428925 0.0365096 0.0303622 0.0245398 0.0191403 0.0142855 0.0101086 0.00671752 0.00415376
 0.00841681 0.0136594 0.020529 0.0289417 0.0385898 0.048798 0.058493 0.0664627 0.0717984 0.074189 0.0738722 0.0713678 0.0672392 0.061984 0.0560136 0.0496583 0.043175 0.0367589 0.0305567 0.0246854 0.019254 0.0143808 0.0101901 0.00678377 0.00420268
 0.00854938 0.0138766 0.0208566 0.0293979 0.039173 0.0494731 0.0591836 0.0670617 0.0721986 0.0743194 0.0737207 0.0709799 0.0666973 0.0613827 0.0554371 0.049163 0.0427823 0.03646 0.0303288 0.0245079 0.0191164 0.0142801 0.0101237 0.0067458 0.00418454
#pred catch len freq
 0.00447356 0.00707476 0.0103121 0.0141034 0.0183972 0.0231541 0.0282755 0.0335677 0.038778 0.0436592 0.0480108 0.0516968 0.0546531 0.0568832 0.0584329 0.0593603 0.0597151 0.0595204 0.0587339 0.0571848 0.0545355 0.050356 0.0443581 0.03669 0.0280736
 0.00469506 0.00735597 0.0105931 0.0142888 0.018394 0.022924 0.0278693 0.0331107 0.0384092 0.0434593 0.0479654 0.0517147 0.0546256 0.0567468 0.0582057 0.0591357 0.0596177 0.0596429 0.0590843 0.0576723 0.0550066 0.0506657 0.044435 0.0365584 0.0278239
 0.00491035 0.00770008 0.0110941 0.0149535 0.0191892 0.0237598 0.0286015 0.0335794 0.038507 0.0431901 0.0474465 0.0511113 0.0540636 0.0562649 0.0577754 0.0587226 0.0592308 0.0593355 0.0589106 0.057637 0.055048 0.0506862 0.0443572 0.0363657 0.0275595
 0.00515173 0.00807603 0.0116312 0.0156704 0.020098 0.0248629 0.0298761 0.0349527 0.0398403 0.0442931 0.0481321 0.0512701 0.0537102 0.0555228 0.0568094 0.0576709 0.0581793 0.0583342 0.0579954 0.0568312 0.0543493 0.050066 0.0437819 0.0358241 0.0270706
 0.00542557 0.00850159 0.0122362 0.0164704 0.0210985 0.0260615 0.0312599 0.0364912 0.0414742 0.0459228 0.0496111 0.052417 0.0543499 0.0555449 0.0562128 0.0565626 0.0567283 0.0567127 0.0563412 0.0552373 0.0528718 0.0487354 0.0426157 0.0348379 0.0262797
 0.00570784 0.00894335 0.01287 0.0173178 0.0221702 0.0273564 0.0327609 0.0381599 0.0432491 0.0477209 0.0513291 0.0539296 0.0555114 0.0562044 0.0562485 0.0559233 0.0554599 0.0549497 0.0542678 0.0530416 0.0507138 0.0467376 0.0408664 0.033394 0.0251666
 0.0060447 0.00946349 0.0136031 0.018277 0.0233561 0.0287618 0.0343691 0.0399377 0.0451398 0.0496436 0.053182 0.0555973 0.0568708 0.05713 0.05662 0.0556435 0.0544828 0.0533082 0.0520827 0.0505039 0.0480486 0.0441637 0.0385655 0.03149 0.0237145
 0.00639736 0.01001 0.0143764 0.0192925 0.0246134 0.030247 0.0360532 0.041773 0.04706 0.051568 0.0550214 0.0572569 0.0582512 0.0581286 0.0571328 0.0555724 0.0537512 0.0518869 0.0500182 0.0479341 0.045192 0.041283 0.035914 0.0292607 0.0220059
 0.00675873 0.0105727 0.015178 0.0203544 0.0259413 0.0318309 0.0378629 0.0437517 0.0491236 0.0536129 0.0569367 0.0589368 0.0596023 0.059071 0.0575956 0.0554875 0.0530551 0.0505361 0.0480187 0.0453734 0.0422539 0.0382293 0.0330317 0.0267921 0.0200926
 0.00712001 0.0111356 0.0159811 0.0214203 0.0272779 0.0334314 0.0397007 0.0457729 0.0512444 0.0557245 0.0589173 0.0606646 0.0609696 0.0599926 0.0580095 0.0553482 0.0523255 0.0491893 0.0460566 0.0428582 0.0393365 0.0351491 0.0300753 0.024222 0.0180769
 0.00749469 0.0117172 0.0168063 0.0225083 0.0286325 0.0350428 0.0415417 0.0477917 0.0533605 0.0578324 0.0608954 0.0623884 0.062325 0.0608872 0.0583782 0.0551508 0.0515402 0.0478086 0.0440956 0.0403781 0.0364714 0.0321155 0.0271435 0.021651 0.0160432
 0.00783442 0.0122469 0.0175623 0.0235121 0.0298907 0.0365474 0.0432651 0.0496813 0.0553379 0.0597993 0.0627428 0.064006 0.0636095 0.0617503 0.058752 0.0549896 0.0508189 0.0465218 0.0422637 0.0380627 0.0337974 0.0292794 0.0243917 0.0192248 0.0141121
 0.00811464 0.0126913 0.0182109 0.0243969 0.0310327 0.0379508 0.0449084 0.0515096 0.0572638 0.0617125 0.0645244 0.0655423 0.0648028 0.0625251 0.0590563 0.0547917 0.0501034 0.0452892 0.0405367 0.0359015 0.0313174 0.0266586 0.0218518 0.0169833 0.0123239
 0.00836444 0.0130794 0.018763 0.025129 0.0319543 0.0390673 0.0462177 0.0529927 0.0588755 0.0633764 0.0661374 0.0669876 0.0659681 0.0633191 0.0594167 0.0546846 0.0495172 0.0442304 0.0390319 0.0340091 0.029142 0.0243578 0.01962 0.015011 0.0107474
 0.00870589 0.0135932 0.0194603 0.0259951 0.0329574 0.0401709 0.0473897 0.0542054 0.060101 0.0645821 0.0672815 0.068016 0.0668153 0.0639139 0.0596927 0.0545903 0.0490225 0.0433283 0.0377414 0.0323815 0.02727 0.0223786 0.017701 0.0133151 0.00939108
 0.00906166 0.0141412 0.0202279 0.0269862 0.0341511 0.0415226 0.0488304 0.0556458 0.0614444 0.0657442 0.0682063 0.068679 0.0672136 0.0640518 0.0595699 0.0541977 0.0483459 0.0423579 0.0364833 0.0308704 0.0255793 0.0206213 0.016016 0.0118372 0.00821487
 0.00925299 0.0144516 0.0206939 0.027642 0.0350223 0.0426156 0.0501196 0.0570653 0.0628916 0.067096 0.0693425 0.0695064 0.0676827 0.0641594 0.0593469 0.0536881 0.0475881 0.0413778 0.035301 0.0295156 0.0241067 0.0191176 0.01459 0.0105953 0.00723116
 0.00928064 0.0145085 0.0208032 0.027837 0.0353438 0.0431053 0.0508088 0.0579627 0.0639712 0.06829 0.0705453 0.070591 0.0685284 0.0646792 0.0595038 0.053493 0.0470841 0.0406197 0.0343423 0.0284075 0.0229077 0.0179013 0.0134425 0.00959934 0.00644393
