SBPRF35
9.49692
Curr Bio
584478
B35
722983
F35
0.191515
FOFL
0.149629
OFL
69262.3
Bzero
2.71341e+006
#pred survey bio
 3.37219e+006 3.085e+006 2.77681e+006 2.50132e+006 2.22907e+006 1.96121e+006 1.72905e+006 1.52905e+006 1.35279e+006 1.21336e+006 1.05092e+006 929136 838447 759705 699922 667136 631008 607317 588940 585566 579119 569563 570523 575005 568579 574639 567050 569934 563681 558141 554752 536523 531732 531645 535129 544253 540121 548194 562500 575905 579228 592731 590628 588049 591113 591551 584790 589310 589260 2.02009e+007 1.21799e+007 1.25388e+007 1.34394e+007 1.46476e+007 1.59227e+007 1.71056e+007 1.81187e+007 1.89413e+007 1.95854e+007 2.00773e+007 2.04468e+007 2.07213e+007 2.09241e+007 2.10734e+007 2.11834e+007 2.12647e+007 2.13249e+007 2.13697e+007 2.14032e+007 2.14284e+007 2.14475e+007 2.14621e+007 2.14732e+007 2.14817e+007 2.14883e+007 2.14934e+007 2.14973e+007 2.15004e+007 2.15028e+007 2.15047e+007 2.15062e+007 2.15073e+007 2.15082e+007 2.15089e+007 2.15095e+007 2.151e+007 2.15103e+007 2.15106e+007 2.15108e+007 2.1511e+007 2.15111e+007 2.15112e+007 2.15113e+007 2.15114e+007 2.15115e+007 2.15115e+007 2.15115e+007 2.15116e+007 2.15116e+007 2.15116e+007 2.15116e+007 2.15116e+007 2.15116e+007 2.15116e+007 2.15116e+007 2.15116e+007 2.15116e+007 2.15117e+007 2.15117e+007 2.15117e+007 2.15117e+007 2.15117e+007 2.15117e+007 2.15117e+007 2.15117e+007 2.15117e+007 2.15117e+007 2.15117e+007 2.15117e+007 2.15117e+007 2.15117e+007 2.15117e+007 2.15117e+007 2.15117e+007 2.15117e+007 2.15117e+007 2.15117e+007 2.15117e+007 2.15117e+007 2.15117e+007 2.15117e+007 2.15117e+007 2.15117e+007 2.15117e+007 2.15117e+007 2.15117e+007 2.15117e+007 2.15117e+007 2.15117e+007 2.15117e+007 2.15117e+007 2.15117e+007 2.15117e+007 2.15117e+007 2.15117e+007 2.15117e+007 2.15117e+007 2.15117e+007 2.15117e+007 0 0 0 0 0 0 0 0 0 0 0 0 0 0 0 0 0 0 0 0 0 0 0 0 0
#obs survey bio
 2.41814e+006 2.72841e+006 2.47632e+006 2.44179e+006 1.73028e+006 1.85468e+006 901594 1.28885e+006 1.26584e+006 1.18251e+006 812806 626683 576322 706538 507353 523402 598957 483001 649398 421403 501167 435821 674189 677224 364023 498004 630916 559720 466779 511020 478125 586612 500407 537147 630813 728486 437302 489642 560233 460963 643720 845883 452151 625114 779408 675833 664704 617200 520347
#pred catch bio
 252679 287967 277274 294400 309943 295630 281397 270307 243941 265886 229255 200646 187592 167826 142186 142136 128214 121202 107348 109560 111456 102136 99020.9 107137 95392 104978 93609.1 98918.6 95664.3 91237.9 100651 88068.6 86938.1 87756.8 85141.2 96136.9 85263.1 80493.5 82085.7 91221.2 83263.1 96811.7 96847 91782.3 93838.9 99478 89692.6 93197.2 100596 69262.3 87187.2 88625.1 93788.1 101748 110401 118393 125120 130450 134494 137467 139600 141104 142147 142864 143351 143681 143902 144049 144148 144213 144256 144285 144304 144316 144325 144330 144333 144336 144337 144338 144339 144339 144340 144340 144340 144340 144340 144340 144340 144340 144340 144340 144340 144340 144340 144340 144340 144340 144340 144340 144340 144340 144340 144340 144340 144340 144340 144340 144340 144340 144340 144340 144340 144340 144340 144340 144340 144340 144340 144340 144340 144340 144340 144340 144340 144340 144340 144340 144340 144340 144340 144340 144340 144340 144340 144340 144340 144340 144340 144340 144340 144340 144340 144340 144340 144340 144340 144340 144340 0 0 0 0 0 0 0 0 0 0 0 0 0 0 0 0 0 0 0 0 0 0 0 0 0
#obs catch bio
 254671 289306 278636 296551 313091 299242 288345 276684 248499 272239 234027 204823 191221 171072 144619 145732 130419 123294 108806 111223 113588 103890 100618 108826 96890.4 106865 94503.9 99816.7 96538 91888.5 101815 88852.3 87431.3 88112.5 85182.1 95890.9 84948 80359 81657.7 90989.5 82964.1 96089.1 96844.4 91403.4 93157 99104.3 89242.1 92748.2 100682
#pred cpue bio
 3.31946e+006 3.03482e+006 2.72938e+006 2.45513e+006 2.18395e+006 1.91744e+006 1.68642e+006 1.48769e+006 1.31314e+006 1.1753e+006 1.01537e+006 895514 806399 729338 671000 639044 604096 581325 563589 560323 554014 544693 545666 550233 544255 550426 543520 546846 541187 536128 533266 515928 510897 509630 512197 521228 517710 525787 539819 552921 556081 569229 567210 564683 567767 568269 561670 566077 566222 1.94317e+007 1.17323e+007 1.19818e+007 1.27434e+007 1.38991e+007 1.51609e+007 1.6341e+007 1.73534e+007 1.81759e+007 1.882e+007 1.9312e+007 1.96814e+007 1.9956e+007 2.01587e+007 2.03081e+007 2.04181e+007 2.04993e+007 2.05595e+007 2.06043e+007 2.06379e+007 2.06631e+007 2.06822e+007 2.06967e+007 2.07078e+007 2.07164e+007 2.0723e+007 2.0728e+007 2.0732e+007 2.07351e+007 2.07375e+007 2.07393e+007 2.07408e+007 2.0742e+007 2.07429e+007 2.07436e+007 2.07442e+007 2.07446e+007 2.0745e+007 2.07453e+007 2.07455e+007 2.07456e+007 2.07458e+007 2.07459e+007 2.0746e+007 2.07461e+007 2.07461e+007 2.07462e+007 2.07462e+007 2.07462e+007 2.07462e+007 2.07463e+007 2.07463e+007 2.07463e+007 2.07463e+007 2.07463e+007 2.07463e+007 2.07463e+007 2.07463e+007 2.07463e+007 2.07463e+007 2.07463e+007 2.07463e+007 2.07463e+007 2.07463e+007 2.07463e+007 2.07463e+007 2.07463e+007 2.07463e+007 2.07463e+007 2.07463e+007 2.07463e+007 2.07463e+007 2.07463e+007 2.07463e+007 2.07463e+007 2.07463e+007 2.07463e+007 2.07463e+007 2.07463e+007 2.07463e+007 2.07463e+007 2.07463e+007 2.07463e+007 2.07463e+007 2.07463e+007 2.07463e+007 2.07463e+007 2.07463e+007 2.07463e+007 2.07463e+007 2.07463e+007 2.07463e+007 2.07463e+007 2.07463e+007 2.07463e+007 2.07463e+007 2.07463e+007 2.07463e+007 2.07463e+007 2.07463e+007 0 0 0 0 0 0 0 0 0 0 0 0 0 0 0 0 0 0 0 0 0 0 0 0 0
#obs cpue bio
 2.85012e+006 2.68473e+006 2.12265e+006 2.11848e+006 2.26897e+006 1.43124e+006 981358 1.63807e+006 1.28337e+006 1.02494e+006 992247 919812 1.01821e+006 574455 641189 434234 656852 570521 413540 609726 412741 515489 356738 486407 468405 597508 537686 600346 535172 532738 517041 378288 669133 558586 495199 627481 636606 513827 779183 676531 445626 733419 410709 722855 617166 447533 508267 602021 463806
#pred surv len freq
 0.00502518 0.00823359 0.0125292 0.0179298 0.0243132 0.0313168 0.0383141 0.0445769 0.0495472 0.0530173 0.0551031 0.0560896 0.0562878 0.0559613 0.0552988 0.0544101 0.0533364 0.0520648 0.0505196 0.0485253 0.04578 0.0419158 0.0366853 0.0301967 0.0230221
 0.00528946 0.00859267 0.0129446 0.0183362 0.0246554 0.0315974 0.0386174 0.0450404 0.0502866 0.054047 0.0563049 0.0572512 0.057188 0.0564522 0.0553485 0.0540915 0.0527782 0.0513868 0.0497835 0.0477226 0.0448641 0.0408596 0.0355266 0.0290399 0.0219952
 0.00567736 0.00921379 0.0138558 0.0195685 0.0261913 0.0333478 0.040418 0.0466893 0.0516192 0.0550047 0.056943 0.0576728 0.0574538 0.0565348 0.0551591 0.0535497 0.0518688 0.0501669 0.048346 0.0461514 0.0432165 0.0391837 0.0338905 0.0275413 0.020736
 0.00597543 0.00970681 0.0146135 0.020661 0.0276734 0.0352323 0.0426451 0.0491089 0.0540049 0.0571023 0.0585389 0.0586537 0.0578248 0.0563834 0.0545873 0.0526223 0.0506077 0.0485844 0.0464804 0.0440773 0.0410351 0.0370097 0.0318458 0.0257447 0.0192809
 0.00629352 0.0102173 0.0153707 0.021714 0.0290612 0.0369735 0.0447219 0.0514534 0.0564928 0.0595581 0.0607526 0.0604112 0.058952 0.0567875 0.0542732 0.0516703 0.049128 0.0466809 0.0442429 0.0415998 0.0384348 0.0344327 0.0294524 0.0236806 0.0176447
 0.00665996 0.0108046 0.0162385 0.0229116 0.0306181 0.0388854 0.0469376 0.0538714 0.0589772 0.061962 0.0629337 0.0622335 0.0602823 0.0575036 0.0542864 0.0509508 0.0477148 0.0446696 0.0417635 0.0388014 0.0354845 0.0315163 0.0267621 0.0213841 0.015847
 0.0069216 0.0112433 0.0169232 0.023914 0.031997 0.0406619 0.0490711 0.0562539 0.0614512 0.0643554 0.0650908 0.0640297 0.0616217 0.0583088 0.054491 0.0505036 0.0465953 0.0429058 0.0394417 0.0360649 0.0325235 0.028551 0.0240151 0.019042 0.0140223
 0.00711581 0.0115655 0.0174214 0.0246403 0.0330014 0.0419796 0.0507059 0.058165 0.0635499 0.0665137 0.067158 0.0658541 0.0630711 0.0592826 0.0549205 0.0503449 0.0458247 0.0415266 0.0375007 0.0336681 0.0298408 0.0258016 0.0214321 0.0168244 0.0122912
 0.00734605 0.0119309 0.0179552 0.0253694 0.0339434 0.0431393 0.0520691 0.0596943 0.0651873 0.0681859 0.0687815 0.0673368 0.0643153 0.0601918 0.0554096 0.0503476 0.0452988 0.0404582 0.0359137 0.0316388 0.0275084 0.0233615 0.0191047 0.014806 0.0107066
 0.00747866 0.0121575 0.0183163 0.0259082 0.0346956 0.0441169 0.0532474 0.061011 0.0665583 0.069528 0.0700291 0.0684429 0.0652414 0.0608958 0.0558391 0.0504426 0.0450013 0.0397265 0.0347391 0.0300627 0.025634 0.0213499 0.017149 0.013086 0.00934283
 0.00778352 0.0126412 0.0190217 0.0268669 0.0359214 0.0455962 0.0549271 0.0627938 0.0683121 0.0711101 0.0713149 0.0693491 0.0657361 0.0609922 0.0555757 0.0498592 0.0441214 0.0385564 0.0332829 0.0283472 0.0237307 0.0193816 0.0152723 0.011452 0.0080541
 0.00800476 0.0129987 0.0195555 0.0276115 0.0368983 0.0468026 0.0563241 0.0643038 0.0698296 0.0725212 0.0725152 0.0702549 0.0662908 0.0611701 0.0553832 0.0493274 0.0432927 0.0374707 0.0319741 0.0268531 0.0221108 0.0177292 0.0137067 0.0100912 0.00698001
 0.00811615 0.0131855 0.0198475 0.0280407 0.0374932 0.0475783 0.0572721 0.0653861 0.0709823 0.0736647 0.0735655 0.0711337 0.0669323 0.0615272 0.0554306 0.0490633 0.042736 0.036655 0.0309418 0.0256541 0.0208083 0.0164044 0.0124551 0.00900451 0.0061218
 0.0082611 0.0134118 0.020171 0.0284712 0.0380346 0.048228 0.0580189 0.0662072 0.0718421 0.0745166 0.0743566 0.0718093 0.0674417 0.0618284 0.0554949 0.0488772 0.0423027 0.0359937 0.0300862 0.024652 0.0197209 0.0153058 0.0114258 0.00811747 0.00542506
 0.0084247 0.0136611 0.0205152 0.0289073 0.038549 0.0487991 0.0586194 0.066807 0.0724123 0.0750352 0.0748092 0.0721861 0.0677306 0.0620109 0.0555468 0.0487743 0.0420275 0.0355418 0.0294703 0.0239033 0.0188888 0.0144537 0.0106224 0.00742383 0.0048803
 0.00834137 0.0135526 0.0204014 0.0288228 0.0385328 0.0488791 0.0588008 0.0670716 0.0727301 0.0753783 0.0751612 0.0725404 0.0680825 0.0623488 0.0558469 0.0490026 0.0421467 0.035521 0.0292944 0.0235794 0.0184478 0.0139459 0.0101081 0.00695913 0.00450459
 0.00841375 0.0136471 0.0205025 0.0289058 0.038576 0.0488799 0.0587843 0.0670834 0.0728134 0.075551 0.075407 0.0728196 0.0683531 0.0625818 0.0560289 0.049127 0.0422043 0.0354976 0.0291758 0.0233607 0.0181412 0.0135823 0.00973073 0.00661216 0.00422065
 0.00851398 0.0137928 0.0206886 0.0291136 0.0387747 0.0490326 0.0588571 0.0670565 0.0726934 0.0753749 0.0752331 0.0727056 0.068332 0.0626519 0.0561608 0.04928 0.0423404 0.0355867 0.0291966 0.0233019 0.0180047 0.0133855 0.00950358 0.00638897 0.0040298
 0.00863096 0.0139707 0.0209324 0.0294177 0.0391215 0.0493924 0.0591888 0.0673121 0.0728283 0.075363 0.0750795 0.0724488 0.0680331 0.0623737 0.0559471 0.0491443 0.0422682 0.0355472 0.0291565 0.0232356 0.0178998 0.0132448 0.00934254 0.0062294 0.00389165
 0.00866518 0.0140201 0.0209953 0.0294888 0.0391934 0.0494582 0.0592436 0.0673525 0.0728503 0.075361 0.0750472 0.0723837 0.0679416 0.0622733 0.0558625 0.0490979 0.0422695 0.0355881 0.0292147 0.0232841 0.0179177 0.0132242 0.00928911 0.00615814 0.00381959
 0.00865785 0.0140203 0.0210176 0.0295523 0.039315 0.0496426 0.0594758 0.0675992 0.0730705 0.0755194 0.0751238 0.0723752 0.0678573 0.0621312 0.0556864 0.0489148 0.0421044 0.0354576 0.0291219 0.02322 0.017867 0.0131735 0.00923291 0.00609898 0.00376437
 0.00868291 0.0140574 0.0210671 0.0296145 0.0393919 0.0497405 0.0596047 0.0677671 0.0732746 0.0757403 0.0753269 0.0725214 0.0679172 0.0620946 0.055564 0.0487324 0.0418944 0.0352502 0.028939 0.023071 0.0177508 0.0130827 0.00915969 0.00603875 0.00371602
 0.00857444 0.0138965 0.020854 0.0293597 0.0391143 0.0494632 0.0593527 0.0675668 0.0731531 0.0757211 0.0754218 0.0727225 0.0681949 0.0624045 0.0558596 0.0489794 0.0420777 0.0353731 0.0290152 0.0231165 0.0177773 0.0130964 0.00916345 0.00603469 0.00370713
 0.00848435 0.0137469 0.0206241 0.0290317 0.0386813 0.0489394 0.0587807 0.0670143 0.072697 0.0754255 0.0753226 0.0728236 0.0684727 0.0628156 0.0563489 0.0494887 0.0425564 0.0357863 0.0293475 0.0233687 0.0179596 0.0132222 0.00924519 0.00608359 0.00373308
 0.00845447 0.0137055 0.0205743 0.0289781 0.0386256 0.0488749 0.0586913 0.0668807 0.0725095 0.0751954 0.0750843 0.0726242 0.0683554 0.0628052 0.0564454 0.0496703 0.0427877 0.0360289 0.0295698 0.0235514 0.0180964 0.0133165 0.00930512 0.00611845 0.00375121
 0.00822445 0.0133593 0.0201057 0.0284022 0.0379767 0.0482019 0.0580511 0.0663314 0.0720992 0.0749521 0.0750123 0.0727106 0.0685814 0.0631527 0.0568964 0.0502003 0.0433625 0.0366069 0.0301093 0.024019 0.0184732 0.0135986 0.00950142 0.00624498 0.00382643
 0.00818023 0.013274 0.0199537 0.0281544 0.0376117 0.0477205 0.0574882 0.0657531 0.071585 0.074569 0.0747963 0.0726636 0.0686811 0.063368 0.0571987 0.0505673 0.0437747 0.0370424 0.0305409 0.0244177 0.0188142 0.0138677 0.00969674 0.00637505 0.00390566
 0.00810708 0.0131511 0.0197609 0.0278694 0.0372137 0.0471976 0.0568471 0.0650272 0.0708367 0.0738827 0.0742622 0.0723553 0.0686358 0.0635783 0.0576199 0.051135 0.044423 0.0377138 0.0311893 0.0250066 0.0193168 0.0142684 0.0099931 0.00657709 0.0040319
 0.00807451 0.0131037 0.0196991 0.0277948 0.0371255 0.0470879 0.0566987 0.0648177 0.0705477 0.0735127 0.073836 0.0719248 0.0682695 0.0633419 0.0575563 0.0512528 0.0446969 0.0380967 0.0316263 0.0254467 0.0197193 0.0146062 0.0102534 0.00676074 0.00415002
 0.00794773 0.0129162 0.0194519 0.0275019 0.0368104 0.0467782 0.0564192 0.0645856 0.0703682 0.0733777 0.0737278 0.0718264 0.0681773 0.063273 0.0575439 0.0513316 0.0448871 0.0383931 0.0319994 0.0258528 0.0201128 0.0149506 0.0105274 0.00695916 0.00428052
 0.00787275 0.0127834 0.0192332 0.0271684 0.0363445 0.0461888 0.0557534 0.0639243 0.069804 0.072984 0.0735368 0.071826 0.0683253 0.0635188 0.0578483 0.0516756 0.0452681 0.0388129 0.0324513 0.0263158 0.0205556 0.0153408 0.0108423 0.00719067 0.00443506
 0.0085005 0.0136735 0.0203303 0.0283356 0.0373978 0.046956 0.0561247 0.0638727 0.0693764 0.0722783 0.0726748 0.0709268 0.0674824 0.0627874 0.0572473 0.0512023 0.0449136 0.038571 0.0323169 0.0262782 0.0205938 0.0154257 0.0109433 0.00728375 0.00450708
 0.00904579 0.0145355 0.0215738 0.0299835 0.0394019 0.0491666 0.0582804 0.065639 0.0704413 0.0724634 0.0719976 0.0695791 0.0657441 0.0609311 0.0554767 0.0496352 0.0435978 0.0375113 0.0314979 0.025676 0.0201791 0.0151632 0.010794 0.0072095 0.00447622
 0.00890125 0.0144088 0.0215829 0.0303026 0.0402133 0.0505814 0.0602661 0.0679936 0.0728299 0.0745013 0.0733507 0.0700494 0.0653157 0.0597597 0.0538265 0.0477923 0.0417985 0.0359087 0.0301659 0.0246313 0.0194042 0.0146219 0.0104406 0.00699586 0.00435758
 0.00850045 0.0138085 0.0207821 0.0293538 0.0392323 0.0497482 0.0598065 0.0681292 0.0736947 0.07606 0.0753696 0.0721515 0.0671016 0.0609355 0.0542809 0.0475976 0.0411491 0.0350361 0.0292681 0.0238384 0.0187769 0.014169 0.0101403 0.00681329 0.00425628
 0.0082962 0.0134527 0.0202062 0.0284888 0.038038 0.0482547 0.0581501 0.0665541 0.0725068 0.0755417 0.0756872 0.0732903 0.0688558 0.0629628 0.0562068 0.0491298 0.0421502 0.035529 0.0293832 0.023739 0.0186005 0.0140014 0.0100176 0.0067388 0.00421823
 0.00841095 0.0136068 0.0203751 0.0286218 0.0380619 0.0480875 0.0577226 0.065838 0.0715452 0.0744681 0.0747128 0.0726503 0.0687268 0.0633889 0.0570751 0.0502098 0.0431836 0.0363212 0.0298558 0.0239239 0.0185926 0.0139038 0.00990562 0.00665007 0.00416166
 0.00839057 0.0135826 0.0203534 0.0286099 0.0380599 0.0480781 0.0576647 0.0656722 0.0712137 0.0739442 0.0740293 0.0719111 0.0680907 0.0630225 0.0570891 0.0506095 0.0438609 0.0370994 0.0305612 0.024447 0.018909 0.0140527 0.00995128 0.00664878 0.00414798
 0.00838607 0.0135615 0.0202974 0.0284963 0.0378709 0.0478124 0.0573439 0.0653341 0.0708931 0.0736535 0.073755 0.0716321 0.0678075 0.062778 0.0569622 0.0506796 0.0441629 0.0375961 0.0311541 0.0250186 0.0193702 0.014369 0.0101364 0.00674137 0.00418759
 0.00837852 0.0135521 0.0202874 0.0284859 0.0378555 0.0477797 0.0572742 0.0652079 0.0707018 0.0734076 0.073481 0.0713596 0.0675579 0.0625646 0.0568015 0.0506012 0.0442028 0.0377748 0.0314554 0.0253878 0.0197356 0.0146717 0.0103498 0.00687055 0.00425508
 0.0083403 0.0135083 0.0202551 0.0284914 0.0379263 0.047931 0.0574978 0.0654687 0.0709462 0.0735789 0.0735365 0.0712828 0.0673612 0.0622827 0.056481 0.0502911 0.0439491 0.0376142 0.0314056 0.0254398 0.0198551 0.0148132 0.0104751 0.00696016 0.00430828
 0.00828648 0.0134104 0.0200907 0.0282383 0.0375746 0.0474978 0.0570359 0.0650579 0.0706666 0.0734788 0.0736135 0.0714891 0.0676277 0.0625469 0.0567052 0.0504674 0.0440923 0.0377498 0.0315572 0.0256178 0.0200526 0.0150096 0.0106468 0.00709117 0.00439544
 0.00827974 0.0134136 0.0201199 0.0283127 0.0377059 0.0476774 0.057229 0.0652135 0.0707409 0.0734582 0.0735207 0.0713668 0.0675122 0.0624512 0.0566204 0.0503776 0.0439906 0.0376447 0.0314674 0.025562 0.0200389 0.0150325 0.0106907 0.00713876 0.00443461
 0.0082376 0.0133513 0.0200386 0.0282203 0.0376178 0.0476156 0.0572171 0.0652681 0.0708604 0.0736179 0.0736798 0.0714864 0.0675731 0.0624579 0.0565914 0.0503307 0.0439357 0.0375867 0.0314122 0.0255185 0.0200157 0.0150323 0.0107087 0.00716544 0.00446063
 0.00825075 0.0133554 0.0200137 0.028139 0.0374551 0.0473635 0.0568962 0.0649275 0.0705648 0.0734252 0.0736217 0.0715595 0.0677438 0.062679 0.0568197 0.0505385 0.0441116 0.0377298 0.0315269 0.0256109 0.0200922 0.0150981 0.010766 0.00721353 0.00449789
 0.00824548 0.0133557 0.0200288 0.0281794 0.0375245 0.0474503 0.05697 0.0649478 0.0705003 0.0732736 0.0734156 0.0713536 0.0675904 0.0626066 0.0568263 0.0506002 0.0441982 0.0378174 0.0316026 0.0256718 0.0201408 0.0151381 0.0107999 0.00724215 0.00452068
 0.00827956 0.0134098 0.0201084 0.0282893 0.0376691 0.0476318 0.0571846 0.0651805 0.0707213 0.0734417 0.07349 0.0713114 0.0674392 0.0623829 0.0565801 0.0503745 0.0440157 0.0376807 0.031503 0.0255988 0.0200871 0.0151002 0.0107757 0.00722919 0.00451562
 0.00812379 0.0131823 0.019814 0.02795 0.0373193 0.0473091 0.0569233 0.0650079 0.0706558 0.0734891 0.0736393 0.0715337 0.0676941 0.0626317 0.0567982 0.0505566 0.0441705 0.0378197 0.0316322 0.0257169 0.0201897 0.0151835 0.010839 0.00727435 0.00454589
 0.0076643 0.0125145 0.0189569 0.0269744 0.036331 0.0464195 0.0562235 0.0645573 0.0704807 0.0735849 0.0739737 0.0720527 0.0683322 0.063322 0.0574824 0.0511913 0.0447312 0.038299 0.0320335 0.0260473 0.0204554 0.0153894 0.0109906 0.00737913 0.00461329
#obs surv len freq
 0.00496748 0.00813755 0.0123794 0.0177072 0.023995 0.0308772 0.0377273 0.0438201 0.0486024 0.0518708 0.053743 0.0545059 0.0544827 0.0539745 0.0532436 0.0525031 0.0518962 0.0514554 0.0510411 0.050284 0.0486022 0.0453656 0.0401974 0.0332665 0.0253546
 0.00518442 0.00849153 0.0129146 0.0184657 0.0250093 0.0321577 0.0392499 0.0455214 0.0503887 0.053634 0.0553754 0.0559071 0.0555616 0.0546512 0.0534544 0.0522071 0.0510819 0.050147 0.0493025 0.0482207 0.0463587 0.0431141 0.0381142 0.0314987 0.0239878
 0.00542403 0.0088823 0.013505 0.0193018 0.026126 0.0335652 0.0409194 0.0473805 0.0523314 0.0555411 0.0571334 0.0574173 0.0567412 0.0554299 0.0537711 0.0520108 0.0503382 0.0488497 0.0474883 0.0459826 0.0438502 0.0405378 0.03569 0.029417 0.0223654
 0.00566127 0.00927406 0.0141059 0.0201662 0.0272976 0.0350592 0.042706 0.0493786 0.0544212 0.0575886 0.059012 0.0590209 0.0579866 0.0562528 0.0541207 0.0518443 0.0496202 0.0475612 0.045645 0.043657 0.041188 0.0377524 0.0330287 0.0271044 0.0205472
 0.00590077 0.00966514 0.0146981 0.0210079 0.0284278 0.0364951 0.0444271 0.0513199 0.0564796 0.0596391 0.060927 0.0606843 0.0593013 0.0571442 0.0545341 0.0517391 0.0489652 0.0463371 0.0438588 0.0413669 0.0385253 0.0349252 0.0302918 0.0246997 0.0186395
 0.006138 0.0100554 0.015294 0.0218609 0.0295783 0.037956 0.0461683 0.053264 0.0585139 0.061639 0.0627753 0.0622803 0.0605618 0.0580013 0.0549334 0.051638 0.0483313 0.0451506 0.042124 0.0391335 0.0359129 0.0321307 0.0275646 0.0222845 0.0167099
 0.00639494 0.0104727 0.0159212 0.0227444 0.0307523 0.0394295 0.0479103 0.0551976 0.0605262 0.0636013 0.064565 0.0637946 0.0617226 0.0587535 0.0552386 0.0514675 0.0476618 0.043966 0.0404273 0.0369684 0.0333873 0.0294267 0.0249179 0.0199311 0.0148212
 0.00662489 0.0108543 0.0165095 0.0235945 0.0319072 0.0409012 0.0496618 0.0571388 0.0625291 0.0655279 0.066291 0.0652219 0.062781 0.059397 0.05544 0.0512117 0.0469395 0.0427731 0.038773 0.0348945 0.0309912 0.0268728 0.0224209 0.0177089 0.0130342
 0.00683698 0.0112024 0.0170398 0.024353 0.0329315 0.0422073 0.0512291 0.0589018 0.064384 0.067349 0.0679515 0.0666104 0.0638126 0.0600169 0.0556211 0.0509464 0.0462309 0.0416303 0.0372159 0.0329685 0.028787 0.0245373 0.0201447 0.0156854 0.0114064
 0.00705766 0.0115626 0.0175844 0.0251239 0.0339593 0.0434976 0.0527493 0.0605778 0.0661107 0.069011 0.0694412 0.0678373 0.0647064 0.0605283 0.0557218 0.0506272 0.0454977 0.0405003 0.0357188 0.0311557 0.0267462 0.0224012 0.0180804 0.0138602 0.0099429
 0.00727109 0.0119125 0.0181162 0.0258807 0.0349723 0.044771 0.0542463 0.0622164 0.0677764 0.070581 0.070806 0.0689138 0.0654397 0.0608885 0.0556979 0.0502217 0.044723 0.0393776 0.034281 0.029456 0.0248683 0.0204646 0.0162301 0.0122379 0.0086497
 0.0074455 0.0122001 0.0185566 0.0265132 0.0358278 0.0458593 0.0555426 0.0636563 0.0692639 0.0720061 0.0720634 0.0699162 0.0661251 0.0612221 0.0556693 0.0498389 0.0440055 0.0383526 0.0329853 0.0279422 0.0232139 0.0187751 0.0146296 0.0108444 0.00754501
 0.00750408 0.0123028 0.0187257 0.0267759 0.0362128 0.0463901 0.0562292 0.0644892 0.0702125 0.0730201 0.0730772 0.0708547 0.0669125 0.0617908 0.0559686 0.0498394 0.0436991 0.0377503 0.0321155 0.0268528 0.0219755 0.0174812 0.0133876 0.00975483 0.00667757
 0.00762351 0.0124803 0.0189625 0.0270644 0.0365416 0.0467517 0.0566243 0.0649261 0.0707004 0.073561 0.0736598 0.0714514 0.0674801 0.0622756 0.0563138 0.0499939 0.0436257 0.0374318 0.031558 0.026088 0.021061 0.0164975 0.0124271 0.00890407 0.00599653
 0.00766206 0.0125473 0.0190705 0.0272253 0.0367618 0.0470253 0.0569306 0.0652348 0.0709855 0.0738149 0.0738965 0.0716966 0.0677525 0.0625718 0.0566039 0.0502277 0.0437466 0.0373914 0.0313291 0.0256721 0.0204914 0.0158353 0.0117493 0.00828567 0.00549215
 0.00771214 0.0126186 0.0191596 0.0273244 0.0368626 0.0471249 0.057034 0.0653513 0.0711218 0.0739691 0.0740599 0.0718604 0.0679154 0.0627393 0.0567785 0.0503985 0.0438847 0.0374553 0.0312788 0.0254848 0.0201724 0.0154198 0.0112939 0.00785176 0.00512802
 0.00778656 0.012732 0.0193155 0.0275194 0.0370857 0.0473576 0.0572524 0.0655313 0.0712462 0.0740347 0.0740776 0.0718497 0.0678955 0.0627237 0.0567742 0.0504057 0.0438939 0.0374465 0.0312242 0.0253589 0.0199644 0.0151416 0.0109785 0.00754226 0.00486229
 0.00781213 0.0127742 0.0193798 0.0276108 0.0372064 0.0475048 0.0574157 0.0656931 0.0713857 0.074134 0.0741279 0.0718542 0.0678678 0.0626821 0.0567354 0.050379 0.0438793 0.037434 0.031196 0.0252949 0.0198506 0.0149781 0.0107819 0.00733999 0.00468211
 0.00785916 0.0128439 0.0194724 0.0277224 0.0373308 0.0476358 0.0575484 0.065823 0.0715067 0.0742371 0.0742021 0.0718896 0.06786 0.0626351 0.0566609 0.0502926 0.043794 0.0373554 0.0311204 0.0252121 0.0197497 0.0148546 0.0106416 0.00719754 0.00455465
 0.00787679 0.0128726 0.0195155 0.0277821 0.0374072 0.0477251 0.0576428 0.0659121 0.0715811 0.0742924 0.0742391 0.0719115 0.0678688 0.0626302 0.0566406 0.0502574 0.0437476 0.0373027 0.0310643 0.0251513 0.01968 0.0147732 0.0105506 0.00710467 0.00447036
 0.00788475 0.0128809 0.0195195 0.0277755 0.0373846 0.0476852 0.0575911 0.0658598 0.0715413 0.0742744 0.0742464 0.0719423 0.0679178 0.0626907 0.0567051 0.0503183 0.0437986 0.0373398 0.0310857 0.0251563 0.0196683 0.0147452 0.0105094 0.0070564 0.00442275
 0.00790252 0.0129059 0.0195498 0.0278061 0.037408 0.0476933 0.0575771 0.0658206 0.0714798 0.0742005 0.0741748 0.0718882 0.0678917 0.0626956 0.0567367 0.0503674 0.0438546 0.037393 0.0311289 0.0251848 0.0196803 0.0147412 0.0104923 0.00703125 0.00439541
 0.00790158 0.0129026 0.0195414 0.0277891 0.0373784 0.0476481 0.0575156 0.0657451 0.0713951 0.0741138 0.0740952 0.0718263 0.0678578 0.0626967 0.0567746 0.0504371 0.0439457 0.0374924 0.0312238 0.0252652 0.0197404 0.0147793 0.0105105 0.00703443 0.00438966
 0.0079072 0.0129103 0.0195502 0.0277967 0.0373818 0.0476436 0.0574996 0.065715 0.07135 0.0740554 0.0740283 0.0717579 0.0677971 0.0626529 0.0567554 0.0504464 0.0439823 0.0375498 0.0312917 0.0253327 0.0197981 0.0148218 0.0105368 0.00704675 0.00439243
 0.00787649 0.0128595 0.0194724 0.0276858 0.0372346 0.0474633 0.0572979 0.0655115 0.0711683 0.0739163 0.0739449 0.0717343 0.0678295 0.062733 0.056873 0.0505917 0.0441456 0.0377214 0.0314613 0.0254894 0.0199325 0.014928 0.010613 0.00709596 0.00442055
 0.00787632 0.0128518 0.0194472 0.0276295 0.0371333 0.0473088 0.0570931 0.0652722 0.0709202 0.0736892 0.0737664 0.0716241 0.0677968 0.0627759 0.0569806 0.0507479 0.0443328 0.0379228 0.031662 0.0256766 0.0200958 0.0150602 0.0107116 0.00716313 0.00446189
 0.00786691 0.0128386 0.0194309 0.0276103 0.0371096 0.0472748 0.0570383 0.0651848 0.070793 0.073526 0.0735841 0.0714495 0.0676582 0.0626955 0.0569689 0.0508028 0.0444425 0.0380698 0.0318272 0.0258424 0.0202477 0.0151882 0.0108106 0.00723292 0.00450653
 0.00783195 0.0127823 0.0193474 0.0274957 0.0369637 0.0471033 0.0568538 0.0650046 0.0706336 0.0733974 0.0734886 0.0713849 0.067624 0.062696 0.0570115 0.0508931 0.0445794 0.0382441 0.0320232 0.0260417 0.0204329 0.0153463 0.0109345 0.00732181 0.0045646
 0.00781758 0.0127551 0.0192993 0.0274173 0.0368464 0.0469436 0.0566573 0.0647868 0.0704175 0.0732076 0.0733447 0.0712978 0.0675948 0.062719 0.0570791 0.050999 0.0447192 0.0384124 0.0322111 0.0262359 0.0206183 0.0155088 0.0110651 0.00741765 0.00462851
 0.00777203 0.0126841 0.0191983 0.0272834 0.0366792 0.0467449 0.0564324 0.0645458 0.0701763 0.0729868 0.0731667 0.0711825 0.0675552 0.0627576 0.0571885 0.0511649 0.044925 0.0386424 0.0324512 0.0264725 0.0208378 0.0156993 0.0112182 0.00753059 0.00470451
 0.00774017 0.0126291 0.0191099 0.0271512 0.0364954 0.0465099 0.0561579 0.0642547 0.0698966 0.0727448 0.0729817 0.071066 0.0675132 0.0627919 0.0572961 0.0513373 0.0451479 0.0388979 0.0327201 0.0267366 0.0210812 0.0159093 0.0113866 0.00765524 0.00478892
 0.0093383 0.0148657 0.021808 0.0299224 0.0388525 0.048046 0.0566894 0.0638497 0.0687943 0.0712352 0.0713158 0.0694201 0.0659925 0.0614502 0.0561543 0.0503971 0.0443993 0.0383238 0.0322983 0.0264422 0.0208883 0.0157924 0.0113226 0.00762461 0.00477689
 0.00933409 0.0151529 0.0227582 0.0319951 0.0423944 0.0530203 0.0625043 0.0694542 0.0730503 0.0733656 0.0711613 0.0673815 0.0627558 0.0576939 0.0523807 0.0469028 0.0413247 0.0357152 0.0301538 0.0247357 0.0195799 0.0148326 0.0106546 0.0071875 0.00451035
 0.0089562 0.0145635 0.0219394 0.0310039 0.0414148 0.0523963 0.0626976 0.0708802 0.0758313 0.0771478 0.0751589 0.0706744 0.0646719 0.058042 0.0514204 0.0451286 0.0392322 0.0336651 0.0283481 0.0232549 0.0184323 0.013989 0.0100684 0.00680495 0.00427784
 0.00878552 0.01427 0.0214693 0.0303017 0.0404449 0.0511816 0.0613637 0.0696827 0.0751293 0.0773018 0.0763714 0.0728439 0.0673652 0.060636 0.0533529 0.0461107 0.0393037 0.0330932 0.0274629 0.0223254 0.0176189 0.0133564 0.009619 0.00651038 0.00409946
 0.00870965 0.0141427 0.0212691 0.0300024 0.0400173 0.0505986 0.0606133 0.0687876 0.0741713 0.0764389 0.0758269 0.0728482 0.0680542 0.0619547 0.0550334 0.0477613 0.0405696 0.0337918 0.0276195 0.0221065 0.0172267 0.0129493 0.00928377 0.00627299 0.00395014
 0.00868616 0.0140981 0.0211897 0.0298707 0.0398146 0.0503095 0.06023 0.0683117 0.0736158 0.0758346 0.0752338 0.0723672 0.0678183 0.0620883 0.0555865 0.0486584 0.0416157 0.0347469 0.0282992 0.0224475 0.0172828 0.012835 0.00911075 0.00611399 0.00383482
 0.00868277 0.0140949 0.0211886 0.0298729 0.039818 0.0503048 0.0601992 0.0682306 0.0734604 0.0755902 0.0749042 0.0719812 0.0674346 0.0617914 0.0554681 0.0487807 0.041973 0.0352538 0.0288209 0.022859 0.0175199 0.012907 0.00907419 0.00603356 0.00375603
 0.00866553 0.0140659 0.0211435 0.0298081 0.0397322 0.0502015 0.0600868 0.0681196 0.0733578 0.075494 0.0748031 0.0718613 0.0672914 0.0616405 0.0553481 0.0487432 0.0420602 0.0354724 0.0291301 0.0231849 0.0177892 0.0130783 0.00914869 0.00604101 0.00373245
 0.00866548 0.0140662 0.0211444 0.0298095 0.039733 0.0501988 0.0600763 0.0680968 0.0733199 0.0754412 0.0747374 0.071784 0.0672017 0.0615387 0.0552416 0.0486518 0.0420128 0.0354941 0.0292269 0.0233356 0.0179533 0.0132154 0.00923645 0.00608016 0.00373858
 0.00863949 0.0140306 0.0211031 0.0297702 0.0397049 0.0501888 0.0600859 0.0681214 0.0733505 0.0754671 0.0747496 0.0717773 0.0671745 0.0614929 0.0551821 0.0485876 0.0419578 0.0354657 0.0292384 0.0233883 0.0180338 0.013301 0.00930628 0.00612414 0.00375853
 0.00864383 0.0140313 0.021093 0.02974 0.0396472 0.0501039 0.059985 0.0680245 0.0732789 0.0754345 0.0747565 0.0718126 0.0672218 0.0615371 0.0552138 0.0486048 0.0419652 0.0354726 0.0292556 0.0234229 0.0180848 0.0133599 0.00936107 0.0061656 0.00378381
 0.00863581 0.014022 0.0210853 0.0297377 0.0396523 0.0501136 0.0599908 0.0680155 0.0732479 0.0753839 0.0746986 0.0717636 0.0671934 0.0615314 0.0552246 0.0486221 0.0419817 0.0354863 0.0292697 0.0234423 0.0181123 0.0133936 0.00939573 0.00619513 0.00380466
 0.0086164 0.0139912 0.0210407 0.0296784 0.0395803 0.0500344 0.0599137 0.0679508 0.0732035 0.0753614 0.0746941 0.0717712 0.0672103 0.0615581 0.0552626 0.0486706 0.0420364 0.0355418 0.0293219 0.0234901 0.0181563 0.0134342 0.00943161 0.00622433 0.00382579
 0.00862126 0.013997 0.0210455 0.029679 0.0395727 0.0500157 0.0598829 0.0679102 0.0731582 0.0753181 0.0746589 0.0717477 0.0671986 0.0615564 0.055269 0.0486841 0.0420565 0.0355674 0.029351 0.0235204 0.0181859 0.0134619 0.00945619 0.00624462 0.00384098
 0.00862241 0.0140002 0.0210524 0.0296917 0.0395923 0.0500408 0.0599091 0.0679306 0.0731656 0.0753086 0.0746334 0.0717114 0.0671589 0.06152 0.0552402 0.0486646 0.0420464 0.0355658 0.0293565 0.0235312 0.0182001 0.0134774 0.00947128 0.00625777 0.00385124
 0.00862241 0.0140002 0.0210524 0.0296917 0.0395923 0.0500408 0.0599091 0.0679306 0.0731656 0.0753086 0.0746334 0.0717114 0.0671589 0.06152 0.0552402 0.0486646 0.0420464 0.0355658 0.0293565 0.0235312 0.0182001 0.0134774 0.00947128 0.00625777 0.00385124
 0.00858798 0.0139473 0.0209788 0.0295981 0.0394828 0.0499234 0.0597953 0.0678336 0.0730975 0.0752762 0.0746365 0.0717442 0.0672129 0.0615877 0.0553157 0.0487439 0.0421262 0.0356433 0.0294291 0.0235966 0.0182567 0.0135242 0.00950785 0.00628466 0.00386962
 0.00863109 0.01401 0.0210595 0.0296901 0.0395762 0.0500074 0.0598606 0.067874 0.0731103 0.0752618 0.0745986 0.0716885 0.0671457 0.0615149 0.0552427 0.0486756 0.0420666 0.035595 0.0293931 0.0235726 0.0182428 0.0135179 0.00950667 0.00628621 0.00387213
#pred catch len freq
 0.00563064 0.00883405 0.0127337 0.0171645 0.0220056 0.0271716 0.0325299 0.0378532 0.0428626 0.0473062 0.0510067 0.0538707 0.0558866 0.0571117 0.0576438 0.057588 0.057033 0.0560341 0.0545797 0.0525373 0.0496209 0.0454583 0.0397965 0.0327618 0.0249791
 0.00600425 0.00935673 0.0133685 0.0178367 0.0226409 0.0277466 0.0330997 0.0385282 0.0437391 0.0483927 0.0521935 0.0549633 0.0566818 0.0574751 0.0575513 0.0571176 0.0563182 0.0551987 0.0536869 0.0515766 0.0485426 0.0442348 0.0384718 0.0314514 0.0238231
 0.0064802 0.010089 0.014389 0.0191372 0.0241649 0.029388 0.0347141 0.0399663 0.0448996 0.0492633 0.0528422 0.0554741 0.0570797 0.0576961 0.05748 0.0566609 0.0554592 0.0540003 0.0522495 0.0499898 0.0468661 0.0425177 0.0367845 0.029897 0.022511
 0.00689031 0.0107321 0.0153141 0.0203768 0.0257321 0.0312692 0.0368515 0.0422411 0.0471309 0.0512383 0.0543711 0.056448 0.0574931 0.057618 0.0569914 0.0558068 0.0542468 0.0524347 0.0503689 0.0478742 0.0446236 0.0402705 0.0346617 0.0280249 0.0209899
 0.00734683 0.011434 0.0162976 0.0216546 0.0273007 0.0331162 0.038955 0.0445551 0.0495675 0.0536552 0.0565761 0.0582264 0.0586571 0.0580567 0.0566942 0.0548441 0.0527244 0.0504553 0.0480244 0.0452633 0.0418723 0.0375358 0.0321164 0.0258262 0.0192447
 0.00784374 0.0121984 0.0173679 0.0230408 0.0289881 0.0350725 0.0411314 0.0468839 0.0519614 0.0560095 0.0587697 0.0601195 0.0600946 0.0588861 0.0567984 0.0541731 0.0513076 0.0483884 0.0454437 0.042328 0.0387618 0.0344504 0.0292632 0.023386 0.0173318
 0.00821569 0.0127862 0.018222 0.0241988 0.0304709 0.036878 0.0432234 0.0491855 0.0543592 0.0583697 0.0609556 0.0620036 0.0615615 0.0598307 0.0571257 0.0538081 0.0502143 0.0465886 0.0430272 0.0394492 0.0356269 0.0312982 0.0263352 0.0208851 0.0153808
 0.00851566 0.0132557 0.0188967 0.025105 0.0316279 0.0382986 0.0449077 0.0511081 0.0564577 0.060541 0.0630637 0.0638982 0.0631004 0.0608961 0.0576297 0.0536885 0.0494336 0.0451426 0.0409623 0.0368792 0.0327372 0.0283283 0.02354 0.0184825 0.0135037
 0.00882982 0.0137363 0.0195649 0.0259642 0.0326695 0.0395099 0.046275 0.0526131 0.0580708 0.0622147 0.0647281 0.0654608 0.0644508 0.061919 0.0582191 0.0537602 0.0489314 0.0440444 0.0392902 0.0347148 0.0302321 0.0256964 0.0210231 0.0162961 0.0117852
 0.0091341 0.0142097 0.0202377 0.0268502 0.0337642 0.0407894 0.0476933 0.0541036 0.0595564 0.0636227 0.066002 0.0665591 0.0653383 0.062555 0.0585515 0.0537279 0.0484747 0.0431202 0.0378907 0.0328861 0.0280879 0.0234144 0.0188157 0.014361 0.0102542
 0.00953543 0.0148237 0.0210909 0.027944 0.0350791 0.0422909 0.0493316 0.0558079 0.0612318 0.0651584 0.0672887 0.0675112 0.0659094 0.0627394 0.05837 0.0532059 0.0476255 0.0419434 0.0363874 0.0310848 0.0260673 0.0213099 0.0167998 0.0126005 0.00886281
 0.00982377 0.0152707 0.0217238 0.0287747 0.0361052 0.0434958 0.0506821 0.0572502 0.0626924 0.0665491 0.0685157 0.0684851 0.0665567 0.0630144 0.0582615 0.052733 0.0468239 0.0408503 0.0350366 0.0295168 0.0243478 0.0195421 0.015116 0.0111317 0.00770068
 0.0100052 0.0155556 0.0221346 0.0293274 0.0368088 0.0443512 0.0516775 0.058356 0.0638591 0.0677102 0.0695942 0.0694015 0.0672384 0.0634042 0.0583249 0.0524612 0.0462325 0.0399728 0.0339178 0.0282111 0.0229246 0.0180914 0.0137434 0.00993867 0.00675783
 0.0101914 0.0158377 0.0225217 0.0298167 0.0373904 0.045014 0.0524123 0.0591521 0.0646978 0.0685598 0.0704087 0.0701246 0.0678107 0.0637718 0.0584465 0.0523135 0.0458122 0.0392965 0.0330206 0.0271446 0.0217564 0.0169037 0.0126259 0.00897275 0.00599756
 0.0103437 0.0160652 0.0228267 0.0301893 0.0378127 0.0454676 0.0528835 0.0596333 0.065185 0.0690495 0.0708933 0.0705882 0.0682258 0.0641004 0.0586453 0.0523424 0.0456424 0.0389174 0.0324432 0.0264026 0.0209051 0.0160145 0.0117766 0.0082331 0.00541318
 0.0102726 0.0159751 0.0227382 0.0301365 0.0378335 0.0455883 0.0531073 0.0599398 0.065542 0.0694274 0.0712746 0.070966 0.0685957 0.0644508 0.0589518 0.0525692 0.0457498 0.0388723 0.0322294 0.0260281 0.0204038 0.015442 0.0111994 0.00771302 0.00499344
 0.0103354 0.0160557 0.022821 0.0301979 0.0378533 0.0455655 0.0530683 0.0599315 0.0656099 0.0695924 0.0715236 0.0712618 0.0688967 0.064726 0.0591832 0.0527441 0.0458528 0.0388836 0.0321306 0.0258129 0.0200855 0.0150553 0.0107929 0.00733641 0.00468379
 0.0104503 0.0162202 0.0230265 0.0304197 0.0380543 0.0457057 0.0531158 0.0598737 0.0654624 0.0693996 0.0713473 0.0711585 0.0688959 0.0648213 0.0593413 0.0529217 0.0460094 0.038987 0.0321577 0.0257511 0.0199369 0.0148391 0.0105424 0.00708979 0.00447266
 0.0105379 0.0163508 0.0232004 0.0306282 0.0382805 0.0459263 0.0533036 0.0599996 0.065501 0.0693382 0.0711948 0.0709487 0.0686794 0.0646494 0.0592464 0.0529071 0.0460521 0.0390494 0.0322018 0.0257487 0.0198757 0.014724 0.0103927 0.00693205 0.00433144
 0.0106003 0.0164411 0.0233157 0.0307586 0.0384124 0.0460462 0.0534013 0.0600686 0.0655357 0.0693327 0.0711438 0.0708518 0.0685468 0.0645034 0.0591171 0.0528213 0.0460218 0.0390666 0.0322423 0.0257828 0.0198801 0.0146894 0.010325 0.00684727 0.00424783
 0.0106107 0.0164662 0.0233681 0.0308535 0.0385619 0.0462515 0.0536468 0.0603228 0.0657603 0.0694941 0.0712215 0.0708404 0.0684538 0.0643459 0.0589202 0.0526146 0.0458338 0.0389164 0.0321342 0.0257071 0.01982 0.0146302 0.0102604 0.00678009 0.00418555
 0.0105979 0.0164468 0.0233427 0.0308259 0.0385409 0.0462523 0.0536885 0.0604224 0.0659226 0.0697041 0.071445 0.0710342 0.0685808 0.064387 0.0588776 0.0525079 0.0456915 0.0387673 0.0319999 0.0255977 0.0197345 0.0145616 0.0102017 0.0067281 0.00414101
 0.0104362 0.0162104 0.0230358 0.0304699 0.0381688 0.0458996 0.0533871 0.0601996 0.0658028 0.0697067 0.0715781 0.0712868 0.0689194 0.0647622 0.0592378 0.0528141 0.045926 0.0389322 0.0321096 0.025669 0.0197803 0.0145891 0.0102145 0.00672928 0.00413462
 0.0103647 0.0160929 0.0228574 0.030218 0.0378383 0.0454995 0.0529461 0.0597646 0.065429 0.0694446 0.0714621 0.0713305 0.0691147 0.0650812 0.0596364 0.0532402 0.0463309 0.0392813 0.0323871 0.0258756 0.0199262 0.0146869 0.010276 0.0067643 0.00415158
 0.0102565 0.0159359 0.0226554 0.0299845 0.03759 0.0452478 0.0526922 0.0595043 0.0651638 0.069191 0.0712532 0.0712061 0.0691075 0.0652041 0.0598785 0.0535697 0.0467035 0.0396518 0.032719 0.0261474 0.0201317 0.0148313 0.0103704 0.00682137 0.00418298
 0.0100105 0.0155731 0.0221788 0.0294223 0.0369883 0.0446585 0.0521623 0.0590693 0.0648456 0.0689978 0.0711825 0.0712516 0.0692653 0.065473 0.060254 0.054036 0.0472298 0.0401959 0.0332361 0.0266007 0.020499 0.015107 0.0105621 0.00694454 0.00425587
 0.00989175 0.0153815 0.0218942 0.0290297 0.0364847 0.0440605 0.0515129 0.0584347 0.0643009 0.0686058 0.0709774 0.0712353 0.0694154 0.0657568 0.0606395 0.0544962 0.04774 0.0407284 0.0337586 0.0270794 0.0209063 0.0154272 0.0107941 0.00709896 0.00434999
 0.00982114 0.0152659 0.0217179 0.0287757 0.0361359 0.0436037 0.0509464 0.0577778 0.0636005 0.0679353 0.0704243 0.0708791 0.0693043 0.0658959 0.0609944 0.0550094 0.0483485 0.0413751 0.0343951 0.027666 0.0214123 0.0158338 0.0110964 0.00730573 0.0044794
 0.00976225 0.01518 0.0216061 0.028643 0.0359867 0.0434358 0.0507469 0.0575267 0.0632797 0.0675426 0.0699833 0.0704412 0.0689392 0.0656714 0.0609556 0.0551652 0.0486719 0.0418148 0.0348916 0.0281634 0.0218659 0.0162138 0.0113889 0.00751198 0.004612
 0.00957746 0.01491 0.0212567 0.0282399 0.0355686 0.0430429 0.0504104 0.0572628 0.0630884 0.0674093 0.0698854 0.0703595 0.06887 0.0656328 0.0609824 0.0552936 0.0489216 0.0421785 0.0353355 0.0286385 0.0223219 0.0166105 0.0117033 0.007739 0.00476105
 0.00954124 0.0148398 0.0211309 0.0280338 0.0352632 0.0426378 0.0499329 0.0567666 0.0626388 0.0670616 0.0696683 0.0702708 0.0688855 0.0657221 0.0611243 0.0554833 0.0491671 0.0424877 0.035704 0.0290438 0.0227281 0.01698 0.0120078 0.00796619 0.00491423
 0.0102846 0.0158892 0.022415 0.0293836 0.036457 0.0434747 0.0502956 0.0566424 0.0621014 0.0662351 0.0686922 0.0692716 0.0679572 0.064918 0.0604618 0.0549587 0.0487719 0.0422165 0.0355519 0.0289994 0.0227685 0.0170726 0.0121187 0.00806867 0.00499362
 0.0109738 0.01694 0.0238607 0.0311936 0.0385268 0.045624 0.0522772 0.0581769 0.0629462 0.0662633 0.067937 0.067909 0.0662377 0.0630888 0.0587127 0.0534048 0.0474637 0.0411627 0.0347402 0.0284074 0.0223667 0.0168247 0.0119836 0.00800656 0.00497193
 0.0108104 0.0167781 0.0238091 0.0314177 0.0392053 0.0468757 0.0540918 0.0603854 0.0652451 0.068285 0.0693434 0.0684804 0.0659304 0.0620354 0.0571647 0.0516452 0.0457317 0.0396162 0.033457 0.0274063 0.0216305 0.0163166 0.0116574 0.00781359 0.00486774
 0.010293 0.0160195 0.0228274 0.0303009 0.0381097 0.0460091 0.0536832 0.0606351 0.0662557 0.0699948 0.071504 0.0707092 0.0678232 0.063291 0.0576646 0.0514604 0.0450629 0.0387068 0.0325174 0.0265757 0.0209744 0.0158448 0.0113464 0.00762608 0.00476483
 0.0100905 0.0156794 0.0222975 0.0295326 0.037078 0.0447426 0.0522929 0.0593216 0.0652793 0.0696091 0.0718726 0.0718348 0.0695222 0.065235 0.059483 0.0528591 0.0459058 0.039025 0.0324555 0.0263125 0.0206592 0.015569 0.0111462 0.00750049 0.00469584
 0.0101616 0.0157669 0.0223746 0.0295498 0.0369672 0.0444309 0.0517229 0.0584792 0.0642213 0.0684803 0.0708918 0.0712402 0.0694891 0.0658003 0.060518 0.0541114 0.0470936 0.0399367 0.0330065 0.0265392 0.0206676 0.0154739 0.0110314 0.00740846 0.00463713
