SBPRF35
7.49589
Curr Bio
517419
B35
488359
F35
0.216227
FOFL
0.200791
OFL
71525.2
Bzero
2.14168e+006
#pred survey bio
 2.69267e+006 2.55589e+006 2.37322e+006 2.1739e+006 1.90067e+006 1.59511e+006 1.37648e+006 1.27407e+006 1.17798e+006 1.08156e+006 930572 813979 731528 651300 591731 568907 553524 537972 518516 508063 495452 489587 499811 514364 510993 538704 552594 559207 537350 524436 522354 518714 542114 565821 589867 610594 572360 565204 591087 596469 602700 631436 592408 617179 636503 613488 595125 578968 524297 1.61646e+007 9.69757e+006 1.0104e+007 1.09988e+007 1.21036e+007 1.31949e+007 1.41505e+007 1.49265e+007 1.55262e+007 1.59745e+007 1.63023e+007 1.65389e+007 1.67083e+007 1.68292e+007 1.69156e+007 1.69775e+007 1.7022e+007 1.70543e+007 1.70779e+007 1.70952e+007 1.71079e+007 1.71174e+007 1.71245e+007 1.71299e+007 1.71339e+007 1.71369e+007 1.71392e+007 1.7141e+007 1.71423e+007 1.71433e+007 1.71441e+007 1.71447e+007 1.71452e+007 1.71455e+007 1.71458e+007 1.7146e+007 1.71462e+007 1.71463e+007 1.71464e+007 1.71464e+007 1.71465e+007 1.71465e+007 1.71466e+007 1.71466e+007 1.71466e+007 1.71466e+007 1.71467e+007 1.71467e+007 1.71467e+007 1.71467e+007 1.71467e+007 1.71467e+007 1.71467e+007 1.71467e+007 1.71467e+007 1.71467e+007 1.71467e+007 1.71467e+007 1.71467e+007 1.71467e+007 1.71467e+007 1.71467e+007 1.71467e+007 1.71467e+007 1.71467e+007 1.71467e+007 1.71467e+007 1.71467e+007 1.71467e+007 1.71467e+007 1.71467e+007 1.71467e+007 1.71467e+007 1.71467e+007 1.71467e+007 1.71467e+007 1.71467e+007 1.71467e+007 1.71467e+007 1.71467e+007 1.71467e+007 1.71467e+007 1.71467e+007 1.71467e+007 1.71467e+007 1.71467e+007 1.71467e+007 1.71467e+007 1.71467e+007 1.71467e+007 1.71467e+007 1.71467e+007 1.71467e+007 1.71467e+007 1.71467e+007 1.71467e+007 1.71467e+007 1.71467e+007 1.71467e+007 1.71467e+007 0 0 0 0 0 0 0 0 0 0 0 0 0 0 0 0 0 0 0 0 0 0 0 0 0
#obs survey bio
 2.41814e+006 2.72841e+006 2.47632e+006 2.44179e+006 1.73028e+006 1.85468e+006 901594 1.28885e+006 1.26584e+006 1.18251e+006 812806 626683 576322 706538 507353 523402 598957 483001 649398 421403 501167 435821 674189 677224 364023 498004 630916 559720 466779 511020 478125 586612 500407 537147 630813 728486 437302 489642 560233 460963 643720 845883 452151 625114 779408 675833 664704 617200 520347
#pred catch bio
 283286 289274 278809 296788 313410 299855 285957 275871 249069 272220 234155 204604 191353 171082 144757 144817 130578 123299 109010 111339 113353 103811 100619 108984 96762.9 106541 94699.5 99936.3 96521.6 92007 101575 88739.7 87464.4 88086 85241.5 95929.6 84989.5 80261.8 81811.7 90859.1 82980.2 96317.8 96414 91421.4 93354.5 98923.5 89305.2 92898.2 100517 71525.2 75834.5 77551.1 83546.7 91738.7 99888.7 106917 112483 116645 119630 121706 123116 124057 124676 125079 125338 125505 125611 125678 125720 125747 125763 125774 125781 125785 125787 125789 125790 125790 125791 125791 125791 125791 125791 125791 125791 125791 125791 125791 125791 125791 125791 125791 125791 125791 125791 125791 125791 125791 125791 125791 125791 125791 125791 125791 125791 125791 125791 125791 125791 125791 125791 125791 125791 125791 125791 125791 125791 125791 125791 125791 125791 125791 125791 125791 125791 125791 125791 125791 125791 125791 125791 125791 125791 125791 125791 125791 125791 125791 125791 125791 125791 125791 125791 125791 125791 125791 125791 125791 125791 0 0 0 0 0 0 0 0 0 0 0 0 0 0 0 0 0 0 0 0 0 0 0 0 0
#obs catch bio
 254671 289306 278636 296551 313091 299242 288345 276684 248499 272239 234027 204823 191221 171072 144619 145732 130419 123294 108806 111223 113588 103890 100618 108826 96890.4 106865 94503.9 99816.7 96538 91888.5 101815 88852.3 87431.3 88112.5 85182.1 95890.9 84948 80359 81657.7 90989.5 82964.1 96089.1 96844.4 91403.4 93157 99104.3 89242.1 92748.2 100682
#pred cpue bio
 2.66002e+006 2.52309e+006 2.33979e+006 2.14051e+006 1.86901e+006 1.56592e+006 1.34864e+006 1.24577e+006 1.14962e+006 1.05366e+006 904446 789359 708100 629469 571188 548782 533672 518632 499705 489636 477388 471588 481463 495675 492422 519279 532790 539528 518566 506154 504386 500741 522310 543394 565519 585680 549338 542487 567479 572924 578704 606477 569103 592631 611445 589546 571706 556339 503875 1.55053e+007 9.2768e+006 9.54412e+006 1.03443e+007 1.14283e+007 1.25165e+007 1.34716e+007 1.42476e+007 1.48473e+007 1.52956e+007 1.56234e+007 1.586e+007 1.60293e+007 1.61503e+007 1.62367e+007 1.62986e+007 1.63431e+007 1.63754e+007 1.6399e+007 1.64163e+007 1.6429e+007 1.64385e+007 1.64456e+007 1.6451e+007 1.6455e+007 1.6458e+007 1.64603e+007 1.64621e+007 1.64634e+007 1.64644e+007 1.64652e+007 1.64658e+007 1.64663e+007 1.64666e+007 1.64669e+007 1.64671e+007 1.64673e+007 1.64674e+007 1.64675e+007 1.64675e+007 1.64676e+007 1.64676e+007 1.64677e+007 1.64677e+007 1.64677e+007 1.64677e+007 1.64677e+007 1.64678e+007 1.64678e+007 1.64678e+007 1.64678e+007 1.64678e+007 1.64678e+007 1.64678e+007 1.64678e+007 1.64678e+007 1.64678e+007 1.64678e+007 1.64678e+007 1.64678e+007 1.64678e+007 1.64678e+007 1.64678e+007 1.64678e+007 1.64678e+007 1.64678e+007 1.64678e+007 1.64678e+007 1.64678e+007 1.64678e+007 1.64678e+007 1.64678e+007 1.64678e+007 1.64678e+007 1.64678e+007 1.64678e+007 1.64678e+007 1.64678e+007 1.64678e+007 1.64678e+007 1.64678e+007 1.64678e+007 1.64678e+007 1.64678e+007 1.64678e+007 1.64678e+007 1.64678e+007 1.64678e+007 1.64678e+007 1.64678e+007 1.64678e+007 1.64678e+007 1.64678e+007 1.64678e+007 1.64678e+007 1.64678e+007 1.64678e+007 1.64678e+007 1.64678e+007 1.64678e+007 0 0 0 0 0 0 0 0 0 0 0 0 0 0 0 0 0 0 0 0 0 0 0 0 0
#obs cpue bio
 2.85012e+006 2.68473e+006 2.12265e+006 2.11848e+006 2.26897e+006 1.43124e+006 981358 1.63807e+006 1.28337e+006 1.02494e+006 992247 919812 1.01821e+006 574455 641189 434234 656852 570521 413540 609726 412741 515489 356738 486407 468405 597508 537686 600346 535172 532738 517041 378288 669133 558586 495199 627481 636606 513827 779183 676531 445626 733419 410709 722855 617166 447533 508267 602021 463806
#pred surv len freq
 0.00471906 0.007769 0.0118893 0.0171145 0.02333 0.0301688 0.0369978 0.0430915 0.0479115 0.0512788 0.0533309 0.0543516 0.0546259 0.054382 0.053793 0.0529981 0.0521242 0.0512817 0.0505079 0.0496557 0.0483003 0.045791 0.0415225 0.0353299 0.0277351
 0.00515769 0.00840856 0.0127185 0.0180837 0.0243761 0.0312489 0.0381067 0.0442467 0.0491143 0.0524802 0.0544294 0.0552279 0.0551936 0.0546221 0.053752 0.0527522 0.0517287 0.050732 0.0497319 0.0485483 0.0467907 0.0439099 0.0394282 0.0332669 0.0259449
 0.00534681 0.00878074 0.013392 0.0191924 0.0260178 0.0334167 0.0406441 0.0468722 0.0515164 0.0544285 0.05583 0.0560975 0.0555912 0.0545982 0.0533416 0.0519927 0.0506677 0.0494103 0.0481595 0.0467038 0.044658 0.0415355 0.0369559 0.0309157 0.0239345
 0.00551526 0.00904361 0.0137733 0.019723 0.0267483 0.0344245 0.0420181 0.0486676 0.0536951 0.0568237 0.058171 0.0580932 0.0570246 0.055376 0.0534795 0.0515655 0.0497632 0.0481041 0.046507 0.0447444 0.0424361 0.0391343 0.0345208 0.0286407 0.0220071
 0.00571314 0.00937464 0.0142873 0.0204687 0.0277602 0.0357067 0.0435358 0.0503577 0.0554919 0.0586759 0.0600285 0.0598712 0.0585813 0.0565329 0.0540778 0.0515183 0.0490696 0.046827 0.0447375 0.0425805 0.0399862 0.0365344 0.0319462 0.0262882 0.0200483
 0.00597507 0.00980531 0.0149445 0.0214094 0.0290289 0.0373167 0.0454492 0.0524776 0.0576766 0.0607724 0.0619084 0.0614499 0.0598102 0.0573719 0.0544703 0.05139 0.0483549 0.0455017 0.0428369 0.0401987 0.0372678 0.0336672 0.0291479 0.0237763 0.0179924
 0.00621314 0.0102064 0.0155741 0.0223367 0.0303126 0.0389809 0.0474604 0.0547366 0.0600331 0.0630549 0.0639546 0.0631294 0.0610362 0.0581011 0.0546888 0.0510916 0.0475259 0.0441257 0.040919 0.0377958 0.0345071 0.0307442 0.0263007 0.0212373 0.0159336
 0.00639817 0.0105193 0.0160683 0.0230718 0.0313447 0.0403455 0.049153 0.0567014 0.0621658 0.065217 0.0659936 0.0648977 0.0624093 0.0589906 0.0550466 0.0509025 0.0467934 0.042861 0.0391449 0.0355663 0.0319331 0.0280046 0.0236228 0.0188481 0.0140007
 0.00664609 0.0109076 0.016626 0.0238192 0.0322934 0.0414984 0.0505006 0.058216 0.0637984 0.0668981 0.0676355 0.0664003 0.0636669 0.0599034 0.0555321 0.0509041 0.0462825 0.0418349 0.0376265 0.0336129 0.0296514 0.0255594 0.0212222 0.0167012 0.0122628
 0.00674267 0.0110869 0.0169363 0.0243161 0.0330246 0.0424804 0.0517011 0.0595572 0.0651816 0.0682364 0.0688726 0.0675046 0.0646118 0.0606489 0.0560191 0.0510633 0.0460493 0.0411653 0.03651 0.0320842 0.0278004 0.0235326 0.0192062 0.0148838 0.0107847
 0.00702097 0.0115366 0.0176079 0.025255 0.0342621 0.0440186 0.0534956 0.0615061 0.0671341 0.0700197 0.0703289 0.0685264 0.06516 0.0607468 0.0557246 0.0504333 0.045117 0.0399383 0.0349891 0.0302905 0.0257996 0.0214443 0.0171897 0.0131008 0.00935406
 0.00720003 0.011836 0.0180738 0.025935 0.0351946 0.0452171 0.0549329 0.0631096 0.0687964 0.0716175 0.0717405 0.0696435 0.065899 0.0610599 0.0556071 0.0499187 0.0442587 0.0387888 0.033591 0.0286856 0.0240495 0.0196453 0.0154684 0.0115873 0.00814384
 0.007252 0.0119355 0.018252 0.0262323 0.035654 0.045872 0.0557941 0.0641573 0.0699802 0.072863 0.0729584 0.0707392 0.0667821 0.0616539 0.0558594 0.049807 0.043792 0.0380014 0.032533 0.0274176 0.0226449 0.0181962 0.0140824 0.0103696 0.00717071
 0.00736116 0.0121072 0.0185006 0.0265692 0.0360889 0.0464124 0.056443 0.0649087 0.0708145 0.0737449 0.0738381 0.0715563 0.0674724 0.0621567 0.0561236 0.0497967 0.043491 0.0374166 0.0316946 0.0263778 0.021476 0.016987 0.0129298 0.00936252 0.00637017
 0.00753909 0.0123766 0.0188687 0.0270293 0.036622 0.0469923 0.0570398 0.0654933 0.0713635 0.0742449 0.0742858 0.0719516 0.0678087 0.0624141 0.0562693 0.0497916 0.0433001 0.0370189 0.0310912 0.0255963 0.0205705 0.0160328 0.0120117 0.00855758 0.0057303
 0.00749548 0.012325 0.018826 0.0270219 0.0366766 0.0471236 0.057242 0.0657425 0.0716309 0.0745127 0.0745542 0.0722337 0.0681166 0.0627454 0.0565997 0.0500777 0.0434888 0.0370612 0.0309559 0.02528 0.0201015 0.0154674 0.0114222 0.00801439 0.00528472
 0.00758401 0.0124473 0.0189713 0.0271699 0.0368071 0.0472296 0.0573366 0.0658522 0.071779 0.0747026 0.0747668 0.0724394 0.0682929 0.0628862 0.0567103 0.0501612 0.043535 0.0370452 0.0308481 0.0250609 0.0197742 0.0150619 0.0109879 0.00760579 0.00494459
 0.00771228 0.0126285 0.0191928 0.0274002 0.0370028 0.0473473 0.0573466 0.0657495 0.071588 0.0744742 0.0745641 0.0723165 0.0682759 0.0629682 0.0568614 0.0503433 0.0437118 0.0371848 0.0309217 0.0250468 0.0196651 0.0148708 0.0107469 0.0073564 0.00472396
 0.0078027 0.0127759 0.0194133 0.027704 0.0373857 0.0477811 0.0577742 0.0660937 0.0717753 0.074464 0.0743674 0.0719925 0.0679089 0.0626366 0.0566143 0.050193 0.0436403 0.0371572 0.0309 0.0249992 0.0195726 0.0147313 0.0105752 0.00717772 0.00456372
 0.00779803 0.0127629 0.0193847 0.0276524 0.0373084 0.0476856 0.0576804 0.0660267 0.0717525 0.0744835 0.0744075 0.0720248 0.0679169 0.0626264 0.0566104 0.0502223 0.043716 0.0372718 0.0310286 0.0251105 0.0196413 0.0147461 0.0105412 0.00711232 0.00448873
 0.00778547 0.0127551 0.0193954 0.0276998 0.0374078 0.0478395 0.0578717 0.0662231 0.0719188 0.0745954 0.0744572 0.0720161 0.0678575 0.0625245 0.0564781 0.0500788 0.0435849 0.0371714 0.0309643 0.0250732 0.0196134 0.0147117 0.0104933 0.00705417 0.0044296
 0.00788329 0.012896 0.0195749 0.027904 0.0376202 0.0480489 0.058077 0.0664279 0.072121 0.0747791 0.0745937 0.0720755 0.0678217 0.0623944 0.0562719 0.0498249 0.0433145 0.0369135 0.0307397 0.0248911 0.0194716 0.0146011 0.0104041 0.00698039 0.00436981
 0.00785798 0.0128599 0.0195291 0.0278515 0.037563 0.0479862 0.0580054 0.0663463 0.072038 0.0747149 0.0745743 0.0721186 0.067925 0.0625349 0.0564158 0.0499431 0.0433925 0.0369524 0.0307506 0.024887 0.0194616 0.0145886 0.0103892 0.00696304 0.00435134
 0.00781816 0.0127879 0.0194082 0.027664 0.0372974 0.0476464 0.0576171 0.0659552 0.0716969 0.074469 0.0744511 0.0721273 0.0680596 0.0627761 0.0567321 0.0502943 0.0437378 0.0372598 0.031003 0.0250815 0.0196039 0.0146877 0.0104539 0.00700115 0.00437047
 0.00794543 0.0129754 0.0196535 0.0279497 0.0375923 0.047911 0.0578097 0.0660398 0.071653 0.0743001 0.0741864 0.0718141 0.0677495 0.0625117 0.0565391 0.0501785 0.0436884 0.0372554 0.0310202 0.0251021 0.0196183 0.0146935 0.0104527 0.00699596 0.00436379
 0.00783141 0.0128114 0.0194458 0.0277167 0.0373582 0.0476954 0.057621 0.0658752 0.0715056 0.0741671 0.074074 0.0717371 0.067726 0.0625567 0.0566591 0.0503689 0.043933 0.0375298 0.0312968 0.0253555 0.0198307 0.014857 0.0105683 0.00707101 0.00440826
 0.00786891 0.0128526 0.0194725 0.0277029 0.0372805 0.0475477 0.0574233 0.0656681 0.0713315 0.0740499 0.0740109 0.0717072 0.0677081 0.0625433 0.056658 0.0503956 0.0439997 0.037638 0.0314359 0.0255072 0.0199753 0.0149795 0.0106614 0.00713456 0.00444735
 0.0078119 0.0127578 0.0193255 0.0274877 0.0369822 0.0471574 0.0569459 0.0651305 0.0707857 0.0735666 0.0736629 0.0715466 0.0677492 0.0627607 0.0570013 0.0508104 0.0444428 0.0380804 0.0318579 0.0258926 0.0203096 0.0152515 0.0108669 0.00727754 0.00453829
 0.00782449 0.0127782 0.0193553 0.0275264 0.0370249 0.0471918 0.0569514 0.0650807 0.0706567 0.0733487 0.0733705 0.0712201 0.0674456 0.0625355 0.0568899 0.0508192 0.0445532 0.0382608 0.0320755 0.0261195 0.020524 0.0154376 0.0110151 0.00738535 0.00460947
 0.00772966 0.0126464 0.0191983 0.027369 0.0368977 0.0471196 0.0569427 0.0651245 0.0707261 0.0734096 0.0733912 0.071182 0.0673505 0.0624072 0.0567672 0.0507419 0.0445472 0.0383309 0.0322073 0.0262877 0.0207016 0.0156022 0.011152 0.00748827 0.00467939
 0.0077462 0.0126447 0.019145 0.0272208 0.0366187 0.0467063 0.0564401 0.0646196 0.0703168 0.0731656 0.0733304 0.0712722 0.0675327 0.0626234 0.0569806 0.050942 0.0447431 0.0385369 0.0324307 0.0265233 0.020934 0.0158128 0.0113262 0.00761922 0.00476868
 0.00855 0.0138004 0.020602 0.0288305 0.0381693 0.0479845 0.0572865 0.0649568 0.0701521 0.0725793 0.0724522 0.0702477 0.0664862 0.0616352 0.0560862 0.0501493 0.0440523 0.0379522 0.0319588 0.0261669 0.0206859 0.0156556 0.0112368 0.00757425 0.0047492
 0.00926919 0.0149302 0.0222201 0.0309588 0.0407426 0.0508184 0.0600666 0.0672825 0.0716458 0.0730152 0.0718317 0.0687784 0.064486 0.0594219 0.0539036 0.0481449 0.0422934 0.0364567 0.0307227 0.0251784 0.0199281 0.0151045 0.0108598 0.00733367 0.0046068
 0.00927077 0.0150296 0.0225471 0.0316894 0.0420477 0.0527831 0.0626169 0.0701629 0.0744659 0.0753464 0.0733174 0.0692207 0.0638874 0.0579666 0.0518885 0.0458877 0.0400578 0.0344178 0.0289714 0.0237455 0.0188085 0.0142722 0.0102757 0.00695001 0.00437296
 0.00896596 0.0145805 0.0219642 0.0310309 0.0414271 0.0523663 0.0626018 0.0707307 0.0757059 0.0771851 0.0754978 0.0713603 0.0655948 0.0589648 0.0520866 0.0453798 0.0390598 0.0331816 0.0277139 0.0226134 0.0178767 0.0135606 0.00976928 0.00661473 0.00416757
 0.00869532 0.0141413 0.0213084 0.0301241 0.0402687 0.0510167 0.0612046 0.0695102 0.0749255 0.0770734 0.0761689 0.0727589 0.0674928 0.0610169 0.0539316 0.0467474 0.0398376 0.0334162 0.0275568 0.0222464 0.0174534 0.0131792 0.00947389 0.00641111 0.00404087
 0.00888952 0.0143956 0.0215764 0.0303218 0.0402938 0.050783 0.0606759 0.0687201 0.0739797 0.0761368 0.0754365 0.0724106 0.0676366 0.0616413 0.0548949 0.0478183 0.0407752 0.0340519 0.0278385 0.0222288 0.0172499 0.012907 0.00921758 0.00621248 0.00390767
 0.00887157 0.0143965 0.0216294 0.0304661 0.0405514 0.0511286 0.0610211 0.0689309 0.0739291 0.0757674 0.0747984 0.0716532 0.0669584 0.061221 0.05483 0.0480926 0.0412701 0.034597 0.0282801 0.0224827 0.0173141 0.0128375 0.0090876 0.00608058 0.00380466
 0.00879162 0.0142657 0.0214339 0.0301998 0.040225 0.0507784 0.0607073 0.0687181 0.0738523 0.0758052 0.0748783 0.0716925 0.0669178 0.0611328 0.0547813 0.0481746 0.0415241 0.0349904 0.0287237 0.022876 0.0175901 0.0129817 0.00912846 0.00606314 0.00376788
 0.00887067 0.0143644 0.0215271 0.0302455 0.0401761 0.0506016 0.0604014 0.068321 0.0734327 0.0754408 0.0746281 0.071575 0.0669083 0.0611845 0.0548583 0.0482738 0.0416692 0.0352033 0.0289977 0.0231711 0.0178529 0.0131733 0.00923916 0.00610884 0.00377497
 0.00884617 0.0143602 0.0215841 0.0304159 0.0405009 0.051079 0.0609663 0.0688556 0.0738089 0.0755732 0.0745056 0.0712558 0.066484 0.0607401 0.0544491 0.0479259 0.0413944 0.0350098 0.0288885 0.0231363 0.0178672 0.013205 0.00926356 0.00611617 0.00376824
 0.00865594 0.0140664 0.0211736 0.0298957 0.0399051 0.0504741 0.060447 0.0685228 0.0737317 0.075754 0.0748752 0.0717045 0.0669119 0.0610923 0.05472 0.0481394 0.0415791 0.0351865 0.0290665 0.023315 0.0180381 0.0133548 0.00938048 0.00619558 0.00381418
 0.00881819 0.0142868 0.0214252 0.0301262 0.0400523 0.0504899 0.0603195 0.0682834 0.0734454 0.075497 0.0747071 0.0716474 0.0669445 0.0611643 0.0547792 0.0481558 0.0415526 0.0351376 0.0290203 0.0232885 0.018036 0.0133711 0.00940461 0.00621785 0.00382945
 0.00869667 0.01415 0.0213282 0.0301492 0.040268 0.0509186 0.060899 0.0688807 0.0739103 0.0757276 0.0746883 0.0714419 0.0666497 0.0608641 0.0545173 0.0479371 0.0413632 0.0349651 0.0288641 0.0231564 0.0179356 0.0133043 0.00936592 0.00619832 0.00382053
 0.00866814 0.0140676 0.0211431 0.0298073 0.03974 0.0502378 0.0601783 0.0682859 0.0735908 0.0757448 0.0749907 0.071903 0.0671384 0.0612989 0.0548764 0.0482335 0.0416151 0.0351809 0.0290438 0.0232997 0.0180461 0.0133878 0.00942814 0.00624311 0.00385075
 0.00869101 0.0141057 0.0211991 0.0298766 0.0398034 0.0502563 0.0600998 0.0680686 0.0732358 0.0753155 0.0745961 0.0716485 0.067075 0.061406 0.0550862 0.0484743 0.0418397 0.0353708 0.0291977 0.0234217 0.0181405 0.0134587 0.0094796 0.006279 0.00387448
 0.0086411 0.0140529 0.0211715 0.029916 0.039952 0.0505345 0.0604876 0.0685004 0.073616 0.0755503 0.0746292 0.0714842 0.0667758 0.0610633 0.05478 0.0482451 0.0416876 0.035274 0.0291327 0.0233739 0.0181039 0.0134315 0.00946084 0.00626743 0.00386824
 0.00851683 0.0138546 0.0208826 0.0295305 0.0394837 0.0500266 0.0600149 0.0681549 0.073475 0.0756409 0.0749125 0.071872 0.0671708 0.0613986 0.0550369 0.0484425 0.0418565 0.0354347 0.0292886 0.0235169 0.0182248 0.0135256 0.00952885 0.00631326 0.00389706
 0.00880789 0.0142604 0.0213682 0.0300206 0.0398821 0.0502508 0.0600256 0.0679673 0.0731502 0.0752639 0.0745652 0.0716089 0.0670044 0.061304 0.0549718 0.0483731 0.0417713 0.0353428 0.0292057 0.0234541 0.0181836 0.0135016 0.00951592 0.00630667 0.00389387
#obs surv len freq
 0.00496748 0.00813755 0.0123794 0.0177072 0.023995 0.0308772 0.0377273 0.0438201 0.0486024 0.0518708 0.053743 0.0545059 0.0544827 0.0539745 0.0532436 0.0525031 0.0518962 0.0514554 0.0510411 0.050284 0.0486022 0.0453656 0.0401974 0.0332665 0.0253546
 0.00518442 0.00849153 0.0129146 0.0184657 0.0250093 0.0321577 0.0392499 0.0455214 0.0503887 0.053634 0.0553754 0.0559071 0.0555616 0.0546512 0.0534544 0.0522071 0.0510819 0.050147 0.0493025 0.0482207 0.0463587 0.0431141 0.0381142 0.0314987 0.0239878
 0.00542403 0.0088823 0.013505 0.0193018 0.026126 0.0335652 0.0409194 0.0473805 0.0523314 0.0555411 0.0571334 0.0574173 0.0567412 0.0554299 0.0537711 0.0520108 0.0503382 0.0488497 0.0474883 0.0459826 0.0438502 0.0405378 0.03569 0.029417 0.0223654
 0.00566127 0.00927406 0.0141059 0.0201662 0.0272976 0.0350592 0.042706 0.0493786 0.0544212 0.0575886 0.059012 0.0590209 0.0579866 0.0562528 0.0541207 0.0518443 0.0496202 0.0475612 0.045645 0.043657 0.041188 0.0377524 0.0330287 0.0271044 0.0205472
 0.00590077 0.00966514 0.0146981 0.0210079 0.0284278 0.0364951 0.0444271 0.0513199 0.0564796 0.0596391 0.060927 0.0606843 0.0593013 0.0571442 0.0545341 0.0517391 0.0489652 0.0463371 0.0438588 0.0413669 0.0385253 0.0349252 0.0302918 0.0246997 0.0186395
 0.006138 0.0100554 0.015294 0.0218609 0.0295783 0.037956 0.0461683 0.053264 0.0585139 0.061639 0.0627753 0.0622803 0.0605618 0.0580013 0.0549334 0.051638 0.0483313 0.0451506 0.042124 0.0391335 0.0359129 0.0321307 0.0275646 0.0222845 0.0167099
 0.00639494 0.0104727 0.0159212 0.0227444 0.0307523 0.0394295 0.0479103 0.0551976 0.0605262 0.0636013 0.064565 0.0637946 0.0617226 0.0587535 0.0552386 0.0514675 0.0476618 0.043966 0.0404273 0.0369684 0.0333873 0.0294267 0.0249179 0.0199311 0.0148212
 0.00662489 0.0108543 0.0165095 0.0235945 0.0319072 0.0409012 0.0496618 0.0571388 0.0625291 0.0655279 0.066291 0.0652219 0.062781 0.059397 0.05544 0.0512117 0.0469395 0.0427731 0.038773 0.0348945 0.0309912 0.0268728 0.0224209 0.0177089 0.0130342
 0.00683698 0.0112024 0.0170398 0.024353 0.0329315 0.0422073 0.0512291 0.0589018 0.064384 0.067349 0.0679515 0.0666104 0.0638126 0.0600169 0.0556211 0.0509464 0.0462309 0.0416303 0.0372159 0.0329685 0.028787 0.0245373 0.0201447 0.0156854 0.0114064
 0.00705766 0.0115626 0.0175844 0.0251239 0.0339593 0.0434976 0.0527493 0.0605778 0.0661107 0.069011 0.0694412 0.0678373 0.0647064 0.0605283 0.0557218 0.0506272 0.0454977 0.0405003 0.0357188 0.0311557 0.0267462 0.0224012 0.0180804 0.0138602 0.0099429
 0.00727109 0.0119125 0.0181162 0.0258807 0.0349723 0.044771 0.0542463 0.0622164 0.0677764 0.070581 0.070806 0.0689138 0.0654397 0.0608885 0.0556979 0.0502217 0.044723 0.0393776 0.034281 0.029456 0.0248683 0.0204646 0.0162301 0.0122379 0.0086497
 0.0074455 0.0122001 0.0185566 0.0265132 0.0358278 0.0458593 0.0555426 0.0636563 0.0692639 0.0720061 0.0720634 0.0699162 0.0661251 0.0612221 0.0556693 0.0498389 0.0440055 0.0383526 0.0329853 0.0279422 0.0232139 0.0187751 0.0146296 0.0108444 0.00754501
 0.00750408 0.0123028 0.0187257 0.0267759 0.0362128 0.0463901 0.0562292 0.0644892 0.0702125 0.0730201 0.0730772 0.0708547 0.0669125 0.0617908 0.0559686 0.0498394 0.0436991 0.0377503 0.0321155 0.0268528 0.0219755 0.0174812 0.0133876 0.00975483 0.00667757
 0.00762351 0.0124803 0.0189625 0.0270644 0.0365416 0.0467517 0.0566243 0.0649261 0.0707004 0.073561 0.0736598 0.0714514 0.0674801 0.0622756 0.0563138 0.0499939 0.0436257 0.0374318 0.031558 0.026088 0.021061 0.0164975 0.0124271 0.00890407 0.00599653
 0.00766206 0.0125473 0.0190705 0.0272253 0.0367618 0.0470253 0.0569306 0.0652348 0.0709855 0.0738149 0.0738965 0.0716966 0.0677525 0.0625718 0.0566039 0.0502277 0.0437466 0.0373914 0.0313291 0.0256721 0.0204914 0.0158353 0.0117493 0.00828567 0.00549215
 0.00771214 0.0126186 0.0191596 0.0273244 0.0368626 0.0471249 0.057034 0.0653513 0.0711218 0.0739691 0.0740599 0.0718604 0.0679154 0.0627393 0.0567785 0.0503985 0.0438847 0.0374553 0.0312788 0.0254848 0.0201724 0.0154198 0.0112939 0.00785176 0.00512802
 0.00778656 0.012732 0.0193155 0.0275194 0.0370857 0.0473576 0.0572524 0.0655313 0.0712462 0.0740347 0.0740776 0.0718497 0.0678955 0.0627237 0.0567742 0.0504057 0.0438939 0.0374465 0.0312242 0.0253589 0.0199644 0.0151416 0.0109785 0.00754226 0.00486229
 0.00781213 0.0127742 0.0193798 0.0276108 0.0372064 0.0475048 0.0574157 0.0656931 0.0713857 0.074134 0.0741279 0.0718542 0.0678678 0.0626821 0.0567354 0.050379 0.0438793 0.037434 0.031196 0.0252949 0.0198506 0.0149781 0.0107819 0.00733999 0.00468211
 0.00785916 0.0128439 0.0194724 0.0277224 0.0373308 0.0476358 0.0575484 0.065823 0.0715067 0.0742371 0.0742021 0.0718896 0.06786 0.0626351 0.0566609 0.0502926 0.043794 0.0373554 0.0311204 0.0252121 0.0197497 0.0148546 0.0106416 0.00719754 0.00455465
 0.00787679 0.0128726 0.0195155 0.0277821 0.0374072 0.0477251 0.0576428 0.0659121 0.0715811 0.0742924 0.0742391 0.0719115 0.0678688 0.0626302 0.0566406 0.0502574 0.0437476 0.0373027 0.0310643 0.0251513 0.01968 0.0147732 0.0105506 0.00710467 0.00447036
 0.00788475 0.0128809 0.0195195 0.0277755 0.0373846 0.0476852 0.0575911 0.0658598 0.0715413 0.0742744 0.0742464 0.0719423 0.0679178 0.0626907 0.0567051 0.0503183 0.0437986 0.0373398 0.0310857 0.0251563 0.0196683 0.0147452 0.0105094 0.0070564 0.00442275
 0.00790252 0.0129059 0.0195498 0.0278061 0.037408 0.0476933 0.0575771 0.0658206 0.0714798 0.0742005 0.0741748 0.0718882 0.0678917 0.0626956 0.0567367 0.0503674 0.0438546 0.037393 0.0311289 0.0251848 0.0196803 0.0147412 0.0104923 0.00703125 0.00439541
 0.00790158 0.0129026 0.0195414 0.0277891 0.0373784 0.0476481 0.0575156 0.0657451 0.0713951 0.0741138 0.0740952 0.0718263 0.0678578 0.0626967 0.0567746 0.0504371 0.0439457 0.0374924 0.0312238 0.0252652 0.0197404 0.0147793 0.0105105 0.00703443 0.00438966
 0.0079072 0.0129103 0.0195502 0.0277967 0.0373818 0.0476436 0.0574996 0.065715 0.07135 0.0740554 0.0740283 0.0717579 0.0677971 0.0626529 0.0567554 0.0504464 0.0439823 0.0375498 0.0312917 0.0253327 0.0197981 0.0148218 0.0105368 0.00704675 0.00439243
 0.00787649 0.0128595 0.0194724 0.0276858 0.0372346 0.0474633 0.0572979 0.0655115 0.0711683 0.0739163 0.0739449 0.0717343 0.0678295 0.062733 0.056873 0.0505917 0.0441456 0.0377214 0.0314613 0.0254894 0.0199325 0.014928 0.010613 0.00709596 0.00442055
 0.00787632 0.0128518 0.0194472 0.0276295 0.0371333 0.0473088 0.0570931 0.0652722 0.0709202 0.0736892 0.0737664 0.0716241 0.0677968 0.0627759 0.0569806 0.0507479 0.0443328 0.0379228 0.031662 0.0256766 0.0200958 0.0150602 0.0107116 0.00716313 0.00446189
 0.00786691 0.0128386 0.0194309 0.0276103 0.0371096 0.0472748 0.0570383 0.0651848 0.070793 0.073526 0.0735841 0.0714495 0.0676582 0.0626955 0.0569689 0.0508028 0.0444425 0.0380698 0.0318272 0.0258424 0.0202477 0.0151882 0.0108106 0.00723292 0.00450653
 0.00783195 0.0127823 0.0193474 0.0274957 0.0369637 0.0471033 0.0568538 0.0650046 0.0706336 0.0733974 0.0734886 0.0713849 0.067624 0.062696 0.0570115 0.0508931 0.0445794 0.0382441 0.0320232 0.0260417 0.0204329 0.0153463 0.0109345 0.00732181 0.0045646
 0.00781758 0.0127551 0.0192993 0.0274173 0.0368464 0.0469436 0.0566573 0.0647868 0.0704175 0.0732076 0.0733447 0.0712978 0.0675948 0.062719 0.0570791 0.050999 0.0447192 0.0384124 0.0322111 0.0262359 0.0206183 0.0155088 0.0110651 0.00741765 0.00462851
 0.00777203 0.0126841 0.0191983 0.0272834 0.0366792 0.0467449 0.0564324 0.0645458 0.0701763 0.0729868 0.0731667 0.0711825 0.0675552 0.0627576 0.0571885 0.0511649 0.044925 0.0386424 0.0324512 0.0264725 0.0208378 0.0156993 0.0112182 0.00753059 0.00470451
 0.00774017 0.0126291 0.0191099 0.0271512 0.0364954 0.0465099 0.0561579 0.0642547 0.0698966 0.0727448 0.0729817 0.071066 0.0675132 0.0627919 0.0572961 0.0513373 0.0451479 0.0388979 0.0327201 0.0267366 0.0210812 0.0159093 0.0113866 0.00765524 0.00478892
 0.0093383 0.0148657 0.021808 0.0299224 0.0388525 0.048046 0.0566894 0.0638497 0.0687943 0.0712352 0.0713158 0.0694201 0.0659925 0.0614502 0.0561543 0.0503971 0.0443993 0.0383238 0.0322983 0.0264422 0.0208883 0.0157924 0.0113226 0.00762461 0.00477689
 0.00933409 0.0151529 0.0227582 0.0319951 0.0423944 0.0530203 0.0625043 0.0694542 0.0730503 0.0733656 0.0711613 0.0673815 0.0627558 0.0576939 0.0523807 0.0469028 0.0413247 0.0357152 0.0301538 0.0247357 0.0195799 0.0148326 0.0106546 0.0071875 0.00451035
 0.0089562 0.0145635 0.0219394 0.0310039 0.0414148 0.0523963 0.0626976 0.0708802 0.0758313 0.0771478 0.0751589 0.0706744 0.0646719 0.058042 0.0514204 0.0451286 0.0392322 0.0336651 0.0283481 0.0232549 0.0184323 0.013989 0.0100684 0.00680495 0.00427784
 0.00878552 0.01427 0.0214693 0.0303017 0.0404449 0.0511816 0.0613637 0.0696827 0.0751293 0.0773018 0.0763714 0.0728439 0.0673652 0.060636 0.0533529 0.0461107 0.0393037 0.0330932 0.0274629 0.0223254 0.0176189 0.0133564 0.009619 0.00651038 0.00409946
 0.00870965 0.0141427 0.0212691 0.0300024 0.0400173 0.0505986 0.0606133 0.0687876 0.0741713 0.0764389 0.0758269 0.0728482 0.0680542 0.0619547 0.0550334 0.0477613 0.0405696 0.0337918 0.0276195 0.0221065 0.0172267 0.0129493 0.00928377 0.00627299 0.00395014
 0.00868616 0.0140981 0.0211897 0.0298707 0.0398146 0.0503095 0.06023 0.0683117 0.0736158 0.0758346 0.0752338 0.0723672 0.0678183 0.0620883 0.0555865 0.0486584 0.0416157 0.0347469 0.0282992 0.0224475 0.0172828 0.012835 0.00911075 0.00611399 0.00383482
 0.00868277 0.0140949 0.0211886 0.0298729 0.039818 0.0503048 0.0601992 0.0682306 0.0734604 0.0755902 0.0749042 0.0719812 0.0674346 0.0617914 0.0554681 0.0487807 0.041973 0.0352538 0.0288209 0.022859 0.0175199 0.012907 0.00907419 0.00603356 0.00375603
 0.00866553 0.0140659 0.0211435 0.0298081 0.0397322 0.0502015 0.0600868 0.0681196 0.0733578 0.075494 0.0748031 0.0718613 0.0672914 0.0616405 0.0553481 0.0487432 0.0420602 0.0354724 0.0291301 0.0231849 0.0177892 0.0130783 0.00914869 0.00604101 0.00373245
 0.00866548 0.0140662 0.0211444 0.0298095 0.039733 0.0501988 0.0600763 0.0680968 0.0733199 0.0754412 0.0747374 0.071784 0.0672017 0.0615387 0.0552416 0.0486518 0.0420128 0.0354941 0.0292269 0.0233356 0.0179533 0.0132154 0.00923645 0.00608016 0.00373858
 0.00863949 0.0140306 0.0211031 0.0297702 0.0397049 0.0501888 0.0600859 0.0681214 0.0733505 0.0754671 0.0747496 0.0717773 0.0671745 0.0614929 0.0551821 0.0485876 0.0419578 0.0354657 0.0292384 0.0233883 0.0180338 0.013301 0.00930628 0.00612414 0.00375853
 0.00864383 0.0140313 0.021093 0.02974 0.0396472 0.0501039 0.059985 0.0680245 0.0732789 0.0754345 0.0747565 0.0718126 0.0672218 0.0615371 0.0552138 0.0486048 0.0419652 0.0354726 0.0292556 0.0234229 0.0180848 0.0133599 0.00936107 0.0061656 0.00378381
 0.00863581 0.014022 0.0210853 0.0297377 0.0396523 0.0501136 0.0599908 0.0680155 0.0732479 0.0753839 0.0746986 0.0717636 0.0671934 0.0615314 0.0552246 0.0486221 0.0419817 0.0354863 0.0292697 0.0234423 0.0181123 0.0133936 0.00939573 0.00619513 0.00380466
 0.0086164 0.0139912 0.0210407 0.0296784 0.0395803 0.0500344 0.0599137 0.0679508 0.0732035 0.0753614 0.0746941 0.0717712 0.0672103 0.0615581 0.0552626 0.0486706 0.0420364 0.0355418 0.0293219 0.0234901 0.0181563 0.0134342 0.00943161 0.00622433 0.00382579
 0.00862126 0.013997 0.0210455 0.029679 0.0395727 0.0500157 0.0598829 0.0679102 0.0731582 0.0753181 0.0746589 0.0717477 0.0671986 0.0615564 0.055269 0.0486841 0.0420565 0.0355674 0.029351 0.0235204 0.0181859 0.0134619 0.00945619 0.00624462 0.00384098
 0.00862241 0.0140002 0.0210524 0.0296917 0.0395923 0.0500408 0.0599091 0.0679306 0.0731656 0.0753086 0.0746334 0.0717114 0.0671589 0.06152 0.0552402 0.0486646 0.0420464 0.0355658 0.0293565 0.0235312 0.0182001 0.0134774 0.00947128 0.00625777 0.00385124
 0.00862241 0.0140002 0.0210524 0.0296917 0.0395923 0.0500408 0.0599091 0.0679306 0.0731656 0.0753086 0.0746334 0.0717114 0.0671589 0.06152 0.0552402 0.0486646 0.0420464 0.0355658 0.0293565 0.0235312 0.0182001 0.0134774 0.00947128 0.00625777 0.00385124
 0.00858798 0.0139473 0.0209788 0.0295981 0.0394828 0.0499234 0.0597953 0.0678336 0.0730975 0.0752762 0.0746365 0.0717442 0.0672129 0.0615877 0.0553157 0.0487439 0.0421262 0.0356433 0.0294291 0.0235966 0.0182567 0.0135242 0.00950785 0.00628466 0.00386962
 0.00863109 0.01401 0.0210595 0.0296901 0.0395762 0.0500074 0.0598606 0.067874 0.0731103 0.0752618 0.0745986 0.0716885 0.0671457 0.0615149 0.0552427 0.0486756 0.0420666 0.035595 0.0293931 0.0235726 0.0182428 0.0135179 0.00950667 0.00628621 0.00387213
#pred catch len freq
 0.00359591 0.0058516 0.0088518 0.012644 0.0172534 0.0226223 0.0285468 0.034682 0.0406209 0.0459839 0.0504741 0.0539093 0.0562417 0.0575533 0.05802 0.0578671 0.0573364 0.056647 0.055916 0.0550324 0.053557 0.0507854 0.0460553 0.039188 0.0307643
 0.00396644 0.0063942 0.00956062 0.0134836 0.0181796 0.0236106 0.0296044 0.0358308 0.0418604 0.0472586 0.0516733 0.0549032 0.0569344 0.0579187 0.0581008 0.0577376 0.0570494 0.0561914 0.0552086 0.0539544 0.0520275 0.048835 0.0438545 0.0370029 0.0288589
 0.00414435 0.00672463 0.0101301 0.0143875 0.0194878 0.0253212 0.0316137 0.03795 0.0438789 0.0490164 0.0530926 0.0559663 0.0576378 0.0582495 0.0580468 0.0573105 0.0562874 0.0551337 0.0538637 0.0522954 0.050031 0.0465434 0.0414155 0.0346477 0.0268241
 0.00432941 0.00701279 0.0105464 0.0149632 0.0202739 0.0263957 0.0330671 0.0398389 0.046165 0.0515303 0.0555586 0.0580862 0.0591867 0.059125 0.0582556 0.0569196 0.0553792 0.053782 0.0521241 0.050209 0.0476451 0.0439484 0.0387712 0.0321684 0.0247181
 0.00455907 0.00738371 0.0110994 0.0157335 0.0212842 0.0276493 0.0345453 0.0415091 0.0479957 0.0534931 0.0576042 0.0601074 0.0610031 0.060517 0.0590319 0.0569753 0.0547099 0.0524563 0.0502428 0.0478808 0.0449898 0.0411165 0.0359567 0.0295896 0.0225665
 0.00483773 0.00783126 0.0117639 0.0166588 0.0225051 0.0291813 0.0363697 0.043562 0.0501703 0.0556591 0.0596359 0.0619039 0.0624878 0.0616171 0.0596582 0.0570257 0.0540992 0.0511515 0.0482813 0.0453674 0.0420856 0.0380298 0.0329286 0.0268615 0.0203275
 0.00509178 0.00824685 0.0123952 0.0175603 0.0237247 0.0307466 0.0382705 0.0457387 0.0525134 0.0580222 0.0618563 0.063827 0.0639903 0.0626189 0.0601156 0.0569107 0.0533828 0.0498079 0.0463131 0.0428371 0.0391352 0.0348779 0.0298405 0.0240969 0.0180794
 0.00528846 0.00857021 0.0128903 0.0182761 0.0247102 0.0320415 0.0398906 0.0476608 0.0546669 0.0602893 0.0640831 0.0658439 0.0656386 0.0637738 0.0606988 0.0568858 0.0527408 0.0485538 0.0444687 0.0404619 0.0363539 0.0318916 0.0269052 0.0214683 0.0159474
 0.00551044 0.00891586 0.0133839 0.0189352 0.0255491 0.0330751 0.0411322 0.0491133 0.0563107 0.0620725 0.0659169 0.0676078 0.0671941 0.0649841 0.0614481 0.057092 0.0523592 0.0475739 0.042913 0.0383939 0.0338942 0.0292267 0.0242707 0.0191015 0.0140256
 0.00570862 0.00924193 0.013881 0.0196436 0.026496 0.0342599 0.0425154 0.050619 0.0578468 0.0635568 0.0672919 0.0688358 0.0682392 0.0657963 0.0619592 0.0572245 0.0520422 0.0467597 0.0415912 0.0366053 0.0317418 0.0268785 0.0219404 0.0170037 0.0123212
 0.00597679 0.00966958 0.0145103 0.0205116 0.0276311 0.0356739 0.044189 0.0524868 0.0597921 0.0654239 0.0689168 0.0700849 0.0690393 0.0661393 0.0618792 0.0567628 0.0512213 0.0455804 0.0400511 0.0347277 0.0296024 0.0246145 0.0197342 0.0150411 0.0107398
 0.00615202 0.00995711 0.0149487 0.0211403 0.0284852 0.0367746 0.0455315 0.0540317 0.0614644 0.067118 0.0705059 0.0714347 0.0700287 0.0666848 0.06195 0.0563785 0.0504309 0.0444374 0.0386017 0.0330194 0.027706 0.0226413 0.0178307 0.0133579 0.0093886
 0.00623919 0.0101062 0.0151879 0.0215034 0.0290082 0.0374881 0.0464505 0.0551463 0.0627351 0.0684765 0.07186 0.0726779 0.0710532 0.0673956 0.0622785 0.0562922 0.0499355 0.0435694 0.0374172 0.0315877 0.0261118 0.0209909 0.0162484 0.0119656 0.00827466
 0.00634782 0.0102758 0.0154312 0.0218307 0.0294295 0.0380152 0.0470951 0.0559143 0.0636181 0.069445 0.0728618 0.0736419 0.0718988 0.0680434 0.0626605 0.0563592 0.0496632 0.0429624 0.0365088 0.0304377 0.0248039 0.019628 0.0149431 0.0108214 0.00736305
 0.00646274 0.0104489 0.0156665 0.0221241 0.0297719 0.0383974 0.0475117 0.0563647 0.0641047 0.0699701 0.0734219 0.0742219 0.0724667 0.0685507 0.0630472 0.0565644 0.0496364 0.0426739 0.0359579 0.0296562 0.0238556 0.0186019 0.0139395 0.00993207 0.00665099
 0.00644981 0.0104411 0.0156787 0.0221769 0.0298846 0.0385788 0.0477532 0.0566435 0.0643956 0.0702591 0.0737124 0.0745289 0.072803 0.0689122 0.0634065 0.056872 0.0498322 0.0427022 0.035783 0.0292742 0.0232994 0.0179366 0.0132486 0.00929688 0.00613069
 0.00648596 0.0104864 0.0157233 0.0222072 0.0298917 0.0385686 0.0477515 0.0566876 0.064516 0.0704623 0.073977 0.0748188 0.0730872 0.0691755 0.063645 0.0570801 0.0499905 0.0427771 0.0357378 0.0290859 0.0229721 0.0175061 0.012774 0.0088431 0.00574926
 0.00658543 0.0106255 0.0158902 0.0223743 0.0300214 0.0386239 0.0477085 0.0565458 0.064304 0.0702341 0.0737974 0.0747408 0.0731325 0.069331 0.0638736 0.0573375 0.0502354 0.0429728 0.0358514 0.0290925 0.0228634 0.0172976 0.0125037 0.00855994 0.00549711
 0.00662139 0.0106876 0.0159891 0.0225189 0.0302122 0.0388455 0.0479255 0.0567082 0.064364 0.070167 0.0736167 0.0744961 0.0728924 0.0691572 0.0638006 0.0573647 0.0503334 0.0430976 0.0359577 0.0291438 0.0228394 0.0171985 0.0123494 0.00838282 0.00533023
 0.00663943 0.0107104 0.0160121 0.0225356 0.0302185 0.0388441 0.0479266 0.0567245 0.0643998 0.070211 0.0736436 0.0744817 0.0728298 0.069065 0.0637157 0.0573234 0.0503539 0.0431723 0.0360579 0.0292331 0.0228876 0.0171916 0.0122922 0.00829475 0.00523527
 0.00665316 0.01074 0.0160692 0.0226335 0.0303659 0.0390378 0.0481475 0.0569406 0.0645781 0.0703288 0.0736932 0.074465 0.0727523 0.0689344 0.0635461 0.0571387 0.0501832 0.0430385 0.0359683 0.0291774 0.0228454 0.0171441 0.0122312 0.00822338 0.00516407
 0.00669622 0.0107995 0.0161403 0.0227079 0.0304375 0.0391095 0.0482331 0.0570582 0.0647364 0.070516 0.073877 0.0746053 0.0728177 0.0689129 0.0634454 0.0569805 0.0499962 0.0428513 0.0358029 0.029044 0.0227422 0.0170619 0.0121604 0.00815969 0.00510834
 0.00664464 0.0107231 0.0160388 0.0225847 0.0302977 0.0389577 0.0480739 0.0569009 0.0646 0.0704293 0.0738693 0.0746917 0.0729882 0.0691331 0.0636708 0.0571737 0.0501379 0.0429415 0.0358539 0.0290707 0.0227553 0.017066 0.0121564 0.0081484 0.00509237
 0.0066354 0.0106999 0.0159891 0.0224929 0.0301501 0.0387497 0.0478158 0.0566179 0.0643258 0.0701978 0.0737097 0.0746256 0.0730272 0.0692748 0.0638946 0.057444 0.0504137 0.0431892 0.0360548 0.0292213 0.0228616 0.0171367 0.0121998 0.0081714 0.00510128
 0.00668521 0.0107706 0.0160757 0.0225826 0.0302237 0.0387853 0.0477937 0.0565256 0.0641634 0.0699811 0.0734685 0.0743975 0.072848 0.0691704 0.0638759 0.0575048 0.0505335 0.0433389 0.0362055 0.0293519 0.0229619 0.0172062 0.0122431 0.00819523 0.00511212
 0.00660644 0.0106584 0.0159358 0.022429 0.0300727 0.0386473 0.0476675 0.0564003 0.0640262 0.0698274 0.0733076 0.0742518 0.0727459 0.0691374 0.063927 0.0576405 0.0507393 0.0435891 0.0364688 0.029599 0.0231717 0.0173684 0.0123577 0.00826919 0.00515551
 0.00657319 0.010596 0.0158278 0.0222585 0.029831 0.0383438 0.0473358 0.0560907 0.0637874 0.0696857 0.0732588 0.0742703 0.0728037 0.0692193 0.0640338 0.0577817 0.050922 0.0438098 0.0367125 0.0298432 0.0233935 0.0175513 0.0124948 0.00836245 0.00521304
 0.00654034 0.0105392 0.0157353 0.0221146 0.0296176 0.038044 0.0469416 0.0556138 0.0632671 0.0691879 0.0728611 0.0740367 0.0727622 0.0693557 0.0643046 0.0581362 0.0513185 0.0442195 0.0371146 0.0302193 0.0237258 0.0178254 0.0127039 0.0085087 0.00530632
 0.00655119 0.0105564 0.0157595 0.0221446 0.0296475 0.0380611 0.0469253 0.0555379 0.063108 0.0689361 0.0725322 0.0736743 0.0724285 0.0691117 0.06419 0.058158 0.0514555 0.0444358 0.0373728 0.0304873 0.0239785 0.0180445 0.0128782 0.00863543 0.00538998
 0.0064553 0.010421 0.0155939 0.0219705 0.029493 0.0379508 0.046871 0.0555348 0.0631356 0.0689645 0.0725305 0.0736216 0.0723244 0.0689798 0.0640707 0.0580939 0.0514741 0.044541 0.0375468 0.0307004 0.0241991 0.0182467 0.0130453 0.00876048 0.00547468
 0.00650942 0.0104819 0.0156368 0.0219586 0.0293918 0.0377474 0.0465879 0.0552264 0.0628669 0.0687835 0.0724507 0.0736227 0.0723676 0.0690289 0.0641079 0.0581237 0.0515167 0.044618 0.0376688 0.0308613 0.0243802 0.0184244 0.0131998 0.00888056 0.0055584
 0.0071574 0.0114104 0.0168008 0.0232326 0.0305992 0.0387129 0.0471849 0.0554004 0.0626366 0.0682283 0.0716879 0.0727764 0.0715372 0.0682711 0.0634396 0.0575408 0.0510137 0.0441978 0.0373392 0.0306267 0.0242341 0.0183496 0.0131734 0.00888059 0.00556859
 0.00780883 0.0124244 0.0182361 0.0250955 0.0328217 0.0411331 0.049541 0.0573651 0.0639009 0.0686025 0.0711647 0.0715199 0.0698104 0.0663464 0.0615332 0.0557879 0.0494777 0.0428961 0.0362688 0.0297771 0.0235899 0.0178883 0.0128643 0.00868821 0.00545796
 0.00784605 0.01256 0.0185793 0.0257947 0.0340276 0.042935 0.0519029 0.0600933 0.0666624 0.0709917 0.0728021 0.072153 0.0693841 0.0650086 0.0595731 0.0535364 0.0472192 0.040824 0.0344855 0.0283187 0.0224528 0.0170458 0.0122755 0.00830348 0.00522483
 0.00755012 0.0121261 0.018021 0.0251744 0.0334638 0.0425995 0.0519998 0.0608086 0.0680863 0.0730439 0.0752075 0.0744992 0.0712434 0.0660718 0.0597341 0.0528964 0.0460209 0.0393551 0.0329963 0.0269795 0.021351 0.0162046 0.011677 0.00790736 0.00498226
 0.00733427 0.0117765 0.0174997 0.0244535 0.0325403 0.0415176 0.0508718 0.0598206 0.0674721 0.0730257 0.075917 0.0759088 0.0731421 0.06811 0.0615291 0.0541554 0.0466235 0.03936 0.0325819 0.0263589 0.0207028 0.0156415 0.011247 0.00761193 0.00479802
 0.00746437 0.0119404 0.0176568 0.0245328 0.0324553 0.0411926 0.0502723 0.0589742 0.0664786 0.0720519 0.0751713 0.0755916 0.0733781 0.068889 0.06269 0.0554316 0.0477354 0.0401115 0.0329131 0.0263354 0.0204594 0.0153172 0.0109419 0.00737559 0.00463955
