SBPRF35
7.07299
Curr Bio
536572
B35
478891
F35
0.223725
FOFL
0.223725
OFL
91738.2
Bzero
2.02085e+006
#pred survey bio
 4.33306e+006 4.0573e+006 3.74814e+006 3.07709e+006 2.62724e+006 2.38923e+006 2.24439e+006 2.03867e+006 1.71858e+006 1.48831e+006 1.31806e+006 1.22723e+006 1.15898e+006 1.09137e+006 1.01396e+006 923063 821969 704272 654837 608782 542346 504486 489378 485488 483817 494139 514743 522805 536406 543107 550337 554723 545756 529622 543844 571777 590418 553760 523019 551101 580311 592180 579132 584626 599102 625336 580478 581315 600717 604192 578771 543424 543879 1.24173e+007 1.10671e+007 1.1134e+007 1.16695e+007 1.24373e+007 1.32353e+007 1.39492e+007 1.45346e+007 1.49885e+007 1.5328e+007 1.5576e+007 1.57547e+007 1.58824e+007 1.59735e+007 1.60385e+007 1.6085e+007 1.61186e+007 1.61428e+007 1.61605e+007 1.61735e+007 1.61831e+007 1.61902e+007 1.61955e+007 1.61994e+007 1.62024e+007 1.62047e+007 1.62064e+007 1.62077e+007 1.62086e+007 1.62094e+007 1.62099e+007 1.62104e+007 1.62107e+007 1.62109e+007 1.62111e+007 1.62113e+007 1.62114e+007 1.62115e+007 1.62115e+007 1.62116e+007 1.62116e+007 1.62117e+007 1.62117e+007 1.62117e+007 1.62117e+007 1.62117e+007 1.62117e+007 1.62117e+007 1.62117e+007 1.62117e+007 1.62118e+007 1.62118e+007 1.62118e+007 1.62118e+007 1.62118e+007 1.62118e+007 1.62118e+007 1.62118e+007 1.62118e+007 1.62118e+007 1.62118e+007 1.62118e+007 1.62118e+007 1.62118e+007 1.62118e+007 1.62118e+007 1.62118e+007 1.62118e+007 1.62118e+007 1.62118e+007 1.62118e+007 1.62118e+007 1.62118e+007 1.62118e+007 1.62118e+007 1.62118e+007 1.62118e+007 1.62118e+007 1.62118e+007 1.62118e+007 1.62118e+007 1.62118e+007 1.62118e+007 1.62118e+007 1.62118e+007 1.62118e+007 1.62118e+007 1.62118e+007 1.62118e+007 1.62118e+007 1.62118e+007 1.62118e+007 1.62118e+007 1.62118e+007 1.62118e+007 1.62118e+007 1.62118e+007 1.62118e+007 1.62118e+007 1.62118e+007 0 0 0 0 0 0 0 0 0 0 0 0 0 0 0 0 0 0 0 0 0 0 0 0 0
#obs survey bio
 4.19834e+006 3.44868e+006 3.02505e+006 2.70188e+006 1.89573e+006 2.95277e+006 1.78471e+006 1.99102e+006 1.39957e+006 1.50274e+006 1.06613e+006 1.82732e+006 1.44523e+006 992560 1.12918e+006 1.10082e+006 964446 624971 655711 711527 540096 527542 505095 486770 345052 531711 491338 509478 574236 683491 739617 515327 428333 560312 609215 575280 712939 486268 470507 631573 544591 705136 550911 672137 434719 740964 576011 584856 620086 644648 567286 697490 413975
#pred catch bio
 100831 94004.3 145444 199678 269654 250779 299673 282790 287336 328546 284549 256592 254126 253353 243724 212902 196152 155552 148166 141127 129270 127132 121629 119341 113811 100173 106186 102592 105689 98894.1 87427.5 97414.2 94938 89620.1 96082.2 92607.6 85624.3 96391.8 81813.8 85995.7 87363.6 89984.7 83685.9 83222 88369.1 89652.2 91482.3 93352.9 88257.5 84947.5 111244 82950.4 86279.7 91738.2 88911.2 87813 90845.3 96366.8 102263 107477 111642 114757 116982 118519 119553 120236 120680 120965 121147 121262 121334 121379 121407 121424 121435 121442 121446 121449 121450 121451 121452 121452 121452 121452 121452 121453 121453 121453 121453 121453 121453 121453 121453 121453 121453 121453 121453 121453 121453 121453 121453 121453 121453 121453 121453 121453 121453 121453 121453 121453 121453 121453 121453 121453 121453 121453 121453 121453 121453 121453 121453 121453 121453 121453 121453 121453 121453 121453 121453 121453 121453 121453 121453 121453 121453 121453 121453 121453 121453 121453 121453 121453 121453 121453 121453 121453 121453 121453 121453 121453 121453 121453 121453 0 0 0 0 0 0 0 0 0 0 0 0 0 0 0 0 0 0 0 0 0 0 0 0 0
#obs catch bio
 0 93621.2 145442 199688 270870 250590 300743 281753 286664 330642 286114 256278 254307 253664 244196 212578 195774 155665 148403 140722 129110 127623 121864 119287 114322 99991.6 106133 102588 105786 98979.2 87175 97534.8 94779.7 89582.8 96556.2 92792.2 85247.6 96523 81878.7 86084 87315.6 89943.8 83659.8 83159.9 88619.7 89365.6 91595 93596.1 88222 84598.5 111809 82779.2 86307.6
#pred cpue bio
 4.28227e+006 4.00997e+006 3.70309e+006 3.03848e+006 2.59224e+006 2.35472e+006 2.20973e+006 2.00467e+006 1.68754e+006 1.45872e+006 1.2888e+006 1.19745e+006 1.12857e+006 1.06037e+006 982760 892486 793195 678365 630109 585523 521411 484683 469929 466217 464580 474415 494404 502160 515286 521761 528881 533519 525015 509510 523330 550259 567202 530387 499532 526306 554745 566468 554055 559313 573280 598477 555758 556296 574826 578452 554268 519641 520313 1.18877e+007 1.05909e+007 1.05335e+007 1.09716e+007 1.17165e+007 1.25107e+007 1.32242e+007 1.38095e+007 1.42634e+007 1.46029e+007 1.48509e+007 1.50296e+007 1.51573e+007 1.52484e+007 1.53134e+007 1.53599e+007 1.53935e+007 1.54177e+007 1.54354e+007 1.54484e+007 1.5458e+007 1.54651e+007 1.54704e+007 1.54743e+007 1.54773e+007 1.54796e+007 1.54813e+007 1.54826e+007 1.54835e+007 1.54843e+007 1.54848e+007 1.54853e+007 1.54856e+007 1.54859e+007 1.5486e+007 1.54862e+007 1.54863e+007 1.54864e+007 1.54865e+007 1.54865e+007 1.54865e+007 1.54866e+007 1.54866e+007 1.54866e+007 1.54866e+007 1.54866e+007 1.54866e+007 1.54866e+007 1.54866e+007 1.54867e+007 1.54867e+007 1.54867e+007 1.54867e+007 1.54867e+007 1.54867e+007 1.54867e+007 1.54867e+007 1.54867e+007 1.54867e+007 1.54867e+007 1.54867e+007 1.54867e+007 1.54867e+007 1.54867e+007 1.54867e+007 1.54867e+007 1.54867e+007 1.54867e+007 1.54867e+007 1.54867e+007 1.54867e+007 1.54867e+007 1.54867e+007 1.54867e+007 1.54867e+007 1.54867e+007 1.54867e+007 1.54867e+007 1.54867e+007 1.54867e+007 1.54867e+007 1.54867e+007 1.54867e+007 1.54867e+007 1.54867e+007 1.54867e+007 1.54867e+007 1.54867e+007 1.54867e+007 1.54867e+007 1.54867e+007 1.54867e+007 1.54867e+007 1.54867e+007 1.54867e+007 1.54867e+007 1.54867e+007 1.54867e+007 1.54867e+007 1.54867e+007 0 0 0 0 0 0 0 0 0 0 0 0 0 0 0 0 0 0 0 0 0 0 0 0 0
#obs cpue bio
 3.37297e+006 4.47074e+006 6.48726e+006 3.14118e+006 2.64987e+006 1.90731e+006 2.5204e+006 3.37824e+006 1.88227e+006 974332 1.30397e+006 1.13041e+006 829907 1.13408e+006 853207 846715 781161 588675 623542 663615 480968 362198 466559 529226 487726 544471 549348 466477 485009 402342 450167 519932 801624 411211 336453 596608 718097 536049 423402 495677 641640 521755 529093 508506 582864 848308 410558 489192 643306 645203 467557 412678 696220
#pred surv len freq
 0.00427256 0.0070491 0.0108172 0.0156216 0.0213716 0.027745 0.0341759 0.0400143 0.0447802 0.0483182 0.0507552 0.0523419 0.0533192 0.0538654 0.0541001 0.0541095 0.0539719 0.053758 0.0534743 0.0529485 0.0517318 0.0491524 0.0446005 0.0379403 0.0297651
 0.00454302 0.00740489 0.0112005 0.0159341 0.0215108 0.0276562 0.0338869 0.0396248 0.0444093 0.0480442 0.0505879 0.0522421 0.0532463 0.0538185 0.0541264 0.0542778 0.0543261 0.0542746 0.0540467 0.053413 0.0519298 0.0490005 0.0441302 0.0372818 0.0290837
 0.00457324 0.00751585 0.0114748 0.0164682 0.0223686 0.0288093 0.0351815 0.040816 0.0452572 0.0484186 0.0505106 0.0518449 0.0526868 0.0532162 0.0535527 0.0537789 0.053939 0.0540153 0.0538834 0.0532559 0.0516607 0.0485314 0.0434555 0.036486 0.0282992
 0.00474712 0.00776697 0.0117996 0.0168576 0.0228274 0.0293756 0.0359226 0.0417875 0.0464406 0.0496825 0.0516359 0.0526124 0.0529717 0.0530298 0.0530118 0.053039 0.0531372 0.0532414 0.0531702 0.0525809 0.0509643 0.0477567 0.0425919 0.0355875 0.0274617
 0.00489332 0.00803224 0.0122468 0.0175541 0.0238215 0.0306648 0.0374368 0.0434041 0.0480302 0.0511482 0.0529149 0.0536418 0.0536608 0.0532757 0.0527516 0.0522936 0.0520108 0.0518778 0.0516988 0.0510831 0.0494739 0.0462875 0.0411729 0.03428 0.0263448
 0.00505444 0.0083084 0.0126906 0.0182282 0.0247903 0.031977 0.0391008 0.0453672 0.0501718 0.0532958 0.0548792 0.0552567 0.0548067 0.0538792 0.0527718 0.0517195 0.0508741 0.0502645 0.0497389 0.048922 0.0472455 0.044107 0.0391451 0.0325041 0.0249013
 0.00520367 0.00854751 0.0130454 0.0187246 0.0254552 0.0328375 0.0401804 0.0466779 0.0517039 0.0550057 0.0566791 0.0570136 0.0563585 0.0550623 0.0534503 0.0518043 0.0503312 0.0491191 0.0480759 0.0468779 0.0449898 0.0418197 0.0369962 0.0306349 0.0234054
 0.00541819 0.0089031 0.0135924 0.0195117 0.026517 0.0341772 0.0417558 0.0484039 0.0534757 0.0567296 0.0582894 0.0584658 0.0576057 0.0560334 0.0540466 0.0519151 0.0498632 0.0480256 0.0463791 0.0446778 0.0424585 0.0391784 0.0344775 0.0284389 0.0216605
 0.00568408 0.0093252 0.0142094 0.0203549 0.0276071 0.0355178 0.0433235 0.0501409 0.0552911 0.0585132 0.0599326 0.0598807 0.0587338 0.0568391 0.0544964 0.0519591 0.0494315 0.0470488 0.0448248 0.0425877 0.0399666 0.0365006 0.0318701 0.0261375 0.0198234
 0.0058185 0.00958932 0.0146897 0.0211562 0.0288231 0.0371877 0.0453956 0.0524703 0.057678 0.0607577 0.0618779 0.0614268 0.0598301 0.0574693 0.0546634 0.0516673 0.0486728 0.0457995 0.0430649 0.0403389 0.0373301 0.033669 0.0290976 0.0236757 0.0178507
 0.00611869 0.0100727 0.0154113 0.0221707 0.0301829 0.038933 0.0475345 0.0549539 0.0603819 0.0634851 0.064388 0.0634857 0.0612635 0.058193 0.0546786 0.0510291 0.0474503 0.0440498 0.0408316 0.0376778 0.0343479 0.0305477 0.0260807 0.0210115 0.0157201
 0.00641826 0.010543 0.016088 0.0230768 0.0313268 0.040307 0.0491128 0.0566943 0.062232 0.0653859 0.0662665 0.0652407 0.0627596 0.0592789 0.0552228 0.0509524 0.0467363 0.0427315 0.0389729 0.0353679 0.0317141 0.0277701 0.0233832 0.0186193 0.013799
 0.00667297 0.0109522 0.0166938 0.0239125 0.0324077 0.0416185 0.0506012 0.0582706 0.0637948 0.0668511 0.0675865 0.0663983 0.0637425 0.0600502 0.055709 0.051056 0.0463654 0.0418312 0.0375434 0.0334707 0.029472 0.0253613 0.0210218 0.016514 0.0121023
 0.00690783 0.0113385 0.0172827 0.0247524 0.0335319 0.043027 0.0522431 0.0600404 0.0655507 0.0684486 0.0689117 0.0673881 0.0643854 0.060369 0.0557315 0.050788 0.0457807 0.0408845 0.036202 0.0317475 0.0274473 0.0231838 0.0188841 0.0146074 0.010566
 0.00711857 0.0116885 0.017823 0.0255348 0.0345976 0.0443884 0.0538656 0.0618351 0.0673846 0.0701695 0.070376 0.0684839 0.0650486 0.0605881 0.0555387 0.0502371 0.0449198 0.0397399 0.034782 0.0300675 0.0255612 0.021201 0.0169584 0.0128988 0.00919326
 0.00731577 0.012011 0.0183121 0.0262304 0.0355314 0.0455716 0.0552757 0.0634089 0.0690238 0.0717549 0.0717846 0.0696044 0.0657939 0.0609067 0.0554209 0.0497112 0.044039 0.0385635 0.0333632 0.0284564 0.0238205 0.0194225 0.0152625 0.0114103 0.00800461
 0.00741683 0.0121796 0.0185741 0.0266139 0.0360621 0.0462657 0.0561321 0.0644047 0.0701159 0.0728856 0.0728862 0.0706019 0.0666091 0.0614654 0.0556644 0.049607 0.0435863 0.0377905 0.0323192 0.0272043 0.0224366 0.0179993 0.0139049 0.0102199 0.00705449
 0.00760672 0.0124756 0.018996 0.0271716 0.0367543 0.0470791 0.0570379 0.0653592 0.071065 0.0737742 0.0736669 0.0712382 0.0670728 0.061732 0.0557101 0.0494102 0.0431338 0.0370855 0.0313863 0.0260917 0.0212143 0.0167541 0.0127312 0.00920273 0.00625074
 0.00751657 0.012357 0.0188693 0.0270732 0.0367276 0.0471593 0.057241 0.0656801 0.0714859 0.0742745 0.074227 0.0718363 0.0676788 0.0623039 0.056196 0.0497549 0.0432881 0.0370155 0.0310823 0.0255735 0.0205318 0.015982 0.0119558 0.00850414 0.00568532
 0.0074875 0.0123021 0.0187746 0.0269263 0.0365273 0.0469267 0.057025 0.0655479 0.0714995 0.0744656 0.0745858 0.0723195 0.0682292 0.0628666 0.0567231 0.0502029 0.0436144 0.0371815 0.031062 0.0253635 0.0201578 0.0154972 0.0114308 0.00800941 0.0052737
 0.00759388 0.0124593 0.018981 0.0271677 0.0367781 0.0471548 0.0571982 0.0656436 0.0715149 0.0744234 0.0745285 0.072293 0.0682635 0.0629653 0.0568659 0.0503549 0.043736 0.0372343 0.0310145 0.0251984 0.0198796 0.0151352 0.011033 0.00762921 0.00495385
 0.00753884 0.0124048 0.0189623 0.0272354 0.0369804 0.0475107 0.0576776 0.0661692 0.0719877 0.0747595 0.0746877 0.0722865 0.0681412 0.0627914 0.0566941 0.0502133 0.0436243 0.0371312 0.0308899 0.0250266 0.0196495 0.0148559 0.0107313 0.00734077 0.00470977
 0.00750721 0.0123532 0.0188867 0.0271387 0.0368788 0.04744 0.0576909 0.0663194 0.0722995 0.0752052 0.0751867 0.0727343 0.068452 0.0629297 0.0566786 0.0500955 0.0434587 0.0369536 0.0307113 0.0248408 0.0194468 0.0146349 0.0105034 0.00712598 0.00452813
 0.00756313 0.0124213 0.0189472 0.0271597 0.0368263 0.0472937 0.0574593 0.0660452 0.0720517 0.0750585 0.075195 0.0729078 0.0687501 0.0632765 0.056994 0.0503258 0.0435886 0.0369973 0.0306935 0.0247812 0.0193564 0.0145207 0.0103751 0.00699751 0.00441437
 0.00768973 0.01261 0.0191979 0.027457 0.0371389 0.0475769 0.0576605 0.0661161 0.071966 0.0748288 0.0748768 0.0725835 0.068498 0.0631405 0.0569706 0.0503735 0.0436536 0.0370377 0.0306904 0.0247354 0.0192785 0.0144235 0.0102707 0.00689734 0.00432812
 0.0078102 0.0127899 0.0194384 0.0277473 0.037457 0.0478921 0.0579366 0.0663137 0.0720489 0.0747738 0.0746844 0.0722839 0.0681472 0.062805 0.0567063 0.0502077 0.0435786 0.0370212 0.0306937 0.0247294 0.0192503 0.0143737 0.010208 0.00683246 0.00427023
 0.00782822 0.0128042 0.0194323 0.0276967 0.0373373 0.0476894 0.0576568 0.0659847 0.0717131 0.0744756 0.0744581 0.0721477 0.0681045 0.0628505 0.0568323 0.0504055 0.0438347 0.0373128 0.0309892 0.0249961 0.0194637 0.014524 0.0102991 0.00687762 0.00428575
 0.00787468 0.0128809 0.0195485 0.0278577 0.037539 0.0479116 0.0578608 0.0661205 0.0717366 0.0743674 0.0742334 0.07185 0.0677888 0.0625661 0.0566125 0.0502661 0.0437775 0.037328 0.031058 0.0250931 0.0195633 0.0146063 0.0103549 0.00690757 0.00429668
 0.00786068 0.0128574 0.0195123 0.027807 0.0374753 0.0478417 0.0577965 0.0660741 0.0717128 0.0743585 0.0742214 0.0718167 0.0677277 0.0624874 0.0565388 0.0502222 0.0437804 0.0373822 0.0311554 0.0252167 0.019692 0.0147212 0.0104438 0.00696714 0.00433091
 0.00789717 0.0129085 0.0195739 0.0278698 0.0375271 0.0478715 0.0577982 0.0660486 0.0716674 0.0743036 0.0741656 0.0717629 0.067672 0.0624239 0.0564661 0.0501478 0.0437189 0.0373486 0.031158 0.0252533 0.0197513 0.0147879 0.0105042 0.00701306 0.0043606
 0.00789999 0.0129051 0.0195542 0.0278193 0.0374312 0.0477209 0.0575952 0.0658092 0.071419 0.0740791 0.0739964 0.0716712 0.0676656 0.062494 0.0565917 0.0503037 0.0438846 0.0375128 0.0313171 0.0254061 0.0198946 0.0149154 0.0106091 0.00709134 0.00441298
 0.00781417 0.0127645 0.0193409 0.0275171 0.0370296 0.0472226 0.0570224 0.0652057 0.0708453 0.0736001 0.0736686 0.0715323 0.067728 0.0627434 0.0569906 0.0508001 0.0444233 0.038046 0.0318103 0.0258391 0.0202579 0.0152063 0.0108295 0.00724745 0.00451497
 0.0078413 0.0128074 0.0194024 0.0275965 0.03712 0.0473081 0.0570769 0.0651977 0.0707474 0.0734015 0.0733833 0.0711992 0.0674012 0.0624776 0.0568264 0.0507542 0.0444873 0.0381927 0.0320045 0.0260475 0.0204552 0.0153767 0.0109652 0.00734731 0.00458237
 0.00784105 0.0128107 0.0194142 0.0276235 0.0371688 0.0473814 0.0571701 0.0652966 0.070829 0.0734385 0.0733515 0.0710865 0.0672154 0.0622474 0.0565948 0.0505656 0.0443737 0.0381652 0.0320531 0.0261483 0.0205801 0.0155011 0.0110728 0.00743035 0.00464011
 0.00780621 0.012752 0.0193227 0.0274915 0.0369937 0.0471708 0.0569453 0.0650896 0.0706734 0.0733567 0.073346 0.0711398 0.067298 0.0623312 0.0566646 0.0506235 0.0444351 0.0382485 0.0321687 0.0262932 0.0207396 0.0156562 0.011207 0.00753427 0.00471251
 0.00849201 0.0137153 0.0204918 0.028705 0.0380461 0.0478865 0.0572381 0.0649772 0.0702476 0.0727376 0.0726447 0.0704385 0.0666458 0.0617478 0.0561502 0.0501717 0.0440428 0.0379194 0.0319106 0.0261103 0.0206276 0.0156012 0.0111904 0.00753821 0.00472366
 0.00912282 0.0147183 0.0219494 0.0306517 0.0404308 0.0505322 0.0598284 0.0671074 0.0715464 0.0730046 0.0719196 0.0689623 0.0647461 0.0597229 0.0542057 0.0484155 0.0425142 0.036623 0.0308392 0.0252538 0.0199723 0.0151267 0.0108681 0.00733429 0.00460425
 0.00916092 0.0148538 0.0222888 0.0313379 0.0416041 0.0522667 0.0620699 0.0696467 0.0740474 0.0750806 0.0732339 0.0693212 0.0641501 0.0583533 0.0523507 0.0463743 0.0405231 0.0348288 0.0293108 0.0240097 0.0190033 0.0144083 0.0103655 0.00700554 0.00440488
 0.00898978 0.0146361 0.0220769 0.0312288 0.0417269 0.0527552 0.0630265 0.0711073 0.0759494 0.0772446 0.0753755 0.0711041 0.0652746 0.058645 0.0518104 0.0451648 0.038903 0.0330683 0.0276269 0.0225398 0.0178104 0.0135013 0.00971901 0.00657553 0.0041398
 0.0087344 0.0142183 0.0214488 0.0303593 0.0406273 0.05151 0.0618131 0.0701774 0.0755648 0.0775874 0.0764741 0.0728093 0.0672925 0.0606172 0.0534122 0.0461908 0.039308 0.0329507 0.027168 0.0219315 0.0172039 0.0129864 0.00933034 0.00630985 0.00397427
 0.00872097 0.0141643 0.0213078 0.0300673 0.0401182 0.0507432 0.0608031 0.0690131 0.0744089 0.0766519 0.075973 0.0728968 0.0680046 0.061843 0.0549161 0.0476823 0.0405329 0.0337621 0.0275505 0.0219736 0.0170407 0.012745 0.00909825 0.00612923 0.00385322
 0.00872579 0.0141719 0.0213165 0.0300691 0.0400932 0.050654 0.0605969 0.0686362 0.0738346 0.0759105 0.0751679 0.0721906 0.0675748 0.0618202 0.0553302 0.0484433 0.0414588 0.0346459 0.0282323 0.0223849 0.017204 0.0127381 0.0090089 0.00602397 0.00376719
 0.00883427 0.0143289 0.0215167 0.0302952 0.0403194 0.0508529 0.060742 0.0687 0.0737851 0.0757149 0.0748072 0.0716824 0.0669892 0.0612735 0.0549506 0.04832 0.0416019 0.0349807 0.0286336 0.0227327 0.0174275 0.0128291 0.00900339 0.00597158 0.00370726
 0.00879391 0.0142815 0.021478 0.0302886 0.0403669 0.0509616 0.0608956 0.0688611 0.0739086 0.0757629 0.074758 0.0715311 0.0667472 0.0609723 0.0546452 0.048081 0.0414917 0.035024 0.0288033 0.0229617 0.017642 0.01298 0.00907924 0.00598965 0.00369483
 0.00876335 0.0142263 0.0213864 0.0301502 0.0401796 0.0507406 0.0606759 0.0686897 0.0738253 0.0757809 0.0748562 0.071664 0.0668656 0.0610426 0.0546602 0.048061 0.0414754 0.0350511 0.0288947 0.0231085 0.017811 0.013132 0.00918851 0.00605128 0.00371982
 0.0086272 0.0140359 0.0211564 0.0299115 0.039969 0.0505841 0.0605792 0.0686412 0.0738096 0.0757921 0.0749004 0.0717487 0.0669871 0.0611819 0.0547911 0.0481644 0.0415493 0.0351107 0.0289611 0.0231954 0.0179157 0.0132389 0.00927904 0.00611446 0.00375559
 0.00877908 0.0142274 0.0213444 0.0300271 0.0399431 0.0503838 0.0602325 0.0682303 0.073434 0.0755257 0.0747679 0.0717328 0.0670519 0.0612925 0.0549209 0.048294 0.0416659 0.0352094 0.0290459 0.0232744 0.0179946 0.0133162 0.00934781 0.00616767 0.00379059
 0.00866652 0.0141107 0.0212866 0.0301159 0.0402527 0.0509241 0.0609175 0.0688979 0.0739141 0.0757164 0.0746719 0.0714352 0.0666638 0.0609022 0.0545751 0.0480054 0.04143 0.0350178 0.0288929 0.0231575 0.0179126 0.0132657 0.00932196 0.00615752 0.00378801
 0.00864773 0.0140563 0.0211657 0.029898 0.039931 0.0505412 0.0605731 0.0687177 0.0739877 0.0760411 0.0751464 0.0719111 0.0670203 0.0610925 0.0546228 0.0479673 0.0413597 0.034948 0.0288368 0.0231179 0.0178882 0.0132543 0.00932015 0.00616131 0.0037936
 0.00867195 0.0140809 0.0211739 0.0298618 0.039815 0.0503131 0.0602193 0.0682603 0.0734946 0.0756162 0.074896 0.0718976 0.0672311 0.0614481 0.0550188 0.0483221 0.0416368 0.0351497 0.0289826 0.0232271 0.0179731 0.0133208 0.00937126 0.00619878 0.00381925
 0.00866092 0.0140683 0.0211639 0.0298591 0.0398198 0.0503152 0.060195 0.0681773 0.0733255 0.0753574 0.0745807 0.0715929 0.0670154 0.0613775 0.0551025 0.0485211 0.0418877 0.0353948 0.0291885 0.0233851 0.0180891 0.0134046 0.00943098 0.00624016 0.00384651
 0.00866733 0.0141292 0.0213467 0.0302517 0.040501 0.0513101 0.0614388 0.0695128 0.0745411 0.076249 0.075008 0.0715123 0.0664826 0.0605239 0.0540923 0.0475046 0.040967 0.0346159 0.0285555 0.0228831 0.0177004 0.0131143 0.0092253 0.00610388 0.00376303
 0.00852252 0.0138723 0.0209263 0.0296228 0.0396548 0.0503105 0.06044 0.0687303 0.0741758 0.0763998 0.0756264 0.0724263 0.0674722 0.0614032 0.05476 0.0479486 0.0412348 0.0347737 0.0286573 0.0229587 0.0177607 0.0131609 0.00925881 0.0061262 0.00377691
#obs surv len freq
 nan nan nan nan nan nan nan nan nan nan nan nan nan nan nan nan nan nan nan nan nan nan nan nan nan
 0.00448021 0.00733945 0.0111674 0.0159822 0.0216821 0.0279576 0.0342724 0.040005 0.0446862 0.048152 0.0505121 0.0520102 0.0529045 0.0534188 0.0537345 0.0539906 0.0542699 0.0545632 0.0547023 0.0542944 0.0527323 0.049364 0.0438129 0.0362918 0.0276741
 0.00461588 0.00756033 0.0115001 0.0164508 0.0223023 0.028728 0.0351654 0.0409639 0.0456331 0.0490024 0.0511905 0.0524617 0.0531008 0.0533583 0.0534387 0.0534961 0.0536198 0.0537997 0.0538643 0.0534183 0.0518567 0.0485317 0.0430682 0.0356723 0.0272007
 0.00477519 0.00782246 0.0119003 0.0170237 0.0230748 0.0297076 0.0363287 0.042252 0.046958 0.050262 0.0522846 0.0533037 0.0536258 0.0535287 0.0532473 0.0529645 0.0527922 0.0527346 0.0526268 0.0520782 0.0504883 0.0472147 0.0418818 0.0346819 0.0264423
 0.00496811 0.00813792 0.0123787 0.0177039 0.0239876 0.0308639 0.0377069 0.0437926 0.0485699 0.0518369 0.0537123 0.0544825 0.0544689 0.0539703 0.0532476 0.0525136 0.0519117 0.0514751 0.0510642 0.0503095 0.0486288 0.0453916 0.0402211 0.0332865 0.0253699
 0.00517943 0.00848332 0.0129021 0.0184477 0.0249849 0.0321264 0.0392119 0.045478 0.0503419 0.0535868 0.0553312 0.0558699 0.0555353 0.0546388 0.053457 0.052224 0.0511109 0.0501854 0.0493477 0.0482702 0.0464098 0.0431639 0.0381595 0.0315368 0.0240171
 0.00539526 0.00883859 0.013445 0.0192262 0.0260374 0.0334676 0.0408178 0.0472808 0.0522396 0.0554631 0.0570735 0.0573783 0.0567247 0.0554362 0.0537998 0.0520609 0.0504073 0.0489347 0.0475854 0.046087 0.0439569 0.0406407 0.035783 0.0294949 0.0224253
 0.0056294 0.00921968 0.0140196 0.0200389 0.0271229 0.0348391 0.0424531 0.0491164 0.0541781 0.0573897 0.0588733 0.0589481 0.0579766 0.0562983 0.0542125 0.0519737 0.0497796 0.0477439 0.0458445 0.0438662 0.041398 0.0379529 0.0332087 0.0272545 0.0206621
 0.00588564 0.00963981 0.0146583 0.0209485 0.0283427 0.0363783 0.0442748 0.0511331 0.0562668 0.0594171 0.0607189 0.060514 0.0591878 0.0570969 0.0545527 0.0518165 0.0490908 0.0465 0.0440486 0.0415731 0.0387368 0.0351297 0.0304766 0.0248544 0.0187582
 0.00613885 0.0100562 0.0152938 0.0218582 0.0295705 0.0379391 0.0461371 0.053212 0.058435 0.0615297 0.0626376 0.0621241 0.0604048 0.0578649 0.0548376 0.0515956 0.048346 0.0452181 0.0422344 0.0392744 0.0360704 0.0322904 0.027713 0.0224108 0.0168076
 0.00638283 0.0104555 0.0158998 0.0227209 0.0307296 0.0394094 0.0478927 0.0551799 0.0605035 0.0635677 0.0645146 0.0637239 0.061633 0.0586529 0.0551413 0.0513912 0.0476221 0.0439724 0.0404807 0.0370617 0.0335078 0.0295588 0.0250461 0.0200429 0.0149089
 0.00661157 0.0108315 0.0164734 0.0235414 0.0318354 0.0408128 0.0495645 0.0570443 0.0624496 0.0654712 0.0662579 0.065206 0.0627727 0.0593879 0.0554271 0.0511989 0.0469367 0.0427922 0.0388229 0.0349773 0.031101 0.0269973 0.0225452 0.0178193 0.013122
 0.00682929 0.0111896 0.0170201 0.0243241 0.0328912 0.0421534 0.051161 0.0588217 0.0642975 0.0672651 0.0678803 0.0665601 0.0637861 0.0600112 0.0556294 0.0509623 0.0462521 0.0416599 0.0372603 0.0330328 0.0288714 0.0246355 0.020246 0.0157779 0.0114816
 0.00706777 0.0115761 0.0175994 0.0251368 0.0339653 0.0434925 0.0527304 0.0605443 0.0660634 0.0689525 0.0693757 0.0677712 0.0646469 0.0604818 0.0556919 0.0506138 0.0454984 0.0405132 0.0357439 0.0311945 0.0267993 0.0224659 0.0181501 0.0139264 0.00999846
 0.00727473 0.0119206 0.018132 0.025908 0.0350133 0.0448244 0.054305 0.0622691 0.067811 0.0705882 0.0707831 0.0688644 0.0653721 0.0608127 0.055624 0.0501576 0.0446735 0.0393446 0.0342648 0.0294561 0.0248836 0.0204924 0.0162658 0.0122755 0.00868345
 0.00745306 0.0122132 0.0185779 0.0265458 0.0358747 0.0459226 0.0556215 0.0637461 0.0693554 0.0720863 0.0721185 0.0699353 0.0661038 0.0611639 0.0555842 0.0497405 0.043907 0.0382644 0.0329139 0.0278906 0.0231821 0.018761 0.0146291 0.0108525 0.0075566
 0.00755954 0.0123897 0.01885 0.0269405 0.036416 0.0466244 0.0564801 0.0647356 0.0704301 0.0731862 0.0731751 0.0708757 0.0668557 0.0616634 0.0557845 0.0496176 0.0434611 0.0375165 0.0319022 0.0266706 0.0218295 0.0173716 0.0133108 0.00970522 0.00664825
 0.00760471 0.012457 0.018941 0.027055 0.0365565 0.0468001 0.0567094 0.0650431 0.0708386 0.0737064 0.0737974 0.0715667 0.0675606 0.062312 0.0563017 0.0499354 0.0435293 0.0373112 0.0314292 0.0259656 0.0209558 0.0164151 0.0123682 0.0088658 0.00597408
 0.00765189 0.0125284 0.0190382 0.0271754 0.0366935 0.0469448 0.0568529 0.0651812 0.0709761 0.0738604 0.0739935 0.0718288 0.0678971 0.0627059 0.056709 0.0502925 0.0437679 0.0373735 0.0312821 0.0256095 0.0204263 0.0157778 0.0117047 0.00825514 0.00547357
 0.00772144 0.0126329 0.0191794 0.0273488 0.0368888 0.0471478 0.0570472 0.0653499 0.0711057 0.0739456 0.0740418 0.0718609 0.067941 0.0627862 0.0568345 0.0504479 0.0439139 0.0374573 0.031254 0.02544 0.0201179 0.0153659 0.0112481 0.00781762 0.0051055
 0.00778661 0.0127309 0.0193119 0.0275114 0.0370717 0.047337 0.0572263 0.0655019 0.0712162 0.0740065 0.0740541 0.0718353 0.0678962 0.0627446 0.056816 0.0504623 0.0439542 0.0374979 0.0312574 0.0253707 0.019958 0.015124 0.0109574 0.00752323 0.00484818
 0.00780709 0.0127666 0.0193697 0.0275982 0.0371915 0.0474873 0.0573953 0.0656696 0.0713596 0.0741071 0.0741031 0.0718351 0.0678579 0.0626846 0.0567526 0.050411 0.0439227 0.0374817 0.0312393 0.0253267 0.0198678 0.0149822 0.0107773 0.00733185 0.00467421
 0.00784284 0.0128167 0.0194304 0.0276621 0.0372506 0.0475377 0.0574396 0.0657153 0.0714134 0.0741693 0.0741661 0.0718864 0.0678865 0.0626866 0.056732 0.0503777 0.0438875 0.0374509 0.0312108 0.0252903 0.0198108 0.0148971 0.0106676 0.00721121 0.00456071
 0.00785014 0.0128278 0.0194453 0.0276794 0.0372671 0.0475482 0.0574379 0.0656972 0.0713803 0.0741303 0.0741351 0.0718765 0.0679031 0.0627252 0.056782 0.0504282 0.0439317 0.0374862 0.0312358 0.0253018 0.0198037 0.0148675 0.0106168 0.00714732 0.00449543
 0.00786849 0.0128516 0.0194703 0.0276982 0.0372713 0.0475321 0.0574009 0.0656439 0.0713183 0.0740673 0.0740788 0.0718341 0.067882 0.0627304 0.0568138 0.0504809 0.0439955 0.0375506 0.0312921 0.0253436 0.0198269 0.0148701 0.0106006 0.0071177 0.0044605
 0.00789484 0.0128944 0.019534 0.0277853 0.0373806 0.0476554 0.0575228 0.0657435 0.071376 0.0740721 0.0740321 0.0717481 0.0677748 0.0626207 0.0567163 0.050405 0.0439437 0.0375198 0.0312754 0.0253332 0.0198157 0.0148539 0.0105781 0.00709095 0.00443327
 0.00789813 0.0128976 0.0195352 0.0277821 0.0373715 0.0476419 0.0575094 0.0657363 0.071379 0.0740841 0.0740463 0.0717562 0.0677716 0.0626066 0.0566973 0.050389 0.0439372 0.0375252 0.0312907 0.0253531 0.019834 0.0148658 0.0105813 0.00708641 0.00442398
 0.00788543 0.0128748 0.0194968 0.0277222 0.0372852 0.0475284 0.0573748 0.0655945 0.071249 0.0739854 0.0739936 0.0717547 0.0678163 0.0626849 0.0567944 0.0504927 0.04404 0.0376235 0.0313824 0.0254356 0.019904 0.01492 0.0106188 0.00710843 0.00443417
 0.00788446 0.0128694 0.0194817 0.0276898 0.0372275 0.0474398 0.0572549 0.0654498 0.0710926 0.0738352 0.0738689 0.0716732 0.0677889 0.0627139 0.0568723 0.0506051 0.0441704 0.0377574 0.0315093 0.0255488 0.0199992 0.0149951 0.0106733 0.00714421 0.00445493
 0.0078632 0.0128369 0.0194363 0.027631 0.0371551 0.0473534 0.057154 0.0653347 0.0709667 0.0737059 0.0737482 0.0715759 0.0677299 0.062704 0.0569153 0.0506963 0.0442979 0.037905 0.0316606 0.0256901 0.0201213 0.015093 0.010746 0.00719377 0.00448558
 0.00782854 0.0127771 0.0193407 0.0274886 0.0369591 0.0471064 0.0568723 0.0650468 0.0707059 0.0735008 0.0736158 0.0715209 0.0677489 0.0627898 0.057059 0.0508876 0.0445237 0.0381493 0.0319055 0.0259185 0.0203198 0.0152535 0.0108663 0.00727698 0.00453833
 0.00783254 0.0127784 0.0193325 0.0274607 0.0368993 0.0470037 0.0567211 0.0648504 0.0704779 0.0732643 0.0733993 0.0713516 0.0676466 0.0627627 0.0571048 0.0509964 0.0446817 0.0383402 0.0321118 0.0261228 0.0205061 0.0154102 0.0109877 0.00736318 0.00459424
 0.00780315 0.0127348 0.0192745 0.0273899 0.0368179 0.0469122 0.056617 0.0647297 0.0703381 0.073108 0.0732367 0.0712004 0.0675277 0.0626958 0.0571023 0.0510607 0.0448055 0.0385089 0.0323069 0.0263245 0.0206964 0.015575 0.0111185 0.00745823 0.00465711
 0.00774603 0.012642 0.0191354 0.0271966 0.0365684 0.046615 0.0562943 0.0644143 0.0700652 0.0729039 0.0731129 0.0711545 0.0675505 0.062778 0.0572379 0.0512454 0.045033 0.0387687 0.0325833 0.0265988 0.0209497 0.0157922 0.0112905 0.00758336 0.0047403
 0.00773718 0.0126204 0.0190896 0.0271115 0.0364286 0.0464116 0.0560302 0.0641074 0.0697459 0.0726088 0.0728761 0.0710004 0.0674896 0.0628068 0.0573437 0.0514124 0.045246 0.0390137 0.0328458 0.0268625 0.0211976 0.0160087 0.0114652 0.00771264 0.00482757
 0.00932612 0.0148491 0.0217887 0.0299031 0.038835 0.0480289 0.0566668 0.0638131 0.0687366 0.0711553 0.0712212 0.0693247 0.0659122 0.0613976 0.0561357 0.0504126 0.0444449 0.0383931 0.0323839 0.0265356 0.0209806 0.0158756 0.0113912 0.00767619 0.00481226
 0.00928618 0.0150795 0.0226565 0.0318662 0.0422443 0.0528596 0.0623476 0.0693176 0.0729474 0.0733027 0.0711364 0.0673876 0.0627854 0.057743 0.0524489 0.0469909 0.0414315 0.0358367 0.0302834 0.0248652 0.019701 0.0149382 0.0107399 0.00725087 0.00455343
 0.00897368 0.0145837 0.0219548 0.0310027 0.0413847 0.05233 0.0625971 0.0707577 0.0757052 0.0770363 0.0750749 0.070623 0.0646514 0.0580468 0.0514445 0.0451684 0.0392861 0.0337321 0.0284258 0.0233388 0.0185159 0.0140659 0.0101331 0.0068547 0.00431257
 0.00878182 0.0142689 0.0214761 0.0303227 0.040484 0.0512351 0.0614185 0.0697189 0.0751288 0.0772571 0.0762892 0.0727426 0.0672657 0.0605548 0.0532979 0.0460825 0.0392992 0.0331083 0.0274935 0.0223673 0.0176671 0.0134052 0.0096631 0.00654617 0.00412551
 0.00869015 0.0141112 0.0212226 0.0299396 0.0399402 0.0505144 0.0605341 0.0687273 0.0741395 0.0764357 0.0758427 0.0728695 0.0680712 0.0619658 0.0550438 0.0477782 0.0405978 0.0338323 0.0276702 0.0221633 0.0172851 0.0130046 0.00933185 0.00631117 0.00397765
 0.00867792 0.0140853 0.0211714 0.0298462 0.0397833 0.0502711 0.0601851 0.0682629 0.0735685 0.075796 0.0752107 0.0723621 0.0678284 0.0621068 0.0556069 0.0486778 0.0416353 0.03477 0.0283284 0.0224829 0.0173221 0.0128745 0.00914662 0.00614345 0.00385663
 0.00868601 0.0140976 0.021188 0.029865 0.0397986 0.0502719 0.0601538 0.068177 0.0734049 0.0755393 0.0748633 0.0719547 0.0674247 0.0617982 0.0554885 0.0488097 0.042006 0.0352879 0.0288554 0.0228941 0.0175553 0.0129412 0.00910498 0.00605891 0.00377493
 0.00866344 0.0140662 0.0211505 0.0298273 0.0397678 0.0502531 0.0601474 0.0681765 0.0733973 0.0755065 0.0747865 0.071821 0.0672372 0.0615828 0.0552953 0.0487004 0.0420292 0.0354525 0.0291199 0.0231828 0.0177936 0.0130875 0.00916022 0.00605261 0.00374232
 0.00865469 0.0140501 0.0211232 0.0297849 0.0397088 0.0501806 0.0600705 0.0681087 0.0733506 0.0754856 0.0747849 0.0718224 0.0672223 0.0615392 0.0552263 0.0486282 0.0419883 0.0354742 0.0292141 0.0233301 0.0179538 0.0132204 0.00924396 0.00608823 0.00374573
 0.00863531 0.0140199 0.0210801 0.0297277 0.039637 0.0500951 0.0599741 0.0680076 0.0732546 0.075407 0.0747351 0.0718071 0.067238 0.0615743 0.0552662 0.0486637 0.0420218 0.0355178 0.0292813 0.0234247 0.0180649 0.0133274 0.00932791 0.00614088 0.00377056
 0.00863741 0.0140231 0.0210844 0.0297329 0.0396422 0.0500984 0.059973 0.0679985 0.0732345 0.0753744 0.0746918 0.0717584 0.0671916 0.0615365 0.05524 0.0486482 0.0420149 0.0355203 0.0292969 0.0234569 0.0181124 0.0133822 0.00937872 0.00617904 0.00379341
 0.00862428 0.0140044 0.021061 0.0297074 0.039618 0.0500787 0.0599593 0.0679908 0.073231 0.0753723 0.0746881 0.0717512 0.0671803 0.0615231 0.0552278 0.0486406 0.0420142 0.0355275 0.0293128 0.0234819 0.0181456 0.0134201 0.00941568 0.0062095 0.00381444
 0.00863679 0.0140217 0.0210816 0.0297281 0.0396354 0.0500905 0.0599658 0.067994 0.0732333 0.0753746 0.0746888 0.071747 0.0671683 0.0615022 0.0551993 0.0486083 0.0419829 0.0355018 0.0292961 0.0234759 0.0181499 0.0134324 0.00943208 0.00622574 0.00382739
 0.00861756 0.0139938 0.0210456 0.0296865 0.0395917 0.0500476 0.0599254 0.0679574 0.0732021 0.075352 0.0746788 0.0717524 0.0671888 0.061534 0.0552366 0.0486455 0.0420165 0.0355311 0.0293223 0.0235008 0.0181747 0.0134569 0.00945492 0.00624515 0.00384208
 0.00861029 0.0139809 0.0210244 0.0296544 0.0395473 0.0499924 0.0598648 0.0678992 0.0731549 0.0753213 0.0746661 0.0717564 0.0672067 0.061563 0.0552737 0.0486871 0.042059 0.0355713 0.0293583 0.0235324 0.0182024 0.0134812 0.00947579 0.00626211 0.00385475
 0.00861029 0.0139809 0.0210244 0.0296544 0.0395473 0.0499924 0.0598648 0.0678992 0.0731549 0.0753213 0.0746661 0.0717564 0.0672067 0.061563 0.0552737 0.0486871 0.042059 0.0355713 0.0293583 0.0235324 0.0182024 0.0134812 0.00947579 0.00626211 0.00385475
 0.00881829 0.0143118 0.0215071 0.0303058 0.0403626 0.0509344 0.0608553 0.068826 0.0738954 0.0757767 0.0747871 0.0715503 0.0667263 0.0608876 0.0544893 0.0478724 0.041276 0.0348624 0.0287482 0.0230314 0.0178102 0.0131899 0.00927212 0.00612908 0.00377425
 0.00851161 0.0138476 0.0208749 0.0295246 0.0394835 0.0500379 0.0600458 0.0682166 0.073581 0.0758034 0.0751352 0.0721416 0.0674529 0.061644 0.0551961 0.0484841 0.0417775 0.0352591 0.0290548 0.0232644 0.0179843 0.0133168 0.00936131 0.00618888 0.00381199
#pred catch len freq
 0.00316744 0.00515266 0.00779487 0.0111446 0.0152442 0.0200781 0.0255122 0.0312873 0.0370736 0.0425386 0.0473958 0.05144 0.0545739 0.0568114 0.0582519 0.0590474 0.0593781 0.0594173 0.0592496 0.058739 0.0574221 0.0545726 0.0495239 0.0421303 0.0330528
 0.00337661 0.00543148 0.00810345 0.0114134 0.0154001 0.0200811 0.0253799 0.0310858 0.0368787 0.0423938 0.0472957 0.0513499 0.0544704 0.0567145 0.0582279 0.0591794 0.059717 0.0599368 0.0598315 0.0592016 0.05759 0.0543548 0.0489575 0.0413616 0.032267
 0.00342745 0.00555192 0.00834919 0.0118455 0.0160529 0.0209225 0.0262917 0.031891 0.0374135 0.0425803 0.0471675 0.0510142 0.0540427 0.056276 0.0578268 0.0588548 0.0595086 0.0598647 0.0598622 0.0592354 0.0574928 0.0540233 0.0483779 0.0406206 0.0315067
 0.00360764 0.0058177 0.00870386 0.0122878 0.0165938 0.0215997 0.0271624 0.0329922 0.0387051 0.0439145 0.0483189 0.0517678 0.054285 0.0560309 0.0572212 0.058051 0.058648 0.0590398 0.0591055 0.0585203 0.0567521 0.053193 0.047445 0.0396441 0.0305926
 0.00378638 0.0061186 0.00917379 0.0129718 0.0175203 0.0227636 0.0285158 0.0344569 0.0402006 0.0453761 0.0496859 0.0529501 0.055149 0.0564328 0.057073 0.0573676 0.0575426 0.0576714 0.0576173 0.0570011 0.0552365 0.0516915 0.0459845 0.0382877 0.0294252
 0.00393242 0.00636305 0.00955745 0.0135442 0.0183376 0.023879 0.0299606 0.0362164 0.042196 0.0474657 0.0516907 0.0546931 0.0564846 0.0572539 0.0573052 0.0569733 0.0565391 0.0561439 0.055705 0.0548616 0.0530131 0.0495042 0.0439399 0.036487 0.0279531
 0.00411067 0.00664286 0.00996191 0.0140934 0.0190527 0.0247853 0.0310866 0.0375855 0.0438116 0.0492932 0.053642 0.0566243 0.0582141 0.058595 0.0581001 0.057116 0.055986 0.0549193 0.0539012 0.0526297 0.0505417 0.0469932 0.0415777 0.0344302 0.0263055
 0.00431541 0.00697427 0.0104581 0.0147895 0.0199748 0.0259425 0.0324624 0.039137 0.0454796 0.0510164 0.0553633 0.0582836 0.0597319 0.0598614 0.0589781 0.0574634 0.0556871 0.0539159 0.0522154 0.0503718 0.0479017 0.044214 0.0389137 0.0320996 0.0244492
 0.00460208 0.00742199 0.0110993 0.015646 0.0210598 0.0272602 0.0340023 0.0408633 0.047325 0.0528855 0.0571476 0.0598823 0.0610663 0.0608732 0.0596125 0.0576505 0.0553391 0.0529498 0.0505926 0.048138 0.0452066 0.0412989 0.0360644 0.0295789 0.022434
 0.00483389 0.00781851 0.0117319 0.016592 0.0223841 0.0289875 0.0360915 0.0432026 0.049753 0.0552277 0.0592485 0.0616209 0.0623607 0.0616776 0.0599084 0.0574298 0.0545861 0.0516353 0.0486935 0.0456791 0.042302 0.0381655 0.0329881 0.0268428 0.020239
 0.00510475 0.00824976 0.0123679 0.0174782 0.0235709 0.0305284 0.0380272 0.045531 0.0523964 0.0580175 0.0619432 0.0639592 0.0641248 0.0627378 0.0602286 0.0570391 0.0535387 0.0499807 0.0464734 0.0429526 0.0391867 0.0348633 0.0297697 0.023985 0.0179452
 0.00537122 0.00866412 0.0129577 0.0182602 0.0245544 0.0317196 0.0394308 0.0471478 0.0542177 0.0600127 0.0640413 0.0660325 0.0659924 0.0641962 0.0611004 0.0572135 0.0529827 0.0487236 0.0445833 0.0405287 0.0363722 0.0318611 0.0268325 0.0213673 0.015836
 0.0056367 0.00908251 0.0135627 0.0190744 0.0255859 0.0329573 0.0408399 0.0486708 0.055786 0.0615642 0.0655312 0.0674281 0.0672528 0.065251 0.0618424 0.0575153 0.0527307 0.0478506 0.0430882 0.0384819 0.0339143 0.029196 0.0242048 0.0190159 0.0139363
 0.00589869 0.0095016 0.014181 0.0199272 0.026696 0.0343253 0.0424318 0.0504108 0.0575629 0.063251 0.0670115 0.0686195 0.0681171 0.0657852 0.0620534 0.0573921 0.0522322 0.0469199 0.0416857 0.0366224 0.0316908 0.0267798 0.0218174 0.0168778 0.0122087
 0.00613443 0.00988172 0.0147481 0.020721 0.0277482 0.0356502 0.0440125 0.0521883 0.0594341 0.0650797 0.0686484 0.0699285 0.0690012 0.0662032 0.0620173 0.056945 0.0514178 0.0457617 0.0401907 0.0348079 0.0296192 0.0245781 0.0196637 0.0149579 0.0106613
 0.00631518 0.0101734 0.0151841 0.0213343 0.0285691 0.0367005 0.0452954 0.0536776 0.0610671 0.0667573 0.0702435 0.0713025 0.0700277 0.0667906 0.0621247 0.0565824 0.0506313 0.0446114 0.0387343 0.0331022 0.0277373 0.0226272 0.0177849 0.0132974 0.00932884
 0.00644849 0.0103872 0.0155015 0.021777 0.0291565 0.0374469 0.0462047 0.0547379 0.0622474 0.0680064 0.071491 0.0724612 0.0710004 0.0674826 0.0624592 0.0565148 0.050156 0.0437586 0.0375599 0.0316791 0.0261545 0.0209926 0.0162213 0.0119237 0.00823098
 0.00657817 0.0105893 0.0157901 0.0221616 0.0296437 0.0380411 0.0469069 0.0555408 0.0631309 0.0689358 0.0724183 0.0733291 0.0717474 0.0680472 0.0627843 0.0565528 0.049877 0.043158 0.0366633 0.0305423 0.0248601 0.0196442 0.0149312 0.0107943 0.00733218
 0.00651425 0.0105076 0.0157085 0.0221111 0.0296611 0.0381574 0.0471382 0.055887 0.0635816 0.069477 0.073034 0.0739968 0.0724318 0.0686981 0.0633393 0.0569462 0.05005 0.0430701 0.0363024 0.0299312 0.0240572 0.0187367 0.0140203 0.00997391 0.0066683
 0.00650799 0.0104903 0.0156709 0.0220445 0.0295648 0.0380482 0.0470534 0.0558775 0.0636933 0.0697316 0.0734208 0.0744802 0.0729657 0.069237 0.0638403 0.0573649 0.0503392 0.0431852 0.0362122 0.0296307 0.0235754 0.018135 0.0133801 0.00937654 0.00617424
 0.00661752 0.0106518 0.0158823 0.0222908 0.0298198 0.0382794 0.0472298 0.0559786 0.063719 0.0697069 0.0733896 0.0744879 0.0730401 0.0693786 0.0640248 0.0575536 0.0504881 0.0432511 0.0361594 0.0294395 0.0232514 0.0177125 0.0129153 0.00893203 0.00580018
 0.00660084 0.0106499 0.0159247 0.0224177 0.0300676 0.0386598 0.0477137 0.0564964 0.0641818 0.0700372 0.0735479 0.0744824 0.0729177 0.0692028 0.0638507 0.0574103 0.0503746 0.0431431 0.0360229 0.0292453 0.0229871 0.0173891 0.0125648 0.0085961 0.00551554
 0.00656107 0.0105879 0.0158388 0.0223145 0.029968 0.038603 0.0477534 0.0566836 0.0645366 0.0705266 0.0740858 0.0749595 0.0732457 0.0693461 0.0638305 0.0572821 0.0501964 0.0429524 0.0358298 0.0290414 0.0227607 0.0171386 0.0123038 0.00834859 0.00530538
 0.00660213 0.0106362 0.0158776 0.022317 0.0299053 0.0384579 0.0475336 0.0564283 0.0643115 0.0704055 0.0741242 0.0751688 0.073583 0.0697294 0.0641729 0.0575254 0.0503253 0.0429845 0.0357938 0.0289598 0.0226458 0.0169982 0.0121488 0.00819492 0.0051701
 0.00668936 0.0107644 0.0160439 0.0225066 0.0300915 0.0386044 0.0476006 0.056383 0.0641423 0.0701356 0.073813 0.0748964 0.0734205 0.06971 0.0642797 0.0577033 0.0505085 0.0431231 0.0358662 0.0289677 0.0226026 0.0169203 0.0120522 0.00809485 0.00507991
 0.00671781 0.0108047 0.0160934 0.0225589 0.0301376 0.0386351 0.047607 0.056356 0.0640724 0.070015 0.0736433 0.0746959 0.0732271 0.0695717 0.0642357 0.0577655 0.050655 0.043309 0.036043 0.0291011 0.0226793 0.0169441 0.0120371 0.00805786 0.00503644
 0.00674249 0.0108314 0.0161088 0.0225422 0.0300655 0.0384909 0.0473887 0.0560793 0.0637677 0.0697194 0.0733909 0.0745114 0.0731238 0.0695548 0.0643065 0.0579217 0.0508859 0.0435902 0.0363386 0.0293727 0.0228975 0.0170962 0.0121266 0.00809922 0.00504734
 0.00675977 0.0108619 0.0161582 0.0226142 0.0301577 0.0385895 0.0474667 0.0561023 0.0637066 0.0695647 0.0731594 0.0742417 0.0728623 0.0693419 0.0641686 0.05787 0.0509185 0.0436943 0.0364916 0.0295453 0.0230603 0.0172273 0.0122166 0.00815061 0.00507023
