SBPRF35
7.78865
Curr Bio
573644
B35
681147
F35
0.224606
FOFL
0.201703
OFL
94639.8
Bzero
2.22533e+006
#pred survey bio
 4.47625e+006 4.2011e+006 3.94934e+006 3.67189e+006 3.37475e+006 3.06638e+006 2.7714e+006 2.46911e+006 2.19045e+006 1.94699e+006 1.7459e+006 1.52491e+006 1.35043e+006 1.19055e+006 1.06986e+006 950356 848098 763627 703216 654991 626420 604783 585741 573974 568610 563162 568578 572661 577560 563908 565008 562111 547692 549906 544969 531745 539888 538291 538407 551681 553041 563985 568821 575354 579343 582335 582020 588844 589174 586349 574798 528502 503080 466358 471250 495254 508964 523248 514930 540490 549556 573209 2.15069e+007 1.31128e+007 1.34189e+007 1.39562e+007 1.46022e+007 1.52327e+007 1.57828e+007 1.62308e+007 1.65797e+007 1.68434e+007 1.70391e+007 1.71828e+007 1.72877e+007 1.73642e+007 1.74202e+007 1.74612e+007 1.74915e+007 1.75139e+007 1.75306e+007 1.75432e+007 1.75526e+007 1.75598e+007 1.75652e+007 1.75693e+007 1.75725e+007 1.75749e+007 1.75768e+007 1.75782e+007 1.75793e+007 1.75801e+007 1.75808e+007 1.75813e+007 1.75817e+007 1.7582e+007 1.75822e+007 1.75824e+007 1.75825e+007 1.75826e+007 1.75827e+007 1.75828e+007 1.75828e+007 1.75829e+007 1.75829e+007 1.75829e+007 1.7583e+007 1.7583e+007 1.7583e+007 1.7583e+007 1.7583e+007 1.7583e+007 1.7583e+007 1.7583e+007 1.7583e+007 1.7583e+007 1.7583e+007 1.7583e+007 1.7583e+007 1.7583e+007 1.7583e+007 1.7583e+007 1.7583e+007 1.7583e+007 1.7583e+007 1.7583e+007 1.7583e+007 1.7583e+007 1.7583e+007 1.7583e+007 1.7583e+007 1.7583e+007 1.7583e+007 1.7583e+007 1.7583e+007 1.7583e+007 1.7583e+007 1.7583e+007 1.7583e+007 1.7583e+007 1.7583e+007 1.7583e+007 1.7583e+007 1.7583e+007 1.7583e+007 1.7583e+007 1.7583e+007 1.7583e+007 1.7583e+007 1.7583e+007 1.7583e+007 1.7583e+007 1.7583e+007 1.7583e+007 1.7583e+007 1.7583e+007 1.7583e+007 1.7583e+007 1.7583e+007 1.7583e+007 1.7583e+007 1.7583e+007 0 0 0 0 0 0 0 0 0 0 0 0 0 0 0 0 0 0 0 0 0 0 0 0 0
#obs survey bio
 4.01418e+006 4.25685e+006 3.47236e+006 2.56424e+006 2.18978e+006 2.41352e+006 2.00341e+006 2.24356e+006 1.79192e+006 1.99609e+006 1.89454e+006 1.32137e+006 1.38437e+006 1.29155e+006 1.00066e+006 1.02697e+006 555974 555952 642576 449285 572226 519280 473653 490290 355422 517109 513130 537566 712499 475488 566835 443556 478484 607662 468097 470670 627395 657112 667824 900253 474820 579812 545879 657288 594459 516652 502392 808638 719198 513682 649556 590694 479505 450666 441255 442458 573701 570690 468082 466245 580741 541304
#pred catch bio
 100981 96509.8 145058 192488 235091 255624 293491 300193 292142 272630 303257 270364 261974 230168 229921 213443 195455 171675 157701 137666 129135 124907 117405 111144 110491 100579 100640 98120 110931 95955.8 97452.5 104640 88352.6 92313.8 96503 78152.2 90265.2 92915.6 83877.7 94188.9 86005.9 91177.9 89500.6 91298.2 91533.9 93636.1 87246 92496.5 94554.8 100961 128146 108863 118646 84956.3 71760.3 81697 81456.9 100287 73236.1 90747.8 82802.7 72804.7 94639.8 105444 106803 109892 114242 118620 122388 125360 127571 129151 130246 130987 131480 131803 132012 132147 132232 132287 132321 132343 132356 132365 132370 132373 132375 132377 132378 132378 132378 132379 132379 132379 132379 132379 132379 132379 132379 132379 132379 132379 132379 132379 132379 132379 132379 132379 132379 132379 132379 132379 132379 132379 132379 132379 132379 132379 132379 132379 132379 132379 132379 132379 132379 132379 132379 132379 132379 132379 132379 132379 132379 132379 132379 132379 132379 132379 132379 132379 132379 132379 132379 132379 132379 132379 132379 132379 132379 132379 132379 132379 132379 132379 132379 132379 132379 132379 132379 132379 132379 132379 0 0 0 0 0 0 0 0 0 0 0 0 0 0 0 0 0 0 0 0 0 0 0 0 0
#obs catch bio
 0 96244.8 145611 193665 237672 258492 298736 306142 298054 278418 310347 276356 267168 232789 233904 216080 198514 174367 160685 140040 130935 126435 119484 112818 112737 102043 102124 99066.8 111787 96478.6 98144 105603 88768.2 92794 97426.7 78444.5 90556.4 93160.8 83544.5 93417.9 85510.9 90654.5 88977.6 90730.4 90877.3 93098.3 86483.9 91650.8 93535 99881.6 127239 106967 117610 84422.4 71375.5 81533.1 80932 100476 72652.3 90722.2 82881.7 72693.9
#pred cpue bio
 4.4048e+006 4.13257e+006 3.88234e+006 3.60523e+006 3.30925e+006 3.00224e+006 2.70857e+006 2.40801e+006 2.13124e+006 1.88962e+006 1.69041e+006 1.47234e+006 1.30044e+006 1.14334e+006 1.02463e+006 907370 807399 725030 666401 619908 592563 571882 553473 542083 536970 531826 537404 541890 547303 534600 536007 533611 520007 522538 518301 505920 513318 510213 509344 522502 524313 535102 539920 546386 550431 553533 553365 560073 560499 557833 546697 501633 476349 439913 444085 467486 481293 495400 487222 511532 519569 541611 2.0352e+007 1.24238e+007 1.26776e+007 1.31408e+007 1.37605e+007 1.43852e+007 1.49342e+007 1.5382e+007 1.57309e+007 1.59946e+007 1.61903e+007 1.6334e+007 1.64389e+007 1.65154e+007 1.65714e+007 1.66124e+007 1.66426e+007 1.66651e+007 1.66818e+007 1.66944e+007 1.67038e+007 1.6711e+007 1.67164e+007 1.67205e+007 1.67237e+007 1.67261e+007 1.6728e+007 1.67294e+007 1.67305e+007 1.67313e+007 1.6732e+007 1.67325e+007 1.67329e+007 1.67332e+007 1.67334e+007 1.67336e+007 1.67337e+007 1.67338e+007 1.67339e+007 1.6734e+007 1.6734e+007 1.67341e+007 1.67341e+007 1.67341e+007 1.67341e+007 1.67342e+007 1.67342e+007 1.67342e+007 1.67342e+007 1.67342e+007 1.67342e+007 1.67342e+007 1.67342e+007 1.67342e+007 1.67342e+007 1.67342e+007 1.67342e+007 1.67342e+007 1.67342e+007 1.67342e+007 1.67342e+007 1.67342e+007 1.67342e+007 1.67342e+007 1.67342e+007 1.67342e+007 1.67342e+007 1.67342e+007 1.67342e+007 1.67342e+007 1.67342e+007 1.67342e+007 1.67342e+007 1.67342e+007 1.67342e+007 1.67342e+007 1.67342e+007 1.67342e+007 1.67342e+007 1.67342e+007 1.67342e+007 1.67342e+007 1.67342e+007 1.67342e+007 1.67342e+007 1.67342e+007 1.67342e+007 1.67342e+007 1.67342e+007 1.67342e+007 1.67342e+007 1.67342e+007 1.67342e+007 1.67342e+007 1.67342e+007 1.67342e+007 1.67342e+007 1.67342e+007 1.67342e+007 1.67342e+007 0 0 0 0 0 0 0 0 0 0 0 0 0 0 0 0 0 0 0 0 0 0 0 0 0
#obs cpue bio
 4.06698e+006 2.99056e+006 2.1704e+006 3.38716e+006 2.6638e+006 3.51006e+006 2.33835e+006 2.05769e+006 2.22675e+006 1.1549e+006 1.83786e+006 1.15414e+006 1.36497e+006 1.25944e+006 737506 900389 846353 727641 483618 658405 615565 611592 366545 547478 499895 541282 498422 614435 604377 501456 454501 637015 536252 483882 468750 513047 628075 436224 573993 602736 474604 642299 589400 562102 633575 655279 841679 519395 573057 640766 491981 815257 431950 397550 462888 528132 531694 367311 711278 508746 381751 611029
#pred surv len freq
 0.00463513 0.00749931 0.0112438 0.0158518 0.0212393 0.027188 0.0333032 0.0390905 0.044127 0.0481931 0.0512803 0.0535134 0.0550683 0.0561145 0.0567731 0.0570921 0.0570465 0.0565541 0.0554784 0.0536066 0.0506376 0.0462489 0.0402813 0.0329592 0.0249745
 0.0050519 0.00807826 0.0119374 0.0165664 0.0218769 0.0277034 0.0337355 0.0395384 0.0446749 0.0488348 0.051893 0.0539025 0.0550569 0.0556277 0.0558762 0.0559696 0.0559356 0.0556584 0.0548967 0.0533079 0.0504937 0.0461097 0.0400499 0.0326262 0.0245982
 0.00520751 0.00838113 0.0124783 0.0174421 0.0231451 0.0293261 0.0355502 0.0412945 0.0461314 0.0498585 0.0524858 0.0541403 0.0549961 0.0552576 0.0551504 0.0548805 0.054567 0.0541747 0.0534781 0.0520754 0.0494733 0.0452547 0.0392977 0.0319474 0.0240061
 0.00540209 0.00868033 0.0129025 0.0180141 0.023903 0.0303317 0.0368733 0.0429672 0.0480902 0.0519172 0.0543728 0.0555912 0.0558425 0.0554559 0.054744 0.0539472 0.0531977 0.0524864 0.0516213 0.0502116 0.0477338 0.0437146 0.0379834 0.0308632 0.0231526
 0.00562444 0.0090383 0.013434 0.0187502 0.0248621 0.0315118 0.03825 0.0445013 0.0497407 0.0536432 0.0561119 0.0572284 0.0572036 0.0563449 0.055007 0.0535193 0.0521116 0.0508515 0.0495979 0.0479866 0.0454958 0.0416263 0.0361625 0.0293764 0.0220201
 0.00588203 0.00944871 0.0140369 0.0195791 0.0259405 0.0328466 0.0398207 0.0462526 0.0515863 0.0554815 0.0578453 0.0587726 0.0584801 0.0572634 0.055457 0.053388 0.0513232 0.0494055 0.0475856 0.0455802 0.0429168 0.0391051 0.033898 0.0275047 0.0205994
 0.00610877 0.00981901 0.0145977 0.0203761 0.0270107 0.0342059 0.0414502 0.0480916 0.0535388 0.0574318 0.0596753 0.0603753 0.0597671 0.0581634 0.0559071 0.0533233 0.0506792 0.0481414 0.0457202 0.0432198 0.0402556 0.036393 0.0313855 0.0253865 0.0189769
 0.00637392 0.0102438 0.0152265 0.0212488 0.0281589 0.035645 0.0431672 0.0500353 0.0556179 0.0595241 0.0616436 0.0620863 0.0611077 0.059051 0.0562881 0.0531629 0.0499503 0.0468257 0.0438284 0.0408243 0.0375137 0.0335391 0.0286856 0.0230706 0.0171812
 0.00665154 0.0106878 0.0158815 0.022153 0.0293393 0.037109 0.044892 0.0519616 0.0576538 0.0615568 0.063553 0.0637544 0.0624273 0.059933 0.0566672 0.0529977 0.0492187 0.0455226 0.0419737 0.0384843 0.0348256 0.0307151 0.0259808 0.0207209 0.0153393
 0.00685334 0.0110231 0.0164001 0.0229067 0.0303731 0.0384456 0.0465154 0.0538097 0.0596254 0.0635293 0.0654011 0.0653638 0.0637014 0.0607953 0.0570604 0.0528819 0.0485694 0.0443324 0.0402612 0.0363114 0.0323165 0.0280621 0.0234198 0.0184768 0.0135649
 0.00701226 0.0112796 0.016784 0.0234487 0.0311037 0.0393913 0.0476902 0.0552037 0.0611962 0.0651995 0.0670645 0.0668997 0.0649932 0.0617457 0.0575981 0.0529594 0.0481581 0.0434212 0.038863 0.0344783 0.0301572 0.0257466 0.0211592 0.0164766 0.0119697
 0.00723881 0.0116515 0.0173502 0.0242562 0.0321875 0.0407591 0.0493075 0.0569901 0.0630383 0.066974 0.0686577 0.0682174 0.0659624 0.0623143 0.057734 0.0526484 0.0474002 0.042228 0.0372618 0.0325251 0.0279524 0.0234425 0.0189439 0.014533 0.0104259
 0.0074509 0.0119837 0.0178281 0.024899 0.0330098 0.0417707 0.0505077 0.0583577 0.0645218 0.0684899 0.0700989 0.0694713 0.0669307 0.0629268 0.0579513 0.052456 0.0468004 0.0412353 0.0359056 0.0308588 0.0260667 0.0214699 0.0170455 0.0128651 0.00909858
 0.0077981 0.0125195 0.0185807 0.0258751 0.0341941 0.0431269 0.0519785 0.0598665 0.0659824 0.0698194 0.0712279 0.0703448 0.0675049 0.0631681 0.0578389 0.0519849 0.0459813 0.040092 0.034475 0.0291966 0.024256 0.0196256 0.0153033 0.0113536 0.0079057
 0.00794552 0.0127778 0.019003 0.0265195 0.0351072 0.0443193 0.0534039 0.0614199 0.0675236 0.0712098 0.0723614 0.0711602 0.0679808 0.0633084 0.0576587 0.0515019 0.0452134 0.0390607 0.0332113 0.0277488 0.0226965 0.018052 0.0138282 0.0100816 0.00690623
 0.00815112 0.0131037 0.0194794 0.0271737 0.0359632 0.0453953 0.0547006 0.0629044 0.069115 0.0727783 0.0737472 0.0722098 0.0685868 0.0634323 0.0573282 0.050786 0.044194 0.0378129 0.0317995 0.026234 0.0211471 0.0165497 0.0124618 0.00892967 0.00601623
 0.00835804 0.0134325 0.01996 0.0278283 0.0368028 0.0464133 0.0558677 0.0641676 0.0704042 0.0740156 0.0748519 0.0730988 0.0691779 0.0636574 0.0571519 0.0502186 0.0432885 0.0366493 0.0304657 0.0248149 0.0197234 0.0151997 0.0112595 0.00793417 0.00525824
 0.00849097 0.013653 0.0203001 0.0283201 0.0374719 0.0472676 0.0568861 0.0652955 0.0715609 0.0751106 0.0758012 0.0738356 0.0696549 0.0638444 0.0570328 0.049793 0.0425769 0.0356964 0.0293378 0.0235918 0.0184892 0.0140348 0.0102329 0.00709475 0.00462691
 0.00856937 0.0137728 0.0204672 0.0285384 0.0377465 0.0476087 0.0573088 0.0658134 0.0721747 0.0757982 0.0765154 0.0745109 0.0702219 0.0642431 0.0572207 0.0497469 0.0422927 0.0351898 0.0286459 0.0227714 0.0176113 0.0131748 0.00945851 0.00645488 0.00414388
 0.00867603 0.0139334 0.0206849 0.0288072 0.0380529 0.0479355 0.0576388 0.0661334 0.0724797 0.0760923 0.0768078 0.074806 0.0705093 0.0644941 0.0573941 0.0498006 0.0421953 0.0349283 0.0282293 0.0222314 0.0169981 0.0125492 0.00887982 0.00596875 0.00377365
 0.00876486 0.0140594 0.0208403 0.0289729 0.0382036 0.0480484 0.0577012 0.0661465 0.0724576 0.0760596 0.0767945 0.0748415 0.0706124 0.064665 0.0576095 0.0500174 0.0423613 0.0349971 0.0281731 0.0220486 0.0167132 0.0122057 0.00852856 0.00565412 0.00352381
 0.00891365 0.0142788 0.021128 0.02931 0.038557 0.0483772 0.0579635 0.0663067 0.0724946 0.0759749 0.0766151 0.0746133 0.070388 0.064488 0.0575032 0.0499795 0.0423662 0.0350054 0.0281449 0.0219573 0.016554 0.0119958 0.00829923 0.00543873 0.00334692
 0.0089553 0.0143601 0.021274 0.029549 0.0389092 0.0488388 0.058495 0.0668351 0.072933 0.0762496 0.0766883 0.0744912 0.0701141 0.0641271 0.0571227 0.0496321 0.0420798 0.0347806 0.0279626 0.0217914 0.0163847 0.0118174 0.00812026 0.00527517 0.00321319
 0.00902045 0.0144475 0.0213728 0.0296418 0.0389818 0.0488928 0.0585536 0.0669336 0.073097 0.0764739 0.0769317 0.0746928 0.0702205 0.0641153 0.0570058 0.0494486 0.0418745 0.0345877 0.0277973 0.0216514 0.0162595 0.0116981 0.00800534 0.00517021 0.00312587
 0.00897391 0.0143867 0.0213077 0.029588 0.0389533 0.0488925 0.0585696 0.0669469 0.0730969 0.0764698 0.0769499 0.074758 0.070336 0.0642575 0.0571369 0.0495376 0.0419103 0.0345789 0.0277611 0.0216028 0.0162058 0.0116416 0.00794734 0.00511417 0.00307672
 0.00891354 0.0142941 0.0211798 0.0294281 0.0387729 0.0487123 0.058417 0.0668491 0.0730708 0.0765145 0.0770488 0.0748894 0.0704844 0.064415 0.0572972 0.0496893 0.0420384 0.0346712 0.0278146 0.0216227 0.0162017 0.0116223 0.00791998 0.00508426 0.00304883
 0.00875656 0.0140498 0.0208328 0.0289732 0.0382175 0.0480801 0.057752 0.0662156 0.0725453 0.0761691 0.076932 0.0750135 0.0708234 0.0649145 0.0578899 0.0503101 0.0426329 0.0352 0.0282537 0.0219635 0.0164483 0.0117879 0.00802203 0.00514067 0.00307569
 0.00859502 0.0138004 0.0204825 0.0285187 0.0376662 0.0474504 0.0570754 0.0655381 0.0719255 0.0756712 0.0766155 0.0749217 0.0709735 0.0652917 0.0584484 0.0509825 0.0433452 0.035885 0.0288613 0.0224643 0.0168328 0.0120626 0.00820372 0.00525124 0.00313696
 0.00851295 0.0136575 0.0202505 0.0281672 0.0371718 0.0468098 0.056317 0.0647237 0.0711382 0.0749963 0.0761242 0.0746626 0.0709699 0.0655413 0.0589232 0.0516308 0.0440976 0.0366654 0.0295998 0.0231081 0.0173521 0.0124504 0.0084716 0.00542171 0.00323642
 0.00859064 0.013779 0.0204225 0.0283882 0.0374265 0.0470647 0.0565196 0.0648121 0.0710603 0.0747323 0.0756979 0.0741369 0.0704284 0.0650664 0.058579 0.0514524 0.0440877 0.0367974 0.0298265 0.0233754 0.017612 0.0126702 0.00863682 0.00553306 0.00330389
 0.00847855 0.0136103 0.0201944 0.0281082 0.0371116 0.0467381 0.0562073 0.0645372 0.0708375 0.0745628 0.0755721 0.0740433 0.070365 0.0650456 0.0586235 0.0515846 0.0443174 0.0371155 0.0302048 0.023773 0.0179865 0.0129884 0.00888117 0.00570284 0.00341052
 0.00841391 0.0135053 0.0200372 0.0278893 0.0368282 0.0463987 0.0558359 0.0641718 0.0705212 0.0743311 0.0754421 0.0740105 0.0704096 0.0651441 0.0587597 0.0517548 0.0445272 0.03737 0.0304997 0.0240907 0.0182994 0.0132679 0.00910676 0.00586691 0.00351787
 0.00844693 0.0135571 0.020111 0.027985 0.0369402 0.0465144 0.055935 0.0642303 0.070519 0.0742603 0.0753105 0.0738383 0.0702207 0.0649587 0.0585922 0.0516158 0.0444272 0.0373197 0.0305058 0.0241509 0.0184002 0.0133876 0.00922288 0.0059631 0.00358719
 0.00824954 0.01326 0.0197086 0.0274891 0.0363777 0.0459227 0.0553581 0.0637157 0.0701121 0.0739968 0.0752102 0.0739023 0.0704336 0.0652928 0.0590117 0.0520825 0.0449062 0.0377844 0.030939 0.0245426 0.0187435 0.0136762 0.00945183 0.00613174 0.00370093
 0.0082178 0.0131925 0.0195786 0.0272645 0.0360324 0.0454522 0.0547919 0.063116 0.0695573 0.0735579 0.0749328 0.0738021 0.0705016 0.0655045 0.0593345 0.0524806 0.0453442 0.0382299 0.0313658 0.0249314 0.0190816 0.0139565 0.00967145 0.00629249 0.00380947
 0.00894735 0.0142263 0.0208513 0.0286161 0.037249 0.0463347 0.0552151 0.0630511 0.0690592 0.0727374 0.0739266 0.0727462 0.0695088 0.0646502 0.0586548 0.0519797 0.0450054 0.0380263 0.0312668 0.0249072 0.0191056 0.0140063 0.00972959 0.00634658 0.00385252
 0.00940181 0.0149534 0.0219153 0.0300464 0.0390079 0.0482825 0.0570976 0.0645409 0.0698567 0.0726846 0.0730683 0.0713004 0.0677732 0.0629014 0.0570866 0.0506901 0.0440157 0.0373104 0.0307773 0.0245924 0.0189181 0.0139062 0.00968499 0.0063335 0.00385427
 0.00915335 0.0146787 0.0217412 0.0301716 0.0396503 0.0495919 0.0590719 0.0669896 0.0724287 0.0749512 0.0746343 0.0719128 0.0673892 0.0616869 0.0553442 0.048752 0.0421538 0.0356939 0.0294767 0.0236083 0.0182129 0.0134273 0.00937809 0.00614936 0.00375179
 0.008802 0.0141366 0.0209883 0.0292326 0.038617 0.0486405 0.0584561 0.0669842 0.0732252 0.0765479 0.0767905 0.0742069 0.0693598 0.0629872 0.0558383 0.0485202 0.0414216 0.0347291 0.0285044 0.0227697 0.017566 0.0129713 0.00908143 0.00597069 0.00365243
 0.00868752 0.0139127 0.0205828 0.0285593 0.0376031 0.0472713 0.0568193 0.065289 0.0717762 0.075673 0.0767398 0.0750559 0.0709604 0.0650016 0.0578512 0.0501811 0.0425459 0.0353171 0.0286856 0.0227165 0.0174249 0.0128318 0.00898033 0.0059109 0.00362285
 0.00873021 0.0139808 0.020679 0.0286741 0.0377039 0.0472932 0.0566691 0.0648743 0.0710565 0.0747112 0.0757171 0.0742285 0.0705669 0.0651624 0.0585138 0.0511414 0.0435375 0.0361186 0.0291905 0.0229382 0.01745 0.0127612 0.008889 0.00583687 0.00357563
 0.00865853 0.0138709 0.0205264 0.0284804 0.0374767 0.0470441 0.0564087 0.0646034 0.0707594 0.0743596 0.0752923 0.073755 0.0701325 0.064901 0.0585481 0.0515163 0.0441871 0.0368917 0.0299181 0.0235019 0.0178124 0.0129522 0.00896775 0.00585878 0.00357655
 0.00862934 0.0138259 0.0204631 0.0283982 0.0373769 0.0469299 0.056285 0.0644763 0.070633 0.0742314 0.0751502 0.0735821 0.0699216 0.0646737 0.0583616 0.0514463 0.0442893 0.0371658 0.0303028 0.0239035 0.0181494 0.0131851 0.00910071 0.00592036 0.00359852
 0.00855804 0.0137175 0.0203143 0.0282109 0.0371584 0.0466915 0.0560415 0.0642454 0.0704336 0.0740794 0.0750541 0.0735397 0.0699207 0.0646985 0.0584042 0.0515158 0.0444095 0.0373594 0.0305701 0.0242143 0.0184546 0.0134395 0.00928177 0.00603078 0.00365637
 0.00851006 0.0136412 0.020203 0.0280602 0.0369678 0.0464666 0.0557959 0.0639998 0.070212 0.0739035 0.0749387 0.07349 0.0699327 0.0647613 0.0585038 0.0516411 0.0445569 0.0375327 0.0307735 0.0244424 0.0186882 0.0136521 0.00945113 0.00614829 0.00372726
 0.00849748 0.0136167 0.0201586 0.0279858 0.0368537 0.0463072 0.0555934 0.0637664 0.0699687 0.073676 0.0747525 0.0733652 0.0698802 0.064781 0.0585863 0.0517713 0.0447194 0.0377161 0.0309702 0.0246458 0.0188884 0.0138351 0.00960291 0.00626072 0.00380087
 0.00852938 0.0136635 0.020219 0.0280545 0.0369206 0.0463589 0.0556145 0.0637427 0.0698908 0.0735444 0.0745794 0.073173 0.069696 0.0646295 0.0584844 0.0517255 0.044727 0.0377683 0.0310562 0.0247542 0.0190075 0.0139525 0.00970695 0.00634299 0.0038585
 0.00845159 0.0135487 0.0200679 0.027875 0.0367255 0.0461614 0.0554255 0.0635696 0.0697394 0.0734196 0.0744864 0.0731171 0.0696827 0.0646631 0.0585667 0.0518544 0.0448954 0.0379647 0.0312666 0.0249641 0.0192038 0.0141245 0.00984725 0.00644845 0.00393075
 0.00845704 0.0135514 0.0200609 0.0278492 0.0366734 0.0460819 0.0553268 0.0634673 0.0696496 0.0733512 0.0744379 0.0730805 0.0696501 0.0646327 0.058544 0.051849 0.0449164 0.0380165 0.0313468 0.0250648 0.0193136 0.0142312 0.00994094 0.00652281 0.00398397
 0.00838917 0.0134611 0.0199614 0.0277637 0.0366264 0.0460873 0.0553796 0.0635454 0.0697249 0.073403 0.0744595 0.0730761 0.0696277 0.0645992 0.0585044 0.0518093 0.0448846 0.0380012 0.0313541 0.0250954 0.0193625 0.0142897 0.00999916 0.00657309 0.0040222
 0.00841683 0.0134989 0.0200061 0.0278106 0.0366741 0.0461429 0.0554593 0.0636668 0.0698936 0.073602 0.0746502 0.0732131 0.0696777 0.0645531 0.0583766 0.0516282 0.0446821 0.0378053 0.0311857 0.0249663 0.0192757 0.0142405 0.00997825 0.00656956 0.00402674
 0.00896379 0.0143233 0.021125 0.0291935 0.0382483 0.0478051 0.0570854 0.065121 0.0710431 0.0743389 0.0749107 0.0729848 0.0689969 0.0634957 0.0570484 0.0501512 0.0431785 0.0363817 0.0299212 0.0239089 0.0184426 0.0136238 0.0095511 0.00629438 0.00386288
 0.00919233 0.0147057 0.0217181 0.0300497 0.0393958 0.0492206 0.0586738 0.0667201 0.0724613 0.0754076 0.0755237 0.0731095 0.0686602 0.0627633 0.0560076 0.0489014 0.0418247 0.0350269 0.028657 0.022805 0.0175405 0.012935 0.0090614 0.00597168 0.00366684
 0.00946645 0.0151463 0.0223725 0.0309605 0.0405943 0.050714 0.0604257 0.0686333 0.0743741 0.0771112 0.0768022 0.0737903 0.0686583 0.0620993 0.0547931 0.0473019 0.0400203 0.0331835 0.0269113 0.0212584 0.0162559 0.0119366 0.00833827 0.00548618 0.0033664
 0.00919362 0.01474 0.0218325 0.0303171 0.0399082 0.0500721 0.0599347 0.0684081 0.0745143 0.0776687 0.07775 0.0750124 0.0699697 0.0632928 0.0556954 0.0478164 0.0401398 0.0329743 0.0264811 0.0207231 0.0157153 0.0114608 0.00796392 0.00522027 0.00319543
 0.00890653 0.0142695 0.0211204 0.029315 0.0385981 0.0484939 0.0582097 0.0667378 0.0731443 0.0768282 0.0775937 0.0755819 0.0711831 0.0649613 0.0575654 0.0496284 0.0416873 0.0341423 0.0272516 0.0211524 0.0158976 0.011494 0.00792677 0.00516427 0.00314663
 0.00891546 0.0142615 0.0210648 0.0291642 0.0382934 0.0479792 0.0574515 0.0657458 0.0719886 0.0756439 0.0765638 0.0748966 0.0709858 0.0653019 0.0583821 0.0507645 0.0429377 0.0353111 0.028201 0.0218246 0.0163075 0.0117014 0.0080049 0.00517563 0.00313298
 0.00890605 0.0142491 0.0210497 0.0291442 0.0382578 0.0479029 0.0572929 0.0654542 0.0715229 0.0749969 0.0757823 0.0740857 0.0702907 0.0648698 0.0583149 0.0510826 0.0435705 0.0361211 0.0290302 0.0225438 0.0168464 0.0120514 0.00820032 0.0052671 0.0031666
 0.00928433 0.0148098 0.0217926 0.0300328 0.0392286 0.0488804 0.0581984 0.0662059 0.0720335 0.0751804 0.0755741 0.0734699 0.0693231 0.0636804 0.0570828 0.0499881 0.0427429 0.0356059 0.0287895 0.0224877 0.0168764 0.012095 0.00822285 0.00526477 0.0031501
 0.00934567 0.014902 0.0219163 0.0301811 0.0393853 0.0490214 0.0582951 0.066234 0.0719829 0.0750611 0.0754093 0.0732807 0.0691156 0.0634503 0.0568327 0.0497444 0.0425539 0.0355193 0.0288259 0.0226277 0.017071 0.0122893 0.00837858 0.0053684 0.00320791
 0.00950021 0.0151522 0.0222897 0.030699 0.0400549 0.049823 0.0591724 0.0670935 0.0727106 0.075551 0.0755915 0.0731378 0.0686814 0.0627938 0.0560388 0.0488983 0.0417345 0.034795 0.0282466 0.0222148 0.0168133 0.0121511 0.00831562 0.00534342 0.00319777
 0.00913455 0.0146397 0.021671 0.030066 0.039528 0.0495132 0.0591474 0.0673628 0.0732299 0.0762359 0.0763353 0.0738311 0.0692335 0.0631507 0.0561899 0.0488716 0.0415827 0.0345805 0.0280275 0.0220342 0.0166925 0.0120893 0.00829694 0.0053475 0.00320858
#obs surv len freq
 nan nan nan nan nan nan nan nan nan nan nan nan nan nan nan nan nan nan nan nan nan nan nan nan nan
 0.00449005 0.0073535 0.0111849 0.0160013 0.0217004 0.0279728 0.0342833 0.0400113 0.0446887 0.0481514 0.0505092 0.0520055 0.0528985 0.0534116 0.0537265 0.0539819 0.0542608 0.0545538 0.0546927 0.0542847 0.0527228 0.0493551 0.043805 0.0362852 0.0276691
 0.00461329 0.00755886 0.0115028 0.0164617 0.0223251 0.0287636 0.0352104 0.0410115 0.0456749 0.049032 0.0512055 0.0524634 0.0530924 0.0533433 0.0534199 0.053475 0.0535974 0.0537765 0.0538406 0.0533946 0.0518336 0.0485099 0.0430489 0.0356563 0.0271884
 0.0047764 0.00782413 0.0119025 0.0170269 0.0230803 0.0297183 0.0363484 0.042284 0.047003 0.0503161 0.0523398 0.0533504 0.0536565 0.0535405 0.0532415 0.052945 0.0527635 0.0527002 0.0525893 0.0520393 0.0504498 0.0471782 0.0418493 0.0346549 0.0264216
 0.00496182 0.00812847 0.0123659 0.0176882 0.0239696 0.0308449 0.0376888 0.0437783 0.0485632 0.0518422 0.0537322 0.0545163 0.0545116 0.054014 0.0532843 0.0525381 0.0519226 0.0514742 0.0510548 0.0502951 0.0486121 0.0453747 0.0402055 0.0332733 0.0253598
 0.00517759 0.00847956 0.012895 0.0184359 0.024967 0.0321023 0.0391832 0.0454478 0.0503146 0.0535666 0.0553221 0.0558744 0.0555542 0.0546701 0.053496 0.0522639 0.0511451 0.0502097 0.049361 0.0482741 0.0464074 0.0431579 0.0381525 0.0315302 0.0240118
 0.00541371 0.00886647 0.0134829 0.019273 0.0260903 0.0335222 0.0408687 0.0473221 0.0522668 0.0554737 0.0570686 0.057362 0.0567027 0.0554138 0.0537807 0.0520453 0.0503929 0.0489173 0.0475615 0.0460553 0.0439186 0.0405995 0.0357432 0.0294603 0.0223982
 0.00565053 0.00925578 0.0140769 0.0201236 0.027239 0.0349851 0.0426198 0.0492869 0.0543318 0.0575077 0.0589439 0.058968 0.0579507 0.0562366 0.0541271 0.0518755 0.0496761 0.0476384 0.0457373 0.0437569 0.0412878 0.0378457 0.0331103 0.027171 0.0205974
 0.00588832 0.00964518 0.0146685 0.0209667 0.0283734 0.0364265 0.044345 0.0512272 0.0563816 0.059543 0.0608409 0.0606149 0.0592536 0.0571207 0.0545355 0.0517657 0.0490167 0.0464121 0.0439536 0.041475 0.0386387 0.0350351 0.0303902 0.0247809 0.018701
 0.006139 0.0100548 0.0152888 0.0218471 0.0295516 0.0379134 0.0461096 0.0531918 0.0584327 0.0615543 0.0626925 0.0622046 0.0604987 0.0579559 0.0549097 0.0516388 0.0483574 0.0452014 0.042197 0.0392238 0.0360133 0.0322321 0.0276582 0.0223634 0.0167702
 0.00638258 0.0104557 0.0159012 0.0227242 0.0307347 0.039415 0.0478961 0.0551783 0.060496 0.0635575 0.0645091 0.0637317 0.0616599 0.0586981 0.0551971 0.0514449 0.0476615 0.0439896 0.0404741 0.037035 0.0334675 0.0295122 0.0249998 0.0200019 0.0148763
 0.0066258 0.0108528 0.0165021 0.0235768 0.0318757 0.0408559 0.0496078 0.0570847 0.0624831 0.0654937 0.0662668 0.0652021 0.0627606 0.0593745 0.0554181 0.0511958 0.0469356 0.0427861 0.0388052 0.0349452 0.0310563 0.0269453 0.0224928 0.0177725 0.0130846
 0.00683536 0.0111996 0.0170352 0.0243453 0.0329187 0.0421863 0.0511967 0.0588565 0.0643274 0.0672871 0.067893 0.0665635 0.0637813 0.0600006 0.0556163 0.0509498 0.0462419 0.0416508 0.0372484 0.0330144 0.0288445 0.0246017 0.0202093 0.0157433 0.0114529
 0.00706223 0.0115688 0.0175917 0.0251309 0.0339642 0.0434985 0.0527447 0.0605662 0.0660906 0.0689816 0.069403 0.0677932 0.0646618 0.0604892 0.0556927 0.05061 0.0454921 0.0405058 0.035735 0.0311826 0.026783 0.0224449 0.0181263 0.0139029 0.00997811
 0.00727735 0.0119237 0.0181348 0.0259091 0.035012 0.044821 0.0543017 0.0622694 0.067818 0.0706035 0.0708052 0.0688896 0.0653957 0.0608309 0.0556345 0.0501602 0.0446696 0.0393361 0.0342532 0.0294421 0.0248673 0.0204741 0.0162465 0.0122568 0.00866737
 0.00744109 0.0121935 0.0185478 0.0265028 0.0358175 0.0458518 0.0555412 0.0636641 0.0692821 0.0720324 0.0720924 0.0699408 0.0661391 0.0612221 0.0556558 0.0498157 0.0439782 0.0383271 0.032966 0.0279319 0.0232131 0.0187825 0.0146425 0.0108595 0.00755925
 0.00753781 0.0123543 0.0187969 0.0268659 0.036318 0.0465043 0.0563439 0.0645942 0.0702979 0.0730783 0.0731039 0.0708493 0.0668767 0.0617281 0.0558841 0.0497395 0.0435918 0.037644 0.032018 0.0267697 0.0219099 0.0174336 0.013356 0.00973608 0.00666777
 0.00758558 0.0124285 0.0189028 0.0270082 0.0365027 0.0467405 0.0566442 0.0649724 0.0707634 0.0736302 0.073727 0.0715108 0.0675282 0.0623098 0.0563323 0.049996 0.0436127 0.037407 0.0315268 0.026056 0.021033 0.0164766 0.0124138 0.00889729 0.00599419
 0.00767547 0.0125614 0.019078 0.0272166 0.0367291 0.0469691 0.0568634 0.0651778 0.0709598 0.0738312 0.0739508 0.0717731 0.0678321 0.0626394 0.056651 0.0502522 0.0437506 0.037379 0.0313054 0.0256429 0.0204622 0.0158102 0.0117305 0.00827346 0.0054853
 0.00774785 0.0126769 0.019247 0.0274448 0.0370143 0.0472966 0.0572039 0.065492 0.0712101 0.073996 0.0740334 0.0717994 0.0678386 0.0626576 0.0566946 0.050311 0.0437921 0.0373592 0.0311829 0.0253941 0.0200918 0.0153531 0.0112426 0.00781547 0.00510456
 0.00777502 0.0127193 0.0193078 0.0275265 0.0371188 0.0474253 0.0573562 0.0656632 0.0713887 0.0741649 0.0741737 0.0718981 0.0678949 0.0626839 0.0567099 0.0503294 0.0438136 0.0373655 0.0311445 0.0252829 0.0198952 0.0150826 0.0109319 0.00750834 0.0048398
 0.00782189 0.0127883 0.0193981 0.0276328 0.0372328 0.0475388 0.0574633 0.0657611 0.0714775 0.0742454 0.0742455 0.0719581 0.0679379 0.0627056 0.0567107 0.0503147 0.0437894 0.0373326 0.0310939 0.0251991 0.0197656 0.0149069 0.010726 0.00729927 0.00465487
 0.00784053 0.0128152 0.0194323 0.0276707 0.037269 0.0475669 0.0574783 0.0657606 0.0714636 0.0742255 0.0742309 0.07196 0.0679629 0.0627528 0.0567721 0.0503798 0.0438485 0.0373778 0.0311175 0.025193 0.0197227 0.0148262 0.010616 0.00717711 0.00454008
 0.00787325 0.012863 0.0194941 0.0277418 0.0373417 0.0476326 0.0575287 0.0657891 0.0714665 0.0742032 0.0741888 0.0719081 0.0679138 0.0627177 0.0567576 0.0503856 0.0438684 0.0374018 0.0311351 0.0251945 0.0197012 0.0147796 0.0105488 0.00709979 0.00446528
 0.00789714 0.0129014 0.0195507 0.0278187 0.0374383 0.0477432 0.0576419 0.0658892 0.0715372 0.0742332 0.0741751 0.0718567 0.0678371 0.0626307 0.0566746 0.0503171 0.043819 0.0373699 0.0311139 0.0251749 0.0196752 0.0147425 0.0105012 0.00704679 0.00441437
 0.0079055 0.0129111 0.0195582 0.0278192 0.0374274 0.0477202 0.0576113 0.0658596 0.0715174 0.0742277 0.0741823 0.0718708 0.0678512 0.0626413 0.056682 0.0503248 0.0438308 0.0373875 0.0311356 0.0251956 0.0196887 0.0147444 0.0104906 0.00702667 0.00439028
 0.00790202 0.0129044 0.0195464 0.0277992 0.0373959 0.0476745 0.0575503 0.065786 0.0714384 0.0741547 0.0741281 0.0718452 0.0678576 0.0626756 0.0567357 0.0503883 0.043897 0.0374522 0.0311959 0.0252487 0.0197312 0.0147734 0.0105052 0.00702909 0.00438474
 0.00791556 0.012919 0.0195544 0.0277897 0.0373572 0.0475993 0.0574404 0.065652 0.0712972 0.074024 0.0740234 0.0717777 0.0678337 0.0626964 0.0567962 0.0504786 0.0440043 0.0375642 0.0313026 0.025343 0.0198087 0.0148317 0.0105444 0.00705155 0.00439473
 0.00789629 0.0128936 0.0195269 0.0277659 0.0373418 0.0475916 0.0574317 0.0656287 0.0712472 0.0739448 0.0739241 0.0716765 0.067751 0.0626479 0.0567894 0.0505126 0.0440713 0.0376524 0.031399 0.0254363 0.0198903 0.0148966 0.0105911 0.00708148 0.00441138
 0.0078552 0.0128236 0.0194165 0.0276047 0.0371254 0.047328 0.0571449 0.0653549 0.0710238 0.0737968 0.0738584 0.0716845 0.0678182 0.0627615 0.0569405 0.0506942 0.0442751 0.0378669 0.0316109 0.025632 0.0200589 0.0150316 0.010691 0.00714927 0.0044532
 0.00787607 0.0128493 0.0194394 0.0276116 0.0371001 0.0472554 0.057017 0.0651746 0.0708073 0.0735712 0.0736558 0.0715333 0.0677349 0.0627483 0.0569889 0.0507908 0.0444064 0.0380202 0.0317738 0.0257921 0.0202044 0.0151536 0.010785 0.00721535 0.00449541
 0.00785551 0.0128205 0.0194041 0.0275734 0.0370613 0.0472142 0.0569656 0.0651013 0.0707018 0.0734322 0.0734944 0.071372 0.0676013 0.0626665 0.0569721 0.0508391 0.044509 0.0381607 0.0319344 0.0259559 0.0203572 0.0152848 0.0108884 0.00728994 0.00454431
 0.00781624 0.0127567 0.0193088 0.0274415 0.0368926 0.0470162 0.056755 0.0649013 0.0705345 0.0733103 0.0734187 0.0713352 0.0675961 0.0626911 0.0570311 0.050938 0.0446488 0.0383346 0.0321288 0.0261541 0.0205427 0.0154447 0.0110152 0.00738216 0.00460547
 0.00778961 0.012711 0.0192356 0.0273318 0.0367388 0.0468166 0.0565172 0.0646436 0.0702838 0.073096 0.0732654 0.0712562 0.0675917 0.0627515 0.0571419 0.0510865 0.044826 0.0385334 0.0323405 0.0263667 0.0207425 0.0156188 0.0111551 0.00748515 0.0046746
 0.00774141 0.0126327 0.0191181 0.0271668 0.0365213 0.0465472 0.0562055 0.06431 0.0699567 0.0728074 0.0730453 0.0711279 0.0675675 0.0628306 0.0573109 0.0513234 0.0451062 0.0388341 0.0326428 0.0266548 0.0210029 0.0158404 0.0113309 0.00761399 0.00476108
 0.00934664 0.0148773 0.0218218 0.0299366 0.0388655 0.0480574 0.0567009 0.0638646 0.0688158 0.0712647 0.0713525 0.0694612 0.0660343 0.0614883 0.0561833 0.0504114 0.0443945 0.0382985 0.0322553 0.0263876 0.0208296 0.0157368 0.0112753 0.00758836 0.00475176
 0.00934425 0.0151676 0.0227769 0.032016 0.0424147 0.053037 0.0625149 0.0694577 0.0730478 0.0733601 0.0711573 0.0673832 0.0627654 0.0577108 0.0524014 0.0469223 0.0413373 0.0357164 0.0301415 0.0247111 0.019547 0.014797 0.0106215 0.0071604 0.00449069
 0.0089779 0.0145973 0.0219874 0.0310665 0.0414902 0.0524799 0.0627814 0.0709541 0.0758853 0.0771748 0.0751574 0.0706486 0.0646297 0.0579921 0.0513698 0.0450813 0.0391884 0.0336233 0.0283059 0.0232113 0.018388 0.0139467 0.0100312 0.00677521 0.00425642
 0.0087967 0.0142897 0.0215015 0.0303508 0.0405143 0.051271 0.0614681 0.0697916 0.0752289 0.0773787 0.0764156 0.0728513 0.0673378 0.0605811 0.0532805 0.046031 0.0392245 0.0330189 0.0273952 0.0222642 0.0175641 0.0133085 0.00957911 0.00647944 0.00407746
 0.00874274 0.0141918 0.0213341 0.0300807 0.0401046 0.0506905 0.0607067 0.0688797 0.074258 0.0765141 0.0758822 0.0728752 0.0680471 0.061913 0.0549619 0.0476693 0.0404676 0.0336897 0.0275242 0.0220218 0.0171543 0.0128897 0.00923679 0.00623806 0.00392601
 0.00872128 0.0141578 0.0212837 0.0300083 0.0400005 0.0505387 0.0604845 0.0685623 0.0738297 0.0759855 0.0753087 0.0723659 0.0677497 0.0619652 0.0554232 0.0484697 0.0414165 0.034551 0.0281181 0.0222891 0.0171511 0.0127306 0.00903233 0.00605846 0.00379815
 0.00869813 0.0141206 0.0212286 0.0299324 0.0399022 0.0504185 0.0603444 0.0684035 0.0736495 0.0757758 0.0750621 0.0720887 0.0674769 0.0617655 0.0553811 0.0486469 0.0418097 0.0350782 0.0286481 0.0227009 0.0173845 0.0127981 0.00899206 0.00597566 0.0037181
 0.00868568 0.0140988 0.021193 0.0298778 0.0398246 0.0503165 0.0602212 0.0682667 0.0735088 0.0756389 0.0749315 0.0719619 0.0673522 0.0616512 0.0553035 0.0486461 0.041921 0.0353068 0.0289558 0.0230178 0.0176414 0.0129571 0.00905626 0.00597568 0.00368981
 0.00867214 0.0140792 0.0211679 0.0298487 0.0397928 0.0502819 0.0601812 0.0682175 0.0734473 0.075565 0.0748481 0.0718739 0.0672645 0.0615686 0.0552338 0.0486036 0.0419256 0.0353751 0.0290882 0.0231918 0.0178182 0.0130997 0.00914552 0.00601463 0.00369534
 0.00864845 0.0140417 0.0211135 0.0297759 0.0397026 0.050179 0.0600742 0.0681176 0.0733649 0.0755061 0.0748128 0.0718578 0.0672612 0.0615736 0.0552456 0.0486248 0.0419632 0.0354381 0.0291822 0.0233126 0.0179501 0.0132208 0.00923816 0.00607225 0.00372292
 0.00865864 0.0140538 0.0211234 0.0297772 0.0396879 0.0501429 0.0600159 0.0680418 0.0732808 0.0754244 0.0747431 0.0718059 0.0672288 0.0615582 0.0552434 0.048633 0.0419821 0.0354708 0.0292323 0.0233805 0.0180301 0.0133018 0.00930775 0.00612256 0.00375298
 0.00865403 0.0140505 0.0211259 0.0297911 0.0397175 0.0501873 0.0600668 0.068085 0.0733013 0.0754132 0.0747006 0.0717413 0.0671552 0.0614878 0.0551844 0.0485891 0.0419543 0.0354594 0.0292378 0.0234026 0.0180658 0.0133448 0.00935005 0.00615725 0.00377675
 0.00862993 0.0140123 0.0210707 0.0297181 0.0396293 0.0500914 0.0599758 0.0680137 0.0732612 0.0754075 0.0747228 0.0717789 0.0671962 0.0615257 0.0552183 0.0486221 0.0419895 0.0354989 0.0292822 0.0234513 0.018117 0.0133952 0.00939538 0.00619377 0.00380271
 0.00861263 0.013987 0.0210379 0.0296796 0.0395879 0.0500492 0.0599343 0.0679741 0.0732265 0.0753821 0.0747115 0.071784 0.0672157 0.0615538 0.0552485 0.0486498 0.0420141 0.0355223 0.0293071 0.0234793 0.018148 0.0134273 0.00942577 0.00621949 0.00382199
 0.00861651 0.0139871 0.0210269 0.0296478 0.0395264 0.0499556 0.0598155 0.0678465 0.0731098 0.0752934 0.0746605 0.0717725 0.0672401 0.0616066 0.0553204 0.048731 0.042096 0.0355991 0.0293762 0.0235404 0.0182016 0.0134735 0.00946402 0.00624929 0.00384334
 0.00861651 0.0139871 0.0210269 0.0296478 0.0395264 0.0499556 0.0598155 0.0678465 0.0731098 0.0752934 0.0746605 0.0717725 0.0672401 0.0616066 0.0553204 0.048731 0.042096 0.0355991 0.0293762 0.0235404 0.0182016 0.0134735 0.00946402 0.00624929 0.00384334
 0.00902406 0.0146323 0.0219619 0.0308993 0.0410793 0.0517328 0.0616655 0.0695561 0.074451 0.0760869 0.0748235 0.0713296 0.0662993 0.0603213 0.0538515 0.0472208 0.0406543 0.0342996 0.0282607 0.0226259 0.0174865 0.0129427 0.00909274 0.00600639 0.00369588
 0.00899557 0.0146332 0.0220505 0.031159 0.041597 0.0525637 0.0628003 0.070907 0.0758654 0.07738 0.0758188 0.0718953 0.0663748 0.0599257 0.0530727 0.0461882 0.0395061 0.0331574 0.0272145 0.0217309 0.016767 0.0123987 0.00870704 0.00575138 0.00353971
 0.00922898 0.0149879 0.02254 0.0317845 0.0423539 0.0534493 0.0638129 0.0720334 0.0770615 0.0785578 0.0768494 0.072634 0.0666985 0.0597684 0.0524446 0.045172 0.0382344 0.0317807 0.0258711 0.0205259 0.0157639 0.0116208 0.00814514 0.00537453 0.00330621
 0.00895255 0.0145779 0.0219971 0.0311374 0.0416554 0.052768 0.0632273 0.07163 0.0769277 0.0787644 0.0774238 0.0735352 0.0678102 0.0609199 0.0534557 0.045904 0.0386247 0.0318482 0.0256944 0.020209 0.0154039 0.0112883 0.00787827 0.00518358 0.00318312
 0.00876634 0.0142385 0.0214228 0.0302416 0.0403814 0.0511378 0.0613771 0.0698009 0.0754054 0.077795 0.0771503 0.0739772 0.068878 0.0624434 0.0552164 0.0476731 0.0402049 0.0331099 0.0265926 0.0207735 0.0157105 0.0114253 0.00792128 0.00518487 0.00317191
 0.00877038 0.0142221 0.0213528 0.0300657 0.0400322 0.0505465 0.0604964 0.0686332 0.0740287 0.0763707 0.0758997 0.0731257 0.0685874 0.0627637 0.0560754 0.0489039 0.0415948 0.0344546 0.0277395 0.0216452 0.0163028 0.0117847 0.00811547 0.00527771 0.00321081
 0.0087773 0.0142355 0.0213754 0.0300965 0.0400608 0.0505453 0.0604165 0.0684107 0.0736032 0.075715 0.0750475 0.072184 0.0677206 0.0621493 0.055847 0.0491049 0.0421658 0.0352579 0.0286089 0.022437 0.0169292 0.012221 0.00838435 0.00542455 0.00328179
 0.00887048 0.0143843 0.0215937 0.0303935 0.040437 0.0509856 0.0608841 0.0688438 0.0739205 0.0758309 0.0748941 0.071736 0.0670159 0.0612932 0.0549929 0.0484103 0.0417421 0.0351355 0.0287361 0.022711 0.0172408 0.0124907 0.00857665 0.00554021 0.00334072
 0.00869462 0.0141235 0.0212488 0.0299844 0.04 0.0505678 0.0605362 0.0686123 0.0738369 0.0758981 0.0750792 0.0719748 0.0672331 0.0614313 0.0550372 0.0483973 0.0417425 0.0352192 0.0289373 0.0230131 0.0175891 0.0128212 0.00884304 0.00572571 0.00345337
 0.00879932 0.0142683 0.0214201 0.0301548 0.0401375 0.0506497 0.0605593 0.0685934 0.0738023 0.0758707 0.0750676 0.0719703 0.0672126 0.0613662 0.0549058 0.0481991 0.0415052 0.0349928 0.0287741 0.0229444 0.0176124 0.0129058 0.00894828 0.00581944 0.00352045
 0.00872971 0.0141763 0.0213197 0.0300691 0.0400884 0.0506446 0.0605836 0.068616 0.0737947 0.0758246 0.0750012 0.0719163 0.0671979 0.0613961 0.0549633 0.0482558 0.0415393 0.0350012 0.0287727 0.0229571 0.0176551 0.0129778 0.00903455 0.00590096 0.00358398
#pred catch len freq
 0.00339588 0.00545453 0.0081209 0.0114065 0.0153401 0.0199339 0.0251188 0.0307148 0.0364599 0.0420635 0.0472526 0.0518102 0.0556049 0.0585926 0.0607853 0.0622101 0.0628809 0.0627815 0.0618403 0.0598877 0.0566362 0.0517572 0.045091 0.0368992 0.0279615
 0.00371688 0.00590407 0.00866763 0.0119865 0.0158885 0.0204262 0.025592 0.0312441 0.0370973 0.0427762 0.0479055 0.0522087 0.0555779 0.0580722 0.0598457 0.0610489 0.061751 0.0619005 0.061312 0.0596729 0.0565879 0.0517038 0.0449206 0.0365985 0.0275945
 0.00386911 0.00618084 0.00913317 0.0127053 0.0168946 0.021687 0.0269907 0.0326085 0.0382696 0.0436773 0.0485423 0.0526179 0.0557542 0.0579461 0.0593315 0.0601252 0.06051 0.0605274 0.0600081 0.0585701 0.0557089 0.0509875 0.0442875 0.0360082 0.027059
 0.0040601 0.00647531 0.00955215 0.0132723 0.0176481 0.0226871 0.0283044 0.0342654 0.040207 0.0457153 0.0504204 0.0540828 0.0566425 0.058208 0.0589941 0.0592459 0.0591654 0.0588323 0.0581231 0.056672 0.0539406 0.0494274 0.0429587 0.03491 0.0261898
 0.00427667 0.0068188 0.0100531 0.0139541 0.0185252 0.0237639 0.0295768 0.0357257 0.0418466 0.0475138 0.0523143 0.0559335 0.0582379 0.0593124 0.0594227 0.0589173 0.0581089 0.0571646 0.0560189 0.0543371 0.0515827 0.0472243 0.0410372 0.0333405 0.0249929
 0.00452206 0.00720569 0.0106145 0.0147165 0.0195091 0.0249817 0.0310255 0.0373775 0.0436456 0.0493817 0.0541623 0.0576697 0.0597608 0.0604979 0.0601216 0.0589811 0.0574373 0.0557486 0.0539571 0.0518212 0.0488594 0.044549 0.0386285 0.0313472 0.0234786
 0.00476536 0.0075947 0.0111889 0.0155119 0.0205547 0.0262945 0.032601 0.039181 0.0456094 0.0514097 0.0561401 0.0594774 0.0612856 0.0616397 0.0607883 0.0590813 0.0568845 0.0544881 0.0520059 0.0492976 0.0459819 0.0415985 0.0358862 0.0290312 0.0217027
 0.00503391 0.00801937 0.0118076 0.016357 0.021653 0.0276658 0.0342489 0.0410809 0.0476988 0.0535863 0.0582703 0.0614138 0.0628887 0.0627946 0.0614104 0.059109 0.0562702 0.0532002 0.0500506 0.0467541 0.0430271 0.0384966 0.0329369 0.0264938 0.0197319
 0.00531003 0.0084556 0.0124419 0.0172201 0.0227682 0.0290465 0.0358915 0.0429563 0.0497466 0.0557151 0.0603624 0.0633344 0.0644996 0.0639702 0.062051 0.0591455 0.0556611 0.0519289 0.0481339 0.0442648 0.04012 0.0354124 0.0299652 0.0239027 0.017696
