SBPRF35
12.7214
Curr Bio
885897
B35
862810
F35
0.171727
FOFL
0.171727
OFL
123284
Bzero
3.63469e+006
#pred survey bio
 2.96182e+006 2.74285e+006 2.51123e+006 2.31677e+006 2.08443e+006 1.84421e+006 1.62552e+006 1.42531e+006 1.27042e+006 1.13414e+006 1.00456e+006 868857 763900 710290 659763 640563 614928 582621 571653 556538 550244 541817 539995 535266 534303 532017 538783 543971 547248 555598 573900 580424 593030 618918 628457 630693 646780 649464 665224 669082 671078 668477 669313 679108 676559 675027 670891 720110 763855 790470 832242 854639 876167 871910 868903 863230 852289 873538 872569 876983 874289 891729 2.03278e+007 1.85363e+007 1.88121e+007 1.96038e+007 2.07268e+007 2.19724e+007 2.31867e+007 2.42788e+007 2.52095e+007 2.59735e+007 2.65846e+007 2.70647e+007 2.74372e+007 2.77241e+007 2.7944e+007 2.81122e+007 2.82411e+007 2.83399e+007 2.84158e+007 2.84745e+007 2.852e+007 2.85554e+007 2.85831e+007 2.86049e+007 2.8622e+007 2.86357e+007 2.86465e+007 2.86551e+007 2.86619e+007 2.86675e+007 2.86719e+007 2.86755e+007 2.86784e+007 2.86807e+007 2.86826e+007 2.86842e+007 2.86854e+007 2.86865e+007 2.86873e+007 2.8688e+007 2.86885e+007 2.8689e+007 2.86894e+007 2.86897e+007 2.86899e+007 2.86901e+007 2.86903e+007 2.86904e+007 2.86905e+007 2.86906e+007 2.86907e+007 2.86908e+007 2.86908e+007 2.86908e+007 2.86909e+007 2.86909e+007 2.86909e+007 2.86909e+007 2.8691e+007 2.8691e+007 2.8691e+007 2.8691e+007 2.8691e+007 2.8691e+007 2.8691e+007 2.8691e+007 2.8691e+007 2.8691e+007 2.8691e+007 2.8691e+007 2.8691e+007 2.8691e+007 2.8691e+007 2.8691e+007 2.8691e+007 2.8691e+007 2.8691e+007 2.8691e+007 2.8691e+007 2.8691e+007 2.8691e+007 2.8691e+007 2.8691e+007 2.8691e+007 2.8691e+007 2.8691e+007 2.8691e+007 2.8691e+007 2.8691e+007 2.8691e+007 2.8691e+007 2.8691e+007 2.8691e+007 2.8691e+007 2.8691e+007 2.8691e+007 2.8691e+007 2.8691e+007 2.8691e+007 2.8691e+007 0 0 0 0 0 0 0 0 0 0 0 0 0 0 0 0 0 0 0 0 0 0 0 0 0
#obs survey bio
 2.31506e+006 2.08192e+006 2.12837e+006 1.65976e+006 2.12314e+006 2.8455e+006 1.29967e+006 1.11707e+006 986504 968479 1.06195e+006 596600 773265 865744 718680 691362 472060 967680 567786 659892 498237 386442 465522 649510 502278 444723 563771 478764 480564 345644 481989 834167 508638 617485 672844 431346 929546 1.13308e+006 675165 590989 899261 721572 561425 983870 631074 762482 671387 797751 564414 752568 1.06091e+006 855870 835618 913517 833116 812492 963261 733696 780815 672055 906624 989099
#pred catch bio
 249953 275765 258934 308617 327931 317436 307480 272475 259992 255163 257212 224752 175913 168829 138327 140850 142177 120218 120982 111475 111970 105199 106182 101319 101090 92660.5 93821.4 95675.3 92494.2 86410.5 98329 94491 86189.4 102994 110388 99597.9 110953 99360.3 109366 109817 111891 107598 100341 111811 111529 114227 71274.4 79858.6 96267.7 84434.6 101554 101921 123636 122298 125106 129774 102823 122815 118093 124085 106846 128275 123284 122820 123464 127533 134269 141928 149359 155944 161438 165829 169228 171796 173701 175094 176101 176822 177335 177697 177952 178131 178256 178343 178404 178446 178475 178495 178509 178519 178525 178530 178533 178535 178537 178538 178538 178539 178539 178540 178540 178540 178540 178540 178540 178540 178540 178540 178540 178540 178540 178540 178540 178540 178540 178540 178540 178540 178540 178540 178540 178540 178540 178540 178540 178540 178540 178540 178540 178540 178540 178540 178540 178540 178540 178540 178540 178540 178540 178540 178540 178540 178540 178540 178540 178540 178540 178540 178540 178540 178540 178540 178540 178540 178540 178540 178540 178540 178540 178540 178540 178540 0 0 0 0 0 0 0 0 0 0 0 0 0 0 0 0 0 0 0 0 0 0 0 0 0
#obs catch bio
 233018 276526 259344 312017 331389 318486 308921 274148 262211 258621 260831 228409 178030 170767 138727 141222 143524 120199 121032 111095 112041 105758 106510 101031 100838 92527.1 93253.6 95006.9 92250.3 86293.7 98926.1 94296.8 86084.2 103409 111096 100305 111756 98788.3 109472 109957 111590 106620 99653.5 111116 111347 114701 70941.2 79853 96903.4 84466.8 101905 101730 123445 121856 125014 130145 102424 123134 118022 124738 106635 128460
#pred cpue bio
 2.92064e+006 2.70266e+006 2.47098e+006 2.27604e+006 2.04456e+006 1.80582e+006 1.58862e+006 1.38964e+006 1.23551e+006 1.10006e+006 971803 838170 735082 682758 633775 615353 590524 559280 548999 534487 528414 520217 518641 514386 513764 511702 518505 523688 526742 534640 552299 558678 570951 595960 605047 607156 623073 626156 641865 645748 648000 645860 646718 656069 653293 651593 647448 695829 739103 765486 806771 829126 850451 846092 842754 836900 826104 847098 846257 850594 847974 865265 1.97274e+007 1.79876e+007 1.8147e+007 1.88278e+007 1.992e+007 2.11598e+007 2.23732e+007 2.34651e+007 2.43958e+007 2.51598e+007 2.5771e+007 2.6251e+007 2.66235e+007 2.69104e+007 2.71303e+007 2.72985e+007 2.74274e+007 2.75262e+007 2.76021e+007 2.76608e+007 2.77063e+007 2.77417e+007 2.77694e+007 2.77912e+007 2.78083e+007 2.7822e+007 2.78328e+007 2.78414e+007 2.78482e+007 2.78538e+007 2.78582e+007 2.78618e+007 2.78647e+007 2.7867e+007 2.78689e+007 2.78705e+007 2.78718e+007 2.78728e+007 2.78736e+007 2.78743e+007 2.78749e+007 2.78753e+007 2.78757e+007 2.7876e+007 2.78762e+007 2.78764e+007 2.78766e+007 2.78767e+007 2.78768e+007 2.78769e+007 2.7877e+007 2.78771e+007 2.78771e+007 2.78772e+007 2.78772e+007 2.78772e+007 2.78772e+007 2.78773e+007 2.78773e+007 2.78773e+007 2.78773e+007 2.78773e+007 2.78773e+007 2.78773e+007 2.78773e+007 2.78773e+007 2.78773e+007 2.78773e+007 2.78773e+007 2.78773e+007 2.78773e+007 2.78773e+007 2.78773e+007 2.78773e+007 2.78773e+007 2.78773e+007 2.78773e+007 2.78773e+007 2.78773e+007 2.78773e+007 2.78773e+007 2.78773e+007 2.78773e+007 2.78773e+007 2.78773e+007 2.78773e+007 2.78773e+007 2.78773e+007 2.78773e+007 2.78773e+007 2.78773e+007 2.78773e+007 2.78773e+007 2.78773e+007 2.78773e+007 2.78773e+007 2.78773e+007 2.78773e+007 2.78773e+007 2.78773e+007 0 0 0 0 0 0 0 0 0 0 0 0 0 0 0 0 0 0 0 0 0 0 0 0 0
#obs cpue bio
 3.55452e+006 3.56104e+006 2.21238e+006 1.62621e+006 2.10319e+006 1.86923e+006 1.81067e+006 1.35359e+006 1.2757e+006 865448 869122 874623 581982 571944 677973 611137 527145 461481 594598 541827 489807 477787 708155 603717 592442 536307 780465 719057 463030 688243 446294 674884 504796 484775 469054 569481 535058 787953 437932 667653 709538 1.09983e+006 645442 536761 472432 498889 707480 559002 652898 852312 691627 1.08561e+006 1.16069e+006 868393 696135 778437 866130 832287 1.02194e+006 759431 1.07254e+006 816678
#pred surv len freq
 0.00486695 0.00797702 0.0121441 0.0173881 0.023594 0.0304138 0.0372453 0.0433883 0.0483078 0.0518056 0.0539906 0.0551271 0.0554985 0.055343 0.0548365 0.0540975 0.0532005 0.0521807 0.0510048 0.0495031 0.0473181 0.0439643 0.0390534 0.0325946 0.0251562
 0.00533802 0.00865332 0.0130003 0.0183547 0.0245918 0.0313997 0.0382369 0.0444429 0.0494645 0.0530291 0.0551575 0.0560663 0.0560618 0.0554636 0.0545466 0.0535007 0.0524165 0.0512908 0.0500208 0.0483776 0.0459934 0.0424356 0.0374063 0.0309887 0.0237624
 0.00557383 0.00910116 0.0137861 0.0196162 0.0264228 0.0337773 0.0409767 0.0472306 0.051965 0.055009 0.056539 0.0568867 0.0563862 0.0553254 0.0539501 0.052461 0.0509894 0.0495637 0.0480795 0.0462799 0.043777 0.0401549 0.0351651 0.0289363 0.0220471
 0.00570085 0.00930986 0.0141106 0.0201063 0.0271525 0.0348447 0.0424803 0.0492184 0.0543735 0.057633 0.0590681 0.0590012 0.057859 0.0560673 0.0539837 0.051863 0.0498485 0.0479702 0.0461275 0.0440679 0.0414082 0.0377447 0.0328499 0.0268646 0.0203462
 0.00585184 0.00957049 0.0145305 0.0207402 0.0280492 0.036031 0.0439509 0.0509397 0.0562986 0.0597071 0.0612102 0.0610754 0.0596677 0.0573889 0.0546391 0.0517653 0.0490112 0.0464797 0.0441089 0.0416654 0.0387804 0.0350659 0.0303046 0.0246261 0.0185416
 0.00610381 0.00997014 0.0151145 0.0215392 0.0290858 0.0373154 0.045472 0.052657 0.0581423 0.0615889 0.0630392 0.0627668 0.0611371 0.0585371 0.0553445 0.0519011 0.0484826 0.0452591 0.0422511 0.0392999 0.0360927 0.032277 0.0276441 0.022297 0.0166816
 0.00643101 0.0104902 0.0158744 0.0225728 0.0304064 0.0389052 0.0472726 0.0545712 0.060052 0.0633817 0.0646288 0.064097 0.0621726 0.0592483 0.0556913 0.0518237 0.0479064 0.0441201 0.0405324 0.037062 0.0334841 0.0295168 0.024982 0.0199589 0.0148183
 0.00678403 0.0110611 0.0167271 0.023762 0.031964 0.04082 0.0494712 0.0569148 0.0623591 0.0654686 0.0663482 0.0653592 0.0629467 0.0595469 0.0555463 0.0512603 0.046927 0.0427062 0.0386691 0.0347765 0.0308783 0.0267736 0.0223342 0.0176309 0.0129645
 0.00706221 0.0115126 0.0174055 0.0247175 0.0332342 0.0424159 0.0513596 0.0590091 0.0645254 0.0675464 0.0681759 0.0667989 0.0639031 0.0599771 0.0554561 0.0506868 0.0459146 0.0412898 0.0368747 0.0326438 0.0284918 0.0242804 0.0199302 0.0155134 0.011275
 0.00721259 0.0117825 0.0178586 0.0254282 0.0342706 0.0438123 0.0530915 0.0609857 0.0666067 0.0695728 0.0699952 0.0682818 0.0649503 0.0605244 0.0554778 0.0501947 0.0449489 0.0399051 0.0351313 0.0306109 0.0262639 0.0219914 0.0177468 0.0136017 0.00975405
 0.00731586 0.0119677 0.0181707 0.0259238 0.0350101 0.0448442 0.0544326 0.062606 0.0684234 0.0714573 0.0717913 0.0698313 0.0661195 0.0612224 0.0556619 0.0498647 0.0441368 0.0386655 0.0335343 0.0287425 0.0242308 0.0199254 0.0157973 0.0119092 0.00841557
 0.00754163 0.0123322 0.0187149 0.0266847 0.0360146 0.046099 0.0559133 0.0642508 0.0701388 0.0731311 0.0733068 0.0710783 0.0670039 0.0616748 0.0556455 0.0493773 0.0432074 0.0373476 0.0319006 0.0268832 0.0222552 0.017961 0.0139789 0.0103559 0.00720276
 0.00769161 0.0125816 0.0191003 0.0272433 0.0367762 0.0470736 0.0570793 0.0655517 0.0714927 0.0744477 0.0745015 0.0720785 0.0677488 0.0621144 0.0557412 0.0491066 0.0425689 0.0363644 0.0306222 0.025385 0.0206367 0.0163394 0.0124754 0.00907394 0.00620525
 0.00764775 0.0125095 0.0189924 0.0270972 0.0366022 0.0469028 0.056967 0.0655704 0.0717121 0.07491 0.0752033 0.0729684 0.0687373 0.0630918 0.0565955 0.0497386 0.0429045 0.0363641 0.0302864 0.0247551 0.0197911 0.0153829 0.0115217 0.00822338 0.00552447
 0.00779742 0.0127219 0.0192542 0.0273758 0.0368538 0.0470874 0.0570623 0.0655806 0.0716688 0.0748661 0.0752207 0.073099 0.0690042 0.0634778 0.0570438 0.0501663 0.0432218 0.0364949 0.0301851 0.0244171 0.019255 0.0147229 0.0108299 0.00758737 0.0050058
 0.0078036 0.0127288 0.0192578 0.0273675 0.0368191 0.0470062 0.0569134 0.0653508 0.0713656 0.0745281 0.0749161 0.07291 0.0690011 0.0636941 0.0574631 0.0507236 0.0438199 0.0370276 0.0305627 0.0245867 0.0192109 0.0145046 0.0105073 0.00723814 0.00469334
 0.00773464 0.0126447 0.0191822 0.0273379 0.0368739 0.0471651 0.0571618 0.0656381 0.0716203 0.0746829 0.0749329 0.0727946 0.0688029 0.0634896 0.0573281 0.0507049 0.0439178 0.0371978 0.0307346 0.0246911 0.0192048 0.0143839 0.0103034 0.00700097 0.00447114
 0.00778809 0.012716 0.0192625 0.0274136 0.0369365 0.0472223 0.0572411 0.0657754 0.0718363 0.074961 0.0752159 0.0730059 0.0688818 0.06342 0.0571443 0.0504736 0.0437063 0.0370452 0.0306406 0.0246247 0.0191269 0.014269 0.0101507 0.00683092 0.00431124
 0.00782181 0.0127476 0.0192669 0.0273531 0.0367705 0.0469247 0.0568173 0.0652713 0.0713328 0.0745549 0.0749906 0.0730021 0.0690824 0.0637586 0.0575362 0.0508503 0.0440347 0.0373227 0.0308755 0.0248189 0.0192715 0.0143535 0.0101743 0.00680662 0.00426133
 0.00792736 0.0129114 0.019497 0.0276466 0.0371079 0.0472653 0.0570998 0.065425 0.071302 0.074326 0.0746054 0.0725475 0.0686585 0.0634418 0.0573565 0.0507914 0.0440546 0.0373786 0.0309383 0.0248733 0.0193094 0.0143694 0.0101661 0.00677846 0.00422248
 0.00795002 0.012948 0.0195516 0.027723 0.0372084 0.0473889 0.0572388 0.0655618 0.0714081 0.0743669 0.0745523 0.0723923 0.0684238 0.063178 0.0571234 0.0506353 0.0439917 0.0373954 0.031004 0.0249557 0.0193845 0.0144236 0.0101953 0.00678523 0.00421412
 0.00789461 0.0128769 0.0194798 0.0276756 0.0372138 0.0474671 0.0573919 0.0657719 0.071643 0.0745879 0.0747225 0.0724813 0.0684145 0.0630727 0.0569471 0.0504303 0.0438033 0.0372561 0.0309243 0.0249262 0.0193852 0.014435 0.0102042 0.00678639 0.00420826
 0.00777127 0.0126817 0.0191976 0.0273006 0.0367566 0.0469613 0.0568973 0.0653656 0.0713975 0.0745458 0.0748804 0.0727939 0.0688122 0.0634849 0.0573205 0.0507379 0.0440447 0.0374478 0.0310867 0.0250723 0.0195171 0.0145474 0.0102908 0.00684535 0.00424294
 0.00775797 0.0126465 0.0191195 0.0271524 0.0365117 0.0466067 0.0564451 0.0648582 0.0709023 0.0741399 0.0746314 0.0727409 0.0689549 0.0637844 0.0577132 0.0511567 0.0444371 0.0377857 0.0313643 0.0252964 0.0196971 0.0146894 0.0103979 0.00692017 0.00429018
 0.00777415 0.0126623 0.0191232 0.0271242 0.0364264 0.0464392 0.0561775 0.064488 0.0704485 0.0736469 0.0741648 0.0723751 0.0687529 0.0637791 0.057897 0.0514853 0.0448463 0.0382113 0.031758 0.0256319 0.0199664 0.0148954 0.0105478 0.00702293 0.00435546
 0.00776226 0.01265 0.0191167 0.0271316 0.0364523 0.0464776 0.0562078 0.0644774 0.0703626 0.0734642 0.0738891 0.0720393 0.0684136 0.0635014 0.0577355 0.0514672 0.0449643 0.0384292 0.0320259 0.0259027 0.020207 0.0150893 0.0106919 0.00712225 0.00441874
 0.00776398 0.0126335 0.0190577 0.0269984 0.0362184 0.0461377 0.0557893 0.0640359 0.0699621 0.0731523 0.0736825 0.0719281 0.068378 0.0635284 0.0578264 0.0516326 0.0452111 0.0387494 0.032393 0.0262786 0.0205538 0.0153796 0.0109138 0.00727745 0.00451819
 0.00786853 0.0127846 0.0192484 0.0272067 0.0364079 0.0462641 0.0558088 0.0639177 0.0697013 0.0727779 0.0732527 0.0715115 0.0680299 0.063278 0.0576788 0.0515811 0.0452472 0.0388642 0.0325729 0.0265006 0.0207883 0.0155973 0.0110937 0.00741079 0.00460712
 0.00796407 0.0129396 0.0194798 0.0275259 0.0368142 0.0467349 0.0562934 0.064341 0.0699814 0.0728515 0.0730975 0.0711536 0.067535 0.0627296 0.057154 0.0511348 0.0449079 0.0386389 0.0324537 0.0264699 0.0208212 0.0156658 0.011172 0.00748067 0.00465963
 0.00802197 0.0130277 0.0196016 0.0276822 0.0370045 0.0469587 0.0565493 0.0646208 0.0702635 0.0730983 0.0732604 0.0711877 0.0674171 0.0624697 0.0567948 0.0507376 0.0445333 0.0383315 0.032236 0.0263429 0.0207706 0.0156687 0.011204 0.00752127 0.00469574
 0.00782114 0.0127414 0.0192453 0.0272956 0.0366405 0.0466662 0.0563594 0.0645449 0.0703001 0.0732387 0.0734888 0.071477 0.0677266 0.0627527 0.0570134 0.0508759 0.0446023 0.0383604 0.0322574 0.0263799 0.0208309 0.0157465 0.0112864 0.00759526 0.00475331
 0.00788396 0.0128086 0.019284 0.0272597 0.0364904 0.0463953 0.0560111 0.0642034 0.070056 0.07315 0.0735607 0.0716696 0.0679802 0.0630106 0.0572332 0.0510329 0.0446894 0.0383876 0.0322471 0.0263585 0.0208189 0.0157527 0.0113086 0.00762522 0.00478232
 0.00802941 0.0130205 0.0195551 0.027562 0.0367754 0.0466016 0.056077 0.0640864 0.0697548 0.0727173 0.0730929 0.0712719 0.0677258 0.0629175 0.0572692 0.0511407 0.0448133 0.0384905 0.0323151 0.0263963 0.0208397 0.0157694 0.0113278 0.00764701 0.00480341
 0.00789474 0.0128394 0.0193515 0.0273787 0.0366587 0.0465773 0.0561323 0.064171 0.0698009 0.072671 0.0729397 0.0710459 0.0674966 0.0627611 0.0572368 0.0512401 0.0450126 0.0387377 0.032561 0.0266091 0.0210078 0.0158952 0.0114194 0.0077125 0.00484869
 0.00781996 0.0127286 0.0192068 0.0272138 0.036501 0.0464668 0.0561145 0.0642809 0.0700423 0.0730012 0.0732756 0.0712945 0.067595 0.062704 0.0570735 0.0510456 0.0448516 0.038642 0.0325285 0.0266182 0.0210347 0.015924 0.0114436 0.007731 0.00486242
 0.00774397 0.0126183 0.0190657 0.0270543 0.0363423 0.046331 0.0560239 0.0642571 0.0701045 0.0731594 0.0735209 0.0715911 0.0678843 0.0629223 0.0571785 0.0510341 0.0447578 0.038517 0.032416 0.0265401 0.020992 0.0159066 0.0114398 0.00773297 0.004866
 0.00749362 0.0122348 0.0185333 0.0263778 0.0355487 0.0454709 0.0551713 0.0635036 0.0695443 0.0728677 0.0735356 0.0719042 0.0684443 0.0636453 0.0579647 0.0517913 0.0454216 0.0390613 0.0328468 0.0268789 0.0212596 0.0161162 0.0115983 0.00784569 0.00494017
 0.00756289 0.0123039 0.0185578 0.026292 0.0352865 0.0449962 0.0545037 0.0627208 0.0687599 0.0721971 0.0730678 0.0716891 0.0684914 0.0639283 0.0584282 0.0523608 0.0460185 0.0396198 0.0333258 0.0272643 0.0215567 0.0163384 0.0117594 0.00795755 0.00501317
 0.00750212 0.012219 0.0184533 0.0261731 0.0351487 0.0448135 0.0542278 0.0622996 0.0681708 0.0714774 0.0723184 0.0710456 0.0680773 0.0638154 0.0586218 0.0528084 0.0466325 0.0403029 0.0339926 0.0278549 0.0220404 0.0167092 0.0120271 0.00813945 0.0051289
 0.00737454 0.012039 0.0182335 0.025944 0.0349505 0.0446824 0.0541802 0.0623218 0.068217 0.071481 0.0722174 0.0708147 0.0677491 0.0634738 0.0583693 0.0527237 0.0467427 0.0405806 0.0343743 0.028268 0.0224247 0.0170281 0.0122678 0.00830629 0.00523549
 0.00727177 0.0118694 0.0179757 0.025582 0.0344841 0.044139 0.0536214 0.0618338 0.0678826 0.0713453 0.0722673 0.0709855 0.0679569 0.0636558 0.0585103 0.0528551 0.0469163 0.0408351 0.0347136 0.0286608 0.0228218 0.0173831 0.0125519 0.00851143 0.00536981
 0.0074198 0.0120651 0.0181865 0.0257486 0.0345354 0.0440174 0.0533068 0.0613543 0.0673095 0.070774 0.0717915 0.0706701 0.0678192 0.0636662 0.0586133 0.0530002 0.0470804 0.0410223 0.0349378 0.0289247 0.0231084 0.0176619 0.0127928 0.00869679 0.0054971
 0.00755818 0.0122854 0.0185063 0.0261726 0.0350444 0.0445572 0.0537856 0.0616593 0.0673449 0.0705036 0.0712599 0.0699887 0.0671234 0.063068 0.0581719 0.0527205 0.0469337 0.0409733 0.0349606 0.0290038 0.0232294 0.0178054 0.0129358 0.00881936 0.0055886
 0.00755815 0.0122958 0.0185417 0.0262537 0.0351933 0.0447885 0.0540951 0.0620158 0.0676883 0.0707555 0.071346 0.0698675 0.0668081 0.0626256 0.0576981 0.0523041 0.0466289 0.0407938 0.0348915 0.029018 0.0232993 0.0179057 0.0130441 0.00891762 0.00566571
 0.00758098 0.0123405 0.0186233 0.0263916 0.0354075 0.0450934 0.0544917 0.0624868 0.0681963 0.0712442 0.0717458 0.0701068 0.0668317 0.062415 0.057284 0.0517607 0.0460504 0.0402644 0.034465 0.0287131 0.0231074 0.0178037 0.0130041 0.00891372 0.00567776
 0.00756043 0.0123138 0.0185959 0.0263747 0.0354171 0.0451481 0.0546098 0.0626819 0.0684722 0.0715895 0.0721298 0.0704807 0.0671347 0.0625884 0.0572885 0.0515913 0.0457415 0.0398799 0.0340764 0.0283779 0.0228561 0.0176399 0.012913 0.00887283 0.00566568
 0.0076236 0.0124026 0.0187043 0.0264893 0.0355227 0.0452351 0.0546805 0.0627502 0.068558 0.0717101 0.0722922 0.0706765 0.0673394 0.0627641 0.0573919 0.0515866 0.0456141 0.0396446 0.0337745 0.0280631 0.0225763 0.0174238 0.0127671 0.00878699 0.00562215
 0.00736326 0.0119878 0.0180971 0.0256632 0.0344723 0.043989 0.0533143 0.0613892 0.0673605 0.070835 0.0718623 0.0707505 0.0678989 0.0637191 0.0586023 0.0528944 0.0468765 0.0407589 0.0346893 0.0287733 0.0231073 0.0178121 0.0130465 0.00898306 0.00575377
 0.00721924 0.0117493 0.0177299 0.0251331 0.0337518 0.0430699 0.0522201 0.0601825 0.0661395 0.0697206 0.0709812 0.0702162 0.0677912 0.0640638 0.05936 0.0539641 0.0481175 0.0420234 0.0358547 0.0297621 0.0238903 0.0183974 0.0134626 0.00926487 0.00593468
 0.00714811 0.0116423 0.0175838 0.024947 0.0335224 0.042786 0.051861 0.0597237 0.065566 0.0690418 0.070242 0.069497 0.0671961 0.0636984 0.0593027 0.0542419 0.0486943 0.0428081 0.0367274 0.0306074 0.0246245 0.018979 0.0138877 0.0095537 0.00611764
 0.00696442 0.0113535 0.0171684 0.0243945 0.0328379 0.0419952 0.051013 0.0588846 0.0648025 0.068402 0.0697468 0.0691483 0.0669955 0.0636627 0.059465 0.054636 0.0493308 0.0436558 0.0377101 0.0316212 0.0255661 0.0197723 0.0144971 0.00998225 0.00639389
 0.00696412 0.0113368 0.0171135 0.0242706 0.0326134 0.0416493 0.0505471 0.058326 0.0641981 0.0678061 0.0692072 0.0686984 0.0666534 0.0634388 0.0593725 0.0546965 0.0495686 0.044081 0.0383017 0.0323213 0.0262918 0.0204403 0.0150474 0.0103899 0.00666633
 0.00699234 0.0113771 0.0171623 0.024318 0.0326411 0.0416307 0.0504502 0.0581213 0.0638702 0.0673646 0.0686902 0.0681631 0.0661607 0.0630383 0.059097 0.0545658 0.0495952 0.0442715 0.0386488 0.0327945 0.0268353 0.0209845 0.0155285 0.0107678 0.00693096
 0.00711572 0.0115766 0.0174594 0.0247289 0.0331692 0.0422568 0.0511236 0.0587599 0.0643745 0.0676416 0.0686791 0.0678525 0.0655914 0.0622921 0.0582761 0.05377 0.0489065 0.0437464 0.038316 0.0326534 0.0268568 0.0211168 0.0157113 0.0109486 0.00707712
 0.00713239 0.0116185 0.0175499 0.0248994 0.0334517 0.0426719 0.0516677 0.0593983 0.0650429 0.0682555 0.0691476 0.0680958 0.0655598 0.0619803 0.0577278 0.0530687 0.0481553 0.0430446 0.0377403 0.0322463 0.0266236 0.0210307 0.0157258 0.0110133 0.00715191
 0.00708073 0.011549 0.0174733 0.0248376 0.0334361 0.0427375 0.0518461 0.0597094 0.0654859 0.0688012 0.0697362 0.0686441 0.0659774 0.0621919 0.0576931 0.0527949 0.0476966 0.0424879 0.0371815 0.0317664 0.0262707 0.0208151 0.0156261 0.0109916 0.00716955
 0.00711511 0.0115927 0.0175174 0.0248685 0.0334429 0.0427214 0.0518272 0.0597247 0.0655773 0.068999 0.0700448 0.0690356 0.0663946 0.0625595 0.057936 0.0528588 0.0475648 0.0421885 0.0367791 0.0313416 0.0258952 0.0205328 0.0154473 0.0108997 0.0071356
 0.00701186 0.0114271 0.0172725 0.0245303 0.0330034 0.0421845 0.0512164 0.0590887 0.0649897 0.0685481 0.0698145 0.0690825 0.0667272 0.0631303 0.0586501 0.053599 0.0482235 0.042695 0.0371132 0.0315282 0.0259852 0.020578 0.0154829 0.0109397 0.00717817
 0.00704753 0.0114796 0.0173407 0.0246079 0.0330781 0.0422385 0.051227 0.0590326 0.06485 0.0683244 0.0695318 0.0687919 0.0664951 0.0630168 0.0586851 0.0537678 0.0484714 0.042949 0.0373115 0.0316411 0.0260189 0.0205621 0.0154508 0.0109139 0.0071664
 0.00700887 0.0114268 0.0172796 0.0245496 0.033035 0.0422179 0.0512265 0.059039 0.064843 0.0682837 0.0694446 0.0686598 0.0663386 0.0628734 0.058599 0.0537729 0.0485746 0.0431252 0.0375137 0.0318217 0.0261486 0.0206366 0.0154843 0.0109257 0.0071711
 0.00700733 0.0114225 0.0172703 0.0245334 0.0330129 0.0421959 0.0512156 0.0590511 0.0648838 0.0683454 0.0695058 0.0686925 0.0663211 0.0628019 0.0584921 0.0536649 0.0485015 0.0431082 0.0375504 0.0318899 0.0262196 0.02069 0.015514 0.0109369 0.00717291
 0.00687475 0.011218 0.0169834 0.0241627 0.032567 0.0416944 0.0506914 0.0585506 0.0644619 0.0680547 0.0693824 0.0687449 0.0665274 0.0631177 0.0588663 0.0540568 0.0488893 0.0434856 0.0379157 0.0322353 0.0265298 0.0209482 0.0157104 0.0110728 0.00725867
#obs surv len freq
 0.00496104 0.00812614 0.0123606 0.0176784 0.0239546 0.030826 0.0376698 0.0437642 0.0485585 0.0518479 0.053746 0.0545333 0.0545274 0.0540261 0.0532926 0.0525435 0.0519263 0.0514769 0.0510569 0.0502965 0.048613 0.0453752 0.0402058 0.0332734 0.0253599
 0.00518185 0.00848732 0.0129081 0.018456 0.0249952 0.0321374 0.0392217 0.0454846 0.050345 0.0535884 0.0553357 0.0558818 0.0555566 0.0546676 0.0534875 0.0522488 0.0511239 0.0501837 0.0493319 0.0482434 0.0463764 0.0431284 0.038126 0.031508 0.0239948
 0.005406 0.00885396 0.0134643 0.0192474 0.0260581 0.0334856 0.040832 0.0472907 0.0522455 0.0554651 0.0570722 0.0573754 0.056723 0.0554386 0.0538076 0.0520723 0.0504177 0.0489388 0.047579 0.0460693 0.0439299 0.0406087 0.0357506 0.029466 0.0224023
 0.00564631 0.0092487 0.0140659 0.0201073 0.0272165 0.0349558 0.0425843 0.0492477 0.0542928 0.0574742 0.0589206 0.0589581 0.0579549 0.0562531 0.0541526 0.0519063 0.0497087 0.0476703 0.0457665 0.0437825 0.0413097 0.0378639 0.0331251 0.0271825 0.0206058
 0.0058927 0.00965257 0.01468 0.0209833 0.0283954 0.0364528 0.0443725 0.0512513 0.0563973 0.059547 0.0608325 0.0605969 0.0592306 0.0570978 0.0545167 0.0517524 0.0490085 0.046407 0.0439496 0.0414705 0.0386328 0.035028 0.0303827 0.0247739 0.0186952
 0.00612515 0.010033 0.0152574 0.0218055 0.0295005 0.0378557 0.0460501 0.053137 0.058389 0.0615255 0.0626794 0.0622053 0.06051 0.0579753 0.0549361 0.0516715 0.048396 0.0452446 0.0422425 0.039269 0.0360557 0.0322698 0.0276897 0.0223881 0.0167883
 0.00638181 0.010452 0.0158912 0.0227033 0.0306986 0.0393615 0.0478271 0.0551 0.0604179 0.0634895 0.064459 0.0637039 0.0616546 0.0587125 0.0552267 0.0514855 0.0477096 0.0440428 0.0405301 0.0370915 0.0335217 0.0295614 0.0250418 0.0200352 0.0149008
 0.00660599 0.0108237 0.016464 0.0235313 0.0318251 0.0408013 0.0495486 0.0570197 0.0624125 0.065421 0.0661994 0.0651493 0.0627307 0.0593718 0.0554423 0.0512428 0.0469994 0.0428603 0.0388845 0.0350252 0.031133 0.0270152 0.0225526 0.0178204 0.0131199
 0.00683781 0.0112014 0.0170341 0.0243382 0.032903 0.0421614 0.0511649 0.058822 0.0642939 0.0672556 0.0678619 0.0665308 0.0637477 0.0599703 0.0555956 0.0509442 0.0462538 0.0416789 0.0372891 0.0330624 0.0288949 0.0246499 0.0202518 0.0157778 0.0114786
 0.00707553 0.0115911 0.0176262 0.0251802 0.0340289 0.0435751 0.0528248 0.0606379 0.0661418 0.0690043 0.0693951 0.067758 0.0646051 0.060418 0.0556148 0.0505336 0.0454251 0.0404536 0.0356998 0.0311635 0.0267763 0.0224463 0.0181317 0.0139093 0.0099838
 0.0073019 0.0119639 0.0181957 0.0259955 0.0351266 0.0449629 0.054464 0.0624382 0.0679746 0.0707277 0.0708803 0.0689063 0.0653538 0.0607389 0.0555064 0.0500123 0.0445174 0.0391923 0.0341269 0.0293378 0.0247858 0.0204133 0.0162029 0.0122269 0.00864772
 0.00744643 0.0122063 0.0185747 0.0265524 0.0358982 0.0459684 0.0556916 0.063838 0.0694631 0.0722011 0.0722297 0.0700306 0.0661711 0.0611932 0.0555711 0.0496873 0.0438229 0.0381623 0.0328072 0.0277901 0.0230946 0.0186892 0.014573 0.0108106 0.00752689
 0.00753878 0.0123558 0.0187993 0.0268704 0.0363275 0.0465241 0.0563812 0.0646567 0.0703894 0.0731958 0.0732362 0.0709789 0.0669839 0.0617964 0.0559035 0.0497084 0.043517 0.0375383 0.0318972 0.0266489 0.0218008 0.0173431 0.0132866 0.00968666 0.00663509
 0.00760587 0.0124581 0.0189408 0.0270518 0.0365475 0.0467825 0.056681 0.0650044 0.0707938 0.0736643 0.0737695 0.0715634 0.0675866 0.0623641 0.0563696 0.0500047 0.0435867 0.0373477 0.0314424 0.0259589 0.0209362 0.0163902 0.0123441 0.008846 0.00595965
 0.00766745 0.0125503 0.0190649 0.0272032 0.0367174 0.0469599 0.0568559 0.0651704 0.0709517 0.0738245 0.0739508 0.0717864 0.0678639 0.0626897 0.0567134 0.0503152 0.0438007 0.0374062 0.0313059 0.0256198 0.0204237 0.0157663 0.0116896 0.00824062 0.00546203
 0.00773291 0.0126541 0.0192156 0.0274056 0.0369695 0.0472501 0.0571608 0.0654579 0.0711892 0.07399 0.0740413 0.0718193 0.0678693 0.0626989 0.0567462 0.0503699 0.0438519 0.0374111 0.0312191 0.0254107 0.0200901 0.0153387 0.0112227 0.007796 0.00508907
 0.0077858 0.0127331 0.0193217 0.0275356 0.0371177 0.0474106 0.0573284 0.0656267 0.0713505 0.074132 0.0741511 0.0718876 0.0678963 0.0626954 0.0567298 0.0503562 0.0438448 0.0373974 0.031172 0.0253011 0.0199019 0.0150789 0.0109214 0.00749562 0.00482834
 0.00780087 0.0127556 0.0193518 0.0275718 0.0371572 0.0474496 0.0573634 0.065656 0.0713758 0.0741584 0.0741851 0.0719334 0.0679531 0.0627582 0.0567929 0.0504159 0.0438988 0.0374404 0.0311921 0.0252818 0.0198292 0.014951 0.0107529 0.00731345 0.00466103
 0.00785907 0.0128427 0.0194686 0.0277137 0.0373149 0.0476106 0.057514 0.0657819 0.0714649 0.0742032 0.0741853 0.0718966 0.0678917 0.0626856 0.0567196 0.050348 0.043838 0.0373845 0.031135 0.0252143 0.0197424 0.0148406 0.0106243 0.00718029 0.00454004
 0.00788645 0.0128849 0.0195276 0.0277892 0.0374039 0.0477071 0.0576088 0.0658644 0.0715251 0.074235 0.0741885 0.0718757 0.0678543 0.0626401 0.0566734 0.0503063 0.0438029 0.0373548 0.0311064 0.0251801 0.0196959 0.0147784 0.0105484 0.00709874 0.00446354
 0.00787825 0.0128715 0.0195073 0.0277611 0.0373678 0.047665 0.0575652 0.0658255 0.0714973 0.0742229 0.0741933 0.0718959 0.0678869 0.0626815 0.0567205 0.0503564 0.0438534 0.0374026 0.0311473 0.0252092 0.0197083 0.0147716 0.0105242 0.00706288 0.00442431
 0.00789457 0.012891 0.0195239 0.0277649 0.0373483 0.0476157 0.0574871 0.0657283 0.0713963 0.0741345 0.0741306 0.0718663 0.0678911 0.0627154 0.0567765 0.050426 0.0439287 0.0374768 0.0312145 0.0252641 0.0197469 0.0147919 0.0105271 0.00705254 0.00440698
 0.00790209 0.0129016 0.0195364 0.0277763 0.0373533 0.0476069 0.0574563 0.0656693 0.0713086 0.0740259 0.0740172 0.071768 0.0678255 0.0626924 0.0567963 0.050481 0.0440071 0.0375657 0.0313025 0.0253425 0.0198095 0.0148356 0.010552 0.00706199 0.0044061
 0.00789535 0.0128908 0.0195204 0.0277542 0.0373245 0.0475711 0.0574137 0.0656201 0.0712528 0.0739637 0.0739504 0.0717017 0.0677688 0.0626562 0.0567901 0.050509 0.0440661 0.0376469 0.0313938 0.0254317 0.0198871 0.0148957 0.0105931 0.0070859 0.0044171
 0.00787397 0.0128548 0.0194642 0.0276724 0.037214 0.0474337 0.0572583 0.0654621 0.0711105 0.073853 0.0738806 0.0716746 0.0677805 0.0627009 0.0568629 0.050606 0.0441836 0.0377789 0.0315317 0.0255649 0.0200054 0.0149918 0.0106639 0.00713281 0.00444467
 0.00786392 0.0128355 0.0194299 0.0276157 0.0371279 0.0473144 0.0571079 0.0652904 0.0709336 0.0736907 0.0737519 0.0715939 0.0677549 0.0627294 0.0569377 0.0507163 0.0443182 0.0379276 0.0316847 0.0257125 0.0201383 0.0151026 0.0107486 0.00719174 0.00448162
 0.0078463 0.0128045 0.0193789 0.0275371 0.037015 0.047164 0.0569233 0.0650824 0.0707195 0.0734911 0.0735875 0.0714822 0.0677078 0.0627511 0.0570241 0.0508562 0.0444958 0.0381256 0.031887 0.0259051 0.0203099 0.0152454 0.0108587 0.00726972 0.00453194
 0.00783953 0.0127936 0.0193624 0.0275132 0.0369807 0.0471153 0.0568556 0.0649915 0.0706046 0.0733565 0.0734437 0.0713451 0.0675952 0.0626792 0.0570038 0.0508907 0.0445803 0.0382486 0.0320331 0.026058 0.020455 0.0153715 0.0109592 0.00734302 0.00458056
 0.00779807 0.012728 0.0192672 0.0273853 0.0368206 0.0469288 0.0566543 0.0647926 0.0704261 0.0732128 0.0733427 0.0712886 0.0675822 0.0627084 0.0570748 0.0510027 0.0447298 0.0384279 0.03223 0.0262574 0.0206416 0.0155327 0.0110877 0.00743686 0.00464312
 0.00776589 0.0126721 0.0191768 0.0272488 0.0366296 0.0466828 0.0563659 0.0644873 0.0701374 0.0729738 0.0731778 0.0712095 0.067588 0.0627892 0.0572161 0.0511896 0.044949 0.0386675 0.0324775 0.0264994 0.0208644 0.0157243 0.0112403 0.00754882 0.00471818
 0.00773314 0.0126176 0.0190922 0.0271253 0.0364594 0.0464619 0.0560976 0.0641846 0.0698234 0.0726785 0.0729337 0.0710449 0.0675213 0.0628248 0.057345 0.051393 0.0452039 0.0389508 0.0327688 0.0267809 0.0211206 0.0159432 0.0114145 0.00767674 0.00480428
 0.00770808 0.0125749 0.0190243 0.027024 0.0363174 0.0462759 0.0558704 0.0639266 0.0695511 0.0724122 0.0726953 0.0708562 0.0674022 0.0627906 0.057402 0.0515369 0.0454195 0.0392157 0.0330577 0.0270693 0.0213878 0.0161736 0.0115989 0.00781297 0.00489651
 0.00768036 0.0125299 0.0189568 0.0269288 0.0361905 0.0461155 0.0556788 0.063711 0.0693233 0.0721872 0.0724893 0.0706854 0.0672816 0.0627329 0.0574167 0.0516273 0.0455815 0.0394363 0.0333165 0.0273418 0.0216498 0.0164052 0.0117873 0.00795373 0.00499259
 0.00768124 0.0125325 0.0189624 0.0269387 0.0362045 0.0461302 0.0556866 0.0637009 0.069284 0.0721105 0.0723742 0.0705393 0.0671195 0.0625751 0.0572851 0.0515414 0.0455547 0.0394728 0.0334099 0.0274769 0.0218055 0.0165599 0.0119236 0.00806139 0.00506909
 0.00763184 0.0124599 0.0188677 0.0268284 0.0360888 0.0460208 0.0555939 0.063632 0.069241 0.07209 0.0723674 0.0705356 0.0671104 0.0625582 0.0572655 0.0515308 0.0455666 0.0395185 0.0334937 0.027594 0.0219432 0.0167009 0.0120516 0.00816501 0.00514421
 0.00762704 0.0124462 0.0188366 0.0267696 0.0359944 0.045891 0.0554409 0.0634784 0.0691127 0.0720062 0.0723343 0.0705457 0.0671482 0.0626065 0.0573123 0.051572 0.0456065 0.0395661 0.0335578 0.0276784 0.0220445 0.0168093 0.0121544 0.00825174 0.00520926
 0.0076024 0.0124104 0.0187903 0.0267148 0.0359327 0.0458212 0.0553585 0.0633792 0.0689974 0.0718853 0.0722264 0.070471 0.0671196 0.0626249 0.0573672 0.0516482 0.0456912 0.0396528 0.0336463 0.0277709 0.0221413 0.0169066 0.0122452 0.00832862 0.00526771
 0.00758378 0.0123787 0.0187403 0.0266417 0.0358344 0.0457005 0.0552247 0.0632459 0.0688782 0.0717886 0.072155 0.0704252 0.0671011 0.0626376 0.0574135 0.0517259 0.0457922 0.0397665 0.0337636 0.0278861 0.0222509 0.0170077 0.0123341 0.00840152 0.00532242
 0.00756653 0.0123519 0.0187022 0.0265911 0.0357704 0.0456223 0.0551325 0.0631423 0.0687691 0.0716836 0.0720648 0.0703593 0.0670649 0.0626326 0.0574391 0.0517798 0.0458709 0.0398643 0.0338725 0.0279979 0.0223584 0.0171054 0.0124178 0.00846855 0.00537198
 0.00756153 0.0123433 0.0186884 0.0265704 0.0357414 0.0455843 0.0550862 0.063089 0.0687106 0.0716217 0.0720018 0.0702987 0.0670124 0.0625945 0.0574212 0.0517857 0.0459011 0.0399165 0.0339421 0.0280779 0.0224415 0.0171844 0.0124871 0.00852461 0.00541354
 0.00754952 0.0123241 0.0186601 0.0265316 0.0356913 0.0455237 0.0550174 0.0630164 0.0686399 0.0715583 0.07195 0.0702607 0.0669888 0.0625857 0.0574276 0.0518085 0.0459413 0.0399736 0.0340134 0.0281585 0.0225249 0.0172637 0.0125564 0.00858021 0.00545429
 0.00751603 0.0122741 0.018593 0.0264497 0.0355992 0.0454269 0.0549216 0.0629272 0.0685627 0.0714978 0.0719097 0.0702426 0.0669928 0.0626101 0.0574697 0.0518654 0.0460106 0.0400532 0.0341008 0.0282502 0.0226158 0.0173481 0.0126291 0.0086378 0.00549602
 0.00753234 0.0122954 0.0186156 0.0264674 0.0356051 0.0454167 0.0548958 0.0628906 0.0685215 0.071457 0.0718712 0.0702063 0.0669584 0.0625788 0.0574442 0.0518489 0.0460058 0.0400617 0.0341226 0.0282836 0.0226573 0.0173929 0.012672 0.00867456 0.00552421
 0.00751865 0.0122788 0.0186008 0.0264611 0.0356133 0.0454407 0.0549293 0.0629216 0.0685379 0.0714519 0.071846 0.0701681 0.0669162 0.0625391 0.0574109 0.0518239 0.0459905 0.0400573 0.0341297 0.0283016 0.022684 0.0174245 0.0127041 0.0087032 0.00554686
 0.00749155 0.0122353 0.0185369 0.0263749 0.035507 0.0453223 0.0548136 0.0628267 0.0684789 0.0714348 0.0718655 0.0702117 0.0669708 0.0625963 0.0574673 0.0518796 0.0460463 0.0401137 0.0341868 0.0283588 0.0227398 0.0174766 0.01275 0.00874049 0.00557458
 0.00749519 0.0122363 0.0185291 0.0263498 0.0354558 0.0452396 0.0547014 0.0626958 0.0683471 0.0713226 0.0717901 0.0701822 0.0669859 0.0626461 0.0575385 0.0519599 0.0461277 0.0401923 0.0342612 0.0284283 0.0228036 0.0175332 0.0127978 0.00877826 0.00560211
 0.00749519 0.0122363 0.0185291 0.0263498 0.0354558 0.0452396 0.0547014 0.0626958 0.0683471 0.0713226 0.0717901 0.0701822 0.0669859 0.0626461 0.0575385 0.0519599 0.0461277 0.0401923 0.0342612 0.0284283 0.0228036 0.0175332 0.0127978 0.00877826 0.00560211
 0.00718539 0.0117453 0.0178158 0.0253893 0.0342504 0.0438327 0.0531882 0.0612204 0.0670773 0.0704104 0.0713363 0.070219 0.0674791 0.0635102 0.0586587 0.0532148 0.0474082 0.0414134 0.0353647 0.02938 0.023588 0.0181493 0.0132558 0.00909791 0.00580957
 0.00715254 0.0116596 0.0176273 0.0250322 0.0336595 0.0429705 0.0520702 0.0599237 0.0657287 0.0691595 0.070328 0.0695691 0.0672573 0.0637299 0.059276 0.0541399 0.0485249 0.0426019 0.0365208 0.0304261 0.024476 0.0188583 0.0137872 0.00946988 0.00605101
 0.00713604 0.0116394 0.0176063 0.0250098 0.0336221 0.0428815 0.0518686 0.0595397 0.0651144 0.0683219 0.0693437 0.0685722 0.0664037 0.0631561 0.059067 0.0543133 0.0490342 0.0433533 0.0373986 0.0313182 0.0252932 0.0195437 0.014317 0.00984748 0.00629862
 0.00703823 0.0114845 0.0173819 0.0247095 0.0332496 0.0424528 0.051411 0.0590826 0.0646743 0.0678924 0.0689022 0.0681043 0.0659307 0.0627443 0.058811 0.0543011 0.0493121 0.0439073 0.0381586 0.03218 0.0261478 0.020303 0.0149281 0.0102952 0.00659743
 0.0070145 0.011446 0.0173239 0.0246271 0.0331375 0.0423067 0.0512294 0.0588685 0.0644352 0.0676368 0.068634 0.067819 0.0656208 0.0624139 0.0584909 0.0540522 0.0492079 0.0440041 0.0384684 0.0326621 0.026723 0.020881 0.0154351 0.0106898 0.00687208
 0.00702593 0.011467 0.0173596 0.0246827 0.0332155 0.0424036 0.0513323 0.0589561 0.0644822 0.0676207 0.0685411 0.0676463 0.0653738 0.0621051 0.0581418 0.0536982 0.0489006 0.0438026 0.0384195 0.0327795 0.0269783 0.0212138 0.0157762 0.0109846 0.00709291
 0.0070567 0.0115254 0.0174627 0.0248503 0.0334646 0.0427385 0.0517368 0.0593911 0.0648927 0.0679482 0.0687362 0.0676777 0.0652329 0.061805 0.0577143 0.0531897 0.0483682 0.0433096 0.0380259 0.0325275 0.0268787 0.0212426 0.0158855 0.0111216 0.0072177
 0.00708138 0.0115693 0.0175359 0.024966 0.0336372 0.0429805 0.0520535 0.0597754 0.0653211 0.0683807 0.0691198 0.0679563 0.0653592 0.0617523 0.0574826 0.0528056 0.0478811 0.0427831 0.0375278 0.0321165 0.0265914 0.021085 0.0158349 0.0111392 0.00726418
 0.00707792 0.0115684 0.0175439 0.0249923 0.0336935 0.0430782 0.0522013 0.0599777 0.0655765 0.0686801 0.0694439 0.0682735 0.0656276 0.0619265 0.0575252 0.0526988 0.0476339 0.0424319 0.0371285 0.0317313 0.0262722 0.020861 0.0157076 0.0110883 0.00725991
 0.00703129 0.0114933 0.0174327 0.0248406 0.033503 0.0428609 0.0519824 0.0597937 0.0654672 0.0686775 0.0695627 0.0685066 0.0659462 0.0622849 0.0578679 0.0529724 0.0477999 0.0424775 0.0370701 0.0316078 0.0261312 0.0207423 0.0156322 0.0110566 0.00725916
 0.00695323 0.0113662 0.0172413 0.0245718 0.0331497 0.0424287 0.0514949 0.0592945 0.0650148 0.0683334 0.0693786 0.0685134 0.0661472 0.0626537 0.0583529 0.0535059 0.0483123 0.0429126 0.037397 0.0318252 0.0262612 0.0208174 0.0156814 0.011097 0.00729573
 0.00698418 0.0114068 0.0172839 0.024602 0.0331483 0.042376 0.0513761 0.0591038 0.064759 0.0680344 0.0690728 0.0682473 0.0659678 0.0625958 0.0584283 0.0536982 0.0485806 0.0432032 0.0376598 0.0320278 0.0263953 0.0208944 0.0157219 0.0111199 0.00731232
 0.00695519 0.0113652 0.0172313 0.0245419 0.0330837 0.0423056 0.0512921 0.0589939 0.0646117 0.0678459 0.0688525 0.0680187 0.065765 0.0624572 0.0583863 0.0537692 0.0487579 0.043457 0.0379454 0.0322999 0.0266214 0.0210617 0.0158345 0.011191 0.00735583
 0.00695543 0.0113628 0.0172226 0.0245227 0.0330511 0.0422598 0.0512377 0.0589372 0.0645557 0.0677864 0.0687788 0.0679203 0.0656407 0.0623207 0.0582649 0.0536953 0.0487565 0.0435349 0.0380883 0.0324775 0.0267994 0.0212136 0.0159481 0.0112671 0.00740256
 0.00685176 0.0112 0.0169888 0.0242118 0.0326649 0.0418116 0.0507552 0.058462 0.0641375 0.0674715 0.0685976 0.0678803 0.0657271 0.0625047 0.0585163 0.0539927 0.0490899 0.0439 0.0384768 0.0328711 0.0271712 0.0215367 0.0162044 0.0114521 0.00752416
#pred catch len freq
 0.00373639 0.00604986 0.00909501 0.0129028 0.0174925 0.0228169 0.0286957 0.0348102 0.0407727 0.0462114 0.0508279 0.0544335 0.0569712 0.0585082 0.0591946 0.0592113 0.0587329 0.0578959 0.0567451 0.0551505 0.0527509 0.0490265 0.0435557 0.0363542 0.0280584
 0.00414932 0.00664765 0.00986238 0.0137894 0.018441 0.0238006 0.0297361 0.0359554 0.0420449 0.0475583 0.052113 0.0554772 0.0576201 0.0586934 0.058949 0.0586424 0.0579656 0.0570142 0.055758 0.0540024 0.0513753 0.0474154 0.0418012 0.0346314 0.0265563
 0.0043654 0.00703891 0.0105202 0.0148106 0.0198906 0.0256633 0.0318873 0.0381838 0.0441271 0.0493378 0.0535288 0.0565262 0.058295 0.0589532 0.0587424 0.0579542 0.0568429 0.0555485 0.0540415 0.0520952 0.0493123 0.0452463 0.0396291 0.0326115 0.0248478
 0.00454072 0.00731918 0.0109396 0.0154148 0.0207469 0.0268633 0.0335246 0.0403036 0.0466639 0.0520845 0.0561729 0.0587454 0.0598582 0.0597645 0.0588145 0.0573533 0.0556502 0.0538526 0.0519414 0.0496986 0.0467331 0.0426124 0.0370915 0.0303352 0.0229752
 0.00472672 0.00762497 0.0114065 0.0160845 0.0216566 0.0280385 0.0349749 0.0420249 0.0486423 0.0542876 0.0585205 0.0610783 0.0619389 0.061328 0.0596467 0.0573479 0.0548164 0.0522834 0.0497747 0.0470943 0.0438676 0.0396799 0.0342973 0.0278723 0.0209864
 0.00498554 0.00803039 0.0119899 0.0168698 0.0226626 0.0292792 0.0364537 0.0437245 0.0505175 0.0562672 0.0605173 0.0629965 0.0636711 0.0627437 0.0605895 0.0576588 0.0543772 0.0510569 0.0478199 0.0445559 0.040954 0.0366382 0.0313845 0.0253157 0.0189405
 0.00532139 0.0085565 0.0127449 0.0178775 0.0239296 0.0307921 0.0381745 0.0455881 0.0524388 0.0581543 0.0622831 0.0645653 0.0649773 0.0637254 0.0611778 0.057769 0.0539152 0.0499451 0.0460369 0.0421697 0.0381321 0.0336277 0.0284664 0.0227444 0.0168869
 0.0056565 0.00909059 0.0135292 0.0189537 0.0253238 0.0325041 0.0401639 0.0477659 0.0546734 0.0602923 0.0641769 0.0660974 0.0660742 0.0643564 0.0613395 0.0574612 0.0531221 0.0486359 0.0441904 0.0398155 0.0353853 0.0306948 0.0256102 0.0202187 0.0148679
 0.00595629 0.00956753 0.0142289 0.0199153 0.0265769 0.0340627 0.0420136 0.0498508 0.0568905 0.0624976 0.0662036 0.0677824 0.067287 0.0650204 0.061435 0.0570101 0.0521617 0.0471983 0.0423021 0.0375207 0.0327803 0.027948 0.0229455 0.0178621 0.0129825
