SBPRF35
12.7214
Curr Bio
826855
B35
857650
F35
0.168467
FOFL
0.156277
OFL
102877
Bzero
3.63469e+006
#pred survey bio
 2.99645e+006 2.7911e+006 2.56521e+006 2.37129e+006 2.13664e+006 1.89257e+006 1.66956e+006 1.4651e+006 1.30604e+006 1.16592e+006 1.03299e+006 894892 788094 732790 681073 660766 634333 601492 590022 574610 568043 559393 557310 552464 551481 549265 556068 561428 564969 573547 591966 598720 611580 637514 647164 649542 665574 668338 684067 687869 689747 687096 687842 697293 694330 692161 687138 734566 775801 799036 836038 852195 865459 850335 831799 2.81124e+007 1.65368e+007 1.65982e+007 1.73801e+007 1.86648e+007 2.01701e+007 2.16782e+007 2.3056e+007 2.42411e+007 2.52197e+007 2.60048e+007 2.66222e+007 2.71011e+007 2.74692e+007 2.77505e+007 2.7965e+007 2.81284e+007 2.82531e+007 2.83484e+007 2.84215e+007 2.84779e+007 2.85214e+007 2.85553e+007 2.85818e+007 2.86026e+007 2.8619e+007 2.86319e+007 2.86421e+007 2.86503e+007 2.86568e+007 2.8662e+007 2.86662e+007 2.86696e+007 2.86723e+007 2.86745e+007 2.86763e+007 2.86778e+007 2.8679e+007 2.86799e+007 2.86807e+007 2.86814e+007 2.86819e+007 2.86823e+007 2.86827e+007 2.8683e+007 2.86832e+007 2.86834e+007 2.86835e+007 2.86837e+007 2.86838e+007 2.86838e+007 2.86839e+007 2.8684e+007 2.8684e+007 2.86841e+007 2.86841e+007 2.86841e+007 2.86841e+007 2.86842e+007 2.86842e+007 2.86842e+007 2.86842e+007 2.86842e+007 2.86842e+007 2.86842e+007 2.86842e+007 2.86842e+007 2.86842e+007 2.86842e+007 2.86842e+007 2.86842e+007 2.86842e+007 2.86842e+007 2.86842e+007 2.86842e+007 2.86842e+007 2.86842e+007 2.86842e+007 2.86842e+007 2.86842e+007 2.86842e+007 2.86842e+007 2.86842e+007 2.86842e+007 2.86842e+007 2.86842e+007 2.86842e+007 2.86842e+007 2.86842e+007 2.86842e+007 2.86842e+007 2.86842e+007 2.86842e+007 2.86842e+007 2.86842e+007 2.86842e+007 2.86842e+007 2.86842e+007 2.86842e+007 2.86842e+007 0 0 0 0 0 0 0 0 0 0 0 0 0 0 0 0 0 0 0 0 0 0 0 0 0
#obs survey bio
 2.31506e+006 2.08192e+006 2.12837e+006 1.65976e+006 2.12314e+006 2.8455e+006 1.29967e+006 1.11707e+006 986504 968479 1.06195e+006 596600 773265 865744 718680 691362 472060 967680 567786 659892 498237 386442 465522 649510 502278 444723 563771 478764 480564 345644 481989 834167 508638 617485 672844 431346 929546 1.13308e+006 675165 590989 899261 721572 561425 983870 631074 762482 671387 797751 564414 752568 1.06091e+006 855870 835618 913517 833116
#pred catch bio
 246860 275742 258913 308525 327668 316973 306887 271891 259342 254444 256335 223982 175355 168224 137851 140316 141632 119775 120510 111049 111542 104830 105782 100928 100694 92330.7 93463.3 95299.4 92157.8 86123.2 97975.7 94140.2 85908.1 102610 109961 99263.1 110530 98992.7 108951 109409 111457 107181 99995 111390 111135 113827 71116.8 79670.8 96018.7 84254.6 101320 101718 123403 122143 124960 102877 107937 107082 110774 118386 127685 137016 145446 152571 158322 162809 166222 168769 170640 171999 172977 173675 174170 174520 174767 174939 175060 175145 175204 175245 175273 175293 175306 175316 175322 175327 175330 175332 175334 175335 175335 175336 175336 175337 175337 175337 175337 175337 175337 175337 175337 175337 175337 175337 175337 175337 175337 175337 175337 175337 175337 175337 175337 175337 175337 175337 175337 175337 175337 175337 175337 175337 175337 175337 175337 175337 175337 175337 175337 175337 175337 175337 175337 175337 175337 175337 175337 175337 175337 175337 175337 175337 175337 175337 175337 175337 175337 175337 175337 175337 175337 175337 175337 175337 175337 0 0 0 0 0 0 0 0 0 0 0 0 0 0 0 0 0 0 0 0 0 0 0 0 0
#obs catch bio
 233018 276526 259344 312017 331389 318486 308921 274148 262211 258621 260831 228409 178030 170767 138727 141222 143524 120199 121032 111095 112041 105758 106510 101031 100838 92527.1 93253.6 95006.9 92250.3 86293.7 98926.1 94296.8 86084.2 103409 111096 100305 111756 98788.3 109472 109957 111590 106620 99653.5 111116 111347 114701 70941.2 79853 96903.4 84466.8 101905 101730 123445 121856 125014
#pred cpue bio
 2.95109e+006 2.74717e+006 2.52284e+006 2.32914e+006 2.09528e+006 1.85278e+006 1.63143e+006 1.4284e+006 1.27027e+006 1.13111e+006 999577 863587 758698 704626 654443 634904 609311 577541 566713 551932 545601 537201 535320 530910 530250 528272 535076 540417 543763 551890 569640 576200 588720 613795 622987 625224 641023 644142 659830 663700 665805 663591 664423 673486 670346 668030 663050 709613 750452 773658 810367 826774 840251 825685 807974 2.73331e+007 1.60867e+007 1.60108e+007 1.66279e+007 1.78501e+007 1.93395e+007 2.08442e+007 2.22212e+007 2.34063e+007 2.43848e+007 2.51699e+007 2.57873e+007 2.62662e+007 2.66343e+007 2.69156e+007 2.71301e+007 2.72935e+007 2.74182e+007 2.75135e+007 2.75866e+007 2.7643e+007 2.76866e+007 2.77204e+007 2.77469e+007 2.77677e+007 2.77841e+007 2.7797e+007 2.78072e+007 2.78154e+007 2.78219e+007 2.78271e+007 2.78313e+007 2.78347e+007 2.78374e+007 2.78397e+007 2.78415e+007 2.78429e+007 2.78441e+007 2.78451e+007 2.78458e+007 2.78465e+007 2.7847e+007 2.78474e+007 2.78478e+007 2.78481e+007 2.78483e+007 2.78485e+007 2.78486e+007 2.78488e+007 2.78489e+007 2.7849e+007 2.7849e+007 2.78491e+007 2.78491e+007 2.78492e+007 2.78492e+007 2.78492e+007 2.78492e+007 2.78493e+007 2.78493e+007 2.78493e+007 2.78493e+007 2.78493e+007 2.78493e+007 2.78493e+007 2.78493e+007 2.78493e+007 2.78493e+007 2.78493e+007 2.78493e+007 2.78493e+007 2.78493e+007 2.78493e+007 2.78493e+007 2.78493e+007 2.78493e+007 2.78493e+007 2.78493e+007 2.78493e+007 2.78493e+007 2.78493e+007 2.78493e+007 2.78493e+007 2.78493e+007 2.78493e+007 2.78493e+007 2.78493e+007 2.78493e+007 2.78493e+007 2.78493e+007 2.78493e+007 2.78493e+007 2.78493e+007 2.78493e+007 2.78493e+007 2.78493e+007 2.78493e+007 2.78493e+007 2.78493e+007 2.78493e+007 0 0 0 0 0 0 0 0 0 0 0 0 0 0 0 0 0 0 0 0 0 0 0 0 0
#obs cpue bio
 3.55452e+006 3.56104e+006 2.21238e+006 1.62621e+006 2.10319e+006 1.86923e+006 1.81067e+006 1.35359e+006 1.2757e+006 865448 869122 874623 581982 571944 677973 611137 527145 461481 594598 541827 489807 477787 708155 603717 592442 536307 780465 719057 463030 688243 446294 674884 504796 484775 469054 569481 535058 787953 437932 667653 709538 1.09983e+006 645442 536761 472432 498889 707480 559002 652898 852312 691627 1.08561e+006 1.16069e+006 868393 696135
#pred surv len freq
 0.00576283 0.00927233 0.0137952 0.0192527 0.025473 0.0321195 0.0386542 0.0444526 0.0490334 0.052221 0.0541274 0.0550145 0.0551651 0.0548198 0.0541571 0.0532936 0.0522952 0.0511824 0.0499069 0.0482945 0.0460022 0.0425795 0.0376794 0.0313364 0.0241093
 0.00606241 0.00967623 0.014255 0.0196868 0.0258084 0.0323479 0.0388618 0.0447934 0.0496484 0.0531518 0.0552791 0.0561906 0.0561514 0.0554654 0.0544151 0.0532105 0.0519632 0.0506824 0.0492683 0.0474918 0.0449931 0.0413609 0.0363254 0.0299883 0.0229223
 0.00647716 0.0103308 0.0151977 0.020934 0.027326 0.0340341 0.040549 0.046288 0.0508042 0.0539347 0.0557702 0.0565167 0.0563917 0.0556024 0.0543592 0.052868 0.0512926 0.049704 0.0480345 0.046053 0.0433895 0.0396453 0.0345901 0.0283644 0.0215428
 0.00667271 0.0106709 0.0157507 0.0217778 0.0285296 0.0356268 0.0424868 0.0484353 0.052948 0.0558334 0.0572223 0.0574206 0.0567636 0.0555388 0.0539664 0.0522059 0.0503667 0.0484975 0.0465465 0.0443168 0.0414728 0.0376466 0.0326354 0.026593 0.0200751
 0.00685795 0.0109789 0.0162292 0.0224806 0.0295129 0.0369378 0.0441462 0.0504172 0.0551646 0.058129 0.0593852 0.0592192 0.0580014 0.0561078 0.0538665 0.0515194 0.0492046 0.0469544 0.04469 0.042207 0.0391915 0.0353134 0.0304015 0.0246135 0.0184699
 0.00716975 0.0114624 0.0169142 0.0233829 0.0306361 0.0382773 0.0456889 0.0521375 0.0570203 0.0600568 0.061293 0.0609796 0.0594556 0.0570888 0.0542397 0.0512196 0.0482489 0.045425 0.0427021 0.0398875 0.0366779 0.0327628 0.0279881 0.0225033 0.0167819
 0.00755815 0.012069 0.0177802 0.0245283 0.0320558 0.0399365 0.0475189 0.0540406 0.0588883 0.061796 0.0628399 0.0622944 0.0605 0.0578037 0.0545393 0.0510098 0.04746 0.0440426 0.0407798 0.0375423 0.0340753 0.0301002 0.0254726 0.0203184 0.0150498
 0.00796768 0.0127172 0.0187223 0.0258022 0.0336732 0.0418708 0.0496923 0.0563218 0.0611116 0.0637961 0.0644865 0.0635112 0.061263 0.0581222 0.0544275 0.0504645 0.0464569 0.0425558 0.038815 0.0351655 0.0314246 0.0273732 0.0228914 0.0180816 0.0132859
 0.0082929 0.0132338 0.0194776 0.0268331 0.0350009 0.0434919 0.0515667 0.0583653 0.0632005 0.0657848 0.0662294 0.0648847 0.0621818 0.0585467 0.0543589 0.0499263 0.0454747 0.0411469 0.0369994 0.0329929 0.0290005 0.0248645 0.0205015 0.0160016 0.011643
 0.00849448 0.0135737 0.0200114 0.0276196 0.0360892 0.0449011 0.0532664 0.0602705 0.065185 0.0677065 0.0679531 0.0662942 0.0631862 0.0590845 0.0544016 0.0494769 0.04456 0.0398065 0.0352818 0.0309641 0.0267617 0.0225622 0.0183133 0.0140974 0.0101387
 0.00864908 0.0138336 0.0204196 0.0282238 0.0369352 0.0460197 0.0546573 0.0618909 0.0669485 0.069493 0.0696259 0.0677204 0.0642545 0.0597175 0.0545589 0.049152 0.0437727 0.038597 0.0337075 0.0291028 0.0247194 0.0204766 0.0163426 0.0123892 0.0087924
 0.00889838 0.0142321 0.0210067 0.0290321 0.0379848 0.0473098 0.0561564 0.0635321 0.0686361 0.0711172 0.0710771 0.0688998 0.0650808 0.0601324 0.0545314 0.0486789 0.0428757 0.0373186 0.0321085 0.0272643 0.022747 0.0185 0.0145034 0.0108141 0.00756212
 0.00905759 0.0144905 0.021395 0.0295792 0.0387131 0.0482276 0.0572489 0.0647569 0.0699276 0.0723959 0.0722612 0.0699121 0.0658532 0.060609 0.054671 0.0484581 0.0422914 0.0363899 0.0308785 0.0258019 0.0211473 0.0168805 0.0129896 0.00951584 0.00654839
 0.00901555 0.0144231 0.0212971 0.0294512 0.038567 0.0480931 0.0571764 0.064811 0.0701702 0.0728652 0.0729546 0.0707825 0.0668171 0.0615616 0.0555037 0.0490741 0.0426178 0.0363867 0.0305431 0.0251715 0.0202961 0.0159114 0.0120173 0.00864433 0.00584821
 0.0091737 0.0146472 0.0215728 0.0297439 0.0388307 0.0482868 0.0572785 0.0648277 0.0701347 0.0728306 0.0729812 0.07092 0.0670872 0.0619471 0.0559492 0.0494978 0.042931 0.0365132 0.0304367 0.0248257 0.0197481 0.0152345 0.011305 0.0079867 0.00530994
 0.00919366 0.0146734 0.0216001 0.0297612 0.0388214 0.0482308 0.0571573 0.0646319 0.0698734 0.0725389 0.0727188 0.0707588 0.0670905 0.0621476 0.0563353 0.0500128 0.0434853 0.0370058 0.0307796 0.0249653 0.0196768 0.0149904 0.0109577 0.00761482 0.00497836
 0.00911557 0.014577 0.0215105 0.0297183 0.0388664 0.0483847 0.0574049 0.064921 0.0701322 0.0727021 0.0727516 0.0706689 0.0669251 0.0619771 0.0562283 0.0500114 0.0435891 0.0371725 0.0309419 0.0250565 0.0196552 0.0148526 0.0107358 0.00736029 0.00474103
 0.00916978 0.0146493 0.0215916 0.0297943 0.0389276 0.0484374 0.0574751 0.0650437 0.0703285 0.0729582 0.0730153 0.0708696 0.0670067 0.0619244 0.0560724 0.0498124 0.0434072 0.037042 0.0308605 0.0249938 0.0195736 0.0147287 0.0105712 0.00717737 0.0045693
 0.00921572 0.0146995 0.0216219 0.0297671 0.0388023 0.0481873 0.0571047 0.064596 0.0698788 0.0725946 0.0728122 0.0708621 0.0671778 0.062215 0.0564084 0.0501354 0.0436899 0.0372834 0.031067 0.0251646 0.0196978 0.0147947 0.0105778 0.0071384 0.00450748
 0.00932818 0.014872 0.0218607 0.0300662 0.0391395 0.0485219 0.0573782 0.0647438 0.0698517 0.0723827 0.0724559 0.0704419 0.0667851 0.0619182 0.0562337 0.0500678 0.0436924 0.0373186 0.0311097 0.025201 0.0197198 0.0147963 0.0105567 0.00709883 0.00445922
 0.00934969 0.0149067 0.0219126 0.030139 0.039236 0.0486418 0.0575153 0.0648819 0.0699639 0.0724353 0.07242 0.0703076 0.0665723 0.0616736 0.0560137 0.0499162 0.0436254 0.0373245 0.031161 0.0252684 0.0197809 0.0148382 0.0105754 0.00709681 0.00444383
 0.00928979 0.0148282 0.0218291 0.0300749 0.0392191 0.0486928 0.0576387 0.0650639 0.0701768 0.0726449 0.0725916 0.0704114 0.0665886 0.0616009 0.055872 0.049743 0.0434625 0.0372026 0.031091 0.0252423 0.0197811 0.0148467 0.0105803 0.00709378 0.00443417
 0.00915361 0.0146181 0.0215354 0.0296997 0.0387804 0.0482267 0.0571997 0.0647167 0.0699796 0.0726296 0.0727522 0.0707069 0.0669581 0.0619821 0.0562175 0.0500285 0.0436871 0.0373813 0.0312423 0.0253784 0.0199037 0.0149508 0.0106599 0.0071472 0.00446469
 0.00914045 0.0145837 0.0214598 0.0295572 0.0385467 0.0478913 0.0567765 0.0642483 0.06953 0.0722692 0.0725395 0.0706731 0.0670993 0.0622615 0.0565778 0.0504099 0.0440435 0.0376879 0.0314943 0.0255821 0.0200676 0.0150804 0.0107576 0.00721519 0.00450725
 0.00915211 0.0145939 0.0214582 0.0295268 0.0384654 0.0477368 0.0565325 0.0639117 0.0691179 0.0718217 0.0721168 0.0703429 0.0669186 0.0622594 0.0567466 0.0507093 0.0444155 0.0380748 0.0318528 0.0258885 0.0203144 0.0152698 0.0108959 0.00731014 0.00456754
 0.0091399 0.0145795 0.0214459 0.0295221 0.0384716 0.0477491 0.0565349 0.0638789 0.0690229 0.0716476 0.0718668 0.0700451 0.0666218 0.0620206 0.0566141 0.0507071 0.0445362 0.0382854 0.0321075 0.0261444 0.0205415 0.0154529 0.0110323 0.0074043 0.00462758
 0.00914923 0.0145767 0.0214096 0.0294238 0.038286 0.047469 0.056181 0.063497 0.0686669 0.0713587 0.0716613 0.0699174 0.0665585 0.0620142 0.0566692 0.0508354 0.0447451 0.0385674 0.0324376 0.0264867 0.0208598 0.0157211 0.0112383 0.0075491 0.00472075
 0.00926431 0.0147424 0.021618 0.0296508 0.0384939 0.0476137 0.0562218 0.0634067 0.0684421 0.0710254 0.0712703 0.0695283 0.0662206 0.0617556 0.0564983 0.050751 0.0447437 0.0386437 0.0325804 0.0266749 0.0210652 0.0159154 0.0114008 0.0076705 0.00480223
 0.00937033 0.01491 0.0218603 0.0299736 0.0388907 0.0480595 0.0566694 0.0637902 0.0686912 0.0710868 0.0711258 0.0692013 0.0657682 0.0612505 0.0560087 0.0503268 0.044413 0.038416 0.0324517 0.0266309 0.0210839 0.0159708 0.0114684 0.00773247 0.00484947
 0.00942099 0.0149884 0.0219711 0.0301196 0.0390734 0.0482791 0.0569228 0.0640664 0.0689668 0.0713246 0.0712808 0.0692337 0.0656584 0.0610089 0.0556742 0.0499548 0.0440586 0.0381211 0.0322381 0.0265017 0.0210273 0.0159664 0.0114935 0.00776755 0.0048817
 0.0092141 0.0146925 0.0216011 0.0297154 0.0386895 0.0479677 0.0567197 0.0639879 0.0690131 0.0714847 0.0715331 0.069544 0.065982 0.0612993 0.0558965 0.0500965 0.0441319 0.0381543 0.0322624 0.0265391 0.0210858 0.016041 0.0115724 0.00783862 0.00493718
 0.0092706 0.0147549 0.0216422 0.0296963 0.0385755 0.0477508 0.0564328 0.0636986 0.0687973 0.0713948 0.0715799 0.0697005 0.0662003 0.0615289 0.0560957 0.0502382 0.0442066 0.0381706 0.032242 0.0265081 0.0210645 0.0160386 0.0115873 0.00786281 0.00496215
 0.00942509 0.0149759 0.0219172 0.0299905 0.0388366 0.0479201 0.0564604 0.0635585 0.068501 0.0709956 0.0711618 0.0693508 0.0659787 0.0614492 0.0561302 0.0503368 0.0443194 0.0382632 0.0323013 0.0265381 0.0210784 0.0160492 0.0116012 0.00788053 0.00498035
 0.00928878 0.0147922 0.0217098 0.029802 0.0387125 0.0478856 0.0565032 0.0636297 0.0685368 0.0709475 0.0710196 0.0691483 0.0657798 0.0613211 0.0561165 0.0504427 0.0445154 0.0385018 0.0325374 0.0267424 0.0212399 0.0161701 0.0116894 0.00794356 0.00502402
 0.00920036 0.0146644 0.0215486 0.0296269 0.0385559 0.0477879 0.0565035 0.0637524 0.0687759 0.0712576 0.0713244 0.0693674 0.0658622 0.061267 0.055972 0.0502747 0.0443799 0.0384253 0.0325166 0.0267573 0.0212689 0.0161992 0.011713 0.00796137 0.00503711
 0.00910235 0.0145219 0.0213656 0.0294191 0.0383479 0.047608 0.0563797 0.06371 0.0688341 0.0714231 0.0715828 0.0696782 0.0661656 0.0615019 0.0560997 0.0502936 0.0443219 0.0383368 0.0324366 0.0267049 0.0212446 0.0161939 0.0117168 0.0079678 0.00504316
 0.00883032 0.0141096 0.020802 0.0287167 0.0375426 0.0467563 0.0555551 0.0629979 0.0683189 0.0711705 0.0716236 0.0700014 0.0667202 0.0622071 0.0568619 0.051027 0.0449677 0.0388715 0.0328654 0.0270466 0.0215172 0.0164085 0.0118793 0.00808334 0.00511919
 0.00889086 0.0141687 0.0208191 0.0286318 0.0372948 0.0463118 0.0549303 0.0622625 0.0675769 0.0705297 0.07117 0.0697859 0.0667551 0.0624693 0.0572987 0.0515667 0.0455351 0.0394039 0.0333241 0.0274182 0.021806 0.0166263 0.0120383 0.00819427 0.00519181
 0.00882706 0.0140766 0.0206998 0.0284878 0.0371214 0.0460885 0.0546206 0.0618289 0.067007 0.0698603 0.0704894 0.0692106 0.0663922 0.0623828 0.057495 0.0520002 0.0461264 0.0400627 0.0339697 0.0279929 0.0222797 0.0169919 0.0123041 0.00837615 0.00530817
 0.00867968 0.0138697 0.020449 0.0282285 0.0368986 0.0459393 0.054558 0.0618333 0.0670302 0.0698402 0.0703746 0.0689857 0.0660923 0.0620852 0.0572904 0.0519567 0.0462656 0.0403576 0.0343603 0.0284107 0.0226674 0.0173144 0.0125486 0.00854649 0.00541762
 0.00857567 0.0136997 0.0201937 0.0278746 0.0364482 0.0454204 0.0540296 0.0613754 0.0667176 0.0697108 0.0704122 0.0691292 0.0662664 0.0622373 0.0574118 0.0520794 0.0464377 0.0406128 0.0346993 0.0288016 0.023062 0.0176676 0.0128321 0.00875207 0.00555286
 0.00872982 0.0139059 0.0204214 0.0280665 0.0365345 0.0453431 0.0537657 0.0609477 0.0661903 0.0691724 0.069951 0.0688074 0.0661025 0.0622064 0.0574659 0.0521763 0.0465598 0.0407664 0.0348977 0.0290457 0.0233334 0.017935 0.0130652 0.00893252 0.0056775
 0.00887845 0.0141361 0.0207441 0.0284775 0.0370078 0.0458254 0.0541765 0.0611938 0.0661952 0.0689096 0.0694609 0.0681863 0.0654676 0.061656 0.0570535 0.0519081 0.046413 0.0407121 0.0349146 0.0291205 0.0234521 0.0180777 0.0132081 0.00905547 0.00576953
 0.0088805 0.0141495 0.0207829 0.0285613 0.0371564 0.0460498 0.0544692 0.0615218 0.0665013 0.0691233 0.0695189 0.0680562 0.065165 0.0612422 0.0566141 0.0515222 0.0461295 0.0405443 0.0348504 0.0291365 0.023523 0.0181794 0.0133183 0.00915565 0.00584828
 0.00890677 0.014198 0.0208667 0.028697 0.0373608 0.0463347 0.0548348 0.0619523 0.0669623 0.0695635 0.0698752 0.0682644 0.0651762 0.0610412 0.0562297 0.0510216 0.0455976 0.0400574 0.0344579 0.0288563 0.0233484 0.0180892 0.0132865 0.00915742 0.0058641
 0.00886377 0.0141401 0.0208025 0.028643 0.0373396 0.0463694 0.0549435 0.0621444 0.0672359 0.0699027 0.0702483 0.0686247 0.0654679 0.0612112 0.0562425 0.0508734 0.0453205 0.03971 0.0341061 0.0285532 0.0231224 0.017944 0.0132082 0.00912511 0.00585749
 0.00888096 0.0141611 0.0208217 0.0286528 0.0373341 0.0463507 0.0549255 0.0621504 0.0672916 0.0700256 0.07044 0.0688684 0.0657303 0.0614482 0.0564081 0.0509316 0.0452567 0.0395382 0.0338651 0.0282935 0.022889 0.0177644 0.0130891 0.0090575 0.00582555
 0.00856326 0.0136647 0.0201133 0.0277185 0.036186 0.0450349 0.05353 0.060805 0.0661494 0.069232 0.0700991 0.0690203 0.0663442 0.062431 0.0576256 0.052236 0.0465157 0.0406563 0.0347933 0.0290251 0.0234457 0.0181785 0.0133911 0.00927127 0.0059697
 0.00837997 0.0133689 0.0196723 0.0271034 0.0353779 0.0440341 0.0523678 0.0595502 0.0649049 0.0681219 0.06925 0.0685408 0.0663042 0.0628443 0.0584426 0.0533513 0.04779 0.0419472 0.0359837 0.0300409 0.0242577 0.0187927 0.0138332 0.00957412 0.00616587
 0.00825659 0.0131848 0.0194247 0.0267969 0.0350182 0.04362 0.0518874 0.0589867 0.0642503 0.0673922 0.0684956 0.0678451 0.0657701 0.0625704 0.0584961 0.0537459 0.0484783 0.0428314 0.0369421 0.0309594 0.0250543 0.0194266 0.0143006 0.00989506 0.0063713
 0.00801154 0.0128065 0.0188939 0.0261118 0.0341969 0.0427015 0.0509308 0.0580634 0.0634282 0.0667177 0.0679868 0.0675021 0.0655948 0.0625817 0.0587283 0.0542309 0.0492208 0.0437913 0.0380348 0.0320744 0.0260844 0.0202938 0.0149687 0.0103674 0.00667784
 0.00795701 0.0127083 0.0187283 0.0258514 0.0338168 0.0421902 0.0503007 0.0573537 0.0626979 0.0660313 0.0673985 0.0670464 0.0652867 0.0624257 0.0587314 0.0544091 0.0495927 0.0443605 0.0387721 0.0329132 0.0269343 0.0210662 0.0156011 0.0108352 0.00699115
 0.00789416 0.0126127 0.0185958 0.0256793 0.0336014 0.0419227 0.0499675 0.0569426 0.0622083 0.0654829 0.0668333 0.0665206 0.0648558 0.0621322 0.0585997 0.0544502 0.0498107 0.0447531 0.0393228 0.0335815 0.0276546 0.0217608 0.0162015 0.0113008 0.00731505
 0.00769248 0.0123391 0.0182837 0.0253924 0.0334131 0.0418855 0.0500869 0.0571715 0.0624632 0.065673 0.0668885 0.0664102 0.0645948 0.0617739 0.0582184 0.0541213 0.0495957 0.0446915 0.0394284 0.0338406 0.0280258 0.0221833 0.0166104 0.0116455 0.0075708
 0.00728743 0.0117342 0.0174762 0.0244221 0.0323613 0.0408641 0.0492236 0.056587 0.0622387 0.0658179 0.0673304 0.0670182 0.0652275 0.0623264 0.0586477 0.0544439 0.0498651 0.0449702 0.0397642 0.0342518 0.0284983 0.0226765 0.017073 0.0120335 0.00786092
#obs surv len freq
 0.00496104 0.00812614 0.0123606 0.0176784 0.0239546 0.030826 0.0376698 0.0437642 0.0485585 0.0518479 0.053746 0.0545333 0.0545274 0.0540261 0.0532926 0.0525435 0.0519263 0.0514769 0.0510569 0.0502965 0.048613 0.0453752 0.0402058 0.0332734 0.0253599
 0.00518185 0.00848732 0.0129081 0.018456 0.0249952 0.0321374 0.0392217 0.0454846 0.050345 0.0535884 0.0553357 0.0558818 0.0555566 0.0546676 0.0534875 0.0522488 0.0511239 0.0501837 0.0493319 0.0482434 0.0463764 0.0431284 0.038126 0.031508 0.0239948
 0.005406 0.00885396 0.0134643 0.0192474 0.0260581 0.0334856 0.040832 0.0472907 0.0522455 0.0554651 0.0570722 0.0573754 0.056723 0.0554386 0.0538076 0.0520723 0.0504177 0.0489388 0.047579 0.0460693 0.0439299 0.0406087 0.0357506 0.029466 0.0224023
 0.00564631 0.0092487 0.0140659 0.0201073 0.0272165 0.0349558 0.0425843 0.0492477 0.0542928 0.0574742 0.0589206 0.0589581 0.0579549 0.0562531 0.0541526 0.0519063 0.0497087 0.0476703 0.0457665 0.0437825 0.0413097 0.0378639 0.0331251 0.0271825 0.0206058
 0.0058927 0.00965257 0.01468 0.0209833 0.0283954 0.0364528 0.0443725 0.0512513 0.0563973 0.059547 0.0608325 0.0605969 0.0592306 0.0570978 0.0545167 0.0517524 0.0490085 0.046407 0.0439496 0.0414705 0.0386328 0.035028 0.0303827 0.0247739 0.0186952
 0.00612515 0.010033 0.0152574 0.0218055 0.0295005 0.0378557 0.0460501 0.053137 0.058389 0.0615255 0.0626794 0.0622053 0.06051 0.0579753 0.0549361 0.0516715 0.048396 0.0452446 0.0422425 0.039269 0.0360557 0.0322698 0.0276897 0.0223881 0.0167883
 0.00638181 0.010452 0.0158912 0.0227033 0.0306986 0.0393615 0.0478271 0.0551 0.0604179 0.0634895 0.064459 0.0637039 0.0616546 0.0587125 0.0552267 0.0514855 0.0477096 0.0440428 0.0405301 0.0370915 0.0335217 0.0295614 0.0250418 0.0200352 0.0149008
 0.00660599 0.0108237 0.016464 0.0235313 0.0318251 0.0408013 0.0495486 0.0570197 0.0624125 0.065421 0.0661994 0.0651493 0.0627307 0.0593718 0.0554423 0.0512428 0.0469994 0.0428603 0.0388845 0.0350252 0.031133 0.0270152 0.0225526 0.0178204 0.0131199
 0.00683781 0.0112014 0.0170341 0.0243382 0.032903 0.0421614 0.0511649 0.058822 0.0642939 0.0672556 0.0678619 0.0665308 0.0637477 0.0599703 0.0555956 0.0509442 0.0462538 0.0416789 0.0372891 0.0330624 0.0288949 0.0246499 0.0202518 0.0157778 0.0114786
 0.00707553 0.0115911 0.0176262 0.0251802 0.0340289 0.0435751 0.0528248 0.0606379 0.0661418 0.0690043 0.0693951 0.067758 0.0646051 0.060418 0.0556148 0.0505336 0.0454251 0.0404536 0.0356998 0.0311635 0.0267763 0.0224463 0.0181317 0.0139093 0.0099838
 0.0073019 0.0119639 0.0181957 0.0259955 0.0351266 0.0449629 0.054464 0.0624382 0.0679746 0.0707277 0.0708803 0.0689063 0.0653538 0.0607389 0.0555064 0.0500123 0.0445174 0.0391923 0.0341269 0.0293378 0.0247858 0.0204133 0.0162029 0.0122269 0.00864772
 0.00744643 0.0122063 0.0185747 0.0265524 0.0358982 0.0459684 0.0556916 0.063838 0.0694631 0.0722011 0.0722297 0.0700306 0.0661711 0.0611932 0.0555711 0.0496873 0.0438229 0.0381623 0.0328072 0.0277901 0.0230946 0.0186892 0.014573 0.0108106 0.00752689
 0.00753878 0.0123558 0.0187993 0.0268704 0.0363275 0.0465241 0.0563812 0.0646567 0.0703894 0.0731958 0.0732362 0.0709789 0.0669839 0.0617964 0.0559035 0.0497084 0.043517 0.0375383 0.0318972 0.0266489 0.0218008 0.0173431 0.0132866 0.00968666 0.00663509
 0.00760587 0.0124581 0.0189408 0.0270518 0.0365475 0.0467825 0.056681 0.0650044 0.0707938 0.0736643 0.0737695 0.0715634 0.0675866 0.0623641 0.0563696 0.0500047 0.0435867 0.0373477 0.0314424 0.0259589 0.0209362 0.0163902 0.0123441 0.008846 0.00595965
 0.00766745 0.0125503 0.0190649 0.0272032 0.0367174 0.0469599 0.0568559 0.0651704 0.0709517 0.0738245 0.0739508 0.0717864 0.0678639 0.0626897 0.0567134 0.0503152 0.0438007 0.0374062 0.0313059 0.0256198 0.0204237 0.0157663 0.0116896 0.00824062 0.00546203
 0.00773291 0.0126541 0.0192156 0.0274056 0.0369695 0.0472501 0.0571608 0.0654579 0.0711892 0.07399 0.0740413 0.0718193 0.0678693 0.0626989 0.0567462 0.0503699 0.0438519 0.0374111 0.0312191 0.0254107 0.0200901 0.0153387 0.0112227 0.007796 0.00508907
 0.0077858 0.0127331 0.0193217 0.0275356 0.0371177 0.0474106 0.0573284 0.0656267 0.0713505 0.074132 0.0741511 0.0718876 0.0678963 0.0626954 0.0567298 0.0503562 0.0438448 0.0373974 0.031172 0.0253011 0.0199019 0.0150789 0.0109214 0.00749562 0.00482834
 0.00780087 0.0127556 0.0193518 0.0275718 0.0371572 0.0474496 0.0573634 0.065656 0.0713758 0.0741584 0.0741851 0.0719334 0.0679531 0.0627582 0.0567929 0.0504159 0.0438988 0.0374404 0.0311921 0.0252818 0.0198292 0.014951 0.0107529 0.00731345 0.00466103
 0.00785907 0.0128427 0.0194686 0.0277137 0.0373149 0.0476106 0.057514 0.0657819 0.0714649 0.0742032 0.0741853 0.0718966 0.0678917 0.0626856 0.0567196 0.050348 0.043838 0.0373845 0.031135 0.0252143 0.0197424 0.0148406 0.0106243 0.00718029 0.00454004
 0.00788645 0.0128849 0.0195276 0.0277892 0.0374039 0.0477071 0.0576088 0.0658644 0.0715251 0.074235 0.0741885 0.0718757 0.0678543 0.0626401 0.0566734 0.0503063 0.0438029 0.0373548 0.0311064 0.0251801 0.0196959 0.0147784 0.0105484 0.00709874 0.00446354
 0.00787825 0.0128715 0.0195073 0.0277611 0.0373678 0.047665 0.0575652 0.0658255 0.0714973 0.0742229 0.0741933 0.0718959 0.0678869 0.0626815 0.0567205 0.0503564 0.0438534 0.0374026 0.0311473 0.0252092 0.0197083 0.0147716 0.0105242 0.00706288 0.00442431
 0.00789457 0.012891 0.0195239 0.0277649 0.0373483 0.0476157 0.0574871 0.0657283 0.0713963 0.0741345 0.0741306 0.0718663 0.0678911 0.0627154 0.0567765 0.050426 0.0439287 0.0374768 0.0312145 0.0252641 0.0197469 0.0147919 0.0105271 0.00705254 0.00440698
 0.00790209 0.0129016 0.0195364 0.0277763 0.0373533 0.0476069 0.0574563 0.0656693 0.0713086 0.0740259 0.0740172 0.071768 0.0678255 0.0626924 0.0567963 0.050481 0.0440071 0.0375657 0.0313025 0.0253425 0.0198095 0.0148356 0.010552 0.00706199 0.0044061
 0.00789535 0.0128908 0.0195204 0.0277542 0.0373245 0.0475711 0.0574137 0.0656201 0.0712528 0.0739637 0.0739504 0.0717017 0.0677688 0.0626562 0.0567901 0.050509 0.0440661 0.0376469 0.0313938 0.0254317 0.0198871 0.0148957 0.0105931 0.0070859 0.0044171
 0.00787397 0.0128548 0.0194642 0.0276724 0.037214 0.0474337 0.0572583 0.0654621 0.0711105 0.073853 0.0738806 0.0716746 0.0677805 0.0627009 0.0568629 0.050606 0.0441836 0.0377789 0.0315317 0.0255649 0.0200054 0.0149918 0.0106639 0.00713281 0.00444467
 0.00786392 0.0128355 0.0194299 0.0276157 0.0371279 0.0473144 0.0571079 0.0652904 0.0709336 0.0736907 0.0737519 0.0715939 0.0677549 0.0627294 0.0569377 0.0507163 0.0443182 0.0379276 0.0316847 0.0257125 0.0201383 0.0151026 0.0107486 0.00719174 0.00448162
 0.0078463 0.0128045 0.0193789 0.0275371 0.037015 0.047164 0.0569233 0.0650824 0.0707195 0.0734911 0.0735875 0.0714822 0.0677078 0.0627511 0.0570241 0.0508562 0.0444958 0.0381256 0.031887 0.0259051 0.0203099 0.0152454 0.0108587 0.00726972 0.00453194
 0.00783953 0.0127936 0.0193624 0.0275132 0.0369807 0.0471153 0.0568556 0.0649915 0.0706046 0.0733565 0.0734437 0.0713451 0.0675952 0.0626792 0.0570038 0.0508907 0.0445803 0.0382486 0.0320331 0.026058 0.020455 0.0153715 0.0109592 0.00734302 0.00458056
 0.00779807 0.012728 0.0192672 0.0273853 0.0368206 0.0469288 0.0566543 0.0647926 0.0704261 0.0732128 0.0733427 0.0712886 0.0675822 0.0627084 0.0570748 0.0510027 0.0447298 0.0384279 0.03223 0.0262574 0.0206416 0.0155327 0.0110877 0.00743686 0.00464312
 0.00776589 0.0126721 0.0191768 0.0272488 0.0366296 0.0466828 0.0563659 0.0644873 0.0701374 0.0729738 0.0731778 0.0712095 0.067588 0.0627892 0.0572161 0.0511896 0.044949 0.0386675 0.0324775 0.0264994 0.0208644 0.0157243 0.0112403 0.00754882 0.00471818
 0.00773314 0.0126176 0.0190922 0.0271253 0.0364594 0.0464619 0.0560976 0.0641846 0.0698234 0.0726785 0.0729337 0.0710449 0.0675213 0.0628248 0.057345 0.051393 0.0452039 0.0389508 0.0327688 0.0267809 0.0211206 0.0159432 0.0114145 0.00767674 0.00480428
 0.00770808 0.0125749 0.0190243 0.027024 0.0363174 0.0462759 0.0558704 0.0639266 0.0695511 0.0724122 0.0726953 0.0708562 0.0674022 0.0627906 0.057402 0.0515369 0.0454195 0.0392157 0.0330577 0.0270693 0.0213878 0.0161736 0.0115989 0.00781297 0.00489651
 0.00768036 0.0125299 0.0189568 0.0269288 0.0361905 0.0461155 0.0556788 0.063711 0.0693233 0.0721872 0.0724893 0.0706854 0.0672816 0.0627329 0.0574167 0.0516273 0.0455815 0.0394363 0.0333165 0.0273418 0.0216498 0.0164052 0.0117873 0.00795373 0.00499259
 0.00768124 0.0125325 0.0189624 0.0269387 0.0362045 0.0461302 0.0556866 0.0637009 0.069284 0.0721105 0.0723742 0.0705393 0.0671195 0.0625751 0.0572851 0.0515414 0.0455547 0.0394728 0.0334099 0.0274769 0.0218055 0.0165599 0.0119236 0.00806139 0.00506909
 0.00763184 0.0124599 0.0188677 0.0268284 0.0360888 0.0460208 0.0555939 0.063632 0.069241 0.07209 0.0723674 0.0705356 0.0671104 0.0625582 0.0572655 0.0515308 0.0455666 0.0395185 0.0334937 0.027594 0.0219432 0.0167009 0.0120516 0.00816501 0.00514421
 0.00762704 0.0124462 0.0188366 0.0267696 0.0359944 0.045891 0.0554409 0.0634784 0.0691127 0.0720062 0.0723343 0.0705457 0.0671482 0.0626065 0.0573123 0.051572 0.0456065 0.0395661 0.0335578 0.0276784 0.0220445 0.0168093 0.0121544 0.00825174 0.00520926
 0.0076024 0.0124104 0.0187903 0.0267148 0.0359327 0.0458212 0.0553585 0.0633792 0.0689974 0.0718853 0.0722264 0.070471 0.0671196 0.0626249 0.0573672 0.0516482 0.0456912 0.0396528 0.0336463 0.0277709 0.0221413 0.0169066 0.0122452 0.00832862 0.00526771
 0.00758378 0.0123787 0.0187403 0.0266417 0.0358344 0.0457005 0.0552247 0.0632459 0.0688782 0.0717886 0.072155 0.0704252 0.0671011 0.0626376 0.0574135 0.0517259 0.0457922 0.0397665 0.0337636 0.0278861 0.0222509 0.0170077 0.0123341 0.00840152 0.00532242
 0.00756653 0.0123519 0.0187022 0.0265911 0.0357704 0.0456223 0.0551325 0.0631423 0.0687691 0.0716836 0.0720648 0.0703593 0.0670649 0.0626326 0.0574391 0.0517798 0.0458709 0.0398643 0.0338725 0.0279979 0.0223584 0.0171054 0.0124178 0.00846855 0.00537198
 0.00756153 0.0123433 0.0186884 0.0265704 0.0357414 0.0455843 0.0550862 0.063089 0.0687106 0.0716217 0.0720018 0.0702987 0.0670124 0.0625945 0.0574212 0.0517857 0.0459011 0.0399165 0.0339421 0.0280779 0.0224415 0.0171844 0.0124871 0.00852461 0.00541354
 0.00754952 0.0123241 0.0186601 0.0265316 0.0356913 0.0455237 0.0550174 0.0630164 0.0686399 0.0715583 0.07195 0.0702607 0.0669888 0.0625857 0.0574276 0.0518085 0.0459413 0.0399736 0.0340134 0.0281585 0.0225249 0.0172637 0.0125564 0.00858021 0.00545429
 0.00751603 0.0122741 0.018593 0.0264497 0.0355992 0.0454269 0.0549216 0.0629272 0.0685627 0.0714978 0.0719097 0.0702426 0.0669928 0.0626101 0.0574697 0.0518654 0.0460106 0.0400532 0.0341008 0.0282502 0.0226158 0.0173481 0.0126291 0.0086378 0.00549602
 0.00753234 0.0122954 0.0186156 0.0264674 0.0356051 0.0454167 0.0548958 0.0628906 0.0685215 0.071457 0.0718712 0.0702063 0.0669584 0.0625788 0.0574442 0.0518489 0.0460058 0.0400617 0.0341226 0.0282836 0.0226573 0.0173929 0.012672 0.00867456 0.00552421
 0.00751865 0.0122788 0.0186008 0.0264611 0.0356133 0.0454407 0.0549293 0.0629216 0.0685379 0.0714519 0.071846 0.0701681 0.0669162 0.0625391 0.0574109 0.0518239 0.0459905 0.0400573 0.0341297 0.0283016 0.022684 0.0174245 0.0127041 0.0087032 0.00554686
 0.00749155 0.0122353 0.0185369 0.0263749 0.035507 0.0453223 0.0548136 0.0628267 0.0684789 0.0714348 0.0718655 0.0702117 0.0669708 0.0625963 0.0574673 0.0518796 0.0460463 0.0401137 0.0341868 0.0283588 0.0227398 0.0174766 0.01275 0.00874049 0.00557458
 0.00749519 0.0122363 0.0185291 0.0263498 0.0354558 0.0452396 0.0547014 0.0626958 0.0683471 0.0713226 0.0717901 0.0701822 0.0669859 0.0626461 0.0575385 0.0519599 0.0461277 0.0401923 0.0342612 0.0284283 0.0228036 0.0175332 0.0127978 0.00877826 0.00560211
 0.00749519 0.0122363 0.0185291 0.0263498 0.0354558 0.0452396 0.0547014 0.0626958 0.0683471 0.0713226 0.0717901 0.0701822 0.0669859 0.0626461 0.0575385 0.0519599 0.0461277 0.0401923 0.0342612 0.0284283 0.0228036 0.0175332 0.0127978 0.00877826 0.00560211
 0.00718539 0.0117453 0.0178158 0.0253893 0.0342504 0.0438327 0.0531882 0.0612204 0.0670773 0.0704104 0.0713363 0.070219 0.0674791 0.0635102 0.0586587 0.0532148 0.0474082 0.0414134 0.0353647 0.02938 0.023588 0.0181493 0.0132558 0.00909791 0.00580957
 0.00715254 0.0116596 0.0176273 0.0250322 0.0336595 0.0429705 0.0520702 0.0599237 0.0657287 0.0691595 0.070328 0.0695691 0.0672573 0.0637299 0.059276 0.0541399 0.0485249 0.0426019 0.0365208 0.0304261 0.024476 0.0188583 0.0137872 0.00946988 0.00605101
 0.00713604 0.0116394 0.0176063 0.0250098 0.0336221 0.0428815 0.0518686 0.0595397 0.0651144 0.0683219 0.0693437 0.0685722 0.0664037 0.0631561 0.059067 0.0543133 0.0490342 0.0433533 0.0373986 0.0313182 0.0252932 0.0195437 0.014317 0.00984748 0.00629862
 0.00703823 0.0114845 0.0173819 0.0247095 0.0332496 0.0424528 0.051411 0.0590826 0.0646743 0.0678924 0.0689022 0.0681043 0.0659307 0.0627443 0.058811 0.0543011 0.0493121 0.0439073 0.0381586 0.03218 0.0261478 0.020303 0.0149281 0.0102952 0.00659743
 0.0070145 0.011446 0.0173239 0.0246271 0.0331375 0.0423067 0.0512294 0.0588685 0.0644352 0.0676368 0.068634 0.067819 0.0656208 0.0624139 0.0584909 0.0540522 0.0492079 0.0440041 0.0384684 0.0326621 0.026723 0.020881 0.0154351 0.0106898 0.00687208
 0.00702593 0.011467 0.0173596 0.0246827 0.0332155 0.0424036 0.0513323 0.0589561 0.0644822 0.0676207 0.0685411 0.0676463 0.0653738 0.0621051 0.0581418 0.0536982 0.0489006 0.0438026 0.0384195 0.0327795 0.0269783 0.0212138 0.0157762 0.0109846 0.00709291
 0.0070567 0.0115254 0.0174627 0.0248503 0.0334646 0.0427385 0.0517368 0.0593911 0.0648927 0.0679482 0.0687362 0.0676777 0.0652329 0.061805 0.0577143 0.0531897 0.0483682 0.0433096 0.0380259 0.0325275 0.0268787 0.0212426 0.0158855 0.0111216 0.0072177
 0.00708138 0.0115693 0.0175359 0.024966 0.0336372 0.0429805 0.0520535 0.0597754 0.0653211 0.0683807 0.0691198 0.0679563 0.0653592 0.0617523 0.0574826 0.0528056 0.0478811 0.0427831 0.0375278 0.0321165 0.0265914 0.021085 0.0158349 0.0111392 0.00726418
#pred catch len freq
 0.00520657 0.00821147 0.0119211 0.0162135 0.0209969 0.0261905 0.031646 0.0371121 0.042285 0.0468892 0.0507255 0.0536839 0.055746 0.0569747 0.0574873 0.05742 0.056903 0.0560348 0.0548345 0.0531673 0.0506953 0.0469468 0.0415538 0.0345622 0.0265924
 0.00553054 0.00865985 0.012456 0.0167642 0.0214966 0.0266261 0.0320848 0.0376776 0.0430872 0.0479496 0.0519452 0.0548756 0.0567088 0.0575692 0.0576739 0.0572502 0.0564733 0.0554286 0.05408 0.0522347 0.0495375 0.0455614 0.0400239 0.0330452 0.0252601
 0.00593753 0.00928966 0.0133402 0.0178998 0.0228361 0.0280731 0.033503 0.0389259 0.0440751 0.0486799 0.0525044 0.0553661 0.0571692 0.0579409 0.0578358 0.0570912 0.0559469 0.0545578 0.0529225 0.050844 0.0479546 0.0438394 0.0382589 0.0313764 0.0238315
 0.00620732 0.00972927 0.0140046 0.0188424 0.0241 0.0296723 0.0353978 0.0410037 0.0461534 0.0505419 0.0539599 0.0563119 0.0576117 0.0579629 0.0575287 0.0564998 0.0550637 0.0533583 0.0514038 0.0490428 0.0459449 0.0417282 0.0361828 0.029487 0.022261
 0.00646088 0.0101323 0.0145965 0.0196607 0.0251817 0.0310521 0.0370975 0.0430116 0.0484015 0.0528902 0.0562009 0.0582052 0.0589443 0.0586091 0.057476 0.0558245 0.0538755 0.0517521 0.0494484 0.0468016 0.0435064 0.0392228 0.0337759 0.0273487 0.0205235
 0.00682053 0.0106809 0.0153568 0.0206348 0.0263591 0.0324213 0.0386509 0.0447414 0.0502884 0.054889 0.0582255 0.060119 0.0605668 0.0597459 0.0579665 0.0555858 0.0529178 0.0501601 0.0473455 0.0443254 0.0408072 0.0364727 0.031166 0.0250616 0.0186908
 0.00726936 0.0113685 0.0163133 0.0218611 0.0278302 0.0340928 0.0404627 0.0466208 0.052158 0.0566789 0.0598796 0.0615883 0.0617916 0.0606401 0.0584173 0.055476 0.0521623 0.0487387 0.0453162 0.0418171 0.038003 0.0335908 0.028435 0.0226846 0.0168035
 0.00770948 0.0120513 0.0172806 0.0231312 0.029398 0.0359286 0.0425071 0.0487798 0.0543084 0.0586857 0.0616204 0.062973 0.0627689 0.0611878 0.0585207 0.0551076 0.0512793 0.0473034 0.0433305 0.0393531 0.0352134 0.030694 0.0256768 0.0202849 0.0149059
 0.00810105 0.0126582 0.01814 0.0242613 0.0308 0.0375889 0.0443921 0.0508274 0.0564223 0.0607402 0.0634741 0.0644905 0.0638433 0.0617566 0.0585653 0.054638 0.0503119 0.0458503 0.0414107 0.0370208 0.0325861 0.0279586 0.0230608 0.018002 0.0130995
 0.00839104 0.0131215 0.0188223 0.025201 0.0320229 0.0390989 0.0461607 0.0527864 0.0584687 0.0627491 0.0653138 0.0660342 0.0649804 0.0624039 0.0586763 0.0542044 0.0493557 0.0444112 0.0395407 0.0347933 0.0301149 0.0254083 0.0206311 0.0158845 0.0114248
 0.00866982 0.0135605 0.0194578 0.026061 0.0331263 0.0404533 0.0477537 0.0545752 0.0603735 0.0646565 0.0670891 0.0675409 0.0660997 0.0630494 0.0588002 0.0537953 0.0484327 0.0430172 0.0377392 0.0326716 0.0277923 0.0230403 0.018396 0.0139486 0.00989993
 0.00895923 0.0140121 0.0201032 0.0269194 0.0342048 0.0417465 0.0492391 0.0562074 0.0620818 0.0663483 0.0686576 0.0688744 0.0670943 0.0636213 0.0588961 0.0533965 0.0475527 0.0416974 0.0360448 0.0306928 0.025648 0.020877 0.0163739 0.0122113 0.00854007
 0.00904781 0.0141612 0.020338 0.0272694 0.0347015 0.0424173 0.0500994 0.0572521 0.0632807 0.0676452 0.0699732 0.0701136 0.0681564 0.064412 0.0593377 0.0534364 0.0471686 0.0408992 0.0348754 0.0292281 0.023996 0.019172 0.0147599 0.0108153 0.00744349
 0.00903067 0.0141326 0.0202951 0.0272131 0.0346419 0.0423796 0.0501266 0.0574003 0.0636052 0.0681816 0.0707215 0.0710318 0.0691645 0.0654046 0.0602006 0.0540639 0.047479 0.0408459 0.0344541 0.0284794 0.0230031 0.0180507 0.0136399 0.009814 0.00664037
 0.00910502 0.014232 0.020405 0.027307 0.0346889 0.0423579 0.0500354 0.0572663 0.0634795 0.0681295 0.0708069 0.0712991 0.0696218 0.0660154 0.0608871 0.054722 0.0479994 0.0411371 0.0344605 0.028193 0.0224665 0.0173488 0.0128808 0.00910243 0.00605256
 0.00915617 0.0143045 0.0204935 0.0273971 0.034758 0.0423783 0.0499808 0.0571199 0.063245 0.0678399 0.0705246 0.0711035 0.0695864 0.0661828 0.0612524 0.055229 0.0485534 0.0416278 0.0347903 0.0283017 0.0223452 0.01704 0.0124625 0.00866297 0.00566443
 0.00911467 0.0142602 0.0204688 0.0274249 0.0348702 0.0425882 0.050269 0.0574336 0.0635132 0.0679979 0.0705379 0.0709806 0.0693784 0.065967 0.0611055 0.0551993 0.048642 0.0417888 0.034949 0.0283832 0.0223025 0.0168692 0.0121998 0.00836636 0.00538986
 0.00909309 0.0142211 0.0204045 0.027331 0.0347523 0.04247 0.0501924 0.0574465 0.0636461 0.068241 0.070837 0.0712575 0.0695656 0.0660375 0.0610806 0.0551326 0.0485894 0.0417804 0.0349772 0.0284116 0.0222886 0.0167879 0.0120555 0.00818749 0.00521314
 0.00915216 0.0142928 0.0204673 0.0273489 0.0346846 0.0422864 0.04989 0.0570583 0.0632382 0.0678969 0.0706317 0.0712306 0.0697057 0.0662893 0.0613728 0.0554094 0.0488272 0.0419816 0.0351507 0.0285562 0.022391 0.0168337 0.0120421 0.00812883 0.00513363
 0.00923246 0.0144151 0.0206345 0.0275543 0.0349088 0.0424957 0.050038 0.0570958 0.0631303 0.0676431 0.0702748 0.0708472 0.0693797 0.0660807 0.0612988 0.0554461 0.0489296 0.0421068 0.0352703 0.0286553 0.0224614 0.0168696 0.0120424 0.00810017 0.00508899
 0.00926692 0.0144685 0.02071 0.0276535 0.0350314 0.0426386 0.0501929 0.0572452 0.0632459 0.0676897 0.0702224 0.0706865 0.0691336 0.0658012 0.0610483 0.0552733 0.0488521 0.0421114 0.035326 0.0287292 0.0225284 0.0169154 0.0120621 0.00809678 0.00507074
 0.00917748 0.0143452 0.0205655 0.0275137 0.0349287 0.0426008 0.0502336 0.0573606 0.0634173 0.0678877 0.0704115 0.0708303 0.0692035 0.0657869 0.0609643 0.055155 0.0487417 0.0420404 0.0353046 0.0287477 0.0225666 0.0169537 0.0120881 0.00810702 0.00506827
 0.00904113 0.0141378 0.020281 0.0271589 0.0345247 0.0421832 0.0498504 0.0570659 0.0632584 0.0678899 0.0705686 0.0711065 0.0695442 0.0661352 0.0612754 0.0554061 0.0489335 0.04219 0.0354326 0.0288671 0.0226787 0.0170516 0.0121642 0.00815805 0.0050969
 0.00899845 0.0140619 0.0201548 0.0269629 0.0342424 0.0418096 0.0494009 0.0565805 0.0627974 0.0675222 0.070354 0.0710795 0.0697036 0.0664439 0.0616731 0.0558282 0.0493294 0.0425318 0.0357145 0.0290957 0.0228632 0.0171977 0.0122745 0.00823491 0.00514502
