SBPRF35
12.7214
Curr Bio
886380
B35
883022
F35
0.172324
FOFL
0.172324
OFL
124949
Bzero
3.63469e+006
#pred survey bio
 3.67224e+006 3.51959e+006 3.39067e+006 3.20442e+006 2.99873e+006 2.76357e+006 2.52044e+006 2.26505e+006 2.01961e+006 1.78003e+006 1.57737e+006 1.40006e+006 1.24159e+006 1.08184e+006 944120 828625 765223 695705 633907 606437 588445 564586 546351 531185 530736 527311 525630 522136 524641 529186 543240 558790 561509 569675 580245 584337 593531 606074 609611 625510 639832 646894 645789 645781 652391 661921 661911 659710 674473 672670 668770 706850 731592 752738 782233 820565 862503 883643 891535 2.05517e+007 1.88107e+007 1.91331e+007 1.99332e+007 2.10351e+007 2.22415e+007 2.34093e+007 2.44552e+007 2.53441e+007 2.60728e+007 2.66552e+007 2.71125e+007 2.74673e+007 2.77407e+007 2.79504e+007 2.81111e+007 2.82342e+007 2.83287e+007 2.84015e+007 2.84578e+007 2.85015e+007 2.85355e+007 2.85622e+007 2.85832e+007 2.85998e+007 2.8613e+007 2.86234e+007 2.86317e+007 2.86384e+007 2.86438e+007 2.86481e+007 2.86516e+007 2.86544e+007 2.86567e+007 2.86585e+007 2.866e+007 2.86613e+007 2.86623e+007 2.86631e+007 2.86637e+007 2.86643e+007 2.86647e+007 2.86651e+007 2.86654e+007 2.86656e+007 2.86658e+007 2.8666e+007 2.86661e+007 2.86662e+007 2.86663e+007 2.86664e+007 2.86664e+007 2.86665e+007 2.86665e+007 2.86666e+007 2.86666e+007 2.86666e+007 2.86666e+007 2.86666e+007 2.86666e+007 2.86667e+007 2.86667e+007 2.86667e+007 2.86667e+007 2.86667e+007 2.86667e+007 2.86667e+007 2.86667e+007 2.86667e+007 2.86667e+007 2.86667e+007 2.86667e+007 2.86667e+007 2.86667e+007 2.86667e+007 2.86667e+007 2.86667e+007 2.86667e+007 2.86667e+007 2.86667e+007 2.86667e+007 2.86667e+007 2.86667e+007 2.86667e+007 2.86667e+007 2.86667e+007 2.86667e+007 2.86667e+007 2.86667e+007 2.86667e+007 2.86667e+007 2.86667e+007 2.86667e+007 2.86667e+007 2.86667e+007 2.86667e+007 2.86667e+007 2.86667e+007 2.86667e+007 2.86667e+007 0 0 0 0 0 0 0 0 0 0 0 0 0 0 0 0 0 0 0 0 0 0 0 0 0
#obs survey bio
 4.28672e+006 4.81636e+006 3.67717e+006 3.14179e+006 2.99222e+006 3.06342e+006 2.99871e+006 1.88139e+006 2.52246e+006 1.40824e+006 1.00649e+006 1.49978e+006 782440 1.37502e+006 717418 692994 866699 465929 391040 536098 499368 564928 699659 431154 556624 638818 433051 442195 598032 408234 523567 740819 478894 533204 670430 462244 550858 586370 495522 663018 708170 649423 872526 567248 466238 771975 602892 772335 689821 722632 575509 640525 598222 808276 711497 922952 893852 1.03127e+006 866477
#pred catch bio
 108163 98799.4 166449 200649 245720 271856 301706 309697 318432 296371 282496 271966 275692 255595 234012 187321 190156 178680 145367 134455 135691 126777 120710 106389 108068 105753 106466 101093 99856.7 93086.8 93279.7 104147 98719.4 96218.7 101193 96700.6 94426.5 102479 92589.9 95004.9 101612 108239 107027 102314 101519 110494 112332 98478.7 112867 113904 79431.8 93294.8 97845.7 92608.9 87488.8 86835.8 106134 117887 123016 124949 124937 125966 130132 136734 144132 151255 157536 162758 166920 170136 172561 174358 175670 176617 177295 177777 178117 178356 178523 178640 178722 178779 178818 178845 178864 178877 178886 178892 178897 178900 178902 178903 178904 178905 178905 178905 178906 178906 178906 178906 178906 178906 178906 178906 178906 178906 178906 178906 178906 178906 178906 178906 178906 178906 178906 178906 178906 178906 178906 178906 178906 178906 178906 178906 178906 178906 178906 178906 178906 178906 178906 178906 178906 178906 178906 178906 178906 178906 178906 178906 178906 178906 178906 178906 178906 178906 178906 178906 178906 178906 178906 178906 178906 178906 178906 178906 178906 178906 178906 0 0 0 0 0 0 0 0 0 0 0 0 0 0 0 0 0 0 0 0 0 0 0 0 0
#obs catch bio
 0 98277.4 166533 200282 245553 271548 301199 311046 319348 297348 283675 272950 279586 257311 237024 189302 192306 181931 147903 136328 137418 127762 121134 106818 108165 106010 106833 101251 100164 93674 93710.4 104511 98979.7 96086.5 100758 96498.2 94214.6 102461 92595.7 94806.5 101238 107744 106293 101880 101607 110639 112445 98362.6 112865 113741 78955 93036.6 97974.6 92690.8 87754.8 86851.1 106439 117851 123051
#pred cpue bio
 3.63074e+006 3.47926e+006 3.35028e+006 3.1639e+006 2.95848e+006 2.72362e+006 2.48087e+006 2.22603e+006 1.98141e+006 1.74302e+006 1.54133e+006 1.36489e+006 1.20735e+006 1.0491e+006 912935 798779 736103 667940 607584 581010 563904 541086 523706 509177 508883 505614 504074 500755 503199 507570 521276 536662 539641 547947 558587 562738 571759 584084 587563 603174 617321 624347 623315 623201 629363 638522 638576 636424 650947 649342 645540 682946 707374 728102 756968 794697 836080 856944 864560 1.99279e+007 1.82378e+007 1.84555e+007 1.91511e+007 2.02231e+007 2.14237e+007 2.25906e+007 2.36363e+007 2.45253e+007 2.52539e+007 2.58363e+007 2.62936e+007 2.66485e+007 2.69218e+007 2.71316e+007 2.72922e+007 2.74153e+007 2.75098e+007 2.75826e+007 2.76389e+007 2.76826e+007 2.77167e+007 2.77433e+007 2.77643e+007 2.77809e+007 2.77941e+007 2.78045e+007 2.78129e+007 2.78195e+007 2.78249e+007 2.78292e+007 2.78327e+007 2.78355e+007 2.78378e+007 2.78397e+007 2.78412e+007 2.78424e+007 2.78434e+007 2.78442e+007 2.78449e+007 2.78454e+007 2.78458e+007 2.78462e+007 2.78465e+007 2.78467e+007 2.78469e+007 2.78471e+007 2.78472e+007 2.78473e+007 2.78474e+007 2.78475e+007 2.78476e+007 2.78476e+007 2.78476e+007 2.78477e+007 2.78477e+007 2.78477e+007 2.78477e+007 2.78478e+007 2.78478e+007 2.78478e+007 2.78478e+007 2.78478e+007 2.78478e+007 2.78478e+007 2.78478e+007 2.78478e+007 2.78478e+007 2.78478e+007 2.78478e+007 2.78478e+007 2.78478e+007 2.78478e+007 2.78478e+007 2.78478e+007 2.78478e+007 2.78478e+007 2.78478e+007 2.78478e+007 2.78478e+007 2.78478e+007 2.78478e+007 2.78478e+007 2.78478e+007 2.78478e+007 2.78478e+007 2.78478e+007 2.78478e+007 2.78478e+007 2.78478e+007 2.78478e+007 2.78478e+007 2.78478e+007 2.78478e+007 2.78478e+007 2.78478e+007 2.78478e+007 2.78478e+007 2.78478e+007 2.78478e+007 0 0 0 0 0 0 0 0 0 0 0 0 0 0 0 0 0 0 0 0 0 0 0 0 0
#obs cpue bio
 4.02816e+006 3.17361e+006 3.96543e+006 2.71811e+006 2.64441e+006 2.29222e+006 2.36056e+006 1.3323e+006 1.9395e+006 1.90541e+006 2.18216e+006 1.24143e+006 1.01044e+006 1.07268e+006 804302 718337 634062 598719 622978 615497 645046 578774 496522 498858 619958 356482 571609 605988 401447 439417 547612 499783 577383 762740 692390 594276 612194 618475 590280 736735 681352 730367 593515 602301 562372 583431 748513 501015 744636 802665 726125 881161 573489 646583 586132 825486 773908 993554 824660
#pred surv len freq
 0.00422579 0.00692313 0.0105382 0.0150977 0.0205247 0.0265564 0.0327188 0.0384469 0.0432937 0.0470684 0.049816 0.0516998 0.0529012 0.0535766 0.0538575 0.0538681 0.053748 0.0536455 0.0536423 0.0536034 0.0530394 0.0511439 0.0471151 0.0406526 0.0322968
 0.00452544 0.00733366 0.0110171 0.0155647 0.0208931 0.026777 0.0328082 0.0384752 0.0433389 0.0471676 0.0499492 0.0518174 0.0529713 0.0536199 0.0539434 0.0540753 0.0541082 0.0541018 0.0540446 0.0537538 0.0527736 0.0504121 0.0460162 0.0393967 0.0311156
 0.00460409 0.00751262 0.0113748 0.0161896 0.0218429 0.0280259 0.0342174 0.0398224 0.0444026 0.0478192 0.0501902 0.0517434 0.0527017 0.0532486 0.0535339 0.0536785 0.053766 0.0538228 0.0537739 0.0533728 0.0521486 0.0494707 0.0448029 0.0380668 0.0298677
 0.00476809 0.0077625 0.0117247 0.0166543 0.0224502 0.0288245 0.0352656 0.0411489 0.045956 0.0494422 0.0516504 0.0528159 0.0532551 0.053281 0.0531461 0.0530131 0.0529536 0.0529487 0.0528627 0.0523899 0.0510285 0.0481716 0.0433584 0.0365962 0.0285316
 0.00496367 0.00808122 0.0122044 0.0173277 0.0233355 0.0299156 0.0365273 0.0425262 0.0473929 0.0508912 0.0530583 0.0540948 0.0542724 0.053891 0.0532486 0.052598 0.0520984 0.051775 0.0514815 0.0508683 0.0493939 0.0464473 0.0416051 0.0349253 0.0270762
 0.0051864 0.00844436 0.0127532 0.0181057 0.0243769 0.0312321 0.0380931 0.0442708 0.0492096 0.0526599 0.0546706 0.0554673 0.0553405 0.0545915 0.0535104 0.0523563 0.0513258 0.0505037 0.049798 0.0488853 0.0472268 0.0442109 0.0394254 0.032941 0.0254144
 0.00543642 0.00884885 0.0133588 0.0189556 0.0255044 0.0326498 0.0397794 0.0461628 0.0512075 0.0546418 0.0565096 0.0570471 0.0565662 0.0553932 0.0538376 0.0521691 0.0505945 0.0492219 0.0480016 0.0466639 0.04472 0.041595 0.0368939 0.0306787 0.0235625
 0.00565872 0.00922356 0.0139474 0.0198236 0.0267079 0.0342135 0.0416763 0.0483068 0.0534677 0.0568692 0.0585617 0.0588013 0.0579239 0.0562798 0.0542004 0.0519727 0.0498171 0.0478577 0.0460742 0.0442465 0.0419508 0.038675 0.0340609 0.0281601 0.0215232
 0.00588482 0.00959225 0.0145057 0.0206196 0.027786 0.0356044 0.0433817 0.050287 0.0556373 0.0591033 0.0607122 0.0607166 0.0594698 0.0573524 0.0547291 0.0519142 0.0491478 0.0465718 0.0441926 0.0418368 0.0391478 0.0356861 0.031141 0.0255587 0.0194212
 0.00619677 0.0100887 0.0152332 0.0216152 0.0290719 0.0371799 0.0452137 0.0523067 0.0577484 0.0611973 0.0626801 0.0624541 0.060877 0.0583371 0.0552124 0.051836 0.0484691 0.0452767 0.0422964 0.0394027 0.0363078 0.0326479 0.0281659 0.0229055 0.0172794
 0.00649191 0.0105668 0.015949 0.0226173 0.0303922 0.0388179 0.0471219 0.0543872 0.0598703 0.0632256 0.0645003 0.0639818 0.0620531 0.059116 0.0555514 0.0516911 0.0477976 0.044047 0.0405048 0.0370957 0.033603 0.0297413 0.0253093 0.0203519 0.0152157
 0.00676497 0.0110116 0.0166204 0.0235669 0.0316592 0.0404131 0.04901 0.0564795 0.0620339 0.0653076 0.0663553 0.065493 0.0631434 0.0597472 0.0557125 0.051381 0.0470116 0.0427756 0.0387474 0.0348871 0.0310412 0.0269998 0.0226184 0.0179469 0.0132724
 0.00693999 0.0113163 0.0171163 0.0243243 0.0327417 0.0418535 0.0507868 0.0585078 0.0641784 0.0674089 0.0682571 0.0670619 0.0642808 0.0603945 0.0558501 0.0510179 0.0461702 0.0414802 0.0370248 0.0327834 0.028647 0.0244669 0.0201479 0.0157462 0.0114971
 0.00721003 0.0117482 0.0177542 0.0252076 0.0339015 0.0433049 0.0525157 0.0604588 0.06625 0.0694622 0.0701341 0.06861 0.0653778 0.0609651 0.0558692 0.050502 0.0451613 0.0400311 0.0351934 0.0306395 0.0262893 0.0220363 0.0178203 0.0136985 0.00985896
 0.00753092 0.0122582 0.0184996 0.0262221 0.0351992 0.0448701 0.0542931 0.0623534 0.0681424 0.071231 0.071673 0.0698323 0.0662129 0.0613588 0.0557883 0.0499402 0.0441407 0.0385974 0.0334106 0.0285893 0.0240776 0.0197976 0.0157102 0.0118652 0.00840589
 0.00780356 0.0127055 0.0191791 0.0271875 0.0364859 0.0464746 0.0561539 0.0643483 0.0701094 0.0730053 0.0731208 0.0708681 0.0667987 0.0614914 0.0554842 0.0492252 0.0430461 0.037163 0.0316901 0.0266569 0.0220325 0.0177633 0.0138223 0.0102469 0.00713747
 0.00780534 0.0127232 0.0192349 0.0273158 0.0367313 0.0468845 0.056768 0.0651856 0.0711562 0.0742077 0.0743864 0.0720805 0.0678403 0.062265 0.0559253 0.0493025 0.0427553 0.0365216 0.0307359 0.0254507 0.0206612 0.0163374 0.0124627 0.00906245 0.00620022
 0.00788908 0.0128631 0.0194528 0.0276347 0.0371716 0.0474576 0.0574697 0.0659936 0.0720336 0.0751089 0.0752616 0.0728767 0.0685017 0.0627369 0.0561607 0.0492688 0.0424393 0.0359301 0.029896 0.024411 0.0194931 0.0151323 0.0113211 0.00807374 0.00542225
 0.00800612 0.0130486 0.019723 0.028002 0.0376424 0.0480299 0.0581287 0.0667101 0.0727662 0.0758113 0.0758905 0.0733969 0.0688881 0.0629715 0.056229 0.0491576 0.0421379 0.035435 0.0292177 0.0235795 0.0185605 0.0141702 0.0104097 0.00728505 0.00480264
 0.00795482 0.0129637 0.0195935 0.0278196 0.0374072 0.0477573 0.0578553 0.0664912 0.0726647 0.0758796 0.076154 0.0738457 0.0694779 0.0636335 0.0568836 0.0497278 0.0425598 0.0356645 0.029235 0.0233922 0.0182042 0.0137041 0.00990591 0.00681279 0.00441221
 0.00788364 0.0128485 0.0194213 0.027579 0.0370913 0.0473686 0.0574116 0.0660297 0.0722407 0.0755593 0.0760016 0.0739077 0.0697694 0.0641303 0.0575248 0.0504283 0.0432277 0.0362187 0.0296184 0.0235798 0.0182051 0.0135576 0.00967071 0.00655127 0.00417497
 0.00789504 0.0128639 0.0194383 0.0275921 0.0370918 0.0473449 0.0573507 0.0659202 0.072078 0.0753511 0.0757728 0.0736996 0.0696316 0.0641067 0.0576377 0.0506677 0.0435511 0.0365624 0.0299151 0.0237774 0.0182797 0.0135169 0.00954767 0.00639044 0.0040173
 0.0079628 0.0129548 0.0195393 0.0276794 0.0371373 0.0473266 0.0572611 0.0657676 0.0718811 0.0751314 0.0755503 0.0734931 0.0694619 0.0639979 0.0576133 0.050742 0.0437195 0.0367967 0.030169 0.0239999 0.0184315 0.0135821 0.00953585 0.00632863 0.003937
 0.00807774 0.0131261 0.0197671 0.0279507 0.0374256 0.047595 0.0574664 0.0658689 0.0718513 0.0749683 0.0752793 0.0731595 0.0691161 0.0636838 0.0573632 0.0505761 0.0436458 0.0368087 0.0302441 0.0241033 0.0185264 0.0136418 0.00955111 0.00630729 0.00389622
 0.00808209 0.0131295 0.0197653 0.027937 0.0373922 0.0475347 0.0573748 0.0657453 0.0716992 0.0747956 0.075099 0.0729892 0.0689765 0.0635942 0.0573373 0.0506194 0.0437552 0.0369729 0.030444 0.0243136 0.0187196 0.0137952 0.00965339 0.00636097 0.00391393
 0.00806298 0.0131075 0.0197487 0.0279378 0.0374217 0.0475963 0.0574593 0.0658315 0.0717605 0.0748098 0.0750551 0.0728902 0.0688377 0.063439 0.0571922 0.0505085 0.0436952 0.0369701 0.0304932 0.0243996 0.0188211 0.0138907 0.00972748 0.0064077 0.00393631
 0.00805996 0.0130954 0.0197179 0.0278774 0.0373246 0.0474665 0.0573158 0.0657038 0.0716767 0.0747833 0.0750787 0.0729413 0.0688905 0.0634761 0.05721 0.0505157 0.0437068 0.037 0.0305487 0.0244787 0.0189134 0.0139817 0.00980429 0.006463 0.00396987
 0.00812962 0.0131965 0.0198468 0.0280213 0.0374633 0.0475767 0.0573762 0.0657012 0.071611 0.0746694 0.0749426 0.0728099 0.0687807 0.0633906 0.0571415 0.0504558 0.0436531 0.036957 0.030524 0.0244768 0.0189329 0.014015 0.00984111 0.00649479 0.00399225
 0.00816538 0.0132495 0.0199167 0.0281034 0.0375482 0.0476514 0.0574249 0.0657086 0.0715666 0.0745728 0.0748063 0.0726576 0.0686401 0.063284 0.0570789 0.050434 0.0436607 0.036982 0.0305583 0.0245173 0.0189777 0.0140614 0.00988464 0.00653094 0.00401849
 0.00816953 0.0132579 0.0199322 0.0281291 0.0375861 0.0476999 0.0574779 0.0657549 0.0715929 0.0745677 0.0747643 0.0725817 0.0685419 0.0631814 0.0569905 0.0503735 0.0436331 0.0369839 0.0305815 0.0245528 0.0190187 0.0141027 0.0099223 0.00656208 0.00404153
 0.00801128 0.0130209 0.0196137 0.0277412 0.0371537 0.0472567 0.0570621 0.0654058 0.0713454 0.0744451 0.0747725 0.0727085 0.0687621 0.0634642 0.0573075 0.0507024 0.0439581 0.0372934 0.0308659 0.0248039 0.0192303 0.014272 0.0100501 0.00665237 0.00410075
 0.00782346 0.0127265 0.0191922 0.0271845 0.0364714 0.0464822 0.0562565 0.0646537 0.0707375 0.074055 0.0746386 0.0728286 0.0691009 0.0639666 0.0579116 0.0513499 0.044601 0.0378966 0.0314062 0.0252675 0.0196107 0.0145689 0.010269 0.00680342 0.00419751
 0.00777506 0.0126444 0.0190626 0.0269919 0.0362025 0.0461309 0.0558306 0.064178 0.0702533 0.0736139 0.0742929 0.0726216 0.0690575 0.0640882 0.0581771 0.0517221 0.0450353 0.0383496 0.0318418 0.0256594 0.0199426 0.0148336 0.0104669 0.00694153 0.00428667
 0.00771333 0.0125406 0.0188997 0.0267525 0.035872 0.0457045 0.0553194 0.0636121 0.0696783 0.0730835 0.0738608 0.0723338 0.0689463 0.0641671 0.0584376 0.0521343 0.0455533 0.0389197 0.0324119 0.0261861 0.0203958 0.0151977 0.0107398 0.00713136 0.00440866
 0.00769962 0.0125061 0.0188251 0.0266118 0.0356387 0.0453608 0.0548659 0.0630717 0.0690933 0.0725075 0.0733503 0.0719403 0.0687104 0.0641137 0.0585723 0.0524429 0.0460024 0.0394617 0.0329917 0.0267502 0.0209005 0.0156149 0.0110584 0.00735585 0.00455396
 0.0077411 0.0125703 0.0189147 0.0267238 0.0357612 0.0454705 0.0549276 0.0630447 0.0689443 0.0722251 0.0729536 0.0714767 0.0682439 0.06371 0.0582855 0.0523065 0.0460251 0.0396275 0.0332645 0.027082 0.0212421 0.0159254 0.0113119 0.00754302 0.00467918
 0.00771411 0.01253 0.0188607 0.0266584 0.035689 0.0453968 0.0548565 0.0629761 0.0688714 0.0721346 0.0728296 0.0713099 0.0680402 0.0634935 0.0580946 0.0521825 0.0460003 0.039715 0.0334546 0.0273453 0.0215376 0.0162118 0.0115576 0.0077314 0.00480888
 0.00767037 0.0124575 0.0187496 0.0264999 0.0354791 0.0451406 0.0545721 0.0626934 0.0686245 0.071951 0.0727213 0.0712703 0.0680499 0.063531 0.0581469 0.0522513 0.0460998 0.0398622 0.0336582 0.0275984 0.0218176 0.0164878 0.0118005 0.00792278 0.0049439
 0.00767899 0.0124735 0.0187767 0.0265414 0.0355347 0.0452037 0.0546281 0.0627229 0.0686107 0.071887 0.0726136 0.0711357 0.0679068 0.0633932 0.058022 0.0521443 0.0460181 0.0398175 0.0336627 0.0276572 0.0219239 0.0166228 0.0119402 0.0080459 0.0050382
 0.00759278 0.0123361 0.0185758 0.0262696 0.0351932 0.0448071 0.0542072 0.0623216 0.0682756 0.0716543 0.0725004 0.0711398 0.0680127 0.063579 0.0582636 0.0524187 0.0463058 0.0401054 0.0339442 0.0279298 0.022184 0.0168625 0.0121484 0.00821272 0.0051597
 0.00752297 0.0122249 0.0184128 0.0260464 0.0349057 0.0444576 0.0538085 0.0618993 0.067867 0.0713027 0.0722461 0.0710112 0.0680202 0.0637138 0.058502 0.0527291 0.0466561 0.040468 0.0342988 0.0282626 0.0224858 0.0171261 0.0123674 0.0083832 0.00528195
 0.00748915 0.0121734 0.0183416 0.0259552 0.0347947 0.0443264 0.0536553 0.0617223 0.0676668 0.0710855 0.0720265 0.070812 0.0678687 0.0636346 0.05851 0.0528248 0.0468264 0.0406907 0.0345489 0.0285177 0.0227281 0.0173425 0.0125491 0.00852531 0.00538449
 0.00757577 0.0122979 0.0184987 0.0261296 0.0349652 0.0444726 0.0537624 0.061781 0.0676707 0.0710286 0.0719044 0.0706266 0.0676331 0.0633746 0.0582597 0.0526177 0.046686 0.0406254 0.0345524 0.0285737 0.0228161 0.0174432 0.0126466 0.00860899 0.00544883
 0.00772436 0.0125212 0.0187998 0.0264973 0.0353741 0.0448862 0.054137 0.062072 0.0678415 0.07106 0.0717988 0.070404 0.0673228 0.0630082 0.0578691 0.0522351 0.0463422 0.0403453 0.0343495 0.0284479 0.022756 0.0174307 0.0126626 0.00863704 0.00547745
 0.00767792 0.0124738 0.0187796 0.0265452 0.0355304 0.0451694 0.0545282 0.0625147 0.068259 0.0713817 0.0719797 0.0704316 0.0672118 0.0627899 0.0575806 0.0519134 0.0460208 0.040053 0.0341081 0.0282694 0.0226413 0.0173705 0.0126416 0.00863907 0.0054892
 0.00755084 0.0122801 0.0185141 0.0262173 0.0351683 0.0448219 0.0542607 0.0623947 0.0683315 0.0716455 0.0723816 0.0708844 0.0676269 0.0631055 0.0577735 0.0519931 0.0460167 0.0400005 0.0340398 0.0282099 0.0226043 0.0173589 0.0126502 0.00865863 0.00551104
 0.00757587 0.0123054 0.0185243 0.0261896 0.03508 0.0446625 0.0540427 0.0621563 0.068129 0.0715363 0.072404 0.071042 0.0678845 0.0634006 0.0580389 0.0521801 0.0461071 0.0400054 0.0339881 0.0281346 0.0225319 0.017305 0.0126189 0.00864623 0.00551037
 0.00758042 0.0123214 0.0185628 0.0262627 0.0351933 0.0448061 0.0541867 0.0622583 0.0681525 0.0714712 0.0722755 0.0709005 0.0677822 0.0633672 0.0580704 0.0522447 0.0461638 0.040024 0.0339598 0.0280701 0.0224525 0.0172307 0.0125621 0.00860991 0.00549116
 0.00744595 0.0121111 0.0182632 0.0258703 0.0347193 0.0442803 0.0536584 0.0617885 0.0677974 0.0712645 0.0722218 0.0709841 0.0679822 0.0636668 0.0584539 0.0526886 0.0466319 0.0404729 0.0343514 0.0283828 0.0226838 0.0173921 0.0126706 0.00868119 0.00553693
 0.0074924 0.0121728 0.0183301 0.025924 0.0347368 0.0442421 0.0535554 0.0616262 0.067595 0.07105 0.0720246 0.0708271 0.0678787 0.0636214 0.0584667 0.0527572 0.0467494 0.0406241 0.0345138 0.0285328 0.0228046 0.0174783 0.012726 0.00871434 0.00555605
 0.00757451 0.0122998 0.0185083 0.0261521 0.0350033 0.0445227 0.0538129 0.061816 0.0676772 0.0710038 0.071857 0.0705706 0.0675791 0.0633242 0.0582067 0.0525548 0.0466121 0.0405486 0.0344881 0.0285395 0.0228256 0.0174998 0.0127412 0.00872246 0.00555932
 0.00740693 0.0120287 0.0181043 0.0255927 0.0342822 0.0436616 0.0528711 0.060887 0.0668689 0.0704106 0.0715369 0.0705384 0.0678126 0.0637772 0.0588218 0.0532728 0.0473776 0.0413131 0.0352109 0.029188 0.0233762 0.0179393 0.0130688 0.00894887 0.0057036
 0.00740245 0.0120101 0.0180544 0.0254867 0.0340912 0.0433603 0.0524474 0.0603501 0.0662542 0.0697775 0.0709604 0.0700932 0.0675559 0.0637361 0.0589902 0.0536181 0.047851 0.0418602 0.0357794 0.0297323 0.0238605 0.0183402 0.0133764 0.0091666 0.00584495
 0.0073976 0.0120064 0.0180556 0.0254962 0.0341071 0.0433704 0.0524258 0.0602616 0.0660656 0.0694734 0.0705548 0.0696315 0.0671063 0.0633716 0.05877 0.0535729 0.0479784 0.0421295 0.0361423 0.0301351 0.0242541 0.0186873 0.0136551 0.00937051 0.00598077
 0.00729054 0.0118441 0.017834 0.0252204 0.0337919 0.0430378 0.0521025 0.0599735 0.06583 0.0692924 0.0704152 0.0695147 0.0670023 0.0632899 0.0587387 0.0536277 0.0481459 0.0424145 0.0365237 0.0305715 0.0246959 0.0190894 0.0139864 0.00961834 0.00614883
 0.00718246 0.0116638 0.017555 0.0248183 0.0332531 0.0423723 0.0513533 0.0592158 0.0651544 0.0687791 0.0701123 0.069429 0.0671055 0.0635354 0.0590816 0.0540381 0.0486117 0.0429319 0.0370841 0.0311523 0.025261 0.0195987 0.0144078 0.00993633 0.00636678
 0.00707425 0.0114909 0.0173 0.0244657 0.0327907 0.0417949 0.0506693 0.0584545 0.0643699 0.0680468 0.0695165 0.0690437 0.0669748 0.0636619 0.0594301 0.0545516 0.0492311 0.0436092 0.0377834 0.0318436 0.0259129 0.0201781 0.0148868 0.0103004 0.00661897
 0.00709835 0.0115236 0.0173366 0.0244964 0.0328008 0.0417662 0.0505819 0.0582885 0.0641098 0.0676881 0.0690745 0.0685588 0.066509 0.0632852 0.0592 0.0544966 0.049347 0.0438665 0.0381408 0.0322578 0.0263428 0.0205862 0.0152417 0.0105818 0.00682108
 0.00706883 0.0114965 0.0173337 0.0245485 0.0329368 0.0419969 0.0508868 0.0586152 0.0643876 0.0678486 0.0690701 0.068374 0.0661643 0.0628335 0.058716 0.0540598 0.0490213 0.0436863 0.0381077 0.0323472 0.0265156 0.0207989 0.0154553 0.0107675 0.00696328
#obs surv len freq
 nan nan nan nan nan nan nan nan nan nan nan nan nan nan nan nan nan nan nan nan nan nan nan nan nan
 0.00448328 0.00734382 0.0111728 0.0159881 0.0216877 0.0279623 0.0342757 0.0400069 0.0446869 0.0481518 0.0505112 0.0520087 0.0529026 0.0534165 0.053732 0.0539879 0.0542672 0.0545603 0.0546994 0.0542914 0.0527294 0.0493612 0.0438105 0.0362898 0.0276726
 0.00461951 0.00756659 0.0115101 0.0164656 0.0223226 0.0287534 0.0351938 0.0409922 0.0456578 0.0490204 0.0512006 0.052464 0.0530965 0.0533489 0.0534257 0.0534805 0.0536025 0.0537813 0.0538451 0.053399 0.0518378 0.0485138 0.0430523 0.0356591 0.0271906
 0.0047785 0.00782816 0.0119096 0.0170378 0.023095 0.0297348 0.0363627 0.0422912 0.0469994 0.0503015 0.0523178 0.0533269 0.0536368 0.0535273 0.053235 0.0529436 0.0527651 0.0527033 0.0525931 0.0520432 0.0504536 0.0471819 0.0418525 0.0346575 0.0264237
 0.00497255 0.00814407 0.012386 0.0177115 0.0239944 0.0308698 0.0377129 0.0438007 0.0485824 0.051855 0.0537356 0.0545083 0.0544933 0.0539893 0.053258 0.0525141 0.0519027 0.0514583 0.0510417 0.0502837 0.0486018 0.0453653 0.0401973 0.0332665 0.0253547
 0.00518298 0.00848959 0.0129123 0.0184632 0.0250063 0.032153 0.0392414 0.0455067 0.0503667 0.053606 0.0553455 0.0558812 0.0555453 0.0546474 0.0534626 0.0522237 0.0511025 0.050168 0.049322 0.0482383 0.0463747 0.0431285 0.0381269 0.0315092 0.0239959
 0.00540795 0.00885948 0.0134768 0.0192717 0.0260983 0.0335439 0.0409065 0.0473754 0.0523314 0.0555424 0.0571324 0.0574126 0.0567341 0.0554238 0.0537703 0.0520181 0.0503536 0.0488711 0.0475128 0.0460074 0.0438737 0.0405591 0.0357084 0.029432 0.0223768
 0.00564461 0.00924645 0.0140636 0.0201064 0.0272194 0.0349662 0.0426069 0.0492863 0.054349 0.0575452 0.0589988 0.059033 0.0580156 0.056291 0.0541637 0.0518909 0.0496712 0.0476171 0.045705 0.043719 0.041249 0.0378093 0.0330787 0.0271454 0.0205782
 0.00589908 0.00966093 0.0146889 0.0209904 0.028398 0.0364497 0.0443651 0.0512438 0.0563959 0.0595579 0.0608596 0.06064 0.0592845 0.0571531 0.0545629 0.0517809 0.0490146 0.0463913 0.0439165 0.0414265 0.0385849 0.0349817 0.030342 0.024741 0.0186708
 0.0061408 0.0100597 0.0152998 0.0218679 0.029585 0.0379597 0.0461651 0.053249 0.0584833 0.0615919 0.0627152 0.062215 0.0605018 0.0579563 0.0549094 0.0516359 0.048348 0.0451811 0.0421633 0.0391779 0.0359591 0.0321755 0.0276051 0.0223184 0.0167357
 0.00637541 0.0104434 0.0158817 0.022696 0.0306977 0.0393723 0.0478542 0.0551459 0.0604808 0.0635628 0.0645325 0.0637671 0.0617004 0.0587393 0.0552368 0.0514823 0.0476952 0.0440167 0.0404913 0.0370405 0.0334619 0.0294984 0.024982 0.0199841 0.0148615
 0.00660469 0.0108192 0.0164529 0.0235096 0.0317896 0.0407525 0.0494923 0.0569665 0.0623754 0.0654106 0.0662199 0.0651975 0.0627969 0.0594439 0.0555095 0.0512979 0.0470394 0.0428847 0.0388938 0.0350204 0.0311163 0.0269903 0.0225245 0.0177937 0.013098
 0.00683119 0.0111921 0.0170224 0.0243249 0.0328884 0.0421442 0.0511424 0.0587915 0.0642552 0.0672136 0.0678258 0.0665113 0.0637522 0.0599999 0.0556443 0.0510021 0.0463104 0.0417264 0.037323 0.0330817 0.0289008 0.0246453 0.0202407 0.0157643 0.0114659
 0.00708309 0.011602 0.0176398 0.0251953 0.034044 0.043589 0.0528367 0.060647 0.0661465 0.0690019 0.0693835 0.0677376 0.0645802 0.0603957 0.0556019 0.0505332 0.0454353 0.0404688 0.0357135 0.0311708 0.0267751 0.0224374 0.0181179 0.013894 0.00996989
 0.00727979 0.0119309 0.0181517 0.025942 0.0350669 0.0449007 0.0544033 0.0623833 0.0679298 0.070697 0.0708663 0.0689093 0.0653719 0.0607693 0.0555465 0.0500607 0.0445724 0.0392514 0.0341855 0.0293909 0.0248292 0.0204452 0.0162237 0.0122388 0.00865352
 0.00743659 0.0121854 0.0185346 0.0264835 0.035793 0.0458265 0.0555233 0.0636636 0.0693072 0.0720848 0.072165 0.0700196 0.0662078 0.0612673 0.0556711 0.0498027 0.0439449 0.0382841 0.0329233 0.0278958 0.0231857 0.0187631 0.0146289 0.0108498 0.00755234
 0.00752665 0.0123354 0.018767 0.0268218 0.0362575 0.0464275 0.0562552 0.0645033 0.0702184 0.0730249 0.0730886 0.0708768 0.0669421 0.0618181 0.0559809 0.0498271 0.0436601 0.0376907 0.0320469 0.0267872 0.0219217 0.017443 0.013364 0.00974259 0.00667249
 0.00760267 0.012451 0.0189267 0.0270264 0.0365065 0.0467227 0.0566017 0.0649071 0.0706824 0.0735444 0.0736489 0.0714535 0.0675013 0.0623174 0.0563704 0.0500542 0.0436774 0.0374664 0.031574 0.0260897 0.0210556 0.0164916 0.0124241 0.00890457 0.00599921
 0.00765466 0.0125324 0.0190431 0.0271801 0.0366955 0.0469397 0.056835 0.0651439 0.0709143 0.0737731 0.0738858 0.0717125 0.0677891 0.0626245 0.0566692 0.0503014 0.0438222 0.037461 0.031386 0.0257134 0.0205185 0.0158522 0.0117603 0.00829371 0.00549845
 0.00772163 0.0126317 0.0191746 0.0273377 0.0368689 0.0471179 0.0570081 0.0653042 0.0710561 0.0738937 0.0739875 0.071804 0.0678835 0.0627341 0.0567971 0.0504351 0.0439324 0.0375072 0.0313283 0.0255268 0.0202044 0.015442 0.0113083 0.00786093 0.00513397
 0.00776508 0.0127012 0.0192766 0.027476 0.0370423 0.0473174 0.0572162 0.0654969 0.0712106 0.0739958 0.074037 0.0718125 0.0678696 0.0627168 0.0567907 0.050445 0.0439512 0.0375141 0.0312938 0.0254233 0.0200186 0.0151836 0.0110086 0.00756233 0.00487492
 0.0078274 0.0127955 0.0194057 0.027638 0.0372312 0.047525 0.0574315 0.0657062 0.0713967 0.0741405 0.074125 0.0718367 0.0678336 0.0626352 0.0566842 0.0503336 0.0438476 0.0374189 0.0311958 0.0253048 0.019865 0.0149925 0.0107937 0.00734832 0.00468738
 0.00786207 0.01285 0.0194841 0.027742 0.0373597 0.0476724 0.0575878 0.0658581 0.0715307 0.0742467 0.0741979 0.0718745 0.0678364 0.0626046 0.0566248 0.0502539 0.0437576 0.0373265 0.0311023 0.025205 0.019751 0.0148605 0.0106487 0.00720366 0.00455902
 0.00787749 0.0128739 0.0195179 0.0277864 0.0374147 0.0477375 0.0576616 0.0659378 0.0716121 0.0743241 0.0742656 0.0719275 0.0678713 0.0626193 0.0566189 0.0502283 0.0437152 0.0372714 0.0310381 0.0251326 0.0196694 0.0147692 0.0105507 0.00710662 0.00447251
 0.00789953 0.0129039 0.0195521 0.0278182 0.0374364 0.047744 0.057653 0.0659199 0.0715942 0.0743154 0.0742722 0.0719506 0.0679078 0.0626625 0.0566608 0.0502619 0.0437355 0.037276 0.0310267 0.0251063 0.0196296 0.0147179 0.0104919 0.00704627 0.00441739
 0.00790022 0.0129054 0.019555 0.0278223 0.0374404 0.0477444 0.0576448 0.0658979 0.0715568 0.0742674 0.0742243 0.0719164 0.0678978 0.0626807 0.0567034 0.0503192 0.043796 0.0373293 0.0310658 0.0251275 0.0196325 0.0147047 0.0104669 0.00701505 0.00438601
 0.0078988 0.0128986 0.0195367 0.0277849 0.0373772 0.0476539 0.0575331 0.0657782 0.071445 0.0741769 0.0741635 0.0718889 0.0679049 0.062722 0.0567763 0.0504172 0.0439087 0.037444 0.0311701 0.0252123 0.019693 0.0147408 0.010482 0.00701522 0.00437793
 0.00789801 0.0128925 0.0195186 0.0277453 0.0373062 0.0475444 0.0573851 0.065601 0.0712563 0.0739997 0.0740214 0.0718003 0.0678792 0.062759 0.0568677 0.0505499 0.0440671 0.0376121 0.0313325 0.0253558 0.0198088 0.0148252 0.0105367 0.00704566 0.00439147
 0.00787462 0.0128565 0.0194678 0.0276785 0.0372223 0.0474423 0.0572636 0.0654604 0.071101 0.0738399 0.0738726 0.0716818 0.0678093 0.0627499 0.0569223 0.0506617 0.0442219 0.0377915 0.0315172 0.0255288 0.0199569 0.0149411 0.0106189 0.00709812 0.0044211
 0.00788515 0.0128656 0.0194671 0.0276556 0.0371652 0.0473445 0.0571285 0.0653012 0.0709353 0.0736838 0.0737372 0.0715742 0.0677353 0.0627161 0.0569352 0.050724 0.0443301 0.0379351 0.0316804 0.0256936 0.0201073 0.0150656 0.0107125 0.0071617 0.00445987
 0.0078414 0.0128016 0.0193833 0.0275561 0.0370548 0.0472256 0.0569999 0.0651603 0.0707834 0.0735299 0.0735976 0.0714674 0.0676757 0.0627106 0.0569834 0.0508209 0.0444683 0.0381043 0.0318675 0.0258832 0.0202835 0.0152156 0.0108291 0.00724406 0.0045125
 0.00783956 0.0127911 0.0193541 0.0274958 0.0369529 0.0470804 0.0568224 0.0649723 0.0706088 0.0733858 0.0734904 0.0713959 0.0676379 0.0627071 0.057017 0.0508936 0.0445783 0.0382455 0.0320296 0.026053 0.0204467 0.0153595 0.0109449 0.00732873 0.00456849
 0.0077947 0.0127216 0.0192559 0.0273663 0.036791 0.0468863 0.0565988 0.0647277 0.0703602 0.0731582 0.0733114 0.0712882 0.067612 0.06276 0.0571361 0.0510628 0.0447824 0.038471 0.0322639 0.0262829 0.020659 0.0155426 0.0110911 0.00743589 0.00464007
 0.00777733 0.0126893 0.0191998 0.0272766 0.0366595 0.0467111 0.0563874 0.0644965 0.0701299 0.072948 0.0731371 0.0711621 0.0675443 0.0627581 0.0572018 0.0511904 0.0449592 0.0386809 0.0324896 0.0265081 0.0208691 0.0157254 0.0112386 0.00754542 0.00471428
 0.00775589 0.0126546 0.0191476 0.0272023 0.0365588 0.0465803 0.0562256 0.0643073 0.0699235 0.0727408 0.0729489 0.0710125 0.0674485 0.0627252 0.0572345 0.0512856 0.0451089 0.0388718 0.0327052 0.0267302 0.0210803 0.0159114 0.01139 0.00765867 0.00479168
 0.00770409 0.0125721 0.019027 0.0270386 0.0363509 0.0463333 0.0559525 0.0640283 0.069662 0.0725182 0.0727813 0.0709096 0.0674152 0.0627625 0.0573397 0.0514522 0.0453263 0.0391258 0.0329786 0.0270043 0.0213367 0.0161348 0.0115703 0.0077928 0.004883
 0.00767123 0.0125163 0.0189388 0.0269081 0.0361705 0.0461018 0.0556787 0.0637319 0.0693701 0.0722591 0.0725786 0.0707787 0.067363 0.0627885 0.0574385 0.0516148 0.0455411 0.0393788 0.0332534 0.0272822 0.0215992 0.0163655 0.0117582 0.0079335 0.00497938
 0.00766813 0.0125107 0.0189291 0.0268913 0.036142 0.0460547 0.0556048 0.0636241 0.069226 0.0720844 0.0723878 0.070593 0.0672055 0.0626786 0.0573883 0.0516289 0.0456166 0.039507 0.0334208 0.0274722 0.0217933 0.0165461 0.0119116 0.00805228 0.00506287
 0.00763997 0.0124675 0.0188689 0.0268141 0.0360499 0.0459512 0.0554949 0.0635127 0.0691169 0.0719795 0.0722876 0.0704991 0.067123 0.062617 0.0573594 0.0516429 0.0456789 0.0396163 0.0335689 0.0276453 0.0219743 0.0167178 0.0120598 0.0081686 0.00514556
 0.00761537 0.0124287 0.0188129 0.0267393 0.0359566 0.0458427 0.0553776 0.0633962 0.0690112 0.0718921 0.0722218 0.0704535 0.0670939 0.0626015 0.0573586 0.0516615 0.0457239 0.0396927 0.0336768 0.0277784 0.0221205 0.0168623 0.0121887 0.00827235 0.00522088
 0.00760239 0.0124082 0.0187832 0.0266992 0.0359054 0.0457808 0.0553067 0.0633195 0.0689337 0.0718196 0.0721594 0.0704049 0.0670605 0.0625829 0.0573534 0.0516697 0.0457475 0.0397356 0.0337419 0.0278648 0.0222224 0.0169692 0.0122889 0.00835642 0.00528392
 0.00757371 0.0123628 0.0187171 0.0266101 0.0357933 0.0456492 0.0551634 0.0631766 0.0688048 0.0717169 0.0720912 0.0703744 0.0670662 0.0626202 0.0574158 0.0517503 0.0458408 0.039838 0.0338518 0.0279805 0.0223404 0.0170834 0.0123915 0.00844079 0.00534674
 0.00756171 0.0123413 0.0186812 0.0265541 0.0357124 0.0455417 0.0550331 0.0630329 0.0686614 0.0715885 0.0719907 0.0703104 0.0670428 0.0626365 0.057467 0.0518293 0.0459395 0.039949 0.0339691 0.0280995 0.0224566 0.0171918 0.0124867 0.00851821 0.00540424
 0.00755381 0.012333 0.0186766 0.026559 0.0357313 0.0455741 0.055071 0.0630624 0.0686677 0.0715622 0.0719315 0.0702276 0.0669509 0.062551 0.0574002 0.0517882 0.045926 0.0399609 0.0340019 0.0281476 0.022514 0.0172525 0.0125447 0.00856836 0.00544334
 0.00752683 0.0122906 0.0186159 0.0264794 0.0356359 0.045471 0.0549731 0.0629844 0.0686207 0.0715488 0.0719443 0.0702533 0.0669776 0.0625731 0.0574195 0.0518111 0.045959 0.0400075 0.0340619 0.0282174 0.0225882 0.0173249 0.0126098 0.00862209 0.00548378
 0.00750584 0.0122556 0.018562 0.0264017 0.0355313 0.0453406 0.0548244 0.0628317 0.0684835 0.071446 0.0718895 0.0702504 0.06702 0.062647 0.0575096 0.0519061 0.0460535 0.040101 0.0341553 0.0283105 0.0226785 0.0174082 0.0126818 0.0086797 0.00552602
 0.00753453 0.012298 0.0186177 0.0264668 0.0355987 0.0454006 0.054866 0.0628451 0.0684619 0.0713896 0.0718063 0.0701547 0.0669277 0.0625705 0.0574548 0.0518723 0.0460366 0.0400972 0.0341621 0.0283269 0.0227031 0.0174382 0.0127132 0.00870842 0.00554926
 0.00751188 0.0122688 0.0185874 0.0264449 0.0355951 0.0454207 0.0549073 0.0628964 0.0685079 0.0714164 0.0718057 0.0701268 0.0668801 0.062515 0.0574037 0.0518347 0.0460166 0.0400941 0.0341728 0.0283475 0.02273 0.0174682 0.0127429 0.00873487 0.00557035
 0.00750585 0.0122555 0.0185617 0.0264013 0.0355311 0.0453407 0.0548246 0.0628299 0.0684746 0.0714228 0.0718448 0.0701815 0.066932 0.0625524 0.0574243 0.0518437 0.0460225 0.040104 0.0341903 0.0283724 0.02276 0.0174998 0.0127729 0.00876069 0.00559043
 0.00750592 0.0122565 0.0185644 0.0264062 0.035537 0.0453441 0.0548197 0.0628117 0.0684423 0.0713826 0.0718082 0.0701596 0.066929 0.0625641 0.0574413 0.0518577 0.04603 0.0401069 0.0341931 0.0283791 0.0227719 0.0175159 0.0127907 0.00877748 0.00560428
 0.00750592 0.0122565 0.0185644 0.0264062 0.035537 0.0453441 0.0548197 0.0628117 0.0684423 0.0713826 0.0718082 0.0701596 0.066929 0.0625641 0.0574413 0.0518577 0.04603 0.0401069 0.0341931 0.0283791 0.0227719 0.0175159 0.0127907 0.00877748 0.00560428
 0.00727214 0.0118868 0.018029 0.0256888 0.0346433 0.0443119 0.0537258 0.0617672 0.0675706 0.0707883 0.0715525 0.0702517 0.0673336 0.0632148 0.0582559 0.052752 0.0469296 0.0409549 0.0349522 0.0290295 0.0233062 0.0179356 0.0131035 0.00899668 0.00574726
 0.00722645 0.0117846 0.0178242 0.0253227 0.0340611 0.0434878 0.0526861 0.0605967 0.066397 0.0697528 0.0707794 0.0698265 0.0672919 0.0635409 0.0588909 0.0536077 0.0479067 0.041959 0.0359059 0.0298782 0.0240185 0.0185002 0.013525 0.00929124 0.00593846
 0.00723558 0.0118031 0.017856 0.0253668 0.0341025 0.0434891 0.0525868 0.0603281 0.0659126 0.0690589 0.0699486 0.0689831 0.0665758 0.0630679 0.0587248 0.0537519 0.0483121 0.0425434 0.036576 0.0305489 0.0246256 0.0190048 0.0139126 0.00956649 0.00611867
 0.00709215 0.0115831 0.0175505 0.0249784 0.0336467 0.0429932 0.0520857 0.0598555 0.0654879 0.0686789 0.0695943 0.0686413 0.0662623 0.0628349 0.0586445 0.053886 0.0486838 0.0431262 0.0373015 0.0313276 0.0253707 0.0196508 0.0144238 0.00993669 0.0063638
 0.00705292 0.0115044 0.0174052 0.0247343 0.0332771 0.0424922 0.0514807 0.0592068 0.0648718 0.0681625 0.0692139 0.0683969 0.0661296 0.0627882 0.0586779 0.0540199 0.0489512 0.043548 0.037866 0.0319859 0.0260505 0.0202786 0.0149459 0.010329 0.00663054
 0.00695842 0.0113611 0.0172076 0.0244812 0.0329676 0.0421219 0.0510429 0.0587002 0.0643122 0.0675904 0.0686903 0.0679857 0.0658764 0.0627071 0.0587557 0.0542328 0.0492816 0.043988 0.0384067 0.0326026 0.0266967 0.0208946 0.015477 0.0107419 0.00691942
 0.00698728 0.0113996 0.01725 0.0245172 0.032985 0.0421101 0.0509948 0.0586094 0.0641694 0.0673832 0.0684103 0.0676409 0.0654976 0.0623436 0.0584597 0.054044 0.0492204 0.0440585 0.0386013 0.0329024 0.0270683 0.0212921 0.0158511 0.0110537 0.00715004
 0.00698275 0.0114024 0.0172723 0.0245743 0.0330893 0.0422616 0.0511753 0.0587842 0.0642978 0.067431 0.0683573 0.0674825 0.0652438 0.0620189 0.058103 0.0537039 0.0489457 0.0438868 0.0385518 0.0329728 0.0272369 0.0215217 0.016098 0.0112785 0.00732764
#pred catch len freq
 0.0030989 0.00503147 0.00759421 0.0108329 0.0147916 0.0194668 0.024747 0.0303997 0.0361159 0.041571 0.0464708 0.0505897 0.0538031 0.0560999 0.057568 0.0583738 0.0587439 0.0589257 0.0590831 0.0591219 0.058538 0.0564622 0.0520208 0.0448876 0.035662
 0.00332571 0.00534433 0.00796398 0.0112035 0.015103 0.0196868 0.0248903 0.0305168 0.036257 0.0417498 0.0466568 0.0507355 0.0538878 0.0561576 0.0576805 0.0586275 0.0591715 0.0594617 0.0595602 0.0593209 0.0582768 0.055685 0.0508355 0.0435248 0.0343767
 0.00342094 0.00552959 0.00829449 0.0117374 0.0158731 0.0206656 0.0259718 0.0315398 0.0370671 0.0422637 0.0468841 0.0507471 0.0537633 0.0559547 0.0574417 0.058398 0.058996 0.0593517 0.0594566 0.0590928 0.0577742 0.0548229 0.049656 0.0421924 0.0331053
 0.00357572 0.00576665 0.008629 0.0121864 0.0164668 0.0214543 0.0270136 0.0328619 0.0386167 0.0438835 0.048344 0.0518255 0.0543315 0.0560117 0.0570863 0.0577703 0.0582243 0.0585198 0.0585859 0.0581417 0.0566673 0.0535099 0.0481691 0.0406587 0.0316994
 0.00376577 0.00607041 0.00907596 0.0127996 0.0172591 0.0224243 0.0281458 0.0341328 0.0400032 0.0453594 0.0498561 0.0532646 0.055531 0.0567918 0.0573236 0.0574458 0.0574197 0.0573668 0.057205 0.0566045 0.0550006 0.0517347 0.046347 0.038908 0.0301644
 0.00398015 0.006414 0.00958506 0.0135077 0.0181941 0.0236023 0.0295596 0.0357428 0.041736 0.047119 0.0515414 0.0547819 0.0567926 0.0577045 0.0577858 0.0573678 0.0567596 0.0561544 0.0555334 0.0545969 0.0527814 0.0494261 0.0440818 0.0368336 0.0284182
 0.00423063 0.00681253 0.0101699 0.0143124 0.0192456 0.0249169 0.0311342 0.0375443 0.0436966 0.049138 0.0534948 0.0565385 0.0582312 0.0587261 0.0583133 0.0573402 0.0561324 0.0549136 0.0537156 0.0522997 0.0501577 0.0466678 0.0413991 0.0344269 0.026442
 0.00445894 0.00718675 0.0107398 0.0151287 0.0203539 0.0263452 0.0328781 0.0395571 0.0458899 0.0513923 0.0556731 0.0585001 0.0598446 0.0598796 0.0589211 0.0573419 0.0554896 0.053612 0.0517774 0.0498043 0.0472568 0.0435817 0.0383879 0.0317395 0.0242596
 0.00470207 0.00757528 0.0113141 0.0159277 0.021415 0.0277006 0.0345441 0.0415191 0.0480892 0.0537221 0.0579869 0.0606315 0.061633 0.0611908 0.0596562 0.0574353 0.054902 0.0523288 0.0498182 0.0472428 0.0442427 0.0403453 0.0352125 0.0289022 0.0219624
 0.00499901 0.00804276 0.0119905 0.0168421 0.0225869 0.0291386 0.03624 0.043441 0.0501786 0.0558948 0.0601361 0.062632 0.0633496 0.0624911 0.0604251 0.0575845 0.0543737 0.0510969 0.0478958 0.0446989 0.041224 0.0370835 0.0319981 0.0260239 0.0196325
 0.00529581 0.00851557 0.0126847 0.0177951 0.0238242 0.030666 0.038033 0.045439 0.052289 0.0580068 0.0621363 0.0644155 0.0648229 0.063571 0.0610352 0.0576538 0.0538405 0.0499183 0.0460644 0.0422659 0.0383218 0.0339324 0.0288813 0.0232261 0.0173652
 0.00558583 0.00897884 0.0133677 0.0187387 0.0250598 0.0322076 0.0398646 0.0475032 0.0544849 0.0602003 0.0641799 0.0661708 0.0661808 0.0644603 0.0614171 0.0575069 0.053146 0.0486578 0.0442339 0.039904 0.0355396 0.0309268 0.0259135 0.0205633 0.0152078
 0.00582703 0.00937549 0.0139739 0.0196096 0.0262435 0.03373 0.0417123 0.0496116 0.0567411 0.0624575 0.0662775 0.0679555 0.0675258 0.0652803 0.0616723 0.0571942 0.0522828 0.0472674 0.0423449 0.0375688 0.032862 0.0280804 0.0231286 0.0180775 0.0131999
 0.00612404 0.00984329 0.0146518 0.0205297 0.0274311 0.0352024 0.0434686 0.0516178 0.0589169 0.064674 0.0683694 0.0697477 0.0688653 0.0660608 0.0618447 0.0567603 0.0512786 0.0457464 0.0403704 0.0352198 0.0302519 0.025371 0.0205219 0.0157769 0.0113553
 0.00646507 0.0103778 0.0154197 0.0215558 0.0287236 0.0367494 0.0452321 0.0535305 0.0608864 0.066593 0.0701255 0.0712288 0.069965 0.0666889 0.0619396 0.0562985 0.0502758 0.0442506 0.0384535 0.032976 0.0278036 0.0228741 0.0181562 0.0137141 0.00971631
 0.00667449 0.0107219 0.0159447 0.0223084 0.0297431 0.0380543 0.0468041 0.0553052 0.062757 0.068427 0.0717864 0.0725964 0.0709482 0.0672291 0.0620069 0.0558859 0.0493961 0.0429374 0.0367645 0.0309969 0.025651 0.0206933 0.0161069 0.0119422 0.00831879
