SBPRF35
9.76723
Curr Bio
671126
B35
780239
F35
0.188527
FOFL
0.164701
OFL
91033.4
Bzero
2.79064e+006
#pred survey bio
 4.37489e+006 4.18889e+006 4.00024e+006 3.75948e+006 3.47623e+006 3.17327e+006 2.89455e+006 2.57501e+006 2.28351e+006 1.9948e+006 1.73718e+006 1.52044e+006 1.34735e+006 1.19289e+006 1.054e+006 934169 841924 776523 717608 680325 651230 625095 604340 593089 598222 599142 588444 585946 592166 593456 595348 595979 585967 582916 565285 554652 544979 543820 550770 549414 565971 568905 573645 587950 604800 614125 628298 638468 660880 677624 2.4236e+007 1.44954e+007 1.4673e+007 1.53185e+007 1.62598e+007 1.72936e+007 1.82772e+007 1.91353e+007 1.98426e+007 2.04037e+007 2.08373e+007 2.11664e+007 2.14135e+007 2.15977e+007 2.17346e+007 2.18363e+007 2.19121e+007 2.19686e+007 2.2011e+007 2.2043e+007 2.20672e+007 2.20856e+007 2.20997e+007 2.21105e+007 2.21189e+007 2.21254e+007 2.21304e+007 2.21343e+007 2.21374e+007 2.21398e+007 2.21417e+007 2.21432e+007 2.21443e+007 2.21452e+007 2.2146e+007 2.21466e+007 2.2147e+007 2.21474e+007 2.21477e+007 2.21479e+007 2.21481e+007 2.21482e+007 2.21483e+007 2.21484e+007 2.21485e+007 2.21486e+007 2.21486e+007 2.21486e+007 2.21487e+007 2.21487e+007 2.21487e+007 2.21487e+007 2.21487e+007 2.21487e+007 2.21488e+007 2.21488e+007 2.21488e+007 2.21488e+007 2.21488e+007 2.21488e+007 2.21488e+007 2.21488e+007 2.21488e+007 2.21488e+007 2.21488e+007 2.21488e+007 2.21488e+007 2.21488e+007 2.21488e+007 2.21488e+007 2.21488e+007 2.21488e+007 2.21488e+007 2.21488e+007 2.21488e+007 2.21488e+007 2.21488e+007 2.21488e+007 2.21488e+007 2.21488e+007 2.21488e+007 2.21488e+007 2.21488e+007 2.21488e+007 2.21488e+007 2.21488e+007 2.21488e+007 2.21488e+007 2.21488e+007 2.21488e+007 2.21488e+007 2.21488e+007 2.21488e+007 2.21488e+007 2.21488e+007 2.21488e+007 2.21488e+007 2.21488e+007 2.21488e+007 2.21488e+007 0 0 0 0 0 0 0 0 0 0 0 0 0 0 0 0 0 0 0 0 0 0 0 0 0
#obs survey bio
 3.32651e+006 3.05483e+006 4.1413e+006 3.60098e+006 3.10207e+006 3.0422e+006 2.42286e+006 2.20898e+006 1.46396e+006 1.98796e+006 1.09723e+006 1.17438e+006 1.23414e+006 844526 1.1949e+006 632709 821733 679331 740793 898454 632518 521513 565971 495216 532665 621656 631131 583182 421811 611654 457890 582175 563994 495397 546937 895273 536413 480677 570160 537727 651758 597854 510400 570301 549351 517820 667367 889336 587048 853580
#pred catch bio
 107726 109562 162408 214108 250541 249599 308887 304756 321281 309768 287175 259811 251519 242113 226481 201483 176058 167050 144911 134952 129926 123262 113807 99790.2 103153 111212 102249 93809 96827.7 94580.8 93658.6 99800.1 90780 99867 90287 88086.2 83259.3 80783 91028.7 78515 92445 92511 86772.3 87783.1 96963.3 94838.8 98979.8 89109.8 93535.7 91519.8 91033.4 102548 102628 105877 111740 118468 124865 130357 134773 138165 140685 142511 143808 144716 145345 145775 146068 146266 146399 146489 146548 146588 146615 146632 146644 146652 146657 146660 146662 146664 146665 146665 146666 146666 146666 146666 146666 146667 146667 146667 146667 146667 146667 146667 146667 146667 146667 146667 146667 146667 146667 146667 146667 146667 146667 146667 146667 146667 146667 146667 146667 146667 146667 146667 146667 146667 146667 146667 146667 146667 146667 146667 146667 146667 146667 146667 146667 146667 146667 146667 146667 146667 146667 146667 146667 146667 146667 146667 146667 146667 146667 146667 146667 146667 146667 146667 146667 146667 146667 146667 0 0 0 0 0 0 0 0 0 0 0 0 0 0 0 0 0 0 0 0 0 0 0 0 0
#obs catch bio
 0 109366 162836 214986 252378 250654 312425 307506 324437 312390 290676 264117 256908 248373 231059 206872 179675 170479 147471 136473 131777 125421 115736 101288 104885 112939 103498 94771.7 98093.3 95402.6 94357.8 100698 90803.2 100292 91018.9 88061.1 83185.6 80591.2 90914 77992.8 92321.2 92490.6 86857.1 87907.1 97557 95683.5 99674.1 88915.5 93657.1 91485.3
#pred cpue bio
 4.31236e+006 4.13e+006 3.94476e+006 3.70575e+006 3.42367e+006 3.12207e+006 2.84458e+006 2.52696e+006 2.23737e+006 1.95077e+006 1.69502e+006 1.47967e+006 1.30766e+006 1.15459e+006 1.01745e+006 899454 808882 745024 687774 651693 623552 598130 577926 567003 572056 573214 563178 561045 567363 568975 571248 572312 563090 560604 543860 533971 524270 521872 527594 525996 541993 544683 549052 562655 578685 587432 601184 611425 633590 650537 2.33294e+007 1.39793e+007 1.40573e+007 1.45787e+007 1.54719e+007 1.64932e+007 1.74741e+007 1.83316e+007 1.90388e+007 1.95999e+007 2.00335e+007 2.03626e+007 2.06097e+007 2.07939e+007 2.09308e+007 2.10325e+007 2.11083e+007 2.11648e+007 2.12072e+007 2.12392e+007 2.12634e+007 2.12818e+007 2.12959e+007 2.13067e+007 2.13151e+007 2.13216e+007 2.13266e+007 2.13305e+007 2.13336e+007 2.1336e+007 2.13379e+007 2.13393e+007 2.13405e+007 2.13414e+007 2.13422e+007 2.13427e+007 2.13432e+007 2.13436e+007 2.13439e+007 2.13441e+007 2.13443e+007 2.13444e+007 2.13445e+007 2.13446e+007 2.13447e+007 2.13447e+007 2.13448e+007 2.13448e+007 2.13449e+007 2.13449e+007 2.13449e+007 2.13449e+007 2.13449e+007 2.13449e+007 2.13449e+007 2.13449e+007 2.1345e+007 2.1345e+007 2.1345e+007 2.1345e+007 2.1345e+007 2.1345e+007 2.1345e+007 2.1345e+007 2.1345e+007 2.1345e+007 2.1345e+007 2.1345e+007 2.1345e+007 2.1345e+007 2.1345e+007 2.1345e+007 2.1345e+007 2.1345e+007 2.1345e+007 2.1345e+007 2.1345e+007 2.1345e+007 2.1345e+007 2.1345e+007 2.1345e+007 2.1345e+007 2.1345e+007 2.1345e+007 2.1345e+007 2.1345e+007 2.1345e+007 2.1345e+007 2.1345e+007 2.1345e+007 2.1345e+007 2.1345e+007 2.1345e+007 2.1345e+007 2.1345e+007 2.1345e+007 2.1345e+007 2.1345e+007 2.1345e+007 2.1345e+007 0 0 0 0 0 0 0 0 0 0 0 0 0 0 0 0 0 0 0 0 0 0 0 0 0
#obs cpue bio
 3.13456e+006 3.96535e+006 3.49939e+006 3.10053e+006 2.4247e+006 3.40892e+006 2.44876e+006 2.93363e+006 3.70568e+006 1.99375e+006 1.74452e+006 1.06835e+006 890181 993947 973398 628410 755853 694857 505180 583584 441545 450030 470289 465393 486380 584350 464411 471160 604160 629500 691039 556811 866352 592943 316008 667296 547586 630652 608150 651117 403121 454882 502797 534743 472713 435980 698142 769506 610053 584042
#pred surv len freq
 0.00514603 0.0083153 0.0124399 0.0174749 0.0232844 0.0295694 0.0358366 0.0415112 0.0461529 0.0496047 0.0519721 0.0534917 0.0544097 0.0549202 0.0551447 0.0551317 0.0548695 0.0542996 0.0533068 0.0516806 0.0490902 0.045151 0.0396235 0.0326601 0.0249133
 0.00526943 0.00843428 0.0124732 0.01731 0.0228237 0.0287939 0.0348466 0.0405058 0.0453483 0.0491371 0.0518446 0.0535941 0.0545915 0.0550702 0.0552387 0.0552319 0.0550827 0.054714 0.0539373 0.0524488 0.0498527 0.0457624 0.0399987 0.0328011 0.0248889
 0.00555915 0.0088762 0.013078 0.0180526 0.0236313 0.0295421 0.0353735 0.0406583 0.0450501 0.0484419 0.0509278 0.0526747 0.0538317 0.0545198 0.0548559 0.0549524 0.0548808 0.0546143 0.0539773 0.052629 0.0501136 0.0460069 0.0401424 0.0328132 0.024797
 0.0057833 0.00924974 0.0136558 0.0188871 0.0247556 0.0309423 0.0369612 0.042261 0.046436 0.0493796 0.0512608 0.0523791 0.0530234 0.0534024 0.0536353 0.0537711 0.0538048 0.0536634 0.053159 0.051946 0.0495525 0.0455329 0.0397155 0.0324122 0.0244298
 0.00600804 0.00961 0.0141901 0.0196322 0.0257443 0.0321972 0.0384807 0.0439998 0.0482891 0.0511769 0.0527838 0.0534049 0.0533894 0.053063 0.0526783 0.0523806 0.0521909 0.0520014 0.051564 0.05048 0.0482425 0.0443867 0.038733 0.031594 0.0237793
 0.00627855 0.0100365 0.0148075 0.0204659 0.0268079 0.0334897 0.0399817 0.0456673 0.0500599 0.0529678 0.0544865 0.0548781 0.0544635 0.0535705 0.052506 0.0515162 0.0507353 0.0501363 0.0494953 0.0483884 0.0462616 0.0426051 0.0372065 0.030354 0.022834
 0.00649021 0.0103815 0.0153285 0.0212029 0.0277908 0.0347267 0.041448 0.0473026 0.0517805 0.0546845 0.0561166 0.0563428 0.055673 0.0544131 0.0528545 0.0512594 0.0498237 0.0486155 0.0475054 0.0461301 0.0439483 0.0404238 0.0352964 0.028799 0.0216622
 0.00677721 0.0108375 0.0159957 0.0221148 0.0289685 0.0361712 0.0431307 0.0491588 0.053714 0.0565827 0.057868 0.0578509 0.0568599 0.0552121 0.0531976 0.051072 0.0490381 0.0472041 0.0455168 0.0437051 0.0413018 0.0378012 0.0329211 0.0268298 0.0201704
 0.00708787 0.0113273 0.0167048 0.0230711 0.0301846 0.0376392 0.0448149 0.050993 0.0556076 0.0584342 0.0595786 0.0593314 0.0580327 0.0560108 0.0535633 0.0509483 0.0483705 0.0459537 0.0436891 0.0413821 0.0386559 0.0350742 0.0303708 0.024666 0.0185082
 0.00748783 0.0119552 0.0176077 0.0242776 0.0316995 0.0394372 0.0468326 0.0531278 0.0577309 0.0604159 0.0613081 0.0607269 0.0590397 0.0565928 0.0536925 0.0505972 0.047509 0.0445553 0.0417527 0.0389637 0.035895 0.0321922 0.0276303 0.0223032 0.0166689
 0.00795051 0.0126779 0.0186403 0.0256465 0.0334033 0.0414417 0.0490631 0.055467 0.0600322 0.0625278 0.0631003 0.0621047 0.0599462 0.0570034 0.0536034 0.0500125 0.0464302 0.0429812 0.0396936 0.0364694 0.0330846 0.0292633 0.0248309 0.0198692 0.014757
 0.00834587 0.01331 0.0195711 0.0269244 0.0350526 0.0434463 0.0513506 0.0579064 0.0624534 0.064756 0.0649863 0.0635408 0.0608677 0.0573824 0.0534404 0.0493251 0.0452427 0.0413188 0.0375882 0.0339799 0.0303229 0.0264073 0.0221054 0.0174935 0.0128821
 0.00862049 0.0137546 0.0202372 0.0278602 0.036295 0.0450082 0.0532053 0.0599778 0.0646209 0.0668714 0.0668964 0.0651079 0.0619851 0.0579832 0.0534968 0.0488414 0.0442438 0.0398415 0.0356809 0.0317142 0.0278113 0.0238134 0.01963 0.015332 0.0111708
 0.00883855 0.0141111 0.0207779 0.0286295 0.0373286 0.0463204 0.0547756 0.0617446 0.0664881 0.0687233 0.0686127 0.066574 0.0630996 0.0586651 0.0536929 0.0485292 0.0434298 0.0385564 0.0339776 0.0296716 0.0255441 0.0214767 0.0174053 0.0133922 0.00963524
 0.00909497 0.0145141 0.021359 0.0294102 0.0383188 0.0475154 0.0561502 0.0632487 0.0680483 0.070252 0.0700184 0.0677702 0.0640104 0.0592282 0.0538615 0.0482742 0.0427417 0.0374481 0.0324882 0.0278718 0.0235412 0.0194136 0.0154455 0.0116873 0.00828787
 0.0092835 0.0148248 0.0218337 0.0300886 0.039228 0.0486557 0.0574817 0.0646914 0.0694979 0.0716054 0.0711925 0.0687077 0.0646741 0.0595928 0.0539079 0.0479875 0.0421137 0.0364824 0.0312082 0.0263298 0.0218256 0.0176471 0.0137692 0.0102313 0.00713905
 0.00936629 0.0149643 0.0220537 0.0304167 0.0396929 0.0492804 0.0582744 0.0656368 0.0705531 0.072702 0.0722467 0.0696349 0.0654038 0.0600771 0.0541205 0.0479171 0.0417567 0.035842 0.0302996 0.0251905 0.0205235 0.0162813 0.0124566 0.0090818 0.00622716
 0.00942595 0.015051 0.0221661 0.0305496 0.0398429 0.0494532 0.0584889 0.0659227 0.0709404 0.0732072 0.0728612 0.0703201 0.0660966 0.0607023 0.0546061 0.0482057 0.0418109 0.0356441 0.0298519 0.0245179 0.0196783 0.0153428 0.0115213 0.00824257 0.00555046
 0.00951746 0.0151945 0.0223713 0.0308202 0.0401735 0.049827 0.0588782 0.066294 0.071267 0.0734807 0.0730948 0.0705395 0.066322 0.0609334 0.0548175 0.0483531 0.0418449 0.0355236 0.0295546 0.0240465 0.0190641 0.0146438 0.0108126 0.00759896 0.00502692
 0.00963404 0.0153571 0.022567 0.0310214 0.040348 0.0499521 0.0589507 0.0663296 0.0712899 0.073512 0.0731474 0.07062 0.0664354 0.0610825 0.0549964 0.0485408 0.0420039 0.0356079 0.0295227 0.0238758 0.01876 0.0142409 0.0103668 0.00717122 0.00466623
 0.0097727 0.0155667 0.0228515 0.0313708 0.0407373 0.0503424 0.0592939 0.0665775 0.0714089 0.0734967 0.0730237 0.0704354 0.0662404 0.060916 0.0548787 0.0484732 0.0419702 0.0355783 0.0294608 0.0237502 0.0185562 0.0139688 0.0100578 0.00686732 0.00440469
 0.00984686 0.0156908 0.0230441 0.0316493 0.0411112 0.0508043 0.0598112 0.0670928 0.0718507 0.0737993 0.0731464 0.0703734 0.0660247 0.0606015 0.0545267 0.0481341 0.0416731 0.0353278 0.0292423 0.0235401 0.0183344 0.0137287 0.00980934 0.006632 0.00420478
 0.00992918 0.0158121 0.0232043 0.0318422 0.0413288 0.0510428 0.0600724 0.0673795 0.0721571 0.0741025 0.0734067 0.0705448 0.0660716 0.0605132 0.054322 0.0478538 0.0413642 0.0350279 0.0289707 0.023298 0.018113 0.0135197 0.00961216 0.00645424 0.00405701
 0.009976 0.0158809 0.0232939 0.0319464 0.0414378 0.0511457 0.0601616 0.0674532 0.0722214 0.0741701 0.0734901 0.0706469 0.0661795 0.0606004 0.05436 0.0478257 0.0412723 0.0348905 0.0288115 0.0231357 0.0179573 0.0133735 0.0094772 0.00633447 0.00395784
 0.00979422 0.0156134 0.0229437 0.0315348 0.0409993 0.0507186 0.0597806 0.0671475 0.0720151 0.0740824 0.0735337 0.0708246 0.0664798 0.0609952 0.054806 0.0482725 0.0416743 0.0352181 0.0290543 0.0232993 0.0180547 0.0134195 0.00948616 0.0063199 0.00393227
 0.00965645 0.0153984 0.022638 0.0311348 0.0405153 0.0501785 0.0592316 0.0666508 0.0716322 0.0738578 0.073485 0.0709438 0.0667428 0.0613707 0.0552592 0.048765 0.0421651 0.0356683 0.0294346 0.0235945 0.0182645 0.0135544 0.00956213 0.00635448 0.00394159
 0.00968434 0.0154324 0.0226677 0.0311427 0.04048 0.0500816 0.0590644 0.0664191 0.0713575 0.0735741 0.0732318 0.0707571 0.0666469 0.0613741 0.0553554 0.0489362 0.0423862 0.03591 0.0296678 0.0237954 0.0184188 0.0136591 0.00962343 0.0063835 0.00395045
 0.00967338 0.0154109 0.0226284 0.0310758 0.0403747 0.049929 0.0588608 0.0661687 0.0710738 0.0732799 0.0729576 0.0705368 0.0665114 0.0613444 0.0554371 0.0491185 0.0426445 0.0362115 0.0299774 0.0240818 0.0186592 0.0138421 0.00974911 0.00646077 0.00399235
 0.00951414 0.015174 0.0223126 0.0306942 0.0399509 0.04949 0.0584322 0.0657735 0.0707329 0.0730119 0.0727782 0.0704579 0.066541 0.0614854 0.0556859 0.0494626 0.0430614 0.0366697 0.0304406 0.0245141 0.0190319 0.014138 0.00996457 0.00660387 0.00407854
 0.00939932 0.0149936 0.0220535 0.0303508 0.0395282 0.0490075 0.0579261 0.0652925 0.0703268 0.0727179 0.0726123 0.070417 0.0666112 0.0616518 0.0559363 0.0497866 0.0434463 0.0370964 0.0308827 0.024941 0.019414 0.0144535 0.0102035 0.00676905 0.00418219
 0.00929457 0.0148279 0.0218131 0.0300262 0.0391168 0.0485171 0.0573787 0.0647268 0.0697943 0.0722739 0.0723039 0.0702733 0.0666382 0.0618343 0.0562457 0.0501898 0.0439116 0.0375954 0.0313878 0.025424 0.0198479 0.0148165 0.0104841 0.00696778 0.00431038
 0.00908372 0.0145165 0.0214024 0.0295371 0.0385825 0.0479719 0.0568501 0.0642353 0.0693582 0.0719139 0.0720444 0.0701394 0.06665 0.0619994 0.0565557 0.0506203 0.0444277 0.038158 0.0319587 0.0259686 0.0203365 0.0152268 0.010804 0.00719752 0.00446108
 0.00908353 0.0144947 0.0213312 0.0293807 0.0383101 0.0475761 0.0563593 0.0637093 0.068867 0.0715119 0.0717565 0.0699654 0.0665799 0.062027 0.056681 0.0508438 0.0447421 0.0385444 0.0323879 0.0264062 0.0207488 0.0155861 0.0110927 0.00741019 0.00460391
 0.00893485 0.0142779 0.0210496 0.0290499 0.0379486 0.0471939 0.0559536 0.0632726 0.0684047 0.071055 0.0713596 0.0696879 0.0664634 0.0620828 0.0568936 0.0511837 0.0451769 0.0390426 0.0329174 0.0269331 0.0212392 0.016011 0.0114335 0.00766157 0.0047733
 0.00886366 0.0141704 0.0209037 0.0288707 0.0377486 0.0469909 0.0557668 0.0631158 0.0682783 0.0709438 0.0712406 0.069547 0.0663086 0.0619447 0.0568118 0.0511895 0.0452829 0.0392419 0.0331891 0.0272478 0.0215641 0.0163147 0.0116916 0.00786069 0.00491239
 0.00951382 0.0150634 0.0219456 0.0298748 0.0384918 0.0473011 0.0555926 0.062537 0.0674575 0.0700546 0.0704122 0.0688444 0.0657444 0.0615047 0.0564795 0.0509582 0.0451544 0.0392171 0.0332599 0.0273938 0.0217558 0.0165197 0.0118815 0.00801627 0.005026
 0.0102932 0.0162614 0.0236111 0.0319838 0.0409272 0.0498406 0.057917 0.0642843 0.0683276 0.0699204 0.0693683 0.0671582 0.0637425 0.0594658 0.0545828 0.0492903 0.0437436 0.0380653 0.0323578 0.0267239 0.0212904 0.0162217 0.0117084 0.00792729 0.00498695
 0.0102467 0.0162904 0.0238464 0.0326061 0.0421131 0.0516776 0.0603267 0.0670011 0.0709502 0.0720181 0.0705986 0.0673572 0.0629585 0.0579244 0.0526004 0.0471755 0.0417296 0.0362906 0.0308832 0.0255599 0.0204182 0.015605 0.0113004 0.00767676 0.00484536
 0.00994637 0.015844 0.0232594 0.03193 0.0414558 0.0512037 0.0602392 0.0674902 0.0721125 0.0737797 0.0726943 0.0693941 0.0645436 0.0587942 0.0526909 0.0466095 0.0407413 0.0351322 0.0297562 0.0245882 0.0196543 0.0150508 0.0109284 0.00744644 0.0047146
 0.0100328 0.0159401 0.0233231 0.0318986 0.0412684 0.0508371 0.0597404 0.0669855 0.0717841 0.0738109 0.0732002 0.0703611 0.0658085 0.0600834 0.0537127 0.0471581 0.0407603 0.0347108 0.0290695 0.0238217 0.0189494 0.0144845 0.0105208 0.00718076 0.00455718
 0.00996359 0.0158394 0.0231914 0.0317381 0.0410755 0.0505947 0.0594194 0.066563 0.0712735 0.0732875 0.0727997 0.0702403 0.0660784 0.0607474 0.0546464 0.0481477 0.0415845 0.0352234 0.0292407 0.023723 0.018701 0.0141998 0.0102742 0.00700219 0.00444513
 0.010027 0.0159372 0.0233289 0.0319161 0.0412897 0.0508332 0.0596594 0.0667676 0.0713941 0.0732776 0.072638 0.0699543 0.0657506 0.0604904 0.0545525 0.0482397 0.0418 0.0354471 0.0293638 0.0236933 0.0185358 0.0139617 0.0100321 0.00680333 0.00430649
 0.0101374 0.0160997 0.0235415 0.0321665 0.0415581 0.0510993 0.0599058 0.0669804 0.0715591 0.0733772 0.0726514 0.0698646 0.0655572 0.0602218 0.0542657 0.0480003 0.0416511 0.0353853 0.0293438 0.0236571 0.0184469 0.013821 0.00986834 0.0066513 0.00418896
 0.0101859 0.0161724 0.0236396 0.0322861 0.0416909 0.0512334 0.0600279 0.067078 0.0716243 0.0734083 0.0726521 0.0698387 0.0655052 0.0601415 0.05416 0.0478836 0.0415468 0.0353133 0.0293065 0.0236372 0.018419 0.013769 0.00979401 0.00656961 0.00411669
 0.01014 0.0161128 0.023577 0.0322394 0.0416809 0.051274 0.060119 0.0672045 0.0717621 0.0735334 0.0727478 0.0698984 0.06553 0.0601365 0.0541306 0.0478361 0.0414896 0.0352572 0.0292601 0.0236019 0.0183886 0.0137346 0.00975147 0.00652215 0.00407191
 0.00996659 0.0158721 0.0232915 0.0319567 0.0414615 0.0511711 0.0601603 0.0673852 0.0720496 0.0738778 0.0730944 0.0701993 0.065753 0.0602696 0.0541798 0.0478193 0.041429 0.0351741 0.0291719 0.0235199 0.0183172 0.0136733 0.00969799 0.0064756 0.00403338
 0.00971306 0.0154846 0.0227566 0.0312843 0.0406893 0.0503663 0.0594171 0.0668116 0.0717402 0.0738829 0.0734012 0.0707384 0.0664243 0.0609726 0.0548372 0.0483851 0.0418867 0.035528 0.0294368 0.0237132 0.0184544 0.0137661 0.0097559 0.00650713 0.00404693
 0.00969654 0.0154309 0.0226271 0.0310287 0.0402614 0.0497481 0.0586399 0.0659608 0.0709385 0.0732583 0.0730538 0.0707152 0.0667106 0.0615004 0.055507 0.0490946 0.0425541 0.0361032 0.0299005 0.0240676 0.0187132 0.0139466 0.00987492 0.0065802 0.00408781
 0.00931022 0.0148745 0.0219207 0.0302316 0.0394494 0.0489795 0.0579349 0.0653087 0.0703284 0.072711 0.0726324 0.0705077 0.0667932 0.0619033 0.0561984 0.0499893 0.0435399 0.0370714 0.0307689 0.0247901 0.0192761 0.0143592 0.0101595 0.00676385 0.00419781
 0.00854444 0.0137434 0.0204325 0.0284751 0.0375768 0.0471719 0.0563677 0.0641241 0.069611 0.0724717 0.0728143 0.0710187 0.0675496 0.0628539 0.0573178 0.0512501 0.0448899 0.038431 0.032048 0.0259116 0.0201926 0.0150578 0.0106558 0.00709184 0.00439845
#obs surv len freq
 nan nan nan nan nan nan nan nan nan nan nan nan nan nan nan nan nan nan nan nan nan nan nan nan nan
 0.00448496 0.00734662 0.0111771 0.0159943 0.0216961 0.0279727 0.0342876 0.0400192 0.0446985 0.0481614 0.0505179 0.0520122 0.0529029 0.0534139 0.053727 0.0539811 0.054259 0.0545514 0.0546899 0.0542816 0.0527198 0.0493521 0.0438024 0.036283 0.0276674
 0.00461657 0.00756219 0.0115042 0.0164585 0.0223148 0.0287457 0.0351872 0.0409877 0.045656 0.0490217 0.0512046 0.05247 0.0531034 0.0533557 0.0534316 0.0534853 0.0536061 0.053784 0.0538471 0.0534004 0.0518389 0.0485147 0.0430531 0.0356597 0.027191
 0.00477983 0.00783012 0.0119121 0.0170409 0.0230984 0.0297385 0.0363667 0.0422955 0.0470042 0.0503068 0.0523235 0.0533326 0.0536419 0.0535312 0.0532371 0.0529434 0.0527626 0.0526986 0.0525866 0.0520355 0.0504453 0.0471736 0.041845 0.0346512 0.0264188
 0.00496824 0.0081391 0.0123822 0.0177118 0.0240018 0.030886 0.0377374 0.0438305 0.0486133 0.051883 0.0537578 0.0545237 0.0545018 0.0539915 0.0532548 0.0525062 0.0518906 0.0514424 0.0510228 0.0502626 0.0485797 0.0453436 0.0401775 0.0332498 0.0253418
 0.00518568 0.00849265 0.0129146 0.0184634 0.0250034 0.032148 0.0392374 0.0455083 0.0503775 0.0536271 0.0553741 0.0559121 0.0555729 0.0546678 0.053474 0.0522263 0.0510973 0.0501564 0.0493054 0.048218 0.0463524 0.0431059 0.0381059 0.0314913 0.023982
 0.00541258 0.0088656 0.0134834 0.0192766 0.026099 0.0335379 0.0408924 0.0473539 0.0523057 0.0555181 0.0571157 0.0574081 0.0567428 0.0554429 0.0537944 0.0520417 0.0503728 0.0488841 0.0475194 0.0460086 0.0438709 0.0405537 0.0357021 0.0294259 0.0223718
 0.00564204 0.00924187 0.014056 0.0200943 0.0272013 0.0349409 0.0425737 0.0492457 0.054303 0.0574974 0.0589546 0.0589987 0.057997 0.0562918 0.0541835 0.0519257 0.0497147 0.047663 0.0457485 0.0437575 0.0412816 0.037836 0.0330999 0.0271615 0.0205898
 0.00588711 0.00964147 0.0146597 0.0209493 0.028344 0.036383 0.0442882 0.0511616 0.0563146 0.0594838 0.0607983 0.0605958 0.0592607 0.0571525 0.0545864 0.0518273 0.0490801 0.0464696 0.0440006 0.0415101 0.0386629 0.0350509 0.0304002 0.0247871 0.0187048
 0.00612735 0.0100375 0.0152656 0.0218185 0.0295182 0.0378751 0.0460654 0.0531404 0.0583745 0.0614919 0.0626323 0.0621551 0.0604686 0.0579514 0.0549327 0.051686 0.0484219 0.0452739 0.0422688 0.0392885 0.0360674 0.032275 0.0276906 0.0223869 0.0167865
 0.0063693 0.0104329 0.0158647 0.02267 0.0306602 0.0393213 0.0477892 0.0550682 0.0603941 0.0634727 0.064446 0.0636915 0.0616427 0.0587048 0.055229 0.0515021 0.0477414 0.0440863 0.0405791 0.0371395 0.0335641 0.0295958 0.0250678 0.0200538 0.0149134
 0.00662623 0.0108526 0.0165 0.0235705 0.0318621 0.0408314 0.0495691 0.0570302 0.0624142 0.0654158 0.066188 0.0651315 0.0627056 0.0593397 0.0554059 0.0512069 0.0469696 0.0428403 0.0388748 0.0350232 0.0311347 0.0270171 0.0225532 0.0178193 0.013118
 0.00683929 0.0112075 0.0170496 0.0243691 0.0329537 0.0422316 0.0512472 0.0589028 0.0643585 0.0672936 0.0678705 0.0665137 0.0637121 0.0599232 0.0555423 0.0508889 0.0462002 0.0416309 0.0372494 0.0330319 0.0288725 0.0246335 0.0202393 0.0157679 0.0114708
 0.00707261 0.0115859 0.0176176 0.025168 0.0340145 0.0435628 0.0528214 0.0606506 0.0661744 0.0690536 0.0694512 0.0678079 0.0646385 0.0604307 0.0556083 0.0505132 0.0453969 0.0404231 0.0356714 0.0311397 0.0267582 0.0224335 0.018123 0.0139033 0.00997958
 0.00725597 0.0118926 0.0180949 0.0258639 0.0349669 0.0447823 0.0542758 0.0622613 0.067831 0.0706378 0.0708571 0.0689508 0.0654552 0.0608776 0.0556608 0.0501646 0.0446567 0.0393144 0.0342318 0.0294277 0.0248626 0.020478 0.0162556 0.0122676 0.00867696
 0.00742712 0.0121702 0.0185117 0.0264512 0.0357496 0.0457708 0.0554556 0.0635865 0.0692262 0.0720085 0.0721043 0.0699851 0.0662069 0.0613012 0.0557336 0.049882 0.0440272 0.0383586 0.0329844 0.0279434 0.0232233 0.0187941 0.0146556 0.0108726 0.00757047
 0.00751351 0.0123128 0.0187307 0.0267676 0.0361822 0.0463311 0.0561425 0.0643834 0.0701033 0.0729259 0.0730147 0.0708341 0.0669346 0.061847 0.0560443 0.0499187 0.0437694 0.0378055 0.0321558 0.0268828 0.022001 0.0175063 0.0134134 0.00977988 0.00669938
 0.00759139 0.0124326 0.0188986 0.0269862 0.0364518 0.0466521 0.0565154 0.0648083 0.0705774 0.0734421 0.0735599 0.0713875 0.0674659 0.0623163 0.0564041 0.0501193 0.0437672 0.0375716 0.0316838 0.0261942 0.0211476 0.0165672 0.0124828 0.00894764 0.00602902
 0.00766449 0.0125479 0.0190655 0.0272096 0.0367309 0.0469777 0.0568696 0.0651668 0.0709173 0.0737502 0.073836 0.0716407 0.0677054 0.0625416 0.0565996 0.0502544 0.0438023 0.0374672 0.0314129 0.0257529 0.0205622 0.0158934 0.0117948 0.00831994 0.0055168
 0.00773117 0.0126488 0.0192033 0.0273822 0.0369325 0.0472004 0.0571043 0.0654033 0.0711439 0.0739555 0.0740122 0.0717863 0.0678251 0.0626438 0.0566887 0.0503247 0.0438343 0.0374313 0.0312782 0.0255006 0.0201964 0.0154452 0.0113165 0.00786981 0.00514133
 0.00777767 0.0127213 0.0193062 0.027517 0.0370962 0.0473852 0.0572973 0.0655884 0.0713058 0.0740851 0.074108 0.0718534 0.0678717 0.0626773 0.0567143 0.0503429 0.0438384 0.0374057 0.0312017 0.0253536 0.0199719 0.0151561 0.0109948 0.00755671 0.00487341
 0.00781563 0.0127777 0.0193814 0.0276079 0.0371977 0.0474916 0.0574036 0.06569 0.0713985 0.0741645 0.0741711 0.0718993 0.0679025 0.0626973 0.056728 0.0503526 0.0438418 0.0373951 0.0311638 0.025274 0.0198417 0.0149788 0.0107881 0.00734796 0.00468935
 0.00785032 0.0128303 0.0194533 0.0276973 0.0372997 0.0475985 0.0575058 0.0657778 0.0714641 0.0742051 0.0741888 0.0719001 0.0678933 0.0626835 0.0567131 0.050338 0.0438267 0.0373753 0.0311315 0.0252197 0.0197578 0.0148647 0.010653 0.00720852 0.00456373
 0.00786873 0.0128587 0.0194933 0.027749 0.0373615 0.0476673 0.0575763 0.0658431 0.0715173 0.0742409 0.0742055 0.0719 0.0678813 0.062666 0.0566953 0.0503228 0.0438142 0.0373625 0.0311133 0.0251891 0.019709 0.014796 0.0105688 0.00711908 0.00448107
 0.00786645 0.012852 0.0194776 0.027719 0.0373129 0.0475997 0.0574955 0.0657606 0.0714473 0.0741955 0.0741914 0.0719174 0.0679257 0.0627303 0.0567721 0.0504053 0.0438963 0.0374383 0.0311765 0.0252337 0.0197303 0.0147925 0.010544 0.00708076 0.00443903
 0.00787314 0.0128574 0.0194756 0.0277004 0.0372678 0.047521 0.0573831 0.0656229 0.0713002 0.0740593 0.0740863 0.071859 0.0679212 0.0627777 0.0568614 0.0505221 0.0440256 0.0375666 0.0312927 0.0253295 0.0198 0.0148342 0.0105602 0.00707773 0.00442517
 0.00789701 0.0128929 0.0195224 0.0277552 0.0373234 0.0475673 0.0574074 0.065613 0.0712483 0.0739662 0.0739636 0.0717267 0.0678025 0.062692 0.0568196 0.050525 0.0440652 0.0376301 0.0313658 0.0253994 0.0198573 0.0148738 0.0105813 0.00708355 0.00442118
 0.00788214 0.0128692 0.0194879 0.0277082 0.0372639 0.0474965 0.0573286 0.0655309 0.0711677 0.0738908 0.073896 0.0716698 0.0677611 0.0626731 0.0568305 0.0505701 0.0441431 0.0377331 0.0314815 0.0255138 0.0199582 0.0149532 0.0106365 0.00711667 0.00443751
 0.00786943 0.0128459 0.019448 0.0276451 0.0371722 0.0473756 0.0571849 0.065378 0.0710231 0.0737711 0.0738121 0.071626 0.0677559 0.0627019 0.0568886 0.0506538 0.0442492 0.0378569 0.0316153 0.025647 0.0200797 0.015054 0.0107119 0.00716713 0.00446731
 0.00786203 0.01283 0.019417 0.0275905 0.0370853 0.0472512 0.0570247 0.065192 0.0708288 0.0735899 0.0736656 0.0715308 0.0677209 0.0627268 0.0569655 0.0507708 0.0443936 0.038017 0.0317806 0.0258073 0.0202251 0.0151762 0.0108063 0.00723332 0.00450911
 0.00784931 0.0128094 0.0193861 0.0275463 0.0370247 0.0471707 0.0569215 0.0650658 0.0706832 0.0734344 0.0735149 0.0714031 0.0676334 0.0626922 0.0569882 0.0508469 0.0445125 0.0381643 0.0319414 0.0259677 0.0203733 0.015303 0.0109062 0.00730535 0.00455619
 0.00781655 0.0127596 0.0193174 0.0274595 0.0369227 0.047058 0.0568034 0.0649481 0.0705712 0.0733321 0.0734255 0.0713304 0.067583 0.0626716 0.0570051 0.0509056 0.0446117 0.0382965 0.0320942 0.0261266 0.0205241 0.0154347 0.0110119 0.00738285 0.00460791
 0.0077819 0.0127003 0.0192231 0.0273201 0.036732 0.0468191 0.0565325 0.0646735 0.0703262 0.0731451 0.0733124 0.0712931 0.0676134 0.0627569 0.0571331 0.0510669 0.044799 0.0385022 0.0323087 0.0263379 0.0207194 0.0156028 0.0111458 0.00748101 0.0046736
 0.00776469 0.0126687 0.0191687 0.0272325 0.0366007 0.0466374 0.0563018 0.0644057 0.0700442 0.0728793 0.0730951 0.0711505 0.0675602 0.0627932 0.057247 0.0512395 0.0450105 0.0387351 0.0325481 0.0265704 0.0209326 0.0157862 0.0112925 0.00758912 0.00474651
 0.00773255 0.0126178 0.0190944 0.027131 0.0364693 0.0464746 0.0561087 0.0641873 0.0698106 0.0726458 0.0728818 0.0709804 0.067455 0.0627685 0.0573078 0.0513787 0.0452113 0.0389755 0.0328053 0.026824 0.0211659 0.0159868 0.0114529 0.00770758 0.00482671
 0.0093059 0.0148188 0.0217483 0.0298551 0.0387852 0.0479857 0.0566406 0.0638129 0.0687665 0.0712113 0.0712911 0.069393 0.0659661 0.0614319 0.0561523 0.0504168 0.0444416 0.038385 0.032372 0.0265215 0.0209665 0.015864 0.0113836 0.00767264 0.00481149
 0.00927056 0.0150524 0.0226129 0.031801 0.0421546 0.0527474 0.0622225 0.0691962 0.0728499 0.0732469 0.0711317 0.0674326 0.0628683 0.0578466 0.0525561 0.0470893 0.041515 0.035904 0.0303356 0.0249043 0.0197293 0.0149582 0.0107538 0.00726062 0.00456019
 0.00895148 0.0145482 0.0219024 0.0309304 0.0412906 0.0522145 0.0624638 0.0706151 0.0755665 0.0769177 0.0749933 0.0705917 0.0646761 0.0581235 0.0515607 0.0453063 0.0394278 0.033864 0.0285395 0.0234313 0.0185876 0.0141188 0.0101704 0.00687972 0.00432844
 0.0087984 0.0142894 0.0214949 0.0303307 0.0404708 0.051193 0.0613457 0.0696203 0.0750141 0.0771383 0.076179 0.072653 0.0672077 0.0605362 0.0533211 0.0461432 0.0393867 0.0332085 0.0275932 0.0224565 0.0177403 0.013461 0.00970292 0.00657281 0.00414218
 0.00873272 0.0141786 0.0213198 0.0300683 0.0400965 0.0506861 0.0606999 0.0688596 0.074212 0.0764325 0.0757638 0.0727301 0.0678961 0.0617826 0.0548766 0.0476437 0.0405034 0.0337766 0.0276451 0.0221581 0.0172898 0.0130123 0.00933888 0.00631627 0.00398087
 0.00868374 0.0141015 0.0212081 0.0299164 0.0398992 0.0504375 0.0603939 0.068492 0.0737853 0.0759655 0.0753044 0.0723652 0.067743 0.0619507 0.0554085 0.0484685 0.0414418 0.0346096 0.0282075 0.0223993 0.0172682 0.0128414 0.00912699 0.00613195 0.00385
 0.00867554 0.0140813 0.0211654 0.0298377 0.0397717 0.050255 0.0601609 0.0682223 0.0734966 0.0756729 0.0750194 0.0721032 0.067535 0.0618489 0.0554739 0.0487401 0.0419025 0.0351745 0.0287517 0.0228116 0.017497 0.0129039 0.00908315 0.00604702 0.00376878
 0.00865792 0.0140564 0.0211341 0.0298019 0.0397317 0.0502069 0.0600956 0.0681283 0.0733659 0.0755056 0.0748254 0.0718999 0.0673437 0.0616953 0.0553892 0.0487575 0.0420433 0.0354302 0.0290759 0.023133 0.0177498 0.0130552 0.00913962 0.00604106 0.00373656
 0.00864102 0.0140288 0.0210927 0.0297444 0.0396582 0.0501207 0.0600038 0.0680395 0.0732858 0.0754342 0.0747572 0.0718276 0.0672652 0.0616167 0.0553264 0.0487327 0.0420785 0.0355376 0.0292478 0.0233398 0.0179494 0.013211 0.00923542 0.00608268 0.00374296
 0.00866251 0.0140601 0.0211329 0.02979 0.0397033 0.0501585 0.0600273 0.0680437 0.0732682 0.0753952 0.0746993 0.071754 0.0671781 0.0615195 0.0552254 0.0486401 0.0420113 0.0355122 0.0292724 0.0234085 0.0180426 0.0133033 0.00930652 0.00612483 0.00376018
 0.0086615 0.0140636 0.0211475 0.029824 0.0397637 0.0502464 0.0601347 0.0681537 0.0733601 0.0754516 0.0747109 0.0717207 0.0671069 0.0614209 0.0551108 0.0485214 0.0419015 0.0354247 0.0292183 0.0233918 0.0180576 0.0133366 0.00934265 0.00615266 0.00377594
 0.00862356 0.0140043 0.0210631 0.0297143 0.0396338 0.0501081 0.0600069 0.0680585 0.0733159 0.0754654 0.0747749 0.0718161 0.0672114 0.0615163 0.055187 0.0485763 0.0419391 0.0354529 0.029246 0.0234257 0.0180999 0.0133837 0.00938753 0.00618887 0.00380046
 0.00862167 0.0139989 0.0210507 0.0296903 0.0395933 0.0500487 0.0599303 0.0679721 0.0732325 0.0753999 0.0747405 0.0718191 0.067249 0.061577 0.0552556 0.0486394 0.0419891 0.035489 0.0292725 0.023449 0.0181245 0.0134107 0.00941486 0.00621287 0.00381844
 0.00860681 0.0139757 0.0210175 0.0296459 0.0395371 0.0499807 0.0598515 0.0678854 0.0731431 0.0753165 0.0746736 0.0717799 0.0672457 0.0616119 0.0553231 0.0487274 0.0420835 0.0355778 0.029349 0.0235119 0.0181758 0.013453 0.00944941 0.00623989 0.0038379
 0.00861951 0.0139933 0.0210383 0.0296663 0.0395526 0.0499868 0.0598452 0.0678653 0.0731094 0.0752702 0.0746176 0.0717195 0.0671888 0.0615675 0.0552991 0.0487271 0.0421043 0.0356128 0.0293898 0.0235516 0.0182108 0.0134821 0.0094729 0.00625809 0.00385114
#pred catch len freq
 0.00489264 0.00769548 0.0111332 0.0150827 0.0194625 0.0242216 0.0292657 0.0344128 0.0394269 0.0440826 0.0482054 0.0516841 0.0544721 0.0565794 0.0580483 0.0589247 0.05924 0.0589961 0.0581336 0.0564775 0.0537058 0.0494238 0.0433849 0.0357651 0.0272833
 0.00502311 0.007839 0.0112264 0.0150346 0.0191915 0.0237067 0.0285793 0.0337048 0.0388601 0.0437557 0.0481118 0.051728 0.0545296 0.0565666 0.0579634 0.0588474 0.0592901 0.0592702 0.0586481 0.057148 0.0543785 0.0499441 0.0436653 0.0358124 0.0271754
 0.00533404 0.00830433 0.0118468 0.0157712 0.0199603 0.0243834 0.0290182 0.0337808 0.0385243 0.0430752 0.0472548 0.0508909 0.0538484 0.0560719 0.057606 0.0585668 0.0590717 0.0591518 0.0586773 0.0573286 0.0546472 0.0501959 0.0438088 0.0358146 0.0270667
 0.00559676 0.00872314 0.0124612 0.0166103 0.0210344 0.0256682 0.0304363 0.0351896 0.0397292 0.0438739 0.0475037 0.0505639 0.0530507 0.0549948 0.0564447 0.0574554 0.0580708 0.0582793 0.0579414 0.0567328 0.0541754 0.049807 0.0434546 0.0354679 0.0267345
 0.00586745 0.00914375 0.0130601 0.017407 0.0220431 0.0269008 0.0318944 0.0368458 0.0415024 0.0456139 0.0489999 0.0515885 0.0534282 0.0546663 0.0554906 0.0560596 0.0564484 0.0566113 0.0563471 0.0552757 0.0528815 0.0486804 0.0424904 0.0346629 0.0260906
 0.00617033 0.00960979 0.0137136 0.0182565 0.023086 0.0281297 0.033299 0.0384091 0.0431932 0.0473747 0.0507323 0.0531427 0.0546122 0.0552844 0.0554048 0.0552438 0.0550026 0.0547268 0.0542434 0.0531459 0.0508666 0.0468717 0.0409431 0.0334063 0.0251315
 0.00646343 0.0100672 0.014367 0.0191245 0.0241742 0.0294301 0.0347875 0.040043 0.0449138 0.0491149 0.0524202 0.0546964 0.0559275 0.0562281 0.0558262 0.055012 0.0540572 0.053114 0.0521153 0.0507216 0.0483792 0.044525 0.0388878 0.0317333 0.0238706
 0.00680563 0.0105957 0.015112 0.0200992 0.0253784 0.0308538 0.0364091 0.0418224 0.0467874 0.0509971 0.0542128 0.0562999 0.0572485 0.0571774 0.0563115 0.0549351 0.0533318 0.0517022 0.0500665 0.0481879 0.0455945 0.0417556 0.0363755 0.0296489 0.0222912
 0.00720542 0.0112084 0.0159657 0.0211985 0.0267091 0.0323906 0.0381176 0.0436554 0.0486821 0.0528759 0.0559875 0.0578775 0.0585374 0.0580922 0.056774 0.0548717 0.0526739 0.0504016 0.0481262 0.0456968 0.0427418 0.0388065 0.0336129 0.027303 0.0204882
 0.0076904 0.0119505 0.016997 0.0225204 0.0282974 0.0342036 0.0400985 0.0457305 0.050761 0.054859 0.0577769 0.059385 0.0596883 0.0588253 0.0570377 0.0546192 0.0518605 0.0489914 0.0461145 0.0431437 0.0397998 0.0357187 0.0306672 0.0247583 0.0185051
 0.00824038 0.0127896 0.0181586 0.0240016 0.030066 0.0362089 0.0422746 0.0479931 0.0530056 0.0569684 0.0596334 0.0608849 0.0607517 0.0593996 0.0570937 0.0541412 0.0508365 0.0474118 0.0439865 0.0405207 0.0368125 0.0325845 0.0276588 0.0221357 0.0164416
 0.00871175 0.013521 0.0191949 0.0253628 0.0317473 0.0381807 0.0444775 0.0503334 0.0553597 0.0591968 0.0615991 0.0624677 0.0618587 0.0599703 0.0570996 0.0535791 0.0497175 0.0457547 0.0418219 0.0379122 0.0338833 0.029531 0.0247297 0.0195739 0.0144153
 0.00908722 0.0141055 0.0200276 0.0264669 0.0331311 0.0398384 0.046383 0.0524306 0.0575564 0.0613681 0.0636007 0.0641547 0.063106 0.0606884 0.0572405 0.0531316 0.0486978 0.0441963 0.0397753 0.0354555 0.0311418 0.0266874 0.0220083 0.017193 0.0125279
 0.00940431 0.0146008 0.0207364 0.0274112 0.0343204 0.0412685 0.0480319 0.0542517 0.0594765 0.0632906 0.0654124 0.0657349 0.0643374 0.0614702 0.0575008 0.0528345 0.047842 0.0428109 0.0379164 0.0332105 0.0286387 0.0241 0.0195401 0.0150381 0.0108205
 0.0097514 0.0151311 0.0214723 0.0283542 0.0354564 0.0425757 0.0494829 0.0558086 0.0610855 0.0648807 0.0668992 0.0670277 0.0653476 0.0621193 0.0577261 0.0525937 0.0471174 0.0416126 0.0362859 0.031226 0.0264205 0.0218088 0.0173595 0.0131388 0.0093182
 0.00998368 0.0154993 0.0220089 0.0290833 0.0363897 0.0437068 0.0507805 0.057215 0.0625235 0.0662672 0.0681567 0.0680896 0.0661576 0.0626298 0.0578973 0.0523949 0.0465299 0.0406348 0.0349416 0.0295734 0.0245593 0.0198774 0.0155175 0.0115335 0.00804865
 0.0100672 0.0156369 0.0222206 0.0293923 0.0368218 0.0442873 0.0515267 0.0581266 0.0635738 0.0673995 0.0692902 0.069133 0.0670267 0.0632591 0.0582432 0.0524308 0.046241 0.0400177 0.0340097 0.0283674 0.0231559 0.018389 0.0140771 0.0102662 0.00704028
 0.0101622 0.0157755 0.022401 0.0296052 0.0370574 0.0445445 0.0518191 0.0584809 0.0640197 0.0679553 0.0699497 0.0698598 0.0677572 0.0639151 0.0587475 0.0527202 0.046273 0.039771 0.0334856 0.027593 0.0221893 0.0173195 0.0130133 0.00931285 0.00627215
 0.0102219 0.0158694 0.0225358 0.0297842 0.0372784 0.044799 0.0520931 0.0587584 0.0642909 0.0682237 0.0702317 0.0701751 0.0681137 0.0642969 0.0591126 0.0530097 0.046425 0.0397357 0.033236 0.0271319 0.0215528 0.0165741 0.0122454 0.00860872 0.00569585
 0.0103416 0.0160365 0.022737 0.0299913 0.0374584 0.0449284 0.0521683 0.0587956 0.0643153 0.068258 0.0702909 0.0702684 0.0682479 0.0644753 0.0593279 0.0532363 0.0466192 0.0398442 0.0332113 0.0269481 0.0212159 0.0161235 0.0117446 0.00812704 0.0052891
 0.0105034 0.0162772 0.0230565 0.0303723 0.0378677 0.0453226 0.0525007 0.0590247 0.0644166 0.0682326 0.070167 0.0700913 0.0680649 0.0643225 0.0592243 0.0531827 0.0465984 0.0398238 0.0331511 0.0268133 0.0209907 0.0158194 0.0113974 0.00778464 0.00499396
 0.0105843 0.0164081 0.0232519 0.0306438 0.0382203 0.0457481 0.0529722 0.0594953 0.0648262 0.0685228 0.0702975 0.0700525 0.0678809 0.0640425 0.0589064 0.0528761 0.0463311 0.0395992 0.0329525 0.0266144 0.0207696 0.0155697 0.0111318 0.0075287 0.00477418
 0.0106491 0.0165027 0.0233754 0.0307909 0.0383858 0.0459328 0.0531843 0.0597451 0.0651144 0.0688302 0.0705836 0.0702661 0.0679786 0.0640061 0.0587492 0.0526364 0.0460558 0.0393266 0.0327021 0.0263869 0.0205553 0.0153602 0.0109277 0.0073401 0.0046147
 0.0106296 0.016473 0.0233343 0.0307389 0.0383253 0.0458687 0.0531253 0.0597055 0.0651136 0.0688884 0.0707132 0.070462 0.0682136 0.0642369 0.0589315 0.0527415 0.0460794 0.0392847 0.0326189 0.0262827 0.0204414 0.0152413 0.0108079 0.00722646 0.00451603
 0.0104379 0.0161933 0.0229728 0.0303218 0.0378916 0.0454583 0.05277 0.0594273 0.0649286 0.068811 0.0707562 0.0706325 0.0685062 0.0646279 0.0593787 0.0531925 0.0464854 0.0396132 0.0328587 0.0264395 0.0205296 0.0152769 0.0108062 0.00720189 0.0044819
 0.0103256 0.0160198 0.022729 0.0300071 0.0375155 0.0450419 0.0523463 0.0590378 0.0646157 0.0686076 0.0706795 0.0706847 0.0686793 0.0649064 0.0597401 0.053605 0.0469095 0.0400087 0.0331935 0.0266964 0.0207069 0.0153846 0.0108602 0.00721969 0.00447912
 0.010311 0.0159914 0.0226775 0.0299202 0.0373803 0.0448489 0.0520946 0.0587393 0.0642959 0.0683025 0.070429 0.0705234 0.0686285 0.0649708 0.0599088 0.0538556 0.0472119 0.0403286 0.033497 0.0269563 0.0209071 0.0155223 0.0109431 0.00726148 0.00449465
 0.010247 0.0158923 0.0225374 0.0297363 0.0371525 0.0445795 0.0517892 0.0584083 0.0639567 0.0679796 0.070153 0.070327 0.0685402 0.0650084 0.0600736 0.0541315 0.0475685 0.0407269 0.0338964 0.0273207 0.0212109 0.0157531 0.0111022 0.00736005 0.00454893
 0.0100768 0.0156414 0.0222078 0.029346 0.0367296 0.0441525 0.0513803 0.0580329 0.0636265 0.0677072 0.0699527 0.070215 0.0685319 0.0651147 0.0602975 0.0544644 0.0479885 0.0412005 0.0343831 0.02778 0.0216096 0.016071 0.0113341 0.00751414 0.00464159
 0.00992986 0.0154169 0.021897 0.0289518 0.0362666 0.0436465 0.0508666 0.0575532 0.0632214 0.0674072 0.0697727 0.0701553 0.068585 0.0652716 0.0605501 0.054804 0.0484016 0.0416655 0.0348698 0.0282528 0.0220346 0.0164228 0.011601 0.00769878 0.0047575
 0.00979984 0.0152169 0.0216169 0.0285894 0.0358273 0.0431422 0.050318 0.0569919 0.0626903 0.0669554 0.0694468 0.0699883 0.0685892 0.0654378 0.0608538 0.0552138 0.0488859 0.0421939 0.0354115 0.0287759 0.0225078 0.0168207 0.0119096 0.00791784 0.00489899
 0.00959376 0.0149153 0.0212247 0.028131 0.035338 0.0426541 0.0498509 0.0565537 0.0622859 0.0665965 0.0691564 0.069798 0.0685302 0.0655303 0.0610994 0.0555947 0.0493696 0.0427409 0.0359811 0.0293297 0.0230118 0.0172485 0.0122458 0.0081607 0.00505897
 0.00954717 0.0148283 0.0210741 0.0278912 0.0349903 0.0422002 0.0493209 0.0560026 0.061776 0.0661765 0.0688501 0.0696087 0.0684536 0.0655652 0.0612487 0.0558589 0.0497391 0.0431926 0.0364805 0.0298371 0.0234885 0.0176629 0.0125782 0.00840532 0.0052231
 0.00942983 0.014659 0.0208575 0.0276412 0.0347209 0.0419138 0.0490045 0.0556374 0.0613566 0.0657267 0.0684231 0.0692684 0.0682507 0.0655222 0.0613617 0.0561083 0.0500997 0.0436364 0.0369757 0.0303471 0.0239751 0.0180923 0.0129272 0.00866523 0.00539952
 0.00931196 0.0144839 0.0206252 0.0273641 0.0344215 0.0416195 0.0487408 0.0554203 0.061186 0.0655863 0.0682892 0.0691271 0.068111 0.0654154 0.0613272 0.0561754 0.0502778 0.0439146 0.0373288 0.0307411 0.0243729 0.0184589 0.0132357 0.00890164 0.00556384
