SBPRF35
7.78865
Curr Bio
507640
B35
693159
F35
0.212243
FOFL
0.144354
OFL
55290.8
Bzero
2.22533e+006
#pred survey bio
 4.74983e+006 4.46831e+006 4.20369e+006 3.89389e+006 3.57031e+006 3.22517e+006 2.90914e+006 2.55467e+006 2.25359e+006 1.98162e+006 1.7453e+006 1.5587e+006 1.39624e+006 1.25482e+006 1.0903e+006 972805 866766 802094 766524 729877 684837 664647 656864 641646 627735 614951 608642 609214 600780 602625 598961 593452 585720 572719 558864 545248 531159 528750 526474 533031 538010 529238 536111 549106 556441 566505 575560 585550 591260 597797 603915 608172 598021 592472 577438 576662 546309 512799 1.70512e+007 1.02965e+007 1.06482e+007 1.14789e+007 1.25483e+007 1.3631e+007 1.45951e+007 1.53884e+007 1.60084e+007 1.64765e+007 1.68218e+007 1.70728e+007 1.72539e+007 1.73839e+007 1.74774e+007 1.75447e+007 1.75933e+007 1.76287e+007 1.76546e+007 1.76737e+007 1.76878e+007 1.76983e+007 1.77062e+007 1.77122e+007 1.77167e+007 1.77201e+007 1.77227e+007 1.77247e+007 1.77262e+007 1.77274e+007 1.77283e+007 1.7729e+007 1.77295e+007 1.77299e+007 1.77302e+007 1.77305e+007 1.77307e+007 1.77308e+007 1.77309e+007 1.7731e+007 1.77311e+007 1.77311e+007 1.77312e+007 1.77312e+007 1.77312e+007 1.77312e+007 1.77313e+007 1.77313e+007 1.77313e+007 1.77313e+007 1.77313e+007 1.77313e+007 1.77313e+007 1.77313e+007 1.77313e+007 1.77313e+007 1.77313e+007 1.77313e+007 1.77313e+007 1.77313e+007 1.77313e+007 1.77313e+007 1.77313e+007 1.77313e+007 1.77313e+007 1.77313e+007 1.77313e+007 1.77313e+007 1.77313e+007 1.77313e+007 1.77313e+007 1.77313e+007 1.77313e+007 1.77313e+007 1.77313e+007 1.77313e+007 1.77313e+007 1.77313e+007 1.77313e+007 1.77313e+007 1.77313e+007 1.77313e+007 1.77313e+007 1.77313e+007 1.77313e+007 1.77313e+007 1.77313e+007 1.77313e+007 1.77313e+007 1.77313e+007 1.77313e+007 1.77313e+007 1.77313e+007 1.77313e+007 1.77313e+007 1.77313e+007 1.77313e+007 1.77313e+007 1.77313e+007 1.77313e+007 0 0 0 0 0 0 0 0 0 0 0 0 0 0 0 0 0 0 0 0 0 0 0 0 0
#obs survey bio
 5.19778e+006 3.45915e+006 2.67896e+006 3.57891e+006 2.77752e+006 2.84211e+006 1.97516e+006 2.41569e+006 1.50576e+006 1.67991e+006 1.46717e+006 1.05847e+006 975136 998212 921828 730803 957678 815710 661249 496070 614739 540046 485761 527835 488514 439237 599212 586287 632043 488344 605242 392338 547987 386296 564199 594709 422960 472676 797536 591403 508002 369538 606110 527591 405911 450106 404372 444784 755226 421693 776734 601256 617948 546289 567331 688257 462481 630028
#pred catch bio
 116861 107176 163505 199916 249290 254958 321485 302584 301933 291414 264274 255753 245328 267686 225675 213106 174623 148103 147344 151199 126918 114385 118022 113601 109890 102518 95413.1 101668 92131.3 96264.3 96756.3 96958.8 98733.9 95722.2 91442.8 90375.5 83709.5 87837.4 82563.8 84843.8 96377 83413.2 79328.9 85064.6 83744.7 85594.8 85898.9 90523.4 90566.9 91467.3 93168.9 104823 100504 107574 94077.4 116480 115234 103777 55290.8 79067.5 80514.5 85557.1 93099.6 100980 107949 113560 117811 120897 123067 124556 125560 126227 126665 126950 127134 127253 127329 127377 127407 127427 127439 127447 127452 127455 127457 127458 127459 127459 127459 127460 127460 127460 127460 127460 127460 127460 127460 127460 127460 127460 127460 127460 127460 127460 127460 127460 127460 127460 127460 127460 127460 127460 127460 127460 127460 127460 127460 127460 127460 127460 127460 127460 127460 127460 127460 127460 127460 127460 127460 127460 127460 127460 127460 127460 127460 127460 127460 127460 127460 127460 127460 127460 127460 127460 127460 127460 127460 127460 127460 127460 127460 127460 127460 127460 127460 127460 127460 127460 0 0 0 0 0 0 0 0 0 0 0 0 0 0 0 0 0 0 0 0 0 0 0 0 0
#obs catch bio
 0 106899 164427 201100 252357 257880 329567 308291 309240 299732 271670 264137 253752 278585 232194 219794 177980 150874 150191 155609 129190 116581 120416 115355 111177 104090 96461.6 102957 92893.7 97594 97913 98599.8 100363 97278.6 92765.5 90891.5 84523.5 89080.6 82923.7 84895.2 96947.8 83943.9 79833.4 85505.4 84403.1 86142.2 86382.1 91089.9 91111 92144.2 93447.7 105490 100826 108357 94007.5 116310 115268 103753
#pred cpue bio
 4.67196e+006 4.3959e+006 4.13551e+006 3.82766e+006 3.50545e+006 3.16198e+006 2.84744e+006 2.49555e+006 2.19666e+006 1.92663e+006 1.69212e+006 1.50694e+006 1.34604e+006 1.20659e+006 1.04552e+006 930684 827351 764433 729872 694338 650886 631639 624486 610285 597347 585244 579292 580101 572141 573975 570495 565330 558167 546090 533401 520963 506863 502815 499528 505985 511112 502633 509178 521784 528874 538529 547256 556839 562259 568548 574510 578760 568918 563368 548860 548466 519383 487093 1.62067e+007 9.80226e+006 1.00415e+007 1.07329e+007 1.17496e+007 1.28191e+007 1.37803e+007 1.45731e+007 1.5193e+007 1.5661e+007 1.60063e+007 1.62574e+007 1.64384e+007 1.65685e+007 1.66619e+007 1.67292e+007 1.67779e+007 1.68132e+007 1.68391e+007 1.68582e+007 1.68723e+007 1.68829e+007 1.68908e+007 1.68967e+007 1.69013e+007 1.69047e+007 1.69073e+007 1.69093e+007 1.69108e+007 1.69119e+007 1.69128e+007 1.69135e+007 1.69141e+007 1.69145e+007 1.69148e+007 1.6915e+007 1.69152e+007 1.69154e+007 1.69155e+007 1.69156e+007 1.69156e+007 1.69157e+007 1.69157e+007 1.69158e+007 1.69158e+007 1.69158e+007 1.69158e+007 1.69158e+007 1.69158e+007 1.69158e+007 1.69158e+007 1.69158e+007 1.69158e+007 1.69159e+007 1.69159e+007 1.69159e+007 1.69159e+007 1.69159e+007 1.69159e+007 1.69159e+007 1.69159e+007 1.69159e+007 1.69159e+007 1.69159e+007 1.69159e+007 1.69159e+007 1.69159e+007 1.69159e+007 1.69159e+007 1.69159e+007 1.69159e+007 1.69159e+007 1.69159e+007 1.69159e+007 1.69159e+007 1.69159e+007 1.69159e+007 1.69159e+007 1.69159e+007 1.69159e+007 1.69159e+007 1.69159e+007 1.69159e+007 1.69159e+007 1.69159e+007 1.69159e+007 1.69159e+007 1.69159e+007 1.69159e+007 1.69159e+007 1.69159e+007 1.69159e+007 1.69159e+007 1.69159e+007 1.69159e+007 1.69159e+007 1.69159e+007 1.69159e+007 1.69159e+007 1.69159e+007 0 0 0 0 0 0 0 0 0 0 0 0 0 0 0 0 0 0 0 0 0 0 0 0 0
#obs cpue bio
 3.36851e+006 2.36647e+006 3.06309e+006 3.08072e+006 2.45045e+006 2.60266e+006 1.91945e+006 3.38072e+006 1.93002e+006 1.3169e+006 1.3455e+006 1.22286e+006 1.14677e+006 1.17123e+006 1.14636e+006 841735 830320 469626 673511 487268 762233 454010 694237 753414 816676 469485 578500 557274 504231 437070 534145 464215 525695 627998 457124 860159 350494 405768 536633 580404 433041 483945 382731 640553 474133 718523 717784 687611 394804 646160 567721 507126 557057 519185 690637 656559 530820 400166
#pred surv len freq
 0.00473099 0.00773897 0.0117554 0.0167957 0.0227557 0.0293211 0.0359431 0.0419787 0.0469327 0.0506191 0.0531385 0.0547394 0.0556879 0.0561964 0.0563919 0.0563072 0.0558938 0.0550462 0.053616 0.051402 0.0481467 0.0435965 0.0376585 0.0305833 0.0230243
 0.00500182 0.00807275 0.0120661 0.0169511 0.02263 0.0288689 0.035247 0.0412281 0.0463363 0.0503012 0.0530833 0.0548142 0.0557238 0.0560772 0.0561087 0.0559601 0.0556444 0.0550428 0.0539229 0.0519662 0.048821 0.0442078 0.038083 0.0307874 0.023054
 0.00528726 0.00854113 0.0127704 0.0179207 0.0238385 0.0302012 0.0364941 0.0421393 0.0467211 0.0501233 0.0524762 0.0539985 0.0548848 0.0552891 0.0553495 0.0551875 0.0548671 0.0543355 0.0533818 0.0516449 0.0486927 0.0441815 0.0380578 0.0307041 0.0229119
 0.00553331 0.00894474 0.0133858 0.018803 0.0250345 0.0317284 0.0383109 0.0441174 0.0486416 0.0517139 0.053488 0.0542933 0.0544829 0.0543435 0.0540623 0.0537293 0.0533492 0.0528329 0.0519649 0.0503814 0.0476252 0.0433105 0.0373515 0.0301268 0.022445
 0.00578896 0.00935422 0.0139916 0.0196436 0.0261405 0.0331167 0.039973 0.0460082 0.0506702 0.0537376 0.055314 0.0556991 0.055265 0.05438 0.0533568 0.0524049 0.0515964 0.0508499 0.0499209 0.0484091 0.0458231 0.041743 0.0360497 0.0290949 0.0216687
 0.0060705 0.00980749 0.0146655 0.0205807 0.0273699 0.0346421 0.0417622 0.0479897 0.0527443 0.0557921 0.0572319 0.0573526 0.0565077 0.0550566 0.0533375 0.0516324 0.0501175 0.04881 0.0475266 0.0458808 0.0433598 0.0395029 0.0341416 0.027575 0.0205424
 0.00627284 0.0101456 0.0151916 0.0213499 0.0284298 0.0360165 0.0434331 0.0498917 0.0547735 0.0578278 0.0591551 0.0590545 0.0578855 0.0560042 0.0537432 0.0513939 0.0491752 0.0471838 0.0453334 0.0433205 0.0406758 0.0369343 0.0318817 0.0257449 0.0191815
 0.00661741 0.0106863 0.01597 0.0223943 0.0297542 0.0376174 0.0452823 0.0519285 0.0569048 0.059937 0.0611172 0.0607505 0.0592127 0.056878 0.0540914 0.05115 0.0482835 0.0456223 0.0431474 0.0406467 0.0377373 0.0340021 0.0292157 0.0235359 0.0175171
 0.00697723 0.0112569 0.0168016 0.0235223 0.0311918 0.0393455 0.0472399 0.0540141 0.0589949 0.0619124 0.0628809 0.0622296 0.0603481 0.0576142 0.0543716 0.0509162 0.0474817 0.044217 0.0411475 0.0381364 0.0348925 0.0310739 0.0264779 0.0212158 0.0157401
 0.0073054 0.0117894 0.0176005 0.024643 0.0326705 0.0411801 0.0493711 0.0563214 0.0613147 0.0640738 0.0647393 0.0636858 0.0613489 0.0581404 0.0544184 0.0504766 0.0465389 0.0427514 0.0391605 0.0356836 0.0321106 0.0281808 0.0237336 0.0188546 0.0139067
 0.00765298 0.0123388 0.0183989 0.0257256 0.034057 0.0428673 0.0513224 0.0584575 0.0635165 0.0661958 0.0666312 0.0652135 0.0624132 0.0586859 0.0544312 0.0499694 0.0455324 0.0412643 0.0372172 0.0333386 0.029478 0.025445 0.0211244 0.0165905 0.0121322
 0.00790866 0.0127556 0.0190277 0.0266132 0.0352354 0.0443389 0.0530454 0.0603442 0.0654492 0.068051 0.0682979 0.0665982 0.0634378 0.0592872 0.0545653 0.0496163 0.044695 0.0399636 0.0354909 0.0312507 0.0271362 0.0230102 0.0187949 0.0145581 0.0105283
 0.00804927 0.013001 0.0194283 0.0272272 0.0361166 0.0455169 0.0545059 0.0620206 0.0672313 0.0698076 0.0699001 0.0679378 0.0644347 0.0598896 0.054744 0.0493581 0.0440001 0.0388462 0.0339845 0.0294176 0.0250779 0.0208714 0.0167489 0.0127706 0.0091138
 0.00809345 0.0130906 0.0195974 0.0275217 0.0365882 0.0462099 0.0554427 0.0631903 0.0685856 0.0712634 0.0713495 0.0692624 0.0655241 0.0606574 0.055135 0.0493469 0.0435835 0.0380383 0.0328171 0.0279475 0.023396 0.019105 0.0150481 0.0112779 0.00792788
 0.00837023 0.0135191 0.0202027 0.0283139 0.0375628 0.0473491 0.0567128 0.0645394 0.0699451 0.0725553 0.0724945 0.0701873 0.0661676 0.0609744 0.0551003 0.0489556 0.0428487 0.0369873 0.0314909 0.0264046 0.0217197 0.0174051 0.0134504 0.00989869 0.0068444
 0.0085139 0.0137571 0.020568 0.0288377 0.0382655 0.0482275 0.0577304 0.0656284 0.0710235 0.0735484 0.0733496 0.070873 0.0666629 0.0612589 0.0551514 0.0487524 0.0423791 0.0362541 0.0305158 0.0252324 0.0204203 0.0160718 0.0121889 0.00880557 0.00598363
 0.00875076 0.0141206 0.0210755 0.0294922 0.0390577 0.0491382 0.0587291 0.0666693 0.0720435 0.0744735 0.0741075 0.0714081 0.066947 0.0612912 0.0549492 0.0483379 0.041771 0.0354675 0.0295694 0.0241577 0.0192691 0.0149165 0.0111121 0.00788273 0.0052628
 0.00892373 0.0143815 0.0214301 0.0299325 0.0395639 0.0496847 0.0592888 0.0672174 0.0725607 0.0749474 0.0745298 0.0717683 0.0672264 0.0614642 0.0549898 0.0482274 0.0415012 0.0350398 0.0289946 0.0234589 0.0184856 0.0141046 0.0103384 0.00720925 0.00473108
 0.00897271 0.0144602 0.0215463 0.0300917 0.0397668 0.0499247 0.0595507 0.0674805 0.072806 0.0751663 0.0747274 0.071958 0.0674192 0.0616578 0.0551643 0.0483495 0.0415342 0.0349546 0.028777 0.0231139 0.0180388 0.0135997 0.00982992 0.00675009 0.00435945
 0.00891475 0.014393 0.0214948 0.0300949 0.0398667 0.0501476 0.0598933 0.0679063 0.073257 0.0755817 0.0750609 0.0721879 0.0675485 0.0617064 0.0551562 0.0483004 0.0414451 0.0348142 0.0285705 0.0228342 0.0176939 0.0132149 0.00944269 0.00639952 0.00407476
 0.00902054 0.0145438 0.0216839 0.0303064 0.0400849 0.050369 0.0601318 0.068185 0.0735896 0.0759541 0.0754279 0.0724875 0.0677272 0.0617388 0.0550509 0.0480894 0.0411668 0.0344983 0.028233 0.022481 0.0173304 0.0128532 0.00910269 0.00610373 0.00384016
 0.00901764 0.0145358 0.0216654 0.0302691 0.0400187 0.0502653 0.0599889 0.0680153 0.073424 0.0758392 0.0754117 0.0725986 0.067958 0.062046 0.055372 0.0483675 0.0413668 0.0346092 0.0282599 0.0224361 0.0172284 0.0127115 0.0089423 0.00594709 0.00370595
 0.00886967 0.0143155 0.0213716 0.0299142 0.0396249 0.0498588 0.0595955 0.0676592 0.0731292 0.0756307 0.0753154 0.0726385 0.068149 0.0623832 0.0558242 0.04888 0.0418751 0.0350569 0.0286109 0.0226775 0.0173661 0.0127637 0.00893382 0.00590434 0.00365207
 0.0088456 0.0142661 0.0212791 0.0297581 0.0393901 0.0495461 0.0592289 0.0672833 0.0727948 0.0753779 0.0751644 0.0725921 0.0682024 0.0625315 0.0560615 0.0491922 0.0422346 0.0354242 0.0289444 0.0229449 0.0175521 0.0128706 0.00897715 0.00590558 0.00363225
 0.00894278 0.0143987 0.0214311 0.029897 0.0394734 0.049534 0.059097 0.0670308 0.0724466 0.0749806 0.0747761 0.0722683 0.0679826 0.0624333 0.0560824 0.0493167 0.0424382 0.0356763 0.0292097 0.0231891 0.0177491 0.0130081 0.00905726 0.00594103 0.00363968
 0.00897182 0.0144548 0.0215305 0.0300557 0.039698 0.0498092 0.0593788 0.067253 0.0725425 0.0749094 0.0745409 0.0719146 0.0675811 0.0620565 0.0557857 0.0491287 0.042362 0.035695 0.0292945 0.0233065 0.017868 0.0131063 0.00912443 0.00597796 0.00365418
 0.00894211 0.0144071 0.0214609 0.0299639 0.0395906 0.0497025 0.0592972 0.0672207 0.0725698 0.0749822 0.0746222 0.0719616 0.067567 0.0619841 0.0556847 0.0490403 0.0423206 0.0357164 0.0293739 0.023424 0.0179976 0.0132245 0.00921659 0.00603969 0.0036894
 0.0089175 0.0143592 0.0213745 0.0298211 0.0393766 0.0494145 0.0589528 0.0668594 0.0722456 0.0747484 0.074514 0.0719844 0.0676961 0.0621763 0.0558973 0.0492472 0.0425159 0.0359071 0.0295675 0.0236196 0.0181851 0.0133898 0.00934809 0.00613326 0.00374851
 0.00902087 0.0145122 0.0215758 0.0300572 0.0396224 0.0496367 0.0591143 0.0669267 0.0721984 0.0745891 0.0742711 0.0717047 0.0674284 0.0619549 0.0557348 0.0491378 0.0424467 0.0358684 0.0295556 0.0236333 0.0182204 0.0134379 0.00939791 0.00617569 0.00377903
 0.00895413 0.0144217 0.0214726 0.0299617 0.0395574 0.0496166 0.0591367 0.0669721 0.072238 0.0745968 0.074234 0.0716274 0.0673313 0.0618663 0.05568 0.0491304 0.042486 0.0359429 0.0296505 0.0237359 0.0183215 0.0135306 0.00947676 0.00623694 0.00382192
 0.008897 0.0143356 0.0213566 0.0298218 0.0394074 0.0494781 0.0590361 0.066934 0.0722746 0.0746998 0.0743735 0.0717632 0.0674292 0.0619118 0.0556808 0.0491087 0.0424664 0.035942 0.0296738 0.0237794 0.0183768 0.0135887 0.00953013 0.00628068 0.00385396
 0.00877944 0.0141637 0.0211336 0.0295634 0.0391382 0.0492246 0.0588226 0.0667805 0.0721976 0.0747101 0.0744718 0.0719354 0.0676468 0.0621387 0.0558849 0.0492724 0.042589 0.0360352 0.0297519 0.0238526 0.0184481 0.0136558 0.00958872 0.00632736 0.00388761
 0.00861685 0.0139183 0.0208004 0.0291524 0.0386744 0.0487454 0.0583744 0.0664133 0.0719554 0.0746199 0.0745375 0.072139 0.0679551 0.0625113 0.0562803 0.0496537 0.0429296 0.036322 0.0299848 0.0240389 0.0185969 0.0137737 0.00967963 0.00639395 0.003933
 0.00841439 0.0136139 0.020389 0.028647 0.0381039 0.0481502 0.0578024 0.0659166 0.0715842 0.0744135 0.0745154 0.0722972 0.0682684 0.0629394 0.0567763 0.0501708 0.0434272 0.0367701 0.0303662 0.0243486 0.0188387 0.013956 0.00981207 0.00648568 0.00399276
 0.0083318 0.0134647 0.0201383 0.0282575 0.0375494 0.0474353 0.0569771 0.0650735 0.0708358 0.0738591 0.0742166 0.072271 0.0684939 0.0633708 0.0573542 0.0508314 0.0441094 0.0374221 0.0309493 0.0248402 0.0192307 0.0142522 0.010024 0.00662861 0.00408301
 0.00912517 0.0145675 0.0214511 0.0295689 0.0385926 0.0479806 0.0569112 0.0644248 0.0697454 0.0725272 0.07285 0.0710447 0.0675272 0.062718 0.0570104 0.050749 0.0442191 0.0376499 0.0312294 0.0251215 0.0194802 0.0144533 0.0101732 0.00673121 0.00414833
 0.00990717 0.0158048 0.0232379 0.0319382 0.0414725 0.0511495 0.0599819 0.0669041 0.0711772 0.0726581 0.0717208 0.068955 0.064906 0.0599805 0.0544651 0.0485712 0.0424691 0.0363106 0.030243 0.024417 0.0189901 0.0141215 0.0099559 0.00659502 0.0040678
 0.00962234 0.0154994 0.0230697 0.0321504 0.042328 0.0528217 0.0624531 0.0699248 0.0743083 0.0753779 0.0735616 0.0696281 0.0643754 0.0584561 0.052315 0.0461965 0.0401975 0.0343447 0.0286646 0.0232217 0.0181274 0.0135254 0.00956193 0.00634739 0.00392112
 0.0092831 0.0149692 0.0223219 0.0312022 0.0412693 0.0518405 0.0618309 0.0699739 0.0752491 0.0772112 0.0760139 0.0722181 0.0665761 0.0598721 0.0527946 0.0458378 0.0392663 0.0331558 0.0274812 0.0222069 0.0173455 0.0129716 0.0091966 0.00612162 0.00379043
 0.00923376 0.0148453 0.0220558 0.0307076 0.0404687 0.0507103 0.0604463 0.068529 0.0740335 0.0765403 0.0761281 0.073183 0.0682313 0.0618649 0.0546979 0.0473002 0.0401188 0.0334296 0.0273433 0.0218636 0.0169647 0.0126503 0.00896738 0.00597746 0.00370874
 0.00924292 0.0148621 0.022081 0.0307336 0.0404697 0.0506333 0.0602157 0.0680717 0.0733258 0.0756525 0.0752374 0.0725313 0.0680361 0.0622221 0.0555295 0.048379 0.0411631 0.0342158 0.0277776 0.0219822 0.0168793 0.0124811 0.00879938 0.00585014 0.00362789
 0.00935172 0.0150348 0.0223326 0.0310734 0.0408967 0.051129 0.0607352 0.0685391 0.0736417 0.0757189 0.0749961 0.0720025 0.0673334 0.0615247 0.0550138 0.0481425 0.0411846 0.0343783 0.0279379 0.0220416 0.0168154 0.0123325 0.00862589 0.00569861 0.00351914
 0.00929211 0.0149448 0.0222108 0.0309251 0.0407352 0.0509755 0.0606167 0.0684826 0.0736629 0.0758098 0.0751201 0.0721046 0.0673655 0.0614753 0.0549214 0.0480794 0.0412155 0.0345203 0.0281509 0.0222543 0.0169676 0.0124016 0.00862686 0.00566372 0.00347725
 0.0092874 0.0149204 0.0221438 0.0307861 0.0404983 0.0506336 0.0601938 0.0680343 0.0732624 0.0755253 0.0749938 0.0721405 0.0675308 0.0617154 0.0551833 0.0483327 0.0414588 0.0347676 0.0284086 0.0225083 0.0171888 0.0125647 0.00872471 0.00570799 0.00348859
 0.00928726 0.0149292 0.022172 0.0308449 0.0405914 0.0507475 0.0602939 0.0680739 0.0732034 0.0753601 0.0747532 0.0718819 0.0673135 0.0615768 0.0551298 0.0483473 0.0415174 0.0348524 0.0285102 0.0226194 0.017298 0.0126577 0.0087906 0.00574504 0.00350327
 0.00924421 0.0148629 0.0220801 0.0307295 0.0404613 0.0506184 0.0601861 0.0680052 0.0731795 0.0753689 0.074769 0.0718808 0.0672883 0.0615419 0.0551111 0.0483667 0.0415818 0.0349541 0.0286341 0.0227498 0.0174212 0.0127628 0.00887064 0.00579829 0.00353344
 0.00927183 0.0148961 0.0221086 0.0307371 0.0404306 0.0505389 0.060061 0.0678529 0.0730281 0.075246 0.074692 0.0718505 0.0672918 0.0615611 0.0551344 0.0483934 0.0416199 0.0350114 0.028712 0.0228417 0.0175163 0.0128496 0.00894102 0.00584869 0.00356504
 0.00923344 0.0148461 0.0220554 0.0306943 0.0404105 0.0505443 0.0600801 0.0678631 0.0730076 0.0751865 0.074604 0.0717578 0.0672191 0.0615229 0.0551313 0.0484175 0.0416618 0.0350657 0.0287766 0.0229144 0.0175921 0.0129217 0.00900231 0.00589509 0.00359609
 0.00920013 0.0147973 0.0219926 0.0306237 0.0403433 0.050495 0.0600635 0.0678885 0.0730731 0.0752757 0.0746904 0.071816 0.067236 0.0615027 0.0550903 0.0483741 0.0416293 0.0350499 0.028778 0.0229308 0.0176195 0.0129547 0.0090353 0.00592319 0.00361678
 0.00915024 0.0147208 0.0218863 0.0304886 0.0401851 0.0503251 0.0598989 0.067751 0.072985 0.0752534 0.0747371 0.0719197 0.0673724 0.0616442 0.0552159 0.0484749 0.0417076 0.0351136 0.0288347 0.022985 0.0176719 0.0130035 0.00907755 0.00595672 0.00364081
 0.00907022 0.0146012 0.0217259 0.0302933 0.0399668 0.0500987 0.0596808 0.0675586 0.0728359 0.0751637 0.0747187 0.0719764 0.067498 0.0618216 0.055421 0.0486826 0.0418985 0.0352777 0.0289708 0.0230963 0.0177627 0.0130767 0.00913478 0.00599905 0.00366984
 0.00909741 0.0146284 0.0217361 0.0302616 0.0398688 0.049923 0.0594382 0.0672815 0.0725677 0.074944 0.0745732 0.071915 0.0675181 0.0619127 0.0555667 0.0488627 0.0420912 0.0354636 0.0291362 0.0232349 0.0178737 0.0131624 0.00919859 0.00604432 0.0037
 0.00919351 0.0147872 0.0219776 0.0306008 0.0403058 0.0504314 0.0599594 0.0677332 0.0728687 0.0750434 0.074467 0.0716418 0.0671395 0.0614918 0.055154 0.0484913 0.0417775 0.035211 0.0289401 0.0230871 0.0177656 0.0130867 0.00914855 0.00601374 0.00368301
 0.00905832 0.0146051 0.0217738 0.0304237 0.0402151 0.0504782 0.0601661 0.0680838 0.0733106 0.0754996 0.0748556 0.0718983 0.0672344 0.0614356 0.0549873 0.0482668 0.0415424 0.0349978 0.0287647 0.0229527 0.0176685 0.0130201 0.00910538 0.00598758 0.00366841
 0.00898851 0.014496 0.0216199 0.0302278 0.039994 0.0502674 0.0600194 0.0680618 0.0734579 0.0758209 0.0753046 0.0723887 0.0676687 0.0617373 0.0551224 0.0482457 0.0414078 0.0348035 0.0285587 0.0227674 0.0175196 0.0129104 0.0090306 0.00594023 0.00364067
 0.00890935 0.0143572 0.0213932 0.0298833 0.0395109 0.0496495 0.0593094 0.067344 0.0728438 0.0754212 0.0751975 0.0725959 0.0681473 0.0623921 0.0558351 0.04891 0.0419553 0.0352114 0.0288397 0.0229515 0.0176382 0.0129876 0.00908145 0.00597352 0.00366169
 0.0089552 0.0144515 0.021569 0.0301763 0.0399419 0.0502012 0.0599121 0.0678865 0.0732108 0.0755396 0.075066 0.0722798 0.0677463 0.0619982 0.0555025 0.0486481 0.041742 0.035017 0.0286458 0.0227579 0.0174569 0.012833 0.00896238 0.0058907 0.00360957
 0.00859212 0.0139533 0.0209907 0.0296292 0.0395658 0.0501172 0.0601784 0.0684779 0.0740257 0.0764274 0.0758665 0.0728662 0.0680584 0.0620518 0.0553692 0.0484168 0.0414842 0.0347716 0.0284244 0.02256 0.0172822 0.012685 0.0088455 0.00580629 0.00355438
#obs surv len freq
 nan nan nan nan nan nan nan nan nan nan nan nan nan nan nan nan nan nan nan nan nan nan nan nan nan
 0.00448582 0.00734789 0.0111788 0.0159963 0.0216982 0.0279749 0.0342897 0.040021 0.0447 0.0481624 0.0505185 0.0520123 0.0529025 0.0534131 0.0537259 0.0539797 0.0542575 0.0545497 0.0546881 0.0542799 0.052718 0.0493505 0.0438009 0.0362818 0.0276665
 0.00461838 0.00756455 0.0115067 0.0164604 0.0223154 0.0287442 0.0351836 0.0409824 0.0456498 0.0490156 0.0511993 0.0524662 0.0531012 0.053355 0.0534323 0.0534869 0.0536084 0.0537867 0.05385 0.0534035 0.0518419 0.0485176 0.0430556 0.0356619 0.0271927
 0.00478389 0.00783666 0.0119218 0.0170541 0.0231151 0.0297577 0.0363865 0.0423135 0.0470177 0.0503141 0.0523242 0.0533278 0.0536332 0.0535204 0.0532255 0.0529319 0.0527514 0.0526878 0.0525761 0.0520254 0.0504356 0.0471646 0.041837 0.0346446 0.0264138
 0.00497187 0.00814434 0.0123889 0.0177195 0.0240099 0.030894 0.0377452 0.0438384 0.0486209 0.0518898 0.0537626 0.0545254 0.0545 0.0539864 0.0532474 0.0524977 0.051882 0.0514343 0.0510155 0.0502559 0.0485737 0.0453383 0.0401729 0.0332461 0.025339
 0.00519229 0.00850387 0.0129323 0.0184892 0.0250385 0.0321917 0.0392868 0.0455585 0.0504228 0.0536628 0.0553975 0.0559223 0.0555707 0.0546545 0.0534515 0.0521968 0.0510632 0.0501197 0.0492677 0.0481807 0.0463164 0.0430727 0.0380766 0.0314672 0.0239637
 0.00542107 0.00887981 0.0135056 0.0193091 0.0261439 0.0335959 0.0409623 0.0474318 0.0523853 0.0555916 0.0571756 0.0574484 0.0567604 0.0554377 0.0537687 0.0519993 0.0503179 0.0488208 0.0474514 0.045939 0.0438027 0.04049 0.0356458 0.0293795 0.0223365
 0.00565438 0.00926177 0.0140856 0.0201356 0.0272558 0.0350089 0.0426539 0.0493347 0.0543956 0.057587 0.0590343 0.0590615 0.0580371 0.0563052 0.054169 0.051885 0.0496518 0.0475832 0.0456576 0.0436609 0.0411849 0.0377445 0.0330186 0.0270944 0.0205387
 0.00589154 0.00965026 0.0146758 0.0209766 0.028386 0.0364417 0.0443629 0.0512484 0.0564074 0.059576 0.0608837 0.0606686 0.059316 0.0571856 0.0545939 0.0518074 0.0490333 0.0463992 0.0439118 0.0414095 0.0385581 0.0349494 0.0303088 0.0247112 0.0186469
 0.00613196 0.0100453 0.015278 0.0218373 0.0295457 0.0379135 0.0461166 0.0532049 0.0584508 0.0615761 0.0627182 0.0622355 0.0605362 0.0580002 0.0549584 0.0516856 0.0483943 0.0452201 0.042192 0.0391948 0.0359645 0.0321719 0.0275958 0.0223071 0.0167253
 0.0063854 0.0104581 0.015901 0.0227185 0.030721 0.0393931 0.0478693 0.0551526 0.0604782 0.0635523 0.0645175 0.0637521 0.0616896 0.0587347 0.0552385 0.0514886 0.0477032 0.0440232 0.0404932 0.0370355 0.0334493 0.0294797 0.02496 0.0199624 0.0148429
 0.00661491 0.010838 0.0164849 0.02356 0.031862 0.0408463 0.0496004 0.0570759 0.0624705 0.0654777 0.0662516 0.0651937 0.0627636 0.0593907 0.0554462 0.0512325 0.0469763 0.0428253 0.0388373 0.0349652 0.0310616 0.0269369 0.0224746 0.0177503 0.0130636
 0.00684586 0.0112136 0.0170509 0.0243593 0.032928 0.0421896 0.0511958 0.0588549 0.0643281 0.0672903 0.0678962 0.0665632 0.0637765 0.0599932 0.0556099 0.050948 0.0462457 0.0416585 0.0372564 0.0330183 0.0288411 0.02459 0.0201911 0.0157224 0.0114332
 0.00707242 0.0115873 0.0176227 0.0251787 0.034031 0.0435821 0.0528365 0.0606531 0.0661593 0.0690232 0.0694152 0.0677798 0.0646286 0.0604424 0.055638 0.0505528 0.0454371 0.040456 0.0356911 0.0311434 0.0267461 0.022409 0.0180916 0.0138712 0.00995168
 0.00727066 0.0119153 0.0181268 0.0259056 0.0350183 0.0448424 0.0543419 0.0623284 0.0678911 0.070681 0.070875 0.0689404 0.0654208 0.0608296 0.0556112 0.0501218 0.0446233 0.0392879 0.0342071 0.0294 0.0248294 0.0204398 0.0162158 0.0122303 0.00864594
 0.00745376 0.0122132 0.0185759 0.0265401 0.0358644 0.0459082 0.0556067 0.063737 0.0693594 0.0721094 0.0721624 0.0699955 0.0661705 0.0612245 0.055628 0.0497615 0.0439052 0.0382443 0.0328819 0.0278525 0.0231421 0.0187216 0.0145922 0.0108198 0.00752976
 0.00751741 0.0123213 0.0187476 0.0267979 0.0362309 0.0464019 0.0562352 0.0644935 0.0702215 0.0730401 0.0731119 0.0709028 0.0669666 0.0618393 0.0559992 0.0498434 0.0436748 0.037703 0.0320551 0.02679 0.021919 0.0174359 0.0133546 0.00973289 0.00666413
 0.00758568 0.0124242 0.018888 0.0269748 0.0364426 0.0466493 0.0565246 0.064835 0.0706251 0.0735107 0.0736436 0.0714761 0.0675467 0.0623772 0.0564365 0.0501198 0.0437384 0.0375203 0.0316194 0.0261258 0.0210821 0.0165092 0.0124344 0.00890951 0.00600096
 0.00766908 0.0125523 0.0190662 0.0272021 0.0367108 0.0469435 0.0568246 0.0651194 0.070879 0.0737319 0.0738452 0.0716788 0.0677671 0.0626164 0.0566741 0.050316 0.0438422 0.0374823 0.0314055 0.0257293 0.02053 0.0158591 0.0117634 0.00829411 0.00549743
 0.00774913 0.0126779 0.0192465 0.0274413 0.0370064 0.0472837 0.0571864 0.0654705 0.0711839 0.0739626 0.07399 0.0717457 0.0677798 0.0626041 0.056659 0.0503028 0.0438143 0.0374069 0.0312456 0.02546 0.0201512 0.0154003 0.0112765 0.00783757 0.00511776
 0.00776925 0.0127095 0.0192921 0.027503 0.037086 0.0473827 0.0573056 0.0656082 0.0713351 0.0741179 0.0741372 0.071873 0.06788 0.0626773 0.0567117 0.0503424 0.0438412 0.0374095 0.0312022 0.0253476 0.0199588 0.0151378 0.0109748 0.00753845 0.0048589
 0.00779776 0.0127498 0.0193416 0.0275558 0.0371349 0.0474223 0.0573352 0.0656322 0.0713612 0.0741544 0.0741892 0.0719406 0.0679581 0.0627577 0.0567861 0.050405 0.043888 0.0374351 0.0311969 0.0252989 0.0198573 0.0149855 0.010788 0.00734405 0.0046843
 0.0078345 0.0128037 0.0194117 0.0276368 0.0372177 0.0474962 0.0573893 0.0656589 0.071358 0.0741266 0.0741491 0.0719039 0.0679381 0.0627607 0.0568106 0.0504431 0.043929 0.037468 0.0312109 0.025284 0.0198066 0.0148988 0.0106744 0.00722025 0.00456914
 0.00786516 0.012851 0.019478 0.0277218 0.0373177 0.0476035 0.0574924 0.0657431 0.0714097 0.0741372 0.074119 0.0718427 0.0678619 0.062687 0.0567528 0.0504074 0.0439136 0.0374647 0.0312083 0.0252708 0.0197742 0.0148442 0.0106017 0.00713956 0.00449256
 0.00788059 0.0128718 0.0195015 0.027743 0.0373314 0.0476064 0.0574848 0.0657288 0.0713935 0.0741222 0.0741057 0.0718298 0.0678487 0.0626755 0.0567473 0.0504127 0.0439319 0.0374936 0.031241 0.0252976 0.0197864 0.014837 0.010576 0.00710161 0.00445131
 0.00787413 0.0128618 0.0194871 0.0277234 0.0373055 0.0475728 0.0574422 0.0656776 0.0713367 0.0740668 0.0740603 0.0718027 0.0678441 0.0626929 0.0567828 0.0504614 0.0439896 0.0375563 0.0313037 0.025354 0.0198298 0.0148625 0.010583 0.0070938 0.00443517
 0.0078935 0.0128874 0.0195149 0.0277461 0.0373148 0.0475626 0.0574113 0.0656295 0.0712781 0.0740046 0.0740009 0.0717513 0.0678059 0.0626721 0.0567817 0.0504792 0.044023 0.0376004 0.0313527 0.0254017 0.0198704 0.0148915 0.0105986 0.00709737 0.00443062
 0.00787494 0.0128584 0.0194732 0.0276903 0.0372435 0.0474753 0.0573088 0.0655155 0.0711602 0.0738947 0.0739125 0.0716966 0.0677921 0.0626999 0.0568462 0.050572 0.0441342 0.0377198 0.031471 0.0255106 0.0199631 0.0149637 0.0106491 0.00712818 0.0044462
 0.00789879 0.0128909 0.0195106 0.0277249 0.0372664 0.0474786 0.0572887 0.0654724 0.0710976 0.0738172 0.0738262 0.0716093 0.0677133 0.0626397 0.0568125 0.0505685 0.0441591 0.0377674 0.0315326 0.0255771 0.0200261 0.015017 0.0106892 0.00715466 0.00446122
 0.00787086 0.012848 0.0194507 0.0276475 0.037172 0.0473688 0.0571661 0.065342 0.0709679 0.0736997 0.0737333 0.0715514 0.0676962 0.062664 0.0568744 0.0506618 0.0442764 0.0378998 0.0316705 0.0257104 0.0201458 0.0151163 0.0107649 0.00720718 0.00449412
 0.0078378 0.012793 0.0193659 0.0275257 0.0370096 0.0471688 0.0569413 0.0651138 0.0707611 0.0735358 0.0736261 0.0715061 0.0677118 0.062735 0.0569929 0.0508175 0.0444574 0.0380936 0.0318649 0.0258938 0.0203082 0.0152508 0.0108681 0.00728003 0.00454101
 0.00780835 0.0127437 0.0192891 0.0274136 0.0368557 0.0469712 0.056706 0.0648559 0.0705038 0.0733063 0.0734499 0.0714021 0.0676888 0.0627914 0.0571184 0.0509966 0.0446725 0.0383271 0.0321001 0.0261159 0.0205053 0.0154144 0.0109943 0.00737002 0.00459973
 0.00780492 0.0127341 0.019267 0.0273704 0.0367821 0.0468604 0.0565561 0.064672 0.0702976 0.0730947 0.0732528 0.0712404 0.0675812 0.062751 0.0571497 0.051095 0.0448254 0.038517 0.0323077 0.0263227 0.0206955 0.0155764 0.011122 0.00746256 0.00466109
 0.00775039 0.0126503 0.0191501 0.0272196 0.0365999 0.0466516 0.0563284 0.0644363 0.070068 0.0728869 0.0730831 0.0711229 0.0675269 0.0627663 0.0572359 0.0512474 0.045033 0.0387635 0.0325728 0.0265853 0.0209366 0.0157818 0.0112838 0.00758 0.00473913
 0.00772008 0.012596 0.0190594 0.0270793 0.0364001 0.0463923 0.0560243 0.064116 0.0697661 0.0726344 0.0728998 0.071017 0.0674982 0.062811 0.0573485 0.0514207 0.0452575 0.0390255 0.0328549 0.0268675 0.0211991 0.0160082 0.0114643 0.00771222 0.00482774
 0.00930238 0.0148111 0.0217328 0.0298272 0.0387399 0.0479198 0.0565547 0.0637133 0.0686648 0.0711225 0.07123 0.0693689 0.0659802 0.0614771 0.0562175 0.0504914 0.0445183 0.0384598 0.0324424 0.0265842 0.0210186 0.0159035 0.0114105 0.00768897 0.0048203
 0.00928681 0.0150776 0.0226481 0.0318459 0.0422063 0.0528002 0.0622674 0.0692228 0.0728489 0.0732144 0.0710718 0.0673562 0.0627905 0.0577808 0.0525104 0.0470652 0.041509 0.0359107 0.0303498 0.0249217 0.0197466 0.0149729 0.0107646 0.00726739 0.00456372
 0.0089544 0.0145564 0.021921 0.030966 0.0413487 0.0522965 0.0625644 0.0707214 0.0756613 0.0769844 0.0750198 0.0705741 0.0646192 0.0580396 0.0514653 0.045214 0.039349 0.033803 0.0284962 0.0234026 0.0185696 0.0141079 0.0101638 0.00687555 0.00432567
 0.00878639 0.014272 0.0214731 0.0303073 0.0404507 0.051183 0.0613529 0.0696503 0.0750682 0.0772112 0.0762586 0.0727235 0.0672549 0.060552 0.053306 0.0461051 0.0393372 0.0331588 0.0275511 0.0224251 0.0177194 0.0134483 0.00969578 0.0065689 0.00414002
 0.0087506 0.014205 0.0213548 0.0301101 0.0401423 0.050733 0.0607458 0.0689035 0.0742536 0.076472 0.0758001 0.0727603 0.0679152 0.0617841 0.0548557 0.0476 0.0404415 0.0337051 0.0275738 0.0220949 0.0172391 0.012975 0.0093134 0.00630004 0.00397118
 0.00869503 0.0141205 0.0212377 0.0299593 0.0399565 0.0505073 0.0604705 0.0685665 0.0738482 0.0760101 0.0753287 0.0723713 0.0677346 0.0619308 0.0553778 0.0484263 0.041388 0.0345466 0.0281405 0.0223346 0.0172116 0.0127964 0.00909432 0.0061102 0.00383669
 0.00868066 0.0140917 0.0211848 0.0298708 0.039823 0.0503265 0.0602504 0.0683227 0.0735968 0.0757601 0.0750826 0.0721356 0.0675351 0.0618203 0.0554233 0.0486745 0.0418278 0.0350953 0.0286722 0.0227362 0.0174301 0.0128489 0.00904163 0.00601828 0.00375061
 0.00867114 0.0140759 0.02116 0.0298335 0.0397681 0.050248 0.0601427 0.068183 0.0734282 0.0755724 0.0748901 0.0719532 0.0673768 0.0617023 0.0553691 0.0487136 0.041982 0.0353588 0.0290011 0.0230606 0.0176845 0.0130003 0.0090971 0.00601081 0.00371693
 0.00865499 0.0140525 0.02113 0.0297989 0.0397318 0.0502115 0.0601051 0.0681405 0.0733752 0.0755033 0.0748025 0.0718493 0.0672648 0.0615955 0.0552849 0.0486719 0.0420018 0.0354504 0.0291569 0.0232521 0.0178707 0.0131453 0.00918451 0.00604631 0.00371916
 0.00865721 0.0140517 0.021121 0.0297748 0.0396865 0.0501437 0.0600201 0.06805 0.0732919 0.0754362 0.0747528 0.0718123 0.0672333 0.0615652 0.0552575 0.0486558 0.0420095 0.0354939 0.0292407 0.0233683 0.0179998 0.0132631 0.00927274 0.00609923 0.00374267
 0.00865232 0.0140486 0.0211247 0.0297919 0.0397216 0.0501955 0.060079 0.0681001 0.0733177 0.075429 0.0747142 0.0717511 0.0671604 0.0614889 0.0551831 0.0485882 0.0419556 0.0354619 0.0292378 0.0233955 0.0180499 0.0133225 0.0093268 0.00613849 0.00376516
 0.00863899 0.0140273 0.0210938 0.0297512 0.0396736 0.0501463 0.0600382 0.0680777 0.0733195 0.0754529 0.0747499 0.0717852 0.0671824 0.061495 0.0551757 0.0485732 0.0419398 0.0354522 0.0292402 0.0234135 0.0180823 0.0133634 0.0093677 0.00617205 0.00378791
 0.00863552 0.0140189 0.0210761 0.0297186 0.0396212 0.0500726 0.0599475 0.067981 0.073232 0.0753901 0.0747224 0.0717948 0.0672223 0.0615524 0.0552373 0.0486293 0.0419869 0.0354917 0.0292761 0.0234499 0.0181211 0.0134033 0.0094053 0.00620329 0.00381047
 0.00866233 0.0140603 0.0211341 0.0297927 0.0397072 0.0501621 0.060028 0.0680376 0.0732527 0.0753699 0.0746665 0.0717167 0.067138 0.061475 0.0551731 0.0485786 0.0419464 0.0354587 0.0292499 0.0234317 0.0181121 0.0134031 0.00941156 0.00621247 0.00381931
 0.00862672 0.0140123 0.0210801 0.0297445 0.039679 0.0501645 0.0600631 0.0680984 0.0733249 0.0754373 0.0747152 0.0717397 0.0671358 0.0614547 0.0551446 0.048551 0.0419248 0.0354444 0.0292419 0.0234287 0.0181133 0.0134081 0.00941909 0.00622095 0.00382704
 0.00862672 0.0140123 0.0210801 0.0297445 0.039679 0.0501645 0.0600631 0.0680984 0.0733249 0.0754373 0.0747152 0.0717397 0.0671358 0.0614547 0.0551446 0.048551 0.0419248 0.0354444 0.0292419 0.0234287 0.0181133 0.0134081 0.00941909 0.00622095 0.00382704
 0.00861469 0.013988 0.0210353 0.029671 0.0395723 0.0500301 0.0599196 0.0679742 0.073248 0.0754235 0.0747622 0.0718291 0.0672428 0.0615578 0.0552316 0.048619 0.0419771 0.035486 0.0292768 0.0234589 0.0181397 0.0134307 0.00943785 0.0062358 0.00383802
 0.00880031 0.0142806 0.021457 0.0302309 0.0402599 0.0508068 0.0607146 0.0686924 0.0737932 0.0757269 0.0748006 0.071624 0.0668449 0.0610277 0.0546277 0.0479915 0.0413674 0.0349259 0.0287882 0.0230538 0.0178209 0.0131934 0.00927179 0.0061273 0.00377237
 0.00878687 0.0142818 0.021501 0.030358 0.0405113 0.0512071 0.0612559 0.0693283 0.0744469 0.0763093 0.0752316 0.0718497 0.0668474 0.0608251 0.0542647 0.0475255 0.0408552 0.0344162 0.0283178 0.0226473 0.0174907 0.0129417 0.00909246 0.00600845 0.00369957
 0.00884469 0.0143645 0.0216059 0.0304793 0.0406464 0.0513648 0.0614581 0.0696024 0.0748078 0.0767429 0.0756883 0.0722557 0.0671276 0.0609273 0.0541733 0.0472621 0.0404677 0.0339633 0.0278555 0.0222198 0.0171269 0.0126549 0.00888279 0.00586674 0.0036114
 0.00878872 0.0142821 0.0214978 0.0303512 0.0405074 0.0512247 0.0613285 0.0694992 0.0747559 0.0767734 0.0758283 0.072512 0.0674744 0.0613075 0.0545157 0.0475057 0.0405811 0.0339497 0.0277451 0.0220548 0.0169479 0.012492 0.00875248 0.00577334 0.00355099
 0.00897072 0.0145577 0.0218741 0.0308199 0.0410451 0.0517957 0.061886 0.0699892 0.0751244 0.0769803 0.07586 0.0723862 0.067233 0.0609995 0.0541788 0.0471565 0.040219 0.0335704 0.0273528 0.0216669 0.0165895 0.0121865 0.00851395 0.00560333 0.00344069
 0.00920641 0.0149488 0.0224745 0.0316764 0.0421777 0.0531709 0.0633977 0.0714652 0.0763669 0.0778215 0.0762062 0.0722314 0.0666448 0.0600919 0.0530817 0.0459897 0.0390746 0.032507 0.0264018 0.0208438 0.0159027 0.0116399 0.00810409 0.00531737 0.00325689
#pred catch len freq
 0.00481278 0.0075783 0.0109812 0.0149092 0.0192911 0.024085 0.0292028 0.0344657 0.0396347 0.0444751 0.0487983 0.0524781 0.055455 0.0577255 0.0593123 0.0602298 0.0604649 0.0599714 0.0586597 0.0563712 0.0528685 0.0479035 0.0413923 0.0336208 0.025313
 0.00511918 0.00797658 0.0114002 0.0152313 0.0193981 0.0239221 0.0288214 0.0340071 0.0392584 0.0442729 0.0487484 0.0524643 0.0553351 0.0574096 0.0588137 0.0596673 0.0600169 0.0597993 0.0588334 0.0568337 0.0534614 0.0484407 0.0417427 0.0337511 0.025275
 0.00544683 0.00848973 0.0121294 0.0161745 0.020502 0.0250678 0.0298302 0.0346862 0.0394785 0.0440346 0.0481836 0.05176 0.054631 0.0567424 0.0581414 0.0589462 0.0592672 0.059113 0.0583221 0.0565583 0.0533921 0.0484763 0.0417702 0.0337041 0.0251524
 0.00574926 0.00896437 0.012814 0.0170976 0.021682 0.0265055 0.0314892 0.0364647 0.0411953 0.0454519 0.0490742 0.0519925 0.0542209 0.0558302 0.0569138 0.0575591 0.0578214 0.0576803 0.0569756 0.0553703 0.0524064 0.0476884 0.0411396 0.0331871 0.0247266
 0.00608224 0.00947802 0.0135373 0.0180441 0.0228552 0.0279054 0.0331103 0.0382847 0.0431552 0.0474353 0.0508986 0.0534279 0.055044 0.0558985 0.0562172 0.0562166 0.0560282 0.0556428 0.0548723 0.053342 0.0505571 0.0460848 0.0398116 0.0321357 0.023935
 0.00642849 0.0100147 0.0142973 0.0190434 0.0240954 0.0293767 0.0347904 0.0401354 0.0451204 0.0494397 0.052842 0.0551758 0.0564251 0.0567227 0.0563212 0.0555202 0.0545698 0.0535737 0.0524139 0.0507323 0.0480103 0.0437693 0.0378411 0.0305676 0.0227733
 0.00674331 0.0105091 0.0150098 0.0200012 0.0253136 0.0308559 0.0365108 0.0420503 0.0471556 0.0515013 0.0548253 0.0569707 0.0579144 0.0577782 0.0568058 0.0553084 0.0535867 0.0518357 0.0500474 0.0479568 0.045094 0.0409754 0.0353821 0.028576 0.0212923
 0.00717272 0.0111634 0.015915 0.0211576 0.0267048 0.0324607 0.0383062 0.0440042 0.0492148 0.0535841 0.0568249 0.0587668 0.0593872 0.058817 0.0573096 0.0551837 0.0527564 0.050265 0.0477806 0.0451419 0.0419752 0.0378497 0.0325336 0.0262134 0.0195114
 0.00764408 0.0118854 0.0169196 0.0224469 0.0282552 0.0342305 0.0402396 0.0460313 0.0512554 0.0555554 0.0586464 0.0603599 0.0606717 0.0597101 0.0577274 0.0550455 0.0519909 0.0488258 0.0456738 0.0424591 0.0389106 0.0346809 0.0295632 0.0236924 0.0175789
 0.00808099 0.0125644 0.0178837 0.0237173 0.0298309 0.0360876 0.0423257 0.0482597 0.0535091 0.0577016 0.0605572 0.0619298 0.0618258 0.0604005 0.0579224 0.0547155 0.0511017 0.0473468 0.0436023 0.0398552 0.0359258 0.0315569 0.0265883 0.0211267 0.0155841
 0.00852257 0.0132404 0.018825 0.0249296 0.0313016 0.037795 0.0442393 0.0503309 0.0556597 0.0598207 0.0625098 0.0635758 0.0630444 0.0611087 0.0580797 0.0543132 0.0501459 0.0458473 0.0415801 0.0373686 0.0331011 0.0285994 0.0237543 0.0186601 0.013647
 0.00888234 0.0138001 0.0196208 0.0259799 0.032607 0.0393378 0.0459806 0.0522084 0.0575907 0.0617104 0.0642586 0.0650828 0.0642106 0.0618451 0.0583189 0.0540176 0.049308 0.0444839 0.0397298 0.0351018 0.0305382 0.0259209 0.0211832 0.016412 0.0118705
 0.00910495 0.0141587 0.0201551 0.0267268 0.0335963 0.040584 0.0474712 0.053895 0.0593893 0.0635112 0.0659418 0.0665347 0.0653354 0.0625706 0.0585952 0.0538152 0.0486157 0.0433107 0.0381099 0.0331039 0.0282765 0.0235586 0.0189157 0.0144266 0.0102969
 0.00930012 0.0144685 0.0206086 0.0273493 0.0344086 0.0416001 0.0486911 0.0552956 0.0609184 0.0650872 0.06746 0.0678807 0.0664021 0.0632734 0.0588802 0.0536576 0.0480139 0.042281 0.0366883 0.0313542 0.026301 0.0215009 0.016945 0.0127031 0.00893103
 0.00962983 0.0149667 0.0212891 0.0282031 0.0354118 0.0427248 0.0499115 0.0565842 0.0622378 0.0663841 0.0686651 0.0689141 0.0671835 0.063734 0.0589719 0.053358 0.0473248 0.0412252 0.0353075 0.0297129 0.0244929 0.0196504 0.015195 0.0111861 0.00773579
 0.00985944 0.0153251 0.0218005 0.0288792 0.0362496 0.0437045 0.0509937 0.0577122 0.0633467 0.067414 0.0695691 0.0696572 0.0677351 0.0640619 0.0590431 0.053144 0.0468092 0.0404098 0.0342167 0.0283971 0.0230314 0.018149 0.0137732 0.00995352 0.00676484
 0.0100975 0.0156835 0.0222877 0.0294875 0.0369614 0.044502 0.0518613 0.0586308 0.0642839 0.0683183 0.0703759 0.0703028 0.0681719 0.0642658 0.0590087 0.0528751 0.0463115 0.0396909 0.0332932 0.0273037 0.0218278 0.0169188 0.0126126 0.00895041 0.00597673
 0.0102537 0.015915 0.0225949 0.0298569 0.0373716 0.0449321 0.0522986 0.0590725 0.0647341 0.0687819 0.0708497 0.0707684 0.0685937 0.0645972 0.0592043 0.0529004 0.0461474 0.0393329 0.0327503 0.026601 0.0210105 0.0160526 0.0117749 0.00821412 0.00539161
