SBPRF35
12.7214
Curr Bio
626777
B35
872176
F35
0.171564
FOFL
0.131937
OFL
74716
Bzero
3.63469e+06
#pred survey bio
 3.53813e+06 3.41347e+06 3.30188e+06 3.14054e+06 2.94555e+06 2.73412e+06 2.47324e+06 2.24496e+06 2.03709e+06 1.80261e+06 1.59854e+06 1.40177e+06 1.26468e+06 1.11822e+06 983573 860425 758619 704031 651908 619596 597889 579146 564984 549028 545294 546524 542761 544789 558723 569711 567734 559868 569276 573649 585555 589866 600520 603446 610107 614202 622301 627384 634634 641714 642679 644064 643779 634530 619243 600305 593832 631464 2.39893e+07 1.45927e+07 1.51177e+07 1.62968e+07 1.78929e+07 1.9631e+07 2.13082e+07 2.28059e+07 2.40745e+07 2.511e+07 2.59336e+07 2.65767e+07 2.70726e+07 2.7452e+07 2.77408e+07 2.79602e+07 2.81269e+07 2.82538e+07 2.83506e+07 2.84248e+07 2.84819e+07 2.85261e+07 2.85604e+07 2.85872e+07 2.86082e+07 2.86247e+07 2.86378e+07 2.86482e+07 2.86565e+07 2.86631e+07 2.86684e+07 2.86726e+07 2.86761e+07 2.86788e+07 2.86811e+07 2.86829e+07 2.86844e+07 2.86856e+07 2.86866e+07 2.86874e+07 2.8688e+07 2.86886e+07 2.8689e+07 2.86894e+07 2.86896e+07 2.86899e+07 2.86901e+07 2.86902e+07 2.86904e+07 2.86905e+07 2.86906e+07 2.86906e+07 2.86907e+07 2.86907e+07 2.86908e+07 2.86908e+07 2.86908e+07 2.86909e+07 2.86909e+07 2.86909e+07 2.86909e+07 2.86909e+07 2.86909e+07 2.86909e+07 2.86909e+07 2.86909e+07 2.86909e+07 2.86909e+07 2.86909e+07 2.86909e+07 2.86909e+07 2.86909e+07 2.86909e+07 2.86909e+07 2.86909e+07 2.86909e+07 2.86909e+07 2.86909e+07 2.86909e+07 2.86909e+07 2.86909e+07 2.86909e+07 2.86909e+07 2.86909e+07 2.86909e+07 2.86909e+07 2.86909e+07 2.86909e+07 2.86909e+07 2.86909e+07 2.86909e+07 2.86909e+07 2.86909e+07 2.86909e+07 2.86909e+07 2.86909e+07 2.86909e+07 2.86909e+07 2.86909e+07 2.86909e+07 0 0 0 0 0 0 0 0 0 0 0 0 0 0 0 0 0 0 0 0 0 0 0 0 0
#obs survey bio
 3.52176e+06 3.5002e+06 3.56208e+06 2.79372e+06 3.12116e+06 2.90201e+06 2.36283e+06 2.92642e+06 1.59187e+06 1.73489e+06 1.14306e+06 1.37688e+06 1.18218e+06 1.08066e+06 882832 767660 1.10501e+06 571874 589329 520742 523291 488797 390068 644370 601674 510622 542563 633677 459985 369613 711706 626302 528198 557772 623583 680239 840779 566464 503225 507776 470143 618646 579829 495270 952062 856516 650776 669247 685208 450939 453194 700080
#pred catch bio
 103877 99824.1 156881 201390 232646 295418 283378 281796 320702 305207 307207 259935 270509 258427 243826 218839 172901 166879 146768 135654 131105 125131 124269 111843 106289 108764 101939 91175.6 93922.6 104351 107591 92462.6 97702.8 92378.8 99588.1 94542.7 101357 98805.1 102349 100012 102855 100839 100695 104872 103001 103124 109331 112565 113634 102054 66278.5 55481.1 74716 96579.9 98740.7 105308 115320 126426 137083 146471 154277 160501 165312 168943 171635 173602 175023 176041 176765 177276 177636 177888 178065 178188 178273 178333 178374 178402 178422 178436 178445 178452 178456 178459 178461 178463 178464 178464 178465 178465 178465 178466 178466 178466 178466 178466 178466 178466 178466 178466 178466 178466 178466 178466 178466 178466 178466 178466 178466 178466 178466 178466 178466 178466 178466 178466 178466 178466 178466 178466 178466 178466 178466 178466 178466 178466 178466 178466 178466 178466 178466 178466 178466 178466 178466 178466 178466 178466 178466 178466 178466 178466 178466 178466 178466 178466 178466 178466 178466 178466 178466 178466 0 0 0 0 0 0 0 0 0 0 0 0 0 0 0 0 0 0 0 0 0 0 0 0 0
#obs catch bio
 0 99420.2 157080 201612 232403 297148 283977 282114 323447 307935 311806 263576 274894 261970 247891 221637 172970 167698 147292 137164 132216 126492 125600 112652 106677 109455 102048 90801.2 93308.2 104234 106972 91437.8 97460.8 92127 99579.4 94346.6 101077 98347.9 102455 100648 103322 100794 100808 104966 102279 102311 108551 111720 112967 101868 66262.3 55370.1
#pred cpue bio
 3.49767e+06 3.3743e+06 3.26251e+06 3.10086e+06 2.90604e+06 2.69464e+06 2.43427e+06 2.20632e+06 1.99866e+06 1.76492e+06 1.56167e+06 1.36604e+06 1.22986e+06 1.08499e+06 952080 830922 731142 677778 626739 595017 573847 555667 542015 526658 523336 524897 521622 524004 537914 548737 546942 539459 548606 552708 564338 568656 579233 582152 588435 592142 600132 605394 612706 619864 621142 622794 622668 613667 598748 580187 573642 610641 2.32506e+07 1.4156e+07 1.45202e+07 1.55465e+07 1.71006e+07 1.88309e+07 2.05068e+07 2.20043e+07 2.32729e+07 2.43084e+07 2.5132e+07 2.57751e+07 2.62711e+07 2.66504e+07 2.69392e+07 2.71586e+07 2.73253e+07 2.74522e+07 2.75491e+07 2.76233e+07 2.76804e+07 2.77245e+07 2.77588e+07 2.77856e+07 2.78066e+07 2.78232e+07 2.78362e+07 2.78466e+07 2.78549e+07 2.78615e+07 2.78668e+07 2.7871e+07 2.78745e+07 2.78773e+07 2.78795e+07 2.78813e+07 2.78828e+07 2.7884e+07 2.7885e+07 2.78858e+07 2.78865e+07 2.7887e+07 2.78874e+07 2.78878e+07 2.78881e+07 2.78883e+07 2.78885e+07 2.78887e+07 2.78888e+07 2.78889e+07 2.7889e+07 2.78891e+07 2.78891e+07 2.78892e+07 2.78892e+07 2.78892e+07 2.78893e+07 2.78893e+07 2.78893e+07 2.78893e+07 2.78893e+07 2.78893e+07 2.78893e+07 2.78893e+07 2.78894e+07 2.78894e+07 2.78894e+07 2.78894e+07 2.78894e+07 2.78894e+07 2.78894e+07 2.78894e+07 2.78894e+07 2.78894e+07 2.78894e+07 2.78894e+07 2.78894e+07 2.78894e+07 2.78894e+07 2.78894e+07 2.78894e+07 2.78894e+07 2.78894e+07 2.78894e+07 2.78894e+07 2.78894e+07 2.78894e+07 2.78894e+07 2.78894e+07 2.78894e+07 2.78894e+07 2.78894e+07 2.78894e+07 2.78894e+07 2.78894e+07 2.78894e+07 2.78894e+07 2.78894e+07 2.78894e+07 2.78894e+07 0 0 0 0 0 0 0 0 0 0 0 0 0 0 0 0 0 0 0 0 0 0 0 0 0
#obs cpue bio
 5.24417e+06 3.94479e+06 2.76375e+06 3.01176e+06 3.09088e+06 1.46284e+06 2.91954e+06 1.70926e+06 1.62805e+06 1.42731e+06 1.50275e+06 939028 1.22121e+06 1.07762e+06 783498 958514 723336 694280 645324 401078 676224 477655 727323 434375 532711 479098 689725 614978 876239 634047 682936 714989 386336 531534 509839 510684 510764 694203 494860 414846 915479 856528 577772 868911 813164 547134 656653 650375 551685 709073 456579 667045
#pred surv len freq
 0.00426836 0.0070083 0.0106953 0.0153622 0.0209281 0.0271109 0.0334055 0.0392167 0.044083 0.0478221 0.0505045 0.0523253 0.0534912 0.0541715 0.0544926 0.0545521 0.0544378 0.0542266 0.0539287 0.0533748 0.0521189 0.0494914 0.0448847 0.0381662 0.029933
 0.0046016 0.00745942 0.0112096 0.01584 0.021262 0.0272388 0.0333457 0.0390564 0.0439255 0.0477272 0.0504643 0.052287 0.0534087 0.0540475 0.0543865 0.0545498 0.0546007 0.0545454 0.0543059 0.053651 0.052137 0.0491701 0.0442602 0.0373745 0.0291453
 0.00468373 0.00765369 0.0116069 0.0165432 0.022337 0.0286523 0.0349307 0.0405467 0.0450569 0.0483479 0.0505801 0.0520195 0.052908 0.0534288 0.0537207 0.0538894 0.0539959 0.0540297 0.0538655 0.0532119 0.0515933 0.0484444 0.0433566 0.0363864 0.0282109
 0.0048476 0.00790046 0.0119475 0.0169899 0.0229185 0.029425 0.0359663 0.0418874 0.0466544 0.0500304 0.0520863 0.0530934 0.0534 0.0533382 0.0531638 0.0530286 0.0529812 0.0529684 0.0528118 0.0521667 0.0505213 0.0473117 0.0421726 0.0352209 0.0271678
 0.00506849 0.00825825 0.0124819 0.0177327 0.0238843 0.0306004 0.0373071 0.0433302 0.048139 0.051511 0.0535129 0.0543767 0.0543974 0.0538884 0.0531547 0.0524493 0.0519222 0.0515758 0.0512291 0.0504977 0.048826 0.04563 0.0405562 0.033747 0.0259232
 0.00525364 0.00857036 0.0129723 0.0184566 0.0248889 0.0319064 0.038889 0.0451086 0.0499941 0.0533109 0.055144 0.055757 0.0554658 0.0545816 0.0533951 0.0521621 0.0510738 0.0502037 0.0494394 0.048434 0.0466355 0.043448 0.0385072 0.0319449 0.024457
 0.00554118 0.00902986 0.01365 0.0193926 0.0261133 0.0334309 0.0406945 0.0471349 0.052139 0.0554406 0.0571115 0.0574238 0.0567217 0.0553524 0.0536353 0.0518408 0.0501697 0.0487196 0.047426 0.0460043 0.0439587 0.0407261 0.0359449 0.0297176 0.0226807
 0.00582831 0.00949227 0.0143376 0.0203488 0.0273667 0.0349837 0.0425104 0.0491371 0.0542222 0.057491 0.0590206 0.0590913 0.0580525 0.0562583 0.05404 0.0516859 0.0494178 0.0473595 0.0454864 0.0435721 0.0411913 0.0378422 0.0331892 0.0273096 0.0207653
 0.00605534 0.00987187 0.0149284 0.0212115 0.028552 0.0365118 0.0443512 0.0512043 0.0563877 0.0596128 0.0609686 0.0607613 0.0593663 0.0571551 0.0544671 0.0515926 0.0487584 0.0461042 0.0436406 0.0412002 0.0384348 0.034918 0.0303574 0.0248145 0.0187742
 0.00633994 0.0103381 0.015637 0.0222226 0.0299144 0.0382455 0.0464275 0.0535352 0.058833 0.0620031 0.0631339 0.0625559 0.0606852 0.0579384 0.0546907 0.051251 0.0478486 0.0446229 0.041599 0.0386534 0.0355105 0.0318254 0.0273597 0.0221684 0.0166604
 0.00659197 0.0107511 0.0162651 0.0231195 0.0311245 0.0397891 0.0482848 0.0556376 0.0610697 0.0642377 0.0652222 0.06436 0.0620851 0.0588418 0.0550395 0.0510193 0.0470336 0.0432363 0.0396687 0.036241 0.032737 0.0288846 0.0244986 0.0196329 0.0146283
 0.00684381 0.0111689 0.0169094 0.0240516 0.0323937 0.0414129 0.0502288 0.0578091 0.063332 0.0664374 0.0672153 0.0660263 0.063332 0.0596028 0.0552713 0.050699 0.0461562 0.0418135 0.0377336 0.0338615 0.030034 0.0260416 0.0217461 0.0171995 0.0126795
 0.00695554 0.0113581 0.0172095 0.024502 0.0330364 0.0422843 0.0513477 0.0591666 0.064885 0.068109 0.0689016 0.0676086 0.0646919 0.0606363 0.0558961 0.0508569 0.0458118 0.0409547 0.0363768 0.0320625 0.0279012 0.0237405 0.0194823 0.0151769 0.0110478
 0.00714269 0.0116672 0.0176834 0.0251827 0.0339559 0.0434501 0.0527304 0.0606971 0.0664676 0.0696429 0.0702978 0.0687958 0.0656142 0.0612479 0.0561588 0.0507389 0.0452891 0.040015 0.0350286 0.0303482 0.0259117 0.0216199 0.0174116 0.0133356 0.00956693
 0.00727696 0.0119032 0.0180713 0.0257799 0.0348141 0.044594 0.054137 0.0622889 0.0681248 0.0712292 0.071688 0.0698955 0.0663676 0.061635 0.0561836 0.0504147 0.0446279 0.0390255 0.0337244 0.0287642 0.0241206 0.0197391 0.0155913 0.0117261 0.00827697
 0.00740739 0.0121225 0.0184156 0.02629 0.0355291 0.045541 0.0553167 0.0636643 0.0696186 0.0727309 0.0730696 0.0710333 0.067165 0.0620382 0.0561838 0.0500373 0.0439143 0.0380187 0.0324647 0.0272976 0.0225133 0.0180878 0.0140161 0.0103462 0.00717791
 0.00765125 0.0124913 0.01892 0.0269239 0.0362757 0.0463808 0.0562324 0.0646382 0.0706269 0.0737377 0.0740236 0.0718687 0.0678086 0.062422 0.0562594 0.0497856 0.0433464 0.0371685 0.0313797 0.0260349 0.0211432 0.0166968 0.0127035 0.00920586 0.00627503
 0.00778714 0.0126958 0.0191966 0.0272636 0.0366583 0.0467792 0.0566188 0.0649928 0.0709472 0.0740436 0.0743505 0.0722478 0.0682431 0.0628744 0.0566578 0.0500455 0.0433965 0.0369688 0.0309279 0.0253633 0.0203121 0.0157874 0.0118064 0.00840527 0.00563024
 0.00798776 0.0130117 0.0196515 0.0278688 0.0374061 0.0476356 0.0575178 0.0658423 0.0716492 0.0745239 0.0745822 0.0722572 0.0680941 0.0626396 0.0563893 0.0497576 0.0430675 0.0365594 0.0304046 0.0247179 0.0195689 0.0149995 0.0110427 0.00773184 0.00509293
 0.00802568 0.0130833 0.0197776 0.0280749 0.0377162 0.048062 0.0580514 0.0664477 0.0722689 0.07509 0.0750312 0.0725446 0.0682057 0.0625933 0.0562255 0.0495204 0.0427858 0.0362378 0.0300299 0.0242755 0.0190605 0.014451 0.0104994 0.0072438 0.00469812
 0.00804502 0.0131071 0.0198004 0.02809 0.0377216 0.0480675 0.0580821 0.0665384 0.07245 0.0753706 0.0753901 0.0729338 0.0685654 0.0628713 0.0563918 0.0495711 0.0427354 0.036106 0.0298304 0.0240149 0.0187457 0.0140988 0.0101391 0.00691092 0.00442256
 0.00804835 0.0131167 0.019822 0.0281298 0.037783 0.0481475 0.0581701 0.0666215 0.072522 0.0754393 0.0754754 0.0730554 0.0687279 0.0630572 0.0565671 0.0496993 0.0427915 0.0360813 0.0297297 0.0238496 0.0185306 0.0138523 0.00988441 0.0066737 0.00422442
 0.00802234 0.0130762 0.019765 0.0280568 0.0376984 0.0480603 0.0580935 0.06657 0.0725067 0.0754643 0.0755387 0.0731531 0.0688579 0.0632173 0.0567489 0.0498845 0.042954 0.0361956 0.0297788 0.0238294 0.0184488 0.0137256 0.00973491 0.00652439 0.00409443
 0.00800935 0.0130582 0.0197434 0.0280349 0.0376798 0.0480476 0.0580876 0.0665703 0.0725129 0.0754773 0.0755605 0.0731857 0.0689027 0.0632748 0.0568188 0.049964 0.0430352 0.0362649 0.0298208 0.023832 0.0184085 0.0136491 0.00963665 0.00642189 0.00400303
 0.00796834 0.0129803 0.0196066 0.0278143 0.0373573 0.0476246 0.0575953 0.0660682 0.072074 0.0751665 0.0754175 0.0732194 0.0690946 0.063589 0.0572118 0.0503926 0.0434616 0.0366583 0.0301573 0.0240957 0.0185927 0.0137579 0.00968365 0.00642674 0.00398577
 0.00783953 0.0127864 0.0193428 0.0274842 0.0369691 0.0471865 0.0571153 0.0655605 0.0715678 0.0747105 0.0750734 0.0730454 0.0691266 0.0638277 0.0576239 0.050922 0.0440446 0.0372361 0.0306836 0.0245391 0.0189372 0.014002 0.00983867 0.00651233 0.00402456
 0.0078042 0.0127191 0.019224 0.0272922 0.0366876 0.0468152 0.056677 0.0650973 0.0711271 0.0743302 0.0747764 0.0728458 0.0690389 0.0638688 0.0578044 0.0512355 0.0444622 0.0377118 0.0311651 0.0249798 0.0193048 0.0142814 0.010031 0.00663103 0.00408913
 0.00783469 0.0127469 0.0192254 0.0272307 0.0365221 0.046515 0.0562359 0.0645411 0.0705112 0.0737276 0.0742612 0.0724766 0.0688481 0.0638624 0.0579691 0.0515463 0.0448869 0.0382104 0.0316909 0.025485 0.0197484 0.0146373 0.0102912 0.00680349 0.00419215
 0.00785402 0.0127617 0.0192161 0.0271665 0.0363661 0.0462339 0.0558113 0.0639784 0.0698444 0.0730181 0.0735902 0.0719299 0.0684972 0.0637477 0.0580934 0.0518801 0.0453797 0.0388028 0.0323226 0.0260998 0.0202992 0.0150915 0.0106346 0.00704036 0.00434045
 0.00770557 0.0125599 0.0189842 0.0269468 0.0362035 0.0461508 0.0557905 0.0639661 0.0697729 0.0728375 0.0732909 0.0715477 0.0681016 0.0634197 0.0579024 0.0518666 0.045548 0.0391246 0.0327479 0.0265694 0.0207569 0.015493 0.0109537 0.00727013 0.00448994
 0.00764495 0.0124604 0.0188349 0.0267434 0.0359559 0.0458911 0.055572 0.063847 0.0697871 0.0729687 0.0734716 0.0716884 0.0681341 0.0633294 0.0577306 0.0516872 0.0454345 0.0391232 0.0328668 0.0267838 0.0210227 0.0157629 0.0111904 0.00745319 0.00461578
 0.00786602 0.0127689 0.0192048 0.0271178 0.0362623 0.0460673 0.0555892 0.0637192 0.0695637 0.0727155 0.0732452 0.0715147 0.0680002 0.0631965 0.0575621 0.0514743 0.0452038 0.0389222 0.0327392 0.0267493 0.0210721 0.0158666 0.0113125 0.00756495 0.00470154
 0.00787056 0.0127928 0.0192686 0.0272433 0.0364583 0.0463117 0.0558211 0.0638541 0.0695305 0.0724951 0.0728861 0.0711119 0.0676517 0.0629617 0.0574467 0.0514449 0.0452179 0.0389538 0.0327853 0.0268194 0.0211721 0.0159896 0.0114412 0.00768037 0.00479113
 0.00784058 0.0127546 0.0192314 0.0272253 0.0364844 0.0464077 0.0560038 0.0641186 0.0698404 0.0727837 0.0730755 0.071146 0.0675227 0.0627145 0.0571543 0.0511736 0.0450043 0.0388047 0.0326922 0.0267728 0.0211656 0.016016 0.0114895 0.00773614 0.0048418
 0.00772883 0.0125804 0.0189843 0.0269036 0.0360988 0.0459861 0.0555932 0.0637811 0.0696383 0.0727579 0.0732269 0.0714311 0.0678686 0.0630472 0.0574264 0.0513755 0.0451549 0.0389316 0.0328152 0.0268989 0.0212926 0.016138 0.0115997 0.00782847 0.00491246
 0.00769203 0.01252 0.0188926 0.0267729 0.035924 0.045767 0.0553389 0.0635123 0.0693867 0.0725616 0.0731219 0.0714397 0.0679898 0.0632534 0.057672 0.051614 0.0453562 0.0390884 0.0329373 0.0270015 0.0213865 0.0162267 0.0116808 0.00789756 0.00496617
 0.00766285 0.0124638 0.0187919 0.0266071 0.0356748 0.0454277 0.0549225 0.0630529 0.0689334 0.0721682 0.0728362 0.0712969 0.0680072 0.0634267 0.0579739 0.0519985 0.0457701 0.0394852 0.0332876 0.0272946 0.0216244 0.0164159 0.0118276 0.00800701 0.00504294
 0.00782133 0.0126925 0.0190817 0.0269284 0.035983 0.045673 0.0550604 0.0630522 0.0687823 0.0718789 0.0724461 0.070862 0.0675903 0.0630834 0.0577405 0.0518861 0.0457649 0.0395564 0.0333991 0.0274159 0.0217366 0.0165108 0.0119037 0.0080652 0.00508509
 0.00785632 0.0127655 0.0192193 0.0271605 0.0363287 0.0461227 0.055563 0.0635211 0.0691209 0.0720142 0.0723527 0.0705655 0.0671539 0.0625864 0.0572588 0.0514779 0.0454625 0.0393649 0.0333022 0.0273862 0.0217459 0.0165374 0.0119341 0.0080926 0.00510679
 0.00771967 0.0125794 0.0190072 0.0269694 0.0362204 0.0461552 0.0557714 0.0639033 0.0696318 0.0725707 0.0728511 0.0709103 0.0672875 0.0625054 0.0570102 0.0511376 0.0451087 0.039057 0.0330711 0.0272361 0.0216629 0.0165007 0.0119241 0.0080953 0.00511364
 0.0075853 0.0123585 0.0186729 0.0265033 0.0356254 0.0454726 0.0550895 0.0633455 0.069321 0.0725831 0.0731846 0.0714844 0.0679726 0.0631681 0.0575525 0.051518 0.0453394 0.0391832 0.033145 0.0272963 0.0217276 0.0165707 0.0119918 0.00815247 0.00515614
 0.00756537 0.0123137 0.018582 0.0263375 0.0353542 0.0450746 0.0545664 0.0627332 0.0686929 0.0720406 0.0728334 0.0714012 0.0681756 0.0636065 0.0581249 0.0521096 0.0458606 0.0395909 0.0334401 0.0275052 0.0218809 0.0166899 0.0120866 0.00822562 0.00520853
 0.00748984 0.0122024 0.018435 0.0261594 0.0351496 0.0448413 0.054293 0.0624043 0.0683018 0.0716037 0.0723988 0.0710436 0.0679756 0.0636218 0.0583652 0.0525299 0.0463782 0.0401163 0.0339062 0.0278806 0.0221647 0.016897 0.0122349 0.00832908 0.00527757
 0.00736019 0.0120044 0.0181615 0.0258143 0.0347478 0.0444084 0.0538621 0.0620101 0.0679707 0.0713462 0.0722099 0.0709154 0.0679128 0.063648 0.0585127 0.0528187 0.0467968 0.0406193 0.0344291 0.0283631 0.0225678 0.0172074 0.0124582 0.00848059 0.00537438
 0.00733197 0.0119473 0.0180557 0.0256358 0.0344773 0.044042 0.0534209 0.0615397 0.0675289 0.0709845 0.0719588 0.0707794 0.0678785 0.063698 0.0586384 0.0530229 0.0470853 0.0409862 0.0348484 0.0287928 0.0229633 0.0175366 0.0127078 0.00865413 0.00548552
 0.00734457 0.0119599 0.0180591 0.0256144 0.03441 0.0439064 0.0531994 0.061227 0.0671393 0.0705546 0.071542 0.0704325 0.0676443 0.0635949 0.0586619 0.053156 0.0473086 0.041282 0.0351965 0.0291655 0.0233268 0.0178583 0.0129657 0.00884149 0.005609
 0.00733126 0.0119445 0.0180466 0.0256119 0.034422 0.043929 0.0532165 0.0612119 0.0670626 0.0703963 0.0713024 0.070136 0.0673348 0.0633236 0.0584718 0.0530719 0.047335 0.0414071 0.0353987 0.029417 0.0235963 0.0181149 0.0131846 0.00900909 0.00572423
 0.00732387 0.0119405 0.0180555 0.0256478 0.0345001 0.0440596 0.0533986 0.0614284 0.067281 0.0705729 0.0713923 0.0701066 0.0671779 0.0630613 0.058152 0.0527532 0.04707 0.0412297 0.0353194 0.029426 0.02367 0.0182234 0.0132997 0.00910995 0.0058003
 0.00737781 0.0120212 0.0181646 0.0257831 0.0346585 0.0442395 0.0536003 0.0616518 0.0675192 0.0708076 0.0715924 0.0702328 0.0671942 0.0629476 0.057914 0.0524244 0.046703 0.0408812 0.0350347 0.0292286 0.0235605 0.018185 0.0133071 0.00913864 0.00583231
 0.00759063 0.0123363 0.0185809 0.0262788 0.0351956 0.0447738 0.05409 0.0620621 0.0678256 0.070998 0.0716658 0.0701945 0.067049 0.0626972 0.0575608 0.0519802 0.0461957 0.0403542 0.0345376 0.0288044 0.0232343 0.0179603 0.0131698 0.00906532 0.00579906
 0.00759713 0.0123698 0.0186723 0.0264663 0.0355102 0.0452183 0.0546248 0.0626106 0.0683003 0.0713328 0.071836 0.0702142 0.0669521 0.0625165 0.0573165 0.051681 0.0458479 0.0399719 0.0341469 0.0284387 0.0229244 0.0177244 0.0130096 0.00896901 0.00574829
 0.00720306 0.0117553 0.0177999 0.0253286 0.0341418 0.0437077 0.0531184 0.0612948 0.0673565 0.0708828 0.0719088 0.0707507 0.067839 0.0636242 0.058524 0.0528861 0.0469712 0.0409589 0.0349703 0.0290965 0.0234326 0.0181071 0.0132907 0.00916839 0.00588263
#obs surv len freq
 nan nan nan nan nan nan nan nan nan nan nan nan nan nan nan nan nan nan nan nan nan nan nan nan nan
 0.00447728 0.00733533 0.0111624 0.015977 0.0216775 0.0279545 0.034271 0.0400051 0.0446874 0.0481539 0.0505143 0.0520123 0.0529066 0.0534206 0.0537363 0.0539922 0.0542715 0.0545648 0.0547038 0.0542958 0.0527337 0.0493652 0.043814 0.0362927 0.0276748
 0.00461378 0.00755694 0.0114951 0.016444 0.0222939 0.0287186 0.0351562 0.0409566 0.045629 0.0490021 0.0511937 0.0524674 0.0531074 0.0533648 0.0534445 0.0535009 0.0536239 0.0538032 0.0538673 0.0534211 0.0518594 0.0485341 0.0430703 0.035674 0.0272019
 0.00478378 0.0078354 0.0119179 0.0170454 0.0230995 0.0297337 0.0363543 0.0422751 0.0469771 0.050276 0.0522934 0.0533075 0.0536248 0.0535233 0.0532377 0.0529508 0.0527751 0.0527146 0.0526049 0.0520551 0.0504651 0.0471926 0.041862 0.0346654 0.0264297
 0.0049733 0.00814691 0.0123932 0.0177257 0.0240177 0.0309021 0.0377508 0.0438378 0.0486112 0.0518698 0.0537343 0.054493 0.054469 0.0539617 0.0532321 0.0524925 0.0518858 0.0514451 0.0510311 0.0502744 0.0485933 0.0453575 0.0401904 0.0332608 0.0253503
 0.00519188 0.00850223 0.0129281 0.0184808 0.0250245 0.0321718 0.0392623 0.0455318 0.0503965 0.0536381 0.0553745 0.0559004 0.0555501 0.054637 0.0534401 0.0521944 0.0510715 0.0501386 0.0492955 0.0482147 0.0463535 0.0431096 0.0381105 0.0314958 0.0239857
 0.00541223 0.00886659 0.0134877 0.019287 0.0261181 0.0335668 0.04093 0.0473966 0.0523482 0.0555551 0.0571426 0.0574217 0.0567417 0.0554272 0.0537665 0.0520057 0.0503339 0.0488471 0.0474878 0.0459837 0.0438525 0.0405407 0.0356931 0.0294198 0.0223677
 0.0056501 0.00925338 0.0140704 0.0201106 0.0272185 0.034959 0.0425943 0.0492711 0.0543346 0.0575342 0.0589928 0.0590324 0.0580202 0.0563002 0.0541754 0.0519023 0.0496796 0.0476213 0.0457055 0.0437173 0.041247 0.0378078 0.0330781 0.0271454 0.0205785
 0.00588469 0.00963958 0.0146605 0.0209558 0.0283587 0.0364068 0.0443191 0.0511954 0.056347 0.0595126 0.0608236 0.0606184 0.0592808 0.0571677 0.0545933 0.0518226 0.0490626 0.0464409 0.0439643 0.041471 0.0386254 0.0350181 0.0303736 0.0247671 0.0186908
 0.00614095 0.0100579 0.0152933 0.0218533 0.0295593 0.0379221 0.0461182 0.0531981 0.0584344 0.0615494 0.0626811 0.0621901 0.0604867 0.0579526 0.0549185 0.0516581 0.0483814 0.0452222 0.0422081 0.0392226 0.0360011 0.0322133 0.0276374 0.0223445 0.0167554
 0.00637654 0.0104469 0.01589 0.0227114 0.0307217 0.0394033 0.0478868 0.0551721 0.0604929 0.0635567 0.0645094 0.0637319 0.0616598 0.0586992 0.0552021 0.0514564 0.0476799 0.0440121 0.0404957 0.0370509 0.0334751 0.0295119 0.0249941 0.0199941 0.0148689
 0.00659782 0.0108093 0.0164406 0.0234966 0.0317787 0.0407472 0.0494958 0.0569805 0.0623984 0.0654378 0.0662441 0.0652116 0.0627973 0.0594314 0.0554886 0.0512747 0.0470193 0.0428714 0.0388887 0.0350227 0.0311239 0.0270005 0.022535 0.0178029 0.0131051
 0.00682791 0.0111841 0.0170056 0.0242943 0.03284 0.0420778 0.0510636 0.0587114 0.0641876 0.0671698 0.0678115 0.0665246 0.0637856 0.0600431 0.0556887 0.0510427 0.0463465 0.0417599 0.0373563 0.0331162 0.028936 0.0246796 0.0202717 0.01579 0.0114854
 0.00705249 0.0115539 0.0175707 0.0251028 0.0339273 0.0434497 0.0526797 0.0604817 0.0659875 0.0688667 0.0692894 0.0676974 0.0645983 0.0604669 0.0557126 0.0506669 0.0455766 0.040607 0.035843 0.0312893 0.0268816 0.0225307 0.0181963 0.013956 0.0100155
 0.00728473 0.0119348 0.0181497 0.0259273 0.0350322 0.0448412 0.0543189 0.0622789 0.067814 0.0705797 0.0707581 0.0688206 0.065313 0.060748 0.0555659 0.0501173 0.0446571 0.0393521 0.0342909 0.0294927 0.0249222 0.0205262 0.016291 0.0122915 0.00869193
 0.00744959 0.0122096 0.0185759 0.0265481 0.0358836 0.0459385 0.0556422 0.0637671 0.0693719 0.0720946 0.0721166 0.0699226 0.0660804 0.0611309 0.0555454 0.0497022 0.0438769 0.0382486 0.0329144 0.027905 0.0232049 0.0187857 0.0146507 0.0108683 0.00756645
 0.00750596 0.0123045 0.018726 0.0267735 0.0362077 0.0463851 0.0562302 0.0645041 0.0702473 0.0730751 0.0731452 0.0709221 0.0669633 0.0618119 0.0559541 0.0497924 0.0436307 0.0376762 0.0320506 0.026807 0.0219518 0.0174769 0.0133962 0.00976948 0.00669264
 0.00760393 0.0124498 0.0189191 0.0270073 0.0364714 0.0466707 0.0565379 0.0648428 0.0706316 0.0735192 0.0736549 0.0714868 0.0675502 0.0623666 0.0564076 0.0500743 0.0436834 0.0374663 0.0315763 0.0260996 0.0210738 0.0165151 0.0124487 0.00892648 0.00601629
 0.00764876 0.0125263 0.0190401 0.0271844 0.0367103 0.0469644 0.0568632 0.0651656 0.0709207 0.0737611 0.0738605 0.0716843 0.0677679 0.0626148 0.0566688 0.050304 0.0438218 0.0374556 0.0313777 0.0257066 0.0205167 0.0158563 0.0117687 0.00830365 0.00550754
 0.00769634 0.0125919 0.0191177 0.0272632 0.0367794 0.0470205 0.0569143 0.0652274 0.0710074 0.0738773 0.074 0.0718374 0.0679302 0.0627893 0.0568585 0.0505004 0.0439975 0.0375674 0.0313803 0.0255698 0.0202396 0.0154713 0.0113329 0.00788085 0.00514907
 0.00776992 0.0127066 0.0192803 0.0274742 0.0370307 0.047293 0.0571784 0.0654491 0.0711593 0.0739496 0.0740033 0.0717959 0.0678699 0.0627305 0.0568133 0.0504727 0.0439814 0.0375447 0.0313229 0.0254493 0.0200408 0.015202 0.0110237 0.00757444 0.00488416
 0.00782088 0.0127846 0.0193886 0.0276125 0.0371956 0.0474779 0.0573731 0.0656387 0.0713249 0.0740717 0.0740676 0.071799 0.0678216 0.0626503 0.0567233 0.05039 0.0439132 0.0374865 0.0312599 0.0253618 0.019913 0.0150309 0.010823 0.00736956 0.00470193
 0.0078545 0.0128394 0.019471 0.027728 0.0373462 0.04766 0.0575754 0.0658429 0.0715099 0.0742184 0.0741629 0.0718366 0.067802 0.0625804 0.0566164 0.0502634 0.0437834 0.0373639 0.0311455 0.0252483 0.0197902 0.0148933 0.0106742 0.00722219 0.00457158
 0.00787264 0.0128639 0.019499 0.0277546 0.0373671 0.0476745 0.0575886 0.0658643 0.0715486 0.0742782 0.0742396 0.0719194 0.0678769 0.0626355 0.0566443 0.0502632 0.0437596 0.0373239 0.0310952 0.0251896 0.0197218 0.0148135 0.0105853 0.00713162 0.00448916
 0.00788018 0.012874 0.0195102 0.0277635 0.0373692 0.047665 0.0575642 0.0658256 0.0715015 0.0742342 0.074213 0.0719215 0.0679117 0.0626968 0.0567187 0.0503355 0.0438178 0.0373617 0.0311117 0.0251865 0.0197012 0.0147779 0.0105387 0.00707995 0.0044397
 0.00788637 0.0128803 0.0195126 0.0277562 0.0373457 0.0476211 0.0575001 0.065746 0.071415 0.0741512 0.0741446 0.0718785 0.0679028 0.062726 0.0567831 0.0504248 0.0439172 0.037456 0.0311893 0.0252411 0.0197314 0.014786 0.0105294 0.00705978 0.0044155
 0.0079001 0.0128978 0.0195299 0.0277663 0.03734 0.047592 0.0574436 0.0656634 0.0713128 0.0740408 0.0740398 0.0717933 0.0678489 0.062711 0.056809 0.0504873 0.0440064 0.0375581 0.0312895 0.025327 0.0197956 0.0148263 0.0105484 0.00706298 0.00440955
 0.00787913 0.0128655 0.0194846 0.0277072 0.0372671 0.0475055 0.0573442 0.0655533 0.071197 0.0739273 0.0739394 0.0717179 0.0678092 0.0627139 0.0568564 0.0505755 0.0441266 0.0376975 0.031433 0.0254601 0.0199069 0.0149098 0.0106039 0.00709466 0.00442421
 0.00788392 0.012868 0.0194787 0.0276844 0.037219 0.0474282 0.0572407 0.0654336 0.0710743 0.0738138 0.0738435 0.0716448 0.0677625 0.0626972 0.056873 0.0506269 0.0442102 0.037806 0.0315554 0.0255831 0.0200181 0.0150002 0.0106696 0.00713703 0.00444806
 0.00787488 0.0128537 0.0194576 0.0276546 0.037178 0.0473722 0.0571661 0.0653385 0.0709616 0.0736924 0.0737274 0.071549 0.0676989 0.062672 0.0568869 0.0506769 0.0442913 0.0379114 0.0316759 0.0257077 0.0201351 0.0151 0.0107465 0.0071903 0.00448096
 0.007852 0.0128163 0.0194012 0.0275754 0.0370743 0.0472462 0.0570248 0.0651932 0.0708251 0.0735754 0.0736371 0.0714898 0.0676737 0.0626832 0.0569351 0.05076 0.044404 0.0380457 0.031822 0.0258547 0.0202722 0.015218 0.0108394 0.00725693 0.00452407
 0.00782694 0.0127739 0.0193342 0.0274767 0.0369384 0.0470729 0.0568218 0.064977 0.0706176 0.0733991 0.0735099 0.0714215 0.0676663 0.0627319 0.0570316 0.0508945 0.0445664 0.0382257 0.0320087 0.0260369 0.020439 0.0153604 0.010952 0.00733855 0.00457795
 0.00781198 0.0127463 0.0192867 0.0274004 0.0368249 0.0469177 0.0566276 0.0647551 0.0703868 0.0731826 0.0733305 0.0712986 0.0676118 0.0627491 0.0571151 0.0510325 0.0447439 0.0384267 0.0322181 0.0262408 0.0206252 0.0155194 0.0110781 0.00743066 0.00463945
 0.00776935 0.0126802 0.0191931 0.0272773 0.0366724 0.0467377 0.0564245 0.0645369 0.0701658 0.0729745 0.0731536 0.0711708 0.0675477 0.0627573 0.0571962 0.0511791 0.0449416 0.0386573 0.032462 0.0264796 0.0208433 0.0157051 0.0112251 0.0075381 0.00471141
 0.00771336 0.0125878 0.0190519 0.0270764 0.0364062 0.0464112 0.0560575 0.0641624 0.0698228 0.0726975 0.0729647 0.0710787 0.0675517 0.0628506 0.0573692 0.051419 0.0452323 0.0389792 0.0327934 0.0267988 0.0211313 0.0159481 0.0114158 0.00767647 0.00480363
 0.00767662 0.0125237 0.0189475 0.026917 0.0361789 0.0461105 0.0556913 0.0637543 0.0694097 0.0723224 0.0726682 0.070891 0.0674878 0.06291 0.0575384 0.0516768 0.0455544 0.0393401 0.0331675 0.0271616 0.0214608 0.0162276 0.0116361 0.00783693 0.00491087
 0.00767075 0.0125122 0.0189263 0.0268796 0.0361169 0.0460139 0.0555502 0.0635627 0.0691688 0.0720444 0.0723773 0.0706206 0.0672731 0.0627801 0.0575099 0.0517512 0.0457195 0.0395743 0.0334441 0.0274526 0.0217404 0.0164746 0.0118369 0.0079866 0.00501271
 0.00766444 0.0125047 0.0189196 0.026877 0.0361203 0.0460218 0.0555557 0.0635533 0.069129 0.071961 0.0722443 0.0704438 0.0670712 0.062582 0.0573483 0.0516538 0.0457021 0.0396376 0.033575 0.0276282 0.0219341 0.0166615 0.0119983 0.00811216 0.0051009
 0.00764931 0.0124831 0.0188929 0.0268486 0.0360953 0.0460057 0.0555525 0.0635636 0.0691487 0.0719799 0.072248 0.0704175 0.0670063 0.0624809 0.0572261 0.0515353 0.0456145 0.0396016 0.0335988 0.0277057 0.0220481 0.0167897 0.01212 0.00821311 0.00517506
 0.00760853 0.0124206 0.0188062 0.0267385 0.0359668 0.0458678 0.0554186 0.0634498 0.0690704 0.071947 0.0722606 0.0704656 0.0670719 0.062545 0.0572749 0.0515659 0.0456351 0.0396278 0.0336455 0.0277807 0.022148 0.0169024 0.0122298 0.00830683 0.00524567
 0.00758595 0.0123831 0.0187485 0.0266559 0.0358566 0.0457321 0.055266 0.0632956 0.0689336 0.0718457 0.0722074 0.0704644 0.0671177 0.0626247 0.0573713 0.0516629 0.045723 0.0397056 0.0337195 0.0278589 0.0222346 0.0169949 0.01232 0.00838551 0.0053066
 0.00757391 0.0123639 0.01872 0.0266161 0.0358034 0.0456636 0.0551814 0.0631966 0.0688254 0.0717378 0.0721127 0.0703964 0.0670867 0.0626346 0.0574181 0.0517361 0.0458094 0.0397943 0.0338049 0.0279404 0.022314 0.0170724 0.0123928 0.00844881 0.00535632
 0.0075789 0.0123702 0.0187262 0.0266195 0.0358008 0.045652 0.0551586 0.0631613 0.0687775 0.071678 0.0720437 0.0703237 0.0670191 0.0625825 0.0573901 0.0517361 0.0458354 0.0398396 0.0338612 0.0280012 0.0223752 0.0171316 0.0124475 0.0084962 0.0053939
 0.00755606 0.0123375 0.0186853 0.0265743 0.0357564 0.0456124 0.0551249 0.0631322 0.0687503 0.0716505 0.0720151 0.070295 0.0669926 0.0625619 0.0573803 0.0517418 0.0458596 0.0398819 0.0339176 0.0280656 0.0224413 0.0171941 0.0125028 0.00854186 0.00542871
 0.00752995 0.0122953 0.0186224 0.0264879 0.0356468 0.0454851 0.0549921 0.0630105 0.0686561 0.0715943 0.0719984 0.0703115 0.0670323 0.0626155 0.0574418 0.051809 0.0459325 0.0399609 0.0340019 0.0281521 0.0225253 0.0172708 0.012568 0.00859339 0.00546631
 0.00752576 0.0122859 0.0186034 0.0264535 0.0355911 0.0454048 0.0548882 0.0628903 0.0685325 0.071483 0.0719144 0.0702649 0.0670259 0.0626447 0.0574976 0.0518814 0.0460137 0.0400461 0.0340884 0.0282376 0.0226069 0.0173446 0.0126307 0.00864271 0.00550202
 0.00752064 0.012279 0.0185954 0.0264453 0.0355827 0.0453939 0.05487 0.0628585 0.0684821 0.0714139 0.0718331 0.0701834 0.0669582 0.0626022 0.0574857 0.0518989 0.0460547 0.0401028 0.0341537 0.0283058 0.0226735 0.0174059 0.0126834 0.00868466 0.00553266
 0.00751041 0.0122629 0.0185724 0.026415 0.0355461 0.0453531 0.0548287 0.0628203 0.0684491 0.0713854 0.071806 0.0701547 0.0669281 0.0625752 0.0574693 0.0519 0.0460766 0.0401441 0.0342092 0.0283689 0.0227376 0.0174654 0.0127345 0.00872509 0.00556199
 0.00749348 0.0122376 0.0185385 0.0263739 0.0354999 0.0453049 0.0547814 0.062777 0.0684128 0.0713587 0.0717898 0.070148 0.066928 0.062579 0.057476 0.0519114 0.0460962 0.040175 0.0342518 0.0284204 0.022793 0.0175191 0.0127817 0.00876283 0.00558946
 0.0074996 0.0122442 0.0185423 0.02637 0.0354838 0.0452743 0.0547383 0.0627274 0.0683646 0.0713183 0.0717609 0.0701308 0.0669209 0.0625792 0.057481 0.05192 0.0461086 0.0401929 0.0342769 0.0284529 0.0228308 0.0175584 0.0128183 0.00879337 0.00561234
 0.0074996 0.0122442 0.0185423 0.02637 0.0354838 0.0452743 0.0547383 0.0627274 0.0683646 0.0713183 0.0717609 0.0701308 0.0669209 0.0625792 0.057481 0.05192 0.0461086 0.0401929 0.0342769 0.0284529 0.0228308 0.0175584 0.0128183 0.00879337 0.00561234
 0.00713651 0.0116706 0.0177123 0.0252583 0.0340976 0.0436683 0.0530266 0.0610785 0.0669712 0.0703503 0.0713242 0.0702489 0.0675405 0.0635924 0.058754 0.0533189 0.0475191 0.0415288 0.0354809 0.0294914 0.0236885 0.0182339 0.0133218 0.00914532 0.00584087
#pred catch len freq
 0.00313679 0.00510203 0.00771735 0.0110336 0.0150956 0.0198926 0.0252982 0.0310613 0.0368578 0.0423561 0.0472662 0.0513763 0.0545815 0.056888 0.0583885 0.0592299 0.0595887 0.0596367 0.0594592 0.0589235 0.0575714 0.0546835 0.0495991 0.0421768 0.0330791
 0.00339052 0.00544829 0.0081183 0.0114189 0.0153893 0.0200515 0.0253361 0.0310386 0.0368403 0.0423727 0.0472936 0.0513633 0.0544942 0.0567455 0.0582656 0.0592245 0.0597685 0.0599899 0.0598774 0.0592299 0.0575924 0.0543294 0.0489097 0.0413026 0.0322091
 0.00348635 0.00564114 0.00847145 0.0119995 0.0162345 0.0211266 0.026513 0.0321236 0.0376493 0.0428081 0.0473724 0.051179 0.0541505 0.0563147 0.0577926 0.0587533 0.059352 0.0596669 0.059634 0.0589836 0.0572228 0.0537442 0.048105 0.0403733 0.0313025
 0.00364621 0.00588414 0.00881133 0.0124523 0.0168325 0.0219269 0.0275842 0.0335011 0.039277 0.044509 0.0488842 0.0522492 0.0546349 0.0562168 0.0572305 0.0578895 0.0583366 0.0586079 0.0585853 0.0579431 0.0561485 0.0525949 0.0468871 0.03916 0.0302068
 0.00385097 0.00621037 0.00928917 0.0131039 0.0176676 0.0229397 0.028754 0.0348016 0.0406865 0.0460061 0.050419 0.0537077 0.0558348 0.0569573 0.0573722 0.0574116 0.0573347 0.0572408 0.0570096 0.0562706 0.0544413 0.0508914 0.0452377 0.0376442 0.0289174
 0.00405707 0.00654605 0.00979643 0.0138244 0.0186372 0.0241777 0.0302488 0.036501 0.042501 0.0478259 0.0521366 0.0552308 0.0570803 0.0578338 0.0577731 0.0572388 0.0565414 0.0558645 0.0551665 0.0541192 0.052143 0.0485927 0.043072 0.0357335 0.0273581
 0.00431548 0.00695498 0.0103929 0.0146406 0.0197011 0.025511 0.0318583 0.0383645 0.0445551 0.0499628 0.0542131 0.057091 0.0585829 0.0588697 0.0582651 0.0571303 0.0557933 0.0544706 0.0531783 0.0516594 0.049396 0.0457773 0.0404082 0.0334094 0.0254988
 0.00458548 0.00738399 0.011021 0.0155011 0.0208183 0.0268956 0.0335 0.0402263 0.0465733 0.052051 0.0562666 0.0589893 0.0601958 0.0600691 0.0589394 0.0571941 0.055192 0.0531842 0.051235 0.0491542 0.0465022 0.0427349 0.0374854 0.0308465 0.0234551
 0.00485282 0.00781597 0.011667 0.0164075 0.0220224 0.0284149 0.0353182 0.0422848 0.0487743 0.0542722 0.0583792 0.0608725 0.061744 0.0611915 0.0595562 0.0572335 0.0545928 0.0519081 0.049286 0.0466038 0.0435088 0.0395412 0.0343818 0.0281057 0.0212648
 0.00513808 0.00827466 0.0123496 0.0173617 0.0232897 0.0300218 0.0372615 0.0445164 0.0511955 0.0567395 0.0607233 0.0629244 0.0633613 0.0622748 0.0600477 0.0571027 0.0538198 0.0504795 0.04721 0.0439405 0.0404004 0.0362212 0.0311436 0.025236 0.0189664
 0.00542384 0.00873155 0.0130243 0.0182963 0.0245189 0.0315661 0.0391159 0.0466396 0.0535051 0.0591163 0.0630205 0.0649829 0.0650283 0.0634239 0.0605922 0.0569967 0.0530495 0.0490519 0.0451536 0.0413241 0.0373608 0.0329772 0.0279747 0.0224202 0.0167055
 0.00564765 0.00909844 0.0135832 0.019098 0.0256097 0.0329767 0.0408459 0.0486463 0.0557023 0.0613827 0.0652139 0.0669555 0.066642 0.0645621 0.0611677 0.0569542 0.0523635 0.0477248 0.0432181 0.0388553 0.0344952 0.0299228 0.0249918 0.0197683 0.0145738
 0.00582774 0.00938751 0.0140131 0.0197001 0.0264153 0.0340134 0.0421296 0.0501704 0.0574278 0.0632346 0.0670846 0.0687169 0.068162 0.0657212 0.0618689 0.057127 0.0519639 0.0467364 0.0416583 0.0367876 0.0320439 0.027278 0.0223899 0.0174435 0.0126982
 0.00605338 0.00974922 0.0145482 0.0204411 0.0273848 0.035217 0.0435469 0.0517504 0.0590943 0.0648977 0.0686524 0.0701023 0.0692859 0.0665139 0.0622716 0.0570927 0.0514589 0.0457434 0.0401858 0.0348843 0.0298147 0.0248886 0.0200484 0.0153567 0.0110173
 0.00623589 0.0100517 0.0150147 0.0211175 0.0283112 0.0364136 0.0449987 0.0533972 0.0608347 0.0666049 0.070197 0.0713733 0.0702057 0.0670419 0.0623962 0.0568173 0.0507899 0.044687 0.0387566 0.0331223 0.027804 0.0227651 0.0179857 0.0135283 0.00954954
 0.00638724 0.0102986 0.0153894 0.0216543 0.0290447 0.0373724 0.046194 0.0548093 0.062403 0.0682268 0.0717388 0.0726932 0.0711829 0.067599 0.0625074 0.0564982 0.0500786 0.0436273 0.0373923 0.0315059 0.0260123 0.0209102 0.0162074 0.0119651 0.00830148
 0.00654621 0.0105382 0.0157165 0.0220673 0.0295406 0.037956 0.0468809 0.0556202 0.0633486 0.069291 0.072868 0.0737978 0.0721509 0.0683195 0.0628938 0.0565041 0.0496999 0.0428932 0.0363532 0.0302271 0.0245761 0.0194191 0.0147788 0.0107112 0.00730155
 0.00669886 0.0107674 0.0160257 0.0224462 0.0299667 0.0384008 0.0473166 0.0560284 0.0637292 0.0696662 0.0732744 0.0742649 0.072677 0.0688584 0.0633625 0.0568066 0.0497556 0.0426576 0.0358244 0.029443 0.023607 0.0183593 0.0137338 0.00977877 0.00655069
 0.00685757 0.0110165 0.0163831 0.0229207 0.0305546 0.0390804 0.048045 0.0567425 0.0643581 0.0701508 0.0735865 0.0744158 0.072709 0.068823 0.0632931 0.0567016 0.0495796 0.0423601 0.0353658 0.0288147 0.0228395 0.0175173 0.0129002 0.00903374 0.00595089
 0.00688243 0.0110658 0.0164741 0.0230762 0.0307986 0.039431 0.0485051 0.0572935 0.0649578 0.0707393 0.0740973 0.074793 0.0729233 0.0688791 0.063223 0.0565449 0.0493618 0.0420822 0.0350105 0.0283651 0.0222985 0.0169166 0.0122946 0.00848367 0.00550265
 0.00690198 0.0110912 0.0165019 0.0231019 0.0308226 0.0394643 0.0485722 0.057427 0.0651852 0.0710673 0.0745027 0.0752254 0.0733196 0.0691834 0.0634024 0.0565944 0.0492972 0.041925 0.0347755 0.0280592 0.0219295 0.0165039 0.0118725 0.00809368 0.00517983
 0.00689708 0.0110873 0.0165031 0.0231134 0.0308478 0.0395023 0.0486174 0.057474 0.0652362 0.0711367 0.0746134 0.075395 0.0735466 0.0694411 0.0636469 0.056781 0.0493955 0.0419244 0.0346814 0.0278851 0.0216928 0.0162267 0.0115824 0.0078214 0.00495129
 0.00688404 0.011067 0.0164743 0.0230768 0.0308062 0.0394618 0.0485864 0.057461 0.0652467 0.0711719 0.0746717 0.0754772 0.0736568 0.0695827 0.0638145 0.0569557 0.0495483 0.0420259 0.034712 0.0278396 0.0215801 0.0160656 0.0113983 0.0076404 0.00479516
 0.00682674 0.0109817 0.0163607 0.0229401 0.0306562 0.0393109 0.0484486 0.0573507 0.0651776 0.0711542 0.07471 0.0755685 0.0737924 0.0697516 0.0640053 0.0571561 0.0497427 0.0421947 0.0348351 0.0279027 0.0215797 0.0160109 0.0113078 0.0075368 0.00469836
 0.00675886 0.0108665 0.0161793 0.0226739 0.030294 0.0388585 0.0479362 0.0568328 0.0647219 0.0708241 0.0745486 0.0755912 0.0739874 0.0700858 0.0644339 0.0576314 0.0502208 0.042639 0.0352167 0.0282021 0.0217884 0.016133 0.0113592 0.00753999 0.00467657
 0.0066485 0.0107004 0.015953 0.0223892 0.0299549 0.038466 0.0474894 0.0563369 0.0642 0.0703245 0.0741401 0.0753443 0.0739512 0.0702718 0.064814 0.0581497 0.0508095 0.0432335 0.0357643 0.028666 0.0221489 0.0163873 0.0115184 0.00762543 0.00471283
 0.00658091 0.0105872 0.0157773 0.0221352 0.0296135 0.0380421 0.0470064 0.0558333 0.0637184 0.0699006 0.0737989 0.0751066 0.0738406 0.070313 0.0650219 0.0585165 0.0513005 0.0437934 0.0363312 0.0291849 0.0225818 0.0167163 0.011745 0.00776531 0.00478898
 0.00654663 0.0105202 0.0156553 0.0219297 0.0292955 0.0375929 0.046429 0.0551599 0.0630093 0.0692333 0.0732517 0.0747406 0.0736881 0.0703772 0.0652843 0.0589462 0.0518581 0.0444307 0.0369927 0.029814 0.0231308 0.0171551 0.0120652 0.00797758 0.00491598
 0.00655811 0.0105255 0.0156372 0.0218611 0.029142 0.0373202 0.0460127 0.0545955 0.0623208 0.0684772 0.0725122 0.0741141 0.0732603 0.0702021 0.0653743 0.0592753 0.0523742 0.0450689 0.0376847 0.030495 0.0237453 0.0176643 0.0124514 0.00824447 0.00508318
 0.00646714 0.0104061 0.015509 0.0217557 0.0290895 0.0373288 0.0460548 0.0546112 0.06224 0.0682496 0.0721302 0.0736198 0.0727346 0.0697415 0.0650644 0.0591694 0.0524834 0.045365 0.0381123 0.0309865 0.0242351 0.0180998 0.0128006 0.00849719 0.00524814
 0.00642841 0.0103423 0.0154133 0.0216267 0.0289374 0.0371807 0.0459526 0.0545966 0.0623288 0.0684114 0.0722914 0.0736935 0.0726627 0.0695239 0.0647594 0.0588671 0.0522701 0.0452941 0.038193 0.0311894 0.0245081 0.018387 0.0130571 0.00869773 0.0053869
 0.00655726 0.0105155 0.0156069 0.0217955 0.0290277 0.0371513 0.045794 0.0543385 0.0620324 0.0681484 0.0721167 0.0736224 0.0726645 0.0695396 0.064735 0.0587843 0.0521541 0.0451962 0.0381617 0.0312466 0.0246432 0.0185664 0.0132414 0.00885611 0.00550438
