SBPRF35
12.7214
Curr Bio
711635
B35
847933
F35
0.170072
FOFL
0.149561
OFL
92955.8
Bzero
3.63469e+006
#pred survey bio
 3.18188e+006 2.82e+006 2.57163e+006 2.31414e+006 2.0529e+006 1.81234e+006 1.63172e+006 1.43083e+006 1.27535e+006 1.13426e+006 1.01028e+006 894435 798682 729586 688058 645135 620127 600765 597282 575325 560929 555892 551547 554448 549693 545928 549199 554672 563982 567456 566923 574378 587756 602396 615505 637874 652581 660904 663907 668739 667810 667551 672582 682774 679996 680246 682946 718183 2.65059e+007 1.61547e+007 1.67033e+007 1.77912e+007 1.92153e+007 2.0748e+007 2.22199e+007 2.35321e+007 2.46435e+007 2.55518e+007 2.62754e+007 2.68417e+007 2.72796e+007 2.76156e+007 2.78722e+007 2.80678e+007 2.82169e+007 2.83308e+007 2.8418e+007 2.84851e+007 2.85368e+007 2.8577e+007 2.86082e+007 2.86327e+007 2.86519e+007 2.86671e+007 2.86791e+007 2.86887e+007 2.86963e+007 2.87024e+007 2.87073e+007 2.87112e+007 2.87144e+007 2.8717e+007 2.87191e+007 2.87208e+007 2.87222e+007 2.87233e+007 2.87242e+007 2.87249e+007 2.87255e+007 2.8726e+007 2.87264e+007 2.87268e+007 2.8727e+007 2.87273e+007 2.87274e+007 2.87276e+007 2.87277e+007 2.87278e+007 2.87279e+007 2.87279e+007 2.8728e+007 2.8728e+007 2.87281e+007 2.87281e+007 2.87281e+007 2.87282e+007 2.87282e+007 2.87282e+007 2.87282e+007 2.87282e+007 2.87282e+007 2.87282e+007 2.87282e+007 2.87282e+007 2.87282e+007 2.87282e+007 2.87282e+007 2.87282e+007 2.87282e+007 2.87282e+007 2.87282e+007 2.87282e+007 2.87282e+007 2.87282e+007 2.87282e+007 2.87282e+007 2.87282e+007 2.87282e+007 2.87282e+007 2.87282e+007 2.87282e+007 2.87282e+007 2.87282e+007 2.87282e+007 2.87282e+007 2.87282e+007 2.87282e+007 2.87282e+007 2.87282e+007 2.87282e+007 2.87282e+007 2.87282e+007 2.87282e+007 2.87282e+007 2.87282e+007 2.87282e+007 2.87282e+007 2.87282e+007 0 0 0 0 0 0 0 0 0 0 0 0 0 0 0 0 0 0 0 0 0 0 0 0 0
#obs survey bio
 3.5898e+006 2.55344e+006 2.24243e+006 1.95357e+006 2.78242e+006 1.47358e+006 1.82345e+006 1.44012e+006 978494 1.23962e+006 870351 708814 850865 931405 408141 645980 674950 473259 518348 889658 615661 637114 516086 674054 638452 527812 574574 473980 572880 589288 660967 501760 594497 544340 576276 369168 677782 715226 591572 725062 874235 609839 678114 797354 703582 601373 505521 724735
#pred catch bio
 360427 274581 300893 319793 314047 270802 296769 261897 253507 240550 232837 212425 185724 159299 157783 139579 132338 117017 129175 117829 106483 103967 97134.3 103077 101221 95062 93757.1 91163 96316.6 99428.1 93322.1 90601.7 92687.3 97198 92601.3 101646 107770 111499 108496 111338 108652 102976 98272.4 109034 106321 105018 79561.9 79128.2 92955.8 106180 108581 114665 123462 133057 142204 150240 156912 162230 166341 169446 171749 173433 174651 175525 176147 176587 176897 177114 177267 177373 177447 177499 177534 177559 177576 177588 177596 177602 177606 177609 177611 177612 177613 177613 177614 177614 177614 177614 177615 177615 177615 177615 177615 177615 177615 177615 177615 177615 177615 177615 177615 177615 177615 177615 177615 177615 177615 177615 177615 177615 177615 177615 177615 177615 177615 177615 177615 177615 177615 177615 177615 177615 177615 177615 177615 177615 177615 177615 177615 177615 177615 177615 177615 177615 177615 177615 177615 177615 177615 177615 177615 177615 177615 177615 177615 177615 177615 177615 0 0 0 0 0 0 0 0 0 0 0 0 0 0 0 0 0 0 0 0 0 0 0 0 0
#obs catch bio
 250790 273967 301876 320995 314999 271060 297066 260944 254195 241400 234695 214441 186485 159260 159254 140584 133132 118039 130827 117520 105583 103005 96356.5 102820 100767 94444.3 93502.2 91041.6 96023.3 98909.6 92670.6 90529.4 92823.8 97776.2 93200.1 102667 108624 112108 108809 111486 107900 102804 97733.3 108330 105506 104975 79400.5 79089.2
#pred cpue bio
 3.14333e+006 2.78343e+006 2.53514e+006 2.27817e+006 2.01814e+006 1.77873e+006 1.59889e+006 1.39923e+006 1.24447e+006 1.10411e+006 981074 866523 772190 704329 663557 621470 597163 578421 575373 554604 541187 536572 532361 535144 530572 526995 530152 535479 544704 548259 547739 554774 567483 581438 593961 615764 630253 638711 642034 647177 646734 646708 651733 661843 659102 659142 661559 696208 2.57283e+007 1.56896e+007 1.60985e+007 1.70715e+007 1.84672e+007 1.99951e+007 2.14663e+007 2.27784e+007 2.38898e+007 2.4798e+007 2.55216e+007 2.6088e+007 2.65259e+007 2.68619e+007 2.71185e+007 2.73141e+007 2.74632e+007 2.75771e+007 2.76643e+007 2.77314e+007 2.77831e+007 2.78232e+007 2.78545e+007 2.7879e+007 2.78982e+007 2.79134e+007 2.79254e+007 2.7935e+007 2.79426e+007 2.79487e+007 2.79536e+007 2.79575e+007 2.79607e+007 2.79633e+007 2.79654e+007 2.79671e+007 2.79684e+007 2.79696e+007 2.79705e+007 2.79712e+007 2.79718e+007 2.79723e+007 2.79727e+007 2.7973e+007 2.79733e+007 2.79735e+007 2.79737e+007 2.79739e+007 2.7974e+007 2.79741e+007 2.79742e+007 2.79742e+007 2.79743e+007 2.79743e+007 2.79744e+007 2.79744e+007 2.79744e+007 2.79744e+007 2.79744e+007 2.79745e+007 2.79745e+007 2.79745e+007 2.79745e+007 2.79745e+007 2.79745e+007 2.79745e+007 2.79745e+007 2.79745e+007 2.79745e+007 2.79745e+007 2.79745e+007 2.79745e+007 2.79745e+007 2.79745e+007 2.79745e+007 2.79745e+007 2.79745e+007 2.79745e+007 2.79745e+007 2.79745e+007 2.79745e+007 2.79745e+007 2.79745e+007 2.79745e+007 2.79745e+007 2.79745e+007 2.79745e+007 2.79745e+007 2.79745e+007 2.79745e+007 2.79745e+007 2.79745e+007 2.79745e+007 2.79745e+007 2.79745e+007 2.79745e+007 2.79745e+007 2.79745e+007 2.79745e+007 2.79745e+007 0 0 0 0 0 0 0 0 0 0 0 0 0 0 0 0 0 0 0 0 0 0 0 0 0
#obs cpue bio
 2.8722e+006 2.59763e+006 2.14602e+006 2.69464e+006 1.62625e+006 1.96978e+006 1.87814e+006 1.67074e+006 1.10675e+006 911218 862997 896924 860119 623676 676792 558944 563086 455176 587497 788874 769614 603968 556162 350097 554088 666218 423479 550057 672838 685777 562095 397541 465152 455834 456476 811399 653850 677760 769806 704146 997632 483192 881957 770288 728444 514672 748143 693474
#pred surv len freq
 0.00468708 0.00771432 0.0118029 0.0169886 0.0231627 0.02997 0.036792 0.0429155 0.0478033 0.0512655 0.0534211 0.0545361 0.0548849 0.0546924 0.0541324 0.0533441 0.0524518 0.0515607 0.0507034 0.0497341 0.0482402 0.0455947 0.0412223 0.0349811 0.0273987
 0.0051969 0.00846924 0.0128043 0.0181968 0.0245175 0.031419 0.0383045 0.0444681 0.0493503 0.0527168 0.0546498 0.0554173 0.0553434 0.0547316 0.0538265 0.0527971 0.0517438 0.0507065 0.0496443 0.048373 0.0465096 0.0435263 0.0389738 0.0327963 0.0255174
 0.00534926 0.00878252 0.0133916 0.0191894 0.0260165 0.033429 0.04069 0.0469743 0.0516898 0.0546704 0.0561171 0.056393 0.0558582 0.0548111 0.0534906 0.0520806 0.0507015 0.0493926 0.0480839 0.0465562 0.0444262 0.0412209 0.0365821 0.0305258 0.0235774
 0.00553444 0.0090741 0.0138185 0.0197873 0.0268384 0.03455 0.0421908 0.0488975 0.0539849 0.0571629 0.0585347 0.0584456 0.0573278 0.0555988 0.0536041 0.0515887 0.0496928 0.0479517 0.0462814 0.0444489 0.0420736 0.0387156 0.0340724 0.0282028 0.0216224
 0.00578563 0.00948316 0.0144342 0.0206523 0.0279788 0.0359628 0.0438371 0.0507122 0.055899 0.0591191 0.0604745 0.060277 0.0589051 0.0567435 0.0541586 0.0514661 0.048892 0.0465377 0.0443527 0.0421169 0.0394624 0.0359757 0.0313877 0.0257722 0.0196136
 0.00607014 0.00994266 0.0151201 0.0216102 0.0292399 0.0375293 0.0456673 0.0527155 0.0579502 0.0610883 0.0622567 0.0618042 0.060134 0.0576271 0.0546251 0.0514236 0.048259 0.0452794 0.0425001 0.0397667 0.0367663 0.0331298 0.0286151 0.0232904 0.0175889
 0.00625702 0.0102533 0.0156005 0.0223079 0.030195 0.0387601 0.0471556 0.0544008 0.0597385 0.0628698 0.0639246 0.0632675 0.0613232 0.0584925 0.0551251 0.0515108 0.0478747 0.0443674 0.0410366 0.0377908 0.0343964 0.0305561 0.0260705 0.0210016 0.0157236
 0.00662633 0.0108362 0.0164449 0.0234466 0.0316399 0.0404936 0.0491203 0.056496 0.0618309 0.0648172 0.0656003 0.0645772 0.0622105 0.0589359 0.055127 0.051081 0.0470151 0.0430676 0.0392887 0.0356197 0.0318916 0.0278842 0.0234532 0.018664 0.0138322
 0.00690661 0.0112984 0.0171515 0.0244566 0.0329929 0.0421877 0.051092 0.0586199 0.0639447 0.0667605 0.067245 0.065838 0.0630398 0.0593143 0.055055 0.0505717 0.0460858 0.0417335 0.0375663 0.0335443 0.0295438 0.0254063 0.0210383 0.0165124 0.0120947
 0.0071257 0.0116682 0.0177334 0.0253164 0.0341871 0.0437408 0.052973 0.0607314 0.0661344 0.0688494 0.0690614 0.0672448 0.0639511 0.0596976 0.0549213 0.0499581 0.0450382 0.0402966 0.0357838 0.0314711 0.0272655 0.0230536 0.0187797 0.0145204 0.0104971
 0.00728497 0.0119395 0.0181652 0.0259635 0.0351009 0.044953 0.0544777 0.0624747 0.0680172 0.0707405 0.0708149 0.0687186 0.065025 0.0602895 0.0549959 0.0495241 0.0441369 0.0389865 0.0341315 0.0295532 0.025179 0.020925 0.0167589 0.0127539 0.00908992
 0.00742482 0.0121798 0.0185511 0.0265455 0.0359251 0.0460443 0.0558231 0.0640174 0.0696639 0.0723792 0.0723311 0.0700059 0.0659916 0.0608631 0.0551297 0.0492014 0.043372 0.0378215 0.032631 0.0278015 0.0232808 0.0190061 0.0149568 0.0111947 0.00785862
 0.00757419 0.0124174 0.0188998 0.0270254 0.0365528 0.0468306 0.0567674 0.0651008 0.0708458 0.0735978 0.0735092 0.0710598 0.0668408 0.0614387 0.055379 0.0490911 0.0428904 0.0369818 0.0314737 0.0263954 0.0217225 0.0174136 0.0134564 0.00989791 0.00683777
 0.00775962 0.0126971 0.0192803 0.0274992 0.0371018 0.0474324 0.0574012 0.0657493 0.071497 0.0742444 0.0741441 0.0716689 0.067395 0.0618923 0.0556755 0.0491735 0.0427133 0.0365214 0.0307354 0.0254185 0.0205802 0.0162064 0.0122956 0.00888319 0.00603441
 0.00781508 0.0127924 0.0194324 0.0277243 0.037409 0.0478157 0.0578341 0.0661909 0.071907 0.0746015 0.0744539 0.0719554 0.0676824 0.0621855 0.0559509 0.0493824 0.042795 0.0364205 0.0304186 0.0248872 0.0198745 0.0154003 0.0114813 0.00814861 0.00544113
 0.00785177 0.012864 0.019562 0.0279404 0.0377383 0.0482705 0.0584013 0.0668271 0.0725458 0.0751692 0.0748896 0.0722276 0.0677954 0.0621726 0.0558549 0.0492342 0.0425997 0.0361589 0.0300618 0.0244164 0.0192977 0.0147571 0.0108341 0.00756314 0.00496659
 0.00788394 0.0128975 0.0195795 0.0279185 0.0376595 0.0481394 0.0582539 0.0667249 0.0725523 0.0753219 0.0751824 0.0726141 0.068209 0.0625513 0.0561593 0.0494493 0.0427247 0.0361937 0.0300002 0.0242505 0.01903 0.0144099 0.0104497 0.00719232 0.00465225
 0.00785309 0.0128599 0.0195448 0.0278998 0.0376657 0.048166 0.0582802 0.0667236 0.0725089 0.0752511 0.0751273 0.0726254 0.0683175 0.0627519 0.0564146 0.0497086 0.0429432 0.0363416 0.0300614 0.0242193 0.0189103 0.0142181 0.0102152 0.00695227 0.00444024
 0.00753458 0.0123847 0.0189101 0.0271348 0.036827 0.0473279 0.0575235 0.0661245 0.0721254 0.0751108 0.0752259 0.0729361 0.0688052 0.0633797 0.0571405 0.0504803 0.0437002 0.0370249 0.0306249 0.0246367 0.0191766 0.0143481 0.0102393 0.00690941 0.0043687
 0.00750076 0.0123027 0.0187391 0.026826 0.0363433 0.0466709 0.0567523 0.065349 0.0714725 0.0746801 0.07506 0.0730203 0.0690896 0.0638059 0.0576588 0.0510517 0.0442894 0.037594 0.0311344 0.0250521 0.0194776 0.0145332 0.0103254 0.00692512 0.00434561
 0.00762408 0.0124638 0.0189071 0.0269434 0.0363364 0.0464702 0.0563163 0.0646832 0.0706385 0.0737908 0.0742559 0.072432 0.0687991 0.063828 0.0579487 0.0515318 0.0448761 0.0382134 0.0317263 0.0255704 0.0198917 0.0148307 0.0105129 0.00702425 0.00438491
 0.00772158 0.0126118 0.0191078 0.0271859 0.0365919 0.0466886 0.0564282 0.064613 0.0703297 0.0732348 0.0735099 0.071612 0.0680487 0.0632754 0.0576712 0.0515402 0.045124 0.0386209 0.0322062 0.0260467 0.0203089 0.0151576 0.0107413 0.00716469 0.00445908
 0.00782579 0.012772 0.0193315 0.0274725 0.0369314 0.0470595 0.0567948 0.0649235 0.070521 0.0732448 0.0732965 0.0711729 0.0674336 0.0625808 0.0570164 0.0510322 0.0448265 0.038541 0.0323026 0.0262514 0.0205517 0.0153836 0.0109191 0.00728528 0.00452953
 0.00771863 0.0126275 0.0191686 0.0273271 0.0368454 0.0470648 0.0568995 0.0651092 0.0707493 0.0734681 0.0734667 0.0712481 0.067386 0.0624084 0.0567508 0.0507359 0.0445743 0.0383936 0.0322856 0.0263502 0.020723 0.0155763 0.0110918 0.00741608 0.00461492
 0.00771831 0.0126151 0.01913 0.0272465 0.0367157 0.0468999 0.0567395 0.0650108 0.0707615 0.0736064 0.0737017 0.0715157 0.0676127 0.0625363 0.0567546 0.0506277 0.0443979 0.0382093 0.0321484 0.0262912 0.0207424 0.0156497 0.0111859 0.00750296 0.00467995
 0.00782568 0.0127665 0.0193141 0.0274363 0.0368736 0.0469882 0.056733 0.0649061 0.0705822 0.0733998 0.0735248 0.0714128 0.0675956 0.0625798 0.0568107 0.0506502 0.044364 0.0381269 0.0320482 0.0262091 0.020702 0.0156543 0.011222 0.00755075 0.00472344
 0.00781772 0.0127656 0.0193337 0.0274929 0.036978 0.0471342 0.0568906 0.0650273 0.0706197 0.0733299 0.0733611 0.0712025 0.0673992 0.0624453 0.0567551 0.0506577 0.0444001 0.0381592 0.0320618 0.0262087 0.0207021 0.0156666 0.0112487 0.00758543 0.00475702
 0.00775101 0.0126646 0.0191965 0.0273253 0.0367951 0.0469597 0.0567536 0.0649543 0.0706223 0.0733961 0.0734583 0.0712932 0.0674609 0.0624805 0.0567853 0.0507058 0.0444752 0.0382535 0.0321588 0.0262947 0.0207726 0.0157246 0.0112982 0.00762813 0.00479181
 0.00765662 0.0125138 0.0189753 0.0270244 0.0364146 0.046515 0.0562802 0.0645063 0.0702625 0.0731782 0.07341 0.0714078 0.0677017 0.0627964 0.057129 0.0510467 0.0447995 0.0385562 0.0324352 0.0265379 0.0209763 0.0158865 0.0114208 0.00771663 0.00485243
 0.00768341 0.0125432 0.0189933 0.0270088 0.0363402 0.0463628 0.0560457 0.0642042 0.0699242 0.0728469 0.073132 0.0712229 0.0676338 0.0628465 0.0572768 0.0512588 0.0450415 0.0388015 0.0326667 0.0267457 0.0211543 0.0160313 0.011532 0.00779696 0.00490671
 0.00787041 0.0128175 0.0193498 0.027421 0.0367639 0.0467446 0.0563324 0.0643502 0.0699011 0.0726517 0.0727921 0.0707916 0.0671771 0.0624269 0.0569387 0.0510214 0.044901 0.0387384 0.0326568 0.026767 0.0211904 0.0160711 0.0115688 0.00782712 0.00492911
 0.00799094 0.0130097 0.0196307 0.0277994 0.0372335 0.0472764 0.0568696 0.064815 0.0702136 0.0727554 0.0726712 0.0704731 0.0667195 0.0619026 0.0564178 0.0505593 0.0445306 0.0384696 0.0324805 0.0266636 0.0211377 0.0160498 0.0115647 0.00783078 0.00493506
 0.00803015 0.0130762 0.019736 0.0279562 0.0374535 0.047565 0.0572203 0.0652043 0.0706003 0.0730855 0.0728892 0.0705367 0.066613 0.061643 0.05605 0.0501434 0.0441253 0.0381193 0.0322084 0.0264725 0.0210163 0.0159804 0.0115295 0.00781555 0.00493006
 0.00801721 0.0130633 0.0197318 0.0279747 0.037511 0.0476758 0.0573919 0.0654347 0.0708772 0.0733863 0.073181 0.0707794 0.0667658 0.0616752 0.0559519 0.0499316 0.0438392 0.0378083 0.031918 0.0262333 0.0208401 0.0158635 0.0114594 0.00777766 0.00491166
 0.00795763 0.01298 0.019632 0.0278745 0.0374329 0.0476425 0.0574211 0.0655357 0.0710494 0.0736185 0.0734523 0.0710603 0.0670214 0.0618702 0.0560577 0.0499331 0.0437409 0.0376347 0.0317063 0.0260221 0.0206588 0.0157266 0.0113674 0.00772235 0.00488182
 0.00779947 0.0127351 0.0192874 0.02743 0.0369045 0.0470661 0.0568541 0.0650512 0.070721 0.0734997 0.0735614 0.0713765 0.0674932 0.062429 0.0566314 0.0504588 0.044174 0.0379549 0.0319175 0.0261464 0.0207253 0.0157617 0.0113886 0.00773813 0.0048945
 0.00761135 0.012454 0.0189104 0.0269708 0.0363896 0.0465288 0.0563302 0.0645788 0.0703407 0.0732518 0.0734788 0.071477 0.0677726 0.0628587 0.0571622 0.0510296 0.0447239 0.0384354 0.0323006 0.0264265 0.020915 0.0158828 0.0114635 0.00778414 0.00492281
 0.0074899 0.0122557 0.0186119 0.026554 0.0358503 0.0458871 0.0556372 0.0639112 0.069781 0.0728641 0.0732945 0.071497 0.0679787 0.0632241 0.0576538 0.051606 0.0453354 0.0390291 0.0328304 0.0268622 0.0212466 0.0161175 0.0116193 0.00788181 0.00498096
 0.00740532 0.012122 0.0184173 0.0262891 0.0355085 0.0454667 0.055146 0.0633718 0.0692337 0.0723643 0.0729025 0.0712636 0.0679331 0.0633687 0.0579676 0.052052 0.0458671 0.0395953 0.0333805 0.0273532 0.02165 0.0164232 0.0118333 0.00802052 0.00506442
 0.00727144 0.0119143 0.0181237 0.0259056 0.0350406 0.0449301 0.0545675 0.0627879 0.0686859 0.0718925 0.0725409 0.0710406 0.0678712 0.0634816 0.0582548 0.0524946 0.046428 0.0402244 0.0340222 0.0279549 0.0221705 0.0168386 0.0121386 0.00822703 0.0051927
 0.0073243 0.0119686 0.0181475 0.0258512 0.0348587 0.0445918 0.0540813 0.0622015 0.06807 0.0713174 0.07206 0.0706855 0.0676577 0.063417 0.0583418 0.0527293 0.0467952 0.0406939 0.0345501 0.0284901 0.0226644 0.0172548 0.0124591 0.00845219 0.00533679
 0.00736383 0.0120351 0.0182492 0.0259908 0.0350252 0.0447516 0.0541779 0.0621686 0.067859 0.0709241 0.0715331 0.0701104 0.0671258 0.0629994 0.0580784 0.0526327 0.0468582 0.0408947 0.0348546 0.0288539 0.0230394 0.0175979 0.0127406 0.00866016 0.00547522
 0.00735547 0.0120202 0.0182252 0.0259559 0.0349803 0.0447018 0.05413 0.0621252 0.0678103 0.0708456 0.0713949 0.0698955 0.0668461 0.0626978 0.0578142 0.0524603 0.0468111 0.0409799 0.0350548 0.0291348 0.023357 0.0179083 0.0130092 0.0088675 0.00561854
 0.00734198 0.011992 0.0181713 0.0258629 0.0348365 0.0445036 0.0538876 0.0618636 0.067563 0.0706433 0.0712536 0.0698113 0.0667996 0.0626673 0.0577914 0.0524564 0.0468512 0.0410885 0.0352422 0.0293904 0.0236522 0.0182061 0.0132752 0.00907936 0.00576925
 0.00745938 0.0121699 0.0184141 0.0261636 0.035176 0.0448511 0.0542027 0.0621016 0.0676855 0.0706303 0.0711101 0.0695638 0.0664841 0.062318 0.0574343 0.0521129 0.0465433 0.0408408 0.0350762 0.029316 0.023662 0.0182765 0.0133752 0.00918023 0.00585231
 0.00751795 0.0122697 0.0185718 0.0263955 0.0354915 0.045244 0.054644 0.0625402 0.0680591 0.0708822 0.0712042 0.0694919 0.0662644 0.0619869 0.057036 0.05169 0.0461328 0.0404729 0.0347753 0.0290982 0.0235312 0.0182224 0.0133762 0.0092109 0.00589087
 0.00751169 0.012267 0.018582 0.0264335 0.0355753 0.0453901 0.0548619 0.0628266 0.0683938 0.0712282 0.0715125 0.0697124 0.0663597 0.061942 0.0568618 0.0514183 0.045806 0.0401351 0.0344647 0.0288427 0.0233461 0.0181087 0.0133224 0.00919805 0.0058994
 0.00724296 0.0118492 0.0179909 0.025664 0.0346482 0.044359 0.0538173 0.0618897 0.0676939 0.070868 0.0715389 0.0701037 0.067035 0.062786 0.0577558 0.0522663 0.0465498 0.0407543 0.0349663 0.0292471 0.0236746 0.0183768 0.013538 0.00936448 0.00601959
#obs surv len freq
 0.00497777 0.00815255 0.0123987 0.0177293 0.0240175 0.0308977 0.0377439 0.0438319 0.0486102 0.0518763 0.0537483 0.0545123 0.0544897 0.0539799 0.0532449 0.0524984 0.0518848 0.0514383 0.0510199 0.0502605 0.048578 0.0453423 0.0401765 0.0332491 0.0253413
 0.0051908 0.00850224 0.0129312 0.0184896 0.025041 0.0321959 0.039291 0.0455599 0.050419 0.0536525 0.0553818 0.0559039 0.0555529 0.0546404 0.0534429 0.0521944 0.0510663 0.0501272 0.0492781 0.0481925 0.0463287 0.0430844 0.0380871 0.0314759 0.0239704
 0.00542081 0.00887889 0.0135033 0.0193048 0.026137 0.0335869 0.0409526 0.0474232 0.0523791 0.0555877 0.0571724 0.057444 0.0567537 0.0554294 0.0537607 0.0519941 0.0503174 0.0488255 0.0474606 0.0459516 0.043817 0.0405045 0.0356591 0.0293907 0.0223451
 0.0056556 0.00926368 0.0140883 0.020139 0.0272595 0.0350121 0.0426556 0.0493341 0.0543921 0.0575813 0.0590275 0.0590545 0.0580301 0.0562979 0.0541613 0.0518773 0.0496455 0.0475798 0.045658 0.0436654 0.0411924 0.0377536 0.0330278 0.0271025 0.0205452
 0.00590005 0.00966556 0.0147014 0.0210163 0.0284428 0.0365156 0.0444495 0.0513388 0.0564905 0.0596411 0.0609236 0.060681 0.0593026 0.0571511 0.054544 0.0517477 0.0489688 0.0463338 0.0438487 0.041351 0.0385056 0.0349039 0.0302708 0.0246811 0.0186247
 0.00614175 0.0100606 0.0153 0.0218671 0.0295843 0.0379625 0.0461769 0.0532765 0.0585306 0.0616578 0.0627924 0.0622921 0.0605673 0.0580021 0.0549323 0.0516366 0.0483292 0.045146 0.042115 0.0391195 0.0358947 0.0321101 0.0275439 0.022266 0.016695
 0.00638657 0.0104605 0.0159053 0.0227256 0.0307321 0.039409 0.0478905 0.0551797 0.0605117 0.0635927 0.0645644 0.0638027 0.0617383 0.0587739 0.055261 0.05149 0.0476831 0.0439852 0.0404433 0.0369799 0.0333939 0.0294287 0.0249165 0.0199279 0.0148176
 0.00661636 0.0108394 0.0164854 0.0235583 0.0318572 0.0408383 0.0495908 0.0570677 0.0624672 0.0654826 0.0662668 0.0652196 0.0627988 0.0594312 0.0554861 0.0512648 0.0469951 0.0428274 0.0388234 0.0349391 0.0310287 0.0269027 0.0224435 0.0177248 0.0130447
 0.00684345 0.0112114 0.0170506 0.0243633 0.0329382 0.0422066 0.0512173 0.0588771 0.0643467 0.0673029 0.0679031 0.0665675 0.0637816 0.0600016 0.0556219 0.050961 0.0462555 0.0416606 0.0372479 0.032999 0.0288136 0.0245587 0.0201607 0.0156964 0.0114134
 0.00707364 0.0115881 0.0176218 0.0251745 0.0340228 0.0435705 0.0528245 0.0606449 0.0661585 0.0690306 0.069429 0.0677964 0.0646449 0.0604574 0.0556521 0.0505665 0.0454501 0.040466 0.0356955 0.0311402 0.0267353 0.0223926 0.018073 0.0138537 0.00993751
 0.00726509 0.0119059 0.0181121 0.025884 0.0349884 0.0448037 0.0542957 0.0622783 0.067843 0.0706421 0.0708517 0.0689365 0.0654362 0.0608608 0.0556527 0.0501682 0.0446701 0.0393317 0.0342451 0.02943 0.0248502 0.020452 0.016221 0.012231 0.00864455
 0.00744146 0.0121931 0.0185454 0.0264971 0.0358075 0.045838 0.0555263 0.0636527 0.0692793 0.0720419 0.0721149 0.0699733 0.066176 0.0612569 0.0556832 0.0498326 0.0439844 0.0383242 0.0329565 0.0279176 0.0231952 0.0187621 0.0146208 0.0108386 0.00754115
 0.00755099 0.0123727 0.0188188 0.0268878 0.0363354 0.0465128 0.056341 0.0645802 0.0702757 0.0730531 0.073082 0.0708361 0.0668752 0.0617375 0.0559006 0.0497577 0.0436067 0.0376526 0.0320194 0.0267647 0.0219 0.0174205 0.0133414 0.00972174 0.00665523
 0.00760516 0.0124587 0.0189449 0.0270618 0.0365651 0.0468062 0.0567053 0.0650194 0.0707879 0.0736282 0.0737002 0.0714666 0.0674764 0.0622599 0.0562906 0.0499644 0.0435895 0.0373889 0.0315102 0.026039 0.021015 0.016458 0.012396 0.00888148 0.00598137
 0.00767293 0.0125609 0.0190838 0.0272346 0.0367651 0.0470255 0.056937 0.0652595 0.0710367 0.0738904 0.0739829 0.0717746 0.0678058 0.0625929 0.0565945 0.0501951 0.0436993 0.0373361 0.0312705 0.025614 0.0204373 0.0157882 0.0117114 0.00825761 0.00547306
 0.00774772 0.012676 0.0192445 0.0274405 0.037009 0.0472936 0.057209 0.0655117 0.0712481 0.0740504 0.0740956 0.0718566 0.0678788 0.0626736 0.0566861 0.0502834 0.0437539 0.0373184 0.031145 0.0253616 0.0200649 0.015331 0.0112248 0.00780148 0.00509414
 0.00776392 0.0127018 0.0192824 0.0274922 0.0370756 0.0473745 0.0573015 0.0656108 0.0713474 0.0741437 0.0741794 0.071932 0.0679514 0.062752 0.0567765 0.0503845 0.0438522 0.0373884 0.0311556 0.0252866 0.0198952 0.0150808 0.0109292 0.00750545 0.00483707
 0.00780771 0.0127626 0.0193547 0.027565 0.0371357 0.0474122 0.0573151 0.0656067 0.0713368 0.0741376 0.0741849 0.0719518 0.0679852 0.0627985 0.056835 0.0504532 0.0439256 0.037454 0.031194 0.0252767 0.0198231 0.0149477 0.0107537 0.00731705 0.00466551
 0.00786283 0.0128483 0.0194759 0.0277215 0.0373205 0.04761 0.0575017 0.0657541 0.0714213 0.0741495 0.0741323 0.0718561 0.0678723 0.0626898 0.0567437 0.0503844 0.043878 0.0374206 0.0311628 0.0252329 0.0197537 0.0148479 0.0106299 0.00718536 0.00454457
 0.00788701 0.0128878 0.0195357 0.0278061 0.0374326 0.0477481 0.0576584 0.0659143 0.0715647 0.0742546 0.0741825 0.0718455 0.0678078 0.0625888 0.056628 0.0502734 0.0437835 0.0373458 0.0311028 0.025178 0.0196933 0.0147753 0.0105457 0.00709706 0.004463
 0.00789586 0.0128996 0.0195486 0.0278177 0.037441 0.0477541 0.0576667 0.0659324 0.0715989 0.0743065 0.074246 0.0719086 0.0678564 0.0626129 0.0566253 0.0502497 0.0437493 0.0373106 0.0310714 0.0251492 0.0196623 0.0147372 0.0104995 0.0070462 0.00441396
 0.0079011 0.0129069 0.0195575 0.0278264 0.0374471 0.0477548 0.0576599 0.065918 0.0715802 0.07429 0.0742402 0.0719192 0.0678838 0.0626508 0.0566637 0.0502793 0.0437655 0.0373142 0.0310661 0.0251383 0.0196466 0.0147163 0.0104732 0.00701646 0.00438447
 0.00789855 0.0128968 0.0195315 0.027774 0.0373587 0.0476275 0.0575011 0.0657458 0.0714186 0.074162 0.0741625 0.0719005 0.067924 0.0627421 0.0567921 0.0504269 0.0439141 0.0374495 0.0311796 0.0252266 0.0197102 0.0147573 0.0104949 0.0070233 0.00438186
 0.00789402 0.0128868 0.0195111 0.0277363 0.0372957 0.0475319 0.0573695 0.065581 0.0712322 0.0739741 0.0739986 0.0717855 0.0678759 0.0627673 0.0568845 0.0505705 0.0440875 0.0376304 0.0313491 0.0253719 0.0198248 0.0148402 0.0105493 0.00705478 0.00439706
 0.00790416 0.0129022 0.0195322 0.0277618 0.0373225 0.047554 0.057378 0.0655655 0.0711835 0.0738879 0.0738798 0.0716483 0.0677422 0.0626605 0.0568232 0.0505632 0.0441307 0.0377112 0.0314495 0.0254742 0.0199153 0.0149114 0.0105992 0.00708582 0.00441377
 0.00790354 0.0129001 0.019527 0.0277518 0.0373058 0.0475301 0.0573478 0.0655308 0.0711455 0.0738463 0.073832 0.0715927 0.0676802 0.0625992 0.0567744 0.0505396 0.0441413 0.0377568 0.0315226 0.0255617 0.0200028 0.0149874 0.0106575 0.00712547 0.00443766
 0.00786713 0.012841 0.0194386 0.0276286 0.0371459 0.0473377 0.0571355 0.0653193 0.0709597 0.0737083 0.073756 0.0715813 0.0677256 0.0626879 0.056892 0.0506755 0.0442894 0.0379137 0.0316841 0.0257205 0.0201493 0.0151122 0.0107547 0.00719427 0.00448164
 0.00783011 0.0127794 0.0193435 0.0274912 0.0369602 0.0471039 0.0568638 0.0650309 0.0706836 0.0734758 0.0735935 0.071506 0.0677425 0.0627893 0.0570604 0.0508887 0.0445258 0.0381557 0.0319189 0.0259383 0.0203419 0.015273 0.0108798 0.00728384 0.00454017
 0.00782057 0.0127591 0.019304 0.0274215 0.0368492 0.0469443 0.0566563 0.064786 0.0704206 0.0732199 0.0733717 0.0713432 0.0676575 0.0627914 0.0571475 0.0510477 0.0447362 0.038394 0.0321631 0.0261704 0.0205488 0.015446 0.0110149 0.00738138 0.00460471
 0.00777249 0.0126864 0.0192043 0.0272958 0.0366999 0.0467741 0.0564674 0.0645816 0.0702072 0.0730089 0.07318 0.0711904 0.067563 0.06277 0.0572061 0.0511834 0.0449361 0.0386379 0.0324268 0.0264305 0.0207856 0.015646 0.0111716 0.00749476 0.00468
 0.00776135 0.0126594 0.0191478 0.0271929 0.0365365 0.0465469 0.0561898 0.0642824 0.0699214 0.072766 0.0729969 0.0710725 0.0675096 0.0627802 0.0572799 0.0513199 0.0451301 0.0388772 0.032693 0.0267011 0.0210388 0.0158645 0.0113453 0.00762174 0.0047649
 0.00771179 0.012585 0.0190467 0.027066 0.0363849 0.0463697 0.0559841 0.0640474 0.0696644 0.0725065 0.0727638 0.0708963 0.0674125 0.0627706 0.0573539 0.0514665 0.0453353 0.039126 0.0329679 0.0269823 0.0213054 0.0160983 0.011534 0.00776142 0.00485923
 0.00770386 0.0125661 0.0190076 0.0269955 0.0362735 0.0462153 0.0557951 0.0638407 0.0694589 0.0723161 0.0725961 0.0707562 0.0673078 0.0627127 0.0573545 0.0515317 0.0454629 0.039306 0.0331846 0.0272166 0.0215369 0.0163083 0.0117086 0.00789379 0.00495047
 0.00766954 0.0125176 0.0189478 0.02693 0.0362081 0.0461508 0.0557258 0.0637572 0.0693539 0.0721906 0.0724601 0.0706251 0.0671966 0.0626331 0.0573151 0.0515389 0.0455208 0.0394134 0.0333338 0.0273935 0.0217234 0.0164856 0.0118614 0.00801317 0.00503476
 0.00764171 0.0124705 0.0188741 0.0268234 0.0360665 0.0459803 0.0555423 0.0635831 0.0692104 0.0720888 0.0723985 0.0705943 0.0671871 0.0626409 0.057342 0.0515903 0.0456017 0.0395264 0.0334766 0.0275582 0.0218969 0.0166524 0.0120072 0.00812876 0.00511753
 0.00761845 0.0124327 0.018817 0.0267423 0.0359574 0.0458413 0.055376 0.0633985 0.0690236 0.0719206 0.0722693 0.0705177 0.067166 0.0626685 0.0574069 0.051682 0.0457142 0.0396572 0.033624 0.0277179 0.0220605 0.0168085 0.0121442 0.00823839 0.00519692
 0.00760972 0.0124194 0.0187984 0.0267181 0.0359267 0.0458024 0.055326 0.0633341 0.0689423 0.0718235 0.0721627 0.0704128 0.0670771 0.0626082 0.0573825 0.0516941 0.0457586 0.039728 0.0337157 0.0278249 0.0221759 0.0169233 0.0122489 0.00832499 0.00526152
 0.00760167 0.0124079 0.018784 0.0267022 0.0359113 0.045789 0.0553147 0.0633232 0.0689282 0.0718012 0.0721275 0.0703629 0.067015 0.062542 0.0573234 0.0516533 0.0457437 0.0397417 0.0337558 0.0278862 0.0222512 0.017004 0.0123261 0.00839128 0.00531253
 0.00756902 0.012359 0.0187182 0.0266222 0.0358223 0.0456983 0.0552306 0.0632539 0.0688802 0.0717775 0.0721263 0.0703779 0.0670381 0.0625662 0.0573459 0.051676 0.0457718 0.0397808 0.0338092 0.0279532 0.0223274 0.0170826 0.0123997 0.00845365 0.00536018
 0.00756128 0.0123423 0.018686 0.0265664 0.0357367 0.0455826 0.0550934 0.0631122 0.0687548 0.0716862 0.0720786 0.0703742 0.067071 0.0626241 0.0574168 0.0517508 0.045846 0.0398539 0.0338832 0.0280297 0.0224056 0.017159 0.0124693 0.00851178 0.00540427
 0.00753095 0.0122974 0.0186263 0.0264937 0.0356534 0.0454897 0.0549903 0.0629986 0.0686342 0.0715686 0.0719796 0.0703101 0.0670532 0.0626546 0.0574885 0.0518507 0.04596 0.039971 0.0339967 0.0281364 0.0225038 0.017247 0.0125445 0.00857206 0.00544877
 0.00752584 0.0122854 0.0186016 0.0264496 0.0355844 0.0453953 0.0548769 0.0628782 0.06852 0.0714701 0.0719013 0.0702537 0.0670212 0.0626514 0.0575178 0.0519123 0.0460482 0.0400761 0.0341082 0.0282454 0.0226043 0.0173351 0.0126178 0.00862943 0.00549038
 0.00752958 0.012293 0.0186155 0.0264718 0.035615 0.0454298 0.054906 0.0628898 0.0685042 0.0714236 0.0718293 0.0701672 0.0669328 0.0625724 0.057457 0.0518758 0.0460391 0.0400934 0.0341466 0.0282974 0.0226618 0.0173911 0.0126675 0.00866975 0.00552039
 0.00751702 0.0122725 0.0185846 0.0264291 0.0355607 0.0453674 0.0548421 0.0628327 0.0684603 0.0713943 0.0718111 0.0701546 0.066922 0.0625636 0.0574541 0.0518841 0.0460627 0.0401339 0.0342025 0.0283639 0.0227321 0.0174584 0.012726 0.0087162 0.00555405
 0.00750995 0.0122637 0.0185762 0.0264241 0.0355621 0.045376 0.0548555 0.0628461 0.0684686 0.0713946 0.071803 0.070139 0.0669 0.062536 0.0574226 0.0518526 0.0460368 0.0401192 0.0342025 0.0283789 0.0227589 0.0174915 0.0127596 0.00874576 0.00557694
 0.00748858 0.0122299 0.0185275 0.0263597 0.0354836 0.0452887 0.0547687 0.0627714 0.0684166 0.0713712 0.0718074 0.0701653 0.0669401 0.0625825 0.0574699 0.0518975 0.0460786 0.0401595 0.0342436 0.0284225 0.0228047 0.0175371 0.0128015 0.00878066 0.00560315
 0.00748858 0.0122299 0.0185275 0.0263597 0.0354836 0.0452887 0.0547687 0.0627714 0.0684166 0.0713712 0.0718074 0.0701653 0.0669401 0.0625825 0.0574699 0.0518975 0.0460786 0.0401595 0.0342436 0.0284225 0.0228047 0.0175371 0.0128015 0.00878066 0.00560315
 0.00725774 0.0118614 0.0179872 0.025625 0.0345537 0.044197 0.0535933 0.0616317 0.0674504 0.0707 0.0715062 0.0702492 0.0673693 0.0632793 0.0583398 0.0528477 0.0470315 0.0410578 0.0350506 0.0291176 0.0233795 0.0179914 0.0131421 0.0090205 0.00576019
#pred catch len freq
 0.00361258 0.00587521 0.00888106 0.012676 0.017285 0.0226526 0.0285785 0.0347216 0.0406772 0.0460655 0.0505875 0.0540576 0.0564244 0.0577658 0.0582527 0.0581045 0.0575549 0.0568145 0.0559939 0.0549835 0.0533588 0.0504435 0.0456102 0.038706 0.0303166
 0.00400742 0.00645914 0.00965528 0.0136122 0.0183444 0.0238103 0.0298332 0.0360778 0.0421102 0.047495 0.0518823 0.0550765 0.0570703 0.0580213 0.0581768 0.0577913 0.0570773 0.0561787 0.0551293 0.0537785 0.0517338 0.0484263 0.0433653 0.0364931 0.0283941
 0.00417981 0.00677978 0.0102089 0.0144932 0.0196239 0.0254919 0.0318233 0.0381998 0.0441631 0.0493198 0.0533916 0.0562338 0.0578507 0.0583946 0.0581226 0.0573238 0.0562462 0.0550399 0.0537086 0.0520629 0.0497076 0.046132 0.0409445 0.0341673 0.0263904
 0.00438267 0.00709729 0.0106698 0.015132 0.0204926 0.0266663 0.0333873 0.0402006 0.0465541 0.0519268 0.0559379 0.0584209 0.0594497 0.0592944 0.0583189 0.0568759 0.055237 0.053553 0.0518166 0.0498262 0.0471901 0.0434344 0.0382291 0.0316448 0.0242617
 0.00463225 0.00749609 0.0112569 0.0159388 0.0215387 0.0279549 0.0349038 0.041919 0.0484472 0.0539648 0.0580643 0.0605183 0.0613292 0.0607299 0.0591143 0.0569212 0.0545237 0.0521496 0.049831 0.0473809 0.0444215 0.0405073 0.0353453 0.029023 0.022088
 0.00488025 0.00789274 0.0118428 0.0167506 0.0226057 0.0292923 0.0365013 0.0437316 0.0503958 0.0559504 0.0599878 0.0622933 0.0628773 0.0619621 0.0599166 0.0571652 0.054102 0.0510143 0.0480133 0.0449871 0.04162 0.0375141 0.0324058 0.0263771 0.0199203
 0.00512025 0.00827753 0.0124127 0.0175416 0.0236459 0.0305945 0.038053 0.0454879 0.0522799 0.0578628 0.0618195 0.06394 0.0642506 0.0629929 0.0605466 0.0573323 0.0537346 0.0500461 0.0464162 0.0428052 0.0389866 0.0346444 0.0295623 0.0238158 0.0178309
 0.00545963 0.00880854 0.0131744 0.0185593 0.0249312 0.0321434 0.0398387 0.047452 0.0543303 0.0598809 0.0636759 0.0655136 0.0654457 0.0637484 0.0608327 0.0571361 0.0530428 0.0488389 0.0446808 0.040568 0.0363479 0.0317909 0.0267428 0.0212832 0.0157737
 0.00576102 0.00929353 0.0138949 0.0195603 0.0262419 0.0337645 0.0417287 0.0495221 0.0564559 0.0619235 0.0655043 0.0670168 0.0665387 0.0643753 0.0609662 0.0567721 0.05219 0.047509 0.0428905 0.0383573 0.0338081 0.0290835 0.0240868 0.0189064 0.0138486
 0.00600859 0.00969822 0.0145092 0.0204371 0.0274278 0.0352858 0.0435728 0.0516234 0.0586937 0.0641357 0.0675134 0.06866 0.0676951 0.064979 0.0610033 0.056265 0.0511785 0.0460375 0.0410059 0.0361217 0.0313194 0.026491 0.0215834 0.0166893 0.0120654
 0.0062167 0.0100374 0.0150226 0.0211689 0.028419 0.036565 0.0451427 0.0534479 0.0606922 0.0661861 0.0694633 0.0703464 0.0689694 0.0657318 0.0611789 0.0558619 0.0502359 0.044618 0.0391841 0.0339848 0.0289788 0.0240922 0.019299 0.0146881 0.0104688
 0.00637857 0.0103054 0.0154358 0.0217693 0.0292459 0.0376453 0.0464779 0.0550051 0.0624025 0.0679509 0.071164 0.0718561 0.0701659 0.0665112 0.0614686 0.0556281 0.0494859 0.0433952 0.0375608 0.0320574 0.0268685 0.0219442 0.0172723 0.0129288 0.00907633
 0.00651252 0.0105174 0.0157455 0.0221951 0.0298068 0.0383613 0.0473652 0.056067 0.0636191 0.0692715 0.072508 0.0731224 0.0712475 0.0673104 0.0619069 0.0556526 0.0490733 0.042555 0.0363372 0.0305296 0.0251481 0.0201689 0.0155888 0.0114675 0.00792241
 0.00664876 0.0107221 0.0160232 0.0225408 0.0302109 0.0388163 0.0478709 0.0566305 0.0642501 0.0699757 0.0732779 0.0739292 0.0720381 0.0680107 0.0624333 0.0559257 0.0490319 0.0421669 0.0356067 0.0295023 0.0239099 0.0188375 0.0142951 0.0103288 0.00701673
 0.00673536 0.0108619 0.0162309 0.0228271 0.0305782 0.0392532 0.0483497 0.0571127 0.0647 0.0703759 0.0736356 0.0742682 0.0723803 0.0683575 0.0627554 0.0561671 0.0491231 0.0420449 0.0352338 0.0288803 0.0230859 0.0178975 0.0133462 0.00947319 0.00632591
 0.00674046 0.0108828 0.0162861 0.0229431 0.0307841 0.0395712 0.0487848 0.0576449 0.0652844 0.0709507 0.0741381 0.0746541 0.0726361 0.0684994 0.062813 0.0561607 0.0490487 0.0418746 0.0349322 0.0284257 0.022489 0.0172061 0.0126351 0.00882141 0.00579318
 0.00675963 0.0108999 0.0162874 0.0229111 0.0307076 0.0394584 0.0486711 0.0575867 0.0653391 0.0711508 0.0744756 0.075082 0.0730871 0.0689104 0.0631427 0.0563926 0.0491811 0.041906 0.0348537 0.0282274 0.0221731 0.0167985 0.0121848 0.00838759 0.00542569
 0.00668116 0.0107883 0.016148 0.0227565 0.0305508 0.0393053 0.0485179 0.0574284 0.0651841 0.0710314 0.0744417 0.0751796 0.073333 0.0692795 0.0635773 0.0568246 0.0495531 0.0421805 0.0350113 0.0282613 0.0220887 0.0166164 0.0119415 0.00812808 0.0051915
 0.00644516 0.0104385 0.0156851 0.0222052 0.0299548 0.0387172 0.0479897 0.0570044 0.064895 0.0708919 0.0744533 0.0753384 0.0736351 0.0697177 0.0641302 0.0574495 0.0501898 0.042765 0.0354909 0.0286043 0.0222869 0.0166837 0.0119091 0.00803713 0.00508202
 0.00637487 0.0103078 0.0154598 0.0218482 0.0294412 0.0380544 0.0472323 0.0562493 0.0642544 0.0704565 0.0742672 0.0753962 0.0738982 0.0701369 0.0646601 0.0580504 0.050822 0.0433839 0.036049 0.0290604 0.0226162 0.0168837 0.0119983 0.0080481 0.00505058
 0.0064378 0.0103811 0.0155149 0.0218359 0.0292994 0.0377244 0.0466793 0.055482 0.0633369 0.069506 0.0734305 0.0748099 0.0736475 0.0702345 0.0650544 0.0586542 0.0515411 0.0441344 0.0367624 0.0296836 0.0231139 0.0172418 0.0122251 0.00816919 0.00509993
 0.00651688 0.0104998 0.0156732 0.0220215 0.0294838 0.03786 0.0467017 0.055322 0.0629438 0.0688752 0.0726219 0.0739428 0.072871 0.0696838 0.0648116 0.05873 0.0518827 0.044651 0.0373545 0.0302642 0.0236196 0.0176371 0.0125014 0.0083397 0.00519066
 0.00658465 0.010604 0.0158187 0.0222086 0.0297071 0.0381071 0.0469496 0.0555329 0.0630652 0.0688482 0.0723991 0.0735121 0.0722739 0.0690148 0.0641944 0.0582779 0.051663 0.0446685 0.0375597 0.0305781 0.0239614 0.0179445 0.0127398 0.008501 0.00528568
 0.00651777 0.0105174 0.015729 0.0221445 0.0297011 0.0381824 0.047109 0.0557561 0.063314 0.0690748 0.0725538 0.0735504 0.0721664 0.0687613 0.0638336 0.0578843 0.051325 0.0444579 0.0375068 0.030666 0.0241397 0.0181529 0.0129296 0.00864581 0.00538044
 0.00651108 0.0104983 0.0156868 0.0220687 0.0295895 0.0380506 0.0469944 0.0557081 0.0633729 0.069249 0.0728103 0.0738243 0.0723845 0.0688659 0.0638003 0.0577282 0.0510961 0.0442247 0.0373323 0.0305858 0.0241534 0.0182319 0.0130345 0.0087439 0.00545427
 0.00657861 0.0105909 0.0157936 0.022167 0.0296492 0.038043 0.0469028 0.0555375 0.0631541 0.0690346 0.072659 0.0737771 0.0724449 0.068997 0.0639416 0.0578238 0.0511186 0.044183 0.0372619 0.0305285 0.0241369 0.0182604 0.0130932 0.00881083 0.00551197
 0.00656466 0.0105784 0.0157925 0.02219 0.0297045 0.0381255 0.0469884 0.0555878 0.0631322 0.0689247 0.0724782 0.0735724 0.0722745 0.0689052 0.0639404 0.0578904 0.0512111 0.0442635 0.0373136 0.0305571 0.0241598 0.0182921 0.0131369 0.00885971 0.00555645
 0.00648826 0.0104633 0.0156374 0.0220023 0.0295012 0.0379323 0.0468357 0.0555019 0.0631241 0.0689813 0.072566 0.0736542 0.0723294 0.0689385 0.0639762 0.0579529 0.0513081 0.0443836 0.037436 0.0306654 0.0242486 0.0183646 0.0131982 0.00891193 0.00559856
 0.00641567 0.0103475 0.0154676 0.0217709 0.0292068 0.0375838 0.0464564 0.0551312 0.0628111 0.068773 0.0724922 0.0737167 0.0725024 0.0691801 0.0642461 0.0582253 0.0515728 0.0446376 0.0376746 0.0308804 0.0244319 0.0185124 0.0133116 0.00899523 0.00565674
 0.00644698 0.0103857 0.0155012 0.0217802 0.0291678 0.0374752 0.0462673 0.0548663 0.0624925 0.0684386 0.0721897 0.073493 0.0723905 0.0691893 0.0643605 0.0584127 0.0517979 0.0448721 0.0379003 0.0310861 0.0246104 0.0186592 0.0134255 0.00907815 0.00571327
 0.00658633 0.0105886 0.0157618 0.0220759 0.0294625 0.0377266 0.0464349 0.054917 0.0624073 0.0682186 0.0718601 0.0731007 0.0719942 0.068845 0.0641078 0.0582669 0.0517508 0.0448998 0.0379742 0.0311809 0.0247078 0.0187476 0.0134986 0.00913377 0.00575226
 0.00668097 0.0107389 0.0159803 0.0223688 0.0298247 0.0381363 0.0468493 0.0552767 0.0626494 0.0682954 0.0717535 0.0728269 0.0715982 0.0683889 0.0636566 0.0578746 0.0514506 0.0447009 0.0378655 0.0311399 0.0247094 0.0187706 0.0135282 0.00916138 0.00577392
 0.00672051 0.0108045 0.016082 0.0225175 0.0300313 0.0384079 0.047184 0.0556573 0.0630398 0.0686421 0.0719964 0.0729156 0.071509 0.0681342 0.0632817 0.0574439 0.0510287 0.0443375 0.0375867 0.0309489 0.0245933 0.0187091 0.0135012 0.00915314 0.0057741
 0.00672166 0.0108118 0.0161032 0.0225643 0.0301171 0.0385451 0.0473802 0.0559122 0.063343 0.0689716 0.0723176 0.0731835 0.0716764 0.0681649 0.0631635 0.0571951 0.0506941 0.0439744 0.037248 0.03067 0.0243879 0.0185729 0.0134197 0.00910912 0.00575279
 0.00664197 0.0106972 0.015959 0.0224066 0.0299703 0.0384371 0.0473369 0.0559537 0.0634792 0.0691991 0.072617 0.0735208 0.0720072 0.0684416 0.0633452 0.0572579 0.0506384 0.0438254 0.0370474 0.0304623 0.0242074 0.0184369 0.0133296 0.00905634 0.00572542
 0.00651913 0.0105077 0.0156935 0.0220655 0.0295659 0.0379956 0.0469 0.0555752 0.0632164 0.0690978 0.0726994 0.073779 0.072405 0.0689222 0.0638426 0.0577097 0.0509986 0.0440727 0.0371869 0.0305193 0.024215 0.0184246 0.0133159 0.0090486 0.0057237
 0.00636251 0.0102741 0.0153809 0.0216851 0.0291382 0.0375442 0.0464488 0.0551502 0.0628495 0.0688276 0.0725657 0.0738125 0.0726156 0.0692922 0.0643274 0.0582473 0.0515237 0.0445314 0.0375475 0.0307752 0.0243801 0.0185231 0.0133724 0.0090813 0.00574346
 0.00625632 0.0101026 0.0151257 0.0213324 0.0286849 0.0370043 0.0458589 0.0545662 0.062334 0.068434 0.0723283 0.0737466 0.0727234 0.0695652 0.0647448 0.058772 0.0521037 0.0451077 0.0380673 0.031203 0.0247031 0.0187486 0.0135192 0.00917159 0.00579635
 0.00616281 0.00995645 0.0149162 0.0210518 0.0283277 0.0365684 0.0453487 0.0540001 0.0617492 0.0678867 0.0718841 0.073465 0.0726421 0.0696932 0.0650639 0.0592444 0.0526788 0.0457281 0.0386747 0.0317475 0.0251514 0.0190883 0.0137567 0.0093252 0.00588855
