SBPRF35
12.7214
Curr Bio
816133
B35
847165
F35
0.171685
FOFL
0.171685
OFL
119994
Bzero
3.63469e+006
#pred survey bio
 3.14042e+006 2.72931e+006 2.47295e+006 2.21742e+006 1.98497e+006 1.74848e+006 1.56073e+006 1.39739e+006 1.21806e+006 1.11156e+006 977517 871908 791978 713934 646814 625011 606031 573761 546883 540056 536994 537952 529362 547767 545243 541818 549829 548574 573035 582859 602116 607819 606369 611855 616894 620903 630719 636641 639042 643826 656438 663912 658590 662891 673222 676253 673931 679977 688252 715914 740420 780740 821669 1.97872e+007 1.80981e+007 1.83998e+007 1.92268e+007 2.0396e+007 2.16931e+007 2.29585e+007 2.4097e+007 2.50675e+007 2.58642e+007 2.65012e+007 2.70014e+007 2.73893e+007 2.76877e+007 2.79163e+007 2.80911e+007 2.82247e+007 2.8327e+007 2.84057e+007 2.84663e+007 2.85132e+007 2.85498e+007 2.85783e+007 2.86007e+007 2.86184e+007 2.86324e+007 2.86434e+007 2.86523e+007 2.86593e+007 2.8665e+007 2.86695e+007 2.86732e+007 2.86762e+007 2.86786e+007 2.86805e+007 2.86821e+007 2.86834e+007 2.86844e+007 2.86853e+007 2.8686e+007 2.86866e+007 2.8687e+007 2.86874e+007 2.86877e+007 2.8688e+007 2.86882e+007 2.86883e+007 2.86885e+007 2.86886e+007 2.86887e+007 2.86887e+007 2.86888e+007 2.86889e+007 2.86889e+007 2.86889e+007 2.8689e+007 2.8689e+007 2.8689e+007 2.8689e+007 2.8689e+007 2.8689e+007 2.86891e+007 2.86891e+007 2.86891e+007 2.86891e+007 2.86891e+007 2.86891e+007 2.86891e+007 2.86891e+007 2.86891e+007 2.86891e+007 2.86891e+007 2.86891e+007 2.86891e+007 2.86891e+007 2.86891e+007 2.86891e+007 2.86891e+007 2.86891e+007 2.86891e+007 2.86891e+007 2.86891e+007 2.86891e+007 2.86891e+007 2.86891e+007 2.86891e+007 2.86891e+007 2.86891e+007 2.86891e+007 2.86891e+007 2.86891e+007 2.86891e+007 2.86891e+007 2.86891e+007 2.86891e+007 2.86891e+007 2.86891e+007 2.86891e+007 2.86891e+007 2.86891e+007 0 0 0 0 0 0 0 0 0 0 0 0 0 0 0 0 0 0 0 0 0 0 0 0 0
#obs survey bio
 3.66861e+006 2.5937e+006 1.73267e+006 2.01193e+006 2.44428e+006 1.24794e+006 1.60112e+006 1.59032e+006 983498 1.09674e+006 796860 718023 766740 842606 556865 375576 608834 930888 489269 782606 534533 610166 581934 526155 600955 470589 572023 442935 595345 702386 566607 492087 731195 767710 631102 523248 577248 437637 644961 538239 513804 651672 699805 946847 495337 977531 525132 495296 620518 727519 700818 710130 1.14745e+006
#pred catch bio
 409213 286103 304279 299642 317161 285000 272257 291239 229751 254485 227152 201612 194534 178330 136257 133060 141002 131664 111984 107910 104109 111290 88860.3 107233 107125 97388.8 105306 84532.9 98118.2 90463.9 102054 107153 100283 100345 101460 97380.5 101988 106178 105009 99266.7 104247 114309 104737 99094.4 105144 109236 102243 101468 86971.3 92188.3 81316.9 83513.5 86904.1 119994 119948 120738 125016 132068 140088 147875 154782 160550 165161 168734 171434 173438 174903 175962 176721 177261 177642 177911 178099 178231 178323 178386 178431 178462 178483 178498 178508 178515 178519 178523 178525 178527 178528 178529 178529 178529 178530 178530 178530 178530 178530 178530 178530 178530 178530 178530 178530 178530 178530 178530 178530 178530 178530 178530 178530 178530 178530 178530 178530 178530 178530 178530 178530 178530 178530 178530 178530 178530 178530 178530 178530 178530 178530 178530 178530 178530 178530 178530 178530 178530 178530 178530 178530 178530 178530 178530 178530 178530 178530 178530 178530 178530 178530 178530 178530 178530 178530 178530 178530 0 0 0 0 0 0 0 0 0 0 0 0 0 0 0 0 0 0 0 0 0 0 0 0 0
#obs catch bio
 246933 284790 306159 301174 318513 287225 274705 295128 231283 257633 229166 203956 196461 178245 135584 134550 142878 131459 112455 107989 104581 111801 88554.4 107599 107345 97393.2 105891 84508.5 98621.8 90109 101867 107146 100063 99631.9 101042 97259.9 101615 106321 105400 99422 104467 114509 104785 98452.4 104684 108416 101551 101182 86757.5 92355.7 81487.2 83860.4 86895.6
#pred cpue bio
 3.09929e+006 2.69058e+006 2.43427e+006 2.17906e+006 1.94755e+006 1.71207e+006 1.52489e+006 1.36238e+006 1.18462e+006 1.07883e+006 946323 842056 763540 687477 622043 600423 581775 550781 524935 518377 515417 516435 508146 526158 523765 520502 528381 527221 551241 561110 580241 585993 584705 590294 595298 599088 608589 614200 616332 621016 633489 640996 636019 640541 650861 653853 651546 657340 665296 692406 716497 756142 796565 1.92053e+007 1.75713e+007 1.77504e+007 1.84594e+007 1.9596e+007 2.0887e+007 2.21514e+007 2.32898e+007 2.42603e+007 2.50569e+007 2.5694e+007 2.61942e+007 2.65821e+007 2.68805e+007 2.71091e+007 2.72838e+007 2.74174e+007 2.75198e+007 2.75984e+007 2.76591e+007 2.7706e+007 2.77425e+007 2.77711e+007 2.77935e+007 2.78111e+007 2.78251e+007 2.78362e+007 2.7845e+007 2.78521e+007 2.78577e+007 2.78623e+007 2.7866e+007 2.78689e+007 2.78713e+007 2.78733e+007 2.78749e+007 2.78761e+007 2.78772e+007 2.7878e+007 2.78787e+007 2.78793e+007 2.78798e+007 2.78802e+007 2.78805e+007 2.78807e+007 2.78809e+007 2.78811e+007 2.78812e+007 2.78813e+007 2.78814e+007 2.78815e+007 2.78816e+007 2.78816e+007 2.78817e+007 2.78817e+007 2.78817e+007 2.78817e+007 2.78818e+007 2.78818e+007 2.78818e+007 2.78818e+007 2.78818e+007 2.78818e+007 2.78818e+007 2.78818e+007 2.78818e+007 2.78818e+007 2.78818e+007 2.78818e+007 2.78818e+007 2.78818e+007 2.78818e+007 2.78818e+007 2.78818e+007 2.78818e+007 2.78819e+007 2.78819e+007 2.78819e+007 2.78819e+007 2.78819e+007 2.78819e+007 2.78819e+007 2.78819e+007 2.78819e+007 2.78819e+007 2.78819e+007 2.78819e+007 2.78819e+007 2.78819e+007 2.78819e+007 2.78819e+007 2.78819e+007 2.78819e+007 2.78819e+007 2.78819e+007 2.78819e+007 2.78819e+007 2.78819e+007 2.78819e+007 2.78819e+007 0 0 0 0 0 0 0 0 0 0 0 0 0 0 0 0 0 0 0 0 0 0 0 0 0
#obs cpue bio
 2.42074e+006 3.05222e+006 1.5143e+006 2.32479e+006 2.00513e+006 1.43904e+006 1.20693e+006 1.08254e+006 1.30601e+006 979237 1.1162e+006 721725 810658 975828 808571 375864 513819 698675 360397 451133 362822 529577 542208 459334 485348 579695 431706 634033 487689 743307 623630 662793 532701 772443 511130 539414 884788 619107 489356 766052 784428 765560 581957 818575 844693 672256 817612 785496 590683 591605 516070 685240 958528
#pred surv len freq
 0.00468317 0.00768119 0.0117053 0.016782 0.0228103 0.0294666 0.0361814 0.0422852 0.047257 0.0508873 0.0532521 0.054574 0.0550998 0.0550452 0.0545851 0.053862 0.0529993 0.0520978 0.0511848 0.0501144 0.0484843 0.0456899 0.0411851 0.0348534 0.0272334
 0.00529013 0.00858533 0.0129152 0.0182591 0.0244901 0.0312875 0.0380973 0.0442499 0.0491939 0.05267 0.0547184 0.0555712 0.0555392 0.0549344 0.0540189 0.0529765 0.0519106 0.0508539 0.0497527 0.048413 0.0464544 0.0433659 0.0387251 0.0325008 0.0252264
 0.00546996 0.00894591 0.0135784 0.0193659 0.0261493 0.0335066 0.0407356 0.0470391 0.0518277 0.0549086 0.0564406 0.0567508 0.0561855 0.0550538 0.0536207 0.0520975 0.0506227 0.0492396 0.0478696 0.0462813 0.044086 0.0408186 0.0361397 0.0300839 0.0231825
 0.00568408 0.00928037 0.0140628 0.0200355 0.0270582 0.034735 0.0423735 0.0491394 0.0543438 0.0576585 0.0591311 0.0590626 0.0578699 0.0559854 0.0537879 0.0515595 0.0494692 0.0475693 0.0457786 0.0438592 0.0414247 0.0380369 0.0334021 0.0275873 0.0211053
 0.00596348 0.00972534 0.0147142 0.020923 0.0281938 0.0361069 0.043946 0.0508641 0.0561792 0.0595772 0.0610983 0.0609948 0.0596106 0.0573283 0.0545379 0.0515926 0.0487573 0.0461652 0.0437862 0.0414093 0.0386695 0.0351545 0.0305968 0.0250674 0.0190382
 0.00630579 0.0102799 0.0155442 0.0220834 0.0297177 0.0379855 0.0461092 0.0531795 0.058478 0.0616997 0.0629337 0.0624932 0.0607603 0.0581127 0.0549029 0.0514465 0.0480055 0.0447556 0.0417393 0.0388245 0.0357152 0.0320521 0.0275948 0.0224011 0.0168798
 0.00651413 0.0106341 0.0161066 0.0229223 0.0308944 0.0395314 0.0480027 0.0553344 0.0607531 0.0639249 0.0649423 0.0641506 0.0619825 0.0588667 0.0551859 0.0512552 0.047315 0.0435268 0.0399524 0.0365194 0.0330163 0.0291649 0.0247716 0.0198854 0.014847
 0.00667343 0.0109005 0.0165226 0.0235356 0.0317527 0.0406712 0.0494347 0.0570312 0.0626447 0.0659018 0.0668671 0.0658754 0.0633718 0.0598191 0.0556448 0.0512023 0.0467521 0.0424588 0.0383883 0.0344962 0.0306307 0.0265879 0.0222293 0.0176066 0.013001
 0.00702364 0.0114522 0.0173199 0.0246078 0.0331094 0.0422959 0.0512766 0.0590033 0.0646339 0.0677885 0.0685411 0.0672443 0.064361 0.0603717 0.0557238 0.0507927 0.0458585 0.0411008 0.0365987 0.0323305 0.0281869 0.0240205 0.0197387 0.0153967 0.011223
 0.00711012 0.0116132 0.0175996 0.0250595 0.0337827 0.0432171 0.0524319 0.0603363 0.0660604 0.0692187 0.069896 0.0684583 0.0653757 0.0611295 0.0561669 0.050868 0.0455264 0.0403422 0.0354221 0.0307799 0.0263509 0.0220366 0.0177804 0.0136394 0.00979825
 0.00736287 0.0120206 0.0182066 0.0259061 0.0348972 0.0446041 0.0540572 0.0621175 0.0678721 0.0709129 0.0713309 0.069526 0.0660193 0.061343 0.0559782 0.0503158 0.0446417 0.0391454 0.0339332 0.0290368 0.0244269 0.0200481 0.0158749 0.0119638 0.00845877
 0.00745902 0.0121998 0.0185185 0.0264107 0.0356507 0.0456366 0.0553526 0.0636076 0.0694498 0.0724545 0.0727165 0.0706509 0.0668026 0.0617348 0.0559647 0.0499158 0.0438945 0.0380967 0.0326284 0.0275267 0.0227813 0.0183648 0.0142741 0.010564 0.00734452
 0.00738506 0.0121046 0.0184234 0.0263567 0.0356948 0.0458419 0.0557748 0.0642805 0.0703711 0.0735768 0.0739486 0.0718728 0.0678891 0.0625785 0.0564905 0.0500858 0.0437062 0.037575 0.0318177 0.0264864 0.0215866 0.0171087 0.0130616 0.00949449 0.00648865
 0.00754738 0.0123321 0.0186999 0.0266484 0.0359651 0.0460732 0.055984 0.0645165 0.0706941 0.0740309 0.0745404 0.0725649 0.0686078 0.0632313 0.0569861 0.0503513 0.0436973 0.0372801 0.0312561 0.0257041 0.0206525 0.0161088 0.0120898 0.00863603 0.0058022
 0.00802841 0.0130457 0.0196445 0.0277717 0.037172 0.047244 0.0569952 0.0652628 0.0711136 0.0741263 0.0743806 0.0722584 0.0682592 0.0629033 0.0566863 0.0500431 0.0433246 0.0367931 0.0306289 0.0249431 0.0197958 0.0152196 0.0112422 0.00789833 0.00521933
 0.00799193 0.0130366 0.0197204 0.0280089 0.0376349 0.0479432 0.057858 0.0661423 0.0718402 0.074574 0.0745118 0.0721268 0.0679745 0.0625823 0.0564107 0.0498392 0.0431669 0.0366256 0.0303935 0.0246042 0.0193531 0.0147067 0.0107148 0.00741514 0.00482429
 0.00770203 0.0126161 0.0191853 0.0274162 0.037078 0.0475366 0.0577135 0.0663378 0.072385 0.0753878 0.0754386 0.0729873 0.0686334 0.062991 0.0566038 0.0498933 0.0431521 0.0365756 0.0303048 0.0244559 0.0191311 0.0144196 0.010394 0.00710303 0.00455809
 0.00780186 0.0127246 0.019252 0.0273687 0.0368515 0.0471162 0.0571646 0.0658003 0.0720264 0.0753369 0.0757331 0.0735602 0.0693418 0.0636727 0.0571344 0.0502194 0.0432879 0.0365713 0.0302115 0.0243053 0.0189378 0.0141941 0.0101538 0.00687254 0.00436119
 0.00799397 0.0130176 0.019653 0.0278612 0.0373877 0.0476142 0.0575173 0.065906 0.071835 0.0748897 0.0751617 0.073036 0.0690006 0.0635599 0.0572008 0.0503633 0.0434104 0.0366147 0.0301639 0.024184 0.0187688 0.0140013 0.00995762 0.00669142 0.00420998
 0.00804921 0.0131 0.0197634 0.0279951 0.0375362 0.0477636 0.057648 0.0659889 0.0718336 0.0747701 0.0749139 0.0726928 0.06864 0.0632791 0.0570742 0.0504076 0.0435818 0.0368356 0.0303611 0.0243133 0.0188195 0.013986 0.00989929 0.00661415 0.00413357
 0.00803534 0.0130847 0.0197534 0.0280005 0.0375666 0.047823 0.0577308 0.06608 0.0719116 0.0748126 0.0749012 0.0726133 0.068497 0.0630983 0.0569013 0.0502932 0.0435579 0.0368995 0.0304782 0.0244368 0.0189118 0.0140307 0.00990029 0.00658673 0.00409507
 0.00797475 0.0129897 0.0196179 0.0278231 0.0373535 0.0475903 0.0575051 0.0658941 0.0717951 0.0747808 0.0749489 0.0727169 0.0686246 0.0632222 0.0570081 0.0503877 0.0436574 0.0370205 0.0306237 0.0245926 0.019054 0.0141389 0.00996613 0.0066152 0.00409863
 0.00813364 0.0132173 0.0199033 0.0281361 0.0376524 0.0478351 0.0576688 0.0659671 0.0717832 0.0746997 0.0748187 0.0725566 0.0684479 0.063036 0.0568162 0.0501954 0.0434753 0.0368637 0.0305052 0.0245165 0.0190132 0.0141192 0.00995382 0.00660228 0.00408369
 0.00795318 0.0129518 0.0195547 0.0277221 0.037199 0.0473659 0.0572 0.0655122 0.0713642 0.0743546 0.0745969 0.0725028 0.068583 0.0633462 0.0572564 0.050705 0.0439961 0.0373527 0.0309385 0.0248846 0.019314 0.0143534 0.0101244 0.00671618 0.00415204
 0.00794539 0.0129384 0.0195339 0.0276939 0.0371667 0.047338 0.0571876 0.0655226 0.0713916 0.0743771 0.0745844 0.0724354 0.0684657 0.0632102 0.0571435 0.0506469 0.0440023 0.0374124 0.0310303 0.0249875 0.0194126 0.0144383 0.0101909 0.00676313 0.00418143
 0.00800857 0.0130269 0.0196408 0.0278036 0.0372595 0.0473971 0.0572052 0.0655026 0.0713466 0.0743215 0.0745273 0.0723756 0.0683946 0.0631199 0.0570366 0.0505391 0.0439154 0.0373628 0.0310221 0.0250126 0.0194568 0.0144876 0.0102352 0.00679731 0.00420444
 0.00792228 0.0129002 0.0194746 0.0276065 0.0370436 0.0471725 0.0569782 0.0652777 0.0711335 0.0741393 0.0744025 0.0723329 0.0684451 0.0632551 0.0572315 0.0507633 0.0441448 0.0375843 0.0312309 0.0252059 0.0196299 0.0146343 0.0103508 0.00688089 0.00425943
 0.00799884 0.0130048 0.0195958 0.0277225 0.0371298 0.0472123 0.0569696 0.0652318 0.0710642 0.0740542 0.0743016 0.0722154 0.0683175 0.0631329 0.0571331 0.0507009 0.0441204 0.037592 0.031262 0.0252524 0.0196846 0.0146904 0.0104018 0.00692215 0.00428907
 0.00775826 0.0126433 0.0191068 0.0271185 0.0364378 0.0464669 0.0562108 0.0645077 0.0704346 0.073586 0.0740545 0.0722238 0.0685778 0.0636043 0.0577511 0.0513965 0.044833 0.0382753 0.0318832 0.0257909 0.0201297 0.0150401 0.0106613 0.00710248 0.00440526
 0.00771775 0.0125628 0.0189597 0.0268746 0.0360743 0.0459841 0.0556418 0.063914 0.0698864 0.0731398 0.0737424 0.0720582 0.0685626 0.0637394 0.0580281 0.0517923 0.0453103 0.0387887 0.0323894 0.0262547 0.0205278 0.0153606 0.0109029 0.00727199 0.00451525
 0.00763136 0.0124223 0.0187474 0.0265724 0.0356657 0.0454588 0.055004 0.0631914 0.0691345 0.0724373 0.0731758 0.0717001 0.0684532 0.0638804 0.0583898 0.0523261 0.0459591 0.0394936 0.0330938 0.0269093 0.0210957 0.0158207 0.0112501 0.00751504 0.00467221
 0.00757634 0.0123465 0.0186579 0.0264821 0.035587 0.0453939 0.0549379 0.0630937 0.0689699 0.0721819 0.0728325 0.0713044 0.0680672 0.0635748 0.0582226 0.0523269 0.0461244 0.0397924 0.0334784 0.0273269 0.021498 0.0161714 0.0115289 0.00771758 0.00480643
 0.00754234 0.0122946 0.0185868 0.0263947 0.0354916 0.0453044 0.0548715 0.0630637 0.0689765 0.0722053 0.0728355 0.0712484 0.0679322 0.0633737 0.0579999 0.0521422 0.0460297 0.0398145 0.0336127 0.0275435 0.0217541 0.0164248 0.0117481 0.00788636 0.00492297
 0.00758796 0.0123419 0.018609 0.026352 0.0353443 0.045032 0.0544891 0.0626233 0.0685516 0.0718661 0.0726261 0.0711749 0.0679665 0.0634706 0.0581187 0.0522641 0.0461607 0.0399744 0.0338177 0.027793 0.0220289 0.0166951 0.0119855 0.00807269 0.00505401
 0.00765528 0.0124473 0.0187582 0.0265423 0.0355588 0.0452353 0.0546285 0.0626419 0.0684116 0.0715715 0.0722282 0.0707544 0.0676015 0.0632082 0.0579671 0.0522032 0.0461639 0.0400235 0.0339067 0.0279198 0.0221864 0.0168669 0.0121501 0.00821162 0.00515757
 0.00767207 0.012482 0.018824 0.0266553 0.035733 0.0454744 0.0549171 0.0629419 0.0686668 0.0717212 0.072227 0.0705906 0.0673044 0.0628395 0.0575973 0.051888 0.0459309 0.0398758 0.0338342 0.0279092 0.0222239 0.0169369 0.0122349 0.0082941 0.00522547
 0.00771299 0.0125328 0.0188724 0.0266826 0.0357226 0.045423 0.0548417 0.0628757 0.0686434 0.0717559 0.0723062 0.0706762 0.0673523 0.0628205 0.0575109 0.0517602 0.0458002 0.0397759 0.0337832 0.0279092 0.0222655 0.0170054 0.012314 0.00836964 0.00528753
 0.00772145 0.0125588 0.0189326 0.0267965 0.0359029 0.0456637 0.0551118 0.0631262 0.0688274 0.0718491 0.0723138 0.0706225 0.0672603 0.0626996 0.0573585 0.0515745 0.045591 0.0395655 0.0335981 0.0277697 0.0221793 0.0169674 0.0123113 0.00838674 0.00531109
 0.00764636 0.0124572 0.0188182 0.026697 0.0358544 0.0457006 0.0552553 0.0633746 0.0691526 0.0722002 0.0726302 0.0708527 0.0673776 0.0627054 0.0572732 0.0514243 0.0453999 0.0393558 0.0333921 0.0275885 0.0220385 0.016873 0.0122589 0.00836542 0.00530811
 0.00761668 0.0123978 0.01871 0.0265197 0.0355973 0.0453763 0.0549085 0.0630765 0.0689782 0.0721989 0.0728059 0.0711627 0.0677505 0.0630676 0.0575706 0.0516313 0.0455171 0.0393997 0.0333863 0.0275572 0.0220019 0.0168449 0.0122451 0.00836439 0.00531482
 0.00750462 0.0122281 0.018477 0.0262245 0.0352447 0.0449723 0.0544621 0.0626074 0.0685257 0.0718236 0.0725778 0.0711375 0.0679456 0.063451 0.0580717 0.0521663 0.0460148 0.0398171 0.0337097 0.0277941 0.0221701 0.0169635 0.0123293 0.00842455 0.00535695
 0.00739177 0.0120548 0.0182357 0.025916 0.0348792 0.0445686 0.0540464 0.0622096 0.0681734 0.0715382 0.0723758 0.0710366 0.0679669 0.0636124 0.0583734 0.0525808 0.0464902 0.0402931 0.0341364 0.0281432 0.0224357 0.0171545 0.0124612 0.00851256 0.00541356
 0.00735572 0.0119985 0.0181552 0.0258095 0.0347474 0.0444153 0.0538787 0.0620374 0.0680072 0.071386 0.0722416 0.070923 0.0678803 0.0635667 0.0583882 0.0526725 0.0466603 0.0405231 0.0343922 0.0283883 0.0226432 0.0173131 0.0125725 0.00858547 0.00545868
 0.00738606 0.0120221 0.0181438 0.0257226 0.0345449 0.0440768 0.0534187 0.0615071 0.0674792 0.0709319 0.0719132 0.0707436 0.0678473 0.0636608 0.0585845 0.0529481 0.0469961 0.0408996 0.0347849 0.0287675 0.0229804 0.017588 0.0127781 0.00872676 0.00554804
 0.00738119 0.0120156 0.018135 0.0257071 0.0345101 0.0439979 0.0532615 0.061239 0.0670894 0.0704473 0.0713991 0.0702851 0.0675204 0.0635091 0.0586128 0.0531311 0.047294 0.0412704 0.0351895 0.0291705 0.0233505 0.0179014 0.0130217 0.00890002 0.00566051
 0.00738049 0.01202 0.0181519 0.0257462 0.0345804 0.0441016 0.0533875 0.0613599 0.0671638 0.0704301 0.0712586 0.07002 0.0671673 0.0631343 0.0582898 0.0529162 0.0472118 0.0413139 0.0353302 0.0293704 0.0235715 0.0181113 0.0131985 0.0090334 0.00575099
 0.00748395 0.0121695 0.0183426 0.0259629 0.0348027 0.0443126 0.0535789 0.0615298 0.0673085 0.0705359 0.0712994 0.0699645 0.0669939 0.0628465 0.0579223 0.0525278 0.0468659 0.0410581 0.0351842 0.0293261 0.023602 0.0181833 0.0132823 0.00910855 0.00580774
 0.0075014 0.0122037 0.0184036 0.0260611 0.0349433 0.0444885 0.0537679 0.0616998 0.0674305 0.0705965 0.0713033 0.0699248 0.066919 0.0627338 0.0577656 0.0523303 0.0466483 0.0408545 0.0350287 0.0292384 0.0235816 0.0182129 0.0133376 0.00916784 0.00585724
 0.00749833 0.0121983 0.0183955 0.0260511 0.0349353 0.0444907 0.0537913 0.0617538 0.0675164 0.0707032 0.07141 0.0700094 0.0669666 0.0627393 0.0577301 0.0522575 0.0465458 0.0407365 0.034916 0.0291525 0.0235359 0.0182075 0.0133611 0.00920434 0.00589317
 0.00740167 0.01204 0.0181558 0.0257133 0.0344919 0.0439523 0.0531947 0.0611622 0.067008 0.0703512 0.0712626 0.0700778 0.0672246 0.0631344 0.0581994 0.052743 0.0470041 0.0411423 0.0352613 0.0294414 0.0237778 0.0184101 0.0135277 0.00933476 0.0059878
 0.00736543 0.0119771 0.0180535 0.0255563 0.0342645 0.0436434 0.0528035 0.060704 0.0665166 0.0698774 0.0708672 0.069819 0.0671432 0.0632411 0.0584722 0.053134 0.0474544 0.0415978 0.0356827 0.0298075 0.0240821 0.018655 0.0137183 0.00947669 0.00608717
 0.0071963 0.0117168 0.017689 0.0250853 0.0336953 0.042994 0.0521027 0.0599915 0.065841 0.0692912 0.0704205 0.069555 0.0670937 0.0634207 0.0588718 0.0537182 0.048165 0.0423642 0.0364364 0.0304943 0.0246679 0.0191257 0.0140752 0.00973134 0.00625689
 0.00697238 0.0113708 0.0172026 0.0244552 0.032935 0.0421352 0.051196 0.0591034 0.0650437 0.0686477 0.0699742 0.0693285 0.0670941 0.0636462 0.0593121 0.0543512 0.0489515 0.0432469 0.0373464 0.0313621 0.0254368 0.0197599 0.0145623 0.010079 0.00648667
#obs surv len freq
 0.00497228 0.00814311 0.0123835 0.0177062 0.0239848 0.0308542 0.0376904 0.0437717 0.0485489 0.051821 0.0537055 0.0544863 0.0544816 0.0539876 0.0532648 0.0525273 0.0519206 0.0514797 0.0510659 0.0503096 0.0486283 0.0453909 0.0402204 0.0332858 0.0253695
 0.00517939 0.00848519 0.0129083 0.0184614 0.0250083 0.0321593 0.0392505 0.0455154 0.0503705 0.0536019 0.0553325 0.0558613 0.0555225 0.0546263 0.0534469 0.0522152 0.0511011 0.0501727 0.0493313 0.0482508 0.046389 0.0431432 0.0381408 0.0315211 0.0240051
 0.00541606 0.00886967 0.0134868 0.0192777 0.0260969 0.0335336 0.0408891 0.0473555 0.0523139 0.0555302 0.0571249 0.0574068 0.056727 0.0554143 0.0537596 0.0520091 0.0503491 0.0488728 0.0475206 0.0460203 0.0438898 0.0405765 0.0357251 0.0294465 0.0223882
 0.00564646 0.00924978 0.014069 0.0201141 0.0272286 0.0349744 0.0426098 0.0492795 0.0543302 0.057516 0.0589646 0.0590006 0.0579899 0.0562739 0.0541541 0.0518871 0.0496723 0.0476234 0.0457169 0.0437363 0.0412703 0.0378325 0.0331013 0.0271652 0.0205938
 0.00589929 0.0096618 0.0146912 0.0209951 0.0284065 0.0364625 0.0443818 0.0512622 0.0564122 0.0595675 0.0608586 0.0606271 0.0592619 0.0571257 0.054536 0.0517583 0.0489982 0.0463814 0.0439129 0.0414287 0.0385919 0.0349922 0.0303539 0.0247525 0.0186804
 0.00614378 0.0100641 0.0153055 0.0218746 0.0295925 0.0379681 0.0461748 0.0532608 0.0584973 0.0616071 0.0627289 0.0622238 0.0605022 0.0579468 0.0548913 0.0516128 0.0483241 0.0451602 0.0421478 0.0391684 0.0359554 0.0321764 0.027609 0.0223235 0.0167408
 0.00638883 0.0104649 0.0159134 0.0227393 0.0307528 0.0394372 0.0479245 0.055215 0.0605414 0.0636089 0.0645607 0.0637763 0.0616914 0.0587134 0.0551961 0.0514299 0.0476352 0.0439542 0.0404311 0.0369862 0.0334155 0.0294608 0.024953 0.019963 0.014847
 0.00661001 0.0108306 0.0164751 0.0235485 0.0318506 0.0408377 0.0495985 0.0570847 0.0624923 0.0655126 0.0662959 0.0652408 0.0628057 0.0594205 0.0554589 0.0512264 0.0469536 0.0427912 0.0387988 0.0349295 0.031034 0.0269197 0.0224673 0.0177501 0.0130671
 0.00682671 0.0111822 0.0170033 0.0242923 0.0328402 0.0420836 0.0510794 0.0587413 0.064233 0.067228 0.0678757 0.0665862 0.0638369 0.0600794 0.0557079 0.0510443 0.0463306 0.0417277 0.0373105 0.033061 0.0288772 0.024623 0.0202222 0.0157505 0.0114567
 0.00706609 0.0115776 0.0176091 0.0251606 0.0340076 0.0435519 0.0527976 0.0606045 0.0661021 0.0689623 0.0693594 0.0677391 0.0646116 0.0604529 0.0556735 0.0506058 0.0454975 0.0405142 0.0357413 0.0311835 0.0267776 0.0224344 0.0181131 0.0138896 0.0099668
 0.00726872 0.0119102 0.0181157 0.025885 0.0349849 0.0447953 0.0542834 0.0622635 0.0678262 0.0706216 0.0708248 0.0689023 0.065398 0.0608259 0.0556291 0.050161 0.0446794 0.0393534 0.0342739 0.0294614 0.0248819 0.0204827 0.0162498 0.0122565 0.00866539
 0.00741454 0.0121525 0.0184902 0.0264283 0.0357281 0.0457521 0.0554388 0.0635696 0.0692076 0.0719883 0.0720842 0.0699667 0.0661912 0.0612893 0.0557285 0.0498881 0.0440485 0.0383951 0.0330309 0.0279916 0.0232648 0.0188242 0.0146735 0.0108807 0.00757268
 0.00752891 0.0123345 0.0187575 0.0267963 0.0362093 0.0463544 0.0561615 0.0643992 0.0701161 0.0729343 0.0730154 0.0708237 0.0669118 0.0618135 0.0560047 0.0498789 0.0437359 0.0377828 0.0321456 0.0268829 0.0220066 0.0175124 0.0134168 0.00977988 0.00669705
 0.00761277 0.0124699 0.018959 0.0270767 0.0365763 0.0468069 0.0566872 0.0649753 0.0707153 0.0735322 0.0735936 0.0713665 0.0673985 0.0622141 0.0562793 0.0499841 0.0436333 0.0374487 0.0315787 0.0261097 0.0210829 0.0165191 0.0124475 0.00892185 0.00601064
 0.00767415 0.0125642 0.019091 0.027248 0.0367863 0.0470541 0.0569692 0.0652878 0.0710515 0.0738827 0.0739477 0.0717138 0.0677284 0.062513 0.0565263 0.0501494 0.0436802 0.037342 0.0312958 0.0256515 0.0204801 0.0158306 0.011749 0.00828796 0.00549541
 0.00773501 0.0126558 0.0192153 0.0274015 0.0369614 0.0472409 0.0571574 0.0654689 0.0712207 0.0740408 0.0741005 0.0718686 0.0678899 0.0626791 0.0566868 0.0502844 0.043762 0.0373384 0.0311779 0.0254045 0.0201127 0.015378 0.0112663 0.00783475 0.00511839
 0.00778734 0.0127374 0.0193311 0.027553 0.0371451 0.0474472 0.0573702 0.0656677 0.0713857 0.0741596 0.0741727 0.0719049 0.0679072 0.0626937 0.0567077 0.0503101 0.0437792 0.0373243 0.0311065 0.0252554 0.0198807 0.0150789 0.0109349 0.00751405 0.00484536
 0.00779778 0.012752 0.019349 0.0275724 0.0371642 0.047466 0.0573911 0.0656945 0.071422 0.0742065 0.0742283 0.0719664 0.0679728 0.062764 0.0567841 0.050392 0.04386 0.0373901 0.0311377 0.0252326 0.0197932 0.0149312 0.0107473 0.00731693 0.00466813
 0.00784199 0.0128126 0.0194195 0.0276396 0.0372123 0.0474824 0.0573715 0.0656449 0.0713559 0.0741406 0.0741778 0.0719418 0.0679779 0.0627968 0.0568393 0.0504623 0.0439371 0.0374631 0.0311929 0.0252551 0.0197718 0.0148641 0.010645 0.00719862 0.0045552
 0.00785919 0.0128436 0.0194709 0.0277173 0.0373178 0.0476078 0.0574977 0.0657447 0.0714045 0.0741265 0.0741084 0.0718391 0.0678698 0.0627065 0.0567796 0.0504356 0.0439375 0.0374801 0.0312132 0.0252651 0.0197602 0.0148259 0.0105833 0.00712416 0.00448158
 0.00790971 0.0129165 0.0195637 0.0278228 0.0374268 0.0477134 0.0575969 0.0658366 0.0714851 0.0741856 0.0741315 0.0718153 0.0677986 0.0626002 0.0566595 0.0503228 0.0438464 0.037415 0.0311693 0.0252326 0.0197283 0.0147868 0.0105352 0.00707098 0.00443034
 0.00791765 0.0129316 0.0195901 0.0278646 0.0374855 0.0477857 0.0576733 0.0659043 0.071533 0.0742096 0.0741347 0.0718035 0.0677753 0.0625658 0.056614 0.0502699 0.0437935 0.0373699 0.0311361 0.0252098 0.0197103 0.0147674 0.010511 0.00704247 0.00440123
 0.00789936 0.0129027 0.0195486 0.0278101 0.0374205 0.0477162 0.0576092 0.0658567 0.0715107 0.0742152 0.0741643 0.0718492 0.0678289 0.0626209 0.0566659 0.0503154 0.043831 0.0374 0.0311607 0.0252302 0.0197261 0.0147769 0.0105127 0.00703703 0.00439121
 0.00787041 0.0128508 0.0194619 0.0276757 0.0372292 0.0474691 0.0573229 0.0655635 0.0712516 0.0740285 0.0740751 0.0718642 0.0679373 0.0627996 0.0568868 0.0505518 0.0440616 0.0376103 0.0313428 0.0253807 0.0198446 0.0148648 0.0105728 0.00707374 0.00441039
 0.00790046 0.0128924 0.0195105 0.0277212 0.037257 0.0474625 0.0572673 0.0654511 0.0710856 0.073826 0.0738656 0.0716826 0.0678137 0.0627507 0.0569125 0.0506375 0.0441853 0.0377496 0.0314791 0.0255018 0.0199441 0.0149405 0.0106259 0.00710754 0.0044294
 0.00787803 0.0128612 0.0194729 0.0276821 0.0372207 0.0474301 0.0572339 0.0654063 0.0710183 0.0737298 0.0737437 0.0715495 0.0676922 0.0626657 0.0568831 0.050671 0.0442754 0.0378791 0.0316265 0.0256467 0.0200718 0.0150429 0.0107011 0.00715789 0.00445999
 0.00785193 0.0128163 0.0194015 0.0275769 0.0370787 0.0472563 0.0570441 0.0652245 0.0708682 0.0736258 0.0736869 0.0715303 0.0676996 0.0626939 0.0569341 0.0507514 0.0443897 0.0380247 0.0317922 0.0258163 0.0202285 0.0151745 0.0108016 0.00722786 0.00450422
 0.00783588 0.0127856 0.0193469 0.0274868 0.0369423 0.0470683 0.0568095 0.064961 0.0706043 0.0733947 0.0735182 0.0714425 0.0676954 0.0627626 0.0570577 0.0509123 0.0445749 0.0382251 0.0319996 0.0260199 0.0204159 0.0153343 0.0109267 0.00731731 0.00456234
 0.00779266 0.0127189 0.0192527 0.0273634 0.0367892 0.0468861 0.0566004 0.0647306 0.0703638 0.0731623 0.0733175 0.0712987 0.0676294 0.0627843 0.0571635 0.0510866 0.0447959 0.0384708 0.0322508 0.0262611 0.0206342 0.0155194 0.0110726 0.00742298 0.00463221
 0.00775688 0.0126567 0.0191522 0.0272121 0.0365786 0.0466172 0.0562882 0.0644031 0.0700544 0.0729005 0.0731227 0.0711811 0.0675927 0.0628299 0.0572892 0.0512848 0.0450514 0.0387623 0.0325546 0.0265547 0.0208992 0.0157429 0.0112479 0.0075501 0.0047167
 0.00773587 0.0126182 0.019086 0.0271057 0.0364195 0.0463975 0.0560095 0.0640794 0.069712 0.0725735 0.0728466 0.0709852 0.0674952 0.0628354 0.0573917 0.051471 0.0453038 0.0390598 0.0328734 0.0268705 0.0211895 0.0159909 0.0114441 0.00769323 0.00481236
 0.0077166 0.0125897 0.019048 0.0270585 0.0363624 0.0463266 0.0559169 0.0639555 0.06955 0.0723752 0.0726255 0.0707654 0.0673065 0.0627057 0.0573403 0.0515048 0.0454176 0.0392391 0.0330972 0.0271144 0.0214293 0.016206 0.0116206 0.00782546 0.00490259
 0.00769849 0.0125612 0.019007 0.0270041 0.0362954 0.04625 0.0558355 0.0638741 0.0694706 0.072295 0.0725384 0.0706667 0.0671985 0.0626006 0.0572579 0.0514661 0.0454372 0.0393207 0.0332326 0.0272862 0.0216153 0.0163841 0.0117739 0.00794449 0.004986
 0.00765409 0.0124923 0.0189097 0.0268774 0.0361418 0.0460761 0.0556527 0.063698 0.0693185 0.072181 0.0724697 0.070641 0.0672068 0.0626318 0.0573048 0.0515288 0.045522 0.0394347 0.0333782 0.0274571 0.0217977 0.0165603 0.0119277 0.00806572 0.00507214
 0.00762483 0.0124431 0.0188328 0.0267652 0.0359895 0.045885 0.0554332 0.0634696 0.0691057 0.0720073 0.072352 0.070587 0.0672146 0.062692 0.0574039 0.0516534 0.0456631 0.0395883 0.0335432 0.0276312 0.021974 0.0167279 0.0120743 0.00818258 0.00515632
 0.00761901 0.0124327 0.0188153 0.0267369 0.0359457 0.0458205 0.0553437 0.0633535 0.0689668 0.0718557 0.0722036 0.0704604 0.067126 0.0626511 0.0574121 0.051705 0.0457484 0.0396975 0.0336684 0.0277661 0.0221119 0.0168604 0.0121926 0.00827904 0.0052275
 0.00760364 0.0124124 0.0187932 0.0267185 0.0359364 0.0458226 0.0553536 0.0633621 0.0689619 0.0718266 0.0721454 0.0703766 0.0670282 0.062556 0.0573366 0.0516613 0.0457416 0.0397259 0.0337258 0.0278441 0.0222016 0.0169527 0.0122787 0.00835178 0.00528288
 0.00758603 0.0123831 0.0187481 0.0266545 0.0358534 0.0457257 0.0552542 0.0632753 0.0689011 0.0717977 0.0721437 0.0703897 0.0670431 0.0625652 0.0573407 0.0516678 0.0457601 0.0397634 0.0337842 0.0279201 0.022288 0.0170408 0.0123599 0.00841978 0.00533434
 0.00756117 0.0123443 0.0186927 0.0265809 0.0357615 0.045617 0.055133 0.06315 0.0687839 0.071703 0.0720843 0.0703726 0.0670661 0.0626182 0.0574106 0.0517438 0.0458373 0.0398425 0.0338676 0.0280089 0.0223798 0.0171302 0.0124405 0.00848619 0.00538406
 0.00754747 0.0123219 0.018659 0.0265336 0.0356989 0.0455396 0.0550436 0.0630539 0.0686883 0.0716155 0.0720127 0.0703238 0.0670458 0.0626289 0.05745 0.0518053 0.0459124 0.0399239 0.0339512 0.0280926 0.0224622 0.0172082 0.0125102 0.0085437 0.00542733
 0.00753164 0.0122978 0.0186258 0.0264913 0.0356484 0.045482 0.0549803 0.0629866 0.0686197 0.0715492 0.0719531 0.0702758 0.0670143 0.0626183 0.0574628 0.0518415 0.0459686 0.0399945 0.0340296 0.0281733 0.0225406 0.0172807 0.0125734 0.0085951 0.00546574
 0.00752656 0.0122873 0.0186057 0.0264571 0.0355962 0.0454109 0.0548944 0.0628944 0.0685313 0.0714737 0.0718954 0.0702378 0.0669956 0.0626184 0.0574816 0.0518788 0.0460234 0.0400639 0.0341089 0.0282566 0.0226219 0.017355 0.0126369 0.00864561 0.00550273
 0.00752406 0.0122839 0.0186016 0.0264522 0.0355897 0.0454003 0.0548756 0.0628632 0.0684855 0.0714152 0.0718307 0.0701756 0.0669442 0.0625831 0.057465 0.0518813 0.046044 0.0401007 0.0341589 0.0283153 0.0226838 0.0174146 0.0126894 0.00868804 0.00553407
 0.00750516 0.0122551 0.018562 0.0264024 0.035532 0.0453385 0.0548142 0.0628069 0.0684378 0.0713774 0.0718022 0.0701551 0.0669318 0.0625807 0.057475 0.0519056 0.0460829 0.0401528 0.0342211 0.0283834 0.022753 0.0174795 0.0127457 0.00873287 0.00556668
 0.00750869 0.0122602 0.0185685 0.0264097 0.0355391 0.0453443 0.054818 0.0628077 0.068435 0.0713701 0.0717892 0.0701355 0.0669053 0.0625488 0.0574412 0.0518749 0.0460606 0.0401428 0.0342251 0.0284003 0.0227793 0.0175107 0.0127769 0.00876024 0.00558797
 0.00750237 0.0122495 0.0185517 0.0263851 0.0355056 0.0453024 0.0547701 0.0627586 0.0683904 0.0713354 0.0717678 0.0701281 0.0669102 0.0625623 0.0574596 0.0518958 0.0460835 0.0401686 0.0342552 0.0284352 0.0228177 0.0175498 0.0128132 0.00879071 0.00561103
 0.00750237 0.0122495 0.0185517 0.0263851 0.0355056 0.0453024 0.0547701 0.0627586 0.0683904 0.0713354 0.0717678 0.0701281 0.0669102 0.0625623 0.0574596 0.0518958 0.0460835 0.0401686 0.0342552 0.0284352 0.0228177 0.0175498 0.0128132 0.00879071 0.00561103
 0.00742666 0.0121314 0.0183837 0.0261645 0.035236 0.0449955 0.054447 0.0624491 0.0681282 0.0711504 0.0716796 0.0701421 0.0670182 0.0627458 0.0576944 0.0521569 0.0463492 0.040423 0.0344879 0.0286405 0.0229927 0.0176931 0.0129249 0.00887246 0.00566661
 0.00734755 0.011997 0.0181713 0.0258517 0.0348081 0.0444563 0.0538279 0.061809 0.0675413 0.0706876 0.0713921 0.0700537 0.0671256 0.0630239 0.0581032 0.0526492 0.046878 0.0409474 0.0349765 0.0290721 0.0233556 0.0179832 0.0131442 0.00902803 0.00576918
 0.00723908 0.0118187 0.0178994 0.0254631 0.0342855 0.0437967 0.0530519 0.0609657 0.0667046 0.0699445 0.0708268 0.0697317 0.0670816 0.0632561 0.0585759 0.0533024 0.0476399 0.0417464 0.0357505 0.0297739 0.0239544 0.0184643 0.0135071 0.00928366 0.0059361
 0.00714199 0.0116553 0.0176435 0.0250871 0.0337672 0.0431287 0.0522517 0.0600788 0.0657991 0.069099 0.0701194 0.0692317 0.0668421 0.0633068 0.0589159 0.0538978 0.0484282 0.0426472 0.0366797 0.0306558 0.0247319 0.0191029 0.0139954 0.00963 0.00616279
 0.00706722 0.0115311 0.0174514 0.0248073 0.0333812 0.0426251 0.0516324 0.0593635 0.0650259 0.0683212 0.0693997 0.0686354 0.0664308 0.0631298 0.0590031 0.0542522 0.0490219 0.0434227 0.0375577 0.0315496 0.0255625 0.0198123 0.0145531 0.0100331 0.00642987
 0.0069761 0.0113833 0.0172293 0.024495 0.0329673 0.0421072 0.0510219 0.0586872 0.0643221 0.0676331 0.0687703 0.0681068 0.0660436 0.0629232 0.0590104 0.0544933 0.0494953 0.0440987 0.0383781 0.0324349 0.0264268 0.0205811 0.0151774 0.0104957 0.0067419
#pred catch len freq
 0.00363648 0.00589033 0.00886017 0.0125797 0.0170726 0.0222996 0.0280917 0.0341435 0.040077 0.0455222 0.0501724 0.0538224 0.056395 0.0579416 0.0586101 0.0586024 0.0581401 0.0574257 0.0565666 0.0554567 0.0536864 0.0506062 0.045622 0.03861 0.0301693
 0.00409969 0.0065785 0.00977869 0.0137005 0.0183541 0.023713 0.0296299 0.0358008 0.0418111 0.0472262 0.0516835 0.0549692 0.0570599 0.0581029 0.0583398 0.0580213 0.0573543 0.0564737 0.0554031 0.0539862 0.051836 0.0484037 0.043229 0.0362826 0.0281623
 0.00429648 0.0069401 0.0103964 0.0146758 0.0197649 0.0255669 0.031833 0.0381707 0.0441361 0.0493323 0.0534632 0.0563606 0.0580097 0.0585541 0.0582552 0.0574143 0.0562914 0.0550412 0.0536623 0.0519565 0.0495256 0.0458689 0.0406163 0.0338122 0.026056
 0.00451167 0.00727547 0.0108809 0.0153443 0.0206726 0.0267975 0.0334835 0.0403031 0.0467129 0.0521768 0.056282 0.0588272 0.0598618 0.0596481 0.0585599 0.0569712 0.0551796 0.0533563 0.0515038 0.0494201 0.0467106 0.0429044 0.0376816 0.0311236 0.0238113
 0.00480613 0.00773705 0.0115435 0.0162284 0.0217836 0.0281275 0.035015 0.0420182 0.0486026 0.0542351 0.0584736 0.0610443 0.0619075 0.0612712 0.0595276 0.0571368 0.0545068 0.051902 0.0493828 0.0467781 0.0437169 0.039757 0.0346077 0.0283551 0.0215357
 0.00512291 0.00824308 0.0122889 0.0172549 0.0231187 0.0297734 0.0369353 0.0441313 0.0507923 0.0563769 0.0604636 0.0628125 0.0634037 0.0624332 0.0602553 0.0572983 0.0539782 0.0506158 0.0473586 0.0441266 0.0406265 0.0364735 0.0314064 0.025497 0.0192132
 0.00534618 0.00861098 0.0128531 0.0180702 0.0242364 0.0312283 0.0387275 0.0462115 0.0530581 0.0586824 0.0626428 0.0647097 0.0649021 0.0634655 0.0607897 0.0573078 0.0534185 0.0494335 0.045527 0.0416891 0.0377233 0.0333363 0.0283197 0.0227353 0.0169753
 0.0055789 0.00898353 0.0134048 0.0188384 0.025256 0.0325268 0.0403149 0.0480674 0.0551209 0.0608468 0.0647661 0.06663 0.0664649 0.0645506 0.0613259 0.0572679 0.0527994 0.0482372 0.0437621 0.0393972 0.0350145 0.0304061 0.0254265 0.0201406 0.0148726
 0.00585879 0.00942271 0.0140374 0.0196893 0.0263408 0.0338512 0.0418694 0.0498193 0.0570096 0.0627847 0.0666439 0.068325 0.0678532 0.0655214 0.061795 0.0571858 0.0521501 0.0470308 0.0420303 0.0372012 0.0324654 0.0276796 0.0227503 0.0177476 0.0129371
 0.00605082 0.00973737 0.0145155 0.0203701 0.0272544 0.0350069 0.0432438 0.0513543 0.0586229 0.0643872 0.0681532 0.0696684 0.0689632 0.0663314 0.0622396 0.0572064 0.0517032 0.0460966 0.0406198 0.0353658 0.0303074 0.0253577 0.0204647 0.0157001 0.0112791
 0.00630676 0.0101439 0.0151108 0.0211867 0.0283168 0.0363259 0.0448049 0.0531044 0.0604644 0.0661864 0.0697624 0.0709569 0.0698433 0.0667673 0.0622364 0.056787 0.0508896 0.0449045 0.0390691 0.0334997 0.0282112 0.023166 0.0183482 0.0138292 0.00977817
 0.00640796 0.0103242 0.015412 0.0216592 0.0290112 0.0372775 0.0460174 0.0545409 0.0620497 0.0678157 0.071313 0.0723017 0.0708669 0.0673853 0.0624078 0.0565145 0.0502059 0.0438553 0.0377037 0.031876 0.0264101 0.0213018 0.0165613 0.0122582 0.00852281
 0.00638829 0.0103094 0.0154236 0.0217333 0.0291968 0.0376291 0.0465843 0.0553528 0.0631021 0.0690599 0.0726562 0.0736204 0.0720304 0.068278 0.0629461 0.056654 0.0499411 0.0432125 0.0367324 0.0306438 0.0250036 0.0198283 0.0151421 0.0110082 0.00752357
 0.00655085 0.0105403 0.0157105 0.0220478 0.0295072 0.0379206 0.0468723 0.0556812 0.0635253 0.0696174 0.0733524 0.0744158 0.0728471 0.069016 0.0635043 0.0569495 0.0499225 0.0428653 0.0360779 0.0297347 0.0239191 0.018668 0.0140145 0.0100123 0.00672729
 0.00688616 0.0110329 0.016353 0.0227959 0.0302881 0.0386506 0.0474755 0.0561054 0.0637558 0.0696848 0.0733261 0.0743794 0.0728638 0.0691025 0.0636252 0.057033 0.0498872 0.0426456 0.0356419 0.0290913 0.0231164 0.0177838 0.0131405 0.00923334 0.00610195
 0.006872 0.0110482 0.0164446 0.0230243 0.0307041 0.0392617 0.0482222 0.0568679 0.0643938 0.070092 0.073469 0.0743024 0.0726626 0.0688815 0.0634567 0.0569351 0.0498247 0.0425522 0.0354509 0.0287628 0.0226518 0.0172244 0.0125531 0.00868865 0.00565325
 0.00666686 0.0107556 0.0160831 0.0226459 0.0303901 0.0391089 0.0483204 0.057271 0.0650886 0.0709824 0.0743932 0.0750871 0.0731878 0.0691193 0.0634636 0.0568064 0.0496424 0.0423542 0.0352313 0.0284953 0.0223181 0.0168323 0.012137 0.00829544 0.00532366
 0.00674168 0.0108344 0.0161249 0.0225924 0.0301903 0.0387535 0.047868 0.0568438 0.0648346 0.0710175 0.074752 0.075705 0.0739238 0.0698095 0.0639809 0.0570977 0.0497268 0.0422895 0.0350749 0.0282824 0.0220639 0.0165479 0.0118414 0.00801607 0.00508723
 0.00684762 0.0109943 0.0163393 0.0228451 0.0304423 0.038942 0.0479155 0.0566856 0.0644577 0.0704901 0.0742155 0.075322 0.0738067 0.0699715 0.0643387 0.057519 0.0500916 0.0425292 0.0351766 0.0282678 0.0219658 0.0163971 0.0116654 0.00784033 0.00493322
 0.00688486 0.0110494 0.0164124 0.0229329 0.0305383 0.0390363 0.0479926 0.05672 0.0644145 0.0703352 0.0739385 0.0749585 0.0734411 0.0697093 0.0642588 0.0576351 0.0503487 0.0428355 0.0354463 0.02845 0.0220488 0.0163966 0.0116094 0.00775803 0.00484883
 0.00685717 0.0110122 0.0163705 0.0228955 0.0305158 0.0390361 0.0480152 0.0567582 0.0644544 0.0703584 0.0739241 0.0748894 0.0733149 0.0695489 0.0641114 0.0575554 0.0503708 0.0429544 0.0356207 0.0286247 0.0221802 0.0164663 0.0116227 0.00773393 0.00480868
 0.00683622 0.0109783 0.0163202 0.0228268 0.0304302 0.0389402 0.0479215 0.0566827 0.0644112 0.0703529 0.07395 0.0749299 0.0733491 0.0695612 0.0641002 0.0575361 0.0503696 0.0429938 0.0357053 0.0287379 0.0222929 0.0165529 0.0116715 0.0077484 0.00480112
 0.00687206 0.0110216 0.0163581 0.022839 0.0303956 0.0388468 0.0477749 0.0565066 0.0642396 0.0702187 0.0738742 0.0749168 0.073387 0.0696282 0.0641732 0.0576001 0.0504225 0.0430443 0.0357646 0.0288099 0.022371 0.0166236 0.0117233 0.00777727 0.00481084
 0.00678088 0.0108899 0.0161895 0.0226437 0.0301837 0.0386195 0.0475215 0.0562136 0.0639074 0.0698752 0.073574 0.0747227 0.0733446 0.0697474 0.0644273 0.0579393 0.0507939 0.043407 0.0360946 0.0290969 0.0226109 0.0168142 0.0118641 0.00787148 0.00486665
 0.006776 0.0108816 0.0161767 0.0226273 0.0301675 0.0386112 0.0475298 0.0562416 0.0639442 0.0698941 0.073543 0.0746236 0.0731882 0.0695728 0.0642837 0.0578628 0.0507946 0.0434711 0.0361971 0.0292131 0.022723 0.0169112 0.0119401 0.00792527 0.00490033
 0.00678647 0.0108915 0.0161786 0.0226104 0.0301211 0.0385303 0.0474202 0.0561203 0.0638349 0.0698179 0.0735086 0.0746227 0.0732003 0.0695777 0.0642747 0.0578503 0.0507984 0.0435067 0.0362673 0.0293078 0.022826 0.0170071 0.0120191 0.0079833 0.00493841
 0.00673843 0.0108219 0.0160892 0.0225062 0.0300073 0.0384072 0.0472824 0.055961 0.0636548 0.0696324 0.0733469 0.0745177 0.0731737 0.0696306 0.0643889 0.0579998 0.0509618 0.0436731 0.036433 0.02947 0.0229785 0.0171415 0.012128 0.00806361 0.00499195
 0.00670589 0.0107636 0.0159926 0.0223588 0.0298029 0.0381533 0.0470039 0.0556949 0.0634372 0.0694841 0.0732696 0.0745013 0.073208 0.0697116 0.0645155 0.0581669 0.0511575 0.0438815 0.0366393 0.0296636 0.0231519 0.0172891 0.0122459 0.00815064 0.00505066
