SBPRF35
12.7214
Curr Bio
851623
B35
890053
F35
0.17178
FOFL
0.166268
OFL
117502
Bzero
3.63469e+006
#pred survey bio
 3.6349e+006 3.50485e+006 3.39137e+006 3.24772e+006 3.05756e+006 2.80985e+006 2.56729e+006 2.30814e+006 2.05406e+006 1.81685e+006 1.61645e+006 1.42149e+006 1.28269e+006 1.13379e+006 993409 863278 776278 718573 671374 629810 603639 584314 567897 554717 538356 539001 545528 550535 542068 533572 540427 561707 559021 569872 579942 591374 608388 624245 623449 626656 633227 632189 651081 657939 666324 670033 678071 683671 691952 691937 687610 748966 797301 831801 855822 882896 896219 882231 867676 870025 857770 877494 873067 876817 888527 903167 899714 877843 857739 3.04148e+007 1.83229e+007 1.86914e+007 1.95496e+007 2.07145e+007 2.19835e+007 2.32087e+007 2.43044e+007 2.52347e+007 2.59966e+007 2.66049e+007 2.70822e+007 2.74523e+007 2.77371e+007 2.79554e+007 2.81224e+007 2.82502e+007 2.83483e+007 2.84237e+007 2.8482e+007 2.85271e+007 2.85623e+007 2.85898e+007 2.86115e+007 2.86285e+007 2.86421e+007 2.86528e+007 2.86614e+007 2.86682e+007 2.86737e+007 2.86781e+007 2.86817e+007 2.86846e+007 2.86869e+007 2.86888e+007 2.86903e+007 2.86916e+007 2.86926e+007 2.86935e+007 2.86941e+007 2.86947e+007 2.86951e+007 2.86955e+007 2.86958e+007 2.86961e+007 2.86963e+007 2.86964e+007 2.86966e+007 2.86967e+007 2.86968e+007 2.86968e+007 2.86969e+007 2.86969e+007 2.8697e+007 2.8697e+007 2.8697e+007 2.86971e+007 2.86971e+007 2.86971e+007 2.86971e+007 2.86971e+007 2.86971e+007 2.86971e+007 2.86971e+007 2.86971e+007 2.86971e+007 2.86971e+007 2.86971e+007 2.86972e+007 2.86972e+007 2.86972e+007 2.86972e+007 2.86972e+007 2.86972e+007 2.86972e+007 2.86972e+007 2.86972e+007 2.86972e+007 2.86972e+007 2.86972e+007 2.86972e+007 2.86972e+007 2.86972e+007 2.86972e+007 2.86972e+007 2.86972e+007 2.86972e+007 2.86972e+007 2.86972e+007 2.86972e+007 2.86972e+007 2.86972e+007 2.86972e+007 2.86972e+007 2.86972e+007 2.86972e+007 2.86972e+007 2.86972e+007 2.86972e+007 2.86972e+007 0 0 0 0 0 0 0 0 0 0 0 0 0 0 0 0 0 0 0 0 0 0 0 0 0
#obs survey bio
 3.90195e+006 4.26809e+006 2.92826e+006 3.98174e+006 2.831e+006 2.12027e+006 2.37908e+006 2.49435e+006 2.54676e+006 1.94596e+006 1.93436e+006 1.31651e+006 1.49752e+006 963182 903171 757835 677881 1.03558e+006 496786 657424 764407 578995 778241 298601 306837 595942 503540 469557 443015 708450 620958 646688 562230 519925 590036 639665 449140 849475 585136 671064 554630 494412 621367 796034 615572 542693 846686 686691 809942 673381 644405 704873 1.06168e+006 726453 847629 1.27413e+006 861704 866126 1.05077e+006 525578 1.1571e+006 797021 862401 884354 842907 1.04814e+006 809019 802374 792757
#pred catch bio
 103129 97091.3 136972 193616 262853 275987 308652 319691 317145 293966 296646 252620 265430 258636 247474 206547 178058 165384 156172 138957 129985 124944 120143 121258 106272 101350 102185 112067 109935 95883 84386.2 104422 91977.6 92785.9 92192.3 88783.6 91140.3 105224 101485 99587.2 107338 92648.9 105457 105580 110833 108499 111847 110492 117722 120686 66888.5 81441.1 94534.1 104242 102306 114207 136619 135847 121284 133822 106184 126960 119596 113209 110962 125855 140329 137840 111322 117502 121298 122597 127142 134170 141988 149492 156100 161590 165964 169344 171893 173782 175162 176158 176871 177378 177737 177989 178165 178289 178375 178435 178476 178505 178525 178539 178548 178555 178559 178562 178565 178566 178567 178568 178568 178569 178569 178569 178569 178569 178569 178569 178569 178569 178569 178569 178569 178569 178569 178569 178569 178569 178569 178569 178569 178569 178569 178569 178569 178569 178569 178569 178569 178569 178569 178569 178569 178569 178569 178569 178569 178569 178569 178569 178569 178569 178569 178569 178569 178569 178569 178569 178569 178569 178569 178569 178569 178569 178569 178569 178569 178569 178569 178569 178569 178569 178569 178569 178569 0 0 0 0 0 0 0 0 0 0 0 0 0 0 0 0 0 0 0 0 0 0 0 0 0
#obs catch bio
 0 96774.2 136922 193465 263378 276092 309584 321501 319050 294861 296966 253519 265354 260178 250016 209632 179931 166191 157695 139750 130204 125274 119980 122157 107395 101975 102420 112106 110456 95888.3 84158.2 104607 91572.9 92467.2 91809.9 88412.7 91176.1 104810 100548 98949.8 107350 92501.1 106040 105616 111058 108973 112383 111027 118162 121593 66567.3 81615.8 94542.5 104690 102490 113956 136424 135813 120842 134628 105702 126967 119627 113404 110813 125599 139614 138107 111135
#pred cpue bio
 3.59256e+006 3.46381e+006 3.35011e+006 3.20596e+006 3.01599e+006 2.76873e+006 2.52657e+006 2.26818e+006 2.01525e+006 1.77941e+006 1.58017e+006 1.38636e+006 1.24822e+006 1.10044e+006 961353 832887 747319 690908 644988 604636 579389 560735 544832 532004 515873 516512 523238 528525 520462 512327 519227 540272 537946 548779 558723 569880 586436 602083 601529 604549 610682 609346 627503 634078 642259 645724 653415 658832 666980 667116 662967 723413 771465 805615 829101 855764 869087 855270 840712 842874 830909 850601 846407 849946 861488 876179 873008 851274 831137 2.94751e+007 1.77581e+007 1.8013e+007 1.87634e+007 1.98982e+007 2.11615e+007 2.23858e+007 2.34814e+007 2.44117e+007 2.51735e+007 2.57818e+007 2.62591e+007 2.66292e+007 2.6914e+007 2.71323e+007 2.72993e+007 2.74272e+007 2.75252e+007 2.76007e+007 2.76589e+007 2.77041e+007 2.77393e+007 2.77668e+007 2.77884e+007 2.78055e+007 2.7819e+007 2.78297e+007 2.78383e+007 2.78451e+007 2.78506e+007 2.78551e+007 2.78586e+007 2.78615e+007 2.78638e+007 2.78657e+007 2.78673e+007 2.78685e+007 2.78696e+007 2.78704e+007 2.78711e+007 2.78716e+007 2.78721e+007 2.78724e+007 2.78727e+007 2.7873e+007 2.78732e+007 2.78734e+007 2.78735e+007 2.78736e+007 2.78737e+007 2.78738e+007 2.78738e+007 2.78739e+007 2.78739e+007 2.78739e+007 2.7874e+007 2.7874e+007 2.7874e+007 2.7874e+007 2.7874e+007 2.7874e+007 2.78741e+007 2.78741e+007 2.78741e+007 2.78741e+007 2.78741e+007 2.78741e+007 2.78741e+007 2.78741e+007 2.78741e+007 2.78741e+007 2.78741e+007 2.78741e+007 2.78741e+007 2.78741e+007 2.78741e+007 2.78741e+007 2.78741e+007 2.78741e+007 2.78741e+007 2.78741e+007 2.78741e+007 2.78741e+007 2.78741e+007 2.78741e+007 2.78741e+007 2.78741e+007 2.78741e+007 2.78741e+007 2.78741e+007 2.78741e+007 2.78741e+007 2.78741e+007 2.78741e+007 2.78741e+007 2.78741e+007 2.78741e+007 2.78741e+007 2.78741e+007 2.78741e+007 0 0 0 0 0 0 0 0 0 0 0 0 0 0 0 0 0 0 0 0 0 0 0 0 0
#obs cpue bio
 3.4778e+006 3.01896e+006 3.91328e+006 3.00353e+006 2.52155e+006 3.25872e+006 2.27911e+006 1.55972e+006 1.56697e+006 1.83273e+006 1.74717e+006 969554 1.58531e+006 846860 817060 564999 846753 594374 615896 603077 545633 518412 487116 605552 553794 546832 680680 768628 470220 477187 461571 496881 687761 641799 629545 539138 522462 784995 981680 478354 512102 664175 457000 693310 636756 579164 504687 560809 638480 677961 751283 685312 739617 601714 856206 963073 996256 766968 793296 830941 981649 944655 715681 699127 1.13723e+006 922278 1.39214e+006 554015 936487
#pred surv len freq
 0.00423159 0.00695748 0.0106351 0.0153016 0.0208771 0.0270747 0.0333813 0.0391935 0.0440464 0.0477594 0.0504084 0.0521932 0.0533234 0.0539695 0.0542596 0.0542967 0.0541794 0.0540002 0.0537844 0.0533681 0.0522922 0.0498519 0.0453921 0.0387405 0.030482
 0.00455866 0.0073997 0.0111381 0.0157672 0.0211998 0.0271951 0.0333202 0.0390405 0.0439061 0.0476923 0.0504061 0.0522027 0.0532982 0.0539118 0.0542266 0.0543688 0.0544089 0.0543655 0.0541761 0.0536194 0.0522465 0.0494374 0.0446606 0.0378456 0.0296081
 0.0046484 0.007604 0.0115463 0.0164791 0.0222783 0.0286048 0.0348944 0.0405157 0.0450228 0.0483038 0.0505226 0.0519485 0.0528249 0.053334 0.0536139 0.0537702 0.0538679 0.0539059 0.053772 0.0531859 0.0516725 0.0486486 0.0436729 0.0367683 0.028594
 0.00477449 0.00779534 0.0118144 0.0168402 0.0227667 0.0292817 0.0358343 0.0417624 0.0465308 0.0499067 0.0519678 0.0529898 0.0533201 0.0532857 0.0531362 0.0530194 0.0529847 0.0529854 0.0528543 0.0522577 0.0506869 0.0475667 0.0425071 0.0355974 0.0275338
 0.00494895 0.00808162 0.0122489 0.0174552 0.0235815 0.0302924 0.0370101 0.0430553 0.0478942 0.0513025 0.0533465 0.0542584 0.0543323 0.0538798 0.0532017 0.0525466 0.0520616 0.0517507 0.0514393 0.0507507 0.0491328 0.0459943 0.040964 0.0341644 0.0263063
 0.00518012 0.00845887 0.0128195 0.0182643 0.0246634 0.0316567 0.0386255 0.0448432 0.0497395 0.0530799 0.0549475 0.0556032 0.0553606 0.0545292 0.0533977 0.0522199 0.0511848 0.0503646 0.0496477 0.0486896 0.046939 0.043795 0.0388814 0.032317 0.0247919
 0.00538251 0.00879555 0.0133407 0.0190226 0.0257044 0.0330031 0.0402606 0.0467032 0.0517201 0.0550533 0.0567829 0.0571825 0.0565888 0.0553363 0.0537318 0.0520377 0.0504527 0.0490756 0.0478446 0.0464761 0.0444716 0.0412614 0.0364741 0.0302051 0.0230925
 0.00558139 0.00912881 0.0138612 0.0197874 0.0267646 0.0343875 0.041958 0.0486531 0.0538189 0.0571717 0.0587841 0.058937 0.0579847 0.0562852 0.0541699 0.051922 0.0497562 0.0477903 0.045996 0.0441441 0.0418046 0.0384679 0.0337909 0.0278476 0.0212069
 0.00579424 0.00947787 0.0143929 0.020549 0.0277979 0.0357168 0.0435763 0.0505136 0.0558371 0.0592363 0.0607712 0.0607223 0.0594528 0.0573374 0.0547279 0.051928 0.0491717 0.0465985 0.0442127 0.0418376 0.039114 0.0356043 0.031008 0.0253864 0.0192352
 0.00606303 0.00990765 0.0150267 0.0214229 0.028936 0.0371231 0.0452247 0.0523435 0.0577607 0.061153 0.0625803 0.0623301 0.0607732 0.0582917 0.0552447 0.0519447 0.0486376 0.0454813 0.0425122 0.0396067 0.0364789 0.0327692 0.0282286 0.0229129 0.0172466
 0.00635253 0.0103702 0.0157074 0.0223577 0.0301445 0.0385985 0.046923 0.0541822 0.0596317 0.0629454 0.0641995 0.0637045 0.0618505 0.0590295 0.055602 0.051877 0.048098 0.0444288 0.0409298 0.037526 0.0340044 0.0300861 0.025579 0.0205407 0.0153311
 0.00666741 0.0108851 0.016487 0.0234615 0.0316119 0.0404267 0.0490466 0.0564697 0.0619082 0.0650321 0.0659503 0.065025 0.062699 0.0594041 0.0555219 0.0513624 0.0471566 0.0430553 0.0391203 0.0353067 0.031462 0.0273831 0.0229365 0.0181863 0.0134343
 0.00688401 0.0112353 0.0170116 0.0241997 0.0325974 0.041679 0.0505583 0.0581957 0.0637624 0.0668947 0.0676834 0.066494 0.063794 0.0600553 0.0557026 0.0510785 0.0464289 0.0419056 0.0375705 0.0333949 0.0292682 0.0250461 0.0206449 0.0161373 0.0117778
 0.00713465 0.0116534 0.0176593 0.025139 0.0338739 0.0432985 0.0524664 0.0602756 0.0658581 0.0688472 0.0693587 0.0677939 0.064653 0.060436 0.0555935 0.0504925 0.0453982 0.0404734 0.035787 0.0313227 0.0269977 0.0227089 0.0184074 0.0141686 0.0102024
 0.00733136 0.0119904 0.0181987 0.02595 0.0350188 0.0448086 0.054317 0.0623736 0.0680516 0.0709524 0.0711948 0.0692127 0.0655585 0.0607891 0.0554026 0.0497976 0.044255 0.0389446 0.0339404 0.0292372 0.0247734 0.0204738 0.0163103 0.0123519 0.00876539
 0.00753252 0.0123238 0.018713 0.0266964 0.0360426 0.0461353 0.0559346 0.0642216 0.0700221 0.0729027 0.0729663 0.0706528 0.0665429 0.0612396 0.0552958 0.0491595 0.0431466 0.0374456 0.032139 0.0272292 0.0226676 0.0183954 0.014393 0.0107154 0.00748658
 0.00762507 0.0124726 0.0189351 0.0270096 0.036467 0.0466923 0.0566441 0.0650958 0.0710571 0.0740704 0.0742081 0.071879 0.0676404 0.062089 0.0557936 0.0492376 0.0427837 0.0366664 0.0310062 0.0258333 0.0211196 0.0168201 0.0129166 0.00944579 0.00649148
 0.00765718 0.0125214 0.0190028 0.0270972 0.0365762 0.0468287 0.0568196 0.0653302 0.071377 0.0745038 0.0747746 0.072576 0.0684316 0.0629006 0.0565227 0.0497729 0.0430308 0.0365701 0.0305617 0.0250863 0.0201574 0.0157559 0.0118701 0.00852049 0.0057546
 0.00769602 0.0125827 0.0190911 0.0272151 0.0367228 0.0469986 0.0570033 0.0655165 0.0715589 0.074685 0.0749723 0.0728161 0.0687368 0.0632754 0.0569405 0.0501741 0.0433339 0.0366932 0.0304484 0.0247244 0.0195846 0.0150513 0.0111326 0.00784346 0.00520311
 0.00775109 0.0126692 0.0192155 0.0273808 0.036929 0.047239 0.0572643 0.0657775 0.0717958 0.0748772 0.0751093 0.0729028 0.0687931 0.0633288 0.0570139 0.0502711 0.0434305 0.0367413 0.0303923 0.0245242 0.0192353 0.0145882 0.0106206 0.00735484 0.00479437
 0.00783408 0.0127814 0.0193429 0.0274972 0.037005 0.0472549 0.0572202 0.0656943 0.0717061 0.0748117 0.0750879 0.0729313 0.0688672 0.0634403 0.057155 0.0504334 0.0435995 0.036891 0.0304863 0.0245265 0.019126 0.0143756 0.0103413 0.00705991 0.00453104
 0.00788243 0.0128608 0.0194622 0.0276612 0.0372084 0.0474764 0.0574216 0.065829 0.0717379 0.0747334 0.0749267 0.072738 0.0686939 0.0633227 0.0571057 0.0504461 0.0436559 0.0369661 0.0305506 0.0245499 0.0190865 0.0142679 0.0101808 0.00687704 0.00435879
 0.00796459 0.0129814 0.0196202 0.0278478 0.037411 0.0476825 0.0576208 0.0660099 0.0718834 0.0748202 0.0749325 0.0726535 0.0685322 0.0631174 0.0568992 0.0502737 0.043535 0.0368941 0.0305099 0.0245158 0.0190359 0.0141879 0.0100729 0.00675537 0.0042426
 0.008093 0.0131741 0.0198795 0.0281638 0.0377622 0.0480394 0.0579494 0.0662771 0.0720629 0.0748987 0.0749103 0.0725406 0.0683432 0.0628703 0.056617 0.0499845 0.0432671 0.0366678 0.0303315 0.0243775 0.0189223 0.0140841 0.0099712 0.00665729 0.00415521
 0.00812264 0.0132456 0.0200286 0.0284343 0.0381899 0.0486293 0.0586588 0.067017 0.0727227 0.0753804 0.075156 0.0725403 0.0681261 0.062488 0.0561284 0.0494461 0.0427282 0.0361674 0.0298956 0.0240175 0.0186359 0.0138608 0.00979839 0.00652496 0.0040569
 0.00797115 0.0130091 0.0196939 0.0280029 0.037686 0.0481073 0.0582022 0.0667224 0.0726674 0.0755887 0.0755849 0.0730961 0.0687007 0.0629942 0.0565175 0.0497075 0.0428777 0.0362335 0.0299086 0.0240023 0.0186088 0.0138297 0.00976625 0.00649332 0.00402776
 0.0078653 0.0128267 0.0194011 0.0275647 0.037078 0.0473336 0.0573119 0.0658139 0.0718729 0.0750414 0.0753821 0.07327 0.0692088 0.0637339 0.0573593 0.0505324 0.0436036 0.0368223 0.0303577 0.0243292 0.0188377 0.0139835 0.00986379 0.00654989 0.00405637
 0.00782187 0.0127515 0.0192787 0.0273752 0.0367988 0.0469436 0.0567996 0.0651881 0.0711716 0.0743368 0.0747736 0.0728632 0.0690851 0.0639223 0.0578245 0.0511864 0.0443348 0.037529 0.0309705 0.0248169 0.0191993 0.0142354 0.0100289 0.00665096 0.00411332
 0.0078169 0.0127563 0.0193084 0.0274489 0.0369301 0.0471279 0.0570045 0.0653549 0.0712315 0.0742354 0.0744942 0.0724398 0.0685972 0.063473 0.0575074 0.0510549 0.0443875 0.0377181 0.0312261 0.0250746 0.0194171 0.0143967 0.0101358 0.00671501 0.00414792
 0.00786604 0.012821 0.0193787 0.0275091 0.0369665 0.0471387 0.0570042 0.0653671 0.0712713 0.0742931 0.0745329 0.0724114 0.0684697 0.0632517 0.0572385 0.050807 0.044223 0.0376678 0.0312815 0.0251985 0.0195639 0.0145304 0.0102379 0.00678255 0.00418732
 0.00784093 0.0127717 0.0192889 0.0273578 0.0367332 0.0468121 0.0565923 0.0649033 0.0708131 0.0739105 0.0742878 0.0723359 0.0685541 0.0634511 0.0574958 0.0510798 0.0444956 0.0379452 0.0315713 0.0254957 0.0198497 0.0147808 0.0104353 0.00692219 0.0042759
 0.00760869 0.0124194 0.0188054 0.0267492 0.0360201 0.0460246 0.0557688 0.0640923 0.070074 0.0733103 0.0738931 0.0721996 0.068701 0.0638664 0.0581248 0.0518414 0.0453057 0.0387371 0.0323029 0.0261449 0.0204037 0.0152311 0.0107788 0.00716449 0.0044322
 0.00766657 0.0124914 0.0188736 0.0267845 0.0359912 0.0459118 0.0555725 0.0638309 0.0697725 0.0729884 0.0735636 0.0718777 0.0684145 0.0636559 0.0580306 0.0518849 0.0454796 0.0390085 0.0326277 0.0264814 0.0207198 0.0155053 0.0109989 0.00732688 0.00454139
 0.00766371 0.0124786 0.0188385 0.0267082 0.0358507 0.045685 0.0552462 0.0634097 0.069284 0.0724825 0.0731017 0.0715163 0.0681901 0.0635813 0.0581012 0.0520875 0.0457953 0.0394107 0.0330804 0.026943 0.0211509 0.015876 0.0112927 0.00754119 0.00468447
 0.00769015 0.0125152 0.018881 0.0267472 0.0358717 0.0456701 0.0551763 0.0632672 0.069058 0.072175 0.072733 0.0711255 0.0678283 0.0632991 0.0579357 0.0520558 0.0458945 0.0396221 0.0333741 0.0272817 0.0214954 0.0161912 0.0115543 0.00773829 0.00481921
 0.00772661 0.0125677 0.0189471 0.0268198 0.0359395 0.0457197 0.0551942 0.0632408 0.0689766 0.0720319 0.0725281 0.0708683 0.0675403 0.0630129 0.0576902 0.0518874 0.0458281 0.0396649 0.0335147 0.0274936 0.0217432 0.0164391 0.0117731 0.0079109 0.0049413
 0.00756884 0.0123438 0.0186704 0.0265223 0.0356623 0.0454971 0.0550415 0.063153 0.0689366 0.0720201 0.0725296 0.070874 0.067546 0.0630194 0.0577043 0.051923 0.0459025 0.0397927 0.0337003 0.0277274 0.022003 0.0166964 0.0120014 0.0080927 0.00507134
 0.00741993 0.0121042 0.0183168 0.026041 0.0350594 0.0448097 0.0543431 0.0625417 0.0685055 0.0718244 0.0725684 0.0710989 0.0678873 0.0634122 0.0581042 0.0523079 0.0462685 0.040146 0.0340486 0.0280724 0.0223368 0.0170033 0.0122638 0.00829837 0.00521767
 0.00758684 0.0123346 0.0185872 0.0263021 0.0352479 0.0448686 0.0542415 0.0622851 0.0681351 0.0714061 0.0721752 0.0707896 0.0676905 0.0633227 0.058094 0.0523441 0.0463276 0.0402188 0.0341368 0.0281802 0.0224637 0.0171408 0.012398 0.00841509 0.0053078
 0.00767773 0.0124899 0.018832 0.0266566 0.0357136 0.0454112 0.0547821 0.0627137 0.0683465 0.0713428 0.0718523 0.0702873 0.0671193 0.0627835 0.0576505 0.0520169 0.0461062 0.0400798 0.0340589 0.0281493 0.0224708 0.0171768 0.0124512 0.00847254 0.00535866
 0.0077069 0.0125389 0.0189094 0.0267741 0.0358852 0.0456513 0.055098 0.0630941 0.0687516 0.0717036 0.072087 0.0703312 0.0669542 0.0624472 0.0572205 0.0515786 0.0457237 0.0397841 0.0338526 0.0280201 0.022402 0.0171524 0.0124562 0.00849329 0.00538392
 0.00784343 0.0127455 0.0191919 0.0271275 0.0362961 0.0461008 0.0555646 0.0635546 0.0691809 0.0720736 0.0723641 0.0704761 0.0669288 0.0622297 0.0568216 0.0510463 0.045131 0.0392067 0.0333474 0.0276162 0.022104 0.0169491 0.0123292 0.00842191 0.00534897
 0.00769669 0.0125394 0.0189414 0.0268666 0.0360674 0.0459406 0.0554913 0.0635685 0.0692732 0.0722361 0.0725912 0.070758 0.0672413 0.0625317 0.0570641 0.0511905 0.0451652 0.0391497 0.0332386 0.0274979 0.0220062 0.0168846 0.0122964 0.00841196 0.00535154
 0.00766629 0.012484 0.018849 0.0267268 0.03588 0.0457247 0.0552885 0.0634335 0.0692523 0.0723456 0.0728108 0.0710424 0.0675412 0.0628079 0.0572895 0.0513461 0.045239 0.0391414 0.0331634 0.0273838 0.021885 0.0167809 0.012222 0.00836692 0.00532882
 0.00770174 0.0125291 0.0188931 0.0267513 0.0358616 0.0456433 0.0551361 0.0632214 0.0690134 0.0721291 0.0726686 0.0710109 0.0676271 0.062987 0.0575179 0.0515762 0.0454319 0.0392735 0.0332282 0.0273904 0.0218533 0.0167336 0.0121773 0.00833426 0.00530961
 0.00772026 0.0125689 0.0189695 0.0268813 0.0360556 0.0458937 0.0554103 0.063466 0.0691714 0.0721634 0.0725775 0.0708289 0.0674103 0.0627898 0.057374 0.0514911 0.0453882 0.039244 0.0331896 0.0273317 0.0217769 0.016651 0.0121019 0.00827514 0.00526957
 0.00767468 0.0125011 0.0188803 0.0267777 0.0359524 0.0458122 0.0553747 0.0634956 0.0692701 0.0723122 0.0727381 0.0709589 0.0674822 0.0628031 0.0573514 0.0514629 0.0453757 0.039251 0.033206 0.0273429 0.0217736 0.0166327 0.0120749 0.0082478 0.00524762
 0.00763123 0.0124351 0.0187898 0.0266649 0.0358235 0.0456778 0.0552505 0.0634011 0.069226 0.0723337 0.0728275 0.0711009 0.0676471 0.0629568 0.0574692 0.0515379 0.0454173 0.039275 0.0332238 0.0273577 0.0217825 0.016633 0.012067 0.00823545 0.0052352
 0.0075295 0.0122814 0.0185805 0.0264049 0.035526 0.0453622 0.0549412 0.0631266 0.0690156 0.0722132 0.0728135 0.071197 0.067841 0.0632218 0.0577691 0.051836 0.0456863 0.0395016 0.0334068 0.0275016 0.0218923 0.0167125 0.0121201 0.00826732 0.00525206
 0.00752773 0.0122699 0.0185477 0.026336 0.0354079 0.0451914 0.0547291 0.0628986 0.0688033 0.0720446 0.0727067 0.0711595 0.0678727 0.0633168 0.0579155 0.052016 0.045878 0.0396843 0.0335655 0.0276295 0.0219891 0.0167815 0.0121661 0.00829534 0.00526738
 0.00757988 0.012349 0.0186556 0.0264683 0.0355531 0.04533 0.0548355 0.0629463 0.0687742 0.0719375 0.0725398 0.0709644 0.0676839 0.0631616 0.0578095 0.0519626 0.0458703 0.0397087 0.0336062 0.0276727 0.0220258 0.016808 0.0121825 0.00830393 0.00527086
 0.00722773 0.0117883 0.0178359 0.0253572 0.0341492 0.0436816 0.053054 0.0612029 0.0672684 0.0708489 0.0719866 0.0709841 0.0682372 0.0641524 0.059109 0.0534339 0.0473877 0.0411692 0.0349339 0.028818 0.0229636 0.0175344 0.0127121 0.00866477 0.0054989
 0.00717144 0.0116645 0.0175896 0.0249173 0.0334453 0.042672 0.0517534 0.0596938 0.065691 0.0693752 0.0707881 0.0702022 0.0679596 0.0643982 0.0598288 0.0545235 0.0487118 0.0425871 0.0363203 0.0300765 0.0240314 0.0183827 0.0133415 0.00909896 0.00577569
 0.00718397 0.0116887 0.0176302 0.0249725 0.0334967 0.0426739 0.051631 0.0593599 0.0650804 0.0684827 0.0696896 0.0690439 0.0669214 0.0636463 0.0594754 0.0546048 0.0491876 0.0433582 0.0372573 0.0310493 0.0249334 0.0191431 0.0139288 0.00951514 0.00604577
 0.00709025 0.0115642 0.0174942 0.0248605 0.03345 0.0427217 0.0517726 0.0595546 0.0652499 0.0685283 0.0695222 0.0686208 0.0662735 0.0628813 0.058749 0.0540719 0.0489544 0.0434544 0.0376368 0.031614 0.0255676 0.0197455 0.0144322 0.00989127 0.00629883
 0.00697171 0.0113721 0.0172087 0.0244696 0.0329597 0.0421669 0.0512218 0.0590976 0.0649674 0.0684549 0.069625 0.0688097 0.0664395 0.0629453 0.0586979 0.0539639 0.0488902 0.0435309 0.0379039 0.0320572 0.0261192 0.0203156 0.0149412 0.0102916 0.00657886
 0.0069962 0.0113972 0.0172189 0.0244401 0.0328614 0.0419767 0.0509335 0.0587302 0.0645667 0.0680851 0.0693499 0.0686677 0.0664247 0.0630089 0.0587737 0.0540053 0.0488971 0.0435481 0.037993 0.0322585 0.0264293 0.0206894 0.0153159 0.0106132 0.00681919
 0.00708833 0.0115556 0.0174712 0.0248119 0.0333638 0.0425893 0.0515934 0.0593382 0.0650142 0.0682912 0.0692897 0.0683759 0.0659756 0.0624833 0.0582314 0.0534764 0.0483944 0.043088 0.037606 0.0319814 0.0262839 0.0206682 0.0153828 0.0107203 0.0069257
 0.00715221 0.0116595 0.0176285 0.0250371 0.0336722 0.0429935 0.0520958 0.0599207 0.0656293 0.0688619 0.0697235 0.068592 0.065933 0.0621948 0.057755 0.0528904 0.0477725 0.0424874 0.0370694 0.0315418 0.0259639 0.0204726 0.0152949 0.0107072 0.00695083
 0.00705112 0.0115135 0.0174433 0.0248313 0.0334737 0.0428343 0.0520074 0.0599307 0.0657587 0.0691177 0.0700888 0.06902 0.0663522 0.0625282 0.0579455 0.0529195 0.0476618 0.0422849 0.0368311 0.0313172 0.0257882 0.0203628 0.0152494 0.0107098 0.00697885
 0.00702933 0.011477 0.0173873 0.0247529 0.0333755 0.0427284 0.0519167 0.0598856 0.0657878 0.0692378 0.0702986 0.0692997 0.0666667 0.0628314 0.0581874 0.0530574 0.0476737 0.0421777 0.0366387 0.0310882 0.0255701 0.0201895 0.0151347 0.0106497 0.006958
 0.00698026 0.0113764 0.0171981 0.0244304 0.0328814 0.0420525 0.0510955 0.0590061 0.0649702 0.0686054 0.0699473 0.0692767 0.0669636 0.0633896 0.0589133 0.0538442 0.0484237 0.0428208 0.0371417 0.0314536 0.0258241 0.0203659 0.0152624 0.010746 0.00703083
 0.00708496 0.0115399 0.0174294 0.0247267 0.0332214 0.0423898 0.0513593 0.0591158 0.0648641 0.0682722 0.06944 0.0686997 0.0664372 0.0630104 0.0587278 0.0538424 0.0485526 0.0430086 0.0373238 0.0315901 0.0259046 0.0204017 0.0152735 0.0107493 0.00703497
 0.00703322 0.0114773 0.0173747 0.0247103 0.0332766 0.0425374 0.051594 0.0593997 0.0651325 0.0684503 0.0694672 0.0685529 0.0661445 0.0626452 0.0583828 0.0535956 0.0484406 0.043021 0.0374169 0.0317112 0.0260132 0.0204793 0.0153201 0.0107746 0.00704889
 0.00692447 0.0113045 0.0171241 0.0243769 0.032871 0.0420934 0.0511704 0.0590701 0.0649614 0.0684645 0.0696412 0.0688179 0.066418 0.0628661 0.0585337 0.0537017 0.0485482 0.0431684 0.0376148 0.0319413 0.0262426 0.020678 0.0154724 0.0108796 0.00711521
 0.00686037 0.0111927 0.016942 0.0240996 0.0324784 0.0415812 0.0505621 0.0584216 0.0643546 0.0679898 0.0693725 0.0687903 0.0666153 0.0632274 0.058978 0.0541587 0.0489796 0.0435679 0.0379918 0.0323013 0.0265775 0.0209706 0.0157072 0.0110509 0.00722865
 0.00698475 0.0113727 0.0171705 0.0243532 0.0327194 0.0417651 0.0506449 0.0583688 0.0641511 0.0676495 0.0689426 0.0683427 0.0662271 0.0629556 0.0588429 0.0541433 0.0490458 0.0436776 0.0381205 0.0324381 0.0267165 0.0211042 0.0158248 0.0111441 0.00729443
 0.00709856 0.0115728 0.0174975 0.0248478 0.033406 0.0426275 0.0516093 0.0593075 0.0649136 0.0681076 0.0690276 0.0680609 0.0656503 0.0621964 0.0580222 0.0533612 0.0483635 0.0431176 0.0376787 0.0321001 0.026467 0.020929 0.0157095 0.0110735 0.00725432
 0.00712454 0.011625 0.0175958 0.0250207 0.033688 0.043052 0.0521958 0.0600464 0.0657525 0.0689485 0.0697418 0.068522 0.0657741 0.0619685 0.0574997 0.0526499 0.0475819 0.0423647 0.0370181 0.0315594 0.0260488 0.0206219 0.0154961 0.0109343 0.00716964
#obs surv len freq
 nan nan nan nan nan nan nan nan nan nan nan nan nan nan nan nan nan nan nan nan nan nan nan nan nan
 0.00448497 0.00734641 0.0111764 0.0159926 0.0216931 0.0279682 0.0342818 0.0400127 0.044692 0.0481558 0.0505137 0.0520097 0.0529021 0.0534147 0.0537291 0.0539842 0.0542628 0.0545556 0.0546944 0.0542863 0.0527244 0.0493565 0.0438062 0.0362863 0.0276699
 0.00462273 0.00757147 0.0115168 0.016474 0.0223323 0.0287639 0.0352044 0.0410023 0.0456665 0.0490272 0.051205 0.052466 0.0530961 0.0533463 0.0534211 0.0534743 0.053595 0.0537729 0.0538361 0.0533896 0.0518284 0.048505 0.0430444 0.0356526 0.0271856
 0.00477685 0.00782646 0.0119088 0.0170394 0.0231005 0.0297449 0.0363771 0.0423082 0.0470166 0.0503168 0.0523296 0.0533347 0.0536405 0.0535273 0.0532318 0.0529376 0.0527569 0.0526934 0.0525818 0.0520313 0.0504415 0.0471702 0.0418421 0.0346488 0.026417
 0.00496863 0.00813713 0.0123746 0.0176944 0.0239709 0.0308408 0.0376816 0.043772 0.048561 0.0518442 0.0537359 0.0545178 0.0545089 0.0540078 0.0532772 0.0525326 0.0519197 0.0514737 0.0510557 0.0502964 0.0486133 0.0453756 0.0402062 0.0332738 0.0253601
 0.005183 0.00848912 0.0129106 0.0184592 0.0249984 0.0321398 0.039222 0.0454815 0.0503376 0.0535768 0.0553208 0.0558652 0.0555402 0.0546529 0.0534762 0.0522423 0.051123 0.0501885 0.0493414 0.0482561 0.0463908 0.0431428 0.0381391 0.0315191 0.0240033
 0.00540087 0.00884782 0.013459 0.0192462 0.0260642 0.0335009 0.0408558 0.0473198 0.0522747 0.0554891 0.0570869 0.0573791 0.056716 0.0554234 0.0537874 0.0520504 0.0503974 0.048922 0.0475668 0.0460615 0.0439256 0.0406067 0.03575 0.029466 0.0224025
 0.00562845 0.00921983 0.014023 0.0200484 0.0271418 0.0348693 0.0424946 0.0491664 0.0542318 0.0574411 0.0589166 0.0589782 0.0579909 0.0562968 0.0541984 0.0519514 0.049753 0.0477148 0.0458125 0.0438304 0.0413586 0.0379116 0.0331687 0.0272193 0.0206341
 0.00588169 0.00963325 0.0146483 0.0209346 0.0283257 0.0363604 0.0442604 0.0511277 0.056275 0.0594409 0.0607562 0.0605588 0.0592325 0.0571347 0.0545791 0.05183 0.0490929 0.0464933 0.0440355 0.0415552 0.0387151 0.0351055 0.030452 0.0248317 0.0187396
 0.00611705 0.0100209 0.0152412 0.0217851 0.0294755 0.0378243 0.0460094 0.0530834 0.0583208 0.0614451 0.0625942 0.0621266 0.0604503 0.0579441 0.0549372 0.0517025 0.04845 0.045313 0.0423181 0.0393466 0.0361316 0.0323409 0.027753 0.0224407 0.0168286
 0.00637042 0.010433 0.0158616 0.0226607 0.0306415 0.0392909 0.0477472 0.0550173 0.0603389 0.0634185 0.0643977 0.0636525 0.0616148 0.0586886 0.0552243 0.0515089 0.0477597 0.0441157 0.040619 0.0371885 0.0336195 0.0296536 0.0251232 0.0201023 0.0149517
 0.00660143 0.0108163 0.0164528 0.0235151 0.0318024 0.0407707 0.0495091 0.056971 0.0623564 0.0653613 0.0661405 0.0650958 0.0626858 0.059338 0.0554222 0.0512393 0.0470156 0.0428975 0.0389411 0.0350961 0.0312111 0.0270929 0.0226234 0.0178794 0.0131648
 0.00683955 0.0112021 0.0170311 0.0243278 0.0328816 0.0421269 0.0511178 0.0587656 0.0642331 0.0671953 0.067806 0.0664823 0.0637088 0.059943 0.0555813 0.0509444 0.0462697 0.0417115 0.0373379 0.033125 0.0289663 0.0247234 0.0203204 0.0158359 0.0115231
 0.00705064 0.0115538 0.0175756 0.0251174 0.0339562 0.0434951 0.0527399 0.060551 0.0660572 0.0689277 0.0693331 0.0677163 0.0645869 0.0604237 0.0556421 0.0505792 0.0454858 0.0405268 0.0357835 0.0312548 0.0268711 0.022539 0.0182159 0.0139797 0.0100375
 0.00726407 0.0119032 0.0181063 0.0258733 0.0349714 0.0447804 0.0542675 0.0622472 0.06781 0.070606 0.0708099 0.0688874 0.0653814 0.0608052 0.0556032 0.0501316 0.0446518 0.0393352 0.034273 0.0294825 0.0249243 0.0205405 0.0163135 0.0123166 0.00871478
 0.00741739 0.0121554 0.0184912 0.0264249 0.0357177 0.0457334 0.055413 0.0635399 0.0691783 0.0719631 0.0720652 0.0699541 0.0661835 0.0612844 0.0557239 0.0498822 0.0440416 0.03839 0.0330323 0.0280041 0.0232907 0.0188618 0.0147175 0.0109243 0.00760992
 0.0075296 0.0123372 0.0187642 0.0268095 0.0362305 0.0463825 0.0561923 0.0644259 0.0701319 0.0729352 0.0730016 0.0707993 0.0668819 0.0617826 0.0559751 0.0498516 0.043711 0.0377613 0.0321295 0.0268748 0.0220087 0.0175249 0.0134368 0.00980314 0.00671894
 0.00758828 0.0124303 0.0189004 0.0269964 0.0364747 0.0466894 0.0565649 0.0648638 0.0706302 0.073484 0.0735847 0.071392 0.06745 0.0622825 0.0563567 0.0500643 0.0437115 0.0375217 0.031645 0.0261695 0.0211372 0.0165688 0.0124922 0.00896021 0.00604115
 0.00764086 0.0125095 0.0190081 0.0271304 0.0366304 0.0468621 0.0567517 0.0650644 0.0708479 0.0737249 0.0738558 0.0716971 0.0677845 0.062629 0.0566835 0.0503278 0.0438628 0.037516 0.0314533 0.0257887 0.0205961 0.015926 0.0118252 0.00834633 0.00553761
 0.00771726 0.0126247 0.0191644 0.0273235 0.0368495 0.0470919 0.0569744 0.0652627 0.0710088 0.0738449 0.073943 0.0717688 0.0678603 0.0627226 0.056796 0.0504434 0.0439502 0.0375355 0.0313671 0.0255745 0.0202573 0.0154954 0.0113573 0.00790175 0.00516484
 0.00776053 0.0126936 0.0192648 0.027459 0.0370192 0.0472885 0.0571824 0.0654604 0.0711735 0.0739604 0.0740049 0.0717857 0.0678501 0.0627066 0.0567909 0.0504553 0.0439707 0.0375418 0.0313287 0.025464 0.0200629 0.0152281 0.0110497 0.00759692 0.00490124
 0.0078063 0.0127629 0.0193599 0.0275785 0.0371595 0.047444 0.0573464 0.0656237 0.0713248 0.0740862 0.0740928 0.071828 0.0678471 0.0626674 0.0567309 0.0503908 0.0439112 0.0374859 0.0312635 0.0253708 0.0199272 0.0150487 0.0108417 0.00738654 0.00471542
 0.00782476 0.0127912 0.0193991 0.0276284 0.0372182 0.0475086 0.057413 0.0656886 0.0713851 0.0741411 0.0741426 0.071872 0.067883 0.0626914 0.0567408 0.0503874 0.043898 0.0374652 0.031233 0.0253231 0.0198538 0.0149462 0.0107167 0.00725451 0.00459442
 0.00789023 0.0128874 0.0195249 0.0277759 0.0373748 0.0476604 0.0575477 0.0657966 0.07146 0.07418 0.0741465 0.0718461 0.0678342 0.0626272 0.0566671 0.0503084 0.0438165 0.0373831 0.0311507 0.0252387 0.0197636 0.0148484 0.0106135 0.00715324 0.00450469
 0.007905 0.0129159 0.0195754 0.0278574 0.0374929 0.0478122 0.0577181 0.0659611 0.0715922 0.0742613 0.074172 0.071823 0.067777 0.0625503 0.0565818 0.0502217 0.0437319 0.0373019 0.0310724 0.0251619 0.0196868 0.0147705 0.010536 0.00708012 0.00444126
 0.00788619 0.0128837 0.0195248 0.0277845 0.0373983 0.0477042 0.0576141 0.0658838 0.0715609 0.0742834 0.0742397 0.0719183 0.0678799 0.0626469 0.0566655 0.0502913 0.0437882 0.0373454 0.0311027 0.0251781 0.0196883 0.0147581 0.0105125 0.00705033 0.00441083
 0.00787303 0.0128571 0.019475 0.0276997 0.0372679 0.0475243 0.0573929 0.0656435 0.0713347 0.0741073 0.074143 0.0719152 0.0679658 0.0628012 0.0568595 0.0504974 0.0439854 0.0375206 0.0312492 0.0252932 0.0197717 0.0148119 0.0105412 0.00706019 0.00440907
 0.00788782 0.0128754 0.0194918 0.0277058 0.0372512 0.0474724 0.0572969 0.065501 0.0711527 0.073904 0.0739461 0.0717565 0.067873 0.0627891 0.0569261 0.0506251 0.0441486 0.0376932 0.0314107 0.0254304 0.0198786 0.0148878 0.0105892 0.00708628 0.00442006
 0.00790113 0.0128968 0.019523 0.0277471 0.0373001 0.0475221 0.0573353 0.0655123 0.0711221 0.0738233 0.0738184 0.071598 0.0677095 0.0626501 0.056836 0.0505966 0.0441795 0.0377689 0.0315101 0.0255332 0.0199694 0.0149585 0.0106379 0.00711566 0.00443513
 0.00787647 0.0128592 0.0194712 0.0276823 0.0372257 0.0474436 0.0572601 0.0654474 0.0710717 0.0737867 0.0737903 0.071571 0.0676799 0.0626211 0.0568178 0.0506026 0.0442195 0.0378443 0.0316128 0.0256479 0.0200801 0.0150524 0.0107089 0.0071634 0.00446368
 0.00783959 0.012794 0.0193641 0.0275188 0.0369963 0.0471512 0.0569252 0.0651083 0.0707745 0.0735717 0.0736808 0.0715693 0.0677704 0.0627783 0.057016 0.0508217 0.0444478 0.0380753 0.0318406 0.0258642 0.0202742 0.0152146 0.0108334 0.00725065 0.00451905
 0.00781133 0.0127481 0.0192946 0.0274194 0.0368601 0.0469721 0.0567011 0.0648444 0.0704875 0.0732907 0.0734423 0.0714086 0.067711 0.0628249 0.0571547 0.051027 0.0446915 0.0383332 0.032095 0.0261022 0.0204856 0.0153914 0.0109711 0.00734919 0.00458335
 0.00778632 0.0127049 0.019225 0.0273146 0.0367132 0.0467811 0.0564719 0.0645906 0.0702276 0.0730437 0.0732267 0.0712425 0.0676126 0.0628095 0.0572294 0.0511864 0.0449175 0.0385998 0.0323748 0.0263716 0.0207271 0.0155935 0.0111286 0.00746266 0.00465824
 0.00775471 0.0126542 0.0191498 0.0272102 0.0365758 0.0466095 0.0562688 0.0643644 0.069992 0.0728161 0.0730258 0.0710853 0.0675127 0.0627772 0.0572706 0.0513018 0.0451004 0.038835 0.0326399 0.0266415 0.0209784 0.0158092 0.0112991 0.00758679 0.00474093
 0.00775236 0.0126446 0.0191248 0.0271588 0.0364873 0.0464778 0.0560963 0.0641621 0.0697769 0.0726064 0.0728371 0.0709305 0.0674023 0.0627194 0.0572717 0.0513649 0.045224 0.0390114 0.0328545 0.0268741 0.0212068 0.0160135 0.011466 0.0077111 0.00482518
 0.00771094 0.0125835 0.0190442 0.0270618 0.036378 0.0463583 0.0559655 0.0640177 0.0696191 0.0724416 0.0726784 0.0707945 0.0673043 0.0626704 0.0572772 0.0514259 0.0453379 0.0391718 0.0330505 0.02709 0.0214236 0.0162123 0.0116323 0.00783759 0.00491241
 0.00766729 0.0125121 0.0189364 0.026911 0.0361823 0.0461247 0.0557119 0.0637702 0.0694043 0.0722778 0.0725718 0.0707415 0.0672983 0.0627065 0.057354 0.0515431 0.0454938 0.0393618 0.033266 0.0273182 0.0216487 0.016418 0.0118051 0.00797022 0.00500483
 0.00766713 0.0125082 0.0189238 0.026882 0.0361284 0.0460384 0.0555899 0.0636161 0.0692295 0.0720999 0.0724106 0.0706141 0.0672147 0.0626693 0.0573605 0.0515894 0.0455765 0.0394777 0.0334098 0.0274813 0.0218185 0.0165802 0.0119466 0.00808234 0.00508515
 0.00765303 0.0124874 0.0188962 0.0268482 0.0360886 0.0459913 0.0555319 0.0635423 0.0691361 0.0719878 0.0722869 0.0704918 0.0671096 0.0625958 0.0573277 0.0516 0.045628 0.0395645 0.0335249 0.0276158 0.0219616 0.0167195 0.0120705 0.00818233 0.00515807
 0.00759011 0.0123938 0.0187715 0.0266982 0.0359241 0.0458253 0.0553778 0.0634113 0.0690359 0.0719205 0.0722493 0.0704779 0.0671148 0.0626192 0.057372 0.0516691 0.0457243 0.0396865 0.0336674 0.0277705 0.0221182 0.0168668 0.0121986 0.00828449 0.00523217
 0.00758744 0.0123809 0.0187369 0.0266273 0.0358046 0.0456552 0.0551703 0.0631942 0.068842 0.0717765 0.0721675 0.0704555 0.0671391 0.0626749 0.0574477 0.0517588 0.0458267 0.0398025 0.0337962 0.0279083 0.0222576 0.0169988 0.0123141 0.00837717 0.00529986
 0.00756925 0.012356 0.0187075 0.0265965 0.0357735 0.0456192 0.0551184 0.0631134 0.0687258 0.071632 0.072016 0.0703248 0.0670522 0.0626419 0.0574651 0.0518154 0.0459102 0.0399034 0.0339086 0.0280273 0.0223777 0.0171127 0.0124146 0.00845863 0.00535991
 0.00755038 0.0123257 0.018663 0.0265365 0.0356991 0.0455353 0.0550331 0.0630354 0.0686601 0.0715767 0.071965 0.0702731 0.0670022 0.062604 0.057452 0.0518356 0.0459641 0.039985 0.0340086 0.0281366 0.0224882 0.017217 0.0125061 0.00853258 0.0054145
 0.00753106 0.0122956 0.0186199 0.0264793 0.0356279 0.0454516 0.0549408 0.0629412 0.0685725 0.0715046 0.0719139 0.0702441 0.0669916 0.062607 0.0574667 0.051864 0.0460104 0.0400514 0.0340934 0.0282337 0.0225892 0.0173135 0.0125909 0.00860101 0.00546489
 0.00750849 0.0122583 0.0185629 0.0263982 0.03552 0.0453187 0.0547904 0.0627863 0.0684293 0.0713882 0.0718354 0.0702084 0.066998 0.0626499 0.0575377 0.0519545 0.0461139 0.040164 0.0342124 0.0283555 0.0227082 0.017423 0.0126847 0.00867512 0.00551847
 0.00749815 0.0122422 0.01854 0.0263672 0.0354799 0.0452676 0.0547265 0.0627089 0.0683404 0.0712935 0.0717441 0.0701316 0.0669454 0.0626278 0.0575473 0.0519928 0.0461753 0.0402421 0.0343012 0.0284498 0.0228027 0.0175118 0.0127622 0.00873747 0.00556421
 0.00749193 0.0122325 0.0185261 0.026349 0.0354573 0.0452409 0.0546961 0.0626747 0.068302 0.07125 0.071695 0.0700786 0.0668932 0.0625836 0.057519 0.0519862 0.0461924 0.0402812 0.0343577 0.0285175 0.0228751 0.0175825 0.0128255 0.00878931 0.00560281
 0.00752319 0.0122809 0.0185943 0.0264373 0.0355632 0.0453585 0.0548157 0.0627836 0.0683858 0.0712966 0.0716968 0.0700339 0.0668069 0.0624661 0.0573847 0.0518509 0.0460706 0.0401832 0.0342884 0.0284767 0.0228585 0.0175836 0.0128372 0.00880513 0.00561799
 0.00749211 0.012237 0.0185406 0.0263808 0.0355135 0.0453243 0.0548025 0.0627926 0.0684144 0.0713391 0.0717458 0.0700812 0.0668444 0.062488 0.0573889 0.0518401 0.0460513 0.0401639 0.0342767 0.0284768 0.0228707 0.0176048 0.0128625 0.0088297 0.0056384
 0.0074865 0.0122257 0.0185196 0.0263464 0.0354638 0.0452626 0.0547383 0.06274 0.0683872 0.0713449 0.0717828 0.0701392 0.0669096 0.0625472 0.057433 0.0518653 0.0460589 0.0401592 0.0342672 0.0284695 0.0228701 0.0176118 0.012875 0.00884428 0.00565188
 0.0074865 0.0122257 0.0185196 0.0263464 0.0354638 0.0452626 0.0547383 0.06274 0.0683872 0.0713449 0.0717828 0.0701392 0.0669096 0.0625472 0.057433 0.0518653 0.0460589 0.0401592 0.0342672 0.0284695 0.0228701 0.0176118 0.012875 0.00884428 0.00565188
 0.00712493 0.0116513 0.0176828 0.0252166 0.0340433 0.0436043 0.0529598 0.0610193 0.0669303 0.070335 0.0713355 0.0702808 0.0675822 0.0636324 0.0587834 0.0533345 0.0475237 0.0415299 0.0354872 0.0295098 0.023721 0.0182772 0.0133691 0.00918934 0.00587629
 0.00711088 0.0115863 0.017507 0.0248485 0.0334002 0.0426356 0.0516785 0.0595138 0.0653509 0.0688637 0.0701505 0.0695261 0.0673425 0.0639192 0.059535 0.0544333 0.0488246 0.0428903 0.0367896 0.0306721 0.0246967 0.01905 0.0139454 0.00959174 0.00613734
 0.00710195 0.0115837 0.0175216 0.0248879 0.0334544 0.0426605 0.0515913 0.0592116 0.0647539 0.0679612 0.0690254 0.0683406 0.0662932 0.0631817 0.0592204 0.0545672 0.049351 0.0436954 0.0377359 0.0316305 0.0255687 0.0197759 0.0145029 0.00998721 0.00639594
 0.00715439 0.0116708 0.0176562 0.0250836 0.0337223 0.0430023 0.0519883 0.0596143 0.0650771 0.0680965 0.0688721 0.0678491 0.0654997 0.0622126 0.0582581 0.0537919 0.0488855 0.0435762 0.0379172 0.0320137 0.0260404 0.0202398 0.0148965 0.010284 0.00659732
 0.00706624 0.0115406 0.0174854 0.0248838 0.0335145 0.0428143 0.0518509 0.0595556 0.0651133 0.0682189 0.0690377 0.0679845 0.0655239 0.0620733 0.0579642 0.0534206 0.0485554 0.0433988 0.0379522 0.0322515 0.0264156 0.0206639 0.0152913 0.0106013 0.00682213
 0.00703979 0.0114947 0.0174115 0.0247739 0.0333652 0.042632 0.0516556 0.0593795 0.0649927 0.0681816 0.0690917 0.0681107 0.0656773 0.0621934 0.0579971 0.053345 0.0483991 0.0432311 0.0378538 0.0322766 0.0265695 0.0209071 0.0155628 0.0108471 0.00701126
 0.00711765 0.0116224 0.0176045 0.025044 0.0337145 0.0430448 0.0520944 0.0597894 0.0653171 0.0683815 0.0691567 0.068056 0.0655288 0.0619718 0.0577097 0.0529913 0.0479861 0.0427878 0.0374323 0.0319354 0.026349 0.0208123 0.015566 0.0109043 0.00708229
 0.00713085 0.0116541 0.0176713 0.025168 0.0339182 0.0433422 0.0524817 0.0602405 0.0657849 0.0688073 0.0694836 0.0682428 0.0655594 0.0618553 0.0574715 0.052661 0.0475911 0.0423563 0.0369989 0.0315419 0.0260347 0.0205996 0.0154523 0.0108657 0.00708688
 0.00709881 0.0116016 0.0175929 0.0250615 0.0337889 0.0432083 0.0523754 0.0602028 0.0658519 0.0689934 0.0697719 0.0685868 0.0658976 0.0621299 0.0576437 0.052717 0.0475388 0.0422185 0.0368074 0.0313335 0.0258449 0.0204556 0.0153651 0.0108294 0.00708448
 0.00710547 0.0116108 0.0176032 0.0250702 0.0337915 0.0432 0.0523534 0.0601698 0.06582 0.0689839 0.0698093 0.0686875 0.0660587 0.0623254 0.0578316 0.0528541 0.0475955 0.0421867 0.0367005 0.03118 0.0256795 0.020309 0.0152566 0.0107635 0.00705381
 0.00694547 0.0113579 0.0172371 0.0245793 0.0331785 0.0424879 0.0515909 0.0594292 0.0651843 0.0685291 0.0695884 0.0687238 0.0663446 0.0628249 0.0584842 0.0535829 0.0483211 0.0428427 0.0372455 0.0316011 0.0259871 0.0205263 0.0154086 0.0108704 0.00712864
 0.007049 0.0115021 0.017409 0.0247501 0.0333094 0.042541 0.0515393 0.0592632 0.0649136 0.0681819 0.0692087 0.0683647 0.0660595 0.0626553 0.0584504 0.053678 0.0485126 0.0430817 0.0374821 0.0317984 0.0261289 0.0206158 0.0154598 0.0108992 0.00714624
