SBPRF35
12.7214
Curr Bio
841842
B35
861735
F35
0.168621
FOFL
0.157285
OFL
104273
Bzero
3.63469e+006
#pred survey bio
 3.05604e+006 2.78313e+006 2.54735e+006 2.30139e+006 2.08106e+006 1.87463e+006 1.65944e+006 1.44e+006 1.26216e+006 1.11135e+006 997964 905266 802719 730688 678193 638910 613112 585476 564623 554503 546916 538809 532283 532576 532952 539321 548364 555579 568048 575636 589989 604013 623873 636999 649779 653250 663413 671499 686736 707391 712116 708015 715297 723955 729522 731316 725961 741770 748661 759280 772390 781313 790673 797941 792272 783427 790952 776085 780153 783395 823697 848298 860232 859923 847052 2.84003e+007 1.68311e+007 1.69748e+007 1.77823e+007 1.90477e+007 2.05092e+007 2.19638e+007 2.32878e+007 2.44245e+007 2.53618e+007 2.61134e+007 2.67044e+007 2.71628e+007 2.75153e+007 2.77849e+007 2.79906e+007 2.81474e+007 2.82672e+007 2.83588e+007 2.84292e+007 2.84835e+007 2.85256e+007 2.85583e+007 2.85839e+007 2.8604e+007 2.86198e+007 2.86323e+007 2.86423e+007 2.86502e+007 2.86565e+007 2.86616e+007 2.86657e+007 2.8669e+007 2.86716e+007 2.86738e+007 2.86755e+007 2.86769e+007 2.86781e+007 2.8679e+007 2.86798e+007 2.86804e+007 2.86809e+007 2.86814e+007 2.86817e+007 2.8682e+007 2.86822e+007 2.86824e+007 2.86825e+007 2.86827e+007 2.86828e+007 2.86828e+007 2.86829e+007 2.8683e+007 2.8683e+007 2.8683e+007 2.86831e+007 2.86831e+007 2.86831e+007 2.86831e+007 2.86832e+007 2.86832e+007 2.86832e+007 2.86832e+007 2.86832e+007 2.86832e+007 2.86832e+007 2.86832e+007 2.86832e+007 2.86832e+007 2.86832e+007 2.86832e+007 2.86832e+007 2.86832e+007 2.86832e+007 2.86832e+007 2.86832e+007 2.86832e+007 2.86832e+007 2.86832e+007 2.86832e+007 2.86832e+007 2.86832e+007 2.86832e+007 2.86832e+007 2.86832e+007 2.86832e+007 2.86832e+007 2.86832e+007 2.86832e+007 2.86832e+007 2.86832e+007 2.86832e+007 2.86832e+007 2.86832e+007 2.86832e+007 2.86832e+007 2.86832e+007 2.86832e+007 2.86832e+007 2.86832e+007 0 0 0 0 0 0 0 0 0 0 0 0 0 0 0 0 0 0 0 0 0 0 0 0 0
#obs survey bio
 2.92559e+006 2.10943e+006 2.50117e+006 1.79868e+006 1.77605e+006 1.99436e+006 1.60505e+006 1.19097e+006 1.23266e+006 679831 894921 577995 1.0501e+006 560892 569825 737246 699648 440347 487992 434000 546588 415101 504997 450597 560211 489785 408470 541372 505263 712754 528247 555612 550706 582953 554170 680291 653816 828895 759677 877505 769946 562878 517278 569268 707872 826803 892847 549155 664255 748948 673576 1.15523e+006 688791 962249 740550 803784 727750 852940 433421 988563 828432 1.00135e+006 886551 754054 1.00084e+006
#pred catch bio
 293825 273104 295952 286674 287508 306892 319131 287631 266796 235064 216796 221935 189808 167442 151006 135370 133711 125379 114698 111479 110603 107808 101023 100246 94998.8 93637.8 96427.1 93338.6 98744.1 94123.7 95707.6 92411.8 99685.9 100875 108871 102878 104381 98132.6 94039.7 107813 114870 105778 106516 110523 113683 118551 100030 108345 105736 104198 107718 106849 108532 119558 122021 108748 128784 113074 114823 84474.1 98983.5 108733 116950 124117 137450 104273 109694 109450 113287 120724 129704 138663 146728 153528 159007 163275 166519 168938 170714 172003 172930 173592 174061 174393 174626 174790 174904 174984 175040 175078 175105 175124 175137 175146 175152 175156 175159 175161 175163 175164 175164 175165 175165 175165 175166 175166 175166 175166 175166 175166 175166 175166 175166 175166 175166 175166 175166 175166 175166 175166 175166 175166 175166 175166 175166 175166 175166 175166 175166 175166 175166 175166 175166 175166 175166 175166 175166 175166 175166 175166 175166 175166 175166 175166 175166 175166 175166 175166 175166 175166 175166 175166 175166 175166 175166 175166 175166 175166 175166 175166 175166 175166 175166 175166 175166 0 0 0 0 0 0 0 0 0 0 0 0 0 0 0 0 0 0 0 0 0 0 0 0 0
#obs catch bio
 237681 273474 296671 287245 288358 308296 320968 291637 271098 239751 219973 226912 192495 169616 152268 135904 133666 126451 115772 112746 111803 108852 101743 101095 95302 93841.2 97183 93872.3 99516.6 94902.9 96326.8 92871.7 100377 101708 109750 103446 104963 98289.8 93899.6 107426 114351 105453 106868 111373 114463 118581 99524.9 108236 105786 104222 107872 106649 108322 119288 121896 108169 128864 112846 115791 84386.3 99437.6 109097 117073 123852 137610
#pred cpue bio
 3.00849e+006 2.73749e+006 2.50343e+006 2.25862e+006 2.03888e+006 1.8331e+006 1.61907e+006 1.40121e+006 1.22477e+006 1.07548e+006 963377 871932 771413 701248 650439 612539 587682 560790 540385 530538 523270 515558 509380 509833 510396 516684 525370 532258 544352 551737 565784 579536 598901 611717 624277 627843 637973 646143 661283 681666 686405 682302 689073 697188 702594 704666 699781 715358 722064 732390 745341 754383 763808 770940 765234 756359 763466 748717 752481 755655 795450 820184 832428 832537 820484 2.75336e+007 1.63315e+007 1.63486e+007 1.69894e+007 1.81871e+007 1.96301e+007 2.10804e+007 2.24036e+007 2.354e+007 2.44773e+007 2.52289e+007 2.58199e+007 2.62783e+007 2.66308e+007 2.69004e+007 2.71061e+007 2.72629e+007 2.73827e+007 2.74743e+007 2.75447e+007 2.7599e+007 2.76411e+007 2.76738e+007 2.76994e+007 2.77195e+007 2.77353e+007 2.77479e+007 2.77578e+007 2.77657e+007 2.7772e+007 2.77771e+007 2.77812e+007 2.77845e+007 2.77871e+007 2.77893e+007 2.7791e+007 2.77925e+007 2.77936e+007 2.77946e+007 2.77953e+007 2.77959e+007 2.77965e+007 2.77969e+007 2.77972e+007 2.77975e+007 2.77977e+007 2.77979e+007 2.7798e+007 2.77982e+007 2.77983e+007 2.77984e+007 2.77984e+007 2.77985e+007 2.77985e+007 2.77986e+007 2.77986e+007 2.77986e+007 2.77986e+007 2.77987e+007 2.77987e+007 2.77987e+007 2.77987e+007 2.77987e+007 2.77987e+007 2.77987e+007 2.77987e+007 2.77987e+007 2.77987e+007 2.77987e+007 2.77987e+007 2.77987e+007 2.77987e+007 2.77987e+007 2.77987e+007 2.77987e+007 2.77987e+007 2.77987e+007 2.77987e+007 2.77987e+007 2.77987e+007 2.77987e+007 2.77987e+007 2.77987e+007 2.77987e+007 2.77987e+007 2.77987e+007 2.77987e+007 2.77987e+007 2.77987e+007 2.77987e+007 2.77987e+007 2.77987e+007 2.77987e+007 2.77987e+007 2.77987e+007 2.77987e+007 2.77987e+007 2.77987e+007 2.77987e+007 2.77987e+007 0 0 0 0 0 0 0 0 0 0 0 0 0 0 0 0 0 0 0 0 0 0 0 0 0
#obs cpue bio
 2.94179e+006 2.53735e+006 2.86111e+006 2.61319e+006 2.07592e+006 1.57631e+006 1.59875e+006 800224 954897 1.01276e+006 1.1233e+006 873422 617177 768194 842746 579866 683369 401588 480737 512672 469569 619255 514798 510892 601032 574118 452382 517013 533471 332670 696606 567610 598538 491462 777807 573950 653284 649095 703057 802719 747033 702350 552839 583256 708627 1.20965e+006 717843 853093 663954 738017 804825 676528 859430 746450 784286 874296 714500 662333 690281 724970 644147 754441 1.004e+006 1.25412e+006 609019
#pred surv len freq
 0.00513521 0.00836229 0.0126299 0.0179268 0.0241211 0.0308695 0.0375914 0.0436107 0.0484073 0.051785 0.0538477 0.0548538 0.0550853 0.0547859 0.0541448 0.0533014 0.0523572 0.0513762 0.0503471 0.0491022 0.0472538 0.0442525 0.0396292 0.0333278 0.0258958
 0.00538084 0.00871042 0.0130635 0.0184102 0.0246252 0.0314049 0.0382214 0.0444265 0.0494711 0.0530741 0.0552379 0.0561572 0.0561206 0.0554406 0.0543996 0.0532101 0.0519981 0.0508015 0.0495539 0.0480443 0.0458901 0.0426078 0.0378258 0.0315609 0.0243631
 0.00570268 0.00921719 0.013792 0.0193745 0.0258049 0.0327351 0.039595 0.0457205 0.0505932 0.0540023 0.0560164 0.0568455 0.0567315 0.0559163 0.0546408 0.0531311 0.0515642 0.050026 0.0484679 0.0466722 0.0442565 0.0407708 0.0359051 0.0297282 0.0227903
 0.00603206 0.00975095 0.0145914 0.0204932 0.0272755 0.034548 0.0416755 0.0479216 0.0527161 0.0558439 0.0574247 0.0577566 0.0571699 0.0559557 0.05435 0.0525379 0.0506575 0.0487839 0.0468856 0.0447756 0.0421079 0.038476 0.0336161 0.0276238 0.0210306
 0.00632157 0.010219 0.0152919 0.0214763 0.028581 0.0361921 0.0436344 0.050118 0.0550195 0.058083 0.0594106 0.0593144 0.0581735 0.0563533 0.0541646 0.0518394 0.0495219 0.047266 0.0450204 0.0426019 0.0396975 0.0359519 0.0311484 0.0253986 0.0192009
 0.00658551 0.0106481 0.0159379 0.0223883 0.0297974 0.0377278 0.0454661 0.0521787 0.0572047 0.0602653 0.0614521 0.0610734 0.0595123 0.0571543 0.0543522 0.0513953 0.0484823 0.0457021 0.0430169 0.040251 0.0371112 0.0332786 0.0285713 0.0231066 0.0173405
 0.00689738 0.0111497 0.0166829 0.0234235 0.0311546 0.039411 0.0474377 0.0543535 0.0594605 0.0624644 0.0634617 0.0627763 0.0608081 0.0579568 0.0545907 0.0510224 0.047485 0.0441099 0.0409025 0.0377263 0.0343261 0.0304187 0.0258454 0.0207131 0.015422
 0.00722356 0.0116828 0.0174901 0.0245676 0.0326804 0.0413239 0.0496833 0.0568121 0.0619657 0.0648375 0.0655438 0.0644454 0.0619814 0.0585836 0.0546424 0.0504838 0.0463536 0.0424033 0.0386723 0.0350717 0.031401 0.0274259 0.023012 0.0182474 0.0134652
 0.00749476 0.0121196 0.0181406 0.0254763 0.0338828 0.0428367 0.0514897 0.0588516 0.0641339 0.0669976 0.0675453 0.0661443 0.0632585 0.059356 0.0548637 0.0501371 0.0454417 0.0409459 0.0367136 0.0326962 0.028747 0.0246848 0.0204036 0.0159746 0.0116642
 0.00775564 0.0125381 0.01876 0.0263332 0.0350006 0.044216 0.0530984 0.0606217 0.0659711 0.0687975 0.0692063 0.0675723 0.0643672 0.0600692 0.0551212 0.0499002 0.0446957 0.0397003 0.0350059 0.0306013 0.0263885 0.0222354 0.0180645 0.0139331 0.0100467
 0.00796104 0.0128657 0.0192415 0.0269947 0.0358588 0.0452724 0.0543316 0.0619841 0.0673935 0.0702007 0.0705128 0.068713 0.065282 0.0607048 0.055429 0.0498366 0.0442269 0.0388106 0.0337078 0.0289472 0.0244795 0.0202199 0.0161184 0.0122222 0.00868521
 0.0079825 0.0129318 0.0193984 0.027304 0.0363816 0.0460449 0.0553441 0.0631769 0.0686736 0.0714677 0.0716799 0.0697158 0.0660759 0.0612588 0.0557181 0.0498372 0.0439156 0.0381693 0.0327348 0.0276723 0.0229762 0.0186067 0.0145421 0.0108249 0.00756696
 0.00803861 0.0130353 0.0195783 0.0275986 0.0368345 0.0466948 0.0562112 0.0642488 0.0698969 0.0727494 0.0729017 0.0707593 0.0668495 0.0617135 0.055846 0.0496558 0.0434496 0.0374397 0.0317612 0.0264852 0.0216327 0.0171975 0.0131822 0.00962747 0.00661228
 0.00809939 0.0131176 0.019673 0.0276911 0.0369143 0.0467691 0.0563132 0.0644343 0.0702254 0.0732594 0.0735893 0.0715706 0.0676913 0.0624766 0.0564325 0.0499986 0.0435174 0.0372306 0.0312931 0.0257924 0.0207689 0.0162398 0.012225 0.00876443 0.00591261
 0.00815691 0.0132031 0.0197861 0.0278239 0.0370515 0.0468901 0.0563975 0.0644708 0.0702244 0.0732591 0.0736487 0.0717477 0.0680142 0.0629248 0.0569384 0.050468 0.0438583 0.0373757 0.0312112 0.0254887 0.0202812 0.0156325 0.0115785 0.00815905 0.00540966
 0.00826909 0.0133639 0.019988 0.028046 0.0372648 0.0470659 0.0565152 0.0645199 0.0702044 0.0731798 0.0735338 0.071636 0.0679539 0.0629581 0.0570813 0.0506976 0.0441155 0.0375839 0.0313013 0.0254207 0.0200538 0.0152813 0.0111636 0.00774716 0.005055
 0.00843187 0.0136017 0.0202953 0.0283983 0.0376228 0.0473845 0.0567522 0.0646434 0.0701991 0.0730514 0.0733097 0.07136 0.0676774 0.0627296 0.0569377 0.0506549 0.044161 0.0376767 0.0313836 0.0254373 0.0199724 0.0151026 0.0109188 0.00748277 0.00481512
 0.00854832 0.0137986 0.0206036 0.028846 0.038222 0.0481144 0.0575469 0.065398 0.0707958 0.073397 0.0733624 0.0711365 0.0672399 0.0621647 0.0563347 0.0500886 0.0436797 0.0372961 0.0310884 0.025193 0.0197426 0.0148656 0.0106746 0.00724884 0.00461361
 0.00859228 0.0138706 0.0207141 0.0290077 0.0384505 0.0484263 0.0579535 0.0658944 0.0713499 0.0739451 0.0738194 0.0714198 0.0672976 0.0619935 0.0559792 0.0496231 0.0431836 0.0368321 0.0306903 0.0248652 0.0194706 0.0146304 0.0104649 0.00706454 0.00446135
 0.00857296 0.0138386 0.0206654 0.02894 0.0383659 0.048335 0.0578771 0.0658647 0.0714016 0.0741031 0.0740848 0.071761 0.0676544 0.0622943 0.0561664 0.0496727 0.0431104 0.0366771 0.0305008 0.0246769 0.0193009 0.0144819 0.0103347 0.00695145 0.00436765
 0.00853081 0.013775 0.0205787 0.0288317 0.0382401 0.0481974 0.0577356 0.0657312 0.0712943 0.074046 0.0741035 0.0718735 0.06786 0.0625676 0.0564598 0.0499318 0.0432926 0.0367659 0.0305065 0.0246259 0.0192214 0.0143947 0.0102514 0.00687774 0.00430675
 0.00853366 0.0137736 0.0205657 0.0287972 0.0381747 0.0480976 0.0576065 0.065587 0.0711542 0.0739292 0.0740263 0.0718495 0.0678996 0.0626741 0.0566246 0.0501307 0.0434907 0.0369287 0.030612 0.0246705 0.0192168 0.0143596 0.0102034 0.00682927 0.00426499
 0.00853067 0.0137689 0.0205585 0.0287858 0.0381558 0.0480653 0.0575538 0.0655081 0.0710487 0.0738055 0.0739015 0.0717454 0.0678369 0.0626674 0.0566786 0.0502391 0.0436356 0.0370841 0.0307508 0.024773 0.0192758 0.0143801 0.0101975 0.00681022 0.00424296
 0.00848283 0.0136915 0.0204431 0.0286259 0.0379495 0.0478186 0.0572825 0.065237 0.0708056 0.0736143 0.0737775 0.0716955 0.0678622 0.0627657 0.0568444 0.0504617 0.0438979 0.0373627 0.0310192 0.025007 0.0194594 0.0145083 0.0102761 0.0068514 0.00426027
 0.00855001 0.0137779 0.0205309 0.0286846 0.0379436 0.0477216 0.0570884 0.0649631 0.0704878 0.0732955 0.0734977 0.0714846 0.0677373 0.0627313 0.0568953 0.0505861 0.0440793 0.0375807 0.0312503 0.0252273 0.0196486 0.0146545 0.010377 0.00691308 0.00429319
 0.00865346 0.013927 0.0207189 0.02889 0.0381327 0.0478541 0.0571256 0.0648768 0.0702696 0.0729644 0.0730994 0.0710807 0.067388 0.0624799 0.0567611 0.0505663 0.0441558 0.037727 0.031437 0.0254257 0.0198341 0.0148094 0.0104929 0.00699063 0.00433937
 0.00861554 0.0138866 0.0206962 0.0289142 0.0382303 0.0480327 0.0573611 0.0651156 0.0704449 0.0730209 0.0730128 0.0708648 0.0670881 0.0621575 0.0564756 0.0503604 0.0440483 0.0377142 0.0314987 0.0255339 0.0199599 0.0149293 0.0105916 0.00706206 0.00438507
 0.00859355 0.0138488 0.0206372 0.0288315 0.0381298 0.0479335 0.0572955 0.0651185 0.0705358 0.0731873 0.0732083 0.0710267 0.0671649 0.0621305 0.056364 0.0502086 0.043906 0.0376182 0.0314645 0.0255563 0.0200208 0.0150062 0.0106655 0.00712148 0.00442633
 0.00853524 0.0137572 0.0205052 0.0286549 0.0379083 0.047673 0.0570116 0.0648397 0.0703018 0.0730407 0.0731807 0.0711235 0.0673595 0.0623728 0.0566007 0.0504047 0.044054 0.037733 0.0315683 0.0256646 0.0201362 0.0151207 0.0107677 0.00720249 0.00448331
 0.0084709 0.0136638 0.0203854 0.0285176 0.0377656 0.0475348 0.0568825 0.0647192 0.0701889 0.0729395 0.0731034 0.0710884 0.067383 0.0624599 0.0567387 0.0505674 0.0442133 0.037871 0.0316821 0.0257613 0.0202243 0.0152034 0.0108423 0.00726417 0.00452892
 0.00843403 0.013592 0.0202563 0.0283062 0.0374538 0.0471248 0.056406 0.0642345 0.0697636 0.0726286 0.0729352 0.0710646 0.0674886 0.0626728 0.0570343 0.0509178 0.0445869 0.0382363 0.0320142 0.0260463 0.0204587 0.01539 0.0109855 0.00736881 0.0046003
 0.00843191 0.013585 0.0202385 0.0282671 0.037378 0.0469934 0.0562012 0.0639481 0.0694066 0.0722366 0.0725635 0.0707725 0.0673207 0.0626475 0.0571436 0.0511349 0.0448762 0.0385606 0.0323393 0.0263456 0.0207151 0.0155963 0.0111421 0.00748065 0.00467491
 0.0083456 0.0134558 0.0200644 0.0280535 0.0371351 0.0467328 0.0559327 0.0636783 0.0691401 0.0719786 0.072324 0.0705712 0.0671861 0.0626098 0.0572236 0.0513345 0.0451763 0.0389265 0.0327303 0.0267234 0.0210506 0.015872 0.0113526 0.00762976 0.00477271
 0.00825598 0.0133223 0.0198867 0.0278395 0.0369001 0.0464954 0.0557114 0.0634887 0.0689913 0.0718707 0.0722487 0.0705167 0.0671457 0.0625884 0.0572379 0.0514054 0.0453182 0.0391386 0.0329947 0.0270109 0.0213293 0.0161164 0.0115476 0.007772 0.0048675
 0.00815293 0.0131619 0.019659 0.0275422 0.03654 0.0460916 0.0552961 0.0631045 0.0686819 0.0716688 0.0721665 0.0705446 0.0672591 0.0627586 0.0574422 0.0516332 0.0455693 0.0394157 0.0332953 0.0273223 0.0216306 0.0163849 0.0117666 0.00793474 0.00497744
 0.00810598 0.0130888 0.0195551 0.0274048 0.036369 0.0458893 0.0550691 0.0628646 0.0684472 0.0714614 0.0720088 0.0704535 0.0672412 0.0628087 0.0575467 0.0517761 0.0457384 0.0396049 0.0335016 0.0275404 0.0218497 0.0165896 0.0119418 0.00807072 0.00507272
 0.00801135 0.0129397 0.01934 0.0271172 0.03601 0.0454706 0.0546153 0.0624123 0.0680389 0.0711364 0.0717957 0.0703672 0.0672836 0.0629701 0.0578073 0.052109 0.0461141 0.0399965 0.0338877 0.0279054 0.022181 0.016876 0.0121746 0.00824622 0.00519392
 0.00797818 0.0128791 0.0192363 0.0269523 0.0357678 0.0451442 0.0542142 0.0619645 0.0675859 0.0707246 0.0714669 0.0701526 0.0672005 0.0630214 0.0579825 0.052387 0.0464664 0.0403915 0.0342947 0.0282977 0.0225376 0.017182 0.0124208 0.00843056 0.00532092
 0.0079474 0.0128225 0.019139 0.0267957 0.0355333 0.0448195 0.0538002 0.0614794 0.0670649 0.0702152 0.0710215 0.0698198 0.0670165 0.0630041 0.0581297 0.0526783 0.0468686 0.0408638 0.034795 0.0287871 0.0229841 0.0175628 0.0127239 0.00865442 0.00547323
 0.00788182 0.0127192 0.0189893 0.0265928 0.0352723 0.0444981 0.0534201 0.0610495 0.0666037 0.0697508 0.0705909 0.0694647 0.0667775 0.062913 0.0582029 0.052913 0.0472426 0.04134 0.035327 0.0293269 0.0234886 0.0179994 0.0130737 0.00891308 0.00564886
 0.00795742 0.0128292 0.0191306 0.0267534 0.035433 0.0446364 0.0535136 0.0610769 0.0665464 0.069596 0.0703369 0.0691259 0.0663864 0.0625173 0.0578563 0.0526632 0.0471204 0.0413522 0.0354572 0.029541 0.0237444 0.0182563 0.0133007 0.00909247 0.00577647
 0.00813415 0.0130984 0.0195011 0.027219 0.0359719 0.0452118 0.0540746 0.0615629 0.0668964 0.069762 0.0702939 0.0688761 0.0659568 0.061955 0.0572231 0.0520281 0.0465486 0.0408939 0.0351381 0.0293601 0.0236783 0.018269 0.0133548 0.00915778 0.0058341
 0.0081487 0.0131358 0.0195823 0.0273705 0.0362174 0.0455595 0.0545068 0.062035 0.0673467 0.0701282 0.0705268 0.068947 0.0658587 0.0617011 0.0568447 0.0515714 0.0460691 0.0404478 0.0347713 0.0290985 0.0235242 0.0182045 0.0133508 0.00918444 0.00586873
 0.00799893 0.0129244 0.0193245 0.0271033 0.035993 0.0454316 0.0545171 0.062203 0.0676639 0.0705566 0.0710042 0.0693992 0.0662178 0.0619204 0.0569069 0.0514885 0.0458769 0.0401963 0.0345134 0.0288784 0.0233679 0.0181169 0.0133196 0.0091888 0.00588852
 0.00782278 0.0126537 0.0189481 0.0266261 0.03544 0.0448511 0.0539809 0.0617971 0.0674681 0.0706182 0.0713198 0.0699141 0.0668422 0.0625542 0.0574638 0.0519127 0.0461496 0.0403321 0.0345503 0.0288625 0.0233396 0.0181016 0.0133251 0.00921029 0.00591598
 0.00777447 0.0125612 0.0187837 0.0263574 0.03504 0.0443144 0.0533376 0.0611161 0.0668457 0.070155 0.0710954 0.0699672 0.0671607 0.0630783 0.0581013 0.0525635 0.0467302 0.0407928 0.0348791 0.0290775 0.0234741 0.0181888 0.0133883 0.00926077 0.00595658
 0.00788156 0.0127131 0.0189699 0.0265503 0.035198 0.0443896 0.0532859 0.0609088 0.066482 0.0696713 0.070565 0.0694852 0.0668171 0.0629309 0.0581587 0.0527855 0.0470451 0.0411232 0.035165 0.0292894 0.0236119 0.0182701 0.0134351 0.00929009 0.00597737
 0.00788607 0.0127172 0.0189692 0.0265372 0.0351608 0.0443127 0.0531512 0.0606996 0.066188 0.0692968 0.0701354 0.0690493 0.0664413 0.0626843 0.0580932 0.0529175 0.0473485 0.0415368 0.0356136 0.0297066 0.023956 0.0185278 0.0136139 0.00940701 0.00605034
 0.00787164 0.0127052 0.018972 0.0265718 0.0352425 0.0444457 0.0533205 0.0608705 0.066314 0.0693326 0.0700505 0.0688381 0.0661277 0.0623196 0.0577461 0.0526555 0.0472175 0.0415469 0.0357383 0.0298963 0.0241586 0.0187051 0.0137483 0.0094981 0.00610676
 0.00776679 0.0125495 0.0187659 0.0263276 0.0349839 0.0442044 0.0531315 0.0607644 0.0663068 0.0694166 0.0701926 0.068989 0.0662403 0.0623669 0.0577315 0.0526108 0.0471886 0.0415745 0.0358405 0.0300631 0.0243589 0.0189023 0.0139147 0.0096212 0.00618789
 0.00763709 0.0123463 0.0184754 0.0259445 0.0345152 0.0436741 0.0525837 0.0602608 0.0659151 0.0691921 0.0701613 0.0691396 0.0665282 0.0627293 0.0581074 0.0529593 0.0474976 0.0418554 0.0361133 0.03034 0.0246356 0.019161 0.0141349 0.00978969 0.00630345
 0.00761898 0.0123031 0.0183849 0.0257783 0.0342462 0.0432885 0.0520929 0.0597049 0.0653564 0.0687021 0.0698049 0.0689621 0.0665455 0.0629244 0.0584354 0.0533616 0.0479198 0.0422611 0.0364875 0.0306815 0.0249455 0.0194351 0.0143643 0.00996694 0.00642782
 0.00768516 0.0123938 0.0184892 0.0258725 0.0342969 0.0432594 0.0519527 0.0594362 0.064964 0.0682176 0.0692864 0.0684835 0.0661786 0.0627205 0.0584124 0.0535024 0.0481813 0.0425905 0.0368376 0.0310196 0.0252528 0.0197015 0.0145833 0.0101354 0.00654689
 0.00770958 0.0124409 0.0185726 0.0260063 0.0344878 0.0434965 0.0522009 0.0596388 0.0650581 0.0681559 0.069055 0.068109 0.065722 0.0622608 0.0580258 0.0532427 0.0480687 0.042612 0.0369579 0.0311961 0.0254479 0.019888 0.0147446 0.010263 0.00663915
 0.00776791 0.0125359 0.018716 0.0262098 0.0347611 0.0438435 0.0526133 0.0600899 0.0654999 0.0685233 0.0692781 0.0681326 0.0655257 0.0618697 0.0575061 0.0526827 0.0475531 0.0421999 0.0366733 0.0310314 0.0253764 0.0198773 0.0147661 0.010296 0.00667094
 0.00787237 0.0126946 0.0189346 0.0264864 0.0350887 0.0442119 0.0530105 0.0605013 0.0659058 0.0688967 0.0695831 0.0683262 0.0655648 0.061725 0.0571769 0.052205 0.0469932 0.0416366 0.0361746 0.0306385 0.0250995 0.019703 0.0146689 0.0102491 0.00665267
 0.00782981 0.0126382 0.018873 0.0264357 0.0350672 0.0442339 0.0530812 0.0606171 0.0660595 0.0690819 0.0697942 0.0685528 0.0657851 0.0619043 0.0572759 0.0521947 0.0468702 0.041427 0.0359261 0.0304015 0.0249106 0.0195761 0.0145987 0.0102194 0.00664594
 0.00792451 0.0127841 0.019078 0.0267022 0.0353928 0.0446115 0.0534979 0.0610512 0.0664801 0.0694518 0.0700779 0.0687244 0.0658337 0.0618323 0.0570923 0.05191 0.0464966 0.0409848 0.0354483 0.0299317 0.0244919 0.0192389 0.0143536 0.0100587 0.00655085
 0.00782163 0.0126391 0.0189009 0.0265168 0.0352305 0.0445015 0.0534594 0.0610919 0.0665988 0.0696418 0.0703267 0.069012 0.0661319 0.0621086 0.0573159 0.0520571 0.0465538 0.0409512 0.0353363 0.0297665 0.0243065 0.0190654 0.0142138 0.00996086 0.00649106
 0.00769228 0.0124401 0.0186239 0.0261647 0.0348209 0.0440685 0.0530529 0.0607709 0.0664166 0.0696296 0.0704846 0.0693117 0.0665287 0.0625527 0.0577599 0.0524601 0.0468842 0.0411895 0.0354777 0.0298215 0.0242975 0.0190207 0.0141592 0.00991356 0.00645827
 0.00744829 0.0120437 0.0180294 0.0253351 0.0337409 0.0427641 0.0516076 0.059326 0.0651463 0.0686998 0.0700126 0.0693432 0.0670346 0.0634438 0.0589114 0.0537375 0.0481655 0.0423784 0.0365102 0.0306653 0.0249488 0.0194963 0.0144885 0.0101299 0.00659276
 0.00733264 0.0118564 0.0177478 0.0249356 0.0332006 0.0420651 0.0507462 0.0583249 0.0640646 0.0676353 0.0690917 0.0686962 0.0667641 0.0635961 0.0594644 0.0546083 0.0492329 0.0435123 0.0375963 0.0316211 0.0257291 0.0200902 0.0149109 0.0104106 0.00676688
 0.00726838 0.0117557 0.0176027 0.0247396 0.0329475 0.0417471 0.0503543 0.0578498 0.0635015 0.0669915 0.0683971 0.0680118 0.0661798 0.0632139 0.0593689 0.0548375 0.0497632 0.0442641 0.0384579 0.0324794 0.0264948 0.0207111 0.0153721 0.0107255 0.00696478
 0.00707657 0.0114821 0.0172616 0.0243677 0.0325919 0.0414473 0.0501264 0.0576827 0.0633635 0.0668427 0.0682025 0.0677541 0.0658708 0.0629003 0.0591261 0.0547485 0.0498889 0.0446184 0.0389995 0.0331258 0.0271503 0.0212951 0.0158369 0.011059 0.00718136
 0.00668592 0.0109039 0.0164988 0.0234646 0.0316276 0.0405196 0.0493351 0.0571129 0.0630674 0.0668226 0.0684066 0.0680928 0.0662493 0.0632512 0.0594297 0.0550328 0.0502104 0.0450316 0.039528 0.0337483 0.0278077 0.0219145 0.0163584 0.0114523 0.00744772
#obs surv len freq
 0.0049718 0.0081432 0.0123852 0.0177107 0.0239931 0.0308662 0.0377043 0.0437846 0.0485576 0.0518233 0.0537016 0.0544779 0.0544715 0.0539783 0.0532578 0.0525227 0.0519178 0.0514778 0.051064 0.0503074 0.0486258 0.0453883 0.0402179 0.0332837 0.0253678
 0.00517644 0.00847987 0.0128994 0.0184478 0.0249895 0.0321362 0.0392257 0.0454925 0.0503532 0.0535917 0.055329 0.0558623 0.055526 0.0546313 0.0534535 0.0522242 0.0511131 0.0501873 0.0493477 0.0482679 0.0464059 0.043159 0.0381545 0.0315324 0.0240137
 0.00540376 0.008851 0.0134611 0.0192452 0.0260584 0.0334901 0.0408422 0.0473075 0.0522683 0.0554913 0.057097 0.0573928 0.0567275 0.0554276 0.0537827 0.0520391 0.050384 0.0489112 0.0475617 0.0460627 0.043932 0.0406162 0.0357605 0.0294758 0.0224104
 0.00565322 0.00925899 0.0140796 0.0201241 0.0272355 0.0349764 0.0426063 0.049271 0.0543176 0.0575 0.0589461 0.0589805 0.0579703 0.0562572 0.0541424 0.0518814 0.0496726 0.0476288 0.0457262 0.0437484 0.0412841 0.0378465 0.0331143 0.0271762 0.0206022
 0.00589419 0.00965419 0.0146809 0.0209823 0.0283911 0.0364443 0.0443598 0.051236 0.0563821 0.0595353 0.0608277 0.0606008 0.0592431 0.057116 0.0545357 0.0517672 0.0490156 0.0464062 0.0439433 0.041463 0.0386279 0.0350273 0.0303858 0.0247792 0.0187009
 0.00613869 0.0100556 0.0152924 0.0218557 0.0295673 0.037937 0.0461397 0.0532246 0.058463 0.0615767 0.0627035 0.0622037 0.060488 0.0579395 0.0548921 0.0516225 0.0483429 0.0451873 0.0421819 0.0392075 0.0359968 0.0322174 0.0276464 0.022355 0.0167649
 0.0063773 0.0104474 0.0158892 0.0227085 0.0307163 0.0393961 0.0478803 0.0551697 0.0604979 0.0635704 0.0645302 0.0637558 0.0616817 0.0587142 0.0552065 0.0514493 0.047663 0.0439898 0.0404735 0.0370336 0.0334653 0.0295098 0.0249977 0.0200006 0.0148759
 0.00661964 0.0108448 0.0164936 0.02357 0.0318733 0.0408596 0.0496174 0.0570986 0.0624993 0.0655109 0.0662843 0.0652195 0.0627767 0.0593872 0.0554252 0.0511961 0.0469295 0.0427752 0.0387916 0.0349306 0.0310419 0.0269321 0.0224814 0.0177636 0.0130782
 0.00684972 0.0112202 0.0170613 0.0243747 0.0329487 0.0422151 0.0512241 0.0588833 0.0643542 0.0673128 0.0679151 0.0665788 0.0637875 0.059997 0.0556034 0.0509288 0.0462142 0.0416181 0.0372128 0.032978 0.0288096 0.0245702 0.0201825 0.0157221 0.0114375
 0.00706445 0.011574 0.017602 0.025149 0.0339919 0.0435351 0.0527861 0.0606062 0.0661232 0.0690033 0.0694141 0.0677965 0.0646599 0.0604835 0.055683 0.0505955 0.0454725 0.0404813 0.0357067 0.0311524 0.0267528 0.0224169 0.0181021 0.0138835 0.00996395
 0.00725911 0.0118926 0.0180856 0.0258371 0.0349152 0.0447029 0.0541734 0.0621479 0.0677215 0.0705453 0.0707903 0.0689149 0.0654532 0.0609109 0.0557273 0.0502571 0.0447631 0.0394208 0.0343259 0.0295017 0.0249144 0.0205102 0.0162732 0.0122759 0.00868036
 0.00744858 0.0122048 0.0185627 0.02652 0.0358338 0.045862 0.0555389 0.0636435 0.0692415 0.071976 0.0720302 0.0698852 0.0661004 0.0612054 0.0556604 0.0498368 0.0440095 0.0383621 0.0329997 0.0279608 0.0232357 0.0187988 0.0146534 0.0108664 0.00756339
 0.00752875 0.01234 0.0187761 0.026838 0.0362831 0.0464635 0.0562991 0.0645482 0.070253 0.073036 0.0730657 0.0708176 0.0668556 0.0617225 0.0558974 0.0497722 0.0436402 0.037702 0.0320784 0.0268266 0.0219591 0.0174731 0.0133856 0.00975688 0.00668142
 0.00758167 0.0124212 0.0188901 0.0269877 0.0364724 0.0466998 0.0565949 0.0649185 0.0707105 0.0735837 0.0736903 0.0714857 0.0675149 0.0623083 0.056343 0.0500197 0.0436492 0.0374542 0.0315805 0.0261109 0.0210839 0.0165197 0.0124475 0.00892152 0.00601029
 0.00765102 0.0125244 0.0190274 0.0271531 0.036655 0.0468877 0.0567787 0.0650948 0.0708845 0.07377 0.0739095 0.0717555 0.0678394 0.0626694 0.0566998 0.0503151 0.043823 0.037457 0.0313853 0.0257203 0.0205329 0.0158705 0.0117783 0.00830845 0.0055089
 0.0077171 0.0126254 0.019167 0.0273293 0.0368596 0.0471064 0.0569917 0.0652805 0.0710255 0.0738604 0.0739598 0.0717901 0.0678878 0.0627546 0.0568266 0.0504648 0.0439558 0.0375225 0.0313378 0.0255347 0.0202137 0.0154535 0.0113207 0.00787211 0.00514261
 0.00779352 0.0127464 0.0193427 0.0275656 0.0371553 0.0474497 0.0573578 0.0656325 0.0713217 0.074066 0.0740562 0.0717804 0.0677952 0.062615 0.0566772 0.0503317 0.0438448 0.0374176 0.0312088 0.0253514 0.0199612 0.015141 0.0109796 0.00754422 0.0048645
 0.00781122 0.0127739 0.0193819 0.0276181 0.0372231 0.0475356 0.0574647 0.0657614 0.0714688 0.0742207 0.0742017 0.0718981 0.0678705 0.0626435 0.0566662 0.0502963 0.0437996 0.0373681 0.0311475 0.0252622 0.0198298 0.0149656 0.0107748 0.00733635 0.00468056
 0.00781358 0.012772 0.0193687 0.0275843 0.0371606 0.0474426 0.0573501 0.0656448 0.0713761 0.0741759 0.0742194 0.0719786 0.0680004 0.0628 0.056825 0.0504391 0.0439166 0.0374561 0.0312042 0.025283 0.0198095 0.0149033 0.0106791 0.00722446 0.00457258
 0.00787457 0.0128614 0.0194846 0.0277175 0.0372955 0.0475601 0.0574309 0.0656741 0.0713478 0.074097 0.0741097 0.0718653 0.0679086 0.0627446 0.0568072 0.0504487 0.0439387 0.0374766 0.0312129 0.0252731 0.0197771 0.0148482 0.0106062 0.00714367 0.00449587
 0.00788109 0.0128757 0.0195125 0.0277655 0.0373677 0.0476537 0.0575338 0.0657657 0.0714059 0.0741056 0.0740661 0.0717809 0.0678054 0.0626474 0.0567357 0.0504121 0.0439345 0.0374936 0.0312364 0.0252899 0.0197783 0.0148304 0.0105719 0.00709956 0.00445062
 0.00792029 0.0129317 0.0195828 0.0278436 0.037446 0.0477274 0.0576026 0.0658319 0.0714694 0.07416 0.0740987 0.0717785 0.0677617 0.0625674 0.056635 0.0503108 0.0438492 0.037432 0.0311969 0.0252643 0.0197569 0.0148062 0.0105422 0.00706638 0.00441824
 0.00788202 0.0128771 0.0195147 0.0277687 0.0373726 0.0476616 0.0575465 0.0657852 0.0714331 0.0741391 0.0741 0.0718066 0.0678135 0.0626329 0.0567022 0.0503715 0.0439019 0.0374797 0.0312425 0.0253073 0.0197936 0.0148322 0.0105554 0.00706796 0.00441215
 0.00787581 0.0128578 0.0194693 0.0276815 0.0372312 0.047466 0.0573145 0.0655503 0.0712334 0.0740037 0.0740424 0.0718239 0.0678937 0.0627597 0.0568578 0.0505388 0.0440662 0.0376308 0.031375 0.0254193 0.0198841 0.0149007 0.0106024 0.00709603 0.00442581
 0.00789652 0.012887 0.0195042 0.0277149 0.0372513 0.0474574 0.0572617 0.065443 0.0710736 0.0738099 0.0738463 0.0716614 0.0677919 0.0627298 0.0568948 0.0506263 0.0441839 0.0377596 0.0315001 0.0255308 0.0199767 0.0149723 0.0106534 0.00712888 0.00444439
 0.00789723 0.012891 0.0195153 0.0277375 0.0372883 0.0475068 0.0573144 0.0654828 0.0710813 0.0737704 0.0737557 0.0715306 0.0676452 0.0625969 0.0568012 0.0505854 0.0441947 0.0378103 0.0315737 0.0256112 0.0200517 0.0150346 0.0107001 0.00716045 0.00446345
 0.0078417 0.0128037 0.0193901 0.0275723 0.0370871 0.0472821 0.0570876 0.0652815 0.0709313 0.0736865 0.0737372 0.071564 0.0677124 0.0626845 0.0569046 0.0507067 0.0443369 0.0379713 0.031745 0.0257796 0.0202039 0.0151608 0.010796 0.00722716 0.00450568
 0.00782274 0.0127649 0.0193171 0.0274479 0.0368965 0.0470208 0.056769 0.0649377 0.0706065 0.0734253 0.0735725 0.0715101 0.0677637 0.0628203 0.0570976 0.0509319 0.044576 0.0382129 0.0319805 0.0260002 0.0204 0.0153241 0.010922 0.00731642 0.00456342
 0.00780084 0.0127305 0.0192672 0.0273789 0.0368032 0.0468958 0.0566042 0.0647285 0.0703582 0.0731575 0.0733185 0.0713087 0.0676479 0.0628068 0.0571832 0.0510971 0.0447935 0.0384557 0.0322265 0.026233 0.0206074 0.0154978 0.0110575 0.00741393 0.00462763
 0.00777489 0.0126848 0.0191921 0.0272642 0.0366414 0.0466869 0.056358 0.0644644 0.0700987 0.0729219 0.0731207 0.0711595 0.0675591 0.0627914 0.0572505 0.0512469 0.0450131 0.0387218 0.0325117 0.0265113 0.0208585 0.0157084 0.0112217 0.00753226 0.00470588
 0.00774953 0.0126439 0.0191308 0.0271778 0.0365253 0.0465376 0.0561753 0.0642532 0.0698708 0.0726952 0.0729159 0.0709962 0.0674517 0.0627488 0.0572772 0.0513434 0.0451748 0.0389369 0.0327608 0.0267706 0.0211043 0.0159219 0.011392 0.0076569 0.00478926
 0.00770274 0.0125694 0.0190221 0.0270302 0.0363376 0.0463137 0.055926 0.0639952 0.0696239 0.072478 0.072743 0.0708776 0.0673942 0.0627561 0.0573499 0.0514788 0.0453662 0.0391737 0.0330274 0.0270471 0.0213691 0.0161555 0.0115812 0.00779717 0.00488402
 0.00768018 0.0125287 0.0189536 0.0269228 0.0361818 0.0461068 0.0556752 0.0637192 0.0693485 0.0722301 0.0725444 0.0707423 0.0673284 0.0627599 0.0574199 0.0516091 0.0455491 0.0393988 0.0332812 0.0273123 0.0216264 0.0163863 0.0117716 0.00794074 0.00498251
 0.00765587 0.0124919 0.0189026 0.026857 0.0361002 0.0460064 0.0555518 0.0635693 0.0691732 0.0720379 0.0723523 0.0705718 0.0672 0.0626888 0.0574129 0.0516659 0.0456639 0.0395618 0.0334795 0.0275301 0.0218455 0.016589 0.0119434 0.00807344 0.00507548
 0.00766168 0.0125004 0.018914 0.0268704 0.0361144 0.0460195 0.0555604 0.0635679 0.0691539 0.0719921 0.0722731 0.070459 0.0670632 0.0625458 0.0572861 0.0515753 0.0456229 0.0395748 0.0335422 0.0276315 0.0219701 0.0167191 0.0120631 0.00817166 0.00514755
 0.00762096 0.012442 0.0188402 0.0267886 0.0360345 0.0459505 0.0555083 0.0635343 0.069137 0.0719873 0.0722739 0.0704578 0.0670531 0.0625239 0.0572559 0.051547 0.04561 0.0395893 0.0335904 0.0277113 0.0220722 0.0168298 0.0121681 0.00825997 0.00521371
 0.00760885 0.0124177 0.0187958 0.0267154 0.0359267 0.0458111 0.0553515 0.0633841 0.0690189 0.0719189 0.0722588 0.0704869 0.0671093 0.06259 0.057319 0.0516018 0.0456585 0.0396392 0.0336499 0.0277855 0.0221599 0.0169238 0.0122584 0.00833736 0.00527279
 0.00758395 0.0123805 0.0187456 0.0266526 0.0358519 0.0457231 0.0552482 0.0632651 0.0688898 0.0717935 0.0721567 0.0704265 0.0671007 0.0626304 0.0573954 0.0516972 0.0457588 0.0397367 0.0337438 0.0278779 0.0222521 0.017014 0.0123415 0.00840761 0.00532649
 0.00756182 0.0123435 0.0186883 0.0265702 0.0357419 0.045588 0.0550969 0.0631114 0.0687483 0.0716755 0.072069 0.0703733 0.0670858 0.0626573 0.057464 0.0518012 0.0458865 0.0398745 0.0338803 0.0280063 0.0223693 0.017118 0.0124302 0.00847895 0.00537943
 0.00753676 0.012306 0.0186377 0.0265075 0.0356688 0.0455058 0.0550061 0.0630129 0.0686454 0.0715746 0.0719793 0.0703039 0.0670443 0.0626483 0.0574894 0.0518601 0.0459745 0.0399837 0.0340004 0.0281272 0.0224826 0.0172182 0.0125141 0.00854477 0.00542741
 0.00752938 0.0122912 0.0186106 0.0264622 0.035601 0.0454153 0.0548986 0.0628992 0.0685377 0.0714823 0.0719069 0.0702526 0.0670142 0.0626406 0.0575061 0.0519028 0.0460428 0.0400739 0.0341059 0.0282391 0.0225917 0.0173167 0.0125966 0.00860897 0.00547348
 0.00751105 0.0122627 0.0185699 0.0264079 0.0355321 0.0453309 0.0547991 0.0627873 0.0684199 0.0713691 0.0718103 0.0701834 0.0669788 0.0626401 0.0575379 0.0519625 0.0461259 0.0401756 0.0342204 0.0283591 0.0227087 0.0174226 0.0126853 0.00867744 0.00552203
 0.00750201 0.0122494 0.0185524 0.0263872 0.0355093 0.0453067 0.0547731 0.0627577 0.068384 0.0713243 0.0717564 0.0701235 0.0669197 0.0625907 0.0575064 0.0519543 0.0461426 0.0402158 0.0342799 0.0284319 0.0227873 0.0174991 0.0127529 0.00873175 0.00556157
 0.00750566 0.0122548 0.0185596 0.0263959 0.0355191 0.0453172 0.0547836 0.0627673 0.0683906 0.0713244 0.071746 0.070099 0.0668803 0.0625395 0.0574504 0.051903 0.0461048 0.0401976 0.0342833 0.0284546 0.022824 0.0175428 0.0127964 0.00876952 0.0055906
 0.00750775 0.0122591 0.0185675 0.0264092 0.035539 0.0453439 0.0548151 0.0627999 0.0684197 0.0713458 0.0717563 0.070096 0.0668627 0.0625072 0.0574057 0.0518508 0.0460526 0.0401535 0.0342538 0.0284428 0.0228288 0.0175598 0.0128195 0.00879298 0.00561041
 0.00750535 0.0122558 0.0185638 0.026406 0.0355379 0.0453466 0.0548235 0.0628149 0.0684409 0.0713711 0.0717818 0.0701172 0.0668751 0.0625079 0.0573936 0.051827 0.0460208 0.0401194 0.0342239 0.0284225 0.0228206 0.0175629 0.0128304 0.0088071 0.00562387
 0.00750535 0.0122558 0.0185638 0.026406 0.0355379 0.0453466 0.0548235 0.0628149 0.0684409 0.0713711 0.0717818 0.0701172 0.0668751 0.0625079 0.0573936 0.051827 0.0460208 0.0401194 0.0342239 0.0284225 0.0228206 0.0175629 0.0128304 0.0088071 0.00562387
 0.00741215 0.012109 0.0183524 0.0261248 0.0351901 0.044948 0.0544046 0.0624196 0.068118 0.0711617 0.0717091 0.0701821 0.0670588 0.0627789 0.0577153 0.0521656 0.0463495 0.0404206 0.0344886 0.028648 0.0230078 0.0177136 0.012947 0.00889252 0.00568225
 0.00746302 0.0121801 0.0184376 0.02621 0.0352564 0.0449763 0.0543811 0.0623389 0.067985 0.0709916 0.0715257 0.0700127 0.0669284 0.062703 0.0576975 0.0521978 0.0464163 0.040505 0.0345764 0.0287301 0.0230796 0.0177737 0.0129954 0.0089296 0.00570887
 0.00741867 0.0121178 0.0183614 0.0261288 0.0351794 0.0449074 0.0543156 0.0622653 0.0678915 0.0708746 0.0713933 0.0698842 0.0668273 0.0626505 0.0577061 0.0522685 0.0465391 0.0406619 0.034747 0.0288958 0.0232271 0.0178958 0.0130899 0.00899806 0.00575504
 0.00733811 0.0119837 0.0181549 0.0258339 0.0347904 0.0444383 0.0538058 0.0617745 0.0674832 0.0705946 0.0712585 0.0698845 0.0669395 0.0628506 0.0579752 0.0525919 0.0469018 0.0410455 0.0351292 0.0292539 0.0235418 0.0181544 0.0132882 0.00913932 0.00584809
 0.00732419 0.0119537 0.018096 0.0257284 0.0346189 0.0441861 0.0534698 0.0613697 0.0670441 0.0701712 0.0709054 0.0696474 0.0668427 0.0628936 0.0581385 0.0528471 0.0472199 0.0414002 0.0354962 0.0296093 0.0238641 0.0184269 0.0135018 0.00929396 0.00595093
 0.00729821 0.0119142 0.018041 0.0256564 0.0345271 0.0440684 0.0533166 0.0611705 0.0667936 0.0698759 0.0705881 0.0693457 0.0666012 0.0627513 0.0581179 0.0529488 0.047426 0.0416813 0.0358188 0.0299416 0.0241779 0.0187005 0.0137218 0.00945644 0.00606065
 0.00736478 0.0120212 0.0181992 0.0258733 0.0348038 0.0443939 0.0536642 0.0614973 0.0670466 0.0700049 0.0705591 0.069152 0.0662672 0.0623285 0.0576723 0.0525438 0.0471075 0.0414699 0.0357117 0.029919 0.0242126 0.018765 0.0137934 0.00951997 0.0061089
 0.00736593 0.0120332 0.0182358 0.0259537 0.0349472 0.0446123 0.0539541 0.0618369 0.0673982 0.0703214 0.0707925 0.0692618 0.0662293 0.0621434 0.0573674 0.0521693 0.046723 0.0411293 0.0354498 0.0297473 0.024122 0.0187345 0.0137989 0.00954104 0.00613191
 0.00739166 0.0120728 0.0182921 0.0260294 0.0350468 0.0447428 0.0541251 0.0620554 0.0676629 0.0706162 0.071085 0.0695081 0.0663845 0.0621733 0.0572589 0.0519355 0.0464014 0.040772 0.0351096 0.029464 0.0239147 0.0186018 0.0137261 0.00950837 0.00612152
 0.00735077 0.012013 0.0182145 0.0259396 0.0349538 0.0446574 0.0540589 0.0620214 0.0676756 0.0706892 0.0712255 0.0697099 0.0666235 0.06241 0.0574488 0.0520428 0.0464114 0.0406957 0.0349783 0.0293169 0.023785 0.0185081 0.013671 0.00948363 0.00611521
 0.00738105 0.0120562 0.0182686 0.0259992 0.0350124 0.0447104 0.054105 0.0620633 0.067717 0.0707337 0.0712761 0.069769 0.066692 0.0624839 0.0575157 0.0520831 0.0464046 0.0406306 0.0348598 0.0291657 0.0236295 0.0183733 0.0135707 0.00941928 0.00607968
 0.00731532 0.0119542 0.0181241 0.0258102 0.0347816 0.0444465 0.0538242 0.0617897 0.0674807 0.0705657 0.071201 0.0697999 0.0668274 0.062708 0.0578014 0.0523957 0.0467077 0.0408921 0.0350593 0.0292982 0.023705 0.0184101 0.0135872 0.00942808 0.00608669
 0.00726036 0.0118614 0.0179787 0.0255976 0.0344924 0.0440831 0.053407 0.0613561 0.0670784 0.0702407 0.0709888 0.0697212 0.0668879 0.0628993 0.0581019 0.0527731 0.0471219 0.0413014 0.0354275 0.0296014 0.0239343 0.0185708 0.0136929 0.00949459 0.00612731
 0.00706408 0.011541 0.0174951 0.0249171 0.0335975 0.0429882 0.0521721 0.0600883 0.0659134 0.0693124 0.0703996 0.0695247 0.067086 0.0634494 0.0589304 0.0537897 0.0482326 0.0424182 0.0364752 0.0305234 0.0246965 0.0191622 0.0141231 0.00978718 0.0063127
 0.00711873 0.0116071 0.0175513 0.0249264 0.0335127 0.0427632 0.0517753 0.0595132 0.0651858 0.0684921 0.0695758 0.0688016 0.0665611 0.0631923 0.058968 0.0541036 0.048767 0.0430944 0.0372079 0.0312345 0.0253264 0.0196754 0.0145086 0.0100543 0.00648321
 0.00709544 0.011585 0.0175455 0.0249562 0.0335901 0.0428787 0.0518879 0.059556 0.0650876 0.0682063 0.0691017 0.0681904 0.0659042 0.0625984 0.0585366 0.0539014 0.0488145 0.043365 0.0376389 0.0317456 0.0258398 0.0201308 0.0148719 0.0103167 0.00665536
 0.00711406 0.011613 0.0175846 0.0250087 0.0336614 0.042978 0.0520249 0.0597313 0.0652806 0.0683688 0.0691671 0.0680976 0.0656274 0.0621653 0.0580249 0.0534146 0.0484487 0.0431798 0.0376445 0.0319074 0.0260958 0.0204144 0.0151302 0.0105202 0.00679677
 0.00714319 0.0116663 0.0176751 0.0251509 0.0338661 0.0432457 0.052341 0.060068 0.0656036 0.068645 0.0693656 0.0681872 0.0655765 0.0619524 0.0576553 0.0529323 0.0479311 0.0427155 0.0373034 0.0317201 0.0260497 0.0204673 0.0152306 0.0106256 0.00688262
#pred catch len freq
 0.00541541 0.0084945 0.0122418 0.0165004 0.0211603 0.0261506 0.031358 0.0365764 0.0415413 0.0460014 0.0497649 0.0527142 0.0548118 0.0560988 0.0566775 0.0566875 0.0562839 0.0556067 0.0547142 0.0534824 0.0515303 0.0482857 0.043253 0.03638 0.0282691
 0.00570814 0.00891224 0.012767 0.0170914 0.0217779 0.0267927 0.0320756 0.0374515 0.0426328 0.0472911 0.0511395 0.0539985 0.0558334 0.0567478 0.0569321 0.056597 0.0559221 0.0550204 0.0538939 0.0523737 0.0500863 0.0465319 0.0413213 0.034482 0.0266196
