SBPRF35
12.7214
Curr Bio
935252
B35
892290
F35
0.168908
FOFL
0.168908
OFL
126863
Bzero
3.63469e+006
#pred survey bio
 3.52076e+006 3.43116e+006 3.34786e+006 3.20111e+006 3.01367e+006 2.81355e+006 2.5616e+006 2.33131e+006 2.09743e+006 1.86498e+006 1.66252e+006 1.46679e+006 1.30313e+006 1.17093e+006 1.04038e+006 903607 816962 732206 690807 650882 619607 598897 584255 563651 563676 562375 558899 551008 550759 551982 563936 564960 568273 577653 592234 588494 599916 607127 626404 640859 645414 652337 657458 664311 675511 695457 711684 715059 723952 725686 725465 767862 776672 785569 787593 770493 766536 793854 842866 870110 916760 952192 981352 985233 975901 959109 961046 952514 941774 2.12831e+007 1.906e+007 1.90079e+007 1.95606e+007 2.05443e+007 2.17314e+007 2.29388e+007 2.40523e+007 2.50169e+007 2.58177e+007 2.64634e+007 2.69736e+007 2.73711e+007 2.7678e+007 2.79137e+007 2.80942e+007 2.82324e+007 2.83384e+007 2.84198e+007 2.84825e+007 2.85311e+007 2.85689e+007 2.85983e+007 2.86215e+007 2.86397e+007 2.86541e+007 2.86655e+007 2.86746e+007 2.86818e+007 2.86876e+007 2.86923e+007 2.8696e+007 2.8699e+007 2.87015e+007 2.87035e+007 2.87051e+007 2.87064e+007 2.87075e+007 2.87083e+007 2.8709e+007 2.87096e+007 2.87101e+007 2.87105e+007 2.87108e+007 2.8711e+007 2.87113e+007 2.87114e+007 2.87116e+007 2.87117e+007 2.87118e+007 2.87119e+007 2.87119e+007 2.8712e+007 2.8712e+007 2.8712e+007 2.87121e+007 2.87121e+007 2.87121e+007 2.87121e+007 2.87121e+007 2.87122e+007 2.87122e+007 2.87122e+007 2.87122e+007 2.87122e+007 2.87122e+007 2.87122e+007 2.87122e+007 2.87122e+007 2.87122e+007 2.87122e+007 2.87122e+007 2.87122e+007 2.87122e+007 2.87122e+007 2.87122e+007 2.87122e+007 2.87122e+007 2.87122e+007 2.87122e+007 2.87122e+007 2.87122e+007 2.87122e+007 2.87122e+007 2.87122e+007 2.87122e+007 2.87122e+007 2.87122e+007 2.87122e+007 2.87122e+007 2.87122e+007 2.87122e+007 2.87122e+007 2.87122e+007 2.87122e+007 2.87122e+007 2.87122e+007 2.87122e+007 2.87122e+007 2.87122e+007 0 0 0 0 0 0 0 0 0 0 0 0 0 0 0 0 0 0 0 0 0 0 0 0 0
#obs survey bio
 3.577e+006 3.46675e+006 2.94572e+006 3.44658e+006 2.63641e+006 3.26096e+006 2.97672e+006 2.91378e+006 1.37851e+006 1.51908e+006 1.13676e+006 1.41971e+006 1.32072e+006 1.23993e+006 774644 943525 766868 585468 626827 498388 641848 823402 561170 516176 461152 645884 418016 552436 409447 471108 613157 374057 518271 442269 589893 590760 591566 514653 809485 528348 754279 554409 761863 506730 650333 579960 772385 980700 726452 642440 763919 650172 773003 1.24404e+006 780773 675133 624420 846462 673776 790904 767424 1.13071e+006 1.05031e+006 1.35656e+006 725404 1.06492e+006 908508 1.19359e+006 945206
#pred catch bio
 89406.7 86467.6 150366 196857 220634 282252 277839 296312 308915 293886 297344 275295 251488 250899 252912 204581 197972 156419 152064 141118 128824 120871 123206 104185 104853 105631 107852 100338 98878.8 90296.9 100071 98227.6 93553.8 89963.1 105490 92413.3 96555.9 87379 93151.9 102626 101565 104615 104905 103127 97898.9 103012 114261 108980 114395 114734 78620.3 107697 106359 111517 127469 116885 93005.1 78658.8 100403 86161.7 98263.6 104802 126330 136501 141764 124812 132543 131023 130003 126863 124284 122726 124838 130339 137435 144710 151354 157005 161583 165165 167894 169933 171433 172522 173307 173867 174264 174545 174743 174881 174978 175046 175093 175126 175149 175165 175175 175183 175188 175192 175194 175196 175197 175198 175199 175199 175199 175200 175200 175200 175200 175200 175200 175200 175200 175200 175200 175200 175200 175200 175200 175200 175200 175200 175200 175200 175200 175200 175200 175200 175200 175200 175200 175200 175200 175200 175200 175200 175200 175200 175200 175200 175200 175200 175200 175200 175200 175200 175200 175200 175200 175200 175200 175200 175200 175200 175200 175200 175200 175200 175200 175200 175200 175200 175200 175200 175200 175200 175200 0 0 0 0 0 0 0 0 0 0 0 0 0 0 0 0 0 0 0 0 0 0 0 0 0
#obs catch bio
 0 86128 150810 197338 220955 283629 277677 296547 310446 295178 299968 278609 254043 254179 256959 205799 199386 156893 153089 142519 129821 121051 123618 104493 105536 105685 108083 100228 99341.8 90290.1 100129 98567.5 94019 90134.8 105587 92609.1 96948.9 87509 92979.5 102929 101508 104873 105454 104066 98583.2 103676 115252 108927 114775 115416 78098.5 108018 106173 110925 126965 116951 93362.3 78618.4 101221 86446.3 98957.9 105202 126988 136492 142576 125200 133035 131165 130022
#pred cpue bio
 3.46831e+006 3.38035e+006 3.29823e+006 3.15195e+006 2.96496e+006 2.7653e+006 2.51441e+006 2.2849e+006 2.05195e+006 1.82067e+006 1.61923e+006 1.42483e+006 1.26248e+006 1.1316e+006 1.00292e+006 868739 783882 701225 660881 622118 591882 572072 558173 538322 538365 537248 534126 526664 526485 527685 539357 540406 543599 552792 567148 563653 574839 581933 600716 614754 619091 625645 630321 636684 647419 666812 682706 686268 695234 697173 697245 739016 748141 757098 759085 741987 737418 763685 811707 838645 884335 919112 947872 951895 942730 926096 928027 920152 910532 2.06073e+007 1.84754e+007 1.83068e+007 1.87004e+007 1.9618e+007 2.07863e+007 2.19893e+007 2.31018e+007 2.40662e+007 2.4867e+007 2.55127e+007 2.60228e+007 2.64203e+007 2.67272e+007 2.69629e+007 2.71435e+007 2.72817e+007 2.73876e+007 2.7469e+007 2.75318e+007 2.75804e+007 2.76181e+007 2.76476e+007 2.76707e+007 2.76889e+007 2.77033e+007 2.77147e+007 2.77238e+007 2.7731e+007 2.77368e+007 2.77415e+007 2.77453e+007 2.77483e+007 2.77507e+007 2.77527e+007 2.77543e+007 2.77556e+007 2.77567e+007 2.77576e+007 2.77583e+007 2.77589e+007 2.77593e+007 2.77597e+007 2.776e+007 2.77603e+007 2.77605e+007 2.77607e+007 2.77608e+007 2.77609e+007 2.7761e+007 2.77611e+007 2.77612e+007 2.77612e+007 2.77613e+007 2.77613e+007 2.77613e+007 2.77613e+007 2.77614e+007 2.77614e+007 2.77614e+007 2.77614e+007 2.77614e+007 2.77614e+007 2.77614e+007 2.77614e+007 2.77614e+007 2.77614e+007 2.77614e+007 2.77614e+007 2.77614e+007 2.77614e+007 2.77614e+007 2.77614e+007 2.77614e+007 2.77614e+007 2.77614e+007 2.77614e+007 2.77614e+007 2.77614e+007 2.77614e+007 2.77614e+007 2.77614e+007 2.77614e+007 2.77614e+007 2.77614e+007 2.77614e+007 2.77614e+007 2.77614e+007 2.77614e+007 2.77614e+007 2.77614e+007 2.77614e+007 2.77614e+007 2.77614e+007 2.77614e+007 2.77614e+007 2.77614e+007 2.77614e+007 2.77614e+007 2.77614e+007 0 0 0 0 0 0 0 0 0 0 0 0 0 0 0 0 0 0 0 0 0 0 0 0 0
#obs cpue bio
 4.32313e+006 2.45297e+006 3.72621e+006 2.76679e+006 2.75899e+006 2.45518e+006 3.1077e+006 1.69325e+006 2.16715e+006 2.02431e+006 1.76328e+006 1.00189e+006 1.15384e+006 840453 1.14199e+006 983374 844246 818442 604864 583155 547638 551623 567079 465291 521188 675903 660624 601591 485061 717984 562209 605420 479461 762958 819240 374657 580821 653266 683389 533530 634868 580754 405350 537567 622070 794098 566614 862424 535787 746377 1.03343e+006 687543 904460 681448 827880 577277 523094 771707 753724 723987 894080 916211 942123 1.09436e+006 780527 747765 1.09361e+006 880336 1.01884e+006
#pred surv len freq
 0.00414316 0.00687085 0.0106098 0.0154269 0.0212471 0.02775 0.0343571 0.0403948 0.0453532 0.0490468 0.0515797 0.0531959 0.0541486 0.0546408 0.0548149 0.0547631 0.0545444 0.0541886 0.0536557 0.0527505 0.0510535 0.0479839 0.0430586 0.0362476 0.0281743
 0.00429863 0.00704988 0.0107468 0.0154258 0.0210193 0.0272683 0.0336903 0.0396927 0.0447829 0.0487171 0.0515014 0.0532989 0.0543378 0.0548534 0.0550476 0.0550607 0.0549593 0.0547328 0.054271 0.0533147 0.0514268 0.0480731 0.0428622 0.0358539 0.0277146
 0.0044349 0.00728856 0.0111313 0.0159898 0.0217592 0.028112 0.0344891 0.0402602 0.0449743 0.0485051 0.0509916 0.0526701 0.0537512 0.0543926 0.0547214 0.0548471 0.0548437 0.0547112 0.0543234 0.0533821 0.0514187 0.0479086 0.0425165 0.035376 0.0272013
 0.0045855 0.00753592 0.0115098 0.0165365 0.0225095 0.0290873 0.0356755 0.0415844 0.0462937 0.0496267 0.0517275 0.0529084 0.053501 0.053773 0.0539006 0.0539733 0.0540094 0.0539543 0.0536424 0.052747 0.0507822 0.0472274 0.0417806 0.0346236 0.0265046
 0.0047619 0.00782469 0.0119482 0.0171611 0.0233497 0.030156 0.0369584 0.0430345 0.0478317 0.0511434 0.0530856 0.0539525 0.0540874 0.0538158 0.0534086 0.053049 0.0528082 0.0526269 0.0522946 0.0514299 0.0495077 0.0459967 0.0406106 0.0335574 0.0255997
 0.00493558 0.00811133 0.0123877 0.017794 0.0242097 0.0312584 0.038288 0.0445412 0.0494372 0.0527545 0.0546028 0.0552701 0.0550912 0.0543899 0.0534598 0.0525413 0.0517843 0.0512002 0.0506133 0.0496345 0.0477079 0.0442737 0.0390324 0.0321884 0.0244927
 0.00519343 0.00852665 0.0130057 0.0186545 0.0253404 0.0326641 0.0399385 0.0463665 0.0513364 0.0546133 0.056311 0.0567293 0.0562138 0.0550939 0.0536671 0.0521883 0.0508437 0.0497043 0.0486613 0.0473783 0.0453233 0.0419339 0.0368906 0.030364 0.0230575
 0.00543853 0.00892794 0.0136147 0.0195202 0.0264995 0.0341252 0.0416673 0.0482821 0.0533248 0.0565515 0.0580867 0.0582496 0.0574022 0.0558837 0.0539952 0.0519945 0.0500801 0.0483552 0.0467675 0.0450513 0.0427401 0.0393107 0.0344438 0.0282693 0.0214183
 0.00569478 0.00934843 0.0142549 0.0204343 0.0277301 0.0356867 0.0435283 0.0503588 0.0554924 0.0586677 0.0600164 0.05988 0.0586484 0.0566852 0.0543075 0.0517797 0.0493042 0.0469975 0.0448432 0.0426387 0.0399962 0.03646 0.0317378 0.0259285 0.0195803
 0.00599005 0.00982681 0.0149718 0.0214407 0.029063 0.0373547 0.0454958 0.05254 0.0577608 0.0608792 0.0620308 0.0615761 0.0599308 0.0574857 0.0545821 0.0515012 0.0484548 0.0455694 0.0428524 0.0401511 0.0371521 0.0334765 0.0288758 0.0234308 0.0176076
 0.00625225 0.0102581 0.01563 0.0223821 0.0303311 0.0389619 0.0474057 0.0546627 0.0599673 0.0630276 0.0639893 0.0632343 0.061201 0.0583005 0.0548922 0.0512728 0.0476671 0.0442155 0.0409493 0.03776 0.0344017 0.0305699 0.0260652 0.0209591 0.0156431
 0.00650139 0.0106724 0.0162706 0.0233117 0.0316007 0.0405903 0.049359 0.0568467 0.0622416 0.0652329 0.065976 0.0648801 0.0624171 0.0590302 0.0551035 0.0509501 0.0468041 0.0428152 0.0390335 0.0353892 0.0316968 0.0277215 0.0233115 0.0185336 0.0137104
 0.00671528 0.0110223 0.0168021 0.0240702 0.032625 0.041901 0.0509442 0.0586534 0.0641784 0.0671819 0.0678089 0.0664725 0.0636617 0.0598456 0.0554374 0.0507756 0.0461134 0.0416151 0.0373496 0.0332807 0.0292753 0.0251594 0.0208246 0.0163346 0.0119519
 0.00684536 0.0112461 0.0171617 0.0246128 0.0333932 0.0429176 0.052198 0.0600954 0.0657309 0.068756 0.0693161 0.0678293 0.0647886 0.0606676 0.0558885 0.0508047 0.0456882 0.0407249 0.0360102 0.0315436 0.0272407 0.0229807 0.0186929 0.0144386 0.0104285
 0.00695545 0.0114402 0.0174822 0.0251091 0.034112 0.0438861 0.0534071 0.0614927 0.0672285 0.0702481 0.0706989 0.0690151 0.0657117 0.0612835 0.0561672 0.050724 0.0452308 0.0398819 0.0347903 0.0299869 0.0254317 0.0210523 0.016811 0.0127671 0.00908622
 0.00717589 0.0117935 0.0180048 0.0258321 0.0350564 0.0450542 0.0547725 0.062994 0.0687735 0.0717271 0.0720022 0.0700485 0.0664085 0.0616098 0.056119 0.0503171 0.0444887 0.0388286 0.0334526 0.0284071 0.0236823 0.0192435 0.0150804 0.0112497 0.00787801
 0.00725837 0.0119304 0.0182162 0.0261394 0.0354789 0.0456043 0.0554501 0.0637841 0.0696483 0.0726499 0.0729279 0.0709232 0.0671696 0.0621916 0.0564635 0.050383 0.0442559 0.0382971 0.0326407 0.0273531 0.0224504 0.0179271 0.0137938 0.0101054 0.00695774
 0.00746802 0.0122538 0.0186703 0.0267281 0.0361928 0.0464208 0.0563331 0.0646849 0.0705117 0.0734242 0.0735745 0.0714192 0.0675041 0.0623579 0.0564527 0.0501823 0.0438525 0.0376847 0.0318265 0.0263642 0.0213384 0.0167686 0.0126811 0.00912762 0.00617801
 0.00750056 0.0123085 0.0187558 0.0268531 0.0363638 0.0466395 0.0565944 0.0649789 0.0708282 0.0737575 0.073924 0.0717842 0.0678765 0.0627172 0.0567661 0.0504085 0.0439487 0.0376142 0.0315681 0.0259199 0.0207393 0.0160734 0.0119669 0.00847236 0.00564027
 0.0075325 0.0123646 0.0188479 0.0269943 0.0365655 0.0469056 0.0569167 0.0653359 0.0711897 0.0740929 0.0742108 0.0720128 0.0680493 0.0628432 0.0568516 0.0504499 0.0439296 0.0375095 0.0313534 0.0255836 0.0202917 0.0155506 0.0114241 0.0079696 0.00522465
 0.00752149 0.0123501 0.0188328 0.0269847 0.0365708 0.0469376 0.056988 0.0654564 0.0713626 0.0743116 0.0744581 0.0722651 0.0682837 0.0630431 0.0570088 0.0505607 0.043989 0.037507 0.0312739 0.0254148 0.0200342 0.0152239 0.0110657 0.00762453 0.00493145
 0.00754536 0.0123726 0.0188369 0.0269466 0.0364677 0.0467611 0.0567535 0.0652039 0.0711452 0.0741787 0.0744409 0.0723697 0.0684927 0.0633228 0.0573194 0.0508651 0.0442569 0.0377152 0.0314048 0.0254566 0.0199849 0.0150957 0.0108855 0.00742749 0.00475074
 0.00759627 0.0124455 0.0189275 0.0270418 0.0365461 0.0467959 0.0567176 0.065079 0.0709323 0.0739052 0.0741584 0.0721396 0.0683653 0.0633218 0.0574364 0.0510669 0.0444986 0.0379522 0.0316004 0.0255862 0.0200375 0.0150753 0.0108094 0.00732202 0.00464268
 0.00772456 0.0126445 0.0192082 0.0274054 0.0369807 0.0472731 0.0571906 0.0654852 0.0712061 0.0739963 0.0740492 0.0718531 0.0679599 0.0628736 0.0570171 0.0507251 0.044251 0.0377874 0.0314907 0.0255002 0.0199509 0.0149761 0.0106987 0.00720997 0.00454225
 0.00764176 0.0125251 0.0190569 0.0272369 0.0368167 0.047136 0.057098 0.0654464 0.0712202 0.074052 0.0741265 0.071929 0.0680169 0.0629077 0.0570398 0.0507574 0.044312 0.0378837 0.0316124 0.0256257 0.0200566 0.0150457 0.0107284 0.00720723 0.00452068
 0.00757185 0.012412 0.018889 0.0270067 0.036526 0.0468018 0.056756 0.0651461 0.0710112 0.0739667 0.0741693 0.0720768 0.06823 0.0631446 0.0572698 0.0509663 0.0445006 0.0380598 0.0317816 0.0257854 0.0201966 0.0151547 0.0108003 0.00724442 0.00453231
 0.0075666 0.0123954 0.0188489 0.0269268 0.0363896 0.0465989 0.05649 0.0648379 0.0706974 0.0736927 0.0739783 0.0719978 0.0682698 0.0632862 0.0574796 0.0512067 0.0447415 0.0382842 0.031983 0.0259622 0.0203466 0.0152741 0.0108864 0.00729861 0.00456061
 0.00764391 0.0125097 0.0189991 0.0271026 0.0365715 0.0467608 0.0566021 0.0648722 0.0706349 0.0735324 0.0737412 0.0717242 0.0680076 0.0630765 0.0573454 0.0511494 0.0447461 0.0383284 0.0320466 0.0260309 0.0204117 0.0153298 0.0109292 0.00732724 0.00457649
 0.00765714 0.0125324 0.0190349 0.0271545 0.0366396 0.0468394 0.056678 0.0649257 0.070645 0.0734834 0.0736297 0.0715615 0.0678182 0.062893 0.0571997 0.0510637 0.0447271 0.0383675 0.0321251 0.0261274 0.0205081 0.0154142 0.0109953 0.00737369 0.00460555
 0.00765255 0.0125253 0.0190252 0.0271427 0.0366276 0.0468304 0.0566759 0.064933 0.0706605 0.0734999 0.0736349 0.0715427 0.0677686 0.0628162 0.0571105 0.0509837 0.0446764 0.0383579 0.0321564 0.0261889 0.020584 0.0154893 0.0110591 0.00742139 0.00463712
 0.00760539 0.0124435 0.0188933 0.0269449 0.0363537 0.046484 0.0562809 0.0645335 0.0703102 0.0732476 0.0735104 0.0715505 0.0678905 0.0630198 0.0573608 0.0512524 0.0449466 0.0386221 0.0324108 0.0264284 0.0208003 0.0156733 0.0112043 0.00752643 0.00470635
 0.00762907 0.0124834 0.0189548 0.0270312 0.036462 0.0466009 0.0563815 0.0645863 0.0702895 0.0731458 0.0733436 0.0713531 0.067701 0.0628677 0.0572593 0.0512002 0.0449348 0.0386405 0.0324517 0.0264857 0.0208676 0.0157426 0.0112674 0.00757757 0.00474309
 0.00757334 0.0124051 0.01886 0.0269339 0.0363807 0.0465526 0.0563756 0.0646206 0.0703498 0.0732092 0.0733858 0.0713579 0.0676674 0.0628104 0.0572012 0.0511622 0.0449282 0.0386662 0.0325031 0.0265535 0.0209425 0.0158163 0.011333 0.00763029 0.00478121
 0.00751857 0.0123084 0.0187018 0.0266947 0.0360502 0.0461413 0.0559228 0.06419 0.0700112 0.073014 0.0733507 0.0714635 0.0678718 0.0630673 0.0574748 0.0514328 0.0451892 0.0389165 0.0327412 0.0267746 0.0211398 0.0159832 0.0114656 0.00772816 0.00484774
 0.00743445 0.0121753 0.0185077 0.02643 0.0357082 0.045721 0.0554334 0.0636576 0.0694815 0.0725493 0.0730172 0.071313 0.0679248 0.0633065 0.0578532 0.0518911 0.0456733 0.0393874 0.033175 0.0271583 0.021466 0.0162481 0.0116689 0.00787407 0.00494465
 0.00747921 0.0122447 0.0186052 0.0265553 0.0358548 0.0458746 0.0555703 0.0637463 0.0694893 0.0724534 0.072816 0.0710322 0.0676129 0.0630206 0.0576401 0.0517734 0.0456477 0.0394326 0.0332642 0.0272677 0.0215782 0.0163513 0.011756 0.00794147 0.00499229
 0.00743984 0.0121777 0.0184997 0.0264004 0.0356447 0.0456134 0.0552763 0.0634495 0.0692233 0.0722435 0.0726726 0.0709518 0.0675869 0.0630444 0.0577167 0.05191 0.0458462 0.0396839 0.0335472 0.0275556 0.0218456 0.01658 0.0119366 0.00807332 0.00508083
 0.0074696 0.0122175 0.0185433 0.0264356 0.0356554 0.0455834 0.0551943 0.063313 0.0690404 0.0720328 0.0724592 0.0707608 0.0674366 0.0629437 0.0576679 0.0519132 0.0459018 0.0397904 0.0336973 0.027734 0.0220318 0.0167536 0.0120826 0.00818437 0.00515748
 0.00744299 0.0121712 0.018468 0.0263208 0.0354912 0.0453648 0.0549247 0.0630059 0.0687185 0.0717247 0.0721949 0.0705676 0.0673344 0.0629413 0.0577618 0.0520892 0.0461404 0.0400708 0.0339999 0.0280398 0.0223214 0.0170093 0.0122913 0.00834078 0.00526438
 0.00741724 0.0121357 0.0184259 0.0262777 0.0354521 0.0453294 0.054885 0.0629477 0.0686272 0.0715927 0.0720267 0.0703801 0.0671533 0.0627947 0.0576731 0.0520723 0.0461971 0.0401923 0.0341701 0.0282383 0.0225272 0.0172027 0.0124568 0.00846957 0.00535519
 0.00747581 0.0122229 0.0185424 0.0264192 0.0356113 0.0454982 0.0550546 0.0631071 0.0687601 0.0716771 0.0720393 0.0703046 0.0669887 0.0625591 0.0574002 0.0518025 0.0459667 0.0400253 0.0340748 0.0282092 0.022549 0.0172556 0.0125214 0.00853077 0.0054041
 0.00754496 0.0123284 0.0186878 0.0266023 0.0358236 0.0457252 0.055277 0.0633034 0.0689108 0.0717689 0.0720661 0.0702652 0.0668837 0.0623916 0.0571795 0.0515477 0.0457056 0.0397883 0.0338863 0.0280816 0.0224809 0.0172351 0.0125315 0.00855487 0.0054299
 0.0075607 0.0123654 0.018764 0.0267398 0.036041 0.0460268 0.0556441 0.0636943 0.0692722 0.0720515 0.0722375 0.070314 0.0668161 0.0622243 0.0569339 0.0512473 0.0453767 0.0394595 0.0335861 0.0278328 0.0222956 0.0171129 0.0124619 0.00852236 0.00541917
 0.00753452 0.012328 0.0187181 0.0266938 0.0360096 0.0460305 0.0557059 0.0638323 0.0694902 0.0723316 0.0725402 0.070589 0.067018 0.0623251 0.0569273 0.0511456 0.0452034 0.039244 0.0333586 0.0276209 0.0221198 0.0169833 0.0123778 0.00847522 0.00539711
 0.00749041 0.012257 0.0186133 0.0265506 0.0358289 0.0458222 0.0554922 0.0636474 0.0693735 0.0723167 0.0726429 0.0707995 0.0673015 0.0626311 0.0572044 0.0513554 0.0453287 0.0392882 0.0333405 0.0275662 0.0220535 0.016924 0.0123352 0.0084505 0.00538625
 0.00739375 0.012105 0.0183943 0.0262582 0.0354639 0.0453958 0.0550293 0.0631877 0.0689676 0.0720172 0.0724942 0.070828 0.0675081 0.0629887 0.0576618 0.0518489 0.0457975 0.0396883 0.0336514 0.0277891 0.0222036 0.0170217 0.0123987 0.00849261 0.0054145
 0.00722977 0.0118612 0.0180698 0.0258667 0.0350296 0.0449463 0.0545902 0.0627822 0.0686178 0.0717457 0.0723238 0.0707799 0.0675981 0.0632211 0.0580235 0.0523066 0.0463023 0.0401861 0.0340965 0.0281533 0.0224794 0.017217 0.0125298 0.00857686 0.00546651
 0.00720928 0.0118128 0.0179701 0.0256883 0.0347517 0.0445693 0.054146 0.0623287 0.0682194 0.0714495 0.0721473 0.070716 0.0676308 0.0633386 0.0582213 0.0525805 0.046639 0.0405591 0.03447 0.0284922 0.0227591 0.0174283 0.0126769 0.00867193 0.00552399
 0.0071517 0.0117245 0.0178461 0.0255247 0.034543 0.044307 0.0538207 0.061939 0.067783 0.0710081 0.0717603 0.0704417 0.0675073 0.0633745 0.0584004 0.0528736 0.0470138 0.0409827 0.0349078 0.0289094 0.0231251 0.0177233 0.0128952 0.00882024 0.00561656
 0.00708515 0.0116255 0.0177144 0.025366 0.0343677 0.0441262 0.0536425 0.061766 0.0676106 0.0708283 0.0715687 0.070247 0.0673346 0.0632593 0.0583749 0.0529546 0.0471975 0.0412484 0.0352241 0.0292409 0.0234384 0.0179923 0.0131051 0.00896924 0.00571262
 0.00707081 0.0115928 0.0176483 0.0252489 0.0341856 0.0438781 0.0533473 0.0614594 0.0673337 0.0706113 0.0714213 0.07016 0.0672913 0.0632491 0.0584005 0.0530294 0.0473357 0.0414539 0.0354859 0.0295345 0.0237327 0.0182581 0.0133222 0.00912961 0.00581965
 0.0068622 0.0112564 0.017148 0.0245552 0.0332844 0.0427836 0.0521149 0.0601892 0.0661572 0.0696645 0.0708139 0.0699515 0.0674814 0.0637839 0.0591928 0.0539838 0.0483684 0.0425004 0.0364969 0.0304695 0.0245566 0.0189436 0.0138553 0.00951332 0.00607323
 0.00689027 0.0112883 0.0171697 0.0245425 0.0332056 0.0426058 0.0518119 0.059749 0.0655893 0.0690053 0.0701274 0.0693219 0.0669956 0.0635099 0.059162 0.054186 0.0487602 0.0430214 0.0370851 0.0310693 0.0251218 0.0194381 0.0142558 0.00981161 0.00627607
 0.00693304 0.0113529 0.017257 0.0246474 0.0333151 0.0426978 0.0518544 0.0597045 0.0654234 0.0686988 0.069687 0.0687852 0.0664276 0.0629913 0.0587714 0.0539806 0.0487618 0.0432139 0.0374228 0.0314917 0.0255676 0.0198559 0.0146095 0.0100836 0.00646566
 0.00708789 0.011583 0.0175625 0.0250138 0.033716 0.0431004 0.0522231 0.0600019 0.0656105 0.0687387 0.0695526 0.0684682 0.0659467 0.0623955 0.0581349 0.0533885 0.0482906 0.0429125 0.0373027 0.0315286 0.0257137 0.0200556 0.0148142 0.0102598 0.00659796
 0.00729151 0.0119164 0.0180666 0.0257216 0.0346384 0.0442075 0.053431 0.0611779 0.0666037 0.0694205 0.0698461 0.0683554 0.0654582 0.061596 0.0571137 0.0522519 0.0471515 0.0418743 0.0364416 0.0308818 0.0252778 0.0197968 0.0146836 0.0102086 0.00658755
 0.0072748 0.0119158 0.0181153 0.025869 0.0349397 0.0447051 0.0541352 0.0620547 0.0675741 0.070372 0.0706537 0.0689069 0.0656786 0.0614616 0.0566531 0.0515362 0.0462792 0.0409548 0.035577 0.0301494 0.0247184 0.0194132 0.0144493 0.010083 0.00652992
 0.00710274 0.0116395 0.0177091 0.0253195 0.0342594 0.0439468 0.0534001 0.0614796 0.0672945 0.0704737 0.0711381 0.0696877 0.0666093 0.0623789 0.0574197 0.0520697 0.0465614 0.0410234 0.035504 0.0300154 0.0245894 0.0193267 0.0144135 0.0100858 0.00655211
 0.0069484 0.011376 0.0172902 0.0246969 0.0333966 0.042842 0.0521077 0.0601196 0.0660377 0.0695074 0.0706219 0.0697119 0.0671679 0.0633686 0.0586672 0.0533799 0.0477685 0.0420247 0.0362682 0.0305671 0.0249805 0.0196096 0.0146254 0.0102463 0.0066697
 0.00696265 0.0113903 0.0172935 0.0246685 0.0333052 0.0426476 0.0517687 0.0596059 0.0653496 0.0686938 0.069785 0.0689919 0.0667063 0.063263 0.0589366 0.0539575 0.0485256 0.0428157 0.0369762 0.0311296 0.0253891 0.0198905 0.014815 0.010375 0.00675716
 0.0068314 0.011193 0.0170261 0.0243369 0.0329219 0.0422256 0.0513171 0.0591279 0.0648447 0.068163 0.0692419 0.0684745 0.0662827 0.063022 0.0589599 0.0542848 0.0491311 0.0436106 0.0378376 0.0319411 0.0260728 0.0204162 0.0151906 0.0106279 0.00691856
 0.00672495 0.0110254 0.0167848 0.0240161 0.0325259 0.0417722 0.0508384 0.0586653 0.0644357 0.0678267 0.0689733 0.0682538 0.0660957 0.0628792 0.0589027 0.0543717 0.0494079 0.0440822 0.0384566 0.0326225 0.0267246 0.0209696 0.0156139 0.0109231 0.00710799
 0.00664559 0.0108975 0.0165947 0.0237526 0.032183 0.0413539 0.0503634 0.0581679 0.0639606 0.0674184 0.0686641 0.0680554 0.0659997 0.0628667 0.0589604 0.054504 0.0496368 0.0444301 0.0389248 0.0331774 0.0273044 0.0215062 0.0160563 0.0112501 0.00732588
 0.00669793 0.0109732 0.0166909 0.023859 0.0322836 0.041429 0.0503928 0.0581339 0.0638522 0.067235 0.0684179 0.0677698 0.0657027 0.0625843 0.0587132 0.0543094 0.0495136 0.0443997 0.0390029 0.0333619 0.0275682 0.0218029 0.0163369 0.0114793 0.00748993
 0.00674653 0.0110606 0.0168366 0.0240837 0.0326004 0.0418319 0.0508478 0.0585809 0.0642191 0.0674591 0.0684625 0.0676307 0.0654046 0.0621713 0.0582378 0.0538238 0.0490645 0.0440258 0.0387329 0.0332097 0.0275278 0.0218486 0.0164306 0.0115836 0.00757911
 0.00670674 0.0110166 0.0168094 0.0241069 0.032713 0.0420656 0.0512135 0.0590603 0.064764 0.0679983 0.0689154 0.0679251 0.0654945 0.0620476 0.0579284 0.0533837 0.0485613 0.0435263 0.0382925 0.0328662 0.0272971 0.0217238 0.0163874 0.0115901 0.00760615
 0.00654881 0.0107706 0.0164611 0.0236559 0.0321784 0.0414928 0.0506757 0.0586489 0.064565 0.0680616 0.0692341 0.0684351 0.0660949 0.0626314 0.0584109 0.0537208 0.048752 0.0436033 0.0383052 0.0328628 0.0273113 0.021769 0.0164585 0.0116712 0.00768058
 0.00633622 0.0104494 0.0160233 0.0231106 0.0315499 0.0408165 0.0499971 0.0580255 0.0640641 0.0677526 0.069172 0.0686426 0.0665494 0.0632648 0.0591257 0.0544162 0.0493513 0.0440699 0.0386426 0.0331011 0.0274882 0.0219139 0.0165855 0.0117816 0.00776985
 0.00599084 0.00992149 0.0152927 0.0221845 0.0304643 0.0396348 0.0488082 0.0569354 0.0631799 0.06716 0.0689211 0.0687462 0.066989 0.0639953 0.0600755 0.0554909 0.0504469 0.0450934 0.0395314 0.03383 0.028063 0.0223565 0.0169199 0.0120271 0.00794164
#obs surv len freq
 nan nan nan nan nan nan nan nan nan nan nan nan nan nan nan nan nan nan nan nan nan nan nan nan nan
 0.00448756 0.00735011 0.011181 0.0159977 0.0216978 0.0279721 0.0342845 0.0400142 0.0446925 0.0481555 0.0505129 0.0520084 0.0529005 0.0534128 0.0537271 0.0539819 0.0542605 0.0545532 0.054692 0.0542839 0.052722 0.0493543 0.0438043 0.0362846 0.0276686
 0.00461736 0.00756389 0.0115075 0.0164641 0.0223231 0.0287563 0.0351987 0.0409978 0.0456624 0.0490232 0.0512013 0.0524634 0.0530952 0.0533475 0.0534245 0.0534795 0.0536016 0.0537805 0.0538442 0.053398 0.0518368 0.0485129 0.0430515 0.0356585 0.0271901
 0.00477309 0.00781998 0.0118984 0.0170241 0.0230798 0.0297197 0.0363498 0.0422824 0.0469961 0.0503036 0.052324 0.0533352 0.0536454 0.0535352 0.0532421 0.05295 0.0527712 0.0527094 0.0525991 0.0520492 0.0504594 0.0471872 0.0418573 0.0346615 0.0264267
 0.00496814 0.00813687 0.0123752 0.0176963 0.0239746 0.0308458 0.0376866 0.043775 0.0485605 0.0518401 0.0537294 0.0545108 0.054503 0.0540035 0.0532744 0.0525309 0.051919 0.0514739 0.0510568 0.0502983 0.0486158 0.0453784 0.0402088 0.0332761 0.0253619
 0.00519188 0.00850213 0.0129276 0.0184792 0.02502 0.0321618 0.0392435 0.0455018 0.0503555 0.0535906 0.0553286 0.0558657 0.0555335 0.0546404 0.0534599 0.0522242 0.0511045 0.0501702 0.0493237 0.0482394 0.0463752 0.0431287 0.038127 0.0315092 0.0239959
 0.00541295 0.00886801 0.0134903 0.0192912 0.0261242 0.0335745 0.040938 0.0474022 0.0523479 0.0555454 0.0571219 0.0573918 0.0567081 0.0553977 0.0537475 0.0520004 0.0503409 0.0488621 0.047506 0.0460016 0.0438682 0.0405538 0.0357036 0.0294279 0.0223737
 0.00564565 0.0092474 0.0140638 0.0201049 0.0272157 0.0349607 0.0426012 0.0492824 0.0543483 0.0575471 0.0590012 0.0590328 0.0580111 0.0562827 0.054154 0.0518827 0.0496669 0.0476176 0.0457097 0.0437265 0.0412579 0.0378181 0.0330866 0.0271519 0.0205831
 0.00587929 0.00962996 0.0146446 0.0209315 0.028325 0.0363647 0.0442727 0.0511512 0.0563123 0.0594924 0.0608191 0.0606271 0.0592974 0.0571867 0.0546109 0.0518379 0.0490774 0.0464581 0.0439861 0.0414975 0.0386547 0.0350473 0.0304 0.0247888 0.0187071
 0.00612558 0.0100347 0.0152616 0.0218134 0.0295122 0.0378691 0.0460605 0.053138 0.0583758 0.061498 0.0626434 0.0621714 0.0604892 0.0579741 0.054954 0.0517014 0.0484279 0.0452695 0.0422559 0.0392713 0.0360501 0.0322605 0.0276801 0.02238 0.0167824
 0.00638481 0.0104574 0.0159001 0.0227174 0.0307193 0.0393897 0.0478623 0.0551394 0.060456 0.063519 0.0644733 0.0636997 0.061634 0.0586829 0.0551973 0.0514632 0.0476962 0.0440349 0.0405224 0.0370797 0.0335049 0.0295412 0.0250211 0.0200171 0.0148867
 0.00662251 0.0108481 0.0164961 0.0235696 0.031867 0.0408444 0.0495914 0.0570609 0.0624512 0.0654553 0.0662257 0.0651634 0.0627287 0.0593526 0.0554086 0.0512004 0.0469551 0.0428189 0.0388474 0.0349911 0.0311003 0.0269833 0.022523 0.0177948 0.0131
 0.00683035 0.0111922 0.0170254 0.0243335 0.032906 0.0421739 0.0511856 0.0588469 0.0643184 0.067277 0.0678798 0.0665461 0.0637607 0.0599797 0.0555991 0.0509403 0.0462429 0.0416635 0.0372718 0.0330452 0.0288784 0.0246341 0.0202369 0.0157646 0.0114679
 0.00704784 0.0115474 0.0175631 0.0250964 0.0339263 0.0434604 0.0527096 0.0605373 0.0660704 0.0689712 0.0694017 0.0677987 0.0646707 0.0604988 0.0557021 0.05062 0.0455051 0.0405241 0.0357598 0.0312134 0.0268171 0.0224789 0.0181566 0.0139273 0.00999588
 0.00728007 0.011927 0.0181377 0.0259103 0.03501 0.0448153 0.0542934 0.0622604 0.0678107 0.0705992 0.0708039 0.0688899 0.0653957 0.0608289 0.0556297 0.0501529 0.0446615 0.0393297 0.034251 0.0294455 0.024876 0.0204863 0.0162597 0.0122687 0.00867668
 0.00744958 0.0122082 0.0185714 0.0265379 0.0358652 0.0459106 0.0556057 0.0637255 0.0693312 0.0720625 0.072101 0.0699295 0.066112 0.0611839 0.0556106 0.049767 0.043929 0.0382804 0.0329247 0.0278981 0.0231879 0.0187655 0.0146322 0.0108539 0.00755651
 0.00754535 0.0123655 0.0188117 0.026884 0.0363392 0.0465289 0.0563727 0.064628 0.0703357 0.0731163 0.0731365 0.0708705 0.0668825 0.0617178 0.05586 0.0497056 0.0435525 0.0376033 0.0319793 0.0267358 0.0218825 0.0174133 0.0133424 0.00972773 0.00666313
 0.00758447 0.0124259 0.0188971 0.0269978 0.0364861 0.0467172 0.0566159 0.064943 0.0707387 0.0736162 0.0737276 0.0715268 0.067556 0.0623433 0.0563644 0.0500216 0.0436294 0.0374153 0.0315287 0.0260543 0.0210302 0.0164743 0.0124129 0.00889755 0.00599516
 0.00767823 0.0125645 0.0190802 0.0272157 0.0367226 0.0469548 0.0568405 0.0651472 0.0709245 0.073796 0.0739214 0.0717551 0.0678293 0.062652 0.0566759 0.0502838 0.0437825 0.0374064 0.0313262 0.0256571 0.0204712 0.015816 0.0117345 0.00827654 0.00548775
 0.00771109 0.0126214 0.0191713 0.0273507 0.0369061 0.0471803 0.057087 0.0653831 0.0711182 0.0739297 0.0739988 0.0718 0.0678743 0.062725 0.0567872 0.0504196 0.0439066 0.0374698 0.031282 0.0254773 0.0201578 0.0154029 0.0112786 0.00784035 0.00512088
 0.00777182 0.0127099 0.0192861 0.027485 0.037051 0.0473297 0.0572391 0.065538 0.0712722 0.0740715 0.0741121 0.0718709 0.067901 0.0627199 0.0567715 0.0504113 0.0439085 0.0374655 0.0312413 0.0253695 0.0199675 0.0151389 0.010973 0.00753659 0.00485798
 0.0078217 0.0127874 0.0193955 0.0276263 0.037219 0.0475124 0.0574188 0.0656945 0.0713897 0.074144 0.0741442 0.0718728 0.0678815 0.0626849 0.0567255 0.0503601 0.0438578 0.0374149 0.0311811 0.025283 0.0198397 0.0149673 0.0107715 0.00733102 0.00467535
 0.00784806 0.0128258 0.0194452 0.027684 0.0372801 0.047573 0.0574765 0.065748 0.0714372 0.0741832 0.0741728 0.0718903 0.0678905 0.0626892 0.0567284 0.0503627 0.0438591 0.0374118 0.0311676 0.0252504 0.0197794 0.0148761 0.0106557 0.00720589 0.00455907
 0.00786576 0.0128524 0.0194808 0.0277271 0.0373272 0.0476191 0.057516 0.065776 0.0714514 0.0741845 0.0741658 0.0718809 0.0678835 0.0626871 0.0567317 0.0503705 0.0438692 0.0374207 0.0311702 0.0252403 0.0197508 0.0148263 0.010588 0.00712928 0.00448529
 0.00791601 0.0129284 0.0195845 0.027856 0.0374745 0.0477746 0.0576663 0.065906 0.0715463 0.0742336 0.0741653 0.0718349 0.0678027 0.0625855 0.0566228 0.0502649 0.0437733 0.0373367 0.0310967 0.0251735 0.019686 0.0147603 0.0105205 0.00706369 0.00442702
 0.00788851 0.0128908 0.019541 0.0278147 0.0374451 0.0477644 0.0576776 0.0659353 0.071587 0.0742785 0.0742086 0.0718729 0.0678332 0.0626078 0.0566377 0.0502744 0.0437795 0.0373411 0.0310991 0.025172 0.0196781 0.014744 0.0104964 0.00703466 0.00439766
 0.00787668 0.0128616 0.0194796 0.0277036 0.0372711 0.047529 0.0574034 0.0656638 0.0713652 0.0741429 0.074174 0.071932 0.0679642 0.0627839 0.0568342 0.0504718 0.0439648 0.0375063 0.0312397 0.0252857 0.0197639 0.0148027 0.0105306 0.00704962 0.00439984
 0.00790486 0.0129007 0.0195252 0.0277453 0.0372934 0.0475129 0.0573316 0.065527 0.0711694 0.0739127 0.073949 0.0717548 0.0678653 0.062773 0.0569002 0.0505912 0.0441112 0.0376573 0.0313796 0.0254051 0.0198583 0.0148711 0.0105752 0.00707466 0.00441098
 0.00789618 0.0128928 0.0195242 0.0277597 0.0373297 0.0475706 0.0573988 0.0655813 0.0711845 0.0738691 0.0738429 0.0716018 0.0676972 0.0626265 0.0568047 0.0505598 0.0441392 0.0377275 0.0314707 0.0254983 0.0199405 0.0149355 0.0106203 0.00710256 0.00442579
 0.00786084 0.012833 0.0194308 0.0276248 0.0371513 0.0473581 0.0571751 0.065379 0.0710346 0.0737881 0.0738271 0.0716323 0.0677521 0.0626929 0.0568824 0.0506566 0.0442623 0.0378763 0.0316352 0.0256626 0.020089 0.0150574 0.0107111 0.00716394 0.00446322
 0.00785646 0.0128204 0.0194017 0.0275677 0.0370542 0.0472126 0.0569821 0.0651514 0.0707973 0.0735734 0.0736663 0.0715464 0.0677453 0.0627536 0.0569906 0.0507937 0.0444163 0.038041 0.0318054 0.0258305 0.0202441 0.0151895 0.0108139 0.0072365 0.00450954
 0.00783643 0.0127886 0.019355 0.0275031 0.0369683 0.0471019 0.0568436 0.064985 0.0706082 0.0733746 0.0734785 0.0713951 0.0676544 0.0627376 0.0570502 0.0509167 0.0445829 0.0382308 0.0320016 0.0260201 0.0204165 0.0153362 0.0109296 0.00732016 0.0045645
 0.00780769 0.0127408 0.0192811 0.0273966 0.0368252 0.0469236 0.056639 0.0647697 0.0704006 0.0731909 0.0733302 0.0712899 0.0675988 0.0627385 0.0571126 0.0510399 0.0447581 0.0384418 0.0322284 0.0262433 0.02062 0.0155089 0.0110656 0.00741888 0.00463005
 0.00779328 0.0127165 0.0192428 0.0273396 0.0367449 0.0468167 0.0565053 0.0646137 0.0702317 0.0730225 0.0731772 0.0711661 0.0675149 0.062701 0.0571251 0.0511032 0.0448696 0.0385939 0.032408 0.0264333 0.0208031 0.0156704 0.0111962 0.00751562 0.00469537
 0.00774037 0.0126314 0.0191168 0.0271659 0.0365212 0.0465478 0.0562061 0.0643082 0.069949 0.0727896 0.0730141 0.071083 0.0675131 0.0627752 0.0572655 0.0512976 0.0451046 0.0388558 0.0326819 0.0267032 0.0210527 0.0158857 0.0113683 0.00764219 0.0047805
 0.00770991 0.0125778 0.0190288 0.027031 0.0363287 0.0462945 0.0559005 0.0639724 0.0696146 0.0724911 0.0727815 0.0709374 0.0674645 0.0628228 0.0573993 0.0515018 0.0453606 0.039144 0.0329828 0.0269983 0.0213247 0.0161204 0.0115565 0.00778132 0.00487466
 0.00770671 0.0125706 0.0190137 0.0270022 0.0362783 0.0462133 0.0557801 0.0638081 0.0694089 0.0722562 0.0725393 0.0707161 0.0672923 0.0627214 0.0573802 0.0515647 0.0454954 0.0393336 0.0332069 0.0272353 0.0215543 0.0163256 0.0117254 0.00790887 0.00496254
 0.00767941 0.0125318 0.0189657 0.0269499 0.0362275 0.0461673 0.055737 0.0637607 0.0693469 0.0721706 0.0724268 0.0705819 0.0671512 0.0625949 0.0572912 0.0515314 0.0455264 0.0394265 0.0333493 0.0274085 0.021737 0.0164982 0.0118731 0.00802356 0.00504325
 0.00763512 0.0124627 0.0188676 0.0268219 0.0360736 0.0459976 0.0555678 0.0636114 0.0692346 0.0721031 0.0723996 0.0705816 0.0671628 0.0626095 0.05731 0.0515638 0.045585 0.0395204 0.0334792 0.027566 0.0219068 0.0166625 0.0120166 0.00813683 0.00512399
 0.00760991 0.0124204 0.0188016 0.0267258 0.0359432 0.0458335 0.0553787 0.0634146 0.0690528 0.0719588 0.072309 0.0705501 0.0671842 0.0626698 0.0573932 0.0516588 0.0456881 0.0396342 0.0336077 0.0277088 0.0220575 0.0168095 0.0121472 0.00824203 0.00520032
 0.00760729 0.0124132 0.0187852 0.0266938 0.0358884 0.0457501 0.0552648 0.0632736 0.0688945 0.0717981 0.0721643 0.0704394 0.0671209 0.0626588 0.0574301 0.0517326 0.0457863 0.0397471 0.0337298 0.0278371 0.0221879 0.0169351 0.0122596 0.00833388 0.00526818
 0.00758451 0.0123811 0.0187459 0.0266515 0.0358476 0.0457126 0.0552275 0.0632295 0.0688359 0.0717211 0.0720719 0.0703416 0.0670325 0.0625953 0.0574028 0.0517457 0.0458367 0.0398265 0.0338284 0.0279459 0.0222993 0.017042 0.0123551 0.00841231 0.00532677
 0.00757276 0.0123616 0.0187158 0.0266091 0.0357928 0.0456492 0.0551628 0.0631728 0.0687939 0.0716944 0.0720542 0.0703238 0.0670084 0.0625655 0.0573753 0.0517316 0.0458452 0.0398615 0.0338875 0.0280226 0.0223849 0.0171277 0.0124333 0.00847738 0.00537589
 0.00754907 0.0123254 0.0186658 0.0265454 0.035717 0.0455639 0.0550722 0.0630829 0.0687129 0.0716314 0.0720159 0.0703126 0.0670204 0.0625931 0.0574108 0.0517714 0.0458905 0.0399158 0.0339537 0.0280999 0.0224685 0.0172107 0.0125085 0.0085395 0.00542243
 0.00753747 0.0123055 0.0186339 0.0264978 0.0356514 0.0454808 0.0549764 0.0629832 0.0686199 0.0715544 0.0719617 0.0702845 0.0670188 0.0626156 0.0574525 0.0518261 0.0459528 0.0399829 0.0340248 0.0281745 0.022545 0.0172851 0.0125758 0.00859516 0.00546427
 0.00754221 0.0123128 0.0186441 0.0265104 0.0356646 0.045491 0.0549787 0.0629721 0.0685918 0.0715096 0.0719048 0.0702233 0.0669622 0.0625707 0.0574237 0.0518145 0.0459571 0.0400003 0.0340527 0.0282107 0.022587 0.0173297 0.0126189 0.00863297 0.00549399
 0.00752197 0.0122836 0.018607 0.0264688 0.0356232 0.0454546 0.0549501 0.0629519 0.0685782 0.0714993 0.0718946 0.0702112 0.0669488 0.062559 0.0574182 0.0518189 0.0459734 0.0400282 0.0340902 0.0282547 0.0226342 0.0173765 0.012662 0.00866934 0.00552196
 0.00751159 0.0122633 0.0185705 0.0264092 0.0355357 0.0453404 0.0548192 0.062822 0.0684693 0.0714267 0.0718642 0.0702192 0.0669857 0.0626142 0.0574831 0.0518888 0.0460462 0.0401033 0.0341664 0.02833 0.0227058 0.0174413 0.0127171 0.00871305 0.00555392
 0.00749402 0.0122373 0.0185358 0.0263663 0.035485 0.0452808 0.0547481 0.0627375 0.0683738 0.0713288 0.0717781 0.07016 0.0669632 0.06263 0.0575311 0.0519588 0.0461283 0.0401899 0.0342528 0.0284129 0.0227824 0.0175089 0.0127736 0.00875705 0.00558558
 0.00747234 0.0122018 0.0184823 0.0262915 0.0353878 0.0451642 0.0546201 0.0626102 0.068259 0.0712356 0.071711 0.0701209 0.066954 0.0626529 0.0575865 0.0520437 0.0462351 0.0403086 0.0343736 0.0285279 0.0228858 0.0175971 0.0128446 0.00881053 0.00562292
 0.00747234 0.0122018 0.0184823 0.0262915 0.0353878 0.0451642 0.0546201 0.0626102 0.068259 0.0712356 0.071711 0.0701209 0.066954 0.0626529 0.0575865 0.0520437 0.0462351 0.0403086 0.0343736 0.0285279 0.0228858 0.0175971 0.0128446 0.00881053 0.00562292
 0.00721859 0.0117984 0.0178938 0.0254956 0.0343853 0.0439912 0.0533583 0.0613832 0.06721 0.0704913 0.0713509 0.0701641 0.0673637 0.0633542 0.0584873 0.0530519 0.0472704 0.0413075 0.0352889 0.029328 0.0235527 0.0181253 0.0132395 0.00908712 0.00580286
 0.0073363 0.0119543 0.0180619 0.0256275 0.0344198 0.0438727 0.0530546 0.060896 0.0665762 0.0697788 0.0706479 0.0695633 0.0669435 0.0631612 0.0585284 0.0532977 0.0476671 0.0417917 0.0358008 0.0298186 0.0239873 0.0184837 0.0135148 0.00928357 0.00593229
 0.00727999 0.0118875 0.018005 0.0256088 0.0344605 0.0439666 0.0531562 0.060929 0.0664638 0.0694793 0.070177 0.0689913 0.0663724 0.0626937 0.0582415 0.0532274 0.0478062 0.042098 0.0362122 0.0302694 0.024421 0.0188606 0.013814 0.00950135 0.00607743
 0.00728981 0.011897 0.0180088 0.0256019 0.0344442 0.0439543 0.0531717 0.0609942 0.066578 0.0696049 0.0702464 0.0689373 0.066164 0.0623568 0.0578509 0.0528766 0.047573 0.0420211 0.0362863 0.0304559 0.0246662 0.019113 0.0140363 0.00967406 0.00619752
 0.00735381 0.0120074 0.0181853 0.0258635 0.0348009 0.0443963 0.0536642 0.0614822 0.0670023 0.0699193 0.0704228 0.0689586 0.0660177 0.0620386 0.0573799 0.0523053 0.0469808 0.0414918 0.0358812 0.0301981 0.0245419 0.0190852 0.0140625 0.00971955 0.00624084
 0.00733168 0.0119792 0.0181581 0.0258509 0.034822 0.0444727 0.0538138 0.0617121 0.0673027 0.0702597 0.0707577 0.0692377 0.0661974 0.0620896 0.0572902 0.0520842 0.0466613 0.0411281 0.0355356 0.029922 0.0243604 0.0189946 0.0140388 0.00973288 0.00626667
 0.00715931 0.0117034 0.017753 0.0253002 0.0341281 0.0436679 0.052969 0.0609325 0.0667051 0.0699401 0.0707622 0.0695514 0.0667521 0.0627856 0.0580223 0.0527647 0.0472352 0.0415779 0.035876 0.0301853 0.024579 0.0191877 0.01421 0.00987609 0.00637563
 0.00699498 0.0114229 0.0173072 0.0246381 0.0332119 0.0424962 0.051598 0.0594811 0.0653373 0.0688295 0.0700542 0.0693338 0.067039 0.0635172 0.05908 0.0540001 0.0485038 0.0427666 0.0369167 0.0310533 0.0252792 0.0197383 0.0146304 0.0101836 0.00658691
 0.00701091 0.0114359 0.0173012 0.0245849 0.0330723 0.0422244 0.0511512 0.0588344 0.0645004 0.0678611 0.0690633 0.0684616 0.0664257 0.0632636 0.0592203 0.0544942 0.0492528 0.043644 0.037803 0.0318607 0.02596 0.0202786 0.0150376 0.0104749 0.00678315
 0.00696061 0.0113638 0.0172097 0.0244803 0.032959 0.0420982 0.0509936 0.058613 0.064178 0.0674107 0.0684854 0.067798 0.0657613 0.0627116 0.058892 0.0544639 0.0495324 0.0441801 0.0384968 0.0326007 0.0266524 0.0208639 0.0154921 0.0108016 0.00700094
 0.006926 0.0113073 0.0171249 0.0243627 0.0328089 0.0419229 0.0508077 0.058433 0.0640117 0.0672482 0.0682987 0.067555 0.0654473 0.0623488 0.0585433 0.0542167 0.0494669 0.0443364 0.0388588 0.0331029 0.0272058 0.0213862 0.0159279 0.0111286 0.00722346
 0.00690286 0.011273 0.0170791 0.0243066 0.0327439 0.0418496 0.0507253 0.0583411 0.0639121 0.0671438 0.0681907 0.0674369 0.0653053 0.0621694 0.0583288 0.0539965 0.0492958 0.0442754 0.0389474 0.0333392 0.0275465 0.0217651 0.0162816 0.0114153 0.0074288
