SBPRF35
7.90173
Curr Bio
610234
B35
558456
F35
0.211574
FOFL
0.211574
OFL
107490
Bzero
2.25764e+006
#pred survey bio
 3.61593e+006 3.45096e+006 3.38237e+006 3.15319e+006 2.89154e+006 2.63007e+006 2.34313e+006 2.17091e+006 2.0744e+006 1.94198e+006 1.73874e+006 1.51276e+006 1.29688e+006 1.12154e+006 983949 875198 766121 723753 697257 699921 674642 594536 552034 538919 538569 543822 542000 520654 495133 498347 506193 520447 537305 557605 579462 567996 579768 602655 552345 530756 529938 552040 579181 604151 621882 551860 545498 567510 555905 582293 596405 578969 559752 604825 608863 602645 604240 544896 518042 560922 617501 1.5118e+007 1.3517e+007 1.34745e+007 1.38523e+007 1.44679e+007 1.51479e+007 1.57837e+007 1.63245e+007 1.67576e+007 1.70913e+007 1.73419e+007 1.75271e+007 1.76627e+007 1.77616e+007 1.78336e+007 1.78861e+007 1.79246e+007 1.79529e+007 1.79739e+007 1.79895e+007 1.80012e+007 1.801e+007 1.80166e+007 1.80216e+007 1.80254e+007 1.80284e+007 1.80306e+007 1.80323e+007 1.80336e+007 1.80346e+007 1.80354e+007 1.8036e+007 1.80365e+007 1.80368e+007 1.80371e+007 1.80373e+007 1.80375e+007 1.80376e+007 1.80377e+007 1.80378e+007 1.80379e+007 1.80379e+007 1.80379e+007 1.8038e+007 1.8038e+007 1.8038e+007 1.8038e+007 1.8038e+007 1.8038e+007 1.8038e+007 1.8038e+007 1.80381e+007 1.80381e+007 1.80381e+007 1.80381e+007 1.80381e+007 1.80381e+007 1.80381e+007 1.80381e+007 1.80381e+007 1.80381e+007 1.80381e+007 1.80381e+007 1.80381e+007 1.80381e+007 1.80381e+007 1.80381e+007 1.80381e+007 1.80381e+007 1.80381e+007 1.80381e+007 1.80381e+007 1.80381e+007 1.80381e+007 1.80381e+007 1.80381e+007 1.80381e+007 1.80381e+007 1.80381e+007 1.80381e+007 1.80381e+007 1.80381e+007 1.80381e+007 1.80381e+007 1.80381e+007 1.80381e+007 1.80381e+007 1.80381e+007 1.80381e+007 1.80381e+007 1.80381e+007 1.80381e+007 1.80381e+007 1.80381e+007 1.80381e+007 1.80381e+007 1.80381e+007 1.80381e+007 1.80381e+007 1.80381e+007 0 0 0 0 0 0 0 0 0 0 0 0 0 0 0 0 0 0 0 0 0 0 0 0 0
#obs survey bio
 3.86588e+006 2.76493e+006 3.74556e+006 2.98391e+006 2.37551e+006 3.1064e+006 1.93087e+006 2.07433e+006 1.77519e+006 2.1759e+006 1.48269e+006 1.33481e+006 1.14544e+006 1.14411e+006 850089 913660 654533 959279 756878 802318 829692 600964 419946 684781 502862 616548 660701 404544 466620 540128 471244 406768 476845 522900 737043 568368 620192 633390 525109 438182 424827 694015 602413 605471 697963 431325 420798 778596 559532 442600 551418 579727 577576 654060 501187 729294 557341 534037 621757 477682 602307
#pred catch bio
 103021 97220.7 148939 209954 226061 277375 280114 290566 320505 282581 279012 280477 262386 240920 228725 221657 179083 166172 149054 143370 133457 115595 120517 112995 116382 110806 111678 103784 98015.3 99952.8 106214 98258.4 90888.7 92689.6 94218.1 93469.1 89473.6 85725.3 81752.1 85772.7 81462 80109.5 96817.8 86726.4 86423.6 88385 88013.4 91207.1 82939.9 89902.9 95896.8 116438 61687.7 93616.4 113465 84656.3 122213 101176 57597.8 65391.5 86725.1 107490 104713 102902 104567 108577 113210 117519 121102 123879 125927 127386 128397 129083 129542 129846 130044 130173 130256 130309 130343 130365 130379 130388 130393 130397 130399 130400 130401 130402 130402 130402 130403 130403 130403 130403 130403 130403 130403 130403 130403 130403 130403 130403 130403 130403 130403 130403 130403 130403 130403 130403 130403 130403 130403 130403 130403 130403 130403 130403 130403 130403 130403 130403 130403 130403 130403 130403 130403 130403 130403 130403 130403 130403 130403 130403 130403 130403 130403 130403 130403 130403 130403 130403 130403 130403 130403 130403 130403 130403 130403 130403 130403 130403 130403 130403 130403 130403 130403 130403 130403 0 0 0 0 0 0 0 0 0 0 0 0 0 0 0 0 0 0 0 0 0 0 0 0 0
#obs catch bio
 0 96893.9 148944 210372 225798 277548 280148 291149 321952 281786 278717 280521 262459 240820 229004 221556 179321 166136 149646 143449 133044 115314 121025 112880 116825 110741 111669 103522 98157.5 99856.1 106725 98237.3 90743.9 92878.7 93979.9 93650.2 89738.8 85474.7 81700 85891.1 81517.7 79930.5 97215 86730.2 86122.4 88547.6 88248.1 91082.8 82974.2 89943.4 95603.6 117387 61217.7 93673.2 114101 84170.9 122576 101504 57336.3 65347.5 86861.9
#pred cpue bio
 3.577e+006 3.41397e+006 3.3447e+006 3.11633e+006 2.8558e+006 2.5953e+006 2.30958e+006 2.13694e+006 2.03898e+006 1.90578e+006 1.70368e+006 1.47948e+006 1.26558e+006 1.09201e+006 955914 848387 740947 698890 672626 674956 650492 573090 531870 518948 518697 523748 522133 501659 477048 480152 487830 501653 518118 537929 559321 548349 558369 578581 529641 508841 508111 529481 555748 579612 596942 530023 523587 544738 533783 559184 572776 555901 536562 580653 585038 578494 580260 522766 496557 538618 594119 1.45633e+007 1.30293e+007 1.28876e+007 1.3184e+007 1.37808e+007 1.44579e+007 1.50934e+007 1.5634e+007 1.60672e+007 1.64009e+007 1.66515e+007 1.68367e+007 1.69723e+007 1.70711e+007 1.71431e+007 1.71957e+007 1.72342e+007 1.72625e+007 1.72835e+007 1.72991e+007 1.73107e+007 1.73195e+007 1.73261e+007 1.73312e+007 1.7335e+007 1.73379e+007 1.73402e+007 1.73419e+007 1.73432e+007 1.73442e+007 1.7345e+007 1.73456e+007 1.7346e+007 1.73464e+007 1.73467e+007 1.73469e+007 1.73471e+007 1.73472e+007 1.73473e+007 1.73474e+007 1.73474e+007 1.73475e+007 1.73475e+007 1.73475e+007 1.73476e+007 1.73476e+007 1.73476e+007 1.73476e+007 1.73476e+007 1.73476e+007 1.73476e+007 1.73476e+007 1.73476e+007 1.73476e+007 1.73476e+007 1.73476e+007 1.73476e+007 1.73476e+007 1.73476e+007 1.73476e+007 1.73476e+007 1.73476e+007 1.73476e+007 1.73476e+007 1.73476e+007 1.73476e+007 1.73476e+007 1.73476e+007 1.73476e+007 1.73476e+007 1.73476e+007 1.73476e+007 1.73476e+007 1.73476e+007 1.73476e+007 1.73476e+007 1.73476e+007 1.73476e+007 1.73476e+007 1.73476e+007 1.73476e+007 1.73476e+007 1.73476e+007 1.73476e+007 1.73476e+007 1.73476e+007 1.73476e+007 1.73476e+007 1.73476e+007 1.73476e+007 1.73476e+007 1.73476e+007 1.73476e+007 1.73476e+007 1.73476e+007 1.73476e+007 1.73476e+007 1.73476e+007 1.73476e+007 1.73476e+007 0 0 0 0 0 0 0 0 0 0 0 0 0 0 0 0 0 0 0 0 0 0 0 0 0
#obs cpue bio
 3.46254e+006 3.42178e+006 4.11681e+006 2.88281e+006 3.55292e+006 2.44313e+006 2.46535e+006 1.72541e+006 2.22108e+006 2.56146e+006 1.87688e+006 1.63662e+006 1.39249e+006 1.0934e+006 1.00474e+006 964718 692273 604382 438001 715455 704981 523009 522734 493393 433985 548875 446455 748656 384974 520722 383982 792717 618182 447163 649079 394958 429999 924144 463770 583572 596011 483454 425450 575154 817448 482765 559208 603294 384657 796688 770532 418112 572747 601835 553272 581723 652014 487070 409939 614124 638638
#pred surv len freq
 0.00421728 0.00695624 0.0106728 0.0154132 0.0210935 0.0274058 0.0338029 0.0396512 0.0444745 0.0481068 0.0506538 0.0523446 0.0534058 0.0540103 0.0542793 0.0543042 0.05417 0.053955 0.0536721 0.053153 0.0519481 0.0493796 0.0448291 0.038154 0.0299467
 0.00454139 0.00738962 0.0111549 0.0158366 0.0213427 0.0274125 0.0335842 0.0393004 0.0441088 0.0478066 0.0504349 0.0521769 0.0532592 0.0538935 0.0542465 0.0544274 0.0544923 0.0544484 0.0542242 0.0535945 0.0521171 0.0491928 0.044321 0.0374592 0.0292347
 0.00457999 0.00752383 0.0114812 0.0164683 0.0223569 0.0287809 0.0351338 0.0407495 0.0451755 0.0483277 0.0504181 0.0517596 0.052617 0.0531688 0.0535316 0.0537843 0.0539675 0.0540615 0.053942 0.053324 0.0517371 0.0486155 0.0435443 0.0365735 0.0283776
 0.0047219 0.00772841 0.011747 0.0167939 0.0227615 0.0293225 0.0359019 0.0418166 0.0465256 0.0498104 0.0517764 0.0527297 0.0530394 0.0530405 0.0529764 0.052978 0.0530708 0.053183 0.0531256 0.0525513 0.0509492 0.0477552 0.0426024 0.0356069 0.0274854
 0.00491147 0.00804531 0.0122374 0.0174998 0.0237048 0.0304881 0.0372307 0.0432226 0.0479299 0.0511638 0.0530436 0.0538458 0.053884 0.0534662 0.0528778 0.0523495 0.0520106 0.0518449 0.0516551 0.051044 0.0494469 0.0462748 0.0411732 0.03429 0.0263598
 0.00508208 0.00832863 0.0126757 0.0181382 0.0245844 0.0316323 0.0386285 0.0448169 0.0496209 0.0528288 0.0545655 0.0551335 0.0548718 0.0540943 0.0530779 0.0520571 0.0512007 0.0505616 0.0500076 0.0491724 0.0474857 0.0443374 0.0393586 0.0326897 0.0250499
 0.00535889 0.00877187 0.0133304 0.0190424 0.0257634 0.0330893 0.0403335 0.0467016 0.0515847 0.054753 0.0563285 0.0566232 0.0559949 0.0547812 0.0532799 0.0517388 0.0503399 0.0491633 0.0481254 0.0469183 0.0450203 0.0418453 0.0370214 0.0306606 0.0234298
 0.00558095 0.00914741 0.013922 0.0199159 0.0269724 0.0346518 0.0422105 0.0487938 0.0537529 0.0568508 0.0582283 0.0582246 0.0572202 0.0555675 0.0535748 0.0515 0.0495378 0.0477898 0.0462103 0.0445481 0.0423481 0.0390797 0.0343918 0.02837 0.0216106
 0.00577287 0.00946574 0.014414 0.0206328 0.027963 0.0359496 0.0438178 0.0506684 0.0558062 0.0589576 0.0602448 0.0600098 0.0586545 0.0565619 0.0540682 0.0514506 0.0489158 0.0465804 0.0444291 0.0422638 0.0397008 0.0362793 0.0316867 0.0259914 0.0197148
 0.00605283 0.00991237 0.0150706 0.0215348 0.029133 0.0373897 0.0455001 0.0525321 0.0577643 0.0609103 0.0620903 0.0616486 0.0599907 0.0575073 0.0545482 0.0514075 0.0483099 0.0453913 0.0426655 0.0399838 0.0370338 0.0334306 0.0289106 0.0235336 0.0177482
 0.00632102 0.0103373 0.0156892 0.0223742 0.0302054 0.0386864 0.0469849 0.0541407 0.0594152 0.0625218 0.0635929 0.0629859 0.0611112 0.0583547 0.0550575 0.0515082 0.0479347 0.0444891 0.0412178 0.0380257 0.0346737 0.0308554 0.0263612 0.0212501 0.0159057
 0.00653059 0.0106971 0.0162651 0.0232354 0.0314063 0.0402372 0.0488278 0.056149 0.0614219 0.0643648 0.0651517 0.064195 0.0619514 0.0588318 0.0551797 0.0512691 0.0473078 0.0434363 0.0397114 0.0360789 0.0323689 0.0283551 0.023887 0.0190302 0.0141103
 0.00675408 0.0110687 0.0168403 0.0240734 0.03256 0.0417355 0.0506543 0.058227 0.0636157 0.0664984 0.0670401 0.0656802 0.0629316 0.0592738 0.0551072 0.0507343 0.0463598 0.042104 0.0380089 0.0340316 0.0300476 0.0258971 0.0214853 0.0168884 0.0123827
 0.00696334 0.0114159 0.017376 0.0248495 0.03362 0.0430989 0.0523004 0.0600882 0.0655856 0.0684477 0.0688326 0.0671834 0.0640289 0.0598792 0.0551798 0.0502812 0.0454249 0.040747 0.0362902 0.0320155 0.0278208 0.0235877 0.0192602 0.0149206 0.0108025
 0.00712494 0.0116888 0.017806 0.025486 0.0345064 0.0442569 0.053714 0.0616974 0.067295 0.0701445 0.0704042 0.0685276 0.0650576 0.0605201 0.0553802 0.0500139 0.0446927 0.0395828 0.0347521 0.0301833 0.0257982 0.0215064 0.0172734 0.0131773 0.00941028
 0.00725212 0.0119097 0.0181646 0.0260326 0.035287 0.0452963 0.0549988 0.0631692 0.0688587 0.0716875 0.0718156 0.0697121 0.0659419 0.0610538 0.0555324 0.0497691 0.0440501 0.0385589 0.0333869 0.0285448 0.0239857 0.0196474 0.0155104 0.011642 0.00819252
 0.00752498 0.0123352 0.0187717 0.0268376 0.0362925 0.0464901 0.0563483 0.0646169 0.0703227 0.0730706 0.073019 0.0706498 0.0665521 0.0613038 0.0554157 0.0492977 0.0432458 0.0374501 0.0320123 0.0269622 0.0222797 0.0179291 0.013904 0.0102601 0.00710799
 0.00759574 0.0124564 0.0189654 0.0271272 0.0366978 0.0470184 0.0569895 0.0653444 0.0711029 0.0738722 0.073815 0.0714096 0.0672324 0.0618474 0.0557609 0.0493918 0.0430563 0.0369689 0.0312564 0.0259749 0.0211321 0.0167171 0.0127363 0.00923609 0.00629474
 0.00768459 0.0125863 0.0191346 0.0273273 0.0369188 0.047257 0.0572526 0.0656465 0.0714573 0.0742829 0.0742728 0.0718949 0.0677179 0.0622989 0.0561357 0.0496401 0.043128 0.0368252 0.0308814 0.0253834 0.0203722 0.0158656 0.0118851 0.00847206 0.00567892
 0.00769452 0.0125987 0.0191462 0.0273317 0.0369079 0.0472232 0.0571935 0.0655701 0.0713864 0.0742542 0.0743287 0.072069 0.0680204 0.0627098 0.0566075 0.0501075 0.0435198 0.0370765 0.030946 0.0252444 0.0200482 0.015409 0.0113703 0.00797588 0.00526067
 0.00774389 0.012666 0.0192232 0.0274028 0.0369534 0.0472268 0.0571472 0.065477 0.0712595 0.074115 0.0742059 0.071996 0.0680301 0.0628242 0.0568272 0.0504062 0.043847 0.0373683 0.031141 0.0253 0.0199528 0.0151855 0.0110686 0.0076565 0.00497591
 0.0079081 0.0129084 0.0195417 0.0277772 0.0373487 0.0475993 0.0574522 0.0656749 0.0713236 0.0740389 0.0740078 0.0717157 0.0677197 0.0625368 0.0566058 0.0502737 0.0438001 0.0373783 0.0311618 0.0252842 0.0198681 0.0150261 0.0108555 0.0074267 0.00476665
 0.00782407 0.0128126 0.0194713 0.0277881 0.0374953 0.0479054 0.0578897 0.0661658 0.0717675 0.0743502 0.0741421 0.0716756 0.0675435 0.0622813 0.0563297 0.050026 0.0436111 0.0372545 0.0310872 0.025228 0.0197987 0.0149245 0.0107221 0.0072787 0.00462716
 0.00778195 0.0127514 0.0193952 0.0277116 0.0374469 0.047928 0.058033 0.0664681 0.0722304 0.0749204 0.0747177 0.0721388 0.0678048 0.0623099 0.0561561 0.0497202 0.0432525 0.0369073 0.0307872 0.0249829 0.0195973 0.0147502 0.0105643 0.0071367 0.00450701
 0.0077818 0.0127329 0.0193345 0.027578 0.0372148 0.0475943 0.0576319 0.0660724 0.0719344 0.0748099 0.0748373 0.0724722 0.0682772 0.0628134 0.0565892 0.0500212 0.0434112 0.0369531 0.030765 0.0249308 0.0195365 0.0146874 0.0105002 0.00707275 0.00444787
 0.00776859 0.0127235 0.0193411 0.0276147 0.0372887 0.0476937 0.0577223 0.0661069 0.0718781 0.0746641 0.0746478 0.0723113 0.0682096 0.0628646 0.0567354 0.0502043 0.0435693 0.0370468 0.030787 0.0248978 0.0194734 0.0146147 0.0104297 0.00701039 0.00439639
 0.00772006 0.01264 0.0192081 0.02742 0.037029 0.0473835 0.0573968 0.0658139 0.0716594 0.0745386 0.0746088 0.0723411 0.0682979 0.0630151 0.0569551 0.0504862 0.0438842 0.0373519 0.0310435 0.0250849 0.0195912 0.0146767 0.0104539 0.00701234 0.00438772
 0.00781023 0.0127657 0.0193583 0.0275695 0.0371441 0.0474316 0.0573566 0.0656822 0.0714536 0.0742924 0.0743628 0.0721306 0.068144 0.0629254 0.0569292 0.0505208 0.0439715 0.0374756 0.0311791 0.025207 0.0196822 0.0147316 0.0104781 0.00701632 0.00438158
 0.00784338 0.0128246 0.0194548 0.0277142 0.037339 0.0476618 0.0575854 0.0658577 0.0715253 0.0742329 0.0741799 0.0718641 0.0678498 0.0626555 0.0567187 0.0503848 0.0439087 0.0374739 0.0312195 0.0252677 0.0197428 0.0147785 0.0105063 0.00702807 0.00438274
 0.00775953 0.0127043 0.0193041 0.0275504 0.0371879 0.0475512 0.0575375 0.065882 0.0716134 0.0743581 0.0743036 0.0719504 0.06788 0.0626352 0.0566731 0.0503449 0.0438986 0.0375033 0.0312841 0.0253534 0.0198324 0.0148572 0.0105654 0.00706623 0.0044036
 0.0076909 0.0125935 0.0191397 0.0273257 0.0369054 0.0472289 0.0572125 0.0656055 0.0714366 0.0743132 0.0743914 0.0721396 0.0681204 0.0628769 0.0568824 0.0505116 0.0440319 0.0376202 0.0313983 0.025469 0.0199445 0.0149566 0.0106446 0.00712226 0.00443862
 0.00775467 0.01268 0.019238 0.0274139 0.0369563 0.0472187 0.0571296 0.0654556 0.0712425 0.0741104 0.0742186 0.0720278 0.0680825 0.062904 0.0569496 0.0505904 0.0441023 0.037676 0.0314439 0.0255122 0.0199894 0.015002 0.0106857 0.00715489 0.00446108
 0.00784912 0.0128054 0.0193743 0.027524 0.0369947 0.0471467 0.0569293 0.0651366 0.0708404 0.0736789 0.0738197 0.0717196 0.0679065 0.0628756 0.0570553 0.0507941 0.0443577 0.0379409 0.0316895 0.0257242 0.0201642 0.0151409 0.0107913 0.00723032 0.00451086
 0.00775668 0.0126763 0.0192178 0.0273583 0.036837 0.047 0.0567758 0.0649447 0.0705839 0.0733574 0.0734677 0.0713972 0.067679 0.0627917 0.0571339 0.0510213 0.0446942 0.038335 0.0320903 0.0260924 0.0204763 0.0153879 0.0109747 0.00735765 0.00459295
 0.00778991 0.0127015 0.0192042 0.0272641 0.0366256 0.0466627 0.0563451 0.0644866 0.0701698 0.0730329 0.0732402 0.0712496 0.0675947 0.0627716 0.0571949 0.051181 0.0449549 0.0386766 0.0324754 0.0264779 0.0208252 0.0156765 0.0111944 0.00751188 0.00469262
 0.00862995 0.0138928 0.0206725 0.0288266 0.0380373 0.0476951 0.056855 0.0644431 0.0696408 0.0721507 0.0721618 0.0701203 0.0665224 0.0618192 0.0563908 0.0505359 0.0444722 0.0383521 0.0322926 0.026407 0.0208289 0.0157187 0.0112474 0.00755934 0.00472786
 0.00922698 0.0148849 0.0221933 0.03098 0.0408353 0.0509811 0.060262 0.0674457 0.071711 0.0729468 0.0716405 0.0685145 0.0642163 0.0592058 0.0537784 0.0481217 0.0423594 0.0365815 0.0308675 0.0253072 0.0200177 0.0151488 0.0108674 0.00731997 0.00458629
 0.00908484 0.0147522 0.0221782 0.0312515 0.0415871 0.052366 0.0623184 0.0700473 0.0745598 0.0756198 0.0736885 0.0695891 0.0641774 0.058154 0.051997 0.0459641 0.0401436 0.0345324 0.0291104 0.0238892 0.0189343 0.014365 0.0103323 0.00697683 0.00438093
 0.00897366 0.0145566 0.0218635 0.030796 0.0410122 0.0517704 0.0618919 0.0700349 0.0751721 0.0769254 0.0755475 0.0716711 0.0660628 0.0594741 0.0525497 0.0457566 0.0393535 0.0334175 0.027917 0.0227951 0.0180353 0.0136885 0.00986163 0.00667329 0.00419968
 0.0087839 0.0142818 0.0215107 0.0303891 0.0405807 0.051337 0.0614724 0.0696577 0.0749058 0.0768875 0.0758711 0.0724342 0.0672182 0.0608304 0.0538265 0.04669 0.0397931 0.0333667 0.0275026 0.0221968 0.0174159 0.0131549 0.00945897 0.00640107 0.00403302
 0.008805 0.0142899 0.0214764 0.0302736 0.0403515 0.050989 0.0610405 0.0692097 0.0745185 0.0766238 0.0757749 0.0725409 0.0675572 0.0614044 0.0545788 0.0474929 0.0404815 0.0338025 0.0276308 0.0220581 0.0171137 0.0128037 0.00914378 0.0061629 0.00387616
 0.00879723 0.0142762 0.0214524 0.0302307 0.0402746 0.0508555 0.0608258 0.0688994 0.0741237 0.0761902 0.0753774 0.072263 0.0674674 0.0615392 0.0549338 0.0480187 0.0410862 0.0343704 0.0280582 0.0222898 0.0171584 0.0127188 0.00900211 0.00602273 0.0037681
 0.00872325 0.0141625 0.0212937 0.0300269 0.0400311 0.0505824 0.0605364 0.0686076 0.0738414 0.0759265 0.0751434 0.072079 0.0673662 0.0615602 0.0551075 0.0483499 0.0415435 0.034888 0.0285523 0.0226857 0.0174154 0.0128399 0.00902341 0.00599136 0.0037225
 0.00872469 0.0141749 0.0213304 0.0301049 0.0401643 0.0507726 0.060766 0.0688394 0.0740279 0.0760235 0.0751221 0.0719338 0.067118 0.0612539 0.0548038 0.0481094 0.041408 0.0348659 0.0286166 0.0227871 0.0175044 0.012886 0.00902276 0.00595937 0.00368018
 0.00860303 0.0139802 0.0210448 0.0297185 0.0396829 0.050226 0.0602119 0.0683561 0.0736916 0.0758821 0.0751785 0.0721488 0.0674295 0.0616013 0.0551464 0.0484331 0.0417188 0.0351755 0.0289275 0.0230856 0.0177661 0.0130886 0.00915754 0.00603375 0.00371197
 0.00877995 0.0142157 0.0213027 0.0299328 0.0397757 0.0501368 0.0599238 0.067904 0.0731512 0.0753466 0.0747336 0.0718529 0.0673021 0.0616245 0.0552779 0.0486255 0.0419358 0.0353975 0.0291465 0.0232955 0.0179567 0.0132472 0.00927456 0.0061084 0.00375191
 0.0086396 0.0140677 0.0212239 0.030032 0.04015 0.0508105 0.0608065 0.0688047 0.0738505 0.0756865 0.0746736 0.0714661 0.0667259 0.0609999 0.0547078 0.0481617 0.0415882 0.0351531 0.0289853 0.0231987 0.017907 0.0132281 0.00927116 0.00610956 0.00375195
 0.00855064 0.0139051 0.0209519 0.0296227 0.0396091 0.0502054 0.0602729 0.0685091 0.0739134 0.0761114 0.0753329 0.0721608 0.0672802 0.0613299 0.0548297 0.0481513 0.0415288 0.0351018 0.0289667 0.0232132 0.0179439 0.0132741 0.00931516 0.00614455 0.00377552
 0.00871518 0.0141308 0.0212129 0.0298648 0.0397606 0.0501993 0.0600731 0.0681316 0.0734347 0.0756536 0.0750224 0.0720736 0.0674056 0.0615794 0.055088 0.0483335 0.0416097 0.0351056 0.028936 0.0231829 0.0179302 0.0132777 0.00932898 0.00616082 0.00378907
 0.00862738 0.0140225 0.0211111 0.0298099 0.0397874 0.0503114 0.0602265 0.0682446 0.0734243 0.0754801 0.0747169 0.0717293 0.0671358 0.0614653 0.0551446 0.0485128 0.041835 0.035312 0.029093 0.023291 0.0180048 0.0133331 0.00937277 0.00619488 0.00381356
 0.00863936 0.0140269 0.0210921 0.0297494 0.0396765 0.050164 0.0600832 0.0681576 0.073427 0.0755618 0.0748233 0.0717942 0.0671229 0.0613895 0.0550583 0.0484699 0.0418594 0.0353914 0.0291953 0.0233872 0.0180804 0.0133872 0.00941046 0.00622121 0.00383164
 0.00873009 0.0141691 0.0212948 0.0300134 0.03999 0.0504991 0.0603975 0.0684041 0.0735715 0.0755961 0.0747639 0.0716656 0.0669411 0.0611601 0.0547895 0.0481838 0.0415896 0.0351682 0.029032 0.0232784 0.0180112 0.0133432 0.00938224 0.00620368 0.00382168
 0.00884107 0.0143804 0.0216674 0.0306169 0.0408778 0.0516726 0.0617767 0.0698285 0.0748368 0.0765138 0.0752128 0.0716163 0.0664481 0.0603321 0.053754 0.0470614 0.04048 0.0341469 0.0281494 0.0225592 0.0174568 0.0129381 0.00910191 0.0060209 0.00371034
 0.00844386 0.013735 0.0207041 0.0292897 0.0391974 0.0497433 0.0598173 0.0681426 0.073727 0.076175 0.0756656 0.0727137 0.0679446 0.0619699 0.0553281 0.048446 0.0416242 0.0350529 0.0288475 0.0230885 0.0178527 0.0132283 0.0093072 0.00615869 0.00379672
 0.00859444 0.0139377 0.0209284 0.0294747 0.03926 0.0495992 0.0594078 0.067462 0.072843 0.0752296 0.0748443 0.0721873 0.0678069 0.0622071 0.0558349 0.0490766 0.0422471 0.0355838 0.0292546 0.023378 0.018049 0.0133581 0.00939197 0.00621308 0.00383035
 0.00867801 0.0141173 0.0212749 0.0300686 0.0401554 0.0507745 0.0607312 0.0687034 0.0737411 0.0755858 0.0745961 0.0714256 0.0667347 0.0610618 0.05481 0.048274 0.0416751 0.0351909 0.0289743 0.02316 0.0178688 0.0132102 0.00927765 0.00613211 0.00377839
 0.00845151 0.0137559 0.0207493 0.0293707 0.0393169 0.0498846 0.0599368 0.0681756 0.0736079 0.0758659 0.0751809 0.0721277 0.0673758 0.0615452 0.0551394 0.0485176 0.041908 0.0354527 0.02926 0.0234385 0.018108 0.0133926 0.00940311 0.00621102 0.00382429
 0.00873747 0.0141953 0.0213605 0.0301469 0.040221 0.0508472 0.0608615 0.068957 0.0741623 0.0761583 0.0752255 0.0719614 0.0670261 0.0610218 0.0544535 0.0477089 0.0410512 0.0346367 0.0285564 0.0228816 0.0176957 0.0131019 0.00920566 0.00608199 0.0037442
 0.00876964 0.0142644 0.0214949 0.0303816 0.0405863 0.051352 0.0614791 0.0696228 0.0747888 0.0766606 0.0755462 0.0720821 0.0669622 0.0608045 0.0541128 0.0472688 0.0405379 0.0340884 0.0280221 0.0224082 0.0173135 0.0128184 0.0090105 0.00595624 0.00366814
 0.00843817 0.0137181 0.0206641 0.0292108 0.0390632 0.0495443 0.0595583 0.0678481 0.0734412 0.0759547 0.075566 0.0727707 0.0681595 0.0623051 0.0557166 0.048813 0.0419103 0.0352295 0.0289189 0.0230815 0.0178019 0.0131632 0.00924688 0.00611169 0.00376446
 0.00815532 0.0132796 0.0200426 0.0283909 0.0380399 0.048323 0.0581652 0.0663484 0.0719552 0.074655 0.0746473 0.0723969 0.0684086 0.063141 0.0570011 0.0503505 0.0435016 0.0367139 0.0301943 0.0241045 0.0185751 0.0137174 0.00962441 0.00635549 0.00391262
#obs surv len freq
 nan nan nan nan nan nan nan nan nan nan nan nan nan nan nan nan nan nan nan nan nan nan nan nan nan
 0.00448282 0.00734349 0.0111731 0.0159896 0.0216911 0.0279679 0.0342834 0.0400157 0.0446958 0.0481597 0.0505172 0.0520124 0.052904 0.0534157 0.0537295 0.053984 0.0542622 0.0545548 0.0546934 0.0542853 0.0527233 0.0493555 0.0438053 0.0362855 0.0276693
 0.00461877 0.00756469 0.011506 0.0164581 0.0223108 0.0287372 0.0351747 0.040973 0.0456415 0.0490095 0.051196 0.0524653 0.0531021 0.0533573 0.0534355 0.0534908 0.0536128 0.0537915 0.0538551 0.0534087 0.0518471 0.0485225 0.04306 0.0356655 0.0271954
 0.00477827 0.00782803 0.0119097 0.0170384 0.0230959 0.0297352 0.0363614 0.0422866 0.0469907 0.0502894 0.0523045 0.0533151 0.0536288 0.0535242 0.0532364 0.0529482 0.0527716 0.0527106 0.0526005 0.0520505 0.0504605 0.0471882 0.041858 0.0346621 0.0264271
 0.00496948 0.00813988 0.0123812 0.0177071 0.0239916 0.0308695 0.0377156 0.0438057 0.0485881 0.0518594 0.0537368 0.0545056 0.0544875 0.0539822 0.0532519 0.0525106 0.0519022 0.0514602 0.0510453 0.0502879 0.0486061 0.0453693 0.0402008 0.0332693 0.0253568
 0.00518066 0.00848673 0.0129097 0.0184623 0.0250087 0.0321602 0.0392542 0.0455249 0.0503888 0.0536294 0.0553671 0.0558976 0.0555539 0.0546475 0.053455 0.052211 0.0510874 0.0501527 0.0493077 0.0482252 0.0463627 0.0431177 0.0381174 0.0315014 0.0239899
 0.00542239 0.0088795 0.0135007 0.0192957 0.0261185 0.0335574 0.0409133 0.0473782 0.052334 0.0555479 0.0571417 0.0574241 0.0567447 0.0554301 0.0537696 0.0520096 0.0503383 0.0488512 0.0474906 0.045985 0.0438523 0.0405395 0.0356914 0.0294181 0.0223663
 0.00566515 0.00927924 0.0141116 0.020171 0.0272996 0.0350573 0.0426995 0.0493687 0.0544101 0.0575788 0.0590058 0.0590192 0.0579884 0.0562562 0.0541238 0.0518463 0.0496214 0.0475624 0.0456466 0.0436591 0.0411904 0.0377547 0.0330307 0.027106 0.0205483
 0.0058991 0.00966322 0.0146966 0.0210077 0.0284296 0.0364986 0.0444309 0.0513216 0.0564769 0.0596314 0.0609156 0.060672 0.0592913 0.0571386 0.054533 0.0517415 0.0489695 0.0463422 0.0438642 0.0413724 0.0385308 0.0349306 0.0302966 0.0247036 0.0186425
 0.00613421 0.0100493 0.0152849 0.0218485 0.0295628 0.0379385 0.0461509 0.0532491 0.0585033 0.0616332 0.0627731 0.0622801 0.0605624 0.0580029 0.0549371 0.0516447 0.0483411 0.0451628 0.0421376 0.0391475 0.0359265 0.0321433 0.0275757 0.0222936 0.0167168
 0.00637155 0.0104361 0.0158688 0.022675 0.0306666 0.0393306 0.0478045 0.0550942 0.0604358 0.0635339 0.0645273 0.0637883 0.0617452 0.0587991 0.0553004 0.0515393 0.0477388 0.0440449 0.0405056 0.0370439 0.033458 0.0294904 0.0249725 0.0199751 0.0148541
 0.00662231 0.0108476 0.016495 0.0235673 0.0318626 0.0408368 0.0495794 0.0570447 0.0624329 0.0654399 0.0662204 0.0651755 0.0627623 0.0594061 0.0554739 0.051265 0.0470061 0.0428471 0.0388497 0.03497 0.0310625 0.026937 0.0224759 0.017753 0.0130669
 0.00685716 0.0112341 0.0170851 0.0244122 0.0330021 0.0422829 0.051299 0.058953 0.0644045 0.0673324 0.0678997 0.0665329 0.0637229 0.059929 0.0555458 0.0508898 0.0461947 0.0416125 0.0372126 0.0329751 0.0287992 0.0245517 0.0201588 0.0156974 0.0114157
 0.00706853 0.0115812 0.0176141 0.0251683 0.034021 0.0435765 0.0528412 0.0606734 0.0661969 0.0690738 0.069469 0.0678247 0.0646555 0.0604483 0.0556266 0.0505311 0.0454121 0.0404319 0.0356692 0.0311231 0.0267267 0.0223907 0.0180755 0.0138583 0.00994242
 0.0072662 0.0119071 0.0181127 0.0258832 0.0349858 0.0448 0.054293 0.06228 0.0678523 0.070661 0.0708793 0.0689686 0.0654662 0.0608817 0.0556596 0.0501599 0.0446496 0.0393044 0.0342172 0.0294062 0.024833 0.0204415 0.0162161 0.0122299 0.00864537
 0.00746015 0.012223 0.0185893 0.0265566 0.0358823 0.0459248 0.055618 0.0637392 0.0693503 0.0720899 0.0721371 0.0699718 0.0661549 0.0612204 0.055634 0.0497726 0.0439159 0.0382508 0.032883 0.0278493 0.0231363 0.0187149 0.0145858 0.0108143 0.0075256
 0.00753603 0.0123526 0.0187964 0.0268686 0.0363259 0.046519 0.0563656 0.064622 0.0703299 0.0731123 0.0731383 0.0708827 0.0669078 0.0617548 0.0559032 0.0497473 0.0435854 0.0376225 0.0319835 0.0267267 0.0218638 0.0173894 0.0133173 0.00970469 0.00664431
 0.00759569 0.0124418 0.0189171 0.0270198 0.0365077 0.0467372 0.0566341 0.0649601 0.0707547 0.0736296 0.0737361 0.0715286 0.0675518 0.0623358 0.0563571 0.0500162 0.0436249 0.0374087 0.0315171 0.0260362 0.0210065 0.0164474 0.012386 0.00887372 0.0059762
 0.00764044 0.0125073 0.019002 0.0271179 0.0366094 0.0468327 0.0567179 0.0650347 0.0708339 0.0737382 0.0739041 0.0717801 0.0678921 0.0627435 0.0567849 0.0503995 0.0438959 0.0375106 0.0314157 0.0257287 0.020524 0.0158512 0.0117556 0.0082874 0.0054923
 0.00770984 0.0126123 0.0191451 0.0272952 0.0368105 0.0470414 0.0569138 0.0651961 0.0709438 0.0737917 0.0739132 0.0717725 0.0679028 0.0628015 0.0568999 0.050555 0.0440509 0.0376107 0.0314101 0.0255861 0.0202442 0.0154667 0.0113223 0.00786784 0.00513671
 0.00780501 0.0127614 0.0193582 0.0275764 0.0371549 0.0474324 0.0573206 0.0655761 0.0712508 0.0739882 0.0739809 0.0717178 0.067754 0.0626011 0.0566923 0.050373 0.0439052 0.0374871 0.0312768 0.0254091 0.0200038 0.0151678 0.0109933 0.00754905 0.00486461
 0.00781007 0.0127743 0.0193864 0.0276298 0.0372439 0.0475639 0.0574942 0.065782 0.0714706 0.0741978 0.074155 0.0718354 0.0678036 0.0625846 0.0566252 0.0502787 0.0438058 0.0373937 0.0311848 0.0253023 0.0198654 0.0149922 0.0107916 0.00734488 0.00468372
 0.00784623 0.0128233 0.0194426 0.027683 0.037284 0.0475872 0.0575075 0.065801 0.0715126 0.0742729 0.0742607 0.0719561 0.0679169 0.062669 0.0566672 0.0502767 0.0437684 0.0373334 0.0311108 0.0252166 0.019764 0.0148723 0.0106574 0.00720892 0.00456152
 0.00784873 0.0128276 0.0194491 0.0276911 0.0372909 0.0475872 0.0574928 0.065766 0.071459 0.0742135 0.0742166 0.0719483 0.0679562 0.0627503 0.0567718 0.050381 0.0438533 0.0373888 0.0311352 0.025212 0.0197335 0.0148192 0.0105876 0.00713182 0.00448822
 0.00787831 0.0128667 0.0194915 0.0277258 0.0373057 0.0475736 0.0574502 0.0657008 0.0713814 0.0741333 0.0741427 0.0718902 0.0679241 0.0627532 0.0568126 0.0504527 0.0439406 0.0374738 0.0312027 0.0252536 0.019747 0.0148074 0.0105567 0.0070903 0.00444519
 0.00790185 0.0129054 0.0195496 0.0278061 0.0374062 0.0476852 0.0575553 0.0657772 0.0714097 0.0741055 0.0740651 0.0717806 0.0678051 0.0626453 0.0567307 0.0504044 0.0439247 0.0374818 0.0312219 0.025271 0.0197535 0.0147995 0.0105361 0.00706227 0.00441587
 0.00789831 0.012899 0.0195393 0.027791 0.037387 0.0476649 0.0575391 0.0657702 0.0714135 0.0741159 0.0740734 0.0717782 0.0677888 0.0626197 0.0567056 0.0503905 0.0439292 0.0375054 0.0312588 0.0253117 0.0197884 0.0148221 0.0105446 0.00705922 0.0044062
 0.00791024 0.0129119 0.0195468 0.0277835 0.0373547 0.0476022 0.0574488 0.0656641 0.0713095 0.0740317 0.0740214 0.0717616 0.0678025 0.0626535 0.0567499 0.0504398 0.0439822 0.0375629 0.0313201 0.025373 0.0198438 0.0148658 0.0105739 0.00707472 0.0044114
 0.00788105 0.0128683 0.0194879 0.0277102 0.0372686 0.0475037 0.0573375 0.0655406 0.0711786 0.0739053 0.0739167 0.071697 0.0677904 0.0626959 0.0568383 0.0505588 0.044116 0.0376986 0.0314491 0.0254897 0.0199437 0.0149456 0.0106322 0.00711285 0.00443322
 0.00787046 0.0128455 0.0194436 0.0276337 0.0371509 0.047344 0.0571461 0.0653382 0.0709895 0.0737496 0.0738065 0.0716369 0.0677818 0.0627386 0.0569296 0.0506914 0.0442774 0.0378731 0.0316217 0.0256481 0.0200796 0.0150547 0.0107133 0.00716822 0.00446743
 0.00787276 0.0128467 0.0194404 0.0276202 0.0371195 0.047286 0.0570542 0.0652099 0.0708304 0.0735748 0.0736378 0.0714977 0.0676899 0.0627033 0.0569514 0.0507645 0.0443914 0.0380146 0.0317755 0.0257995 0.0202161 0.0151681 0.0108 0.00722901 0.00450623
 0.00784095 0.0127985 0.0193745 0.0275375 0.0370225 0.0471779 0.0569382 0.065089 0.0707077 0.0734542 0.0735253 0.0714023 0.0676234 0.0626774 0.056974 0.050837 0.0445081 0.0381642 0.0319429 0.0259687 0.0203727 0.0153012 0.010904 0.00730335 0.00455466
 0.00778892 0.0127117 0.0192405 0.027345 0.0367659 0.0468635 0.0565881 0.0647398 0.0704012 0.0732252 0.0733929 0.071368 0.0676767 0.0628027 0.0571562 0.0510628 0.0447653 0.0384396 0.0322215 0.0262345 0.0206108 0.0155003 0.0110584 0.0074137 0.00462689
 0.00776763 0.0126724 0.0191724 0.027235 0.0366011 0.0466359 0.0563003 0.0644079 0.0700546 0.0729017 0.0731313 0.0711996 0.0676181 0.0628535 0.0573017 0.0512807 0.0450315 0.0387317 0.0325196 0.0265206 0.020869 0.0157182 0.0112293 0.0075373 0.00470873
 0.00774241 0.0126305 0.0191074 0.0271399 0.036469 0.0464615 0.0560823 0.0641511 0.0697712 0.0726115 0.0728607 0.0709785 0.0674749 0.0628082 0.0573613 0.0514371 0.0452645 0.0390146 0.0328244 0.0268216 0.021145 0.0159537 0.0114157 0.00767331 0.00479962
 0.00932557 0.0148474 0.0217849 0.0298962 0.0388251 0.0480177 0.0566581 0.063811 0.0687434 0.0711697 0.0712384 0.0693398 0.0659232 0.0614071 0.0561487 0.0504319 0.0444686 0.0384148 0.0323959 0.0265332 0.0209642 0.0158499 0.0113626 0.00765033 0.00479224
 0.00930376 0.015106 0.0226925 0.0319104 0.0422938 0.0529102 0.0623941 0.0693551 0.0729722 0.0733138 0.071135 0.0673758 0.0627654 0.0577167 0.0524188 0.0469601 0.0414031 0.0358118 0.0302607 0.024842 0.0196752 0.0149103 0.0107122 0.00722654 0.00453457
 0.00897385 0.0145866 0.0219639 0.0310225 0.0414192 0.0523802 0.0626595 0.0708242 0.0757655 0.0770814 0.0750997 0.0706269 0.0646373 0.0580195 0.0514089 0.0451287 0.0392458 0.0336937 0.0283906 0.0233069 0.0184866 0.0140388 0.0101088 0.00683417 0.00429679
 0.00879562 0.0142868 0.0214948 0.0303371 0.0404893 0.0512298 0.0614066 0.0697084 0.0751279 0.0772698 0.0763134 0.0727713 0.0672909 0.0605705 0.053302 0.0460764 0.0392856 0.0330904 0.0274741 0.0223479 0.0176485 0.0133878 0.0096474 0.00653278 0.00411499
 0.00871384 0.0141501 0.0212812 0.0300212 0.0400445 0.0506351 0.060658 0.0688363 0.0742167 0.0764718 0.0758383 0.0728332 0.0680141 0.0618969 0.0549687 0.0477003 0.0405198 0.0337572 0.0276006 0.0221017 0.0172327 0.0129618 0.00929857 0.00628662 0.00396065
 0.00868653 0.0141017 0.0212006 0.0298944 0.0398562 0.0503713 0.0603096 0.0684015 0.0737049 0.075911 0.0752874 0.0723903 0.0678074 0.0620444 0.0555162 0.0485723 0.0415262 0.034665 0.0282323 0.0223988 0.0172516 0.012818 0.00910378 0.0061128 0.00383614
 0.00868746 0.0141018 0.0211977 0.0298844 0.0398326 0.0503247 0.0602278 0.0682713 0.0735143 0.0756542 0.0749703 0.0720386 0.0674726 0.0618026 0.05545 0.0487362 0.0419101 0.0351829 0.0287523 0.0228006 0.0174758 0.0128774 0.00905686 0.00602486 0.0037525
 0.00869314 0.01411 0.021208 0.0298955 0.0398422 0.0503295 0.0602232 0.0682507 0.0734694 0.0755752 0.0748489 0.0718716 0.0672687 0.0615878 0.0552686 0.0486413 0.0419424 0.0353476 0.0290087 0.0230763 0.0177 0.0130112 0.00910242 0.0060119 0.00371578
 0.00866693 0.0140727 0.0211619 0.0298458 0.0397959 0.0502923 0.0601977 0.068236 0.0734612 0.0755672 0.0748332 0.0718403 0.0672154 0.0615123 0.0551811 0.0485645 0.0419066 0.0353775 0.0291089 0.023225 0.0178576 0.0131393 0.00918113 0.00604344 0.00371642
 0.00866176 0.0140615 0.0211399 0.0298081 0.039739 0.0502182 0.0601149 0.0681584 0.0734029 0.0755368 0.0748301 0.0718555 0.0672358 0.0615257 0.055181 0.0485533 0.041896 0.0353844 0.0291471 0.0232964 0.0179494 0.0132303 0.00925228 0.00608664 0.00373494
 0.00863551 0.0140229 0.0210893 0.0297477 0.0396723 0.0501474 0.0600412 0.068083 0.0733296 0.0754732 0.0747862 0.0718396 0.0672501 0.0615646 0.0552337 0.0486089 0.0419484 0.0354349 0.0292014 0.0233597 0.0180209 0.0133023 0.0093144 0.00613156 0.00376146
 0.00862495 0.0140035 0.0210564 0.0296964 0.0395992 0.050054 0.059935 0.0679764 0.073236 0.0754024 0.0747428 0.0718239 0.0672605 0.0615989 0.0552881 0.0486772 0.0420235 0.0355105 0.0292748 0.0234304 0.0180889 0.0133655 0.00936867 0.00617303 0.00378893
 0.00862194 0.0139991 0.0210503 0.0296881 0.0395874 0.0500359 0.0599067 0.0679345 0.0731803 0.0753372 0.0746766 0.0717667 0.0672206 0.0615808 0.0552922 0.0487011 0.0420626 0.0355596 0.0293287 0.0234854 0.018142 0.0134142 0.00941047 0.0062058 0.00381182
 0.00862839 0.0140066 0.0210562 0.0296884 0.0395777 0.0500138 0.0598728 0.0678921 0.0731335 0.0752894 0.0746301 0.0717236 0.0671842 0.0615554 0.0552819 0.0487081 0.0420862 0.0355966 0.0293745 0.0235349 0.0181908 0.0134588 0.00944832 0.00623529 0.00383267
 0.00863281 0.0140172 0.0210782 0.0297276 0.0396383 0.0500942 0.0599637 0.0679779 0.0731969 0.0753179 0.0746195 0.071678 0.067113 0.0614702 0.0551942 0.0486278 0.0420207 0.0355499 0.0293469 0.0235239 0.0181923 0.0134679 0.00946073 0.0062476 0.00384278
 0.00863281 0.0140172 0.0210782 0.0297276 0.0396383 0.0500942 0.0599637 0.0679779 0.0731969 0.0753179 0.0746195 0.071678 0.067113 0.0614702 0.0551942 0.0486278 0.0420207 0.0355499 0.0293469 0.0235239 0.0181923 0.0134679 0.00946073 0.0062476 0.00384278
 0.00869686 0.014118 0.0212235 0.0299219 0.0398811 0.0503779 0.0602715 0.0682825 0.0734642 0.0755132 0.0747158 0.0716626 0.0669902 0.0612596 0.0549255 0.0483338 0.0417309 0.0352866 0.0291239 0.023347 0.0180606 0.0133763 0.00940128 0.00621194 0.00382315
 0.00886761 0.0143958 0.0216403 0.0305032 0.0406355 0.0512836 0.061265 0.0692622 0.0743107 0.0761204 0.0750157 0.0716352 0.0666595 0.0606817 0.0541754 0.0474925 0.0408745 0.0344778 0.0284074 0.0227484 0.0175883 0.013025 0.00915593 0.00605196 0.00372639
 0.00839738 0.0136701 0.0206243 0.0292011 0.0391009 0.049628 0.0596592 0.0679164 0.0734265 0.0758301 0.075341 0.072487 0.0678738 0.062071 0.0555724 0.048776 0.041977 0.0353779 0.0291152 0.0232892 0.0179913 0.0133168 0.00935954 0.00618715 0.0038107
 0.00858463 0.0139105 0.0208678 0.0293613 0.039079 0.0493509 0.0591138 0.0671613 0.072578 0.0750306 0.074724 0.0721461 0.0678429 0.0623197 0.0560204 0.0493204 0.0425221 0.0358565 0.0294949 0.0235675 0.0181834 0.0134438 0.00944103 0.00623799 0.00384132
 0.00879554 0.0142733 0.0214447 0.0302059 0.0402044 0.0506895 0.0604952 0.0683384 0.0733047 0.0751568 0.0742519 0.07122 0.0666833 0.0611438 0.0549836 0.0484951 0.0419084 0.0354119 0.0291664 0.0233131 0.0179793 0.0132812 0.00931749 0.00615091 0.00378524
 0.00858065 0.0139526 0.021019 0.0297042 0.0396872 0.0502448 0.0602243 0.0683247 0.0735734 0.0756459 0.0748238 0.0717161 0.0669946 0.0612524 0.0549528 0.0484221 0.0418726 0.0354471 0.0292627 0.0234379 0.0180999 0.0133775 0.00938399 0.00619173 0.00380796
 0.00880685 0.0142835 0.0214483 0.0302023 0.0402093 0.0507464 0.0606739 0.0687102 0.0738982 0.0759183 0.0750396 0.0718462 0.0669873 0.061057 0.0545531 0.0478561 0.0412232 0.0348092 0.0287094 0.0230029 0.0177821 0.0131567 0.00923588 0.00609569 0.00374847
 0.00875409 0.014231 0.0214291 0.030263 0.0403923 0.0510647 0.0610949 0.0691619 0.0742996 0.0762145 0.0752207 0.0719366 0.0670173 0.061037 0.0544685 0.0476841 0.0409578 0.0344744 0.0283519 0.0226722 0.0175113 0.0129567 0.00909997 0.00600947 0.00369698
 0.00836878 0.0136089 0.0205064 0.0289989 0.0387948 0.0492219 0.0591918 0.0674564 0.0730534 0.075608 0.0753019 0.0726285 0.0681667 0.062468 0.0560152 0.0492051 0.0423429 0.0356528 0.0292962 0.0233925 0.0180407 0.0133341 0.00936058 0.00618157 0.00380387
 0.00832259 0.0134943 0.0202604 0.0285376 0.0380332 0.0481088 0.0577449 0.065783 0.0713419 0.0740934 0.0742119 0.0721262 0.0683089 0.0631967 0.0571843 0.0506267 0.0438331 0.0370623 0.0305251 0.0243919 0.0188049 0.0138869 0.00973958 0.00642745 0.00395378
#pred catch len freq
 0.00310382 0.0050673 0.00769992 0.0110629 0.0152034 0.0201007 0.0256075 0.0314478 0.0372783 0.0427592 0.0476033 0.05161 0.0546902 0.056867 0.0582479 0.0589909 0.0592798 0.05929 0.0591084 0.0585997 0.0572996 0.0544782 0.0494621 0.0420987 0.0330433
 0.0033499 0.00539911 0.00807516 0.0114051 0.0154298 0.020162 0.025514 0.0312619 0.0370755 0.0425852 0.0474573 0.0514642 0.0545292 0.0567186 0.0581844 0.0590976 0.059606 0.0598052 0.0596883 0.0590578 0.0574578 0.0542453 0.0488774 0.0413116 0.0322417
 0.00340853 0.00553957 0.00836406 0.0119166 0.0162083 0.0211751 0.026628 0.032271 0.0377821 0.042885 0.0473723 0.0511059 0.0540279 0.0561747 0.0576641 0.058654 0.0592871 0.0596337 0.059629 0.0590071 0.0572784 0.0538336 0.0482223 0.040504 0.0314277
 0.00355679 0.00575896 0.00866004 0.0122959 0.0166962 0.0218293 0.0275277 0.0334698 0.039242 0.0444388 0.0487568 0.0520613 0.054406 0.0559851 0.0570411 0.0577807 0.0583288 0.058702 0.0587677 0.0581938 0.0564466 0.0529188 0.0472129 0.0394617 0.0304613
 0.00373093 0.00604314 0.00908814 0.0128963 0.0174831 0.0227941 0.0286381 0.0346832 0.0405257 0.045774 0.0501103 0.0533423 0.0554515 0.0566051 0.057101 0.0572653 0.0573424 0.0574124 0.0573336 0.056718 0.0549709 0.0514554 0.0457867 0.0381335 0.0293149
 0.00391903 0.00634667 0.00954223 0.0135358 0.0183404 0.0238916 0.0299756 0.0362245 0.042194 0.0474632 0.0517077 0.0547492 0.0565851 0.0573829 0.0574309 0.0570622 0.0565703 0.0561157 0.0556318 0.0547653 0.0529141 0.0494169 0.0438716 0.0364394 0.0279237
 0.00417613 0.0067533 0.0101342 0.0143423 0.019383 0.0251818 0.0315075 0.0379659 0.0440816 0.0494022 0.0535787 0.0564213 0.0579342 0.0583065 0.0578515 0.056923 0.055835 0.0547835 0.0537587 0.0524734 0.0503782 0.0468364 0.0414411 0.0343222 0.0262283
 0.00439508 0.00711371 0.0106855 0.0151348 0.02046 0.0265663 0.0331872 0.039886 0.0461502 0.0515052 0.0555941 0.0582287 0.0594199 0.0593678 0.0584017 0.056894 0.055181 0.0534887 0.0518529 0.050051 0.0476068 0.0439435 0.0386762 0.0319056 0.0243042
 0.00460637 0.0074549 0.0111967 0.015857 0.0214339 0.0278266 0.0347504 0.0417355 0.0482247 0.0536971 0.0577609 0.0602141 0.0610787 0.0605827 0.0590856 0.0569844 0.0546335 0.0522801 0.0499973 0.0476235 0.0447629 0.0409162 0.0357406 0.0293179 0.0222385
 0.004844 0.00783117 0.0117456 0.0166073 0.022409 0.029043 0.0362116 0.0434247 0.0500991 0.0556858 0.0597653 0.0621126 0.0627371 0.0618694 0.059887 0.0572131 0.0542294 0.0512113 0.0482691 0.0452987 0.0419842 0.0379104 0.0327888 0.0266918 0.0201304
 0.00511683 0.008258 0.0123575 0.0174241 0.0234391 0.0302823 0.0376405 0.0450047 0.0517751 0.0573924 0.061433 0.0636693 0.0641054 0.0629643 0.0606165 0.0574841 0.0539578 0.050335 0.0467652 0.0432059 0.0394245 0.035094 0.0299864 0.0241737 0.0180944
