SBPRF35
9.92852
Curr Bio
608445
B35
715249
F35
0.191626
FOFL
0.164114
OFL
81280.8
Bzero
2.83672e+006
#pred survey bio
 3.41062e+006 3.11634e+006 2.80246e+006 2.52447e+006 2.25048e+006 1.99415e+006 1.78291e+006 1.56361e+006 1.39725e+006 1.23358e+006 1.09638e+006 964006 871460 802485 736448 711690 676584 643907 629241 615206 605314 593228 592519 594348 578881 573354 563172 556635 550005 551501 539588 525692 513832 506814 510480 518586 531270 536922 544798 549148 560451 558122 557575 559651 560973 548096 548632 506681 555827 578759 649552 656233 653747 629336 602854 603187 615064 2.1841e+007 1.3369e+007 1.38758e+007 1.48172e+007 1.59979e+007 1.7214e+007 1.83311e+007 1.92847e+007 2.00592e+007 2.06672e+007 2.11333e+007 2.14851e+007 2.1748e+007 2.19433e+007 2.20881e+007 2.21956e+007 2.22754e+007 2.23351e+007 2.23798e+007 2.24135e+007 2.2439e+007 2.24585e+007 2.24734e+007 2.24849e+007 2.24938e+007 2.25007e+007 2.2506e+007 2.25102e+007 2.25135e+007 2.25161e+007 2.25181e+007 2.25197e+007 2.2521e+007 2.2522e+007 2.25228e+007 2.25234e+007 2.25239e+007 2.25243e+007 2.25246e+007 2.25248e+007 2.2525e+007 2.25252e+007 2.25253e+007 2.25254e+007 2.25255e+007 2.25256e+007 2.25256e+007 2.25257e+007 2.25257e+007 2.25257e+007 2.25257e+007 2.25258e+007 2.25258e+007 2.25258e+007 2.25258e+007 2.25258e+007 2.25258e+007 2.25258e+007 2.25258e+007 2.25258e+007 2.25258e+007 2.25258e+007 2.25258e+007 2.25258e+007 2.25258e+007 2.25258e+007 2.25258e+007 2.25258e+007 2.25258e+007 2.25258e+007 2.25258e+007 2.25258e+007 2.25258e+007 2.25258e+007 2.25258e+007 2.25258e+007 2.25258e+007 2.25258e+007 2.25258e+007 2.25258e+007 2.25258e+007 2.25258e+007 2.25258e+007 2.25258e+007 2.25258e+007 2.25258e+007 2.25258e+007 2.25258e+007 2.25258e+007 2.25258e+007 2.25258e+007 2.25258e+007 2.25258e+007 2.25258e+007 2.25258e+007 2.25258e+007 2.25258e+007 2.25258e+007 2.25258e+007 2.25258e+007 0 0 0 0 0 0 0 0 0 0 0 0 0 0 0 0 0 0 0 0 0 0 0 0 0
#obs survey bio
 2.48387e+006 2.77443e+006 2.3367e+006 1.91137e+006 2.44798e+006 2.24098e+006 1.9908e+006 1.66258e+006 898514 1.2077e+006 913363 767961 650524 580917 736649 703349 556079 1.03296e+006 842150 796497 540971 461459 519725 446196 551389 896415 536973 581050 586516 669654 434364 411481 483930 490312 485580 494844 670566 566358 463130 647698 545028 656234 516590 799358 601136 738779 400016 674424 375974 631778 624608 904180 672658 743852 505766 503829 602815
#pred catch bio
 265791 301459 289427 305726 307904 283142 302940 265322 268763 247182 241443 204327 181575 175541 137336 143267 136743 117524 114300 109017 109767 99676.4 97265.5 110168 99131.8 100579 95273.6 93650.9 85383.6 94846.3 94059 91954.6 90764.3 86046.9 85785.6 84139.9 91105 89734 92958.9 87236 98365.9 96053.4 93218.4 92584.9 102251 89231.4 123591 48173.3 74586.7 38195.1 94946.9 102391 120880 122304 100634 92920.1 95559.2 81280.8 95385.2 97790.7 103276 111055 119262 126748 133020 137982 141750 144526 146524 147936 148920 149598 150062 150376 150588 150731 150826 150890 150932 150960 150978 150991 150999 151004 151008 151010 151012 151013 151013 151014 151014 151014 151014 151014 151015 151015 151015 151015 151015 151015 151015 151015 151015 151015 151015 151015 151015 151015 151015 151015 151015 151015 151015 151015 151015 151015 151015 151015 151015 151015 151015 151015 151015 151015 151015 151015 151015 151015 151015 151015 151015 151015 151015 151015 151015 151015 151015 151015 151015 151015 151015 151015 151015 151015 151015 151015 151015 151015 151015 151015 151015 151015 151015 151015 151015 151015 151015 0 0 0 0 0 0 0 0 0 0 0 0 0 0 0 0 0 0 0 0 0 0 0 0 0
#obs catch bio
 241982 302554 290902 308989 311389 285277 307050 268515 274173 251196 244288 205693 183267 177732 137940 144718 138160 117628 114086 108745 110025 100029 97858.2 110877 99434.8 100336 95282.8 93749.5 85415.7 94733.7 94306.3 92500.2 90999.6 86086.2 85776.6 84066.9 90890.6 89490.7 93096.7 86830.2 98073.9 95433.5 93180.5 92278.5 101268 87708.9 123086 47410.3 75080.8 37735.3 95703.7 102352 120888 122286 100428 92870.7 95568.5
#pred cpue bio
 3.35288e+006 3.06133e+006 2.74957e+006 2.47243e+006 2.19987e+006 1.94519e+006 1.73521e+006 1.51769e+006 1.35269e+006 1.19106e+006 1.05617e+006 926369 835583 768130 703888 680013 646276 615064 601359 587967 578333 566467 565737 567763 553117 548224 538754 532623 526339 528078 516876 503578 491330 482976 485484 493206 505751 511439 519134 523451 534630 532556 532080 534277 536076 523988 524560 483298 530684 553113 622329 629058 626320 601880 575468 575331 586924 2.08754e+007 1.27968e+007 1.31829e+007 1.39947e+007 1.51322e+007 1.63385e+007 1.74537e+007 1.8407e+007 1.91815e+007 1.97895e+007 2.02556e+007 2.06074e+007 2.08702e+007 2.10655e+007 2.12104e+007 2.13178e+007 2.13977e+007 2.14573e+007 2.1502e+007 2.15357e+007 2.15613e+007 2.15808e+007 2.15957e+007 2.16072e+007 2.1616e+007 2.16229e+007 2.16283e+007 2.16325e+007 2.16357e+007 2.16383e+007 2.16403e+007 2.16419e+007 2.16432e+007 2.16442e+007 2.1645e+007 2.16456e+007 2.16461e+007 2.16465e+007 2.16468e+007 2.16471e+007 2.16473e+007 2.16474e+007 2.16476e+007 2.16477e+007 2.16478e+007 2.16478e+007 2.16479e+007 2.16479e+007 2.16479e+007 2.1648e+007 2.1648e+007 2.1648e+007 2.1648e+007 2.1648e+007 2.1648e+007 2.1648e+007 2.16481e+007 2.16481e+007 2.16481e+007 2.16481e+007 2.16481e+007 2.16481e+007 2.16481e+007 2.16481e+007 2.16481e+007 2.16481e+007 2.16481e+007 2.16481e+007 2.16481e+007 2.16481e+007 2.16481e+007 2.16481e+007 2.16481e+007 2.16481e+007 2.16481e+007 2.16481e+007 2.16481e+007 2.16481e+007 2.16481e+007 2.16481e+007 2.16481e+007 2.16481e+007 2.16481e+007 2.16481e+007 2.16481e+007 2.16481e+007 2.16481e+007 2.16481e+007 2.16481e+007 2.16481e+007 2.16481e+007 2.16481e+007 2.16481e+007 2.16481e+007 2.16481e+007 2.16481e+007 2.16481e+007 2.16481e+007 2.16481e+007 2.16481e+007 0 0 0 0 0 0 0 0 0 0 0 0 0 0 0 0 0 0 0 0 0 0 0 0 0
#obs cpue bio
 3.04713e+006 3.14804e+006 1.99489e+006 1.97591e+006 1.91321e+006 1.84162e+006 1.17545e+006 1.0769e+006 1.23759e+006 1.16763e+006 1.60163e+006 1.21431e+006 811332 883806 734584 526874 681648 569413 584608 468069 493073 567347 462650 892340 561737 584215 445784 501827 431934 595666 451383 470054 657721 541056 549272 513980 514447 479869 488942 635514 599315 595932 378383 469596 1.02937e+006 624456 606447 466165 406307 466544 530586 507638 679138 540288 687539 620652 623457
#pred surv len freq
 0.00515742 0.00843588 0.0128084 0.0182793 0.02471 0.031719 0.0386634 0.0448077 0.0496051 0.0528787 0.0547839 0.0556375 0.0557629 0.055418 0.0547768 0.053936 0.0529318 0.0517533 0.0503289 0.0484813 0.0458953 0.0421776 0.0370506 0.0306012 0.0234
 0.00554842 0.0089786 0.0134586 0.0189522 0.0253222 0.0322454 0.0391678 0.0454162 0.0504286 0.0539311 0.0559505 0.0567144 0.0565425 0.0557693 0.0546837 0.0534822 0.0522486 0.0509563 0.0494719 0.0475495 0.0448411 0.0409792 0.0357559 0.0293258 0.0222797
 0.00587296 0.0095365 0.0143466 0.0202589 0.0270851 0.0343985 0.0415167 0.047678 0.0523358 0.0553374 0.0568634 0.0572328 0.056753 0.0556835 0.0542526 0.0526592 0.0510431 0.0494391 0.0477408 0.0456888 0.0429092 0.0390303 0.0338701 0.027614 0.0208537
 0.00610262 0.00991394 0.0149256 0.0211005 0.0282544 0.0359509 0.043469 0.0499724 0.0548147 0.0577543 0.0589415 0.0587495 0.0576046 0.0558864 0.0538879 0.0518092 0.0497654 0.0477823 0.04577 0.0434943 0.0406005 0.0367281 0.0317029 0.0257086 0.0193104
 0.00636865 0.0103413 0.0155597 0.0219817 0.0294133 0.0374009 0.0451978 0.0519382 0.0569468 0.0599523 0.061069 0.060632 0.0590499 0.0567299 0.0540384 0.0512652 0.0485933 0.0460809 0.0436486 0.0410729 0.0380181 0.0341453 0.0292897 0.0236184 0.0176478
 0.00669482 0.0108589 0.016315 0.0230093 0.03073 0.0389974 0.0470298 0.053925 0.0589848 0.0619363 0.0629063 0.0622403 0.0603428 0.0576057 0.054388 0.0509987 0.047671 0.0445291 0.0415559 0.0385772 0.0352942 0.0313936 0.0267158 0.0214005 0.0158999
 0.00693053 0.0112501 0.0169179 0.0238798 0.0319106 0.0404975 0.0488074 0.055884 0.0609935 0.0638589 0.0646301 0.0636861 0.0614584 0.0583497 0.054713 0.0508459 0.0469812 0.0432691 0.0397462 0.0363086 0.0327275 0.0287401 0.0242027 0.0192247 0.0141864
 0.00724616 0.0117558 0.0176655 0.0249135 0.03326 0.0421654 0.050755 0.0580222 0.0631889 0.0659548 0.0664732 0.0651516 0.0624655 0.0588631 0.0547307 0.0503773 0.0460303 0.0418349 0.037843 0.0339961 0.030133 0.0260561 0.0216539 0.0170155 0.0124486
 0.00739348 0.012013 0.0180854 0.0255562 0.0341797 0.0433901 0.0522674 0.0597539 0.0650333 0.067789 0.0681764 0.066614 0.0635929 0.0595827 0.0549962 0.0501692 0.0453496 0.0406949 0.0362713 0.0320494 0.0279174 0.0237339 0.0194231 0.0150639 0.0109034
 0.00752104 0.0122336 0.018443 0.0261019 0.0349639 0.0444472 0.0535984 0.0613156 0.0667395 0.0695232 0.0698096 0.068024 0.0646791 0.0602743 0.0552522 0.0499741 0.0447068 0.0396234 0.0348069 0.0302542 0.0258918 0.0216224 0.0173993 0.0132937 0.00950068
 0.00769502 0.0125031 0.0188246 0.0266056 0.035596 0.0452131 0.0545018 0.062353 0.0678918 0.0707491 0.0710436 0.0691807 0.0656642 0.0609988 0.0556454 0.0499898 0.044325 0.038848 0.0336656 0.028803 0.0242224 0.0198632 0.0157017 0.0118016 0.00831381
 0.00798142 0.012955 0.0194778 0.0274806 0.03669 0.0464917 0.0558931 0.063754 0.0691918 0.0718593 0.0719156 0.0698027 0.0660424 0.0611377 0.0555381 0.0496209 0.0436785 0.0379179 0.0324654 0.0273737 0.0226388 0.0182335 0.0141538 0.0104555 0.00725082
 0.00811711 0.0131817 0.0198301 0.0279934 0.0373905 0.0473857 0.0569522 0.0649116 0.0703533 0.0729235 0.0727969 0.0704468 0.06643 0.0612765 0.0554481 0.0493185 0.0431697 0.0372012 0.0315436 0.0262688 0.0214028 0.0169499 0.0129259 0.00938216 0.00640008
 0.00815686 0.0132522 0.0199479 0.02818 0.0376701 0.0477808 0.0574767 0.0655635 0.0711096 0.0737379 0.073604 0.0711724 0.0670061 0.0616551 0.0556074 0.049259 0.0429036 0.0367428 0.0309078 0.0254776 0.0204962 0.0159915 0.0119963 0.0085609 0.00574396
 0.00831318 0.0134874 0.0202668 0.0285756 0.0381273 0.048282 0.0580062 0.0661074 0.0716541 0.0742673 0.0740982 0.071605 0.0673447 0.0618658 0.0556619 0.0491413 0.0426125 0.03629 0.0303133 0.0247689 0.0197115 0.0151822 0.0112241 0.00788566 0.00520778
 0.00820863 0.013333 0.0200636 0.0283344 0.0378663 0.0480225 0.0577701 0.0659199 0.0715461 0.0742742 0.0742526 0.0719231 0.0678145 0.0624424 0.0562743 0.0497088 0.0430631 0.0365737 0.0304081 0.0246804 0.019469 0.0148339 0.0108294 0.00750364 0.00488414
 0.00814426 0.0132401 0.0199459 0.0282039 0.0377407 0.0479207 0.0577077 0.0659055 0.0715804 0.0743514 0.0743653 0.0720685 0.0679969 0.0626681 0.0565409 0.0499964 0.0433335 0.0367805 0.0305112 0.0246589 0.0193273 0.0146004 0.0105482 0.00722234 0.0046411
 0.00820065 0.0133087 0.0200073 0.0282278 0.037697 0.0477953 0.0575141 0.0656834 0.0713808 0.0742169 0.0743166 0.072104 0.068101 0.062823 0.0567324 0.0502118 0.0435557 0.0369839 0.0306643 0.0247341 0.0193121 0.014503 0.0103953 0.00704973 0.00448148
 0.00830144 0.0134428 0.0201532 0.0283447 0.0377332 0.047704 0.0572697 0.065293 0.0708874 0.0736934 0.0738503 0.0717738 0.0679553 0.0628691 0.0569413 0.0505339 0.043936 0.0373711 0.0310144 0.0250125 0.0194976 0.0145929 0.010405 0.00700708 0.00441692
 0.00841841 0.013626 0.020414 0.0286838 0.0381337 0.0481253 0.0576459 0.0655428 0.070938 0.0735096 0.0734532 0.0712378 0.0673846 0.062365 0.0565745 0.0503315 0.0438845 0.03743 0.0311326 0.0251416 0.0196012 0.0146512 0.0104162 0.00698299 0.00437545
 0.0084898 0.0137393 0.0205792 0.0289081 0.0384195 0.0484667 0.0580236 0.0659202 0.0712623 0.07372 0.0734967 0.0710882 0.0670568 0.0619159 0.0560874 0.0498898 0.0435471 0.0372182 0.0310328 0.0251185 0.0196142 0.0146679 0.0104189 0.00696867 0.00435037
 0.00853779 0.0138213 0.0207097 0.0291022 0.0386889 0.0488131 0.0584331 0.0663618 0.0716919 0.0740881 0.0737552 0.0711965 0.0669897 0.0616724 0.055698 0.0494134 0.0430569 0.0367803 0.0306879 0.024876 0.0194585 0.0145718 0.0103567 0.00692363 0.00431497
 0.00840522 0.0136276 0.0204596 0.0288161 0.0384001 0.0485612 0.058257 0.066294 0.0717523 0.0742773 0.0740509 0.0715553 0.067355 0.0619874 0.0559191 0.0495224 0.043065 0.0367218 0.0306057 0.0248047 0.0194143 0.0145536 0.010354 0.00692538 0.00431501
 0.00824302 0.0133737 0.0200969 0.0283394 0.0378211 0.0479147 0.0576044 0.0657178 0.0713385 0.0740915 0.0741196 0.0718606 0.0678424 0.0625803 0.0565361 0.0500926 0.043541 0.0370858 0.0308665 0.0249867 0.0195442 0.0146503 0.0104268 0.00697756 0.00434889
 0.00818899 0.0132945 0.0199934 0.0282164 0.0376848 0.0477686 0.0574478 0.0655499 0.0711649 0.0739296 0.0739979 0.0718104 0.0678853 0.0627187 0.0567498 0.0503448 0.0437893 0.0372957 0.0310201 0.0250845 0.0195992 0.0146792 0.0104427 0.00698765 0.00435563
 0.00814844 0.013214 0.0198466 0.027973 0.0373217 0.0472853 0.0568784 0.0649593 0.070631 0.0735197 0.0737527 0.071743 0.0679895 0.062976 0.0571321 0.0508134 0.0442966 0.0377921 0.0314637 0.0254491 0.0198773 0.0148779 0.010577 0.00707388 0.00440805
 0.00821694 0.0133115 0.019966 0.0280957 0.0374177 0.047318 0.0568115 0.0647678 0.0703135 0.0731063 0.0733021 0.0713271 0.0676722 0.0627971 0.057103 0.0509208 0.0445097 0.0380695 0.0317614 0.0257285 0.0201122 0.0150572 0.0107024 0.00715493 0.00445669
 0.00821529 0.0133152 0.0199827 0.0281345 0.0374842 0.0474071 0.0569027 0.0648266 0.0703007 0.0729929 0.0730826 0.071026 0.067339 0.0624933 0.0568832 0.0508186 0.0445311 0.0381953 0.0319559 0.0259507 0.0203256 0.0152371 0.0108381 0.00724741 0.00451398
 0.00816932 0.0132482 0.0198968 0.0280377 0.03739 0.0473317 0.0568609 0.0648272 0.0703403 0.073053 0.0731327 0.0710339 0.067286 0.0623843 0.0567476 0.0506986 0.0444658 0.0382063 0.0320413 0.0260892 0.0204865 0.0153913 0.0109658 0.00734081 0.00457494
 0.00800658 0.0129989 0.0195508 0.0275981 0.036874 0.0467719 0.0563051 0.0643345 0.0699715 0.0728542 0.0731213 0.0711935 0.0675724 0.0627409 0.0571237 0.0510635 0.0448111 0.0385381 0.0323673 0.0264083 0.0207865 0.0156548 0.0111783 0.00749658 0.00467829
 0.00806131 0.0130661 0.019612 0.027623 0.0368302 0.0466378 0.0560819 0.0640479 0.0696633 0.0725696 0.0728981 0.0710552 0.0675259 0.0627771 0.0572212 0.0511963 0.0449579 0.0386881 0.0325191 0.0265633 0.0209425 0.0158034 0.0113084 0.00759935 0.00475092
 0.00868472 0.0139561 0.0207215 0.0288274 0.0379584 0.0475259 0.0566185 0.0641923 0.0694383 0.0720436 0.0721666 0.0702224 0.0666871 0.0620037 0.0565546 0.0506498 0.0445255 0.0383551 0.0322706 0.0263877 0.0208297 0.0157418 0.0112838 0.00759684 0.00475803
 0.00928622 0.0149104 0.022106 0.0306768 0.040233 0.0500772 0.0591738 0.0663912 0.0709299 0.0726042 0.0717698 0.0690257 0.0649532 0.06001 0.0545301 0.0487513 0.0428414 0.0369224 0.0310937 0.0254535 0.0201168 0.0152233 0.0109281 0.00736903 0.00462294
 0.00925816 0.0149563 0.0223434 0.0312697 0.0413468 0.0518059 0.0614716 0.069047 0.0736006 0.0748947 0.0733308 0.0696393 0.0645823 0.0587937 0.0527268 0.0466568 0.0407161 0.0349521 0.0293851 0.0240501 0.0190199 0.0144087 0.0103567 0.00699359 0.00439385
 0.00898665 0.0145482 0.0217979 0.0306258 0.0406956 0.0512957 0.0612956 0.0693987 0.0745987 0.0765056 0.075339 0.0716939 0.0663041 0.0598942 0.0530858 0.0463313 0.0398899 0.033858 0.0282346 0.0229944 0.0181415 0.0137345 0.00987607 0.00667531 0.00419894
 0.00882078 0.0142723 0.0213732 0.0300183 0.0398916 0.050325 0.0602531 0.0684494 0.0739521 0.0763626 0.0758237 0.0727959 0.067858 0.0616145 0.0546516 0.0474869 0.0405164 0.0339841 0.027994 0.0225575 0.0176578 0.0133026 0.00954131 0.00644355 0.00405385
 0.00872185 0.0141068 0.021115 0.0296387 0.0393644 0.049636 0.0594132 0.0675071 0.0730012 0.0755389 0.0752865 0.0726914 0.0682698 0.0625183 0.0559021 0.0488521 0.041751 0.0349088 0.028542 0.0227699 0.01764 0.0131704 0.00938378 0.0063101 0.00396074
 0.0087453 0.0141364 0.021143 0.02965 0.0393371 0.0495436 0.0592285 0.0672079 0.0725789 0.0750101 0.0747042 0.0721474 0.067881 0.0623946 0.0561029 0.0493529 0.0424411 0.0356285 0.0291431 0.0231666 0.0178254 0.0131966 0.00932351 0.00622491 0.0038865
 0.00865504 0.0140101 0.0209901 0.0294908 0.0391952 0.049434 0.0591489 0.0671376 0.072487 0.0748677 0.0744966 0.0718845 0.0676026 0.0621666 0.0560017 0.0494369 0.0427212 0.0360556 0.0296228 0.0235977 0.0181391 0.0133753 0.0093925 0.00622781 0.00386278
 0.00860871 0.0139325 0.0208703 0.0293207 0.0389749 0.0491788 0.0588909 0.0669189 0.0723427 0.0748082 0.074502 0.0719145 0.0676192 0.0621552 0.0559801 0.0494477 0.0428097 0.0362437 0.029894 0.0239022 0.0184173 0.0135839 0.00951905 0.00628628 0.00387885
 0.00850546 0.0137699 0.0206358 0.0290063 0.0385799 0.0487125 0.0583779 0.0664014 0.0718773 0.0744553 0.0743089 0.0719008 0.0677692 0.0624256 0.0563187 0.0498142 0.0431859 0.0366284 0.0302867 0.0242893 0.0187715 0.0138758 0.00973113 0.00642037 0.00395164
 0.00855899 0.0138465 0.0207312 0.0291089 0.038672 0.0487743 0.0583904 0.0663498 0.0717543 0.0742651 0.0740704 0.0716463 0.0675369 0.0622479 0.0562126 0.0497794 0.0432119 0.036703 0.0304 0.0244308 0.0189256 0.0140224 0.00985209 0.00650608 0.0040033
 0.00847358 0.0137325 0.0206048 0.0289993 0.0386107 0.0487802 0.0584587 0.066452 0.0718498 0.0743178 0.0740608 0.0715754 0.0674233 0.0621202 0.0561011 0.0497079 0.0431924 0.0367358 0.0304765 0.0245378 0.0190475 0.0141429 0.00995682 0.0065859 0.00405632
 0.00825877 0.0134095 0.0201692 0.0284684 0.0380241 0.0481959 0.0579465 0.0660813 0.0716712 0.0743447 0.0742635 0.0718933 0.0677892 0.0624829 0.0564349 0.0500098 0.0434713 0.0370016 0.0307338 0.0247837 0.0192738 0.0143394 0.0101154 0.00670312 0.00413474
 0.00819509 0.0132834 0.0199396 0.0280877 0.0374562 0.0474409 0.0570609 0.0651762 0.0708848 0.0738004 0.0740341 0.0719858 0.0681522 0.0630294 0.057071 0.0506579 0.0440818 0.0375515 0.0312172 0.0252014 0.0196265 0.0146265 0.0103368 0.00686248 0.00424025
 0.00840618 0.013592 0.0203375 0.028539 0.0378995 0.0477988 0.0572531 0.0651388 0.0705926 0.0732854 0.0733855 0.0713252 0.0675933 0.0626436 0.0568735 0.0506187 0.0441493 0.0376756 0.0313621 0.0253469 0.0197624 0.0147471 0.0104377 0.00694068 0.00429562
 0.0085258 0.0137764 0.020595 0.0288671 0.0382809 0.0481982 0.0576155 0.0653946 0.0706732 0.0731459 0.0730245 0.0707927 0.0669805 0.0620571 0.0564041 0.0503169 0.0440184 0.0376824 0.0314572 0.0254837 0.019907 0.014879 0.0105468 0.00702365 0.00435347
 0.0089962 0.0145201 0.021672 0.0303111 0.0400832 0.0502873 0.0598406 0.0675295 0.0724546 0.0743343 0.0734618 0.0704353 0.0659023 0.0604278 0.0544501 0.0482723 0.0420803 0.0359825 0.0300571 0.0243891 0.0190897 0.0142961 0.0101518 0.00677152 0.00420349
 0.00855745 0.0138418 0.0207206 0.0290902 0.0386458 0.0487458 0.0583688 0.066341 0.0717504 0.0742364 0.0739679 0.0714192 0.0671595 0.0617419 0.0556522 0.0492734 0.0428691 0.036598 0.0305523 0.024804 0.0194424 0.0145885 0.0103809 0.00693801 0.00431452
 0.00854588 0.013797 0.0206055 0.0288548 0.0382412 0.0481464 0.0575943 0.0654661 0.0708957 0.0735427 0.073561 0.0713745 0.0674771 0.0623442 0.0564086 0.0500443 0.0435486 0.0371366 0.0309523 0.0250969 0.0196633 0.0147613 0.0105164 0.00703986 0.00438545
 0.00815189 0.0131846 0.0197361 0.0277118 0.0368317 0.046506 0.0557951 0.063624 0.0691671 0.0721068 0.0725918 0.0710079 0.067779 0.0632884 0.0578744 0.0518398 0.0454564 0.0389633 0.0325645 0.0264305 0.0207104 0.015547 0.0110796 0.00742259 0.00462924
 0.00832903 0.0134471 0.0200827 0.0281207 0.0372621 0.0469008 0.0560852 0.063734 0.0690277 0.0716764 0.0718806 0.0700927 0.066798 0.0624101 0.0572489 0.0515523 0.0455041 0.039267 0.0330073 0.026901 0.021132 0.0158839 0.0113268 0.0075918 0.00473765
 0.00846762 0.0136808 0.0204477 0.0286505 0.0379727 0.0477717 0.0570436 0.0646577 0.0697699 0.0721033 0.0719053 0.0696945 0.0660271 0.0613812 0.0561212 0.0504947 0.0446523 0.0386903 0.0326994 0.0268002 0.0211558 0.0159602 0.0114092 0.00765879 0.00478423
 0.00860892 0.0139258 0.0208443 0.0292519 0.0388238 0.0488872 0.0583859 0.0661259 0.0712097 0.0733334 0.0727529 0.0700301 0.0657929 0.0606063 0.0549183 0.0490378 0.0431387 0.0372963 0.0315446 0.0259317 0.0205571 0.0155775 0.0111792 0.00752732 0.00471246
 0.00879881 0.0142185 0.0212566 0.029792 0.0394951 0.0496914 0.0593205 0.0671745 0.0723293 0.0744456 0.0737444 0.0707681 0.0661528 0.060504 0.054338 0.0480429 0.0418614 0.0359075 0.0302121 0.0247825 0.0196565 0.0149309 0.0107509 0.00726401 0.00456162
 0.00863074 0.0139836 0.0209741 0.0295045 0.0392578 0.0495557 0.0593214 0.0673302 0.0726484 0.0749308 0.0743858 0.0715273 0.0669502 0.0612248 0.0548584 0.0482693 0.0417638 0.0355299 0.029656 0.0241708 0.0190951 0.0144835 0.0104353 0.00706464 0.00444792
 0.0082099 0.0133503 0.0201181 0.0284564 0.0380883 0.0483684 0.0582435 0.0664973 0.0721783 0.0748953 0.0747928 0.0723238 0.0680387 0.0624798 0.0561398 0.0494379 0.0427045 0.0361779 0.030011 0.0242901 0.0190661 0.0143916 0.0103401 0.00699407 0.00440617
#obs surv len freq
 0.00496921 0.0081385 0.0123773 0.0176987 0.0239764 0.0308456 0.0376823 0.0437647 0.0485433 0.0518166 0.0537022 0.0544839 0.0544802 0.0539878 0.0532669 0.0525316 0.0519267 0.0514872 0.0510742 0.0503182 0.0486367 0.0453988 0.0402274 0.0332917 0.0253739
 0.00518319 0.00848998 0.012913 0.0184641 0.0250072 0.0321531 0.0392395 0.0455012 0.0503558 0.0535889 0.0553226 0.0558547 0.0555188 0.054625 0.0534475 0.0522176 0.0511054 0.0501788 0.0493389 0.0482593 0.0463978 0.0431518 0.0381484 0.0315275 0.02401
 0.00540907 0.00886094 0.0134784 0.0192728 0.0260987 0.0335431 0.0409045 0.0473721 0.0523266 0.0555355 0.0571225 0.0573988 0.0567166 0.0554042 0.0537514 0.0520032 0.0503456 0.0488713 0.0475211 0.0460222 0.0438928 0.0405799 0.0357285 0.0294495 0.0223905
 0.00563765 0.00923468 0.0140451 0.0200793 0.0271822 0.0349192 0.0425523 0.0492287 0.0542943 0.0574991 0.0589655 0.0590139 0.0580099 0.0562964 0.0541776 0.0519117 0.0496985 0.0476515 0.0457466 0.043767 0.0413011 0.0378619 0.0331277 0.0271872 0.0206107
 0.00589434 0.00965292 0.0146762 0.0209714 0.0283713 0.036414 0.0443203 0.0511912 0.0563387 0.0595009 0.0608084 0.0605997 0.059259 0.0571441 0.0545695 0.0518008 0.0490453 0.0464307 0.0439632 0.0414792 0.0386413 0.0350387 0.0303953 0.0247868 0.0187066
 0.00612989 0.0100426 0.0152753 0.0218351 0.0295438 0.0379106 0.0461094 0.0531891 0.0584223 0.0615332 0.0626625 0.0621722 0.0604723 0.0579431 0.054914 0.0516583 0.0483862 0.0452322 0.0422243 0.0392455 0.03603 0.0322457 0.0276699 0.0223737 0.0167788
 0.00637591 0.0104444 0.0158834 0.0226985 0.030701 0.0393757 0.0478563 0.0551444 0.0604734 0.0635473 0.064508 0.0637343 0.0616623 0.0587002 0.0552021 0.0514571 0.0476829 0.0440188 0.0405071 0.0370674 0.0334965 0.0295367 0.0250198 0.0200178 0.0148884
 0.00661882 0.01084 0.0164801 0.0235416 0.0318239 0.0407862 0.0495229 0.0569919 0.0623933 0.0654189 0.0662163 0.0651806 0.0627667 0.0594025 0.055461 0.0512482 0.0469945 0.0428496 0.0388715 0.0350112 0.0311187 0.0270009 0.0225395 0.0178094 0.0131118
 0.00685259 0.0112274 0.0170763 0.0244011 0.0329884 0.0422649 0.0512743 0.05892 0.0643638 0.0672887 0.0678603 0.0665046 0.0637088 0.0599267 0.0555498 0.0508951 0.0461998 0.0416205 0.0372285 0.0330028 0.028839 0.0245999 0.0202093 0.0157439 0.0114536
 0.00705958 0.0115667 0.0175924 0.0251381 0.0339822 0.0435303 0.0527906 0.0606227 0.0661503 0.0690343 0.0694382 0.0678037 0.0646456 0.0604509 0.0556413 0.0505556 0.0454429 0.0404662 0.0357063 0.0311641 0.0267724 0.0224399 0.0181246 0.0139028 0.00997862
 0.00727301 0.0119169 0.018125 0.0258967 0.0349982 0.0448087 0.0542955 0.0622744 0.0678381 0.0706388 0.070851 0.0689371 0.0654345 0.0608529 0.0556363 0.0501443 0.0446423 0.0393053 0.0342253 0.0294206 0.0248531 0.020466 0.0162428 0.0122557 0.0086674
 0.00742119 0.0121625 0.0185035 0.0264447 0.0357464 0.0457711 0.0554571 0.0635856 0.0692201 0.0719968 0.0720898 0.0699718 0.0661981 0.0612983 0.0557361 0.049889 0.0440379 0.0383722 0.0329994 0.0279577 0.0232349 0.018802 0.0146597 0.0108738 0.00757022
 0.00751886 0.0123195 0.0187374 0.0267719 0.0361822 0.0463264 0.0561348 0.0643761 0.0700988 0.0729247 0.073015 0.0708331 0.0669307 0.0618408 0.0560378 0.0499139 0.0437678 0.0378072 0.0321602 0.0268887 0.0220068 0.0175109 0.0134161 0.0097809 0.00669925
 0.00760535 0.0124569 0.018938 0.0270452 0.0365327 0.0467522 0.0566256 0.064914 0.0706628 0.0734955 0.0735767 0.0713697 0.0674198 0.0622499 0.0563255 0.0500362 0.0436865 0.0374982 0.0316207 0.0261423 0.0211062 0.0165351 0.0124585 0.00892983 0.00601656
 0.00766313 0.0125459 0.019063 0.0272077 0.0367317 0.0469849 0.0568877 0.0651997 0.0709654 0.0738086 0.0738952 0.0716897 0.0677353 0.0625487 0.0565853 0.0502237 0.0437616 0.0374231 0.0313704 0.0257155 0.0205315 0.0158695 0.011777 0.00830732 0.00550824
 0.0077172 0.0126277 0.0191746 0.0273468 0.0368923 0.0471587 0.0570653 0.0653724 0.0711274 0.0739588 0.0740377 0.0718316 0.0678833 0.0627044 0.0567416 0.0503631 0.0438561 0.0374386 0.0312755 0.0254925 0.0201866 0.0154362 0.0113093 0.00786455 0.00513777
 0.00775529 0.0126857 0.0192543 0.0274469 0.0370083 0.0472833 0.0571893 0.0654859 0.0712222 0.0740318 0.0740923 0.071877 0.0679309 0.0627637 0.0568162 0.0504474 0.0439342 0.0374856 0.031263 0.0253977 0.020002 0.015176 0.0110077 0.00756487 0.00487838
 0.00780124 0.0127531 0.0193422 0.0275495 0.0371166 0.0473876 0.0572813 0.0655597 0.0712744 0.0740618 0.0741026 0.0718735 0.067922 0.0627589 0.0568231 0.0504688 0.0439656 0.0375136 0.0312676 0.0253582 0.0199056 0.0150244 0.010819 0.00736789 0.00470151
 0.00784901 0.0128262 0.0194433 0.0276772 0.0372646 0.0475446 0.0574316 0.0656854 0.0713598 0.0740983 0.0740917 0.0718252 0.067851 0.0626801 0.0567491 0.0504081 0.0439208 0.0374806 0.0312357 0.0253129 0.0198341 0.0149224 0.0106935 0.00723498 0.00457987
 0.00786974 0.0128594 0.0194924 0.0277445 0.0373507 0.0476469 0.0575435 0.065796 0.0714557 0.0741672 0.0741255 0.071822 0.0678155 0.0626222 0.0566809 0.0503408 0.0438621 0.037433 0.0311957 0.0252724 0.0197839 0.0148568 0.0106138 0.00714959 0.00450005
 0.00789281 0.0128921 0.0195326 0.0277878 0.0373918 0.0476824 0.0575733 0.065823 0.0714836 0.0741974 0.0741556 0.0718465 0.0678286 0.0626201 0.0566638 0.0503127 0.0438291 0.0374003 0.0311655 0.0252429 0.0197507 0.0148161 0.0105651 0.00709667 0.00444955
 0.00788443 0.0128788 0.0195132 0.0277612 0.0373568 0.0476383 0.0575204 0.0657642 0.0714252 0.0741488 0.0741275 0.0718468 0.0678589 0.0626747 0.0567323 0.0503839 0.0438946 0.0374558 0.0312093 0.0252743 0.0197689 0.0148202 0.0105561 0.0070782 0.00442688
 0.00790412 0.0129038 0.0195381 0.0277767 0.0373529 0.047608 0.0574633 0.065687 0.0713388 0.0740653 0.074057 0.0717976 0.0678367 0.0626821 0.0567673 0.0504397 0.0439616 0.0375239 0.0312707 0.0253238 0.0198041 0.0148408 0.0105634 0.00707524 0.00441798
 0.00790551 0.0129073 0.0195451 0.0277882 0.0373678 0.0476216 0.0574671 0.0656706 0.0712953 0.0739954 0.0739707 0.0717109 0.0677659 0.0626391 0.0567572 0.0504611 0.0440077 0.037585 0.0313361 0.0253844 0.0198535 0.014876 0.0105845 0.00708467 0.00441945
 0.00787845 0.0128627 0.0194772 0.0276925 0.037243 0.0474724 0.0573056 0.0655146 0.0711631 0.0738996 0.073916 0.0716953 0.0677856 0.0626911 0.0568393 0.0505701 0.0441374 0.0377261 0.0314773 0.0255149 0.0199645 0.0149624 0.0106458 0.00712363 0.0044413
 0.00784695 0.0128099 0.019395 0.0275726 0.0370796 0.0472656 0.0570647 0.0652596 0.0709213 0.0737002 0.0737824 0.0716408 0.0678106 0.062786 0.0569884 0.0507564 0.0443452 0.0379413 0.0316872 0.0257074 0.0201299 0.0150947 0.0107433 0.00718949 0.00448161
 0.0078405 0.012796 0.0193676 0.0275238 0.0370007 0.0471501 0.0569111 0.0650734 0.0707152 0.0734931 0.0735968 0.071499 0.067731 0.0627779 0.0570509 0.0508789 0.0445112 0.0381321 0.0318848 0.0258963 0.0202976 0.0152328 0.0108484 0.00726273 0.00452807
 0.00784497 0.0128001 0.0193678 0.0275141 0.036974 0.0470993 0.0568313 0.064963 0.0705772 0.0733351 0.0734317 0.0713437 0.067604 0.0626964 0.0570268 0.0509161 0.0446043 0.038268 0.0320457 0.0260635 0.0204547 0.0153676 0.0109543 0.00733878 0.00457771
 0.00780785 0.012745 0.0192944 0.0274254 0.0368747 0.0469939 0.0567231 0.0648537 0.0704684 0.0732293 0.073333 0.0712582 0.0675394 0.0626614 0.0570296 0.0509627 0.0446957 0.038399 0.0322046 0.0262343 0.0206203 0.0155138 0.011072 0.00742502 0.00463513
 0.00775996 0.0126639 0.0191672 0.0272398 0.0366244 0.0466851 0.0563789 0.0645123 0.0701728 0.0730141 0.0732149 0.0712359 0.0675993 0.0627855 0.0572015 0.0511696 0.0449284 0.0386488 0.0324615 0.0264857 0.0208522 0.0157134 0.0112309 0.00754126 0.00471274
 0.00774361 0.0126329 0.019112 0.0271483 0.0364838 0.0464865 0.0561219 0.0642092 0.0698491 0.0727053 0.0729599 0.071067 0.0675344 0.0628247 0.0573301 0.051365 0.0451673 0.0389112 0.0327307 0.0267471 0.0210924 0.0159206 0.0113971 0.00766413 0.00479576
 0.00931826 0.0148363 0.0217697 0.0298775 0.0388041 0.0479967 0.0566406 0.0638017 0.0687478 0.0711927 0.0712824 0.0694024 0.0659965 0.0614778 0.0562022 0.0504573 0.0444626 0.0383828 0.0323494 0.0264847 0.020923 0.0158203 0.0113444 0.00764077 0.00478808
 0.00931983 0.0151288 0.0227206 0.0319406 0.0423215 0.0529315 0.0624068 0.0693592 0.0729699 0.0733084 0.0711307 0.0673767 0.0627738 0.0577321 0.0524366 0.0469732 0.041404 0.0357967 0.0302307 0.0248032 0.0196357 0.0148763 0.0106872 0.00721047 0.00452552
 0.00897427 0.014588 0.0219672 0.0310288 0.0414287 0.0523919 0.0626705 0.0708307 0.0757645 0.0770724 0.0750853 0.0706125 0.0646285 0.0580198 0.051419 0.0451456 0.0392639 0.033707 0.0283947 0.0233011 0.0184738 0.0140233 0.0100946 0.0068236 0.00429015
 0.00879475 0.0142876 0.0215001 0.0303508 0.0405149 0.0512692 0.0614577 0.0697653 0.0751818 0.0773115 0.076336 0.0727722 0.0672727 0.0605395 0.053266 0.0460417 0.0392556 0.033065 0.027451 0.0223251 0.0176254 0.0133655 0.009628 0.00651777 0.00410479
 0.00870948 0.0141432 0.0212715 0.0300089 0.040031 0.0506233 0.0606524 0.0688417 0.0742361 0.0765044 0.0758792 0.072874 0.0680465 0.0619156 0.0549728 0.047693 0.0405058 0.0337407 0.0275843 0.022086 0.0172176 0.0129475 0.00928573 0.00627613 0.00395304
 0.00869733 0.014116 0.0212162 0.0299071 0.0398615 0.0503661 0.0602937 0.0683786 0.0736813 0.0758936 0.0752813 0.0723974 0.0678253 0.0620675 0.0555377 0.0485873 0.0415326 0.0346637 0.0282259 0.0223896 0.0172415 0.0128082 0.00909482 0.00610535 0.00383054
 0.00870001 0.0141224 0.0212289 0.029928 0.0398882 0.0503885 0.0602918 0.0683246 0.0735469 0.0756607 0.0749524 0.0720038 0.0674305 0.0617614 0.0554138 0.0487053 0.0418825 0.0351567 0.0287266 0.022776 0.0174534 0.0128582 0.00904143 0.0060133 0.00374448
 0.00867433 0.0140835 0.0211757 0.0298621 0.0398141 0.0503129 0.0602223 0.0682665 0.073499 0.0756123 0.0748856 0.0719013 0.0672879 0.0615973 0.0552718 0.048642 0.041943 0.0353482 0.0290083 0.0230741 0.0176959 0.0130059 0.00909692 0.00600701 0.00371198
 0.00868462 0.0140961 0.0211873 0.0298672 0.0398068 0.0502897 0.0601842 0.068219 0.0734497 0.0755674 0.0748456 0.0718598 0.0672345 0.0615243 0.0551827 0.0485565 0.0418922 0.0353605 0.0290919 0.0232095 0.0178439 0.0131277 0.00917155 0.00603606 0.00371116
 0.00864438 0.0140385 0.0211149 0.0297867 0.0397269 0.0502171 0.0601212 0.0681645 0.0734021 0.0755276 0.0748175 0.0718476 0.067239 0.0615411 0.0552044 0.0485785 0.0419177 0.0354002 0.029157 0.0233017 0.0179515 0.0132304 0.00925119 0.00608508 0.00373339
 0.00862729 0.0140074 0.0210624 0.0297055 0.0396129 0.0500743 0.059964 0.0680153 0.0732839 0.0754553 0.074794 0.0718658 0.0672873 0.0616084 0.055282 0.0486597 0.0419988 0.035481 0.0292403 0.02339 0.0180428 0.013317 0.00932364 0.00613687 0.00376422
 0.00865731 0.0140525 0.0211229 0.0297782 0.0396903 0.0501448 0.0600136 0.068031 0.0732585 0.0753914 0.0747041 0.0717673 0.0671958 0.0615331 0.0552255 0.0486206 0.0419745 0.03547 0.0292421 0.0234045 0.0180684 0.0133495 0.00935659 0.00616439 0.00378317
 0.00863596 0.0140234 0.0210895 0.0297469 0.0396686 0.0501379 0.0600217 0.0680484 0.0732758 0.075399 0.0746957 0.071743 0.0671618 0.061499 0.0552002 0.0486093 0.0419781 0.0354861 0.0292676 0.0234365 0.0181042 0.013386 0.00939029 0.00619205 0.00380304
 0.00861478 0.0139884 0.0210363 0.0296723 0.0395728 0.0500271 0.0599089 0.0679516 0.0732119 0.0753769 0.074713 0.0717882 0.0672201 0.0615587 0.055256 0.0486614 0.042029 0.0355381 0.029321 0.0234898 0.0181551 0.0134321 0.00942932 0.00622252 0.00382461
 0.00862816 0.0140086 0.0210636 0.0297052 0.0396078 0.0500585 0.0599299 0.0679558 0.0731968 0.0753453 0.0746729 0.0717486 0.0671874 0.0615341 0.0552372 0.0486454 0.0420151 0.0355276 0.0293161 0.0234918 0.0181635 0.0134449 0.00944385 0.00623613 0.00383555
 0.00862816 0.0140086 0.0210636 0.0297052 0.0396078 0.0500585 0.0599299 0.0679558 0.0731968 0.0753453 0.0746729 0.0717486 0.0671874 0.0615341 0.0552372 0.0486454 0.0420151 0.0355276 0.0293161 0.0234918 0.0181635 0.0134449 0.00944385 0.00623613 0.00383555
 0.00891048 0.0144544 0.0217077 0.0305652 0.0406738 0.0512804 0.0612091 0.0691517 0.0741546 0.0759377 0.0748334 0.0714827 0.0665618 0.0606523 0.0542125 0.0475807 0.0409908 0.034599 0.028516 0.022835 0.0176505 0.0130653 0.00917939 0.00606392 0.0037315
 0.00823896 0.0134258 0.0202819 0.0287591 0.03857 0.0490319 0.0590359 0.0673169 0.0729088 0.0754481 0.0751338 0.0724724 0.0680482 0.0624115 0.0560419 0.0493286 0.0425632 0.0359512 0.0296371 0.0237335 0.0183456 0.0135815 0.00954425 0.00630712 0.00388282
 0.00834813 0.0135188 0.0202674 0.0285047 0.037943 0.0479615 0.0575655 0.0656131 0.071219 0.0740298 0.0741897 0.072111 0.0682724 0.0631327 0.0571101 0.0505728 0.0438289 0.0371243 0.0306506 0.0245612 0.0189889 0.0140578 0.00987921 0.00652917 0.00402038
 0.00799396 0.0129883 0.0195493 0.0276076 0.0368789 0.0467275 0.0561434 0.0639973 0.0694622 0.0722766 0.0726678 0.0710745 0.0679209 0.0635448 0.0582234 0.0522109 0.0457573 0.0391101 0.032506 0.0261642 0.0202827 0.0150378 0.0105758 0.0069923 0.00430667
 0.00822898 0.0133263 0.0199764 0.0280831 0.0373457 0.047127 0.0564223 0.0641012 0.069326 0.0718308 0.0718721 0.0699647 0.0666356 0.0623037 0.0572576 0.0516819 0.0457072 0.0394642 0.0331182 0.0268744 0.0209616 0.0156067 0.011005 0.00728723 0.00449219
 0.00836352 0.0135777 0.0204112 0.0287724 0.0383349 0.0483949 0.0578529 0.0654945 0.070451 0.0724939 0.071963 0.069467 0.0656163 0.060902 0.0556717 0.0501383 0.0444096 0.0385397 0.0325907 0.0266783 0.0209845 0.0157358 0.0111568 0.00741619 0.00458319
 0.00850493 0.0138178 0.0207927 0.0293448 0.0391472 0.0494796 0.0592038 0.0670446 0.0720626 0.0739692 0.0730803 0.0700335 0.0655212 0.0601467 0.0543701 0.0484892 0.0426517 0.036899 0.0312322 0.0256774 0.0203293 0.0153563 0.0109637 0.00733095 0.00455128
 0.00858919 0.0139607 0.0210192 0.0296836 0.0396267 0.0501216 0.0600152 0.0680113 0.0731462 0.0751032 0.0741657 0.0709405 0.0661055 0.0602843 0.0539984 0.0476371 0.0414408 0.0355139 0.0298701 0.0244971 0.0194185 0.0147268 0.0105727 0.00711179 0.00443992
 0.00853426 0.0138787 0.0209108 0.0295573 0.0395014 0.0500278 0.0599945 0.0681121 0.0734125 0.0755604 0.0748066 0.0717158 0.0669227 0.0610189 0.0545187 0.04784 0.0412873 0.0350462 0.0291995 0.0237656 0.0187524 0.0142039 0.0102137 0.00689481 0.00432408
 0.00847357 0.0137717 0.0207355 0.0292912 0.0391306 0.0495604 0.0594713 0.0676066 0.0730172 0.0753637 0.0748701 0.0720591 0.0675167 0.0617861 0.0553437 0.048591 0.0418476 0.0353471 0.0292393 0.0236053 0.0184874 0.0139267 0.00998577 0.00673888 0.00423349
#pred catch len freq
 0.00461015 0.00732837 0.0107541 0.014825 0.0194953 0.024705 0.0303048 0.0360298 0.0415527 0.0465635 0.0508206 0.0541746 0.0565801 0.0580869 0.058807 0.0588713 0.0583987 0.0574725 0.0560995 0.0541486 0.0513127 0.0471793 0.0414536 0.0342413 0.0261846
 0.00502962 0.0079211 0.0114859 0.0156206 0.0202766 0.0254419 0.0310427 0.0368663 0.0425691 0.0477538 0.0520648 0.0552749 0.0573387 0.0583822 0.0586299 0.0583129 0.0575986 0.056553 0.0551166 0.0530835 0.0501116 0.0458184 0.0399875 0.0327998 0.02492
 0.00536275 0.00846735 0.0123111 0.0167746 0.0217669 0.0272046 0.0329325 0.0386885 0.0441523 0.049018 0.0530308 0.0560049 0.0578555 0.0586318 0.0585144 0.0577595 0.0566105 0.0552075 0.0535214 0.0513295 0.0482584 0.0439186 0.0381211 0.0310831 0.0234746
 0.0056437 0.00891209 0.0129621 0.0176739 0.0229599 0.0287359 0.0348251 0.0409063 0.0465664 0.0514061 0.0551283 0.0575892 0.0588123 0.0589604 0.058275 0.057013 0.0553974 0.0535679 0.0515212 0.049067 0.0458532 0.0415018 0.0358323 0.0290604 0.0218291
 0.00595795 0.00940182 0.0136613 0.0186042 0.0241341 0.0301615 0.0365037 0.0428276 0.0486971 0.0536725 0.0573984 0.0596688 0.0604741 0.0600023 0.0585765 0.0565563 0.0542445 0.0518205 0.0492963 0.0464952 0.0430878 0.0387205 0.033223 0.0267931 0.020021
 0.00631284 0.00995138 0.0144384 0.0196243 0.0253975 0.0316567 0.0382058 0.0446953 0.0506722 0.0556841 0.0593649 0.0614943 0.0620391 0.0611625 0.0591806 0.0564808 0.0534296 0.0502872 0.0471399 0.0438686 0.0401861 0.0357668 0.0304461 0.0243917 0.0181233
 0.00663899 0.0104666 0.0151864 0.0206369 0.0266909 0.0332257 0.0400149 0.0466738 0.052721 0.0576917 0.061225 0.0631162 0.0633477 0.0620895 0.0596527 0.0564165 0.0527525 0.0489547 0.0451733 0.0413709 0.0373398 0.0328119 0.02764 0.021958 0.0162044
 0.00698236 0.0110026 0.0159533 0.0216597 0.0279831 0.0347888 0.0418312 0.0486948 0.0548587 0.0598214 0.063201 0.0647961 0.0646175 0.0628766 0.0599211 0.0561487 0.0519332 0.0475706 0.0432345 0.0389429 0.0345662 0.0299104 0.0248653 0.019542 0.0142979
 0.00721561 0.0113794 0.0165165 0.0224493 0.029031 0.0361095 0.0434112 0.0504855 0.0567792 0.0617673 0.0650544 0.066434 0.0659224 0.0637496 0.0602943 0.0559878 0.0512307 0.0463369 0.0414985 0.0367687 0.0320753 0.0272889 0.0223404 0.0173293 0.0125441
 0.00738958 0.0116626 0.0169447 0.0230601 0.0298608 0.0371873 0.0447466 0.0520566 0.0585251 0.0635895 0.0668274 0.0680235 0.0672052 0.0646282 0.0607029 0.0558914 0.0506205 0.0452264 0.0399249 0.0348013 0.0298292 0.0249302 0.0200689 0.0153361 0.0109612
 0.00764543 0.0120507 0.0174784 0.0237376 0.0306721 0.0381241 0.045806 0.0532358 0.0598099 0.0649433 0.0681853 0.0692957 0.0682884 0.0654219 0.0611248 0.0558864 0.050163 0.0443188 0.0385977 0.0331185 0.027896 0.0228945 0.0181055 0.0136109 0.0095893
 0.00793827 0.012503 0.0181146 0.0245637 0.0316751 0.0392724 0.0470495 0.0545091 0.0610428 0.0660747 0.0691718 0.0701084 0.0689026 0.0658076 0.0612444 0.0557009 0.0496412 0.043447 0.0373887 0.0316191 0.0261934 0.0211149 0.0163978 0.0121157 0.00840304
 0.00808506 0.0127401 0.018469 0.0250603 0.0323334 0.0400993 0.0480308 0.0556028 0.0621808 0.067173 0.0701467 0.0708931 0.0694567 0.0661166 0.0613085 0.0555212 0.0492124 0.0427606 0.0364452 0.0304435 0.0248467 0.0196954 0.0150266 0.0109095 0.00744275
 0.00817005 0.0128762 0.0186709 0.025343 0.0327125 0.0405901 0.0486439 0.0563373 0.0630163 0.0680654 0.0710296 0.0716879 0.0700889 0.0665315 0.0614791 0.0554451 0.0489005 0.0422274 0.0357063 0.029524 0.0237929 0.0185812 0.0139457 0.0099545 0.00667979
 0.00824096 0.0129812 0.0188106 0.0255138 0.0329114 0.0408206 0.0489195 0.0566786 0.0634421 0.0685811 0.0716189 0.0723096 0.0706826 0.0670291 0.0618198 0.0555867 0.0488247 0.0419366 0.0352184 0.0288693 0.0230165 0.0177454 0.0131259 0.00922421 0.00609256
 0.00817505 0.0128859 0.018689 0.0253758 0.0327701 0.0406886 0.0488069 0.0565971 0.0634112 0.0686311 0.0717843 0.0726152 0.0711263 0.0675735 0.0623967 0.0561139 0.0492261 0.0421583 0.0352363 0.0286898 0.0226728 0.0172922 0.0126307 0.00875411 0.00569884
 0.00810952 0.0127919 0.018571 0.0252467 0.0326486 0.0405937 0.0487533 0.0565916 0.0634527 0.0687128 0.0719003 0.0727658 0.0713199 0.0678196 0.0626933 0.0564375 0.0495318 0.0423915 0.03535 0.0286594 0.0225034 0.0170167 0.0123004 0.00842438 0.00541429
 0.0081062 0.0127733 0.0185196 0.0251404 0.0324694 0.0403402 0.0484492 0.0562838 0.0631972 0.068556 0.0718647 0.0728489 0.0715024 0.0680774 0.063004 0.0567796 0.0498791 0.0427093 0.0355985 0.0288052 0.0225316 0.0169378 0.0121471 0.00824006 0.00523891
 0.00820399 0.0129039 0.0186625 0.0252564 0.032508 0.0402539 0.0482095 0.0558938 0.0626963 0.0680161 0.0713757 0.072495 0.0713383 0.068115 0.0632168 0.0571173 0.0502838 0.0431253 0.0359765 0.0291051 0.0227287 0.0170281 0.0121479 0.00818311 0.00515898
