SBPRF35
7.78865
Curr Bio
505517
B35
677853
F35
0.225268
FOFL
0.168357
OFL
66710.4
Bzero
2.22533e+06
#pred survey bio
 4.27843e+06 4.03889e+06 3.81139e+06 3.54864e+06 3.25701e+06 2.96385e+06 2.66429e+06 2.39322e+06 2.12817e+06 1.87499e+06 1.6581e+06 1.46543e+06 1.29945e+06 1.12787e+06 1.00308e+06 886197 814418 763576 701955 661280 639507 626311 623019 612750 609955 604492 607450 593610 591789 593615 590867 602594 603303 594336 580590 561557 552128 538449 538793 546325 559326 559785 560732 574406 576956 589400 589344 597766 607105 608812 614318 541654 489746 439021 421332 436762 474026 493582 494565 509876 488678 482907 506083 1.80466e+07 1.12583e+07 1.18163e+07 1.26504e+07 1.35927e+07 1.44843e+07 1.52464e+07 1.58569e+07 1.63256e+07 1.66753e+07 1.69314e+07 1.71171e+07 1.7251e+07 1.73474e+07 1.74171e+07 1.74677e+07 1.75045e+07 1.75316e+07 1.75516e+07 1.75665e+07 1.75777e+07 1.75861e+07 1.75924e+07 1.75972e+07 1.76009e+07 1.76037e+07 1.76058e+07 1.76075e+07 1.76087e+07 1.76097e+07 1.76105e+07 1.7611e+07 1.76115e+07 1.76118e+07 1.76121e+07 1.76123e+07 1.76125e+07 1.76126e+07 1.76127e+07 1.76127e+07 1.76128e+07 1.76128e+07 1.76129e+07 1.76129e+07 1.76129e+07 1.76129e+07 1.7613e+07 1.7613e+07 1.7613e+07 1.7613e+07 1.7613e+07 1.7613e+07 1.7613e+07 1.7613e+07 1.7613e+07 1.7613e+07 1.7613e+07 1.7613e+07 1.7613e+07 1.7613e+07 1.7613e+07 1.7613e+07 1.7613e+07 1.7613e+07 1.7613e+07 1.7613e+07 1.7613e+07 1.7613e+07 1.7613e+07 1.7613e+07 1.7613e+07 1.7613e+07 1.7613e+07 1.7613e+07 1.7613e+07 1.7613e+07 1.7613e+07 1.7613e+07 1.7613e+07 1.7613e+07 1.7613e+07 1.7613e+07 1.7613e+07 1.7613e+07 1.7613e+07 1.7613e+07 1.7613e+07 1.7613e+07 1.7613e+07 1.7613e+07 1.7613e+07 1.7613e+07 1.7613e+07 1.7613e+07 1.7613e+07 1.7613e+07 1.7613e+07 1.7613e+07 1.7613e+07 1.7613e+07 0 0 0 0 0 0 0 0 0 0 0 0 0 0 0 0 0 0 0 0 0 0 0 0 0
#obs survey bio
 3.16068e+06 2.53478e+06 2.83182e+06 2.66437e+06 3.85922e+06 2.52388e+06 1.93258e+06 2.33821e+06 1.34686e+06 2.01747e+06 1.27858e+06 1.20876e+06 1.25118e+06 1.01906e+06 831419 893287 923392 797454 573364 589356 494691 443013 825212 541761 559097 742141 792576 519729 642457 550951 474478 722748 504576 606636 537052 528942 772201 695853 584309 786396 511438 479405 476588 474209 584468 514764 450046 651149 489609 1.06143e+06 872921 628313 639551 464212 368612 485608 366409 399837 561577 536622 442001 622186 399057
#pred catch bio
 94116 94215.6 146591 198444 228951 265617 269680 291205 303708 289600 281788 267862 278172 240003 233552 192557 171240 175871 153668 134721 125464 115264 118422 109346 109228 100681 114109 103178 99550.1 102334 88854.2 96330.4 101272 100723 100082 89381.4 94365.4 85320.9 81926.1 79360.6 91512.2 92789.4 84872.3 96878.5 90034.9 101272 94534 94277.4 99918 94529.4 156226 134038 131185 102810 76127.1 59228.4 74083 88648.5 76926.6 108615 97152 77096.9 92002.5 66710.4 90097.6 93506.4 98987.8 105853 112481 118064 122408 125611 127884 129451 130507 131207 131664 131960 132150 132271 132348 132396 132426 132445 132457 132465 132469 132472 132474 132475 132476 132476 132476 132477 132477 132477 132477 132477 132477 132477 132477 132477 132477 132477 132477 132477 132477 132477 132477 132477 132477 132477 132477 132477 132477 132477 132477 132477 132477 132477 132477 132477 132477 132477 132477 132477 132477 132477 132477 132477 132477 132477 132477 132477 132477 132477 132477 132477 132477 132477 132477 132477 132477 132477 132477 132477 132477 132477 132477 132477 132477 132477 132477 132477 132477 132477 132477 132477 132477 132477 132477 132477 132477 0 0 0 0 0 0 0 0 0 0 0 0 0 0 0 0 0 0 0 0 0 0 0 0 0
#obs catch bio
 0 94031.4 147302 200151 230939 269286 274154 296766 311663 296678 289533 274663 286590 246297 241439 198771 174148 178856 156023 137156 127433 117406 119596 110285 110186 100444 114775 104068 100294 103397 89464.1 96673.8 101839 101079 100363 89175.3 94221 84528.4 81098.2 78497.9 90698.6 92139 84558.5 97102.3 90052.5 101336 94484.7 94159.3 100306 93368.2 154288 131474 128920 101920 75912.4 58787.3 73779.3 88467.3 75876.8 107884 96616.4 76429.9 92107.3
#pred cpue bio
 4.20302e+06 3.96661e+06 3.74088e+06 3.4787e+06 3.18858e+06 2.89687e+06 2.59871e+06 2.32898e+06 2.06566e+06 1.81459e+06 1.59986e+06 1.40941e+06 1.2456e+06 1.07692e+06 954223 839845 770303 721675 662404 623207 602401 589913 587260 578074 575942 571122 574135 560582 558803 560859 558574 570478 571878 563965 551692 534176 524789 510212 509539 516581 529196 529433 529756 542328 544417 556475 556525 564657 573826 576004 582168 511960 460948 410988 393358 408545 445581 465381 466441 480896 459678 453013 474534 1.69297e+07 1.05807e+07 1.10599e+07 1.17892e+07 1.26938e+07 1.35769e+07 1.43374e+07 1.49477e+07 1.54163e+07 1.5766e+07 1.60221e+07 1.62078e+07 1.63417e+07 1.64381e+07 1.65078e+07 1.65584e+07 1.65952e+07 1.66223e+07 1.66423e+07 1.66572e+07 1.66684e+07 1.66768e+07 1.66831e+07 1.66879e+07 1.66916e+07 1.66944e+07 1.66965e+07 1.66982e+07 1.66994e+07 1.67004e+07 1.67012e+07 1.67017e+07 1.67022e+07 1.67025e+07 1.67028e+07 1.6703e+07 1.67032e+07 1.67033e+07 1.67034e+07 1.67035e+07 1.67035e+07 1.67036e+07 1.67036e+07 1.67036e+07 1.67036e+07 1.67036e+07 1.67037e+07 1.67037e+07 1.67037e+07 1.67037e+07 1.67037e+07 1.67037e+07 1.67037e+07 1.67037e+07 1.67037e+07 1.67037e+07 1.67037e+07 1.67037e+07 1.67037e+07 1.67037e+07 1.67037e+07 1.67037e+07 1.67037e+07 1.67037e+07 1.67037e+07 1.67037e+07 1.67037e+07 1.67037e+07 1.67037e+07 1.67037e+07 1.67037e+07 1.67037e+07 1.67037e+07 1.67037e+07 1.67037e+07 1.67037e+07 1.67037e+07 1.67037e+07 1.67037e+07 1.67037e+07 1.67037e+07 1.67037e+07 1.67037e+07 1.67037e+07 1.67037e+07 1.67037e+07 1.67037e+07 1.67037e+07 1.67037e+07 1.67037e+07 1.67037e+07 1.67037e+07 1.67037e+07 1.67037e+07 1.67037e+07 1.67037e+07 1.67037e+07 1.67037e+07 1.67037e+07 1.67037e+07 0 0 0 0 0 0 0 0 0 0 0 0 0 0 0 0 0 0 0 0 0 0 0 0 0
#obs cpue bio
 4.21135e+06 3.65148e+06 2.79538e+06 2.73185e+06 2.67545e+06 2.2714e+06 2.04654e+06 2.21498e+06 1.74431e+06 1.49276e+06 1.38664e+06 1.43591e+06 962847 835062 639329 438044 1.03037e+06 662003 608323 409320 686716 459895 757196 537129 595335 832354 298942 388995 485248 495991 579359 704416 567432 598948 650133 721718 449417 733934 610335 412711 608656 584838 431842 526718 495788 772287 693996 562193 525912 883941 588514 619513 447569 325931 362724 477296 599574 590385 779186 412295 471046 401314 390450
#pred surv len freq
 0.0046538 0.00754827 0.0113514 0.0160544 0.021571 0.0276647 0.0339101 0.0397823 0.0448421 0.0488754 0.0518958 0.054056 0.0555546 0.056571 0.05722 0.057525 0.0574216 0.0567816 0.0554353 0.0531715 0.0497421 0.0449254 0.0386757 0.0312947 0.0234761
 0.00505247 0.00809674 0.0119973 0.0166999 0.0221157 0.0280653 0.0342136 0.0400997 0.0452706 0.0494163 0.0524249 0.0543684 0.0554587 0.0559802 0.0561987 0.0562728 0.0562051 0.0558415 0.0549021 0.0530276 0.0498475 0.0450952 0.0387662 0.0312526 0.0233309
 0.00519637 0.00838257 0.012516 0.0175486 0.0233516 0.0296479 0.0359753 0.0417848 0.046636 0.0503328 0.0529036 0.0544955 0.0552961 0.0555155 0.0553794 0.0550882 0.0547469 0.0542956 0.0534781 0.0518713 0.0489924 0.0444775 0.038287 0.0308391 0.022962
 0.00536834 0.00864887 0.0128978 0.0180718 0.024059 0.0306048 0.037253 0.0434137 0.048549 0.052339 0.0547283 0.0558742 0.0560638 0.0556335 0.0548949 0.054081 0.0533116 0.052559 0.0516086 0.0500518 0.0473681 0.0431198 0.0371983 0.0299877 0.0223142
 0.00562541 0.00905375 0.0134824 0.0188563 0.0250488 0.0317894 0.0386071 0.0449045 0.0501452 0.0540073 0.0564086 0.0574491 0.057355 0.0564429 0.0550695 0.0535603 0.0521349 0.0508456 0.0495327 0.0478171 0.0451772 0.0411382 0.0355304 0.0286737 0.0213446
 0.00589664 0.00948925 0.0141277 0.0197499 0.0262151 0.0332273 0.0402774 0.0467273 0.0520127 0.0558096 0.0580564 0.0588774 0.0585057 0.0572389 0.0554053 0.0533229 0.0512487 0.0493141 0.0474561 0.0453805 0.0426139 0.0386833 0.0333748 0.0269342 0.0200549
 0.00616154 0.0099201 0.014777 0.020668 0.0274422 0.0347794 0.04213 0.0488053 0.0541958 0.0579506 0.0600062 0.0605085 0.0597266 0.0579931 0.0556546 0.0530283 0.0503663 0.0478183 0.0453785 0.0428403 0.0398183 0.0358906 0.0308355 0.024832 0.018473
 0.00642607 0.010342 0.015398 0.0215246 0.0285634 0.0361808 0.0438036 0.0507093 0.056251 0.0600448 0.0620048 0.0622701 0.0611216 0.0589195 0.0560453 0.0528454 0.04959 0.0464437 0.0434317 0.0404078 0.0370683 0.0330627 0.0281928 0.0225935 0.0167595
 0.00666903 0.0107419 0.016009 0.0224004 0.0297468 0.0376877 0.0456064 0.0527321 0.0583808 0.0621531 0.0639661 0.0639704 0.0624596 0.0598085 0.0564165 0.0526512 0.0488051 0.0450666 0.0414931 0.0379892 0.0343212 0.030209 0.0254894 0.02027 0.0149571
 0.0069393 0.0111751 0.0166506 0.0232916 0.030921 0.0391618 0.0473682 0.0547283 0.0605141 0.0642915 0.0659616 0.065681 0.0637688 0.0606345 0.0567103 0.0523875 0.0479745 0.0436748 0.0395716 0.0356141 0.0316318 0.0274104 0.0228241 0.0179621 0.0131516
 0.00721755 0.0116172 0.0172972 0.0241752 0.0320617 0.0405612 0.0490007 0.0565361 0.0624113 0.0661749 0.0677212 0.0672077 0.0649615 0.0614079 0.0570025 0.0521626 0.0472201 0.0423992 0.0378079 0.0334333 0.0291597 0.0248309 0.0203572 0.0158143 0.011461
 0.00747403 0.0120334 0.0179222 0.0250536 0.0332247 0.042013 0.0507036 0.058406 0.0643291 0.0680098 0.0693529 0.06854 0.0659244 0.0619549 0.0571049 0.051805 0.0463987 0.0411242 0.0361104 0.0313784 0.0268597 0.0224485 0.0180865 0.0138385 0.00990372
 0.00768207 0.0123736 0.0184384 0.0257894 0.0342169 0.0432793 0.0522279 0.0601285 0.0661483 0.0697956 0.0709677 0.0698597 0.0668561 0.0624455 0.0571385 0.0513915 0.045561 0.0398918 0.034523 0.0294982 0.0247853 0.0203197 0.0160689 0.012088 0.00852511
 0.00805737 0.01296 0.0192771 0.0269041 0.0356114 0.0449341 0.0540925 0.0621153 0.0681356 0.0716423 0.0725326 0.0710214 0.067529 0.06259 0.0567614 0.0505369 0.0442946 0.0382861 0.0326515 0.02744 0.0226373 0.0182031 0.0141196 0.01043 0.00723688
 0.00820918 0.0132265 0.0197141 0.0275738 0.0365669 0.0461946 0.0556226 0.0638213 0.0698851 0.0732947 0.0739647 0.072137 0.0682592 0.0628912 0.056617 0.0499588 0.0433219 0.0369792 0.0310853 0.0257008 0.0208236 0.016426 0.0124946 0.00905672 0.00617516
 0.00826536 0.0133417 0.0199332 0.0279573 0.0371817 0.0470953 0.0568291 0.0653009 0.0715464 0.0749965 0.0755391 0.0734229 0.0691349 0.063293 0.0565382 0.0494351 0.0424137 0.0357602 0.0296368 0.0241117 0.0191906 0.0148513 0.011077 0.00787541 0.00527251
 0.00832504 0.0134116 0.0199907 0.0279724 0.0371343 0.0469999 0.0567498 0.0653424 0.0718188 0.0755689 0.0764053 0.074495 0.0702661 0.0643179 0.0573133 0.0498664 0.0424655 0.0354482 0.029015 0.0232592 0.018202 0.0138281 0.0101159 0.00705359 0.00463469
 0.00840686 0.0135329 0.02015 0.0281556 0.037314 0.0471374 0.0568043 0.0652889 0.0716709 0.075392 0.0763042 0.0745745 0.0705812 0.0648429 0.0579475 0.0504704 0.0429078 0.035641 0.0289291 0.02292 0.0176755 0.0132022 0.00948143 0.00648655 0.00418284
 0.00860503 0.0138452 0.0206002 0.028756 0.0380584 0.0479931 0.0577039 0.0661319 0.0723415 0.0757915 0.0763854 0.0743617 0.0701645 0.0643441 0.0574725 0.0500709 0.0425723 0.0353156 0.0285539 0.0224605 0.0171367 0.0126235 0.00891962 0.00599536 0.00379675
 0.00870176 0.0139959 0.0208153 0.0290419 0.0384176 0.0484235 0.0581957 0.0666627 0.0728719 0.0762656 0.0767397 0.0745413 0.0701432 0.0641385 0.0571385 0.0496819 0.0421881 0.0349615 0.0282198 0.0221204 0.0167723 0.0122393 0.00854139 0.00565709 0.00352517
 0.00877828 0.0141011 0.0209383 0.0291616 0.0385101 0.0484736 0.0582058 0.0666544 0.0728781 0.0763173 0.0768519 0.0747051 0.0703266 0.064298 0.0572374 0.0497046 0.0421425 0.0348676 0.0280946 0.0219699 0.0165958 0.0120396 0.00833172 0.0054584 0.00335771
 0.00863598 0.013907 0.0207139 0.0289471 0.0383498 0.0483941 0.0582025 0.0666959 0.0729275 0.0763563 0.0768906 0.0747727 0.0704496 0.064482 0.0574614 0.049932 0.0423371 0.0350064 0.0281706 0.0219869 0.0165624 0.0119672 0.00823468 0.005354 0.00326238
 0.00853417 0.0137268 0.0204186 0.0285018 0.0377387 0.0476437 0.0573939 0.0659517 0.0723721 0.0760705 0.0768891 0.0750152 0.070872 0.0650223 0.0580684 0.0505601 0.0429421 0.0355472 0.0286165 0.0223229 0.0167897 0.0120993 0.00829331 0.00536371 0.00324633
 0.00854564 0.0137393 0.0204244 0.0284848 0.0376734 0.0474968 0.0571331 0.0655615 0.0718732 0.075528 0.0764002 0.0746759 0.070742 0.0651077 0.0583308 0.050939 0.043375 0.0359808 0.0290094 0.0226469 0.0170311 0.012259 0.00838355 0.00540333 0.00325513
 0.00850546 0.013674 0.0203262 0.0283462 0.0374884 0.0472618 0.0568481 0.0652305 0.0715041 0.0751356 0.0760124 0.0743377 0.0705107 0.0650361 0.058446 0.0512297 0.0437954 0.036466 0.0294949 0.0230816 0.0173838 0.0125185 0.00855553 0.00550458 0.0033068
 0.00867039 0.0139014 0.0205928 0.0286048 0.0376802 0.0473374 0.0567839 0.0650327 0.0712005 0.074762 0.0756035 0.0739256 0.070128 0.0647193 0.0582324 0.0511478 0.0438527 0.0366433 0.0297505 0.0233648 0.0176489 0.0127356 0.00871274 0.00560539 0.00336363
 0.00867836 0.0139288 0.0206585 0.0287288 0.0378713 0.0475766 0.0570177 0.0651846 0.071201 0.0745819 0.0752673 0.0734993 0.0696903 0.0643362 0.0579465 0.0509803 0.0438086 0.0367131 0.0299101 0.0235781 0.0178755 0.0129406 0.00887482 0.00571839 0.00343327
 0.00868821 0.0139617 0.0207396 0.0288936 0.0381573 0.0480097 0.057595 0.0658622 0.0718924 0.0751716 0.0756398 0.0735755 0.0694552 0.0638435 0.0572976 0.0502893 0.043172 0.0361938 0.0295342 0.0233407 0.0177506 0.0128924 0.00886898 0.00572921 0.00344604
 0.00860636 0.0138306 0.0205478 0.0286368 0.0378456 0.0476752 0.0572952 0.0656712 0.0718777 0.0753645 0.0760154 0.0740544 0.069929 0.0642128 0.0575052 0.0503338 0.043098 0.0360659 0.0294112 0.0232586 0.0177191 0.0129018 0.00890086 0.0057661 0.00347692
 0.00851845 0.0136912 0.0203446 0.0283607 0.0374925 0.0472504 0.056819 0.0651847 0.071443 0.0750559 0.0759006 0.0741702 0.0702624 0.0646991 0.0580475 0.0508371 0.0434994 0.0363483 0.0295946 0.023379 0.0178089 0.012979 0.00896963 0.0058237 0.00352013
 0.00841782 0.0135423 0.0201475 0.0281241 0.03723 0.0469747 0.0565387 0.064905 0.0711715 0.0748089 0.0757064 0.0740664 0.0702854 0.0648672 0.0583476 0.051223 0.0439069 0.0367181 0.0298911 0.0235961 0.0179605 0.0130851 0.00904626 0.0058797 0.00355966
 0.00823085 0.0132431 0.0197074 0.0275237 0.0364675 0.0460765 0.0555673 0.0639555 0.0703513 0.0742107 0.0753873 0.0740433 0.0705429 0.0653693 0.0590438 0.0520506 0.044792 0.0375838 0.030671 0.0242466 0.0184663 0.013455 0.00930229 0.0060479 0.00366408
 0.00803523 0.0129525 0.0193203 0.0270539 0.0359373 0.0455063 0.0549718 0.0633486 0.0697577 0.0736731 0.0749635 0.0737919 0.0705058 0.06556 0.0594458 0.0526231 0.0454782 0.0383184 0.0313882 0.0248904 0.0189996 0.0138636 0.00959277 0.00623991 0.00378214
 0.00777022 0.0125569 0.0187913 0.0264145 0.0352322 0.0447929 0.0543101 0.0627919 0.0693421 0.07341 0.0748421 0.0737924 0.0706155 0.0657801 0.0597847 0.0530828 0.0460434 0.0389536 0.0320436 0.0255125 0.019543 0.0143004 0.00991561 0.00645918 0.00391887
 0.0077441 0.0124799 0.0186135 0.0260733 0.0346747 0.0440081 0.0533526 0.0617798 0.0684227 0.0727115 0.0744366 0.0736868 0.0707676 0.0661266 0.0602667 0.0536577 0.0466823 0.0396311 0.0327286 0.0261665 0.0201266 0.0147828 0.0102827 0.00671522 0.00408192
 0.00840721 0.0134189 0.0197668 0.0272887 0.0357433 0.0447249 0.0535738 0.0614551 0.0676017 0.0715311 0.0730904 0.0723781 0.0696592 0.0653079 0.0597517 0.0534094 0.0466439 0.0397467 0.0329495 0.0264483 0.0204271 0.0150646 0.0105185 0.0068921 0.00420105
 0.00885131 0.014143 0.0208517 0.0287874 0.0376416 0.0468952 0.0557511 0.0632732 0.0686993 0.0716816 0.0722845 0.0708157 0.067664 0.0632172 0.0578316 0.0518159 0.0454288 0.0388894 0.0323923 0.0261229 0.0202675 0.0150123 0.0105254 0.00692291 0.00423408
 0.00890351 0.0142816 0.0211611 0.0293837 0.0386476 0.0483944 0.0577354 0.0656045 0.0711055 0.073797 0.0737351 0.0713279 0.0671555 0.0618238 0.0558528 0.0496086 0.0433035 0.0370498 0.0309283 0.0250375 0.0195133 0.0145211 0.0102269 0.00675474 0.00414694
 0.00876695 0.0140731 0.0208775 0.0290439 0.0383044 0.0481443 0.057715 0.0659624 0.0719452 0.0751119 0.0753704 0.0729997 0.0685299 0.0626258 0.0559575 0.0490726 0.042325 0.0358831 0.0297981 0.0240879 0.0188007 0.0140362 0.00992578 0.00658387 0.0040586
 0.00870661 0.0139632 0.0206908 0.0287501 0.0378809 0.0475936 0.0570832 0.0653486 0.0714918 0.0749736 0.0756639 0.0737506 0.0696386 0.0638789 0.0570904 0.0498615 0.0426632 0.0358034 0.0294352 0.0236091 0.0183429 0.0136758 0.00968176 0.0064392 0.00398303
 0.00873777 0.0139956 0.020705 0.0287139 0.0377547 0.0473409 0.0566841 0.0648118 0.0708654 0.074348 0.0751639 0.0735079 0.0697491 0.0643579 0.0578504 0.0507323 0.0434502 0.0363597 0.0297083 0.0236399 0.0182261 0.0135093 0.00953207 0.00633395 0.00392171
 0.00892629 0.0142854 0.0211082 0.0292263 0.0383509 0.0479714 0.0572739 0.0652682 0.071098 0.0742983 0.0748309 0.0729579 0.0691022 0.0637538 0.0574021 0.0504861 0.043373 0.0363622 0.0296938 0.0235499 0.0180579 0.013301 0.00933202 0.00617545 0.00381497
 0.00905208 0.0144901 0.0214162 0.0296581 0.0389171 0.048662 0.0580483 0.0660521 0.0717923 0.0747989 0.0750534 0.0728605 0.0687014 0.0631252 0.0566628 0.0497597 0.0427513 0.0358803 0.0293329 0.0232645 0.017808 0.0130713 0.00912902 0.00601274 0.00369959
 0.00890386 0.0142829 0.0211678 0.0294087 0.0387212 0.0485738 0.0581072 0.0662735 0.0721631 0.0752765 0.0755695 0.0733325 0.069051 0.0633011 0.0566569 0.049609 0.0425212 0.0356378 0.0291219 0.0230973 0.0176751 0.0129581 0.00902876 0.00592737 0.00363377
 0.00880058 0.0141303 0.0209679 0.0291772 0.0384882 0.0483814 0.0580049 0.0663081 0.0723643 0.075642 0.076058 0.0738708 0.069552 0.0636861 0.0568746 0.0496462 0.0424033 0.0354176 0.0288601 0.0228431 0.0174562 0.0127826 0.00889377 0.00582735 0.00356352
 0.0087297 0.0140032 0.0207558 0.0288495 0.0380243 0.0477874 0.057328 0.0656366 0.0718097 0.0753088 0.0760137 0.0741269 0.0700615 0.0643567 0.057593 0.0503079 0.0429363 0.0357934 0.0290894 0.0229606 0.0175016 0.0127888 0.00888193 0.00580945 0.0035459
 0.00876599 0.0140632 0.0208461 0.0289723 0.0381707 0.0479318 0.0574276 0.0656426 0.0716892 0.0750669 0.0757005 0.0738227 0.069846 0.0642783 0.0576536 0.0504669 0.0431313 0.0359654 0.0292021 0.0230056 0.0174929 0.0127493 0.00883289 0.00576464 0.00351145
 0.00866984 0.0139212 0.0206597 0.0287532 0.0379391 0.0477115 0.0572397 0.0655003 0.0715928 0.0750039 0.0756534 0.0737825 0.0698234 0.0643016 0.0577532 0.0506556 0.043393 0.0362598 0.0294812 0.0232326 0.0176517 0.0128441 0.00887987 0.00578217 0.00351433
 0.0083938 0.0135163 0.0201321 0.0281383 0.0372934 0.0470975 0.0567141 0.0651077 0.0713626 0.0749472 0.0757594 0.0740206 0.0701522 0.0646825 0.0581611 0.0510794 0.0438273 0.0366932 0.0298921 0.0235939 0.0179419 0.013055 0.00901785 0.00586331 0.00355709
 0.0082397 0.0132633 0.0197494 0.027602 0.0365994 0.0462776 0.055845 0.0643024 0.0707405 0.074595 0.0757069 0.0742401 0.0705783 0.0652377 0.0587754 0.0517013 0.0444247 0.0372484 0.030393 0.0240287 0.018299 0.0133281 0.00920977 0.00598613 0.00362827
 0.00819196 0.0131685 0.0195742 0.0273036 0.0361344 0.045618 0.0549974 0.0633203 0.0697245 0.0736775 0.0750232 0.0738933 0.0706105 0.0656207 0.0594257 0.0525102 0.0452886 0.038087 0.0311538 0.0246818 0.0188307 0.0137362 0.00950223 0.00617989 0.00374589
 0.00887611 0.0142282 0.021067 0.0292368 0.0384514 0.0481854 0.0575955 0.0656571 0.0714876 0.0746137 0.0750097 0.0729684 0.0689547 0.0635002 0.0571221 0.050261 0.0432558 0.0363558 0.0297495 0.0235917 0.0180209 0.0131622 0.00911592 0.00593428 0.00359924
 0.00925861 0.0148538 0.022014 0.0305754 0.0402233 0.050373 0.0600908 0.0682521 0.0739002 0.0765416 0.0761946 0.07325 0.0683049 0.0620289 0.0550507 0.0478688 0.0408167 0.0340878 0.027791 0.0220039 0.0168053 0.0122822 0.00851493 0.00554885 0.00336856
 0.00954595 0.0153241 0.0227284 0.0315945 0.0415974 0.0521227 0.0621835 0.0705829 0.0762898 0.0787537 0.0779697 0.0743523 0.0685714 0.0614098 0.053625 0.0458285 0.0384234 0.0316157 0.0254746 0.0200042 0.0152015 0.0110821 0.00767659 0.00500326 0.00303916
 0.00932409 0.0150082 0.0223383 0.0311837 0.0412469 0.051928 0.0622389 0.0709667 0.0770463 0.0798721 0.0793667 0.0758699 0.0699994 0.0625296 0.0542638 0.0459054 0.0379686 0.0307565 0.0243928 0.0188847 0.0141892 0.0102614 0.00707245 0.00459707 0.00278926
 0.00894995 0.0143935 0.0214061 0.0298719 0.0395383 0.0498897 0.0600526 0.0689205 0.0754742 0.0790636 0.0794858 0.0769144 0.0718058 0.0648131 0.0566825 0.0481348 0.0397698 0.0320161 0.0251249 0.0191957 0.0142255 0.0101606 0.00693355 0.00447469 0.00270249
 0.00874057 0.0140137 0.0207612 0.0288489 0.0380317 0.0478471 0.0575238 0.0660869 0.0726412 0.0766134 0.0778006 0.076287 0.0723598 0.0664638 0.0591553 0.0510369 0.0426898 0.0346174 0.0272041 0.0206953 0.0152036 0.0107382 0.00724315 0.00462602 0.00277057
 0.00880645 0.0141081 0.020875 0.0289531 0.0380689 0.0477263 0.0571278 0.0653009 0.0714031 0.074968 0.0759277 0.0744798 0.0709537 0.0657387 0.0592489 0.0519034 0.0441195 0.0363087 0.0288582 0.022094 0.016245 0.0114266 0.00764854 0.00483906 0.0028706
 0.00904922 0.0144822 0.0213988 0.0296264 0.0388689 0.0486019 0.0579913 0.0660245 0.0718301 0.0749451 0.0753547 0.073361 0.0694268 0.0640597 0.0577263 0.050803 0.0435809 0.0363119 0.0292526 0.0226721 0.016821 0.0118861 0.00795599 0.00501408 0.00295529
 0.00912656 0.0146002 0.0215621 0.0298348 0.0391183 0.0488855 0.0582989 0.0663383 0.0721189 0.0751595 0.0754281 0.0732219 0.0690269 0.0634078 0.0569103 0.049979 0.0429237 0.0359489 0.0292157 0.0228953 0.0171811 0.0122595 0.00826094 0.00522185 0.00307606
 0.00954733 0.0152593 0.0225055 0.0310832 0.0406571 0.0506531 0.0601761 0.0681524 0.07367 0.0762629 0.0759522 0.0731071 0.0682856 0.0621166 0.0552024 0.048035 0.0409535 0.0341564 0.0277552 0.0218362 0.0165027 0.0118781 0.00807266 0.00513853 0.00304063
 0.00968395 0.0154898 0.0228681 0.0316187 0.0414004 0.0516184 0.0613406 0.0694474 0.0749848 0.0774611 0.0768937 0.0736723 0.0683956 0.0617472 0.0543892 0.0468697 0.0395727 0.0327218 0.0264241 0.0207288 0.0156775 0.0113286 0.00774575 0.00496401 0.00295596
 0.00921548 0.0148071 0.021989 0.0306159 0.0403886 0.0507284 0.0606964 0.0691499 0.0750986 0.0779992 0.0778054 0.0748429 0.069665 0.0629418 0.0553587 0.0475183 0.039876 0.0327251 0.0262228 0.0204358 0.0153903 0.0111061 0.00760485 0.00489151 0.002927
#obs surv len freq
 nan nan nan nan nan nan nan nan nan nan nan nan nan nan nan nan nan nan nan nan nan nan nan nan nan
 0.00448338 0.00734429 0.0111741 0.0159907 0.0216922 0.0279688 0.034284 0.0400161 0.044696 0.0481597 0.0505171 0.0520122 0.0529036 0.0534153 0.053729 0.0539835 0.0542617 0.0545542 0.0546928 0.0542847 0.0527227 0.0493549 0.0438048 0.0362851 0.027669
 0.0046107 0.00755416 0.0114949 0.0164497 0.0223087 0.0287439 0.0351904 0.0409951 0.0456662 0.0490328 0.0512148 0.0524783 0.0531093 0.0533591 0.0534329 0.0534849 0.0536047 0.0537818 0.0538444 0.0533976 0.051836 0.048512 0.0430506 0.0356576 0.0271894
 0.00478205 0.00783139 0.0119099 0.0170315 0.023079 0.0297084 0.0363289 0.0422564 0.0469711 0.0502852 0.0523153 0.0533364 0.0536541 0.0535481 0.0532557 0.0529621 0.0527805 0.0527158 0.052603 0.0520514 0.0504605 0.0471877 0.0418574 0.0346614 0.0264266
 0.00497565 0.00815004 0.0123965 0.0177279 0.024017 0.0308962 0.0377379 0.0438178 0.0485862 0.0518448 0.0537155 0.0544857 0.0544747 0.053978 0.0532537 0.052514 0.0519035 0.0514576 0.0510386 0.0502782 0.0485945 0.0453573 0.0401895 0.0332597 0.0253494
 0.00518202 0.00848841 0.0129113 0.0184633 0.0250088 0.0321596 0.0392533 0.0455241 0.0503872 0.0536253 0.0553585 0.0558843 0.0555387 0.0546348 0.053449 0.0522129 0.0510957 0.050164 0.0493188 0.0482343 0.0463692 0.043122 0.0381202 0.0315031 0.023991
 0.00540868 0.00885861 0.0134718 0.0192591 0.0260752 0.0335092 0.0408629 0.0473289 0.0522898 0.0555125 0.0571178 0.0574123 0.0567441 0.0554393 0.0537877 0.0520366 0.0503738 0.048894 0.0475381 0.0460338 0.0438993 0.0405823 0.0357281 0.0294477 0.0223884
 0.00564105 0.00924134 0.0140571 0.0200984 0.0272096 0.0349529 0.0425874 0.049258 0.0543113 0.0575008 0.0589544 0.0589963 0.0579929 0.0562848 0.0541722 0.0519102 0.0496973 0.0476475 0.045738 0.0437534 0.0412833 0.0378415 0.0331069 0.0271683 0.0205953
 0.00589169 0.00964884 0.0146707 0.0209648 0.0283647 0.0364096 0.0443205 0.0511981 0.0563523 0.0595182 0.0608247 0.0606106 0.0592628 0.0571425 0.0545664 0.0517995 0.0490469 0.046434 0.0439657 0.0414788 0.0386371 0.035031 0.0303856 0.0247769 0.0186979
 0.00612743 0.0100378 0.0152665 0.0218205 0.0295219 0.0378812 0.0460747 0.0531534 0.0583915 0.0615128 0.0626555 0.0621783 0.0604882 0.057964 0.0549363 0.05168 0.0484074 0.0452533 0.042245 0.0392646 0.0360459 0.0322575 0.0276777 0.022378 0.0167808
 0.00638991 0.0104638 0.0159066 0.0227216 0.0307189 0.0393835 0.0478509 0.0551253 0.0604428 0.0635098 0.0644698 0.0637016 0.0616398 0.0586896 0.0552023 0.0514648 0.0476948 0.0440324 0.0405209 0.0370805 0.0335079 0.0295456 0.0250258 0.0200212 0.0148898
 0.00661565 0.0108403 0.0164903 0.02357 0.0318777 0.0408667 0.0496221 0.0570934 0.0624778 0.0654709 0.0662295 0.0651583 0.0627189 0.0593414 0.0553975 0.0511894 0.0469435 0.0428066 0.038835 0.0349798 0.031091 0.0269765 0.0225182 0.0177917 0.013098
 0.00684838 0.0112202 0.0170653 0.0243867 0.032973 0.0422545 0.0512783 0.0589473 0.0644186 0.0673656 0.0679446 0.0665775 0.0637551 0.0599404 0.0555343 0.0508601 0.046156 0.0415762 0.0371882 0.032968 0.0288095 0.0245751 0.0201887 0.0157274 0.0114411
 0.00707148 0.0115849 0.0176177 0.0251701 0.0340193 0.0435701 0.0528301 0.0606598 0.066185 0.0690685 0.0694744 0.0678414 0.0646795 0.0604722 0.0556417 0.0505317 0.0453979 0.0404078 0.0356433 0.0311032 0.0267179 0.0223937 0.0180871 0.0138738 0.00995758
 0.00727725 0.011924 0.0181363 0.0259131 0.0350206 0.0448367 0.0543275 0.0623072 0.0678683 0.0706639 0.0708708 0.068953 0.0654488 0.0608658 0.0556453 0.0501447 0.0446298 0.0392787 0.0341874 0.0293768 0.024809 0.0204262 0.0162096 0.0122301 0.00864906
 0.00742749 0.012174 0.0185232 0.0264757 0.0357915 0.0458309 0.0555287 0.0636625 0.0692935 0.0720579 0.0721319 0.069992 0.0661971 0.0612799 0.0557054 0.0498498 0.0439924 0.0383208 0.032943 0.0278986 0.0231766 0.0187486 0.0146147 0.0108388 0.00754512
 0.0075347 0.0123457 0.0187775 0.0268295 0.0362597 0.0464241 0.056249 0.0644988 0.0702186 0.0730288 0.0730915 0.0708739 0.0669325 0.0618058 0.0559727 0.0498279 0.0436702 0.0377054 0.0320595 0.0267927 0.0219188 0.0174338 0.0133524 0.00973186 0.0066644
 0.00762479 0.0124878 0.0189833 0.027107 0.0366122 0.0468489 0.0567363 0.0650327 0.0707809 0.0736031 0.0736637 0.0714274 0.0674418 0.0622338 0.0562731 0.0499534 0.0435823 0.0373827 0.031503 0.0260297 0.0210042 0.0164472 0.012387 0.0088754 0.00597819
 0.00767247 0.012561 0.0190855 0.0272391 0.0367731 0.0470368 0.0569493 0.0652689 0.0710391 0.0738827 0.073965 0.0717499 0.0677798 0.0625719 0.0565826 0.0501937 0.0437064 0.0373481 0.0312836 0.0256252 0.0204453 0.0157931 0.0117141 0.00825916 0.00547426
 0.00772232 0.0126367 0.0191894 0.0273696 0.0369248 0.0472016 0.0571176 0.0654311 0.0711882 0.0740175 0.0740908 0.0718765 0.0679175 0.0627253 0.0567465 0.0503495 0.0438229 0.037387 0.0312096 0.0254186 0.0201121 0.0153676 0.0112514 0.00781973 0.005106
 0.00777671 0.0127177 0.0192975 0.0274999 0.0370685 0.0473478 0.0572551 0.0655501 0.0712816 0.0740828 0.0741316 0.071902 0.0679403 0.0627576 0.0567954 0.0504128 0.0438867 0.0374264 0.0311945 0.0253238 0.0199281 0.0151077 0.0109496 0.00751965 0.00484625
 0.00784041 0.0128167 0.0194374 0.0276817 0.0372871 0.0475903 0.0575008 0.0657724 0.071454 0.074187 0.0741625 0.0718681 0.06786 0.062653 0.0566873 0.0503158 0.0438057 0.0373546 0.0311154 0.0252173 0.0197799 0.0149176 0.0107335 0.00730397 0.00465744
 0.0078522 0.0128356 0.0194655 0.0277209 0.037339 0.0476558 0.0575793 0.0658605 0.0715456 0.0742734 0.074234 0.0719171 0.0678829 0.0626524 0.0566702 0.0502914 0.0437812 0.0373316 0.0310879 0.0251743 0.0197106 0.0148179 0.0106102 0.00717302 0.00453727
 0.00786497 0.0128507 0.0194779 0.0277231 0.0373236 0.0476198 0.0575269 0.0658037 0.0714996 0.0742516 0.0742433 0.0719561 0.0679434 0.0627228 0.0567399 0.0503535 0.0438329 0.0373719 0.0311152 0.0251842 0.0196978 0.0147797 0.0105502 0.00710112 0.00446616
 0.00788597 0.0128822 0.0195199 0.027773 0.0373756 0.0476653 0.0575555 0.065806 0.0714715 0.0741977 0.0741767 0.0718942 0.0679012 0.0627074 0.0567495 0.0503802 0.0438668 0.0374045 0.0311402 0.0251971 0.0196951 0.0147601 0.0105156 0.00705743 0.00442144
 0.00790535 0.0129101 0.0195552 0.0278123 0.0374141 0.0476977 0.0575773 0.0658137 0.0714624 0.0741701 0.074132 0.071838 0.0678432 0.0626593 0.0567208 0.0503747 0.0438816 0.037432 0.031171 0.0252227 0.0197096 0.0147608 0.0105033 0.00703612 0.00439674
 0.00790514 0.012909 0.019552 0.0278053 0.0374013 0.0476773 0.0575485 0.0657771 0.0714204 0.0741266 0.0740917 0.0718048 0.0678204 0.0626493 0.0567257 0.050396 0.0439187 0.0374815 0.0312262 0.0252755 0.0197527 0.0147897 0.0105172 0.00703757 0.00439042
 0.00789462 0.0128912 0.0195241 0.0277643 0.0373452 0.0476064 0.0574665 0.0656908 0.0713387 0.0740581 0.074043 0.0717797 0.0678198 0.0626719 0.0567685 0.0504552 0.0439903 0.0375609 0.0313079 0.0253532 0.01982 0.0148418 0.0105523 0.00705722 0.00439851
 0.00786888 0.0128473 0.0194545 0.0276614 0.0372037 0.047427 0.0572591 0.0654746 0.0711384 0.073898 0.0739409 0.0717446 0.0678508 0.0627607 0.0569019 0.0506179 0.0441677 0.0377403 0.0314789 0.0255072 0.0199506 0.0149449 0.0106272 0.00710647 0.00442734
 0.00787295 0.0128486 0.0194464 0.0276342 0.0371464 0.0473311 0.0571221 0.0653025 0.0709452 0.0737041 0.0737694 0.0716169 0.0677826 0.0627586 0.0569628 0.0507306 0.0443164 0.0379076 0.0316488 0.0256666 0.0200896 0.0150576 0.0107116 0.00716424 0.00446315
 0.00786523 0.0128362 0.0194279 0.0276074 0.0371084 0.0472775 0.0570476 0.0652027 0.0708194 0.0735578 0.0736152 0.0714735 0.0676703 0.0626946 0.0569571 0.050784 0.0444205 0.0380476 0.0318069 0.0258253 0.0202347 0.0151793 0.0108052 0.00723024 0.00450544
 0.00783367 0.0127837 0.019347 0.0274915 0.0369537 0.0470869 0.0568326 0.0649827 0.0706164 0.0733899 0.0734935 0.0714014 0.0676481 0.0627217 0.0570332 0.0509076 0.044586 0.0382445 0.0320199 0.0260369 0.0204284 0.0153429 0.0109325 0.007321 0.00456452
 0.00780636 0.0127385 0.0192773 0.0273908 0.0368166 0.0469118 0.0566242 0.0647533 0.0703854 0.0731803 0.0733269 0.071294 0.0676074 0.062747 0.0571179 0.0510422 0.0447605 0.0384476 0.0322385 0.026256 0.0206325 0.0155187 0.011072 0.00742242 0.00463171
 0.00776377 0.0126669 0.0191658 0.0272281 0.0365951 0.0466319 0.0562983 0.0644067 0.0700512 0.0728924 0.0731131 0.0711723 0.0675853 0.0628219 0.0572785 0.0512709 0.0450366 0.03875 0.0325473 0.0265529 0.0209013 0.0157467 0.0112516 0.00755295 0.00471852
 0.00772606 0.0126076 0.01908 0.0271121 0.0364459 0.0464477 0.0560801 0.0641599 0.0697881 0.0726321 0.0728797 0.0709913 0.0674781 0.0628016 0.0573477 0.051422 0.0452537 0.0390123 0.0328316 0.0268366 0.0211643 0.0159736 0.011433 0.00768651 0.00480846
 0.00933927 0.0148648 0.021802 0.0299072 0.0388242 0.0480025 0.056632 0.0637824 0.0687218 0.0711614 0.0712437 0.069354 0.0659389 0.0614177 0.0561505 0.0504253 0.0444568 0.0384026 0.0323876 0.0265312 0.0209681 0.0158577 0.0113716 0.00765847 0.00479836
 0.00931116 0.0151187 0.0227122 0.0319386 0.0423298 0.0529502 0.0624308 0.0693796 0.072978 0.0733 0.0711073 0.0673437 0.0627367 0.0576948 0.0524024 0.0469461 0.0413888 0.0357968 0.0302465 0.0248309 0.0196687 0.0149082 0.0107134 0.00722923 0.00453738
 0.00896307 0.0145686 0.0219362 0.0309832 0.0413679 0.0523198 0.0625963 0.0707669 0.075722 0.077056 0.0750922 0.0706346 0.0646572 0.0580496 0.0514477 0.0451737 0.0392931 0.0337393 0.0284314 0.0233417 0.0185154 0.0140622 0.0101272 0.00684803 0.00430645
 0.00878235 0.0142685 0.0214734 0.0303158 0.0404715 0.0512175 0.0613986 0.0697017 0.0751192 0.0772583 0.0763009 0.0727608 0.0672854 0.0605715 0.0533096 0.04609 0.0393041 0.0331119 0.0274964 0.0223691 0.0176671 0.0134033 0.00965967 0.00654199 0.00412147
 0.00869664 0.0141206 0.0212344 0.0299524 0.0399518 0.0505221 0.0605357 0.0687213 0.0741264 0.0764183 0.0758253 0.0728565 0.068065 0.0619663 0.0550484 0.0477841 0.0406027 0.0338356 0.0276719 0.0221639 0.0172847 0.0130031 0.00932954 0.00630842 0.00397494
 0.00867777 0.0140866 0.0211762 0.0298572 0.0398026 0.0502988 0.0602183 0.0682961 0.0735949 0.0758101 0.0752103 0.072349 0.0678069 0.0620824 0.055584 0.0486587 0.0416204 0.0347584 0.0283189 0.0224749 0.0173152 0.0128684 0.00914148 0.0061392 0.00385331
 0.00869604 0.0141113 0.0212039 0.0298806 0.0398113 0.0502805 0.0601597 0.0681831 0.0734139 0.0755515 0.0748759 0.0719631 0.0674254 0.0617899 0.0554731 0.0487907 0.0419869 0.0352711 0.0288416 0.0228831 0.0175467 0.0129343 0.00909957 0.00605477 0.0037719
 0.00868351 0.014097 0.0211932 0.0298813 0.0398302 0.0503189 0.0602093 0.0682268 0.0734295 0.075518 0.0747789 0.0717988 0.0672047 0.0615435 0.0552512 0.0486535 0.0419819 0.0354079 0.0290805 0.02315 0.0177678 0.0130681 0.00914627 0.00604303 0.0037361
 0.00865697 0.0140559 0.0211355 0.0298078 0.0397455 0.0502322 0.060134 0.0681768 0.0734136 0.075534 0.0748122 0.0718268 0.0672058 0.061507 0.0551838 0.0485805 0.0419393 0.0354268 0.0291706 0.0232924 0.0179232 0.013197 0.00922704 0.00607678 0.00373847
 0.00862917 0.0140118 0.0210715 0.0297216 0.0396373 0.0501059 0.0599986 0.0680469 0.0733066 0.0754663 0.0747931 0.0718545 0.0672676 0.0615825 0.0552539 0.0486355 0.0419835 0.0354752 0.0292391 0.0233862 0.0180323 0.0133016 0.00930897 0.00612794 0.00376237
 0.00863357 0.0140144 0.0210669 0.0297021 0.0395949 0.0500356 0.0599016 0.0679308 0.0731849 0.0753543 0.0747056 0.071803 0.0672568 0.0616095 0.0553086 0.048704 0.0420544 0.0355438 0.0293078 0.0234593 0.01811 0.0133778 0.00937423 0.00617534 0.00379079
 0.00863236 0.0140176 0.0210808 0.0297343 0.0396507 0.0501131 0.0599885 0.0680066 0.0732277 0.0753502 0.0746541 0.0717161 0.067154 0.0615107 0.0552279 0.0486477 0.0420215 0.03553 0.0293088 0.0234724 0.0181332 0.0134073 0.00940459 0.00620105 0.0038087
 0.00861328 0.013987 0.0210362 0.0296748 0.0395793 0.0500376 0.0599216 0.0679627 0.0732167 0.0753713 0.0746956 0.071761 0.0671885 0.0615297 0.0552353 0.0486523 0.0420313 0.035549 0.029337 0.0235072 0.0181713 0.0134452 0.00943884 0.00622881 0.00382853
 0.00862859 0.0140075 0.0210588 0.0296939 0.0395878 0.0500298 0.0598957 0.0679221 0.0731695 0.0753284 0.0746665 0.0717498 0.0671922 0.0615401 0.0552441 0.0486551 0.0420293 0.0355469 0.0293392 0.0235163 0.0181867 0.0134645 0.00945879 0.0062465 0.00384214
 0.00861756 0.0139933 0.021044 0.0296827 0.0395838 0.0500336 0.0599033 0.0679258 0.073162 0.0753068 0.0746345 0.0717162 0.067167 0.0615294 0.0552481 0.0486691 0.0420474 0.035565 0.0293564 0.0235333 0.0182046 0.0134831 0.00947672 0.0062621 0.00385419
 0.00861756 0.0139933 0.021044 0.0296827 0.0395838 0.0500336 0.0599033 0.0679258 0.073162 0.0753068 0.0746345 0.0717162 0.067167 0.0615294 0.0552481 0.0486691 0.0420474 0.035565 0.0293564 0.0235333 0.0182046 0.0134831 0.00947672 0.0062621 0.00385419
 0.00912659 0.0147953 0.0221997 0.0312213 0.0414857 0.05221 0.0621813 0.0700596 0.0748807 0.0763849 0.0749499 0.0712718 0.0660737 0.0599665 0.0534181 0.0467595 0.0402068 0.0338951 0.0279159 0.0223474 0.0172735 0.012789 0.0089887 0.0059409 0.00365786
 0.00933891 0.0151864 0.0228705 0.0322873 0.0430411 0.0542736 0.0646505 0.0727031 0.0773837 0.0784259 0.0762738 0.0717361 0.0656626 0.0587808 0.051645 0.0446306 0.0379536 0.0317139 0.0259489 0.0206788 0.0159369 0.0117787 0.00827077 0.00546418 0.00336417
 0.00944922 0.0153734 0.0231693 0.0327426 0.043707 0.0552061 0.0658897 0.0742474 0.0791625 0.0802852 0.0779907 0.073064 0.0663948 0.0588055 0.0509706 0.0433745 0.0363059 0.0298898 0.0241461 0.0190487 0.0145725 0.0107161 0.00750057 0.00494594 0.003042
 0.00932993 0.0151907 0.0229172 0.0324285 0.043357 0.0548706 0.0656464 0.0741956 0.0794019 0.0808828 0.0789447 0.0742831 0.067705 0.0599893 0.051826 0.0437729 0.036223 0.029401 0.0233913 0.0181865 0.0137396 0.0100046 0.0069526 0.00456236 0.00279737
 0.00895247 0.0145683 0.0219688 0.0310864 0.041597 0.0527533 0.0633485 0.0720024 0.077649 0.0798671 0.0788464 0.0751261 0.0693581 0.0621981 0.0542669 0.0461209 0.0382192 0.0308991 0.0243685 0.0187178 0.0139515 0.0100281 0.00689173 0.00448306 0.00273125
 0.00877704 0.0142348 0.0213787 0.0301208 0.0401488 0.0507782 0.060915 0.0693106 0.0750058 0.0776257 0.0773338 0.074575 0.0698574 0.063671 0.0564853 0.0487557 0.0409138 0.0333462 0.0263664 0.0201912 0.0149339 0.01062 0.00721357 0.00464065 0.00280061
 0.00899541 0.0145543 0.0217887 0.0305753 0.0405619 0.0510267 0.0608523 0.0687998 0.0739709 0.0761048 0.0755034 0.072723 0.0683115 0.0627064 0.0562497 0.0492339 0.0419427 0.0346724 0.0277247 0.0213749 0.0158334 0.0112213 0.00756737 0.0048231 0.00288214
 0.00903248 0.0146472 0.0219862 0.0309358 0.0411286 0.0517927 0.0617314 0.0696259 0.0745345 0.0762152 0.0750521 0.0717287 0.0669276 0.0611893 0.0548901 0.0482721 0.0415006 0.0347284 0.0281409 0.0219611 0.0164165 0.0116913 0.00788731 0.00500926 0.00297463
 0.00896316 0.0145438 0.0218504 0.0307822 0.0409895 0.0517186 0.0617837 0.0698545 0.0749448 0.0767411 0.0755574 0.0720465 0.0669266 0.0608339 0.0542629 0.047547 0.0408762 0.0343534 0.0280656 0.0221357 0.0167308 0.0120295 0.00816945 0.00520431 0.0030891
 0.00926298 0.0150132 0.0225211 0.0316659 0.04207 0.0529435 0.0630608 0.0710618 0.0759571 0.07746 0.0759253 0.0720384 0.0665348 0.060066 0.0531597 0.0462039 0.0394439 0.0330069 0.0269529 0.021334 0.0162342 0.0117709 0.00806064 0.00517004 0.00308226
 0.00911287 0.0148154 0.0223096 0.0315022 0.0420282 0.0530852 0.0634118 0.0716032 0.0766314 0.0781872 0.0766195 0.0726214 0.066943 0.0602532 0.0530998 0.0458993 0.0389359 0.0323779 0.0263104 0.0207779 0.0158255 0.011519 0.0079345 0.00512282 0.00307289
 0.00890592 0.0144703 0.0217786 0.0307483 0.0410481 0.0519382 0.0622361 0.0705973 0.075997 0.0780576 0.0770138 0.073447 0.0680358 0.0614305 0.0542016 0.046811 0.0395982 0.0327876 0.0265116 0.0208432 0.0158292 0.0115148 0.0079458 0.0051491 0.00310345
#pred catch len freq
 0.00346956 0.00556296 0.00826313 0.0115747 0.0155228 0.0201207 0.0253047 0.030902 0.0366581 0.0422893 0.0475281 0.0521612 0.0560559 0.0591598 0.061466 0.0629696 0.0636403 0.0634143 0.0621867 0.0597935 0.0560088 0.0506177 0.0435896 0.035276 0.0264645
 0.00378592 0.00600287 0.00879165 0.0121236 0.0160232 0.0205469 0.0256965 0.0313409 0.037203 0.0429115 0.0480904 0.0524599 0.055908 0.0584886 0.0603482 0.0616221 0.0623516 0.062445 0.061677 0.0597193 0.0562096 0.0508825 0.0437545 0.0352789 0.0263384
 0.00393202 0.0062697 0.00924207 0.0128202 0.0169978 0.0217634 0.0270346 0.0326269 0.0382806 0.0437071 0.0486191 0.0527653 0.0559859 0.0582645 0.0597288 0.0605839 0.0609978 0.0609875 0.0603519 0.0586876 0.0555024 0.0504194 0.0434147 0.0349742 0.0260425
 0.00411244 0.00654874 0.00964096 0.0133636 0.0177254 0.022736 0.028318 0.0342474 0.0401714 0.0456845 0.0504213 0.0541412 0.0567777 0.058428 0.0592945 0.0596104 0.0595649 0.0592212 0.0584341 0.0568203 0.0538454 0.0490477 0.0423249 0.0341252 0.0253945
 0.00435652 0.00692876 0.010182 0.0140792 0.0186189 0.0238046 0.0295577 0.035657 0.0417524 0.0474237 0.052257 0.0559319 0.0583062 0.0594554 0.0596363 0.0591887 0.058416 0.0574724 0.0562761 0.0544784 0.0515434 0.0469671 0.0405774 0.0327514 0.0243816
 0.00462956 0.00735961 0.010807 0.0149258 0.0197038 0.0251299 0.0311031 0.0373748 0.0435703 0.0492587 0.0540287 0.0575646 0.0597145 0.0605247 0.06022 0.0591376 0.0576304 0.0559492 0.0541259 0.0519091 0.0488172 0.0443463 0.0382735 0.0308922 0.0230035
 0.00489191 0.00777831 0.011424 0.0157791 0.0208254 0.02654 0.0327991 0.0393188 0.0456826 0.0514217 0.0561019 0.0594072 0.061206 0.0615725 0.0607492 0.0590757 0.0569065 0.0545205 0.0520214 0.0492609 0.0458582 0.0413665 0.0355528 0.0286355 0.0213041
 0.00517627 0.00822456 0.0120677 0.0166479 0.0219412 0.0279196 0.0344481 0.0412196 0.0477828 0.0536275 0.0582815 0.0614046 0.0628643 0.062757 0.0613615 0.059052 0.0562081 0.0531312 0.0499649 0.0466332 0.0428502 0.0382512 0.0326295 0.0261536 0.0194018
