SBPRF35
9.63406
Curr Bio
610170
B35
757526
F35
0.192152
FOFL
0.15308
OFL
75323.6
Bzero
2.75259e+006
#pred survey bio
 4.36996e+006 4.16097e+006 3.95557e+006 3.71289e+006 3.42837e+006 3.09729e+006 2.79513e+006 2.49979e+006 2.21154e+006 1.94438e+006 1.69627e+006 1.51697e+006 1.32174e+006 1.18034e+006 1.04346e+006 928424 826137 757450 716013 668545 640533 620709 600780 590826 578777 576574 574349 559320 556782 555211 552192 561998 558701 557666 552360 540682 537505 531047 532681 539849 541263 549378 561434 566632 570053 577990 576575 591126 602502 609344 616439 604512 615480 2.15628e+007 1.3097e+007 1.34934e+007 1.43541e+007 1.54798e+007 1.66576e+007 1.77468e+007 1.86788e+007 1.94361e+007 2.00299e+007 2.04844e+007 2.08266e+007 2.10816e+007 2.12705e+007 2.14102e+007 2.15135e+007 2.15901e+007 2.1647e+007 2.16896e+007 2.17216e+007 2.17457e+007 2.17641e+007 2.17781e+007 2.17889e+007 2.17971e+007 2.18036e+007 2.18085e+007 2.18124e+007 2.18154e+007 2.18178e+007 2.18196e+007 2.18211e+007 2.18222e+007 2.18231e+007 2.18239e+007 2.18244e+007 2.18249e+007 2.18252e+007 2.18255e+007 2.18257e+007 2.18259e+007 2.18261e+007 2.18262e+007 2.18262e+007 2.18263e+007 2.18264e+007 2.18264e+007 2.18265e+007 2.18265e+007 2.18265e+007 2.18265e+007 2.18265e+007 2.18265e+007 2.18266e+007 2.18266e+007 2.18266e+007 2.18266e+007 2.18266e+007 2.18266e+007 2.18266e+007 2.18266e+007 2.18266e+007 2.18266e+007 2.18266e+007 2.18266e+007 2.18266e+007 2.18266e+007 2.18266e+007 2.18266e+007 2.18266e+007 2.18266e+007 2.18266e+007 2.18266e+007 2.18266e+007 2.18266e+007 2.18266e+007 2.18266e+007 2.18266e+007 2.18266e+007 2.18266e+007 2.18266e+007 2.18266e+007 2.18266e+007 2.18266e+007 2.18266e+007 2.18266e+007 2.18266e+007 2.18266e+007 2.18266e+007 2.18266e+007 2.18266e+007 2.18266e+007 2.18266e+007 2.18266e+007 2.18266e+007 2.18266e+007 2.18266e+007 2.18266e+007 2.18266e+007 2.18266e+007 0 0 0 0 0 0 0 0 0 0 0 0 0 0 0 0 0 0 0 0 0 0 0 0 0
#obs survey bio
 3.03823e+006 4.56761e+006 2.76839e+006 3.58242e+006 3.59798e+006 3.04937e+006 2.69219e+006 2.58018e+006 1.75914e+006 1.86638e+006 1.88677e+006 1.37448e+006 911850 759278 727481 736028 658532 866015 566445 698317 466866 638944 588428 648924 621677 439812 401880 629591 412634 709662 617672 484989 513845 708598 763764 470920 740889 563972 639795 399460 551209 810060 427297 745759 425282 549119 505243 824471 521442 595041 487984 594978 664681
#pred catch bio
 102500 105425 151722 208151 273798 272704 291322 307930 309050 308415 259866 283407 242443 242288 223616 210460 178228 151771 153238 133430 124766 123295 113441 113937 104741 104246 113142 100377 98144.3 97805.5 86308.3 96859.1 93044.2 93547.5 95094.8 86237.9 90872.2 87103.7 84845.3 90488.5 84648.2 81463 87530.6 89058 85870.4 94894.2 82965.5 87622.2 93029.2 94423.6 111419 92379 99531.1 75323.6 93828.4 95536.9 100431 107786 115717 123016 129151 134008 137694 140404 142350 143722 144675 145330 145776 146078 146281 146416 146506 146567 146606 146633 146650 146662 146669 146674 146677 146679 146681 146682 146682 146683 146683 146683 146683 146683 146683 146683 146683 146683 146683 146683 146683 146683 146683 146683 146683 146683 146683 146683 146683 146683 146683 146683 146683 146683 146683 146683 146683 146683 146683 146683 146683 146683 146683 146683 146683 146683 146683 146683 146683 146683 146683 146683 146683 146683 146683 146683 146683 146683 146683 146683 146683 146683 146683 146683 146683 146683 146683 146683 146683 146683 146683 146683 146683 146683 146683 146683 146683 0 0 0 0 0 0 0 0 0 0 0 0 0 0 0 0 0 0 0 0 0 0 0 0 0
#obs catch bio
 0 105138 151850 208819 275709 274398 294159 311562 312635 313379 262489 288219 246219 248225 228788 214828 181741 153604 155463 134454 126308 125083 114905 115545 105890 105911 115455 101267 99277.7 98875.8 86575.5 98195.5 94430 94329.4 95824.9 86659.1 90897.8 86775.1 84471.6 90422.1 84383.7 80722.3 87081.8 88409.4 85114.4 94315.5 82763.4 87221.8 92601.8 93907.5 111522 92218 99591.2
#pred cpue bio
 4.30838e+006 4.10286e+006 3.90009e+006 3.65838e+006 3.37485e+006 3.04531e+006 2.74445e+006 2.45058e+006 2.16406e+006 1.89867e+006 1.65251e+006 1.47451e+006 1.28124e+006 1.14107e+006 1.00593e+006 892815 792611 725604 685505 639578 612348 592968 573589 564006 552423 550340 548291 534032 531908 530656 528025 537702 534629 534107 529762 519076 515718 508279 508982 515881 517572 525824 537754 542827 546149 553732 552039 565961 576957 583453 590089 578174 588909 2.06693e+007 1.2577e+007 1.28685e+007 1.35985e+007 1.46753e+007 1.58409e+007 1.69275e+007 1.7859e+007 1.86162e+007 1.921e+007 1.96644e+007 2.00066e+007 2.02616e+007 2.04506e+007 2.05903e+007 2.06936e+007 2.07701e+007 2.08271e+007 2.08696e+007 2.09016e+007 2.09258e+007 2.09441e+007 2.09582e+007 2.09689e+007 2.09772e+007 2.09836e+007 2.09886e+007 2.09925e+007 2.09955e+007 2.09978e+007 2.09997e+007 2.10011e+007 2.10023e+007 2.10032e+007 2.10039e+007 2.10045e+007 2.10049e+007 2.10053e+007 2.10056e+007 2.10058e+007 2.1006e+007 2.10061e+007 2.10062e+007 2.10063e+007 2.10064e+007 2.10064e+007 2.10065e+007 2.10065e+007 2.10065e+007 2.10066e+007 2.10066e+007 2.10066e+007 2.10066e+007 2.10066e+007 2.10066e+007 2.10066e+007 2.10066e+007 2.10066e+007 2.10066e+007 2.10066e+007 2.10066e+007 2.10066e+007 2.10066e+007 2.10066e+007 2.10066e+007 2.10066e+007 2.10066e+007 2.10066e+007 2.10066e+007 2.10066e+007 2.10066e+007 2.10066e+007 2.10066e+007 2.10066e+007 2.10066e+007 2.10066e+007 2.10066e+007 2.10066e+007 2.10066e+007 2.10066e+007 2.10066e+007 2.10066e+007 2.10066e+007 2.10066e+007 2.10066e+007 2.10066e+007 2.10066e+007 2.10066e+007 2.10066e+007 2.10066e+007 2.10066e+007 2.10066e+007 2.10066e+007 2.10066e+007 2.10066e+007 2.10066e+007 2.10066e+007 2.10066e+007 2.10066e+007 2.10066e+007 0 0 0 0 0 0 0 0 0 0 0 0 0 0 0 0 0 0 0 0 0 0 0 0 0
#obs cpue bio
 4.20261e+006 5.78141e+006 4.07403e+006 2.14873e+006 2.67888e+006 2.29014e+006 2.03752e+006 2.04243e+006 2.59921e+006 1.4134e+006 1.44394e+006 1.29112e+006 1.25516e+006 961641 1.11936e+006 1.05233e+006 695102 667101 740458 669591 514649 442761 460825 428522 451321 405201 581072 652030 510522 397694 577341 317182 377507 608998 394150 556103 619830 638345 454259 610288 594489 638692 594576 548458 850638 615498 396452 583276 724134 607374 608721 527154 569551
#pred surv len freq
 0.00460457 0.00751513 0.0113849 0.0162219 0.0219281 0.0282155 0.03458 0.0404258 0.0452872 0.0489786 0.0515747 0.0532851 0.0543403 0.0549327 0.0551974 0.0552113 0.055004 0.0545653 0.0538193 0.0525623 0.0504158 0.0468937 0.0416325 0.0346958 0.0267281
 0.00484818 0.00781396 0.0116595 0.0163503 0.0217933 0.027773 0.0339016 0.0396826 0.0446727 0.0486174 0.0514739 0.053354 0.0544573 0.0550156 0.0552404 0.055277 0.0551803 0.0549084 0.0543111 0.0531045 0.0508686 0.0471398 0.0416315 0.0344954 0.0264298
 0.0050878 0.00821206 0.0122666 0.017198 0.0228635 0.0289654 0.0350271 0.04051 0.045023 0.0484524 0.0509139 0.0526069 0.0537086 0.0543576 0.0546777 0.0547825 0.0547471 0.0545586 0.0540639 0.05294 0.0507207 0.0469287 0.0413119 0.0340839 0.025992
 0.00527011 0.00851572 0.0127387 0.0178903 0.0238245 0.030222 0.0365563 0.042211 0.0467095 0.0498811 0.0518536 0.0529217 0.0534091 0.0535842 0.0536254 0.0536222 0.0535874 0.0534541 0.0530382 0.0519965 0.0498439 0.0460935 0.0405054 0.0333237 0.025322
 0.00547635 0.00884773 0.0132333 0.0185826 0.0247452 0.0313917 0.0379761 0.0438515 0.0485007 0.0517036 0.0535363 0.0542587 0.0542051 0.0537171 0.0530928 0.0525384 0.0521334 0.0518122 0.0513483 0.0503453 0.0482786 0.0446419 0.0391948 0.032189 0.0243993
 0.00575704 0.00929506 0.0138899 0.0194827 0.0259094 0.0328193 0.0396365 0.0456824 0.050416 0.0536063 0.0553238 0.055816 0.0553972 0.0543973 0.0531364 0.0518887 0.0508323 0.049993 0.0491954 0.0480456 0.0459906 0.0424905 0.0372776 0.0305796 0.0231412
 0.00600657 0.0097001 0.0144984 0.0203389 0.027046 0.0342447 0.0413214 0.0475557 0.0523756 0.0555398 0.0571261 0.0573952 0.0566675 0.0552673 0.0535049 0.0516589 0.0499446 0.0484606 0.0471197 0.045602 0.0433925 0.0399505 0.034978 0.0286521 0.0216528
 0.00626714 0.0101197 0.015123 0.0212098 0.0281943 0.0356808 0.0430228 0.0494601 0.0543858 0.0575391 0.0589956 0.0590277 0.0579732 0.0561716 0.0539398 0.0515562 0.0492416 0.0471233 0.0451763 0.0431661 0.0406601 0.0371678 0.0323909 0.0264549 0.0199523
 0.00656764 0.0106 0.0158306 0.0221842 0.0294602 0.0372387 0.0448375 0.0514564 0.0564573 0.0595659 0.0608624 0.0606331 0.059233 0.057018 0.0543172 0.0514155 0.0485373 0.0458223 0.0432817 0.0407489 0.0378799 0.0342621 0.0296287 0.0240712 0.0180904
 0.00684975 0.0110591 0.0165223 0.0231598 0.0307567 0.0388625 0.0467483 0.0535624 0.0586289 0.0616619 0.0627539 0.0622166 0.0604324 0.0577798 0.0546032 0.0511951 0.0477823 0.0445104 0.0414136 0.0383772 0.0351363 0.0313611 0.0268337 0.0216288 0.016164
 0.00719693 0.011607 0.0173166 0.0242339 0.0321279 0.0405259 0.048667 0.0556599 0.0607928 0.0637582 0.0646464 0.063785 0.0615844 0.058456 0.0547734 0.0508475 0.0469127 0.0431183 0.0395119 0.0360168 0.0324332 0.028508 0.0240756 0.0192047 0.0142399
 0.00744854 0.0120108 0.0179147 0.0250617 0.0332076 0.0418574 0.0502176 0.057363 0.0625578 0.0654878 0.0662492 0.0651781 0.0626921 0.0592096 0.0551151 0.0507348 0.0463195 0.0420349 0.0379499 0.0340236 0.0301121 0.0260276 0.0216525 0.0170549 0.0125192
 0.00783304 0.0126201 0.0188015 0.026263 0.0347364 0.0436906 0.052284 0.0595409 0.0646919 0.0674207 0.0678514 0.0663649 0.0634232 0.059478 0.0549316 0.0501145 0.0452751 0.0405783 0.0361027 0.031835 0.0276785 0.023502 0.0192294 0.0149276 0.0108257
 0.00800796 0.0129204 0.0192829 0.0269866 0.0357555 0.0450285 0.0539131 0.0613756 0.0666024 0.069259 0.069478 0.0676665 0.0643219 0.0599333 0.0549359 0.0496827 0.0444325 0.039353 0.0345282 0.0299627 0.0255958 0.0213412 0.0171562 0.0131062 0.00937382
 0.00818287 0.0132088 0.0197252 0.0276255 0.0366299 0.046163 0.0553031 0.0629766 0.0683276 0.0709881 0.0710737 0.0689952 0.0652748 0.0604415 0.0549743 0.0492639 0.0435936 0.0381434 0.033004 0.0281914 0.0236671 0.0193751 0.0152948 0.0114862 0.00809049
 0.0083466 0.0134712 0.0201137 0.0281643 0.0373374 0.0470467 0.0563539 0.0641644 0.0696022 0.0722841 0.0723146 0.0700969 0.0661507 0.0610121 0.05518 0.0490745 0.0430116 0.0371998 0.031752 0.0267033 0.0220354 0.0177128 0.0137268 0.0101272 0.0070178
 0.00846804 0.0136775 0.0204402 0.0286481 0.038008 0.0479124 0.0573888 0.0653077 0.0707713 0.0733952 0.073299 0.0709053 0.0667482 0.0613701 0.0552719 0.0488777 0.0425141 0.036408 0.0306963 0.0254401 0.0206466 0.0163004 0.0124004 0.00898411 0.00612049
 0.00853513 0.0137754 0.0205681 0.0288026 0.0381893 0.0481322 0.0576733 0.0656894 0.0712733 0.0740146 0.0740007 0.0716296 0.0674263 0.0619381 0.0556773 0.0490793 0.0424816 0.0361248 0.0301662 0.0246939 0.0197446 0.0153275 0.0114527 0.00814868 0.00545553
 0.00856794 0.0138174 0.0206104 0.0288296 0.0381833 0.0480815 0.0575803 0.0655768 0.0711841 0.0740043 0.0741219 0.0719125 0.0678638 0.0624829 0.0562533 0.0496005 0.0428698 0.0363221 0.0301419 0.0244492 0.0193145 0.0147762 0.0108613 0.00759575 0.00499881
 0.00879981 0.0141632 0.0210719 0.0293854 0.0387916 0.0486866 0.0581206 0.0659924 0.0714287 0.07406 0.0740087 0.0716856 0.0675958 0.0622398 0.0560721 0.0494799 0.0427751 0.0362015 0.0299463 0.0241497 0.0189119 0.014302 0.0103678 0.00713973 0.00462389
 0.00893324 0.0143724 0.0213713 0.02978 0.0392733 0.0492288 0.0586756 0.0664956 0.0718126 0.0742734 0.0740322 0.0715358 0.0673195 0.0619001 0.0557313 0.0491824 0.0425362 0.0360059 0.029759 0.0239336 0.0186453 0.0139884 0.0100338 0.00682291 0.00435741
 0.00893299 0.014386 0.0214175 0.0298849 0.0394631 0.0495191 0.0590607 0.0669444 0.0722733 0.074685 0.0743377 0.0716957 0.0673208 0.0617592 0.0554889 0.0488905 0.0422417 0.0357369 0.0295198 0.0237105 0.0184203 0.0137527 0.00979402 0.00659761 0.00416683
 0.00897958 0.0144526 0.0215018 0.0299816 0.0395686 0.0496381 0.0592076 0.0671385 0.0725261 0.0749881 0.0746579 0.0719822 0.0675208 0.0618357 0.055432 0.0487186 0.0419929 0.0354544 0.0292378 0.0234468 0.0181783 0.0135299 0.00959041 0.00641887 0.00402098
 0.00896716 0.0144332 0.0214739 0.0299438 0.0395199 0.0495779 0.0591386 0.0670697 0.0724758 0.0749817 0.0747201 0.0721239 0.0677297 0.0620756 0.0556545 0.0488814 0.0420737 0.035455 0.0291766 0.0233475 0.0180607 0.0134071 0.00947124 0.00631074 0.0039306
 0.00905382 0.0145571 0.0216288 0.0301129 0.0396805 0.0497086 0.0592251 0.0671066 0.0724655 0.0749329 0.0746478 0.072048 0.067671 0.0620479 0.0556574 0.0488993 0.0420827 0.0354344 0.0291178 0.0232553 0.0179482 0.0132891 0.00936007 0.00621476 0.00385441
 0.00899504 0.0144771 0.0215367 0.0300254 0.0396148 0.0496737 0.0592158 0.0671059 0.0724548 0.0749036 0.0746059 0.0720116 0.0676607 0.0620789 0.0557344 0.0490142 0.042217 0.035564 0.0292208 0.0233186 0.0179704 0.0132784 0.00932899 0.00617592 0.00381737
 0.00879583 0.014187 0.0211634 0.0295999 0.039185 0.0492924 0.0589287 0.0669431 0.0724257 0.0749947 0.0747858 0.0722419 0.0679097 0.0623294 0.0559822 0.0492607 0.0424605 0.0357959 0.0294272 0.0234858 0.0180904 0.0133519 0.00936442 0.00618545 0.00381302
 0.00885501 0.014254 0.0212117 0.0295906 0.0390821 0.0490842 0.0586428 0.0666422 0.0721834 0.0748651 0.0747835 0.0723428 0.0680682 0.0624999 0.0561347 0.049385 0.0425606 0.0358803 0.0295011 0.0235485 0.0181379 0.0133811 0.0093761 0.00618421 0.00380497
 0.00882556 0.0142087 0.0211468 0.0295004 0.0389561 0.048905 0.0583903 0.066306 0.0717788 0.0744425 0.0744202 0.0721163 0.0680252 0.062639 0.0564126 0.049739 0.0429323 0.0362294 0.0298061 0.0238008 0.0183358 0.0135265 0.00947461 0.00624449 0.0038376
 0.00874294 0.0140853 0.0209815 0.0292996 0.0387317 0.0486709 0.0581582 0.0660822 0.0715639 0.0742343 0.0742218 0.071945 0.0679141 0.0626262 0.0565226 0.0499681 0.0432488 0.0365861 0.0301573 0.0241133 0.0185916 0.0137208 0.00961123 0.00633284 0.00388959
 0.00887955 0.0142642 0.0211718 0.0294474 0.0387775 0.048575 0.0579206 0.0657435 0.0711861 0.0738749 0.0739164 0.0717055 0.0677398 0.0625171 0.0564859 0.0500139 0.0433793 0.0367876 0.0304011 0.0243644 0.0188199 0.0139072 0.0097492 0.00642573 0.00394636
 0.00873036 0.0140614 0.0209376 0.0292214 0.0385978 0.0484537 0.05783 0.0656281 0.0709959 0.0735998 0.0735969 0.0714134 0.0675433 0.0624546 0.0565605 0.0502054 0.0436587 0.037125 0.030766 0.0247257 0.0191482 0.0141806 0.00995747 0.00657039 0.00403775
 0.00848393 0.0137039 0.0204815 0.0287104 0.0380998 0.0480448 0.0575758 0.0655645 0.0711151 0.0738465 0.0738852 0.0716608 0.0677055 0.062538 0.0566074 0.0502654 0.0437656 0.0372887 0.0309766 0.0249615 0.0193833 0.0143916 0.0101284 0.00669537 0.00412012
 0.008205 0.0132663 0.019855 0.0278848 0.0370955 0.046924 0.0564489 0.0645794 0.0704216 0.0735495 0.0740079 0.07214 0.0684191 0.0633511 0.0574144 0.0510094 0.0444336 0.0378906 0.0315239 0.0254558 0.0198164 0.0147519 0.0104083 0.00689609 0.00425177
 0.0081549 0.0131566 0.0196383 0.0275008 0.0364879 0.0460672 0.055373 0.0633792 0.0692432 0.072558 0.0733484 0.0719031 0.0686182 0.0639222 0.0582384 0.0519516 0.0453808 0.0387706 0.0323033 0.0261252 0.0203753 0.0152012 0.0107508 0.00713993 0.0044118
 0.00878554 0.0140454 0.0207211 0.0286269 0.0374544 0.0466803 0.0555026 0.0629851 0.0683739 0.0713362 0.0719499 0.070527 0.0674482 0.0630866 0.0577855 0.0518497 0.0455425 0.0390895 0.0326859 0.0265066 0.0207189 0.0154895 0.0109778 0.00730649 0.00452444
 0.00931191 0.0148805 0.0219315 0.0302388 0.0394234 0.048858 0.0576231 0.0647022 0.069357 0.071386 0.07107 0.0689127 0.0654096 0.0609521 0.0558254 0.0502351 0.0443384 0.038274 0.0321847 0.0262294 0.0205849 0.015439 0.0109712 0.00731908 0.00454199
 0.00929125 0.0149306 0.0221611 0.0307994 0.0404678 0.0504729 0.0597644 0.0671675 0.0718135 0.0734443 0.0723804 0.0692575 0.0647618 0.0594774 0.0538245 0.0480502 0.0422638 0.0365015 0.0307946 0.0252139 0.0198862 0.014983 0.0106883 0.0071532 0.00445085
 0.00900919 0.0145124 0.0216131 0.0301698 0.0398549 0.0500242 0.0596605 0.0675799 0.0728365 0.0750267 0.0743001 0.0711665 0.0662903 0.0603523 0.0539488 0.047514 0.0412887 0.0353518 0.0296944 0.0243016 0.0192106 0.0145283 0.0104072 0.0069925 0.00436587
 0.00880545 0.0141794 0.0211109 0.0294674 0.0389458 0.0489494 0.0585284 0.0665682 0.0721626 0.0748899 0.0748131 0.072301 0.0678633 0.0620662 0.05548 0.0486157 0.041861 0.0354489 0.0294723 0.0239406 0.0188522 0.0142487 0.0102241 0.00688961 0.00431599
 0.0087179 0.0140385 0.0209006 0.029171 0.0385461 0.0484319 0.0578902 0.065832 0.0713916 0.0741941 0.0743375 0.072189 0.0682028 0.0628414 0.0565566 0.0497759 0.0428785 0.0361675 0.0298491 0.0240353 0.0187768 0.0141118 0.010097 0.00680108 0.00426597
 0.00876426 0.0140815 0.0209056 0.0290866 0.0383185 0.0480261 0.057308 0.0651143 0.0706063 0.0734206 0.0736584 0.0716908 0.0679727 0.062948 0.0570181 0.0505329 0.0437966 0.0370769 0.0306038 0.0245598 0.0190758 0.0142437 0.010134 0.00679972 0.00425704
 0.00874777 0.0140626 0.0208897 0.0290781 0.0383122 0.0479987 0.0572154 0.0649043 0.0702423 0.0729052 0.0730431 0.071065 0.0674405 0.0626055 0.0569337 0.0507311 0.0442453 0.0376881 0.0312572 0.0251418 0.019516 0.0145277 0.0102901 0.00687258 0.00428616
 0.00872591 0.0140353 0.0208643 0.029067 0.0383304 0.048057 0.0573137 0.0650243 0.0703451 0.0729382 0.0729561 0.0708331 0.0670821 0.0621844 0.0565423 0.0504606 0.0441558 0.0377888 0.0315047 0.025459 0.0198233 0.0147704 0.0104502 0.00696109 0.00432699
 0.00885215 0.0142095 0.0210694 0.0292697 0.038492 0.0481511 0.0573384 0.0650009 0.070304 0.0728988 0.0729145 0.070763 0.0669499 0.0619711 0.0562605 0.0501571 0.0438957 0.0376288 0.0314693 0.0255326 0.0199606 0.0149197 0.0105738 0.00704424 0.00437327
 0.00891049 0.0143071 0.0212199 0.0294823 0.0387642 0.0484604 0.057639 0.0652342 0.0704207 0.0728812 0.0727827 0.0705603 0.0667175 0.0617304 0.0560146 0.0499061 0.043652 0.0374196 0.0313248 0.0254686 0.0199693 0.0149743 0.0106427 0.00710387 0.00441389
 0.00894596 0.0143766 0.0213461 0.0296932 0.0390854 0.0489024 0.0581845 0.0658328 0.0709948 0.0733433 0.073059 0.0706117 0.0665493 0.0613857 0.0555553 0.0493932 0.0431353 0.0369382 0.0309101 0.0251427 0.0197403 0.0148335 0.0105683 0.00707084 0.00440154
 0.00886827 0.014251 0.0211601 0.0294407 0.0387737 0.0485601 0.0578653 0.0656064 0.0709249 0.073461 0.0733463 0.0710059 0.0669658 0.0617476 0.055815 0.049539 0.043184 0.0369212 0.0308612 0.0250908 0.0197045 0.0148208 0.0105757 0.00708913 0.00442138
 0.00890244 0.0142929 0.0211978 0.0294537 0.0387377 0.0484558 0.0576875 0.0653709 0.0706695 0.0732391 0.0732127 0.0709974 0.0670856 0.0619618 0.0560658 0.0497672 0.0433495 0.037012 0.0308894 0.0250807 0.019681 0.0148015 0.0105676 0.00709131 0.00442897
 0.00894893 0.0143707 0.0213178 0.0296242 0.0389584 0.0487109 0.0579417 0.0655749 0.0707752 0.0732198 0.0730761 0.0707845 0.0668545 0.061765 0.0559312 0.049692 0.0433087 0.0369758 0.0308385 0.0250124 0.0196053 0.014732 0.0105143 0.00705678 0.00441029
 0.00894658 0.0143735 0.0213344 0.0296674 0.0390428 0.0488477 0.0581327 0.0658074 0.0710206 0.0734371 0.0732222 0.0708286 0.0667913 0.0616176 0.0557413 0.0495021 0.0431461 0.0368468 0.0307348 0.0249226 0.0195235 0.0146595 0.0104554 0.00701439 0.00438363
 0.00881749 0.0142155 0.0211919 0.0296121 0.0391527 0.049174 0.0586728 0.0665005 0.0717667 0.074128 0.0737661 0.0711638 0.0668906 0.0614889 0.0554247 0.0490606 0.0426501 0.0363576 0.0302931 0.0245478 0.0192198 0.0144236 0.0102812 0.00689382 0.00430664
 0.00818196 0.0132705 0.0199375 0.028116 0.0375437 0.0476225 0.0573677 0.0656198 0.0714397 0.0743951 0.0745614 0.0723345 0.0682443 0.0628459 0.056653 0.0500879 0.0434585 0.0369665 0.0307402 0.024872 0.0194522 0.0145865 0.0103908 0.00696373 0.0043484
#obs surv len freq
 nan nan nan nan nan nan nan nan nan nan nan nan nan nan nan nan nan nan nan nan nan nan nan nan nan
 0.00448368 0.0073449 0.0111752 0.0159926 0.0216951 0.0279729 0.034289 0.0400215 0.0447012 0.0481641 0.0505203 0.052014 0.0529041 0.0534145 0.0537271 0.0539807 0.0542584 0.0545505 0.0546889 0.0542807 0.0527187 0.0493512 0.0438015 0.0362823 0.0276669
 0.00461539 0.00756001 0.0115005 0.0164527 0.0223067 0.0287354 0.0351757 0.0409766 0.0456471 0.0490162 0.0512028 0.0524715 0.0531072 0.0533609 0.0534376 0.0534915 0.0536123 0.0537901 0.0538531 0.0534064 0.0518446 0.0485201 0.0430578 0.0356637 0.027194
 0.00477616 0.00782432 0.0119037 0.0170294 0.0230836 0.0297203 0.0363455 0.0422725 0.0469812 0.050286 0.0523073 0.0533228 0.0536394 0.0535358 0.0532474 0.0529578 0.0527797 0.0527172 0.0526058 0.0520549 0.0504643 0.0471914 0.0418608 0.0346643 0.0264288
 0.00496453 0.00813237 0.0123709 0.0176939 0.0239758 0.0308514 0.0376954 0.0437844 0.048567 0.0518409 0.0537235 0.0544996 0.0544897 0.0539917 0.0532669 0.0525285 0.051921 0.0514786 0.0510625 0.0503039 0.0486207 0.0453824 0.0402121 0.0332785 0.0253637
 0.00518106 0.00848592 0.0129059 0.0184529 0.0249915 0.0321341 0.0392203 0.0454865 0.0503501 0.0535946 0.0553391 0.0558784 0.0555448 0.0546488 0.0534663 0.0522308 0.0511133 0.0501821 0.0493384 0.0482556 0.0463915 0.043144 0.0381402 0.03152 0.0240039
 0.00541816 0.00887336 0.0134927 0.0192861 0.0261071 0.0335434 0.040895 0.0473536 0.0523023 0.0555106 0.0571025 0.0573883 0.0567172 0.0554142 0.053767 0.0520199 0.0503599 0.0488813 0.0475264 0.0460233 0.0438905 0.0405752 0.0357228 0.0294438 0.0223857
 0.00566416 0.00927667 0.014106 0.0201606 0.027283 0.0350341 0.0426712 0.0493376 0.0543787 0.0575487 0.0589772 0.0589922 0.0579641 0.0562372 0.0541133 0.051847 0.0496344 0.0475871 0.0456808 0.0436995 0.0412332 0.0377964 0.0330681 0.027137 0.0205719
 0.00590479 0.00967339 0.0147134 0.0210334 0.0284653 0.036543 0.0444793 0.051367 0.0565116 0.0596495 0.060915 0.0606537 0.0592587 0.057096 0.0544857 0.0516949 0.0489286 0.0463105 0.0438431 0.0413611 0.0385271 0.0349317 0.0302999 0.0247074 0.0186457
 0.00615622 0.0100827 0.0153306 0.0219061 0.0296307 0.0380145 0.0462322 0.0533314 0.0585808 0.0616979 0.062817 0.0622967 0.0605492 0.0579617 0.0548736 0.0515669 0.0482576 0.0450812 0.0420632 0.0390835 0.0358738 0.0321012 0.027543 0.0222691 0.0166993
 0.00637274 0.0104426 0.0158868 0.0227124 0.0307306 0.0394237 0.0479218 0.0552234 0.0605614 0.0636418 0.0646076 0.0638363 0.061759 0.0587793 0.0552496 0.0514628 0.0476443 0.0439412 0.0404014 0.0369463 0.0333714 0.0294174 0.0249138 0.0199303 0.014822
 0.00661004 0.010828 0.0164665 0.0235298 0.031819 0.0407942 0.0495492 0.0570399 0.0624629 0.0655057 0.0663132 0.0652792 0.0628598 0.0594835 0.0555232 0.0512839 0.046997 0.0428157 0.0388038 0.0349181 0.0310116 0.0268922 0.0224396 0.0177259 0.0130481
 0.00683883 0.0112024 0.0170343 0.0243361 0.0328965 0.0421483 0.051144 0.0587947 0.0642661 0.0672376 0.0678656 0.0665653 0.0638144 0.0600612 0.0556955 0.0510353 0.0463206 0.0417116 0.0372847 0.0330248 0.0288329 0.0245754 0.0201765 0.0157112 0.0114262
 0.00706733 0.0115794 0.0176116 0.0251641 0.034013 0.0435606 0.0528116 0.0606247 0.0661273 0.0689885 0.069381 0.0677517 0.0646145 0.0604491 0.0556679 0.050602 0.0454961 0.040513 0.0357365 0.0311722 0.0267589 0.0224102 0.0180869 0.0138651 0.00994682
 0.00727169 0.011912 0.0181129 0.0258726 0.0349585 0.044753 0.0542281 0.062203 0.0677712 0.0705821 0.0708071 0.068907 0.065421 0.0608606 0.0556693 0.0502026 0.0447201 0.0393916 0.0343075 0.0294882 0.0249 0.0204921 0.0162521 0.0122543 0.00866133
 0.00745316 0.0122129 0.0185761 0.0265406 0.035863 0.0459 0.0555839 0.0636919 0.0692885 0.0720169 0.0720609 0.0699021 0.0661006 0.0611879 0.055627 0.0497928 0.0439623 0.0383186 0.0329639 0.0279329 0.0232133 0.018779 0.0146347 0.0108489 0.00754841
 0.00754274 0.0123623 0.0188086 0.0268823 0.0363398 0.0465316 0.0563757 0.0646278 0.0703284 0.0730997 0.073111 0.0708401 0.0668533 0.0616963 0.0558502 0.0497087 0.043567 0.0376263 0.0320067 0.0267634 0.0219061 0.0174299 0.0133511 0.0097298 0.00666114
 0.00758458 0.0124249 0.0188939 0.0269906 0.0364736 0.0466998 0.0565956 0.0649233 0.0707227 0.0736054 0.0737208 0.0715214 0.0675502 0.0623371 0.0563602 0.0500224 0.0436375 0.037431 0.0315504 0.0260786 0.0210535 0.0164934 0.0124261 0.00890497 0.00599808
 0.00766729 0.0125493 0.0190618 0.0271965 0.0367054 0.0469413 0.0568304 0.065139 0.0709165 0.0737878 0.0739143 0.0717508 0.0678285 0.0626545 0.0566809 0.0502909 0.0437922 0.0374196 0.0313431 0.0256766 0.0204913 0.015834 0.0117487 0.00828603 0.0054931
 0.00774069 0.0126666 0.0192341 0.0274306 0.0370007 0.0472853 0.0571959 0.0654868 0.0712059 0.0739902 0.0740238 0.0717859 0.0678237 0.0626457 0.05669 0.0503157 0.0438056 0.0373786 0.031205 0.0254161 0.0201118 0.0153699 0.0112558 0.00782491 0.00511063
 0.00777967 0.0127265 0.0193178 0.0275394 0.0371345 0.0474434 0.0573763 0.0656841 0.0714088 0.0741813 0.0741829 0.0718972 0.0678825 0.062661 0.0566803 0.0502987 0.0437866 0.0373456 0.0311324 0.0252772 0.0198941 0.0150839 0.010934 0.00751042 0.00484132
 0.0078407 0.0128163 0.0194355 0.0276781 0.037283 0.04759 0.0575117 0.0658029 0.0715093 0.074265 0.0742516 0.0719504 0.0679169 0.0626725 0.0566675 0.0502652 0.0437385 0.037285 0.0310535 0.0251678 0.0197434 0.0148922 0.0107169 0.00729392 0.00465185
 0.00784378 0.0128237 0.0194509 0.0277053 0.0373243 0.0476437 0.0575706 0.0658565 0.071549 0.0742881 0.0742643 0.0719635 0.06794 0.0627091 0.0567136 0.0503122 0.0437771 0.0373077 0.0310536 0.0251387 0.0196799 0.0147947 0.0105945 0.00716337 0.00453186
 0.00787332 0.012863 0.0194942 0.0277428 0.0373456 0.0476431 0.0575508 0.0658274 0.071522 0.0742711 0.0742588 0.0719678 0.0679526 0.0627303 0.0567446 0.0503519 0.0438206 0.0373472 0.0310799 0.0251437 0.0196583 0.0147463 0.010525 0.00708408 0.00445574
 0.00787249 0.0128628 0.0194955 0.0277458 0.037349 0.047642 0.0575376 0.0657944 0.0714669 0.0742006 0.0741879 0.0719135 0.0679278 0.0627394 0.0567842 0.050414 0.0438955 0.0374244 0.0311492 0.0251956 0.0196862 0.0147479 0.0105039 0.00704822 0.00441529
 0.00790337 0.0129051 0.0195445 0.0277927 0.0373834 0.0476564 0.0575299 0.0657678 0.0714262 0.0741496 0.0741291 0.071851 0.0678686 0.0626932 0.0567596 0.050415 0.04392 0.0374653 0.0311963 0.0252387 0.0197168 0.0147614 0.0105004 0.00703216 0.00439332
 0.00792762 0.012943 0.0195985 0.0278628 0.0374657 0.0477421 0.0576054 0.0658172 0.0714373 0.0741187 0.0740626 0.0717622 0.0677725 0.0626029 0.0566846 0.0503615 0.0438907 0.0374586 0.0312068 0.0252579 0.019736 0.0147739 0.0105031 0.00702617 0.00438217
 0.00792564 0.0129409 0.0195974 0.0278646 0.0374726 0.0477561 0.0576267 0.0658437 0.0714636 0.0741374 0.0740662 0.0717469 0.0677399 0.0625595 0.0566399 0.0503246 0.0438679 0.0374525 0.0312156 0.025277 0.0197586 0.0147937 0.0105161 0.00703145 0.0043814
 0.007886 0.0128774 0.0195041 0.0277375 0.0373123 0.0475697 0.0574303 0.0656606 0.0713192 0.0740515 0.0740473 0.0717904 0.0678315 0.0626811 0.0567752 0.0504622 0.0440017 0.0375797 0.0313345 0.0253848 0.0198518 0.014869 0.0105717 0.00706814 0.00440262
 0.00786938 0.0128424 0.0194368 0.027621 0.0371317 0.04732 0.0571233 0.0653261 0.0709991 0.0737891 0.073877 0.0717305 0.0678825 0.0628272 0.0569896 0.0507147 0.0442651 0.0378336 0.0315659 0.0255862 0.0200194 0.0150012 0.0106694 0.00713485 0.00444411
 0.00786514 0.0128352 0.0194247 0.0276003 0.0370957 0.0472583 0.0570232 0.0651771 0.0707999 0.0735533 0.0736341 0.0715188 0.0677382 0.0627733 0.0570306 0.0508373 0.0444447 0.0380417 0.0317773 0.025782 0.0201878 0.0151365 0.0107708 0.00720523 0.00448889
 0.00783134 0.0127828 0.0193507 0.0275041 0.036979 0.0471254 0.0568804 0.0650315 0.0706568 0.0734156 0.0735034 0.0714005 0.0676442 0.0627214 0.0570384 0.0509142 0.0445868 0.0382326 0.0319927 0.0259971 0.0203823 0.0152979 0.0108941 0.00729196 0.00454481
 0.00780901 0.0127413 0.0192791 0.02739 0.0368128 0.0469065 0.0566215 0.0647586 0.0704023 0.073208 0.07336 0.0713251 0.0676308 0.0627614 0.0571255 0.0510461 0.0447617 0.0384443 0.0322278 0.0262365 0.0206056 0.0154887 0.0110435 0.00739902 0.00461482
 0.00777943 0.0126921 0.0192027 0.0272783 0.0366581 0.0467042 0.0563734 0.0644756 0.0701059 0.0729279 0.0731288 0.0711704 0.0675687 0.0627927 0.0572389 0.0512238 0.0449855 0.0386981 0.0324965 0.0265039 0.0208546 0.0157039 0.0112149 0.00752393 0.00469781
 0.00774728 0.0126409 0.0191279 0.0271759 0.0365256 0.0465412 0.0561824 0.0642631 0.0698818 0.0727055 0.0729245 0.0710033 0.0674582 0.0627547 0.0572809 0.0513426 0.0451683 0.0389264 0.0327495 0.0267612 0.0210978 0.0159171 0.0113875 0.00765213 0.00478452
 0.00935188 0.0148861 0.0218355 0.0299563 0.0388913 0.0480878 0.0567317 0.0638889 0.068825 0.0712508 0.0713106 0.0693918 0.0659447 0.0613916 0.0560963 0.0503493 0.044367 0.038307 0.0322934 0.0264436 0.020891 0.0157934 0.011321 0.00762111 0.00477282
 0.00933408 0.0151547 0.0227642 0.0320083 0.0424176 0.0530544 0.0625473 0.0695011 0.0730947 0.0734015 0.0711838 0.0673878 0.0627445 0.0576659 0.05234 0.0468563 0.0412799 0.0356783 0.0301275 0.0247193 0.0195706 0.0148271 0.0106505 0.00718379 0.00450698
 0.00898856 0.0146122 0.0220054 0.0310855 0.0415082 0.0524966 0.062799 0.0709761 0.0759143 0.0772101 0.0751937 0.0706776 0.0646427 0.057983 0.0513376 0.0450303 0.0391278 0.0335641 0.028258 0.0231804 0.0183744 0.0139465 0.0100385 0.00678479 0.00426482
 0.00878865 0.0142781 0.0214869 0.0303343 0.0404972 0.0512544 0.0614524 0.0697772 0.0752176 0.0773738 0.0764208 0.0728688 0.0673656 0.0606133 0.053309 0.0460489 0.0392293 0.0330129 0.0273841 0.0222545 0.0175601 0.0133112 0.00958658 0.00648861 0.00408574
 0.00872759 0.0141697 0.0213059 0.0300486 0.0400722 0.0506619 0.060685 0.0688668 0.0742544 0.0765189 0.0758939 0.0728925 0.0680694 0.0619394 0.0549904 0.0476963 0.0404893 0.0337035 0.0275303 0.0220231 0.0171544 0.0128912 0.00924059 0.00624333 0.00393133
 0.00870393 0.0141275 0.0212345 0.0299344 0.0398985 0.0504114 0.0603427 0.0684244 0.0737167 0.0759142 0.0752872 0.0723928 0.0678161 0.062059 0.0555318 0.0485819 0.0415231 0.0346453 0.0281963 0.0223505 0.0171975 0.0127651 0.00905762 0.00607675 0.00381085
 0.00869147 0.0141091 0.0212101 0.0299037 0.0398599 0.0503592 0.0602661 0.0683078 0.0735429 0.0756704 0.0749735 0.072032 0.0674616 0.061793 0.0554448 0.0487351 0.0419092 0.0351771 0.0287377 0.0227761 0.0174438 0.0128423 0.00902361 0.00599723 0.00373217
 0.00869017 0.0141055 0.0212019 0.0298884 0.0398351 0.0503243 0.0602223 0.0682563 0.0734822 0.075594 0.0748701 0.0718913 0.0672838 0.061598 0.0552753 0.0486467 0.0419475 0.0353512 0.0290083 0.0230698 0.0176868 0.0129931 0.00908268 0.00599376 0.00370141
 0.00867051 0.0140783 0.0211698 0.0298561 0.0398083 0.0503063 0.0602124 0.0682504 0.0734745 0.075579 0.0748434 0.0718483 0.0672205 0.0615132 0.0551775 0.048557 0.0418965 0.0353662 0.0290968 0.0232117 0.0178426 0.013123 0.00916463 0.00602854 0.0037045
 0.0086729 0.0140783 0.0211628 0.0298365 0.0397716 0.0502528 0.060149 0.068189 0.0734273 0.0755527 0.0748365 0.0718528 0.0672252 0.061509 0.0551599 0.0485292 0.0418704 0.0353586 0.0291221 0.023273 0.0179279 0.0132108 0.00923513 0.00607243 0.00372408
 0.0086487 0.0140445 0.0211219 0.0297936 0.0397321 0.0502193 0.0601199 0.0681597 0.0733948 0.0755185 0.074807 0.0718355 0.0672241 0.0615218 0.0551798 0.0485494 0.041888 0.035377 0.0291486 0.0233133 0.0179816 0.0132703 0.00928935 0.0061129 0.00374842
 0.00864121 0.0140282 0.0210904 0.0297394 0.0396503 0.0501117 0.0599974 0.0680406 0.0732977 0.075456 0.0747819 0.0718431 0.067257 0.061573 0.0552434 0.0486194 0.0419588 0.0354449 0.0292127 0.0233752 0.0180422 0.0133279 0.00934005 0.00615244 0.00377505
 0.00864208 0.0140312 0.0210974 0.0297521 0.0396682 0.0501304 0.0600085 0.0680339 0.0732668 0.0754023 0.0747152 0.0717775 0.0672046 0.0615403 0.0552308 0.0486237 0.0419755 0.0354696 0.0292422 0.0234074 0.0180759 0.0133615 0.00937104 0.00617814 0.00379378
 0.00862389 0.0140015 0.0210528 0.0296902 0.0395891 0.0500383 0.0599118 0.0679443 0.0731948 0.0753535 0.0746898 0.0717723 0.0672167 0.061569 0.0552759 0.0486838 0.0420467 0.0355463 0.0293189 0.0234795 0.0181403 0.0134164 0.00941542 0.00621171 0.00381711
 0.00863031 0.0140131 0.0210721 0.0297195 0.0396291 0.0500862 0.0599606 0.0679842 0.0732163 0.0753516 0.0746647 0.071729 0.0671623 0.0615105 0.0552202 0.0486368 0.0420127 0.0355273 0.0293139 0.0234856 0.0181536 0.013433 0.00943227 0.0062265 0.00382856
 0.00863031 0.0140131 0.0210721 0.0297195 0.0396291 0.0500862 0.0599606 0.0679842 0.0732163 0.0753516 0.0746647 0.071729 0.0671623 0.0615105 0.0552202 0.0486368 0.0420127 0.0355273 0.0293139 0.0234856 0.0181536 0.013433 0.00943227 0.0062265 0.00382856
 0.00874592 0.0141956 0.0213358 0.030072 0.0400674 0.0505916 0.0604953 0.0684925 0.0736347 0.0756244 0.0747584 0.0716386 0.0669099 0.0611371 0.0547751 0.0481681 0.0415603 0.0351196 0.0289676 0.0232071 0.0179415 0.0132805 0.00932912 0.00616142 0.00379053
 0.00860866 0.0139926 0.0210686 0.0297574 0.0397355 0.0502813 0.0602482 0.0683469 0.0736169 0.0757399 0.0749875 0.0719401 0.0672329 0.0614353 0.0550178 0.0483437 0.0416739 0.0351858 0.0290036 0.0232273 0.0179552 0.0132922 0.00933993 0.00617095 0.00379811
#pred catch len freq
 0.00444713 0.007028 0.0102346 0.0139825 0.0182205 0.022913 0.0279691 0.0332044 0.0383738 0.0432331 0.0475798 0.051271 0.0542342 0.0564663 0.0580135 0.0589463 0.0593394 0.0592491 0.0586617 0.057412 0.0551279 0.0513044 0.0455601 0.0379735 0.0292547
 0.0047085 0.00736526 0.0105836 0.0142386 0.0182784 0.0227238 0.0275781 0.032738 0.037978 0.043 0.0475089 0.0512859 0.0542386 0.0564034 0.0578982 0.0588566 0.0593739 0.0594689 0.0590466 0.0578556 0.0554797 0.0514404 0.0454411 0.0376564 0.0288533
 0.00496966 0.00777994 0.0111831 0.0150288 0.0192207 0.0237175 0.0284632 0.0333358 0.0381642 0.0427695 0.0469809 0.050639 0.0536191 0.0558714 0.0574416 0.0584467 0.0590115 0.0591864 0.0588704 0.0577656 0.0554033 0.0512883 0.045161 0.0372638 0.0284185
 0.00519804 0.00814274 0.0117153 0.0157621 0.0201821 0.0249204 0.0298868 0.0348976 0.0397043 0.0440692 0.0478253 0.0508984 0.0533027 0.0551126 0.0564266 0.057337 0.0579088 0.0581419 0.0579068 0.0568857 0.0545882 0.0505069 0.0443947 0.0365276 0.027758
 0.00546905 0.00856313 0.012312 0.0165515 0.0211738 0.0261216 0.0312999 0.0365093 0.0414674 0.0458829 0.0495247 0.0522701 0.0541349 0.0552669 0.0558907 0.0562249 0.0564078 0.0564431 0.0561575 0.0551772 0.052969 0.0490046 0.0430358 0.0353474 0.0267947
 0.00579234 0.00906311 0.0130178 0.0174763 0.0223173 0.0274741 0.0328422 0.0382093 0.0432777 0.0477385 0.0513372 0.053918 0.0554602 0.0560916 0.0560601 0.0556615 0.055146 0.0546215 0.0539729 0.0528299 0.0506281 0.0468009 0.0410696 0.0336943 0.0254995
 0.0061042 0.00955018 0.0137147 0.0184044 0.0234854 0.028878 0.03446 0.039997 0.0451688 0.0496507 0.0531799 0.0555957 0.0568694 0.057115 0.0565683 0.0555326 0.0543037 0.0530732 0.0518264 0.0502754 0.0478973 0.0441239 0.0386424 0.0316577 0.0239255
 0.00644127 0.0100734 0.0144572 0.0193845 0.0247085 0.0303393 0.036141 0.0418582 0.047145 0.0516524 0.0551016 0.0573276 0.0583066 0.0581613 0.0571321 0.0555239 0.0536417 0.0517133 0.0497956 0.0476966 0.0449849 0.0411468 0.0358689 0.0292994 0.0220989
 0.00682319 0.0106636 0.0152894 0.0204727 0.0260503 0.0319191 0.0379291 0.0438055 0.0491801 0.0536852 0.0570299 0.0590452 0.0597114 0.0591615 0.0576481 0.0554856 0.0529875 0.050399 0.0478204 0.0451369 0.0420153 0.0380277 0.0328954 0.0267289 0.0200891
 0.00719828 0.0112491 0.0161262 0.0215849 0.0274448 0.0335844 0.0398297 0.045876 0.0513271 0.0557974 0.0589911 0.060746 0.0610565 0.060073 0.0580643 0.0553562 0.0522697 0.049061 0.0458593 0.0426093 0.0390659 0.0348931 0.0298658 0.0240765 0.0179945
 0.0075865 0.0118464 0.0169637 0.0226738 0.0287815 0.0351567 0.0416158 0.0478357 0.0533921 0.0578688 0.0609475 0.0624588 0.0624088 0.0609736 0.0584514 0.0551922 0.0515311 0.0477353 0.0439541 0.0401775 0.0362343 0.0318733 0.0269275 0.0214833 0.0159307
 0.00798086 0.0124532 0.0178138 0.0237748 0.0301208 0.0367062 0.0433329 0.0496619 0.0552551 0.059688 0.062639 0.0639371 0.063588 0.0617721 0.0587996 0.0550385 0.0508437 0.0465019 0.042187 0.0379295 0.033621 0.0290837 0.0242044 0.0190685 0.0139984
 0.00842465 0.0131372 0.018774 0.0250217 0.0316413 0.0384671 0.0452785 0.0517095 0.0572971 0.0616034 0.0643112 0.0652696 0.064513 0.0622496 0.0588103 0.054574 0.0499009 0.045084 0.0403133 0.035653 0.0310488 0.0263863 0.0215986 0.0167702 0.0121631
 0.00871158 0.0135947 0.0194463 0.0259451 0.0328394 0.0399421 0.0469997 0.0536061 0.0592621 0.0635075 0.0660211 0.0666655 0.0655019 0.0627743 0.0588491 0.0541325 0.0489999 0.0437504 0.0385826 0.0335826 0.0287368 0.0239816 0.0192876 0.0147377 0.0105418
 0.00896078 0.0139864 0.0200124 0.0267104 0.0338224 0.0411539 0.0484366 0.0552383 0.0610235 0.0652947 0.0677026 0.0681011 0.0665674 0.0633817 0.0589563 0.0537398 0.0481381 0.042468 0.0369387 0.0316514 0.0266191 0.0218125 0.0172273 0.0129406 0.00911595
 0.00920694 0.0143657 0.0205453 0.0274045 0.0346758 0.0421588 0.0495797 0.0564969 0.0623611 0.066658 0.0690201 0.069285 0.0675206 0.0640112 0.0591894 0.0535371 0.0474975 0.0414211 0.0355435 0.0299884 0.0247919 0.0199486 0.0154675 0.0114144 0.00791079
 0.009322 0.0145566 0.0208399 0.0278318 0.0352604 0.0429128 0.0504939 0.0575375 0.0634746 0.0677812 0.0700894 0.0702402 0.0683048 0.064569 0.0594686 0.0534943 0.0471068 0.0406822 0.0344871 0.0286772 0.0233187 0.0184296 0.0140281 0.0101663 0.00692682
 0.00935431 0.0146024 0.020898 0.0279016 0.0353483 0.0430395 0.0506961 0.0578598 0.0639515 0.0684185 0.0708555 0.0710721 0.0691235 0.0652954 0.0600324 0.0538371 0.0471837 0.0404671 0.03398 0.0279109 0.0223615 0.0173784 0.0129929 0.00924739 0.00619208
 0.00943945 0.0147224 0.0210443 0.0280538 0.0354798 0.0431269 0.0507301 0.0578521 0.0639371 0.0684499 0.0709878 0.0713422 0.0695322 0.065802 0.0605643 0.0543081 0.0475134 0.0405939 0.0338705 0.0275665 0.0218205 0.0167122 0.0122918 0.00859898 0.00565997
 0.00966081 0.0150476 0.0214686 0.0285491 0.0359999 0.0436192 0.051145 0.0581499 0.0640934 0.0684625 0.0708821 0.0711687 0.0693535 0.065672 0.060508 0.0543127 0.0475331 0.0405671 0.0337411 0.0273021 0.0214235 0.0162199 0.0117655 0.00810499 0.00524993
 0.00980241 0.0152645 0.0217696 0.0289317 0.0364494 0.044108 0.0516329 0.0585866 0.0644273 0.0686529 0.0709113 0.0710478 0.0691207 0.065383 0.0602206 0.0540689 0.0473454 0.0404164 0.0335873 0.027104 0.0211575 0.0158914 0.011406 0.00775861 0.00495588
 0.00982094 0.015304 0.0218467 0.0290676 0.0366651 0.044416 0.0520279 0.0590416 0.0648951 0.0690751 0.0712301 0.0712201 0.069129 0.065241 0.0599692 0.0537624 0.0470342 0.040131 0.033332 0.0268634 0.0209116 0.0156306 0.0111384 0.00750576 0.00474125
 0.00984418 0.0153359 0.0218848 0.0291089 0.0367106 0.0444759 0.0521235 0.0591986 0.065131 0.0693852 0.0715813 0.0715572 0.0693915 0.0653826 0.0599718 0.0536396 0.0468227 0.039875 0.0330677 0.0266098 0.0206727 0.0154043 0.0109261 0.00731538 0.00458343
 0.00984332 0.015334 0.0218806 0.0291004 0.036695 0.0444504 0.0520878 0.0591592 0.0651041 0.0693957 0.0716545 0.0717055 0.069603 0.0656203 0.0601857 0.0537858 0.046879 0.0398448 0.0329726 0.0264765 0.0205232 0.0152529 0.0107821 0.00718671 0.00447702
 0.00990195 0.0154153 0.0219773 0.0291971 0.0367728 0.044494 0.0520911 0.0591258 0.065045 0.0693257 0.0715906 0.0716659 0.0696038 0.0656685 0.0602728 0.0538876 0.046964 0.039887 0.032961 0.0264164 0.0204301 0.0151447 0.010674 0.00708971 0.0043979
 0.00983253 0.0153195 0.0218639 0.0290836 0.0366785 0.0444303 0.0520556 0.0591044 0.0650214 0.0692921 0.071553 0.0716408 0.0696106 0.0657214 0.0603755 0.0540309 0.0471269 0.0400427 0.0330847 0.0264936 0.0204593 0.0151352 0.0106406 0.00704671 0.00435644
 0.00965801 0.0150692 0.0215498 0.0287392 0.0363512 0.0441671 0.0518902 0.05905 0.06507 0.0694183 0.0717224 0.0718211 0.0697817 0.0658794 0.0605282 0.0541882 0.0472923 0.0402092 0.0332378 0.0266176 0.0205444 0.0151807 0.0106539 0.00703969 0.00434043
 0.00966458 0.0150604 0.0215021 0.0286224 0.0361413 0.0438636 0.0515276 0.0586939 0.0647946 0.0692782 0.0717327 0.0719575 0.0699959 0.0661207 0.0607599 0.0543938 0.0474708 0.0403655 0.0333747 0.0267328 0.0206329 0.0152396 0.0106854 0.00705029 0.00433868
