SBPRF35
9.53884
Curr Bio
648085
B35
733350
F35
0.196983
FOFL
0.183597
OFL
99848.7
Bzero
2.72538e+006
#pred survey bio
 4.16183e+006 3.96801e+006 3.78979e+006 3.54468e+006 3.2959e+006 2.98073e+006 2.69508e+006 2.41306e+006 2.14193e+006 1.90421e+006 1.6772e+006 1.46473e+006 1.30357e+006 1.16578e+006 1.02245e+006 906591 811894 745424 711899 670595 649430 628969 610128 600948 587141 578764 575023 565763 576162 579201 584734 579690 579341 573799 560881 543860 533009 516735 517207 521943 526035 538579 547040 555208 554282 560356 553444 551708 556619 553520 559885 572019 543671 513760 512726 581359 605844 596386 593429 579270 609940 647037 637819 631161 613550 594879 584416 653017 2.41742e+007 1.46017e+007 1.48691e+007 1.55334e+007 1.64329e+007 1.73843e+007 1.82684e+007 1.90268e+007 1.96439e+007 2.01284e+007 2.04996e+007 2.07796e+007 2.09886e+007 2.11439e+007 2.1259e+007 2.13445e+007 2.14081e+007 2.14556e+007 2.14912e+007 2.15181e+007 2.15386e+007 2.15541e+007 2.15661e+007 2.15753e+007 2.15824e+007 2.15879e+007 2.15922e+007 2.15955e+007 2.15981e+007 2.16002e+007 2.16018e+007 2.1603e+007 2.1604e+007 2.16048e+007 2.16054e+007 2.16059e+007 2.16063e+007 2.16066e+007 2.16069e+007 2.16071e+007 2.16072e+007 2.16073e+007 2.16074e+007 2.16075e+007 2.16076e+007 2.16076e+007 2.16076e+007 2.16077e+007 2.16077e+007 2.16077e+007 2.16077e+007 2.16077e+007 2.16078e+007 2.16078e+007 2.16078e+007 2.16078e+007 2.16078e+007 2.16078e+007 2.16078e+007 2.16078e+007 2.16078e+007 2.16078e+007 2.16078e+007 2.16078e+007 2.16078e+007 2.16078e+007 2.16078e+007 2.16078e+007 2.16078e+007 2.16078e+007 2.16078e+007 2.16078e+007 2.16078e+007 2.16078e+007 2.16078e+007 2.16078e+007 2.16078e+007 2.16078e+007 2.16078e+007 2.16078e+007 2.16078e+007 2.16078e+007 2.16078e+007 2.16078e+007 2.16078e+007 2.16078e+007 2.16078e+007 2.16078e+007 2.16078e+007 2.16078e+007 2.16078e+007 2.16078e+007 2.16078e+007 2.16078e+007 2.16078e+007 2.16078e+007 2.16078e+007 2.16078e+007 2.16078e+007 2.16078e+007 0 0 0 0 0 0 0 0 0 0 0 0 0 0 0 0 0 0 0 0 0 0 0 0 0
#obs survey bio
 4.61323e+006 2.86118e+006 3.68299e+006 2.38422e+006 2.80839e+006 2.66095e+006 2.39502e+006 1.62008e+006 1.95016e+006 1.55047e+006 1.51617e+006 1.38205e+006 1.4283e+006 771340 795530 628587 817302 636541 597423 799098 728562 396074 381900 525586 389686 532254 646986 542398 562494 542913 606849 639060 519182 724796 705417 726925 407381 735667 532014 643370 490234 568102 395315 682650 760825 635846 612506 581441 610395 530358 539924 571200 636699 454570 394463 713640 590263 570645 487909 647071 620040 700912 694706 911402 961856 632910 650770 564164
#pred catch bio
 102433 94906.7 169276 191179 274852 273522 295567 309425 299631 305639 303049 264318 248653 255921 231929 211401 183267 151715 154529 133540 130262 126812 117345 120256 114712 109656 111902 93349.9 98407.4 95071.2 102321 96252.1 98080.4 100165 98596.1 90744.9 96709.4 85580.2 84827.3 87236.8 81940.8 87109.8 88082 95163.2 88370.8 98781.4 94309.1 89875.3 97759.7 90295.8 86042.3 119133 118270 93890.8 39196 79078 106513 100432 110311 73995.4 71162 110214 106851 115973 117136 111509 49273.2 78313.2 99848.7 106883 107594 111155 116968 123333 129215 134161 138073 141034 143204 144755 145844 146597 147112 147461 147695 147852 147956 148025 148071 148101 148121 148134 148142 148148 148151 148154 148155 148156 148157 148158 148158 148158 148158 148158 148158 148158 148158 148158 148158 148158 148158 148158 148158 148158 148158 148158 148158 148158 148158 148158 148158 148158 148158 148158 148158 148158 148158 148158 148158 148158 148158 148158 148158 148158 148158 148158 148158 148158 148158 148158 148158 148158 148158 148158 148158 148158 148158 148158 148158 148158 148158 148158 148158 148158 148158 148158 148158 148158 148158 148158 148158 148158 148158 148158 148158 148158 148158 148158 0 0 0 0 0 0 0 0 0 0 0 0 0 0 0 0 0 0 0 0 0 0 0 0 0
#obs catch bio
 0 94507.5 170234 191544 277645 275755 299204 315291 305472 313920 311324 269638 251942 262419 237532 218495 187589 154334 157382 134982 131107 128744 118578 121930 116458 111656 113833 93962.9 99063.8 95540.7 103151 96549.2 98965.6 100634 98862.8 90108 96504 84921.4 84307.3 86558.5 81449.8 86886.6 88189.8 94790 87421.8 97657 93437.4 89232.8 97818.5 90347 85554.8 118584 117468 94183.8 38731.8 79185.9 106734 99974.5 110476 73773.6 70742.8 110304 106222 115090 115976 111569 48741.8 78542.4
#pred cpue bio
 4.10252e+006 3.9115e+006 3.73479e+006 3.49029e+006 3.2421e+006 2.92808e+006 2.64329e+006 2.36225e+006 2.09228e+006 1.85586e+006 1.63075e+006 1.42063e+006 1.26127e+006 1.12483e+006 983225 869056 776401 711894 679654 639891 619692 599911 581532 572586 559144 550990 547717 539378 550040 553334 558989 554429 554491 549717 538067 522316 511377 494085 493586 498060 502047 514127 522272 530396 529857 536008 529210 527220 531646 528451 534738 546795 519189 489601 488188 555411 580166 571002 567533 553251 583149 619872 611197 604397 586727 567905 557050 624004 2.31753e+007 1.40209e+007 1.419e+007 1.47435e+007 1.5607e+007 1.65507e+007 1.74333e+007 1.81915e+007 1.88086e+007 1.9293e+007 1.96643e+007 1.99442e+007 2.01533e+007 2.03086e+007 2.04237e+007 2.05091e+007 2.05727e+007 2.06202e+007 2.06559e+007 2.06828e+007 2.07032e+007 2.07188e+007 2.07307e+007 2.07399e+007 2.0747e+007 2.07525e+007 2.07568e+007 2.07602e+007 2.07628e+007 2.07648e+007 2.07664e+007 2.07677e+007 2.07687e+007 2.07695e+007 2.07701e+007 2.07706e+007 2.0771e+007 2.07713e+007 2.07715e+007 2.07717e+007 2.07719e+007 2.0772e+007 2.07721e+007 2.07722e+007 2.07722e+007 2.07723e+007 2.07723e+007 2.07723e+007 2.07724e+007 2.07724e+007 2.07724e+007 2.07724e+007 2.07724e+007 2.07724e+007 2.07724e+007 2.07724e+007 2.07724e+007 2.07724e+007 2.07724e+007 2.07724e+007 2.07725e+007 2.07725e+007 2.07725e+007 2.07725e+007 2.07725e+007 2.07725e+007 2.07725e+007 2.07725e+007 2.07725e+007 2.07725e+007 2.07725e+007 2.07725e+007 2.07725e+007 2.07725e+007 2.07725e+007 2.07725e+007 2.07725e+007 2.07725e+007 2.07725e+007 2.07725e+007 2.07725e+007 2.07725e+007 2.07725e+007 2.07725e+007 2.07725e+007 2.07725e+007 2.07725e+007 2.07725e+007 2.07725e+007 2.07725e+007 2.07725e+007 2.07725e+007 2.07725e+007 2.07725e+007 2.07725e+007 2.07725e+007 2.07725e+007 2.07725e+007 2.07725e+007 2.07725e+007 0 0 0 0 0 0 0 0 0 0 0 0 0 0 0 0 0 0 0 0 0 0 0 0 0
#obs cpue bio
 2.32884e+006 3.08738e+006 2.84824e+006 3.74156e+006 2.72802e+006 2.61133e+006 2.10357e+006 1.82166e+006 1.75233e+006 1.18412e+006 1.62637e+006 1.54039e+006 1.48287e+006 787142 920014 528223 813522 673095 730676 550716 663520 471908 911251 487263 582873 357314 480032 681611 612635 538270 458837 588917 378736 580052 484981 756124 584181 506192 485893 543897 468082 430362 507672 764753 636420 646561 448369 450538 326843 499716 773959 714118 525538 403345 610840 516374 534983 772834 639904 458337 735689 560911 720981 556540 486542 415590 476561 593122
#pred surv len freq
 0.00508472 0.00819852 0.0122337 0.0171404 0.0227906 0.0289121 0.0350522 0.0406749 0.0453573 0.0489311 0.0514694 0.0531721 0.0542576 0.0549054 0.0552345 0.0553001 0.0551049 0.05461 0.053719 0.0522288 0.0497952 0.0459975 0.0405497 0.0335703 0.02571
 0.00542439 0.00864547 0.0127162 0.0175382 0.0229824 0.0288426 0.0347749 0.0403333 0.0451092 0.0488613 0.0515482 0.0532823 0.0542681 0.0547439 0.0549237 0.0549447 0.0548406 0.0545378 0.0538548 0.0524929 0.0500494 0.0461133 0.0404685 0.0333218 0.025382
 0.00560484 0.00896769 0.0132469 0.0183373 0.0240658 0.030138 0.0361056 0.0414603 0.0458277 0.0490948 0.0513718 0.0528566 0.0537359 0.0541677 0.0542976 0.0542542 0.0541128 0.0538424 0.0532616 0.0520239 0.0496639 0.0457379 0.0400486 0.0328567 0.0249194
 0.005841 0.00933757 0.0137808 0.0190627 0.0250113 0.0313316 0.0375557 0.0431223 0.0475722 0.05071 0.0526166 0.0535474 0.0538145 0.0537046 0.053434 0.0531324 0.0528418 0.0525049 0.0519285 0.0507531 0.0484877 0.044662 0.0390708 0.0319882 0.0241883
 0.00606753 0.00970137 0.0143198 0.019809 0.0259858 0.032537 0.0389703 0.0446994 0.0492452 0.0523927 0.0541941 0.0548695 0.0547134 0.0540422 0.0531533 0.0522778 0.051535 0.0508981 0.0501669 0.0489571 0.0467507 0.0430537 0.0376438 0.0307833 0.0232331
 0.00639092 0.0102137 0.0150662 0.0208235 0.0272868 0.0341194 0.0407957 0.0466906 0.051294 0.0543771 0.0559956 0.0563789 0.055826 0.0546537 0.05317 0.0516442 0.050263 0.0490773 0.0479483 0.046521 0.0442771 0.0407042 0.0355511 0.0290418 0.0218898
 0.00670681 0.0107148 0.0157978 0.0218204 0.0285692 0.0356855 0.0426118 0.0486865 0.0533683 0.0564124 0.0578741 0.0579919 0.0570762 0.0554534 0.0534386 0.0513123 0.0492888 0.0474715 0.0457934 0.0439721 0.0415418 0.0380082 0.0331005 0.0269899 0.0203139
 0.00700965 0.0112033 0.0165259 0.0228358 0.0299049 0.0373463 0.0445596 0.0508352 0.0555949 0.0585796 0.0598517 0.0596687 0.058363 0.0562784 0.0537419 0.0510411 0.0484011 0.0459518 0.0436776 0.0413711 0.038646 0.035064 0.0303629 0.024666 0.0185194
 0.00730869 0.0116835 0.017238 0.023825 0.0312045 0.0389669 0.0464756 0.0529757 0.0578477 0.0608068 0.0619099 0.0614267 0.0597139 0.0571441 0.0540698 0.050795 0.0475549 0.0444934 0.0416283 0.0388131 0.035742 0.0320511 0.0275102 0.02221 0.0166051
 0.00751233 0.0120227 0.0177641 0.0245921 0.0322599 0.0403361 0.0481451 0.0548861 0.0599005 0.0628812 0.0638789 0.0631687 0.0611194 0.0581219 0.0545498 0.0507285 0.0469109 0.0432596 0.0398214 0.0365005 0.0330638 0.0292219 0.0247877 0.0198338 0.014733
 0.00772786 0.0123712 0.018286 0.0253263 0.0332398 0.0415811 0.0496494 0.0566091 0.0617661 0.0647855 0.0657033 0.0647943 0.0624394 0.0590495 0.05502 0.0506954 0.0463443 0.042146 0.0381736 0.0343761 0.0305855 0.0265829 0.0222263 0.0175788 0.0129423
 0.00807539 0.0129087 0.0190443 0.0263171 0.034457 0.0430025 0.0512351 0.0582995 0.0634844 0.0664459 0.0672196 0.0660864 0.0634359 0.05969 0.0552569 0.0504933 0.0456795 0.0410073 0.0365712 0.0323585 0.0282583 0.0241156 0.0198321 0.0154665 0.0112591
 0.00845734 0.0134964 0.0198663 0.0273773 0.0357342 0.0444529 0.052793 0.0598805 0.0649971 0.0678085 0.068373 0.066994 0.0640757 0.0600434 0.0553022 0.0502051 0.0450317 0.0399805 0.0351638 0.0306032 0.026239 0.0219731 0.0177478 0.0136211 0.00978286
 0.00871423 0.0139226 0.020522 0.0283194 0.0369995 0.0460332 0.0546147 0.061805 0.0668493 0.069422 0.0696276 0.0678314 0.0644922 0.0600705 0.0549838 0.049579 0.0441204 0.0387923 0.0337058 0.0289008 0.024356 0.0200209 0.0158737 0.0119738 0.00846967
 0.00900337 0.0143893 0.0212187 0.0292942 0.0382883 0.0476458 0.0565159 0.0639006 0.0689872 0.0714118 0.0712747 0.0689765 0.0650441 0.0600201 0.054393 0.0485499 0.0427598 0.0371883 0.0319225 0.0269915 0.0223849 0.0180788 0.0140741 0.0104292 0.00725743
 0.0090749 0.0145339 0.0214891 0.0297583 0.0390146 0.0486801 0.0578587 0.0654972 0.0707354 0.0731785 0.0729128 0.0703388 0.0660003 0.0604775 0.0543151 0.0479629 0.0417406 0.03584 0.0303501 0.0252909 0.0206457 0.0163929 0.0125375 0.00912789 0.00624621
 0.00915321 0.0146543 0.02166 0.0299889 0.0393217 0.0490937 0.0584205 0.0662479 0.0716926 0.0743164 0.0741538 0.0715643 0.0670738 0.0612716 0.0547333 0.0479541 0.0413058 0.035028 0.0292452 0.0239955 0.0192674 0.0150368 0.0112991 0.00808321 0.00543873
 0.00928533 0.0148428 0.0218951 0.0302455 0.0395675 0.0493036 0.0585895 0.0663977 0.0718691 0.0745767 0.0745466 0.0721065 0.0677335 0.061967 0.0553509 0.0483781 0.0414484 0.0348495 0.0287593 0.0232625 0.0183783 0.0140952 0.0104036 0.00731165 0.00483621
 0.0092319 0.0147652 0.0217947 0.0301276 0.0394377 0.0491629 0.0584346 0.0662274 0.0716955 0.0744356 0.0744961 0.0722116 0.06804 0.0624764 0.0560084 0.0490817 0.0420747 0.0352882 0.0289426 0.0231792 0.0180706 0.0136423 0.00989756 0.00683442 0.00444318
 0.00933745 0.0149196 0.0219954 0.0303614 0.0396846 0.0494021 0.0586477 0.0663978 0.0718061 0.0744706 0.0744493 0.072097 0.0678971 0.0623605 0.055969 0.0491365 0.0421974 0.0354159 0.0290011 0.0231137 0.0178667 0.0133281 0.00952957 0.00647504 0.00414021
 0.00949308 0.0151351 0.0222501 0.0306124 0.0398783 0.0494939 0.0586181 0.0662577 0.0715905 0.074225 0.0742159 0.0719065 0.0677662 0.0622973 0.0559775 0.0492176 0.0423414 0.0355946 0.0291689 0.023221 0.0178793 0.0132419 0.00937048 0.00628566 0.00396163
 0.00958698 0.0152934 0.0224963 0.0309653 0.0403401 0.0500352 0.0591708 0.0667259 0.0718806 0.074282 0.0740439 0.0715616 0.0673304 0.0618493 0.0555756 0.0488951 0.0421095 0.0354459 0.0290801 0.0231581 0.017809 0.0131437 0.00924366 0.0061462 0.00383148
 0.00968012 0.0154351 0.0226925 0.0312175 0.0406477 0.0503979 0.0595852 0.0671764 0.0723297 0.0746683 0.0742953 0.0716208 0.0671799 0.0615201 0.055135 0.0484214 0.0416682 0.0350761 0.0287925 0.0229418 0.0176413 0.0130022 0.00911512 0.00602877 0.0037307
 0.00970119 0.0154676 0.022738 0.0312764 0.0407197 0.0504827 0.059684 0.067293 0.0724699 0.0748355 0.0744833 0.0718068 0.0673263 0.0615874 0.0550999 0.0482893 0.0414706 0.0348562 0.0285874 0.0227712 0.0175075 0.0128965 0.00902766 0.00595392 0.00366808
 0.00976565 0.0155689 0.0228836 0.03147 0.0409595 0.0507594 0.0599792 0.0675807 0.0727217 0.0750286 0.0746061 0.0718589 0.067313 0.0615125 0.0549632 0.0480908 0.0412184 0.0345704 0.0282969 0.0225041 0.0172822 0.0127187 0.00889354 0.00585574 0.00359832
 0.00956783 0.0152944 0.0225578 0.0311459 0.0407036 0.0506275 0.0599975 0.0677399 0.0729867 0.0753533 0.0749458 0.0721782 0.0675876 0.0617287 0.0551144 0.0481749 0.0412365 0.0345294 0.0282106 0.0223923 0.0171654 0.0126129 0.00880694 0.00579018 0.0035517
 0.00935625 0.0149603 0.0220762 0.0305084 0.0399289 0.0497734 0.0591641 0.0670557 0.0725719 0.0752781 0.0752064 0.0727049 0.0682763 0.0624751 0.0558365 0.0488186 0.0417731 0.0349486 0.0285163 0.0225984 0.0172924 0.0126832 0.00884067 0.00580273 0.00355348
 0.00942419 0.0150344 0.0221203 0.0304658 0.0397371 0.0493884 0.0585847 0.0663345 0.0718088 0.074598 0.0747276 0.0725067 0.0683772 0.0628315 0.056362 0.0494143 0.0423541 0.0354576 0.0289249 0.0229016 0.0175005 0.0128148 0.00891682 0.00584247 0.0035717
 0.00937123 0.0149445 0.0219767 0.030247 0.0394172 0.0489407 0.0579904 0.0655956 0.0709619 0.0737222 0.0739387 0.0719333 0.0681251 0.06295 0.0568283 0.0501423 0.0432226 0.036345 0.0297355 0.023578 0.018022 0.0131885 0.00916608 0.00599695 0.0036603
 0.00933252 0.0148902 0.0219103 0.030175 0.0393442 0.0488628 0.0578897 0.0654413 0.0707197 0.073369 0.0734796 0.0714123 0.0676235 0.0625674 0.0566515 0.0502149 0.0435295 0.0368199 0.0302864 0.0241166 0.0184855 0.013547 0.00941786 0.00615847 0.00375504
 0.00917744 0.0146597 0.0216042 0.0298085 0.0389456 0.0484665 0.0575304 0.0651473 0.0705058 0.0732309 0.0733948 0.0713509 0.0675658 0.0625195 0.0566476 0.0503033 0.0437481 0.0371742 0.0307427 0.0246138 0.0189578 0.0139447 0.00971787 0.00636241 0.00388042
 0.0091367 0.0145911 0.021497 0.0296533 0.038738 0.0482135 0.0572533 0.0648798 0.0702839 0.0730799 0.0733194 0.0713349 0.0675806 0.0625385 0.0566606 0.0503228 0.0438039 0.0372973 0.0309466 0.0248847 0.0192591 0.0142325 0.00995794 0.00653907 0.00399587
 0.0088864 0.0142261 0.0210253 0.0291082 0.0381679 0.0476651 0.0567605 0.0644639 0.0699615 0.0728697 0.0732407 0.0713989 0.0677808 0.0628473 0.0570368 0.0507263 0.0442085 0.0376946 0.031339 0.0252722 0.0196311 0.0145683 0.0102363 0.00674788 0.00413661
 0.00855337 0.0137238 0.0203437 0.0282683 0.0372206 0.0466854 0.0558397 0.063697 0.0694279 0.0726126 0.0732588 0.0716551 0.0682216 0.0634189 0.0576907 0.0514187 0.0449005 0.0383559 0.0319499 0.0258222 0.0201131 0.0149749 0.0105606 0.00698794 0.00429907
 0.00844814 0.0135329 0.0200214 0.0277645 0.0364981 0.0457454 0.0547421 0.06256 0.068401 0.0718345 0.0728206 0.0715844 0.0684874 0.0639517 0.0584057 0.052234 0.0457476 0.0391819 0.0327169 0.0265052 0.020697 0.0154525 0.0109309 0.00725684 0.0044795
 0.00924705 0.0146475 0.0213565 0.0291119 0.0375898 0.0463422 0.054711 0.0619041 0.0672415 0.0703677 0.0712712 0.0701613 0.0673471 0.0631752 0.0579975 0.0521412 0.0458882 0.0394702 0.0330792 0.0268853 0.021056 0.0157656 0.0111846 0.00744736 0.00461108
 0.00992903 0.0157252 0.0229102 0.0311674 0.0400808 0.0490711 0.0573358 0.0639896 0.0683848 0.0703447 0.0701201 0.0681564 0.0648863 0.0606504 0.055704 0.0502448 0.0444377 0.0384334 0.0323829 0.0264463 0.0207991 0.0156303 0.0111252 0.00743055 0.00461423
 0.00994297 0.0158433 0.0232641 0.0319377 0.0414485 0.0511383 0.0600471 0.0670962 0.0714736 0.0729275 0.0717563 0.0685739 0.0640592 0.0587986 0.0532111 0.0475337 0.0418589 0.036208 0.0306017 0.025105 0.0198409 0.0149794 0.0107061 0.0071768 0.00447118
 0.00970965 0.0154853 0.0227729 0.0313397 0.0408246 0.0506374 0.0598792 0.0674844 0.0725639 0.0746936 0.0739571 0.0708013 0.0658653 0.0598443 0.0533694 0.0469052 0.040705 0.0348398 0.029282 0.0239958 0.0190024 0.0143992 0.0103351 0.00695694 0.00435066
 0.00966295 0.0153882 0.0225882 0.0310222 0.0403364 0.0499734 0.0590944 0.0667077 0.0719861 0.0745234 0.0743501 0.0717852 0.0672971 0.0614334 0.0547707 0.0478424 0.0410622 0.034678 0.0287813 0.0233658 0.0184084 0.0139302 0.010012 0.00675871 0.0042413
 0.00973453 0.01549 0.0227127 0.0311482 0.0404283 0.0499854 0.0589783 0.06643 0.0715515 0.0739962 0.0738574 0.071488 0.0673312 0.0618429 0.055472 0.0486453 0.0417449 0.0350783 0.0288529 0.0231742 0.018078 0.0135818 0.00972299 0.00655656 0.00411846
 0.00964698 0.0153666 0.0225613 0.0309871 0.0402788 0.0498606 0.0588751 0.0663275 0.0714195 0.0738109 0.07362 0.0712387 0.0671479 0.0618185 0.0556715 0.049065 0.0422997 0.035632 0.0292776 0.0234029 0.0181209 0.0135025 0.0095968 0.00643842 0.00403305
 0.00945472 0.0150893 0.0222102 0.0305965 0.0398989 0.049543 0.0586592 0.0662319 0.0714384 0.0739146 0.0737626 0.071374 0.0672506 0.0618984 0.0557706 0.0492339 0.0425636 0.0359691 0.029625 0.0236881 0.018298 0.0135693 0.00958542 0.00639139 0.00398313
 0.00926316 0.0147913 0.0217886 0.030049 0.0392439 0.0488252 0.0579512 0.065626 0.0710235 0.0737482 0.073851 0.071673 0.0676852 0.0623913 0.056267 0.0497115 0.0430249 0.0364206 0.030058 0.0240753 0.0186068 0.013781 0.0097052 0.00644318 0.00399608
 0.00932049 0.0148572 0.0218371 0.0300389 0.0391295 0.048574 0.057561 0.0651312 0.07049 0.0732572 0.0734793 0.0714733 0.0676729 0.0625435 0.0565348 0.05004 0.0433716 0.0367608 0.0303789 0.0243653 0.0188513 0.0139667 0.00982795 0.00651123 0.00402583
 0.00938002 0.0149404 0.0219358 0.0301335 0.039189 0.0485607 0.0574373 0.0648705 0.0700899 0.0727502 0.0729331 0.0709767 0.0673101 0.0623693 0.0565603 0.0502358 0.0436832 0.0371289 0.030754 0.0247124 0.0191479 0.0142003 0.00999544 0.00661866 0.00408643
 0.0095652 0.0152264 0.022337 0.0306497 0.0398021 0.0492305 0.0580987 0.0654373 0.070469 0.0728656 0.0727503 0.0705166 0.0666471 0.0616123 0.0558235 0.0496093 0.0432149 0.0368233 0.0305849 0.0246405 0.0191343 0.0142143 0.0100162 0.00663535 0.00409568
 0.00969737 0.0154302 0.0226231 0.0310206 0.0402518 0.0497442 0.0586506 0.0659877 0.0709645 0.0732443 0.0729519 0.0704967 0.0663916 0.0611476 0.0552148 0.048946 0.0425866 0.0362967 0.0301912 0.0243769 0.0189764 0.0141296 0.00997533 0.00661696 0.00408717
 0.00958741 0.0152855 0.0224682 0.0308993 0.0402152 0.0498315 0.0588736 0.0663271 0.0713788 0.0736826 0.0733623 0.07083 0.0666045 0.0612086 0.0551154 0.0487075 0.0422582 0.0359421 0.0298687 0.0241241 0.0188041 0.0140277 0.0099236 0.00659474 0.00407926
 0.00951658 0.0151804 0.02233 0.0307401 0.0400593 0.0497156 0.058842 0.0664211 0.0716201 0.0740586 0.0738237 0.0713035 0.0670136 0.0614936 0.055243 0.0486736 0.042086 0.035676 0.0295645 0.023834 0.0185646 0.0138537 0.00981128 0.00652983 0.00404535
 0.00942436 0.0150286 0.0220992 0.0304136 0.0396308 0.049199 0.0582804 0.0658868 0.0712022 0.0738395 0.0738544 0.0715865 0.0675007 0.0620988 0.0558663 0.0492273 0.0425133 0.0359585 0.0297171 0.0238929 0.0185709 0.0138409 0.00979866 0.00652408 0.00404546
 0.00933802 0.0148876 0.0218859 0.0301108 0.0392252 0.0486871 0.0576762 0.0652281 0.070551 0.0732759 0.0734635 0.0714388 0.0676322 0.0624967 0.0564687 0.0499383 0.0432297 0.0365959 0.0302266 0.0242635 0.01882 0.0139989 0.00989598 0.00658368 0.00408188
 0.00970796 0.0154521 0.0226646 0.031092 0.0403629 0.0499004 0.0588505 0.0662241 0.0712292 0.0735329 0.0732639 0.0708287 0.0667262 0.0614456 0.0554184 0.0489948 0.0424427 0.0359647 0.0297227 0.0238541 0.0184837 0.0137275 0.00968792 0.00643591 0.00398624
 0.00994715 0.0158474 0.0232693 0.0319546 0.0415099 0.0513125 0.0604417 0.0678401 0.0726739 0.0746137 0.0738359 0.0708241 0.0661646 0.0604264 0.0540972 0.0475478 0.0410272 0.0346915 0.0286466 0.022985 0.0178055 0.0132154 0.00931694 0.00618178 0.00382418
 0.00975399 0.0155661 0.0229094 0.0315529 0.0411299 0.0510365 0.060358 0.0680233 0.0731587 0.0753701 0.0747625 0.071768 0.0669639 0.0609563 0.054302 0.0474475 0.0407001 0.0342417 0.0281708 0.0225506 0.017446 0.0129383 0.0091153 0.0060432 0.00373502
 0.00909572 0.0145145 0.0213669 0.0294563 0.0384813 0.0479435 0.0570658 0.0649059 0.0706485 0.0738471 0.0744505 0.0726796 0.0689077 0.0635969 0.0572496 0.0503492 0.0433048 0.0364214 0.0299015 0.0238725 0.0184243 0.0136388 0.0095964 0.00635604 0.00392514
 0.00922858 0.014675 0.0215024 0.029475 0.0382649 0.0473767 0.0560722 0.0634821 0.0688894 0.0719525 0.0727002 0.0713718 0.0682755 0.063736 0.0580911 0.0516897 0.0448785 0.0379801 0.0312717 0.0249719 0.0192451 0.0142166 0.00998232 0.00660027 0.00407048
 0.00956724 0.0152143 0.0222881 0.0305279 0.0395601 0.0488178 0.0574765 0.0645976 0.0694557 0.0717868 0.0717699 0.0698199 0.0663865 0.0618552 0.056525 0.0506239 0.0443436 0.0378766 0.0314345 0.02524 0.0195066 0.0144187 0.0101161 0.00667892 0.00411245
 0.00957723 0.0152624 0.0224201 0.030808 0.0400566 0.049577 0.0584931 0.0657942 0.0706795 0.0728298 0.0724138 0.0698985 0.0658478 0.0607929 0.055158 0.0492265 0.0431555 0.0370344 0.0309526 0.0250418 0.0194801 0.0144654 0.0101742 0.00672262 0.0041379
 0.00958608 0.0152882 0.0224818 0.0309352 0.0402879 0.0499555 0.059056 0.0665585 0.0716241 0.0738796 0.0734353 0.0707173 0.0662902 0.0607417 0.0546011 0.048271 0.0419971 0.0358904 0.0299916 0.0243428 0.0190356 0.0142154 0.0100472 0.00666178 0.00410861
 0.00923652 0.0147397 0.0216963 0.0298981 0.0390209 0.0485306 0.0576069 0.0652737 0.0707126 0.0735157 0.0737042 0.0715831 0.067598 0.0622551 0.0560664 0.0494897 0.0428761 0.03645 0.0303273 0.0245655 0.0192235 0.0143978 0.0102179 0.00680348 0.00421101
 0.00904641 0.0144183 0.0211901 0.0291516 0.0379906 0.0472088 0.0560457 0.0635965 0.0691036 0.0721887 0.0728599 0.0713647 0.0680524 0.0633118 0.0575478 0.0511554 0.0444905 0.0378441 0.0314288 0.0253877 0.0198247 0.0148399 0.0105441 0.00703812 0.00436969
 0.00933406 0.0148527 0.021779 0.0298712 0.0387818 0.0479761 0.0566633 0.0639267 0.0690338 0.0716758 0.071961 0.0702336 0.0669 0.0623448 0.0569072 0.0508796 0.0445174 0.0380503 0.0316869 0.0256113 0.019982 0.014939 0.0106071 0.00708234 0.00440293
 0.00944611 0.0150471 0.0220928 0.0303428 0.0394368 0.048807 0.0576105 0.0648749 0.0698303 0.0721672 0.0720354 0.0698555 0.0661276 0.0613206 0.05582 0.0499093 0.0437822 0.0375817 0.0314418 0.0255102 0.0199501 0.0149295 0.0106014 0.00707789 0.00440114
 0.00969286 0.0154209 0.0226056 0.0309906 0.0402055 0.0496786 0.058563 0.0658726 0.0708096 0.0730297 0.0726574 0.0701154 0.0659446 0.0606892 0.0548233 0.0487008 0.0425423 0.0364656 0.0305413 0.024846 0.0194919 0.0146262 0.0104055 0.00695461 0.00432711
 0.0099042 0.0157583 0.0231003 0.031664 0.0410607 0.050691 0.0596736 0.0669927 0.0718401 0.0738838 0.0732715 0.0704444 0.0659521 0.060349 0.0541362 0.0477154 0.0413609 0.0352254 0.0293783 0.0238589 0.0187249 0.0140743 0.010034 0.00671928 0.00418698
 0.00979896 0.0156323 0.0229945 0.0316455 0.0412066 0.051061 0.0602849 0.0678099 0.0727834 0.0748493 0.0741533 0.0711523 0.0664208 0.0605391 0.0540322 0.0473269 0.0407279 0.0344223 0.0285053 0.0230201 0.0180022 0.0135107 0.00963317 0.00645771 0.00402974
 0.0088318 0.0141567 0.0209596 0.0290833 0.0382395 0.0479022 0.0572331 0.0652215 0.0710064 0.0741337 0.074581 0.0726208 0.0686824 0.0632697 0.056902 0.0500547 0.0431151 0.036365 0.0299874 0.024091 0.018745 0.0140126 0.00996633 0.00667412 0.00416498
#obs surv len freq
 nan nan nan nan nan nan nan nan nan nan nan nan nan nan nan nan nan nan nan nan nan nan nan nan nan
 0.00448583 0.00734785 0.0111786 0.0159958 0.0216974 0.0279736 0.034288 0.0400191 0.044698 0.0481607 0.0505172 0.0520115 0.0529023 0.0534133 0.0537265 0.0539806 0.0542586 0.054551 0.0546895 0.0542813 0.0527194 0.0493518 0.043802 0.0362828 0.0276672
 0.00461312 0.0075579 0.0115002 0.0164565 0.0223166 0.0287525 0.0351986 0.0410021 0.0456709 0.0490347 0.0512142 0.0524758 0.0531055 0.0533547 0.0534284 0.0534804 0.0536001 0.0537772 0.0538398 0.053393 0.0518315 0.0485078 0.0430469 0.0356546 0.0271871
 0.00477635 0.00782318 0.0118995 0.01702 0.0230676 0.0296984 0.0363212 0.0422512 0.0469681 0.0502839 0.0523152 0.0533372 0.0536558 0.0535507 0.0532595 0.052967 0.0527866 0.0527228 0.0526107 0.0520593 0.0504684 0.0471952 0.0418641 0.0346671 0.0264309
 0.00497132 0.00814185 0.0123821 0.0177049 0.0239835 0.0308524 0.0376871 0.0437658 0.04854 0.05181 0.053695 0.0544792 0.0544803 0.0539928 0.0532752 0.0525403 0.0519333 0.0514899 0.0510727 0.050313 0.048629 0.0453899 0.0402186 0.0332839 0.0253679
 0.00517035 0.00847093 0.0128877 0.0184338 0.024974 0.0321197 0.039208 0.0454734 0.0503329 0.0535714 0.055311 0.0558495 0.0555211 0.0546357 0.0534667 0.0522442 0.0511367 0.0502117 0.0493706 0.0482881 0.0464229 0.043173 0.0381657 0.031541 0.0240199
 0.00540076 0.00884433 0.0134479 0.0192219 0.0260221 0.0334403 0.0407819 0.0472431 0.0522072 0.0554401 0.0570595 0.0573704 0.0567199 0.0554343 0.053803 0.0520716 0.0504263 0.0489601 0.0476136 0.0461144 0.0439808 0.0406601 0.0357979 0.0295058 0.0224328
 0.00563926 0.00923776 0.0140503 0.0200863 0.0271894 0.0349217 0.0425428 0.0491992 0.0542404 0.057423 0.0588773 0.058928 0.05794 0.0562515 0.0541606 0.0519206 0.0497289 0.0476978 0.0458035 0.0438291 0.0413635 0.0379203 0.0331786 0.0272285 0.0206415
 0.00587606 0.00962463 0.0146365 0.0209201 0.0283098 0.0363456 0.0442492 0.051122 0.0562743 0.0594415 0.060753 0.0605481 0.0592143 0.0571129 0.0545595 0.0518174 0.0490896 0.0464994 0.0440503 0.0415773 0.0387427 0.0351358 0.0304818 0.024858 0.0187603
 0.00613357 0.0100466 0.0152774 0.0218323 0.0295327 0.037889 0.0460775 0.0531496 0.0583793 0.0614904 0.0626218 0.0621332 0.0604342 0.0579061 0.0548815 0.051636 0.0483807 0.0452477 0.0422612 0.0392999 0.0360951 0.0323136 0.0277335 0.0224273 0.0168199
 0.0063831 0.0104553 0.0158983 0.0227167 0.0307205 0.0393932 0.0478673 0.0551443 0.0604588 0.063518 0.064467 0.0636868 0.0616133 0.0586536 0.0551603 0.0514225 0.0476586 0.0440088 0.0405142 0.037092 0.0335351 0.0295832 0.0250672 0.02006 0.0149217
 0.00661409 0.0108371 0.0164845 0.0235608 0.0318653 0.0408529 0.0496107 0.0570892 0.062484 0.065487 0.0662513 0.0651785 0.0627308 0.059341 0.0553842 0.0511659 0.0469152 0.04278 0.0388166 0.0349738 0.0310986 0.0269954 0.0225437 0.0178182 0.0131212
 0.00684473 0.0112124 0.0170503 0.0243604 0.0329319 0.0421975 0.0512079 0.0588709 0.0643468 0.0673096 0.0679128 0.0665734 0.0637757 0.0599779 0.0555792 0.0509039 0.0461943 0.0416089 0.0372182 0.0329991 0.0288445 0.0246139 0.0202288 0.0157647 0.011472
 0.00705646 0.0115623 0.017587 0.0251317 0.0339739 0.0435179 0.0527711 0.0605942 0.066115 0.0689994 0.0694145 0.0678001 0.0646643 0.0604856 0.0556805 0.0505882 0.0454628 0.0404733 0.0357052 0.0311608 0.026772 0.0224446 0.0181341 0.0139147 0.00999029
 0.0072548 0.0118875 0.0180814 0.0258366 0.0349214 0.044718 0.0541973 0.0621782 0.0677538 0.0705747 0.0708125 0.068927 0.0654541 0.0609011 0.0557082 0.0502306 0.044732 0.0393885 0.0342967 0.0294798 0.0249022 0.0205079 0.0162788 0.0122858 0.00869114
 0.00744827 0.0122018 0.0185539 0.0265015 0.0358027 0.0458188 0.055489 0.0635963 0.0692072 0.0719616 0.0720372 0.0699095 0.0661346 0.0612418 0.0556932 0.0498625 0.044027 0.0383725 0.0330055 0.0279653 0.0232417 0.0188078 0.0146653 0.0108794 0.00757553
 0.00751502 0.012319 0.0187469 0.0268002 0.0362368 0.0464086 0.0562361 0.0644793 0.0701834 0.0729742 0.073022 0.0708005 0.0668686 0.0617626 0.0559564 0.0498397 0.0437071 0.0377621 0.0321294 0.0268686 0.021994 0.0175027 0.013411 0.00977806 0.00669814
 0.00759069 0.0124316 0.0188977 0.0269865 0.036456 0.0466645 0.0565417 0.0648529 0.0706405 0.0735169 0.073633 0.0714428 0.0674908 0.062306 0.0563632 0.0500591 0.0437012 0.0375111 0.0316353 0.0261594 0.0211247 0.0165528 0.0124739 0.00894206 0.00602555
 0.00766285 0.0125449 0.0190601 0.0272011 0.0367186 0.0469622 0.056853 0.0651536 0.0709133 0.073761 0.0738644 0.0716842 0.0677556 0.062587 0.0566292 0.0502627 0.0437908 0.0374428 0.0313842 0.025727 0.0205427 0.0158806 0.0117874 0.00831604 0.00551485
 0.0077207 0.0126327 0.0191806 0.027353 0.0368972 0.0471604 0.0570618 0.0653618 0.0711079 0.0739304 0.0740033 0.0717974 0.067857 0.0626924 0.0567459 0.0503802 0.0438793 0.0374615 0.0312944 0.025507 0.020198 0.0154457 0.0113174 0.00787129 0.00514294
 0.0077708 0.0127099 0.0192889 0.0274924 0.0370637 0.0473453 0.0572523 0.0655422 0.0712634 0.074051 0.074086 0.0718461 0.0678806 0.0627027 0.0567542 0.0503923 0.0438903 0.0374531 0.0312396 0.0253804 0.0199891 0.0151666 0.0110013 0.00756106 0.00487642
 0.00782959 0.0127999 0.0194138 0.0276514 0.0372516 0.0475526 0.0574653 0.0657437 0.0714353 0.0741781 0.0741598 0.0718663 0.0678545 0.0626429 0.0566752 0.0503071 0.0438064 0.0373689 0.0311442 0.025258 0.0198276 0.0149661 0.0107775 0.00733999 0.004684
 0.00785551 0.012841 0.0194736 0.0277321 0.0373532 0.0476722 0.057596 0.0658755 0.0715566 0.0742789 0.0742332 0.0719095 0.0678678 0.0626291 0.0566396 0.0502565 0.0437471 0.0373042 0.031072 0.0251719 0.0197203 0.0148359 0.0106315 0.00719327 0.00455368
 0.00787876 0.0128735 0.0195129 0.0277731 0.0373901 0.0477012 0.0576178 0.0658944 0.0715786 0.0743081 0.0742703 0.0719514 0.0679093 0.0626646 0.0566646 0.0502686 0.0437457 0.0372899 0.0310447 0.0251298 0.0196611 0.0147593 0.0105422 0.00710073 0.00446922
 0.00790704 0.0129164 0.0195712 0.0278449 0.0374701 0.0477814 0.0576878 0.0659443 0.0716019 0.074305 0.0742481 0.0719211 0.0678811 0.0626438 0.056651 0.0502584 0.0437342 0.037273 0.0310198 0.0250949 0.0196153 0.0147031 0.0104789 0.00703638 0.0044109
 0.00789441 0.0128973 0.0195453 0.0278128 0.0374335 0.0477427 0.0576498 0.0659098 0.0715733 0.0742843 0.074237 0.0719216 0.0678957 0.0626744 0.0566974 0.0503168 0.0437978 0.0373336 0.0310698 0.0251289 0.0196306 0.0147002 0.0104613 0.00700981 0.00438203
 0.00790838 0.0129108 0.0195488 0.0277927 0.0373765 0.0476424 0.0575125 0.0657538 0.0714237 0.0741642 0.074161 0.0718948 0.0679148 0.0627318 0.0567836 0.0504223 0.0439128 0.0374484 0.0311748 0.0252163 0.0196954 0.014741 0.0104805 0.00701297 0.00437575
 0.00790372 0.0129042 0.0195402 0.0277812 0.0373587 0.0476116 0.0574586 0.0656679 0.0713037 0.07402 0.0740145 0.0717728 0.0678398 0.062715 0.0568233 0.0505072 0.0440272 0.0375761 0.0313013 0.02533 0.0197882 0.014809 0.0105243 0.00703651 0.00438514
 0.00787579 0.0128568 0.0194655 0.0276717 0.0372104 0.0474274 0.0572509 0.0654567 0.0711109 0.0738627 0.0739022 0.0717097 0.0678286 0.0627583 0.0569216 0.0506553 0.044213 0.0377819 0.0315081 0.0255206 0.0199499 0.0149352 0.0106142 0.00709446 0.00441839
 0.00786406 0.0128354 0.0194289 0.0276129 0.0371224 0.0473051 0.0570945 0.0652734 0.0709152 0.0736744 0.0737421 0.0715951 0.06777 0.0627589 0.0569791 0.0507636 0.0443628 0.0379606 0.0316998 0.0257081 0.0201178 0.0150729 0.0107173 0.00716449 0.00446132
 0.00787053 0.0128417 0.0194305 0.0276027 0.0370918 0.0472471 0.0570052 0.0651539 0.0707714 0.0735166 0.0735841 0.0714531 0.0676602 0.0626945 0.0569675 0.0508057 0.0444532 0.0380888 0.0318519 0.0258681 0.02027 0.0152045 0.0108205 0.00723791 0.0045084
 0.00783039 0.0127827 0.0193532 0.027511 0.0369916 0.047143 0.0568993 0.0650462 0.0706619 0.0734077 0.0734818 0.0713659 0.0675979 0.0626662 0.05698 0.050862 0.0445516 0.0382226 0.0320098 0.0260355 0.0204317 0.0153471 0.0109353 0.0073218 0.00456389
 0.00778997 0.0127134 0.0192429 0.0273482 0.03677 0.0468683 0.056593 0.0647435 0.0704015 0.0732193 0.0733784 0.0713441 0.067645 0.0627676 0.0571234 0.0510385 0.0447541 0.0384436 0.0322395 0.0262619 0.0206416 0.0155286 0.0110804 0.0074282 0.00463496
 0.0077807 0.012692 0.0191987 0.0272671 0.036637 0.046673 0.0563357 0.0644385 0.0700774 0.072914 0.0731308 0.0711852 0.0675898 0.0628133 0.0572536 0.0512305 0.0449857 0.038696 0.0324973 0.0265116 0.0208704 0.0157255 0.0112381 0.00754463 0.0047135
 0.00773739 0.0126265 0.019109 0.0271534 0.0365003 0.0465132 0.056151 0.0642276 0.0698435 0.0726685 0.0728954 0.0709885 0.0674613 0.0627744 0.057312 0.051378 0.0452022 0.0389558 0.0327747 0.0267844 0.0211209 0.0159406 0.0114101 0.00767171 0.00479958
 0.00931838 0.014836 0.0217683 0.0298747 0.0388008 0.0479955 0.0566454 0.0638158 0.0687708 0.0712186 0.0713006 0.0694028 0.0659749 0.0614393 0.0561587 0.0504219 0.0444438 0.0383817 0.0323613 0.0265027 0.0209409 0.0158348 0.0113544 0.00764681 0.0047912
 0.00930531 0.0151067 0.0226901 0.0319021 0.0422765 0.0528824 0.0623576 0.0693152 0.0729372 0.0732926 0.0711343 0.0673975 0.0628051 0.0577653 0.0524656 0.0469966 0.041425 0.0358195 0.0302577 0.0248334 0.0196656 0.0149026 0.0107075 0.00722448 0.00453415
 0.00897746 0.0145915 0.0219694 0.0310271 0.0414205 0.0523758 0.0626468 0.070802 0.0757348 0.0770457 0.0750655 0.070602 0.064628 0.058028 0.0514327 0.0451612 0.0392787 0.0337207 0.0284085 0.0233161 0.0184898 0.0140389 0.0101081 0.00683379 0.00429692
 0.00881083 0.0143111 0.0215305 0.0303856 0.04055 0.0512995 0.0614785 0.0697726 0.0751736 0.0772887 0.0763024 0.0727335 0.067235 0.0605077 0.0532425 0.0460266 0.0392473 0.0330613 0.0274505 0.022327 0.0176293 0.0133709 0.00963374 0.00652289 0.00410864
 0.00874413 0.0141981 0.0213509 0.0301151 0.0401625 0.0507733 0.0608074 0.0689829 0.0743432 0.0765616 0.0758793 0.0728202 0.0679503 0.0617932 0.0548406 0.0475646 0.0403903 0.0336426 0.0275043 0.0220233 0.0171702 0.0129135 0.00926265 0.00626153 0.00394446
 0.00870433 0.0141315 0.0212471 0.0299621 0.0399485 0.0504885 0.0604466 0.0685481 0.0738467 0.0760325 0.0753743 0.0724323 0.0677994 0.0619875 0.0554179 0.0484456 0.0413866 0.0345272 0.0281074 0.022293 0.0171668 0.0127533 0.00905676 0.00608055 0.0038155
 0.0087016 0.0141241 0.0212301 0.0299284 0.0398895 0.0503953 0.0603119 0.068367 0.0736171 0.0757565 0.0750624 0.0721096 0.0675124 0.0618044 0.0554117 0.0486617 0.0418084 0.0350667 0.0286348 0.0226928 0.0173847 0.0128059 0.00900439 0.00598895 0.00372965
 0.00870232 0.0141256 0.0212326 0.0299318 0.0398922 0.0503933 0.0602984 0.0683324 0.0735516 0.0756523 0.0749163 0.0719257 0.0673053 0.0616023 0.0552566 0.0486007 0.0418751 0.0352598 0.02891 0.0229776 0.0176107 0.0129374 0.00904646 0.00597288 0.00369076
 0.00869591 0.014117 0.0212231 0.0299238 0.0398882 0.0503953 0.0603061 0.0683426 0.0735581 0.0756466 0.0748888 0.0718686 0.0672159 0.0614866 0.0551317 0.0484941 0.0418181 0.0352752 0.0289991 0.0231157 0.0177572 0.0130545 0.00911525 0.00599662 0.00368601
 0.0086664 0.0140718 0.0211604 0.0298443 0.0397957 0.0502966 0.0602109 0.0682626 0.0735037 0.0756233 0.0748951 0.0718957 0.0672507 0.0615165 0.0551497 0.0485024 0.0418286 0.0353042 0.0290587 0.0232058 0.0178633 0.0131548 0.00919159 0.00604216 0.0037053
 0.00865814 0.0140569 0.0211354 0.0298053 0.0397398 0.0502237 0.0601254 0.0681733 0.0734222 0.0755609 0.0748595 0.0718894 0.06727 0.0615529 0.0551929 0.0485443 0.0418663 0.0353415 0.0291029 0.0232619 0.0179297 0.013223 0.00925057 0.00608438 0.00372967
 0.00864228 0.0140329 0.0211025 0.0297637 0.0396903 0.0501668 0.0600617 0.0681043 0.0733512 0.0754938 0.0748044 0.0718545 0.0672609 0.0615707 0.0552333 0.0485994 0.0419279 0.0354037 0.0291639 0.0233225 0.01799 0.0132805 0.00930074 0.00612291 0.00375507
 0.00864488 0.0140341 0.0210988 0.0297503 0.0396625 0.0501227 0.0600034 0.0680377 0.0732838 0.0754323 0.0747531 0.071816 0.0672376 0.0615648 0.0552463 0.0486303 0.0419729 0.0354575 0.0292212 0.0233795 0.0180442 0.0133298 0.00934285 0.00615574 0.00377787
 0.00863707 0.0140242 0.021089 0.0297436 0.0396614 0.0501267 0.0600084 0.0680367 0.0732703 0.0754039 0.0747126 0.0717701 0.0671942 0.0615305 0.0552254 0.0486249 0.041983 0.0354809 0.0292543 0.023418 0.018084 0.0133674 0.00937547 0.00618163 0.00379639
 0.00862404 0.0140031 0.0210577 0.0297008 0.0396078 0.0500661 0.0599477 0.0679847 0.0732344 0.0753865 0.0747109 0.0717781 0.0672066 0.0615448 0.0552424 0.0486468 0.0420117 0.0355169 0.0292962 0.0234629 0.0181284 0.0134081 0.0094099 0.00620833 0.00381526
 0.00862404 0.0140031 0.0210577 0.0297008 0.0396078 0.0500661 0.0599477 0.0679847 0.0732344 0.0753865 0.0747109 0.0717781 0.0672066 0.0615448 0.0552424 0.0486468 0.0420117 0.0355169 0.0292962 0.0234629 0.0181284 0.0134081 0.0094099 0.00620833 0.00381526
 0.00854845 0.0138841 0.0208864 0.0294727 0.0393252 0.049741 0.0596041 0.0676576 0.0729636 0.0752069 0.0746434 0.0718249 0.0673527 0.0617638 0.055504 0.0489239 0.0422835 0.0357698 0.0295222 0.0236575 0.0182896 0.0135355 0.0095052 0.00627516 0.00385874
 0.00882536 0.0143105 0.0214819 0.030235 0.0402254 0.0507206 0.0605741 0.0685065 0.0735802 0.0755097 0.0746033 0.07147 0.0667536 0.0610115 0.0546878 0.0481169 0.0415374 0.0351153 0.0289737 0.0232177 0.017953 0.0132909 0.00933752 0.00616755 0.0037946
 0.00891802 0.0144901 0.0218037 0.0307634 0.041012 0.051772 0.0618262 0.0698243 0.0747876 0.0764384 0.0751344 0.0715544 0.0664122 0.0603203 0.0537562 0.0470637 0.0404701 0.034117 0.0280983 0.0224924 0.0173837 0.0128682 0.00904193 0.00597421 0.00367716
 0.00868964 0.0141381 0.0213139 0.0301459 0.0403108 0.0510724 0.061252 0.0695134 0.0748471 0.0768959 0.0759166 0.0725091 0.0673607 0.0611132 0.0543079 0.0473585 0.0405458 0.0340399 0.0279383 0.0223073 0.0172116 0.0127287 0.00894026 0.00590675 0.00363629
 0.00816637 0.0132778 0.0200069 0.0282995 0.0378883 0.0481456 0.0580444 0.0663948 0.07226 0.075238 0.0754319 0.0732292 0.0691117 0.0635757 0.0571065 0.050151 0.0430843 0.0361901 0.0296635 0.0236337 0.0181952 0.0134322 0.00942299 0.00622143 0.00382896
 0.00833561 0.0134929 0.0202158 0.0284066 0.0377673 0.0476691 0.0571203 0.0650038 0.0704846 0.0732745 0.0735677 0.0717803 0.0683336 0.0635849 0.0578494 0.0514318 0.0446376 0.0377622 0.0310707 0.0247812 0.0190642 0.0140509 0.00983974 0.00648701 0.00398826
 0.00864372 0.0140128 0.0210267 0.0295753 0.0393094 0.0494997 0.0590211 0.066643 0.0715036 0.0734084 0.0727428 0.0701439 0.0662086 0.0613717 0.0559101 0.0499987 0.0437743 0.0373874 0.0310243 0.0248981 0.0192223 0.0141856 0.00993143 0.00654065 0.00401624
 0.00858472 0.0139536 0.0210082 0.0296649 0.0395917 0.0500537 0.0598887 0.0677967 0.0728222 0.0746782 0.0736985 0.0705475 0.0659398 0.0604825 0.0546127 0.0485878 0.0425229 0.0364647 0.0304684 0.0246445 0.0191614 0.0142151 0.00998375 0.00658427 0.00404367
 0.00867161 0.0140807 0.0211748 0.0298665 0.0398283 0.0503403 0.0602605 0.0682998 0.0734903 0.0755005 0.0745949 0.0713676 0.0664962 0.0606132 0.0542491 0.0477915 0.0414679 0.0353705 0.0295204 0.0239411 0.0187093 0.0139614 0.00985771 0.00652728 0.00401888
 0.00836873 0.0136136 0.0205203 0.0290237 0.0388228 0.0492286 0.059136 0.067292 0.0727503 0.0751694 0.0747639 0.072042 0.0675779 0.0619142 0.0555397 0.0488711 0.042227 0.0358134 0.0297365 0.0240463 0.0187917 0.0140585 0.00996652 0.00662859 0.00409745
 0.00822566 0.0133529 0.0200781 0.028329 0.0378213 0.0479177 0.0575925 0.0656741 0.0712641 0.0740188 0.0741069 0.0719664 0.0680906 0.0629385 0.0569219 0.0504065 0.0437083 0.0370843 0.0307264 0.0247667 0.0193018 0.0144236 0.010233 0.00682126 0.00422966
 0.00852832 0.013824 0.0207432 0.0291849 0.0388214 0.0489597 0.0585178 0.0662946 0.0714202 0.073644 0.0732629 0.0708265 0.0668816 0.0618712 0.056136 0.049945 0.0435239 0.0370748 0.0307824 0.0248126 0.0193104 0.0144038 0.0102062 0.00680241 0.00422224
 0.00856338 0.0139149 0.0209418 0.0295574 0.0394281 0.0498222 0.0595891 0.0674495 0.0724759 0.0744048 0.0735751 0.0706253 0.0662138 0.0608831 0.0550274 0.0489065 0.0426837 0.0364757 0.0303953 0.0245726 0.0191544 0.0142919 0.010122 0.00674225 0.00418403
