SBPRF35
7.78865
Curr Bio
609104
B35
673140
F35
0.229875
FOFL
0.215684
OFL
102328
Bzero
2.22533e+006
#pred survey bio
 3.50889e+006 3.13949e+006 2.80215e+006 2.46898e+006 2.18079e+006 1.91614e+006 1.658e+006 1.4751e+006 1.28744e+006 1.15134e+006 1.03985e+006 920615 833074 745146 702761 667731 645854 631708 613944 596647 574541 567312 545308 549201 560447 561366 563308 560140 560873 563910 558567 531611 512987 503203 505103 509666 515611 522895 524755 532833 539076 549410 562159 575531 585064 606466 2.20759e+007 1.34859e+007 1.38075e+007 1.43121e+007 1.48998e+007 1.54644e+007 1.59521e+007 1.63469e+007 1.66533e+007 1.68847e+007 1.70565e+007 1.7183e+007 1.72756e+007 1.73435e+007 1.73934e+007 1.74302e+007 1.74575e+007 1.74778e+007 1.74931e+007 1.75046e+007 1.75133e+007 1.75199e+007 1.75249e+007 1.75288e+007 1.75317e+007 1.7534e+007 1.75357e+007 1.7537e+007 1.75381e+007 1.75389e+007 1.75395e+007 1.754e+007 1.75403e+007 1.75406e+007 1.75408e+007 1.7541e+007 1.75411e+007 1.75412e+007 1.75413e+007 1.75414e+007 1.75414e+007 1.75414e+007 1.75415e+007 1.75415e+007 1.75415e+007 1.75415e+007 1.75415e+007 1.75415e+007 1.75416e+007 1.75416e+007 1.75416e+007 1.75416e+007 1.75416e+007 1.75416e+007 1.75416e+007 1.75416e+007 1.75416e+007 1.75416e+007 1.75416e+007 1.75416e+007 1.75416e+007 1.75416e+007 1.75416e+007 1.75416e+007 1.75416e+007 1.75416e+007 1.75416e+007 1.75416e+007 1.75416e+007 1.75416e+007 1.75416e+007 1.75416e+007 1.75416e+007 1.75416e+007 1.75416e+007 1.75416e+007 1.75416e+007 1.75416e+007 1.75416e+007 1.75416e+007 1.75416e+007 1.75416e+007 1.75416e+007 1.75416e+007 1.75416e+007 1.75416e+007 1.75416e+007 1.75416e+007 1.75416e+007 1.75416e+007 1.75416e+007 1.75416e+007 1.75416e+007 1.75416e+007 1.75416e+007 1.75416e+007 1.75416e+007 1.75416e+007 1.75416e+007 1.75416e+007 0 0 0 0 0 0 0 0 0 0 0 0 0 0 0 0 0 0 0 0 0 0 0 0 0
#obs survey bio
 2.77946e+006 2.80153e+006 2.38434e+006 1.72558e+006 2.49782e+006 1.55567e+006 1.25132e+006 936228 1.02576e+006 1.52515e+006 1.32451e+006 790178 804233 696340 656118 435374 728704 648491 554079 579962 573968 661095 411718 427794 682785 511758 581359 470717 721721 493202 746644 683140 480126 614933 306249 609679 700878 572658 499563 526988 454774 579424 603278 446551 528040 435168
#pred catch bio
 256141 263830 297995 291886 301236 321110 273645 291128 252192 231485 235258 203705 199067 155333 145887 132143 123340 124551 122509 124350 109564 119983 97201 91733.1 100491 98503.6 100688 94515.9 89253.1 92018.7 104662 93747.3 87629.1 82138.4 83960.4 85107.7 85315 90957.5 86847.8 89808 88165.1 88255 89965.7 96005.6 90191.3 92154.5 102328 109700 111239 114091 117965 121826 125114 127681 129574 130916 131839 132459 132869 133136 133308 133418 133487 133531 133559 133576 133587 133594 133598 133601 133602 133603 133604 133604 133604 133604 133605 133605 133605 133605 133605 133605 133605 133605 133605 133605 133605 133605 133605 133605 133605 133605 133605 133605 133605 133605 133605 133605 133605 133605 133605 133605 133605 133605 133605 133605 133605 133605 133605 133605 133605 133605 133605 133605 133605 133605 133605 133605 133605 133605 133605 133605 133605 133605 133605 133605 133605 133605 133605 133605 133605 133605 133605 133605 133605 133605 133605 133605 133605 133605 133605 133605 133605 133605 133605 133605 0 0 0 0 0 0 0 0 0 0 0 0 0 0 0 0 0 0 0 0 0 0 0 0 0
#obs catch bio
 234028 264347 300104 294204 304458 328420 279878 300883 261231 237112 239588 206359 201726 156706 146910 133684 124296 124996 123776 125634 110562 120944 98109.1 92551 101454 99681.9 101765 95323.4 89612.9 92157.3 104561 93081.1 86859 81210.9 83675.9 84685.9 84805.1 90465.2 86612.6 89535.2 88023.2 88195.7 89658.1 95891.8 89835.9 92136.4
#pred cpue bio
 3.43605e+006 3.06833e+006 2.73246e+006 2.40052e+006 2.11372e+006 1.85045e+006 1.59428e+006 1.41276e+006 1.22776e+006 1.09449e+006 986440 871008 786220 701405 660859 627347 606463 593196 576185 559508 538433 531840 510854 514509 525393 526521 528851 526506 528076 532055 528139 503222 485146 474117 474304 478006 483736 490830 492469 500036 505818 515415 527405 539989 548525 568145 2.06876e+007 1.26508e+007 1.29286e+007 1.33631e+007 1.39218e+007 1.44792e+007 1.49654e+007 1.53599e+007 1.56663e+007 1.58977e+007 1.60695e+007 1.6196e+007 1.62886e+007 1.63565e+007 1.64064e+007 1.64432e+007 1.64705e+007 1.64908e+007 1.65061e+007 1.65176e+007 1.65263e+007 1.65329e+007 1.65379e+007 1.65418e+007 1.65447e+007 1.6547e+007 1.65487e+007 1.655e+007 1.65511e+007 1.65519e+007 1.65525e+007 1.6553e+007 1.65533e+007 1.65536e+007 1.65538e+007 1.6554e+007 1.65541e+007 1.65542e+007 1.65543e+007 1.65544e+007 1.65544e+007 1.65544e+007 1.65545e+007 1.65545e+007 1.65545e+007 1.65545e+007 1.65545e+007 1.65545e+007 1.65546e+007 1.65546e+007 1.65546e+007 1.65546e+007 1.65546e+007 1.65546e+007 1.65546e+007 1.65546e+007 1.65546e+007 1.65546e+007 1.65546e+007 1.65546e+007 1.65546e+007 1.65546e+007 1.65546e+007 1.65546e+007 1.65546e+007 1.65546e+007 1.65546e+007 1.65546e+007 1.65546e+007 1.65546e+007 1.65546e+007 1.65546e+007 1.65546e+007 1.65546e+007 1.65546e+007 1.65546e+007 1.65546e+007 1.65546e+007 1.65546e+007 1.65546e+007 1.65546e+007 1.65546e+007 1.65546e+007 1.65546e+007 1.65546e+007 1.65546e+007 1.65546e+007 1.65546e+007 1.65546e+007 1.65546e+007 1.65546e+007 1.65546e+007 1.65546e+007 1.65546e+007 1.65546e+007 1.65546e+007 1.65546e+007 1.65546e+007 1.65546e+007 1.65546e+007 0 0 0 0 0 0 0 0 0 0 0 0 0 0 0 0 0 0 0 0 0 0 0 0 0
#obs cpue bio
 2.04312e+006 2.73595e+006 2.17171e+006 2.53115e+006 1.41457e+006 992488 1.10918e+006 1.27288e+006 696644 1.12794e+006 1.04766e+006 926477 798489 618909 755024 579412 570124 733501 360839 554011 394757 583006 386995 551584 438020 377018 526203 586658 499158 718988 585496 578996 696225 536118 474041 485849 402340 501943 407162 581735 533078 463910 621625 654300 697266 609322
#pred surv len freq
 0.00525851 0.00845521 0.012576 0.0175647 0.0233025 0.0295438 0.0358659 0.0417414 0.0467147 0.0505442 0.0532172 0.0548721 0.0557145 0.0559585 0.0557836 0.0553081 0.0545848 0.0536085 0.0523044 0.0504888 0.0478408 0.0439669 0.0386 0.0318525 0.0243326
 0.00572314 0.00914078 0.0134847 0.0186711 0.0245836 0.0310144 0.0375868 0.0437777 0.0490594 0.0530536 0.0556076 0.056793 0.0568654 0.0561878 0.0551244 0.0539436 0.0527675 0.0515698 0.0501916 0.0483524 0.0456751 0.0417786 0.0364597 0.0298927 0.0226957
 0.00599446 0.00961319 0.0142494 0.0198218 0.0261839 0.0330565 0.0399672 0.0463197 0.0515781 0.0554178 0.0577468 0.0586437 0.0583089 0.0570433 0.0552128 0.0531757 0.0511941 0.0493623 0.0475726 0.0455245 0.0427923 0.038963 0.0338344 0.0275909 0.0208327
 0.00636478 0.0101859 0.0150615 0.020901 0.0275592 0.0347655 0.0420441 0.0487609 0.0543016 0.0582486 0.0604462 0.0609726 0.0600828 0.0581439 0.0555629 0.0527182 0.0499054 0.0472883 0.0448479 0.0423562 0.0394207 0.0356273 0.0307527 0.0249437 0.0187381
 0.00673426 0.0107741 0.0159228 0.0220761 0.0290672 0.0365942 0.0441435 0.0510484 0.056681 0.0606264 0.0627297 0.0630518 0.0618184 0.0593799 0.0561559 0.0525631 0.0489476 0.0455313 0.0423662 0.039306 0.0360338 0.0321823 0.0275296 0.022174 0.0165623
 0.00703982 0.0112743 0.0166826 0.0231593 0.0305261 0.0384501 0.0463649 0.0535394 0.0592908 0.063178 0.0650547 0.0650163 0.0633291 0.060371 0.0565697 0.0523391 0.0480299 0.0438913 0.0400311 0.0363839 0.0327228 0.0287537 0.0242814 0.0193654 0.0143554
 0.00740736 0.0118578 0.0175364 0.0243289 0.0320453 0.0403339 0.0485954 0.0560507 0.0619618 0.0658399 0.0675121 0.0670778 0.0648406 0.0612377 0.056756 0.0518482 0.0468789 0.0421007 0.037639 0.0334764 0.0294622 0.0253801 0.0210765 0.0165866 0.0121698
 0.00756202 0.0121241 0.0179651 0.0249785 0.0329716 0.0415733 0.0501478 0.0578721 0.0639706 0.0679292 0.0695593 0.06895 0.0664011 0.0623589 0.0573375 0.0518289 0.0462385 0.0408521 0.0358251 0.0311801 0.0268232 0.022601 0.0183995 0.0142405 0.0103099
 0.00763295 0.0122704 0.0182441 0.0254662 0.0337494 0.0427037 0.0516484 0.0596994 0.0660212 0.0700561 0.0715964 0.0707384 0.0678098 0.0632956 0.057747 0.0516864 0.0455423 0.0396224 0.0341076 0.0290556 0.0244194 0.0200952 0.0159998 0.0121432 0.00864896
 0.00768341 0.0123425 0.0183375 0.0255828 0.0339049 0.0429394 0.0520344 0.0603192 0.066939 0.0712802 0.07306 0.0723079 0.0693165 0.0645748 0.0586663 0.0521585 0.0455236 0.0391067 0.0331229 0.0276673 0.022736 0.0182682 0.0142059 0.0105495 0.00737254
 0.00783246 0.0125657 0.0186371 0.0259469 0.0343097 0.043356 0.0524374 0.0606982 0.0673085 0.0716827 0.0735513 0.0729272 0.0700558 0.0653662 0.059396 0.0526981 0.0457633 0.0389763 0.0326012 0.0267836 0.0215698 0.0169417 0.0128663 0.00933799 0.00639068
 0.0080613 0.0129351 0.0191865 0.026707 0.0352904 0.0445314 0.0537325 0.0619914 0.0684569 0.0725621 0.0740934 0.0731354 0.0699936 0.065123 0.0590471 0.0522765 0.0452552 0.03834 0.031796 0.0257971 0.0204333 0.0157305 0.0116842 0.00828947 0.00555073
 0.00812798 0.013053 0.0193826 0.0270147 0.0357454 0.045161 0.0545431 0.062955 0.0695052 0.0735908 0.0749809 0.0737728 0.0703168 0.0651301 0.0587911 0.0518357 0.044698 0.0377021 0.031082 0.0250005 0.0195617 0.0148214 0.0108018 0.00750567 0.00492065
 0.00834903 0.0133876 0.019841 0.0275927 0.0364296 0.0459365 0.0553953 0.0638653 0.0704413 0.0744993 0.0757862 0.0743863 0.070656 0.0651424 0.0584722 0.0512321 0.0438908 0.0367792 0.0301139 0.0240319 0.0186201 0.0139329 0.00999988 0.00682685 0.00439135
 0.00851144 0.0136178 0.0201246 0.0278945 0.0367034 0.0461419 0.0555137 0.0639079 0.0704479 0.0745274 0.0758918 0.0746011 0.0709683 0.0654953 0.0587818 0.0514182 0.0439043 0.0366133 0.0297956 0.0236051 0.0181318 0.0134272 0.00951768 0.00640426 0.00405369
 0.00854878 0.013696 0.0202724 0.0281437 0.0370739 0.0466219 0.056048 0.0644068 0.0708188 0.0747139 0.0758971 0.074482 0.0708055 0.0653556 0.0586922 0.0513616 0.0438356 0.0364858 0.0295825 0.0233076 0.0177739 0.0130453 0.00914996 0.00608265 0.00379846
 0.00858351 0.0137363 0.0203051 0.0281519 0.0370477 0.0465714 0.0560079 0.0644234 0.070924 0.0749015 0.0761221 0.0746847 0.0709448 0.065428 0.0587235 0.0513821 0.0438572 0.0364957 0.0295549 0.0232215 0.0176261 0.0128518 0.00893883 0.00588331 0.00363277
 0.00871036 0.0139153 0.0205233 0.0283775 0.037236 0.0466779 0.0560017 0.0642998 0.0707099 0.0746517 0.0759016 0.0745438 0.0709001 0.0654615 0.0588005 0.0514718 0.0439412 0.036564 0.0295974 0.0232268 0.0175868 0.012771 0.00883093 0.00576881 0.00353039
 0.00871119 0.0139429 0.0206114 0.0285685 0.037564 0.0471438 0.0565563 0.0648484 0.0711422 0.0748829 0.0759027 0.0743467 0.070577 0.0650937 0.0584503 0.0511712 0.0436961 0.0363657 0.0294328 0.023083 0.0174536 0.0126434 0.00871005 0.00566056 0.0034416
 0.00867055 0.0138828 0.0205342 0.028486 0.037501 0.0471392 0.0566567 0.0650907 0.0715292 0.075366 0.0763879 0.0747272 0.0707763 0.0650932 0.0582879 0.0509146 0.0434118 0.0360989 0.0292034 0.022893 0.0172966 0.0125118 0.00859952 0.00556996 0.00337139
 0.00869848 0.0139246 0.0205906 0.0285554 0.0375809 0.0472287 0.0567589 0.0652152 0.0716907 0.0755778 0.0766491 0.0750115 0.0710312 0.0652566 0.0583142 0.0507954 0.0431779 0.0358033 0.0288991 0.0226169 0.017066 0.0123294 0.00846059 0.00546793 0.00329983
 0.00875538 0.0139915 0.0206441 0.0285591 0.0374959 0.0470308 0.0564537 0.0648416 0.0713122 0.0752656 0.0764655 0.0749948 0.0711854 0.0655472 0.0586763 0.0511537 0.0434711 0.0360011 0.0290038 0.0226515 0.0170584 0.0123022 0.00842789 0.00543711 0.00327432
 0.00898365 0.0143444 0.0211391 0.0291941 0.0382434 0.0478325 0.0572206 0.0654656 0.0716944 0.0753489 0.0762555 0.0745551 0.0706128 0.064939 0.0581046 0.0506537 0.0430451 0.0356338 0.0286788 0.0223616 0.0168065 0.0120948 0.00826863 0.00532376 0.00319972
 0.00892519 0.01426 0.0210322 0.029076 0.0381314 0.0477461 0.0571756 0.0654691 0.0717398 0.0754163 0.0763177 0.0745906 0.070617 0.0649273 0.0581029 0.0506838 0.0431127 0.0357263 0.0287737 0.0224382 0.0168541 0.0121144 0.00826846 0.0053138 0.0031876
 0.00877375 0.0140279 0.0207099 0.0286659 0.0376493 0.0472218 0.0566535 0.0650048 0.0713911 0.0752284 0.0763099 0.0747512 0.0709093 0.0653028 0.058517 0.0511043 0.0435197 0.0361062 0.0291132 0.0227242 0.0170775 0.0122739 0.00837177 0.00537398 0.00321891
 0.00861008 0.0137892 0.0204013 0.0283095 0.0372778 0.0468675 0.0563407 0.0647494 0.0712039 0.0751193 0.0762883 0.0748227 0.0710706 0.0655396 0.0588055 0.051417 0.0438323 0.0364009 0.0293784 0.0229516 0.0172614 0.012412 0.00846667 0.00543292 0.00325167
 0.00844029 0.0135224 0.0200185 0.0278033 0.0366584 0.046169 0.0556243 0.0640963 0.0706966 0.0748176 0.0762145 0.074963 0.0713878 0.0659872 0.0593365 0.0519871 0.0444016 0.0369359 0.0298543 0.0233532 0.0175823 0.0126535 0.00863626 0.00554302 0.00331714
 0.00828086 0.0132794 0.0196825 0.0273756 0.0361486 0.0455933 0.0550066 0.0634725 0.0701175 0.0743454 0.0759107 0.0748716 0.0715216 0.0663245 0.059829 0.0525746 0.0450248 0.0375448 0.0304111 0.0238326 0.0179713 0.01295 0.00884728 0.00568234 0.00340178
 0.008096 0.0129878 0.0192614 0.0268115 0.0354427 0.044767 0.0541064 0.0625692 0.0692949 0.0736841 0.0754745 0.074701 0.071632 0.0667046 0.0604397 0.0533528 0.0458929 0.0384246 0.0312354 0.0245535 0.0185618 0.0134029 0.00917156 0.00589785 0.00353388
 0.00777556 0.0125041 0.0186023 0.0259895 0.0344891 0.0437238 0.0530226 0.0615037 0.0683196 0.0728801 0.074921 0.0744601 0.0717352 0.0671461 0.061178 0.0543175 0.0469958 0.0395709 0.0323365 0.0255379 0.0193828 0.0140415 0.00963361 0.00620749 0.00372509
 0.00760832 0.0122253 0.0181716 0.0253694 0.0336584 0.0426952 0.0518562 0.0603032 0.0672077 0.0719663 0.0742801 0.0741294 0.071725 0.0674486 0.0617685 0.0551518 0.0480081 0.0406786 0.0334503 0.0265746 0.0202782 0.0147585 0.0101646 0.00656998 0.00395218
 0.00837043 0.0133002 0.019484 0.0267421 0.0348565 0.0435016 0.0521365 0.0600308 0.0664504 0.0708543 0.0729719 0.0727825 0.0704731 0.0663892 0.0609618 0.054625 0.0477594 0.0406784 0.0336441 0.0268914 0.0206435 0.0151089 0.010458 0.00678833 0.00409776
 0.00913859 0.0144968 0.0211781 0.0289377 0.0374637 0.0463094 0.0548081 0.0621525 0.0676448 0.0709108 0.0719208 0.0708694 0.0680571 0.0638281 0.0585369 0.0525158 0.0460542 0.0393966 0.0327566 0.0263372 0.0203437 0.0149813 0.0104299 0.00680541 0.0041266
 0.00929677 0.0148124 0.0217608 0.0299247 0.0389836 0.0484223 0.0574438 0.0650787 0.0704884 0.0732329 0.073326 0.071117 0.0671326 0.0619426 0.0560499 0.0498219 0.0434844 0.0371686 0.0309725 0.0250083 0.0194221 0.0143881 0.0100772 0.0066131 0.00403097
 0.00906204 0.0144812 0.0213614 0.0295304 0.0387124 0.0484249 0.0578778 0.0660665 0.0720595 0.0752713 0.0755571 0.0731585 0.0686024 0.0625786 0.0557892 0.0488049 0.0419881 0.035506 0.0294051 0.0236995 0.0184348 0.0137089 0.00964989 0.00636732 0.00390215
 0.00888491 0.0141988 0.0209495 0.028978 0.0380343 0.0476776 0.0571721 0.0655628 0.0719368 0.0756734 0.0765322 0.0746182 0.0703198 0.0642384 0.0570793 0.0495149 0.0420703 0.0350717 0.0286623 0.0228691 0.0176845 0.0131264 0.0092513 0.00612414 0.00376927
 0.00887607 0.0141659 0.0208655 0.0288051 0.0377327 0.0472212 0.056566 0.0648576 0.0712322 0.0751082 0.0762579 0.0747563 0.0709123 0.0652135 0.058255 0.0506489 0.0429407 0.035551 0.0287491 0.0226652 0.017336 0.0127635 0.00895403 0.00591909 0.00364693
 0.00891005 0.0142151 0.0209266 0.0288674 0.0377751 0.0472117 0.0564652 0.0646287 0.0708589 0.0746139 0.0757162 0.0742824 0.0706339 0.0652268 0.058583 0.0512224 0.0436162 0.0361624 0.0291705 0.0228514 0.0173224 0.0126318 0.00878771 0.00577433 0.00354589
 0.00893066 0.0142572 0.0210053 0.0290003 0.0379759 0.04748 0.0567773 0.0649352 0.0710934 0.0747106 0.0756324 0.0740186 0.0702424 0.0648028 0.0582347 0.0510302 0.0435998 0.0362747 0.0293239 0.0229616 0.017345 0.0125711 0.00868028 0.00566165 0.00345527
 0.00897661 0.0143145 0.0210604 0.0290328 0.0379676 0.0474269 0.0566973 0.0648626 0.0710613 0.0747313 0.075688 0.0740686 0.0702463 0.0647429 0.0581288 0.0509239 0.0435428 0.0362935 0.0294073 0.0230694 0.0174321 0.0126112 0.00867366 0.00562667 0.00341351
 0.00904224 0.0144181 0.0212095 0.0292287 0.0382016 0.0476769 0.0569278 0.0650336 0.0711433 0.074719 0.0756012 0.0739388 0.0700977 0.0645839 0.0579573 0.0507425 0.0433667 0.0361462 0.0293065 0.0230155 0.0174088 0.012597 0.00865407 0.00559921 0.00338372
 0.0090055 0.0143699 0.0211584 0.0291903 0.038195 0.0477175 0.0570209 0.0651697 0.0712992 0.0748634 0.0757048 0.0739851 0.0700877 0.0645322 0.0578826 0.0506592 0.043284 0.0360711 0.0292464 0.0229751 0.0173871 0.0125867 0.00864672 0.00558965 0.0033717
 0.00904807 0.0144206 0.0212014 0.0292017 0.0381523 0.0476129 0.0568704 0.065011 0.0711765 0.0748086 0.0757249 0.0740623 0.0701909 0.0646315 0.0579594 0.0507084 0.0433099 0.0360821 0.0292503 0.022978 0.0173917 0.0125927 0.0086519 0.00559192 0.00337065
 0.00919679 0.0146374 0.0214802 0.0295179 0.0384656 0.047876 0.0570385 0.0650525 0.0710838 0.0746041 0.0754569 0.0737885 0.0699571 0.0644578 0.0578412 0.0506275 0.043248 0.0360281 0.0292013 0.0229354 0.0173578 0.0125682 0.0086353 0.00558093 0.00336315
 0.00941441 0.014971 0.0219434 0.0301065 0.0391553 0.0486206 0.0577695 0.0656843 0.0715289 0.0747962 0.0753717 0.0734512 0.0694339 0.063835 0.0572005 0.0500284 0.0427224 0.0355857 0.0288395 0.0226479 0.0171372 0.0124065 0.00852318 0.00550792 0.00331866
 0.00907788 0.0145144 0.0214233 0.029631 0.0388528 0.0485905 0.0580413 0.066208 0.0721981 0.0754856 0.0759707 0.0738841 0.0696688 0.063882 0.057102 0.0498423 0.042504 0.0353751 0.0286584 0.0225028 0.0170266 0.0123259 0.00846722 0.00547124 0.00329616
#obs surv len freq
 0.00496873 0.00813662 0.0123726 0.0176893 0.023961 0.0308248 0.0376591 0.0437443 0.0485318 0.0518189 0.0537196 0.0545136 0.0545164 0.0540233 0.0532958 0.0525504 0.0519352 0.051487 0.0510678 0.050308 0.0486247 0.0453866 0.0402161 0.033282 0.0253665
 0.00518329 0.00848955 0.0129111 0.0184595 0.0249979 0.0321376 0.0392165 0.0454712 0.0503214 0.053555 0.0552961 0.0558417 0.0555227 0.0546449 0.0534783 0.0522525 0.0511379 0.0502048 0.0493573 0.048271 0.0464046 0.0431555 0.0381504 0.0315285 0.0240106
 0.00540205 0.00884967 0.0134617 0.0192497 0.0260684 0.0335056 0.0408604 0.0473232 0.0522754 0.0554855 0.0570778 0.0573644 0.0566977 0.0554046 0.0537722 0.0520417 0.050396 0.0489267 0.0475754 0.0460717 0.0439358 0.0406161 0.0357581 0.0294727 0.0224076
 0.00564563 0.00924571 0.0140581 0.0200918 0.0271914 0.034922 0.0425469 0.0492144 0.0542714 0.0574687 0.0589293 0.0589748 0.0579718 0.0562643 0.0541565 0.0519052 0.0497073 0.0476729 0.0457758 0.0437985 0.0413305 0.0378869 0.0331474 0.0272019 0.0206209
 0.00588859 0.00964692 0.0146733 0.0209761 0.0283878 0.0364437 0.0443596 0.0512322 0.0563719 0.0595184 0.0608069 0.0605803 0.0592259 0.0571034 0.0545279 0.0517646 0.0490192 0.0464169 0.043961 0.0414855 0.0386518 0.0350496 0.0304044 0.0247934 0.0187108
 0.00614035 0.0100576 0.0152943 0.021857 0.0295679 0.0379376 0.046142 0.0532301 0.058472 0.061587 0.0627112 0.062205 0.0604815 0.0579264 0.0548754 0.0516057 0.0483289 0.0451782 0.0421786 0.0392097 0.0360031 0.0322254 0.0276542 0.0223613 0.0167693
 0.0063862 0.0104607 0.0159073 0.0227306 0.0307408 0.0394209 0.0479031 0.0551885 0.0605114 0.0635784 0.0645332 0.0637541 0.0616749 0.0587014 0.0551877 0.0514256 0.0476372 0.043965 0.0404523 0.0370174 0.0334543 0.0295029 0.0249937 0.0199982 0.0148742
 0.00662491 0.0108524 0.0165034 0.0235811 0.0318845 0.0408694 0.0496247 0.0571025 0.0624995 0.0655078 0.0662789 0.0652132 0.0627708 0.059382 0.0554202 0.0511902 0.0469222 0.0427668 0.0387834 0.0349242 0.0310383 0.0269312 0.0224825 0.0177656 0.0130803
 0.00683591 0.0112008 0.0170376 0.0243496 0.032926 0.0421978 0.0512132 0.0588779 0.0643524 0.067313 0.0679167 0.0665821 0.0637932 0.0600056 0.0556147 0.050942 0.046228 0.0416312 0.0372248 0.0329891 0.0288202 0.0245805 0.0201924 0.0157309 0.0114445
 0.0070517 0.011553 0.0175704 0.0251048 0.0339352 0.0434691 0.052718 0.0605458 0.0660798 0.0689827 0.0694162 0.067817 0.0646924 0.0605223 0.0557242 0.0506369 0.0455128 0.0405195 0.035742 0.0311843 0.0267811 0.0224414 0.0181228 0.0139002 0.00997642
 0.00727685 0.0119209 0.018127 0.0258928 0.0349843 0.044781 0.0542526 0.0622174 0.0677714 0.0705696 0.0707888 0.0688919 0.0654149 0.060863 0.0556743 0.0502025 0.0447097 0.0393707 0.0342808 0.0294624 0.0248812 0.0204832 0.0162523 0.0122606 0.00866988
 0.00745063 0.0122107 0.0185764 0.0265466 0.0358782 0.0459266 0.0556215 0.0637365 0.0693331 0.0720535 0.0720827 0.0699067 0.0660906 0.0611691 0.0556052 0.0497711 0.0439401 0.0382943 0.0329369 0.0279051 0.0231883 0.0187602 0.0146234 0.0108444 0.00754829
 0.00753821 0.0123558 0.0188007 0.0268742 0.0363338 0.0465306 0.056383 0.064646 0.0703583 0.0731387 0.0731535 0.0708785 0.0668806 0.0617084 0.0558476 0.0496949 0.0435464 0.0376023 0.0319814 0.0267382 0.0218828 0.0174106 0.013337 0.00972129 0.0066571
 0.00759686 0.012443 0.0189174 0.0270182 0.0365031 0.0467291 0.0566233 0.0649489 0.0707465 0.0736276 0.0737412 0.0715387 0.0675618 0.0623397 0.0563512 0.0500014 0.0436064 0.0373934 0.0315102 0.0260396 0.0210183 0.0164638 0.0124033 0.00888902 0.00598813
 0.00766578 0.0125476 0.0190606 0.0271967 0.0367077 0.0469458 0.056836 0.0651442 0.0709203 0.0737905 0.0739177 0.0717572 0.0678393 0.0626692 0.0566963 0.0503031 0.0437978 0.0374173 0.0313335 0.0256621 0.0204748 0.0158182 0.0117354 0.00827626 0.00548675
 0.00770667 0.0126104 0.0191481 0.0273086 0.0368403 0.0470915 0.056984 0.0652813 0.0710344 0.0738761 0.0739798 0.0718128 0.0679127 0.0627818 0.0568556 0.0504932 0.0439791 0.0375361 0.031339 0.0255238 0.0201942 0.0154302 0.0112981 0.00785335 0.00512889
 0.00774731 0.0126704 0.0192271 0.0274023 0.0369416 0.0471928 0.0570785 0.0653636 0.0711005 0.0739235 0.0740088 0.0718276 0.0679228 0.0628009 0.0568973 0.050564 0.0440707 0.0376229 0.0313837 0.025491 0.0200655 0.015214 0.0110275 0.0075738 0.00488169
 0.00783626 0.0128075 0.019419 0.0276487 0.0372338 0.0475129 0.0573991 0.0656506 0.0713204 0.0740524 0.0740383 0.0717659 0.0677901 0.0626239 0.0567042 0.0503791 0.0439098 0.0374881 0.0312624 0.0253616 0.0199084 0.0150224 0.0108125 0.00735923 0.00469332
 0.00783696 0.0128139 0.0194383 0.0276905 0.0373076 0.0476237 0.0575437 0.0658167 0.071489 0.0742026 0.0741524 0.0718328 0.0678065 0.0625948 0.056641 0.0502969 0.043823 0.037406 0.0311861 0.0252836 0.0198176 0.0149118 0.0106848 0.00722702 0.00457293
 0.00786269 0.0128466 0.0194712 0.0277131 0.0373104 0.0476047 0.0575123 0.0657917 0.0714906 0.0742423 0.0742278 0.0719287 0.0679023 0.0626718 0.0566881 0.0503123 0.0438123 0.0373777 0.0311472 0.0252366 0.0197609 0.0148432 0.0106057 0.00714402 0.00449582
 0.00788943 0.0128871 0.0195258 0.0277791 0.0373806 0.0476676 0.0575541 0.0658006 0.0714628 0.0741867 0.0741644 0.0718799 0.067883 0.0626829 0.0567187 0.0503465 0.0438369 0.0373862 0.0311391 0.0252141 0.0197264 0.0147987 0.010554 0.00708993 0.00444541
 0.00791132 0.0129203 0.0195716 0.0278365 0.037447 0.0477383 0.0576219 0.0658563 0.071496 0.0741894 0.0741344 0.0718238 0.0678152 0.0626208 0.0566749 0.0503246 0.0438314 0.0373872 0.0311371 0.0252036 0.0197058 0.0147693 0.0105188 0.00705307 0.00441125
 0.00790606 0.0129115 0.0195579 0.0278167 0.0374206 0.0477061 0.0575869 0.0658226 0.0714684 0.0741709 0.0741254 0.0718227 0.0678195 0.0626301 0.0566913 0.0503509 0.0438684 0.0374315 0.031182 0.0252414 0.0197312 0.0147804 0.0105173 0.00704296 0.00439736
 0.00787787 0.0128646 0.0194857 0.0277132 0.0372825 0.0475363 0.0573966 0.0656315 0.0713004 0.0740482 0.0740628 0.0718245 0.0678802 0.0627371 0.0568291 0.050505 0.0440271 0.0375856 0.0313239 0.0253643 0.0198299 0.0148524 0.0105639 0.00706872 0.00440848
 0.00786803 0.0128428 0.0194421 0.0276354 0.0371587 0.0473605 0.0571739 0.0653795 0.0710464 0.073823 0.0738947 0.0717335 0.0678752 0.0628143 0.0569741 0.0506969 0.0442431 0.0378053 0.031531 0.0255472 0.0199809 0.0149684 0.0106458 0.00712108 0.00443835
 0.00787258 0.0128467 0.0194412 0.0276226 0.0371247 0.0472953 0.0570691 0.0652317 0.0708601 0.0736128 0.073684 0.0715511 0.0677478 0.0627605 0.057 0.0507951 0.0443963 0.0379909 0.0317259 0.0257319 0.0201414 0.0150968 0.0107402 0.00718448 0.00447687
 0.00784585 0.0128066 0.0193868 0.0275549 0.0370457 0.0472067 0.0569713 0.065124 0.0707421 0.0734856 0.0735529 0.0714262 0.0676443 0.0626959 0.0569892 0.050846 0.0445064 0.0381473 0.0319088 0.0259194 0.0203142 0.0152416 0.0108509 0.00726165 0.00452569
 0.00783864 0.0127903 0.0193543 0.0274977 0.0369565 0.0470844 0.0568238 0.0649671 0.0705938 0.0733603 0.0734565 0.0713579 0.0676011 0.0626769 0.056998 0.0508892 0.0445889 0.0382683 0.0320596 0.0260848 0.0204765 0.015385 0.0109656 0.00734471 0.00458006
 0.007802 0.0127333 0.019273 0.0273897 0.0368211 0.0469224 0.0566388 0.0647676 0.0703944 0.0731802 0.073316 0.0712727 0.0675779 0.0627123 0.0570825 0.0510116 0.0447402 0.0384416 0.0322478 0.0262778 0.0206613 0.0155487 0.0110984 0.00744277 0.00464568
 0.00776589 0.0126713 0.0191739 0.0272421 0.0366174 0.0466639 0.05634 0.0644552 0.0701014 0.0729367 0.0731437 0.0711829 0.0675731 0.0627884 0.0572288 0.0512127 0.0449783 0.0386993 0.0325098 0.0265305 0.0208926 0.0157479 0.0112581 0.00756072 0.00472517
 0.00775358 0.0126499 0.019139 0.0271877 0.0365364 0.0465492 0.0561869 0.0642644 0.0698814 0.0727054 0.0729258 0.0710046 0.0674563 0.0627458 0.0572628 0.0513165 0.0451384 0.0388985 0.0327294 0.0267529 0.0211019 0.0159314 0.0114074 0.00767257 0.00480175
 0.00932877 0.0148542 0.0217979 0.0299192 0.0388621 0.0480719 0.0567302 0.0638986 0.0688408 0.0712681 0.0713269 0.0694072 0.0659596 0.0614057 0.0561079 0.0503564 0.0443688 0.0383047 0.0322901 0.0264431 0.0208959 0.0158039 0.0113354 0.00763634 0.00478618
 0.00930561 0.0151078 0.0226931 0.0319086 0.0422889 0.0529035 0.0623898 0.0693593 0.072991 0.0733505 0.0711884 0.0674398 0.06283 0.0577706 0.0524519 0.0469664 0.0413819 0.0357682 0.030204 0.024783 0.0196232 0.0148705 0.0106858 0.00721126 0.00452701
 0.00895183 0.0145519 0.0219139 0.0309558 0.0413361 0.052284 0.062557 0.070726 0.0756846 0.0770308 0.0750887 0.0706592 0.0647091 0.0581202 0.0515233 0.0452408 0.039342 0.0337662 0.0284379 0.0233331 0.0184986 0.0140434 0.0101108 0.00683598 0.00429888
 0.00877608 0.0142548 0.0214464 0.0302687 0.0403989 0.0511189 0.0612813 0.0695797 0.0750098 0.0771765 0.0762565 0.0727579 0.067323 0.0606445 0.0534089 0.0462026 0.039416 0.033211 0.0275751 0.0224251 0.017703 0.0134239 0.0096704 0.00654718 0.00412395
 0.00871447 0.014148 0.0212723 0.0299996 0.0400041 0.0505717 0.0605716 0.0687321 0.0741042 0.0763631 0.0757461 0.0727686 0.0679852 0.0619076 0.0550175 0.0477807 0.0406209 0.033866 0.0277046 0.0221913 0.0173031 0.0130128 0.00933274 0.00630813 0.00397349
 0.00869127 0.0141097 0.021213 0.0299116 0.0398771 0.0503921 0.0603231 0.068399 0.0736789 0.075859 0.0752135 0.0723051 0.0677247 0.0619779 0.055476 0.0485632 0.0415469 0.0347088 0.0282894 0.0224585 0.0173053 0.0128609 0.00913443 0.00613275 0.00384806
 0.00868575 0.0140991 0.0211939 0.0298797 0.0398274 0.0503201 0.0602247 0.0682699 0.0735132 0.0756495 0.0749575 0.0720141 0.0674367 0.0617605 0.0554104 0.0487085 0.0419011 0.0351945 0.0287814 0.0228402 0.017518 0.0129155 0.00908687 0.00604589 0.00376573
 0.00865685 0.0140562 0.021137 0.029811 0.0397507 0.0502389 0.0601412 0.0681846 0.0734253 0.0755566 0.0748557 0.0719 0.0673115 0.0616373 0.055319 0.0486907 0.0419921 0.0354 0.0290648 0.0231345 0.0177564 0.0130612 0.00914261 0.00604107 0.00373486
 0.00864867 0.0140396 0.021106 0.029759 0.0396728 0.0501352 0.0600196 0.0680593 0.0733121 0.0754668 0.0747922 0.0718576 0.0672812 0.0616122 0.0552999 0.0486892 0.0420281 0.0354909 0.0292121 0.0233173 0.0179379 0.0132062 0.00923342 0.00608122 0.00374136
 0.00866462 0.0140635 0.0211379 0.0297967 0.0397114 0.050167 0.060035 0.0680494 0.0732719 0.0753986 0.074705 0.0717638 0.0671918 0.061533 0.0552335 0.0486381 0.0419983 0.0354914 0.0292496 0.0233889 0.0180291 0.0132957 0.00930304 0.00612338 0.00375941
 0.00865453 0.0140525 0.0211311 0.0298018 0.0397359 0.0502142 0.0601011 0.0681224 0.0733354 0.0754368 0.0747079 0.07173 0.0671279 0.0614511 0.0551465 0.0485573 0.0419325 0.0354476 0.0292327 0.0233997 0.0180622 0.0133399 0.00934566 0.00615531 0.00377793
 0.0086318 0.014017 0.0210808 0.0297368 0.03966 0.0501358 0.0600328 0.0680786 0.073327 0.0754657 0.0747651 0.0717986 0.0671902 0.061495 0.0551686 0.0485618 0.041928 0.0354435 0.0292367 0.0234161 0.0180904 0.0133754 0.00938135 0.00618484 0.00379815
 0.00864003 0.014027 0.0210897 0.0297398 0.0396517 0.0501125 0.0599947 0.0680308 0.0732787 0.0754278 0.0747465 0.071803 0.0672139 0.0615284 0.0552001 0.0485831 0.0419367 0.0354429 0.0292334 0.0234165 0.0180982 0.0133902 0.00939973 0.00620257 0.00381203
 0.00862393 0.014005 0.0210639 0.0297145 0.0396311 0.0500983 0.0599848 0.06802 0.0732618 0.0754035 0.074719 0.0717804 0.0672045 0.0615366 0.0552244 0.0486167 0.0419713 0.0354726 0.0292563 0.0234344 0.0181141 0.0134062 0.00941581 0.0062173 0.00382381
 0.00861428 0.0139888 0.0210389 0.0296788 0.0395848 0.0500448 0.0599307 0.0679743 0.0732318 0.0753916 0.0747221 0.0717928 0.0672213 0.0615567 0.055249 0.0486472 0.0420066 0.0355093 0.0292906 0.0234639 0.0181384 0.0134262 0.00943243 0.00623079 0.00383406
#pred catch len freq
 0.00400167 0.00636553 0.00935503 0.0129334 0.0170933 0.0218312 0.0270757 0.0326464 0.0382783 0.0436776 0.048569 0.0527333 0.0560383 0.0584479 0.0600011 0.0607771 0.0608661 0.0603397 0.0592042 0.0573312 0.0544164 0.0500528 0.0439612 0.0362835 0.02772
 0.00441313 0.00697593 0.0101713 0.0139407 0.018282 0.0232267 0.0287434 0.0346515 0.0406147 0.0462054 0.0510098 0.0547376 0.0572971 0.0587932 0.0594489 0.0595011 0.0591186 0.058358 0.0571388 0.0552288 0.0522621 0.0478454 0.0417716 0.0342545 0.0260097
 0.00469907 0.00745241 0.0109075 0.0150024 0.019712 0.0250218 0.030841 0.0369464 0.0429988 0.0485992 0.0533485 0.0569177 0.0591316 0.060028 0.0598467 0.0589411 0.0576482 0.0561656 0.0544719 0.0523127 0.0492652 0.0448983 0.0390056 0.0318144 0.0240239
 0.00505748 0.00800439 0.0116863 0.0160322 0.0210209 0.0266515 0.0328376 0.0393258 0.0457037 0.051478 0.056179 0.0594633 0.0611921 0.0614503 0.0605053 0.0587289 0.0565042 0.0541205 0.0516692 0.048984 0.0456812 0.0413269 0.0356896 0.0289545 0.0217532
 0.00543729 0.00859995 0.0125423 0.0171773 0.0224669 0.0283926 0.0348495 0.0415678 0.0481233 0.0540104 0.0587324 0.0619002 0.0633264 0.0630736 0.0614269 0.0588071 0.0556602 0.0523471 0.0490452 0.0456856 0.0419733 0.037528 0.0321194 0.0258771 0.0193304
 0.00579948 0.00917671 0.0133894 0.018343 0.0239878 0.0302857 0.0370968 0.0441022 0.050827 0.0567296 0.061303 0.064172 0.0651744 0.064392 0.0621164 0.0587699 0.0548124 0.0506451 0.0465165 0.0424547 0.0382704 0.0336682 0.0284478 0.0226943 0.0168252
 0.00614774 0.00972422 0.0141813 0.0194162 0.0253738 0.0320106 0.0391715 0.0465041 0.053481 0.0594989 0.0639983 0.0665804 0.0670995 0.0656873 0.0626961 0.0585954 0.0538698 0.0489359 0.044073 0.0393726 0.0347373 0.0299633 0.0248984 0.0196004 0.014383
 0.00639616 0.0101258 0.0147827 0.0202623 0.0265038 0.0334495 0.0409195 0.0485279 0.0557127 0.0618397 0.0663214 0.0687353 0.068922 0.0670195 0.0634101 0.0586107 0.0531554 0.0475022 0.041968 0.0366927 0.0316474 0.0267029 0.021754 0.0168425 0.0121956
 0.00648513 0.0102922 0.0150752 0.0207456 0.0272503 0.0345235 0.042356 0.0503148 0.0577824 0.0640719 0.0685578 0.0708031 0.0706588 0.0682913 0.064119 0.0586947 0.0525867 0.0462875 0.0401521 0.0343677 0.0289637 0.0238708 0.0190207 0.0144414 0.0102877
 0.00655749 0.0103995 0.0152208 0.0209341 0.0274987 0.0348722 0.0428718 0.0510771 0.0588522 0.0654577 0.0701947 0.0725567 0.0723531 0.0697456 0.0651799 0.0592528 0.0525805 0.0457002 0.0390099 0.0327441 0.0269857 0.0217177 0.0169026 0.0125574 0.00877758
 0.00676887 0.0107167 0.0156485 0.0214579 0.0280886 0.0354909 0.043485 0.0516649 0.0594204 0.0660407 0.070842 0.0733035 0.0731877 0.0705962 0.0659269 0.0597615 0.0527347 0.0454257 0.0382856 0.0316059 0.0255273 0.0200831 0.0152656 0.0110844 0.0075876
 0.00698136 0.0110554 0.0161447 0.0221345 0.0289527 0.0365243 0.0446343 0.0528406 0.0605111 0.066942 0.0714871 0.073681 0.073338 0.0705842 0.0658052 0.0595421 0.0523852 0.0448892 0.0375126 0.0305835 0.0242959 0.0187359 0.0139295 0.00988727 0.00662229
 0.00711219 0.0112676 0.0164642 0.0225879 0.0295653 0.0373144 0.045602 0.0539548 0.0617003 0.0680961 0.0724756 0.0743849 0.0736856 0.070572 0.0654911 0.0590133 0.0517184 0.0441248 0.0366557 0.0296272 0.0232502 0.0176461 0.0128726 0.00894912 0.0058685
 0.00723862 0.0114581 0.0167247 0.0229183 0.0299661 0.037794 0.0461789 0.0546491 0.062517 0.0690068 0.0734085 0.0752324 0.0743283 0.0709131 0.065486 0.0586804 0.0511247 0.0433553 0.0357838 0.028703 0.0223085 0.0167229 0.0120144 0.00820661 0.00528037
 0.00738472 0.0116656 0.0169812 0.023193 0.0302185 0.0379891 0.0463021 0.0547138 0.0625645 0.0690953 0.0735942 0.075544 0.074747 0.0713702 0.0658832 0.0589246 0.0511595 0.0431731 0.0354169 0.0282035 0.0217324 0.0161233 0.0114407 0.00770259 0.00487696
 0.00739707 0.0117011 0.0170616 0.0233438 0.0304577 0.0383116 0.04667 0.0550635 0.0628303 0.0692399 0.0736264 0.0755142 0.0747215 0.0713983 0.0659732 0.0590405 0.0512392 0.0431574 0.0352736 0.0279354 0.0213708 0.0157147 0.0110341 0.00733948 0.00458476
 0.00740937 0.0117103 0.0170573 0.0233148 0.0304007 0.0382411 0.0466211 0.0550793 0.062938 0.0694304 0.0738548 0.075724 0.0748762 0.0714981 0.0660453 0.0591124 0.051316 0.0432171 0.0352813 0.0278647 0.0212179 0.0154999 0.0107923 0.00710746 0.00439007
 0.00754011 0.0118966 0.017288 0.0235603 0.0306182 0.0383863 0.0466615 0.0550063 0.0627737 0.0692245 0.0736681 0.0756034 0.074836 0.0715201 0.0660976 0.0591693 0.051365 0.0432518 0.0352924 0.027839 0.0211459 0.0153842 0.0106494 0.00696087 0.00426129
 0.00755697 0.0119429 0.0173913 0.0237539 0.0309276 0.0388104 0.0471584 0.0554962 0.0631621 0.0694363 0.073675 0.0754305 0.0745472 0.0711896 0.0657834 0.0589008 0.0511464 0.0430736 0.035141 0.0277012 0.0210117 0.0152493 0.0105165 0.00683863 0.00415922
 0.00755331 0.0119396 0.0173931 0.0237721 0.0309834 0.0389356 0.0473893 0.0558565 0.0636414 0.0699753 0.0741739 0.0757827 0.0746812 0.0710963 0.0655122 0.0585314 0.050755 0.0427116 0.034831 0.027445 0.0208011 0.0150749 0.0103721 0.00672209 0.00407008
 0.00752743 0.0119001 0.0173387 0.0237043 0.0309077 0.0388633 0.0473397 0.0558583 0.0637281 0.0701741 0.0744878 0.0761768 0.0750839 0.0714209 0.0656906 0.0585407 0.0506208 0.0424894 0.0345789 0.0272052 0.0205948 0.0149073 0.0102408 0.00662246 0.00399791
 0.00763662 0.0120492 0.0175105 0.0238645 0.0310141 0.0388807 0.0472536 0.0556807 0.0634953 0.0699388 0.0743075 0.0760992 0.0751303 0.0715753 0.0659026 0.0587439 0.0507597 0.042539 0.0345473 0.0271209 0.0204896 0.0148048 0.0101534 0.00655424 0.00394839
 0.0077508 0.0122264 0.0177602 0.0241862 0.0313932 0.0392853 0.0476335 0.0559755 0.0636509 0.0699275 0.0741407 0.075824 0.0748132 0.0712786 0.0656653 0.0585731 0.0506354 0.0424305 0.0344308 0.0269893 0.0203512 0.0146743 0.0100433 0.00647043 0.00389024
 0.00766441 0.0120995 0.017595 0.0239947 0.0311961 0.0391067 0.0474959 0.0558936 0.0636262 0.0699465 0.0741805 0.0758646 0.074849 0.0713224 0.0657387 0.0586918 0.0507974 0.0426146 0.0346067 0.0271308 0.0204459 0.0147248 0.0100614 0.00647016 0.00388261
 0.00755662 0.0119349 0.0173672 0.0237059 0.0308567 0.0387354 0.0471203 0.0555491 0.063352 0.069777 0.0741351 0.0759413 0.0750263 0.0715683 0.066023 0.0589937 0.0511043 0.0429157 0.0348878 0.0273749 0.0206392 0.0148624 0.0101485 0.00651853 0.0039058
 0.00739321 0.0116957 0.017056 0.0233428 0.0304719 0.0383594 0.0467763 0.0552536 0.0631187 0.0696208 0.0740719 0.0759829 0.075174 0.071809 0.066331 0.0593374 0.0514548 0.0432511 0.0351927 0.0276385 0.0208535 0.0150238 0.0102596 0.00658746 0.00394402
 0.00723933 0.011456 0.016716 0.0228985 0.0299334 0.0377542 0.0461515 0.0546709 0.0626425 0.0693018 0.0739362 0.0760314 0.0753891 0.0721618 0.0667858 0.0598542 0.0519923 0.0437714 0.0356658 0.0280443 0.0211817 0.0152728 0.0104354 0.00670185 0.00401198
 0.00705694 0.0111791 0.0163351 0.0224165 0.0293623 0.0371119 0.045462 0.0539701 0.0619832 0.0687518 0.0735659 0.0758952 0.075508 0.0725176 0.0673284 0.0605168 0.0527066 0.0444775 0.0363168 0.0286081 0.021641 0.0156238 0.0106856 0.00686726 0.00411253
 0.00685078 0.0108585 0.0158799 0.0218184 0.0286267 0.0362597 0.044533 0.0530239 0.061094 0.0679987 0.0730226 0.0756208 0.0755391 0.0728591 0.0679482 0.0613485 0.0536617 0.045463 0.0372514 0.0294321 0.0223197 0.0161465 0.0110608 0.00711704 0.00426583
 0.0065605 0.0104213 0.0152859 0.0210786 0.0277667 0.0353097 0.0435248 0.0519962 0.0601018 0.0671164 0.0723369 0.0752141 0.0754703 0.0731493 0.068576 0.0622534 0.0547544 0.0466394 0.0384087 0.0304839 0.0232073 0.0168425 0.0115673 0.00745784 0.00447687
 0.00645832 0.0102475 0.0150106 0.0206709 0.0272026 0.0345847 0.0426638 0.0510541 0.059152 0.066235 0.0715924 0.0746658 0.0751692 0.0731349 0.0688658 0.0628333 0.0555742 0.0476186 0.0394497 0.0314898 0.0240986 0.0175691 0.0121123 0.00783324 0.00471354
 0.0070962 0.0111456 0.0161036 0.0218066 0.0281794 0.0352151 0.0428297 0.0507297 0.0583938 0.0651563 0.0703352 0.0733753 0.0739735 0.0721329 0.0681242 0.0623871 0.0554267 0.0477397 0.0397785 0.0319445 0.024593 0.0180299 0.0124918 0.00811288 0.00489878
 0.00779373 0.0122212 0.0176062 0.0237237 0.0304182 0.0375886 0.0450571 0.0524748 0.0593503 0.0651487 0.0693802 0.0716684 0.0718137 0.0698324 0.0659419 0.0604996 0.0539282 0.0466555 0.0390814 0.0315697 0.0244546 0.0180384 0.01257 0.00820611 0.00497738
 0.00796991 0.012549 0.0181775 0.0246524 0.0318158 0.0395184 0.0474808 0.055213 0.0620817 0.0674601 0.0708645 0.0720447 0.0710209 0.0680482 0.0635152 0.0578333 0.0513711 0.0444426 0.0373256 0.0302847 0.023588 0.0175033 0.0122705 0.00805657 0.00491221
 0.00779328 0.0123049 0.0178954 0.024402 0.0317084 0.039697 0.048097 0.0563862 0.0638401 0.0696851 0.0732716 0.0742302 0.0725712 0.0686707 0.0631321 0.0565954 0.0495892 0.0424749 0.0354747 0.0287417 0.0224262 0.0167064 0.0117713 0.00777114 0.00476381
 0.00763004 0.0120481 0.0175272 0.0239179 0.0311266 0.0390714 0.0475286 0.0560218 0.0638498 0.0702135 0.0743759 0.0758283 0.074428 0.0704442 0.0644738 0.0572662 0.0495355 0.0418285 0.0344819 0.0276645 0.0214638 0.0159619 0.0112615 0.00745904 0.00459223
 0.0076043 0.0119931 0.0174194 0.0237254 0.0308152 0.0386167 0.0469318 0.0553261 0.0631494 0.0696497 0.074113 0.0760058 0.0751019 0.0715419 0.0657932 0.0585307 0.0504883 0.0423213 0.0345148 0.0273603 0.0209979 0.0154901 0.0108789 0.00719587 0.00443501
 0.00765465 0.0120666 0.0175127 0.023826 0.0308987 0.0386467 0.0468633 0.0551159 0.0627751 0.0691311 0.0735258 0.075476 0.0747749 0.0715331 0.0661369 0.0591543 0.0512293 0.0429877 0.0349596 0.0275313 0.0209385 0.0152984 0.0106547 0.00700543 0.00430331
 0.00765295 0.0120726 0.0175379 0.0238856 0.0310068 0.0388075 0.0470631 0.0553188 0.0629271 0.0691737 0.0734167 0.0752116 0.0744046 0.071153 0.0658593 0.0590615 0.0513353 0.0432307 0.0352323 0.0277326 0.0210167 0.0152615 0.0105496 0.00688513 0.00420338
 0.00770253 0.0121379 0.0176087 0.0239452 0.0310396 0.0388093 0.0470464 0.0553086 0.0629458 0.0692247 0.073477 0.07524 0.0743632 0.0710308 0.0656843 0.058892 0.0512322 0.0432255 0.0353108 0.0278454 0.0211085 0.0152998 0.0105342 0.0068378 0.00414965
 0.00774894 0.012211 0.0177132 0.0240813 0.0312 0.0389767 0.047195 0.055411 0.0629848 0.0692028 0.0734142 0.0751606 0.0742796 0.0709386 0.0655723 0.0587587 0.0510946 0.0431115 0.035242 0.0278226 0.0211128 0.0153063 0.0105268 0.00681498 0.00411981
 0.00771001 0.0121583 0.0176539 0.0240294 0.0311733 0.0389911 0.047258 0.0555172 0.0631154 0.0693299 0.0735104 0.0752095 0.0742813 0.0709059 0.0655208 0.0586992 0.0510334 0.0430549 0.0351976 0.0277964 0.0211037 0.0153064 0.0105265 0.00680897 0.00410857
 0.00774376 0.0121984 0.0176876 0.0240376 0.0311381 0.0389066 0.0471376 0.055392 0.0630222 0.0692952 0.0735394 0.0752859 0.0743765 0.0709925 0.0655823 0.0587323 0.0510439 0.0430519 0.03519 0.0277904 0.0211024 0.0153087 0.0105294 0.00680953 0.00410596
