SBPRF35
12.7214
Curr Bio
891616
B35
884172
F35
0.16842
FOFL
0.161788
OFL
113321
Bzero
3.63469e+006
#pred survey bio
 3.60237e+006 3.51347e+006 3.41985e+006 3.28332e+006 3.09767e+006 2.89833e+006 2.63986e+006 2.38208e+006 2.12678e+006 1.92565e+006 1.66743e+006 1.46086e+006 1.30205e+006 1.14092e+006 1.00946e+006 909347 827435 756078 714363 687823 645546 630765 610244 590911 570027 560372 559852 559577 555306 553748 563466 563547 569315 575734 592816 614316 628966 645625 655857 662987 666301 678270 681287 684085 678907 682313 676644 684725 677550 677123 678273 736050 768308 817327 840761 870149 893668 934596 944654 947191 949220 938738 940764 925079 896794 2.99541e+007 1.75196e+007 1.74618e+007 1.81169e+007 1.92737e+007 2.06598e+007 2.20633e+007 2.33537e+007 2.44683e+007 2.53915e+007 2.6134e+007 2.67191e+007 2.71737e+007 2.75237e+007 2.77917e+007 2.79963e+007 2.81524e+007 2.82716e+007 2.83629e+007 2.8433e+007 2.84872e+007 2.85291e+007 2.85617e+007 2.85872e+007 2.86072e+007 2.8623e+007 2.86355e+007 2.86454e+007 2.86533e+007 2.86596e+007 2.86647e+007 2.86688e+007 2.8672e+007 2.86747e+007 2.86768e+007 2.86786e+007 2.868e+007 2.86812e+007 2.86821e+007 2.86829e+007 2.86835e+007 2.8684e+007 2.86844e+007 2.86847e+007 2.8685e+007 2.86852e+007 2.86854e+007 2.86856e+007 2.86857e+007 2.86858e+007 2.86859e+007 2.8686e+007 2.8686e+007 2.86861e+007 2.86861e+007 2.86861e+007 2.86861e+007 2.86862e+007 2.86862e+007 2.86862e+007 2.86862e+007 2.86862e+007 2.86862e+007 2.86862e+007 2.86862e+007 2.86862e+007 2.86862e+007 2.86862e+007 2.86862e+007 2.86862e+007 2.86862e+007 2.86862e+007 2.86863e+007 2.86863e+007 2.86863e+007 2.86863e+007 2.86863e+007 2.86863e+007 2.86863e+007 2.86863e+007 2.86863e+007 2.86863e+007 2.86863e+007 2.86863e+007 2.86863e+007 2.86863e+007 2.86863e+007 2.86863e+007 2.86863e+007 2.86863e+007 2.86863e+007 2.86863e+007 2.86863e+007 2.86863e+007 2.86863e+007 2.86863e+007 2.86863e+007 2.86863e+007 2.86863e+007 2.86863e+007 0 0 0 0 0 0 0 0 0 0 0 0 0 0 0 0 0 0 0 0 0 0 0 0 0
#obs survey bio
 2.52305e+006 4.19913e+006 2.7346e+006 2.78689e+006 3.32763e+006 2.72654e+006 2.32686e+006 2.49418e+006 1.94584e+006 2.51114e+006 1.81432e+006 1.21188e+006 1.13414e+006 1.27237e+006 1.67046e+006 724216 1.05568e+006 832747 554493 681021 899219 542274 821517 764342 645534 516998 557501 1.07556e+006 435838 459423 411032 569556 508141 472988 964428 779564 671565 894026 997839 688168 512281 615430 875122 629913 649024 612326 489725 503696 723276 650918 695993 624904 858537 662151 961663 700831 1.08494e+006 852834 779667 1.20959e+006 886656 1.1737e+006 1.06137e+006 967677 1.04787e+006
#pred catch bio
 93755.6 99334.1 143646 197840 222816 291425 306403 319216 283512 344685 304399 266094 269854 243190 214958 197958 186289 158186 143432 153423 126103 127936 123424 121356 109420 100783 99994.5 102419 99803.8 91642.8 101782 98764.3 100074 92549.2 89970.6 96274.5 94834.1 100218 102146 104874 98055.6 106528 107005 113950 106920 114909 103525 116666 110346 108883 62832.4 87197.6 74345.7 98050.9 94353.4 100942 87352 114246 119255 118243 127451 114875 127977 134487 138616 113321 114434 112788 115656 122411 130898 139514 147350 154001 159383 163591 166796 169190 170951 172230 173152 173809 174277 174607 174839 175002 175116 175196 175251 175290 175317 175336 175349 175357 175364 175368 175371 175373 175374 175375 175376 175376 175377 175377 175377 175377 175377 175377 175377 175377 175377 175377 175377 175377 175377 175377 175377 175377 175377 175377 175377 175377 175377 175377 175377 175377 175377 175377 175377 175377 175377 175377 175377 175377 175377 175377 175377 175377 175377 175377 175377 175377 175377 175377 175377 175377 175377 175377 175377 175377 175377 175377 175377 175377 175377 175377 175377 175377 175377 175377 175377 175377 175377 175377 175377 0 0 0 0 0 0 0 0 0 0 0 0 0 0 0 0 0 0 0 0 0 0 0 0 0
#obs catch bio
 0 99079.7 143714 198555 223370 292866 307638 321879 285270 347452 306441 268039 271606 244198 214282 199450 186808 158983 144185 155205 126398 128288 123170 120980 109160 100869 100419 101862 99406.2 91459.3 102120 99279.6 101446 93925.9 90551.3 96587.1 95115.9 100462 102133 104464 97943.1 106871 106923 114099 107114 115423 103896 117567 110776 109850 62543.1 87795.1 74254.1 98802 94668.5 101865 87536.7 115095 119942 118320 128231 114912 128125 134529 138700
#pred cpue bio
 3.55626e+006 3.46903e+006 3.37657e+006 3.24006e+006 3.05447e+006 2.8554e+006 2.59781e+006 2.34092e+006 2.08668e+006 1.88641e+006 1.63027e+006 1.42543e+006 1.268e+006 1.10864e+006 978667 879618 798744 728654 687782 661903 620920 606880 587197 568606 548416 539060 538591 538516 534509 532813 541936 541659 546982 553115 570001 591460 606102 622553 632796 640037 643307 654842 657724 660451 655283 658511 652930 660812 653842 653476 654645 711468 743649 791987 814892 843542 866639 907079 917324 920063 922194 912036 914283 899273 872203 2.91583e+007 1.7061e+007 1.68709e+007 1.73697e+007 1.84686e+007 1.98402e+007 2.12406e+007 2.25304e+007 2.36449e+007 2.45681e+007 2.53106e+007 2.58957e+007 2.63503e+007 2.67003e+007 2.69683e+007 2.71728e+007 2.73289e+007 2.74482e+007 2.75395e+007 2.76096e+007 2.76637e+007 2.77057e+007 2.77383e+007 2.77638e+007 2.77838e+007 2.77996e+007 2.78121e+007 2.7822e+007 2.78299e+007 2.78362e+007 2.78413e+007 2.78454e+007 2.78486e+007 2.78513e+007 2.78534e+007 2.78552e+007 2.78566e+007 2.78577e+007 2.78587e+007 2.78594e+007 2.78601e+007 2.78606e+007 2.7861e+007 2.78613e+007 2.78616e+007 2.78618e+007 2.7862e+007 2.78622e+007 2.78623e+007 2.78624e+007 2.78625e+007 2.78625e+007 2.78626e+007 2.78626e+007 2.78627e+007 2.78627e+007 2.78627e+007 2.78628e+007 2.78628e+007 2.78628e+007 2.78628e+007 2.78628e+007 2.78628e+007 2.78628e+007 2.78628e+007 2.78628e+007 2.78628e+007 2.78628e+007 2.78628e+007 2.78628e+007 2.78628e+007 2.78628e+007 2.78628e+007 2.78628e+007 2.78628e+007 2.78628e+007 2.78628e+007 2.78628e+007 2.78628e+007 2.78628e+007 2.78628e+007 2.78628e+007 2.78628e+007 2.78628e+007 2.78628e+007 2.78628e+007 2.78628e+007 2.78628e+007 2.78628e+007 2.78628e+007 2.78628e+007 2.78628e+007 2.78628e+007 2.78628e+007 2.78628e+007 2.78628e+007 2.78628e+007 2.78628e+007 2.78628e+007 2.78628e+007 0 0 0 0 0 0 0 0 0 0 0 0 0 0 0 0 0 0 0 0 0 0 0 0 0
#obs cpue bio
 2.64771e+006 4.44063e+006 3.56888e+006 2.3856e+006 2.20313e+006 3.68688e+006 2.7262e+006 1.59451e+006 1.74585e+006 2.03906e+006 1.27155e+006 1.34189e+006 1.68277e+006 1.02339e+006 878855 564914 816993 495864 746083 522646 542946 749511 573662 511664 461815 454014 415694 600282 655560 498289 585282 390704 306225 416781 561067 647565 495729 490577 497901 927083 582367 566448 648175 672456 540406 693256 683571 793302 658062 591284 691838 732552 683877 677027 731086 655578 760775 1.01277e+006 1.08512e+006 1.05961e+006 671482 913538 919476 915422 776125
#pred surv len freq
 0.00492118 0.00796202 0.0119316 0.0167965 0.0224361 0.0285715 0.0347332 0.0403681 0.0450438 0.0485912 0.0510873 0.0527351 0.0537534 0.0543237 0.0545757 0.0545908 0.0544144 0.0540591 0.0534695 0.0524462 0.0505869 0.0473516 0.0423095 0.0354716 0.0274702
 0.00514171 0.00822439 0.0121534 0.0168538 0.0222119 0.0280234 0.0339386 0.039507 0.0443215 0.0481454 0.0509377 0.052801 0.0539197 0.0545087 0.0547665 0.0548344 0.0547757 0.0545685 0.0540862 0.0530588 0.0510553 0.0475705 0.0422572 0.0352148 0.0271237
 0.00536375 0.00858903 0.0127015 0.017606 0.0231416 0.0290298 0.0348441 0.0401032 0.0444567 0.0478054 0.0502584 0.051997 0.0531781 0.0539213 0.0543347 0.0545235 0.0545641 0.0544557 0.0540653 0.0530854 0.0510481 0.0474469 0.0419805 0.0348162 0.0266838
 0.00554454 0.00888625 0.0131562 0.018261 0.0240346 0.0301776 0.0362176 0.0416033 0.0459083 0.0489865 0.0509655 0.0521229 0.0527563 0.0531052 0.0533231 0.0534822 0.0535896 0.0535835 0.0532931 0.0523881 0.0503845 0.0467757 0.0412853 0.0341219 0.0260472
 0.0057344 0.00919363 0.0136172 0.0189107 0.0249033 0.031284 0.0375583 0.0431427 0.0475708 0.0506512 0.0524669 0.0532699 0.0533763 0.0531025 0.0527187 0.0524057 0.0522255 0.0521047 0.0518186 0.050976 0.0490509 0.0455225 0.0401249 0.0330874 0.0251831
 0.00593347 0.00951173 0.0140863 0.0195585 0.0257511 0.0323413 0.038817 0.0445725 0.0491205 0.052251 0.0540281 0.0546785 0.0544922 0.0537755 0.0528261 0.0518982 0.0511518 0.0505987 0.0500527 0.0491113 0.0472096 0.0437901 0.0385659 0.0317566 0.0241213
 0.00621614 0.00996209 0.0147469 0.0204629 0.0269177 0.033765 0.0404599 0.0463618 0.0509593 0.0540377 0.0556711 0.056099 0.0556146 0.0545152 0.0530884 0.0515949 0.050235 0.0490927 0.048064 0.0468085 0.0447868 0.0414329 0.0364304 0.0299571 0.02272
 0.00649042 0.0104044 0.0154062 0.0213825 0.0281281 0.0352717 0.0422295 0.048317 0.0529877 0.0560124 0.0574726 0.057628 0.056795 0.0552876 0.0533979 0.0513838 0.0494498 0.0477083 0.0461154 0.0444107 0.0421282 0.0387437 0.033937 0.0278379 0.0210742
 0.00676189 0.0108423 0.0160592 0.0222951 0.0293333 0.0367805 0.044017 0.0503151 0.0550907 0.0580933 0.0594008 0.059285 0.0580833 0.0561344 0.0537516 0.051205 0.048705 0.0463758 0.0442077 0.0420044 0.0393827 0.0358893 0.0312317 0.025505 0.01925
 0.00691197 0.0110932 0.0164504 0.0228698 0.0301329 0.0378332 0.0453262 0.0518516 0.056794 0.0598793 0.0611705 0.0609319 0.0595002 0.0572214 0.054422 0.0513887 0.0483488 0.0454462 0.0427037 0.0399801 0.0369689 0.033294 0.0287064 0.0232844 0.0174902
 0.00724559 0.0116223 0.0172222 0.0239194 0.0314779 0.039465 0.0471993 0.0538799 0.0588612 0.0618593 0.0629478 0.0624131 0.0606162 0.0579225 0.0546709 0.0511541 0.0476023 0.0441669 0.0408928 0.0376853 0.0343092 0.0304676 0.0259634 0.0208675 0.0155683
 0.00754141 0.0120918 0.0179075 0.024853 0.0326775 0.0409262 0.0488863 0.0557211 0.0607561 0.0636945 0.064614 0.0638163 0.0616829 0.0585997 0.0549228 0.0509555 0.0469331 0.0430121 0.0392536 0.0356007 0.031881 0.0278704 0.0234245 0.0186141 0.0137639
 0.00776645 0.0124513 0.018437 0.025582 0.0336254 0.0420952 0.0502533 0.0572337 0.062338 0.0652574 0.06607 0.0650848 0.062694 0.0592953 0.0552571 0.0508939 0.0464497 0.0420903 0.037893 0.0338343 0.0297953 0.0256163 0.0212013 0.0166251 0.0121599
 0.00808097 0.0129491 0.0191606 0.026561 0.0348701 0.0435883 0.0519401 0.0590207 0.0641057 0.0668838 0.067452 0.0661502 0.063401 0.0596264 0.0552098 0.0504716 0.0456561 0.0409289 0.0363749 0.0319941 0.0277112 0.0234206 0.0190685 0.0147334 0.0106411
 0.00843802 0.0135015 0.01994 0.0275789 0.0361177 0.0450372 0.0535388 0.0606924 0.065752 0.0683978 0.0687338 0.06712 0.0640068 0.0598453 0.0550436 0.0499378 0.0447781 0.0397298 0.0348806 0.0302453 0.0257803 0.0214217 0.0171493 0.0130434 0.0092898
 0.00862074 0.0138099 0.0204241 0.0282896 0.0370926 0.04628 0.0550025 0.0622789 0.0673339 0.0698498 0.0699572 0.0680492 0.0646036 0.0600913 0.0549353 0.0494848 0.0440004 0.0386552 0.0335439 0.0286945 0.0240864 0.0196861 0.0154965 0.0115965 0.00813728
 0.00870713 0.0139575 0.0206609 0.0286494 0.0376123 0.0469916 0.0559211 0.0633902 0.068586 0.0711543 0.0712017 0.0691189 0.0654044 0.0605645 0.0550586 0.0492636 0.0434566 0.0378204 0.0324581 0.0274097 0.0226736 0.0182382 0.0141211 0.0103963 0.00718385
 0.00887451 0.01421 0.021005 0.0290807 0.0381201 0.0475663 0.0565587 0.0640905 0.0693463 0.0719611 0.0720229 0.0699006 0.0660761 0.0610513 0.0552983 0.0492186 0.0431183 0.0372049 0.031601 0.0263634 0.0215075 0.0170382 0.012982 0.00940489 0.00639886
 0.00892661 0.0142921 0.0211234 0.0292387 0.0383172 0.0477975 0.0568151 0.0643638 0.0696353 0.0722759 0.0723819 0.0703183 0.0665465 0.0615386 0.0557392 0.0495378 0.0432486 0.0371043 0.0312606 0.0258081 0.0207918 0.0162388 0.0121855 0.00869104 0.00582328
 0.00876181 0.0140594 0.0208386 0.0289392 0.0380521 0.0476115 0.0567352 0.0643957 0.0697694 0.0724969 0.0726773 0.0706816 0.0669744 0.0620218 0.0562524 0.0500343 0.0436655 0.0373773 0.0313426 0.0256841 0.0204844 0.0158029 0.011695 0.00821961 0.00542662
 0.00883919 0.0141633 0.0209557 0.029047 0.0381295 0.047653 0.056759 0.0644373 0.0698623 0.0726533 0.0728809 0.0708983 0.0671722 0.0621854 0.0563834 0.050139 0.04374 0.0374011 0.0312853 0.0255206 0.0202109 0.0154439 0.0112974 0.0078376 0.00510434
 0.00881069 0.0141097 0.0208615 0.0288924 0.0378947 0.047326 0.0563458 0.0639694 0.0693983 0.0722697 0.0726532 0.0708771 0.0673659 0.062559 0.0568744 0.0506786 0.0442682 0.0378696 0.031656 0.0257658 0.020319 0.0154259 0.0111864 0.0076795 0.00494321
 0.00881137 0.0141156 0.0208782 0.0289255 0.0379447 0.0473827 0.0563848 0.063957 0.0693045 0.0720847 0.0723985 0.0706041 0.0671407 0.0624389 0.0568879 0.0508181 0.0444963 0.0381343 0.0319048 0.0259569 0.0204272 0.0154465 0.0111348 0.00758476 0.00483722
 0.00886494 0.0141895 0.0209656 0.0290128 0.038017 0.0474301 0.0564067 0.0639586 0.0692885 0.0720448 0.0723209 0.0704786 0.0669733 0.0622581 0.0567362 0.0507348 0.0445002 0.0382164 0.0320332 0.02609 0.020529 0.0154966 0.011132 0.00754345 0.0047786
 0.00900334 0.014396 0.0212411 0.0293442 0.0383782 0.0477866 0.0567202 0.0641932 0.0694179 0.0720584 0.0722246 0.0702894 0.0667128 0.0619494 0.056407 0.050418 0.0442294 0.0380151 0.0319062 0.0260223 0.0204942 0.0154691 0.0110966 0.00749768 0.00472904
 0.00906479 0.0144896 0.0213701 0.0295064 0.0385661 0.047987 0.0569148 0.06436 0.0695349 0.0721094 0.0722041 0.0702032 0.0665749 0.0617773 0.0562177 0.0502277 0.0440544 0.037871 0.0318035 0.0259618 0.020466 0.0154573 0.0110868 0.00748245 0.00470856
 0.00892969 0.0142969 0.02113 0.0292458 0.038321 0.047791 0.056789 0.0643102 0.0695546 0.0721849 0.0723188 0.0703401 0.0667187 0.061916 0.0563438 0.0503381 0.04415 0.037956 0.0318831 0.0260394 0.0205405 0.0155234 0.0111382 0.00751578 0.00472514
 0.00893978 0.0142887 0.0210739 0.0291034 0.0380608 0.0474095 0.0563254 0.0638409 0.0691677 0.071947 0.0722543 0.0704319 0.066924 0.0621862 0.0566371 0.0506254 0.044414 0.0381892 0.0320845 0.0262106 0.0206834 0.0156385 0.0112254 0.00757608 0.00476209
 0.0091749 0.0146286 0.0215051 0.0295819 0.0385182 0.0477684 0.0565167 0.0638207 0.0689319 0.0715384 0.0717546 0.0699365 0.0665104 0.0618928 0.0564626 0.0505431 0.0443906 0.0381969 0.0321056 0.0262363 0.0207098 0.0156635 0.011247 0.00759271 0.00477303
 0.00935038 0.0149078 0.0219118 0.030128 0.0391947 0.0485335 0.0572891 0.0644873 0.0693748 0.0716731 0.0715594 0.0694597 0.0658523 0.0611718 0.0557808 0.0499641 0.0439359 0.0378575 0.0318587 0.0260585 0.0205829 0.015575 0.0111877 0.00755492 0.00475029
 0.00936259 0.0149337 0.0219625 0.0302198 0.0393469 0.0487637 0.0576059 0.0648806 0.0698083 0.0720842 0.0718708 0.0696022 0.0657913 0.0609217 0.0554002 0.049533 0.0435275 0.0375185 0.0316048 0.0258827 0.0204679 0.0155026 0.0111436 0.00752908 0.00473577
 0.00941745 0.0150255 0.0221056 0.0304286 0.0396329 0.0491302 0.0580431 0.0653645 0.0703037 0.0725486 0.0722579 0.069864 0.0658839 0.0608175 0.0551012 0.0490775 0.0429822 0.0369591 0.0310946 0.0254595 0.0201434 0.0152696 0.0109859 0.00742825 0.0046752
 0.00933882 0.0149162 0.0219757 0.0303008 0.0395379 0.0490992 0.0580998 0.0655206 0.0705568 0.0728824 0.0726421 0.0702573 0.0662379 0.0610834 0.0552394 0.0490682 0.0428337 0.0367071 0.0307917 0.0251586 0.0198828 0.015068 0.0108441 0.00733671 0.00462064
 0.00912904 0.0146096 0.0215792 0.0298451 0.0390718 0.0486784 0.0577768 0.065338 0.0705424 0.0730441 0.0729648 0.0707041 0.0667557 0.0616119 0.0557197 0.0494513 0.0430894 0.0368297 0.0308007 0.0250909 0.0197803 0.0149647 0.0107599 0.00727786 0.00458437
 0.00891798 0.014268 0.0210704 0.0291428 0.0381735 0.0476224 0.0566539 0.0642845 0.0697094 0.0725545 0.0728807 0.0710178 0.0674019 0.0624902 0.0567162 0.050457 0.0440139 0.037611 0.0314101 0.025531 0.0200764 0.0151525 0.0108743 0.00734578 0.00462396
 0.00885788 0.0141492 0.0208523 0.028774 0.0376033 0.0468214 0.0556351 0.0631159 0.06851 0.0714751 0.0720736 0.0706022 0.0674356 0.0629563 0.057531 0.0514942 0.045135 0.0386929 0.0323628 0.0263052 0.0206612 0.0155655 0.0111482 0.00751713 0.00472511
 0.00882283 0.0141004 0.0207919 0.0287034 0.0375155 0.0466919 0.0554197 0.062762 0.067981 0.0707782 0.0712747 0.0698187 0.0668069 0.0626027 0.0575187 0.0518177 0.0457236 0.0394355 0.0331406 0.0270202 0.0212523 0.0160106 0.011456 0.00771366 0.00484128
 0.00867354 0.0138794 0.0205002 0.0283572 0.0371428 0.0463246 0.0550851 0.0624741 0.0677345 0.0705478 0.0710272 0.0695352 0.0665043 0.0623405 0.057381 0.0518796 0.0460177 0.0399367 0.0337749 0.0276911 0.0218717 0.0165204 0.0118343 0.00796844 0.00499767
 0.00859609 0.0137523 0.0203076 0.0280864 0.0367899 0.0459022 0.0546272 0.062032 0.0673623 0.0702824 0.0708739 0.0694684 0.0664839 0.0623362 0.0573924 0.0519391 0.0461729 0.0402218 0.0341877 0.028189 0.0223876 0.0169884 0.0122104 0.00823836 0.00517153
 0.00869449 0.0138815 0.0204448 0.0281903 0.0368109 0.0457993 0.054384 0.0616641 0.0669135 0.0698136 0.0704474 0.0691317 0.0662585 0.0622161 0.0573555 0.0519659 0.0462599 0.0403806 0.0344294 0.0285072 0.0227513 0.0173509 0.0125275 0.00848297 0.00533875
 0.00880303 0.0140537 0.0206939 0.0285204 0.0372091 0.0462285 0.0547799 0.0619458 0.0670075 0.0696826 0.070107 0.0686448 0.0657113 0.061689 0.0569038 0.0516151 0.0460151 0.0402389 0.0343875 0.028558 0.0228773 0.017522 0.0127073 0.00864078 0.00545754
 0.00870087 0.0139143 0.020534 0.0283732 0.0371164 0.0462263 0.0548841 0.0621435 0.0672575 0.0699235 0.0702741 0.0686911 0.0656245 0.0614961 0.0566583 0.051376 0.0458283 0.0401295 0.0343619 0.0286093 0.0229893 0.0176708 0.0128654 0.00878325 0.00556866
 0.00869875 0.0139031 0.0205042 0.0283148 0.037026 0.0461157 0.0547847 0.0620992 0.0673063 0.0700765 0.0705041 0.0689388 0.0658202 0.0615866 0.0566257 0.0512416 0.0456395 0.0399405 0.0342154 0.0285283 0.0229759 0.0177115 0.012938 0.00886425 0.00564023
 0.00873519 0.0139554 0.0205694 0.0283841 0.0370858 0.0461503 0.054781 0.0620532 0.0672288 0.0699946 0.0704522 0.0689426 0.0658808 0.0616766 0.0567016 0.0512652 0.045597 0.0398461 0.0341022 0.0284312 0.022918 0.0176984 0.0129604 0.00890568 0.00568451
 0.0087675 0.0140152 0.0206721 0.0285466 0.0373194 0.0464515 0.0551243 0.0623925 0.0675096 0.0701719 0.0705066 0.0688846 0.0657432 0.0614974 0.0565078 0.0510656 0.0453873 0.0396227 0.0338726 0.0282144 0.0227364 0.0175669 0.0128809 0.0088685 0.00567457
 0.00872584 0.0139512 0.0205836 0.0284365 0.0371984 0.0463391 0.0550474 0.0623787 0.0675757 0.0703134 0.0706956 0.0690803 0.0659084 0.061612 0.0565709 0.0510874 0.045379 0.0395907 0.033821 0.0281502 0.0226709 0.0175124 0.0128455 0.00885268 0.00567308
 0.00877455 0.0140238 0.0206806 0.0285536 0.0373271 0.046469 0.0551686 0.0624844 0.0676641 0.0703881 0.0707618 0.0691386 0.065951 0.0616245 0.0565399 0.0510082 0.0452577 0.039441 0.0336585 0.0279893 0.022524 0.0173897 0.0127531 0.00879122 0.00563773
 0.00867095 0.0138713 0.0204807 0.0283183 0.0370756 0.0462228 0.054947 0.0623038 0.0675386 0.0703297 0.0707797 0.0692362 0.066123 0.0618542 0.0568006 0.0512683 0.0454892 0.039626 0.0337917 0.0280755 0.022574 0.0174156 0.0127658 0.00879828 0.00564314
 0.00869755 0.013909 0.0205273 0.0283688 0.0371247 0.0462669 0.0549865 0.062341 0.0675746 0.0703614 0.0708006 0.0692409 0.0661114 0.0618324 0.0567771 0.0512482 0.0454711 0.0396037 0.0337587 0.0280297 0.022519 0.0173589 0.0127151 0.00875887 0.00561647
 0.00870152 0.0139119 0.0205252 0.0283556 0.0370938 0.0462137 0.0549112 0.0622501 0.0674806 0.0702799 0.0707461 0.0692221 0.0661289 0.06188 0.0568452 0.0513274 0.0455531 0.0396808 0.0338236 0.0280768 0.0225464 0.0173693 0.0127141 0.00875272 0.00560981
 0.00866454 0.0138591 0.0204591 0.0282827 0.0370216 0.0461475 0.0548513 0.0621928 0.0674217 0.0702195 0.0706902 0.0691817 0.0661157 0.0619014 0.0569015 0.051412 0.0456549 0.0397875 0.033924 0.0281623 0.022612 0.017414 0.0127408 0.00876634 0.00561559
 0.00827714 0.0132495 0.0195816 0.0271151 0.035577 0.0444878 0.0530978 0.0605191 0.0660207 0.0692559 0.0702613 0.0693036 0.0667339 0.0629145 0.0581854 0.0528408 0.0471152 0.0411867 0.0351937 0.0292579 0.0235104 0.0181118 0.013251 0.00911517 0.00583689
 0.00834425 0.0133132 0.0195929 0.0269983 0.0352468 0.0438793 0.0521949 0.0593693 0.064731 0.0679732 0.069145 0.0684952 0.066329 0.0629458 0.0586214 0.0535994 0.0480864 0.0422552 0.0362561 0.0302333 0.0243451 0.0187791 0.0137487 0.00945983 0.00605736
 0.00830727 0.0132586 0.0195184 0.0268982 0.0351039 0.0436571 0.0518378 0.0588181 0.0639518 0.0669873 0.0680424 0.0674216 0.0654496 0.0624016 0.0584946 0.053898 0.0487493 0.043173 0.0372995 0.0312791 0.0252956 0.0195718 0.0143576 0.00989066 0.00633717
 0.00831268 0.01328 0.0195735 0.0270097 0.0352917 0.0439247 0.0521594 0.0591322 0.0641677 0.0670055 0.0677864 0.0668703 0.0646585 0.0614979 0.0576443 0.0532568 0.0484175 0.0431734 0.0375819 0.0317466 0.0258379 0.020094 0.0147971 0.0102205 0.0065598
 0.0081756 0.0130793 0.0193135 0.0267117 0.0349913 0.0436657 0.0519851 0.0590757 0.0642387 0.0671785 0.0679974 0.067031 0.0646869 0.061354 0.0573538 0.0529077 0.0481285 0.0430478 0.03767 0.0320323 0.0262533 0.0205508 0.0152175 0.0105567 0.00679733
 0.00804843 0.0128824 0.0190366 0.0263541 0.0345652 0.0431988 0.0515226 0.0586765 0.0639637 0.0670723 0.068071 0.0672532 0.0649894 0.0616515 0.0575742 0.053021 0.04816 0.0430653 0.0377491 0.03222 0.0265481 0.0209084 0.0155764 0.0108646 0.00702727
 0.00785597 0.0125784 0.0185962 0.0257623 0.0338217 0.0423249 0.0505689 0.0577238 0.0631134 0.0664262 0.0677093 0.067216 0.0652665 0.0621828 0.058264 0.0537648 0.0488761 0.0437155 0.0383386 0.0327751 0.0270873 0.0214256 0.0160435 0.01125 0.00731303
 0.00782167 0.0125237 0.018515 0.0256474 0.0336633 0.0421103 0.0502844 0.0573605 0.0626759 0.0659406 0.0672255 0.0668007 0.0649866 0.0620855 0.0583599 0.0540248 0.049243 0.044128 0.0387527 0.0331723 0.0274659 0.0217842 0.0163712 0.0115288 0.00752814
 0.00783303 0.0125383 0.0185296 0.0256561 0.0336583 0.0420828 0.050225 0.0572591 0.0625214 0.0657234 0.0669438 0.0664688 0.0646403 0.0617774 0.0581457 0.0539437 0.0493042 0.0443095 0.0390144 0.033473 0.0277743 0.0220798 0.0166389 0.0117552 0.00770389
 0.00777908 0.0124633 0.01844 0.0255651 0.0335813 0.0420301 0.0501969 0.057245 0.0625036 0.0656836 0.0668669 0.0663465 0.0644744 0.0615837 0.0579552 0.0537971 0.0492392 0.044347 0.039151 0.0336846 0.0280269 0.02234 0.0168798 0.0119588 0.00786087
 0.00773685 0.0124026 0.0183638 0.0254825 0.0335063 0.0419792 0.0501847 0.0572796 0.0625824 0.06579 0.0669723 0.0664178 0.0644844 0.0615204 0.0578269 0.0536311 0.0490755 0.0442263 0.0391021 0.0337158 0.028126 0.0224812 0.017034 0.0121015 0.0079767
 0.00760321 0.0121975 0.0180785 0.0251187 0.0330776 0.0415117 0.0497177 0.0568628 0.0622674 0.065617 0.0669581 0.0665502 0.064726 0.0618204 0.0581361 0.0539162 0.0493255 0.0444508 0.0393209 0.0339456 0.0283706 0.02273 0.0172675 0.0123004 0.00812955
 0.00733667 0.0118137 0.0175926 0.0245755 0.0325381 0.0410318 0.0493317 0.0565819 0.0620889 0.0655368 0.0669761 0.0666682 0.0649403 0.0621153 0.0584834 0.0542812 0.0496778 0.0447732 0.0396118 0.0342133 0.0286236 0.0229689 0.0174844 0.0124837 0.00827079
 0.00699085 0.0112898 0.0168775 0.0236882 0.0315311 0.0399872 0.0483543 0.0557834 0.061562 0.0653272 0.0670715 0.067011 0.0654561 0.0627376 0.0591623 0.0549796 0.0503651 0.0454235 0.0402065 0.034743 0.0290856 0.023363 0.0178094 0.0127381 0.00845617
#obs surv len freq
 nan nan nan nan nan nan nan nan nan nan nan nan nan nan nan nan nan nan nan nan nan nan nan nan nan
 0.00448484 0.00734623 0.0111762 0.0159924 0.0216929 0.0279681 0.0342818 0.0400127 0.0446921 0.0481559 0.0505138 0.0520098 0.0529022 0.0534148 0.0537292 0.0539842 0.0542629 0.0545557 0.0546945 0.0542864 0.0527244 0.0493566 0.0438063 0.0362863 0.0276699
 0.00461061 0.00755374 0.0114938 0.0164473 0.0223044 0.0287371 0.0351808 0.040983 0.0456522 0.0490184 0.0512016 0.0524679 0.0531027 0.0533569 0.0534349 0.0534904 0.0536128 0.0537919 0.0538558 0.0534095 0.051848 0.0485234 0.0430608 0.0356662 0.027196
 0.0047776 0.00782396 0.0118983 0.0170147 0.023056 0.029679 0.0362941 0.0422184 0.0469328 0.0502498 0.0522857 0.0533147 0.053642 0.0535462 0.0532638 0.0529792 0.0528053 0.0527464 0.0526378 0.0520884 0.0504978 0.0472234 0.0418895 0.0346882 0.0264471
 0.00497111 0.00814231 0.0123842 0.0177096 0.0239912 0.0308623 0.0376964 0.0437704 0.048536 0.0517957 0.0536715 0.0544502 0.0544505 0.0539669 0.0532564 0.0525301 0.0519318 0.0514962 0.0510851 0.0503297 0.048648 0.0454092 0.0402365 0.0332991 0.0253796
 0.00516945 0.00846926 0.0128849 0.0184296 0.0249685 0.0321136 0.0392028 0.0454704 0.0503324 0.0535719 0.0553096 0.0558434 0.0555089 0.0546188 0.0534487 0.0522291 0.0511279 0.0502109 0.0493778 0.0483019 0.046441 0.043193 0.0381851 0.0315578 0.0240331
 0.00539873 0.00884184 0.0134456 0.0192208 0.0260233 0.0334442 0.0407881 0.0472505 0.0522147 0.0554467 0.0570645 0.0573729 0.0567185 0.0554278 0.0537911 0.0520559 0.05041 0.0489467 0.0476057 0.0461131 0.0439854 0.0406687 0.0358083 0.0295158 0.0224412
 0.00565201 0.00925603 0.0140733 0.0201119 0.0272148 0.0349449 0.0425628 0.0492165 0.0542554 0.0574358 0.0588868 0.0589326 0.0579384 0.0562427 0.0541444 0.0518978 0.0497013 0.0476682 0.045775 0.0438047 0.0413446 0.0379071 0.0331703 0.0272237 0.0206389
 0.00589811 0.00966219 0.0146958 0.0210072 0.028428 0.0364922 0.0444136 0.0512862 0.056418 0.0595484 0.0608144 0.0605637 0.0591895 0.0570554 0.0544771 0.0517171 0.0489775 0.0463811 0.0439308 0.0414614 0.0386348 0.0350399 0.0304008 0.0247938 0.018713
 0.00614042 0.0100589 0.0152983 0.021866 0.0295841 0.0379628 0.0461763 0.0532718 0.0585175 0.0616313 0.0627484 0.0622291 0.0604879 0.0579137 0.0548464 0.0515662 0.0482856 0.0451365 0.0421418 0.0391794 0.0359799 0.0322093 0.0276444 0.0223564 0.0167676
 0.00639279 0.0104711 0.0159222 0.0227508 0.030767 0.0394535 0.0479422 0.0552336 0.0605607 0.0636288 0.0645801 0.0637923 0.0616989 0.0587072 0.0551734 0.0513925 0.0475898 0.0439094 0.0403951 0.0369637 0.0334075 0.0294647 0.0249645 0.0199775 0.0148606
 0.00661305 0.0108356 0.0164826 0.0235591 0.0318645 0.0408549 0.0496181 0.0571052 0.0625122 0.0655303 0.0663107 0.0652522 0.0628131 0.0594222 0.0554524 0.0512095 0.0469265 0.0427572 0.0387637 0.0348995 0.0310135 0.0269098 0.0224661 0.0177544 0.0130735
 0.00685373 0.0112266 0.0170707 0.0243876 0.0329658 0.0422367 0.0512503 0.0589134 0.0643865 0.067345 0.0679443 0.0666029 0.0638053 0.060008 0.055607 0.0509238 0.0461988 0.0415915 0.0371765 0.0329358 0.0287666 0.0245313 0.020151 0.0156989 0.011422
 0.00709202 0.0116192 0.0176705 0.0252455 0.0341186 0.0436889 0.0529572 0.0607779 0.0662759 0.0691199 0.0694835 0.0678157 0.0646324 0.0604175 0.0555885 0.0504826 0.0453492 0.0403535 0.0355789 0.0310285 0.0266374 0.0223147 0.0180171 0.0138178 0.00991712
 0.00728198 0.0119353 0.0181598 0.0259564 0.0350912 0.0449392 0.0544598 0.0624598 0.0680243 0.0708029 0.0709734 0.0690061 0.0654489 0.0608198 0.0555669 0.0500492 0.0445289 0.0391783 0.0340886 0.0292792 0.0247137 0.0203367 0.016131 0.0121665 0.00860229
 0.00742776 0.0121741 0.018523 0.0264759 0.0357941 0.0458404 0.0555522 0.0637077 0.0693651 0.0721541 0.0722425 0.0701002 0.0662846 0.0613322 0.0557167 0.0498233 0.0439376 0.0382491 0.0328637 0.0278178 0.0230982 0.0186758 0.0145507 0.0107867 0.00750638
 0.00753282 0.0123417 0.0187699 0.0268164 0.0362395 0.0463967 0.0562169 0.0644679 0.0701976 0.0730272 0.0731167 0.0709275 0.0670083 0.0618909 0.0560508 0.0498852 0.0436993 0.0377066 0.0320383 0.026757 0.0218758 0.0173897 0.0133116 0.00969748 0.00663817
 0.00760585 0.0124568 0.0189363 0.0270406 0.0365246 0.0467414 0.0566152 0.0649091 0.0706693 0.0735188 0.0736195 0.0714315 0.0674958 0.0623314 0.0564009 0.0500931 0.0437151 0.0374944 0.0315863 0.0260844 0.0210348 0.0164604 0.0123893 0.00887217 0.00597318
 0.00763599 0.012504 0.019004 0.0271312 0.0366395 0.0468811 0.0567793 0.0650968 0.0708801 0.0737532 0.0738795 0.0717186 0.0678079 0.0626575 0.0567174 0.0503627 0.0438909 0.0375286 0.0314439 0.0257555 0.0205427 0.0158603 0.011757 0.0082845 0.00548807
 0.00774109 0.0126594 0.0192092 0.0273754 0.0369045 0.0471467 0.0570271 0.0653126 0.0710548 0.0738841 0.0739708 0.0717813 0.0678562 0.0627048 0.0567697 0.0504138 0.0439201 0.0375037 0.0313302 0.0255292 0.0202032 0.0154353 0.0112972 0.00784782 0.00512169
 0.00776515 0.0127023 0.01928 0.0274829 0.0370533 0.0473312 0.0572291 0.0655041 0.0712081 0.0739828 0.0740161 0.0717889 0.0678484 0.0627011 0.0567816 0.0504424 0.0439547 0.0375229 0.0313063 0.0254368 0.02003 0.0151905 0.0110104 0.00756025 0.00487087
 0.0078303 0.0127988 0.0194082 0.0276379 0.0372272 0.0475168 0.0574208 0.0656957 0.0713887 0.0741356 0.0741215 0.0718324 0.0678279 0.0626287 0.0566792 0.0503322 0.0438507 0.0374266 0.0312069 0.0253175 0.0198771 0.015002 0.0107995 0.00735061 0.0046872
 0.00784552 0.0128245 0.0194481 0.0276951 0.0373026 0.0476071 0.057518 0.0657892 0.07147 0.0742017 0.0741746 0.0718753 0.0678598 0.0626457 0.0566773 0.050312 0.0438169 0.0373841 0.0311561 0.025253 0.0197917 0.0148927 0.0106721 0.00721901 0.00456795
 0.00787469 0.0128672 0.0195036 0.0277603 0.037373 0.0476789 0.0575889 0.065858 0.0715345 0.074258 0.074218 0.0719029 0.0678711 0.0626424 0.0566615 0.0502848 0.0437794 0.0373373 0.031101 0.0251892 0.0197176 0.0148077 0.0105794 0.00712618 0.00448464
 0.00787203 0.0128624 0.0194957 0.0277478 0.0373543 0.047653 0.0575562 0.0658213 0.0714996 0.0742328 0.0742106 0.0719181 0.0679091 0.062698 0.0567265 0.0503503 0.0438375 0.0373824 0.0311295 0.025199 0.0197083 0.0147806 0.0105386 0.00707849 0.00443786
 0.00787207 0.0128555 0.0194726 0.0276963 0.0372634 0.0475186 0.0573859 0.0656345 0.0713225 0.0740907 0.0741221 0.0718927 0.0679468 0.0627911 0.0568613 0.0505094 0.0440029 0.0375381 0.0312635 0.0253039 0.0197809 0.0148222 0.0105539 0.00707505 0.00442424
 0.0078855 0.0128749 0.0194968 0.0277213 0.0372819 0.0475199 0.0573579 0.0655671 0.0712129 0.0739479 0.0739668 0.0717517 0.0678452 0.0627446 0.0568735 0.0505728 0.0441024 0.0376554 0.0313808 0.0254074 0.0198616 0.0148769 0.0105844 0.00708656 0.00442375
 0.00789429 0.0128873 0.0195119 0.027737 0.0372949 0.0475266 0.0573542 0.0655485 0.0711747 0.0738864 0.0738819 0.07165 0.0677404 0.0626554 0.0568173 0.0505603 0.0441343 0.0377227 0.0314685 0.0254989 0.0199433 0.0149403 0.0106268 0.00711031 0.00443386
 0.00788563 0.0128748 0.019496 0.027719 0.0372763 0.0475084 0.0573362 0.0655295 0.0711529 0.07386 0.0738494 0.0716106 0.0676954 0.0626092 0.0567782 0.0505385 0.0441383 0.0377555 0.0315259 0.0255705 0.0200165 0.0150042 0.0106752 0.00714205 0.00445158
 0.00789883 0.012889 0.0195043 0.027711 0.037242 0.0474431 0.0572444 0.0654246 0.0710521 0.0737783 0.0737945 0.0715828 0.0676896 0.0626187 0.0567977 0.0505663 0.0441758 0.0378053 0.0315884 0.0256423 0.0200906 0.0150721 0.0107303 0.00718153 0.00447641
 0.00784864 0.0128155 0.0194084 0.0275979 0.0371185 0.0473142 0.057112 0.0652893 0.070918 0.0736558 0.0737 0.0715326 0.0676935 0.0626759 0.056898 0.0506946 0.0443178 0.0379504 0.0317299 0.0257756 0.020211 0.0151749 0.0108118 0.00724056 0.00451509
 0.00782331 0.0127653 0.019317 0.0274467 0.0368942 0.0470182 0.0567673 0.0649376 0.0706072 0.0734239 0.0735662 0.0714982 0.0677491 0.0628079 0.057091 0.0509309 0.0445778 0.0382148 0.0319823 0.0260038 0.0204073 0.015335 0.0109346 0.00732809 0.00457244
 0.00781362 0.0127493 0.0192918 0.0274075 0.0368331 0.046924 0.0566277 0.0647452 0.070367 0.0731582 0.0733113 0.0712943 0.0676268 0.0627806 0.0571545 0.0510692 0.0447691 0.0384359 0.0322114 0.0262225 0.0206016 0.0154964 0.0110595 0.00741781 0.00463171
 0.00777691 0.0126916 0.0192086 0.0272966 0.0366948 0.0467619 0.0564489 0.0645588 0.0701816 0.0729807 0.0731482 0.0711555 0.067528 0.06274 0.0571863 0.051177 0.0449436 0.0386576 0.0324561 0.0264662 0.0208243 0.0156845 0.0112065 0.00752384 0.0047019
 0.00774008 0.0126299 0.0191126 0.0271573 0.0365065 0.0465263 0.0561788 0.0642775 0.069918 0.0727609 0.0729891 0.071063 0.0675001 0.0627721 0.0572753 0.0513211 0.0451391 0.0388952 0.0327193 0.0267335 0.0210743 0.0158998 0.0113773 0.00764816 0.00478471
 0.00771025 0.0125788 0.0190311 0.0270352 0.0363348 0.0463015 0.0559062 0.0639737 0.069609 0.0724775 0.0727612 0.0709133 0.0674401 0.0628014 0.0573842 0.0514956 0.0453644 0.0391567 0.0330012 0.027018 0.021342 0.0161335 0.0115653 0.00778688 0.00487811
 0.0076849 0.0125395 0.0189752 0.0269606 0.0362397 0.0461833 0.0557623 0.063803 0.0694143 0.0722685 0.0725542 0.07073 0.0673033 0.0627297 0.0573875 0.0515734 0.0455076 0.0393505 0.0332277 0.0272581 0.0215762 0.0163442 0.0117395 0.00791852 0.0049686
 0.00766336 0.0125036 0.0189198 0.0268808 0.0361325 0.0460497 0.0556084 0.0636393 0.0692524 0.0721173 0.0724191 0.0706144 0.0672125 0.0626723 0.0573744 0.0516137 0.0456046 0.0394993 0.0334162 0.0274685 0.0217888 0.0165404 0.0119051 0.008046 0.00505765
 0.00763956 0.0124665 0.0188668 0.0268104 0.0360441 0.0459437 0.0554868 0.0635065 0.0691158 0.0719861 0.0723026 0.0705202 0.0671452 0.0626345 0.0573684 0.0516429 0.0456727 0.0396076 0.0335606 0.0276383 0.0219684 0.0167124 0.0120546 0.00816373 0.0051415
 0.00760598 0.0124147 0.0187941 0.0267164 0.0359309 0.0458158 0.0553511 0.0633718 0.0689913 0.0718794 0.0722188 0.0704619 0.0671136 0.06263 0.057391 0.0516929 0.0457502 0.0397126 0.0336909 0.0277881 0.0221272 0.0168666 0.0121909 0.00827311 0.00522069
 0.00759689 0.0123984 0.0187669 0.0266742 0.0358702 0.0457359 0.0552555 0.0632678 0.0688883 0.0717863 0.0721416 0.0704037 0.0670751 0.062611 0.0573919 0.0517142 0.0457932 0.0397781 0.0337782 0.0278938 0.0222442 0.0169848 0.0122994 0.00836291 0.00528754
 0.0075736 0.0123628 0.0187173 0.0266103 0.0357929 0.0456466 0.0551565 0.0631629 0.0687834 0.0716892 0.072061 0.0703469 0.0670464 0.0626113 0.0574186 0.0517637 0.0458618 0.039863 0.033877 0.028003 0.0223585 0.0170967 0.0124005 0.00844636 0.00534986
 0.00757258 0.0123608 0.0187136 0.026604 0.0357832 0.0456327 0.0551377 0.0631386 0.0687527 0.0716509 0.0720147 0.0702942 0.0669917 0.0625611 0.0573798 0.0517417 0.0458595 0.039881 0.033914 0.0280563 0.0224233 0.0171667 0.0124683 0.0085053 0.00539575
 0.00756285 0.012347 0.0186967 0.026586 0.0357664 0.045619 0.0551274 0.0631307 0.0687449 0.071641 0.0720009 0.0702753 0.0669674 0.062533 0.0573514 0.051718 0.0458458 0.0398813 0.0339303 0.0280879 0.022467 0.0172172 0.0125194 0.00855108 0.00543225
 0.00754588 0.0123207 0.0186597 0.0265383 0.0357099 0.0455576 0.0550673 0.0630791 0.0687085 0.0716233 0.0720011 0.0702889 0.0669886 0.0625561 0.0573731 0.0517375 0.045865 0.0399034 0.0339584 0.0281236 0.0225096 0.0172636 0.012565 0.00859151 0.00546433
 0.00752388 0.0122864 0.0186109 0.0264741 0.0356312 0.0454676 0.054972 0.0629872 0.06863 0.0715676 0.0719745 0.070293 0.0670199 0.0626077 0.0574363 0.0518046 0.0459306 0.0399655 0.0340172 0.0281802 0.0225646 0.0173159 0.0126125 0.00863151 0.00549514
 0.00751167 0.012263 0.0185692 0.0264061 0.0355301 0.0453322 0.0548096 0.0628138 0.0684667 0.0714348 0.0718873 0.070259 0.0670391 0.0626735 0.0575376 0.051928 0.046063 0.0400961 0.0341391 0.0282897 0.0226601 0.017397 0.0126787 0.00868273 0.00553208
 0.0075049 0.0122552 0.0185629 0.0264044 0.0355346 0.04534 0.0548118 0.0627983 0.0684234 0.0713617 0.0717928 0.0701597 0.0669537 0.0626168 0.0575168 0.0519423 0.0461059 0.0401577 0.0342093 0.0283605 0.022726 0.0174548 0.0127267 0.00872031 0.00555945
 0.00750487 0.012253 0.018556 0.0263898 0.0355104 0.0453072 0.0547753 0.0627642 0.068396 0.0713398 0.0717704 0.0701304 0.066916 0.0625763 0.0574841 0.0519279 0.0461154 0.0401906 0.0342597 0.02842 0.0227867 0.0175104 0.0127735 0.00875666 0.00558553
 0.00748222 0.0122201 0.0185138 0.0263411 0.0354592 0.0452564 0.0547262 0.0627174 0.0683529 0.0713035 0.0717449 0.070118 0.0669154 0.0625841 0.0574975 0.0519471 0.0461432 0.0402302 0.0343115 0.0284806 0.0228501 0.0175701 0.0128245 0.00879636 0.00561373
 0.00748222 0.0122201 0.0185138 0.0263411 0.0354592 0.0452564 0.0547262 0.0627174 0.0683529 0.0713035 0.0717449 0.070118 0.0669154 0.0625841 0.0574975 0.0519471 0.0461432 0.0402302 0.0343115 0.0284806 0.0228501 0.0175701 0.0128245 0.00879636 0.00561373
 0.00710821 0.0116226 0.0176371 0.0251489 0.0339511 0.0434896 0.0528313 0.0608909 0.0668171 0.0702493 0.0712841 0.0702662 0.0676053 0.0636929 0.0588791 0.0534589 0.0476652 0.0416725 0.0356143 0.0296081 0.0237841 0.018307 0.0133739 0.00918001 0.00586233
 0.00708464 0.0115436 0.0174427 0.0247576 0.0332793 0.0424843 0.0515017 0.059323 0.0651634 0.0686998 0.0700295 0.0694619 0.0673415 0.0639797 0.0596495 0.0545904 0.0490101 0.0430875 0.0369808 0.0308405 0.0248304 0.0191442 0.0140032 0.00962146 0.00614918
 0.00706425 0.0115186 0.0174167 0.0247302 0.033234 0.0423766 0.0512566 0.0588533 0.0644081 0.0676645 0.0688079 0.068222 0.0662819 0.0632754 0.0594071 0.0548273 0.0496601 0.0440271 0.0380639 0.0319313 0.0258239 0.0199752 0.014645 0.0100793 0.0064497
 0.00707813 0.011544 0.0174605 0.0248008 0.0333392 0.0425178 0.0514205 0.0590029 0.0644784 0.0675717 0.0684761 0.0676211 0.0654588 0.0623566 0.0585665 0.0542308 0.0494129 0.0441471 0.0384877 0.0325448 0.0265018 0.0206128 0.0151754 0.0104759 0.00671799
 0.00696774 0.0113807 0.0172453 0.0245464 0.0330681 0.042258 0.0512011 0.0588488 0.0644027 0.0675661 0.0685037 0.067621 0.0653674 0.0621397 0.0582473 0.0538927 0.0491719 0.044104 0.0386866 0.0329583 0.0270474 0.0211884 0.0156941 0.010886 0.00700632
 0.00694734 0.0113389 0.0171672 0.0244151 0.0328717 0.0419993 0.0509041 0.0585566 0.0641644 0.0674191 0.0684592 0.0676592 0.0654424 0.0621952 0.0582383 0.0538094 0.0490506 0.0440163 0.0387071 0.033128 0.0273546 0.0215765 0.0160894 0.0112276 0.00726246
 0.00684595 0.0111833 0.0169496 0.0241335 0.0325284 0.0416001 0.0504603 0.0580896 0.0637095 0.0670247 0.0681771 0.0675293 0.0654771 0.0623716 0.0585055 0.054108 0.0493386 0.0442852 0.0389794 0.0334363 0.0277149 0.0219733 0.0164819 0.0115706 0.00752631
 0.00685731 0.0111946 0.0169537 0.0241192 0.0324838 0.0415164 0.0503349 0.0579255 0.0635129 0.0668028 0.0679415 0.0672996 0.0652813 0.0622389 0.0584534 0.054134 0.0494232 0.0444055 0.0391237 0.0336077 0.0279209 0.0222114 0.0167332 0.0118055 0.0077189
 0.00685444 0.0111991 0.0169765 0.0241741 0.0325812 0.0416547 0.0504953 0.0580739 0.0636109 0.0668209 0.067868 0.0671418 0.0650621 0.061991 0.0582127 0.053932 0.0492795 0.0443256 0.0391033 0.03364 0.0279999 0.0223293 0.0168753 0.0119511 0.00784732
 0.00684363 0.0111833 0.0169568 0.0241543 0.032569 0.0416619 0.0505352 0.0581558 0.0637326 0.0669634 0.0679978 0.067222 0.0650662 0.0619131 0.0580688 0.0537533 0.0491015 0.0441783 0.0390054 0.0335982 0.0280115 0.0223847 0.0169598 0.0120467 0.00793681
 0.00688878 0.0112552 0.0170619 0.0242969 0.0327496 0.0418757 0.0507708 0.0583966 0.0639599 0.0671604 0.0681495 0.0673135 0.0650819 0.0618396 0.0579027 0.0535068 0.0488029 0.0438656 0.0387163 0.0333613 0.0278419 0.0222835 0.0169168 0.0120449 0.00795712
 0.00684689 0.0111945 0.0169846 0.0242105 0.0326656 0.0418075 0.050731 0.0583951 0.0640024 0.067247 0.0682742 0.0674638 0.0652393 0.0619817 0.058006 0.0535534 0.048787 0.0437966 0.0386167 0.0332588 0.0277602 0.0222355 0.0169031 0.0120567 0.00798195
 0.00687003 0.0112258 0.0170204 0.0242441 0.0326905 0.0418209 0.0507366 0.0584027 0.0640232 0.0672889 0.068338 0.0675439 0.0653253 0.0620608 0.0580643 0.0535775 0.048767 0.0437306 0.0385135 0.033137 0.0276422 0.0221401 0.0168398 0.0120244 0.00797241
 0.00688789 0.0112584 0.0170751 0.0243287 0.0328089 0.0419688 0.0508991 0.0585565 0.0641457 0.0673666 0.0683715 0.0675442 0.0653064 0.0620323 0.0580281 0.0535292 0.048699 0.0436369 0.0383942 0.0330006 0.027504 0.022017 0.0167441 0.0119604 0.0079364
#pred catch len freq
 0.00434867 0.0068913 0.010072 0.01382 0.0180902 0.0228405 0.0279634 0.0332543 0.0384519 0.0433031 0.0476038 0.0512157 0.0540756 0.0561931 0.0576313 0.058481 0.0588416 0.0587954 0.0583482 0.0573352 0.0553539 0.051837 0.0463269 0.0388434 0.0300827
 0.00455757 0.00715098 0.0103187 0.0139541 0.018015 0.0225167 0.0274447 0.0326747 0.0379645 0.0430077 0.0475083 0.0512518 0.0541527 0.0562557 0.0576876 0.0585935 0.0590849 0.0592029 0.0588753 0.0578608 0.055727 0.0519464 0.0461539 0.0384656 0.0296289
