SBPRF35
12.7214
Curr Bio
876640
B35
876591
F35
0.171352
FOFL
0.167663
OFL
118074
Bzero
3.63469e+006
#pred survey bio
 3.48291e+006 3.36858e+006 3.25571e+006 3.10075e+006 2.91414e+006 2.70886e+006 2.47463e+006 2.25583e+006 2.0202e+006 1.78231e+006 1.59788e+006 1.42366e+006 1.25248e+006 1.08468e+006 971008 852084 755569 688738 647812 617031 605217 587896 579958 571193 566141 568487 551743 550534 561741 558189 560610 558711 559486 570450 587210 599821 615745 621819 622698 635744 635481 644476 639336 645632 653959 668197 660311 674705 682556 681086 682265 715525 750824 763320 813290 842110 857436 871753 892768 888801 888586 904409 893836 896410 882453 3.02548e+007 1.80471e+007 1.82954e+007 1.91107e+007 2.02879e+007 2.16012e+007 2.28843e+007 2.40394e+007 2.50239e+007 2.5832e+007 2.6478e+007 2.69852e+007 2.73784e+007 2.76808e+007 2.79124e+007 2.80894e+007 2.82247e+007 2.83284e+007 2.84079e+007 2.84693e+007 2.85168e+007 2.85537e+007 2.85826e+007 2.86052e+007 2.86231e+007 2.86372e+007 2.86484e+007 2.86573e+007 2.86644e+007 2.86701e+007 2.86747e+007 2.86784e+007 2.86814e+007 2.86839e+007 2.86858e+007 2.86874e+007 2.86887e+007 2.86898e+007 2.86906e+007 2.86913e+007 2.86919e+007 2.86924e+007 2.86927e+007 2.86931e+007 2.86933e+007 2.86935e+007 2.86937e+007 2.86938e+007 2.86939e+007 2.8694e+007 2.86941e+007 2.86942e+007 2.86942e+007 2.86943e+007 2.86943e+007 2.86943e+007 2.86944e+007 2.86944e+007 2.86944e+007 2.86944e+007 2.86944e+007 2.86944e+007 2.86944e+007 2.86944e+007 2.86944e+007 2.86944e+007 2.86944e+007 2.86944e+007 2.86944e+007 2.86944e+007 2.86944e+007 2.86945e+007 2.86945e+007 2.86945e+007 2.86945e+007 2.86945e+007 2.86945e+007 2.86945e+007 2.86945e+007 2.86945e+007 2.86945e+007 2.86945e+007 2.86945e+007 2.86945e+007 2.86945e+007 2.86945e+007 2.86945e+007 2.86945e+007 2.86945e+007 2.86945e+007 2.86945e+007 2.86945e+007 2.86945e+007 2.86945e+007 2.86945e+007 2.86945e+007 2.86945e+007 2.86945e+007 2.86945e+007 2.86945e+007 0 0 0 0 0 0 0 0 0 0 0 0 0 0 0 0 0 0 0 0 0 0 0 0 0
#obs survey bio
 2.7063e+006 3.82232e+006 3.89526e+006 4.11062e+006 3.16998e+006 2.45616e+006 2.7742e+006 1.92432e+006 2.3192e+006 1.64219e+006 1.74816e+006 1.31115e+006 1.32806e+006 801126 722950 777885 709528 800151 586878 523646 746318 689133 486072 679422 517066 637511 551298 438822 598893 663102 532784 713492 535850 459278 521743 653492 576214 599030 539394 531938 581345 637188 548290 578010 425985 673618 749911 587905 895678 646529 640904 633622 515136 934463 970150 613315 718274 940593 824545 798992 986883 1.04404e+006 1.17621e+006 898593 898718
#pred catch bio
 106275 109868 157016 196946 227568 269138 270992 301857 317482 280541 279943 282416 281640 235017 238023 213778 183176 157220 145731 127577 129828 119201 117885 113016 105679 120117 105327 94821 106605 100125 102777 99637.3 91050.1 87314.2 92078 89986.4 98483.4 102714 93182.5 105825 99578.7 113292 104783 104770 101501 120543 101334 107415 114596 111306 84989.7 85687.1 106364 76127.2 96740.7 109264 110535 105113 125961 121119 106393 127565 114207 127451 129914 118074 119435 119863 124093 131209 139334 147233 154242 160095 164775 168400 171140 173173 174661 175736 176506 177054 177442 177715 177906 178040 178133 178198 178243 178275 178296 178311 178322 178329 178334 178337 178339 178341 178342 178343 178343 178344 178344 178344 178344 178344 178345 178345 178345 178345 178345 178345 178345 178345 178345 178345 178345 178345 178345 178345 178345 178345 178345 178345 178345 178345 178345 178345 178345 178345 178345 178345 178345 178345 178345 178345 178345 178345 178345 178345 178345 178345 178345 178345 178345 178345 178345 178345 178345 178345 178345 178345 178345 178345 178345 178345 178345 178345 178345 178345 178345 178345 178345 178345 178345 0 0 0 0 0 0 0 0 0 0 0 0 0 0 0 0 0 0 0 0 0 0 0 0 0
#obs catch bio
 0 109657 157272 197106 227816 269963 270435 302428 319642 281710 281164 283163 282457 238560 242842 217158 184944 158223 146984 128764 130938 119402 118150 113025 105591 119777 105429 94896.1 106666 99499.7 102357 99160.8 90813.7 86962.4 92005.8 89737.6 97946.8 101877 92651.9 105415 99070.2 113700 105190 105221 101911 121495 101422 107651 114897 111084 84704.2 85358.2 107118 75847.6 96926.6 109619 110987 105051 126516 121558 106257 128079 113695 127097 129952
#pred cpue bio
 3.44285e+006 3.32982e+006 3.21698e+006 3.06191e+006 2.87562e+006 2.6706e+006 2.43685e+006 2.21832e+006 1.98323e+006 1.74631e+006 1.56264e+006 1.38943e+006 1.21946e+006 1.0529e+006 940105 822912 728204 662784 622802 592757 581431 564939 557514 549121 544348 546864 530604 529481 540659 537532 540144 538399 539247 550060 566473 578870 594694 600824 601574 614173 613661 622096 616762 622797 630867 644804 637230 651504 659349 658164 659408 692127 726972 739310 788453 816867 831879 845998 866894 863226 863199 879065 869033 871716 857813 2.93957e+007 1.75277e+007 1.76527e+007 1.83549e+007 1.95015e+007 2.08092e+007 2.20914e+007 2.32463e+007 2.42308e+007 2.50389e+007 2.5685e+007 2.61921e+007 2.65853e+007 2.68877e+007 2.71193e+007 2.72964e+007 2.74317e+007 2.75353e+007 2.76149e+007 2.76762e+007 2.77237e+007 2.77607e+007 2.77895e+007 2.78122e+007 2.783e+007 2.78442e+007 2.78553e+007 2.78643e+007 2.78714e+007 2.78771e+007 2.78817e+007 2.78854e+007 2.78884e+007 2.78908e+007 2.78928e+007 2.78944e+007 2.78957e+007 2.78967e+007 2.78976e+007 2.78983e+007 2.78988e+007 2.78993e+007 2.78997e+007 2.79e+007 2.79003e+007 2.79005e+007 2.79006e+007 2.79008e+007 2.79009e+007 2.7901e+007 2.79011e+007 2.79011e+007 2.79012e+007 2.79012e+007 2.79012e+007 2.79013e+007 2.79013e+007 2.79013e+007 2.79013e+007 2.79013e+007 2.79014e+007 2.79014e+007 2.79014e+007 2.79014e+007 2.79014e+007 2.79014e+007 2.79014e+007 2.79014e+007 2.79014e+007 2.79014e+007 2.79014e+007 2.79014e+007 2.79014e+007 2.79014e+007 2.79014e+007 2.79014e+007 2.79014e+007 2.79014e+007 2.79014e+007 2.79014e+007 2.79014e+007 2.79014e+007 2.79014e+007 2.79014e+007 2.79014e+007 2.79014e+007 2.79014e+007 2.79014e+007 2.79014e+007 2.79014e+007 2.79014e+007 2.79014e+007 2.79014e+007 2.79014e+007 2.79014e+007 2.79014e+007 2.79014e+007 2.79014e+007 2.79014e+007 2.79014e+007 0 0 0 0 0 0 0 0 0 0 0 0 0 0 0 0 0 0 0 0 0 0 0 0 0
#obs cpue bio
 2.55253e+006 2.99487e+006 2.77109e+006 2.64911e+006 2.17879e+006 2.79196e+006 3.26039e+006 1.90074e+006 1.19711e+006 1.80894e+006 1.45546e+006 1.6739e+006 1.18793e+006 509546 955823 863278 832416 559796 563449 503254 499361 617120 650920 522476 564035 704788 375475 583467 645402 679254 560684 483781 485730 792581 556884 582458 923650 895294 522091 833157 639662 398529 556991 671994 778267 651808 621357 746892 509742 1.10374e+006 616910 894184 610641 722215 627367 955234 839681 973629 797825 896657 897476 706503 1.06815e+006 923248 622601
#pred surv len freq
 0.00426905 0.00701575 0.010718 0.0154116 0.021015 0.0272408 0.033575 0.0394137 0.0442926 0.0480343 0.0507206 0.0525599 0.0537701 0.0545251 0.054945 0.055106 0.055058 0.0548274 0.0543757 0.0535106 0.0518148 0.0487081 0.0437082 0.0367912 0.0285934
 0.00456268 0.00741018 0.0111614 0.0158119 0.0212756 0.0273099 0.0334774 0.0392381 0.0441375 0.0479489 0.0506813 0.052496 0.053619 0.0542803 0.054669 0.0549041 0.0550264 0.0550006 0.0546979 0.0538488 0.0520131 0.0486583 0.0433994 0.0363074 0.0280648
 0.00464302 0.0075954 0.0115342 0.0164652 0.0222675 0.0286074 0.0349256 0.0405929 0.0451592 0.0485023 0.0507744 0.0522372 0.0531354 0.0536613 0.0539664 0.0541643 0.0543119 0.0543752 0.0541892 0.0534218 0.051583 0.0481407 0.0427647 0.0356011 0.0273808
 0.00479053 0.00781817 0.011843 0.0168721 0.0227998 0.0293164 0.0358757 0.0418199 0.046616 0.0500303 0.052135 0.0531984 0.0535613 0.0535485 0.0534133 0.0533107 0.0532924 0.0532992 0.0531315 0.0524151 0.050619 0.0471927 0.0418235 0.0346982 0.0265792
 0.0049805 0.00812814 0.0123101 0.0175279 0.023661 0.0303742 0.0370917 0.0431367 0.0479774 0.0513915 0.0534466 0.0543753 0.0544705 0.0540408 0.0533842 0.052747 0.0522741 0.0519623 0.0516192 0.0508431 0.0490644 0.0457046 0.0404439 0.0334767 0.025568
 0.00517261 0.00844428 0.0127932 0.0182212 0.0245995 0.0315717 0.0385255 0.0447405 0.04965 0.0530196 0.0549292 0.0556354 0.0554474 0.054671 0.0535914 0.0524588 0.0514578 0.0506533 0.0499217 0.0489021 0.047032 0.0437182 0.0386198 0.0319077 0.0243162
 0.00545236 0.0088895 0.013446 0.0191156 0.0257573 0.0329953 0.0401873 0.0465768 0.0515644 0.0548954 0.0566459 0.0570838 0.0565401 0.055345 0.0538011 0.0521662 0.0506329 0.0492917 0.0480692 0.0466688 0.0445843 0.0412521 0.0363266 0.029942 0.0227702
 0.00569317 0.00928897 0.0140615 0.0200042 0.0269629 0.0345289 0.0420093 0.0485941 0.0536484 0.0569105 0.0584721 0.0586243 0.0577182 0.0560984 0.0540793 0.051929 0.0498509 0.0479534 0.0461988 0.044348 0.0419651 0.038545 0.0337639 0.0277256 0.0210262
 0.00591774 0.00966686 0.0146544 0.0208791 0.0281794 0.0361186 0.043953 0.0508104 0.0560012 0.0592334 0.0605974 0.0604075 0.0590527 0.0569182 0.05435 0.0516338 0.0489806 0.0465076 0.0442006 0.0418694 0.0391484 0.0356041 0.0309513 0.0252744 0.0190899
 0.00621216 0.0101391 0.0153541 0.0218507 0.0294579 0.0377197 0.0458603 0.0529653 0.0583025 0.0615468 0.0627715 0.0622905 0.0605105 0.0578492 0.0546917 0.0513593 0.0480876 0.0450105 0.0421351 0.0393119 0.0362393 0.032555 0.02802 0.0227063 0.017053
 0.00642264 0.0104871 0.0158885 0.0226208 0.0305031 0.0390554 0.0474638 0.054773 0.0602225 0.0634785 0.0646178 0.0639589 0.0619074 0.0588787 0.0552629 0.0513973 0.0475434 0.0438666 0.0404118 0.0370788 0.0336302 0.0297722 0.0253106 0.0203098 0.0151383
 0.00666517 0.0108795 0.0164761 0.0234451 0.0315953 0.0404249 0.0490848 0.056578 0.0621094 0.0653288 0.0663179 0.0654151 0.0630506 0.0596591 0.0556389 0.051327 0.0469846 0.0427871 0.0388078 0.0349969 0.0311854 0.0271508 0.0227466 0.0180326 0.0133124
 0.00699367 0.0114054 0.0172519 0.0245129 0.0329777 0.0421113 0.051018 0.058651 0.0641809 0.0672513 0.0679638 0.0666919 0.0639043 0.060069 0.0556067 0.0508628 0.0460941 0.0414697 0.0370688 0.0328721 0.0287674 0.0246 0.0202719 0.0158434 0.0115599
 0.00730606 0.0119276 0.0180631 0.025692 0.0345824 0.0441465 0.0534075 0.0612326 0.0667358 0.0695539 0.0698284 0.0679979 0.0645999 0.0601611 0.055143 0.04991 0.0447188 0.0397263 0.0350023 0.030536 0.0262492 0.022037 0.0178414 0.0137235 0.00987767
 0.00735315 0.0120309 0.0182698 0.026068 0.035203 0.0450781 0.0546847 0.0628395 0.0685966 0.0715358 0.0717578 0.0696898 0.0658926 0.0609453 0.0553734 0.0495988 0.0439162 0.0384997 0.0334241 0.0286849 0.0242226 0.0199616 0.0158679 0.011999 0.00850675
 0.00748232 0.0122457 0.0186032 0.0265561 0.0358816 0.0459746 0.0558075 0.06417 0.0700857 0.0731049 0.0733033 0.0710905 0.0670232 0.0616947 0.0556637 0.0493973 0.0432366 0.0373936 0.0319683 0.0269734 0.0223651 0.0180846 0.0141073 0.0104783 0.00730864
 0.00766567 0.0125291 0.0190026 0.0270781 0.0365246 0.0467307 0.056663 0.0651039 0.0710701 0.0741063 0.0742828 0.0720013 0.0678079 0.0622853 0.0559891 0.0493956 0.0428702 0.0366599 0.0309032 0.0256484 0.0208808 0.0165614 0.0126706 0.009237 0.00633246
 0.0078236 0.0127727 0.0193443 0.0275197 0.0370561 0.0473311 0.057301 0.0657428 0.0716765 0.0746607 0.0747828 0.0724545 0.0682179 0.0626382 0.0562479 0.0495055 0.0427723 0.0363092 0.0302854 0.0247896 0.0198477 0.0154518 0.0115943 0.00829187 0.00558263
 0.00792381 0.0129241 0.0195507 0.0277767 0.0373529 0.0476527 0.0576307 0.0660639 0.0719756 0.0749308 0.0750265 0.0726825 0.0684427 0.0628655 0.0564672 0.0496856 0.0428644 0.0362589 0.0300503 0.0243569 0.0192445 0.0147421 0.0108642 0.0076258 0.00504107
 0.00794578 0.0129686 0.0196334 0.0279157 0.0375624 0.0479337 0.0579646 0.0664146 0.0723005 0.0751968 0.0752194 0.0728086 0.0685217 0.0629205 0.0565146 0.0497273 0.0428837 0.0362232 0.0299214 0.0241072 0.0188723 0.0142781 0.0103644 0.00715384 0.00464766
 0.00780667 0.0127547 0.0193355 0.0275373 0.0371226 0.04747 0.0575316 0.0660767 0.0721155 0.0751972 0.0754029 0.0731424 0.0689579 0.0634111 0.0570203 0.0502171 0.0433298 0.0365962 0.0301906 0.0242475 0.0188745 0.0141576 0.0101602 0.00691751 0.0044266
 0.00786178 0.0128175 0.0193811 0.0275272 0.0370168 0.047245 0.0571968 0.0656765 0.0717179 0.0748735 0.0752083 0.073104 0.0690724 0.0636506 0.0573434 0.0505799 0.0436925 0.0369247 0.0304555 0.0244251 0.0189519 0.0141384 0.0100665 0.00678385 0.00428886
 0.00788735 0.0128545 0.0194266 0.0275715 0.0370408 0.0472197 0.0570874 0.0654545 0.071378 0.0744474 0.0747645 0.0727287 0.0688408 0.0636029 0.0574763 0.0508547 0.0440519 0.0373087 0.0308121 0.0247155 0.0191532 0.0142457 0.0100922 0.00675337 0.00423164
 0.00789404 0.012869 0.019455 0.0276206 0.0371149 0.0473161 0.0571911 0.0655374 0.071404 0.0743834 0.0745945 0.0724667 0.0685325 0.063314 0.0572705 0.0507718 0.0440962 0.0374525 0.0310091 0.0249168 0.0193201 0.0143568 0.0101446 0.00675894 0.0042096
 0.00788123 0.0128454 0.0194148 0.0275582 0.0370282 0.0472097 0.0570788 0.0654387 0.0713354 0.0743493 0.0745833 0.0724556 0.0685008 0.063257 0.0572049 0.0507291 0.0441076 0.0375328 0.0311493 0.0250889 0.0194892 0.0144943 0.0102366 0.00680651 0.00422433
 0.00782808 0.0127576 0.0192802 0.0273655 0.0367699 0.0468879 0.0567102 0.0650564 0.0709847 0.0740774 0.0744266 0.0724292 0.0685942 0.0634394 0.0574386 0.0509844 0.0443699 0.0377997 0.0314204 0.0253563 0.0197366 0.0147027 0.0103929 0.00690919 0.00428201
 0.00793502 0.0129267 0.0195246 0.0276909 0.0371698 0.0473373 0.0571626 0.0654483 0.0712508 0.0741709 0.074335 0.0721768 0.0682316 0.0630256 0.057025 0.0506061 0.0440469 0.0375418 0.0312313 0.0252335 0.0196701 0.0146761 0.0103881 0.00691162 0.00428363
 0.00789033 0.0128585 0.0194312 0.027575 0.0370403 0.0472093 0.0570563 0.0653841 0.0712417 0.0742158 0.0744165 0.0722682 0.0683084 0.0630749 0.0570482 0.0506149 0.0440553 0.0375607 0.0312662 0.0252844 0.0197324 0.014742 0.0104487 0.00695987 0.00431679
 0.00769059 0.012551 0.0190012 0.0270227 0.0363826 0.0464818 0.0563147 0.0647024 0.0707008 0.0738854 0.0743368 0.0724391 0.068691 0.0636042 0.0576513 0.0512282 0.0446351 0.0380834 0.0317227 0.0256732 0.0200545 0.014999 0.0106434 0.00709788 0.00440686
 0.00772318 0.0125821 0.0190077 0.0269707 0.036237 0.046222 0.0559469 0.0642615 0.0702414 0.0734657 0.0740074 0.0722363 0.0686333 0.0636907 0.0578614 0.0515259 0.0449777 0.038432 0.0320491 0.0259612 0.020297 0.0151942 0.0107927 0.00720499 0.00447794
 0.00771812 0.0125734 0.0189926 0.0269428 0.0361837 0.0461225 0.0557756 0.0639968 0.0698797 0.0730332 0.0735594 0.0718433 0.0683602 0.0635779 0.0579177 0.0517308 0.0452907 0.0388042 0.0324335 0.0263209 0.0206082 0.0154458 0.0109831 0.00733954 0.00456603
 0.00772596 0.0125878 0.019017 0.026981 0.0362374 0.046189 0.0558435 0.0640451 0.0698795 0.0729557 0.0733876 0.0715839 0.0680478 0.0632683 0.0576705 0.0515903 0.0452734 0.0388978 0.0326056 0.0265316 0.0208212 0.015635 0.0111347 0.00745031 0.00464004
 0.00775832 0.0126288 0.0190578 0.027007 0.0362338 0.0461479 0.0557692 0.0639528 0.0697874 0.0728744 0.0733144 0.0715054 0.0679493 0.0631462 0.0575391 0.0514789 0.0452144 0.0389122 0.0326944 0.0266762 0.0209925 0.0158036 0.0112794 0.00756076 0.00471577
 0.007783 0.0126546 0.0190699 0.0269822 0.0361458 0.045977 0.0555117 0.0636263 0.0694293 0.0725342 0.0730413 0.0713341 0.0678903 0.0631856 0.0576483 0.0516298 0.0453904 0.039109 0.0329122 0.0269102 0.021229 0.0160236 0.0114654 0.00770288 0.00481377
 0.0076871 0.0125165 0.0188943 0.0267825 0.0359374 0.0457681 0.0552982 0.0633956 0.0691721 0.0722575 0.0727728 0.0711164 0.0677659 0.0631809 0.0577649 0.0518464 0.0456736 0.0394259 0.0332376 0.0272271 0.0215238 0.0162837 0.0116797 0.00786558 0.00492631
 0.00756443 0.0123302 0.0186391 0.0264647 0.0355757 0.0453922 0.0549455 0.0631034 0.0689659 0.0721413 0.0727298 0.0711215 0.0678028 0.0632507 0.0578817 0.0520241 0.0459142 0.0397164 0.0335552 0.0275467 0.0218236 0.0165468 0.0118953 0.00802898 0.00503979
 0.00748878 0.0121963 0.0184185 0.0261273 0.0351006 0.0447832 0.0542437 0.062386 0.0683286 0.0716699 0.0724757 0.0710917 0.0679664 0.0635565 0.0582786 0.0524738 0.0463929 0.040208 0.0340436 0.0280121 0.0222449 0.0169061 0.0121817 0.0082409 0.0051841
 0.00757776 0.0123221 0.0185716 0.0262833 0.0352226 0.0448282 0.0541718 0.0621716 0.0679723 0.0712058 0.0719692 0.0706224 0.0676041 0.0633415 0.0582156 0.0525412 0.0465577 0.0404381 0.0343121 0.028296 0.0225228 0.0171582 0.0123929 0.0084032 0.00529792
 0.00766523 0.0124673 0.0187942 0.0265991 0.0356345 0.0453148 0.0546791 0.0626171 0.0682648 0.0712746 0.0717884 0.0702203 0.0670541 0.0627394 0.0576525 0.0520816 0.046231 0.0402433 0.0342291 0.028297 0.0225789 0.017243 0.0124842 0.00848502 0.00536156
 0.00767226 0.0124739 0.0187961 0.0265922 0.0356192 0.0453003 0.0546846 0.0626637 0.0683616 0.0714063 0.0719144 0.0702893 0.0670272 0.0626093 0.0574476 0.0518537 0.0460344 0.0401162 0.0341852 0.0283277 0.0226619 0.0173518 0.012595 0.00858125 0.00543489
 0.00781269 0.0126902 0.0190985 0.0269799 0.0360784 0.0458034 0.0551908 0.0631243 0.0687305 0.0716511 0.0720204 0.0702546 0.0668547 0.0623054 0.0570281 0.0513517 0.0455004 0.0396075 0.0337505 0.0279952 0.0224359 0.0172177 0.0125286 0.00855718 0.00543255
 0.007758 0.0126265 0.0190488 0.0269803 0.0361673 0.0460051 0.0555013 0.0635095 0.0691371 0.0720233 0.0723149 0.0704461 0.0669342 0.0622739 0.0568924 0.0511242 0.0452028 0.0392731 0.0334198 0.0277059 0.0222127 0.0170671 0.0124415 0.0085158 0.00541841
 0.00778037 0.0126644 0.0191098 0.0270755 0.0363124 0.0462198 0.0558044 0.0639092 0.0696188 0.0725433 0.0728044 0.0708298 0.0671532 0.0623015 0.0567359 0.0508155 0.0447864 0.0387973 0.0329329 0.0272522 0.0218267 0.0167683 0.0122318 0.00838308 0.00534298
 0.00777283 0.0126447 0.019067 0.0269967 0.0361885 0.0460538 0.0556189 0.0637463 0.0695315 0.072578 0.0729834 0.0711387 0.0675413 0.0626957 0.0570633 0.051025 0.0448591 0.0387453 0.0327896 0.0270602 0.0216273 0.0165928 0.0120974 0.00829282 0.00528976
 0.0077359 0.0125915 0.0189994 0.0269188 0.0361042 0.045963 0.0555164 0.0636272 0.0693996 0.0724537 0.0729023 0.0711407 0.0676517 0.0629107 0.0573465 0.0513187 0.0451049 0.0389037 0.0328492 0.0270363 0.0215505 0.0164969 0.0120083 0.00822462 0.00524531
 0.00754826 0.0123139 0.0186329 0.0264838 0.0356356 0.0455021 0.055103 0.0632945 0.0691703 0.0723382 0.0729006 0.0712477 0.067863 0.0632215 0.0577442 0.051775 0.0455753 0.0393371 0.0332039 0.0272917 0.02171 0.0165811 0.0120442 0.00823545 0.00524649
 0.00761244 0.0123963 0.0187172 0.0265436 0.0356448 0.0454489 0.0549994 0.0631725 0.0690659 0.0722726 0.0728726 0.0712395 0.0678564 0.0632105 0.0577382 0.05179 0.0456206 0.0394071 0.0332797 0.0273509 0.0217388 0.0165787 0.0120206 0.00820434 0.00521841
 0.00753515 0.0122744 0.0185402 0.0263025 0.035332 0.0450597 0.0545378 0.062659 0.0685442 0.0718081 0.0725373 0.07109 0.067913 0.0634526 0.0581165 0.0522471 0.0461073 0.0398861 0.0337227 0.0277353 0.0220483 0.0168075 0.0121746 0.00829833 0.00527047
 0.0074014 0.0120798 0.0182894 0.0260137 0.035031 0.0447693 0.05427 0.0624133 0.068313 0.0715855 0.0723294 0.0709198 0.0678164 0.0634655 0.0582581 0.0525106 0.0464621 0.0402894 0.0341311 0.0281127 0.0223694 0.0170588 0.0123547 0.00841578 0.00533993
 0.00747729 0.0121703 0.0183664 0.0260342 0.0349528 0.0445739 0.0539774 0.0620773 0.0679965 0.0713322 0.0721491 0.0707959 0.0677279 0.0634059 0.05824 0.0525555 0.0465843 0.0404849 0.0343777 0.0283776 0.02262 0.017271 0.0125164 0.00852697 0.00540876
 0.00752458 0.0122505 0.0184906 0.0262086 0.0351693 0.0448013 0.0541602 0.0621505 0.0679142 0.071093 0.0718006 0.0704124 0.0673771 0.0631272 0.0580449 0.0524417 0.0465475 0.0405213 0.034478 0.0285233 0.0227854 0.0174298 0.0126494 0.00862528 0.0054733
 0.00740159 0.0120458 0.0181757 0.0257588 0.0345752 0.0440821 0.0533717 0.0613775 0.0672458 0.0705953 0.0715035 0.0703166 0.0674699 0.0633915 0.0584582 0.0529716 0.0471535 0.0411608 0.0351127 0.0291209 0.0233185 0.0178773 0.0129991 0.00887723 0.00563922
 0.00729574 0.011875 0.0179204 0.0254006 0.034099 0.0434816 0.0526576 0.0605855 0.066439 0.0698569 0.0709196 0.0699557 0.0673666 0.063543 0.0588327 0.0535213 0.0478242 0.0418976 0.0358627 0.0298365 0.0239605 0.0184174 0.0134227 0.00918446 0.0058436
 0.00734852 0.0119538 0.0180253 0.0255248 0.0342277 0.0435912 0.0527161 0.0605559 0.0662874 0.0695653 0.0704987 0.0694495 0.0668458 0.0630872 0.058509 0.0533681 0.0478468 0.0420731 0.0361502 0.0301872 0.0243261 0.0187572 0.0137084 0.00940248 0.00599437
 0.00718614 0.0116952 0.017647 0.0250112 0.0335768 0.0428224 0.0518761 0.0597163 0.0655303 0.0689618 0.070092 0.0692513 0.0668451 0.0632642 0.0588455 0.0538494 0.0484558 0.0427824 0.0369189 0.0309634 0.0250558 0.019394 0.0142222 0.00978368 0.00625303
 0.00715473 0.0116431 0.0175663 0.0248923 0.0334088 0.0425944 0.0515804 0.059353 0.0651114 0.0685135 0.0696524 0.0688631 0.0665465 0.0630826 0.0587955 0.0539359 0.048676 0.0431252 0.0373611 0.0314682 0.025576 0.019881 0.0146368 0.0101042 0.00647753
 0.00708637 0.0115525 0.0174671 0.0248086 0.0333663 0.0426069 0.0516396 0.0594274 0.0651565 0.0684871 0.0695295 0.0686443 0.0662586 0.0627705 0.0585111 0.0537259 0.0485735 0.0431459 0.0375021 0.0317086 0.0258797 0.0202039 0.014937 0.0103517 0.00665933
 0.00700939 0.0114288 0.0172852 0.0245631 0.0330636 0.0422715 0.0513156 0.059169 0.065008 0.0684622 0.0696027 0.0687628 0.0663665 0.062833 0.0585253 0.0537166 0.0485797 0.0432046 0.0376355 0.0319182 0.0261465 0.0204947 0.0152148 0.0105867 0.006836
 0.00689383 0.0112462 0.0170206 0.0242065 0.0326128 0.0417365 0.0507242 0.0585702 0.0644681 0.0680522 0.0693788 0.0687479 0.066542 0.0631453 0.0589073 0.0541127 0.0489612 0.0435699 0.0379976 0.032288 0.0265221 0.0208592 0.0155432 0.0108568 0.00703677
 0.00689375 0.0112463 0.0170205 0.0242047 0.0326053 0.0417151 0.0506761 0.0584805 0.0643256 0.0678565 0.0691467 0.0685126 0.0663438 0.0630171 0.058862 0.0541406 0.0490402 0.0436795 0.0381282 0.0324396 0.0266951 0.0210468 0.0157299 0.0110238 0.00716969
 0.00685538 0.0111876 0.0169393 0.0241017 0.032484 0.0415815 0.0505377 0.0583447 0.0641973 0.0677363 0.0690321 0.0684026 0.066244 0.0629419 0.0588301 0.0541665 0.0491265 0.0438169 0.0383011 0.0326329 0.026897 0.0212469 0.0159164 0.0111844 0.00729546
 0.00670844 0.0109586 0.0166137 0.0236743 0.0319617 0.0409862 0.0499091 0.0577384 0.0636755 0.0673532 0.0688206 0.0683686 0.0663699 0.0631964 0.0591793 0.0545814 0.0495849 0.0442999 0.0387895 0.0331063 0.0273357 0.0216338 0.0162393 0.0114369 0.00747833
 0.00679947 0.0110813 0.0167516 0.0237958 0.0320287 0.040967 0.0497897 0.0575259 0.0633935 0.067034 0.0684985 0.0680755 0.0661323 0.0630324 0.0590967 0.054579 0.0496552 0.0444315 0.0389688 0.0333171 0.0275597 0.0218522 0.0164353 0.0115986 0.00760017
 0.00687199 0.0111905 0.0168981 0.023971 0.032212 0.0411256 0.0498814 0.0575089 0.0632409 0.0667485 0.0681161 0.0676554 0.0657378 0.0627134 0.0588817 0.0544756 0.0496558 0.0445195 0.0391232 0.0335151 0.027778 0.0220686 0.0166306 0.0117595 0.00772089
 0.00691545 0.0112783 0.017061 0.0242451 0.0326261 0.0416822 0.0505411 0.0581884 0.0638312 0.067145 0.0682482 0.0675052 0.0653418 0.0621488 0.0582429 0.0538498 0.0491064 0.0440809 0.0388045 0.0333079 0.0276634 0.0220231 0.01663 0.0117823 0.00775068
#obs surv len freq
 nan nan nan nan nan nan nan nan nan nan nan nan nan nan nan nan nan nan nan nan nan nan nan nan nan
 0.00448496 0.00734643 0.0111765 0.0159929 0.0216935 0.0279689 0.0342827 0.0400137 0.0446931 0.0481567 0.0505144 0.0520101 0.0529023 0.0534146 0.0537288 0.0539837 0.0542622 0.0545549 0.0546937 0.0542856 0.0527236 0.0493558 0.0438056 0.0362858 0.0276695
 0.00461559 0.00756136 0.0115044 0.0164608 0.0223203 0.0287548 0.0351992 0.0410009 0.0456681 0.0490309 0.0512099 0.0524715 0.0531017 0.0533517 0.0534262 0.0534791 0.0535997 0.0537774 0.0538404 0.0533939 0.0518325 0.0485088 0.0430478 0.0356554 0.0271877
 0.00478525 0.0078374 0.0119203 0.0170483 0.0231035 0.0297404 0.0363663 0.042295 0.0470055 0.050311 0.0523299 0.0533393 0.0536469 0.0535333 0.053236 0.0529396 0.052757 0.0526919 0.0525794 0.0520282 0.0504382 0.0471669 0.0418391 0.0346463 0.0264151
 0.00496883 0.00813994 0.0123832 0.0177125 0.0240014 0.0308831 0.0377305 0.0438185 0.0485964 0.0518635 0.0537395 0.0545101 0.0544954 0.0539922 0.0532609 0.0525152 0.0519007 0.0514526 0.0510328 0.0502723 0.0485891 0.0453524 0.0401853 0.0332564 0.0253469
 0.00518941 0.00849906 0.0129248 0.0184785 0.0250243 0.0321743 0.0392671 0.0455379 0.0504024 0.053643 0.0553786 0.0559054 0.0555578 0.0546484 0.053454 0.0522081 0.0510814 0.0501422 0.049292 0.0482049 0.0463396 0.0430939 0.0380952 0.0314825 0.0239753
 0.00541854 0.008875 0.013497 0.0192951 0.0261228 0.0335671 0.0409265 0.0473915 0.0523443 0.0555538 0.0571441 0.0574252 0.0567462 0.0554326 0.053773 0.0520132 0.0503411 0.048852 0.0474883 0.0459788 0.0438427 0.0405277 0.0356791 0.0294069 0.0223573
 0.00565317 0.00926104 0.0140867 0.0201402 0.0272652 0.0350228 0.0426696 0.0493479 0.0544015 0.0575826 0.0590192 0.0590382 0.0580096 0.0562777 0.0541451 0.0518674 0.0496419 0.0475817 0.0456636 0.0436729 0.0412004 0.0377611 0.0330342 0.0271075 0.0205488
 0.00590408 0.00966958 0.014703 0.0210119 0.0284292 0.0364922 0.044419 0.051307 0.0564636 0.0596231 0.0609147 0.0606782 0.0593025 0.0571515 0.054545 0.0517509 0.048976 0.0463461 0.0438658 0.0413714 0.0385274 0.034925 0.0302897 0.0246966 0.0186363
 0.00615844 0.010087 0.0153381 0.0219177 0.0296457 0.03803 0.0462425 0.0533303 0.0585642 0.0616675 0.06278 0.0622636 0.0605293 0.0579596 0.0548881 0.0515925 0.0482869 0.0451074 0.0420816 0.0390919 0.0358725 0.0320924 0.02753 0.0222553 0.0166872
 0.00636707 0.0104328 0.0158714 0.0226898 0.0307003 0.0393869 0.0478816 0.0551842 0.0605268 0.0636131 0.0645845 0.0638183 0.0617479 0.0587787 0.0552633 0.0514921 0.0476865 0.0439906 0.0404509 0.03699 0.033406 0.0294419 0.0249294 0.0199393 0.0148265
 0.00660687 0.010822 0.0164558 0.0235122 0.0317923 0.0407571 0.0495023 0.056986 0.0624072 0.0654543 0.0662716 0.0652509 0.0628459 0.0594837 0.0555368 0.0513106 0.0470359 0.0428645 0.0388583 0.0349726 0.0310609 0.0269329 0.0224704 0.0177473 0.0130619
 0.00682678 0.0111836 0.0170075 0.0243005 0.0328519 0.0420952 0.0510837 0.0587298 0.0642003 0.0671758 0.0678134 0.0665277 0.0637953 0.0600624 0.0557163 0.0510734 0.0463729 0.0417745 0.037354 0.0330958 0.0289005 0.024635 0.020225 0.0157476 0.0114513
 0.00703669 0.0115283 0.0175326 0.0250503 0.0338606 0.0433722 0.0525989 0.060408 0.065931 0.0688342 0.0692828 0.0677145 0.0646353 0.0605202 0.0557791 0.0507421 0.0456548 0.0406807 0.035905 0.0313343 0.0269082 0.0225409 0.0181948 0.0139483 0.0100061
 0.0072717 0.0119124 0.0181137 0.0258733 0.0349567 0.0447436 0.0542034 0.0621554 0.0676962 0.0704828 0.0706943 0.0687971 0.0653304 0.0608014 0.0556473 0.0502171 0.0447661 0.0394616 0.0343929 0.0295805 0.0249915 0.0205759 0.0163232 0.01231 0.00870135
 0.0074387 0.0121914 0.0185475 0.0265062 0.0358254 0.0458621 0.0555482 0.0636592 0.0692573 0.0719837 0.0720216 0.0698553 0.0660499 0.0611414 0.0555953 0.0497845 0.0439814 0.0383639 0.0330298 0.0280114 0.0232956 0.0188572 0.0147026 0.0109029 0.00758762
 0.00753234 0.0123451 0.0187825 0.0268455 0.0362916 0.046474 0.0563134 0.0645681 0.070279 0.0730653 0.0730921 0.0708326 0.0668515 0.0616956 0.0558503 0.0497133 0.0435818 0.037656 0.0320527 0.0268226 0.0219725 0.0174962 0.0134107 0.00977835 0.00669691
 0.00762244 0.0124837 0.0189769 0.0270983 0.0366025 0.0468416 0.056737 0.0650473 0.0708125 0.0736491 0.0737144 0.0714689 0.0674606 0.0622215 0.0562299 0.0498885 0.0435107 0.0373209 0.0314638 0.0260184 0.021018 0.0164775 0.0124231 0.00890859 0.00600371
 0.00767307 0.0125635 0.0190921 0.0272523 0.0367951 0.0470679 0.0569873 0.0653098 0.0710785 0.0739182 0.0739955 0.0717741 0.0677946 0.0625716 0.0565622 0.0501514 0.0436466 0.037281 0.0312216 0.0255788 0.0204194 0.0157864 0.0117206 0.00827158 0.00548684
 0.00771443 0.0126246 0.0191728 0.0273489 0.0369019 0.0471797 0.057101 0.0654245 0.0711948 0.0740379 0.0741223 0.0719145 0.0679566 0.0627604 0.0567725 0.050362 0.0438199 0.03737 0.0311842 0.0253929 0.020093 0.0153587 0.0112519 0.00782618 0.00511432
 0.00776902 0.0127047 0.0192769 0.0274697 0.0370276 0.0472969 0.0571982 0.0654942 0.0712353 0.0740543 0.0741262 0.0719205 0.0679793 0.0628103 0.0568534 0.0504678 0.0439322 0.0374588 0.0312136 0.0253328 0.019932 0.0151111 0.0109548 0.00752672 0.00485374
 0.00781979 0.0127828 0.0193859 0.0276086 0.0371902 0.0474711 0.0573657 0.0656335 0.0713272 0.0740883 0.0741047 0.0718584 0.0678986 0.0627337 0.0567984 0.0504429 0.0439344 0.037473 0.0312159 0.0252972 0.0198404 0.0149621 0.0107658 0.0073274 0.00467398
 0.00784848 0.0128279 0.0194508 0.0276953 0.0372983 0.0475967 0.0575011 0.0657662 0.0714418 0.07417 0.0741429 0.0718502 0.06785 0.0626586 0.0567149 0.0503679 0.0438783 0.0374362 0.0311882 0.0252618 0.0197811 0.0148711 0.0106484 0.00719927 0.00455457
 0.00787242 0.0128634 0.019498 0.0277521 0.0373616 0.0476634 0.0575689 0.0658335 0.0715064 0.0742284 0.0741897 0.0718791 0.0678559 0.0626397 0.0566748 0.0503152 0.0438234 0.0373873 0.0311469 0.0252229 0.0197355 0.0148116 0.0105744 0.00711803 0.00447722
 0.00788763 0.0128836 0.0195197 0.0277696 0.0373681 0.047654 0.0575431 0.0657959 0.071466 0.0741956 0.0741736 0.0718843 0.067881 0.0626781 0.0567171 0.0503533 0.0438532 0.0374083 0.0311603 0.0252283 0.0197305 0.0147935 0.010543 0.00707756 0.00443481
 0.00789236 0.0128902 0.0195277 0.0277772 0.0373721 0.0476504 0.057527 0.0657639 0.071418 0.0741368 0.0741143 0.0718373 0.067857 0.0626822 0.0567473 0.0504017 0.0439092 0.0374627 0.0312066 0.0252629 0.0197515 0.0148001 0.0105364 0.00706113 0.00441373
 0.00790153 0.0129016 0.0195383 0.0277822 0.0373661 0.0476296 0.0574911 0.0657157 0.0713623 0.0740787 0.0740585 0.071789 0.0678223 0.0626672 0.056756 0.0504339 0.0439601 0.0375236 0.0312682 0.0253171 0.0197929 0.0148265 0.0105484 0.00706175 0.0044073
 0.00789203 0.0128859 0.019514 0.0277469 0.0373174 0.0475662 0.0574134 0.0656273 0.0712698 0.0739913 0.0739863 0.0717405 0.0678027 0.0626779 0.0567955 0.0504982 0.0440435 0.0376185 0.0313654 0.0254075 0.019869 0.014884 0.0105868 0.00708335 0.00441667
 0.00788471 0.0128719 0.0194893 0.0277063 0.0372569 0.047484 0.0573126 0.0655153 0.0711573 0.0738893 0.0739043 0.0716853 0.067779 0.0626876 0.0568375 0.0505686 0.044136 0.0377249 0.0314765 0.025514 0.0199627 0.0149593 0.0106414 0.0071187 0.00443671
 0.00786609 0.012839 0.0194349 0.0276227 0.0371374 0.0473269 0.0571241 0.0653105 0.0709572 0.0737162 0.0737772 0.0716164 0.0677722 0.0627398 0.05694 0.0507098 0.0443026 0.0379037 0.031655 0.0256806 0.0201081 0.0150772 0.0107296 0.00717903 0.00447404
 0.00786003 0.0128274 0.019414 0.0275874 0.0370819 0.0472459 0.0570147 0.065174 0.0708004 0.0735519 0.0736225 0.0714901 0.0676908 0.0627133 0.0569707 0.0507921 0.0444256 0.0380531 0.0318156 0.0258384 0.0202511 0.015197 0.010822 0.00724419 0.00451581
 0.00782288 0.0127687 0.019329 0.0274729 0.0369374 0.0470747 0.0568244 0.0649769 0.0706114 0.0733855 0.0734911 0.0714031 0.0676548 0.0627326 0.0570458 0.0509189 0.0445946 0.0382506 0.0320252 0.0260433 0.0204369 0.0153532 0.0109432 0.0073307 0.00457218
 0.00780714 0.0127379 0.0192734 0.0273808 0.0367987 0.0468863 0.0565945 0.0647251 0.0703645 0.0731699 0.0733267 0.0713013 0.067619 0.0627608 0.0571327 0.0510571 0.0447744 0.0384597 0.0322487 0.0262649 0.020641 0.0155273 0.0110804 0.00742999 0.00463781
 0.00777548 0.0126867 0.0191967 0.0272727 0.0366541 0.0467022 0.0563724 0.0644735 0.0701001 0.0729164 0.0731113 0.0711488 0.0675466 0.062774 0.0572264 0.0512183 0.0449864 0.0387044 0.0325077 0.0265201 0.0208758 0.0157284 0.0112399 0.00754633 0.00471539
 0.0077442 0.0126353 0.0191183 0.0271611 0.0365049 0.0465153 0.056154 0.0642363 0.0698606 0.0726921 0.0729186 0.0710025 0.0674599 0.0627575 0.0572848 0.0513488 0.0451779 0.0389397 0.0327663 0.0267811 0.0211198 0.0159401 0.0114096 0.00767149 0.00479973
 0.00770275 0.01257 0.0190241 0.0270344 0.0363447 0.0463237 0.0559375 0.0640063 0.0696326 0.0724832 0.0727444 0.0708757 0.0673893 0.0627485 0.0573399 0.0514668 0.0453531 0.0391607 0.0330164 0.0270401 0.0213672 0.0161582 0.0115869 0.00780368 0.00488969
 0.0076791 0.0125287 0.0189566 0.0269317 0.0361997 0.046135 0.0557129 0.0637627 0.069392 0.0722672 0.0725698 0.0707532 0.0673242 0.0627428 0.057393 0.0515761 0.0455135 0.0393635 0.0332489 0.0272854 0.0216061 0.0163731 0.0117645 0.00793799 0.00498219
 0.00766815 0.0125096 0.0189254 0.0268832 0.036128 0.0460347 0.055581 0.0636005 0.0692068 0.0720726 0.0723839 0.070595 0.0672099 0.0626826 0.0573909 0.0516311 0.0456207 0.0395153 0.0334342 0.0274896 0.0218124 0.0165642 0.0119267 0.00806341 0.00507022
 0.00762602 0.0124478 0.0188446 0.0267882 0.0360254 0.0459306 0.0554782 0.0634986 0.0691041 0.0719679 0.072279 0.0704961 0.0671269 0.0626275 0.0573743 0.0516599 0.0456965 0.0396342 0.0335876 0.0276649 0.0219942 0.0167366 0.0120758 0.00818086 0.00515398
 0.00760891 0.012417 0.018793 0.0267086 0.0359136 0.0457892 0.0553192 0.0633415 0.068969 0.0718676 0.0722156 0.0704626 0.0671138 0.0626287 0.0573904 0.0516961 0.0457593 0.0397274 0.0337096 0.0278087 0.0221479 0.0168861 0.0122081 0.00828708 0.00523104
 0.00758906 0.0123872 0.0187526 0.0266577 0.0358522 0.045716 0.0552322 0.0632396 0.0688558 0.0717529 0.0721133 0.0703859 0.0670704 0.0626184 0.0574078 0.0517354 0.0458178 0.039805 0.0338069 0.0279229 0.0222721 0.0170099 0.0123204 0.00837928 0.00529926
 0.00756873 0.0123564 0.0187105 0.0266052 0.0357918 0.0456516 0.0551677 0.0631785 0.0687995 0.0717009 0.0720641 0.0703399 0.0670312 0.0625921 0.0574 0.051749 0.0458525 0.0398591 0.0338781 0.0280083 0.0223667 0.0171064 0.0124103 0.00845492 0.00535653
 0.00756693 0.012351 0.018698 0.0265812 0.0357525 0.0455958 0.055099 0.0631045 0.0687295 0.0716425 0.0720209 0.0703108 0.067013 0.062582 0.0573979 0.051757 0.0458736 0.0398954 0.0339296 0.0280729 0.0224402 0.0171827 0.0124824 0.00851671 0.00540415
 0.00755274 0.0123318 0.018676 0.0265602 0.0357362 0.0455851 0.0550909 0.0630931 0.0687091 0.0716113 0.071982 0.0702708 0.0669782 0.0625564 0.0573825 0.0517518 0.0458787 0.0399118 0.0339582 0.0281133 0.0224901 0.0172375 0.0125363 0.00856424 0.00544167
 0.00754278 0.0123138 0.018646 0.0265142 0.0356724 0.0455063 0.0550054 0.0630133 0.068647 0.0715733 0.0719673 0.0702736 0.066992 0.0625772 0.057409 0.0517839 0.0459167 0.0399555 0.0340073 0.0281671 0.0225468 0.0172942 0.0125891 0.00860936 0.00547662
 0.00753263 0.012299 0.0186265 0.0264908 0.0356453 0.0454749 0.0549678 0.0629681 0.0685955 0.0715204 0.0719211 0.0702415 0.0669781 0.0625807 0.0574261 0.0518103 0.0459494 0.039993 0.0340488 0.028212 0.0225937 0.0173407 0.0126322 0.00864624 0.00550532
 0.00749641 0.0122435 0.0185496 0.026393 0.0355307 0.0453502 0.0548429 0.0628542 0.0685029 0.0714564 0.0718884 0.0702399 0.0670053 0.0626337 0.0575006 0.0519004 0.0460483 0.0400941 0.0341472 0.0283042 0.0226772 0.0174137 0.0126931 0.00869395 0.00554003
 0.00750256 0.0122476 0.0185451 0.0263707 0.0354813 0.0452694 0.0547344 0.06273 0.0683799 0.0713507 0.0718115 0.0701965 0.0669951 0.0626529 0.0575443 0.0519635 0.0461252 0.0401793 0.0342349 0.0283892 0.0227554 0.0174819 0.0127495 0.00873765 0.00557146
 0.00750032 0.0122484 0.0185538 0.0263932 0.0355211 0.0453233 0.0547902 0.0627695 0.0683859 0.0713154 0.0717398 0.070104 0.0669008 0.0625726 0.0574871 0.0519323 0.0461183 0.0401924 0.0342628 0.0284262 0.0227962 0.0175218 0.012785 0.00876658 0.00559301
 0.00748015 0.0122149 0.0185026 0.0263212 0.0354287 0.045217 0.0546831 0.0626783 0.0683241 0.0712872 0.0717389 0.0701184 0.0669205 0.0625944 0.0575143 0.05197 0.04617 0.0402576 0.0343375 0.0285045 0.022872 0.0175898 0.0128414 0.00880991 0.00562358
 0.00748015 0.0122149 0.0185026 0.0263212 0.0354287 0.045217 0.0546831 0.0626783 0.0683241 0.0712872 0.0717389 0.0701184 0.0669205 0.0625944 0.0575143 0.05197 0.04617 0.0402576 0.0343375 0.0285045 0.022872 0.0175898 0.0128414 0.00880991 0.00562358
 0.00728182 0.0118975 0.0180357 0.0256837 0.0346175 0.0442587 0.0536438 0.0616616 0.0674522 0.0706705 0.0714478 0.0701697 0.0672798 0.0631922 0.0582663 0.0527962 0.0470052 0.0410546 0.0350642 0.0291399 0.0234037 0.0180133 0.0131599 0.00903405 0.00576997
 0.00719433 0.0117376 0.0177627 0.0252499 0.0339809 0.0434024 0.0525951 0.060498 0.0662904 0.0696427 0.0706755 0.0697422 0.0672396 0.0635287 0.0589208 0.0536771 0.0480095 0.0420866 0.0360475 0.030021 0.0241501 0.0186108 0.0136099 0.00935055 0.00597621
 0.00722118 0.0117746 0.0178044 0.0252817 0.0339764 0.0433224 0.0523918 0.0601269 0.0657301 0.0689139 0.0698493 0.0689292 0.0665635 0.0630943 0.0587887 0.0538518 0.0484441 0.0427001 0.0367469 0.0307213 0.0247865 0.0191433 0.014022 0.00964545 0.0061705
 0.00705574 0.0115221 0.0174553 0.0248388 0.0334541 0.042744 0.0517861 0.0595238 0.0651541 0.0683798 0.069365 0.0685075 0.0662345 0.0629078 0.0588018 0.0541066 0.048947 0.0434131 0.0375945 0.03161 0.025627 0.0198683 0.0145953 0.0100612 0.00644655
 0.00706698 0.0115255 0.0174334 0.0247672 0.033309 0.042513 0.0514767 0.0591624 0.0647748 0.0680099 0.0690167 0.0681795 0.0659241 0.0626259 0.0585809 0.0539966 0.0489974 0.0436506 0.0380074 0.0321474 0.026214 0.0204287 0.0150713 0.0104243 0.00669618
 0.00704577 0.0115033 0.0174214 0.0247797 0.0333555 0.0425874 0.0515516 0.0591957 0.0647265 0.0678605 0.0687744 0.0678731 0.0655884 0.062291 0.0582728 0.0537443 0.0488367 0.0436169 0.0381212 0.0323996 0.0265641 0.0208162 0.0154362 0.0107241 0.00691367
 0.00698386 0.0114057 0.0172813 0.0245958 0.0331353 0.0423501 0.0513271 0.0590167 0.0646142 0.0678132 0.068767 0.0678705 0.0655632 0.0622352 0.0581976 0.0536731 0.0487989 0.0436427 0.0382343 0.0326079 0.026852 0.0211463 0.0157611 0.011003 0.00712418
 0.00690582 0.0112813 0.0170988 0.0243469 0.0328177 0.0419716 0.0509101 0.0585991 0.0642445 0.0675383 0.0686179 0.0678523 0.0656539 0.0623958 0.0583883 0.0538682 0.0489926 0.043846 0.0384652 0.0328794 0.0271623 0.0214759 0.0160783 0.0112762 0.0073336
 0.0069503 0.0113447 0.0171774 0.0244304 0.0328906 0.0420161 0.0509097 0.0585416 0.064126 0.0673663 0.0684128 0.0676429 0.0654695 0.0622556 0.0582966 0.0538171 0.048971 0.0438495 0.0384987 0.0329527 0.0272805 0.0216318 0.0162524 0.0114433 0.00747259
 0.006887 0.0112564 0.0170712 0.024321 0.0327947 0.0419446 0.0508614 0.0585036 0.0640806 0.0672996 0.0683209 0.0675344 0.0653619 0.06217 0.0582502 0.053818 0.0490176 0.0439336 0.0386119 0.03309 0.0274383 0.0218035 0.0164256 0.0116018 0.00760227
 0.00682991 0.0111601 0.016921 0.0241046 0.0325085 0.0416019 0.0504968 0.0581671 0.0638209 0.0671457 0.0682729 0.0675691 0.0654487 0.0622855 0.0583843 0.053971 0.0491931 0.0441322 0.0388296 0.0333191 0.0276694 0.0220266 0.0166292 0.011775 0.00773748
 0.00685799 0.0112008 0.0169722 0.0241592 0.0325543 0.0416224 0.0504746 0.0580902 0.0636894 0.0669761 0.068094 0.067411 0.0653307 0.0622111 0.0583459 0.0539595 0.0492039 0.0441665 0.0388898 0.0334051 0.0277768 0.0221463 0.0167498 0.0118849 0.00782754
 0.00683389 0.0111677 0.0169335 0.0241214 0.0325241 0.041603 0.0504624 0.0580745 0.0636561 0.0669136 0.068 0.0672954 0.0652135 0.0621148 0.0582871 0.0539438 0.0492279 0.0442226 0.0389711 0.0335061 0.0278917 0.0222675 0.0168675 0.0119892 0.00791142
 0.00688144 0.0112421 0.01704 0.024263 0.0327008 0.041811 0.050692 0.0583086 0.06387 0.0670778 0.0680862 0.0672844 0.0651018 0.061918 0.0580358 0.0536747 0.0489732 0.0440043 0.0388 0.0333847 0.0278171 0.0222328 0.0168631 0.0120036 0.00793362
#pred catch len freq
 0.00315331 0.00513129 0.00776582 0.0111089 0.0152046 0.0200392 0.025481 0.0312736 0.0370899 0.0426009 0.0475238 0.0516579 0.0549093 0.057291 0.0588912 0.0598359 0.060261 0.0602827 0.0599323 0.0590512 0.0572129 0.0537963 0.0482795 0.0406408 0.0315858
 0.003381 0.00544047 0.00812077 0.0114447 0.0154529 0.0201641 0.0255007 0.0312485 0.037081 0.0426263 0.0475447 0.051605 0.0547321 0.0569992 0.058564 0.059593 0.0602084 0.0604574 0.0602718 0.0594085 0.057416 0.0537263 0.0479249 0.0400951 0.0309932
 0.00347108 0.00562029 0.00844789 0.0119796 0.0162281 0.0211459 0.0265703 0.0322287 0.0378056 0.04301 0.0476052 0.051424 0.0543928 0.0565502 0.0580317 0.059016 0.0596536 0.0599968 0.059937 0.0591595 0.0571554 0.0533546 0.0474014 0.0394628 0.0303514
