SBPRF35
7.78865
Curr Bio
611888
B35
657959
F35
0.225386
FOFL
0.210228
OFL
97912.1
Bzero
2.22533e+006
#pred survey bio
 3.58277e+006 3.21075e+006 2.86045e+006 2.51903e+006 2.21879e+006 1.91934e+006 1.69466e+006 1.47737e+006 1.29118e+006 1.1619e+006 1.0219e+006 908111 821330 770383 728146 690797 662261 631915 608358 591046 569549 566881 558720 551482 545836 545208 547482 556665 554683 556368 557141 548756 545096 534561 528396 526376 531458 526548 527934 534296 548510 546260 545159 553601 560913 569093 578342 546481 564182 564309 594242 598345 597830 610877 2.1514e+007 1.33586e+007 1.38619e+007 1.44614e+007 1.5074e+007 1.56276e+007 1.60911e+007 1.646e+007 1.67439e+007 1.69576e+007 1.71164e+007 1.72334e+007 1.73195e+007 1.73829e+007 1.74296e+007 1.74642e+007 1.749e+007 1.75093e+007 1.75238e+007 1.75347e+007 1.75431e+007 1.75494e+007 1.75542e+007 1.75579e+007 1.75607e+007 1.75629e+007 1.75646e+007 1.75658e+007 1.75668e+007 1.75676e+007 1.75682e+007 1.75686e+007 1.7569e+007 1.75693e+007 1.75695e+007 1.75696e+007 1.75698e+007 1.75699e+007 1.75699e+007 1.757e+007 1.757e+007 1.75701e+007 1.75701e+007 1.75701e+007 1.75701e+007 1.75702e+007 1.75702e+007 1.75702e+007 1.75702e+007 1.75702e+007 1.75702e+007 1.75702e+007 1.75702e+007 1.75702e+007 1.75702e+007 1.75702e+007 1.75702e+007 1.75702e+007 1.75702e+007 1.75702e+007 1.75702e+007 1.75702e+007 1.75702e+007 1.75702e+007 1.75702e+007 1.75702e+007 1.75702e+007 1.75702e+007 1.75702e+007 1.75702e+007 1.75702e+007 1.75702e+007 1.75702e+007 1.75702e+007 1.75702e+007 1.75702e+007 1.75702e+007 1.75702e+007 1.75702e+007 1.75702e+007 1.75702e+007 1.75702e+007 1.75702e+007 1.75702e+007 1.75702e+007 1.75702e+007 1.75702e+007 1.75702e+007 1.75702e+007 1.75702e+007 1.75702e+007 1.75702e+007 1.75702e+007 1.75702e+007 1.75702e+007 1.75702e+007 1.75702e+007 1.75702e+007 1.75702e+007 1.75702e+007 0 0 0 0 0 0 0 0 0 0 0 0 0 0 0 0 0 0 0 0 0 0 0 0 0
#obs survey bio
 2.67988e+006 3.4828e+006 1.68731e+006 2.20586e+006 1.84668e+006 1.82706e+006 1.24064e+006 1.23407e+006 935232 990015 1.12697e+006 621824 667020 659017 642543 684066 902070 536518 492776 525274 574566 627660 392941 424486 441464 541990 559676 341602 638894 513725 527450 622748 641451 730300 655107 503320 707907 483117 434651 466781 570213 461319 419646 536899 702875 607599 525776 622238 500148 738725 571776 571366 641374 507940
#pred catch bio
 249669 266119 295619 291733 319589 275229 286110 271862 231684 246926 226276 203624 172617 162822 153728 140360 136625 127203 119458 120532 102195 104648 101936 99217.6 94349.4 91972 86764.6 96135.3 91266.5 89083.4 92949.2 86721.5 93773.8 92198 90019.6 84987.9 93884.8 89088.8 86693.7 82540.9 97831.8 97047.2 89365.1 90770.7 90529.8 90727.5 125376 83991.7 100419 76730 100692 107195 100671 113123 97912.1 107323 110474 114284 118391 122104 125124 127422 129091 130263 131065 131602 131956 132187 132336 132431 132492 132530 132554 132569 132579 132585 132588 132591 132592 132593 132594 132594 132594 132594 132594 132594 132594 132595 132595 132595 132595 132595 132595 132595 132595 132595 132595 132595 132595 132595 132595 132595 132595 132595 132595 132595 132595 132595 132595 132595 132595 132595 132595 132595 132595 132595 132595 132595 132595 132595 132595 132595 132595 132595 132595 132595 132595 132595 132595 132595 132595 132595 132595 132595 132595 132595 132595 132595 132595 132595 132595 132595 132595 132595 132595 132595 132595 132595 132595 132595 132595 132595 132595 132595 0 0 0 0 0 0 0 0 0 0 0 0 0 0 0 0 0 0 0 0 0 0 0 0 0
#obs catch bio
 224223 266586 297617 293812 324150 278404 290641 276266 235995 252639 230958 208520 176743 166776 156589 141940 136686 128113 120588 122040 103351 105030 102618 99761 94912.2 92589 87237.3 97577.9 92250 89850.1 93538.7 86846 93583.8 91413.5 88929.2 84212.3 93152.9 88447.5 86288.3 82498.2 97872.2 97220.2 89443 90758.2 90154.4 90056 126233 83479.7 100941 76334.7 100454 107145 100192 113217
#pred cpue bio
 3.51958e+006 3.14937e+006 2.80055e+006 2.46033e+006 2.1619e+006 1.86488e+006 1.64202e+006 1.42685e+006 1.24243e+006 1.1143e+006 976465 864643 779419 729691 689330 654206 627644 598809 576060 559374 538796 536738 529330 522518 517143 516534 518683 527535 525829 528141 529880 522624 518953 507583 500817 498762 503737 498974 500071 505741 519165 516916 515845 524098 531311 539228 547972 516725 533557 533698 562797 566453 564879 576098 2.02678e+007 1.25991e+007 1.30675e+007 1.36227e+007 1.42195e+007 1.47697e+007 1.52325e+007 1.56013e+007 1.58852e+007 1.60989e+007 1.62577e+007 1.63747e+007 1.64608e+007 1.65241e+007 1.65709e+007 1.66055e+007 1.66313e+007 1.66506e+007 1.66651e+007 1.6676e+007 1.66843e+007 1.66907e+007 1.66955e+007 1.66992e+007 1.6702e+007 1.67042e+007 1.67059e+007 1.67071e+007 1.67081e+007 1.67089e+007 1.67095e+007 1.67099e+007 1.67103e+007 1.67106e+007 1.67108e+007 1.67109e+007 1.67111e+007 1.67112e+007 1.67112e+007 1.67113e+007 1.67113e+007 1.67114e+007 1.67114e+007 1.67114e+007 1.67114e+007 1.67115e+007 1.67115e+007 1.67115e+007 1.67115e+007 1.67115e+007 1.67115e+007 1.67115e+007 1.67115e+007 1.67115e+007 1.67115e+007 1.67115e+007 1.67115e+007 1.67115e+007 1.67115e+007 1.67115e+007 1.67115e+007 1.67115e+007 1.67115e+007 1.67115e+007 1.67115e+007 1.67115e+007 1.67115e+007 1.67115e+007 1.67115e+007 1.67115e+007 1.67115e+007 1.67115e+007 1.67115e+007 1.67115e+007 1.67115e+007 1.67115e+007 1.67115e+007 1.67115e+007 1.67115e+007 1.67115e+007 1.67115e+007 1.67115e+007 1.67115e+007 1.67115e+007 1.67115e+007 1.67115e+007 1.67115e+007 1.67115e+007 1.67115e+007 1.67115e+007 1.67115e+007 1.67115e+007 1.67115e+007 1.67115e+007 1.67115e+007 1.67115e+007 1.67115e+007 1.67115e+007 1.67115e+007 1.67115e+007 0 0 0 0 0 0 0 0 0 0 0 0 0 0 0 0 0 0 0 0 0 0 0 0 0
#obs cpue bio
 2.73691e+006 2.68974e+006 2.94056e+006 2.17316e+006 1.7766e+006 1.52188e+006 1.83404e+006 1.45473e+006 883203 1.09785e+006 727303 761910 563794 617600 810977 758390 858266 414427 511875 510786 362986 852767 538121 674186 534353 452291 433741 454668 458931 566285 694450 549842 693380 633921 628432 441573 435139 539773 560025 368708 594841 522893 633013 625761 598738 576915 377929 585162 445718 521712 725007 498231 638530 542324
#pred surv len freq
 0.00517053 0.00833791 0.0124464 0.0174533 0.0232426 0.0295561 0.0359474 0.0418654 0.0468424 0.0506409 0.0532623 0.05486 0.0556497 0.055849 0.0556382 0.0551374 0.0544047 0.0534429 0.0521849 0.0504483 0.0479024 0.0441328 0.0388463 0.0321352 0.024603
 0.00564413 0.00903082 0.0133525 0.0185338 0.0244586 0.0309083 0.0374888 0.0436636 0.0489049 0.0528497 0.0553674 0.0565475 0.0566502 0.05603 0.0550361 0.0539227 0.0528052 0.0516597 0.0503359 0.0485601 0.0459544 0.0421247 0.0368478 0.0302816 0.0230414
 0.00588351 0.00946485 0.0140837 0.0196722 0.0260823 0.0330112 0.0399495 0.0462704 0.0514334 0.0551414 0.0573485 0.0581768 0.0578498 0.0566659 0.054969 0.0530874 0.0512566 0.049555 0.0478707 0.0459069 0.0432405 0.039454 0.0343352 0.0280601 0.0212312
 0.00616406 0.0099036 0.0147173 0.0205379 0.0272283 0.0345013 0.0418464 0.0485939 0.0541114 0.0579874 0.0600936 0.0605457 0.0596328 0.0577428 0.0552834 0.0526153 0.0500045 0.0475842 0.0453123 0.0429485 0.040094 0.0363313 0.0314343 0.025552 0.0192338
 0.00641935 0.0103181 0.0153396 0.0214122 0.0283857 0.0359498 0.0435639 0.0505332 0.0562142 0.0601928 0.0623254 0.0626868 0.0615153 0.0591712 0.0560801 0.0526583 0.0492421 0.0460346 0.0430632 0.0401572 0.0369797 0.0331506 0.0284446 0.022969 0.0171932
 0.00675773 0.0108557 0.0161263 0.0224884 0.0297784 0.0376635 0.0455682 0.0527529 0.0585336 0.062475 0.0644383 0.0645225 0.062991 0.0602138 0.0566091 0.0525836 0.048483 0.0445497 0.040879 0.0373859 0.0338203 0.0298685 0.0253271 0.020266 0.0150626
 0.00705491 0.011324 0.0168043 0.0234041 0.0309475 0.0390859 0.0472208 0.0545843 0.0604648 0.0644077 0.066266 0.0661408 0.0643076 0.061154 0.0571126 0.0525955 0.0479471 0.0434177 0.0391372 0.0350888 0.0311126 0.0269787 0.0225272 0.0178062 0.0131096
 0.00743514 0.0119262 0.0176807 0.024592 0.032462 0.0409097 0.0492922 0.0567943 0.0626707 0.0664599 0.0680334 0.0675264 0.0652513 0.0616274 0.0571095 0.0521186 0.0469973 0.0419907 0.0372371 0.0327563 0.0284557 0.0241827 0.0198289 0.0154358 0.0112262
 0.00776618 0.0124607 0.0184782 0.0257054 0.0339274 0.0427297 0.051418 0.0591161 0.065029 0.0686719 0.0699254 0.0689606 0.0661421 0.061945 0.0568711 0.0513694 0.0457894 0.04037 0.0352448 0.0304472 0.0259247 0.0215805 0.0173487 0.0132696 0.00950897
 0.0078999 0.0126883 0.0188409 0.0262514 0.0347055 0.0437779 0.0527473 0.0606986 0.0667925 0.0705044 0.0716868 0.0705014 0.0673263 0.0626723 0.0570897 0.0510756 0.0450156 0.0391689 0.0336785 0.0285896 0.0238734 0.0194675 0.015333 0.0115065 0.00810829
 0.00820381 0.0131632 0.0195208 0.0271571 0.0358445 0.0451423 0.0543083 0.0623992 0.0685466 0.0722033 0.0732112 0.0717353 0.0681717 0.0630607 0.0569893 0.0504923 0.0439883 0.0377598 0.031965 0.0266612 0.0218348 0.0174417 0.0134542 0.00989703 0.0068484
 0.00849315 0.0136215 0.0201873 0.028059 0.0369906 0.0465145 0.0558533 0.064028 0.0701478 0.0736644 0.0744372 0.0726552 0.0687369 0.0632411 0.0567723 0.0498836 0.0430135 0.0364647 0.0304142 0.0249368 0.0200354 0.0156791 0.0118428 0.00853449 0.0057933
 0.00858048 0.0137854 0.0204745 0.0285266 0.0376929 0.0474814 0.0570694 0.0654251 0.0716151 0.0750724 0.0756627 0.0736014 0.0693425 0.0634812 0.0566501 0.049421 0.0422429 0.0354272 0.0291622 0.0235373 0.018572 0.0142475 0.0105395 0.00743898 0.00495037
 0.00842476 0.0135582 0.0201832 0.0282016 0.0373878 0.0472688 0.0570317 0.0656386 0.0721267 0.0758766 0.0766919 0.074738 0.0704484 0.0644294 0.0573474 0.0498151 0.0423183 0.0351977 0.0286645 0.0228281 0.0177257 0.0133513 0.00968247 0.00669603 0.00436768
 0.00828609 0.0133402 0.0198706 0.0277887 0.0368848 0.046709 0.0564773 0.0651786 0.0718621 0.0758945 0.0770387 0.0754009 0.0713534 0.0654567 0.0583583 0.0506828 0.0429508 0.035548 0.028729 0.02264 0.0173458 0.0128579 0.00915815 0.00621307 0.00397465
 0.00825097 0.0132721 0.0197478 0.0275845 0.0365744 0.0462807 0.0559448 0.064587 0.0712853 0.075424 0.0767662 0.0753977 0.0716499 0.066029 0.0591285 0.0515349 0.0437588 0.0362045 0.0291665 0.0228386 0.01733 0.0126839 0.00889737 0.00593404 0.00372848
 0.00842561 0.0135078 0.0200124 0.027816 0.036695 0.0462218 0.0556696 0.0641022 0.0706399 0.0747004 0.0760676 0.0748319 0.0713092 0.0659692 0.0593544 0.0519963 0.0443617 0.0368344 0.0297172 0.0232371 0.0175486 0.0127391 0.00883545 0.00581184 0.00359552
 0.00860026 0.013788 0.0204237 0.0283704 0.0373774 0.0469749 0.0563874 0.0646462 0.0708795 0.0745622 0.0755657 0.074064 0.0704235 0.0651212 0.0586691 0.0515449 0.0441528 0.0368217 0.0298202 0.0233692 0.0176435 0.0127651 0.00879541 0.00573058 0.0035033
 0.00866403 0.0138944 0.0205897 0.028615 0.0377189 0.0474242 0.0569375 0.0652596 0.0714823 0.0750507 0.0758317 0.0740315 0.070082 0.0645356 0.05796 0.0508477 0.0435757 0.036419 0.0295885 0.0232637 0.017604 0.012741 0.00875941 0.0056787 0.00344531
 0.00861847 0.0138325 0.0205195 0.0285533 0.0376892 0.0474521 0.0570453 0.065462 0.0717802 0.0754245 0.0762355 0.0743955 0.0703281 0.0646041 0.0578353 0.0505676 0.0432179 0.0360694 0.02931 0.0230792 0.0175007 0.012688 0.00872692 0.0056495 0.0034152
 0.00855939 0.0137491 0.0204179 0.0284487 0.0376034 0.0474089 0.0570659 0.0655611 0.0719634 0.0756851 0.0765529 0.0747345 0.0706416 0.0648402 0.0579499 0.0505399 0.0430607 0.0358273 0.0290428 0.0228393 0.0173169 0.0125631 0.00864781 0.00559916 0.00338123
 0.00856362 0.0137212 0.0203132 0.0282085 0.0371755 0.046778 0.056277 0.0647203 0.0712099 0.0751498 0.0763221 0.074833 0.0710337 0.065444 0.0586586 0.0512463 0.0436803 0.0363137 0.02939 0.0230708 0.017467 0.0126618 0.00871368 0.00564185 0.00340627
 0.00861215 0.013802 0.0204353 0.0283732 0.0373661 0.0469502 0.0563599 0.064636 0.0709108 0.0746532 0.0757182 0.0742557 0.0706105 0.0652511 0.0587022 0.0514735 0.044007 0.0366561 0.0296877 0.0232956 0.017619 0.0127566 0.00876994 0.00567418 0.00342403
 0.00866656 0.0138818 0.02054 0.0284979 0.0375047 0.0470971 0.0565083 0.0647704 0.0709998 0.0746517 0.0755846 0.0739794 0.0702302 0.0648484 0.0583706 0.0512792 0.0439665 0.0367381 0.029836 0.0234556 0.0177546 0.0128541 0.00883184 0.00570971 0.00344279
 0.00874729 0.014001 0.0206966 0.0286825 0.037701 0.047286 0.0566719 0.0648944 0.0710749 0.0746719 0.075544 0.07387 0.0700458 0.0645956 0.0580782 0.0509958 0.0437428 0.0366059 0.0297961 0.0234828 0.0178142 0.0129167 0.00888129 0.00574218 0.0034612
 0.00878281 0.014056 0.020774 0.0287821 0.0378183 0.0474117 0.0567914 0.0649903 0.0711319 0.074682 0.0755089 0.073798 0.0699461 0.064474 0.0579386 0.0508464 0.0436004 0.0364924 0.0297289 0.0234658 0.0178359 0.0129582 0.00892468 0.00577684 0.00348414
 0.00881924 0.0141079 0.0208386 0.0288525 0.0378857 0.0474686 0.056834 0.0650182 0.0711458 0.0746817 0.0754927 0.0737649 0.069897 0.064412 0.0578677 0.0507706 0.0435248 0.0364248 0.0296788 0.0234403 0.017836 0.0129773 0.00895248 0.00580373 0.00350471
 0.00856234 0.0137429 0.0203864 0.0283648 0.0374295 0.0471015 0.0565858 0.0648892 0.0711188 0.0747376 0.0756186 0.0739522 0.070136 0.0646876 0.05816 0.051059 0.0437922 0.0366608 0.0298799 0.0236086 0.0179755 0.0130909 0.0090416 0.00586937 0.00354909
 0.00833124 0.0133906 0.0199024 0.0277615 0.0367468 0.0464075 0.0559718 0.0644522 0.0709323 0.0748225 0.0759342 0.0744157 0.0706572 0.0651981 0.0586228 0.0514619 0.0441354 0.0369485 0.0301171 0.0238005 0.0181276 0.0132087 0.00912991 0.0059324 0.00359113
 0.00806866 0.0129808 0.0193186 0.0269927 0.0358031 0.0453271 0.0548285 0.0633574 0.0700209 0.0742243 0.075739 0.0746463 0.0712622 0.0660692 0.0596285 0.0524826 0.0450857 0.0377804 0.0308122 0.0243588 0.0185592 0.0135288 0.00935613 0.00608355 0.00368564
 0.00794768 0.0127706 0.0189774 0.026475 0.0350709 0.0443692 0.0536788 0.0621015 0.0687857 0.0731551 0.0749723 0.0742852 0.0713556 0.0665989 0.0605111 0.0535896 0.0462753 0.0389296 0.0318352 0.0252108 0.0192288 0.0140268 0.00970613 0.00631472 0.0038281
 0.00851718 0.0135655 0.0199298 0.0274353 0.0358441 0.044776 0.0536099 0.0615403 0.0678006 0.0718769 0.0735695 0.0729385 0.07023 0.0658157 0.0601273 0.0535909 0.0465867 0.0394394 0.0324267 0.0257874 0.0197278 0.0144199 0.00999139 0.00650627 0.00394705
 0.00894138 0.0142494 0.0209403 0.0288085 0.0375516 0.0466871 0.0554748 0.0630273 0.0685943 0.0717934 0.0726251 0.0713339 0.0682702 0.0638148 0.0583383 0.0521721 0.0455968 0.0388534 0.0321628 0.0257403 0.0197978 0.0145319 0.0100996 0.00659066 0.00400405
 0.00884884 0.0141842 0.0210009 0.0291417 0.0383171 0.0479949 0.0573214 0.065259 0.0709165 0.0738272 0.0740005 0.0717948 0.0677542 0.062469 0.0564618 0.0501141 0.0436592 0.0372321 0.0309363 0.0248936 0.0192612 0.0142176 0.00992853 0.00650337 0.00396205
 0.00877258 0.0140495 0.0207849 0.0288345 0.0379468 0.0476541 0.0571732 0.0655 0.0716941 0.0751495 0.0756903 0.073525 0.0691527 0.0632471 0.0565063 0.0495067 0.042623 0.0360378 0.0298143 0.0239835 0.0186073 0.0137957 0.00968183 0.00637172 0.00389755
 0.00875754 0.0140194 0.0207279 0.0287332 0.0377794 0.0474024 0.0568376 0.06512 0.0713643 0.0750102 0.0758822 0.0741168 0.070082 0.0643171 0.0574536 0.0501072 0.0427772 0.0357927 0.0293187 0.023412 0.0180949 0.0134102 0.0094307 0.00622794 0.00382458
 0.00870942 0.0139427 0.0206151 0.0285775 0.0375753 0.0471458 0.0565283 0.0647654 0.0709851 0.0746494 0.0756099 0.0740233 0.0702484 0.0647709 0.0581343 0.0508711 0.0434493 0.0362389 0.0294957 0.0233679 0.0179275 0.0132153 0.00926899 0.00612008 0.00376445
 0.00889869 0.0142173 0.0209668 0.0289765 0.0379772 0.0475041 0.0568034 0.064928 0.0710157 0.0745392 0.075367 0.0736809 0.0698679 0.0644316 0.0579068 0.0507847 0.0434749 0.036302 0.0295162 0.0233005 0.017778 0.0130255 0.0090875 0.00597842 0.00367103
 0.0090706 0.0144805 0.021331 0.029436 0.0385083 0.0480637 0.0573304 0.0653517 0.0712724 0.0745911 0.0752133 0.0733547 0.0694251 0.0639386 0.0574305 0.0503813 0.0431757 0.0361037 0.029385 0.023192 0.017661 0.0128939 0.0089556 0.00586544 0.00358851
 0.0090184 0.0144255 0.021303 0.0294801 0.0386713 0.048373 0.0577759 0.0658814 0.0718047 0.0750379 0.0755032 0.0734493 0.0693249 0.063679 0.0570701 0.0499864 0.0428043 0.0357933 0.0291469 0.0230147 0.0175228 0.0127771 0.00885324 0.00577977 0.00352372
 0.00884931 0.0141668 0.020946 0.0290339 0.0381672 0.0478676 0.0573484 0.0656185 0.0717738 0.0752577 0.075931 0.0739939 0.0698796 0.064156 0.0574217 0.0502079 0.0429219 0.0358459 0.0291686 0.0230257 0.017529 0.0127765 0.00884392 0.00576362 0.00350556
 0.00883704 0.0141496 0.020925 0.0290113 0.0381456 0.0478489 0.057335 0.0656167 0.0717964 0.0753234 0.0760559 0.0741787 0.0701009 0.0643694 0.0575778 0.0502723 0.0428878 0.0357336 0.0290135 0.0228632 0.0173835 0.0126588 0.00875486 0.0056994 0.00346145
 0.00883744 0.0141475 0.020917 0.0289931 0.0381135 0.0478028 0.0572793 0.0655602 0.0717504 0.0752991 0.0760633 0.0742263 0.0701922 0.0644984 0.0577252 0.0504083 0.0429828 0.0357698 0.028992 0.0228003 0.0173019 0.0125782 0.00868692 0.00564822 0.00342618
 0.00876984 0.0140398 0.0207594 0.0287783 0.0378392 0.0474744 0.0569139 0.0651879 0.0714114 0.0750366 0.0759147 0.0742146 0.0703216 0.0647535 0.0580735 0.0508059 0.0433818 0.0361276 0.0292797 0.0230074 0.017435 0.0126541 0.00872476 0.00566402 0.00343092
 0.00882303 0.0141062 0.0208221 0.0288088 0.0378048 0.04735 0.0566923 0.0648838 0.0710578 0.0746768 0.0755941 0.0739744 0.0701927 0.0647508 0.0581933 0.0510259 0.0436657 0.0364325 0.0295657 0.023246 0.017613 0.0127731 0.008796 0.00570206 0.00344886
 0.00889381 0.0142135 0.0209676 0.0289859 0.0379956 0.0475247 0.0568116 0.0649063 0.0709542 0.074444 0.0752613 0.073596 0.069832 0.064463 0.0580137 0.0509656 0.043713 0.0365588 0.0297338 0.0234194 0.0177644 0.0128882 0.00887309 0.0057477 0.00347272
 0.00879376 0.0140808 0.0208232 0.028867 0.0379444 0.0475703 0.0569544 0.0651146 0.0711734 0.0746145 0.0753372 0.0735586 0.0696948 0.0642663 0.0578105 0.0508044 0.0436246 0.0365505 0.0297917 0.0235173 0.0178736 0.0129864 0.00894819 0.00579765 0.00350186
 0.00910953 0.0145636 0.0214934 0.0297248 0.0389727 0.0487379 0.0582126 0.0663882 0.0723546 0.07557 0.0759307 0.0736862 0.0693187 0.0634313 0.0566351 0.0494493 0.0422522 0.0352915 0.0287274 0.0226786 0.0172524 0.0125513 0.00865911 0.00561548 0.00339345
 0.00885852 0.0141914 0.0210006 0.0291367 0.038335 0.0481075 0.0576531 0.0659681 0.0721437 0.0756251 0.0762739 0.0742837 0.0700767 0.0642188 0.0573243 0.0499567 0.0425575 0.0354289 0.0287582 0.022662 0.0172283 0.0125369 0.00865627 0.00561927 0.00339881
 0.00896673 0.0143306 0.0211431 0.0292372 0.038346 0.0480034 0.0574465 0.0657085 0.0718975 0.0754514 0.0762087 0.0743378 0.0702389 0.0644568 0.0575878 0.0501861 0.0427033 0.0354689 0.0287043 0.0225502 0.0170999 0.0124232 0.00857166 0.00556448 0.00336723
 0.00899952 0.0143567 0.0211308 0.0291369 0.0380993 0.0475608 0.0567889 0.0648645 0.0709507 0.0745318 0.0754664 0.0739033 0.0701849 0.0647784 0.0582087 0.0509855 0.0435499 0.036252 0.0293529 0.023039 0.0174398 0.0126451 0.00871009 0.00564804 0.00341603
 0.00933517 0.014869 0.0218373 0.0300242 0.0391188 0.0486258 0.0577758 0.0656255 0.0713455 0.0744712 0.074948 0.0730197 0.069099 0.0636751 0.0572432 0.0502471 0.0430534 0.035955 0.0291877 0.0229421 0.0173697 0.0125842 0.00865647 0.0056052 0.00338602
 0.00964621 0.0153602 0.022548 0.0309779 0.0403135 0.0500222 0.059284 0.0671023 0.0726117 0.0753466 0.0752941 0.0727753 0.0682992 0.0624477 0.0557777 0.0487464 0.0416838 0.0348151 0.028305 0.0222924 0.0169061 0.0122594 0.00843364 0.0054577 0.00329384
 0.00931456 0.0149214 0.0220737 0.0305984 0.040184 0.0502669 0.0599478 0.0681341 0.0738807 0.0766773 0.0765009 0.0736925 0.0688082 0.0624998 0.0554059 0.0480563 0.0408237 0.0339343 0.0275166 0.0216565 0.0164335 0.0119296 0.00821464 0.00531865 0.00320988
#obs surv len freq
 0.0049718 0.00814423 0.0123886 0.0177184 0.0240066 0.0308862 0.0377294 0.0438113 0.0485809 0.0518386 0.0537056 0.0544705 0.0544552 0.0539578 0.0532374 0.0525056 0.0519048 0.0514682 0.0510566 0.0503012 0.0486201 0.045383 0.0402132 0.0332798 0.0253648
 0.0051919 0.00850288 0.0129302 0.0184853 0.0250321 0.0321823 0.0392742 0.0455422 0.0504021 0.0536361 0.0553639 0.0558824 0.0555278 0.0546145 0.0534211 0.0521815 0.0510655 0.0501389 0.0493008 0.0482233 0.0463638 0.0431203 0.0381205 0.0315043 0.0239923
 0.00541866 0.00887683 0.0135028 0.0193076 0.0261447 0.0335994 0.0409677 0.0474371 0.0523879 0.0555891 0.057166 0.0574307 0.0567346 0.0554055 0.0537341 0.0519679 0.0502958 0.0488124 0.0474579 0.045959 0.0438321 0.0405239 0.0356794 0.029409 0.0223597
 0.00566268 0.00927353 0.0141002 0.0201514 0.027271 0.0350224 0.0426657 0.0493456 0.0544061 0.0575965 0.0590406 0.0590615 0.0580281 0.0562859 0.0541403 0.0518503 0.0496163 0.0475527 0.0456368 0.0436523 0.0411878 0.0377558 0.0330341 0.0271102 0.0205523
 0.00588849 0.00964865 0.0146794 0.0209905 0.0284148 0.0364868 0.0444207 0.0513109 0.0564649 0.0596208 0.0609118 0.0606799 0.0593117 0.0571673 0.054563 0.0517659 0.0489846 0.0463481 0.0438638 0.0413694 0.0385283 0.0349301 0.0302982 0.0247065 0.0186455
 0.00612927 0.0100391 0.0152657 0.0218162 0.0295147 0.0378755 0.0460789 0.053178 0.0584435 0.0615919 0.0627529 0.06228 0.0605805 0.0580365 0.0549827 0.0516972 0.0483944 0.0452117 0.0421794 0.0391825 0.0359563 0.0321694 0.0275986 0.0223131 0.0167322
 0.0063789 0.0104482 0.0158872 0.0227003 0.0306978 0.0393639 0.0478332 0.0551105 0.0604339 0.0635131 0.0644924 0.063748 0.0617077 0.0587701 0.0552825 0.051532 0.0477397 0.0440502 0.0405115 0.0370482 0.0334598 0.0294904 0.0249719 0.0199746 0.014854
 0.00662432 0.0108522 0.0165043 0.0235839 0.0318893 0.040875 0.0496277 0.0570982 0.0624837 0.0654788 0.0662397 0.0651716 0.0627373 0.0593669 0.0554293 0.0512229 0.046971 0.04282 0.0388292 0.0349537 0.0310483 0.0269242 0.0224646 0.0177437 0.0130601
 0.00683293 0.0111942 0.0170247 0.0243271 0.0328915 0.0421514 0.0511584 0.0588213 0.064301 0.0672717 0.0678867 0.0665625 0.0637834 0.0600068 0.0556302 0.0509749 0.0462781 0.0416939 0.0372914 0.0330499 0.0288677 0.0246117 0.0202085 0.0157362 0.0114439
 0.00706027 0.0115667 0.0175903 0.0251312 0.0339668 0.0435025 0.0527473 0.060564 0.0660816 0.0689662 0.0693844 0.0677755 0.0646477 0.06048 0.0556886 0.0506118 0.0455009 0.0405215 0.0357554 0.0312035 0.0267997 0.0224544 0.0181283 0.0138994 0.00997212
 0.00725339 0.0118852 0.0180778 0.0258312 0.0349132 0.0447054 0.054179 0.0621527 0.0677217 0.0705381 0.0707754 0.0688943 0.0654304 0.0608892 0.0557098 0.0502463 0.0447608 0.0394282 0.0343425 0.029525 0.0249401 0.0205338 0.0162916 0.012288 0.00868695
 0.00742275 0.0121618 0.0184967 0.0264258 0.0357096 0.0457122 0.0553763 0.0634877 0.0691136 0.0718922 0.0719971 0.0698998 0.0661535 0.0612856 0.0557572 0.0499421 0.0441174 0.038469 0.0331028 0.0280578 0.0233236 0.0188745 0.0147145 0.0109119 0.00759448
 0.00753943 0.0123539 0.0187904 0.0268474 0.0362806 0.0464417 0.056253 0.0644767 0.070161 0.0729342 0.072969 0.0707407 0.0668086 0.0617089 0.055914 0.0498119 0.0436951 0.037765 0.0321445 0.0268917 0.02202 0.0175269 0.01343 0.00979059 0.00670485
 0.0076044 0.0124574 0.0189428 0.0270583 0.0365593 0.0467965 0.0566893 0.0649942 0.0707507 0.0735771 0.0736355 0.0713921 0.0673996 0.062191 0.0562403 0.0499415 0.0435982 0.0374278 0.0315732 0.0261167 0.0210974 0.0165364 0.012464 0.00893546 0.00602062
 0.00766346 0.0125467 0.0190646 0.0272111 0.0367384 0.0469974 0.0569091 0.0652331 0.0710124 0.0738677 0.07396 0.0717496 0.0677777 0.062563 0.0565671 0.0501767 0.0436965 0.0373533 0.0313081 0.025668 0.0205006 0.0158526 0.0117697 0.00830512 0.00550806
 0.00772308 0.0126369 0.0191877 0.027364 0.0369134 0.0471831 0.057092 0.0654007 0.0711564 0.0739887 0.0740687 0.0718629 0.0679118 0.0627244 0.0567464 0.0503478 0.0438206 0.037388 0.0312188 0.0254391 0.0201434 0.0154056 0.0112902 0.00785396 0.00513247
 0.00775624 0.0126874 0.0192574 0.027452 0.0370159 0.0472937 0.0572023 0.0655009 0.0712383 0.0740485 0.0741094 0.0718948 0.0679492 0.0627815 0.0568306 0.0504543 0.0439297 0.0374683 0.031235 0.0253641 0.0199692 0.0151488 0.0109882 0.00755267 0.00487166
 0.007807 0.012763 0.0193581 0.0275734 0.0371497 0.0474296 0.0573299 0.0656102 0.0713209 0.0740988 0.0741265 0.0718831 0.0679184 0.0627449 0.0568018 0.0504423 0.0439346 0.0374781 0.0312282 0.0253167 0.0198655 0.0149894 0.0107916 0.00734872 0.00468953
 0.00784489 0.0128209 0.0194381 0.0276743 0.0372667 0.0475543 0.0574505 0.0657135 0.0713953 0.0741378 0.0741302 0.0718577 0.0678736 0.0626909 0.0567483 0.0503974 0.0439025 0.0374568 0.0312079 0.0252828 0.019804 0.0148947 0.0106705 0.0072179 0.00456853
 0.0078717 0.0128622 0.0194961 0.027749 0.0373561 0.0476541 0.0575536 0.0658106 0.071476 0.074193 0.0741548 0.0718514 0.0678407 0.0626393 0.0566875 0.0503362 0.0438476 0.0374109 0.0311687 0.025243 0.0197547 0.0148301 0.0105915 0.00713257 0.00448836
 0.00789356 0.0128941 0.0195371 0.0277962 0.0374053 0.0477012 0.0575961 0.0658475 0.0715072 0.0742183 0.074173 0.0718608 0.0678398 0.0626275 0.0566659 0.050308 0.0438168 0.0373811 0.0311409 0.0252153 0.0197228 0.0147903 0.0105434 0.00707997 0.0044379
 0.0079005 0.0129045 0.0195511 0.027813 0.0374231 0.0477174 0.0576078 0.0658521 0.071504 0.0742093 0.0741627 0.0718542 0.0678397 0.062634 0.0566764 0.0503189 0.0438255 0.0373861 0.0311419 0.0252117 0.0197133 0.0147735 0.0105194 0.00705126 0.00440874
 0.0079061 0.0129097 0.0195518 0.0278033 0.0373973 0.0476727 0.0575466 0.065782 0.0714355 0.0741523 0.0741246 0.0718386 0.0678476 0.0626634 0.0567229 0.0503763 0.0438867 0.0374446 0.0311927 0.0252516 0.0197406 0.0147879 0.0105221 0.00704524 0.00439787
 0.00788508 0.0128745 0.0194968 0.0277229 0.0372871 0.0475318 0.0573802 0.0656024 0.071261 0.074004 0.0740216 0.0717943 0.0678664 0.0627407 0.0568468 0.0505308 0.0440547 0.0376109 0.0313449 0.0253813 0.0198434 0.0148627 0.0105713 0.00707338 0.00441097
 0.00788136 0.0128649 0.0194758 0.027683 0.0372206 0.0474337 0.0572507 0.0654481 0.0710944 0.0738411 0.0738798 0.0716902 0.0678133 0.0627457 0.0569094 0.0506423 0.0442006 0.0377736 0.0315073 0.0255292 0.0199672 0.0149582 0.0106385 0.00711607 0.00443504
 0.00788555 0.0128687 0.0194759 0.027674 0.0371957 0.0473864 0.0571764 0.0653464 0.070969 0.0737009 0.073738 0.0715625 0.0677155 0.0626909 0.0569053 0.0506899 0.0442935 0.0378991 0.0316491 0.0256707 0.0200945 0.0150621 0.0107157 0.00716807 0.00446655
 0.00785034 0.0128138 0.0193976 0.0275706 0.0370677 0.047237 0.0570122 0.0651769 0.0708062 0.073557 0.0736235 0.0714855 0.0676816 0.0627035 0.0569652 0.050795 0.0444377 0.0380721 0.0318369 0.0258572 0.0202644 0.0152043 0.0108246 0.00724418 0.00451482
 0.00781063 0.0127487 0.0192989 0.027431 0.0368838 0.0470121 0.0567594 0.0649185 0.0705689 0.073365 0.0734931 0.0714235 0.0676869 0.06277 0.0570845 0.0509577 0.0446339 0.0382906 0.0320647 0.0260797 0.0204674 0.015376 0.0109585 0.00733981 0.00457701
 0.00779525 0.0127186 0.0192442 0.0273397 0.0367443 0.0468187 0.0565165 0.0646428 0.0702866 0.0731064 0.0732866 0.0712899 0.0676368 0.0628031 0.0571917 0.0511246 0.0448438 0.0385267 0.0323107 0.0263199 0.0206872 0.0155637 0.0111068 0.00744739 0.00464823
 0.00776365 0.0126687 0.0191716 0.0272406 0.0366154 0.0466574 0.0563224 0.0644196 0.0700444 0.0728627 0.0730646 0.0711151 0.0675315 0.062781 0.0572553 0.0512655 0.0450456 0.0387685 0.0325709 0.0265779 0.0209253 0.0157682 0.0112695 0.0075666 0.00472804
 0.00775011 0.012645 0.0191329 0.0271814 0.0365312 0.0465463 0.0561868 0.0642657 0.0698806 0.0726971 0.0729051 0.0709708 0.0674144 0.0627059 0.057236 0.0513104 0.045154 0.0389305 0.0327691 0.0267915 0.0211336 0.015954 0.0114215 0.00768038 0.00480562
 0.00934695 0.0148804 0.0218312 0.0299566 0.0388995 0.0481054 0.0567574 0.0639187 0.0688534 0.0712724 0.0713214 0.0693893 0.0659278 0.0613616 0.0560569 0.0503068 0.0443289 0.0382797 0.0322801 0.0264442 0.0209024 0.0158112 0.0113408 0.00763936 0.00478739
 0.00932237 0.0151381 0.0227437 0.0319868 0.0423992 0.0530436 0.0625476 0.0695144 0.0731203 0.0734357 0.0712207 0.0674205 0.0627669 0.0576745 0.0523343 0.0468387 0.0412555 0.0356531 0.0301071 0.0247074 0.0195678 0.0148318 0.0106597 0.00719418 0.00451623
 0.00896674 0.014577 0.0219531 0.0310138 0.0414173 0.0523912 0.0626893 0.070877 0.0758414 0.0771751 0.0752007 0.0707223 0.0647144 0.0580687 0.0514247 0.0451098 0.0391951 0.0336185 0.0283017 0.0232166 0.0184058 0.0139742 0.0100624 0.00680415 0.00427923
 0.00878378 0.0142681 0.0214678 0.0303012 0.0404456 0.0511817 0.0613606 0.0696736 0.0751141 0.0772845 0.0763592 0.0728441 0.0673805 0.0606633 0.053384 0.0461362 0.0393173 0.0330932 0.0274528 0.0223108 0.0176054 0.0133472 0.00961467 0.00650972 0.00410067
 0.00873581 0.0141799 0.0213153 0.0300524 0.0400644 0.050637 0.0606397 0.0688011 0.0741724 0.0764284 0.0758058 0.0728192 0.068022 0.0619249 0.0550097 0.0477441 0.0405559 0.0337777 0.0276027 0.0220872 0.0172074 0.0129329 0.00927189 0.00626578 0.00394654
 0.00871547 0.0141477 0.0212675 0.0299838 0.0399657 0.0504928 0.0604282 0.0684981 0.0737618 0.0759185 0.0752475 0.0723157 0.0677162 0.0619539 0.0554379 0.0485109 0.0414796 0.0346273 0.0281974 0.0223626 0.0172138 0.0127811 0.00907117 0.0060871 0.00381816
 0.00868331 0.0140991 0.0212013 0.0299012 0.03987 0.0503872 0.0603145 0.0683739 0.0736186 0.0757432 0.0750285 0.0720567 0.0674502 0.0617481 0.0553774 0.0486601 0.0418407 0.0351248 0.0287048 0.0227606 0.0174405 0.0128458 0.00902959 0.0060031 0.00373681
 0.00868388 0.0140941 0.0211828 0.0298591 0.0397951 0.0502765 0.0601745 0.0682201 0.0734689 0.07561 0.0749137 0.0719525 0.0673477 0.06165 0.0553062 0.048655 0.0419389 0.035335 0.0289934 0.0230613 0.0176859 0.0129977 0.00908988 0.00600095 0.00370717
 0.00866902 0.0140734 0.0211578 0.0298322 0.0397676 0.0502462 0.0601349 0.0681627 0.0733889 0.07551 0.0748042 0.0718469 0.0672562 0.0615775 0.0552556 0.0486339 0.0419616 0.0354154 0.0291319 0.0232373 0.017863 0.0131404 0.00917954 0.00604053 0.00371326
 0.00866688 0.0140693 0.0211506 0.0298209 0.0397521 0.0502278 0.0601159 0.0681454 0.0733728 0.0754909 0.0747755 0.0718038 0.0671992 0.0615124 0.0551924 0.0485836 0.041935 0.0354223 0.0291774 0.0233168 0.017961 0.0132354 0.00925343 0.00608572 0.00373326
 0.00864544 0.0140374 0.021108 0.0297694 0.0396948 0.0501685 0.0600586 0.0680942 0.0733319 0.0754638 0.0747635 0.0718047 0.0672079 0.0615231 0.0552014 0.0485915 0.041947 0.0354453 0.0292174 0.0233752 0.0180324 0.013309 0.00931715 0.00613185 0.00376063
 0.00861536 0.0139876 0.021032 0.0296616 0.0395529 0.0499972 0.0598714 0.0679124 0.0731796 0.0753607 0.07472 0.0718203 0.0672735 0.0616245 0.0553229 0.0487194 0.0420718 0.0355632 0.0293284 0.0234805 0.0181314 0.0133981 0.00939127 0.00618717 0.00379689
 0.00863041 0.0140116 0.0210668 0.0297074 0.0396071 0.0500526 0.0599165 0.0679338 0.0731667 0.0753113 0.0746417 0.0717282 0.0671846 0.0615516 0.0552723 0.0486911 0.0420622 0.0355676 0.0293434 0.0235041 0.0181615 0.0134316 0.00942393 0.0062149 0.00381722
 0.00860825 0.01398 0.0210276 0.0296652 0.0395685 0.0500238 0.0599016 0.0679329 0.0731759 0.0753233 0.0746486 0.0717248 0.0671705 0.0615324 0.055256 0.0486849 0.0420694 0.0355877 0.0293733 0.0235399 0.0181996 0.0134689 0.00945744 0.00624227 0.00383726
 0.00861062 0.0139798 0.0210199 0.029644 0.0395286 0.0499651 0.0598309 0.0678633 0.0731218 0.0752945 0.0746466 0.0717431 0.0671987 0.0615607 0.0552796 0.0487039 0.0420875 0.0356089 0.0293996 0.0235708 0.0182329 0.0135015 0.00948664 0.00626607 0.00385478
 0.00861062 0.0139798 0.0210199 0.029644 0.0395286 0.0499651 0.0598309 0.0678633 0.0731218 0.0752945 0.0746466 0.0717431 0.0671987 0.0615607 0.0552796 0.0487039 0.0420875 0.0356089 0.0293996 0.0235708 0.0182329 0.0135015 0.00948664 0.00626607 0.00385478
 0.00883595 0.0143377 0.0215407 0.0303443 0.0404017 0.0509684 0.0608789 0.0688348 0.0738873 0.0757528 0.0747516 0.0715085 0.0666839 0.0608484 0.0544563 0.0478477 0.0412612 0.0348581 0.028753 0.0230418 0.0178222 0.0132 0.00927847 0.00613177 0.00377442
 0.00856958 0.01394 0.0210098 0.0297069 0.039712 0.0503019 0.060323 0.0684746 0.0737843 0.0759232 0.0751574 0.0720693 0.067303 0.0614411 0.0549667 0.0482515 0.0415597 0.0350678 0.028896 0.0231393 0.0178902 0.0132489 0.00931425 0.00615749 0.00379201
 0.00865423 0.0140415 0.021097 0.0297314 0.0396249 0.0500794 0.0599855 0.0680867 0.0734342 0.0756909 0.0750892 0.0721669 0.0675292 0.0617353 0.0552649 0.0485034 0.0417382 0.0351697 0.0289352 0.0231372 0.0178678 0.0132219 0.00929127 0.0061416 0.0037827
 0.00853929 0.0138736 0.0208778 0.0294706 0.039332 0.0497544 0.0596174 0.0676651 0.0729695 0.0752301 0.0747117 0.0719592 0.0675498 0.0619903 0.0557065 0.04905 0.0423026 0.0356832 0.0293586 0.0234599 0.0180987 0.013379 0.00939373 0.00620581 0.00382116
 0.00871285 0.0141324 0.0212239 0.0298902 0.0397988 0.0502344 0.0600708 0.0680445 0.0732202 0.0752993 0.0745673 0.0716101 0.0670533 0.0614386 0.0551945 0.0486432 0.0420212 0.0355084 0.0292534 0.0233897 0.0180424 0.0133291 0.00935089 0.00617245 0.00379812
 0.00888949 0.0144317 0.021694 0.030576 0.0407231 0.0513726 0.0613327 0.0692814 0.0742602 0.0759963 0.0748364 0.0714373 0.0664863 0.0605708 0.0541476 0.0475461 0.0409855 0.0346086 0.0285205 0.0228198 0.0176134 0.013015 0.00912867 0.00602275 0.0037037
 0.00882998 0.0143556 0.0216194 0.0305373 0.040768 0.0515526 0.0616889 0.0698281 0.0749696 0.0767911 0.0756004 0.0720437 0.0668339 0.0606118 0.0538965 0.0470693 0.0403787 0.0339701 0.0279291 0.0223224 0.0172258 0.0127309 0.00893126 0.00589261 0.00362291
#pred catch len freq
 0.00388853 0.00622179 0.00921367 0.0128517 0.0171397 0.0220625 0.0275156 0.0332745 0.0390336 0.0444704 0.0492982 0.0533047 0.056382 0.0585292 0.0598233 0.0603761 0.0603011 0.0596845 0.0585372 0.0567261 0.0539305 0.0497167 0.0437737 0.0362159 0.0277289
 0.00429874 0.00682645 0.0100141 0.0138248 0.0182657 0.023357 0.0290372 0.0350878 0.0411395 0.0467455 0.0514891 0.055093 0.0574894 0.0588111 0.0593052 0.0592248 0.0587479 0.0579368 0.0567154 0.0548527 0.0519759 0.0476739 0.0417138 0.034285 0.0260891
 0.00454995 0.00725868 0.0107055 0.014855 0.0196897 0.0251727 0.0311664 0.0373947 0.0434815 0.0490195 0.0536289 0.057018 0.0590541 0.0598102 0.0595446 0.0586103 0.0573313 0.0558899 0.0542551 0.0521688 0.0492057 0.0449263 0.0391093 0.031966 0.024188
 0.00482578 0.00768861 0.011324 0.015697 0.0208029 0.0266238 0.033026 0.0396959 0.0461688 0.0519228 0.0564908 0.059565 0.0610648 0.061138 0.0600956 0.0583214 0.0561798 0.0539257 0.0516167 0.0490635 0.0458697 0.0415943 0.0359998 0.0292674 0.0220319
 0.00511427 0.00814695 0.0119944 0.0166133 0.0219878 0.0280863 0.0347596 0.041681 0.048377 0.0543117 0.058982 0.0620173 0.0632715 0.0628606 0.0611193 0.0584975 0.0554418 0.0522882 0.0491751 0.0459947 0.0424218 0.0380582 0.0326671 0.0263828 0.01975
 0.00542006 0.00862925 0.0126945 0.0175649 0.0232174 0.0296107 0.0365764 0.0437557 0.0506366 0.0566503 0.0612772 0.0641471 0.0651197 0.0643086 0.0620368 0.0587484 0.0549096 0.0509109 0.0469759 0.0430985 0.0390542 0.0345198 0.0292828 0.0234354 0.0174196
 0.0057519 0.00914618 0.0134319 0.0185444 0.0244492 0.0310948 0.0382989 0.0456814 0.052703 0.0587681 0.0633354 0.066025 0.0667006 0.0654912 0.0627363 0.058888 0.0544148 0.0497201 0.0450704 0.0405401 0.0360098 0.0312532 0.0261076 0.0206403 0.0151975
 0.00614355 0.00975946 0.0143119 0.0197199 0.0259301 0.0328696 0.0403266 0.0478847 0.0549707 0.0609681 0.0653332 0.0676991 0.0679549 0.0662601 0.0629816 0.0585892 0.0535571 0.0482901 0.0430692 0.0380143 0.0330846 0.0281434 0.0230873 0.0179762 0.013075
 0.00645027 0.0102499 0.015036 0.0207218 0.0272444 0.034512 0.0422795 0.0500838 0.0573017 0.0632762 0.0674441 0.0694473 0.0692098 0.0669435 0.0630689 0.0580956 0.0525167 0.0467405 0.0410507 0.0355886 0.0303622 0.0253004 0.0203496 0.0155687 0.0111578
 0.00668213 0.0106219 0.0155881 0.0214921 0.0282671 0.0358115 0.0438594 0.051914 0.0593095 0.065346 0.0694265 0.0711778 0.0705351 0.067747 0.0632878 0.0577221 0.0515857 0.0453112 0.0391952 0.033393 0.0279412 0.0228092 0.0179748 0.0134925 0.009509
 0.00700377 0.0111205 0.0162948 0.0224236 0.0294285 0.0371993 0.0454574 0.0536842 0.0611833 0.0672224 0.0711787 0.0726679 0.0716336 0.0683529 0.0633424 0.0572143 0.0505479 0.043809 0.037316 0.0312412 0.0256406 0.0205055 0.0158269 0.0116458 0.00805958
 0.0072972 0.0115805 0.0169557 0.0233068 0.0305409 0.0385295 0.0469702 0.0553171 0.0628503 0.068824 0.072614 0.0738421 0.0724639 0.0687739 0.0633118 0.0567184 0.0496036 0.0424633 0.0356426 0.0293373 0.0236241 0.0185103 0.0139902 0.0100853 0.00684704
 0.00735674 0.0116969 0.0171682 0.0236665 0.0311021 0.0393335 0.0480278 0.0565967 0.0642777 0.070293 0.0740024 0.0750319 0.0733585 0.069308 0.0634529 0.0564611 0.0489643 0.0414777 0.0343672 0.027851 0.0220279 0.016921 0.012526 0.00884419 0.00588652
 0.00722635 0.0115081 0.0169295 0.0234072 0.0308728 0.0392028 0.0480737 0.056892 0.0648684 0.0711753 0.0751123 0.0762536 0.0745505 0.0703347 0.0642086 0.0568809 0.0490238 0.0411869 0.0337648 0.0270011 0.0210173 0.0158524 0.0115048 0.00795933 0.0051927
 0.00709543 0.0113042 0.0166401 0.0230297 0.0304183 0.0387017 0.0475808 0.0564871 0.0646458 0.0712226 0.0754836 0.0769471 0.0754995 0.0714182 0.0652786 0.0577967 0.0496799 0.041527 0.0337823 0.0267325 0.020532 0.0152412 0.0108641 0.0073734 0.00471792
 0.00703177 0.0111955 0.0164667 0.0227699 0.0300533 0.0382236 0.0470036 0.0558535 0.0640283 0.0707161 0.0751887 0.0769472 0.0758352 0.0720686 0.0661587 0.0587751 0.0506106 0.0422839 0.0342849 0.0269564 0.0205049 0.0150289 0.0105507 0.00703966 0.00442413
 0.0071879 0.0114073 0.0167068 0.0229837 0.0301704 0.0381784 0.0467548 0.0553966 0.0633989 0.0699867 0.0744613 0.0763379 0.0754511 0.0719818 0.0663854 0.0592677 0.0512676 0.0429767 0.0348915 0.0273912 0.0207353 0.0150733 0.0104625 0.00688499 0.00426037
 0.00733597 0.0116428 0.0170486 0.0234386 0.0307222 0.038777 0.0473116 0.0557969 0.0635342 0.0697954 0.0739555 0.0756036 0.0746238 0.0712094 0.0657915 0.0589239 0.0511806 0.0430924 0.0351173 0.027628 0.0209078 0.0151473 0.0104447 0.00680802 0.0041629
 0.00738832 0.0117304 0.0171861 0.0236433 0.0310134 0.0391699 0.0478071 0.0563676 0.064114 0.0702823 0.0742353 0.07559 0.0742971 0.0706312 0.0650861 0.0582346 0.0506233 0.0427248 0.0349329 0.027574 0.0209145 0.0151573 0.0104284 0.0067635 0.00410436
 0.00737435 0.0117154 0.0171784 0.0236572 0.0310673 0.0392839 0.0479986 0.056647 0.0644787 0.0707092 0.0746741 0.0759651 0.0745243 0.070647 0.0648771 0.0578486 0.0501533 0.0422725 0.0345722 0.0273314 0.0207741 0.0150814 0.0103809 0.00672294 0.00406499
 0.00725145 0.0115348 0.0169429 0.0233841 0.0307864 0.0390327 0.0478174 0.0565737 0.0645425 0.0709219 0.0750229 0.0764097 0.0749999 0.0710759 0.0651877 0.0579975 0.0501409 0.0421415 0.034388 0.0271543 0.0206389 0.0149941 0.0103291 0.00669055 0.0040412
 0.00725637 0.0115145 0.016861 0.0231917 0.0304383 0.0385111 0.0471521 0.0558457 0.0638658 0.0704129 0.07477 0.0764528 0.0753235 0.0716138 0.06584 0.0586558 0.0507156 0.0425824 0.0346888 0.0273414 0.0207508 0.0150632 0.0103744 0.0067199 0.00405804
 0.00729051 0.0115709 0.0169448 0.0233006 0.030554 0.0385918 0.0471345 0.0556638 0.0634847 0.0698593 0.0741386 0.0758782 0.0749314 0.0714777 0.0659615 0.0589746 0.0511374 0.0430129 0.0350596 0.0276214 0.0209409 0.0151827 0.0104459 0.00676137 0.00408099
 0.00733326 0.0116336 0.0170271 0.0233992 0.0306651 0.0387121 0.0472587 0.0557763 0.0635519 0.0698327 0.0739742 0.0755661 0.0745162 0.0710506 0.0656252 0.0588004 0.0511397 0.0431524 0.0352694 0.0278372 0.0211212 0.0153123 0.0105288 0.0068096 0.00410689
 0.00738563 0.0117101 0.0171261 0.0235134 0.0307828 0.0388214 0.0473501 0.0558446 0.0635951 0.0698481 0.0739528 0.0754917 0.0743723 0.070836 0.0653665 0.0585494 0.0509527 0.0430642 0.0352799 0.0279161 0.0212276 0.0154126 0.0106054 0.00685974 0.00413573
 0.00740622 0.0117421 0.0171713 0.0235717 0.0308517 0.038895 0.0474192 0.0558983 0.0636241 0.0698481 0.0739259 0.0754429 0.074305 0.0707494 0.0652592 0.0584271 0.0508328 0.042972 0.0352356 0.0279244 0.0212756 0.0154782 0.0106683 0.0069083 0.00416746
