SBPRF35
7.78865
Curr Bio
530945
B35
660151
F35
0.212556
FOFL
0.16252
OFL
65997.3
Bzero
2.22533e+006
#pred survey bio
 3.84664e+006 3.43297e+006 3.07855e+006 2.75031e+006 2.42173e+006 2.14404e+006 1.9078e+006 1.66945e+006 1.46732e+006 1.28293e+006 1.11294e+006 991898 893566 838841 782745 737541 706482 669689 644990 628512 623123 622625 622693 627091 631448 642273 646313 637429 632107 625219 609677 593899 570198 565267 556957 561696 567878 564389 568780 574663 583656 585919 577880 575450 575051 563463 558833 542854 537227 1.81423e+007 1.07186e+007 1.09018e+007 1.16255e+007 1.26331e+007 1.36844e+007 1.46351e+007 1.54245e+007 1.60449e+007 1.65149e+007 1.68625e+007 1.71156e+007 1.72982e+007 1.74295e+007 1.75238e+007 1.75917e+007 1.76409e+007 1.76766e+007 1.77027e+007 1.77219e+007 1.77362e+007 1.77468e+007 1.77548e+007 1.77608e+007 1.77653e+007 1.77688e+007 1.77714e+007 1.77734e+007 1.77749e+007 1.77761e+007 1.7777e+007 1.77777e+007 1.77782e+007 1.77786e+007 1.77789e+007 1.77792e+007 1.77794e+007 1.77795e+007 1.77796e+007 1.77797e+007 1.77798e+007 1.77798e+007 1.77799e+007 1.77799e+007 1.77799e+007 1.778e+007 1.778e+007 1.778e+007 1.778e+007 1.778e+007 1.778e+007 1.778e+007 1.778e+007 1.778e+007 1.778e+007 1.778e+007 1.778e+007 1.778e+007 1.778e+007 1.778e+007 1.778e+007 1.778e+007 1.778e+007 1.778e+007 1.778e+007 1.778e+007 1.778e+007 1.778e+007 1.778e+007 1.778e+007 1.778e+007 1.778e+007 1.778e+007 1.778e+007 1.778e+007 1.778e+007 1.778e+007 1.778e+007 1.778e+007 1.778e+007 1.778e+007 1.778e+007 1.778e+007 1.778e+007 1.778e+007 1.778e+007 1.778e+007 1.778e+007 1.778e+007 1.778e+007 1.778e+007 1.778e+007 1.778e+007 1.778e+007 1.778e+007 1.778e+007 1.778e+007 1.778e+007 1.778e+007 1.778e+007 0 0 0 0 0 0 0 0 0 0 0 0 0 0 0 0 0 0 0 0 0 0 0 0 0
#obs survey bio
 3.66218e+006 2.56615e+006 2.99116e+006 2.41058e+006 1.69466e+006 2.5846e+006 1.71136e+006 1.51056e+006 928546 1.41962e+006 1.05662e+006 924950 787742 610007 619919 636104 559994 1.07993e+006 594565 551733 510681 529887 607786 577417 628141 474722 604054 792261 632638 499444 710152 609114 554643 549179 707980 560523 535601 449340 623735 457444 515788 896074 496078 574683 578976 636533 528727 507112 628939
#pred catch bio
 293033 266609 272093 302156 284757 272399 294371 277499 271624 263336 222355 202761 164848 165084 153598 139128 140643 126582 117091 106956 103207 102993 98937.1 97988 91475.6 95511.6 103192 96214.1 93626.2 96568 92350.9 97261.8 84015 91242.4 82948.1 83068.8 91550.1 85402.7 85285.5 84056.5 90130.2 97551.1 91647.1 89468.8 97822.2 90491.5 98269.3 87118 94468 65997.3 82699.6 82586.4 86753.5 93862.4 101532 108418 114014 118280 121390 123582 125091 126109 126786 127231 127521 127708 127829 127906 127955 127986 128006 128018 128026 128031 128034 128036 128038 128038 128039 128039 128039 128039 128039 128040 128040 128040 128040 128040 128040 128040 128040 128040 128040 128040 128040 128040 128040 128040 128040 128040 128040 128040 128040 128040 128040 128040 128040 128040 128040 128040 128040 128040 128040 128040 128040 128040 128040 128040 128040 128040 128040 128040 128040 128040 128040 128040 128040 128040 128040 128040 128040 128040 128040 128040 128040 128040 128040 128040 128040 128040 128040 128040 128040 128040 128040 128040 128040 128040 128040 0 0 0 0 0 0 0 0 0 0 0 0 0 0 0 0 0 0 0 0 0 0 0 0 0
#obs catch bio
 247611 267476 273403 304833 288026 276060 300788 282970 280256 270541 227227 207748 167356 168068 157127 141564 144064 128343 118622 108290 104858 105024 100659 99502 92469.3 96862.7 104303 96905.5 94064.4 97179.6 92546.1 97569.5 83889.1 91414.8 83036.8 82972.9 91411.7 85413.8 85438.6 84300.3 90801.4 97605.1 91624.4 89537 98245.2 90460.3 98689.1 87105.5 94557.5
#pred cpue bio
 3.78071e+006 3.3717e+006 3.02032e+006 2.69352e+006 2.36655e+006 2.0901e+006 1.85509e+006 1.61876e+006 1.41858e+006 1.23674e+006 1.0698e+006 950926 854621 801103 746370 702507 672567 637283 613828 597997 592593 591899 592006 596641 601351 612315 616834 608954 604594 598643 584299 569599 545936 539410 530127 534683 541046 537731 541803 547293 555826 558224 550817 548548 548162 537068 532807 517533 512566 1.73317e+007 1.02468e+007 1.02943e+007 1.08769e+007 1.18388e+007 1.288e+007 1.38288e+007 1.46179e+007 1.52382e+007 1.57082e+007 1.60558e+007 1.63089e+007 1.64915e+007 1.66228e+007 1.67171e+007 1.6785e+007 1.68341e+007 1.68698e+007 1.6896e+007 1.69152e+007 1.69295e+007 1.69401e+007 1.6948e+007 1.69541e+007 1.69586e+007 1.6962e+007 1.69647e+007 1.69667e+007 1.69682e+007 1.69694e+007 1.69703e+007 1.6971e+007 1.69715e+007 1.69719e+007 1.69722e+007 1.69725e+007 1.69727e+007 1.69728e+007 1.69729e+007 1.6973e+007 1.69731e+007 1.69731e+007 1.69732e+007 1.69732e+007 1.69732e+007 1.69732e+007 1.69732e+007 1.69733e+007 1.69733e+007 1.69733e+007 1.69733e+007 1.69733e+007 1.69733e+007 1.69733e+007 1.69733e+007 1.69733e+007 1.69733e+007 1.69733e+007 1.69733e+007 1.69733e+007 1.69733e+007 1.69733e+007 1.69733e+007 1.69733e+007 1.69733e+007 1.69733e+007 1.69733e+007 1.69733e+007 1.69733e+007 1.69733e+007 1.69733e+007 1.69733e+007 1.69733e+007 1.69733e+007 1.69733e+007 1.69733e+007 1.69733e+007 1.69733e+007 1.69733e+007 1.69733e+007 1.69733e+007 1.69733e+007 1.69733e+007 1.69733e+007 1.69733e+007 1.69733e+007 1.69733e+007 1.69733e+007 1.69733e+007 1.69733e+007 1.69733e+007 1.69733e+007 1.69733e+007 1.69733e+007 1.69733e+007 1.69733e+007 1.69733e+007 1.69733e+007 1.69733e+007 1.69733e+007 0 0 0 0 0 0 0 0 0 0 0 0 0 0 0 0 0 0 0 0 0 0 0 0 0
#obs cpue bio
 3.17401e+006 2.15409e+006 2.5272e+006 2.49568e+006 1.96741e+006 1.17623e+006 1.22558e+006 1.56962e+006 815624 1.25497e+006 923918 684224 948260 861539 493187 747303 482006 505595 549547 516910 428638 416190 498941 612742 596018 558054 893537 494209 667679 668831 599949 599294 624160 534578 367490 642907 698137 514295 442104 557928 427803 684271 608748 474682 479091 545174 480970 595712 489526
#pred surv len freq
 0.00512598 0.00841927 0.0128464 0.0184282 0.0250258 0.0322321 0.0393581 0.0456213 0.0504483 0.0536652 0.0554525 0.0561586 0.0561329 0.0556475 0.0548798 0.0539209 0.0527957 0.0514799 0.0498931 0.0478624 0.0450949 0.0412358 0.0360487 0.0296439 0.0225828
 0.0055516 0.00900735 0.013545 0.0191394 0.0256522 0.0327408 0.0398162 0.0461691 0.0512153 0.0546802 0.0566064 0.0572428 0.0569279 0.0560088 0.0547813 0.0534437 0.0520757 0.0506432 0.0490058 0.046919 0.0440514 0.0400677 0.034796 0.0284125 0.0215007
 0.00590618 0.00960487 0.0144749 0.0204761 0.0274138 0.0348408 0.0420446 0.0482382 0.0528688 0.0558003 0.0572416 0.0575342 0.056992 0.0558667 0.0543736 0.0527018 0.0509864 0.0492617 0.0474235 0.0452193 0.042292 0.0382975 0.0330841 0.0268562 0.0202007
 0.00622813 0.0101236 0.0152494 0.0215639 0.028866 0.0366866 0.0442632 0.0507268 0.0554285 0.0581608 0.0591299 0.0587602 0.0575034 0.0557343 0.0537211 0.0516332 0.0495608 0.0475163 0.0454088 0.0430146 0.0399999 0.0360331 0.030969 0.025008 0.0187105
 0.00660066 0.0107219 0.0161358 0.0227909 0.0304666 0.0386599 0.0465602 0.0532469 0.0580303 0.060678 0.061381 0.0605573 0.0586743 0.0561625 0.0533789 0.050582 0.0479159 0.0454044 0.0429476 0.0403205 0.0372046 0.0332903 0.0284423 0.0228434 0.0170038
 0.00690266 0.0112165 0.0168869 0.0238597 0.031899 0.0404676 0.048701 0.05562 0.0604923 0.0630719 0.06356 0.0623908 0.0600431 0.0569552 0.0535035 0.0499894 0.0466191 0.043481 0.0405244 0.0375558 0.0342782 0.0303975 0.0257784 0.0205744 0.0152315
 0.00713847 0.0116047 0.0174806 0.0247126 0.0330566 0.0419518 0.0504936 0.0576543 0.0626595 0.0652397 0.0655919 0.0641608 0.0614413 0.0578875 0.0538893 0.0497636 0.0457445 0.0419659 0.0384377 0.0350303 0.0315016 0.0275914 0.0231667 0.0183434 0.0134923
 0.00744275 0.0120946 0.0182089 0.0257249 0.0343825 0.0435919 0.0524051 0.0597469 0.0648079 0.0673067 0.0674508 0.0657069 0.0625936 0.0585858 0.0540879 0.0494268 0.0448468 0.0405022 0.0364425 0.0325974 0.0287919 0.0248201 0.0205665 0.016114 0.0117547
 0.0075992 0.0123745 0.0186767 0.0264554 0.0354425 0.0450114 0.0541528 0.061724 0.066869 0.0692948 0.0692277 0.0671676 0.0636672 0.0592278 0.054272 0.0491366 0.0440715 0.0392406 0.0347168 0.0304743 0.0263984 0.0223409 0.0182147 0.0140811 0.0101623
 0.00777409 0.0126581 0.0191038 0.0270619 0.0362632 0.0460743 0.0554664 0.0632645 0.0685704 0.0710499 0.0709012 0.0686195 0.0647794 0.0599217 0.0545109 0.0489146 0.0433994 0.0381371 0.0332134 0.0286301 0.0243179 0.0201777 0.0161514 0.0122878 0.00875127
 0.00810768 0.0131744 0.019832 0.0280111 0.0374215 0.0474086 0.0569225 0.0647693 0.0700426 0.0724134 0.0720918 0.069583 0.0654649 0.0602814 0.0545069 0.0485272 0.0426295 0.0370044 0.0317545 0.0269042 0.0224171 0.0182305 0.0143095 0.0106934 0.00749854
 0.0082712 0.0134532 0.020274 0.0286651 0.0383214 0.0485523 0.0582546 0.0661841 0.0714112 0.0736211 0.0730658 0.0702952 0.065916 0.0604792 0.0544516 0.0482086 0.0420348 0.0361287 0.0306118 0.0255356 0.0208965 0.0166641 0.0128221 0.00940143 0.00648042
 0.0084929 0.0137905 0.0207402 0.0292605 0.0390393 0.0493847 0.0591916 0.0672053 0.0724734 0.0746542 0.0739817 0.0710093 0.06637 0.0606522 0.054354 0.047865 0.0414676 0.0353536 0.0296439 0.0244033 0.0196529 0.0153898 0.0116149 0.00835407 0.00565522
 0.00858506 0.0139354 0.0209484 0.0295374 0.0393828 0.0497839 0.059628 0.0676583 0.0729293 0.0751113 0.0744451 0.0714761 0.0668159 0.0610312 0.0546119 0.0479567 0.0413667 0.0350525 0.0291505 0.0237407 0.0188637 0.0145382 0.0107796 0.00761154 0.00506006
 0.00861537 0.014005 0.0210898 0.029791 0.0397841 0.0503443 0.0603194 0.0684128 0.0736576 0.0757317 0.0749066 0.0717671 0.0669554 0.0610497 0.0545326 0.0477862 0.0410973 0.0346724 0.0286546 0.0231384 0.0181831 0.0138256 0.010093 0.0070078 0.00457918
 0.00869029 0.0141098 0.0212179 0.0299301 0.0399254 0.0504941 0.0605033 0.068666 0.0740035 0.0761613 0.0753736 0.0722035 0.067298 0.0612616 0.0546078 0.0477385 0.0409446 0.0344261 0.0283201 0.0227229 0.0177042 0.0133153 0.00959446 0.00656459 0.00422322
 0.00859962 0.0139887 0.0210831 0.0298113 0.0398543 0.0504893 0.0605622 0.0687702 0.0741359 0.0763209 0.0755749 0.0724603 0.0676044 0.0615859 0.0549036 0.0479629 0.0410709 0.0344452 0.0282352 0.0225447 0.0174507 0.0130136 0.00927935 0.00627195 0.00398103
 0.0086286 0.0140225 0.0211109 0.0298186 0.0398312 0.0504414 0.0605144 0.0687589 0.0741906 0.0764476 0.0757542 0.0726607 0.0677997 0.0617623 0.0550545 0.0480799 0.0411404 0.0344531 0.0281728 0.0224132 0.0172617 0.0127879 0.00904324 0.00605249 0.00379915
 0.00881511 0.0142803 0.0214146 0.0301149 0.0400533 0.0505319 0.0604471 0.068548 0.0738864 0.0761206 0.0754751 0.0724801 0.0677358 0.0618023 0.0551656 0.0482238 0.0412824 0.0345652 0.0282351 0.0224155 0.0172051 0.0126846 0.00891396 0.00592014 0.00368294
 0.00899071 0.0145534 0.0217999 0.0306107 0.0406338 0.0511404 0.0609962 0.0689351 0.0740258 0.0759794 0.0750907 0.0719471 0.06717 0.0613007 0.0547823 0.0479676 0.0411296 0.0344777 0.0281755 0.0223554 0.0171289 0.01259 0.00880854 0.00581675 0.00359372
 0.00905568 0.0146589 0.0219584 0.0308333 0.0409269 0.0515006 0.0614037 0.0693491 0.0743869 0.0762214 0.0751594 0.071821 0.0668723 0.0608946 0.0543499 0.047581 0.0408307 0.0342729 0.0280452 0.0222696 0.017061 0.0125238 0.00873978 0.00574937 0.00353451
 0.008964 0.0145346 0.021817 0.0307056 0.0408509 0.0515093 0.0615137 0.0695564 0.0746685 0.0765397 0.075467 0.072068 0.0670165 0.0609154 0.0542566 0.0474109 0.0406344 0.0340947 0.0279092 0.0221774 0.0170001 0.0124787 0.00869987 0.00571142 0.00350024
 0.0088288 0.0143277 0.0215315 0.0303473 0.0404425 0.0510913 0.0611434 0.0692986 0.0745784 0.0766424 0.0757467 0.0724713 0.0674699 0.0613456 0.0546087 0.0476586 0.0407812 0.0341658 0.0279371 0.0221884 0.0170075 0.0124847 0.00870203 0.00570807 0.00349253
 0.00872533 0.0141551 0.0212647 0.0299633 0.0399293 0.0504603 0.0604404 0.0686038 0.0739911 0.0762562 0.0756238 0.0726273 0.0678709 0.061919 0.0552624 0.0483043 0.0413536 0.0346315 0.0282922 0.0224478 0.0171922 0.0126133 0.00878809 0.00576165 0.00352241
 0.00866988 0.0140612 0.0211161 0.0297417 0.0396172 0.0500472 0.0599299 0.0680206 0.0733833 0.0756919 0.0751809 0.0723771 0.0678595 0.0621522 0.0557024 0.0488795 0.0419784 0.0352287 0.0288089 0.0228601 0.0175002 0.0128306 0.00893339 0.00585313 0.0035759
 0.00847647 0.0137715 0.0207257 0.0292623 0.039072 0.0494636 0.0593349 0.0674404 0.0728457 0.0752279 0.0748256 0.0721685 0.0678335 0.0623333 0.0560923 0.0494488 0.042668 0.0359622 0.0295105 0.0234722 0.0179917 0.0131964 0.00918666 0.0060163 0.00367337
 0.00827064 0.0134546 0.020283 0.028695 0.0383996 0.0487254 0.0585887 0.0667556 0.0722876 0.0748396 0.0746198 0.0721335 0.0679496 0.0625866 0.056477 0.0499588 0.0432845 0.0366463 0.0302072 0.0241228 0.0185488 0.0136344 0.00950305 0.00622644 0.00380154
 0.00815862 0.0132754 0.0200194 0.0283346 0.0379389 0.0481758 0.0579819 0.066143 0.0717311 0.074397 0.0743302 0.072011 0.0679857 0.0627597 0.0567636 0.0503404 0.0437462 0.0371698 0.0307634 0.0246718 0.0190481 0.0140503 0.0098192 0.0064453 0.00393931
 0.00807778 0.0131365 0.0197969 0.0280014 0.0374741 0.047576 0.0572718 0.0653777 0.070987 0.0737549 0.0738583 0.0717535 0.0679576 0.0629481 0.0571342 0.0508479 0.0443445 0.0378169 0.0314215 0.0253041 0.0196189 0.0145301 0.0101912 0.00670929 0.00410977
 0.00790089 0.012875 0.0194508 0.0275853 0.0370097 0.047082 0.0567579 0.064849 0.0704544 0.0732446 0.0734141 0.0714285 0.0678004 0.0629883 0.0573749 0.0512659 0.0448974 0.0384533 0.0320891 0.0259547 0.0202115 0.0150331 0.0105866 0.00699479 0.00429781
 0.00788753 0.0128312 0.019346 0.0273813 0.0366757 0.0466136 0.0561905 0.0642504 0.0698999 0.0727878 0.0730743 0.0712002 0.0676743 0.0629669 0.0574718 0.0514936 0.0452543 0.0389177 0.0326223 0.0265091 0.0207398 0.0154967 0.0109605 0.00727106 0.00448363
 0.00853219 0.0137362 0.0204418 0.0285108 0.037634 0.0472161 0.0563316 0.0639261 0.0691927 0.0718322 0.0720186 0.0701742 0.0667688 0.0622292 0.0569169 0.0511204 0.0450558 0.0388807 0.0327227 0.0267106 0.0209972 0.0157645 0.011202 0.00746381 0.00462091
 0.0093003 0.0149458 0.0221795 0.0308042 0.0404161 0.0502881 0.0593489 0.0664465 0.0707968 0.0722662 0.0712782 0.0684831 0.0644748 0.0596857 0.0544044 0.0488221 0.0430703 0.0372481 0.0314457 0.0257658 0.0203421 0.0153432 0.0109539 0.00733176 0.0045586
 0.00921605 0.0149215 0.0223503 0.0313627 0.0415584 0.0521268 0.0618331 0.0693329 0.0736913 0.0747191 0.0728986 0.0690367 0.0639375 0.0582339 0.0523452 0.046496 0.0407686 0.0351713 0.0297019 0.0243906 0.0193217 0.014633 0.0104929 0.00705463 0.00440535
 0.00891914 0.0144879 0.0217961 0.0307535 0.0410158 0.0518238 0.0619709 0.0700896 0.0751446 0.0767753 0.0752727 0.0713145 0.0657001 0.0591882 0.0524025 0.0457709 0.0395116 0.0336737 0.0282158 0.023086 0.0182816 0.0138711 0.00997813 0.0067342 0.00422226
 0.00877247 0.014221 0.0213455 0.0300532 0.0400275 0.0505793 0.060607 0.0688471 0.0743172 0.0766219 0.0759261 0.0727216 0.0676189 0.0612499 0.054222 0.0470632 0.0401644 0.0337495 0.0278912 0.022569 0.017744 0.0134176 0.00964807 0.00652195 0.00410052
 0.0087959 0.0142382 0.0213304 0.0299626 0.0398047 0.0501666 0.0599652 0.0679819 0.0733045 0.0756184 0.0751483 0.0723871 0.0678652 0.0620683 0.0554436 0.0484126 0.0413576 0.0345898 0.0283192 0.0226488 0.0176061 0.0131945 0.00943329 0.00635971 0.00399736
 0.00892196 0.0144354 0.0216107 0.0303266 0.0402344 0.0506178 0.0603636 0.0682302 0.0733076 0.0753204 0.0745679 0.0716316 0.0671102 0.0615032 0.0552003 0.0485108 0.0416985 0.0350052 0.0286484 0.0228016 0.0175809 0.0130516 0.0092499 0.0061943 0.00387684
 0.00895487 0.0144902 0.0216956 0.0304501 0.0404033 0.0508333 0.0606159 0.0684933 0.0735377 0.0754605 0.0745619 0.0714465 0.0667595 0.0610572 0.0547705 0.0482087 0.0415868 0.03507 0.0288113 0.0229646 0.0176739 0.0130561 0.00918979 0.00610935 0.0037991
 0.00897519 0.0145215 0.0217399 0.0305087 0.0404776 0.0509252 0.0607277 0.0686259 0.0736867 0.0756125 0.0746918 0.0715197 0.0667421 0.0609324 0.054554 0.0479509 0.0413557 0.0349198 0.0287575 0.0229805 0.0177119 0.0130765 0.0091777 0.00607285 0.00375544
 0.0087263 0.0141719 0.0213153 0.0300673 0.0400931 0.0506607 0.0606142 0.0686593 0.0738394 0.0758495 0.0749804 0.07183 0.0670437 0.061194 0.05475 0.0480721 0.0414152 0.0349484 0.028787 0.0230274 0.0177716 0.0131319 0.0092139 0.00608595 0.00375169
 0.008599 0.0139571 0.020981 0.029588 0.0394669 0.049929 0.0598713 0.0680358 0.0734594 0.0757819 0.075215 0.0722906 0.0676255 0.0618004 0.0553112 0.0485483 0.0417925 0.0352334 0.0289993 0.0231895 0.0178995 0.013232 0.00928655 0.00613172 0.00377514
 0.00873987 0.0141507 0.0212057 0.0297984 0.0396027 0.0499323 0.0597064 0.0677045 0.0730073 0.0752932 0.0747901 0.072014 0.0675362 0.0618822 0.0555077 0.0487902 0.0420232 0.0354206 0.0291347 0.0232806 0.0179598 0.0132727 0.00931397 0.00614879 0.00378382
 0.00874711 0.0141791 0.0212769 0.029937 0.0398226 0.0502188 0.0600059 0.0679329 0.0730806 0.0751647 0.074475 0.0715866 0.0671013 0.0615353 0.0553035 0.048732 0.0420741 0.035528 0.0292527 0.0233816 0.0180343 0.0133229 0.00934567 0.00616762 0.00379397
 0.00863358 0.0140144 0.0210674 0.0297046 0.0396026 0.050053 0.0599323 0.0679732 0.0732269 0.0753743 0.0746806 0.0717228 0.0671353 0.0614815 0.055213 0.0486641 0.042068 0.0355896 0.0293611 0.0235057 0.0181483 0.0134129 0.00940907 0.00620817 0.00381766
 0.00863512 0.0140119 0.021055 0.0296757 0.039554 0.0499908 0.0598749 0.0679485 0.0732625 0.0754827 0.0748487 0.0719114 0.0672909 0.0615582 0.0551929 0.0485647 0.0419313 0.0354613 0.0292707 0.0234599 0.0181366 0.0134194 0.00942074 0.00621815 0.00382401
 0.00856561 0.013906 0.0209086 0.0294896 0.0393333 0.0497444 0.0596165 0.0676989 0.0730505 0.0753422 0.0748105 0.0719908 0.0674785 0.0618184 0.0554745 0.0488201 0.0421332 0.0356077 0.0293772 0.0235452 0.0182121 0.0134868 0.00947702 0.00626032 0.00385205
 0.00843699 0.0137299 0.0207045 0.0292953 0.0391932 0.0496913 0.0596572 0.0678117 0.0731962 0.0754813 0.0749175 0.0720608 0.0675235 0.0618567 0.0555188 0.0488704 0.0421797 0.0356396 0.0293908 0.0235456 0.0182083 0.0134856 0.00948029 0.00626637 0.00385825
 0.00805462 0.0131531 0.0199224 0.0283336 0.038115 0.0485916 0.0586537 0.0670285 0.0727359 0.0753937 0.0751846 0.0726078 0.0682495 0.0626664 0.0563404 0.0496563 0.0428996 0.0362729 0.0299248 0.0239763 0.0185406 0.0137311 0.00965366 0.00638259 0.0039314
#obs surv len freq
 0.0049782 0.00815327 0.0123998 0.0177306 0.0240189 0.0308985 0.037743 0.0438282 0.0486024 0.0518642 0.0537326 0.0544948 0.0544733 0.0539673 0.0532378 0.0524974 0.0518894 0.0514471 0.0510313 0.0502731 0.0485908 0.0453545 0.0401873 0.0332581 0.0253481
 0.00518421 0.00849214 0.0129172 0.0184717 0.0250198 0.0321724 0.0392665 0.0455362 0.0503975 0.0536342 0.0553668 0.0558923 0.0555446 0.054636 0.0534437 0.0522013 0.0510801 0.0501474 0.0493036 0.0482214 0.0463588 0.0431136 0.0381135 0.0314979 0.0239871
 0.0054122 0.00886543 0.0134841 0.0192794 0.0261058 0.033551 0.040914 0.047385 0.0523447 0.0555599 0.0571528 0.0574328 0.0567503 0.0554325 0.0537696 0.0520085 0.0503375 0.0488517 0.0474927 0.0459882 0.043856 0.0405431 0.0356944 0.0294204 0.0223679
 0.00565445 0.00926093 0.0140826 0.0201285 0.0272425 0.0349878 0.0426247 0.0492987 0.0543557 0.0575474 0.058999 0.0590335 0.0580174 0.0562934 0.0541642 0.051887 0.0496612 0.0476014 0.0456852 0.0436974 0.0412275 0.0377894 0.0330614 0.0271312 0.0205675
 0.00588059 0.00963407 0.0146544 0.0209508 0.028357 0.0364106 0.0443298 0.051213 0.0563698 0.0595373 0.0608464 0.0606363 0.0592923 0.057173 0.0545932 0.0518179 0.0490541 0.0464293 0.0439506 0.0414562 0.0386105 0.0350038 0.0303607 0.0247562 0.0186823
 0.00612483 0.0100314 0.0152533 0.0217969 0.0294858 0.0378342 0.046023 0.0531069 0.0583599 0.0615019 0.0626654 0.0622048 0.0605258 0.0580078 0.054982 0.0517237 0.048445 0.0452817 0.0422625 0.0392718 0.0360451 0.0322517 0.0276698 0.0223703 0.0167745
 0.00637538 0.0104428 0.0158794 0.0226898 0.0306841 0.0393462 0.0478103 0.0550806 0.0603953 0.0634647 0.0644351 0.0636853 0.0616461 0.0587178 0.0552473 0.0515196 0.0477523 0.0440865 0.0405674 0.0371172 0.0335345 0.0295635 0.0250371 0.020028 0.0148939
 0.00659801 0.0108107 0.0164445 0.0235042 0.0317902 0.04076 0.0495044 0.0569771 0.062376 0.0653936 0.0661817 0.0651406 0.0627304 0.0593805 0.0554614 0.0512731 0.0470399 0.0429075 0.0389329 0.0350688 0.0311675 0.027039 0.022567 0.0178278 0.0131232
 0.00681746 0.0111696 0.0169885 0.0242778 0.032828 0.0420742 0.0510701 0.058727 0.0642078 0.0671874 0.0678184 0.0665151 0.063759 0.060005 0.0556487 0.0510111 0.0463306 0.0417617 0.0373733 0.0331431 0.028967 0.0247098 0.020298 0.0158109 0.0115006
 0.0070562 0.0115587 0.0175755 0.0251064 0.0339288 0.0434496 0.0526804 0.0604871 0.0660005 0.0688875 0.0693142 0.0677189 0.0646087 0.0604609 0.0556903 0.0506333 0.0455405 0.0405768 0.035824 0.0312825 0.0268845 0.0225394 0.0182067 0.0139656 0.0100229
 0.00727047 0.0119121 0.0181167 0.0258825 0.0349753 0.0447735 0.0542442 0.062204 0.0677479 0.0705322 0.0707366 0.0688281 0.0653464 0.060799 0.0556239 0.0501729 0.0447057 0.0393936 0.0343284 0.0295294 0.0249592 0.0205624 0.016324 0.0123189 0.00871253
 0.00742997 0.0121754 0.0185206 0.0264646 0.035767 0.0457892 0.0554689 0.0635865 0.069205 0.071962 0.0720334 0.0698964 0.0661109 0.0612108 0.055662 0.0498399 0.0440205 0.0383865 0.0330401 0.0280162 0.0233016 0.0188681 0.0147185 0.0109211 0.00760471
 0.00750762 0.0123052 0.0187231 0.0267627 0.0361835 0.0463412 0.0561618 0.0644095 0.0701302 0.0729458 0.0730192 0.0708172 0.066895 0.0617893 0.0559782 0.0498565 0.0437232 0.0377832 0.0321599 0.0269097 0.0220428 0.0175537 0.0134582 0.00981688 0.0067265
 0.00757045 0.012401 0.0188559 0.0269339 0.0363937 0.0465938 0.0564642 0.0647718 0.0705616 0.0734491 0.0735862 0.0714249 0.0675039 0.0623458 0.0564203 0.0501233 0.0437653 0.0375722 0.0316941 0.0262174 0.0211821 0.0166079 0.0125232 0.00898248 0.00605546
 0.007684 0.0125734 0.0190922 0.0272298 0.0367359 0.046962 0.0568339 0.0651184 0.070867 0.0737087 0.0738103 0.0716326 0.0677115 0.0625555 0.0566135 0.0502629 0.0438035 0.0374638 0.0314099 0.0257555 0.0205729 0.0159112 0.0118163 0.00834102 0.00553422
 0.0077248 0.0126414 0.0191972 0.0273805 0.0369368 0.0472087 0.0571098 0.0653966 0.0711178 0.0739105 0.0739568 0.0717341 0.067789 0.0626303 0.0566965 0.050347 0.0438628 0.0374595 0.0313036 0.0255236 0.0202186 0.0154678 0.0113387 0.00788994 0.00515764
 0.0077773 0.012722 0.01931 0.0275266 0.0371149 0.0474158 0.0573401 0.0656402 0.0713589 0.0741282 0.07413 0.0718476 0.0678394 0.0626276 0.0566596 0.0502937 0.0438002 0.0373791 0.0311842 0.025343 0.0199667 0.0151556 0.0109979 0.00756207 0.00487928
 0.00781884 0.0127839 0.0193927 0.0276268 0.0372266 0.0475322 0.0574555 0.0657508 0.0714634 0.0742268 0.0742227 0.0719316 0.0679086 0.0626747 0.0566801 0.0502882 0.0437721 0.0373297 0.0311087 0.0252313 0.019811 0.0149584 0.010776 0.00734198 0.00468726
 0.00785273 0.0128363 0.019466 0.027721 0.0373384 0.0476544 0.0575776 0.0658604 0.0715497 0.0742847 0.0742542 0.0719445 0.0679118 0.0626734 0.0566747 0.0502753 0.0437475 0.0372894 0.0310489 0.0251477 0.0197003 0.0148224 0.0106243 0.00719067 0.00455369
 0.00786086 0.0128464 0.0194757 0.0277263 0.0373355 0.047642 0.0575578 0.0658387 0.0715331 0.0742787 0.0742621 0.0719671 0.0679485 0.0627229 0.0567339 0.0503388 0.0438076 0.0373375 0.0310766 0.0251486 0.0196714 0.0147654 0.0105467 0.00710482 0.00447285
 0.00787524 0.0128632 0.019489 0.0277265 0.037312 0.0475874 0.0574721 0.0657303 0.0714173 0.074174 0.0741854 0.0719303 0.0679561 0.0627722 0.0568164 0.0504429 0.0439202 0.0374456 0.0311685 0.0252151 0.0197069 0.0147697 0.0105254 0.0070675 0.00443076
 0.00791833 0.0129274 0.0195742 0.0278276 0.037419 0.0476858 0.057545 0.0657616 0.0713963 0.0741004 0.0740711 0.0717968 0.0678279 0.0626696 0.056751 0.0504164 0.0439264 0.0374733 0.0312047 0.0252477 0.019727 0.0147729 0.0105126 0.00704384 0.00440324
 0.00787382 0.0128642 0.019496 0.0277434 0.0373401 0.0476217 0.0574993 0.0657315 0.0713751 0.0740808 0.0740489 0.0717728 0.0678081 0.0626632 0.0567672 0.0504607 0.0439979 0.0375648 0.0313046 0.0253429 0.0198064 0.0148299 0.0105459 0.00705732 0.00440354
 0.00788305 0.0128676 0.0194803 0.0276912 0.0372366 0.0474644 0.0573044 0.0655315 0.0712065 0.0739701 0.0740036 0.0717835 0.0678569 0.062734 0.0568507 0.0505539 0.0441012 0.0376772 0.0314214 0.0254558 0.019906 0.0149088 0.0106011 0.00709044 0.00441967
 0.00788624 0.0128707 0.0194806 0.0276829 0.0372106 0.0474083 0.057206 0.065384 0.0710161 0.0737593 0.0738075 0.0716377 0.067785 0.0627398 0.0569211 0.0506684 0.0442401 0.0378259 0.0315696 0.0255953 0.0200292 0.0150095 0.0106761 0.00714057 0.00444923
 0.00786616 0.0128408 0.0194405 0.027634 0.0371549 0.0473473 0.0571393 0.0653089 0.0709283 0.0736557 0.0736908 0.0715193 0.0676843 0.0626785 0.0569149 0.0507203 0.0443407 0.0379583 0.0317156 0.0257392 0.0201594 0.0151183 0.0107596 0.00719886 0.00448589
 0.00785535 0.0128205 0.019405 0.0275773 0.0370724 0.0472396 0.0570139 0.0651795 0.07081 0.0735593 0.0736194 0.07147 0.0676529 0.062665 0.0569246 0.0507608 0.0444166 0.0380668 0.0318465 0.0258781 0.0202918 0.0152329 0.01085 0.00726384 0.00452817
 0.00782143 0.0127647 0.0193201 0.0274563 0.0369106 0.0470375 0.05678 0.0649315 0.070573 0.0733606 0.0734819 0.0714067 0.0676648 0.0627422 0.0570515 0.0509223 0.044601 0.0382655 0.0320509 0.0260779 0.0204754 0.0153898 0.0109738 0.00735335 0.00458715
 0.00778084 0.0126977 0.0192177 0.0273097 0.036714 0.046791 0.0564934 0.0646249 0.0702738 0.0730987 0.0732842 0.0712932 0.0676458 0.0628168 0.057208 0.051141 0.0448591 0.0385413 0.0323261 0.0263377 0.0207076 0.0155852 0.0111271 0.00746443 0.00466084
 0.00776032 0.0126627 0.0191619 0.0272259 0.0365954 0.0466334 0.0562974 0.064398 0.0700301 0.0728575 0.0730677 0.0711236 0.0675422 0.0627918 0.0572655 0.0512749 0.0450542 0.0387767 0.0325793 0.0265874 0.0209364 0.0157806 0.0112821 0.00757799 0.00473705
 0.00774093 0.0126286 0.0191057 0.0271393 0.0364711 0.046468 0.0560946 0.0641689 0.0697916 0.0726284 0.0728659 0.0709651 0.0674402 0.0627565 0.0573026 0.0513841 0.0452279 0.0389998 0.0328311 0.0268453 0.021179 0.0159912 0.0114509 0.0077024 0.00482098
 0.00932832 0.0148524 0.0217931 0.029909 0.0388435 0.0480421 0.0566875 0.0638435 0.068776 0.071199 0.0712604 0.06935 0.0659173 0.0613825 0.0561065 0.0503779 0.0444122 0.0383659 0.0323619 0.0265169 0.0209637 0.0158603 0.0113783 0.00766635 0.00480554
 0.00932167 0.015134 0.0227323 0.031963 0.0423584 0.0529843 0.0624731 0.0694323 0.07304 0.073365 0.0711647 0.0673815 0.062747 0.0576756 0.0523578 0.0468839 0.0413183 0.035727 0.0301843 0.0247808 0.0196323 0.0148845 0.0107 0.00722294 0.00453529
 0.00896103 0.0145703 0.0219477 0.0310126 0.0414223 0.0524014 0.0626996 0.0708794 0.0758288 0.0771447 0.0751555 0.0706699 0.0646638 0.0580273 0.051398 0.0451006 0.0392038 0.0336432 0.028338 0.0232587 0.0184479 0.0140118 0.0100928 0.00682656 0.00429435
 0.00879043 0.0142792 0.0214853 0.030327 0.0404815 0.0512285 0.0614167 0.0697344 0.0751712 0.0773277 0.0763783 0.072833 0.06734 0.0606006 0.0533104 0.0460639 0.0392556 0.0330478 0.0274249 0.0222985 0.0176045 0.0133529 0.00962294 0.0065177 0.00410695
 0.00872282 0.0141625 0.0212958 0.0300354 0.0400557 0.0506413 0.0606595 0.0688358 0.0742185 0.0764804 0.0758565 0.0728604 0.0680462 0.0619275 0.0549908 0.0477089 0.0405127 0.0337357 0.0275687 0.0220646 0.0171959 0.0129298 0.00927397 0.00626987 0.00395061
 0.00869458 0.0141139 0.0212171 0.0299145 0.0398783 0.0503926 0.0603266 0.068411 0.0737052 0.0759031 0.0752753 0.0723796 0.0678028 0.0620478 0.0555255 0.0485829 0.0415325 0.034663 0.0282209 0.0223798 0.0172286 0.0127952 0.00908432 0.00609835 0.00382674
 0.00868413 0.0140968 0.021191 0.0298764 0.0398237 0.0503156 0.0602192 0.0682636 0.0735078 0.0756487 0.0749661 0.0720365 0.0674744 0.0618101 0.0554641 0.0487559 0.041932 0.0352027 0.0287661 0.0228065 0.0174744 0.0128712 0.00904882 0.00601742 0.00374691
 0.00869699 0.0141151 0.0212137 0.0299005 0.0398449 0.0503289 0.0602192 0.0682443 0.0734618 0.0755678 0.0748422 0.071866 0.0672644 0.0615853 0.0552688 0.048645 0.0419496 0.0353569 0.0290176 0.0230825 0.0177021 0.0130095 0.0090983 0.00600712 0.00371164
 0.00869458 0.0141146 0.021219 0.0299166 0.0398764 0.0503763 0.0602772 0.068302 0.0735057 0.075585 0.0748235 0.0718063 0.0671631 0.0614488 0.0551132 0.0484982 0.0418462 0.0353256 0.0290662 0.0231908 0.0178304 0.0131177 0.00916424 0.00603079 0.00370759
 0.00865437 0.0140543 0.021138 0.0298186 0.0397692 0.0502714 0.0601881 0.0682418 0.0734832 0.0756014 0.0748704 0.0718683 0.0672228 0.0614918 0.0551329 0.048498 0.0418397 0.0353319 0.0291014 0.0232587 0.0179196 0.0132075 0.00923535 0.00607456 0.00372677
 0.00865044 0.0140446 0.0211176 0.0297814 0.0397104 0.0501906 0.0600919 0.0681439 0.0734005 0.0755485 0.0748551 0.0718894 0.0672706 0.0615518 0.0551905 0.0485432 0.0418705 0.0353544 0.029126 0.0232942 0.0179677 0.0132616 0.00928497 0.00611148 0.00374862
 0.00865393 0.0140484 0.0211194 0.0297776 0.039696 0.0501605 0.0600425 0.0680746 0.0733159 0.075459 0.074775 0.0718331 0.0672477 0.0615637 0.05523 0.0485981 0.0419286 0.0354081 0.0291739 0.0233389 0.0180119 0.0133052 0.00932471 0.00614317 0.0037701
 0.00864881 0.0140425 0.0211149 0.0297776 0.039703 0.0501744 0.0600593 0.0680868 0.0733147 0.075438 0.0747337 0.0717776 0.0671894 0.0615151 0.0552006 0.0485912 0.041941 0.0354331 0.0292046 0.023371 0.0180435 0.0133353 0.0093519 0.00616556 0.00378636
 0.0086602 0.0140598 0.0211387 0.0298079 0.0397393 0.0502163 0.0601056 0.068135 0.0733601 0.075473 0.0747497 0.0717678 0.0671521 0.0614556 0.0551297 0.0485216 0.041883 0.0353919 0.0291802 0.0233604 0.0180426 0.0133406 0.0093603 0.00617456 0.00379409
 0.00862934 0.0140161 0.021085 0.0297508 0.0396876 0.0501777 0.0600849 0.0681332 0.0733756 0.075503 0.0747901 0.0718129 0.0671948 0.0614892 0.0551502 0.0485293 0.0418826 0.0353894 0.0291807 0.0233662 0.0180533 0.013354 0.00937404 0.00618668 0.00380348
 0.00862934 0.0140161 0.021085 0.0297508 0.0396876 0.0501777 0.0600849 0.0681332 0.0733756 0.075503 0.0747901 0.0718129 0.0671948 0.0614892 0.0551502 0.0485293 0.0418826 0.0353894 0.0291807 0.0233662 0.0180533 0.013354 0.00937404 0.00618668 0.00380348
 0.00870303 0.0141274 0.0212365 0.0299392 0.0399044 0.0504105 0.0603185 0.0683495 0.0735547 0.0756259 0.0748426 0.0717895 0.0670996 0.0613346 0.054954 0.0483108 0.0416602 0.035179 0.0289947 0.0232122 0.0179342 0.0132682 0.00931655 0.0061511 0.00378324
 0.00861293 0.0139941 0.0210606 0.0297304 0.0396795 0.0501899 0.060123 0.0681991 0.073467 0.0756132 0.074908 0.071924 0.0672836 0.0615419 0.0551584 0.0484927 0.0418086 0.0352921 0.0290768 0.0232704 0.0179756 0.0132982 0.00933864 0.0061671 0.00379428
#pred catch len freq
 0.00496988 0.00786936 0.0114865 0.0157286 0.0205258 0.0258039 0.0314078 0.0370711 0.0424703 0.0473077 0.0513621 0.0545069 0.0567148 0.0580465 0.0586148 0.0585431 0.0579366 0.0568621 0.0553163 0.0531726 0.0501501 0.0458817 0.0401196 0.032995 0.0251369
 0.00543053 0.00851473 0.0122713 0.0165597 0.0213055 0.0264909 0.0320515 0.0377876 0.0433673 0.0484026 0.0525473 0.055584 0.0574755 0.0583538 0.0584467 0.0579844 0.0571283 0.0559352 0.054338 0.0521333 0.0489992 0.0445909 0.0387334 0.031631 0.0239374
 0.00582445 0.00914578 0.0131975 0.0178128 0.0228678 0.0282715 0.0338833 0.0394666 0.0447296 0.0493945 0.0532304 0.0560645 0.0578099 0.0585026 0.058306 0.0574625 0.0562078 0.0546788 0.0528475 0.0504997 0.0472825 0.0428395 0.0370169 0.030052 0.0226056
 0.00623217 0.00977899 0.0140988 0.0190107 0.0243819 0.0301125 0.036035 0.0418533 0.0471898 0.0516897 0.0551037 0.0573264 0.0583971 0.058469 0.0577553 0.0564789 0.0548341 0.0529436 0.0508015 0.0482292 0.0448995 0.0404689 0.0347903 0.028097 0.0210227
 0.00666834 0.010456 0.0150592 0.0202764 0.0259566 0.0319849 0.038177 0.0442133 0.0496845 0.0541951 0.057449 0.0593009 0.0597863 0.0591115 0.0575898 0.0555494 0.0532512 0.0508366 0.0482945 0.0454471 0.0419854 0.0375899 0.0321244 0.0258039 0.0192085
 0.00703842 0.0110375 0.015898 0.0214048 0.0273926 0.0337289 0.0402043 0.0464663 0.0520727 0.0566026 0.0597427 0.0613355 0.061406 0.0601596 0.0579319 0.055105 0.0520182 0.0488921 0.0457757 0.0425292 0.0388679 0.0344892 0.029257 0.0233539 0.0172901
 0.00738951 0.0115864 0.0166846 0.0224558 0.028722 0.0353381 0.0420759 0.0485551 0.0543005 0.0588621 0.0619067 0.0632693 0.0629787 0.0612499 0.058432 0.0549268 0.0511088 0.0472546 0.0434849 0.0397343 0.0357809 0.0313607 0.0263399 0.020859 0.0153436
 0.00778135 0.0121941 0.0175456 0.0235885 0.0301276 0.0370024 0.0439662 0.0506139 0.0564441 0.0609849 0.063892 0.0649996 0.0643451 0.0621587 0.0588065 0.0547065 0.0502509 0.0457453 0.0413593 0.0370971 0.0328143 0.0283083 0.0234651 0.018388 0.0134145
 0.00803249 0.0126036 0.0181646 0.0244661 0.0313025 0.0384891 0.0457396 0.0526022 0.0585364 0.0630499 0.0657981 0.0666292 0.0656021 0.0629708 0.0591223 0.0544906 0.0494801 0.0444119 0.0394862 0.0347593 0.0301566 0.0255415 0.020832 0.0161073 0.0116256
 0.00831303 0.0130379 0.0187798 0.0252786 0.0323228 0.039726 0.0471959 0.0542614 0.0603466 0.0649159 0.0675883 0.0681981 0.0668194 0.0637429 0.0593988 0.0542552 0.0487365 0.0431762 0.0377912 0.0326715 0.0277951 0.023082 0.0184838 0.014065 0.0100179
 0.00869311 0.0136132 0.0195668 0.0262666 0.033481 0.0410152 0.0485761 0.0556926 0.0617863 0.0663163 0.0688929 0.069338 0.0677148 0.0643125 0.059575 0.0539967 0.0480322 0.0420411 0.0362637 0.0308185 0.025722 0.0209369 0.0164412 0.012289 0.00861831
 0.00891092 0.0139633 0.0200856 0.0269834 0.0344106 0.0421473 0.0498662 0.0570623 0.0631388 0.0675602 0.0699602 0.0701885 0.0683264 0.064668 0.0596525 0.0537695 0.0474768 0.0411479 0.0350476 0.0293271 0.0240414 0.01919 0.0147727 0.0108342 0.00746885
 0.00911214 0.014265 0.0204945 0.0274945 0.0350157 0.0428461 0.0506677 0.0579737 0.0641457 0.0686114 0.0709708 0.071061 0.0689793 0.0650538 0.0597571 0.0535978 0.0470373 0.0404479 0.0340994 0.028162 0.0227216 0.0178105 0.0134488 0.00967559 0.00655062
 0.0092663 0.0144989 0.0208149 0.0278959 0.035482 0.0433545 0.0511942 0.0584993 0.0646621 0.0691229 0.0714854 0.0715745 0.0694623 0.0654538 0.0600142 0.053663 0.0468828 0.0400663 0.0335002 0.0273719 0.0217894 0.0168101 0.0124708 0.00880812 0.00585632
 0.00930766 0.0145802 0.020963 0.0281432 0.0358574 0.0438693 0.0518295 0.0592042 0.0653657 0.0697553 0.0719974 0.0719468 0.0697012 0.0655763 0.0600311 0.0535707 0.046666 0.0397085 0.0329948 0.0267304 0.0210454 0.0160186 0.0117005 0.0081262 0.00531074
 0.00937353 0.0146719 0.0210741 0.028263 0.0359796 0.0440032 0.0520042 0.0594584 0.0657258 0.0702141 0.0725083 0.0724389 0.0701063 0.0658512 0.0601638 0.0535698 0.0465448 0.039475 0.0326523 0.0262861 0.0205196 0.0154492 0.0111384 0.00762325 0.00490502
 0.00930566 0.014584 0.0209824 0.0281941 0.0359608 0.0440489 0.052109 0.0596029 0.0658934 0.0704049 0.0727374 0.0727195 0.0704306 0.0661846 0.0604571 0.0537788 0.046643 0.0394546 0.0325182 0.0260504 0.020203 0.0150823 0.0107606 0.00727532 0.00461862
 0.00930609 0.0145768 0.0209585 0.0281439 0.0358813 0.0439521 0.0520239 0.0595676 0.0659375 0.0705347 0.0729343 0.072953 0.0706743 0.0664225 0.0606772 0.0539651 0.0467741 0.0395098 0.0324854 0.0259304 0.0200092 0.0148393 0.0105001 0.00702975 0.00441328
 0.00949203 0.0148329 0.0212582 0.0284326 0.0360907 0.0440242 0.0519334 0.0593315 0.0656103 0.0701917 0.0726498 0.0727793 0.0706292 0.0664904 0.0608219 0.0541444 0.0469493 0.0396492 0.0325659 0.0259399 0.0199489 0.0147236 0.010353 0.00687801 0.00427954
 0.00965515 0.0150811 0.021598 0.0288534 0.0365614 0.0444914 0.052325 0.0595697 0.0656355 0.0699887 0.0722602 0.0722905 0.0701437 0.0660916 0.0605528 0.0540046 0.0469076 0.0396612 0.0325892 0.0259434 0.0199167 0.014655 0.0102594 0.00677699 0.00418768
 0.00971897 0.0151823 0.0217456 0.0290547 0.0368203 0.0448056 0.0526808 0.0599359 0.0659621 0.0702139 0.0723283 0.0721744 0.0698611 0.0657036 0.0601419 0.0536449 0.0466412 0.0394926 0.0324949 0.0258889 0.0198721 0.0146032 0.0101969 0.00671005 0.00412579
 0.00961631 0.0150416 0.0215829 0.0289019 0.036718 0.0447904 0.0527735 0.0601364 0.0662502 0.0705523 0.0726665 0.0724559 0.0700362 0.0657454 0.0600578 0.0534745 0.0464403 0.0393105 0.0323582 0.0257993 0.0198149 0.0145607 0.0101574 0.00667039 0.00408862
 0.00943772 0.0147745 0.0212253 0.0284709 0.0362489 0.0443333 0.052388 0.0598833 0.0661775 0.0706799 0.072977 0.0728966 0.070533 0.0662218 0.0604534 0.053758 0.046613 0.0393987 0.0323975 0.0258186 0.019829 0.0145719 0.010163 0.00666849 0.00408085
 0.00930299 0.0145607 0.020914 0.0280501 0.0357177 0.0437085 0.0517107 0.0592207 0.0656149 0.0703029 0.0728496 0.0730431 0.0709297 0.0668014 0.0611233 0.054425 0.0472057 0.0398796 0.0327616 0.0260822 0.0200151 0.0147006 0.0102485 0.00672131 0.0041098
 0.00919381 0.0143896 0.0206678 0.0277194 0.0352969 0.043197 0.0511173 0.0585702 0.0649537 0.0696989 0.072384 0.0727932 0.070947 0.067094 0.0616499 0.055105 0.0479416 0.0405825 0.0333701 0.0265683 0.0203787 0.0149576 0.0104206 0.00682971 0.00417324
 0.00897934 0.0140725 0.0202485 0.0272176 0.0347434 0.0426219 0.0505423 0.0580091 0.0644199 0.069214 0.0719827 0.0725226 0.0708579 0.0672264 0.0620166 0.0556806 0.0486636 0.0413655 0.0341276 0.0272333 0.0209144 0.0153566 0.0106968 0.00700747 0.00427926
 0.00877429 0.0137629 0.0198276 0.0266958 0.034147 0.0419879 0.0499139 0.0574309 0.0639303 0.068838 0.0717298 0.0723927 0.0708518 0.0673529 0.0622892 0.0561061 0.0492285 0.0420291 0.0348277 0.0279013 0.0214939 0.0158156 0.0110297 0.00722889 0.0044143
 0.00861305 0.0135149 0.0194807 0.0262487 0.0336094 0.0413806 0.0492697 0.0567948 0.0633554 0.0683758 0.0714188 0.0722511 0.0708771 0.0675284 0.0625947 0.0565243 0.049744 0.0426206 0.0354609 0.0285294 0.0220668 0.0162937 0.0113934 0.00748083 0.00457294
 0.00850475 0.0133398 0.0192192 0.0258833 0.0331287 0.0407849 0.0485781 0.0560492 0.0626168 0.0677153 0.0709051 0.0719376 0.0707923 0.0676715 0.0629391 0.0570275 0.0503589 0.0433023 0.0361667 0.0292166 0.0226933 0.016824 0.0118066 0.00777504 0.00476333
 0.00831763 0.0130659 0.018862 0.0254626 0.0326708 0.0403092 0.0480892 0.0555415 0.0620894 0.0671862 0.070417 0.0715502 0.0705656 0.0676481 0.0631327 0.0574212 0.0509117 0.0439599 0.0368716 0.0299141 0.0233357 0.0173739 0.0122415 0.00809058 0.00497183
 0.00828917 0.0130046 0.018743 0.0252566 0.0323545 0.0398798 0.0475734 0.0549906 0.06156 0.0667196 0.0700306 0.0712474 0.0703525 0.0675436 0.0631636 0.0576083 0.0512559 0.0444374 0.037438 0.0305144 0.0239148 0.0178862 0.0126572 0.00839892 0.00517987
 0.00905129 0.0140805 0.0200591 0.0266382 0.0335705 0.0407178 0.0479048 0.0547953 0.0609114 0.0657494 0.068891 0.0700784 0.0692599 0.0665931 0.0623898 0.0570284 0.0508772 0.0442557 0.0374321 0.0306453 0.0241311 0.0181344 0.0128926 0.0085925 0.00532044
 0.00988248 0.0153538 0.021823 0.0288674 0.0361516 0.0434423 0.0504743 0.0568604 0.0621552 0.0659863 0.068128 0.068501 0.0671575 0.0642677 0.0600905 0.0549255 0.0490683 0.0427837 0.036302 0.029834 0.023594 0.0178127 0.0127232 0.00851832 0.00529709
 0.00987681 0.0154312 0.0221003 0.0295072 0.0373216 0.0452451 0.0528779 0.0596636 0.0650072 0.0684591 0.0698196 0.0691425 0.0666864 0.0628359 0.0580014 0.0525324 0.0466821 0.0406235 0.0344887 0.0284091 0.022544 0.0170894 0.0122604 0.00824511 0.00514946
 0.00951468 0.0149086 0.0214433 0.0288015 0.0367132 0.0449273 0.0530617 0.0605256 0.0666168 0.0707099 0.0724099 0.0716346 0.0686311 0.0639101 0.0580969 0.0517635 0.0453176 0.0389837 0.0328549 0.0269731 0.0214003 0.0162539 0.0116983 0.00789729 0.00495219
 0.00933336 0.0146022 0.0209634 0.0281042 0.03578 0.0437964 0.0518559 0.0594558 0.0659473 0.070686 0.0731705 0.0731412 0.0706483 0.0660575 0.0599643 0.0530413 0.045884 0.0389116 0.0323468 0.0262673 0.0206935 0.0156651 0.0112706 0.00762102 0.00479224
 0.00939131 0.014672 0.0210205 0.0281034 0.0356585 0.0434856 0.0513019 0.0586491 0.0649526 0.0696597 0.0723428 0.0727536 0.0708627 0.0668788 0.0612188 0.0544321 0.0470992 0.0397342 0.0327128 0.0262522 0.020448 0.0153414 0.0109748 0.00740123 0.00465273
