SBPRF35
7.78865
Curr Bio
585569
B35
662714
F35
0.224671
FOFL
0.201562
OFL
91895.6
Bzero
2.22533e+006
#pred survey bio
 3.73722e+006 3.29847e+006 2.94287e+006 2.62188e+006 2.30481e+006 2.04035e+006 1.81726e+006 1.5908e+006 1.39895e+006 1.22319e+006 1.05978e+006 943977 849719 798320 744759 701717 672432 637008 613268 597458 592634 592643 593142 597868 602446 613506 617795 609102 604102 597622 582607 567378 543871 539159 531165 536321 542770 539477 544348 551062 561421 565668 560276 561736 566997 563411 570140 570222 587624 2.0996e+007 1.27876e+007 1.31161e+007 1.37059e+007 1.44134e+007 1.51034e+007 1.57046e+007 1.61931e+007 1.65725e+007 1.68586e+007 1.70702e+007 1.72249e+007 1.73376e+007 1.74194e+007 1.74791e+007 1.75227e+007 1.75547e+007 1.75784e+007 1.7596e+007 1.76092e+007 1.76191e+007 1.76266e+007 1.76323e+007 1.76366e+007 1.76399e+007 1.76424e+007 1.76444e+007 1.76459e+007 1.7647e+007 1.76479e+007 1.76486e+007 1.76491e+007 1.76495e+007 1.76498e+007 1.765e+007 1.76502e+007 1.76504e+007 1.76505e+007 1.76506e+007 1.76506e+007 1.76507e+007 1.76507e+007 1.76508e+007 1.76508e+007 1.76508e+007 1.76508e+007 1.76508e+007 1.76508e+007 1.76508e+007 1.76508e+007 1.76508e+007 1.76509e+007 1.76509e+007 1.76509e+007 1.76509e+007 1.76509e+007 1.76509e+007 1.76509e+007 1.76509e+007 1.76509e+007 1.76509e+007 1.76509e+007 1.76509e+007 1.76509e+007 1.76509e+007 1.76509e+007 1.76509e+007 1.76509e+007 1.76509e+007 1.76509e+007 1.76509e+007 1.76509e+007 1.76509e+007 1.76509e+007 1.76509e+007 1.76509e+007 1.76509e+007 1.76509e+007 1.76509e+007 1.76509e+007 1.76509e+007 1.76509e+007 1.76509e+007 1.76509e+007 1.76509e+007 1.76509e+007 1.76509e+007 1.76509e+007 1.76509e+007 1.76509e+007 1.76509e+007 1.76509e+007 1.76509e+007 1.76509e+007 1.76509e+007 1.76509e+007 1.76509e+007 1.76509e+007 1.76509e+007 1.76509e+007 0 0 0 0 0 0 0 0 0 0 0 0 0 0 0 0 0 0 0 0 0 0 0 0 0
#obs survey bio
 3.66218e+006 2.56615e+006 2.99116e+006 2.41058e+006 1.69466e+006 2.5846e+006 1.71136e+006 1.51056e+006 928546 1.41962e+006 1.05662e+006 924950 787742 610007 619919 636104 559994 1.07993e+006 594565 551733 510681 529887 607786 577417 628141 474722 604054 792261 632638 499444 710152 609114 554643 549179 707980 560523 535601 449340 623735 457444 515788 896074 496078 574683 578976 636533 528727 507112 628939
#pred catch bio
 304204 266745 272265 302575 285322 273133 295476 278794 273009 264999 223775 204093 165884 166220 154612 140047 141599 127451 117875 107635 103840 103621 99533.2 98590.9 92014.7 96086 103887 96827.4 94221.1 97203.7 92953.1 97944.3 84540.9 91868.4 83467.2 83599.6 92197.7 85948.8 85818.2 84559.7 90677.4 98200.9 92197.9 89958.8 98352.8 90887.9 98640 87297.3 94517.9 91895.6 102341 103799 107249 112107 116996 121201 124514 126979 128738 129957 130781 131329 131688 131921 132070 132165 132226 132264 132288 132303 132313 132318 132322 132324 132326 132327 132327 132328 132328 132328 132328 132328 132328 132328 132328 132328 132328 132328 132328 132328 132328 132328 132328 132328 132328 132328 132328 132328 132328 132328 132328 132328 132328 132328 132328 132328 132328 132328 132328 132328 132328 132328 132328 132328 132328 132328 132328 132328 132328 132328 132328 132328 132328 132328 132328 132328 132328 132328 132328 132328 132328 132328 132328 132328 132328 132328 132328 132328 132328 132328 132328 132328 132328 132328 132328 132328 132328 132328 132328 0 0 0 0 0 0 0 0 0 0 0 0 0 0 0 0 0 0 0 0 0 0 0 0 0
#obs catch bio
 247611 267476 273403 304833 288026 276060 300788 282970 280256 270541 227227 207748 167356 168068 157127 141564 144064 128343 118622 108290 104858 105024 100659 99502 92469.3 96862.7 104303 96905.5 94064.4 97179.6 92546.1 97569.5 83889.1 91414.8 83036.8 82972.9 91411.7 85413.8 85438.6 84300.3 90801.4 97605.1 91624.4 89537 98245.2 90460.3 98689.1 87105.5 94557.5
#pred cpue bio
 3.6668e+006 3.23094e+006 2.87703e+006 2.55723e+006 2.2421e+006 1.97904e+006 1.75735e+006 1.53318e+006 1.34358e+006 1.17078e+006 1.01094e+006 897712 805815 755830 703839 662311 634324 600640 578356 563322 558499 558300 558847 563841 568806 580010 584818 577232 573286 567842 554134 540120 516800 510385 501241 506129 512766 509625 514080 520247 529948 534164 529236 530525 535296 531557 537723 537172 553233 1.97736e+007 1.2054e+007 1.23155e+007 1.28174e+007 1.34941e+007 1.41773e+007 1.47772e+007 1.52655e+007 1.56449e+007 1.5931e+007 1.61425e+007 1.62973e+007 1.641e+007 1.64918e+007 1.65515e+007 1.65951e+007 1.66271e+007 1.66508e+007 1.66684e+007 1.66816e+007 1.66915e+007 1.6699e+007 1.67047e+007 1.6709e+007 1.67123e+007 1.67148e+007 1.67168e+007 1.67182e+007 1.67194e+007 1.67203e+007 1.67209e+007 1.67215e+007 1.67219e+007 1.67222e+007 1.67224e+007 1.67226e+007 1.67227e+007 1.67229e+007 1.67229e+007 1.6723e+007 1.67231e+007 1.67231e+007 1.67231e+007 1.67232e+007 1.67232e+007 1.67232e+007 1.67232e+007 1.67232e+007 1.67232e+007 1.67232e+007 1.67232e+007 1.67232e+007 1.67232e+007 1.67232e+007 1.67232e+007 1.67232e+007 1.67232e+007 1.67232e+007 1.67232e+007 1.67232e+007 1.67232e+007 1.67232e+007 1.67232e+007 1.67232e+007 1.67232e+007 1.67232e+007 1.67232e+007 1.67232e+007 1.67232e+007 1.67232e+007 1.67232e+007 1.67232e+007 1.67232e+007 1.67232e+007 1.67232e+007 1.67232e+007 1.67232e+007 1.67232e+007 1.67232e+007 1.67232e+007 1.67232e+007 1.67232e+007 1.67232e+007 1.67232e+007 1.67232e+007 1.67232e+007 1.67232e+007 1.67232e+007 1.67232e+007 1.67232e+007 1.67232e+007 1.67232e+007 1.67232e+007 1.67232e+007 1.67232e+007 1.67232e+007 1.67232e+007 1.67232e+007 1.67232e+007 1.67232e+007 0 0 0 0 0 0 0 0 0 0 0 0 0 0 0 0 0 0 0 0 0 0 0 0 0
#obs cpue bio
 3.17401e+006 2.15409e+006 2.5272e+006 2.49568e+006 1.96741e+006 1.17623e+006 1.22558e+006 1.56962e+006 815624 1.25497e+006 923918 684224 948260 861539 493187 747303 482006 505595 549547 516910 428638 416190 498941 612742 596018 558054 893537 494209 667679 668831 599949 599294 624160 534578 367490 642907 698137 514295 442104 557928 427803 684271 608748 474682 479091 545174 480970 595712 489526
#pred surv len freq
 0.00506135 0.0082164 0.0123652 0.0174911 0.0234778 0.030027 0.0366229 0.0426473 0.0476001 0.0512588 0.0536717 0.0550445 0.0556284 0.0556563 0.0553096 0.0547052 0.053901 0.0529041 0.0516537 0.0499704 0.0475183 0.0438668 0.0386996 0.032086 0.0246165
 0.00554072 0.00892634 0.0133102 0.0186449 0.0248097 0.0315345 0.0383391 0.044607 0.049777 0.0535143 0.0557567 0.0566651 0.0565444 0.0557616 0.054656 0.0534649 0.052292 0.0511112 0.0497784 0.0480291 0.0454887 0.0417563 0.0365913 0.0301299 0.0229706
 0.00578052 0.00935628 0.0140269 0.0197511 0.0263781 0.0335589 0.0407063 0.0471179 0.0522186 0.0557319 0.0576729 0.0582336 0.0576889 0.0563588 0.0545823 0.0526673 0.0508267 0.0491244 0.0474464 0.0455032 0.04288 0.0391611 0.0341252 0.0279325 0.0211701
 0.00607636 0.00981283 0.0146735 0.020612 0.0274836 0.0349539 0.0424391 0.0492054 0.0546026 0.058258 0.0601157 0.060359 0.059314 0.057371 0.0549192 0.0522933 0.0497366 0.0473666 0.0451353 0.0428047 0.0399835 0.0362588 0.0314031 0.0255578 0.0192644
 0.0064291 0.0103802 0.0155145 0.0217738 0.0289896 0.0367889 0.0445396 0.0514685 0.0569125 0.0605125 0.0622283 0.0622378 0.0608429 0.058416 0.0553558 0.0520341 0.0487443 0.0456579 0.0427865 0.0399568 0.0368374 0.0330556 0.0283907 0.0229492 0.0171976
 0.0066981 0.0108214 0.0161864 0.0227349 0.0302886 0.0384475 0.0465324 0.0537112 0.05927 0.0628244 0.0643418 0.0640324 0.0622361 0.0593491 0.055774 0.0518766 0.0479534 0.0442034 0.0406922 0.0373208 0.033838 0.0299357 0.0254185 0.0203625 0.0151503
 0.00691073 0.0111691 0.0167146 0.02349 0.031313 0.0397688 0.0481501 0.0555853 0.0613184 0.0649298 0.0663647 0.0658297 0.063681 0.060347 0.0562648 0.0518239 0.047331 0.0429935 0.038903 0.0350149 0.0311553 0.0270918 0.0226701 0.0179483 0.0132311
 0.00719799 0.0116306 0.0173993 0.0244407 0.0325592 0.0413163 0.0499674 0.0575982 0.063417 0.0669855 0.0682484 0.0674237 0.0648867 0.0610903 0.0564984 0.0515256 0.0464972 0.0416336 0.0370435 0.0327177 0.0285405 0.0243463 0.020025 0.0156258 0.0113849
 0.00730396 0.0118345 0.0177646 0.0250465 0.0334821 0.0426015 0.051602 0.0595021 0.0654576 0.0690078 0.0701033 0.0689862 0.0660631 0.0618182 0.0567436 0.0512755 0.045755 0.0404156 0.035383 0.0306774 0.0262289 0.0219252 0.0176931 0.0135761 0.00975299
 0.0074792 0.012109 0.0181609 0.0255859 0.0341898 0.0435094 0.0527425 0.0608897 0.0670657 0.0707517 0.0718443 0.0705585 0.0673126 0.0626344 0.0570705 0.0511035 0.0451043 0.0393223 0.0338956 0.0288648 0.0241933 0.0198086 0.0156647 0.0117985 0.00834
 0.00780209 0.012612 0.0188764 0.0265274 0.0353487 0.0448524 0.0542098 0.062401 0.0685355 0.0721071 0.0730304 0.0715298 0.0680197 0.063021 0.0570848 0.0507149 0.0443118 0.0381537 0.0324019 0.0271184 0.0222921 0.0178778 0.0138464 0.010225 0.00710005
 0.00796077 0.012879 0.0192942 0.027139 0.036186 0.0459187 0.0554645 0.0637576 0.0698799 0.0733268 0.0740413 0.0722867 0.0685098 0.0632471 0.0570482 0.0504079 0.0437232 0.0372807 0.0312629 0.0257607 0.0207942 0.0163458 0.0123996 0.00897222 0.00611329
 0.00820637 0.013249 0.0197982 0.0277705 0.0369302 0.0467617 0.0563961 0.0647625 0.0709236 0.0743467 0.0749523 0.0730009 0.068961 0.0634064 0.0569224 0.0500241 0.0431108 0.0364636 0.0302635 0.0246123 0.0195522 0.0150893 0.0112213 0.00795748 0.00531756
 0.0082868 0.0133795 0.019993 0.0280402 0.0372765 0.047173 0.0568464 0.0652194 0.071363 0.0747644 0.0753608 0.0734112 0.0693622 0.0637596 0.0571727 0.0501206 0.0430211 0.0361769 0.029788 0.0239733 0.0187943 0.014276 0.0104281 0.00725581 0.00475726
 0.00831494 0.0134432 0.0201217 0.0282717 0.0376466 0.0476993 0.0575129 0.065972 0.0721198 0.0754382 0.0758829 0.0737481 0.0695182 0.0637632 0.0570566 0.0499049 0.0427097 0.0357651 0.0292738 0.0233673 0.0181239 0.0135855 0.00977127 0.006684 0.00430531
 0.00839738 0.0135583 0.0202616 0.0284216 0.0377948 0.0478498 0.057691 0.0662158 0.0724581 0.0758681 0.0763616 0.0742053 0.0698823 0.0639864 0.057125 0.0498318 0.0425194 0.0354791 0.028907 0.0229327 0.017641 0.0130848 0.00929168 0.00626391 0.00397165
 0.00826939 0.0133851 0.0200644 0.0282388 0.0376684 0.0478054 0.0577266 0.0663079 0.0725831 0.0760219 0.076561 0.0744699 0.0702111 0.0643475 0.0574659 0.0501006 0.0426822 0.0355243 0.0288403 0.0227699 0.0174047 0.0128042 0.00900065 0.00599569 0.00375119
 0.00832475 0.0134502 0.0201184 0.0282527 0.0376197 0.047697 0.0575958 0.0662153 0.0725825 0.0761317 0.0767577 0.0747066 0.0704446 0.0645542 0.0576371 0.0502303 0.0427595 0.0355367 0.0287806 0.0226413 0.0172213 0.012588 0.00877807 0.00579176 0.00358424
 0.00852255 0.0137298 0.0204601 0.0286081 0.0379207 0.0478745 0.0576006 0.0660341 0.0722473 0.0757159 0.0763563 0.0744045 0.070288 0.0645408 0.0577294 0.0503775 0.042915 0.0356649 0.0288583 0.0226577 0.0171782 0.0124986 0.00866306 0.00567343 0.00348058
 0.00871066 0.0140202 0.0208662 0.0291257 0.038522 0.0485027 0.0581699 0.0664423 0.0724041 0.0755783 0.0759504 0.0738204 0.0696489 0.0639615 0.0572832 0.0500847 0.0427528 0.0355883 0.0288206 0.0226231 0.0171272 0.0124269 0.00857784 0.00558709 0.00340493
 0.00876935 0.0141173 0.0210153 0.0293399 0.0388098 0.048862 0.0585805 0.0668618 0.0727713 0.0758246 0.0760189 0.0736863 0.0693328 0.0635274 0.0568182 0.0496698 0.0424381 0.0353842 0.0287056 0.0225621 0.0170872 0.0123875 0.00853221 0.00553822 0.00335952
 0.00866401 0.0139715 0.0208432 0.0291719 0.0386855 0.0488184 0.0586407 0.0670297 0.0730303 0.0761398 0.0763409 0.0739591 0.0695072 0.0635765 0.056748 0.0495175 0.0422568 0.0352221 0.0285895 0.0224941 0.0170529 0.0123684 0.00851512 0.00551846 0.00333852
 0.00853139 0.0137665 0.020556 0.0288047 0.0382569 0.0483667 0.0582244 0.0667188 0.0728881 0.0762002 0.0765949 0.0743567 0.0699734 0.064033 0.0571329 0.0497985 0.0424338 0.0353191 0.0286403 0.0225262 0.0170805 0.0123934 0.00853405 0.00552877 0.00334095
 0.00843872 0.0136104 0.0203117 0.0284478 0.0377712 0.0477565 0.0575258 0.0660028 0.0722499 0.0757381 0.0763852 0.0744333 0.0703185 0.0645817 0.0577921 0.0504716 0.043045 0.0358259 0.0290331 0.0228176 0.0172912 0.0125426 0.00863604 0.00559419 0.00337913
 0.00838792 0.0135254 0.0201788 0.0282509 0.0374935 0.0473844 0.0570551 0.0654467 0.071645 0.075146 0.0758854 0.0741072 0.0702276 0.0647477 0.0581882 0.05103 0.0436767 0.0364459 0.0295797 0.0232599 0.0176251 0.0127805 0.00879653 0.0056963 0.00343967
 0.00817897 0.0132139 0.0197622 0.0277445 0.0369247 0.0467833 0.0564488 0.0648585 0.0710982 0.0746679 0.0755095 0.073873 0.0701753 0.0649079 0.0585688 0.0516061 0.04439 0.0372167 0.030326 0.0239171 0.0181566 0.013178 0.00907274 0.00587473 0.00354652
 0.00797413 0.0128969 0.0193161 0.0271676 0.0362343 0.0460184 0.0556699 0.06414 0.0705113 0.07426 0.0752942 0.0738366 0.0702946 0.0651662 0.0589593 0.0521239 0.0450183 0.0379183 0.0310455 0.0245934 0.018739 0.0136379 0.00940597 0.00609642 0.00368184
 0.00787012 0.0127314 0.0190739 0.0268378 0.0358131 0.0455135 0.0551056 0.0635586 0.0699679 0.0738107 0.074983 0.0736854 0.0703018 0.065313 0.0592218 0.0524817 0.0454565 0.0384198 0.0315836 0.0251299 0.0192314 0.0140511 0.00972193 0.00631606 0.00382045
 0.00779887 0.0126076 0.0188732 0.0265333 0.0353825 0.0449499 0.0544278 0.0628145 0.0692275 0.0731523 0.0744778 0.0733855 0.0702321 0.0654687 0.0595721 0.0529803 0.0460529 0.0390676 0.032242 0.0257612 0.0198006 0.0145293 0.0100927 0.00657926 0.00399044
 0.00761144 0.0123331 0.0185152 0.0261117 0.0349239 0.0444746 0.0539418 0.0623146 0.0687152 0.0726475 0.0740233 0.073039 0.0700491 0.0654861 0.0597982 0.0533937 0.0466098 0.0397131 0.0329195 0.0264196 0.0203975 0.0150337 0.0104877 0.0068636 0.00417726
 0.00759888 0.0122899 0.0184099 0.0259056 0.0345867 0.0440043 0.0533777 0.0617291 0.0681856 0.0722247 0.0737192 0.0728389 0.0699373 0.0654635 0.0598816 0.0536014 0.0469456 0.0401586 0.0334369 0.0269608 0.0209143 0.0154868 0.0108526 0.00713255 0.00435777
 0.00825397 0.0132113 0.0195292 0.0270651 0.0355786 0.0446381 0.0535395 0.061407 0.0674586 0.0712316 0.0726196 0.0717756 0.0690089 0.0647178 0.0593285 0.0532335 0.0467515 0.0401237 0.0335377 0.0271614 0.02117 0.0157524 0.0110913 0.00732256 0.00449268
 0.00902727 0.0144272 0.0212727 0.0293618 0.0383605 0.0477078 0.0565567 0.0639341 0.0690775 0.0716842 0.071893 0.0700853 0.0667006 0.0621495 0.0567886 0.0509119 0.0447506 0.0384839 0.0322601 0.0262209 0.0205222 0.0153397 0.0108514 0.00719731 0.00443531
 0.00891123 0.0143522 0.0213697 0.0298229 0.0393875 0.0494281 0.0589429 0.0667689 0.0719841 0.0742112 0.0736269 0.0707585 0.0662599 0.0607576 0.0547559 0.0485926 0.0424504 0.0364129 0.0305297 0.0248653 0.0195241 0.0146512 0.0104092 0.00693474 0.00429226
 0.0086255 0.0139289 0.0208174 0.029197 0.0388024 0.0490592 0.0590072 0.0674708 0.0734283 0.0763181 0.0761056 0.07317 0.0681516 0.0618063 0.0548566 0.0478606 0.04115 0.0348543 0.0289817 0.0235086 0.0184456 0.0138639 0.00987917 0.00660603 0.00410513
 0.00849169 0.0136842 0.0204015 0.0285451 0.0378718 0.0478691 0.0576743 0.0662155 0.0725357 0.0760597 0.0766464 0.074494 0.0700405 0.0638915 0.0567327 0.0492149 0.0418492 0.0349524 0.0286583 0.02298 0.0178922 0.0133958 0.00953809 0.00638645 0.00397897
 0.00853642 0.0137343 0.0204327 0.0285137 0.0377179 0.0475274 0.0570937 0.0653866 0.0715196 0.0750052 0.0757742 0.0740395 0.0701682 0.0646188 0.0579066 0.0505597 0.0430671 0.0358289 0.0291193 0.0230827 0.0177667 0.0131777 0.00932434 0.00622371 0.003875
 0.00866116 0.0139335 0.0207236 0.0289044 0.0381978 0.0480566 0.0575955 0.0657533 0.0716387 0.0748 0.0752439 0.0732794 0.0693538 0.0639526 0.0575428 0.0505421 0.0433148 0.0361799 0.0294098 0.0232144 0.0177302 0.0130281 0.00913637 0.00605504 0.00375229
 0.00872848 0.0140342 0.0208593 0.0290726 0.0383942 0.0482776 0.057837 0.0660038 0.0718699 0.0749628 0.075278 0.0731373 0.0690313 0.0635069 0.0570822 0.0501851 0.0431374 0.0361825 0.0295241 0.0233455 0.0178058 0.013025 0.009074 0.00597 0.00367501
 0.00875654 0.0140821 0.0209354 0.0291848 0.0385469 0.0484683 0.0580534 0.0662258 0.0720751 0.075131 0.075391 0.0731755 0.0689741 0.0633427 0.056824 0.049878 0.0428475 0.0359679 0.0294076 0.023308 0.017804 0.0130194 0.009047 0.005926 0.00362804
 0.0084907 0.0137078 0.0204792 0.0287085 0.0381311 0.0481845 0.0579419 0.0662884 0.072283 0.0754395 0.0757519 0.0735441 0.0693122 0.0636199 0.0570205 0.0499899 0.0428905 0.0359733 0.0294088 0.0233248 0.0178361 0.0130533 0.00906882 0.00593088 0.00362031
 0.00843014 0.0135853 0.0202543 0.0283381 0.0375924 0.0475035 0.0572099 0.0656459 0.0718717 0.0753451 0.075973 0.0740032 0.0698957 0.0642202 0.0575605 0.0504288 0.0432179 0.0362015 0.0295627 0.0234313 0.0179149 0.0131134 0.00911175 0.00595679 0.00363187
 0.00862603 0.0138695 0.020616 0.0287391 0.0379703 0.0477827 0.0573187 0.0655394 0.071554 0.0748813 0.0754745 0.0735868 0.0696373 0.0641305 0.0575947 0.0505191 0.0433058 0.0362544 0.0295748 0.0234138 0.0178844 0.0130827 0.00908693 0.00593857 0.00361876
 0.00869218 0.0139853 0.0208037 0.0290196 0.0383514 0.0482444 0.0578026 0.0659539 0.0718 0.0748884 0.0752317 0.0731509 0.0691135 0.0636333 0.0572078 0.0502725 0.0431801 0.0362044 0.0295562 0.0233988 0.0178635 0.0130579 0.00906328 0.00591947 0.00360505
 0.00866774 0.0139533 0.0207709 0.0289997 0.038365 0.0483152 0.0579509 0.0661855 0.0720951 0.0751966 0.0754815 0.0732742 0.0690757 0.0634502 0.056939 0.0499939 0.0429516 0.0360518 0.0294722 0.0233597 0.0178455 0.0130462 0.00905251 0.00590942 0.00359679
 0.00880593 0.0141559 0.0210351 0.0293095 0.0386967 0.0486468 0.0582683 0.0664832 0.0723703 0.0754416 0.0756766 0.0733873 0.0690692 0.0632974 0.0566406 0.0495853 0.0424935 0.0356088 0.0290919 0.0230625 0.0176287 0.0128953 0.00895083 0.00584318 0.00355561
 0.00894599 0.0143623 0.0213053 0.0296257 0.0390282 0.048957 0.0585219 0.0666537 0.0724474 0.0754355 0.0756147 0.0733015 0.0689796 0.0632028 0.0565224 0.0494226 0.0422802 0.0353599 0.028837 0.0228323 0.0174428 0.0127588 0.00885818 0.00578422 0.00352021
 0.00910768 0.0146225 0.0216903 0.0301537 0.0397003 0.0497455 0.0593623 0.0674489 0.0730892 0.0758356 0.0757305 0.0731437 0.0686015 0.062678 0.0559215 0.0487988 0.0416667 0.0347776 0.028304 0.0223666 0.0170595 0.0124646 0.00864869 0.00564618 0.00343616
 0.00878697 0.0141728 0.0211473 0.0295974 0.0392362 0.0494704 0.0593346 0.067675 0.0735279 0.0764114 0.0763511 0.0737202 0.0690669 0.0629994 0.0560997 0.0488573 0.0416374 0.0346901 0.028182 0.02223 0.0169257 0.0123474 0.00855672 0.00558126 0.00339485
#obs surv len freq
 0.0049782 0.00815327 0.0123998 0.0177306 0.0240189 0.0308985 0.037743 0.0438282 0.0486024 0.0518642 0.0537326 0.0544948 0.0544733 0.0539673 0.0532378 0.0524974 0.0518894 0.0514471 0.0510313 0.0502731 0.0485908 0.0453545 0.0401873 0.0332581 0.0253481
 0.00518421 0.00849214 0.0129172 0.0184717 0.0250198 0.0321724 0.0392665 0.0455362 0.0503975 0.0536342 0.0553668 0.0558923 0.0555446 0.054636 0.0534437 0.0522013 0.0510801 0.0501474 0.0493036 0.0482214 0.0463588 0.0431136 0.0381135 0.0314979 0.0239871
 0.0054122 0.00886543 0.0134841 0.0192794 0.0261058 0.033551 0.040914 0.047385 0.0523447 0.0555599 0.0571528 0.0574328 0.0567503 0.0554325 0.0537696 0.0520085 0.0503375 0.0488517 0.0474927 0.0459882 0.043856 0.0405431 0.0356944 0.0294204 0.0223679
 0.00565445 0.00926093 0.0140826 0.0201285 0.0272425 0.0349878 0.0426247 0.0492987 0.0543557 0.0575474 0.058999 0.0590335 0.0580174 0.0562934 0.0541642 0.051887 0.0496612 0.0476014 0.0456852 0.0436974 0.0412275 0.0377894 0.0330614 0.0271312 0.0205675
 0.00588059 0.00963407 0.0146544 0.0209508 0.028357 0.0364106 0.0443298 0.051213 0.0563698 0.0595373 0.0608464 0.0606363 0.0592923 0.057173 0.0545932 0.0518179 0.0490541 0.0464293 0.0439506 0.0414562 0.0386105 0.0350038 0.0303607 0.0247562 0.0186823
 0.00612483 0.0100314 0.0152533 0.0217969 0.0294858 0.0378342 0.046023 0.0531069 0.0583599 0.0615019 0.0626654 0.0622048 0.0605258 0.0580078 0.054982 0.0517237 0.048445 0.0452817 0.0422625 0.0392718 0.0360451 0.0322517 0.0276698 0.0223703 0.0167745
 0.00637538 0.0104428 0.0158794 0.0226898 0.0306841 0.0393462 0.0478103 0.0550806 0.0603953 0.0634647 0.0644351 0.0636853 0.0616461 0.0587178 0.0552473 0.0515196 0.0477523 0.0440865 0.0405674 0.0371172 0.0335345 0.0295635 0.0250371 0.020028 0.0148939
 0.00659801 0.0108107 0.0164445 0.0235042 0.0317902 0.04076 0.0495044 0.0569771 0.062376 0.0653936 0.0661817 0.0651406 0.0627304 0.0593805 0.0554614 0.0512731 0.0470399 0.0429075 0.0389329 0.0350688 0.0311675 0.027039 0.022567 0.0178278 0.0131232
 0.00681746 0.0111696 0.0169885 0.0242778 0.032828 0.0420742 0.0510701 0.058727 0.0642078 0.0671874 0.0678184 0.0665151 0.063759 0.060005 0.0556487 0.0510111 0.0463306 0.0417617 0.0373733 0.0331431 0.028967 0.0247098 0.020298 0.0158109 0.0115006
 0.0070562 0.0115587 0.0175755 0.0251064 0.0339288 0.0434496 0.0526804 0.0604871 0.0660005 0.0688875 0.0693142 0.0677189 0.0646087 0.0604609 0.0556903 0.0506333 0.0455405 0.0405768 0.035824 0.0312825 0.0268845 0.0225394 0.0182067 0.0139656 0.0100229
 0.00727047 0.0119121 0.0181167 0.0258825 0.0349753 0.0447735 0.0542442 0.062204 0.0677479 0.0705322 0.0707366 0.0688281 0.0653464 0.060799 0.0556239 0.0501729 0.0447057 0.0393936 0.0343284 0.0295294 0.0249592 0.0205624 0.016324 0.0123189 0.00871253
 0.00742997 0.0121754 0.0185206 0.0264646 0.035767 0.0457892 0.0554689 0.0635865 0.069205 0.071962 0.0720334 0.0698964 0.0661109 0.0612108 0.055662 0.0498399 0.0440205 0.0383865 0.0330401 0.0280162 0.0233016 0.0188681 0.0147185 0.0109211 0.00760471
 0.00750762 0.0123052 0.0187231 0.0267627 0.0361835 0.0463412 0.0561618 0.0644095 0.0701302 0.0729458 0.0730192 0.0708172 0.066895 0.0617893 0.0559782 0.0498565 0.0437232 0.0377832 0.0321599 0.0269097 0.0220428 0.0175537 0.0134582 0.00981688 0.0067265
 0.00757045 0.012401 0.0188559 0.0269339 0.0363937 0.0465938 0.0564642 0.0647718 0.0705616 0.0734491 0.0735862 0.0714249 0.0675039 0.0623458 0.0564203 0.0501233 0.0437653 0.0375722 0.0316941 0.0262174 0.0211821 0.0166079 0.0125232 0.00898248 0.00605546
 0.007684 0.0125734 0.0190922 0.0272298 0.0367359 0.046962 0.0568339 0.0651184 0.070867 0.0737087 0.0738103 0.0716326 0.0677115 0.0625555 0.0566135 0.0502629 0.0438035 0.0374638 0.0314099 0.0257555 0.0205729 0.0159112 0.0118163 0.00834102 0.00553422
 0.0077248 0.0126414 0.0191972 0.0273805 0.0369368 0.0472087 0.0571098 0.0653966 0.0711178 0.0739105 0.0739568 0.0717341 0.067789 0.0626303 0.0566965 0.050347 0.0438628 0.0374595 0.0313036 0.0255236 0.0202186 0.0154678 0.0113387 0.00788994 0.00515764
 0.0077773 0.012722 0.01931 0.0275266 0.0371149 0.0474158 0.0573401 0.0656402 0.0713589 0.0741282 0.07413 0.0718476 0.0678394 0.0626276 0.0566596 0.0502937 0.0438002 0.0373791 0.0311842 0.025343 0.0199667 0.0151556 0.0109979 0.00756207 0.00487928
 0.00781884 0.0127839 0.0193927 0.0276268 0.0372266 0.0475322 0.0574555 0.0657508 0.0714634 0.0742268 0.0742227 0.0719316 0.0679086 0.0626747 0.0566801 0.0502882 0.0437721 0.0373297 0.0311087 0.0252313 0.019811 0.0149584 0.010776 0.00734198 0.00468726
 0.00785273 0.0128363 0.019466 0.027721 0.0373384 0.0476544 0.0575776 0.0658604 0.0715497 0.0742847 0.0742542 0.0719445 0.0679118 0.0626734 0.0566747 0.0502753 0.0437475 0.0372894 0.0310489 0.0251477 0.0197003 0.0148224 0.0106243 0.00719067 0.00455369
 0.00786086 0.0128464 0.0194757 0.0277263 0.0373355 0.047642 0.0575578 0.0658387 0.0715331 0.0742787 0.0742621 0.0719671 0.0679485 0.0627229 0.0567339 0.0503388 0.0438076 0.0373375 0.0310766 0.0251486 0.0196714 0.0147654 0.0105467 0.00710482 0.00447285
 0.00787524 0.0128632 0.019489 0.0277265 0.037312 0.0475874 0.0574721 0.0657303 0.0714173 0.074174 0.0741854 0.0719303 0.0679561 0.0627722 0.0568164 0.0504429 0.0439202 0.0374456 0.0311685 0.0252151 0.0197069 0.0147697 0.0105254 0.0070675 0.00443076
 0.00791833 0.0129274 0.0195742 0.0278276 0.037419 0.0476858 0.057545 0.0657616 0.0713963 0.0741004 0.0740711 0.0717968 0.0678279 0.0626696 0.056751 0.0504164 0.0439264 0.0374733 0.0312047 0.0252477 0.019727 0.0147729 0.0105126 0.00704384 0.00440324
 0.00787382 0.0128642 0.019496 0.0277434 0.0373401 0.0476217 0.0574993 0.0657315 0.0713751 0.0740808 0.0740489 0.0717728 0.0678081 0.0626632 0.0567672 0.0504607 0.0439979 0.0375648 0.0313046 0.0253429 0.0198064 0.0148299 0.0105459 0.00705732 0.00440354
 0.00788305 0.0128676 0.0194803 0.0276912 0.0372366 0.0474644 0.0573044 0.0655315 0.0712065 0.0739701 0.0740036 0.0717835 0.0678569 0.062734 0.0568507 0.0505539 0.0441012 0.0376772 0.0314214 0.0254558 0.019906 0.0149088 0.0106011 0.00709044 0.00441967
 0.00788624 0.0128707 0.0194806 0.0276829 0.0372106 0.0474083 0.057206 0.065384 0.0710161 0.0737593 0.0738075 0.0716377 0.067785 0.0627398 0.0569211 0.0506684 0.0442401 0.0378259 0.0315696 0.0255953 0.0200292 0.0150095 0.0106761 0.00714057 0.00444923
 0.00786616 0.0128408 0.0194405 0.027634 0.0371549 0.0473473 0.0571393 0.0653089 0.0709283 0.0736557 0.0736908 0.0715193 0.0676843 0.0626785 0.0569149 0.0507203 0.0443407 0.0379583 0.0317156 0.0257392 0.0201594 0.0151183 0.0107596 0.00719886 0.00448589
 0.00785535 0.0128205 0.019405 0.0275773 0.0370724 0.0472396 0.0570139 0.0651795 0.07081 0.0735593 0.0736194 0.07147 0.0676529 0.062665 0.0569246 0.0507608 0.0444166 0.0380668 0.0318465 0.0258781 0.0202918 0.0152329 0.01085 0.00726384 0.00452817
 0.00782143 0.0127647 0.0193201 0.0274563 0.0369106 0.0470375 0.05678 0.0649315 0.070573 0.0733606 0.0734819 0.0714067 0.0676648 0.0627422 0.0570515 0.0509223 0.044601 0.0382655 0.0320509 0.0260779 0.0204754 0.0153898 0.0109738 0.00735335 0.00458715
 0.00778084 0.0126977 0.0192177 0.0273097 0.036714 0.046791 0.0564934 0.0646249 0.0702738 0.0730987 0.0732842 0.0712932 0.0676458 0.0628168 0.057208 0.051141 0.0448591 0.0385413 0.0323261 0.0263377 0.0207076 0.0155852 0.0111271 0.00746443 0.00466084
 0.00776032 0.0126627 0.0191619 0.0272259 0.0365954 0.0466334 0.0562974 0.064398 0.0700301 0.0728575 0.0730677 0.0711236 0.0675422 0.0627918 0.0572655 0.0512749 0.0450542 0.0387767 0.0325793 0.0265874 0.0209364 0.0157806 0.0112821 0.00757799 0.00473705
 0.00774093 0.0126286 0.0191057 0.0271393 0.0364711 0.046468 0.0560946 0.0641689 0.0697916 0.0726284 0.0728659 0.0709651 0.0674402 0.0627565 0.0573026 0.0513841 0.0452279 0.0389998 0.0328311 0.0268453 0.021179 0.0159912 0.0114509 0.0077024 0.00482098
 0.00932832 0.0148524 0.0217931 0.029909 0.0388435 0.0480421 0.0566875 0.0638435 0.068776 0.071199 0.0712604 0.06935 0.0659173 0.0613825 0.0561065 0.0503779 0.0444122 0.0383659 0.0323619 0.0265169 0.0209637 0.0158603 0.0113783 0.00766635 0.00480554
 0.00932167 0.015134 0.0227323 0.031963 0.0423584 0.0529843 0.0624731 0.0694323 0.07304 0.073365 0.0711647 0.0673815 0.062747 0.0576756 0.0523578 0.0468839 0.0413183 0.035727 0.0301843 0.0247808 0.0196323 0.0148845 0.0107 0.00722294 0.00453529
 0.00896103 0.0145703 0.0219477 0.0310126 0.0414223 0.0524014 0.0626996 0.0708794 0.0758288 0.0771447 0.0751555 0.0706699 0.0646638 0.0580273 0.051398 0.0451006 0.0392038 0.0336432 0.028338 0.0232587 0.0184479 0.0140118 0.0100928 0.00682656 0.00429435
 0.00879043 0.0142792 0.0214853 0.030327 0.0404815 0.0512285 0.0614167 0.0697344 0.0751712 0.0773277 0.0763783 0.072833 0.06734 0.0606006 0.0533104 0.0460639 0.0392556 0.0330478 0.0274249 0.0222985 0.0176045 0.0133529 0.00962294 0.0065177 0.00410695
 0.00872282 0.0141625 0.0212958 0.0300354 0.0400557 0.0506413 0.0606595 0.0688358 0.0742185 0.0764804 0.0758565 0.0728604 0.0680462 0.0619275 0.0549908 0.0477089 0.0405127 0.0337357 0.0275687 0.0220646 0.0171959 0.0129298 0.00927397 0.00626987 0.00395061
 0.00869458 0.0141139 0.0212171 0.0299145 0.0398783 0.0503926 0.0603266 0.068411 0.0737052 0.0759031 0.0752753 0.0723796 0.0678028 0.0620478 0.0555255 0.0485829 0.0415325 0.034663 0.0282209 0.0223798 0.0172286 0.0127952 0.00908432 0.00609835 0.00382674
 0.00868413 0.0140968 0.021191 0.0298764 0.0398237 0.0503156 0.0602192 0.0682636 0.0735078 0.0756487 0.0749661 0.0720365 0.0674744 0.0618101 0.0554641 0.0487559 0.041932 0.0352027 0.0287661 0.0228065 0.0174744 0.0128712 0.00904882 0.00601742 0.00374691
 0.00869699 0.0141151 0.0212137 0.0299005 0.0398449 0.0503289 0.0602192 0.0682443 0.0734618 0.0755678 0.0748422 0.071866 0.0672644 0.0615853 0.0552688 0.048645 0.0419496 0.0353569 0.0290176 0.0230825 0.0177021 0.0130095 0.0090983 0.00600712 0.00371164
 0.00869458 0.0141146 0.021219 0.0299166 0.0398764 0.0503763 0.0602772 0.068302 0.0735057 0.075585 0.0748235 0.0718063 0.0671631 0.0614488 0.0551132 0.0484982 0.0418462 0.0353256 0.0290662 0.0231908 0.0178304 0.0131177 0.00916424 0.00603079 0.00370759
 0.00865437 0.0140543 0.021138 0.0298186 0.0397692 0.0502714 0.0601881 0.0682418 0.0734832 0.0756014 0.0748704 0.0718683 0.0672228 0.0614918 0.0551329 0.048498 0.0418397 0.0353319 0.0291014 0.0232587 0.0179196 0.0132075 0.00923535 0.00607456 0.00372677
 0.00865044 0.0140446 0.0211176 0.0297814 0.0397104 0.0501906 0.0600919 0.0681439 0.0734005 0.0755485 0.0748551 0.0718894 0.0672706 0.0615518 0.0551905 0.0485432 0.0418705 0.0353544 0.029126 0.0232942 0.0179677 0.0132616 0.00928497 0.00611148 0.00374862
 0.00865393 0.0140484 0.0211194 0.0297776 0.039696 0.0501605 0.0600425 0.0680746 0.0733159 0.075459 0.074775 0.0718331 0.0672477 0.0615637 0.05523 0.0485981 0.0419286 0.0354081 0.0291739 0.0233389 0.0180119 0.0133052 0.00932471 0.00614317 0.0037701
 0.00864881 0.0140425 0.0211149 0.0297776 0.039703 0.0501744 0.0600593 0.0680868 0.0733147 0.075438 0.0747337 0.0717776 0.0671894 0.0615151 0.0552006 0.0485912 0.041941 0.0354331 0.0292046 0.023371 0.0180435 0.0133353 0.0093519 0.00616556 0.00378636
 0.0086602 0.0140598 0.0211387 0.0298079 0.0397393 0.0502163 0.0601056 0.068135 0.0733601 0.075473 0.0747497 0.0717678 0.0671521 0.0614556 0.0551297 0.0485216 0.041883 0.0353919 0.0291802 0.0233604 0.0180426 0.0133406 0.0093603 0.00617456 0.00379409
 0.00862934 0.0140161 0.021085 0.0297508 0.0396876 0.0501777 0.0600849 0.0681332 0.0733756 0.075503 0.0747901 0.0718129 0.0671948 0.0614892 0.0551502 0.0485293 0.0418826 0.0353894 0.0291807 0.0233662 0.0180533 0.013354 0.00937404 0.00618668 0.00380348
 0.00862934 0.0140161 0.021085 0.0297508 0.0396876 0.0501777 0.0600849 0.0681332 0.0733756 0.075503 0.0747901 0.0718129 0.0671948 0.0614892 0.0551502 0.0485293 0.0418826 0.0353894 0.0291807 0.0233662 0.0180533 0.013354 0.00937404 0.00618668 0.00380348
 0.00870303 0.0141274 0.0212365 0.0299392 0.0399044 0.0504105 0.0603185 0.0683495 0.0735547 0.0756259 0.0748426 0.0717895 0.0670996 0.0613346 0.054954 0.0483108 0.0416602 0.035179 0.0289947 0.0232122 0.0179342 0.0132682 0.00931655 0.0061511 0.00378324
 0.00861293 0.0139941 0.0210606 0.0297304 0.0396795 0.0501899 0.060123 0.0681991 0.073467 0.0756132 0.074908 0.071924 0.0672836 0.0615419 0.0551584 0.0484927 0.0418086 0.0352921 0.0290768 0.0232704 0.0179756 0.0132982 0.00933864 0.0061671 0.00379428
#pred catch len freq
 0.0039381 0.0062934 0.00930478 0.0129542 0.0172424 0.0221547 0.0275903 0.0333295 0.0390702 0.0444913 0.0493047 0.0532951 0.0563497 0.0584641 0.0597146 0.0602179 0.0600987 0.059458 0.0583213 0.056563 0.0538569 0.0497495 0.0439021 0.0364042 0.0279311
 0.00434878 0.00690231 0.0101175 0.0139525 0.0184086 0.0235008 0.0291632 0.035177 0.0411782 0.0467311 0.0514318 0.0550105 0.0573987 0.0587206 0.0592121 0.0591186 0.0586186 0.057784 0.056554 0.0547111 0.0518868 0.0476601 0.0417772 0.0344047 0.0262312
 0.00458888 0.0073117 0.0107663 0.0149113 0.0197264 0.0251771 0.031132 0.037322 0.0433761 0.0488894 0.0534844 0.0568727 0.0589243 0.0597116 0.0594858 0.0585894 0.0573369 0.0559079 0.0542783 0.0522019 0.0492629 0.0450212 0.039244 0.0321269 0.0243506
 0.00490494 0.00779685 0.0114482 0.0158104 0.0208691 0.0266067 0.0329001 0.0394536 0.0458247 0.0515127 0.0560656 0.0591786 0.0607618 0.0609445 0.0600185 0.058351 0.0562962 0.0541041 0.0518341 0.0493033 0.0461236 0.0418575 0.0362642 0.0295185 0.0222513
 0.0052468 0.00833665 0.0122309 0.0168674 0.0222151 0.028236 0.0347838 0.0415442 0.048065 0.0538402 0.0583991 0.0613968 0.0626959 0.0624015 0.0608221 0.0583759 0.055482 0.0524586 0.0494379 0.046314 0.0427682 0.0384081 0.0329999 0.0266794 0.0199944
 0.00552758 0.00878616 0.0128962 0.0177923 0.0234375 0.0297805 0.0366479 0.0436836 0.0503889 0.0562209 0.0606938 0.0634706 0.0644332 0.0637002 0.061581 0.0584921 0.0548656 0.0510608 0.0472796 0.0435059 0.0395148 0.0349881 0.0297205 0.0238131 0.0177191
 0.00580467 0.0092249 0.0135365 0.0186684 0.0245784 0.0312076 0.0383666 0.0456706 0.0525818 0.0585147 0.0629476 0.0655252 0.0661363 0.0649287 0.0622487 0.0585411 0.0542529 0.0497577 0.0452913 0.0409039 0.0364617 0.0317353 0.0265673 0.021038 0.0155101
 0.00611807 0.00971836 0.0142506 0.0196337 0.0258154 0.0327238 0.0401492 0.0476776 0.0547378 0.0607134 0.0650604 0.0674131 0.0676644 0.0659818 0.0627427 0.0584259 0.053507 0.0483814 0.0433104 0.0383887 0.0335521 0.0286498 0.0235758 0.0184007 0.013408
 0.0062914 0.0100146 0.0147239 0.020346 0.0268256 0.0340701 0.0418288 0.049636 0.0568718 0.0628874 0.0671257 0.0692258 0.0690998 0.066944 0.0631675 0.0582788 0.052778 0.0470817 0.0414754 0.0360912 0.03092 0.0258738 0.0208902 0.0160332 0.0115194
 0.0065315 0.0103853 0.0152483 0.0210405 0.0277074 0.0351639 0.0431632 0.0512248 0.0586883 0.0648451 0.0690796 0.0709988 0.0705224 0.0678882 0.0635617 0.0581019 0.0520441 0.0458263 0.039752 0.0339794 0.0285401 0.0233935 0.0185099 0.0139453 0.00985867
 0.00683582 0.0108545 0.0159072 0.0218959 0.0287498 0.036371 0.0445017 0.0526523 0.0601576 0.066307 0.0704793 0.0722661 0.0715667 0.0686071 0.0638629 0.0579253 0.0513731 0.0446845 0.0381954 0.0320926 0.0264397 0.0212294 0.0164522 0.0121529 0.00843994
 0.00701861 0.0111514 0.0163534 0.022524 0.0295832 0.0374135 0.0457264 0.0539975 0.061535 0.0676202 0.0716434 0.0732203 0.0722731 0.0690411 0.0640005 0.057739 0.0508377 0.0437912 0.0369642 0.0305803 0.0247414 0.0194729 0.0147814 0.0106991 0.00729107
 0.00720201 0.0114264 0.0167262 0.0229907 0.0301389 0.0380624 0.0464841 0.0548794 0.0625348 0.0686924 0.0727029 0.0741615 0.0730004 0.0694916 0.0641497 0.0575886 0.0503995 0.0430788 0.0359973 0.0293971 0.0234096 0.0180902 0.0134624 0.00955008 0.00638292
 0.00732328 0.011616 0.0169967 0.0233469 0.0305751 0.0385614 0.0470187 0.0554199 0.0630615 0.0692037 0.0732096 0.074668 0.073486 0.0699069 0.064431 0.0576795 0.0502657 0.0427104 0.0354056 0.0286129 0.0224861 0.0171035 0.0125024 0.00870241 0.00570678
 0.00736052 0.0116892 0.0171307 0.023573 0.0309241 0.0390517 0.0476434 0.0561405 0.0638123 0.0699072 0.0737974 0.0750986 0.0737511 0.070022 0.0644162 0.0575442 0.050005 0.0423139 0.0348697 0.0279508 0.0217324 0.0163129 0.0117417 0.00803499 0.00517654
 0.00741863 0.0117695 0.0172268 0.0236749 0.0310269 0.0391664 0.0478014 0.0563843 0.0641738 0.0703846 0.0743462 0.0756431 0.0742111 0.0703393 0.0645678 0.0575363 0.0498573 0.0420452 0.0344936 0.0274814 0.0211932 0.0157418 0.0111871 0.00754473 0.00478476
 0.00733375 0.0116583 0.0171079 0.0235793 0.0309867 0.0391983 0.0478987 0.0565234 0.0643341 0.070566 0.0745682 0.0759258 0.0745514 0.0707018 0.0648961 0.0577763 0.0499751 0.0420313 0.0343564 0.0272399 0.0208737 0.0153781 0.0108184 0.00720954 0.0045116
 0.00735365 0.0116736 0.0171016 0.0235306 0.0308827 0.0390495 0.0477446 0.0564216 0.0643338 0.070683 0.0747801 0.0761897 0.0748284 0.0709685 0.0651395 0.0579812 0.0501204 0.0420956 0.0343276 0.0271205 0.0206804 0.0151383 0.0105649 0.00697365 0.00431661
 0.00751005 0.0118922 0.0173632 0.0237915 0.0310829 0.0391292 0.0476635 0.0561751 0.0639608 0.0702616 0.0744065 0.0759455 0.0747524 0.0710495 0.0653307 0.0582243 0.0503622 0.0422956 0.0344589 0.0271705 0.0206519 0.0150478 0.0104383 0.00683901 0.0041966
 0.00765351 0.0121117 0.0176662 0.0241711 0.0315141 0.0395658 0.0480396 0.0564136 0.0639958 0.0700644 0.0740051 0.0754216 0.0742166 0.0706041 0.0650374 0.0580922 0.0503571 0.0423618 0.0345416 0.0272294 0.0206665 0.0150167 0.0103738 0.00675979 0.00412055
 0.00770023 0.0121887 0.0177842 0.024341 0.0317443 0.0398583 0.0483824 0.0567757 0.0643253 0.0702967 0.0740796 0.0753056 0.0739234 0.0701945 0.0646005 0.0577127 0.0500869 0.042209 0.0344793 0.0272157 0.0206635 0.0150018 0.0103411 0.00671524 0.00407444
 0.00760491 0.0120564 0.0176277 0.0241876 0.0316306 0.0398195 0.0484429 0.0569426 0.0645866 0.0706201 0.0744151 0.0755927 0.0741061 0.0702404 0.0645142 0.0575351 0.0498784 0.0420249 0.03435 0.0271428 0.0206294 0.014984 0.010324 0.00669365 0.0040504
 0.00745678 0.0118305 0.0173166 0.023798 0.0311856 0.0393594 0.0480243 0.0566312 0.0644418 0.0706763 0.0746674 0.0759966 0.074589 0.0707212 0.0649247 0.0578363 0.0500672 0.0421264 0.0344016 0.0271755 0.0206588 0.0150117 0.0103453 0.00670512 0.00405272
 0.00735073 0.011658 0.0170573 0.0234337 0.0307051 0.0387671 0.0473491 0.055932 0.063803 0.0701929 0.0744225 0.0760372 0.0749102 0.071265 0.0655964 0.0585323 0.0507029 0.0426533 0.0348077 0.0274745 0.0208737 0.0151635 0.0104491 0.00677158 0.00409127
 0.00725899 0.0115127 0.016845 0.0231424 0.0303242 0.0382887 0.0467729 0.0552738 0.0631025 0.0695171 0.0738595 0.0756791 0.0748277 0.071484 0.0660866 0.0592145 0.051472 0.0434077 0.0354734 0.0280139 0.0212815 0.0154543 0.0106455 0.00689661 0.00416544
 0.00706902 0.0112303 0.0164686 0.0226859 0.029811 0.0377411 0.0462066 0.0546991 0.0625317 0.068973 0.0733812 0.0753207 0.0746506 0.0715401 0.0664 0.0597672 0.0522022 0.0442244 0.0362798 0.028732 0.0218658 0.0158926 0.0109503 0.00709349 0.00428325
 0.00690304 0.0109754 0.0161134 0.0222314 0.0292713 0.0371434 0.0455896 0.0541086 0.0620112 0.0685533 0.0730758 0.0751325 0.0745827 0.071605 0.0666165 0.0601483 0.0527398 0.04488 0.0369892 0.0294212 0.0224715 0.0163767 0.0113035 0.00732929 0.00442738
 0.00677399 0.0107744 0.015827 0.0218532 0.0288022 0.0365937 0.0449824 0.0534819 0.0614162 0.0680462 0.0727053 0.0749282 0.0745508 0.0717325 0.0668826 0.0605339 0.053229 0.0454528 0.0376127 0.0300485 0.0230504 0.0168642 0.011677 0.00758929 0.00459159
 0.00668972 0.0106346 0.0156114 0.0215408 0.0283754 0.0360452 0.0443231 0.052746 0.0606604 0.0673418 0.0721271 0.0745412 0.0743966 0.0718211 0.0671925 0.0610219 0.0538429 0.0461415 0.038329 0.0307473 0.0236885 0.0174053 0.0120994 0.00789051 0.00478674
 0.0065296 0.0104005 0.0153064 0.0211811 0.0279814 0.0356283 0.0438795 0.0522629 0.0601312 0.0667831 0.0715852 0.0740837 0.0740944 0.071728 0.0673309 0.0613793 0.0543779 0.0467957 0.039039 0.0314534 0.0243395 0.0179623 0.0125396 0.00820961 0.00499747
 0.0065022 0.0103405 0.015189 0.020977 0.027668 0.0352044 0.0433744 0.0517295 0.0596256 0.0663422 0.0712192 0.073789 0.0738736 0.0716017 0.0673324 0.0615371 0.0546993 0.0472596 0.0396002 0.032054 0.0249214 0.0184775 0.0129573 0.00851901 0.00520587
 0.007125 0.011222 0.0162711 0.0221189 0.0286793 0.0359046 0.0436455 0.0515407 0.0590292 0.0654505 0.0701735 0.0727249 0.0728937 0.0707662 0.066669 0.0610575 0.0544088 0.0471548 0.0396616 0.032243 0.0251861 0.0187639 0.0132207 0.00873151 0.00535815
 0.00781638 0.0122951 0.0177846 0.0240748 0.0310026 0.0384244 0.0460893 0.0535686 0.0603162 0.0657904 0.0695462 0.0712914 0.0709279 0.0685652 0.0644837 0.0590618 0.0527018 0.0457785 0.0386194 0.0315103 0.0247167 0.0184978 0.0130942 0.00868801 0.00535495
 0.00780928 0.012366 0.0180452 0.0246831 0.0321263 0.0401757 0.0484565 0.0563745 0.0632256 0.0683702 0.0713676 0.0720476 0.0705252 0.0671435 0.0623554 0.0566016 0.0502433 0.0435571 0.036763 0.0300607 0.0236567 0.0177744 0.0126365 0.00842155 0.00521346
 0.00752382 0.0119473 0.0175069 0.0240882 0.0315966 0.0398914 0.048636 0.0572205 0.0648404 0.0706705 0.074053 0.0746581 0.0725748 0.0682727 0.0624351 0.0557471 0.0487432 0.0417604 0.0349776 0.0284958 0.022414 0.0168693 0.0120293 0.00804672 0.00500135
 0.0073771 0.0116932 0.0170974 0.0234746 0.0307492 0.0388301 0.0474615 0.0561269 0.064091 0.0705326 0.0747054 0.0761029 0.0745969 0.0704824 0.0643892 0.0570979 0.0493435 0.0416773 0.0344246 0.0277292 0.0216468 0.0162305 0.0115654 0.00774694 0.00482757
 0.00744337 0.0117777 0.0171787 0.0235099 0.0306761 0.0385756 0.0469611 0.0553545 0.0630942 0.0694576 0.0737864 0.0756019 0.0747072 0.0712384 0.065632 0.0585239 0.0506181 0.0425577 0.0348294 0.0277295 0.0213987 0.015895 0.011256 0.00751618 0.00468073
