SBPRF35
7.78865
Curr Bio
521752
B35
697873
F35
0.208655
FOFL
0.142063
OFL
55501.3
Bzero
2.22533e+006
#pred survey bio
 4.55435e+006 4.33317e+006 4.10926e+006 3.81918e+006 3.4987e+006 3.17067e+006 2.85735e+006 2.56977e+006 2.2726e+006 2.00359e+006 1.78008e+006 1.58353e+006 1.40206e+006 1.22114e+006 1.07427e+006 948917 863456 807192 776405 746691 703473 679558 666754 648635 644089 634655 630932 624296 624274 620498 623294 610232 597693 589139 583658 567295 557648 550446 553601 557120 566609 570579 580265 581281 585889 588757 592253 594342 589550 586061 583797 568496 526918 1.718e+007 1.00773e+007 1.02273e+007 1.0984e+007 1.20711e+007 1.32185e+007 1.4263e+007 1.51342e+007 1.5821e+007 1.63426e+007 1.67288e+007 1.70102e+007 1.72133e+007 1.73591e+007 1.74637e+007 1.75389e+007 1.75931e+007 1.76324e+007 1.76611e+007 1.76822e+007 1.76977e+007 1.77093e+007 1.77179e+007 1.77244e+007 1.77293e+007 1.7733e+007 1.77358e+007 1.7738e+007 1.77396e+007 1.77409e+007 1.77418e+007 1.77426e+007 1.77431e+007 1.77436e+007 1.77439e+007 1.77442e+007 1.77444e+007 1.77445e+007 1.77447e+007 1.77448e+007 1.77448e+007 1.77449e+007 1.77449e+007 1.7745e+007 1.7745e+007 1.7745e+007 1.7745e+007 1.7745e+007 1.7745e+007 1.77451e+007 1.77451e+007 1.77451e+007 1.77451e+007 1.77451e+007 1.77451e+007 1.77451e+007 1.77451e+007 1.77451e+007 1.77451e+007 1.77451e+007 1.77451e+007 1.77451e+007 1.77451e+007 1.77451e+007 1.77451e+007 1.77451e+007 1.77451e+007 1.77451e+007 1.77451e+007 1.77451e+007 1.77451e+007 1.77451e+007 1.77451e+007 1.77451e+007 1.77451e+007 1.77451e+007 1.77451e+007 1.77451e+007 1.77451e+007 1.77451e+007 1.77451e+007 1.77451e+007 1.77451e+007 1.77451e+007 1.77451e+007 1.77451e+007 1.77451e+007 1.77451e+007 1.77451e+007 1.77451e+007 1.77451e+007 1.77451e+007 1.77451e+007 1.77451e+007 1.77451e+007 1.77451e+007 1.77451e+007 1.77451e+007 1.77451e+007 1.77451e+007 0 0 0 0 0 0 0 0 0 0 0 0 0 0 0 0 0 0 0 0 0 0 0 0 0
#obs survey bio
 3.79407e+006 3.81723e+006 2.42446e+006 2.82168e+006 2.79484e+006 2.52433e+006 2.79743e+006 2.08828e+006 2.02383e+006 1.6099e+006 1.36526e+006 1.64536e+006 1.12609e+006 814595 683079 604648 732507 517438 643842 756805 518892 537828 766355 408698 702407 527800 518807 559002 558324 690088 524140 474369 655263 541096 499394 764787 543144 621610 567575 380302 504095 469934 669783 677397 642684 441232 748200 626254 384845 674093 506752 629745 599310
#pred catch bio
 93329.9 91769.1 159040 205979 239534 255962 262269 298629 297485 276121 266447 263026 268718 242627 226193 193180 168908 147226 144879 152564 131971 118994 120007 106264 108875 102826 104365 97716.5 99252.5 91859.5 102918 99249.8 92505.9 86622.3 92357.6 85383.6 86255.6 82009.6 84832.1 81722.2 87888 84242.3 91781.9 88215.6 89357.1 88928.5 90086.5 95052.9 92402 89298.3 97463.3 114623 102741 55501.3 76973.4 76707.3 81150.1 88806.8 97137.4 104670 110828 115547 119002 121450 123142 124288 125054 125559 125889 126104 126242 126331 126388 126424 126447 126462 126471 126477 126481 126483 126484 126485 126486 126486 126486 126487 126487 126487 126487 126487 126487 126487 126487 126487 126487 126487 126487 126487 126487 126487 126487 126487 126487 126487 126487 126487 126487 126487 126487 126487 126487 126487 126487 126487 126487 126487 126487 126487 126487 126487 126487 126487 126487 126487 126487 126487 126487 126487 126487 126487 126487 126487 126487 126487 126487 126487 126487 126487 126487 126487 126487 126487 126487 126487 126487 126487 126487 126487 126487 126487 126487 126487 126487 0 0 0 0 0 0 0 0 0 0 0 0 0 0 0 0 0 0 0 0 0 0 0 0 0
#obs catch bio
 0 91495.4 160062 207727 242730 260659 266947 306955 306087 284626 274754 270176 277258 249919 233426 199724 174196 151723 148936 157035 135610 121557 122071 107772 110776 104376 106273 99388.3 101014 92800.6 104574 100990 93672.9 87441.2 93656 85971.7 87001.7 82466.8 85422.6 81930.2 88321.2 84988.2 92640.8 88783.9 89628.8 89446.3 90646.8 95767.4 93218.1 89642.2 97691.4 115114 102714
#pred cpue bio
 4.48821e+006 4.27193e+006 4.05206e+006 3.7636e+006 3.44395e+006 3.11704e+006 2.80503e+006 2.51872e+006 2.22329e+006 1.95615e+006 1.73444e+006 1.53986e+006 1.36047e+006 1.18187e+006 1.03688e+006 913167 828833 773542 743549 714945 673296 650496 638651 621461 617161 608097 604559 598171 598393 595149 598293 585917 574157 566395 561637 546163 536287 527817 529872 533206 542523 546278 555646 556808 561542 564411 567732 569832 565373 562309 560594 546112 506217 1.65256e+007 9.69912e+006 9.71963e+006 1.03388e+007 1.13787e+007 1.25151e+007 1.35574e+007 1.44283e+007 1.51151e+007 1.56366e+007 1.60228e+007 1.63042e+007 1.65073e+007 1.66531e+007 1.67577e+007 1.68329e+007 1.68871e+007 1.69265e+007 1.69551e+007 1.69762e+007 1.69917e+007 1.70033e+007 1.70119e+007 1.70184e+007 1.70233e+007 1.7027e+007 1.70299e+007 1.7032e+007 1.70337e+007 1.70349e+007 1.70359e+007 1.70366e+007 1.70372e+007 1.70376e+007 1.7038e+007 1.70382e+007 1.70384e+007 1.70386e+007 1.70387e+007 1.70388e+007 1.70389e+007 1.70389e+007 1.7039e+007 1.7039e+007 1.7039e+007 1.7039e+007 1.70391e+007 1.70391e+007 1.70391e+007 1.70391e+007 1.70391e+007 1.70391e+007 1.70391e+007 1.70391e+007 1.70391e+007 1.70391e+007 1.70391e+007 1.70391e+007 1.70391e+007 1.70391e+007 1.70391e+007 1.70391e+007 1.70391e+007 1.70391e+007 1.70391e+007 1.70391e+007 1.70391e+007 1.70391e+007 1.70391e+007 1.70391e+007 1.70391e+007 1.70391e+007 1.70391e+007 1.70391e+007 1.70391e+007 1.70391e+007 1.70391e+007 1.70391e+007 1.70391e+007 1.70391e+007 1.70391e+007 1.70391e+007 1.70391e+007 1.70391e+007 1.70391e+007 1.70391e+007 1.70391e+007 1.70391e+007 1.70391e+007 1.70391e+007 1.70391e+007 1.70391e+007 1.70391e+007 1.70391e+007 1.70391e+007 1.70391e+007 1.70391e+007 1.70391e+007 1.70391e+007 1.70391e+007 0 0 0 0 0 0 0 0 0 0 0 0 0 0 0 0 0 0 0 0 0 0 0 0 0
#obs cpue bio
 4.67018e+006 2.25364e+006 3.28978e+006 2.95989e+006 2.07639e+006 1.89677e+006 2.84874e+006 1.57634e+006 2.00355e+006 1.38929e+006 1.75418e+006 1.67497e+006 1.16522e+006 1.21808e+006 1.05918e+006 676791 639759 626838 733826 577375 500289 720759 665821 721030 408546 586959 498498 468012 558430 612767 503422 484945 570774 590760 479664 519909 471387 483194 467424 915269 545306 352928 506506 473331 661019 534047 393400 490792 653750 615400 734032 529350 525874
#pred surv len freq
 0.00572165 0.00917469 0.0135919 0.0188803 0.024871 0.0312573 0.037556 0.0432063 0.047779 0.0511279 0.0533732 0.0547702 0.0555817 0.0560063 0.0561463 0.0559994 0.055474 0.0544229 0.0526731 0.0500383 0.0463286 0.041402 0.0352818 0.0282862 0.02105
 0.00595478 0.00943512 0.0137712 0.018821 0.0244297 0.0303918 0.0363821 0.0419735 0.0467634 0.0505044 0.0531437 0.0547865 0.055639 0.0559506 0.0559444 0.0557481 0.0553514 0.0546037 0.0532436 0.0509507 0.0474171 0.042455 0.0361288 0.0288524 0.0213577
 0.00639033 0.0100996 0.0146819 0.0199442 0.0256648 0.0315665 0.0372714 0.0423593 0.0465265 0.049697 0.051982 0.0535496 0.0545366 0.0550474 0.0551867 0.0550578 0.0547135 0.0540881 0.0529562 0.0509537 0.0476784 0.0428571 0.0365285 0.029147 0.0215159
 0.00671673 0.0106371 0.015502 0.0211128 0.0272214 0.0334908 0.0394481 0.0445643 0.0484557 0.0510406 0.0525212 0.0532337 0.0534972 0.0535346 0.053461 0.0533056 0.0530328 0.0525318 0.0515782 0.049814 0.046812 0.0422466 0.0361106 0.0288477 0.0212837
 0.00702543 0.0111263 0.016217 0.0220932 0.0285011 0.0350933 0.0413715 0.0467581 0.050797 0.0533238 0.0544742 0.0545709 0.054 0.0531261 0.0522319 0.0514733 0.0508588 0.0502495 0.0493631 0.0477894 0.04506 0.0408094 0.0349894 0.0280114 0.0206857
 0.00733411 0.0116151 0.0169287 0.0230603 0.0297429 0.0366108 0.0431415 0.0487303 0.0528978 0.0554579 0.0565176 0.0563586 0.0553272 0.0537822 0.0520635 0.0504459 0.049079 0.0479342 0.0467756 0.0451793 0.0426274 0.0386921 0.0332623 0.0266917 0.0197441
 0.00768038 0.0121547 0.0176979 0.0240791 0.0310146 0.0381217 0.0448573 0.0505935 0.0548322 0.0573795 0.0583422 0.0579987 0.0566791 0.0547145 0.0524242 0.0500974 0.0479528 0.0460751 0.0443496 0.0424377 0.0398473 0.0361194 0.0310727 0.0249742 0.0185045
 0.00797323 0.0126237 0.0183903 0.0250334 0.0322528 0.0396381 0.0466076 0.0524938 0.0567734 0.0592512 0.0600523 0.0594782 0.0578721 0.0555607 0.0528433 0.0499883 0.0472159 0.0446571 0.0422904 0.0398916 0.0370622 0.0333794 0.0286299 0.0229947 0.0170466
 0.00829452 0.0131341 0.0191367 0.0260524 0.0335657 0.0412421 0.0484642 0.0545223 0.0588573 0.0612567 0.0618515 0.0609672 0.0589799 0.0562457 0.0530777 0.0497389 0.0464357 0.0433007 0.0403523 0.0374498 0.0342977 0.0305522 0.0260154 0.0208099 0.0153991
 0.00860528 0.0136258 0.0198518 0.0270224 0.0348073 0.0427507 0.0502051 0.0564256 0.0608235 0.0631705 0.0635965 0.0624381 0.0600904 0.0569334 0.0533041 0.0494816 0.0456776 0.0420266 0.0385645 0.0352007 0.0317205 0.0278617 0.0234669 0.0186293 0.0137203
 0.00885769 0.0140269 0.0204387 0.0278245 0.035842 0.0440178 0.0516784 0.058049 0.0625161 0.064839 0.0651472 0.0637838 0.061154 0.0576495 0.0536208 0.0493609 0.0450941 0.0409674 0.0370368 0.0332512 0.0294579 0.0254646 0.0211577 0.0166183 0.0121454
 0.00914478 0.0144731 0.0210721 0.0286587 0.036876 0.0452353 0.0530456 0.0595118 0.0640038 0.0662731 0.0664518 0.0648919 0.0620095 0.0582063 0.0538409 0.0492123 0.0445509 0.0400131 0.0356739 0.0315175 0.0274446 0.0233228 0.0190797 0.0147913 0.0106993
 0.00945144 0.0149564 0.0217704 0.0295959 0.0380554 0.0466326 0.054601 0.0611315 0.0655749 0.0676878 0.067627 0.0657764 0.0625791 0.0584537 0.0537661 0.0488157 0.0438297 0.0389635 0.0343013 0.0298527 0.0255622 0.0213486 0.0171759 0.0131189 0.00937181
 0.00987304 0.0156112 0.0226988 0.0308138 0.0395523 0.0483675 0.0564968 0.0630734 0.0674214 0.0692944 0.0688733 0.0665844 0.06292 0.0583432 0.0532494 0.0479494 0.042666 0.0375428 0.0326563 0.0280238 0.0236163 0.0193894 0.0153355 0.0115277 0.00811994
 0.0102976 0.016267 0.0236214 0.0320129 0.0410106 0.0500411 0.058312 0.0649263 0.069187 0.070845 0.0700972 0.0673992 0.0632787 0.0582362 0.0527028 0.0470168 0.0414152 0.0360429 0.030971 0.0262152 0.0217565 0.01757 0.0136633 0.0101037 0.00701043
 0.0106338 0.0168032 0.0244077 0.0330861 0.0423835 0.0516884 0.0601576 0.0668437 0.0710195 0.0724395 0.0713328 0.0681993 0.0636093 0.0580981 0.0521245 0.046049 0.0401249 0.0345063 0.0292675 0.0244247 0.0199618 0.0158602 0.0121291 0.00882259 0.00602706
 0.0107874 0.0170494 0.0247731 0.0335955 0.0430592 0.0525454 0.0611954 0.0680363 0.0723095 0.0737391 0.072534 0.0691915 0.0642991 0.0584239 0.0520624 0.0456099 0.0393473 0.0334491 0.0280031 0.0230352 0.0185355 0.0144875 0.0108952 0.00779489 0.00524138
 0.0108228 0.0171081 0.024864 0.03373 0.043251 0.052811 0.0615525 0.0685009 0.072891 0.0744328 0.0733136 0.0700042 0.0650679 0.0590597 0.052482 0.0457531 0.0391884 0.0329986 0.0273038 0.0221545 0.0175564 0.0134996 0.00998281 0.0070237 0.00464746
 0.0107189 0.016953 0.0246569 0.0334809 0.0429805 0.0525485 0.0613349 0.0683704 0.0728907 0.0745989 0.0736657 0.0705366 0.0657444 0.0598136 0.0532237 0.0463861 0.0396284 0.0331918 0.027237 0.0218551 0.0170852 0.0129366 0.00941079 0.00651196 0.00423947
 0.0106436 0.0168385 0.0244998 0.0332838 0.0427523 0.0523039 0.0610941 0.0681592 0.0727387 0.0745362 0.0737182 0.070722 0.0660666 0.0602574 0.0537505 0.0469348 0.0401241 0.033562 0.0274295 0.0218527 0.016909 0.012639 0.0090594 0.00617086 0.00395409
 0.0106691 0.0168829 0.0245714 0.0333905 0.0428982 0.0524837 0.0612902 0.0683433 0.0728799 0.0746122 0.0737242 0.0706733 0.0659941 0.0601973 0.053732 0.0469681 0.0401945 0.033633 0.027456 0.0217982 0.0167609 0.0124131 0.00879336 0.00590887 0.00373165
 0.0105916 0.0167598 0.0243924 0.033151 0.042603 0.0521521 0.0609576 0.0680562 0.0726833 0.074534 0.0737671 0.0708181 0.0662119 0.0604619 0.0540257 0.0472795 0.0405113 0.0339349 0.0277144 0.0219831 0.0168531 0.0124134 0.00872297 0.00580133 0.00362011
 0.0106215 0.0167808 0.0243736 0.0330478 0.0423706 0.0517661 0.060432 0.0674477 0.0720782 0.0740248 0.0734287 0.0706912 0.0662979 0.0607287 0.0544216 0.0477484 0.0410035 0.0344101 0.0281394 0.022331 0.0171057 0.0125665 0.00878877 0.00580488 0.00359057
 0.0108166 0.0170665 0.0247435 0.0334708 0.0427933 0.0521214 0.0606499 0.0674696 0.0718746 0.0736115 0.0728697 0.0700844 0.0657455 0.0603086 0.0541705 0.0476624 0.0410499 0.034543 0.028312 0.0225033 0.0172481 0.0126623 0.00883569 0.0058124 0.00357454
 0.0107565 0.0169918 0.0246726 0.0334333 0.0428187 0.0522231 0.0608125 0.067648 0.0720077 0.0736435 0.0727712 0.0698633 0.0654464 0.0599991 0.0539195 0.0475191 0.041031 0.0346335 0.0284754 0.0226957 0.0174305 0.0128086 0.00893493 0.00586744 0.00359678
 0.0108367 0.0170996 0.0247944 0.0335455 0.0428985 0.0522624 0.0608255 0.0676646 0.0720534 0.0737193 0.0728473 0.0698924 0.0653889 0.059845 0.053695 0.0472754 0.0408232 0.0344994 0.0284257 0.0227156 0.0174913 0.0128801 0.00899566 0.00590782 0.0036174
 0.0108162 0.0170759 0.0247754 0.0335419 0.0429178 0.052302 0.0608701 0.067693 0.0720516 0.0736914 0.072813 0.0698724 0.0653887 0.0598505 0.0536843 0.0472361 0.0407622 0.0344393 0.0283905 0.0227179 0.0175272 0.0129344 0.00905084 0.00595173 0.00364582
 0.0107151 0.0169337 0.0246029 0.0333641 0.0427679 0.0522108 0.0608557 0.0677554 0.072173 0.0738419 0.0729609 0.069995 0.0654776 0.0599089 0.0537185 0.0472496 0.0407571 0.0344206 0.028369 0.022706 0.0175322 0.0129555 0.00908023 0.00598041 0.0036678
 0.0105374 0.016662 0.0242272 0.0328901 0.0422193 0.05163 0.0603032 0.067302 0.0718841 0.0737578 0.0730831 0.0702875 0.0658821 0.0603636 0.0541734 0.0476714 0.0411277 0.0347332 0.0286246 0.022911 0.0176954 0.0130843 0.00917956 0.00605316 0.00371703
 0.0105074 0.0166008 0.0241126 0.0326946 0.0419188 0.0512159 0.0597943 0.0667475 0.0713553 0.0733312 0.0728216 0.0702257 0.0660187 0.0606645 0.0545826 0.0481278 0.0415788 0.0351431 0.0289746 0.0231959 0.0179187 0.0132536 0.00930327 0.00613942 0.0037735
 0.0103875 0.0164208 0.0238687 0.032391 0.0415634 0.0508157 0.0593537 0.0662739 0.0708681 0.0728682 0.0724378 0.0699813 0.0659619 0.0608146 0.0549231 0.0486106 0.0421384 0.0357137 0.0295036 0.0236504 0.0182848 0.0135318 0.00950311 0.00627466 0.00385913
 0.0102337 0.0162059 0.02361 0.032126 0.041338 0.0506651 0.0592872 0.066271 0.0708876 0.0728651 0.0723811 0.0698669 0.0658162 0.060686 0.0548636 0.0486554 0.0422933 0.0359554 0.0297913 0.023941 0.018545 0.013743 0.00966065 0.00638323 0.00392833
 0.0101257 0.0160299 0.0233466 0.0317622 0.0408767 0.0501354 0.0587492 0.0658054 0.0705696 0.0727344 0.072427 0.0700377 0.066047 0.0609278 0.0550983 0.0488923 0.0425523 0.0362486 0.0301127 0.0242683 0.0188496 0.0140011 0.00985988 0.00652366 0.00401878
 0.010016 0.0158567 0.0230952 0.0314217 0.0404416 0.0496092 0.0581503 0.0651739 0.0699683 0.0722404 0.0721129 0.0699488 0.0661848 0.0612507 0.0555402 0.0493885 0.0430577 0.0367405 0.0305808 0.024703 0.0192371 0.0143264 0.0101132 0.00670489 0.0041371
 0.00990317 0.0156782 0.0228357 0.0310708 0.0399957 0.0490746 0.0575471 0.0645368 0.0693443 0.0716833 0.0716776 0.0696855 0.0661306 0.0614187 0.0559113 0.0499138 0.0436722 0.0373809 0.031198 0.0252647 0.0197234 0.0147257 0.010421 0.00692506 0.00428177
 0.0107392 0.0168495 0.024251 0.0325274 0.0412363 0.0498787 0.0578045 0.0642646 0.0686498 0.0707091 0.0705611 0.0685429 0.0650566 0.0604884 0.0551773 0.0494005 0.0433728 0.0372619 0.0312112 0.0253601 0.0198582 0.0148678 0.0105492 0.00702739 0.00435483
 0.0115745 0.0181315 0.0260303 0.0347781 0.0438375 0.052604 0.0603297 0.066218 0.069712 0.0707223 0.069583 0.0668117 0.0628924 0.0581943 0.052983 0.047451 0.0417413 0.0359681 0.0302366 0.0246623 0.019384 0.0145631 0.0103653 0.00692427 0.00430169
 0.0114706 0.0180858 0.0261873 0.0353427 0.0450145 0.0545022 0.0628771 0.0691378 0.0725794 0.0730758 0.0710477 0.0671908 0.0622049 0.056648 0.0508962 0.0451572 0.0395152 0.0339915 0.0286003 0.0233867 0.0184434 0.0139068 0.00993316 0.00665719 0.00414779
 0.0110844 0.017511 0.0254291 0.0344615 0.0441362 0.0538172 0.0626185 0.0695259 0.0737328 0.074928 0.0733216 0.0694654 0.0640498 0.0577608 0.0511808 0.044718 0.0385854 0.0328386 0.0274502 0.0223859 0.0176579 0.0133415 0.00955738 0.00642592 0.00401623
 0.0110753 0.0174555 0.0252719 0.0341317 0.0435733 0.0530118 0.0616486 0.0685661 0.0730228 0.0747047 0.0737361 0.0705145 0.0655531 0.0594057 0.0526239 0.0457004 0.0390072 0.0327617 0.0270404 0.0218332 0.0171144 0.0128951 0.00923645 0.00621965 0.00389651
 0.0111088 0.0175013 0.025322 0.0341663 0.0435572 0.052895 0.061376 0.0681006 0.0723786 0.0739734 0.0730843 0.0701388 0.0656043 0.0599166 0.0534823 0.0466862 0.0398787 0.0333466 0.0272859 0.0217965 0.0169107 0.0126397 0.00900781 0.00605176 0.0037905
 0.0110485 0.0174293 0.0252611 0.0341514 0.0436222 0.0530532 0.0616034 0.0683337 0.072531 0.073968 0.0728889 0.0697908 0.0652101 0.0596163 0.0533901 0.0468354 0.0402042 0.0337185 0.0275741 0.0219276 0.016886 0.0125135 0.00884771 0.00590842 0.00368664
 0.010839 0.0171185 0.0248501 0.0336649 0.0431066 0.0525699 0.061219 0.068106 0.0724908 0.0741028 0.0731416 0.0700806 0.0654691 0.0598217 0.053571 0.0470479 0.0404891 0.0340695 0.0279379 0.0222346 0.0170883 0.0126048 0.0088564 0.0058752 0.00364458
 0.0107718 0.0170079 0.0246824 0.0334284 0.0427975 0.052199 0.0608178 0.0677261 0.0721931 0.0739395 0.0731378 0.0702245 0.0657157 0.0601109 0.0538531 0.047302 0.0407232 0.0343019 0.0281742 0.0224582 0.0172712 0.0127262 0.00891542 0.00588821 0.00363392
 0.0108427 0.0170945 0.0247594 0.0334545 0.042726 0.0519958 0.0604775 0.0672781 0.0716957 0.0734659 0.07276 0.0699973 0.0656639 0.0602239 0.0540902 0.047609 0.0410517 0.0346207 0.0284681 0.0227183 0.0174877 0.0128897 0.00902315 0.00594734 0.00365888
 0.0109062 0.0171958 0.0249066 0.0336491 0.0429568 0.0522331 0.0606716 0.0673692 0.0716343 0.0732364 0.0723922 0.0695597 0.0652407 0.0598881 0.0538841 0.0475382 0.0410923 0.0347346 0.0286175 0.0228736 0.0176288 0.013004 0.00910492 0.00599771 0.00368447
 0.0107719 0.0170129 0.0246969 0.0334554 0.0428309 0.0522163 0.0607772 0.0675749 0.0718877 0.0734701 0.0725439 0.0695921 0.0651541 0.0597203 0.0536944 0.0473845 0.0410117 0.0347352 0.0286836 0.0229779 0.0177434 0.013108 0.00918628 0.00605326 0.00371733
 0.0106601 0.0168379 0.0244478 0.0331315 0.0424474 0.0518096 0.0604055 0.0673078 0.071784 0.0735518 0.0727837 0.0699218 0.0654919 0.0600011 0.0538899 0.0475047 0.0410904 0.034809 0.0287752 0.0230907 0.017866 0.013224 0.00928237 0.00612336 0.00376244
 0.0105239 0.0166414 0.0241978 0.0328488 0.0421595 0.0515402 0.0601687 0.0671113 0.0716382 0.0734763 0.0728019 0.0700471 0.0657133 0.0602808 0.0541768 0.0477551 0.0412837 0.0349501 0.0288838 0.0231861 0.017958 0.0133115 0.00935895 0.00618306 0.00380353
 0.0103548 0.0163828 0.0238403 0.0323973 0.0416352 0.0509806 0.0596252 0.0666428 0.0712978 0.0732977 0.0727937 0.0701969 0.0659971 0.0606676 0.054629 0.0482291 0.0417367 0.0353505 0.0292172 0.0234543 0.0181705 0.0134779 0.00948575 0.00627465 0.00386472
 0.0102765 0.0162481 0.0236247 0.0320752 0.0411882 0.0504096 0.0589613 0.0659485 0.0706562 0.0727917 0.0724862 0.0701184 0.0661431 0.0610061 0.05511 0.0487953 0.0423312 0.0359232 0.0297306 0.0238867 0.0185158 0.0137409 0.00967677 0.0064062 0.00394956
 0.0098631 0.0156742 0.0229406 0.0313843 0.040612 0.0500344 0.0588 0.065942 0.0707129 0.0728377 0.0724963 0.0701163 0.0661781 0.0611243 0.0553354 0.0491237 0.0427353 0.036363 0.0301643 0.0242798 0.0188461 0.0139998 0.00986682 0.00653667 0.004033
 0.00940326 0.0150014 0.0220704 0.0303885 0.0396093 0.0491674 0.0582057 0.0657204 0.0708936 0.0733604 0.0732223 0.070877 0.0668384 0.0616241 0.055689 0.0493876 0.0429685 0.0366011 0.0304146 0.0245295 0.0190756 0.0141929 0.0100156 0.00664194 0.00410142
#obs surv len freq
 nan nan nan nan nan nan nan nan nan nan nan nan nan nan nan nan nan nan nan nan nan nan nan nan nan
 0.00448422 0.00734567 0.0111762 0.0159936 0.021696 0.0279735 0.0342893 0.0400216 0.0447011 0.0481639 0.05052 0.0520136 0.0529037 0.0534141 0.0537267 0.0539804 0.0542581 0.0545502 0.0546886 0.0542803 0.0527184 0.0493509 0.0438012 0.0362821 0.0276667
 0.00461448 0.00755907 0.0115001 0.0164536 0.0223096 0.0287407 0.0351832 0.0409853 0.0456556 0.0490233 0.0512078 0.0524742 0.0531077 0.0533597 0.053435 0.0534879 0.0536081 0.0537854 0.0538482 0.0534013 0.0518396 0.0485153 0.0430536 0.0356601 0.0271913
 0.00478298 0.00783382 0.0119151 0.0170411 0.0230938 0.0297279 0.0363506 0.0422762 0.0469849 0.0502906 0.0523125 0.0533275 0.0536423 0.0535358 0.0532445 0.0529523 0.0527721 0.0527082 0.0525959 0.0520445 0.0504539 0.0471815 0.041852 0.0346569 0.0264232
 0.00497379 0.00814724 0.0123928 0.0177237 0.0240132 0.0308944 0.0377399 0.0438248 0.0485984 0.0518603 0.0537308 0.0544971 0.0544802 0.0539774 0.0532488 0.052507 0.0518964 0.0514513 0.0510333 0.0502736 0.0485905 0.0453538 0.0401865 0.0332572 0.0253475
 0.00518086 0.00848663 0.0129089 0.0184602 0.0250052 0.0321559 0.0392502 0.0455226 0.0503886 0.0536307 0.0553681 0.055897 0.0555521 0.0546458 0.0534554 0.0522143 0.0510928 0.0501587 0.0493126 0.0482282 0.0463637 0.0431172 0.0381161 0.0314998 0.0239885
 0.00541486 0.00886781 0.0134841 0.0192739 0.0260916 0.0335262 0.0408791 0.0473435 0.052302 0.055522 0.0571247 0.0574173 0.0567474 0.0554408 0.0537865 0.0520313 0.050364 0.0488796 0.0475204 0.0460143 0.0438798 0.0405639 0.035712 0.0294345 0.0223784
 0.00565353 0.00926112 0.0140858 0.020137 0.0272577 0.0350089 0.0426472 0.0493161 0.0543614 0.057538 0.058976 0.0590025 0.0579856 0.0562669 0.0541465 0.0518786 0.0496609 0.0476068 0.0456938 0.0437071 0.0412368 0.0377974 0.0330677 0.0271359 0.0205707
 0.00589346 0.00965427 0.0146835 0.0209899 0.0284068 0.036471 0.0443992 0.0512875 0.0564425 0.0595989 0.0608872 0.0606495 0.0592764 0.0571326 0.054537 0.0517554 0.0489925 0.0463727 0.0439001 0.0414111 0.0385699 0.0349674 0.030329 0.02473 0.0186622
 0.00615143 0.0100745 0.0153176 0.0218863 0.0296021 0.0379752 0.0461812 0.05327 0.0585127 0.0616297 0.0627571 0.0622529 0.0605271 0.0579634 0.0548976 0.0516093 0.0483126 0.0451427 0.0421257 0.0391425 0.0359264 0.032146 0.0275793 0.0222971 0.0167195
 0.00637337 0.0104419 0.0158826 0.0227017 0.0307101 0.0393912 0.0478768 0.0551677 0.0604985 0.0635759 0.0645438 0.0637799 0.0617162 0.0587553 0.0552481 0.0514843 0.047686 0.0439981 0.0404668 0.0370139 0.0334358 0.0294746 0.0249614 0.0199674 0.0148488
 0.00662273 0.0108475 0.0164935 0.0235637 0.0318577 0.0408335 0.049583 0.057061 0.062465 0.0654854 0.0662713 0.0652208 0.0627924 0.0594162 0.0554645 0.0512407 0.046973 0.0428115 0.0388163 0.034942 0.031041 0.0269218 0.0224658 0.0177466 0.0130631
 0.0068429 0.0112117 0.017053 0.0243694 0.0329487 0.0422205 0.0512316 0.0588873 0.0643495 0.067298 0.0678932 0.0665561 0.0637708 0.0599912 0.0556103 0.0509471 0.0462401 0.0416462 0.0372376 0.0329952 0.0288173 0.0245689 0.0201749 0.0157116 0.011427
 0.00706879 0.0115809 0.0176124 0.0251638 0.0340123 0.0435623 0.0528209 0.0606474 0.0661668 0.0690426 0.0694412 0.0678054 0.0646494 0.0604576 0.0556492 0.0505615 0.0454436 0.040459 0.0356894 0.0311369 0.0267363 0.0223983 0.0180821 0.0138643 0.00994745
 0.00727432 0.01192 0.0181317 0.025909 0.0350179 0.0448364 0.0543297 0.0623113 0.0678725 0.0706659 0.0708677 0.068943 0.065432 0.0608457 0.0556279 0.0501363 0.0446344 0.0392953 0.0342107 0.0293998 0.024826 0.0204345 0.01621 0.0122253 0.00864247
 0.00744603 0.0122008 0.0185575 0.0265147 0.0358313 0.0458677 0.0555602 0.0636875 0.0693113 0.072068 0.0721329 0.0699825 0.0661764 0.0612488 0.0556669 0.049809 0.0439552 0.0382917 0.0329235 0.0278867 0.0231687 0.0187413 0.0146061 0.0108293 0.00753602
 0.00752857 0.0123389 0.0187729 0.0268313 0.0362717 0.0464473 0.0562804 0.0645317 0.0702458 0.0730456 0.0730973 0.070871 0.0669238 0.0617935 0.0559574 0.0498104 0.0436517 0.0376883 0.032046 0.0267838 0.0219136 0.0174306 0.0133495 0.00972836 0.00666057
 0.00757886 0.0124153 0.0188788 0.0269681 0.0364419 0.0466573 0.056542 0.0648601 0.070654 0.0735381 0.0736645 0.0714864 0.0675448 0.0623645 0.0564168 0.0500982 0.0437193 0.0375066 0.0316113 0.0261219 0.0210807 0.0165085 0.0124336 0.00890856 0.00599995
 0.00766795 0.0125487 0.019058 0.0271866 0.0366862 0.0469108 0.0567885 0.0650878 0.0708595 0.0737297 0.0738599 0.0717054 0.0677983 0.0626452 0.0566961 0.05033 0.0438498 0.0374866 0.031409 0.0257335 0.0205348 0.015864 0.0117675 0.00829704 0.00549925
 0.00774382 0.01267 0.0192359 0.027428 0.0369902 0.0472638 0.057162 0.0654411 0.0711514 0.0739316 0.0739669 0.0717364 0.0677869 0.0626257 0.0566896 0.0503358 0.0438445 0.0374318 0.0312653 0.0254755 0.0201637 0.0154105 0.0112845 0.00784339 0.00512164
 0.00776397 0.0127032 0.0192868 0.027502 0.0370925 0.0473986 0.0573297 0.0656364 0.0713608 0.074135 0.0741416 0.0718648 0.0678628 0.0626571 0.0566937 0.0503294 0.0438331 0.0374046 0.0311986 0.0253445 0.0199559 0.0151356 0.0109733 0.00753757 0.00485844
 0.00782172 0.0127844 0.019386 0.0276065 0.0371874 0.047473 0.0573824 0.0656756 0.0714001 0.0741861 0.074209 0.0719432 0.0679404 0.0627205 0.0567346 0.0503467 0.0438301 0.0373826 0.0311522 0.0252624 0.0198285 0.0149636 0.0107722 0.00733328 0.00467746
 0.00784558 0.0128244 0.0194475 0.0276934 0.0372987 0.0475997 0.057506 0.0657731 0.071453 0.0741902 0.0741769 0.0718983 0.0679045 0.062705 0.0567381 0.0503595 0.0438409 0.037382 0.0311328 0.0252175 0.0197531 0.014858 0.010645 0.0072003 0.00455651
 0.00787393 0.0128638 0.0194949 0.0277425 0.0373428 0.0476351 0.057534 0.0657978 0.071477 0.074211 0.0741883 0.0718952 0.0678887 0.062685 0.0567243 0.0503584 0.0438511 0.0373959 0.0311399 0.0252082 0.0197211 0.0148024 0.010571 0.00711856 0.00447925
 0.00786977 0.0128564 0.0194824 0.0277222 0.0373117 0.0475902 0.057474 0.0657253 0.0713995 0.0741408 0.0741388 0.0718762 0.0679027 0.0627278 0.0567886 0.0504365 0.0439366 0.0374817 0.0312176 0.0252686 0.0197571 0.0148111 0.0105556 0.00708704 0.00444184
 0.00789814 0.0128961 0.0195302 0.027771 0.0373521 0.0476137 0.0574752 0.0657024 0.0713545 0.0740783 0.0740662 0.0718035 0.0678408 0.0626862 0.056772 0.0504447 0.0439648 0.0375225 0.0312627 0.0253095 0.0197863 0.0148243 0.0105525 0.00707165 0.00442058
 0.00790569 0.0129103 0.0195547 0.0278093 0.0374055 0.0476784 0.0575412 0.0657552 0.0713797 0.0740678 0.074021 0.071733 0.0677589 0.0626071 0.0567076 0.050402 0.0439458 0.0375246 0.0312794 0.0253326 0.0198079 0.0148384 0.0105566 0.00706687 0.0044104
 0.00789654 0.0128942 0.0195286 0.0277705 0.0373534 0.0476165 0.0574777 0.0657011 0.0713444 0.0740545 0.0740255 0.0717468 0.0677744 0.062621 0.0567217 0.0504209 0.0439737 0.0375629 0.031326 0.0253823 0.0198542 0.0148758 0.010582 0.0070805 0.00441494
 0.00786877 0.012846 0.0194507 0.0276532 0.0371896 0.0474067 0.0572343 0.0654488 0.0711159 0.0738817 0.0739316 0.07174 0.0678476 0.0627556 0.0568945 0.0506106 0.0441649 0.037746 0.0314948 0.0255322 0.0199811 0.0149764 0.0106557 0.00712936 0.00444378
 0.00785686 0.0128245 0.0194141 0.0275946 0.0371015 0.0472831 0.0570731 0.0652551 0.0709027 0.0736704 0.0737488 0.0716121 0.0677938 0.0627828 0.0569953 0.0507667 0.0443531 0.0379443 0.0316861 0.025705 0.0201281 0.0150941 0.0107434 0.00718944 0.00448119
 0.0078401 0.0127945 0.0193639 0.0275161 0.0369876 0.0471307 0.0568857 0.0650434 0.0706829 0.0734607 0.0735672 0.0714757 0.0677176 0.0627781 0.0570657 0.0509063 0.0445461 0.0381684 0.0319175 0.0259231 0.0203183 0.0152482 0.0108594 0.00727011 0.00453258
 0.00782766 0.0127747 0.0193347 0.0274754 0.0369326 0.047058 0.056792 0.0649269 0.0705452 0.0733086 0.0734122 0.071333 0.0676038 0.0627078 0.0570502 0.0509508 0.0446479 0.0383164 0.0320941 0.0261074 0.0204913 0.0153959 0.0109747 0.00735242 0.00458617
 0.00780082 0.0127291 0.0192625 0.0273691 0.0367872 0.046875 0.0565819 0.0647081 0.0703396 0.0731349 0.0732823 0.0712513 0.0675705 0.0627222 0.0571115 0.0510579 0.0447979 0.038502 0.0323028 0.0263226 0.0206949 0.0155727 0.0111152 0.00745448 0.00465364
 0.00776775 0.0126766 0.0191858 0.0272643 0.0366518 0.0467088 0.0563885 0.0644968 0.0701254 0.0729371 0.0731206 0.0711421 0.0675228 0.0627368 0.0571834 0.0511789 0.0449587 0.0386932 0.0325131 0.0265383 0.0209009 0.0157546 0.0112627 0.00756379 0.00472728
 0.00772988 0.0126137 0.0190889 0.027125 0.0364649 0.0464758 0.0561209 0.0642156 0.0698568 0.0727061 0.0729467 0.0710371 0.0674922 0.0627804 0.0572954 0.0513489 0.045173 0.0389364 0.0327697 0.0267928 0.0211382 0.0159615 0.0114301 0.00768829 0.00481177
 0.0093244 0.014843 0.0217738 0.0298746 0.0387903 0.0479713 0.0566075 0.0637687 0.0687232 0.0711813 0.0712828 0.0694081 0.0659992 0.0614725 0.0561892 0.0504421 0.0444526 0.0383839 0.0323633 0.0265092 0.0209531 0.0158508 0.0113712 0.00766154 0.00480245
 0.00930885 0.0151141 0.0227041 0.0319255 0.0423107 0.0529256 0.0624033 0.0693535 0.0729585 0.0732913 0.0711122 0.0673625 0.0627675 0.0577331 0.0524418 0.0469791 0.0414098 0.035804 0.0302422 0.0248202 0.0196572 0.0148996 0.0107089 0.00722824 0.00453836
 0.00897229 0.0145843 0.0219608 0.031019 0.0414156 0.0523772 0.0626574 0.0708229 0.0757639 0.077078 0.0750933 0.0706185 0.0646303 0.0580181 0.0514156 0.0451426 0.039262 0.0337067 0.0283969 0.0233065 0.0184827 0.0140348 0.0101069 0.00683476 0.00429889
 0.00880865 0.0143081 0.0215269 0.0303819 0.0405474 0.0512993 0.0614819 0.069781 0.0751879 0.0773088 0.0763263 0.0727576 0.0672544 0.060518 0.0532419 0.0460163 0.0392307 0.0330425 0.0274326 0.0223116 0.0176173 0.0133623 0.00962846 0.00652029 0.00410785
 0.00874643 0.0141999 0.0213503 0.0301091 0.0401486 0.0507506 0.060778 0.0689516 0.0743164 0.076545 0.0758764 0.0728313 0.0679727 0.0618217 0.0548696 0.047589 0.0404075 0.0336523 0.0275083 0.0220238 0.0171695 0.0129127 0.00926237 0.00626185 0.00394518
 0.00868669 0.0141068 0.0212171 0.0299307 0.03992 0.0504657 0.0604295 0.0685343 0.0738336 0.0760196 0.0753644 0.0724295 0.0678073 0.0620074 0.0554475 0.0484803 0.041421 0.0345571 0.0281306 0.0223095 0.0171778 0.0127605 0.00906152 0.00608382 0.00381778
 0.0087059 0.0141277 0.0212293 0.0299186 0.0398666 0.050359 0.0602669 0.068322 0.0735811 0.075735 0.0750555 0.0721137 0.0675236 0.0618205 0.0554321 0.0486863 0.0418358 0.0350943 0.0286599 0.0227132 0.0173999 0.0128163 0.00901118 0.00599323 0.00373229
 0.00867732 0.0140895 0.0211866 0.0298794 0.0398377 0.0503397 0.0602464 0.0682817 0.0735031 0.0756103 0.0748877 0.071917 0.0673195 0.0616377 0.0553077 0.0486609 0.0419384 0.0353214 0.0289662 0.0230256 0.017649 0.012966 0.00906646 0.00598594 0.00369874
 0.00867675 0.0140845 0.021172 0.0298493 0.0397886 0.0502741 0.0601742 0.0682167 0.0734552 0.0755787 0.0748601 0.0718767 0.0672552 0.0615511 0.0552154 0.0485905 0.04192 0.0353754 0.0290915 0.0231958 0.0178223 0.0131042 0.00915079 0.00602024 0.00370057
 0.00865281 0.0140481 0.0211218 0.0297853 0.0397115 0.0501848 0.0600746 0.0681113 0.0733527 0.0754914 0.0747998 0.0718492 0.0672569 0.0615709 0.0552422 0.0486204 0.0419595 0.0354368 0.029184 0.0233167 0.0179553 0.0132263 0.00924348 0.0060771 0.00372703
 0.00865189 0.0140462 0.0211184 0.0297795 0.0397023 0.0501717 0.0600568 0.0680881 0.0733231 0.0754545 0.0747565 0.0718027 0.0672128 0.0615344 0.0552162 0.0486054 0.0419559 0.0354475 0.0292132 0.0233662 0.0180205 0.0132961 0.00930508 0.00612185 0.00375334
 0.00864157 0.0140304 0.0210963 0.0297512 0.0396686 0.050134 0.0600174 0.0680496 0.0732883 0.0754257 0.0747344 0.0717871 0.0672028 0.0615297 0.0552171 0.0486128 0.0419708 0.0354709 0.0292462 0.0234091 0.0180713 0.0133497 0.00935443 0.00616093 0.00377962
 0.00865628 0.014051 0.0211212 0.0297768 0.0396902 0.0501476 0.0600208 0.0680427 0.0732727 0.0754031 0.074707 0.0717567 0.067171 0.0614981 0.0551875 0.0485873 0.0419517 0.0354603 0.0292457 0.0234194 0.0180912 0.0133759 0.00938217 0.00618551 0.00379803
 0.00860678 0.0139806 0.0210339 0.0296823 0.0396011 0.0500742 0.0599678 0.0680094 0.0732552 0.0753984 0.0747139 0.0717755 0.0672018 0.0615394 0.0552361 0.0486394 0.0420042 0.0355115 0.029295 0.0234667 0.0181363 0.0134176 0.00941865 0.00621487 0.00381933
 0.00860786 0.0139758 0.0210151 0.0296395 0.0395268 0.0499695 0.0598458 0.0678925 0.0731669 0.0753531 0.0747123 0.0718074 0.0672532 0.0615988 0.0552968 0.0486986 0.0420606 0.0355646 0.0293444 0.0235122 0.0181776 0.0134542 0.00944969 0.00623951 0.00383727
 0.00860786 0.0139758 0.0210151 0.0296395 0.0395268 0.0499695 0.0598458 0.0678925 0.0731669 0.0753531 0.0747123 0.0718074 0.0672532 0.0615988 0.0552968 0.0486986 0.0420606 0.0355646 0.0293444 0.0235122 0.0181776 0.0134542 0.00944969 0.00623951 0.00383727
 0.00877512 0.0142383 0.021391 0.030135 0.0401301 0.0506444 0.0605289 0.0685005 0.0736167 0.0755867 0.0747124 0.0715961 0.0668779 0.0611157 0.0547596 0.0481528 0.0415417 0.0350978 0.0289449 0.0231867 0.0179257 0.01327 0.0093233 0.00615882 0.0037897
 0.00888333 0.01443 0.0217074 0.0306205 0.0408179 0.0515344 0.0615692 0.0695856 0.0746086 0.0763501 0.0751483 0.0716618 0.0665892 0.0605361 0.05398 0.0472705 0.0406438 0.0342514 0.0281953 0.022559 0.0174279 0.0128973 0.00906104 0.00598658 0.0036849
#pred catch len freq
 0.00488073 0.00771583 0.0112384 0.0153494 0.0199768 0.0250534 0.0304442 0.0359158 0.0411876 0.0460094 0.0502044 0.0536776 0.0564089 0.05843 0.059782 0.0604726 0.060457 0.0596453 0.0579157 0.0551174 0.0510794 0.0456693 0.0389275 0.0312124 0.0232289
 0.00508323 0.00795041 0.0114215 0.0153581 0.0196976 0.0244511 0.0296061 0.0350314 0.0404644 0.0455711 0.0500347 0.05364 0.0563261 0.0581782 0.0593551 0.0599919 0.0601232 0.0596517 0.0583583 0.0559455 0.0521141 0.0466822 0.039735 0.0317357 0.0234933
 0.00550245 0.0085822 0.0122728 0.0163843 0.0207936 0.0254534 0.0303153 0.0352673 0.0401428 0.044761 0.0489435 0.0525178 0.055347 0.0573782 0.0586657 0.0593356 0.0594979 0.0591465 0.0580966 0.0559988 0.0524474 0.0471654 0.0402094 0.0320874 0.0236876
 0.0058434 0.0091281 0.0130783 0.0174928 0.0222251 0.0271832 0.0322472 0.0372158 0.0418475 0.0459438 0.0493959 0.0521819 0.0543389 0.0559323 0.0570295 0.0576854 0.0579249 0.0577019 0.0568375 0.0549893 0.0517219 0.0466984 0.0399243 0.0318976 0.023535
 0.00617513 0.0096446 0.013816 0.0184784 0.0234802 0.0287278 0.0340896 0.0393276 0.0441315 0.0482116 0.0513763 0.0535741 0.054901 0.0555666 0.0558169 0.055845 0.0557279 0.0553932 0.0546025 0.0529582 0.0499797 0.0452852 0.0388351 0.0310932 0.0229626
 0.00650511 0.0101578 0.0145462 0.0194452 0.0246916 0.0301835 0.0357801 0.0412304 0.0462046 0.0503827 0.0535264 0.0555215 0.0564084 0.056385 0.0557605 0.054862 0.0539259 0.0530048 0.0519139 0.050241 0.0474502 0.0430902 0.0370513 0.0297353 0.0219965
 0.00687136 0.0107207 0.0153342 0.0204668 0.0259403 0.0316445 0.0374315 0.0430393 0.0481235 0.0523493 0.0554636 0.0573326 0.0579665 0.0575266 0.0562986 0.0546291 0.0528355 0.0511006 0.0493767 0.0473474 0.0445049 0.0403621 0.0347308 0.0279174 0.0206862
 0.00722782 0.0112765 0.0161272 0.0215176 0.0272523 0.0332019 0.0391961 0.0449478 0.0500929 0.0542892 0.0572881 0.0589644 0.0593313 0.0585409 0.0568576 0.054608 0.0521153 0.0496176 0.0471734 0.0445949 0.0414787 0.0373777 0.0320675 0.0257587 0.0190966
 0.00759486 0.0118475 0.0169398 0.0225931 0.0285965 0.0348062 0.0410315 0.0469569 0.0521869 0.0563547 0.0592022 0.0606129 0.060623 0.0594101 0.0572535 0.0544769 0.051393 0.0482461 0.0451429 0.041991 0.0385025 0.0343181 0.0292303 0.0233845 0.0173052
 0.00793446 0.0123753 0.0176901 0.0235849 0.0298352 0.036285 0.0427282 0.0488267 0.0541587 0.0583331 0.0610748 0.0622617 0.0619378 0.0603014 0.0576581 0.0543528 0.0507086 0.0469766 0.0432867 0.0396048 0.0357342 0.031407 0.0264609 0.0210091 0.0154739
 0.00823313 0.0128396 0.0183503 0.0244576 0.0309252 0.037586 0.0442201 0.0504709 0.0558954 0.0600842 0.0627499 0.0637642 0.0631722 0.0611803 0.0581087 0.0543203 0.0501557 0.0458832 0.041658 0.0374918 0.0332588 0.0287696 0.0239115 0.0187841 0.0137293
 0.00858186 0.0133725 0.0190898 0.0254046 0.0320637 0.0388905 0.0456578 0.0519986 0.057457 0.0616121 0.0641698 0.0650019 0.0641578 0.0618519 0.0584133 0.0542138 0.049603 0.0448624 0.0401701 0.0355789 0.0310237 0.0263832 0.0215908 0.0167408 0.0121103
 0.00898781 0.0139968 0.0199626 0.0265306 0.0334227 0.0404406 0.0473353 0.0537186 0.0591211 0.0631229 0.0654456 0.0659837 0.0648091 0.0621536 0.0583562 0.0537924 0.0488113 0.0436953 0.0386338 0.0337089 0.0289048 0.024158 0.0194433 0.0148533 0.0106118
 0.00945815 0.0147168 0.0209637 0.0278138 0.0349623 0.0421901 0.0492273 0.0556609 0.0609973 0.0648042 0.0668105 0.0669381 0.065301 0.0621756 0.0579369 0.0529786 0.0476513 0.0422289 0.036896 0.0317453 0.0267916 0.0220134 0.0174178 0.0130954 0.00922505
 0.0099539 0.0154716 0.0220048 0.0291342 0.0365265 0.0439438 0.0511008 0.0575672 0.0628317 0.0664514 0.0681567 0.0678856 0.0657807 0.0621573 0.0574327 0.0520363 0.0463398 0.0406227 0.035066 0.029762 0.0247377 0.0199938 0.0155547 0.0115047 0.00798328
 0.0102975 0.0160114 0.0227822 0.0301748 0.0378359 0.045501 0.0528504 0.0594152 0.064655 0.0681164 0.06954 0.0688876 0.0663331 0.0622265 0.0570204 0.0511776 0.0450967 0.0390745 0.0333001 0.0278692 0.0228138 0.0181421 0.0138804 0.0100987 0.00689959
 0.0104438 0.0162442 0.0231249 0.0306498 0.0384657 0.046307 0.0538454 0.060592 0.0659738 0.0694993 0.0708761 0.070051 0.067207 0.0627241 0.0570962 0.0508277 0.0443529 0.0379964 0.0319672 0.0263745 0.0212587 0.0166315 0.0125137 0.00895503 0.0060222
 0.0104396 0.0162438 0.023137 0.0306898 0.0385557 0.046475 0.0541233 0.0610109 0.0665566 0.0702499 0.0717682 0.071022 0.0681617 0.0635506 0.0576879 0.0511057 0.0442794 0.0375781 0.0312501 0.0254346 0.0201919 0.0155415 0.0114988 0.00809247 0.00535537
 0.0103493 0.0161098 0.0229598 0.0304795 0.0383316 0.0462634 0.0539563 0.0609258 0.0665933 0.070445 0.0721457 0.0715824 0.0688734 0.0643463 0.0584723 0.0517719 0.0447326 0.0377564 0.0311374 0.0250616 0.0196273 0.0148765 0.0108279 0.00749473 0.00487998
 0.0103359 0.0160877 0.0229261 0.0304312 0.0382663 0.046181 0.0538606 0.0608265 0.0665079 0.0703984 0.0721682 0.0717036 0.0691133 0.0647047 0.0589201 0.0522509 0.0451646 0.0380623 0.0312588 0.0249781 0.0193617 0.0144869 0.0103897 0.00707904 0.0045367
 0.0103028 0.0160444 0.0228799 0.030395 0.0382541 0.0462016 0.0539123 0.0608974 0.0665804 0.0704576 0.0722087 0.0717334 0.0691523 0.0647776 0.0590458 0.05243 0.0453731 0.0382546 0.0313815 0.0249899 0.0192492 0.0142705 0.0101148 0.00679886 0.00429438
 0.0101755 0.0158495 0.0226099 0.0300535 0.0378577 0.0457799 0.0535078 0.0605596 0.0663546 0.0703715 0.0722648 0.0719122 0.0694231 0.0651112 0.05942 0.0528286 0.0457781 0.0386396 0.0317116 0.0252297 0.0193767 0.0142867 0.010045 0.00668257 0.00417069
 0.0102128 0.0158843 0.022615 0.0299877 0.0376774 0.0454574 0.0530479 0.0600054 0.0657796 0.0698614 0.0718966 0.0717357 0.0694519 0.0653237 0.0597713 0.0532655 0.0462508 0.0391054 0.0321337 0.0255767 0.0196264 0.0144328 0.0100996 0.00667269 0.004128
 0.0103486 0.0160812 0.022865 0.0302642 0.0379366 0.0456455 0.0531102 0.059899 0.0654879 0.0694072 0.0713441 0.0711772 0.0689812 0.0650101 0.0596435 0.0533115 0.0464301 0.0393646 0.0324198 0.0258447 0.0198438 0.0145825 0.0101812 0.00669955 0.00412078
 0.0103103 0.0160367 0.0228305 0.0302637 0.0379932 0.0457676 0.0532803 0.0600729 0.0656063 0.0694153 0.0712122 0.070914 0.0686344 0.0646531 0.0593526 0.053142 0.0464017 0.0394611 0.0326001 0.0260592 0.0200481 0.0147465 0.0102924 0.00676083 0.00414509
 0.0103655 0.016109 0.0229084 0.0303289 0.0380297 0.0457733 0.0532731 0.0600827 0.0656565 0.0695034 0.0713044 0.070959 0.0685894 0.0645068 0.0591327 0.0529035 0.0462037 0.0393442 0.032575 0.0261084 0.0201384 0.0148439 0.0103728 0.00681422 0.00417304
 0.0103576 0.0161028 0.0229102 0.0303462 0.0380663 0.0458238 0.0533216 0.06011 0.0656518 0.0694737 0.0712707 0.0709407 0.0685889 0.0645066 0.0591085 0.0528434 0.0461183 0.0392612 0.0325228 0.0261016 0.0201726 0.0149012 0.0104327 0.00686238 0.0042043
 0.0102264 0.0159159 0.0226783 0.0300972 0.0378387 0.0456552 0.0532374 0.0601169 0.0657372 0.0696108 0.071428 0.0710932 0.0687242 0.0646224 0.0592051 0.0529183 0.0461688 0.0392901 0.0325409 0.0261227 0.0202056 0.0149457 0.0104808 0.00690487 0.00423543
 0.0100512 0.0156505 0.0223159 0.0296469 0.0373262 0.0451212 0.0527354 0.0597073 0.0654755 0.0695317 0.0715344 0.0713557 0.0690923 0.0650411 0.0596279 0.0533132 0.0465174 0.0395847 0.032782 0.0263166 0.0203612 0.0150702 0.0105785 0.0069777 0.00428542
