SBPRF35
12.7214
Curr Bio
937659
B35
865605
F35
0.1705
FOFL
0.1705
OFL
133681
Bzero
3.63469e+006
#pred survey bio
 3.17813e+006 2.81444e+006 2.56592e+006 2.30864e+006 2.04781e+006 1.80773e+006 1.62762e+006 1.42718e+006 1.2721e+006 1.13137e+006 1.0077e+006 892096 796542 727600 686195 643370 618444 599149 595730 573817 559446 554423 550089 553005 548261 544503 547780 553261 562581 566060 565533 573002 586414 601112 614312 636829 651758 660407 663875 669362 669341 670335 677096 689677 690202 695024 703951 747405 797175 834222 866210 891059 908095 945333 2.21734e+007 2.03717e+007 2.07081e+007 2.14053e+007 2.23291e+007 2.33296e+007 2.42956e+007 2.51615e+007 2.58993e+007 2.65063e+007 2.69936e+007 2.73781e+007 2.76781e+007 2.79105e+007 2.80898e+007 2.8228e+007 2.83345e+007 2.84168e+007 2.84805e+007 2.85301e+007 2.85687e+007 2.8599e+007 2.86228e+007 2.86416e+007 2.86565e+007 2.86684e+007 2.86779e+007 2.86854e+007 2.86915e+007 2.86964e+007 2.87003e+007 2.87035e+007 2.87061e+007 2.87082e+007 2.87099e+007 2.87112e+007 2.87124e+007 2.87133e+007 2.8714e+007 2.87146e+007 2.87151e+007 2.87155e+007 2.87159e+007 2.87161e+007 2.87164e+007 2.87165e+007 2.87167e+007 2.87168e+007 2.87169e+007 2.8717e+007 2.87171e+007 2.87171e+007 2.87172e+007 2.87172e+007 2.87172e+007 2.87172e+007 2.87173e+007 2.87173e+007 2.87173e+007 2.87173e+007 2.87173e+007 2.87173e+007 2.87173e+007 2.87173e+007 2.87173e+007 2.87173e+007 2.87173e+007 2.87173e+007 2.87173e+007 2.87173e+007 2.87174e+007 2.87174e+007 2.87174e+007 2.87174e+007 2.87174e+007 2.87174e+007 2.87174e+007 2.87174e+007 2.87174e+007 2.87174e+007 2.87174e+007 2.87174e+007 2.87174e+007 2.87174e+007 2.87174e+007 2.87174e+007 2.87174e+007 2.87174e+007 2.87174e+007 2.87174e+007 2.87174e+007 2.87174e+007 2.87174e+007 2.87174e+007 2.87174e+007 2.87174e+007 2.87174e+007 2.87174e+007 2.87174e+007 2.87174e+007 0 0 0 0 0 0 0 0 0 0 0 0 0 0 0 0 0 0 0 0 0 0 0 0 0
#obs survey bio
 3.5898e+006 2.55344e+006 2.24243e+006 1.95357e+006 2.78242e+006 1.47358e+006 1.82345e+006 1.44012e+006 978494 1.23962e+006 870351 708814 850865 931405 408141 645980 674950 473259 518348 889658 615661 637114 516086 674054 638452 527812 574574 473980 572880 589288 660967 501760 594497 544340 576276 369168 677782 715226 591572 725062 874235 609839 678114 797354 703582 601373 505521 724735 806064 872385 918891 752628 779017 1.44618e+006
#pred catch bio
 361537 274593 300907 319823 314092 270849 296844 261970 253585 240630 232921 212503 185794 159357 157841 139629 132386 117055 129223 117873 106522 104005 97168.1 103114 101258 95095.3 93788.9 91192.8 96350.3 99464.6 93354.5 90630.8 92717 97229.2 92628.3 101677 107803 111531 108523 111360 108664 102979 98261.5 108999 106260 104934 79490.1 79091.2 93422.6 99945.2 108087 116915 102504 120633 133681 134231 135424 138990 144335 150232 155884 160862 165002 168305 170860 172790 174221 175268 176025 176568 176954 177228 177420 177555 177650 177716 177762 177794 177816 177831 177842 177849 177854 177858 177860 177862 177863 177864 177864 177865 177865 177865 177865 177865 177865 177865 177865 177865 177865 177865 177865 177865 177865 177865 177865 177865 177865 177865 177865 177865 177865 177865 177865 177865 177865 177865 177865 177865 177865 177865 177865 177865 177865 177865 177865 177865 177865 177865 177865 177865 177865 177865 177865 177865 177865 177865 177865 177865 177865 177865 177865 177865 177865 177865 177865 177865 177865 177865 177865 177865 177865 177865 177865 177865 0 0 0 0 0 0 0 0 0 0 0 0 0 0 0 0 0 0 0 0 0 0 0 0 0
#obs catch bio
 250790 273967 301876 320995 314999 271060 297066 260944 254195 241400 234695 214441 186485 159260 159254 140584 133132 118039 130827 117520 105583 103005 96356.5 102820 100767 94444.3 93502.2 91041.6 96023.3 98909.6 92670.6 90529.4 92823.8 97776.2 93200.1 102667 108624 112108 108809 111486 107900 102804 97733.3 108330 105506 104975 79400.5 79089.2 93807.4 100125 108239 117599 102597 120761
#pred cpue bio
 3.13899e+006 2.77724e+006 2.5288e+006 2.27205e+006 2.01245e+006 1.77356e+006 1.59423e+006 1.39506e+006 1.24072e+006 1.10074e+006 978027 863747 769638 701954 661318 619345 595129 576463 573483 552774 539398 534808 530612 533409 528850 525284 528447 533778 543009 546570 546057 553102 565834 579830 592428 614354 629045 637805 641568 647335 647756 648921 655581 667947 668329 672682 681010 723516 772578 809164 840613 864824 881203 917644 2.15345e+007 1.97895e+007 2.00389e+007 2.06617e+007 2.15665e+007 2.25638e+007 2.35293e+007 2.43951e+007 2.51329e+007 2.57399e+007 2.62271e+007 2.66117e+007 2.69117e+007 2.71441e+007 2.73234e+007 2.74616e+007 2.75681e+007 2.76504e+007 2.77141e+007 2.77636e+007 2.78023e+007 2.78326e+007 2.78564e+007 2.78752e+007 2.78901e+007 2.7902e+007 2.79114e+007 2.7919e+007 2.79251e+007 2.79299e+007 2.79339e+007 2.79371e+007 2.79396e+007 2.79417e+007 2.79434e+007 2.79448e+007 2.79459e+007 2.79469e+007 2.79476e+007 2.79482e+007 2.79487e+007 2.79491e+007 2.79494e+007 2.79497e+007 2.79499e+007 2.79501e+007 2.79503e+007 2.79504e+007 2.79505e+007 2.79506e+007 2.79506e+007 2.79507e+007 2.79507e+007 2.79508e+007 2.79508e+007 2.79508e+007 2.79508e+007 2.79509e+007 2.79509e+007 2.79509e+007 2.79509e+007 2.79509e+007 2.79509e+007 2.79509e+007 2.79509e+007 2.79509e+007 2.79509e+007 2.79509e+007 2.79509e+007 2.79509e+007 2.79509e+007 2.79509e+007 2.79509e+007 2.79509e+007 2.79509e+007 2.79509e+007 2.79509e+007 2.79509e+007 2.79509e+007 2.79509e+007 2.79509e+007 2.79509e+007 2.79509e+007 2.79509e+007 2.79509e+007 2.79509e+007 2.79509e+007 2.79509e+007 2.79509e+007 2.79509e+007 2.79509e+007 2.79509e+007 2.79509e+007 2.79509e+007 2.79509e+007 2.79509e+007 2.79509e+007 2.79509e+007 2.79509e+007 2.79509e+007 0 0 0 0 0 0 0 0 0 0 0 0 0 0 0 0 0 0 0 0 0 0 0 0 0
#obs cpue bio
 2.8722e+006 2.59763e+006 2.14602e+006 2.69464e+006 1.62625e+006 1.96978e+006 1.87814e+006 1.67074e+006 1.10675e+006 911218 862997 896924 860119 623676 676792 558944 563086 455176 587497 788874 769614 603968 556162 350097 554088 666218 423479 550057 672838 685777 562095 397541 465152 455834 456476 811399 653850 677760 769806 704146 997632 483192 881957 770288 728444 514672 748143 693474 588283 890752 816093 736644 1.04149e+006 857326
#pred surv len freq
 0.00467814 0.00769402 0.0117621 0.0169162 0.0230498 0.0298152 0.0366058 0.0427188 0.0476211 0.0511182 0.0533189 0.0544791 0.0548668 0.0547053 0.0541693 0.0534006 0.0525259 0.0516526 0.0508147 0.0498664 0.0483928 0.045762 0.0413929 0.0351404 0.027533
 0.0051839 0.00844563 0.0127646 0.0181355 0.0244316 0.0313114 0.0381859 0.044355 0.0492592 0.0526573 0.0546221 0.0554133 0.0553523 0.0547455 0.0538419 0.0528152 0.0517681 0.0507418 0.0496952 0.0484426 0.0465986 0.043631 0.0390861 0.0329049 0.0256114
 0.00533275 0.00875191 0.0133393 0.019108 0.0259029 0.0332897 0.0405438 0.0468488 0.0516112 0.0546528 0.0561562 0.0564696 0.0559473 0.0548917 0.0535512 0.0521197 0.0507249 0.0494098 0.0481047 0.0465885 0.044474 0.0412837 0.0366546 0.0305995 0.0236434
 0.00551604 0.0090403 0.0137612 0.0196983 0.0267138 0.0343959 0.0420263 0.0487524 0.05389 0.0571389 0.058584 0.0585529 0.0574664 0.0557401 0.0537253 0.0516774 0.0497472 0.0479789 0.046293 0.0444574 0.0420885 0.0387415 0.0341084 0.0282439 0.0216621
 0.00576644 0.0094477 0.0143737 0.0205579 0.0278461 0.0357976 0.0436591 0.0505524 0.0557899 0.0590834 0.0605173 0.0603862 0.0590575 0.0569121 0.0543186 0.051599 0.0489876 0.0465949 0.0443784 0.0421228 0.0394611 0.0359768 0.0313957 0.0257866 0.0196311
 0.00604896 0.00990413 0.0150552 0.0215102 0.0291005 0.0373568 0.045482 0.052549 0.0578357 0.0610485 0.0622968 0.0619125 0.0602882 0.0578024 0.0547988 0.0515777 0.048381 0.0453631 0.0425463 0.0397824 0.0367628 0.0331185 0.0286047 0.0232851 0.0175888
 0.00623533 0.0102135 0.0155329 0.022203 0.030048 0.0385775 0.0469588 0.0542234 0.0596155 0.0628251 0.0639633 0.0633768 0.06148 0.0586716 0.0553049 0.0516746 0.0480108 0.0444686 0.0411007 0.0378208 0.0344001 0.0305441 0.0260527 0.0209855 0.0157124
 0.0066043 0.0107956 0.016376 0.0233395 0.0314895 0.0403067 0.048919 0.0563147 0.0617057 0.0647725 0.0656413 0.0646901 0.0623711 0.059118 0.0553086 0.0512462 0.0471534 0.0431731 0.039359 0.0356562 0.0318998 0.0278727 0.0234319 0.0186414 0.0138136
 0.00688287 0.0112552 0.0170789 0.0243446 0.032837 0.041995 0.0508855 0.0584351 0.0638185 0.0667176 0.0672899 0.065956 0.0632055 0.0595005 0.0552393 0.0507383 0.046225 0.0418403 0.037639 0.0335844 0.0295557 0.0253974 0.0210173 0.016488 0.012073
 0.00710104 0.0116231 0.0176573 0.0251988 0.0340232 0.0435384 0.0527567 0.0605391 0.0660051 0.0688089 0.0691133 0.0673725 0.0641266 0.0598919 0.0551109 0.0501272 0.0451779 0.040403 0.0358564 0.0315119 0.027279 0.0230465 0.0187601 0.0144962 0.0104746
 0.00725952 0.011893 0.0180869 0.0258424 0.0349322 0.0447447 0.0542552 0.062277 0.0678845 0.0706997 0.07087 0.0688524 0.0652083 0.0604915 0.0551914 0.0496967 0.0442775 0.039092 0.0342025 0.0295929 0.0251922 0.0209184 0.0167403 0.0127307 0.00906795
 0.00739896 0.0121325 0.0184711 0.0264218 0.0357525 0.0458311 0.0555958 0.0638161 0.0695301 0.0723402 0.0723907 0.0701458 0.0661813 0.0610708 0.0553294 0.0493761 0.0435127 0.0379254 0.0326996 0.0278387 0.0232924 0.0189989 0.0149384 0.0111722 0.00783744
 0.00754806 0.0123696 0.0188189 0.0269002 0.0363782 0.046615 0.0565376 0.0648977 0.0707115 0.07356 0.0735716 0.0712037 0.0670348 0.0616501 0.0555813 0.0492668 0.0430306 0.0370841 0.0315399 0.0264304 0.0217324 0.0174058 0.0134383 0.00987619 0.00681756
 0.00773511 0.0126515 0.019202 0.0273764 0.0369288 0.0472174 0.0571706 0.0655445 0.0713605 0.0742043 0.0742048 0.0718116 0.0675886 0.0621037 0.0558779 0.0493491 0.042853 0.0366228 0.0308005 0.0254524 0.0205896 0.0161987 0.0122782 0.00886265 0.00601547
 0.00778917 0.0127451 0.0193526 0.0276011 0.0372375 0.047604 0.0576081 0.0659905 0.0717735 0.074562 0.0745125 0.0720944 0.0678715 0.0623929 0.0561503 0.0495563 0.0429339 0.0365217 0.030484 0.0249216 0.0198847 0.0153937 0.0114655 0.0081297 0.00542372
 0.00782627 0.0128168 0.0194815 0.0278151 0.0375627 0.0480533 0.0581699 0.0666234 0.0724125 0.0751337 0.0749547 0.0723732 0.0679894 0.0623819 0.0560538 0.049406 0.0427361 0.0362579 0.0301257 0.0244502 0.0193082 0.0147515 0.0108196 0.00754579 0.00495066
 0.00785952 0.0128521 0.0195015 0.0277963 0.0374874 0.0479254 0.0580245 0.066521 0.0724164 0.0752821 0.0752428 0.0727561 0.068401 0.0627603 0.0563584 0.049621 0.0428604 0.0362917 0.0300631 0.0242837 0.0190404 0.0144049 0.0104362 0.00717623 0.00463753
 0.00782693 0.0128122 0.0194644 0.0277758 0.0374931 0.0479533 0.0580536 0.0665232 0.0723761 0.0752129 0.0751874 0.0727655 0.0685069 0.0629585 0.0566122 0.0498798 0.043079 0.0364398 0.0301246 0.0242529 0.0189212 0.0142139 0.0102029 0.00693737 0.00442664
 0.00750731 0.0123351 0.0188267 0.0270063 0.0366484 0.047108 0.0572894 0.0659175 0.0719878 0.0750704 0.0752861 0.073078 0.0689975 0.0635897 0.0573418 0.0506557 0.0438407 0.0371279 0.0306926 0.0246742 0.0191908 0.0143465 0.0102291 0.00689622 0.00435641
 0.00747541 0.0122557 0.0186587 0.0267002 0.0361664 0.046451 0.0565161 0.065138 0.07133 0.0746348 0.0751164 0.0731601 0.0692815 0.0640167 0.0578614 0.0512283 0.0444308 0.0376978 0.0312028 0.0250903 0.0194926 0.0145325 0.010316 0.0069127 0.00433399
 0.00759876 0.0124174 0.0188285 0.0268214 0.0361655 0.0462581 0.0560881 0.0644779 0.0704973 0.0737414 0.074304 0.0725616 0.0689815 0.0640318 0.0581475 0.0517072 0.045018 0.0383184 0.031796 0.02561 0.0199078 0.014831 0.0105044 0.00701256 0.00437387
 0.00769763 0.0125672 0.0190312 0.0270659 0.0364227 0.0464776 0.0562008 0.0644085 0.070189 0.0731852 0.0735563 0.0717378 0.0682254 0.063473 0.0578647 0.0517124 0.0452652 0.0387272 0.0322784 0.026089 0.0203276 0.01516 0.0107344 0.00715419 0.00444888
 0.00780035 0.0127256 0.0192533 0.0273517 0.036763 0.0468513 0.0565718 0.0647242 0.0703851 0.0731988 0.0733446 0.0712985 0.0676083 0.0627746 0.0572051 0.0511996 0.0449637 0.0386448 0.0323739 0.026294 0.0205714 0.0153873 0.0109133 0.0072757 0.00452
 0.00769235 0.0125795 0.0190877 0.0272021 0.0366713 0.0468497 0.0566696 0.0649044 0.0706107 0.0734226 0.0735181 0.0713785 0.0675657 0.0626065 0.0569428 0.0509055 0.0447129 0.0384987 0.0323583 0.0263945 0.0207447 0.0155818 0.0110877 0.00740782 0.00460632
 0.00769346 0.0125691 0.0190512 0.0271233 0.0365424 0.0466842 0.0565072 0.0648023 0.0706186 0.0735571 0.0737506 0.0716455 0.0677935 0.0627366 0.0569488 0.0507989 0.0445375 0.0383145 0.0322208 0.0263353 0.0207641 0.0156556 0.0111823 0.00749518 0.00467176
 0.00780061 0.0127205 0.0192361 0.0273151 0.0367038 0.0467774 0.056506 0.0647018 0.0704411 0.0733493 0.0735699 0.0715374 0.0677713 0.0627763 0.0570028 0.0508207 0.0445035 0.0382322 0.0321206 0.0262531 0.0207235 0.0156601 0.0112183 0.0075431 0.00471541
 0.00779255 0.0127193 0.0192551 0.0273707 0.0368068 0.0469217 0.0566623 0.0648224 0.0704789 0.0732803 0.073407 0.071327 0.0675739 0.0626402 0.0569458 0.0508277 0.0445401 0.0382658 0.032136 0.0262544 0.020725 0.0156735 0.0112459 0.00757836 0.00474939
 0.00772529 0.0126175 0.019117 0.0272021 0.0366229 0.0467464 0.0565247 0.0647489 0.0704811 0.0733462 0.0735042 0.0714181 0.0676359 0.0626755 0.0569758 0.0508754 0.0446151 0.0383606 0.0322339 0.0263416 0.0207969 0.0157325 0.0112963 0.00762164 0.00478456
 0.00763133 0.0124673 0.0188962 0.0269015 0.0362422 0.0463007 0.0560493 0.0642983 0.0701183 0.0731253 0.0734533 0.0715309 0.067876 0.0629917 0.0573206 0.0512179 0.0449411 0.038665 0.0325121 0.0265865 0.0210022 0.0158958 0.0114199 0.00771089 0.00484564
 0.00765903 0.0124981 0.0189162 0.0268883 0.0361706 0.0461514 0.0558173 0.0639975 0.0697798 0.0727922 0.0731723 0.0713424 0.0678046 0.0630389 0.0574664 0.0514287 0.0451826 0.0389102 0.0327437 0.0267947 0.0211806 0.0160411 0.0115316 0.00779156 0.00490016
 0.00784702 0.0127739 0.0192749 0.0273035 0.0365979 0.0465372 0.0561081 0.0641475 0.0697599 0.0725989 0.0728325 0.0709094 0.0673448 0.0626152 0.0571238 0.0511872 0.0450385 0.0388444 0.0327319 0.0268147 0.0212159 0.0160805 0.0115682 0.00782168 0.00492257
 0.00796738 0.0129661 0.0195559 0.0276824 0.0370688 0.0470712 0.0566483 0.0646155 0.0700755 0.0727051 0.072713 0.070591 0.066886 0.0620887 0.0566001 0.050722 0.0446653 0.0385733 0.032554 0.0267103 0.0211627 0.0160591 0.0115641 0.00782547 0.00492867
 0.00800782 0.0130341 0.0196629 0.0278406 0.0372895 0.0473596 0.0569983 0.0650042 0.0704623 0.0730361 0.0729326 0.0706562 0.0667804 0.061829 0.0562313 0.0503044 0.0442581 0.0382211 0.0322803 0.0265181 0.0210407 0.0159894 0.0115289 0.00781032 0.00492377
 0.00799516 0.0130218 0.0196599 0.0278611 0.0373498 0.047474 0.0571737 0.0652381 0.0707417 0.0733381 0.0732245 0.0708983 0.0669321 0.0618598 0.0561314 0.0500905 0.0439694 0.0379074 0.0319874 0.0262767 0.0208628 0.0158713 0.0114581 0.00777202 0.00490517
 0.00793856 0.0129427 0.019565 0.027766 0.0372761 0.0474439 0.057205 0.0653404 0.0709149 0.0735714 0.0734966 0.0711793 0.0671868 0.0620529 0.0562343 0.0500885 0.0438674 0.0377299 0.0317719 0.0260622 0.0206787 0.0157323 0.0113646 0.00771575 0.00487477
 0.00778175 0.0127003 0.0192248 0.0273281 0.0367569 0.0468789 0.0566499 0.0648662 0.0705931 0.0734546 0.0736034 0.0714902 0.067652 0.0626048 0.0568014 0.0506081 0.0442947 0.0380448 0.0319783 0.0261821 0.0207415 0.0157644 0.0113835 0.00772995 0.00488644
 0.00759662 0.0124235 0.0188533 0.0268754 0.036249 0.0463487 0.0561332 0.0644012 0.0702202 0.0732131 0.0735253 0.0715923 0.0679295 0.0630296 0.0573253 0.0511708 0.0448364 0.0385174 0.0323542 0.0264558 0.0209258 0.0158812 0.0114552 0.00777367 0.00491326
 0.00748029 0.012233 0.0185655 0.0264719 0.0357249 0.0457228 0.0554552 0.0637462 0.0696693 0.0728301 0.0733418 0.0716097 0.0681304 0.0633875 0.0578072 0.051736 0.0454357 0.0390988 0.0328723 0.0268813 0.0212487 0.0161089 0.0116057 0.00786766 0.00496902
 0.00740056 0.012107 0.0183821 0.0262221 0.0354019 0.0453241 0.0549866 0.0632278 0.0691388 0.0723409 0.0729533 0.0713734 0.0680767 0.0635203 0.0581069 0.0521664 0.045951 0.0396486 0.0334067 0.027358 0.0216399 0.0164048 0.0118122 0.00800115 0.00504909
 0.00727488 0.0119116 0.018105 0.0258588 0.0349569 0.0448116 0.0544319 0.0626656 0.068609 0.0718817 0.0725978 0.0711495 0.0680074 0.0636203 0.0583771 0.0525894 0.0464912 0.0402569 0.0340285 0.0279415 0.0221446 0.0168073 0.0121078 0.00820071 0.00517283
 0.00733975 0.0119842 0.0181542 0.0258363 0.0348121 0.044513 0.0539847 0.0621136 0.0680193 0.0713223 0.0721216 0.070789 0.0677799 0.063535 0.0584385 0.0527952 0.0468279 0.0406958 0.0345272 0.0284501 0.0226156 0.0172048 0.012414 0.00841577 0.00531031
 0.00739358 0.0120727 0.0182865 0.0260151 0.0350249 0.0447238 0.054133 0.0621284 0.067847 0.0709546 0.0716051 0.0702094 0.0672305 0.0630897 0.0581403 0.0526596 0.0468498 0.0408558 0.0347927 0.0287785 0.0229599 0.0175228 0.0126764 0.00861009 0.00543981
 0.00740495 0.0120878 0.0183035 0.0260316 0.0350396 0.0447383 0.0541498 0.0621449 0.0678481 0.0709113 0.0714845 0.0699936 0.0669325 0.0627551 0.057832 0.0524357 0.0467477 0.0408855 0.03494 0.029011 0.0232356 0.017799 0.0129186 0.00879867 0.0055708
 0.00742097 0.0121042 0.0183106 0.0260145 0.0349829 0.0446327 0.0539987 0.0619652 0.0676659 0.0707517 0.0713612 0.0699029 0.0668577 0.0626783 0.0577489 0.052362 0.0467128 0.0409181 0.0350541 0.0291994 0.0234724 0.0180488 0.0131477 0.00898416 0.00570414
 0.00757674 0.0123405 0.0186337 0.0264164 0.0354401 0.0451073 0.0544405 0.0623185 0.0678811 0.0708003 0.0712437 0.0696462 0.066502 0.0622635 0.0573078 0.0519223 0.0463024 0.040567 0.0347887 0.029034 0.0234029 0.0180541 0.0131975 0.00904911 0.0057635
 0.00766373 0.0124858 0.0188586 0.0267402 0.0358728 0.0456391 0.0550332 0.0629067 0.0683861 0.0711509 0.0713947 0.0695867 0.0662528 0.0618674 0.0568172 0.0513886 0.0457707 0.0400751 0.0343675 0.0287051 0.0231747 0.0179194 0.0131361 0.00903485 0.00577225
 0.007669 0.0125026 0.0188995 0.0268237 0.03602 0.0458683 0.0553526 0.0633078 0.0688398 0.0716085 0.0717952 0.0698698 0.0663741 0.0618103 0.0565955 0.0510403 0.045347 0.0396288 0.0339453 0.0283425 0.0228931 0.0177241 0.013018 0.00897505 0.00574927
 0.00745634 0.0121654 0.0184101 0.0261675 0.0352055 0.0449384 0.0543927 0.0624402 0.0681976 0.0712982 0.0718637 0.0702921 0.0670634 0.062645 0.0574525 0.0518233 0.046001 0.0401402 0.0343299 0.0286299 0.023113 0.0178983 0.0131583 0.00908578 0.00583166
 0.00728875 0.0118893 0.0179884 0.0255653 0.0343999 0.0439332 0.0532343 0.0612226 0.0670528 0.0703711 0.0712822 0.0701389 0.0673568 0.0633331 0.0584253 0.0529406 0.0471271 0.0411718 0.0352091 0.0293402 0.0236655 0.0183161 0.0134656 0.00930368 0.00597835
 0.00724405 0.0118121 0.0178629 0.0253714 0.0341143 0.0435334 0.0527047 0.0605633 0.0662883 0.0695561 0.0705018 0.0694982 0.0669593 0.0632532 0.0586844 0.0534979 0.0478905 0.0420249 0.0360433 0.0300783 0.024269 0.0187794 0.0138025 0.00953643 0.00613033
 0.00726469 0.0118375 0.0178854 0.0253774 0.0340856 0.04345 0.0525477 0.060317 0.0659415 0.0691076 0.0699671 0.0689175 0.0664002 0.062802 0.0584256 0.0534875 0.0481351 0.0424776 0.0366192 0.0306824 0.0248232 0.0192367 0.0141478 0.00977741 0.00628643
 0.00729815 0.011894 0.0179737 0.0255047 0.0342529 0.0436467 0.0527472 0.0604781 0.0660178 0.0690589 0.069771 0.0685753 0.0659403 0.0622792 0.0579163 0.0530756 0.04789 0.0424325 0.03676 0.0309549 0.0251544 0.0195597 0.0144188 0.00997868 0.00642103
 0.00728752 0.01189 0.0179922 0.0255686 0.0343859 0.0438634 0.0530433 0.0608262 0.0663701 0.0693566 0.069956 0.0686029 0.0657894 0.0619608 0.0574741 0.0525802 0.0474243 0.0420712 0.0365484 0.0308977 0.0252189 0.0196933 0.0145695 0.0101108 0.00651859
 0.00706688 0.0115579 0.0175432 0.0250189 0.0337733 0.043244 0.0524866 0.0604062 0.0661491 0.0693656 0.0701812 0.0689875 0.0662504 0.062413 0.057854 0.0528612 0.0476194 0.0422214 0.0367024 0.0310891 0.0254536 0.0199506 0.0148161 0.0103175 0.00667089
#obs surv len freq
 0.00497777 0.00815255 0.0123987 0.0177293 0.0240175 0.0308977 0.0377439 0.0438319 0.0486102 0.0518763 0.0537483 0.0545123 0.0544897 0.0539799 0.0532449 0.0524984 0.0518848 0.0514383 0.0510199 0.0502605 0.048578 0.0453423 0.0401765 0.0332491 0.0253413
 0.0051908 0.00850224 0.0129312 0.0184896 0.025041 0.0321959 0.039291 0.0455599 0.050419 0.0536525 0.0553818 0.0559039 0.0555529 0.0546404 0.0534429 0.0521944 0.0510663 0.0501272 0.0492781 0.0481925 0.0463287 0.0430844 0.0380871 0.0314759 0.0239704
 0.00542081 0.00887889 0.0135033 0.0193048 0.026137 0.0335869 0.0409526 0.0474232 0.0523791 0.0555877 0.0571724 0.057444 0.0567537 0.0554294 0.0537607 0.0519941 0.0503174 0.0488255 0.0474606 0.0459516 0.043817 0.0405045 0.0356591 0.0293907 0.0223451
 0.0056556 0.00926368 0.0140883 0.020139 0.0272595 0.0350121 0.0426556 0.0493341 0.0543921 0.0575813 0.0590275 0.0590545 0.0580301 0.0562979 0.0541613 0.0518773 0.0496455 0.0475798 0.045658 0.0436654 0.0411924 0.0377536 0.0330278 0.0271025 0.0205452
 0.00590005 0.00966556 0.0147014 0.0210163 0.0284428 0.0365156 0.0444495 0.0513388 0.0564905 0.0596411 0.0609236 0.060681 0.0593026 0.0571511 0.054544 0.0517477 0.0489688 0.0463338 0.0438487 0.041351 0.0385056 0.0349039 0.0302708 0.0246811 0.0186247
 0.00614175 0.0100606 0.0153 0.0218671 0.0295843 0.0379625 0.0461769 0.0532765 0.0585306 0.0616578 0.0627924 0.0622921 0.0605673 0.0580021 0.0549323 0.0516366 0.0483292 0.045146 0.042115 0.0391195 0.0358947 0.0321101 0.0275439 0.022266 0.016695
 0.00638657 0.0104605 0.0159053 0.0227256 0.0307321 0.039409 0.0478905 0.0551797 0.0605117 0.0635927 0.0645644 0.0638027 0.0617383 0.0587739 0.055261 0.05149 0.0476831 0.0439852 0.0404433 0.0369799 0.0333939 0.0294287 0.0249165 0.0199279 0.0148176
 0.00661636 0.0108394 0.0164854 0.0235583 0.0318572 0.0408383 0.0495908 0.0570677 0.0624672 0.0654826 0.0662668 0.0652196 0.0627988 0.0594312 0.0554861 0.0512648 0.0469951 0.0428274 0.0388234 0.0349391 0.0310287 0.0269027 0.0224435 0.0177248 0.0130447
 0.00684345 0.0112114 0.0170506 0.0243633 0.0329382 0.0422066 0.0512173 0.0588771 0.0643467 0.0673029 0.0679031 0.0665675 0.0637816 0.0600016 0.0556219 0.050961 0.0462555 0.0416606 0.0372479 0.032999 0.0288136 0.0245587 0.0201607 0.0156964 0.0114134
 0.00707364 0.0115881 0.0176218 0.0251745 0.0340228 0.0435705 0.0528245 0.0606449 0.0661585 0.0690306 0.069429 0.0677964 0.0646449 0.0604574 0.0556521 0.0505665 0.0454501 0.040466 0.0356955 0.0311402 0.0267353 0.0223926 0.018073 0.0138537 0.00993751
 0.00726509 0.0119059 0.0181121 0.025884 0.0349884 0.0448037 0.0542957 0.0622783 0.067843 0.0706421 0.0708517 0.0689365 0.0654362 0.0608608 0.0556527 0.0501682 0.0446701 0.0393317 0.0342451 0.02943 0.0248502 0.020452 0.016221 0.012231 0.00864455
 0.00744146 0.0121931 0.0185454 0.0264971 0.0358075 0.045838 0.0555263 0.0636527 0.0692793 0.0720419 0.0721149 0.0699733 0.066176 0.0612569 0.0556832 0.0498326 0.0439844 0.0383242 0.0329565 0.0279176 0.0231952 0.0187621 0.0146208 0.0108386 0.00754115
 0.00755099 0.0123727 0.0188188 0.0268878 0.0363354 0.0465128 0.056341 0.0645802 0.0702757 0.0730531 0.073082 0.0708361 0.0668752 0.0617375 0.0559006 0.0497577 0.0436067 0.0376526 0.0320194 0.0267647 0.0219 0.0174205 0.0133414 0.00972174 0.00665523
 0.00760516 0.0124587 0.0189449 0.0270618 0.0365651 0.0468062 0.0567053 0.0650194 0.0707879 0.0736282 0.0737002 0.0714666 0.0674764 0.0622599 0.0562906 0.0499644 0.0435895 0.0373889 0.0315102 0.026039 0.021015 0.016458 0.012396 0.00888148 0.00598137
 0.00767293 0.0125609 0.0190838 0.0272346 0.0367651 0.0470255 0.056937 0.0652595 0.0710367 0.0738904 0.0739829 0.0717746 0.0678058 0.0625929 0.0565945 0.0501951 0.0436993 0.0373361 0.0312705 0.025614 0.0204373 0.0157882 0.0117114 0.00825761 0.00547306
 0.00774772 0.012676 0.0192445 0.0274405 0.037009 0.0472936 0.057209 0.0655117 0.0712481 0.0740504 0.0740956 0.0718566 0.0678788 0.0626736 0.0566861 0.0502834 0.0437539 0.0373184 0.031145 0.0253616 0.0200649 0.015331 0.0112248 0.00780148 0.00509414
 0.00776392 0.0127018 0.0192824 0.0274922 0.0370756 0.0473745 0.0573015 0.0656108 0.0713474 0.0741437 0.0741794 0.071932 0.0679514 0.062752 0.0567765 0.0503845 0.0438522 0.0373884 0.0311556 0.0252866 0.0198952 0.0150808 0.0109292 0.00750545 0.00483707
 0.00780771 0.0127626 0.0193547 0.027565 0.0371357 0.0474122 0.0573151 0.0656067 0.0713368 0.0741376 0.0741849 0.0719518 0.0679852 0.0627985 0.056835 0.0504532 0.0439256 0.037454 0.031194 0.0252767 0.0198231 0.0149477 0.0107537 0.00731705 0.00466551
 0.00786283 0.0128483 0.0194759 0.0277215 0.0373205 0.04761 0.0575017 0.0657541 0.0714213 0.0741495 0.0741323 0.0718561 0.0678723 0.0626898 0.0567437 0.0503844 0.043878 0.0374206 0.0311628 0.0252329 0.0197537 0.0148479 0.0106299 0.00718536 0.00454457
 0.00788701 0.0128878 0.0195357 0.0278061 0.0374326 0.0477481 0.0576584 0.0659143 0.0715647 0.0742546 0.0741825 0.0718455 0.0678078 0.0625888 0.056628 0.0502734 0.0437835 0.0373458 0.0311028 0.025178 0.0196933 0.0147753 0.0105457 0.00709706 0.004463
 0.00789586 0.0128996 0.0195486 0.0278177 0.037441 0.0477541 0.0576667 0.0659324 0.0715989 0.0743065 0.074246 0.0719086 0.0678564 0.0626129 0.0566253 0.0502497 0.0437493 0.0373106 0.0310714 0.0251492 0.0196623 0.0147372 0.0104995 0.0070462 0.00441396
 0.0079011 0.0129069 0.0195575 0.0278264 0.0374471 0.0477548 0.0576599 0.065918 0.0715802 0.07429 0.0742402 0.0719192 0.0678838 0.0626508 0.0566637 0.0502793 0.0437655 0.0373142 0.0310661 0.0251383 0.0196466 0.0147163 0.0104732 0.00701646 0.00438447
 0.00789855 0.0128968 0.0195315 0.027774 0.0373587 0.0476275 0.0575011 0.0657458 0.0714186 0.074162 0.0741625 0.0719005 0.067924 0.0627421 0.0567921 0.0504269 0.0439141 0.0374495 0.0311796 0.0252266 0.0197102 0.0147573 0.0104949 0.0070233 0.00438186
 0.00789402 0.0128868 0.0195111 0.0277363 0.0372957 0.0475319 0.0573695 0.065581 0.0712322 0.0739741 0.0739986 0.0717855 0.0678759 0.0627673 0.0568845 0.0505705 0.0440875 0.0376304 0.0313491 0.0253719 0.0198248 0.0148402 0.0105493 0.00705478 0.00439706
 0.00790416 0.0129022 0.0195322 0.0277618 0.0373225 0.047554 0.057378 0.0655655 0.0711835 0.0738879 0.0738798 0.0716483 0.0677422 0.0626605 0.0568232 0.0505632 0.0441307 0.0377112 0.0314495 0.0254742 0.0199153 0.0149114 0.0105992 0.00708582 0.00441377
 0.00790354 0.0129001 0.019527 0.0277518 0.0373058 0.0475301 0.0573478 0.0655308 0.0711455 0.0738463 0.073832 0.0715927 0.0676802 0.0625992 0.0567744 0.0505396 0.0441413 0.0377568 0.0315226 0.0255617 0.0200028 0.0149874 0.0106575 0.00712547 0.00443766
 0.00786713 0.012841 0.0194386 0.0276286 0.0371459 0.0473377 0.0571355 0.0653193 0.0709597 0.0737083 0.073756 0.0715813 0.0677256 0.0626879 0.056892 0.0506755 0.0442894 0.0379137 0.0316841 0.0257205 0.0201493 0.0151122 0.0107547 0.00719427 0.00448164
 0.00783011 0.0127794 0.0193435 0.0274912 0.0369602 0.0471039 0.0568638 0.0650309 0.0706836 0.0734758 0.0735935 0.071506 0.0677425 0.0627893 0.0570604 0.0508887 0.0445258 0.0381557 0.0319189 0.0259383 0.0203419 0.015273 0.0108798 0.00728384 0.00454017
 0.00782057 0.0127591 0.019304 0.0274215 0.0368492 0.0469443 0.0566563 0.064786 0.0704206 0.0732199 0.0733717 0.0713432 0.0676575 0.0627914 0.0571475 0.0510477 0.0447362 0.038394 0.0321631 0.0261704 0.0205488 0.015446 0.0110149 0.00738138 0.00460471
 0.00777249 0.0126864 0.0192043 0.0272958 0.0366999 0.0467741 0.0564674 0.0645816 0.0702072 0.0730089 0.07318 0.0711904 0.067563 0.06277 0.0572061 0.0511834 0.0449361 0.0386379 0.0324268 0.0264305 0.0207856 0.015646 0.0111716 0.00749476 0.00468
 0.00776135 0.0126594 0.0191478 0.0271929 0.0365365 0.0465469 0.0561898 0.0642824 0.0699214 0.072766 0.0729969 0.0710725 0.0675096 0.0627802 0.0572799 0.0513199 0.0451301 0.0388772 0.032693 0.0267011 0.0210388 0.0158645 0.0113453 0.00762174 0.0047649
 0.00771179 0.012585 0.0190467 0.027066 0.0363849 0.0463697 0.0559841 0.0640474 0.0696644 0.0725065 0.0727638 0.0708963 0.0674125 0.0627706 0.0573539 0.0514665 0.0453353 0.039126 0.0329679 0.0269823 0.0213054 0.0160983 0.011534 0.00776142 0.00485923
 0.00770386 0.0125661 0.0190076 0.0269955 0.0362735 0.0462153 0.0557951 0.0638407 0.0694589 0.0723161 0.0725961 0.0707562 0.0673078 0.0627127 0.0573545 0.0515317 0.0454629 0.039306 0.0331846 0.0272166 0.0215369 0.0163083 0.0117086 0.00789379 0.00495047
 0.00766954 0.0125176 0.0189478 0.02693 0.0362081 0.0461508 0.0557258 0.0637572 0.0693539 0.0721906 0.0724601 0.0706251 0.0671966 0.0626331 0.0573151 0.0515389 0.0455208 0.0394134 0.0333338 0.0273935 0.0217234 0.0164856 0.0118614 0.00801317 0.00503476
 0.00764171 0.0124705 0.0188741 0.0268234 0.0360665 0.0459803 0.0555423 0.0635831 0.0692104 0.0720888 0.0723985 0.0705943 0.0671871 0.0626409 0.057342 0.0515903 0.0456017 0.0395264 0.0334766 0.0275582 0.0218969 0.0166524 0.0120072 0.00812876 0.00511753
 0.00761845 0.0124327 0.018817 0.0267423 0.0359574 0.0458413 0.055376 0.0633985 0.0690236 0.0719206 0.0722693 0.0705177 0.067166 0.0626685 0.0574069 0.051682 0.0457142 0.0396572 0.033624 0.0277179 0.0220605 0.0168085 0.0121442 0.00823839 0.00519692
 0.00760972 0.0124194 0.0187984 0.0267181 0.0359267 0.0458024 0.055326 0.0633341 0.0689423 0.0718235 0.0721627 0.0704128 0.0670771 0.0626082 0.0573825 0.0516941 0.0457586 0.039728 0.0337157 0.0278249 0.0221759 0.0169233 0.0122489 0.00832499 0.00526152
 0.00760167 0.0124079 0.018784 0.0267022 0.0359113 0.045789 0.0553147 0.0633232 0.0689282 0.0718012 0.0721275 0.0703629 0.067015 0.062542 0.0573234 0.0516533 0.0457437 0.0397417 0.0337558 0.0278862 0.0222512 0.017004 0.0123261 0.00839128 0.00531253
 0.00756902 0.012359 0.0187182 0.0266222 0.0358223 0.0456983 0.0552306 0.0632539 0.0688802 0.0717775 0.0721263 0.0703779 0.0670381 0.0625662 0.0573459 0.051676 0.0457718 0.0397808 0.0338092 0.0279532 0.0223274 0.0170826 0.0123997 0.00845365 0.00536018
 0.00756128 0.0123423 0.018686 0.0265664 0.0357367 0.0455826 0.0550934 0.0631122 0.0687548 0.0716862 0.0720786 0.0703742 0.067071 0.0626241 0.0574168 0.0517508 0.045846 0.0398539 0.0338832 0.0280297 0.0224056 0.017159 0.0124693 0.00851178 0.00540427
 0.00753095 0.0122974 0.0186263 0.0264937 0.0356534 0.0454897 0.0549903 0.0629986 0.0686342 0.0715686 0.0719796 0.0703101 0.0670532 0.0626546 0.0574885 0.0518507 0.04596 0.039971 0.0339967 0.0281364 0.0225038 0.017247 0.0125445 0.00857206 0.00544877
 0.00752584 0.0122854 0.0186016 0.0264496 0.0355844 0.0453953 0.0548769 0.0628782 0.06852 0.0714701 0.0719013 0.0702537 0.0670212 0.0626514 0.0575178 0.0519123 0.0460482 0.0400761 0.0341082 0.0282454 0.0226043 0.0173351 0.0126178 0.00862943 0.00549038
 0.00752958 0.012293 0.0186155 0.0264718 0.035615 0.0454298 0.054906 0.0628898 0.0685042 0.0714236 0.0718293 0.0701672 0.0669328 0.0625724 0.057457 0.0518758 0.0460391 0.0400934 0.0341466 0.0282974 0.0226618 0.0173911 0.0126675 0.00866975 0.00552039
 0.00751702 0.0122725 0.0185846 0.0264291 0.0355607 0.0453674 0.0548421 0.0628327 0.0684603 0.0713943 0.0718111 0.0701546 0.066922 0.0625636 0.0574541 0.0518841 0.0460627 0.0401339 0.0342025 0.0283639 0.0227321 0.0174584 0.012726 0.0087162 0.00555405
 0.00750995 0.0122637 0.0185762 0.0264241 0.0355621 0.045376 0.0548555 0.0628461 0.0684686 0.0713946 0.071803 0.070139 0.0669 0.062536 0.0574226 0.0518526 0.0460368 0.0401192 0.0342025 0.0283789 0.0227589 0.0174915 0.0127596 0.00874576 0.00557694
 0.00748858 0.0122299 0.0185275 0.0263597 0.0354836 0.0452887 0.0547687 0.0627714 0.0684166 0.0713712 0.0718074 0.0701653 0.0669401 0.0625825 0.0574699 0.0518975 0.0460786 0.0401595 0.0342436 0.0284225 0.0228047 0.0175371 0.0128015 0.00878066 0.00560315
 0.00748858 0.0122299 0.0185275 0.0263597 0.0354836 0.0452887 0.0547687 0.0627714 0.0684166 0.0713712 0.0718074 0.0701653 0.0669401 0.0625825 0.0574699 0.0518975 0.0460786 0.0401595 0.0342436 0.0284225 0.0228047 0.0175371 0.0128015 0.00878066 0.00560315
 0.00725774 0.0118614 0.0179872 0.025625 0.0345537 0.044197 0.0535933 0.0616317 0.0674504 0.0707 0.0715062 0.0702492 0.0673693 0.0632793 0.0583398 0.0528477 0.0470315 0.0410578 0.0350506 0.0291176 0.0233795 0.0179914 0.0131421 0.0090205 0.00576019
 0.00718701 0.0117195 0.0177246 0.0251802 0.03387 0.0432487 0.0524095 0.0603041 0.0661182 0.0695201 0.0706208 0.0697602 0.0673228 0.0636604 0.0590798 0.0538419 0.0481619 0.0422149 0.0361468 0.0300926 0.0241988 0.0186425 0.0136296 0.00936222 0.00598257
 0.00716403 0.0116878 0.0176845 0.0251289 0.0337929 0.0431112 0.0521569 0.0598766 0.0654798 0.0686876 0.0696769 0.0688388 0.0665726 0.0632044 0.0589842 0.0541052 0.0487231 0.0429747 0.0369946 0.0309289 0.0249497 0.0192642 0.0141066 0.00970113 0.00620471
 0.0071211 0.011619 0.0175835 0.0249917 0.0336199 0.0429082 0.0519325 0.0596353 0.0652126 0.0683702 0.0692806 0.0683555 0.0660377 0.0626995 0.0586157 0.0539664 0.0488604 0.0433731 0.0375859 0.0316166 0.0256367 0.0198751 0.0145977 0.0100605 0.0064445
 0.00714686 0.0116616 0.0176486 0.0250835 0.0337386 0.0430466 0.0520744 0.0597563 0.0652848 0.0683661 0.0691763 0.0681326 0.06569 0.0622454 0.0581081 0.053489 0.0485058 0.0432107 0.037637 0.0318491 0.0259815 0.0202525 0.0149425 0.0103346 0.00663751
 0.00716265 0.0116953 0.0177138 0.0251972 0.0339162 0.0432941 0.052381 0.0600926 0.0656075 0.0686273 0.0693327 0.0681523 0.0655562 0.0619592 0.0576926 0.052993 0.048001 0.0427777 0.0373419 0.0317218 0.0260073 0.0203832 0.0151177 0.0105038 0.00677171
 0.00708293 0.0115732 0.017545 0.0249855 0.0336754 0.0430497 0.0521693 0.0599545 0.0655766 0.068716 0.0695246 0.0684045 0.065812 0.0621639 0.0578076 0.053006 0.0479298 0.0426662 0.0372459 0.0316887 0.0260585 0.0205076 0.0152814 0.0106678 0.00690736
#pred catch len freq
 0.00361664 0.00587511 0.00886854 0.0126393 0.0172117 0.0225346 0.0284165 0.0345261 0.0404663 0.0458605 0.050408 0.0539182 0.0563332 0.0577242 0.0582572 0.0581488 0.0576327 0.0569214 0.0561281 0.0551441 0.053543 0.0506439 0.0458131 0.0388943 0.0304748
 0.00400974 0.00645837 0.00964575 0.013586 0.0182935 0.0237302 0.0297254 0.0359503 0.0419757 0.0473666 0.0517706 0.0549882 0.0570083 0.0579858 0.0581664 0.0578044 0.0571127 0.0562363 0.0552099 0.0538828 0.0518603 0.0485693 0.0435143 0.0366343 0.0285146
 0.00417957 0.00677392 0.0101903 0.0144529 0.0195543 0.025392 0.0317016 0.0380738 0.0440534 0.0492425 0.0533529 0.0562293 0.0578696 0.0584244 0.0581539 0.0573524 0.0562734 0.0550706 0.0537494 0.0521194 0.0497823 0.0462227 0.041044 0.0342652 0.0264763
 0.00438164 0.00708994 0.0106486 0.0150869 0.0204152 0.0265544 0.0332494 0.0400559 0.0464278 0.0518421 0.0559088 0.0584482 0.0595212 0.0593895 0.058416 0.0569582 0.0552972 0.0535932 0.0518455 0.0498543 0.0472262 0.043482 0.0382861 0.0317048 0.0243169
 0.00463133 0.00748848 0.0112344 0.015891 0.0214562 0.0278353 0.0347556 0.0417623 0.0483082 0.0538688 0.0580282 0.0605468 0.0614143 0.0608535 0.0592526 0.0570508 0.0546277 0.0522211 0.049873 0.0474034 0.0444366 0.0405244 0.0353684 0.029051 0.0221167
 0.00487845 0.00788365 0.0118181 0.0166994 0.0225185 0.0291667 0.0363462 0.0435674 0.0502494 0.0558475 0.0599459 0.0623182 0.0629628 0.0620925 0.0600702 0.057319 0.0542361 0.0511158 0.0480781 0.0450202 0.0416317 0.0375163 0.0324073 0.026382 0.0199285
 0.00511877 0.00826852 0.0123873 0.0174883 0.0235547 0.0304629 0.0378907 0.0453164 0.0521277 0.0577564 0.0617763 0.063965 0.064337 0.0631252 0.0607045 0.0574945 0.053882 0.0501646 0.0464984 0.0428513 0.0390035 0.0346426 0.0295527 0.0238061 0.0178247
 0.005459 0.00880053 0.0131497 0.0185061 0.0248389 0.0320093 0.0396726 0.0472765 0.0541747 0.0597726 0.0636328 0.0655404 0.0655347 0.0638832 0.0609924 0.0573 0.0531932 0.0489625 0.0447699 0.0406211 0.0363692 0.0317889 0.0267282 0.0212651 0.0157582
 0.00575986 0.00928458 0.0138688 0.0195048 0.0261465 0.0336269 0.0415593 0.0493442 0.0562996 0.0618165 0.0654642 0.0670476 0.0666318 0.0645134 0.0611279 0.0569368 0.0523405 0.0476332 0.0429814 0.0384131 0.033832 0.0290827 0.024071 0.0188849 0.0138284
 0.0060074 0.00968881 0.0144816 0.0203787 0.0273277 0.0351418 0.0433966 0.0514402 0.0585353 0.0640308 0.0674792 0.0686989 0.0677965 0.0651238 0.0611691 0.056431 0.0513282 0.0461599 0.0410953 0.0361769 0.0313436 0.0264908 0.0215676 0.0166669 0.0120435
 0.00621555 0.0100279 0.0149945 0.0211092 0.0283165 0.0364176 0.0449624 0.0532608 0.0605312 0.066081 0.0694318 0.0703907 0.0690778 0.0658834 0.06135 0.0560304 0.0503853 0.0447381 0.0392704 0.0340373 0.0290013 0.0240914 0.0192832 0.0146657 0.0104466
 0.00637764 0.010296 0.0154074 0.0217085 0.0291414 0.037495 0.0462945 0.0548155 0.0622407 0.0678471 0.071136 0.0719054 0.0702798 0.066668 0.0616434 0.0557984 0.0496349 0.043513 0.0376436 0.0321064 0.0268883 0.0219419 0.017256 0.0129066 0.00905451
 0.00651189 0.0105082 0.0157172 0.022134 0.0297014 0.0382093 0.0471796 0.0558753 0.0634558 0.0691676 0.0724814 0.0731745 0.0713652 0.0674709 0.0620846 0.0558245 0.0492223 0.0426714 0.0364177 0.030576 0.025166 0.0201655 0.0155724 0.0114458 0.00790143
 0.00665007 0.0107156 0.0159979 0.0224826 0.0301074 0.0386647 0.0476839 0.0564359 0.0640831 0.069868 0.0732481 0.0739793 0.072155 0.0681717 0.0626121 0.0560987 0.0491816 0.0422832 0.0356867 0.0295481 0.0239273 0.0188343 0.0142794 0.0103083 0.00699704
 0.00673575 0.0108544 0.0162049 0.0227691 0.0304763 0.0391048 0.0481669 0.0569221 0.0645357 0.0702687 0.0736039 0.0743148 0.0724931 0.0685145 0.0629312 0.0563381 0.0492717 0.0421608 0.0353137 0.0289263 0.0231039 0.0178952 0.013332 0.00945426 0.00630773
 0.00674115 0.0108753 0.0162595 0.0228831 0.0306786 0.039418 0.0485973 0.0574515 0.0651204 0.0708469 0.074112 0.0747063 0.0727527 0.0686579 0.0629881 0.0563298 0.049195 0.0419887 0.0350109 0.0284714 0.0225074 0.0172049 0.0126223 0.00880413 0.00577656
 0.00676147 0.0108942 0.0162632 0.0228541 0.0306052 0.0393078 0.0484845 0.0573918 0.0651711 0.0710417 0.0744442 0.0751305 0.0732024 0.0690692 0.0633188 0.0565624 0.0493275 0.0420195 0.0349319 0.0282729 0.0221918 0.0167982 0.0121734 0.00837182 0.00541048
 0.00668107 0.01078 0.0161208 0.0226966 0.0304464 0.0391538 0.0483317 0.0572347 0.0650172 0.0709223 0.0744092 0.0752261 0.0734461 0.0694372 0.0637537 0.0569959 0.0497016 0.0422962 0.0350913 0.0283083 0.0221089 0.0166177 0.0119316 0.00811388 0.00517767
 0.00644324 0.0104274 0.0156541 0.0221405 0.029845 0.0385602 0.0477987 0.0568071 0.0647263 0.0707829 0.0744221 0.0753868 0.0737502 0.0698771 0.0643084 0.0576232 0.0503413 0.0428841 0.0355744 0.0286546 0.0223099 0.0166873 0.0119013 0.0080246 0.00506953
 0.00637455 0.0102988 0.0154312 0.0217858 0.0293326 0.0378971 0.047039 0.0560478 0.0640802 0.070342 0.0742316 0.075442 0.0740127 0.0702972 0.0648399 0.0582258 0.0509751 0.0435044 0.0361339 0.0291121 0.0226406 0.0168886 0.0119917 0.00803662 0.00503895
 0.00643773 0.0103729 0.0154879 0.0217764 0.0291952 0.0375724 0.0464908 0.0552831 0.0631616 0.0693859 0.0733862 0.074846 0.0737536 0.0703893 0.0652321 0.0588301 0.0516964 0.0442579 0.0368502 0.0297378 0.0231404 0.0172484 0.0122198 0.0081588 0.00508912
 0.00651815 0.0104934 0.0156483 0.021964 0.0293812 0.0377092 0.0465143 0.0551242 0.0627695 0.0687555 0.0725762 0.0739749 0.0729709 0.0698316 0.0649832 0.0589021 0.0520369 0.0447757 0.0374449 0.0303214 0.0236489 0.0176461 0.0124979 0.00833062 0.00518077
 0.00658482 0.0105962 0.0157925 0.0221503 0.0296047 0.0379577 0.0467645 0.0553379 0.0628935 0.0687302 0.072354 0.0735437 0.072372 0.0691596 0.0643621 0.0584463 0.0518144 0.0447919 0.0376504 0.0306368 0.0239928 0.0179555 0.0127381 0.00849327 0.00527673
 0.00651684 0.0105077 0.0156999 0.0220823 0.0295939 0.0380276 0.046919 0.0555578 0.0631414 0.0689587 0.0725126 0.0735866 0.0722688 0.0689091 0.0640031 0.0580533 0.0514764 0.0445813 0.037598 0.0307258 0.0241726 0.0181657 0.0129296 0.00863942 0.00537245
 0.00651148 0.0104905 0.0156598 0.0220083 0.0294832 0.0378954 0.0468023 0.0555062 0.0631959 0.0691286 0.0727661 0.0738596 0.0724878 0.069016 0.0639723 0.057899 0.0512485 0.0443484 0.0374233 0.0306455 0.0241866 0.0182452 0.0130352 0.00873818 0.00544683
 0.00657906 0.0105834 0.0157674 0.0221083 0.0295455 0.0378911 0.046714 0.0553377 0.0629771 0.0689118 0.0726104 0.0738072 0.0725438 0.0691443 0.0641126 0.0579952 0.0512721 0.0443078 0.0373538 0.0305887 0.0241703 0.018274 0.0130942 0.00880546 0.00550486
