SBPRF35
12.7214
Curr Bio
930144
B35
881265
F35
0.171
FOFL
0.171
OFL
130341
Bzero
3.63469e+006
#pred survey bio
 3.48419e+006 3.38589e+006 3.29731e+006 3.14891e+006 2.96216e+006 2.76442e+006 2.5157e+006 2.28903e+006 2.05878e+006 1.82974e+006 1.6304e+006 1.43742e+006 1.27633e+006 1.14657e+006 1.01812e+006 882903 797631 713797 673297 634062 603370 583144 568825 548358 548660 547627 544299 536409 536151 537377 549371 550300 553549 562948 577499 573502 584795 591832 611015 625332 629677 636332 641159 647778 658831 678718 694877 698051 706677 708035 707308 749375 757565 765689 766618 747867 741919 766966 813256 837100 880014 911404 936592 2.15416e+007 1.96114e+007 1.98333e+007 2.05234e+007 2.15156e+007 2.26235e+007 2.37084e+007 2.46876e+007 2.55248e+007 2.62142e+007 2.67672e+007 2.72029e+007 2.75421e+007 2.78041e+007 2.80055e+007 2.81602e+007 2.8279e+007 2.83703e+007 2.84408e+007 2.84954e+007 2.85378e+007 2.85709e+007 2.85969e+007 2.86173e+007 2.86335e+007 2.86463e+007 2.86565e+007 2.86647e+007 2.86712e+007 2.86764e+007 2.86806e+007 2.8684e+007 2.86868e+007 2.8689e+007 2.86908e+007 2.86923e+007 2.86935e+007 2.86945e+007 2.86953e+007 2.86959e+007 2.86964e+007 2.86969e+007 2.86972e+007 2.86975e+007 2.86978e+007 2.8698e+007 2.86981e+007 2.86982e+007 2.86983e+007 2.86984e+007 2.86985e+007 2.86986e+007 2.86986e+007 2.86986e+007 2.86987e+007 2.86987e+007 2.86987e+007 2.86987e+007 2.86988e+007 2.86988e+007 2.86988e+007 2.86988e+007 2.86988e+007 2.86988e+007 2.86988e+007 2.86988e+007 2.86988e+007 2.86988e+007 2.86988e+007 2.86988e+007 2.86988e+007 2.86988e+007 2.86988e+007 2.86988e+007 2.86988e+007 2.86988e+007 2.86988e+007 2.86988e+007 2.86988e+007 2.86988e+007 2.86988e+007 2.86988e+007 2.86988e+007 2.86988e+007 2.86988e+007 2.86988e+007 2.86988e+007 2.86988e+007 2.86988e+007 2.86988e+007 2.86988e+007 2.86988e+007 2.86988e+007 2.86988e+007 2.86988e+007 2.86988e+007 2.86988e+007 2.86988e+007 2.86988e+007 2.86988e+007 0 0 0 0 0 0 0 0 0 0 0 0 0 0 0 0 0 0 0 0 0 0 0 0 0
#obs survey bio
 3.577e+006 3.46675e+006 2.94572e+006 3.44658e+006 2.63641e+006 3.26096e+006 2.97672e+006 2.91378e+006 1.37851e+006 1.51908e+006 1.13676e+006 1.41971e+006 1.32072e+006 1.23993e+006 774644 943525 766868 585468 626827 498388 641848 823402 561170 516176 461152 645884 418016 552436 409447 471108 613157 374057 518271 442269 589893 590760 591566 514653 809485 528348 754279 554409 761863 506730 650333 579960 772385 980700 726452 642440 763919 650172 773003 1.24404e+006 780773 675133 624420 846462 673776 790904 767424 1.13071e+006 1.05031e+006
#pred catch bio
 89959.8 86472.7 150374 196892 220706 282428 278087 296661 309353 294359 297892 275823 252009 251477 253568 205103 198521 156807 152455 141470 129151 121199 123561 104445 105120 105929 108164 100619 99140.7 90527 100358 98493.9 93791.8 90188.4 105811 92646.7 96811.4 87588.9 93399 102907 101843 104899 105180 103382 98131.5 103271 114572 109282 114712 115050 78779.2 107980 106639 111834 127884 117226 93216.9 78823.4 100674 86370 98547.6 105156 126811 130341 129635 129969 133416 139244 145917 152419 158200 163035 166905 169906 172176 173862 175096 175989 176628 177084 177406 177633 177792 177904 177981 178036 178073 178099 178117 178130 178139 178144 178149 178151 178153 178155 178156 178156 178157 178157 178157 178157 178157 178158 178158 178158 178158 178158 178158 178158 178158 178158 178158 178158 178158 178158 178158 178158 178158 178158 178158 178158 178158 178158 178158 178158 178158 178158 178158 178158 178158 178158 178158 178158 178158 178158 178158 178158 178158 178158 178158 178158 178158 178158 178158 178158 178158 178158 178158 178158 178158 178158 178158 178158 178158 178158 178158 178158 178158 178158 178158 178158 178158 0 0 0 0 0 0 0 0 0 0 0 0 0 0 0 0 0 0 0 0 0 0 0 0 0
#obs catch bio
 0 86128 150810 197338 220955 283629 277677 296547 310446 295178 299968 278609 254043 254179 256959 205799 199386 156893 153089 142519 129821 121051 123618 104493 105536 105685 108083 100228 99341.8 90290.1 100129 98567.5 94019 90134.8 105587 92609.1 96948.9 87509 92979.5 102929 101508 104873 105454 104066 98583.2 103676 115252 108927 114775 115416 78098.5 108018 106173 110925 126965 116951 93362.3 78618.4 101221 86446.3 98957.9 105202 126988
#pred cpue bio
 3.44506e+006 3.3479e+006 3.25902e+006 3.11036e+006 2.92392e+006 2.72641e+006 2.47831e+006 2.25206e+006 2.02235e+006 1.79405e+006 1.59539e+006 1.4033e+006 1.24316e+006 1.11438e+006 987407 854243 770473 688334 648725 610438 580618 561185 547503 527590 527908 527076 524085 516539 516316 517524 529342 530278 533409 542703 557158 553318 564436 571382 590187 604154 608303 614650 619067 625280 635987 655484 671411 674800 683515 685057 684618 726336 734785 742939 743844 725028 718610 743047 788818 812467 854673 885566 910400 2.09407e+007 1.90613e+007 1.91799e+007 1.97776e+007 2.07454e+007 2.1849e+007 2.29332e+007 2.39123e+007 2.47495e+007 2.54389e+007 2.59919e+007 2.64277e+007 2.67668e+007 2.70288e+007 2.72303e+007 2.73849e+007 2.75037e+007 2.7595e+007 2.76655e+007 2.77201e+007 2.77625e+007 2.77956e+007 2.78216e+007 2.7842e+007 2.78582e+007 2.7871e+007 2.78812e+007 2.78894e+007 2.78959e+007 2.79011e+007 2.79053e+007 2.79087e+007 2.79115e+007 2.79137e+007 2.79155e+007 2.7917e+007 2.79182e+007 2.79192e+007 2.792e+007 2.79206e+007 2.79212e+007 2.79216e+007 2.79219e+007 2.79222e+007 2.79225e+007 2.79227e+007 2.79228e+007 2.79229e+007 2.79231e+007 2.79231e+007 2.79232e+007 2.79233e+007 2.79233e+007 2.79234e+007 2.79234e+007 2.79234e+007 2.79234e+007 2.79234e+007 2.79235e+007 2.79235e+007 2.79235e+007 2.79235e+007 2.79235e+007 2.79235e+007 2.79235e+007 2.79235e+007 2.79235e+007 2.79235e+007 2.79235e+007 2.79235e+007 2.79235e+007 2.79235e+007 2.79235e+007 2.79235e+007 2.79235e+007 2.79235e+007 2.79235e+007 2.79235e+007 2.79235e+007 2.79235e+007 2.79235e+007 2.79235e+007 2.79235e+007 2.79235e+007 2.79235e+007 2.79235e+007 2.79235e+007 2.79235e+007 2.79235e+007 2.79235e+007 2.79235e+007 2.79235e+007 2.79235e+007 2.79235e+007 2.79235e+007 2.79235e+007 2.79235e+007 2.79235e+007 2.79235e+007 2.79235e+007 0 0 0 0 0 0 0 0 0 0 0 0 0 0 0 0 0 0 0 0 0 0 0 0 0
#obs cpue bio
 4.32313e+006 2.45297e+006 3.72621e+006 2.76679e+006 2.75899e+006 2.45518e+006 3.1077e+006 1.69325e+006 2.16715e+006 2.02431e+006 1.76328e+006 1.00189e+006 1.15384e+006 840453 1.14199e+006 983374 844246 818442 604864 583155 547638 551623 567079 465291 521188 675903 660624 601591 485061 717984 562209 605420 479461 762958 819240 374657 580821 653266 683389 533530 634868 580754 405350 537567 622070 794098 566614 862424 535787 746377 1.03343e+006 687543 904460 681448 827880 577277 523094 771707 753724 723987 894080 916211 942123
#pred surv len freq
 0.00427989 0.00703653 0.010755 0.0154718 0.0211043 0.0273601 0.0337177 0.039566 0.0444367 0.048153 0.0508008 0.0525927 0.0537492 0.0544459 0.0548051 0.054908 0.0548136 0.0545604 0.0541221 0.053313 0.0517107 0.048716 0.0438189 0.0369697 0.0287927
 0.00459396 0.00745803 0.0112276 0.0158958 0.0213737 0.0274159 0.0335831 0.0393342 0.0442157 0.0480045 0.0507134 0.0525059 0.0536065 0.0542415 0.0545967 0.0547907 0.0548694 0.0548085 0.0544936 0.0536671 0.0518913 0.0486222 0.0434518 0.0364262 0.0282128
 0.00465399 0.00761791 0.0115761 0.0165347 0.0223694 0.0287373 0.0350672 0.0407209 0.0452485 0.0485389 0.0507603 0.0521875 0.0530687 0.0535909 0.0538951 0.0540856 0.0542156 0.0542557 0.0540526 0.0532882 0.0514811 0.0480962 0.0427875 0.0356803 0.0274899
 0.00478626 0.00781704 0.0118519 0.0169007 0.0228572 0.0294068 0.035994 0.041951 0.0467384 0.0501222 0.0521813 0.0531951 0.0535157 0.0534755 0.0533282 0.0532232 0.0532036 0.0532053 0.053031 0.0523149 0.0505357 0.0471456 0.0418241 0.0347434 0.026652
 0.00496847 0.00811445 0.0123002 0.0175302 0.0236839 0.0304227 0.0371638 0.0432238 0.0480671 0.0514712 0.0535064 0.0544086 0.054474 0.0540153 0.0533348 0.0526816 0.0522006 0.0518855 0.0515421 0.05077 0.049004 0.0456683 0.0404401 0.033505 0.025618
 0.00513525 0.00839165 0.0127289 0.0181531 0.0245373 0.0315226 0.0384914 0.0447186 0.0496361 0.0530112 0.0549273 0.0556425 0.0554644 0.0546955 0.0536184 0.0524835 0.0514776 0.0506687 0.0499354 0.0489183 0.0470559 0.043755 0.0386721 0.031973 0.0243862
 0.00540348 0.00882097 0.0133629 0.0190288 0.0256801 0.0329371 0.0401498 0.0465541 0.0515473 0.0548768 0.0566246 0.0570642 0.0565294 0.055349 0.0538219 0.0522012 0.0506769 0.0493396 0.0481181 0.0467191 0.0446383 0.0413123 0.0363935 0.0300125 0.0228381
 0.00564968 0.0092245 0.013976 0.0199017 0.0268502 0.0344132 0.0418971 0.0484903 0.0535566 0.0568334 0.0584122 0.0585839 0.0576998 0.0561049 0.0541124 0.051988 0.0499323 0.0480514 0.046307 0.0444615 0.0420804 0.0386595 0.0338742 0.0278269 0.0211129
 0.00590536 0.00964403 0.0146149 0.0208145 0.028081 0.0359791 0.04377 0.0505892 0.0557564 0.0589873 0.0603766 0.0602366 0.0589486 0.0568872 0.0543887 0.0517326 0.0491271 0.046689 0.0444048 0.0420854 0.039366 0.0358133 0.0311425 0.0254388 0.019221
 0.0062044 0.0101277 0.0153384 0.0218284 0.0294223 0.0376574 0.0457522 0.0527916 0.0580538 0.0612331 0.0624247 0.0619575 0.0602393 0.0576752 0.054631 0.0514088 0.048231 0.0452253 0.0423981 0.0396014 0.0365356 0.0328402 0.0282776 0.0229233 0.0172217
 0.00647342 0.0105681 0.0160068 0.0227793 0.0306973 0.0392687 0.0476654 0.0549204 0.0602722 0.0633997 0.0644048 0.0636352 0.0615204 0.0584875 0.0549234 0.0511495 0.0474054 0.0438356 0.0404699 0.0372009 0.0337898 0.0299449 0.0254763 0.0204536 0.0152516
 0.0067282 0.0109926 0.0166646 0.0237356 0.0320053 0.0409477 0.0496788 0.0571681 0.0626054 0.0656506 0.0664169 0.0652823 0.0627142 0.0591747 0.0550777 0.0507618 0.0464761 0.0423744 0.0385051 0.0347973 0.0310692 0.0270939 0.0227267 0.0180325 0.0133204
 0.0069535 0.0113586 0.017216 0.0245161 0.0330526 0.0422832 0.0512936 0.0590133 0.0645905 0.0676534 0.068299 0.0669075 0.0639659 0.0599685 0.055365 0.0505242 0.0457158 0.0411075 0.036765 0.0326483 0.0286247 0.0245244 0.0202429 0.0158412 0.0115693
 0.00706057 0.0115515 0.0175412 0.0250289 0.0338046 0.0433039 0.0525733 0.0604987 0.0661971 0.0692844 0.0698594 0.0683083 0.0651221 0.060801 0.0558059 0.0505242 0.0452484 0.0401706 0.0353829 0.0308795 0.026573 0.0223431 0.0181194 0.0139586 0.0100596
 0.00715615 0.0117225 0.017828 0.0254809 0.0344717 0.0442209 0.0537429 0.0618813 0.0677123 0.0708245 0.0713084 0.0695611 0.0660984 0.0614483 0.0560939 0.0504352 0.0447716 0.0393038 0.0341414 0.0293091 0.0247616 0.0204238 0.0162553 0.0123089 0.00873806
 0.00738468 0.0120888 0.0183699 0.0262303 0.0354496 0.0454283 0.0551503 0.0634229 0.0692912 0.0723275 0.072623 0.0705914 0.0667769 0.0617415 0.0560003 0.0499752 0.0439748 0.0382001 0.032763 0.0277017 0.0229994 0.0186161 0.0145363 0.0108088 0.00754789
 0.00746192 0.0122157 0.0185639 0.0265099 0.0358329 0.0459295 0.0557757 0.0641674 0.0701372 0.0732441 0.0735656 0.0715005 0.0675809 0.0623655 0.0563787 0.0500628 0.0437515 0.0376695 0.0319488 0.0266476 0.0217735 0.0173131 0.0132691 0.00968634 0.00664821
 0.00769888 0.0125793 0.0190706 0.02716 0.0366107 0.0468048 0.0567048 0.0650948 0.0710035 0.0739974 0.0741712 0.0719427 0.0678568 0.0624754 0.0563178 0.0498199 0.0433133 0.037029 0.0311132 0.0256451 0.0206568 0.0161587 0.0121676 0.00872375 0.005884
 0.00773063 0.012632 0.0191516 0.0272766 0.0367679 0.0470037 0.056941 0.065361 0.0712934 0.0743099 0.0745092 0.0723071 0.0682384 0.0628506 0.0566495 0.0500631 0.0434229 0.0369682 0.0308618 0.0252075 0.0200661 0.015475 0.0114677 0.00808406 0.00536091
 0.00776397 0.0126911 0.0192492 0.0274271 0.0369832 0.047287 0.0572817 0.0657334 0.0716628 0.0746425 0.0747819 0.0725127 0.0683841 0.0629504 0.0567136 0.0500894 0.0433947 0.036859 0.0306464 0.0248735 0.0196241 0.014961 0.0109364 0.00759386 0.00495718
 0.00775429 0.0126778 0.0192345 0.0274159 0.0369843 0.0473127 0.0573462 0.0658494 0.0718357 0.0748655 0.0750356 0.07277 0.0686191 0.0631456 0.056862 0.0501901 0.0434453 0.0368507 0.0305647 0.0247063 0.0193714 0.0146421 0.0105877 0.00725928 0.00467376
 0.00777374 0.0126932 0.0192282 0.0273634 0.0368623 0.0471127 0.0570845 0.0655681 0.0715917 0.074713 0.0750102 0.0728797 0.068845 0.0634493 0.0571982 0.0505171 0.0437308 0.0370718 0.0307054 0.0247567 0.0193309 0.0145234 0.0104174 0.00707189 0.00450157
 0.00783536 0.0127793 0.019331 0.0274638 0.0369329 0.0471224 0.0570067 0.0653897 0.0713218 0.0743883 0.0746898 0.0726298 0.0687174 0.0634654 0.0573446 0.0507542 0.0440077 0.0373398 0.0309263 0.0249063 0.0193997 0.0145164 0.0103531 0.0069765 0.00440171
 0.00799014 0.0130191 0.0196685 0.0278995 0.0374507 0.0476859 0.0575573 0.0658511 0.0716167 0.0744611 0.0745263 0.0722642 0.0682228 0.062932 0.056854 0.0503591 0.0437242 0.0371531 0.0308043 0.024814 0.0193107 0.0144176 0.0102447 0.00686789 0.00430501
 0.00789241 0.0128779 0.0194891 0.0276992 0.0372549 0.0475218 0.0574467 0.0658064 0.0716382 0.0745356 0.0746295 0.0723675 0.0683039 0.0629841 0.0568884 0.0503986 0.0437903 0.0372539 0.0309306 0.0249443 0.019421 0.0144916 0.0102784 0.00686886 0.0042867
 0.0078096 0.0127449 0.019293 0.0274324 0.0369206 0.0471399 0.0570577 0.0654661 0.0714024 0.0744413 0.0746823 0.0725417 0.0685543 0.0632629 0.057159 0.050643 0.0440079 0.037453 0.0311178 0.0251181 0.0195722 0.0146093 0.0103572 0.0069113 0.0043022
 0.00780015 0.012721 0.0192414 0.0273351 0.0367597 0.0469049 0.0567529 0.0651153 0.0710469 0.0741319 0.0744676 0.0724549 0.0686034 0.0634288 0.0574036 0.0509231 0.0442881 0.0377124 0.0313485 0.0253181 0.0197399 0.014742 0.0104529 0.00697223 0.00433506
 0.00790024 0.0128676 0.0194312 0.0275527 0.0369788 0.0470926 0.0568749 0.0651416 0.0709595 0.0739328 0.074183 0.0721311 0.0682951 0.0631828 0.0572466 0.0508569 0.044295 0.0377664 0.0314251 0.0254 0.0198164 0.0148068 0.0105025 0.00700574 0.00435428
 0.00790959 0.0128869 0.019467 0.027612 0.0370646 0.0471992 0.0569842 0.0652255 0.0709882 0.0738858 0.074057 0.0719422 0.0680746 0.0629694 0.0570761 0.0507536 0.0442664 0.0378028 0.0315058 0.0255014 0.0199185 0.0148963 0.0105726 0.00705507 0.00438528
 0.00790905 0.0128838 0.0194587 0.0275959 0.0370403 0.0471706 0.05696 0.0652156 0.0709975 0.0739087 0.0740773 0.0719403 0.0680373 0.0628977 0.0569859 0.0506697 0.044212 0.0377919 0.0315388 0.0255669 0.0199996 0.0149766 0.0106408 0.00710604 0.00441905
 0.00785227 0.0127872 0.019306 0.0273707 0.036732 0.0467823 0.0565163 0.064763 0.0705959 0.0736159 0.0739326 0.0719541 0.0681905 0.0631503 0.0572919 0.0509912 0.0445266 0.0380908 0.0318194 0.0258262 0.020231 0.0151718 0.010794 0.00721648 0.00449164
 0.00789143 0.0128495 0.0193964 0.0274901 0.0368737 0.0469288 0.0566382 0.0648252 0.0705691 0.0734909 0.0737274 0.0717086 0.0679522 0.0629578 0.0571644 0.0509282 0.0445156 0.0381163 0.0318695 0.0258921 0.0203053 0.0152467 0.0108614 0.00727065 0.00453038
 0.00783043 0.0127659 0.0192995 0.0273983 0.0368099 0.0469115 0.0566738 0.0649042 0.0706683 0.0735796 0.0737767 0.0717022 0.0678924 0.062865 0.0570686 0.0508568 0.0444839 0.0381261 0.0319124 0.0259563 0.0203791 0.0153201 0.010927 0.00732343 0.00456857
 0.00775335 0.0126356 0.0190956 0.0271031 0.0364175 0.0464395 0.0561703 0.0644421 0.0703239 0.0734057 0.073785 0.0718637 0.0681542 0.0631721 0.0573809 0.0511542 0.0447628 0.0383891 0.0321608 0.0261866 0.0205845 0.0154937 0.0110644 0.00742453 0.00463702
 0.00767954 0.0125121 0.0189031 0.0268213 0.0360292 0.0459384 0.0555706 0.063785 0.0696773 0.0728535 0.0734085 0.0717192 0.0682561 0.0634893 0.0578496 0.0517007 0.0453236 0.0389216 0.0326419 0.0266058 0.020937 0.0157776 0.0112809 0.00757905 0.00473911
 0.00773077 0.0125975 0.0190343 0.0270066 0.0362671 0.0462095 0.0558326 0.0639778 0.0697399 0.0727474 0.0731361 0.0713272 0.0678213 0.0630937 0.0575541 0.0515306 0.0452699 0.0389543 0.0327265 0.0267136 0.0210484 0.0158803 0.0113676 0.00764621 0.00478661
 0.00769016 0.0125251 0.0189148 0.0268249 0.0360158 0.0458977 0.0554913 0.0636534 0.0694777 0.0725725 0.0730454 0.0712977 0.0678291 0.0631297 0.0576276 0.0516589 0.0454636 0.0392074 0.0330168 0.0270108 0.0213244 0.0161155 0.0115526 0.00778055 0.00487645
 0.00772558 0.0125743 0.0189723 0.0268788 0.036048 0.0458878 0.0554217 0.0635159 0.0692792 0.0723371 0.0728081 0.0710923 0.0676759 0.0630328 0.0575817 0.0516595 0.0455115 0.0393049 0.03316 0.0271861 0.0215105 0.0162903 0.0116998 0.0078925 0.00495354
 0.00770095 0.0125288 0.0188939 0.0267531 0.0358621 0.0456359 0.0551098 0.0631636 0.0689163 0.0719981 0.0725268 0.0708979 0.0675888 0.0630599 0.0577143 0.0518763 0.0457862 0.039613 0.0334818 0.0275045 0.0218087 0.0165522 0.0119129 0.00805173 0.00506207
 0.00765899 0.0124721 0.0188292 0.026692 0.0358152 0.0456053 0.0550841 0.0631207 0.068833 0.0718619 0.0723432 0.0706896 0.0673891 0.0629031 0.0576268 0.0518713 0.0458619 0.0397558 0.0336711 0.027718 0.022025 0.0167524 0.0120827 0.00818313 0.00515437
 0.00771978 0.0125608 0.0189444 0.026827 0.0359615 0.0457566 0.0552374 0.0632719 0.0689703 0.0719617 0.0723746 0.0706269 0.0672255 0.0626573 0.0573386 0.0515885 0.0456256 0.0395909 0.033584 0.0276996 0.022057 0.0168134 0.0121531 0.00824808 0.00520552
 0.00780235 0.012685 0.0191122 0.0270325 0.0361911 0.045991 0.0554544 0.0634502 0.0690943 0.0720249 0.072378 0.0705736 0.0671155 0.0624895 0.0571177 0.0513313 0.0453609 0.0393516 0.0333963 0.027576 0.0219948 0.0167991 0.0121683 0.0082758 0.0052336
 0.00782021 0.0127275 0.0192002 0.0271913 0.036442 0.0463374 0.0558722 0.0638887 0.0694897 0.0723204 0.0725397 0.0705946 0.0670102 0.0622827 0.0568361 0.0510004 0.0450069 0.0390025 0.0330805 0.0273163 0.021803 0.0166737 0.0120976 0.00824316 0.00522302
 0.00779495 0.0126911 0.0191552 0.0271461 0.0364121 0.0463455 0.0559445 0.0640464 0.0697373 0.072636 0.0728764 0.0708934 0.0672198 0.0623747 0.0568083 0.0508714 0.0448057 0.0387621 0.0328328 0.0270892 0.0216165 0.0165372 0.0120095 0.00819392 0.00519997
 0.00774867 0.012617 0.0190461 0.0269977 0.0362253 0.0461305 0.055724 0.0638557 0.0696179 0.0726247 0.0729909 0.0711236 0.0675274 0.0627032 0.0571007 0.0510866 0.0449272 0.0387967 0.0328029 0.0270232 0.0215411 0.0164715 0.0119628 0.00816683 0.00518785
 0.00764783 0.0124575 0.0188149 0.0266864 0.0358336 0.0456695 0.055221 0.0633548 0.0691757 0.0723001 0.0728333 0.0711619 0.0677616 0.0631014 0.0576046 0.0516244 0.0454322 0.039222 0.0331287 0.0272534 0.021694 0.0165699 0.0120262 0.00820881 0.00521603
 0.00745424 0.0121728 0.0184419 0.0262466 0.0353599 0.0451955 0.0547725 0.06295 0.0688298 0.0720307 0.0726627 0.0711148 0.0678587 0.0633509 0.0579938 0.0521173 0.0459745 0.0397544 0.0336015 0.0276374 0.0219823 0.0167724 0.0121612 0.00829499 0.00526901
 0.00744826 0.012142 0.0183581 0.0260752 0.0350733 0.0447926 0.0542907 0.0624582 0.0684033 0.0717215 0.0724855 0.0710551 0.0678941 0.063468 0.058191 0.0523945 0.0463208 0.0401424 0.0339923 0.0279924 0.0222747 0.0169922 0.0123133 0.00839279 0.00532781
 0.00737546 0.0120347 0.0182157 0.0259 0.0348653 0.0445433 0.053984 0.0620817 0.0679653 0.0712626 0.0720724 0.0707572 0.0677576 0.063503 0.0583777 0.0526993 0.0467087 0.0405795 0.0344438 0.0284225 0.0226517 0.0172955 0.012537 0.0085441 0.00542181
 0.00730436 0.011927 0.018069 0.0257185 0.0346594 0.0443279 0.0537748 0.0618895 0.0677911 0.0710964 0.0719019 0.0705818 0.0675971 0.0633936 0.0583561 0.0527862 0.0469019 0.0408575 0.0347738 0.0287676 0.0229773 0.0175745 0.0127543 0.00869786 0.00552061
 0.00731673 0.0119321 0.0180493 0.0256498 0.0345192 0.044107 0.0534863 0.0615687 0.0674833 0.0708403 0.0717164 0.0704642 0.0675324 0.0633686 0.0583699 0.0528501 0.0470302 0.0410553 0.0350307 0.029059 0.0232711 0.0178408 0.012972 0.00885869 0.00562781
 0.00708137 0.0115566 0.017498 0.024896 0.0335522 0.0429434 0.0521824 0.0602255 0.0662364 0.0698345 0.0710738 0.0702558 0.0677623 0.0639774 0.0592566 0.0539027 0.0481514 0.0421734 0.0360953 0.0300319 0.0241209 0.0185432 0.0135157 0.00924856 0.00588464
 0.00710842 0.011588 0.0175211 0.0248886 0.0334844 0.042783 0.0519013 0.0598065 0.0656809 0.0691706 0.0703608 0.0695797 0.0672203 0.0636523 0.0591928 0.054096 0.0485556 0.0427196 0.036712 0.030657 0.0247051 0.0190506 0.0139241 0.00955132 0.00608976
 0.00713137 0.0116237 0.0175709 0.0249504 0.0335502 0.042836 0.0519149 0.0597471 0.0655159 0.0688789 0.0699436 0.0690669 0.0666698 0.0631421 0.0588044 0.0538932 0.0485668 0.0429313 0.0370764 0.0311086 0.0251777 0.0194896 0.0142928 0.00983273 0.00628477
 0.00727795 0.0118388 0.0178516 0.0252786 0.0338977 0.0431717 0.0522101 0.0599752 0.0656497 0.0688902 0.0698078 0.0687717 0.066226 0.0625894 0.0582098 0.0533388 0.0481297 0.0426633 0.0369909 0.0311812 0.025358 0.019719 0.0145206 0.0100252 0.00642728
 0.0074958 0.0121931 0.0183826 0.0260172 0.0348511 0.0443052 0.0534344 0.0611537 0.066629 0.0695424 0.0700602 0.068613 0.0656936 0.0617536 0.0571623 0.052186 0.0469832 0.0416253 0.0361368 0.0305469 0.0249385 0.0194777 0.0144059 0.00998663 0.00642574
 0.00748484 0.0122006 0.0184413 0.0261753 0.0351623 0.0448111 0.0541452 0.0620354 0.0676025 0.0704941 0.0708631 0.0691537 0.0658972 0.0615986 0.0566807 0.051452 0.0460977 0.0406986 0.0352708 0.0298182 0.0243867 0.0191039 0.0141818 0.0098699 0.00637478
 0.00731199 0.0119205 0.0180247 0.0256044 0.0344451 0.0439988 0.0533418 0.061386 0.0672543 0.0705452 0.071324 0.069941 0.0668603 0.0625652 0.0575028 0.0520386 0.046426 0.0408051 0.0352287 0.0297099 0.0242795 0.0190358 0.014161 0.0098842 0.00640508
 0.00715585 0.0116533 0.0175986 0.0249683 0.033559 0.0428563 0.0519938 0.0599512 0.0659082 0.0694864 0.070728 0.0699142 0.0674074 0.0635834 0.0588103 0.0534263 0.0477138 0.0418801 0.0360548 0.0303106 0.0247081 0.0193469 0.0143936 0.0100592 0.00653224
 0.00718852 0.0116975 0.0176466 0.0250015 0.0335457 0.0427515 0.051745 0.0595123 0.0652623 0.0686691 0.0698385 0.0691014 0.0668312 0.0633641 0.0589863 0.0539411 0.0484387 0.0426623 0.0367675 0.030883 0.0251267 0.0196359 0.014589 0.010192 0.00662239
 0.00708019 0.0115325 0.0174187 0.024712 0.0332016 0.0423625 0.05132 0.0590577 0.0647798 0.0681592 0.0693092 0.068583 0.0663859 0.06308 0.0589517 0.0542072 0.0489909 0.0434185 0.0376056 0.0316834 0.0258064 0.0201608 0.0149647 0.0104449 0.0067837
 0.00700619 0.0114177 0.0172564 0.0245007 0.0329453 0.0420717 0.0510111 0.0587498 0.0644884 0.0678892 0.0690528 0.0683266 0.0661253 0.0628355 0.0587733 0.0541616 0.0491342 0.0437656 0.0381173 0.0322786 0.026393 0.0206671 0.0153552 0.0107182 0.00695916
 0.00690803 0.0112701 0.0170569 0.0242546 0.0326648 0.0417723 0.0507101 0.0584648 0.0642361 0.0676817 0.0688944 0.0682115 0.0660405 0.0627694 0.0587267 0.0541561 0.0492077 0.0439552 0.0384362 0.0327024 0.0268653 0.021121 0.0157379 0.0110047 0.00715142
#obs surv len freq
 nan nan nan nan nan nan nan nan nan nan nan nan nan nan nan nan nan nan nan nan nan nan nan nan nan
 0.00448756 0.00735011 0.011181 0.0159977 0.0216978 0.0279721 0.0342845 0.0400142 0.0446925 0.0481555 0.0505129 0.0520084 0.0529005 0.0534128 0.0537271 0.0539819 0.0542605 0.0545532 0.054692 0.0542839 0.052722 0.0493543 0.0438043 0.0362846 0.0276686
 0.00461736 0.00756389 0.0115075 0.0164641 0.0223231 0.0287563 0.0351987 0.0409978 0.0456624 0.0490232 0.0512013 0.0524634 0.0530952 0.0533475 0.0534245 0.0534795 0.0536016 0.0537805 0.0538442 0.053398 0.0518368 0.0485129 0.0430515 0.0356585 0.0271901
 0.00477309 0.00781998 0.0118984 0.0170241 0.0230798 0.0297197 0.0363498 0.0422824 0.0469961 0.0503036 0.052324 0.0533352 0.0536454 0.0535352 0.0532421 0.05295 0.0527712 0.0527094 0.0525991 0.0520492 0.0504594 0.0471872 0.0418573 0.0346615 0.0264267
 0.00496814 0.00813687 0.0123752 0.0176963 0.0239746 0.0308458 0.0376866 0.043775 0.0485605 0.0518401 0.0537294 0.0545108 0.054503 0.0540035 0.0532744 0.0525309 0.051919 0.0514739 0.0510568 0.0502983 0.0486158 0.0453784 0.0402088 0.0332761 0.0253619
 0.00519188 0.00850213 0.0129276 0.0184792 0.02502 0.0321618 0.0392435 0.0455018 0.0503555 0.0535906 0.0553286 0.0558657 0.0555335 0.0546404 0.0534599 0.0522242 0.0511045 0.0501702 0.0493237 0.0482394 0.0463752 0.0431287 0.038127 0.0315092 0.0239959
 0.00541295 0.00886801 0.0134903 0.0192912 0.0261242 0.0335745 0.040938 0.0474022 0.0523479 0.0555454 0.0571219 0.0573918 0.0567081 0.0553977 0.0537475 0.0520004 0.0503409 0.0488621 0.047506 0.0460016 0.0438682 0.0405538 0.0357036 0.0294279 0.0223737
 0.00564565 0.0092474 0.0140638 0.0201049 0.0272157 0.0349607 0.0426012 0.0492824 0.0543483 0.0575471 0.0590012 0.0590328 0.0580111 0.0562827 0.054154 0.0518827 0.0496669 0.0476176 0.0457097 0.0437265 0.0412579 0.0378181 0.0330866 0.0271519 0.0205831
 0.00587929 0.00962996 0.0146446 0.0209315 0.028325 0.0363647 0.0442727 0.0511512 0.0563123 0.0594924 0.0608191 0.0606271 0.0592974 0.0571867 0.0546109 0.0518379 0.0490774 0.0464581 0.0439861 0.0414975 0.0386547 0.0350473 0.0304 0.0247888 0.0187071
 0.00612558 0.0100347 0.0152616 0.0218134 0.0295122 0.0378691 0.0460605 0.053138 0.0583758 0.061498 0.0626434 0.0621714 0.0604892 0.0579741 0.054954 0.0517014 0.0484279 0.0452695 0.0422559 0.0392713 0.0360501 0.0322605 0.0276801 0.02238 0.0167824
 0.00638481 0.0104574 0.0159001 0.0227174 0.0307193 0.0393897 0.0478623 0.0551394 0.060456 0.063519 0.0644733 0.0636997 0.061634 0.0586829 0.0551973 0.0514632 0.0476962 0.0440349 0.0405224 0.0370797 0.0335049 0.0295412 0.0250211 0.0200171 0.0148867
 0.00662251 0.0108481 0.0164961 0.0235696 0.031867 0.0408444 0.0495914 0.0570609 0.0624512 0.0654553 0.0662257 0.0651634 0.0627287 0.0593526 0.0554086 0.0512004 0.0469551 0.0428189 0.0388474 0.0349911 0.0311003 0.0269833 0.022523 0.0177948 0.0131
 0.00683035 0.0111922 0.0170254 0.0243335 0.032906 0.0421739 0.0511856 0.0588469 0.0643184 0.067277 0.0678798 0.0665461 0.0637607 0.0599797 0.0555991 0.0509403 0.0462429 0.0416635 0.0372718 0.0330452 0.0288784 0.0246341 0.0202369 0.0157646 0.0114679
 0.00704784 0.0115474 0.0175631 0.0250964 0.0339263 0.0434604 0.0527096 0.0605373 0.0660704 0.0689712 0.0694017 0.0677987 0.0646707 0.0604988 0.0557021 0.05062 0.0455051 0.0405241 0.0357598 0.0312134 0.0268171 0.0224789 0.0181566 0.0139273 0.00999588
 0.00728007 0.011927 0.0181377 0.0259103 0.03501 0.0448153 0.0542934 0.0622604 0.0678107 0.0705992 0.0708039 0.0688899 0.0653957 0.0608289 0.0556297 0.0501529 0.0446615 0.0393297 0.034251 0.0294455 0.024876 0.0204863 0.0162597 0.0122687 0.00867668
 0.00744958 0.0122082 0.0185714 0.0265379 0.0358652 0.0459106 0.0556057 0.0637255 0.0693312 0.0720625 0.072101 0.0699295 0.066112 0.0611839 0.0556106 0.049767 0.043929 0.0382804 0.0329247 0.0278981 0.0231879 0.0187655 0.0146322 0.0108539 0.00755651
 0.00754535 0.0123655 0.0188117 0.026884 0.0363392 0.0465289 0.0563727 0.064628 0.0703357 0.0731163 0.0731365 0.0708705 0.0668825 0.0617178 0.05586 0.0497056 0.0435525 0.0376033 0.0319793 0.0267358 0.0218825 0.0174133 0.0133424 0.00972773 0.00666313
 0.00758447 0.0124259 0.0188971 0.0269978 0.0364861 0.0467172 0.0566159 0.064943 0.0707387 0.0736162 0.0737276 0.0715268 0.067556 0.0623433 0.0563644 0.0500216 0.0436294 0.0374153 0.0315287 0.0260543 0.0210302 0.0164743 0.0124129 0.00889755 0.00599516
 0.00767823 0.0125645 0.0190802 0.0272157 0.0367226 0.0469548 0.0568405 0.0651472 0.0709245 0.073796 0.0739214 0.0717551 0.0678293 0.062652 0.0566759 0.0502838 0.0437825 0.0374064 0.0313262 0.0256571 0.0204712 0.015816 0.0117345 0.00827654 0.00548775
 0.00771109 0.0126214 0.0191713 0.0273507 0.0369061 0.0471803 0.057087 0.0653831 0.0711182 0.0739297 0.0739988 0.0718 0.0678743 0.062725 0.0567872 0.0504196 0.0439066 0.0374698 0.031282 0.0254773 0.0201578 0.0154029 0.0112786 0.00784035 0.00512088
 0.00777182 0.0127099 0.0192861 0.027485 0.037051 0.0473297 0.0572391 0.065538 0.0712722 0.0740715 0.0741121 0.0718709 0.067901 0.0627199 0.0567715 0.0504113 0.0439085 0.0374655 0.0312413 0.0253695 0.0199675 0.0151389 0.010973 0.00753659 0.00485798
 0.0078217 0.0127874 0.0193955 0.0276263 0.037219 0.0475124 0.0574188 0.0656945 0.0713897 0.074144 0.0741442 0.0718728 0.0678815 0.0626849 0.0567255 0.0503601 0.0438578 0.0374149 0.0311811 0.025283 0.0198397 0.0149673 0.0107715 0.00733102 0.00467535
 0.00784806 0.0128258 0.0194452 0.027684 0.0372801 0.047573 0.0574765 0.065748 0.0714372 0.0741832 0.0741728 0.0718903 0.0678905 0.0626892 0.0567284 0.0503627 0.0438591 0.0374118 0.0311676 0.0252504 0.0197794 0.0148761 0.0106557 0.00720589 0.00455907
 0.00786576 0.0128524 0.0194808 0.0277271 0.0373272 0.0476191 0.057516 0.065776 0.0714514 0.0741845 0.0741658 0.0718809 0.0678835 0.0626871 0.0567317 0.0503705 0.0438692 0.0374207 0.0311702 0.0252403 0.0197508 0.0148263 0.010588 0.00712928 0.00448529
 0.00791601 0.0129284 0.0195845 0.027856 0.0374745 0.0477746 0.0576663 0.065906 0.0715463 0.0742336 0.0741653 0.0718349 0.0678027 0.0625855 0.0566228 0.0502649 0.0437733 0.0373367 0.0310967 0.0251735 0.019686 0.0147603 0.0105205 0.00706369 0.00442702
 0.00788851 0.0128908 0.019541 0.0278147 0.0374451 0.0477644 0.0576776 0.0659353 0.071587 0.0742785 0.0742086 0.0718729 0.0678332 0.0626078 0.0566377 0.0502744 0.0437795 0.0373411 0.0310991 0.025172 0.0196781 0.014744 0.0104964 0.00703466 0.00439766
 0.00787668 0.0128616 0.0194796 0.0277036 0.0372711 0.047529 0.0574034 0.0656638 0.0713652 0.0741429 0.074174 0.071932 0.0679642 0.0627839 0.0568342 0.0504718 0.0439648 0.0375063 0.0312397 0.0252857 0.0197639 0.0148027 0.0105306 0.00704962 0.00439984
 0.00790486 0.0129007 0.0195252 0.0277453 0.0372934 0.0475129 0.0573316 0.065527 0.0711694 0.0739127 0.073949 0.0717548 0.0678653 0.062773 0.0569002 0.0505912 0.0441112 0.0376573 0.0313796 0.0254051 0.0198583 0.0148711 0.0105752 0.00707466 0.00441098
 0.00789618 0.0128928 0.0195242 0.0277597 0.0373297 0.0475706 0.0573988 0.0655813 0.0711845 0.0738691 0.0738429 0.0716018 0.0676972 0.0626265 0.0568047 0.0505598 0.0441392 0.0377275 0.0314707 0.0254983 0.0199405 0.0149355 0.0106203 0.00710256 0.00442579
 0.00786084 0.012833 0.0194308 0.0276248 0.0371513 0.0473581 0.0571751 0.065379 0.0710346 0.0737881 0.0738271 0.0716323 0.0677521 0.0626929 0.0568824 0.0506566 0.0442623 0.0378763 0.0316352 0.0256626 0.020089 0.0150574 0.0107111 0.00716394 0.00446322
 0.00785646 0.0128204 0.0194017 0.0275677 0.0370542 0.0472126 0.0569821 0.0651514 0.0707973 0.0735734 0.0736663 0.0715464 0.0677453 0.0627536 0.0569906 0.0507937 0.0444163 0.038041 0.0318054 0.0258305 0.0202441 0.0151895 0.0108139 0.0072365 0.00450954
 0.00783643 0.0127886 0.019355 0.0275031 0.0369683 0.0471019 0.0568436 0.064985 0.0706082 0.0733746 0.0734785 0.0713951 0.0676544 0.0627376 0.0570502 0.0509167 0.0445829 0.0382308 0.0320016 0.0260201 0.0204165 0.0153362 0.0109296 0.00732016 0.0045645
 0.00780769 0.0127408 0.0192811 0.0273966 0.0368252 0.0469236 0.056639 0.0647697 0.0704006 0.0731909 0.0733302 0.0712899 0.0675988 0.0627385 0.0571126 0.0510399 0.0447581 0.0384418 0.0322284 0.0262433 0.02062 0.0155089 0.0110656 0.00741888 0.00463005
 0.00779328 0.0127165 0.0192428 0.0273396 0.0367449 0.0468167 0.0565053 0.0646137 0.0702317 0.0730225 0.0731772 0.0711661 0.0675149 0.062701 0.0571251 0.0511032 0.0448696 0.0385939 0.032408 0.0264333 0.0208031 0.0156704 0.0111962 0.00751562 0.00469537
 0.00774037 0.0126314 0.0191168 0.0271659 0.0365212 0.0465478 0.0562061 0.0643082 0.069949 0.0727896 0.0730141 0.071083 0.0675131 0.0627752 0.0572655 0.0512976 0.0451046 0.0388558 0.0326819 0.0267032 0.0210527 0.0158857 0.0113683 0.00764219 0.0047805
 0.00770991 0.0125778 0.0190288 0.027031 0.0363287 0.0462945 0.0559005 0.0639724 0.0696146 0.0724911 0.0727815 0.0709374 0.0674645 0.0628228 0.0573993 0.0515018 0.0453606 0.039144 0.0329828 0.0269983 0.0213247 0.0161204 0.0115565 0.00778132 0.00487466
 0.00770671 0.0125706 0.0190137 0.0270022 0.0362783 0.0462133 0.0557801 0.0638081 0.0694089 0.0722562 0.0725393 0.0707161 0.0672923 0.0627214 0.0573802 0.0515647 0.0454954 0.0393336 0.0332069 0.0272353 0.0215543 0.0163256 0.0117254 0.00790887 0.00496254
 0.00767941 0.0125318 0.0189657 0.0269499 0.0362275 0.0461673 0.055737 0.0637607 0.0693469 0.0721706 0.0724268 0.0705819 0.0671512 0.0625949 0.0572912 0.0515314 0.0455264 0.0394265 0.0333493 0.0274085 0.021737 0.0164982 0.0118731 0.00802356 0.00504325
 0.00763512 0.0124627 0.0188676 0.0268219 0.0360736 0.0459976 0.0555678 0.0636114 0.0692346 0.0721031 0.0723996 0.0705816 0.0671628 0.0626095 0.05731 0.0515638 0.045585 0.0395204 0.0334792 0.027566 0.0219068 0.0166625 0.0120166 0.00813683 0.00512399
 0.00760991 0.0124204 0.0188016 0.0267258 0.0359432 0.0458335 0.0553787 0.0634146 0.0690528 0.0719588 0.072309 0.0705501 0.0671842 0.0626698 0.0573932 0.0516588 0.0456881 0.0396342 0.0336077 0.0277088 0.0220575 0.0168095 0.0121472 0.00824203 0.00520032
 0.00760729 0.0124132 0.0187852 0.0266938 0.0358884 0.0457501 0.0552648 0.0632736 0.0688945 0.0717981 0.0721643 0.0704394 0.0671209 0.0626588 0.0574301 0.0517326 0.0457863 0.0397471 0.0337298 0.0278371 0.0221879 0.0169351 0.0122596 0.00833388 0.00526818
 0.00758451 0.0123811 0.0187459 0.0266515 0.0358476 0.0457126 0.0552275 0.0632295 0.0688359 0.0717211 0.0720719 0.0703416 0.0670325 0.0625953 0.0574028 0.0517457 0.0458367 0.0398265 0.0338284 0.0279459 0.0222993 0.017042 0.0123551 0.00841231 0.00532677
 0.00757276 0.0123616 0.0187158 0.0266091 0.0357928 0.0456492 0.0551628 0.0631728 0.0687939 0.0716944 0.0720542 0.0703238 0.0670084 0.0625655 0.0573753 0.0517316 0.0458452 0.0398615 0.0338875 0.0280226 0.0223849 0.0171277 0.0124333 0.00847738 0.00537589
 0.00754907 0.0123254 0.0186658 0.0265454 0.035717 0.0455639 0.0550722 0.0630829 0.0687129 0.0716314 0.0720159 0.0703126 0.0670204 0.0625931 0.0574108 0.0517714 0.0458905 0.0399158 0.0339537 0.0280999 0.0224685 0.0172107 0.0125085 0.0085395 0.00542243
 0.00753747 0.0123055 0.0186339 0.0264978 0.0356514 0.0454808 0.0549764 0.0629832 0.0686199 0.0715544 0.0719617 0.0702845 0.0670188 0.0626156 0.0574525 0.0518261 0.0459528 0.0399829 0.0340248 0.0281745 0.022545 0.0172851 0.0125758 0.00859516 0.00546427
 0.00754221 0.0123128 0.0186441 0.0265104 0.0356646 0.045491 0.0549787 0.0629721 0.0685918 0.0715096 0.0719048 0.0702233 0.0669622 0.0625707 0.0574237 0.0518145 0.0459571 0.0400003 0.0340527 0.0282107 0.022587 0.0173297 0.0126189 0.00863297 0.00549399
 0.00752197 0.0122836 0.018607 0.0264688 0.0356232 0.0454546 0.0549501 0.0629519 0.0685782 0.0714993 0.0718946 0.0702112 0.0669488 0.062559 0.0574182 0.0518189 0.0459734 0.0400282 0.0340902 0.0282547 0.0226342 0.0173765 0.012662 0.00866934 0.00552196
 0.00751159 0.0122633 0.0185705 0.0264092 0.0355357 0.0453404 0.0548192 0.062822 0.0684693 0.0714267 0.0718642 0.0702192 0.0669857 0.0626142 0.0574831 0.0518888 0.0460462 0.0401033 0.0341664 0.02833 0.0227058 0.0174413 0.0127171 0.00871305 0.00555392
 0.00749402 0.0122373 0.0185358 0.0263663 0.035485 0.0452808 0.0547481 0.0627375 0.0683738 0.0713288 0.0717781 0.07016 0.0669632 0.06263 0.0575311 0.0519588 0.0461283 0.0401899 0.0342528 0.0284129 0.0227824 0.0175089 0.0127736 0.00875705 0.00558558
 0.00747234 0.0122018 0.0184823 0.0262915 0.0353878 0.0451642 0.0546201 0.0626102 0.068259 0.0712356 0.071711 0.0701209 0.066954 0.0626529 0.0575865 0.0520437 0.0462351 0.0403086 0.0343736 0.0285279 0.0228858 0.0175971 0.0128446 0.00881053 0.00562292
 0.00747234 0.0122018 0.0184823 0.0262915 0.0353878 0.0451642 0.0546201 0.0626102 0.068259 0.0712356 0.071711 0.0701209 0.066954 0.0626529 0.0575865 0.0520437 0.0462351 0.0403086 0.0343736 0.0285279 0.0228858 0.0175971 0.0128446 0.00881053 0.00562292
 0.00721859 0.0117984 0.0178938 0.0254956 0.0343853 0.0439912 0.0533583 0.0613832 0.06721 0.0704913 0.0713509 0.0701641 0.0673637 0.0633542 0.0584873 0.0530519 0.0472704 0.0413075 0.0352889 0.029328 0.0235527 0.0181253 0.0132395 0.00908712 0.00580286
 0.0073363 0.0119543 0.0180619 0.0256275 0.0344198 0.0438727 0.0530546 0.060896 0.0665762 0.0697788 0.0706479 0.0695633 0.0669435 0.0631612 0.0585284 0.0532977 0.0476671 0.0417917 0.0358008 0.0298186 0.0239873 0.0184837 0.0135148 0.00928357 0.00593229
 0.00727999 0.0118875 0.018005 0.0256088 0.0344605 0.0439666 0.0531562 0.060929 0.0664638 0.0694793 0.070177 0.0689913 0.0663724 0.0626937 0.0582415 0.0532274 0.0478062 0.042098 0.0362122 0.0302694 0.024421 0.0188606 0.013814 0.00950135 0.00607743
 0.00728981 0.011897 0.0180088 0.0256019 0.0344442 0.0439543 0.0531717 0.0609942 0.066578 0.0696049 0.0702464 0.0689373 0.066164 0.0623568 0.0578509 0.0528766 0.047573 0.0420211 0.0362863 0.0304559 0.0246662 0.019113 0.0140363 0.00967406 0.00619752
 0.00735381 0.0120074 0.0181853 0.0258635 0.0348009 0.0443963 0.0536642 0.0614822 0.0670023 0.0699193 0.0704228 0.0689586 0.0660177 0.0620386 0.0573799 0.0523053 0.0469808 0.0414918 0.0358812 0.0301981 0.0245419 0.0190852 0.0140625 0.00971955 0.00624084
 0.00733168 0.0119792 0.0181581 0.0258509 0.034822 0.0444727 0.0538138 0.0617121 0.0673027 0.0702597 0.0707577 0.0692377 0.0661974 0.0620896 0.0572902 0.0520842 0.0466613 0.0411281 0.0355356 0.029922 0.0243604 0.0189946 0.0140388 0.00973288 0.00626667
 0.00715931 0.0117034 0.017753 0.0253002 0.0341281 0.0436679 0.052969 0.0609325 0.0667051 0.0699401 0.0707622 0.0695514 0.0667521 0.0627856 0.0580223 0.0527647 0.0472352 0.0415779 0.035876 0.0301853 0.024579 0.0191877 0.01421 0.00987609 0.00637563
 0.00699498 0.0114229 0.0173072 0.0246381 0.0332119 0.0424962 0.051598 0.0594811 0.0653373 0.0688295 0.0700542 0.0693338 0.067039 0.0635172 0.05908 0.0540001 0.0485038 0.0427666 0.0369167 0.0310533 0.0252792 0.0197383 0.0146304 0.0101836 0.00658691
 0.00701091 0.0114359 0.0173012 0.0245849 0.0330723 0.0422244 0.0511512 0.0588344 0.0645004 0.0678611 0.0690633 0.0684616 0.0664257 0.0632636 0.0592203 0.0544942 0.0492528 0.043644 0.037803 0.0318607 0.02596 0.0202786 0.0150376 0.0104749 0.00678315
 0.00696061 0.0113638 0.0172097 0.0244803 0.032959 0.0420982 0.0509936 0.058613 0.064178 0.0674107 0.0684854 0.067798 0.0657613 0.0627116 0.058892 0.0544639 0.0495324 0.0441801 0.0384968 0.0326007 0.0266524 0.0208639 0.0154921 0.0108016 0.00700094
 0.006926 0.0113073 0.0171249 0.0243627 0.0328089 0.0419229 0.0508077 0.058433 0.0640117 0.0672482 0.0682987 0.067555 0.0654473 0.0623488 0.0585433 0.0542167 0.0494669 0.0443364 0.0388588 0.0331029 0.0272058 0.0213862 0.0159279 0.0111286 0.00722346
 0.00690286 0.011273 0.0170791 0.0243066 0.0327439 0.0418496 0.0507253 0.0583411 0.0639121 0.0671438 0.0681907 0.0674369 0.0653053 0.0621694 0.0583288 0.0539965 0.0492958 0.0442754 0.0389474 0.0333392 0.0275465 0.0217651 0.0162816 0.0114153 0.0074288
#pred catch len freq
 0.00315214 0.0051349 0.00778151 0.011147 0.015276 0.0201515 0.0256343 0.0314589 0.0372903 0.0427942 0.0476863 0.0517671 0.054947 0.0572447 0.0587563 0.0596175 0.0599763 0.0599628 0.059621 0.0587986 0.0570627 0.053771 0.0483707 0.0408117 0.0317854
 0.00339096 0.00545813 0.0081501 0.0114904 0.0155193 0.0202538 0.0256129 0.0313778 0.0372187 0.0427611 0.0476645 0.0516974 0.0547854 0.0570022 0.0585074 0.0594709 0.060023 0.0602229 0.0600177 0.0591762 0.0572491 0.0536553 0.0479544 0.0402024 0.0311381
 0.00347154 0.00562755 0.00847046 0.0120284 0.0163124 0.0212676 0.0267201 0.032387 0.037949 0.0431197 0.0476731 0.0514518 0.0543874 0.0565178 0.0579733 0.0589272 0.0595285 0.0598346 0.059749 0.0589715 0.0570021 0.0532666 0.0473919 0.0395215 0.0304499
 0.00360611 0.00583251 0.00875873 0.0124171 0.0168359 0.0219854 0.027703 0.0336722 0.0394831 0.0447294 0.0491007 0.0524498 0.0548148 0.0563784 0.0573815 0.0580401 0.0584931 0.0587638 0.0587119 0.0579869 0.0560449 0.0522974 0.046399 0.0385453 0.029569
 0.00377448 0.00610252 0.0091575 0.012966 0.0175465 0.0228561 0.0287198 0.0348174 0.0407442 0.0460933 0.0505236 0.0538215 0.0559555 0.0570884 0.0575205 0.0575843 0.0575339 0.0574587 0.0572218 0.0564339 0.0545016 0.0508041 0.0449925 0.0372782 0.0285035
 0.00395991 0.0064018 0.00960476 0.0135938 0.0183824 0.023915 0.0299931 0.0362652 0.0422966 0.0476637 0.0520264 0.055181 0.0570977 0.057923 0.0579366 0.0574755 0.0568457 0.0562221 0.0555507 0.0544881 0.0524443 0.0487778 0.043116 0.0356486 0.0271901
 0.00420284 0.00678653 0.0101661 0.0143608 0.0193779 0.0251524 0.0314686 0.0379473 0.0441202 0.0495313 0.0538186 0.0567742 0.0583824 0.0588135 0.0583659 0.0573852 0.0561866 0.0549756 0.0537577 0.052264 0.0499671 0.0462565 0.0407536 0.0336096 0.0255758
