SBPRF35
7.78865
Curr Bio
591409
B35
665104
F35
0.227383
FOFL
0.209731
OFL
96904.2
Bzero
2.22533e+006
#pred survey bio
 3.53159e+006 3.16506e+006 2.82697e+006 2.49187e+006 2.20119e+006 1.93398e+006 1.67343e+006 1.4884e+006 1.29894e+006 1.16135e+006 1.04871e+006 928642 840442 751998 709176 673809 651654 637289 619360 601909 579664 572323 550247 554080 565285 566174 568072 564845 565491 568412 562902 535758 517012 507167 508941 513254 518846 525634 526762 533737 538327 546188 555246 563088 564168 573041 581283 578789 580276 570769 565418 558390 550945 544724 591228 2.15466e+007 1.35722e+007 1.41859e+007 1.48075e+007 1.53895e+007 1.58922e+007 1.63024e+007 1.66245e+007 1.68707e+007 1.70557e+007 1.71934e+007 1.72954e+007 1.73709e+007 1.74267e+007 1.74683e+007 1.74993e+007 1.75225e+007 1.754e+007 1.75533e+007 1.75633e+007 1.7571e+007 1.75768e+007 1.75813e+007 1.75848e+007 1.75874e+007 1.75894e+007 1.7591e+007 1.75922e+007 1.75931e+007 1.75938e+007 1.75944e+007 1.75948e+007 1.75951e+007 1.75954e+007 1.75956e+007 1.75957e+007 1.75959e+007 1.7596e+007 1.7596e+007 1.75961e+007 1.75961e+007 1.75962e+007 1.75962e+007 1.75962e+007 1.75962e+007 1.75962e+007 1.75962e+007 1.75963e+007 1.75963e+007 1.75963e+007 1.75963e+007 1.75963e+007 1.75963e+007 1.75963e+007 1.75963e+007 1.75963e+007 1.75963e+007 1.75963e+007 1.75963e+007 1.75963e+007 1.75963e+007 1.75963e+007 1.75963e+007 1.75963e+007 1.75963e+007 1.75963e+007 1.75963e+007 1.75963e+007 1.75963e+007 1.75963e+007 1.75963e+007 1.75963e+007 1.75963e+007 1.75963e+007 1.75963e+007 1.75963e+007 1.75963e+007 1.75963e+007 1.75963e+007 1.75963e+007 1.75963e+007 1.75963e+007 1.75963e+007 1.75963e+007 1.75963e+007 1.75963e+007 1.75963e+007 1.75963e+007 1.75963e+007 1.75963e+007 1.75963e+007 1.75963e+007 1.75963e+007 1.75963e+007 1.75963e+007 1.75963e+007 1.75963e+007 1.75963e+007 1.75963e+007 1.75963e+007 0 0 0 0 0 0 0 0 0 0 0 0 0 0 0 0 0 0 0 0 0 0 0 0 0
#obs survey bio
 2.77946e+006 2.80153e+006 2.38434e+006 1.72558e+006 2.49782e+006 1.55567e+006 1.25132e+006 936228 1.02576e+006 1.52515e+006 1.32451e+006 790178 804233 696340 656118 435374 728704 648491 554079 579962 573968 661095 411718 427794 682785 511758 581359 470717 721721 493202 746644 683140 480126 614933 306249 609679 700878 572658 499563 526988 454774 579424 603278 446551 528040 435168 819274 660705 544213 450501 517383 759900 458841 709219 656162
#pred catch bio
 254779 263798 297939 291793 301086 320892 273441 290845 251944 231222 234937 203436 198783 155143 145702 131987 123195 124392 122358 124189 109436 119821 97094.2 91635.8 100373 98392 100570 94410.8 89157.1 91915.3 104525 93633.2 87526.5 82045.8 83867.5 85013.1 85222.9 90858 86764.2 89727.7 88099.4 88206 89942.6 96015.3 90259.2 92352.9 102165 99098.4 109138 107027 110265 112547 114982 78226.4 103685 96904.2 109003 113166 117227 121088 124371 126943 128853 130216 131160 131799 132224 132502 132683 132798 132872 132919 132948 132967 132978 132986 132990 132993 132995 132996 132996 132997 132997 132997 132997 132997 132997 132997 132997 132997 132997 132997 132997 132997 132997 132997 132997 132997 132997 132997 132997 132997 132997 132997 132997 132997 132997 132997 132997 132997 132997 132997 132997 132997 132997 132997 132997 132997 132997 132997 132997 132997 132997 132997 132997 132997 132997 132997 132997 132997 132997 132997 132997 132997 132997 132997 132997 132997 132997 132997 132997 132997 132997 132997 132997 132997 132997 132997 132997 132997 132997 132997 132997 132997 132997 0 0 0 0 0 0 0 0 0 0 0 0 0 0 0 0 0 0 0 0 0 0 0 0 0
#obs catch bio
 234028 264347 300104 294204 304458 328420 279878 300883 261231 237112 239588 206359 201726 156706 146910 133684 124296 124996 123776 125634 110562 120944 98109.1 92551 101454 99681.9 101765 95323.4 89612.9 92157.3 104561 93081.1 86859 81210.9 83675.9 84685.9 84805.1 90465.2 86612.6 89535.2 88023.2 88195.7 89658.1 95891.8 89835.9 92136.4 102234 98553.9 108795 106483 109871 111405 115173 77630.5 103866
#pred cpue bio
 3.46035e+006 3.09585e+006 2.75933e+006 2.42536e+006 2.136e+006 1.87008e+006 1.6114e+006 1.42769e+006 1.24078e+006 1.10594e+006 996647 880240 794697 709270 668247 634345 613154 599649 582438 565590 544350 537635 516537 520135 530994 532092 534388 531982 533468 537334 533248 508094 489810 478680 478803 482335 487769 494424 495403 501994 506301 513692 522387 530027 531048 539382 547045 544558 545904 536279 530360 522939 515028 507636 550782 2.00887e+007 1.26888e+007 1.32767e+007 1.38631e+007 1.44319e+007 1.49314e+007 1.5341e+007 1.5663e+007 1.59092e+007 1.60942e+007 1.62319e+007 1.63339e+007 1.64093e+007 1.64652e+007 1.65068e+007 1.65378e+007 1.6561e+007 1.65785e+007 1.65918e+007 1.66018e+007 1.66095e+007 1.66153e+007 1.66198e+007 1.66232e+007 1.66259e+007 1.66279e+007 1.66295e+007 1.66307e+007 1.66316e+007 1.66323e+007 1.66329e+007 1.66333e+007 1.66336e+007 1.66339e+007 1.66341e+007 1.66342e+007 1.66344e+007 1.66344e+007 1.66345e+007 1.66346e+007 1.66346e+007 1.66347e+007 1.66347e+007 1.66347e+007 1.66347e+007 1.66347e+007 1.66347e+007 1.66347e+007 1.66347e+007 1.66348e+007 1.66348e+007 1.66348e+007 1.66348e+007 1.66348e+007 1.66348e+007 1.66348e+007 1.66348e+007 1.66348e+007 1.66348e+007 1.66348e+007 1.66348e+007 1.66348e+007 1.66348e+007 1.66348e+007 1.66348e+007 1.66348e+007 1.66348e+007 1.66348e+007 1.66348e+007 1.66348e+007 1.66348e+007 1.66348e+007 1.66348e+007 1.66348e+007 1.66348e+007 1.66348e+007 1.66348e+007 1.66348e+007 1.66348e+007 1.66348e+007 1.66348e+007 1.66348e+007 1.66348e+007 1.66348e+007 1.66348e+007 1.66348e+007 1.66348e+007 1.66348e+007 1.66348e+007 1.66348e+007 1.66348e+007 1.66348e+007 1.66348e+007 1.66348e+007 1.66348e+007 1.66348e+007 1.66348e+007 1.66348e+007 1.66348e+007 1.66348e+007 0 0 0 0 0 0 0 0 0 0 0 0 0 0 0 0 0 0 0 0 0 0 0 0 0
#obs cpue bio
 2.04312e+006 2.73595e+006 2.17171e+006 2.53115e+006 1.41457e+006 992488 1.10918e+006 1.27288e+006 696644 1.12794e+006 1.04766e+006 926477 798489 618909 755024 579412 570124 733501 360839 554011 394757 583006 386995 551584 438020 377018 526203 586658 499158 718988 585496 578996 696225 536118 474041 485849 402340 501943 407162 581735 533078 463910 621625 654300 697266 609322 355872 687596 575006 761843 569567 635937 369900 476337 396972
#pred surv len freq
 0.00518083 0.00837038 0.0125239 0.0176054 0.0234973 0.0299262 0.0364201 0.0424021 0.0473899 0.0511488 0.0536959 0.055205 0.0559085 0.056033 0.0557596 0.0552005 0.0544003 0.0533456 0.0519577 0.0500554 0.0473289 0.0434027 0.0380273 0.0313232 0.0238916
 0.00565945 0.00907147 0.0134423 0.0187037 0.0247376 0.0313103 0.0380015 0.0442475 0.0495043 0.0534089 0.0558442 0.0569182 0.0569083 0.0561811 0.0550918 0.0538942 0.0526965 0.0514628 0.0500305 0.0481224 0.0453731 0.0414187 0.0360733 0.029521 0.0223769
 0.0059338 0.00955562 0.0142364 0.0199114 0.0264279 0.0334685 0.0405006 0.0468744 0.0520366 0.0556925 0.0578101 0.0585283 0.0580845 0.0567859 0.0549806 0.0529982 0.051072 0.0492747 0.0474877 0.0454116 0.0426315 0.0387523 0.0335905 0.0273431 0.0206115
 0.00630233 0.0101266 0.0150486 0.0209956 0.027818 0.0352077 0.0426275 0.049384 0.0548367 0.0585866 0.0605323 0.0608169 0.0597477 0.057719 0.0551374 0.0523592 0.049646 0.0471265 0.0447559 0.0422948 0.0393539 0.0355337 0.0306303 0.0248063 0.0186062
 0.00667173 0.0107169 0.0159168 0.0221857 0.0293518 0.0370733 0.0447715 0.0517187 0.0572602 0.0610017 0.0628423 0.062905 0.0614645 0.0588988 0.0556348 0.0520796 0.048557 0.0452584 0.0422047 0.0392265 0.035997 0.0321537 0.0274894 0.022119 0.0165009
 0.00697651 0.011218 0.0166821 0.0232827 0.0308356 0.0389656 0.0470375 0.0542555 0.0599089 0.0635794 0.065179 0.0648685 0.0629635 0.0598666 0.0560098 0.0517978 0.0475646 0.0435371 0.0397982 0.0362586 0.0326745 0.0287465 0.0242854 0.0193638 0.0143444
 0.00733998 0.0117975 0.0175342 0.0244566 0.0323683 0.0408731 0.0492991 0.056799 0.0626062 0.066256 0.0676376 0.0669199 0.0644582 0.0607143 0.0561765 0.0512852 0.0463865 0.0417131 0.03737 0.0333208 0.0293985 0.0253771 0.0211023 0.0166174 0.0121927
 0.00749996 0.0120724 0.017976 0.0251244 0.033318 0.0421402 0.0508812 0.0586485 0.0646372 0.0683581 0.0696868 0.0687839 0.0660026 0.0618151 0.0567362 0.0512444 0.0457242 0.0404407 0.0355303 0.030999 0.0267389 0.0225871 0.018426 0.0142812 0.0103475
 0.00757592 0.012228 0.0182706 0.0256362 0.0341293 0.0433114 0.0524243 0.0605116 0.066709 0.070487 0.0717075 0.0705426 0.0673759 0.0627175 0.0571173 0.0510806 0.0450131 0.0391996 0.0338022 0.0288633 0.0243242 0.0200729 0.0160226 0.0121855 0.00869185
 0.00762389 0.0122975 0.0183626 0.0257549 0.0342928 0.043563 0.0528342 0.0611612 0.0676578 0.0717377 0.0731877 0.0721155 0.0688732 0.0639779 0.0580141 0.0515314 0.0449771 0.0386709 0.0328071 0.0274655 0.0226316 0.0182374 0.0142222 0.0105881 0.00741462
 0.00776834 0.012514 0.0186538 0.0261098 0.0346895 0.0439746 0.0532374 0.0615474 0.0680423 0.0721615 0.073703 0.0727572 0.0696289 0.0647774 0.0587436 0.052065 0.045208 0.0385314 0.032277 0.026574 0.0214575 0.0169031 0.0128754 0.009371 0.0064291
 0.00799609 0.0128823 0.0192027 0.0268705 0.0356722 0.0451523 0.0545332 0.0628373 0.0691819 0.073028 0.074232 0.0729564 0.0695648 0.0645398 0.0584055 0.0516562 0.044712 0.0379047 0.0314784 0.0255909 0.0203211 0.0156894 0.0116892 0.00831785 0.00558513
 0.008061 0.0129986 0.0193987 0.0271814 0.0361347 0.0457937 0.0553573 0.0638118 0.0702344 0.0740519 0.0751065 0.0735768 0.0698721 0.0645364 0.0581465 0.0512194 0.0441629 0.037276 0.0307719 0.0247985 0.0194503 0.0147778 0.0108023 0.00752886 0.00495029
 0.0082743 0.0133224 0.019844 0.0277459 0.0368074 0.0465613 0.0562059 0.0647217 0.071171 0.0749595 0.0759079 0.0741834 0.0702035 0.0645435 0.0578281 0.0506237 0.0433703 0.0363718 0.029823 0.0238462 0.0185201 0.0138955 0.0100021 0.00684894 0.00441864
 0.00843226 0.0135457 0.020118 0.0280356 0.0370675 0.046753 0.056313 0.0647583 0.071179 0.0749967 0.0760288 0.0744159 0.0705319 0.0649079 0.0581438 0.0508117 0.0433841 0.0362064 0.0295061 0.0234214 0.0180332 0.0133897 0.00951825 0.00642357 0.00407791
 0.00847543 0.0136324 0.0202768 0.0282972 0.03745 0.0472428 0.0568528 0.0652571 0.0715446 0.0751744 0.0760247 0.0742899 0.070366 0.0647683 0.0580555 0.0507554 0.0433138 0.0360756 0.0292889 0.0231196 0.0176712 0.0130038 0.00914653 0.00609806 0.00381917
 0.00850215 0.0136623 0.0202988 0.0282977 0.0374224 0.0471991 0.0568266 0.0652912 0.071666 0.0753737 0.0762556 0.0744938 0.0705043 0.0648393 0.0580862 0.0507758 0.0433347 0.0360835 0.0292578 0.0230291 0.0175185 0.0128054 0.00893089 0.00589476 0.00365025
 0.00862914 0.0138402 0.0205127 0.0285139 0.0375955 0.0472859 0.0568008 0.0651543 0.0714504 0.0751353 0.076056 0.074377 0.0704808 0.0648881 0.0581722 0.0508697 0.04342 0.0361512 0.0292985 0.0230314 0.0174755 0.0127206 0.00881905 0.0057768 0.00354507
 0.00863132 0.0138708 0.0206067 0.0287149 0.0379374 0.0477677 0.0573692 0.0657097 0.0718795 0.0753544 0.0760411 0.074166 0.07015 0.0645189 0.0578244 0.0505722 0.0431766 0.0359527 0.0291319 0.0228844 0.0173385 0.012589 0.00869426 0.0056651 0.00345353
 0.00859399 0.0138153 0.0205352 0.0286384 0.0378801 0.047768 0.0574735 0.0659547 0.0722674 0.0758355 0.0765205 0.0745374 0.0703389 0.0645098 0.0576573 0.0503152 0.0428949 0.0356894 0.0289054 0.0226958 0.0171813 0.0124561 0.00858186 0.0055725 0.00338156
 0.00862039 0.0138555 0.0205906 0.0287086 0.0379637 0.0478642 0.0575846 0.0660882 0.0724356 0.0760498 0.0767794 0.0748148 0.070584 0.0646624 0.0576743 0.0501901 0.0426591 0.0353954 0.0286045 0.0224235 0.0169535 0.0122752 0.00844324 0.00547001 0.00330923
 0.00867099 0.013913 0.0206318 0.0286978 0.0378639 0.0476538 0.0572721 0.0657153 0.072067 0.0757557 0.0766186 0.074821 0.0707565 0.064964 0.0580398 0.0505459 0.0429466 0.035587 0.0287041 0.0224545 0.0169437 0.0122464 0.00840932 0.00543813 0.00328281
 0.00889797 0.0142637 0.0211232 0.0293274 0.0386035 0.0484448 0.0580255 0.0663241 0.0724339 0.0758266 0.0764015 0.0743815 0.0701914 0.0643688 0.0574836 0.050061 0.0425336 0.0352296 0.0283863 0.0221698 0.0166955 0.0120415 0.00825146 0.00532539 0.00320832
 0.00884172 0.014183 0.021022 0.0292174 0.038502 0.0483703 0.0579921 0.0663365 0.0724842 0.0758942 0.0764607 0.0744127 0.0701918 0.0643542 0.0574795 0.0500879 0.0425962 0.0353155 0.0284736 0.0222386 0.0167361 0.0120555 0.00824722 0.00531268 0.00319444
 0.00869276 0.0139543 0.0207035 0.0288111 0.0380232 0.0478493 0.0574743 0.0658792 0.0721457 0.0757189 0.0764655 0.074583 0.0704887 0.0647292 0.0578887 0.0505006 0.0429937 0.0356849 0.0288024 0.0225145 0.0169506 0.0122079 0.00834525 0.0053693 0.00322354
 0.00853325 0.0137213 0.0204017 0.0284614 0.037657 0.0474978 0.057162 0.0656224 0.0719565 0.0756086 0.0764441 0.074656 0.0706521 0.0649675 0.0581772 0.0508117 0.0433033 0.0359757 0.0290632 0.0227373 0.0171301 0.0123422 0.00843705 0.00542597 0.0032548
 0.00836349 0.0134543 0.0200183 0.027954 0.0370355 0.0467966 0.0564429 0.0649677 0.0714495 0.0753094 0.0763748 0.0748019 0.070975 0.06542 0.0587116 0.0513834 0.0438723 0.0365091 0.0295366 0.0231361 0.0174482 0.0125811 0.00860457 0.00553455 0.00331926
 0.00820847 0.0132168 0.0196875 0.0275288 0.0365239 0.0462141 0.0558148 0.064333 0.0708626 0.0748344 0.0760731 0.0747157 0.0711149 0.0657626 0.0592081 0.0519733 0.0444969 0.0371185 0.0300931 0.0236149 0.0178363 0.0128766 0.00881481 0.00567325 0.00340346
 0.00802272 0.0129239 0.0192644 0.0269624 0.0358151 0.0453846 0.0549115 0.0634272 0.0700389 0.0741744 0.0756411 0.0745519 0.0712334 0.0661502 0.0598241 0.0527538 0.0453646 0.0379959 0.0309144 0.0243326 0.0184242 0.0133276 0.00913776 0.00588793 0.0035351
 0.00771202 0.0124527 0.0186183 0.0261497 0.0348636 0.0443346 0.0538144 0.0623473 0.0690539 0.0733688 0.0750937 0.0743216 0.0713476 0.0665999 0.0605662 0.053718 0.0464632 0.0391357 0.0320082 0.0253102 0.0192397 0.0139622 0.00959716 0.00619603 0.0037255
 0.00754429 0.0121733 0.0181871 0.0255294 0.0340328 0.0433058 0.0526468 0.0611439 0.0679376 0.0724504 0.0744499 0.0739914 0.0713416 0.066909 0.0611636 0.0545575 0.0474782 0.0402438 0.0331206 0.0263448 0.0201329 0.0146776 0.0101272 0.00655813 0.00395252
 0.00829271 0.0132279 0.0194727 0.0268704 0.0351974 0.0440807 0.0529015 0.0608549 0.0671741 0.0713416 0.0731517 0.0726582 0.0701053 0.0658667 0.0603759 0.0540516 0.0472512 0.0402643 0.0333327 0.0266764 0.0205096 0.0150361 0.0104261 0.00678003 0.00410026
 0.00904579 0.0144053 0.0211473 0.0290527 0.0378035 0.0469024 0.0555987 0.0630065 0.0683939 0.071414 0.0721067 0.0707448 0.067686 0.0633016 0.0579465 0.0519375 0.0455409 0.0389773 0.0324405 0.026118 0.0202061 0.0149054 0.0103955 0.00679519 0.0041278
 0.00919605 0.0147107 0.0217198 0.0300326 0.0393225 0.0490217 0.058246 0.0659449 0.0712456 0.0737377 0.0735084 0.0709873 0.0667589 0.0614178 0.0554649 0.0492502 0.0429765 0.0367523 0.0306566 0.0247874 0.0192818 0.0143091 0.01004 0.00660059 0.0040305
 0.00896724 0.0143873 0.0213285 0.0296443 0.0390526 0.0490188 0.0586674 0.0669143 0.072795 0.0757538 0.0757191 0.073013 0.0682196 0.0620528 0.0552114 0.0482469 0.0414973 0.0351068 0.0291039 0.0234898 0.018302 0.0136345 0.00961522 0.00635608 0.00390223
 0.0087863 0.0140996 0.0209104 0.0290858 0.0383696 0.0482685 0.0579603 0.0664094 0.0726697 0.0761502 0.076685 0.0744607 0.0699245 0.0637027 0.0564971 0.0489594 0.0415886 0.0346862 0.0283765 0.0226739 0.0175637 0.0130609 0.0092227 0.0061167 0.00377154
 0.00876581 0.0140489 0.0208018 0.0288822 0.0380335 0.0477776 0.0573253 0.0656865 0.0719622 0.0755966 0.0764326 0.0746243 0.0705401 0.0646956 0.0576853 0.0501032 0.0424686 0.0351764 0.0284756 0.0224825 0.0172267 0.0127076 0.00893249 0.00591642 0.00365214
 0.00878929 0.0140817 0.0208398 0.0289142 0.0380392 0.047727 0.0571826 0.0654199 0.0715611 0.0750895 0.0758955 0.0741713 0.0702943 0.0647465 0.05805 0.0507085 0.0431699 0.0358085 0.0289139 0.0226829 0.017225 0.0125853 0.00877332 0.00577664 0.00355427
 0.00879244 0.0140984 0.0208855 0.0290089 0.0381996 0.0479555 0.057457 0.065692 0.0717655 0.0751629 0.0757985 0.0739077 0.0699184 0.0643525 0.0577422 0.0505617 0.0431982 0.0359608 0.0291006 0.0228196 0.0172677 0.0125394 0.00867625 0.0056708 0.00346789
 0.0088088 0.0141116 0.0208819 0.0289708 0.0381141 0.0478255 0.0573078 0.0655646 0.0716982 0.07517 0.075861 0.0739823 0.0699604 0.064341 0.0576918 0.0505151 0.0432014 0.0360363 0.0292341 0.0229687 0.017387 0.0126031 0.00868584 0.00564632 0.00343248
 0.00883935 0.0141624 0.0209593 0.0290781 0.0382477 0.0479704 0.0574374 0.0656487 0.0717165 0.0751238 0.0757728 0.0738812 0.0698651 0.0642524 0.0576009 0.0504179 0.0431085 0.0359672 0.0292032 0.022974 0.017411 0.0126242 0.00869095 0.0056349 0.00341233
 0.00874904 0.0140347 0.0208028 0.0289137 0.0381033 0.0478723 0.0574014 0.0656752 0.0717912 0.0752224 0.0758699 0.07396 0.0699223 0.0642947 0.0576371 0.0504526 0.0431421 0.0360007 0.0292394 0.0230152 0.0174547 0.0126636 0.0087188 0.00564855 0.00341443
 0.00870289 0.0139532 0.0206694 0.0287126 0.0378272 0.047533 0.0570361 0.0653416 0.07155 0.0751151 0.0759044 0.0741118 0.0701481 0.0645506 0.0578907 0.050686 0.0433486 0.0361793 0.0293917 0.023143 0.0175593 0.0127454 0.00877791 0.00568657 0.00343531
 0.00867819 0.0139147 0.0206138 0.0286358 0.0377229 0.0473922 0.0568497 0.065108 0.0712832 0.0748494 0.0756876 0.0739893 0.0701446 0.0646608 0.0580844 0.0509225 0.0435916 0.0364044 0.0295867 0.0233045 0.0176879 0.0128433 0.00884819 0.00573316 0.00346316
 0.00882613 0.0141274 0.0208823 0.0289339 0.0380141 0.0476406 0.0570288 0.0652011 0.0712812 0.074749 0.0754948 0.0737248 0.0698447 0.0643695 0.0578396 0.0507444 0.0434802 0.0363458 0.0295628 0.0233 0.0176927 0.0128516 0.00885673 0.0057401 0.00346778
 0.00880628 0.0141127 0.0208913 0.0289911 0.0381388 0.0478327 0.0572591 0.0654177 0.0714287 0.0747916 0.075428 0.0735714 0.0696414 0.064154 0.0576437 0.0505909 0.0433806 0.0362993 0.0295586 0.0233223 0.0177264 0.0128857 0.0088853 0.00576101 0.00348139
 0.00867161 0.0139187 0.020647 0.0287237 0.0378905 0.0476509 0.0571855 0.0654757 0.0716137 0.0750661 0.0757307 0.073837 0.0698239 0.0642402 0.0576504 0.0505514 0.0433289 0.0362602 0.0295435 0.0233306 0.0177504 0.0129158 0.00891359 0.00578332 0.00349668
 0.00876415 0.0140415 0.0207816 0.028839 0.0379546 0.0476496 0.0571346 0.0654182 0.0716006 0.0751315 0.075874 0.0740223 0.0699946 0.0643424 0.0576533 0.050456 0.0431632 0.0360646 0.0293553 0.0231743 0.0176354 0.0128396 0.00886776 0.00575804 0.00348381
 0.00889095 0.014232 0.0210375 0.0291474 0.0382865 0.0479617 0.0573751 0.0655405 0.0715815 0.0749864 0.0756549 0.0737962 0.0698131 0.0642213 0.0575735 0.0503829 0.0430689 0.0359412 0.029214 0.0230353 0.0175164 0.0127499 0.00880744 0.00572156 0.00346382
 0.00910481 0.0145671 0.0215175 0.0297827 0.0390688 0.0488566 0.0583159 0.0664284 0.0723012 0.0754343 0.0757689 0.0735741 0.0693122 0.0635369 0.0568077 0.049617 0.042352 0.0352958 0.0286494 0.0225574 0.0171301 0.0124558 0.00859896 0.00558497 0.00338155
 0.00911599 0.01461 0.0216274 0.0300071 0.0394553 0.0494323 0.0590687 0.0672998 0.0731955 0.0762376 0.0763723 0.0738953 0.0693126 0.063231 0.056258 0.0489156 0.0415946 0.0345601 0.0279864 0.0219935 0.016675 0.0121081 0.00834966 0.00541878 0.00327946
 0.00934873 0.0149404 0.022038 0.0304568 0.0398978 0.0498423 0.0594569 0.0677043 0.0736512 0.076744 0.076879 0.0743144 0.0695501 0.0632202 0.0559808 0.0484056 0.0409244 0.0338191 0.0272577 0.0213393 0.016131 0.0116864 0.0080448 0.00521405 0.00315254
 0.00976948 0.0155742 0.0228957 0.0315086 0.0410738 0.0510407 0.0605566 0.068586 0.0742279 0.0769881 0.076827 0.0740399 0.0691232 0.0626798 0.0553358 0.0476565 0.0400869 0.0329338 0.0263835 0.020537 0.0154477 0.0111466 0.00764943 0.00494633 0.0029856
 0.0101134 0.0161214 0.0236946 0.0325896 0.0424352 0.0526305 0.0622574 0.0702195 0.0755882 0.0778959 0.0771785 0.073831 0.0684384 0.061656 0.0541172 0.046361 0.038795 0.0316978 0.0252426 0.0195269 0.0145982 0.0104749 0.00715445 0.00460868 0.00277368
 0.00939348 0.015087 0.0223919 0.0311535 0.0410587 0.0515103 0.0615458 0.0699997 0.0758704 0.0786211 0.0782301 0.0750561 0.0696811 0.0627897 0.0550631 0.0470879 0.0393056 0.0320135 0.0253946 0.019553 0.0145409 0.0103763 0.00704908 0.00451882 0.00270843
#obs surv len freq
 0.00496873 0.00813662 0.0123726 0.0176893 0.023961 0.0308248 0.0376591 0.0437443 0.0485318 0.0518189 0.0537196 0.0545136 0.0545164 0.0540233 0.0532958 0.0525504 0.0519352 0.051487 0.0510678 0.050308 0.0486247 0.0453866 0.0402161 0.033282 0.0253665
 0.00518329 0.00848955 0.0129111 0.0184595 0.0249979 0.0321376 0.0392165 0.0454712 0.0503214 0.053555 0.0552961 0.0558417 0.0555227 0.0546449 0.0534783 0.0522525 0.0511379 0.0502048 0.0493573 0.048271 0.0464046 0.0431555 0.0381504 0.0315285 0.0240106
 0.00540205 0.00884967 0.0134617 0.0192497 0.0260684 0.0335056 0.0408604 0.0473232 0.0522754 0.0554855 0.0570778 0.0573644 0.0566977 0.0554046 0.0537722 0.0520417 0.050396 0.0489267 0.0475754 0.0460717 0.0439358 0.0406161 0.0357581 0.0294727 0.0224076
 0.00564563 0.00924571 0.0140581 0.0200918 0.0271914 0.034922 0.0425469 0.0492144 0.0542714 0.0574687 0.0589293 0.0589748 0.0579718 0.0562643 0.0541565 0.0519052 0.0497073 0.0476729 0.0457758 0.0437985 0.0413305 0.0378869 0.0331474 0.0272019 0.0206209
 0.00588859 0.00964692 0.0146733 0.0209761 0.0283878 0.0364437 0.0443596 0.0512322 0.0563719 0.0595184 0.0608069 0.0605803 0.0592259 0.0571034 0.0545279 0.0517646 0.0490192 0.0464169 0.043961 0.0414855 0.0386518 0.0350496 0.0304044 0.0247934 0.0187108
 0.00614035 0.0100576 0.0152943 0.021857 0.0295679 0.0379376 0.046142 0.0532301 0.058472 0.061587 0.0627112 0.062205 0.0604815 0.0579264 0.0548754 0.0516057 0.0483289 0.0451782 0.0421786 0.0392097 0.0360031 0.0322254 0.0276542 0.0223613 0.0167693
 0.0063862 0.0104607 0.0159073 0.0227306 0.0307408 0.0394209 0.0479031 0.0551885 0.0605114 0.0635784 0.0645332 0.0637541 0.0616749 0.0587014 0.0551877 0.0514256 0.0476372 0.043965 0.0404523 0.0370174 0.0334543 0.0295029 0.0249937 0.0199982 0.0148742
 0.00662491 0.0108524 0.0165034 0.0235811 0.0318845 0.0408694 0.0496247 0.0571025 0.0624995 0.0655078 0.0662789 0.0652132 0.0627708 0.059382 0.0554202 0.0511902 0.0469222 0.0427668 0.0387834 0.0349242 0.0310383 0.0269312 0.0224825 0.0177656 0.0130803
 0.00683591 0.0112008 0.0170376 0.0243496 0.032926 0.0421978 0.0512132 0.0588779 0.0643524 0.067313 0.0679167 0.0665821 0.0637932 0.0600056 0.0556147 0.050942 0.046228 0.0416312 0.0372248 0.0329891 0.0288202 0.0245805 0.0201924 0.0157309 0.0114445
 0.0070517 0.011553 0.0175704 0.0251048 0.0339352 0.0434691 0.052718 0.0605458 0.0660798 0.0689827 0.0694162 0.067817 0.0646924 0.0605223 0.0557242 0.0506369 0.0455128 0.0405195 0.035742 0.0311843 0.0267811 0.0224414 0.0181228 0.0139002 0.00997642
 0.00727685 0.0119209 0.018127 0.0258928 0.0349843 0.044781 0.0542526 0.0622174 0.0677714 0.0705696 0.0707888 0.0688919 0.0654149 0.060863 0.0556743 0.0502025 0.0447097 0.0393707 0.0342808 0.0294624 0.0248812 0.0204832 0.0162523 0.0122606 0.00866988
 0.00745063 0.0122107 0.0185764 0.0265466 0.0358782 0.0459266 0.0556215 0.0637365 0.0693331 0.0720535 0.0720827 0.0699067 0.0660906 0.0611691 0.0556052 0.0497711 0.0439401 0.0382943 0.0329369 0.0279051 0.0231883 0.0187602 0.0146234 0.0108444 0.00754829
 0.00753821 0.0123558 0.0188007 0.0268742 0.0363338 0.0465306 0.056383 0.064646 0.0703583 0.0731387 0.0731535 0.0708785 0.0668806 0.0617084 0.0558476 0.0496949 0.0435464 0.0376023 0.0319814 0.0267382 0.0218828 0.0174106 0.013337 0.00972129 0.0066571
 0.00759686 0.012443 0.0189174 0.0270182 0.0365031 0.0467291 0.0566233 0.0649489 0.0707465 0.0736276 0.0737412 0.0715387 0.0675618 0.0623397 0.0563512 0.0500014 0.0436064 0.0373934 0.0315102 0.0260396 0.0210183 0.0164638 0.0124033 0.00888902 0.00598813
 0.00766578 0.0125476 0.0190606 0.0271967 0.0367077 0.0469458 0.056836 0.0651442 0.0709203 0.0737905 0.0739177 0.0717572 0.0678393 0.0626692 0.0566963 0.0503031 0.0437978 0.0374173 0.0313335 0.0256621 0.0204748 0.0158182 0.0117354 0.00827626 0.00548675
 0.00770667 0.0126104 0.0191481 0.0273086 0.0368403 0.0470915 0.056984 0.0652813 0.0710344 0.0738761 0.0739798 0.0718128 0.0679127 0.0627818 0.0568556 0.0504932 0.0439791 0.0375361 0.031339 0.0255238 0.0201942 0.0154302 0.0112981 0.00785335 0.00512889
 0.00774731 0.0126704 0.0192271 0.0274023 0.0369416 0.0471928 0.0570785 0.0653636 0.0711005 0.0739235 0.0740088 0.0718276 0.0679228 0.0628009 0.0568973 0.050564 0.0440707 0.0376229 0.0313837 0.025491 0.0200655 0.015214 0.0110275 0.0075738 0.00488169
 0.00783626 0.0128075 0.019419 0.0276487 0.0372338 0.0475129 0.0573991 0.0656506 0.0713204 0.0740524 0.0740383 0.0717659 0.0677901 0.0626239 0.0567042 0.0503791 0.0439098 0.0374881 0.0312624 0.0253616 0.0199084 0.0150224 0.0108125 0.00735923 0.00469332
 0.00783696 0.0128139 0.0194383 0.0276905 0.0373076 0.0476237 0.0575437 0.0658167 0.071489 0.0742026 0.0741524 0.0718328 0.0678065 0.0625948 0.056641 0.0502969 0.043823 0.037406 0.0311861 0.0252836 0.0198176 0.0149118 0.0106848 0.00722702 0.00457293
 0.00786269 0.0128466 0.0194712 0.0277131 0.0373104 0.0476047 0.0575123 0.0657917 0.0714906 0.0742423 0.0742278 0.0719287 0.0679023 0.0626718 0.0566881 0.0503123 0.0438123 0.0373777 0.0311472 0.0252366 0.0197609 0.0148432 0.0106057 0.00714402 0.00449582
 0.00788943 0.0128871 0.0195258 0.0277791 0.0373806 0.0476676 0.0575541 0.0658006 0.0714628 0.0741867 0.0741644 0.0718799 0.067883 0.0626829 0.0567187 0.0503465 0.0438369 0.0373862 0.0311391 0.0252141 0.0197264 0.0147987 0.010554 0.00708993 0.00444541
 0.00791132 0.0129203 0.0195716 0.0278365 0.037447 0.0477383 0.0576219 0.0658563 0.071496 0.0741894 0.0741344 0.0718238 0.0678152 0.0626208 0.0566749 0.0503246 0.0438314 0.0373872 0.0311371 0.0252036 0.0197058 0.0147693 0.0105188 0.00705307 0.00441125
 0.00790606 0.0129115 0.0195579 0.0278167 0.0374206 0.0477061 0.0575869 0.0658226 0.0714684 0.0741709 0.0741254 0.0718227 0.0678195 0.0626301 0.0566913 0.0503509 0.0438684 0.0374315 0.031182 0.0252414 0.0197312 0.0147804 0.0105173 0.00704296 0.00439736
 0.00787787 0.0128646 0.0194857 0.0277132 0.0372825 0.0475363 0.0573966 0.0656315 0.0713004 0.0740482 0.0740628 0.0718245 0.0678802 0.0627371 0.0568291 0.050505 0.0440271 0.0375856 0.0313239 0.0253643 0.0198299 0.0148524 0.0105639 0.00706872 0.00440848
 0.00786803 0.0128428 0.0194421 0.0276354 0.0371587 0.0473605 0.0571739 0.0653795 0.0710464 0.073823 0.0738947 0.0717335 0.0678752 0.0628143 0.0569741 0.0506969 0.0442431 0.0378053 0.031531 0.0255472 0.0199809 0.0149684 0.0106458 0.00712108 0.00443835
 0.00787258 0.0128467 0.0194412 0.0276226 0.0371247 0.0472953 0.0570691 0.0652317 0.0708601 0.0736128 0.073684 0.0715511 0.0677478 0.0627605 0.057 0.0507951 0.0443963 0.0379909 0.0317259 0.0257319 0.0201414 0.0150968 0.0107402 0.00718448 0.00447687
 0.00784585 0.0128066 0.0193868 0.0275549 0.0370457 0.0472067 0.0569713 0.065124 0.0707421 0.0734856 0.0735529 0.0714262 0.0676443 0.0626959 0.0569892 0.050846 0.0445064 0.0381473 0.0319088 0.0259194 0.0203142 0.0152416 0.0108509 0.00726165 0.00452569
 0.00783864 0.0127903 0.0193543 0.0274977 0.0369565 0.0470844 0.0568238 0.0649671 0.0705938 0.0733603 0.0734565 0.0713579 0.0676011 0.0626769 0.056998 0.0508892 0.0445889 0.0382683 0.0320596 0.0260848 0.0204765 0.015385 0.0109656 0.00734471 0.00458006
 0.007802 0.0127333 0.019273 0.0273897 0.0368211 0.0469224 0.0566388 0.0647676 0.0703944 0.0731802 0.073316 0.0712727 0.0675779 0.0627123 0.0570825 0.0510116 0.0447402 0.0384416 0.0322478 0.0262778 0.0206613 0.0155487 0.0110984 0.00744277 0.00464568
 0.00776589 0.0126713 0.0191739 0.0272421 0.0366174 0.0466639 0.05634 0.0644552 0.0701014 0.0729367 0.0731437 0.0711829 0.0675731 0.0627884 0.0572288 0.0512127 0.0449783 0.0386993 0.0325098 0.0265305 0.0208926 0.0157479 0.0112581 0.00756072 0.00472517
 0.00775358 0.0126499 0.019139 0.0271877 0.0365364 0.0465492 0.0561869 0.0642644 0.0698814 0.0727054 0.0729258 0.0710046 0.0674563 0.0627458 0.0572628 0.0513165 0.0451384 0.0388985 0.0327294 0.0267529 0.0211019 0.0159314 0.0114074 0.00767257 0.00480175
 0.00932877 0.0148542 0.0217979 0.0299192 0.0388621 0.0480719 0.0567302 0.0638986 0.0688408 0.0712681 0.0713269 0.0694072 0.0659596 0.0614057 0.0561079 0.0503564 0.0443688 0.0383047 0.0322901 0.0264431 0.0208959 0.0158039 0.0113354 0.00763634 0.00478618
 0.00930561 0.0151078 0.0226931 0.0319086 0.0422889 0.0529035 0.0623898 0.0693593 0.072991 0.0733505 0.0711884 0.0674398 0.06283 0.0577706 0.0524519 0.0469664 0.0413819 0.0357682 0.030204 0.024783 0.0196232 0.0148705 0.0106858 0.00721126 0.00452701
 0.00895183 0.0145519 0.0219139 0.0309558 0.0413361 0.052284 0.062557 0.070726 0.0756846 0.0770308 0.0750887 0.0706592 0.0647091 0.0581202 0.0515233 0.0452408 0.039342 0.0337662 0.0284379 0.0233331 0.0184986 0.0140434 0.0101108 0.00683598 0.00429888
 0.00877608 0.0142548 0.0214464 0.0302687 0.0403989 0.0511189 0.0612813 0.0695797 0.0750098 0.0771765 0.0762565 0.0727579 0.067323 0.0606445 0.0534089 0.0462026 0.039416 0.033211 0.0275751 0.0224251 0.017703 0.0134239 0.0096704 0.00654718 0.00412395
 0.00871447 0.014148 0.0212723 0.0299996 0.0400041 0.0505717 0.0605716 0.0687321 0.0741042 0.0763631 0.0757461 0.0727686 0.0679852 0.0619076 0.0550175 0.0477807 0.0406209 0.033866 0.0277046 0.0221913 0.0173031 0.0130128 0.00933274 0.00630813 0.00397349
 0.00869127 0.0141097 0.021213 0.0299116 0.0398771 0.0503921 0.0603231 0.068399 0.0736789 0.075859 0.0752135 0.0723051 0.0677247 0.0619779 0.055476 0.0485632 0.0415469 0.0347088 0.0282894 0.0224585 0.0173053 0.0128609 0.00913443 0.00613275 0.00384806
 0.00868575 0.0140991 0.0211939 0.0298797 0.0398274 0.0503201 0.0602247 0.0682699 0.0735132 0.0756495 0.0749575 0.0720141 0.0674367 0.0617605 0.0554104 0.0487085 0.0419011 0.0351945 0.0287814 0.0228402 0.017518 0.0129155 0.00908687 0.00604589 0.00376573
 0.00865685 0.0140562 0.021137 0.029811 0.0397507 0.0502389 0.0601412 0.0681846 0.0734253 0.0755566 0.0748557 0.0719 0.0673115 0.0616373 0.055319 0.0486907 0.0419921 0.0354 0.0290648 0.0231345 0.0177564 0.0130612 0.00914261 0.00604107 0.00373486
 0.00864867 0.0140396 0.021106 0.029759 0.0396728 0.0501352 0.0600196 0.0680593 0.0733121 0.0754668 0.0747922 0.0718576 0.0672812 0.0616122 0.0552999 0.0486892 0.0420281 0.0354909 0.0292121 0.0233173 0.0179379 0.0132062 0.00923342 0.00608122 0.00374136
 0.00866462 0.0140635 0.0211379 0.0297967 0.0397114 0.050167 0.060035 0.0680494 0.0732719 0.0753986 0.074705 0.0717638 0.0671918 0.061533 0.0552335 0.0486381 0.0419983 0.0354914 0.0292496 0.0233889 0.0180291 0.0132957 0.00930304 0.00612338 0.00375941
 0.00865453 0.0140525 0.0211311 0.0298018 0.0397359 0.0502142 0.0601011 0.0681224 0.0733354 0.0754368 0.0747079 0.07173 0.0671279 0.0614511 0.0551465 0.0485573 0.0419325 0.0354476 0.0292327 0.0233997 0.0180622 0.0133399 0.00934566 0.00615531 0.00377793
 0.0086318 0.014017 0.0210808 0.0297368 0.03966 0.0501358 0.0600328 0.0680786 0.073327 0.0754657 0.0747651 0.0717986 0.0671902 0.061495 0.0551686 0.0485618 0.041928 0.0354435 0.0292367 0.0234161 0.0180904 0.0133754 0.00938135 0.00618484 0.00379815
 0.00864003 0.014027 0.0210897 0.0297398 0.0396517 0.0501125 0.0599947 0.0680308 0.0732787 0.0754278 0.0747465 0.071803 0.0672139 0.0615284 0.0552001 0.0485831 0.0419367 0.0354429 0.0292334 0.0234165 0.0180982 0.0133902 0.00939973 0.00620257 0.00381203
 0.00862393 0.014005 0.0210639 0.0297145 0.0396311 0.0500983 0.0599848 0.06802 0.0732618 0.0754035 0.074719 0.0717804 0.0672045 0.0615366 0.0552244 0.0486167 0.0419713 0.0354726 0.0292563 0.0234344 0.0181141 0.0134062 0.00941581 0.0062173 0.00382381
 0.00861428 0.0139888 0.0210389 0.0296788 0.0395848 0.0500448 0.0599307 0.0679743 0.0732318 0.0753916 0.0747221 0.0717928 0.0672213 0.0615567 0.055249 0.0486472 0.0420066 0.0355093 0.0292906 0.0234639 0.0181384 0.0134262 0.00943243 0.00623079 0.00383406
 0.00861428 0.0139888 0.0210389 0.0296788 0.0395848 0.0500448 0.0599307 0.0679743 0.0732318 0.0753916 0.0747221 0.0717928 0.0672213 0.0615567 0.055249 0.0486472 0.0420066 0.0355093 0.0292906 0.0234639 0.0181384 0.0134262 0.00943243 0.00623079 0.00383406
 0.00871502 0.0141462 0.0212633 0.0299734 0.0399427 0.0504462 0.060341 0.0683473 0.0735199 0.0755583 0.0747515 0.0716903 0.0670094 0.0612667 0.0549154 0.0483023 0.041677 0.0352135 0.0290388 0.0232593 0.0179798 0.0133094 0.0093515 0.00617865 0.00380316
 0.0087129 0.0141523 0.0212902 0.0300383 0.0400632 0.0506325 0.0605892 0.068637 0.0738176 0.0758255 0.0749527 0.0718004 0.0670178 0.0611781 0.0547474 0.0480807 0.04143 0.0349672 0.0288131 0.0230667 0.0178258 0.0131938 0.00927038 0.00612567 0.00377124
 0.00892089 0.0144783 0.0217571 0.0306572 0.0408282 0.0515155 0.0615344 0.069562 0.0746253 0.0764244 0.0752769 0.0718209 0.0667442 0.060653 0.0540364 0.0472596 0.0405736 0.0341399 0.0280639 0.0224272 0.0173104 0.0128024 0.00899138 0.00594012 0.00365687
 0.0089409 0.0145319 0.0218763 0.0308836 0.0412012 0.0520543 0.0622223 0.0703435 0.0754179 0.0771389 0.0758348 0.0721654 0.0668442 0.0605052 0.0536643 0.0467104 0.0399103 0.033431 0.0273729 0.0218043 0.0167878 0.0123937 0.00869383 0.00573923 0.00353171
 0.0089936 0.0146115 0.0219863 0.0310266 0.0413836 0.0522893 0.0625298 0.0707408 0.0759058 0.0776893 0.07639 0.0726496 0.0671843 0.0606495 0.0535926 0.0464353 0.0394712 0.032885 0.0267843 0.0212333 0.0162817 0.0119811 0.00838412 0.00552532 0.00339622
 0.00898269 0.0145965 0.0219687 0.0310097 0.0413717 0.0522876 0.0625453 0.0707846 0.075995 0.0778438 0.0766236 0.0729578 0.0675363 0.0609908 0.0538605 0.046578 0.0394639 0.0327351 0.0265257 0.0209153 0.0159553 0.0116873 0.00814759 0.00535365 0.00328354
 0.00927177 0.0150468 0.0226078 0.0318451 0.0423837 0.0534222 0.0637097 0.0718544 0.0768392 0.078361 0.0767703 0.0727558 0.0670566 0.0603249 0.0530919 0.0457661 0.0386434 0.0319265 0.0257485 0.0201942 0.0153187 0.0111595 0.00774093 0.00506489 0.00309584
 0.00895601 0.0145778 0.0219861 0.0311052 0.0415903 0.0526607 0.0630746 0.0714358 0.0767045 0.0785342 0.0772219 0.0734102 0.0678156 0.061094 0.0537987 0.046365 0.0391108 0.0322549 0.0259432 0.0202728 0.0153096 0.0110974 0.00765866 0.00498689 0.00303512
#pred catch len freq
 0.00399143 0.00636324 0.00937859 0.0130095 0.0172523 0.0220979 0.0274597 0.0331372 0.0388457 0.044277 0.0491489 0.0532443 0.0564412 0.0587185 0.0601303 0.0607667 0.0607223 0.0600682 0.0588091 0.0568195 0.053806 0.0493796 0.0432795 0.0356553 0.0271979
 0.00441782 0.00699137 0.0102091 0.014017 0.0184138 0.0234265 0.0290131 0.0349801 0.0409798 0.0465786 0.0513617 0.0550435 0.0575403 0.058965 0.0595469 0.0595249 0.0590661 0.0582232 0.0569136 0.0549082 0.0518519 0.0473692 0.0412708 0.0337801 0.0256072
 0.00470772 0.00747804 0.0109669 0.0151168 0.0199 0.0252884 0.0311695 0.0372985 0.0433249 0.0488545 0.0535065 0.0569763 0.05911 0.0599574 0.0597582 0.0588553 0.057569 0.0560809 0.0543594 0.0521494 0.049038 0.044612 0.0386844 0.031495 0.0237431
 0.00506883 0.00803443 0.0117527 0.0161581 0.0212281 0.0269498 0.0332147 0.0397428 0.0461008 0.0517888 0.0563484 0.059465 0.0610378 0.0611866 0.0601979 0.0584401 0.0562741 0.0539581 0.0515562 0.0488875 0.0455693 0.0411818 0.0355136 0.0287665 0.0215784
 0.00545212 0.00863608 0.0126186 0.017318 0.0226943 0.028716 0.0352552 0.0420152 0.0485516 0.0543519 0.0589282 0.0619144 0.0631563 0.0627522 0.0610161 0.0583814 0.0552858 0.0520643 0.0488609 0.0455778 0.0419059 0.0374674 0.0320468 0.0257914 0.0192422
 0.00581621 0.00921669 0.0134728 0.0184956 0.0242331 0.030633 0.0375303 0.0445776 0.0512791 0.0570876 0.0615068 0.0641863 0.0649963 0.0640514 0.0616692 0.058286 0.0543605 0.0502777 0.0462595 0.0423046 0.0382007 0.033643 0.0284361 0.0226785 0.0168015
 0.00616488 0.00976574 0.0142687 0.0195766 0.0256323 0.0323767 0.039628 0.0470037 0.0539543 0.0598709 0.0642066 0.0665898 0.0669091 0.0653298 0.0622285 0.0580861 0.0533847 0.0485277 0.0437729 0.0391873 0.0346509 0.0299451 0.0249146 0.0196245 0.0144008
 0.00641868 0.0101755 0.0148811 0.0204366 0.0267781 0.0338325 0.0413926 0.0490421 0.0561967 0.0622168 0.0665283 0.0687369 0.0687189 0.0666467 0.062927 0.0580864 0.0526547 0.0470758 0.0416468 0.0364863 0.0315453 0.0266797 0.0217777 0.0168838 0.0122349
 0.00651243 0.01035 0.0151866 0.0209387 0.0275497 0.0349363 0.04286 0.0508555 0.0582831 0.0644523 0.0687543 0.0707836 0.0704288 0.0678911 0.0636121 0.0581521 0.0520729 0.045851 0.0398212 0.0341509 0.0288516 0.0238407 0.0190429 0.0144871 0.0103352
 0.00658307 0.0104556 0.0153315 0.0211295 0.0278055 0.0352994 0.0433977 0.0516458 0.0593834 0.0658655 0.0704097 0.0725429 0.0721155 0.0693278 0.0646506 0.0586884 0.0520487 0.0452499 0.038668 0.0325171 0.0268636 0.0216784 0.016918 0.0125997 0.00882478
 0.00679169 0.0107686 0.0157535 0.0216464 0.028388 0.0359115 0.044007 0.0522343 0.0599581 0.066461 0.0710738 0.0733071 0.0729647 0.0701873 0.0654005 0.0591953 0.0521988 0.0449709 0.0379395 0.0313747 0.0254001 0.020038 0.0152752 0.0111219 0.00763179
 0.00700577 0.0111096 0.0162528 0.0223263 0.0292547 0.0369455 0.0451534 0.0534025 0.061037 0.0673483 0.0717061 0.0736771 0.0731147 0.070182 0.0652899 0.0589886 0.0518611 0.0444438 0.0371728 0.0303553 0.0241685 0.0186879 0.0139345 0.00991971 0.00666212
 0.00713493 0.0113199 0.016571 0.0227799 0.0298698 0.03774 0.0461257 0.0545185 0.0622225 0.068492 0.0726789 0.0743638 0.0734483 0.0701631 0.0649783 0.0584703 0.0512095 0.0436955 0.0363296 0.0294082 0.0231271 0.017598 0.0128744 0.00897694 0.00590371
 0.00725747 0.0115051 0.016825 0.023104 0.0302659 0.038218 0.0467046 0.0552181 0.063046 0.069408 0.073613 0.0752066 0.0740816 0.0704934 0.0649654 0.0581358 0.0506213 0.0429366 0.0354703 0.0284951 0.0221927 0.0166777 0.0120153 0.00823128 0.00531174
 0.0074017 0.0117095 0.0170768 0.0233721 0.0305102 0.0384043 0.0468201 0.0552788 0.0630951 0.0695046 0.0738119 0.0755334 0.0745136 0.0709589 0.0653653 0.0583786 0.0506531 0.0427522 0.0351028 0.0279962 0.021617 0.016077 0.0114389 0.00772353 0.00490441
 0.00742001 0.0117535 0.017168 0.0235348 0.0307604 0.038735 0.0471921 0.0556277 0.063356 0.0696422 0.0738376 0.0754999 0.0744879 0.0709892 0.0654575 0.0584945 0.05073 0.0427317 0.0349538 0.0277226 0.0212503 0.0156637 0.0110276 0.0073559 0.00460817
 0.00742593 0.0117546 0.0171555 0.0235002 0.0307034 0.0386719 0.0471572 0.0556612 0.063481 0.0698462 0.0740742 0.0757129 0.0746427 0.0710878 0.065528 0.0585646 0.050804 0.0427869 0.0349556 0.027645 0.0210905 0.0154422 0.01078 0.00711889 0.00440947
 0.00755847 0.0119423 0.0173857 0.0237415 0.0309119 0.0388041 0.047184 0.0555791 0.0633163 0.0696498 0.073904 0.075611 0.0746184 0.0711207 0.0655861 0.0586235 0.0508526 0.0428198 0.0349636 0.0276151 0.0210134 0.0153214 0.0106321 0.00696798 0.00427724
 0.00757639 0.0119909 0.0174931 0.0239415 0.0312298 0.0392369 0.0476865 0.056068 0.063696 0.0698472 0.0738959 0.075428 0.0743274 0.0707948 0.06528 0.0583631 0.05064 0.0426448 0.0348129 0.0274762 0.0208768 0.0151832 0.0104957 0.0068424 0.00417239
 0.00757486 0.0119905 0.0174985 0.0239637 0.0312894 0.0393657 0.0479207 0.0564312 0.0641766 0.0703845 0.0743889 0.0757705 0.0744504 0.0706926 0.0650048 0.0579948 0.0502533 0.0422886 0.0345078 0.0272229 0.0206671 0.015008 0.0103496 0.00672379 0.00408131
 0.00754834 0.0119506 0.0174446 0.0238982 0.0312187 0.0393013 0.0478813 0.0564439 0.0642731 0.0705897 0.0747046 0.0761611 0.0748447 0.0710057 0.0651713 0.0579945 0.0501133 0.0420642 0.0342561 0.0269844 0.0204617 0.0148404 0.0102175 0.00662291 0.00400783
 0.00765223 0.0120918 0.017606 0.0240461 0.0313123 0.0393073 0.0477876 0.0562645 0.0640454 0.0703661 0.0745405 0.0761006 0.0749059 0.0711702 0.0653879 0.0581978 0.0502498 0.042111 0.0342225 0.0268992 0.0203563 0.0147378 0.0101297 0.00655407 0.00395757
 0.0077689 0.0122723 0.017859 0.02437 0.0316913 0.0397085 0.0481609 0.0565506 0.064192 0.070348 0.0743707 0.0758273 0.0745946 0.0708815 0.0651584 0.0580327 0.0501284 0.0420031 0.0341052 0.0267664 0.0202167 0.0146064 0.0100189 0.00646953 0.00389875
 0.00768417 0.0121483 0.0176984 0.0241855 0.0315035 0.0395412 0.0480353 0.0564795 0.0641755 0.0703719 0.0744127 0.0758683 0.0746302 0.0709243 0.0652294 0.0581468 0.050283 0.0421775 0.0342701 0.026897 0.020302 0.0146495 0.0100316 0.00646565 0.00388884
