SBPRF35
7.78865
Curr Bio
508845
B35
699073
F35
0.213757
FOFL
0.158187
OFL
65619.4
Bzero
2.22533e+006
#pred survey bio
 4.73346e+006 4.46289e+006 4.20843e+006 3.91452e+006 3.59767e+006 3.27147e+006 2.92822e+006 2.6164e+006 2.33371e+006 2.0723e+006 1.78856e+006 1.59214e+006 1.42185e+006 1.24448e+006 1.12457e+006 979705 892772 838498 783775 741766 706117 671420 657556 638920 617123 608861 609277 602217 604391 610735 619936 611484 609136 596269 580490 568469 558187 547475 553093 556870 553923 553123 555221 557649 549461 558843 574729 575220 580722 582201 585375 597666 608156 608003 592567 565775 554079 515483 513944 1.85864e+007 1.09889e+007 1.1114e+007 1.17759e+007 1.27332e+007 1.37467e+007 1.46693e+007 1.54382e+007 1.60436e+007 1.65029e+007 1.68429e+007 1.70906e+007 1.72694e+007 1.7398e+007 1.74905e+007 1.75571e+007 1.76053e+007 1.76403e+007 1.7666e+007 1.76849e+007 1.76989e+007 1.77093e+007 1.77172e+007 1.77231e+007 1.77276e+007 1.7731e+007 1.77335e+007 1.77355e+007 1.7737e+007 1.77382e+007 1.77391e+007 1.77398e+007 1.77403e+007 1.77407e+007 1.7741e+007 1.77412e+007 1.77414e+007 1.77416e+007 1.77417e+007 1.77418e+007 1.77418e+007 1.77419e+007 1.77419e+007 1.7742e+007 1.7742e+007 1.7742e+007 1.7742e+007 1.7742e+007 1.7742e+007 1.7742e+007 1.77421e+007 1.77421e+007 1.77421e+007 1.77421e+007 1.77421e+007 1.77421e+007 1.77421e+007 1.77421e+007 1.77421e+007 1.77421e+007 1.77421e+007 1.77421e+007 1.77421e+007 1.77421e+007 1.77421e+007 1.77421e+007 1.77421e+007 1.77421e+007 1.77421e+007 1.77421e+007 1.77421e+007 1.77421e+007 1.77421e+007 1.77421e+007 1.77421e+007 1.77421e+007 1.77421e+007 1.77421e+007 1.77421e+007 1.77421e+007 1.77421e+007 1.77421e+007 1.77421e+007 1.77421e+007 1.77421e+007 1.77421e+007 1.77421e+007 1.77421e+007 1.77421e+007 1.77421e+007 1.77421e+007 1.77421e+007 1.77421e+007 1.77421e+007 1.77421e+007 1.77421e+007 1.77421e+007 1.77421e+007 1.77421e+007 1.77421e+007 0 0 0 0 0 0 0 0 0 0 0 0 0 0 0 0 0 0 0 0 0 0 0 0 0
#obs survey bio
 5.10464e+006 3.21078e+006 2.78775e+006 3.5237e+006 2.24338e+006 1.9826e+006 2.75168e+006 2.39255e+006 1.50557e+006 2.29695e+006 1.48421e+006 1.23245e+006 1.01588e+006 811121 1.05507e+006 936214 906948 1.03317e+006 731779 678046 457174 842589 504898 590787 496921 671411 524354 386131 543085 606144 640126 462294 481606 820152 600603 540175 469208 376401 561388 733616 723702 597782 480061 638903 468762 607846 474021 536517 571784 567532 661184 545700 748360 652318 560320 725729 555600 485526 646528
#pred catch bio
 104484 96585.2 148945 194920 234353 283484 287606 290415 296137 336388 275140 264793 279069 233748 256261 204922 175424 172176 156460 146682 141781 120901 122175 121749 108017 99753 105820 98327.4 94842.7 91330.5 103466 95115.8 100576 98464.5 90949.6 88195.4 91472.7 82441.3 87024.8 92665.8 89564 86074.7 85438.8 94362.5 80532.8 77207.8 91745.6 88519 92890.9 92379.4 85787.3 87700 95408.8 105940 113013 98684.2 119406 85633.8 67109.7 65619.4 84975.5 84513.9 88035.4 94633.1 101983 108663 114121 118291 121334 123481 124958 125955 126617 127052 127335 127518 127636 127711 127759 127789 127808 127820 127828 127833 127836 127838 127839 127839 127840 127840 127840 127841 127841 127841 127841 127841 127841 127841 127841 127841 127841 127841 127841 127841 127841 127841 127841 127841 127841 127841 127841 127841 127841 127841 127841 127841 127841 127841 127841 127841 127841 127841 127841 127841 127841 127841 127841 127841 127841 127841 127841 127841 127841 127841 127841 127841 127841 127841 127841 127841 127841 127841 127841 127841 127841 127841 127841 127841 127841 127841 127841 127841 127841 127841 127841 127841 127841 127841 127841 0 0 0 0 0 0 0 0 0 0 0 0 0 0 0 0 0 0 0 0 0 0 0 0 0
#obs catch bio
 0 96312.5 149574 196113 236822 288601 293077 296686 303053 346379 281766 272758 289357 241137 266510 211312 180544 176770 159877 149086 145127 122656 124512 123769 109608 100900 107122 100232 96703.1 92739.2 105020 95940.1 101978 99398.7 91596.9 88529.6 91956.9 82809.3 87718.9 92848.8 89639.7 85906.6 85264.4 94227.5 80708.4 77339.9 92262 88986.2 93334.4 92959.5 86275.5 88367 95794.4 106131 113527 98168.2 120104 86088.5 66975.4
#pred cpue bio
 4.64946e+006 4.38451e+006 4.13422e+006 3.84195e+006 3.52626e+006 3.20137e+006 2.86002e+006 2.55022e+006 2.26961e+006 2.01043e+006 1.72991e+006 1.53528e+006 1.36675e+006 1.19208e+006 1.074e+006 932429 847535 794966 742621 702684 668623 635390 622380 604790 584055 576299 576843 569867 571747 578146 587783 580448 578775 566958 552590 541732 531332 519206 523167 526744 524543 524316 526605 528946 520778 529476 544591 544884 550029 551309 554193 566040 576526 576982 562408 536435 524958 487595 486506 1.76619e+007 1.04711e+007 1.04787e+007 1.09797e+007 1.18736e+007 1.28704e+007 1.37894e+007 1.45575e+007 1.51628e+007 1.56221e+007 1.59621e+007 1.62098e+007 1.63886e+007 1.65172e+007 1.66097e+007 1.66762e+007 1.67244e+007 1.67595e+007 1.67851e+007 1.6804e+007 1.68181e+007 1.68285e+007 1.68363e+007 1.68423e+007 1.68467e+007 1.68501e+007 1.68527e+007 1.68547e+007 1.68562e+007 1.68574e+007 1.68582e+007 1.68589e+007 1.68595e+007 1.68599e+007 1.68602e+007 1.68604e+007 1.68606e+007 1.68607e+007 1.68609e+007 1.68609e+007 1.6861e+007 1.68611e+007 1.68611e+007 1.68611e+007 1.68612e+007 1.68612e+007 1.68612e+007 1.68612e+007 1.68612e+007 1.68612e+007 1.68612e+007 1.68612e+007 1.68612e+007 1.68612e+007 1.68612e+007 1.68612e+007 1.68612e+007 1.68612e+007 1.68612e+007 1.68612e+007 1.68612e+007 1.68612e+007 1.68612e+007 1.68612e+007 1.68612e+007 1.68612e+007 1.68612e+007 1.68612e+007 1.68612e+007 1.68612e+007 1.68612e+007 1.68612e+007 1.68612e+007 1.68612e+007 1.68612e+007 1.68612e+007 1.68612e+007 1.68612e+007 1.68612e+007 1.68612e+007 1.68612e+007 1.68612e+007 1.68612e+007 1.68612e+007 1.68612e+007 1.68612e+007 1.68612e+007 1.68612e+007 1.68612e+007 1.68612e+007 1.68612e+007 1.68612e+007 1.68612e+007 1.68612e+007 1.68612e+007 1.68612e+007 1.68612e+007 1.68612e+007 1.68612e+007 1.68612e+007 0 0 0 0 0 0 0 0 0 0 0 0 0 0 0 0 0 0 0 0 0 0 0 0 0
#obs cpue bio
 3.25827e+006 2.75114e+006 3.54876e+006 2.80765e+006 2.4778e+006 2.9387e+006 2.33035e+006 2.02201e+006 2.6693e+006 1.71197e+006 1.40013e+006 1.00393e+006 1.29856e+006 1.05318e+006 838207 654836 498533 594748 668410 786059 529046 510141 515537 644848 537489 469725 637394 340917 450388 531400 687567 800536 489033 491728 512663 672633 607232 597823 395773 661972 407272 597621 593162 549209 356294 444612 613200 457394 595962 463395 406950 484933 626366 648627 522252 630663 379140 351982 603420
#pred surv len freq
 0.00446349 0.00736475 0.0113041 0.0163318 0.0223593 0.0290573 0.0358377 0.0420142 0.0470636 0.0507936 0.0533147 0.0548908 0.0558024 0.0562715 0.0564322 0.056323 0.0559007 0.0550651 0.0536703 0.0515127 0.0483244 0.0438353 0.0379347 0.0308618 0.0232706
 0.00474875 0.00771912 0.0116404 0.016515 0.0222599 0.0286262 0.0351555 0.0412703 0.0464687 0.0504754 0.0532614 0.0549736 0.0558544 0.0561763 0.0561777 0.0560037 0.0556713 0.0550675 0.0539645 0.0520452 0.0489517 0.0443912 0.0383035 0.0310168 0.0232619
 0.00502094 0.00817767 0.012351 0.0175242 0.0235567 0.0300998 0.0365836 0.0423732 0.0470214 0.0504156 0.0527128 0.0541633 0.0549836 0.0553366 0.0553599 0.0551714 0.054833 0.0542935 0.0533461 0.051633 0.0487207 0.0442568 0.0381741 0.0308426 0.0230485
 0.00526157 0.00857165 0.0129511 0.0183858 0.0247306 0.0316135 0.0384111 0.044402 0.0490401 0.0521436 0.0538777 0.0545969 0.0546822 0.0544433 0.0540814 0.0536907 0.0532737 0.052738 0.0518665 0.0502961 0.0475694 0.0432951 0.0373776 0.0301842 0.022516
 0.0055122 0.00897774 0.0135603 0.0192432 0.0258726 0.0330578 0.0401442 0.0463701 0.0511461 0.0542447 0.0557859 0.0560923 0.0555554 0.054558 0.053425 0.0523762 0.0514912 0.0506924 0.0497359 0.0482208 0.0456537 0.0416102 0.0359627 0.029052 0.0216593
 0.00573904 0.009353 0.0141372 0.0200756 0.027005 0.0345094 0.0418926 0.0483472 0.0532489 0.0563539 0.0577769 0.0578322 0.0568954 0.05534 0.0535127 0.0517015 0.050089 0.0487 0.047358 0.0456813 0.0431579 0.0393235 0.0340015 0.0274801 0.0204882
 0.00598936 0.00976012 0.0147508 0.0209437 0.0281665 0.0359822 0.0436589 0.0503458 0.0553803 0.0584965 0.0598038 0.0596225 0.0583347 0.0563164 0.0539143 0.0514289 0.049085 0.0469846 0.0450477 0.0429785 0.0403131 0.0365875 0.0315817 0.0255104 0.0190166
 0.00625264 0.0101829 0.0153776 0.0218135 0.0293069 0.0373999 0.0453297 0.0522096 0.0573483 0.060466 0.0616717 0.0612909 0.0597115 0.0573117 0.0544375 0.0513899 0.0484063 0.0456275 0.0430464 0.0404623 0.0375014 0.033751 0.0289827 0.0233447 0.0173776
 0.00650287 0.0105909 0.0159936 0.0226843 0.030466 0.0388531 0.0470403 0.0540963 0.0592987 0.0623619 0.0634093 0.062789 0.0609074 0.0581515 0.0548664 0.0513461 0.0478243 0.044455 0.0412751 0.0381621 0.0348383 0.0309709 0.0263581 0.0211051 0.0156535
 0.00674181 0.0109816 0.016586 0.0235263 0.0315951 0.0402812 0.0487385 0.0559878 0.0612688 0.0642787 0.0651475 0.0642462 0.0620113 0.0588578 0.0551487 0.0511819 0.0471852 0.0433101 0.0396119 0.0360206 0.0323405 0.0283225 0.0238119 0.0188934 0.0139246
 0.0071596 0.0116391 0.0175351 0.0248004 0.0332034 0.0422009 0.0509038 0.0582864 0.0635535 0.066392 0.0669468 0.0656216 0.0628928 0.0592156 0.0549857 0.0505205 0.0460514 0.0417249 0.0375981 0.0336273 0.0296737 0.025559 0.0211768 0.0166043 0.0121274
 0.00742238 0.0120715 0.0181944 0.0257411 0.0344631 0.0437807 0.0527509 0.0602926 0.0655759 0.0682856 0.0685901 0.0669248 0.0637942 0.0596753 0.054983 0.0500526 0.0451305 0.0403738 0.0358516 0.0315431 0.0273512 0.0231503 0.0188727 0.0145919 0.0105367
 0.007623 0.0124045 0.0187086 0.026487 0.0354842 0.0450972 0.0543423 0.0620884 0.0674612 0.0701202 0.0702328 0.0682546 0.0647248 0.0601589 0.0550052 0.0496217 0.0442684 0.0391116 0.0342317 0.0296294 0.0252409 0.020981 0.01681 0.0127954 0.0091168
 0.00791352 0.0128706 0.0193983 0.0274404 0.0367254 0.0466223 0.056106 0.0639996 0.069393 0.0719319 0.0717913 0.06945 0.065479 0.0604301 0.0547879 0.048941 0.0431697 0.0376508 0.0324724 0.0276474 0.0231349 0.0188768 0.0148513 0.0111148 0.00780172
 0.00800262 0.013032 0.0196722 0.0278749 0.0373665 0.0474977 0.0572093 0.0652847 0.0707824 0.0733317 0.0731056 0.0705887 0.0663615 0.0609898 0.0549775 0.048738 0.0425779 0.0366996 0.0312133 0.0261532 0.0215008 0.017219 0.0132958 0.0097748 0.00675066
 0.00828608 0.0134802 0.020323 0.0287551 0.0384869 0.0488456 0.0587391 0.0669128 0.0723946 0.0748017 0.0743173 0.0714541 0.0668301 0.061048 0.0546408 0.0480396 0.0415607 0.0354125 0.0297134 0.0245107 0.019802 0.0155653 0.0117923 0.00851065 0.00577728
 0.00832794 0.0135635 0.0204769 0.0290163 0.038892 0.049418 0.0594778 0.0677888 0.0733579 0.0757915 0.0752697 0.0723046 0.0675148 0.061509 0.0548339 0.047941 0.0411694 0.0347488 0.0288169 0.0234392 0.0186315 0.0143856 0.0106962 0.00757661 0.00505236
 0.0082268 0.0134118 0.0202739 0.0287742 0.0386379 0.0491951 0.0593421 0.067801 0.0735671 0.0762183 0.0758957 0.0730748 0.0683497 0.0623193 0.055533 0.0484554 0.0414465 0.0347633 0.0285737 0.0229731 0.0180036 0.0136755 0.00998939 0.006948 0.00455097
 0.00827119 0.0134661 0.020323 0.0287944 0.0386053 0.0490983 0.0591932 0.0676373 0.0734429 0.0761892 0.0760033 0.0733343 0.0687455 0.0628067 0.0560471 0.0489227 0.0417982 0.034947 0.0285623 0.0227702 0.0176433 0.0132165 0.00950192 0.00649735 0.00418281
 0.00839352 0.0136423 0.020545 0.0290377 0.0388325 0.0492673 0.0592669 0.0675936 0.0732834 0.0759458 0.0757342 0.0731107 0.0686291 0.06283 0.0562035 0.0491698 0.0420708 0.0351751 0.0286885 0.0227629 0.0175031 0.012974 0.00920677 0.0062029 0.00393071
 0.00841788 0.0136966 0.0206526 0.029225 0.0391173 0.0496426 0.0596895 0.0679889 0.073568 0.0760578 0.0756568 0.0728767 0.0683081 0.0625042 0.055942 0.0490094 0.0420093 0.0351774 0.028703 0.0227416 0.0174183 0.0128246 0.00901534 0.00600324 0.00375388
 0.00847589 0.0137815 0.0207638 0.0293592 0.0392728 0.0498243 0.0599088 0.0682541 0.07387 0.0763604 0.075901 0.0730024 0.0682808 0.0623321 0.0556728 0.0487098 0.0417378 0.0349648 0.0285478 0.0226203 0.0173022 0.0126958 0.00887322 0.00586067 0.00362782
 0.00845015 0.013735 0.0206854 0.0292362 0.0390953 0.0495914 0.0596357 0.0679751 0.0736341 0.0762184 0.0758887 0.0731244 0.0685063 0.0626064 0.0559403 0.0489351 0.0419131 0.0351009 0.0286581 0.0227089 0.0173636 0.0127229 0.00886538 0.0058268 0.00358239
 0.0084621 0.0137547 0.020715 0.0292762 0.0391422 0.0496355 0.0596611 0.0679634 0.073573 0.0761107 0.0757557 0.0730008 0.0684262 0.0625885 0.0559804 0.0490109 0.0419972 0.0351738 0.0287123 0.0227446 0.0173827 0.0127258 0.00885272 0.00580218 0.00355235
 0.00854999 0.0138843 0.0208854 0.0294779 0.0393595 0.0498508 0.0598572 0.0681235 0.0736797 0.0761474 0.0757119 0.0728782 0.0682428 0.0623754 0.0557721 0.0488329 0.0418597 0.035073 0.0286376 0.0226859 0.0173331 0.0126818 0.00881267 0.00576603 0.00352122
 0.00860939 0.0139673 0.0209851 0.0295786 0.039441 0.0498943 0.0598517 0.0680691 0.073587 0.0760342 0.0755974 0.0727775 0.0681637 0.0623193 0.0557378 0.04882 0.0418681 0.0351001 0.0286771 0.0227286 0.0173704 0.0127081 0.0088267 0.0057696 0.00351798
 0.0087279 0.0141337 0.0211863 0.0297851 0.0396132 0.0499951 0.0598572 0.0679739 0.0734042 0.0757917 0.0753324 0.0725289 0.0679634 0.0621853 0.0556725 0.0488139 0.0419057 0.0351654 0.0287558 0.0228088 0.0174425 0.0127657 0.00886715 0.00579407 0.00353014
 0.00875802 0.0142069 0.0213391 0.0300602 0.0400413 0.0505698 0.060518 0.0686135 0.0739012 0.0760541 0.0753268 0.0722833 0.067547 0.0616818 0.0551571 0.0483409 0.0415053 0.0348475 0.0285164 0.0226366 0.0173236 0.0126863 0.00881539 0.00576088 0.00350916
 0.00855687 0.0139139 0.0209634 0.0296376 0.0396312 0.0502447 0.0603491 0.0686516 0.0741568 0.0764841 0.075841 0.0727733 0.0679252 0.0619082 0.0552421 0.0483272 0.0414437 0.0347784 0.0284629 0.0226057 0.0173123 0.0126874 0.00882176 0.00576761 0.00351397
 0.00832854 0.0135532 0.0204423 0.0289439 0.0387782 0.0492839 0.0593772 0.0678029 0.0735729 0.0762704 0.0760306 0.0733161 0.0687062 0.0627856 0.0560893 0.0490617 0.0420348 0.0352345 0.0288107 0.0228726 0.0175179 0.0128433 0.00893523 0.00584511 0.00356281
 0.00813827 0.0132451 0.0199819 0.0283018 0.0379393 0.0482601 0.0582215 0.0666144 0.0724864 0.0754316 0.0755641 0.073295 0.069132 0.0635853 0.0571333 0.0501995 0.043133 0.0362035 0.02961 0.0235001 0.0179919 0.0131887 0.00917658 0.00600492 0.00366172
 0.00816142 0.0132665 0.0199832 0.0282537 0.037806 0.0480081 0.0578298 0.0660828 0.0718409 0.0747265 0.07488 0.0727291 0.068778 0.0635076 0.0573459 0.0506587 0.0437512 0.0368766 0.0302481 0.0240453 0.0184212 0.0135049 0.00939605 0.00614852 0.00374976
 0.00798106 0.0130091 0.0196609 0.0278979 0.0374545 0.0476868 0.0575397 0.0658019 0.0715394 0.0743871 0.0745116 0.0723703 0.0684894 0.063357 0.0573881 0.0509171 0.0442058 0.0374674 0.0308921 0.0246615 0.0189506 0.0139191 0.00969397 0.00634643 0.0038713
 0.00776961 0.0126878 0.0192211 0.0273515 0.0368359 0.0470522 0.0569609 0.0653516 0.0712681 0.074301 0.0745701 0.0725064 0.0686446 0.063508 0.0575523 0.0511352 0.0445148 0.0378777 0.0313794 0.0251755 0.0194341 0.0143275 0.0100055 0.0065621 0.00400717
 0.00780622 0.0127035 0.0191655 0.0271546 0.036432 0.0464143 0.0561292 0.0644345 0.0704115 0.0736411 0.0741913 0.0724231 0.0688096 0.0638403 0.0579721 0.0515896 0.0449846 0.0383643 0.0318836 0.0256829 0.0199147 0.0147469 0.0103389 0.00680224 0.00416356
 0.00846341 0.0136331 0.0203049 0.0283512 0.0374773 0.0471049 0.0563239 0.0640864 0.0695734 0.0724523 0.0728484 0.0711338 0.0677403 0.0630796 0.0575246 0.051402 0.0449835 0.0384859 0.0320838 0.025931 0.0201831 0.0150068 0.0105645 0.00697725 0.00428472
 0.00913191 0.0146907 0.021833 0.0303811 0.039955 0.0498532 0.0590259 0.0663276 0.0709535 0.0727224 0.0719978 0.0693805 0.0654397 0.0606066 0.0551819 0.0493758 0.0433473 0.0372328 0.0311662 0.0252897 0.0197608 0.0147504 0.0104249 0.00691159 0.00425973
 0.00915131 0.0148219 0.0222131 0.0311952 0.0413833 0.0519869 0.061789 0.0694499 0.0740146 0.0752503 0.0735866 0.0697921 0.0646605 0.0588407 0.0527793 0.0467265 0.0407832 0.0349738 0.0293155 0.0238617 0.0187171 0.0140284 0.00995475 0.0066257 0.00409864
 0.00867118 0.0141194 0.0213083 0.0301768 0.0404099 0.0512723 0.0615711 0.0699357 0.0753023 0.0772557 0.076022 0.072227 0.066649 0.0600583 0.0531105 0.0462698 0.0397852 0.0337285 0.0280756 0.0227911 0.0178867 0.0134396 0.00957012 0.0063939 0.00397013
 0.00842094 0.0136951 0.0206423 0.0292092 0.0391196 0.0497199 0.0599309 0.0684884 0.0743725 0.0771131 0.0767856 0.0738124 0.068778 0.0623322 0.0551254 0.0477329 0.0405849 0.0339328 0.0278681 0.0223839 0.0174509 0.0130751 0.00931141 0.00623304 0.00388138
 0.00838696 0.0136248 0.0205066 0.0289662 0.0387187 0.0491132 0.0590941 0.0674467 0.0732244 0.0760364 0.07601 0.0735549 0.0691607 0.0633207 0.0565234 0.0492438 0.0419142 0.0348835 0.0283863 0.0225401 0.0173799 0.0129102 0.00914451 0.0061069 0.00380264
 0.00844825 0.0137045 0.0205886 0.0290204 0.0387049 0.0489892 0.0588237 0.0670065 0.0726113 0.0752798 0.0751861 0.0727914 0.0686185 0.0631464 0.0567888 0.0499035 0.0428115 0.0358082 0.0291546 0.0230548 0.0176421 0.0129874 0.00912249 0.0060532 0.00375409
 0.00852521 0.0138192 0.0207408 0.0292001 0.0388912 0.0491504 0.0589193 0.0669921 0.0724484 0.0749482 0.0746951 0.0721865 0.0679823 0.0625896 0.0564263 0.0498175 0.0430147 0.0362313 0.0296715 0.0235343 0.0179972 0.0131954 0.00921113 0.00607043 0.00374179
 0.0086116 0.0139514 0.0209241 0.0294325 0.0391627 0.0494419 0.0592018 0.0672272 0.0725929 0.0749623 0.0745521 0.0718821 0.0675404 0.062065 0.0558999 0.0493805 0.0427425 0.0361561 0.0297683 0.023733 0.0182145 0.0133694 0.00931767 0.00611766 0.00375239
 0.00876689 0.0141976 0.0212816 0.0299136 0.0397654 0.0501432 0.0599518 0.0679509 0.0732023 0.0753764 0.0747138 0.0717672 0.0671593 0.0614607 0.055144 0.0485658 0.0419682 0.0355065 0.0292918 0.0234315 0.0180515 0.0132917 0.00927895 0.00609086 0.00372856
 0.00874668 0.01417 0.0212508 0.0298883 0.0397593 0.0501735 0.0600358 0.0681011 0.07342 0.0756454 0.0749998 0.0720227 0.0673351 0.061519 0.0550699 0.0483728 0.0416971 0.0352143 0.0290344 0.0232456 0.0179453 0.0132491 0.00927266 0.00609718 0.00373426
 0.00868206 0.0140678 0.0211028 0.0296906 0.0395154 0.0498978 0.0597564 0.0678585 0.0732591 0.0756031 0.0750927 0.0722404 0.0676407 0.0618577 0.055383 0.0486141 0.041845 0.0352757 0.0290378 0.0232269 0.0179324 0.0132535 0.00929154 0.0061208 0.00375425
 0.0086942 0.0140957 0.0211592 0.0297903 0.0396691 0.0501035 0.0599944 0.0680934 0.0734522 0.0757274 0.075142 0.0722281 0.0675895 0.061787 0.0553004 0.0485151 0.0417204 0.0351214 0.0288617 0.0230478 0.0177727 0.0131291 0.00920706 0.00607057 0.00372782
 0.00870026 0.0140988 0.0211522 0.029765 0.0396207 0.0500376 0.059929 0.0680543 0.073461 0.0757895 0.0752439 0.0723446 0.067697 0.0618721 0.0553604 0.0485517 0.0417337 0.0351092 0.0288233 0.0229886 0.0177039 0.013064 0.00915543 0.00603586 0.00370787
 0.00872604 0.0141429 0.021222 0.0298664 0.0397552 0.050197 0.0600945 0.0682009 0.073567 0.0758461 0.0752567 0.0723271 0.0676608 0.0618218 0.0552956 0.0484716 0.0416399 0.0350053 0.0287138 0.0228785 0.0175993 0.0129721 0.00908196 0.00598321 0.0036743
 0.00867633 0.0140751 0.021144 0.0297945 0.0397097 0.0501963 0.0601479 0.0683051 0.0737067 0.0759978 0.0753957 0.0724349 0.0677297 0.0618541 0.0552987 0.0484529 0.0416042 0.0349557 0.0286534 0.0228113 0.0175308 0.0129083 0.00902805 0.00594226 0.00364657
 0.00846029 0.0137512 0.0207084 0.0292645 0.0391221 0.0496025 0.0596089 0.067884 0.0734574 0.075951 0.0755493 0.0727552 0.0681629 0.062342 0.0557912 0.048914 0.0420118 0.0352986 0.028928 0.0230195 0.0176793 0.0130071 0.00908897 0.00597693 0.00366478
 0.00826174 0.0134375 0.0202549 0.0286585 0.0383709 0.048742 0.0587097 0.0670464 0.0727911 0.0755458 0.075452 0.072962 0.0686269 0.0629893 0.0565388 0.0496843 0.0427433 0.0359496 0.0294757 0.0234569 0.0180105 0.013244 0.00924817 0.00607687 0.00372307
 0.00828433 0.0134489 0.0202254 0.0285449 0.0381277 0.04834 0.0581528 0.0663782 0.0720876 0.0748986 0.074949 0.0726697 0.0685782 0.0631784 0.0569248 0.0502034 0.0433238 0.0365265 0.0299999 0.0238987 0.018358 0.0134995 0.00942362 0.00618888 0.00378923
 0.00840645 0.0136451 0.0205137 0.0289336 0.038605 0.0488628 0.0586427 0.0667335 0.072214 0.0747466 0.0745357 0.0720744 0.0679147 0.0625593 0.0564332 0.0498792 0.0431645 0.0364992 0.030058 0.0239966 0.0184611 0.0135874 0.00948831 0.00623109 0.00381387
 0.00855635 0.0138893 0.0208815 0.0294504 0.0392847 0.0496955 0.0595811 0.0676881 0.0730621 0.0753569 0.0748011 0.0719427 0.0674062 0.0617639 0.0554844 0.0489164 0.042299 0.0357946 0.0295303 0.0236276 0.0182164 0.013431 0.00939074 0.00617143 0.0037784
 0.00849873 0.0138133 0.0208005 0.0293906 0.0392808 0.0497829 0.0597873 0.0680237 0.0735141 0.0758836 0.0753321 0.0723896 0.0676841 0.0618176 0.0553091 0.04856 0.0418445 0.0353315 0.0291274 0.0233194 0.0180056 0.0133 0.00931558 0.00613083 0.00375731
 0.00840471 0.013711 0.0207397 0.0294473 0.0395358 0.0502881 0.0605371 0.0689502 0.0745069 0.0768215 0.0761098 0.0729296 0.0679385 0.0617676 0.0549658 0.0479676 0.0410786 0.0344885 0.0283048 0.0225951 0.017424 0.0128709 0.00902299 0.00594566 0.00364839
 0.0077595 0.012733 0.0194049 0.0277932 0.0376672 0.0483735 0.0587977 0.0676298 0.0738157 0.0768711 0.0768752 0.0742607 0.069612 0.0635481 0.0566531 0.0494213 0.0422265 0.0353216 0.0288633 0.0229456 0.0176361 0.0130004 0.00910567 0.00600045 0.00368437
#obs surv len freq
 nan nan nan nan nan nan nan nan nan nan nan nan nan nan nan nan nan nan nan nan nan nan nan nan nan
 0.00448481 0.00734623 0.0111763 0.0159927 0.0216935 0.0279691 0.0342831 0.0400142 0.0446936 0.0481572 0.0505148 0.0520104 0.0529024 0.0534146 0.0537288 0.0539835 0.054262 0.0545547 0.0546934 0.0542853 0.0527234 0.0493555 0.0438054 0.0362856 0.0276693
 0.004617 0.00756295 0.0115055 0.0164604 0.0223174 0.0287488 0.0351904 0.0409902 0.0456573 0.0490214 0.0512028 0.0524672 0.0531002 0.0533526 0.0534291 0.0534835 0.0536049 0.0537833 0.0538467 0.0534003 0.0518389 0.0485148 0.0430532 0.0356599 0.0271911
 0.00477973 0.00782953 0.0119105 0.0170374 0.0230924 0.0297297 0.0363558 0.0422838 0.046993 0.0502974 0.0523165 0.0533282 0.0536399 0.0535314 0.0532394 0.0529476 0.0527686 0.0527061 0.0525952 0.0520448 0.0504548 0.0471828 0.0418533 0.0346581 0.0264241
 0.00497493 0.00814833 0.0123931 0.0177223 0.0240094 0.0308883 0.0377331 0.0438197 0.0485972 0.0518639 0.0537384 0.0545063 0.0544882 0.0539825 0.0532503 0.0525057 0.0518934 0.051448 0.0510305 0.0502717 0.0485896 0.0453535 0.0401866 0.0332575 0.0253478
 0.0051861 0.00849464 0.0129199 0.018474 0.0250208 0.0321717 0.0392642 0.0455328 0.050394 0.0536315 0.055366 0.0558941 0.0555494 0.0546434 0.053452 0.0522088 0.0510847 0.0501484 0.0493012 0.0482166 0.0463529 0.0431076 0.038108 0.0314934 0.0239837
 0.00541613 0.00887067 0.0134899 0.0192842 0.0261077 0.0335485 0.0409063 0.0473724 0.0523286 0.0555425 0.0571367 0.0574205 0.0567435 0.0554319 0.0537749 0.0520181 0.0503493 0.0488633 0.0475026 0.0459957 0.0438613 0.0405467 0.035697 0.0294223 0.0223693
 0.00565328 0.0092608 0.0140855 0.0201372 0.0272593 0.0350129 0.0426553 0.0493295 0.0543805 0.0575613 0.0590003 0.0590238 0.0580007 0.0562739 0.0541458 0.0518717 0.0496497 0.0475927 0.0456778 0.0436899 0.0412193 0.0377807 0.0330528 0.0271237 0.0205615
 0.00588764 0.00964418 0.0146672 0.0209655 0.028373 0.0364282 0.0443505 0.0512384 0.0564002 0.05957 0.060876 0.0606567 0.0592992 0.0571658 0.0545745 0.0517924 0.0490262 0.046402 0.0439252 0.0414326 0.0385884 0.0349832 0.0303421 0.0247405 0.0186701
 0.0061373 0.0100529 0.0152876 0.021848 0.0295559 0.0379221 0.0461227 0.0532083 0.0584518 0.0615751 0.0627151 0.0622296 0.0605261 0.0579848 0.0549378 0.0516622 0.0483716 0.0452021 0.0421819 0.0391938 0.0359721 0.0321857 0.0276126 0.0223236 0.0167392
 0.00637075 0.0104367 0.0158732 0.0226859 0.0306863 0.0393589 0.0478374 0.0551242 0.0604543 0.0635341 0.0645067 0.0637497 0.0616955 0.0587473 0.0552551 0.0515066 0.0477213 0.0440418 0.040514 0.0370602 0.0334783 0.0295116 0.0249921 0.0199915 0.0148664
 0.00660318 0.0108161 0.0164472 0.0235 0.0317753 0.0407336 0.0494701 0.0569434 0.0623533 0.0653907 0.0662025 0.0651829 0.0627865 0.0594401 0.0555143 0.0513116 0.0470604 0.0429098 0.0389199 0.0350449 0.0311379 0.0270083 0.0225387 0.0178042 0.0131053
 0.00683344 0.0111972 0.0170328 0.0243431 0.0329163 0.0421816 0.0511855 0.0588338 0.0642895 0.0672341 0.06783 0.0665 0.0637284 0.0599678 0.055609 0.0509683 0.0462816 0.0417042 0.037307 0.0330703 0.0288922 0.0246383 0.0202346 0.0157591 0.0114618
 0.00705131 0.0115514 0.017566 0.0250961 0.0339204 0.0434477 0.0526907 0.0605138 0.0660442 0.068943 0.0693715 0.0677676 0.0646419 0.0604778 0.0556944 0.0506291 0.0455303 0.0405606 0.0358006 0.0312516 0.0268479 0.0225004 0.0181696 0.0139338 0.00999834
 0.00727767 0.0119206 0.0181235 0.0258834 0.0349656 0.0447511 0.0542113 0.0621675 0.0677175 0.0705171 0.0707422 0.0688537 0.0653859 0.0608429 0.0556639 0.0502039 0.044726 0.0394039 0.0343297 0.0295225 0.0249454 0.0205439 0.0163038 0.0122999 0.00869705
 0.00743255 0.0121819 0.0185342 0.0264891 0.0358044 0.0458377 0.0555211 0.0636315 0.0692325 0.0719669 0.0720188 0.069871 0.066085 0.0611912 0.0556502 0.049833 0.0440141 0.0383771 0.0330259 0.0279972 0.0232789 0.0188436 0.0146945 0.0108998 0.00758775
 0.00751751 0.0123192 0.0187404 0.0267819 0.0362032 0.0463617 0.0561849 0.0644373 0.0701626 0.0729786 0.0730452 0.0708297 0.0668912 0.061772 0.0559536 0.0498309 0.0436998 0.0377623 0.0321399 0.026889 0.0220209 0.0175314 0.0134369 0.00979819 0.00671169
 0.00760153 0.0124517 0.0189321 0.0270401 0.0365309 0.0467568 0.0566398 0.0649403 0.0707019 0.0735448 0.0736293 0.0714156 0.0674479 0.0622522 0.0563003 0.0499892 0.0436289 0.0374428 0.0315775 0.0261158 0.0210958 0.0165362 0.0124658 0.00893861 0.00602411
 0.00765884 0.0125383 0.0190506 0.027189 0.036706 0.0469533 0.0568539 0.0651698 0.0709464 0.0738066 0.0739128 0.0717248 0.0677813 0.0625958 0.0566232 0.0502454 0.0437657 0.0374136 0.0313551 0.025702 0.0205245 0.0158698 0.0117827 0.00831508 0.00551553
 0.00774519 0.0126728 0.0192413 0.0274382 0.0370081 0.0472935 0.0572073 0.0655046 0.0712316 0.0740219 0.074055 0.0718072 0.0678266 0.0626262 0.0566505 0.0502647 0.0437541 0.0373363 0.0311777 0.025405 0.0201143 0.0153815 0.0112716 0.00784084 0.00512412
 0.00776588 0.0127045 0.0192857 0.0274959 0.0370794 0.0473784 0.0573059 0.0656157 0.0713519 0.0741454 0.0741747 0.0719176 0.0679263 0.0627179 0.0567385 0.0503492 0.0438261 0.0373758 0.0311578 0.0253023 0.0199207 0.0151115 0.0109605 0.00753322 0.004859
 0.00782497 0.0127913 0.019399 0.0276284 0.0372198 0.0475146 0.0574279 0.0657171 0.0714301 0.0742012 0.0742112 0.0719389 0.0679361 0.0627197 0.0567355 0.0503437 0.0438171 0.0373566 0.0311148 0.0252192 0.0197868 0.0149292 0.0107479 0.00731872 0.00467024
 0.00785738 0.0128432 0.0194752 0.0277317 0.0373486 0.0476611 0.0575771 0.0658492 0.0715265 0.0742516 0.0742173 0.0719121 0.0678919 0.0626715 0.0566916 0.0503069 0.043786 0.0373257 0.0310753 0.0251603 0.0196997 0.0148123 0.0106098 0.0071762 0.0045419
 0.00789326 0.0128957 0.0195435 0.0278117 0.0374346 0.0477482 0.0576619 0.0659295 0.0715986 0.0743094 0.0742532 0.0719209 0.0678736 0.0626324 0.0566415 0.0502555 0.043739 0.0372836 0.0310338 0.0251122 0.019638 0.0147341 0.0105186 0.00708162 0.00445556
 0.00787393 0.0128679 0.0195082 0.0277717 0.0373936 0.047709 0.0576263 0.0658984 0.0715747 0.0742974 0.0742587 0.0719471 0.0679191 0.062691 0.0567055 0.0503183 0.0437967 0.0373337 0.0310734 0.0251372 0.0196442 0.0147197 0.0104862 0.00703808 0.00441008
 0.00789765 0.0128959 0.0195314 0.027776 0.0373648 0.0476403 0.0575229 0.0657775 0.0714586 0.0742055 0.0742024 0.0719294 0.0679374 0.0627393 0.0567757 0.0504013 0.0438831 0.0374154 0.031144 0.025192 0.01968 0.0147353 0.0104836 0.0070224 0.00438825
 0.00790124 0.012903 0.0195437 0.0277942 0.0373863 0.047657 0.0575214 0.0657435 0.0713841 0.0740961 0.0740771 0.0718146 0.0678564 0.0627048 0.0567882 0.0504519 0.0439585 0.0375017 0.0312288 0.025266 0.019737 0.0147727 0.0105023 0.00702634 0.00438298
 0.0078984 0.012893 0.0195189 0.0277453 0.0373059 0.047544 0.0573843 0.0655984 0.0712486 0.0739824 0.0739907 0.071757 0.0678298 0.062714 0.0568374 0.0505406 0.0440793 0.0376411 0.0313716 0.0253977 0.0198474 0.0148564 0.010559 0.00705962 0.00439907
 0.00788674 0.0128747 0.0194923 0.0277083 0.0372557 0.0474765 0.0572956 0.0654871 0.0711192 0.0738468 0.0738658 0.0716597 0.067772 0.0627005 0.0568675 0.0506102 0.0441819 0.0377676 0.0315097 0.0255339 0.0199691 0.014955 0.010631 0.00710674 0.00442624
 0.00786803 0.0128417 0.0194382 0.0276258 0.0371396 0.0473273 0.0571214 0.0653032 0.070944 0.0736962 0.0737512 0.0715876 0.0677462 0.0627227 0.0569364 0.050721 0.044326 0.0379339 0.0316853 0.0257053 0.0201239 0.0150838 0.010729 0.00717437 0.00446834
 0.00785371 0.0128177 0.0194005 0.0275701 0.0370613 0.047223 0.0569908 0.0651506 0.0707793 0.0735343 0.0736089 0.0714807 0.0676854 0.0627129 0.0569769 0.0508067 0.0444492 0.0380841 0.0318502 0.0258715 0.0202784 0.015216 0.0108328 0.00724861 0.00451639
 0.00783737 0.0127897 0.019356 0.0275038 0.0369689 0.0471032 0.0568472 0.0649918 0.0706172 0.0733818 0.0734779 0.0713813 0.0676265 0.0627004 0.057013 0.0508892 0.0445714 0.0382358 0.032019 0.0260436 0.0204405 0.015357 0.0109455 0.0073309 0.00457097
 0.00781157 0.0127469 0.0192899 0.0274083 0.0368395 0.0469397 0.0566554 0.0647848 0.0704129 0.0731994 0.0733341 0.0712876 0.0675886 0.0627188 0.0570845 0.0510076 0.044728 0.0384199 0.0322177 0.026243 0.0206268 0.0155187 0.011075 0.00742626 0.00463493
 0.00777993 0.0126947 0.01921 0.0272939 0.0366857 0.0467462 0.0564292 0.0645407 0.0701717 0.0729837 0.073164 0.0711784 0.0675483 0.0627486 0.0571792 0.0511572 0.0449197 0.0386393 0.0324497 0.0264725 0.0208394 0.0157024 0.0112223 0.00753492 0.00470824
 0.00775265 0.0126497 0.019141 0.0271947 0.0365515 0.0465754 0.056226 0.0643158 0.0699414 0.0727672 0.0729808 0.0710451 0.0674772 0.0627463 0.0572453 0.0512854 0.0450985 0.0388536 0.0326825 0.0267064 0.0210584 0.0158932 0.0113764 0.00764946 0.0047861
 0.00933074 0.0148554 0.0217963 0.029912 0.0388471 0.0480493 0.0567038 0.0638755 0.0688291 0.0712737 0.0713515 0.0694469 0.0660066 0.061451 0.0561441 0.0503791 0.0443773 0.0383008 0.0322769 0.026424 0.0208741 0.0157823 0.0113162 0.00762107 0.00477527
 0.00929846 0.0150982 0.0226821 0.0318982 0.0422808 0.0528982 0.0623856 0.0693536 0.0729821 0.0733397 0.0711799 0.0674392 0.062841 0.0577931 0.0524816 0.0469969 0.0414071 0.0357844 0.0302102 0.0247807 0.019615 0.0148593 0.0106742 0.00720116 0.00451932
 0.008975 0.014587 0.0219619 0.0310157 0.0414055 0.0523591 0.0626327 0.0707958 0.0757412 0.0770668 0.0750992 0.0706435 0.0646713 0.0580679 0.051465 0.0451828 0.0392876 0.0337157 0.0283907 0.0232889 0.0184582 0.0140081 0.010082 0.00681429 0.0042839
 0.00880029 0.0142953 0.021509 0.0303588 0.0405192 0.0512662 0.0614447 0.0697412 0.0751485 0.0772745 0.0763033 0.0727515 0.067269 0.0605531 0.0532928 0.0460751 0.0392882 0.0330909 0.0274672 0.0223316 0.0176245 0.0133605 0.00962174 0.00651215 0.0041006
 0.00873041 0.0141755 0.0213165 0.0300663 0.0400985 0.0506961 0.0607228 0.0689002 0.0742731 0.0765133 0.0758584 0.0728285 0.0679858 0.0618511 0.0549143 0.0476458 0.0404706 0.0337148 0.0275634 0.022067 0.0171991 0.01293 0.00927037 0.00626403 0.00394451
 0.00870796 0.0141371 0.0212546 0.0299711 0.0399574 0.0504945 0.0604461 0.0685374 0.0738237 0.0759984 0.075334 0.0723928 0.067768 0.0619698 0.0554162 0.048459 0.0414112 0.0345575 0.0281377 0.0223186 0.0171852 0.0127642 0.00906156 0.00608147 0.00381461
 0.00870499 0.0141291 0.0212368 0.0299365 0.0398984 0.0504042 0.0603198 0.0683721 0.0736175 0.07575 0.0750476 0.0720869 0.0674847 0.0617767 0.0553895 0.0486493 0.0418075 0.0350758 0.0286504 0.0227103 0.0174004 0.0128174 0.00901136 0.00599219 0.00373055
 0.00870358 0.0141272 0.0212342 0.0299329 0.0398921 0.0503917 0.0602951 0.0683279 0.0735465 0.075647 0.0749106 0.071919 0.067297 0.0615923 0.0552463 0.0485924 0.0418715 0.0352625 0.0289187 0.0229902 0.0176243 0.0129494 0.00905538 0.00597844 0.00369364
 0.00868346 0.0140982 0.0211974 0.0298918 0.0398514 0.050356 0.060267 0.0683073 0.0735298 0.0756283 0.0748824 0.0718742 0.0672318 0.06151 0.0551593 0.0485232 0.0418471 0.0353038 0.029027 0.0231425 0.0177816 0.0130751 0.0091311 0.00600756 0.00369274
 0.00866984 0.0140748 0.0211603 0.0298371 0.0397777 0.050266 0.0601695 0.0682156 0.0734579 0.0755854 0.0748693 0.0718838 0.0672524 0.0615297 0.0551716 0.0485299 0.0418587 0.0353346 0.0290879 0.0232328 0.0178872 0.0131749 0.00920728 0.00605337 0.00371254
 0.00862805 0.014012 0.0210753 0.029732 0.0396571 0.0501358 0.0600363 0.0680875 0.0733452 0.0754998 0.0748217 0.0718803 0.0672918 0.0616031 0.0552651 0.0486301 0.0419573 0.0354305 0.0291844 0.0233328 0.0179883 0.0132689 0.00928444 0.00610771 0.00374452
 0.0086349 0.0140164 0.0210697 0.0297061 0.0396009 0.0500452 0.0599167 0.0679532 0.0732145 0.0753888 0.0747408 0.0718342 0.0672811 0.0616259 0.0553168 0.0487031 0.0420426 0.0355204 0.0292742 0.0234203 0.0180715 0.0133444 0.00934773 0.0061551 0.00377548
 0.00864389 0.0140327 0.0210967 0.0297464 0.0396539 0.0501043 0.0599682 0.0679795 0.0732012 0.0753317 0.0746485 0.0717247 0.0671744 0.0615379 0.0552565 0.0486727 0.0420394 0.0355385 0.0293072 0.0234621 0.0181172 0.0133894 0.00938785 0.00618713 0.003798
 0.0086359 0.014022 0.021085 0.0297372 0.0396519 0.0501139 0.0599918 0.0680156 0.073243 0.0753676 0.0746656 0.0717142 0.0671358 0.06148 0.0551933 0.0486182 0.0420028 0.0355232 0.0293114 0.023481 0.0181449 0.0134204 0.00941728 0.0062117 0.0038161
 0.00863953 0.0140277 0.0210933 0.0297484 0.0396668 0.0501333 0.0600169 0.0680471 0.0732804 0.075408 0.0747031 0.0717401 0.0671418 0.061461 0.0551506 0.0485598 0.0419407 0.0354688 0.0292722 0.0234593 0.0181387 0.013425 0.00942768 0.00622343 0.00382625
 0.00863953 0.0140277 0.0210933 0.0297484 0.0396668 0.0501333 0.0600169 0.0680471 0.0732804 0.075408 0.0747031 0.0717401 0.0671418 0.061461 0.0551506 0.0485598 0.0419407 0.0354688 0.0292722 0.0234593 0.0181387 0.013425 0.00942768 0.00622343 0.00382625
 0.00858692 0.0139459 0.0209776 0.0295979 0.0394853 0.0499309 0.0598108 0.0678603 0.0731376 0.0753295 0.074699 0.0718078 0.0672671 0.061622 0.0553239 0.0487259 0.0420877 0.0355932 0.0293761 0.0235467 0.0182125 0.0134866 0.00947686 0.00626027 0.0038517
 0.00856223 0.0139012 0.0209022 0.0294798 0.0393153 0.0497083 0.059548 0.0675834 0.072881 0.0751272 0.0745768 0.0717788 0.0673305 0.0617645 0.0555228 0.0489541 0.0423196 0.0358089 0.0295642 0.023703 0.0183379 0.0135838 0.00954933 0.00631155 0.00388561
 0.00851677 0.0138298 0.0207993 0.0293414 0.0391392 0.0494945 0.0593008 0.0673137 0.0726077 0.0748763 0.0743782 0.07166 0.0673097 0.0618459 0.0556955 0.0491947 0.0425981 0.0360949 0.0298323 0.0239365 0.0185288 0.0137311 0.00965674 0.00638527 0.00393289
 0.00867962 0.0140836 0.0211594 0.0298117 0.0397071 0.0501267 0.0599396 0.0678814 0.0730217 0.0750715 0.0743256 0.0713746 0.0668448 0.0612771 0.0551011 0.048639 0.0421215 0.0357133 0.0295427 0.0237254 0.0183798 0.0136294 0.00959018 0.00634407 0.00390915
 0.00880413 0.0143011 0.0215132 0.0303472 0.040456 0.0510843 0.0610465 0.0690227 0.0740506 0.0758469 0.0747458 0.0713962 0.0664843 0.0606022 0.0542133 0.0476525 0.0411411 0.0348184 0.0287807 0.0231138 0.0179141 0.0132924 0.00935896 0.00619464 0.00381897
 0.00873011 0.0141916 0.0213707 0.0301867 0.0403085 0.0509973 0.0610781 0.069227 0.0744538 0.0764254 0.075421 0.0720522 0.0670036 0.0609001 0.0542591 0.0474701 0.0407942 0.0343876 0.0283406 0.0227189 0.0175935 0.0130531 0.00919333 0.00608806 0.0037553
 0.00894186 0.0145129 0.0218107 0.0307369 0.0409435 0.0516781 0.0617571 0.0698544 0.0749874 0.0768395 0.0757063 0.072206 0.0670171 0.0607556 0.0539393 0.0469748 0.040152 0.0336555 0.0275909 0.022021 0.0169985 0.0125863 0.0088555 0.00586244 0.0036165
 0.00870685 0.0141649 0.0213509 0.0301905 0.040355 0.0511022 0.061251 0.0694734 0.0747802 0.076841 0.0759301 0.0726381 0.0676144 0.0614483 0.0546412 0.0475995 0.0406328 0.0339609 0.0277294 0.0220316 0.0169333 0.0124929 0.00876668 0.00579391 0.00357103
#pred catch len freq
 0.00481117 0.00756541 0.0109429 0.0148257 0.0191425 0.0238584 0.0289 0.0341052 0.039248 0.0440989 0.0484662 0.052215 0.0552734 0.0576264 0.0592882 0.0602707 0.0605639 0.0601289 0.0588826 0.0566671 0.053237 0.048328 0.0418384 0.0340438 0.0256723
 0.00516356 0.00802985 0.0114453 0.0152405 0.0193399 0.0237727 0.0285749 0.0336796 0.0388833 0.0438922 0.0484032 0.0521865 0.0551428 0.0573058 0.058789 0.0597065 0.0601065 0.0599331 0.0590138 0.057068 0.0537532 0.0487814 0.042107 0.0341028 0.0255786
 0.00548932 0.00854566 0.0121889 0.0162191 0.0205084 0.0250142 0.0297037 0.0344865 0.0392192 0.0437414 0.0478897 0.0514991 0.0544296 0.0566139 0.0580852 0.0589516 0.05932 0.0592026 0.058446 0.0567207 0.0535979 0.0487228 0.0420414 0.0339731 0.0253901
 0.00580855 0.00904263 0.0128985 0.0171658 0.0217086 0.0264727 0.0313945 0.0363215 0.0410255 0.0452766 0.0489086 0.0518458 0.054099 0.055738 0.0568542 0.0575316 0.0578227 0.0577061 0.0570248 0.0554465 0.0525149 0.0478309 0.0413081 0.0333639 0.02489
 0.0061477 0.00956676 0.0136381 0.0181357 0.0229121 0.0279078 0.0330527 0.0381784 0.0430246 0.0473093 0.0508008 0.0533697 0.0550225 0.0558998 0.0562242 0.0562165 0.0560157 0.0556201 0.0548473 0.0533257 0.0505609 0.0461167 0.0398718 0.0322154 0.0240197
 0.00647722 0.0100809 0.0143729 0.0191133 0.0241419 0.0293867 0.034762 0.040079 0.0450552 0.0493873 0.0528203 0.0551942 0.056481 0.0568018 0.0564009 0.0555768 0.0545862 0.0535445 0.0523464 0.0506433 0.0479203 0.0436967 0.037797 0.030553 0.0227811
 0.00681973 0.0106115 0.0151241 0.0201024 0.0253743 0.03086 0.0364635 0.0419775 0.0470943 0.051484 0.0548695 0.0570752 0.0580621 0.0579419 0.0569548 0.055414 0.0536274 0.0518014 0.0499421 0.0477981 0.0449087 0.0407924 0.0352254 0.028459 0.0212165
 0.00718582 0.0111739 0.0159108 0.0211213 0.0266186 0.0323148 0.0381074 0.0437781 0.049003 0.0534339 0.0567768 0.0588418 0.0595797 0.0590951 0.0576245 0.0554827 0.0529955 0.0504168 0.0478372 0.0451137 0.0418866 0.0377314 0.0324149 0.0261145 0.0194413
 0.00754824 0.0117349 0.0167033 0.0221596 0.0278998 0.0338213 0.0398054 0.0456142 0.0509054 0.0553198 0.0585602 0.0604397 0.0609126 0.060085 0.0581906 0.0555396 0.0524578 0.0492185 0.0459646 0.0426428 0.0390013 0.0347049 0.0295499 0.023666 0.0175547
 0.00796058 0.0123703 0.0175958 0.0233202 0.0293201 0.0354778 0.0416573 0.0475984 0.0529342 0.0572872 0.0603551 0.0619602 0.0620771 0.0608356 0.0584869 0.0553469 0.0517375 0.047932 0.0440964 0.0402375 0.0361959 0.0317306 0.0266905 0.0211825 0.0156134
 0.00848 0.01316 0.0186836 0.0246997 0.0309591 0.0373314 0.0436731 0.049711 0.0550582 0.0593166 0.0621715 0.0634471 0.0631367 0.0614013 0.0585267 0.0548553 0.0507213 0.0464002 0.0420668 0.0377611 0.0333895 0.0287905 0.0238672 0.0187187 0.0136734
 0.00886756 0.0137628 0.0195403 0.0258289 0.0323589 0.0389779 0.045517 0.0516751 0.0570431 0.0612135 0.0638741 0.0648586 0.0641728 0.0619944 0.0586309 0.0544491 0.0498056 0.0449933 0.0402038 0.0355056 0.0308529 0.0261439 0.0213256 0.0164931 0.0119112
 0.00924125 0.0143415 0.0203585 0.0269028 0.033688 0.040547 0.0472914 0.0535929 0.0590105 0.0631111 0.0655721 0.0662362 0.0651354 0.0624826 0.0586192 0.0539382 0.0488137 0.0435516 0.0383589 0.0333291 0.0284552 0.0236811 0.0189851 0.0144554 0.0103011
 0.00960619 0.014904 0.0211489 0.0279317 0.0349494 0.0420226 0.0489489 0.0553792 0.0608476 0.064897 0.0671893 0.0675647 0.0660694 0.0629457 0.0585743 0.053387 0.0477876 0.0421015 0.0365499 0.0312445 0.026206 0.0214102 0.0168557 0.0126193 0.00885921
 0.00987975 0.0153323 0.0217632 0.0287512 0.0359798 0.0432539 0.05035 0.0568956 0.0624035 0.0664046 0.068558 0.0687075 0.066907 0.063412 0.0586233 0.0529984 0.0469699 0.0408905 0.0350052 0.0294493 0.0242681 0.019461 0.0150375 0.0110593 0.00763915
