SBPRF35
7.78865
Curr Bio
572269
B35
696546
F35
0.229116
FOFL
0.205516
OFL
97082.1
Bzero
2.22533e+006
#pred survey bio
 4.52735e+006 4.23792e+006 3.98192e+006 3.69866e+006 3.39936e+006 3.09388e+006 2.77183e+006 2.47994e+006 2.21497e+006 1.9686e+006 1.6969e+006 1.51107e+006 1.34961e+006 1.17927e+006 1.06549e+006 925055 842222 791544 739528 699637 665615 632376 619853 602231 581128 573500 574371 567569 570229 577114 586774 578537 576527 564082 548832 537353 527209 516470 522366 526394 523427 522539 524503 526772 518375 527898 544020 544728 550714 552927 557418 571935 585735 590175 581057 563193 564600 545040 571675 2.19623e+007 1.34724e+007 1.38036e+007 1.43119e+007 1.49042e+007 1.54757e+007 1.59713e+007 1.63735e+007 1.66863e+007 1.69228e+007 1.70985e+007 1.72277e+007 1.73224e+007 1.73917e+007 1.74426e+007 1.74801e+007 1.75078e+007 1.75285e+007 1.7544e+007 1.75557e+007 1.75645e+007 1.75712e+007 1.75763e+007 1.75802e+007 1.75831e+007 1.75854e+007 1.75872e+007 1.75885e+007 1.75896e+007 1.75904e+007 1.7591e+007 1.75915e+007 1.75918e+007 1.75921e+007 1.75923e+007 1.75925e+007 1.75926e+007 1.75927e+007 1.75928e+007 1.75929e+007 1.75929e+007 1.7593e+007 1.7593e+007 1.7593e+007 1.7593e+007 1.7593e+007 1.75931e+007 1.75931e+007 1.75931e+007 1.75931e+007 1.75931e+007 1.75931e+007 1.75931e+007 1.75931e+007 1.75931e+007 1.75931e+007 1.75931e+007 1.75931e+007 1.75931e+007 1.75931e+007 1.75931e+007 1.75931e+007 1.75931e+007 1.75931e+007 1.75931e+007 1.75931e+007 1.75931e+007 1.75931e+007 1.75931e+007 1.75931e+007 1.75931e+007 1.75931e+007 1.75931e+007 1.75931e+007 1.75931e+007 1.75931e+007 1.75931e+007 1.75931e+007 1.75931e+007 1.75931e+007 1.75931e+007 1.75931e+007 1.75931e+007 1.75931e+007 1.75931e+007 1.75931e+007 1.75931e+007 1.75931e+007 1.75931e+007 1.75931e+007 1.75931e+007 1.75931e+007 1.75931e+007 1.75931e+007 1.75931e+007 1.75931e+007 1.75931e+007 1.75931e+007 1.75931e+007 1.75931e+007 0 0 0 0 0 0 0 0 0 0 0 0 0 0 0 0 0 0 0 0 0 0 0 0 0
#obs survey bio
 5.10464e+006 3.21078e+006 2.78775e+006 3.5237e+006 2.24338e+006 1.9826e+006 2.75168e+006 2.39255e+006 1.50557e+006 2.29695e+006 1.48421e+006 1.23245e+006 1.01588e+006 811121 1.05507e+006 936214 906948 1.03317e+006 731779 678046 457174 842589 504898 590787 496921 671411 524354 386131 543085 606144 640126 462294 481606 820152 600603 540175 469208 376401 561388 733616 723702 597782 480061 638903 468762 607846 474021 536517 571784 567532 661184 545700 748360 652318 560320 725729 555600 485526 646528
#pred catch bio
 106681 96611 148996 195075 234665 284107 288480 291557 297608 338685 276946 266647 281378 235553 258651 206638 176791 173636 157769 147941 142957 121835 123142 122770 108849 100495 106687 99036.4 95509.5 91966.6 104309 95850.7 101379 99265.4 91651.6 88883.6 92221.8 83053.3 87696.1 93464.8 90305.9 86769.6 86118.3 95198 81115.9 77741.8 92488.8 89193.8 93633.6 93095.5 86388.1 88300.7 96103.2 106755 113858 99258.2 120085 85879.1 67148.1 97082.1 109056 110670 113478 117359 121266 124614 127240 129184 130566 131519 132160 132585 132862 133041 133155 133228 133274 133303 133321 133332 133339 133343 133346 133348 133349 133349 133350 133350 133350 133350 133350 133350 133350 133350 133350 133350 133350 133350 133350 133350 133350 133350 133350 133350 133350 133350 133350 133350 133350 133350 133350 133350 133350 133350 133350 133350 133350 133350 133350 133350 133350 133350 133350 133350 133350 133350 133350 133350 133350 133350 133350 133350 133350 133350 133350 133350 133350 133350 133350 133350 133350 133350 133350 133350 133350 133350 133350 133350 133350 133350 133350 133350 133350 133350 133350 133350 133350 133350 133350 0 0 0 0 0 0 0 0 0 0 0 0 0 0 0 0 0 0 0 0 0 0 0 0 0
#obs catch bio
 0 96312.5 149574 196113 236822 288601 293077 296686 303053 346379 281766 272758 289357 241137 266510 211312 180544 176770 159877 149086 145127 122656 124512 123769 109608 100900 107122 100232 96703.1 92739.2 105020 95940.1 101978 99398.7 91596.9 88529.6 91956.9 82809.3 87718.9 92848.8 89639.7 85906.6 85264.4 94227.5 80708.4 77339.9 92262 88986.2 93334.4 92959.5 86275.5 88367 95794.4 106131 113527 98168.2 120104 86088.5 66975.4
#pred cpue bio
 4.43933e+006 4.15314e+006 3.89914e+006 3.61655e+006 3.31859e+006 3.01458e+006 2.69458e+006 2.40493e+006 2.14229e+006 1.89849e+006 1.63037e+006 1.44653e+006 1.28711e+006 1.11977e+006 1.00816e+006 871463 790956 742288 693036 655544 623351 591762 580259 563872 543993 536969 538026 531298 533602 540565 550756 543762 542492 531214 517530 507358 497179 484854 488867 492689 490569 490318 492506 494687 486270 494995 510248 510673 516188 518070 522048 535819 549294 553985 545237 527432 527791 507617 531946 2.05056e+007 1.26141e+007 1.29012e+007 1.33308e+007 1.38908e+007 1.44543e+007 1.49483e+007 1.53502e+007 1.56629e+007 1.58994e+007 1.60751e+007 1.62043e+007 1.6299e+007 1.63683e+007 1.64192e+007 1.64567e+007 1.64845e+007 1.65051e+007 1.65206e+007 1.65323e+007 1.65411e+007 1.65478e+007 1.65529e+007 1.65568e+007 1.65598e+007 1.6562e+007 1.65638e+007 1.65651e+007 1.65662e+007 1.6567e+007 1.65676e+007 1.65681e+007 1.65685e+007 1.65687e+007 1.6569e+007 1.65691e+007 1.65693e+007 1.65694e+007 1.65694e+007 1.65695e+007 1.65696e+007 1.65696e+007 1.65696e+007 1.65696e+007 1.65697e+007 1.65697e+007 1.65697e+007 1.65697e+007 1.65697e+007 1.65697e+007 1.65697e+007 1.65697e+007 1.65697e+007 1.65697e+007 1.65697e+007 1.65697e+007 1.65697e+007 1.65697e+007 1.65697e+007 1.65697e+007 1.65697e+007 1.65697e+007 1.65697e+007 1.65697e+007 1.65697e+007 1.65697e+007 1.65697e+007 1.65697e+007 1.65697e+007 1.65697e+007 1.65697e+007 1.65697e+007 1.65697e+007 1.65697e+007 1.65697e+007 1.65697e+007 1.65697e+007 1.65697e+007 1.65697e+007 1.65697e+007 1.65697e+007 1.65697e+007 1.65697e+007 1.65697e+007 1.65697e+007 1.65697e+007 1.65697e+007 1.65697e+007 1.65697e+007 1.65697e+007 1.65697e+007 1.65697e+007 1.65697e+007 1.65697e+007 1.65697e+007 1.65697e+007 1.65697e+007 1.65697e+007 1.65697e+007 1.65697e+007 0 0 0 0 0 0 0 0 0 0 0 0 0 0 0 0 0 0 0 0 0 0 0 0 0
#obs cpue bio
 3.25827e+006 2.75114e+006 3.54876e+006 2.80765e+006 2.4778e+006 2.9387e+006 2.33035e+006 2.02201e+006 2.6693e+006 1.71197e+006 1.40013e+006 1.00393e+006 1.29856e+006 1.05318e+006 838207 654836 498533 594748 668410 786059 529046 510141 515537 644848 537489 469725 637394 340917 450388 531400 687567 800536 489033 491728 512663 672633 607232 597823 395773 661972 407272 597621 593162 549209 356294 444612 613200 457394 595962 463395 406950 484933 626366 648627 522252 630663 379140 351982 603420
#pred surv len freq
 0.00463509 0.00750331 0.0112571 0.0158812 0.0212907 0.0272625 0.033394 0.0391819 0.0441969 0.0482174 0.0512371 0.0533862 0.0548486 0.0558034 0.0563838 0.0566526 0.0566016 0.0561648 0.0552151 0.0535345 0.050795 0.0466279 0.0408217 0.0335643 0.0255432
 0.00502653 0.00804768 0.0119112 0.0165605 0.0219097 0.0277891 0.0338784 0.0397295 0.0448929 0.0490493 0.0520692 0.0540064 0.0550602 0.0555125 0.0556388 0.0556242 0.0555161 0.0552193 0.0545089 0.0530458 0.0504144 0.0462317 0.0403419 0.0330162 0.0249997
 0.00517891 0.00834064 0.0124291 0.0173923 0.0231076 0.0293171 0.0355865 0.0413897 0.0462907 0.0500739 0.0527339 0.0543844 0.0551931 0.0553665 0.0551408 0.0547397 0.0543053 0.0538287 0.0531082 0.0517555 0.0492722 0.0452126 0.0394111 0.0321705 0.0242713
 0.00538678 0.00865944 0.0128786 0.0179924 0.0238908 0.0303366 0.0369026 0.0430276 0.0481883 0.0520579 0.0545557 0.0558062 0.0560665 0.0556532 0.0548733 0.0539716 0.0530972 0.0522673 0.0513204 0.0498904 0.0474625 0.0435489 0.037945 0.0309339 0.0232868
 0.00562273 0.00903877 0.0134408 0.0187693 0.0249 0.0315736 0.0383374 0.0446124 0.0498716 0.05379 0.0562718 0.0573988 0.0573788 0.0565115 0.0551415 0.0535905 0.0520889 0.0507177 0.0493611 0.0476842 0.0451862 0.0413695 0.0359984 0.029312 0.0220326
 0.00582457 0.00937192 0.0139521 0.0195074 0.0259072 0.0328725 0.0399144 0.0464088 0.0517895 0.055712 0.0580844 0.0590053 0.0586951 0.057451 0.055606 0.0534826 0.0513434 0.0493332 0.0474151 0.0453278 0.0426221 0.0388205 0.0336695 0.027356 0.0205273
 0.00606012 0.00975072 0.0145158 0.0202954 0.0269539 0.0342 0.0415214 0.048259 0.0538069 0.057785 0.0600785 0.0607817 0.0601306 0.0584493 0.0560956 0.0534067 0.0506557 0.0480111 0.0454876 0.0429004 0.0398817 0.036011 0.031044 0.0251204 0.0187974
 0.00631207 0.0101513 0.0151027 0.0210998 0.0279979 0.0354918 0.0430477 0.0499797 0.0556565 0.0596787 0.0619187 0.0624623 0.0615425 0.0594882 0.056671 0.0534471 0.0501095 0.0468518 0.0437279 0.0406163 0.0372301 0.0332225 0.0283816 0.0228164 0.0169958
 0.00653356 0.0105129 0.0156499 0.0218763 0.0290382 0.0368084 0.0446182 0.0517419 0.0575167 0.0615298 0.0636572 0.0639972 0.0627956 0.0603909 0.05716 0.053463 0.0496004 0.0457819 0.0420949 0.0384747 0.0347115 0.0305358 0.0257799 0.0205364 0.0151947
 0.00677977 0.0109053 0.016227 0.0226713 0.0300767 0.0381025 0.0461562 0.0534786 0.0593711 0.0633921 0.0654038 0.0655097 0.063977 0.0611739 0.057504 0.0533433 0.048997 0.0446791 0.0404939 0.0364182 0.0323088 0.0279701 0.0232832 0.018334 0.0134434
 0.00720937 0.0115799 0.0171978 0.0239704 0.0317121 0.0400513 0.0483549 0.055819 0.0617094 0.0655711 0.0672758 0.0669533 0.0649074 0.0615467 0.0573138 0.0526137 0.0477663 0.0429883 0.0383875 0.0339607 0.0296093 0.0251959 0.0206441 0.0160351 0.0116268
 0.00745518 0.0119821 0.0178078 0.0248376 0.0328741 0.0415186 0.0500949 0.05775 0.0637112 0.0675068 0.069013 0.068378 0.06593 0.0621052 0.0573748 0.0521713 0.046838 0.0416093 0.0366091 0.0318565 0.0272877 0.0228078 0.0183712 0.0140528 0.0100571
 0.00765853 0.0123129 0.018307 0.0255461 0.033828 0.0427396 0.051577 0.0594478 0.0655372 0.069339 0.0707119 0.0698073 0.0669774 0.0626958 0.0574739 0.0517781 0.0459767 0.0403218 0.0349538 0.029913 0.0251649 0.0206468 0.0163329 0.0122872 0.0086654
 0.00792847 0.01275 0.0189617 0.0264644 0.0350425 0.0442564 0.0533598 0.0614113 0.0675548 0.0712632 0.0723957 0.0711224 0.0678268 0.0630228 0.0572649 0.0510585 0.0448 0.038759 0.0330866 0.0278353 0.0229886 0.0185034 0.0143629 0.0106143 0.00736628
 0.00801832 0.0129032 0.0192067 0.0268352 0.0355756 0.0449833 0.0542966 0.062549 0.0688539 0.0726523 0.0737777 0.0723847 0.068857 0.0637241 0.0575691 0.0509326 0.0442473 0.0378157 0.0318163 0.026325 0.0213458 0.0168515 0.012828 0.00930422 0.00634674
 0.00832972 0.0133942 0.0199172 0.0277917 0.0367869 0.0464328 0.0559335 0.0642837 0.0705662 0.0742108 0.0750608 0.073298 0.0693415 0.0637587 0.0571656 0.0501276 0.0430944 0.0363794 0.0301712 0.0245565 0.0195512 0.0151365 0.0112952 0.0080347 0.00538173
 0.00835541 0.0134531 0.0200379 0.0280129 0.0371495 0.0469677 0.0566491 0.0651601 0.0715581 0.0752551 0.0760843 0.0742229 0.0700919 0.064268 0.0573848 0.0500313 0.0426831 0.0356788 0.0292295 0.0234421 0.0183492 0.0139421 0.0102013 0.00711516 0.00467675
 0.00824755 0.0132877 0.0198094 0.0277277 0.0368303 0.0466571 0.0564098 0.0650659 0.0716756 0.075621 0.0766904 0.0750157 0.0709846 0.0651582 0.0581712 0.0506275 0.0430281 0.0357439 0.0290212 0.0230002 0.0177414 0.0132531 0.0095189 0.00651295 0.00420059
 0.00830351 0.0133604 0.019885 0.0277823 0.0368375 0.0465993 0.0562892 0.0649095 0.0715307 0.0755444 0.0767333 0.0752084 0.0713254 0.06561 0.0586691 0.0510929 0.0433852 0.0359348 0.0290164 0.0228038 0.0173898 0.0128069 0.00904846 0.00608195 0.0038518
 0.00845093 0.0135726 0.0201525 0.028076 0.0371135 0.0468088 0.0563897 0.0648749 0.0713599 0.0752678 0.076411 0.0749167 0.0711352 0.0655652 0.0587723 0.0513064 0.0436431 0.0361629 0.0291519 0.0228114 0.0172679 0.0125851 0.00877549 0.0058094 0.00361927
 0.0084586 0.0136057 0.0202386 0.028249 0.0373989 0.0472043 0.0568507 0.0653188 0.0716917 0.0754146 0.076348 0.0746741 0.0707849 0.0651957 0.0584618 0.051101 0.0435478 0.0361458 0.0291613 0.0227968 0.017198 0.0124557 0.0086061 0.00563116 0.00346102
 0.00853973 0.0137196 0.0203785 0.0284019 0.0375551 0.0473682 0.0570437 0.0655666 0.072001 0.0757531 0.0766465 0.0748529 0.0707906 0.0650261 0.0581655 0.0507539 0.0432208 0.0358813 0.0289657 0.0226498 0.0170709 0.0123277 0.00847257 0.00550085 0.00334744
 0.00848885 0.0136399 0.0202637 0.0282467 0.0373548 0.0471198 0.0567515 0.0652502 0.0717014 0.0755286 0.0765547 0.0749242 0.0710104 0.0653389 0.0585008 0.0510566 0.0434678 0.0360762 0.0291214 0.0227737 0.0171611 0.0123797 0.00848657 0.0054856 0.00331687
 0.0085196 0.0136822 0.0203129 0.0282935 0.037387 0.0471257 0.0567224 0.0651814 0.0715925 0.0753861 0.0763955 0.0747769 0.0709084 0.065307 0.0585426 0.0511527 0.0435868 0.03619 0.0292149 0.022843 0.0172075 0.0124046 0.00849213 0.00547596 0.00329862
 0.00860546 0.0138133 0.020494 0.0285217 0.037651 0.0474058 0.0569904 0.0654036 0.0717359 0.0754271 0.0763263 0.0746085 0.0706686 0.0650343 0.0582773 0.050926 0.0434132 0.0360677 0.0291315 0.0227846 0.0171632 0.0123681 0.00846026 0.00544769 0.00327436
 0.0086886 0.0139261 0.0206226 0.0286397 0.0377274 0.0474172 0.0569309 0.065286 0.071585 0.0752691 0.0761816 0.0744887 0.0705781 0.0649739 0.0582468 0.0509257 0.0434425 0.0361219 0.0292015 0.0228582 0.0172291 0.012419 0.00849371 0.00546566 0.00328118
 0.00883522 0.0141351 0.0208816 0.0289158 0.0379731 0.0475817 0.0569727 0.0651837 0.0713438 0.0749234 0.0757888 0.074114 0.0702756 0.0647733 0.0581513 0.0509194 0.0435011 0.0362208 0.0293195 0.0229779 0.0173371 0.0125065 0.00855727 0.00550673 0.00330444
 0.0088419 0.014178 0.0210034 0.0291702 0.0384035 0.0481918 0.0577046 0.0659215 0.0719478 0.0752773 0.0758368 0.0738714 0.0698141 0.0641922 0.0575474 0.0503663 0.0430405 0.0358659 0.0290635 0.0228041 0.0172258 0.0124388 0.00851776 0.00548409 0.0032914
 0.00862912 0.0138625 0.0205879 0.0286842 0.0379044 0.0477591 0.0574276 0.065877 0.0721698 0.0757331 0.0764272 0.0744642 0.0702932 0.0644966 0.0576799 0.0503745 0.0429866 0.0358015 0.0290183 0.0227868 0.0172315 0.0124575 0.00853973 0.00550307 0.00330482
 0.00837438 0.0134663 0.0200266 0.0279521 0.0370198 0.0467716 0.0564242 0.0649793 0.0715142 0.0754348 0.0765434 0.0749706 0.071089 0.0654349 0.0586145 0.0512001 0.0436563 0.0363178 0.0294099 0.023086 0.0174618 0.0126327 0.00866793 0.00559113 0.00336063
 0.00819634 0.0131739 0.0195815 0.027319 0.036176 0.0457222 0.0552181 0.0637152 0.0703301 0.074484 0.0759629 0.0748514 0.0714517 0.0662207 0.0596965 0.0524171 0.0448552 0.0373886 0.0302977 0.0237822 0.0179853 0.0130117 0.00893108 0.00576442 0.00346741
 0.00822694 0.0132126 0.0196179 0.0273326 0.0361361 0.0455917 0.0549596 0.0633023 0.0697615 0.073796 0.0752338 0.0741902 0.0709728 0.0660118 0.059792 0.0527869 0.0454166 0.0380339 0.0309278 0.0243293 0.0184191 0.0133316 0.00915255 0.00590881 0.00355563
 0.0080131 0.0129067 0.0192341 0.0269086 0.0357202 0.0452215 0.0546469 0.0630313 0.0695009 0.0735181 0.0749308 0.0738838 0.0707136 0.0658672 0.059825 0.0530326 0.0458649 0.0386297 0.0315875 0.0249674 0.018971 0.0137646 0.00946389 0.00611504 0.00368171
 0.00780486 0.0125878 0.0187932 0.0263537 0.035083 0.0445589 0.0540364 0.0625561 0.0692229 0.0734513 0.0750341 0.0740808 0.0709305 0.0660652 0.0600117 0.0532476 0.046152 0.0390098 0.0320456 0.0254586 0.0194393 0.0141638 0.00977011 0.00632746 0.00381543
 0.00784475 0.0126133 0.0187593 0.0261968 0.03474 0.0439975 0.0532818 0.0616962 0.0683875 0.0727736 0.0746114 0.073949 0.0710601 0.0663815 0.0604287 0.0537005 0.0466114 0.0394735 0.0325174 0.0259305 0.0198871 0.0145566 0.0100839 0.00655427 0.00396336
 0.00854964 0.0136097 0.0199796 0.0274772 0.0358575 0.0447366 0.053495 0.0613359 0.0675097 0.0715223 0.0731895 0.0725737 0.069911 0.0655602 0.0599483 0.0535071 0.0466231 0.0396144 0.0327336 0.0261868 0.0201562 0.0148128 0.0103043 0.00672461 0.00408109
 0.00927054 0.0147389 0.0215903 0.0295849 0.0383901 0.0475033 0.0561756 0.0635233 0.0688162 0.0717108 0.0722564 0.0707401 0.0675352 0.0630226 0.057559 0.0514593 0.0449922 0.0383893 0.0318577 0.0255906 0.0197749 0.0145891 0.0101885 0.00667501 0.00406623
 0.00923459 0.0147904 0.0218707 0.0302918 0.0397236 0.0495782 0.0589378 0.0667151 0.0720131 0.074416 0.0740241 0.0712904 0.0668272 0.0612562 0.0551015 0.0487285 0.0423475 0.0360687 0.0299713 0.0241504 0.0187352 0.0138793 0.00973247 0.00640144 0.0039143
 0.00872301 0.0140323 0.020875 0.0291376 0.0385675 0.0486476 0.0585037 0.067032 0.0732245 0.0764622 0.0766087 0.0739448 0.069053 0.0626817 0.0555827 0.048359 0.0413865 0.0348311 0.0287289 0.0230789 0.0179095 0.0132996 0.00935838 0.00617903 0.00379279
 0.0084795 0.013622 0.0202345 0.0282094 0.0373266 0.0471403 0.0568805 0.0655495 0.0721989 0.0761817 0.0772351 0.0754405 0.071167 0.0650105 0.0576921 0.0499185 0.0422576 0.0350725 0.0285299 0.0226637 0.0174603 0.0129232 0.00909135 0.00601329 0.00370148
 0.00844767 0.01356 0.0201196 0.0280074 0.0369923 0.0466243 0.0561458 0.0645984 0.0711032 0.0750995 0.0763926 0.0750714 0.0714248 0.0658941 0.0590265 0.0514095 0.0435967 0.0360436 0.029064 0.0228256 0.0173861 0.0127507 0.00891657 0.00588093 0.00361862
 0.00852212 0.0136582 0.0202245 0.0280867 0.0370038 0.0465251 0.0559013 0.0641869 0.0705206 0.074369 0.0755796 0.0742935 0.0708393 0.0656546 0.0592208 0.0520099 0.0444581 0.0369568 0.0298381 0.0233535 0.0176612 0.0128369 0.00889942 0.0058293 0.00357069
 0.00859726 0.0137714 0.0203769 0.0282699 0.0371977 0.046697 0.0560071 0.0641779 0.0703558 0.0740291 0.0750777 0.073679 0.0701954 0.0650893 0.0588461 0.051908 0.0446459 0.0373707 0.0303554 0.0238423 0.0180306 0.0130598 0.00900053 0.00585533 0.00356381
 0.00871444 0.0139452 0.0206072 0.0285452 0.0374975 0.0469959 0.056277 0.0643879 0.070472 0.0740178 0.0749139 0.0733567 0.0697369 0.0645492 0.0583053 0.0514576 0.0443611 0.0372842 0.030444 0.0240375 0.0182498 0.0132397 0.00911453 0.00590953 0.0035797
 0.00887137 0.0141988 0.0209847 0.0290671 0.0381692 0.0477958 0.0571481 0.0652397 0.0711976 0.0745195 0.0751244 0.0732485 0.0693232 0.0638798 0.0574616 0.050543 0.0434851 0.0365394 0.0298848 0.0236696 0.0180378 0.0131294 0.0090566 0.00587299 0.00355181
 0.00886017 0.014179 0.020953 0.0290232 0.0381193 0.0477577 0.057151 0.0653163 0.071369 0.0747807 0.0754383 0.0735554 0.0695587 0.0639942 0.0574336 0.0503846 0.0432375 0.0362613 0.0296342 0.0234856 0.0179313 0.013086 0.00905041 0.00588039 0.00355912
 0.00878644 0.0140658 0.0207953 0.0288203 0.0378758 0.0474833 0.0568629 0.0650425 0.0711484 0.0746571 0.0754479 0.073711 0.0698395 0.0643481 0.0577927 0.050688 0.04345 0.0363806 0.0296843 0.0235014 0.0179419 0.0131056 0.00907869 0.00590977 0.00358268
 0.00880221 0.0140992 0.0208594 0.0289311 0.0380463 0.0477157 0.0571418 0.0653342 0.0714092 0.0748468 0.0755432 0.0737119 0.069766 0.0642286 0.0576499 0.0505312 0.0432776 0.0361902 0.0294817 0.0233028 0.0177675 0.0129701 0.00898615 0.00585419 0.00355311
 0.00883542 0.0141403 0.0208982 0.0289527 0.0380379 0.0476763 0.0570874 0.0652939 0.0714113 0.0749038 0.0756452 0.0738319 0.069874 0.0643042 0.0576873 0.0505344 0.0432533 0.0361429 0.029415 0.0232227 0.017684 0.0128949 0.00892762 0.00581485 0.00353024
 0.00889006 0.0142295 0.0210321 0.0291376 0.0382722 0.0479445 0.0573588 0.0655288 0.0715751 0.074981 0.0756433 0.0737729 0.0697798 0.0641873 0.057551 0.0503796 0.0430839 0.0359664 0.0292405 0.0230589 0.0175385 0.0127739 0.00883473 0.00574999 0.00348945
 0.00887363 0.0142112 0.0210205 0.0291468 0.0383188 0.0480426 0.0575135 0.0657314 0.0718025 0.0751993 0.0758173 0.0738773 0.069807 0.0641468 0.0574617 0.0502605 0.0429486 0.0358237 0.0290973 0.0229219 0.0174146 0.0126689 0.00875239 0.00569082 0.00345088
 0.00866211 0.0138979 0.0206064 0.0286545 0.0377889 0.047525 0.057061 0.0653939 0.0716206 0.0751957 0.0759892 0.0741951 0.0702218 0.0646036 0.0579122 0.0506705 0.0432992 0.0361075 0.0293145 0.0230778 0.0175184 0.0127321 0.00878693 0.00570746 0.00345777
 0.00851126 0.0136541 0.020244 0.0281551 0.0371502 0.046773 0.0562575 0.0646324 0.0710057 0.0748145 0.0758881 0.0743732 0.0706373 0.0651888 0.058589 0.0513651 0.0439522 0.0366797 0.0297862 0.0234453 0.0177888 0.0129195 0.00890864 0.00578114 0.00349915
 0.00860263 0.013773 0.0203673 0.0282408 0.0371464 0.0466339 0.0559597 0.0641861 0.0704561 0.0742353 0.0753673 0.0739921 0.0704502 0.06521 0.0587934 0.0516998 0.0443537 0.0370892 0.0301595 0.0237562 0.0180279 0.01309 0.00902142 0.00585013 0.00353804
 0.00883425 0.0141315 0.0208708 0.0288881 0.0379097 0.0474533 0.0567413 0.0648126 0.0708148 0.074254 0.0750406 0.0733841 0.0696738 0.0643924 0.0580436 0.0510869 0.0439019 0.0367859 0.0299714 0.0236456 0.0179632 0.01305 0.00899448 0.005831 0.00352464
 0.00919461 0.0146837 0.0216388 0.0298704 0.0390792 0.0487576 0.0580994 0.0661119 0.0719175 0.0750183 0.0753514 0.073185 0.0689867 0.0633173 0.0567344 0.0497128 0.0426074 0.0356666 0.0290688 0.0229579 0.0174631 0.012701 0.00876061 0.00568143 0.00343424
 0.00942188 0.0150322 0.022124 0.0304917 0.0398206 0.0495886 0.0589758 0.0669765 0.0727048 0.0756616 0.075789 0.0733642 0.0688708 0.0628976 0.0560426 0.0488236 0.0416261 0.0347028 0.0282104 0.0222556 0.0169298 0.0123219 0.00850699 0.00552149 0.00333943
 0.00965761 0.0154295 0.0227456 0.0313994 0.0410541 0.0511365 0.0607508 0.0688149 0.0743989 0.0770104 0.0766443 0.0736526 0.0685921 0.0621104 0.0548464 0.0473439 0.0400018 0.033073 0.0266984 0.0209527 0.0158848 0.0115411 0.00796347 0.00516948 0.00312792
 0.00906582 0.0145683 0.02164 0.0301458 0.0398049 0.0500668 0.0600249 0.0685585 0.0746744 0.0777971 0.0778331 0.075068 0.0700347 0.0634017 0.0558607 0.0480204 0.0403417 0.0331277 0.0265505 0.0206946 0.0155986 0.0112838 0.00776372 0.00503187 0.00304268
#obs surv len freq
 nan nan nan nan nan nan nan nan nan nan nan nan nan nan nan nan nan nan nan nan nan nan nan nan nan
 0.00448481 0.00734623 0.0111763 0.0159927 0.0216935 0.0279691 0.0342831 0.0400142 0.0446936 0.0481572 0.0505148 0.0520104 0.0529024 0.0534146 0.0537288 0.0539835 0.054262 0.0545547 0.0546934 0.0542853 0.0527234 0.0493555 0.0438054 0.0362856 0.0276693
 0.004617 0.00756295 0.0115055 0.0164604 0.0223174 0.0287488 0.0351904 0.0409902 0.0456573 0.0490214 0.0512028 0.0524672 0.0531002 0.0533526 0.0534291 0.0534835 0.0536049 0.0537833 0.0538467 0.0534003 0.0518389 0.0485148 0.0430532 0.0356599 0.0271911
 0.00477973 0.00782953 0.0119105 0.0170374 0.0230924 0.0297297 0.0363558 0.0422838 0.046993 0.0502974 0.0523165 0.0533282 0.0536399 0.0535314 0.0532394 0.0529476 0.0527686 0.0527061 0.0525952 0.0520448 0.0504548 0.0471828 0.0418533 0.0346581 0.0264241
 0.00497493 0.00814833 0.0123931 0.0177223 0.0240094 0.0308883 0.0377331 0.0438197 0.0485972 0.0518639 0.0537384 0.0545063 0.0544882 0.0539825 0.0532503 0.0525057 0.0518934 0.051448 0.0510305 0.0502717 0.0485896 0.0453535 0.0401866 0.0332575 0.0253478
 0.0051861 0.00849464 0.0129199 0.018474 0.0250208 0.0321717 0.0392642 0.0455328 0.050394 0.0536315 0.055366 0.0558941 0.0555494 0.0546434 0.053452 0.0522088 0.0510847 0.0501484 0.0493012 0.0482166 0.0463529 0.0431076 0.038108 0.0314934 0.0239837
 0.00541613 0.00887067 0.0134899 0.0192842 0.0261077 0.0335485 0.0409063 0.0473724 0.0523286 0.0555425 0.0571367 0.0574205 0.0567435 0.0554319 0.0537749 0.0520181 0.0503493 0.0488633 0.0475026 0.0459957 0.0438613 0.0405467 0.035697 0.0294223 0.0223693
 0.00565328 0.0092608 0.0140855 0.0201372 0.0272593 0.0350129 0.0426553 0.0493295 0.0543805 0.0575613 0.0590003 0.0590238 0.0580007 0.0562739 0.0541458 0.0518717 0.0496497 0.0475927 0.0456778 0.0436899 0.0412193 0.0377807 0.0330528 0.0271237 0.0205615
 0.00588764 0.00964418 0.0146672 0.0209655 0.028373 0.0364282 0.0443505 0.0512384 0.0564002 0.05957 0.060876 0.0606567 0.0592992 0.0571658 0.0545745 0.0517924 0.0490262 0.046402 0.0439252 0.0414326 0.0385884 0.0349832 0.0303421 0.0247405 0.0186701
 0.0061373 0.0100529 0.0152876 0.021848 0.0295559 0.0379221 0.0461227 0.0532083 0.0584518 0.0615751 0.0627151 0.0622296 0.0605261 0.0579848 0.0549378 0.0516622 0.0483716 0.0452021 0.0421819 0.0391938 0.0359721 0.0321857 0.0276126 0.0223236 0.0167392
 0.00637075 0.0104367 0.0158732 0.0226859 0.0306863 0.0393589 0.0478374 0.0551242 0.0604543 0.0635341 0.0645067 0.0637497 0.0616955 0.0587473 0.0552551 0.0515066 0.0477213 0.0440418 0.040514 0.0370602 0.0334783 0.0295116 0.0249921 0.0199915 0.0148664
 0.00660318 0.0108161 0.0164472 0.0235 0.0317753 0.0407336 0.0494701 0.0569434 0.0623533 0.0653907 0.0662025 0.0651829 0.0627865 0.0594401 0.0555143 0.0513116 0.0470604 0.0429098 0.0389199 0.0350449 0.0311379 0.0270083 0.0225387 0.0178042 0.0131053
 0.00683344 0.0111972 0.0170328 0.0243431 0.0329163 0.0421816 0.0511855 0.0588338 0.0642895 0.0672341 0.06783 0.0665 0.0637284 0.0599678 0.055609 0.0509683 0.0462816 0.0417042 0.037307 0.0330703 0.0288922 0.0246383 0.0202346 0.0157591 0.0114618
 0.00705131 0.0115514 0.017566 0.0250961 0.0339204 0.0434477 0.0526907 0.0605138 0.0660442 0.068943 0.0693715 0.0677676 0.0646419 0.0604778 0.0556944 0.0506291 0.0455303 0.0405606 0.0358006 0.0312516 0.0268479 0.0225004 0.0181696 0.0139338 0.00999834
 0.00727767 0.0119206 0.0181235 0.0258834 0.0349656 0.0447511 0.0542113 0.0621675 0.0677175 0.0705171 0.0707422 0.0688537 0.0653859 0.0608429 0.0556639 0.0502039 0.044726 0.0394039 0.0343297 0.0295225 0.0249454 0.0205439 0.0163038 0.0122999 0.00869705
 0.00743255 0.0121819 0.0185342 0.0264891 0.0358044 0.0458377 0.0555211 0.0636315 0.0692325 0.0719669 0.0720188 0.069871 0.066085 0.0611912 0.0556502 0.049833 0.0440141 0.0383771 0.0330259 0.0279972 0.0232789 0.0188436 0.0146945 0.0108998 0.00758775
 0.00751751 0.0123192 0.0187404 0.0267819 0.0362032 0.0463617 0.0561849 0.0644373 0.0701626 0.0729786 0.0730452 0.0708297 0.0668912 0.061772 0.0559536 0.0498309 0.0436998 0.0377623 0.0321399 0.026889 0.0220209 0.0175314 0.0134369 0.00979819 0.00671169
 0.00760153 0.0124517 0.0189321 0.0270401 0.0365309 0.0467568 0.0566398 0.0649403 0.0707019 0.0735448 0.0736293 0.0714156 0.0674479 0.0622522 0.0563003 0.0499892 0.0436289 0.0374428 0.0315775 0.0261158 0.0210958 0.0165362 0.0124658 0.00893861 0.00602411
 0.00765884 0.0125383 0.0190506 0.027189 0.036706 0.0469533 0.0568539 0.0651698 0.0709464 0.0738066 0.0739128 0.0717248 0.0677813 0.0625958 0.0566232 0.0502454 0.0437657 0.0374136 0.0313551 0.025702 0.0205245 0.0158698 0.0117827 0.00831508 0.00551553
 0.00774519 0.0126728 0.0192413 0.0274382 0.0370081 0.0472935 0.0572073 0.0655046 0.0712316 0.0740219 0.074055 0.0718072 0.0678266 0.0626262 0.0566505 0.0502647 0.0437541 0.0373363 0.0311777 0.025405 0.0201143 0.0153815 0.0112716 0.00784084 0.00512412
 0.00776588 0.0127045 0.0192857 0.0274959 0.0370794 0.0473784 0.0573059 0.0656157 0.0713519 0.0741454 0.0741747 0.0719176 0.0679263 0.0627179 0.0567385 0.0503492 0.0438261 0.0373758 0.0311578 0.0253023 0.0199207 0.0151115 0.0109605 0.00753322 0.004859
 0.00782497 0.0127913 0.019399 0.0276284 0.0372198 0.0475146 0.0574279 0.0657171 0.0714301 0.0742012 0.0742112 0.0719389 0.0679361 0.0627197 0.0567355 0.0503437 0.0438171 0.0373566 0.0311148 0.0252192 0.0197868 0.0149292 0.0107479 0.00731872 0.00467024
 0.00785738 0.0128432 0.0194752 0.0277317 0.0373486 0.0476611 0.0575771 0.0658492 0.0715265 0.0742516 0.0742173 0.0719121 0.0678919 0.0626715 0.0566916 0.0503069 0.043786 0.0373257 0.0310753 0.0251603 0.0196997 0.0148123 0.0106098 0.0071762 0.0045419
 0.00789326 0.0128957 0.0195435 0.0278117 0.0374346 0.0477482 0.0576619 0.0659295 0.0715986 0.0743094 0.0742532 0.0719209 0.0678736 0.0626324 0.0566415 0.0502555 0.043739 0.0372836 0.0310338 0.0251122 0.019638 0.0147341 0.0105186 0.00708162 0.00445556
 0.00787393 0.0128679 0.0195082 0.0277717 0.0373936 0.047709 0.0576263 0.0658984 0.0715747 0.0742974 0.0742587 0.0719471 0.0679191 0.062691 0.0567055 0.0503183 0.0437967 0.0373337 0.0310734 0.0251372 0.0196442 0.0147197 0.0104862 0.00703808 0.00441008
 0.00789765 0.0128959 0.0195314 0.027776 0.0373648 0.0476403 0.0575229 0.0657775 0.0714586 0.0742055 0.0742024 0.0719294 0.0679374 0.0627393 0.0567757 0.0504013 0.0438831 0.0374154 0.031144 0.025192 0.01968 0.0147353 0.0104836 0.0070224 0.00438825
 0.00790124 0.012903 0.0195437 0.0277942 0.0373863 0.047657 0.0575214 0.0657435 0.0713841 0.0740961 0.0740771 0.0718146 0.0678564 0.0627048 0.0567882 0.0504519 0.0439585 0.0375017 0.0312288 0.025266 0.019737 0.0147727 0.0105023 0.00702634 0.00438298
 0.0078984 0.012893 0.0195189 0.0277453 0.0373059 0.047544 0.0573843 0.0655984 0.0712486 0.0739824 0.0739907 0.071757 0.0678298 0.062714 0.0568374 0.0505406 0.0440793 0.0376411 0.0313716 0.0253977 0.0198474 0.0148564 0.010559 0.00705962 0.00439907
 0.00788674 0.0128747 0.0194923 0.0277083 0.0372557 0.0474765 0.0572956 0.0654871 0.0711192 0.0738468 0.0738658 0.0716597 0.067772 0.0627005 0.0568675 0.0506102 0.0441819 0.0377676 0.0315097 0.0255339 0.0199691 0.014955 0.010631 0.00710674 0.00442624
 0.00786803 0.0128417 0.0194382 0.0276258 0.0371396 0.0473273 0.0571214 0.0653032 0.070944 0.0736962 0.0737512 0.0715876 0.0677462 0.0627227 0.0569364 0.050721 0.044326 0.0379339 0.0316853 0.0257053 0.0201239 0.0150838 0.010729 0.00717437 0.00446834
 0.00785371 0.0128177 0.0194005 0.0275701 0.0370613 0.047223 0.0569908 0.0651506 0.0707793 0.0735343 0.0736089 0.0714807 0.0676854 0.0627129 0.0569769 0.0508067 0.0444492 0.0380841 0.0318502 0.0258715 0.0202784 0.015216 0.0108328 0.00724861 0.00451639
 0.00783737 0.0127897 0.019356 0.0275038 0.0369689 0.0471032 0.0568472 0.0649918 0.0706172 0.0733818 0.0734779 0.0713813 0.0676265 0.0627004 0.057013 0.0508892 0.0445714 0.0382358 0.032019 0.0260436 0.0204405 0.015357 0.0109455 0.0073309 0.00457097
 0.00781157 0.0127469 0.0192899 0.0274083 0.0368395 0.0469397 0.0566554 0.0647848 0.0704129 0.0731994 0.0733341 0.0712876 0.0675886 0.0627188 0.0570845 0.0510076 0.044728 0.0384199 0.0322177 0.026243 0.0206268 0.0155187 0.011075 0.00742626 0.00463493
 0.00777993 0.0126947 0.01921 0.0272939 0.0366857 0.0467462 0.0564292 0.0645407 0.0701717 0.0729837 0.073164 0.0711784 0.0675483 0.0627486 0.0571792 0.0511572 0.0449197 0.0386393 0.0324497 0.0264725 0.0208394 0.0157024 0.0112223 0.00753492 0.00470824
 0.00775265 0.0126497 0.019141 0.0271947 0.0365515 0.0465754 0.056226 0.0643158 0.0699414 0.0727672 0.0729808 0.0710451 0.0674772 0.0627463 0.0572453 0.0512854 0.0450985 0.0388536 0.0326825 0.0267064 0.0210584 0.0158932 0.0113764 0.00764946 0.0047861
 0.00933074 0.0148554 0.0217963 0.029912 0.0388471 0.0480493 0.0567038 0.0638755 0.0688291 0.0712737 0.0713515 0.0694469 0.0660066 0.061451 0.0561441 0.0503791 0.0443773 0.0383008 0.0322769 0.026424 0.0208741 0.0157823 0.0113162 0.00762107 0.00477527
 0.00929846 0.0150982 0.0226821 0.0318982 0.0422808 0.0528982 0.0623856 0.0693536 0.0729821 0.0733397 0.0711799 0.0674392 0.062841 0.0577931 0.0524816 0.0469969 0.0414071 0.0357844 0.0302102 0.0247807 0.019615 0.0148593 0.0106742 0.00720116 0.00451932
 0.008975 0.014587 0.0219619 0.0310157 0.0414055 0.0523591 0.0626327 0.0707958 0.0757412 0.0770668 0.0750992 0.0706435 0.0646713 0.0580679 0.051465 0.0451828 0.0392876 0.0337157 0.0283907 0.0232889 0.0184582 0.0140081 0.010082 0.00681429 0.0042839
 0.00880029 0.0142953 0.021509 0.0303588 0.0405192 0.0512662 0.0614447 0.0697412 0.0751485 0.0772745 0.0763033 0.0727515 0.067269 0.0605531 0.0532928 0.0460751 0.0392882 0.0330909 0.0274672 0.0223316 0.0176245 0.0133605 0.00962174 0.00651215 0.0041006
 0.00873041 0.0141755 0.0213165 0.0300663 0.0400985 0.0506961 0.0607228 0.0689002 0.0742731 0.0765133 0.0758584 0.0728285 0.0679858 0.0618511 0.0549143 0.0476458 0.0404706 0.0337148 0.0275634 0.022067 0.0171991 0.01293 0.00927037 0.00626403 0.00394451
 0.00870796 0.0141371 0.0212546 0.0299711 0.0399574 0.0504945 0.0604461 0.0685374 0.0738237 0.0759984 0.075334 0.0723928 0.067768 0.0619698 0.0554162 0.048459 0.0414112 0.0345575 0.0281377 0.0223186 0.0171852 0.0127642 0.00906156 0.00608147 0.00381461
 0.00870499 0.0141291 0.0212368 0.0299365 0.0398984 0.0504042 0.0603198 0.0683721 0.0736175 0.07575 0.0750476 0.0720869 0.0674847 0.0617767 0.0553895 0.0486493 0.0418075 0.0350758 0.0286504 0.0227103 0.0174004 0.0128174 0.00901136 0.00599219 0.00373055
 0.00870358 0.0141272 0.0212342 0.0299329 0.0398921 0.0503917 0.0602951 0.0683279 0.0735465 0.075647 0.0749106 0.071919 0.067297 0.0615923 0.0552463 0.0485924 0.0418715 0.0352625 0.0289187 0.0229902 0.0176243 0.0129494 0.00905538 0.00597844 0.00369364
 0.00868346 0.0140982 0.0211974 0.0298918 0.0398514 0.050356 0.060267 0.0683073 0.0735298 0.0756283 0.0748824 0.0718742 0.0672318 0.06151 0.0551593 0.0485232 0.0418471 0.0353038 0.029027 0.0231425 0.0177816 0.0130751 0.0091311 0.00600756 0.00369274
 0.00866984 0.0140748 0.0211603 0.0298371 0.0397777 0.050266 0.0601695 0.0682156 0.0734579 0.0755854 0.0748693 0.0718838 0.0672524 0.0615297 0.0551716 0.0485299 0.0418587 0.0353346 0.0290879 0.0232328 0.0178872 0.0131749 0.00920728 0.00605337 0.00371254
 0.00862805 0.014012 0.0210753 0.029732 0.0396571 0.0501358 0.0600363 0.0680875 0.0733452 0.0754998 0.0748217 0.0718803 0.0672918 0.0616031 0.0552651 0.0486301 0.0419573 0.0354305 0.0291844 0.0233328 0.0179883 0.0132689 0.00928444 0.00610771 0.00374452
 0.0086349 0.0140164 0.0210697 0.0297061 0.0396009 0.0500452 0.0599167 0.0679532 0.0732145 0.0753888 0.0747408 0.0718342 0.0672811 0.0616259 0.0553168 0.0487031 0.0420426 0.0355204 0.0292742 0.0234203 0.0180715 0.0133444 0.00934773 0.0061551 0.00377548
 0.00864389 0.0140327 0.0210967 0.0297464 0.0396539 0.0501043 0.0599682 0.0679795 0.0732012 0.0753317 0.0746485 0.0717247 0.0671744 0.0615379 0.0552565 0.0486727 0.0420394 0.0355385 0.0293072 0.0234621 0.0181172 0.0133894 0.00938785 0.00618713 0.003798
 0.0086359 0.014022 0.021085 0.0297372 0.0396519 0.0501139 0.0599918 0.0680156 0.073243 0.0753676 0.0746656 0.0717142 0.0671358 0.06148 0.0551933 0.0486182 0.0420028 0.0355232 0.0293114 0.023481 0.0181449 0.0134204 0.00941728 0.0062117 0.0038161
 0.00863953 0.0140277 0.0210933 0.0297484 0.0396668 0.0501333 0.0600169 0.0680471 0.0732804 0.075408 0.0747031 0.0717401 0.0671418 0.061461 0.0551506 0.0485598 0.0419407 0.0354688 0.0292722 0.0234593 0.0181387 0.013425 0.00942768 0.00622343 0.00382625
 0.00863953 0.0140277 0.0210933 0.0297484 0.0396668 0.0501333 0.0600169 0.0680471 0.0732804 0.075408 0.0747031 0.0717401 0.0671418 0.061461 0.0551506 0.0485598 0.0419407 0.0354688 0.0292722 0.0234593 0.0181387 0.013425 0.00942768 0.00622343 0.00382625
 0.00858692 0.0139459 0.0209776 0.0295979 0.0394853 0.0499309 0.0598108 0.0678603 0.0731376 0.0753295 0.074699 0.0718078 0.0672671 0.061622 0.0553239 0.0487259 0.0420877 0.0355932 0.0293761 0.0235467 0.0182125 0.0134866 0.00947686 0.00626027 0.0038517
 0.00856223 0.0139012 0.0209022 0.0294798 0.0393153 0.0497083 0.059548 0.0675834 0.072881 0.0751272 0.0745768 0.0717788 0.0673305 0.0617645 0.0555228 0.0489541 0.0423196 0.0358089 0.0295642 0.023703 0.0183379 0.0135838 0.00954933 0.00631155 0.00388561
 0.00851677 0.0138298 0.0207993 0.0293414 0.0391392 0.0494945 0.0593008 0.0673137 0.0726077 0.0748763 0.0743782 0.07166 0.0673097 0.0618459 0.0556955 0.0491947 0.0425981 0.0360949 0.0298323 0.0239365 0.0185288 0.0137311 0.00965674 0.00638527 0.00393289
 0.00867962 0.0140836 0.0211594 0.0298117 0.0397071 0.0501267 0.0599396 0.0678814 0.0730217 0.0750715 0.0743256 0.0713746 0.0668448 0.0612771 0.0551011 0.048639 0.0421215 0.0357133 0.0295427 0.0237254 0.0183798 0.0136294 0.00959018 0.00634407 0.00390915
 0.00880413 0.0143011 0.0215132 0.0303472 0.040456 0.0510843 0.0610465 0.0690227 0.0740506 0.0758469 0.0747458 0.0713962 0.0664843 0.0606022 0.0542133 0.0476525 0.0411411 0.0348184 0.0287807 0.0231138 0.0179141 0.0132924 0.00935896 0.00619464 0.00381897
 0.00873011 0.0141916 0.0213707 0.0301867 0.0403085 0.0509973 0.0610781 0.069227 0.0744538 0.0764254 0.075421 0.0720522 0.0670036 0.0609001 0.0542591 0.0474701 0.0407942 0.0343876 0.0283406 0.0227189 0.0175935 0.0130531 0.00919333 0.00608806 0.0037553
 0.00894186 0.0145129 0.0218107 0.0307369 0.0409435 0.0516781 0.0617571 0.0698544 0.0749874 0.0768395 0.0757063 0.072206 0.0670171 0.0607556 0.0539393 0.0469748 0.040152 0.0336555 0.0275909 0.022021 0.0169985 0.0125863 0.0088555 0.00586244 0.0036165
 0.00870685 0.0141649 0.0213509 0.0301905 0.040355 0.0511022 0.061251 0.0694734 0.0747802 0.076841 0.0759301 0.0726381 0.0676144 0.0614483 0.0546412 0.0475995 0.0406328 0.0339609 0.0277294 0.0220316 0.0169333 0.0124929 0.00876668 0.00579391 0.00357103
#pred catch len freq
 0.00348437 0.00556001 0.00820782 0.0114156 0.015201 0.0195872 0.0245369 0.0299134 0.0354955 0.0410216 0.0462301 0.0508968 0.0548662 0.0580612 0.0604648 0.0620888 0.0629496 0.0630467 0.0623248 0.0606164 0.0576099 0.0529282 0.0463563 0.0381223 0.0290146
 0.0037991 0.00600208 0.00874858 0.011996 0.0157624 0.0201122 0.0250694 0.0305337 0.0362585 0.0418939 0.0470713 0.0515014 0.0550473 0.0577323 0.0596804 0.0610286 0.0618526 0.0621218 0.0616746 0.0602097 0.0573181 0.0526063 0.0459229 0.0375907 0.0284661
 0.00395194 0.00627431 0.00919758 0.0126778 0.0167056 0.0212862 0.0263714 0.0318163 0.0373921 0.0428216 0.0478097 0.0520815 0.0554453 0.0578522 0.0594076 0.0603138 0.0607639 0.0608269 0.0603658 0.0590202 0.0562839 0.0516902 0.0450756 0.0368012 0.0277674
 0.00416123 0.00659487 0.00964849 0.0132772 0.0174829 0.0222903 0.0276584 0.03341 0.0392351 0.0447535 0.0496007 0.0535112 0.0563729 0.0582314 0.0592481 0.0596409 0.0596165 0.0592848 0.0585641 0.0571236 0.0544388 0.0499931 0.0435779 0.0355328 0.0267512
 0.00439596 0.00696476 0.0101835 0.0139982 0.0184006 0.0234054 0.0289632 0.0348929 0.0408832 0.0465422 0.0514664 0.055323 0.057935 0.0593288 0.0597118 0.059392 0.0586697 0.0577289 0.0565412 0.0548137 0.0520379 0.0476858 0.0415125 0.0338086 0.0254148
 0.00462252 0.00732724 0.0107196 0.0147428 0.0193839 0.0246474 0.0304633 0.0366197 0.0427719 0.0485028 0.0533978 0.0571227 0.0594967 0.0605309 0.0604159 0.0594636 0.0580179 0.0563425 0.0545043 0.0522966 0.0492703 0.0449188 0.0389764 0.0316745 0.02377
 0.00486404 0.00770846 0.0112741 0.0154996 0.0203698 0.0258863 0.0319698 0.0383865 0.0447563 0.0506197 0.0555231 0.0591094 0.0611977 0.0618169 0.0611792 0.0596128 0.0574777 0.055072 0.0525277 0.0497304 0.0463258 0.0418726 0.0361147 0.0292302 0.021875
 0.00512519 0.008117 0.0118606 0.0162861 0.0213718 0.0271146 0.0334273 0.0400611 0.0466137 0.0525988 0.0575334 0.0610334 0.0628992 0.0631564 0.0620296 0.0598699 0.0570649 0.0539462 0.0506964 0.0472771 0.0434291 0.0387967 0.0331611 0.0266652 0.019865
 0.0053728 0.00851058 0.0124372 0.0170773 0.0224015 0.028395 0.0349509 0.041794 0.0484947 0.0545445 0.0594468 0.0628109 0.0644362 0.0643499 0.0627815 0.0600898 0.0566761 0.0528968 0.0489779 0.0449501 0.0406451 0.035797 0.0302389 0.0240948 0.0178297
 0.00569716 0.00901586 0.0131583 0.0180363 0.0236102 0.0298562 0.0366529 0.0437001 0.0505343 0.0566133 0.0614171 0.0645505 0.065828 0.0653055 0.063241 0.0600128 0.0560314 0.0516614 0.0471514 0.0425825 0.0378651 0.0328199 0.0273366 0.0215319 0.0157903
 0.00608757 0.00962232 0.0140197 0.019174 0.0250298 0.0315493 0.0385925 0.0458318 0.0527706 0.0588352 0.0634842 0.0663164 0.0671603 0.0661046 0.0634507 0.0596177 0.0550442 0.0501093 0.0450753 0.0400528 0.0350071 0.029828 0.0244554 0.0190015 0.0137797
 0.00637001 0.0100718 0.014679 0.0200791 0.0262067 0.0330078 0.0403162 0.0477691 0.0548344 0.0609102 0.0654389 0.0680161 0.0684804 0.0669434 0.0637391 0.0593238 0.0541703 0.0486862 0.0431581 0.0377263 0.0323992 0.0271177 0.0218581 0.0167258 0.011972
 0.00666915 0.0105419 0.0153579 0.0209954 0.0273804 0.0344483 0.0420139 0.0496833 0.0568841 0.0629752 0.0673718 0.0696643 0.0697101 0.067658 0.0638867 0.0588932 0.0531827 0.0471873 0.0412158 0.0354355 0.0298904 0.0245595 0.0194426 0.014632 0.0103209
 0.00692441 0.0109491 0.0159576 0.0218234 0.0284655 0.0358066 0.0436382 0.0515323 0.0588768 0.0649942 0.0692729 0.0712934 0.070925 0.06835 0.0639958 0.0584109 0.0521441 0.0456585 0.039285 0.0332115 0.0275067 0.0221747 0.0172267 0.0127359 0.00884048
 0.00715688 0.0113148 0.0164863 0.022538 0.0293822 0.0369338 0.0449705 0.0530418 0.060507 0.0666591 0.070863 0.072687 0.0720033 0.0690131 0.0641756 0.0580785 0.0513112 0.0443732 0.0376264 0.0312848 0.0254407 0.0201166 0.0153267 0.0111214 0.00758794
