SBPRF35
12.7214
Curr Bio
892041
B35
885062
F35
0.1724
FOFL
0.1724
OFL
127171
Bzero
3.63469e+006
#pred survey bio
 3.671e+006 3.5182e+006 3.38925e+006 3.20303e+006 2.99742e+006 2.76236e+006 2.51935e+006 2.26408e+006 2.01875e+006 1.77926e+006 1.57669e+006 1.39946e+006 1.24105e+006 1.08135e+006 943682 828225 764856 695363 633585 606133 588155 564307 546079 530918 530473 527050 525370 521876 524380 528925 542978 558528 561245 569410 579978 584068 593263 605808 609348 625256 639589 646669 645588 645616 652280 661889 661991 659946 674928 673428 669943 708592 734111 756315 787256 827571 872288 897168 2.09095e+007 1.91538e+007 1.94663e+007 2.02345e+007 2.12934e+007 2.2454e+007 2.35787e+007 2.45871e+007 2.5445e+007 2.61489e+007 2.67118e+007 2.71543e+007 2.74981e+007 2.77631e+007 2.79666e+007 2.81226e+007 2.82423e+007 2.83342e+007 2.84052e+007 2.846e+007 2.85027e+007 2.85359e+007 2.8562e+007 2.85826e+007 2.85988e+007 2.86117e+007 2.86219e+007 2.86301e+007 2.86367e+007 2.86419e+007 2.86462e+007 2.86496e+007 2.86523e+007 2.86546e+007 2.86564e+007 2.86579e+007 2.86591e+007 2.86601e+007 2.86609e+007 2.86615e+007 2.86621e+007 2.86625e+007 2.86628e+007 2.86631e+007 2.86634e+007 2.86636e+007 2.86637e+007 2.86639e+007 2.8664e+007 2.86641e+007 2.86641e+007 2.86642e+007 2.86642e+007 2.86643e+007 2.86643e+007 2.86643e+007 2.86643e+007 2.86644e+007 2.86644e+007 2.86644e+007 2.86644e+007 2.86644e+007 2.86644e+007 2.86644e+007 2.86644e+007 2.86644e+007 2.86644e+007 2.86644e+007 2.86644e+007 2.86644e+007 2.86644e+007 2.86644e+007 2.86644e+007 2.86644e+007 2.86644e+007 2.86644e+007 2.86644e+007 2.86644e+007 2.86644e+007 2.86644e+007 2.86644e+007 2.86644e+007 2.86644e+007 2.86644e+007 2.86644e+007 2.86644e+007 2.86644e+007 2.86644e+007 2.86644e+007 2.86644e+007 2.86644e+007 2.86644e+007 2.86644e+007 2.86644e+007 2.86644e+007 2.86644e+007 2.86644e+007 2.86644e+007 2.86644e+007 2.86644e+007 0 0 0 0 0 0 0 0 0 0 0 0 0 0 0 0 0 0 0 0 0 0 0 0 0
#obs survey bio
 4.28672e+006 4.81636e+006 3.67717e+006 3.14179e+006 2.99222e+006 3.06342e+006 2.99871e+006 1.88139e+006 2.52246e+006 1.40824e+006 1.00649e+006 1.49978e+006 782440 1.37502e+006 717418 692994 866699 465929 391040 536098 499368 564928 699659 431154 556624 638818 433051 442195 598032 408234 523567 740819 478894 533204 670430 462244 550858 586370 495522 663018 708170 649423 872526 567248 466238 771975 602892 772335 689821 722632 575509 640525 598222 808276 711497 922952 893852 1.03127e+006
#pred catch bio
 108184 98799.7 166450 200651 245724 271863 301716 309709 318448 296386 282512 271983 275711 255614 234029 187333 190170 178693 145376 134464 135701 126785 120718 106395 108075 105760 106473 101100 99863.2 93092.2 93285.2 104154 98725.5 96224.7 101200 96706.6 94432.1 102486 92595.1 95010.3 101618 108245 107033 102319 101524 110499 112336 98481 112868 113902 79429 93287.6 97834.8 92594.5 87472.1 86812.3 106087 117773 127171 127280 128254 132207 138507 145585 152409 158431 163442 167437 170525 172855 174581 175842 176752 177403 177866 178193 178423 178584 178696 178775 178829 178867 178893 178911 178924 178932 178938 178942 178945 178947 178948 178949 178950 178950 178951 178951 178951 178951 178951 178951 178951 178951 178951 178951 178951 178951 178951 178951 178951 178951 178951 178951 178951 178951 178951 178951 178951 178951 178951 178951 178951 178951 178951 178951 178951 178951 178951 178951 178951 178951 178951 178951 178951 178951 178951 178951 178951 178951 178951 178951 178951 178951 178951 178951 178951 178951 178951 178951 178951 178951 178951 178951 178951 178951 178951 178951 178951 178951 0 0 0 0 0 0 0 0 0 0 0 0 0 0 0 0 0 0 0 0 0 0 0 0 0
#obs catch bio
 0 98277.4 166533 200282 245553 271548 301199 311046 319348 297348 283675 272950 279586 257311 237024 189302 192306 181931 147903 136328 137418 127762 121134 106818 108165 106010 106833 101251 100164 93674 93710.4 104511 98979.7 96086.5 100758 96498.2 94214.6 102461 92595.7 94806.5 101238 107744 106293 101880 101607 110639 112445 98362.6 112865 113741 78955 93036.6 97974.6 92690.8 87754.8 86851.1 106439 117851
#pred cpue bio
 3.62942e+006 3.47779e+006 3.34877e+006 3.16242e+006 2.95708e+006 2.72233e+006 2.4797e+006 2.22498e+006 1.98047e+006 1.74218e+006 1.54058e+006 1.36422e+006 1.20675e+006 1.04856e+006 912439 798324 735683 667547 607214 580660 563570 540765 523393 508871 508581 505316 503777 500459 502902 507272 520976 536361 539338 547643 558282 562431 571452 583778 587260 602878 617035 624077 623068 622988 629199 638431 638590 636585 651314 649995 646586 684525 709688 731415 761643 801239 845220 869656 2.02738e+007 1.85724e+007 1.87838e+007 1.94501e+007 2.04796e+007 2.16345e+007 2.27583e+007 2.37666e+007 2.46245e+007 2.53283e+007 2.58913e+007 2.63338e+007 2.66775e+007 2.69425e+007 2.7146e+007 2.7302e+007 2.74217e+007 2.75137e+007 2.75846e+007 2.76395e+007 2.76821e+007 2.77154e+007 2.77415e+007 2.7762e+007 2.77782e+007 2.77911e+007 2.78014e+007 2.78096e+007 2.78161e+007 2.78214e+007 2.78256e+007 2.7829e+007 2.78318e+007 2.7834e+007 2.78358e+007 2.78373e+007 2.78385e+007 2.78395e+007 2.78403e+007 2.7841e+007 2.78415e+007 2.78419e+007 2.78423e+007 2.78426e+007 2.78428e+007 2.7843e+007 2.78432e+007 2.78433e+007 2.78434e+007 2.78435e+007 2.78436e+007 2.78436e+007 2.78437e+007 2.78437e+007 2.78437e+007 2.78438e+007 2.78438e+007 2.78438e+007 2.78438e+007 2.78438e+007 2.78438e+007 2.78439e+007 2.78439e+007 2.78439e+007 2.78439e+007 2.78439e+007 2.78439e+007 2.78439e+007 2.78439e+007 2.78439e+007 2.78439e+007 2.78439e+007 2.78439e+007 2.78439e+007 2.78439e+007 2.78439e+007 2.78439e+007 2.78439e+007 2.78439e+007 2.78439e+007 2.78439e+007 2.78439e+007 2.78439e+007 2.78439e+007 2.78439e+007 2.78439e+007 2.78439e+007 2.78439e+007 2.78439e+007 2.78439e+007 2.78439e+007 2.78439e+007 2.78439e+007 2.78439e+007 2.78439e+007 2.78439e+007 2.78439e+007 2.78439e+007 2.78439e+007 2.78439e+007 0 0 0 0 0 0 0 0 0 0 0 0 0 0 0 0 0 0 0 0 0 0 0 0 0
#obs cpue bio
 4.02816e+006 3.17361e+006 3.96543e+006 2.71811e+006 2.64441e+006 2.29222e+006 2.36056e+006 1.3323e+006 1.9395e+006 1.90541e+006 2.18216e+006 1.24143e+006 1.01044e+006 1.07268e+006 804302 718337 634062 598719 622978 615497 645046 578774 496522 498858 619958 356482 571609 605988 401447 439417 547612 499783 577383 762740 692390 594276 612194 618475 590280 736735 681352 730367 593515 602301 562372 583431 748513 501015 744636 802665 726125 881161 573489 646583 586132 825486 773908 993554
#pred surv len freq
 0.00422568 0.00692176 0.010534 0.0150887 0.020509 0.0265334 0.0326901 0.0384158 0.0432642 0.0470441 0.0497984 0.0516892 0.0528963 0.0535762 0.0538603 0.0538735 0.0537557 0.053656 0.0536564 0.0536222 0.0530634 0.0511725 0.0471463 0.0406833 0.0323236
 0.004525 0.00733213 0.0110133 0.0155573 0.020881 0.0267603 0.0327882 0.0384548 0.0433211 0.0471545 0.0499414 0.0518138 0.0529704 0.0536204 0.0539445 0.0540767 0.0541105 0.0541057 0.0540512 0.0537642 0.0527886 0.0504314 0.0460383 0.0394192 0.0311359
 0.00460305 0.00751002 0.0113693 0.0161798 0.0218276 0.0280056 0.0341946 0.0398011 0.0443871 0.047812 0.0501913 0.0517505 0.0527116 0.0532582 0.0535413 0.0536832 0.0537687 0.0538247 0.0537767 0.053378 0.0521574 0.0494833 0.0448184 0.0380833 0.0298831
 0.00476684 0.00775951 0.0117185 0.0166433 0.0224331 0.0288019 0.03524 0.0411248 0.0459384 0.0494345 0.0516535 0.0528279 0.0532723 0.0532995 0.0531624 0.0530253 0.0529612 0.0529526 0.0528646 0.0523919 0.0510325 0.0481784 0.0433678 0.0366071 0.0285422
 0.00496224 0.00807789 0.0121977 0.0173158 0.0233172 0.0298912 0.0364995 0.0424996 0.0473727 0.0508813 0.05306 0.0541069 0.0542918 0.0539139 0.0532713 0.0526175 0.0521129 0.0517842 0.0514863 0.0508704 0.0493956 0.0464501 0.0416098 0.0349315 0.0270827
 0.00518484 0.00844078 0.012746 0.018093 0.0243574 0.0312061 0.0380635 0.0442424 0.0491878 0.0526487 0.0546714 0.055479 0.0553602 0.0546157 0.0535357 0.0523798 0.0513452 0.0505179 0.0498067 0.0488896 0.0472284 0.0442118 0.0394269 0.0329435 0.0254176
 0.00543472 0.00884501 0.0133511 0.0189421 0.0254838 0.0326225 0.0397483 0.046133 0.0511846 0.0546299 0.0565102 0.0570589 0.0565863 0.055418 0.0538639 0.0521943 0.0506165 0.0492392 0.0480135 0.0466706 0.0447227 0.0415953 0.0368935 0.0306786 0.0235631
 0.00565675 0.00921926 0.013939 0.0198091 0.0266859 0.0341846 0.0416436 0.0482756 0.0534439 0.0568572 0.0585629 0.0588141 0.0579451 0.0563058 0.0542278 0.051999 0.0498404 0.0478766 0.046088 0.044255 0.0419547 0.0386755 0.0340597 0.0281585 0.021522
 0.00588283 0.00958781 0.0144969 0.0206043 0.0277628 0.0355738 0.0433471 0.0502541 0.0556123 0.059091 0.0607138 0.0607306 0.0594926 0.05738 0.0547578 0.0519416 0.049172 0.0465915 0.0442073 0.0418462 0.0391525 0.0356869 0.0311395 0.0255562 0.0194189
 0.00619482 0.0100843 0.0152244 0.0215998 0.0290483 0.0371486 0.0451782 0.0522729 0.0577227 0.0611846 0.0626819 0.0624687 0.0609008 0.0583657 0.0552421 0.0518641 0.0484937 0.0452968 0.0423112 0.0394123 0.0363125 0.0326487 0.0281641 0.0229025 0.0172763
 0.00648987 0.0105622 0.0159398 0.0226013 0.0303678 0.0387858 0.0470855 0.0543528 0.0598445 0.0632132 0.0645028 0.0639974 0.0620778 0.0591455 0.0555819 0.0517197 0.0478224 0.044067 0.0405196 0.0371053 0.0336077 0.029742 0.0253073 0.0203486 0.0152123
 0.0067629 0.0110069 0.0166109 0.0235504 0.031634 0.0403798 0.0489724 0.0564441 0.0620077 0.0652956 0.0663589 0.06551 0.0631697 0.059778 0.0557438 0.05141 0.0470365 0.0427954 0.0387619 0.0348963 0.0310456 0.0270004 0.0226164 0.0179436 0.0132688
 0.00693761 0.0113111 0.0171062 0.0243069 0.0327154 0.041819 0.0507481 0.0584717 0.064152 0.0673973 0.0682618 0.0670805 0.0643087 0.0604269 0.0558826 0.0510475 0.0461953 0.0414999 0.0370389 0.0327922 0.0286512 0.0244673 0.0201457 0.0157428 0.0114936
 0.00720781 0.0117431 0.017744 0.0251897 0.0338742 0.0432691 0.0524756 0.0604214 0.0662231 0.0694511 0.0701401 0.0686305 0.0654078 0.0609992 0.055903 0.0505322 0.0451863 0.0400503 0.0352067 0.0306475 0.0262928 0.0220362 0.0178179 0.013695 0.00985543
 0.00752879 0.0122533 0.0184895 0.0262044 0.0351721 0.0448344 0.054253 0.062316 0.0681154 0.0712199 0.0716793 0.0698533 0.0662438 0.0613938 0.0558227 0.0499707 0.0441655 0.038616 0.0334231 0.0285964 0.0240802 0.019797 0.0157075 0.0118616 0.00840238
 0.00780126 0.0127002 0.0191687 0.0271692 0.0364581 0.0464381 0.0561133 0.0643109 0.0700831 0.0729955 0.0731287 0.0708907 0.0668308 0.0615271 0.0555189 0.0492556 0.0430705 0.0371809 0.0317018 0.0266632 0.0220345 0.0177622 0.0138194 0.0102433 0.00713405
 0.00780315 0.012718 0.0192244 0.0272973 0.0367029 0.0468471 0.0567262 0.065147 0.0711289 0.0741973 0.0743943 0.0721037 0.0678732 0.0623017 0.0559609 0.0493336 0.0427802 0.0365398 0.0307477 0.025457 0.0206632 0.0163363 0.0124599 0.00905906 0.00619704
 0.00788699 0.0128581 0.0194425 0.0276164 0.0371435 0.0474206 0.0574283 0.0659553 0.0720065 0.0750987 0.0752696 0.0728999 0.0685347 0.0627736 0.0561961 0.0492996 0.0424638 0.0359478 0.0299072 0.0244168 0.0194947 0.0151311 0.0113183 0.00807043 0.00541922
 0.00800396 0.0130435 0.0197126 0.0279836 0.0376144 0.047993 0.0580876 0.0666723 0.07274 0.0758021 0.0758994 0.0734209 0.0689214 0.0630081 0.0562641 0.0491878 0.0421616 0.0354519 0.0292282 0.0235847 0.0185617 0.0141687 0.0104068 0.00728181 0.00479974
 0.00795269 0.0129586 0.0195831 0.0278011 0.0373789 0.04772 0.0578136 0.0664527 0.0726377 0.0758698 0.0761626 0.0738696 0.0695114 0.0636706 0.0569192 0.0497585 0.0425839 0.0356817 0.0292458 0.0233976 0.0182055 0.0137028 0.00990324 0.00680977 0.00440952
 0.00788146 0.0128434 0.0194109 0.0275605 0.0370631 0.0473315 0.05737 0.0659911 0.0722133 0.0755488 0.0760092 0.0739307 0.0698023 0.0641671 0.0575605 0.0504594 0.0432523 0.0362365 0.0296297 0.0235856 0.0182068 0.0135566 0.00966832 0.0065485 0.0041725
 0.00789278 0.0128587 0.0194277 0.0275735 0.0370634 0.0473077 0.0573091 0.0658817 0.0720507 0.0753407 0.0757805 0.0737225 0.0696642 0.0641431 0.057673 0.0506985 0.0435757 0.0365802 0.0299265 0.0237834 0.0182816 0.0135162 0.00954552 0.00638789 0.00401501
 0.00796076 0.0129498 0.0195291 0.0276612 0.0371091 0.0472894 0.0572193 0.0657288 0.0718534 0.0751206 0.0755576 0.0735156 0.0694943 0.0640341 0.0576485 0.0507728 0.043744 0.0368146 0.0301806 0.0240061 0.0184336 0.0135816 0.00953392 0.00632629 0.00393488
 0.00807574 0.0131213 0.0197571 0.0279328 0.037398 0.0475584 0.0574253 0.0658306 0.0718238 0.0749573 0.0752862 0.0731813 0.0691478 0.0637194 0.0573979 0.0506065 0.0436702 0.0368264 0.0302556 0.0241095 0.0185287 0.0136414 0.00954935 0.0063051 0.00389423
 0.00807996 0.0131245 0.019755 0.0279188 0.0373643 0.0474978 0.0573334 0.0657069 0.0716717 0.0747846 0.0751057 0.0730108 0.0690078 0.0636295 0.0573718 0.0506499 0.0437798 0.036991 0.030456 0.0243203 0.0187223 0.0137951 0.00965191 0.006359 0.00391211
 0.00806086 0.0131025 0.0197384 0.0279195 0.0373935 0.047559 0.0574174 0.0657925 0.0717325 0.0747984 0.0750617 0.0729119 0.0688692 0.0634745 0.0572269 0.0505391 0.04372 0.0369884 0.0305054 0.0244066 0.0188241 0.0138909 0.00972625 0.00640593 0.00393463
 0.00805796 0.0130906 0.0197078 0.0278593 0.0372966 0.0474295 0.057274 0.0656647 0.0716485 0.0747715 0.0750848 0.0729625 0.0689216 0.0635113 0.0572445 0.0505462 0.0437315 0.0370184 0.0305611 0.0244859 0.0189166 0.0139822 0.00980323 0.00646137 0.00396829
 0.00812756 0.0131915 0.0198366 0.0280033 0.0374356 0.04754 0.0573349 0.0656626 0.0715831 0.0746578 0.0749487 0.0728309 0.0688114 0.0634254 0.0571756 0.0504861 0.0436776 0.0369753 0.0305363 0.024484 0.0189361 0.0140155 0.00984014 0.00649323 0.00399074
 0.00816349 0.0132448 0.0199068 0.0280855 0.0375205 0.0476145 0.0573833 0.0656697 0.0715384 0.074561 0.0748122 0.0726784 0.0686707 0.0633187 0.057113 0.0504642 0.0436853 0.0370004 0.0305708 0.0245246 0.0189811 0.0140621 0.0098838 0.00652949 0.00401706
 0.00816755 0.0132531 0.0199222 0.0281112 0.0375585 0.0476634 0.0574367 0.0657164 0.0715649 0.0745559 0.07477 0.0726022 0.0685722 0.0632157 0.0570243 0.0504035 0.0436576 0.0370022 0.030594 0.0245603 0.0190222 0.0141035 0.00992157 0.00656072 0.00404016
 0.00800907 0.0130158 0.0196033 0.0277228 0.0371256 0.0472196 0.0570204 0.0653669 0.0713172 0.0744332 0.0747782 0.0727291 0.0687924 0.0634987 0.0573416 0.0507328 0.043983 0.0373122 0.0308789 0.0248118 0.0192342 0.0142731 0.0100496 0.00665117 0.00409947
 0.00782135 0.0127215 0.019182 0.0271662 0.0364433 0.0464448 0.0562144 0.064614 0.0707084 0.0740422 0.0746435 0.0728486 0.069131 0.0640012 0.0579459 0.0513807 0.0446265 0.037916 0.0314197 0.0252759 0.019615 0.0145704 0.0102687 0.00680237 0.00419633
 0.00777292 0.0126394 0.0190524 0.0269738 0.0361747 0.0460942 0.0557891 0.064139 0.0702246 0.073601 0.0742974 0.072641 0.0690869 0.0641222 0.058211 0.0517526 0.0450606 0.038369 0.0318554 0.0256678 0.019947 0.0148351 0.0104667 0.00694053 0.00428553
 0.00771117 0.0125355 0.0188895 0.0267343 0.0358442 0.0456678 0.055278 0.0635732 0.0696497 0.0730706 0.0738652 0.0723529 0.0689754 0.0642008 0.0584713 0.0521647 0.0455786 0.0389392 0.0324256 0.0261947 0.0204004 0.0151994 0.0107397 0.00713045 0.00440757
 0.00769768 0.0125013 0.0188153 0.0265942 0.0356114 0.0453245 0.0548247 0.0630327 0.0690642 0.0724941 0.0733539 0.0719587 0.0687389 0.0641469 0.0586057 0.0524732 0.0460278 0.0394814 0.0330057 0.0267591 0.0209054 0.0156168 0.0110585 0.00735504 0.00455292
 0.00773913 0.0125656 0.018905 0.0267064 0.0357344 0.0454348 0.0548872 0.0630065 0.0689159 0.0722119 0.0729572 0.0714947 0.0682718 0.0637425 0.0583182 0.0523362 0.0460501 0.0396469 0.0332783 0.0270909 0.0212469 0.0159273 0.011312 0.00754224 0.00467816
 0.00771216 0.0125252 0.0188509 0.0266409 0.035662 0.045361 0.0548159 0.0629378 0.0688432 0.0721217 0.0728336 0.0713283 0.0680681 0.0635259 0.0581271 0.052212 0.046025 0.0397342 0.0334683 0.0273541 0.0215425 0.0162138 0.0115577 0.00773067 0.00480789
 0.00766857 0.012453 0.0187401 0.0264828 0.0354525 0.0451051 0.0545317 0.0626551 0.068596 0.0719378 0.0727248 0.0712883 0.0680777 0.0635633 0.0581793 0.0522808 0.0461245 0.0398814 0.0336719 0.0276073 0.0218225 0.0164898 0.0118007 0.00792206 0.00494293
 0.00767721 0.0124691 0.0187674 0.0265245 0.0355085 0.0451687 0.0545883 0.0626853 0.0685828 0.0718741 0.0726173 0.0711536 0.0679343 0.0634251 0.058054 0.0521734 0.0460424 0.0398364 0.0336761 0.0276658 0.0219286 0.0166247 0.0119403 0.00804511 0.00503719
 0.0075911 0.0123318 0.0185667 0.0262529 0.0351672 0.0447722 0.0541675 0.062284 0.0682476 0.0716414 0.072504 0.0711575 0.06804 0.0636107 0.0582955 0.0524477 0.0463301 0.0401242 0.0339577 0.0279384 0.0221886 0.0168643 0.0121484 0.0082119 0.00515866
 0.0075215 0.0122209 0.0184041 0.0260303 0.0348803 0.0444234 0.0537694 0.0618622 0.0678392 0.0712896 0.0722492 0.0710283 0.0680469 0.063745 0.0585334 0.0527577 0.0466801 0.0404867 0.034312 0.028271 0.0224903 0.0171278 0.0123674 0.00838231 0.00528086
 0.00748786 0.0121698 0.0183333 0.0259397 0.0347701 0.0442932 0.0536173 0.0616862 0.0676398 0.0710729 0.0720298 0.0708289 0.0678948 0.063665 0.0585406 0.0528526 0.0468496 0.0407086 0.0345616 0.0285257 0.0227323 0.0173439 0.0125488 0.00852425 0.00538327
 0.00757512 0.0122952 0.0184916 0.0261154 0.034942 0.0444407 0.0537255 0.0617459 0.0676446 0.0710167 0.0719081 0.0706436 0.0676589 0.0634044 0.0582893 0.0526442 0.0467079 0.0406421 0.034564 0.0285807 0.0228194 0.0174439 0.0126459 0.0086076 0.00544741
 0.00772442 0.0125196 0.0187943 0.0264851 0.0353532 0.0448568 0.0541026 0.062039 0.0678168 0.0710488 0.0718025 0.0704204 0.0673476 0.0630366 0.057897 0.0522598 0.0463623 0.0403601 0.0343593 0.0284533 0.0227581 0.0174305 0.0126612 0.00863514 0.0054757
 0.00767842 0.0124729 0.0187751 0.0265344 0.0355112 0.0451421 0.0544962 0.0624841 0.0682367 0.0713724 0.0719846 0.0704483 0.0672361 0.0628171 0.0576069 0.0519362 0.0460388 0.0400658 0.0341159 0.0282732 0.0226419 0.0173691 0.0126393 0.00863653 0.00548704
 0.00755254 0.0122809 0.0185118 0.0262091 0.0351519 0.0447972 0.0542311 0.0623662 0.0683109 0.0716375 0.0723873 0.0709014 0.0676508 0.0631315 0.057798 0.0520137 0.0460321 0.0400106 0.0340452 0.0282113 0.0226029 0.0173559 0.0126466 0.00865522 0.0055083
 0.00757896 0.0123084 0.0185251 0.0261854 0.0350684 0.0446432 0.0540184 0.0621325 0.0681119 0.0715303 0.0724102 0.0710582 0.0679065 0.063424 0.0580602 0.052197 0.0461187 0.0400116 0.0339897 0.0281325 0.0225275 0.0172995 0.0126134 0.0086415 0.00550677
 0.0075852 0.0123269 0.0185671 0.0262629 0.0351868 0.0447923 0.054168 0.0622398 0.06814 0.0714686 0.0722834 0.0709166 0.0678025 0.0633876 0.0580877 0.052257 0.0461705 0.0400254 0.0339566 0.0280638 0.0224444 0.0172222 0.0125543 0.00860353 0.00548648
 0.0074532 0.0121204 0.0182726 0.0258769 0.0347201 0.0442743 0.0536474 0.0617769 0.0677903 0.0712654 0.0722312 0.0709997 0.0680001 0.0636832 0.0584661 0.052695 0.0466323 0.0404679 0.0343422 0.028371 0.0226709 0.0173797 0.0126598 0.00867265 0.00553081
 0.00750304 0.0121872 0.0183465 0.0259393 0.0347478 0.0442469 0.0535551 0.0616243 0.0675957 0.071056 0.072036 0.0708417 0.067893 0.0636321 0.0584716 0.0527553 0.0467409 0.0406102 0.0344961 0.0285133 0.0227852 0.0174605 0.0127111 0.00870286 0.005548
 0.0075891 0.0123203 0.0185331 0.026178 0.0350266 0.0445409 0.0538262 0.0618266 0.0676882 0.0710169 0.0718717 0.0705847 0.0675895 0.063328 0.0582024 0.0525424 0.0465924 0.0405234 0.0344596 0.0285102 0.0227977 0.0174751 0.012721 0.0087072 0.00554879
 0.00742707 0.0120576 0.0181407 0.0256333 0.0343226 0.0436985 0.0529031 0.0609149 0.066894 0.0704334 0.0715563 0.0705518 0.0678174 0.0637715 0.0588051 0.0532459 0.0473424 0.0412722 0.0351674 0.0291449 0.0233363 0.0179048 0.013041 0.00892822 0.00568951
 0.00743036 0.0120508 0.018107 0.0255476 0.0341551 0.0434225 0.0525047 0.0604012 0.0662984 0.0698136 0.0709862 0.0701061 0.0675538 0.063718 0.0589568 0.0535715 0.0477945 0.0417977 0.0357151 0.0296702 0.0238041 0.0182921 0.0133382 0.00913851 0.00582596
 0.00743578 0.0120627 0.0181297 0.025584 0.0342024 0.0434665 0.0525172 0.0603441 0.0661357 0.0695276 0.0705896 0.0696442 0.0670953 0.0633373 0.0587146 0.0535002 0.0478934 0.0420379 0.0360497 0.0300469 0.0241749 0.0186205 0.0136025 0.00933216 0.00595501
 0.00734272 0.0119218 0.0179374 0.0253451 0.0339301 0.0431804 0.0522408 0.0600995 0.0659362 0.0693721 0.0704632 0.0695277 0.0669797 0.0632337 0.0586534 0.0535193 0.0480219 0.0422826 0.0363918 0.0304469 0.0245849 0.0189963 0.0139136 0.00956543 0.00611345
 0.00726678 0.0117889 0.017721 0.0250175 0.0334721 0.0425953 0.0515657 0.0594043 0.0653075 0.0688873 0.0701692 0.0694319 0.0670557 0.0634379 0.058944 0.0538701 0.048424 0.0427356 0.03689 0.0309705 0.0251 0.0194645 0.0143031 0.00986062 0.00631632
 0.0071563 0.0116184 0.0174806 0.0247015 0.0330769 0.0421185 0.0510083 0.0587788 0.0646474 0.0682505 0.0696303 0.0690637 0.066907 0.0635187 0.0592267 0.0543045 0.048957 0.0433244 0.0375033 0.0315823 0.0256821 0.0199861 0.0147373 0.0101924 0.00654707
 0.00704364 0.0114569 0.0172773 0.0244762 0.0328556 0.0419221 0.0508433 0.0586341 0.0644984 0.0680699 0.0694023 0.0687968 0.0666374 0.0633009 0.0591136 0.0543279 0.0491195 0.0436042 0.0378662 0.0319909 0.0261002 0.0203801 0.0150787 0.0104627 0.00674105
#obs surv len freq
 nan nan nan nan nan nan nan nan nan nan nan nan nan nan nan nan nan nan nan nan nan nan nan nan nan
 0.00448328 0.00734382 0.0111728 0.0159881 0.0216877 0.0279623 0.0342757 0.0400069 0.0446869 0.0481518 0.0505112 0.0520087 0.0529026 0.0534165 0.053732 0.0539879 0.0542672 0.0545603 0.0546994 0.0542914 0.0527294 0.0493612 0.0438105 0.0362898 0.0276726
 0.00461951 0.00756659 0.0115101 0.0164656 0.0223226 0.0287534 0.0351938 0.0409922 0.0456578 0.0490204 0.0512006 0.052464 0.0530965 0.0533489 0.0534257 0.0534805 0.0536025 0.0537813 0.0538451 0.053399 0.0518378 0.0485138 0.0430523 0.0356591 0.0271906
 0.0047785 0.00782816 0.0119096 0.0170378 0.023095 0.0297348 0.0363627 0.0422912 0.0469994 0.0503015 0.0523178 0.0533269 0.0536368 0.0535273 0.053235 0.0529436 0.0527651 0.0527033 0.0525931 0.0520432 0.0504536 0.0471819 0.0418525 0.0346575 0.0264237
 0.00497255 0.00814407 0.012386 0.0177115 0.0239944 0.0308698 0.0377129 0.0438007 0.0485824 0.051855 0.0537356 0.0545083 0.0544933 0.0539893 0.053258 0.0525141 0.0519027 0.0514583 0.0510417 0.0502837 0.0486018 0.0453653 0.0401973 0.0332665 0.0253547
 0.00518298 0.00848959 0.0129123 0.0184632 0.0250063 0.032153 0.0392414 0.0455067 0.0503667 0.053606 0.0553455 0.0558812 0.0555453 0.0546474 0.0534626 0.0522237 0.0511025 0.050168 0.049322 0.0482383 0.0463747 0.0431285 0.0381269 0.0315092 0.0239959
 0.00540795 0.00885948 0.0134768 0.0192717 0.0260983 0.0335439 0.0409065 0.0473754 0.0523314 0.0555424 0.0571324 0.0574126 0.0567341 0.0554238 0.0537703 0.0520181 0.0503536 0.0488711 0.0475128 0.0460074 0.0438737 0.0405591 0.0357084 0.029432 0.0223768
 0.00564461 0.00924645 0.0140636 0.0201064 0.0272194 0.0349662 0.0426069 0.0492863 0.054349 0.0575452 0.0589988 0.059033 0.0580156 0.056291 0.0541637 0.0518909 0.0496712 0.0476171 0.045705 0.043719 0.041249 0.0378093 0.0330787 0.0271454 0.0205782
 0.00589908 0.00966093 0.0146889 0.0209904 0.028398 0.0364497 0.0443651 0.0512438 0.0563959 0.0595579 0.0608596 0.06064 0.0592845 0.0571531 0.0545629 0.0517809 0.0490146 0.0463913 0.0439165 0.0414265 0.0385849 0.0349817 0.030342 0.024741 0.0186708
 0.0061408 0.0100597 0.0152998 0.0218679 0.029585 0.0379597 0.0461651 0.053249 0.0584833 0.0615919 0.0627152 0.062215 0.0605018 0.0579563 0.0549094 0.0516359 0.048348 0.0451811 0.0421633 0.0391779 0.0359591 0.0321755 0.0276051 0.0223184 0.0167357
 0.00637541 0.0104434 0.0158817 0.022696 0.0306977 0.0393723 0.0478542 0.0551459 0.0604808 0.0635628 0.0645325 0.0637671 0.0617004 0.0587393 0.0552368 0.0514823 0.0476952 0.0440167 0.0404913 0.0370405 0.0334619 0.0294984 0.024982 0.0199841 0.0148615
 0.00660469 0.0108192 0.0164529 0.0235096 0.0317896 0.0407525 0.0494923 0.0569665 0.0623754 0.0654106 0.0662199 0.0651975 0.0627969 0.0594439 0.0555095 0.0512979 0.0470394 0.0428847 0.0388938 0.0350204 0.0311163 0.0269903 0.0225245 0.0177937 0.013098
 0.00683119 0.0111921 0.0170224 0.0243249 0.0328884 0.0421442 0.0511424 0.0587915 0.0642552 0.0672136 0.0678258 0.0665113 0.0637522 0.0599999 0.0556443 0.0510021 0.0463104 0.0417264 0.037323 0.0330817 0.0289008 0.0246453 0.0202407 0.0157643 0.0114659
 0.00708309 0.011602 0.0176398 0.0251953 0.034044 0.043589 0.0528367 0.060647 0.0661465 0.0690019 0.0693835 0.0677376 0.0645802 0.0603957 0.0556019 0.0505332 0.0454353 0.0404688 0.0357135 0.0311708 0.0267751 0.0224374 0.0181179 0.013894 0.00996989
 0.00727979 0.0119309 0.0181517 0.025942 0.0350669 0.0449007 0.0544033 0.0623833 0.0679298 0.070697 0.0708663 0.0689093 0.0653719 0.0607693 0.0555465 0.0500607 0.0445724 0.0392514 0.0341855 0.0293909 0.0248292 0.0204452 0.0162237 0.0122388 0.00865352
 0.00743659 0.0121854 0.0185346 0.0264835 0.035793 0.0458265 0.0555233 0.0636636 0.0693072 0.0720848 0.072165 0.0700196 0.0662078 0.0612673 0.0556711 0.0498027 0.0439449 0.0382841 0.0329233 0.0278958 0.0231857 0.0187631 0.0146289 0.0108498 0.00755234
 0.00752665 0.0123354 0.018767 0.0268218 0.0362575 0.0464275 0.0562552 0.0645033 0.0702184 0.0730249 0.0730886 0.0708768 0.0669421 0.0618181 0.0559809 0.0498271 0.0436601 0.0376907 0.0320469 0.0267872 0.0219217 0.017443 0.013364 0.00974259 0.00667249
 0.00760267 0.012451 0.0189267 0.0270264 0.0365065 0.0467227 0.0566017 0.0649071 0.0706824 0.0735444 0.0736489 0.0714535 0.0675013 0.0623174 0.0563704 0.0500542 0.0436774 0.0374664 0.031574 0.0260897 0.0210556 0.0164916 0.0124241 0.00890457 0.00599921
 0.00765466 0.0125324 0.0190431 0.0271801 0.0366955 0.0469397 0.056835 0.0651439 0.0709143 0.0737731 0.0738858 0.0717125 0.0677891 0.0626245 0.0566692 0.0503014 0.0438222 0.037461 0.031386 0.0257134 0.0205185 0.0158522 0.0117603 0.00829371 0.00549845
 0.00772163 0.0126317 0.0191746 0.0273377 0.0368689 0.0471179 0.0570081 0.0653042 0.0710561 0.0738937 0.0739875 0.071804 0.0678835 0.0627341 0.0567971 0.0504351 0.0439324 0.0375072 0.0313283 0.0255268 0.0202044 0.015442 0.0113083 0.00786093 0.00513397
 0.00776508 0.0127012 0.0192766 0.027476 0.0370423 0.0473174 0.0572162 0.0654969 0.0712106 0.0739958 0.074037 0.0718125 0.0678696 0.0627168 0.0567907 0.050445 0.0439512 0.0375141 0.0312938 0.0254233 0.0200186 0.0151836 0.0110086 0.00756233 0.00487492
 0.0078274 0.0127955 0.0194057 0.027638 0.0372312 0.047525 0.0574315 0.0657062 0.0713967 0.0741405 0.074125 0.0718367 0.0678336 0.0626352 0.0566842 0.0503336 0.0438476 0.0374189 0.0311958 0.0253048 0.019865 0.0149925 0.0107937 0.00734832 0.00468738
 0.00786207 0.01285 0.0194841 0.027742 0.0373597 0.0476724 0.0575878 0.0658581 0.0715307 0.0742467 0.0741979 0.0718745 0.0678364 0.0626046 0.0566248 0.0502539 0.0437576 0.0373265 0.0311023 0.025205 0.019751 0.0148605 0.0106487 0.00720366 0.00455902
 0.00787749 0.0128739 0.0195179 0.0277864 0.0374147 0.0477375 0.0576616 0.0659378 0.0716121 0.0743241 0.0742656 0.0719275 0.0678713 0.0626193 0.0566189 0.0502283 0.0437152 0.0372714 0.0310381 0.0251326 0.0196694 0.0147692 0.0105507 0.00710662 0.00447251
 0.00789953 0.0129039 0.0195521 0.0278182 0.0374364 0.047744 0.057653 0.0659199 0.0715942 0.0743154 0.0742722 0.0719506 0.0679078 0.0626625 0.0566608 0.0502619 0.0437355 0.037276 0.0310267 0.0251063 0.0196296 0.0147179 0.0104919 0.00704627 0.00441739
 0.00790022 0.0129054 0.019555 0.0278223 0.0374404 0.0477444 0.0576448 0.0658979 0.0715568 0.0742674 0.0742243 0.0719164 0.0678978 0.0626807 0.0567034 0.0503192 0.043796 0.0373293 0.0310658 0.0251275 0.0196325 0.0147047 0.0104669 0.00701505 0.00438601
 0.0078988 0.0128986 0.0195367 0.0277849 0.0373772 0.0476539 0.0575331 0.0657782 0.071445 0.0741769 0.0741635 0.0718889 0.0679049 0.062722 0.0567763 0.0504172 0.0439087 0.037444 0.0311701 0.0252123 0.019693 0.0147408 0.010482 0.00701522 0.00437793
 0.00789801 0.0128925 0.0195186 0.0277453 0.0373062 0.0475444 0.0573851 0.065601 0.0712563 0.0739997 0.0740214 0.0718003 0.0678792 0.062759 0.0568677 0.0505499 0.0440671 0.0376121 0.0313325 0.0253558 0.0198088 0.0148252 0.0105367 0.00704566 0.00439147
 0.00787462 0.0128565 0.0194678 0.0276785 0.0372223 0.0474423 0.0572636 0.0654604 0.071101 0.0738399 0.0738726 0.0716818 0.0678093 0.0627499 0.0569223 0.0506617 0.0442219 0.0377915 0.0315172 0.0255288 0.0199569 0.0149411 0.0106189 0.00709812 0.0044211
 0.00788515 0.0128656 0.0194671 0.0276556 0.0371652 0.0473445 0.0571285 0.0653012 0.0709353 0.0736838 0.0737372 0.0715742 0.0677353 0.0627161 0.0569352 0.050724 0.0443301 0.0379351 0.0316804 0.0256936 0.0201073 0.0150656 0.0107125 0.0071617 0.00445987
 0.0078414 0.0128016 0.0193833 0.0275561 0.0370548 0.0472256 0.0569999 0.0651603 0.0707834 0.0735299 0.0735976 0.0714674 0.0676757 0.0627106 0.0569834 0.0508209 0.0444683 0.0381043 0.0318675 0.0258832 0.0202835 0.0152156 0.0108291 0.00724406 0.0045125
 0.00783956 0.0127911 0.0193541 0.0274958 0.0369529 0.0470804 0.0568224 0.0649723 0.0706088 0.0733858 0.0734904 0.0713959 0.0676379 0.0627071 0.057017 0.0508936 0.0445783 0.0382455 0.0320296 0.026053 0.0204467 0.0153595 0.0109449 0.00732873 0.00456849
 0.0077947 0.0127216 0.0192559 0.0273663 0.036791 0.0468863 0.0565988 0.0647277 0.0703602 0.0731582 0.0733114 0.0712882 0.067612 0.06276 0.0571361 0.0510628 0.0447824 0.038471 0.0322639 0.0262829 0.020659 0.0155426 0.0110911 0.00743589 0.00464007
 0.00777733 0.0126893 0.0191998 0.0272766 0.0366595 0.0467111 0.0563874 0.0644965 0.0701299 0.072948 0.0731371 0.0711621 0.0675443 0.0627581 0.0572018 0.0511904 0.0449592 0.0386809 0.0324896 0.0265081 0.0208691 0.0157254 0.0112386 0.00754542 0.00471428
 0.00775589 0.0126546 0.0191476 0.0272023 0.0365588 0.0465803 0.0562256 0.0643073 0.0699235 0.0727408 0.0729489 0.0710125 0.0674485 0.0627252 0.0572345 0.0512856 0.0451089 0.0388718 0.0327052 0.0267302 0.0210803 0.0159114 0.01139 0.00765867 0.00479168
 0.00770409 0.0125721 0.019027 0.0270386 0.0363509 0.0463333 0.0559525 0.0640283 0.069662 0.0725182 0.0727813 0.0709096 0.0674152 0.0627625 0.0573397 0.0514522 0.0453263 0.0391258 0.0329786 0.0270043 0.0213367 0.0161348 0.0115703 0.0077928 0.004883
 0.00767123 0.0125163 0.0189388 0.0269081 0.0361705 0.0461018 0.0556787 0.0637319 0.0693701 0.0722591 0.0725786 0.0707787 0.067363 0.0627885 0.0574385 0.0516148 0.0455411 0.0393788 0.0332534 0.0272822 0.0215992 0.0163655 0.0117582 0.0079335 0.00497938
 0.00766813 0.0125107 0.0189291 0.0268913 0.036142 0.0460547 0.0556048 0.0636241 0.069226 0.0720844 0.0723878 0.070593 0.0672055 0.0626786 0.0573883 0.0516289 0.0456166 0.039507 0.0334208 0.0274722 0.0217933 0.0165461 0.0119116 0.00805228 0.00506287
 0.00763997 0.0124675 0.0188689 0.0268141 0.0360499 0.0459512 0.0554949 0.0635127 0.0691169 0.0719795 0.0722876 0.0704991 0.067123 0.062617 0.0573594 0.0516429 0.0456789 0.0396163 0.0335689 0.0276453 0.0219743 0.0167178 0.0120598 0.0081686 0.00514556
 0.00761537 0.0124287 0.0188129 0.0267393 0.0359566 0.0458427 0.0553776 0.0633962 0.0690112 0.0718921 0.0722218 0.0704535 0.0670939 0.0626015 0.0573586 0.0516615 0.0457239 0.0396927 0.0336768 0.0277784 0.0221205 0.0168623 0.0121887 0.00827235 0.00522088
 0.00760239 0.0124082 0.0187832 0.0266992 0.0359054 0.0457808 0.0553067 0.0633195 0.0689337 0.0718196 0.0721594 0.0704049 0.0670605 0.0625829 0.0573534 0.0516697 0.0457475 0.0397356 0.0337419 0.0278648 0.0222224 0.0169692 0.0122889 0.00835642 0.00528392
 0.00757371 0.0123628 0.0187171 0.0266101 0.0357933 0.0456492 0.0551634 0.0631766 0.0688048 0.0717169 0.0720912 0.0703744 0.0670662 0.0626202 0.0574158 0.0517503 0.0458408 0.039838 0.0338518 0.0279805 0.0223404 0.0170834 0.0123915 0.00844079 0.00534674
 0.00756171 0.0123413 0.0186812 0.0265541 0.0357124 0.0455417 0.0550331 0.0630329 0.0686614 0.0715885 0.0719907 0.0703104 0.0670428 0.0626365 0.057467 0.0518293 0.0459395 0.039949 0.0339691 0.0280995 0.0224566 0.0171918 0.0124867 0.00851821 0.00540424
 0.00755381 0.012333 0.0186766 0.026559 0.0357313 0.0455741 0.055071 0.0630624 0.0686677 0.0715622 0.0719315 0.0702276 0.0669509 0.062551 0.0574002 0.0517882 0.045926 0.0399609 0.0340019 0.0281476 0.022514 0.0172525 0.0125447 0.00856836 0.00544334
 0.00752683 0.0122906 0.0186159 0.0264794 0.0356359 0.045471 0.0549731 0.0629844 0.0686207 0.0715488 0.0719443 0.0702533 0.0669776 0.0625731 0.0574195 0.0518111 0.045959 0.0400075 0.0340619 0.0282174 0.0225882 0.0173249 0.0126098 0.00862209 0.00548378
 0.00750584 0.0122556 0.018562 0.0264017 0.0355313 0.0453406 0.0548244 0.0628317 0.0684835 0.071446 0.0718895 0.0702504 0.06702 0.062647 0.0575096 0.0519061 0.0460535 0.040101 0.0341553 0.0283105 0.0226785 0.0174082 0.0126818 0.0086797 0.00552602
 0.00753453 0.012298 0.0186177 0.0264668 0.0355987 0.0454006 0.054866 0.0628451 0.0684619 0.0713896 0.0718063 0.0701547 0.0669277 0.0625705 0.0574548 0.0518723 0.0460366 0.0400972 0.0341621 0.0283269 0.0227031 0.0174382 0.0127132 0.00870842 0.00554926
 0.00751188 0.0122688 0.0185874 0.0264449 0.0355951 0.0454207 0.0549073 0.0628964 0.0685079 0.0714164 0.0718057 0.0701268 0.0668801 0.062515 0.0574037 0.0518347 0.0460166 0.0400941 0.0341728 0.0283475 0.02273 0.0174682 0.0127429 0.00873487 0.00557035
 0.00750585 0.0122555 0.0185617 0.0264013 0.0355311 0.0453407 0.0548246 0.0628299 0.0684746 0.0714228 0.0718448 0.0701815 0.066932 0.0625524 0.0574243 0.0518437 0.0460225 0.040104 0.0341903 0.0283724 0.02276 0.0174998 0.0127729 0.00876069 0.00559043
 0.00750592 0.0122565 0.0185644 0.0264062 0.035537 0.0453441 0.0548197 0.0628117 0.0684423 0.0713826 0.0718082 0.0701596 0.066929 0.0625641 0.0574413 0.0518577 0.04603 0.0401069 0.0341931 0.0283791 0.0227719 0.0175159 0.0127907 0.00877748 0.00560428
 0.00750592 0.0122565 0.0185644 0.0264062 0.035537 0.0453441 0.0548197 0.0628117 0.0684423 0.0713826 0.0718082 0.0701596 0.066929 0.0625641 0.0574413 0.0518577 0.04603 0.0401069 0.0341931 0.0283791 0.0227719 0.0175159 0.0127907 0.00877748 0.00560428
 0.00727214 0.0118868 0.018029 0.0256888 0.0346433 0.0443119 0.0537258 0.0617672 0.0675706 0.0707883 0.0715525 0.0702517 0.0673336 0.0632148 0.0582559 0.052752 0.0469296 0.0409549 0.0349522 0.0290295 0.0233062 0.0179356 0.0131035 0.00899668 0.00574726
 0.00722645 0.0117846 0.0178242 0.0253227 0.0340611 0.0434878 0.0526861 0.0605967 0.066397 0.0697528 0.0707794 0.0698265 0.0672919 0.0635409 0.0588909 0.0536077 0.0479067 0.041959 0.0359059 0.0298782 0.0240185 0.0185002 0.013525 0.00929124 0.00593846
 0.00723558 0.0118031 0.017856 0.0253668 0.0341025 0.0434891 0.0525868 0.0603281 0.0659126 0.0690589 0.0699486 0.0689831 0.0665758 0.0630679 0.0587248 0.0537519 0.0483121 0.0425434 0.036576 0.0305489 0.0246256 0.0190048 0.0139126 0.00956649 0.00611867
 0.00709215 0.0115831 0.0175505 0.0249784 0.0336467 0.0429932 0.0520857 0.0598555 0.0654879 0.0686789 0.0695943 0.0686413 0.0662623 0.0628349 0.0586445 0.053886 0.0486838 0.0431262 0.0373015 0.0313276 0.0253707 0.0196508 0.0144238 0.00993669 0.0063638
 0.00705292 0.0115044 0.0174052 0.0247343 0.0332771 0.0424922 0.0514807 0.0592068 0.0648718 0.0681625 0.0692139 0.0683969 0.0661296 0.0627882 0.0586779 0.0540199 0.0489512 0.043548 0.037866 0.0319859 0.0260505 0.0202786 0.0149459 0.010329 0.00663054
 0.00695842 0.0113611 0.0172076 0.0244812 0.0329676 0.0421219 0.0510429 0.0587002 0.0643122 0.0675904 0.0686903 0.0679857 0.0658764 0.0627071 0.0587557 0.0542328 0.0492816 0.043988 0.0384067 0.0326026 0.0266967 0.0208946 0.015477 0.0107419 0.00691942
 0.00698728 0.0113996 0.01725 0.0245172 0.032985 0.0421101 0.0509948 0.0586094 0.0641694 0.0673832 0.0684103 0.0676409 0.0654976 0.0623436 0.0584597 0.054044 0.0492204 0.0440585 0.0386013 0.0329024 0.0270683 0.0212921 0.0158511 0.0110537 0.00715004
#pred catch len freq
 0.00309746 0.00502858 0.00758888 0.0108239 0.0147776 0.0194471 0.024722 0.0303707 0.0360852 0.0415413 0.0464446 0.0505689 0.0537888 0.0560922 0.0575664 0.0583775 0.0587524 0.0589387 0.0591011 0.0591456 0.0585678 0.0564971 0.0520583 0.0449241 0.0356938
 0.00332394 0.0053412 0.00795883 0.0111956 0.0150916 0.0196718 0.0248721 0.0304965 0.0362362 0.0417302 0.0466398 0.0507219 0.0538781 0.0561517 0.0576782 0.0586285 0.0591756 0.0594692 0.0595718 0.0593372 0.0582984 0.0557113 0.0508645 0.0435537 0.0344022
 0.0034187 0.00552566 0.00828808 0.0117277 0.0158597 0.0206486 0.0259526 0.0315205 0.0370502 0.0422512 0.0468769 0.0507447 0.0537644 0.0559578 0.0574454 0.0584016 0.0589998 0.0593562 0.0594631 0.0591025 0.0577881 0.0548409 0.0496769 0.0422139 0.0331249
 0.00357325 0.00576233 0.00862195 0.0121757 0.0164519 0.0214354 0.026992 0.0328402 0.038598 0.0438707 0.0483389 0.0518282 0.0543405 0.0560242 0.0570996 0.0577819 0.0582332 0.0585262 0.0585912 0.0581477 0.0566755 0.0535212 0.048183 0.0406737 0.0317135
 0.00376309 0.00606572 0.00906835 0.0127882 0.0172431 0.0224039 0.0281224 0.0341089 0.0399823 0.0453447 0.0498499 0.0532677 0.0555424 0.0568092 0.0573436 0.0574651 0.0574358 0.0573786 0.057213 0.0566102 0.0550059 0.0517413 0.0463554 0.0389175 0.0301737
 0.00397728 0.00640901 0.00957698 0.0134955 0.0181772 0.0235807 0.0295348 0.0357175 0.0417137 0.0471031 0.0515341 0.0547843 0.0568041 0.0577231 0.0578086 0.0573915 0.0567812 0.0561717 0.0555456 0.0546047 0.0527864 0.0494302 0.0440863 0.0368388 0.0284236
 0.00422757 0.00680721 0.0101614 0.0142995 0.0192277 0.0248943 0.0311083 0.037518 0.0436735 0.0491216 0.0534874 0.056541 0.058243 0.0587453 0.0583372 0.0573658 0.0561567 0.0549342 0.0537312 0.05231 0.0501637 0.0466711 0.0414013 0.034429 0.0264443
 0.00445558 0.00718097 0.0107306 0.015115 0.0203349 0.0263213 0.0328509 0.0395298 0.0458662 0.0513758 0.0556661 0.0585035 0.0598574 0.0598998 0.058946 0.0573685 0.0555152 0.0536343 0.0517949 0.0498163 0.0472638 0.0435849 0.0383889 0.0317396 0.0242597
 0.00469862 0.0075693 0.0113045 0.0159133 0.021395 0.0276754 0.0345155 0.0414905 0.0480647 0.0537055 0.0579805 0.060636 0.0616473 0.0612124 0.0596824 0.0574628 0.0549284 0.0523519 0.0498366 0.0472557 0.0442503 0.0403485 0.0352128 0.0289011 0.0219611
 0.00499549 0.00803666 0.0119807 0.0168273 0.0225665 0.0291128 0.0362107 0.0434116 0.0501535 0.0558779 0.0601298 0.0626371 0.0633649 0.062514 0.0604525 0.057613 0.0544007 0.0511204 0.0479143 0.0447119 0.0412317 0.0370865 0.0319979 0.026022 0.0196301
 0.00529212 0.0085092 0.0126745 0.0177799 0.0238032 0.0306395 0.0380032 0.0454094 0.052264 0.0579902 0.0621308 0.0644215 0.0648391 0.0635948 0.0610633 0.0576829 0.0538678 0.0499418 0.0460828 0.0422788 0.0383292 0.0339352 0.0288808 0.0232238 0.0173623
 0.00558204 0.00897226 0.0133571 0.0187229 0.025038 0.0321803 0.039834 0.0474731 0.0544598 0.0601844 0.0641755 0.0661783 0.0661985 0.0644853 0.061446 0.0575363 0.0531732 0.048681 0.0442518 0.0399163 0.0355465 0.0309292 0.0259126 0.0205606 0.0152046
 0.00582293 0.00936845 0.0139627 0.019593 0.0262209 0.033702 0.0416811 0.0495812 0.0567163 0.0624424 0.0662745 0.0679646 0.0675453 0.0653069 0.0617023 0.0572242 0.05231 0.04729 0.0423621 0.0375803 0.0328682 0.0280823 0.0231274 0.0180746 0.0131965
 0.00612001 0.00983628 0.0146405 0.0205127 0.0274078 0.0351734 0.0434365 0.0515868 0.0588921 0.0646596 0.0683678 0.0697588 0.0688867 0.0660891 0.0618759 0.0567907 0.0513056 0.0457683 0.0403865 0.0352302 0.0302571 0.025372 0.0205201 0.0157737 0.0113518
 0.00646102 0.0103708 0.0154084 0.021539 0.0287005 0.0367205 0.0452001 0.0534996 0.0608617 0.0665789 0.0701245 0.0712407 0.0699875 0.0667183 0.0619716 0.0563293 0.0503026 0.0442718 0.0384686 0.0329852 0.0278077 0.0228744 0.0181539 0.0137107 0.00971273
 0.00667021 0.0107145 0.0159329 0.0222909 0.0297192 0.0380247 0.0467716 0.0552742 0.0627328 0.0684138 0.0717867 0.0726097 0.070972 0.0672594 0.0620395 0.0559169 0.0494228 0.0429582 0.0367789 0.0310054 0.0256545 0.020693 0.0161044 0.0119386 0.00831528
 0.00674677 0.0108434 0.0161369 0.0225983 0.0301639 0.0386422 0.0475911 0.0563065 0.0639578 0.0697726 0.0731824 0.0739216 0.0720777 0.0680567 0.0624591 0.0559244 0.0490131 0.0421506 0.0356162 0.0295575 0.024022 0.019004 0.0144992 0.0105432 0.0072128
 0.00685827 0.0110229 0.0164042 0.0229721 0.0306596 0.0392693 0.0483482 0.0571785 0.0649156 0.0707748 0.074177 0.0748466 0.0728637 0.0686337 0.0627666 0.0559201 0.0486784 0.0414917 0.034664 0.0283683 0.0226793 0.0176147 0.0131805 0.00939973 0.00631229
