SBPRF35
12.7214
Curr Bio
761462
B35
901545
F35
0.171009
FOFL
0.148671
OFL
96538.5
Bzero
3.63469e+06
#pred survey bio
 3.27953e+06 3.21911e+06 3.15513e+06 3.0227e+06 2.86165e+06 2.6302e+06 2.39553e+06 2.15353e+06 1.94235e+06 1.74448e+06 1.55522e+06 1.39384e+06 1.2362e+06 1.13098e+06 986714 864583 779578 721858 687758 644611 612469 593236 575539 569294 568385 552300 551137 540420 529517 532463 539171 536302 540227 555040 572551 591525 610833 623311 651080 659677 665409 672999 673202 677989 690599 701482 706100 708911 711267 725516 727424 766845 2.78142e+07 1.67681e+07 1.71027e+07 1.80137e+07 1.93207e+07 2.07828e+07 2.22149e+07 2.35061e+07 2.46076e+07 2.55119e+07 2.62347e+07 2.68015e+07 2.72404e+07 2.75774e+07 2.7835e+07 2.80313e+07 2.8181e+07 2.82954e+07 2.83829e+07 2.84502e+07 2.85021e+07 2.85424e+07 2.85738e+07 2.85983e+07 2.86176e+07 2.86329e+07 2.8645e+07 2.86545e+07 2.86622e+07 2.86683e+07 2.86732e+07 2.86772e+07 2.86804e+07 2.8683e+07 2.8685e+07 2.86867e+07 2.86881e+07 2.86893e+07 2.86902e+07 2.86909e+07 2.86915e+07 2.8692e+07 2.86924e+07 2.86928e+07 2.8693e+07 2.86932e+07 2.86934e+07 2.86936e+07 2.86937e+07 2.86938e+07 2.86939e+07 2.86939e+07 2.8694e+07 2.8694e+07 2.86941e+07 2.86941e+07 2.86941e+07 2.86941e+07 2.86942e+07 2.86942e+07 2.86942e+07 2.86942e+07 2.86942e+07 2.86942e+07 2.86942e+07 2.86942e+07 2.86942e+07 2.86942e+07 2.86942e+07 2.86942e+07 2.86942e+07 2.86942e+07 2.86942e+07 2.86942e+07 2.86942e+07 2.86942e+07 2.86942e+07 2.86942e+07 2.86942e+07 2.86942e+07 2.86942e+07 2.86942e+07 2.86942e+07 2.86942e+07 2.86942e+07 2.86942e+07 2.86942e+07 2.86942e+07 2.86942e+07 2.86942e+07 2.86942e+07 2.86942e+07 2.86942e+07 2.86942e+07 2.86942e+07 2.86942e+07 2.86942e+07 2.86942e+07 2.86942e+07 2.86942e+07 0 0 0 0 0 0 0 0 0 0 0 0 0 0 0 0 0 0 0 0 0 0 0 0 0
#obs survey bio
 2.65642e+06 2.94973e+06 3.61451e+06 2.19844e+06 3.25636e+06 2.46911e+06 1.86625e+06 2.11024e+06 1.81899e+06 1.96506e+06 1.54287e+06 1.29536e+06 1.48395e+06 1.05900e+06 654470 483315 854751 633741 626157 609016 462205 558878 597927 605481 404917 457824 895727 418948 543301 526697 469300 418990 547416 474833 478792 680824 623019 694588 642434 739362 564190 816344 536942 779331 842567 634907 574414 647314 743725 629172 740360 932452
#pred catch bio
 88335.9 91031.5 157267 191061 266419 282765 303513 289099 289228 291522 274523 275944 232271 265852 242367 206105 179245 156469 160577 146391 131563 126825 114217 108066 118767 103725 109895 108115 95855.6 93687.5 103037 98721.2 91925.3 92574.4 93943.7 95450.4 101881 89620.3 106102 107550 105353 111275 107368 101502 104027 110088 111953 112603 103501 114987 83359.7 91808.5 96538.5 110351 111328 115908 123741 132840 141752 149689 156333 161657 165786 168913 171235 172935 174166 175048 175676 176121 176434 176653 176807 176914 176989 177041 177077 177102 177119 177131 177139 177145 177149 177151 177153 177155 177155 177156 177157 177157 177157 177157 177157 177157 177157 177157 177157 177157 177157 177157 177157 177157 177157 177157 177157 177157 177157 177157 177157 177157 177157 177157 177157 177157 177157 177157 177157 177157 177157 177157 177157 177157 177157 177157 177157 177157 177157 177157 177157 177157 177157 177157 177157 177157 177157 177157 177157 177157 177157 177157 177157 177157 177157 177157 177157 177157 177157 177157 177157 177157 177157 177157 0 0 0 0 0 0 0 0 0 0 0 0 0 0 0 0 0 0 0 0 0 0 0 0 0
#obs catch bio
 0 90793.6 157938 191763 268362 284765 307465 292030 293404 294909 278432 282060 234447 270677 245798 210085 181152 158284 162996 148061 132789 128320 114770 107894 119851 103751 109343 108158 95755.4 93559.9 103284 99503.5 92871.5 93529.1 95268.2 96434 103084 89890.1 106695 107441 105385 111021 107513 101542 103970 110147 112210 112738 103303 115833 83305.4 91843.3
#pred cpue bio
 3.23034e+06 3.17125e+06 3.10803e+06 2.97563e+06 2.81463e+06 2.5839e+06 2.34997e+06 2.10894e+06 1.89857e+06 1.7016e+06 1.51335e+06 1.35287e+06 1.19675e+06 1.09258e+06 950526 830343 746851 690402 657208 615521 584666 566328 549555 543906 543264 527847 527070 516909 506302 509070 515417 512265 515686 529869 546768 565248 584308 596824 624242 632998 638827 646359 646561 651131 663426 674087 678556 681272 683543 697339 699199 738433 2.68581e+07 1.62182e+07 1.64182e+07 1.71639e+07 1.84092e+07 1.98559e+07 2.12847e+07 2.25752e+07 2.36767e+07 2.4581e+07 2.53037e+07 2.58706e+07 2.63095e+07 2.66465e+07 2.6904e+07 2.71004e+07 2.72501e+07 2.73644e+07 2.7452e+07 2.75192e+07 2.75712e+07 2.76114e+07 2.76428e+07 2.76674e+07 2.76867e+07 2.77019e+07 2.7714e+07 2.77236e+07 2.77312e+07 2.77374e+07 2.77423e+07 2.77462e+07 2.77494e+07 2.7752e+07 2.77541e+07 2.77558e+07 2.77572e+07 2.77583e+07 2.77592e+07 2.776e+07 2.77606e+07 2.77611e+07 2.77615e+07 2.77618e+07 2.77621e+07 2.77623e+07 2.77625e+07 2.77626e+07 2.77627e+07 2.77628e+07 2.77629e+07 2.7763e+07 2.7763e+07 2.77631e+07 2.77631e+07 2.77632e+07 2.77632e+07 2.77632e+07 2.77632e+07 2.77632e+07 2.77632e+07 2.77632e+07 2.77633e+07 2.77633e+07 2.77633e+07 2.77633e+07 2.77633e+07 2.77633e+07 2.77633e+07 2.77633e+07 2.77633e+07 2.77633e+07 2.77633e+07 2.77633e+07 2.77633e+07 2.77633e+07 2.77633e+07 2.77633e+07 2.77633e+07 2.77633e+07 2.77633e+07 2.77633e+07 2.77633e+07 2.77633e+07 2.77633e+07 2.77633e+07 2.77633e+07 2.77633e+07 2.77633e+07 2.77633e+07 2.77633e+07 2.77633e+07 2.77633e+07 2.77633e+07 2.77633e+07 2.77633e+07 2.77633e+07 2.77633e+07 2.77633e+07 2.77633e+07 0 0 0 0 0 0 0 0 0 0 0 0 0 0 0 0 0 0 0 0 0 0 0 0 0
#obs cpue bio
 3.07028e+06 2.13699e+06 3.15944e+06 2.15208e+06 2.99909e+06 2.16638e+06 1.77862e+06 2.27561e+06 1.30858e+06 1.86624e+06 999622 854465 1.33489e+06 871764 1.3549e+06 822758 838314 551611 583295 614792 687371 470750 655632 712302 444252 840308 539566 489032 492454 517723 508827 383033 329411 537237 399055 534403 520494 666084 672301 874861 629844 737062 582119 564979 607996 707858 694608 841970 712285 527943 711072 821622
#pred surv len freq
 0.0048847 0.00792984 0.011933 0.0168746 0.022636 0.0289216 0.0352304 0.0409767 0.0457097 0.049264 0.0517377 0.0533616 0.0543788 0.0549825 0.0552945 0.0553649 0.0551843 0.054697 0.0537898 0.0522491 0.0497332 0.0458394 0.0403092 0.0332863 0.0254312
 0.00512332 0.00822233 0.0122016 0.0170011 0.0225089 0.0285034 0.0345996 0.0403076 0.0451919 0.0490079 0.0517265 0.0534761 0.0544724 0.0549602 0.0551562 0.055198 0.0551166 0.0548309 0.0541474 0.0527554 0.0502479 0.0462222 0.0404828 0.0332604 0.0252794
 0.00528583 0.00850699 0.0126605 0.0176754 0.0233972 0.0295247 0.0355845 0.0410423 0.0455101 0.048876 0.051258 0.0528585 0.0538608 0.0544132 0.0546509 0.0546965 0.0546228 0.0543981 0.053837 0.0525857 0.0501731 0.0461575 0.0403557 0.03305 0.0250187
 0.00546271 0.00879304 0.0130904 0.0182859 0.0242246 0.0305955 0.0368925 0.04252 0.0470106 0.0501887 0.0521678 0.0532263 0.0536775 0.0537877 0.0537432 0.0536464 0.053522 0.0533048 0.0527989 0.0516418 0.0493392 0.045422 0.0396959 0.0324568 0.0245055
 0.00564002 0.009081 0.0135235 0.0188973 0.0250415 0.031632 0.0381416 0.0439478 0.0485541 0.0517521 0.0536173 0.0543964 0.0544016 0.0539505 0.0533249 0.0527278 0.0522471 0.0518289 0.0512537 0.0501249 0.0479177 0.0441386 0.0385769 0.0315199 0.0237626
 0.00590414 0.00950324 0.014146 0.019755 0.0261572 0.0330073 0.0397472 0.0457193 0.0503992 0.053565 0.0552896 0.0558178 0.0554558 0.0545192 0.053309 0.0520819 0.0510053 0.0501042 0.0492095 0.0479373 0.045747 0.0421162 0.0368023 0.0300587 0.0226425
 0.00615995 0.00991757 0.0147668 0.0206264 0.0273114 0.0344528 0.0414552 0.0476186 0.0523851 0.0555184 0.0570944 0.0573698 0.0566616 0.0552906 0.053561 0.0517418 0.0500353 0.048528 0.0471269 0.0455153 0.0431916 0.0396368 0.0345788 0.0282168 0.0212392
 0.00646904 0.0104083 0.0154841 0.0216058 0.0285752 0.0360025 0.0432615 0.049615 0.0544717 0.0575752 0.0589983 0.0590072 0.0579353 0.0561207 0.0538804 0.0514924 0.0491728 0.0470397 0.0450577 0.0429873 0.0404021 0.0368291 0.031994 0.0260422 0.0195725
 0.0067448 0.0108522 0.0161439 0.0225232 0.0297781 0.0374943 0.0450087 0.0515441 0.0564795 0.0595482 0.0608285 0.0605992 0.0592055 0.0569946 0.0542911 0.05138 0.0484873 0.045752 0.0431814 0.0406048 0.0376793 0.0340024 0.0293248 0.0237542 0.0177978
 0.0070563 0.0113453 0.0168618 0.0234982 0.0310282 0.039016 0.0467681 0.0534709 0.0584729 0.0614919 0.0626088 0.0621172 0.0603829 0.057772 0.0546221 0.0512235 0.0478048 0.0445145 0.0413885 0.038313 0.0350252 0.031202 0.0266369 0.0214162 0.0159629
 0.0073623 0.0118402 0.0176013 0.024531 0.0323852 0.0406946 0.0487163 0.0555854 0.0606151 0.0635175 0.0643923 0.063564 0.0614286 0.0583767 0.0547624 0.0508845 0.0469733 0.0431797 0.0395555 0.0360287 0.0324048 0.0284372 0.0239696 0.0190791 0.0141147
 0.00753292 0.0121333 0.0180719 0.0252414 0.0333931 0.0420327 0.0503719 0.0574893 0.0626496 0.0655372 0.0662489 0.0651273 0.0626003 0.0590954 0.0549998 0.0506341 0.0462388 0.0419693 0.0378882 0.0339531 0.0300233 0.0259176 0.0215264 0.0169247 0.0123994
 0.00780943 0.0125638 0.0186857 0.026057 0.0344205 0.0432748 0.05182 0.0591142 0.0643927 0.0673082 0.0679322 0.0665965 0.063738 0.0598113 0.0552405 0.0503817 0.0455016 0.0407714 0.0362674 0.0319704 0.0277804 0.023567 0.0192588 0.0149282 0.0108084
 0.00790501 0.0127307 0.018958 0.0264726 0.035012 0.0440566 0.0527781 0.0602073 0.0655666 0.0685113 0.0691212 0.0677275 0.0647531 0.060634 0.0557851 0.0505706 0.0452814 0.0401209 0.0352 0.0305367 0.0260738 0.0217249 0.0174485 0.0133141 0.00950998
 0.00822728 0.0132415 0.0197017 0.0274812 0.0362975 0.0456012 0.0545216 0.0620427 0.0673519 0.0700974 0.0703839 0.0685913 0.0651972 0.0606802 0.0554731 0.0499356 0.044343 0.0388889 0.0336897 0.0287878 0.0241635 0.0197712 0.0155958 0.0117015 0.00823342
 0.008468 0.0136372 0.0203049 0.0283416 0.0374503 0.0470488 0.0562157 0.0638799 0.0691884 0.0717772 0.0717667 0.0695713 0.0657142 0.060723 0.055074 0.0491551 0.043249 0.037541 0.0321371 0.0270804 0.0223692 0.0179855 0.0139341 0.0102737 0.00711355
 0.00862697 0.0138843 0.0206571 0.0288111 0.0380481 0.0477867 0.0571036 0.0649159 0.0703465 0.0729984 0.0729597 0.0706259 0.0665222 0.0611997 0.0551732 0.0488729 0.042617 0.0366128 0.0309759 0.0257543 0.0209544 0.0165705 0.0126158 0.00914129 0.00622552
 0.00873718 0.0140535 0.0208932 0.0291151 0.0384149 0.0482076 0.057569 0.0654187 0.0708852 0.0735769 0.0735797 0.0712732 0.0671553 0.0617497 0.0555584 0.0490211 0.0424846 0.0361938 0.0302996 0.0248769 0.0199513 0.0155291 0.0116262 0.00828211 0.0055478
 0.00862266 0.0138955 0.0207077 0.0289344 0.0382792 0.0481509 0.0576085 0.0655538 0.0711057 0.0738737 0.0739508 0.0717205 0.067674 0.0623161 0.0561226 0.0495116 0.0428245 0.036322 0.030188 0.0245378 0.0194338 0.0149079 0.0109858 0.00769868 0.00507389
 0.00866155 0.0139473 0.0207655 0.0289883 0.0383224 0.0481886 0.0576614 0.065651 0.0712697 0.0741064 0.0742308 0.0720148 0.0679547 0.0625698 0.0563456 0.0496963 0.0429491 0.0363517 0.0300887 0.0242933 0.0190577 0.0144439 0.0104957 0.00724463 0.00470122
 0.00873444 0.0140504 0.0208918 0.0291201 0.0384354 0.0482589 0.0576735 0.0656049 0.0711838 0.074015 0.0741743 0.0720246 0.0680418 0.0627223 0.0565369 0.0498952 0.043125 0.0364746 0.0301299 0.0242321 0.0188907 0.0141913 0.0101976 0.00694852 0.00444677
 0.0086603 0.0139461 0.0207643 0.0289846 0.0383092 0.0481523 0.0575844 0.0655211 0.0710927 0.0739154 0.0740828 0.0719722 0.0680619 0.0628361 0.0567436 0.0501711 0.0434306 0.0367649 0.0303636 0.0243786 0.0189366 0.0141432 0.0100814 0.00680068 0.0043023
 0.00869639 0.0139832 0.0207813 0.0289517 0.0381989 0.0479559 0.0573223 0.0652382 0.0708403 0.0737296 0.0739745 0.0719338 0.068082 0.0629106 0.0568754 0.050361 0.0436677 0.037024 0.0306098 0.0245773 0.0190636 0.014192 0.0100634 0.0067402 0.00422675
 0.00876988 0.0140798 0.0208834 0.0290262 0.0382033 0.04785 0.0570822 0.0648673 0.0703743 0.0732329 0.0735257 0.0716034 0.0679124 0.0629084 0.0570185 0.0506133 0.0439907 0.0373803 0.0309626 0.0248923 0.0193131 0.0143617 0.0101558 0.00677176 0.00422082
 0.00864171 0.0139048 0.0206805 0.0288303 0.0380511 0.047759 0.0570371 0.0648234 0.0702795 0.0730553 0.0732721 0.0713196 0.0676657 0.0627621 0.0570111 0.0507495 0.0442459 0.0377125 0.0313248 0.0252405 0.0196127 0.0145914 0.01031 0.00685939 0.00425991
 0.00863172 0.0138871 0.0206526 0.0287929 0.0380123 0.0477379 0.0570608 0.0649153 0.0704406 0.0732514 0.0734398 0.0713924 0.0676067 0.0625834 0.0567671 0.0505112 0.0440719 0.037631 0.0313319 0.0253104 0.0197111 0.0146878 0.0103849 0.00690602 0.00428182
 0.00862469 0.0138554 0.0205682 0.028619 0.0377156 0.0473069 0.0565217 0.0643354 0.0699134 0.0728687 0.0732621 0.0714292 0.0678167 0.0628945 0.0571081 0.0508374 0.0443721 0.0379152 0.0316123 0.0255874 0.0199719 0.014914 0.010562 0.00702986 0.0043583
 0.0087511 0.014047 0.0208289 0.0289382 0.0380649 0.0476395 0.056776 0.0644478 0.0698405 0.0726097 0.0728661 0.0709806 0.0674027 0.062574 0.0568979 0.0507204 0.0443183 0.0379013 0.0316276 0.0256285 0.0200341 0.0149869 0.0106326 0.00708728 0.004398
 0.00888257 0.014251 0.0211173 0.029314 0.0385198 0.0481507 0.0573028 0.0649309 0.070209 0.0727972 0.0728311 0.0707223 0.0669658 0.0620368 0.0563469 0.0502243 0.0439139 0.0375952 0.0314093 0.0254826 0.0199459 0.0149421 0.010617 0.00708751 0.00440388
 0.00897931 0.0143867 0.021282 0.0294862 0.0386743 0.0482699 0.0573848 0.0649882 0.0702581 0.0728456 0.0728695 0.0707273 0.0669117 0.0619107 0.0561585 0.0500043 0.043701 0.0374211 0.0312892 0.0254157 0.0199212 0.0149456 0.0106352 0.00711005 0.00442393
 0.00906522 0.0145184 0.0214644 0.0297158 0.038937 0.0485402 0.0576278 0.0651668 0.070346 0.072838 0.072785 0.0705966 0.0667607 0.0617504 0.0559876 0.0498196 0.0435079 0.0372352 0.0311295 0.0252956 0.0198441 0.0149056 0.0106213 0.00711087 0.00443059
 0.0091606 0.0146793 0.0217162 0.0300832 0.0394348 0.049161 0.0583306 0.0658769 0.0709692 0.0732859 0.0729985 0.0705599 0.0665006 0.0613225 0.0554567 0.0492444 0.0429336 0.0366947 0.0306477 0.0248907 0.0195259 0.0146732 0.0104647 0.00701379 0.0043755
 0.00915147 0.0146704 0.021715 0.0301028 0.0394946 0.049284 0.0585384 0.0661815 0.0713623 0.0737321 0.0734373 0.0709196 0.0667197 0.0613688 0.0553342 0.048987 0.0425906 0.0363163 0.0302761 0.0245568 0.0192487 0.0144609 0.0103151 0.00691747 0.00431904
 0.00912212 0.0146136 0.0216137 0.0299384 0.0392549 0.0489747 0.0581926 0.065858 0.0711326 0.0736576 0.0735481 0.0712029 0.0671223 0.0618124 0.0557397 0.0492963 0.0427792 0.0363917 0.0302664 0.024497 0.0191704 0.0143864 0.0102562 0.00687741 0.00429529
 0.00897314 0.0143992 0.0213416 0.0296312 0.0389411 0.0486755 0.057915 0.0655998 0.0708962 0.0734633 0.0734354 0.0712163 0.0672895 0.0621271 0.0561582 0.0497515 0.0432023 0.0367336 0.0305073 0.0246439 0.0192461 0.0144173 0.0102646 0.00687722 0.00429358
 0.00878228 0.0141051 0.0209308 0.0291061 0.038323 0.0480073 0.057259 0.0650284 0.0704737 0.0732271 0.0733895 0.0713421 0.0675627 0.0625268 0.0566631 0.0503291 0.0438051 0.0373065 0.0310028 0.0250346 0.0195284 0.0146058 0.010382 0.0069463 0.00433235
 0.00862141 0.0138496 0.0205582 0.0286013 0.0376836 0.0472506 0.0564296 0.0641989 0.0697348 0.0726673 0.0730738 0.0712981 0.0677785 0.0629614 0.0572608 0.0510317 0.0445562 0.0380514 0.0316906 0.0256245 0.0199969 0.0149502 0.0106165 0.00709454 0.00441947
 0.00857327 0.0137654 0.0204201 0.0283884 0.037376 0.0468361 0.0559115 0.0636011 0.0691014 0.072058 0.0725558 0.0709348 0.0676172 0.0630226 0.0575344 0.0514802 0.0451251 0.0386795 0.0323183 0.0262003 0.0204837 0.0153292 0.0108878 0.00727291 0.00452708
 0.00837919 0.0134661 0.02 0.0278436 0.0367142 0.0460763 0.055085 0.0627534 0.0682903 0.0713472 0.0720071 0.0706005 0.067534 0.0632059 0.0579742 0.0521403 0.0459462 0.0395876 0.0332355 0.0270559 0.0212236 0.0159219 0.0113264 0.00757167 0.00471362
 0.00836835 0.0134404 0.0199462 0.0277444 0.036552 0.0458391 0.0547719 0.0623749 0.0678649 0.0708971 0.0715569 0.0701801 0.0671814 0.0629649 0.0578861 0.0522318 0.0462193 0.0400155 0.0337667 0.0276258 0.0217685 0.0163923 0.0116949 0.00783383 0.00488283
 0.00837317 0.0134472 0.0199538 0.0277492 0.0365467 0.0458114 0.054705 0.0622517 0.0676734 0.0706367 0.0712404 0.0698321 0.0668338 0.0626541 0.0576501 0.0521068 0.0462317 0.0401727 0.0340514 0.027997 0.0221718 0.0167742 0.0120157 0.0080748 0.00504517
 0.00839099 0.0134686 0.0199722 0.0277542 0.0365267 0.0457584 0.0546176 0.0621341 0.0675315 0.0704741 0.0710579 0.0696307 0.06662 0.0624424 0.0574636 0.0519735 0.0461795 0.0402216 0.0342056 0.0282403 0.0224691 0.0170812 0.012292 0.00829423 0.00519992
 0.00845146 0.0135638 0.0201088 0.0279343 0.0367452 0.0460001 0.0548561 0.0623347 0.0676599 0.0705062 0.0709855 0.069461 0.0663705 0.062137 0.0571305 0.0516453 0.0458911 0.0400057 0.0340846 0.0282201 0.0225356 0.0172045 0.0124359 0.00842767 0.00530445
 0.00841987 0.0135223 0.0200649 0.0279015 0.0367397 0.0460352 0.0549368 0.0624545 0.0678013 0.0706441 0.0710928 0.0695149 0.0663583 0.062058 0.056996 0.0514756 0.0457128 0.0398478 0.0339735 0.0281724 0.0225534 0.0172741 0.0125335 0.00852795 0.00538886
 0.00838633 0.0134603 0.0199589 0.027735 0.0365032 0.0457356 0.0546042 0.0621393 0.0675593 0.0705169 0.0710942 0.0696287 0.0665471 0.0622776 0.0572081 0.0516562 0.0458546 0.0399583 0.0340689 0.0282697 0.022663 0.017396 0.0126579 0.00864105 0.00547962
 0.00837259 0.0134388 0.0199271 0.0276894 0.0364373 0.0456395 0.0544666 0.0619543 0.0673346 0.0702789 0.0708841 0.0694892 0.0665052 0.0623347 0.057341 0.0518289 0.0460331 0.0401206 0.0342084 0.0283912 0.0227751 0.0175038 0.0127603 0.00873216 0.00555305
 0.00834362 0.0134019 0.0198902 0.0276657 0.0364404 0.0456768 0.0545331 0.0620309 0.0673936 0.0702933 0.070839 0.0693892 0.0663745 0.0622081 0.0572492 0.0517872 0.046038 0.0401568 0.034259 0.0284453 0.0228294 0.0175585 0.012815 0.00878389 0.00559739
 0.00835406 0.0134125 0.019895 0.0276569 0.0364128 0.0456328 0.0544855 0.0619989 0.067393 0.0703264 0.0708908 0.0694338 0.0663889 0.0621832 0.0571946 0.0517243 0.0459885 0.0401331 0.0342618 0.0284679 0.0228633 0.0175974 0.0128547 0.00882105 0.00562913
 0.00843242 0.0135254 0.0200377 0.0278147 0.036564 0.0457546 0.05456 0.0620178 0.0673599 0.070256 0.0708037 0.0693478 0.0663113 0.0621101 0.0571172 0.051638 0.0458979 0.0400492 0.0341957 0.0284252 0.0228432 0.0175949 0.0128635 0.0088354 0.00564446
 0.00830961 0.0133533 0.0198291 0.0275975 0.0363716 0.0456113 0.0544707 0.0619689 0.0673301 0.0702304 0.0707819 0.0693426 0.0663394 0.0621818 0.0572302 0.0517787 0.0460482 0.0401946 0.0343288 0.0285443 0.0229486 0.0176863 0.0129395 0.00889484 0.00568763
 0.00798936 0.0128941 0.0192529 0.0269662 0.0357729 0.045133 0.0541772 0.0618878 0.0674504 0.0705075 0.0711502 0.0697341 0.0667032 0.0624946 0.0574932 0.0520049 0.0462503 0.0403786 0.0344948 0.0286905 0.0230736 0.0177898 0.0130219 0.00895717 0.00573169
 0.00733801 0.0118858 0.0178343 0.0251334 0.0335849 0.0427239 0.0517606 0.0597369 0.065841 0.0696424 0.0711031 0.0704412 0.0680003 0.0641741 0.0593557 0.0538909 0.0480489 0.0420208 0.0359412 0.0299205 0.0240799 0.0185769 0.0136057 0.00936408 0.00599575
#obs surv len freq
 nan nan nan nan nan nan nan nan nan nan nan nan nan nan nan nan nan nan nan nan nan nan nan nan nan
 0.00448599 0.00734781 0.011178 0.0159942 0.0216942 0.0279686 0.0342815 0.0400117 0.0446907 0.0481543 0.0505124 0.0520086 0.0529013 0.0534142 0.0537288 0.053984 0.0542628 0.0545557 0.0546945 0.0542865 0.0527246 0.0493567 0.0438064 0.0362864 0.02767
 0.0046109 0.0075544 0.0114951 0.0164496 0.0223077 0.0287414 0.0351856 0.0409874 0.0456553 0.0490196 0.051201 0.0524659 0.0531 0.053354 0.0534321 0.053488 0.0536108 0.0537901 0.0538541 0.053408 0.0518466 0.0485221 0.0430597 0.0356653 0.0271953
 0.00477849 0.00782606 0.0119027 0.0170227 0.0230689 0.0296975 0.0363176 0.042245 0.0469596 0.0502736 0.0523037 0.0533252 0.0536445 0.0535415 0.0532534 0.0529648 0.0527884 0.052728 0.0526186 0.052069 0.0504789 0.0472057 0.0418737 0.0346751 0.0264371
 0.00497031 0.00814164 0.0123844 0.0177118 0.0239971 0.0308732 0.0377134 0.0437937 0.0485647 0.0518276 0.0537031 0.0544777 0.0544706 0.0539772 0.0532564 0.0525208 0.0519151 0.0514743 0.0510599 0.050303 0.0486212 0.0453838 0.0402138 0.0332803 0.0253652
 0.00517137 0.00847167 0.0128872 0.0184311 0.0249685 0.0321122 0.0392013 0.0454711 0.050338 0.0535841 0.0553287 0.0558676 0.0555349 0.0546425 0.0534662 0.0522379 0.0511273 0.0502015 0.0493617 0.0482813 0.0464184 0.0431704 0.0381646 0.0315406 0.0240199
 0.00540536 0.00885364 0.0134651 0.0192508 0.0260654 0.0334979 0.0408497 0.0473134 0.0522716 0.0554921 0.0570961 0.0573913 0.056726 0.0554261 0.053781 0.0520367 0.050381 0.0489076 0.0475575 0.0460581 0.0439271 0.0406114 0.035756 0.0294719 0.0224074
 0.00564955 0.00925257 0.0140692 0.0201083 0.0272136 0.0349486 0.0425745 0.0492384 0.054288 0.0574766 0.0589309 0.0589741 0.0579725 0.056267 0.0541583 0.0519017 0.0496955 0.0476527 0.0457501 0.0437716 0.0413058 0.0378663 0.0331314 0.0271901 0.0206127
 0.00590242 0.00966618 0.0146964 0.0209998 0.0284083 0.0364585 0.0443685 0.0512369 0.0563745 0.05952 0.0608071 0.0605783 0.0592219 0.0570987 0.0545237 0.0517607 0.0490138 0.0464079 0.0439473 0.041468 0.0386331 0.0350321 0.0303899 0.0247825 0.0187033
 0.00614047 0.0100593 0.0152994 0.0218677 0.0295852 0.0379604 0.0461661 0.0532493 0.0584811 0.0615841 0.0626987 0.062188 0.0604649 0.0579135 0.0548672 0.0516017 0.0483277 0.0451777 0.0421769 0.0392058 0.035997 0.0322184 0.0276476 0.0223561 0.0167657
 0.00640045 0.0104826 0.0159379 0.0227702 0.0307893 0.0394774 0.0479659 0.055254 0.0605739 0.0636301 0.0645664 0.0637639 0.0616609 0.058668 0.0551419 0.0513745 0.0475857 0.0439156 0.0404057 0.0369732 0.0334127 0.0294647 0.0249603 0.019971 0.014854
 0.00660845 0.0108304 0.0164788 0.0235597 0.0318729 0.0408727 0.0496443 0.0571363 0.0625429 0.0655556 0.0663263 0.0652555 0.0628032 0.0594009 0.0554242 0.0511809 0.0469034 0.0427428 0.0387577 0.0348987 0.0310141 0.0269091 0.0224632 0.0177498 0.0130683
 0.00681916 0.0111717 0.0169909 0.0242804 0.0328326 0.0420846 0.0510929 0.0587697 0.0642759 0.0672814 0.0679321 0.066637 0.0638743 0.0600983 0.0557068 0.0510249 0.0462974 0.0416867 0.0372681 0.0330228 0.0288468 0.0246014 0.0202085 0.0157429 0.0114529
 0.00706507 0.0115723 0.0175946 0.0251307 0.0339574 0.0434807 0.0527122 0.0605182 0.0660315 0.0689215 0.0693555 0.0677706 0.0646697 0.0605248 0.0557464 0.0506693 0.0455463 0.0405476 0.0357621 0.0311964 0.026787 0.0224434 0.0181225 0.013899 0.00997513
 0.00727898 0.0119268 0.0181401 0.0259175 0.0350236 0.0448344 0.054314 0.0622755 0.0678127 0.0705834 0.0707713 0.0688481 0.0653566 0.0608045 0.055627 0.0501717 0.0446941 0.039365 0.0342789 0.02946 0.0248766 0.0204765 0.0162448 0.0122536 0.00866429
 0.00744908 0.0122073 0.0185698 0.0265357 0.0358632 0.0459101 0.0556088 0.0637339 0.0693446 0.0720777 0.0721124 0.0699317 0.0661028 0.0611663 0.0555916 0.0497544 0.0439274 0.038289 0.0329384 0.0279103 0.0231939 0.0187641 0.0146252 0.0108446 0.00754774
 0.00752087 0.0123277 0.0187586 0.0268154 0.036257 0.0464375 0.0562793 0.0645421 0.0702681 0.073076 0.0731281 0.0708929 0.066929 0.0617791 0.0559275 0.0497739 0.0436196 0.0376688 0.032042 0.0267929 0.0219306 0.0174502 0.0133677 0.00974335 0.00667179
 0.00760074 0.012447 0.0189191 0.0270137 0.0364879 0.0466995 0.0565777 0.0648888 0.0706765 0.0735553 0.0736762 0.0714907 0.0675384 0.0623437 0.05638 0.0500476 0.0436613 0.0374496 0.0315631 0.0260869 0.0210592 0.0164978 0.0124299 0.00890842 0.00600119
 0.00768442 0.0125788 0.0191089 0.0272659 0.0367987 0.0470541 0.05695 0.0652463 0.0709915 0.0738169 0.0738947 0.0716908 0.0677438 0.0625617 0.0565931 0.0502153 0.0437303 0.0373692 0.0313013 0.0256415 0.020462 0.0158105 0.011731 0.00827378 0.00548534
 0.00771541 0.0126255 0.0191726 0.027346 0.0368939 0.0471638 0.057074 0.0653839 0.0711392 0.0739685 0.0740443 0.0718368 0.0678911 0.0627189 0.0567637 0.0503886 0.0438771 0.0374474 0.0312684 0.0254714 0.0201573 0.0154052 0.0112817 0.00784294 0.00512255
 0.00777183 0.0127098 0.0192856 0.0274831 0.0370463 0.0473198 0.0572221 0.0655136 0.0712438 0.0740461 0.0740982 0.0718736 0.0679186 0.0627451 0.0567951 0.0504272 0.043916 0.0374678 0.0312424 0.0253724 0.0199726 0.0151454 0.0109796 0.0075421 0.00486191
 0.0078034 0.0127584 0.0193532 0.0275694 0.0371476 0.0474293 0.0573296 0.0656074 0.0713138 0.0740874 0.074113 0.0718705 0.0679088 0.0627389 0.0567992 0.0504434 0.0439405 0.0374897 0.0312446 0.0253351 0.0198818 0.0150006 0.010797 0.00734941 0.00468766
 0.00784586 0.0128221 0.0194392 0.027675 0.0372669 0.0475544 0.0574514 0.0657161 0.0713996 0.0741424 0.074133 0.0718567 0.0678681 0.062682 0.0567382 0.0503882 0.043896 0.0374542 0.0312097 0.025288 0.0198107 0.0149007 0.0106743 0.00721923 0.00456801
 0.00786989 0.0128593 0.0194917 0.0277429 0.0373481 0.0476442 0.0575423 0.0657989 0.0714656 0.0741857 0.0741518 0.0718527 0.0678454 0.0626456 0.0566938 0.0503418 0.0438528 0.0374165 0.0311753 0.0252508 0.0197631 0.0148378 0.0105975 0.00713636 0.00449019
 0.00790226 0.0129076 0.0195563 0.0278212 0.0374354 0.0477346 0.0576299 0.0658777 0.0715296 0.0742297 0.0741725 0.0718494 0.0678199 0.0626022 0.056638 0.0502798 0.04379 0.037357 0.0311207 0.0251996 0.0197117 0.014783 0.0105388 0.00707713 0.00443601
 0.00787605 0.0128677 0.0195012 0.0277516 0.0373538 0.0476457 0.05754 0.0657954 0.0714648 0.0741919 0.0741681 0.07188 0.0678814 0.0626857 0.0567326 0.050375 0.0438782 0.0374333 0.0311827 0.0252457 0.0197409 0.014795 0.0105353 0.0070623 0.00441575
 0.00788062 0.0128683 0.0194897 0.027717 0.0372859 0.0475401 0.057403 0.0656433 0.0713197 0.0740748 0.0740936 0.0718549 0.0679051 0.062752 0.0568309 0.0504925 0.0440015 0.0375511 0.0312864 0.0253303 0.0198038 0.0148362 0.0105572 0.00706906 0.00441293
 0.00789918 0.0128946 0.0195219 0.0277495 0.0373099 0.0475445 0.0573764 0.0655777 0.0712147 0.0739404 0.0739499 0.0717262 0.0678129 0.062709 0.0568387 0.0505436 0.0440827 0.0376474 0.0313838 0.025418 0.019875 0.014888 0.0105901 0.00708643 0.00441933
 0.00789205 0.0128821 0.0195012 0.0277177 0.037264 0.0474827 0.057299 0.0654869 0.0711141 0.0738349 0.0738461 0.0716334 0.0677432 0.0626745 0.0568482 0.0505988 0.0441771 0.037768 0.0315148 0.0255441 0.0199844 0.0149743 0.0106516 0.00712562 0.00444134
 0.00785554 0.0128253 0.0194206 0.0276118 0.0371342 0.0473335 0.0571384 0.0653266 0.0709677 0.0737146 0.0737608 0.0715873 0.0677368 0.0627066 0.0569174 0.0507027 0.0443116 0.037925 0.0316822 0.0257077 0.0201312 0.0150947 0.0107417 0.00718695 0.00447899
 0.00785678 0.0128199 0.0193991 0.0275615 0.0370428 0.0471956 0.0569598 0.065125 0.0707672 0.0735391 0.073628 0.0715066 0.0677099 0.06273 0.0569847 0.0508066 0.0444445 0.0380784 0.0318464 0.0258711 0.0202818 0.0152226 0.0108412 0.00725731 0.00452404
 0.00782382 0.0127692 0.0193277 0.0274677 0.0369253 0.0470525 0.0567901 0.0649308 0.0705576 0.073332 0.0734472 0.0713767 0.0676488 0.0627443 0.0570692 0.0509481 0.0446261 0.0382832 0.0320588 0.026077 0.0204688 0.0153809 0.0109652 0.00734644 0.0045824
 0.00780021 0.0127269 0.0192571 0.0273584 0.0367697 0.0468504 0.0565525 0.0646784 0.0703153 0.0731213 0.073283 0.0712677 0.0676011 0.0627622 0.0571537 0.0510943 0.044822 0.0385118 0.0323007 0.0263137 0.0206844 0.0155639 0.0111091 0.00745076 0.00465152
 0.00774733 0.012645 0.0191413 0.0272063 0.0365813 0.0466281 0.0563019 0.0644107 0.0700483 0.072878 0.0730877 0.0711406 0.0675538 0.062797 0.057265 0.0512715 0.045051 0.0387757 0.0325801 0.0265885 0.0209362 0.0157784 0.0112785 0.00757403 0.00473365
 0.00774816 0.0126394 0.0191203 0.0271576 0.0364931 0.0464942 0.0561259 0.0642058 0.0698327 0.0726699 0.072902 0.0709894 0.0674483 0.062747 0.0572774 0.0513474 0.0451852 0.0389566 0.0327915 0.0268114 0.0211513 0.0159692 0.011434 0.00768993 0.00481239
 0.00770545 0.0125752 0.019033 0.0270484 0.0363638 0.046346 0.0559585 0.0640201 0.0696344 0.0724716 0.0727218 0.070847 0.0673592 0.0627201 0.0573148 0.0514462 0.0453386 0.0391538 0.0330179 0.0270492 0.0213815 0.0161747 0.0116027 0.00781676 0.00489924
 0.00768786 0.012541 0.0189718 0.0269481 0.0362153 0.0461487 0.0557247 0.063773 0.0694008 0.0722728 0.0725694 0.0707444 0.0673069 0.062719 0.0573662 0.0515501 0.0454911 0.0393469 0.0332392 0.0272827 0.0216096 0.0163807 0.0117738 0.00794684 0.00498927
 0.00765745 0.0124975 0.0189167 0.0268851 0.0361476 0.0460753 0.0556392 0.0636668 0.0692694 0.0721212 0.072413 0.0706033 0.0671993 0.0626563 0.0573531 0.0515866 0.0455747 0.0394724 0.0333979 0.0274621 0.0217941 0.016554 0.0119225 0.00806292 0.0050714
 0.00764777 0.0124787 0.0188831 0.0268307 0.0360685 0.0459733 0.0555231 0.0635502 0.0691643 0.0720329 0.072339 0.0705384 0.067142 0.0626114 0.0573299 0.0515945 0.0456194 0.0395545 0.0335128 0.0276005 0.0219431 0.0166993 0.012051 0.00816586 0.00514581
 0.00762284 0.0124414 0.0188328 0.0267683 0.0359955 0.0458904 0.0554304 0.0634487 0.0690586 0.0719315 0.0722524 0.0704753 0.0671054 0.0625998 0.0573403 0.0516255 0.0456725 0.0396316 0.0336137 0.0277206 0.0220734 0.016828 0.0121666 0.00825981 0.00521471
 0.00758322 0.0123802 0.0187469 0.0266576 0.0358633 0.0457439 0.0552804 0.0633081 0.0689394 0.0718419 0.0721956 0.0704506 0.0671108 0.0626327 0.0573977 0.0517036 0.0457676 0.0397409 0.0337348 0.0278501 0.0222055 0.0169545 0.0122786 0.00835052 0.00528133
 0.00760368 0.012407 0.0187754 0.0266793 0.0358685 0.0457252 0.0552359 0.063242 0.0688599 0.0717586 0.0721165 0.0703811 0.0670538 0.0625901 0.0573707 0.0516939 0.0457763 0.0397684 0.0337803 0.0279111 0.0222775 0.0170308 0.0123514 0.00841308 0.00532949
 0.00756731 0.0123576 0.0187185 0.0266253 0.035828 0.0457034 0.0552288 0.0632378 0.0688456 0.0717269 0.0720695 0.0703283 0.0670069 0.0625582 0.0573581 0.051701 0.0458015 0.0398095 0.033835 0.0279765 0.0223493 0.0171036 0.0124192 0.00847058 0.00537353
 0.00755148 0.0123265 0.0186626 0.0265344 0.0356966 0.0455367 0.0550461 0.0630687 0.0687188 0.0716585 0.0720576 0.0703583 0.0670611 0.0626241 0.057431 0.0517804 0.045888 0.0399027 0.0339327 0.0280755 0.0224457 0.0171928 0.0124968 0.00853322 0.0054199
 0.0075178 0.012275 0.0185906 0.0264409 0.0355806 0.0453973 0.0548833 0.0628872 0.0685316 0.0714876 0.0719291 0.0702931 0.0670671 0.062694 0.0575471 0.0519234 0.0460425 0.0400588 0.0340843 0.0282184 0.0225758 0.0173064 0.0125906 0.00860576 0.00547175
 0.00752654 0.0122861 0.0186017 0.0264477 0.0355785 0.0453821 0.0548526 0.0628399 0.0684671 0.0714057 0.071833 0.0701913 0.066974 0.0626257 0.0575155 0.0519314 0.0460846 0.0401248 0.0341639 0.0283028 0.0226586 0.0173825 0.012656 0.00865788 0.00550994
 0.00750169 0.0122506 0.0185571 0.0263982 0.0355291 0.0453363 0.0548108 0.0627996 0.0684252 0.0713606 0.071785 0.0701429 0.0669296 0.0625913 0.0574985 0.0519387 0.0461196 0.0401858 0.034244 0.0283927 0.0227488 0.0174653 0.0127263 0.00871289 0.00554949
 0.00751236 0.0122635 0.0185686 0.0264029 0.0355219 0.0453155 0.05478 0.0627662 0.0683965 0.0713393 0.0717684 0.070125 0.0669051 0.0625591 0.0574626 0.0519069 0.0461005 0.0401855 0.0342645 0.028431 0.0227983 0.017518 0.0127752 0.00875341 0.00557969
 0.00748542 0.0122253 0.0185213 0.0263513 0.0354715 0.0452695 0.0547378 0.062725 0.0683544 0.0712988 0.0717356 0.0701064 0.0669036 0.0625726 0.0574859 0.0519355 0.0461328 0.0402232 0.0343096 0.0284839 0.0228565 0.0175765 0.0128284 0.0087971 0.00561201
 0.0074921 0.0122328 0.0185268 0.0263508 0.0354616 0.0452503 0.0547134 0.0627023 0.068339 0.0712915 0.0717325 0.0701019 0.0668943 0.062559 0.0574712 0.0519228 0.0461246 0.040221 0.0343152 0.0284982 0.0228789 0.0176045 0.0128579 0.00882399 0.00563347
 0.0074921 0.0122328 0.0185268 0.0263508 0.0354616 0.0452503 0.0547134 0.0627023 0.068339 0.0712915 0.0717325 0.0701019 0.0668943 0.062559 0.0574712 0.0519228 0.0461246 0.040221 0.0343152 0.0284982 0.0228789 0.0176045 0.0128579 0.00882399 0.00563347
 0.0072114 0.011789 0.0178838 0.0254881 0.0343842 0.0439999 0.0533788 0.0614156 0.067252 0.0705389 0.0713982 0.0702033 0.0673869 0.0633551 0.0584639 0.0530077 0.0472145 0.0412513 0.0352432 0.0292993 0.0235418 0.0181284 0.0132504 0.00910012 0.0058141
#pred catch len freq
 0.00412567 0.00655771 0.00962466 0.0132771 0.0174891 0.022232 0.0274067 0.0328129 0.0381873 0.0432668 0.0478313 0.0517257 0.0548731 0.0572707 0.0589627 0.060006 0.0604472 0.0603034 0.0595255 0.0579386 0.0552069 0.0509109 0.0447798 0.0369821 0.0282563
 0.0043411 0.00683164 0.00989964 0.0134623 0.0174972 0.0220306 0.0270508 0.0324282 0.0379078 0.0431624 0.0478717 0.0518027 0.0548642 0.0571065 0.0586649 0.0596808 0.0602376 0.0603216 0.0597952 0.0583769 0.0556602 0.0512269 0.0448768 0.0368745 0.0280277
 0.00452 0.00712652 0.0103448 0.0140762 0.0182602 0.0228632 0.0278117 0.0329537 0.0380832 0.0429844 0.0474512 0.0512974 0.0543886 0.0566852 0.0582567 0.0592459 0.0597903 0.05993 0.059533 0.0582667 0.0556506 0.0512223 0.0447943 0.0366892 0.0277748
 0.00471285 0.00743032 0.0107865 0.014681 0.0190529 0.0238641 0.0290188 0.0343129 0.0394658 0.0441966 0.0482889 0.0516265 0.0541996 0.0560825 0.0573925 0.0582507 0.058748 0.058896 0.0585563 0.0573884 0.0548856 0.050553 0.0441903 0.0361355 0.0272843
 0.00493876 0.00778444 0.011296 0.015365 0.0199239 0.0249284 0.0302737 0.0357407 0.0410232 0.0458007 0.0498058 0.0528762 0.054994 0.056287 0.0569771 0.0572974 0.0574094 0.0573389 0.056923 0.0557847 0.0533838 0.0491981 0.0430087 0.0351447 0.0264966
 0.0052237 0.00822914 0.0119318 0.0162117 0.0209906 0.0262142 0.0317635 0.0373994 0.0427932 0.0476031 0.0515412 0.0544242 0.0562127 0.0570251 0.0571048 0.0567476 0.0562088 0.055606 0.0548352 0.053534 0.0511439 0.0471094 0.0411755 0.0336341 0.0253371
 0.00551725 0.00869049 0.0125976 0.0171084 0.022134 0.027607 0.0333894 0.0392162 0.0447311 0.0495697 0.0534299 0.0561212 0.0576012 0.057987 0.0575247 0.0565274 0.0552943 0.0540164 0.0526777 0.0509924 0.048445 0.0444824 0.038816 0.031678 0.0238457
 0.00584323 0.00919736 0.0133189 0.0180643 0.0233337 0.0290511 0.0350659 0.041092 0.0467448 0.051631 0.0554258 0.0579275 0.0590953 0.0590562 0.0580692 0.0564608 0.0545513 0.0525729 0.0505783 0.0483701 0.045517 0.0415163 0.0360756 0.0293681 0.0220734
 0.006158 0.00969024 0.0140266 0.019011 0.0245314 0.0304981 0.0367426 0.0429551 0.0487269 0.0536453 0.0573727 0.0597001 0.0605848 0.0601571 0.0586847 0.0565057 0.0539565 0.0512977 0.0486337 0.0458462 0.0425983 0.0384657 0.0331839 0.0268838 0.0201438
 0.00652282 0.0102545 0.0148235 0.0200559 0.0258247 0.0320292 0.0384869 0.0448673 0.0507363 0.0556581 0.0592813 0.0613951 0.0619653 0.0611371 0.0591916 0.0564764 0.0533356 0.050045 0.0467451 0.0433837 0.0397148 0.0354035 0.0302332 0.0243112 0.0181219
 0.00686805 0.0107974 0.0156068 0.0211089 0.027161 0.0336421 0.040342 0.0468972 0.0528438 0.0577284 0.061196 0.0630436 0.0632529 0.0619892 0.0595538 0.0563095 0.0526095 0.0487386 0.0448596 0.04097 0.0369019 0.032407 0.027325 0.0217534 0.0160943
 0.0071165 0.0111982 0.0162055 0.0219488 0.0282787 0.0350583 0.0420484 0.0488445 0.0549398 0.0598462 0.0631913 0.064775 0.0646008 0.062868 0.0599134 0.056127 0.0518779 0.0474602 0.0430524 0.0386881 0.0342615 0.0295987 0.0245928 0.0193389 0.0141692
 0.00738375 0.0116091 0.0167822 0.0227023 0.0292154 0.0361873 0.0433807 0.0503814 0.0566553 0.0616732 0.0650191 0.0664627 0.0660021 0.0638576 0.0604044 0.0560753 0.051274 0.0463191 0.04141 0.0366106 0.0318633 0.0270529 0.0221163 0.0171464 0.0124155
 0.00763244 0.0119998 0.0173444 0.023454 0.0301599 0.0373104 0.0446477 0.0517408 0.058049 0.0630489 0.0663329 0.0676694 0.067042 0.0646523 0.0608663 0.056126 0.0508606 0.045423 0.0400495 0.0348452 0.0298007 0.0248511 0.0199677 0.0152396 0.0108863
 0.00801742 0.0125953 0.0181849 0.0245529 0.0315105 0.038886 0.0463965 0.0535789 0.0598617 0.0647051 0.0677099 0.0686781 0.0676402 0.0648394 0.0606642 0.0555563 0.0499344 0.0441454 0.0384365 0.0329419 0.0276965 0.0226821 0.0179 0.0134332 0.00945287
 0.00826519 0.0129928 0.0187737 0.0253692 0.0325803 0.0402154 0.0479598 0.0553104 0.061657 0.0664334 0.0692315 0.0698648 0.0683961 0.0651168 0.0604665 0.0549262 0.0489314 0.0428273 0.0368545 0.0311523 0.025778 0.0207458 0.0160803 0.011859 0.00821215
 0.00841715 0.0132267 0.0191031 0.0258036 0.0331301 0.040898 0.0487979 0.0563208 0.0628327 0.0677277 0.0705538 0.0710921 0.0693977 0.0657814 0.0607237 0.0547545 0.0483536 0.041896 0.0356378 0.0297267 0.0242311 0.0191809 0.0146108 0.0105896 0.00721277
 0.00849518 0.0133459 0.0192688 0.0260169 0.0333902 0.0412056 0.0491588 0.0567476 0.0633439 0.0683414 0.0712752 0.0718985 0.0702283 0.066542 0.0613064 0.0550644 0.0483321 0.0415306 0.034959 0.0287985 0.0231409 0.0180307 0.0135067 0.00962439 0.00644783
 0.00843458 0.0132678 0.0191887 0.0259616 0.0333903 0.0412839 0.0493218 0.0569856 0.0636407 0.0686857 0.0716678 0.0723477 0.0707372 0.0670925 0.0618495 0.055525 0.0486263 0.0415907 0.0347539 0.0283424 0.0224901 0.0172709 0.0127344 0.00892668 0.00588408
 0.00845643 0.0132951 0.019216 0.0259819 0.0334012 0.041295 0.0493568 0.0570754 0.0638088 0.0689347 0.0719767 0.0726838 0.0710721 0.0674108 0.0621434 0.0557806 0.0488131 0.0416648 0.0346733 0.0280876 0.0220769 0.0167503 0.0121788 0.00840894 0.00545762
 0.00849047 0.0133401 0.0192643 0.0260192 0.0334096 0.0412592 0.0492716 0.0569515 0.0636745 0.0688313 0.0719469 0.072756 0.0712494 0.0676714 0.0624503 0.0560932 0.0490929 0.0418748 0.0347789 0.0280641 0.0219208 0.0164856 0.0118533 0.00807925 0.00517123
 0.00840961 0.0132254 0.0191221 0.0258645 0.0332602 0.0411263 0.0491547 0.0568404 0.0635589 0.0687127 0.0718442 0.0727027 0.0712812 0.0678104 0.0626948 0.0564158 0.0494485 0.0422118 0.03505 0.0282341 0.0219737 0.0164295 0.0117181 0.00790724 0.00500317
 0.00839435 0.0131885 0.0190454 0.0257266 0.0330452 0.040836 0.0488156 0.0564994 0.0632667 0.0685047 0.0717322 0.0726805 0.0713386 0.0679432 0.0629033 0.0566962 0.0497831 0.0425674 0.0353835 0.0285041 0.0221523 0.0165093 0.0117137 0.00784799 0.00492226
 0.00843568 0.0132381 0.0190863 0.0257299 0.0329744 0.0406569 0.0485091 0.0560719 0.0627564 0.0679781 0.0712698 0.0723543 0.071191 0.0679794 0.0630988 0.0570118 0.0501767 0.042997 0.0358071 0.0288815 0.0224513 0.0167135 0.0118259 0.00788786 0.00491731
 0.00836427 0.013146 0.0189908 0.0256579 0.0329503 0.0406852 0.0485625 0.0560962 0.0626922 0.0677895 0.070964 0.0719833 0.0708338 0.0677141 0.0629781 0.057051 0.0503565 0.0432759 0.0361348 0.0292093 0.0227389 0.016935 0.0119729 0.00796817 0.00494931
 0.00828969 0.013033 0.0188376 0.0254726 0.0327532 0.0405095 0.0484488 0.056079 0.0627804 0.0679525 0.0711373 0.0720949 0.0708396 0.0676191 0.0628315 0.05692 0.0502961 0.0433097 0.0362537 0.0293813 0.0229246 0.0171004 0.0120977 0.00804753 0.00499038
 0.00831134 0.0130479 0.0188228 0.0253947 0.0325781 0.0402183 0.0480524 0.0556241 0.0623406 0.0676073 0.0709459 0.0720745 0.0709606 0.0678212 0.0630541 0.057128 0.0504874 0.0435022 0.0364635 0.029609 0.0231541 0.0173083 0.0122647 0.00816561 0.00506324
 0.0084419 0.013243 0.019083 0.0257047 0.0329059 0.040516 0.0482624 0.0556904 0.0622283 0.0673214 0.0705373 0.071626 0.0705566 0.0675178 0.062865 0.0570333 0.0504552 0.0435083 0.036498 0.0296696 0.0232362 0.0174004 0.0123518 0.00823577 0.00511151
 0.00852098 0.013366 0.0192575 0.0259339 0.0331872 0.0408391 0.0486056 0.0560172 0.0624884 0.0674602 0.0705127 0.0714274 0.0702145 0.0670973 0.0624428 0.0566707 0.0501823 0.043326 0.0363912 0.0296199 0.0232277 0.0174189 0.0123839 0.00826954 0.00513916
 0.00860383 0.0134816 0.0193966 0.0260774 0.0333131 0.0409335 0.0486694 0.0560649 0.0625372 0.067517 0.0705662 0.0714502 0.0701765 0.0669823 0.06226 0.0564527 0.0499716 0.0431573 0.0362809 0.0295665 0.0232184 0.0174376 0.0124156 0.0083028 0.00516689
 0.00874162 0.0136887 0.0196759 0.0264177 0.0336896 0.0413099 0.0490029 0.0563139 0.0626731 0.0675338 0.0704814 0.0712943 0.0699767 0.0667524 0.0620031 0.0561722 0.0496805 0.0428787 0.0360402 0.0293809 0.0230922 0.0173634 0.0123797 0.00829058 0.00516644
 0.00882583 0.0138286 0.0198915 0.0267282 0.0341075 0.041832 0.0496013 0.0569335 0.0632389 0.0679681 0.0707243 0.0713191 0.0697949 0.0664058 0.0615471 0.0556599 0.0491553 0.0423745 0.0355845 0.0289951 0.0227887 0.0171433 0.0122332 0.00820164 0.00511734
