SBPRF35
9.10007
Curr Bio
612035
B35
626934
F35
0.198667
FOFL
0.187643
OFL
88489.2
Bzero
2.60002e+006
#pred survey bio
 3.98771e+006 3.71967e+006 3.53946e+006 3.21765e+006 3.00965e+006 2.86988e+006 2.63459e+006 2.27539e+006 2.05197e+006 1.87816e+006 1.59152e+006 1.30435e+006 1.10163e+006 970957 889471 797191 701867 609311 560054 552948 553085 551762 548773 543421 556067 575809 558837 497839 460025 461080 476365 512099 552504 596540 635120 633077 585850 522451 530171 499159 528104 570842 601822 623640 590213 541867 541475 563605 602021 622759 620080 2.1066e+007 1.29996e+007 1.35975e+007 1.45126e+007 1.5564e+007 1.65933e+007 1.7507e+007 1.82669e+007 1.88715e+007 1.9338e+007 1.96905e+007 1.99533e+007 2.01477e+007 2.0291e+007 2.03965e+007 2.04743e+007 2.05319e+007 2.05747e+007 2.06067e+007 2.06308e+007 2.06489e+007 2.06627e+007 2.06733e+007 2.06813e+007 2.06876e+007 2.06924e+007 2.06961e+007 2.0699e+007 2.07012e+007 2.07029e+007 2.07043e+007 2.07054e+007 2.07062e+007 2.07069e+007 2.07074e+007 2.07078e+007 2.07081e+007 2.07084e+007 2.07086e+007 2.07087e+007 2.07089e+007 2.0709e+007 2.0709e+007 2.07091e+007 2.07091e+007 2.07092e+007 2.07092e+007 2.07092e+007 2.07093e+007 2.07093e+007 2.07093e+007 2.07093e+007 2.07093e+007 2.07093e+007 2.07093e+007 2.07093e+007 2.07093e+007 2.07093e+007 2.07093e+007 2.07093e+007 2.07093e+007 2.07093e+007 2.07093e+007 2.07093e+007 2.07093e+007 2.07093e+007 2.07093e+007 2.07093e+007 2.07093e+007 2.07093e+007 2.07093e+007 2.07093e+007 2.07093e+007 2.07093e+007 2.07093e+007 2.07093e+007 2.07093e+007 2.07093e+007 2.07093e+007 2.07093e+007 2.07093e+007 2.07093e+007 2.07093e+007 2.07093e+007 2.07093e+007 2.07093e+007 2.07093e+007 2.07093e+007 2.07093e+007 2.07093e+007 2.07093e+007 2.07093e+007 2.07093e+007 2.07093e+007 2.07093e+007 2.07093e+007 2.07093e+007 2.07093e+007 2.07093e+007 2.07093e+007 0 0 0 0 0 0 0 0 0 0 0 0 0 0 0 0 0 0 0 0 0 0 0 0 0
#obs survey bio
 4.14383e+006 2.93757e+006 3.37634e+006 3.80377e+006 3.06942e+006 4.27541e+006 2.91077e+006 1.58548e+006 2.34192e+006 2.12314e+006 1.42593e+006 1.26234e+006 1.00967e+006 968094 715276 1.0585e+006 739722 802681 437885 660344 749054 550449 463533 647667 469578 608142 619869 396604 380211 463248 468318 475930 608928 482749 723611 565573 754804 388917 549626 426819 373196 716778 737719 551744 456817 534584 462973 543755 727446 667056 632901
#pred catch bio
 105981 98274.7 161713 205451 227088 256727 289035 297517 300186 318563 297404 280053 275139 242723 234268 212923 182217 162895 150291 144061 135989 129935 123289 111222 112908 104247 94944.6 104580 97964.2 95931.3 89545.7 89535.2 99400.7 101811 90199.5 96342.6 87758.1 86451.9 91261.8 75685.8 84303.8 89454 94523.2 88073.4 100925 83836.9 90404.2 89057.1 89480.5 93911.1 108762 88489.2 95422.9 98700.3 104491 111646 118687 124842 129837 133686 136541 138598 140048 141053 141740 142205 142517 142725 142862 142953 143013 143052 143077 143094 143105 143112 143117 143120 143121 143123 143124 143124 143124 143125 143125 143125 143125 143125 143125 143125 143125 143125 143125 143125 143125 143125 143125 143125 143125 143125 143125 143125 143125 143125 143125 143125 143125 143125 143125 143125 143125 143125 143125 143125 143125 143125 143125 143125 143125 143125 143125 143125 143125 143125 143125 143125 143125 143125 143125 143125 143125 143125 143125 143125 143125 143125 143125 143125 143125 143125 143125 143125 143125 143125 143125 143125 143125 143125 143125 143125 143125 0 0 0 0 0 0 0 0 0 0 0 0 0 0 0 0 0 0 0 0 0 0 0 0 0
#obs catch bio
 0 97861 161929 205734 227270 256682 288684 297876 300895 318356 296778 279630 276606 243804 234509 213143 181244 162560 151913 144652 135854 129957 123129 111092 113628 104108 94476.5 104689 98253 96049.6 89705.5 89327.5 99689.1 102207 89908.6 96376.7 87515.2 86834.1 91153.9 75634.1 84499.9 89398 94756.1 87743.3 101091 83700.7 90591 89203.9 89393.4 93736.6 108906
#pred cpue bio
 3.94286e+006 3.67801e+006 3.49847e+006 3.17842e+006 2.97072e+006 2.83017e+006 2.59555e+006 2.23887e+006 2.01576e+006 1.84207e+006 1.55831e+006 1.27459e+006 1.07396e+006 944109 862963 771670 678029 587679 539341 532070 532143 530853 527865 522503 534578 553607 537628 479200 442492 443419 458248 492879 531977 574504 612049 610514 563710 500876 507159 477533 505506 546548 576494 597669 566038 519391 518991 540118 577033 597148 594644 2.01869e+007 1.24541e+007 1.29517e+007 1.37919e+007 1.48254e+007 1.58517e+007 1.6765e+007 1.75249e+007 1.81294e+007 1.85959e+007 1.89484e+007 1.92113e+007 1.94057e+007 1.95489e+007 1.96544e+007 1.97322e+007 1.97898e+007 1.98327e+007 1.98647e+007 1.98887e+007 1.99069e+007 1.99207e+007 1.99312e+007 1.99393e+007 1.99455e+007 1.99503e+007 1.9954e+007 1.99569e+007 1.99591e+007 1.99609e+007 1.99623e+007 1.99633e+007 1.99642e+007 1.99648e+007 1.99653e+007 1.99658e+007 1.99661e+007 1.99663e+007 1.99665e+007 1.99667e+007 1.99668e+007 1.99669e+007 1.9967e+007 1.9967e+007 1.99671e+007 1.99671e+007 1.99672e+007 1.99672e+007 1.99672e+007 1.99672e+007 1.99672e+007 1.99672e+007 1.99672e+007 1.99672e+007 1.99672e+007 1.99673e+007 1.99673e+007 1.99673e+007 1.99673e+007 1.99673e+007 1.99673e+007 1.99673e+007 1.99673e+007 1.99673e+007 1.99673e+007 1.99673e+007 1.99673e+007 1.99673e+007 1.99673e+007 1.99673e+007 1.99673e+007 1.99673e+007 1.99673e+007 1.99673e+007 1.99673e+007 1.99673e+007 1.99673e+007 1.99673e+007 1.99673e+007 1.99673e+007 1.99673e+007 1.99673e+007 1.99673e+007 1.99673e+007 1.99673e+007 1.99673e+007 1.99673e+007 1.99673e+007 1.99673e+007 1.99673e+007 1.99673e+007 1.99673e+007 1.99673e+007 1.99673e+007 1.99673e+007 1.99673e+007 1.99673e+007 1.99673e+007 1.99673e+007 1.99673e+007 0 0 0 0 0 0 0 0 0 0 0 0 0 0 0 0 0 0 0 0 0 0 0 0 0
#obs cpue bio
 2.67684e+006 4.20638e+006 4.81464e+006 2.17841e+006 2.44743e+006 2.23649e+006 3.02664e+006 2.37727e+006 1.4349e+006 2.32078e+006 1.86672e+006 1.29313e+006 839467 839286 1.28844e+006 576591 877549 408774 342358 550916 487877 503571 698132 412748 404477 789942 609676 508277 420174 486396 402790 693625 357285 632658 767778 641181 536986 375136 864774 408333 650469 529781 381295 937766 683138 497286 542567 509666 573140 593980 540950
#pred surv len freq
 0.00426752 0.007034 0.0107822 0.0155546 0.0212627 0.0275932 0.0339934 0.0398255 0.0446137 0.0481972 0.0506901 0.05233 0.0533488 0.0539211 0.0541675 0.0541778 0.0540356 0.053818 0.0535372 0.0530242 0.0518294 0.0492747 0.044741 0.0380846 0.0298961
 0.00456428 0.00742793 0.0112143 0.0159222 0.021457 0.0275528 0.0337406 0.0394565 0.0442464 0.0479111 0.0504985 0.052199 0.0532439 0.0538467 0.054174 0.0543346 0.0543845 0.0543311 0.054103 0.0534751 0.0520051 0.049093 0.0442374 0.0373937 0.0291873
 0.00462984 0.00759376 0.011566 0.0165569 0.0224355 0.0288391 0.0351693 0.0407674 0.045185 0.0483367 0.0504303 0.0517735 0.052628 0.0531713 0.0535208 0.0537573 0.0539239 0.0540033 0.0538734 0.0532507 0.0516653 0.0485507 0.0434905 0.0365325 0.0283491
 0.0048061 0.00785693 0.0119239 0.0170153 0.0230138 0.0295823 0.0361381 0.0419965 0.046625 0.0498238 0.0517195 0.0526307 0.0529264 0.0529308 0.0528737 0.052877 0.0529634 0.0530637 0.0529935 0.05241 0.0508061 0.0476193 0.0424825 0.0355092 0.0274124
 0.00499263 0.00817108 0.0124147 0.0177298 0.0239813 0.030796 0.0375451 0.04351 0.0481549 0.0512981 0.0530752 0.0537826 0.0537501 0.0532926 0.0526917 0.0521671 0.0518355 0.0516725 0.0514796 0.050863 0.0492642 0.0460989 0.041015 0.0341585 0.0262599
 0.0051458 0.00842766 0.012816 0.0183215 0.0248075 0.0318858 0.0388962 0.0450768 0.0498488 0.053003 0.0546708 0.0551632 0.0548276 0.0539863 0.052923 0.0518747 0.0510076 0.0503674 0.0498155 0.048982 0.0472981 0.0441582 0.0391966 0.032554 0.0249459
 0.00534591 0.00874873 0.0132919 0.0189828 0.025678 0.0329774 0.040201 0.0465619 0.051457 0.0546574 0.0562807 0.0566288 0.0560478 0.0548659 0.0533774 0.0518343 0.0504263 0.0492407 0.0481969 0.0469859 0.0450835 0.0419021 0.0370697 0.0306992 0.0234586
 0.00563979 0.00921946 0.0139867 0.0199396 0.0269169 0.0344892 0.0419361 0.0484304 0.0533452 0.0564539 0.0578952 0.0579957 0.0571161 0.0555863 0.0536955 0.0516906 0.0497662 0.0480312 0.0464501 0.044779 0.0425654 0.039278 0.0345646 0.0285114 0.0217175
 0.00580081 0.00951679 0.0144992 0.0207605 0.0281304 0.0361327 0.0439684 0.0507247 0.0557173 0.0587093 0.0598712 0.0595822 0.0582549 0.056256 0.05389 0.0514008 0.0489716 0.0467084 0.0445965 0.0424453 0.0398794 0.036444 0.0318298 0.0261076 0.0198023
 0.0059224 0.00972227 0.0148258 0.0212553 0.0288498 0.0371359 0.0453018 0.0524003 0.0576905 0.0608676 0.0620434 0.0615714 0.0598821 0.0573945 0.0544749 0.0514143 0.0484175 0.0455959 0.0429443 0.0403051 0.0373658 0.0337465 0.0291897 0.0237622 0.0179205
 0.00616563 0.0101111 0.0153987 0.0220439 0.0298739 0.0383967 0.0467757 0.0540399 0.0594338 0.0626483 0.0637917 0.0632039 0.061294 0.0584662 0.0550935 0.051496 0.0479187 0.0445105 0.0412988 0.0381652 0.0348529 0.0310485 0.0265438 0.0214048 0.016024
 0.0063973 0.0105011 0.0160093 0.0229385 0.0310999 0.0399611 0.0486233 0.0560524 0.0614568 0.064533 0.065429 0.0645341 0.0622922 0.0591167 0.0553686 0.0513504 0.0473001 0.0433794 0.0396496 0.0360445 0.0323741 0.0283941 0.0239443 0.0190895 0.0141607
 0.00657162 0.0108088 0.0165178 0.0237265 0.0322409 0.0414952 0.0505293 0.0582341 0.0637538 0.0667521 0.0673822 0.0660732 0.0633307 0.0596319 0.0553828 0.0509 0.0464101 0.042057 0.0379002 0.0339022 0.0299305 0.0258099 0.0214305 0.0168591 0.0123694
 0.00680054 0.0111863 0.0170967 0.0245619 0.0333822 0.0429716 0.0523311 0.0602999 0.0659695 0.0689623 0.0694105 0.0677473 0.0645103 0.0602318 0.0553819 0.0503314 0.0453358 0.0405429 0.0360056 0.0316915 0.0274983 0.0232993 0.0190252 0.0147448 0.0106812
 0.00697972 0.0114744 0.017525 0.025159 0.0341716 0.0439663 0.0535269 0.0616711 0.067469 0.070525 0.0709545 0.0691735 0.0657061 0.0610835 0.0557949 0.050249 0.0447484 0.0394821 0.0345327 0.0298901 0.0254773 0.0211985 0.0170081 0.0129701 0.00926301
 0.00711047 0.0117066 0.0179099 0.0257539 0.0350238 0.0450895 0.0548825 0.0631674 0.0689857 0.0719471 0.072198 0.0701895 0.0664672 0.061566 0.0559675 0.0500747 0.0441966 0.0385443 0.0332336 0.0282924 0.0236814 0.0193371 0.0152309 0.0114161 0.0080278
 0.00727532 0.0119635 0.0182772 0.0262454 0.0356515 0.0458647 0.0558111 0.0642387 0.0701598 0.0731507 0.0733336 0.0711578 0.0671914 0.0620037 0.0561061 0.0499151 0.04374 0.0377911 0.0321945 0.0270043 0.0222178 0.0178071 0.013763 0.0101304 0.00700619
 0.00743803 0.0122179 0.0186407 0.026726 0.036245 0.0465535 0.0565634 0.0650141 0.07092 0.073869 0.0739948 0.0717471 0.0676826 0.0623575 0.0562792 0.0498729 0.0434621 0.0372713 0.0314408 0.0260436 0.0211045 0.0166252 0.0126158 0.00911747 0.00619731
 0.00745663 0.0122751 0.0187758 0.0269897 0.0366839 0.0471865 0.0573633 0.065907 0.0718067 0.074657 0.074624 0.0721973 0.0679637 0.0624902 0.0562776 0.0497366 0.0431791 0.0368274 0.0308306 0.0252797 0.0202242 0.0156913 0.011708 0.00831417 0.00555454
 0.00743989 0.0122422 0.0187181 0.0269025 0.0365757 0.0470893 0.0573345 0.0660151 0.0721019 0.0751428 0.075248 0.0728696 0.0685905 0.0630031 0.0566429 0.0499455 0.0432325 0.0367255 0.0305733 0.0248751 0.0196977 0.0150898 0.0110946 0.00775371 0.00509603
 0.00754082 0.0123744 0.0188582 0.0270086 0.0365993 0.046995 0.0571187 0.065715 0.0717909 0.0749116 0.0751771 0.0730017 0.068914 0.0634564 0.0571377 0.0503966 0.0435771 0.036928 0.03062 0.0247697 0.0194602 0.0147576 0.0107186 0.00738808 0.00478472
 0.00765872 0.0125496 0.0190893 0.0272789 0.0368752 0.0472279 0.0572515 0.0656963 0.0715955 0.0745609 0.074744 0.0725922 0.0686311 0.0633631 0.0572374 0.0506381 0.0438785 0.0372063 0.0308125 0.0248433 0.0194118 0.0146088 0.0105084 0.00716113 0.0045796
 0.00782239 0.0127918 0.0194089 0.0276575 0.0372804 0.0476187 0.0575831 0.0659231 0.0716764 0.0744691 0.0744794 0.0721907 0.068163 0.0629171 0.0568938 0.0504421 0.0438275 0.0372558 0.0308979 0.0249047 0.019412 0.01454 0.0103868 0.00701638 0.00444132
 0.0079845 0.0130397 0.0197518 0.0280906 0.0377826 0.0481524 0.0580949 0.0663499 0.0719583 0.0745648 0.0743763 0.0719063 0.0677389 0.0624126 0.0563773 0.0499798 0.0434674 0.0370144 0.0307578 0.0248261 0.0193518 0.0144686 0.0102956 0.00691402 0.00434356
 0.00795046 0.0129973 0.0197115 0.0280699 0.0378006 0.0482216 0.0582145 0.0665045 0.0721223 0.07471 0.0744788 0.07195 0.0677178 0.0623311 0.0562514 0.0498356 0.0433357 0.0369211 0.0307142 0.0248239 0.0193693 0.014482 0.0102904 0.00688895 0.00430717
 0.00791407 0.0129358 0.0196158 0.0279331 0.0376232 0.0480173 0.0580134 0.0663473 0.0720466 0.0747343 0.0745948 0.0721261 0.0679125 0.0625071 0.0563857 0.0499222 0.043384 0.0369492 0.0307399 0.0248573 0.0194089 0.0145188 0.0103147 0.00689668 0.00430128
 0.00789899 0.0128938 0.019521 0.0277516 0.0373241 0.0475882 0.0574748 0.0657564 0.0714866 0.0742932 0.074342 0.072095 0.068093 0.0628519 0.0568264 0.0503903 0.0438272 0.0373384 0.0310665 0.0251244 0.0196225 0.0146831 0.0104328 0.00697326 0.00434437
 0.00788153 0.0128661 0.0194791 0.0276893 0.0372297 0.0474436 0.0572576 0.065449 0.0710901 0.073839 0.0738923 0.0717285 0.0678802 0.0628317 0.0569946 0.0507047 0.0442248 0.0377565 0.0314574 0.0254608 0.0198943 0.0148906 0.0105818 0.00707249 0.0044044
 0.0078465 0.0128516 0.0195341 0.0278813 0.0376212 0.0480572 0.058048 0.0663007 0.0718472 0.0743533 0.0740682 0.0715485 0.0674045 0.0621745 0.0562867 0.0500555 0.0436988 0.0373704 0.0311939 0.0252888 0.0197838 0.0148197 0.0105362 0.00704336 0.00438597
 0.00781978 0.0127949 0.0194281 0.0277093 0.0373853 0.047796 0.0578419 0.0662503 0.0720273 0.0747665 0.0746294 0.0721146 0.0678337 0.0623813 0.0562653 0.0498665 0.0434324 0.037108 0.030985 0.025148 0.0197019 0.0147781 0.0105176 0.00703578 0.00438283
 0.00789328 0.0128895 0.0195236 0.0277696 0.0373664 0.0476617 0.057581 0.0658905 0.0716375 0.0744434 0.0744664 0.0721626 0.0680741 0.0627309 0.0566142 0.0501268 0.0435694 0.0371397 0.0309574 0.0251058 0.0196718 0.0147671 0.0105207 0.00704482 0.00439191
 0.00796072 0.0129779 0.0196163 0.0278356 0.0373653 0.047554 0.0573399 0.0655113 0.0711446 0.073894 0.0739464 0.0717701 0.0678904 0.06279 0.0568872 0.0505327 0.044009 0.0375331 0.0312659 0.0253287 0.0198287 0.0148795 0.0106028 0.0071039 0.00443198
 0.00791138 0.0129101 0.0195364 0.0277541 0.0372903 0.0474821 0.0572509 0.0653731 0.0709276 0.0735885 0.0735744 0.0713857 0.0675678 0.0626023 0.056882 0.0507147 0.0443369 0.037936 0.03167 0.0256812 0.0201064 0.015083 0.0107446 0.00719856 0.0044921
 0.00781135 0.0127642 0.0193483 0.0275395 0.0370744 0.047293 0.0571126 0.0652977 0.0709091 0.0736012 0.0735805 0.0713519 0.0674841 0.0624911 0.0567913 0.0506966 0.0444239 0.038126 0.0319294 0.0259615 0.020364 0.0152919 0.0108978 0.00730189 0.00455676
 0.00788925 0.0128475 0.0193951 0.0274883 0.0368657 0.046901 0.056569 0.0646896 0.070349 0.0731848 0.0733551 0.0713096 0.0675775 0.0626618 0.0569951 0.0509162 0.0446644 0.0383986 0.0322344 0.0262815 0.0206701 0.0155561 0.0111035 0.00744698 0.00464979
 0.00862037 0.0138719 0.0206312 0.0287525 0.0379177 0.0475218 0.0566306 0.0641853 0.0693837 0.0719396 0.0720421 0.070122 0.0666468 0.0620363 0.0566498 0.0507856 0.0446783 0.038504 0.0323976 0.0264786 0.0208783 0.0157523 0.0112688 0.00757134 0.00473362
 0.00928134 0.0149507 0.0222504 0.0309957 0.0407723 0.0508122 0.0599817 0.0670753 0.0712937 0.0725383 0.0712985 0.0682886 0.0641385 0.0592828 0.0539883 0.0484196 0.0426911 0.0368991 0.0311403 0.0255237 0.0201797 0.0152645 0.0109463 0.00737063 0.00461658
 0.00925781 0.0150076 0.0225132 0.0316426 0.0419916 0.0527275 0.0625757 0.0701455 0.074466 0.0753374 0.0732616 0.069092 0.0636925 0.0577504 0.0517156 0.0458136 0.0401052 0.0345706 0.0291863 0.0239714 0.0190044 0.0144164 0.010366 0.00699701 0.00439203
 0.00877715 0.0143211 0.0216619 0.0307411 0.0412181 0.0522944 0.0626908 0.0709659 0.0760423 0.0775614 0.0758488 0.0716268 0.0657354 0.0589674 0.0519749 0.0452066 0.0388875 0.0330589 0.0276604 0.0226197 0.0179168 0.0136075 0.00980555 0.00663493 0.00417461
 0.00895389 0.0144985 0.0217318 0.0305514 0.0406344 0.0512886 0.0614057 0.0697051 0.075177 0.0773964 0.0765138 0.0730333 0.0676052 0.0609145 0.0536162 0.0462679 0.0392709 0.0328435 0.0270434 0.0218296 0.0171414 0.0129596 0.00932554 0.00631363 0.00397861
 0.00884739 0.014366 0.0216006 0.0304541 0.0405779 0.0512209 0.0612109 0.0692531 0.0744148 0.0764269 0.0755958 0.0724857 0.0676621 0.061615 0.0547868 0.0476006 0.0404477 0.0336477 0.0274107 0.0218304 0.0169173 0.0126544 0.00904044 0.00609651 0.0038362
 0.00876237 0.0142304 0.0214039 0.0301952 0.0402717 0.0509022 0.0609271 0.0690413 0.074273 0.0763051 0.0754287 0.0722542 0.0674364 0.0615347 0.0549806 0.0481 0.0411561 0.0343858 0.0280043 0.0221828 0.0170306 0.0125996 0.00890828 0.00595786 0.00372781
 0.00869401 0.0141211 0.0212432 0.0299748 0.0399883 0.0505611 0.0605481 0.0686605 0.0739373 0.0760573 0.0752891 0.0722121 0.0674629 0.0616117 0.0551236 0.0483488 0.0415365 0.0348716 0.0285151 0.0226209 0.0173288 0.0127468 0.00893987 0.00592713 0.00367936
 0.00863556 0.0140306 0.0211152 0.0298071 0.0397818 0.0503198 0.06028 0.0683785 0.07366 0.0758084 0.0750939 0.072092 0.0674287 0.0616613 0.0552473 0.0485396 0.0417934 0.0351904 0.0288735 0.0229748 0.0176273 0.0129554 0.00905466 0.0059697 0.00368098
 0.00863572 0.0140119 0.0210529 0.0296684 0.0395365 0.0499563 0.0598173 0.0678662 0.073164 0.0753906 0.0747974 0.0719366 0.0674148 0.0617761 0.0554699 0.048845 0.0421569 0.0355892 0.0292838 0.0233689 0.017974 0.0132286 0.00924311 0.00608084 0.00373515
 0.00874106 0.014196 0.0213507 0.0301123 0.0401393 0.0506889 0.0605955 0.068562 0.0736439 0.0755628 0.074642 0.071504 0.0667987 0.0610811 0.0547867 0.0482391 0.0416662 0.0352275 0.0290459 0.0232347 0.0179145 0.0132122 0.00924318 0.00608121 0.00373049
 0.00871817 0.0141532 0.0212781 0.0300031 0.039998 0.0505404 0.0604854 0.0685426 0.0737474 0.0757771 0.0749088 0.0717425 0.0669427 0.0611046 0.0547077 0.0481028 0.041523 0.0351162 0.0289863 0.0232279 0.0179476 0.0132655 0.00929788 0.00612469 0.00375841
 0.00872856 0.0141748 0.0213185 0.0300699 0.0400946 0.050661 0.0606143 0.0686603 0.0738416 0.0758501 0.074973 0.0718055 0.0669948 0.0611202 0.0546607 0.047985 0.0413513 0.0349248 0.0288114 0.0230946 0.0178638 0.0132247 0.00928575 0.00612663 0.00376404
 0.00870328 0.0141293 0.0212427 0.0299541 0.0399343 0.0504634 0.0604016 0.0684661 0.0737001 0.075785 0.0749915 0.0719013 0.067152 0.0613158 0.0548657 0.0481686 0.0414901 0.0350111 0.0288545 0.0231134 0.0178764 0.0132411 0.00930706 0.00614884 0.00378268
 0.00869495 0.014108 0.0211963 0.0298662 0.0397889 0.050251 0.0601268 0.068151 0.0733824 0.0755103 0.074803 0.0718283 0.0672032 0.061478 0.0551084 0.0484522 0.0417748 0.0352654 0.0290606 0.0232686 0.0179887 0.013322 0.00936623 0.00619189 0.00381266
 0.00868983 0.0141057 0.0212032 0.0298899 0.039833 0.0503097 0.0601809 0.0681722 0.0733437 0.0754 0.0746322 0.0716295 0.0670193 0.0613476 0.0550541 0.0484753 0.041858 0.0353814 0.029182 0.0233757 0.0180726 0.0133829 0.00940851 0.00622077 0.00383198
#obs surv len freq
 nan nan nan nan nan nan nan nan nan nan nan nan nan nan nan nan nan nan nan nan nan nan nan nan nan
 0.00448434 0.00734548 0.0111752 0.0159912 0.0216915 0.0279666 0.0342804 0.0400114 0.044691 0.048155 0.0505134 0.0520097 0.0529024 0.0534153 0.0537299 0.0539851 0.0542639 0.0545568 0.0546956 0.0542875 0.0527256 0.0493576 0.0438073 0.0362871 0.0276705
 0.0046125 0.00755625 0.0114965 0.0164496 0.0223053 0.0287362 0.035178 0.0409788 0.0456475 0.0490138 0.0511979 0.0524651 0.053101 0.0533562 0.053435 0.0534912 0.0536141 0.0537935 0.0538576 0.0534115 0.0518499 0.0485253 0.0430625 0.0356676 0.027197
 0.00477778 0.00782563 0.0119033 0.0170255 0.0230745 0.0297058 0.0363272 0.0422536 0.0469649 0.0502746 0.0523007 0.0533199 0.0536387 0.0535364 0.0532495 0.0529619 0.0527861 0.0527261 0.0526168 0.0520673 0.0504772 0.0472041 0.0418723 0.0346739 0.0264362
 0.00496906 0.00813944 0.0123808 0.0177067 0.0239904 0.0308659 0.0377068 0.0437896 0.0485642 0.0518304 0.0537077 0.0544822 0.0544736 0.0539785 0.0532568 0.0525212 0.0519161 0.0514761 0.0510624 0.0503058 0.0486241 0.0453866 0.0402163 0.0332823 0.0253668
 0.00517751 0.0084799 0.0128964 0.018439 0.0249726 0.0321104 0.0391931 0.0454577 0.0503219 0.0535687 0.0553166 0.0558602 0.0555321 0.054643 0.0534684 0.0522407 0.0511304 0.050205 0.0493658 0.048286 0.0464234 0.0431753 0.038169 0.0315443 0.0240228
 0.00540872 0.00885869 0.0134719 0.0192587 0.0260732 0.0335036 0.0408506 0.0473069 0.0522564 0.0554689 0.0570683 0.0573639 0.0567036 0.0554119 0.0537755 0.0520388 0.0503883 0.0489183 0.0475702 0.0460718 0.0439411 0.0406249 0.0357682 0.0294821 0.0224153
 0.00564182 0.00924209 0.0140572 0.0200973 0.0272063 0.0349469 0.0425784 0.0492457 0.054295 0.0574795 0.058927 0.0589632 0.0579565 0.0562499 0.0541444 0.0518941 0.0496951 0.047659 0.0457614 0.0437859 0.0413215 0.0378819 0.0331457 0.0272021 0.020622
 0.00588326 0.00963726 0.0146571 0.0209516 0.0283544 0.0364039 0.0443193 0.0511996 0.0563537 0.0595169 0.0608189 0.0605992 0.0592457 0.0571211 0.0545434 0.051779 0.0490335 0.0464311 0.0439748 0.041499 0.0386656 0.0350641 0.0304189 0.0248068 0.0187219
 0.00612859 0.0100389 0.0152667 0.0218189 0.0295182 0.0378762 0.0460707 0.0531535 0.0583977 0.0615247 0.0626699 0.0621902 0.0604929 0.0579591 0.0549218 0.0516588 0.048384 0.0452328 0.0422315 0.0392605 0.0360512 0.0322699 0.0276938 0.0223945 0.0167951
 0.0063708 0.0104357 0.0158695 0.0226776 0.030671 0.0393349 0.0478044 0.0550837 0.0604091 0.0634877 0.0644623 0.0637099 0.0616617 0.0587204 0.0552358 0.0514963 0.0477222 0.0440565 0.0405444 0.0371063 0.0335374 0.0295781 0.0250587 0.0200513 0.0149145
 0.00659862 0.010811 0.0164434 0.0235005 0.0317828 0.0407484 0.0494894 0.0569614 0.0623633 0.0653879 0.0661854 0.0651534 0.062749 0.0593994 0.0554749 0.0512773 0.0470342 0.0428947 0.0389181 0.0350577 0.0311641 0.0270444 0.0225793 0.0178433 0.0131382
 0.00684711 0.0112136 0.0170468 0.0243473 0.0329033 0.0421484 0.0511362 0.0587785 0.0642399 0.0671982 0.0678094 0.0664908 0.0637248 0.0599655 0.0556063 0.0509661 0.0462822 0.0417102 0.0373209 0.0330935 0.0289245 0.0246773 0.0202761 0.0157982 0.0114945
 0.00707714 0.011597 0.0176406 0.0252084 0.0340746 0.0436375 0.052896 0.0607044 0.0661886 0.0690206 0.0693782 0.0677136 0.0645444 0.0603536 0.0555566 0.0504873 0.045392 0.0404321 0.0356873 0.0311571 0.0267739 0.0224466 0.0181337 0.0139121 0.00998669
 0.00729682 0.0119537 0.0181772 0.0259653 0.0350838 0.0449106 0.054411 0.0623965 0.0679541 0.0707314 0.0709025 0.0689358 0.0653801 0.0607565 0.055516 0.0500187 0.0445256 0.0392056 0.0341455 0.0293602 0.0248096 0.0204362 0.0162233 0.0122436 0.00866043
 0.00745546 0.0122198 0.0185924 0.026573 0.0359187 0.0459844 0.0556983 0.063832 0.0694444 0.0721742 0.0722021 0.0700094 0.0661591 0.0611881 0.0555683 0.0496832 0.0438168 0.0381563 0.0328039 0.027791 0.0230995 0.0186967 0.0145814 0.0108184 0.00753325
 0.00753222 0.0123457 0.0187851 0.0268521 0.0363055 0.046499 0.0563541 0.0646286 0.0703614 0.0731692 0.0732129 0.0709619 0.0669767 0.0618013 0.0559202 0.049734 0.0435467 0.0375683 0.0319254 0.026675 0.0218248 0.017365 0.0133057 0.00970221 0.00664674
 0.00760504 0.0124559 0.0189361 0.027043 0.0365332 0.0467622 0.0566557 0.0649765 0.0707662 0.0736397 0.0737495 0.0715487 0.0675777 0.0623619 0.0563749 0.0500179 0.0436067 0.0373723 0.0314688 0.0259847 0.02096 0.0164112 0.0123618 0.00886006 0.00597004
 0.00765086 0.0125273 0.0190374 0.0271753 0.0366939 0.046944 0.0568478 0.0651675 0.0709504 0.073822 0.0739464 0.0717813 0.0678599 0.0626885 0.0567164 0.0503231 0.0438138 0.0374238 0.0313267 0.0256419 0.0204453 0.0157858 0.011706 0.00825344 0.00547135
 0.00772062 0.0126304 0.0191733 0.0273371 0.0368699 0.0471215 0.0570155 0.0653165 0.0710743 0.0739184 0.0740187 0.0718411 0.0679249 0.0627765 0.0568355 0.0504634 0.0439445 0.0374991 0.0313 0.0254826 0.0201518 0.0153892 0.011262 0.00782472 0.00510868
 0.0077829 0.0127277 0.0193121 0.0275189 0.0370899 0.0473663 0.0572628 0.0655381 0.0712435 0.0740188 0.0740496 0.0718158 0.0678657 0.062708 0.0567787 0.0504298 0.0439311 0.0374866 0.0312571 0.025378 0.019968 0.0151328 0.0109631 0.00752589 0.00484877
 0.00780385 0.0127611 0.0193609 0.0275859 0.0371764 0.0474723 0.0573851 0.0656692 0.071372 0.0741309 0.0741323 0.0718614 0.0678744 0.0626884 0.0567449 0.0503962 0.0439061 0.0374682 0.0312318 0.0253256 0.0198714 0.0149877 0.0107825 0.00733543 0.00467608
 0.00786038 0.0128436 0.0194679 0.0277098 0.0373066 0.0475981 0.0574991 0.0657678 0.0714538 0.0741949 0.0741765 0.0718827 0.0678695 0.0626565 0.0566895 0.0503253 0.0438297 0.0373935 0.0311593 0.0252484 0.0197797 0.0148757 0.0106537 0.00720257 0.00455541
 0.00787351 0.0128666 0.0195052 0.0277653 0.0373815 0.0476884 0.0575942 0.0658528 0.0715154 0.0742271 0.0741832 0.0718736 0.0678547 0.0626412 0.0566734 0.0503056 0.0438044 0.0373622 0.0311222 0.025204 0.0197247 0.0148079 0.0105748 0.00711961 0.00447833
 0.00789995 0.0129046 0.0195531 0.0278192 0.0374367 0.0477417 0.0576453 0.0659029 0.0715642 0.0742707 0.0742148 0.0718874 0.0678492 0.06262 0.0566429 0.0502713 0.043769 0.0373259 0.0310838 0.0251619 0.0196773 0.0147545 0.0105169 0.00706125 0.00442519
 0.00788752 0.0128846 0.0195234 0.0277779 0.0373825 0.0476747 0.0575681 0.0658221 0.0714899 0.0742155 0.0741898 0.0718984 0.0678943 0.0626906 0.0567275 0.0503592 0.043852 0.0373987 0.0311426 0.0252041 0.0197015 0.0147611 0.0105085 0.00704285 0.00440273
 0.00790024 0.0128983 0.0195312 0.0277694 0.0373469 0.0476055 0.0574671 0.0656995 0.0713621 0.0740996 0.0741008 0.071847 0.067886 0.0627251 0.0567982 0.0504547 0.0439591 0.0375047 0.0312377 0.0252818 0.0197585 0.0147971 0.0105259 0.00704616 0.00439756
 0.00790734 0.0129079 0.0195419 0.0277776 0.0373466 0.0475889 0.0574257 0.0656273 0.0712589 0.073974 0.0739697 0.0717313 0.0678049 0.0626907 0.0568134 0.0505137 0.0440497 0.037612 0.0313469 0.0253807 0.0198392 0.014856 0.0105637 0.00706644 0.00440559
 0.00789641 0.012892 0.0195212 0.0277533 0.0373203 0.0475614 0.0573962 0.0655931 0.0712162 0.0739196 0.0739031 0.0716577 0.0677344 0.0626368 0.0567888 0.0505258 0.0440981 0.037689 0.0314398 0.0254758 0.0199248 0.0149246 0.0106126 0.00709714 0.00442219
 0.00788349 0.0128671 0.0194771 0.0276818 0.0372153 0.0474235 0.0572358 0.0654291 0.0710707 0.0738103 0.0738381 0.0716353 0.0677473 0.0626773 0.0568519 0.0506097 0.044202 0.0378098 0.0315706 0.0256063 0.0200441 0.015024 0.0106877 0.00714839 0.00445351
 0.00783811 0.012795 0.0193715 0.0275376 0.03703 0.047199 0.0569805 0.0651601 0.0708127 0.0735921 0.0736868 0.0715689 0.0677708 0.0627818 0.0570188 0.0508173 0.0444307 0.0380442 0.0317988 0.025818 0.0202301 0.015177 0.0108044 0.00723011 0.00450558
 0.00783673 0.0127859 0.0193451 0.0274811 0.0369306 0.0470494 0.0567833 0.0649289 0.0705688 0.0733596 0.0734885 0.0714244 0.0676952 0.062783 0.0570956 0.0509588 0.044619 0.0382585 0.0320196 0.026029 0.0204186 0.0153344 0.0109265 0.0073173 0.00456245
 0.00780904 0.0127447 0.0192899 0.0274125 0.0368491 0.0469529 0.056667 0.0647877 0.070402 0.0731749 0.0733029 0.0712608 0.0675763 0.0627261 0.0571096 0.0510428 0.0447632 0.038446 0.0322297 0.0262408 0.0206144 0.0155015 0.0110581 0.00741258 0.00462551
 0.0077783 0.0126918 0.0192053 0.027287 0.0366771 0.0467375 0.0564229 0.064539 0.0701751 0.0729895 0.0731682 0.0711776 0.0675429 0.0627429 0.0571788 0.0511657 0.0449362 0.0386591 0.0324667 0.026482 0.0208402 0.0156965 0.0112131 0.00752573 0.00470095
 0.00773349 0.0126196 0.0190978 0.0271372 0.0364803 0.0464935 0.0561391 0.0642328 0.0698726 0.0727219 0.0729643 0.0710577 0.0675143 0.0628005 0.05731 0.0513556 0.0451706 0.0389243 0.0327477 0.0267617 0.0211007 0.0159221 0.0113936 0.00765835 0.00478999
 0.00933413 0.0148585 0.0217966 0.0299056 0.0388299 0.0480183 0.056659 0.0638201 0.0687687 0.0712158 0.0713031 0.0694143 0.0659935 0.0614582 0.056169 0.0504174 0.0444239 0.0383509 0.0323262 0.0264687 0.0209111 0.01581 0.0113346 0.00763182 0.00478071
 0.00931789 0.0151263 0.0227177 0.0319377 0.0423186 0.0529278 0.0624011 0.0693504 0.0729585 0.0732973 0.0711241 0.067378 0.0627832 0.0577463 0.0524507 0.0469833 0.0414091 0.0357983 0.0302315 0.0248046 0.0196377 0.0148781 0.0106878 0.00720984 0.0045241
 0.00897828 0.0145954 0.0219798 0.0310486 0.0414572 0.0524291 0.0627137 0.0708747 0.0758025 0.0770982 0.0750955 0.070607 0.0646107 0.0579945 0.0513905 0.0451164 0.039235 0.0336789 0.0283685 0.023278 0.0184547 0.0140086 0.0100837 0.00681579 0.00428473
 0.00879963 0.0142962 0.0215142 0.0303725 0.0405461 0.0513106 0.0615083 0.0698216 0.075238 0.0773608 0.0763718 0.0727895 0.0672693 0.060517 0.0532289 0.0459959 0.0392067 0.033017 0.0274067 0.0222863 0.017593 0.01334 0.00960907 0.00650458 0.00409617
 0.00872657 0.0141668 0.0212992 0.0300362 0.0400529 0.0506368 0.060658 0.0688435 0.0742395 0.0765135 0.0758943 0.0728922 0.0680625 0.0619243 0.0549707 0.0476794 0.0404828 0.033712 0.0275536 0.0220567 0.0171918 0.0129265 0.00926971 0.0062648 0.00394562
 0.0087017 0.0141257 0.0212352 0.02994 0.0399111 0.0504306 0.0603656 0.0684455 0.0737311 0.0759192 0.0752832 0.0723818 0.0677998 0.0620379 0.0555062 0.0485535 0.041496 0.0346247 0.0281862 0.0223518 0.0172079 0.0127804 0.00907359 0.00609029 0.00382071
 0.00869637 0.0141166 0.0212205 0.0299172 0.0398768 0.0503801 0.0602915 0.0683371 0.0735741 0.0756993 0.0749946 0.0720407 0.0674559 0.0617736 0.0554148 0.0486985 0.0418704 0.0351406 0.0287077 0.0227555 0.017433 0.0128399 0.00902641 0.00600213 0.00373694
 0.00866634 0.0140698 0.021154 0.02983 0.0397702 0.050258 0.0601607 0.0682062 0.0734502 0.0755849 0.0748853 0.0719281 0.0673358 0.0616566 0.0553326 0.0486969 0.041988 0.0353823 0.029032 0.0230887 0.0177033 0.0130082 0.00909636 0.00600527 0.00371015
 0.00866488 0.0140649 0.021142 0.0298061 0.0397295 0.050198 0.0600827 0.0681157 0.0733552 0.0754932 0.0748019 0.0718535 0.0672672 0.0615916 0.0552749 0.0486609 0.0419964 0.0354549 0.0291711 0.0232713 0.0178891 0.0131585 0.00919119 0.00604766 0.00371751
 0.00864883 0.0140415 0.0211116 0.0297702 0.0396901 0.0501559 0.0600368 0.0680642 0.0732971 0.0754302 0.0747387 0.0717961 0.0672202 0.0615569 0.0552527 0.0486526 0.0420075 0.0354944 0.0292455 0.0233773 0.018011 0.0132736 0.00928025 0.00610316 0.00374377
 0.00861399 0.0139896 0.0210425 0.0296873 0.0395995 0.0500655 0.0599549 0.0679976 0.0732501 0.0754034 0.0747289 0.0717984 0.0672306 0.0615732 0.0552744 0.0486807 0.0420444 0.0355434 0.0293098 0.0234573 0.018101 0.0133626 0.00935612 0.00615799 0.00377676
 0.00863656 0.0140185 0.0210718 0.0297071 0.0395994 0.0500392 0.0599041 0.0679319 0.0731828 0.0753458 0.074687 0.0717719 0.067215 0.0615637 0.0552678 0.0486768 0.0420451 0.0355523 0.0293303 0.0234909 0.0181457 0.0134127 0.00940376 0.00619648 0.00380305
 0.00863419 0.0140192 0.0210807 0.0297304 0.0396409 0.0500961 0.059965 0.0679792 0.0732006 0.075327 0.0746369 0.0717046 0.0671462 0.061504 0.0552215 0.0486433 0.0420226 0.0355397 0.0293281 0.0234998 0.0181648 0.0134389 0.00943209 0.00622193 0.00382233
 0.00863055 0.0140131 0.0210716 0.0297185 0.0396281 0.0500869 0.0599654 0.0679947 0.0732313 0.0753664 0.0746726 0.0717243 0.0671437 0.0614818 0.055188 0.0486082 0.0419928 0.0355187 0.0293169 0.0234982 0.0181719 0.0134525 0.00944907 0.00623868 0.0038361
 0.00862483 0.0140038 0.0210576 0.0296987 0.0396022 0.0500554 0.0599308 0.0679615 0.0732062 0.0753557 0.0746796 0.0717473 0.0671757 0.0615134 0.055212 0.0486217 0.041998 0.0355203 0.0293193 0.023504 0.0181819 0.0134659 0.00946387 0.00625275 0.00384767
 0.00862483 0.0140038 0.0210576 0.0296987 0.0396022 0.0500554 0.0599308 0.0679615 0.0732062 0.0753557 0.0746796 0.0717473 0.0671757 0.0615134 0.055212 0.0486217 0.041998 0.0355203 0.0293193 0.023504 0.0181819 0.0134659 0.00946387 0.00625275 0.00384767
#pred catch len freq
 0.00313774 0.00511279 0.00775048 0.0111063 0.0152251 0.0200888 0.0255574 0.031364 0.0371721 0.0426456 0.0474969 0.0515224 0.0546279 0.0568311 0.0582358 0.0589978 0.059301 0.0593225 0.0591507 0.0586516 0.0573606 0.0545459 0.049532 0.0421645 0.0330992
 0.00336356 0.00541558 0.00808935 0.0114087 0.0154135 0.020119 0.0254434 0.0311699 0.0369735 0.0424871 0.0473759 0.0514084 0.0545022 0.0567181 0.0582043 0.059131 0.059647 0.0598505 0.0597372 0.0591112 0.0575165 0.0543083 0.0489415 0.0413717 0.0322928
 0.00344676 0.00558629 0.00840616 0.0119332 0.0161772 0.0210834 0.0264794 0.0320868 0.0375937 0.0427231 0.0472581 0.0510476 0.0540226 0.0562116 0.0577291 0.0587334 0.0593706 0.0597155 0.0597072 0.0590827 0.0573532 0.0539078 0.0482939 0.040569 0.0314819
 0.00361679 0.00584268 0.00875993 0.0123949 0.0167708 0.0218556 0.0274886 0.0333605 0.0390732 0.0442367 0.0485569 0.0518988 0.0543043 0.0559497 0.0570614 0.0578371 0.0584015 0.0587762 0.0588356 0.0582537 0.0565 0.0529679 0.0472585 0.0395028 0.0304958
 0.00378896 0.00612504 0.00918837 0.0130017 0.0175765 0.0228596 0.0286655 0.0346688 0.0404706 0.0456829 0.0499921 0.0532113 0.0553269 0.0565061 0.0570407 0.0572454 0.0573545 0.0574423 0.0573678 0.056748 0.0549938 0.0514724 0.0458002 0.0381453 0.0293253
 0.00394386 0.00637774 0.00957199 0.0135521 0.0183303 0.0238479 0.029901 0.0361321 0.042102 0.0473873 0.0516559 0.0547202 0.0565722 0.0573798 0.0574355 0.0570773 0.0565992 0.0561585 0.0556842 0.0548203 0.0529657 0.0494616 0.0439085 0.0364688 0.0279463
 0.00415065 0.00670401 0.0100458 0.0141967 0.0191645 0.0248861 0.0311487 0.0375785 0.0437136 0.049103 0.0533859 0.056352 0.0579823 0.0584474 0.0580526 0.0571546 0.0560778 0.0550286 0.0540031 0.0527141 0.0506097 0.0470504 0.0416286 0.0344761 0.0263452
 0.00443816 0.00715739 0.0107025 0.0150836 0.0202956 0.0262583 0.0327352 0.0393258 0.0455459 0.0509334 0.0551273 0.0579204 0.0592958 0.059423 0.0586054 0.0572014 0.0555473 0.0538789 0.0522453 0.0504332 0.0479698 0.0442771 0.0389682 0.0321452 0.0244859
 0.00461649 0.00746707 0.0112057 0.0158516 0.0213953 0.0277281 0.0345617 0.0414324 0.0478029 0.0531839 0.0572155 0.0597149 0.0607004 0.0603758 0.0590658 0.0571347 0.0549149 0.0526461 0.0504056 0.0480413 0.0451667 0.0412877 0.0360645 0.0295826 0.0224384
 0.00478277 0.0077362 0.0116118 0.0164343 0.0222026 0.0288153 0.0359792 0.0432027 0.0498935 0.0554893 0.0595623 0.0618941 0.0625143 0.061677 0.0597713 0.0572126 0.0543596 0.0514611 0.0486077 0.0456872 0.0423847 0.038291 0.0331248 0.026967 0.0203379
 0.00504259 0.00814457 0.012201 0.0172275 0.0232134 0.0300476 0.0374247 0.0448396 0.0516872 0.057391 0.0615022 0.0637708 0.0641925 0.0630027 0.0606006 0.0574392 0.0539271 0.0503583 0.0468626 0.0433728 0.0396376 0.0353225 0.0302019 0.0243561 0.0182338
 0.00531704 0.00858947 0.0128681 0.0181636 0.0244514 0.0315914 0.0392351 0.0468296 0.053736 0.0593713 0.0633056 0.0653191 0.065432 0.063887 0.061075 0.0574366 0.0533792 0.0492165 0.0451195 0.0410812 0.036926 0.0323976 0.0273245 0.0217858 0.0161612
 0.00556283 0.00899584 0.0134934 0.0190693 0.0256929 0.0332013 0.0412008 0.0490774 0.0561302 0.061732 0.0654396 0.0670575 0.0666614 0.0645609 0.0611989 0.0570372 0.0524755 0.0478117 0.0432177 0.0387209 0.0342117 0.0295126 0.0245089 0.0192822 0.0141476
 0.00578494 0.00935596 0.0140357 0.0198397 0.0267373 0.0345582 0.0428874 0.0510718 0.0583571 0.0640578 0.0676831 0.0690168 0.0681528 0.0654554 0.061442 0.0566416 0.0514952 0.0463119 0.0412613 0.0363796 0.0315929 0.0267793 0.0218708 0.0169515 0.0122801
 0.00599814 0.00969163 0.0145217 0.0204981 0.0275853 0.0356078 0.0441419 0.05252 0.0599675 0.0657741 0.0694201 0.0706596 0.0695638 0.0664932 0.0619875 0.0566218 0.050893 0.0451604 0.0396294 0.0343625 0.0293157 0.0244027 0.0195827 0.0149347 0.0106665
 0.00614818 0.00994556 0.0149222 0.0210907 0.0284083 0.0366768 0.0454352 0.0539756 0.0614957 0.0672793 0.0708183 0.0718838 0.070558 0.0672026 0.0623532 0.0565854 0.0504104 0.0442175 0.0382531 0.0326252 0.0273337 0.0223296 0.0175916 0.0131867 0.0092733
 0.00629777 0.0101776 0.0152526 0.0215327 0.0289766 0.0373915 0.0463176 0.0550341 0.0627077 0.0685792 0.0721038 0.0730393 0.0714845 0.0678352 0.0626599 0.056552 0.0500271 0.043478 0.0371669 0.0312341 0.0257232 0.0206265 0.0159457 0.0117381 0.00811851
 0.00646683 0.010439 0.0156208 0.0220117 0.0295603 0.0380646 0.0470576 0.0558149 0.0635054 0.0693759 0.0728829 0.0737744 0.0721309 0.0683337 0.0629505 0.0565883 0.0497824 0.0429437 0.0363516 0.0301695 0.0244726 0.0192882 0.0146401 0.0105816 0.00719282
 0.00648506 0.01049 0.0157369 0.0222355 0.0299332 0.0386091 0.0477617 0.0566293 0.064356 0.0701858 0.0735929 0.0743518 0.0725659 0.0686265 0.0630971 0.0565744 0.0495856 0.0425438 0.0357412 0.0293636 0.0235157 0.0182545 0.013624 0.00967587 0.00646461
 0.00645043 0.0104324 0.0156505 0.0221206 0.029805 0.0385053 0.0477429 0.0567642 0.0646937 0.0707277 0.074284 0.0750989 0.0732709 0.0692153 0.0635299 0.0568364 0.0496722 0.0424506 0.0354653 0.0289128 0.0229192 0.0175671 0.0129194 0.00903009 0.00593525
 0.00650414 0.0104963 0.0157033 0.0221278 0.0297285 0.0383197 0.0474523 0.0564117 0.0643571 0.0705029 0.0742557 0.0753101 0.0737041 0.069797 0.0641569 0.0574092 0.0501173 0.0427256 0.0355537 0.0288184 0.0226653 0.0171976 0.0124941 0.00861306 0.00557839
 0.00658655 0.010617 0.0158586 0.0223016 0.0298909 0.0384294 0.0474629 0.0562841 0.0640789 0.0701049 0.0738159 0.0749353 0.0734949 0.0698106 0.0643871 0.0577915 0.0505554 0.0431231 0.0358384 0.0289528 0.0226469 0.0170529 0.0122697 0.00836254 0.00534824
 0.00671186 0.0108011 0.0160989 0.0225821 0.0301851 0.0387057 0.0476881 0.0564246 0.0641025 0.069988 0.0735557 0.0745619 0.0730735 0.0694283 0.064124 0.0576918 0.0506108 0.0432796 0.0360201 0.0290906 0.0226987 0.017011 0.0121553 0.0082121 0.00519853
 0.00680824 0.0109481 0.0163013 0.0228366 0.0304793 0.0390183 0.0479896 0.0566798 0.0642759 0.0700512 0.0734933 0.074375 0.0727819 0.0690715 0.0637584 0.0573781 0.0503952 0.0431763 0.0360068 0.0291209 0.0227237 0.016999 0.0120995 0.0081265 0.00510559
 0.00677385 0.0109035 0.0162552 0.022804 0.0304776 0.0390606 0.0480787 0.0568062 0.0644204 0.0701893 0.0736007 0.074432 0.0727769 0.0690043 0.0636429 0.0572411 0.0502707 0.0430935 0.0359782 0.0291368 0.0227588 0.0170256 0.0121011 0.00810218 0.00506604
 0.00669237 0.0107757 0.0160727 0.0225653 0.030192 0.0387518 0.0477858 0.0565778 0.0643 0.0701998 0.0737344 0.0746543 0.0730395 0.0692612 0.0638615 0.0574085 0.050392 0.0431857 0.0360599 0.0292187 0.0228391 0.0170942 0.0121477 0.00812339 0.00506667
 0.0066529 0.0107007 0.0159401 0.0223484 0.0298669 0.0383093 0.0472435 0.055985 0.0637324 0.0697428 0.073462 0.0746082 0.0732175 0.0696186 0.0643274 0.0579087 0.0508683 0.0436054 0.0364129 0.029508 0.0230712 0.0172732 0.0122765 0.00820673 0.00511316
 0.00673245 0.0108192 0.0160965 0.0225298 0.030046 0.0384441 0.0472818 0.0558772 0.0634517 0.0693048 0.0729309 0.0740816 0.0727951 0.0693702 0.064274 0.0580235 0.0510949 0.0438812 0.0366879 0.029752 0.0232714 0.0174277 0.012388 0.00828077 0.00515718
 0.00670732 0.0108121 0.0161473 0.0226938 0.030376 0.0389629 0.0479577 0.0566189 0.0641275 0.0697796 0.0731065 0.0739269 0.0723552 0.0687506 0.0636044 0.0574164 0.050617 0.0435481 0.0364787 0.0296309 0.0232047 0.0173914 0.0123679 0.00826886 0.00514941
 0.00666493 0.0107364 0.0160242 0.0225154 0.0301532 0.0387393 0.0478118 0.0566427 0.0643835 0.0702591 0.073716 0.0745181 0.0727838 0.0689315 0.0635363 0.0571685 0.05029 0.0432328 0.0362297 0.0294635 0.0231072 0.0173417 0.0123454 0.00825953 0.00514547
 0.00667043 0.0107307 0.015988 0.0224202 0.0299675 0.0384411 0.047404 0.0561662 0.0639202 0.0699168 0.073594 0.0746639 0.0731645 0.0694416 0.0640423 0.0575646 0.0505339 0.0433441 0.0362611 0.029467 0.023114 0.0173607 0.0123718 0.00828547 0.00516568
 0.00669263 0.0107527 0.0159941 0.0223846 0.029858 0.0382261 0.0470628 0.0556978 0.0633524 0.0693111 0.0730427 0.0742726 0.0730204 0.0695788 0.0644237 0.0580941 0.0510954 0.0438444 0.0366553 0.0297547 0.0233187 0.017508 0.0124793 0.00836226 0.00521739
 0.00665937 0.0107077 0.0159418 0.0223318 0.0298076 0.0381694 0.0469755 0.0555452 0.0631038 0.068957 0.072608 0.0738179 0.0726303 0.0693384 0.0643908 0.0582772 0.0514492 0.0442882 0.0371041 0.0301471 0.0236277 0.0177341 0.0126365 0.00846721 0.00528411
