SBPRF35
9.23478
Curr Bio
604544
B35
751100
F35
0.195397
FOFL
0.149482
OFL
70394.5
Bzero
2.63851e+006
#pred survey bio
 4.36121e+006 4.12784e+006 3.91016e+006 3.65271e+006 3.35993e+006 3.02161e+006 2.73654e+006 2.43035e+006 2.17263e+006 1.93766e+006 1.68224e+006 1.4922e+006 1.34529e+006 1.2083e+006 1.07399e+006 947197 849000 763484 719558 680814 646981 625152 605019 590146 576469 567378 573019 570672 570517 564105 562388 571621 566687 561595 559876 547063 536036 535364 526111 537293 545245 551456 553823 563626 574770 580355 584641 587527 588909 596974 609553 2.05834e+007 1.24133e+007 1.27614e+007 1.36076e+007 1.47309e+007 1.59053e+007 1.69864e+007 1.79061e+007 1.86486e+007 1.92269e+007 1.96665e+007 1.99953e+007 2.02388e+007 2.0418e+007 2.05498e+007 2.06467e+007 2.07181e+007 2.07709e+007 2.08103e+007 2.08397e+007 2.08618e+007 2.08785e+007 2.08912e+007 2.0901e+007 2.09084e+007 2.09142e+007 2.09186e+007 2.09221e+007 2.09247e+007 2.09268e+007 2.09285e+007 2.09297e+007 2.09307e+007 2.09315e+007 2.09321e+007 2.09326e+007 2.0933e+007 2.09333e+007 2.09335e+007 2.09337e+007 2.09339e+007 2.0934e+007 2.09341e+007 2.09342e+007 2.09342e+007 2.09343e+007 2.09343e+007 2.09343e+007 2.09344e+007 2.09344e+007 2.09344e+007 2.09344e+007 2.09344e+007 2.09344e+007 2.09344e+007 2.09344e+007 2.09344e+007 2.09344e+007 2.09344e+007 2.09344e+007 2.09344e+007 2.09344e+007 2.09344e+007 2.09344e+007 2.09344e+007 2.09344e+007 2.09344e+007 2.09344e+007 2.09344e+007 2.09344e+007 2.09344e+007 2.09344e+007 2.09344e+007 2.09344e+007 2.09344e+007 2.09344e+007 2.09344e+007 2.09344e+007 2.09344e+007 2.09344e+007 2.09344e+007 2.09344e+007 2.09344e+007 2.09344e+007 2.09344e+007 2.09344e+007 2.09344e+007 2.09344e+007 2.09344e+007 2.09344e+007 2.09344e+007 2.09344e+007 2.09344e+007 2.09344e+007 2.09344e+007 2.09344e+007 2.09344e+007 2.09344e+007 2.09344e+007 2.09344e+007 0 0 0 0 0 0 0 0 0 0 0 0 0 0 0 0 0 0 0 0 0 0 0 0 0
#obs survey bio
 4.19834e+006 3.44868e+006 3.02505e+006 2.70188e+006 1.89573e+006 2.95277e+006 1.78471e+006 1.99102e+006 1.39957e+006 1.50274e+006 1.06613e+006 1.82732e+006 1.44523e+006 992560 1.12918e+006 1.10082e+006 964446 624971 655711 711527 540096 527542 505095 486770 345052 531711 491338 509478 574236 683491 739617 515327 428333 560312 609215 575280 712939 486268 470507 631573 544591 705136 550911 672137 434719 740964 576011 584856 620086 644648 567286
#pred catch bio
 98816.7 93951.2 145386 199484 268593 249062 296268 278815 282393 320879 277542 249839 247209 246481 237676 208695 192972 153615 146307 139264 127474 125086 119373 116904 111560 98364.9 104263 100932 104086 97647.7 86582.4 96500.5 94142 88939.5 95328.6 92042.1 85429.3 96329.4 81761.5 85950.7 87427.2 90201.4 83929.1 83482.8 88636.6 90051.6 91863 93613.6 88447.5 85118.8 111548 70394.5 90271.6 91615.4 96549.1 104054 112104 119464 125608 130438 134075 136730 138621 139944 140856 141477 141897 142179 142366 142491 142573 142628 142663 142687 142702 142712 142719 142723 142726 142728 142729 142730 142730 142730 142731 142731 142731 142731 142731 142731 142731 142731 142731 142731 142731 142731 142731 142731 142731 142731 142731 142731 142731 142731 142731 142731 142731 142731 142731 142731 142731 142731 142731 142731 142731 142731 142731 142731 142731 142731 142731 142731 142731 142731 142731 142731 142731 142731 142731 142731 142731 142731 142731 142731 142731 142731 142731 142731 142731 142731 142731 142731 142731 142731 142731 142731 142731 142731 142731 142731 142731 0 0 0 0 0 0 0 0 0 0 0 0 0 0 0 0 0 0 0 0 0 0 0 0 0
#obs catch bio
 0 93621.2 145442 199688 270870 250590 300743 281753 286664 330642 286114 256278 254307 253664 244196 212578 195774 155665 148403 140722 129110 127623 121864 119287 114322 99991.6 106133 102588 105786 98979.2 87175 97534.8 94779.7 89582.8 96556.2 92792.2 85247.6 96523 81878.7 86084 87315.6 89943.8 83659.8 83159.9 88619.7 89365.6 91595 93596.1 88222 84598.5 111809
#pred cpue bio
 4.30567e+006 4.07567e+006 3.8604e+006 3.60379e+006 3.31155e+006 2.97417e+006 2.68981e+006 2.3849e+006 2.12791e+006 1.89345e+006 1.63945e+006 1.45073e+006 1.30511e+006 1.16975e+006 1.03754e+006 913172 817129 733598 690760 653147 620177 598656 578881 564474 551292 542603 548339 546332 546506 540683 539477 548957 544568 539891 538622 526642 515622 513765 503740 514510 522665 529077 531543 541114 551970 557459 561589 564243 565542 573446 585926 1.97983e+007 1.19487e+007 1.21874e+007 1.29121e+007 1.39938e+007 1.51587e+007 1.6238e+007 1.71574e+007 1.78998e+007 1.84781e+007 1.89177e+007 1.92465e+007 1.949e+007 1.96693e+007 1.9801e+007 1.98979e+007 1.99693e+007 2.00222e+007 2.00615e+007 2.00909e+007 2.0113e+007 2.01297e+007 2.01425e+007 2.01522e+007 2.01597e+007 2.01654e+007 2.01699e+007 2.01733e+007 2.0176e+007 2.01781e+007 2.01797e+007 2.0181e+007 2.0182e+007 2.01827e+007 2.01834e+007 2.01839e+007 2.01842e+007 2.01845e+007 2.01848e+007 2.0185e+007 2.01851e+007 2.01852e+007 2.01853e+007 2.01854e+007 2.01855e+007 2.01855e+007 2.01855e+007 2.01856e+007 2.01856e+007 2.01856e+007 2.01856e+007 2.01856e+007 2.01856e+007 2.01856e+007 2.01856e+007 2.01857e+007 2.01857e+007 2.01857e+007 2.01857e+007 2.01857e+007 2.01857e+007 2.01857e+007 2.01857e+007 2.01857e+007 2.01857e+007 2.01857e+007 2.01857e+007 2.01857e+007 2.01857e+007 2.01857e+007 2.01857e+007 2.01857e+007 2.01857e+007 2.01857e+007 2.01857e+007 2.01857e+007 2.01857e+007 2.01857e+007 2.01857e+007 2.01857e+007 2.01857e+007 2.01857e+007 2.01857e+007 2.01857e+007 2.01857e+007 2.01857e+007 2.01857e+007 2.01857e+007 2.01857e+007 2.01857e+007 2.01857e+007 2.01857e+007 2.01857e+007 2.01857e+007 2.01857e+007 2.01857e+007 2.01857e+007 2.01857e+007 2.01857e+007 2.01857e+007 0 0 0 0 0 0 0 0 0 0 0 0 0 0 0 0 0 0 0 0 0 0 0 0 0
#obs cpue bio
 3.37297e+006 4.47074e+006 6.48726e+006 3.14118e+006 2.64987e+006 1.90731e+006 2.5204e+006 3.37824e+006 1.88227e+006 974332 1.30397e+006 1.13041e+006 829907 1.13408e+006 853207 846715 781161 588675 623542 663615 480968 362198 466559 529226 487726 544471 549348 466477 485009 402342 450167 519932 801624 411211 336453 596608 718097 536049 423402 495677 641640 521755 529093 508506 582864 848308 410558 489192 643306 645203 467557
#pred surv len freq
 0.00483306 0.00783457 0.0117696 0.0166158 0.0222608 0.0284288 0.0346477 0.0403578 0.0451173 0.0487459 0.0513089 0.0530006 0.0540364 0.0545988 0.054821 0.054788 0.0545488 0.0541202 0.0534529 0.0523562 0.0504381 0.0471677 0.0421186 0.0352993 0.0273333
 0.00509391 0.00815989 0.012081 0.0167909 0.0221806 0.0280442 0.0340245 0.0396603 0.0445338 0.0483999 0.0512125 0.0530734 0.0541691 0.0547193 0.0549268 0.0549351 0.0548084 0.0545254 0.0539625 0.052857 0.0507894 0.0472665 0.0419492 0.0349366 0.0268997
 0.0053661 0.00860214 0.0127386 0.0176856 0.0232837 0.0292493 0.0351438 0.0404708 0.0448666 0.0482238 0.0506495 0.0523294 0.0534293 0.0540795 0.0543973 0.0544928 0.0544429 0.0542455 0.0537672 0.0527058 0.0506041 0.0469695 0.0415114 0.0343979 0.0263476
 0.00564262 0.00904424 0.0133913 0.0185885 0.0244651 0.0307128 0.0368448 0.0422926 0.0466152 0.0496579 0.0515489 0.052574 0.0530447 0.0532173 0.0532607 0.0532578 0.0532204 0.0530864 0.0526844 0.0516873 0.0496215 0.0459949 0.0405425 0.0334727 0.0255312
 0.00590941 0.00947682 0.0140405 0.0195017 0.0256785 0.0322389 0.0386579 0.0443199 0.0487366 0.0517129 0.0533456 0.053909 0.0537435 0.0531871 0.0525276 0.051959 0.0515509 0.0512341 0.0507869 0.0498242 0.0478323 0.0443065 0.0389916 0.0321122 0.0244165
 0.00621817 0.00997178 0.014773 0.0205167 0.0270086 0.0338944 0.0406135 0.046507 0.051047 0.0540108 0.055479 0.055716 0.0550582 0.0538569 0.0524455 0.0510998 0.0499901 0.0491313 0.0483417 0.047229 0.0452473 0.0418599 0.0367909 0.0302471 0.0229464
 0.00648136 0.0103925 0.0153935 0.0213738 0.0281299 0.0352915 0.0422729 0.0483841 0.0530685 0.056083 0.0574952 0.0575588 0.0565981 0.054954 0.0529609 0.0509205 0.0490631 0.0474911 0.0461144 0.0446099 0.0424621 0.0391295 0.034306 0.02815 0.0213153
 0.00690356 0.0110481 0.0163234 0.0225964 0.029641 0.0370638 0.0442532 0.0504917 0.055203 0.0581399 0.0593797 0.05919 0.0579031 0.0558576 0.0533767 0.0507544 0.048231 0.0459524 0.0439062 0.041865 0.0393995 0.0360181 0.0314127 0.0256871 0.0194023
 0.00730813 0.0116898 0.0172584 0.0238643 0.0312556 0.0390008 0.0464386 0.0528024 0.0574886 0.0602557 0.061214 0.0606721 0.058994 0.0565311 0.0536022 0.0504847 0.0474047 0.0445136 0.0418411 0.0392407 0.0363846 0.0328675 0.0284159 0.0230969 0.0173746
 0.00755718 0.0121132 0.0179296 0.0248625 0.0326479 0.040814 0.0486313 0.0552563 0.0600266 0.06268 0.063345 0.0623751 0.0601895 0.0571896 0.0537258 0.0500828 0.0464749 0.0430404 0.0398177 0.0367086 0.0334702 0.0297893 0.0254485 0.0205007 0.0153233
 0.00786792 0.0126137 0.0186757 0.0259067 0.0340339 0.0425655 0.0507348 0.0576454 0.0625776 0.0652221 0.0656825 0.0643183 0.061587 0.0579504 0.0538239 0.0495412 0.0453385 0.0413543 0.0376252 0.034074 0.0305128 0.026703 0.0224826 0.0179011 0.0132618
 0.00811292 0.013001 0.019239 0.0266726 0.0350211 0.0437823 0.0521743 0.0592805 0.0643596 0.0670808 0.0675258 0.0660316 0.063038 0.059006 0.0543729 0.0495142 0.0447141 0.0401518 0.0358955 0.031899 0.0280185 0.0240693 0.0199301 0.0156472 0.0114619
 0.00827771 0.0132698 0.019645 0.0272469 0.0357867 0.0447451 0.0533145 0.0605527 0.0657029 0.0684347 0.068839 0.0672591 0.0641291 0.0598936 0.0549722 0.0497343 0.0444783 0.0394164 0.034663 0.0302254 0.0260164 0.0219047 0.0178031 0.0137517 0.00993789
 0.00840481 0.0134857 0.0199872 0.027756 0.0364977 0.0456732 0.0544415 0.061822 0.0670287 0.0697215 0.0700023 0.0682385 0.0648914 0.0604234 0.0552571 0.04975 0.0441851 0.0387708 0.0336392 0.0288399 0.024344 0.0200791 0.0159959 0.012133 0.0086317
 0.00851405 0.0136743 0.0202915 0.0282177 0.0371556 0.0465492 0.0555266 0.0630683 0.0683538 0.0710223 0.0711733 0.0691895 0.0655613 0.0607868 0.0553188 0.04953 0.0437006 0.0380265 0.0326331 0.027583 0.022884 0.0185117 0.0144541 0.0107546 0.00751948
 0.00869803 0.0139627 0.0207063 0.028774 0.0378613 0.0474042 0.0565178 0.0641643 0.0695021 0.0721516 0.0722007 0.0700317 0.0661482 0.0610734 0.0552913 0.049203 0.043106 0.0371995 0.0316051 0.0263858 0.0215639 0.0171423 0.0131346 0.00958836 0.00658408
 0.00888326 0.0142476 0.0211051 0.029289 0.038484 0.0481168 0.0572942 0.0649713 0.0703034 0.0729121 0.0728885 0.0706153 0.0665925 0.0613405 0.055347 0.0490262 0.0426942 0.0365685 0.0307843 0.0254149 0.0204942 0.0160408 0.012081 0.00866212 0.00584333
 0.00911192 0.0146026 0.0216073 0.0299447 0.0392821 0.0490261 0.0582614 0.0659245 0.0711646 0.0736157 0.0733958 0.0709169 0.0666996 0.0612718 0.0551174 0.048643 0.0421604 0.0358897 0.0299756 0.0245047 0.0195261 0.015072 0.0111762 0.00788174 0.00522814
 0.00913821 0.0146443 0.0216686 0.0300305 0.039399 0.0491831 0.0584691 0.0661916 0.071493 0.0739962 0.073807 0.0713286 0.0670788 0.0615878 0.0553443 0.0487591 0.0421475 0.0357352 0.0296766 0.0240738 0.0189943 0.0144872 0.0105963 0.0073619 0.00480802
 0.0093205 0.0149059 0.021998 0.0303953 0.0397554 0.0494921 0.058709 0.0663617 0.0716086 0.0740799 0.0738798 0.0714037 0.0671582 0.061662 0.0553957 0.0487662 0.0420891 0.0355938 0.029442 0.0237473 0.0185927 0.0140432 0.010153 0.00696253 0.0044843
 0.00957545 0.0152935 0.0225297 0.0310591 0.0405143 0.0502851 0.0594554 0.0669728 0.0720092 0.0742323 0.0737963 0.0711386 0.0667842 0.0612456 0.0549812 0.0483723 0.0417142 0.0352248 0.0290637 0.0233502 0.0181787 0.0136275 0.00976087 0.00662119 0.00421361
 0.0096048 0.0153624 0.0226715 0.0313158 0.0409224 0.0508556 0.0601567 0.0677286 0.0727154 0.0747863 0.074125 0.0712149 0.0666291 0.0609158 0.0545485 0.0479022 0.0412513 0.0347892 0.0286564 0.0229644 0.0178094 0.0132782 0.00944336 0.00635077 0.00400183
 0.00958059 0.0153313 0.0226418 0.0313041 0.0409552 0.0509666 0.0603804 0.0680875 0.073205 0.075363 0.0747088 0.0717095 0.066952 0.0610244 0.0544491 0.0476405 0.0408907 0.0343886 0.0282573 0.0225884 0.0174653 0.0129699 0.009176 0.00613072 0.00383337
 0.00960094 0.0153528 0.0226532 0.03129 0.0409021 0.0508737 0.0602671 0.0679941 0.0731819 0.0754539 0.0749317 0.0720448 0.0673438 0.0613958 0.0547278 0.0477815 0.0408874 0.0342669 0.028059 0.0223548 0.0172272 0.0127473 0.00898087 0.00597031 0.00371097
 0.00959356 0.0153478 0.0226577 0.0313125 0.0409479 0.0509383 0.0603341 0.0680409 0.0731929 0.0754331 0.0749055 0.0720515 0.0674129 0.0615306 0.0549007 0.0479453 0.0409955 0.0342918 0.0279996 0.022231 0.0170685 0.0125815 0.0088285 0.00584359 0.00361477
 0.00958741 0.0153324 0.0226254 0.0312548 0.0408596 0.0508233 0.0602078 0.0679263 0.0731108 0.0753937 0.0749073 0.0720884 0.0674828 0.0616371 0.0550454 0.0481183 0.041172 0.0344399 0.0280936 0.0222611 0.0170425 0.0125185 0.00875056 0.00576838 0.00355294
 0.00948626 0.0151706 0.0223873 0.0309287 0.0404419 0.0503238 0.0596559 0.0673723 0.0726197 0.0750309 0.0747227 0.0721039 0.067689 0.0619994 0.0555158 0.0486455 0.041708 0.0349416 0.0285253 0.0225996 0.0172809 0.0126661 0.00882765 0.00579899 0.00355823
 0.00939124 0.0150332 0.0222114 0.0307273 0.0402309 0.0501137 0.0594467 0.0671565 0.0723915 0.0747968 0.0745058 0.0719402 0.0676157 0.0620415 0.0556775 0.0489093 0.04204 0.0353007 0.0288712 0.0228996 0.0175149 0.0128287 0.00892657 0.00585004 0.00357899
 0.00925099 0.0148169 0.0219087 0.0303392 0.0397718 0.0496135 0.0589494 0.0667138 0.0720496 0.0745825 0.074421 0.0719692 0.0677392 0.062247 0.0559595 0.0492618 0.0424486 0.0357392 0.0293053 0.0232949 0.0178445 0.0130793 0.00909922 0.00595692 0.00363788
 0.00916755 0.0146862 0.0217214 0.03009 0.0394613 0.0492497 0.0585505 0.0663097 0.0716788 0.0742847 0.074228 0.0718964 0.067784 0.0623933 0.056186 0.0495495 0.0427813 0.0361007 0.0296751 0.0236477 0.0181555 0.0133303 0.00928329 0.00607882 0.00371035
 0.00911579 0.0145933 0.0215658 0.0298477 0.0391132 0.048792 0.0580044 0.065722 0.0711127 0.0738046 0.0738856 0.0717237 0.0677904 0.062567 0.0564986 0.0499624 0.0432543 0.036597 0.0301631 0.0241006 0.0185507 0.0136518 0.00952473 0.00624474 0.00381385
 0.00897747 0.0143758 0.021252 0.0294263 0.0385797 0.0481523 0.0572792 0.0649516 0.0703574 0.0731375 0.0733808 0.0714412 0.0677638 0.0627963 0.0569518 0.0505843 0.0439788 0.0373584 0.0309042 0.0247764 0.0191301 0.0141176 0.00987367 0.00648624 0.00396703
 0.00898806 0.0143864 0.0212555 0.0294103 0.0385284 0.0480485 0.0571082 0.0647034 0.0700302 0.0727415 0.0729424 0.071004 0.0673839 0.062531 0.0568441 0.0506517 0.0442085 0.0377127 0.0313313 0.0252225 0.019549 0.0144763 0.010155 0.00668816 0.00409905
 0.0088387 0.0141764 0.0209997 0.029142 0.0382878 0.0478661 0.056991 0.0646343 0.0699775 0.0726736 0.0728393 0.0708634 0.0672219 0.062379 0.0567426 0.050639 0.044309 0.0379278 0.0316384 0.0255816 0.0199143 0.0148077 0.0104261 0.00688891 0.00423359
 0.00865062 0.0138805 0.0205748 0.0285809 0.0376054 0.0471071 0.0562329 0.0639751 0.0695082 0.0724461 0.0728497 0.0710606 0.0675351 0.0627462 0.0571274 0.0510319 0.0447175 0.038362 0.0320982 0.0260513 0.0203655 0.0152091 0.0107536 0.00713241 0.00439793
 0.00924936 0.0147076 0.0215491 0.0295356 0.0383346 0.0474417 0.0561032 0.0634288 0.0686798 0.0715043 0.0719479 0.0703047 0.0669714 0.0623686 0.0568988 0.0509099 0.0446724 0.0383808 0.0321774 0.0261849 0.0205383 0.0153968 0.0109304 0.00727862 0.00450481
 0.00998389 0.0158362 0.0231173 0.0315205 0.0406266 0.0498325 0.0582932 0.0650752 0.069493 0.0713538 0.0709136 0.0686396 0.0649988 0.0603767 0.0550792 0.0493519 0.0433927 0.0373611 0.0313905 0.0256045 0.0201374 0.0151437 0.0107883 0.00721055 0.00447911
 0.00994576 0.0158712 0.0233472 0.032113 0.0417444 0.0515544 0.0605425 0.0676008 0.0719186 0.0732771 0.0720158 0.0687691 0.0642035 0.0588735 0.0531745 0.0473464 0.0415125 0.035735 0.0300658 0.024578 0.0193804 0.0146163 0.0104449 0.00700388 0.00436538
 0.00967931 0.0154971 0.0228997 0.0316768 0.0414524 0.051569 0.0610241 0.0686594 0.0735553 0.0753386 0.0741976 0.0706855 0.0655045 0.0593554 0.0528326 0.0463515 0.0401316 0.0342388 0.0286625 0.0233896 0.0184524 0.0139419 0.00998818 0.00671692 0.00419921
 0.00937827 0.0150098 0.0221747 0.0306805 0.0401917 0.0501216 0.0595601 0.067432 0.0728464 0.075372 0.0750546 0.0722597 0.0675169 0.0614307 0.0546107 0.0475928 0.040769 0.0343612 0.0284469 0.0230219 0.0180733 0.0136292 0.00976643 0.0065781 0.00412182
 0.0092911 0.0148556 0.0219185 0.0302795 0.0396023 0.0493144 0.0585412 0.066263 0.0716561 0.0743488 0.0744128 0.0721797 0.0680764 0.0625585 0.0560931 0.0491381 0.0421049 0.0353184 0.0289914 0.0232296 0.0180701 0.0135337 0.00965833 0.00649446 0.00406991
 0.00929444 0.0148522 0.0218958 0.030217 0.0394718 0.0490832 0.0581774 0.0657446 0.0709834 0.0735603 0.0735969 0.0714723 0.0676345 0.062511 0.0564861 0.0499034 0.0430752 0.0362872 0.0297881 0.0237706 0.0183639 0.0136471 0.00967165 0.00647001 0.00404204
 0.00936694 0.0149589 0.0220352 0.0303782 0.0396356 0.049223 0.0582607 0.0657349 0.0708455 0.0732691 0.0731508 0.0709056 0.0670243 0.061969 0.0561309 0.0498186 0.0432719 0.0366946 0.0302818 0.024225 0.0186984 0.0138428 0.00975633 0.00648864 0.00403316
 0.00935061 0.0149351 0.0220041 0.0303418 0.0395957 0.0491805 0.0582137 0.0656781 0.0707701 0.0731635 0.0730025 0.0707061 0.0667773 0.0616995 0.0558886 0.0496683 0.0432696 0.0368589 0.0305803 0.0245852 0.0190396 0.0141084 0.00992833 0.00658085 0.00407304
 0.00926118 0.0148038 0.021833 0.030142 0.0393855 0.0489794 0.058039 0.0655423 0.0706795 0.0731171 0.0729913 0.0707145 0.0667871 0.0616974 0.0558747 0.0496606 0.0432999 0.036959 0.030763 0.0248332 0.0193111 0.014356 0.0101194 0.00670652 0.00414364
 0.00931791 0.0148761 0.0219053 0.0301891 0.0393808 0.048908 0.0579069 0.0653753 0.0705126 0.0729793 0.0728961 0.0706586 0.0667567 0.0616757 0.0558496 0.0496301 0.0432747 0.0369588 0.0308067 0.0249275 0.0194444 0.0145027 0.0102519 0.00680696 0.00420824
 0.0093672 0.0149564 0.0220252 0.030353 0.0395836 0.0491299 0.0581119 0.0655191 0.0705587 0.0729159 0.0727413 0.0704512 0.0665375 0.0614728 0.0556741 0.0494816 0.0431511 0.0368626 0.0307454 0.024908 0.0194659 0.0145541 0.0103154 0.00686567 0.00425225
 0.00929155 0.014858 0.0219224 0.0302785 0.0395753 0.0492163 0.0582984 0.0657826 0.0708525 0.0731824 0.072929 0.0705294 0.0665044 0.0613522 0.0555031 0.049296 0.0429763 0.0367137 0.0306304 0.0248312 0.0194275 0.0145486 0.0103319 0.0068915 0.00427699
 0.00929632 0.0148535 0.0218947 0.0302109 0.0394583 0.0490593 0.0581361 0.0656678 0.0708343 0.0732824 0.0731282 0.0707754 0.0667336 0.0615146 0.055577 0.0492889 0.0429139 0.0366266 0.0305441 0.0247624 0.0193838 0.0145298 0.0103327 0.00690339 0.00429203
 0.00915007 0.0146421 0.0216247 0.0299033 0.0391405 0.0487536 0.0578542 0.065416 0.0706255 0.0731438 0.0730957 0.0708759 0.0669657 0.061843 0.0559443 0.0496377 0.0432063 0.03685 0.0307062 0.0248798 0.0194726 0.0146009 0.010391 0.0069501 0.00432696
 0.00862175 0.0138707 0.0206272 0.0287546 0.0379555 0.0476558 0.0569476 0.0647712 0.070277 0.0730921 0.0733145 0.0713234 0.0675958 0.0626087 0.056794 0.0505131 0.044047 0.0376054 0.0313454 0.0253938 0.0198692 0.0148963 0.010603 0.00709566 0.00442131
#obs surv len freq
 nan nan nan nan nan nan nan nan nan nan nan nan nan nan nan nan nan nan nan nan nan nan nan nan nan
 0.00448021 0.00733945 0.0111674 0.0159822 0.0216821 0.0279576 0.0342724 0.040005 0.0446862 0.048152 0.0505121 0.0520102 0.0529045 0.0534188 0.0537345 0.0539906 0.0542699 0.0545632 0.0547023 0.0542944 0.0527323 0.049364 0.0438129 0.0362918 0.0276741
 0.00461588 0.00756033 0.0115001 0.0164508 0.0223023 0.028728 0.0351654 0.0409639 0.0456331 0.0490024 0.0511905 0.0524617 0.0531008 0.0533583 0.0534387 0.0534961 0.0536198 0.0537997 0.0538643 0.0534183 0.0518567 0.0485317 0.0430682 0.0356723 0.0272007
 0.00477519 0.00782246 0.0119003 0.0170237 0.0230748 0.0297076 0.0363287 0.042252 0.046958 0.050262 0.0522846 0.0533037 0.0536258 0.0535287 0.0532473 0.0529645 0.0527922 0.0527346 0.0526268 0.0520782 0.0504883 0.0472147 0.0418818 0.0346819 0.0264423
 0.00496811 0.00813792 0.0123787 0.0177039 0.0239876 0.0308639 0.0377069 0.0437926 0.0485699 0.0518369 0.0537123 0.0544825 0.0544689 0.0539703 0.0532476 0.0525136 0.0519117 0.0514751 0.0510642 0.0503095 0.0486288 0.0453916 0.0402211 0.0332865 0.0253699
 0.00517943 0.00848332 0.0129021 0.0184477 0.0249849 0.0321264 0.0392119 0.045478 0.0503419 0.0535868 0.0553312 0.0558699 0.0555353 0.0546388 0.053457 0.052224 0.0511109 0.0501854 0.0493477 0.0482702 0.0464098 0.0431639 0.0381595 0.0315368 0.0240171
 0.00539526 0.00883859 0.013445 0.0192262 0.0260374 0.0334676 0.0408178 0.0472808 0.0522396 0.0554631 0.0570735 0.0573783 0.0567247 0.0554362 0.0537998 0.0520609 0.0504073 0.0489347 0.0475854 0.046087 0.0439569 0.0406407 0.035783 0.0294949 0.0224253
 0.0056294 0.00921968 0.0140196 0.0200389 0.0271229 0.0348391 0.0424531 0.0491164 0.0541781 0.0573897 0.0588733 0.0589481 0.0579766 0.0562983 0.0542125 0.0519737 0.0497796 0.0477439 0.0458445 0.0438662 0.041398 0.0379529 0.0332087 0.0272545 0.0206621
 0.00588564 0.00963981 0.0146583 0.0209485 0.0283427 0.0363783 0.0442748 0.0511331 0.0562668 0.0594171 0.0607189 0.060514 0.0591878 0.0570969 0.0545527 0.0518165 0.0490908 0.0465 0.0440486 0.0415731 0.0387368 0.0351297 0.0304766 0.0248544 0.0187582
 0.00613885 0.0100562 0.0152938 0.0218582 0.0295705 0.0379391 0.0461371 0.053212 0.058435 0.0615297 0.0626376 0.0621241 0.0604048 0.0578649 0.0548376 0.0515956 0.048346 0.0452181 0.0422344 0.0392744 0.0360704 0.0322904 0.027713 0.0224108 0.0168076
 0.00638283 0.0104555 0.0158998 0.0227209 0.0307296 0.0394094 0.0478927 0.0551799 0.0605035 0.0635677 0.0645146 0.0637239 0.061633 0.0586529 0.0551413 0.0513912 0.0476221 0.0439724 0.0404807 0.0370617 0.0335078 0.0295588 0.0250461 0.0200429 0.0149089
 0.00661157 0.0108315 0.0164734 0.0235414 0.0318354 0.0408128 0.0495645 0.0570443 0.0624496 0.0654712 0.0662579 0.065206 0.0627727 0.0593879 0.0554271 0.0511989 0.0469367 0.0427922 0.0388229 0.0349773 0.031101 0.0269973 0.0225452 0.0178193 0.013122
 0.00682929 0.0111896 0.0170201 0.0243241 0.0328912 0.0421534 0.051161 0.0588217 0.0642975 0.0672651 0.0678803 0.0665601 0.0637861 0.0600112 0.0556294 0.0509623 0.0462521 0.0416599 0.0372603 0.0330328 0.0288714 0.0246355 0.020246 0.0157779 0.0114816
 0.00706777 0.0115761 0.0175994 0.0251368 0.0339653 0.0434925 0.0527304 0.0605443 0.0660634 0.0689525 0.0693757 0.0677712 0.0646469 0.0604818 0.0556919 0.0506138 0.0454984 0.0405132 0.0357439 0.0311945 0.0267993 0.0224659 0.0181501 0.0139264 0.00999846
 0.00727473 0.0119206 0.018132 0.025908 0.0350133 0.0448244 0.054305 0.0622691 0.067811 0.0705882 0.0707831 0.0688644 0.0653721 0.0608127 0.055624 0.0501576 0.0446735 0.0393446 0.0342648 0.0294561 0.0248836 0.0204924 0.0162658 0.0122755 0.00868345
 0.00745306 0.0122132 0.0185779 0.0265458 0.0358747 0.0459226 0.0556215 0.0637461 0.0693554 0.0720863 0.0721185 0.0699353 0.0661038 0.0611639 0.0555842 0.0497405 0.043907 0.0382644 0.0329139 0.0278906 0.0231821 0.018761 0.0146291 0.0108525 0.0075566
 0.00755954 0.0123897 0.01885 0.0269405 0.036416 0.0466244 0.0564801 0.0647356 0.0704301 0.0731862 0.0731751 0.0708757 0.0668557 0.0616634 0.0557845 0.0496176 0.0434611 0.0375165 0.0319022 0.0266706 0.0218295 0.0173716 0.0133108 0.00970522 0.00664825
 0.00760471 0.012457 0.018941 0.027055 0.0365565 0.0468001 0.0567094 0.0650431 0.0708386 0.0737064 0.0737974 0.0715667 0.0675606 0.062312 0.0563017 0.0499354 0.0435293 0.0373112 0.0314292 0.0259656 0.0209558 0.0164151 0.0123682 0.0088658 0.00597408
 0.00765189 0.0125284 0.0190382 0.0271754 0.0366935 0.0469448 0.0568529 0.0651812 0.0709761 0.0738604 0.0739935 0.0718288 0.0678971 0.0627059 0.056709 0.0502925 0.0437679 0.0373735 0.0312821 0.0256095 0.0204263 0.0157778 0.0117047 0.00825514 0.00547357
 0.00772144 0.0126329 0.0191794 0.0273488 0.0368888 0.0471478 0.0570472 0.0653499 0.0711057 0.0739456 0.0740418 0.0718609 0.067941 0.0627862 0.0568345 0.0504479 0.0439139 0.0374573 0.031254 0.02544 0.0201179 0.0153659 0.0112481 0.00781762 0.0051055
 0.00778661 0.0127309 0.0193119 0.0275114 0.0370717 0.047337 0.0572263 0.0655019 0.0712162 0.0740065 0.0740541 0.0718353 0.0678962 0.0627446 0.056816 0.0504623 0.0439542 0.0374979 0.0312574 0.0253707 0.019958 0.015124 0.0109574 0.00752323 0.00484818
 0.00780709 0.0127666 0.0193697 0.0275982 0.0371915 0.0474873 0.0573953 0.0656696 0.0713596 0.0741071 0.0741031 0.0718351 0.0678579 0.0626846 0.0567526 0.050411 0.0439227 0.0374817 0.0312393 0.0253267 0.0198678 0.0149822 0.0107773 0.00733185 0.00467421
 0.00784284 0.0128167 0.0194304 0.0276621 0.0372506 0.0475377 0.0574396 0.0657153 0.0714134 0.0741693 0.0741661 0.0718864 0.0678865 0.0626866 0.056732 0.0503777 0.0438875 0.0374509 0.0312108 0.0252903 0.0198108 0.0148971 0.0106676 0.00721121 0.00456071
 0.00785014 0.0128278 0.0194453 0.0276794 0.0372671 0.0475482 0.0574379 0.0656972 0.0713803 0.0741303 0.0741351 0.0718765 0.0679031 0.0627252 0.056782 0.0504282 0.0439317 0.0374862 0.0312358 0.0253018 0.0198037 0.0148675 0.0106168 0.00714732 0.00449543
 0.00786849 0.0128516 0.0194703 0.0276982 0.0372713 0.0475321 0.0574009 0.0656439 0.0713183 0.0740673 0.0740788 0.0718341 0.067882 0.0627304 0.0568138 0.0504809 0.0439955 0.0375506 0.0312921 0.0253436 0.0198269 0.0148701 0.0106006 0.0071177 0.0044605
 0.00789484 0.0128944 0.019534 0.0277853 0.0373806 0.0476554 0.0575228 0.0657435 0.071376 0.0740721 0.0740321 0.0717481 0.0677748 0.0626207 0.0567163 0.050405 0.0439437 0.0375198 0.0312754 0.0253332 0.0198157 0.0148539 0.0105781 0.00709095 0.00443327
 0.00789813 0.0128976 0.0195352 0.0277821 0.0373715 0.0476419 0.0575094 0.0657363 0.071379 0.0740841 0.0740463 0.0717562 0.0677716 0.0626066 0.0566973 0.050389 0.0439372 0.0375252 0.0312907 0.0253531 0.019834 0.0148658 0.0105813 0.00708641 0.00442398
 0.00788543 0.0128748 0.0194968 0.0277222 0.0372852 0.0475284 0.0573748 0.0655945 0.071249 0.0739854 0.0739936 0.0717547 0.0678163 0.0626849 0.0567944 0.0504927 0.04404 0.0376235 0.0313824 0.0254356 0.019904 0.01492 0.0106188 0.00710843 0.00443417
 0.00788446 0.0128694 0.0194817 0.0276898 0.0372275 0.0474398 0.0572549 0.0654498 0.0710926 0.0738352 0.0738689 0.0716732 0.0677889 0.0627139 0.0568723 0.0506051 0.0441704 0.0377574 0.0315093 0.0255488 0.0199992 0.0149951 0.0106733 0.00714421 0.00445493
 0.0078632 0.0128369 0.0194363 0.027631 0.0371551 0.0473534 0.057154 0.0653347 0.0709667 0.0737059 0.0737482 0.0715759 0.0677299 0.062704 0.0569153 0.0506963 0.0442979 0.037905 0.0316606 0.0256901 0.0201213 0.015093 0.010746 0.00719377 0.00448558
 0.00782854 0.0127771 0.0193407 0.0274886 0.0369591 0.0471064 0.0568723 0.0650468 0.0707059 0.0735008 0.0736158 0.0715209 0.0677489 0.0627898 0.057059 0.0508876 0.0445237 0.0381493 0.0319055 0.0259185 0.0203198 0.0152535 0.0108663 0.00727698 0.00453833
 0.00783254 0.0127784 0.0193325 0.0274607 0.0368993 0.0470037 0.0567211 0.0648504 0.0704779 0.0732643 0.0733993 0.0713516 0.0676466 0.0627627 0.0571048 0.0509964 0.0446817 0.0383402 0.0321118 0.0261228 0.0205061 0.0154102 0.0109877 0.00736318 0.00459424
 0.00780315 0.0127348 0.0192745 0.0273899 0.0368179 0.0469122 0.056617 0.0647297 0.0703381 0.073108 0.0732367 0.0712004 0.0675277 0.0626958 0.0571023 0.0510607 0.0448055 0.0385089 0.0323069 0.0263245 0.0206964 0.015575 0.0111185 0.00745823 0.00465711
 0.00774603 0.012642 0.0191354 0.0271966 0.0365684 0.046615 0.0562943 0.0644143 0.0700652 0.0729039 0.0731129 0.0711545 0.0675505 0.062778 0.0572379 0.0512454 0.045033 0.0387687 0.0325833 0.0265988 0.0209497 0.0157922 0.0112905 0.00758336 0.0047403
 0.00773718 0.0126204 0.0190896 0.0271115 0.0364286 0.0464116 0.0560302 0.0641074 0.0697459 0.0726088 0.0728761 0.0710004 0.0674896 0.0628068 0.0573437 0.0514124 0.045246 0.0390137 0.0328458 0.0268625 0.0211976 0.0160087 0.0114652 0.00771264 0.00482757
 0.00932612 0.0148491 0.0217887 0.0299031 0.038835 0.0480289 0.0566668 0.0638131 0.0687366 0.0711553 0.0712212 0.0693247 0.0659122 0.0613976 0.0561357 0.0504126 0.0444449 0.0383931 0.0323839 0.0265356 0.0209806 0.0158756 0.0113912 0.00767619 0.00481226
 0.00928618 0.0150795 0.0226565 0.0318662 0.0422443 0.0528596 0.0623476 0.0693176 0.0729474 0.0733027 0.0711364 0.0673876 0.0627854 0.057743 0.0524489 0.0469909 0.0414315 0.0358367 0.0302834 0.0248652 0.019701 0.0149382 0.0107399 0.00725087 0.00455343
 0.00897368 0.0145837 0.0219548 0.0310027 0.0413847 0.05233 0.0625971 0.0707577 0.0757052 0.0770363 0.0750749 0.070623 0.0646514 0.0580468 0.0514445 0.0451684 0.0392861 0.0337321 0.0284258 0.0233388 0.0185159 0.0140659 0.0101331 0.0068547 0.00431257
 0.00878182 0.0142689 0.0214761 0.0303227 0.040484 0.0512351 0.0614185 0.0697189 0.0751288 0.0772571 0.0762892 0.0727426 0.0672657 0.0605548 0.0532979 0.0460825 0.0392992 0.0331083 0.0274935 0.0223673 0.0176671 0.0134052 0.0096631 0.00654617 0.00412551
 0.00869015 0.0141112 0.0212226 0.0299396 0.0399402 0.0505144 0.0605341 0.0687273 0.0741395 0.0764357 0.0758427 0.0728695 0.0680712 0.0619658 0.0550438 0.0477782 0.0405978 0.0338323 0.0276702 0.0221633 0.0172851 0.0130046 0.00933185 0.00631117 0.00397765
 0.00867792 0.0140853 0.0211714 0.0298462 0.0397833 0.0502711 0.0601851 0.0682629 0.0735685 0.075796 0.0752107 0.0723621 0.0678284 0.0621068 0.0556069 0.0486778 0.0416353 0.03477 0.0283284 0.0224829 0.0173221 0.0128745 0.00914662 0.00614345 0.00385663
 0.00868601 0.0140976 0.021188 0.029865 0.0397986 0.0502719 0.0601538 0.068177 0.0734049 0.0755393 0.0748633 0.0719547 0.0674247 0.0617982 0.0554885 0.0488097 0.042006 0.0352879 0.0288554 0.0228941 0.0175553 0.0129412 0.00910498 0.00605891 0.00377493
 0.00866344 0.0140662 0.0211505 0.0298273 0.0397678 0.0502531 0.0601474 0.0681765 0.0733973 0.0755065 0.0747865 0.071821 0.0672372 0.0615828 0.0552953 0.0487004 0.0420292 0.0354525 0.0291199 0.0231828 0.0177936 0.0130875 0.00916022 0.00605261 0.00374232
 0.00865469 0.0140501 0.0211232 0.0297849 0.0397088 0.0501806 0.0600705 0.0681087 0.0733506 0.0754856 0.0747849 0.0718224 0.0672223 0.0615392 0.0552263 0.0486282 0.0419883 0.0354742 0.0292141 0.0233301 0.0179538 0.0132204 0.00924396 0.00608823 0.00374573
 0.00863531 0.0140199 0.0210801 0.0297277 0.039637 0.0500951 0.0599741 0.0680076 0.0732546 0.075407 0.0747351 0.0718071 0.067238 0.0615743 0.0552662 0.0486637 0.0420218 0.0355178 0.0292813 0.0234247 0.0180649 0.0133274 0.00932791 0.00614088 0.00377056
 0.00863741 0.0140231 0.0210844 0.0297329 0.0396422 0.0500984 0.059973 0.0679985 0.0732345 0.0753744 0.0746918 0.0717584 0.0671916 0.0615365 0.05524 0.0486482 0.0420149 0.0355203 0.0292969 0.0234569 0.0181124 0.0133822 0.00937872 0.00617904 0.00379341
 0.00862428 0.0140044 0.021061 0.0297074 0.039618 0.0500787 0.0599593 0.0679908 0.073231 0.0753723 0.0746881 0.0717512 0.0671803 0.0615231 0.0552278 0.0486406 0.0420142 0.0355275 0.0293128 0.0234819 0.0181456 0.0134201 0.00941568 0.0062095 0.00381444
 0.00863679 0.0140217 0.0210816 0.0297281 0.0396354 0.0500905 0.0599658 0.067994 0.0732333 0.0753746 0.0746888 0.071747 0.0671683 0.0615022 0.0551993 0.0486083 0.0419829 0.0355018 0.0292961 0.0234759 0.0181499 0.0134324 0.00943208 0.00622574 0.00382739
 0.00861756 0.0139938 0.0210456 0.0296865 0.0395917 0.0500476 0.0599254 0.0679574 0.0732021 0.075352 0.0746788 0.0717524 0.0671888 0.061534 0.0552366 0.0486455 0.0420165 0.0355311 0.0293223 0.0235008 0.0181747 0.0134569 0.00945492 0.00624515 0.00384208
 0.00861029 0.0139809 0.0210244 0.0296544 0.0395473 0.0499924 0.0598648 0.0678992 0.0731549 0.0753213 0.0746661 0.0717564 0.0672067 0.061563 0.0552737 0.0486871 0.042059 0.0355713 0.0293583 0.0235324 0.0182024 0.0134812 0.00947579 0.00626211 0.00385475
 0.00861029 0.0139809 0.0210244 0.0296544 0.0395473 0.0499924 0.0598648 0.0678992 0.0731549 0.0753213 0.0746661 0.0717564 0.0672067 0.061563 0.0552737 0.0486871 0.042059 0.0355713 0.0293583 0.0235324 0.0182024 0.0134812 0.00947579 0.00626211 0.00385475
#pred catch len freq
 0.0042398 0.00673398 0.00987227 0.0135973 0.0178736 0.0226621 0.0278513 0.0332285 0.0385221 0.0434671 0.0478472 0.0515145 0.0544005 0.0565145 0.0579222 0.0587186 0.059008 0.0588781 0.0583425 0.0572465 0.0551988 0.0516421 0.0461232 0.038659 0.029936
 0.00448129 0.00704413 0.01019 0.0138238 0.0179102 0.0224644 0.0274649 0.0327765 0.0381453 0.0432547 0.0478004 0.0515634 0.0544579 0.0565314 0.0579152 0.0587579 0.0591736 0.0592058 0.0587867 0.0576837 0.0554766 0.0516506 0.0458492 0.0381881 0.0294043
 0.00475524 0.00747611 0.0108091 0.0146322 0.018865 0.0234626 0.028347 0.0333668 0.0383236 0.0430183 0.0472699 0.0509184 0.0538479 0.0560225 0.057502 0.0584151 0.058897 0.0590125 0.0586803 0.0576214 0.0553722 0.0514168 0.0454507 0.0376655 0.0288516
 0.00505463 0.00794371 0.0114791 0.0155278 0.0199991 0.024832 0.0299149 0.035038 0.0399306 0.0443417 0.0481 0.0511353 0.0534714 0.0551962 0.0564211 0.0572486 0.0577505 0.0579338 0.0576805 0.0566859 0.0544673 0.0505074 0.0445286 0.0367669 0.028045
 0.00536764 0.00843577 0.0121894 0.016485 0.0212206 0.0263219 0.0316572 0.0369853 0.0419942 0.0463833 0.0499318 0.0525394 0.0542484 0.05523 0.0557245 0.0559574 0.0560672 0.0560565 0.0557547 0.054795 0.0526509 0.0487903 0.0429458 0.0353717 0.0268959
 0.00568221 0.00892952 0.0129013 0.0174438 0.0224461 0.0278241 0.0334299 0.0389964 0.0441775 0.0486358 0.0521134 0.0544765 0.0557456 0.0560972 0.0558197 0.0552323 0.0545895 0.0539917 0.0533158 0.0521882 0.0500458 0.0463197 0.0407189 0.0334794 0.0253996
 0.00600611 0.00943319 0.0136181 0.0183938 0.0236384 0.0292601 0.0351005 0.0408759 0.0462177 0.0507635 0.0542302 0.0564587 0.0574454 0.057349 0.0564576 0.05512 0.0536597 0.0522768 0.050952 0.049389 0.0470586 0.0433858 0.0380459 0.0312217 0.0236422
 0.00644927 0.010111 0.0145599 0.0196021 0.0250954 0.0309369 0.0369605 0.0428714 0.0482864 0.0528299 0.0562095 0.0582598 0.0589707 0.0584914 0.0570984 0.0551359 0.0529447 0.0507781 0.0487064 0.0465409 0.0438475 0.0401051 0.0349853 0.0286114 0.0216122
 0.00690477 0.0108172 0.0155591 0.0209121 0.026709 0.0328224 0.0390589 0.0450945 0.0505248 0.0549695 0.0581474 0.0599128 0.0602732 0.0593867 0.0575268 0.0550262 0.0522163 0.0493622 0.0465844 0.0437861 0.0406456 0.036737 0.0317693 0.0258256 0.0194282
 0.00727125 0.0114041 0.0164265 0.0221113 0.0282752 0.0347614 0.04133 0.0476005 0.0531186 0.057476 0.0603934 0.0617538 0.0616099 0.060168 0.0577366 0.05466 0.0512617 0.0477965 0.0443978 0.0410244 0.0374497 0.0333507 0.0284987 0.0229607 0.017163
 0.00760843 0.0119351 0.0171961 0.0231562 0.0296255 0.0364395 0.0433396 0.0499091 0.0556406 0.0600679 0.062866 0.0639016 0.0632507 0.0611755 0.058053 0.0542852 0.050226 0.0461376 0.0421574 0.0382711 0.0343152 0.0300498 0.025308 0.0201535 0.0149314
 0.00788293 0.0123606 0.0177994 0.0239529 0.0306243 0.0376464 0.0447586 0.0515352 0.0574511 0.0620123 0.0648574 0.0658137 0.064927 0.0624519 0.0587889 0.0543879 0.04966 0.0449169 0.0403344 0.0359355 0.0316073 0.0271711 0.022506 0.0176722 0.0129462
 0.00811508 0.0127244 0.018322 0.0246516 0.0315058 0.0387053 0.0459746 0.0528732 0.0588653 0.0634548 0.0662817 0.0671708 0.0661548 0.0634673 0.059489 0.0546648 0.0494232 0.044115 0.0389689 0.034069 0.0293667 0.0247438 0.0201179 0.0155423 0.0112328
 0.00832424 0.0130573 0.0188101 0.0253202 0.0323707 0.0397672 0.0472106 0.0542321 0.0602717 0.0648215 0.067527 0.0682313 0.0669908 0.064056 0.0598101 0.0546859 0.0490965 0.0433895 0.0378151 0.0325055 0.0274783 0.0226818 0.0180763 0.0137135 0.0097569
 0.0085091 0.0133537 0.0192491 0.0259296 0.033172 0.040769 0.0483996 0.0555654 0.061676 0.0662006 0.068776 0.0692549 0.0677196 0.0644566 0.0598818 0.0544456 0.0485594 0.0425585 0.0366868 0.0310921 0.0258338 0.0209145 0.0163368 0.0121579 0.00850141
 0.00871257 0.0136673 0.0196901 0.0265058 0.0338848 0.041617 0.0493772 0.0566558 0.0628429 0.0673836 0.0698931 0.0702132 0.0684326 0.0648612 0.0599491 0.0541803 0.0479886 0.0417164 0.035606 0.0298075 0.024398 0.0194115 0.0148796 0.0108646 0.00746116
 0.0089414 0.0140137 0.0201642 0.0271011 0.0345821 0.0423913 0.0502022 0.0575051 0.0636895 0.0681996 0.0706479 0.0708704 0.0689477 0.0651855 0.0600389 0.0540079 0.0475488 0.0410257 0.034697 0.0287249 0.0232001 0.0181743 0.013694 0.00982087 0.00662573
 0.00910397 0.0142657 0.0205204 0.0275672 0.0351542 0.0430558 0.0509344 0.0582687 0.0644403 0.0688933 0.0712474 0.0713491 0.0692886 0.0653753 0.0600639 0.0538529 0.0472019 0.0404846 0.0339752 0.0278545 0.0222321 0.0171762 0.0127427 0.00898863 0.00596309
 0.00914312 0.0143261 0.0206059 0.0276811 0.0353008 0.0432424 0.0511709 0.0585644 0.0647987 0.0693065 0.0716948 0.0718 0.0697076 0.0657286 0.0603211 0.0539877 0.0471919 0.0403139 0.0336397 0.0273678 0.0216294 0.0165123 0.0120834 0.00839723 0.00548488
 0.00934122 0.0146105 0.0209644 0.0280787 0.0356907 0.0435825 0.0514383 0.0587588 0.0649368 0.0694123 0.0717901 0.0718979 0.069809 0.0658221 0.0603868 0.0540015 0.04713 0.0401566 0.0333753 0.0269981 0.0211735 0.0160074 0.0115789 0.00794242 0.00511609
 0.00958928 0.0149834 0.0214678 0.0286945 0.0363783 0.0442842 0.0520857 0.0592823 0.0652809 0.0695516 0.0717377 0.071699 0.0695226 0.0655011 0.0600651 0.0536908 0.0468239 0.039839 0.0330291 0.0266137 0.0207546 0.0155732 0.0111602 0.00757243 0.00481962
 0.00964112 0.0150817 0.0216412 0.0289767 0.036798 0.0448493 0.0527689 0.0600182 0.065977 0.0701119 0.0720877 0.0718046 0.0693959 0.0651928 0.0596448 0.0532246 0.0463581 0.0393944 0.0326072 0.0262071 0.0203588 0.0151934 0.010811 0.00727246 0.00458326
 0.00961221 0.0150439 0.021603 0.0289562 0.0368234 0.0449569 0.052996 0.06039 0.0664907 0.0707237 0.0727149 0.072345 0.06976 0.0653314 0.0595607 0.0529634 0.0459858 0.0389741 0.0321835 0.0258039 0.019986 0.0148561 0.010516 0.00702793 0.004395
 0.0096359 0.0150716 0.0216251 0.0289587 0.036794 0.0448942 0.0529173 0.0603321 0.0665014 0.0708457 0.0729667 0.0727077 0.070176 0.0657198 0.059844 0.0530935 0.0459563 0.0388144 0.0319407 0.0255243 0.0197044 0.0145946 0.0102878 0.00684107 0.00425283
 0.0096122 0.0150413 0.0215941 0.0289357 0.0367859 0.0449004 0.0529274 0.0603312 0.0664813 0.0708158 0.0729561 0.0727533 0.070303 0.0659245 0.0600901 0.0533245 0.046118 0.0388751 0.0318994 0.0254041 0.0195393 0.0144171 0.010122 0.00670172 0.00414622
 0.00953453 0.014921 0.0214248 0.0287179 0.036529 0.0446241 0.0526615 0.0601099 0.0663334 0.0707559 0.0729825 0.0728562 0.0704736 0.0661576 0.0603767 0.0536431 0.0464325 0.0391441 0.0320907 0.0255061 0.0195617 0.0143836 0.0100598 0.00663337 0.00408635
 0.00945093 0.0147879 0.0212298 0.0284515 0.0361867 0.0442103 0.0521943 0.0596249 0.0658818 0.0703957 0.0727655 0.0728137 0.0706092 0.0664489 0.0607843 0.0541206 0.0469323 0.0396206 0.0325042 0.0258294 0.0197853 0.0145161 0.0101225 0.00665156 0.004082
 0.00933094 0.0146136 0.0210054 0.0281925 0.0359132 0.0439375 0.0519265 0.0593577 0.0656119 0.0701314 0.0725316 0.0726478 0.0705497 0.0665211 0.0609914 0.0544417 0.0473289 0.0400457 0.0329119 0.0261822 0.0200605 0.0147077 0.0102396 0.00671247 0.00410725
 0.00919824 0.0144113 0.0207269 0.027842 0.0355069 0.043502 0.0514966 0.0589714 0.0653015 0.0699151 0.0724112 0.0726154 0.0705988 0.0666525 0.06121 0.054748 0.0477101 0.0404735 0.0333476 0.0265858 0.0204004 0.0149672 0.0104181 0.00682228 0.00416699
 0.0090749 0.0142231 0.0204665 0.0275108 0.035114 0.0430634 0.0510352 0.0585183 0.064895 0.0695949 0.0722096 0.0725489 0.070665 0.0668341 0.0614838 0.0550922 0.0481061 0.040902 0.033784 0.027001 0.0207654 0.0152613 0.0106336 0.006965 0.00425188
 0.00895139 0.0140264 0.0201785 0.0271186 0.0346139 0.042466 0.0503709 0.0578378 0.0642622 0.0690748 0.0718558 0.0723954 0.0707215 0.0670864 0.0618976 0.0556211 0.0487012 0.041519 0.0343853 0.0275547 0.0212456 0.0156501 0.0109247 0.00716461 0.0043763
 0.00884617 0.0138611 0.0199396 0.0267958 0.0341994 0.0419557 0.0497689 0.0571633 0.0635557 0.0683982 0.0712848 0.0720036 0.0705628 0.0671815 0.0622309 0.0561472 0.0493573 0.0422375 0.0351043 0.0282238 0.021828 0.0161236 0.0112824 0.00741367 0.0045349
 0.00884461 0.013854 0.0199202 0.0267534 0.0341202 0.0418244 0.0495708 0.0568875 0.0631982 0.0679679 0.070808 0.0715266 0.070147 0.0668908 0.0621147 0.0562263 0.0496187 0.0426396 0.0355892 0.0287306 0.0223041 0.0165316 0.0116026 0.00764356 0.00468525
