SBPRF35
7.75877
Curr Bio
554592
B35
526711
F35
0.214399
FOFL
0.197744
OFL
75466.9
Bzero
2.21679e+006
#pred survey bio
 4.33314e+006 4.05744e+006 3.7483e+006 3.07722e+006 2.62735e+006 2.38935e+006 2.24453e+006 2.03882e+006 1.71868e+006 1.48838e+006 1.31814e+006 1.22733e+006 1.15908e+006 1.09149e+006 1.01408e+006 923190 822083 704362 654929 608876 542419 504547 489442 485556 483885 494215 514820 522877 536479 543184 550418 554799 545828 529682 543908 571858 590515 553839 523092 551188 580405 592265 579178 584637 599121 625547 581559 583500 603723 604549 562100 1.73285e+007 1.04823e+007 1.09364e+007 1.18186e+007 1.28816e+007 1.3924e+007 1.48357e+007 1.55776e+007 1.61529e+007 1.6585e+007 1.69027e+007 1.71333e+007 1.72994e+007 1.74187e+007 1.75045e+007 1.75663e+007 1.76112e+007 1.76438e+007 1.76678e+007 1.76855e+007 1.76986e+007 1.77084e+007 1.77158e+007 1.77213e+007 1.77256e+007 1.77288e+007 1.77312e+007 1.77331e+007 1.77345e+007 1.77356e+007 1.77364e+007 1.77371e+007 1.77376e+007 1.77379e+007 1.77382e+007 1.77385e+007 1.77386e+007 1.77388e+007 1.77389e+007 1.7739e+007 1.7739e+007 1.77391e+007 1.77391e+007 1.77391e+007 1.77392e+007 1.77392e+007 1.77392e+007 1.77392e+007 1.77392e+007 1.77392e+007 1.77392e+007 1.77392e+007 1.77392e+007 1.77392e+007 1.77392e+007 1.77392e+007 1.77392e+007 1.77392e+007 1.77392e+007 1.77392e+007 1.77392e+007 1.77392e+007 1.77392e+007 1.77392e+007 1.77392e+007 1.77392e+007 1.77392e+007 1.77392e+007 1.77392e+007 1.77392e+007 1.77392e+007 1.77392e+007 1.77392e+007 1.77392e+007 1.77392e+007 1.77392e+007 1.77392e+007 1.77392e+007 1.77392e+007 1.77392e+007 1.77392e+007 1.77392e+007 1.77392e+007 1.77392e+007 1.77392e+007 1.77392e+007 1.77392e+007 1.77392e+007 1.77392e+007 1.77392e+007 1.77392e+007 1.77392e+007 1.77392e+007 1.77392e+007 1.77392e+007 1.77392e+007 1.77392e+007 1.77392e+007 1.77392e+007 1.77392e+007 0 0 0 0 0 0 0 0 0 0 0 0 0 0 0 0 0 0 0 0 0 0 0 0 0
#obs survey bio
 4.19834e+006 3.44868e+006 3.02505e+006 2.70188e+006 1.89573e+006 2.95277e+006 1.78471e+006 1.99102e+006 1.39957e+006 1.50274e+006 1.06613e+006 1.82732e+006 1.44523e+006 992560 1.12918e+006 1.10082e+006 964446 624971 655711 711527 540096 527542 505095 486770 345052 531711 491338 509478 574236 683491 739617 515327 428333 560312 609215 575280 712939 486268 470507 631573 544591 705136 550911 672137 434719 740964 576011 584856 620086 644648 567286
#pred catch bio
 100830 94004.3 145444 199678 269654 250779 299673 282790 287336 328546 284550 256592 254126 253353 243724 212902 196152 155552 148166 141127 129270 127132 121629 119341 113811 100173 106186 102592 105689 98894.2 87427.5 97414.3 94938.1 89620.2 96082.4 92607.7 85624.3 96391.8 81813.8 85995.8 87363.7 89984.8 83686.2 83222.4 88369.5 89652.1 91480 93345.9 88249.5 84949.2 111459 75466.9 81206.6 83325.4 89148.1 96901.3 104570 111175 116413 120341 123169 125144 126493 127397 127995 128386 128640 128803 128908 128975 129017 129044 129061 129071 129078 129082 129085 129087 129088 129088 129089 129089 129089 129089 129089 129089 129089 129089 129089 129090 129090 129090 129090 129090 129090 129090 129090 129090 129090 129090 129090 129090 129090 129090 129090 129090 129090 129090 129090 129090 129090 129090 129090 129090 129090 129090 129090 129090 129090 129090 129090 129090 129090 129090 129090 129090 129090 129090 129090 129090 129090 129090 129090 129090 129090 129090 129090 129090 129090 129090 129090 129090 129090 129090 129090 129090 129090 129090 129090 129090 129090 0 0 0 0 0 0 0 0 0 0 0 0 0 0 0 0 0 0 0 0 0 0 0 0 0
#obs catch bio
 0 93621.2 145442 199688 270870 250590 300743 281753 286664 330642 286114 256278 254307 253664 244196 212578 195774 155665 148403 140722 129110 127623 121864 119287 114322 99991.6 106133 102588 105786 98979.2 87175 97534.8 94779.7 89582.8 96556.2 92792.2 85247.6 96523 81878.7 86084 87315.6 89943.8 83659.8 83159.9 88619.7 89365.6 91595 93596.1 88222 84598.5 111809
#pred cpue bio
 4.28198e+006 4.00975e+006 3.70292e+006 3.03833e+006 2.5921e+006 2.35459e+006 2.20962e+006 2.00457e+006 1.68742e+006 1.45857e+006 1.28867e+006 1.19733e+006 1.12846e+006 1.06026e+006 982657 892392 793100 678268 630022 585447 521332 484602 469852 466145 464510 474349 494334 502083 515206 521683 528807 533442 524937 509426 523246 550185 567133 530301 499439 526214 554655 566368 553923 559145 573115 598484 556608 558200 577509 578603 538213 1.65529e+007 9.98652e+006 1.03095e+007 1.10982e+007 1.2139e+007 1.31778e+007 1.4089e+007 1.48307e+007 1.5406e+007 1.58381e+007 1.61559e+007 1.63864e+007 1.65525e+007 1.66719e+007 1.67577e+007 1.68195e+007 1.68643e+007 1.6897e+007 1.69209e+007 1.69386e+007 1.69518e+007 1.69616e+007 1.69689e+007 1.69745e+007 1.69787e+007 1.69819e+007 1.69844e+007 1.69862e+007 1.69876e+007 1.69887e+007 1.69896e+007 1.69902e+007 1.69907e+007 1.69911e+007 1.69914e+007 1.69916e+007 1.69918e+007 1.69919e+007 1.6992e+007 1.69921e+007 1.69922e+007 1.69922e+007 1.69923e+007 1.69923e+007 1.69923e+007 1.69923e+007 1.69924e+007 1.69924e+007 1.69924e+007 1.69924e+007 1.69924e+007 1.69924e+007 1.69924e+007 1.69924e+007 1.69924e+007 1.69924e+007 1.69924e+007 1.69924e+007 1.69924e+007 1.69924e+007 1.69924e+007 1.69924e+007 1.69924e+007 1.69924e+007 1.69924e+007 1.69924e+007 1.69924e+007 1.69924e+007 1.69924e+007 1.69924e+007 1.69924e+007 1.69924e+007 1.69924e+007 1.69924e+007 1.69924e+007 1.69924e+007 1.69924e+007 1.69924e+007 1.69924e+007 1.69924e+007 1.69924e+007 1.69924e+007 1.69924e+007 1.69924e+007 1.69924e+007 1.69924e+007 1.69924e+007 1.69924e+007 1.69924e+007 1.69924e+007 1.69924e+007 1.69924e+007 1.69924e+007 1.69924e+007 1.69924e+007 1.69924e+007 1.69924e+007 1.69924e+007 1.69924e+007 1.69924e+007 0 0 0 0 0 0 0 0 0 0 0 0 0 0 0 0 0 0 0 0 0 0 0 0 0
#obs cpue bio
 3.37297e+006 4.47074e+006 6.48726e+006 3.14118e+006 2.64987e+006 1.90731e+006 2.5204e+006 3.37824e+006 1.88227e+006 974332 1.30397e+006 1.13041e+006 829907 1.13408e+006 853207 846715 781161 588675 623542 663615 480968 362198 466559 529226 487726 544471 549348 466477 485009 402342 450167 519932 801624 411211 336453 596608 718097 536049 423402 495677 641640 521755 529093 508506 582864 848308 410558 489192 643306 645203 467557
#pred surv len freq
 0.00427127 0.00704837 0.0108186 0.0156272 0.0213833 0.0277634 0.0341994 0.0400397 0.0448032 0.0483354 0.0507648 0.052344 0.053315 0.0538566 0.0540885 0.0540963 0.053958 0.0537441 0.0534609 0.0529359 0.0517202 0.049142 0.0445914 0.0379329 0.0297595
 0.00454143 0.00740357 0.0112008 0.0159379 0.0215199 0.0276714 0.0339072 0.0396476 0.0444311 0.048062 0.0505998 0.0522477 0.0532463 0.0538137 0.0541179 0.0542667 0.0543133 0.0542609 0.0540329 0.0533996 0.0519172 0.0489892 0.0441205 0.0372739 0.0290778
 0.00457169 0.00751466 0.0114754 0.0164725 0.0223786 0.0288254 0.0352026 0.0408389 0.0452785 0.0484353 0.0505214 0.0518501 0.0526872 0.0532129 0.0535463 0.0537698 0.0539276 0.0540021 0.0538691 0.0532414 0.0516466 0.0485185 0.0434443 0.0364769 0.0282924
 0.00474537 0.00776547 0.0117998 0.0168615 0.0228368 0.0293912 0.0359433 0.0418101 0.0464615 0.0496987 0.0516461 0.0526169 0.0529718 0.0530267 0.0530064 0.0530315 0.0531277 0.05323 0.0531572 0.0525668 0.05095 0.0477432 0.0425799 0.0355777 0.0274543
 0.00489144 0.0080306 0.0122468 0.017558 0.023831 0.0306807 0.0374579 0.0434273 0.0480517 0.0511649 0.0529254 0.0536464 0.0536607 0.0532723 0.0527459 0.0522863 0.0520018 0.0518671 0.0516863 0.0510693 0.0494593 0.0462732 0.0411599 0.0342693 0.0263366
 0.00505231 0.00830641 0.0126902 0.0182317 0.0247996 0.0319928 0.0391219 0.0453905 0.0501934 0.0533128 0.0548902 0.0552617 0.0548071 0.0538762 0.0527665 0.0517124 0.0508654 0.0502541 0.0497268 0.0489084 0.0472309 0.0440923 0.0391315 0.0324926 0.0248924
 0.00520146 0.00854538 0.0130449 0.0187278 0.025464 0.0328527 0.0402008 0.0467004 0.0517248 0.055022 0.0566895 0.0570184 0.0563589 0.0550596 0.0534456 0.0517979 0.0503232 0.0491095 0.0480646 0.046865 0.0449758 0.0418054 0.0369828 0.0306233 0.0233963
 0.00541582 0.00890078 0.0135916 0.0195147 0.0265259 0.0341928 0.0417767 0.0484269 0.0534969 0.0567459 0.0582995 0.0584703 0.0576057 0.0560305 0.0540417 0.0519087 0.0498554 0.0480162 0.0463679 0.0446651 0.0424447 0.0391642 0.034464 0.0284271 0.0216512
 0.0056814 0.00932247 0.0142082 0.0203576 0.0276157 0.0355333 0.0433446 0.0501641 0.0553126 0.0585297 0.0599428 0.059885 0.0587337 0.0568359 0.0544914 0.0519526 0.0494237 0.0470396 0.044814 0.0425753 0.0399531 0.0364867 0.0318568 0.0261258 0.0198142
 0.00581574 0.00958647 0.0146884 0.0211588 0.0288318 0.0372033 0.0454168 0.0524939 0.0576997 0.0607745 0.0618883 0.0614312 0.05983 0.0574661 0.0546581 0.0516606 0.0486646 0.0457899 0.0430539 0.0403264 0.0373166 0.0336551 0.0290844 0.0236641 0.0178414
 0.00611588 0.0100698 0.0154099 0.0221733 0.0301915 0.0389486 0.0475558 0.0549775 0.0604038 0.0635021 0.0643987 0.0634906 0.061264 0.0581903 0.0546736 0.0510223 0.0474419 0.0440397 0.0408201 0.0376649 0.034334 0.0305336 0.0260674 0.0209999 0.0157109
 0.00641512 0.0105397 0.0160863 0.0230792 0.0313357 0.0403233 0.049135 0.0567187 0.0622544 0.0654029 0.0662768 0.0652449 0.0627594 0.0592757 0.0552175 0.0509455 0.0467278 0.0427214 0.0389613 0.0353549 0.0317003 0.0277562 0.0233701 0.0186079 0.01379
 0.0066696 0.0109486 0.0166917 0.0239145 0.0324162 0.0416345 0.0506233 0.0582951 0.0638173 0.0668683 0.0675969 0.0664024 0.0637418 0.0600464 0.0557033 0.0510488 0.0463569 0.0418213 0.0375321 0.0334582 0.0294587 0.025348 0.0210093 0.0165032 0.0120938
 0.00690438 0.0113347 0.0172804 0.0247543 0.0335404 0.0430431 0.0522652 0.060065 0.0655732 0.0684655 0.0689217 0.0673917 0.0643844 0.0603648 0.0557254 0.0507805 0.0457718 0.0408744 0.0361907 0.0317352 0.0274344 0.0231711 0.0188723 0.0145973 0.0105581
 0.00711496 0.0116846 0.0178207 0.0255367 0.0346062 0.0444048 0.0538882 0.0618601 0.0674074 0.0701865 0.0703857 0.0684872 0.0650471 0.0605833 0.055532 0.050229 0.0449105 0.0397295 0.0347705 0.0300552 0.0255487 0.0211888 0.0169472 0.0128893 0.00918587
 0.00731208 0.0120069 0.0183096 0.0262322 0.03554 0.0455881 0.0552984 0.0634341 0.0690467 0.0717719 0.0717944 0.0696075 0.0657921 0.0609017 0.0554138 0.0497027 0.0440293 0.0385527 0.0333516 0.0284442 0.0238081 0.0194107 0.0152519 0.0114014 0.00799777
 0.00741299 0.0121753 0.0185715 0.0266156 0.0360708 0.0462825 0.0561552 0.0644302 0.070139 0.0729026 0.0728956 0.0706045 0.0666067 0.0614598 0.0556569 0.0495981 0.0435763 0.0377796 0.0323075 0.0271922 0.0224246 0.0179879 0.0138949 0.0102116 0.00704818
 0.00760268 0.0124711 0.018993 0.0271728 0.0367626 0.0470954 0.0570607 0.0653846 0.0710881 0.0737914 0.0736767 0.0712411 0.0670705 0.0617264 0.0557024 0.0494011 0.0431236 0.0370744 0.0313746 0.0260797 0.0212025 0.0167432 0.0127217 0.00919496 0.00624491
 0.0075127 0.0123527 0.0188666 0.0270749 0.0367363 0.047176 0.057264 0.0657054 0.0715086 0.0742909 0.0742357 0.0718382 0.0676757 0.0622977 0.0561879 0.0497456 0.0432779 0.0370046 0.0310708 0.0255618 0.0205205 0.0159716 0.0119468 0.00849689 0.00567994
 0.00748364 0.0122979 0.018772 0.026928 0.036536 0.0469434 0.0570481 0.0655732 0.0715223 0.0744821 0.0745944 0.0723211 0.0682257 0.0628599 0.0567146 0.0501932 0.0436039 0.0371704 0.0310506 0.025352 0.0201467 0.0154872 0.0114222 0.00800256 0.00526868
 0.00758984 0.0124548 0.018978 0.027169 0.0367865 0.0471713 0.0572212 0.065669 0.071538 0.0744403 0.0745377 0.0722951 0.0682604 0.0629588 0.0568572 0.050345 0.0437252 0.0372229 0.0310028 0.0251868 0.0198687 0.0151254 0.0110247 0.00762266 0.0049491
 0.00753477 0.0124003 0.0189592 0.0272367 0.0369887 0.0475271 0.0577005 0.0661946 0.0720108 0.0747764 0.0746969 0.0722888 0.0681383 0.062785 0.0566855 0.0502033 0.0436133 0.0371195 0.030878 0.0250149 0.0196385 0.0148461 0.0107232 0.00733441 0.00470521
 0.00750324 0.0123488 0.0188838 0.0271399 0.0368869 0.0474561 0.0577134 0.0663443 0.072322 0.0752217 0.0751958 0.0727366 0.0684493 0.0629237 0.0566704 0.0500859 0.0434479 0.036942 0.0306994 0.024829 0.0194358 0.0146252 0.0104954 0.00711978 0.00452373
 0.0075591 0.0124168 0.0189442 0.027161 0.0368345 0.0473099 0.0574818 0.0660701 0.0720741 0.0750748 0.0752038 0.0729098 0.0687472 0.0632704 0.0569859 0.0503164 0.043578 0.0369859 0.0306817 0.0247695 0.0193455 0.014511 0.0103671 0.00699142 0.00441009
 0.00768583 0.0126057 0.0191951 0.0274585 0.0371474 0.0475933 0.0576832 0.0661411 0.0719885 0.0748451 0.0748854 0.0725852 0.0684947 0.063134 0.056962 0.0503638 0.0436429 0.0370263 0.0306787 0.0247238 0.0192677 0.0144139 0.0102628 0.00689133 0.00432391
 0.00780623 0.0127856 0.0194357 0.0277491 0.037466 0.0479094 0.0579603 0.0663397 0.0720721 0.0747903 0.0746929 0.0722851 0.068143 0.0627976 0.056697 0.0501972 0.0435674 0.0370094 0.0306818 0.0247177 0.0192394 0.0143642 0.0102002 0.00682651 0.00426608
 0.00782426 0.0127999 0.0194297 0.0276986 0.0373465 0.0477069 0.0576809 0.0660111 0.0717367 0.0744923 0.0744665 0.0721486 0.0680999 0.0628425 0.0568225 0.0503946 0.0438232 0.037301 0.0309774 0.0249846 0.0194531 0.0145146 0.0102914 0.0068718 0.0042817
 0.00787078 0.0128766 0.0195459 0.0278598 0.0375484 0.0479294 0.0578851 0.0661472 0.0717606 0.0743846 0.0742421 0.0718511 0.0677843 0.0625579 0.0566021 0.0502546 0.0437654 0.0373157 0.0310458 0.0250814 0.0195525 0.0145969 0.0103473 0.00690179 0.00429266
 0.00785689 0.0128533 0.01951 0.0278094 0.0374851 0.04786 0.0578214 0.0661012 0.071737 0.0743757 0.07423 0.0718176 0.0677229 0.0624789 0.0565282 0.0502104 0.0437679 0.0373695 0.0311428 0.0252047 0.019681 0.0147117 0.0104361 0.00696136 0.00432691
 0.00789328 0.0129043 0.0195715 0.0278721 0.0375369 0.0478899 0.0578234 0.0660762 0.0716921 0.0743214 0.0741747 0.0717641 0.0676673 0.0624153 0.0564553 0.0501357 0.0437061 0.0373356 0.0311451 0.025241 0.0197402 0.0147783 0.0104964 0.00700724 0.00435659
 0.00789577 0.0129005 0.0195511 0.027821 0.0374404 0.0477388 0.0576201 0.0658366 0.0714438 0.0740971 0.0740059 0.0716729 0.0676613 0.0624859 0.0565813 0.0502919 0.0438721 0.0375 0.0313043 0.0253939 0.0198835 0.0149058 0.0106013 0.00708554 0.00440899
 0.00781024 0.0127602 0.0193382 0.0275189 0.0370386 0.0472398 0.0570461 0.0652319 0.0708688 0.073617 0.0736774 0.0715337 0.0677238 0.0627357 0.0569808 0.0507891 0.0444116 0.0380339 0.0317982 0.0258274 0.0202471 0.0151969 0.0108219 0.00724176 0.00451105
 0.00783764 0.0128036 0.0194003 0.0275991 0.03713 0.0473263 0.0571016 0.0652245 0.070771 0.0734181 0.0733915 0.0711997 0.0673962 0.0624691 0.056816 0.0507428 0.0444753 0.0381804 0.0319922 0.0260356 0.0204443 0.0153673 0.0109576 0.00734158 0.00457841
 0.00783714 0.0128066 0.0194119 0.0276261 0.037179 0.0474003 0.0571958 0.0653247 0.070854 0.0734562 0.0733603 0.0710872 0.0672099 0.0622382 0.0565835 0.0505533 0.0443609 0.0381523 0.0320404 0.0261362 0.020569 0.0154915 0.0110651 0.00742453 0.0046361
 0.00780224 0.0127477 0.0193201 0.0274935 0.0370031 0.0471888 0.0569701 0.0651171 0.0706982 0.0733748 0.0733556 0.0711414 0.0672935 0.0623228 0.0566537 0.0506113 0.0444223 0.0382355 0.0321559 0.026281 0.0207285 0.0156466 0.0111992 0.00752845 0.00470849
 0.00848775 0.0137105 0.0204885 0.0287063 0.0380548 0.0479037 0.0572621 0.0650038 0.0702717 0.0727553 0.0726542 0.0704406 0.0666421 0.0617403 0.0561404 0.0501605 0.0440307 0.0379069 0.0318981 0.0260984 0.0206166 0.0155918 0.0111828 0.00753246 0.00471968
 0.00911791 0.0147128 0.0219454 0.0306527 0.0404398 0.0505506 0.0598542 0.067136 0.0715721 0.0730229 0.0719289 0.0689634 0.0647412 0.0597143 0.0541951 0.0484038 0.0425019 0.0366105 0.0308267 0.0252419 0.0199614 0.0151173 0.0108605 0.00732858 0.00460032
 0.00915612 0.0148484 0.022285 0.0313391 0.0416134 0.0522853 0.0620959 0.0696754 0.0740732 0.0750988 0.0732429 0.0693218 0.0641445 0.0583439 0.0523394 0.0463621 0.0405106 0.0348163 0.0292986 0.0239981 0.0189927 0.0143992 0.0103582 0.00700004 0.00440109
 0.00898506 0.0146308 0.0220734 0.0312302 0.0417365 0.0527741 0.0630528 0.0711362 0.0759751 0.0772627 0.0753842 0.0711044 0.0652687 0.0586353 0.0517987 0.0451523 0.0388902 0.0330556 0.0276147 0.0225283 0.0178001 0.0134924 0.00971186 0.00657019 0.00413613
 0.00872987 0.0142133 0.0214455 0.030361 0.0406369 0.0515287 0.061839 0.0702057 0.0755899 0.0776048 0.0764823 0.072809 0.0672862 0.0606073 0.0534005 0.0461784 0.0392955 0.0329384 0.0271561 0.0219205 0.017194 0.0129779 0.00932351 0.00630474 0.00397076
 0.00871666 0.0141596 0.0213049 0.0300692 0.0401279 0.0507619 0.0608288 0.0690412 0.0744338 0.0766691 0.0759811 0.0728965 0.0679981 0.0618328 0.0549041 0.0476697 0.0405202 0.0337497 0.0275387 0.0219627 0.0170309 0.0127367 0.00909162 0.00612428 0.00384981
 0.00872146 0.0141672 0.0213136 0.0300714 0.0401035 0.0506735 0.0606235 0.0686652 0.0738602 0.0759283 0.0751761 0.0721901 0.0675679 0.0618094 0.0553175 0.0484298 0.0414454 0.034633 0.0282201 0.0223738 0.0171942 0.0127298 0.0090023 0.00601907 0.00376384
 0.00883014 0.0143245 0.0215142 0.0302977 0.0403299 0.0508725 0.0607688 0.0687293 0.0738111 0.0757332 0.0748159 0.0716823 0.0669825 0.0612627 0.0549375 0.048306 0.0415878 0.034967 0.0286208 0.022721 0.0174173 0.0128206 0.00899671 0.00596668 0.00370392
 0.00878996 0.0142774 0.021476 0.030292 0.0403786 0.0509827 0.0609239 0.0688918 0.0739355 0.0757816 0.0747667 0.0715306 0.0667399 0.0609607 0.0546313 0.0480662 0.0414767 0.0350094 0.0287895 0.0229492 0.0176312 0.012971 0.00907229 0.00598459 0.00369142
 0.00876087 0.0142243 0.021387 0.0301562 0.0401938 0.0507636 0.0607054 0.068721 0.0738524 0.0757994 0.0748643 0.0716627 0.0668571 0.0610296 0.0546447 0.0480445 0.0414588 0.035035 0.0288796 0.0230949 0.0177992 0.0131224 0.00918107 0.00604591 0.00371623
 0.00862774 0.0140384 0.0211628 0.0299246 0.0399907 0.0506144 0.060615 0.0686768 0.0738388 0.0758104 0.0749062 0.0717435 0.0669738 0.0611637 0.0547706 0.0481431 0.0415283 0.0350906 0.0289426 0.0231789 0.0179017 0.0132275 0.00927033 0.00610825 0.00375149
 0.00878056 0.0142316 0.0213536 0.0300444 0.0399707 0.0504215 0.0602765 0.0682739 0.0734697 0.0755479 0.0747746 0.0717257 0.0670346 0.061269 0.0548944 0.0482667 0.0416392 0.0351843 0.029023 0.0232543 0.0179777 0.0133026 0.0093375 0.00616039 0.00378582
 0.00866998 0.0141175 0.0212987 0.0301357 0.0402818 0.0509618 0.0609605 0.0689403 0.0739492 0.075739 0.07468 0.0714298 0.0666478 0.0608791 0.054548 0.0479767 0.0414014 0.0349907 0.028868 0.0231357 0.0178942 0.0132509 0.00931079 0.00614965 0.00378288
 0.00865057 0.0140624 0.0211772 0.0299175 0.0399602 0.0505794 0.0606164 0.0687594 0.0740208 0.0760607 0.0751513 0.0719035 0.0670038 0.0610705 0.0545979 0.0479413 0.0413335 0.0349227 0.0288132 0.0230968 0.0178703 0.0132397 0.00930908 0.00615347 0.00378847
 0.00859887 0.0139805 0.0210567 0.0297486 0.0397303 0.0502754 0.0602332 0.0683162 0.0735739 0.0757006 0.0749727 0.0719608 0.0672804 0.0614853 0.0550465 0.0483421 0.0416505 0.0351582 0.0289869 0.0232282 0.0179721 0.0133188 0.00936891 0.00619665 0.00381761
 0.00877095 0.0142131 0.0213198 0.0299856 0.039874 0.0502731 0.0600663 0.0680028 0.0731577 0.0752371 0.0745225 0.0715871 0.0670403 0.0614122 0.0551334 0.0485429 0.0419001 0.0353998 0.0291884 0.0233819 0.0180844 0.0133995 0.00942639 0.00623649 0.00384389
#obs surv len freq
 nan nan nan nan nan nan nan nan nan nan nan nan nan nan nan nan nan nan nan nan nan nan nan nan nan
 0.00448021 0.00733945 0.0111674 0.0159822 0.0216821 0.0279576 0.0342724 0.040005 0.0446862 0.048152 0.0505121 0.0520102 0.0529045 0.0534188 0.0537345 0.0539906 0.0542699 0.0545632 0.0547023 0.0542944 0.0527323 0.049364 0.0438129 0.0362918 0.0276741
 0.00461588 0.00756033 0.0115001 0.0164508 0.0223023 0.028728 0.0351654 0.0409639 0.0456331 0.0490024 0.0511905 0.0524617 0.0531008 0.0533583 0.0534387 0.0534961 0.0536198 0.0537997 0.0538643 0.0534183 0.0518567 0.0485317 0.0430682 0.0356723 0.0272007
 0.00477519 0.00782246 0.0119003 0.0170237 0.0230748 0.0297076 0.0363287 0.042252 0.046958 0.050262 0.0522846 0.0533037 0.0536258 0.0535287 0.0532473 0.0529645 0.0527922 0.0527346 0.0526268 0.0520782 0.0504883 0.0472147 0.0418818 0.0346819 0.0264423
 0.00496811 0.00813792 0.0123787 0.0177039 0.0239876 0.0308639 0.0377069 0.0437926 0.0485699 0.0518369 0.0537123 0.0544825 0.0544689 0.0539703 0.0532476 0.0525136 0.0519117 0.0514751 0.0510642 0.0503095 0.0486288 0.0453916 0.0402211 0.0332865 0.0253699
 0.00517943 0.00848332 0.0129021 0.0184477 0.0249849 0.0321264 0.0392119 0.045478 0.0503419 0.0535868 0.0553312 0.0558699 0.0555353 0.0546388 0.053457 0.052224 0.0511109 0.0501854 0.0493477 0.0482702 0.0464098 0.0431639 0.0381595 0.0315368 0.0240171
 0.00539526 0.00883859 0.013445 0.0192262 0.0260374 0.0334676 0.0408178 0.0472808 0.0522396 0.0554631 0.0570735 0.0573783 0.0567247 0.0554362 0.0537998 0.0520609 0.0504073 0.0489347 0.0475854 0.046087 0.0439569 0.0406407 0.035783 0.0294949 0.0224253
 0.0056294 0.00921968 0.0140196 0.0200389 0.0271229 0.0348391 0.0424531 0.0491164 0.0541781 0.0573897 0.0588733 0.0589481 0.0579766 0.0562983 0.0542125 0.0519737 0.0497796 0.0477439 0.0458445 0.0438662 0.041398 0.0379529 0.0332087 0.0272545 0.0206621
 0.00588564 0.00963981 0.0146583 0.0209485 0.0283427 0.0363783 0.0442748 0.0511331 0.0562668 0.0594171 0.0607189 0.060514 0.0591878 0.0570969 0.0545527 0.0518165 0.0490908 0.0465 0.0440486 0.0415731 0.0387368 0.0351297 0.0304766 0.0248544 0.0187582
 0.00613885 0.0100562 0.0152938 0.0218582 0.0295705 0.0379391 0.0461371 0.053212 0.058435 0.0615297 0.0626376 0.0621241 0.0604048 0.0578649 0.0548376 0.0515956 0.048346 0.0452181 0.0422344 0.0392744 0.0360704 0.0322904 0.027713 0.0224108 0.0168076
 0.00638283 0.0104555 0.0158998 0.0227209 0.0307296 0.0394094 0.0478927 0.0551799 0.0605035 0.0635677 0.0645146 0.0637239 0.061633 0.0586529 0.0551413 0.0513912 0.0476221 0.0439724 0.0404807 0.0370617 0.0335078 0.0295588 0.0250461 0.0200429 0.0149089
 0.00661157 0.0108315 0.0164734 0.0235414 0.0318354 0.0408128 0.0495645 0.0570443 0.0624496 0.0654712 0.0662579 0.065206 0.0627727 0.0593879 0.0554271 0.0511989 0.0469367 0.0427922 0.0388229 0.0349773 0.031101 0.0269973 0.0225452 0.0178193 0.013122
 0.00682929 0.0111896 0.0170201 0.0243241 0.0328912 0.0421534 0.051161 0.0588217 0.0642975 0.0672651 0.0678803 0.0665601 0.0637861 0.0600112 0.0556294 0.0509623 0.0462521 0.0416599 0.0372603 0.0330328 0.0288714 0.0246355 0.020246 0.0157779 0.0114816
 0.00706777 0.0115761 0.0175994 0.0251368 0.0339653 0.0434925 0.0527304 0.0605443 0.0660634 0.0689525 0.0693757 0.0677712 0.0646469 0.0604818 0.0556919 0.0506138 0.0454984 0.0405132 0.0357439 0.0311945 0.0267993 0.0224659 0.0181501 0.0139264 0.00999846
 0.00727473 0.0119206 0.018132 0.025908 0.0350133 0.0448244 0.054305 0.0622691 0.067811 0.0705882 0.0707831 0.0688644 0.0653721 0.0608127 0.055624 0.0501576 0.0446735 0.0393446 0.0342648 0.0294561 0.0248836 0.0204924 0.0162658 0.0122755 0.00868345
 0.00745306 0.0122132 0.0185779 0.0265458 0.0358747 0.0459226 0.0556215 0.0637461 0.0693554 0.0720863 0.0721185 0.0699353 0.0661038 0.0611639 0.0555842 0.0497405 0.043907 0.0382644 0.0329139 0.0278906 0.0231821 0.018761 0.0146291 0.0108525 0.0075566
 0.00755954 0.0123897 0.01885 0.0269405 0.036416 0.0466244 0.0564801 0.0647356 0.0704301 0.0731862 0.0731751 0.0708757 0.0668557 0.0616634 0.0557845 0.0496176 0.0434611 0.0375165 0.0319022 0.0266706 0.0218295 0.0173716 0.0133108 0.00970522 0.00664825
 0.00760471 0.012457 0.018941 0.027055 0.0365565 0.0468001 0.0567094 0.0650431 0.0708386 0.0737064 0.0737974 0.0715667 0.0675606 0.062312 0.0563017 0.0499354 0.0435293 0.0373112 0.0314292 0.0259656 0.0209558 0.0164151 0.0123682 0.0088658 0.00597408
 0.00765189 0.0125284 0.0190382 0.0271754 0.0366935 0.0469448 0.0568529 0.0651812 0.0709761 0.0738604 0.0739935 0.0718288 0.0678971 0.0627059 0.056709 0.0502925 0.0437679 0.0373735 0.0312821 0.0256095 0.0204263 0.0157778 0.0117047 0.00825514 0.00547357
 0.00772144 0.0126329 0.0191794 0.0273488 0.0368888 0.0471478 0.0570472 0.0653499 0.0711057 0.0739456 0.0740418 0.0718609 0.067941 0.0627862 0.0568345 0.0504479 0.0439139 0.0374573 0.031254 0.02544 0.0201179 0.0153659 0.0112481 0.00781762 0.0051055
 0.00778661 0.0127309 0.0193119 0.0275114 0.0370717 0.047337 0.0572263 0.0655019 0.0712162 0.0740065 0.0740541 0.0718353 0.0678962 0.0627446 0.056816 0.0504623 0.0439542 0.0374979 0.0312574 0.0253707 0.019958 0.015124 0.0109574 0.00752323 0.00484818
 0.00780709 0.0127666 0.0193697 0.0275982 0.0371915 0.0474873 0.0573953 0.0656696 0.0713596 0.0741071 0.0741031 0.0718351 0.0678579 0.0626846 0.0567526 0.050411 0.0439227 0.0374817 0.0312393 0.0253267 0.0198678 0.0149822 0.0107773 0.00733185 0.00467421
 0.00784284 0.0128167 0.0194304 0.0276621 0.0372506 0.0475377 0.0574396 0.0657153 0.0714134 0.0741693 0.0741661 0.0718864 0.0678865 0.0626866 0.056732 0.0503777 0.0438875 0.0374509 0.0312108 0.0252903 0.0198108 0.0148971 0.0106676 0.00721121 0.00456071
 0.00785014 0.0128278 0.0194453 0.0276794 0.0372671 0.0475482 0.0574379 0.0656972 0.0713803 0.0741303 0.0741351 0.0718765 0.0679031 0.0627252 0.056782 0.0504282 0.0439317 0.0374862 0.0312358 0.0253018 0.0198037 0.0148675 0.0106168 0.00714732 0.00449543
 0.00786849 0.0128516 0.0194703 0.0276982 0.0372713 0.0475321 0.0574009 0.0656439 0.0713183 0.0740673 0.0740788 0.0718341 0.067882 0.0627304 0.0568138 0.0504809 0.0439955 0.0375506 0.0312921 0.0253436 0.0198269 0.0148701 0.0106006 0.0071177 0.0044605
 0.00789484 0.0128944 0.019534 0.0277853 0.0373806 0.0476554 0.0575228 0.0657435 0.071376 0.0740721 0.0740321 0.0717481 0.0677748 0.0626207 0.0567163 0.050405 0.0439437 0.0375198 0.0312754 0.0253332 0.0198157 0.0148539 0.0105781 0.00709095 0.00443327
 0.00789813 0.0128976 0.0195352 0.0277821 0.0373715 0.0476419 0.0575094 0.0657363 0.071379 0.0740841 0.0740463 0.0717562 0.0677716 0.0626066 0.0566973 0.050389 0.0439372 0.0375252 0.0312907 0.0253531 0.019834 0.0148658 0.0105813 0.00708641 0.00442398
 0.00788543 0.0128748 0.0194968 0.0277222 0.0372852 0.0475284 0.0573748 0.0655945 0.071249 0.0739854 0.0739936 0.0717547 0.0678163 0.0626849 0.0567944 0.0504927 0.04404 0.0376235 0.0313824 0.0254356 0.019904 0.01492 0.0106188 0.00710843 0.00443417
 0.00788446 0.0128694 0.0194817 0.0276898 0.0372275 0.0474398 0.0572549 0.0654498 0.0710926 0.0738352 0.0738689 0.0716732 0.0677889 0.0627139 0.0568723 0.0506051 0.0441704 0.0377574 0.0315093 0.0255488 0.0199992 0.0149951 0.0106733 0.00714421 0.00445493
 0.0078632 0.0128369 0.0194363 0.027631 0.0371551 0.0473534 0.057154 0.0653347 0.0709667 0.0737059 0.0737482 0.0715759 0.0677299 0.062704 0.0569153 0.0506963 0.0442979 0.037905 0.0316606 0.0256901 0.0201213 0.015093 0.010746 0.00719377 0.00448558
 0.00782854 0.0127771 0.0193407 0.0274886 0.0369591 0.0471064 0.0568723 0.0650468 0.0707059 0.0735008 0.0736158 0.0715209 0.0677489 0.0627898 0.057059 0.0508876 0.0445237 0.0381493 0.0319055 0.0259185 0.0203198 0.0152535 0.0108663 0.00727698 0.00453833
 0.00783254 0.0127784 0.0193325 0.0274607 0.0368993 0.0470037 0.0567211 0.0648504 0.0704779 0.0732643 0.0733993 0.0713516 0.0676466 0.0627627 0.0571048 0.0509964 0.0446817 0.0383402 0.0321118 0.0261228 0.0205061 0.0154102 0.0109877 0.00736318 0.00459424
 0.00780315 0.0127348 0.0192745 0.0273899 0.0368179 0.0469122 0.056617 0.0647297 0.0703381 0.073108 0.0732367 0.0712004 0.0675277 0.0626958 0.0571023 0.0510607 0.0448055 0.0385089 0.0323069 0.0263245 0.0206964 0.015575 0.0111185 0.00745823 0.00465711
 0.00774603 0.012642 0.0191354 0.0271966 0.0365684 0.046615 0.0562943 0.0644143 0.0700652 0.0729039 0.0731129 0.0711545 0.0675505 0.062778 0.0572379 0.0512454 0.045033 0.0387687 0.0325833 0.0265988 0.0209497 0.0157922 0.0112905 0.00758336 0.0047403
 0.00773718 0.0126204 0.0190896 0.0271115 0.0364286 0.0464116 0.0560302 0.0641074 0.0697459 0.0726088 0.0728761 0.0710004 0.0674896 0.0628068 0.0573437 0.0514124 0.045246 0.0390137 0.0328458 0.0268625 0.0211976 0.0160087 0.0114652 0.00771264 0.00482757
 0.00932612 0.0148491 0.0217887 0.0299031 0.038835 0.0480289 0.0566668 0.0638131 0.0687366 0.0711553 0.0712212 0.0693247 0.0659122 0.0613976 0.0561357 0.0504126 0.0444449 0.0383931 0.0323839 0.0265356 0.0209806 0.0158756 0.0113912 0.00767619 0.00481226
 0.00928618 0.0150795 0.0226565 0.0318662 0.0422443 0.0528596 0.0623476 0.0693176 0.0729474 0.0733027 0.0711364 0.0673876 0.0627854 0.057743 0.0524489 0.0469909 0.0414315 0.0358367 0.0302834 0.0248652 0.019701 0.0149382 0.0107399 0.00725087 0.00455343
 0.00897368 0.0145837 0.0219548 0.0310027 0.0413847 0.05233 0.0625971 0.0707577 0.0757052 0.0770363 0.0750749 0.070623 0.0646514 0.0580468 0.0514445 0.0451684 0.0392861 0.0337321 0.0284258 0.0233388 0.0185159 0.0140659 0.0101331 0.0068547 0.00431257
 0.00878182 0.0142689 0.0214761 0.0303227 0.040484 0.0512351 0.0614185 0.0697189 0.0751288 0.0772571 0.0762892 0.0727426 0.0672657 0.0605548 0.0532979 0.0460825 0.0392992 0.0331083 0.0274935 0.0223673 0.0176671 0.0134052 0.0096631 0.00654617 0.00412551
 0.00869015 0.0141112 0.0212226 0.0299396 0.0399402 0.0505144 0.0605341 0.0687273 0.0741395 0.0764357 0.0758427 0.0728695 0.0680712 0.0619658 0.0550438 0.0477782 0.0405978 0.0338323 0.0276702 0.0221633 0.0172851 0.0130046 0.00933185 0.00631117 0.00397765
 0.00867792 0.0140853 0.0211714 0.0298462 0.0397833 0.0502711 0.0601851 0.0682629 0.0735685 0.075796 0.0752107 0.0723621 0.0678284 0.0621068 0.0556069 0.0486778 0.0416353 0.03477 0.0283284 0.0224829 0.0173221 0.0128745 0.00914662 0.00614345 0.00385663
 0.00868601 0.0140976 0.021188 0.029865 0.0397986 0.0502719 0.0601538 0.068177 0.0734049 0.0755393 0.0748633 0.0719547 0.0674247 0.0617982 0.0554885 0.0488097 0.042006 0.0352879 0.0288554 0.0228941 0.0175553 0.0129412 0.00910498 0.00605891 0.00377493
 0.00866344 0.0140662 0.0211505 0.0298273 0.0397678 0.0502531 0.0601474 0.0681765 0.0733973 0.0755065 0.0747865 0.071821 0.0672372 0.0615828 0.0552953 0.0487004 0.0420292 0.0354525 0.0291199 0.0231828 0.0177936 0.0130875 0.00916022 0.00605261 0.00374232
 0.00865469 0.0140501 0.0211232 0.0297849 0.0397088 0.0501806 0.0600705 0.0681087 0.0733506 0.0754856 0.0747849 0.0718224 0.0672223 0.0615392 0.0552263 0.0486282 0.0419883 0.0354742 0.0292141 0.0233301 0.0179538 0.0132204 0.00924396 0.00608823 0.00374573
 0.00863531 0.0140199 0.0210801 0.0297277 0.039637 0.0500951 0.0599741 0.0680076 0.0732546 0.075407 0.0747351 0.0718071 0.067238 0.0615743 0.0552662 0.0486637 0.0420218 0.0355178 0.0292813 0.0234247 0.0180649 0.0133274 0.00932791 0.00614088 0.00377056
 0.00863741 0.0140231 0.0210844 0.0297329 0.0396422 0.0500984 0.059973 0.0679985 0.0732345 0.0753744 0.0746918 0.0717584 0.0671916 0.0615365 0.05524 0.0486482 0.0420149 0.0355203 0.0292969 0.0234569 0.0181124 0.0133822 0.00937872 0.00617904 0.00379341
 0.00862428 0.0140044 0.021061 0.0297074 0.039618 0.0500787 0.0599593 0.0679908 0.073231 0.0753723 0.0746881 0.0717512 0.0671803 0.0615231 0.0552278 0.0486406 0.0420142 0.0355275 0.0293128 0.0234819 0.0181456 0.0134201 0.00941568 0.0062095 0.00381444
 0.00863679 0.0140217 0.0210816 0.0297281 0.0396354 0.0500905 0.0599658 0.067994 0.0732333 0.0753746 0.0746888 0.071747 0.0671683 0.0615022 0.0551993 0.0486083 0.0419829 0.0355018 0.0292961 0.0234759 0.0181499 0.0134324 0.00943208 0.00622574 0.00382739
 0.00861756 0.0139938 0.0210456 0.0296865 0.0395917 0.0500476 0.0599254 0.0679574 0.0732021 0.075352 0.0746788 0.0717524 0.0671888 0.061534 0.0552366 0.0486455 0.0420165 0.0355311 0.0293223 0.0235008 0.0181747 0.0134569 0.00945492 0.00624515 0.00384208
 0.00861029 0.0139809 0.0210244 0.0296544 0.0395473 0.0499924 0.0598648 0.0678992 0.0731549 0.0753213 0.0746661 0.0717564 0.0672067 0.061563 0.0552737 0.0486871 0.042059 0.0355713 0.0293583 0.0235324 0.0182024 0.0134812 0.00947579 0.00626211 0.00385475
 0.00861029 0.0139809 0.0210244 0.0296544 0.0395473 0.0499924 0.0598648 0.0678992 0.0731549 0.0753213 0.0746661 0.0717564 0.0672067 0.061563 0.0552737 0.0486871 0.042059 0.0355713 0.0293583 0.0235324 0.0182024 0.0134812 0.00947579 0.00626211 0.00385475
#pred catch len freq
 0.00316866 0.00515365 0.00779453 0.0111413 0.0152363 0.0200643 0.0254928 0.0312637 0.0370483 0.0425146 0.0473757 0.0514256 0.0545661 0.0568101 0.0582562 0.0590564 0.0593906 0.0594323 0.0592665 0.0587573 0.0574411 0.0545915 0.0495416 0.0421458 0.0330651
 0.00337796 0.0054326 0.00810312 0.0114099 0.0153915 0.0200666 0.0253597 0.0310618 0.0368539 0.0423713 0.0472781 0.0513387 0.0544659 0.056716 0.0582343 0.0591894 0.0597294 0.0599509 0.0598468 0.0592179 0.0576068 0.0543714 0.048973 0.0413752 0.0322778
 0.00342874 0.00555288 0.00834855 0.0118414 0.0160434 0.0209065 0.0262695 0.0318647 0.0373863 0.0425559 0.0471489 0.0510034 0.05404 0.0562805 0.0578368 0.0588682 0.0595237 0.0598806 0.0598783 0.0592516 0.0575089 0.054039 0.0483925 0.0406332 0.0315167
 0.00360904 0.00581881 0.00870341 0.0122839 0.0165845 0.0215838 0.0271402 0.0329656 0.0386773 0.0438891 0.0482991 0.0517557 0.0542815 0.0560354 0.0572321 0.0580661 0.0586653 0.0590576 0.0591229 0.0585369 0.056768 0.0532079 0.0474584 0.0396556 0.0306017
 0.00378781 0.0061197 0.00917321 0.0129675 0.0175104 0.0227468 0.0284926 0.0344295 0.0401723 0.0453509 0.0496667 0.0529388 0.0551463 0.056438 0.0570845 0.0573835 0.0575608 0.0576903 0.0576357 0.0570183 0.0552523 0.0517057 0.0459969 0.0382981 0.0294333
 0.00393383 0.00636407 0.00955668 0.0135395 0.0183271 0.0238613 0.0299363 0.0361879 0.0421668 0.0474399 0.0516716 0.0546825 0.0564831 0.0572605 0.0573181 0.0569904 0.0565584 0.0561637 0.055724 0.0548792 0.0530289 0.049518 0.0439516 0.0364965 0.0279602
 0.00411222 0.00664405 0.00996126 0.0140888 0.0190419 0.0247671 0.0310615 0.0375561 0.0437816 0.0492669 0.0536227 0.0566142 0.0582135 0.0586029 0.0581144 0.0571344 0.0560063 0.0549397 0.0539206 0.0526474 0.0505572 0.0470064 0.0415885 0.0344386 0.0263118
 0.00431708 0.0069756 0.0104576 0.0147848 0.0199638 0.0259237 0.0324365 0.0391067 0.0454489 0.0509896 0.055344 0.0582739 0.0597322 0.0598704 0.0589937 0.0574831 0.0557085 0.0539371 0.0522351 0.0503894 0.0479167 0.0442264 0.0389235 0.0321071 0.0244545
 0.00460388 0.00742346 0.0110988 0.0156413 0.0210486 0.0272411 0.0339759 0.0408325 0.047294 0.0528586 0.0571285 0.0598731 0.0610674 0.0608832 0.0596292 0.0576711 0.0553613 0.0529715 0.0506125 0.0481553 0.0452211 0.0413105 0.0360733 0.0295853 0.0224384
 0.0048358 0.00782007 0.0117314 0.016587 0.0223723 0.0289674 0.0360641 0.0431709 0.0497215 0.0552012 0.0592305 0.0616134 0.0623636 0.0616893 0.0599265 0.0574515 0.0546089 0.0516571 0.0487132 0.0456959 0.0423157 0.0381761 0.0329959 0.0268482 0.0202425
 0.00510708 0.00825186 0.012368 0.0174736 0.0235592 0.030508 0.0379991 0.0454985 0.0523643 0.0579908 0.0619258 0.0639529 0.0641294 0.0627514 0.0602483 0.0570619 0.0535619 0.0500024 0.0464924 0.0429684 0.0391991 0.0348725 0.0297761 0.0239892 0.0179477
 0.0053737 0.00866645 0.0129581 0.018256 0.024543 0.0316995 0.0394028 0.0471152 0.0541854 0.0599858 0.0640239 0.0660266 0.0659978 0.064211 0.0611214 0.0572374 0.0530066 0.0487455 0.0446019 0.0405436 0.0363835 0.0318691 0.0268377 0.0213704 0.0158377
 0.00563937 0.00908505 0.0135632 0.0190702 0.0255742 0.0329367 0.0408113 0.0486377 0.0557535 0.0615376 0.0655144 0.0674229 0.0672591 0.0652667 0.0618643 0.0575401 0.0527552 0.0478728 0.0431068 0.0384964 0.0339248 0.0292031 0.024209 0.0190182 0.0139373
 0.00590166 0.00950453 0.0141819 0.0199233 0.0266844 0.0343044 0.0424026 0.050377 0.0575298 0.063224 0.0669948 0.068615 0.0681243 0.0658018 0.0620761 0.0574174 0.0522571 0.0469422 0.0417042 0.0366366 0.0317008 0.0267862 0.021821 0.0168795 0.0122092
 0.00613762 0.00988495 0.0147494 0.0207174 0.0277368 0.0356293 0.0439832 0.0521543 0.059401 0.0650529 0.0686321 0.0699244 0.069009 0.0662204 0.0620405 0.0569705 0.0514426 0.0457837 0.0402087 0.0348215 0.0296286 0.0245839 0.0196668 0.0149591 0.0106614
 0.00631865 0.0101769 0.0151857 0.021331 0.0285577 0.0366794 0.0452658 0.0536433 0.0610339 0.0667306 0.0702276 0.0712993 0.0700363 0.0668085 0.0621484 0.0566081 0.050656 0.044633 0.0387518 0.0331151 0.027746 0.0226324 0.0177874 0.0132982 0.00932873
 0.00645204 0.0103909 0.0155033 0.0217739 0.0291454 0.0374261 0.0461754 0.0547038 0.0622143 0.06798 0.0714755 0.0724584 0.0710095 0.067501 0.0624832 0.0565406 0.0501806 0.0437798 0.0375768 0.0316914 0.0261625 0.0209973 0.0162234 0.0119242 0.00823066
 0.00658184 0.0105931 0.015792 0.0221585 0.0296323 0.03802 0.0468771 0.0555063 0.0630976 0.0689096 0.0724032 0.0733269 0.0717572 0.0680663 0.0628088 0.0565789 0.0499017 0.0431791 0.0366798 0.0305541 0.0248678 0.0196484 0.014933 0.0107946 0.00733174
 0.00651794 0.0105115 0.0157105 0.0221081 0.0296498 0.0381363 0.0471083 0.0558522 0.0635479 0.0694502 0.0730184 0.0739943 0.0724416 0.0687174 0.0633643 0.0569728 0.0500751 0.0430915 0.0363191 0.0299431 0.0240648 0.0187409 0.014022 0.00997415 0.00666784
 0.00651168 0.0104942 0.015673 0.0220416 0.0295538 0.0380274 0.047024 0.0558433 0.0636601 0.0697052 0.0734054 0.0744775 0.0729751 0.0692559 0.0638649 0.0573912 0.0503641 0.0432064 0.0362287 0.0296424 0.0235828 0.018139 0.0133817 0.00937671 0.00617376
 0.00662123 0.0106557 0.0158843 0.0222878 0.0298087 0.0382586 0.0472004 0.0559445 0.0636861 0.069681 0.0733748 0.0744858 0.07305 0.0693977 0.0640493 0.0575797 0.0505126 0.0432719 0.0361755 0.0294509 0.0232585 0.0177163 0.0129168 0.00893213 0.00579967
 0.00660445 0.0106536 0.0159265 0.0224144 0.0300561 0.0386385 0.0476837 0.056462 0.0641487 0.0700114 0.0735335 0.0744809 0.0729283 0.0692226 0.0638757 0.0574367 0.0503992 0.0431639 0.0360389 0.0292565 0.0229941 0.0173928 0.0125662 0.00859621 0.00551505
 0.00656472 0.0105917 0.0158407 0.0223113 0.0299564 0.0385816 0.0477233 0.0566489 0.0645034 0.0705006 0.0740712 0.0749581 0.0732566 0.0693662 0.0638558 0.0573087 0.0502211 0.0429732 0.0358457 0.0290524 0.0227675 0.0171422 0.0123052 0.00834867 0.0053049
 0.00660583 0.0106401 0.0158796 0.022314 0.0298941 0.0384368 0.0475038 0.0563938 0.0642781 0.0703793 0.0741093 0.075167 0.0735935 0.0697494 0.0641983 0.0575522 0.0503502 0.0430053 0.0358097 0.0289708 0.0226525 0.0170016 0.01215 0.00819496 0.00516961
 0.00669335 0.0107687 0.0160464 0.022504 0.0300806 0.0385835 0.0475708 0.0563483 0.0641087 0.070109 0.0737977 0.0748942 0.0734306 0.0697296 0.0643049 0.05773 0.0505334 0.0431441 0.0358823 0.0289788 0.0226094 0.0169238 0.0120535 0.00809491 0.00507944
 0.00672188 0.0108091 0.0160961 0.0225566 0.0301272 0.0386147 0.0475777 0.0563216 0.0640387 0.069988 0.0736272 0.0746928 0.0732364 0.0695906 0.0642604 0.057792 0.05068 0.0433302 0.0360593 0.0291126 0.0226864 0.0169479 0.0120385 0.00805803 0.00503605
 0.0067466 0.0108359 0.0161117 0.0225402 0.0300554 0.038471 0.0473598 0.0560454 0.0637345 0.0696926 0.0733748 0.0745079 0.0731323 0.0695727 0.0643304 0.0579476 0.0509105 0.0436114 0.0363552 0.0293844 0.0229049 0.0171002 0.0121283 0.00809953 0.00504703
 0.006764 0.0108666 0.0161612 0.0226123 0.0301477 0.0385695 0.0474378 0.0560684 0.0636734 0.069538 0.0731435 0.0742383 0.0728707 0.0693596 0.064192 0.0578953 0.0509426 0.0437152 0.036508 0.029557 0.0230678 0.0172315 0.0122184 0.00815105 0.00507001
 0.00675452 0.0108507 0.0161369 0.0225787 0.0301066 0.0385266 0.0474017 0.0560462 0.0636645 0.0695302 0.073117 0.0741762 0.072771 0.0692387 0.0640791 0.0578203 0.0509257 0.0437615 0.0366081 0.0296908 0.0232102 0.01736 0.0123183 0.00821807 0.00510838
 0.00674926 0.0108393 0.0161145 0.0225394 0.030045 0.038441 0.0472969 0.0559343 0.0635623 0.0694541 0.0730758 0.0741675 0.0727815 0.0692523 0.0640861 0.0578231 0.0509371 0.0437965 0.0366749 0.0297863 0.0233216 0.0174698 0.0124117 0.00828705 0.00515264
 0.0066904 0.0107443 0.015973 0.0223427 0.0297888 0.0381288 0.0469438 0.0555687 0.0632226 0.0691813 0.0729052 0.0741199 0.0728579 0.0694335 0.0643386 0.0581102 0.0512292 0.0440766 0.0369369 0.0300279 0.0235391 0.0176568 0.0125616 0.00839694 0.00522537
 0.00664962 0.0106744 0.0158607 0.0221726 0.0295456 0.0378022 0.0465349 0.055095 0.0627204 0.0687027 0.0725097 0.0738624 0.072775 0.0695338 0.0646011 0.0584913 0.0516757 0.0445387 0.037377 0.0304227 0.0238765 0.0179315 0.0127729 0.00854854 0.00532543
 0.00667181 0.0107089 0.015909 0.0222327 0.02961 0.0378553 0.0465525 0.0550483 0.0625847 0.0684689 0.0721927 0.0735018 0.0724272 0.0692572 0.0644401 0.0584645 0.0517734 0.0447296 0.0376203 0.0306798 0.024118 0.018139 0.0129377 0.00866947 0.00540689
