SBPRF35
8.2441
Curr Bio
580290
B35
531100
F35
0.207777
FOFL
0.207777
OFL
95941.2
Bzero
2.35546e+006
#pred survey bio
 2.74004e+006 2.49611e+006 2.31337e+006 2.05729e+006 1.83132e+006 1.63826e+006 1.39646e+006 1.2626e+006 1.13292e+006 1.02469e+006 908783 781093 685190 640686 612319 600142 559264 566015 582046 591318 601137 576389 544409 493120 503051 521732 550435 554356 521713 506263 515700 530441 528118 541117 556127 567078 573070 566705 564105 567376 565917 564184 554679 568334 590448 619144 594020 542111 588214 1.37432e+007 1.25787e+007 1.28571e+007 1.3524e+007 1.43878e+007 1.52726e+007 1.60716e+007 1.67388e+007 1.72679e+007 1.76733e+007 1.79768e+007 1.82006e+007 1.83644e+007 1.84837e+007 1.85706e+007 1.8634e+007 1.86804e+007 1.87146e+007 1.87399e+007 1.87588e+007 1.87729e+007 1.87835e+007 1.87916e+007 1.87977e+007 1.88023e+007 1.88059e+007 1.88086e+007 1.88107e+007 1.88123e+007 1.88136e+007 1.88146e+007 1.88153e+007 1.88159e+007 1.88163e+007 1.88167e+007 1.8817e+007 1.88172e+007 1.88174e+007 1.88175e+007 1.88176e+007 1.88177e+007 1.88177e+007 1.88178e+007 1.88178e+007 1.88178e+007 1.88179e+007 1.88179e+007 1.88179e+007 1.88179e+007 1.88179e+007 1.88179e+007 1.88179e+007 1.88179e+007 1.88179e+007 1.88179e+007 1.88179e+007 1.88179e+007 1.88179e+007 1.88179e+007 1.88179e+007 1.88179e+007 1.88179e+007 1.88179e+007 1.88179e+007 1.88179e+007 1.88179e+007 1.88179e+007 1.88179e+007 1.88179e+007 1.88179e+007 1.88179e+007 1.88179e+007 1.88179e+007 1.88179e+007 1.88179e+007 1.88179e+007 1.88179e+007 1.88179e+007 1.88179e+007 1.88179e+007 1.88179e+007 1.88179e+007 1.88179e+007 1.88179e+007 1.88179e+007 1.88179e+007 1.88179e+007 1.88179e+007 1.88179e+007 1.88179e+007 1.88179e+007 1.88179e+007 1.88179e+007 1.88179e+007 1.88179e+007 1.88179e+007 1.88179e+007 1.88179e+007 1.88179e+007 1.88179e+007 0 0 0 0 0 0 0 0 0 0 0 0 0 0 0 0 0 0 0 0 0 0 0 0 0
#obs survey bio
 2.77308e+006 2.78357e+006 2.50917e+006 1.70848e+006 2.15273e+006 1.61063e+006 1.27181e+006 1.22964e+006 1.12215e+006 942161 861176 730058 675656 658149 742019 705546 633164 602650 590535 457566 666790 576569 714914 289670 585240 421791 544992 596968 454400 450748 422830 717833 471060 661602 488962 500004 625360 976447 546821 585105 480159 600542 410545 614236 586015 717490 585933 639462 588357
#pred catch bio
 344230 302391 315031 323098 309366 348049 262619 280590 264223 254912 231837 210672 174037 169003 154823 169000 122632 121955 120307 112118 116003 99039.1 98640.9 102297 96941.1 92664 100162 103268 97560.6 93912.8 97498 90793.2 88978 83431.8 88979.5 87972.2 83188.7 82290.6 89084.9 92651.4 92980.3 97188 91046.7 90805.7 90698.1 85356 136582 53918.9 94013 95941.2 95710.3 96443.5 100375 106304 112491 118012 122515 125970 128511 130320 131577 132434 133011 133394 133646 133811 133918 133988 134032 134061 134079 134091 134099 134103 134106 134108 134110 134110 134111 134111 134111 134112 134112 134112 134112 134112 134112 134112 134112 134112 134112 134112 134112 134112 134112 134112 134112 134112 134112 134112 134112 134112 134112 134112 134112 134112 134112 134112 134112 134112 134112 134112 134112 134112 134112 134112 134112 134112 134112 134112 134112 134112 134112 134112 134112 134112 134112 134112 134112 134112 134112 134112 134112 134112 134112 134112 134112 134112 134112 134112 134112 134112 134112 134112 134112 134112 134112 134112 134112 0 0 0 0 0 0 0 0 0 0 0 0 0 0 0 0 0 0 0 0 0 0 0 0 0
#obs catch bio
 239936 302382 314505 323406 309169 348877 261820 281260 264721 255462 230938 210864 173886 169593 154981 169468 122198 122300 120305 112117 116049 98845 98194.4 103211 96939.1 92736.6 100191 103044 97496.6 94004.9 97977.1 90538.5 89134.9 83302.5 89040.1 88008 83083.7 82203.8 89159.3 92667.3 92952.7 97199.4 91067.2 90821.2 90936.1 84743.5 138362 53333 94401.4
#pred cpue bio
 2.70524e+006 2.46215e+006 2.27901e+006 2.02396e+006 1.79889e+006 1.60663e+006 1.36661e+006 1.2333e+006 1.10413e+006 996457 881766 756164 661769 617848 589785 577818 537863 544268 559611 568545 578067 554235 523616 474238 483540 501731 529658 533680 502425 487548 496785 511035 507815 518391 531980 542505 548454 542590 540324 543514 542188 540606 531478 544514 565716 593362 569634 518388 563375 1.31786e+007 1.20693e+007 1.22355e+007 1.28143e+007 1.36573e+007 1.45386e+007 1.53371e+007 1.60043e+007 1.65334e+007 1.69388e+007 1.72422e+007 1.74661e+007 1.76299e+007 1.77492e+007 1.78361e+007 1.78995e+007 1.79459e+007 1.79801e+007 1.80054e+007 1.80243e+007 1.80384e+007 1.8049e+007 1.8057e+007 1.80631e+007 1.80678e+007 1.80714e+007 1.80741e+007 1.80762e+007 1.80778e+007 1.80791e+007 1.808e+007 1.80808e+007 1.80814e+007 1.80818e+007 1.80822e+007 1.80825e+007 1.80827e+007 1.80828e+007 1.8083e+007 1.80831e+007 1.80831e+007 1.80832e+007 1.80832e+007 1.80833e+007 1.80833e+007 1.80833e+007 1.80834e+007 1.80834e+007 1.80834e+007 1.80834e+007 1.80834e+007 1.80834e+007 1.80834e+007 1.80834e+007 1.80834e+007 1.80834e+007 1.80834e+007 1.80834e+007 1.80834e+007 1.80834e+007 1.80834e+007 1.80834e+007 1.80834e+007 1.80834e+007 1.80834e+007 1.80834e+007 1.80834e+007 1.80834e+007 1.80834e+007 1.80834e+007 1.80834e+007 1.80834e+007 1.80834e+007 1.80834e+007 1.80834e+007 1.80834e+007 1.80834e+007 1.80834e+007 1.80834e+007 1.80834e+007 1.80834e+007 1.80834e+007 1.80834e+007 1.80834e+007 1.80834e+007 1.80834e+007 1.80834e+007 1.80834e+007 1.80834e+007 1.80834e+007 1.80834e+007 1.80834e+007 1.80834e+007 1.80834e+007 1.80834e+007 1.80834e+007 1.80834e+007 1.80834e+007 1.80834e+007 1.80834e+007 0 0 0 0 0 0 0 0 0 0 0 0 0 0 0 0 0 0 0 0 0 0 0 0 0
#obs cpue bio
 3.08886e+006 1.88089e+006 2.92331e+006 2.01666e+006 1.5022e+006 1.77926e+006 1.51014e+006 1.11745e+006 1.0468e+006 1.07466e+006 1.25832e+006 687768 664031 510800 479482 549852 507891 393321 654455 666167 587860 557665 547774 351352 638170 530840 596344 621850 518852 469597 473084 596609 431888 492733 569112 608303 553899 311020 514889 550364 633047 543057 644161 516661 455680 840865 384886 507748 552954
#pred surv len freq
 0.00465048 0.00766334 0.0117412 0.0169226 0.0230975 0.0299029 0.0367099 0.0427983 0.0476333 0.0510371 0.0531442 0.0542322 0.0545776 0.0544001 0.0538662 0.0531127 0.0522686 0.051451 0.0507048 0.049888 0.0485743 0.0461029 0.0418542 0.0356514 0.0280151
 0.00506319 0.00828233 0.0125785 0.0179618 0.0243071 0.0312538 0.0381805 0.0443591 0.0492229 0.0525486 0.0544398 0.0551831 0.0551107 0.0545234 0.0536571 0.0526741 0.0516737 0.0507029 0.0497316 0.0485817 0.0468628 0.0440211 0.0395696 0.0334208 0.02609
 0.0052118 0.00857865 0.0131215 0.0188668 0.0256654 0.0330779 0.0403659 0.0466981 0.0514728 0.0545122 0.0560063 0.0563132 0.0557958 0.0547605 0.0534549 0.0520687 0.0507259 0.0494696 0.0482343 0.0468036 0.0447875 0.0416928 0.037131 0.0310919 0.0240929
 0.00544573 0.00893889 0.0136313 0.0195474 0.0265484 0.0342136 0.0418142 0.0484938 0.0535783 0.0567887 0.0582311 0.0582412 0.0572308 0.0555961 0.0536707 0.0517015 0.0498399 0.0481363 0.0465181 0.0447571 0.0424667 0.0391894 0.0345978 0.0287294 0.022094
 0.00564961 0.00929237 0.0142018 0.0204059 0.0277478 0.0357605 0.0436508 0.050509 0.0556467 0.058809 0.060132 0.0599531 0.0586545 0.0566032 0.0541375 0.0515494 0.0490549 0.0467601 0.0446273 0.0424473 0.0398537 0.0364223 0.0318653 0.0262398 0.0200262
 0.0058021 0.0095504 0.0146106 0.0210186 0.0286194 0.0369347 0.045141 0.0522816 0.0576151 0.0608451 0.0620923 0.061708 0.0601048 0.0576742 0.0547614 0.0516562 0.0485838 0.0456831 0.0429671 0.040284 0.0373227 0.033708 0.0291865 0.0238168 0.0180327
 0.00620319 0.0101841 0.01553 0.0222602 0.030197 0.0388304 0.0472951 0.0545904 0.0599442 0.0630516 0.0640449 0.0632979 0.0612506 0.0583235 0.0548873 0.0512462 0.0476282 0.044175 0.0409191 0.0377545 0.0344372 0.0306622 0.0262226 0.0211744 0.0158903
 0.00636659 0.010465 0.0159803 0.0229366 0.0311473 0.0400734 0.048803 0.0562872 0.0617243 0.064807 0.0656838 0.0647468 0.0624447 0.0591992 0.055381 0.0512998 0.0471955 0.0432268 0.0394528 0.035811 0.0321197 0.0281435 0.0237252 0.0189237 0.0140559
 0.00656623 0.0108043 0.0165186 0.0237385 0.0322691 0.0415406 0.0505876 0.058298 0.0638181 0.0668182 0.0674578 0.0661659 0.0634404 0.0597476 0.0554851 0.0509693 0.0464327 0.0420273 0.0378197 0.0337785 0.0297769 0.0256455 0.0212768 0.0167343 0.0122829
 0.00673241 0.0110808 0.0169471 0.0243643 0.0331346 0.0426735 0.0519867 0.0599227 0.0655876 0.0686193 0.0691583 0.0676328 0.0645594 0.0604397 0.0557145 0.0507359 0.0457563 0.0409331 0.0363359 0.0319495 0.0276855 0.0234266 0.019108 0.0147982 0.0107171
 0.00693347 0.0114095 0.0174452 0.025071 0.0340789 0.0438619 0.0533907 0.0614764 0.0671981 0.0701851 0.0705841 0.0688347 0.0654649 0.060989 0.0558649 0.0504671 0.0450716 0.0398552 0.0349037 0.0302204 0.0257464 0.0214019 0.0171525 0.0130674 0.00932594
 0.00712942 0.0117305 0.0179325 0.0257638 0.0350053 0.0450257 0.0547582 0.0629727 0.0687193 0.0716199 0.0718346 0.0698278 0.0661538 0.061347 0.0558786 0.0501312 0.0443884 0.038838 0.0335819 0.0286465 0.0240024 0.0196018 0.0154319 0.0115578 0.00812084
 0.0073351 0.0120661 0.0184394 0.0264801 0.0359571 0.0462137 0.0561442 0.0644761 0.0702283 0.0730139 0.073007 0.0707003 0.0666817 0.0615174 0.0557019 0.049631 0.0435922 0.0377742 0.0322833 0.0271604 0.0223997 0.0179802 0.0139059 0.0102353 0.00707566
 0.00737116 0.0121292 0.0185435 0.0266439 0.0362031 0.0465659 0.0566231 0.0650927 0.0709772 0.0738678 0.0739145 0.0715903 0.0674731 0.0621332 0.0560815 0.0497373 0.0434119 0.0373142 0.031568 0.0262323 0.0213228 0.0168405 0.0128027 0.00926213 0.00629794
 0.00738846 0.012167 0.0186184 0.0267771 0.036416 0.046872 0.0570224 0.0655708 0.0715114 0.0744346 0.0744927 0.0721582 0.0680026 0.0625861 0.0564124 0.0499007 0.0433722 0.0370528 0.0310883 0.0255611 0.0205116 0.015962 0.011941 0.00849644 0.00568367
 0.00736678 0.0121248 0.0185433 0.026657 0.0362465 0.046666 0.0568159 0.0654185 0.0714708 0.0745466 0.0747693 0.0725812 0.0685318 0.0631683 0.0569872 0.0504057 0.0437481 0.0372523 0.0310843 0.0253545 0.020133 0.0154685 0.0114056 0.00799128 0.00526286
 0.00778985 0.0127522 0.019374 0.0276469 0.0373164 0.0477186 0.0577516 0.0661484 0.0719312 0.0747129 0.0746625 0.0722601 0.0680733 0.0626452 0.0564531 0.0498874 0.0432469 0.0367508 0.0305589 0.0247888 0.0195295 0.0148522 0.010818 0.0074769 0.00485402
 0.00782773 0.0128156 0.019471 0.0277815 0.0374824 0.0478931 0.0578947 0.0662143 0.0718889 0.0745668 0.0744563 0.0720609 0.0679437 0.0626212 0.0565356 0.0500486 0.0434423 0.0369309 0.0306788 0.024817 0.0194551 0.0146883 0.0105979 0.00724302 0.00464427
 0.00785706 0.0128571 0.0195225 0.0278382 0.0375392 0.0479477 0.0579473 0.066264 0.0719282 0.0745798 0.0744264 0.071983 0.0678344 0.0625155 0.0564725 0.0500525 0.043512 0.037041 0.0307901 0.0248907 0.0194656 0.0146304 0.0104867 0.00710645 0.0045115
 0.00796306 0.0130045 0.0196982 0.0280141 0.0376801 0.0480238 0.0579452 0.0661903 0.0718049 0.0744351 0.0742843 0.0718575 0.0677292 0.0624303 0.0564105 0.0500223 0.0435221 0.0370904 0.0308638 0.0249632 0.019511 0.0146333 0.0104475 0.00703927 0.00443619
 0.00792199 0.0129515 0.0196427 0.0279703 0.037659 0.0480232 0.0579453 0.0661598 0.0717183 0.0742893 0.0741047 0.0716871 0.0676092 0.0623842 0.0564397 0.0501131 0.0436561 0.0372501 0.0310323 0.0251223 0.0196422 0.0147227 0.0104914 0.00704512 0.00441847
 0.00801018 0.0130746 0.019791 0.0281241 0.0377964 0.0481306 0.0580229 0.0662168 0.0717601 0.0743075 0.0740791 0.0715997 0.0674596 0.0621946 0.0562458 0.0499487 0.0435413 0.0371889 0.0310162 0.0251359 0.0196679 0.014745 0.0105009 0.00703975 0.00440274
 0.00797073 0.0130168 0.0197153 0.028033 0.0376916 0.0480101 0.0578816 0.0660524 0.0715811 0.0741371 0.0739485 0.0715342 0.0674663 0.0622616 0.0563522 0.0500771 0.0436829 0.0373404 0.0311738 0.0252914 0.0198097 0.0148621 0.0105863 0.0070934 0.00443033
 0.00798128 0.0130371 0.0197516 0.0280927 0.0377812 0.048131 0.058026 0.0662014 0.0717072 0.0742114 0.073951 0.0714622 0.0673362 0.0621019 0.056192 0.0499373 0.0435741 0.0372658 0.0311322 0.0252783 0.0198172 0.0148802 0.0106056 0.00710764 0.00443758
 0.00787273 0.0129014 0.019622 0.0280243 0.0378341 0.0483449 0.0583992 0.0666868 0.0722274 0.0746822 0.0743025 0.0716512 0.0673507 0.0619595 0.0559334 0.0496145 0.0432373 0.0369536 0.030868 0.0250714 0.0196664 0.0147773 0.0105394 0.00706678 0.0044129
 0.00793658 0.0129506 0.0195991 0.0278524 0.0374499 0.0477441 0.0576652 0.0659771 0.0717145 0.0744828 0.0744348 0.0720416 0.0678774 0.062502 0.0564063 0.049978 0.0434904 0.0371189 0.030975 0.0251456 0.0197238 0.014825 0.0105786 0.00709678 0.00443348
 0.00779763 0.0127605 0.0193756 0.0276247 0.0372387 0.0475382 0.0574154 0.0656216 0.0712282 0.0739176 0.0739159 0.0717152 0.0678402 0.0627598 0.0568813 0.050554 0.0440614 0.0376175 0.031376 0.0254523 0.0199523 0.0149923 0.0106982 0.00717883 0.00448629
 0.00770446 0.0126087 0.0191489 0.0273142 0.0368513 0.0471045 0.0569886 0.0652603 0.0709689 0.0737552 0.0738142 0.0716425 0.0678023 0.0628001 0.0570483 0.0508621 0.0444773 0.038077 0.0318142 0.0258261 0.0202454 0.0152081 0.010849 0.00727908 0.00454916
 0.00778088 0.0127115 0.0192633 0.027412 0.0368972 0.0470678 0.0568553 0.06504 0.070693 0.073467 0.0735525 0.0714287 0.0676384 0.0626818 0.0569804 0.0508614 0.0445597 0.0382401 0.0320319 0.0260593 0.0204585 0.01538 0.0109745 0.00736327 0.00460148
 0.00771811 0.0126374 0.0192021 0.027399 0.0369642 0.0472224 0.0570668 0.0652452 0.0708212 0.0734716 0.0734298 0.0712138 0.0673853 0.06244 0.0567827 0.050725 0.0444927 0.0382443 0.0321 0.0261729 0.0205914 0.0155069 0.0110786 0.00743842 0.00465011
 0.00772314 0.0126234 0.0191424 0.0272616 0.036728 0.0468969 0.0567033 0.0649234 0.070615 0.0734127 0.0734951 0.0713445 0.0675217 0.0625493 0.0568638 0.0507965 0.0445762 0.0383541 0.0322396 0.026335 0.020761 0.0156659 0.0112119 0.00753842 0.00471729
 0.0084708 0.0136812 0.0204411 0.0286346 0.037954 0.0477733 0.0571095 0.0648458 0.0701329 0.0726622 0.0726267 0.0704842 0.0667458 0.0618812 0.0562928 0.0503041 0.0441533 0.0380033 0.0319676 0.0261435 0.0206423 0.0156043 0.0111883 0.00753526 0.00472205
 0.00925213 0.0149045 0.0221847 0.0309132 0.0406856 0.0507474 0.0599791 0.06718 0.0715385 0.0729236 0.0717823 0.0687925 0.0645695 0.0595608 0.0540693 0.0483055 0.0424242 0.0365451 0.0307674 0.025186 0.0199095 0.0150716 0.0108235 0.00730158 0.00458277
 0.00915611 0.0148826 0.0223974 0.0315857 0.0420406 0.0528993 0.0628409 0.0704393 0.0747228 0.0755265 0.0733982 0.0692158 0.0638322 0.0578988 0.051833 0.0458514 0.0400336 0.0343931 0.0289362 0.0236965 0.0187492 0.01421 0.0102184 0.00690329 0.00433914
 0.00890604 0.0144809 0.0218122 0.0308185 0.0411588 0.052068 0.0623225 0.0705321 0.0756382 0.0772635 0.0756942 0.0716177 0.0658546 0.059189 0.0522641 0.0455174 0.039169 0.0332694 0.0277811 0.0226584 0.0178996 0.0135652 0.00976198 0.00660233 0.00415526
 0.00883646 0.0143553 0.0216001 0.0304834 0.0406686 0.0514138 0.0615445 0.0697401 0.0750125 0.0770202 0.0760123 0.0725507 0.0672746 0.0608068 0.0537284 0.0465446 0.0396344 0.0332187 0.0273734 0.0220835 0.0173138 0.0130639 0.00938273 0.00634325 0.00399407
 0.00883939 0.0143481 0.0215662 0.0303979 0.0405016 0.0511376 0.0611432 0.0692194 0.0744111 0.0764187 0.0755333 0.0723376 0.0674441 0.0613889 0.0546299 0.0475667 0.0405448 0.0338421 0.0276481 0.0220594 0.0171043 0.0127875 0.00912449 0.0061444 0.00386138
 0.00878062 0.0142598 0.0214463 0.0302475 0.0403223 0.0509279 0.0608969 0.0689282 0.074071 0.0760394 0.075147 0.0720043 0.0672459 0.0614092 0.0549181 0.0481034 0.0412328 0.0345351 0.0282081 0.0224086 0.0172432 0.012774 0.00903473 0.0060399 0.00377593
 0.00871408 0.0141564 0.0212998 0.0300565 0.0400915 0.0506685 0.0606265 0.0686674 0.0738369 0.075839 0.0749781 0.0718635 0.0671418 0.0613699 0.0549862 0.048315 0.0415912 0.0349955 0.0286877 0.0228193 0.0175277 0.0129231 0.0090788 0.00602475 0.00374076
 0.00863408 0.0140458 0.021169 0.0299265 0.0399868 0.0506067 0.0606102 0.0686835 0.0738634 0.0758541 0.0749658 0.0718163 0.0670616 0.0612704 0.0548938 0.048266 0.0416186 0.0351129 0.0288774 0.0230369 0.017722 0.0130587 0.00914771 0.00604197 0.0037301
 0.00861541 0.0140104 0.0211076 0.0298304 0.0398535 0.0504469 0.0604501 0.0685591 0.0738051 0.0758716 0.0750424 0.071917 0.0671494 0.0613215 0.0549048 0.0482529 0.0416089 0.0351335 0.028942 0.0231391 0.0178383 0.0131617 0.00921906 0.00607858 0.0037407
 0.0085621 0.0139349 0.0210143 0.029729 0.039755 0.0503578 0.0603701 0.0684842 0.0737352 0.0758156 0.0750159 0.0719322 0.0672061 0.0614046 0.0549923 0.0483272 0.0416658 0.0351816 0.0289948 0.0232049 0.0179149 0.0132375 0.00928137 0.00612022 0.00376242
 0.00869069 0.0141145 0.0212304 0.0299511 0.0399464 0.0504908 0.0604361 0.068493 0.0737038 0.0757566 0.0749338 0.0718284 0.0670848 0.0612749 0.0548642 0.0482072 0.0415568 0.0350858 0.0289165 0.0231493 0.0178836 0.0132267 0.00928286 0.00612549 0.00376617
 0.00870183 0.0141429 0.0212904 0.0300583 0.0401082 0.0506957 0.0606486 0.0686623 0.0737849 0.0757316 0.0748194 0.0716639 0.0669117 0.0611213 0.0547408 0.0481131 0.0414862 0.0350329 0.0288778 0.0231233 0.0178698 0.0132236 0.00928691 0.00613234 0.0037723
 0.0086982 0.014132 0.021266 0.030014 0.0400427 0.0506177 0.060578 0.0686229 0.0737916 0.0757798 0.0748858 0.0717203 0.0669407 0.0611233 0.0547291 0.0481028 0.041486 0.035044 0.0288969 0.0231463 0.0178938 0.0132466 0.00930755 0.00614923 0.00378464
 0.00863584 0.0140383 0.021139 0.0298566 0.0398611 0.0504201 0.0603748 0.0684288 0.0736273 0.0756697 0.0748503 0.0717662 0.0670569 0.0612849 0.0549085 0.0482792 0.0416491 0.0351909 0.0290271 0.0232592 0.0179883 0.0133221 0.00936467 0.0061898 0.00381136
 0.00869889 0.0141066 0.0211798 0.0298207 0.0396996 0.0501081 0.0599299 0.0679111 0.0731195 0.0752498 0.0745714 0.0716508 0.0671007 0.0614634 0.0551839 0.0486085 0.0419921 0.035517 0.0293175 0.0235049 0.0181869 0.0134753 0.00947659 0.00626656 0.00386032
 0.00901018 0.0146589 0.022089 0.0312036 0.0416224 0.0525173 0.0626056 0.0704881 0.0751877 0.0764871 0.0748379 0.071002 0.0657337 0.0596382 0.0531554 0.046584 0.0401155 0.0338708 0.0279367 0.022393 0.017328 0.0128419 0.00903406 0.00597613 0.00368284
 0.00842247 0.0137252 0.0207346 0.0294009 0.0394277 0.0501094 0.0602965 0.0686692 0.0742076 0.0765155 0.0757998 0.0726231 0.0676619 0.0615665 0.0548883 0.048041 0.0412957 0.0348111 0.0286808 0.0229768 0.0177776 0.013177 0.00927244 0.00613596 0.00378274
#obs surv len freq
 0.00496747 0.00813605 0.0123743 0.0176957 0.023974 0.0308445 0.0376833 0.0437683 0.0485499 0.0518264 0.0537149 0.0544985 0.0544953 0.0540014 0.0532773 0.0525374 0.0519275 0.051483 0.0510659 0.050307 0.0486239 0.0453857 0.0402152 0.0332813 0.0253659
 0.00518223 0.00848796 0.0129091 0.0184575 0.0249972 0.0321398 0.0392241 0.0454859 0.0503433 0.0535814 0.0553216 0.0558605 0.0555306 0.054641 0.0534654 0.0522351 0.0511203 0.0501896 0.0493452 0.0482615 0.0463968 0.0431488 0.0381446 0.0315237 0.0240069
 0.0054094 0.00886062 0.0134763 0.0192675 0.0260883 0.0335263 0.0408812 0.0473437 0.0522957 0.0555059 0.0570982 0.0573833 0.056712 0.0554106 0.0537674 0.0520259 0.0503716 0.0488975 0.047545 0.0460426 0.0439091 0.0405925 0.0357379 0.0294563 0.0223952
 0.00564352 0.00924385 0.0140582 0.0200961 0.0272022 0.0349403 0.0425715 0.0492421 0.0542985 0.0574921 0.0589481 0.0589894 0.057983 0.0562723 0.0541598 0.0519018 0.0496959 0.0476539 0.0457513 0.0437714 0.0413036 0.0378621 0.0331261 0.0271848 0.0206082
 0.00589221 0.00965148 0.0146778 0.0209792 0.0283885 0.0364424 0.0443585 0.051235 0.0563813 0.0595353 0.060829 0.0606038 0.0592472 0.0571201 0.0545389 0.0517693 0.0490172 0.046408 0.0439455 0.0414651 0.0386289 0.0350268 0.0303839 0.0247765 0.0186982
 0.00614896 0.0100716 0.015315 0.0218855 0.0296038 0.0379791 0.0461849 0.0532694 0.0585032 0.061608 0.0627229 0.0622098 0.0604815 0.0579224 0.054867 0.051592 0.0483092 0.0451524 0.0421471 0.0391738 0.0359649 0.0321877 0.0276199 0.0223327 0.0167475
 0.00636698 0.010431 0.0158656 0.0226768 0.0306769 0.0393509 0.0478331 0.055126 0.0604637 0.0635505 0.0645269 0.0637684 0.0617066 0.0587468 0.0552423 0.0514846 0.0476957 0.0440189 0.040499 0.0370557 0.0334844 0.0295257 0.0250105 0.0200102 0.0148826
 0.00661378 0.0108331 0.0164722 0.0235343 0.0318193 0.0407859 0.0495276 0.0570012 0.0624059 0.0654333 0.066232 0.0651977 0.0627857 0.0594231 0.0554813 0.0512644 0.0470026 0.0428475 0.0388595 0.0349922 0.0310963 0.0269786 0.0225196 0.0177933 0.0130997
 0.00684803 0.0112185 0.0170602 0.0243749 0.0329499 0.0422148 0.0512174 0.0588642 0.0643185 0.067261 0.0678533 0.0665173 0.0637375 0.0599668 0.0555965 0.0509439 0.0462463 0.0416605 0.0372593 0.0330238 0.0288514 0.0246062 0.0202119 0.0157447 0.0114536
 0.00706437 0.0115729 0.0175987 0.0251419 0.0339799 0.0435184 0.0527663 0.0605854 0.0661027 0.0689823 0.0693904 0.0677683 0.0646286 0.0604537 0.0556616 0.0505884 0.0454822 0.0405064 0.0357427 0.0311937 0.0267941 0.0224544 0.0181334 0.0139078 0.00998129
 0.00726241 0.0119017 0.0181059 0.0258754 0.0349766 0.0447879 0.054275 0.0622521 0.0678118 0.0706077 0.0708167 0.0689041 0.0654091 0.060841 0.0556416 0.0501669 0.044679 0.0393504 0.0342725 0.0294648 0.0248906 0.0204955 0.0162642 0.0122702 0.00867672
 0.00741272 0.0121484 0.018482 0.0264142 0.0357068 0.0457243 0.0554077 0.0635397 0.0691835 0.0719726 0.0720771 0.0699676 0.0661992 0.0613038 0.0557476 0.0499089 0.0440677 0.0384109 0.0330437 0.0280032 0.023277 0.0188374 0.0146872 0.0108935 0.00758318
 0.00751461 0.0123124 0.0187262 0.0267553 0.036159 0.0462958 0.0560972 0.0643335 0.0700551 0.0728851 0.0729843 0.0708147 0.0669252 0.0618466 0.0560523 0.049935 0.0437946 0.0378395 0.032197 0.0269278 0.022045 0.0175451 0.0134439 0.00980156 0.00671326
 0.00758252 0.0124198 0.0188823 0.0269674 0.0364314 0.0466298 0.0564898 0.0647774 0.0705405 0.0734016 0.0735206 0.0713555 0.067446 0.0623108 0.0564122 0.0501388 0.0437958 0.0376072 0.0317245 0.0262376 0.0211904 0.0166061 0.012515 0.00897169 0.00604527
 0.00767124 0.0125554 0.0190705 0.0272073 0.0367167 0.0469496 0.0568296 0.0651207 0.0708717 0.0737102 0.0738036 0.071616 0.0676883 0.0625331 0.0566008 0.0502661 0.0438238 0.0374968 0.0314481 0.0257911 0.0206004 0.0159286 0.0118246 0.00834292 0.00553282
 0.00770604 0.0126123 0.0191564 0.0273281 0.0368752 0.0471428 0.057047 0.0653458 0.071087 0.0739031 0.0739707 0.0717623 0.0678229 0.0626633 0.0567266 0.0503762 0.0438947 0.0374964 0.0313444 0.0255647 0.0202552 0.0154963 0.0113581 0.0079012 0.0051631
 0.00777847 0.012719 0.0192964 0.0274941 0.0370557 0.0473269 0.0572267 0.0655158 0.0712423 0.0740375 0.0740778 0.0718381 0.0678686 0.0626855 0.0567341 0.0503743 0.04388 0.0374548 0.0312548 0.0254071 0.0200223 0.0152006 0.0110314 0.00758466 0.00489296
 0.00781849 0.0127848 0.0193963 0.0276344 0.0372374 0.0475418 0.0574553 0.0657305 0.0714162 0.0741542 0.0741358 0.0718478 0.0678449 0.0626417 0.0566797 0.0503148 0.0438164 0.0373825 0.0311631 0.0252828 0.0198567 0.0149963 0.0108052 0.00736251 0.00470031
 0.00782792 0.0127946 0.0194013 0.0276278 0.0372145 0.047504 0.0574129 0.0657 0.0714129 0.0741849 0.0741966 0.0719275 0.0679317 0.0627273 0.0567601 0.0503877 0.0438789 0.0374292 0.0311859 0.0252726 0.0198071 0.014908 0.0106886 0.00723559 0.00458265
 0.00785046 0.0128276 0.0194438 0.0276758 0.0372606 0.047539 0.0574277 0.0656886 0.0713764 0.0741332 0.0741457 0.0718937 0.0679243 0.0627468 0.0567996 0.0504375 0.0439297 0.037473 0.0312152 0.0252803 0.0197877 0.014861 0.0106197 0.00715633 0.00450634
 0.00788041 0.0128726 0.0195044 0.0277495 0.0373423 0.0476211 0.0575005 0.0657417 0.0714002 0.0741222 0.0741015 0.0718259 0.0678484 0.0626789 0.0567511 0.0504122 0.0439241 0.0374788 0.0312227 0.0252805 0.0197741 0.0148309 0.0105755 0.00710475 0.00445582
 0.00787891 0.0128678 0.0194932 0.0277277 0.0373061 0.0475692 0.0574359 0.0656711 0.0713327 0.074066 0.074062 0.0718052 0.0678466 0.0626957 0.0567864 0.0504654 0.0439923 0.0375558 0.0312996 0.0253475 0.0198231 0.0148579 0.0105814 0.00709472 0.0044375
 0.00789657 0.0128927 0.0195234 0.0277587 0.0373313 0.0475817 0.05743 0.065644 0.0712852 0.0740035 0.0739931 0.0717399 0.0677937 0.0626609 0.0567722 0.0504714 0.0440164 0.0375942 0.0313462 0.0253947 0.0198634 0.0148857 0.0105947 0.00709562 0.0044305
 0.00788281 0.0128725 0.0194967 0.0277266 0.0372955 0.0475429 0.057388 0.0655979 0.0712348 0.0739505 0.0739416 0.0716963 0.0677648 0.062652 0.0567858 0.0505069 0.0440704 0.0376612 0.0314194 0.0254669 0.0199275 0.0149362 0.0106292 0.00711505 0.00443842
 0.00787722 0.0128595 0.0194704 0.0276796 0.037222 0.0474424 0.0572677 0.0654722 0.0711206 0.0738614 0.0738848 0.071672 0.0677698 0.0626823 0.0568379 0.0505778 0.0441562 0.037757 0.0315188 0.0255629 0.0200132 0.0150063 0.0106811 0.0071491 0.00445786
 0.00787246 0.0128499 0.0194522 0.0276479 0.037171 0.0473673 0.0571665 0.065348 0.0709829 0.0737253 0.0737682 0.0715911 0.0677342 0.0626933 0.0568897 0.0506608 0.0442603 0.0378726 0.0316376 0.0256768 0.0201153 0.0150911 0.0107458 0.00719398 0.00448576
 0.00784956 0.012814 0.0194007 0.0275792 0.0370847 0.0472642 0.0570496 0.0652221 0.0708549 0.0736038 0.0736629 0.0715126 0.0676925 0.0626954 0.0569374 0.0507495 0.0443803 0.0380114 0.0317825 0.0258164 0.0202405 0.0151957 0.0108265 0.00725114 0.00452257
 0.00782032 0.0127617 0.0193135 0.0274443 0.0368928 0.0470158 0.0567596 0.0649196 0.0705757 0.0733803 0.0735165 0.071451 0.0677127 0.062788 0.0570901 0.0509484 0.0446104 0.0382566 0.0320265 0.0260444 0.0204404 0.0153598 0.0109519 0.00733978 0.00458003
 0.0078004 0.0127283 0.019261 0.0273661 0.0367815 0.046865 0.0565664 0.0646882 0.0703199 0.073124 0.0732898 0.0712836 0.067626 0.0627904 0.0571767 0.0511048 0.0448171 0.038493 0.0322723 0.0262812 0.0206532 0.0155378 0.0110901 0.00743864 0.0046449
 0.00775897 0.0126625 0.0191652 0.0272362 0.0366161 0.0466665 0.0563421 0.0644502 0.0700832 0.0729041 0.0731017 0.0711422 0.0675457 0.0627832 0.0572485 0.0512524 0.0450275 0.038746 0.0325445 0.0265496 0.0208981 0.015745 0.0112524 0.00755583 0.00472239
 0.00774855 0.0126393 0.0191188 0.0271536 0.0364854 0.0464824 0.0561111 0.0641903 0.0698201 0.0726634 0.0729035 0.070999 0.0674643 0.0627667 0.0572983 0.0513675 0.0452023 0.0389684 0.0327964 0.0268091 0.0211432 0.0159582 0.011423 0.00768093 0.00480619
 0.00935727 0.0148972 0.0218561 0.0299903 0.0389405 0.0481489 0.0567951 0.0639407 0.0688526 0.0712481 0.0712804 0.0693433 0.0658881 0.0613348 0.0560437 0.0503035 0.0443303 0.0382812 0.0322792 0.02644 0.0208957 0.0158033 0.0113332 0.0076333 0.00478328
 0.00929792 0.0151009 0.0226927 0.0319231 0.0423264 0.0529677 0.0624764 0.0694559 0.0730803 0.0734161 0.0712196 0.067434 0.0627921 0.0577106 0.0523813 0.0468954 0.0413183 0.0357164 0.0301656 0.0247568 0.0196062 0.0148595 0.0106782 0.00720571 0.00452298
 0.00894731 0.0145448 0.0219038 0.0309434 0.0413242 0.0522779 0.0625642 0.0707538 0.0757366 0.0771024 0.0751678 0.0707291 0.0647553 0.0581349 0.0515074 0.045202 0.0392912 0.0337135 0.0283908 0.0232952 0.0184707 0.0140242 0.0100981 0.00682774 0.00429366
 0.00879824 0.0142884 0.0214924 0.0303261 0.0404648 0.0511887 0.0613495 0.069641 0.0750606 0.0772156 0.0762845 0.0727752 0.067328 0.0606332 0.0533773 0.0461501 0.0393464 0.0331321 0.027496 0.0223537 0.017644 0.0133789 0.00963847 0.00652599 0.0041108
 0.00871798 0.0141564 0.0212898 0.0300313 0.0400543 0.0506413 0.0606561 0.0688216 0.0741865 0.0764276 0.0757869 0.0727853 0.0679809 0.0618867 0.054983 0.0477339 0.040563 0.0337993 0.0276339 0.0221226 0.0172421 0.0129632 0.00929584 0.0062829 0.00395762
 0.00870156 0.0141234 0.0212283 0.0299255 0.0398872 0.0503987 0.0603303 0.0684132 0.0737053 0.0758983 0.0752607 0.0723514 0.0677613 0.0619992 0.0554804 0.0485518 0.0415221 0.0346733 0.0282465 0.0224123 0.0172605 0.0128216 0.00910329 0.0061104 0.00383353
 0.00867535 0.0140833 0.0211722 0.029852 0.0397942 0.0502819 0.0601827 0.0682269 0.0734746 0.0756231 0.074951 0.0720325 0.0674789 0.0618193 0.0554753 0.0487691 0.0419497 0.0352276 0.0287987 0.0228442 0.0175126 0.0129051 0.00907538 0.00603596 0.00375847
 0.00868177 0.0140909 0.0211783 0.0298526 0.0397846 0.0502584 0.0601434 0.0681704 0.0733982 0.0755214 0.0748177 0.0718646 0.0672843 0.0616225 0.0553176 0.0486998 0.0420061 0.0354128 0.0290719 0.0231342 0.0177496 0.0130505 0.0091309 0.00603067 0.003727
 0.00866481 0.0140685 0.021154 0.0298322 0.0397742 0.0502605 0.060155 0.0681834 0.0734023 0.0755078 0.0747807 0.0718015 0.0671953 0.0615128 0.055201 0.0486003 0.0419535 0.0354305 0.0291633 0.0232768 0.0179035 0.013177 0.00920956 0.00606303 0.00372866
 0.00865464 0.0140505 0.0211245 0.0297881 0.0397145 0.0501893 0.0600818 0.0681215 0.0733633 0.0754961 0.074791 0.0718218 0.0672119 0.0615155 0.0551871 0.0485757 0.0419324 0.0354306 0.0291981 0.0233472 0.0179959 0.0132694 0.00928249 0.00610802 0.0037487
 0.0086418 0.0140305 0.021096 0.0297501 0.0396664 0.0501309 0.0600143 0.0680484 0.0732917 0.0754357 0.0747518 0.0718097 0.0672259 0.0615477 0.055226 0.0486123 0.0419638 0.0354611 0.0292357 0.0233979 0.0180586 0.0133359 0.00934156 0.00615146 0.00377467
 0.0086166 0.0139922 0.0210434 0.029684 0.0395895 0.0500473 0.0599292 0.0679677 0.0732211 0.0753805 0.074716 0.0717966 0.0672373 0.061583 0.055281 0.0486794 0.0420349 0.0355306 0.0293019 0.023462 0.0181215 0.0133958 0.00939408 0.00619225 0.00380203
 0.00862975 0.0140088 0.0210595 0.0296932 0.0395848 0.0500241 0.0598878 0.0679131 0.073161 0.0753223 0.0746651 0.071756 0.0672088 0.0615682 0.0552807 0.0486936 0.0420612 0.0355653 0.0293413 0.0235034 0.0181631 0.0134356 0.00942972 0.00622117 0.00382277
 0.00861348 0.0139875 0.0210367 0.0296746 0.0395757 0.0500259 0.059896 0.0679185 0.0731545 0.0752996 0.0746288 0.0717141 0.0671705 0.0615404 0.0552673 0.048695 0.0420761 0.035591 0.0293744 0.0235404 0.0182007 0.0134711 0.00946079 0.00624611 0.00384088
 0.0086012 0.0139676 0.0210073 0.0296348 0.0395269 0.0499732 0.0598475 0.0678837 0.0731398 0.0753048 0.074647 0.0717353 0.0671872 0.0615503 0.0552733 0.0487022 0.0420886 0.0356106 0.0294006 0.023571 0.0182329 0.0135019 0.00948785 0.00626783 0.00385671
 0.0086012 0.0139676 0.0210073 0.0296348 0.0395269 0.0499732 0.0598475 0.0678837 0.0731398 0.0753048 0.074647 0.0717353 0.0671872 0.0615503 0.0552733 0.0487022 0.0420886 0.0356106 0.0294006 0.023571 0.0182329 0.0135019 0.00948785 0.00626783 0.00385671
 0.00900772 0.014608 0.0219297 0.0308617 0.0410409 0.0517006 0.0616476 0.0695593 0.0744777 0.0761326 0.0748767 0.071376 0.0663272 0.0603259 0.0538366 0.0471961 0.0406303 0.0342843 0.0282571 0.0226327 0.0175 0.0129588 0.00910811 0.00601919 0.00370542
 0.00838943 0.0136727 0.0206563 0.0292879 0.0392664 0.0498811 0.059984 0.0682712 0.0737549 0.0760775 0.0754696 0.0724834 0.0677495 0.0618562 0.0553072 0.0485005 0.0417222 0.0351621 0.0289439 0.0231596 0.0178963 0.0132489 0.00931244 0.00615575 0.00379092
#pred catch len freq
 0.00360393 0.0058494 0.00882032 0.0125561 0.0170805 0.022346 0.0281685 0.034227 0.0401333 0.0455161 0.0500753 0.0536159 0.0560721 0.0575066 0.0580797 0.0580092 0.0575377 0.0568927 0.0562021 0.0553626 0.0539345 0.0512027 0.0464885 0.0396005 0.0311188
 0.00394275 0.00635647 0.009505 0.0134061 0.018076 0.0234762 0.0294353 0.0356267 0.0416267 0.0470086 0.0514273 0.0546851 0.0567661 0.0578152 0.058067 0.0577697 0.0571378 0.0563265 0.0553845 0.0541702 0.0522833 0.0491249 0.0441618 0.037301 0.0291196
 0.00410539 0.00665336 0.0100095 0.0142005 0.0192254 0.0249932 0.0312547 0.037613 0.043617 0.048861 0.0530433 0.0559962 0.0577116 0.0583391 0.0581395 0.0574072 0.0563958 0.0552627 0.0540203 0.0524843 0.0502529 0.0467925 0.0416772 0.0349001 0.0270443
 0.00434845 0.00702678 0.0105363 0.0149014 0.0201323 0.026159 0.0327445 0.0394684 0.0458064 0.0512482 0.0554024 0.0580734 0.0592976 0.0593122 0.0584642 0.0571077 0.0555295 0.0538997 0.0522271 0.0503167 0.0477711 0.0440963 0.0389341 0.0323317 0.0248647
 0.00455558 0.00737249 0.0110722 0.0156791 0.0211911 0.0275101 0.034361 0.0412926 0.0477706 0.0532911 0.0574596 0.0600484 0.0610429 0.0606465 0.0592199 0.0571787 0.0548897 0.0525908 0.0503319 0.0479404 0.0450408 0.0411748 0.0360275 0.0296686 0.0226435
 0.00478635 0.0077432 0.011624 0.016453 0.022227 0.0288407 0.0359977 0.0432077 0.0498864 0.0554847 0.0595864 0.0619715 0.0626514 0.0618509 0.0599354 0.0573184 0.0543793 0.0513953 0.048476 0.0455143 0.0421972 0.0381219 0.0330126 0.0269404 0.0203982
 0.00510104 0.00823718 0.012336 0.0174112 0.0234493 0.0303342 0.0377524 0.0451877 0.052024 0.0576798 0.0617116 0.0638851 0.064217 0.062957 0.0605047 0.057301 0.0537407 0.0501143 0.0465601 0.0430258 0.0392745 0.034981 0.0299203 0.0241618 0.0181325
 0.00533089 0.00861046 0.0128972 0.018202 0.0245013 0.0316579 0.0393261 0.0469541 0.0538993 0.0595702 0.0635248 0.0655333 0.0656125 0.0640115 0.0611331 0.057429 0.0533113 0.0490923 0.0449419 0.040858 0.0366748 0.032146 0.0271036 0.0216198 0.0160588
 0.00555119 0.0089722 0.0134495 0.0189955 0.025582 0.0330538 0.0410298 0.0489092 0.0559989 0.0616704 0.0654697 0.067183 0.0668657 0.0648108 0.0614544 0.0572619 0.0526445 0.0479133 0.0432509 0.0386929 0.0341368 0.0294116 0.0244054 0.0191964 0.0140904
 0.00575606 0.00930159 0.0139399 0.0196827 0.0264994 0.0342275 0.0424683 0.0505906 0.0578621 0.0636126 0.0673544 0.0688585 0.0681912 0.0656815 0.0618141 0.0570982 0.0519716 0.0467549 0.0416367 0.0366728 0.0318055 0.0269236 0.0219642 0.0170116 0.0123205
 0.00597692 0.00965416 0.0144591 0.0203984 0.0274337 0.0353889 0.0438437 0.05214 0.0595192 0.0652914 0.068957 0.070281 0.0693312 0.0664476 0.0621375 0.0569412 0.0513289 0.0456478 0.0401078 0.0347877 0.029664 0.0246689 0.0197747 0.0150664 0.0107529
 0.00620681 0.0100205 0.0149971 0.0211372 0.0283924 0.0365701 0.0452246 0.053666 0.061107 0.066841 0.0703662 0.0714594 0.0702073 0.0669707 0.0622748 0.0566746 0.0506538 0.044576 0.038672 0.0330484 0.0277164 0.0226451 0.0178316 0.0133562 0.00938484
 0.00636532 0.0102787 0.0153873 0.021692 0.0291406 0.0375294 0.0463905 0.0550032 0.062547 0.068288 0.0717106 0.0725946 0.0710464 0.0674576 0.0623852 0.0564083 0.050025 0.0436078 0.0373987 0.031524 0.0260241 0.0208996 0.0161674 0.0119011 0.00822759
 0.00642785 0.0103805 0.0155419 0.021915 0.029451 0.0379489 0.0469403 0.0556973 0.0633838 0.0692421 0.0727289 0.0735994 0.0719462 0.0681633 0.0628247 0.0565357 0.0498223 0.0430811 0.036575 0.030452 0.0247779 0.0195792 0.0148882 0.0107721 0.00732504
 0.00641948 0.0103772 0.0155566 0.0219674 0.0295645 0.0381452 0.0472344 0.0560953 0.0638835 0.0698339 0.0733942 0.0743072 0.0726505 0.068804 0.0633343 0.0568503 0.0498926 0.0428813 0.0361067 0.0297462 0.023895 0.0186046 0.0139214 0.00990679 0.00662747
 0.00648028 0.0104622 0.0156595 0.0220753 0.0296641 0.0382312 0.0473155 0.0561931 0.0640249 0.070041 0.0736777 0.0746638 0.073063 0.0692418 0.0637539 0.0571978 0.050111 0.0429211 0.0359387 0.0293709 0.0233463 0.0179467 0.0132363 0.00927506 0.00610866
 0.00670788 0.0107931 0.0160848 0.0225611 0.0301606 0.0386883 0.0476955 0.0564762 0.0642081 0.0701352 0.0737034 0.0746465 0.0730273 0.0692049 0.0637209 0.0571587 0.0500413 0.0427869 0.0357074 0.0290241 0.0228911 0.0174184 0.0126906 0.00877228 0.00569532
 0.00673168 0.0108332 0.0161461 0.0226452 0.0302606 0.0387841 0.0477546 0.0564639 0.0641057 0.0699564 0.0734964 0.0744774 0.0729542 0.0692571 0.063892 0.0574132 0.0503264 0.0430452 0.0358869 0.0290886 0.0228285 0.0172447 0.0124458 0.00850708 0.00545513
 0.00673906 0.0108421 0.0161544 0.0226502 0.0302615 0.0387837 0.0477582 0.056475 0.0641191 0.0699567 0.0734656 0.0744093 0.0728651 0.0691832 0.0638732 0.057473 0.0504597 0.0432198 0.0360559 0.0292063 0.0228652 0.0171951 0.0123284 0.00835557 0.00530484
 0.00679069 0.0109093 0.0162246 0.0227017 0.0302694 0.0387304 0.0476425 0.0563139 0.0639427 0.0697973 0.0733465 0.0743386 0.0728375 0.069189 0.0639083 0.0575412 0.0505666 0.0433617 0.0362139 0.02935 0.0229645 0.0172329 0.0123069 0.00829324 0.00522678
 0.00677029 0.0108854 0.0162047 0.0226952 0.0302813 0.038753 0.0476527 0.0562798 0.0638405 0.069627 0.0731368 0.0741362 0.0726871 0.0691169 0.0639174 0.0576188 0.0506944 0.0435218 0.0363878 0.029517 0.023103 0.0173262 0.0123501 0.00829429 0.00520225
 0.00679793 0.0109189 0.016235 0.0227095 0.0302693 0.0387154 0.0476037 0.0562406 0.0638244 0.0696283 0.0731323 0.0741008 0.0726124 0.0690176 0.0638234 0.0575589 0.0506842 0.0435607 0.0364633 0.0296104 0.023194 0.0173982 0.0123937 0.00830984 0.0051974
 0.00678998 0.0109083 0.0162222 0.022694 0.030247 0.0386763 0.0475337 0.0561288 0.0636733 0.0694586 0.0729774 0.0739912 0.0725611 0.0690185 0.0638613 0.0576215 0.0507675 0.0436648 0.0365856 0.0297416 0.0233203 0.0175054 0.0124725 0.00835839 0.00522074
 0.00685246 0.011006 0.016362 0.0228789 0.0304747 0.038937 0.0478071 0.0563833 0.0638695 0.0695594 0.0729601 0.0738572 0.0723368 0.0687455 0.0635814 0.0573657 0.0505533 0.0434994 0.0364698 0.029671 0.0232854 0.0174938 0.0124717 0.00835933 0.00521938
 0.00672113 0.0108309 0.0161695 0.0227179 0.0304034 0.0390017 0.0480237 0.0567306 0.064296 0.0699968 0.0733392 0.0741214 0.0724538 0.0687139 0.0634287 0.0571377 0.0502987 0.043258 0.0362662 0.0295155 0.0231773 0.0174249 0.012431 0.00833621 0.00520592
 0.00672818 0.0108047 0.0160638 0.0224754 0.0299818 0.0384085 0.0473384 0.0560922 0.0638545 0.0698527 0.0735067 0.0745325 0.0729946 0.0692682 0.0639111 0.0575064 0.0505515 0.0434182 0.036366 0.0295828 0.0232296 0.0174698 0.0124692 0.00836627 0.00522689
 0.00661595 0.0106502 0.0158792 0.0222798 0.0297838 0.0381877 0.0470429 0.0556657 0.0632843 0.0692065 0.0729248 0.0741713 0.072954 0.0695496 0.064427 0.0581288 0.051165 0.0439503 0.0367902 0.0299045 0.0234677 0.0176435 0.0125935 0.00845173 0.0052821
 0.00654693 0.0105384 0.0157137 0.0220555 0.0295079 0.0378837 0.0467477 0.0554142 0.0630876 0.0690423 0.0727547 0.0739786 0.0727714 0.06945 0.064481 0.0583602 0.0515373 0.044389 0.0372196 0.0302738 0.0237569 0.0178555 0.012741 0.00854962 0.00534353
 0.00661015 0.0106231 0.0158071 0.022133 0.0295382 0.0378384 0.0466124 0.0551957 0.0628137 0.0687535 0.0724882 0.0737544 0.0725913 0.0693116 0.0643939 0.0583483 0.0516223 0.0445697 0.037466 0.03054 0.0240012 0.0180529 0.0128852 0.0086463 0.00540361
 0.00654634 0.010543 0.0157292 0.0220858 0.0295479 0.0379124 0.0467278 0.0553037 0.0628597 0.0687025 0.0723402 0.0735418 0.0723614 0.0691066 0.064241 0.0582615 0.0516084 0.0446301 0.0375924 0.0307112 0.0241869 0.0182242 0.0130233 0.00874528 0.00546742
 0.00655355 0.0105375 0.015691 0.021991 0.0293813 0.0376829 0.0464757 0.0550892 0.0627349 0.0686832 0.0723981 0.0736238 0.0724205 0.0691247 0.0642301 0.0582495 0.0516226 0.0446873 0.0376962 0.0308525 0.0243474 0.0183818 0.013159 0.00884872 0.00553757
 0.00718122 0.0114242 0.0167768 0.0231327 0.0303893 0.0383833 0.0467655 0.0549591 0.062259 0.0679877 0.0716225 0.0728819 0.0717761 0.0685894 0.0637839 0.0578689 0.0512977 0.0444227 0.0375006 0.0307289 0.0242881 0.01837 0.0131747 0.00887425 0.00556148
 0.00791479 0.012559 0.0183693 0.0251761 0.0327923 0.0409528 0.0492063 0.0569168 0.0634141 0.0681659 0.0708567 0.0713888 0.0698636 0.0665517 0.0618333 0.0561194 0.049789 0.043155 0.0364624 0.0299067 0.0236658 0.0179246 0.0128757 0.00868708 0.00545268
 0.00784562 0.0125549 0.0185634 0.0257591 0.0339618 0.0428302 0.0517553 0.0599073 0.0664519 0.0707806 0.0726211 0.0720347 0.0693538 0.0650758 0.059727 0.0537483 0.0474514 0.0410409 0.0346624 0.0284453 0.022531 0.0170855 0.0122894 0.00830348 0.00521956
 0.00763353 0.0122203 0.0180883 0.0251598 0.033316 0.0423018 0.0515897 0.0603712 0.06772 0.0728193 0.0751435 0.0745691 0.0713995 0.0662706 0.059948 0.0531115 0.0462288 0.0395463 0.0331599 0.0271068 0.0214389 0.016257 0.0117024 0.00791573 0.00498217
 0.00754476 0.0120697 0.0178493 0.0248022 0.0328136 0.0416477 0.0508214 0.0595959 0.0671225 0.0726305 0.075562 0.0756588 0.0730201 0.0680962 0.0615788 0.0542239 0.0466825 0.0393993 0.032602 0.0263634 0.0206951 0.015625 0.0112256 0.00759025 0.00477957
 0.00751449 0.0120142 0.0177533 0.024645 0.0325709 0.0412956 0.0503448 0.0589996 0.0664456 0.0719607 0.0750376 0.0754449 0.0732529 0.0688112 0.0626662 0.0554488 0.0477699 0.0401418 0.0329273 0.0263318 0.0204425 0.0152929 0.0109157 0.00735174 0.00462046
