SBPRF35
7.78865
Curr Bio
590955
B35
670880
F35
0.225611
FOFL
0.205318
OFL
95664.1
Bzero
2.22533e+006
#pred survey bio
 4.79736e+006 4.48802e+006 4.2014e+006 3.88969e+006 3.55447e+006 3.19974e+006 2.87021e+006 2.52381e+006 2.23067e+006 1.96274e+006 1.73412e+006 1.53578e+006 1.36654e+006 1.19976e+006 1.06487e+006 933018 822845 757421 706923 674207 644019 614689 591048 583320 565677 564590 561671 558312 556775 565492 567065 562573 547186 546674 540478 525735 522086 512294 511391 517695 528994 537076 542372 551759 552724 572836 586042 592505 594955 612317 603943 547712 540795 526183 515022 492484 466985 487365 516247 506360 519401 507646 511411 513258 539175 570493 591551 2.14898e+007 1.31331e+007 1.34775e+007 1.40348e+007 1.46846e+007 1.53105e+007 1.58524e+007 1.62918e+007 1.66329e+007 1.68903e+007 1.70812e+007 1.72213e+007 1.73236e+007 1.73983e+007 1.74529e+007 1.7493e+007 1.75226e+007 1.75446e+007 1.7561e+007 1.75733e+007 1.75826e+007 1.75897e+007 1.7595e+007 1.75991e+007 1.76022e+007 1.76046e+007 1.76064e+007 1.76078e+007 1.76089e+007 1.76097e+007 1.76104e+007 1.76109e+007 1.76113e+007 1.76116e+007 1.76118e+007 1.7612e+007 1.76121e+007 1.76122e+007 1.76123e+007 1.76124e+007 1.76124e+007 1.76125e+007 1.76125e+007 1.76125e+007 1.76125e+007 1.76125e+007 1.76125e+007 1.76126e+007 1.76126e+007 1.76126e+007 1.76126e+007 1.76126e+007 1.76126e+007 1.76126e+007 1.76126e+007 1.76126e+007 1.76126e+007 1.76126e+007 1.76126e+007 1.76126e+007 1.76126e+007 1.76126e+007 1.76126e+007 1.76126e+007 1.76126e+007 1.76126e+007 1.76126e+007 1.76126e+007 1.76126e+007 1.76126e+007 1.76126e+007 1.76126e+007 1.76126e+007 1.76126e+007 1.76126e+007 1.76126e+007 1.76126e+007 1.76126e+007 1.76126e+007 1.76126e+007 1.76126e+007 1.76126e+007 1.76126e+007 1.76126e+007 1.76126e+007 1.76126e+007 1.76126e+007 1.76126e+007 1.76126e+007 1.76126e+007 1.76126e+007 1.76126e+007 1.76126e+007 1.76126e+007 1.76126e+007 1.76126e+007 1.76126e+007 1.76126e+007 1.76126e+007 1.76126e+007 0 0 0 0 0 0 0 0 0 0 0 0 0 0 0 0 0 0 0 0 0 0 0 0 0
#obs survey bio
 3.73328e+006 3.95652e+006 3.35215e+006 2.99742e+006 4.51924e+006 2.74745e+006 3.73167e+006 2.39624e+006 1.74285e+006 2.56476e+006 1.06293e+006 1.26392e+006 1.15299e+006 1.16212e+006 793374 1.03817e+006 731179 781406 639608 500372 406502 782208 486757 546167 589052 428169 472878 581029 480105 493995 530304 565388 392487 540436 416290 771743 407717 690272 471920 417319 626607 470163 468867 624754 633422 614832 505291 495181 794716 703574 656904 597115 419458 812452 579333 460555 467833 746846 603300 700928 479761 434055 611212 478482 491580 629354 628468
#pred catch bio
 108764 106876 155470 206690 257684 268586 316666 298813 302403 288975 279174 265450 270037 244840 241450 219075 176603 160358 142558 138524 135537 128347 113405 119646 103314 103358 102086 99008 89508.8 94383.9 97066.5 102873 87533.6 90284 94803.4 84824.6 93709.2 91243.6 89181 87217.3 90544.5 92765.3 89423.3 96595.3 81242.4 88361.7 94644.7 98266 86283.9 107848 145065 100651 106268 101415 109175 110519 72972.8 67827.7 99562.3 79366.4 100886 89176.3 93151.1 75740.9 75129.8 87790.7 89963.9 95664.1 105499 107166 110425 114810 119157 122865 125771 127924 129457 130516 131231 131705 132016 132216 132345 132427 132479 132512 132533 132546 132554 132559 132562 132564 132565 132566 132566 132567 132567 132567 132567 132567 132567 132567 132567 132567 132567 132567 132567 132567 132567 132567 132567 132567 132567 132567 132567 132567 132567 132567 132567 132567 132567 132567 132567 132567 132567 132567 132567 132567 132567 132567 132567 132567 132567 132567 132567 132567 132567 132567 132567 132567 132567 132567 132567 132567 132567 132567 132567 132567 132567 132567 132567 132567 132567 132567 132567 132567 132567 132567 132567 132567 132567 132567 132567 132567 132567 132567 132567 0 0 0 0 0 0 0 0 0 0 0 0 0 0 0 0 0 0 0 0 0 0 0 0 0
#obs catch bio
 0 106669 155960 207788 259345 270589 320077 302050 307565 293426 285327 271518 276611 249971 247259 222935 179051 161841 143607 140291 137967 129860 115220 122099 104308 104516 103328 99783.2 90250.6 95207.7 97740.1 103505 87558.1 90580.3 95678.2 84786.8 94199.7 91085.8 89473.9 87599.8 90656.1 92756.7 89293.4 96629 80974.1 88282.2 94389.3 98184.3 85649.7 107234 145179 99947.6 105770 100408 107849 110093 72709.1 67258.6 99694.7 78415.8 100535 88513.1 93044.1 75693.4 74893.5 87785.5 89949.9
#pred cpue bio
 4.71579e+006 4.41005e+006 4.126e+006 3.81579e+006 3.4828e+006 3.13041e+006 2.80293e+006 2.45908e+006 2.16784e+006 1.90185e+006 1.67503e+006 1.47852e+006 1.31144e+006 1.1476e+006 1.01543e+006 886846 779856 716661 668044 636428 607146 578884 556167 548858 532308 531779 529302 526400 525219 533936 535947 532295 518052 517958 512372 498554 494445 483085 480641 486265 497427 505686 511034 520172 521114 540530 553346 559602 561941 578805 570900 516534 509711 495775 485384 463580 438394 457827 486326 477401 489994 478123 481014 482263 507076 537106 556869 2.02377e+007 1.23775e+007 1.26673e+007 1.31501e+007 1.37727e+007 1.43924e+007 1.49333e+007 1.53724e+007 1.57135e+007 1.5971e+007 1.61618e+007 1.63019e+007 1.64042e+007 1.64789e+007 1.65335e+007 1.65736e+007 1.66032e+007 1.66252e+007 1.66416e+007 1.66539e+007 1.66632e+007 1.66703e+007 1.66756e+007 1.66797e+007 1.66828e+007 1.66852e+007 1.6687e+007 1.66884e+007 1.66895e+007 1.66904e+007 1.6691e+007 1.66915e+007 1.66919e+007 1.66922e+007 1.66924e+007 1.66926e+007 1.66927e+007 1.66928e+007 1.66929e+007 1.6693e+007 1.6693e+007 1.66931e+007 1.66931e+007 1.66931e+007 1.66931e+007 1.66931e+007 1.66932e+007 1.66932e+007 1.66932e+007 1.66932e+007 1.66932e+007 1.66932e+007 1.66932e+007 1.66932e+007 1.66932e+007 1.66932e+007 1.66932e+007 1.66932e+007 1.66932e+007 1.66932e+007 1.66932e+007 1.66932e+007 1.66932e+007 1.66932e+007 1.66932e+007 1.66932e+007 1.66932e+007 1.66932e+007 1.66932e+007 1.66932e+007 1.66932e+007 1.66932e+007 1.66932e+007 1.66932e+007 1.66932e+007 1.66932e+007 1.66932e+007 1.66932e+007 1.66932e+007 1.66932e+007 1.66932e+007 1.66932e+007 1.66932e+007 1.66932e+007 1.66932e+007 1.66932e+007 1.66932e+007 1.66932e+007 1.66932e+007 1.66932e+007 1.66932e+007 1.66932e+007 1.66932e+007 1.66932e+007 1.66932e+007 1.66932e+007 1.66932e+007 1.66932e+007 1.66932e+007 1.66932e+007 0 0 0 0 0 0 0 0 0 0 0 0 0 0 0 0 0 0 0 0 0 0 0 0 0
#obs cpue bio
 2.45839e+006 3.51611e+006 3.61351e+006 3.41614e+006 3.3811e+006 2.20924e+006 2.41247e+006 1.8335e+006 1.5908e+006 1.43199e+006 1.38458e+006 1.30609e+006 1.37148e+006 990515 1.01624e+006 874799 696183 789657 656548 542449 580885 529727 336153 443524 617500 572660 492529 599094 423464 595490 580654 610238 809703 441794 445121 527223 492983 541257 350533 500937 541717 651455 599064 499249 470449 496771 772672 647513 581644 517642 483772 542065 766159 462974 586550 394906 350137 460766 342421 622191 430667 642632 335935 393726 717983 444927 488087
#pred surv len freq
 0.00455199 0.00738455 0.0111082 0.0157161 0.0211262 0.0271097 0.0332528 0.039043 0.0440495 0.0480582 0.0510749 0.05324 0.0547411 0.0557542 0.056405 0.0567469 0.056763 0.05638 0.0554651 0.053797 0.0510474 0.0468509 0.0410024 0.0336982 0.0256335
 0.00487437 0.00782893 0.0116341 0.0162484 0.0215911 0.0274834 0.0335866 0.0394374 0.0445839 0.0487202 0.0517374 0.0537064 0.0548331 0.0553938 0.0556508 0.0557732 0.0557938 0.0556054 0.054974 0.0535543 0.0509275 0.046712 0.0407582 0.0333486 0.025243
 0.0050047 0.00808046 0.01208 0.0169655 0.0226236 0.0287978 0.0350495 0.0408483 0.0457566 0.0495614 0.0522623 0.0539804 0.0548892 0.0551973 0.0551361 0.0549178 0.0546682 0.0543604 0.053776 0.0525123 0.0500609 0.0459727 0.0400879 0.0327246 0.024686
 0.00516454 0.00832856 0.0124361 0.017452 0.0232749 0.0296645 0.0361844 0.0422696 0.0474039 0.0512778 0.0538287 0.0551897 0.0556142 0.0554062 0.0548573 0.0541986 0.0535668 0.0529647 0.0522128 0.050924 0.0485638 0.0446324 0.0389274 0.0317509 0.0239062
 0.00539302 0.00869016 0.0129615 0.0181627 0.0241795 0.0307558 0.0374389 0.0436525 0.0488777 0.0528018 0.0553423 0.0565908 0.0567573 0.0561344 0.0550508 0.0538084 0.0526179 0.0515414 0.0504423 0.0489614 0.0465716 0.0427553 0.0372733 0.0303851 0.0228541
 0.00563425 0.00908246 0.0135522 0.0189957 0.0252869 0.0321441 0.0390748 0.0454579 0.0507422 0.0546075 0.0569877 0.0579983 0.0578633 0.0568702 0.0553341 0.0535565 0.0517783 0.0501211 0.048522 0.046689 0.04414 0.0403703 0.0351183 0.0285909 0.0214818
 0.00588423 0.0094813 0.0141395 0.0198064 0.0263488 0.0334719 0.0406595 0.0472562 0.052673 0.0565577 0.0588271 0.0595998 0.0591208 0.0577066 0.0556943 0.0533952 0.0510556 0.0488179 0.0466679 0.0443863 0.0415665 0.0377541 0.0326912 0.0265372 0.0199008
 0.00623866 0.0100418 0.0149541 0.0209102 0.0277592 0.0351818 0.0426273 0.0494018 0.0548846 0.0587082 0.0607896 0.0612575 0.060373 0.0584737 0.0559211 0.0530485 0.0501187 0.0472909 0.0445812 0.0418259 0.0386934 0.0347983 0.0299109 0.0241564 0.0180534
 0.00652556 0.0105091 0.0156592 0.0219071 0.0290886 0.0368543 0.0446071 0.0515996 0.0571695 0.0609319 0.0628106 0.0629558 0.0616548 0.0592694 0.056182 0.052742 0.0492268 0.0458128 0.0425452 0.0393103 0.0358459 0.0318374 0.0270937 0.0217177 0.0161439
 0.00685895 0.0110354 0.0164233 0.0229438 0.0304208 0.0384886 0.0465228 0.0537382 0.05943 0.0631788 0.0648906 0.06472 0.0629795 0.0600695 0.0564108 0.0523825 0.0482799 0.0442927 0.040488 0.0367929 0.0330079 0.0288858 0.0242764 0.0192674 0.0142154
 0.00713153 0.0114806 0.0170967 0.0238978 0.0316939 0.0400889 0.0484126 0.0558298 0.0616002 0.0652927 0.0668207 0.0663539 0.0642206 0.0608386 0.0566507 0.0520616 0.0473911 0.0428518 0.0385359 0.0344083 0.0303236 0.026094 0.0216076 0.0169397 0.0123771
 0.00731957 0.0117956 0.0175891 0.0246228 0.0327032 0.0414153 0.0500511 0.0577254 0.0636484 0.067354 0.0687427 0.0679948 0.0654675 0.0616152 0.056915 0.0517965 0.0465975 0.0415467 0.0367587 0.0322338 0.0278755 0.0235485 0.0191733 0.0148144 0.0106956
 0.00747565 0.0120504 0.0179756 0.025176 0.0334573 0.0423975 0.0512719 0.0591683 0.0652636 0.0690573 0.0704214 0.0695204 0.0667138 0.0624774 0.057322 0.0517134 0.0460193 0.040492 0.0352686 0.0303795 0.0257697 0.0213481 0.0170626 0.0129671 0.00923096
 0.00769942 0.0124102 0.0185098 0.0259177 0.0344284 0.0436002 0.0526781 0.0607161 0.0668649 0.070613 0.0718354 0.0707069 0.0676001 0.0630051 0.0574496 0.0514187 0.0453012 0.0393698 0.0337838 0.0286007 0.0237997 0.0193249 0.015145 0.0113026 0.00791847
 0.0078059 0.0125974 0.0188179 0.0263935 0.0351161 0.044525 0.053831 0.0620461 0.068286 0.0720203 0.0731239 0.0717856 0.0684002 0.063482 0.0575794 0.051193 0.0447231 0.0384544 0.032563 0.0271306 0.0221673 0.0176472 0.0135554 0.00992382 0.00683201
 0.00797496 0.0128693 0.0192228 0.0269597 0.0358682 0.0454778 0.0549791 0.0633545 0.0696845 0.0734078 0.0743821 0.0728002 0.0690827 0.0637844 0.0574955 0.0507479 0.043958 0.0374156 0.0312995 0.0257004 0.0206454 0.0161289 0.0121468 0.00872026 0.00589387
 0.00817562 0.0131828 0.019671 0.0275553 0.0366136 0.0463642 0.0559834 0.0644373 0.0707917 0.0744758 0.0753429 0.0735848 0.0696269 0.0640367 0.0574273 0.0503589 0.0432746 0.0364832 0.0301743 0.0244458 0.0193337 0.0148417 0.010969 0.00772488 0.00512455
 0.00831658 0.0133889 0.0199387 0.027868 0.0369479 0.0467009 0.0563157 0.064772 0.071145 0.0748645 0.0757754 0.074053 0.0701003 0.064464 0.0577446 0.0505046 0.0432048 0.036182 0.0296563 0.0237528 0.018528 0.013999 0.0101671 0.00703058 0.00457958
 0.00853362 0.0137139 0.020375 0.0283977 0.0375339 0.0472928 0.0568573 0.0652107 0.0714444 0.0750177 0.0758084 0.0740143 0.0700406 0.0644146 0.0577061 0.0504487 0.0430868 0.0359589 0.0293031 0.0232723 0.0179517 0.0133799 0.00956731 0.00650546 0.00416487
 0.00863873 0.0138844 0.0206298 0.0287509 0.0379879 0.0478297 0.0574328 0.0657576 0.0718887 0.0753015 0.0759086 0.0739484 0.0698571 0.0641743 0.0574612 0.0502261 0.0428833 0.035748 0.0290515 0.0229571 0.017573 0.012962 0.00915053 0.00613191 0.0038648
 0.0086311 0.0138907 0.020674 0.0288675 0.0382136 0.0481898 0.0579268 0.0663518 0.0725195 0.0758868 0.0763664 0.074217 0.0699116 0.0640328 0.0571756 0.0498619 0.0424966 0.035371 0.0286906 0.0226037 0.0172189 0.0126106 0.00881801 0.00584076 0.00363309
 0.00875703 0.0140678 0.020891 0.0291002 0.0384373 0.0483949 0.0581283 0.0665831 0.0728106 0.0762415 0.0767504 0.0745658 0.0701532 0.064114 0.0570796 0.049611 0.0421397 0.0349636 0.0282773 0.0222106 0.0168566 0.0122834 0.0085314 0.00560244 0.00344918
 0.00880889 0.0141602 0.0210432 0.0293302 0.0387522 0.048779 0.0585386 0.0669595 0.0731008 0.0764249 0.0768438 0.0746048 0.0701647 0.0640981 0.057014 0.0494702 0.0419143 0.0346673 0.02794 0.0218657 0.0165307 0.0119933 0.00828625 0.00540651 0.00330286
 0.00861508 0.0138755 0.0206724 0.0289005 0.0383094 0.0483786 0.0582347 0.0667941 0.0730939 0.0765687 0.0771073 0.0749476 0.0705512 0.0645022 0.0574125 0.0498353 0.0422151 0.0348793 0.0280548 0.0218934 0.0164938 0.0119181 0.00819649 0.00531982 0.00323025
 0.00870421 0.0139841 0.0207699 0.02894 0.0382443 0.0481884 0.0579434 0.0664673 0.0728146 0.0764042 0.0770853 0.0750538 0.0707435 0.0647323 0.0576417 0.0500392 0.0423799 0.0349957 0.0281175 0.0219028 0.0164584 0.0118534 0.00811988 0.00524638 0.00316963
 0.00869064 0.013961 0.0207313 0.0288743 0.0381315 0.0479988 0.0576444 0.0660406 0.0722778 0.0758241 0.0765683 0.0747109 0.0706483 0.0648947 0.0580113 0.0505318 0.0429084 0.0354909 0.0285354 0.022223 0.0166798 0.0119884 0.00818917 0.00527258 0.00317248
 0.00861839 0.0138585 0.0206046 0.0287379 0.0380031 0.0478906 0.0575554 0.0659538 0.0721651 0.0756587 0.0763417 0.0744467 0.0704025 0.0647371 0.0579967 0.0506758 0.0431824 0.0358376 0.0288915 0.0225384 0.0169264 0.0121596 0.00829387 0.0053277 0.00319608
 0.00864726 0.0138858 0.0206105 0.0286945 0.0378852 0.0476905 0.0572931 0.0656726 0.0719138 0.0754693 0.0762175 0.0743686 0.0703475 0.0646982 0.0579887 0.0507262 0.0433119 0.036044 0.0291481 0.0228051 0.0171655 0.0123473 0.0084238 0.00540692 0.00323826
 0.00862494 0.0138576 0.0205816 0.028671 0.0378681 0.0476686 0.0572421 0.0655644 0.0717337 0.0752304 0.0759602 0.0741432 0.0701917 0.0646247 0.0579902 0.0507891 0.0434267 0.0362052 0.0293463 0.0230218 0.0173759 0.0125283 0.00856148 0.0054996 0.00329336
 0.00843594 0.0135716 0.0201916 0.0281869 0.0373158 0.0470872 0.0566793 0.0650699 0.0713492 0.0749807 0.0758514 0.0741691 0.0703429 0.0648906 0.0583551 0.0512282 0.043908 0.0366961 0.0298188 0.0234538 0.0177497 0.0128315 0.00878929 0.00565622 0.00339101
 0.00823694 0.0132702 0.0197796 0.0276727 0.0367237 0.0464541 0.0560526 0.0645042 0.070899 0.074689 0.0757392 0.0742325 0.0705581 0.0652243 0.0587741 0.0517037 0.0444144 0.0372086 0.0303127 0.0239058 0.0181411 0.0131498 0.00903043 0.00582468 0.00349852
 0.00816037 0.0131371 0.0195644 0.027349 0.0362733 0.0458807 0.0553913 0.0638216 0.0702773 0.0742041 0.0754424 0.0741433 0.0706669 0.0655008 0.0591768 0.0521884 0.0449411 0.0377432 0.0308271 0.0243765 0.0185493 0.0134831 0.00928431 0.00600359 0.00361411
 0.00829361 0.0133277 0.0198018 0.0276035 0.0365002 0.0460292 0.0554159 0.0636924 0.0699905 0.0737876 0.0749538 0.0736557 0.0702494 0.0652015 0.0590153 0.0521596 0.045023 0.0379062 0.0310401 0.0246103 0.0187784 0.0136876 0.00945108 0.00612764 0.00369791
 0.00815434 0.013132 0.0195631 0.0273507 0.0362656 0.0458317 0.0552489 0.0635274 0.0697938 0.0735417 0.0746702 0.0733746 0.0700256 0.0650863 0.0590403 0.0523292 0.0453157 0.0382835 0.0314568 0.0250244 0.019156 0.014006 0.00969964 0.0063065 0.00381588
 0.0080618 0.012983 0.0193433 0.0270529 0.0358967 0.0454199 0.0548451 0.0631931 0.0695774 0.0734556 0.0746858 0.0734404 0.0700979 0.0651505 0.0591131 0.0524417 0.0454934 0.0385323 0.0317612 0.0253541 0.0194772 0.0142901 0.00992888 0.00647535 0.00392917
 0.00882318 0.0140511 0.0206366 0.0283889 0.037043 0.046177 0.0551153 0.0629987 0.0690299 0.0727019 0.0738604 0.0726365 0.0693601 0.0644871 0.0585182 0.051916 0.0450505 0.0381915 0.031534 0.0252354 0.0194454 0.0143148 0.00997997 0.00653012 0.00397461
 0.00942135 0.0150058 0.02203 0.0302577 0.0393385 0.0487231 0.0575935 0.0650011 0.0701847 0.0728151 0.0729869 0.0710382 0.0673841 0.0624422 0.0566087 0.0502398 0.0436354 0.0370337 0.0306202 0.0245481 0.0189595 0.013996 0.00978796 0.00642508 0.00392304
 0.00944559 0.0151314 0.022379 0.0309973 0.0406392 0.050686 0.0601768 0.0679817 0.0731786 0.0753571 0.0746495 0.0715536 0.0667233 0.0608108 0.05436 0.0477521 0.0412135 0.0348697 0.0288052 0.0231043 0.0178688 0.013217 0.00926577 0.00609898 0.00373467
 0.00922059 0.0147997 0.0219498 0.0305194 0.0402111 0.0504579 0.0603352 0.0687028 0.0745531 0.0773138 0.076927 0.0737519 0.0684238 0.0617124 0.0543683 0.0469845 0.0399286 0.0333636 0.0273261 0.0218124 0.0168372 0.0124544 0.00874209 0.00576555 0.00353878
 0.00896623 0.0144062 0.0213963 0.0298046 0.0393595 0.0495286 0.0594315 0.0679757 0.0741838 0.0774707 0.0777037 0.0751096 0.0701686 0.0635321 0.0559247 0.0480238 0.0403565 0.0332506 0.0268502 0.0211771 0.0162072 0.0119275 0.00835346 0.00550785 0.00338395
 0.00881065 0.014148 0.020999 0.0292334 0.0385921 0.0485712 0.0583352 0.0668425 0.073157 0.0767129 0.0773674 0.0753036 0.0709219 0.0647646 0.0574457 0.0495734 0.0416822 0.0341855 0.0273541 0.0213217 0.0161232 0.0117451 0.00816496 0.00535927 0.00328564
 0.00881416 0.014138 0.0209537 0.0291201 0.0383712 0.0482063 0.0578053 0.0661537 0.0723515 0.0758718 0.0766058 0.0747533 0.070703 0.0649504 0.0580323 0.0504669 0.0427166 0.0351714 0.0281389 0.0218337 0.016377 0.0118125 0.00813216 0.0052942 0.0032264
 0.00881992 0.0141512 0.0209794 0.0291617 0.0384249 0.0482543 0.0578126 0.0660729 0.0721384 0.0755055 0.076105 0.0741817 0.0701598 0.0645482 0.0578652 0.0505792 0.0430828 0.0357004 0.028705 0.022322 0.0167203 0.0120028 0.00820437 0.0052983 0.00320424
 0.00878542 0.014095 0.0208952 0.0290452 0.0382765 0.0480815 0.0576299 0.0658975 0.0719805 0.0753608 0.0759561 0.0740104 0.0699646 0.064356 0.057729 0.0505587 0.0432175 0.0359875 0.0290953 0.0227375 0.0170856 0.0122716 0.00836896 0.0053797 0.00323394
 0.00886861 0.0142176 0.0210559 0.0292336 0.0384748 0.0482684 0.0577845 0.0660019 0.072022 0.0753334 0.0758589 0.0738452 0.0697358 0.0640749 0.0574205 0.050264 0.0429859 0.0358589 0.0290822 0.0228187 0.0172163 0.0124039 0.00847079 0.00544122 0.00326216
 0.00874676 0.0140319 0.0207995 0.0289084 0.0380909 0.0478423 0.0573396 0.0655693 0.0716399 0.0750422 0.0756928 0.0738233 0.0698552 0.0643103 0.0577324 0.0506125 0.0433434 0.0362135 0.0294312 0.0231571 0.0175302 0.0126734 0.00867969 0.00558502 0.00334917
 0.00870546 0.0139636 0.020695 0.0287591 0.0378919 0.0475958 0.0570579 0.0652741 0.0713576 0.0747976 0.075506 0.0737089 0.0698228 0.0643636 0.057866 0.0508112 0.0435854 0.0364773 0.0296996 0.0234177 0.0177718 0.0128843 0.00884941 0.00570855 0.00342933
 0.00866947 0.0139152 0.0206402 0.0287086 0.037856 0.0475784 0.0570517 0.0652629 0.0713234 0.0747294 0.0754046 0.0735865 0.0696988 0.0642589 0.0577985 0.0507926 0.0436187 0.0365571 0.0298145 0.0235532 0.0179131 0.0130178 0.00896371 0.0057968 0.00349018
 0.00868439 0.0139339 0.0206588 0.0287214 0.037859 0.0475732 0.0570467 0.0652693 0.0713474 0.0747652 0.0754344 0.0735889 0.0696598 0.0641793 0.0576939 0.0506863 0.0435335 0.036508 0.0298064 0.0235819 0.0179677 0.0130847 0.00903024 0.00585348 0.00353233
 0.00846758 0.0136124 0.0202322 0.0282095 0.0372956 0.0469972 0.0564963 0.0647826 0.0709644 0.0745257 0.0753692 0.0737076 0.0699443 0.0645868 0.05817 0.0511803 0.0440091 0.0369451 0.0301966 0.0239218 0.0182554 0.0133186 0.00921037 0.00598309 0.00361841
 0.00838126 0.013488 0.0200752 0.0280368 0.037133 0.0468728 0.0564334 0.0647922 0.0710404 0.0746442 0.075496 0.0738119 0.0700105 0.0646179 0.0581804 0.0511857 0.0440197 0.0369657 0.0302284 0.0239643 0.0183062 0.0133731 0.00926271 0.0060279 0.00365252
 0.00879948 0.0141269 0.0209598 0.0291617 0.0384629 0.0483456 0.0579598 0.066255 0.0723026 0.0755684 0.0759706 0.0737744 0.0694633 0.0636304 0.0568756 0.0497142 0.0425286 0.0355741 0.0290159 0.0229708 0.0175391 0.012816 0.00888398 0.00578838 0.00351254
 0.00861911 0.0138755 0.020659 0.0288577 0.0382142 0.0482033 0.0579527 0.0663883 0.0725661 0.0759453 0.0764361 0.074288 0.0699638 0.0640448 0.0571403 0.049797 0.0424399 0.0353595 0.0287373 0.0226863 0.0172896 0.012622 0.00874818 0.00570252 0.00346353
 0.00859601 0.0138252 0.0205619 0.0286944 0.0379776 0.0479144 0.0576675 0.0661865 0.0725211 0.0760922 0.0767578 0.074726 0.0704426 0.064493 0.0575006 0.0500302 0.0425285 0.0353118 0.0285858 0.0224782 0.0170722 0.0124308 0.00860125 0.00560224 0.0034023
 0.00879574 0.0141018 0.0208884 0.0290129 0.038213 0.0479982 0.0575622 0.0658999 0.0721084 0.0756444 0.076377 0.0744941 0.0703948 0.0646099 0.0577215 0.0502789 0.042738 0.0354398 0.0286199 0.0224323 0.0169765 0.0123188 0.00849916 0.00552393 0.00335025
 0.00908828 0.0145667 0.0215643 0.0299184 0.0393309 0.0492577 0.0588291 0.0669926 0.0728451 0.0759038 0.0761407 0.073848 0.0694918 0.063615 0.0567654 0.0494349 0.0420244 0.0348405 0.0281085 0.0219895 0.0165965 0.0120048 0.00825584 0.00535016 0.00323719
 0.00921054 0.0147886 0.0219409 0.0305143 0.0402036 0.0504298 0.0602596 0.0685628 0.0743693 0.0771651 0.0769424 0.0740654 0.069108 0.0627247 0.0555419 0.0480739 0.0406918 0.0336427 0.0270925 0.0211611 0.0159415 0.0115042 0.00789008 0.0050985 0.00307651
 0.00881583 0.0141754 0.0210756 0.0293963 0.0388791 0.0490046 0.0589039 0.0674907 0.0737858 0.0771972 0.0775885 0.0751918 0.0704937 0.0641327 0.0567862 0.0490567 0.0414015 0.0341235 0.027406 0.0213602 0.0160628 0.0115712 0.00792033 0.00510658 0.00307398
 0.00853696 0.0137151 0.0203712 0.0283894 0.0375328 0.0473314 0.0569936 0.0655214 0.0720037 0.0758675 0.0769312 0.0753224 0.0713872 0.0656267 0.0586267 0.0509714 0.0431692 0.0356128 0.0285746 0.0222277 0.0166776 0.0119878 0.0081883 0.0052685 0.00316481
 0.00888462 0.0142226 0.0210248 0.0291315 0.0382676 0.0479402 0.0573544 0.0655303 0.0716034 0.0750764 0.0758586 0.0741529 0.0703328 0.0648635 0.0582424 0.0509473 0.0434033 0.0359697 0.0289368 0.0225239 0.0168846 0.0121145 0.0082566 0.00530041 0.003177
 0.0089526 0.0143364 0.0212002 0.029379 0.0385829 0.0482919 0.0576771 0.0657327 0.0715934 0.0747949 0.0753065 0.0733994 0.0695027 0.0641072 0.0576957 0.0506932 0.0434489 0.0362503 0.0293458 0.0229538 0.0172584 0.0123965 0.00844583 0.00541482 0.00323975
 0.00924034 0.014785 0.0218391 0.0302214 0.039622 0.0494948 0.0589748 0.0670137 0.072709 0.0755819 0.0756235 0.0731665 0.0687318 0.0629087 0.0562556 0.0492249 0.0421377 0.0352114 0.0286104 0.0224848 0.016984 0.012244 0.00836073 0.00536483 0.00320897
 0.00918642 0.0147284 0.0218113 0.0302718 0.0398051 0.0498512 0.0595136 0.0677056 0.073492 0.0763712 0.0763213 0.073672 0.0689569 0.0628021 0.0558252 0.0485455 0.0413337 0.0344193 0.0279376 0.0219848 0.0166561 0.0120522 0.00825885 0.00531398 0.00318391
 0.00921882 0.0147678 0.0218482 0.0302945 0.0398106 0.049857 0.0595628 0.0678561 0.0737903 0.0768253 0.0768872 0.0742623 0.0694652 0.0631313 0.0559113 0.0483734 0.0409419 0.0338901 0.0273725 0.0214736 0.0162536 0.0117723 0.00808479 0.00521592 0.00313303
 0.00922206 0.0147452 0.0217629 0.0300959 0.0394481 0.0493042 0.0588403 0.0670418 0.0730102 0.0762256 0.076595 0.0743469 0.0699134 0.0638483 0.0567503 0.0491807 0.0416009 0.0343463 0.0276336 0.0215893 0.0162863 0.0117728 0.00808178 0.00521847 0.00313972
 0.00925489 0.0147892 0.0218101 0.0301275 0.0394337 0.0492024 0.0586064 0.0666426 0.0724454 0.075546 0.0759046 0.0737806 0.0695956 0.063849 0.05706 0.0497153 0.0422341 0.0349539 0.0281299 0.0219421 0.0165081 0.0118994 0.00815058 0.00525657 0.00316216
 0.00903295 0.0144972 0.0214964 0.0298769 0.0393393 0.0493231 0.0589323 0.0670899 0.0728846 0.0758481 0.0759859 0.0736293 0.0692734 0.0634681 0.0567406 0.0495421 0.0422296 0.0350812 0.0283201 0.0221286 0.0166506 0.011988 0.00819615 0.00527613 0.00316948
#obs surv len freq
 nan nan nan nan nan nan nan nan nan nan nan nan nan nan nan nan nan nan nan nan nan nan nan nan nan
 0.00447744 0.00733573 0.0111632 0.0159785 0.02168 0.027958 0.0342754 0.0400099 0.0446922 0.048158 0.0505173 0.0520141 0.052907 0.0534199 0.0537346 0.0539898 0.0542686 0.0545615 0.0547003 0.0542922 0.0527301 0.0493619 0.043811 0.0362902 0.0276729
 0.00461652 0.00756053 0.0114989 0.0164469 0.0222949 0.028717 0.0351521 0.0409511 0.0456236 0.0489979 0.0511913 0.0524667 0.053108 0.0533661 0.053446 0.0535023 0.053625 0.0538042 0.053868 0.0534217 0.0518598 0.0485344 0.0430706 0.0356743 0.0272022
 0.00478603 0.00783853 0.0119216 0.0170489 0.0231017 0.0297332 0.03635 0.0422663 0.0469639 0.05026 0.052277 0.0532933 0.053615 0.0535186 0.0532379 0.0529549 0.0527817 0.0527227 0.0526137 0.0520642 0.0504741 0.047201 0.0418696 0.0346716 0.0264344
 0.00497301 0.00814704 0.0123944 0.017729 0.0240238 0.0309108 0.0377611 0.0438474 0.0486173 0.0518703 0.0537283 0.0544815 0.0544544 0.0539471 0.05322 0.0524844 0.051882 0.051445 0.0510335 0.0502783 0.0485978 0.0453621 0.0401945 0.0332643 0.025353
 0.00518206 0.00848754 0.0129084 0.018457 0.0249983 0.0321457 0.039239 0.0455139 0.0503856 0.0536343 0.0553761 0.055905 0.0555553 0.0546419 0.053445 0.0522008 0.0510809 0.0501519 0.0493125 0.0482345 0.0463747 0.0431305 0.0381295 0.0315117 0.0239979
 0.00540044 0.00884582 0.0134537 0.0192351 0.0260451 0.0334733 0.0408219 0.0472851 0.0522471 0.0554766 0.0570943 0.0574053 0.0567536 0.0554613 0.0538158 0.0520648 0.0503992 0.048917 0.0475613 0.0460597 0.0439285 0.0406133 0.0357583 0.0294742 0.0224093
 0.0056244 0.00921384 0.014015 0.0200384 0.0271297 0.0348542 0.042475 0.049141 0.0542009 0.0574079 0.0588871 0.0589597 0.0579889 0.0563119 0.0542258 0.0519831 0.0497815 0.0477363 0.0458278 0.0438425 0.0413706 0.0379248 0.0331826 0.0272323 0.0206449
 0.00588042 0.0096302 0.014642 0.0209231 0.0283074 0.036335 0.0442291 0.0510932 0.0562403 0.0594084 0.0607272 0.0605353 0.0592171 0.0571308 0.0545888 0.0518526 0.0491245 0.0465283 0.0440692 0.0415855 0.038742 0.0351299 0.030474 0.0248508 0.0187548
 0.00613672 0.010051 0.0152828 0.0218376 0.0295363 0.0378887 0.0460708 0.0531343 0.0583544 0.061457 0.0625837 0.0620967 0.0604061 0.0578921 0.0548841 0.051654 0.0484095 0.0452811 0.0422928 0.0393254 0.0361126 0.0323238 0.0277384 0.0224293 0.0168205
 0.00636091 0.0104217 0.0158523 0.022659 0.0306537 0.0393206 0.0477931 0.0550731 0.0603952 0.0634658 0.0644287 0.063664 0.0616073 0.0586655 0.055191 0.0514715 0.0477234 0.0440843 0.0405941 0.0371696 0.0336052 0.0296426 0.0251146 0.0200958 0.0149471
 0.00659469 0.0108035 0.0164302 0.0234794 0.0317524 0.0407097 0.0494466 0.0569207 0.0623309 0.0653668 0.066174 0.0651467 0.0627409 0.0593864 0.0554581 0.0512622 0.0470285 0.0429049 0.038947 0.035103 0.0312197 0.0271024 0.0226327 0.0178875 0.0131712
 0.00682906 0.0111873 0.017013 0.024308 0.0328616 0.0421064 0.051095 0.0587383 0.0642018 0.0671649 0.0677848 0.066478 0.0637244 0.0599745 0.0556206 0.0509824 0.0463005 0.0417335 0.0373528 0.0331357 0.0289753 0.0247319 0.0203284 0.015843 0.0115288
 0.00705669 0.0115608 0.0175813 0.0251182 0.0339488 0.0434784 0.0527159 0.060524 0.0660318 0.0689065 0.0693163 0.0677041 0.0645805 0.0604255 0.0556533 0.0505983 0.0455086 0.0405487 0.0358014 0.0312678 0.0268803 0.0225458 0.0182215 0.0139843 0.0100411
 0.00728225 0.011931 0.0181444 0.0259207 0.0350248 0.0448341 0.0543141 0.0622787 0.0678208 0.0705948 0.0707802 0.0688459 0.0653353 0.0607607 0.0555644 0.050101 0.0446297 0.0393203 0.0342625 0.0294741 0.0249166 0.0205333 0.0163073 0.0123117 0.00871142
 0.0074485 0.0122089 0.0185769 0.0265524 0.0358929 0.0459534 0.0556619 0.0637893 0.0693938 0.0721139 0.0721326 0.0699351 0.066089 0.0611346 0.0555421 0.0496898 0.0438548 0.0382189 0.032882 0.0278756 0.0231834 0.0187744 0.0146489 0.010873 0.00757406
 0.00752645 0.0123367 0.0187724 0.0268354 0.0362849 0.0464753 0.0563281 0.0646015 0.0703341 0.0731415 0.0731837 0.0709295 0.0669409 0.0617647 0.0558886 0.0497151 0.0435472 0.0375909 0.0319679 0.0267313 0.0218876 0.0174269 0.0133611 0.00974758 0.00668071
 0.00760211 0.0124509 0.018928 0.0270309 0.0365165 0.0467408 0.0566307 0.0649498 0.0707404 0.0736167 0.0737302 0.0715328 0.0675636 0.0623482 0.0563616 0.0500071 0.0436025 0.0373792 0.0314893 0.0260183 0.0210026 0.0164572 0.0124055 0.00889699 0.00599816
 0.00764702 0.0125198 0.0190238 0.0271528 0.0366599 0.0468979 0.0567918 0.0651068 0.070892 0.0737731 0.0739122 0.0717644 0.0678597 0.0627018 0.056739 0.0503509 0.0438445 0.0374572 0.0313639 0.0256836 0.0204904 0.0158315 0.0117484 0.00828923 0.00549858
 0.00771231 0.0126174 0.0191548 0.0273124 0.0368384 0.0470828 0.0569696 0.0652644 0.0710188 0.0738642 0.0739719 0.0718079 0.0679097 0.0627807 0.0568573 0.0504984 0.0439877 0.0375463 0.0313485 0.025531 0.020199 0.0154337 0.0113017 0.00785761 0.00513353
 0.00776942 0.0127072 0.0192839 0.0274835 0.0370485 0.047321 0.0572162 0.0654928 0.071202 0.0739828 0.0740206 0.0717951 0.0678552 0.0627097 0.056794 0.0504584 0.0439707 0.0375336 0.0313076 0.0254284 0.0200159 0.0151762 0.0110004 0.00755592 0.00487109
 0.00780187 0.0127572 0.0193541 0.0275746 0.0371597 0.04745 0.0573583 0.0656405 0.0713443 0.0741061 0.0741116 0.0718447 0.0678614 0.0626797 0.0567417 0.0504003 0.0439189 0.0374895 0.0312601 0.0253581 0.019905 0.0150198 0.0108108 0.00735845 0.00469332
 0.00784995 0.0128258 0.0194395 0.0276677 0.0372485 0.0475242 0.0574135 0.0656785 0.0713711 0.074129 0.0741349 0.0718684 0.0678814 0.0626901 0.0567387 0.0503842 0.0438938 0.0374594 0.0312246 0.0253106 0.0198365 0.014925 0.010694 0.00723332 0.00457714
 0.00788499 0.0128829 0.0195251 0.0277859 0.0373984 0.0476966 0.057589 0.065831 0.0714766 0.0741744 0.0741229 0.0718145 0.0678052 0.0626074 0.0566579 0.0503073 0.0438202 0.0373881 0.0311543 0.025239 0.0197597 0.0148403 0.0106025 0.00714154 0.00449421
 0.00787368 0.0128667 0.0195051 0.0277653 0.0373825 0.0476921 0.0576024 0.0658664 0.0715324 0.0742422 0.0741899 0.0718683 0.0678392 0.0626226 0.0566606 0.0503043 0.0438152 0.0373814 0.0311436 0.0252212 0.0197322 0.014802 0.0105553 0.00709015 0.00444526
 0.00787964 0.0128691 0.0194957 0.0277327 0.0373166 0.04759 0.0574732 0.0657309 0.071417 0.0741702 0.0741733 0.0719053 0.0679169 0.0627227 0.0567661 0.0504038 0.0439031 0.0374554 0.0312028 0.0252641 0.0197577 0.01481 0.0105481 0.00707254 0.0044232
 0.00789744 0.0128933 0.0195227 0.0277554 0.0373245 0.0475715 0.0574184 0.0656358 0.0712871 0.0740222 0.0740329 0.0717999 0.0678658 0.0627315 0.0568259 0.050497 0.04401 0.0375604 0.0312955 0.0253389 0.0198121 0.0148443 0.0105645 0.00707523 0.00441766
 0.0078958 0.012891 0.01952 0.0277519 0.0373191 0.0475611 0.0573978 0.0655983 0.0712269 0.0739378 0.0739299 0.0716921 0.0677727 0.0626724 0.0568138 0.0505334 0.0440855 0.0376587 0.031399 0.0254337 0.0198894 0.0149004 0.0106002 0.00709415 0.00442486
 0.00788389 0.0128703 0.0194862 0.0277011 0.0372486 0.0474719 0.0572961 0.0654942 0.0711315 0.0738587 0.0738699 0.0716501 0.0677479 0.0626667 0.0568323 0.0505814 0.0441644 0.0377628 0.0315168 0.025551 0.0199935 0.0149834 0.0106595 0.00713185 0.00444583
 0.00786299 0.0128341 0.0194279 0.0276132 0.0371252 0.0473123 0.0571072 0.0652918 0.0709375 0.0736963 0.0737576 0.0715975 0.067755 0.062726 0.0569324 0.0507114 0.0443153 0.037927 0.0316856 0.0257137 0.0201393 0.0151035 0.0107499 0.00719354 0.00448374
 0.00785827 0.0128237 0.0194071 0.0275756 0.0370638 0.0472213 0.0569847 0.0651415 0.0707692 0.0735252 0.0736025 0.0714775 0.0676851 0.0627136 0.0569763 0.0508031 0.0444424 0.0380761 0.0318439 0.0258697 0.0202823 0.0152248 0.0108444 0.00726066 0.00452684
 0.00783849 0.0127926 0.0193622 0.0275149 0.036986 0.0471259 0.0568725 0.0650151 0.0706335 0.073388 0.0734739 0.0713696 0.0676103 0.0626829 0.0569959 0.0508729 0.0445556 0.0382206 0.0320053 0.026033 0.0204344 0.0153558 0.0109482 0.0073359 0.00457643
 0.00777918 0.0126995 0.0192286 0.0273378 0.0367672 0.0468738 0.0566035 0.0647523 0.0704022 0.0732096 0.073361 0.0713257 0.0676322 0.0627639 0.0571285 0.0510491 0.044766 0.0384534 0.0322463 0.0262669 0.0206468 0.0155355 0.0110893 0.00743792 0.00464392
 0.0077635 0.0126663 0.0191647 0.0272268 0.0365948 0.0466348 0.0563082 0.064427 0.070084 0.0729355 0.0731601 0.0712141 0.067613 0.06283 0.0572663 0.0512423 0.0449982 0.0387088 0.0325092 0.0265218 0.0208791 0.0157335 0.0112459 0.00755209 0.00472012
 0.00773955 0.0126266 0.0191029 0.0271358 0.0364663 0.0464615 0.056086 0.0641594 0.069785 0.072631 0.0728845 0.071003 0.0674941 0.0628164 0.0573551 0.0514177 0.0452369 0.0389858 0.0328007 0.0268066 0.0211394 0.0159557 0.0114222 0.0076812 0.00480676
 0.00931861 0.0148361 0.0217679 0.0298727 0.0387949 0.0479824 0.0566209 0.063777 0.0687182 0.0711578 0.071242 0.0693583 0.0659534 0.0614435 0.0561846 0.0504617 0.0444891 0.0384262 0.0324015 0.026537 0.0209691 0.015857 0.0113713 0.00765912 0.00479973
 0.00929853 0.0150973 0.0226787 0.0318903 0.0422663 0.052875 0.0623527 0.0693107 0.0729297 0.0732786 0.0711123 0.0673692 0.062776 0.0577427 0.0524558 0.0470023 0.0414444 0.0358479 0.0302895 0.0248639 0.0196922 0.014924 0.0107238 0.00723615 0.00454201
 0.00897804 0.0145915 0.0219677 0.0310224 0.0414119 0.0523634 0.0626325 0.0707887 0.075725 0.0770403 0.0750628 0.0705988 0.0646217 0.0580183 0.051422 0.0451537 0.0392783 0.0337287 0.0284236 0.0233351 0.0185093 0.0140563 0.010122 0.00684398 0.00430378
 0.00879358 0.0142876 0.0215034 0.0303599 0.0405315 0.051292 0.0614819 0.0697836 0.0751873 0.0773014 0.0763123 0.0727405 0.0672395 0.0605095 0.0532417 0.046024 0.0392449 0.0330615 0.0274549 0.0223356 0.0176406 0.0133827 0.00964432 0.00653117 0.00411444
 0.00872364 0.014164 0.0212986 0.0300409 0.040066 0.0506597 0.0606891 0.0688776 0.0742685 0.0765285 0.0758892 0.0728657 0.0680195 0.0618739 0.0549232 0.0476426 0.0404603 0.0337037 0.0275572 0.0220688 0.0172092 0.0129457 0.00928792 0.00627996 0.00395681
 0.00871018 0.0141394 0.0212556 0.0299686 0.0399489 0.050478 0.0604212 0.0685063 0.0737912 0.075971 0.0753181 0.0723923 0.0677819 0.0619929 0.0554412 0.0484795 0.0414241 0.0345636 0.0281403 0.0223216 0.0171912 0.0127736 0.00907289 0.00609263 0.00382384
 0.00870257 0.0141275 0.0212383 0.0299444 0.0399154 0.0504304 0.0603516 0.0684027 0.073639 0.0757571 0.0750395 0.0720676 0.0674608 0.0617542 0.055372 0.0486368 0.0417978 0.0350668 0.0286413 0.0227022 0.0173947 0.0128152 0.00901247 0.00599538 0.00373434
 0.00868278 0.0140951 0.0211894 0.0298757 0.0398255 0.0503215 0.0602299 0.0682773 0.0735184 0.0756445 0.0749307 0.0719546 0.0673402 0.0616378 0.0552912 0.0486359 0.0419128 0.0353001 0.0289513 0.0230169 0.0176453 0.0129658 0.00906814 0.0059883 0.00370095
 0.00867331 0.0140801 0.0211676 0.0298459 0.0397865 0.0502722 0.0601699 0.0682075 0.0734414 0.0755647 0.0748526 0.0718806 0.0672703 0.0615717 0.0552338 0.0486015 0.0419227 0.0353726 0.0290869 0.0231924 0.0178213 0.0131053 0.00915313 0.00602294 0.00370295
 0.00865559 0.0140522 0.0211274 0.0297922 0.0397196 0.0501943 0.0600854 0.0681227 0.0733631 0.0754984 0.0748015 0.0718455 0.06725 0.0615638 0.0552366 0.0486159 0.0419541 0.0354293 0.0291746 0.023307 0.0179472 0.0132207 0.00924035 0.00607585 0.00372687
 0.00865908 0.0140576 0.0211348 0.0298013 0.0397293 0.0502025 0.0600892 0.0681187 0.0733485 0.0754718 0.0747638 0.0717997 0.0672 0.061514 0.0551911 0.0485786 0.0419297 0.0354231 0.0291909 0.0233465 0.018004 0.0132833 0.00929611 0.00611625 0.00375025
 0.00865605 0.0140518 0.0211244 0.0297844 0.0397045 0.05017 0.0600512 0.0680793 0.0733123 0.0754423 0.0747422 0.0717852 0.0671912 0.0615092 0.0551895 0.0485807 0.041937 0.0354379 0.0292159 0.0233828 0.0180496 0.0133328 0.00934219 0.0061528 0.00377473
 0.00864197 0.0140329 0.0211034 0.0297659 0.0396934 0.0501688 0.0600585 0.0680904 0.0733212 0.0754446 0.0747369 0.0717739 0.0671766 0.0614939 0.0551753 0.0485688 0.0419288 0.0354353 0.0292207 0.0233963 0.0180714 0.0133601 0.00937041 0.00617747 0.00379303
 0.00861186 0.0139856 0.0210356 0.0296766 0.0395852 0.0500494 0.0599408 0.0679905 0.0732538 0.075418 0.0747504 0.071819 0.0672419 0.0615689 0.0552523 0.0486432 0.0419981 0.0354986 0.0292784 0.0234491 0.0181198 0.0134036 0.00940778 0.00620719 0.0038144
 0.00862264 0.0139982 0.0210455 0.0296765 0.039567 0.0500075 0.059875 0.0679072 0.0731646 0.075337 0.07469 0.0717872 0.0672401 0.0615925 0.0552933 0.0486929 0.0420498 0.0355483 0.0293242 0.0234906 0.0181571 0.0134366 0.00943582 0.00622958 0.00383079
 0.00862264 0.0139982 0.0210455 0.0296765 0.039567 0.0500075 0.059875 0.0679072 0.0731646 0.075337 0.07469 0.0717872 0.0672401 0.0615925 0.0552933 0.0486929 0.0420498 0.0355483 0.0293242 0.0234906 0.0181571 0.0134366 0.00943582 0.00622958 0.00383079
 0.00896319 0.0145381 0.0218294 0.0307285 0.0408762 0.0515109 0.061446 0.0693656 0.0743159 0.0760255 0.0748414 0.0714194 0.0664443 0.0605002 0.0540434 0.0474081 0.0408239 0.0344438 0.0283764 0.0227139 0.0175499 0.0129861 0.00912074 0.00602349 0.00370572
 0.0088183 0.0143489 0.0216314 0.0305861 0.0408691 0.0517086 0.0618831 0.0700272 0.0751362 0.0768987 0.0756416 0.0720282 0.0667791 0.0605328 0.0538019 0.0469617 0.0402593 0.0338439 0.0278063 0.0222157 0.0171448 0.0126781 0.00890212 0.00587921 0.00361773
 0.00882228 0.0143288 0.0215553 0.0304167 0.0405838 0.0513269 0.0614821 0.0697284 0.0750624 0.0771211 0.0761461 0.0727191 0.0675141 0.0611708 0.0542415 0.047161 0.0402346 0.0336517 0.0275192 0.0219014 0.0168533 0.0124379 0.0087228 0.005757 0.00354161
 0.00885518 0.0143811 0.0216297 0.0305096 0.0406803 0.0513977 0.0614882 0.0696381 0.0748761 0.0768872 0.075952 0.072654 0.0676245 0.061435 0.0545797 0.0474725 0.040439 0.0337137 0.0274504 0.0217444 0.0166595 0.0122506 0.00856831 0.00564463 0.00346852
 0.00902535 0.0146483 0.0220132 0.0310181 0.0413063 0.0521107 0.0622286 0.0703183 0.0753957 0.0771612 0.0759407 0.0723805 0.0671683 0.0609021 0.0540618 0.0470169 0.040045 0.0333533 0.0270971 0.0213914 0.0163211 0.0119505 0.00832605 0.00546772 0.00335187
 0.00912995 0.0148279 0.0223 0.0314454 0.0418976 0.0528642 0.0631029 0.0712313 0.0762385 0.0778228 0.0763329 0.0724553 0.0669276 0.0603976 0.0533828 0.0462651 0.0393061 0.0326791 0.0265055 0.0208809 0.0158869 0.0115923 0.00804602 0.00526445 0.00321682
 0.00882274 0.0143526 0.021633 0.0305897 0.0408922 0.0517918 0.0620914 0.0704363 0.0758042 0.0778333 0.0767807 0.0732443 0.0679079 0.0614123 0.0543081 0.0470312 0.0398954 0.0331088 0.0268053 0.0210788 0.016005 0.0116501 0.00806293 0.0052588 0.00320305
 0.00866652 0.0140635 0.0211357 0.0297997 0.0397453 0.0502871 0.0603276 0.068614 0.0741841 0.076667 0.0762444 0.0733994 0.0686946 0.0626741 0.0558363 0.0486174 0.0413744 0.0343795 0.0278282 0.0218579 0.0165684 0.0120355 0.00831007 0.00540585 0.00328346
 0.00892009 0.0144472 0.0216556 0.0304303 0.0404219 0.0509025 0.0607412 0.0686823 0.0738131 0.0758648 0.0751399 0.0722093 0.0676515 0.0619509 0.0555021 0.0486365 0.0416408 0.0347652 0.0282244 0.0221964 0.0168214 0.0122043 0.00841103 0.00545934 0.00330786
 0.00877581 0.0142585 0.0214558 0.0302772 0.0403792 0.0510101 0.060989 0.0690027 0.0740969 0.0759958 0.0750361 0.0718586 0.0671239 0.0613801 0.0550377 0.0483891 0.0416464 0.034984 0.0285698 0.0225739 0.0171599 0.0124669 0.00859178 0.00557089 0.00336981
 0.00902252 0.0146269 0.0219506 0.0308845 0.0410745 0.0517688 0.0617888 0.0698135 0.074864 0.0766302 0.0754249 0.0718958 0.0667539 0.0606299 0.0540206 0.0472735 0.0406022 0.0341325 0.0279588 0.0221851 0.0169372 0.0123484 0.00852928 0.00553564 0.00334799
 0.00887501 0.0144266 0.0217217 0.0306725 0.0409323 0.0517359 0.0618772 0.0700101 0.0751457 0.076977 0.0758173 0.0723006 0.0671126 0.0608687 0.0540808 0.0471439 0.0403297 0.0338026 0.0276577 0.0219672 0.0168141 0.0123 0.00852388 0.00554662 0.00336018
 0.0088529 0.014371 0.0216042 0.0304619 0.0406107 0.05132 0.06143 0.0696285 0.0749261 0.0769761 0.076034 0.0726836 0.0675853 0.0613504 0.0544992 0.0474446 0.0404879 0.0338306 0.0275992 0.0218775 0.0167372 0.0122558 0.00851057 0.00555166 0.00337111
 0.008719 0.0141605 0.0213003 0.0300525 0.0400899 0.0506915 0.0607151 0.068876 0.0742162 0.0764122 0.0757178 0.0726834 0.0679098 0.0619434 0.0552573 0.0482488 0.0412342 0.0344511 0.0280693 0.0222092 0.0169628 0.0124099 0.00861868 0.00562802 0.00342302
