SBPRF35
12.7214
Curr Bio
846181
B35
892985
F35
0.169165
FOFL
0.156937
OFL
107264
Bzero
3.63469e+06
#pred survey bio
 3.57081e+06 3.46899e+06 3.37434e+06 3.21479e+06 3.02376e+06 2.81336e+06 2.56714e+06 2.28768e+06 2.05652e+06 1.86019e+06 1.63868e+06 1.42401e+06 1.26868e+06 1.14386e+06 993959 893107 812460 742868 693394 658946 615291 590803 580044 569097 561376 550419 546326 541189 547088 551832 556569 563332 565636 561947 570156 583601 599365 615287 627043 626570 631137 639043 642444 650573 663353 669357 672168 674036 679811 695261 695715 750831 796806 845816 873564 909182 943316 957890 955048 932104 911220 907974 916499 918832 894966 904714 891637 851081 2.92659e+07 1.74471e+07 1.76465e+07 1.84473e+07 1.96575e+07 2.1036e+07 2.23987e+07 2.36346e+07 2.46935e+07 2.55658e+07 2.6265e+07 2.68148e+07 2.72414e+07 2.75698e+07 2.78212e+07 2.80132e+07 2.81598e+07 2.82719e+07 2.83579e+07 2.84241e+07 2.84752e+07 2.85148e+07 2.85457e+07 2.85699e+07 2.8589e+07 2.8604e+07 2.86159e+07 2.86254e+07 2.86329e+07 2.86389e+07 2.86438e+07 2.86477e+07 2.86508e+07 2.86534e+07 2.86554e+07 2.86571e+07 2.86585e+07 2.86596e+07 2.86605e+07 2.86612e+07 2.86618e+07 2.86623e+07 2.86627e+07 2.8663e+07 2.86633e+07 2.86635e+07 2.86637e+07 2.86638e+07 2.8664e+07 2.8664e+07 2.86641e+07 2.86642e+07 2.86642e+07 2.86643e+07 2.86643e+07 2.86644e+07 2.86644e+07 2.86644e+07 2.86644e+07 2.86644e+07 2.86644e+07 2.86644e+07 2.86645e+07 2.86645e+07 2.86645e+07 2.86645e+07 2.86645e+07 2.86645e+07 2.86645e+07 2.86645e+07 2.86645e+07 2.86645e+07 2.86645e+07 2.86645e+07 2.86645e+07 2.86645e+07 2.86645e+07 2.86645e+07 2.86645e+07 2.86645e+07 2.86645e+07 2.86645e+07 2.86645e+07 2.86645e+07 2.86645e+07 2.86645e+07 2.86645e+07 2.86645e+07 2.86645e+07 2.86645e+07 2.86645e+07 2.86645e+07 2.86645e+07 2.86645e+07 2.86645e+07 2.86645e+07 2.86645e+07 2.86645e+07 2.86645e+07 2.86645e+07 0 0 0 0 0 0 0 0 0 0 0 0 0 0 0 0 0 0 0 0 0 0 0 0 0
#obs survey bio
 3.49412e+06 3.25714e+06 2.58682e+06 3.09694e+06 3.4726e+06 2.94234e+06 1.58059e+06 2.15615e+06 1.94873e+06 1.80443e+06 1.63587e+06 1.17000e+06 875475 1.02852e+06 1.0371e+06 958522 704854 666202 584989 718806 862800 465839 687427 507486 498381 637620 503774 421043 635250 461834 440394 503407 657584 570724 539069 387707 609824 800904 624873 602649 765080 721677 651899 522631 638189 797854 763121 556684 693874 688574 869284 531918 599021 865691 1.10786e+06 989015 1.05516e+06 1.55453e+06 1.12151e+06 736144 937725 819573 666772 882574 800754 972044 837070 1.00778e+06
#pred catch bio
 94822.7 92242.9 158774 198013 229023 277140 323610 295246 277936 311828 312667 264478 241065 262886 217127 196959 184117 163326 147451 151186 130285 115721 113998 110065 111892 105343 105848 96849.2 99035.5 100270 99664.9 103844 108155 97532.4 93910.2 93426.8 94461.5 98287.9 107814 102473 99675.3 104179 101214 98741.1 105420 108340 109476 106903 100215 114467 71037.6 83306.3 83681.7 103407 96926.2 98345.5 114423 128177 144727 142722 127977 118785 124585 145452 114451 132826 152860 125428 107264 114078 114271 118178 125305 133749 142100 149584 155875 160933 164868 167854 170078 171709 172892 173743 174349 174779 175082 175296 175445 175550 175623 175674 175709 175733 175750 175762 175770 175776 175780 175782 175784 175786 175786 175787 175787 175788 175788 175788 175788 175788 175788 175788 175788 175788 175788 175788 175788 175788 175788 175788 175788 175788 175788 175788 175788 175788 175788 175788 175788 175788 175788 175788 175788 175788 175788 175788 175788 175788 175788 175788 175788 175788 175788 175788 175788 175788 175788 175788 175788 175788 175788 175788 175788 175788 175788 175788 175788 175788 175788 175788 175788 175788 175788 175788 175788 175788 175788 175788 0 0 0 0 0 0 0 0 0 0 0 0 0 0 0 0 0 0 0 0 0 0 0 0 0
#obs catch bio
 0 91891 159156 198305 228936 277420 325607 296205 278995 314161 315730 265993 243282 267001 219000 197352 184541 163971 148326 152856 130690 115922 113443 110003 112151 105545 106535 97118.1 99172.2 101048 100568 104926 109005 98189.1 94198 94395.1 95336 98778 108404 102620 99423.1 104198 101476 99322.4 106104 108413 109685 107471 100522 115362 70848.4 83822.3 83991.6 104434 97548.5 98764.5 114910 127558 144609 143166 128133 118856 124725 146462 113973 132405 153094 125269
#pred cpue bio
 3.52452e+06 3.42415e+06 3.33049e+06 3.17129e+06 2.98057e+06 2.77055e+06 2.52502e+06 2.2467e+06 2.01633e+06 1.82065e+06 1.60058e+06 1.38777e+06 1.23366e+06 1.10988e+06 962050 862718 783414 715124 666710 633148 590853 567345 557164 546605 538996 528235 524233 519228 524908 529381 533834 540384 542769 539401 547591 560726 576070 591787 603597 603424 608034 615727 618875 626625 639058 645041 647842 649555 655060 670050 670336 724182 769503 817827 845311 880597 914526 929178 926337 903310 882276 878942 887432 889919 866838 876724 864114 824639 2.83816e+07 1.69345e+07 1.70204e+07 1.76751e+07 1.88289e+07 2.01929e+07 2.15525e+07 2.27878e+07 2.38465e+07 2.47188e+07 2.5418e+07 2.59678e+07 2.63945e+07 2.67228e+07 2.69742e+07 2.71662e+07 2.73128e+07 2.7425e+07 2.7511e+07 2.75771e+07 2.76282e+07 2.76679e+07 2.76988e+07 2.7723e+07 2.7742e+07 2.7757e+07 2.77689e+07 2.77784e+07 2.77859e+07 2.7792e+07 2.77968e+07 2.78007e+07 2.78039e+07 2.78064e+07 2.78085e+07 2.78101e+07 2.78115e+07 2.78126e+07 2.78135e+07 2.78142e+07 2.78148e+07 2.78153e+07 2.78157e+07 2.78161e+07 2.78163e+07 2.78165e+07 2.78167e+07 2.78169e+07 2.7817e+07 2.78171e+07 2.78172e+07 2.78172e+07 2.78173e+07 2.78173e+07 2.78174e+07 2.78174e+07 2.78174e+07 2.78174e+07 2.78175e+07 2.78175e+07 2.78175e+07 2.78175e+07 2.78175e+07 2.78175e+07 2.78175e+07 2.78175e+07 2.78175e+07 2.78175e+07 2.78175e+07 2.78175e+07 2.78175e+07 2.78175e+07 2.78175e+07 2.78175e+07 2.78175e+07 2.78175e+07 2.78175e+07 2.78175e+07 2.78175e+07 2.78175e+07 2.78175e+07 2.78175e+07 2.78175e+07 2.78175e+07 2.78175e+07 2.78175e+07 2.78175e+07 2.78175e+07 2.78175e+07 2.78175e+07 2.78175e+07 2.78175e+07 2.78175e+07 2.78175e+07 2.78175e+07 2.78175e+07 2.78175e+07 2.78175e+07 2.78175e+07 2.78175e+07 0 0 0 0 0 0 0 0 0 0 0 0 0 0 0 0 0 0 0 0 0 0 0 0 0
#obs cpue bio
 3.12976e+06 2.83771e+06 5.53522e+06 2.62893e+06 3.1734e+06 2.34819e+06 2.75038e+06 2.4646e+06 1.71475e+06 1.69173e+06 1.34291e+06 1.71684e+06 1.18058e+06 1.00588e+06 949656 1.11346e+06 884845 664290 606641 456429 538937 709521 785018 456663 527404 419141 425154 700102 511364 371314 516654 498657 541147 435531 701037 413838 529886 581835 628476 735214 671873 477914 463518 510894 644609 823474 508002 558494 601115 733736 511940 679433 885150 608380 606205 900417 957528 1.44327e+06 593415 787897 897706 937572 1.14807e+06 775999 1.52583e+06 985387 771308 665668
#pred surv len freq
 0.00453202 0.00738958 0.0111822 0.0159156 0.021496 0.02765 0.0338961 0.0396617 0.0444945 0.0482057 0.0508531 0.0526236 0.0537266 0.054343 0.054611 0.0546304 0.0544753 0.0541936 0.0537618 0.0529908 0.0514501 0.0485283 0.0437025 0.0369118 0.0287747
 0.00472399 0.0076239 0.011395 0.0160098 0.0213799 0.0272918 0.033359 0.0390882 0.044042 0.0479724 0.0508404 0.052756 0.0539103 0.0545225 0.0547936 0.0548699 0.0548279 0.0546694 0.0542959 0.0534553 0.0517041 0.0484846 0.0433717 0.0363961 0.0282163
 0.00487369 0.00788181 0.0118037 0.0166013 0.022149 0.0281668 0.0341945 0.0397027 0.0442953 0.0478376 0.0504176 0.0522138 0.0533972 0.0541117 0.0544895 0.0546522 0.0546874 0.0546065 0.0542924 0.0534506 0.0516068 0.048217 0.0429176 0.035816 0.0276172
 0.00504636 0.00816071 0.0122218 0.017192 0.0229433 0.0291836 0.0354203 0.041068 0.0456619 0.0490159 0.0512197 0.0525236 0.0532169 0.0535518 0.0537093 0.0537939 0.0538413 0.0538115 0.0535496 0.0527329 0.0508697 0.0474224 0.042064 0.0349528 0.0268269
 0.00525196 0.00848992 0.0127082 0.0178645 0.0238226 0.0302761 0.0367111 0.0425153 0.0471953 0.050535 0.0525937 0.0535994 0.053849 0.0536487 0.0532715 0.0529147 0.0526672 0.0524872 0.0521783 0.051366 0.0495225 0.0461022 0.0407967 0.0337924 0.0258406
 0.00546788 0.00883937 0.0132313 0.0185978 0.0247928 0.0314901 0.0381453 0.0441121 0.0488709 0.0521938 0.0541372 0.0549265 0.0548513 0.0542156 0.0533123 0.0523917 0.0516183 0.0510191 0.050433 0.0494813 0.0476101 0.0442504 0.0390851 0.0322984 0.0246284
 0.00570124 0.00922063 0.0138088 0.0194183 0.0258931 0.0328832 0.0398062 0.0459714 0.0508233 0.054117 0.0559116 0.0564457 0.0560233 0.0549585 0.0535515 0.0520669 0.0507029 0.0495422 0.0484876 0.0472129 0.0451912 0.0418561 0.0368753 0.0304025 0.0231284
 0.00602222 0.00973183 0.0145589 0.0204471 0.0272262 0.0345237 0.0417225 0.0480902 0.0530341 0.0562875 0.0579061 0.0581402 0.0573146 0.0557665 0.0538157 0.0517421 0.0497604 0.047983 0.0463632 0.0446406 0.0423529 0.0389768 0.034185 0.0280929 0.0213156
 0.00630844 0.0101912 0.0152393 0.0213896 0.0284588 0.0360504 0.0435123 0.0500729 0.0551093 0.0583417 0.0598275 0.0598253 0.0586688 0.0567039 0.054261 0.0516323 0.0490487 0.0466484 0.0444275 0.0421902 0.0395515 0.0360549 0.0314008 0.0256752 0.01941
 0.00648709 0.0104938 0.0157176 0.0221 0.0294513 0.0373513 0.0451062 0.0518961 0.0570606 0.0603031 0.0616842 0.061476 0.060028 0.0576981 0.0548238 0.0517011 0.0485673 0.0455768 0.0427619 0.0399878 0.0369503 0.0332714 0.0286962 0.0232936 0.0175164
 0.00672107 0.0108761 0.0162972 0.0229255 0.0305639 0.0387721 0.0468203 0.0538432 0.0591376 0.062379 0.0636201 0.0631452 0.0613299 0.0585639 0.0552117 0.0515842 0.0479224 0.0443842 0.0410202 0.0377415 0.0343175 0.0304521 0.0259442 0.0208571 0.0155699
 0.00708815 0.0114491 0.0171158 0.0240123 0.0319235 0.0403887 0.0486529 0.0558213 0.0611645 0.0643431 0.0654078 0.0646507 0.0624629 0.0592561 0.055419 0.0512847 0.0471085 0.0430571 0.039195 0.0354668 0.0317013 0.0276751 0.0232409 0.0184621 0.0136528
 0.00734064 0.0118596 0.0177328 0.0248789 0.0330667 0.0418045 0.0502935 0.0575954 0.0629565 0.0660407 0.0669218 0.0659172 0.0634334 0.0598871 0.0556683 0.0511142 0.0464893 0.0419745 0.0376565 0.0335156 0.0294342 0.0252515 0.0208675 0.0163479 0.0119517
 0.00741893 0.0120106 0.0180047 0.0253327 0.0337637 0.042786 0.0515586 0.0590917 0.0645864 0.0676815 0.0684491 0.0672254 0.0644474 0.0605624 0.0559821 0.0510522 0.0460379 0.0411222 0.0364047 0.0318964 0.0275284 0.023196 0.0188415 0.0145337 0.0104855
 0.00768479 0.0124295 0.0186111 0.0261523 0.0348126 0.0440664 0.0530512 0.0607461 0.0663172 0.0693738 0.0699732 0.0684574 0.0652912 0.0609647 0.0559343 0.0505787 0.0451773 0.0399126 0.0348823 0.0301079 0.0255504 0.0211474 0.0168746 0.0128021 0.00910122
 0.0078861 0.0127423 0.0190552 0.0267372 0.0355374 0.044921 0.0540155 0.0617905 0.0674059 0.0704675 0.0710282 0.0694201 0.0660948 0.061535 0.0562041 0.0505032 0.0447415 0.0391291 0.0337847 0.0287491 0.0240081 0.0195285 0.0153085 0.0114167 0.00798985
 0.00801782 0.0129608 0.0193913 0.0272204 0.0361871 0.0457345 0.054959 0.0628001 0.0684034 0.0713833 0.0718168 0.0700614 0.0665819 0.0618589 0.0563435 0.0504257 0.0444144 0.0385328 0.0329234 0.0276568 0.0227503 0.0181998 0.014021 0.0102782 0.00707726
 0.0081444 0.0131623 0.019687 0.0276267 0.0367163 0.0463911 0.0557335 0.0636633 0.0693043 0.0722544 0.0725864 0.0706696 0.0669925 0.0620623 0.0563482 0.0502433 0.0440491 0.0379812 0.0321845 0.0267464 0.0217118 0.0171057 0.0129624 0.00934368 0.00632971
 0.00821398 0.0132717 0.0198451 0.0278401 0.0369893 0.0467261 0.05613 0.0641168 0.0698053 0.072787 0.0731263 0.0711824 0.0674367 0.0623965 0.0565399 0.050274 0.0439122 0.0376769 0.031718 0.026132 0.0209814 0.0163137 0.0121797 0.00864228 0.0057628
 0.00810608 0.0131233 0.0196719 0.0276738 0.0368696 0.0466873 0.0561907 0.0642779 0.0700562 0.0731135 0.0735144 0.0716165 0.0678949 0.0628466 0.0569417 0.0505853 0.0440968 0.0377107 0.0315915 0.0258522 0.0205736 0.0158219 0.0116623 0.00815955 0.00536193
 0.00817148 0.0132119 0.0197736 0.0277717 0.0369486 0.0467462 0.0562482 0.0643664 0.0702049 0.0733313 0.0737842 0.0719043 0.0681653 0.063075 0.057114 0.0506919 0.0441266 0.0376506 0.031431 0.0255902 0.0202241 0.0154154 0.0112419 0.00777082 0.00504061
 0.00824198 0.0133059 0.0198766 0.0278559 0.0369792 0.0466931 0.056098 0.0641315 0.0699255 0.0730685 0.0736039 0.0718561 0.0682657 0.0633033 0.0574229 0.0510249 0.044432 0.0378878 0.0315723 0.0256225 0.0201504 0.0152564 0.0110321 0.00755014 0.00484357
 0.00833398 0.0134333 0.0200266 0.0280005 0.0370805 0.0467126 0.056007 0.0639187 0.069602 0.0726706 0.0731912 0.0715012 0.0680367 0.063243 0.0575364 0.0512788 0.0447668 0.0382361 0.0318754 0.02584 0.0202652 0.0152741 0.0109762 0.00745383 0.00473904
 0.00845532 0.013621 0.0202898 0.0283375 0.0374751 0.0471301 0.0563937 0.0642082 0.0697317 0.0726024 0.072927 0.0710854 0.0675446 0.0627616 0.0571414 0.0510168 0.0446456 0.0382286 0.0319328 0.0259105 0.0203094 0.0152732 0.0109325 0.00738343 0.00466237
 0.00846302 0.0136468 0.0203527 0.0284626 0.0376859 0.0474368 0.056782 0.0646361 0.0701358 0.0729129 0.0730849 0.0710583 0.0673368 0.0624145 0.0567235 0.0506043 0.044301 0.0379844 0.0317879 0.0258382 0.0202734 0.0152432 0.0108926 0.00733299 0.00460935
 0.00850071 0.0137039 0.020432 0.0285663 0.0378183 0.0476064 0.0570011 0.0649135 0.0704668 0.0732704 0.0734187 0.0713061 0.0674432 0.0623506 0.0564981 0.0502618 0.043907 0.0376045 0.0314687 0.025598 0.0201054 0.0151272 0.0108082 0.00726684 0.0045564
 0.00851406 0.0137208 0.0204486 0.0285764 0.0378155 0.0475882 0.0569725 0.064889 0.0704687 0.0733219 0.0735344 0.0714813 0.0676492 0.0625408 0.056624 0.0502925 0.043841 0.0374686 0.0313036 0.0254414 0.0199793 0.0150361 0.0107453 0.00722266 0.00452411
 0.00861237 0.0138639 0.0206324 0.0287857 0.038027 0.0477767 0.0571164 0.0649746 0.0704923 0.0732918 0.07347 0.0714083 0.0675898 0.0625038 0.0566003 0.0502592 0.0437748 0.0373584 0.031157 0.0252797 0.0198268 0.0149097 0.0106508 0.00715717 0.00448105
 0.0086571 0.0139286 0.0207146 0.0288769 0.0381136 0.0478429 0.0571471 0.0649591 0.0704276 0.0731861 0.0733427 0.0712857 0.0674986 0.0624624 0.0566129 0.050314 0.0438479 0.037423 0.0311937 0.0252832 0.0198043 0.0148746 0.0106152 0.00712804 0.00446018
 0.00866143 0.0139439 0.0207525 0.0289515 0.0382363 0.0480141 0.0573505 0.0651622 0.0705917 0.0732784 0.0733476 0.0712085 0.0673624 0.0622998 0.0564561 0.0501859 0.0437566 0.0373625 0.0311501 0.025243 0.0197605 0.0148281 0.0105712 0.00709154 0.00443356
 0.00860143 0.0138593 0.0206497 0.0288463 0.0381513 0.0479731 0.0573728 0.0652562 0.0707503 0.0734777 0.0735506 0.071376 0.0674655 0.0623296 0.0564241 0.0501167 0.0436766 0.0372905 0.0310934 0.0251993 0.0197243 0.0147952 0.0105409 0.00706557 0.00441358
 0.00846531 0.0136555 0.020376 0.0285141 0.0377849 0.0476068 0.0570475 0.0650153 0.0706313 0.0735017 0.073714 0.0716493 0.0678006 0.0626738 0.0567346 0.0503696 0.0438684 0.0374312 0.0311972 0.0252775 0.0197828 0.0148364 0.0105669 0.00707961 0.00441962
 0.00837009 0.0135055 0.0201601 0.0282272 0.0374307 0.0472026 0.0566262 0.0646239 0.0703224 0.0733202 0.0736858 0.0717755 0.0680586 0.063023 0.0571253 0.0507544 0.0442115 0.0377143 0.0314176 0.0254425 0.0199028 0.014921 0.0106238 0.00711518 0.00443996
 0.0084027 0.0135443 0.020192 0.0282309 0.0373819 0.0470826 0.0564303 0.0643654 0.07003 0.0730331 0.0734453 0.0716174 0.0680056 0.0630791 0.0572753 0.0509677 0.0444511 0.0379459 0.0316177 0.0256005 0.0200187 0.0150011 0.010676 0.00714724 0.00445819
 0.00848087 0.0136445 0.0202926 0.0282943 0.0373634 0.0469457 0.0561608 0.0639772 0.069563 0.0725437 0.0729964 0.0712671 0.0677974 0.0630342 0.0573892 0.0512129 0.0447838 0.0383161 0.0319797 0.0259206 0.0202786 0.0151965 0.0108128 0.0072364 0.0045121
 0.00844128 0.0135958 0.020247 0.0282683 0.0373686 0.0469752 0.0561829 0.0639429 0.0694268 0.0722882 0.0726447 0.0708772 0.0674422 0.0627794 0.0572765 0.0512533 0.0449593 0.0385878 0.0322989 0.0262405 0.0205634 0.0154259 0.0109815 0.00735007 0.00458238
 0.00826377 0.013334 0.0199037 0.0278663 0.0369471 0.0465818 0.0558637 0.0637312 0.0693324 0.0722917 0.0727037 0.0709459 0.0674943 0.0628197 0.0573353 0.0513677 0.0451535 0.0388621 0.03263 0.0265909 0.0208942 0.0157073 0.0111984 0.00750209 0.00467928
 0.0081191 0.0130999 0.0195551 0.0273853 0.036332 0.0458591 0.0550958 0.0630115 0.0687629 0.0719508 0.0726216 0.0710985 0.0678182 0.0632397 0.0577908 0.0518267 0.0456099 0.0393209 0.0330912 0.0270415 0.0213104 0.0160642 0.0114795 0.00770407 0.00481121
 0.00802617 0.0129515 0.0193363 0.0270828 0.0359356 0.045365 0.0545128 0.0623685 0.0681129 0.0713668 0.0721831 0.0708701 0.0678295 0.0634752 0.0581979 0.052337 0.046162 0.0398734 0.0336212 0.0275349 0.0217535 0.0164419 0.0117799 0.00792395 0.00495792
 0.00806996 0.013011 0.0194038 0.0271425 0.035966 0.0453435 0.0544201 0.0621915 0.0678469 0.0710199 0.0717812 0.0704587 0.0674677 0.0632207 0.0580887 0.0523797 0.0463333 0.0401331 0.0339273 0.0278527 0.0220573 0.0167123 0.0120033 0.00809367 0.00507524
 0.00815659 0.0131332 0.0195527 0.0272969 0.0360969 0.0454214 0.0544223 0.0621056 0.0676712 0.0707629 0.0714602 0.0701001 0.0671058 0.0628963 0.0578433 0.0522459 0.0463256 0.0402427 0.0341259 0.0281023 0.0223202 0.0169581 0.0122116 0.00825436 0.00518789
 0.00820357 0.0132092 0.0196655 0.0274505 0.0362877 0.0456331 0.054624 0.0622559 0.0677299 0.0707048 0.071284 0.0698269 0.0667717 0.062543 0.0575126 0.0519757 0.0461451 0.0401669 0.0341518 0.0282093 0.0224768 0.0171307 0.0123722 0.0083857 0.00528351
 0.00824089 0.0132727 0.019766 0.0275999 0.0364952 0.0459006 0.05494 0.0625925 0.0680446 0.0709479 0.0714097 0.069806 0.0666002 0.0622442 0.0571309 0.0515661 0.0457615 0.0398522 0.0339313 0.0280881 0.0224412 0.0171551 0.0124278 0.00844808 0.00533727
 0.00818084 0.0131878 0.0196623 0.0274923 0.036405 0.0458509 0.0549503 0.0626744 0.0681984 0.0711594 0.0716494 0.0700328 0.0667706 0.0623247 0.0571088 0.0514534 0.0455909 0.0396666 0.0337707 0.0279791 0.0223922 0.0171575 0.0124631 0.00849607 0.00538246
 0.00805548 0.012996 0.0193969 0.0271568 0.0360156 0.0454368 0.0545539 0.0623471 0.0679905 0.0711063 0.0717605 0.0702878 0.0671244 0.0627186 0.0574845 0.0517671 0.0458221 0.0398201 0.0338692 0.028051 0.0224597 0.0172306 0.0125397 0.00856786 0.00544142
 0.00807372 0.0130089 0.0193858 0.0270948 0.035876 0.0452057 0.0542407 0.061987 0.0676363 0.0708144 0.071577 0.0702389 0.0672119 0.0629203 0.0577593 0.0520655 0.0460993 0.0400467 0.0340368 0.0281687 0.022545 0.0172994 0.0126005 0.00862168 0.00548568
 0.0081348 0.013103 0.0195163 0.0272581 0.0360577 0.0453788 0.0543666 0.0620242 0.0675556 0.0706146 0.0712908 0.0699242 0.0669322 0.0627236 0.057666 0.0520668 0.0461656 0.0401411 0.0341285 0.0282409 0.0225955 0.0173346 0.012628 0.00864576 0.00550685
 0.00815736 0.0131448 0.0195885 0.0273734 0.0362263 0.0456014 0.0546284 0.0622922 0.0677833 0.0707535 0.0713056 0.0698055 0.0667025 0.0624319 0.0573711 0.051818 0.0459884 0.0400354 0.0340762 0.0282191 0.0225865 0.0173297 0.0126253 0.00864587 0.00550965
 0.00818749 0.0131854 0.0196347 0.027417 0.0362607 0.045627 0.0546555 0.0623374 0.0678598 0.0708601 0.0714216 0.0698971 0.0667361 0.0623896 0.0572599 0.0516663 0.0458339 0.0399088 0.0339919 0.0281747 0.0225701 0.0173282 0.0126297 0.00865165 0.00551522
 0.00816757 0.0131529 0.0195854 0.0273466 0.036165 0.0455037 0.0545071 0.0621743 0.0677023 0.0707359 0.0713581 0.0699099 0.0668204 0.0625205 0.057403 0.051793 0.0459322 0.0399834 0.0340554 0.0282373 0.0226344 0.0173901 0.0126835 0.00869344 0.00554448
 0.00820959 0.0132249 0.0196999 0.0275156 0.0363948 0.0457881 0.0548217 0.0624781 0.0679478 0.070884 0.0713912 0.0698355 0.066666 0.0623203 0.0571857 0.0515752 0.0457207 0.0397822 0.0338708 0.0280783 0.022508 0.0172984 0.0126227 0.0086566 0.00552399
 0.00790352 0.0127448 0.0190121 0.0266067 0.0352814 0.0445268 0.0535161 0.0612699 0.0669871 0.0702885 0.0712159 0.0700673 0.0672393 0.0631433 0.0581613 0.0526151 0.0467505 0.0407446 0.0347265 0.0288054 0.0230997 0.0177588 0.0129633 0.00889402 0.00567821
 0.0077893 0.0125472 0.0186929 0.0261236 0.034598 0.0436301 0.0524336 0.0600782 0.065804 0.0692522 0.0704562 0.0696783 0.0672604 0.0635534 0.0588888 0.0535588 0.0478028 0.0418086 0.0357258 0.0296874 0.023835 0.018338 0.0133932 0.00919293 0.00587145
 0.00760184 0.0122649 0.0183083 0.0256407 0.0340254 0.0429725 0.0516895 0.0592479 0.0649054 0.0683346 0.0696041 0.0689995 0.0668611 0.0635087 0.0592211 0.054231 0.0487292 0.0428774 0.0368236 0.0307184 0.0247317 0.0190643 0.0139413 0.00957722 0.00612058
 0.00748304 0.0120821 0.0180531 0.0253134 0.0336357 0.0425384 0.0512342 0.0587935 0.0644637 0.0679024 0.0691708 0.0685654 0.0664567 0.0631983 0.0590853 0.0543352 0.0490958 0.0434742 0.037574 0.0315247 0.0255014 0.019729 0.014465 0.00995487 0.00636967
 0.00735512 0.0118741 0.0177408 0.0248764 0.0330644 0.0418433 0.050454 0.0579937 0.063723 0.0672904 0.0687282 0.0682982 0.066346 0.0632209 0.0592333 0.0546223 0.0495443 0.044092 0.0383348 0.0323662 0.02634 0.0204848 0.0150827 0.0104131 0.00667825
 0.0072638 0.0117251 0.0175153 0.0245558 0.0326329 0.0412932 0.0497931 0.057251 0.0629493 0.0665532 0.0680994 0.0678391 0.0660931 0.0631804 0.0593875 0.054945 0.0500142 0.044694 0.0390492 0.0331551 0.0271439 0.0212341 0.0157173 0.0108997 0.00701508
 0.00736498 0.0118654 0.017681 0.0247171 0.0327497 0.0413253 0.0497091 0.0570334 0.0625961 0.0660789 0.0675372 0.0672402 0.0655209 0.0626988 0.0590471 0.0547747 0.0500215 0.0448705 0.039375 0.0335979 0.0276566 0.0217582 0.0161949 0.0112883 0.00729734
 0.00753336 0.0121318 0.0180661 0.0252302 0.0333804 0.0420343 0.0504233 0.0576524 0.0630151 0.0662181 0.0673644 0.0667764 0.0648306 0.0618734 0.0581874 0.0539748 0.0493554 0.0443847 0.0390869 0.0334972 0.0277104 0.0219163 0.0164008 0.0114916 0.0074646
 0.00762647 0.0123034 0.0183612 0.0257013 0.0340724 0.0429616 0.0515472 0.0588743 0.0641907 0.0671879 0.0679893 0.0669666 0.0645632 0.0611944 0.0571994 0.0528127 0.0481596 0.0432771 0.0381549 0.0327872 0.027228 0.0216342 0.0162704 0.0114578 0.0074788
 0.00758883 0.0122612 0.0183348 0.0257263 0.0341972 0.0432388 0.0520208 0.0595641 0.0650755 0.0681953 0.0689972 0.0678251 0.0651302 0.0613739 0.0569661 0.0522165 0.0473091 0.0423099 0.0372053 0.03196 0.0265837 0.021187 0.0159976 0.0113158 0.00741979
 0.00754697 0.0121825 0.0181985 0.0255118 0.0338955 0.0428685 0.0516397 0.0592652 0.0649639 0.0683528 0.0694499 0.0685265 0.0659669 0.062193 0.0576166 0.0525917 0.0473741 0.042105 0.0368245 0.0315159 0.0261731 0.0208693 0.0157903 0.0112041 0.00737391
 0.00746959 0.0120615 0.0180245 0.0252771 0.0335938 0.0424954 0.0511984 0.0587766 0.064477 0.0679465 0.0692203 0.0685573 0.0662944 0.0627823 0.0583632 0.0533515 0.0480099 0.0425295 0.0370208 0.0315293 0.0260818 0.0207493 0.015692 0.0111462 0.00735188
 0.007317 0.0118393 0.0177379 0.024947 0.0332496 0.0421639 0.0508946 0.0585024 0.0642266 0.0677181 0.0690273 0.0684357 0.0662973 0.0629588 0.0587302 0.0538735 0.0486021 0.0430863 0.0374558 0.0318043 0.0262109 0.0207802 0.0156775 0.0111243 0.00733931
 0.0073795 0.0119201 0.0178219 0.02501 0.0332677 0.0421271 0.0508148 0.0584077 0.0641448 0.0676585 0.0689766 0.0683704 0.0662058 0.0628569 0.0586577 0.0538721 0.0486885 0.0432384 0.0376223 0.0319316 0.026269 0.0207719 0.015629 0.011066 0.0072916
 0.00734303 0.0118554 0.017714 0.02484 0.033016 0.041779 0.0503696 0.0578872 0.0635969 0.0671514 0.0685827 0.068144 0.0661665 0.0629895 0.0589271 0.054242 0.0491296 0.0437226 0.0381138 0.0323866 0.0266478 0.0210531 0.0158147 0.0111761 0.00735144
 0.00719011 0.0116521 0.0174908 0.0246499 0.0329158 0.0418012 0.0505005 0.0580678 0.0637469 0.0672038 0.0685101 0.0679665 0.0659392 0.0627778 0.0587839 0.0541948 0.049181 0.0438577 0.0383064 0.032604 0.0268559 0.0212247 0.015937 0.011251 0.007391
 0.00693469 0.0112836 0.0170249 0.0241372 0.0324346 0.0414408 0.0503412 0.0581588 0.0640861 0.0677269 0.0691018 0.0684963 0.0663083 0.0629511 0.0587913 0.0541057 0.0490699 0.0437783 0.0382824 0.0326322 0.026917 0.0212946 0.0159967 0.0112919 0.00741342
#obs surv len freq
 nan nan nan nan nan nan nan nan nan nan nan nan nan nan nan nan nan nan nan nan nan nan nan nan nan
 0.004489 0.00735227 0.011184 0.0160013 0.021702 0.0279765 0.034289 0.0400184 0.0446961 0.0481581 0.0505145 0.052009 0.0529 0.0534114 0.0537249 0.0539792 0.0542573 0.0545497 0.0546883 0.0542801 0.0527183 0.0493508 0.0438012 0.0362821 0.0276667
 0.00462162 0.00757096 0.0115184 0.0164797 0.022344 0.0287822 0.035228 0.0410281 0.0456906 0.0490463 0.0512173 0.0524715 0.0530955 0.053341 0.0534123 0.0534629 0.0535818 0.0537585 0.0538209 0.0533741 0.0518131 0.0484905 0.0430315 0.0356419 0.0271774
 0.00477464 0.00782289 0.0119036 0.0170326 0.0230927 0.0297379 0.0363734 0.0423108 0.0470272 0.0503349 0.0523524 0.0533577 0.0536597 0.0535403 0.053238 0.0529378 0.0527525 0.0526857 0.0525721 0.0520203 0.0504302 0.0471593 0.0418322 0.0346406 0.0264107
 0.00497298 0.00814429 0.0123855 0.0177097 0.0239911 0.0308654 0.0377094 0.0438009 0.0485892 0.0518706 0.0537597 0.0545386 0.0545253 0.0540178 0.0532787 0.0525244 0.0519022 0.0514482 0.0510244 0.0502616 0.0485773 0.0453408 0.0401747 0.0332474 0.02534
 0.00517769 0.00848199 0.0129027 0.0184523 0.0249951 0.0321422 0.0392313 0.0454975 0.050359 0.0536015 0.0553468 0.0558906 0.0555636 0.054673 0.0534915 0.052251 0.0511237 0.0501805 0.0493254 0.0482339 0.0463648 0.0431159 0.0381139 0.0314976 0.0239867
 0.00541005 0.00886054 0.0134742 0.0192617 0.0260777 0.0335114 0.0408644 0.047329 0.0522874 0.0555069 0.0571091 0.0574031 0.0567386 0.0554415 0.0537992 0.0520547 0.0503933 0.0489089 0.047545 0.0460321 0.043891 0.0405702 0.0357151 0.0294359 0.022379
 0.00565393 0.00926049 0.0140825 0.020129 0.027243 0.0349867 0.0426188 0.0492845 0.0543308 0.0575117 0.0589558 0.0589885 0.0579776 0.0562652 0.0541523 0.0518932 0.0496841 0.0476362 0.0457255 0.0437368 0.0412618 0.0378168 0.0330818 0.0271457 0.0205772
 0.00589866 0.0096615 0.014692 0.0209981 0.0284122 0.0364707 0.0443908 0.0512695 0.0564153 0.059565 0.0608509 0.0606159 0.0592494 0.0571147 0.0545289 0.0517572 0.0490036 0.046392 0.0439252 0.0414388 0.0385967 0.0349906 0.0303474 0.0247434 0.0186713
 0.00613602 0.0100507 0.0152842 0.021843 0.0295494 0.0379146 0.0461153 0.053202 0.0584469 0.0615705 0.0627085 0.0622186 0.0605099 0.0579648 0.0549176 0.0516462 0.0483639 0.0452049 0.0421953 0.0392154 0.0359982 0.0322122 0.0276364 0.0223426 0.016753
 0.0063788 0.0104487 0.0158893 0.0227055 0.0307079 0.0393808 0.0478576 0.0551408 0.0604659 0.0635398 0.064506 0.0637423 0.0616811 0.058726 0.055228 0.0514765 0.047692 0.0440176 0.0404979 0.0370529 0.0334787 0.0295168 0.0249992 0.0199983 0.0148717
 0.0065984 0.0108106 0.0164429 0.0235 0.0317828 0.0407501 0.0494946 0.0569719 0.062381 0.0654129 0.0662166 0.0651881 0.0627836 0.0594299 0.055498 0.0512908 0.0470369 0.0428866 0.0389001 0.0350309 0.0311304 0.0270064 0.0225404 0.0178075 0.0131086
 0.00681028 0.011158 0.0169714 0.0242539 0.0327968 0.0420358 0.0510263 0.0586812 0.0641654 0.0671552 0.0678031 0.0665217 0.0637886 0.0600538 0.0557087 0.0510721 0.0463829 0.0417994 0.037395 0.0331514 0.0289666 0.0247054 0.0202929 0.0158066 0.0114975
 0.00706244 0.0115657 0.0175802 0.0251041 0.0339144 0.0434198 0.0526356 0.0604311 0.06594 0.0688301 0.069267 0.0676881 0.0645985 0.0604732 0.0557235 0.0506821 0.0455966 0.0406314 0.0358701 0.0313166 0.0269071 0.0225528 0.0182143 0.0139699 0.0100254
 0.00726325 0.0119028 0.0181068 0.0258745 0.0349709 0.044772 0.0542416 0.0621942 0.0677255 0.0704959 0.0706904 0.0687804 0.0653067 0.0607752 0.0556203 0.0501898 0.0447392 0.0394372 0.0343744 0.0295711 0.0249928 0.0205868 0.0163404 0.0123292 0.00871877
 0.00743734 0.0121858 0.0185335 0.0264788 0.0357814 0.0458035 0.0554838 0.0636025 0.0692211 0.071974 0.0720356 0.0698839 0.0660832 0.0611726 0.0556216 0.049806 0.043999 0.0383789 0.0330439 0.0280265 0.0233134 0.0188779 0.014725 0.0109246 0.00760613
 0.00749667 0.0122918 0.0187109 0.0267575 0.0361909 0.0463644 0.0561988 0.0644539 0.0701741 0.072982 0.0730437 0.0708281 0.0668916 0.0617721 0.0559496 0.0498214 0.0436879 0.0377537 0.0321395 0.0268985 0.0220384 0.017553 0.0134585 0.00981696 0.00672609
 0.00756331 0.0123861 0.018828 0.0268873 0.0363251 0.0465061 0.0563686 0.0646858 0.0705027 0.0734281 0.0736034 0.0714715 0.0675668 0.0624125 0.0564819 0.0501749 0.0438063 0.0376045 0.0317211 0.0262418 0.0212049 0.0166286 0.0125406 0.00899572 0.00606454
 0.0076422 0.0125084 0.0189998 0.027108 0.0365851 0.0467856 0.0566396 0.06492 0.0706844 0.0735653 0.0737276 0.0716238 0.067777 0.0626825 0.0567806 0.0504465 0.0439841 0.0376285 0.0315528 0.0258753 0.0206708 0.015989 0.0118758 0.00838403 0.00556327
 0.00773885 0.0126599 0.0192172 0.0273963 0.0369414 0.0471958 0.0570756 0.0653404 0.0710418 0.0738195 0.0738591 0.0716417 0.0677161 0.0625895 0.0566943 0.0503813 0.0439239 0.0375343 0.0313801 0.0255935 0.020278 0.0155153 0.011375 0.00791607 0.00517526
 0.00778774 0.0127403 0.0193395 0.0275704 0.0371737 0.0474856 0.0574111 0.0656975 0.0713878 0.0741187 0.0740806 0.0717657 0.0677385 0.0625242 0.0565696 0.050229 0.043766 0.0373733 0.0311996 0.02537 0.019997 0.0151835 0.0110207 0.00757898 0.00489081
 0.00779074 0.012742 0.0193366 0.0275596 0.0371542 0.0474627 0.0573983 0.0657139 0.0714511 0.0742372 0.0742478 0.0719606 0.0679325 0.0626897 0.0566888 0.0502973 0.043789 0.0373588 0.0311501 0.0252808 0.0198621 0.015005 0.0108143 0.00737037 0.00470647
 0.00782836 0.0127926 0.0193932 0.0276087 0.0371799 0.0474522 0.0573477 0.0656315 0.071356 0.0741555 0.0742051 0.0719743 0.0680053 0.0628085 0.0568291 0.0504322 0.0438974 0.0374289 0.0311775 0.0252646 0.0198034 0.0149089 0.0106923 0.00724012 0.00458674
 0.00787726 0.0128695 0.0195035 0.0277536 0.0373534 0.0476392 0.0575229 0.0657636 0.071418 0.0741355 0.0741132 0.0718393 0.0678637 0.0626912 0.0567522 0.0503945 0.0438851 0.0374234 0.0311622 0.0252291 0.0197439 0.0148276 0.0105969 0.0071424 0.00449863
 0.00786074 0.0128448 0.0194705 0.0277142 0.037312 0.0476018 0.0574962 0.0657526 0.071423 0.0741507 0.0741286 0.0718465 0.0678614 0.0626874 0.0567597 0.0504239 0.0439379 0.0374913 0.0312303 0.0252819 0.0197709 0.014826 0.0105711 0.00710194 0.00445457
 0.00788222 0.0128695 0.0194891 0.0277125 0.0372756 0.0475234 0.0573811 0.0656191 0.071296 0.0740532 0.0740738 0.0718353 0.0678852 0.0627339 0.0568191 0.0504918 0.0440136 0.0375735 0.0313136 0.0253573 0.0198286 0.0148599 0.0105814 0.0070941 0.00443702
 0.00788728 0.0128791 0.0195056 0.0277369 0.0373057 0.0475509 0.0573916 0.0655965 0.0712304 0.0739482 0.0739483 0.0717163 0.0677972 0.0626899 0.0568191 0.0505266 0.0440716 0.0376442 0.0313886 0.0254287 0.0198891 0.0149038 0.0106066 0.00710292 0.00443473
 0.00790264 0.0128996 0.0195282 0.0277567 0.0373173 0.0475516 0.0573819 0.0655786 0.0712054 0.0739135 0.0738995 0.0716523 0.0677243 0.0626216 0.0567704 0.0505077 0.0440841 0.0376824 0.0314425 0.025488 0.0199445 0.0149486 0.0106375 0.00712008 0.00444123
 0.00786149 0.0128384 0.0194467 0.0276579 0.0372068 0.0474351 0.0572651 0.0654676 0.0711076 0.0738378 0.0738534 0.0716395 0.0677432 0.0626667 0.0568362 0.0505905 0.044182 0.0377923 0.0315588 0.0256021 0.0200477 0.0150337 0.010701 0.00716234 0.00446593
 0.00784957 0.0128117 0.0193933 0.027564 0.0370613 0.0472371 0.0570291 0.0652223 0.0708871 0.0736707 0.0737557 0.0716138 0.0677822 0.0627583 0.0569663 0.0507457 0.0443505 0.0379647 0.0317272 0.0257592 0.0201864 0.0151483 0.0107883 0.00722312 0.0045041
 0.00784566 0.0128034 0.0193768 0.0275332 0.0370079 0.0471516 0.0569035 0.0650541 0.0706845 0.0734541 0.0735551 0.0714602 0.0676982 0.0627522 0.0570319 0.0508673 0.0445087 0.0381409 0.0319061 0.0259285 0.0203369 0.0152735 0.0108851 0.00729195 0.00454866
 0.00783193 0.0127815 0.0193447 0.0274891 0.0369503 0.0470794 0.0568159 0.0649509 0.070566 0.0733225 0.0734167 0.0713272 0.0675887 0.0626855 0.0570224 0.050919 0.0446145 0.0382853 0.0320701 0.0260943 0.0204898 0.0154037 0.0109874 0.00736582 0.00459738
 0.00779049 0.0127164 0.0192511 0.0273646 0.0367958 0.0469005 0.0566238 0.0647611 0.0703957 0.0731854 0.0733202 0.0712725 0.0675737 0.0627084 0.0570839 0.0510207 0.0447556 0.0384592 0.0322641 0.0262918 0.0206744 0.0155625 0.0111131 0.00745712 0.00465799
 0.00776133 0.0126636 0.0191621 0.0272252 0.0365952 0.0466376 0.0563125 0.0644312 0.0700853 0.0729315 0.073149 0.0711955 0.067588 0.0628016 0.0572389 0.051221 0.0449869 0.0387097 0.0325217 0.026543 0.0209048 0.0157597 0.0112694 0.00757114 0.00473402
 0.00772309 0.0126017 0.019069 0.0270937 0.0364186 0.0464119 0.0560394 0.0641209 0.0697589 0.0726195 0.072887 0.0710162 0.0675137 0.0628382 0.0573767 0.0514386 0.0452586 0.0390103 0.032829 0.0268384 0.0211727 0.0159877 0.0114501 0.00770334 0.00482263
 0.00768203 0.0125345 0.0189673 0.0269497 0.0362273 0.0461736 0.0557621 0.0638208 0.0694569 0.072338 0.0726467 0.0708367 0.0674124 0.0628289 0.0574651 0.0516192 0.0455142 0.0393157 0.0331563 0.0271609 0.0214683 0.0162402 0.0116507 0.00785057 0.00492173
 0.00769401 0.0125509 0.0189859 0.0269656 0.0362331 0.0461602 0.0557201 0.063742 0.0693373 0.0721796 0.0724588 0.0706354 0.0672188 0.0626664 0.0573554 0.0515787 0.0455498 0.0394222 0.0333176 0.027354 0.0216684 0.0164257 0.0118064 0.0079694 0.00500411
 0.00765145 0.0124878 0.0189023 0.0268654 0.0361227 0.046046 0.0556072 0.0636335 0.0692345 0.0720826 0.0723678 0.0705515 0.0671458 0.0626108 0.0573271 0.0515887 0.0456072 0.0395303 0.0334712 0.0275389 0.0218645 0.0166121 0.0119663 0.00809338 0.00509105
 0.00762832 0.0124497 0.0188444 0.0267839 0.0360165 0.0459194 0.0554708 0.0635025 0.0691242 0.0720023 0.0723182 0.070526 0.0671352 0.0626087 0.0573327 0.051607 0.0456467 0.0395991 0.0335726 0.0276691 0.0220119 0.0167605 0.0120999 0.00820119 0.00516903
 0.00762992 0.0124518 0.0188464 0.0267843 0.0360128 0.0459078 0.055447 0.0634635 0.0690698 0.0719368 0.0722492 0.0704614 0.0670803 0.0625649 0.0572989 0.0515831 0.0456354 0.0396061 0.0336037 0.0277263 0.0220909 0.0168514 0.01219 0.00827933 0.00522878
 0.00761804 0.0124347 0.0188249 0.0267604 0.0359891 0.0458865 0.0554286 0.0634466 0.0690516 0.0719144 0.0722208 0.0704279 0.0670452 0.0625326 0.0572737 0.0515673 0.0456307 0.0396142 0.0336269 0.0277662 0.0221465 0.0169173 0.0122579 0.00834059 0.00527735
 0.00759551 0.0124001 0.0187766 0.0266988 0.0359168 0.0458085 0.0553523 0.0633805 0.0690034 0.0718881 0.0722156 0.0704388 0.0670655 0.0625572 0.0572999 0.0515951 0.0456614 0.0396497 0.0336689 0.0278158 0.022203 0.016978 0.0123176 0.00839361 0.00531947
 0.00756196 0.012346 0.0186963 0.0265881 0.0357746 0.0456392 0.0551675 0.0631989 0.0688469 0.0717762 0.0721606 0.0704432 0.0671226 0.062654 0.0574211 0.0517269 0.0457937 0.0397767 0.0337881 0.0279263 0.0223042 0.0170686 0.0123955 0.00845655 0.00536642
 0.00754256 0.0123126 0.0186425 0.026507 0.0356604 0.0454899 0.054988 0.0630015 0.0686506 0.0716028 0.0720304 0.0703714 0.0671164 0.0627111 0.057531 0.0518734 0.0459593 0.039946 0.03395 0.0280739 0.0224341 0.0171788 0.012485 0.00852543 0.0054158
 0.00752668 0.0122883 0.0186088 0.0264632 0.0356056 0.0454224 0.054905 0.0629009 0.0685327 0.0714732 0.0719005 0.0702571 0.0670346 0.0626752 0.0575473 0.0519398 0.0460657 0.0400778 0.0340917 0.0282124 0.0225599 0.0172863 0.0125718 0.00859113 0.00546214
 0.00754823 0.0123181 0.0186439 0.0264977 0.0356321 0.0454348 0.0548998 0.0628774 0.0684911 0.0714133 0.0718224 0.0701632 0.066932 0.0625768 0.0574681 0.0518928 0.0460578 0.0401078 0.0341511 0.0282891 0.0226416 0.0173631 0.0126371 0.00864212 0.00549865
 0.00750964 0.0122665 0.0185864 0.0264469 0.0356017 0.0454323 0.0549225 0.0629127 0.0685227 0.0714283 0.0718153 0.0701354 0.066889 0.0625258 0.0574177 0.0518528 0.0460375 0.0401132 0.0341832 0.0283425 0.0227069 0.01743 0.0126972 0.0086904 0.00553363
 0.00747601 0.0122083 0.0184934 0.02631 0.0354181 0.045212 0.0546913 0.0627076 0.0683794 0.0713668 0.0718331 0.0702124 0.0669985 0.0626454 0.0575341 0.0519619 0.0461411 0.0402158 0.0342881 0.0284498 0.0228127 0.0175279 0.0127808 0.00875556 0.00557983
 0.00749351 0.0122325 0.0185213 0.026335 0.03543 0.0451991 0.0546432 0.06262 0.0682585 0.0712307 0.0717076 0.0701212 0.0669543 0.0626458 0.0575664 0.0520106 0.0461952 0.0402708 0.0343442 0.0285084 0.0228736 0.0175881 0.0128356 0.00880093 0.00561358
 0.00750535 0.0122547 0.0185597 0.0263958 0.0355167 0.0453082 0.0547616 0.0627256 0.0683262 0.0712414 0.0716559 0.0700181 0.0668232 0.0625134 0.0574536 0.0519271 0.0461405 0.0402391 0.0343295 0.0285069 0.0228826 0.0176049 0.0128566 0.008822 0.00563149
 0.00750535 0.0122547 0.0185597 0.0263958 0.0355167 0.0453082 0.0547616 0.0627256 0.0683262 0.0712414 0.0716559 0.0700181 0.0668232 0.0625134 0.0574536 0.0519271 0.0461405 0.0402391 0.0343295 0.0285069 0.0228826 0.0176049 0.0128566 0.008822 0.00563149
 0.0071751 0.0117323 0.0178032 0.0253829 0.0342571 0.0438584 0.053235 0.0612841 0.0671463 0.0704664 0.07136 0.0701968 0.0674099 0.0634076 0.0585461 0.053117 0.0473427 0.0413866 0.035373 0.0294137 0.0236353 0.0181997 0.0133014 0.00913414 0.00583514
 0.0071366 0.0116325 0.0175845 0.0249699 0.0335767 0.0428718 0.0519673 0.0598342 0.0656705 0.0691439 0.0703539 0.0696233 0.0673196 0.0637815 0.0593073 0.0541533 0.048532 0.0426163 0.0365515 0.030474 0.0245356 0.0189207 0.0138439 0.00951544 0.00608361
 0.00706981 0.011532 0.0174454 0.0247853 0.0333292 0.0425258 0.0514706 0.0591355 0.0647507 0.0680455 0.0691904 0.0685584 0.0665228 0.0633813 0.0593594 0.0546338 0.0493526 0.0436524 0.0376718 0.0315635 0.0255086 0.0197257 0.0144622 0.00995521 0.00637198
 0.00702852 0.0114669 0.0173518 0.0246606 0.033174 0.0423425 0.0512599 0.0588896 0.0644464 0.0676471 0.0686669 0.0679121 0.065812 0.0627182 0.058879 0.0544475 0.0495102 0.0441285 0.0383798 0.0323863 0.0263309 0.0204581 0.0150527 0.0103887 0.00666205
 0.00695906 0.0113588 0.0171983 0.024459 0.0329266 0.0420578 0.0509529 0.0585803 0.0641542 0.0673816 0.0684204 0.0676618 0.0655345 0.0624118 0.0585817 0.0542347 0.0494676 0.0443153 0.0387997 0.0329839 0.0270126 0.0211244 0.0156264 0.0108298 0.00696681
 0.00693414 0.0113183 0.0171371 0.0243727 0.0328119 0.0419143 0.0507843 0.0583948 0.0639627 0.0671943 0.0682437 0.0674943 0.0653671 0.0622332 0.0583897 0.0540487 0.0493333 0.0442914 0.0389321 0.0332804 0.0274343 0.0216002 0.0160802 0.0112059 0.00724116
 0.00697704 0.0113901 0.0172484 0.0245327 0.0330244 0.0421714 0.0510626 0.0586571 0.0641661 0.0673027 0.0682365 0.0673697 0.0651375 0.0619191 0.0580155 0.0536435 0.0489353 0.0439487 0.038695 0.0331838 0.0274818 0.0217598 0.0162968 0.0114235 0.00742083
 0.00700872 0.0114502 0.0173546 0.0247064 0.0332847 0.0425264 0.0515004 0.0591424 0.0646449 0.067713 0.0685218 0.0674894 0.0650746 0.0616818 0.0576329 0.0531592 0.0484012 0.0434209 0.0382292 0.0328269 0.0272596 0.021669 0.0163073 0.0114908 0.0075035
 0.00715804 0.011691 0.0177129 0.025204 0.0339338 0.0433211 0.052408 0.0601004 0.0655681 0.0685083 0.0691042 0.0677957 0.0650716 0.0613706 0.0570475 0.0523606 0.0474677 0.0424386 0.037282 0.0319878 0.0265809 0.0211735 0.0159859 0.0113097 0.00741813
 0.00714161 0.011683 0.0177359 0.0252916 0.0341235 0.0436423 0.0528708 0.0606898 0.066246 0.0692198 0.0697836 0.0683732 0.0654805 0.0615576 0.0569835 0.0520482 0.046943 0.0417655 0.0365415 0.0312632 0.0259429 0.0206678 0.0156271 0.011084 0.00729398
 0.00706646 0.0115581 0.0175449 0.0250233 0.033781 0.0432545 0.0524982 0.0604166 0.0661564 0.0693677 0.0701727 0.0689539 0.0661655 0.0622429 0.0575707 0.0524618 0.0471436 0.0417551 0.0363599 0.0309756 0.0256216 0.020374 0.0153983 0.0109308 0.00720637
 0.00707492 0.0115608 0.0175281 0.0249664 0.0336609 0.0430537 0.052215 0.0600733 0.0658017 0.0690713 0.0700095 0.0689812 0.0664014 0.0626554 0.0580848 0.0529809 0.0475761 0.0420386 0.0364739 0.030941 0.0254881 0.0202005 0.0152339 0.0108041 0.00712436
 0.00708917 0.0115856 0.0175675 0.0250224 0.0337302 0.043123 0.0522594 0.0600614 0.065708 0.0688909 0.0697687 0.0687358 0.0662201 0.0625963 0.0581712 0.0531911 0.0478504 0.0423015 0.0366615 0.0310217 0.0254677 0.020112 0.0151198 0.0106988 0.00704597
 0.00709337 0.0115933 0.0175809 0.0250445 0.0337642 0.0431713 0.0523211 0.0601293 0.0657664 0.0689177 0.0697421 0.0686463 0.0660808 0.0624441 0.0580551 0.0531508 0.0478972 0.0424122 0.0367899 0.0311203 0.0255083 0.0200938 0.0150627 0.0106295 0.0069851
