SBPRF35
9.86664
Curr Bio
619669
B35
765877
F35
0.189661
FOFL
0.140734
OFL
65808
Bzero
2.81904e+06
#pred survey bio
 4.19428e+06 4.01313e+06 3.82753e+06 3.59959e+06 3.32891e+06 3.04031e+06 2.7287e+06 2.45752e+06 2.17912e+06 1.91359e+06 1.67924e+06 1.48736e+06 1.31325e+06 1.1634e+06 1.02248e+06 906134 805671 745131 688298 649922 629904 622561 601121 585463 580086 571828 565271 559956 560764 563907 566179 555810 553063 538260 532443 530571 521313 515677 521476 528519 537124 546486 558136 559977 569180 574066 577826 574691 583193 586075 593944 614511 637063 625420 2.04207e+07 1.25441e+07 1.31021e+07 1.41218e+07 1.53915e+07 1.66954e+07 1.78909e+07 1.89099e+07 1.97365e+07 2.03846e+07 2.08809e+07 2.1255e+07 2.15342e+07 2.17413e+07 2.18946e+07 2.20081e+07 2.20923e+07 2.2155e+07 2.22019e+07 2.22372e+07 2.22639e+07 2.22841e+07 2.22996e+07 2.23115e+07 2.23207e+07 2.23278e+07 2.23334e+07 2.23377e+07 2.2341e+07 2.23437e+07 2.23457e+07 2.23474e+07 2.23487e+07 2.23497e+07 2.23505e+07 2.23511e+07 2.23516e+07 2.2352e+07 2.23524e+07 2.23526e+07 2.23528e+07 2.2353e+07 2.23531e+07 2.23532e+07 2.23533e+07 2.23533e+07 2.23534e+07 2.23534e+07 2.23535e+07 2.23535e+07 2.23535e+07 2.23535e+07 2.23535e+07 2.23536e+07 2.23536e+07 2.23536e+07 2.23536e+07 2.23536e+07 2.23536e+07 2.23536e+07 2.23536e+07 2.23536e+07 2.23536e+07 2.23536e+07 2.23536e+07 2.23536e+07 2.23536e+07 2.23536e+07 2.23536e+07 2.23536e+07 2.23536e+07 2.23536e+07 2.23536e+07 2.23536e+07 2.23536e+07 2.23536e+07 2.23536e+07 2.23536e+07 2.23536e+07 2.23536e+07 2.23536e+07 2.23536e+07 2.23536e+07 2.23536e+07 2.23536e+07 2.23536e+07 2.23536e+07 2.23536e+07 2.23536e+07 2.23536e+07 2.23536e+07 2.23536e+07 2.23536e+07 2.23536e+07 2.23536e+07 2.23536e+07 2.23536e+07 2.23536e+07 2.23536e+07 2.23536e+07 0 0 0 0 0 0 0 0 0 0 0 0 0 0 0 0 0 0 0 0 0 0 0 0 0
#obs survey bio
 2.46896e+06 3.46201e+06 4.13694e+06 4.83849e+06 2.50661e+06 3.02068e+06 2.99097e+06 2.29676e+06 1.98240e+06 1.71823e+06 912883 1.30931e+06 977223 879596 1.10846e+06 734614 751320 618339 651926 626608 531417 465100 797401 512144 602624 535640 396075 577921 469656 566807 553327 532467 514510 454544 506574 516923 408433 536099 471970 619369 399410 420945 697019 768888 837560 524337 765038 621881 431177 665080 463419 391692 982739 762454
#pred catch bio
 95500.3 102069 148125 200505 235085 277246 262403 290848 300235 291284 269852 266798 253558 249566 228506 212602 175597 169372 150232 132428 120428 129753 121273 110232 110807 107563 105056 98808.1 96120.9 95842 104395 95568.7 103095 92240.9 86388.3 92456 92628 87576 89452.2 89138.4 88825.2 86840.5 94063.6 86266 88570.4 88531.3 94041.2 85577.2 93125.2 91606 84070.4 85548.1 114623 135473 65808 88617.3 91497.4 97470 105776 114539 122536 129233 134531 138554 141519 143654 145164 146217 146944 147441 147778 148006 148159 148262 148331 148376 148407 148427 148440 148449 148455 148458 148461 148463 148464 148465 148465 148465 148466 148466 148466 148466 148466 148466 148466 148466 148466 148466 148466 148466 148466 148466 148466 148466 148466 148466 148466 148466 148466 148466 148466 148466 148466 148466 148466 148466 148466 148466 148466 148466 148466 148466 148466 148466 148466 148466 148466 148466 148466 148466 148466 148466 148466 148466 148466 148466 148466 148466 148466 148466 148466 148466 148466 148466 148466 148466 148466 148466 148466 148466 148466 148466 148466 148466 0 0 0 0 0 0 0 0 0 0 0 0 0 0 0 0 0 0 0 0 0 0 0 0 0
#obs catch bio
 0 101952 148372 200849 235696 278953 262342 291338 301260 293156 273578 272275 259888 255820 234340 218458 179087 173523 153111 135267 122883 133108 122907 111754 112418 108790 106655 99872.2 97275.2 96925.4 105706 96277.2 104387 93257.9 87011.5 92892.7 93293.1 88173.9 90102.8 89004.5 89122.7 86913.8 94002.9 85928.2 87715 87553.4 92749.1 84359.8 92914.4 91474.8 84187 85533 114582 135749
#pred cpue bio
 4.13074e+06 3.95284e+06 3.77027e+06 3.54416e+06 3.27498e+06 2.98786e+06 2.67813e+06 2.40837e+06 2.13141e+06 1.86723e+06 1.63396e+06 1.44281e+06 1.2699e+06 1.12159e+06 982692 868338 770012 710872 655673 618497 599147 592197 571892 557189 552238 544480 538320 533328 534314 537596 540151 530517 528205 514234 509152 507857 498316 491212 495668 502533 511340 520745 532366 534596 544039 549196 552988 549783 557465 559572 566749 586442 608293 597274 1.95049e+07 1.19993e+07 1.24466e+07 1.33255e+07 1.45387e+07 1.58273e+07 1.70194e+07 1.80376e+07 1.88641e+07 1.95122e+07 2.00085e+07 2.03826e+07 2.06617e+07 2.08688e+07 2.10221e+07 2.11356e+07 2.12199e+07 2.12826e+07 2.13295e+07 2.13648e+07 2.13914e+07 2.14117e+07 2.14272e+07 2.14391e+07 2.14483e+07 2.14554e+07 2.14609e+07 2.14652e+07 2.14686e+07 2.14712e+07 2.14733e+07 2.1475e+07 2.14762e+07 2.14773e+07 2.14781e+07 2.14787e+07 2.14792e+07 2.14796e+07 2.14799e+07 2.14802e+07 2.14804e+07 2.14805e+07 2.14807e+07 2.14808e+07 2.14809e+07 2.14809e+07 2.1481e+07 2.1481e+07 2.1481e+07 2.14811e+07 2.14811e+07 2.14811e+07 2.14811e+07 2.14811e+07 2.14811e+07 2.14812e+07 2.14812e+07 2.14812e+07 2.14812e+07 2.14812e+07 2.14812e+07 2.14812e+07 2.14812e+07 2.14812e+07 2.14812e+07 2.14812e+07 2.14812e+07 2.14812e+07 2.14812e+07 2.14812e+07 2.14812e+07 2.14812e+07 2.14812e+07 2.14812e+07 2.14812e+07 2.14812e+07 2.14812e+07 2.14812e+07 2.14812e+07 2.14812e+07 2.14812e+07 2.14812e+07 2.14812e+07 2.14812e+07 2.14812e+07 2.14812e+07 2.14812e+07 2.14812e+07 2.14812e+07 2.14812e+07 2.14812e+07 2.14812e+07 2.14812e+07 2.14812e+07 2.14812e+07 2.14812e+07 2.14812e+07 2.14812e+07 2.14812e+07 2.14812e+07 0 0 0 0 0 0 0 0 0 0 0 0 0 0 0 0 0 0 0 0 0 0 0 0 0
#obs cpue bio
 3.66405e+06 3.95342e+06 4.2355e+06 3.33605e+06 2.95897e+06 2.43921e+06 3.95135e+06 2.50705e+06 1.91572e+06 1.49785e+06 1.34305e+06 938244 971110 1.26494e+06 615273 732387 692526 546391 608222 363368 463217 532683 628118 434798 441614 565670 485974 531001 474521 450721 528012 542165 435387 469296 563766 667868 490744 396530 511178 793140 466525 745081 573548 460599 729088 750081 677488 582417 340178 474045 505121 918201 525488 455871
#pred surv len freq
 0.00414801 0.00687226 0.0106007 0.0153992 0.0211963 0.0276823 0.0342931 0.0403674 0.0453986 0.0491949 0.05185 0.0536011 0.054701 0.0553542 0.0556955 0.0557897 0.0556442 0.0552203 0.0544158 0.0530142 0.0506507 0.0468803 0.0413983 0.03432 0.0263117
 0.00425816 0.0069887 0.0106642 0.0153266 0.0209157 0.0271805 0.0336453 0.0397193 0.0449023 0.0489354 0.0518086 0.0536774 0.0547761 0.0553562 0.0556336 0.0557461 0.05573 0.0555156 0.0549217 0.0536414 0.0512528 0.0473195 0.0416044 0.0343113 0.0261691
 0.00442504 0.00726107 0.0110705 0.0158791 0.0215911 0.0279013 0.0342798 0.0401169 0.0449599 0.0486537 0.0512958 0.0530888 0.0542323 0.0548976 0.0552383 0.0553855 0.055413 0.0552892 0.054831 0.053684 0.0513653 0.0474066 0.0415914 0.0341812 0.0259614
 0.00459597 0.00754233 0.0115004 0.0164955 0.0224232 0.0289538 0.0355117 0.0414267 0.0461892 0.0496191 0.0518436 0.0531505 0.053848 0.0541901 0.0543533 0.0544387 0.0544756 0.0544046 0.0540323 0.0529916 0.0507736 0.0468847 0.0411043 0.033716 0.0255354
 0.00478668 0.00785489 0.0119758 0.0171743 0.0233389 0.030121 0.0369128 0.0430024 0.047838 0.0512039 0.0532032 0.0541219 0.0543016 0.0540689 0.0536939 0.0533568 0.0531241 0.0529283 0.0525434 0.051566 0.0494568 0.0457003 0.0400654 0.0328349 0.0248259
 0.00497081 0.00816075 0.0124484 0.0178605 0.0242788 0.0313342 0.0383841 0.0446762 0.049624 0.0529902 0.0548666 0.0555309 0.0553214 0.0545765 0.0536059 0.0526591 0.0518838 0.0512788 0.0506489 0.0495858 0.0475237 0.0439159 0.0385031 0.0315436 0.023828
 0.00525075 0.00860376 0.0130933 0.0187373 0.0254058 0.0327134 0.0399933 0.0464627 0.0515069 0.05487 0.056635 0.0570777 0.0565363 0.0553507 0.0538393 0.052278 0.0508652 0.049671 0.0485737 0.0472192 0.0450647 0.0415547 0.0363975 0.0298017 0.0224981
 0.00554269 0.00907383 0.0137916 0.0197057 0.0266683 0.0342627 0.0417788 0.0483917 0.053463 0.0567402 0.0583284 0.0585257 0.0576793 0.0561238 0.0541666 0.0520784 0.0500724 0.0482621 0.0465962 0.0448026 0.0424086 0.0388947 0.0339586 0.0277545 0.0209296
 0.00587243 0.00960981 0.0145977 0.0208398 0.0281698 0.0361329 0.0439613 0.0507672 0.0558674 0.0589991 0.0602919 0.0600879 0.0587803 0.0567362 0.0542748 0.0516607 0.0490969 0.0467023 0.0444635 0.0421806 0.0394693 0.0358814 0.0311375 0.0253496 0.0190699
 0.00625888 0.0102288 0.0155122 0.0221023 0.0298134 0.0381563 0.0463121 0.053334 0.0584911 0.0614991 0.0624948 0.0618499 0.0600004 0.0573598 0.0542869 0.0510692 0.047915 0.0449423 0.0421516 0.0393892 0.0363474 0.0326589 0.0280875 0.0227206 0.0170184
 0.00663163 0.010835 0.0164241 0.0233853 0.0315112 0.0402693 0.0487759 0.0560159 0.0612118 0.0640695 0.0647472 0.0636524 0.0612571 0.0580085 0.0542964 0.0504359 0.0466554 0.0430874 0.0397501 0.0365259 0.0331686 0.0293823 0.0249769 0.0200246 0.0149018
 0.00686706 0.0112364 0.017063 0.0243404 0.0328516 0.0420285 0.0509251 0.0584539 0.0637796 0.0665815 0.0670237 0.0655412 0.062644 0.0588183 0.0544883 0.0499965 0.0455927 0.0414284 0.0375462 0.0338667 0.0301995 0.0263105 0.0220496 0.0174761 0.0128912
 0.00709194 0.0116045 0.0176227 0.0251414 0.0339394 0.0434322 0.0526428 0.0604401 0.0659425 0.0687913 0.0691278 0.0673836 0.0640854 0.059752 0.0548475 0.0497517 0.0447445 0.0400018 0.0355925 0.0314743 0.027508 0.0235144 0.0193775 0.0151439 0.0110462
 0.00729072 0.0119329 0.0181264 0.025866 0.034921 0.0446835 0.0541396 0.0621191 0.067713 0.0705539 0.0707873 0.0688513 0.0652753 0.0605811 0.0552417 0.0496554 0.0441279 0.0388651 0.0339699 0.0294415 0.0251907 0.0210881 0.0170476 0.0131034 0.00942749
 0.00749669 0.0122738 0.0186506 0.0266213 0.0359442 0.0459839 0.0556826 0.0638211 0.0694554 0.0722085 0.0722415 0.0700227 0.0661131 0.0610578 0.0553415 0.0493653 0.043436 0.0377676 0.0324843 0.0276216 0.0231373 0.0189496 0.0150003 0.0113139 0.0080093
 0.00765222 0.0125324 0.0190508 0.027203 0.0367417 0.047013 0.0569274 0.0652271 0.0709346 0.073654 0.0735451 0.0710901 0.0668753 0.0614761 0.0554041 0.049078 0.0428113 0.0368197 0.0312342 0.0261107 0.0214426 0.0171875 0.013313 0.00983763 0.00683828
 0.00785094 0.0128459 0.0195047 0.0278156 0.0375215 0.047955 0.058008 0.066401 0.0721371 0.0748098 0.0745776 0.0719291 0.0674637 0.0617744 0.055394 0.0487609 0.0422033 0.0359454 0.0301248 0.0248094 0.0200139 0.0157229 0.0119227 0.00862735 0.00588092
 0.00789417 0.0129223 0.0196312 0.028012 0.0378061 0.0483391 0.0584902 0.0669667 0.0727633 0.0754709 0.0752473 0.0725775 0.0680524 0.0622563 0.0557187 0.048884 0.0420948 0.0355948 0.0295423 0.0240266 0.0190855 0.0147259 0.0109481 0.00776238 0.00518746
 0.0080219 0.0131164 0.0198984 0.0283504 0.0382073 0.0487913 0.0589794 0.0674754 0.0732697 0.0759501 0.0756756 0.072936 0.0683288 0.0624419 0.0558035 0.0488526 0.0419285 0.0352768 0.029067 0.0234068 0.0183569 0.0139457 0.0101864 0.0070869 0.00464621
 0.00812811 0.0132786 0.0201224 0.0286335 0.0385381 0.0491507 0.0593423 0.067815 0.0735641 0.076189 0.0758619 0.0730806 0.068442 0.0625266 0.055853 0.0488523 0.041858 0.0351151 0.0287981 0.0230281 0.0178852 0.0134187 0.00965615 0.00660671 0.00425582
 0.008127 0.0132806 0.0201323 0.0286579 0.0385832 0.0492194 0.0594319 0.0679181 0.0736716 0.0762949 0.0759662 0.0731894 0.0685629 0.0626637 0.0560015 0.0489968 0.0419743 0.0351751 0.0287769 0.0229114 0.0176759 0.0131392 0.00934438 0.00630539 0.0040001
 0.00793581 0.012999 0.0197635 0.0282251 0.0381252 0.0487813 0.0590574 0.0676441 0.073525 0.0762886 0.0760972 0.0734407 0.0689088 0.0630752 0.0564491 0.0494507 0.0424034 0.0355473 0.0290631 0.023091 0.0177434 0.0131074 0.00924213 0.00616984 0.00386568
 0.007965 0.0130223 0.0197552 0.0281504 0.0379539 0.0485074 0.0587121 0.0672911 0.0732374 0.0761207 0.0760671 0.0735328 0.0690891 0.0633082 0.0567073 0.0497148 0.0426584 0.0357779 0.0292517 0.0232213 0.0178054 0.0131029 0.00918588 0.00608511 0.0037766
 0.00805102 0.0131461 0.0199102 0.0283162 0.038097 0.0485858 0.0586846 0.0671308 0.0729467 0.0757404 0.0756699 0.0731992 0.068879 0.0632429 0.0567711 0.0498705 0.0428638 0.0359959 0.0294532 0.0233845 0.0179166 0.0131584 0.00919261 0.00605851 0.00373497
 0.00799845 0.0130752 0.0198301 0.0282424 0.038045 0.048561 0.058675 0.067108 0.072877 0.0756007 0.0754618 0.0729543 0.068651 0.0630889 0.0567311 0.0499536 0.0430487 0.0362425 0.0297166 0.0236267 0.0181119 0.0132952 0.00927241 0.00609274 0.00373978
 0.00803351 0.0131162 0.019863 0.0282472 0.0380039 0.0484701 0.0585509 0.066982 0.0727785 0.0755398 0.0754244 0.0729126 0.0685841 0.0629987 0.0566424 0.0499016 0.0430602 0.036323 0.0298501 0.0237839 0.0182623 0.0134168 0.00935566 0.00613959 0.00375944
 0.00802156 0.0131052 0.019861 0.0282637 0.038044 0.0485273 0.0586042 0.0670033 0.072747 0.075455 0.0753066 0.0727904 0.0684781 0.0629147 0.0565777 0.0498557 0.04304 0.0363387 0.0299057 0.0238715 0.0183644 0.0135134 0.00943236 0.00619084 0.00378781
 0.00800896 0.0130817 0.0198209 0.0282018 0.0379594 0.0484267 0.0585034 0.0669217 0.072698 0.0754388 0.0753105 0.0727984 0.0684811 0.0629138 0.0565799 0.0498677 0.0430662 0.0363817 0.0299669 0.0239491 0.0184514 0.013599 0.00950554 0.00624504 0.00382235
 0.00796798 0.013014 0.019717 0.0280529 0.0377593 0.0481765 0.0582153 0.0666214 0.0724217 0.0752246 0.0751882 0.0727804 0.0685599 0.0630667 0.0567787 0.0500874 0.0432892 0.0365976 0.03017 0.0241355 0.0186172 0.0137396 0.00961712 0.00632625 0.00387572
 0.00784147 0.0128257 0.019466 0.027749 0.0374202 0.047822 0.057864 0.0662905 0.0721297 0.0749928 0.0750392 0.0727341 0.0686274 0.0632447 0.0570485 0.0504186 0.0436478 0.0369536 0.0305013 0.0244286 0.0188652 0.0139395 0.00976938 0.00643443 0.00394645
 0.00772408 0.012637 0.019187 0.0273673 0.0369359 0.0472558 0.0572617 0.0657179 0.0716557 0.0746686 0.0748865 0.0727474 0.0687856 0.0635225 0.0574205 0.0508582 0.0441248 0.0374358 0.0309584 0.0248367 0.0192091 0.0142132 0.00997406 0.00657739 0.00403886
 0.0077331 0.0126451 0.0191866 0.0273458 0.0368775 0.0471451 0.0570887 0.0654834 0.0713745 0.0743696 0.0746072 0.0725242 0.0686443 0.0634742 0.057463 0.0509808 0.0443119 0.0376677 0.0312126 0.0250899 0.0194408 0.0144088 0.0101267 0.00668723 0.00411144
 0.00760352 0.012454 0.0189353 0.0270475 0.0365526 0.046814 0.0567664 0.0651793 0.071096 0.0741267 0.0744147 0.0724009 0.0686093 0.0635404 0.057632 0.0512414 0.0446424 0.0380402 0.0315976 0.0254595 0.0197715 0.0146844 0.0103398 0.00683933 0.00421113
 0.00748992 0.0122841 0.0187078 0.0267728 0.036252 0.0465165 0.0565041 0.0649808 0.0709781 0.0740872 0.0744335 0.07245 0.0686669 0.0636009 0.0577058 0.0513456 0.0447899 0.0382329 0.031825 0.0257024 0.0200077 0.0148942 0.0105101 0.00696554 0.00429626
 0.00750994 0.0122774 0.0186269 0.0265539 0.0358372 0.0458862 0.0557018 0.0641124 0.0701806 0.0734837 0.0740974 0.0723928 0.0688493 0.0639564 0.0581648 0.051853 0.04531 0.038745 0.0323148 0.0261559 0.0204095 0.0152305 0.0107729 0.00715554 0.00442228
 0.0081353 0.013159 0.0197013 0.0276709 0.0367943 0.0464889 0.055821 0.0637137 0.069327 0.0723186 0.0728127 0.0711844 0.0678697 0.0632835 0.0577998 0.0517429 0.0453807 0.0389271 0.0325548 0.0264162 0.0206632 0.0154578 0.0109604 0.00729714 0.00451965
 0.00875202 0.014157 0.0211841 0.0297038 0.0393571 0.0494212 0.0587931 0.0662698 0.0710121 0.0728357 0.0721232 0.0695005 0.0655563 0.0607323 0.0553315 0.0495622 0.0435777 0.0375078 0.0314795 0.0256288 0.020108 0.0150841 0.010723 0.00715648 0.00444265
 0.00864201 0.014094 0.0213037 0.030204 0.0404468 0.0512345 0.0613057 0.0692615 0.0740945 0.0755364 0.0740005 0.0702576 0.0651203 0.0592642 0.0531614 0.0470783 0.0411209 0.0353103 0.029656 0.0242031 0.0190489 0.0143356 0.0102218 0.0068407 0.0042572
 0.00822562 0.0134638 0.0204509 0.0291738 0.0393551 0.0502758 0.0607395 0.0693576 0.0750353 0.077314 0.0763701 0.0727884 0.0673283 0.0607664 0.0537834 0.0468753 0.0403178 0.0341985 0.0284972 0.0231738 0.0182326 0.0137437 0.00982483 0.00659361 0.00411461
 0.00807939 0.0131914 0.0199801 0.0284248 0.0382721 0.0488734 0.0591436 0.0678117 0.0738558 0.0768041 0.0767218 0.0740067 0.0692082 0.0629416 0.055836 0.0484666 0.0412818 0.0345593 0.0284137 0.0228513 0.0178465 0.0134033 0.00957381 0.00643168 0.00402138
 0.00803208 0.0131082 0.0198402 0.0281979 0.0379162 0.048339 0.0583881 0.0668266 0.0727006 0.0756277 0.0757507 0.0734872 0.0693183 0.0637112 0.057118 0.0499811 0.0427159 0.035675 0.0291121 0.0231693 0.0179015 0.0133259 0.0094619 0.00633678 0.0039586
 0.00792243 0.0129454 0.0196233 0.0279345 0.0376171 0.0480103 0.0580245 0.0664105 0.0722092 0.0750506 0.0751137 0.0728724 0.0688611 0.0635621 0.0573791 0.0506477 0.0436629 0.036701 0.0300195 0.0238348 0.0183012 0.0135121 0.00951629 0.00633113 0.00393729
 0.0077522 0.0126808 0.0192491 0.0274477 0.0370307 0.0473563 0.0573541 0.065786 0.0716868 0.0746607 0.0748534 0.0727184 0.0687979 0.0636062 0.0575803 0.0510601 0.0443008 0.0375098 0.0308844 0.0246251 0.0189223 0.0139325 0.0097612 0.00645348 0.00398945
 0.00766376 0.0125374 0.0190344 0.027148 0.036639 0.0468787 0.0568152 0.0652298 0.0711688 0.0742343 0.0745549 0.0725589 0.0687659 0.0636807 0.0577483 0.051327 0.0446823 0.0380093 0.0314714 0.0252336 0.0194739 0.0143682 0.0100608 0.00663269 0.00408281
 0.00762934 0.0124622 0.0188861 0.026886 0.0362262 0.046299 0.0560894 0.0644184 0.07036 0.0735216 0.0740171 0.0722461 0.0686941 0.0638338 0.0580878 0.0518066 0.0452609 0.0386543 0.032151 0.0259077 0.020093 0.0148861 0.0104503 0.00689409 0.00423881
 0.00768887 0.0125459 0.0189864 0.0269831 0.0362885 0.0462857 0.0559575 0.0641345 0.0699147 0.0729426 0.0733701 0.0716212 0.0681812 0.0634995 0.057962 0.0518835 0.0455092 0.0390306 0.0326087 0.0263997 0.0205727 0.015311 0.0107902 0.00713791 0.00439467
 0.0078009 0.0127136 0.0192112 0.0272549 0.0365855 0.0465761 0.0562006 0.0642833 0.0699231 0.0727769 0.0730231 0.0711211 0.067591 0.0629043 0.057448 0.0515164 0.0453212 0.0390188 0.0327432 0.0266348 0.0208573 0.015597 0.0110403 0.00733087 0.00452637
 0.00810393 0.0131668 0.0198191 0.0279937 0.037407 0.0474163 0.056987 0.0649402 0.0703782 0.0729732 0.0729291 0.0707382 0.0669553 0.0620838 0.0565347 0.0506118 0.0445174 0.0383804 0.0322978 0.0263739 0.020746 0.0155876 0.0110851 0.00739222 0.00458113
 0.00815871 0.0132837 0.0200441 0.0283808 0.0379975 0.04821 0.0579214 0.0658956 0.0712121 0.0735645 0.0732097 0.0706966 0.0666216 0.0615124 0.055794 0.0497806 0.0436798 0.0376156 0.0316666 0.0259075 0.0204431 0.0154211 0.0110147 0.00737748 0.00459074
 0.00815012 0.013284 0.0200727 0.0284693 0.0381877 0.0485458 0.0584354 0.0665912 0.0720474 0.074447 0.0740104 0.0712838 0.0668999 0.0614476 0.0554145 0.0491605 0.0429166 0.0368109 0.0309107 0.0252668 0.0199526 0.0150835 0.0108075 0.00726552 0.00453861
 0.00815523 0.013284 0.0200586 0.0284312 0.0381217 0.0484641 0.0583731 0.0666026 0.0721903 0.0747585 0.0744847 0.071863 0.0674839 0.0619226 0.055688 0.0491888 0.0427134 0.0364363 0.0304486 0.0248009 0.019547 0.0147728 0.0105972 0.00714019 0.00447339
 0.00801477 0.0130758 0.0197824 0.028099 0.0377537 0.0480829 0.0580009 0.0662661 0.0719263 0.0746158 0.0745145 0.0720995 0.067923 0.0625102 0.056329 0.0497743 0.0431554 0.0366929 0.0305298 0.0247548 0.0194359 0.014651 0.0104982 0.00707529 0.00443871
 0.00772039 0.0126357 0.0191927 0.0273841 0.0369623 0.0472789 0.0572549 0.0656467 0.0714908 0.0744005 0.0745318 0.072343 0.0683744 0.0631397 0.0570885 0.050593 0.043947 0.0373766 0.0310532 0.0251066 0.0196411 0.0147538 0.0105427 0.00709359 0.00444801
 0.00736363 0.0121203 0.0185375 0.0266496 0.0362366 0.0466516 0.0567949 0.0653915 0.0714457 0.0745427 0.074818 0.0727216 0.0688007 0.0635865 0.0575458 0.0510565 0.0444043 0.0378011 0.0314111 0.0253718 0.0198076 0.0148371 0.0105707 0.00709384 0.00443982
#obs surv len freq
 nan nan nan nan nan nan nan nan nan nan nan nan nan nan nan nan nan nan nan nan nan nan nan nan nan
 0.00448352 0.00734432 0.0111738 0.0159897 0.0216901 0.0279655 0.0342796 0.0400111 0.044691 0.0481553 0.0505137 0.0520102 0.052903 0.0534158 0.0537305 0.0539857 0.0542645 0.0545574 0.0546963 0.0542882 0.0527262 0.0493583 0.0438078 0.0362876 0.0276709
 0.00461628 0.00756178 0.0115037 0.016458 0.0223143 0.0287451 0.0351863 0.0409864 0.045654 0.0490191 0.0512015 0.0524668 0.0531006 0.0533537 0.0534307 0.0534855 0.0536073 0.053786 0.0538496 0.0534033 0.0518419 0.0485177 0.0430557 0.0356619 0.0271927
 0.00477933 0.00782926 0.0119108 0.0170388 0.0230956 0.0297349 0.0363626 0.0422913 0.0470002 0.0503033 0.0523205 0.0533301 0.0536399 0.0535299 0.0532366 0.052944 0.0527645 0.0527017 0.0525907 0.0520403 0.0504505 0.0471787 0.0418496 0.0346551 0.0264218
 0.00497072 0.00814149 0.0123828 0.0177081 0.0239912 0.0308669 0.0377104 0.0437984 0.0485801 0.051853 0.0537343 0.0545082 0.0544949 0.0539923 0.0532621 0.0525185 0.0519068 0.0514616 0.0510443 0.0502855 0.048603 0.0453661 0.0401978 0.0332668 0.0253549
 0.00518693 0.00849578 0.0129212 0.0184751 0.0250213 0.0321708 0.0392612 0.0455273 0.0503862 0.0536225 0.0553571 0.055887 0.0555452 0.0546423 0.0534536 0.0522122 0.0510891 0.0501532 0.0493061 0.0482215 0.0463576 0.043112 0.0381119 0.0314966 0.0239862
 0.00539462 0.00883771 0.013444 0.0192256 0.0260382 0.0334711 0.0408257 0.0472944 0.0522596 0.0554881 0.0571009 0.0574052 0.0567485 0.0554556 0.0538142 0.0520695 0.0504091 0.0489282 0.0475699 0.0460633 0.043927 0.040608 0.0357512 0.0294671 0.0224034
 0.00564255 0.00924081 0.0140509 0.0200819 0.0271783 0.0349055 0.042527 0.0491922 0.0542493 0.0574504 0.0589196 0.0589779 0.0579895 0.0562948 0.0541941 0.0519422 0.0497369 0.0476913 0.0457831 0.0437973 0.0413245 0.037879 0.0331397 0.0271954 0.020616
 0.00588836 0.00964383 0.0146637 0.0209552 0.028351 0.036389 0.0442893 0.0511531 0.0562931 0.0594495 0.0607553 0.0605509 0.0592214 0.0571238 0.0545703 0.051823 0.0490858 0.0464837 0.0440217 0.0415371 0.0386941 0.0350838 0.0304318 0.0248147 0.0187265
 0.00612843 0.0100397 0.01527 0.0218262 0.0295303 0.0378922 0.0460867 0.0531633 0.0583945 0.0615038 0.0626313 0.0621392 0.0604394 0.0579141 0.0548944 0.0516529 0.0483978 0.0452603 0.042265 0.0392931 0.0360784 0.03229 0.0277072 0.0224025 0.0167994
 0.00638177 0.0104526 0.0158933 0.0227086 0.0307091 0.0393795 0.047854 0.0551351 0.0604571 0.0635251 0.0644814 0.0637048 0.0616314 0.0586696 0.0551744 0.0514357 0.0476718 0.0440207 0.0405223 0.0370936 0.033529 0.0295703 0.0250502 0.0200423 0.0149062
 0.00663304 0.0108659 0.0165239 0.0236099 0.0319214 0.0409119 0.0496675 0.057138 0.0625203 0.0655086 0.0662583 0.0651732 0.0627159 0.0593184 0.0553557 0.0511332 0.0468802 0.0427442 0.0387805 0.034937 0.0310607 0.0269568 0.0225064 0.0177849 0.0130943
 0.00684302 0.0112117 0.017053 0.0243697 0.032951 0.0422275 0.051247 0.0589141 0.0643876 0.0673422 0.0679339 0.0665824 0.0637745 0.0599692 0.0555653 0.0508867 0.0461748 0.0415876 0.0371955 0.0329753 0.0288196 0.0245885 0.020204 0.0157423 0.0114536
 0.00707538 0.0115913 0.0176275 0.0251839 0.0340371 0.0435911 0.0528519 0.0606789 0.0661976 0.0690719 0.0694683 0.0678282 0.0646635 0.0604573 0.0556301 0.050523 0.0453899 0.0403983 0.0356319 0.0310913 0.0267077 0.0223869 0.0180841 0.0138738 0.00995913
 0.00727354 0.0119192 0.0181312 0.0259094 0.0350202 0.0448413 0.0543376 0.0623223 0.0678862 0.0706817 0.0708851 0.0689613 0.06545 0.0608611 0.0556369 0.0501352 0.0446209 0.0392706 0.0341797 0.0293692 0.024802 0.0204207 0.0162063 0.0122288 0.00864925
 0.00744231 0.0121971 0.0185561 0.0265191 0.0358451 0.0458929 0.0555959 0.06373 0.0693549 0.072107 0.0721631 0.070002 0.066185 0.0612476 0.0556572 0.0497917 0.0439305 0.0382601 0.0328868 0.0278488 0.0231341 0.0187138 0.0145877 0.0108193 0.00753215
 0.00753642 0.0123507 0.018789 0.0268517 0.0362966 0.0464771 0.056316 0.0645736 0.0702928 0.073094 0.0731412 0.0709039 0.0669408 0.0617926 0.05594 0.0497797 0.0436115 0.0376421 0.0319969 0.026735 0.0218685 0.0173925 0.0133203 0.00970847 0.00664862
 0.00763094 0.0124972 0.0189964 0.0271242 0.0366344 0.0468774 0.0567732 0.0650794 0.0708369 0.0736645 0.0737236 0.0714774 0.0674748 0.0622452 0.0562619 0.0499219 0.0435349 0.037325 0.0314412 0.0259693 0.0209495 0.0164011 0.0123507 0.0088488 0.00596017
 0.00764984 0.0125283 0.0190437 0.027192 0.036726 0.046995 0.0569175 0.0652507 0.0710372 0.0738995 0.0740013 0.0718033 0.0678447 0.0626395 0.0566437 0.0502406 0.0437352 0.0373588 0.0312791 0.0256105 0.0204255 0.0157727 0.011696 0.00824506 0.00546437
 0.00772366 0.0126341 0.0191768 0.0273394 0.0368707 0.0471228 0.0570216 0.0653334 0.0711066 0.0739664 0.0740771 0.0718993 0.0679704 0.062799 0.0568304 0.0504331 0.0438971 0.0374457 0.0312503 0.0254425 0.0201228 0.0153696 0.0112489 0.00781584 0.00510243
 0.00778081 0.012726 0.0193125 0.0275239 0.0371014 0.0473847 0.0572862 0.0655631 0.0712673 0.0740409 0.0740716 0.0718397 0.0678909 0.0627304 0.0567917 0.0504278 0.0439121 0.0374538 0.0312171 0.0253381 0.0199338 0.0151066 0.0109447 0.00751372 0.00484102
 0.00781353 0.0127751 0.019379 0.0276068 0.037199 0.0474958 0.0574096 0.0656953 0.0713992 0.0741573 0.074155 0.0718777 0.0678833 0.0626902 0.05674 0.0503841 0.0438856 0.0374389 0.0311956 0.0252864 0.019834 0.0149561 0.0107584 0.00731869 0.00466539
 0.00785871 0.0128414 0.0194654 0.0277076 0.0373049 0.047597 0.0574981 0.0657666 0.0714529 0.0741958 0.0741812 0.0718926 0.0678845 0.0626747 0.0567079 0.050341 0.0438399 0.0373965 0.0311544 0.0252368 0.019764 0.0148593 0.0106393 0.00719151 0.00454792
 0.0078773 0.0128715 0.0195101 0.0277686 0.0373817 0.0476845 0.0575867 0.0658434 0.0715062 0.07422 0.0741791 0.0718733 0.0678586 0.0626492 0.0566849 0.0503189 0.043817 0.0373717 0.0311266 0.0252028 0.0197189 0.0147993 0.0105656 0.00711163 0.00447241
 0.00788919 0.0128863 0.0195241 0.0277764 0.0373779 0.0476673 0.0575595 0.0658138 0.0714828 0.0742079 0.0741789 0.0718825 0.0678744 0.0626705 0.0567114 0.0503496 0.0438492 0.0374014 0.0311495 0.0252148 0.0197167 0.0147813 0.0105336 0.00707076 0.00443013
 0.00789855 0.0129023 0.0195494 0.027813 0.0374254 0.0477216 0.0576118 0.0658531 0.0715 0.0742003 0.0741514 0.0718446 0.0678359 0.062638 0.0566877 0.0503349 0.0438421 0.0373994 0.0311493 0.0252125 0.0197086 0.0147655 0.0105103 0.00704273 0.00440176
 0.00790122 0.0129023 0.0195416 0.0277908 0.0373834 0.047659 0.0575352 0.0657748 0.0714331 0.0741542 0.0741288 0.0718434 0.0678522 0.0626688 0.0567307 0.0503876 0.0439008 0.0374595 0.0312057 0.0252605 0.0197447 0.0147877 0.0105191 0.00704102 0.00439377
 0.00789311 0.0128873 0.0195158 0.0277488 0.03732 0.0475705 0.0574216 0.0656424 0.0712947 0.0740274 0.0740322 0.0717912 0.0678506 0.0627145 0.0568139 0.0504953 0.0440207 0.0375809 0.0313198 0.0253605 0.0198258 0.0148478 0.0105587 0.00706323 0.00440343
 0.00787669 0.0128572 0.0194642 0.0276669 0.0372001 0.0474103 0.0572273 0.065429 0.0710835 0.0738408 0.0738902 0.0717088 0.0678361 0.0627688 0.0569296 0.0506581 0.0442119 0.0377813 0.0315126 0.0255328 0.0199694 0.0149589 0.0106379 0.00711457 0.00443322
 0.00784631 0.0128075 0.0193889 0.0275598 0.0370563 0.0472282 0.057011 0.0651899 0.0708398 0.0736156 0.0737071 0.071588 0.0677915 0.0628052 0.0570426 0.0508351 0.0444342 0.0380267 0.031759 0.025761 0.0201653 0.015115 0.0107527 0.00719224 0.00448105
 0.00783427 0.0127828 0.0193424 0.02748 0.0369326 0.0470555 0.0567936 0.0649425 0.0705844 0.0733759 0.0735047 0.0714407 0.0677121 0.0628015 0.0571158 0.0509791 0.0446353 0.0382655 0.0320128 0.0260073 0.0203854 0.0152962 0.0108902 0.00728781 0.00454171
 0.00783237 0.0127823 0.0193457 0.0274895 0.0369482 0.0470713 0.0567969 0.0649166 0.0705149 0.0732579 0.0733467 0.0712626 0.0675397 0.0626596 0.0570239 0.0509485 0.0446681 0.0383546 0.0321433 0.0261594 0.0205387 0.0154338 0.0110013 0.00736894 0.00459518
 0.00778486 0.012706 0.0192332 0.0273362 0.0367547 0.0468467 0.0565604 0.0646937 0.0703304 0.0731272 0.0732718 0.0712356 0.0675504 0.062702 0.0570977 0.0510566 0.0448125 0.0385325 0.0323456 0.0263717 0.0207435 0.015615 0.0111478 0.00747683 0.00466726
 0.00773992 0.0126293 0.0191114 0.0271555 0.0365051 0.0465283 0.0561891 0.0643027 0.069964 0.0728303 0.0730785 0.0711616 0.0675915 0.062839 0.0573047 0.051309 0.0450916 0.0388251 0.0326406 0.0266572 0.0210061 0.0158418 0.0113297 0.00761082 0.00475734
 0.00774719 0.0126337 0.0191039 0.0271223 0.0364297 0.0463965 0.0559935 0.0640471 0.0696647 0.0725153 0.0727841 0.0709254 0.0674441 0.0627961 0.0573645 0.0514553 0.0453002 0.0390711 0.0329023 0.0269165 0.0212478 0.016053 0.0115013 0.00773934 0.0048452
 0.00931704 0.0148392 0.0217824 0.0299068 0.0388546 0.0480657 0.0567151 0.0638602 0.0687675 0.0711581 0.0711916 0.0692679 0.0658408 0.0613272 0.05608 0.0503792 0.0444345 0.0384012 0.032404 0.0265619 0.0210087 0.0159025 0.0114145 0.00769447 0.00482506
 0.00930447 0.0151058 0.0226898 0.0319042 0.0422843 0.0529007 0.062391 0.0693652 0.0729982 0.0733506 0.0711706 0.0673965 0.0627622 0.0576893 0.0523746 0.0469101 0.0413577 0.0357784 0.0302435 0.024842 0.0196905 0.014936 0.0107422 0.00725495 0.0045574
 0.00895978 0.0145678 0.021943 0.0310041 0.0414081 0.0523795 0.0626687 0.0708402 0.0757852 0.0771032 0.0751231 0.0706509 0.0646579 0.0580307 0.0514062 0.0451117 0.039219 0.0336646 0.0283665 0.023293 0.0184846 0.014047 0.0101233 0.00685055 0.00431141
 0.0087937 0.014284 0.0214914 0.030334 0.0404881 0.0512332 0.0614177 0.0697295 0.0751588 0.0773071 0.076351 0.0728028 0.0673117 0.0605783 0.0532964 0.0460579 0.0392564 0.0330546 0.0274373 0.022316 0.0176256 0.0133753 0.00964394 0.00653519 0.00411993
 0.00872069 0.0141585 0.0212887 0.0300242 0.0400391 0.0506194 0.0606335 0.0688083 0.0741925 0.0764583 0.0758397 0.0728491 0.0680402 0.0619268 0.0549955 0.0477192 0.0405282 0.0337555 0.0275916 0.0220893 0.0172211 0.0129541 0.00929554 0.00628741 0.00396353
 0.00869132 0.0141095 0.0212123 0.0299101 0.0398752 0.0503909 0.0603252 0.0684081 0.073699 0.075893 0.0752621 0.0723651 0.0677892 0.0620369 0.0555184 0.0485802 0.0415345 0.0346697 0.0282319 0.0223939 0.0172447 0.0128116 0.00909955 0.00611115 0.00383643
 0.00871198 0.0141383 0.0212464 0.0299432 0.0398977 0.0503913 0.0602908 0.068325 0.0735528 0.0756721 0.0749644 0.0720095 0.067425 0.0617445 0.0553902 0.0486814 0.0418633 0.035144 0.0287197 0.0227727 0.0174521 0.0128583 0.00904266 0.00601551 0.00374718
 0.00867859 0.0140909 0.0211875 0.0298792 0.0398362 0.0503376 0.060245 0.0682819 0.0735035 0.0756064 0.0748731 0.0718871 0.0672749 0.0615853 0.0552592 0.0486278 0.0419281 0.0353348 0.0289981 0.0230677 0.0176927 0.013005 0.00909741 0.00600832 0.00371362
 0.00866065 0.0140613 0.0211427 0.0298165 0.0397559 0.0502449 0.0601507 0.0681999 0.0734455 0.075576 0.0748635 0.0718837 0.067262 0.0615541 0.0552136 0.048587 0.0419204 0.0353851 0.0291127 0.0232268 0.0178582 0.0131393 0.00918069 0.00604289 0.00371599
 0.00865179 0.0140446 0.0211132 0.0297686 0.0396843 0.0501477 0.0600316 0.0680695 0.0733197 0.0754723 0.0747958 0.0718575 0.0672729 0.0615896 0.0552596 0.0486346 0.041971 0.0354483 0.0291985 0.023336 0.0179788 0.0132513 0.00926654 0.00609579 0.00374043
 0.00863576 0.0140223 0.0210866 0.0297409 0.0396587 0.0501246 0.0600074 0.0680377 0.0732749 0.0754135 0.0747289 0.0717938 0.0672244 0.0615643 0.0552586 0.0486535 0.042004 0.0354923 0.0292537 0.0234031 0.0180542 0.0133264 0.00933081 0.00614207 0.00376775
 0.00862969 0.0140097 0.0210628 0.0297009 0.0395992 0.0500469 0.0599192 0.0679514 0.0732025 0.0753621 0.0746983 0.0717795 0.0672219 0.0615722 0.0552783 0.0486866 0.0420502 0.0355492 0.0293184 0.0234724 0.0181247 0.0133931 0.00938824 0.00618583 0.00379666
 0.008642 0.014031 0.0210967 0.0297504 0.0396645 0.0501234 0.0599959 0.0680133 0.073236 0.0753601 0.0746628 0.0717188 0.0671465 0.0614916 0.0552 0.0486169 0.0419942 0.0355105 0.0292981 0.0234694 0.0181354 0.0134127 0.00941091 0.0062066 0.00381243
 0.0086114 0.0139849 0.0210346 0.0296748 0.0395816 0.0500418 0.059926 0.0679651 0.0732155 0.0753671 0.0746908 0.071758 0.0671883 0.0615307 0.0552352 0.0486491 0.0420254 0.0355428 0.0293328 0.0235067 0.0181744 0.0134508 0.00944517 0.00623446 0.00383267
 0.00861992 0.0139937 0.0210386 0.0296667 0.0395541 0.0499917 0.0598571 0.0678878 0.0731444 0.0753152 0.0746656 0.0717598 0.0672108 0.061565 0.0552727 0.0486844 0.0420566 0.0355707 0.0293593 0.0235334 0.0182016 0.0134776 0.00946986 0.00625516 0.00384824
 0.00861992 0.0139937 0.0210386 0.0296667 0.0395541 0.0499917 0.0598571 0.0678878 0.0731444 0.0753152 0.0746656 0.0717598 0.0672108 0.061565 0.0552727 0.0486844 0.0420566 0.0355707 0.0293593 0.0235334 0.0182016 0.0134776 0.00946986 0.00625516 0.00384824
 0.00854449 0.0138799 0.0208838 0.0294742 0.0393321 0.0497516 0.0596125 0.0676557 0.0729444 0.0751687 0.0745911 0.0717684 0.0673022 0.0617264 0.0554823 0.0489168 0.042289 0.0357864 0.0295488 0.0236929 0.0183312 0.013579 0.00954572 0.00630885 0.00388369
 0.0085126 0.0138194 0.0207775 0.0293029 0.0390814 0.0494219 0.0592265 0.0672563 0.0725835 0.0748915 0.0744258 0.0717237 0.0673725 0.0618965 0.0557305 0.0492165 0.0426114 0.0361044 0.0298407 0.0239448 0.0185366 0.0137378 0.00966181 0.00638864 0.00393486
 0.00869301 0.0141053 0.0211916 0.0298551 0.0397599 0.050183 0.0599898 0.0679149 0.0730318 0.0750593 0.0742999 0.0713465 0.0668214 0.0612587 0.0550835 0.0486177 0.0420951 0.0356837 0.0295134 0.0236997 0.0183594 0.0136145 0.00958003 0.00633754 0.00390517
#pred catch len freq
 0.00478713 0.00751521 0.0108457 0.0146522 0.0188576 0.0234276 0.0282969 0.0333175 0.0382802 0.042971 0.04721 0.0508671 0.0538703 0.0562037 0.057891 0.0589727 0.0594891 0.0594612 0.0588465 0.0574698 0.0549787 0.0509196 0.0449798 0.0372948 0.0285945
 0.00494884 0.0077161 0.0110365 0.0147569 0.0188039 0.0231897 0.027922 0.0329127 0.03796 0.0427974 0.0471625 0.0508614 0.0538115 0.0560431 0.0576565 0.0587606 0.0594208 0.0596228 0.0592392 0.0579976 0.0554857 0.0512605 0.0450837 0.0371863 0.0283639
 0.00516853 0.00805508 0.0115084 0.0153511 0.0194753 0.0238535 0.0284617 0.0332117 0.0379515 0.0425033 0.0466878 0.0503393 0.0533348 0.0556312 0.0572793 0.0583929 0.0590826 0.0593733 0.0591323 0.0580335 0.055597 0.0513448 0.0450605 0.0370377 0.028133
 0.00541389 0.00843601 0.0120492 0.0160642 0.0203614 0.0248977 0.0296223 0.0344052 0.0390483 0.0433472 0.0471431 0.0503438 0.0529257 0.0549232 0.0564077 0.0574647 0.0581635 0.0585061 0.0583524 0.0573635 0.0550309 0.0508477 0.0445922 0.0365823 0.0277081
 0.00568636 0.00885828 0.0126472 0.0168515 0.0213411 0.0260648 0.0309604 0.0358774 0.0405858 0.0448417 0.0484484 0.0512955 0.0533821 0.0548125 0.0557556 0.0563823 0.0568041 0.0570178 0.0568516 0.0559288 0.0537087 0.0496604 0.0435504 0.0356961 0.026991
 0.00596643 0.00929473 0.0132699 0.0176786 0.0223801 0.0273134 0.0324033 0.0374806 0.0422925 0.0465707 0.0500933 0.0527251 0.0544478 0.0553706 0.0557027 0.0556909 0.0555374 0.0553136 0.0548837 0.0538671 0.0516946 0.047801 0.0419224 0.0343498 0.0259495
 0.00634451 0.00986931 0.0140617 0.0186846 0.0235822 0.0286901 0.0339341 0.039141 0.0440437 0.0483524 0.0518209 0.0542926 0.0557325 0.0562409 0.0560326 0.0553835 0.0545545 0.0536986 0.052763 0.0514282 0.0491499 0.0453528 0.0397372 0.0325412 0.024568
 0.00677964 0.0105356 0.0149884 0.0198732 0.0250104 0.030319 0.0357118 0.0410033 0.0459183 0.050166 0.0535044 0.0557783 0.0569466 0.0570971 0.056432 0.0552249 0.0537569 0.0522315 0.0506752 0.0488591 0.0463158 0.0425089 0.037127 0.030349 0.0228877
 0.0072675 0.011287 0.0160425 0.0212412 0.0266786 0.0322531 0.0378549 0.0432711 0.0481996 0.0523343 0.0554363 0.0573701 0.0581227 0.0578061 0.0566333 0.0548747 0.0528062 0.0506431 0.0484573 0.046101 0.0432035 0.0393063 0.0341222 0.0277842 0.0209031
 0.0078302 0.0121469 0.0172357 0.0227692 0.0285162 0.034359 0.0401751 0.0457309 0.0506967 0.0547397 0.0576057 0.059162 0.0594187 0.0585253 0.0567342 0.0543437 0.0516408 0.0488459 0.0460511 0.0431621 0.0398932 0.0358742 0.030865 0.024972 0.0187064
 0.0083641 0.0129706 0.0183938 0.0242764 0.0303598 0.0365037 0.0425609 0.0482691 0.0532713 0.0572167 0.0598457 0.0610309 0.0607966 0.0593166 0.0568756 0.0538064 0.0504251 0.0469745 0.0435713 0.0401637 0.0365349 0.032393 0.0275481 0.0220904 0.0164407
 0.00875061 0.0135802 0.0192774 0.0254718 0.0318893 0.0383684 0.0447301 0.0506703 0.0557897 0.0597069 0.0621491 0.0629947 0.0622893 0.0602374 0.057158 0.0534158 0.0493554 0.0452462 0.041236 0.0373179 0.0333378 0.0290724 0.0243756 0.0193241 0.0142559
 0.00911632 0.0141446 0.0200729 0.0265141 0.0331827 0.039912 0.0465154 0.0526701 0.0579447 0.0619188 0.0642843 0.0648998 0.0638136 0.061255 0.0575806 0.0531956 0.0484799 0.0437338 0.0391378 0.0347291 0.0304116 0.0260231 0.021456 0.0167725 0.0122355
 0.00947278 0.0146951 0.0208478 0.0275243 0.0344218 0.0413593 0.0481362 0.0544141 0.0597479 0.0637076 0.0659789 0.0664131 0.0650512 0.0621196 0.0579834 0.0530685 0.0477848 0.0424672 0.0373354 0.0324734 0.0278413 0.0233326 0.0188726 0.0145102 0.010441
 0.0098002 0.0152038 0.0215702 0.0284764 0.0356034 0.0427539 0.0497065 0.0560979 0.0614595 0.0653484 0.0674521 0.0676361 0.0659612 0.0626718 0.058144 0.0528091 0.0470824 0.041312 0.0357439 0.0305042 0.0256061 0.020996 0.0166303 0.0125471 0.00888364
 0.0100682 0.01562 0.022161 0.0292557 0.0365738 0.0439073 0.051021 0.0575309 0.0629453 0.066801 0.0687748 0.0687354 0.0667606 0.0631212 0.0582206 0.05251 0.0464139 0.0402849 0.0343791 0.0288469 0.0237414 0.0190534 0.0147679 0.0109163 0.00758936
 0.0102948 0.0159654 0.022639 0.0298668 0.0373098 0.0447577 0.0519747 0.058572 0.0640452 0.0679137 0.0698364 0.0696702 0.067492 0.0635843 0.0583723 0.0523315 0.0459079 0.039469 0.0332829 0.0275164 0.0222486 0.0175013 0.0132805 0.00961339 0.00655428
 0.0103951 0.0161233 0.0228672 0.0301744 0.0377013 0.0452327 0.0525264 0.0591876 0.0647079 0.0686044 0.0705336 0.070345 0.0681041 0.0640824 0.0587005 0.0524404 0.0457638 0.0390594 0.0326185 0.0266318 0.0212044 0.0163827 0.0121888 0.00864541 0.00577873
 0.010546 0.0163467 0.0231633 0.0305307 0.0380988 0.0456546 0.0529631 0.0596352 0.0651625 0.0690568 0.070968 0.0707424 0.068445 0.0643473 0.0588673 0.0524825 0.0456529 0.0387726 0.032147 0.0259893 0.0204307 0.0155426 0.0113615 0.00790775 0.00518549
 0.0106423 0.0164897 0.0233534 0.0307593 0.038351 0.0459136 0.0532148 0.0598712 0.0653811 0.0692629 0.0711703 0.0709473 0.0686516 0.0645445 0.0590349 0.0525939 0.0456787 0.0386847 0.0319257 0.025631 0.019955 0.0149927 0.0107974 0.00739077 0.00476198
 0.0105947 0.0164226 0.0232714 0.0306735 0.038276 0.045863 0.0531979 0.0598916 0.0654392 0.0693585 0.0713041 0.0711212 0.0688656 0.0647929 0.0593025 0.0528556 0.0459016 0.0388339 0.0319714 0.025557 0.019765 0.0147132 0.0104722 0.00706959 0.00448598
 0.01039 0.0161278 0.0228983 0.0302577 0.0378675 0.0455109 0.0529372 0.0597399 0.0653993 0.0694245 0.0714651 0.0713633 0.0691737 0.0651506 0.0596913 0.053253 0.0462798 0.0391612 0.0322168 0.0256975 0.0197935 0.0146424 0.0103328 0.006901 0.00432482
 0.0104101 0.0161396 0.0228787 0.0301757 0.0376966 0.0452457 0.0526057 0.0593994 0.0651166 0.0692509 0.0714208 0.0714384 0.0693405 0.065378 0.0599532 0.053529 0.0465521 0.0394107 0.0324225 0.0258399 0.0198607 0.014636 0.0102689 0.00680558 0.00422478
 0.0104761 0.0162307 0.0229846 0.0302732 0.037752 0.0452214 0.0524703 0.05914 0.0647503 0.0688289 0.071019 0.0711338 0.0691853 0.0653849 0.0600987 0.0537694 0.04684 0.0397048 0.0326902 0.0260568 0.0200119 0.014718 0.0102905 0.00678514 0.00418396
 0.0104095 0.0161397 0.0228791 0.0301714 0.0376729 0.0451737 0.052444 0.0591067 0.0646748 0.0686856 0.0708075 0.0708852 0.0689548 0.0652328 0.0600676 0.0538696 0.0470493 0.03998 0.0329828 0.0263254 0.0202283 0.0148694 0.0103786 0.00682262 0.00418881
 0.0104504 0.0161898 0.0229252 0.0301934 0.0376521 0.045104 0.0523382 0.0589918 0.0645763 0.0686121 0.0707458 0.0708112 0.0688524 0.0651086 0.0599513 0.0537998 0.0470542 0.0400646 0.0331281 0.0264981 0.0203942 0.0150036 0.0104704 0.00687417 0.00421027
 0.0104221 0.0161538 0.0228885 0.0301662 0.0376418 0.0451084 0.0523424 0.0589745 0.0645227 0.0685242 0.0706424 0.0707156 0.0687787 0.065057 0.059916 0.0537799 0.0470583 0.0401046 0.0332089 0.0266112 0.0205201 0.0151205 0.0105623 0.00693552 0.00424445
