SBPRF35
7.54601
Curr Bio
637567
B35
515270
F35
0.216399
FOFL
0.216399
OFL
103010
Bzero
2.156e+06
#pred survey bio
 3.27189e+06 3.52505e+06 3.70679e+06 3.63191e+06 3.26861e+06 3.04967e+06 2.84029e+06 2.43599e+06 1.9694e+06 1.57366e+06 1.29441e+06 1.14959e+06 1.04186e+06 955660 856421 768729 686516 632263 580811 542911 536509 553621 557845 538255 531340 521667 508418 508742 509914 519959 531022 521811 514707 508180 520871 527677 502997 501344 528270 557736 542208 568988 615858 654552 702548 693813 672045 579075 504216 511776 537104 591822 648230 646201 1.43148e+07 1.29884e+07 1.31387e+07 1.35981e+07 1.42076e+07 1.48311e+07 1.539e+07 1.58528e+07 1.62166e+07 1.64933e+07 1.66991e+07 1.68502e+07 1.69603e+07 1.70403e+07 1.70986e+07 1.7141e+07 1.71721e+07 1.7195e+07 1.7212e+07 1.72246e+07 1.7234e+07 1.72411e+07 1.72464e+07 1.72505e+07 1.72536e+07 1.72559e+07 1.72577e+07 1.7259e+07 1.72601e+07 1.72609e+07 1.72615e+07 1.7262e+07 1.72623e+07 1.72626e+07 1.72628e+07 1.7263e+07 1.72631e+07 1.72632e+07 1.72633e+07 1.72633e+07 1.72634e+07 1.72634e+07 1.72635e+07 1.72635e+07 1.72635e+07 1.72635e+07 1.72635e+07 1.72635e+07 1.72635e+07 1.72635e+07 1.72635e+07 1.72635e+07 1.72635e+07 1.72635e+07 1.72635e+07 1.72635e+07 1.72635e+07 1.72635e+07 1.72635e+07 1.72635e+07 1.72635e+07 1.72635e+07 1.72635e+07 1.72635e+07 1.72635e+07 1.72635e+07 1.72635e+07 1.72635e+07 1.72635e+07 1.72635e+07 1.72635e+07 1.72635e+07 1.72635e+07 1.72635e+07 1.72635e+07 1.72635e+07 1.72635e+07 1.72635e+07 1.72635e+07 1.72635e+07 1.72635e+07 1.72635e+07 1.72635e+07 1.72635e+07 1.72635e+07 1.72635e+07 1.72635e+07 1.72635e+07 1.72635e+07 1.72635e+07 1.72635e+07 1.72635e+07 1.72635e+07 1.72635e+07 1.72635e+07 1.72635e+07 1.72635e+07 1.72635e+07 1.72635e+07 1.72635e+07 0 0 0 0 0 0 0 0 0 0 0 0 0 0 0 0 0 0 0 0 0 0 0 0 0
#obs survey bio
 2.46896e+06 3.46201e+06 4.13694e+06 4.83849e+06 2.50661e+06 3.02068e+06 2.99097e+06 2.29676e+06 1.98240e+06 1.71823e+06 912883 1.30931e+06 977223 879596 1.10846e+06 734614 751320 618339 651926 626608 531417 465100 797401 512144 602624 535640 396075 577921 469656 566807 553327 532467 514510 454544 506574 516923 408433 536099 471970 619369 399410 420945 697019 768888 837560 524337 765038 621881 431177 665080 463419 391692 982739 762454
#pred catch bio
 89908.8 102140 148405 200897 235577 278066 263023 291482 301323 293390 272871 271318 258872 255864 234306 217966 179562 173181 153507 135050 122681 132310 123409 111818 112335 108978 106377 100011 97232.6 96925.1 105614 96536.2 104172 93081.7 87064.4 93085.5 93185 88054.8 89880.4 89342 88938.5 86886.9 93911.3 85921.8 87839.3 87589.6 92797.9 84620.2 92390.5 91379.3 84088.6 85665.4 114750 135540 103010 101728 101608 104095 108139 112383 116140 119163 121446 123097 124251 125039 125566 125914 126141 126288 126382 126442 126480 126504 126519 126529 126535 126538 126541 126542 126543 126544 126544 126544 126544 126544 126544 126545 126545 126545 126545 126545 126545 126545 126545 126545 126545 126545 126545 126545 126545 126545 126545 126545 126545 126545 126545 126545 126545 126545 126545 126545 126545 126545 126545 126545 126545 126545 126545 126545 126545 126545 126545 126545 126545 126545 126545 126545 126545 126545 126545 126545 126545 126545 126545 126545 126545 126545 126545 126545 126545 126545 126545 126545 126545 126545 126545 126545 126545 126545 126545 126545 126545 126545 0 0 0 0 0 0 0 0 0 0 0 0 0 0 0 0 0 0 0 0 0 0 0 0 0
#obs catch bio
 0 101952 148372 200849 235696 278953 262342 291338 301260 293156 273578 272275 259888 255820 234340 218458 179087 173523 153111 135267 122883 133108 122907 111754 112418 108790 106655 99872.2 97275.2 96925.4 105706 96277.2 104387 93257.9 87011.5 92892.7 93293.1 88173.9 90102.8 89004.5 89122.7 86913.8 94002.9 85928.2 87715 87553.4 92749.1 84359.8 92914.4 91474.8 84187 85533 114582 135749
#pred cpue bio
 3.23446e+06 3.48531e+06 3.66326e+06 3.58725e+06 3.22651e+06 3.00737e+06 2.79772e+06 2.39693e+06 1.93506e+06 1.54351e+06 1.26705e+06 1.12282e+06 1.01537e+06 929390 830891 744101 663063 609832 559507 522523 516049 532473 536476 517661 510964 501647 488926 489213 490493 500308 511217 502460 495787 489486 502012 508828 483945 480346 505200 533621 519186 544752 589727 626868 673169 665175 644373 555283 483389 490236 514657 567473 621938 619727 1.37042e+07 1.24325e+07 1.25035e+07 1.29005e+07 1.34955e+07 1.41167e+07 1.46753e+07 1.5138e+07 1.55019e+07 1.57785e+07 1.59843e+07 1.61354e+07 1.62455e+07 1.63256e+07 1.63838e+07 1.64262e+07 1.64573e+07 1.64802e+07 1.64972e+07 1.65098e+07 1.65192e+07 1.65263e+07 1.65317e+07 1.65357e+07 1.65388e+07 1.65411e+07 1.65429e+07 1.65443e+07 1.65453e+07 1.65461e+07 1.65467e+07 1.65472e+07 1.65476e+07 1.65478e+07 1.65481e+07 1.65482e+07 1.65483e+07 1.65484e+07 1.65485e+07 1.65486e+07 1.65486e+07 1.65487e+07 1.65487e+07 1.65487e+07 1.65487e+07 1.65487e+07 1.65487e+07 1.65488e+07 1.65488e+07 1.65488e+07 1.65488e+07 1.65488e+07 1.65488e+07 1.65488e+07 1.65488e+07 1.65488e+07 1.65488e+07 1.65488e+07 1.65488e+07 1.65488e+07 1.65488e+07 1.65488e+07 1.65488e+07 1.65488e+07 1.65488e+07 1.65488e+07 1.65488e+07 1.65488e+07 1.65488e+07 1.65488e+07 1.65488e+07 1.65488e+07 1.65488e+07 1.65488e+07 1.65488e+07 1.65488e+07 1.65488e+07 1.65488e+07 1.65488e+07 1.65488e+07 1.65488e+07 1.65488e+07 1.65488e+07 1.65488e+07 1.65488e+07 1.65488e+07 1.65488e+07 1.65488e+07 1.65488e+07 1.65488e+07 1.65488e+07 1.65488e+07 1.65488e+07 1.65488e+07 1.65488e+07 1.65488e+07 1.65488e+07 1.65488e+07 1.65488e+07 1.65488e+07 0 0 0 0 0 0 0 0 0 0 0 0 0 0 0 0 0 0 0 0 0 0 0 0 0
#obs cpue bio
 3.66405e+06 3.95342e+06 4.2355e+06 3.33605e+06 2.95897e+06 2.43921e+06 3.95135e+06 2.50705e+06 1.91572e+06 1.49785e+06 1.34305e+06 938244 971110 1.26494e+06 615273 732387 692526 546391 608222 363368 463217 532683 628118 434798 441614 565670 485974 531001 474521 450721 528012 542165 435387 469296 563766 667868 490744 396530 511178 793140 466525 745081 573548 460599 729088 750081 677488 582417 340178 474045 505121 918201 525488 455871
#pred surv len freq
 0.00423938 0.00700295 0.0107624 0.0155674 0.0213306 0.0277295 0.0341947 0.0400715 0.0448748 0.0484461 0.0509113 0.0525232 0.0535272 0.0541066 0.0543821 0.0544334 0.0543224 0.0540947 0.0537308 0.0530446 0.0516003 0.0487707 0.0440108 0.0372423 0.0290801
 0.004635 0.00752265 0.01132 0.016016 0.0215146 0.0275608 0.0337057 0.039404 0.0442092 0.0479151 0.0505546 0.0523036 0.0533865 0.054019 0.0543747 0.0545668 0.0546459 0.054601 0.054333 0.0535935 0.051939 0.0488026 0.0437426 0.0367757 0.0285582
 0.00464635 0.00763902 0.0116658 0.0167404 0.0227205 0.0292135 0.0355809 0.0411363 0.0454359 0.0484339 0.050392 0.0516573 0.0524991 0.0530767 0.0534811 0.053773 0.053984 0.0540865 0.053943 0.053253 0.0515419 0.0482635 0.0430467 0.0359909 0.0277988
 0.00477607 0.0078127 0.011867 0.0169527 0.0229592 0.0295556 0.0361603 0.0420803 0.0467643 0.0499891 0.0518673 0.0527253 0.0529592 0.0529245 0.0528686 0.0529095 0.0530511 0.0531995 0.0531476 0.0525347 0.0508471 0.0475352 0.0422646 0.0351911 0.0270574
 0.00504655 0.00823954 0.0124821 0.0177691 0.0239614 0.0306935 0.037356 0.0432554 0.0478772 0.0510489 0.0528979 0.0536971 0.0537491 0.0533524 0.0527901 0.0522965 0.0520012 0.0518796 0.0517179 0.0511011 0.0494556 0.0461995 0.0410025 0.0340447 0.0260853
 0.00520509 0.00852751 0.0129704 0.0185395 0.0250836 0.0321898 0.0391699 0.045246 0.0498519 0.0528217 0.0543432 0.054769 0.0544551 0.0536989 0.0527455 0.0518003 0.0510155 0.0504368 0.0499263 0.0491093 0.0474088 0.0442176 0.0391829 0.0324695 0.024816
 0.00537604 0.00880658 0.013395 0.0191516 0.0259295 0.0333141 0.0406013 0.0469764 0.051816 0.0548889 0.0563323 0.0564876 0.0557474 0.0544759 0.0529792 0.0514935 0.0501776 0.0490874 0.0481208 0.0469579 0.0450704 0.0418735 0.0370061 0.0305987 0.0233364
 0.00557333 0.00912035 0.0138545 0.0197806 0.0267438 0.0343189 0.0417885 0.0483252 0.0532972 0.0564661 0.0579531 0.0580687 0.0571684 0.0555935 0.0536585 0.051637 0.0497368 0.0480612 0.0465537 0.0449459 0.0427662 0.0394753 0.0347256 0.028618 0.0217697
 0.00573505 0.00941123 0.0143428 0.0205439 0.0278475 0.0357844 0.0435668 0.0502966 0.0553034 0.0583581 0.0596271 0.0594723 0.0582788 0.0563864 0.0540855 0.0516251 0.0492083 0.0469627 0.0448829 0.0427708 0.0402324 0.0367959 0.0321452 0.0263588 0.0199782
 0.00591983 0.00972568 0.0148436 0.0212967 0.0289174 0.037218 0.0453681 0.0524088 0.0576044 0.0606745 0.0617655 0.0612593 0.0595959 0.0571815 0.0543562 0.051384 0.0484553 0.0456816 0.0430667 0.0404603 0.037548 0.0339413 0.0293754 0.0239179 0.0180343
 0.00616955 0.0101371 0.0154732 0.0222011 0.0301442 0.0387889 0.0472625 0.0545566 0.0598935 0.0629673 0.0639139 0.0631152 0.0610239 0.0580764 0.0546575 0.0510779 0.047559 0.0442243 0.0410841 0.0380129 0.0347527 0.0309892 0.026513 0.0213901 0.0160157
 0.00630544 0.010389 0.0159095 0.0229048 0.0311935 0.0402278 0.049073 0.0566513 0.0621343 0.0651981 0.0659884 0.0649097 0.0624367 0.0590239 0.055074 0.0509197 0.0468093 0.0428942 0.0392134 0.0356776 0.0320799 0.028167 0.0237749 0.0189678 0.0140766
 0.00649542 0.0106961 0.0163706 0.0235579 0.0320773 0.0413758 0.0505022 0.0583464 0.0640351 0.0671976 0.0679442 0.0666682 0.0638606 0.0600105 0.0555581 0.0508655 0.0462013 0.0417357 0.0375338 0.0335461 0.0296196 0.0255592 0.0212409 0.0167237 0.0122781
 0.00668769 0.0110127 0.0168537 0.0242479 0.033003 0.0425414 0.0518763 0.0598636 0.0656125 0.0687546 0.0694123 0.0679852 0.0649598 0.0608172 0.0559978 0.0508759 0.0457408 0.0407882 0.0361136 0.0317081 0.0274714 0.0232641 0.0189998 0.014733 0.0106793
 0.00689585 0.0113607 0.0173947 0.0250358 0.0340792 0.0439142 0.0535016 0.0616405 0.0674009 0.0704082 0.0708114 0.0690554 0.0656712 0.0611701 0.0560014 0.0505323 0.0450415 0.0397217 0.0346824 0.0299478 0.0254665 0.0211525 0.0169549 0.012926 0.00923305
 0.00705546 0.0116262 0.0178059 0.0256348 0.0349031 0.044983 0.0548032 0.063122 0.0689704 0.071948 0.0721965 0.070174 0.066443 0.0615565 0.0560028 0.050173 0.0443512 0.0387242 0.0333984 0.028411 0.0237437 0.0193525 0.0152186 0.0113944 0.00800817
 0.00726266 0.0119557 0.0182881 0.0262932 0.0357509 0.0460167 0.055996 0.0644206 0.0703003 0.0732241 0.0733339 0.0710949 0.0670825 0.0618684 0.0559657 0.0497921 0.0436524 0.0377446 0.0321794 0.027001 0.0222079 0.0177821 0.0137258 0.01009 0.00697112
 0.00728987 0.0120064 0.018377 0.0264389 0.0359733 0.0463325 0.0564145 0.0649414 0.0709149 0.0739172 0.0740816 0.0718604 0.0678127 0.0624964 0.0564207 0.0500131 0.0436004 0.0374085 0.0315755 0.0261698 0.021213 0.0167083 0.0126713 0.0091494 0.00621294
 0.00742781 0.0122173 0.0186695 0.0268127 0.0364202 0.0468387 0.056961 0.0655044 0.071467 0.0744317 0.0745375 0.0722452 0.0681198 0.0627193 0.0565452 0.0500149 0.0434494 0.037079 0.0310579 0.0254793 0.0203926 0.0158254 0.0118071 0.00838125 0.00559587
 0.00762083 0.0125034 0.0190482 0.0272647 0.0369121 0.0473315 0.0574185 0.0658982 0.0717803 0.0746618 0.0746949 0.0723475 0.068184 0.062754 0.0565477 0.0499705 0.0433339 0.0368646 0.0307223 0.0250169 0.0198223 0.0151919 0.0111721 0.00780771 0.00513022
 0.00772554 0.0126663 0.0192787 0.0275634 0.0372676 0.0477172 0.0577931 0.0662131 0.071995 0.0747602 0.0746926 0.072284 0.0681045 0.062692 0.0565149 0.0499568 0.043313 0.0368025 0.0305871 0.0247886 0.0195014 0.0148028 0.0107579 0.00741759 0.00480421
 0.00764371 0.0125458 0.0191208 0.0273786 0.0370732 0.0475342 0.0576419 0.06611 0.0719499 0.0747751 0.074763 0.0724035 0.0682691 0.0629 0.0567627 0.0502323 0.0435925 0.0370526 0.0307719 0.0248794 0.0194867 0.0146928 0.010583 0.00721841 0.00461862
 0.00771741 0.0126464 0.0192373 0.0274899 0.0371557 0.0475727 0.0576372 0.0660781 0.0719124 0.0747481 0.0747509 0.0724013 0.0682692 0.0629 0.0567672 0.0502492 0.0436256 0.0370954 0.0308073 0.0248853 0.0194458 0.0146011 0.0104525 0.0070723 0.00448192
 0.00788082 0.0128788 0.0195244 0.0277955 0.037429 0.0477625 0.0577064 0.0660132 0.0717269 0.0744803 0.0744549 0.0721307 0.0680622 0.0627709 0.0567097 0.0502464 0.0436591 0.0371484 0.0308632 0.0249272 0.0194587 0.0145774 0.0103956 0.00699546 0.00440234
 0.00782029 0.0128104 0.0194752 0.0278039 0.0375284 0.0479583 0.0579607 0.0662523 0.0718709 0.074479 0.0743089 0.0718881 0.0677941 0.062543 0.0565623 0.0501895 0.0436788 0.0372188 0.0309559 0.0250172 0.0195274 0.0146142 0.0103996 0.00697423 0.00436832
 0.00783601 0.012821 0.0194656 0.0277568 0.0374354 0.0478336 0.0578453 0.0661999 0.0719183 0.0746201 0.0744919 0.0720415 0.0678651 0.0625213 0.0564784 0.0500914 0.0436068 0.0371914 0.0309699 0.0250559 0.0195707 0.0146465 0.0104135 0.00697054 0.00435332
 0.00787021 0.0128729 0.0195358 0.0278405 0.0375209 0.0479021 0.057875 0.0661754 0.0718424 0.0745179 0.0744013 0.071992 0.0678598 0.0625376 0.0564858 0.0500729 0.0435672 0.0371492 0.0309425 0.0250498 0.0195807 0.0146619 0.0104247 0.00697321 0.00434844
 0.00786622 0.012871 0.0195414 0.0278609 0.0375629 0.0479672 0.0579564 0.066257 0.0719027 0.0745387 0.0743764 0.0719314 0.0677856 0.0624724 0.0564409 0.0500453 0.0435468 0.0371288 0.0309227 0.0250354 0.0195749 0.0146633 0.0104286 0.00697558 0.00434756
 0.00789808 0.0129017 0.0195495 0.0278159 0.0374362 0.0477486 0.0576651 0.06594 0.0716181 0.0743339 0.0742733 0.071926 0.0678579 0.0625989 0.056602 0.0502256 0.0437325 0.0373068 0.0310823 0.0251707 0.0196846 0.0147486 0.0104915 0.00701846 0.00437385
 0.00781362 0.012785 0.0194105 0.0276731 0.0373069 0.0476361 0.0575533 0.0658012 0.0714333 0.0741108 0.0740497 0.0717543 0.0677811 0.0626338 0.0567375 0.0504329 0.0439782 0.0375613 0.0313232 0.0253831 0.0198604 0.0148856 0.0105917 0.00708671 0.00441665
 0.00771802 0.0126292 0.019177 0.0273503 0.0368965 0.0471617 0.0570634 0.0653597 0.0710976 0.0739103 0.07398 0.0717906 0.0678996 0.0628229 0.0569942 0.0507516 0.044342 0.0379439 0.0316951 0.0257191 0.020144 0.0151093 0.0107565 0.00719952 0.00448792
 0.00776365 0.0126938 0.019256 0.0274313 0.0369607 0.0471877 0.0570322 0.0652612 0.0709361 0.0737061 0.0737635 0.0715918 0.0677385 0.0627086 0.0569296 0.050739 0.0443831 0.0380346 0.0318234 0.0258662 0.0202896 0.0152374 0.0108579 0.00727242 0.00453551
 0.00769102 0.0125868 0.0191152 0.0272637 0.0367771 0.0469974 0.0568409 0.0650712 0.0707495 0.0735292 0.0736092 0.0714781 0.0676836 0.0627238 0.0570162 0.0508881 0.0445804 0.0382642 0.0320691 0.0261112 0.0205169 0.0154325 0.011012 0.00738374 0.00460878
 0.00767418 0.0125663 0.0190971 0.0272582 0.0367959 0.0470494 0.056927 0.0651814 0.070863 0.073618 0.0736458 0.071445 0.0675813 0.0625721 0.0568472 0.0507355 0.0444691 0.0382061 0.032063 0.0261471 0.0205796 0.0155057 0.0110816 0.00744075 0.00464978
 0.00774066 0.0126339 0.0191256 0.0271893 0.0365732 0.0466493 0.0563806 0.0645735 0.070304 0.0732042 0.0734296 0.0714266 0.0677212 0.0628133 0.0571366 0.0510368 0.0447648 0.0384911 0.0323364 0.0264051 0.0208149 0.0157089 0.0112455 0.0075625 0.00473243
 0.00841974 0.0135916 0.020294 0.0284082 0.0376283 0.0473391 0.0565771 0.0642509 0.0695352 0.0721368 0.0722496 0.070315 0.0668115 0.0621671 0.0567462 0.0508499 0.0447164 0.0385259 0.0324169 0.0265087 0.0209268 0.0158176 0.0113412 0.00763889 0.00478735
 0.00919505 0.0148221 0.0220795 0.0307927 0.040558 0.0506159 0.0598378 0.0670155 0.0713373 0.072682 0.0715147 0.0685337 0.0643679 0.0594641 0.0541071 0.0484778 0.0427008 0.0368773 0.031105 0.025491 0.0201612 0.0152647 0.0109622 0.00739504 0.00464142
 0.00913636 0.0148593 0.0223791 0.0315864 0.042077 0.0529849 0.0629794 0.070619 0.0749145 0.0756873 0.0734822 0.0691902 0.063692 0.0576727 0.0515747 0.0456202 0.039873 0.0343187 0.0289368 0.0237453 0.0188174 0.0142764 0.0102721 0.00694141 0.00436355
 0.00882027 0.0143705 0.0217 0.0307444 0.0411697 0.0522009 0.0625897 0.0709146 0.0760895 0.0777198 0.0760863 0.0718841 0.0659541 0.0591114 0.0520339 0.0451878 0.0388062 0.0329331 0.0275096 0.0224641 0.0177744 0.0134912 0.00972078 0.00658015 0.0041435
 0.00869195 0.0141378 0.021307 0.0301295 0.0402882 0.0510608 0.0612876 0.0696485 0.0751339 0.0773575 0.0765147 0.0731265 0.0678199 0.0612351 0.053991 0.0466361 0.0395862 0.0330839 0.0272079 0.0219306 0.0171967 0.0129867 0.00933821 0.00632039 0.00398345
 0.00886935 0.0143697 0.0215499 0.0303033 0.0402923 0.0508039 0.0607191 0.068782 0.0740586 0.0762373 0.0755691 0.0725834 0.0678439 0.0618569 0.0550756 0.0479189 0.0407678 0.033938 0.0276475 0.0220046 0.0170337 0.0127258 0.00908139 0.00611914 0.00384871
 0.0088739 0.0144096 0.0216661 0.0305431 0.0406836 0.0513212 0.061263 0.0691951 0.0741798 0.0759722 0.0749384 0.0717266 0.0669774 0.0612022 0.054784 0.0480188 0.0411585 0.0344385 0.0280766 0.0222511 0.0170812 0.0126295 0.00892154 0.00596121 0.00372699
 0.00887681 0.0143948 0.0216108 0.0304221 0.0404855 0.0510669 0.0610111 0.069021 0.0741335 0.0760405 0.0750436 0.0717696 0.0668995 0.0610256 0.0546031 0.0479477 0.041268 0.0347181 0.0284439 0.0225981 0.0173276 0.0127504 0.00894114 0.00592504 0.00367564
 0.00893438 0.0144807 0.0217243 0.0305538 0.0406159 0.0511672 0.0610498 0.0689764 0.0740079 0.0758648 0.0748639 0.0716202 0.0667828 0.0609188 0.0544862 0.0478305 0.0411894 0.0347186 0.0285336 0.0227463 0.0174812 0.0128642 0.00899749 0.00593347 0.00365815
 0.00885443 0.0143566 0.0215487 0.030325 0.0403386 0.0508535 0.0607195 0.0686546 0.0737213 0.0756376 0.0747163 0.0715681 0.0668347 0.0610686 0.0547112 0.0480981 0.041472 0.0350031 0.0288169 0.0230228 0.0177346 0.0130727 0.0091464 0.006023 0.00370164
 0.00890969 0.0144205 0.0215976 0.0303217 0.0402441 0.0506442 0.0604008 0.0682627 0.073311 0.0752643 0.0744222 0.0713769 0.0667545 0.0610964 0.0548352 0.048299 0.0417248 0.0352819 0.0290997 0.0232926 0.017977 0.0132751 0.00929987 0.00612627 0.003762
 0.00869404 0.0141326 0.0212781 0.0300418 0.040079 0.0506343 0.0605256 0.0684467 0.0734611 0.0753147 0.0743602 0.0712378 0.0665961 0.0609722 0.0547791 0.0483227 0.0418224 0.0354361 0.0292883 0.0234927 0.0181685 0.0134421 0.00943209 0.0062204 0.00382147
 0.00874584 0.0141829 0.0212949 0.0299838 0.0399181 0.0503836 0.0602515 0.0682486 0.0734207 0.0754481 0.0746053 0.0714899 0.0667642 0.0610191 0.054725 0.0482196 0.0417237 0.0353766 0.0292796 0.0235287 0.0182332 0.0135173 0.00950258 0.0062767 0.0038604
 0.00869915 0.0141391 0.0212853 0.0300498 0.0400912 0.0506601 0.0605808 0.0685492 0.0736211 0.0755243 0.0745861 0.0714264 0.06669 0.0609333 0.0546067 0.048056 0.0415257 0.0351743 0.0291052 0.0234022 0.0181582 0.0134844 0.00949688 0.00628399 0.00387076
 0.00853364 0.0139206 0.0210511 0.0298688 0.0400481 0.0508271 0.0609883 0.0691688 0.0743658 0.0762682 0.0751999 0.0718165 0.0668242 0.0608385 0.0543436 0.0476894 0.0411094 0.034751 0.0287106 0.0230646 0.0178943 0.0132966 0.00937552 0.00621272 0.00383268
 0.00864194 0.014032 0.0211032 0.0297747 0.0397332 0.0502804 0.0602969 0.0685038 0.0739187 0.0761695 0.0754665 0.0723547 0.0674786 0.0614567 0.0548227 0.0479913 0.0412475 0.0347663 0.0286506 0.0229714 0.0177994 0.013219 0.00932203 0.00618148 0.00381737
 0.00863457 0.0140249 0.0210976 0.0297653 0.0396973 0.0501709 0.0600491 0.0680656 0.0732948 0.0754512 0.0748177 0.0719487 0.0674212 0.0617418 0.0553459 0.0486059 0.0418254 0.0352319 0.0289832 0.0231874 0.0179302 0.0132957 0.00936769 0.00621009 0.00383601
 0.00852806 0.0138622 0.0208732 0.0294825 0.039369 0.0498171 0.0596922 0.0677219 0.0729676 0.0751331 0.0745067 0.0716713 0.0672402 0.061734 0.0555601 0.04903 0.0423862 0.0358279 0.0295251 0.0236235 0.0182489 0.0135117 0.00950617 0.00629514 0.00388629
 0.0086567 0.0140637 0.0211611 0.0298619 0.0398325 0.0503408 0.0602318 0.0682153 0.073344 0.0753277 0.0744754 0.0714028 0.0667639 0.0611219 0.0549146 0.0484551 0.0419538 0.0355571 0.0293873 0.0235674 0.0182275 0.0134974 0.00948986 0.00627816 0.00387214
#obs surv len freq
 nan nan nan nan nan nan nan nan nan nan nan nan nan nan nan nan nan nan nan nan nan nan nan nan nan
 0.00448352 0.00734432 0.0111738 0.0159897 0.0216901 0.0279655 0.0342796 0.0400111 0.044691 0.0481553 0.0505137 0.0520102 0.052903 0.0534158 0.0537305 0.0539857 0.0542645 0.0545574 0.0546963 0.0542882 0.0527262 0.0493583 0.0438078 0.0362876 0.0276709
 0.00461628 0.00756178 0.0115037 0.016458 0.0223143 0.0287451 0.0351863 0.0409864 0.045654 0.0490191 0.0512015 0.0524668 0.0531006 0.0533537 0.0534307 0.0534855 0.0536073 0.053786 0.0538496 0.0534033 0.0518419 0.0485177 0.0430557 0.0356619 0.0271927
 0.00477933 0.00782926 0.0119108 0.0170388 0.0230956 0.0297349 0.0363626 0.0422913 0.0470002 0.0503033 0.0523205 0.0533301 0.0536399 0.0535299 0.0532366 0.052944 0.0527645 0.0527017 0.0525907 0.0520403 0.0504505 0.0471787 0.0418496 0.0346551 0.0264218
 0.00497072 0.00814149 0.0123828 0.0177081 0.0239912 0.0308669 0.0377104 0.0437984 0.0485801 0.051853 0.0537343 0.0545082 0.0544949 0.0539923 0.0532621 0.0525185 0.0519068 0.0514616 0.0510443 0.0502855 0.048603 0.0453661 0.0401978 0.0332668 0.0253549
 0.00518693 0.00849578 0.0129212 0.0184751 0.0250213 0.0321708 0.0392612 0.0455273 0.0503862 0.0536225 0.0553571 0.055887 0.0555452 0.0546423 0.0534536 0.0522122 0.0510891 0.0501532 0.0493061 0.0482215 0.0463576 0.043112 0.0381119 0.0314966 0.0239862
 0.00539462 0.00883771 0.013444 0.0192256 0.0260382 0.0334711 0.0408257 0.0472944 0.0522596 0.0554881 0.0571009 0.0574052 0.0567485 0.0554556 0.0538142 0.0520695 0.0504091 0.0489282 0.0475699 0.0460633 0.043927 0.040608 0.0357512 0.0294671 0.0224034
 0.00564255 0.00924081 0.0140509 0.0200819 0.0271783 0.0349055 0.042527 0.0491922 0.0542493 0.0574504 0.0589196 0.0589779 0.0579895 0.0562948 0.0541941 0.0519422 0.0497369 0.0476913 0.0457831 0.0437973 0.0413245 0.037879 0.0331397 0.0271954 0.020616
 0.00588836 0.00964383 0.0146637 0.0209552 0.028351 0.036389 0.0442893 0.0511531 0.0562931 0.0594495 0.0607553 0.0605509 0.0592214 0.0571238 0.0545703 0.051823 0.0490858 0.0464837 0.0440217 0.0415371 0.0386941 0.0350838 0.0304318 0.0248147 0.0187265
 0.00612843 0.0100397 0.01527 0.0218262 0.0295303 0.0378922 0.0460867 0.0531633 0.0583945 0.0615038 0.0626313 0.0621392 0.0604394 0.0579141 0.0548944 0.0516529 0.0483978 0.0452603 0.042265 0.0392931 0.0360784 0.03229 0.0277072 0.0224025 0.0167994
 0.00638177 0.0104526 0.0158933 0.0227086 0.0307091 0.0393795 0.047854 0.0551351 0.0604571 0.0635251 0.0644814 0.0637048 0.0616314 0.0586696 0.0551744 0.0514357 0.0476718 0.0440207 0.0405223 0.0370936 0.033529 0.0295703 0.0250502 0.0200423 0.0149062
 0.00663304 0.0108659 0.0165239 0.0236099 0.0319214 0.0409119 0.0496675 0.057138 0.0625203 0.0655086 0.0662583 0.0651732 0.0627159 0.0593184 0.0553557 0.0511332 0.0468802 0.0427442 0.0387805 0.034937 0.0310607 0.0269568 0.0225064 0.0177849 0.0130943
 0.00684302 0.0112117 0.017053 0.0243697 0.032951 0.0422275 0.051247 0.0589141 0.0643876 0.0673422 0.0679339 0.0665824 0.0637745 0.0599692 0.0555653 0.0508867 0.0461748 0.0415876 0.0371955 0.0329753 0.0288196 0.0245885 0.020204 0.0157423 0.0114536
 0.00707538 0.0115913 0.0176275 0.0251839 0.0340371 0.0435911 0.0528519 0.0606789 0.0661976 0.0690719 0.0694683 0.0678282 0.0646635 0.0604573 0.0556301 0.050523 0.0453899 0.0403983 0.0356319 0.0310913 0.0267077 0.0223869 0.0180841 0.0138738 0.00995913
 0.00727354 0.0119192 0.0181312 0.0259094 0.0350202 0.0448413 0.0543376 0.0623223 0.0678862 0.0706817 0.0708851 0.0689613 0.06545 0.0608611 0.0556369 0.0501352 0.0446209 0.0392706 0.0341797 0.0293692 0.024802 0.0204207 0.0162063 0.0122288 0.00864925
 0.00744231 0.0121971 0.0185561 0.0265191 0.0358451 0.0458929 0.0555959 0.06373 0.0693549 0.072107 0.0721631 0.070002 0.066185 0.0612476 0.0556572 0.0497917 0.0439305 0.0382601 0.0328868 0.0278488 0.0231341 0.0187138 0.0145877 0.0108193 0.00753215
 0.00753642 0.0123507 0.018789 0.0268517 0.0362966 0.0464771 0.056316 0.0645736 0.0702928 0.073094 0.0731412 0.0709039 0.0669408 0.0617926 0.05594 0.0497797 0.0436115 0.0376421 0.0319969 0.026735 0.0218685 0.0173925 0.0133203 0.00970847 0.00664862
 0.00763094 0.0124972 0.0189964 0.0271242 0.0366344 0.0468774 0.0567732 0.0650794 0.0708369 0.0736645 0.0737236 0.0714774 0.0674748 0.0622452 0.0562619 0.0499219 0.0435349 0.037325 0.0314412 0.0259693 0.0209495 0.0164011 0.0123507 0.0088488 0.00596017
 0.00764984 0.0125283 0.0190437 0.027192 0.036726 0.046995 0.0569175 0.0652507 0.0710372 0.0738995 0.0740013 0.0718033 0.0678447 0.0626395 0.0566437 0.0502406 0.0437352 0.0373588 0.0312791 0.0256105 0.0204255 0.0157727 0.011696 0.00824506 0.00546437
 0.00772366 0.0126341 0.0191768 0.0273394 0.0368707 0.0471228 0.0570216 0.0653334 0.0711066 0.0739664 0.0740771 0.0718993 0.0679704 0.062799 0.0568304 0.0504331 0.0438971 0.0374457 0.0312503 0.0254425 0.0201228 0.0153696 0.0112489 0.00781584 0.00510243
 0.00778081 0.012726 0.0193125 0.0275239 0.0371014 0.0473847 0.0572862 0.0655631 0.0712673 0.0740409 0.0740716 0.0718397 0.0678909 0.0627304 0.0567917 0.0504278 0.0439121 0.0374538 0.0312171 0.0253381 0.0199338 0.0151066 0.0109447 0.00751372 0.00484102
 0.00781353 0.0127751 0.019379 0.0276068 0.037199 0.0474958 0.0574096 0.0656953 0.0713992 0.0741573 0.074155 0.0718777 0.0678833 0.0626902 0.05674 0.0503841 0.0438856 0.0374389 0.0311956 0.0252864 0.019834 0.0149561 0.0107584 0.00731869 0.00466539
 0.00785871 0.0128414 0.0194654 0.0277076 0.0373049 0.047597 0.0574981 0.0657666 0.0714529 0.0741958 0.0741812 0.0718926 0.0678845 0.0626747 0.0567079 0.050341 0.0438399 0.0373965 0.0311544 0.0252368 0.019764 0.0148593 0.0106393 0.00719151 0.00454792
 0.0078773 0.0128715 0.0195101 0.0277686 0.0373817 0.0476845 0.0575867 0.0658434 0.0715062 0.07422 0.0741791 0.0718733 0.0678586 0.0626492 0.0566849 0.0503189 0.043817 0.0373717 0.0311266 0.0252028 0.0197189 0.0147993 0.0105656 0.00711163 0.00447241
 0.00788919 0.0128863 0.0195241 0.0277764 0.0373779 0.0476673 0.0575595 0.0658138 0.0714828 0.0742079 0.0741789 0.0718825 0.0678744 0.0626705 0.0567114 0.0503496 0.0438492 0.0374014 0.0311495 0.0252148 0.0197167 0.0147813 0.0105336 0.00707076 0.00443013
 0.00789855 0.0129023 0.0195494 0.027813 0.0374254 0.0477216 0.0576118 0.0658531 0.0715 0.0742003 0.0741514 0.0718446 0.0678359 0.062638 0.0566877 0.0503349 0.0438421 0.0373994 0.0311493 0.0252125 0.0197086 0.0147655 0.0105103 0.00704273 0.00440176
 0.00790122 0.0129023 0.0195416 0.0277908 0.0373834 0.047659 0.0575352 0.0657748 0.0714331 0.0741542 0.0741288 0.0718434 0.0678522 0.0626688 0.0567307 0.0503876 0.0439008 0.0374595 0.0312057 0.0252605 0.0197447 0.0147877 0.0105191 0.00704102 0.00439377
 0.00789311 0.0128873 0.0195158 0.0277488 0.03732 0.0475705 0.0574216 0.0656424 0.0712947 0.0740274 0.0740322 0.0717912 0.0678506 0.0627145 0.0568139 0.0504953 0.0440207 0.0375809 0.0313198 0.0253605 0.0198258 0.0148478 0.0105587 0.00706323 0.00440343
 0.00787669 0.0128572 0.0194642 0.0276669 0.0372001 0.0474103 0.0572273 0.065429 0.0710835 0.0738408 0.0738902 0.0717088 0.0678361 0.0627688 0.0569296 0.0506581 0.0442119 0.0377813 0.0315126 0.0255328 0.0199694 0.0149589 0.0106379 0.00711457 0.00443322
 0.00784631 0.0128075 0.0193889 0.0275598 0.0370563 0.0472282 0.057011 0.0651899 0.0708398 0.0736156 0.0737071 0.071588 0.0677915 0.0628052 0.0570426 0.0508351 0.0444342 0.0380267 0.031759 0.025761 0.0201653 0.015115 0.0107527 0.00719224 0.00448105
 0.00783427 0.0127828 0.0193424 0.02748 0.0369326 0.0470555 0.0567936 0.0649425 0.0705844 0.0733759 0.0735047 0.0714407 0.0677121 0.0628015 0.0571158 0.0509791 0.0446353 0.0382655 0.0320128 0.0260073 0.0203854 0.0152962 0.0108902 0.00728781 0.00454171
 0.00783237 0.0127823 0.0193457 0.0274895 0.0369482 0.0470713 0.0567969 0.0649166 0.0705149 0.0732579 0.0733467 0.0712626 0.0675397 0.0626596 0.0570239 0.0509485 0.0446681 0.0383546 0.0321433 0.0261594 0.0205387 0.0154338 0.0110013 0.00736894 0.00459518
 0.00778486 0.012706 0.0192332 0.0273362 0.0367547 0.0468467 0.0565604 0.0646937 0.0703304 0.0731272 0.0732718 0.0712356 0.0675504 0.062702 0.0570977 0.0510566 0.0448125 0.0385325 0.0323456 0.0263717 0.0207435 0.015615 0.0111478 0.00747683 0.00466726
 0.00773992 0.0126293 0.0191114 0.0271555 0.0365051 0.0465283 0.0561891 0.0643027 0.069964 0.0728303 0.0730785 0.0711616 0.0675915 0.062839 0.0573047 0.051309 0.0450916 0.0388251 0.0326406 0.0266572 0.0210061 0.0158418 0.0113297 0.00761082 0.00475734
 0.00774719 0.0126337 0.0191039 0.0271223 0.0364297 0.0463965 0.0559935 0.0640471 0.0696647 0.0725153 0.0727841 0.0709254 0.0674441 0.0627961 0.0573645 0.0514553 0.0453002 0.0390711 0.0329023 0.0269165 0.0212478 0.016053 0.0115013 0.00773934 0.0048452
 0.00931704 0.0148392 0.0217824 0.0299068 0.0388546 0.0480657 0.0567151 0.0638602 0.0687675 0.0711581 0.0711916 0.0692679 0.0658408 0.0613272 0.05608 0.0503792 0.0444345 0.0384012 0.032404 0.0265619 0.0210087 0.0159025 0.0114145 0.00769447 0.00482506
 0.00930447 0.0151058 0.0226898 0.0319042 0.0422843 0.0529007 0.062391 0.0693652 0.0729982 0.0733506 0.0711706 0.0673965 0.0627622 0.0576893 0.0523746 0.0469101 0.0413577 0.0357784 0.0302435 0.024842 0.0196905 0.014936 0.0107422 0.00725495 0.0045574
 0.00895978 0.0145678 0.021943 0.0310041 0.0414081 0.0523795 0.0626687 0.0708402 0.0757852 0.0771032 0.0751231 0.0706509 0.0646579 0.0580307 0.0514062 0.0451117 0.039219 0.0336646 0.0283665 0.023293 0.0184846 0.014047 0.0101233 0.00685055 0.00431141
 0.0087937 0.014284 0.0214914 0.030334 0.0404881 0.0512332 0.0614177 0.0697295 0.0751588 0.0773071 0.076351 0.0728028 0.0673117 0.0605783 0.0532964 0.0460579 0.0392564 0.0330546 0.0274373 0.022316 0.0176256 0.0133753 0.00964394 0.00653519 0.00411993
 0.00872069 0.0141585 0.0212887 0.0300242 0.0400391 0.0506194 0.0606335 0.0688083 0.0741925 0.0764583 0.0758397 0.0728491 0.0680402 0.0619268 0.0549955 0.0477192 0.0405282 0.0337555 0.0275916 0.0220893 0.0172211 0.0129541 0.00929554 0.00628741 0.00396353
 0.00869132 0.0141095 0.0212123 0.0299101 0.0398752 0.0503909 0.0603252 0.0684081 0.073699 0.075893 0.0752621 0.0723651 0.0677892 0.0620369 0.0555184 0.0485802 0.0415345 0.0346697 0.0282319 0.0223939 0.0172447 0.0128116 0.00909955 0.00611115 0.00383643
 0.00871198 0.0141383 0.0212464 0.0299432 0.0398977 0.0503913 0.0602908 0.068325 0.0735528 0.0756721 0.0749644 0.0720095 0.067425 0.0617445 0.0553902 0.0486814 0.0418633 0.035144 0.0287197 0.0227727 0.0174521 0.0128583 0.00904266 0.00601551 0.00374718
 0.00867859 0.0140909 0.0211875 0.0298792 0.0398362 0.0503376 0.060245 0.0682819 0.0735035 0.0756064 0.0748731 0.0718871 0.0672749 0.0615853 0.0552592 0.0486278 0.0419281 0.0353348 0.0289981 0.0230677 0.0176927 0.013005 0.00909741 0.00600832 0.00371362
 0.00866065 0.0140613 0.0211427 0.0298165 0.0397559 0.0502449 0.0601507 0.0681999 0.0734455 0.075576 0.0748635 0.0718837 0.067262 0.0615541 0.0552136 0.048587 0.0419204 0.0353851 0.0291127 0.0232268 0.0178582 0.0131393 0.00918069 0.00604289 0.00371599
 0.00865179 0.0140446 0.0211132 0.0297686 0.0396843 0.0501477 0.0600316 0.0680695 0.0733197 0.0754723 0.0747958 0.0718575 0.0672729 0.0615896 0.0552596 0.0486346 0.041971 0.0354483 0.0291985 0.023336 0.0179788 0.0132513 0.00926654 0.00609579 0.00374043
 0.00863576 0.0140223 0.0210866 0.0297409 0.0396587 0.0501246 0.0600074 0.0680377 0.0732749 0.0754135 0.0747289 0.0717938 0.0672244 0.0615643 0.0552586 0.0486535 0.042004 0.0354923 0.0292537 0.0234031 0.0180542 0.0133264 0.00933081 0.00614207 0.00376775
 0.00862969 0.0140097 0.0210628 0.0297009 0.0395992 0.0500469 0.0599192 0.0679514 0.0732025 0.0753621 0.0746983 0.0717795 0.0672219 0.0615722 0.0552783 0.0486866 0.0420502 0.0355492 0.0293184 0.0234724 0.0181247 0.0133931 0.00938824 0.00618583 0.00379666
 0.008642 0.014031 0.0210967 0.0297504 0.0396645 0.0501234 0.0599959 0.0680133 0.073236 0.0753601 0.0746628 0.0717188 0.0671465 0.0614916 0.0552 0.0486169 0.0419942 0.0355105 0.0292981 0.0234694 0.0181354 0.0134127 0.00941091 0.0062066 0.00381243
 0.0086114 0.0139849 0.0210346 0.0296748 0.0395816 0.0500418 0.059926 0.0679651 0.0732155 0.0753671 0.0746908 0.071758 0.0671883 0.0615307 0.0552352 0.0486491 0.0420254 0.0355428 0.0293328 0.0235067 0.0181744 0.0134508 0.00944517 0.00623446 0.00383267
 0.00861992 0.0139937 0.0210386 0.0296667 0.0395541 0.0499917 0.0598571 0.0678878 0.0731444 0.0753152 0.0746656 0.0717598 0.0672108 0.061565 0.0552727 0.0486844 0.0420566 0.0355707 0.0293593 0.0235334 0.0182016 0.0134776 0.00946986 0.00625516 0.00384824
 0.00861992 0.0139937 0.0210386 0.0296667 0.0395541 0.0499917 0.0598571 0.0678878 0.0731444 0.0753152 0.0746656 0.0717598 0.0672108 0.061565 0.0552727 0.0486844 0.0420566 0.0355707 0.0293593 0.0235334 0.0182016 0.0134776 0.00946986 0.00625516 0.00384824
 0.00854449 0.0138799 0.0208838 0.0294742 0.0393321 0.0497516 0.0596125 0.0676557 0.0729444 0.0751687 0.0745911 0.0717684 0.0673022 0.0617264 0.0554823 0.0489168 0.042289 0.0357864 0.0295488 0.0236929 0.0183312 0.013579 0.00954572 0.00630885 0.00388369
 0.0085126 0.0138194 0.0207775 0.0293029 0.0390814 0.0494219 0.0592265 0.0672563 0.0725835 0.0748915 0.0744258 0.0717237 0.0673725 0.0618965 0.0557305 0.0492165 0.0426114 0.0361044 0.0298407 0.0239448 0.0185366 0.0137378 0.00966181 0.00638864 0.00393486
 0.00869301 0.0141053 0.0211916 0.0298551 0.0397599 0.050183 0.0599898 0.0679149 0.0730318 0.0750593 0.0742999 0.0713465 0.0668214 0.0612587 0.0550835 0.0486177 0.0420951 0.0356837 0.0295134 0.0236997 0.0183594 0.0136145 0.00958003 0.00633754 0.00390517
#pred catch len freq
 0.00312535 0.00509927 0.00774247 0.0111143 0.015261 0.0201621 0.0256711 0.0315138 0.0373482 0.0428364 0.0476939 0.0517236 0.0548405 0.05707 0.0585176 0.0593305 0.0596705 0.0596816 0.0594178 0.0587264 0.0571578 0.0540359 0.0487669 0.0412686 0.0322245
 0.00342962 0.00550394 0.00818774 0.0114956 0.0154661 0.0201255 0.0254108 0.0311232 0.0369448 0.042502 0.0474449 0.0515278 0.0546617 0.0569099 0.0584278 0.0593898 0.0599385 0.0601516 0.0599943 0.0592448 0.0574459 0.0539894 0.0483962 0.0406898 0.0315982
 0.0034622 0.00561991 0.00847091 0.0120422 0.0163355 0.0212781 0.0266761 0.0322389 0.0376634 0.0427022 0.0471745 0.050951 0.0539614 0.0562151 0.057805 0.0588746 0.0595619 0.0599323 0.0599083 0.0592076 0.0573345 0.0536997 0.0478999 0.0400501 0.0309346
 0.00359308 0.00580483 0.00870551 0.0123253 0.0166942 0.0217892 0.0274557 0.0333808 0.0391499 0.0443481 0.0486649 0.0519697 0.0543299 0.0559525 0.0570809 0.0579083 0.0585393 0.0589699 0.0590504 0.0584355 0.0565874 0.0529133 0.0470508 0.0391778 0.0301231
 0.00383661 0.0061839 0.0092424 0.0130242 0.0175369 0.0227361 0.0284562 0.0343975 0.0401826 0.0454315 0.0498204 0.0531372 0.0553399 0.0565795 0.0571515 0.0573876 0.0575358 0.0576693 0.0576297 0.0570098 0.0552037 0.051581 0.045783 0.0380155 0.0291282
 0.00400571 0.00647411 0.00970759 0.013724 0.0185236 0.0240314 0.0300285 0.0361526 0.0419797 0.0471224 0.0512919 0.0543313 0.0562354 0.0571475 0.0573244 0.0570755 0.056684 0.0563082 0.0558779 0.0550307 0.0531547 0.0495887 0.0439468 0.0364186 0.0278348
 0.00416231 0.00672642 0.0100862 0.0142643 0.019269 0.0250328 0.0313328 0.0377791 0.0438919 0.0492087 0.0533738 0.0562027 0.0577169 0.0581239 0.0577441 0.056922 0.055952 0.0550096 0.0540689 0.0528305 0.0507369 0.0471501 0.0416738 0.0344597 0.0262814
 0.00438269 0.00707094 0.01058 0.0149241 0.0201047 0.0260497 0.0325319 0.0391569 0.0454379 0.0508993 0.0551567 0.0579811 0.0593464 0.0594334 0.0585737 0.057156 0.0555321 0.0539318 0.0523817 0.0506407 0.0482148 0.0445167 0.0391648 0.0322778 0.0245543
 0.00459376 0.00742442 0.0111308 0.0157291 0.0212098 0.0274705 0.0342356 0.0410586 0.0474191 0.0528384 0.0569556 0.0595721 0.060679 0.0604521 0.0592009 0.0572945 0.0550864 0.0528384 0.0506369 0.0483206 0.0454823 0.0416091 0.0363544 0.0298118 0.0225958
 0.00482911 0.00780738 0.0117101 0.0165562 0.0223361 0.0289377 0.036058 0.0432016 0.049785 0.0552687 0.0592549 0.0615504 0.0621938 0.061428 0.0596163 0.0571476 0.0543652 0.051518 0.0487059 0.0458236 0.042554 0.0384779 0.033306 0.0271197 0.0204489
 0.00510351 0.00824764 0.0123632 0.0174656 0.0235389 0.0304576 0.037894 0.0453177 0.0521053 0.0576777 0.0616031 0.0636654 0.0639025 0.0625857 0.0601314 0.0569865 0.0535358 0.0500463 0.0466289 0.0432081 0.0395308 0.0352612 0.0301721 0.0243436 0.0182275
 0.0052913 0.00856766 0.0128729 0.0182301 0.0246198 0.0318945 0.0396841 0.0474057 0.0543885 0.0600232 0.0638661 0.0657019 0.0655773 0.0637788 0.0607457 0.0569556 0.0528299 0.0486726 0.0446302 0.0406698 0.0365965 0.0321438 0.0271357 0.0216504 0.0160679
 0.00550261 0.00890282 0.0133643 0.0189095 0.025521 0.0330533 0.0411296 0.0491425 0.0563767 0.062167 0.0660199 0.067695 0.0672464 0.0649929 0.0614139 0.0570221 0.0522658 0.0474745 0.042828 0.0383408 0.0338805 0.029247 0.0243096 0.0191411 0.0140533
 0.00573891 0.00927965 0.0139179 0.019669 0.0265045 0.0342615 0.0425403 0.0507097 0.058039 0.0638572 0.0676683 0.0692234 0.0685629 0.0659956 0.0620047 0.0571211 0.0518212 0.0464656 0.0412703 0.0362969 0.0314737 0.0266641 0.0217805 0.0168905 0.0122436
 0.00596226 0.00964281 0.014465 0.0204419 0.0275361 0.0355636 0.0440885 0.0524356 0.0598352 0.0655969 0.0692295 0.0705106 0.0695157 0.0665834 0.062211 0.0569293 0.0512093 0.0454148 0.0397814 0.0344106 0.0292875 0.0243364 0.0195108 0.0148758 0.0106262
 0.00615205 0.00994871 0.0149216 0.0210828 0.0283911 0.0366524 0.0454096 0.0539548 0.0614796 0.0672576 0.0707758 0.071812 0.0704673 0.0671239 0.0623244 0.0566308 0.0505246 0.0443663 0.038391 0.0327169 0.0273674 0.022316 0.0175527 0.0131431 0.00923758
 0.00630042 0.0101849 0.0152687 0.021562 0.0290217 0.03745 0.0463808 0.0550894 0.0627434 0.0685894 0.0720882 0.0730004 0.071425 0.0677605 0.062582 0.0564897 0.0499977 0.0434872 0.0372033 0.0312756 0.0257489 0.0206274 0.0159256 0.0117082 0.00808955
 0.00636446 0.0102896 0.0154281 0.0217905 0.0293334 0.0378563 0.046888 0.0556973 0.0634455 0.069372 0.0729277 0.0738572 0.0722399 0.0684579 0.0630811 0.0567204 0.0499152 0.0430784 0.0364868 0.0302982 0.024584 0.0193731 0.0146958 0.0106123 0.00720671
 0.00647293 0.0104547 0.0156559 0.022081 0.0296826 0.0382599 0.047342 0.0561959 0.063978 0.0699215 0.0734726 0.0743747 0.0727076 0.068851 0.063368 0.0568615 0.0498681 0.0428092 0.0359829 0.0295772 0.0236967 0.018399 0.0137307 0.00974784 0.00650863
 0.00660718 0.0106516 0.0159128 0.0223819 0.0300034 0.038577 0.0476396 0.0564685 0.0642291 0.0701601 0.0737088 0.0746144 0.0729485 0.0690811 0.0635655 0.056996 0.0499033 0.0427083 0.0357185 0.0291427 0.0231158 0.0177255 0.0130387 0.00911331 0.00598844
 0.00664995 0.010719 0.0160097 0.0225098 0.0301581 0.038747 0.0478064 0.0566111 0.0643329 0.0702256 0.0737541 0.0746683 0.0730373 0.0692168 0.0637401 0.0571827 0.0500625 0.0427959 0.0356957 0.0289867 0.0228285 0.0173376 0.0126035 0.00869126 0.00562947
 0.00660411 0.0106529 0.0159259 0.0224165 0.0300673 0.038671 0.0477546 0.0565879 0.0643377 0.0702548 0.0738042 0.0747403 0.0731385 0.0693573 0.0639253 0.0574054 0.0502991 0.0430097 0.0358453 0.0290386 0.0227683 0.0171764 0.0123752 0.00844189 0.00540178
 0.00663378 0.0106888 0.0159577 0.0224286 0.0300449 0.0386091 0.0476636 0.0564919 0.064264 0.0702222 0.0738162 0.0747873 0.0732067 0.0694374 0.0640159 0.0575095 0.0504164 0.0431296 0.0359462 0.0290942 0.0227588 0.017098 0.0122432 0.00828504 0.0052508
 0.00674342 0.0108415 0.0161396 0.0226089 0.0301828 0.0386655 0.0476135 0.0563328 0.0640187 0.0699344 0.0735406 0.0745734 0.0730843 0.0694107 0.0640689 0.0576174 0.0505548 0.0432774 0.0360838 0.0292019 0.02282 0.0171049 0.0122013 0.00821165 0.00516802
 0.00670237 0.0107977 0.0161145 0.0226322 0.0302789 0.0388348 0.0478212 0.056515 0.0641071 0.069888 0.0733638 0.0743138 0.072811 0.0691881 0.0639366 0.0575841 0.0506044 0.0433807 0.0362088 0.0293202 0.0229102 0.0171552 0.012211 0.00819009 0.0051302
 0.00671038 0.0108 0.0161 0.0225894 0.0302051 0.0387466 0.0477563 0.0565179 0.0642033 0.0700606 0.0735549 0.0744517 0.0728478 0.0691219 0.0638069 0.0574467 0.0505042 0.0433371 0.0362164 0.0293586 0.0229556 0.0171891 0.0122245 0.00818383 0.00511138
 0.00673781 0.010841 0.016154 0.022651 0.0302626 0.0387826 0.0477523 0.0564638 0.0641079 0.0699543 0.0734774 0.0744295 0.0728771 0.0691714 0.0638398 0.0574441 0.0504731 0.0433003 0.0361949 0.0293602 0.0229744 0.0172124 0.0122413 0.00818946 0.00510721
