SBPRF35
7.50154
Curr Bio
489433
B35
519475
F35
0.216099
FOFL
0.198289
OFL
74334.6
Bzero
2.1433e+006
#pred survey bio
 3.44274e+006 3.37725e+006 3.32606e+006 3.24922e+006 3.08034e+006 2.65278e+006 2.36299e+006 2.13257e+006 1.95571e+006 1.78683e+006 1.604e+006 1.34623e+006 1.17595e+006 1.035e+006 911117 833053 760914 669882 628601 612571 583049 547534 516452 525953 553552 546832 535958 531905 501031 471050 466349 488291 519711 559792 598049 569207 545412 554255 558614 534623 524873 514383 518127 536861 568891 612083 653628 631835 565335 557279 571332 616569 667037 650418 662699 635495 601582 605903 626048 594391 533649 496333 1.69863e+007 1.02323e+007 1.06112e+007 1.14354e+007 1.24545e+007 1.34634e+007 1.4349e+007 1.50699e+007 1.56283e+007 1.60466e+007 1.63532e+007 1.65749e+007 1.6734e+007 1.68478e+007 1.69293e+007 1.69879e+007 1.70301e+007 1.70608e+007 1.70831e+007 1.70996e+007 1.71118e+007 1.71209e+007 1.71277e+007 1.71328e+007 1.71366e+007 1.71395e+007 1.71417e+007 1.71434e+007 1.71447e+007 1.71457e+007 1.71464e+007 1.7147e+007 1.71475e+007 1.71478e+007 1.7148e+007 1.71482e+007 1.71484e+007 1.71485e+007 1.71486e+007 1.71487e+007 1.71487e+007 1.71488e+007 1.71488e+007 1.71488e+007 1.71489e+007 1.71489e+007 1.71489e+007 1.71489e+007 1.71489e+007 1.71489e+007 1.71489e+007 1.71489e+007 1.71489e+007 1.71489e+007 1.71489e+007 1.71489e+007 1.71489e+007 1.71489e+007 1.71489e+007 1.71489e+007 1.71489e+007 1.71489e+007 1.71489e+007 1.71489e+007 1.71489e+007 1.71489e+007 1.71489e+007 1.71489e+007 1.71489e+007 1.71489e+007 1.71489e+007 1.71489e+007 1.71489e+007 1.71489e+007 1.71489e+007 1.71489e+007 1.71489e+007 1.71489e+007 1.71489e+007 1.71489e+007 1.71489e+007 1.71489e+007 1.71489e+007 1.71489e+007 1.71489e+007 1.71489e+007 1.71489e+007 1.71489e+007 1.71489e+007 1.71489e+007 1.71489e+007 1.71489e+007 1.71489e+007 1.71489e+007 1.71489e+007 1.71489e+007 1.71489e+007 1.71489e+007 1.71489e+007 1.71489e+007 0 0 0 0 0 0 0 0 0 0 0 0 0 0 0 0 0 0 0 0 0 0 0 0 0
#obs survey bio
 3.46287e+006 3.32281e+006 4.40353e+006 2.99651e+006 4.37072e+006 1.98018e+006 2.19307e+006 1.71392e+006 2.5848e+006 1.63683e+006 1.56168e+006 1.41739e+006 1.03685e+006 956630 922365 1.19595e+006 874510 575227 476463 684638 551298 735899 377225 472542 739009 457097 513775 524234 509606 469463 382274 472395 397912 407788 591161 488719 465929 561159 491067 413314 541780 468363 457006 520582 740205 589462 809000 675929 430724 651458 556189 949072 582367 727598 516075 547994 597003 710104 630687 577146 566063 444816
#pred catch bio
 101176 98701.6 138642 188358 253503 262364 302740 309413 296469 289965 299033 258701 249202 247607 229908 222518 216797 160015 142670 134354 131819 123472 110915 106157 114847 110076 100027 107665 109338 96993.6 96641.8 95804 98527 96344.6 97601.5 93970.7 92397.9 88292 90938.7 87828.5 82712.9 85114.1 88334.4 85412.7 86647.2 92214.4 92302.2 94443.9 84444.1 87929.2 88052.4 65320.4 129420 94143.6 112127 110708 93247.2 80906.4 98291.5 111267 95022.4 62097.2 74334.6 80116.8 81664.9 87094.8 94566.2 102025 108473 113590 117421 120173 122088 123391 124260 124833 125205 125446 125600 125698 125760 125799 125824 125839 125849 125855 125859 125861 125863 125864 125864 125865 125865 125865 125865 125865 125865 125865 125865 125865 125865 125865 125865 125865 125865 125865 125865 125865 125865 125865 125865 125865 125865 125865 125865 125865 125865 125865 125865 125865 125865 125865 125865 125865 125865 125865 125865 125865 125865 125865 125865 125865 125865 125865 125865 125865 125865 125865 125865 125865 125865 125865 125865 125865 125865 125865 125865 125865 125865 125865 125865 125865 125865 125865 125865 125865 125865 125865 125865 125865 125865 125865 0 0 0 0 0 0 0 0 0 0 0 0 0 0 0 0 0 0 0 0 0 0 0 0 0
#obs catch bio
 0 98428.1 138683 188389 253584 262195 303155 310063 296528 290062 298622 258670 249132 247438 230623 223232 217135 159573 143117 134080 131814 123176 111191 106600 114660 110070 99960.7 107516 109409 96780.2 97095.3 95774.6 98851.1 96658.8 97276 93875.2 92676.8 88256.2 90842.5 87909.6 82589.7 85123.6 88469 85390.8 86656.4 92437.2 92127.1 94358.6 84427.2 87967.9 88554.2 64747.6 130499 93791.2 112194 110750 93302.9 80740.8 98222.5 111410 95306.8 61909
#pred cpue bio
 3.40677e+006 3.34219e+006 3.29011e+006 3.21226e+006 3.04354e+006 2.61898e+006 2.33036e+006 2.10037e+006 1.92343e+006 1.75472e+006 1.57266e+006 1.31739e+006 1.14843e+006 1.00864e+006 885802 808151 736989 647774 607328 591482 562792 528229 497983 506941 533708 527388 516881 513124 483408 454394 449870 471102 501623 540508 577924 550271 526007 532642 536167 513221 503967 494120 497762 515699 546513 588116 628184 607575 543608 535653 549090 592804 642589 625895 637274 610594 577400 581221 601005 570808 511836 475673 1.62982e+007 9.80648e+006 1.00583e+007 1.07944e+007 1.17943e+007 1.28003e+007 1.36855e+007 1.44064e+007 1.49647e+007 1.5383e+007 1.56896e+007 1.59113e+007 1.60704e+007 1.61843e+007 1.62658e+007 1.63243e+007 1.63665e+007 1.63972e+007 1.64196e+007 1.64361e+007 1.64483e+007 1.64573e+007 1.64641e+007 1.64692e+007 1.64731e+007 1.6476e+007 1.64782e+007 1.64799e+007 1.64812e+007 1.64821e+007 1.64829e+007 1.64835e+007 1.64839e+007 1.64842e+007 1.64845e+007 1.64847e+007 1.64848e+007 1.6485e+007 1.64851e+007 1.64851e+007 1.64852e+007 1.64852e+007 1.64853e+007 1.64853e+007 1.64853e+007 1.64853e+007 1.64853e+007 1.64853e+007 1.64853e+007 1.64853e+007 1.64854e+007 1.64854e+007 1.64854e+007 1.64854e+007 1.64854e+007 1.64854e+007 1.64854e+007 1.64854e+007 1.64854e+007 1.64854e+007 1.64854e+007 1.64854e+007 1.64854e+007 1.64854e+007 1.64854e+007 1.64854e+007 1.64854e+007 1.64854e+007 1.64854e+007 1.64854e+007 1.64854e+007 1.64854e+007 1.64854e+007 1.64854e+007 1.64854e+007 1.64854e+007 1.64854e+007 1.64854e+007 1.64854e+007 1.64854e+007 1.64854e+007 1.64854e+007 1.64854e+007 1.64854e+007 1.64854e+007 1.64854e+007 1.64854e+007 1.64854e+007 1.64854e+007 1.64854e+007 1.64854e+007 1.64854e+007 1.64854e+007 1.64854e+007 1.64854e+007 1.64854e+007 1.64854e+007 1.64854e+007 1.64854e+007 1.64854e+007 0 0 0 0 0 0 0 0 0 0 0 0 0 0 0 0 0 0 0 0 0 0 0 0 0
#obs cpue bio
 3.08474e+006 3.4687e+006 2.35951e+006 3.23444e+006 3.07176e+006 2.82391e+006 2.40873e+006 2.27787e+006 1.59229e+006 1.82186e+006 2.1182e+006 1.02836e+006 1.35928e+006 1.17454e+006 677917 543868 748327 801992 591929 704926 560966 465804 486163 445893 640714 568386 501846 619875 447745 495644 362010 627618 512248 638461 1.03355e+006 555112 460466 613794 707599 564759 556136 508666 520671 558363 402373 506807 689980 620216 590688 480994 399676 602059 591400 583686 872477 722163 516190 492481 688781 581281 429474 564939
#pred surv len freq
 0.004226 0.0069691 0.0106897 0.0154332 0.0211152 0.0274276 0.0338239 0.0396709 0.0444931 0.0481249 0.0506724 0.0523646 0.0534276 0.054034 0.054304 0.0543282 0.0541906 0.0539681 0.0536726 0.0531354 0.0519089 0.0493194 0.0447538 0.0380739 0.0298729
 0.00456594 0.00742338 0.0111943 0.0158746 0.0213707 0.0274238 0.0335766 0.0392766 0.0440755 0.0477719 0.0504061 0.0521592 0.0532552 0.0539033 0.0542681 0.0544572 0.0545257 0.0544801 0.0542481 0.0536045 0.0521086 0.0491646 0.0442767 0.0374064 0.0291826
 0.00463752 0.00760811 0.0115905 0.0165946 0.0224866 0.0288981 0.0352238 0.0408009 0.0451828 0.0482933 0.0503522 0.0516774 0.0525341 0.053097 0.0534769 0.0537472 0.0539443 0.0540459 0.0539268 0.0533017 0.0517025 0.0485667 0.0434843 0.0365092 0.0283175
 0.00475176 0.00777745 0.0118212 0.0168977 0.0228952 0.0294789 0.0360646 0.0419617 0.0466283 0.0498536 0.0517565 0.0526566 0.0529323 0.0529211 0.0528632 0.0528826 0.0529972 0.0531286 0.0530836 0.0525129 0.0509069 0.047705 0.0425451 0.0355474 0.0274304
 0.00486739 0.007978 0.0121446 0.0173832 0.0235707 0.0303473 0.0370977 0.0431125 0.0478539 0.0511248 0.0530349 0.0538553 0.0539009 0.0534862 0.0529043 0.0523906 0.0520739 0.0519337 0.0517665 0.0511691 0.0495737 0.0463911 0.0412697 0.034362 0.026408
 0.00513039 0.00838891 0.012733 0.0181681 0.0245607 0.0315387 0.0384681 0.0446129 0.0494087 0.0526429 0.0544293 0.0550543 0.0548432 0.0541023 0.0531089 0.0521032 0.051261 0.0506392 0.0501048 0.0492867 0.0476089 0.0444578 0.0394646 0.0327738 0.0251097
 0.00530023 0.00869299 0.0132409 0.018958 0.0256975 0.0330413 0.0402839 0.0466184 0.0514416 0.0545473 0.0560875 0.0563931 0.0558208 0.0546902 0.0532755 0.0518077 0.050463 0.0493244 0.0483138 0.0471257 0.0452366 0.0420571 0.0372133 0.0308197 0.0235495
 0.00553097 0.00906697 0.0138036 0.0197565 0.0267771 0.0344377 0.0420061 0.04863 0.0536481 0.0567997 0.0582042 0.0581966 0.0571735 0.0555123 0.0535378 0.0515079 0.0496048 0.0479151 0.0463832 0.0447539 0.0425707 0.0393018 0.0345963 0.0285425 0.0217426
 0.00576896 0.00945872 0.0144019 0.0206128 0.0279312 0.0359021 0.0437525 0.0505879 0.0557196 0.058878 0.0601834 0.0599681 0.0586228 0.056526 0.0540214 0.0514004 0.0488808 0.0465802 0.0444742 0.0423526 0.0398219 0.036416 0.0318215 0.0261095 0.0198076
 0.0060009 0.00983381 0.0149633 0.0214007 0.0289773 0.0372195 0.0453236 0.0523582 0.0576027 0.0607713 0.0619842 0.0615842 0.0599725 0.0575321 0.0546061 0.0514867 0.0484036 0.0455013 0.0427986 0.040145 0.0372197 0.0336288 0.0291028 0.0237021 0.0178811
 0.00619 0.010153 0.0154651 0.0221404 0.0300005 0.0385428 0.0469172 0.054143 0.0594665 0.0625952 0.0636647 0.0630413 0.0611466 0.0583759 0.0550749 0.0515313 0.0479699 0.0445401 0.041288 0.0381179 0.0347871 0.0309836 0.0264921 0.0213698 0.0160031
 0.00650761 0.0106586 0.0162065 0.0231557 0.0313127 0.0401498 0.0487794 0.0561755 0.0615451 0.0645763 0.0654104 0.0644413 0.062131 0.0589151 0.0551672 0.0511839 0.0471819 0.0432996 0.0395859 0.0359781 0.0322988 0.0283153 0.0238722 0.019032 0.0141201
 0.00669578 0.010984 0.0167315 0.0239483 0.0324292 0.0416087 0.0505393 0.0581325 0.0635556 0.066492 0.0671047 0.0658188 0.0631247 0.0594826 0.0552887 0.0508579 0.0464175 0.0421079 0.0379817 0.0339964 0.0300207 0.0258861 0.02149 0.0169036 0.0124016
 0.00688851 0.0113023 0.0172206 0.0246563 0.0333999 0.0428696 0.0520841 0.0599088 0.0654629 0.0683934 0.0688494 0.0672678 0.0641734 0.0600714 0.0553991 0.0505004 0.045617 0.0408946 0.0363912 0.0320801 0.0278644 0.0236233 0.0192945 0.0149543 0.0108328
 0.00706065 0.0116039 0.0177141 0.0254113 0.0344762 0.0442899 0.0538112 0.0618412 0.067456 0.070293 0.0705183 0.0685977 0.0650859 0.060518 0.055362 0.0499903 0.0446668 0.0395504 0.0347078 0.030126 0.0257333 0.021443 0.0172198 0.013138 0.00938512
 0.00704203 0.0116122 0.0177994 0.025648 0.034949 0.0450693 0.0549272 0.0632672 0.0691083 0.0720433 0.0722151 0.0700913 0.0662519 0.0612713 0.0556595 0.0498251 0.044059 0.0385403 0.0333523 0.0285002 0.0239352 0.0195963 0.0154643 0.0116054 0.00816699
 0.0070835 0.0116754 0.0178893 0.0257733 0.0351297 0.0453432 0.0553499 0.0638983 0.0699862 0.0731582 0.0734962 0.0714163 0.0674743 0.0622536 0.0562979 0.05006 0.0438736 0.0379529 0.0324096 0.0272738 0.0225213 0.0181129 0.01404 0.0103569 0.00717378
 0.00746343 0.0122416 0.0186449 0.0266855 0.0361374 0.0463725 0.0563284 0.0647678 0.0707129 0.0737401 0.0739577 0.071789 0.067772 0.0624571 0.0563585 0.0499174 0.0434779 0.0372808 0.0314714 0.0261147 0.0212187 0.0167686 0.0127658 0.0092523 0.00630343
 0.0076043 0.0124607 0.0189542 0.0270852 0.0366104 0.0468811 0.0568158 0.0651703 0.0709839 0.073874 0.073998 0.0718109 0.0678479 0.0626229 0.0565962 0.0501614 0.0436377 0.0372709 0.0312372 0.0256467 0.0205553 0.0159867 0.0119621 0.00851929 0.00570684
 0.00763534 0.0125137 0.0190387 0.0272112 0.036786 0.0471076 0.0570831 0.0654545 0.0712508 0.0740886 0.0741377 0.0718777 0.067871 0.0626476 0.0566618 0.0502776 0.0437749 0.0373682 0.0312263 0.0254801 0.0202255 0.0155302 0.0114464 0.00802038 0.00528506
 0.00768101 0.0125776 0.0191161 0.0272926 0.0368611 0.0471719 0.0571411 0.0655186 0.0713335 0.0741942 0.0742584 0.0719961 0.0679705 0.0627223 0.0567202 0.0503357 0.0438407 0.0374296 0.0312503 0.0254268 0.0200695 0.015276 0.0111293 0.00769235 0.00499462
 0.00774642 0.0126873 0.0192864 0.0275373 0.0371851 0.0475622 0.0575622 0.0659172 0.0716549 0.0744008 0.0743401 0.0719672 0.0678572 0.0625517 0.0565161 0.0501189 0.0436288 0.0372322 0.0310637 0.0252354 0.019855 0.0150306 0.0108636 0.00743184 0.00476788
 0.00794014 0.012968 0.0196459 0.0279478 0.0376089 0.0479662 0.0579273 0.0662361 0.0719213 0.0746007 0.0744519 0.0719711 0.0677467 0.0623389 0.0562283 0.0497895 0.0432885 0.0369037 0.0307588 0.0249548 0.0195924 0.0147801 0.0106264 0.0072175 0.00458907
 0.00788415 0.0129083 0.019612 0.0279817 0.037748 0.0482205 0.0582649 0.0665914 0.0722241 0.0748078 0.0745598 0.072004 0.0677327 0.0622934 0.056153 0.0496821 0.0431514 0.0367453 0.0305901 0.0247843 0.0194245 0.0146169 0.0104714 0.00707704 0.00447116
 0.00776601 0.012712 0.0193118 0.0275597 0.0372076 0.0476022 0.0576523 0.0660945 0.0719413 0.074786 0.0747788 0.072395 0.0682135 0.062797 0.0566354 0.0501166 0.0435214 0.0370417 0.030811 0.0249344 0.0195125 0.0146538 0.0104698 0.00705103 0.00443465
 0.00787121 0.0128539 0.0194707 0.0276967 0.0372731 0.047551 0.0574607 0.0657725 0.0715361 0.0743734 0.0744428 0.0721999 0.0681828 0.06291 0.0568428 0.0503637 0.043764 0.0372517 0.0309744 0.0250473 0.0195779 0.0146796 0.0104665 0.00703023 0.00440701
 0.00788396 0.0128884 0.0195462 0.027834 0.0374827 0.0478176 0.0577342 0.0659768 0.0715968 0.0742518 0.0741565 0.0718185 0.0678001 0.0626084 0.0566675 0.0503154 0.0438109 0.0373492 0.0310824 0.0251391 0.0196409 0.0147122 0.0104742 0.00702157 0.00439084
 0.00773672 0.0126651 0.0192414 0.0274578 0.0370619 0.0473954 0.0573647 0.0657129 0.071471 0.0742606 0.074261 0.0719649 0.0679486 0.0627509 0.0568234 0.0505112 0.0440588 0.037638 0.0313834 0.025419 0.0198745 0.0148874 0.0105921 0.00709198 0.00442737
 0.0076925 0.0125974 0.0191476 0.0273386 0.0369223 0.0472448 0.0572177 0.0655886 0.07139 0.0742379 0.0742983 0.0720464 0.0680457 0.0628344 0.0568782 0.0505433 0.0440894 0.037689 0.0314637 0.0255213 0.0199812 0.0149811 0.0106622 0.00713688 0.00445162
 0.0077905 0.0127433 0.019342 0.0275726 0.0371794 0.047504 0.0574568 0.0657857 0.0715261 0.0743004 0.0742843 0.0719625 0.0679042 0.0626491 0.0566616 0.0503085 0.0438532 0.0374716 0.0312839 0.0253896 0.0198963 0.0149326 0.0106365 0.00712282 0.00444272
 0.00778084 0.0127304 0.0193277 0.0275596 0.0371698 0.0474976 0.0574502 0.0657744 0.0715078 0.074278 0.0742652 0.0719552 0.067913 0.0626716 0.0566898 0.0503326 0.0438663 0.0374731 0.0312792 0.0253866 0.0199006 0.0149447 0.0106528 0.00713848 0.00445446
 0.00777125 0.0127109 0.0192914 0.0274989 0.0370794 0.0473785 0.0573128 0.065637 0.0713907 0.0741969 0.0742274 0.0719602 0.0679559 0.0627453 0.0567853 0.0504391 0.0439721 0.0375686 0.0313595 0.0254514 0.019953 0.0149876 0.0106877 0.00716552 0.00447358
 0.00778947 0.0127238 0.0192802 0.0274363 0.0369376 0.0471416 0.0569876 0.065256 0.0710048 0.073862 0.0739902 0.0718485 0.0679746 0.0628788 0.0570046 0.0507097 0.0442612 0.0378494 0.0316128 0.0256666 0.0201264 0.015121 0.0107855 0.00723344 0.0045177
 0.00769855 0.0125949 0.01912 0.0272603 0.0367615 0.046971 0.0568126 0.0650566 0.0707667 0.0735915 0.0737199 0.0716278 0.0678516 0.0628828 0.0571378 0.0509498 0.0445711 0.0381878 0.0319438 0.0259638 0.0203748 0.0153154 0.0109282 0.00733142 0.00458033
 0.00771229 0.0125805 0.0190326 0.0270411 0.0363599 0.0463751 0.05607 0.0642681 0.0700511 0.0730423 0.0733809 0.0714975 0.0679061 0.0630952 0.0574847 0.0514062 0.0451042 0.0387565 0.0325036 0.0264756 0.0208106 0.0156615 0.0111844 0.00750762 0.00469242
 0.00857856 0.0138066 0.0205384 0.0286316 0.037773 0.0473639 0.0564757 0.0640528 0.0692894 0.0718903 0.0720345 0.0701477 0.0667002 0.0621176 0.0567614 0.0509243 0.0448309 0.0386502 0.0325188 0.026566 0.0209347 0.0157871 0.0112916 0.00758814 0.00474655
 0.00922281 0.0148735 0.0221671 0.0309282 0.0407453 0.0508418 0.0600676 0.0671994 0.0714278 0.072654 0.0713756 0.0683183 0.0641237 0.0592354 0.0539262 0.0483613 0.0426493 0.0368771 0.0311329 0.0255217 0.0201765 0.0152582 0.0109387 0.00736446 0.00461302
 0.00907407 0.0147499 0.0222018 0.031324 0.0417276 0.0525762 0.0625733 0.070297 0.0747446 0.0756915 0.0736271 0.0694087 0.0639194 0.0578741 0.0517484 0.0457835 0.0400436 0.0345031 0.0291276 0.0239262 0.0189711 0.0143918 0.0103477 0.00698395 0.00438353
 0.00880347 0.0143201 0.0215828 0.0305184 0.0407995 0.0516791 0.0619546 0.0702502 0.0755042 0.0773119 0.0759137 0.0719497 0.0662127 0.0594914 0.0524647 0.0456193 0.0392135 0.033309 0.0278525 0.0227691 0.0180333 0.0136963 0.00986995 0.0066786 0.00420204
 0.00876194 0.0142311 0.0214091 0.0302128 0.0403182 0.0510059 0.0611295 0.0693881 0.0747921 0.0769734 0.0761405 0.0728177 0.067622 0.0611708 0.0540542 0.0467975 0.0398065 0.0333274 0.0274495 0.0221542 0.017392 0.0131466 0.00945927 0.00640402 0.0040356
 0.00868796 0.0141255 0.0212756 0.0300594 0.0401488 0.0508102 0.0608802 0.0690533 0.0743618 0.0764889 0.0757071 0.0725854 0.0677306 0.061681 0.0549004 0.0477951 0.0407194 0.0339619 0.0277237 0.0221082 0.0171429 0.0128251 0.00916205 0.00617798 0.0038872
 0.00869371 0.0141137 0.0212201 0.0299264 0.0399095 0.0504583 0.060442 0.0685815 0.0739139 0.0761048 0.0754059 0.0723822 0.0676582 0.0617918 0.0552381 0.0483534 0.0414177 0.0346643 0.0282923 0.0224601 0.0172748 0.0127963 0.00905371 0.00605704 0.00379023
 0.0087058 0.0141413 0.0212746 0.0300183 0.0400395 0.0506077 0.0605692 0.0686324 0.0738444 0.075903 0.0750987 0.0720236 0.0673109 0.0615143 0.05508 0.0483482 0.0415693 0.0349339 0.0286047 0.0227309 0.0174462 0.0128564 0.00903024 0.00599341 0.00372296
 0.00877979 0.0142479 0.0214103 0.0301726 0.0401996 0.0507643 0.0607181 0.0687693 0.0739561 0.0759633 0.0750752 0.0718947 0.0670808 0.0612177 0.0547727 0.0480898 0.0414051 0.0348806 0.028645 0.0228213 0.0175361 0.01291 0.009038 0.00596762 0.00368411
 0.00880281 0.0142803 0.0214493 0.0302117 0.0402295 0.0507749 0.0607023 0.0687265 0.0738941 0.0758966 0.075018 0.0718524 0.0670467 0.0611783 0.0547198 0.0480299 0.0413582 0.0348695 0.0286811 0.0228967 0.0176273 0.0129903 0.00909017 0.00598931 0.00368414
 0.00877056 0.0142315 0.0213824 0.0301276 0.0401309 0.0506655 0.0605866 0.0686099 0.073784 0.0758023 0.0749507 0.0718224 0.0670593 0.0612302 0.0547993 0.0481221 0.0414527 0.0349645 0.02878 0.0230016 0.0177329 0.0130853 0.00916349 0.00603632 0.00370791
 0.00865619 0.0140647 0.0211671 0.02988 0.0398753 0.0504272 0.0603855 0.0684586 0.0736881 0.0757619 0.0749619 0.0718794 0.0671559 0.0613603 0.0549558 0.0482956 0.0416324 0.0351402 0.0289451 0.0231522 0.0178662 0.0131976 0.00925081 0.00609718 0.00374493
 0.00865072 0.0140346 0.0210841 0.0297084 0.0395863 0.0500178 0.0598922 0.0679531 0.0732545 0.0754669 0.0748351 0.0719125 0.0673163 0.0616078 0.0552538 0.0486157 0.0419531 0.0354459 0.0292241 0.0233967 0.0180715 0.0133618 0.00937438 0.00618329 0.00379954
 0.00882171 0.0142914 0.0214293 0.0301252 0.040037 0.0504456 0.0602279 0.0681298 0.0732287 0.075239 0.0744534 0.0714559 0.0668648 0.0612185 0.0549527 0.0484037 0.0418179 0.0353707 0.0291929 0.0233954 0.0180884 0.0133871 0.00940084 0.00620591 0.00381602
 0.00873486 0.0141904 0.0213505 0.0301244 0.0401703 0.0507412 0.0606635 0.0686304 0.07369 0.0755624 0.0745778 0.071373 0.0666154 0.0608729 0.0545861 0.0480744 0.0415578 0.035187 0.0290768 0.0233315 0.0180606 0.0133815 0.00940659 0.00621551 0.00382503
 0.00867181 0.014088 0.021199 0.0299222 0.0399322 0.0505068 0.0604967 0.0686026 0.0738478 0.0758974 0.0750191 0.071812 0.06695 0.0610458 0.0545975 0.0479692 0.0413975 0.0350255 0.0289469 0.0232443 0.0180122 0.0133613 0.00940322 0.00621991 0.00383137
 0.00849821 0.0138285 0.0208508 0.0294975 0.039455 0.0500083 0.060014 0.0681818 0.0735449 0.0757702 0.0751083 0.072119 0.0674256 0.0616015 0.0551362 0.0484184 0.0417288 0.0352499 0.0290959 0.0233501 0.0180959 0.0134318 0.00946155 0.00626498 0.00386307
 0.00840927 0.0136286 0.0204516 0.0287924 0.0383579 0.0485088 0.058219 0.0663107 0.0718721 0.0745432 0.0744848 0.0721448 0.0680467 0.0626899 0.0565199 0.049915 0.0431788 0.0365426 0.0301771 0.0242115 0.0187566 0.0139207 0.0098087 0.00649879 0.00401046
 0.00884654 0.0143331 0.0214914 0.0302036 0.0401106 0.0504685 0.0601316 0.0678434 0.0727153 0.0745287 0.0736507 0.0707104 0.0663196 0.0609619 0.0549972 0.0486953 0.0422669 0.035886 0.0297055 0.0238654 0.0184978 0.0137294 0.00967367 0.0064101 0.0039571
 0.00875454 0.0142138 0.0213701 0.0301293 0.0401496 0.050689 0.0605789 0.0685119 0.0735267 0.0753324 0.0742608 0.0709731 0.0661778 0.0604788 0.0543235 0.0480025 0.0416846 0.0354725 0.0294548 0.0237355 0.0184405 0.0137077 0.00966647 0.00640814 0.00395705
 0.00889146 0.0144168 0.0216402 0.0304575 0.0405237 0.0511027 0.061037 0.0690261 0.0741008 0.0759438 0.074846 0.0714301 0.0663926 0.0603692 0.0538796 0.0472984 0.0408523 0.0346517 0.0287481 0.0231888 0.0180514 0.0134474 0.00950033 0.00630637 0.00389762
 0.00909928 0.0147377 0.0220903 0.0310368 0.0412129 0.0518612 0.0618042 0.0697305 0.074679 0.0763595 0.0750959 0.0715295 0.0663506 0.0601741 0.0535068 0.0467367 0.0401292 0.0338385 0.0279391 0.0224691 0.0174725 0.0130218 0.00921119 0.00612364 0.00378989
 0.00896752 0.0145606 0.0218925 0.0308645 0.0411212 0.0518941 0.0619777 0.070028 0.0750602 0.0767761 0.0755056 0.0719028 0.066669 0.0604222 0.0536642 0.046778 0.0400355 0.0336132 0.0276158 0.0221041 0.0171246 0.0127332 0.00899923 0.00598389 0.00370641
 0.00874519 0.014201 0.0213583 0.0301321 0.0401976 0.0508361 0.0609025 0.0690978 0.0744381 0.0765709 0.0757375 0.0725068 0.067528 0.0614062 0.0546572 0.0476893 0.0408009 0.0341963 0.0280103 0.0223323 0.0172295 0.0127635 0.00899538 0.00597123 0.00369605
 0.00885855 0.0143582 0.0215435 0.0303097 0.0403177 0.0508468 0.0607647 0.0688005 0.0740095 0.0760808 0.0752829 0.0721831 0.0673967 0.0614764 0.0548889 0.0480132 0.0411427 0.0344943 0.028226 0.0224538 0.0172684 0.0127464 0.00895218 0.0059253 0.00365992
 0.00897282 0.0145759 0.0219263 0.0309249 0.0412091 0.0519947 0.0620582 0.070046 0.0749838 0.0766058 0.0752843 0.0717057 0.0665773 0.060491 0.0538987 0.0471275 0.040408 0.0339072 0.0277565 0.0220688 0.0169457 0.0124775 0.00873737 0.00576551 0.0035514
 0.00902571 0.0146471 0.0220095 0.0310133 0.0413079 0.0521341 0.0622925 0.0704313 0.0755381 0.0772753 0.0759442 0.0722029 0.0667936 0.0603902 0.0535327 0.046604 0.0398419 0.0333831 0.0273151 0.0217152 0.016667 0.012259 0.00856891 0.00564124 0.00346604
#obs surv len freq
 nan nan nan nan nan nan nan nan nan nan nan nan nan nan nan nan nan nan nan nan nan nan nan nan nan
 0.00448124 0.00734108 0.0111698 0.0159854 0.0216862 0.0279625 0.0342777 0.0400103 0.0446911 0.048156 0.0505148 0.0520115 0.0529045 0.0534174 0.0537322 0.0539874 0.0542662 0.0545592 0.054698 0.05429 0.0527279 0.0493599 0.0438092 0.0362887 0.0276718
 0.00461226 0.00755522 0.0114938 0.0164442 0.0222964 0.0287238 0.0351632 0.040964 0.0456351 0.0490056 0.0511945 0.0524661 0.053105 0.053362 0.0534418 0.0534985 0.0536216 0.0538011 0.0538652 0.053419 0.0518573 0.0485321 0.0430686 0.0356726 0.0272009
 0.00477983 0.00782907 0.0119086 0.0170329 0.023084 0.0297164 0.0363372 0.0422608 0.0469677 0.0502724 0.0522949 0.0533125 0.0536315 0.0535306 0.0532452 0.0529587 0.0527834 0.0527235 0.0526141 0.0520645 0.0504744 0.0472014 0.0418698 0.0346719 0.0264346
 0.00497203 0.00814445 0.0123887 0.0177183 0.0240064 0.0308863 0.0377311 0.0438157 0.0485892 0.051851 0.0537211 0.0544869 0.0544699 0.0539683 0.0532425 0.0525049 0.0518993 0.0514592 0.0510455 0.050289 0.0486077 0.0453711 0.0402025 0.0332709 0.025358
 0.0051866 0.00849453 0.0129181 0.0184691 0.0250118 0.0321585 0.0392481 0.0455163 0.0503793 0.0536198 0.0553566 0.0558854 0.0555404 0.0546343 0.0534446 0.0522053 0.0510869 0.0501569 0.0493154 0.0482352 0.0463738 0.0431288 0.0381277 0.0315101 0.0239966
 0.00541108 0.00886415 0.013483 0.019279 0.0261059 0.0335506 0.0409111 0.0473771 0.0523305 0.0555402 0.0571306 0.057412 0.0567339 0.0554221 0.0537653 0.0520096 0.0503433 0.0488614 0.0475058 0.046004 0.0438734 0.0405609 0.0357112 0.0294349 0.0223792
 0.00566034 0.00926927 0.0140929 0.0201396 0.027253 0.0349968 0.0426316 0.0493034 0.0543578 0.0575457 0.0589921 0.0590208 0.058 0.0562738 0.0541456 0.0518718 0.0496509 0.0475961 0.0456846 0.0437006 0.0412337 0.0377972 0.0330696 0.0271389 0.0205737
 0.00589875 0.00966314 0.0146971 0.0210089 0.0284306 0.0364966 0.0444216 0.0513012 0.0564441 0.0595894 0.0608717 0.0606344 0.0592658 0.0571266 0.0545327 0.0517497 0.0489837 0.0463612 0.0438875 0.0413993 0.0385604 0.0349607 0.0303251 0.0247282 0.0186617
 0.00612566 0.0100362 0.0152667 0.0218255 0.0295359 0.0379094 0.0461216 0.0532212 0.0584775 0.0616087 0.062749 0.0622565 0.0605419 0.0579894 0.0549342 0.0516539 0.0483614 0.0451919 0.0421729 0.0391869 0.0359679 0.0321843 0.0276135 0.0223259 0.016742
 0.00637873 0.0104478 0.0158863 0.0226993 0.0306981 0.0393684 0.0478461 0.0551352 0.060471 0.0635584 0.0645371 0.0637813 0.0617216 0.0587619 0.055255 0.0514923 0.0476963 0.0440107 0.0404809 0.0370283 0.0334498 0.0294876 0.0249732 0.0199776 0.014857
 0.00661572 0.0108367 0.0164782 0.0235434 0.0318314 0.0407998 0.0495405 0.0570094 0.0624069 0.0654272 0.0662216 0.0651878 0.0627809 0.0594258 0.055491 0.0512782 0.0470167 0.0428578 0.0388631 0.0349876 0.0310838 0.0269605 0.0224991 0.0177736 0.0130834
 0.0068547 0.0112286 0.0170741 0.0243924 0.0329706 0.042238 0.0512422 0.058889 0.0643407 0.0672774 0.067861 0.0665152 0.0637269 0.0599514 0.0555806 0.0509306 0.0462363 0.0416526 0.0372507 0.0330121 0.0288355 0.0245867 0.0201909 0.0157249 0.0114371
 0.00707502 0.0115936 0.017636 0.0252033 0.0340713 0.0436401 0.0529105 0.0607363 0.0662405 0.0690891 0.0694543 0.0677856 0.0646019 0.0603912 0.0555739 0.0504869 0.0453771 0.0404046 0.035648 0.031107 0.0267155 0.022384 0.0180726 0.0138581 0.00994358
 0.00727602 0.011922 0.0181334 0.02591 0.0350191 0.0448407 0.054342 0.0623367 0.0679131 0.0707181 0.0709224 0.0689882 0.0654577 0.0608472 0.0556068 0.050099 0.0445893 0.0392504 0.0341719 0.0293697 0.0248046 0.0204204 0.0162014 0.0122203 0.00863971
 0.00740834 0.0121419 0.0184733 0.0264036 0.035695 0.0457121 0.0553969 0.0635336 0.069187 0.0719918 0.0721163 0.0700264 0.0662705 0.0613748 0.0558045 0.0499415 0.0440727 0.0383914 0.0330071 0.0279576 0.0232294 0.0187929 0.0146487 0.0108625 0.00756009
 0.00752903 0.0123345 0.018757 0.0267948 0.0362058 0.0463474 0.0561497 0.064382 0.0700949 0.072913 0.073 0.0708211 0.0669266 0.0618461 0.0560495 0.0499264 0.0437751 0.037806 0.0321501 0.0268717 0.021986 0.0174892 0.0133956 0.00976312 0.00668521
 0.00757861 0.0124147 0.0188772 0.0269639 0.0364316 0.0466352 0.0565008 0.0647932 0.0705593 0.0734215 0.07354 0.0713735 0.0674625 0.0623262 0.0564269 0.0501519 0.0438048 0.0376086 0.0317157 0.0262183 0.0211632 0.0165753 0.0124851 0.00894627 0.00602595
 0.00764446 0.0125139 0.0190118 0.0271312 0.0366256 0.0468492 0.0567293 0.0650326 0.070808 0.0736794 0.073809 0.0716545 0.0677529 0.0626148 0.0566909 0.0503571 0.0439093 0.0375718 0.0315086 0.025835 0.020628 0.0159425 0.0118289 0.0083418 0.00552962
 0.00773403 0.0126514 0.0192032 0.0273754 0.0369137 0.0471643 0.0570474 0.0653257 0.0710509 0.0738581 0.0739246 0.071722 0.067793 0.062646 0.0567213 0.0503805 0.0439051 0.037509 0.0313556 0.0255717 0.0202567 0.0154925 0.0113506 0.00789242 0.005155
 0.00776935 0.012711 0.0192968 0.0275123 0.0370998 0.0473978 0.0573145 0.0656015 0.071305 0.0740631 0.0740639 0.0717935 0.0678077 0.0626225 0.0566792 0.0503324 0.0438516 0.0374374 0.0312446 0.0254003 0.0200162 0.0151936 0.0110234 0.00757656 0.00488582
 0.00782277 0.0127898 0.0194007 0.0276368 0.0372387 0.0475462 0.057471 0.065766 0.0714744 0.0742281 0.0742089 0.0719011 0.0678653 0.0626273 0.0566387 0.0502604 0.043761 0.0373341 0.0311247 0.0252538 0.0198349 0.0149795 0.0107918 0.00735179 0.00469214
 0.00784599 0.0128238 0.0194446 0.0276871 0.0372894 0.0475907 0.0575039 0.0657856 0.0714848 0.0742389 0.0742322 0.0719452 0.0679296 0.0627018 0.0567089 0.0503135 0.04379 0.0373366 0.0310997 0.0251991 0.0197485 0.0148636 0.0106562 0.00721295 0.00456754
 0.00788359 0.0128797 0.0195189 0.0277759 0.0373856 0.047685 0.0575863 0.0658464 0.071517 0.0742406 0.0742085 0.0719075 0.0678919 0.0626752 0.0566975 0.0503134 0.0437922 0.0373313 0.031079 0.0251583 0.0196859 0.0147815 0.0105616 0.00711647 0.00448073
 0.00789274 0.0128947 0.0195415 0.0278076 0.0374262 0.0477322 0.0576348 0.0658889 0.0715458 0.074251 0.0742002 0.0718848 0.0678627 0.0626487 0.0566813 0.050311 0.0438015 0.0373455 0.031089 0.0251557 0.0196656 0.0147432 0.0105097 0.007059 0.00442643
 0.00788857 0.0128844 0.0195199 0.0277683 0.0373645 0.0476484 0.0575363 0.0657898 0.0714623 0.0741956 0.0741783 0.0718948 0.0678988 0.0627044 0.0567509 0.0503904 0.0438865 0.0374306 0.0311668 0.0252184 0.0197073 0.0147616 0.0105074 0.00704232 0.00440343
 0.00790604 0.0129071 0.0195432 0.0277839 0.0373621 0.0476187 0.0574744 0.0656975 0.0713491 0.074077 0.0740727 0.0718188 0.0678624 0.0627092 0.0567913 0.0504569 0.0439687 0.0375188 0.0312525 0.0252938 0.019766 0.0148003 0.0105264 0.00704577 0.00439735
 0.00789303 0.0128894 0.0195226 0.0277636 0.0373444 0.0476026 0.0574548 0.065666 0.0712981 0.0740048 0.0739859 0.0717314 0.0677916 0.0626695 0.0567904 0.0504939 0.044036 0.0376049 0.031345 0.0253816 0.0198406 0.0148566 0.0105632 0.00706544 0.00440467
 0.00790297 0.0128984 0.0195232 0.0277455 0.0372982 0.0475254 0.0573533 0.0655553 0.0711955 0.073922 0.0739261 0.0716916 0.0677681 0.0626623 0.0568033 0.0505311 0.0440985 0.0376883 0.0314405 0.0254783 0.0199282 0.0149279 0.0106149 0.0070985 0.00442282
 0.00786646 0.0128414 0.0194416 0.0276365 0.0371603 0.0473588 0.0571616 0.0653478 0.0709889 0.0737392 0.0737913 0.0716232 0.0677728 0.0627341 0.0569277 0.0506915 0.0442799 0.0378788 0.0316293 0.025655 0.0200834 0.0150544 0.0107099 0.00716338 0.00446285
 0.00785564 0.01282 0.0194028 0.0275717 0.0370623 0.0472248 0.0569964 0.0651635 0.0708018 0.0735657 0.073646 0.0715186 0.0677194 0.0627387 0.056991 0.0508064 0.0444335 0.038055 0.0318124 0.0258313 0.0202415 0.0151863 0.0108114 0.00723504 0.00450875
 0.00783557 0.0127886 0.0193574 0.0275102 0.0369826 0.0471249 0.0568751 0.0650223 0.0706464 0.0734073 0.0734993 0.0713995 0.0676416 0.0627115 0.0570182 0.0508862 0.0445585 0.0382129 0.0319878 0.0260079 0.0204049 0.0153257 0.010921 0.00731394 0.00456051
 0.00778527 0.0127067 0.0192344 0.0273385 0.0367591 0.0468552 0.0565761 0.0647209 0.0703738 0.0731902 0.0733546 0.0713336 0.0676528 0.0627938 0.0571628 0.0510827 0.0447941 0.0384728 0.0322554 0.0262661 0.0206381 0.0155219 0.0110742 0.0074241 0.00463302
 0.00777856 0.0126894 0.0191966 0.0272668 0.0366401 0.0466805 0.0563473 0.0644523 0.0700899 0.0729213 0.0731301 0.0711763 0.0675762 0.0628004 0.0572465 0.0512313 0.0449928 0.0387051 0.0325038 0.0265127 0.0208662 0.0157182 0.0112302 0.00753821 0.00470927
 0.00774656 0.0126409 0.0191298 0.0271813 0.0365355 0.0465549 0.0561972 0.0642748 0.0698872 0.0727035 0.0729167 0.0709926 0.067447 0.0627442 0.0572712 0.0513334 0.0451598 0.038919 0.0327439 0.0267583 0.021098 0.0159207 0.0113935 0.00765909 0.00479098
 0.00934061 0.0148711 0.0218191 0.0299429 0.0388861 0.048095 0.0567527 0.0639214 0.0688637 0.0712887 0.0713408 0.0694099 0.0659493 0.0613846 0.0560812 0.0503298 0.0443462 0.0382871 0.0322757 0.0264295 0.020881 0.0157877 0.0113191 0.0076218 0.00477479
 0.00930222 0.0151042 0.0226911 0.0319108 0.0422976 0.0529195 0.0624113 0.0693827 0.0730123 0.0733674 0.0712003 0.0674472 0.0628329 0.0577685 0.0524444 0.0469543 0.0413674 0.0357538 0.030191 0.0247716 0.0196126 0.01486 0.0106755 0.00720189 0.00451936
 0.00899621 0.0146186 0.0220041 0.0310669 0.0414624 0.0524176 0.0626885 0.0708451 0.0757805 0.0770936 0.075112 0.0706415 0.0646541 0.0580356 0.0514189 0.0451263 0.0392261 0.0336559 0.0283383 0.0232474 0.0184281 0.0139879 0.010069 0.00680617 0.0042789
 0.00879175 0.0142854 0.0215015 0.0303593 0.0405331 0.0512965 0.0614893 0.0697934 0.0751998 0.0773174 0.0763336 0.0727685 0.0672736 0.0605468 0.0532765 0.0460496 0.0392554 0.0330538 0.0274299 0.022298 0.0175974 0.0133408 0.00960858 0.00650402 0.00409585
 0.00872936 0.0141717 0.0213072 0.0300486 0.0400709 0.0506608 0.060687 0.068874 0.0742659 0.0765289 0.0758935 0.0728745 0.0680328 0.0618914 0.0549435 0.0476628 0.0404761 0.0337107 0.0275526 0.022053 0.017185 0.0129182 0.00926177 0.00625849 0.0039413
 0.00870996 0.0141392 0.0212557 0.029969 0.0399493 0.0504777 0.0604191 0.0685011 0.0737826 0.0759604 0.0753082 0.0723863 0.0677825 0.0620011 0.0554563 0.0484991 0.0414449 0.0345815 0.0281518 0.0223246 0.0171859 0.0127623 0.009059 0.00607937 0.00381325
 0.00867971 0.0140901 0.0211821 0.029866 0.0398137 0.0503092 0.0602204 0.0682762 0.0735338 0.075687 0.0750119 0.0720831 0.0675145 0.061838 0.0554759 0.0487506 0.041912 0.0351729 0.0287327 0.0227749 0.0174478 0.0128502 0.00903288 0.0060057 0.00373863
 0.00868413 0.0140962 0.021189 0.0298715 0.0398143 0.0502996 0.0601943 0.0682268 0.073455 0.0755744 0.0748635 0.0719009 0.0673087 0.0616329 0.0553125 0.0486789 0.0419702 0.035364 0.0290137 0.0230717 0.0176887 0.0129966 0.00908757 0.00599897 0.00370588
 0.00867841 0.0140899 0.0211848 0.0298736 0.0398265 0.0503231 0.0602258 0.0682584 0.0734755 0.0755724 0.07483 0.0718311 0.0672033 0.0615 0.0551698 0.0485539 0.0418952 0.0353637 0.0290918 0.0232049 0.0178357 0.0131178 0.00916175 0.00602772 0.00370491
 0.00865723 0.0140543 0.0211295 0.029794 0.0397214 0.0501977 0.060093 0.0681372 0.0733851 0.0755248 0.0748256 0.0718591 0.0672473 0.0615439 0.0552042 0.0485793 0.041922 0.0354076 0.0291651 0.0233078 0.0179542 0.0132298 0.00924842 0.00608153 0.00373012
 0.00866242 0.0140623 0.0211406 0.0298075 0.0397347 0.0502062 0.0600906 0.0681181 0.0733474 0.0754725 0.0747682 0.0718075 0.0672085 0.061519 0.0551885 0.0485677 0.041913 0.0354054 0.029177 0.023339 0.0180028 0.0132863 0.00930074 0.00612053 0.00375328
 0.00864471 0.0140375 0.0211104 0.0297761 0.0397074 0.0501874 0.0600817 0.0681174 0.0733502 0.0754731 0.0747623 0.0717945 0.0671916 0.0615031 0.0551784 0.0485651 0.0419173 0.0354158 0.0291942 0.0233644 0.0180365 0.0133252 0.00933876 0.00615188 0.00377487
 0.00862683 0.0140086 0.0210678 0.029718 0.0396346 0.0501044 0.0599979 0.0680451 0.0733009 0.0754534 0.0747713 0.0718248 0.0672332 0.0615478 0.0552216 0.0486058 0.0419564 0.0354544 0.029233 0.0234038 0.0180762 0.0133639 0.00937391 0.00618065 0.0037956
 0.0086344 0.0140171 0.0210733 0.0297147 0.0396159 0.0500657 0.059939 0.0679712 0.0732221 0.0753818 0.0747182 0.0717972 0.0672326 0.0615695 0.055258 0.0486488 0.0420004 0.0354967 0.0292729 0.0234415 0.0181119 0.0133969 0.00940294 0.00620425 0.00381293
 0.00863187 0.0140149 0.0210733 0.0297191 0.0396257 0.050079 0.05995 0.0679716 0.0732045 0.0753441 0.074665 0.0717392 0.0671818 0.0615357 0.0552452 0.0486554 0.0420211 0.0355252 0.0293042 0.0234727 0.0181413 0.0134236 0.00942603 0.00622293 0.00382675
 0.00863187 0.0140149 0.0210733 0.0297191 0.0396257 0.050079 0.05995 0.0679716 0.0732045 0.0753441 0.074665 0.0717392 0.0671818 0.0615357 0.0552452 0.0486554 0.0420211 0.0355252 0.0293042 0.0234727 0.0181413 0.0134236 0.00942603 0.00622293 0.00382675
 0.00854265 0.013875 0.0208732 0.0294552 0.0393036 0.049716 0.0595769 0.0676295 0.0729359 0.0751801 0.0746184 0.0718038 0.067339 0.0617613 0.0555149 0.0489471 0.0423149 0.0358043 0.0295557 0.0236881 0.0183168 0.0135594 0.00952566 0.00629168 0.00387101
 0.00827436 0.0134432 0.0202336 0.0285756 0.0381772 0.0483799 0.0581259 0.0662128 0.0717278 0.0743361 0.0742362 0.0719062 0.0678791 0.0626433 0.0566193 0.0501546 0.0435231 0.0369356 0.0305581 0.0245326 0.0189935 0.0140735 0.00989404 0.00653897 0.00402536
 0.00877509 0.0142061 0.0212827 0.0298886 0.03968 0.0499449 0.059578 0.0673517 0.072374 0.0743873 0.0737027 0.0709053 0.0665934 0.0612652 0.0553063 0.0490072 0.0425846 0.036206 0.0300126 0.0241373 0.0187152 0.0138839 0.00976979 0.00646163 0.00398018
 0.00866108 0.0140913 0.0212385 0.0300207 0.0400944 0.0506967 0.0606289 0.0685642 0.0735478 0.0753189 0.0742412 0.0709848 0.0662391 0.0605771 0.0544269 0.0480823 0.0417306 0.0354925 0.029463 0.0237415 0.0184457 0.013709 0.00966151 0.00639777 0.00394457
 0.00870981 0.0141441 0.0212739 0.0300144 0.0400413 0.050636 0.0606516 0.0687854 0.0740478 0.0760848 0.0751481 0.0718359 0.0668405 0.060808 0.0542716 0.0476178 0.0410857 0.0348006 0.0288272 0.02322 0.0180552 0.0134384 0.00948629 0.00629142 0.00388412
 0.00880708 0.0143066 0.0215238 0.0303681 0.0404979 0.051166 0.0611955 0.0692725 0.0744297 0.0763619 0.075363 0.0720325 0.0670198 0.0609145 0.0542232 0.0473563 0.0406124 0.0341778 0.0281506 0.0225822 0.0175194 0.0130306 0.00920241 0.00610947 0.00377651
 0.00881181 0.0143167 0.0215443 0.0304075 0.0405688 0.0512833 0.0613722 0.0695112 0.074716 0.0766649 0.0756474 0.0722747 0.0672145 0.0610646 0.054321 0.0473746 0.0405177 0.0339553 0.0278209 0.0221967 0.0171395 0.0127052 0.00895561 0.00594179 0.0036737
 0.00864467 0.0140532 0.0211644 0.0299023 0.0399468 0.0505787 0.0606503 0.0688644 0.074245 0.07645 0.0757244 0.0726264 0.0677806 0.0617625 0.0550654 0.0480894 0.0411401 0.0344399 0.0281469 0.0223725 0.0171991 0.0126943 0.00891566 0.00590026 0.00364273
 0.00876822 0.0142258 0.0213714 0.0301103 0.0401114 0.0506567 0.0606129 0.068705 0.073982 0.0761255 0.0753969 0.0723575 0.0676188 0.0617292 0.0551507 0.0482578 0.0413429 0.0346286 0.0282839 0.0224396 0.0171996 0.0126479 0.00884892 0.00583561 0.00359275
 0.0090085 0.0146182 0.0219615 0.030932 0.0411672 0.0518951 0.0619126 0.0698877 0.0748579 0.0765536 0.0753287 0.0718444 0.066784 0.0607255 0.0541195 0.0473024 0.0405184 0.033947 0.0277298 0.0219877 0.0168283 0.0123455 0.00861108 0.00565995 0.00347347
 0.00885418 0.0143995 0.0216939 0.0306554 0.0409417 0.0517883 0.0619837 0.0701683 0.0753348 0.0771593 0.0759527 0.0723649 0.06711 0.0608253 0.0540234 0.04708 0.0402464 0.0336842 0.0275057 0.0218071 0.0166831 0.0122263 0.00851299 0.00558234 0.00341664
#pred catch len freq
 0.00309431 0.00505851 0.00769901 0.0110806 0.0152512 0.0201865 0.0257311 0.0316005 0.0374443 0.0429206 0.047744 0.0517185 0.054761 0.0569003 0.0582482 0.0589642 0.0592311 0.0592216 0.0590195 0.058488 0.0571645 0.0543236 0.0492988 0.0419419 0.0329081
 0.00335035 0.00540327 0.00808776 0.0114326 0.0154787 0.0202362 0.0256124 0.0313778 0.0371977 0.0427012 0.0475561 0.0515383 0.0545756 0.0567382 0.0581809 0.0590755 0.0595687 0.059754 0.0596218 0.0589733 0.0573537 0.0541241 0.048747 0.0411843 0.0321304
 0.00343015 0.00557626 0.00842178 0.012001 0.0163224 0.0213162 0.0267855 0.0324273 0.0379174 0.0429834 0.0474264 0.0511173 0.0540049 0.0561281 0.057604 0.0585875 0.0592177 0.0595611 0.0595499 0.0589174 0.0571752 0.0537178 0.0481002 0.040386 0.0313249
 0.0035478 0.0057541 0.00867043 0.012337 0.0167828 0.0219675 0.0277092 0.0336712 0.0394315 0.0445863 0.0488424 0.05208 0.0543665 0.0559052 0.0569412 0.0576781 0.058234 0.0586177 0.0586907 0.0581178 0.0563656 0.0528305 0.04712 0.0393711 0.0303814
 0.0036818 0.00597534 0.00900867 0.0128198 0.0174285 0.0227786 0.0286715 0.034764 0.0406411 0.0459023 0.0502261 0.0534236 0.0554864 0.056595 0.0570595 0.0572113 0.0572938 0.0573797 0.0573191 0.0567165 0.0549738 0.0514547 0.0457779 0.038117 0.0292941
 0.00392315 0.00635015 0.00954164 0.0135264 0.0183177 0.0238545 0.0299277 0.0361743 0.0421522 0.0474385 0.0517028 0.0547596 0.0566011 0.0573941 0.0574311 0.0570528 0.0565593 0.0561136 0.055646 0.0547966 0.0529569 0.0494621 0.0439106 0.0364672 0.0279398
 0.00411838 0.00668044 0.0100622 0.0142954 0.0193831 0.0252336 0.0315893 0.0380357 0.0440961 0.0493396 0.0534488 0.0562587 0.0577801 0.0581913 0.0577875 0.0569072 0.0558579 0.0548365 0.0538363 0.0525712 0.0504894 0.0469508 0.041547 0.0344101 0.0262933
 0.00434803 0.00704722 0.0106048 0.015053 0.0203971 0.0265443 0.0332231 0.0399834 0.0462911 0.05165 0.0556933 0.0582439 0.0593428 0.0592241 0.0582369 0.0567523 0.0550896 0.0534547 0.0518701 0.050107 0.0476882 0.0440366 0.0387679 0.0319853 0.0243655
 0.00457101 0.00740827 0.0111462 0.0158155 0.021415 0.0278388 0.0347928 0.0417994 0.0482988 0.0537717 0.0578264 0.0602578 0.0610842 0.0605372 0.0589905 0.0568594 0.0545099 0.0521877 0.0499535 0.04763 0.0448097 0.0409875 0.0358198 0.0293914 0.0222977
