SBPRF35
9.53875
Curr Bio
618752
B35
727289
F35
0.194918
FOFL
0.169107
OFL
85757.6
Bzero
2.72536e+006
#pred survey bio
 4.36856e+006 4.15261e+006 3.94256e+006 3.69748e+006 3.41208e+006 3.08118e+006 2.7799e+006 2.48578e+006 2.19885e+006 1.93299e+006 1.68609e+006 1.50793e+006 1.31364e+006 1.17312e+006 1.03697e+006 922541 820720 752435 711320 664050 636211 616554 596761 586938 574992 572895 570760 555759 553246 551697 548685 558532 555270 554273 548962 537238 534047 527572 529162 536230 537457 545316 557019 561718 564448 571462 568785 581666 590730 594444 597394 580027 584946 580661 559011 532617 506794 523200 511645 540911 580830 623844 2.24224e+007 1.34676e+007 1.37326e+007 1.44911e+007 1.55388e+007 1.66568e+007 1.76995e+007 1.85951e+007 1.93238e+007 1.98952e+007 2.03323e+007 2.06611e+007 2.09059e+007 2.10871e+007 2.12209e+007 2.13197e+007 2.1393e+007 2.14474e+007 2.14881e+007 2.15187e+007 2.15417e+007 2.15593e+007 2.15727e+007 2.15829e+007 2.15909e+007 2.1597e+007 2.16017e+007 2.16054e+007 2.16083e+007 2.16106e+007 2.16123e+007 2.16137e+007 2.16148e+007 2.16157e+007 2.16164e+007 2.16169e+007 2.16173e+007 2.16176e+007 2.16179e+007 2.16181e+007 2.16183e+007 2.16184e+007 2.16185e+007 2.16186e+007 2.16187e+007 2.16187e+007 2.16188e+007 2.16188e+007 2.16188e+007 2.16189e+007 2.16189e+007 2.16189e+007 2.16189e+007 2.16189e+007 2.16189e+007 2.16189e+007 2.16189e+007 2.16189e+007 2.16189e+007 2.16189e+007 2.16189e+007 2.16189e+007 2.16189e+007 2.16189e+007 2.16189e+007 2.16189e+007 2.16189e+007 2.16189e+007 2.16189e+007 2.16189e+007 2.16189e+007 2.16189e+007 2.16189e+007 2.16189e+007 2.16189e+007 2.16189e+007 2.16189e+007 2.16189e+007 2.16189e+007 2.16189e+007 2.16189e+007 2.16189e+007 2.16189e+007 2.16189e+007 2.16189e+007 2.16189e+007 2.16189e+007 2.16189e+007 2.16189e+007 2.16189e+007 2.16189e+007 2.16189e+007 2.16189e+007 2.16189e+007 2.16189e+007 2.16189e+007 2.16189e+007 2.16189e+007 2.16189e+007 2.16189e+007 0 0 0 0 0 0 0 0 0 0 0 0 0 0 0 0 0 0 0 0 0 0 0 0 0
#obs survey bio
 3.03823e+006 4.56761e+006 2.76839e+006 3.58242e+006 3.59798e+006 3.04937e+006 2.69219e+006 2.58018e+006 1.75914e+006 1.86638e+006 1.88677e+006 1.37448e+006 911850 759278 727481 736028 658532 866015 566445 698317 466866 638944 588428 648924 621677 439812 401880 629591 412634 709662 617672 484989 513845 708598 763764 470920 740889 563972 639795 399460 551209 810060 427297 745759 425282 549119 505243 824471 521442 595041 487984 594978 664681 801180 562893 391146 527458 562181 533482 443249 521048 693549
#pred catch bio
 102684 105426 151721 208153 273816 272738 291380 308026 309184 308583 260021 283628 242632 242497 223824 210677 178402 151918 153401 133568 124890 123422 113553 114055 104844 104347 113262 100480 98242.6 97905.2 86390.2 96956.6 93132.8 93643 95195.2 86321.3 90969.5 87196.4 84933.9 90587.8 84736.3 81549.1 87628.1 89162.8 85972.6 95024.5 83066.1 87751.1 93193 94617 111724 92642.4 100020 112428 113677 111044 75514.5 99841.4 67119 62214.5 62750.6 84611.6 85757.6 97530.1 98198.7 102279 109092 116661 123702 129644 134355 137928 140551 142431 143752 144668 145295 145721 146008 146200 146328 146413 146469 146507 146531 146547 146558 146565 146569 146572 146574 146575 146576 146577 146577 146577 146578 146578 146578 146578 146578 146578 146578 146578 146578 146578 146578 146578 146578 146578 146578 146578 146578 146578 146578 146578 146578 146578 146578 146578 146578 146578 146578 146578 146578 146578 146578 146578 146578 146578 146578 146578 146578 146578 146578 146578 146578 146578 146578 146578 146578 146578 146578 146578 146578 146578 146578 146578 146578 146578 146578 146578 146578 146578 146578 146578 146578 146578 146578 146578 146578 146578 0 0 0 0 0 0 0 0 0 0 0 0 0 0 0 0 0 0 0 0 0 0 0 0 0
#obs catch bio
 0 105138 151850 208819 275709 274398 294159 311562 312635 313379 262489 288219 246219 248225 228788 214828 181741 153604 155463 134454 126308 125083 114905 115545 105890 105911 115455 101267 99277.7 98875.8 86575.5 98195.5 94430 94329.4 95824.9 86659.1 90897.8 86775.1 84471.6 90422.1 84383.7 80722.3 87081.8 88409.4 85114.4 94315.5 82763.4 87221.8 92601.8 93907.5 111522 92218 99591.2 111725 112564 110301 74384.1 99197.3 66581.5 62071.8 62629.6 84785
#pred cpue bio
 4.30269e+006 4.0903e+006 3.88274e+006 3.63853e+006 3.35425e+006 3.02505e+006 2.72518e+006 2.43266e+006 2.14762e+006 1.88368e+006 1.63889e+006 1.46215e+006 1.26999e+006 1.1308e+006 996536 884186 784618 718151 678487 632887 605897 586717 567517 558095 546651 544685 542740 528571 526506 525297 522702 532408 529380 528930 524656 514009 510639 503126 503722 510502 512036 520058 531648 536248 538921 545618 542724 555043 563852 567390 570095 553042 557772 553947 533261 507590 482283 498116 486912 515043 553759 595979 2.14673e+007 1.29128e+007 1.30673e+007 1.36828e+007 1.46764e+007 1.57808e+007 1.68207e+007 1.77157e+007 1.84442e+007 1.90157e+007 1.94527e+007 1.97815e+007 2.00263e+007 2.02075e+007 2.03413e+007 2.04402e+007 2.05134e+007 2.05679e+007 2.06085e+007 2.06391e+007 2.06622e+007 2.06797e+007 2.06931e+007 2.07034e+007 2.07113e+007 2.07174e+007 2.07222e+007 2.07259e+007 2.07287e+007 2.0731e+007 2.07328e+007 2.07342e+007 2.07352e+007 2.07361e+007 2.07368e+007 2.07373e+007 2.07378e+007 2.07381e+007 2.07384e+007 2.07386e+007 2.07387e+007 2.07389e+007 2.0739e+007 2.07391e+007 2.07391e+007 2.07392e+007 2.07392e+007 2.07392e+007 2.07393e+007 2.07393e+007 2.07393e+007 2.07393e+007 2.07393e+007 2.07393e+007 2.07393e+007 2.07394e+007 2.07394e+007 2.07394e+007 2.07394e+007 2.07394e+007 2.07394e+007 2.07394e+007 2.07394e+007 2.07394e+007 2.07394e+007 2.07394e+007 2.07394e+007 2.07394e+007 2.07394e+007 2.07394e+007 2.07394e+007 2.07394e+007 2.07394e+007 2.07394e+007 2.07394e+007 2.07394e+007 2.07394e+007 2.07394e+007 2.07394e+007 2.07394e+007 2.07394e+007 2.07394e+007 2.07394e+007 2.07394e+007 2.07394e+007 2.07394e+007 2.07394e+007 2.07394e+007 2.07394e+007 2.07394e+007 2.07394e+007 2.07394e+007 2.07394e+007 2.07394e+007 2.07394e+007 2.07394e+007 2.07394e+007 2.07394e+007 2.07394e+007 2.07394e+007 0 0 0 0 0 0 0 0 0 0 0 0 0 0 0 0 0 0 0 0 0 0 0 0 0
#obs cpue bio
 4.20261e+006 5.78141e+006 4.07403e+006 2.14873e+006 2.67888e+006 2.29014e+006 2.03752e+006 2.04243e+006 2.59921e+006 1.4134e+006 1.44394e+006 1.29112e+006 1.25516e+006 961641 1.11936e+006 1.05233e+006 695102 667101 740458 669591 514649 442761 460825 428522 451321 405201 581072 652030 510522 397694 577341 317182 377507 608998 394150 556103 619830 638345 454259 610288 594489 638692 594576 548458 850638 615498 396452 583276 724134 607374 608721 527154 569551 519736 714297 755096 746795 473412 434602 449830 501537 567548
#pred surv len freq
 0.00426626 0.00703228 0.0107824 0.015565 0.0213031 0.0276992 0.0342154 0.0402168 0.0452104 0.0490004 0.0516643 0.05342 0.054506 0.0551213 0.0554051 0.055437 0.0552491 0.0548332 0.0541148 0.0528888 0.0507714 0.0472661 0.0419993 0.035029 0.0270032
 0.00452403 0.00735765 0.0111032 0.0157671 0.0212754 0.0273967 0.0336998 0.0396401 0.0447431 0.0487474 0.0516216 0.0534959 0.0545865 0.055136 0.0553609 0.0554072 0.0553282 0.0550804 0.0545121 0.0533373 0.0511314 0.0474228 0.0419163 0.0347587 0.0266503
 0.00472414 0.00770809 0.0116691 0.0166036 0.0223901 0.0287066 0.0350161 0.0407127 0.0453605 0.0488353 0.0512692 0.0528903 0.0539047 0.0544735 0.0547338 0.0548044 0.0547592 0.0545801 0.0541089 0.0530165 0.0508311 0.047068 0.0414675 0.0342384 0.0261282
 0.00488489 0.00797458 0.0120824 0.0172118 0.0232447 0.0298496 0.0364529 0.0423786 0.0470989 0.0504115 0.0524333 0.0534658 0.0538549 0.0538993 0.0538085 0.0536953 0.053585 0.0534126 0.0529891 0.0519628 0.049839 0.0461208 0.0405595 0.0333925 0.0253917
 0.00507575 0.00828454 0.0125488 0.0178709 0.0241274 0.0309744 0.0378173 0.0439532 0.0488232 0.0521875 0.0541174 0.0548725 0.0547894 0.0542166 0.0534678 0.0527724 0.0522352 0.0518104 0.0512817 0.0502528 0.0481908 0.0445779 0.039161 0.0321819 0.0244095
 0.00533413 0.00870073 0.0131681 0.0187329 0.0252596 0.0323808 0.0394681 0.0457814 0.0507353 0.0540807 0.0558899 0.0564205 0.0559956 0.0549501 0.0536066 0.052245 0.0510559 0.0500843 0.0491753 0.0479499 0.0458597 0.0423592 0.0371688 0.0305028 0.0230948
 0.00556227 0.00907544 0.0137392 0.0195494 0.0263603 0.0337799 0.0411397 0.0476549 0.0527055 0.0560298 0.0577066 0.0580087 0.0572706 0.0558285 0.0539988 0.0520626 0.0502373 0.0486288 0.0471643 0.0455419 0.0432618 0.0397892 0.0348213 0.028523 0.0215602
 0.00580168 0.00946479 0.0143259 0.020379 0.0274695 0.0351847 0.0428216 0.0495528 0.0547219 0.0580453 0.0595985 0.0596648 0.0585969 0.0567486 0.0544475 0.051978 0.049563 0.0473321 0.0452667 0.043145 0.0405504 0.0370049 0.0322135 0.0262949 0.019828
 0.00607872 0.009912 0.0149932 0.021311 0.0286977 0.0367156 0.0446229 0.0515493 0.0568044 0.060091 0.0614886 0.0612947 0.0598797 0.0576141 0.0548393 0.0518486 0.0488709 0.0460481 0.043395 0.040753 0.0377907 0.0341085 0.0294477 0.0238975 0.0179481
 0.0063392 0.0103407 0.015648 0.0222485 0.0299616 0.0383179 0.0465266 0.0536622 0.0589941 0.0622118 0.0634072 0.0629039 0.0611006 0.0583916 0.055135 0.0516329 0.048118 0.0447391 0.0415332 0.0383916 0.0350587 0.0312165 0.0266557 0.0214516 0.0160139
 0.00666052 0.0108522 0.0163981 0.0232767 0.0312931 0.0399551 0.0484364 0.0557685 0.0611813 0.0643411 0.0653368 0.064508 0.0622826 0.0590896 0.0553178 0.0512898 0.0472474 0.0433438 0.0396299 0.0360332 0.0323616 0.0283712 0.0239042 0.0190311 0.01409
 0.00689164 0.0112274 0.0169614 0.0240684 0.0323416 0.0412651 0.0499777 0.0574736 0.0629571 0.0660872 0.0669592 0.0659219 0.0634104 0.0598606 0.0556727 0.0511853 0.0466579 0.0422616 0.038069 0.0340435 0.0300475 0.0259007 0.0214919 0.0168908 0.0123759
 0.0072496 0.0117995 0.0178036 0.0252243 0.0338328 0.0430765 0.052042 0.0596688 0.0651238 0.0680613 0.068604 0.0671464 0.06417 0.0601466 0.0554963 0.0505635 0.045606 0.0407946 0.0362119 0.0318484 0.0276125 0.0233789 0.0190764 0.0147722 0.0106903
 0.00740923 0.0120788 0.0182602 0.0259238 0.0348336 0.0444059 0.0536738 0.0615161 0.0670536 0.0699221 0.0702534 0.0684687 0.0650851 0.0606123 0.0555041 0.0501285 0.0447549 0.039558 0.0346262 0.0299681 0.0255267 0.0212204 0.0170098 0.0129596 0.009247
 0.00757145 0.0123487 0.0186792 0.0265367 0.0356832 0.0455211 0.0550544 0.0631203 0.0687951 0.0716783 0.0718818 0.0698297 0.0660645 0.0611377 0.0555496 0.0497077 0.0439073 0.038336 0.0330893 0.0281866 0.0235928 0.0192549 0.0151537 0.0113477 0.0079723
 0.00772316 0.0125946 0.0190479 0.0270558 0.0363747 0.0463956 0.0561037 0.0643134 0.0700803 0.0729885 0.0731395 0.0709493 0.0669576 0.0617224 0.0557639 0.0495203 0.0433211 0.037384 0.0318277 0.0266906 0.0219571 0.0175934 0.0135909 0.00999654 0.006908
 0.00783732 0.0127909 0.019363 0.0275289 0.0370384 0.0472605 0.0571451 0.0654699 0.071267 0.0741186 0.0741409 0.0717704 0.0675623 0.0620821 0.0558525 0.0493159 0.0428128 0.0365797 0.0307595 0.0254173 0.0205622 0.0161798 0.0122677 0.00885955 0.00601771
 0.00790017 0.0128826 0.0194831 0.0276747 0.0372111 0.0474729 0.0574243 0.0658491 0.0717695 0.0747413 0.0748483 0.0725018 0.0682474 0.0626559 0.0562615 0.0495187 0.0427794 0.0362942 0.0302268 0.0246694 0.0196606 0.0152101 0.0113258 0.0080313 0.00536001
 0.00792903 0.0129192 0.0195189 0.027695 0.0371992 0.0474172 0.0573267 0.065731 0.071673 0.0747221 0.0749604 0.0727776 0.0686816 0.0632017 0.0568422 0.050047 0.0431755 0.036499 0.0302093 0.0244313 0.0192374 0.0146663 0.0107424 0.00748651 0.00491063
 0.00814789 0.013247 0.019959 0.0282295 0.0377905 0.0480136 0.0578679 0.0661561 0.0719326 0.0747944 0.0748616 0.0725603 0.0684178 0.0629584 0.0566586 0.0499235 0.0430788 0.036378 0.0300152 0.0241349 0.0188397 0.0141984 0.0102562 0.00703788 0.00454237
 0.00827271 0.013445 0.0202466 0.0286153 0.0382697 0.0485613 0.0584352 0.0666746 0.0723303 0.0750166 0.0748878 0.072408 0.0681358 0.0626114 0.05631 0.0496187 0.0428339 0.0361784 0.0298263 0.0239196 0.0185762 0.0138898 0.00992818 0.00672724 0.00428147
 0.00827224 0.0134582 0.0202924 0.0287198 0.0384597 0.048853 0.0588237 0.0671294 0.0727992 0.0754369 0.0752004 0.0725711 0.0681354 0.0624643 0.0560586 0.0493169 0.0425301 0.0359018 0.0295818 0.023694 0.0183513 0.0136563 0.00969217 0.00650633 0.00409508
 0.00831611 0.0135208 0.0203713 0.0288101 0.0385585 0.0489657 0.058966 0.0673216 0.0730538 0.0757456 0.0755293 0.0728677 0.0683446 0.0625473 0.0560042 0.0491438 0.0422777 0.0356147 0.0292957 0.0234276 0.0181085 0.0134347 0.00949119 0.00633092 0.00395254
 0.00830392 0.0135018 0.0203442 0.0287734 0.0385108 0.0489061 0.0588961 0.0672496 0.0729974 0.0757312 0.0755833 0.0730034 0.068551 0.0627882 0.0562304 0.0493112 0.0423626 0.0356182 0.0292363 0.0233297 0.0179925 0.0133139 0.00937455 0.00622557 0.00386477
 0.00838478 0.0136175 0.0204889 0.0289318 0.0386618 0.0490299 0.0589794 0.0672871 0.0729908 0.0756876 0.075516 0.0729314 0.0684949 0.0627624 0.0562354 0.0493319 0.042375 0.0356013 0.029181 0.0232406 0.0178827 0.0131987 0.00926607 0.00613218 0.00379089
 0.00832827 0.0135408 0.0204011 0.0288489 0.0386005 0.048998 0.0589706 0.0672835 0.0729737 0.0756493 0.0754642 0.0728856 0.0684773 0.0627889 0.0563106 0.0494474 0.0425117 0.0357345 0.0292881 0.023308 0.0179087 0.0131912 0.0092378 0.00609569 0.00375573
 0.00814175 0.0132678 0.0200471 0.0284408 0.0381817 0.0486183 0.0586758 0.0671067 0.0729283 0.0757254 0.0756319 0.0731066 0.0687192 0.0630341 0.0565547 0.0496918 0.0427547 0.0359672 0.0294962 0.0234773 0.018031 0.0132669 0.00927514 0.00610682 0.00375264
 0.00819987 0.0133329 0.0200922 0.0284266 0.038072 0.0484017 0.0583809 0.0667977 0.0726805 0.0755941 0.075632 0.0732134 0.0688854 0.0632122 0.0567135 0.0498206 0.0428577 0.0360536 0.0295718 0.0235417 0.0180803 0.0132979 0.00928859 0.00610712 0.00374582
 0.00817154 0.0132901 0.0200321 0.0283446 0.0379575 0.0482359 0.0581405 0.0664679 0.0722734 0.0751596 0.0752503 0.0729669 0.0688256 0.0633408 0.0569873 0.0501753 0.0432328 0.0364069 0.0298808 0.0237974 0.0182808 0.0134454 0.00938868 0.00616861 0.00377932
 0.00809678 0.0131772 0.0198786 0.0281543 0.03774 0.0480038 0.0579061 0.0662401 0.0720548 0.0749484 0.0750485 0.0727901 0.0687063 0.0633182 0.0570882 0.050398 0.0435463 0.0367635 0.0302335 0.0241119 0.0185385 0.0136412 0.00952637 0.0062577 0.00383181
 0.0082256 0.0133455 0.0200565 0.0282902 0.0377766 0.047903 0.0576679 0.0659035 0.0716802 0.0745926 0.0747471 0.0725552 0.0685371 0.063214 0.0570555 0.0504469 0.0436793 0.0369677 0.0304804 0.0243665 0.0187701 0.0138304 0.00966646 0.00635204 0.00388951
 0.00808417 0.0131542 0.0198378 0.0280827 0.0376168 0.0478003 0.0575917 0.0657954 0.0714881 0.0743063 0.0744091 0.0722413 0.0683196 0.0631344 0.0571183 0.0506313 0.0439552 0.0373036 0.0308451 0.0247281 0.019099 0.0141044 0.00987514 0.00649693 0.00398101
 0.00785746 0.0128233 0.0194117 0.027599 0.0371368 0.0473969 0.0573317 0.0657206 0.0715975 0.0745484 0.0746972 0.0724891 0.068479 0.0632099 0.057153 0.0506773 0.0440484 0.0374554 0.031046 0.0249564 0.0193284 0.0143112 0.0100431 0.00661998 0.00406218
 0.00759379 0.0124069 0.0188103 0.0267982 0.0361516 0.0462846 0.0562005 0.0647191 0.0708798 0.0742253 0.0747982 0.072955 0.0691884 0.0640256 0.0579652 0.0514257 0.0447184 0.0380569 0.0315911 0.0254475 0.0197582 0.0146684 0.0103204 0.00681868 0.00419238
 0.00754936 0.0123041 0.0185998 0.0264167 0.0355397 0.045415 0.0551041 0.0634944 0.0696771 0.0732136 0.0741252 0.0727123 0.0693898 0.0646064 0.0588047 0.0523864 0.0456839 0.0389524 0.0323821 0.0261246 0.0203214 0.0151196 0.0106634 0.00706225 0.0043519
 0.00813135 0.0131258 0.0196037 0.0274652 0.0364451 0.0459945 0.0552293 0.0631176 0.0688355 0.0720202 0.0727515 0.0713579 0.0682412 0.0637945 0.0583789 0.0523144 0.0458765 0.0393009 0.0327908 0.0265273 0.020681 0.0154191 0.0108976 0.00723312 0.00446693
 0.00861162 0.0138975 0.02074 0.0290053 0.0383603 0.0481479 0.057358 0.0648687 0.0698658 0.0721173 0.0719092 0.0697681 0.0662155 0.0616659 0.0564232 0.0507067 0.0446836 0.0385004 0.0323066 0.0262669 0.0205619 0.0153805 0.0108996 0.00725145 0.00448798
 0.00859903 0.0139575 0.0209787 0.0295704 0.0394015 0.0497519 0.0594849 0.0673234 0.0723221 0.0741877 0.0732402 0.070134 0.0655813 0.0601933 0.0544134 0.0485062 0.0425919 0.0367138 0.0309073 0.0252472 0.0198627 0.0149261 0.0106191 0.00708776 0.00439849
 0.00833884 0.0135699 0.0204672 0.0289777 0.0388184 0.0493194 0.0593804 0.0677196 0.0733182 0.0757398 0.0751336 0.0720252 0.0671012 0.0610657 0.0545367 0.0479667 0.0416102 0.0355551 0.0297983 0.0243278 0.0191826 0.0144692 0.0103373 0.00692721 0.00431389
 0.00814626 0.0132521 0.0199829 0.0282924 0.0379219 0.0482495 0.0582443 0.0666957 0.0726261 0.0755817 0.0756248 0.0731406 0.0686606 0.0627731 0.0560686 0.0490743 0.0421905 0.0356597 0.0295817 0.0239704 0.0188265 0.0141911 0.0101554 0.00682525 0.00426469
 0.00806308 0.0131172 0.0197793 0.0280019 0.0375256 0.0477319 0.0576023 0.0659529 0.0718471 0.0748777 0.0751414 0.0730214 0.0689935 0.063543 0.0571419 0.0502341 0.0432106 0.0363832 0.0299644 0.0240706 0.0187555 0.0140574 0.0100305 0.00673811 0.00421552
 0.00810234 0.0131496 0.0197704 0.0279012 0.0372802 0.0473081 0.0570029 0.0652199 0.0710494 0.0740956 0.0744587 0.072525 0.0687701 0.0636603 0.0576166 0.0510056 0.0441439 0.0373079 0.0307339 0.0246088 0.0190662 0.0141986 0.0100743 0.00674119 0.00420928
 0.00807932 0.0131215 0.019743 0.0278801 0.0372618 0.0472696 0.0569003 0.0649999 0.0706745 0.0735688 0.0738327 0.0718913 0.0682351 0.0633209 0.057541 0.0512169 0.044608 0.0379354 0.0314031 0.0252053 0.0195191 0.0144929 0.0102382 0.0068195 0.00424184
 0.00805403 0.013088 0.0197073 0.0278534 0.0372583 0.0473017 0.0569709 0.0650955 0.0707606 0.0735946 0.0737474 0.0716671 0.0678876 0.062912 0.0571626 0.0509603 0.0445334 0.0380514 0.0316657 0.0255367 0.0198388 0.014746 0.0104063 0.00691385 0.00428652
 0.00816431 0.0132391 0.0198831 0.0280227 0.0373859 0.0473641 0.056968 0.0650496 0.0707027 0.0735455 0.0737044 0.0716048 0.0677716 0.0627212 0.0569068 0.0506838 0.0442996 0.0379159 0.0316526 0.0256299 0.0199929 0.0149089 0.0105404 0.00700446 0.00433773
 0.00820681 0.013314 0.0200047 0.0282032 0.0376266 0.0476452 0.0572456 0.0652649 0.0708057 0.0735178 0.0735664 0.0714008 0.0675444 0.0624931 0.0566805 0.0504578 0.0440838 0.0377351 0.0315349 0.0255896 0.0200216 0.0149796 0.0106214 0.00707267 0.00438399
 0.00822767 0.0133614 0.020101 0.0283774 0.0379067 0.0480459 0.0577546 0.0658368 0.0713662 0.07398 0.0738541 0.0714706 0.0673971 0.0621694 0.0562419 0.0499658 0.043589 0.0372764 0.0311427 0.025285 0.0198114 0.0148542 0.010559 0.00704826 0.00437737
 0.00813732 0.0132157 0.0198856 0.028085 0.0375444 0.047644 0.0573705 0.0655466 0.0712414 0.0740589 0.0741237 0.0718694 0.0678382 0.0625706 0.0565497 0.0501632 0.0436889 0.0373079 0.0311383 0.0252723 0.0198084 0.0148678 0.010586 0.00708019 0.00440599
 0.00814969 0.0132246 0.0198781 0.0280415 0.0374431 0.0474693 0.0571221 0.0652456 0.0709312 0.0737979 0.0739701 0.0718618 0.0679793 0.0628242 0.0568536 0.0504529 0.0439189 0.0374617 0.0312243 0.0253129 0.0198274 0.0148821 0.010603 0.00709983 0.00442481
 0.00817198 0.0132664 0.0199501 0.0281539 0.0375995 0.0476583 0.057313 0.0653932 0.0709912 0.0737465 0.0738169 0.0716482 0.0677633 0.0626572 0.0567615 0.0504301 0.0439367 0.037486 0.0312319 0.0252977 0.019797 0.0148491 0.0105771 0.00708458 0.00441863
 0.00814619 0.0132335 0.0199178 0.0281361 0.0376138 0.0477206 0.0574312 0.0655617 0.0711875 0.0739335 0.0739524 0.0716999 0.0677227 0.0625442 0.0566155 0.0502916 0.0438307 0.0374161 0.0311866 0.0252623 0.019763 0.0148157 0.0105481 0.00706336 0.00440579
 0.00818529 0.01331 0.0200564 0.0283664 0.0379618 0.0481957 0.0580146 0.0662038 0.0718174 0.0744747 0.0743375 0.0718813 0.0676791 0.0622856 0.0561828 0.049749 0.0432502 0.0368597 0.0306949 0.0248531 0.0194375 0.0145674 0.0103677 0.00694018 0.00432802
 0.00797027 0.0129846 0.0196134 0.0278201 0.0373499 0.0475785 0.0574708 0.0658198 0.0716661 0.0745917 0.0747059 0.072435 0.0683228 0.0629211 0.0567319 0.0501675 0.0435306 0.0370233 0.0307763 0.024886 0.0194464 0.0145662 0.010363 0.00693503 0.00432378
 0.00791344 0.0128799 0.0194342 0.0275373 0.0369426 0.0470502 0.0568621 0.0652082 0.0711496 0.0742613 0.0746204 0.0726065 0.0687159 0.0634632 0.0573329 0.0507419 0.044016 0.0373902 0.031026 0.0250402 0.0195339 0.0146125 0.0103863 0.00694622 0.00432893
 0.00810112 0.0131598 0.0198071 0.0279827 0.0374195 0.0475007 0.0572192 0.0654085 0.0711517 0.0740645 0.074271 0.0721847 0.0683082 0.0631342 0.0571085 0.0506098 0.0439401 0.0373304 0.0309545 0.0249483 0.0194287 0.0145087 0.0102969 0.00687827 0.00428287
 0.00825637 0.0134199 0.0202105 0.0285642 0.0381949 0.0484468 0.0582578 0.0664104 0.0719655 0.0745602 0.0743781 0.0719092 0.0677245 0.0623588 0.0562655 0.0498001 0.0432239 0.0367268 0.0304557 0.024537 0.0190911 0.0142378 0.0100896 0.00673008 0.00418537
 0.00840892 0.0136597 0.020557 0.029032 0.0387933 0.0491772 0.0591066 0.0673379 0.0728987 0.0753949 0.0749959 0.072207 0.0676464 0.0619163 0.0555351 0.0488989 0.0422747 0.035828 0.029667 0.023882 0.0185693 0.0138376 0.00979583 0.00652625 0.00405354
 0.00829613 0.0134663 0.0202493 0.028578 0.0381777 0.048421 0.058283 0.0665697 0.0723305 0.0751489 0.0751306 0.0726959 0.0683855 0.0627581 0.0563354 0.0495571 0.042752 0.0361385 0.0298529 0.0239876 0.0186276 0.0138681 0.00980921 0.00652938 0.00405153
 0.00858659 0.0139007 0.0208308 0.0292788 0.0389397 0.0491625 0.058909 0.0669893 0.0724821 0.0750264 0.0747907 0.0722389 0.0679156 0.0623442 0.0559936 0.049261 0.0424607 0.0358253 0.0295175 0.0236518 0.0183201 0.0136111 0.00961224 0.00639038 0.00396114
 0.00839659 0.0136244 0.0204749 0.0288699 0.0385151 0.0487568 0.0585438 0.066672 0.0722131 0.0748085 0.0746373 0.0721757 0.0679746 0.0625503 0.0563483 0.0497329 0.0429895 0.03634 0.0299595 0.0239903 0.0185535 0.0137576 0.00969671 0.00643543 0.00398334
 0.00806453 0.0131111 0.0197541 0.0279413 0.0374105 0.0475454 0.0573326 0.065593 0.0713936 0.0743349 0.0745335 0.0724088 0.0684809 0.0632619 0.0572067 0.0506861 0.0439834 0.0373135 0.0308502 0.0247475 0.01915 0.0141928 0.00999142 0.00662079 0.0040916
 0.00750562 0.012268 0.0186081 0.0265201 0.0357827 0.0458082 0.0556044 0.0640098 0.0700991 0.0734584 0.0741635 0.0725723 0.0691393 0.0643236 0.0585512 0.0521897 0.0455349 0.0388194 0.0322333 0.0259478 0.0201292 0.0149395 0.0105209 0.00696851 0.00430229
#obs surv len freq
 nan nan nan nan nan nan nan nan nan nan nan nan nan nan nan nan nan nan nan nan nan nan nan nan nan
 0.00448368 0.0073449 0.0111752 0.0159926 0.0216951 0.0279729 0.034289 0.0400215 0.0447012 0.0481641 0.0505203 0.052014 0.0529041 0.0534145 0.0537271 0.0539807 0.0542584 0.0545505 0.0546889 0.0542807 0.0527187 0.0493512 0.0438015 0.0362823 0.0276669
 0.00461539 0.00756001 0.0115005 0.0164527 0.0223067 0.0287354 0.0351757 0.0409766 0.0456471 0.0490162 0.0512028 0.0524715 0.0531072 0.0533609 0.0534376 0.0534915 0.0536123 0.0537901 0.0538531 0.0534064 0.0518446 0.0485201 0.0430578 0.0356637 0.027194
 0.00477616 0.00782432 0.0119037 0.0170294 0.0230836 0.0297203 0.0363455 0.0422725 0.0469812 0.050286 0.0523073 0.0533228 0.0536394 0.0535358 0.0532474 0.0529578 0.0527797 0.0527172 0.0526058 0.0520549 0.0504643 0.0471914 0.0418608 0.0346643 0.0264288
 0.00496453 0.00813237 0.0123709 0.0176939 0.0239758 0.0308514 0.0376954 0.0437844 0.048567 0.0518409 0.0537235 0.0544996 0.0544897 0.0539917 0.0532669 0.0525285 0.051921 0.0514786 0.0510625 0.0503039 0.0486207 0.0453824 0.0402121 0.0332785 0.0253637
 0.00518106 0.00848592 0.0129059 0.0184529 0.0249915 0.0321341 0.0392203 0.0454865 0.0503501 0.0535946 0.0553391 0.0558784 0.0555448 0.0546488 0.0534663 0.0522308 0.0511133 0.0501821 0.0493384 0.0482556 0.0463915 0.043144 0.0381402 0.03152 0.0240039
 0.00541816 0.00887336 0.0134927 0.0192861 0.0261071 0.0335434 0.040895 0.0473536 0.0523023 0.0555106 0.0571025 0.0573883 0.0567172 0.0554142 0.053767 0.0520199 0.0503599 0.0488813 0.0475264 0.0460233 0.0438905 0.0405752 0.0357228 0.0294438 0.0223857
 0.00566416 0.00927667 0.014106 0.0201606 0.027283 0.0350341 0.0426712 0.0493376 0.0543787 0.0575487 0.0589772 0.0589922 0.0579641 0.0562372 0.0541133 0.051847 0.0496344 0.0475871 0.0456808 0.0436995 0.0412332 0.0377964 0.0330681 0.027137 0.0205719
 0.00590479 0.00967339 0.0147134 0.0210334 0.0284653 0.036543 0.0444793 0.051367 0.0565116 0.0596495 0.060915 0.0606537 0.0592587 0.057096 0.0544857 0.0516949 0.0489286 0.0463105 0.0438431 0.0413611 0.0385271 0.0349317 0.0302999 0.0247074 0.0186457
 0.00615622 0.0100827 0.0153306 0.0219061 0.0296307 0.0380145 0.0462322 0.0533314 0.0585808 0.0616979 0.062817 0.0622967 0.0605492 0.0579617 0.0548736 0.0515669 0.0482576 0.0450812 0.0420632 0.0390835 0.0358738 0.0321012 0.027543 0.0222691 0.0166993
 0.00637274 0.0104426 0.0158868 0.0227124 0.0307306 0.0394237 0.0479218 0.0552234 0.0605614 0.0636418 0.0646076 0.0638363 0.061759 0.0587793 0.0552496 0.0514628 0.0476443 0.0439412 0.0404014 0.0369463 0.0333714 0.0294174 0.0249138 0.0199303 0.014822
 0.00661004 0.010828 0.0164665 0.0235298 0.031819 0.0407942 0.0495492 0.0570399 0.0624629 0.0655057 0.0663132 0.0652792 0.0628598 0.0594835 0.0555232 0.0512839 0.046997 0.0428157 0.0388038 0.0349181 0.0310116 0.0268922 0.0224396 0.0177259 0.0130481
 0.00683883 0.0112024 0.0170343 0.0243361 0.0328965 0.0421483 0.051144 0.0587947 0.0642661 0.0672376 0.0678656 0.0665653 0.0638144 0.0600612 0.0556955 0.0510353 0.0463206 0.0417116 0.0372847 0.0330248 0.0288329 0.0245754 0.0201765 0.0157112 0.0114262
 0.00706733 0.0115794 0.0176116 0.0251641 0.034013 0.0435606 0.0528116 0.0606247 0.0661273 0.0689885 0.069381 0.0677517 0.0646145 0.0604491 0.0556679 0.050602 0.0454961 0.040513 0.0357365 0.0311722 0.0267589 0.0224102 0.0180869 0.0138651 0.00994682
 0.00727169 0.011912 0.0181129 0.0258726 0.0349585 0.044753 0.0542281 0.062203 0.0677712 0.0705821 0.0708071 0.068907 0.065421 0.0608606 0.0556693 0.0502026 0.0447201 0.0393916 0.0343075 0.0294882 0.0249 0.0204921 0.0162521 0.0122543 0.00866133
 0.00745316 0.0122129 0.0185761 0.0265406 0.035863 0.0459 0.0555839 0.0636919 0.0692885 0.0720169 0.0720609 0.0699021 0.0661006 0.0611879 0.055627 0.0497928 0.0439623 0.0383186 0.0329639 0.0279329 0.0232133 0.018779 0.0146347 0.0108489 0.00754841
 0.00754274 0.0123623 0.0188086 0.0268823 0.0363398 0.0465316 0.0563757 0.0646278 0.0703284 0.0730997 0.073111 0.0708401 0.0668533 0.0616963 0.0558502 0.0497087 0.043567 0.0376263 0.0320067 0.0267634 0.0219061 0.0174299 0.0133511 0.0097298 0.00666114
 0.00758458 0.0124249 0.0188939 0.0269906 0.0364736 0.0466998 0.0565956 0.0649233 0.0707227 0.0736054 0.0737208 0.0715214 0.0675502 0.0623371 0.0563602 0.0500224 0.0436375 0.037431 0.0315504 0.0260786 0.0210535 0.0164934 0.0124261 0.00890497 0.00599808
 0.00766729 0.0125493 0.0190618 0.0271965 0.0367054 0.0469413 0.0568304 0.065139 0.0709165 0.0737878 0.0739143 0.0717508 0.0678285 0.0626545 0.0566809 0.0502909 0.0437922 0.0374196 0.0313431 0.0256766 0.0204913 0.015834 0.0117487 0.00828603 0.0054931
 0.00774069 0.0126666 0.0192341 0.0274306 0.0370007 0.0472853 0.0571959 0.0654868 0.0712059 0.0739902 0.0740238 0.0717859 0.0678237 0.0626457 0.05669 0.0503157 0.0438056 0.0373786 0.031205 0.0254161 0.0201118 0.0153699 0.0112558 0.00782491 0.00511063
 0.00777967 0.0127265 0.0193178 0.0275394 0.0371345 0.0474434 0.0573763 0.0656841 0.0714088 0.0741813 0.0741829 0.0718972 0.0678825 0.062661 0.0566803 0.0502987 0.0437866 0.0373456 0.0311324 0.0252772 0.0198941 0.0150839 0.010934 0.00751042 0.00484132
 0.0078407 0.0128163 0.0194355 0.0276781 0.037283 0.04759 0.0575117 0.0658029 0.0715093 0.074265 0.0742516 0.0719504 0.0679169 0.0626725 0.0566675 0.0502652 0.0437385 0.037285 0.0310535 0.0251678 0.0197434 0.0148922 0.0107169 0.00729392 0.00465185
 0.00784378 0.0128237 0.0194509 0.0277053 0.0373243 0.0476437 0.0575706 0.0658565 0.071549 0.0742881 0.0742643 0.0719635 0.06794 0.0627091 0.0567136 0.0503122 0.0437771 0.0373077 0.0310536 0.0251387 0.0196799 0.0147947 0.0105945 0.00716337 0.00453186
 0.00787332 0.012863 0.0194942 0.0277428 0.0373456 0.0476431 0.0575508 0.0658274 0.071522 0.0742711 0.0742588 0.0719678 0.0679526 0.0627303 0.0567446 0.0503519 0.0438206 0.0373472 0.0310799 0.0251437 0.0196583 0.0147463 0.010525 0.00708408 0.00445574
 0.00787249 0.0128628 0.0194955 0.0277458 0.037349 0.047642 0.0575376 0.0657944 0.0714669 0.0742006 0.0741879 0.0719135 0.0679278 0.0627394 0.0567842 0.050414 0.0438955 0.0374244 0.0311492 0.0251956 0.0196862 0.0147479 0.0105039 0.00704822 0.00441529
 0.00790337 0.0129051 0.0195445 0.0277927 0.0373834 0.0476564 0.0575299 0.0657678 0.0714262 0.0741496 0.0741291 0.071851 0.0678686 0.0626932 0.0567596 0.050415 0.04392 0.0374653 0.0311963 0.0252387 0.0197168 0.0147614 0.0105004 0.00703216 0.00439332
 0.00792762 0.012943 0.0195985 0.0278628 0.0374657 0.0477421 0.0576054 0.0658172 0.0714373 0.0741187 0.0740626 0.0717622 0.0677725 0.0626029 0.0566846 0.0503615 0.0438907 0.0374586 0.0312068 0.0252579 0.019736 0.0147739 0.0105031 0.00702617 0.00438217
 0.00792564 0.0129409 0.0195974 0.0278646 0.0374726 0.0477561 0.0576267 0.0658437 0.0714636 0.0741374 0.0740662 0.0717469 0.0677399 0.0625595 0.0566399 0.0503246 0.0438679 0.0374525 0.0312156 0.025277 0.0197586 0.0147937 0.0105161 0.00703145 0.0043814
 0.007886 0.0128774 0.0195041 0.0277375 0.0373123 0.0475697 0.0574303 0.0656606 0.0713192 0.0740515 0.0740473 0.0717904 0.0678315 0.0626811 0.0567752 0.0504622 0.0440017 0.0375797 0.0313345 0.0253848 0.0198518 0.014869 0.0105717 0.00706814 0.00440262
 0.00786938 0.0128424 0.0194368 0.027621 0.0371317 0.04732 0.0571233 0.0653261 0.0709991 0.0737891 0.073877 0.0717305 0.0678825 0.0628272 0.0569896 0.0507147 0.0442651 0.0378336 0.0315659 0.0255862 0.0200194 0.0150012 0.0106694 0.00713485 0.00444411
 0.00786514 0.0128352 0.0194247 0.0276003 0.0370957 0.0472583 0.0570232 0.0651771 0.0707999 0.0735533 0.0736341 0.0715188 0.0677382 0.0627733 0.0570306 0.0508373 0.0444447 0.0380417 0.0317773 0.025782 0.0201878 0.0151365 0.0107708 0.00720523 0.00448889
 0.00783134 0.0127828 0.0193507 0.0275041 0.036979 0.0471254 0.0568804 0.0650315 0.0706568 0.0734156 0.0735034 0.0714005 0.0676442 0.0627214 0.0570384 0.0509142 0.0445868 0.0382326 0.0319927 0.0259971 0.0203823 0.0152979 0.0108941 0.00729196 0.00454481
 0.00780901 0.0127413 0.0192791 0.02739 0.0368128 0.0469065 0.0566215 0.0647586 0.0704023 0.073208 0.07336 0.0713251 0.0676308 0.0627614 0.0571255 0.0510461 0.0447617 0.0384443 0.0322278 0.0262365 0.0206056 0.0154887 0.0110435 0.00739902 0.00461482
 0.00777943 0.0126921 0.0192027 0.0272783 0.0366581 0.0467042 0.0563734 0.0644756 0.0701059 0.0729279 0.0731288 0.0711704 0.0675687 0.0627927 0.0572389 0.0512238 0.0449855 0.0386981 0.0324965 0.0265039 0.0208546 0.0157039 0.0112149 0.00752393 0.00469781
 0.00774728 0.0126409 0.0191279 0.0271759 0.0365256 0.0465412 0.0561824 0.0642631 0.0698818 0.0727055 0.0729245 0.0710033 0.0674582 0.0627547 0.0572809 0.0513426 0.0451683 0.0389264 0.0327495 0.0267612 0.0210978 0.0159171 0.0113875 0.00765213 0.00478452
 0.00935188 0.0148861 0.0218355 0.0299563 0.0388913 0.0480878 0.0567317 0.0638889 0.068825 0.0712508 0.0713106 0.0693918 0.0659447 0.0613916 0.0560963 0.0503493 0.044367 0.038307 0.0322934 0.0264436 0.020891 0.0157934 0.011321 0.00762111 0.00477282
 0.00933408 0.0151547 0.0227642 0.0320083 0.0424176 0.0530544 0.0625473 0.0695011 0.0730947 0.0734015 0.0711838 0.0673878 0.0627445 0.0576659 0.05234 0.0468563 0.0412799 0.0356783 0.0301275 0.0247193 0.0195706 0.0148271 0.0106505 0.00718379 0.00450698
 0.00898856 0.0146122 0.0220054 0.0310855 0.0415082 0.0524966 0.062799 0.0709761 0.0759143 0.0772101 0.0751937 0.0706776 0.0646427 0.057983 0.0513376 0.0450303 0.0391278 0.0335641 0.028258 0.0231804 0.0183744 0.0139465 0.0100385 0.00678479 0.00426482
 0.00878865 0.0142781 0.0214869 0.0303343 0.0404972 0.0512544 0.0614524 0.0697772 0.0752176 0.0773738 0.0764208 0.0728688 0.0673656 0.0606133 0.053309 0.0460489 0.0392293 0.0330129 0.0273841 0.0222545 0.0175601 0.0133112 0.00958658 0.00648861 0.00408574
 0.00872759 0.0141697 0.0213059 0.0300486 0.0400722 0.0506619 0.060685 0.0688668 0.0742544 0.0765189 0.0758939 0.0728925 0.0680694 0.0619394 0.0549904 0.0476963 0.0404893 0.0337035 0.0275303 0.0220231 0.0171544 0.0128912 0.00924059 0.00624333 0.00393133
 0.00870393 0.0141275 0.0212345 0.0299344 0.0398985 0.0504114 0.0603427 0.0684244 0.0737167 0.0759142 0.0752872 0.0723928 0.0678161 0.062059 0.0555318 0.0485819 0.0415231 0.0346453 0.0281963 0.0223505 0.0171975 0.0127651 0.00905762 0.00607675 0.00381085
 0.00869147 0.0141091 0.0212101 0.0299037 0.0398599 0.0503592 0.0602661 0.0683078 0.0735429 0.0756704 0.0749735 0.072032 0.0674616 0.061793 0.0554448 0.0487351 0.0419092 0.0351771 0.0287377 0.0227761 0.0174438 0.0128423 0.00902361 0.00599723 0.00373217
 0.00869017 0.0141055 0.0212019 0.0298884 0.0398351 0.0503243 0.0602223 0.0682563 0.0734822 0.075594 0.0748701 0.0718913 0.0672838 0.061598 0.0552753 0.0486467 0.0419475 0.0353512 0.0290083 0.0230698 0.0176868 0.0129931 0.00908268 0.00599376 0.00370141
 0.00867051 0.0140783 0.0211698 0.0298561 0.0398083 0.0503063 0.0602124 0.0682504 0.0734745 0.075579 0.0748434 0.0718483 0.0672205 0.0615132 0.0551775 0.048557 0.0418965 0.0353662 0.0290968 0.0232117 0.0178426 0.013123 0.00916463 0.00602854 0.0037045
 0.0086729 0.0140783 0.0211628 0.0298365 0.0397716 0.0502528 0.060149 0.068189 0.0734273 0.0755527 0.0748365 0.0718528 0.0672252 0.061509 0.0551599 0.0485292 0.0418704 0.0353586 0.0291221 0.023273 0.0179279 0.0132108 0.00923513 0.00607243 0.00372408
 0.0086487 0.0140445 0.0211219 0.0297936 0.0397321 0.0502193 0.0601199 0.0681597 0.0733948 0.0755185 0.074807 0.0718355 0.0672241 0.0615218 0.0551798 0.0485494 0.041888 0.035377 0.0291486 0.0233133 0.0179816 0.0132703 0.00928935 0.0061129 0.00374842
 0.00864121 0.0140282 0.0210904 0.0297394 0.0396503 0.0501117 0.0599974 0.0680406 0.0732977 0.075456 0.0747819 0.0718431 0.067257 0.061573 0.0552434 0.0486194 0.0419588 0.0354449 0.0292127 0.0233752 0.0180422 0.0133279 0.00934005 0.00615244 0.00377505
 0.00864208 0.0140312 0.0210974 0.0297521 0.0396682 0.0501304 0.0600085 0.0680339 0.0732668 0.0754023 0.0747152 0.0717775 0.0672046 0.0615403 0.0552308 0.0486237 0.0419755 0.0354696 0.0292422 0.0234074 0.0180759 0.0133615 0.00937104 0.00617814 0.00379378
 0.00862389 0.0140015 0.0210528 0.0296902 0.0395891 0.0500383 0.0599118 0.0679443 0.0731948 0.0753535 0.0746898 0.0717723 0.0672167 0.061569 0.0552759 0.0486838 0.0420467 0.0355463 0.0293189 0.0234795 0.0181403 0.0134164 0.00941542 0.00621171 0.00381711
 0.00863031 0.0140131 0.0210721 0.0297195 0.0396291 0.0500862 0.0599606 0.0679842 0.0732163 0.0753516 0.0746647 0.071729 0.0671623 0.0615105 0.0552202 0.0486368 0.0420127 0.0355273 0.0293139 0.0234856 0.0181536 0.013433 0.00943227 0.0062265 0.00382856
 0.00863031 0.0140131 0.0210721 0.0297195 0.0396291 0.0500862 0.0599606 0.0679842 0.0732163 0.0753516 0.0746647 0.071729 0.0671623 0.0615105 0.0552202 0.0486368 0.0420127 0.0355273 0.0293139 0.0234856 0.0181536 0.013433 0.00943227 0.0062265 0.00382856
 0.00874592 0.0141956 0.0213358 0.030072 0.0400674 0.0505916 0.0604953 0.0684925 0.0736347 0.0756244 0.0747584 0.0716386 0.0669099 0.0611371 0.0547751 0.0481681 0.0415603 0.0351196 0.0289676 0.0232071 0.0179415 0.0132805 0.00932912 0.00616142 0.00379053
 0.00860866 0.0139926 0.0210686 0.0297574 0.0397355 0.0502813 0.0602482 0.0683469 0.0736169 0.0757399 0.0749875 0.0719401 0.0672329 0.0614353 0.0550178 0.0483437 0.0416739 0.0351858 0.0290036 0.0232273 0.0179552 0.0132922 0.00933993 0.00617095 0.00379811
 0.00862993 0.014009 0.0210605 0.0296979 0.0396004 0.0500638 0.0599698 0.0680557 0.073373 0.0755941 0.0749655 0.0720378 0.0674218 0.061673 0.0552604 0.0485562 0.0418361 0.0352938 0.0290656 0.0232573 0.0179671 0.0132962 0.00934189 0.00617292 0.00380029
 0.00881102 0.0142971 0.0214796 0.0302592 0.0402918 0.0508389 0.0607433 0.068716 0.0738146 0.0757546 0.0748463 0.0716962 0.0669418 0.0611346 0.0547203 0.0480447 0.041365 0.0348662 0.0286842 0.0229271 0.0176938 0.013083 0.00918668 0.00606841 0.00373562
 0.00893345 0.0145114 0.0218293 0.030791 0.0410411 0.0518069 0.0618769 0.0699031 0.0749033 0.0765897 0.0753093 0.0717339 0.0665758 0.0604491 0.0538336 0.0470762 0.04041 0.0339872 0.0279145 0.0222807 0.0171735 0.0126841 0.00889826 0.00587371 0.00361405
 0.00897673 0.0145869 0.0219537 0.0309862 0.0413333 0.0522225 0.0624338 0.0705993 0.0757047 0.0774241 0.0760718 0.0723078 0.0668642 0.0604043 0.0534706 0.0464652 0.0396519 0.0331845 0.0271498 0.0216077 0.0166189 0.0122543 0.00858559 0.00566148 0.0034807
 0.00866687 0.0140986 0.0212508 0.0300538 0.0401909 0.0509392 0.0611387 0.0694714 0.0749359 0.0771637 0.0763782 0.0731292 0.0680532 0.0617599 0.0547921 0.0476 0.0405214 0.0337826 0.0275195 0.0218121 0.016718 0.0122939 0.00859555 0.00565928 0.00347529
 0.00890275 0.0144311 0.0216555 0.0304726 0.0405435 0.0511459 0.0611428 0.0692553 0.0745281 0.0766387 0.0758439 0.0727001 0.0678152 0.0617411 0.0549546 0.0478578 0.0407761 0.0339593 0.027587 0.0217808 0.0166232 0.0121754 0.00848397 0.00557093 0.00341413
 0.00858958 0.0139676 0.0210417 0.0297361 0.0397286 0.050297 0.0602952 0.068439 0.0737794 0.0760105 0.0754052 0.0725238 0.0679571 0.0622188 0.0557336 0.0488519 0.0418643 0.0350142 0.0285061 0.0225066 0.0171463 0.0125217 0.00869593 0.0056916 0.0034783
 0.00844491 0.0136978 0.0205755 0.0289959 0.0386611 0.0489149 0.0587055 0.0668307 0.0723681 0.0749681 0.0748177 0.0723954 0.0682451 0.0628663 0.0566811 0.0500298 0.0431825 0.0363637 0.0297742 0.0236014 0.0180149 0.0131558 0.00912261 0.00595665 0.00363044
 0.00834289 0.0135321 0.0203239 0.0286315 0.0381502 0.0482202 0.0577984 0.0657147 0.0711028 0.0736784 0.0736743 0.071568 0.0678515 0.0629446 0.0571951 0.0508951 0.0442915 0.0375997 0.0310206 0.024752 0.0189898 0.0139133 0.00966177 0.00630792 0.00383974
#pred catch len freq
 0.00429643 0.00679502 0.00990658 0.0135562 0.0177032 0.022323 0.0273369 0.0325724 0.0377914 0.0427475 0.0472271 0.051071 0.0541895 0.0565651 0.0582349 0.059266 0.0597353 0.059705 0.0591673 0.0579597 0.055706 0.0518909 0.0461218 0.0384723 0.0296593
 0.00459202 0.00718649 0.0103343 0.0139181 0.0178932 0.0222867 0.0271082 0.0322615 0.0375259 0.0426045 0.0471981 0.0510798 0.054147 0.0564258 0.0580257 0.0590751 0.0596678 0.0598247 0.0594542 0.0583058 0.0559607 0.0519322 0.0459149 0.0380794 0.0291981
 0.00481912 0.00755807 0.0108917 0.0146845 0.0188504 0.0233502 0.0281236 0.033042 0.0379273 0.0425943 0.0468671 0.0505825 0.0536149 0.0559156 0.0575325 0.0585841 0.0591958 0.0594175 0.059147 0.0580842 0.0557553 0.0516575 0.0455235 0.0375921 0.0286892
 0.0050343 0.007897 0.0113845 0.0153596 0.0197366 0.0244732 0.0294864 0.0345924 0.039531 0.044041 0.0479259 0.0510884 0.0535338 0.0553439 0.0566339 0.0575151 0.0580667 0.0582959 0.0580739 0.0570778 0.0548086 0.0507486 0.0446414 0.0367578 0.0279523
 0.00529765 0.00830567 0.0119646 0.016126 0.0206967 0.0256305 0.0308407 0.0361333 0.0412246 0.0458107 0.0496353 0.0525432 0.0545204 0.0556977 0.0563014 0.0565696 0.0566691 0.0566299 0.0562952 0.055295 0.0530895 0.0491378 0.0431786 0.0354879 0.0269186
 0.00561048 0.00879049 0.012651 0.0170287 0.0218177 0.0269618 0.0323633 0.0378133 0.0430114 0.0476381 0.0514196 0.0541762 0.0558626 0.0565858 0.056581 0.0561447 0.0555428 0.0549097 0.0541588 0.0529403 0.0506968 0.0468558 0.0411262 0.0337549 0.0255585
 0.0059107 0.00926036 0.0133253 0.0179304 0.0229582 0.0283401 0.0339609 0.0395885 0.0448985 0.0495527 0.0532672 0.0558582 0.0572766 0.0576221 0.057121 0.0560737 0.0547804 0.0534472 0.0520817 0.0504208 0.0479606 0.0441395 0.0386402 0.0316556 0.0239296
 0.00623718 0.00976773 0.0140467 0.018885 0.0241535 0.0297742 0.0356187 0.041434 0.0468691 0.05156 0.0552041 0.0576107 0.0587352 0.0586876 0.0577034 0.0560882 0.054152 0.0521314 0.0500977 0.0478786 0.0450628 0.0411511 0.0358345 0.0292549 0.0220615
 0.00660821 0.010342 0.0148581 0.0199491 0.0254702 0.0313307 0.0373881 0.0433695 0.0489013 0.0535993 0.0571478 0.0593503 0.0601649 0.0597116 0.0582395 0.0560665 0.0535135 0.0508355 0.0481444 0.0453401 0.0421067 0.038032 0.0328465 0.02666 0.0200243
