SBPRF35
7.78865
Curr Bio
479964
B35
631595
F35
0.213091
FOFL
0.158084
OFL
59669.6
Bzero
2.22533e+006
#pred survey bio
 3.75276e+006 3.424e+006 3.06768e+006 2.72168e+006 2.36108e+006 2.08492e+006 1.82607e+006 1.59103e+006 1.38493e+006 1.23256e+006 1.09478e+006 965157 866882 803310 754022 714809 684439 664164 644940 626997 617685 599784 588356 586062 593063 598382 594371 589486 586949 588162 577086 566794 557572 546372 544249 553205 563330 569743 576361 590654 600873 597889 606336 602115 598434 596185 601331 601591 600467 597052 581669 562503 552760 542313 517932 516882 524752 523306 529780 490659 472223 485401 1.68553e+007 9.92235e+006 1.00908e+007 1.08737e+007 1.19944e+007 1.31745e+007 1.42453e+007 1.51355e+007 1.58348e+007 1.6364e+007 1.67546e+007 1.70383e+007 1.72425e+007 1.73889e+007 1.74936e+007 1.75688e+007 1.7623e+007 1.76623e+007 1.76909e+007 1.7712e+007 1.77275e+007 1.77391e+007 1.77477e+007 1.77542e+007 1.77591e+007 1.77629e+007 1.77657e+007 1.77678e+007 1.77695e+007 1.77708e+007 1.77717e+007 1.77725e+007 1.7773e+007 1.77735e+007 1.77738e+007 1.77741e+007 1.77743e+007 1.77744e+007 1.77746e+007 1.77747e+007 1.77747e+007 1.77748e+007 1.77748e+007 1.77749e+007 1.77749e+007 1.77749e+007 1.77749e+007 1.77749e+007 1.7775e+007 1.7775e+007 1.7775e+007 1.7775e+007 1.7775e+007 1.7775e+007 1.7775e+007 1.7775e+007 1.7775e+007 1.7775e+007 1.7775e+007 1.7775e+007 1.7775e+007 1.7775e+007 1.7775e+007 1.7775e+007 1.7775e+007 1.7775e+007 1.7775e+007 1.7775e+007 1.7775e+007 1.7775e+007 1.7775e+007 1.7775e+007 1.7775e+007 1.7775e+007 1.7775e+007 1.7775e+007 1.7775e+007 1.7775e+007 1.7775e+007 1.7775e+007 1.7775e+007 1.7775e+007 1.7775e+007 1.7775e+007 1.7775e+007 1.7775e+007 1.7775e+007 1.7775e+007 1.7775e+007 1.7775e+007 1.7775e+007 1.7775e+007 1.7775e+007 1.7775e+007 1.7775e+007 1.7775e+007 1.7775e+007 1.7775e+007 1.7775e+007 1.7775e+007 0 0 0 0 0 0 0 0 0 0 0 0 0 0 0 0 0 0 0 0 0 0 0 0 0
#obs survey bio
 2.2428e+006 3.05287e+006 3.07288e+006 3.07638e+006 1.94129e+006 1.86624e+006 1.46038e+006 1.78795e+006 979613 897102 815580 828908 910542 715483 455111 586091 461960 448240 530549 531297 540324 481216 763971 468346 504858 433496 433696 526073 620728 430636 589497 727162 603095 494971 547061 451884 538626 621640 457447 697077 561877 579696 680283 569184 434921 530537 510158 486337 648549 742314 810229 493739 509767 554915 474680 597318 499435 1.07661e+006 588322 417080 402072 573653
#pred catch bio
 224271 270904 286882 327399 277034 284220 282342 272219 236752 231842 228431 202295 172348 159145 148043 137176 125855 122547 118967 109775 115290 108305 99993.5 92424.1 93857.6 100511 99383.7 95044.4 88990.8 95629.8 91037.3 89051.7 93643.8 90286.9 84271.7 85059.4 88477.6 88044.3 82203.5 86771.2 98217.6 88785.1 99538.2 98922 97821.9 91821 95887.2 96397 97150.6 105349 106471 97595.5 98237.9 109320 88978.5 81143.2 87523.6 79206 115051 94939.6 66674.6 76717.5 59669.6 76693.3 76362.7 80836.9 88810.5 97540 105423 111847 116751 120328 122851 124588 125759 126539 127051 127384 127600 127738 127826 127883 127919 127941 127956 127965 127970 127974 127976 127978 127978 127979 127979 127980 127980 127980 127980 127980 127980 127980 127980 127980 127980 127980 127980 127980 127980 127980 127980 127980 127980 127980 127980 127980 127980 127980 127980 127980 127980 127980 127980 127980 127980 127980 127980 127980 127980 127980 127980 127980 127980 127980 127980 127980 127980 127980 127980 127980 127980 127980 127980 127980 127980 127980 127980 127980 127980 127980 127980 127980 127980 127980 127980 127980 127980 127980 127980 127980 127980 127980 127980 127980 0 0 0 0 0 0 0 0 0 0 0 0 0 0 0 0 0 0 0 0 0 0 0 0 0
#obs catch bio
 253135 272173 287866 331090 279056 288396 286642 277676 242114 238838 234759 208100 176501 162963 152767 139864 128365 125143 121195 111401 117533 110394 101821 94136.9 95800 102607 101138 97040.5 90175.7 97141.1 92018.2 89754.1 94518.8 91047.9 84948.3 85730.9 89103.9 88385.2 82352.5 87091.4 99077 89142.7 100061 99372.3 98731 92456.1 96679.8 97165.5 97676.2 105779 106788 97713.2 98075.1 109972 89239.8 81272.3 88026 78655.2 115230 95504 66684.4 76795.9
#pred cpue bio
 3.68347e+006 3.35877e+006 3.00692e+006 2.66346e+006 2.30541e+006 2.03106e+006 1.77415e+006 1.54106e+006 1.33684e+006 1.18582e+006 1.0499e+006 922538 826191 764079 716198 678594 649699 630325 611938 594830 586005 568762 557712 555513 562325 567745 564269 559902 558064 560086 550196 540839 531292 518646 515279 523792 533942 540557 547198 560955 570706 567754 575963 571901 568203 565915 570967 571374 570490 567480 552822 534266 524591 514165 490360 489422 497556 496795 503517 465586 447522 461116 1.60757e+007 9.48098e+006 9.49498e+006 1.01054e+007 1.11648e+007 1.23302e+007 1.33981e+007 1.42877e+007 1.4987e+007 1.55162e+007 1.59068e+007 1.61905e+007 1.63947e+007 1.6541e+007 1.66458e+007 1.6721e+007 1.67752e+007 1.68145e+007 1.68431e+007 1.68641e+007 1.68797e+007 1.68912e+007 1.68999e+007 1.69064e+007 1.69113e+007 1.6915e+007 1.69179e+007 1.692e+007 1.69217e+007 1.69229e+007 1.69239e+007 1.69246e+007 1.69252e+007 1.69257e+007 1.6926e+007 1.69263e+007 1.69265e+007 1.69266e+007 1.69267e+007 1.69268e+007 1.69269e+007 1.6927e+007 1.6927e+007 1.69271e+007 1.69271e+007 1.69271e+007 1.69271e+007 1.69271e+007 1.69271e+007 1.69271e+007 1.69271e+007 1.69272e+007 1.69272e+007 1.69272e+007 1.69272e+007 1.69272e+007 1.69272e+007 1.69272e+007 1.69272e+007 1.69272e+007 1.69272e+007 1.69272e+007 1.69272e+007 1.69272e+007 1.69272e+007 1.69272e+007 1.69272e+007 1.69272e+007 1.69272e+007 1.69272e+007 1.69272e+007 1.69272e+007 1.69272e+007 1.69272e+007 1.69272e+007 1.69272e+007 1.69272e+007 1.69272e+007 1.69272e+007 1.69272e+007 1.69272e+007 1.69272e+007 1.69272e+007 1.69272e+007 1.69272e+007 1.69272e+007 1.69272e+007 1.69272e+007 1.69272e+007 1.69272e+007 1.69272e+007 1.69272e+007 1.69272e+007 1.69272e+007 1.69272e+007 1.69272e+007 1.69272e+007 1.69272e+007 1.69272e+007 1.69272e+007 0 0 0 0 0 0 0 0 0 0 0 0 0 0 0 0 0 0 0 0 0 0 0 0 0
#obs cpue bio
 1.86742e+006 2.9908e+006 2.89614e+006 1.38946e+006 2.40721e+006 1.26272e+006 1.98043e+006 862110 977432 827611 1.37189e+006 642188 591452 606226 467730 1.1846e+006 618352 647116 664348 596375 455497 482078 311931 425920 424021 683635 711931 341455 630228 643796 583908 443706 444315 513133 414985 585782 569808 599006 670539 397194 467417 566765 553186 552461 495970 592944 600474 630346 566157 528637 419203 594969 689557 366092 483033 425026 445761 454956 407772 339512 490231 561336
#pred surv len freq
 0.00607049 0.00976527 0.0145215 0.0202464 0.0267413 0.033626 0.0403074 0.0461136 0.0505491 0.0534697 0.0550521 0.0556282 0.0555317 0.0550226 0.0542666 0.0533395 0.052245 0.0509342 0.0493059 0.047181 0.044285 0.0403052 0.0350561 0.0286841 0.0217521
 0.00633577 0.0101042 0.0148682 0.0205015 0.0268232 0.0335386 0.0401767 0.0461527 0.0509557 0.0543139 0.0562249 0.0568837 0.0565924 0.0556861 0.0544651 0.0531351 0.0517771 0.0503467 0.0486868 0.0465399 0.0435782 0.039492 0.0341487 0.0277584 0.0209141
 0.0068032 0.0108309 0.0158934 0.0218229 0.0283803 0.0352024 0.0417598 0.0474578 0.0518553 0.0548139 0.0564574 0.0570168 0.0567185 0.055768 0.0543729 0.0527385 0.0510235 0.049279 0.0474042 0.045142 0.0421335 0.0380458 0.0327523 0.0264847 0.0198431
 0.00712059 0.0113609 0.016716 0.023018 0.030006 0.0372598 0.044157 0.0499967 0.0542598 0.0567993 0.0578143 0.0576738 0.0567465 0.0553204 0.0535948 0.0517038 0.0497356 0.0477217 0.0455941 0.043146 0.0400541 0.0359986 0.0308516 0.0248335 0.018517
 0.00757071 0.0120592 0.0177069 0.024327 0.031644 0.039226 0.0464305 0.0525168 0.0569047 0.0593779 0.0600825 0.0593808 0.0577011 0.0554466 0.0529438 0.0504125 0.0479592 0.0455852 0.0431881 0.0405553 0.0373878 0.0333969 0.028468 0.0228032 0.0169252
 0.0079365 0.0126385 0.0185497 0.0254683 0.0330971 0.0409747 0.0484219 0.0546643 0.0591043 0.0615255 0.0620759 0.0611052 0.0590166 0.0562024 0.0530188 0.0497592 0.0466196 0.0436705 0.0408428 0.0379329 0.0346477 0.0307092 0.0260055 0.020714 0.015299
 0.00833126 0.0132617 0.0194528 0.026687 0.0346453 0.0428354 0.0505363 0.0569284 0.0613813 0.063672 0.0639678 0.0626492 0.0601439 0.0568515 0.053124 0.0492576 0.045476 0.0419051 0.0385438 0.0352496 0.031773 0.0278576 0.0233866 0.0184983 0.0135844
 0.00874518 0.0139147 0.0203986 0.0279616 0.0362608 0.044771 0.052727 0.0592615 0.0637096 0.0658395 0.0658357 0.0641116 0.061132 0.0573276 0.0530693 0.0486591 0.0443233 0.040203 0.0363356 0.0326394 0.0289302 0.0249998 0.0207411 0.0162537 0.0118492
 0.00915853 0.014567 0.0213431 0.0292344 0.0378738 0.0467024 0.0549103 0.0615815 0.0660161 0.0679729 0.0676532 0.0655031 0.0620258 0.0576882 0.0528902 0.047952 0.0431081 0.0385059 0.0342009 0.0301499 0.0262248 0.0222705 0.0182019 0.0140911 0.0101744
 0.00936072 0.0149051 0.0218694 0.0300033 0.0389308 0.0480661 0.0565543 0.0634284 0.0679484 0.0698554 0.0693546 0.0669101 0.0630498 0.0582678 0.052992 0.0475669 0.0422464 0.0371936 0.0324831 0.028102 0.0239657 0.0199633 0.016033 0.0122279 0.0087222
 0.00961626 0.0153038 0.0224394 0.0307624 0.0398874 0.0492191 0.0578882 0.0649059 0.0695056 0.071404 0.0707912 0.0681296 0.06396 0.0588007 0.0531074 0.0472507 0.0415056 0.0360529 0.0309861 0.0263187 0.022001 0.017958 0.0141466 0.0106047 0.00745446
 0.00987675 0.0157237 0.0230634 0.0316264 0.0410082 0.0505802 0.0594285 0.0665222 0.0710741 0.0728102 0.0719506 0.0689912 0.0644957 0.0589948 0.0529516 0.0467453 0.040661 0.034892 0.0295478 0.0246641 0.0202197 0.0161678 0.0124796 0.00917956 0.00634562
 0.0100804 0.0160416 0.0235184 0.0322329 0.0417729 0.0515011 0.0604896 0.0676869 0.072281 0.0739773 0.0729881 0.0698176 0.0650523 0.0592514 0.052902 0.0463979 0.0400311 0.0340007 0.0284259 0.0233603 0.0188065 0.0147414 0.0111477 0.00803858 0.00545647
 0.0101749 0.016189 0.0237287 0.0325122 0.0421237 0.0519231 0.0609801 0.0682401 0.0728877 0.0746239 0.073652 0.070463 0.0656297 0.0597037 0.0531761 0.0464546 0.0398504 0.0335813 0.027785 0.0225344 0.0178541 0.0137415 0.0101895 0.0072034 0.00479775
 0.0100681 0.0160505 0.023585 0.0324094 0.0421146 0.0520469 0.061247 0.0686289 0.0733587 0.075136 0.0741744 0.0709759 0.0661164 0.0601419 0.0535336 0.0466921 0.0399302 0.0334772 0.0274899 0.0220648 0.0172515 0.0130681 0.00951866 0.0066037 0.00431667
 0.0101154 0.0160973 0.0236021 0.0323573 0.0419616 0.051794 0.0609426 0.0683601 0.0732181 0.0751828 0.074414 0.0713669 0.0665951 0.0606457 0.0540109 0.0471011 0.0402343 0.0336447 0.0274998 0.0219147 0.0169627 0.0126848 0.00909956 0.00620731 0.00398696
 0.0102617 0.0163085 0.0238687 0.032649 0.0422307 0.0519843 0.0610033 0.0682624 0.0729714 0.0748421 0.0740684 0.0711091 0.0664869 0.0606986 0.0541909 0.0473486 0.0404852 0.0338436 0.0276064 0.0219078 0.0168434 0.0124768 0.0088431 0.00594779 0.00376171
 0.0102574 0.0163152 0.0239031 0.0327323 0.0423786 0.0521946 0.061246 0.068482 0.0731044 0.0748423 0.0739285 0.0708671 0.0662144 0.060474 0.0540701 0.0473473 0.0405787 0.0339818 0.0277339 0.0219808 0.0168397 0.0123986 0.00871238 0.00579651 0.00362005
 0.0102719 0.0163335 0.0239219 0.0327477 0.0423907 0.0522113 0.0612835 0.0685574 0.0732225 0.0749849 0.0740561 0.0709355 0.0661974 0.0603789 0.0539355 0.0472235 0.0405038 0.0339657 0.0277586 0.0220133 0.0168492 0.012369 0.00864618 0.00570957 0.00353226
 0.0103574 0.0164559 0.024075 0.0329147 0.0425481 0.0523367 0.0613625 0.0685882 0.0732152 0.0749575 0.0740257 0.0709088 0.0661672 0.0603292 0.0538547 0.0471154 0.0403874 0.0338646 0.0276867 0.0219684 0.0168171 0.0123338 0.00859969 0.00565395 0.00347605
 0.0103763 0.0164852 0.0241162 0.0329669 0.0426069 0.0523931 0.0614035 0.0685996 0.0731883 0.0748944 0.0739417 0.0708272 0.0661091 0.0603043 0.053858 0.0471329 0.0404057 0.0338778 0.0276963 0.0219773 0.0168244 0.0123353 0.00859137 0.00563574 0.00345224
 0.0104719 0.0166333 0.0243247 0.0332372 0.0429322 0.0527568 0.0617777 0.0689459 0.0734631 0.0750591 0.073973 0.0707243 0.0658939 0.0600145 0.0535361 0.0468144 0.0401135 0.0336228 0.0274818 0.021803 0.0166878 0.0122313 0.00851357 0.00557796 0.00340993
 0.0105376 0.0167311 0.0244556 0.0333965 0.0431118 0.0529485 0.061974 0.0691396 0.0736444 0.0752138 0.074083 0.0707713 0.0658652 0.0599087 0.0533655 0.0466018 0.0398858 0.0334037 0.0272871 0.0216404 0.0165587 0.0121331 0.00844145 0.00552669 0.00337464
 0.0105771 0.0167846 0.0245163 0.0334519 0.0431474 0.0529535 0.0619476 0.0690918 0.0735931 0.0751788 0.0740791 0.0708027 0.0659234 0.0599756 0.0534199 0.0466281 0.0398788 0.0333686 0.0272355 0.0215841 0.0165064 0.0120895 0.00840753 0.00550162 0.00335689
 0.0103816 0.0165045 0.0241643 0.0330628 0.0427673 0.0526231 0.0616895 0.0689105 0.0734844 0.0751407 0.0741159 0.0709214 0.0661255 0.0602497 0.0537405 0.0469615 0.0401918 0.0336372 0.0274485 0.0217422 0.0166174 0.0121636 0.00845443 0.00552939 0.00337189
 0.0102388 0.0162772 0.0238333 0.0326186 0.0422179 0.0520026 0.0610612 0.0683577 0.0730865 0.0749469 0.0741316 0.0711161 0.0664524 0.0606636 0.0542046 0.0474444 0.0406641 0.0340712 0.0278225 0.0220442 0.0168461 0.0123263 0.00856321 0.00559745 0.00341147
 0.0102011 0.0162169 0.0237439 0.0324932 0.0420489 0.0517828 0.0607878 0.0680385 0.0727461 0.0746265 0.0738808 0.0709769 0.0664451 0.0607821 0.0544226 0.0477273 0.0409779 0.0343865 0.0281152 0.0222966 0.0170482 0.0124762 0.00866621 0.00566287 0.00344978
 0.00997091 0.0158888 0.0233352 0.0320484 0.0416261 0.0514316 0.0605325 0.0678746 0.072651 0.0745752 0.0738595 0.0709885 0.0665058 0.0609111 0.05463 0.0480072 0.0413091 0.034739 0.0284585 0.0226053 0.0173055 0.0126751 0.00880828 0.00575642 0.00350635
 0.00979378 0.0156009 0.0229048 0.0314537 0.0408686 0.0505519 0.0596186 0.0670494 0.0720361 0.0742492 0.0738343 0.0712173 0.0669141 0.0614285 0.0552067 0.0486125 0.0419216 0.0353372 0.0290179 0.0231016 0.0177201 0.012999 0.0090436 0.00591448 0.00360398
 0.00957304 0.0152613 0.022429 0.0308371 0.0401179 0.0496848 0.0586683 0.0660731 0.0711195 0.0734983 0.0733529 0.0710768 0.0671295 0.0619546 0.0559568 0.049488 0.042836 0.0362259 0.029836 0.0238185 0.0183161 0.0134659 0.00938539 0.00614653 0.00374903
 0.00957484 0.0152453 0.0223701 0.0307008 0.0398694 0.0493026 0.0581559 0.0654603 0.0704545 0.0728376 0.0727561 0.0706055 0.0668431 0.0618973 0.0561418 0.0498892 0.0433945 0.0368681 0.0304913 0.0244307 0.0188471 0.0138949 0.00970755 0.00637008 0.00389146
 0.0103794 0.0163735 0.0237347 0.0321061 0.0410642 0.0500663 0.0583696 0.0651275 0.069673 0.0717516 0.0715167 0.0693486 0.0656808 0.0609157 0.0553988 0.0494117 0.0431754 0.036868 0.030649 0.0246776 0.0191215 0.0141509 0.00991828 0.00652575 0.00399525
 0.0111412 0.0175607 0.0254167 0.0342886 0.0436601 0.0528699 0.0610513 0.0672832 0.0709341 0.0719125 0.0706039 0.0675928 0.0634168 0.0584757 0.0530457 0.0473194 0.0414375 0.0355144 0.0296612 0.0240046 0.0186953 0.0139016 0.00978459 0.00646084 0.00396723
 0.0110992 0.0176026 0.0256821 0.0349713 0.0449532 0.0548765 0.0637038 0.0703149 0.0739263 0.0743962 0.0721803 0.0680334 0.0627149 0.0568307 0.0507887 0.0448129 0.0389908 0.03334 0.02787 0.0226242 0.0176959 0.0132212 0.00934942 0.00620008 0.00382139
 0.0107581 0.0171008 0.0250321 0.0342382 0.0442616 0.0544062 0.0636668 0.0709041 0.0752358 0.0763465 0.0744953 0.0703008 0.0645111 0.0578541 0.0509415 0.0442018 0.0378609 0.0319791 0.0265265 0.0214624 0.0167905 0.0125762 0.00892657 0.0059443 0.00367865
 0.0105428 0.0167443 0.0244864 0.0334631 0.0432448 0.0531919 0.0623809 0.0697553 0.0744796 0.0762149 0.0751159 0.0716354 0.0663427 0.0598378 0.0527077 0.045472 0.0385222 0.0320889 0.0262548 0.0210097 0.0163205 0.0121859 0.00864926 0.00577105 0.0035823
 0.0103714 0.0164802 0.0241148 0.0329762 0.0426385 0.0524642 0.061538 0.0688279 0.0735428 0.075398 0.0745885 0.0715629 0.066822 0.0608416 0.0540704 0.0469335 0.0398154 0.0330286 0.0267854 0.0211927 0.0162806 0.0120492 0.00850423 0.00566001 0.00351303
 0.0103864 0.0164831 0.0240798 0.0328668 0.0424174 0.052108 0.0610486 0.068233 0.0728866 0.0747326 0.0739752 0.0710803 0.0665654 0.0608997 0.0544837 0.047657 0.0407164 0.0339284 0.0275258 0.0216896 0.0165373 0.0121292 0.00848837 0.00561239 0.00346897
 0.0105358 0.0166953 0.0243407 0.0331408 0.0426524 0.0522478 0.0610449 0.068056 0.072532 0.0742253 0.0733677 0.0704449 0.065985 0.0604584 0.0542538 0.0476802 0.0409821 0.0343666 0.0280253 0.0221387 0.0168638 0.0123172 0.00856584 0.00562457 0.00345487
 0.010486 0.0166351 0.0242876 0.0331205 0.042688 0.0523438 0.0611763 0.0681711 0.0725699 0.0741403 0.0731463 0.0701108 0.0655912 0.0600739 0.0539497 0.0475157 0.0409905 0.0345428 0.0283233 0.0224851 0.0171837 0.0125607 0.00871927 0.00570299 0.00348542
 0.0103881 0.0164931 0.0241069 0.0329197 0.0424972 0.0521982 0.0611083 0.0682 0.0726915 0.0743213 0.0733301 0.0702362 0.0656166 0.0599944 0.0537985 0.047351 0.0408739 0.034518 0.0284019 0.0226443 0.0173788 0.0127447 0.00886081 0.00579335 0.00353309
 0.010403 0.0165166 0.0241408 0.0329657 0.0425574 0.0522755 0.0612063 0.0683219 0.0728376 0.0744846 0.0734928 0.0703684 0.0656818 0.0599623 0.0536593 0.0471241 0.040605 0.0342634 0.0282086 0.0225345 0.0173457 0.0127621 0.00889819 0.00582826 0.00355595
 0.0103433 0.0164202 0.0239976 0.0327685 0.0423053 0.0519787 0.06089 0.0680252 0.072606 0.0743584 0.0734953 0.0704989 0.0659148 0.0602524 0.0539535 0.047377 0.0407927 0.0343887 0.0282934 0.0226055 0.0174204 0.0128428 0.00897625 0.0058931 0.00360182
 0.0104427 0.016568 0.0241936 0.0330019 0.0425553 0.0522174 0.0610865 0.0681505 0.0726406 0.0742995 0.07336 0.0703193 0.065727 0.060084 0.0538154 0.0472641 0.0406913 0.0342875 0.0281915 0.0225117 0.0173466 0.0127961 0.00895487 0.00588903 0.00360575
 0.0104455 0.0165852 0.0242425 0.0331043 0.0427301 0.0524692 0.0613962 0.0684759 0.0729273 0.0744981 0.0734404 0.0702781 0.0655847 0.0598764 0.0535816 0.0470353 0.0404848 0.0341081 0.0280374 0.0223816 0.0172418 0.0127185 0.00890412 0.00586058 0.00359258
 0.0104031 0.0165233 0.0241631 0.0330165 0.0426502 0.0524196 0.0614017 0.0685565 0.0730885 0.0747232 0.0736909 0.0705048 0.0657448 0.0599476 0.0535668 0.0469562 0.0403705 0.033984 0.0279205 0.0222802 0.0171593 0.0126559 0.00886075 0.00583386 0.00357834
 0.010328 0.016403 0.0239863 0.0327756 0.0423459 0.0520658 0.0610302 0.0682158 0.0728347 0.0746043 0.0737317 0.0706975 0.0660512 0.0603105 0.0539274 0.0472708 0.040618 0.034164 0.0280445 0.0223633 0.0172144 0.0126925 0.00888508 0.00585014 0.0035892
 0.0102538 0.0162956 0.0238484 0.0326171 0.0421791 0.0518997 0.0608669 0.0680538 0.0726761 0.074462 0.0736299 0.0706647 0.0661076 0.0604571 0.0541435 0.04752 0.0408615 0.0343727 0.028205 0.0224763 0.0172888 0.0127393 0.0089138 0.00586758 0.00359972
 0.0101599 0.0161541 0.0236571 0.0323825 0.0419161 0.0516298 0.060615 0.0678439 0.072526 0.0743783 0.0736089 0.0706984 0.0661908 0.06059 0.0543261 0.0477451 0.041111 0.0346213 0.0284283 0.0226582 0.0174247 0.0128333 0.0089748 0.005905 0.00362152
 0.0101159 0.0160816 0.0235463 0.032225 0.0417079 0.0513756 0.0603322 0.0675617 0.0722792 0.0741977 0.0735128 0.0706894 0.066259 0.0607194 0.0545014 0.0479538 0.0413415 0.0348596 0.0286576 0.0228617 0.0175905 0.0129573 0.00906008 0.00595918 0.00365342
 0.01024 0.0162652 0.0237884 0.0325109 0.0420114 0.0516635 0.0605692 0.0677157 0.0723275 0.0741337 0.0733486 0.0704531 0.0659859 0.0604432 0.0542481 0.0477405 0.0411771 0.0347456 0.028589 0.0228282 0.0175793 0.012957 0.00906291 0.00596148 0.00365441
 0.0104868 0.0166348 0.0242851 0.0331162 0.0426864 0.0523558 0.0612182 0.0682577 0.0727033 0.0743 0.0732886 0.0701806 0.0655417 0.0598851 0.0536391 0.0471376 0.0406242 0.0342706 0.028204 0.0225328 0.0173641 0.0128077 0.00896395 0.00589892 0.00361688
 0.0105929 0.0168066 0.0245414 0.0334713 0.0431442 0.0529017 0.0618134 0.0688411 0.0732042 0.074656 0.07346 0.0701552 0.0653321 0.0595232 0.0531697 0.0466118 0.0400924 0.0337755 0.0277754 0.0221859 0.0171006 0.0126194 0.00883743 0.00581897 0.0035695
 0.010565 0.0167836 0.0245481 0.0335448 0.0433249 0.0532175 0.0622654 0.0693976 0.0738056 0.0752274 0.0739272 0.0704587 0.0654379 0.0594273 0.0528963 0.0462061 0.03961 0.0332725 0.0273001 0.0217727 0.0167679 0.0123704 0.00866412 0.00570684 0.00350222
 0.0105938 0.0168417 0.0246568 0.0337319 0.0436192 0.0536395 0.0628166 0.0700538 0.0745163 0.0759222 0.0745261 0.0708865 0.0656386 0.0593762 0.0526044 0.0457161 0.0389862 0.0325878 0.0266235 0.0211595 0.0162542 0.0119715 0.00837701 0.00551574 0.00338497
 0.0103582 0.0164828 0.0241634 0.0331147 0.0429142 0.0529088 0.0621472 0.0695481 0.0742707 0.0759981 0.0749277 0.071556 0.066471 0.0602458 0.0533946 0.0463433 0.0394118 0.032817 0.0266938 0.0211237 0.0161644 0.0118689 0.00828672 0.0054484 0.00334092
 0.0101479 0.0161435 0.023659 0.0324178 0.0420162 0.0518357 0.0609722 0.0683926 0.0732847 0.0753267 0.074676 0.0717647 0.0671078 0.0612131 0.0545508 0.047535 0.0405061 0.0337254 0.0273801 0.0215975 0.0164642 0.0120433 0.00838061 0.00549567 0.0033635
 0.0101737 0.016165 0.0236526 0.0323464 0.0418356 0.0515065 0.0604745 0.0677368 0.072518 0.0745316 0.0739605 0.0712423 0.0668706 0.0613052 0.0549546 0.0481746 0.0412685 0.0344919 0.0280556 0.0221282 0.0168389 0.0122823 0.0085189 0.00556855 0.00339871
 0.010203 0.0161971 0.0236719 0.0323264 0.0417436 0.0513114 0.0601554 0.0672887 0.0719555 0.0738909 0.0733001 0.0706396 0.0664115 0.0610673 0.0549859 0.0484767 0.0417923 0.0351483 0.0287409 0.0227517 0.0173432 0.0126488 0.00875985 0.00571262 0.00347741
 0.0104884 0.0166694 0.0243941 0.0333514 0.0430895 0.0529286 0.0619029 0.0689429 0.0732606 0.074632 0.0733628 0.0700334 0.0652563 0.0595568 0.053342 0.0469037 0.04044 0.0340921 0.0279837 0.0222454 0.0170186 0.0124416 0.00862433 0.00562197 0.00341754
 0.00993738 0.0159029 0.0234818 0.0324453 0.042389 0.0526192 0.0620977 0.0696516 0.0743869 0.0759938 0.0747294 0.0711778 0.066011 0.0598538 0.0532209 0.0464859 0.0398817 0.0335365 0.0275268 0.021925 0.0168249 0.0123396 0.00857603 0.00559944 0.00340556
 0.00898519 0.0144325 0.0214222 0.0298055 0.0392809 0.0492775 0.058883 0.0670076 0.0727364 0.0756065 0.0756306 0.0731465 0.068662 0.0627575 0.056011 0.0489245 0.0418727 0.0350956 0.0287291 0.0228551 0.0175469 0.0128918 0.00898104 0.00587745 0.00358101
#obs surv len freq
 0.00496284 0.00813197 0.0123744 0.0177049 0.0239971 0.0308832 0.0377342 0.0438235 0.0485996 0.0518625 0.0537333 0.0544998 0.0544831 0.0539806 0.0532523 0.0525111 0.0519014 0.0514577 0.0510414 0.0502832 0.0486011 0.0453645 0.0401964 0.0332657 0.0253541
 0.0051889 0.00849618 0.0129169 0.0184622 0.024997 0.0321361 0.0392219 0.0454925 0.0503644 0.0536171 0.0553656 0.0559027 0.0555616 0.0546558 0.053464 0.0522211 0.0510985 0.050164 0.0493183 0.0482348 0.0463712 0.0431251 0.0381238 0.0315065 0.0239938
 0.00541467 0.00886953 0.0134902 0.0192871 0.0261132 0.0335544 0.0409079 0.0473645 0.0523083 0.055512 0.0571027 0.0573912 0.0567245 0.0554246 0.0537767 0.0520257 0.0503602 0.0488764 0.0475173 0.0460118 0.0438781 0.0405632 0.035712 0.0294349 0.022379
 0.00563352 0.00923026 0.0140427 0.0200822 0.0271939 0.0349414 0.0425834 0.0492636 0.0543256 0.05752 0.0589723 0.0590081 0.0579973 0.0562844 0.0541711 0.0519112 0.0497005 0.0476512 0.0457406 0.0437543 0.0412828 0.0378405 0.0331061 0.0271679 0.0205953
 0.00588243 0.00963235 0.0146433 0.0209228 0.0283055 0.0363339 0.0442341 0.0511114 0.0562779 0.0594671 0.0608024 0.0606162 0.05929 0.0571834 0.0546141 0.0518501 0.0490987 0.0464861 0.0440171 0.0415282 0.0386831 0.0350724 0.0304213 0.024806 0.01872
 0.0061262 0.0100364 0.0152652 0.0218195 0.0295204 0.0378769 0.0460636 0.0531314 0.0583566 0.0614674 0.0626068 0.0621356 0.0604596 0.0579534 0.0549425 0.0516988 0.0484338 0.0452835 0.0422764 0.0392955 0.0360752 0.032284 0.0277004 0.0223963 0.0167945
 0.00637519 0.0104417 0.0158766 0.0226847 0.0306772 0.0393401 0.047809 0.0550875 0.0604104 0.0634823 0.064446 0.063681 0.0616242 0.0586829 0.0552084 0.0514857 0.0477293 0.0440769 0.0405709 0.0371318 0.0335574 0.0295907 0.0250646 0.0200524 0.0149132
 0.00660239 0.0108174 0.0164536 0.0235154 0.0318025 0.0407721 0.0495146 0.0569845 0.0623809 0.0653973 0.0661851 0.0651428 0.062728 0.0593696 0.0554403 0.0512443 0.0470092 0.0428812 0.0389157 0.0350625 0.0311712 0.0270498 0.0225814 0.0178424 0.0131356
 0.00685403 0.0112269 0.0170707 0.0243865 0.032962 0.0422275 0.0512319 0.0588814 0.0643373 0.0672773 0.0678604 0.0665085 0.0637094 0.059921 0.0555398 0.0508861 0.046198 0.04163 0.0372503 0.0330348 0.0288767 0.0246384 0.0202442 0.0157723 0.0114745
 0.00705389 0.011559 0.0175836 0.0251294 0.0339741 0.0435217 0.0527783 0.0606033 0.0661228 0.0690016 0.0694068 0.0677802 0.0646332 0.0604482 0.0556443 0.0505611 0.0454503 0.0404773 0.0357237 0.0311886 0.0268026 0.0224725 0.0181557 0.0139292 0.00999861
 0.0072763 0.0119215 0.0181307 0.0259028 0.0350044 0.044815 0.0543023 0.0622817 0.0678446 0.0706418 0.0708474 0.0689252 0.0654158 0.0608309 0.0556151 0.0501264 0.0446288 0.0392965 0.0342219 0.0294233 0.0248616 0.0204791 0.0162578 0.01227 0.00867916
 0.00743312 0.0121819 0.0185326 0.026485 0.0357984 0.0458327 0.0555234 0.0636491 0.0692728 0.0720322 0.0721041 0.0699644 0.0661706 0.0612543 0.055681 0.0498289 0.0439787 0.0383183 0.0329537 0.0279218 0.023209 0.0187852 0.0146504 0.0108696 0.00756898
 0.00753167 0.0123423 0.0187751 0.02683 0.036265 0.0464344 0.0562624 0.0645115 0.070226 0.0730275 0.0730807 0.0708552 0.066909 0.0617809 0.0559489 0.0498069 0.0436536 0.0376954 0.032058 0.0268007 0.0219354 0.0174562 0.0133766 0.00975416 0.00668239
 0.00761315 0.0124695 0.0189571 0.0270725 0.0365705 0.0468032 0.0566919 0.064996 0.0707575 0.0735954 0.07367 0.0714433 0.0674622 0.0622546 0.0562924 0.0499711 0.043599 0.0373997 0.0315217 0.0260511 0.0210284 0.0164731 0.0124125 0.00889796 0.00599611
 0.00766264 0.0125451 0.0190619 0.0272063 0.0367305 0.0469852 0.0568918 0.0652108 0.0709872 0.0738444 0.0739454 0.0717508 0.0677993 0.0626049 0.056623 0.0502358 0.0437468 0.0373854 0.0313178 0.0256571 0.0204754 0.0158213 0.0117396 0.00828069 0.00549094
 0.00772025 0.0126335 0.0191848 0.0273633 0.0369164 0.0471902 0.0571023 0.0654111 0.0711635 0.0739896 0.0740629 0.0718526 0.0679019 0.0627207 0.056753 0.0503649 0.0438438 0.0374102 0.0312327 0.0254408 0.020133 0.015387 0.0112689 0.00783463 0.00511768
 0.00778248 0.0127273 0.0193122 0.027521 0.0370965 0.0473816 0.0572919 0.0655849 0.0713085 0.0740964 0.0741287 0.0718826 0.0679078 0.0627178 0.0567547 0.0503768 0.0438585 0.0374067 0.0311824 0.0253176 0.0199264 0.0151092 0.0109532 0.00752415 0.00485065
 0.0078377 0.0128132 0.019434 0.0276798 0.0372885 0.0475969 0.0575135 0.0657911 0.0714771 0.0742114 0.0741839 0.0718822 0.0678635 0.0626452 0.05667 0.0502931 0.0437821 0.0373341 0.0311002 0.0252078 0.0197755 0.0149169 0.0107351 0.00730673 0.00466038
 0.00786521 0.0128567 0.019497 0.0277647 0.037396 0.0477247 0.0576561 0.0659386 0.0716166 0.0743294 0.0742688 0.0719274 0.0678681 0.0626144 0.0566134 0.0502219 0.0437061 0.0372579 0.0310217 0.0251192 0.019668 0.0147874 0.0105899 0.00716061 0.00453037
 0.00786494 0.0128543 0.0194901 0.0277504 0.0373725 0.0476934 0.0576229 0.0659133 0.07161 0.0743491 0.0743165 0.0719976 0.0679502 0.0626962 0.0566847 0.0502767 0.043743 0.0372778 0.0310249 0.0251042 0.0196321 0.0147297 0.0105149 0.00707808 0.00445233
 0.00788269 0.0128737 0.0195019 0.0277406 0.0373263 0.0476021 0.0574892 0.0657531 0.0714484 0.0742138 0.0742306 0.0719745 0.0679914 0.0627912 0.0568152 0.0504217 0.0438838 0.0374009 0.0311224 0.0251721 0.0196691 0.0147373 0.0104982 0.00704558 0.00441424
 0.00788737 0.0128822 0.0195155 0.0277596 0.0373476 0.0476174 0.0574848 0.065714 0.0713656 0.0740911 0.0740871 0.071839 0.0678929 0.062749 0.0568338 0.0504917 0.0439866 0.0375156 0.0312306 0.0252607 0.0197313 0.0147718 0.0105084 0.00703836 0.0043978
 0.00789189 0.0128843 0.0195094 0.0277374 0.0373022 0.0475465 0.0573934 0.0656124 0.0712649 0.0739982 0.0740041 0.071767 0.0678369 0.0627191 0.0568413 0.0505429 0.0440784 0.0376354 0.0313604 0.0253826 0.0198318 0.0148442 0.0105526 0.00705938 0.00440315
 0.00789518 0.0128879 0.0195112 0.0277337 0.0372877 0.047515 0.0573395 0.065534 0.0711653 0.0738869 0.0738948 0.0716733 0.0677685 0.0626811 0.0568359 0.0505711 0.0441394 0.0377248 0.0314683 0.0254953 0.0199352 0.0149277 0.0106117 0.00709529 0.00442121
 0.00788065 0.0128639 0.0194744 0.0276809 0.0372169 0.0474262 0.0572358 0.0654217 0.0710523 0.0737815 0.0738045 0.0716052 0.0677287 0.0626741 0.0568632 0.0506313 0.0442284 0.0378362 0.0315937 0.0256241 0.0200557 0.01503 0.0106896 0.00714817 0.00445282
 0.00787848 0.0128588 0.0194641 0.0276619 0.0371856 0.0473798 0.0571738 0.0653461 0.0709677 0.0736941 0.0737213 0.071533 0.0676736 0.0626411 0.0568562 0.0506521 0.0442766 0.0379085 0.0316839 0.0257236 0.0201545 0.0151185 0.010761 0.00719978 0.00448595
 0.00786069 0.0128316 0.0194262 0.0276132 0.0371268 0.0473124 0.0570996 0.0652678 0.0708891 0.0736199 0.0736566 0.0714827 0.0676418 0.0626306 0.0568685 0.0506873 0.0443336 0.0379846 0.0317744 0.0258218 0.0202522 0.0152072 0.0108344 0.00725452 0.00452262
 0.00782297 0.0127703 0.0193341 0.0274849 0.0369603 0.0471127 0.0568805 0.0650512 0.0706998 0.073479 0.0735762 0.0714649 0.0676809 0.0627166 0.05699 0.0508335 0.0444951 0.0381532 0.0319429 0.025983 0.0203989 0.0153332 0.010935 0.00732863 0.00457237
 0.00779687 0.0127233 0.0192552 0.0273613 0.0367817 0.0468758 0.056595 0.0647405 0.0703974 0.0732208 0.0733924 0.0713742 0.0676881 0.0628134 0.0571587 0.0510519 0.0447409 0.0384073 0.0321899 0.0262112 0.0205996 0.0155002 0.0110655 0.00742333 0.00463558
 0.00778345 0.0126971 0.0192076 0.027281 0.0366568 0.0466979 0.0563629 0.0644635 0.0700953 0.0729223 0.0731305 0.0711809 0.0675875 0.0628169 0.0572625 0.0512393 0.0449869 0.0386843 0.0324723 0.0264781 0.0208358 0.0156965 0.0112181 0.00753353 0.00470891
 0.00774461 0.0126371 0.0191228 0.0271698 0.0365185 0.0465325 0.0561713 0.0642487 0.0698644 0.0726871 0.0729088 0.0709944 0.0674593 0.0627667 0.0573019 0.0513681 0.0451922 0.0389432 0.0327571 0.0267613 0.0210948 0.0159157 0.01139 0.00765808 0.00479187
 0.00933324 0.0148583 0.0217985 0.0299119 0.0388427 0.0480388 0.0566864 0.0638508 0.0687968 0.071234 0.0713054 0.0693978 0.0659615 0.0614188 0.0561329 0.050393 0.0444139 0.0383521 0.0323322 0.0264738 0.0209129 0.0158091 0.011333 0.00763105 0.00478106
 0.00932014 0.0151335 0.0227351 0.0319718 0.0423755 0.0530095 0.0625034 0.0694625 0.0730653 0.073384 0.0711789 0.0673944 0.0627603 0.057689 0.0523689 0.0468897 0.0413164 0.0357157 0.030163 0.0247503 0.0195954 0.0148458 0.0106641 0.00719361 0.00451405
 0.0089863 0.014605 0.0219883 0.0310523 0.0414535 0.0524192 0.062704 0.0708752 0.0758221 0.0771397 0.0751534 0.0706692 0.064663 0.0580261 0.0513962 0.0450979 0.0391988 0.0336341 0.0283233 0.0232381 0.0184225 0.0139842 0.0100662 0.00680396 0.00427733
 0.00880184 0.0142992 0.0215174 0.0303746 0.040545 0.0513037 0.0614933 0.069798 0.0752094 0.0773346 0.0763574 0.0727941 0.0672941 0.0605559 0.0532711 0.0460306 0.0392272 0.0330224 0.0274004 0.0222736 0.0175789 0.0133276 0.00959951 0.00649799 0.00409202
 0.00874465 0.014196 0.0213425 0.0300959 0.040129 0.0507258 0.0607518 0.0689298 0.0743048 0.0765469 0.0758921 0.0728586 0.0680081 0.0618614 0.0549092 0.0476236 0.0404324 0.0336643 0.027507 0.0220117 0.0171507 0.0128917 0.00924282 0.00624581 0.00393338
 0.00871261 0.0141451 0.0212675 0.02999 0.0399827 0.0505249 0.0604784 0.0685671 0.0738471 0.0760141 0.0753437 0.0723996 0.067774 0.0619752 0.0554186 0.0484548 0.0413976 0.0345337 0.0281054 0.0222818 0.0171488 0.0127325 0.00903685 0.00606417 0.00380365
 0.00867751 0.0140875 0.0211798 0.0298656 0.0398177 0.0503202 0.060241 0.0683079 0.0735761 0.0757365 0.0750625 0.072127 0.0675447 0.0618501 0.0554695 0.0487286 0.0418791 0.0351342 0.0286925 0.0227365 0.0174135 0.0128218 0.0090111 0.00599032 0.0037287
 0.00865689 0.0140539 0.0211291 0.0297937 0.039721 0.0501966 0.0600913 0.068137 0.0733921 0.0755493 0.0748807 0.0719574 0.0673949 0.0617349 0.0554163 0.0487728 0.0420474 0.035422 0.0290538 0.023097 0.0177031 0.0130036 0.0090902 0.00599945 0.00370557
 0.00864742 0.0140386 0.0211061 0.0297612 0.0396771 0.0501399 0.060021 0.068053 0.0732955 0.0754423 0.0747671 0.0718419 0.0672837 0.0616365 0.0553431 0.0487425 0.0420794 0.0355289 0.0292294 0.0233124 0.0179148 0.0131726 0.00919774 0.00604994 0.00371778
 0.00866707 0.0140659 0.0211386 0.0297934 0.0397022 0.0501515 0.060015 0.0680281 0.0732524 0.0753823 0.0746921 0.0717544 0.0671875 0.0615377 0.0552504 0.0486678 0.0420368 0.0355313 0.0292822 0.0234081 0.0180328 0.0132867 0.00928661 0.00610533 0.00374389
 0.0086318 0.0140177 0.0210827 0.0297399 0.0396621 0.0501318 0.0600148 0.068039 0.0732631 0.0753839 0.0746808 0.0717316 0.0671568 0.0615031 0.0552159 0.0486385 0.0420197 0.0355344 0.0293122 0.0234655 0.01811 0.0133694 0.00935974 0.00615907 0.00377643
 0.00863678 0.0140206 0.021078 0.0297206 0.0396235 0.0500755 0.0599513 0.067985 0.0732335 0.0753842 0.0747045 0.0717643 0.0671838 0.0615153 0.0552122 0.0486235 0.0420014 0.0355218 0.029313 0.023484 0.0181453 0.0134149 0.00940601 0.00619776 0.00380336
 0.00864539 0.0140364 0.0211047 0.0297615 0.0396789 0.0501408 0.0600156 0.0680342 0.0732565 0.0753788 0.0746774 0.0717265 0.0671438 0.0614757 0.0551708 0.048578 0.0419527 0.0354747 0.0292742 0.0234594 0.0181372 0.0134214 0.00942148 0.00621559 0.00381852
 0.0086206 0.0140005 0.0210592 0.029711 0.0396308 0.0501033 0.0599959 0.068036 0.0732785 0.0754145 0.0747175 0.0717623 0.067171 0.0614946 0.0551835 0.0485862 0.0419567 0.0354749 0.0292726 0.0234593 0.0181417 0.0134314 0.00943556 0.00623066 0.00383158
 0.00862177 0.0139976 0.0210461 0.02968 0.0395756 0.0500233 0.0598993 0.0679394 0.0732013 0.0753717 0.0747146 0.0717946 0.0672268 0.0615601 0.0552481 0.0486435 0.0420045 0.0355132 0.0293027 0.0234832 0.0181618 0.0134495 0.00945228 0.00624547 0.00384354
 0.00862177 0.0139976 0.0210461 0.02968 0.0395756 0.0500233 0.0598993 0.0679394 0.0732013 0.0753717 0.0747146 0.0717946 0.0672268 0.0615601 0.0552481 0.0486435 0.0420045 0.0355132 0.0293027 0.0234832 0.0181618 0.0134495 0.00945228 0.00624547 0.00384354
 0.0086269 0.0140079 0.0210649 0.0297102 0.0396176 0.0500726 0.0599453 0.0679682 0.073202 0.0753421 0.0746633 0.0717368 0.067177 0.0615266 0.0552311 0.0486382 0.0420047 0.0355143 0.0293029 0.0234827 0.0181616 0.0134506 0.00945511 0.00624956 0.00384793
 0.00863305 0.0140181 0.0210807 0.0297335 0.0396504 0.0501161 0.0599993 0.0680289 0.0732616 0.0753894 0.0746872 0.0717309 0.0671429 0.0614735 0.0551714 0.0485825 0.0419584 0.0354784 0.0292754 0.0234616 0.0181457 0.0134395 0.00944826 0.00624623 0.003847
 0.00863128 0.0140171 0.0210826 0.0297414 0.0396676 0.0501449 0.0600396 0.0680787 0.0733163 0.0754436 0.0747343 0.0717637 0.0671552 0.0614623 0.0551387 0.0485348 0.041905 0.0354272 0.0292315 0.0234267 0.0181194 0.0134207 0.00943581 0.00623871 0.00384304
 0.00871585 0.0141508 0.0212761 0.0300007 0.0399909 0.0505192 0.0604378 0.0684609 0.0736377 0.0756648 0.0748315 0.0717322 0.0670071 0.0612215 0.0548348 0.0481983 0.041564 0.0351052 0.0289456 0.023187 0.0179294 0.0132783 0.00933544 0.00617257 0.00380263
 0.0088409 0.0143554 0.0215855 0.0304363 0.0405625 0.0512144 0.0612128 0.069241 0.0743316 0.0761871 0.0751219 0.0717664 0.0667963 0.0608047 0.0542686 0.0475463 0.0408864 0.0344526 0.0283559 0.0226841 0.0175242 0.0129705 0.00911587 0.00602636 0.00371236
 0.00889858 0.0144575 0.0217546 0.0306987 0.0409419 0.051722 0.0618371 0.0699428 0.0750475 0.0768398 0.0756349 0.0720771 0.0668682 0.0606336 0.0538826 0.0469978 0.0402411 0.0337773 0.0277084 0.0221076 0.0170448 0.0125978 0.00884541 0.00584405 0.0035988
 0.00891292 0.0144818 0.0217936 0.0307596 0.0410356 0.0518632 0.0620427 0.0702267 0.0754125 0.0772702 0.076093 0.0725073 0.0672082 0.0608293 0.0539017 0.0468376 0.0399279 0.0333589 0.0272421 0.0216479 0.0166343 0.0122621 0.00859302 0.0056696 0.00348823
 0.00904467 0.0146871 0.0220854 0.0311421 0.0415015 0.0523916 0.0625976 0.0707612 0.0758792 0.0776338 0.0763368 0.0726304 0.0672154 0.0607234 0.0536815 0.0465036 0.0394905 0.0328435 0.0266882 0.021102 0.0161397 0.0118498 0.00827727 0.00544778 0.00334573
 0.00884276 0.0143798 0.0216633 0.0306139 0.0408962 0.0517578 0.0620023 0.0702824 0.0755907 0.0775855 0.0765408 0.0730585 0.0678088 0.0614059 0.0543729 0.0471314 0.0399994 0.0332033 0.0268965 0.0211812 0.0161274 0.0117876 0.00819997 0.00537804 0.00329366
 0.0087846 0.0142569 0.0214278 0.0302088 0.0402757 0.0509167 0.0609991 0.0692385 0.074661 0.0769135 0.0762216 0.0731225 0.068225 0.0620977 0.0552374 0.0480585 0.0408891 0.0339787 0.0275119 0.0216241 0.0164134 0.0119503 0.00827881 0.00540809 0.00330027
 0.0088309 0.0143263 0.0215189 0.0303097 0.040359 0.050937 0.060898 0.0689625 0.0741895 0.0762836 0.0755302 0.0725005 0.0677941 0.0619314 0.0553451 0.0483917 0.0413638 0.0345012 0.0280013 0.0220261 0.0167055 0.0121372 0.00838255 0.00545644 0.00331769
 0.00876613 0.0142319 0.021397 0.0301695 0.0402137 0.0507981 0.0607694 0.0688359 0.0740445 0.0760941 0.0752795 0.0721986 0.0674863 0.0616896 0.055241 0.0484676 0.0416154 0.0348808 0.0284369 0.0224462 0.0170582 0.0123988 0.00855468 0.00555691 0.00336947
 0.00911551 0.0147724 0.0221574 0.0311533 0.0413931 0.052109 0.0621071 0.0700606 0.0750035 0.0766554 0.0753623 0.0717898 0.0666424 0.0605266 0.0539135 0.0471389 0.0404231 0.0339102 0.0277131 0.0219445 0.0167279 0.0121861 0.00841694 0.00546661 0.00331075
 0.00900937 0.0146495 0.0220639 0.0311617 0.0415822 0.0525312 0.0627612 0.0708851 0.0758929 0.0774887 0.076028 0.0722024 0.0667518 0.0603254 0.0534408 0.0464758 0.0396765 0.0331872 0.0270946 0.0214708 0.0163987 0.011975 0.00828906 0.00539135 0.00326687
 0.00863387 0.0140409 0.0211579 0.0299175 0.0400114 0.0507326 0.060939 0.0693221 0.0748719 0.0771948 0.076486 0.0732806 0.0682205 0.0619321 0.0549722 0.0477921 0.0407195 0.0339669 0.0276618 0.0218865 0.0167119 0.0122144 0.0084681 0.0055173 0.00334798
#pred catch len freq
 0.00518118 0.00817659 0.011881 0.0161779 0.0209805 0.0262118 0.0317255 0.0372706 0.0425419 0.0472609 0.051225 0.054322 0.056531 0.0579089 0.0585556 0.0585731 0.0580388 0.0569905 0.0554009 0.0531367 0.049936 0.045476 0.039565 0.0323779 0.0245548
 0.00546383 0.00855604 0.0123101 0.0165792 0.0212882 0.0264273 0.0319463 0.0376603 0.0432448 0.0483101 0.0525012 0.0555906 0.0575345 0.0584633 0.0586067 0.058195 0.0573834 0.0562129 0.0545955 0.0523123 0.0490439 0.0444724 0.0384665 0.0312724 0.0235632
 0.00592731 0.00926389 0.0132855 0.0178008 0.0226833 0.0278736 0.0332898 0.0387578 0.0440246 0.048813 0.0528595 0.0559409 0.0579209 0.0588001 0.0587283 0.0579532 0.0567246 0.0551909 0.0533244 0.0509035 0.0475716 0.0429834 0.0370141 0.0299351 0.0224297
 0.00630611 0.00986998 0.0141798 0.0190336 0.0242839 0.0298316 0.0355298 0.0411228 0.0462874 0.050725 0.0542238 0.0566773 0.0580797 0.0585109 0.0581119 0.0570607 0.0555409 0.0536894 0.0515218 0.0488749 0.0454308 0.0408571 0.0350262 0.0281977 0.021027
 0.00674825 0.0105476 0.0151262 0.0202615 0.0257965 0.0316333 0.0376239 0.0434879 0.0488439 0.0533099 0.0565962 0.0585647 0.0592546 0.0588604 0.0576602 0.0559296 0.0538794 0.0516202 0.0491357 0.0462605 0.0427055 0.0381726 0.0325494 0.0260764 0.019356
 0.00716864 0.0111982 0.0160449 0.0214637 0.0272767 0.0333696 0.0395787 0.045609 0.0510673 0.0555597 0.0587745 0.0605346 0.0608362 0.059857 0.0579119 0.0553659 0.0525367 0.0496183 0.0466346 0.0434319 0.0397281 0.0352375 0.0298505 0.0237804 0.0175651
 0.00762661 0.0119054 0.0170408 0.0227634 0.0288737 0.0352391 0.041675 0.0478595 0.0533723 0.0578025 0.060837 0.0623082 0.0622215 0.0607552 0.0582205 0.0549911 0.0514241 0.0477832 0.0441746 0.0405166 0.0365771 0.0320947 0.0269538 0.0213236 0.0156605
 0.00810947 0.0126508 0.0180897 0.0241304 0.0305498 0.0371952 0.0438595 0.0501921 0.0557433 0.0600814 0.0628877 0.0640054 0.0634639 0.0614695 0.0583565 0.0545116 0.0503022 0.0460159 0.041808 0.0376691 0.0334432 0.0289239 0.0240065 0.0188162 0.0137185
 0.00854908 0.0133319 0.0190534 0.0253955 0.0321146 0.0390393 0.0459396 0.0524348 0.0580428 0.0623073 0.0648994 0.0656688 0.0646668 0.0621329 0.0584361 0.0539919 0.0491862 0.0443225 0.0395829 0.0350061 0.0305024 0.0259267 0.0211997 0.0164153 0.0118538
