SBPRF35
10.6363
Curr Bio
569731
B35
726191
F35
0.183752
FOFL
0.142429
OFL
66268.3
Bzero
3.03893e+006
#pred survey bio
 3.26327e+006 2.96037e+006 2.69362e+006 2.44701e+006 2.16901e+006 1.90556e+006 1.71126e+006 1.52101e+006 1.34057e+006 1.16875e+006 1.03365e+006 930443 847153 769801 716951 675150 636691 613123 596560 590083 588125 580075 578315 572820 570106 562061 557315 558942 554074 547746 535500 530093 523084 523612 521856 528441 539155 542837 548686 555901 561571 556397 554692 558090 566948 561727 559931 544693 510169 533052 571367 600104 578844 532874 496515 498658 565543 580335 545577 553668 564633 553225 583439 575109 2.01674e+007 1.25012e+007 1.31776e+007 1.43552e+007 1.58113e+007 1.73111e+007 1.86966e+007 1.98885e+007 2.0865e+007 2.16381e+007 2.22359e+007 2.26906e+007 2.30329e+007 2.32888e+007 2.34796e+007 2.36218e+007 2.3728e+007 2.38075e+007 2.38672e+007 2.39124e+007 2.39467e+007 2.39728e+007 2.39929e+007 2.40084e+007 2.40204e+007 2.40298e+007 2.40371e+007 2.40428e+007 2.40473e+007 2.40508e+007 2.40536e+007 2.40559e+007 2.40576e+007 2.4059e+007 2.40601e+007 2.4061e+007 2.40618e+007 2.40623e+007 2.40628e+007 2.40632e+007 2.40634e+007 2.40637e+007 2.40639e+007 2.4064e+007 2.40641e+007 2.40642e+007 2.40643e+007 2.40644e+007 2.40644e+007 2.40645e+007 2.40645e+007 2.40645e+007 2.40645e+007 2.40646e+007 2.40646e+007 2.40646e+007 2.40646e+007 2.40646e+007 2.40646e+007 2.40646e+007 2.40646e+007 2.40646e+007 2.40646e+007 2.40646e+007 2.40646e+007 2.40646e+007 2.40646e+007 2.40646e+007 2.40646e+007 2.40646e+007 2.40646e+007 2.40646e+007 2.40646e+007 2.40646e+007 2.40646e+007 2.40646e+007 2.40646e+007 2.40646e+007 2.40646e+007 2.40646e+007 2.40646e+007 2.40646e+007 2.40646e+007 2.40646e+007 2.40646e+007 2.40646e+007 2.40646e+007 2.40646e+007 2.40646e+007 2.40646e+007 2.40646e+007 2.40646e+007 2.40646e+007 2.40646e+007 2.40646e+007 2.40646e+007 2.40646e+007 2.40646e+007 2.40646e+007 2.40646e+007 0 0 0 0 0 0 0 0 0 0 0 0 0 0 0 0 0 0 0 0 0 0 0 0 0
#obs survey bio
 3.04415e+006 2.66297e+006 2.32805e+006 2.42224e+006 2.63923e+006 1.61293e+006 1.67688e+006 1.6479e+006 986435 1.36304e+006 1.07802e+006 821149 571586 784155 594726 594442 526167 622794 414981 610789 498960 941059 730300 659528 587989 562918 419867 509476 516847 482884 429886 669779 567208 577320 604490 627970 655338 708200 557643 448921 816164 562085 725545 643696 547371 614912 644843 543665 485612 522023 801056 824812 676078 557635 407135 452963 623430 489824 544090 603575 456110 636248 500955 423288
#pred catch bio
 284466 268289 267761 313323 315733 267431 275214 274413 271137 240361 212853 195316 188502 164934 153031 147027 131142 122899 113246 109067 113286 106433 107788 103503 106076 101775 95701.6 100113 99188.8 101188 92443.3 92887.7 88661.4 93715.1 88706.1 86786.9 93513.2 91808.8 90978.1 92507.5 100826 96554.4 91573.7 86935.4 98288.4 94234.7 104605 119291 71149.5 60981.3 70480 111763 130256 120429 88453.5 38234.3 84789.1 124645 87857.8 87658.1 107548 74251.7 107897 98031.7 66268.3 86519.2 90118.8 97117.5 106628 116616 125781 133534 139741 144516 148082 150684 152551 153871 154794 155434 155875 156177 156383 156523 156618 156682 156725 156754 156774 156787 156795 156801 156805 156808 156810 156811 156812 156812 156812 156813 156813 156813 156813 156813 156813 156813 156813 156813 156813 156813 156813 156813 156813 156813 156813 156813 156813 156813 156813 156813 156813 156813 156813 156813 156813 156813 156813 156813 156813 156813 156813 156813 156813 156813 156813 156813 156813 156813 156813 156813 156813 156813 156813 156813 156813 156813 156813 156813 156813 156813 156813 156813 156813 156813 156813 156813 156813 156813 156813 156813 156813 156813 156813 156813 0 0 0 0 0 0 0 0 0 0 0 0 0 0 0 0 0 0 0 0 0 0 0 0 0
#obs catch bio
 243507 269047 268671 316199 317794 268942 277736 276828 275153 242954 214486 196292 190837 166340 154948 149082 132773 123766 114423 110175 114824 107347 108470 104127 106460 102084 96427.6 101008 100136 101914 93157.6 93564.6 88802.1 93521.4 88290 86146.5 93066.2 91341.8 90439.6 92267.6 100244 95888.6 90768.2 86225.4 97648.3 93177 103087 118266 70507.4 60650.7 69825.1 110538 128167 118663 88349.7 37693.9 84422.2 124676 87322.9 86954.2 107610 73542.1 107838 97965
#pred cpue bio
 3.21354e+006 2.91299e+006 2.64791e+006 2.40213e+006 2.1257e+006 1.86392e+006 1.67054e+006 1.48158e+006 1.30272e+006 1.13281e+006 999450 897626 815452 739464 687728 646953 609631 586951 570964 564625 562741 555084 553726 548754 546436 538835 534258 535906 531444 525731 514313 509469 502293 501697 499251 505658 516267 519971 525788 532862 538480 533672 532206 535637 544383 539450 537834 522867 488797 510908 548809 577553 556794 511152 474873 476646 542345 557596 523455 530673 541154 529880 559189 551319 1.93527e+007 1.20127e+007 1.25644e+007 1.36024e+007 1.50098e+007 1.64982e+007 1.78815e+007 1.90729e+007 2.00493e+007 2.08224e+007 2.14202e+007 2.1875e+007 2.22172e+007 2.24731e+007 2.2664e+007 2.28062e+007 2.29123e+007 2.29918e+007 2.30516e+007 2.30967e+007 2.3131e+007 2.31572e+007 2.31773e+007 2.31928e+007 2.32048e+007 2.32141e+007 2.32214e+007 2.32271e+007 2.32316e+007 2.32352e+007 2.3238e+007 2.32402e+007 2.3242e+007 2.32434e+007 2.32445e+007 2.32454e+007 2.32461e+007 2.32467e+007 2.32471e+007 2.32475e+007 2.32478e+007 2.3248e+007 2.32482e+007 2.32484e+007 2.32485e+007 2.32486e+007 2.32487e+007 2.32487e+007 2.32488e+007 2.32488e+007 2.32488e+007 2.32489e+007 2.32489e+007 2.32489e+007 2.32489e+007 2.32489e+007 2.32489e+007 2.32489e+007 2.32489e+007 2.3249e+007 2.3249e+007 2.3249e+007 2.3249e+007 2.3249e+007 2.3249e+007 2.3249e+007 2.3249e+007 2.3249e+007 2.3249e+007 2.3249e+007 2.3249e+007 2.3249e+007 2.3249e+007 2.3249e+007 2.3249e+007 2.3249e+007 2.3249e+007 2.3249e+007 2.3249e+007 2.3249e+007 2.3249e+007 2.3249e+007 2.3249e+007 2.3249e+007 2.3249e+007 2.3249e+007 2.3249e+007 2.3249e+007 2.3249e+007 2.3249e+007 2.3249e+007 2.3249e+007 2.3249e+007 2.3249e+007 2.3249e+007 2.3249e+007 2.3249e+007 2.3249e+007 2.3249e+007 2.3249e+007 0 0 0 0 0 0 0 0 0 0 0 0 0 0 0 0 0 0 0 0 0 0 0 0 0
#obs cpue bio
 2.37492e+006 2.01905e+006 2.48039e+006 1.78205e+006 2.25052e+006 1.62968e+006 1.42142e+006 1.31336e+006 1.14763e+006 994671 983275 1.07216e+006 751674 703426 554934 590246 594927 700353 532295 453812 500520 361008 493172 408710 630272 513033 420965 530377 456590 689420 472689 412779 614410 679568 518517 558078 412309 423963 599900 526780 558861 609106 548598 466634 637566 701900 687959 518904 514499 444348 616686 583886 656874 584188 389873 568438 694117 508804 559461 675478 535940 578260 614563 589961
#pred surv len freq
 0.00508507 0.00830666 0.0125937 0.0179485 0.0242415 0.0311152 0.0379613 0.0440751 0.0489206 0.0523042 0.0543465 0.0553272 0.0555454 0.0552518 0.0546299 0.053799 0.0528273 0.0517391 0.0504896 0.048905 0.046636 0.0432192 0.038293 0.0318837 0.0245558
 0.00543219 0.00879654 0.013198 0.018607 0.0248958 0.0317528 0.0386377 0.0448884 0.0499457 0.0535267 0.0556409 0.056497 0.0564001 0.0556772 0.0546175 0.0534269 0.0522085 0.0509638 0.0495878 0.0478485 0.0453813 0.0417667 0.0367252 0.0303527 0.023225
 0.00571376 0.00927056 0.0139357 0.0196698 0.0263045 0.0334524 0.0404818 0.046672 0.0514825 0.0547248 0.0565194 0.0571297 0.0568332 0.0558857 0.0545276 0.0529749 0.0513859 0.0498176 0.0481869 0.0462501 0.0436273 0.0399109 0.0348631 0.0286203 0.0217595
 0.00589765 0.00958041 0.0144243 0.0203982 0.0273346 0.0348289 0.0422055 0.0486734 0.0536122 0.0567739 0.0582717 0.0584259 0.0576103 0.0561666 0.0543703 0.0524244 0.0504611 0.0485318 0.0465726 0.0443675 0.0415617 0.0377716 0.0327828 0.0267433 0.0202095
 0.00619403 0.0100499 0.0151087 0.0213307 0.0285378 0.0363106 0.0439507 0.0506369 0.0557146 0.0589009 0.0602759 0.0601372 0.0588639 0.056841 0.0544164 0.0518636 0.0493578 0.0469617 0.0446109 0.0420983 0.039095 0.0352512 0.0303779 0.0246204 0.0184939
 0.00655858 0.0106294 0.0159559 0.0224844 0.0300146 0.0380936 0.0459791 0.052807 0.0578984 0.0609734 0.0621324 0.0616914 0.0600336 0.0575405 0.0545645 0.0514062 0.0482863 0.0453175 0.0424768 0.0395903 0.0363605 0.0324696 0.0277472 0.0223254 0.0166634
 0.00677632 0.0109923 0.0165185 0.0233029 0.0311349 0.0395329 0.0477074 0.0547413 0.0599161 0.062939 0.0639229 0.0632102 0.0612101 0.0583193 0.0548942 0.0512349 0.0475715 0.0440445 0.0406778 0.0373549 0.0338364 0.0298504 0.0252475 0.0201399 0.014924
 0.0070213 0.0113879 0.0171094 0.0241308 0.0322327 0.0409148 0.0493552 0.0565958 0.0618787 0.0648845 0.065718 0.0647324 0.0623631 0.0590394 0.0551462 0.051 0.0468367 0.0428048 0.0389513 0.0352056 0.0313902 0.0272929 0.0227953 0.0179938 0.0132193
 0.00724389 0.0117577 0.0176805 0.0249574 0.0333571 0.0423489 0.0510634 0.0584909 0.0638377 0.0667744 0.0674175 0.0661416 0.0634042 0.0596564 0.0553041 0.0506833 0.0460446 0.0415477 0.0372565 0.0331331 0.0290506 0.0248527 0.0204558 0.015946 0.0115939
 0.00749517 0.0121646 0.0182903 0.0258138 0.0344933 0.0437751 0.0527518 0.0603676 0.0657876 0.0686592 0.0690987 0.0675007 0.0643558 0.0601519 0.0553269 0.0502383 0.0451493 0.0402281 0.035551 0.0311053 0.0268044 0.0225379 0.0182525 0.014026 0.0100746
 0.00777754 0.0126031 0.0189123 0.0266327 0.0355093 0.0449751 0.0541078 0.0618328 0.0672971 0.0701345 0.0704545 0.0686507 0.0652198 0.060664 0.0554426 0.0499378 0.0444352 0.0391212 0.0340902 0.0293534 0.024858 0.0205306 0.016342 0.012361 0.00875695
 0.00802493 0.0129967 0.0194876 0.0274145 0.0365038 0.0461615 0.0554305 0.0632056 0.0686216 0.0713255 0.0714555 0.0694323 0.0657658 0.0609571 0.0554596 0.0496537 0.0438317 0.0381958 0.032863 0.027873 0.0232075 0.0188264 0.0147196 0.0109477 0.0076391
 0.00812267 0.0131753 0.0197927 0.0278994 0.0372163 0.047122 0.0566126 0.0645308 0.0699747 0.0725825 0.0725119 0.0702201 0.0662571 0.0611552 0.0553829 0.0493202 0.0432516 0.0373743 0.0318118 0.026624 0.021823 0.0174001 0.0133638 0.00976799 0.00670693
 0.00827111 0.0134068 0.0201241 0.0283437 0.0377847 0.0478254 0.0574571 0.0655074 0.0710474 0.0736817 0.0735408 0.0710742 0.0668491 0.0614358 0.0553454 0.0489902 0.0426688 0.0365779 0.0308365 0.0255079 0.0206187 0.016181 0.0122177 0.00877794 0.0059285
 0.00835719 0.0135421 0.0203191 0.0286047 0.0381134 0.0482182 0.0579057 0.0660014 0.0715781 0.0742438 0.0741261 0.0716604 0.0673921 0.0618733 0.0556133 0.0490418 0.0424856 0.0361691 0.030231 0.0247477 0.019758 0.0152862 0.0113628 0.00803154 0.00533728
 0.00835644 0.0135533 0.0203585 0.0286948 0.0382765 0.048467 0.0582358 0.0663906 0.0719947 0.0746583 0.0745203 0.072028 0.0677309 0.0621739 0.0558517 0.0491809 0.0424861 0.0360038 0.0298946 0.02426 0.0191609 0.0146378 0.0107279 0.00746932 0.00488808
 0.00839937 0.0136156 0.0204392 0.0287904 0.038385 0.0485925 0.0583897 0.0665872 0.0722416 0.0749485 0.074831 0.0723289 0.0679955 0.0623862 0.0560041 0.0492662 0.0424913 0.0359106 0.0296884 0.0239401 0.0187475 0.0141707 0.0102581 0.0070462 0.00454644
 0.00852014 0.0137805 0.0206293 0.0289689 0.0385076 0.048625 0.0583236 0.0664442 0.0720672 0.0747974 0.0747508 0.0723466 0.0681111 0.0625759 0.0562302 0.0494881 0.0426729 0.0360224 0.0297089 0.0238594 0.0185718 0.0139244 0.00997937 0.00677619 0.00431796
 0.00863853 0.0139638 0.0208862 0.0292964 0.0388862 0.049015 0.058666 0.0666727 0.0721305 0.0746829 0.0744947 0.0720215 0.0677982 0.0623363 0.0560893 0.0494364 0.0426774 0.0360417 0.0297053 0.0238069 0.0184609 0.013763 0.0097897 0.00658675 0.00415379
 0.00863235 0.0139621 0.0208992 0.0293386 0.0389726 0.049154 0.0588525 0.0668842 0.0723294 0.0748259 0.0745465 0.0719697 0.0676609 0.0621572 0.0559206 0.0493182 0.0426239 0.0360402 0.0297261 0.0238176 0.0184384 0.0137005 0.00969582 0.00647987 0.00405342
 0.00853144 0.0138131 0.0207034 0.029109 0.0387324 0.0489331 0.058683 0.066795 0.0723385 0.0749325 0.0747276 0.0721853 0.0678676 0.0623245 0.0560406 0.0494041 0.042698 0.036119 0.0298113 0.0238971 0.0184952 0.0137231 0.00968397 0.0064437 0.00400764
 0.00843764 0.0136727 0.0205151 0.0288807 0.0384807 0.0486812 0.0584583 0.0666266 0.0722521 0.0749438 0.0748368 0.0723746 0.0681053 0.0625726 0.0562657 0.0495864 0.042835 0.0362207 0.0298904 0.0239609 0.0185433 0.0137514 0.00969044 0.00643199 0.00398573
 0.00837825 0.013565 0.0203338 0.0285985 0.0380786 0.0481635 0.0578637 0.0660262 0.0717331 0.0745839 0.0746839 0.072439 0.0683625 0.0629733 0.0567485 0.0500906 0.0433117 0.0366394 0.0302386 0.0242382 0.0187547 0.0139031 0.00979009 0.00648931 0.00401263
 0.00834304 0.0135125 0.0202622 0.0285061 0.0379603 0.0480073 0.057652 0.065745 0.0713848 0.0741985 0.0743175 0.0721589 0.0682242 0.0630025 0.0569346 0.0503941 0.0436788 0.0370175 0.0305872 0.0245334 0.0189872 0.0140738 0.00990605 0.00656093 0.00405177
 0.00833834 0.0134944 0.0202163 0.028414 0.0378057 0.0477845 0.0573716 0.0654312 0.0710658 0.073897 0.0740488 0.0719376 0.0680718 0.0629461 0.0569967 0.0505793 0.0439677 0.0373706 0.0309574 0.0248788 0.0192794 0.0143002 0.0100671 0.00666584 0.00411382
 0.00843736 0.0136401 0.0204063 0.0286338 0.0380296 0.0479794 0.0575025 0.0654674 0.0709894 0.0737093 0.0737713 0.0716055 0.0677251 0.0626238 0.0567335 0.0504032 0.0438936 0.037396 0.031061 0.0250274 0.0194384 0.0144428 0.0101786 0.00674318 0.00416163
 0.00843236 0.0136446 0.0204357 0.0287079 0.0381651 0.0481784 0.0577439 0.0657082 0.0711768 0.0737983 0.0737389 0.071456 0.067486 0.0623358 0.0564411 0.050146 0.0437015 0.037285 0.0310311 0.0250634 0.0195152 0.0145335 0.0102621 0.0068079 0.00420511
 0.00826629 0.0133991 0.0201128 0.0283284 0.0377662 0.0478078 0.0574512 0.0655359 0.0711484 0.0739083 0.0739516 0.071717 0.0677413 0.0625496 0.0566023 0.0502652 0.0438008 0.037387 0.0311504 0.0252025 0.0196652 0.0146789 0.0103878 0.00690466 0.00427138
 0.00812559 0.0131812 0.019806 0.0279322 0.0372945 0.0472918 0.0569413 0.0650969 0.0708459 0.0737894 0.0740294 0.0719663 0.0681074 0.0629657 0.0570089 0.0506237 0.0440981 0.0376303 0.0313564 0.0253862 0.0198334 0.0148299 0.0105154 0.00700343 0.00434045
 0.00799349 0.0129738 0.0195081 0.0275358 0.0368017 0.0467188 0.0563229 0.0644869 0.0703112 0.0733973 0.0738328 0.0719913 0.0683466 0.0633789 0.0575331 0.0511888 0.0446443 0.0381188 0.0317718 0.0257296 0.0201132 0.015054 0.010689 0.00713072 0.00442697
 0.00800692 0.0129781 0.0194824 0.02745 0.0366246 0.0464307 0.0559264 0.0640106 0.0698033 0.072915 0.0734319 0.0717194 0.0682367 0.0634437 0.0577598 0.0515408 0.045069 0.0385612 0.0321874 0.0260914 0.0204106 0.0152877 0.0108649 0.00725635 0.00451104
 0.00850533 0.0136719 0.0203105 0.028281 0.0372918 0.0467887 0.0558999 0.0636095 0.0691058 0.0720366 0.0724968 0.0708401 0.0675017 0.0629093 0.0574481 0.0514414 0.0451451 0.0387592 0.0324492 0.026366 0.020662 0.0154966 0.0110252 0.00737102 0.00458728
 0.00903704 0.0145118 0.021521 0.0298831 0.0392365 0.0489283 0.0579777 0.0652981 0.0701007 0.0721638 0.0717739 0.0694549 0.0657307 0.0610275 0.0556695 0.0498992 0.0438986 0.0378115 0.0317668 0.0258977 0.0203536 0.0153008 0.0109058 0.0073017 0.00454967
 0.00891009 0.0144026 0.0215359 0.0301797 0.0399803 0.0502214 0.059793 0.0674538 0.0722908 0.0740322 0.0730063 0.0698613 0.0652922 0.05989 0.0540862 0.0481486 0.0422136 0.0363431 0.0305827 0.0250019 0.0197121 0.0148638 0.0106223 0.00712734 0.00444876
 0.00869375 0.0140738 0.0210902 0.0296453 0.039432 0.0497898 0.0596544 0.0677883 0.0732068 0.0754922 0.0747993 0.0716516 0.0667275 0.0607167 0.0542207 0.0476782 0.0413393 0.0352982 0.0295631 0.0241311 0.0190402 0.0143871 0.0103082 0.00693423 0.00433802
 0.00862983 0.0139425 0.0208436 0.0292267 0.038797 0.0489384 0.0586612 0.0668103 0.0724582 0.075187 0.0750795 0.0725257 0.0680472 0.0622121 0.0555864 0.0486754 0.0418653 0.0353927 0.0293607 0.0237907 0.0186896 0.0140991 0.0101055 0.00680815 0.00426763
 0.00853926 0.0138064 0.0206573 0.0289873 0.0384968 0.0485586 0.0581753 0.0662019 0.07175 0.0744641 0.074488 0.0722347 0.0681838 0.0627995 0.0565189 0.0497501 0.0428567 0.0361352 0.0297941 0.0239545 0.0186779 0.0140096 0.0100067 0.00673238 0.00422076
 0.00850061 0.0137467 0.0205736 0.0288795 0.0383676 0.0484124 0.0580147 0.0660235 0.0715408 0.074207 0.0741787 0.0719032 0.0679046 0.0626721 0.0566234 0.0500991 0.0433789 0.0367023 0.0302782 0.0242789 0.0188351 0.0140426 0.00997468 0.00668274 0.00417899
 0.00852554 0.0137717 0.0205827 0.0288493 0.0382745 0.0482434 0.0577766 0.0657422 0.0712518 0.0739408 0.0739505 0.0717141 0.0677537 0.0625723 0.0566068 0.0502038 0.0436215 0.0370565 0.030677 0.0246431 0.0191076 0.0142069 0.0100498 0.00670286 0.00417489
 0.00843381 0.0136459 0.0204357 0.0287046 0.0381562 0.0481622 0.0577212 0.0656841 0.0711621 0.0738076 0.073786 0.0715468 0.0676138 0.0624815 0.0565785 0.0502488 0.0437488 0.0372653 0.0309469 0.0249333 0.019371 0.014409 0.01018 0.00677233 0.00420442
 0.00829171 0.01343 0.0201403 0.0283381 0.0377427 0.0477413 0.057343 0.0653995 0.0710054 0.0737829 0.0738656 0.0716865 0.0677745 0.0626434 0.0567419 0.0504254 0.0439519 0.0375024 0.0312142 0.0252137 0.0196373 0.0146342 0.0103475 0.00688102 0.00426561
 0.00831314 0.0134505 0.0201449 0.0283052 0.0376507 0.0475795 0.0571211 0.0651481 0.0707686 0.0736027 0.0737678 0.0716728 0.0678243 0.0627258 0.0568302 0.0505075 0.0440317 0.0375922 0.0313247 0.0253457 0.0197804 0.0147709 0.0104614 0.00696328 0.004317
 0.00833678 0.0134835 0.0201838 0.028341 0.0376689 0.0475612 0.0570468 0.0650046 0.070557 0.0733449 0.0735048 0.0714524 0.0676843 0.0626809 0.0568698 0.0506056 0.0441606 0.0377332 0.0314695 0.0254914 0.0199229 0.0149024 0.0105725 0.00704755 0.00437355
 0.00832673 0.0134655 0.0201534 0.028293 0.0375984 0.0474645 0.0569231 0.0648555 0.0703864 0.0731592 0.0733146 0.0712757 0.0675458 0.0626059 0.056875 0.0506918 0.0443121 0.0379249 0.0316762 0.0256939 0.0201085 0.0150629 0.0107026 0.00714478 0.00443965
 0.0082013 0.0132793 0.0199062 0.0279962 0.0372714 0.04713 0.0566021 0.0645668 0.0701462 0.0729805 0.0732058 0.0712396 0.067581 0.0627095 0.0570437 0.0509208 0.0445919 0.0382387 0.0320014 0.0260068 0.0203892 0.0152982 0.0108865 0.00727827 0.00452878
 0.00821928 0.0133007 0.0199244 0.0280013 0.0372544 0.0470875 0.05654 0.0644975 0.0700815 0.0729245 0.0731531 0.0711804 0.0675092 0.0626282 0.0569656 0.0508635 0.0445715 0.038264 0.0320707 0.0261088 0.0205071 0.0154148 0.0109885 0.00735823 0.00458524
 0.0083254 0.0134483 0.0201002 0.0281766 0.0373922 0.0471549 0.0565189 0.06439 0.0699077 0.0727157 0.0729426 0.0709945 0.0673613 0.0625191 0.0568894 0.0508147 0.0445495 0.0382716 0.0321098 0.0261763 0.0205938 0.0155076 0.0110747 0.00742881 0.00463667
 0.00849886 0.0137301 0.0205212 0.0287585 0.0381349 0.048021 0.0574242 0.0652129 0.0705205 0.0730253 0.0729188 0.0706713 0.0668159 0.0618427 0.0561645 0.0501043 0.043896 0.0377018 0.0316388 0.0258093 0.0203266 0.0153275 0.0109634 0.00736639 0.00460521
 0.0086844 0.0140473 0.0210265 0.0295108 0.0391783 0.0493583 0.0589914 0.0668713 0.0720771 0.0742746 0.0736906 0.0708689 0.0664352 0.0609672 0.0549377 0.0486912 0.0424481 0.036336 0.0304322 0.0248032 0.0195336 0.0147383 0.0105529 0.00709983 0.00444496
 0.00826927 0.0134079 0.0201346 0.0283759 0.037859 0.0479708 0.05771 0.0659047 0.0716149 0.0744216 0.0744232 0.0720395 0.0678215 0.0623413 0.0561258 0.0496038 0.0430774 0.0367292 0.0306588 0.0249287 0.0196062 0.0147867 0.0105903 0.00713032 0.00446874
 0.00800731 0.0129545 0.019404 0.0272793 0.0363344 0.0460282 0.055471 0.0636079 0.069574 0.0729486 0.0737486 0.0722554 0.0688626 0.0640067 0.0581359 0.0516744 0.0449845 0.0383427 0.0319392 0.0258989 0.0203179 0.0152955 0.0109438 0.00736653 0.00461825
 0.00807112 0.0130207 0.0194313 0.0271976 0.0360528 0.0454543 0.0545374 0.0623021 0.0679647 0.0711985 0.0720992 0.0709782 0.068185 0.0640431 0.058853 0.0529071 0.0464931 0.0398866 0.0333355 0.0270483 0.0211964 0.015928 0.0113765 0.00764801 0.00479151
 0.00846692 0.013652 0.0203539 0.0284412 0.0375985 0.0472063 0.0563039 0.0638104 0.0689213 0.0713787 0.0714259 0.0695546 0.0662709 0.0619821 0.0569766 0.0514473 0.0455366 0.0393838 0.0331543 0.0270414 0.0212504 0.0159807 0.0114078 0.00766054 0.00479401
 0.00879975 0.0142163 0.0212442 0.0297547 0.0394063 0.0495094 0.0589903 0.06664 0.0715556 0.0734477 0.0726092 0.0696561 0.0652697 0.0600458 0.0544246 0.0486691 0.042891 0.0371183 0.0313742 0.0257313 0.0203271 0.0153458 0.0109787 0.0073782 0.00461665
 0.00888303 0.0143745 0.0215267 0.0302281 0.0401467 0.0505849 0.0604368 0.0684355 0.0736007 0.0755581 0.0745298 0.071102 0.0659908 0.0598972 0.0534159 0.0469696 0.0407844 0.0349224 0.0293567 0.024056 0.0190469 0.0144318 0.010362 0.00698286 0.00437657
 0.00859869 0.0139332 0.0209056 0.0294301 0.0392122 0.0496044 0.059556 0.067842 0.0734814 0.0760393 0.0756221 0.0726769 0.0677996 0.0616288 0.0547794 0.0477745 0.0409891 0.0346297 0.0287592 0.0233603 0.0184098 0.0139339 0.0100171 0.00676599 0.00425068
 0.00808198 0.0130734 0.0195797 0.0275254 0.0366682 0.0464715 0.0560476 0.064336 0.070454 0.0739506 0.0748034 0.0732551 0.0696721 0.0644879 0.0581809 0.0512409 0.0441183 0.0371744 0.0306494 0.0246661 0.0192715 0.0144945 0.0103846 0.00700742 0.00440515
 0.00835236 0.0134513 0.0200292 0.0279601 0.0369571 0.0464595 0.0555872 0.0633304 0.0689066 0.0720041 0.07274 0.0714397 0.0684517 0.0640851 0.0586269 0.0523721 0.0456385 0.0387559 0.0320318 0.0257133 0.0199712 0.0149146 0.0106176 0.00713186 0.00447179
 0.00876406 0.0141429 0.0211042 0.0295094 0.0390144 0.0489416 0.0582496 0.0657813 0.070697 0.0727633 0.0722963 0.0698769 0.0660842 0.0613667 0.0560212 0.0502283 0.0441148 0.0378177 0.0315176 0.0254307 0.0197739 0.0147319 0.0104402 0.00697696 0.00435508
 0.00862657 0.0139467 0.0208646 0.0292709 0.0388545 0.0489655 0.0585693 0.0664733 0.0717469 0.0740264 0.0735102 0.0707394 0.0663693 0.0610176 0.0551722 0.0491445 0.0430821 0.0370382 0.0310584 0.0252401 0.0197425 0.0147575 0.0104626 0.00697852 0.00434204
 0.00860088 0.0138848 0.0207361 0.0290404 0.038498 0.0484945 0.0580499 0.0660264 0.0715195 0.0741398 0.0740032 0.0715339 0.0672785 0.061807 0.0556513 0.0492432 0.0428692 0.0366729 0.0307057 0.0250015 0.0196366 0.0147455 0.010491 0.00700948 0.00436071
 0.00871627 0.0140788 0.0210369 0.0294701 0.039058 0.0491488 0.058718 0.0665998 0.0719031 0.0742967 0.0739735 0.0714093 0.0671465 0.0616989 0.0555266 0.0490225 0.0424934 0.0361478 0.0301044 0.024425 0.0191646 0.0144089 0.0102771 0.00688437 0.00429082
 0.00833222 0.0134994 0.0202509 0.0285035 0.037974 0.048042 0.0577043 0.0657987 0.07141 0.0741562 0.0741725 0.0718948 0.067854 0.0625665 0.0564896 0.0500005 0.043394 0.0368909 0.030651 0.0247881 0.0193921 0.0145545 0.0103782 0.0069586 0.00434352
 0.00814599 0.0132261 0.0198946 0.0280877 0.0375365 0.0476248 0.0573463 0.0655323 0.0712597 0.0741353 0.0742787 0.0721093 0.068147 0.0629079 0.0568559 0.0503738 0.0437534 0.0372085 0.0308983 0.0249497 0.0194747 0.0145822 0.0103791 0.00695263 0.00433956
#obs surv len freq
 0.00497202 0.00814466 0.0123894 0.0177197 0.0240087 0.0308894 0.0377341 0.043818 0.0485901 0.0518507 0.0537202 0.0544863 0.0544702 0.0539693 0.0532436 0.0525057 0.0518992 0.0514582 0.0510438 0.0502868 0.0486053 0.0453687 0.0402003 0.033269 0.0253566
 0.00518433 0.00849186 0.012916 0.018469 0.0250153 0.0321668 0.0392613 0.0455331 0.0503974 0.0536365 0.0553697 0.0558937 0.0555437 0.0546335 0.0534408 0.0521993 0.0510793 0.050148 0.0493053 0.0482243 0.0463626 0.043118 0.0381179 0.0315018 0.0239903
 0.00540058 0.00884635 0.0134551 0.0192382 0.026051 0.0334831 0.0408365 0.0473042 0.0522692 0.0554984 0.0571118 0.0574152 0.0567549 0.0554556 0.0538063 0.0520545 0.0503897 0.0489079 0.0475515 0.0460481 0.0439153 0.0405993 0.0357447 0.0294624 0.0224001
 0.00563971 0.00923658 0.0140452 0.0200748 0.02717 0.034896 0.0425162 0.04918 0.0542364 0.0574385 0.058911 0.0589748 0.0579929 0.0563037 0.0542058 0.0519537 0.0497459 0.0476977 0.0457879 0.0438024 0.0413308 0.0378866 0.0331479 0.027203 0.0206223
 0.005895 0.00965471 0.0146801 0.0209784 0.0283817 0.0364265 0.0443313 0.0511955 0.0563309 0.0594777 0.0607707 0.0605529 0.0592117 0.0571057 0.0545472 0.0517974 0.0490586 0.046455 0.0439921 0.0415075 0.0386661 0.0350589 0.030411 0.0247985 0.0187148
 0.00612511 0.0100361 0.0152677 0.0218281 0.0295396 0.0379112 0.0461159 0.0532011 0.0584374 0.0615468 0.0626692 0.0621674 0.0604549 0.0579161 0.0548843 0.0516335 0.0483723 0.0452313 0.0422344 0.0392622 0.0360487 0.0322629 0.027684 0.0223841 0.016786
 0.00637174 0.0104365 0.0158696 0.0226764 0.0306692 0.0393348 0.0478104 0.0551004 0.0604386 0.0635274 0.0645042 0.0637435 0.0616784 0.0587169 0.0552158 0.0514677 0.0476936 0.0440335 0.0405283 0.037095 0.0335277 0.0295679 0.0250476 0.0200402 0.0149048
 0.0066056 0.0108205 0.0164543 0.0235105 0.031789 0.0407485 0.0494826 0.0569494 0.0623504 0.0653793 0.0661858 0.0651643 0.0627673 0.0594185 0.0554879 0.0512805 0.0470282 0.0428836 0.0389064 0.035048 0.0311568 0.0270384 0.0225735 0.0178376 0.013133
 0.00685373 0.0112272 0.0170724 0.0243905 0.0329682 0.0422344 0.0512359 0.0588782 0.0643241 0.0672547 0.0678336 0.0664855 0.0636979 0.059925 0.055558 0.0509125 0.0462244 0.0416494 0.0372596 0.0330349 0.0288712 0.0246311 0.0202378 0.0157678 0.0114718
 0.00706232 0.0115734 0.0176066 0.0251637 0.0340216 0.0435824 0.0528489 0.0606766 0.0661888 0.06905 0.0694299 0.0677754 0.0646041 0.0604032 0.0555936 0.0505125 0.0454074 0.0404394 0.035688 0.0311529 0.0267669 0.0224387 0.0181262 0.0139057 0.0099817
 0.00727295 0.011915 0.0181192 0.0258846 0.0349788 0.0447838 0.0542707 0.0622572 0.0678344 0.0706496 0.0708716 0.0689593 0.0654511 0.0608604 0.0556355 0.0501386 0.0446358 0.0393011 0.0342251 0.0294248 0.0248607 0.0204758 0.0162532 0.0122652 0.00867521
 0.0074365 0.0121883 0.0185437 0.0265026 0.0358231 0.0458631 0.0555555 0.0636774 0.0692924 0.0720416 0.0721052 0.0699611 0.0661661 0.0612492 0.0556738 0.0498175 0.0439626 0.0382986 0.0329325 0.0279009 0.0231894 0.0187675 0.014635 0.0108571 0.00755957
 0.00750953 0.0123066 0.0187224 0.026758 0.036174 0.046329 0.0561524 0.0644104 0.0701478 0.0729822 0.0730717 0.0708801 0.0669617 0.0618536 0.0560334 0.0498952 0.0437386 0.0377717 0.0321228 0.0268534 0.0219766 0.0174874 0.0133992 0.00976973 0.00669246
 0.00760642 0.012456 0.018932 0.0270299 0.0365051 0.0467124 0.0565789 0.0648703 0.0706335 0.0734894 0.0735964 0.0714111 0.0674735 0.062305 0.0563725 0.0500696 0.0437047 0.037503 0.0316156 0.0261315 0.0210936 0.0165236 0.0124495 0.00892374 0.00601295
 0.00769218 0.0125919 0.0191294 0.0272958 0.0368393 0.0471045 0.0570063 0.0653007 0.0710338 0.0738364 0.0738842 0.0716492 0.0676776 0.0624835 0.0565179 0.0501556 0.0436926 0.0373534 0.0313016 0.0256505 0.0204734 0.0158209 0.0117392 0.00828 0.00549009
 0.00774668 0.0126783 0.0192553 0.0274669 0.0370581 0.0473688 0.0573072 0.0656215 0.0713517 0.0741273 0.0741282 0.0718361 0.0678084 0.0625681 0.056567 0.050172 0.0436652 0.0372585 0.0311122 0.0253494 0.0200658 0.0153387 0.0112349 0.00781128 0.00510238
 0.00777539 0.01272 0.019309 0.0275292 0.0371251 0.0474388 0.0573825 0.0657081 0.0714561 0.0742533 0.0742739 0.0719934 0.0679652 0.0627123 0.0566892 0.0502655 0.0437225 0.0372674 0.0310561 0.0252135 0.0198466 0.0150515 0.0109133 0.00749784 0.00483409
 0.00783601 0.0128099 0.019428 0.0276708 0.0372775 0.0475878 0.0575138 0.0658103 0.0715237 0.0742887 0.0742872 0.0719983 0.0679732 0.0627286 0.0567115 0.0502862 0.0437314 0.0372528 0.0310054 0.0251155 0.0196963 0.0148555 0.0106913 0.0072777 0.0046424
 0.00785604 0.0128405 0.0194704 0.027724 0.0373384 0.0476506 0.0575703 0.0658518 0.0715435 0.0742857 0.0742672 0.0719732 0.0679569 0.0627318 0.0567385 0.050333 0.0437871 0.0373022 0.0310324 0.0251065 0.019644 0.0147617 0.0105684 0.00714528 0.00452066
 0.00788523 0.0128835 0.0195267 0.0277903 0.0374093 0.0477199 0.0576323 0.0659014 0.0715762 0.0742978 0.0742576 0.0719442 0.0679156 0.0626883 0.0567035 0.050314 0.043785 0.0373111 0.0310409 0.0251017 0.0196158 0.0147071 0.0104926 0.00706018 0.00443999
 0.00791396 0.0129266 0.0195846 0.0278607 0.0374872 0.0477981 0.0577028 0.065956 0.0716086 0.0743054 0.0742418 0.0719098 0.0678687 0.0626358 0.0566521 0.0502699 0.0437528 0.0372914 0.0310296 0.0250908 0.0195967 0.0146744 0.0104469 0.00700717 0.00438818
 0.00791668 0.012931 0.0195913 0.02787 0.037499 0.0478117 0.0577163 0.0659671 0.0716149 0.0743057 0.0742362 0.0719001 0.0678574 0.0626254 0.0566448 0.0502673 0.0437557 0.0372998 0.0310415 0.0251021 0.0196021 0.0146696 0.0104307 0.0069827 0.0043608
 0.00790114 0.012903 0.0195443 0.0277972 0.0373957 0.0476794 0.0575651 0.0658151 0.0714838 0.0742139 0.0741943 0.0719091 0.0679108 0.0627126 0.0567537 0.0503868 0.0438767 0.0374152 0.0311461 0.0251914 0.0196724 0.0147188 0.0104593 0.00699393 0.00436039
 0.00790405 0.0129026 0.019534 0.0277675 0.0373362 0.0475824 0.0574298 0.0656496 0.0713047 0.0740434 0.0740562 0.0718226 0.0678868 0.0627508 0.0568442 0.0505137 0.0440229 0.0375651 0.0312875 0.0253157 0.0197741 0.0147953 0.0105111 0.00702454 0.00437517
 0.00790241 0.0128982 0.0195242 0.027748 0.0373014 0.0475263 0.0573474 0.0655384 0.0711677 0.07389 0.0739025 0.0716892 0.0677941 0.0627136 0.056868 0.0505935 0.0441449 0.0377114 0.0314397 0.0254585 0.0198967 0.014892 0.0105808 0.00706979 0.00440125
 0.0078853 0.0128702 0.0194818 0.0276878 0.0372212 0.0474262 0.0572305 0.065411 0.0710377 0.0737656 0.0737908 0.0715978 0.0677311 0.0626881 0.0568874 0.0506609 0.0442564 0.0378558 0.031601 0.0256191 0.0200418 0.0150115 0.0106706 0.00713121 0.00443916
 0.00785935 0.0128274 0.0194164 0.0275944 0.0370967 0.0472715 0.0570529 0.0652243 0.0708596 0.0736132 0.0736772 0.0715297 0.06771 0.062712 0.0569532 0.0507651 0.0443945 0.0380204 0.0317808 0.0258 0.0202091 0.0151535 0.0107807 0.00720906 0.00448907
 0.00781395 0.0127556 0.0193121 0.0274536 0.0369183 0.047059 0.056816 0.0649794 0.0706277 0.0734166 0.0735348 0.071454 0.0677054 0.062775 0.0570745 0.0509322 0.0445943 0.03824 0.0320076 0.0260207 0.0204106 0.0153248 0.0109153 0.00730588 0.00455251
 0.00781565 0.0127488 0.0192844 0.0273881 0.0367986 0.0468766 0.0565765 0.0647034 0.0703456 0.0731597 0.0733291 0.071317 0.0676456 0.0627932 0.0571648 0.0510829 0.04479 0.0384641 0.032243 0.0262515 0.0206224 0.0155063 0.0110593 0.00741103 0.00462256
 0.00779147 0.0127124 0.0192345 0.027324 0.0367179 0.0467739 0.0564436 0.0645331 0.0701381 0.0729276 0.0730975 0.0711175 0.0675071 0.0627343 0.0571906 0.0511868 0.0449571 0.0386748 0.0324764 0.0264872 0.0208426 0.015697 0.0112122 0.00752371 0.00469844
 0.00774775 0.012642 0.0191303 0.0271807 0.0365347 0.0465566 0.0562061 0.0642952 0.0699194 0.0727423 0.0729518 0.0710138 0.0674492 0.0627294 0.0572467 0.0513077 0.0451383 0.0389032 0.0327325 0.0267491 0.0210894 0.0159121 0.0113852 0.00765162 0.00478492
 0.0093308 0.0148556 0.0217969 0.0299132 0.038849 0.0480517 0.0567062 0.063877 0.0688285 0.0712698 0.0713428 0.0694324 0.0659866 0.0614278 0.0561223 0.0503645 0.0443743 0.0383103 0.0322958 0.0264467 0.0208949 0.0157976 0.011325 0.00762464 0.00477558
 0.0093174 0.0151273 0.0227227 0.0319502 0.0423425 0.0529659 0.062454 0.0694157 0.0730308 0.0733687 0.0711859 0.0674218 0.0628026 0.0577381 0.0524163 0.0469284 0.0413427 0.0357299 0.0301688 0.024752 0.0195964 0.0148472 0.0106657 0.00719466 0.00451424
 0.00897828 0.0145937 0.0219745 0.0310373 0.0414387 0.0524045 0.0626879 0.0708556 0.0757983 0.077114 0.075131 0.0706566 0.0646649 0.0580433 0.0514253 0.0451328 0.0392329 0.0336623 0.0283437 0.0232512 0.0184304 0.0139891 0.0100694 0.00680598 0.00427843
 0.00878658 0.0142754 0.0214839 0.030331 0.040493 0.0512466 0.0614366 0.0697483 0.0751721 0.0773128 0.076351 0.0728013 0.0673131 0.0605855 0.0533103 0.0460774 0.0392778 0.0330721 0.0274448 0.02231 0.0176065 0.0133473 0.00961286 0.00650658 0.00409722
 0.00874859 0.0142001 0.0213445 0.0300922 0.040116 0.0507012 0.060716 0.0688864 0.0742597 0.0765066 0.0758616 0.0728409 0.0680034 0.0618685 0.0549261 0.0476484 0.0404629 0.0336979 0.0275406 0.0220423 0.017176 0.0129109 0.00925623 0.00625448 0.00393858
 0.00869775 0.0141239 0.0212409 0.0299605 0.0399532 0.050497 0.0604517 0.0685399 0.0738178 0.0759836 0.0753153 0.0723784 0.0677649 0.0619806 0.0554381 0.0484859 0.0414364 0.0345762 0.028148 0.0223213 0.0171828 0.0127595 0.0090567 0.00607758 0.00381198
 0.00869392 0.01411 0.0212063 0.0298917 0.0398383 0.0503322 0.060244 0.0683041 0.0735681 0.0757251 0.0750464 0.0721049 0.0675166 0.0618191 0.0554405 0.0487063 0.0418663 0.0351311 0.0286975 0.0227466 0.0174257 0.0128336 0.00902091 0.00599749 0.00373337
 0.00866342 0.0140673 0.0211541 0.0298354 0.0397824 0.050276 0.0601799 0.0682205 0.0734554 0.075582 0.0748804 0.0719283 0.0673444 0.061671 0.0553464 0.0487036 0.0419846 0.0353699 0.0290145 0.0230703 0.0176867 0.0129947 0.00908603 0.00599778 0.00370503
 0.00868386 0.0140923 0.021177 0.029846 0.0397709 0.0502381 0.0601203 0.0681499 0.0733845 0.0755142 0.0748107 0.0718481 0.067249 0.061565 0.0552447 0.0486298 0.0419647 0.0354223 0.0291378 0.0232391 0.0178601 0.0131346 0.00917301 0.00603488 0.00370919
 0.00868475 0.0140979 0.0211923 0.0298767 0.03982 0.0503018 0.0601857 0.0681991 0.073401 0.0754911 0.0747523 0.0717652 0.0671527 0.0614627 0.0551424 0.0485363 0.0418935 0.0353884 0.0291508 0.023296 0.0179438 0.0132209 0.00924139 0.00607644 0.00372678
 0.00864114 0.0140336 0.0211084 0.0297793 0.0397197 0.0502119 0.0601196 0.0681664 0.0734046 0.0755246 0.0748021 0.0718159 0.067193 0.0614881 0.0551543 0.04854 0.0418967 0.0354 0.029179 0.0233443 0.0180082 0.0132905 0.00930326 0.00612182 0.00375382
 0.00862859 0.0140104 0.0210686 0.0297167 0.0396305 0.0500986 0.0599935 0.0680467 0.0733131 0.0754778 0.0748055 0.0718625 0.0672667 0.0615705 0.0552307 0.0486026 0.0419453 0.0354397 0.0292171 0.0233866 0.0180565 0.0133415 0.00935082 0.0061599 0.0037797
 0.00862906 0.0140084 0.0210604 0.0296965 0.0395918 0.0500359 0.0599049 0.0679359 0.0731907 0.0753604 0.0747122 0.0718097 0.0672624 0.0616114 0.055304 0.0486916 0.042035 0.0355214 0.0292883 0.0234492 0.0181131 0.0133927 0.00939521 0.00619521 0.00380471
 0.00863305 0.0140161 0.021074 0.0297181 0.0396217 0.0500709 0.0599371 0.0679541 0.0731834 0.0753215 0.0746442 0.071724 0.067176 0.0615416 0.0552622 0.0486801 0.0420485 0.0355503 0.0293237 0.0234853 0.0181473 0.0134241 0.00942291 0.00621799 0.00382167
 0.00862037 0.0139965 0.0210463 0.0296826 0.0395804 0.0500276 0.0598973 0.0679234 0.0731652 0.0753147 0.0746432 0.071722 0.0671691 0.061531 0.0552542 0.0486825 0.0420661 0.0355829 0.0293668 0.0235323 0.0181926 0.0134641 0.00945579 0.00624322 0.00383956
 0.00862037 0.0139965 0.0210463 0.0296826 0.0395804 0.0500276 0.0598973 0.0679234 0.0731652 0.0753147 0.0746432 0.071722 0.0671691 0.061531 0.0552542 0.0486825 0.0420661 0.0355829 0.0293668 0.0235323 0.0181926 0.0134641 0.00945579 0.00624322 0.00383956
 0.00882995 0.0143275 0.0215249 0.0303218 0.0403728 0.0509359 0.0608481 0.0688126 0.0738793 0.0757607 0.0747721 0.0715359 0.0667126 0.0608756 0.0544817 0.0478719 0.0412837 0.0348769 0.0287652 0.0230458 0.0178184 0.0131909 0.00926745 0.00612158 0.0037666
 0.00894817 0.014537 0.0218709 0.030854 0.0411296 0.0519214 0.0620119 0.0700465 0.0750376 0.0766953 0.0753663 0.071726 0.066494 0.0602976 0.0536327 0.0468596 0.0402159 0.0338457 0.0278385 0.0222641 0.0171973 0.0127261 0.00894074 0.00590703 0.00363583
 0.00851825 0.0138656 0.0209169 0.0296109 0.0396425 0.050303 0.0604484 0.0687738 0.0742808 0.0765936 0.0759241 0.0728156 0.0679046 0.0618016 0.0550413 0.0480531 0.0411474 0.0345256 0.0283102 0.022581 0.0174072 0.0128647 0.00903187 0.00596578 0.0036722
 0.00834948 0.0135511 0.0203715 0.0287368 0.0383602 0.0485991 0.0584177 0.0666281 0.0723114 0.0750999 0.0751383 0.0728465 0.0687165 0.0632289 0.0568379 0.0499579 0.0429437 0.0360747 0.0295546 0.0235255 0.018092 0.0133417 0.00935113 0.00616986 0.00379552
 0.00835934 0.0135534 0.020346 0.0286468 0.0381497 0.0481965 0.0577493 0.0656462 0.0710305 0.0736269 0.0736719 0.0716361 0.0679898 0.0631206 0.0573488 0.0509622 0.0442366 0.0374381 0.0308129 0.0245742 0.0188962 0.0139166 0.00973706 0.00641386 0.00394044
 0.0088077 0.014268 0.0213903 0.0300573 0.0399133 0.0502207 0.0598407 0.0675196 0.0723662 0.0741593 0.0732746 0.0703665 0.0660781 0.0609066 0.0551868 0.049128 0.0428696 0.036539 0.0302868 0.0242928 0.0187478 0.0138292 0.00967604 0.00636786 0.00390721
 0.00901636 0.0146513 0.0220468 0.0311007 0.0414387 0.0522531 0.0622872 0.070156 0.0748715 0.0761838 0.0745156 0.0706314 0.0653274 0.059268 0.0529309 0.0466029 0.040413 0.0343998 0.0285873 0.0230387 0.017872 0.0132397 0.00928965 0.0061217 0.00375686
 0.00898477 0.0146158 0.0220266 0.0311347 0.041589 0.0526034 0.0629287 0.0711584 0.0762402 0.0778234 0.0762225 0.0721307 0.066345 0.0596107 0.0525441 0.0455842 0.0389783 0.0328143 0.0270887 0.0217829 0.0169184 0.0125723 0.00885284 0.00585156 0.00359849
 0.00876913 0.0142648 0.0215008 0.030406 0.0406583 0.0515232 0.0618214 0.0702114 0.0756684 0.0778067 0.0768422 0.0733295 0.0679283 0.0612927 0.0540271 0.0466442 0.0395236 0.0328929 0.0268459 0.0213927 0.0165233 0.0122533 0.00863275 0.00571719 0.00352411
 0.00817214 0.0132932 0.0200412 0.0283656 0.038 0.0483147 0.0582779 0.0666961 0.0726317 0.0756838 0.0759503 0.0738003 0.0696835 0.0640601 0.057397 0.0501591 0.0427796 0.0356206 0.0289411 0.022892 0.0175432 0.0129274 0.00907208 0.00599887 0.00369851
 0.0084901 0.01373 0.0205461 0.0288302 0.0382731 0.0482355 0.0577155 0.0655864 0.07101 0.0737045 0.0738808 0.0719748 0.0684211 0.0635765 0.0577406 0.0511991 0.044252 0.037215 0.0303936 0.0240465 0.0183611 0.0134539 0.00938705 0.00617851 0.0037981
 0.00891735 0.0144551 0.0216851 0.0304854 0.0404801 0.0508935 0.0605395 0.0681328 0.0727896 0.0743404 0.0732329 0.0701781 0.065835 0.0606765 0.0549922 0.0489468 0.0426551 0.0362464 0.0298985 0.0238295 0.0182613 0.0133798 0.00930967 0.00610295 0.0037365
 0.00863062 0.0140472 0.0211847 0.0299704 0.0400738 0.050745 0.0607889 0.0688609 0.0739617 0.075773 0.074619 0.0711812 0.0662156 0.0603846 0.0541787 0.0478922 0.041654 0.0355058 0.0294895 0.023703 0.0183063 0.0134871 0.00940902 0.00616803 0.0037695
 0.0086188 0.0139888 0.021028 0.0296531 0.0395522 0.0500347 0.0599948 0.0681694 0.0735869 0.0758743 0.0752285 0.0721744 0.0673443 0.0613636 0.0547923 0.0480701 0.0414805 0.0351587 0.0291491 0.0234809 0.0182255 0.0135081 0.00947395 0.00623332 0.00381581
 0.00881842 0.0143106 0.0215023 0.0302939 0.0403394 0.0508971 0.0608075 0.0687828 0.0738866 0.0758403 0.0749514 0.0718093 0.0670265 0.0611395 0.0546073 0.0478185 0.041081 0.0346081 0.0285218 0.0228838 0.0177433 0.0131732 0.00927126 0.00612423 0.00376196
 0.00844631 0.0137454 0.0207286 0.0293314 0.039246 0.0497661 0.0597589 0.0679422 0.0733524 0.0756545 0.0750959 0.0722316 0.067673 0.0619666 0.0555646 0.0488275 0.0420381 0.0354163 0.0291284 0.0232951 0.0180072 0.0133464 0.00939401 0.00621556 0.00382776
 0.00868668 0.0140767 0.0211175 0.02971 0.0395315 0.0498922 0.0597017 0.0677265 0.0730372 0.0753079 0.0747728 0.0719635 0.0674705 0.0618318 0.0554995 0.0488326 0.0421017 0.0355086 0.0292107 0.0233387 0.0180068 0.0133172 0.00935786 0.00618761 0.00381228
#pred catch len freq
 0.0049301 0.00779981 0.0113722 0.0155512 0.0202651 0.0254424 0.0309356 0.0364891 0.0417913 0.0465535 0.0505588 0.0536793 0.0558831 0.057226 0.0578238 0.0578165 0.0573413 0.0565056 0.0553366 0.0537027 0.0512612 0.047528 0.0421198 0.0350734 0.0270135
 0.00530693 0.00833581 0.0120416 0.0162936 0.0210188 0.0261874 0.0317165 0.0373919 0.0428818 0.0478149 0.0518703 0.0548524 0.0567335 0.057642 0.0577964 0.0574231 0.0566952 0.0556967 0.0543919 0.0525878 0.0499262 0.0459717 0.0404316 0.0334194 0.0255726
 0.00561817 0.00883629 0.0127803 0.0173016 0.0222912 0.027666 0.0332853 0.0389052 0.0442197 0.0489319 0.0527957 0.0556357 0.0573773 0.0580766 0.0579143 0.0571425 0.0560031 0.0546442 0.0530537 0.0510249 0.0481812 0.0440989 0.0385303 0.0316341 0.024052
 0.00588506 0.00926078 0.0134042 0.0181642 0.0234288 0.0291055 0.0350254 0.0408905 0.0463233 0.0509658 0.0545562 0.0569664 0.0582104 0.058424 0.0578194 0.0566349 0.0550889 0.05333 0.0513718 0.0490408 0.0459881 0.0418156 0.0363013 0.0296168 0.022382
