SBPRF35
12.7214
Curr Bio
671767
B35
871845
F35
0.170709
FOFL
0.137431
OFL
80612.6
Bzero
3.63469e+06
#pred survey bio
 3.60805e+06 3.49469e+06 3.38854e+06 3.23584e+06 3.03405e+06 2.82393e+06 2.5667e+06 2.32742e+06 2.05858e+06 1.87884e+06 1.67796e+06 1.47598e+06 1.29952e+06 1.14171e+06 993565 896961 813016 751045 696384 671412 639347 614004 575927 567867 549329 537071 533196 522359 526639 535293 542316 556527 564721 574477 588928 596757 616781 622282 623924 640860 651068 659021 668483 671229 675328 674063 678774 675197 681873 679599 677323 2.50475e+07 1.51771e+07 1.56401e+07 1.67322e+07 1.82422e+07 1.99061e+07 2.1522e+07 2.29707e+07 2.42015e+07 2.52085e+07 2.6011e+07 2.66387e+07 2.71235e+07 2.74949e+07 2.77779e+07 2.79932e+07 2.8157e+07 2.82817e+07 2.8377e+07 2.845e+07 2.85063e+07 2.85498e+07 2.85836e+07 2.861e+07 2.86308e+07 2.86471e+07 2.866e+07 2.86703e+07 2.86784e+07 2.8685e+07 2.86902e+07 2.86944e+07 2.86978e+07 2.87005e+07 2.87028e+07 2.87046e+07 2.8706e+07 2.87072e+07 2.87082e+07 2.8709e+07 2.87096e+07 2.87101e+07 2.87106e+07 2.87109e+07 2.87112e+07 2.87114e+07 2.87116e+07 2.87118e+07 2.87119e+07 2.8712e+07 2.87121e+07 2.87122e+07 2.87122e+07 2.87123e+07 2.87123e+07 2.87124e+07 2.87124e+07 2.87124e+07 2.87124e+07 2.87124e+07 2.87124e+07 2.87125e+07 2.87125e+07 2.87125e+07 2.87125e+07 2.87125e+07 2.87125e+07 2.87125e+07 2.87125e+07 2.87125e+07 2.87125e+07 2.87125e+07 2.87125e+07 2.87125e+07 2.87125e+07 2.87125e+07 2.87125e+07 2.87125e+07 2.87125e+07 2.87125e+07 2.87125e+07 2.87125e+07 2.87125e+07 2.87125e+07 2.87125e+07 2.87125e+07 2.87125e+07 2.87125e+07 2.87125e+07 2.87125e+07 2.87125e+07 2.87125e+07 2.87125e+07 2.87125e+07 2.87125e+07 2.87125e+07 2.87125e+07 2.87125e+07 2.87125e+07 2.87125e+07 0 0 0 0 0 0 0 0 0 0 0 0 0 0 0 0 0 0 0 0 0 0 0 0 0
#obs survey bio
 3.35891e+06 3.96799e+06 2.84054e+06 3.27339e+06 3.44201e+06 3.33895e+06 2.22671e+06 2.90190e+06 1.98352e+06 1.95088e+06 1.55136e+06 1.89912e+06 1.21025e+06 1.07179e+06 683247 984808 655328 825475 795450 845488 532876 764843 812528 493499 548246 444523 453726 335334 426732 419862 519431 847663 723597 453277 471405 724990 535244 764854 602846 495919 634494 754560 894367 675260 616886 783816 502880 889457 919655 606130 754848
#pred catch bio
 103178 101397 151648 206682 226445 283174 281042 321881 254784 286500 296968 280169 266636 258410 212462 199858 177832 167384 138179 140901 131309 137580 108714 115983 109093 101975 108323 96226.3 94205.7 97166.7 92429.6 97965.1 96373.3 92871 99191.6 89910.8 102995 105758 92956 99290.9 100969 99282 104554 103175 107619 102384 109489 100861 108581 107545 71828.4 80612.6 99531 101319 107043 116236 126714 136884 145891 153403 159408 164057 167573 170183 172092 173474 174464 175169 175667 176019 176265 176438 176558 176642 176700 176740 176768 176788 176801 176810 176817 176821 176824 176826 176828 176829 176830 176830 176830 176831 176831 176831 176831 176831 176831 176831 176831 176831 176831 176831 176831 176831 176831 176831 176831 176831 176831 176831 176831 176831 176831 176831 176831 176831 176831 176831 176831 176831 176831 176831 176831 176831 176831 176831 176831 176831 176831 176831 176831 176831 176831 176831 176831 176831 176831 176831 176831 176831 176831 176831 176831 176831 176831 176831 176831 176831 176831 176831 176831 176831 176831 0 0 0 0 0 0 0 0 0 0 0 0 0 0 0 0 0 0 0 0 0 0 0 0 0
#obs catch bio
 0 101083 151855 207488 226481 283822 280650 321843 253144 285689 297757 280193 267410 258590 214405 200371 179197 167958 137779 140337 131119 137442 107551 115642 108550 101292 109045 97038.8 94820.7 98202.8 93277.4 98823.2 96382.1 92893 99567.8 89968.8 103685 106074 92959.8 99722.6 101110 99002.6 104071 102428 107709 101888 109408 100382 108374 107848 71584.4
#pred cpue bio
 3.55582e+06 3.44422e+06 3.33906e+06 3.18666e+06 2.98563e+06 2.77636e+06 2.52043e+06 2.28228e+06 2.01497e+06 1.83556e+06 1.63551e+06 1.43494e+06 1.26014e+06 1.10414e+06 957896 862546 780145 719659 666692 642741 611833 587457 550766 543072 525029 512991 508892 498021 502006 510317 517056 530968 539346 549183 563313 570916 590445 595968 597761 614382 624515 632547 642035 644855 648794 647545 652191 648663 655155 653013 651102 2.41351e+07 1.46492e+07 1.49616e+07 1.58683e+07 1.73079e+07 1.89538e+07 2.05658e+07 2.20138e+07 2.32444e+07 2.42514e+07 2.50539e+07 2.56816e+07 2.61664e+07 2.65377e+07 2.68208e+07 2.70361e+07 2.71999e+07 2.73246e+07 2.74199e+07 2.74929e+07 2.75492e+07 2.75927e+07 2.76265e+07 2.76529e+07 2.76737e+07 2.769e+07 2.77029e+07 2.77132e+07 2.77213e+07 2.77278e+07 2.77331e+07 2.77373e+07 2.77407e+07 2.77434e+07 2.77456e+07 2.77474e+07 2.77489e+07 2.77501e+07 2.77511e+07 2.77519e+07 2.77525e+07 2.7753e+07 2.77534e+07 2.77538e+07 2.77541e+07 2.77543e+07 2.77545e+07 2.77547e+07 2.77548e+07 2.77549e+07 2.7755e+07 2.77551e+07 2.77551e+07 2.77552e+07 2.77552e+07 2.77552e+07 2.77553e+07 2.77553e+07 2.77553e+07 2.77553e+07 2.77553e+07 2.77553e+07 2.77553e+07 2.77553e+07 2.77553e+07 2.77554e+07 2.77554e+07 2.77554e+07 2.77554e+07 2.77554e+07 2.77554e+07 2.77554e+07 2.77554e+07 2.77554e+07 2.77554e+07 2.77554e+07 2.77554e+07 2.77554e+07 2.77554e+07 2.77554e+07 2.77554e+07 2.77554e+07 2.77554e+07 2.77554e+07 2.77554e+07 2.77554e+07 2.77554e+07 2.77554e+07 2.77554e+07 2.77554e+07 2.77554e+07 2.77554e+07 2.77554e+07 2.77554e+07 2.77554e+07 2.77554e+07 2.77554e+07 2.77554e+07 2.77554e+07 2.77554e+07 0 0 0 0 0 0 0 0 0 0 0 0 0 0 0 0 0 0 0 0 0 0 0 0 0
#obs cpue bio
 4.75778e+06 3.12432e+06 3.272e+06 2.3367e+06 3.38331e+06 2.67084e+06 3.24257e+06 2.37784e+06 2.50851e+06 1.65078e+06 1.14716e+06 1.25681e+06 1.09863e+06 1.43e+06 683661 1.16824e+06 631889 850846 727216 652760 593947 563414 641720 481017 608885 705023 284383 509115 632394 459785 446359 362350 731405 624026 605232 448586 499275 635341 606342 621934 793902 757067 639182 815406 408297 828577 751838 610033 456350 613217 598141
#pred surv len freq
 0.00432369 0.0071142 0.0108834 0.0156695 0.0213856 0.0277269 0.0341521 0.0400298 0.0448787 0.0485214 0.0510534 0.0527026 0.0537059 0.0542539 0.0544826 0.0544856 0.0543317 0.054066 0.0536637 0.0529336 0.0514401 0.0485638 0.0437725 0.0369989 0.0288604
 0.00453885 0.00738253 0.0111405 0.0158151 0.0213234 0.0274199 0.0336586 0.0394886 0.0444448 0.0482922 0.0510313 0.0528153 0.0538639 0.0544061 0.0546396 0.0547026 0.0546641 0.0545214 0.0541748 0.053371 0.0516634 0.0484883 0.043412 0.0364583 0.0282834
 0.00465233 0.00759865 0.0115174 0.0164085 0.0221516 0.0284231 0.0346827 0.040323 0.0449108 0.0483288 0.0507191 0.0523196 0.0533419 0.0539456 0.0542599 0.0543955 0.0544284 0.0543613 0.054073 0.053267 0.0514669 0.0481247 0.04287 0.0358036 0.0276267
 0.0047597 0.00777452 0.0117874 0.0168049 0.022714 0.0291924 0.0356816 0.0415247 0.0462115 0.0495499 0.0516549 0.0528156 0.0533584 0.0535621 0.0536222 0.0536468 0.0536673 0.0536363 0.0533918 0.0526055 0.0507809 0.0473749 0.042054 0.0349703 0.0268586
 0.0049199 0.00803317 0.0121734 0.0173443 0.0234263 0.0300854 0.0367465 0.0427346 0.0475223 0.0508957 0.0529382 0.0539026 0.054099 0.0538379 0.0533955 0.0529763 0.0526789 0.052469 0.0521524 0.0513519 0.0495328 0.0461411 0.0408595 0.033868 0.0259154
 0.005085 0.00830314 0.0125827 0.0179259 0.024206 0.0310715 0.0379204 0.0440487 0.0489081 0.0522789 0.0542477 0.0550675 0.0550375 0.0544528 0.0535897 0.0526866 0.0519074 0.0512895 0.0506848 0.0497232 0.047851 0.0444924 0.0393203 0.0325124 0.0248067
 0.0053179 0.00867991 0.0131463 0.0187153 0.0252487 0.0323727 0.0394506 0.0457388 0.0506582 0.0539774 0.0557901 0.056368 0.0560292 0.0550799 0.0537981 0.0524237 0.0511377 0.0500184 0.0489757 0.0476949 0.0456569 0.0422963 0.0372761 0.030747 0.0234022
 0.00555248 0.00905981 0.0137156 0.0195143 0.0263075 0.0336999 0.0410207 0.0474873 0.0524892 0.0557798 0.0574545 0.0577969 0.0571421 0.055813 0.0541008 0.0522536 0.0504607 0.0488199 0.0472809 0.0455878 0.0432847 0.039852 0.0349647 0.0287439 0.0218182
 0.00594388 0.00967632 0.0146065 0.0207125 0.0278241 0.035517 0.0430819 0.0496943 0.0547126 0.057881 0.059307 0.0592988 0.0582191 0.0564152 0.0541966 0.0518228 0.0494894 0.0473047 0.0452445 0.0431027 0.0404922 0.0369597 0.0322136 0.0263531 0.0199305
 0.00618142 0.0100705 0.0152141 0.0215898 0.0290138 0.0370285 0.0448741 0.0516731 0.0567503 0.0598456 0.0610853 0.0608031 0.0593816 0.0571802 0.0545162 0.0516559 0.0488036 0.0460817 0.0434932 0.0408801 0.0379234 0.0342407 0.0295837 0.0240399 0.01809
 0.00638828 0.0104246 0.0157802 0.02244 0.0302132 0.0386108 0.0468167 0.0538862 0.0590878 0.0621333 0.0631533 0.0625112 0.0606325 0.0579207 0.0547256 0.0513301 0.0479428 0.0446887 0.0415859 0.0385152 0.0352209 0.0313923 0.0268295 0.0216139 0.0161565
 0.00662026 0.0108039 0.0163561 0.023263 0.0313286 0.0400474 0.0485709 0.0559099 0.0612858 0.0643717 0.0652745 0.0643542 0.0620556 0.0588201 0.0550445 0.0510536 0.0470838 0.0432751 0.03966 0.036148 0.0325348 0.0285726 0.0241071 0.0192153 0.014243
 0.00686221 0.0111941 0.0169377 0.0240745 0.0323978 0.0413817 0.050147 0.0576706 0.0631479 0.0662395 0.06705 0.0659389 0.0633495 0.0597255 0.0554767 0.0509532 0.0464237 0.0420616 0.0379319 0.0339822 0.030057 0.0259628 0.0215827 0.0169879 0.0124633
 0.00713809 0.0116367 0.0175926 0.0249792 0.0335739 0.0428233 0.051809 0.0594666 0.0649642 0.0679596 0.0685755 0.0671982 0.0642934 0.0603164 0.055679 0.0507304 0.045744 0.0409094 0.0363217 0.0319726 0.027761 0.0235478 0.0192507 0.0149333 0.0108233
 0.00740327 0.0120757 0.0182671 0.0259487 0.034881 0.0444703 0.0537369 0.0615519 0.0670401 0.0698545 0.0701479 0.0683557 0.0649946 0.0605606 0.055489 0.0501341 0.0447629 0.0395576 0.0346189 0.0299646 0.0255394 0.0212551 0.0170631 0.0130214 0.00930562
 0.00750716 0.0122488 0.0185367 0.026347 0.035443 0.0452284 0.0547109 0.0627365 0.0683951 0.0713012 0.0715757 0.0696402 0.0660209 0.0612445 0.0557854 0.0500333 0.0442769 0.0387087 0.0334374 0.0284974 0.0238649 0.0194911 0.0153555 0.0115134 0.0080999
 0.00756797 0.0123585 0.0187221 0.0266401 0.0358743 0.045817 0.0554554 0.0636139 0.0693672 0.0723233 0.0725997 0.0706106 0.0668717 0.0619022 0.0561812 0.0501166 0.0440235 0.0381211 0.0325409 0.0273401 0.0225211 0.0180639 0.0139678 0.0102844 0.00711499
 0.00755187 0.0123389 0.0187059 0.0266407 0.0359124 0.0459191 0.0556508 0.0639283 0.0698153 0.0729013 0.0732836 0.0713587 0.0676303 0.0626095 0.0567709 0.0505224 0.0441884 0.0380075 0.0321396 0.0266748 0.02165 0.0170755 0.0129687 0.00937817 0.00637729
 0.00765128 0.0124792 0.0188778 0.0268234 0.0360811 0.0460566 0.0557573 0.0640224 0.069928 0.073065 0.0735213 0.071677 0.0680161 0.0630316 0.0571831 0.050869 0.0444107 0.0380536 0.0319749 0.0262938 0.0210823 0.016385 0.0122413 0.00870117 0.00581716
 0.00765095 0.0124739 0.0188604 0.0267828 0.0360027 0.0459261 0.0555656 0.0637742 0.0696483 0.0728017 0.0733381 0.0716363 0.0681585 0.0633604 0.0576612 0.0514276 0.0449646 0.0385173 0.0322793 0.0263985 0.0209851 0.0161223 0.0118788 0.00831448 0.00547071
 0.00767047 0.0125136 0.0189342 0.026906 0.0361857 0.0461645 0.0558334 0.064025 0.0698285 0.0728694 0.0732806 0.0714779 0.0679542 0.0631776 0.0575562 0.0514254 0.045051 0.0386452 0.0323858 0.0264269 0.0209035 0.015933 0.0116154 0.00802767 0.00520886
 0.00761208 0.0124284 0.0188247 0.026783 0.0360676 0.0460747 0.0557957 0.0640567 0.0699319 0.0730263 0.0734545 0.0716269 0.0680495 0.0632168 0.0575636 0.0514383 0.0450983 0.038732 0.0324894 0.0265081 0.0209258 0.0158794 0.0114953 0.00787066 0.00505043
 0.00786617 0.0127934 0.0192852 0.0272947 0.036571 0.0465161 0.0561443 0.0643071 0.0700942 0.0731129 0.0734701 0.0715662 0.067902 0.0629773 0.0572418 0.0510629 0.0447111 0.0383728 0.0321816 0.0262526 0.0207068 0.0156784 0.0113033 0.00769179 0.00489622
 0.00789157 0.0128416 0.0193683 0.0274226 0.0367422 0.046708 0.0563105 0.0643912 0.0700565 0.0729554 0.0732411 0.0713381 0.0677367 0.0629005 0.0572409 0.051104 0.0447615 0.0384141 0.0322091 0.0262668 0.0207061 0.0156588 0.0112632 0.00763593 0.00483513
 0.00801986 0.0130394 0.019646 0.0277831 0.0371806 0.0472106 0.0568509 0.0649251 0.0705212 0.07328 0.0733666 0.0712412 0.0674417 0.0624716 0.0567567 0.0506298 0.0443344 0.0380457 0.0318972 0.0260053 0.020489 0.0154804 0.011118 0.00751985 0.00474562
 0.00824107 0.0133653 0.0200738 0.0282882 0.0377233 0.0477483 0.0573474 0.0653534 0.0708619 0.073517 0.0734839 0.0712223 0.0672748 0.0621597 0.0563254 0.0501255 0.0438119 0.0375521 0.0314621 0.0256403 0.0201935 0.0152479 0.0109402 0.00738832 0.00465246
 0.00825085 0.0134089 0.0201886 0.0285206 0.0381109 0.0482944 0.058004 0.0660279 0.0714485 0.0739353 0.0737018 0.0712517 0.0671494 0.0619134 0.0559841 0.0497119 0.0433531 0.0370818 0.031015 0.025244 0.0198636 0.0149878 0.0107452 0.00724907 0.00455828
 0.00830547 0.0134947 0.0203138 0.0286956 0.0383507 0.0486204 0.0584376 0.0665764 0.0720867 0.0745963 0.0742882 0.0716652 0.0673254 0.0618387 0.0556917 0.0492599 0.0428047 0.0364946 0.0304377 0.0247156 0.0194112 0.0146252 0.010473 0.00705798 0.00443312
 0.00831333 0.0134954 0.0202932 0.0286346 0.0382335 0.0484453 0.0582274 0.0663802 0.0719692 0.0746174 0.0744782 0.0720086 0.0677601 0.062276 0.0560465 0.0494775 0.0428713 0.0364304 0.0302821 0.0245126 0.0191995 0.0144333 0.0103168 0.00694254 0.00435509
 0.00827683 0.0134425 0.0202246 0.0285533 0.0381409 0.048338 0.0580971 0.0662198 0.0717843 0.0744347 0.0743448 0.0719769 0.0678647 0.0625142 0.0563746 0.0498259 0.0431705 0.0366342 0.0303777 0.0245156 0.0191414 0.0143473 0.0102294 0.00686921 0.00430168
 0.00816916 0.0132874 0.0200287 0.0283356 0.0379286 0.0481574 0.0579657 0.0661421 0.0717522 0.074433 0.0743595 0.0720049 0.0679183 0.0626151 0.0565389 0.0500491 0.0434236 0.0368742 0.0305654 0.0246309 0.0191867 0.0143413 0.0101962 0.00682907 0.00426692
 0.00793784 0.0129327 0.0195359 0.0277095 0.0371961 0.0473692 0.0571954 0.0654778 0.0712774 0.0742027 0.0743846 0.0722543 0.0683366 0.0631437 0.0571305 0.0506691 0.0440429 0.0374615 0.0310873 0.0250592 0.0195073 0.0145584 0.0103282 0.00690071 0.0043013
 0.00792395 0.0128809 0.0194052 0.0274467 0.0367533 0.0467291 0.056393 0.0646017 0.0704488 0.0735402 0.073974 0.0721325 0.0684916 0.0635267 0.0576736 0.051303 0.0447077 0.0381098 0.0316817 0.0255704 0.0199166 0.0148606 0.0105321 0.00702582 0.00437079
 0.00798807 0.0129695 0.0195076 0.0275376 0.0367925 0.0466662 0.0561768 0.0641973 0.0698577 0.0728155 0.0732174 0.0714689 0.0680312 0.0633331 0.0577516 0.0516084 0.0451687 0.0386489 0.0322307 0.0260769 0.0203456 0.0151948 0.0107709 0.00718139 0.00446275
 0.00794075 0.0129067 0.0194384 0.0274771 0.0367542 0.0466514 0.0561664 0.0641521 0.0697298 0.0725675 0.0728423 0.0710021 0.0675475 0.0629271 0.057508 0.0515745 0.0453427 0.0389863 0.0326632 0.0265335 0.0207684 0.0155463 0.0110358 0.00736254 0.00457503
 0.00793444 0.0128946 0.0194175 0.0274455 0.0367141 0.0466114 0.0561409 0.0641544 0.0697606 0.0726061 0.072848 0.0709304 0.0673739 0.0626652 0.0572109 0.0513166 0.045191 0.0389758 0.0327876 0.0267533 0.0210294 0.0157988 0.0112462 0.00751718 0.00467618
 0.0077785 0.0126583 0.0190942 0.0270411 0.036246 0.0461068 0.0556356 0.0636929 0.069392 0.0723736 0.0727759 0.0710131 0.0675756 0.0629328 0.057496 0.0515947 0.0454665 0.0392695 0.0331162 0.0271142 0.0213986 0.0161418 0.011533 0.00773231 0.00482091
 0.00772189 0.0125678 0.0189614 0.0268604 0.0360174 0.0458384 0.055346 0.0634089 0.0691426 0.0721831 0.072659 0.070975 0.0676127 0.0630331 0.0576399 0.0517609 0.0456399 0.0394476 0.0333063 0.027323 0.0216228 0.0163656 0.0117348 0.00789468 0.00493695
 0.00777502 0.0126366 0.0190323 0.0269098 0.0360177 0.0457683 0.0551992 0.0631972 0.0688919 0.0719258 0.0724262 0.0707911 0.0674924 0.0629808 0.0576509 0.0518234 0.0457394 0.0395712 0.0334461 0.0274755 0.0217842 0.0165279 0.0118853 0.00802082 0.00503125
 0.00764977 0.0124523 0.01879 0.026621 0.0356985 0.0454312 0.0548495 0.0628367 0.068529 0.071583 0.0721403 0.0706036 0.0674356 0.0630671 0.0578698 0.0521462 0.0461285 0.0399888 0.0338606 0.0278642 0.0221325 0.0168263 0.0121282 0.00820595 0.00516145
 0.00755687 0.0123048 0.0185759 0.0263342 0.0353433 0.0450264 0.0544295 0.0624453 0.0682052 0.071348 0.0719941 0.0705345 0.067435 0.0631368 0.0580183 0.052378 0.0464355 0.0403496 0.0342458 0.0282437 0.0224814 0.0171272 0.0123716 0.00838954 0.00528943
 0.00752003 0.0122386 0.0184647 0.02616 0.0350904 0.0446892 0.0540199 0.0619955 0.0677628 0.0709643 0.071711 0.0703747 0.0673993 0.0632109 0.0581828 0.0526166 0.0467356 0.0406977 0.034623 0.0286253 0.0228411 0.0174426 0.0126281 0.00858262 0.00542311
 0.00750475 0.0122088 0.0184101 0.0260669 0.0349434 0.0444752 0.0537329 0.0616409 0.0673605 0.0705482 0.0713254 0.070066 0.0672055 0.0631518 0.0582575 0.0528075 0.0470164 0.0410406 0.0350009 0.0290116 0.0232093 0.0177694 0.0128967 0.00878588 0.00556403
 0.00758022 0.0123188 0.0185516 0.0262275 0.0351028 0.0446085 0.0538141 0.061646 0.0672712 0.0703575 0.0710427 0.0697189 0.066837 0.0628114 0.0579896 0.0526416 0.0469625 0.0410903 0.0351333 0.0291991 0.0234226 0.0179808 0.0130842 0.00893585 0.00567227
 0.00751772 0.0122422 0.0184817 0.026197 0.0351445 0.0447384 0.0540182 0.0618809 0.0674786 0.0704846 0.0710576 0.0696163 0.0666354 0.0625468 0.0577076 0.0523885 0.0467757 0.0409914 0.0351247 0.0292668 0.0235417 0.018123 0.0132239 0.00905488 0.00576195
 0.0075351 0.0122575 0.0184826 0.0261686 0.035079 0.0446463 0.0539335 0.0618502 0.0675379 0.0706362 0.0712627 0.0698108 0.0667575 0.062562 0.0576176 0.0522252 0.0465866 0.0408228 0.0350099 0.0292193 0.0235562 0.018181 0.0133022 0.00913284 0.00582635
 0.00754245 0.0122662 0.0184888 0.0261649 0.0350539 0.0445865 0.0538281 0.0616997 0.0673612 0.0704709 0.0711539 0.0697898 0.0668246 0.0626845 0.0577469 0.0523212 0.0466339 0.0408325 0.0350076 0.0292302 0.0235937 0.0182437 0.0133784 0.00920782 0.00588878
 0.00755392 0.0122927 0.0185427 0.0262608 0.0352032 0.0447884 0.0540637 0.0619318 0.0675448 0.0705691 0.0711522 0.0697017 0.0666841 0.0625295 0.0576021 0.0521911 0.0465098 0.0407062 0.0348813 0.0291163 0.0235068 0.018192 0.0133596 0.00921211 0.00590397
 0.00748608 0.0121865 0.0183915 0.0260639 0.0349688 0.0445371 0.0538277 0.0617498 0.0674485 0.0705703 0.0712376 0.0698401 0.0668419 0.0626846 0.0577474 0.052328 0.0466395 0.040825 0.0349838 0.0292003 0.0235755 0.0182509 0.0134126 0.00925935 0.00594323
 0.00734511 0.0119864 0.0181441 0.0257976 0.0347204 0.0443376 0.0536932 0.0616809 0.0674386 0.0706133 0.0713298 0.0699758 0.0670088 0.0628636 0.0579189 0.0524787 0.0467651 0.0409276 0.0350673 0.0292681 0.0236305 0.0182962 0.0134508 0.00929175 0.00596969
 0.00701793 0.0114983 0.0174924 0.0250131 0.0338635 0.0434885 0.0529412 0.0611109 0.0671145 0.070561 0.0715311 0.0703783 0.0675457 0.063471 0.0585447 0.0530838 0.0473223 0.0414204 0.0354886 0.0296174 0.0239114 0.0185145 0.0136139 0.00940784 0.00604775
#obs surv len freq
 nan nan nan nan nan nan nan nan nan nan nan nan nan nan nan nan nan nan nan nan nan nan nan nan nan
 0.00448695 0.00734935 0.0111803 0.0159973 0.0216982 0.0279735 0.0342869 0.0400172 0.0446957 0.0481584 0.0505152 0.05201 0.0529013 0.0534129 0.0537265 0.0539809 0.0542591 0.0545516 0.0546902 0.054282 0.0527202 0.0493526 0.0438027 0.0362834 0.0276677
 0.0046079 0.00755 0.0114894 0.016443 0.0223009 0.028735 0.0351802 0.0409835 0.0456532 0.0490193 0.0512024 0.0524686 0.0531035 0.053358 0.0534363 0.053492 0.0536145 0.0537935 0.0538574 0.0534111 0.0518495 0.0485248 0.0430621 0.0356672 0.0271968
 0.00478132 0.00783001 0.0119074 0.0170277 0.0230734 0.029701 0.0363203 0.0422473 0.0469622 0.0502767 0.0523072 0.0533286 0.0536471 0.0535428 0.0532532 0.052963 0.0527851 0.0527236 0.0526134 0.0520632 0.0504729 0.0471998 0.0418684 0.0346707 0.0264337
 0.00496043 0.00812647 0.0123632 0.0176846 0.0239643 0.0308359 0.0376733 0.0437533 0.0485271 0.0517963 0.0536814 0.0544678 0.0544729 0.0539905 0.0532784 0.0525487 0.0519465 0.0515074 0.0510936 0.0503364 0.0486534 0.0454138 0.0402403 0.0333022 0.0253818
 0.00517764 0.00848007 0.0128966 0.0184392 0.0249729 0.0321109 0.0391937 0.0454581 0.050321 0.0535649 0.0553089 0.0558488 0.0555189 0.0546312 0.0534608 0.0522386 0.0511333 0.0502114 0.0493738 0.0482944 0.0464314 0.0431825 0.0381752 0.0315493 0.0240264
 0.00540058 0.00884611 0.0134542 0.0192357 0.0260454 0.0334722 0.0408176 0.0472749 0.0522283 0.0554471 0.057054 0.0573568 0.0567028 0.0554161 0.0537845 0.0520528 0.0504079 0.0489432 0.0475992 0.0461031 0.0439727 0.0406547 0.0357946 0.0295038 0.0224317
 0.00565675 0.00926385 0.0140853 0.0201295 0.0272395 0.0349777 0.0426041 0.0492644 0.0543056 0.0574816 0.0589209 0.0589497 0.0579372 0.0562265 0.0541188 0.0518682 0.049671 0.0476381 0.0457446 0.0437731 0.041312 0.0378747 0.0331401 0.0271978 0.0206188
 0.00589029 0.00964945 0.0146767 0.0209806 0.0283939 0.0364524 0.0443719 0.0512491 0.0563922 0.0595392 0.0608234 0.060588 0.0592229 0.0570907 0.054509 0.0517433 0.0489985 0.0463985 0.0439457 0.0414742 0.0386451 0.0350475 0.0304059 0.0247968 0.0187147
 0.00614503 0.0100652 0.0153057 0.021873 0.0295886 0.0379627 0.04617 0.0532591 0.0584997 0.0616117 0.0627313 0.0622189 0.060487 0.0579219 0.0548603 0.0515815 0.0482988 0.0451458 0.0421471 0.0391815 0.0359795 0.0322072 0.0276413 0.0223529 0.0167643
 0.00638415 0.0104581 0.0159046 0.0227289 0.0307413 0.039425 0.0479115 0.0552013 0.060528 0.0635975 0.0645532 0.0637732 0.0616912 0.058713 0.0551928 0.0514231 0.047627 0.0439486 0.0404324 0.036997 0.0334358 0.029488 0.0249829 0.0199912 0.0148702
 0.00661488 0.0108367 0.0164811 0.0235519 0.0318491 0.0408301 0.0495852 0.0570678 0.0624748 0.0654968 0.0662832 0.0652316 0.0627999 0.0594174 0.0554573 0.0512248 0.0469512 0.0427888 0.0387987 0.0349342 0.031045 0.0269366 0.0224876 0.0177705 0.0130847
 0.00683761 0.0112038 0.0170426 0.0243574 0.0329368 0.042211 0.0512274 0.0588908 0.0643619 0.0673182 0.0679177 0.0665805 0.0637911 0.0600041 0.0556142 0.0509415 0.0462261 0.0416266 0.0372167 0.0329778 0.0288072 0.0245675 0.020181 0.0157221 0.0114384
 0.0070794 0.0115964 0.0176325 0.0251871 0.0340366 0.0435857 0.0528421 0.0606659 0.0661829 0.0690568 0.0694535 0.0678152 0.0646552 0.0604573 0.0556411 0.0505449 0.0454189 0.040428 0.0356554 0.0311039 0.0267082 0.0223777 0.0180698 0.0138589 0.00994665
 0.00728634 0.0119395 0.0181605 0.0259485 0.0350681 0.0448949 0.0543914 0.0623688 0.0679184 0.070695 0.0708787 0.068938 0.065415 0.0608203 0.0555966 0.0501003 0.0445941 0.0392515 0.0341652 0.0293553 0.0247856 0.0204011 0.0161851 0.0122088 0.00863282
 0.00742435 0.012167 0.0185095 0.0264521 0.0357561 0.0457849 0.055478 0.0636162 0.0692611 0.0720453 0.0721391 0.0700142 0.066227 0.0613111 0.0557342 0.0498756 0.0440164 0.0383444 0.032966 0.0279193 0.023193 0.0187594 0.0146202 0.0108406 0.00754495
 0.00752099 0.0123242 0.0187465 0.0267877 0.0362065 0.0463594 0.0561746 0.0644188 0.0701405 0.0729626 0.0730477 0.0708599 0.06695 0.0618503 0.0560354 0.0498991 0.043742 0.0377731 0.0321206 0.026846 0.0219632 0.0174688 0.013378 0.00974912 0.00667515
 0.00761431 0.0124699 0.0189548 0.0270647 0.0365538 0.0467745 0.0566494 0.0649403 0.0706918 0.073526 0.0736057 0.0713942 0.0674371 0.0622586 0.0563248 0.0500259 0.0436668 0.0374703 0.0315864 0.0261041 0.021067 0.0164974 0.0124247 0.00890187 0.00599542
 0.00763647 0.0125055 0.0190078 0.0271386 0.0366519 0.0468992 0.0568024 0.0651228 0.0709058 0.073775 0.0738933 0.0717206 0.067795 0.0626289 0.0566754 0.0503135 0.0438429 0.0374905 0.0314216 0.0257505 0.0205525 0.0158795 0.0117796 0.00830567 0.00550496
 0.00771118 0.0126145 0.0191485 0.027301 0.0368213 0.0470616 0.0569487 0.0652498 0.0710154 0.0738728 0.0739879 0.0718221 0.0679126 0.0627671 0.0568292 0.050465 0.0439613 0.0375371 0.0313602 0.0255598 0.0202359 0.0154693 0.0113294 0.00787549 0.0051429
 0.00775714 0.0126876 0.019255 0.0274437 0.0369971 0.0472589 0.0571464 0.0654214 0.0711376 0.073935 0.0739968 0.0717986 0.0678826 0.0627525 0.0568419 0.0505035 0.0440105 0.0375706 0.0313462 0.0254709 0.0200607 0.0152189 0.0110363 0.00758227 0.00488793
 0.00782116 0.0127821 0.0193794 0.0275918 0.037159 0.0474243 0.0573064 0.0655678 0.0712608 0.0740236 0.0740407 0.0717938 0.0678355 0.0626794 0.0567633 0.0504367 0.0439622 0.0375341 0.0313033 0.0253995 0.0199446 0.0150563 0.010842 0.00738252 0.00470979
 0.00785157 0.0128342 0.0194623 0.0277138 0.037324 0.0476269 0.0575291 0.0657831 0.0714398 0.0741454 0.0740977 0.0717898 0.0677809 0.0625872 0.0566478 0.050313 0.0438435 0.0374274 0.0312067 0.0253031 0.0198365 0.01493 0.0107015 0.0072411 0.00458356
 0.00787236 0.0128633 0.0194978 0.0277523 0.0373629 0.0476673 0.057577 0.0658464 0.0715226 0.0742432 0.074197 0.0718732 0.0678342 0.062604 0.0566303 0.0502691 0.0437836 0.0373608 0.0311387 0.0252337 0.0197619 0.0148469 0.0106109 0.00714966 0.00450081
 0.00789633 0.0129003 0.0195496 0.0278183 0.0374398 0.0477488 0.0576544 0.0659112 0.0715697 0.0742738 0.0742168 0.0718887 0.067847 0.0626102 0.0566232 0.0502438 0.04374 0.0373032 0.0310728 0.0251643 0.0196909 0.0147748 0.0105392 0.00708161 0.00444135
 0.00787632 0.0128661 0.0194954 0.0277387 0.037332 0.0476156 0.0575066 0.0657665 0.0714488 0.0741942 0.0741894 0.0719164 0.0679258 0.0627299 0.0567684 0.0503965 0.0438832 0.0374244 0.0311656 0.0252275 0.0197269 0.0147876 0.0105339 0.00706477 0.00441959
 0.00790827 0.0129094 0.0195443 0.0277819 0.0373553 0.0476063 0.0574576 0.0656791 0.0713326 0.0740654 0.0740678 0.0718208 0.0678702 0.0627203 0.0568025 0.0504646 0.0439709 0.037516 0.031248 0.025292 0.0197699 0.01481 0.0105396 0.00705908 0.00440828
 0.00786333 0.0128421 0.0194534 0.0276696 0.0372253 0.0474622 0.0573021 0.0655154 0.0711672 0.0739103 0.0739395 0.0717374 0.0678468 0.0627642 0.0569111 0.0506261 0.0441666 0.0377245 0.0314484 0.0254677 0.0199108 0.014913 0.0106073 0.00709831 0.0044275
 0.00788406 0.0128667 0.0194741 0.027674 0.0372009 0.0474019 0.0572085 0.0653997 0.0710439 0.0737908 0.0738303 0.0716422 0.0677707 0.0627159 0.0569004 0.0506592 0.0442426 0.0378339 0.0315758 0.0255958 0.0200248 0.0150036 0.0106716 0.00713876 0.00444966
 0.00786012 0.0128322 0.0194297 0.0276221 0.037143 0.0473366 0.0571306 0.0653033 0.0709277 0.0736622 0.0737048 0.0715383 0.0677027 0.0626908 0.056919 0.0507187 0.0443382 0.0379583 0.0317181 0.0257422 0.020161 0.015118 0.0107584 0.00719801 0.00448583
 0.00785887 0.0128234 0.0194044 0.0275688 0.0370524 0.0472067 0.0569709 0.0651329 0.0707681 0.0735293 0.0736054 0.0714729 0.0676705 0.0626926 0.0569564 0.0507917 0.0444436 0.0380894 0.0318654 0.025894 0.0203046 0.0152424 0.0108565 0.00726805 0.00453086
 0.00784551 0.0128066 0.0193877 0.0275571 0.0370485 0.0472076 0.0569662 0.0651081 0.0707121 0.0734412 0.0734965 0.0713614 0.067574 0.0626232 0.0569199 0.0507897 0.044475 0.0381509 0.0319508 0.025994 0.0204081 0.0153386 0.010937 0.00732854 0.00457165
 0.00780371 0.0127361 0.0192778 0.0273984 0.0368372 0.0469518 0.0566884 0.0648421 0.0704924 0.0732915 0.0734233 0.0713577 0.0676275 0.0627222 0.0570554 0.0509541 0.0446605 0.0383489 0.032152 0.0261887 0.0205867 0.0154923 0.0110599 0.00741898 0.00463233
 0.00775337 0.0126553 0.0191579 0.0272318 0.0366192 0.0466824 0.0563766 0.0645081 0.0701672 0.0730122 0.073225 0.0712639 0.0676444 0.0628391 0.0572503 0.0512013 0.0449366 0.0386347 0.0324321 0.0264503 0.0208192 0.0156875 0.0112134 0.0075309 0.00470725
 0.00773836 0.012624 0.0190983 0.0271288 0.0364586 0.0464574 0.0560927 0.0641846 0.069833 0.0726996 0.0729647 0.0710818 0.0675595 0.0628601 0.0573731 0.0514094 0.0452048 0.038935 0.0327386 0.0267416 0.0210793 0.0159058 0.0113847 0.00765556 0.00479075
 0.0076968 0.0125587 0.019004 0.0270013 0.0362944 0.0462537 0.0558493 0.0639064 0.069533 0.0723993 0.0726922 0.0708673 0.0674289 0.0628302 0.0574491 0.0515841 0.0454599 0.039244 0.0330714 0.0270692 0.0213776 0.0161584 0.0115833 0.00780007 0.00488741
 0.00769046 0.0125447 0.0189761 0.0269515 0.0362151 0.0461406 0.0557034 0.0637341 0.0693431 0.0722011 0.0724947 0.0706816 0.0672704 0.0627183 0.0574025 0.0516158 0.045572 0.0394264 0.0333033 0.0273239 0.0216279 0.0163818 0.0117655 0.00793591 0.00497979
 0.00767476 0.0125235 0.0189518 0.0269281 0.0361958 0.0461246 0.0556843 0.0637011 0.0692858 0.0721139 0.0723793 0.0705463 0.0671282 0.0625847 0.0572951 0.0515517 0.0455651 0.0394824 0.0334172 0.0274799 0.0218035 0.0165537 0.011915 0.00805257 0.00506176
 0.00763742 0.012466 0.0188715 0.0268257 0.0360758 0.0459962 0.0555603 0.0635955 0.0692089 0.0720679 0.0723578 0.0705377 0.0671216 0.0625757 0.0572867 0.0515535 0.0455892 0.0395396 0.033512 0.0276081 0.0219523 0.016705 0.0120517 0.00816271 0.00514116
 0.00762391 0.0124413 0.0188296 0.0267597 0.0359805 0.0458711 0.0554128 0.063441 0.0690673 0.0719579 0.072291 0.0705157 0.0671369 0.0626152 0.0573379 0.0516091 0.0456494 0.0396096 0.0335983 0.0277132 0.0220719 0.0168289 0.0121669 0.00825861 0.00521236
 0.00759675 0.0124003 0.0187733 0.0266885 0.0358953 0.0457726 0.0553013 0.0633181 0.0689383 0.0718332 0.0721851 0.0704434 0.0671085 0.0626325 0.0573941 0.0516924 0.0457477 0.0397154 0.0337086 0.0278277 0.0221889 0.0169435 0.0122714 0.00834554 0.00527759
 0.00759961 0.0124033 0.0187751 0.0266867 0.0358875 0.0457573 0.0552781 0.0632871 0.068899 0.0717843 0.0721257 0.0703757 0.0670392 0.062572 0.0573529 0.0516767 0.0457582 0.0397482 0.0337583 0.0278894 0.0222584 0.0170158 0.0123408 0.00840598 0.00532488
 0.00757772 0.0123719 0.0187355 0.0266425 0.0358435 0.045717 0.0552431 0.0632567 0.0688717 0.0717588 0.0721016 0.0703529 0.0670179 0.0625537 0.0573405 0.0516751 0.0457717 0.0397788 0.0338049 0.0279482 0.0223241 0.0170829 0.0124034 0.00845956 0.00536642
 0.00755418 0.0123323 0.0186739 0.0265537 0.0357253 0.045574 0.0550877 0.0631084 0.068751 0.0716805 0.0720706 0.0703645 0.0670622 0.0626193 0.0574184 0.0517593 0.0458596 0.0398698 0.0338985 0.0280428 0.0224165 0.0171685 0.012478 0.00851976 0.00541107
 0.00754239 0.0123135 0.018646 0.0265146 0.0356727 0.0455054 0.0550019 0.0630071 0.0686407 0.0715729 0.0719802 0.0703048 0.0670407 0.0626357 0.057466 0.0518282 0.0459407 0.0399564 0.0339868 0.02813 0.0225001 0.0172452 0.0125443 0.00857313 0.00545054
 0.00754112 0.0123116 0.0186434 0.0265111 0.0356678 0.0454979 0.0549897 0.0629869 0.068609 0.0715274 0.071922 0.0702393 0.0669774 0.0625856 0.0574377 0.0518253 0.0459612 0.0399951 0.0340372 0.0281865 0.022558 0.0173005 0.0125936 0.00861369 0.00548109
 0.00752842 0.0122927 0.0186183 0.0264811 0.035635 0.0454648 0.0549587 0.0629597 0.0685863 0.0715083 0.0719043 0.0702207 0.0669569 0.0625652 0.0574222 0.0518206 0.045972 0.0400224 0.0340786 0.0282372 0.0226122 0.017353 0.0126402 0.00865167 0.0055094
 0.00750884 0.0122641 0.0185811 0.0264379 0.0355901 0.0454228 0.0549236 0.0629346 0.0685724 0.0715053 0.0719097 0.0702307 0.0669674 0.0625731 0.0574269 0.0518242 0.0459786 0.0400364 0.0341024 0.0282702 0.0226513 0.0173937 0.012678 0.00868332 0.00553332
 0.00749723 0.0122414 0.0185402 0.0263708 0.035491 0.0452926 0.0547727 0.0627822 0.0684415 0.0714148 0.0718692 0.0702394 0.0670165 0.0626498 0.0575181 0.0519198 0.0460722 0.0401254 0.0341865 0.0283495 0.0227249 0.0174595 0.0127335 0.00872681 0.00556458
 0.00747531 0.0122065 0.0184889 0.0263 0.0353978 0.0451748 0.0546306 0.0626208 0.0682724 0.0712561 0.0717426 0.0701641 0.0670037 0.062699 0.0576184 0.0520539 0.0462222 0.0402768 0.0343296 0.0284788 0.0228376 0.017554 0.0128089 0.00878332 0.00560386
 0.00747531 0.0122065 0.0184889 0.0263 0.0353978 0.0451748 0.0546306 0.0626208 0.0682724 0.0712561 0.0717426 0.0701641 0.0670037 0.062699 0.0576184 0.0520539 0.0462222 0.0402768 0.0343296 0.0284788 0.0228376 0.017554 0.0128089 0.00878332 0.00560386
#pred catch len freq
 0.00413227 0.00654853 0.00957334 0.0131449 0.0172317 0.021812 0.0268056 0.0320364 0.0372615 0.042228 0.046713 0.0505468 0.0536318 0.0559492 0.0575476 0.0585241 0.0590063 0.05912 0.0589135 0.0582382 0.0566581 0.053519 0.0482509 0.0407889 0.0318183
 0.00436265 0.00685015 0.0098954 0.0134026 0.0173389 0.021728 0.0265651 0.0317385 0.0370196 0.0421111 0.0467177 0.0506147 0.0536972 0.055985 0.0575837 0.0586287 0.0592417 0.0594934 0.0593501 0.0585955 0.0567834 0.0533222 0.0477516 0.0401074 0.0311158
 0.00449567 0.00707946 0.0102592 0.0139304 0.0180281 0.0225182 0.0273317 0.032325 0.0373039 0.0420675 0.0464276 0.0502158 0.0533081 0.0556614 0.0573277 0.0584299 0.0591049 0.0594304 0.059346 0.0585855 0.0566672 0.0530153 0.0472383 0.0394563 0.0304467
 0.00464596 0.00731475 0.0105996 0.014396 0.0186439 0.0233127 0.0283218 0.0334862 0.0385412 0.0432145 0.0472912 0.0506524 0.0532847 0.0552593 0.0566898 0.0576938 0.058364 0.0587296 0.0586907 0.0579481 0.0559981 0.0522694 0.04641 0.0385968 0.0296455
 0.00483708 0.00761192 0.0110223 0.0149557 0.0193455 0.0241581 0.0293106 0.0346132 0.0397885 0.0445365 0.0485956 0.051795 0.0540958 0.0556004 0.0565104 0.0570498 0.0573859 0.0575635 0.0574489 0.0566903 0.0547422 0.0510207 0.0451916 0.0374629 0.0286677
 0.00506399 0.00796584 0.0115277 0.0156274 0.0201888 0.0251691 0.0304738 0.0358984 0.0411521 0.0459249 0.0499475 0.0530357 0.0551286 0.0563071 0.0567729 0.0567895 0.0565994 0.056329 0.0558968 0.0549595 0.0529502 0.0492604 0.043545 0.0360098 0.0274765
 0.00533788 0.0083925 0.0121362 0.0164349 0.0212021 0.0263846 0.0318737 0.037445 0.0427848 0.0475644 0.0515043 0.0544197 0.0562545 0.0570936 0.0571392 0.0566598 0.0559215 0.055101 0.0541844 0.0528905 0.0506907 0.0469863 0.0414204 0.0341694 0.0260085
 0.00566006 0.00889227 0.0128446 0.017368 0.0223623 0.0277632 0.0334479 0.0391722 0.0445998 0.0493817 0.0532257 0.055943 0.0574834 0.0579437 0.0575396 0.0565509 0.0552567 0.0538585 0.0523893 0.0506345 0.0481355 0.0443444 0.0389169 0.031997 0.0242888
 0.0060664 0.00951547 0.0137143 0.0184905 0.0237266 0.0293479 0.0352224 0.0410906 0.0465947 0.0513637 0.0550893 0.0575772 0.0587828 0.0588183 0.0579188 0.0563821 0.0545027 0.0525015 0.0504462 0.0481805 0.045322 0.0413947 0.0360899 0.0295282 0.0223331
 0.00640598 0.0100489 0.0144827 0.0195212 0.0250303 0.0309149 0.0370164 0.0430455 0.0486202 0.0533582 0.0569512 0.0592106 0.0600984 0.0597344 0.0583632 0.0562947 0.0538379 0.0512334 0.0485821 0.0457828 0.0425297 0.0384255 0.0332099 0.0269904 0.0203115
 0.00671239 0.0105385 0.0152049 0.0205194 0.0263379 0.032547 0.0389556 0.0452302 0.0509424 0.0556746 0.059104 0.0610516 0.0615092 0.0606347 0.0587073 0.0560584 0.0530071 0.0498028 0.0465675 0.0432457 0.0396033 0.0353234 0.0301994 0.0243324 0.0181899
 0.00702456 0.0110267 0.0159056 0.0214594 0.027537 0.0340194 0.0407039 0.047232 0.053137 0.0579563 0.0613266 0.0630463 0.0631118 0.0617129 0.0591769 0.0558831 0.0521858 0.0483564 0.0445373 0.0407086 0.036695 0.0322507 0.0272202 0.0217004 0.0160863
 0.00735767 0.0115423 0.0166347 0.0224163 0.0287229 0.0354252 0.0423099 0.049004 0.0550232 0.0598868 0.0632137 0.0647836 0.0645782 0.0627838 0.0597412 0.0558603 0.0515356 0.0470793 0.0426735 0.0383428 0.0339681 0.0293651 0.0244207 0.0192253 0.0141059
 0.00775311 0.0121516 0.0174895 0.0235257 0.0300754 0.0369924 0.0440457 0.050842 0.0568795 0.061669 0.0648327 0.0661616 0.0656491 0.0634891 0.0600254 0.0556705 0.0508284 0.0458332 0.0409032 0.0361141 0.0314091 0.0266653 0.0218086 0.0169209 0.012265
 0.00803924 0.012608 0.0181607 0.0244482 0.0312725 0.0384653 0.0457616 0.0527268 0.0588222 0.0635388 0.0664995 0.0675153 0.066612 0.0640191 0.060108 0.0553054 0.0500176 0.0445797 0.039223 0.0340571 0.0290787 0.0242232 0.0194549 0.0148499 0.0106135
 0.00820257 0.0128651 0.0185335 0.0249568 0.0319376 0.0393092 0.0468034 0.0539699 0.0602399 0.0650635 0.0680247 0.0689117 0.0677528 0.0648044 0.0604778 0.0552378 0.0495171 0.0436651 0.0379248 0.0324269 0.0272054 0.0222411 0.0175307 0.0131476 0.00925065
 0.00826982 0.0129801 0.0187177 0.0252352 0.0323354 0.0398467 0.0474902 0.0548023 0.0612014 0.0661259 0.0691446 0.0700256 0.0687762 0.0656404 0.0610343 0.0554454 0.0493391 0.0430979 0.0369939 0.0311854 0.0257376 0.0206651 0.0159877 0.0117748 0.00814713
 0.00826962 0.0129844 0.0187338 0.0252757 0.0324191 0.039998 0.0477362 0.0551677 0.061701 0.0667576 0.0698871 0.0708392 0.0696066 0.0664211 0.0616902 0.0558993 0.0495231 0.0429668 0.0365352 0.0304253 0.024742 0.0195349 0.014845 0.010738 0.00730303
 0.00831136 0.0130377 0.0187879 0.0253133 0.0324241 0.039966 0.0476833 0.0551307 0.0617286 0.0668957 0.0701649 0.0712606 0.0701478 0.0670341 0.0623092 0.0564481 0.0499248 0.0431545 0.0364652 0.0300891 0.0241735 0.0188082 0.01406 0.00999697 0.00668448
 0.00834413 0.0130824 0.0188382 0.025356 0.0324396 0.0399323 0.0475824 0.0549574 0.0614997 0.0666548 0.0699772 0.0711952 0.0702551 0.0673268 0.0627565 0.0569826 0.0504576 0.0435938 0.0367344 0.0301427 0.0240085 0.0184654 0.0136132 0.00953142 0.00627242
 0.00835341 0.0131043 0.0188834 0.0254369 0.0325653 0.040101 0.0477751 0.0551386 0.0616264 0.0666924 0.0699147 0.0710546 0.0700876 0.0671971 0.0627185 0.0570581 0.0506264 0.0438004 0.0369064 0.0302159 0.0239469 0.0182727 0.013329 0.00921488 0.00598016
 0.0083462 0.0130968 0.0188806 0.0254472 0.0326003 0.0401733 0.047894 0.0553047 0.0618263 0.0668966 0.0700828 0.0711486 0.070089 0.0671175 0.0625973 0.0569461 0.0505628 0.0437942 0.0369341 0.0302332 0.0239118 0.0181647 0.0131573 0.00901142 0.00578336
 0.00853367 0.0133589 0.0191967 0.0257733 0.0328834 0.0403742 0.0480044 0.0553474 0.0618397 0.0669131 0.0701134 0.0711793 0.0700899 0.0670598 0.0624692 0.0567607 0.0503522 0.0435937 0.0367642 0.0300924 0.023782 0.0180267 0.0130041 0.00885195 0.00563566
 0.00861037 0.0134805 0.0193717 0.0260022 0.0331526 0.0406502 0.048235 0.0554756 0.0618278 0.0667651 0.0698779 0.070929 0.0698871 0.0669323 0.0624074 0.0567348 0.0503338 0.0435689 0.0367319 0.0300551 0.0237383 0.0179714 0.0129342 0.0087716 0.00555516
 0.00874709 0.0136869 0.0196533 0.0263549 0.0335653 0.0411079 0.048717 0.0559491 0.062243 0.0670597 0.0699951 0.0708416 0.0696141 0.066533 0.0619573 0.0562963 0.0499414 0.0432316 0.0364457 0.0298133 0.023535 0.0178012 0.0127924 0.00865505 0.00546293
 0.0089809 0.0140271 0.0200917 0.0268587 0.0340875 0.0416038 0.0491568 0.0563199 0.0625413 0.0672807 0.0701247 0.0708563 0.0694901 0.0662619 0.0615576 0.0558128 0.0494312 0.0427449 0.0360147 0.0294505 0.0232402 0.0175679 0.0126123 0.00852025 0.00536614
 0.00904085 0.0141398 0.0202877 0.0271714 0.0345398 0.0421899 0.0498298 0.0569977 0.0631313 0.0677112 0.0703637 0.0709081 0.0693783 0.066012 0.0611917 0.0553549 0.0489136 0.0422088 0.0355022 0.0289949 0.0228601 0.0172679 0.0123873 0.00835955 0.00525743
 0.00905051 0.0141575 0.0203201 0.0272313 0.0346493 0.0423813 0.0501393 0.0574484 0.0637127 0.0683652 0.070993 0.0714064 0.0696671 0.0660624 0.0610219 0.055012 0.0484542 0.0416886 0.0349718 0.0284972 0.0224269 0.0169166 0.0121213 0.00817149 0.0051334
 0.00904158 0.0141351 0.0202723 0.0271437 0.0345112 0.042195 0.0499286 0.0572617 0.0636134 0.0684131 0.0712194 0.0717951 0.0701522 0.0665479 0.061415 0.0552521 0.0485255 0.0416131 0.0347931 0.0282647 0.0221845 0.0166967 0.0119422 0.00803902 0.00504381
 0.00900488 0.0140821 0.0202042 0.0270636 0.0344209 0.0420908 0.0498015 0.0571035 0.0634291 0.06823 0.0710869 0.0717692 0.0702704 0.0668079 0.0617696 0.0556254 0.0488414 0.0418211 0.0348799 0.0282489 0.0221021 0.0165859 0.011833 0.00794879 0.00497864
 0.00884313 0.0138482 0.0199061 0.0267282 0.0340865 0.0417954 0.049572 0.0569505 0.0633479 0.0682068 0.0711076 0.07183 0.0703822 0.0669898 0.062033 0.0559583 0.049205 0.0421621 0.0351512 0.0284267 0.0221895 0.0166053 0.0118134 0.00791495 0.00494629
 0.00858799 0.0134653 0.01939 0.0260972 0.0333803 0.0410687 0.0488888 0.0563777 0.0629446 0.0680112 0.071127 0.0720419 0.0707456 0.0674609 0.0625754 0.0565433 0.0498044 0.0427417 0.0356724 0.0288558 0.0225088 0.016818 0.0119388 0.00797956 0.00497466
 0.00854815 0.0133806 0.0192265 0.0258127 0.0329371 0.0404532 0.0481285 0.0555446 0.0621418 0.0673465 0.0706873 0.0718748 0.0708538 0.0678075 0.0630989 0.0571754 0.0504827 0.0434142 0.0362961 0.0293963 0.0229432 0.0171385 0.0121543 0.00811069 0.0050466
 0.00858634 0.0134295 0.0192736 0.025833 0.0328929 0.0402983 0.0478179 0.0550506 0.061473 0.0665613 0.0698906 0.0711936 0.0703997 0.0676449 0.063232 0.0575565 0.0510336 0.0440497 0.0369398 0.0299889 0.0234447 0.0175292 0.0124334 0.00829263 0.00515424
