SBPRF35
7.78865
Curr Bio
626168
B35
712169
F35
0.227473
FOFL
0.215048
OFL
109135
Bzero
2.22533e+006
#pred survey bio
 4.31999e+006 4.10565e+006 3.89551e+006 3.64051e+006 3.35335e+006 3.06788e+006 2.74325e+006 2.46303e+006 2.17085e+006 1.92161e+006 1.68101e+006 1.49255e+006 1.33233e+006 1.16137e+006 1.01776e+006 916199 826279 766455 707506 665793 643833 620762 601080 601929 601508 596664 594729 590773 570201 572307 568620 574063 570028 566542 563217 545925 519656 515255 527206 533945 553463 568142 574673 578799 585085 590381 589166 591829 591278 601269 606387 561930 543812 572841 624884 2.3582e+007 1.45319e+007 1.48832e+007 1.52907e+007 1.57142e+007 1.61047e+007 1.6438e+007 1.67082e+007 1.692e+007 1.70822e+007 1.72048e+007 1.72968e+007 1.73656e+007 1.7417e+007 1.74555e+007 1.74844e+007 1.75062e+007 1.75227e+007 1.75352e+007 1.75447e+007 1.7552e+007 1.75576e+007 1.75618e+007 1.75651e+007 1.75676e+007 1.75696e+007 1.75711e+007 1.75722e+007 1.75731e+007 1.75738e+007 1.75743e+007 1.75748e+007 1.75751e+007 1.75753e+007 1.75755e+007 1.75757e+007 1.75758e+007 1.75759e+007 1.75759e+007 1.7576e+007 1.7576e+007 1.75761e+007 1.75761e+007 1.75761e+007 1.75761e+007 1.75761e+007 1.75761e+007 1.75761e+007 1.75761e+007 1.75762e+007 1.75762e+007 1.75762e+007 1.75762e+007 1.75762e+007 1.75762e+007 1.75762e+007 1.75762e+007 1.75762e+007 1.75762e+007 1.75762e+007 1.75762e+007 1.75762e+007 1.75762e+007 1.75762e+007 1.75762e+007 1.75762e+007 1.75762e+007 1.75762e+007 1.75762e+007 1.75762e+007 1.75762e+007 1.75762e+007 1.75762e+007 1.75762e+007 1.75762e+007 1.75762e+007 1.75762e+007 1.75762e+007 1.75762e+007 1.75762e+007 1.75762e+007 1.75762e+007 1.75762e+007 1.75762e+007 1.75762e+007 1.75762e+007 1.75762e+007 1.75762e+007 1.75762e+007 1.75762e+007 1.75762e+007 1.75762e+007 1.75762e+007 1.75762e+007 1.75762e+007 1.75762e+007 1.75762e+007 1.75762e+007 1.75762e+007 1.75762e+007 0 0 0 0 0 0 0 0 0 0 0 0 0 0 0 0 0 0 0 0 0 0 0 0 0
#obs survey bio
 2.76011e+006 3.01656e+006 2.79926e+006 1.75752e+006 2.45134e+006 2.32661e+006 3.04446e+006 2.34197e+006 2.24727e+006 1.28939e+006 1.84734e+006 1.18431e+006 1.45218e+006 801039 1.15288e+006 906304 762597 1.20494e+006 498648 788606 625130 527896 430482 601637 547928 389412 566014 552608 513804 540725 604679 405664 522671 725090 672789 600173 466630 608490 622166 527174 655253 624026 408691 702815 691379 741612 786717 520664 541618 610079 700559 480494 516910 553089 716899
#pred catch bio
 94033.7 97590.2 155967 209039 234209 297196 282953 317726 300980 311182 277993 262127 276359 253908 217498 205972 176599 171339 152528 132421 130101 124373 105803 106033 108039 103970 104489 116535 95317.9 98867.6 89936.5 96851.4 94454.4 91564 100023 106017 90677.7 82309.7 90004.9 80921.6 85827.9 92117.2 92960.1 89967.6 90101.6 95315.8 92365.3 95877.7 88116.1 94095.4 137488 118352 86457.8 76269.7 84716.7 109135 117401 119287 121449 123922 126240 128164 129646 130732 131499 132026 132380 132614 132767 132865 132928 132968 132994 133010 133019 133026 133030 133032 133034 133034 133035 133035 133036 133036 133036 133036 133036 133036 133036 133036 133036 133036 133036 133036 133036 133036 133036 133036 133036 133036 133036 133036 133036 133036 133036 133036 133036 133036 133036 133036 133036 133036 133036 133036 133036 133036 133036 133036 133036 133036 133036 133036 133036 133036 133036 133036 133036 133036 133036 133036 133036 133036 133036 133036 133036 133036 133036 133036 133036 133036 133036 133036 133036 133036 133036 133036 133036 133036 133036 133036 133036 133036 133036 133036 133036 0 0 0 0 0 0 0 0 0 0 0 0 0 0 0 0 0 0 0 0 0 0 0 0 0
#obs catch bio
 0 97486.1 156863 211336 236811 303273 286866 323433 305656 320042 283717 267937 282658 260393 221285 210620 179898 172639 154993 133688 131532 125292 106762 107000 108830 104442 104682 117858 95774.2 99364.7 90086.8 97316.9 95219.5 91558.2 100203 106150 90997.9 82568.8 89986 80616.4 85632.9 91622.4 92651.1 89082 89053.8 94163.8 91231.8 95481.1 87270.6 93014.4 136078 118043 86368.7 76294.7 84726.2
#pred cpue bio
 4.23766e+006 4.02601e+006 3.81774e+006 3.56344e+006 3.27785e+006 2.99429e+006 2.67256e+006 2.39487e+006 2.10535e+006 1.85811e+006 1.62013e+006 1.43408e+006 1.27627e+006 1.10855e+006 967881 868494 781038 723565 667052 626936 606171 584455 565658 566537 566517 562334 560747 557080 537436 539848 536686 542254 538617 535732 533318 517232 491118 484849 495112 501641 520821 535460 542231 546593 553009 558296 557039 559351 558566 568005 572569 528414 508752 534771 584280 2.21263e+007 1.36698e+007 1.39994e+007 1.43682e+007 1.47764e+007 1.51634e+007 1.5496e+007 1.57661e+007 1.59778e+007 1.614e+007 1.62627e+007 1.63546e+007 1.64234e+007 1.64748e+007 1.65133e+007 1.65422e+007 1.6564e+007 1.65805e+007 1.6593e+007 1.66026e+007 1.66098e+007 1.66154e+007 1.66197e+007 1.6623e+007 1.66255e+007 1.66274e+007 1.66289e+007 1.66301e+007 1.6631e+007 1.66316e+007 1.66322e+007 1.66326e+007 1.66329e+007 1.66332e+007 1.66333e+007 1.66335e+007 1.66336e+007 1.66337e+007 1.66338e+007 1.66338e+007 1.66339e+007 1.66339e+007 1.66339e+007 1.66339e+007 1.66339e+007 1.6634e+007 1.6634e+007 1.6634e+007 1.6634e+007 1.6634e+007 1.6634e+007 1.6634e+007 1.6634e+007 1.6634e+007 1.6634e+007 1.6634e+007 1.6634e+007 1.6634e+007 1.6634e+007 1.6634e+007 1.6634e+007 1.6634e+007 1.6634e+007 1.6634e+007 1.6634e+007 1.6634e+007 1.6634e+007 1.6634e+007 1.6634e+007 1.6634e+007 1.6634e+007 1.6634e+007 1.6634e+007 1.6634e+007 1.6634e+007 1.6634e+007 1.6634e+007 1.6634e+007 1.6634e+007 1.6634e+007 1.6634e+007 1.6634e+007 1.6634e+007 1.6634e+007 1.6634e+007 1.6634e+007 1.6634e+007 1.6634e+007 1.6634e+007 1.6634e+007 1.6634e+007 1.6634e+007 1.6634e+007 1.6634e+007 1.6634e+007 1.6634e+007 1.6634e+007 1.6634e+007 1.6634e+007 1.6634e+007 0 0 0 0 0 0 0 0 0 0 0 0 0 0 0 0 0 0 0 0 0 0 0 0 0
#obs cpue bio
 3.43958e+006 2.27409e+006 3.9617e+006 3.09699e+006 3.62544e+006 2.66174e+006 3.26755e+006 2.5085e+006 1.84085e+006 1.0453e+006 1.73909e+006 1.2296e+006 1.18775e+006 997186 876189 560165 657073 801161 452707 564653 525485 774112 489401 534675 664090 892666 653918 370327 573453 647010 506976 673666 395453 696486 418044 534035 390111 363602 680548 571021 445314 698758 692879 848420 634422 572943 475997 405067 956406 642183 596782 393362 425061 453520 623682
#pred surv len freq
 0.00475668 0.00769423 0.0115323 0.0162511 0.0217613 0.0278348 0.034063 0.0399368 0.0450244 0.0491091 0.0521969 0.0544349 0.0560197 0.057129 0.0578671 0.0582316 0.0581164 0.0573464 0.0557195 0.0530316 0.049097 0.0438039 0.0372277 0.0297495 0.022065
 0.00511189 0.00818053 0.0121011 0.0168153 0.0222375 0.0282006 0.0343853 0.0403399 0.0456046 0.0498464 0.0529263 0.0548994 0.05598 0.0564707 0.0566578 0.0567063 0.0566013 0.0561492 0.0550258 0.0528511 0.0492832 0.0441372 0.037517 0.0298979 0.0220738
 0.0052646 0.00846884 0.0126023 0.0176083 0.0233639 0.029617 0.0359422 0.0418196 0.0468112 0.0506904 0.0534356 0.0551459 0.055984 0.0561635 0.055935 0.0555291 0.055068 0.054485 0.0534967 0.0516541 0.0484782 0.0436543 0.0372246 0.0296812 0.0218766
 0.0054229 0.00871949 0.0129718 0.018129 0.0240815 0.0305907 0.0372262 0.0434225 0.0486519 0.0525844 0.0551363 0.0564277 0.0567118 0.0563032 0.0555101 0.0545796 0.0536535 0.0527207 0.0515697 0.0497856 0.0468507 0.0423573 0.036252 0.0289734 0.0213679
 0.005598 0.00900427 0.0134006 0.0187341 0.0248883 0.0316118 0.0384567 0.0448418 0.0502276 0.0542682 0.0568456 0.0580279 0.0580221 0.0571373 0.05573 0.0541285 0.0525596 0.0510857 0.049558 0.0476081 0.0447292 0.0404746 0.0347148 0.0278072 0.02054
 0.00573859 0.00923804 0.0137629 0.0192632 0.0256204 0.0325715 0.0396454 0.0462307 0.0517606 0.0558718 0.0584404 0.0595309 0.0593396 0.0581549 0.0563153 0.0541562 0.0519494 0.0498373 0.0477664 0.045454 0.0424459 0.0382973 0.0328295 0.0263173 0.0194624
 0.00599795 0.00964442 0.0143472 0.0200471 0.0266168 0.0337836 0.0410619 0.0478178 0.0534583 0.0575964 0.060094 0.0610136 0.0605601 0.0590335 0.0567775 0.0541256 0.0513546 0.0486371 0.0459857 0.04321 0.0399436 0.0357911 0.0305612 0.0244584 0.0180826
 0.00628036 0.0100891 0.0149894 0.0209104 0.0277097 0.035095 0.0425557 0.0494325 0.0551146 0.0592115 0.0615913 0.0623252 0.0616233 0.0597878 0.0571629 0.0540816 0.0508222 0.0475709 0.0443797 0.0411292 0.0375425 0.0332977 0.0282262 0.022487 0.0165843
 0.00662499 0.0106399 0.0158006 0.0220255 0.0291532 0.036859 0.0445854 0.0516203 0.0573135 0.0612622 0.0633523 0.0636927 0.0625379 0.0602278 0.057129 0.0535796 0.0498506 0.0461231 0.0424627 0.0387956 0.0349182 0.0305851 0.0256669 0.0202979 0.0148961
 0.00682733 0.0109841 0.0163475 0.0228429 0.0303034 0.0383775 0.0464575 0.0537687 0.0596037 0.0635238 0.0654057 0.0653765 0.0637306 0.0608609 0.057186 0.0530813 0.0488342 0.0446272 0.0405296 0.036491 0.0323584 0.0279479 0.02317 0.0181451 0.0132191
 0.00711978 0.0114416 0.0170049 0.0237266 0.031434 0.0397716 0.04812 0.0556783 0.0616966 0.0656862 0.0674801 0.067184 0.0651033 0.0616726 0.0573704 0.0526318 0.0477902 0.043055 0.0385108 0.0341251 0.0297773 0.0253248 0.0207053 0.0160249 0.0115648
 0.00732897 0.011783 0.0175208 0.0244561 0.0324052 0.0409891 0.0495556 0.0572712 0.0633676 0.0673543 0.0690702 0.0686192 0.0662944 0.062518 0.0577711 0.0525144 0.047124 0.0418579 0.0368448 0.0320916 0.027515 0.0230057 0.0185174 0.0141374 0.0100871
 0.00749958 0.0120605 0.0179394 0.0250501 0.0332044 0.0420113 0.0507947 0.058688 0.0648887 0.0688819 0.0704992 0.0698551 0.0672647 0.0631708 0.0580658 0.0524137 0.0465968 0.0408921 0.0354634 0.0303642 0.0255596 0.0209804 0.0165963 0.0124755 0.00878371
 0.00778345 0.0125129 0.0186035 0.0259601 0.0343797 0.0434469 0.0524496 0.0604797 0.0666999 0.0705781 0.0719502 0.0709538 0.06794 0.063394 0.0578461 0.0517837 0.0455961 0.0395587 0.0338389 0.0285092 0.0235687 0.0189831 0.0147398 0.0108911 0.00755283
 0.00808749 0.0129907 0.0192922 0.026884 0.0355477 0.0448475 0.0540427 0.0621908 0.0684228 0.0721885 0.0733233 0.0719812 0.0685442 0.063537 0.0575306 0.051047 0.0444964 0.0381623 0.0322137 0.0267279 0.0217187 0.0171714 0.0130835 0.00949328 0.00647513
 0.00816102 0.0131315 0.0195432 0.0272984 0.0361762 0.0457187 0.0551454 0.0634687 0.0697861 0.0735332 0.0745482 0.072997 0.0692769 0.0639318 0.0575566 0.050701 0.0438028 0.0371682 0.0309823 0.0253351 0.0202518 0.0157278 0.0117626 0.00837899 0.00561647
 0.00816557 0.0131539 0.0196064 0.0274378 0.036437 0.0461481 0.0557801 0.0643202 0.0708278 0.074695 0.0757236 0.0740642 0.0701254 0.0644827 0.0577697 0.0505701 0.0433482 0.03643 0.0300172 0.0242136 0.0190563 0.0145478 0.0106848 0.00747329 0.00492146
 0.00831412 0.013349 0.0198159 0.0276075 0.0365117 0.0461026 0.0556427 0.0641727 0.070778 0.0748365 0.0761008 0.0746564 0.070853 0.0652302 0.0584164 0.0510176 0.0435363 0.0363405 0.0296692 0.0236564 0.0183607 0.0137968 0.00996102 0.00684464 0.00442901
 0.00846191 0.0135952 0.0201936 0.028141 0.0371996 0.0468979 0.0564457 0.0648512 0.0712166 0.0749884 0.0760095 0.0744305 0.0706105 0.0650466 0.058303 0.0509312 0.0434097 0.0361135 0.0293097 0.0231674 0.0177775 0.0131761 0.00936628 0.00633006 0.00402741
 0.00848636 0.0136384 0.0202667 0.02826 0.0373859 0.047175 0.0568296 0.0653352 0.0717577 0.0755073 0.0764125 0.0746479 0.0706294 0.0649145 0.0580972 0.050717 0.0432117 0.0359153 0.0290761 0.0228711 0.0174159 0.0127737 0.00896429 0.00597089 0.00374057
 0.00847534 0.0136085 0.0202005 0.0281364 0.0371888 0.0469063 0.0565196 0.0650426 0.071555 0.0754557 0.0765374 0.0749272 0.0710016 0.0653049 0.0584478 0.0510012 0.043428 0.036069 0.0291647 0.0228853 0.017351 0.0126399 0.00878825 0.00578679 0.00357821
 0.00865267 0.0138621 0.0205167 0.0284779 0.0375017 0.0471341 0.0566176 0.0649896 0.0713604 0.0751615 0.0762108 0.0746414 0.0708111 0.0652273 0.0584634 0.0510685 0.043505 0.0361264 0.0291872 0.0228663 0.0172893 0.0125408 0.0086651 0.00565886 0.00346422
 0.00875099 0.0140272 0.0207728 0.0288449 0.0379836 0.0477046 0.0572109 0.0655083 0.0717033 0.0752597 0.0760533 0.0742774 0.0703297 0.0647263 0.0580192 0.0507204 0.0432547 0.0359511 0.0290565 0.0227543 0.01718 0.0124286 0.00855266 0.00555403 0.00337567
 0.00858813 0.0137852 0.0204524 0.0284652 0.0375816 0.0473294 0.0569162 0.0653401 0.0716842 0.0753777 0.0762631 0.0745191 0.0705556 0.0649178 0.0581872 0.0508884 0.0434402 0.036154 0.0292602 0.0229354 0.0173193 0.0125178 0.00859535 0.00556223 0.00336434
 0.00852535 0.013673 0.020266 0.0281788 0.0371782 0.0468161 0.0563354 0.0647681 0.0712134 0.0750878 0.076196 0.0746674 0.0708694 0.0653258 0.0586222 0.0513056 0.0438204 0.0364945 0.0295618 0.0231944 0.0175284 0.0126715 0.00869519 0.0056172 0.00338795
 0.00858109 0.0137492 0.0203526 0.0282543 0.0372115 0.046772 0.056184 0.0644956 0.0708335 0.0746475 0.075769 0.0743336 0.0706878 0.0653152 0.0587592 0.0515403 0.0440987 0.0367745 0.0298187 0.0234163 0.0177096 0.0128095 0.00879106 0.00567622 0.00341904
 0.00857509 0.0137453 0.0203568 0.0282734 0.0372487 0.0468203 0.056222 0.0644906 0.0707516 0.0744689 0.075501 0.0740145 0.0703781 0.0650792 0.0586431 0.0515575 0.0442295 0.0369782 0.0300505 0.0236402 0.0179031 0.0129621 0.00890109 0.00574824 0.00346119
 0.00844457 0.0135613 0.0201325 0.0280397 0.0370465 0.0466873 0.05618 0.0645387 0.0708667 0.0746112 0.0756243 0.0740808 0.0703722 0.0650151 0.0585588 0.0514987 0.0442301 0.0370485 0.0301771 0.023796 0.0180595 0.013098 0.00900586 0.00582059 0.00350595
 0.00851744 0.013663 0.0202558 0.0281706 0.0371724 0.0468073 0.0563097 0.0647029 0.0710815 0.0748665 0.0758784 0.074272 0.0704423 0.0649334 0.058334 0.0511755 0.0438724 0.0367173 0.0299136 0.0236144 0.0179515 0.0130437 0.00898395 0.00581456 0.0035058
 0.00844209 0.0135404 0.0200707 0.0279085 0.0368218 0.0463658 0.0557921 0.064149 0.0705581 0.0744571 0.0756619 0.0742947 0.0706976 0.0653617 0.0588451 0.0516822 0.0443168 0.0370794 0.0302011 0.0238454 0.0181408 0.013198 0.00910433 0.00590182 0.00356345
 0.00847885 0.0135883 0.0201204 0.0279425 0.0368174 0.0463007 0.0556499 0.0639237 0.0702574 0.074106 0.0753035 0.0739863 0.0704969 0.0653076 0.0589418 0.0518968 0.0445942 0.0373643 0.0304559 0.024055 0.0183059 0.0133254 0.00920035 0.00597099 0.00360986
 0.00838943 0.0134557 0.019944 0.0277287 0.0365755 0.0460376 0.055368 0.063623 0.0699419 0.0737896 0.0750121 0.0737548 0.0703628 0.0653021 0.0590804 0.0521721 0.0449737 0.0377978 0.0308892 0.0244447 0.0186275 0.0135724 0.00937853 0.00609183 0.00368648
 0.00821811 0.0132113 0.0196398 0.027399 0.0362671 0.0457939 0.0552152 0.0635638 0.0699575 0.0738466 0.0750739 0.0737938 0.070371 0.0652943 0.0590875 0.0522274 0.0450982 0.0379911 0.0311302 0.0247006 0.0188663 0.0137721 0.00953018 0.00619738 0.00375403
 0.00804005 0.0129301 0.0192341 0.0268604 0.0356082 0.0450571 0.0544766 0.0629234 0.0695118 0.0736562 0.0751425 0.0740727 0.0707826 0.0657622 0.059558 0.0526765 0.0455242 0.0384007 0.0315252 0.0250723 0.0191984 0.0140484 0.00974213 0.00634639 0.00384978
 0.00797809 0.0128153 0.0190352 0.0265399 0.0351316 0.0444087 0.0536762 0.0620346 0.0686366 0.0729152 0.0746463 0.0738917 0.0709278 0.0661844 0.0601684 0.0533775 0.0462361 0.0390729 0.0321327 0.0256038 0.0196474 0.0144103 0.0100163 0.00653902 0.00397411
 0.00875358 0.013916 0.020394 0.02799 0.0364482 0.0453804 0.0541645 0.0619962 0.0681121 0.072005 0.0734892 0.0726448 0.069742 0.0651776 0.059405 0.0528647 0.0459378 0.0389338 0.0320987 0.0256333 0.0197112 0.0144874 0.0100915 0.00660226 0.00402073
 0.0095355 0.0151578 0.0221981 0.0304043 0.0394251 0.0487303 0.0575338 0.0649123 0.0701071 0.0727681 0.0729626 0.0710155 0.0673504 0.0624042 0.0565849 0.0502433 0.0436608 0.0370596 0.0306232 0.024517 0.0188997 0.0139237 0.00972047 0.00637307 0.00388907
 0.00929985 0.0149024 0.0220516 0.0305699 0.0401321 0.0501494 0.0596921 0.0676468 0.0730762 0.0755194 0.0750407 0.0720826 0.0672799 0.0613048 0.0547447 0.0480239 0.0413944 0.0349862 0.0288755 0.0231376 0.0178716 0.0131983 0.00923699 0.00607043 0.00371253
 0.00895219 0.0143481 0.0212475 0.0295093 0.0388776 0.0488663 0.0586557 0.0671903 0.0734757 0.0768614 0.0771497 0.0745571 0.0696241 0.0630924 0.0557406 0.0482213 0.0409673 0.0341933 0.0279655 0.0222901 0.0171814 0.0126908 0.00889476 0.00585748 0.00359017
 0.00886935 0.0141999 0.0209983 0.0291154 0.0382957 0.0480733 0.057676 0.0661237 0.0725071 0.0762352 0.0770983 0.0752035 0.0709044 0.0647514 0.0574159 0.0495767 0.0418056 0.034496 0.0278541 0.0219455 0.0167693 0.0123206 0.00861452 0.00567112 0.00347919
 0.00863495 0.0138457 0.0205141 0.0285059 0.0375744 0.0472537 0.0567702 0.0651519 0.0715158 0.0753158 0.0763921 0.0748798 0.0711077 0.0655324 0.0586839 0.0511092 0.0433206 0.0357524 0.0287266 0.0224383 0.0169746 0.0123566 0.00857899 0.0056225 0.00344177
 0.00852539 0.013662 0.0202285 0.0280923 0.0370172 0.0465597 0.0559764 0.0643207 0.0707175 0.0746101 0.0758235 0.0744908 0.0709547 0.0656826 0.0591846 0.0519443 0.0443876 0.0368832 0.0297454 0.0232244 0.0174929 0.0126453 0.00871103 0.00566871 0.00345118
 0.0084407 0.0135375 0.0200643 0.0278936 0.0367884 0.0462974 0.0556677 0.0639506 0.0702827 0.0741292 0.0753381 0.0740555 0.0706252 0.0655099 0.0592125 0.0522006 0.0448664 0.0375295 0.0304599 0.0238941 0.0180311 0.013017 0.00893106 0.00577937 0.00349766
 0.00842446 0.0135015 0.019993 0.0277687 0.0365954 0.0460346 0.0553513 0.0636102 0.0699488 0.0738207 0.0750595 0.0738062 0.0704124 0.0653559 0.0591513 0.0522672 0.0450825 0.0378898 0.0309252 0.0243974 0.0184984 0.0133927 0.00919329 0.0059383 0.00358123
 0.00844846 0.0135292 0.0200132 0.0277621 0.0365373 0.0459013 0.055128 0.063298 0.069569 0.0734127 0.0746719 0.0734825 0.0701803 0.065225 0.0591206 0.0523352 0.0452504 0.0381555 0.0312734 0.0247938 0.0188948 0.0137415 0.00946326 0.00612189 0.00369083
 0.00849712 0.0136014 0.0201083 0.0278729 0.0366498 0.0459945 0.0551755 0.0632724 0.0694488 0.073192 0.0743664 0.073129 0.0698273 0.0649197 0.0588976 0.0522127 0.0452325 0.0382369 0.0314406 0.0250235 0.0191543 0.0139938 0.00967734 0.00628102 0.00379454
 0.00860576 0.0137683 0.020341 0.0281707 0.0370029 0.0463829 0.0555679 0.0636262 0.0697151 0.0733248 0.0743343 0.0729247 0.0694723 0.064461 0.0583978 0.0517351 0.0448286 0.0379384 0.0312581 0.0249489 0.0191643 0.0140568 0.00976071 0.00635943 0.00385426
 0.00858951 0.013756 0.0203484 0.0282207 0.0371188 0.0465785 0.055838 0.0639452 0.0700421 0.0736134 0.0745416 0.0730185 0.0694354 0.0642957 0.0581274 0.0514009 0.0444812 0.037626 0.0310157 0.0247921 0.0190895 0.0140453 0.0097873 0.00640021 0.00389259
 0.00868651 0.0138925 0.0205155 0.0283997 0.0372898 0.0467324 0.0559835 0.0641032 0.0702307 0.0738318 0.0747638 0.0732001 0.0695305 0.0642725 0.0579778 0.051142 0.0441502 0.037271 0.0306841 0.0245199 0.0188943 0.0139259 0.00972836 0.00638072 0.00389316
 0.00873913 0.0139701 0.0206166 0.0285153 0.0374033 0.0468214 0.0560251 0.0640826 0.0701515 0.0737206 0.0746633 0.0731504 0.0695482 0.0643426 0.058062 0.0511984 0.0441519 0.0372149 0.0305882 0.0244121 0.0188004 0.0138608 0.00969431 0.00637051 0.00389632
 0.00902449 0.0143859 0.0211527 0.0291309 0.0380368 0.0474084 0.0565117 0.0644297 0.0703332 0.0737251 0.0744975 0.0728437 0.0691496 0.0639075 0.0576351 0.0508028 0.0437903 0.0368809 0.0302784 0.0241324 0.0185626 0.0136754 0.00956405 0.00628914 0.00385166
 0.00982694 0.0156256 0.0228938 0.0313785 0.0407257 0.0503929 0.059559 0.0672353 0.0725727 0.07513 0.0749184 0.0722758 0.0677174 0.0618251 0.0551586 0.0481833 0.0412376 0.0345439 0.0282453 0.0224427 0.0172218 0.0126652 0.00884738 0.00581511 0.00356201
 0.0100874 0.016077 0.0236235 0.0324813 0.0422779 0.0524111 0.0619616 0.06983 0.075084 0.0772558 0.076394 0.0729249 0.0674815 0.0607681 0.0534463 0.0460437 0.0389131 0.0322509 0.0261476 0.020643 0.0157665 0.0115561 0.00805388 0.00528563 0.0032351
 0.00969192 0.0154931 0.0228592 0.0315948 0.0413775 0.0516452 0.0615004 0.0698339 0.0756564 0.0783947 0.0779685 0.0746974 0.0691698 0.0621203 0.0543 0.0463515 0.0387345 0.031717 0.025417 0.019862 0.0150447 0.0109575 0.00760185 0.00497319 0.00303754
 0.00903436 0.0144919 0.0214814 0.0298626 0.039371 0.0495012 0.0594127 0.0680449 0.0744253 0.0779406 0.0784083 0.076002 0.0711584 0.0644976 0.0567265 0.0485254 0.0404555 0.0329126 0.0261268 0.0201955 0.0151331 0.010917 0.00751512 0.00488755 0.00297262
#obs surv len freq
 nan nan nan nan nan nan nan nan nan nan nan nan nan nan nan nan nan nan nan nan nan nan nan nan nan
 0.00449014 0.007354 0.0111863 0.0160043 0.0217055 0.0279804 0.0342929 0.0400221 0.0446993 0.0481606 0.0505161 0.0520096 0.0528997 0.0534102 0.053723 0.0539768 0.0542545 0.0545467 0.0546851 0.0542769 0.0527151 0.0493478 0.0437985 0.0362798 0.027665
 0.00461668 0.00756389 0.0115095 0.0164699 0.0223346 0.0287741 0.0352221 0.0410243 0.0456887 0.0490461 0.0512185 0.0524738 0.0530989 0.0533451 0.0534169 0.0534678 0.0535869 0.0537636 0.0538259 0.0533791 0.051818 0.048495 0.0430355 0.0356452 0.0271799
 0.00478402 0.00783559 0.011918 0.0170459 0.0231018 0.0297408 0.0363703 0.0423039 0.0470198 0.0503293 0.0523494 0.0533568 0.0536598 0.0535402 0.053237 0.0529359 0.0527497 0.0526823 0.0525682 0.0520161 0.0504259 0.0471552 0.0418285 0.0346375 0.0264083
 0.00497019 0.00814139 0.012384 0.0177115 0.0239975 0.0308758 0.0377205 0.0438079 0.0485879 0.05186 0.0537425 0.0545196 0.0545095 0.0540078 0.0532748 0.0525253 0.0519062 0.0514538 0.0510307 0.050268 0.0485836 0.0453466 0.0401799 0.0332517 0.0253432
 0.00517692 0.00848064 0.0129006 0.0184497 0.0249926 0.0321413 0.0392341 0.0455056 0.0503721 0.0536169 0.0553599 0.0558973 0.0555622 0.0546651 0.0534806 0.0522407 0.051116 0.0501756 0.0493227 0.0482326 0.0463641 0.0431154 0.0381135 0.0314973 0.0239864
 0.00541047 0.00886117 0.0134751 0.0192627 0.0260787 0.0335123 0.0408652 0.0473303 0.0522901 0.0555119 0.0571169 0.0574126 0.0567473 0.0554467 0.0537991 0.0520498 0.0503854 0.0489006 0.0475378 0.0460266 0.043887 0.0405673 0.0357129 0.0294342 0.0223777
 0.00565411 0.00926028 0.0140813 0.0201259 0.0272372 0.0349778 0.0426073 0.0492716 0.0543182 0.0575015 0.0589496 0.0589876 0.057982 0.0562736 0.0541625 0.0519029 0.0496917 0.0476415 0.0457294 0.0437405 0.0412659 0.0378212 0.0330862 0.0271497 0.0205804
 0.00588758 0.00964514 0.0146705 0.0209723 0.0283839 0.0364415 0.0443619 0.0512418 0.0563899 0.0595434 0.0608352 0.060608 0.0592508 0.0571255 0.054548 0.0517821 0.0490316 0.0464204 0.0439525 0.0414645 0.0386206 0.0350127 0.0303668 0.0247596 0.0186837
 0.00614746 0.0100677 0.0153068 0.0218703 0.0295799 0.0379467 0.0461472 0.0532321 0.0584728 0.0615892 0.0627173 0.0622157 0.0604958 0.0579422 0.0548904 0.0516181 0.0483374 0.0451809 0.0421735 0.0391953 0.0359797 0.0321956 0.0276221 0.0223312 0.0167445
 0.0063758 0.0104461 0.0158892 0.0227112 0.0307226 0.0394055 0.0478905 0.0551775 0.0605009 0.0635685 0.0645257 0.0637523 0.0616816 0.0587176 0.0552122 0.0514553 0.0476682 0.0439935 0.0404752 0.0370323 0.0334603 0.0295009 0.0249858 0.0199876 0.0148638
 0.00661447 0.0108352 0.0164773 0.0235446 0.0318374 0.0408141 0.0495666 0.0570492 0.0624585 0.0654834 0.0662717 0.0652208 0.0627899 0.0594102 0.0554561 0.0512323 0.0469683 0.0428137 0.0388275 0.034962 0.0310677 0.0269514 0.0224944 0.0177712 0.0130819
 0.0068297 0.0111905 0.0170216 0.0243263 0.032894 0.0421563 0.0511629 0.0588218 0.0642957 0.0672625 0.067879 0.066562 0.0637924 0.0600225 0.0556458 0.0509833 0.0462757 0.041682 0.0372752 0.0330356 0.0288601 0.0246119 0.0202149 0.0157455 0.011453
 0.00706736 0.0115774 0.0176049 0.0251497 0.0339889 0.0435279 0.0527756 0.060594 0.0661104 0.0689897 0.0693985 0.0677783 0.0646404 0.060466 0.0556715 0.0505928 0.0454794 0.0404963 0.035727 0.0311748 0.0267743 0.0224353 0.0181163 0.0138933 0.00996999
 0.00729592 0.0119524 0.0181751 0.0259613 0.0350751 0.0448924 0.0543774 0.0623433 0.0678827 0.0706514 0.0708302 0.0688888 0.0653699 0.0607848 0.0555751 0.0500953 0.0446055 0.039277 0.0342008 0.0293964 0.0248277 0.02044 0.0162178 0.0122338 0.00865008
 0.0074311 0.0121804 0.0185339 0.0264921 0.0358148 0.0458606 0.0555625 0.0636961 0.0693211 0.0720739 0.072132 0.0699743 0.0661627 0.061233 0.0556532 0.0498012 0.0439553 0.0383 0.0329385 0.0279064 0.0231907 0.0187633 0.0146266 0.0108468 0.00754968
 0.00750736 0.0123031 0.0187169 0.0267504 0.0361643 0.0463181 0.0561423 0.064404 0.0701485 0.0729921 0.0730906 0.0709041 0.0669846 0.0618694 0.0560392 0.0498924 0.0437315 0.0377651 0.0321191 0.0268522 0.0219758 0.0174849 0.0133946 0.00976355 0.0066861
 0.00760449 0.0124507 0.0189202 0.0270077 0.0364689 0.0466614 0.056516 0.064803 0.0705717 0.0734431 0.0735728 0.071413 0.0674991 0.062348 0.0564245 0.0501223 0.0437525 0.0375437 0.0316496 0.0261598 0.0211167 0.0165413 0.0124618 0.00893104 0.00601652
 0.00769083 0.012591 0.0191302 0.0272997 0.0368467 0.0471138 0.0570129 0.0652987 0.0710183 0.073807 0.0738455 0.0716099 0.0676467 0.0624674 0.0565181 0.0501692 0.0437144 0.0373778 0.0313247 0.0256702 0.0204892 0.0158328 0.0117474 0.00828504 0.00549266
 0.00773359 0.0126565 0.019222 0.0274195 0.0369961 0.047295 0.0572283 0.0655472 0.0712913 0.0740869 0.0741088 0.0718353 0.0678233 0.0625967 0.0566085 0.050225 0.0437267 0.0373235 0.0311752 0.0254059 0.0201131 0.0153757 0.011262 0.00782985 0.00511409
 0.00776613 0.012705 0.0192867 0.0274979 0.0370834 0.0473862 0.0573199 0.0656388 0.0713863 0.0741907 0.0742265 0.0719671 0.067962 0.0627307 0.0567254 0.050315 0.043781 0.0373308 0.03112 0.0252735 0.019899 0.015094 0.0109454 0.00752016 0.00484842
 0.00782675 0.0127935 0.0194011 0.0276297 0.0372193 0.0475121 0.057424 0.0657138 0.0714302 0.0742077 0.0742267 0.0719634 0.0679668 0.0627503 0.0567585 0.0503531 0.0438114 0.0373389 0.0310913 0.0251956 0.0197665 0.014913 0.0107352 0.0073087 0.00466256
 0.00785167 0.0128344 0.0194628 0.0277154 0.0373287 0.0476382 0.0575523 0.0658243 0.0715043 0.0742353 0.0742104 0.0719174 0.0679105 0.0627018 0.0567291 0.0503451 0.0438184 0.0373481 0.0310869 0.0251634 0.0196977 0.0148081 0.0106053 0.00717208 0.00453847
 0.00786946 0.0128582 0.0194896 0.02774 0.0373458 0.0476462 0.0575542 0.0658267 0.0715126 0.0742504 0.0742275 0.0719302 0.0679156 0.0627016 0.0567303 0.0503549 0.0438394 0.0373763 0.0311125 0.0251741 0.0196834 0.0147654 0.010539 0.00709406 0.00446261
 0.00788541 0.0128804 0.0195157 0.027765 0.037363 0.0476484 0.0575367 0.0657888 0.0714593 0.0741919 0.0741764 0.0718969 0.0679047 0.0627115 0.056756 0.0503913 0.0438828 0.0374232 0.0311576 0.0252097 0.0197018 0.0147619 0.0105149 0.00705623 0.00442068
 0.0078826 0.0128753 0.019507 0.027751 0.0373415 0.0476172 0.0574942 0.0657348 0.0713957 0.0741236 0.0741116 0.0718457 0.0678769 0.0627132 0.0567877 0.0504477 0.0439555 0.0375028 0.0312352 0.0252773 0.0197527 0.0147922 0.0105245 0.00704946 0.00440468
 0.00787566 0.0128605 0.0194785 0.0277015 0.037265 0.0475121 0.0573659 0.0655957 0.0712622 0.0740109 0.0740306 0.0718021 0.0678723 0.0627466 0.0568559 0.0505451 0.0440735 0.0376309 0.031362 0.0253922 0.0198474 0.0148618 0.0105686 0.00707168 0.00441141
 0.00790427 0.0129011 0.0195282 0.0277533 0.0373083 0.0475354 0.0573592 0.065553 0.0711836 0.0739039 0.0739091 0.0716834 0.0677723 0.0626768 0.0568219 0.0505469 0.0441071 0.0376887 0.0314342 0.0254682 0.0199172 0.0149183 0.0106083 0.00709517 0.00442222
 0.0079029 0.0129003 0.0195295 0.0277581 0.0373172 0.047546 0.0573655 0.0655464 0.0711559 0.073851 0.0738336 0.0715946 0.0676842 0.0626037 0.0567751 0.0505327 0.0441257 0.0377352 0.0315001 0.025543 0.0199907 0.014982 0.0106571 0.00712805 0.00444136
 0.00788472 0.0128708 0.0194854 0.0276973 0.0372397 0.0474556 0.0572704 0.0654577 0.0710839 0.0738013 0.0738056 0.0715832 0.0676842 0.0626129 0.0567952 0.0505675 0.0441784 0.0378059 0.0315848 0.0256343 0.0200796 0.0150603 0.0107193 0.00717242 0.00446955
 0.0078428 0.0128025 0.0193827 0.0275534 0.0370516 0.0472272 0.0570158 0.0652011 0.0708554 0.0736296 0.0737103 0.0715712 0.0677485 0.0627372 0.0569596 0.0507539 0.0443732 0.0380001 0.031772 0.0258083 0.020234 0.0151894 0.0108198 0.00724419 0.00451625
 0.00782364 0.0127667 0.0193203 0.0274525 0.0369012 0.0470227 0.0567628 0.0649179 0.0705698 0.0733736 0.0735141 0.0714571 0.0677281 0.0628087 0.057109 0.0509593 0.0446101 0.0382466 0.0320108 0.0260274 0.0204249 0.0153468 0.0109413 0.00733125 0.00457345
 0.00780512 0.0127374 0.0192772 0.0273926 0.0368207 0.0469167 0.0566268 0.0647497 0.070373 0.0731605 0.0733054 0.071279 0.0676062 0.0627617 0.0571443 0.0510712 0.0447823 0.0384564 0.0322345 0.0262443 0.0206198 0.0155098 0.0110683 0.00742287 0.00463416
 0.00777509 0.0126862 0.0191961 0.0272728 0.0366565 0.0467091 0.0563868 0.0644969 0.0701307 0.0729487 0.0731375 0.0711627 0.0675466 0.0627642 0.0572133 0.0512067 0.044977 0.0386947 0.032495 0.0265037 0.0208573 0.0157109 0.0112257 0.00753645 0.00470941
 0.00773357 0.0126191 0.019096 0.0271329 0.0364722 0.0464803 0.0561201 0.064208 0.069843 0.0726892 0.0729317 0.0710291 0.0674945 0.0627934 0.0573173 0.051376 0.0452001 0.0389576 0.0327798 0.0267895 0.0211232 0.0159396 0.0114072 0.0076688 0.00479766
 0.00933116 0.0148538 0.0217897 0.0298961 0.0388174 0.0480027 0.0566403 0.0637985 0.0687452 0.0711913 0.0712794 0.0693929 0.0659769 0.0614488 0.0561691 0.0504282 0.0444447 0.0383793 0.0323581 0.0265001 0.0209389 0.0158325 0.0113518 0.00764424 0.00478919
 0.00931269 0.0151204 0.0227134 0.0319385 0.042328 0.0529472 0.0624286 0.0693809 0.0729853 0.0733143 0.0711278 0.0673681 0.0627622 0.0577183 0.0524208 0.0469563 0.0413888 0.0357864 0.0302277 0.0248071 0.0196438 0.0148853 0.0106946 0.00721529 0.00452808
 0.00896459 0.0145741 0.0219497 0.0310099 0.0414119 0.0523816 0.0626708 0.070844 0.07579 0.0771057 0.0751195 0.0706403 0.0646452 0.0580245 0.0514135 0.0451333 0.0392483 0.0336914 0.028382 0.023293 0.0184704 0.0140233 0.0100962 0.0068254 0.0042914
 0.00880774 0.0143049 0.0215192 0.0303671 0.0405236 0.0512674 0.0614464 0.0697494 0.0751678 0.0773052 0.0763398 0.0727843 0.067288 0.0605524 0.0532721 0.0460394 0.0392461 0.0330511 0.0274361 0.0223119 0.0176155 0.0133593 0.00962476 0.0065164 0.00410431
 0.00872737 0.0141707 0.0213096 0.0300569 0.0400858 0.0506794 0.0607017 0.0688757 0.0742487 0.0764944 0.0758513 0.0728369 0.0680087 0.0618824 0.0549451 0.0476689 0.0404828 0.0337177 0.0275614 0.0220648 0.0171997 0.0129338 0.00927628 0.00627024 0.00394969
 0.00870488 0.0141318 0.0212464 0.0299589 0.0399408 0.0504735 0.0604217 0.0685115 0.0737987 0.0759766 0.0753179 0.0723853 0.0677713 0.0619848 0.055441 0.0484888 0.0414403 0.0345815 0.0281549 0.0223301 0.0171934 0.0127711 0.00906802 0.00608733 0.00381937
 0.00868734 0.0141 0.0211923 0.0298732 0.0398146 0.0503019 0.060206 0.0682585 0.0735181 0.0756775 0.0750103 0.0720872 0.0675202 0.0618411 0.0554749 0.0487465 0.0419073 0.03517 0.0287327 0.0227776 0.0174525 0.0128562 0.00903924 0.0060115 0.00374328
 0.00870321 0.0141272 0.0212353 0.0299355 0.0398956 0.0503937 0.0602913 0.0683131 0.073517 0.0756033 0.0748581 0.0718666 0.0672542 0.0615666 0.0552409 0.0486065 0.0419009 0.0353012 0.0289602 0.0230292 0.0176573 0.0129752 0.00907413 0.00599133 0.00370202
 0.00869274 0.0141129 0.0212188 0.0299206 0.0398878 0.0503985 0.0603128 0.0683508 0.0735641 0.0756457 0.0748773 0.0718451 0.0671826 0.0614492 0.0550976 0.0484703 0.041809 0.0352818 0.029019 0.0231441 0.0177881 0.013083 0.00913829 0.0060131 0.00369657
 0.00866226 0.0140648 0.0211495 0.0298286 0.039775 0.0502721 0.0601856 0.0682405 0.0734886 0.0756174 0.0748972 0.0719023 0.0672572 0.0615195 0.0551485 0.0484995 0.041828 0.0353098 0.0290723 0.0232264 0.0178878 0.0131794 0.00921295 0.00605844 0.0037163
 0.00864044 0.014029 0.0210953 0.0297518 0.0396733 0.0501466 0.0600428 0.068093 0.0733537 0.075513 0.0748386 0.0718969 0.0673029 0.0616042 0.055254 0.0486075 0.0419269 0.0353977 0.0291547 0.0233099 0.0179733 0.0132608 0.00928126 0.0061072 0.00374508
 0.00864244 0.0140304 0.0210937 0.0297437 0.0396541 0.0501121 0.0599901 0.0680221 0.0732679 0.0754198 0.0747485 0.0718229 0.0672565 0.0615925 0.0552767 0.0486574 0.0419927 0.0354688 0.0292249 0.0233771 0.0180372 0.0133199 0.00933188 0.00614588 0.00377065
 0.00865171 0.0140461 0.0211182 0.029779 0.0397006 0.0501665 0.060045 0.0680663 0.0732894 0.0754097 0.074705 0.0717513 0.0671688 0.0615035 0.0552007 0.0486038 0.0419646 0.0354635 0.0292364 0.0233993 0.0180651 0.0133495 0.00935969 0.00616899 0.00378736
 0.00862541 0.0140077 0.0210686 0.0297222 0.039643 0.0501158 0.0600081 0.0680478 0.0732905 0.0754271 0.0747309 0.0717768 0.0671866 0.0615113 0.0552014 0.048604 0.041971 0.0354803 0.0292639 0.0234345 0.0181036 0.0133868 0.00939233 0.00619485 0.0038058
 0.00862136 0.013997 0.0210453 0.029679 0.0395744 0.0500219 0.0598978 0.0679377 0.0732001 0.0753717 0.0747171 0.0718007 0.0672371 0.0615748 0.0552663 0.0486636 0.042024 0.0355287 0.0293105 0.0234806 0.0181483 0.0134278 0.00942722 0.00622202 0.00382499
 0.00862136 0.013997 0.0210453 0.029679 0.0395744 0.0500219 0.0598978 0.0679377 0.0732001 0.0753717 0.0747171 0.0718007 0.0672371 0.0615748 0.0552663 0.0486636 0.042024 0.0355287 0.0293105 0.0234806 0.0181483 0.0134278 0.00942722 0.00622202 0.00382499
 0.00905199 0.0146783 0.0220318 0.0309986 0.0412111 0.0518954 0.0618504 0.0697475 0.0746285 0.0762299 0.0749157 0.071362 0.0662707 0.0602375 0.0537241 0.0470651 0.0404861 0.0341334 0.0281072 0.0224919 0.0173752 0.0128548 0.00902685 0.00596013 0.00366581
 0.00918593 0.0149364 0.0224936 0.031759 0.0423524 0.0534449 0.0637413 0.0718099 0.0766196 0.0778909 0.0760311 0.0718016 0.0660093 0.0593501 0.0523606 0.0454123 0.0387296 0.0324291 0.0265679 0.0211851 0.0163288 0.012065 0.0084672 0.00558986 0.00343861
 0.00879933 0.0143322 0.0216359 0.0306482 0.0410452 0.0520729 0.062515 0.070984 0.0764169 0.0784141 0.0772115 0.0734169 0.0677591 0.0609484 0.0536071 0.0462217 0.0391219 0.0324938 0.0264216 0.0209372 0.0160617 0.011829 0.0082846 0.00546305 0.00335886
 0.00867852 0.0140898 0.0211884 0.0298955 0.0399037 0.0505257 0.060657 0.0690327 0.0746744 0.0771913 0.0767434 0.0737957 0.0689065 0.0626378 0.0555311 0.0480806 0.0406967 0.0336806 0.0272219 0.02142 0.0163211 0.0119516 0.0083342 0.00547929 0.00336243
#pred catch len freq
 0.00353793 0.00566159 0.00838828 0.0117148 0.0156616 0.0202431 0.0254021 0.030976 0.0367222 0.0423693 0.0476612 0.0523918 0.0564283 0.0597064 0.0621922 0.0638376 0.064556 0.0642262 0.0627069 0.0598438 0.055484 0.0495391 0.0421172 0.0336628 0.0249696
 0.00382175 0.0060553 0.00886029 0.0122059 0.0161171 0.0206546 0.0258263 0.0315051 0.0374134 0.0431738 0.048403 0.0528177 0.0563081 0.0589354 0.0608503 0.062179 0.0629335 0.0629739 0.0620256 0.0597389 0.0557862 0.0499973 0.042513 0.033885 0.0250195
 0.00397558 0.00632653 0.00930266 0.0128697 0.0170236 0.0217662 0.027036 0.0326672 0.0384069 0.0439553 0.0489996 0.0532585 0.0565489 0.0588466 0.0602878 0.061093 0.0614378 0.0613265 0.0605274 0.0586094 0.055087 0.0496417 0.0423449 0.0337695 0.0248917
 0.00414507 0.00659243 0.00968955 0.013406 0.0177496 0.022736 0.0283004 0.0342358 0.0402048 0.0458097 0.0506791 0.0545502 0.0573219 0.0590567 0.0599361 0.0601929 0.0600307 0.0595274 0.0585406 0.0566817 0.0534214 0.0483339 0.0413818 0.0330788 0.0243975
 0.00431975 0.00687099 0.0100994 0.0139712 0.0184906 0.0236692 0.029438 0.0355846 0.0417625 0.0475481 0.0525173 0.0563348 0.0588396 0.0600858 0.0603087 0.0598335 0.0589603 0.0578515 0.0564382 0.0543864 0.0511797 0.046348 0.0397671 0.0318596 0.0235352
 0.00449582 0.0071534 0.0105185 0.0145562 0.0192682 0.0246598 0.0306484 0.0370006 0.0433462 0.0492413 0.0542471 0.058013 0.0603553 0.0612976 0.0610526 0.0599544 0.0583581 0.0565205 0.0544841 0.0520139 0.0486534 0.0439346 0.0376767 0.0302084 0.0223417
 0.00473712 0.0075284 0.0110524 0.0152657 0.020165 0.0257541 0.031946 0.0384941 0.0450038 0.0510012 0.0560189 0.0596888 0.0618228 0.0624474 0.061777 0.0601443 0.0579139 0.0553828 0.0526744 0.0496614 0.045989 0.0412444 0.0352325 0.0282023 0.0208524
 0.00504099 0.00800059 0.0117232 0.0161508 0.0212668 0.0270628 0.0334378 0.0401283 0.0467234 0.052737 0.0576939 0.0612203 0.0631239 0.0634305 0.0623561 0.060237 0.0574438 0.0542924 0.0509538 0.0473842 0.0433316 0.038468 0.0326235 0.0259955 0.0191737
 0.0053774 0.00853061 0.0124904 0.0171869 0.0225898 0.0286717 0.0353034 0.0421838 0.0488646 0.0548339 0.0596101 0.0628332 0.0643393 0.0641868 0.0626174 0.0599789 0.056643 0.0529282 0.0490275 0.0449528 0.0405381 0.0355424 0.0298413 0.0236043 0.0173244
 0.00563057 0.00894299 0.0131139 0.0180741 0.0237881 0.0302122 0.0371835 0.0443529 0.0512185 0.0572222 0.0618545 0.0647535 0.065783 0.0650514 0.0628571 0.059594 0.0556586 0.0513779 0.0469546 0.0424312 0.0377016 0.0325965 0.0270374 0.0211789 0.015431
 0.00591844 0.0093899 0.01375 0.0189213 0.0248663 0.0315446 0.0387929 0.0462442 0.0533557 0.0595103 0.0641379 0.0668363 0.0674645 0.0661653 0.0632986 0.0593274 0.0547061 0.0498005 0.0448374 0.0398854 0.0348783 0.0296961 0.0242926 0.0188063 0.0135737
 0.00614923 0.00975794 0.014291 0.019665 0.0258335 0.0327422 0.0402082 0.0478436 0.0550892 0.0613167 0.0659434 0.0685457 0.0689556 0.0672971 0.0639348 0.0593652 0.0540979 0.0485592 0.0430314 0.0376313 0.0323377 0.0270704 0.0218022 0.01665 0.0118815
 0.00640529 0.0101608 0.0148734 0.0204519 0.0268416 0.0339779 0.0416596 0.0494707 0.0568194 0.0630504 0.0675691 0.0699587 0.0700712 0.0680505 0.064273 0.0592398 0.0534694 0.0474127 0.0413944 0.0355865 0.0300251 0.0246765 0.0195325 0.0146872 0.0103425
 0.00671861 0.010652 0.0155799 0.0213988 0.0280409 0.0354257 0.0433285 0.0513016 0.0587182 0.0648949 0.0692237 0.071294 0.0709852 0.0684835 0.0642098 0.0586977 0.0524803 0.0460129 0.0396295 0.0335273 0.027784 0.0224076 0.0174106 0.0128689 0.00892588
 0.00700719 0.0111016 0.0162214 0.0222513 0.029113 0.036716 0.0448205 0.0529536 0.0604568 0.0666147 0.0707972 0.0725888 0.0718858 0.068911 0.0641324 0.058129 0.0514675 0.0446212 0.0379327 0.0316104 0.0257513 0.0203882 0.0155459 0.0112842 0.00769807
 0.00712891 0.0113097 0.016554 0.0227511 0.0298201 0.0376546 0.045985 0.0543027 0.061917 0.0680918 0.0721869 0.0737862 0.0727933 0.0694487 0.0642486 0.0578078 0.0507291 0.0435165 0.036535 0.0300091 0.024051 0.0187058 0.0140007 0.00997728 0.00668914
 0.0071162 0.011304 0.0165752 0.022833 0.0300095 0.0380055 0.0465478 0.0551079 0.0629583 0.0693135 0.0734862 0.075032 0.0738542 0.0702183 0.0646578 0.0578263 0.0503617 0.0427977 0.0355248 0.0287891 0.0227196 0.0173714 0.0127694 0.00893518 0.00588546
 0.00728125 0.0115293 0.0168359 0.0230828 0.0301981 0.0381062 0.0465783 0.0551318 0.0630644 0.0695826 0.0739594 0.0756921 0.0746263 0.0709879 0.0653012 0.0582398 0.0504803 0.0426018 0.0350368 0.028066 0.021844 0.0164405 0.0118801 0.0081671 0.005286
 0.00740208 0.0117285 0.0171379 0.0235041 0.0307349 0.03872 0.0471921 0.055647 0.0633996 0.069714 0.0739349 0.0756076 0.0745769 0.0710235 0.0654079 0.0583526 0.0505146 0.0424859 0.0347341 0.0275828 0.0212254 0.0157573 0.0112113 0.00758069 0.00482433
 0.0073831 0.0117054 0.0171194 0.0235076 0.0307876 0.0388554 0.04744 0.0560169 0.0638633 0.0702018 0.0743559 0.0758889 0.0746989 0.0710247 0.0653557 0.0582995 0.0504698 0.0424179 0.0345957 0.0273407 0.0208788 0.0153389 0.0107745 0.00718026 0.00449941
 0.00737847 0.011688 0.0170754 0.0234201 0.0306428 0.0386539 0.0472055 0.0557978 0.0637219 0.070193 0.0745038 0.0761732 0.0750606 0.071392 0.065674 0.0585467 0.0506493 0.0425367 0.0346498 0.0273172 0.0207701 0.0151558 0.0105473 0.00694863 0.0042978
 0.0075334 0.011909 0.0173497 0.0237138 0.0309071 0.0388378 0.0472689 0.0557226 0.0635192 0.0699055 0.0741985 0.0759222 0.0749164 0.0713684 0.0657457 0.0586665 0.0507705 0.0426275 0.0346938 0.0273076 0.0207061 0.0150441 0.0104045 0.0067983 0.0041629
 0.00755695 0.0119569 0.0174382 0.0238605 0.031122 0.0391113 0.0475645 0.0559804 0.0636744 0.0699133 0.0740533 0.0756616 0.0746082 0.0710863 0.0655443 0.0585655 0.0507549 0.0426614 0.034738 0.0273324 0.0206959 0.0149973 0.0103301 0.0067118 0.0040805
 0.00740782 0.0117362 0.0171479 0.0235194 0.0307649 0.038783 0.0473117 0.0558409 0.0636639 0.0700163 0.0742262 0.0758512 0.0747754 0.0712221 0.0656673 0.0587043 0.0509281 0.0428661 0.0349523 0.0275265 0.0208456 0.0150916 0.0103724 0.00671569 0.00406317
