SBPRF35
7.50934
Curr Bio
630870
B35
492677
F35
0.215927
FOFL
0.215927
OFL
122280
Bzero
2.14552e+006
#pred survey bio
 2.6926e+006 2.55578e+006 2.37308e+006 2.17377e+006 1.90054e+006 1.59498e+006 1.37635e+006 1.27395e+006 1.17786e+006 1.08144e+006 930458 813868 731424 651201 591633 568811 553433 537884 518428 507975 495365 489501 499724 514275 510900 538611 552502 559116 537259 524347 522267 518625 542016 565709 589747 610472 572239 565084 590975 596379 602643 631399 592252 616677 634940 609919 591321 583093 559816 548260 562005 574558 639139 1.69307e+007 1.49703e+007 1.46497e+007 1.46898e+007 1.49623e+007 1.53317e+007 1.57072e+007 1.60411e+007 1.63162e+007 1.65324e+007 1.66973e+007 1.68206e+007 1.6912e+007 1.69793e+007 1.70287e+007 1.70652e+007 1.70921e+007 1.7112e+007 1.71268e+007 1.71379e+007 1.71463e+007 1.71525e+007 1.71573e+007 1.71609e+007 1.71636e+007 1.71657e+007 1.71673e+007 1.71685e+007 1.71695e+007 1.71702e+007 1.71707e+007 1.71712e+007 1.71715e+007 1.71717e+007 1.71719e+007 1.71721e+007 1.71722e+007 1.71723e+007 1.71723e+007 1.71724e+007 1.71724e+007 1.71725e+007 1.71725e+007 1.71725e+007 1.71725e+007 1.71725e+007 1.71725e+007 1.71725e+007 1.71725e+007 1.71725e+007 1.71726e+007 1.71726e+007 1.71726e+007 1.71726e+007 1.71726e+007 1.71726e+007 1.71726e+007 1.71726e+007 1.71726e+007 1.71726e+007 1.71726e+007 1.71726e+007 1.71726e+007 1.71726e+007 1.71726e+007 1.71726e+007 1.71726e+007 1.71726e+007 1.71726e+007 1.71726e+007 1.71726e+007 1.71726e+007 1.71726e+007 1.71726e+007 1.71726e+007 1.71726e+007 1.71726e+007 1.71726e+007 1.71726e+007 1.71726e+007 1.71726e+007 1.71726e+007 1.71726e+007 1.71726e+007 1.71726e+007 1.71726e+007 1.71726e+007 1.71726e+007 1.71726e+007 1.71726e+007 1.71726e+007 1.71726e+007 1.71726e+007 1.71726e+007 1.71726e+007 1.71726e+007 1.71726e+007 1.71726e+007 1.71726e+007 1.71726e+007 0 0 0 0 0 0 0 0 0 0 0 0 0 0 0 0 0 0 0 0 0 0 0 0 0
#obs survey bio
 2.41814e+006 2.72841e+006 2.47632e+006 2.44179e+006 1.73028e+006 1.85468e+006 901594 1.28885e+006 1.26584e+006 1.18251e+006 812806 626683 576322 706538 507353 523402 598957 483001 649398 421403 501167 435821 674189 677224 364023 498004 630916 559720 466779 511020 478125 586612 500407 537147 630813 728486 437302 489642 560233 460963 643720 845883 452151 625114 779408 675833 664704 617200 520347 566881 616867 421909 675993
#pred catch bio
 283297 289273 278808 296787 313408 299854 285956 275870 249068 272219 234154 204603 191352 171081 144756 144816 130578 123298 109010 111338 113353 103811 100619 108984 96762.4 106541 94699.1 99935.8 96521.1 92006.5 101574 88739.3 87464 88085.6 85241.2 95929.2 84989.1 80261.4 81811.3 90858.6 82979.7 96316.9 96413.2 91422.3 93358.9 98934.7 89314 92880.2 100196 71372.1 100708 89011.4 75749.1 122280 117900 113886 112850 114091 116244 118511 120506 122098 123291 124146 124741 125144 125413 125590 125705 125779 125826 125857 125876 125888 125895 125900 125903 125905 125906 125907 125907 125908 125908 125908 125908 125908 125908 125908 125908 125908 125908 125908 125908 125908 125908 125908 125908 125908 125908 125908 125908 125908 125908 125908 125908 125908 125908 125908 125908 125908 125908 125908 125908 125908 125908 125908 125908 125908 125908 125908 125908 125908 125908 125908 125908 125908 125908 125908 125908 125908 125908 125908 125908 125908 125908 125908 125908 125908 125908 125908 125908 125908 125908 125908 125908 125908 125908 125908 125908 125908 125908 125908 125908 0 0 0 0 0 0 0 0 0 0 0 0 0 0 0 0 0 0 0 0 0 0 0 0 0
#obs catch bio
 254671 289306 278636 296551 313091 299242 288345 276684 248499 272239 234027 204823 191221 171072 144619 145732 130419 123294 108806 111223 113588 103890 100618 108826 96890.4 106865 94503.9 99816.7 96538 91888.5 101815 88852.3 87431.3 88112.5 85182.1 95890.9 84948 80359 81657.7 90989.5 82964.1 96089.1 96844.4 91403.4 93157 99104.3 89242.1 92748.2 100682 70919.3 101074 89300.1 75572.7
#pred cpue bio
 2.66034e+006 2.52336e+006 2.34004e+006 2.14076e+006 1.86925e+006 1.56613e+006 1.34883e+006 1.24597e+006 1.14983e+006 1.05387e+006 904632 789531 708265 629621 571327 548918 533809 518766 499833 489760 477508 471710 481587 495801 492543 519409 532926 539663 518692 506275 504506 500859 522439 543537 565676 585844 549481 542627 567637 573103 578920 606726 569219 592431 610237 586396 568315 560540 538199 526730 540462 552396 614477 1.6312e+007 1.4452e+007 1.40604e+007 1.40359e+007 1.42937e+007 1.46609e+007 1.5036e+007 1.53699e+007 1.56451e+007 1.58613e+007 1.60261e+007 1.61495e+007 1.62408e+007 1.63081e+007 1.63576e+007 1.6394e+007 1.64209e+007 1.64408e+007 1.64557e+007 1.64668e+007 1.64751e+007 1.64814e+007 1.64861e+007 1.64897e+007 1.64925e+007 1.64946e+007 1.64962e+007 1.64974e+007 1.64983e+007 1.6499e+007 1.64996e+007 1.65e+007 1.65003e+007 1.65006e+007 1.65008e+007 1.65009e+007 1.6501e+007 1.65011e+007 1.65012e+007 1.65012e+007 1.65013e+007 1.65013e+007 1.65013e+007 1.65013e+007 1.65013e+007 1.65014e+007 1.65014e+007 1.65014e+007 1.65014e+007 1.65014e+007 1.65014e+007 1.65014e+007 1.65014e+007 1.65014e+007 1.65014e+007 1.65014e+007 1.65014e+007 1.65014e+007 1.65014e+007 1.65014e+007 1.65014e+007 1.65014e+007 1.65014e+007 1.65014e+007 1.65014e+007 1.65014e+007 1.65014e+007 1.65014e+007 1.65014e+007 1.65014e+007 1.65014e+007 1.65014e+007 1.65014e+007 1.65014e+007 1.65014e+007 1.65014e+007 1.65014e+007 1.65014e+007 1.65014e+007 1.65014e+007 1.65014e+007 1.65014e+007 1.65014e+007 1.65014e+007 1.65014e+007 1.65014e+007 1.65014e+007 1.65014e+007 1.65014e+007 1.65014e+007 1.65014e+007 1.65014e+007 1.65014e+007 1.65014e+007 1.65014e+007 1.65014e+007 1.65014e+007 1.65014e+007 1.65014e+007 1.65014e+007 0 0 0 0 0 0 0 0 0 0 0 0 0 0 0 0 0 0 0 0 0 0 0 0 0
#obs cpue bio
 2.85012e+006 2.68473e+006 2.12265e+006 2.11848e+006 2.26897e+006 1.43124e+006 981358 1.63807e+006 1.28337e+006 1.02494e+006 992247 919812 1.01821e+006 574455 641189 434234 656852 570521 413540 609726 412741 515489 356738 486407 468405 597508 537686 600346 535172 532738 517041 378288 669133 558586 495199 627481 636606 513827 779183 676531 445626 733419 410709 722855 617166 447533 508267 602021 463806 662678 437525 563151 739805
#pred surv len freq
 0.00471972 0.00776723 0.0118816 0.0170962 0.0232973 0.030121 0.036939 0.0430303 0.0478578 0.0512405 0.0533115 0.0543501 0.0546385 0.0544043 0.053821 0.0530291 0.0521564 0.051314 0.0505398 0.0496866 0.04833 0.0458187 0.0415473 0.0353507 0.0277513
 0.00515899 0.00840805 0.012713 0.018069 0.0243487 0.0312079 0.0380554 0.0441925 0.0490658 0.0524444 0.0544094 0.0552231 0.0552012 0.0546387 0.0537746 0.0527786 0.0517573 0.0507617 0.0497618 0.0485776 0.0468189 0.0439361 0.0394514 0.0332862 0.0259598
 0.00534802 0.00877988 0.0133857 0.0191762 0.0259882 0.0333731 0.0405908 0.0468175 0.0514698 0.0543968 0.0558153 0.0560977 0.0556021 0.0546158 0.0533633 0.052017 0.0506939 0.049438 0.0481881 0.0467325 0.044686 0.0415616 0.0369789 0.0309348 0.0239491
 0.00551677 0.00904312 0.0137673 0.019707 0.0267185 0.0343804 0.0419642 0.0486128 0.0536492 0.0567941 0.0581598 0.0580979 0.0570402 0.0553973 0.053503 0.0515896 0.0497874 0.0481287 0.0465322 0.04477 0.0424614 0.0391581 0.034542 0.0286583 0.0220206
 0.00571477 0.00937428 0.0142814 0.0204526 0.0277301 0.035662 0.0434811 0.0503019 0.0554452 0.0586458 0.0600176 0.0598774 0.0585994 0.0565575 0.0541047 0.0515449 0.0490951 0.0468515 0.0447614 0.0426042 0.0400094 0.0365564 0.0319658 0.0263046 0.0200609
 0.00597737 0.00980581 0.0149395 0.0213939 0.0289988 0.0372714 0.0453933 0.0524204 0.0576286 0.0607415 0.0618973 0.0614562 0.0598289 0.0573976 0.0544988 0.0514185 0.0483822 0.0455274 0.0428612 0.0402219 0.0372899 0.0336877 0.0291662 0.0237915 0.0180041
 0.00621557 0.0102071 0.0155693 0.0223216 0.030283 0.0389362 0.0474051 0.05468 0.0599857 0.0630245 0.0639439 0.063136 0.061055 0.0581268 0.0547174 0.0511204 0.0475537 0.0441518 0.0409435 0.0378186 0.0345282 0.0307635 0.0263176 0.0212513 0.0159442
 0.00640082 0.0105202 0.0160636 0.0230564 0.0313144 0.0402996 0.0490965 0.0566441 0.0621186 0.0651879 0.0659847 0.0649063 0.0624298 0.0590175 0.0550757 0.0509315 0.0468211 0.0428871 0.0391692 0.0355887 0.0319536 0.0280229 0.0236385 0.018861 0.0140104
 0.00664915 0.010909 0.016622 0.0238044 0.0322633 0.0414525 0.0504438 0.0581583 0.0637509 0.0668689 0.0676272 0.0664098 0.0636887 0.0599315 0.0555621 0.0509335 0.0463103 0.0418607 0.0376502 0.0336346 0.029671 0.0255767 0.0212368 0.016713 0.0122716
 0.006746 0.0110887 0.0169325 0.0243015 0.0329946 0.0424343 0.051644 0.0594991 0.0651339 0.0682075 0.0688649 0.067515 0.0646346 0.060678 0.0560501 0.0510934 0.0460774 0.041191 0.0365333 0.0321052 0.0278191 0.0235489 0.0192198 0.0148945 0.0107927
 0.0070248 0.0115391 0.017605 0.0252413 0.0342329 0.0439731 0.0534388 0.0614481 0.0670864 0.0699905 0.0703209 0.0685364 0.0651824 0.0607757 0.0557554 0.0504634 0.0451452 0.0399642 0.0350125 0.0303113 0.0258178 0.02146 0.0172025 0.0131109 0.00936138
 0.00720396 0.0118386 0.018071 0.0259212 0.0351652 0.0451715 0.0548761 0.063052 0.0687496 0.0715896 0.0717339 0.0696549 0.0659223 0.0610891 0.0556378 0.0499485 0.0442864 0.038814 0.0336137 0.0287058 0.024067 0.0196602 0.0154805 0.0115966 0.00815051
 0.00725574 0.0119378 0.0182487 0.0262178 0.0356237 0.0458253 0.0557363 0.0640991 0.0699335 0.0728361 0.0729535 0.0707527 0.0668074 0.0616848 0.0558912 0.0498373 0.0438197 0.0380263 0.0325552 0.0274372 0.0226618 0.0182103 0.0140937 0.0103782 0.00717682
 0.00736515 0.0121098 0.0184975 0.0265548 0.0360583 0.046365 0.0563842 0.0648493 0.0707666 0.0737173 0.073833 0.0715703 0.0674988 0.062189 0.0561569 0.0498282 0.0435196 0.0374419 0.0317169 0.0263972 0.0214925 0.0170007 0.0129406 0.00937064 0.00637586
 0.00754337 0.0123796 0.0188661 0.0270154 0.036592 0.0469453 0.0569813 0.0654339 0.0713154 0.0742168 0.0742801 0.071965 0.0678348 0.0624463 0.0563028 0.0498235 0.0433292 0.0370447 0.0311136 0.0256156 0.0205866 0.016046 0.012022 0.00856524 0.00573561
 0.00749957 0.0123277 0.0188231 0.0270075 0.0366461 0.0470761 0.0571832 0.0656832 0.0715833 0.0744855 0.0745495 0.072248 0.0681434 0.0627781 0.0566335 0.0501097 0.0435178 0.0370869 0.0309782 0.025299 0.0201173 0.0154802 0.011432 0.0080216 0.00528966
 0.00758814 0.01245 0.0189684 0.0271555 0.0367765 0.047182 0.0572775 0.0657926 0.0717311 0.0746753 0.0747623 0.0724541 0.0683202 0.0629193 0.0567445 0.0501936 0.0435642 0.037071 0.0308704 0.0250798 0.0197898 0.0150743 0.0109974 0.00761269 0.00494926
 0.00771641 0.0126313 0.0191898 0.0273857 0.0369719 0.0472993 0.0572871 0.0656894 0.0715398 0.0744467 0.0745596 0.0723315 0.0683037 0.0630021 0.0568962 0.0503762 0.0437415 0.0372108 0.0309441 0.0250657 0.0196806 0.014883 0.0107562 0.00736306 0.00472841
 0.00780722 0.0127791 0.0194108 0.0276898 0.0373547 0.0477325 0.0577136 0.0660324 0.0717258 0.0744354 0.0743623 0.0720074 0.067937 0.062671 0.0566499 0.0502268 0.0436708 0.0371839 0.0309229 0.0250183 0.0195881 0.0147435 0.0105845 0.00718425 0.00456805
 0.00780234 0.0127659 0.019382 0.0276382 0.0372777 0.0476377 0.0576208 0.0659664 0.071704 0.0744556 0.0744026 0.0720395 0.0679446 0.0626604 0.0566456 0.0502557 0.0437462 0.0372982 0.0310511 0.0251293 0.0196565 0.014758 0.0105501 0.00711859 0.00449286
 0.00778974 0.0127579 0.0193924 0.0276851 0.0373765 0.0477907 0.0578112 0.0661621 0.0718699 0.0745676 0.0744528 0.0720316 0.0678859 0.0625591 0.0565138 0.0501126 0.0436153 0.0371981 0.0309871 0.0250922 0.0196287 0.0147236 0.0105022 0.00706037 0.00443366
 0.00788746 0.0128988 0.0195718 0.0278893 0.0375888 0.0480001 0.0580165 0.0663667 0.0720718 0.0747508 0.0745889 0.0720907 0.0678501 0.0624292 0.0563079 0.049859 0.0433453 0.0369404 0.0307627 0.0249103 0.0194871 0.0146131 0.010413 0.00698658 0.00437383
 0.00786211 0.0128625 0.0195257 0.0278362 0.0375308 0.0479364 0.0579436 0.0662841 0.0719881 0.0746866 0.0745699 0.0721344 0.0679542 0.0625704 0.0564525 0.0499778 0.0434238 0.0369797 0.0307739 0.0249064 0.0194772 0.0146007 0.0103981 0.00696924 0.00435535
 0.00782278 0.0127912 0.0194057 0.0276498 0.0372662 0.0475973 0.0575558 0.065893 0.0716466 0.0744398 0.0744457 0.0721423 0.0680882 0.0628113 0.0567687 0.050329 0.043769 0.0372871 0.0310262 0.0251007 0.0196194 0.0146997 0.0104627 0.00700727 0.00437442
 0.00794983 0.0129786 0.0196511 0.0279358 0.037562 0.0478635 0.0577504 0.0659795 0.071604 0.0742714 0.0741806 0.071828 0.0677767 0.0625455 0.0565744 0.0502124 0.0437191 0.0372824 0.0310433 0.0251213 0.0196337 0.0147054 0.0104615 0.007002 0.00436768
 0.00783551 0.012814 0.0194424 0.0277015 0.0373262 0.0476459 0.0575599 0.0658139 0.0714569 0.0741398 0.0740705 0.0717534 0.0677551 0.0625918 0.0566951 0.0504028 0.0439636 0.0375566 0.0313196 0.0253745 0.019846 0.0148688 0.010577 0.007077 0.00441211
 0.00787319 0.0128555 0.0194695 0.027688 0.0372488 0.0474984 0.057362 0.0656061 0.0712816 0.0740213 0.0740063 0.071723 0.0677375 0.0625791 0.0566949 0.0504303 0.0440308 0.037665 0.0314588 0.0255262 0.0199906 0.0149913 0.01067 0.00714054 0.00445118
 0.00781613 0.0127606 0.0193225 0.027473 0.0369508 0.0471084 0.056885 0.0650689 0.0707361 0.0735381 0.0736581 0.071562 0.0677782 0.0627962 0.0570381 0.0508453 0.0444741 0.0381075 0.0318808 0.0259115 0.0203247 0.0152631 0.0108754 0.00728341 0.00454206
 0.00782865 0.0127809 0.0193522 0.0275116 0.0369934 0.0471429 0.0568906 0.0650192 0.0706071 0.0733201 0.0733654 0.0712352 0.0674742 0.0625707 0.0569266 0.0508541 0.0445847 0.0382882 0.0320987 0.0261386 0.0205393 0.0154493 0.0110237 0.00739122 0.00461324
 0.00773366 0.0126489 0.0191948 0.0273538 0.0368657 0.0470701 0.0568814 0.0650626 0.0706764 0.073381 0.0733864 0.0711974 0.0673794 0.0624427 0.0568041 0.050777 0.0445789 0.0383586 0.0322308 0.0263071 0.0207171 0.0156141 0.0111607 0.0074942 0.00468319
 0.00775029 0.0126474 0.0191418 0.0272058 0.0365871 0.0466573 0.0563794 0.0645582 0.0702672 0.073137 0.0733255 0.0712874 0.0675613 0.0626586 0.0570171 0.0509768 0.0447744 0.0385643 0.032454 0.0265426 0.0209494 0.0158246 0.0113348 0.00762513 0.00477245
 0.00855499 0.0138043 0.0206004 0.0288173 0.0381394 0.0479367 0.0572264 0.0648954 0.070102 0.0725495 0.0724458 0.0702613 0.0665134 0.0616693 0.0561219 0.0501835 0.0440834 0.0379794 0.031982 0.0261862 0.0207013 0.0156675 0.0112454 0.00758019 0.00475299
 0.00927499 0.0149351 0.0222193 0.0309459 0.0407119 0.0507688 0.0600039 0.0672184 0.0715936 0.0729845 0.0718254 0.0687929 0.0645144 0.0594571 0.0539403 0.0481799 0.0423251 0.0364845 0.0307465 0.0251981 0.0199439 0.0151166 0.0108687 0.00733974 0.00461068
 0.00927669 0.0150345 0.0225461 0.0316758 0.0420157 0.0527316 0.062552 0.0700968 0.0744125 0.0753157 0.0733122 0.0692371 0.0639178 0.0580037 0.0519266 0.0459236 0.0400899 0.0344457 0.0289951 0.0237651 0.0188242 0.0142843 0.0102845 0.00695606 0.00437682
 0.00897154 0.014585 0.0219627 0.0310169 0.041395 0.0523151 0.0625376 0.0706657 0.0756539 0.0771559 0.0754941 0.0713779 0.0656263 0.0590024 0.0521247 0.0454152 0.0390911 0.0332085 0.0277364 0.0226318 0.0178914 0.0135719 0.00977751 0.00662037 0.00417118
 0.00870076 0.0141457 0.0213069 0.0301103 0.0402371 0.0509662 0.0611414 0.0694463 0.0748744 0.077045 0.0761657 0.0727769 0.0675246 0.0610547 0.0539698 0.0467826 0.0398684 0.0334423 0.0275783 0.0222638 0.0174671 0.0131896 0.00948147 0.0064163 0.00404419
 0.00889505 0.0144002 0.0215753 0.0303087 0.0402633 0.050734 0.0606141 0.0686573 0.0739292 0.076108 0.0754323 0.0724274 0.0676672 0.0616783 0.0549327 0.0478534 0.0408061 0.0340781 0.0278599 0.022246 0.0172633 0.0129171 0.00922481 0.0062174 0.0039108
 0.00887701 0.0144008 0.0216279 0.0304523 0.0405198 0.0510783 0.0609579 0.068867 0.073878 0.0757387 0.0747949 0.0716708 0.0669898 0.0612588 0.0548685 0.0481285 0.0413017 0.0346237 0.0283021 0.0225002 0.0173277 0.0128476 0.0090948 0.00608544 0.00380772
 0.00879678 0.0142697 0.021432 0.0301855 0.040193 0.0507278 0.0606441 0.0686543 0.0738013 0.0757768 0.0748751 0.0717106 0.0669497 0.061171 0.0548201 0.0482106 0.0415557 0.0350172 0.0287457 0.0228936 0.0176036 0.0129918 0.00913554 0.00606787 0.00377084
 0.00887572 0.0143681 0.0215249 0.030231 0.0401438 0.0505506 0.0603377 0.0682566 0.0733812 0.0754119 0.0746245 0.071593 0.0669405 0.0612232 0.0548978 0.0483106 0.0417014 0.0352306 0.0290201 0.0231889 0.0178666 0.0131834 0.00924627 0.00611356 0.00377791
 0.00885055 0.014363 0.0215805 0.0303997 0.0404667 0.051026 0.0609007 0.0687895 0.073756 0.0755434 0.0745017 0.0712739 0.0665169 0.06078 0.0544901 0.0479645 0.0414286 0.0350389 0.0289125 0.0231554 0.0178819 0.0132158 0.00927116 0.0061212 0.00377135
 0.0086598 0.0140683 0.0211689 0.0298778 0.0398688 0.0504187 0.0603791 0.0684548 0.0736775 0.0757238 0.0748716 0.0717235 0.0669459 0.0611336 0.0547625 0.0481794 0.0416148 0.035217 0.0290918 0.0233353 0.0180537 0.0133663 0.00938857 0.00620092 0.00381747
 0.00882057 0.0142867 0.0214179 0.0301058 0.0400137 0.0504328 0.0602503 0.0682143 0.0733902 0.0754656 0.0747025 0.0716659 0.0669788 0.0612066 0.0548234 0.0481979 0.0415906 0.0351704 0.0290477 0.0233107 0.0180532 0.0133839 0.00941359 0.00622378 0.00383311
 0.00869636 0.0141458 0.0213154 0.030122 0.0402219 0.0508539 0.0608231 0.0688066 0.0738524 0.0756961 0.0746857 0.0714639 0.0666883 0.060911 0.0545662 0.047984 0.0414058 0.0350024 0.0288955 0.023182 0.0179557 0.0133192 0.00937648 0.00620533 0.00382485
 0.00866535 0.0140598 0.0211254 0.029774 0.0396873 0.0501663 0.0600962 0.0682069 0.0735298 0.0757123 0.0749894 0.0719282 0.0671814 0.0613508 0.0549303 0.0482851 0.0416621 0.035222 0.0290787 0.0233283 0.0180686 0.0134048 0.00944018 0.00625113 0.00385572
 0.00868982 0.0141 0.021184 0.029846 0.0397527 0.0501858 0.0600174 0.0679881 0.0731725 0.0752803 0.0745921 0.0716715 0.0671164 0.061457 0.0551397 0.0485258 0.0418867 0.0354121 0.0292329 0.0234507 0.0181634 0.0134761 0.00949201 0.00628732 0.00387966
 0.00865626 0.0140709 0.0211864 0.0299191 0.0399347 0.0504934 0.0604273 0.0684332 0.0735568 0.0755105 0.0746131 0.0714893 0.0667957 0.0610913 0.0548108 0.0482754 0.0417157 0.035299 0.0291544 0.0233921 0.0181185 0.0134427 0.00946902 0.00627299 0.00387173
 0.00860451 0.0139762 0.021027 0.0296749 0.0396002 0.0500934 0.0600248 0.0681161 0.0734051 0.0755582 0.0748305 0.0717977 0.067106 0.0613429 0.0549892 0.048402 0.0418225 0.0354068 0.0292663 0.0234998 0.0182121 0.0135167 0.00952285 0.00630946 0.00389481
 0.00866241 0.0140624 0.0211408 0.0298071 0.039732 0.0501977 0.0600712 0.0680824 0.0732906 0.0753918 0.0746621 0.0716754 0.0670516 0.0613437 0.0550114 0.0484146 0.0418136 0.0353834 0.0292426 0.0234857 0.0182094 0.0135215 0.00953036 0.00631647 0.00390005
 0.00867987 0.0141151 0.0212635 0.0300434 0.0401182 0.0507395 0.0607255 0.0687578 0.0738719 0.0757771 0.0747958 0.0715612 0.0667432 0.0609191 0.0545438 0.0479542 0.0413863 0.0350005 0.0289107 0.0232106 0.0179938 0.0133631 0.00942143 0.00624644 0.00385808
 0.00852958 0.0138503 0.0208313 0.0293936 0.039229 0.0496509 0.0595587 0.0676986 0.073113 0.0754472 0.0749163 0.0720535 0.0674739 0.0617531 0.0553791 0.0487301 0.0420736 0.0355883 0.0293972 0.0235996 0.0182937 0.0135852 0.00957861 0.00635174 0.00392408
 0.00873799 0.0141736 0.0212855 0.0299731 0.0398975 0.0503337 0.0601469 0.0680734 0.0731897 0.0752165 0.0744532 0.0714831 0.066916 0.0612804 0.0550094 0.0484458 0.0418479 0.0354013 0.0292393 0.023468 0.0181879 0.0135045 0.00952092 0.00631349 0.00390079
 0.00836212 0.0136487 0.0206549 0.0293316 0.0393648 0.0500104 0.0600774 0.0682328 0.0734989 0.0755743 0.0747715 0.071715 0.0670655 0.0613887 0.0551258 0.0486006 0.0420421 0.0356142 0.0294449 0.0236466 0.0183304 0.0136105 0.00959511 0.00636233 0.00393091
#obs surv len freq
 0.00496748 0.00813755 0.0123794 0.0177072 0.023995 0.0308772 0.0377273 0.0438201 0.0486024 0.0518708 0.053743 0.0545059 0.0544827 0.0539745 0.0532436 0.0525031 0.0518962 0.0514554 0.0510411 0.050284 0.0486022 0.0453656 0.0401974 0.0332665 0.0253546
 0.00518442 0.00849153 0.0129146 0.0184657 0.0250093 0.0321577 0.0392499 0.0455214 0.0503887 0.053634 0.0553754 0.0559071 0.0555616 0.0546512 0.0534544 0.0522071 0.0510819 0.050147 0.0493025 0.0482207 0.0463587 0.0431141 0.0381142 0.0314987 0.0239878
 0.00542403 0.0088823 0.013505 0.0193018 0.026126 0.0335652 0.0409194 0.0473805 0.0523314 0.0555411 0.0571334 0.0574173 0.0567412 0.0554299 0.0537711 0.0520108 0.0503382 0.0488497 0.0474883 0.0459826 0.0438502 0.0405378 0.03569 0.029417 0.0223654
 0.00566127 0.00927406 0.0141059 0.0201662 0.0272976 0.0350592 0.042706 0.0493786 0.0544212 0.0575886 0.059012 0.0590209 0.0579866 0.0562528 0.0541207 0.0518443 0.0496202 0.0475612 0.045645 0.043657 0.041188 0.0377524 0.0330287 0.0271044 0.0205472
 0.00590077 0.00966514 0.0146981 0.0210079 0.0284278 0.0364951 0.0444271 0.0513199 0.0564796 0.0596391 0.060927 0.0606843 0.0593013 0.0571442 0.0545341 0.0517391 0.0489652 0.0463371 0.0438588 0.0413669 0.0385253 0.0349252 0.0302918 0.0246997 0.0186395
 0.006138 0.0100554 0.015294 0.0218609 0.0295783 0.037956 0.0461683 0.053264 0.0585139 0.061639 0.0627753 0.0622803 0.0605618 0.0580013 0.0549334 0.051638 0.0483313 0.0451506 0.042124 0.0391335 0.0359129 0.0321307 0.0275646 0.0222845 0.0167099
 0.00639494 0.0104727 0.0159212 0.0227444 0.0307523 0.0394295 0.0479103 0.0551976 0.0605262 0.0636013 0.064565 0.0637946 0.0617226 0.0587535 0.0552386 0.0514675 0.0476618 0.043966 0.0404273 0.0369684 0.0333873 0.0294267 0.0249179 0.0199311 0.0148212
 0.00662489 0.0108543 0.0165095 0.0235945 0.0319072 0.0409012 0.0496618 0.0571388 0.0625291 0.0655279 0.066291 0.0652219 0.062781 0.059397 0.05544 0.0512117 0.0469395 0.0427731 0.038773 0.0348945 0.0309912 0.0268728 0.0224209 0.0177089 0.0130342
 0.00683698 0.0112024 0.0170398 0.024353 0.0329315 0.0422073 0.0512291 0.0589018 0.064384 0.067349 0.0679515 0.0666104 0.0638126 0.0600169 0.0556211 0.0509464 0.0462309 0.0416303 0.0372159 0.0329685 0.028787 0.0245373 0.0201447 0.0156854 0.0114064
 0.00705766 0.0115626 0.0175844 0.0251239 0.0339593 0.0434976 0.0527493 0.0605778 0.0661107 0.069011 0.0694412 0.0678373 0.0647064 0.0605283 0.0557218 0.0506272 0.0454977 0.0405003 0.0357188 0.0311557 0.0267462 0.0224012 0.0180804 0.0138602 0.0099429
 0.00727109 0.0119125 0.0181162 0.0258807 0.0349723 0.044771 0.0542463 0.0622164 0.0677764 0.070581 0.070806 0.0689138 0.0654397 0.0608885 0.0556979 0.0502217 0.044723 0.0393776 0.034281 0.029456 0.0248683 0.0204646 0.0162301 0.0122379 0.0086497
 0.0074455 0.0122001 0.0185566 0.0265132 0.0358278 0.0458593 0.0555426 0.0636563 0.0692639 0.0720061 0.0720634 0.0699162 0.0661251 0.0612221 0.0556693 0.0498389 0.0440055 0.0383526 0.0329853 0.0279422 0.0232139 0.0187751 0.0146296 0.0108444 0.00754501
 0.00750408 0.0123028 0.0187257 0.0267759 0.0362128 0.0463901 0.0562292 0.0644892 0.0702125 0.0730201 0.0730772 0.0708547 0.0669125 0.0617908 0.0559686 0.0498394 0.0436991 0.0377503 0.0321155 0.0268528 0.0219755 0.0174812 0.0133876 0.00975483 0.00667757
 0.00762351 0.0124803 0.0189625 0.0270644 0.0365416 0.0467517 0.0566243 0.0649261 0.0707004 0.073561 0.0736598 0.0714514 0.0674801 0.0622756 0.0563138 0.0499939 0.0436257 0.0374318 0.031558 0.026088 0.021061 0.0164975 0.0124271 0.00890407 0.00599653
 0.00766206 0.0125473 0.0190705 0.0272253 0.0367618 0.0470253 0.0569306 0.0652348 0.0709855 0.0738149 0.0738965 0.0716966 0.0677525 0.0625718 0.0566039 0.0502277 0.0437466 0.0373914 0.0313291 0.0256721 0.0204914 0.0158353 0.0117493 0.00828567 0.00549215
 0.00771214 0.0126186 0.0191596 0.0273244 0.0368626 0.0471249 0.057034 0.0653513 0.0711218 0.0739691 0.0740599 0.0718604 0.0679154 0.0627393 0.0567785 0.0503985 0.0438847 0.0374553 0.0312788 0.0254848 0.0201724 0.0154198 0.0112939 0.00785176 0.00512802
 0.00778656 0.012732 0.0193155 0.0275194 0.0370857 0.0473576 0.0572524 0.0655313 0.0712462 0.0740347 0.0740776 0.0718497 0.0678955 0.0627237 0.0567742 0.0504057 0.0438939 0.0374465 0.0312242 0.0253589 0.0199644 0.0151416 0.0109785 0.00754226 0.00486229
 0.00781213 0.0127742 0.0193798 0.0276108 0.0372064 0.0475048 0.0574157 0.0656931 0.0713857 0.074134 0.0741279 0.0718542 0.0678678 0.0626821 0.0567354 0.050379 0.0438793 0.037434 0.031196 0.0252949 0.0198506 0.0149781 0.0107819 0.00733999 0.00468211
 0.00785916 0.0128439 0.0194724 0.0277224 0.0373308 0.0476358 0.0575484 0.065823 0.0715067 0.0742371 0.0742021 0.0718896 0.06786 0.0626351 0.0566609 0.0502926 0.043794 0.0373554 0.0311204 0.0252121 0.0197497 0.0148546 0.0106416 0.00719754 0.00455465
 0.00787679 0.0128726 0.0195155 0.0277821 0.0374072 0.0477251 0.0576428 0.0659121 0.0715811 0.0742924 0.0742391 0.0719115 0.0678688 0.0626302 0.0566406 0.0502574 0.0437476 0.0373027 0.0310643 0.0251513 0.01968 0.0147732 0.0105506 0.00710467 0.00447036
 0.00788475 0.0128809 0.0195195 0.0277755 0.0373846 0.0476852 0.0575911 0.0658598 0.0715413 0.0742744 0.0742464 0.0719423 0.0679178 0.0626907 0.0567051 0.0503183 0.0437986 0.0373398 0.0310857 0.0251563 0.0196683 0.0147452 0.0105094 0.0070564 0.00442275
 0.00790252 0.0129059 0.0195498 0.0278061 0.037408 0.0476933 0.0575771 0.0658206 0.0714798 0.0742005 0.0741748 0.0718882 0.0678917 0.0626956 0.0567367 0.0503674 0.0438546 0.037393 0.0311289 0.0251848 0.0196803 0.0147412 0.0104923 0.00703125 0.00439541
 0.00790158 0.0129026 0.0195414 0.0277891 0.0373784 0.0476481 0.0575156 0.0657451 0.0713951 0.0741138 0.0740952 0.0718263 0.0678578 0.0626967 0.0567746 0.0504371 0.0439457 0.0374924 0.0312238 0.0252652 0.0197404 0.0147793 0.0105105 0.00703443 0.00438966
 0.0079072 0.0129103 0.0195502 0.0277967 0.0373818 0.0476436 0.0574996 0.065715 0.07135 0.0740554 0.0740283 0.0717579 0.0677971 0.0626529 0.0567554 0.0504464 0.0439823 0.0375498 0.0312917 0.0253327 0.0197981 0.0148218 0.0105368 0.00704675 0.00439243
 0.00787649 0.0128595 0.0194724 0.0276858 0.0372346 0.0474633 0.0572979 0.0655115 0.0711683 0.0739163 0.0739449 0.0717343 0.0678295 0.062733 0.056873 0.0505917 0.0441456 0.0377214 0.0314613 0.0254894 0.0199325 0.014928 0.010613 0.00709596 0.00442055
 0.00787632 0.0128518 0.0194472 0.0276295 0.0371333 0.0473088 0.0570931 0.0652722 0.0709202 0.0736892 0.0737664 0.0716241 0.0677968 0.0627759 0.0569806 0.0507479 0.0443328 0.0379228 0.031662 0.0256766 0.0200958 0.0150602 0.0107116 0.00716313 0.00446189
 0.00786691 0.0128386 0.0194309 0.0276103 0.0371096 0.0472748 0.0570383 0.0651848 0.070793 0.073526 0.0735841 0.0714495 0.0676582 0.0626955 0.0569689 0.0508028 0.0444425 0.0380698 0.0318272 0.0258424 0.0202477 0.0151882 0.0108106 0.00723292 0.00450653
 0.00783195 0.0127823 0.0193474 0.0274957 0.0369637 0.0471033 0.0568538 0.0650046 0.0706336 0.0733974 0.0734886 0.0713849 0.067624 0.062696 0.0570115 0.0508931 0.0445794 0.0382441 0.0320232 0.0260417 0.0204329 0.0153463 0.0109345 0.00732181 0.0045646
 0.00781758 0.0127551 0.0192993 0.0274173 0.0368464 0.0469436 0.0566573 0.0647868 0.0704175 0.0732076 0.0733447 0.0712978 0.0675948 0.062719 0.0570791 0.050999 0.0447192 0.0384124 0.0322111 0.0262359 0.0206183 0.0155088 0.0110651 0.00741765 0.00462851
 0.00777203 0.0126841 0.0191983 0.0272834 0.0366792 0.0467449 0.0564324 0.0645458 0.0701763 0.0729868 0.0731667 0.0711825 0.0675552 0.0627576 0.0571885 0.0511649 0.044925 0.0386424 0.0324512 0.0264725 0.0208378 0.0156993 0.0112182 0.00753059 0.00470451
 0.00774017 0.0126291 0.0191099 0.0271512 0.0364954 0.0465099 0.0561579 0.0642547 0.0698966 0.0727448 0.0729817 0.071066 0.0675132 0.0627919 0.0572961 0.0513373 0.0451479 0.0388979 0.0327201 0.0267366 0.0210812 0.0159093 0.0113866 0.00765524 0.00478892
 0.0093383 0.0148657 0.021808 0.0299224 0.0388525 0.048046 0.0566894 0.0638497 0.0687943 0.0712352 0.0713158 0.0694201 0.0659925 0.0614502 0.0561543 0.0503971 0.0443993 0.0383238 0.0322983 0.0264422 0.0208883 0.0157924 0.0113226 0.00762461 0.00477689
 0.00933409 0.0151529 0.0227582 0.0319951 0.0423944 0.0530203 0.0625043 0.0694542 0.0730503 0.0733656 0.0711613 0.0673815 0.0627558 0.0576939 0.0523807 0.0469028 0.0413247 0.0357152 0.0301538 0.0247357 0.0195799 0.0148326 0.0106546 0.0071875 0.00451035
 0.0089562 0.0145635 0.0219394 0.0310039 0.0414148 0.0523963 0.0626976 0.0708802 0.0758313 0.0771478 0.0751589 0.0706744 0.0646719 0.058042 0.0514204 0.0451286 0.0392322 0.0336651 0.0283481 0.0232549 0.0184323 0.013989 0.0100684 0.00680495 0.00427784
 0.00878552 0.01427 0.0214693 0.0303017 0.0404449 0.0511816 0.0613637 0.0696827 0.0751293 0.0773018 0.0763714 0.0728439 0.0673652 0.060636 0.0533529 0.0461107 0.0393037 0.0330932 0.0274629 0.0223254 0.0176189 0.0133564 0.009619 0.00651038 0.00409946
 0.00870965 0.0141427 0.0212691 0.0300024 0.0400173 0.0505986 0.0606133 0.0687876 0.0741713 0.0764389 0.0758269 0.0728482 0.0680542 0.0619547 0.0550334 0.0477613 0.0405696 0.0337918 0.0276195 0.0221065 0.0172267 0.0129493 0.00928377 0.00627299 0.00395014
 0.00868616 0.0140981 0.0211897 0.0298707 0.0398146 0.0503095 0.06023 0.0683117 0.0736158 0.0758346 0.0752338 0.0723672 0.0678183 0.0620883 0.0555865 0.0486584 0.0416157 0.0347469 0.0282992 0.0224475 0.0172828 0.012835 0.00911075 0.00611399 0.00383482
 0.00868277 0.0140949 0.0211886 0.0298729 0.039818 0.0503048 0.0601992 0.0682306 0.0734604 0.0755902 0.0749042 0.0719812 0.0674346 0.0617914 0.0554681 0.0487807 0.041973 0.0352538 0.0288209 0.022859 0.0175199 0.012907 0.00907419 0.00603356 0.00375603
 0.00866553 0.0140659 0.0211435 0.0298081 0.0397322 0.0502015 0.0600868 0.0681196 0.0733578 0.075494 0.0748031 0.0718613 0.0672914 0.0616405 0.0553481 0.0487432 0.0420602 0.0354724 0.0291301 0.0231849 0.0177892 0.0130783 0.00914869 0.00604101 0.00373245
 0.00866548 0.0140662 0.0211444 0.0298095 0.039733 0.0501988 0.0600763 0.0680968 0.0733199 0.0754412 0.0747374 0.071784 0.0672017 0.0615387 0.0552416 0.0486518 0.0420128 0.0354941 0.0292269 0.0233356 0.0179533 0.0132154 0.00923645 0.00608016 0.00373858
 0.00863949 0.0140306 0.0211031 0.0297702 0.0397049 0.0501888 0.0600859 0.0681214 0.0733505 0.0754671 0.0747496 0.0717773 0.0671745 0.0614929 0.0551821 0.0485876 0.0419578 0.0354657 0.0292384 0.0233883 0.0180338 0.013301 0.00930628 0.00612414 0.00375853
 0.00864383 0.0140313 0.021093 0.02974 0.0396472 0.0501039 0.059985 0.0680245 0.0732789 0.0754345 0.0747565 0.0718126 0.0672218 0.0615371 0.0552138 0.0486048 0.0419652 0.0354726 0.0292556 0.0234229 0.0180848 0.0133599 0.00936107 0.0061656 0.00378381
 0.00863581 0.014022 0.0210853 0.0297377 0.0396523 0.0501136 0.0599908 0.0680155 0.0732479 0.0753839 0.0746986 0.0717636 0.0671934 0.0615314 0.0552246 0.0486221 0.0419817 0.0354863 0.0292697 0.0234423 0.0181123 0.0133936 0.00939573 0.00619513 0.00380466
 0.0086164 0.0139912 0.0210407 0.0296784 0.0395803 0.0500344 0.0599137 0.0679508 0.0732035 0.0753614 0.0746941 0.0717712 0.0672103 0.0615581 0.0552626 0.0486706 0.0420364 0.0355418 0.0293219 0.0234901 0.0181563 0.0134342 0.00943161 0.00622433 0.00382579
 0.00862126 0.013997 0.0210455 0.029679 0.0395727 0.0500157 0.0598829 0.0679102 0.0731582 0.0753181 0.0746589 0.0717477 0.0671986 0.0615564 0.055269 0.0486841 0.0420565 0.0355674 0.029351 0.0235204 0.0181859 0.0134619 0.00945619 0.00624462 0.00384098
 0.00862241 0.0140002 0.0210524 0.0296917 0.0395923 0.0500408 0.0599091 0.0679306 0.0731656 0.0753086 0.0746334 0.0717114 0.0671589 0.06152 0.0552402 0.0486646 0.0420464 0.0355658 0.0293565 0.0235312 0.0182001 0.0134774 0.00947128 0.00625777 0.00385124
 0.00862241 0.0140002 0.0210524 0.0296917 0.0395923 0.0500408 0.0599091 0.0679306 0.0731656 0.0753086 0.0746334 0.0717114 0.0671589 0.06152 0.0552402 0.0486646 0.0420464 0.0355658 0.0293565 0.0235312 0.0182001 0.0134774 0.00947128 0.00625777 0.00385124
 0.00858798 0.0139473 0.0209788 0.0295981 0.0394828 0.0499234 0.0597953 0.0678336 0.0730975 0.0752762 0.0746365 0.0717442 0.0672129 0.0615877 0.0553157 0.0487439 0.0421262 0.0356433 0.0294291 0.0235966 0.0182567 0.0135242 0.00950785 0.00628466 0.00386962
 0.00863109 0.01401 0.0210595 0.0296901 0.0395762 0.0500074 0.0598606 0.067874 0.0731103 0.0752618 0.0745986 0.0716885 0.0671457 0.0615149 0.0552427 0.0486756 0.0420666 0.035595 0.0293931 0.0235726 0.0182428 0.0135179 0.00950667 0.00628621 0.00387213
 0.00870752 0.0141382 0.0212585 0.0299768 0.0399578 0.0504715 0.0603681 0.0683622 0.0735085 0.075513 0.0746747 0.0715938 0.0669098 0.0611802 0.0548538 0.0482719 0.041679 0.035245 0.0290935 0.0233287 0.0180543 0.0133801 0.00941184 0.00622527 0.00383584
 0.00842203 0.0136949 0.020633 0.0291671 0.0389926 0.049417 0.0593302 0.0674738 0.0728975 0.0752632 0.0748009 0.0720438 0.0675895 0.0619848 0.0556917 0.0490758 0.0424071 0.0358762 0.0296215 0.0237558 0.0183875 0.0136296 0.00958953 0.00634452 0.00391049
 0.00863961 0.0140063 0.0210222 0.0295902 0.0393865 0.0497173 0.0594879 0.0674661 0.0727322 0.0749772 0.0744515 0.0716938 0.067288 0.0617567 0.0555365 0.0489768 0.0423432 0.0358308 0.0295847 0.0237243 0.0183614 0.0136095 0.00957562 0.00633596 0.00390588
 0.00854656 0.0138881 0.0209035 0.0295098 0.0393809 0.0497977 0.0596253 0.0675982 0.0727905 0.0749206 0.0742854 0.0714653 0.0670638 0.0615951 0.0554697 0.0490062 0.0424465 0.0359749 0.0297385 0.0238655 0.0184782 0.0136988 0.00963949 0.00637876 0.00393268
#pred catch len freq
 0.00359493 0.0058513 0.00885375 0.0126504 0.0172664 0.0226432 0.028575 0.0347148 0.0406545 0.0460141 0.0504977 0.0539242 0.0562474 0.0575506 0.0580103 0.0578524 0.0573182 0.0566266 0.0558941 0.0550095 0.0535338 0.0507627 0.0460344 0.0391699 0.0307499
 0.00396539 0.00639407 0.00956332 0.0134917 0.0181958 0.023636 0.0296378 0.0358688 0.0418978 0.0472904 0.0516957 0.0549146 0.0569351 0.0579105 0.058086 0.0577187 0.0570282 0.0561691 0.0551858 0.0539315 0.0520048 0.0488132 0.0438346 0.0369857 0.0288454
 0.00414313 0.00672439 0.0101329 0.0143963 0.0195056 0.0253496 0.0316518 0.0379941 0.0439234 0.0490551 0.0531207 0.0559807 0.0576384 0.0582381 0.0580267 0.0572853 0.05626 0.0551061 0.0538367 0.0522694 0.0500063 0.0465203 0.0413947 0.0346301 0.0268103
 0.00432808 0.00701238 0.010549 0.0149717 0.0202913 0.0264238 0.0331051 0.0398834 0.0462107 0.0515715 0.0555902 0.0581049 0.0591912 0.0591163 0.0582363 0.056893 0.0553488 0.0537507 0.0520936 0.0501802 0.0476185 0.0439242 0.03875 0.0321508 0.0247045
 0.00455755 0.00738309 0.0111019 0.0157421 0.0213021 0.0276782 0.0345841 0.0415542 0.0480414 0.0535335 0.0576347 0.0601251 0.0610074 0.060509 0.0590137 0.0569497 0.0546799 0.0524245 0.0502112 0.0478508 0.0449622 0.041092 0.0359356 0.0295725 0.0225535
 0.00483634 0.00783089 0.0117668 0.016668 0.0225238 0.0292111 0.0364096 0.043608 0.0502164 0.0556992 0.0596652 0.0619198 0.06249 0.0616071 0.0596388 0.0569997 0.0540694 0.0511201 0.0482501 0.0453376 0.0420582 0.0380055 0.0329082 0.0268451 0.0203152
 0.00509009 0.0082462 0.012398 0.01757 0.0237446 0.0307783 0.0383128 0.0457869 0.0525611 0.0580628 0.0618848 0.0638408 0.0639897 0.0626059 0.0600935 0.0568827 0.053352 0.0497764 0.0462823 0.0428079 0.0391086 0.0348545 0.0298209 0.0240814 0.0180679
 0.0052866 0.00856932 0.0128928 0.0182856 0.02473 0.0320734 0.0399334 0.04771 0.0547157 0.0603309 0.064112 0.0658575 0.0656367 0.0637588 0.0606743 0.0568557 0.0527084 0.0485215 0.044438 0.0404335 0.0363284 0.0318695 0.0268869 0.0214539 0.0159369
 0.00550846 0.00891482 0.0133863 0.0189447 0.0255691 0.0331074 0.0411755 0.0491627 0.0563595 0.0621136 0.0659451 0.0676204 0.0671911 0.064968 0.0614224 0.0570607 0.0523258 0.0475411 0.0428824 0.0383663 0.0338699 0.029206 0.0242539 0.0190885 0.0140162
 0.00570664 0.00924094 0.0138835 0.0196534 0.0265165 0.0342929 0.0425594 0.050669 0.0578958 0.0635975 0.0673191 0.0688469 0.0682345 0.0657784 0.061932 0.0571921 0.0520082 0.0467266 0.0415608 0.0365783 0.0317186 0.0268592 0.0219249 0.016992 0.0123128
 0.00597469 0.0096685 0.014513 0.0205218 0.0276524 0.0357081 0.0442344 0.052538 0.0598415 0.0654642 0.0689426 0.0700939 0.0690321 0.066119 0.06185 0.056729 0.0511866 0.0455472 0.0400211 0.0347016 0.0295804 0.0245966 0.0197202 0.0150307 0.0107325
 0.00614961 0.00995566 0.014951 0.0211503 0.0285068 0.0368095 0.045578 0.0540843 0.0615151 0.0671591 0.0705318 0.0714429 0.07002 0.0666624 0.0619187 0.0563428 0.0503948 0.0444037 0.0385717 0.0329938 0.0276849 0.0226245 0.0178178 0.0133485 0.00938218
 0.00623643 0.0101043 0.0151896 0.0215127 0.029029 0.0375224 0.0464964 0.0551986 0.0627858 0.0685178 0.0718861 0.0726863 0.0710445 0.067373 0.0622467 0.056256 0.049899 0.0435354 0.0373875 0.0315627 0.0260916 0.0209752 0.0162367 0.0119572 0.00826906
 0.00634501 0.0102738 0.0154327 0.0218397 0.0294499 0.0380488 0.0471402 0.0559654 0.0636675 0.0694851 0.0728868 0.0736494 0.0718896 0.0680208 0.062629 0.0563234 0.0496273 0.0429291 0.0364799 0.0304137 0.0247848 0.0196135 0.0149325 0.010814 0.00735823
 0.00645985 0.0104468 0.015668 0.0221332 0.0297925 0.0384314 0.0475573 0.0564162 0.0641541 0.0700096 0.0734459 0.0742281 0.0724562 0.0685268 0.0630148 0.0565282 0.0496004 0.0426409 0.0359294 0.0296329 0.0238373 0.0185882 0.0139297 0.00992541 0.00664673
 0.00644682 0.0104388 0.01568 0.0221858 0.0299052 0.0386128 0.047799 0.0566954 0.0644456 0.0702992 0.0737369 0.0745352 0.0727922 0.0688878 0.0633732 0.056835 0.0497956 0.0426688 0.0357544 0.029251 0.0232814 0.0179233 0.0132392 0.00929062 0.00612677
 0.00648282 0.0104839 0.0157243 0.0222157 0.0299117 0.0386021 0.0477967 0.056739 0.0645658 0.0705024 0.0740017 0.0748257 0.073077 0.0691515 0.0636121 0.0570432 0.0499538 0.0427436 0.0357092 0.0290628 0.0229543 0.0174931 0.0127649 0.00883716 0.00574561
 0.00658206 0.0106227 0.0158907 0.0223823 0.0300408 0.0386568 0.0477532 0.0565969 0.0643536 0.0702743 0.0738224 0.074748 0.0731228 0.0693075 0.0638412 0.057301 0.050199 0.0429394 0.0358228 0.0290693 0.0228456 0.0172847 0.0124949 0.00855419 0.00549362
 0.00661822 0.0106851 0.01599 0.0225272 0.0302319 0.0388787 0.0479704 0.0567593 0.0644134 0.070207 0.0736415 0.0745033 0.0728827 0.0691338 0.0637682 0.0573281 0.0502968 0.043064 0.0359288 0.0291204 0.0228215 0.0171854 0.0123404 0.00837706 0.00532677
 0.00663607 0.0107076 0.0160127 0.0225438 0.0302383 0.0388774 0.0479719 0.056776 0.0644497 0.0702512 0.0736687 0.074489 0.0728201 0.0690418 0.0636834 0.0572868 0.0503173 0.0431385 0.0360288 0.0292094 0.0228694 0.0171783 0.0122831 0.0082889 0.00523177
 0.00664977 0.0107372 0.0160697 0.0226414 0.0303853 0.0390708 0.0481923 0.0569918 0.0646279 0.0703692 0.0737185 0.0744726 0.0727429 0.0689114 0.063514 0.0571024 0.0501468 0.0430049 0.0359394 0.0291537 0.0228271 0.0171308 0.012222 0.00821749 0.00516056
 0.00669255 0.0107962 0.0161404 0.0227154 0.0304566 0.0391422 0.0482777 0.0571092 0.0647859 0.0705561 0.0739021 0.0746128 0.0728085 0.0688901 0.0634137 0.0569447 0.0499602 0.0428181 0.0357742 0.0290206 0.0227242 0.0170487 0.0121513 0.00815384 0.00510485
 0.006641 0.0107199 0.0160387 0.0225919 0.0303163 0.0389897 0.0481179 0.0569514 0.0646493 0.0704695 0.0738947 0.0746997 0.0729794 0.0691107 0.0636394 0.0571381 0.0501021 0.0429086 0.0358254 0.0290474 0.0227373 0.0170528 0.0121473 0.00814254 0.00508886
 0.00663226 0.0106973 0.0159899 0.0225009 0.0301692 0.0387819 0.0478595 0.0566677 0.0643741 0.070237 0.0737343 0.0746331 0.0730183 0.0692525 0.0638635 0.0574086 0.0503781 0.0431563 0.0360264 0.0291981 0.0228436 0.0171236 0.0121907 0.00816553 0.00509775
 0.00668171 0.0107676 0.0160762 0.0225907 0.0302436 0.038819 0.0478393 0.0565775 0.0642134 0.0700213 0.0734931 0.0744043 0.072838 0.0691469 0.0638436 0.0574685 0.0504972 0.0433055 0.0361766 0.0293283 0.0229436 0.0171928 0.0122339 0.00818923 0.00510851
 0.00660287 0.0106552 0.0159359 0.0224364 0.0300915 0.0386797 0.0477122 0.0564518 0.0640769 0.0698693 0.0733346 0.0742609 0.0727376 0.0691149 0.0638949 0.0576037 0.0507023 0.0435549 0.0364392 0.0295748 0.0231529 0.0173545 0.0123482 0.00826299 0.00515178
 0.00656974 0.010593 0.0158281 0.022266 0.0298497 0.0383759 0.0473796 0.0561411 0.0638368 0.0697265 0.0732853 0.0742797 0.0727965 0.0691982 0.0640031 0.0577461 0.0508856 0.0437757 0.0366827 0.0298187 0.0233744 0.0175372 0.012485 0.00835612 0.00520922
 0.00653699 0.0105364 0.0157357 0.0221223 0.0296365 0.0380762 0.0469856 0.0556643 0.0633165 0.0692286 0.0728873 0.0740459 0.0727549 0.0693347 0.0642743 0.058101 0.0512824 0.0441855 0.0370848 0.0301945 0.0237063 0.017811 0.0126938 0.00850215 0.00530236
