SBPRF35
7.78865
Curr Bio
453225
B35
679396
F35
0.211561
FOFL
0.137113
OFL
49743.8
Bzero
2.22533e+006
#pred survey bio
 4.56078e+006 4.37029e+006 4.164e+006 3.89709e+006 3.58896e+006 3.27839e+006 2.92813e+006 2.62402e+006 2.31093e+006 2.04357e+006 1.78763e+006 1.58628e+006 1.41531e+006 1.23611e+006 1.0857e+006 978400 883770 819997 758326 714186 690214 665712 645004 644742 643456 638041 635604 631202 610325 611973 607993 613043 608596 604493 600496 582696 556381 551843 563542 570292 589791 604437 610871 614575 620041 623957 620622 620018 614712 617931 613746 557007 520687 522747 537463 540481 525034 530012 531511 494186 469064 458165 1.59857e+007 9.44095e+006 9.66528e+006 1.05192e+007 1.17103e+007 1.29524e+007 1.40748e+007 1.50059e+007 1.57366e+007 1.62892e+007 1.66968e+007 1.69928e+007 1.72057e+007 1.73582e+007 1.74673e+007 1.75455e+007 1.76018e+007 1.76426e+007 1.76723e+007 1.76941e+007 1.77102e+007 1.77221e+007 1.7731e+007 1.77378e+007 1.77428e+007 1.77467e+007 1.77496e+007 1.77518e+007 1.77535e+007 1.77548e+007 1.77558e+007 1.77565e+007 1.77571e+007 1.77576e+007 1.77579e+007 1.77582e+007 1.77584e+007 1.77586e+007 1.77587e+007 1.77588e+007 1.77589e+007 1.77589e+007 1.7759e+007 1.7759e+007 1.7759e+007 1.77591e+007 1.77591e+007 1.77591e+007 1.77591e+007 1.77591e+007 1.77591e+007 1.77591e+007 1.77591e+007 1.77591e+007 1.77591e+007 1.77591e+007 1.77591e+007 1.77591e+007 1.77591e+007 1.77591e+007 1.77591e+007 1.77591e+007 1.77591e+007 1.77591e+007 1.77591e+007 1.77591e+007 1.77591e+007 1.77591e+007 1.77591e+007 1.77591e+007 1.77591e+007 1.77591e+007 1.77591e+007 1.77591e+007 1.77591e+007 1.77591e+007 1.77591e+007 1.77591e+007 1.77591e+007 1.77591e+007 1.77591e+007 1.77591e+007 1.77591e+007 1.77591e+007 1.77591e+007 1.77591e+007 1.77591e+007 1.77591e+007 1.77591e+007 1.77591e+007 1.77591e+007 1.77591e+007 1.77591e+007 1.77591e+007 1.77591e+007 1.77591e+007 1.77591e+007 1.77591e+007 1.77591e+007 1.77591e+007 0 0 0 0 0 0 0 0 0 0 0 0 0 0 0 0 0 0 0 0 0 0 0 0 0
#obs survey bio
 2.76011e+006 3.01656e+006 2.79926e+006 1.75752e+006 2.45134e+006 2.32661e+006 3.04446e+006 2.34197e+006 2.24727e+006 1.28939e+006 1.84734e+006 1.18431e+006 1.45218e+006 801039 1.15288e+006 906304 762597 1.20494e+006 498648 788606 625130 527896 430482 601637 547928 389412 566014 552608 513804 540725 604679 405664 522671 725090 672789 600173 466630 608490 622166 527174 655253 624026 408691 702815 691379 741612 786717 520664 541618 610079 700559 480494 516910 553089 716899 388860 545076 714506 623924 531955 470829 502778
#pred catch bio
 92611.6 97574.4 155918 208889 233879 296435 281932 316057 299122 309000 275842 259961 273608 251375 215361 203926 174946 169522 151086 131225 128892 123183 104935 105131 107067 103041 103525 115383 94516.8 97977.5 89182.8 95978.3 93641.1 90748.5 99052 104906 89872.8 81639.6 89165 80238.9 85082.7 91262.6 92122.1 89164.6 89304.2 94441.6 91567.8 95082.3 87456.1 93395.1 136167 117528 86138.2 76166.3 84951.6 98678.5 80342.1 82130.8 111764 98114.8 83203.3 71025.2 49743.8 72754.2 72929.6 78071.7 86639.2 95842 104098 110809 115928 119662 122298 124113 125339 126155 126692 127042 127268 127414 127507 127567 127605 127629 127644 127653 127660 127663 127666 127667 127668 127669 127669 127669 127670 127670 127670 127670 127670 127670 127670 127670 127670 127670 127670 127670 127670 127670 127670 127670 127670 127670 127670 127670 127670 127670 127670 127670 127670 127670 127670 127670 127670 127670 127670 127670 127670 127670 127670 127670 127670 127670 127670 127670 127670 127670 127670 127670 127670 127670 127670 127670 127670 127670 127670 127670 127670 127670 127670 127670 127670 127670 127670 127670 127670 127670 127670 127670 127670 127670 127670 127670 0 0 0 0 0 0 0 0 0 0 0 0 0 0 0 0 0 0 0 0 0 0 0 0 0
#obs catch bio
 0 97486.1 156863 211336 236811 303273 286866 323433 305656 320042 283717 267937 282658 260393 221285 210620 179898 172639 154993 133688 131532 125292 106762 107000 108830 104442 104682 117858 95774.2 99364.7 90086.8 97316.9 95219.5 91558.2 100203 106150 90997.9 82568.8 89986 80616.4 85632.9 91622.4 92651.1 89082 89053.8 94163.8 91231.8 95481.1 87270.6 93014.4 136078 118043 86368.7 76294.7 84726.2 99362.8 80482.1 81674.7 111690 97963.1 83322 70938.8
#pred cpue bio
 4.48716e+006 4.30191e+006 4.09965e+006 3.83415e+006 3.52709e+006 3.21802e+006 2.87012e+006 2.568e+006 2.25701e+006 1.99124e+006 1.73743e+006 1.53802e+006 1.36899e+006 1.19238e+006 1.04431e+006 938740 846116 784258 724523 681671 658650 635220 615208 614972 614014 609140 607000 602833 582728 584626 581081 586263 582176 578632 575436 558619 532209 525948 536307 542982 562261 576930 583613 587584 593249 597281 594088 593435 588295 591542 587524 531854 495632 497371 512436 516094 501084 505958 507915 471886 447406 437407 1.53097e+007 9.0537e+006 9.12617e+006 9.82075e+006 1.09589e+007 1.21892e+007 1.33094e+007 1.42401e+007 1.49708e+007 1.55233e+007 1.5931e+007 1.62269e+007 1.64399e+007 1.65923e+007 1.67014e+007 1.67796e+007 1.6836e+007 1.68767e+007 1.69064e+007 1.69282e+007 1.69443e+007 1.69563e+007 1.69652e+007 1.69719e+007 1.6977e+007 1.69808e+007 1.69837e+007 1.69859e+007 1.69876e+007 1.69889e+007 1.69899e+007 1.69907e+007 1.69913e+007 1.69917e+007 1.69921e+007 1.69923e+007 1.69925e+007 1.69927e+007 1.69928e+007 1.69929e+007 1.6993e+007 1.69931e+007 1.69931e+007 1.69931e+007 1.69932e+007 1.69932e+007 1.69932e+007 1.69932e+007 1.69932e+007 1.69932e+007 1.69932e+007 1.69932e+007 1.69933e+007 1.69933e+007 1.69933e+007 1.69933e+007 1.69933e+007 1.69933e+007 1.69933e+007 1.69933e+007 1.69933e+007 1.69933e+007 1.69933e+007 1.69933e+007 1.69933e+007 1.69933e+007 1.69933e+007 1.69933e+007 1.69933e+007 1.69933e+007 1.69933e+007 1.69933e+007 1.69933e+007 1.69933e+007 1.69933e+007 1.69933e+007 1.69933e+007 1.69933e+007 1.69933e+007 1.69933e+007 1.69933e+007 1.69933e+007 1.69933e+007 1.69933e+007 1.69933e+007 1.69933e+007 1.69933e+007 1.69933e+007 1.69933e+007 1.69933e+007 1.69933e+007 1.69933e+007 1.69933e+007 1.69933e+007 1.69933e+007 1.69933e+007 1.69933e+007 1.69933e+007 1.69933e+007 1.69933e+007 0 0 0 0 0 0 0 0 0 0 0 0 0 0 0 0 0 0 0 0 0 0 0 0 0
#obs cpue bio
 3.43958e+006 2.27409e+006 3.9617e+006 3.09699e+006 3.62544e+006 2.66174e+006 3.26755e+006 2.5085e+006 1.84085e+006 1.0453e+006 1.73909e+006 1.2296e+006 1.18775e+006 997186 876189 560165 657073 801161 452707 564653 525485 774112 489401 534675 664090 892666 653918 370327 573453 647010 506976 673666 395453 696486 418044 534035 390111 363602 680548 571021 445314 698758 692879 848420 634422 572943 475997 405067 956406 642183 596782 393362 425061 453520 623682 426162 470640 673451 431978 407273 366282 456123
#pred surv len freq
 0.00561779 0.0090449 0.0134684 0.0188165 0.024926 0.0314728 0.0379379 0.0437233 0.0483794 0.0517637 0.0540178 0.0554231 0.056261 0.0567324 0.0569227 0.0567927 0.0562008 0.0549501 0.0528414 0.0497079 0.0454371 0.0400088 0.033571 0.0265156 0.0194668
 0.00589404 0.0093652 0.0137191 0.0188298 0.0245467 0.0306508 0.0367882 0.0424997 0.0473608 0.0511197 0.0537348 0.0553321 0.0561404 0.0564268 0.056419 0.0562298 0.0558121 0.0549639 0.0533788 0.050725 0.0467403 0.041337 0.0346993 0.0273266 0.0199603
 0.00627307 0.0099604 0.0145666 0.0199248 0.025818 0.0319403 0.0378593 0.0430992 0.0473253 0.0504651 0.0526578 0.0541058 0.054974 0.0553845 0.0554504 0.0552722 0.054884 0.0541842 0.052904 0.0506528 0.0470447 0.0418762 0.0352861 0.027812 0.0202793
 0.00652636 0.0103846 0.0152277 0.0208912 0.0271424 0.0336291 0.0398359 0.0451811 0.0492375 0.0518996 0.0533671 0.0539913 0.054118 0.0540007 0.0537809 0.0535025 0.053128 0.052527 0.0514431 0.0494906 0.0462421 0.0414134 0.0350713 0.0277293 0.0202392
 0.00676225 0.0107628 0.0157891 0.0216756 0.0281881 0.0349674 0.0414776 0.0470966 0.0513345 0.0540085 0.0552467 0.0553685 0.0547601 0.0537931 0.052766 0.0518561 0.0510896 0.0503326 0.0492925 0.0475425 0.0446093 0.04015 0.0341657 0.0271196 0.0198453
 0.00697273 0.0111018 0.0162939 0.0223803 0.0291194 0.0361384 0.0428812 0.0487021 0.0530909 0.0558457 0.0570669 0.0570314 0.0560785 0.0545592 0.0528093 0.0511069 0.0496134 0.0483139 0.0469821 0.0451973 0.0424455 0.0383159 0.0327303 0.026079 0.0191442
 0.00730002 0.0116122 0.0170223 0.0233458 0.0303251 0.0375697 0.044502 0.0504531 0.0548945 0.0576187 0.0587302 0.0585093 0.0572862 0.0553882 0.053127 0.0507838 0.0485731 0.0465815 0.0447026 0.0426094 0.0398255 0.0359136 0.0307204 0.0245402 0.0180655
 0.00764808 0.012155 0.0177961 0.0243692 0.0315963 0.0390647 0.0461702 0.0522175 0.0566618 0.0592964 0.0602414 0.0597961 0.0583023 0.0560841 0.0534358 0.0506174 0.0478399 0.0452271 0.0427564 0.0402111 0.0372094 0.0333537 0.0284595 0.0227329 0.0167573
 0.00807197 0.012822 0.0187582 0.0256582 0.0332172 0.0409859 0.0483138 0.0544586 0.0588465 0.061273 0.0618889 0.0610389 0.0591071 0.0564456 0.0533559 0.0500862 0.0468276 0.0436989 0.0407097 0.0377193 0.0344439 0.0305625 0.0259059 0.0206212 0.0151829
 0.00833982 0.0132653 0.0194398 0.0266407 0.0345497 0.0426827 0.0503327 0.0566935 0.0611418 0.0634537 0.0637927 0.0625379 0.0601191 0.0569345 0.0533218 0.0495472 0.0458015 0.0421961 0.0387482 0.0353572 0.0318114 0.0278648 0.0233847 0.0184872 0.013556
 0.00866943 0.0137817 0.0201819 0.0276357 0.0358128 0.0442157 0.0521163 0.0586764 0.0632345 0.0655316 0.0657086 0.0641426 0.0612846 0.0575729 0.0533933 0.0490543 0.0447738 0.0406761 0.0367878 0.0330332 0.0292476 0.0252427 0.0209204 0.016379 0.0119272
 0.00894757 0.0142201 0.0208159 0.0284889 0.0368937 0.0455131 0.0535942 0.0602746 0.0648777 0.0671419 0.0672119 0.0654647 0.0623454 0.0582876 0.0536838 0.048865 0.0440817 0.0394928 0.0351583 0.0310379 0.0270099 0.0229305 0.0187281 0.0144856 0.0104491
 0.00915601 0.0145585 0.0213241 0.0292029 0.0378377 0.0466878 0.0549654 0.0617705 0.066401 0.0685914 0.0685025 0.0665357 0.0631567 0.0588083 0.0538822 0.0487047 0.043529 0.03853 0.0337984 0.0293369 0.0250734 0.0209097 0.0167981 0.0128082 0.00913102
 0.00949222 0.0150852 0.0220796 0.0302092 0.0390974 0.0481784 0.0566316 0.0635205 0.0681149 0.0701405 0.0697723 0.0674445 0.0636642 0.0589133 0.0536095 0.0480871 0.0425931 0.0372934 0.0322813 0.0275813 0.0231603 0.0189624 0.0149652 0.0112281 0.00789448
 0.00983257 0.0156166 0.0228385 0.031214 0.0403451 0.0496405 0.0582483 0.0651997 0.069742 0.0715976 0.0709563 0.0682784 0.0641019 0.0589407 0.0532421 0.047363 0.0415607 0.0360012 0.030775 0.0259123 0.0213999 0.0172096 0.0133377 0.00983639 0.00680995
 0.00994025 0.0158059 0.0231494 0.0316922 0.041031 0.0505528 0.059368 0.066466 0.0710633 0.072871 0.0720857 0.0691842 0.0647246 0.0592417 0.0532049 0.0469931 0.0408832 0.0350557 0.0296115 0.0245902 0.0199918 0.0158038 0.0120319 0.00871931 0.00593865
 0.00994945 0.0158394 0.0232351 0.0318703 0.0413473 0.0510465 0.0600579 0.0673407 0.0720782 0.0739527 0.0731423 0.0701203 0.0654564 0.059709 0.0533752 0.0468595 0.0404597 0.0343732 0.0287148 0.0235371 0.0188533 0.0146619 0.0109716 0.00781409 0.00523408
 0.0100816 0.0160123 0.0234196 0.0320186 0.041413 0.0510134 0.0599607 0.0672604 0.0721129 0.0741777 0.0735806 0.0707349 0.0661641 0.0604047 0.053957 0.0472475 0.0406058 0.0342628 0.0283636 0.0229869 0.0181662 0.0139141 0.0102427 0.00717316 0.00472582
 0.0102775 0.0163181 0.0238536 0.0325816 0.0420802 0.0517277 0.0606337 0.0677919 0.0724269 0.074258 0.0734807 0.0705526 0.0659939 0.0602983 0.0539091 0.04721 0.0405143 0.0340626 0.0280261 0.0225155 0.0175943 0.0132962 0.00964196 0.0066461 0.004309
 0.0103008 0.0163671 0.0239479 0.0327467 0.0423413 0.0520984 0.0611045 0.0683229 0.072951 0.0746962 0.0737667 0.0706575 0.0659381 0.0601405 0.0537174 0.0470294 0.0403509 0.0338898 0.0278061 0.0222222 0.0172273 0.0128818 0.00922336 0.00626816 0.00400406
 0.0102863 0.0163319 0.023875 0.0326174 0.0421456 0.0518483 0.0608421 0.0681141 0.0728626 0.0747679 0.0739926 0.0709885 0.0663043 0.0604799 0.0539959 0.047242 0.0405075 0.0339962 0.0278557 0.0222017 0.0171296 0.0127169 0.00901851 0.00605869 0.00382091
 0.0104562 0.0165735 0.0241738 0.0329356 0.0424303 0.0520461 0.060915 0.06805 0.0726811 0.0745174 0.0737385 0.0707916 0.066199 0.0604644 0.05404 0.0473065 0.040561 0.0340218 0.0278461 0.022153 0.0170402 0.0125914 0.00887048 0.00590851 0.00368855
 0.010585 0.0167766 0.0244661 0.0333222 0.0428998 0.0525642 0.0614211 0.0684651 0.0729289 0.074552 0.0735626 0.0704563 0.0657843 0.0600507 0.053684 0.0470302 0.0403572 0.0338674 0.0277166 0.0220298 0.0169135 0.0124591 0.00873782 0.00578507 0.00358445
 0.0104146 0.0165303 0.0241531 0.032973 0.0425602 0.0522836 0.0612402 0.0684074 0.0729939 0.0747142 0.0737777 0.0706767 0.0659768 0.0602069 0.0538172 0.0471618 0.0405007 0.0340211 0.0278657 0.0221554 0.017001 0.0125038 0.00874476 0.00576624 0.00355387
 0.0103251 0.0163819 0.0239256 0.0326502 0.0421385 0.0517829 0.0607116 0.0679273 0.0726442 0.0745541 0.0738243 0.0709018 0.0663212 0.0606039 0.0542129 0.0475259 0.0408244 0.0343066 0.0281149 0.0223653 0.0171656 0.0126192 0.00881362 0.00579781 0.00356103
 0.0103766 0.016448 0.0239919 0.0326904 0.0421196 0.0516746 0.0604973 0.0676129 0.0722618 0.0741595 0.0734851 0.0706784 0.0662477 0.0606776 0.0543996 0.0477763 0.0410928 0.0345617 0.0283407 0.0225551 0.0173165 0.0127303 0.00888693 0.0058392 0.00357938
 0.0103904 0.0164709 0.0240263 0.0327366 0.0421724 0.0517203 0.0605126 0.0675691 0.0721354 0.0739448 0.0732024 0.0703732 0.0659782 0.0604965 0.0543366 0.0478307 0.0412378 0.0347576 0.0285493 0.0227485 0.0174786 0.0128547 0.0089739 0.00589376 0.00360928
 0.0102599 0.0162905 0.0238138 0.032528 0.0420118 0.051643 0.0605302 0.0676655 0.0722726 0.074076 0.0732865 0.0703868 0.0659237 0.0604008 0.0542415 0.0477765 0.0412483 0.0348336 0.0286726 0.022892 0.0176172 0.0129715 0.00906136 0.00595233 0.00364415
 0.010318 0.0163725 0.023915 0.0326388 0.0421239 0.0517567 0.0606572 0.0678223 0.0724668 0.0742925 0.0734857 0.0705167 0.0659405 0.0602882 0.0540176 0.0474869 0.0409489 0.0345724 0.0284768 0.0227659 0.0175484 0.0129409 0.00905148 0.00595091 0.00364478
 0.0102359 0.0162381 0.0237116 0.0323519 0.0417461 0.0512958 0.0601438 0.067312 0.0720326 0.0740077 0.073402 0.0706464 0.0662508 0.0607112 0.0544741 0.0479119 0.0413082 0.0348621 0.0287111 0.0229615 0.0177152 0.0130804 0.0091616 0.0060308 0.00369725
 0.0102432 0.0162445 0.0237103 0.0323317 0.0416919 0.0511915 0.0599763 0.0670769 0.0717401 0.073687 0.0730995 0.0704167 0.0661397 0.0607391 0.0546277 0.0481503 0.0415795 0.0351227 0.0289365 0.0231458 0.0178626 0.0131971 0.00925149 0.00609641 0.00374144
 0.0101667 0.0161257 0.0235423 0.0321119 0.0414228 0.0508808 0.0596378 0.0667299 0.0714072 0.0733909 0.0728623 0.0702599 0.0660845 0.0608028 0.0548158 0.0484493 0.0419561 0.035531 0.0293314 0.0234942 0.0181481 0.0134172 0.00941208 0.00620692 0.00381249
 0.00996682 0.0158453 0.0232022 0.0317582 0.0411123 0.0506581 0.0595178 0.0666956 0.0714226 0.0734193 0.0728795 0.0702593 0.0660759 0.0608072 0.0548587 0.0485514 0.0421251 0.0357574 0.0295907 0.0237554 0.0183842 0.0136112 0.0095585 0.006309 0.00387825
 0.00976177 0.0155254 0.0227484 0.0311682 0.0404081 0.0498928 0.0587762 0.0660806 0.0710255 0.0732865 0.0729972 0.0705654 0.0664904 0.0612624 0.0553145 0.0489943 0.0425566 0.0361806 0.0300013 0.0241401 0.0187246 0.013892 0.00977266 0.00645934 0.00397507
 0.00969808 0.0154069 0.0225427 0.0308371 0.0399182 0.0492326 0.0579732 0.0652075 0.0701902 0.0726078 0.0725739 0.0704498 0.0666759 0.0616905 0.0558984 0.0496484 0.0432162 0.0368072 0.0305753 0.02465 0.0191609 0.0142468 0.0100431 0.0066503 0.00409894
 0.0105793 0.0166534 0.0240729 0.0324548 0.0413633 0.0502658 0.0584472 0.0650915 0.0695513 0.0715764 0.0713127 0.0691283 0.0654452 0.0606594 0.0551188 0.0491171 0.042893 0.0366382 0.0305111 0.024653 0.0192038 0.0143087 0.0101077 0.00670634 0.00414096
 0.0115242 0.0181205 0.0261423 0.0351292 0.0445389 0.0537073 0.0617821 0.06786 0.0713224 0.0720862 0.0705477 0.0673088 0.0629291 0.0578281 0.0522944 0.0465239 0.0406551 0.0347976 0.0290556 0.0235419 0.0183863 0.0137327 0.00972243 0.00646417 0.00399911
 0.0112539 0.0178321 0.0259873 0.0353403 0.0453667 0.0553161 0.0641552 0.0707648 0.0743541 0.0747687 0.0724531 0.0681617 0.0626671 0.0566003 0.050397 0.0443035 0.0384196 0.0327646 0.0273422 0.0221838 0.017366 0.0130048 0.00923088 0.00615197 0.00381416
 0.0107958 0.0171266 0.0250081 0.0341149 0.0440003 0.0540096 0.0631984 0.0704768 0.074971 0.0763227 0.0747177 0.0707055 0.0649966 0.0583184 0.0513092 0.0444361 0.0379612 0.0319715 0.0264512 0.0213617 0.0166985 0.0125134 0.00889812 0.00594346 0.00369326
 0.0107031 0.0169524 0.0247031 0.0336207 0.0432674 0.0530274 0.0620283 0.0692714 0.0739617 0.0757706 0.074832 0.0715562 0.0664619 0.0601047 0.053046 0.045804 0.03879 0.0322652 0.0263423 0.0210312 0.0163066 0.0121632 0.00863387 0.00576798 0.00358874
 0.0104438 0.0165653 0.0241829 0.0329805 0.0425285 0.0522067 0.0611346 0.0683184 0.0729934 0.0748836 0.0741779 0.0713102 0.0667604 0.0609765 0.0543747 0.0473508 0.0402738 0.0334605 0.0271447 0.0214614 0.016465 0.0121688 0.00858069 0.00571009 0.00354682
 0.010301 0.016335 0.023841 0.0325091 0.0419232 0.0514851 0.0603399 0.0675131 0.0722413 0.0742338 0.073665 0.0709715 0.0666534 0.0611718 0.0549195 0.0482231 0.041362 0.0345906 0.0281427 0.0222147 0.0169487 0.0124284 0.00869236 0.00574399 0.00354973
 0.0102092 0.0161966 0.0236519 0.0322705 0.0416377 0.0511529 0.0599588 0.0670835 0.0717738 0.0737541 0.073211 0.0705863 0.0663799 0.061053 0.0549971 0.0485258 0.0418836 0.0352728 0.0288819 0.0228959 0.017487 0.0127936 0.00890395 0.00584755 0.00359155
 0.0101506 0.0161022 0.0235121 0.0320779 0.0413901 0.0508559 0.0596274 0.0667393 0.0714388 0.0734437 0.0729331 0.0703471 0.0661909 0.0609354 0.0549798 0.0486386 0.0421447 0.035675 0.0293837 0.0234281 0.017974 0.0131801 0.00917041 0.006007 0.00367425
 0.0101563 0.016098 0.0234808 0.0319957 0.0412326 0.0506084 0.0592941 0.0663455 0.071025 0.0730544 0.0726052 0.0701031 0.0660386 0.0608732 0.055005 0.0487528 0.0423529 0.0359776 0.0297659 0.0238548 0.0183955 0.0135476 0.00945256 0.00619741 0.0037871
 0.0101718 0.0161213 0.0235117 0.0320301 0.0412608 0.0506138 0.059254 0.0662372 0.0708351 0.072788 0.072289 0.0697787 0.0657496 0.0606535 0.0548733 0.048715 0.0424078 0.0361199 0.0299844 0.0241282 0.0186914 0.0138287 0.00968766 0.00637039 0.00389895
 0.0102562 0.0162489 0.0236852 0.0322451 0.041506 0.0508717 0.0595011 0.0664439 0.0709679 0.0728156 0.0721916 0.0695564 0.0654264 0.0602728 0.0544875 0.0483722 0.0421431 0.035952 0.0299163 0.0241486 0.0187772 0.0139495 0.0098126 0.00647659 0.0039757
 0.0101806 0.0161499 0.0235804 0.032165 0.0414848 0.0509333 0.0596476 0.0666534 0.0712025 0.0730333 0.0723552 0.0696393 0.0654153 0.0601702 0.054313 0.0481594 0.041932 0.0357787 0.029805 0.0241071 0.0187975 0.014012 0.00989323 0.00655418 0.00403716
 0.010191 0.016158 0.0235776 0.0321411 0.041435 0.050866 0.0595882 0.0666377 0.07126 0.0731704 0.0725488 0.0698438 0.0655808 0.060259 0.0543096 0.0480718 0.0417868 0.0356124 0.0296534 0.0239963 0.0187382 0.0139997 0.00991333 0.00658884 0.00407196
 0.010174 0.0161261 0.0235214 0.0320489 0.0412954 0.050673 0.0593473 0.0663701 0.0710037 0.0729727 0.0724533 0.0698747 0.0657312 0.0604921 0.0545716 0.0483122 0.0419736 0.035738 0.0297305 0.0240465 0.0187812 0.0140462 0.00996407 0.00663834 0.0041138
 0.0103308 0.0163534 0.0238117 0.0323762 0.0416203 0.0509527 0.0595445 0.0664588 0.0709719 0.0728265 0.0722189 0.0695947 0.0654545 0.0602588 0.0544007 0.0481986 0.041896 0.0356734 0.0296651 0.0239799 0.0187217 0.0140027 0.00994008 0.00663118 0.004117
 0.0109674 0.0173401 0.025203 0.0341803 0.0437866 0.0533601 0.0619943 0.0686896 0.0727082 0.073848 0.0724165 0.0689899 0.0641787 0.0585115 0.0524016 0.0461461 0.0399417 0.0339133 0.0281483 0.0227236 0.0177238 0.0132485 0.00940347 0.00627569 0.0038999
 0.0109247 0.0173452 0.0253479 0.0345946 0.0446023 0.0546549 0.0637405 0.0707383 0.0748179 0.0757416 0.0738426 0.0697711 0.0642413 0.0578921 0.0512306 0.0446114 0.0382439 0.0322283 0.0266047 0.0213985 0.0166505 0.0124279 0.00881376 0.00588042 0.00365493
 0.010374 0.0165104 0.0242106 0.0331951 0.04305 0.0531304 0.0624846 0.0700114 0.0748262 0.0765552 0.0753519 0.0717117 0.0662756 0.0597074 0.0526128 0.0454754 0.0386217 0.0322296 0.0263688 0.0210543 0.016294 0.0121166 0.00857269 0.00571174 0.00354779
 0.0102561 0.016257 0.0237184 0.0323388 0.041725 0.0513176 0.0603054 0.0677371 0.0728239 0.0751904 0.0748861 0.0722301 0.0676656 0.0616935 0.0548373 0.0475979 0.0403992 0.0335516 0.0272444 0.0215683 0.0165573 0.01223 0.00860951 0.00571646 0.00354296
 0.0104553 0.0165447 0.0240788 0.0327203 0.0420364 0.0514339 0.0600884 0.0670766 0.0716949 0.0737019 0.0732853 0.0708417 0.0667867 0.0614904 0.0552947 0.0485382 0.0415595 0.0346779 0.0281627 0.0222102 0.0169417 0.0124229 0.00868509 0.00573363 0.00353822
 0.010465 0.0166101 0.0242662 0.0331137 0.0427049 0.0523837 0.0612235 0.0681969 0.0725443 0.074049 0.0730054 0.0699692 0.0655135 0.0601084 0.0540978 0.0477251 0.0411803 0.034647 0.0283237 0.0224123 0.0170901 0.0124886 0.0086846 0.00569932 0.00349749
 0.0101517 0.0161345 0.023618 0.0323175 0.0418281 0.0515375 0.0605529 0.0678467 0.0726041 0.0745001 0.0737084 0.0707109 0.0660964 0.0604333 0.0541958 0.0477233 0.0412252 0.0348298 0.0286474 0.0228099 0.0174739 0.0127942 0.00888979 0.00581641 0.00355411
 0.0101075 0.0160345 0.0234165 0.0319581 0.0412624 0.0507541 0.0596037 0.0668534 0.0717346 0.0739214 0.0735315 0.0709492 0.0666575 0.0611545 0.0549105 0.0483259 0.0416981 0.0352199 0.0290139 0.0231808 0.0178356 0.0131118 0.00913427 0.0059804 0.00364994
 0.0104144 0.0165203 0.0241185 0.0328902 0.0423976 0.0520073 0.0608242 0.0678479 0.0723238 0.0740073 0.0731368 0.0702027 0.0657354 0.06021 0.0540315 0.047535 0.0409858 0.0345822 0.0284667 0.0227484 0.0175292 0.0129189 0.00902501 0.00592226 0.00361873
 0.00999783 0.0159601 0.0234923 0.0323443 0.0421079 0.0521145 0.0613757 0.0687753 0.0734625 0.0751443 0.0740687 0.0707895 0.0659334 0.0600717 0.0536694 0.0470702 0.0405091 0.0341434 0.0280875 0.0224391 0.0172953 0.0127587 0.00892723 0.00586922 0.00359262
 0.00932613 0.0149305 0.0220663 0.0305465 0.0400419 0.0499717 0.0594293 0.0673381 0.0728013 0.0753821 0.0751314 0.0724315 0.0678297 0.0619243 0.055281 0.0483623 0.0414944 0.0348791 0.0286366 0.0228514 0.0176051 0.0129892 0.00909486 0.00598613 0.00366916
#obs surv len freq
 nan nan nan nan nan nan nan nan nan nan nan nan nan nan nan nan nan nan nan nan nan nan nan nan nan
 0.00449014 0.007354 0.0111863 0.0160043 0.0217055 0.0279804 0.0342929 0.0400221 0.0446993 0.0481606 0.0505161 0.0520096 0.0528997 0.0534102 0.053723 0.0539768 0.0542545 0.0545467 0.0546851 0.0542769 0.0527151 0.0493478 0.0437985 0.0362798 0.027665
 0.00461668 0.00756389 0.0115095 0.0164699 0.0223346 0.0287741 0.0352221 0.0410243 0.0456887 0.0490461 0.0512185 0.0524738 0.0530989 0.0533451 0.0534169 0.0534678 0.0535869 0.0537636 0.0538259 0.0533791 0.051818 0.048495 0.0430355 0.0356452 0.0271799
 0.00478402 0.00783559 0.011918 0.0170459 0.0231018 0.0297408 0.0363703 0.0423039 0.0470198 0.0503293 0.0523494 0.0533568 0.0536598 0.0535402 0.053237 0.0529359 0.0527497 0.0526823 0.0525682 0.0520161 0.0504259 0.0471552 0.0418285 0.0346375 0.0264083
 0.00497019 0.00814139 0.012384 0.0177115 0.0239975 0.0308758 0.0377205 0.0438079 0.0485879 0.05186 0.0537425 0.0545196 0.0545095 0.0540078 0.0532748 0.0525253 0.0519062 0.0514538 0.0510307 0.050268 0.0485836 0.0453466 0.0401799 0.0332517 0.0253432
 0.00517692 0.00848064 0.0129006 0.0184497 0.0249926 0.0321413 0.0392341 0.0455056 0.0503721 0.0536169 0.0553599 0.0558973 0.0555622 0.0546651 0.0534806 0.0522407 0.051116 0.0501756 0.0493227 0.0482326 0.0463641 0.0431154 0.0381135 0.0314973 0.0239864
 0.00541047 0.00886117 0.0134751 0.0192627 0.0260787 0.0335123 0.0408652 0.0473303 0.0522901 0.0555119 0.0571169 0.0574126 0.0567473 0.0554467 0.0537991 0.0520498 0.0503854 0.0489006 0.0475378 0.0460266 0.043887 0.0405673 0.0357129 0.0294342 0.0223777
 0.00565411 0.00926028 0.0140813 0.0201259 0.0272372 0.0349778 0.0426073 0.0492716 0.0543182 0.0575015 0.0589496 0.0589876 0.057982 0.0562736 0.0541625 0.0519029 0.0496917 0.0476415 0.0457294 0.0437405 0.0412659 0.0378212 0.0330862 0.0271497 0.0205804
 0.00588758 0.00964514 0.0146705 0.0209723 0.0283839 0.0364415 0.0443619 0.0512418 0.0563899 0.0595434 0.0608352 0.060608 0.0592508 0.0571255 0.054548 0.0517821 0.0490316 0.0464204 0.0439525 0.0414645 0.0386206 0.0350127 0.0303668 0.0247596 0.0186837
 0.00614746 0.0100677 0.0153068 0.0218703 0.0295799 0.0379467 0.0461472 0.0532321 0.0584728 0.0615892 0.0627173 0.0622157 0.0604958 0.0579422 0.0548904 0.0516181 0.0483374 0.0451809 0.0421735 0.0391953 0.0359797 0.0321956 0.0276221 0.0223312 0.0167445
 0.0063758 0.0104461 0.0158892 0.0227112 0.0307226 0.0394055 0.0478905 0.0551775 0.0605009 0.0635685 0.0645257 0.0637523 0.0616816 0.0587176 0.0552122 0.0514553 0.0476682 0.0439935 0.0404752 0.0370323 0.0334603 0.0295009 0.0249858 0.0199876 0.0148638
 0.00661447 0.0108352 0.0164773 0.0235446 0.0318374 0.0408141 0.0495666 0.0570492 0.0624585 0.0654834 0.0662717 0.0652208 0.0627899 0.0594102 0.0554561 0.0512323 0.0469683 0.0428137 0.0388275 0.034962 0.0310677 0.0269514 0.0224944 0.0177712 0.0130819
 0.0068297 0.0111905 0.0170216 0.0243263 0.032894 0.0421563 0.0511629 0.0588218 0.0642957 0.0672625 0.067879 0.066562 0.0637924 0.0600225 0.0556458 0.0509833 0.0462757 0.041682 0.0372752 0.0330356 0.0288601 0.0246119 0.0202149 0.0157455 0.011453
 0.00706736 0.0115774 0.0176049 0.0251497 0.0339889 0.0435279 0.0527756 0.060594 0.0661104 0.0689897 0.0693985 0.0677783 0.0646404 0.060466 0.0556715 0.0505928 0.0454794 0.0404963 0.035727 0.0311748 0.0267743 0.0224353 0.0181163 0.0138933 0.00996999
 0.00729592 0.0119524 0.0181751 0.0259613 0.0350751 0.0448924 0.0543774 0.0623433 0.0678827 0.0706514 0.0708302 0.0688888 0.0653699 0.0607848 0.0555751 0.0500953 0.0446055 0.039277 0.0342008 0.0293964 0.0248277 0.02044 0.0162178 0.0122338 0.00865008
 0.0074311 0.0121804 0.0185339 0.0264921 0.0358148 0.0458606 0.0555625 0.0636961 0.0693211 0.0720739 0.072132 0.0699743 0.0661627 0.061233 0.0556532 0.0498012 0.0439553 0.0383 0.0329385 0.0279064 0.0231907 0.0187633 0.0146266 0.0108468 0.00754968
 0.00750736 0.0123031 0.0187169 0.0267504 0.0361643 0.0463181 0.0561423 0.064404 0.0701485 0.0729921 0.0730906 0.0709041 0.0669846 0.0618694 0.0560392 0.0498924 0.0437315 0.0377651 0.0321191 0.0268522 0.0219758 0.0174849 0.0133946 0.00976355 0.0066861
 0.00760449 0.0124507 0.0189202 0.0270077 0.0364689 0.0466614 0.056516 0.064803 0.0705717 0.0734431 0.0735728 0.071413 0.0674991 0.062348 0.0564245 0.0501223 0.0437525 0.0375437 0.0316496 0.0261598 0.0211167 0.0165413 0.0124618 0.00893104 0.00601652
 0.00769083 0.012591 0.0191302 0.0272997 0.0368467 0.0471138 0.0570129 0.0652987 0.0710183 0.073807 0.0738455 0.0716099 0.0676467 0.0624674 0.0565181 0.0501692 0.0437144 0.0373778 0.0313247 0.0256702 0.0204892 0.0158328 0.0117474 0.00828504 0.00549266
 0.00773359 0.0126565 0.019222 0.0274195 0.0369961 0.047295 0.0572283 0.0655472 0.0712913 0.0740869 0.0741088 0.0718353 0.0678233 0.0625967 0.0566085 0.050225 0.0437267 0.0373235 0.0311752 0.0254059 0.0201131 0.0153757 0.011262 0.00782985 0.00511409
 0.00776613 0.012705 0.0192867 0.0274979 0.0370834 0.0473862 0.0573199 0.0656388 0.0713863 0.0741907 0.0742265 0.0719671 0.067962 0.0627307 0.0567254 0.050315 0.043781 0.0373308 0.03112 0.0252735 0.019899 0.015094 0.0109454 0.00752016 0.00484842
 0.00782675 0.0127935 0.0194011 0.0276297 0.0372193 0.0475121 0.057424 0.0657138 0.0714302 0.0742077 0.0742267 0.0719634 0.0679668 0.0627503 0.0567585 0.0503531 0.0438114 0.0373389 0.0310913 0.0251956 0.0197665 0.014913 0.0107352 0.0073087 0.00466256
 0.00785167 0.0128344 0.0194628 0.0277154 0.0373287 0.0476382 0.0575523 0.0658243 0.0715043 0.0742353 0.0742104 0.0719174 0.0679105 0.0627018 0.0567291 0.0503451 0.0438184 0.0373481 0.0310869 0.0251634 0.0196977 0.0148081 0.0106053 0.00717208 0.00453847
 0.00786946 0.0128582 0.0194896 0.02774 0.0373458 0.0476462 0.0575542 0.0658267 0.0715126 0.0742504 0.0742275 0.0719302 0.0679156 0.0627016 0.0567303 0.0503549 0.0438394 0.0373763 0.0311125 0.0251741 0.0196834 0.0147654 0.010539 0.00709406 0.00446261
 0.00788541 0.0128804 0.0195157 0.027765 0.037363 0.0476484 0.0575367 0.0657888 0.0714593 0.0741919 0.0741764 0.0718969 0.0679047 0.0627115 0.056756 0.0503913 0.0438828 0.0374232 0.0311576 0.0252097 0.0197018 0.0147619 0.0105149 0.00705623 0.00442068
 0.0078826 0.0128753 0.019507 0.027751 0.0373415 0.0476172 0.0574942 0.0657348 0.0713957 0.0741236 0.0741116 0.0718457 0.0678769 0.0627132 0.0567877 0.0504477 0.0439555 0.0375028 0.0312352 0.0252773 0.0197527 0.0147922 0.0105245 0.00704946 0.00440468
 0.00787566 0.0128605 0.0194785 0.0277015 0.037265 0.0475121 0.0573659 0.0655957 0.0712622 0.0740109 0.0740306 0.0718021 0.0678723 0.0627466 0.0568559 0.0505451 0.0440735 0.0376309 0.031362 0.0253922 0.0198474 0.0148618 0.0105686 0.00707168 0.00441141
 0.00790427 0.0129011 0.0195282 0.0277533 0.0373083 0.0475354 0.0573592 0.065553 0.0711836 0.0739039 0.0739091 0.0716834 0.0677723 0.0626768 0.0568219 0.0505469 0.0441071 0.0376887 0.0314342 0.0254682 0.0199172 0.0149183 0.0106083 0.00709517 0.00442222
 0.0079029 0.0129003 0.0195295 0.0277581 0.0373172 0.047546 0.0573655 0.0655464 0.0711559 0.073851 0.0738336 0.0715946 0.0676842 0.0626037 0.0567751 0.0505327 0.0441257 0.0377352 0.0315001 0.025543 0.0199907 0.014982 0.0106571 0.00712805 0.00444136
 0.00788472 0.0128708 0.0194854 0.0276973 0.0372397 0.0474556 0.0572704 0.0654577 0.0710839 0.0738013 0.0738056 0.0715832 0.0676842 0.0626129 0.0567952 0.0505675 0.0441784 0.0378059 0.0315848 0.0256343 0.0200796 0.0150603 0.0107193 0.00717242 0.00446955
 0.0078428 0.0128025 0.0193827 0.0275534 0.0370516 0.0472272 0.0570158 0.0652011 0.0708554 0.0736296 0.0737103 0.0715712 0.0677485 0.0627372 0.0569596 0.0507539 0.0443732 0.0380001 0.031772 0.0258083 0.020234 0.0151894 0.0108198 0.00724419 0.00451625
 0.00782364 0.0127667 0.0193203 0.0274525 0.0369012 0.0470227 0.0567628 0.0649179 0.0705698 0.0733736 0.0735141 0.0714571 0.0677281 0.0628087 0.057109 0.0509593 0.0446101 0.0382466 0.0320108 0.0260274 0.0204249 0.0153468 0.0109413 0.00733125 0.00457345
 0.00780512 0.0127374 0.0192772 0.0273926 0.0368207 0.0469167 0.0566268 0.0647497 0.070373 0.0731605 0.0733054 0.071279 0.0676062 0.0627617 0.0571443 0.0510712 0.0447823 0.0384564 0.0322345 0.0262443 0.0206198 0.0155098 0.0110683 0.00742287 0.00463416
 0.00777509 0.0126862 0.0191961 0.0272728 0.0366565 0.0467091 0.0563868 0.0644969 0.0701307 0.0729487 0.0731375 0.0711627 0.0675466 0.0627642 0.0572133 0.0512067 0.044977 0.0386947 0.032495 0.0265037 0.0208573 0.0157109 0.0112257 0.00753645 0.00470941
 0.00773357 0.0126191 0.019096 0.0271329 0.0364722 0.0464803 0.0561201 0.064208 0.069843 0.0726892 0.0729317 0.0710291 0.0674945 0.0627934 0.0573173 0.051376 0.0452001 0.0389576 0.0327798 0.0267895 0.0211232 0.0159396 0.0114072 0.0076688 0.00479766
 0.00933116 0.0148538 0.0217897 0.0298961 0.0388174 0.0480027 0.0566403 0.0637985 0.0687452 0.0711913 0.0712794 0.0693929 0.0659769 0.0614488 0.0561691 0.0504282 0.0444447 0.0383793 0.0323581 0.0265001 0.0209389 0.0158325 0.0113518 0.00764424 0.00478919
 0.00931269 0.0151204 0.0227134 0.0319385 0.042328 0.0529472 0.0624286 0.0693809 0.0729853 0.0733143 0.0711278 0.0673681 0.0627622 0.0577183 0.0524208 0.0469563 0.0413888 0.0357864 0.0302277 0.0248071 0.0196438 0.0148853 0.0106946 0.00721529 0.00452808
 0.00896459 0.0145741 0.0219497 0.0310099 0.0414119 0.0523816 0.0626708 0.070844 0.07579 0.0771057 0.0751195 0.0706403 0.0646452 0.0580245 0.0514135 0.0451333 0.0392483 0.0336914 0.028382 0.023293 0.0184704 0.0140233 0.0100962 0.0068254 0.0042914
 0.00880774 0.0143049 0.0215192 0.0303671 0.0405236 0.0512674 0.0614464 0.0697494 0.0751678 0.0773052 0.0763398 0.0727843 0.067288 0.0605524 0.0532721 0.0460394 0.0392461 0.0330511 0.0274361 0.0223119 0.0176155 0.0133593 0.00962476 0.0065164 0.00410431
 0.00872737 0.0141707 0.0213096 0.0300569 0.0400858 0.0506794 0.0607017 0.0688757 0.0742487 0.0764944 0.0758513 0.0728369 0.0680087 0.0618824 0.0549451 0.0476689 0.0404828 0.0337177 0.0275614 0.0220648 0.0171997 0.0129338 0.00927628 0.00627024 0.00394969
 0.00870488 0.0141318 0.0212464 0.0299589 0.0399408 0.0504735 0.0604217 0.0685115 0.0737987 0.0759766 0.0753179 0.0723853 0.0677713 0.0619848 0.055441 0.0484888 0.0414403 0.0345815 0.0281549 0.0223301 0.0171934 0.0127711 0.00906802 0.00608733 0.00381937
 0.00868734 0.0141 0.0211923 0.0298732 0.0398146 0.0503019 0.060206 0.0682585 0.0735181 0.0756775 0.0750103 0.0720872 0.0675202 0.0618411 0.0554749 0.0487465 0.0419073 0.03517 0.0287327 0.0227776 0.0174525 0.0128562 0.00903924 0.0060115 0.00374328
 0.00870321 0.0141272 0.0212353 0.0299355 0.0398956 0.0503937 0.0602913 0.0683131 0.073517 0.0756033 0.0748581 0.0718666 0.0672542 0.0615666 0.0552409 0.0486065 0.0419009 0.0353012 0.0289602 0.0230292 0.0176573 0.0129752 0.00907413 0.00599133 0.00370202
 0.00869274 0.0141129 0.0212188 0.0299206 0.0398878 0.0503985 0.0603128 0.0683508 0.0735641 0.0756457 0.0748773 0.0718451 0.0671826 0.0614492 0.0550976 0.0484703 0.041809 0.0352818 0.029019 0.0231441 0.0177881 0.013083 0.00913829 0.0060131 0.00369657
 0.00866226 0.0140648 0.0211495 0.0298286 0.039775 0.0502721 0.0601856 0.0682405 0.0734886 0.0756174 0.0748972 0.0719023 0.0672572 0.0615195 0.0551485 0.0484995 0.041828 0.0353098 0.0290723 0.0232264 0.0178878 0.0131794 0.00921295 0.00605844 0.0037163
 0.00864044 0.014029 0.0210953 0.0297518 0.0396733 0.0501466 0.0600428 0.068093 0.0733537 0.075513 0.0748386 0.0718969 0.0673029 0.0616042 0.055254 0.0486075 0.0419269 0.0353977 0.0291547 0.0233099 0.0179733 0.0132608 0.00928126 0.0061072 0.00374508
 0.00864244 0.0140304 0.0210937 0.0297437 0.0396541 0.0501121 0.0599901 0.0680221 0.0732679 0.0754198 0.0747485 0.0718229 0.0672565 0.0615925 0.0552767 0.0486574 0.0419927 0.0354688 0.0292249 0.0233771 0.0180372 0.0133199 0.00933188 0.00614588 0.00377065
 0.00865171 0.0140461 0.0211182 0.029779 0.0397006 0.0501665 0.060045 0.0680663 0.0732894 0.0754097 0.074705 0.0717513 0.0671688 0.0615035 0.0552007 0.0486038 0.0419646 0.0354635 0.0292364 0.0233993 0.0180651 0.0133495 0.00935969 0.00616899 0.00378736
 0.00862541 0.0140077 0.0210686 0.0297222 0.039643 0.0501158 0.0600081 0.0680478 0.0732905 0.0754271 0.0747309 0.0717768 0.0671866 0.0615113 0.0552014 0.048604 0.041971 0.0354803 0.0292639 0.0234345 0.0181036 0.0133868 0.00939233 0.00619485 0.0038058
 0.00862136 0.013997 0.0210453 0.029679 0.0395744 0.0500219 0.0598978 0.0679377 0.0732001 0.0753717 0.0747171 0.0718007 0.0672371 0.0615748 0.0552663 0.0486636 0.042024 0.0355287 0.0293105 0.0234806 0.0181483 0.0134278 0.00942722 0.00622202 0.00382499
 0.00862136 0.013997 0.0210453 0.029679 0.0395744 0.0500219 0.0598978 0.0679377 0.0732001 0.0753717 0.0747171 0.0718007 0.0672371 0.0615748 0.0552663 0.0486636 0.042024 0.0355287 0.0293105 0.0234806 0.0181483 0.0134278 0.00942722 0.00622202 0.00382499
 0.00905199 0.0146783 0.0220318 0.0309986 0.0412111 0.0518954 0.0618504 0.0697475 0.0746285 0.0762299 0.0749157 0.071362 0.0662707 0.0602375 0.0537241 0.0470651 0.0404861 0.0341334 0.0281072 0.0224919 0.0173752 0.0128548 0.00902685 0.00596013 0.00366581
 0.00918593 0.0149364 0.0224936 0.031759 0.0423524 0.0534449 0.0637413 0.0718099 0.0766196 0.0778909 0.0760311 0.0718016 0.0660093 0.0593501 0.0523606 0.0454123 0.0387296 0.0324291 0.0265679 0.0211851 0.0163288 0.012065 0.0084672 0.00558986 0.00343861
 0.00879933 0.0143322 0.0216359 0.0306482 0.0410452 0.0520729 0.062515 0.070984 0.0764169 0.0784141 0.0772115 0.0734169 0.0677591 0.0609484 0.0536071 0.0462217 0.0391219 0.0324938 0.0264216 0.0209372 0.0160617 0.011829 0.0082846 0.00546305 0.00335886
 0.00867852 0.0140898 0.0211884 0.0298955 0.0399037 0.0505257 0.060657 0.0690327 0.0746744 0.0771913 0.0767434 0.0737957 0.0689065 0.0626378 0.0555311 0.0480806 0.0406967 0.0336806 0.0272219 0.02142 0.0163211 0.0119516 0.0083342 0.00547929 0.00336243
 0.0087539 0.0141942 0.021308 0.0299957 0.0399251 0.0503865 0.0602662 0.0683202 0.0736339 0.0759172 0.0754341 0.0727094 0.0682793 0.0626019 0.0560691 0.0490382 0.0418445 0.0347941 0.0281446 0.0220872 0.0167457 0.0121898 0.00845148 0.00552936 0.00338051
 0.00906542 0.0146946 0.0220464 0.0310035 0.0411976 0.0518578 0.06179 0.0696766 0.0745732 0.0762316 0.0750285 0.0716414 0.0667522 0.0609086 0.0545045 0.0478123 0.0410335 0.0343477 0.0279397 0.0219949 0.0166772 0.0121089 0.00835966 0.00544254 0.00331183
 0.00879176 0.0143003 0.0215489 0.0304576 0.0406872 0.0514784 0.0616272 0.0697837 0.0749492 0.0768065 0.0756693 0.0721883 0.0670757 0.0609615 0.0543403 0.0475568 0.0408247 0.0342754 0.0280172 0.0221722 0.0168815 0.0122824 0.00847713 0.00550695 0.00333976
 0.00874816 0.0141946 0.0213288 0.0300621 0.0400734 0.0506584 0.060694 0.0689016 0.0743048 0.0765406 0.0758252 0.0726993 0.0677941 0.0617134 0.054985 0.0480281 0.0411365 0.034493 0.0282099 0.0223775 0.0170967 0.0124816 0.00863557 0.00561486 0.00340288
 0.00907856 0.0147155 0.0220772 0.0310476 0.0412604 0.0519489 0.0619246 0.0698739 0.0748492 0.0765848 0.075423 0.0719976 0.0669605 0.0608704 0.0541846 0.0472703 0.0404095 0.0338037 0.0275893 0.0218632 0.0167102 0.0122186 0.00847139 0.00551859 0.00334836
 0.00900451 0.0146393 0.0220444 0.0311281 0.04153 0.0524582 0.0626688 0.0707787 0.0757814 0.0773849 0.0759505 0.0721748 0.0667947 0.0604428 0.0536099 0.0466509 0.0398094 0.0332517 0.0270979 0.0214436 0.0163739 0.0119705 0.00830451 0.00541619 0.00329049
 0.00883063 0.0143479 0.0215946 0.030489 0.0407035 0.0515056 0.0617242 0.0700279 0.0754025 0.0774759 0.0764865 0.0730187 0.0677547 0.0613435 0.0543415 0.0471804 0.0401595 0.0334674 0.0272223 0.0215092 0.0164044 0.011983 0.00831048 0.00542109 0.00329544
#pred catch len freq
 0.00456018 0.00724529 0.0106252 0.0146358 0.0192315 0.0243565 0.029873 0.0355377 0.0410559 0.0461586 0.0506485 0.054412 0.0574149 0.0596758 0.0612154 0.0620077 0.0619616 0.060941 0.0588012 0.0554171 0.0507053 0.0446697 0.0374911 0.0296153 0.0217437
 0.00479005 0.00751997 0.0108606 0.0147059 0.0190188 0.0238216 0.0290996 0.0347109 0.0403741 0.0457303 0.0504361 0.0542567 0.0571244 0.0591283 0.0604307 0.0611568 0.06131 0.0607446 0.0591967 0.0563584 0.0519811 0.0459939 0.0386173 0.0304155 0.0222177
 0.00514067 0.00806092 0.0116129 0.0156498 0.0200758 0.024845 0.0298881 0.0350637 0.0401784 0.0450292 0.0494193 0.0531621 0.0561146 0.0582277 0.0595663 0.0602639 0.0604226 0.0600066 0.0587887 0.0563911 0.052424 0.0466863 0.0393481 0.0310169 0.0226173
 0.00540753 0.00849341 0.0122621 0.0165635 0.0212893 0.0263604 0.0316452 0.036914 0.0418851 0.0463119 0.0500399 0.0530163 0.0552725 0.0568901 0.0579636 0.0585713 0.0587474 0.0584344 0.0574246 0.0553464 0.0517618 0.046378 0.0392842 0.0310634 0.0226738
 0.00565435 0.00888181 0.0128253 0.0173312 0.0222911 0.0276275 0.033201 0.0387518 0.0439378 0.048426 0.0519726 0.0544759 0.0559985 0.0567428 0.0569725 0.0569134 0.0566734 0.0561953 0.0552348 0.0533766 0.0501318 0.0451415 0.0384216 0.0305008 0.0223206
 0.00590922 0.0092812 0.0133997 0.0181021 0.0232726 0.0288272 0.0346184 0.0403749 0.0457383 0.0503505 0.0539261 0.0563035 0.0574843 0.057644 0.0570876 0.0561557 0.0551094 0.0540272 0.0527404 0.0508409 0.0477946 0.0431658 0.0368815 0.0293896 0.0215755
 0.00623133 0.00977785 0.014098 0.0190129 0.0243939 0.0301491 0.0361229 0.0420317 0.0475016 0.05216 0.0557093 0.0579731 0.0589295 0.0587209 0.0576258 0.0559921 0.054146 0.0522851 0.0503783 0.0481242 0.0450298 0.0406281 0.0347618 0.0277715 0.0204453
 0.00662123 0.0103766 0.0149346 0.020093 0.0257033 0.0316593 0.0377925 0.0438047 0.0493088 0.0539254 0.0573585 0.0594369 0.060141 0.0596063 0.0580932 0.0559299 0.0534432 0.050876 0.0482942 0.0455218 0.0421726 0.0378239 0.0322822 0.0257894 0.0190114
 0.007056 0.0110507 0.0158885 0.0213441 0.0272459 0.0334648 0.0398051 0.0459375 0.0514483 0.0559466 0.0591437 0.0608914 0.0611995 0.0602291 0.0582517 0.0555896 0.0525552 0.0493926 0.0462085 0.0429148 0.0392362 0.0348358 0.0295364 0.0235141 0.0173139
