SBPRF35
7.78865
Curr Bio
616054
B35
651329
F35
0.226329
FOFL
0.226329
OFL
113684
Bzero
2.22533e+006
#pred survey bio
 3.60997e+006 3.25766e+006 2.89829e+006 2.56085e+006 2.2145e+006 1.95468e+006 1.71199e+006 1.49143e+006 1.29779e+006 1.15622e+006 1.02721e+006 904141 811053 751661 705706 669240 640786 622109 604180 587223 578751 561424 550485 548648 556163 561951 558214 553595 551493 553156 542486 532609 523471 512113 509954 518904 528838 534859 540996 554956 564960 561789 570276 566020 562473 560681 566664 568134 568815 567944 555904 541307 538128 537061 526051 544432 579893 615993 1.53945e+007 1.4434e+007 1.47964e+007 1.52224e+007 1.56651e+007 1.60728e+007 1.64201e+007 1.67013e+007 1.69213e+007 1.70895e+007 1.72164e+007 1.73113e+007 1.73822e+007 1.74351e+007 1.74746e+007 1.75042e+007 1.75265e+007 1.75433e+007 1.75561e+007 1.75658e+007 1.75732e+007 1.75789e+007 1.75832e+007 1.75866e+007 1.75891e+007 1.75911e+007 1.75926e+007 1.75938e+007 1.75947e+007 1.75954e+007 1.75959e+007 1.75963e+007 1.75967e+007 1.75969e+007 1.75971e+007 1.75972e+007 1.75974e+007 1.75975e+007 1.75975e+007 1.75976e+007 1.75976e+007 1.75977e+007 1.75977e+007 1.75977e+007 1.75977e+007 1.75977e+007 1.75977e+007 1.75977e+007 1.75977e+007 1.75977e+007 1.75978e+007 1.75978e+007 1.75978e+007 1.75978e+007 1.75978e+007 1.75978e+007 1.75978e+007 1.75978e+007 1.75978e+007 1.75978e+007 1.75978e+007 1.75978e+007 1.75978e+007 1.75978e+007 1.75978e+007 1.75978e+007 1.75978e+007 1.75978e+007 1.75978e+007 1.75978e+007 1.75978e+007 1.75978e+007 1.75978e+007 1.75978e+007 1.75978e+007 1.75978e+007 1.75978e+007 1.75978e+007 1.75978e+007 1.75978e+007 1.75978e+007 1.75978e+007 1.75978e+007 1.75978e+007 1.75978e+007 1.75978e+007 1.75978e+007 1.75978e+007 1.75978e+007 1.75978e+007 1.75978e+007 1.75978e+007 1.75978e+007 1.75978e+007 1.75978e+007 1.75978e+007 1.75978e+007 1.75978e+007 1.75978e+007 1.75978e+007 0 0 0 0 0 0 0 0 0 0 0 0 0 0 0 0 0 0 0 0 0 0 0 0 0
#obs survey bio
 2.2428e+006 3.05287e+006 3.07288e+006 3.07638e+006 1.94129e+006 1.86624e+006 1.46038e+006 1.78795e+006 979613 897102 815580 828908 910542 715483 455111 586091 461960 448240 530549 531297 540324 481216 763971 468346 504858 433496 433696 526073 620728 430636 589497 727162 603095 494971 547061 451884 538626 621640 457447 697077 561877 579696 680283 569184 434921 530537 510158 486337 648549 742314 810229 493739 509767 554915 474680 597318 499435 1.07661e+006
#pred catch bio
 229254 271010 287106 327933 277711 285204 283716 273823 238206 233455 230362 204002 173773 160491 149222 138375 126903 123577 119997 110695 116314 109228 100802 93121.3 94576.9 101357 100235 95803.1 89695.2 96450.6 91809.7 89810.3 94484.3 91079.6 84964.4 85766.1 89240.2 88807.6 82864.5 87486.1 99101.2 89508 100446 99810.7 98658.3 92561.9 96688.7 97198.2 97962.2 106294 107409 98350.5 98954.8 110088 89387.5 81357.7 87587 78772.2 113684 116189 118159 120480 123118 125578 127616 129185 130334 131146 131704 132079 132326 132488 132593 132660 132702 132729 132746 132757 132763 132768 132770 132772 132773 132773 132774 132774 132774 132774 132774 132774 132774 132774 132774 132774 132774 132774 132774 132774 132774 132774 132774 132774 132774 132774 132774 132774 132774 132774 132774 132774 132774 132774 132774 132774 132774 132774 132774 132774 132774 132774 132774 132774 132774 132774 132774 132774 132774 132774 132774 132774 132774 132774 132774 132774 132774 132774 132774 132774 132774 132774 132774 132774 132774 132774 132774 132774 132774 132774 132774 132774 132774 132774 132774 132774 132774 132774 132774 132774 0 0 0 0 0 0 0 0 0 0 0 0 0 0 0 0 0 0 0 0 0 0 0 0 0
#obs catch bio
 253135 272173 287866 331090 279056 288396 286642 277676 242114 238838 234759 208100 176501 162963 152767 139864 128365 125143 121195 111401 117533 110394 101821 94136.9 95800 102607 101138 97040.5 90175.7 97141.1 92018.2 89754.1 94518.8 91047.9 84948.3 85730.9 89103.9 88385.2 82352.5 87091.4 99077 89142.7 100061 99372.3 98731 92456.1 96679.8 97165.5 97676.2 105779 106788 97713.2 98075.1 109972 89239.8 81272.3 88026 78655.2
#pred cpue bio
 3.54151e+006 3.19096e+006 2.83365e+006 2.49798e+006 2.15458e+006 1.89673e+006 1.65611e+006 1.43769e+006 1.24608e+006 1.10598e+006 979067 858546 767607 709836 665420 630721 603918 586224 569219 553184 545256 528651 518146 516413 523719 529612 526449 522363 520972 523492 514060 505180 495847 483053 479543 487983 497943 504195 510355 523729 533209 530045 538265 534164 530557 528652 534448 535947 536708 536054 524526 510216 506554 504667 493053 509830 543211 577299 1.44647e+007 1.35914e+007 1.39299e+007 1.43171e+007 1.47451e+007 1.51494e+007 1.54962e+007 1.57773e+007 1.59972e+007 1.61654e+007 1.62923e+007 1.63873e+007 1.64581e+007 1.6511e+007 1.65505e+007 1.65801e+007 1.66024e+007 1.66193e+007 1.6632e+007 1.66418e+007 1.66492e+007 1.66548e+007 1.66592e+007 1.66625e+007 1.66651e+007 1.6667e+007 1.66686e+007 1.66697e+007 1.66706e+007 1.66713e+007 1.66719e+007 1.66723e+007 1.66726e+007 1.66728e+007 1.6673e+007 1.66732e+007 1.66733e+007 1.66734e+007 1.66735e+007 1.66735e+007 1.66736e+007 1.66736e+007 1.66736e+007 1.66736e+007 1.66736e+007 1.66737e+007 1.66737e+007 1.66737e+007 1.66737e+007 1.66737e+007 1.66737e+007 1.66737e+007 1.66737e+007 1.66737e+007 1.66737e+007 1.66737e+007 1.66737e+007 1.66737e+007 1.66737e+007 1.66737e+007 1.66737e+007 1.66737e+007 1.66737e+007 1.66737e+007 1.66737e+007 1.66737e+007 1.66737e+007 1.66737e+007 1.66737e+007 1.66737e+007 1.66737e+007 1.66737e+007 1.66737e+007 1.66737e+007 1.66737e+007 1.66737e+007 1.66737e+007 1.66737e+007 1.66737e+007 1.66737e+007 1.66737e+007 1.66737e+007 1.66737e+007 1.66737e+007 1.66737e+007 1.66737e+007 1.66737e+007 1.66737e+007 1.66737e+007 1.66737e+007 1.66737e+007 1.66737e+007 1.66737e+007 1.66737e+007 1.66737e+007 1.66737e+007 1.66737e+007 1.66737e+007 1.66737e+007 1.66737e+007 0 0 0 0 0 0 0 0 0 0 0 0 0 0 0 0 0 0 0 0 0 0 0 0 0
#obs cpue bio
 1.86742e+006 2.9908e+006 2.89614e+006 1.38946e+006 2.40721e+006 1.26272e+006 1.98043e+006 862110 977432 827611 1.37189e+006 642188 591452 606226 467730 1.1846e+006 618352 647116 664348 596375 455497 482078 311931 425920 424021 683635 711931 341455 630228 643796 583908 443706 444315 513133 414985 585782 569808 599006 670539 397194 467417 566765 553186 552461 495970 592944 600474 630346 566157 528637 419203 594969 689557 366092 483033 425026 445761 454956
#pred surv len freq
 0.00513417 0.00829779 0.0124204 0.0174679 0.0233236 0.0297148 0.0361704 0.0421155 0.0470711 0.0508061 0.0533406 0.0548502 0.0555675 0.0557192 0.0554877 0.0549896 0.0542762 0.053342 0.0521114 0.0503952 0.0478596 0.0440912 0.0388015 0.032088 0.0245582
 0.00551226 0.00885113 0.0131456 0.018339 0.0243211 0.0308594 0.0375312 0.0437708 0.049035 0.0529635 0.0554409 0.0565752 0.0566402 0.0559974 0.0549977 0.0538941 0.0527985 0.0516824 0.050389 0.0486381 0.0460462 0.0422168 0.0369283 0.0303433 0.0230829
 0.00572578 0.00923763 0.0137959 0.0193509 0.0257651 0.0327337 0.0397354 0.0461278 0.051358 0.0551215 0.0573698 0.0582262 0.0579177 0.0567477 0.0550648 0.0532005 0.0513916 0.049716 0.0480587 0.0461174 0.0434624 0.0396716 0.0345313 0.0282214 0.0213513
 0.00595947 0.00960464 0.0143291 0.020085 0.0267451 0.0340182 0.0413816 0.0481562 0.0537106 0.0576438 0.0598372 0.0604068 0.0596289 0.0578719 0.0555263 0.0529446 0.0503945 0.0480155 0.0457713 0.0434222 0.0405662 0.0367798 0.0318345 0.0258826 0.019484
 0.00634015 0.010203 0.0151909 0.0212388 0.028198 0.0357521 0.0433507 0.0502917 0.0559334 0.0598743 0.0619897 0.0623718 0.0612664 0.0590274 0.056063 0.0527679 0.0494609 0.0463365 0.0434213 0.0405472 0.0373787 0.033535 0.0287908 0.0232574 0.0174129
 0.0066244 0.0106619 0.0158758 0.0221951 0.0294571 0.0373176 0.0451844 0.0523091 0.0580177 0.0619028 0.0638585 0.0640052 0.0626066 0.0600141 0.0566177 0.0527961 0.0488731 0.0450779 0.0415003 0.0380554 0.0344952 0.0305082 0.025895 0.020734 0.0154169
 0.00693791 0.011163 0.0166148 0.023215 0.0307881 0.0389674 0.0471236 0.0544616 0.0602623 0.0640899 0.0658347 0.0656388 0.0638068 0.0607347 0.0568433 0.0525177 0.0480708 0.0437245 0.0395884 0.0356345 0.0316995 0.0275553 0.0230486 0.0182397 0.013439
 0.00729639 0.0117318 0.0174451 0.0243461 0.032242 0.0407397 0.0491717 0.0566975 0.0625589 0.0662982 0.0678041 0.0672348 0.064925 0.0613113 0.0568572 0.0519812 0.0470115 0.0421701 0.0375694 0.0332065 0.0289738 0.0247134 0.0203207 0.0158503 0.0115433
 0.00763208 0.0122734 0.0182524 0.0254716 0.0337207 0.0425729 0.0513095 0.0590323 0.0649377 0.0685491 0.0697648 0.0687716 0.0659428 0.0617566 0.0567166 0.0512747 0.0457819 0.0404721 0.0354654 0.0307753 0.0263288 0.0220152 0.0177657 0.0136291 0.00978789
 0.00777702 0.0125232 0.0186554 0.0260845 0.0345991 0.0437553 0.0527985 0.0607822 0.0668549 0.0705035 0.0716076 0.0703556 0.0671418 0.0624802 0.0569163 0.0509418 0.0449394 0.0391667 0.0337623 0.0287609 0.0241181 0.0197561 0.0156277 0.0117717 0.00832026
 0.00798801 0.012854 0.0191321 0.0267271 0.0354233 0.0447727 0.0540116 0.0621745 0.0683811 0.0720854 0.0731377 0.0717108 0.0682025 0.0631494 0.0571323 0.0506814 0.0442147 0.0380179 0.032253 0.0269774 0.0221719 0.0177833 0.0137764 0.0101754 0.00706632
 0.00820783 0.0132158 0.0196839 0.0275135 0.0364737 0.0460838 0.0555329 0.0638084 0.0700033 0.0735743 0.0743965 0.0726729 0.0688248 0.0634039 0.0570034 0.050168 0.0433325 0.0368021 0.0307586 0.0252809 0.0203722 0.0159985 0.012131 0.0087769 0.00598037
 0.00840954 0.013528 0.0201257 0.0280962 0.0372033 0.0469637 0.0565594 0.0649607 0.0712323 0.0747993 0.0755157 0.0735845 0.0694497 0.0636985 0.0569574 0.0497935 0.0426537 0.0358511 0.0295789 0.0239326 0.018936 0.0145722 0.010817 0.00766289 0.00511811
 0.00848574 0.0136522 0.0203131 0.0283603 0.0375534 0.0474006 0.0570738 0.065535 0.0718474 0.0754394 0.0761652 0.074218 0.0700242 0.064156 0.0572379 0.0498504 0.0424632 0.0354139 0.0289183 0.0230929 0.0179821 0.0135854 0.00988396 0.00685858 0.00448918
 0.00836596 0.0134928 0.0201386 0.0282164 0.0374955 0.047475 0.0573012 0.0659054 0.0723268 0.075983 0.0767302 0.0747703 0.0705377 0.064607 0.0575981 0.0500854 0.0425383 0.0353045 0.0286194 0.0226244 0.0173886 0.0129306 0.00923963 0.0062889 0.00403643
 0.00844177 0.0135749 0.0201888 0.0281808 0.0373274 0.0471673 0.0569071 0.0655294 0.0720857 0.075958 0.0769381 0.0751682 0.0710503 0.0651556 0.0581182 0.050528 0.0428661 0.0354889 0.0286435 0.0224896 0.0171189 0.0125713 0.00884828 0.0059211 0.00373256
 0.00856455 0.0137609 0.0204406 0.028484 0.0376457 0.0474411 0.057062 0.0654995 0.0718473 0.0755552 0.0764781 0.0747805 0.0708333 0.0651421 0.0582752 0.050784 0.0431414 0.0357167 0.0287782 0.0225096 0.0170268 0.0123917 0.0086209 0.00568933 0.00353134
 0.00854711 0.0137457 0.0204416 0.0285214 0.0377389 0.0475971 0.0572651 0.0657079 0.0720012 0.0755969 0.0763771 0.0745535 0.0705447 0.0648809 0.058118 0.0507638 0.0432401 0.03588 0.028942 0.0226224 0.0170621 0.0123499 0.00852313 0.00556661 0.00341278
 0.00857149 0.0137757 0.0204699 0.028538 0.037737 0.0475812 0.0572535 0.0657267 0.0720686 0.0757078 0.0764989 0.0746383 0.0705541 0.064808 0.0579926 0.0506374 0.0431588 0.0358627 0.0289754 0.0226729 0.0170956 0.0123467 0.00848261 0.00550251 0.0033436
 0.00864532 0.0138844 0.0206118 0.0287025 0.0379059 0.0477318 0.0573639 0.0657818 0.0720665 0.075662 0.0764324 0.0745712 0.0704919 0.0647409 0.0579072 0.050531 0.0430448 0.0357631 0.0289061 0.0226346 0.017075 0.0123271 0.00845359 0.00546371 0.00330166
 0.00866023 0.0139066 0.0206413 0.028737 0.0379407 0.0477592 0.0573743 0.0657652 0.0720166 0.0755806 0.0763321 0.0744734 0.0704194 0.0647084 0.0579147 0.0505661 0.0430913 0.0358095 0.0289487 0.0226735 0.0171091 0.0123522 0.00846576 0.00546266 0.00329129
 0.00873527 0.0140267 0.020818 0.0289786 0.0382484 0.0481232 0.0577692 0.06615 0.0723413 0.0757975 0.0764086 0.0744003 0.0702133 0.0644068 0.0575651 0.0502129 0.0427662 0.0355296 0.0287196 0.0224939 0.016974 0.0122542 0.00839631 0.00541379 0.00325703
 0.00882538 0.0141563 0.0209822 0.0291632 0.0384356 0.0482996 0.0579309 0.0663008 0.0724849 0.0759299 0.0765142 0.0744565 0.0701995 0.0643137 0.0574 0.0499975 0.0425299 0.0353001 0.0285167 0.0223277 0.016846 0.0121608 0.00833103 0.00536972 0.00322813
 0.00885117 0.0141955 0.0210353 0.0292273 0.0385032 0.0483582 0.0579652 0.0662985 0.072444 0.0758636 0.0764477 0.0744154 0.0701967 0.0643431 0.0574413 0.0500283 0.0425361 0.0352804 0.0284792 0.0222836 0.0168047 0.012127 0.00830595 0.00535217 0.00321629
 0.00866134 0.0139194 0.0206803 0.0288212 0.0380867 0.0479721 0.0576401 0.0660518 0.072283 0.0757904 0.0764632 0.0745208 0.070391 0.0646185 0.0577781 0.0503954 0.0428975 0.0356045 0.0287467 0.0224892 0.0169534 0.0122292 0.00837277 0.0053934 0.00323996
 0.00854412 0.0137256 0.0203846 0.0284034 0.0375422 0.0473253 0.056952 0.0654125 0.0717865 0.0755034 0.0764067 0.0746725 0.0707044 0.0650424 0.0582684 0.050915 0.0434134 0.0360864 0.0291692 0.0228361 0.01722 0.0124211 0.00850216 0.00547497 0.0032878
 0.00851045 0.0136746 0.0203138 0.0283098 0.0374197 0.0471622 0.0567339 0.065131 0.0714518 0.0751518 0.0760947 0.0744581 0.0706254 0.0651051 0.0584506 0.0511802 0.0437232 0.036407 0.0294733 0.0231033 0.0174378 0.0125855 0.00861673 0.00554868 0.00333147
 0.00829923 0.0133722 0.0199343 0.0278927 0.0370178 0.0468235 0.0564854 0.0649736 0.0713664 0.0751114 0.0760781 0.0744605 0.0706601 0.0651955 0.0586161 0.0514238 0.0440287 0.0367452 0.0298115 0.0234131 0.0176996 0.0127899 0.00876406 0.0056464 0.0033909
 0.00816351 0.0131405 0.0195681 0.027357 0.0362983 0.0459487 0.05554 0.0640879 0.0706772 0.0747146 0.0759995 0.0746594 0.0710601 0.0657183 0.059203 0.0520386 0.0446484 0.0373491 0.0303763 0.0239149 0.0181194 0.0131182 0.00900265 0.00580657 0.00348971
 0.00795493 0.0128225 0.0191273 0.0267909 0.0356108 0.0451458 0.0546343 0.0631128 0.0697029 0.073851 0.075375 0.0743816 0.0711759 0.0661985 0.059958 0.052954 0.0456185 0.038294 0.0312426 0.0246688 0.0187415 0.0136022 0.00935474 0.00604422 0.00363744
 0.00797294 0.012828 0.0190923 0.0266762 0.0353781 0.0447739 0.0541316 0.0625152 0.0690598 0.0732112 0.0747841 0.0738901 0.0708429 0.0660808 0.0600868 0.0533174 0.0461622 0.0389396 0.0319106 0.0252953 0.0192838 0.0140382 0.00968028 0.00626881 0.00377975
 0.0086652 0.0138038 0.0202824 0.0279188 0.0364588 0.0454955 0.0543729 0.0622548 0.0683626 0.0721977 0.0735986 0.0726734 0.0697147 0.065131 0.0593747 0.0528716 0.0459781 0.0389798 0.0321126 0.0255863 0.0195974 0.0143254 0.0099132 0.00643878 0.0038919
 0.00930572 0.0148191 0.0217527 0.0298762 0.0388522 0.0481522 0.0569837 0.0644174 0.069694 0.0724667 0.072804 0.0710243 0.0675367 0.0627585 0.057079 0.0508352 0.0442998 0.0376907 0.0311929 0.0249814 0.0192349 0.0141308 0.00982268 0.00640489 0.00388416
 0.00927191 0.0148638 0.0220046 0.0305166 0.0400685 0.0500591 0.0595453 0.0674101 0.0727316 0.075082 0.0745639 0.0716453 0.0669616 0.0611622 0.0547979 0.0482569 0.041764 0.035434 0.0293395 0.0235626 0.0182181 0.013448 0.00939333 0.00615277 0.00374634
 0.00900261 0.014459 0.0214643 0.0298833 0.0394415 0.0496019 0.0594726 0.0679366 0.0739845 0.0770115 0.0769081 0.0739841 0.0688453 0.0622554 0.0549758 0.0476164 0.040559 0.0339726 0.0278924 0.0223108 0.0172442 0.0127567 0.00894261 0.00588211 0.00359667
 0.00880447 0.0141317 0.0209643 0.0291724 0.0385032 0.0484668 0.0582433 0.0667966 0.073175 0.0767731 0.0774002 0.0752103 0.0706204 0.0642425 0.0567892 0.0489482 0.0412696 0.0341054 0.0276175 0.0218376 0.0167477 0.0123422 0.00864719 0.00569727 0.00349384
 0.00864085 0.0138782 0.0206046 0.028696 0.0379032 0.0477384 0.057391 0.0658495 0.0722055 0.0759079 0.0768092 0.0750664 0.0710355 0.0652073 0.0581503 0.0504457 0.0426239 0.035113 0.0282067 0.022062 0.0167317 0.0122164 0.0085058 0.00558672 0.00342416
 0.00868754 0.013925 0.0206215 0.0286378 0.0377217 0.0474016 0.0568968 0.0652275 0.0715061 0.0751905 0.0761411 0.0745294 0.0707269 0.0652187 0.0585273 0.0511496 0.0435257 0.0360321 0.0289779 0.0225921 0.0170166 0.0123165 0.00850199 0.00554534 0.00338292
 0.00882015 0.0141202 0.0208755 0.0289286 0.0380085 0.0476282 0.0569996 0.0651487 0.0712128 0.0746915 0.0754913 0.0738185 0.0700597 0.0646961 0.0582306 0.0511231 0.0437589 0.0364541 0.0294756 0.02305 0.0173574 0.0125194 0.00859174 0.00556601 0.00337387
 0.00876795 0.0140545 0.0208113 0.0288898 0.0380186 0.0476961 0.0571089 0.0652571 0.0712636 0.0746338 0.0752986 0.0735007 0.0696631 0.0642935 0.057903 0.0509399 0.0437588 0.0366329 0.029785 0.0234134 0.0176968 0.0127819 0.00876138 0.00565661 0.0034125
 0.00867637 0.01392 0.0206368 0.0286901 0.0378202 0.0475331 0.0570167 0.0652619 0.0713703 0.0748159 0.075501 0.0736565 0.0697203 0.0642364 0.057759 0.0507679 0.0436265 0.0365912 0.0298505 0.0235656 0.0178906 0.0129687 0.00890781 0.00575209 0.00346438
 0.00869195 0.013945 0.0206741 0.028743 0.0378924 0.0476293 0.0571417 0.0654192 0.0715588 0.0750258 0.0757098 0.0738289 0.0698141 0.0642162 0.0576116 0.0505128 0.0433134 0.0362836 0.0296039 0.0234089 0.0178213 0.0129612 0.00893007 0.00577905 0.00348374
 0.00864124 0.0138603 0.0205428 0.0285534 0.0376384 0.0473168 0.0567937 0.0650769 0.071274 0.0748485 0.0756741 0.073943 0.070056 0.0645376 0.0579511 0.0508142 0.043543 0.0364383 0.0297046 0.0234851 0.0178946 0.013038 0.00900444 0.00584149 0.00352849
 0.00874323 0.0140141 0.0207511 0.0288089 0.0379231 0.047603 0.0570469 0.0652605 0.0713587 0.0748227 0.0755499 0.0737525 0.0698404 0.0643319 0.0577738 0.050665 0.0434098 0.036309 0.0295767 0.0233667 0.0177983 0.0129721 0.00896828 0.00582728 0.0035263
 0.0087484 0.0140363 0.0208095 0.0289282 0.0381252 0.0478947 0.0574095 0.0656491 0.071713 0.0750841 0.0756784 0.0737362 0.0696956 0.0640963 0.0574932 0.0503797 0.0431457 0.0360767 0.0293771 0.0231987 0.0176627 0.0128705 0.00889958 0.00578639 0.00350526
 0.00873342 0.0140122 0.0207748 0.0288849 0.0380822 0.0478705 0.0574311 0.0657436 0.0718939 0.0753384 0.0759646 0.0739966 0.0698771 0.064169 0.0574575 0.0502604 0.0429788 0.0358958 0.0292058 0.0230498 0.0175414 0.0127779 0.00883431 0.00574464 0.00348146
 0.00868385 0.0139307 0.0206509 0.028709 0.0378489 0.047584 0.0571106 0.0654259 0.0716291 0.0751792 0.0759495 0.0741354 0.0701443 0.0645107 0.0578097 0.0505702 0.0432174 0.0360593 0.0293071 0.0231072 0.0175714 0.0127925 0.00884124 0.00574824 0.00348385
 0.00863382 0.0138599 0.0205635 0.0286142 0.0377566 0.0474991 0.0570293 0.0653386 0.0715281 0.0750679 0.0758464 0.0740697 0.0701441 0.0645894 0.0579579 0.0507588 0.0434089 0.0362227 0.0294264 0.0231822 0.0176117 0.0128104 0.0088473 0.00574934 0.00348357
 0.0085765 0.0137717 0.0204403 0.0284574 0.0375739 0.0473052 0.0568451 0.0651866 0.0714254 0.0750192 0.0758443 0.0741014 0.0702015 0.0646732 0.0580738 0.0509081 0.0435823 0.0364009 0.0295878 0.0233114 0.0177037 0.0128691 0.00888117 0.00576732 0.00349253
 0.00855955 0.013741 0.0203885 0.0283759 0.0374559 0.0471492 0.056659 0.0649887 0.0712409 0.074874 0.0757573 0.0740796 0.0702395 0.0647579 0.0581912 0.0510475 0.043736 0.0365607 0.0297427 0.023449 0.0178144 0.0129495 0.00893388 0.00579863 0.00350951
 0.00873176 0.0139961 0.0207257 0.0287769 0.0378879 0.0475722 0.0570313 0.0652715 0.0714031 0.0748986 0.0756459 0.0738524 0.0699299 0.0644042 0.0578291 0.0507056 0.0434345 0.0363112 0.0295485 0.0233059 0.0177135 0.0128802 0.00888699 0.0057675 0.00348963
 0.00904377 0.0144664 0.0213637 0.0295639 0.0387795 0.0485035 0.0579229 0.0660357 0.0719571 0.0751806 0.0756302 0.0735537 0.0693965 0.0637056 0.057042 0.0499024 0.0426744 0.0356357 0.028981 0.0228538 0.0173712 0.012634 0.00871904 0.00565922 0.00342406
 0.0092536 0.0147941 0.0218308 0.0301782 0.03953 0.0493554 0.058813 0.0668768 0.072653 0.0756494 0.0758227 0.0734604 0.0690434 0.0631442 0.0563384 0.0491272 0.0418939 0.0349052 0.0283398 0.022324 0.0169585 0.0123312 0.00851009 0.00552415 0.00334266
 0.00939114 0.0150165 0.0221628 0.0306413 0.0401366 0.0501006 0.0596653 0.0677741 0.0735084 0.0763666 0.076315 0.0736681 0.0689452 0.0627597 0.0557217 0.0483544 0.0410479 0.0340631 0.027564 0.0216568 0.0164215 0.0119266 0.00822535 0.00533763 0.00322946
 0.00963088 0.0153904 0.0226958 0.0313457 0.0410101 0.0511226 0.0607919 0.0689337 0.0746061 0.0772961 0.0769761 0.0739838 0.0688761 0.062312 0.0549472 0.0473398 0.0398993 0.0328875 0.0264543 0.0206818 0.0156212 0.0113129 0.00778676 0.00504668 0.00305117
 0.00970073 0.0154835 0.0227991 0.0314369 0.0410676 0.0511396 0.0607867 0.0689489 0.0746936 0.0774963 0.0772986 0.0743985 0.0693174 0.0626961 0.0551956 0.0474024 0.0397671 0.0325919 0.026054 0.0202446 0.0152069 0.0109623 0.00751845 0.00486005 0.00293304
 0.00960653 0.0153433 0.0226115 0.0312068 0.0408027 0.0508458 0.0604689 0.0686182 0.0743786 0.0772482 0.0771828 0.074472 0.069602 0.0631618 0.0557651 0.0479745 0.0402486 0.0329236 0.0262218 0.020273 0.0151426 0.0108554 0.00740818 0.00476911 0.00286899
 0.0091442 0.014683 0.021787 0.0303079 0.03995 0.0501498 0.059996 0.0683813 0.0743496 0.0773813 0.0774357 0.0748196 0.0700378 0.0636872 0.0563712 0.0486283 0.0408935 0.0334952 0.0266694 0.0205762 0.0153129 0.0109259 0.00741836 0.00475229 0.00284654
#obs surv len freq
 0.00496284 0.00813197 0.0123744 0.0177049 0.0239971 0.0308832 0.0377342 0.0438235 0.0485996 0.0518625 0.0537333 0.0544998 0.0544831 0.0539806 0.0532523 0.0525111 0.0519014 0.0514577 0.0510414 0.0502832 0.0486011 0.0453645 0.0401964 0.0332657 0.0253541
 0.0051889 0.00849618 0.0129169 0.0184622 0.024997 0.0321361 0.0392219 0.0454925 0.0503644 0.0536171 0.0553656 0.0559027 0.0555616 0.0546558 0.053464 0.0522211 0.0510985 0.050164 0.0493183 0.0482348 0.0463712 0.0431251 0.0381238 0.0315065 0.0239938
 0.00541467 0.00886953 0.0134902 0.0192871 0.0261132 0.0335544 0.0409079 0.0473645 0.0523083 0.055512 0.0571027 0.0573912 0.0567245 0.0554246 0.0537767 0.0520257 0.0503602 0.0488764 0.0475173 0.0460118 0.0438781 0.0405632 0.035712 0.0294349 0.022379
 0.00563352 0.00923026 0.0140427 0.0200822 0.0271939 0.0349414 0.0425834 0.0492636 0.0543256 0.05752 0.0589723 0.0590081 0.0579973 0.0562844 0.0541711 0.0519112 0.0497005 0.0476512 0.0457406 0.0437543 0.0412828 0.0378405 0.0331061 0.0271679 0.0205953
 0.00588243 0.00963235 0.0146433 0.0209228 0.0283055 0.0363339 0.0442341 0.0511114 0.0562779 0.0594671 0.0608024 0.0606162 0.05929 0.0571834 0.0546141 0.0518501 0.0490987 0.0464861 0.0440171 0.0415282 0.0386831 0.0350724 0.0304213 0.024806 0.01872
 0.0061262 0.0100364 0.0152652 0.0218195 0.0295204 0.0378769 0.0460636 0.0531314 0.0583566 0.0614674 0.0626068 0.0621356 0.0604596 0.0579534 0.0549425 0.0516988 0.0484338 0.0452835 0.0422764 0.0392955 0.0360752 0.032284 0.0277004 0.0223963 0.0167945
 0.00637519 0.0104417 0.0158766 0.0226847 0.0306772 0.0393401 0.047809 0.0550875 0.0604104 0.0634823 0.064446 0.063681 0.0616242 0.0586829 0.0552084 0.0514857 0.0477293 0.0440769 0.0405709 0.0371318 0.0335574 0.0295907 0.0250646 0.0200524 0.0149132
 0.00660239 0.0108174 0.0164536 0.0235154 0.0318025 0.0407721 0.0495146 0.0569845 0.0623809 0.0653973 0.0661851 0.0651428 0.062728 0.0593696 0.0554403 0.0512443 0.0470092 0.0428812 0.0389157 0.0350625 0.0311712 0.0270498 0.0225814 0.0178424 0.0131356
 0.00685403 0.0112269 0.0170707 0.0243865 0.032962 0.0422275 0.0512319 0.0588814 0.0643373 0.0672773 0.0678604 0.0665085 0.0637094 0.059921 0.0555398 0.0508861 0.046198 0.04163 0.0372503 0.0330348 0.0288767 0.0246384 0.0202442 0.0157723 0.0114745
 0.00705389 0.011559 0.0175836 0.0251294 0.0339741 0.0435217 0.0527783 0.0606033 0.0661228 0.0690016 0.0694068 0.0677802 0.0646332 0.0604482 0.0556443 0.0505611 0.0454503 0.0404773 0.0357237 0.0311886 0.0268026 0.0224725 0.0181557 0.0139292 0.00999861
 0.0072763 0.0119215 0.0181307 0.0259028 0.0350044 0.044815 0.0543023 0.0622817 0.0678446 0.0706418 0.0708474 0.0689252 0.0654158 0.0608309 0.0556151 0.0501264 0.0446288 0.0392965 0.0342219 0.0294233 0.0248616 0.0204791 0.0162578 0.01227 0.00867916
 0.00743312 0.0121819 0.0185326 0.026485 0.0357984 0.0458327 0.0555234 0.0636491 0.0692728 0.0720322 0.0721041 0.0699644 0.0661706 0.0612543 0.055681 0.0498289 0.0439787 0.0383183 0.0329537 0.0279218 0.023209 0.0187852 0.0146504 0.0108696 0.00756898
 0.00753167 0.0123423 0.0187751 0.02683 0.036265 0.0464344 0.0562624 0.0645115 0.070226 0.0730275 0.0730807 0.0708552 0.066909 0.0617809 0.0559489 0.0498069 0.0436536 0.0376954 0.032058 0.0268007 0.0219354 0.0174562 0.0133766 0.00975416 0.00668239
 0.00761315 0.0124695 0.0189571 0.0270725 0.0365705 0.0468032 0.0566919 0.064996 0.0707575 0.0735954 0.07367 0.0714433 0.0674622 0.0622546 0.0562924 0.0499711 0.043599 0.0373997 0.0315217 0.0260511 0.0210284 0.0164731 0.0124125 0.00889796 0.00599611
 0.00766264 0.0125451 0.0190619 0.0272063 0.0367305 0.0469852 0.0568918 0.0652108 0.0709872 0.0738444 0.0739454 0.0717508 0.0677993 0.0626049 0.056623 0.0502358 0.0437468 0.0373854 0.0313178 0.0256571 0.0204754 0.0158213 0.0117396 0.00828069 0.00549094
 0.00772025 0.0126335 0.0191848 0.0273633 0.0369164 0.0471902 0.0571023 0.0654111 0.0711635 0.0739896 0.0740629 0.0718526 0.0679019 0.0627207 0.056753 0.0503649 0.0438438 0.0374102 0.0312327 0.0254408 0.020133 0.015387 0.0112689 0.00783463 0.00511768
 0.00778248 0.0127273 0.0193122 0.027521 0.0370965 0.0473816 0.0572919 0.0655849 0.0713085 0.0740964 0.0741287 0.0718826 0.0679078 0.0627178 0.0567547 0.0503768 0.0438585 0.0374067 0.0311824 0.0253176 0.0199264 0.0151092 0.0109532 0.00752415 0.00485065
 0.0078377 0.0128132 0.019434 0.0276798 0.0372885 0.0475969 0.0575135 0.0657911 0.0714771 0.0742114 0.0741839 0.0718822 0.0678635 0.0626452 0.05667 0.0502931 0.0437821 0.0373341 0.0311002 0.0252078 0.0197755 0.0149169 0.0107351 0.00730673 0.00466038
 0.00786521 0.0128567 0.019497 0.0277647 0.037396 0.0477247 0.0576561 0.0659386 0.0716166 0.0743294 0.0742688 0.0719274 0.0678681 0.0626144 0.0566134 0.0502219 0.0437061 0.0372579 0.0310217 0.0251192 0.019668 0.0147874 0.0105899 0.00716061 0.00453037
 0.00786494 0.0128543 0.0194901 0.0277504 0.0373725 0.0476934 0.0576229 0.0659133 0.07161 0.0743491 0.0743165 0.0719976 0.0679502 0.0626962 0.0566847 0.0502767 0.043743 0.0372778 0.0310249 0.0251042 0.0196321 0.0147297 0.0105149 0.00707808 0.00445233
 0.00788269 0.0128737 0.0195019 0.0277406 0.0373263 0.0476021 0.0574892 0.0657531 0.0714484 0.0742138 0.0742306 0.0719745 0.0679914 0.0627912 0.0568152 0.0504217 0.0438838 0.0374009 0.0311224 0.0251721 0.0196691 0.0147373 0.0104982 0.00704558 0.00441424
 0.00788737 0.0128822 0.0195155 0.0277596 0.0373476 0.0476174 0.0574848 0.065714 0.0713656 0.0740911 0.0740871 0.071839 0.0678929 0.062749 0.0568338 0.0504917 0.0439866 0.0375156 0.0312306 0.0252607 0.0197313 0.0147718 0.0105084 0.00703836 0.0043978
 0.00789189 0.0128843 0.0195094 0.0277374 0.0373022 0.0475465 0.0573934 0.0656124 0.0712649 0.0739982 0.0740041 0.071767 0.0678369 0.0627191 0.0568413 0.0505429 0.0440784 0.0376354 0.0313604 0.0253826 0.0198318 0.0148442 0.0105526 0.00705938 0.00440315
 0.00789518 0.0128879 0.0195112 0.0277337 0.0372877 0.047515 0.0573395 0.065534 0.0711653 0.0738869 0.0738948 0.0716733 0.0677685 0.0626811 0.0568359 0.0505711 0.0441394 0.0377248 0.0314683 0.0254953 0.0199352 0.0149277 0.0106117 0.00709529 0.00442121
 0.00788065 0.0128639 0.0194744 0.0276809 0.0372169 0.0474262 0.0572358 0.0654217 0.0710523 0.0737815 0.0738045 0.0716052 0.0677287 0.0626741 0.0568632 0.0506313 0.0442284 0.0378362 0.0315937 0.0256241 0.0200557 0.01503 0.0106896 0.00714817 0.00445282
 0.00787848 0.0128588 0.0194641 0.0276619 0.0371856 0.0473798 0.0571738 0.0653461 0.0709677 0.0736941 0.0737213 0.071533 0.0676736 0.0626411 0.0568562 0.0506521 0.0442766 0.0379085 0.0316839 0.0257236 0.0201545 0.0151185 0.010761 0.00719978 0.00448595
 0.00786069 0.0128316 0.0194262 0.0276132 0.0371268 0.0473124 0.0570996 0.0652678 0.0708891 0.0736199 0.0736566 0.0714827 0.0676418 0.0626306 0.0568685 0.0506873 0.0443336 0.0379846 0.0317744 0.0258218 0.0202522 0.0152072 0.0108344 0.00725452 0.00452262
 0.00782297 0.0127703 0.0193341 0.0274849 0.0369603 0.0471127 0.0568805 0.0650512 0.0706998 0.073479 0.0735762 0.0714649 0.0676809 0.0627166 0.05699 0.0508335 0.0444951 0.0381532 0.0319429 0.025983 0.0203989 0.0153332 0.010935 0.00732863 0.00457237
 0.00779687 0.0127233 0.0192552 0.0273613 0.0367817 0.0468758 0.056595 0.0647405 0.0703974 0.0732208 0.0733924 0.0713742 0.0676881 0.0628134 0.0571587 0.0510519 0.0447409 0.0384073 0.0321899 0.0262112 0.0205996 0.0155002 0.0110655 0.00742333 0.00463558
 0.00778345 0.0126971 0.0192076 0.027281 0.0366568 0.0466979 0.0563629 0.0644635 0.0700953 0.0729223 0.0731305 0.0711809 0.0675875 0.0628169 0.0572625 0.0512393 0.0449869 0.0386843 0.0324723 0.0264781 0.0208358 0.0156965 0.0112181 0.00753353 0.00470891
 0.00774461 0.0126371 0.0191228 0.0271698 0.0365185 0.0465325 0.0561713 0.0642487 0.0698644 0.0726871 0.0729088 0.0709944 0.0674593 0.0627667 0.0573019 0.0513681 0.0451922 0.0389432 0.0327571 0.0267613 0.0210948 0.0159157 0.01139 0.00765808 0.00479187
 0.00933324 0.0148583 0.0217985 0.0299119 0.0388427 0.0480388 0.0566864 0.0638508 0.0687968 0.071234 0.0713054 0.0693978 0.0659615 0.0614188 0.0561329 0.050393 0.0444139 0.0383521 0.0323322 0.0264738 0.0209129 0.0158091 0.011333 0.00763105 0.00478106
 0.00932014 0.0151335 0.0227351 0.0319718 0.0423755 0.0530095 0.0625034 0.0694625 0.0730653 0.073384 0.0711789 0.0673944 0.0627603 0.057689 0.0523689 0.0468897 0.0413164 0.0357157 0.030163 0.0247503 0.0195954 0.0148458 0.0106641 0.00719361 0.00451405
 0.0089863 0.014605 0.0219883 0.0310523 0.0414535 0.0524192 0.062704 0.0708752 0.0758221 0.0771397 0.0751534 0.0706692 0.064663 0.0580261 0.0513962 0.0450979 0.0391988 0.0336341 0.0283233 0.0232381 0.0184225 0.0139842 0.0100662 0.00680396 0.00427733
 0.00880184 0.0142992 0.0215174 0.0303746 0.040545 0.0513037 0.0614933 0.069798 0.0752094 0.0773346 0.0763574 0.0727941 0.0672941 0.0605559 0.0532711 0.0460306 0.0392272 0.0330224 0.0274004 0.0222736 0.0175789 0.0133276 0.00959951 0.00649799 0.00409202
 0.00874465 0.014196 0.0213425 0.0300959 0.040129 0.0507258 0.0607518 0.0689298 0.0743048 0.0765469 0.0758921 0.0728586 0.0680081 0.0618614 0.0549092 0.0476236 0.0404324 0.0336643 0.027507 0.0220117 0.0171507 0.0128917 0.00924282 0.00624581 0.00393338
 0.00871261 0.0141451 0.0212675 0.02999 0.0399827 0.0505249 0.0604784 0.0685671 0.0738471 0.0760141 0.0753437 0.0723996 0.067774 0.0619752 0.0554186 0.0484548 0.0413976 0.0345337 0.0281054 0.0222818 0.0171488 0.0127325 0.00903685 0.00606417 0.00380365
 0.00867751 0.0140875 0.0211798 0.0298656 0.0398177 0.0503202 0.060241 0.0683079 0.0735761 0.0757365 0.0750625 0.072127 0.0675447 0.0618501 0.0554695 0.0487286 0.0418791 0.0351342 0.0286925 0.0227365 0.0174135 0.0128218 0.0090111 0.00599032 0.0037287
 0.00865689 0.0140539 0.0211291 0.0297937 0.039721 0.0501966 0.0600913 0.068137 0.0733921 0.0755493 0.0748807 0.0719574 0.0673949 0.0617349 0.0554163 0.0487728 0.0420474 0.035422 0.0290538 0.023097 0.0177031 0.0130036 0.0090902 0.00599945 0.00370557
 0.00864742 0.0140386 0.0211061 0.0297612 0.0396771 0.0501399 0.060021 0.068053 0.0732955 0.0754423 0.0747671 0.0718419 0.0672837 0.0616365 0.0553431 0.0487425 0.0420794 0.0355289 0.0292294 0.0233124 0.0179148 0.0131726 0.00919774 0.00604994 0.00371778
 0.00866707 0.0140659 0.0211386 0.0297934 0.0397022 0.0501515 0.060015 0.0680281 0.0732524 0.0753823 0.0746921 0.0717544 0.0671875 0.0615377 0.0552504 0.0486678 0.0420368 0.0355313 0.0292822 0.0234081 0.0180328 0.0132867 0.00928661 0.00610533 0.00374389
 0.0086318 0.0140177 0.0210827 0.0297399 0.0396621 0.0501318 0.0600148 0.068039 0.0732631 0.0753839 0.0746808 0.0717316 0.0671568 0.0615031 0.0552159 0.0486385 0.0420197 0.0355344 0.0293122 0.0234655 0.01811 0.0133694 0.00935974 0.00615907 0.00377643
 0.00863678 0.0140206 0.021078 0.0297206 0.0396235 0.0500755 0.0599513 0.067985 0.0732335 0.0753842 0.0747045 0.0717643 0.0671838 0.0615153 0.0552122 0.0486235 0.0420014 0.0355218 0.029313 0.023484 0.0181453 0.0134149 0.00940601 0.00619776 0.00380336
 0.00864539 0.0140364 0.0211047 0.0297615 0.0396789 0.0501408 0.0600156 0.0680342 0.0732565 0.0753788 0.0746774 0.0717265 0.0671438 0.0614757 0.0551708 0.048578 0.0419527 0.0354747 0.0292742 0.0234594 0.0181372 0.0134214 0.00942148 0.00621559 0.00381852
 0.0086206 0.0140005 0.0210592 0.029711 0.0396308 0.0501033 0.0599959 0.068036 0.0732785 0.0754145 0.0747175 0.0717623 0.067171 0.0614946 0.0551835 0.0485862 0.0419567 0.0354749 0.0292726 0.0234593 0.0181417 0.0134314 0.00943556 0.00623066 0.00383158
 0.00862177 0.0139976 0.0210461 0.02968 0.0395756 0.0500233 0.0598993 0.0679394 0.0732013 0.0753717 0.0747146 0.0717946 0.0672268 0.0615601 0.0552481 0.0486435 0.0420045 0.0355132 0.0293027 0.0234832 0.0181618 0.0134495 0.00945228 0.00624547 0.00384354
 0.00862177 0.0139976 0.0210461 0.02968 0.0395756 0.0500233 0.0598993 0.0679394 0.0732013 0.0753717 0.0747146 0.0717946 0.0672268 0.0615601 0.0552481 0.0486435 0.0420045 0.0355132 0.0293027 0.0234832 0.0181618 0.0134495 0.00945228 0.00624547 0.00384354
 0.0086269 0.0140079 0.0210649 0.0297102 0.0396176 0.0500726 0.0599453 0.0679682 0.073202 0.0753421 0.0746633 0.0717368 0.067177 0.0615266 0.0552311 0.0486382 0.0420047 0.0355143 0.0293029 0.0234827 0.0181616 0.0134506 0.00945511 0.00624956 0.00384793
 0.00863305 0.0140181 0.0210807 0.0297335 0.0396504 0.0501161 0.0599993 0.0680289 0.0732616 0.0753894 0.0746872 0.0717309 0.0671429 0.0614735 0.0551714 0.0485825 0.0419584 0.0354784 0.0292754 0.0234616 0.0181457 0.0134395 0.00944826 0.00624623 0.003847
 0.00863128 0.0140171 0.0210826 0.0297414 0.0396676 0.0501449 0.0600396 0.0680787 0.0733163 0.0754436 0.0747343 0.0717637 0.0671552 0.0614623 0.0551387 0.0485348 0.041905 0.0354272 0.0292315 0.0234267 0.0181194 0.0134207 0.00943581 0.00623871 0.00384304
 0.00871585 0.0141508 0.0212761 0.0300007 0.0399909 0.0505192 0.0604378 0.0684609 0.0736377 0.0756648 0.0748315 0.0717322 0.0670071 0.0612215 0.0548348 0.0481983 0.041564 0.0351052 0.0289456 0.023187 0.0179294 0.0132783 0.00933544 0.00617257 0.00380263
 0.0088409 0.0143554 0.0215855 0.0304363 0.0405625 0.0512144 0.0612128 0.069241 0.0743316 0.0761871 0.0751219 0.0717664 0.0667963 0.0608047 0.0542686 0.0475463 0.0408864 0.0344526 0.0283559 0.0226841 0.0175242 0.0129705 0.00911587 0.00602636 0.00371236
 0.00889858 0.0144575 0.0217546 0.0306987 0.0409419 0.051722 0.0618371 0.0699428 0.0750475 0.0768398 0.0756349 0.0720771 0.0668682 0.0606336 0.0538826 0.0469978 0.0402411 0.0337773 0.0277084 0.0221076 0.0170448 0.0125978 0.00884541 0.00584405 0.0035988
 0.00891292 0.0144818 0.0217936 0.0307596 0.0410356 0.0518632 0.0620427 0.0702267 0.0754125 0.0772702 0.076093 0.0725073 0.0672082 0.0608293 0.0539017 0.0468376 0.0399279 0.0333589 0.0272421 0.0216479 0.0166343 0.0122621 0.00859302 0.0056696 0.00348823
 0.00904467 0.0146871 0.0220854 0.0311421 0.0415015 0.0523916 0.0625976 0.0707612 0.0758792 0.0776338 0.0763368 0.0726304 0.0672154 0.0607234 0.0536815 0.0465036 0.0394905 0.0328435 0.0266882 0.021102 0.0161397 0.0118498 0.00827727 0.00544778 0.00334573
 0.00884276 0.0143798 0.0216633 0.0306139 0.0408962 0.0517578 0.0620023 0.0702824 0.0755907 0.0775855 0.0765408 0.0730585 0.0678088 0.0614059 0.0543729 0.0471314 0.0399994 0.0332033 0.0268965 0.0211812 0.0161274 0.0117876 0.00819997 0.00537804 0.00329366
 0.0087846 0.0142569 0.0214278 0.0302088 0.0402757 0.0509167 0.0609991 0.0692385 0.074661 0.0769135 0.0762216 0.0731225 0.068225 0.0620977 0.0552374 0.0480585 0.0408891 0.0339787 0.0275119 0.0216241 0.0164134 0.0119503 0.00827881 0.00540809 0.00330027
 0.0088309 0.0143263 0.0215189 0.0303097 0.040359 0.050937 0.060898 0.0689625 0.0741895 0.0762836 0.0755302 0.0725005 0.0677941 0.0619314 0.0553451 0.0483917 0.0413638 0.0345012 0.0280013 0.0220261 0.0167055 0.0121372 0.00838255 0.00545644 0.00331769
#pred catch len freq
 0.00391204 0.00624827 0.00923153 0.0128422 0.0170809 0.0219362 0.027314 0.0330039 0.0387136 0.0441304 0.048972 0.0530251 0.0561755 0.058413 0.0598039 0.060451 0.0604608 0.0599137 0.0588162 0.0570315 0.0542372 0.0500007 0.0440161 0.0364057 0.0278645
 0.00426411 0.00676827 0.00992278 0.0136897 0.0180764 0.0231067 0.0287264 0.0347277 0.0407528 0.0463641 0.0511488 0.0548267 0.0573205 0.0587503 0.0593518 0.0593698 0.0589788 0.0582387 0.0570712 0.0552412 0.0523718 0.0480495 0.0420439 0.0345518 0.0262862
 0.00448596 0.0071487 0.0105294 0.0145913 0.0193221 0.0246989 0.0306061 0.0367904 0.042891 0.0485012 0.0532295 0.0567656 0.0589573 0.0598616 0.059726 0.0588995 0.0577068 0.0563329 0.054748 0.0526918 0.0497336 0.0454292 0.0395563 0.0323331 0.0244638
 0.00475643 0.00756936 0.011132 0.0154059 0.0203872 0.0260678 0.0323343 0.0389017 0.0453346 0.0511324 0.0558331 0.0591135 0.0608605 0.061182 0.0603566 0.0587508 0.0567285 0.0545536 0.0522934 0.0497631 0.0465644 0.0422511 0.0365834 0.0297486 0.0223958
 0.00509228 0.00809252 0.0118777 0.0163944 0.0216257 0.0275535 0.0340567 0.0408427 0.047468 0.0534153 0.0581864 0.061403 0.0628988 0.0627593 0.0612844 0.0588939 0.0560164 0.0529844 0.0499428 0.0467918 0.0432105 0.0388002 0.0333245 0.0269246 0.0201602
 0.00540052 0.00858013 0.0125873 0.0173595 0.0228677 0.0290772 0.0358408 0.0428336 0.0495826 0.0555549 0.0602529 0.0633069 0.0645536 0.0640672 0.0621273 0.0591408 0.0555494 0.051732 0.047911 0.0440849 0.0400341 0.0354394 0.0300937 0.0241007 0.0179218
 0.00574281 0.00911791 0.0133635 0.0184061 0.0242062 0.0307159 0.0377661 0.0449968 0.0518922 0.0578799 0.0624399 0.0652061 0.0660443 0.0650705 0.0625971 0.0590421 0.0548409 0.0503715 0.0458846 0.0414483 0.0369423 0.0321441 0.0268996 0.0212918 0.0156894
 0.00613001 0.00972308 0.0142304 0.019563 0.0256666 0.0324777 0.0398045 0.0472542 0.0542728 0.0602532 0.0646521 0.067098 0.0674741 0.0659347 0.0628418 0.0586572 0.0538409 0.0487784 0.0437287 0.0387927 0.0339165 0.0289595 0.0238242 0.0185875 0.0135382
 0.00645989 0.0102473 0.0149981 0.0206151 0.0270322 0.0341674 0.0417981 0.0494895 0.0566435 0.0626174 0.0668484 0.0689649 0.0688697 0.0667538 0.0630253 0.0581924 0.0527523 0.0471147 0.0415556 0.0361998 0.0310365 0.025981 0.0209778 0.0160975 0.0115621
 0.00666692 0.010585 0.0155099 0.0213462 0.0280259 0.0354566 0.0433908 0.0513558 0.0587075 0.0647594 0.0689162 0.0707935 0.0703056 0.0676763 0.0633596 0.0579113 0.0518702 0.0456783 0.0396379 0.0339014 0.0284932 0.0233681 0.0184962 0.0139365 0.00985168
 0.00694505 0.0110148 0.0161171 0.0221447 0.0290228 0.0366563 0.0447935 0.0529466 0.0604435 0.0665607 0.0706674 0.0723571 0.0715429 0.0684705 0.0636321 0.0576282 0.0510401 0.0443448 0.0378744 0.0318094 0.0262048 0.0210447 0.0163136 0.0120533 0.00837172
 0.00717654 0.0113875 0.0166711 0.0229148 0.030032 0.037906 0.0462532 0.0545508 0.0621005 0.0681686 0.0721274 0.0735792 0.0724476 0.0689908 0.063719 0.0572571 0.0502149 0.043099 0.0362702 0.0299376 0.0241844 0.0190181 0.0144308 0.0104446 0.00711794
 0.00734767 0.0116517 0.0170445 0.0234084 0.0306569 0.0386774 0.047187 0.0556508 0.0633409 0.0694828 0.0734126 0.0747173 0.073332 0.0695458 0.0639038 0.0570594 0.0496427 0.0421781 0.0350465 0.0284816 0.0225938 0.0174121 0.0129351 0.00916698 0.0061239
 0.00742602 0.0117772 0.01723 0.023665 0.0309927 0.0390963 0.0476882 0.0562299 0.0639929 0.0702011 0.0741822 0.0755034 0.0740742 0.0701647 0.064319 0.0572082 0.0494915 0.041724 0.0343153 0.0275257 0.0214911 0.0162608 0.0118401 0.00821948 0.00538109
 0.007317 0.011631 0.0170679 0.0235276 0.0309305 0.0391543 0.0478916 0.0565785 0.0644647 0.0707617 0.0747941 0.0761318 0.0746867 0.0707265 0.0647877 0.0575341 0.0496267 0.0416347 0.0339932 0.0269939 0.0208029 0.0154935 0.0110804 0.00754521 0.00484388
 0.00736782 0.0116817 0.0170875 0.0234736 0.0307676 0.0388803 0.0475546 0.0562694 0.0642849 0.070783 0.0750339 0.0765548 0.0752264 0.0713095 0.0653482 0.0580173 0.049986 0.0418325 0.034006 0.0268208 0.0204714 0.0150569 0.010607 0.00710128 0.00447762
 0.00745166 0.011807 0.0172529 0.0236638 0.0309496 0.0390035 0.0475593 0.0561092 0.0639557 0.0703435 0.0745963 0.0762441 0.0751295 0.0714439 0.0656654 0.0584309 0.0504038 0.0421776 0.034226 0.0268912 0.0203965 0.0148675 0.0103524 0.00683534 0.00424373
