SBPRF35
7.78865
Curr Bio
525340
B35
685349
F35
0.213895
FOFL
0.156662
OFL
62978.4
Bzero
2.22533e+006
#pred survey bio
 4.64026e+006 4.38975e+006 4.13972e+006 3.84502e+006 3.549e+006 3.21747e+006 2.88915e+006 2.54089e+006 2.225e+006 1.94072e+006 1.7127e+006 1.51136e+006 1.3153e+006 1.16787e+006 1.01238e+006 930428 831021 765756 725428 696147 666377 646645 628639 618397 619465 604224 603877 610584 609922 605236 611366 614128 613054 609143 596845 575294 568792 561896 573375 586725 591954 592464 606531 612427 603513 607944 608191 608686 610465 607731 601544 576563 550576 559490 553269 563446 576129 573976 567549 583078 563858 530953 1.80688e+007 1.09442e+007 1.12965e+007 1.20671e+007 1.30442e+007 1.40274e+007 1.48999e+007 1.56166e+007 1.61763e+007 1.65988e+007 1.69107e+007 1.71378e+007 1.73018e+007 1.74199e+007 1.75049e+007 1.75663e+007 1.76109e+007 1.76434e+007 1.76672e+007 1.76848e+007 1.76979e+007 1.77077e+007 1.77151e+007 1.77206e+007 1.77248e+007 1.7728e+007 1.77305e+007 1.77323e+007 1.77338e+007 1.77349e+007 1.77357e+007 1.77363e+007 1.77368e+007 1.77372e+007 1.77375e+007 1.77378e+007 1.77379e+007 1.77381e+007 1.77382e+007 1.77383e+007 1.77383e+007 1.77384e+007 1.77384e+007 1.77384e+007 1.77385e+007 1.77385e+007 1.77385e+007 1.77385e+007 1.77385e+007 1.77385e+007 1.77385e+007 1.77385e+007 1.77385e+007 1.77385e+007 1.77385e+007 1.77385e+007 1.77385e+007 1.77385e+007 1.77385e+007 1.77385e+007 1.77385e+007 1.77385e+007 1.77385e+007 1.77385e+007 1.77385e+007 1.77385e+007 1.77385e+007 1.77385e+007 1.77385e+007 1.77385e+007 1.77385e+007 1.77385e+007 1.77385e+007 1.77385e+007 1.77385e+007 1.77385e+007 1.77385e+007 1.77385e+007 1.77385e+007 1.77385e+007 1.77385e+007 1.77385e+007 1.77385e+007 1.77385e+007 1.77385e+007 1.77385e+007 1.77385e+007 1.77385e+007 1.77385e+007 1.77385e+007 1.77385e+007 1.77385e+007 1.77385e+007 1.77385e+007 1.77385e+007 1.77385e+007 1.77385e+007 1.77385e+007 1.77385e+007 1.77385e+007 0 0 0 0 0 0 0 0 0 0 0 0 0 0 0 0 0 0 0 0 0 0 0 0 0
#obs survey bio
 3.23197e+006 3.13882e+006 2.59416e+006 3.85583e+006 2.13394e+006 2.91482e+006 2.38619e+006 2.3751e+006 2.03868e+006 1.63814e+006 1.26042e+006 1.26567e+006 1.15704e+006 957998 853301 507199 654083 638683 874774 676657 560760 476602 560776 521680 598057 496333 569198 465365 468916 485694 498901 832190 705217 508445 686715 590684 551304 486013 773772 446925 645409 472285 454161 690655 547387 553160 626582 639402 622690 598386 644182 600600 710278 493931 506417 576025 604762 470813 735651 710642 434523 576994
#pred catch bio
 101151 102840 155810 177885 237235 264885 313956 313281 308815 277998 269726 275974 240165 250683 189589 205714 174475 150499 138409 136295 125867 122801 114870 105021 118085 104494 98050.6 103214 104899 94493 95851.3 96582.6 96019.8 99429.9 102974 89011.4 92581.8 81750.8 83711.7 91597.3 94947.7 83276.3 89988.4 100787 87948.6 90903.7 90361.5 89420 93697 96858.1 112176 112158 83747 98060.2 85084.8 83687.5 96144 99343.1 80899.3 109303 118417 99857.6 62978.4 84285.8 85769.2 90374.7 97194.5 104296 110556 115583 119382 122133 124063 125385 126275 126865 127251 127503 127665 127769 127835 127877 127904 127921 127932 127938 127943 127945 127947 127948 127949 127949 127949 127950 127950 127950 127950 127950 127950 127950 127950 127950 127950 127950 127950 127950 127950 127950 127950 127950 127950 127950 127950 127950 127950 127950 127950 127950 127950 127950 127950 127950 127950 127950 127950 127950 127950 127950 127950 127950 127950 127950 127950 127950 127950 127950 127950 127950 127950 127950 127950 127950 127950 127950 127950 127950 127950 127950 127950 127950 127950 127950 127950 127950 127950 127950 127950 127950 127950 127950 127950 127950 0 0 0 0 0 0 0 0 0 0 0 0 0 0 0 0 0 0 0 0 0 0 0 0 0
#obs catch bio
 0 102651 156746 178643 240015 268214 320307 320272 316670 283888 276692 284537 246987 259183 193782 213772 180240 154490 140839 138980 128521 125757 117295 106615 120920 106860 99829.9 105336 106765 95928.3 97572.8 97739.4 97110.3 100679 104265 89504.2 93824.1 82130.7 83976.1 92101.9 95107.2 83248.4 90212.3 101113 87605.9 90786.1 90138.4 89253.3 93416.6 97026.9 112375 112818 83404.1 98789.8 85433.4 83694.7 96467.7 100106 80655.4 108956 118434 99761.7
#pred cpue bio
 4.55787e+006 4.31293e+006 4.06746e+006 3.77492e+006 3.48024e+006 3.1505e+006 2.82415e+006 2.47855e+006 2.16542e+006 1.88402e+006 1.6582e+006 1.45893e+006 1.26554e+006 1.12034e+006 967752 886773 789453 726119 687521 659589 630901 611776 594436 584665 585701 570988 570812 577643 577416 573229 579460 582675 582358 579223 568046 547844 541009 532665 542554 555381 560901 561832 575634 581570 573354 577915 578219 578668 580285 577420 571265 546895 521352 529543 523322 533183 545767 543798 537428 552621 534245 502254 1.70994e+007 1.03743e+007 1.06231e+007 1.12627e+007 1.21889e+007 1.31589e+007 1.40285e+007 1.47447e+007 1.53042e+007 1.57267e+007 1.60386e+007 1.62657e+007 1.64297e+007 1.65478e+007 1.66328e+007 1.66942e+007 1.67388e+007 1.67713e+007 1.67951e+007 1.68128e+007 1.68258e+007 1.68356e+007 1.6843e+007 1.68485e+007 1.68528e+007 1.6856e+007 1.68584e+007 1.68603e+007 1.68617e+007 1.68628e+007 1.68636e+007 1.68643e+007 1.68648e+007 1.68651e+007 1.68654e+007 1.68657e+007 1.68659e+007 1.6866e+007 1.68661e+007 1.68662e+007 1.68662e+007 1.68663e+007 1.68663e+007 1.68664e+007 1.68664e+007 1.68664e+007 1.68664e+007 1.68664e+007 1.68664e+007 1.68664e+007 1.68664e+007 1.68664e+007 1.68664e+007 1.68665e+007 1.68665e+007 1.68665e+007 1.68665e+007 1.68665e+007 1.68665e+007 1.68665e+007 1.68665e+007 1.68665e+007 1.68665e+007 1.68665e+007 1.68665e+007 1.68665e+007 1.68665e+007 1.68665e+007 1.68665e+007 1.68665e+007 1.68665e+007 1.68665e+007 1.68665e+007 1.68665e+007 1.68665e+007 1.68665e+007 1.68665e+007 1.68665e+007 1.68665e+007 1.68665e+007 1.68665e+007 1.68665e+007 1.68665e+007 1.68665e+007 1.68665e+007 1.68665e+007 1.68665e+007 1.68665e+007 1.68665e+007 1.68665e+007 1.68665e+007 1.68665e+007 1.68665e+007 1.68665e+007 1.68665e+007 1.68665e+007 1.68665e+007 1.68665e+007 1.68665e+007 1.68665e+007 0 0 0 0 0 0 0 0 0 0 0 0 0 0 0 0 0 0 0 0 0 0 0 0 0
#obs cpue bio
 2.96855e+006 4.00256e+006 2.95939e+006 2.8545e+006 3.13254e+006 2.82239e+006 2.2362e+006 1.81124e+006 1.71734e+006 2.16752e+006 1.30022e+006 1.21547e+006 902824 1.08002e+006 842031 674316 662242 699162 678518 481052 443304 509475 535763 620612 363919 390158 537322 545407 747840 512611 479224 568662 428113 563086 485603 591674 332118 846431 452814 618980 730419 638351 659139 580294 898035 590117 626488 515736 669140 365467 613768 415042 537838 366757 513235 682312 458338 493566 581203 695687 580072 440083
#pred surv len freq
 0.00478359 0.00781959 0.0118675 0.0169386 0.0229247 0.0295077 0.0361353 0.0421628 0.0470967 0.0507572 0.0532548 0.0548478 0.0558092 0.0563524 0.0565971 0.0565598 0.0561672 0.0552861 0.053747 0.0513467 0.0478543 0.0430696 0.0369622 0.0298274 0.0223247
 0.00504244 0.0081322 0.0121435 0.0170418 0.0227278 0.0289684 0.0353457 0.0413261 0.0464341 0.0503981 0.0531779 0.0549064 0.0558182 0.056184 0.0562417 0.0561293 0.0558452 0.0552471 0.0540762 0.0519998 0.0486762 0.043865 0.0375783 0.0302039 0.0224905
 0.00532126 0.00859028 0.012833 0.0179912 0.0239092 0.0302648 0.0365464 0.0421804 0.0467549 0.0501564 0.0525157 0.0540498 0.054951 0.0553721 0.0554519 0.055313 0.0550157 0.0544946 0.0535193 0.0517106 0.0486344 0.0439702 0.0377072 0.0302713 0.0224753
 0.00556513 0.0089888 0.0134379 0.0188546 0.0250749 0.0317491 0.0383087 0.0440955 0.0486083 0.0516799 0.0534643 0.0542895 0.0545057 0.0543962 0.0541451 0.0538406 0.0534845 0.0529818 0.0521053 0.050478 0.0476371 0.0432084 0.0371359 0.0298333 0.0221311
 0.00579622 0.00936056 0.013991 0.0196268 0.0260978 0.0330408 0.0398634 0.0458722 0.0505221 0.0535956 0.0551968 0.0556231 0.0552411 0.0544133 0.0534465 0.0525455 0.0517788 0.05106 0.0501374 0.0486015 0.0459557 0.0417864 0.0359947 0.0289597 0.0214928
 0.00605175 0.00977388 0.0146092 0.0204927 0.0272422 0.0344714 0.0415531 0.0477557 0.0525053 0.0555707 0.057049 0.0572253 0.0564479 0.0550704 0.0534256 0.0517903 0.0503358 0.049074 0.0478146 0.0461639 0.0436038 0.0396767 0.0342283 0.0275794 0.0204892
 0.00629735 0.0101729 0.0152097 0.02134 0.0283717 0.0358964 0.0432508 0.0496614 0.0545199 0.0575779 0.0589328 0.0588779 0.0577667 0.0559508 0.0537589 0.051479 0.0493258 0.0473904 0.0455791 0.0435808 0.04092 0.0371323 0.0320133 0.0258067 0.0191873
 0.00656846 0.0106144 0.0158758 0.0222818 0.0296282 0.0374796 0.0451297 0.0517562 0.0567115 0.0597305 0.0609147 0.0605748 0.0590851 0.0568135 0.054097 0.0512266 0.0484278 0.0458269 0.0433994 0.0409256 0.0380159 0.0342509 0.0294109 0.0236667 0.0175881
 0.00685218 0.0110681 0.016545 0.0232056 0.0308345 0.0389763 0.0468935 0.0537251 0.0587889 0.0617978 0.0628473 0.0622555 0.0604125 0.0577059 0.0544901 0.0510679 0.0476736 0.0444524 0.0414228 0.0384391 0.0352014 0.0313626 0.0267217 0.0213991 0.0158611
 0.00722631 0.0116528 0.0173812 0.0243164 0.0322221 0.0406195 0.0487421 0.0556986 0.0607848 0.0637078 0.064572 0.0637098 0.0615251 0.0584161 0.0547462 0.0508255 0.0468958 0.0431158 0.0395351 0.0360659 0.0324889 0.0285348 0.0240405 0.0190972 0.0140795
 0.00753653 0.0121534 0.0181267 0.0253524 0.0335739 0.0422753 0.0506391 0.0577229 0.0627932 0.0655617 0.0661641 0.0649719 0.0624199 0.0589224 0.0548461 0.0504974 0.0461142 0.0418589 0.0378017 0.0339012 0.0300077 0.0259262 0.0215382 0.0169211 0.0123739
 0.00776213 0.0125293 0.0187095 0.0262004 0.0347354 0.043769 0.0524333 0.0597264 0.0648663 0.0675423 0.0678983 0.0663386 0.0633442 0.0593759 0.0548347 0.0500419 0.045234 0.0405661 0.0361118 0.0318561 0.0277018 0.0235167 0.0192256 0.0149007 0.0107796
 0.00805694 0.0129977 0.0193949 0.0271378 0.035947 0.0452572 0.0541694 0.0616422 0.0668551 0.0694701 0.0696212 0.0677224 0.0642829 0.0598064 0.0547414 0.0494493 0.0441894 0.0391232 0.0343249 0.0297899 0.0254507 0.021218 0.017049 0.0130115 0.00929148
 0.00830363 0.0133879 0.019962 0.0279055 0.0369264 0.0464409 0.0555259 0.0631145 0.0683674 0.07094 0.0709679 0.0688679 0.0651516 0.0603283 0.054862 0.0491401 0.0434533 0.0379915 0.0328517 0.0280496 0.0235425 0.0192693 0.0152063 0.0114129 0.00803109
 0.0088017 0.0141552 0.0210368 0.0292931 0.0385972 0.0483306 0.0575338 0.0651072 0.0701965 0.0724701 0.0721028 0.0695608 0.0653982 0.0601511 0.0542939 0.0482144 0.042203 0.0364542 0.031077 0.0261064 0.0215233 0.0172894 0.0133912 0.00987421 0.00683788
 0.00884275 0.0142602 0.0212644 0.0297189 0.0392916 0.0493264 0.0587994 0.0665447 0.0716679 0.0738375 0.0732585 0.0704375 0.0659632 0.0603952 0.0542218 0.0478384 0.0415395 0.0355252 0.0299155 0.0247638 0.0200751 0.0158332 0.0120348 0.00871292 0.00593183
 0.00889001 0.0143588 0.0214548 0.0300564 0.0398384 0.0501349 0.0598908 0.0678907 0.0731824 0.0753831 0.0746697 0.0715574 0.0666803 0.0606636 0.054058 0.0472994 0.0406971 0.034449 0.0286681 0.0234068 0.0186777 0.014476 0.0108025 0.00767796 0.005136
 0.00891918 0.0143905 0.0214758 0.0300508 0.0398005 0.0500852 0.059886 0.0680153 0.0735211 0.0759836 0.0755147 0.072559 0.0677001 0.0615508 0.0546884 0.0476018 0.0406579 0.0340995 0.0280664 0.0226234 0.0177899 0.0135647 0.00994696 0.00694424 0.00456414
 0.00901273 0.0145154 0.0216129 0.030164 0.0398452 0.0500242 0.0597063 0.0677403 0.0732138 0.0757378 0.0754321 0.0727162 0.0681157 0.0621703 0.0553972 0.0482607 0.0411454 0.0343412 0.0280439 0.0223666 0.0173606 0.013041 0.00940791 0.00645673 0.00417168
 0.00913839 0.0147034 0.021864 0.0304645 0.0401656 0.050321 0.0599264 0.0678313 0.0731413 0.075505 0.0750903 0.0723567 0.0678425 0.0620638 0.0554833 0.0485006 0.0414504 0.0346069 0.0281857 0.0223438 0.0171808 0.0127489 0.00906599 0.00612534 0.00389404
 0.00926077 0.0148992 0.0221519 0.0308564 0.040661 0.0508986 0.0605372 0.0684005 0.0735817 0.0757406 0.0750797 0.0721079 0.0674146 0.0615517 0.05499 0.0481042 0.0411804 0.0344406 0.0280666 0.0222117 0.0169987 0.0125137 0.00880272 0.00587053 0.00367897
 0.00926652 0.0149165 0.022193 0.0309385 0.0408032 0.0511157 0.0608328 0.068761 0.0739747 0.0761166 0.0753805 0.07228 0.067426 0.061405 0.0547248 0.0477847 0.0408719 0.0341854 0.0278726 0.022058 0.0168547 0.012359 0.00863618 0.0057066 0.00353629
 0.00931538 0.0149854 0.0222775 0.0310299 0.0408926 0.051201 0.0609224 0.0688717 0.0741228 0.0763071 0.0755996 0.0724949 0.0675932 0.0614847 0.0546953 0.0476519 0.0406671 0.033952 0.0276483 0.0218623 0.0166881 0.0122124 0.00850266 0.00558654 0.00343534
 0.0094299 0.0151471 0.0224753 0.0312373 0.0410744 0.0513249 0.0609699 0.0688436 0.0740389 0.0762007 0.075508 0.072447 0.0675983 0.0615286 0.0547466 0.0476766 0.0406437 0.0338789 0.0275404 0.0217403 0.0165685 0.0121033 0.00840622 0.00550372 0.00336778
 0.00934995 0.0150412 0.0223593 0.031138 0.0410189 0.0513246 0.0610113 0.0688921 0.0740572 0.0761695 0.0754371 0.0723705 0.0675571 0.0615508 0.0548361 0.0478131 0.0407932 0.0340086 0.0276304 0.0217867 0.0165786 0.012089 0.00837863 0.0054713 0.00333671
 0.00934771 0.015044 0.0223764 0.0311839 0.0411116 0.0514817 0.0612424 0.0691904 0.0743928 0.0764904 0.0756814 0.0724881 0.0675299 0.0613995 0.0546087 0.0475626 0.0405582 0.0338058 0.0274594 0.0216403 0.0164515 0.0119796 0.00828801 0.00540047 0.00328503
 0.0092763 0.0149251 0.0221933 0.0309228 0.0407689 0.0510737 0.0608119 0.0688037 0.0741229 0.0763931 0.0757746 0.0727451 0.0678901 0.0617913 0.054973 0.0478672 0.0407975 0.0339891 0.0275986 0.0217433 0.0165222 0.012022 0.00830786 0.00540506 0.00328149
 0.00915969 0.0147429 0.0219328 0.0305769 0.0403373 0.050565 0.060248 0.0682242 0.0735856 0.0759672 0.075527 0.0727219 0.0681007 0.0622019 0.0555159 0.0484617 0.0413722 0.034497 0.0280181 0.0220716 0.0167666 0.0121939 0.00842058 0.00547289 0.00331828
 0.00912451 0.0146838 0.0218403 0.0304411 0.0401498 0.0503219 0.0599533 0.0678908 0.0732344 0.0756252 0.0752268 0.0725008 0.0679956 0.0622393 0.0557005 0.0487699 0.0417575 0.034904 0.0283985 0.0223941 0.0170183 0.0123762 0.00854312 0.0055489 0.00336135
 0.00912323 0.0146807 0.0218334 0.0304269 0.0401229 0.0502751 0.0598781 0.0677794 0.0730825 0.0754354 0.0750103 0.072278 0.0677946 0.0620919 0.0556354 0.0488041 0.0418888 0.0351097 0.0286424 0.0226377 0.0172318 0.0125437 0.00866211 0.00562572 0.00340641
 0.00891213 0.0143693 0.021424 0.029943 0.0396029 0.049762 0.0594111 0.06739 0.0727937 0.0752602 0.0749514 0.0723282 0.0679407 0.0623191 0.0559309 0.0491572 0.042288 0.0355383 0.0290759 0.0230468 0.0175892 0.0128308 0.0088735 0.00576799 0.00349371
 0.00875127 0.0141112 0.0210438 0.0294247 0.0389485 0.0490021 0.0586111 0.066643 0.0721969 0.0748856 0.0748257 0.0724343 0.068233 0.0627434 0.0564381 0.0497091 0.0428568 0.0361022 0.0296149 0.0235403 0.018017 0.0131779 0.00913422 0.0059479 0.00360703
 0.00868117 0.0139916 0.0208533 0.0291396 0.0385478 0.0484762 0.0579726 0.0659329 0.0714835 0.0742535 0.0743579 0.0721916 0.068239 0.0629809 0.0568585 0.0502501 0.0434582 0.0367151 0.0302026 0.0240756 0.0184796 0.0135545 0.00942013 0.00614833 0.00373566
 0.00847131 0.0136881 0.0204655 0.0286978 0.0380917 0.0480372 0.0575616 0.0655427 0.0711023 0.0738822 0.0740206 0.0719331 0.0681117 0.0630259 0.0570899 0.0506494 0.0439807 0.0373035 0.030801 0.0246379 0.0189728 0.0139591 0.00972941 0.006367 0.00387755
 0.00842924 0.0136003 0.0202996 0.0284176 0.0376729 0.0474881 0.056935 0.0649261 0.0705851 0.07352 0.0738191 0.071862 0.0681347 0.0631254 0.0572708 0.0509251 0.0443548 0.0377591 0.0313024 0.0251406 0.0194354 0.0143513 0.0100359 0.00658728 0.00402246
 0.00923322 0.0147362 0.0216911 0.0298824 0.0389699 0.0483963 0.0573222 0.0647744 0.0699755 0.0725941 0.0727369 0.0707651 0.0671216 0.0622468 0.0565437 0.0503527 0.0439383 0.0374968 0.0311822 0.025136 0.0195086 0.0144624 0.0101518 0.00668636 0.00409559
 0.00979847 0.0156473 0.0230375 0.0317147 0.041257 0.0509779 0.0598868 0.0669073 0.071282 0.0728445 0.0719479 0.0691719 0.0650679 0.0600637 0.0544733 0.0485318 0.0424214 0.0362896 0.0302659 0.0244785 0.0190683 0.0141911 0.0100003 0.00661134 0.00406369
 0.00974027 0.015644 0.0232019 0.0322094 0.0422536 0.0525866 0.0620868 0.0695104 0.0739507 0.0751621 0.0735226 0.0697456 0.0645908 0.0586985 0.052526 0.0463448 0.040282 0.0343859 0.0286895 0.0232499 0.0181646 0.0135653 0.00959461 0.00636673 0.00392738
 0.00937237 0.0150886 0.0224522 0.0313056 0.0412945 0.0517353 0.0615588 0.0695307 0.0746753 0.0765928 0.0754649 0.0718455 0.0664426 0.0599761 0.0530777 0.046215 0.0396583 0.0335106 0.0277775 0.0224449 0.0175334 0.0131167 0.00930326 0.00619368 0.00383371
 0.0091154 0.0146759 0.0218427 0.0304705 0.0402313 0.0504879 0.0602376 0.0683164 0.0737952 0.0762662 0.0758335 0.0729124 0.0680472 0.061825 0.0548305 0.0475912 0.0405178 0.0338703 0.0277669 0.0222322 0.0172626 0.0128771 0.00913044 0.00608715 0.00377674
 0.00903447 0.0145385 0.0216245 0.0301435 0.0397681 0.0498704 0.0594691 0.0674345 0.0728796 0.0754393 0.0752464 0.0727125 0.0683301 0.0625871 0.0559492 0.0488521 0.0416844 0.034764 0.0283172 0.0224746 0.0172955 0.0128075 0.0090374 0.00601122 0.00372854
 0.00912786 0.0146643 0.021765 0.0302638 0.0398228 0.0498151 0.0592719 0.067082 0.0723803 0.0748264 0.0745831 0.0720928 0.0678682 0.0623899 0.0560772 0.0492865 0.0423229 0.0354544 0.0289145 0.0228916 0.01752 0.0128837 0.00902975 0.00597369 0.00369216
 0.00896784 0.0144377 0.0214848 0.0299604 0.0395312 0.0495569 0.0590432 0.0668565 0.0721259 0.0745253 0.0742443 0.0717533 0.0675862 0.0622333 0.056108 0.0495404 0.0427886 0.0360662 0.0295689 0.0234827 0.0179764 0.0131853 0.00919937 0.00605391 0.00372336
 0.00878919 0.0141676 0.021118 0.0295092 0.0390273 0.0490487 0.0585896 0.0665142 0.0719305 0.0744748 0.0742987 0.0718545 0.0676875 0.062322 0.0562088 0.049699 0.0430458 0.0364332 0.0300167 0.0239512 0.0183991 0.0135155 0.00942304 0.00618532 0.00379033
 0.00890679 0.0143211 0.0212796 0.0296314 0.0390573 0.0489518 0.058368 0.0662094 0.0716073 0.0741963 0.0741036 0.0717466 0.0676414 0.0623008 0.056186 0.0496738 0.0430413 0.0364808 0.030134 0.0241293 0.0186057 0.0137109 0.00957776 0.00628913 0.00384957
 0.00892581 0.0143522 0.021325 0.0296881 0.0391119 0.0489765 0.0583222 0.0660529 0.0713224 0.0738063 0.0736739 0.0713627 0.0673748 0.0621831 0.0562053 0.0497914 0.0432169 0.0366879 0.030361 0.0243691 0.0188455 0.0139309 0.00975887 0.00642106 0.00393405
 0.00895465 0.0143986 0.0213937 0.0297831 0.0392347 0.0491236 0.0584808 0.0661983 0.0714182 0.0738132 0.0735644 0.0711373 0.0670685 0.0618563 0.0559207 0.0495917 0.0431149 0.0366728 0.0304113 0.0244632 0.0189638 0.0140551 0.00987222 0.00651161 0.00399728
 0.00901094 0.0144805 0.0214994 0.0299049 0.0393624 0.0492477 0.0585958 0.0663015 0.0715059 0.0738763 0.0735865 0.0710984 0.0669545 0.0616694 0.0556847 0.0493467 0.0429029 0.036523 0.0303335 0.0244497 0.0189969 0.0141144 0.00993895 0.00657176 0.00404325
 0.00906693 0.0145665 0.0216189 0.0300568 0.0395397 0.0494375 0.05878 0.0664593 0.0716194 0.0739356 0.073591 0.0710532 0.0668639 0.0615354 0.0555102 0.049142 0.0426885 0.0363259 0.0301778 0.0243482 0.0189488 0.0141079 0.00995729 0.00659957 0.0040697
 0.00904132 0.0145447 0.0216225 0.0301165 0.0396861 0.0496858 0.0591181 0.0668464 0.0719979 0.0742483 0.0737969 0.0711342 0.0668238 0.0613923 0.0552894 0.0488698 0.0423914 0.0360304 0.0299094 0.0241276 0.0187867 0.0140033 0.00989989 0.00657451 0.00406281
 0.00907944 0.0145969 0.0216842 0.0301809 0.0397498 0.0497566 0.0592169 0.0669996 0.0722209 0.0745308 0.074099 0.0713989 0.0669977 0.0614438 0.0552151 0.0486899 0.0421394 0.0357434 0.0296223 0.0238687 0.0185752 0.0138474 0.00979693 0.00651422 0.00403194
 0.00928266 0.014915 0.0221385 0.0307786 0.0404788 0.0505791 0.0600673 0.0677925 0.0728711 0.0749769 0.0743157 0.0713915 0.0667877 0.0610569 0.0546796 0.0480411 0.0414219 0.0350087 0.0289211 0.0232437 0.0180553 0.0134451 0.00950897 0.00632457 0.0039177
 0.00952517 0.0152912 0.0226706 0.031474 0.0413273 0.0515503 0.0611061 0.068818 0.0737851 0.0756821 0.0747369 0.0714917 0.0665725 0.0605674 0.0539779 0.0471959 0.0404999 0.0340715 0.0280247 0.022436 0.017372 0.0129049 0.00911235 0.00605579 0.00375063
 0.009414 0.0151276 0.0224568 0.0312257 0.0410723 0.051325 0.0609513 0.0687738 0.0738827 0.075933 0.0751244 0.0719693 0.0670729 0.061019 0.0543219 0.0473981 0.0405538 0.0339945 0.0278503 0.0222061 0.0171281 0.0126812 0.00893045 0.00592348 0.00366428
 0.00936407 0.015063 0.0223903 0.0311795 0.041072 0.0513904 0.0610888 0.0689747 0.0741284 0.0762021 0.075398 0.0722313 0.0673073 0.0612067 0.0544414 0.0474297 0.0404866 0.033832 0.0276119 0.0219231 0.0168368 0.0124145 0.00871098 0.00576074 0.00355556
 0.00920547 0.0148107 0.022023 0.0306862 0.0404605 0.050697 0.0603832 0.0683527 0.0736886 0.0760162 0.07549 0.0725768 0.0678468 0.0618643 0.0551392 0.0480972 0.0410671 0.0342882 0.0279292 0.0221096 0.0169178 0.0124244 0.00868343 0.00572176 0.0035206
 0.00923876 0.0148316 0.0219933 0.0305505 0.0401617 0.0502007 0.0597006 0.067548 0.0728677 0.0753012 0.0749907 0.0723656 0.0679448 0.0622401 0.0557205 0.0487911 0.0417803 0.0349431 0.0284733 0.0225187 0.0171942 0.0125894 0.00876788 0.00575639 0.00352968
 0.00928447 0.0149233 0.0221602 0.0308219 0.040549 0.0506749 0.0601802 0.0679136 0.0730036 0.075146 0.0745661 0.0717688 0.0673103 0.0616929 0.0553417 0.0486047 0.0417607 0.0350347 0.028613 0.0226546 0.017295 0.0126459 0.00878682 0.00575198 0.00351576
 0.00917486 0.0147781 0.0220037 0.0307002 0.0405207 0.0507928 0.060471 0.0683611 0.0735429 0.0756715 0.0749588 0.071936 0.0672218 0.0613931 0.0549289 0.0481897 0.0414271 0.0348184 0.0285055 0.0226212 0.0172966 0.0126535 0.00878692 0.00574317 0.00350258
 0.00909922 0.0146233 0.0217154 0.0302177 0.0398036 0.0498579 0.0594171 0.0673596 0.072786 0.0753034 0.0750237 0.0723704 0.0678886 0.0621384 0.0556342 0.0487979 0.041937 0.0352566 0.0288972 0.0229741 0.0176022 0.0128989 0.00896595 0.00586053 0.00357129
 0.00922591 0.0148402 0.0220576 0.0307126 0.0404503 0.0506039 0.0601494 0.0679295 0.073066 0.0752461 0.0746836 0.0718712 0.0673594 0.0616605 0.0552271 0.048442 0.0416087 0.0349509 0.0286274 0.0227575 0.0174467 0.0127987 0.0089065 0.00582665 0.00355175
 0.00888671 0.0144012 0.0216049 0.0303959 0.0404419 0.0510306 0.0610322 0.0691618 0.0744404 0.0765145 0.0756274 0.0723603 0.0673799 0.0613004 0.0546271 0.04774 0.0409039 0.0342996 0.0280575 0.0222834 0.0170746 0.0125256 0.00872015 0.00570837 0.00348172
#obs surv len freq
 nan nan nan nan nan nan nan nan nan nan nan nan nan nan nan nan nan nan nan nan nan nan nan nan nan
 0.00447938 0.00733887 0.0111679 0.015985 0.0216884 0.0279682 0.0342867 0.0400216 0.044703 0.0481668 0.0505234 0.0520171 0.052907 0.0534172 0.0537297 0.0539832 0.0542607 0.0545528 0.0546912 0.0542828 0.0527209 0.0493531 0.0438032 0.0362837 0.027668
 0.00461256 0.0075552 0.0114929 0.0164417 0.022292 0.0287178 0.0351572 0.0409601 0.0456352 0.0490107 0.0512036 0.0524773 0.053116 0.053371 0.0534477 0.0535012 0.0536215 0.0537989 0.0538616 0.0534146 0.0518525 0.0485274 0.0430642 0.035669 0.0271981
 0.00477936 0.00782795 0.0119063 0.0170285 0.0230766 0.0297052 0.0363221 0.0422426 0.0469483 0.0502548 0.0522822 0.053307 0.0536338 0.0535395 0.0532583 0.0529733 0.0527976 0.0527361 0.052625 0.0520738 0.0504825 0.0472084 0.0418758 0.0346767 0.0264383
 0.00497497 0.00814907 0.0123953 0.017727 0.0240168 0.0308976 0.0377415 0.0438232 0.0485919 0.0518476 0.0537121 0.0544744 0.0544569 0.0539577 0.053236 0.0525026 0.0518997 0.0514607 0.0510465 0.0502888 0.0486063 0.0453689 0.0402 0.0332685 0.025356
 0.00518203 0.00848823 0.0129107 0.0184619 0.0250063 0.0321561 0.0392493 0.0455205 0.0503851 0.0536252 0.0553597 0.0558852 0.0555368 0.0546287 0.0534392 0.052202 0.051087 0.0501601 0.0493206 0.0482411 0.0463792 0.0431333 0.038131 0.0315124 0.0239982
 0.00542053 0.00887743 0.0134992 0.0192961 0.0261218 0.0335637 0.0409215 0.0473864 0.05234 0.0555506 0.0571407 0.0574194 0.0567362 0.0554178 0.0537546 0.0519944 0.0503261 0.0488445 0.0474902 0.04599 0.0438608 0.0405493 0.0357007 0.0294259 0.0223722
 0.00567088 0.00928712 0.0141208 0.0201802 0.0273074 0.0350629 0.0427038 0.0493729 0.0544156 0.0575856 0.0590125 0.0590234 0.0579883 0.0562508 0.0541133 0.0518318 0.0496052 0.0475471 0.0456346 0.0436517 0.0411874 0.0377549 0.0330327 0.0271084 0.0205505
 0.00589381 0.00965703 0.0146916 0.0210071 0.0284365 0.0365139 0.0444528 0.0513459 0.0564988 0.0596475 0.0609254 0.0606763 0.0592916 0.0571353 0.054526 0.0517306 0.0489553 0.0463261 0.0438484 0.0413588 0.0385207 0.034924 0.0302929 0.0247019 0.0186418
 0.00614696 0.0100678 0.0153086 0.0218759 0.0295924 0.0379696 0.0461843 0.0532859 0.0585436 0.0616738 0.0628088 0.0623047 0.0605721 0.0579968 0.054917 0.0516139 0.0483029 0.0451203 0.0420934 0.0391045 0.035887 0.032109 0.0275476 0.0222721 0.0167014
 0.0063939 0.0104735 0.0159267 0.0227582 0.0307775 0.0394663 0.0479551 0.0552441 0.0605679 0.0636346 0.0645896 0.0638116 0.0617323 0.0587544 0.0552291 0.0514471 0.0476323 0.0439303 0.0403887 0.03693 0.0333514 0.0293952 0.0248919 0.0199112 0.014807
 0.00661767 0.0108425 0.0164919 0.0235705 0.0318778 0.0408698 0.0496345 0.0571225 0.0625292 0.0655454 0.0663224 0.0652609 0.0628213 0.0594337 0.0554701 0.0512331 0.0469514 0.0427756 0.0387677 0.0348841 0.0309786 0.0268602 0.0224101 0.0177006 0.0130285
 0.00682493 0.0111832 0.0170118 0.0243147 0.0328826 0.0421488 0.0511641 0.0588366 0.0643266 0.0673085 0.0679349 0.0666207 0.0638473 0.0600695 0.0556829 0.0510091 0.0462881 0.0416784 0.0372536 0.0329964 0.0288069 0.0245513 0.0201548 0.0156927 0.0114117
 0.00706713 0.0115765 0.0176025 0.0251449 0.0339809 0.0435167 0.0527625 0.0605819 0.0661037 0.0689929 0.0694148 0.067808 0.0646806 0.0605112 0.0557155 0.0506304 0.0455065 0.0405102 0.035726 0.0311585 0.0267446 0.0223965 0.0180744 0.0138544 0.00993829
 0.00728059 0.0119287 0.0181418 0.0259182 0.035023 0.0448336 0.0543153 0.0622828 0.0678301 0.0706132 0.0708123 0.0688948 0.0654007 0.0608376 0.0556438 0.0501715 0.0446806 0.0393433 0.034253 0.0294318 0.0248462 0.0204442 0.0162119 0.0122228 0.00863828
 0.0074563 0.0122171 0.018581 0.0265459 0.0358694 0.04591 0.0556015 0.0637207 0.0693289 0.0720645 0.072107 0.0699377 0.0661208 0.0611928 0.0556205 0.0497787 0.0439425 0.0382933 0.0329331 0.0278979 0.0231768 0.0187442 0.0146043 0.0108246 0.00753058
 0.00754033 0.0123573 0.0187992 0.0268661 0.0363148 0.0464974 0.0563344 0.0645851 0.0702924 0.0730786 0.0731108 0.0708616 0.0668918 0.0617435 0.0558975 0.0497501 0.0435995 0.0376489 0.0320198 0.0267678 0.0219036 0.0174228 0.013342 0.00972093 0.00665385
 0.00759511 0.0124411 0.0189161 0.0270185 0.0365052 0.0467316 0.0566227 0.0649404 0.0707258 0.0735937 0.0736978 0.0714938 0.0675254 0.0623201 0.0563522 0.0500209 0.0436384 0.0374305 0.0315461 0.0260702 0.0210416 0.0164796 0.0124122 0.00889264 0.0059884
 0.00765618 0.0125343 0.0190449 0.0271813 0.0366962 0.0469412 0.0568399 0.0651555 0.0709354 0.073804 0.073924 0.0717527 0.0678243 0.0626481 0.0566764 0.0502911 0.0437972 0.0374275 0.0313508 0.0256817 0.0204926 0.0158318 0.0117441 0.0082807 0.00548821
 0.00771054 0.0126167 0.0191576 0.0273222 0.0368587 0.0471157 0.0570143 0.0653169 0.071073 0.0739134 0.07401 0.0718296 0.0679115 0.0627616 0.0568197 0.0504485 0.0439339 0.0374973 0.0313101 0.0255048 0.0201827 0.0154232 0.0112932 0.0078494 0.00512551
 0.00778198 0.0127248 0.019305 0.0275055 0.0370688 0.0473385 0.0572324 0.0655113 0.071226 0.0740131 0.0740539 0.0718256 0.0678761 0.0627157 0.0567826 0.0504305 0.0439306 0.0374878 0.0312631 0.0253904 0.0199868 0.0151554 0.0109858 0.0075453 0.00486311
 0.00782943 0.0128006 0.0194163 0.0276568 0.03726 0.0475622 0.0574719 0.0657419 0.0714208 0.0741504 0.0741229 0.0718278 0.0678229 0.0626251 0.0566745 0.0503229 0.0438343 0.0374023 0.0311758 0.0252823 0.0198419 0.0149708 0.0107751 0.00733391 0.00467721
 0.00786808 0.0128586 0.0194947 0.027754 0.0373725 0.0476865 0.0576048 0.0658793 0.0715561 0.0742732 0.0742203 0.0718881 0.0678392 0.0625977 0.0566116 0.0502374 0.0437397 0.0373077 0.0310826 0.0251844 0.0197304 0.0148412 0.010632 0.00719047 0.00454956
 0.00787219 0.012865 0.0195038 0.0277657 0.0373863 0.0477017 0.0576206 0.0658962 0.0715764 0.0743009 0.0742597 0.0719399 0.067899 0.0626565 0.0566592 0.0502668 0.0437489 0.037299 0.031059 0.0251469 0.0196777 0.0147725 0.0105507 0.00710491 0.00447035
 0.00787959 0.0128713 0.0195031 0.0277495 0.0373464 0.0476346 0.0575309 0.0657964 0.0714834 0.0742313 0.0742252 0.0719463 0.0679454 0.0627359 0.0567598 0.0503739 0.0438488 0.0373814 0.0311183 0.025181 0.0196871 0.0147594 0.0105199 0.00706368 0.00442737
 0.00789568 0.0128934 0.0195283 0.0277718 0.0373574 0.0476249 0.0574928 0.0657266 0.0713855 0.0741171 0.0741132 0.0718567 0.0678948 0.0627323 0.056801 0.0504497 0.0439437 0.0374792 0.0312053 0.0252481 0.0197299 0.0147783 0.0105187 0.007049 0.00440657
 0.00789025 0.0128848 0.0195157 0.0277542 0.0373335 0.0475927 0.0574499 0.0656706 0.0713154 0.0740349 0.0740252 0.0717739 0.0678309 0.0627004 0.0568097 0.0504996 0.0440274 0.037583 0.0313131 0.0253455 0.0198068 0.0148306 0.0105475 0.00705929 0.00440522
 0.00790106 0.0128967 0.0195234 0.0277495 0.037308 0.0475416 0.0573748 0.0655795 0.0712196 0.0739444 0.0739467 0.0717108 0.0677855 0.0626761 0.056811 0.0505302 0.0440876 0.0376674 0.0314114 0.0254446 0.0198947 0.014899 0.0105938 0.00708574 0.00441702
 0.00789664 0.0128918 0.0195198 0.0277493 0.0373119 0.0475467 0.0573736 0.0655625 0.0711796 0.073881 0.0738675 0.0716285 0.067713 0.0626229 0.056782 0.0505275 0.044111 0.0377146 0.0314767 0.0255192 0.0199683 0.0149625 0.0106418 0.00711722 0.00443462
 0.00786401 0.0128384 0.0194393 0.0276368 0.0371666 0.0473745 0.0571894 0.0653873 0.0710348 0.0737814 0.0738176 0.0716245 0.0677474 0.0626886 0.0568736 0.0506401 0.0442396 0.0378533 0.0316187 0.0256567 0.0200932 0.0150676 0.0107228 0.00717381 0.00447006
 0.00785099 0.0128128 0.0193928 0.027559 0.0370479 0.0472106 0.0569853 0.0651595 0.0708085 0.0735847 0.073675 0.0715513 0.0677469 0.0627532 0.0569891 0.0507907 0.0444107 0.0380331 0.0317972 0.025825 0.0202433 0.0151934 0.0108205 0.00724348 0.00451521
 0.00781278 0.0127502 0.0192974 0.0274231 0.0368653 0.04698 0.0567133 0.064862 0.0705099 0.0733146 0.0734632 0.0714225 0.0677163 0.0628228 0.0571478 0.051017 0.0446787 0.0383173 0.032076 0.0260821 0.020467 0.0153766 0.0109609 0.00734313 0.00458015
 0.00780503 0.012736 0.0192729 0.027383 0.0368039 0.0468919 0.0565947 0.0647127 0.070334 0.0731216 0.0732684 0.0712458 0.06758 0.062747 0.0571452 0.0510896 0.0448168 0.0385021 0.0322848 0.0262925 0.0206609 0.0155414 0.0110904 0.00743692 0.00464233
 0.00778524 0.012701 0.0192152 0.0272945 0.0366777 0.0467265 0.0563964 0.0644957 0.070117 0.0729231 0.0731024 0.0711219 0.0675047 0.0627257 0.0571823 0.051187 0.044971 0.0387026 0.0325139 0.0265289 0.0208837 0.0157342 0.0112437 0.0075487 0.00471687
 0.00773868 0.0126306 0.0191189 0.0271732 0.0365345 0.0465647 0.0562198 0.0643093 0.069929 0.0727455 0.0729497 0.0710083 0.0674407 0.0627167 0.0572292 0.0512874 0.0451199 0.0388919 0.0327313 0.0267576 0.0211047 0.0159305 0.0114033 0.00766737 0.00479714
 0.00931768 0.0148355 0.021769 0.0298781 0.0388093 0.0480119 0.0566727 0.0638561 0.0688242 0.0712818 0.0713666 0.0694613 0.0660144 0.0614508 0.0561389 0.0503749 0.04438 0.0383142 0.032301 0.0264555 0.0209076 0.0158129 0.0113406 0.00763846 0.0047864
 0.0093019 0.0151027 0.0226868 0.0319017 0.0422815 0.0528947 0.0623778 0.0693429 0.0729711 0.0733312 0.071176 0.0674395 0.0628432 0.0577933 0.0524773 0.0469878 0.0413962 0.035776 0.0302079 0.0247856 0.0196258 0.0148729 0.0106874 0.00721194 0.00452688
 0.00896869 0.0145767 0.0219461 0.0309934 0.041376 0.0523226 0.062591 0.0707524 0.0757008 0.0770344 0.075079 0.0706381 0.064681 0.0580903 0.0514956 0.0452165 0.0393203 0.0337457 0.0284181 0.0233146 0.0184826 0.0140307 0.0101015 0.00682947 0.00429455
 0.00879058 0.0142804 0.0214885 0.0303327 0.040488 0.0512311 0.061407 0.0697028 0.0751121 0.077243 0.0762798 0.0727388 0.0672689 0.0605661 0.0533175 0.0461084 0.0393262 0.0331297 0.0275039 0.0223648 0.0176536 0.0133853 0.00964193 0.00652755 0.00411138
 0.00873031 0.0141742 0.0213127 0.030058 0.040084 0.0506746 0.0606953 0.0688692 0.074242 0.0764849 0.075835 0.0728114 0.067976 0.0618495 0.0549214 0.0476614 0.0404934 0.0337422 0.0275926 0.0220954 0.0172249 0.012952 0.00928813 0.00627744 0.00395388
 0.00871021 0.0141387 0.0212531 0.029963 0.0399391 0.0504635 0.0604029 0.0684855 0.0737691 0.075948 0.0752939 0.0723674 0.0677589 0.0619762 0.0554359 0.0484888 0.041448 0.034598 0.028179 0.0223579 0.0172202 0.0127936 0.00908463 0.00609836 0.00382605
 0.00867045 0.0140783 0.02117 0.0298575 0.0398128 0.0503176 0.0602367 0.068296 0.0735515 0.0756984 0.0750151 0.0720779 0.0675015 0.0618184 0.0554523 0.048727 0.0418929 0.0351623 0.0287324 0.0227838 0.0174628 0.0128676 0.00904937 0.0060191 0.00374824
 0.0086705 0.0140744 0.0211572 0.0298289 0.0397621 0.0502421 0.060139 0.0681831 0.0734309 0.0755732 0.0748828 0.0719338 0.0673471 0.0616699 0.0553443 0.0487043 0.0419905 0.0353816 0.0290312 0.0230908 0.0177092 0.013017 0.00910592 0.00601376 0.00371654
 0.00865903 0.0140577 0.0211353 0.0298025 0.0397314 0.0502058 0.0600937 0.0681251 0.0733587 0.0754888 0.0747916 0.0718417 0.067258 0.0615872 0.0552751 0.0486637 0.0419994 0.0354568 0.0291719 0.0232722 0.0178912 0.0131624 0.00919621 0.00605281 0.00372184
 0.00864442 0.0140331 0.021097 0.0297471 0.0396574 0.0501152 0.0599933 0.0680252 0.0732697 0.075418 0.0747407 0.0718085 0.0672389 0.0615791 0.0552771 0.0486784 0.0420335 0.035519 0.0292671 0.0233955 0.0180258 0.0132857 0.00929005 0.00611083 0.0037494
 0.0086351 0.0140195 0.021079 0.0297254 0.0396323 0.0500862 0.0599587 0.0679834 0.0732206 0.0753643 0.0746877 0.0717619 0.0672027 0.0615549 0.0552645 0.0486771 0.0420452 0.035547 0.0293151 0.0234631 0.0181067 0.0133678 0.00936061 0.00616175 0.00377969
 0.00861535 0.0139894 0.0210377 0.0296736 0.0395725 0.0500225 0.0598963 0.0679276 0.0731755 0.0753318 0.0746674 0.071752 0.0672018 0.0615622 0.0552799 0.0487007 0.0420769 0.0355874 0.0293648 0.0235221 0.018172 0.0134336 0.00941934 0.00620742 0.00381024
 0.00863297 0.0140142 0.0210679 0.0297052 0.0396002 0.0500416 0.0599041 0.0679239 0.0731619 0.0753101 0.0746395 0.0717192 0.0671653 0.0615237 0.055242 0.0486666 0.0420501 0.0355711 0.029361 0.0235314 0.0181928 0.0134617 0.00944938 0.00623408 0.00383023
 0.00862672 0.0140082 0.0210663 0.0297137 0.0396239 0.0500814 0.059955 0.0679752 0.0732018 0.0753302 0.0746373 0.0716979 0.0671309 0.0614824 0.0551987 0.0486249 0.0420131 0.0355415 0.0293414 0.0235229 0.0181951 0.0134726 0.00946488 0.00625012 0.00384366
 0.00862337 0.0140002 0.0210498 0.0296847 0.0395803 0.0500259 0.0598963 0.0679265 0.0731747 0.0753299 0.0746599 0.0717336 0.0671688 0.061515 0.0552231 0.0486419 0.0420251 0.0355511 0.0293511 0.0235346 0.0182096 0.0134894 0.0094824 0.00626621 0.00385661
 0.00862337 0.0140002 0.0210498 0.0296847 0.0395803 0.0500259 0.0598963 0.0679265 0.0731747 0.0753299 0.0746599 0.0717336 0.0671688 0.061515 0.0552231 0.0486419 0.0420251 0.0355511 0.0293511 0.0235346 0.0182096 0.0134894 0.0094824 0.00626621 0.00385661
 0.00879271 0.0142719 0.0214505 0.0302316 0.0402724 0.0508326 0.0607498 0.0687278 0.0738167 0.0757277 0.0747735 0.0715711 0.0667752 0.0609548 0.0545653 0.0479501 0.0413514 0.0349341 0.0288154 0.0230927 0.0178638 0.0132337 0.00930512 0.00615174 0.00378829
 0.00888902 0.01444 0.0217241 0.0306478 0.040861 0.0515999 0.0616633 0.0697112 0.0747608 0.0765139 0.0752999 0.0717742 0.0666408 0.0605175 0.0538963 0.0471387 0.0404869 0.0340923 0.0280519 0.022442 0.0173412 0.0128388 0.00902545 0.00596724 0.00367568
 0.00874 0.0142096 0.0214019 0.0302384 0.0403906 0.0511219 0.0612579 0.0694728 0.0747698 0.0768045 0.07584 0.0724713 0.0673703 0.06116 0.0543682 0.0474064 0.0405638 0.0340232 0.0278941 0.0222489 0.017153 0.0126796 0.00890493 0.00588466 0.00362429
 0.00891179 0.0144618 0.0217304 0.03062 0.0407878 0.0514917 0.0615625 0.0696876 0.0748908 0.07685 0.0758446 0.0724692 0.067377 0.0611625 0.0543317 0.0472924 0.0403503 0.0337159 0.0275241 0.0218609 0.0167904 0.0123739 0.0086708 0.00572126 0.00352041
 0.00870592 0.014157 0.0213273 0.0301388 0.0402625 0.0509608 0.0610629 0.0692538 0.0745571 0.0766512 0.0758123 0.0726243 0.0677202 0.0616667 0.054941 0.0479311 0.0409402 0.0341962 0.0278654 0.0220669 0.016889 0.0124024 0.00866332 0.0057018 0.00350184
 0.00868588 0.0140951 0.0211819 0.0298585 0.0398056 0.0503226 0.0602947 0.0684576 0.073854 0.076141 0.0755479 0.0726116 0.0679351 0.0620713 0.0554899 0.0485701 0.041606 0.0348235 0.0283997 0.0224771 0.0171714 0.0125757 0.00875738 0.00574644 0.00352
 0.00890722 0.0144445 0.0216846 0.0305205 0.0406009 0.0511805 0.061097 0.0690601 0.0741321 0.0760387 0.0751003 0.0719269 0.0671498 0.061307 0.0548302 0.0480565 0.0412438 0.0345911 0.0282594 0.0223884 0.0171031 0.012512 0.00869597 0.00569201 0.00347751
 0.00891733 0.0144859 0.0217928 0.0307432 0.0409842 0.0517471 0.0618247 0.0698729 0.0749105 0.0766478 0.075427 0.0719138 0.0668129 0.0607289 0.0541296 0.0473509 0.04062 0.0340928 0.0278917 0.022131 0.0169258 0.0123873 0.00860533 0.00562568 0.00343078
 0.00878833 0.014278 0.0214863 0.0303291 0.0404762 0.0511939 0.0613147 0.0695189 0.0748124 0.0768488 0.0758887 0.0725266 0.0674374 0.061246 0.054477 0.0475301 0.0406782 0.0340915 0.0278801 0.0221334 0.0169447 0.0124133 0.00862834 0.00564049 0.00343748
 0.00905805 0.0146881 0.0220486 0.0310303 0.0412756 0.0520249 0.062091 0.0701496 0.0752271 0.0770217 0.0758438 0.072318 0.0671167 0.0608407 0.0539919 0.0469674 0.0400567 0.0334526 0.0272763 0.0216106 0.0165285 0.0121065 0.00841721 0.00550394 0.00335429
 0.00933726 0.0151623 0.0227956 0.0321245 0.0427571 0.0538591 0.064137 0.0721673 0.0769335 0.0781741 0.0763069 0.0720886 0.0663015 0.0596078 0.0525185 0.0454031 0.038511 0.0320017 0.0259753 0.0204998 0.0156314 0.011426 0.00793492 0.00518586 0.00315978
#pred catch len freq
 0.00474841 0.00747761 0.0108373 0.0147184 0.0190546 0.0238096 0.0289034 0.0341657 0.0393646 0.0442688 0.048689 0.052495 0.0556202 0.0580505 0.0597933 0.0608413 0.0611538 0.0606557 0.0592367 0.0567381 0.0529534 0.0476938 0.0409457 0.0330479 0.0247373
 0.00503819 0.00785028 0.0112204 0.0149949 0.0191084 0.0235906 0.028469 0.0336637 0.0389584 0.0440488 0.0486252 0.0524578 0.0554535 0.0576564 0.0591874 0.060158 0.0605978 0.0604187 0.0594128 0.05728 0.0536933 0.0484208 0.0414958 0.0333584 0.0248415
 0.00535055 0.00834007 0.0119172 0.0158964 0.0201616 0.0246771 0.0294116 0.0342727 0.0391102 0.0437512 0.0480166 0.0517271 0.0547353 0.0569754 0.0584892 0.0593928 0.0597924 0.0596842 0.0588865 0.0570438 0.0537244 0.0486062 0.0416974 0.0334803 0.0248598
 0.00563781 0.00879057 0.0125665 0.0167714 0.0212802 0.0260414 0.030988 0.0359638 0.0407399 0.0450868 0.0488355 0.0519025 0.0542861 0.056043 0.0572562 0.0580076 0.05835 0.0582581 0.0575612 0.0559082 0.0528342 0.0479557 0.0412301 0.033128 0.0245771
 0.00594199 0.00926095 0.0132312 0.0176453 0.0223695 0.0273488 0.0325107 0.0376825 0.0425993 0.0469759 0.0505775 0.0532725 0.0550647 0.0560893 0.0565595 0.0566846 0.0565921 0.0562696 0.0555226 0.0539667 0.0511006 0.0464973 0.0400664 0.0322409 0.0239298
 0.00626737 0.00976626 0.0139486 0.018592 0.0235496 0.0287556 0.0341252 0.0394693 0.0445044 0.048925 0.0524709 0.0549763 0.0564084 0.0568848 0.0566459 0.0559832 0.0551425 0.0542238 0.053104 0.0514172 0.0486383 0.0442907 0.0382223 0.0308027 0.0228857
 0.00661435 0.0103047 0.0147124 0.0195991 0.0248042 0.0302505 0.0358387 0.0413592 0.0465047 0.0509487 0.0544171 0.0567346 0.0578597 0.0578986 0.0570847 0.0557236 0.0541131 0.0524459 0.0507093 0.0486311 0.0457341 0.0415335 0.0358213 0.0288815 0.0214752
 0.00696995 0.010859 0.0155034 0.0206496 0.026123 0.0318325 0.0376607 0.0433723 0.0486321 0.05309 0.0564573 0.0585551 0.0593461 0.0589448 0.0575908 0.0555959 0.0532747 0.0508647 0.0484346 0.0458172 0.042631 0.0384414 0.0330226 0.0265781 0.0197535
 0.007349 0.0114428 0.0163233 0.0217176 0.0274365 0.0333806 0.0394232 0.0453127 0.0506891 0.0551759 0.0584627 0.0603592 0.06083 0.0600012 0.0581287 0.0555383 0.052559 0.0494535 0.046343 0.0431455 0.0395814 0.0352968 0.030087 0.0240991 0.017864
