SBPRF35
7.78865
Curr Bio
654380
B35
713522
F35
0.230132
FOFL
0.222147
OFL
114399
Bzero
2.22533e+006
#pred survey bio
 4.53717e+006 4.24598e+006 3.98232e+006 3.68509e+006 3.36838e+006 3.03413e+006 2.72288e+006 2.40735e+006 2.10959e+006 1.86056e+006 1.62729e+006 1.47687e+006 1.3065e+006 1.16095e+006 1.01647e+006 902480 809945 747979 701944 665297 636363 609146 578618 571953 571232 572494 564437 560122 558092 563334 560906 555405 557135 553346 545740 537254 528517 523120 529666 539309 538324 553449 556157 554310 568198 576699 589336 604476 631577 651321 2.40303e+007 1.46484e+007 1.49119e+007 1.52738e+007 1.56778e+007 1.60615e+007 1.63935e+007 1.66644e+007 1.68773e+007 1.70406e+007 1.71641e+007 1.72566e+007 1.73258e+007 1.73775e+007 1.74162e+007 1.74452e+007 1.74671e+007 1.74836e+007 1.74962e+007 1.75057e+007 1.7513e+007 1.75186e+007 1.75229e+007 1.75262e+007 1.75287e+007 1.75307e+007 1.75322e+007 1.75333e+007 1.75342e+007 1.75349e+007 1.75355e+007 1.75359e+007 1.75362e+007 1.75364e+007 1.75366e+007 1.75368e+007 1.75369e+007 1.7537e+007 1.75371e+007 1.75371e+007 1.75371e+007 1.75372e+007 1.75372e+007 1.75372e+007 1.75372e+007 1.75373e+007 1.75373e+007 1.75373e+007 1.75373e+007 1.75373e+007 1.75373e+007 1.75373e+007 1.75373e+007 1.75373e+007 1.75373e+007 1.75373e+007 1.75373e+007 1.75373e+007 1.75373e+007 1.75373e+007 1.75373e+007 1.75373e+007 1.75373e+007 1.75373e+007 1.75373e+007 1.75373e+007 1.75373e+007 1.75373e+007 1.75373e+007 1.75373e+007 1.75373e+007 1.75373e+007 1.75373e+007 1.75373e+007 1.75373e+007 1.75373e+007 1.75373e+007 1.75373e+007 1.75373e+007 1.75373e+007 1.75373e+007 1.75373e+007 1.75373e+007 1.75373e+007 1.75373e+007 1.75373e+007 1.75373e+007 1.75373e+007 1.75373e+007 1.75373e+007 1.75373e+007 1.75373e+007 1.75373e+007 1.75373e+007 1.75373e+007 1.75373e+007 1.75373e+007 1.75373e+007 1.75373e+007 1.75373e+007 0 0 0 0 0 0 0 0 0 0 0 0 0 0 0 0 0 0 0 0 0 0 0 0 0
#obs survey bio
 3.73868e+006 3.89347e+006 4.0605e+006 3.81248e+006 2.53884e+006 2.68338e+006 2.7593e+006 2.45567e+006 1.60569e+006 1.40701e+006 1.36954e+006 1.42586e+006 1.179e+006 822203 973185 682982 864627 586148 689418 500474 681763 567037 764256 568328 519033 401157 458035 685907 444276 460305 459141 619882 518470 580283 706371 563694 640177 584191 651590 541893 465574 597566 763447 591410 421188 622014 584297 715362 528704 609393
#pred catch bio
 98518.8 95442.2 154383 203779 253744 266735 302644 315635 296914 303269 244635 271892 254666 254463 226171 204900 175877 159874 148824 138602 133170 131849 108918 103261 101849 109696 105381 102081 95509.1 101669 102634 94020.3 95584.4 94585.8 90950.3 89505.8 89425.7 83752.3 83976.1 93676.7 80618.8 91992.4 96316.1 84640.4 91658.5 90535.8 91785.5 86857.3 99373.1 91636.1 114399 119296 120417 122179 124489 126768 128699 130203 131310 132094 132632 132994 133233 133388 133489 133553 133593 133619 133635 133645 133651 133655 133657 133659 133660 133660 133661 133661 133661 133661 133661 133661 133661 133661 133661 133661 133661 133661 133661 133661 133661 133661 133661 133661 133661 133661 133661 133661 133661 133661 133661 133661 133661 133661 133661 133661 133661 133661 133661 133661 133661 133661 133661 133661 133661 133661 133661 133661 133661 133661 133661 133661 133661 133661 133661 133661 133661 133661 133661 133661 133661 133661 133661 133661 133661 133661 133661 133661 133661 133661 133661 133661 133661 133661 133661 133661 133661 133661 133661 133661 0 0 0 0 0 0 0 0 0 0 0 0 0 0 0 0 0 0 0 0 0 0 0 0 0
#obs catch bio
 0 95133.2 154958 204685 256144 268747 306837 320257 301741 311257 249611 278892 260231 260574 229711 208484 177460 162037 150880 140370 134346 133282 109296 103903 102380 111088 106827 102586 96084.7 102665 104148 94691.4 96339 95003.2 90800.1 89236.9 89233.2 83468.3 83384.2 93001.1 79804.4 91290.9 95444.9 83935.1 91481 90172 91307.3 86479.2 99365.9 91540.3
#pred cpue bio
 4.45275e+006 4.16435e+006 3.90272e+006 3.60673e+006 3.29207e+006 2.96006e+006 2.65077e+006 2.33764e+006 2.04237e+006 1.79524e+006 1.56425e+006 1.41535e+006 1.24797e+006 1.10544e+006 964549 853620 763794 703728 659284 624314 597025 571423 542487 536303 535620 536671 528836 525017 523461 528581 526338 521527 524031 521335 515110 507835 498987 491998 496985 506267 505670 520344 522903 520864 533791 541548 553314 567180 592152 609857 2.25174e+007 1.37441e+007 1.39847e+007 1.43052e+007 1.46916e+007 1.5071e+007 1.54021e+007 1.56728e+007 1.58857e+007 1.6049e+007 1.61724e+007 1.6265e+007 1.63342e+007 1.63858e+007 1.64245e+007 1.64535e+007 1.64754e+007 1.6492e+007 1.65045e+007 1.65141e+007 1.65214e+007 1.6527e+007 1.65313e+007 1.65346e+007 1.65371e+007 1.6539e+007 1.65405e+007 1.65417e+007 1.65426e+007 1.65433e+007 1.65438e+007 1.65442e+007 1.65446e+007 1.65448e+007 1.6545e+007 1.65451e+007 1.65453e+007 1.65453e+007 1.65454e+007 1.65455e+007 1.65455e+007 1.65455e+007 1.65456e+007 1.65456e+007 1.65456e+007 1.65456e+007 1.65456e+007 1.65456e+007 1.65456e+007 1.65456e+007 1.65456e+007 1.65456e+007 1.65456e+007 1.65456e+007 1.65456e+007 1.65456e+007 1.65456e+007 1.65456e+007 1.65456e+007 1.65456e+007 1.65456e+007 1.65456e+007 1.65456e+007 1.65456e+007 1.65456e+007 1.65456e+007 1.65456e+007 1.65456e+007 1.65456e+007 1.65456e+007 1.65456e+007 1.65456e+007 1.65456e+007 1.65456e+007 1.65456e+007 1.65456e+007 1.65456e+007 1.65456e+007 1.65456e+007 1.65456e+007 1.65456e+007 1.65456e+007 1.65456e+007 1.65456e+007 1.65456e+007 1.65456e+007 1.65456e+007 1.65456e+007 1.65456e+007 1.65456e+007 1.65456e+007 1.65456e+007 1.65456e+007 1.65456e+007 1.65456e+007 1.65456e+007 1.65456e+007 1.65456e+007 1.65456e+007 1.65456e+007 0 0 0 0 0 0 0 0 0 0 0 0 0 0 0 0 0 0 0 0 0 0 0 0 0
#obs cpue bio
 2.9898e+006 3.74836e+006 2.5264e+006 2.68191e+006 2.47235e+006 3.67425e+006 1.58718e+006 2.22719e+006 1.74768e+006 1.19097e+006 1.26169e+006 1.35822e+006 1.2267e+006 1.26151e+006 1.14411e+006 825209 855585 570082 538780 699807 601105 525687 467953 416114 551790 463284 465895 690311 483155 495940 399805 588013 519038 600539 605247 558707 429391 481375 577868 665688 673164 516408 499046 452284 529736 590526 695639 406996 631141 577793
#pred surv len freq
 0.00463675 0.00747535 0.0111593 0.0156594 0.0208934 0.0266651 0.0326183 0.0382969 0.0432979 0.0473955 0.0505564 0.0528768 0.054513 0.0556287 0.0563532 0.0567543 0.0568339 0.0565372 0.0557433 0.0542291 0.0516455 0.0475902 0.0418169 0.0344963 0.0263273
 0.00497961 0.00795495 0.0117421 0.0162788 0.0214849 0.0272132 0.0331782 0.038966 0.0441433 0.0483829 0.0515302 0.0536103 0.0548024 0.0553797 0.0556189 0.0557115 0.0557145 0.0555415 0.0549724 0.0536627 0.0511779 0.0471036 0.041251 0.0338736 0.0257257
 0.00509912 0.00819003 0.0121658 0.0169703 0.022494 0.0285167 0.0346585 0.0404409 0.0454425 0.0494202 0.0523136 0.0541826 0.0551627 0.0554553 0.0553108 0.0549745 0.0546091 0.0542203 0.0536118 0.0523892 0.0500336 0.0460684 0.0402957 0.0330012 0.0249732
 0.00527449 0.00845923 0.0125463 0.0174806 0.0231652 0.0293999 0.035813 0.0418969 0.0471542 0.0512434 0.0540353 0.0555932 0.0561219 0.0559085 0.055256 0.0544268 0.0535989 0.0528179 0.0519407 0.0506021 0.04827 0.044426 0.0388336 0.0317581 0.0239779
 0.00550577 0.00882615 0.0130811 0.0182061 0.0240911 0.0305189 0.0371001 0.0433162 0.0486696 0.0528196 0.0556213 0.0570964 0.057402 0.0568045 0.0556331 0.0542114 0.0527858 0.0514628 0.0501507 0.0485272 0.0460847 0.0423021 0.036915 0.0301456 0.0227227
 0.00577342 0.00925398 0.0137119 0.0190762 0.0252249 0.0319204 0.0387408 0.0451289 0.0505548 0.0546654 0.0573251 0.0585762 0.0585911 0.0576344 0.0560218 0.0540711 0.0520499 0.0501162 0.0482498 0.0462026 0.0435267 0.0397317 0.0345445 0.0281392 0.021169
 0.00600696 0.0096332 0.0142826 0.0198826 0.0263045 0.0332924 0.0403933 0.047009 0.0525698 0.0566939 0.0592341 0.0602397 0.0599049 0.0585228 0.0564315 0.0539579 0.0513722 0.0488469 0.0464041 0.0438664 0.0408678 0.0369812 0.0319518 0.0259144 0.0194362
 0.006329 0.0101389 0.0150117 0.0208639 0.0275554 0.0348174 0.0421761 0.0490035 0.0546951 0.0588378 0.0612634 0.0620156 0.0613006 0.0594385 0.0568012 0.0537454 0.0505616 0.0474373 0.0444205 0.0413846 0.038038 0.0340278 0.029137 0.0234756 0.0175241
 0.00669452 0.0107192 0.0158592 0.0220182 0.0290373 0.0366189 0.0442497 0.0512583 0.0570077 0.0610728 0.063292 0.0637239 0.0625916 0.0602328 0.0570395 0.0533905 0.0495982 0.0458725 0.0422896 0.0387686 0.0350833 0.0309516 0.0261993 0.0209196 0.0155114
 0.00696132 0.0111563 0.0165237 0.0229669 0.0303171 0.0382511 0.0462109 0.0534701 0.0593425 0.0633742 0.0653998 0.0654963 0.0639189 0.0610414 0.057287 0.0530568 0.0486782 0.0443761 0.0402519 0.0362668 0.0322562 0.0280036 0.0233761 0.0184543 0.0135625
 0.00723853 0.0116011 0.0171839 0.0238867 0.0315338 0.0397868 0.048059 0.0555815 0.06162 0.0656777 0.0675627 0.067349 0.0653148 0.0618778 0.057512 0.0526621 0.0476844 0.0428213 0.0381914 0.0337869 0.0294923 0.0251472 0.0206549 0.0160841 0.01169
 0.00732308 0.0117467 0.0174192 0.0242466 0.0320562 0.040506 0.0489969 0.0567413 0.0629825 0.0671991 0.0691711 0.0689431 0.0667695 0.0630584 0.0582954 0.0529559 0.0474377 0.0420259 0.0368801 0.0320352 0.0274241 0.022935 0.0185009 0.0141801 0.0101701
 0.00750863 0.0120474 0.0178704 0.0248819 0.0329023 0.0415744 0.0502735 0.05818 0.0645086 0.0687208 0.0705943 0.0701832 0.0677561 0.0637346 0.0586136 0.0528756 0.0469288 0.0410768 0.0355093 0.0303021 0.0254362 0.0208458 0.0164901 0.0124164 0.0087693
 0.00765094 0.0122819 0.0182297 0.0253997 0.0336088 0.042487 0.0513862 0.059456 0.0658808 0.0701004 0.0718836 0.0712892 0.0686028 0.0642706 0.0588111 0.0527233 0.0464239 0.0402229 0.0343229 0.0288265 0.0237541 0.0190812 0.0147924 0.0109275 0.00758672
 0.00791124 0.0126888 0.0188124 0.0261762 0.0345852 0.0436554 0.0527192 0.0609 0.0673553 0.0715047 0.0731105 0.0722408 0.0692065 0.0644882 0.0586407 0.0521909 0.0455703 0.0390925 0.0329609 0.0272854 0.0221061 0.0174243 0.0132422 0.0095927 0.00653951
 0.00811189 0.0130105 0.0192879 0.0268322 0.0354368 0.0446977 0.0539186 0.0621926 0.0686553 0.0727204 0.0741572 0.0730483 0.0697211 0.0646754 0.0584882 0.05171 0.0447929 0.0380647 0.0317366 0.0259253 0.020681 0.0160183 0.0119465 0.00848958 0.00568101
 0.00838301 0.013422 0.0198534 0.0275474 0.0362841 0.0456535 0.0549553 0.0632739 0.0697306 0.0737243 0.0750161 0.0736931 0.0700995 0.0647592 0.0582733 0.0512126 0.0440441 0.0371063 0.0306196 0.0247084 0.0194312 0.0148092 0.0108523 0.00757206 0.00497557
 0.00846755 0.0135701 0.0200948 0.0279137 0.0367983 0.0463156 0.0557327 0.0641049 0.0705426 0.0744562 0.0756303 0.0741705 0.0704273 0.0649215 0.0582521 0.0509943 0.043627 0.0365049 0.029864 0.0238438 0.0185149 0.0139063 0.0100274 0.0068778 0.00444144
 0.00846519 0.0135713 0.0201075 0.0279521 0.036884 0.0464767 0.0559979 0.0644928 0.0710493 0.0750472 0.0762453 0.0747406 0.0708944 0.0652497 0.0584252 0.0510073 0.0434798 0.0362023 0.0294207 0.0232885 0.017891 0.0132677 0.00942991 0.00636769 0.00404588
 0.00845902 0.0135596 0.0200874 0.0279209 0.0368422 0.0464313 0.0559654 0.0644996 0.0711266 0.0752217 0.076527 0.0751142 0.0713188 0.0656681 0.0587805 0.0512551 0.043594 0.0361742 0.0292561 0.0230069 0.0175248 0.0128602 0.00902818 0.00601311 0.00376499
 0.00846329 0.0135617 0.0200816 0.0278986 0.0367943 0.0463514 0.0558544 0.0643684 0.0709973 0.0751251 0.0764972 0.0751795 0.0714909 0.0659344 0.0591039 0.051583 0.0438723 0.0363605 0.0293274 0.0229617 0.0173814 0.012651 0.00879287 0.00578903 0.00357889
 0.00850607 0.0136244 0.0201627 0.0279915 0.0368874 0.0464303 0.055904 0.0643757 0.0709556 0.0750381 0.0763815 0.075063 0.0714063 0.0659086 0.0591488 0.0516893 0.0440113 0.0364929 0.0294164 0.0229835 0.0173312 0.0125426 0.00865194 0.00564414 0.00345287
 0.0087388 0.0139651 0.0206053 0.0285053 0.0374246 0.0469393 0.0563393 0.0647019 0.0711465 0.0750779 0.0762681 0.0748115 0.0710502 0.0654954 0.0587303 0.0513095 0.0436957 0.0362446 0.02922 0.0228162 0.0171739 0.012387 0.00850153 0.00550904 0.00334299
 0.00884812 0.0141264 0.0208162 0.02875 0.0376743 0.0471561 0.0564826 0.0647379 0.0710602 0.0748817 0.0760012 0.0745265 0.0707947 0.0652995 0.0586043 0.0512497 0.0436911 0.0362796 0.0292755 0.0228715 0.0172113 0.0123971 0.00848518 0.00547528 0.00330383
 0.00893115 0.0142517 0.0209863 0.0289594 0.0379093 0.0473953 0.0566977 0.0648958 0.0711288 0.0748394 0.0758462 0.074281 0.0705008 0.0650071 0.0583566 0.0510725 0.0435899 0.0362438 0.0292854 0.0229044 0.017247 0.0124216 0.00849276 0.00546796 0.00328809
 0.00881914 0.0141036 0.0208258 0.0288288 0.0378564 0.0474534 0.0568693 0.0651498 0.0714118 0.0750939 0.0760257 0.0743599 0.0704771 0.0649009 0.0582031 0.0509118 0.0434553 0.036154 0.0292423 0.0228975 0.01726 0.0124393 0.00850512 0.00547158 0.00328459
 0.0086692 0.0138858 0.0205482 0.0285201 0.0375641 0.0472365 0.0567866 0.065245 0.0716959 0.0755324 0.0765414 0.0748536 0.0708602 0.0651219 0.0582572 0.0508327 0.043297 0.0359706 0.0290746 0.0227667 0.0171697 0.012382 0.00847 0.00544928 0.00326939
 0.00872875 0.0139421 0.0205598 0.0284277 0.0373121 0.0468045 0.056214 0.0646313 0.0711717 0.0752148 0.0764951 0.0750732 0.0712772 0.0656316 0.0587543 0.0512417 0.0435858 0.0361468 0.0291683 0.0228124 0.0171934 0.0123977 0.00848232 0.00545841 0.00327491
 0.00882959 0.0140948 0.0207656 0.0286726 0.0375614 0.0470001 0.0562818 0.0645031 0.0708194 0.074679 0.0758853 0.0745319 0.0709242 0.0655197 0.0588589 0.0514843 0.0438741 0.0364088 0.029368 0.0229459 0.017275 0.0124457 0.00851065 0.00547542 0.00328486
 0.00870329 0.0139208 0.0205616 0.028474 0.0374105 0.0469276 0.0562907 0.0645627 0.070874 0.0746684 0.0757716 0.0743218 0.0706738 0.0653145 0.0587762 0.0515587 0.0440859 0.0366998 0.0296713 0.0232114 0.0174797 0.0125888 0.00860346 0.00553205 0.00331746
 0.00848301 0.0135991 0.0201464 0.0280003 0.0369353 0.0465186 0.056013 0.0644642 0.0709705 0.0749317 0.0761311 0.0746856 0.0709632 0.0654944 0.0588642 0.051608 0.0441525 0.0368144 0.0298305 0.0233886 0.0176442 0.0127206 0.00869684 0.00559158 0.00335209
 0.00835781 0.0133922 0.0198307 0.0275542 0.0363535 0.0458276 0.055281 0.0637958 0.0704806 0.0747091 0.076208 0.0750275 0.0714832 0.0660838 0.0594284 0.0520918 0.0445455 0.0371363 0.0301071 0.0236343 0.0178587 0.0128963 0.00882848 0.00568094 0.00340694
 0.00814976 0.0130727 0.0193842 0.0269762 0.035649 0.0450094 0.0543742 0.0628482 0.0695719 0.0739479 0.0757121 0.0748903 0.0717388 0.0666912 0.0602828 0.0530595 0.0455049 0.0380048 0.0308461 0.0242373 0.0183342 0.0132568 0.00908774 0.00585515 0.0035149
 0.00789734 0.012691 0.0188633 0.0263262 0.0348972 0.0441935 0.0535379 0.0620385 0.0688361 0.0733322 0.0752623 0.0746535 0.07176 0.0669985 0.0608683 0.0538685 0.0464441 0.0389675 0.0317407 0.0250047 0.0189499 0.013722 0.00941899 0.00607607 0.00365168
 0.00793684 0.0127093 0.0188072 0.0261215 0.0344714 0.0435116 0.0526294 0.0609985 0.0677965 0.0724199 0.0745678 0.0742231 0.0716065 0.0671162 0.0612408 0.0544657 0.0472148 0.0398377 0.0326243 0.0258217 0.0196433 0.0142653 0.00981326 0.00634108 0.00381618
 0.00866705 0.013747 0.020089 0.0274855 0.0356921 0.0443627 0.0529439 0.0607047 0.0669282 0.0711078 0.0730128 0.07265 0.0702108 0.0660274 0.0605136 0.0540951 0.0471569 0.0400255 0.0329768 0.0262541 0.0200792 0.0146486 0.0101141 0.00655418 0.00395305
 0.00927911 0.0147239 0.0215166 0.0294077 0.0380735 0.047046 0.055628 0.0629809 0.0683873 0.0714763 0.0722455 0.0709318 0.0678783 0.0634592 0.0580379 0.0519379 0.0454331 0.0387568 0.0321212 0.0257335 0.0198026 0.0145294 0.0100821 0.00656081 0.00397037
 0.00913025 0.0145898 0.0215158 0.0297212 0.0389017 0.0485336 0.0577872 0.0656472 0.0712284 0.0740539 0.074117 0.0717696 0.0675657 0.0621203 0.0559839 0.0495589 0.0430858 0.036693 0.0304682 0.0245136 0.0189683 0.014 0.00977058 0.00639109 0.0038849
 0.00877622 0.0140457 0.0207637 0.028787 0.0378749 0.0475831 0.0571552 0.0656014 0.0719672 0.0756013 0.0762682 0.0741286 0.0696667 0.0635771 0.0566047 0.0493793 0.042319 0.0356297 0.0293761 0.0235738 0.0182614 0.0135264 0.00948577 0.00623713 0.00381028
 0.00866178 0.0138369 0.0204082 0.0282246 0.0370571 0.0465039 0.055885 0.0643043 0.0708862 0.0750056 0.0763711 0.0750004 0.0711819 0.0654334 0.0584169 0.0508117 0.043191 0.0359469 0.0292833 0.0232679 0.0179124 0.0132365 0.00928986 0.00612593 0.00375718
 0.00877194 0.0139971 0.0206115 0.0284452 0.0372476 0.0465979 0.0558068 0.063991 0.0703215 0.0742523 0.0755801 0.0743782 0.0709197 0.0656255 0.0590115 0.0516252 0.0439838 0.0365217 0.0295537 0.0232656 0.017741 0.0130098 0.00908768 0.00598219 0.00367142
 0.00869827 0.0138882 0.0204673 0.0282712 0.0370511 0.0463819 0.0555651 0.0637075 0.0699761 0.0738334 0.0751029 0.0739006 0.0705432 0.0654696 0.0591653 0.0520983 0.0446877 0.0372995 0.0302443 0.0237653 0.018029 0.0131304 0.0091099 0.00596507 0.00364922
 0.00879071 0.0140226 0.0206403 0.0284703 0.0372584 0.0465803 0.0557412 0.0638489 0.0700644 0.073841 0.0749974 0.07366 0.070176 0.0650281 0.0587396 0.0517865 0.0445543 0.0373457 0.0304095 0.0239612 0.0181826 0.0132108 0.00912585 0.00594486 0.00361951
 0.00898534 0.0143164 0.0210396 0.0289638 0.0378185 0.0471661 0.0563025 0.0643309 0.0704166 0.0740259 0.0749959 0.0734708 0.0698123 0.0645191 0.0581349 0.0511571 0.0439798 0.0368903 0.0300996 0.0237799 0.0180858 0.0131526 0.00907796 0.00589905 0.00357908
 0.0089224 0.0142356 0.0209572 0.0289076 0.0378183 0.0472409 0.0564503 0.0645277 0.0706261 0.0742132 0.0751368 0.0735534 0.0698332 0.0644789 0.0580379 0.0510146 0.0438146 0.0367337 0.0299808 0.0237132 0.0180656 0.0131596 0.00909164 0.00590724 0.00357945
 0.00899478 0.0143339 0.0210707 0.0290174 0.0379075 0.0473064 0.0565091 0.0646101 0.070757 0.0743932 0.0753371 0.0737272 0.0699362 0.0644855 0.0579463 0.0508422 0.0435901 0.0364906 0.0297517 0.0235231 0.0179263 0.0130688 0.00903759 0.00587619 0.00356098
 0.00917584 0.0145963 0.0214053 0.029393 0.0382762 0.0476162 0.056717 0.0646929 0.0707182 0.0742639 0.0751655 0.0735595 0.0697972 0.0643724 0.0578372 0.0507137 0.0434308 0.0363056 0.0295584 0.023343 0.0177766 0.0129574 0.00896288 0.00583037 0.00353468
 0.0094076 0.0149472 0.0218841 0.0299868 0.0389503 0.0483155 0.0573694 0.0652176 0.0710421 0.0743432 0.0750017 0.0731992 0.0693157 0.0638474 0.0573271 0.0502478 0.0430146 0.0359338 0.0292272 0.0230548 0.0175377 0.0127725 0.00883073 0.00574367 0.00348247
 0.00945019 0.0150264 0.0220211 0.0302058 0.0392704 0.0487388 0.0578708 0.065743 0.071519 0.0746991 0.0751831 0.0731846 0.0691196 0.063515 0.0569197 0.0498246 0.0426181 0.0355851 0.0289307 0.0228076 0.0173366 0.0126155 0.00871564 0.00566561 0.00343401
 0.009073 0.0145119 0.0214299 0.029657 0.0389103 0.0486896 0.0581852 0.0663888 0.0723939 0.0756628 0.0760896 0.0739106 0.0695855 0.0636964 0.0568454 0.0495611 0.0422466 0.0351798 0.0285453 0.0224723 0.0170635 0.0124055 0.00856352 0.00556266 0.0033696
#obs surv len freq
 nan nan nan nan nan nan nan nan nan nan nan nan nan nan nan nan nan nan nan nan nan nan nan nan nan
 0.00448659 0.00734893 0.01118 0.0159974 0.0216989 0.0279748 0.034289 0.0400198 0.0446984 0.0481608 0.0505171 0.0520112 0.0529018 0.0534128 0.0537259 0.0539799 0.0542578 0.0545501 0.0546886 0.0542804 0.0527185 0.049351 0.0438013 0.0362822 0.0276668
 0.00461474 0.00755986 0.0115019 0.016457 0.022315 0.0287478 0.0351911 0.0409923 0.0456601 0.0490244 0.0512057 0.0524697 0.0531023 0.0533543 0.0534303 0.0534841 0.0536052 0.0537832 0.0538463 0.0533998 0.0518383 0.0485142 0.0430526 0.0356593 0.0271907
 0.00477804 0.00782678 0.0119064 0.0170317 0.0230854 0.029722 0.0363483 0.0422781 0.0469904 0.0502983 0.0523205 0.0533341 0.0536464 0.0535376 0.0532447 0.0529518 0.0527718 0.0527085 0.052597 0.0520461 0.0504558 0.0471835 0.0418538 0.0346585 0.0264244
 0.00497004 0.00814008 0.0123801 0.0177033 0.0239834 0.0308554 0.0376949 0.0437795 0.0485593 0.0518329 0.0537177 0.0544977 0.0544914 0.0539957 0.0532707 0.0525307 0.0519208 0.0514763 0.051059 0.0502998 0.0486166 0.0453786 0.0402087 0.0332758 0.0253617
 0.00518706 0.00849626 0.0129224 0.0184773 0.0250246 0.032175 0.0392651 0.0455293 0.0503845 0.053616 0.0553461 0.0558731 0.0555311 0.0546307 0.0534464 0.05221 0.0510914 0.0501586 0.0493131 0.0482291 0.046365 0.0431188 0.0381178 0.0315014 0.0239898
 0.00540935 0.00885988 0.0134741 0.0192629 0.0260808 0.0335169 0.0408719 0.047338 0.0522967 0.0555152 0.0571149 0.0574043 0.0567332 0.0554285 0.0537795 0.0520316 0.0503713 0.0488927 0.0475372 0.0460331 0.043899 0.0405825 0.0357288 0.0294485 0.0223892
 0.00564604 0.00924827 0.0140653 0.0201068 0.0272165 0.0349576 0.0425898 0.0492589 0.0543118 0.0575014 0.0589546 0.058995 0.057989 0.0562782 0.0541639 0.0519019 0.0496905 0.0476427 0.0457351 0.0437518 0.0412824 0.0378412 0.033107 0.0271687 0.0205958
 0.00588343 0.00963849 0.0146607 0.0209591 0.0283673 0.0364224 0.0443422 0.0512242 0.0563771 0.0595374 0.0608365 0.0606154 0.0592619 0.0571374 0.0545581 0.051789 0.0490353 0.0464226 0.0439554 0.0414702 0.0386301 0.0350254 0.0303813 0.0247736 0.0186956
 0.00614075 0.0100571 0.0152915 0.0218497 0.029554 0.0379159 0.0461132 0.0531975 0.0584408 0.0615636 0.0627011 0.0622107 0.060502 0.0579577 0.0549122 0.0516426 0.0483618 0.0452037 0.0421947 0.039216 0.0360009 0.0322174 0.0276436 0.0223507 0.0167605
 0.0063747 0.0104422 0.0158796 0.022692 0.0306901 0.0393582 0.0478303 0.05511 0.0604337 0.0635095 0.0644813 0.0637261 0.0616749 0.0587295 0.0552399 0.0514946 0.0477144 0.0440423 0.0405236 0.0370788 0.0335042 0.0295415 0.0250223 0.0200185 0.014888
 0.00660716 0.0108246 0.0164635 0.023528 0.031818 0.040791 0.0495374 0.0570114 0.0624109 0.0654283 0.0662151 0.0651707 0.0627539 0.0593935 0.0554602 0.0512555 0.0470065 0.0428618 0.0388804 0.0350158 0.0311192 0.0269986 0.0225357 0.0178051 0.0131078
 0.00683604 0.0111983 0.0170289 0.0243299 0.0328905 0.0421439 0.0511422 0.0587952 0.0642658 0.0672307 0.0678452 0.0665262 0.0637565 0.0599907 0.0556236 0.0509751 0.0462832 0.0417039 0.037308 0.0330749 0.0289012 0.0246513 0.0202498 0.0157742 0.0114748
 0.00706335 0.0115719 0.0175984 0.0251428 0.033982 0.0435199 0.0527643 0.0605765 0.0660851 0.0689577 0.0693631 0.0677439 0.0646107 0.0604432 0.055657 0.0505882 0.045486 0.0405147 0.0357564 0.0312122 0.0268157 0.0224764 0.0181534 0.0139241 0.00999319
 0.00725511 0.0118902 0.0180895 0.0258538 0.0349505 0.044759 0.0542459 0.0622258 0.0677906 0.070592 0.070806 0.0688972 0.065406 0.0608426 0.0556488 0.0501798 0.0446968 0.039372 0.0342971 0.0294914 0.0249181 0.0205222 0.0162882 0.0122899 0.00869133
 0.00742523 0.0121676 0.0185087 0.0264481 0.0357465 0.045767 0.0554496 0.0635762 0.0692099 0.0719857 0.0720753 0.0699515 0.0661708 0.0612665 0.0557056 0.0498667 0.0440292 0.0383788 0.0330193 0.0279864 0.023267 0.0188328 0.0146862 0.0108945 0.00758481
 0.00754051 0.012353 0.0187842 0.026832 0.0362532 0.0464034 0.0562102 0.0644407 0.0701442 0.0729452 0.0730089 0.0708027 0.0668802 0.0617754 0.0559636 0.049838 0.0436975 0.0377488 0.0321174 0.0268616 0.0219928 0.017506 0.0134162 0.00978289 0.00670144
 0.00759882 0.012449 0.0189311 0.027043 0.0365395 0.0467709 0.056656 0.0649529 0.0707043 0.0735331 0.0736047 0.0713844 0.0674199 0.0622363 0.0563006 0.0500036 0.0436505 0.0374639 0.0315923 0.0261226 0.0210958 0.0165322 0.0124603 0.00893365 0.00602046
 0.0076624 0.0125424 0.0190537 0.027189 0.0367013 0.046944 0.0568424 0.06516 0.0709415 0.0738067 0.073915 0.0717249 0.0677767 0.0625877 0.0566159 0.0502435 0.0437712 0.0374251 0.0313687 0.0257136 0.0205318 0.0158727 0.0117824 0.00831343 0.00551372
 0.00772594 0.0126416 0.0191948 0.0273733 0.0369237 0.047191 0.0570926 0.0653884 0.0711279 0.0739447 0.0740149 0.0718082 0.0678653 0.0626937 0.056736 0.0503583 0.0438487 0.0374272 0.0312612 0.0254777 0.0201739 0.0154271 0.011304 0.0078624 0.00513751
 0.0077602 0.0126945 0.0192691 0.0274701 0.0370416 0.047327 0.0572407 0.0655393 0.0712695 0.0740649 0.0741054 0.0718689 0.0679054 0.0627279 0.0567772 0.0504102 0.0439006 0.0374553 0.0312352 0.0253724 0.0199801 0.0151586 0.0109951 0.00755686 0.00487389
 0.00781342 0.0127742 0.0193764 0.0276012 0.0371892 0.0474814 0.0573919 0.0656775 0.0713862 0.0741536 0.0741626 0.0718942 0.0679018 0.0627022 0.0567394 0.0503703 0.0438636 0.0374168 0.0311812 0.0252845 0.0198453 0.0149775 0.0107846 0.00734438 0.00468673
 0.00785386 0.0128338 0.0194545 0.027693 0.0372864 0.0475747 0.0574726 0.0657391 0.0714258 0.0741726 0.074166 0.0718887 0.0678932 0.0626936 0.0567318 0.0503633 0.0438565 0.0374066 0.0311612 0.0252446 0.0197761 0.0148764 0.0106593 0.00721142 0.00456486
 0.00785811 0.0128425 0.0194707 0.0277198 0.0373258 0.0476251 0.057528 0.06579 0.0714626 0.0741898 0.0741647 0.0718757 0.0678775 0.0626831 0.0567305 0.0503713 0.0438703 0.0374208 0.031169 0.0252384 0.0197493 0.0148263 0.0105897 0.00713228 0.00448875
 0.00787383 0.0128613 0.0194869 0.0277248 0.0373114 0.0475881 0.0574735 0.0657303 0.0714116 0.0741573 0.0741534 0.0718824 0.0678971 0.062712 0.0567671 0.0504147 0.0439185 0.0374697 0.0312125 0.0252697 0.0197624 0.0148185 0.010563 0.00709338 0.00444663
 0.0078903 0.0128865 0.0195212 0.0277665 0.0373558 0.047627 0.0574963 0.0657268 0.0713772 0.0740965 0.0740792 0.0718116 0.0678436 0.0626824 0.056761 0.0504276 0.0439446 0.0375031 0.0312471 0.0252993 0.0197815 0.0148235 0.0105542 0.00707426 0.00442309
 0.00789461 0.0128899 0.0195198 0.0277548 0.0373285 0.0475817 0.057435 0.0656556 0.0713039 0.0740276 0.0740195 0.0717654 0.0678159 0.0626783 0.0567834 0.050475 0.0440114 0.0375806 0.031326 0.025371 0.0198395 0.014864 0.0105766 0.00708161 0.00442046
 0.00788276 0.0128719 0.0194949 0.0277227 0.0372888 0.0475335 0.0573769 0.0655874 0.071228 0.07395 0.0739492 0.0717115 0.0677854 0.0626748 0.0568074 0.0505245 0.0440818 0.0376652 0.0314163 0.0254579 0.0199148 0.0149225 0.0106165 0.00710457 0.00443068
 0.00786526 0.0128399 0.0194406 0.0276376 0.0371666 0.0473748 0.0571923 0.0653963 0.0710536 0.0738125 0.0738607 0.0716761 0.0678009 0.0627356 0.0569059 0.0506519 0.0442286 0.0378214 0.0315715 0.0256024 0.0200402 0.0150229 0.01069 0.00715317 0.00445919
 0.00785972 0.0128285 0.0194188 0.0275991 0.0371043 0.0472824 0.0570672 0.0652419 0.0708807 0.0736388 0.0737078 0.0715641 0.0677436 0.0627376 0.056963 0.050754 0.0443627 0.0379738 0.0317293 0.0257535 0.0201747 0.0151339 0.0107742 0.0072113 0.00449545
 0.00785576 0.0128182 0.0193961 0.0275561 0.037033 0.047178 0.0569303 0.0650799 0.0707057 0.0734656 0.0735518 0.0714403 0.0676655 0.0627147 0.0569989 0.0508447 0.0444975 0.0381377 0.0319056 0.0259267 0.0203317 0.0152654 0.0108758 0.00728326 0.0045418
 0.00782228 0.012768 0.0193284 0.0274722 0.0369355 0.0470687 0.0568101 0.0649495 0.0705682 0.0733277 0.073424 0.0713353 0.0675957 0.0626898 0.0570243 0.0509208 0.044619 0.0382939 0.0320817 0.0261062 0.0204993 0.0154093 0.0109893 0.00736519 0.00459568
 0.00779667 0.0127234 0.019256 0.0273633 0.0367844 0.0468779 0.0565928 0.0647281 0.0703679 0.0731683 0.0733153 0.0712779 0.0675857 0.0627232 0.0570986 0.0510339 0.0447672 0.0384703 0.0322753 0.026303 0.0206845 0.0155703 0.011118 0.00745941 0.00465853
 0.00775854 0.0126613 0.0191624 0.027231 0.0366083 0.0466569 0.0563334 0.0644465 0.0700888 0.0729214 0.0731287 0.0711717 0.0675674 0.0627877 0.0572321 0.0512194 0.0449883 0.0387125 0.0325252 0.026547 0.020909 0.0157634 0.0112721 0.00757259 0.00473447
 0.00774364 0.0126336 0.0191145 0.0271537 0.0364929 0.0464986 0.0561344 0.0642168 0.0698452 0.0726843 0.0729196 0.0710112 0.0674726 0.0627695 0.0572919 0.0513492 0.045173 0.0389334 0.0327632 0.0267845 0.0211303 0.0159559 0.0114274 0.00768798 0.00481283
 0.00932419 0.0148455 0.0217825 0.0298939 0.0388242 0.04802 0.0566664 0.0638282 0.068772 0.0712098 0.0712871 0.0693903 0.0659657 0.0614317 0.0561486 0.0504061 0.0444226 0.0383588 0.0323415 0.0264899 0.0209365 0.0158375 0.0113617 0.00765577 0.00479953
 0.00930105 0.0151033 0.0226913 0.0319133 0.0423032 0.0529273 0.0624183 0.0693839 0.0730027 0.0733436 0.0711631 0.067402 0.0627886 0.0577339 0.0524257 0.0469525 0.0413794 0.0357745 0.0302161 0.0247981 0.019639 0.0148853 0.0106984 0.00722123 0.00453422
 0.00897203 0.0145834 0.0219586 0.0310148 0.0414093 0.0523696 0.062651 0.0708214 0.0757713 0.0770966 0.0751226 0.0706544 0.0646658 0.0580457 0.05143 0.0451422 0.0392492 0.0336861 0.0283734 0.023284 0.0184632 0.0140192 0.0100954 0.00682687 0.00429397
 0.0087833 0.0142695 0.0214739 0.0303154 0.0404702 0.051216 0.0613991 0.0697068 0.0751312 0.0772777 0.0763262 0.0727892 0.0673135 0.0605959 0.0533275 0.0460987 0.0393021 0.033099 0.0274744 0.0223412 0.0176376 0.0133761 0.0096376 0.00652619 0.00411149
 0.00873362 0.014178 0.0213154 0.0300575 0.040078 0.0506621 0.0606775 0.0688498 0.0742262 0.076478 0.0758405 0.0728298 0.0680045 0.061882 0.0549505 0.0476807 0.0404997 0.0337366 0.0275791 0.0220793 0.0172105 0.0129415 0.00928183 0.00627437 0.00395279
 0.00867825 0.0140895 0.0211845 0.0298749 0.0398339 0.0503464 0.0602815 0.0683705 0.0736729 0.0758824 0.0752682 0.0723855 0.067819 0.0620705 0.0555517 0.0486115 0.041564 0.0346979 0.0282583 0.0224172 0.017263 0.0128238 0.00910584 0.00611297 0.00383571
 0.00869442 0.0141093 0.0212022 0.0298805 0.0398149 0.0502907 0.0601796 0.0682153 0.0734589 0.0756068 0.0749358 0.0720195 0.0674697 0.0618159 0.0554777 0.0487747 0.0419543 0.0352272 0.0287923 0.0228333 0.0175001 0.0128939 0.009067 0.00603053 0.00375539
 0.00870118 0.0141237 0.0212294 0.0299261 0.0398815 0.0503736 0.0602641 0.0682783 0.0734749 0.0755555 0.0748076 0.0718179 0.0672132 0.0615396 0.055233 0.0486203 0.041935 0.0353507 0.029018 0.0230878 0.0177105 0.0130191 0.00910745 0.00601456 0.00371691
 0.00864327 0.0140397 0.0211223 0.029806 0.0397638 0.0502754 0.0601999 0.0682563 0.0734941 0.0756038 0.0748643 0.0718589 0.0672197 0.0615052 0.055169 0.0485541 0.0419024 0.0353811 0.0291189 0.0232387 0.0178718 0.0131517 0.00919035 0.0060495 0.00371993
 0.00864161 0.0140268 0.0210848 0.0297271 0.0396302 0.0500866 0.0599748 0.0680313 0.0733117 0.0754966 0.0748439 0.0719138 0.0673219 0.0616225 0.0552756 0.0486394 0.0419722 0.035452 0.0292073 0.0233493 0.0179943 0.0132662 0.00927888 0.00610479 0.00374623
 0.00863636 0.0140222 0.0210841 0.0297337 0.0396438 0.0500994 0.0599709 0.0679922 0.0732267 0.0753723 0.0747049 0.0717929 0.0672453 0.0615992 0.0552968 0.0486864 0.0420283 0.0355094 0.0292672 0.0234158 0.0180672 0.013339 0.00934186 0.00615062 0.0037736
 0.00865294 0.0140454 0.0211126 0.0297642 0.0396731 0.0501257 0.0599942 0.068012 0.0732384 0.075367 0.0746725 0.0717298 0.0671594 0.0615082 0.0552201 0.0486366 0.0420072 0.0355116 0.0292855 0.023445 0.0181039 0.013379 0.00937975 0.00618136 0.0037946
 0.00863121 0.014016 0.0210789 0.0297329 0.0396512 0.0501176 0.0599995 0.0680259 0.0732549 0.0753811 0.0746812 0.0717307 0.0671503 0.0614886 0.0551936 0.0486107 0.0419905 0.0355095 0.0292988 0.0234706 0.0181368 0.0134142 0.00941272 0.00620849 0.00381412
 0.00862139 0.0139994 0.0210532 0.0296963 0.0396044 0.0500649 0.0599496 0.0679896 0.0732411 0.0753923 0.0747122 0.0717713 0.0671895 0.0615183 0.0552105 0.0486161 0.0419892 0.035508 0.0293025 0.0234823 0.0181557 0.0134374 0.00943618 0.00622894 0.00382962
 0.0086067 0.0139753 0.0210165 0.0296441 0.0395349 0.0499787 0.0598512 0.0678885 0.0731502 0.0753258 0.0746811 0.0717802 0.0672347 0.061589 0.0552929 0.0486978 0.0420624 0.03557 0.0293547 0.0235275 0.0181961 0.0134735 0.00946714 0.00625362 0.00384752
#pred catch len freq
 0.00341974 0.00545764 0.00805846 0.0112116 0.0149367 0.0192594 0.0241471 0.0294696 0.0350128 0.040521 0.0457362 0.0504346 0.0544581 0.0577262 0.0602187 0.0619475 0.0629329 0.0631796 0.0626346 0.0611218 0.0583059 0.0537725 0.0472685 0.039001 0.0297679
 0.00369158 0.00584175 0.00853381 0.0117337 0.0154648 0.0197909 0.0247321 0.0301842 0.0358991 0.0415285 0.0467071 0.0511494 0.0547218 0.0574498 0.0594592 0.0608887 0.0618171 0.0622177 0.0619299 0.0606451 0.0579326 0.0533647 0.0467529 0.0383987 0.0291648
 0.0038182 0.00607008 0.00891524 0.0123202 0.0162862 0.0208278 0.0259046 0.0313753 0.0370073 0.042511 0.0475739 0.0519069 0.0553133 0.0577492 0.0593314 0.0602758 0.0607881 0.0609457 0.0606136 0.0594236 0.056848 0.0523867 0.0458408 0.0375495 0.0284175
 0.00399645 0.00634392 0.0093023 0.0128385 0.0169647 0.0217138 0.0270525 0.0328122 0.0386898 0.0443053 0.0492837 0.0533389 0.0563345 0.0582967 0.059381 0.059815 0.0598261 0.0595465 0.0589088 0.0575825 0.0550247 0.0506866 0.0443243 0.0362554 0.0273759
 0.00422642 0.00670372 0.00981786 0.0135256 0.0178294 0.0227539 0.0282608 0.0341804 0.04021 0.04596 0.0510207 0.0550457 0.0578388 0.059404 0.0599292 0.0597126 0.0590594 0.0581712 0.0570406 0.0553868 0.0526952 0.0484139 0.0422666 0.0345226 0.0260243
 0.00448198 0.00710665 0.0104022 0.0143179 0.0188487 0.0240088 0.0297421 0.0358528 0.0420105 0.0478054 0.0528211 0.0567128 0.0592823 0.0605199 0.0605955 0.0598043 0.0584827 0.056898 0.0551292 0.052982 0.0500096 0.0456932 0.0397458 0.0323829 0.0243639
 0.00473652 0.00751096 0.0109945 0.0151318 0.0199119 0.0253404 0.0313432 0.0376958 0.0440315 0.0499046 0.0548719 0.0585787 0.0608363 0.0616571 0.0612321 0.059868 0.0579087 0.0556441 0.0532063 0.0504852 0.0471286 0.0426897 0.0369017 0.0299358 0.0224546
 0.00506686 0.00802425 0.0117248 0.0161004 0.0211316 0.026819 0.0330796 0.0396692 0.0461886 0.052153 0.0570823 0.0605988 0.062512 0.0628545 0.0618513 0.0598445 0.0572057 0.054248 0.0511386 0.0478291 0.0440539 0.0394518 0.0337989 0.0272382 0.0203351
 0.00542245 0.00858177 0.0125267 0.0171757 0.0224958 0.028472 0.0350002 0.0418078 0.0484656 0.0544639 0.0593045 0.062599 0.0641549 0.0640143 0.0624243 0.0597575 0.0564186 0.0527542 0.0489708 0.0450764 0.0408827 0.0361095 0.0305824 0.0244258 0.0181134
 0.0057309 0.00907386 0.0132513 0.0181761 0.0238067 0.0301125 0.036961 0.0440385 0.0508702 0.0569072 0.0616291 0.0646457 0.0657822 0.0651113 0.062913 0.0595887 0.0555673 0.0512203 0.0467891 0.0423346 0.0377412 0.0328055 0.0274011 0.0216381 0.0159044
 0.00597003 0.00945486 0.0138127 0.018955 0.0248401 0.0314354 0.0385965 0.0459814 0.0530703 0.0592594 0.0639775 0.0668039 0.0675649 0.066365 0.0635345 0.0595265 0.0548114 0.0497917 0.0447388 0.0397567 0.034791 0.0297049 0.0244148 0.0190181 0.0138246
 0.00614643 0.00973648 0.0142282 0.0195312 0.025602 0.0324047 0.0397866 0.0473915 0.0546796 0.0610221 0.0658169 0.0686096 0.0691978 0.0676737 0.0643786 0.0597998 0.0544543 0.048794 0.0431383 0.0376418 0.0323078 0.0270572 0.0218418 0.0167466 0.0120128
 0.00636062 0.0100761 0.0147243 0.0202099 0.0264836 0.0335004 0.0410917 0.0488773 0.0562905 0.062679 0.0674266 0.0700749 0.0704263 0.0685814 0.0648904 0.0598508 0.0539962 0.0478053 0.041637 0.0356966 0.0300457 0.0246599 0.0195224 0.0147053 0.0103878
 0.00657446 0.010415 0.0152191 0.020886 0.0273599 0.0345853 0.0423763 0.0503272 0.0578421 0.0642433 0.0688992 0.0713508 0.0714146 0.0692164 0.0651331 0.0596825 0.0534099 0.0468033 0.0402385 0.0339532 0.028056 0.0225716 0.0175125 0.0129422 0.00898731
 0.00684226 0.0108298 0.0158062 0.0216589 0.0283222 0.0357339 0.043697 0.0517868 0.0593801 0.0657703 0.0703045 0.0725187 0.0722452 0.0696424 0.065128 0.0592552 0.0525929 0.0456393 0.0387763 0.0322542 0.0262064 0.0206896 0.0157374 0.0114053 0.00777695
 0.00705953 0.0111723 0.0163023 0.0223286 0.0291761 0.0367692 0.0448925 0.0530983 0.0607421 0.0671021 0.0715181 0.073526 0.0729657 0.0700132 0.0651133 0.0588512 0.0518256 0.0445566 0.0374394 0.0307348 0.0245902 0.0190782 0.0142417 0.0101255 0.00677735
 0.00729617 0.0115303 0.0167925 0.0229474 0.0299115 0.0376098 0.0458297 0.0541195 0.0618188 0.0681819 0.0725265 0.0743779 0.0735824 0.0703357 0.0651088 0.0585139 0.0511735 0.0436283 0.0362899 0.0294334 0.0232183 0.0177269 0.0130031 0.00907746 0.00596636
 0.00737778 0.0116696 0.017014 0.0232767 0.0303685 0.0381989 0.0465328 0.0548972 0.0626218 0.0689646 0.073252 0.0750142 0.0740937 0.0706802 0.065245 0.058411 0.05082 0.0430357 0.0354923 0.0284846 0.0221885 0.0166962 0.0120514 0.00827064 0.00534243
 0.00737907 0.0116762 0.0170336 0.0233233 0.0304638 0.0383717 0.0468134 0.0553073 0.0631608 0.069601 0.0739271 0.0756578 0.0746432 0.0710918 0.0654921 0.0584778 0.0506972 0.0427228 0.0350034 0.027853 0.0214664 0.0159492 0.0113478 0.0076672 0.00487304
 0.00736351 0.011651 0.0169963 0.023273 0.0304033 0.0383105 0.0467709 0.0553126 0.063249 0.0698024 0.0742543 0.0760949 0.0751447 0.0715923 0.0659243 0.0587876 0.050851 0.0427072 0.034823 0.0275294 0.021038 0.0154679 0.0108707 0.00724466 0.00453756
 0.00736821 0.0116544 0.0169937 0.0232569 0.0303652 0.0382439 0.046675 0.0551961 0.0631317 0.0697151 0.0742336 0.0761732 0.0753374 0.071888 0.0662831 0.0591507 0.0511567 0.0429062 0.0348883 0.0274591 0.0208533 0.0152073 0.0105813 0.00697074 0.00431088
 0.00742901 0.0117443 0.017112 0.023396 0.0305113 0.0383792 0.0467799 0.0552524 0.0631269 0.0696484 0.0741194 0.0760409 0.0752246 0.0718292 0.0662971 0.0592321 0.0512763 0.0430213 0.034957 0.0274539 0.0207686 0.015059 0.0103991 0.0067881 0.00415409
 0.00755986 0.0119317 0.0173472 0.023655 0.0307623 0.0385932 0.0469391 0.0553508 0.0631649 0.069627 0.0740397 0.0759077 0.0750518 0.0716411 0.0661236 0.0590985 0.0511936 0.042981 0.0349354 0.0274233 0.0207091 0.0149659 0.010283 0.00666764 0.00404745
 0.00763505 0.0120411 0.017487 0.0238111 0.0309105 0.0387034 0.0469809 0.0553018 0.0630203 0.0694058 0.0737817 0.075661 0.0748567 0.0715196 0.0660795 0.0591232 0.0512722 0.0430943 0.0350607 0.0275362 0.0207893 0.0150034 0.0102806 0.00663796 0.0040068
 0.00770552 0.0121469 0.0176294 0.0239846 0.0311028 0.0388963 0.0471508 0.055421 0.0630613 0.0693486 0.0736233 0.0754211 0.0745752 0.0712459 0.0658569 0.0589777 0.051208 0.0430986 0.0351103 0.027605 0.0208542 0.0150486 0.0103003 0.00663586 0.00399177
 0.00764952 0.0120799 0.0175729 0.0239721 0.0311703 0.0390656 0.0474166 0.0557479 0.0633932 0.0696249 0.0737946 0.0754597 0.0744805 0.0710441 0.0655938 0.0587056 0.0509713 0.0429232 0.0350009 0.0275501 0.0208339 0.0150436 0.010297 0.00662844 0.0039804
 0.00750201 0.0118657 0.0172997 0.0236683 0.0308826 0.0388517 0.0473345 0.0558413 0.0636743 0.0700618 0.0743122 0.0759597 0.0748725 0.0712726 0.0656501 0.0586219 0.0508028 0.0427278 0.0348231 0.0274129 0.0207411 0.0149864 0.0102628 0.0066068 0.00396521
 0.00753244 0.0118845 0.0172724 0.0235472 0.0306236 0.0384396 0.0468038 0.055278 0.0631943 0.0697742 0.0742827 0.0761898 0.0752998 0.0717938 0.0661564 0.0590328 0.0510841 0.0428882 0.0348968 0.0274389 0.0207486 0.0149906 0.0102678 0.00661149 0.00396809
 0.00758538 0.0119631 0.0173741 0.023658 0.030713 0.0384597 0.0466958 0.0549931 0.0627236 0.0691724 0.073666 0.075699 0.0750471 0.0718198 0.0664208 0.05944 0.0515257 0.0432811 0.0351999 0.0276493 0.0208848 0.0150759 0.0103209 0.00664427 0.00398748
 0.00750011 0.0118484 0.0172457 0.0235445 0.030647 0.0384617 0.0467604 0.055083 0.0627779 0.0691276 0.0734846 0.0753947 0.0746903 0.071514 0.0662595 0.0594661 0.0517185 0.0435735 0.0355144 0.0279272 0.0210986 0.0152242 0.0104161 0.00670175 0.00402029
 0.00730825 0.0115692 0.0168876 0.0231398 0.0302473 0.0381274 0.0465476 0.0550311 0.0628958 0.0693836 0.0738086 0.0756986 0.0749014 0.0716059 0.0662607 0.0594412 0.0517322 0.0436594 0.0356654 0.0281093 0.0212733 0.0153661 0.0105169 0.00676595 0.00405749
 0.00714594 0.0113106 0.0165097 0.0226292 0.0296078 0.0373904 0.0457798 0.0543307 0.0623727 0.0691275 0.0738592 0.0760311 0.0754343 0.0722286 0.0668712 0.0599765 0.0521772 0.0440327 0.0359929 0.0284043 0.0215327 0.0155793 0.0106769 0.00687459 0.00412419
 0.00694958 0.0110103 0.0160917 0.0220899 0.0289503 0.036621 0.0449125 0.0534001 0.0614477 0.0683148 0.0732855 0.0758069 0.0756125 0.0727815 0.0676982 0.0609399 0.0531473 0.0449193 0.0367528 0.0290286 0.0220289 0.0159586 0.0109518 0.00706049 0.00423991
 0.00670944 0.0106482 0.0155993 0.0214774 0.0282419 0.035847 0.0441043 0.0525895 0.0606696 0.0676113 0.0727109 0.0754288 0.0755024 0.0729921 0.0682366 0.0617529 0.0541316 0.0459516 0.0377251 0.0298697 0.0227075 0.0164736 0.0113198 0.00730664 0.00439271
 0.00671618 0.0106252 0.0155024 0.0212465 0.0278177 0.0351981 0.043249 0.051599 0.0596491 0.0666699 0.0719383 0.074886 0.0752264 0.0730029 0.0685383 0.0623269 0.0549268 0.0468846 0.038694 0.0307781 0.0234852 0.0170863 0.011766 0.00760739 0.00457975
