SBPRF35
12.7214
Curr Bio
869463
B35
901662
F35
0.17132
FOFL
0.166618
OFL
119817
Bzero
3.63469e+006
#pred survey bio
 3.47892e+006 3.38e+006 3.29123e+006 3.14293e+006 2.95651e+006 2.75921e+006 2.51098e+006 2.28479e+006 2.05499e+006 1.82635e+006 1.62739e+006 1.43472e+006 1.27392e+006 1.14441e+006 1.01616e+006 881112 795978 712248 671841 632682 602054 581879 567597 547155 547482 546470 543154 535271 535019 536252 548253 549188 552449 561871 576456 572504 583873 591021 610367 624921 629608 636762 642317 649996 662575 684632 703832 711187 725479 734415 743632 798450 822789 850842 875892 3.09614e+007 1.89307e+007 1.94934e+007 2.04121e+007 2.15379e+007 2.27113e+007 2.38188e+007 2.47965e+007 2.56206e+007 2.6293e+007 2.6829e+007 2.72495e+007 2.7576e+007 2.78278e+007 2.80213e+007 2.81698e+007 2.82839e+007 2.83717e+007 2.84396e+007 2.84921e+007 2.8533e+007 2.8565e+007 2.85901e+007 2.86099e+007 2.86256e+007 2.8638e+007 2.86479e+007 2.86558e+007 2.86622e+007 2.86673e+007 2.86714e+007 2.86747e+007 2.86774e+007 2.86795e+007 2.86813e+007 2.86827e+007 2.86839e+007 2.86849e+007 2.86856e+007 2.86863e+007 2.86868e+007 2.86872e+007 2.86876e+007 2.86878e+007 2.86881e+007 2.86883e+007 2.86884e+007 2.86885e+007 2.86887e+007 2.86887e+007 2.86888e+007 2.86889e+007 2.86889e+007 2.86889e+007 2.8689e+007 2.8689e+007 2.8689e+007 2.8689e+007 2.86891e+007 2.86891e+007 2.86891e+007 2.86891e+007 2.86891e+007 2.86891e+007 2.86891e+007 2.86891e+007 2.86891e+007 2.86891e+007 2.86891e+007 2.86891e+007 2.86891e+007 2.86891e+007 2.86891e+007 2.86891e+007 2.86891e+007 2.86891e+007 2.86891e+007 2.86891e+007 2.86891e+007 2.86891e+007 2.86891e+007 2.86891e+007 2.86891e+007 2.86891e+007 2.86891e+007 2.86891e+007 2.86891e+007 2.86891e+007 2.86891e+007 2.86891e+007 2.86891e+007 2.86891e+007 2.86891e+007 2.86891e+007 2.86891e+007 2.86891e+007 2.86891e+007 2.86891e+007 2.86891e+007 2.86891e+007 0 0 0 0 0 0 0 0 0 0 0 0 0 0 0 0 0 0 0 0 0 0 0 0 0
#obs survey bio
 3.577e+006 3.46675e+006 2.94572e+006 3.44658e+006 2.63641e+006 3.26096e+006 2.97672e+006 2.91378e+006 1.37851e+006 1.51908e+006 1.13676e+006 1.41971e+006 1.32072e+006 1.23993e+006 774644 943525 766868 585468 626827 498388 641848 823402 561170 516176 461152 645884 418016 552436 409447 471108 613157 374057 518271 442269 589893 590760 591566 514653 809485 528348 754279 554409 761863 506730 650333 579960 772385 980700 726452 642440 763919 650172 773003 1.24404e+006 780773
#pred catch bio
 90022.9 86473.6 150377 196900 220721 282458 278126 296714 309418 294427 297970 275896 252078 251551 253651 205165 198585 156851 152500 141510 129186 121234 123599 104473 105148 105959 108196 100647 99167.5 90550.1 100387 98520.7 93815.7 90210.6 105841 92669.2 96835.3 87607.7 93419.4 102929 101862 104915 105191 103387 98126.9 103252 114526 109197 114582 114859 78634.6 107645 106192 111161 126853 119817 125003 127762 132850 139608 146726 153378 159144 163886 167640 170527 172697 174301 175470 176314 176917 177346 177649 177862 178011 178115 178188 178238 178273 178298 178315 178326 178334 178340 178344 178346 178348 178349 178350 178351 178351 178352 178352 178352 178352 178352 178352 178352 178352 178352 178352 178352 178352 178352 178352 178352 178352 178352 178352 178352 178352 178352 178352 178352 178352 178352 178352 178352 178352 178352 178352 178352 178352 178352 178352 178352 178352 178352 178352 178352 178352 178352 178352 178352 178352 178352 178352 178352 178352 178352 178352 178352 178352 178352 178352 178352 178352 178352 178352 178352 178352 178352 178352 178352 178352 0 0 0 0 0 0 0 0 0 0 0 0 0 0 0 0 0 0 0 0 0 0 0 0 0
#obs catch bio
 0 86128 150810 197338 220955 283629 277677 296547 310446 295178 299968 278609 254043 254179 256959 205799 199386 156893 153089 142519 129821 121051 123618 104493 105536 105685 108083 100228 99341.8 90290.1 100129 98567.5 94019 90134.8 105587 92609.1 96948.9 87509 92979.5 102929 101508 104873 105454 104066 98583.2 103676 115252 108927 114775 115416 78098.5 108018 106173 110925 126965
#pred cpue bio
 3.43952e+006 3.34168e+006 3.25259e+006 3.10404e+006 2.91794e+006 2.72087e+006 2.47327e+006 2.24751e+006 2.01826e+006 1.79038e+006 1.59209e+006 1.40032e+006 1.24048e+006 1.11196e+006 985213 852232 768615 686594 647087 608883 579134 559759 546119 526237 526582 525771 522794 515259 515043 516258 528080 529021 532164 541477 555960 552164 563352 570400 589356 603540 608009 614820 619916 627116 639250 660784 679579 686933 701031 709787 718862 772813 796847 824263 848612 2.99959e+007 1.83442e+007 1.8818e+007 1.96564e+007 2.07607e+007 2.19302e+007 2.3037e+007 2.40147e+007 2.48388e+007 2.55111e+007 2.60472e+007 2.64677e+007 2.67942e+007 2.7046e+007 2.72395e+007 2.7388e+007 2.75021e+007 2.75899e+007 2.76578e+007 2.77103e+007 2.77512e+007 2.77832e+007 2.78083e+007 2.78281e+007 2.78438e+007 2.78562e+007 2.78661e+007 2.7874e+007 2.78803e+007 2.78854e+007 2.78895e+007 2.78929e+007 2.78956e+007 2.78977e+007 2.78995e+007 2.79009e+007 2.79021e+007 2.79031e+007 2.79038e+007 2.79045e+007 2.7905e+007 2.79054e+007 2.79058e+007 2.7906e+007 2.79063e+007 2.79065e+007 2.79066e+007 2.79067e+007 2.79068e+007 2.79069e+007 2.7907e+007 2.7907e+007 2.79071e+007 2.79071e+007 2.79072e+007 2.79072e+007 2.79072e+007 2.79072e+007 2.79072e+007 2.79073e+007 2.79073e+007 2.79073e+007 2.79073e+007 2.79073e+007 2.79073e+007 2.79073e+007 2.79073e+007 2.79073e+007 2.79073e+007 2.79073e+007 2.79073e+007 2.79073e+007 2.79073e+007 2.79073e+007 2.79073e+007 2.79073e+007 2.79073e+007 2.79073e+007 2.79073e+007 2.79073e+007 2.79073e+007 2.79073e+007 2.79073e+007 2.79073e+007 2.79073e+007 2.79073e+007 2.79073e+007 2.79073e+007 2.79073e+007 2.79073e+007 2.79073e+007 2.79073e+007 2.79073e+007 2.79073e+007 2.79073e+007 2.79073e+007 2.79073e+007 2.79073e+007 2.79073e+007 2.79073e+007 0 0 0 0 0 0 0 0 0 0 0 0 0 0 0 0 0 0 0 0 0 0 0 0 0
#obs cpue bio
 4.32313e+006 2.45297e+006 3.72621e+006 2.76679e+006 2.75899e+006 2.45518e+006 3.1077e+006 1.69325e+006 2.16715e+006 2.02431e+006 1.76328e+006 1.00189e+006 1.15384e+006 840453 1.14199e+006 983374 844246 818442 604864 583155 547638 551623 567079 465291 521188 675903 660624 601591 485061 717984 562209 605420 479461 762958 819240 374657 580821 653266 683389 533530 634868 580754 405350 537567 622070 794098 566614 862424 535787 746377 1.03343e+006 687543 904460 681448 827880
#pred surv len freq
 0.00428207 0.00703401 0.0107402 0.0154349 0.0210363 0.027258 0.0335881 0.0394244 0.0443022 0.0480417 0.0507209 0.0525445 0.0537281 0.0544457 0.0548207 0.0549365 0.0548542 0.0546144 0.0541922 0.0534018 0.0518188 0.0488394 0.0439487 0.0370935 0.0288986
 0.0045942 0.00745437 0.0112149 0.0158675 0.0213245 0.0273453 0.0334974 0.0392456 0.0441379 0.0479468 0.050678 0.0524885 0.0536005 0.0542411 0.054599 0.0547959 0.0548798 0.0548278 0.0545259 0.0537161 0.0519585 0.0487054 0.0435441 0.0365177 0.0282934
 0.00465145 0.0076091 0.0115547 0.0164932 0.0223027 0.0286472 0.034965 0.0406255 0.0451795 0.048508 0.050767 0.0522207 0.0531129 0.0536325 0.0539263 0.0541049 0.0542264 0.0542646 0.0540667 0.0533137 0.0515218 0.0481519 0.0428536 0.0357487 0.0275521
 0.00478304 0.00780688 0.0118279 0.0168548 0.0227835 0.0293067 0.0358792 0.0418423 0.0466586 0.0500874 0.0521954 0.0532492 0.053593 0.0535574 0.0533996 0.0532755 0.0532355 0.0532212 0.0530393 0.0523247 0.050554 0.0471757 0.0418646 0.0347889 0.0266956
 0.00496424 0.00810258 0.0122735 0.0174803 0.0236046 0.0303152 0.0370401 0.0431048 0.0479764 0.0514265 0.0535139 0.0544624 0.0545601 0.0541164 0.0534342 0.0527663 0.0522629 0.0519242 0.0515618 0.0507792 0.0490117 0.0456812 0.0404606 0.0335312 0.0256454
 0.00513053 0.00837868 0.0127001 0.0180995 0.0244523 0.0314076 0.0383589 0.0445907 0.0495375 0.0529602 0.0549302 0.0556938 0.055551 0.0548017 0.0537292 0.0525862 0.0515625 0.0507304 0.0499735 0.0489374 0.0470638 0.0437599 0.0386795 0.0319845 0.0244003
 0.00539826 0.00880703 0.0133323 0.0189724 0.025591 0.0328168 0.0400112 0.0464204 0.0514441 0.054823 0.0566267 0.057116 0.0566174 0.0554576 0.0539367 0.0523108 0.0507724 0.0494147 0.0481699 0.0467486 0.0446507 0.0413148 0.0363928 0.0300131 0.0228412
 0.00564424 0.0092099 0.0139439 0.0198423 0.0267564 0.0342865 0.0417513 0.0483497 0.0534482 0.056777 0.0584142 0.0586377 0.057791 0.0562169 0.0542309 0.0521019 0.0500334 0.048134 0.0463677 0.0444996 0.0420987 0.0386636 0.0338707 0.0278215 0.0211089
 0.00589948 0.00962853 0.0145811 0.0207524 0.0279832 0.0358473 0.0436187 0.0504438 0.0556449 0.0589302 0.0603804 0.060294 0.0590441 0.0570034 0.0545106 0.0518491 0.0492306 0.0467745 0.0444692 0.0421277 0.0393878 0.0358189 0.0311379 0.02543 0.0192124
 0.00619879 0.0101122 0.015304 0.0217643 0.0293208 0.0375205 0.045595 0.0526412 0.0579396 0.0611765 0.0624319 0.0620205 0.060341 0.057797 0.0547569 0.0515276 0.0483354 0.045311 0.0424626 0.0396442 0.0365582 0.0328461 0.0282721 0.0229124 0.0172102
 0.00646739 0.0105518 0.0159711 0.0227131 0.0305928 0.0391281 0.0475044 0.0547668 0.0601564 0.0633437 0.0644151 0.0637029 0.0616278 0.0586147 0.0550536 0.0512709 0.0475107 0.0439208 0.0405335 0.0372428 0.0338116 0.0299502 0.0254701 0.0204414 0.0152384
 0.00672233 0.0109762 0.0166279 0.0236671 0.031897 0.0408018 0.0495122 0.0570103 0.0624883 0.065597 0.0664327 0.0653575 0.0628292 0.0593084 0.0552125 0.0508855 0.0465816 0.0424583 0.0385664 0.0348367 0.0310888 0.0270975 0.0227192 0.0180193 0.0133063
 0.00694714 0.0113414 0.0171779 0.0244456 0.0329416 0.0421341 0.051124 0.0588532 0.0644727 0.0676013 0.0683185 0.0669882 0.0640871 0.0601081 0.0555043 0.0506504 0.0458217 0.0411901 0.0368239 0.0326849 0.0286417 0.024526 0.0202341 0.0158272 0.0115547
 0.00705371 0.0115333 0.0175013 0.0249553 0.0336892 0.0431493 0.0523979 0.0603339 0.0660768 0.0692326 0.0698821 0.0683941 0.0652496 0.0609467 0.0559505 0.0506543 0.0453566 0.0402538 0.0354412 0.0309149 0.0265888 0.0223438 0.0181102 0.0139447 0.0100453
 0.00714888 0.0117034 0.0177867 0.0254052 0.0343532 0.0440626 0.0535637 0.0617135 0.0675909 0.070774 0.0713346 0.0696519 0.0662313 0.061599 0.0562424 0.0505677 0.0448805 0.0393864 0.0341982 0.0293426 0.0247757 0.0204233 0.0162455 0.0122949 0.00872394
 0.00737756 0.0120698 0.0183282 0.0261535 0.0353293 0.0452675 0.0549688 0.0632539 0.0691708 0.0722803 0.0726546 0.0706887 0.0669159 0.0618968 0.0561511 0.0501078 0.0440819 0.0382796 0.032816 0.0277314 0.0230102 0.0186133 0.0145252 0.0107943 0.00753378
 0.00745588 0.0121981 0.0185238 0.0264345 0.0357131 0.0457683 0.0555925 0.0639959 0.0700139 0.0731946 0.0735959 0.0715978 0.0677213 0.0625231 0.056532 0.0501973 0.0438595 0.0377489 0.0320008 0.0266759 0.0217831 0.0173095 0.0132576 0.00967201 0.0066346
 0.00769312 0.0125623 0.0190315 0.0270862 0.0364934 0.0466469 0.0565257 0.0649278 0.0708844 0.0739512 0.0742034 0.0720404 0.0679962 0.0626308 0.0564683 0.0499511 0.0434179 0.0371048 0.0311618 0.0256704 0.020664 0.0161534 0.0121553 0.00870924 0.00587063
 0.00772525 0.0126154 0.0191128 0.0272027 0.0366499 0.0468445 0.0567602 0.0651922 0.071173 0.074263 0.0745414 0.0724051 0.0683783 0.0630064 0.0568003 0.0501947 0.0435279 0.0370443 0.0309108 0.0252331 0.0200736 0.0154702 0.0114562 0.00807038 0.00534839
 0.00775815 0.0126738 0.0192098 0.0273527 0.0368651 0.0471282 0.0571016 0.0655656 0.0715434 0.0745964 0.0748147 0.0726111 0.068524 0.0631059 0.0568637 0.05022 0.0434985 0.0369342 0.0306946 0.0248987 0.0196316 0.0149565 0.0109254 0.00758091 0.00494541
 0.00774796 0.0126598 0.0191938 0.0273398 0.036864 0.0471515 0.057164 0.0656801 0.0717157 0.07482 0.0750699 0.0728704 0.068761 0.0633027 0.0570132 0.0503214 0.0435495 0.0369259 0.0306129 0.0247316 0.0193792 0.0146381 0.0105775 0.00724717 0.00466278
 0.0077682 0.0126762 0.0191888 0.0272883 0.0367426 0.046951 0.0569007 0.0653961 0.0714681 0.0746637 0.0750411 0.0729778 0.0689859 0.0636069 0.0573508 0.0506501 0.0438367 0.0371486 0.0307549 0.0247831 0.0193397 0.0145204 0.0104081 0.00706067 0.00449136
 0.0078303 0.0127632 0.0192929 0.0273908 0.0368158 0.0469637 0.0568255 0.065219 0.0711979 0.0743365 0.0747164 0.0727227 0.0688534 0.0636193 0.0574951 0.0508867 0.0441142 0.0374178 0.0309772 0.0249341 0.0194097 0.0145146 0.0103448 0.00696614 0.00439221
 0.00798507 0.013003 0.0196304 0.0278265 0.0373338 0.0475279 0.0573775 0.0656827 0.0714957 0.0744123 0.0745552 0.0723579 0.0683577 0.0630832 0.057001 0.0504881 0.043828 0.0372294 0.0308544 0.0248417 0.019321 0.0144163 0.010237 0.00685814 0.00429606
 0.00788624 0.0128602 0.0194489 0.0276236 0.0371352 0.0473608 0.0572639 0.0656354 0.0715151 0.0744855 0.0746581 0.072462 0.0684404 0.0631372 0.0570374 0.0505295 0.0438959 0.037332 0.0309827 0.024974 0.0194332 0.014492 0.0102722 0.00686024 0.00427855
 0.00780426 0.0127281 0.0192537 0.0273574 0.0368004 0.0469773 0.0568722 0.0652915 0.0712754 0.0743877 0.0747082 0.0726345 0.0686904 0.0634166 0.0573094 0.0507758 0.0441155 0.037533 0.0311717 0.0251494 0.019586 0.0146111 0.0103521 0.00690358 0.00429472
 0.00779456 0.0127042 0.0192025 0.0272614 0.0366421 0.0467458 0.0565712 0.0649436 0.0709209 0.074077 0.0744903 0.0725435 0.0687352 0.0635792 0.0575519 0.0510549 0.0443955 0.0377929 0.031403 0.0253502 0.0197544 0.0147444 0.0104484 0.00696504 0.00432798
 0.00789513 0.0128514 0.0193929 0.0274793 0.0368611 0.0469331 0.0566929 0.0649703 0.0708347 0.0738796 0.0742073 0.0722205 0.0684264 0.0633317 0.0573927 0.0509866 0.0444009 0.037846 0.0314793 0.0254322 0.0198313 0.0148097 0.0104985 0.00699895 0.00434752
 0.00790448 0.0128707 0.0194289 0.0275389 0.0369474 0.0470402 0.0568025 0.065054 0.0708626 0.0738314 0.0740799 0.0720306 0.0682055 0.063118 0.057222 0.0508832 0.0443721 0.0378824 0.0315603 0.0255341 0.0199341 0.0148999 0.0105692 0.00704881 0.0043789
 0.00790356 0.012867 0.0194199 0.027522 0.0369224 0.0470111 0.056778 0.0650442 0.0708724 0.0738548 0.0741007 0.0720287 0.0681679 0.0630459 0.0571317 0.0507991 0.0443179 0.0378717 0.0315936 0.0256 0.0200156 0.0149808 0.0106379 0.00710019 0.00441298
 0.00784801 0.0127721 0.0192691 0.0272987 0.0366153 0.0466231 0.0563332 0.0645891 0.0704673 0.073558 0.0739521 0.0720394 0.0683191 0.0632977 0.0574379 0.0511217 0.0446341 0.0381724 0.031876 0.0258609 0.0202484 0.0151771 0.010792 0.00721123 0.00448597
 0.0078865 0.0128338 0.0193592 0.0274187 0.0367591 0.0467732 0.0564599 0.0646561 0.0704442 0.0734349 0.0737466 0.0717918 0.0680776 0.0631017 0.0573071 0.051056 0.044621 0.0381966 0.0319252 0.0259265 0.0203226 0.0152519 0.0108595 0.00726551 0.00452481
 0.00782579 0.0127504 0.0192621 0.027326 0.0366934 0.0467532 0.0564928 0.0647334 0.0705434 0.0735254 0.073799 0.0717886 0.0680201 0.0630099 0.0572112 0.0509838 0.0445884 0.0382056 0.0319678 0.0259906 0.0203965 0.0153256 0.0109253 0.00731851 0.00456317
 0.00774932 0.0126211 0.0190597 0.027033 0.0363036 0.0462838 0.0559913 0.0642719 0.0701979 0.073349 0.0738042 0.0719474 0.0682802 0.0633164 0.0575233 0.0512812 0.0448671 0.0384683 0.0322158 0.0262206 0.0206017 0.0154991 0.0110627 0.00741962 0.00463164
 0.00767639 0.012499 0.0188693 0.0267539 0.0359186 0.0457863 0.055395 0.0636173 0.0695521 0.0727955 0.0734245 0.0717986 0.0683776 0.0636298 0.0579896 0.0518265 0.0454276 0.0390009 0.0326972 0.0266399 0.0209543 0.015783 0.0112792 0.00757412 0.00473371
 0.00772812 0.0125853 0.0190018 0.0269411 0.0361593 0.046061 0.0556614 0.0638151 0.0696198 0.072694 0.0731553 0.0714076 0.0679416 0.0632309 0.0576895 0.0516514 0.0453691 0.0390296 0.0327785 0.0267452 0.0210638 0.0158843 0.0113649 0.00764061 0.00478079
 0.00768932 0.0125155 0.0188856 0.0267631 0.0359116 0.0457525 0.0553225 0.0634923 0.0693584 0.0725193 0.0730644 0.0713775 0.0679484 0.0632654 0.0577608 0.051777 0.04556 0.0392799 0.0330662 0.0270403 0.0213382 0.0161183 0.0115489 0.00777432 0.00487022
 0.0077262 0.012567 0.0189468 0.026822 0.0359502 0.0457499 0.0552604 0.0633613 0.0691644 0.0722857 0.0728264 0.0711694 0.0677914 0.0631642 0.0577104 0.0517731 0.0456033 0.0393728 0.0332052 0.0272118 0.0215211 0.0162907 0.0116944 0.00788507 0.00494654
 0.00770483 0.0125263 0.0188746 0.0267036 0.035772 0.0455055 0.0549552 0.0630144 0.0688052 0.0719483 0.0725443 0.0709722 0.0676996 0.0631856 0.0578371 0.0519842 0.0458728 0.0396763 0.0335229 0.0275266 0.0218162 0.0165499 0.0119055 0.00804285 0.00505413
 0.00766578 0.0124742 0.0188167 0.0266516 0.0357364 0.0454877 0.0549428 0.0629835 0.0687312 0.0718174 0.0723617 0.070761 0.067494 0.0630206 0.05774 0.0519692 0.0459387 0.0398099 0.0337041 0.0277331 0.0220266 0.0167454 0.0120718 0.00817181 0.00514483
 0.00773327 0.0125727 0.0189445 0.0268014 0.0358985 0.0456548 0.0551108 0.063148 0.0688796 0.0719254 0.0723976 0.0706982 0.0673255 0.0627656 0.0574393 0.0516718 0.045687 0.0396301 0.0336032 0.0277027 0.0220487 0.0167988 0.0121364 0.00823273 0.00519339
 0.00782347 0.0127087 0.0191289 0.0270281 0.0361532 0.0459165 0.0553548 0.06335 0.0690213 0.0719988 0.0724033 0.0706402 0.0672052 0.0625832 0.0572007 0.0513947 0.0454014 0.03937 0.033396 0.0275617 0.0219719 0.0167728 0.012143 0.00825446 0.0052176
 0.00785262 0.0127681 0.0192394 0.0272144 0.0364348 0.0462948 0.0558039 0.0638169 0.0694401 0.0723106 0.0725725 0.0706592 0.067089 0.0623581 0.0568955 0.0510371 0.0450194 0.0389933 0.0330542 0.0272787 0.0217603 0.0166316 0.0120604 0.00821347 0.00520163
 0.00784044 0.0127518 0.0192225 0.0272051 0.0364473 0.0463494 0.055923 0.0640173 0.0697217 0.0726484 0.0729181 0.070954 0.0672832 0.0624253 0.056836 0.0508719 0.0447802 0.0387151 0.0327709 0.0270196 0.0215465 0.0164731 0.0119557 0.00815259 0.00517102
 0.00781161 0.0127041 0.0191496 0.0271019 0.0363128 0.0461907 0.0557589 0.0638785 0.0696452 0.0726665 0.0730463 0.0711818 0.0675733 0.0627239 0.0570892 0.0510419 0.0448536 0.0387015 0.0326952 0.0269124 0.0214359 0.0163788 0.0118873 0.00811016 0.00514889
 0.00773249 0.0125779 0.0189645 0.0268493 0.0359901 0.0458052 0.055332 0.0634474 0.0692596 0.0723801 0.0729057 0.0712158 0.0677842 0.0630832 0.0575423 0.0515211 0.045296 0.0390641 0.0329613 0.0270885 0.0215423 0.0164395 0.011922 0.00813174 0.00516371
 0.00756383 0.0123315 0.018645 0.0264782 0.0355982 0.0454219 0.054977 0.0631309 0.0689882 0.0721642 0.0727631 0.07117 0.0678577 0.0632878 0.0578702 0.0519415 0.0457598 0.0395168 0.0333576 0.0274028 0.0217704 0.016593 0.0120196 0.00819142 0.00519931
 0.0075926 0.0123533 0.0186331 0.0263963 0.0354148 0.0451297 0.0546057 0.0627408 0.068646 0.0719149 0.0726172 0.0711118 0.0678664 0.0633534 0.0579957 0.0521324 0.0460111 0.039807 0.0336534 0.0276705 0.021987 0.016751 0.0121244 0.00825555 0.00523602
 0.00756024 0.012308 0.0185767 0.0263308 0.0353362 0.0450222 0.0544428 0.0624973 0.0683174 0.0715318 0.0722411 0.0708122 0.0676932 0.0633223 0.0580932 0.0523313 0.0462827 0.040124 0.0339874 0.0279917 0.0222687 0.0169758 0.0122877 0.00836377 0.00530168
 0.00752421 0.0122553 0.0185088 0.0262535 0.035259 0.044955 0.0543918 0.0624598 0.0682788 0.0714686 0.072132 0.0706536 0.0675068 0.0631499 0.0579786 0.0523032 0.0463471 0.040267 0.0341837 0.0282115 0.0224833 0.0171624 0.0124334 0.00846606 0.00536645
 0.0075657 0.0123055 0.018553 0.0262686 0.0352214 0.0448526 0.0542324 0.0622705 0.068095 0.0713183 0.072025 0.0705805 0.0674491 0.0630947 0.0579283 0.0522748 0.0463621 0.0403388 0.0343105 0.0283769 0.0226628 0.0173316 0.0125745 0.00857106 0.00543633
 0.0073618 0.0119796 0.0180734 0.0256109 0.0343752 0.0438315 0.0530855 0.061088 0.0669993 0.0704415 0.0714791 0.0704297 0.0676944 0.0636762 0.0587474 0.0532245 0.0473524 0.0413071 0.0352168 0.0291939 0.0233688 0.0179106 0.0130197 0.00888854 0.00564439
 0.00741648 0.0120524 0.0181523 0.0256721 0.0343857 0.0437556 0.0528921 0.0607573 0.0665301 0.069859 0.0708387 0.0698131 0.0671934 0.0633681 0.0586723 0.0533758 0.0476848 0.0417562 0.0357187 0.0296963 0.0238331 0.0183101 0.013339 0.00912397 0.00580317
 0.00742191 0.0120658 0.0181798 0.0257196 0.0344538 0.0438328 0.0529515 0.0607591 0.0664334 0.0696361 0.0704878 0.0693634 0.0667023 0.0629107 0.0583244 0.0531944 0.0476926 0.0419374 0.0360277 0.030074 0.0242228 0.0186673 0.0136356 0.00934821 0.00595739
 0.00733765 0.0119487 0.0180407 0.0255815 0.0343465 0.0437826 0.0529709 0.0608416 0.0665522 0.069749 0.0705472 0.0693302 0.0665605 0.0626772 0.0580469 0.0529386 0.0475219 0.0418927 0.0361162 0.0302706 0.0244821 0.0189401 0.013882 0.00954491 0.00609761
#obs surv len freq
 nan nan nan nan nan nan nan nan nan nan nan nan nan nan nan nan nan nan nan nan nan nan nan nan nan
 0.00448756 0.00735011 0.011181 0.0159977 0.0216978 0.0279721 0.0342845 0.0400142 0.0446925 0.0481555 0.0505129 0.0520084 0.0529005 0.0534128 0.0537271 0.0539819 0.0542605 0.0545532 0.054692 0.0542839 0.052722 0.0493543 0.0438043 0.0362846 0.0276686
 0.00461736 0.00756389 0.0115075 0.0164641 0.0223231 0.0287563 0.0351987 0.0409978 0.0456624 0.0490232 0.0512013 0.0524634 0.0530952 0.0533475 0.0534245 0.0534795 0.0536016 0.0537805 0.0538442 0.053398 0.0518368 0.0485129 0.0430515 0.0356585 0.0271901
 0.00477309 0.00781998 0.0118984 0.0170241 0.0230798 0.0297197 0.0363498 0.0422824 0.0469961 0.0503036 0.052324 0.0533352 0.0536454 0.0535352 0.0532421 0.05295 0.0527712 0.0527094 0.0525991 0.0520492 0.0504594 0.0471872 0.0418573 0.0346615 0.0264267
 0.00496814 0.00813687 0.0123752 0.0176963 0.0239746 0.0308458 0.0376866 0.043775 0.0485605 0.0518401 0.0537294 0.0545108 0.054503 0.0540035 0.0532744 0.0525309 0.051919 0.0514739 0.0510568 0.0502983 0.0486158 0.0453784 0.0402088 0.0332761 0.0253619
 0.00519188 0.00850213 0.0129276 0.0184792 0.02502 0.0321618 0.0392435 0.0455018 0.0503555 0.0535906 0.0553286 0.0558657 0.0555335 0.0546404 0.0534599 0.0522242 0.0511045 0.0501702 0.0493237 0.0482394 0.0463752 0.0431287 0.038127 0.0315092 0.0239959
 0.00541295 0.00886801 0.0134903 0.0192912 0.0261242 0.0335745 0.040938 0.0474022 0.0523479 0.0555454 0.0571219 0.0573918 0.0567081 0.0553977 0.0537475 0.0520004 0.0503409 0.0488621 0.047506 0.0460016 0.0438682 0.0405538 0.0357036 0.0294279 0.0223737
 0.00564565 0.0092474 0.0140638 0.0201049 0.0272157 0.0349607 0.0426012 0.0492824 0.0543483 0.0575471 0.0590012 0.0590328 0.0580111 0.0562827 0.054154 0.0518827 0.0496669 0.0476176 0.0457097 0.0437265 0.0412579 0.0378181 0.0330866 0.0271519 0.0205831
 0.00587929 0.00962996 0.0146446 0.0209315 0.028325 0.0363647 0.0442727 0.0511512 0.0563123 0.0594924 0.0608191 0.0606271 0.0592974 0.0571867 0.0546109 0.0518379 0.0490774 0.0464581 0.0439861 0.0414975 0.0386547 0.0350473 0.0304 0.0247888 0.0187071
 0.00612558 0.0100347 0.0152616 0.0218134 0.0295122 0.0378691 0.0460605 0.053138 0.0583758 0.061498 0.0626434 0.0621714 0.0604892 0.0579741 0.054954 0.0517014 0.0484279 0.0452695 0.0422559 0.0392713 0.0360501 0.0322605 0.0276801 0.02238 0.0167824
 0.00638481 0.0104574 0.0159001 0.0227174 0.0307193 0.0393897 0.0478623 0.0551394 0.060456 0.063519 0.0644733 0.0636997 0.061634 0.0586829 0.0551973 0.0514632 0.0476962 0.0440349 0.0405224 0.0370797 0.0335049 0.0295412 0.0250211 0.0200171 0.0148867
 0.00662251 0.0108481 0.0164961 0.0235696 0.031867 0.0408444 0.0495914 0.0570609 0.0624512 0.0654553 0.0662257 0.0651634 0.0627287 0.0593526 0.0554086 0.0512004 0.0469551 0.0428189 0.0388474 0.0349911 0.0311003 0.0269833 0.022523 0.0177948 0.0131
 0.00683035 0.0111922 0.0170254 0.0243335 0.032906 0.0421739 0.0511856 0.0588469 0.0643184 0.067277 0.0678798 0.0665461 0.0637607 0.0599797 0.0555991 0.0509403 0.0462429 0.0416635 0.0372718 0.0330452 0.0288784 0.0246341 0.0202369 0.0157646 0.0114679
 0.00704784 0.0115474 0.0175631 0.0250964 0.0339263 0.0434604 0.0527096 0.0605373 0.0660704 0.0689712 0.0694017 0.0677987 0.0646707 0.0604988 0.0557021 0.05062 0.0455051 0.0405241 0.0357598 0.0312134 0.0268171 0.0224789 0.0181566 0.0139273 0.00999588
 0.00728007 0.011927 0.0181377 0.0259103 0.03501 0.0448153 0.0542934 0.0622604 0.0678107 0.0705992 0.0708039 0.0688899 0.0653957 0.0608289 0.0556297 0.0501529 0.0446615 0.0393297 0.034251 0.0294455 0.024876 0.0204863 0.0162597 0.0122687 0.00867668
 0.00744958 0.0122082 0.0185714 0.0265379 0.0358652 0.0459106 0.0556057 0.0637255 0.0693312 0.0720625 0.072101 0.0699295 0.066112 0.0611839 0.0556106 0.049767 0.043929 0.0382804 0.0329247 0.0278981 0.0231879 0.0187655 0.0146322 0.0108539 0.00755651
 0.00754535 0.0123655 0.0188117 0.026884 0.0363392 0.0465289 0.0563727 0.064628 0.0703357 0.0731163 0.0731365 0.0708705 0.0668825 0.0617178 0.05586 0.0497056 0.0435525 0.0376033 0.0319793 0.0267358 0.0218825 0.0174133 0.0133424 0.00972773 0.00666313
 0.00758447 0.0124259 0.0188971 0.0269978 0.0364861 0.0467172 0.0566159 0.064943 0.0707387 0.0736162 0.0737276 0.0715268 0.067556 0.0623433 0.0563644 0.0500216 0.0436294 0.0374153 0.0315287 0.0260543 0.0210302 0.0164743 0.0124129 0.00889755 0.00599516
 0.00767823 0.0125645 0.0190802 0.0272157 0.0367226 0.0469548 0.0568405 0.0651472 0.0709245 0.073796 0.0739214 0.0717551 0.0678293 0.062652 0.0566759 0.0502838 0.0437825 0.0374064 0.0313262 0.0256571 0.0204712 0.015816 0.0117345 0.00827654 0.00548775
 0.00771109 0.0126214 0.0191713 0.0273507 0.0369061 0.0471803 0.057087 0.0653831 0.0711182 0.0739297 0.0739988 0.0718 0.0678743 0.062725 0.0567872 0.0504196 0.0439066 0.0374698 0.031282 0.0254773 0.0201578 0.0154029 0.0112786 0.00784035 0.00512088
 0.00777182 0.0127099 0.0192861 0.027485 0.037051 0.0473297 0.0572391 0.065538 0.0712722 0.0740715 0.0741121 0.0718709 0.067901 0.0627199 0.0567715 0.0504113 0.0439085 0.0374655 0.0312413 0.0253695 0.0199675 0.0151389 0.010973 0.00753659 0.00485798
 0.0078217 0.0127874 0.0193955 0.0276263 0.037219 0.0475124 0.0574188 0.0656945 0.0713897 0.074144 0.0741442 0.0718728 0.0678815 0.0626849 0.0567255 0.0503601 0.0438578 0.0374149 0.0311811 0.025283 0.0198397 0.0149673 0.0107715 0.00733102 0.00467535
 0.00784806 0.0128258 0.0194452 0.027684 0.0372801 0.047573 0.0574765 0.065748 0.0714372 0.0741832 0.0741728 0.0718903 0.0678905 0.0626892 0.0567284 0.0503627 0.0438591 0.0374118 0.0311676 0.0252504 0.0197794 0.0148761 0.0106557 0.00720589 0.00455907
 0.00786576 0.0128524 0.0194808 0.0277271 0.0373272 0.0476191 0.057516 0.065776 0.0714514 0.0741845 0.0741658 0.0718809 0.0678835 0.0626871 0.0567317 0.0503705 0.0438692 0.0374207 0.0311702 0.0252403 0.0197508 0.0148263 0.010588 0.00712928 0.00448529
 0.00791601 0.0129284 0.0195845 0.027856 0.0374745 0.0477746 0.0576663 0.065906 0.0715463 0.0742336 0.0741653 0.0718349 0.0678027 0.0625855 0.0566228 0.0502649 0.0437733 0.0373367 0.0310967 0.0251735 0.019686 0.0147603 0.0105205 0.00706369 0.00442702
 0.00788851 0.0128908 0.019541 0.0278147 0.0374451 0.0477644 0.0576776 0.0659353 0.071587 0.0742785 0.0742086 0.0718729 0.0678332 0.0626078 0.0566377 0.0502744 0.0437795 0.0373411 0.0310991 0.025172 0.0196781 0.014744 0.0104964 0.00703466 0.00439766
 0.00787668 0.0128616 0.0194796 0.0277036 0.0372711 0.047529 0.0574034 0.0656638 0.0713652 0.0741429 0.074174 0.071932 0.0679642 0.0627839 0.0568342 0.0504718 0.0439648 0.0375063 0.0312397 0.0252857 0.0197639 0.0148027 0.0105306 0.00704962 0.00439984
 0.00790486 0.0129007 0.0195252 0.0277453 0.0372934 0.0475129 0.0573316 0.065527 0.0711694 0.0739127 0.073949 0.0717548 0.0678653 0.062773 0.0569002 0.0505912 0.0441112 0.0376573 0.0313796 0.0254051 0.0198583 0.0148711 0.0105752 0.00707466 0.00441098
 0.00789618 0.0128928 0.0195242 0.0277597 0.0373297 0.0475706 0.0573988 0.0655813 0.0711845 0.0738691 0.0738429 0.0716018 0.0676972 0.0626265 0.0568047 0.0505598 0.0441392 0.0377275 0.0314707 0.0254983 0.0199405 0.0149355 0.0106203 0.00710256 0.00442579
 0.00786084 0.012833 0.0194308 0.0276248 0.0371513 0.0473581 0.0571751 0.065379 0.0710346 0.0737881 0.0738271 0.0716323 0.0677521 0.0626929 0.0568824 0.0506566 0.0442623 0.0378763 0.0316352 0.0256626 0.020089 0.0150574 0.0107111 0.00716394 0.00446322
 0.00785646 0.0128204 0.0194017 0.0275677 0.0370542 0.0472126 0.0569821 0.0651514 0.0707973 0.0735734 0.0736663 0.0715464 0.0677453 0.0627536 0.0569906 0.0507937 0.0444163 0.038041 0.0318054 0.0258305 0.0202441 0.0151895 0.0108139 0.0072365 0.00450954
 0.00783643 0.0127886 0.019355 0.0275031 0.0369683 0.0471019 0.0568436 0.064985 0.0706082 0.0733746 0.0734785 0.0713951 0.0676544 0.0627376 0.0570502 0.0509167 0.0445829 0.0382308 0.0320016 0.0260201 0.0204165 0.0153362 0.0109296 0.00732016 0.0045645
 0.00780769 0.0127408 0.0192811 0.0273966 0.0368252 0.0469236 0.056639 0.0647697 0.0704006 0.0731909 0.0733302 0.0712899 0.0675988 0.0627385 0.0571126 0.0510399 0.0447581 0.0384418 0.0322284 0.0262433 0.02062 0.0155089 0.0110656 0.00741888 0.00463005
 0.00779328 0.0127165 0.0192428 0.0273396 0.0367449 0.0468167 0.0565053 0.0646137 0.0702317 0.0730225 0.0731772 0.0711661 0.0675149 0.062701 0.0571251 0.0511032 0.0448696 0.0385939 0.032408 0.0264333 0.0208031 0.0156704 0.0111962 0.00751562 0.00469537
 0.00774037 0.0126314 0.0191168 0.0271659 0.0365212 0.0465478 0.0562061 0.0643082 0.069949 0.0727896 0.0730141 0.071083 0.0675131 0.0627752 0.0572655 0.0512976 0.0451046 0.0388558 0.0326819 0.0267032 0.0210527 0.0158857 0.0113683 0.00764219 0.0047805
 0.00770991 0.0125778 0.0190288 0.027031 0.0363287 0.0462945 0.0559005 0.0639724 0.0696146 0.0724911 0.0727815 0.0709374 0.0674645 0.0628228 0.0573993 0.0515018 0.0453606 0.039144 0.0329828 0.0269983 0.0213247 0.0161204 0.0115565 0.00778132 0.00487466
 0.00770671 0.0125706 0.0190137 0.0270022 0.0362783 0.0462133 0.0557801 0.0638081 0.0694089 0.0722562 0.0725393 0.0707161 0.0672923 0.0627214 0.0573802 0.0515647 0.0454954 0.0393336 0.0332069 0.0272353 0.0215543 0.0163256 0.0117254 0.00790887 0.00496254
 0.00767941 0.0125318 0.0189657 0.0269499 0.0362275 0.0461673 0.055737 0.0637607 0.0693469 0.0721706 0.0724268 0.0705819 0.0671512 0.0625949 0.0572912 0.0515314 0.0455264 0.0394265 0.0333493 0.0274085 0.021737 0.0164982 0.0118731 0.00802356 0.00504325
 0.00763512 0.0124627 0.0188676 0.0268219 0.0360736 0.0459976 0.0555678 0.0636114 0.0692346 0.0721031 0.0723996 0.0705816 0.0671628 0.0626095 0.05731 0.0515638 0.045585 0.0395204 0.0334792 0.027566 0.0219068 0.0166625 0.0120166 0.00813683 0.00512399
 0.00760991 0.0124204 0.0188016 0.0267258 0.0359432 0.0458335 0.0553787 0.0634146 0.0690528 0.0719588 0.072309 0.0705501 0.0671842 0.0626698 0.0573932 0.0516588 0.0456881 0.0396342 0.0336077 0.0277088 0.0220575 0.0168095 0.0121472 0.00824203 0.00520032
 0.00760729 0.0124132 0.0187852 0.0266938 0.0358884 0.0457501 0.0552648 0.0632736 0.0688945 0.0717981 0.0721643 0.0704394 0.0671209 0.0626588 0.0574301 0.0517326 0.0457863 0.0397471 0.0337298 0.0278371 0.0221879 0.0169351 0.0122596 0.00833388 0.00526818
 0.00758451 0.0123811 0.0187459 0.0266515 0.0358476 0.0457126 0.0552275 0.0632295 0.0688359 0.0717211 0.0720719 0.0703416 0.0670325 0.0625953 0.0574028 0.0517457 0.0458367 0.0398265 0.0338284 0.0279459 0.0222993 0.017042 0.0123551 0.00841231 0.00532677
 0.00757276 0.0123616 0.0187158 0.0266091 0.0357928 0.0456492 0.0551628 0.0631728 0.0687939 0.0716944 0.0720542 0.0703238 0.0670084 0.0625655 0.0573753 0.0517316 0.0458452 0.0398615 0.0338875 0.0280226 0.0223849 0.0171277 0.0124333 0.00847738 0.00537589
 0.00754907 0.0123254 0.0186658 0.0265454 0.035717 0.0455639 0.0550722 0.0630829 0.0687129 0.0716314 0.0720159 0.0703126 0.0670204 0.0625931 0.0574108 0.0517714 0.0458905 0.0399158 0.0339537 0.0280999 0.0224685 0.0172107 0.0125085 0.0085395 0.00542243
 0.00753747 0.0123055 0.0186339 0.0264978 0.0356514 0.0454808 0.0549764 0.0629832 0.0686199 0.0715544 0.0719617 0.0702845 0.0670188 0.0626156 0.0574525 0.0518261 0.0459528 0.0399829 0.0340248 0.0281745 0.022545 0.0172851 0.0125758 0.00859516 0.00546427
 0.00754221 0.0123128 0.0186441 0.0265104 0.0356646 0.045491 0.0549787 0.0629721 0.0685918 0.0715096 0.0719048 0.0702233 0.0669622 0.0625707 0.0574237 0.0518145 0.0459571 0.0400003 0.0340527 0.0282107 0.022587 0.0173297 0.0126189 0.00863297 0.00549399
 0.00752197 0.0122836 0.018607 0.0264688 0.0356232 0.0454546 0.0549501 0.0629519 0.0685782 0.0714993 0.0718946 0.0702112 0.0669488 0.062559 0.0574182 0.0518189 0.0459734 0.0400282 0.0340902 0.0282547 0.0226342 0.0173765 0.012662 0.00866934 0.00552196
 0.00751159 0.0122633 0.0185705 0.0264092 0.0355357 0.0453404 0.0548192 0.062822 0.0684693 0.0714267 0.0718642 0.0702192 0.0669857 0.0626142 0.0574831 0.0518888 0.0460462 0.0401033 0.0341664 0.02833 0.0227058 0.0174413 0.0127171 0.00871305 0.00555392
 0.00749402 0.0122373 0.0185358 0.0263663 0.035485 0.0452808 0.0547481 0.0627375 0.0683738 0.0713288 0.0717781 0.07016 0.0669632 0.06263 0.0575311 0.0519588 0.0461283 0.0401899 0.0342528 0.0284129 0.0227824 0.0175089 0.0127736 0.00875705 0.00558558
 0.00747234 0.0122018 0.0184823 0.0262915 0.0353878 0.0451642 0.0546201 0.0626102 0.068259 0.0712356 0.071711 0.0701209 0.066954 0.0626529 0.0575865 0.0520437 0.0462351 0.0403086 0.0343736 0.0285279 0.0228858 0.0175971 0.0128446 0.00881053 0.00562292
 0.00747234 0.0122018 0.0184823 0.0262915 0.0353878 0.0451642 0.0546201 0.0626102 0.068259 0.0712356 0.071711 0.0701209 0.066954 0.0626529 0.0575865 0.0520437 0.0462351 0.0403086 0.0343736 0.0285279 0.0228858 0.0175971 0.0128446 0.00881053 0.00562292
 0.00721859 0.0117984 0.0178938 0.0254956 0.0343853 0.0439912 0.0533583 0.0613832 0.06721 0.0704913 0.0713509 0.0701641 0.0673637 0.0633542 0.0584873 0.0530519 0.0472704 0.0413075 0.0352889 0.029328 0.0235527 0.0181253 0.0132395 0.00908712 0.00580286
 0.0073363 0.0119543 0.0180619 0.0256275 0.0344198 0.0438727 0.0530546 0.060896 0.0665762 0.0697788 0.0706479 0.0695633 0.0669435 0.0631612 0.0585284 0.0532977 0.0476671 0.0417917 0.0358008 0.0298186 0.0239873 0.0184837 0.0135148 0.00928357 0.00593229
 0.00727999 0.0118875 0.018005 0.0256088 0.0344605 0.0439666 0.0531562 0.060929 0.0664638 0.0694793 0.070177 0.0689913 0.0663724 0.0626937 0.0582415 0.0532274 0.0478062 0.042098 0.0362122 0.0302694 0.024421 0.0188606 0.013814 0.00950135 0.00607743
 0.00728981 0.011897 0.0180088 0.0256019 0.0344442 0.0439543 0.0531717 0.0609942 0.066578 0.0696049 0.0702464 0.0689373 0.066164 0.0623568 0.0578509 0.0528766 0.047573 0.0420211 0.0362863 0.0304559 0.0246662 0.019113 0.0140363 0.00967406 0.00619752
#pred catch len freq
 0.0031462 0.00512268 0.00775836 0.011107 0.0152136 0.0200634 0.025522 0.0313291 0.0371537 0.0426631 0.0475719 0.0516778 0.0548871 0.0572148 0.0587544 0.0596404 0.0600212 0.0600285 0.0597083 0.0589085 0.0571947 0.0539198 0.0485255 0.0409581 0.03191
 0.00338305 0.00544428 0.00812747 0.0114558 0.0154702 0.0201892 0.0255348 0.0312912 0.0371303 0.0426779 0.0475922 0.0516395 0.0547436 0.0569766 0.0584974 0.059476 0.0600431 0.0602592 0.0600722 0.0592511 0.0573445 0.0537675 0.0480748 0.040319 0.0312391
 0.00346146 0.00560984 0.00844158 0.0119848 0.016252 0.0211919 0.0266355 0.0323038 0.0378786 0.0430706 0.0476477 0.051447 0.0543962 0.0565329 0.0579893 0.058942 0.0595435 0.059854 0.0597781 0.0590154 0.0570634 0.053344 0.0474793 0.0396092 0.030528
 0.00359521 0.00581335 0.00872737 0.0123695 0.0167694 0.0219011 0.0276073 0.0335769 0.0394028 0.0446769 0.0490835 0.0524673 0.0548591 0.0564368 0.0574408 0.0580903 0.0585302 0.05879 0.0587337 0.0580123 0.0560804 0.0523456 0.0464573 0.0386069 0.029626
 0.0037624 0.00608148 0.00912343 0.0129147 0.0174752 0.0227657 0.0286165 0.0347133 0.0406543 0.0460319 0.0505004 0.0538392 0.0560094 0.0571674 0.0576098 0.0576691 0.0576035 0.0575087 0.0572547 0.0564572 0.0545238 0.0508317 0.0450273 0.0373174 0.0285417
 0.00394711 0.00637949 0.00956858 0.0135393 0.0183066 0.0238189 0.0298836 0.0361547 0.0422007 0.047597 0.0519988 0.0551957 0.0571513 0.0580067 0.0580374 0.0575792 0.056939 0.056296 0.0556022 0.0545206 0.052465 0.0487948 0.0431346 0.0356701 0.0272125
 0.00418911 0.00676271 0.0101276 0.0143032 0.0192981 0.0250516 0.031354 0.0378319 0.0440202 0.0494618 0.0537896 0.0567888 0.058437 0.0588994 0.058471 0.0574966 0.0562917 0.0550644 0.0538243 0.0523078 0.0499923 0.0462702 0.0407627 0.0336185 0.0255856
 0.00443721 0.007161 0.0107184 0.0151245 0.0203794 0.026406 0.032968 0.0396587 0.0459812 0.051456 0.0557034 0.058505 0.0598431 0.0598961 0.0589788 0.0574561 0.0556622 0.0538269 0.0519982 0.0499745 0.0473098 0.0434624 0.0380794 0.0312801 0.0237336
 0.00470354 0.00758864 0.0113533 0.0160092 0.0215493 0.0278814 0.0347409 0.0416817 0.0481647 0.0536758 0.0578174 0.0603719 0.0613393 0.0609253 0.0594723 0.0573666 0.0549578 0.0524932 0.0500517 0.0474869 0.0444298 0.0404168 0.0351396 0.0286997 0.0216832
 0.00499406 0.00805155 0.0120339 0.0169471 0.0227764 0.0294155 0.0365752 0.0437732 0.0504294 0.0559929 0.0600414 0.0623494 0.0629289 0.0620137 0.0599817 0.0572515 0.0541968 0.0510839 0.0480183 0.0449015 0.0414374 0.0372425 0.032061 0.0259845 0.0195182
 0.00528807 0.00852196 0.0127287 0.0179086 0.0240366 0.0309884 0.0384445 0.0458838 0.052688 0.0582783 0.0622176 0.0642785 0.064483 0.0630844 0.0604872 0.0571385 0.0534377 0.0496757 0.0459882 0.0423238 0.0384552 0.0340758 0.0289831 0.0232624 0.0173419
 0.00554984 0.00894796 0.0133717 0.0188207 0.0252629 0.0325541 0.0403391 0.0480486 0.0550162 0.0606278 0.0644304 0.0662024 0.0659889 0.064077 0.0609051 0.0569472 0.0526226 0.0482399 0.0439609 0.0397779 0.0355286 0.0309794 0.0259784 0.0206058 0.0152167
 0.00577698 0.00931142 0.0139098 0.0195701 0.0262581 0.0338233 0.0418937 0.0498696 0.0570435 0.0627565 0.0665193 0.068093 0.06753 0.0651475 0.0614245 0.0568745 0.0519466 0.0469712 0.0421342 0.0374661 0.0328613 0.0281512 0.0232293 0.0181716 0.0132667
 0.00594027 0.00958319 0.014331 0.0201842 0.0271043 0.0349252 0.0432469 0.0514363 0.0587566 0.06453 0.0682567 0.0696906 0.0688808 0.0661479 0.0619857 0.0569316 0.0514643 0.0459445 0.0405902 0.0354722 0.0305373 0.0256735 0.0208133 0.0160275 0.0115461
 0.00611723 0.00987252 0.0147705 0.0208128 0.0279575 0.0360259 0.0445928 0.0529887 0.060438 0.0662328 0.0698594 0.0710787 0.0699628 0.0668614 0.0622924 0.0568084 0.0508967 0.0449293 0.0391453 0.0336507 0.0284409 0.0234558 0.0186617 0.0141249 0.0100228
 0.00629481 0.010157 0.0151921 0.0214001 0.0287365 0.0370157 0.0457966 0.0543838 0.0619679 0.0678065 0.0713608 0.0723837 0.0709615 0.0674771 0.0624883 0.0565812 0.0502627 0.0439137 0.0377814 0.031991 0.0265721 0.0215055 0.0167862 0.0124758 0.00870784
 0.00641929 0.0103535 0.0154776 0.0217883 0.0292383 0.0376388 0.0465434 0.055248 0.0629325 0.0688411 0.0724186 0.0734001 0.0718569 0.0681667 0.0628971 0.0566567 0.0499815 0.0432797 0.0368218 0.0307566 0.025142 0.0199891 0.0153139 0.0111734 0.00766491
 0.0065636 0.0105751 0.0157874 0.0221896 0.0297288 0.0382135 0.0471946 0.0559629 0.0636898 0.0696112 0.0731656 0.0740856 0.0724419 0.0686118 0.0631619 0.0567021 0.0497754 0.0428046 0.0360829 0.0297867 0.0240043 0.0187752 0.014132 0.0101268 0.0068266
 0.00661453 0.0106557 0.0159045 0.022348 0.0299303 0.0384562 0.0474733 0.0562707 0.0640226 0.0699695 0.0735534 0.0745029 0.0728772 0.0690376 0.0635359 0.0569731 0.0498919 0.0427243 0.0357826 0.0292714 0.0233124 0.0179766 0.0133159 0.00938177 0.00621785
 0.00663979 0.0107009 0.0159803 0.0224671 0.0301044 0.0386921 0.0477677 0.0566084 0.0643787 0.0703163 0.0738679 0.0747728 0.0731021 0.0692231 0.0636846 0.0570758 0.0499249 0.0426551 0.0355809 0.0289232 0.0228306 0.0174038 0.0127168 0.00882516 0.00575747
 0.00660711 0.0106528 0.0159181 0.0223971 0.0300392 0.0386499 0.0477708 0.0566783 0.064529 0.0705454 0.0741565 0.0750895 0.0734133 0.0695028 0.063918 0.0572557 0.0500437 0.0426991 0.0355319 0.0287666 0.0225669 0.017056 0.0123283 0.00844794 0.0054357
 0.00660452 0.0106374 0.0158747 0.0223061 0.0298833 0.0384246 0.047493 0.0563882 0.0642811 0.0703938 0.0741395 0.0752186 0.0736712 0.0698499 0.0643044 0.0576337 0.0503755 0.0429575 0.0356973 0.028827 0.0225213 0.0169193 0.0121313 0.0082308 0.00523606
 0.00668382 0.0107511 0.0160162 0.0224566 0.030013 0.0384976 0.0474748 0.0562561 0.0640359 0.0700677 0.0737936 0.0749267 0.0734956 0.0698214 0.0644157 0.0578468 0.0506372 0.0432149 0.035908 0.0289633 0.0225717 0.016889 0.0120407 0.00810932 0.00511335
 0.00675445 0.0108616 0.0161741 0.0226643 0.0302653 0.0387786 0.0477551 0.0564935 0.0641829 0.070085 0.0736655 0.074671 0.073163 0.0694813 0.0641333 0.0576629 0.0505579 0.0432164 0.0359503 0.0290058 0.0225855 0.0168621 0.0119774 0.00802526 0.00502751
