SBPRF35
7.78865
Curr Bio
511373
B35
678557
F35
0.212218
FOFL
0.152496
OFL
60210.6
Bzero
2.22533e+006
#pred survey bio
 4.75243e+006 4.50368e+006 4.25681e+006 3.96157e+006 3.63214e+006 3.29774e+006 2.96544e+006 2.63387e+006 2.33788e+006 2.06749e+006 1.82339e+006 1.63672e+006 1.43339e+006 1.27639e+006 1.12717e+006 1.0033e+006 922749 826738 783347 724036 700453 663236 632294 623650 613215 600401 602877 605812 603915 613501 611565 607936 603684 602829 594685 578393 557258 543028 543791 543433 554740 560686 573705 584812 598791 596295 603351 602014 594753 602308 598804 574099 550698 544542 523245 524485 550787 528962 535792 525054 516122 1.75501e+007 1.02687e+007 1.03742e+007 1.10973e+007 1.21609e+007 1.3291e+007 1.43211e+007 1.51798e+007 1.5856e+007 1.63686e+007 1.67475e+007 1.70233e+007 1.7222e+007 1.73645e+007 1.74667e+007 1.75402e+007 1.75931e+007 1.76315e+007 1.76596e+007 1.76802e+007 1.76954e+007 1.77068e+007 1.77152e+007 1.77216e+007 1.77265e+007 1.77301e+007 1.77329e+007 1.7735e+007 1.77366e+007 1.77379e+007 1.77388e+007 1.77395e+007 1.77401e+007 1.77405e+007 1.77409e+007 1.77411e+007 1.77413e+007 1.77415e+007 1.77416e+007 1.77417e+007 1.77418e+007 1.77418e+007 1.77419e+007 1.77419e+007 1.77419e+007 1.7742e+007 1.7742e+007 1.7742e+007 1.7742e+007 1.7742e+007 1.7742e+007 1.7742e+007 1.7742e+007 1.7742e+007 1.7742e+007 1.7742e+007 1.7742e+007 1.7742e+007 1.7742e+007 1.7742e+007 1.7742e+007 1.7742e+007 1.7742e+007 1.7742e+007 1.7742e+007 1.7742e+007 1.7742e+007 1.7742e+007 1.7742e+007 1.7742e+007 1.7742e+007 1.7742e+007 1.7742e+007 1.7742e+007 1.7742e+007 1.7742e+007 1.7742e+007 1.7742e+007 1.7742e+007 1.7742e+007 1.7742e+007 1.7742e+007 1.7742e+007 1.7742e+007 1.7742e+007 1.7742e+007 1.7742e+007 1.7742e+007 1.7742e+007 1.7742e+007 1.7742e+007 1.7742e+007 1.7742e+007 1.7742e+007 1.7742e+007 1.7742e+007 1.7742e+007 1.7742e+007 1.7742e+007 1.7742e+007 0 0 0 0 0 0 0 0 0 0 0 0 0 0 0 0 0 0 0 0 0 0 0 0 0
#obs survey bio
 3.63732e+006 2.40481e+006 2.84256e+006 3.7154e+006 3.66129e+006 2.664e+006 2.22298e+006 2.18983e+006 1.47993e+006 2.14885e+006 1.41466e+006 1.64279e+006 1.2463e+006 1.23136e+006 1.07034e+006 739371 734597 627967 499804 667698 638951 629409 386483 545982 478842 538330 508130 525593 658782 587833 807838 420938 734865 868210 623982 316053 571653 565619 635683 454299 309012 499990 482959 551320 570219 587094 342903 658187 436267 541512 732021 509546 575756 470061 387993 551776 430160 483596 593099 545324 702109
#pred catch bio
 91846.7 91187 145798 197627 230404 261684 295951 296443 300595 297611 261157 285645 251400 248436 227855 191025 202536 154871 165277 131697 140155 131585 111489 112671 113843 100500 99577.9 101735 89825.3 96893.5 94855.1 91898.9 85716.7 88235.6 91514 94531 91243.8 82759.6 86997.3 79857.6 86861.7 82653.2 85331.6 83314.7 96557.5 87988.3 94998 98938.8 85620.1 94412.7 110588 107448 92091.9 104268 84675.6 64135.6 103450 77655.8 91098 86197.2 85766.8 60210.6 79212.3 78519.6 82533.5 89997.2 98276.3 105797 111946 116650 120087 122514 124187 125317 126069 126564 126887 127095 127229 127315 127370 127405 127427 127441 127450 127455 127459 127461 127462 127463 127464 127464 127464 127464 127464 127464 127464 127464 127464 127464 127464 127464 127464 127464 127464 127464 127464 127464 127464 127464 127464 127464 127464 127464 127464 127464 127464 127464 127464 127464 127464 127464 127464 127464 127464 127464 127464 127464 127464 127464 127464 127464 127464 127464 127464 127464 127464 127464 127464 127464 127464 127464 127464 127464 127464 127464 127464 127464 127464 127464 127464 127464 127464 127464 127464 127464 127464 127464 127464 127464 127464 0 0 0 0 0 0 0 0 0 0 0 0 0 0 0 0 0 0 0 0 0 0 0 0 0
#obs catch bio
 0 90983.3 146513 198772 231905 264261 300992 303181 309694 307070 267814 293263 257637 255213 233850 194995 208233 157591 169579 133804 143206 133971 113616 115024 116556 102586 101897 104224 90906.6 98307.9 95801.7 92899 86160.2 88642.4 91682.4 95321.4 91911.3 82897.6 87199.5 79834.8 87667.8 83276.2 86071.6 83715 97072.5 87933.6 95517.6 99674.6 85710.5 94541 110996 107736 91725.8 104661 85258.1 63682.8 104447 77507.1 91421.6 86363.8 85784.1
#pred cpue bio
 4.67352e+006 4.43016e+006 4.1879e+006 3.895e+006 3.56721e+006 3.23416e+006 2.90291e+006 2.57261e+006 2.27811e+006 2.00988e+006 1.76851e+006 1.58415e+006 1.38379e+006 1.22899e+006 1.08221e+006 960562 881506 788019 745963 688689 666089 630350 600440 591910 581737 569350 571850 575067 573903 583911 582751 579947 576479 576305 569146 553780 532549 517147 516728 516067 526822 532323 544881 555812 569639 567504 574372 573040 566207 573763 570512 546592 523790 517696 496941 498188 524132 503389 510080 499992 492141 1.67742e+007 9.82766e+006 9.79858e+006 1.0356e+007 1.13571e+007 1.24713e+007 1.34981e+007 1.43562e+007 1.50322e+007 1.55448e+007 1.59238e+007 1.61995e+007 1.63982e+007 1.65407e+007 1.66429e+007 1.67164e+007 1.67693e+007 1.68078e+007 1.68358e+007 1.68564e+007 1.68717e+007 1.6883e+007 1.68915e+007 1.68978e+007 1.69027e+007 1.69063e+007 1.69091e+007 1.69112e+007 1.69128e+007 1.69141e+007 1.6915e+007 1.69158e+007 1.69163e+007 1.69168e+007 1.69171e+007 1.69174e+007 1.69176e+007 1.69177e+007 1.69178e+007 1.69179e+007 1.6918e+007 1.69181e+007 1.69181e+007 1.69181e+007 1.69182e+007 1.69182e+007 1.69182e+007 1.69182e+007 1.69182e+007 1.69182e+007 1.69182e+007 1.69182e+007 1.69182e+007 1.69182e+007 1.69182e+007 1.69182e+007 1.69182e+007 1.69182e+007 1.69182e+007 1.69182e+007 1.69182e+007 1.69182e+007 1.69182e+007 1.69182e+007 1.69182e+007 1.69182e+007 1.69182e+007 1.69182e+007 1.69182e+007 1.69182e+007 1.69182e+007 1.69182e+007 1.69182e+007 1.69182e+007 1.69182e+007 1.69182e+007 1.69182e+007 1.69182e+007 1.69182e+007 1.69182e+007 1.69182e+007 1.69182e+007 1.69182e+007 1.69182e+007 1.69182e+007 1.69182e+007 1.69182e+007 1.69182e+007 1.69182e+007 1.69182e+007 1.69182e+007 1.69182e+007 1.69182e+007 1.69182e+007 1.69182e+007 1.69182e+007 1.69182e+007 1.69182e+007 1.69182e+007 1.69182e+007 0 0 0 0 0 0 0 0 0 0 0 0 0 0 0 0 0 0 0 0 0 0 0 0 0
#obs cpue bio
 3.13589e+006 3.9438e+006 3.4307e+006 4.67267e+006 2.96501e+006 2.54383e+006 1.94202e+006 1.35455e+006 1.65832e+006 1.61288e+006 1.9903e+006 1.96654e+006 1.02189e+006 971027 868411 978284 800099 795248 788234 617674 518686 599629 497002 494754 485542 409285 409148 493991 727276 520137 503527 658337 605042 421461 665905 585582 511024 622894 482094 605006 479032 514045 574837 628009 734879 694469 661138 465240 893991 686434 449851 621671 651910 471264 418622 889956 429809 612891 443258 458542 440988
#pred surv len freq
 0.00507448 0.00823391 0.0123824 0.0174955 0.0234455 0.0299207 0.0363974 0.0422649 0.0470557 0.0506028 0.0530185 0.0545566 0.0554832 0.0560044 0.056236 0.0561944 0.0558109 0.0549588 0.0534732 0.051151 0.0477526 0.0430624 0.0370317 0.0299423 0.0224508
 0.00529333 0.00848718 0.0125796 0.0175041 0.0231438 0.0292734 0.0355025 0.0413311 0.0463101 0.0501814 0.0529065 0.054613 0.0555254 0.0559037 0.0559766 0.0558783 0.0556093 0.0550337 0.0539005 0.0518812 0.0486305 0.0438962 0.0376735 0.0303362 0.0226287
 0.00558466 0.00895068 0.0132505 0.0183875 0.0241909 0.03036 0.0364332 0.0418911 0.0463566 0.049722 0.0521029 0.0536937 0.0546666 0.0551604 0.0553055 0.0552204 0.054966 0.0544816 0.0535437 0.0517786 0.0487527 0.0441375 0.0379096 0.0304838 0.0226699
 0.00584032 0.00936725 0.0138794 0.0192771 0.0253756 0.031839 0.0381435 0.0436871 0.0480161 0.0509915 0.0527737 0.053678 0.0540287 0.0540775 0.053981 0.0538095 0.0535585 0.0531354 0.0523197 0.0507411 0.0479391 0.0435359 0.037468 0.0301433 0.0223937
 0.00617294 0.00988659 0.0146224 0.0202672 0.0266236 0.0333424 0.0398796 0.0456003 0.0500062 0.0529064 0.0544161 0.0548337 0.0545199 0.0538221 0.0530238 0.052303 0.0517048 0.0511282 0.0503164 0.0488616 0.0462701 0.0421288 0.036337 0.0292733 0.0217538
 0.00655006 0.0104821 0.0154853 0.0214306 0.028098 0.0351079 0.0418777 0.0477351 0.0521588 0.0549545 0.0562418 0.0563163 0.0555258 0.0542151 0.052701 0.0512397 0.0499789 0.0489071 0.0478151 0.0462972 0.0438303 0.0399562 0.0345223 0.027854 0.0207191
 0.00689003 0.011032 0.0163074 0.0225802 0.0296123 0.0369886 0.0440729 0.0501344 0.0546087 0.0572895 0.0583132 0.0580045 0.0567359 0.0548628 0.052706 0.0505371 0.0485491 0.0468082 0.0451951 0.0433762 0.0408605 0.0371759 0.0321174 0.0259336 0.0193082
 0.0071975 0.011531 0.0170576 0.0236381 0.0310226 0.0387694 0.0461976 0.0525213 0.0571267 0.0597772 0.0606021 0.0599403 0.0581913 0.0557422 0.0529403 0.0500767 0.0473666 0.044917 0.0426774 0.0404007 0.0376724 0.0340562 0.0293244 0.0236485 0.0176047
 0.00741755 0.0118953 0.0176186 0.0244508 0.0321361 0.0402122 0.047962 0.0545542 0.0593342 0.0620378 0.062781 0.061899 0.0597968 0.056875 0.0535014 0.0499916 0.0465881 0.0434344 0.0405358 0.0377233 0.0346691 0.0310008 0.0264998 0.0212791 0.0158063
 0.00760976 0.0122092 0.0180945 0.0251295 0.0330541 0.0413927 0.0494037 0.0562238 0.0611674 0.0639471 0.0646646 0.0636488 0.0613033 0.0580317 0.0542083 0.0501598 0.0461468 0.0423435 0.038805 0.0354356 0.0319952 0.0281877 0.023825 0.0189825 0.0140306
 0.00787433 0.0126213 0.018682 0.0259078 0.0340268 0.0425519 0.0507273 0.0576731 0.0626886 0.0654772 0.066138 0.0649993 0.0624639 0.0589331 0.0547777 0.0503215 0.0458279 0.041486 0.0373878 0.0335009 0.0296695 0.0256789 0.0213859 0.0168473 0.012352
 0.0080913 0.0129652 0.0191827 0.0265863 0.0348907 0.0435896 0.0519025 0.0589267 0.0639503 0.0666826 0.0672401 0.0659683 0.063278 0.059566 0.055191 0.0504614 0.0456291 0.0408832 0.0363372 0.0320081 0.0278139 0.0236198 0.0193351 0.0150148 0.0108863
 0.00844019 0.0135151 0.0199774 0.027653 0.0362328 0.0451775 0.0536636 0.0607448 0.0656825 0.0681891 0.068414 0.0667532 0.063668 0.0595927 0.0549016 0.0498958 0.0448038 0.0397896 0.0349566 0.0303407 0.02591 0.0215954 0.0173582 0.0132607 0.00948364
 0.00867981 0.0139019 0.020554 0.0284566 0.0372876 0.0464821 0.0551784 0.0623864 0.0673332 0.0697174 0.0696971 0.067695 0.0642109 0.0597228 0.0546435 0.0492987 0.0439212 0.0386626 0.0336104 0.0287982 0.0242165 0.0198378 0.0156623 0.0117618 0.00828382
 0.00896699 0.0143554 0.0212118 0.0293452 0.0384175 0.0478413 0.0567232 0.0640375 0.0689815 0.0712405 0.0709771 0.0686339 0.0647408 0.0598124 0.0543007 0.0485654 0.0428614 0.0373475 0.0321057 0.0271636 0.0225157 0.0181514 0.0140895 0.0104029 0.00721097
 0.00923092 0.0147724 0.0218166 0.0301613 0.0394527 0.0490809 0.0581226 0.0655204 0.0704494 0.0725891 0.0721124 0.0694798 0.065242 0.0599355 0.0540364 0.0479306 0.0418982 0.036117 0.0306804 0.0256205 0.0209349 0.0166181 0.0126913 0.00921784 0.00628882
 0.00921604 0.014775 0.0218704 0.0303152 0.0397599 0.049581 0.058825 0.0663986 0.0714473 0.0736341 0.0731275 0.0703907 0.0659808 0.0604439 0.0542697 0.0478624 0.041525 0.0354611 0.0297884 0.024559 0.0197847 0.0154673 0.0116261 0.0083097 0.00558109
 0.00943623 0.0151068 0.0223221 0.0308804 0.0404236 0.0503282 0.0596435 0.0672729 0.0723485 0.0745139 0.0739211 0.0710294 0.0664072 0.0606225 0.0541875 0.0475245 0.0409485 0.0346734 0.0288293 0.023483 0.0186606 0.0143722 0.010635 0.00748183 0.00494764
 0.00940362 0.0150606 0.0222653 0.03082 0.0403697 0.0502919 0.0596376 0.067315 0.0724637 0.0747324 0.0742671 0.0715047 0.0669797 0.0612268 0.0547405 0.0479458 0.0411787 0.0346824 0.0286183 0.023082 0.0181234 0.0137685 0.0100383 0.00695457 0.0045294
 0.00956337 0.0153033 0.0225986 0.0312388 0.0408566 0.0508195 0.0601694 0.0678077 0.0728737 0.0750266 0.0744333 0.0715563 0.0669483 0.0611472 0.0546336 0.0478095 0.0409912 0.0344152 0.0282519 0.0226176 0.0175862 0.0132034 0.00949822 0.0064869 0.00416363
 0.00952319 0.0152404 0.0225087 0.031121 0.0407143 0.0506628 0.0600163 0.0676826 0.0728032 0.0750318 0.0745242 0.0717296 0.0671901 0.0614372 0.0549483 0.0481219 0.0412694 0.034624 0.02836 0.0226072 0.0174619 0.0129928 0.00924438 0.00623534 0.00394942
 0.00972613 0.0155379 0.0228959 0.0315712 0.0411854 0.051108 0.0603936 0.0679603 0.0729616 0.0750661 0.0744451 0.0715615 0.0669653 0.0611885 0.0547027 0.0478965 0.0410686 0.0344401 0.0281765 0.0224069 0.0172356 0.0127451 0.00899377 0.00600597 0.0037616
 0.00996062 0.0158951 0.0233874 0.0321881 0.0418969 0.051862 0.0611194 0.0685765 0.0733928 0.0752633 0.0743991 0.0713018 0.066547 0.0606758 0.0541551 0.047361 0.0405759 0.0340042 0.0277967 0.0220733 0.0169366 0.0124743 0.0087528 0.00580217 0.00360211
 0.00994317 0.0158805 0.0233907 0.0322315 0.0420038 0.0520469 0.061379 0.0688871 0.073715 0.0755518 0.0746143 0.071418 0.0665574 0.0605918 0.0540014 0.0471675 0.0403698 0.0338048 0.0276134 0.0219067 0.0167829 0.0123306 0.0086199 0.0056851 0.00350686
 0.00994847 0.0158878 0.0234001 0.0322445 0.0420253 0.0520876 0.061455 0.0690145 0.0739013 0.0757872 0.0748694 0.0716511 0.0667273 0.060671 0.053983 0.0470644 0.0402081 0.0336139 0.027418 0.021723 0.0166184 0.0121873 0.00849806 0.00558534 0.0034299
 0.00997072 0.0159248 0.023457 0.0323257 0.0421329 0.0522191 0.0616026 0.069167 0.0740486 0.0759241 0.0749949 0.071763 0.0668172 0.0607232 0.0539805 0.0469975 0.0400796 0.0334395 0.0272204 0.0215248 0.0164365 0.0120313 0.00837153 0.00548802 0.00335937
 0.0097951 0.0156632 0.0231083 0.0319062 0.0416738 0.0517607 0.0611891 0.0688419 0.073849 0.0758739 0.0750997 0.0720096 0.0671764 0.0611546 0.0544375 0.0474336 0.0404568 0.0337346 0.0274279 0.0216538 0.0165045 0.0120573 0.00837239 0.00547633 0.00334377
 0.00954642 0.0152876 0.0225973 0.0312733 0.0409532 0.0510035 0.0604591 0.0682107 0.0733853 0.0756293 0.0750973 0.072241 0.0676069 0.0617324 0.0551025 0.0481246 0.0411178 0.0343209 0.0279111 0.0220237 0.016767 0.0122296 0.00847606 0.00553275 0.00337077
 0.00948248 0.015166 0.0223829 0.030926 0.0404418 0.0503256 0.0596573 0.0673713 0.0726182 0.0750373 0.0747511 0.072169 0.0677985 0.0621479 0.0556837 0.0488044 0.0418286 0.0350022 0.0285156 0.0225217 0.0171479 0.0124995 0.00865276 0.00563908 0.00342918
 0.00927844 0.0148568 0.0219583 0.0303885 0.0398017 0.0495953 0.0588517 0.0665172 0.0717655 0.0742635 0.0741519 0.071835 0.0677883 0.0624705 0.056297 0.049629 0.0427679 0.0359604 0.0294118 0.023298 0.0177727 0.0129667 0.00897652 0.00584624 0.00355104
 0.00914834 0.014654 0.0216701 0.0300101 0.0393383 0.0490637 0.0582797 0.0659396 0.0712161 0.0737687 0.073732 0.0715141 0.0676016 0.06246 0.056495 0.0500394 0.0433573 0.0366642 0.0301506 0.0239965 0.0183746 0.0134418 0.0093205 0.0060744 0.00368931
 0.00907362 0.0145289 0.0214754 0.0297268 0.0389528 0.0485759 0.0577101 0.0653303 0.0706225 0.0732456 0.0733206 0.0712367 0.0674661 0.0624684 0.0566507 0.0503457 0.0438082 0.0372341 0.0307911 0.024645 0.0189697 0.013938 0.00969704 0.00633431 0.00385228
 0.00896115 0.0143586 0.0212418 0.0294318 0.0386026 0.0481773 0.0572704 0.0648601 0.0701412 0.072784 0.0729184 0.0709346 0.0672957 0.0624458 0.056777 0.0506117 0.0441985 0.0377262 0.0313524 0.0252308 0.019529 0.0144252 0.0100827 0.00661116 0.00403198
 0.00875573 0.0140454 0.0208098 0.0288861 0.0379644 0.0474816 0.0565637 0.0641961 0.0695714 0.0723474 0.072636 0.0708115 0.0673284 0.0626274 0.0570979 0.0510572 0.0447473 0.0383504 0.0320176 0.0258969 0.020153 0.0149677 0.0105167 0.00692816 0.00424209
 0.00883211 0.0141273 0.0208556 0.0288331 0.0377478 0.0470639 0.0559578 0.0634676 0.0688176 0.0716653 0.072097 0.070452 0.0671547 0.0626274 0.0572513 0.0513425 0.0451426 0.0388315 0.0325549 0.0264547 0.0206916 0.0154493 0.0109127 0.00722539 0.00444444
 0.00958847 0.0152135 0.0222221 0.0303363 0.039182 0.0482189 0.0566716 0.0636541 0.0684735 0.0708639 0.0709719 0.0691673 0.0658675 0.0614579 0.0562712 0.0505808 0.0445998 0.0384916 0.0323918 0.026434 0.0207722 0.015587 0.0110665 0.00736442 0.00455182
 0.0102404 0.0162537 0.0237429 0.0323876 0.0417353 0.0511248 0.0596364 0.0662735 0.0703347 0.0716765 0.0706565 0.0678583 0.0638433 0.0590448 0.0537657 0.0482072 0.0425 0.0367366 0.0310003 0.0253894 0.0200349 0.0151028 0.0107745 0.00720516 0.00447471
 0.0102498 0.016346 0.0240248 0.0330077 0.042848 0.0528288 0.0619121 0.0689499 0.0731031 0.0741486 0.0724519 0.0686992 0.0636274 0.0578661 0.0518734 0.0459229 0.0401323 0.034524 0.0290914 0.023851 0.018872 0.0142791 0.0102305 0.00687244 0.00428758
 0.0100069 0.0159831 0.0235438 0.0324469 0.0422914 0.0524103 0.0618047 0.0693291 0.0740827 0.0757112 0.0744137 0.0707394 0.0653762 0.0590169 0.0522702 0.0455902 0.039242 0.0333211 0.0278161 0.0226847 0.0179176 0.0135689 0.00974675 0.00657062 0.00411565
 0.0101221 0.0161188 0.023654 0.0324605 0.0421368 0.0520537 0.0612844 0.0687646 0.0736512 0.0755971 0.0747468 0.0715401 0.0665291 0.0602915 0.0533888 0.0463198 0.0394684 0.0330724 0.0272299 0.0219435 0.0171849 0.0129517 0.00928879 0.00626671 0.00393415
 0.0100758 0.0160634 0.0236045 0.0324353 0.0421434 0.0520718 0.0612605 0.0686326 0.0733733 0.0752055 0.0743541 0.0713054 0.0665903 0.0606972 0.0540673 0.0471006 0.0401491 0.0334976 0.0273427 0.0217885 0.0168693 0.0125918 0.00896997 0.00602921 0.00378065
 0.00996774 0.0159124 0.0234237 0.0322544 0.0420027 0.0520093 0.0612979 0.0687629 0.0735568 0.0753789 0.0744561 0.0713104 0.0665309 0.0606543 0.0541261 0.0472981 0.0404476 0.0338019 0.0275509 0.0218419 0.0167736 0.0124017 0.00875438 0.00584111 0.00364427
 0.00982737 0.0156903 0.0231026 0.0318272 0.0414791 0.0514242 0.060715 0.0682669 0.0732309 0.0752746 0.0745731 0.0715987 0.0669165 0.0610734 0.0545482 0.0477242 0.0408851 0.0342377 0.0279443 0.0221434 0.0169528 0.0124639 0.00873435 0.00578304 0.00358305
 0.00970502 0.0155025 0.0228403 0.0314888 0.0410698 0.0509555 0.0602071 0.0677533 0.0727604 0.0749069 0.0743657 0.071589 0.0671064 0.0614279 0.0550095 0.0482333 0.0413976 0.0347247 0.0283828 0.0225093 0.0172256 0.0126365 0.0088193 0.00580712 0.00357571
 0.00957415 0.0152967 0.0225442 0.0310941 0.0405788 0.0503841 0.0595882 0.0671352 0.0721992 0.0744558 0.0740678 0.0714738 0.0671889 0.0617046 0.0554543 0.0487993 0.0420254 0.0353556 0.0289679 0.0230133 0.0176266 0.012927 0.00900709 0.00591265 0.00362539
 0.00972346 0.0155071 0.0228003 0.03136 0.0408057 0.050525 0.0596102 0.0670256 0.0719648 0.0741202 0.0736672 0.0710535 0.0667979 0.0613891 0.0552501 0.0487239 0.0420741 0.0355027 0.0291745 0.0232375 0.0178329 0.0130921 0.00912204 0.00598115 0.00365907
 0.00966597 0.0154366 0.0227353 0.0313282 0.0408317 0.0506135 0.0597352 0.0671355 0.0720034 0.0740514 0.0734898 0.0707989 0.0665156 0.0611305 0.0550572 0.048624 0.0420775 0.0356017 0.0293455 0.0234466 0.0180442 0.0132768 0.00926352 0.00607643 0.00371515
 0.00950037 0.0152029 0.0224502 0.0310322 0.0405808 0.0504632 0.0597238 0.0672718 0.0722613 0.0743729 0.073799 0.0710257 0.066619 0.0611109 0.054951 0.0484854 0.0419583 0.0355372 0.0293481 0.0235078 0.0181419 0.0133845 0.00935975 0.00614923 0.00376255
 0.00958362 0.0153004 0.0225292 0.0310436 0.0404793 0.0502348 0.0594052 0.0669449 0.0720217 0.0742887 0.073883 0.0712339 0.0668735 0.0613332 0.0550901 0.0485305 0.0419333 0.035483 0.0293034 0.0234953 0.0181648 0.0134319 0.00941508 0.00619874 0.00379908
 0.00951172 0.0151967 0.0223956 0.0308856 0.0402982 0.05002 0.0591352 0.0666012 0.0716125 0.0738648 0.0735304 0.0710414 0.0668923 0.0615534 0.0554489 0.048943 0.0423277 0.0358202 0.0295766 0.0237162 0.0183476 0.0135847 0.00953907 0.00629278 0.00386404
 0.0094878 0.0151643 0.0223589 0.030853 0.0402804 0.0500255 0.0591644 0.0666416 0.0716378 0.0738421 0.0734361 0.0708786 0.0666976 0.0613837 0.0553542 0.048943 0.0424067 0.0359422 0.0297065 0.023833 0.0184456 0.0136654 0.00960502 0.00634469 0.00390196
 0.00964469 0.0154073 0.0227018 0.031299 0.0408202 0.0506354 0.0598038 0.067254 0.0721568 0.0742027 0.0735873 0.0707933 0.0663815 0.0608789 0.0547331 0.0482912 0.0417991 0.0354253 0.0292954 0.023521 0.0182172 0.0135052 0.00949918 0.00628021 0.00386642
 0.00979667 0.0156439 0.0230378 0.0317405 0.0413622 0.05126 0.0604772 0.0679264 0.0727676 0.0746906 0.0739 0.070895 0.0662565 0.0605354 0.0542058 0.0476384 0.041094 0.0347405 0.0286872 0.0230207 0.0178323 0.0132267 0.00930968 0.00615969 0.00379546
 0.00981239 0.0156664 0.0230665 0.0317745 0.0414027 0.0513128 0.0605544 0.0680432 0.0729366 0.0749137 0.0741631 0.0711675 0.0664964 0.0606991 0.0542594 0.0475681 0.0409115 0.0344797 0.0283938 0.0227385 0.0175922 0.0130424 0.00918086 0.00607722 0.00374711
 0.00981942 0.0157024 0.0231649 0.0319781 0.0417489 0.0518122 0.0611745 0.0687111 0.0735609 0.0754149 0.0744946 0.0713183 0.0664803 0.0605392 0.0539787 0.0471876 0.0404539 0.0339743 0.0278775 0.0222511 0.0171683 0.0127034 0.00893195 0.00590968 0.00364391
 0.00966627 0.0154553 0.0227999 0.0314824 0.0411337 0.0511262 0.0605092 0.0681856 0.0732848 0.0754469 0.0748208 0.0718638 0.0671419 0.0612193 0.0546029 0.0477085 0.040847 0.0342344 0.0280164 0.0222945 0.0171493 0.0126546 0.00887815 0.00586511 0.0036132
 0.00942969 0.0150685 0.0222147 0.0306563 0.0400432 0.0497871 0.0589974 0.0666437 0.0719036 0.074425 0.0743152 0.0719486 0.0677898 0.062312 0.0559677 0.0491634 0.0422387 0.0354579 0.0290175 0.0230619 0.0177021 0.0130299 0.00911867 0.00601086 0.00369668
 0.00967238 0.0154426 0.0227365 0.0313184 0.0408062 0.0505728 0.0596892 0.0671039 0.0720136 0.0741319 0.0736618 0.0710661 0.0668554 0.0614912 0.0553668 0.0488108 0.0420958 0.0354507 0.0290698 0.0231177 0.0177335 0.0130323 0.00910113 0.00598577 0.00367348
 0.00937191 0.0150141 0.0222034 0.0307421 0.0402705 0.0501569 0.0594424 0.0670332 0.0720838 0.074278 0.0738097 0.0711608 0.0668842 0.06149 0.055402 0.0489449 0.0423568 0.03582 0.0294937 0.0235323 0.0180882 0.0133018 0.0092847 0.00609863 0.00373639
 0.00901651 0.0144909 0.0215193 0.0299444 0.0394406 0.0493949 0.0588499 0.0666956 0.0720495 0.0745389 0.0742959 0.0717583 0.0674725 0.0619823 0.055769 0.0492125 0.0425804 0.0360509 0.0297546 0.0238131 0.018359 0.0135325 0.00945839 0.00621468 0.00380554
 0.00845677 0.0136459 0.020371 0.0285254 0.0378323 0.0477196 0.057262 0.0653683 0.0711471 0.074178 0.0745116 0.0724926 0.0685909 0.0633109 0.0571389 0.0504974 0.0437142 0.0370208 0.0305771 0.024508 0.0189358 0.0139916 0.00980081 0.00644998 0.00395295
#obs surv len freq
 nan nan nan nan nan nan nan nan nan nan nan nan nan nan nan nan nan nan nan nan nan nan nan nan nan
 0.00448502 0.00734641 0.0111763 0.0159922 0.0216922 0.0279668 0.03428 0.0400107 0.04469 0.048154 0.0505124 0.0520089 0.0529019 0.0534149 0.0537298 0.0539851 0.054264 0.0545569 0.0546958 0.0542878 0.0527258 0.0493579 0.0438075 0.0362873 0.0276706
 0.00461939 0.00756621 0.0115092 0.0164638 0.0223195 0.0287487 0.0351876 0.040985 0.0456502 0.0490134 0.0511948 0.0524603 0.053095 0.0533495 0.0534281 0.0534843 0.0536071 0.0537865 0.0538506 0.0534046 0.0518433 0.0485191 0.043057 0.035663 0.0271936
 0.00477866 0.00782906 0.011912 0.017043 0.0231037 0.0297473 0.036378 0.0423072 0.0470136 0.0503116 0.0523228 0.0533269 0.0536327 0.0535206 0.0532269 0.052935 0.0527566 0.052695 0.0525849 0.0520353 0.050446 0.0471748 0.0418462 0.0346523 0.0264197
 0.00497434 0.00814584 0.0123866 0.0177094 0.0239883 0.0308595 0.0377 0.0437881 0.0485731 0.0518509 0.0537364 0.0545125 0.0544988 0.0539944 0.0532621 0.0525174 0.0519057 0.0514613 0.0510452 0.0502875 0.0486058 0.0453693 0.0402009 0.0332695 0.025357
 0.00518846 0.00849895 0.0129271 0.0184848 0.025035 0.0321876 0.0392783 0.0455408 0.050393 0.0536217 0.0553508 0.0558782 0.0555366 0.054635 0.0534471 0.0522056 0.0510821 0.050146 0.0492992 0.0482154 0.0463525 0.043108 0.0381088 0.0314944 0.0239846
 0.00541856 0.00887582 0.0134998 0.0193016 0.0261352 0.0335872 0.0409551 0.0474269 0.0523819 0.0555868 0.0571655 0.0574306 0.0567359 0.0554109 0.0537457 0.0519853 0.0503155 0.0488296 0.0474693 0.0459634 0.0438307 0.0405188 0.0356728 0.0294026 0.0223545
 0.0056448 0.00924699 0.0140649 0.0201088 0.0272235 0.0349724 0.0426156 0.0492979 0.0543638 0.0575633 0.0590199 0.0590554 0.0580363 0.0563067 0.0541718 0.0518904 0.0496627 0.0476024 0.045686 0.0436975 0.0412267 0.0377878 0.0330593 0.0271293 0.020566
 0.00590228 0.00966522 0.0146937 0.0209946 0.0284006 0.0364501 0.0443636 0.0512418 0.056395 0.0595599 0.0608658 0.0606505 0.0592985 0.057169 0.0545778 0.0517919 0.0490197 0.0463894 0.0439082 0.0414135 0.038569 0.0349651 0.0303264 0.0247278 0.0186606
 0.00613068 0.0100455 0.0152823 0.0218491 0.0295675 0.0379453 0.0461539 0.0532404 0.0584763 0.0615863 0.0627123 0.0622168 0.0605099 0.0579712 0.0549298 0.0516592 0.0483708 0.0452004 0.0421773 0.039186 0.0359622 0.0321752 0.0276029 0.0223155 0.0167332
 0.00637572 0.0104435 0.0158812 0.0226944 0.0306952 0.0393697 0.0478535 0.0551493 0.0604894 0.0635756 0.0645467 0.0637792 0.0617086 0.0587433 0.0552382 0.0514829 0.0476956 0.0440164 0.0404891 0.0370352 0.0334534 0.0294875 0.0249704 0.0199734 0.0148527
 0.00659548 0.0108052 0.0164335 0.0234849 0.0317604 0.04072 0.0494585 0.0569343 0.0623483 0.0653925 0.0662138 0.0652041 0.0628146 0.0594692 0.0555384 0.0513275 0.047068 0.0429112 0.0389174 0.0350402 0.0311318 0.0270014 0.0225316 0.0177978 0.0131002
 0.00681421 0.0111639 0.0169792 0.0242632 0.0328064 0.0420436 0.0510299 0.0586781 0.0641543 0.0671369 0.0677814 0.066502 0.0637764 0.0600522 0.0557173 0.0510874 0.0464004 0.041815 0.0374061 0.0331567 0.028966 0.0246998 0.020284 0.0157968 0.0114888
 0.00706448 0.0115707 0.0175908 0.0251236 0.0339454 0.0434628 0.0526873 0.0604849 0.0659872 0.0688626 0.0692798 0.0676807 0.0645748 0.0604399 0.0556878 0.0506496 0.0455696 0.0406094 0.035851 0.0312982 0.026888 0.022533 0.0181948 0.0139524 0.0100112
 0.00727912 0.011928 0.0181436 0.0259247 0.0350355 0.0448507 0.054332 0.0622909 0.0678201 0.070578 0.0707494 0.0688078 0.0652989 0.0607344 0.0555541 0.0501085 0.0446532 0.0393541 0.0342986 0.0295039 0.0249338 0.0205358 0.0162973 0.0122946 0.00869292
 0.00744149 0.0121944 0.0185497 0.0265067 0.0358248 0.0458641 0.0555599 0.063689 0.0693104 0.072058 0.0721065 0.0699351 0.0661091 0.0611699 0.0555901 0.0497495 0.0439249 0.0382962 0.0329608 0.0279491 0.023245 0.0188199 0.0146778 0.010888 0.00757953
 0.00754084 0.0123579 0.0187997 0.0268662 0.0363142 0.0464957 0.0563317 0.0645819 0.0702896 0.073077 0.0731102 0.0708602 0.0668862 0.0617296 0.0558734 0.0497175 0.0435642 0.0376195 0.0320043 0.0267709 0.0219247 0.0174572 0.0133821 0.00975951 0.0066857
 0.00760057 0.0124513 0.0189339 0.0270467 0.0365461 0.0467848 0.0566843 0.0650027 0.0707798 0.0736315 0.0737151 0.07149 0.0675026 0.0622817 0.0563015 0.0499614 0.0435746 0.0373682 0.0314923 0.0260307 0.0210195 0.016474 0.0124189 0.00890565 0.00600246
 0.00765977 0.0125409 0.0190565 0.0272003 0.0367251 0.0469821 0.0568929 0.0652184 0.0710029 0.0738684 0.0739763 0.071785 0.0678319 0.0626304 0.0566367 0.0502349 0.0437312 0.0373585 0.0312854 0.025626 0.0204508 0.0158054 0.0117315 0.00827789 0.00549074
 0.00771841 0.0126281 0.0191725 0.0273397 0.0368781 0.0471366 0.0570374 0.0653439 0.0711053 0.0739507 0.07405 0.0718673 0.0679404 0.0627757 0.0568151 0.0504247 0.0438941 0.0374469 0.0312559 0.0254535 0.0201396 0.0153915 0.0112733 0.00783923 0.00512198
 0.00776152 0.0126951 0.0192673 0.0274627 0.0370255 0.047299 0.0572001 0.0654882 0.0712143 0.074015 0.0740715 0.0718595 0.0679239 0.0627717 0.0568386 0.0504785 0.0439646 0.0375058 0.0312668 0.0253845 0.0199765 0.0151454 0.0109789 0.00754213 0.00486285
 0.00782108 0.0127838 0.0193854 0.0276054 0.0371836 0.047462 0.057357 0.0656284 0.071327 0.0740906 0.0741037 0.0718481 0.0678766 0.0627031 0.056767 0.0504196 0.0439256 0.0374805 0.0312367 0.0253257 0.0198703 0.0149885 0.0107863 0.00734143 0.00468262
 0.00786558 0.0128539 0.0194863 0.0277394 0.0373482 0.0476482 0.0575487 0.0658044 0.0714663 0.0741786 0.0741361 0.0718293 0.0678164 0.0626138 0.0566615 0.0503112 0.0438252 0.0373934 0.0311595 0.0252472 0.0197774 0.0148738 0.0106534 0.00720401 0.00455796
 0.00786001 0.0128478 0.0194826 0.027743 0.0373649 0.0476832 0.0576043 0.0658788 0.0715532 0.0742681 0.0742169 0.0718916 0.0678543 0.0626263 0.056652 0.0502858 0.043791 0.037356 0.0311211 0.0252053 0.0197264 0.0148094 0.0105763 0.0071213 0.00448023
 0.00789639 0.0128959 0.0195352 0.027787 0.0373868 0.0476752 0.0575698 0.0658318 0.0715124 0.0742489 0.0742257 0.0719247 0.0679011 0.062674 0.0566905 0.0503096 0.0437994 0.0373516 0.031107 0.025183 0.0196958 0.0147695 0.0105283 0.00706946 0.00443083
 0.00787533 0.0128657 0.0194964 0.0277418 0.0373362 0.0476171 0.057499 0.0657432 0.0714074 0.0741398 0.0741341 0.071874 0.0679064 0.062736 0.0567958 0.0504375 0.0439295 0.0374688 0.0312028 0.0252541 0.019742 0.0147927 0.010532 0.0070592 0.00441338
 0.00788225 0.01287 0.0194904 0.0277151 0.0372792 0.0475268 0.0573817 0.0656137 0.0712823 0.0740319 0.0740501 0.0718177 0.0678826 0.0627506 0.0568521 0.0505318 0.0440498 0.0375984 0.0313255 0.0253579 0.0198207 0.0148451 0.010561 0.00707027 0.00441301
 0.00791506 0.0129181 0.0195529 0.0277862 0.0373488 0.0475814 0.0574065 0.0655964 0.0712182 0.0739267 0.0739195 0.0716825 0.0677623 0.0626593 0.0567981 0.0505174 0.0440724 0.0376496 0.0313929 0.0254281 0.0198823 0.0148916 0.0105906 0.00708525 0.00441774
 0.00788503 0.0128752 0.0194992 0.0277271 0.0372913 0.0475303 0.0573631 0.0655575 0.071178 0.0738803 0.0738658 0.071626 0.0677123 0.0626271 0.056793 0.0505445 0.0441309 0.0377338 0.0314927 0.0255314 0.0199773 0.0149697 0.0106478 0.00712225 0.00443855
 0.00787107 0.0128485 0.0194519 0.027651 0.0371811 0.0473887 0.0572036 0.0654023 0.0710507 0.0737968 0.0738293 0.0716288 0.067742 0.0626738 0.0568525 0.0506171 0.0442185 0.0378358 0.031605 0.025646 0.0200848 0.0150614 0.0107187 0.0071715 0.00446908
 0.00785921 0.0128249 0.0194084 0.0275771 0.0370664 0.0472272 0.056998 0.0651669 0.0708104 0.0735825 0.0736707 0.0715465 0.0677419 0.0627471 0.0569806 0.0507792 0.0443973 0.0380194 0.0317849 0.0258151 0.0202358 0.015188 0.010817 0.00724138 0.00451415
 0.00782228 0.012767 0.0193253 0.0274657 0.036925 0.0470557 0.0567987 0.0649465 0.0705809 0.0733618 0.0734814 0.0714123 0.0676828 0.0627731 0.0570888 0.0509543 0.0446164 0.0382584 0.0320232 0.026037 0.0204307 0.0153491 0.0109413 0.00733016 0.00457222
 0.00778525 0.0127043 0.0192264 0.0273203 0.0367263 0.0468052 0.0565096 0.064643 0.0702926 0.0731156 0.0732964 0.0712994 0.0676474 0.0628175 0.0572114 0.0511475 0.044865 0.0385407 0.0323146 0.0263149 0.0206772 0.0155531 0.0110985 0.00744233 0.00464578
 0.00776348 0.0126681 0.0191702 0.0272379 0.0366115 0.0466531 0.0563193 0.0644199 0.0700499 0.0728735 0.0730789 0.0711298 0.0675432 0.0627883 0.057259 0.0512672 0.0450464 0.0387681 0.0325676 0.026571 0.0209152 0.0157569 0.0112594 0.007559 0.00472324
 0.00772902 0.0126107 0.0190816 0.02711 0.0364386 0.0464353 0.0560652 0.0641466 0.0697794 0.072628 0.0728771 0.0709861 0.0674679 0.0627878 0.0573346 0.0514145 0.0452551 0.0390227 0.0328486 0.0268561 0.0211827 0.0159889 0.0114446 0.00769481 0.00481415
 0.00932628 0.0148468 0.0217808 0.0298859 0.0388063 0.0479901 0.0566246 0.0637776 0.0687173 0.0711565 0.0712398 0.0693525 0.0659404 0.0614213 0.0561551 0.0504306 0.0444641 0.0384134 0.0324024 0.0265489 0.0209864 0.0158744 0.0113852 0.0076684 0.00480505
 0.00932567 0.0151394 0.0227383 0.0319677 0.042359 0.0529773 0.0624552 0.0694014 0.072997 0.0733144 0.0711141 0.06734 0.0627216 0.0576699 0.052371 0.0469118 0.0413551 0.0357669 0.0302224 0.0248137 0.019658 0.0149026 0.0107112 0.00722878 0.00453767
 0.00896539 0.0145761 0.021954 0.0310177 0.0414241 0.0523979 0.0626894 0.0708618 0.075804 0.0771133 0.0751197 0.070633 0.0646308 0.0580039 0.0513883 0.0451064 0.0392235 0.0336725 0.0283717 0.0232918 0.0184766 0.0140341 0.0101083 0.00683619 0.0042996
 0.00881332 0.0143143 0.0215339 0.0303886 0.040553 0.0513047 0.0614899 0.0697952 0.0752105 0.077339 0.0763597 0.0727877 0.0672748 0.0605246 0.0532335 0.0459946 0.0391997 0.0330075 0.0273992 0.0222842 0.0175976 0.01335 0.00962161 0.00651676 0.00410603
 0.00872928 0.0141749 0.021318 0.0300719 0.0401098 0.0507135 0.0607452 0.0689255 0.0742996 0.076541 0.0758878 0.0728588 0.0680132 0.0618691 0.0549159 0.0476277 0.0404347 0.0336679 0.027515 0.0220254 0.0171693 0.0129129 0.00926352 0.00626352 0.00394676
 0.00872148 0.0141569 0.0212804 0.0300014 0.03999 0.0505276 0.0604785 0.0685684 0.0738523 0.0760229 0.0753526 0.0724041 0.0677715 0.0619655 0.0554035 0.0484366 0.0413785 0.0345158 0.0280912 0.0222732 0.0171465 0.0127356 0.00904338 0.00607179 0.00381051
 0.00868674 0.0141035 0.0212057 0.0299042 0.0398699 0.0503837 0.060309 0.0683704 0.0736233 0.0757623 0.0750663 0.0721119 0.067515 0.0618099 0.055422 0.0486772 0.0418273 0.0350855 0.02865 0.0227024 0.0173888 0.0128061 0.00900285 0.00598724 0.0037285
 0.0086736 0.0140814 0.0211712 0.0298538 0.0398014 0.0502971 0.0602071 0.0682584 0.0735054 0.0756393 0.0749352 0.0719695 0.0673647 0.0616692 0.0553255 0.0486684 0.0419395 0.0353189 0.0289616 0.0230196 0.0176423 0.0129593 0.0090605 0.00598129 0.00369555
 0.00866786 0.0140702 0.0211508 0.0298196 0.0397491 0.0502242 0.060115 0.0681525 0.0733944 0.0755322 0.0748385 0.0718857 0.0672929 0.0616083 0.05528 0.0486522 0.0419728 0.0354174 0.0291231 0.0232187 0.017838 0.0131143 0.00915671 0.00602341 0.00370212
 0.0086678 0.0140692 0.0211475 0.0298118 0.0397339 0.0501983 0.0600758 0.0680984 0.0733261 0.0754536 0.0747558 0.0718062 0.067223 0.0615521 0.0552401 0.0486318 0.0419782 0.0354568 0.029201 0.023329 0.0179632 0.0132306 0.0092454 0.00607764 0.00372695
 0.00865446 0.0140504 0.0211244 0.0297873 0.0397111 0.0501795 0.0600605 0.0680842 0.0733088 0.0754296 0.0747234 0.0717664 0.0671792 0.0615096 0.0552043 0.0486078 0.0419709 0.0354707 0.0292391 0.0233903 0.01804 0.0133102 0.00931427 0.00612731 0.0037563
 0.00863741 0.0140248 0.0210899 0.0297453 0.039665 0.0501338 0.0600209 0.0680557 0.0732946 0.0754289 0.0747319 0.0717776 0.067187 0.0615108 0.0551996 0.0486012 0.0419679 0.0354771 0.0292592 0.0234255 0.0180875 0.0133633 0.0093643 0.00616732 0.00378332
 0.00862272 0.0140017 0.0210567 0.0297013 0.0396108 0.0500723 0.0599572 0.067997 0.073249 0.0754027 0.0747276 0.0717931 0.0672166 0.0615468 0.0552352 0.0486324 0.0419944 0.0355016 0.0292857 0.0234571 0.0181248 0.0134036 0.00940304 0.00619983 0.00380694
 0.00862056 0.0139966 0.0210461 0.029682 0.0395797 0.0500281 0.0599015 0.0679347 0.0731875 0.0753501 0.0746908 0.0717764 0.0672209 0.0615693 0.0552704 0.0486736 0.042036 0.0355405 0.0293216 0.0234914 0.0181588 0.013437 0.00943406 0.00622602 0.00382662
 0.00863 0.0140114 0.0210673 0.0297095 0.0396121 0.0500616 0.0599303 0.0679519 0.0731868 0.0753292 0.0746523 0.0717274 0.0671702 0.0615251 0.0552376 0.0486537 0.0420274 0.0355401 0.0293267 0.0235003 0.0181706 0.0134511 0.00944909 0.00624017 0.00383825
 0.00863 0.0140114 0.0210673 0.0297095 0.0396121 0.0500616 0.0599303 0.0679519 0.0731868 0.0753292 0.0746523 0.0717274 0.0671702 0.0615251 0.0552376 0.0486537 0.0420274 0.0355401 0.0293267 0.0235003 0.0181706 0.0134511 0.00944909 0.00624017 0.00383825
 0.00882193 0.0143178 0.0215163 0.030319 0.0403805 0.0509572 0.0608824 0.0688552 0.0739234 0.0757993 0.0748005 0.0715526 0.0667185 0.0608725 0.0544711 0.0478543 0.0412594 0.0348473 0.0287334 0.0230158 0.0177937 0.0131731 0.00925611 0.00611518 0.00376335
 0.00881925 0.0143341 0.0215791 0.030467 0.0406545 0.0513838 0.0614594 0.0695441 0.0746535 0.0764811 0.0753437 0.0718833 0.0667955 0.0606954 0.0540781 0.0473107 0.0406408 0.0342234 0.0281579 0.0225223 0.0173974 0.0128744 0.00904537 0.00597675 0.00367924
 0.00879479 0.0142872 0.0214975 0.0303402 0.040483 0.0511904 0.0612943 0.0694757 0.0747439 0.076758 0.0757824 0.0724115 0.0673154 0.0611136 0.054331 0.0473767 0.0405389 0.034001 0.027873 0.0222282 0.0171326 0.0126601 0.00888728 0.00586999 0.00361325
 0.00893212 0.0145007 0.0217988 0.0307297 0.0409452 0.0516911 0.0617814 0.0698899 0.0750387 0.0769179 0.0758274 0.0723813 0.0672435 0.0610095 0.0541794 0.0471532 0.0402297 0.0336145 0.0274403 0.0217923 0.0167351 0.0123301 0.00863732 0.00569692 0.00350385
 0.00877158 0.0142608 0.021478 0.0303427 0.0405219 0.0512721 0.0614125 0.0696158 0.0748937 0.0769183 0.0759694 0.0726462 0.067605 0.0614366 0.0546347 0.0475919 0.0406054 0.0338913 0.027604 0.0218532 0.0167215 0.0122766 0.00857314 0.00564068 0.00346306
 0.0085452 0.0138788 0.0208807 0.0294749 0.0393562 0.0498405 0.0598296 0.0680716 0.0736086 0.076079 0.0756788 0.0729075 0.0683392 0.0625165 0.0559168 0.0489401 0.041904 0.035052 0.0285702 0.0226021 0.0172615 0.0126387 0.0087994 0.00577272 0.00353519
 0.00888762 0.0143957 0.0215804 0.0303286 0.0402927 0.0507479 0.0605655 0.0684897 0.0736042 0.0756339 0.0748785 0.0719151 0.0673388 0.0616563 0.0552788 0.0485381 0.0417021 0.0349892 0.0285816 0.0226352 0.017284 0.0126391 0.00878126 0.00574619 0.00350972
 0.00868111 0.0141161 0.0212629 0.0300392 0.0401083 0.0507229 0.0607045 0.0687409 0.073876 0.0758278 0.0749234 0.0717923 0.0670889 0.0613638 0.0550395 0.0484243 0.0417403 0.0351592 0.0288326 0.022908 0.01753 0.0128306 0.0089119 0.00582469 0.00355124
 0.00869878 0.0141132 0.0212036 0.02988 0.0398202 0.0503209 0.0602627 0.068375 0.0736939 0.0758753 0.0751592 0.0721101 0.0673715 0.061536 0.0550923 0.0484039 0.0417145 0.0351819 0.028923 0.0230518 0.0176944 0.0129827 0.00903101 0.00590526 0.00359878
 0.00867042 0.0140749 0.0211584 0.0298299 0.0397599 0.050231 0.0601127 0.0681407 0.0733819 0.0755373 0.0748793 0.0719657 0.0673922 0.06169 0.0553097 0.0486181 0.0418929 0.0353285 0.0290596 0.0231949 0.0178439 0.0131255 0.00915151 0.0059944 0.0036566
#pred catch len freq
 0.00478415 0.00753805 0.0109324 0.0148585 0.0192473 0.0240558 0.0291929 0.0344759 0.0396638 0.0445223 0.0488653 0.0525709 0.0555834 0.0579008 0.0595424 0.0605118 0.0607778 0.0602726 0.0588888 0.056464 0.0527793 0.0476264 0.0409697 0.0331317 0.024844
 0.00501026 0.00781769 0.0111949 0.0149951 0.0191544 0.0236955 0.028632 0.0338682 0.0391768 0.04425 0.0487816 0.0525497 0.0554701 0.0575956 0.0590546 0.0599654 0.0603644 0.0601705 0.0591815 0.0570986 0.0535879 0.0484017 0.0415533 0.0334655 0.0249647
 0.00532083 0.00829627 0.0118599 0.0158296 0.0200925 0.0246143 0.0293636 0.0342458 0.0391058 0.0437647 0.0480377 0.0517435 0.054737 0.0569573 0.0584511 0.0593384 0.0597287 0.059622 0.0588416 0.0570353 0.0537686 0.0487091 0.041849 0.0336565 0.025031
 0.00561828 0.00876321 0.0125327 0.0167334 0.0212379 0.0259888 0.0309124 0.0358503 0.0405795 0.0448839 0.0486098 0.0516827 0.0541 0.0559095 0.0571827 0.0579924 0.0583868 0.0583405 0.057686 0.0560753 0.0530434 0.048201 0.0414954 0.0333882 0.024806
 0.00599921 0.00934462 0.0133392 0.0177681 0.0224909 0.0274472 0.0325613 0.0376594 0.0424803 0.0467493 0.0502501 0.0528733 0.0546417 0.0556988 0.0562511 0.0564898 0.0565204 0.0563125 0.0556624 0.0541832 0.0513736 0.0468045 0.040382 0.0325366 0.0241805
 0.00643822 0.0100192 0.0142821 0.0189861 0.0239683 0.0291522 0.0344485 0.0396689 0.0445384 0.048769 0.0521264 0.0544727 0.0557999 0.0562417 0.0560428 0.0554856 0.0547947 0.054043 0.0530822 0.0515285 0.0488474 0.0445589 0.038511 0.0310767 0.0231178
 0.00686049 0.0106774 0.0152211 0.0202313 0.0255258 0.0310076 0.0365606 0.0419631 0.0469076 0.0510858 0.0542577 0.056291 0.057184 0.0570724 0.0562043 0.0548837 0.0533929 0.0518972 0.0503523 0.0484565 0.0457105 0.0416174 0.0359664 0.0290459 0.021627
 0.00723918 0.0112699 0.0160713 0.0213695 0.0269695 0.0327616 0.0386091 0.0442583 0.0493621 0.0535735 0.0566258 0.0583772 0.0588362 0.0581615 0.0566269 0.0545608 0.0522755 0.0499886 0.047738 0.045321 0.0423243 0.0382903 0.032982 0.0266025 0.0198053
 0.00753707 0.01174 0.0167541 0.0222974 0.0281671 0.0342435 0.0403733 0.0462764 0.0515737 0.0558852 0.0589148 0.0604988 0.060636 0.0594908 0.0573565 0.0545893 0.051536 0.0484597 0.0454644 0.0424378 0.039065 0.03496 0.0298958 0.0240104 0.0178366
 0.00780519 0.0121592 0.0173555 0.0231031 0.0291922 0.0354978 0.0418573 0.0479741 0.0534453 0.0578647 0.0609108 0.0623998 0.0623172 0.0608228 0.0582136 0.0548585 0.0511269 0.0473193 0.0435991 0.0399388 0.036123 0.0318522 0.0269338 0.0214638 0.015866
 0.00810636 0.0126185 0.0179915 0.0239166 0.0301727 0.0366318 0.0431321 0.0493744 0.0549466 0.059428 0.0624808 0.0639051 0.0636735 0.0619361 0.058984 0.0551849 0.0509144 0.046494 0.0421323 0.0378755 0.0336045 0.0291122 0.0242566 0.019113 0.0140146
