SBPRF35
8.56613
Curr Bio
601863
B35
591459
F35
0.204302
FOFL
0.198313
OFL
89829.7
Bzero
2.44746e+006
#pred survey bio
 3.98775e+006 3.71969e+006 3.53949e+006 3.21768e+006 3.0097e+006 2.86997e+006 2.63469e+006 2.27544e+006 2.05205e+006 1.87829e+006 1.59164e+006 1.30441e+006 1.10166e+006 971004 889558 797296 701962 609336 560052 552972 553135 551815 548819 543448 556094 575870 558899 497857 460030 461092 476382 512125 552524 596577 635183 633127 585885 522461 530209 499168 528114 570866 601839 623656 590198 541970 541972 564826 604189 624831 616279 579894 551175 551043 601398 620311 609573 2.03945e+007 1.24243e+007 1.28856e+007 1.37085e+007 1.46949e+007 1.56735e+007 1.65439e+007 1.72657e+007 1.78366e+007 1.8274e+007 1.86019e+007 1.88444e+007 1.90223e+007 1.91524e+007 1.92475e+007 1.9317e+007 1.93682e+007 1.9406e+007 1.9434e+007 1.9455e+007 1.94707e+007 1.94826e+007 1.94917e+007 1.94985e+007 1.95038e+007 1.95079e+007 1.9511e+007 1.95134e+007 1.95152e+007 1.95167e+007 1.95178e+007 1.95187e+007 1.95193e+007 1.95199e+007 1.95203e+007 1.95206e+007 1.95208e+007 1.9521e+007 1.95212e+007 1.95213e+007 1.95214e+007 1.95215e+007 1.95215e+007 1.95216e+007 1.95216e+007 1.95217e+007 1.95217e+007 1.95217e+007 1.95217e+007 1.95217e+007 1.95217e+007 1.95217e+007 1.95217e+007 1.95217e+007 1.95217e+007 1.95217e+007 1.95217e+007 1.95218e+007 1.95218e+007 1.95218e+007 1.95218e+007 1.95218e+007 1.95218e+007 1.95218e+007 1.95218e+007 1.95218e+007 1.95218e+007 1.95218e+007 1.95218e+007 1.95218e+007 1.95218e+007 1.95218e+007 1.95218e+007 1.95218e+007 1.95218e+007 1.95218e+007 1.95218e+007 1.95218e+007 1.95218e+007 1.95218e+007 1.95218e+007 1.95218e+007 1.95218e+007 1.95218e+007 1.95218e+007 1.95218e+007 1.95218e+007 1.95218e+007 1.95218e+007 1.95218e+007 1.95218e+007 1.95218e+007 1.95218e+007 1.95218e+007 1.95218e+007 1.95218e+007 1.95218e+007 1.95218e+007 1.95218e+007 1.95218e+007 0 0 0 0 0 0 0 0 0 0 0 0 0 0 0 0 0 0 0 0 0 0 0 0 0
#obs survey bio
 4.14383e+006 2.93757e+006 3.37634e+006 3.80377e+006 3.06942e+006 4.27541e+006 2.91077e+006 1.58548e+006 2.34192e+006 2.12314e+006 1.42593e+006 1.26234e+006 1.00967e+006 968094 715276 1.0585e+006 739722 802681 437885 660344 749054 550449 463533 647667 469578 608142 619869 396604 380211 463248 468318 475930 608928 482749 723611 565573 754804 388917 549626 426819 373196 716778 737719 551744 456817 534584 462973 543755 727446 667056 632901 586562 460209 555310 626181 720155 745325
#pred catch bio
 105982 98274.6 161712 205451 227088 256726 289034 297515 300184 318561 297402 280051 275137 242721 234266 212921 182215 162893 150290 144060 135988 129934 123288 111221 112907 104246 94943.8 104580 97963.5 95930.8 89545.3 89534.8 99400.2 101811 90199.1 96342 87757.5 86451.3 91261.2 75685.4 84303.4 89453.7 94522.8 88073.1 100925 83836.5 90402.5 89052.9 89472.7 93902.5 108647 89825.2 93181.3 63751.4 96209.6 99577.4 114392 89829.7 93184.2 95419.7 100593 107414 114241 120227 125070 128777 131504 133451 134808 135739 136368 136789 137068 137251 137372 137450 137501 137534 137555 137569 137577 137583 137587 137589 137591 137591 137592 137592 137593 137593 137593 137593 137593 137593 137593 137593 137593 137593 137593 137593 137593 137593 137593 137593 137593 137593 137593 137593 137593 137593 137593 137593 137593 137593 137593 137593 137593 137593 137593 137593 137593 137593 137593 137593 137593 137593 137593 137593 137593 137593 137593 137593 137593 137593 137593 137593 137593 137593 137593 137593 137593 137593 137593 137593 137593 137593 137593 137593 137593 137593 137593 137593 137593 137593 137593 137593 137593 0 0 0 0 0 0 0 0 0 0 0 0 0 0 0 0 0 0 0 0 0 0 0 0 0
#obs catch bio
 0 97861 161929 205734 227270 256682 288684 297876 300895 318356 296778 279630 276606 243804 234509 213143 181244 162560 151913 144652 135854 129957 123129 111092 113628 104108 94476.5 104689 98253 96049.6 89705.5 89327.5 99689.1 102207 89908.6 96376.7 87515.2 86834.1 91153.9 75634.1 84499.9 89398 94756.1 87743.3 101091 83700.7 90591 89203.9 89393.4 93736.6 108906 89561.4 93599.7 63404.3 96571.4 99349.8 114553
#pred cpue bio
 3.9429e+006 3.67802e+006 3.49848e+006 3.17843e+006 2.97074e+006 2.83024e+006 2.59563e+006 2.23891e+006 2.01583e+006 1.84218e+006 1.55841e+006 1.27463e+006 1.07397e+006 944144 863035 771760 678109 587694 539331 532084 532182 530895 527901 522521 534596 553657 537679 479209 442491 443424 458257 492895 531989 574531 612100 610553 563739 500881 507189 477533 505508 546563 576501 597673 566012 519476 519449 541263 579077 599107 590964 555573 527954 527676 576914 595519 585103 1.95472e+007 1.19007e+007 1.22564e+007 1.29994e+007 1.39669e+007 1.49423e+007 1.58123e+007 1.6534e+007 1.71049e+007 1.75423e+007 1.78702e+007 1.81127e+007 1.82907e+007 1.84207e+007 1.85158e+007 1.85854e+007 1.86365e+007 1.86743e+007 1.87024e+007 1.87233e+007 1.87391e+007 1.87509e+007 1.876e+007 1.87669e+007 1.87721e+007 1.87762e+007 1.87793e+007 1.87817e+007 1.87835e+007 1.8785e+007 1.87861e+007 1.8787e+007 1.87876e+007 1.87882e+007 1.87886e+007 1.87889e+007 1.87892e+007 1.87894e+007 1.87895e+007 1.87896e+007 1.87897e+007 1.87898e+007 1.87899e+007 1.87899e+007 1.87899e+007 1.879e+007 1.879e+007 1.879e+007 1.879e+007 1.879e+007 1.879e+007 1.87901e+007 1.87901e+007 1.87901e+007 1.87901e+007 1.87901e+007 1.87901e+007 1.87901e+007 1.87901e+007 1.87901e+007 1.87901e+007 1.87901e+007 1.87901e+007 1.87901e+007 1.87901e+007 1.87901e+007 1.87901e+007 1.87901e+007 1.87901e+007 1.87901e+007 1.87901e+007 1.87901e+007 1.87901e+007 1.87901e+007 1.87901e+007 1.87901e+007 1.87901e+007 1.87901e+007 1.87901e+007 1.87901e+007 1.87901e+007 1.87901e+007 1.87901e+007 1.87901e+007 1.87901e+007 1.87901e+007 1.87901e+007 1.87901e+007 1.87901e+007 1.87901e+007 1.87901e+007 1.87901e+007 1.87901e+007 1.87901e+007 1.87901e+007 1.87901e+007 1.87901e+007 1.87901e+007 1.87901e+007 1.87901e+007 0 0 0 0 0 0 0 0 0 0 0 0 0 0 0 0 0 0 0 0 0 0 0 0 0
#obs cpue bio
 2.67684e+006 4.20638e+006 4.81464e+006 2.17841e+006 2.44743e+006 2.23649e+006 3.02664e+006 2.37727e+006 1.4349e+006 2.32078e+006 1.86672e+006 1.29313e+006 839467 839286 1.28844e+006 576591 877549 408774 342358 550916 487877 503571 698132 412748 404477 789942 609676 508277 420174 486396 402790 693625 357285 632658 767778 641181 536986 375136 864774 408333 650469 529781 381295 937766 683138 497286 542567 509666 573140 593980 540950 625893 517632 544190 520394 621545 435245
#pred surv len freq
 0.00425936 0.00702154 0.010765 0.0155329 0.0212374 0.0275659 0.0339665 0.0398017 0.0445954 0.0481858 0.050686 0.0523324 0.0533562 0.0539322 0.054181 0.054193 0.054052 0.0538353 0.0535551 0.0530426 0.0518477 0.0492924 0.0447571 0.0380984 0.029907
 0.00455565 0.00741509 0.0111972 0.0159016 0.0214346 0.0275304 0.0337203 0.0394401 0.0442354 0.0479059 0.0504986 0.0522035 0.0532513 0.0538559 0.0541844 0.0543459 0.0543966 0.0543441 0.0541167 0.0534894 0.0520195 0.0491071 0.0442502 0.0374047 0.0291959
 0.00462084 0.00758035 0.0115482 0.0165354 0.0224122 0.0288164 0.0351496 0.0407532 0.0451779 0.048337 0.0504367 0.051784 0.0526402 0.0531835 0.0535321 0.0537676 0.0539335 0.0540129 0.0538834 0.053261 0.0516759 0.0485612 0.0435003 0.0365409 0.0283557
 0.00479673 0.0078429 0.0119051 0.0169926 0.0229888 0.0295576 0.0361166 0.041981 0.0466179 0.0498258 0.0517295 0.0526464 0.0529446 0.0529488 0.0528897 0.0528902 0.052974 0.0530723 0.0530011 0.0524173 0.0508133 0.0476265 0.0424892 0.0355151 0.0274171
 0.00498299 0.00815664 0.0123954 0.0177063 0.0239555 0.0307704 0.0375225 0.0434934 0.0481465 0.051299 0.0530851 0.0537993 0.0537708 0.0533144 0.0527122 0.0521846 0.0518493 0.0516829 0.0514873 0.0508689 0.0492691 0.0461034 0.041019 0.0341621 0.0262628
 0.00513594 0.00841291 0.0127962 0.0182976 0.0247812 0.0318596 0.0388732 0.0450599 0.0498403 0.0530039 0.0546807 0.05518 0.0548489 0.0540093 0.0529454 0.0518949 0.0510243 0.0503802 0.0498245 0.0489878 0.0473018 0.0441607 0.0391984 0.0325554 0.024947
 0.0053358 0.00873361 0.0132717 0.0189583 0.0256512 0.0329508 0.0401776 0.0465449 0.0514486 0.0546587 0.056291 0.0566462 0.0560696 0.0548895 0.0534007 0.0518556 0.0504445 0.0492551 0.0482072 0.0469925 0.0450869 0.0419034 0.0370698 0.0306988 0.0234582
 0.00562921 0.00920365 0.0139656 0.0199141 0.0268892 0.0344619 0.0419123 0.0484133 0.0533371 0.0564559 0.0579065 0.0580141 0.0571387 0.0556106 0.0537193 0.0517125 0.0497851 0.0480464 0.0464612 0.0447861 0.0425689 0.0392788 0.0345638 0.0285098 0.021716
 0.00579008 0.00950073 0.0144777 0.0207345 0.0281019 0.0361046 0.0439439 0.0507072 0.0557092 0.0587118 0.0598833 0.0596017 0.0582787 0.0562812 0.0539144 0.0514231 0.0489907 0.0467237 0.0446078 0.0424526 0.0398829 0.0364445 0.0318283 0.0261053 0.0197999
 0.00591157 0.00970606 0.0148041 0.0212291 0.0288211 0.0371076 0.0452772 0.0523828 0.0576828 0.0608706 0.0620564 0.0615919 0.0599069 0.0574205 0.0544999 0.0514367 0.0484365 0.0456111 0.0429553 0.040312 0.037369 0.0337466 0.0291877 0.0237592 0.0179175
 0.00615447 0.0100944 0.0153764 0.022017 0.0298445 0.0383677 0.0467507 0.0540224 0.0594263 0.0626519 0.0638054 0.0632253 0.0613197 0.0584931 0.0551192 0.0515188 0.0479379 0.0445256 0.0413096 0.0381718 0.0348558 0.0310483 0.0265415 0.0214015 0.0160206
 0.00638588 0.010484 0.0159865 0.0229109 0.0310699 0.0399316 0.0485979 0.0560348 0.0614495 0.0645372 0.0654436 0.0645564 0.0623188 0.0591443 0.0553948 0.0513736 0.0473194 0.0433944 0.0396601 0.0360509 0.0323767 0.0283937 0.0239418 0.0190861 0.0141572
 0.00656005 0.0107915 0.0164947 0.0236986 0.0322104 0.0414654 0.0505038 0.0582165 0.063747 0.0667571 0.0673978 0.0660966 0.0633583 0.0596602 0.0554093 0.0509231 0.046429 0.0420714 0.0379101 0.0339079 0.0299326 0.0258091 0.0214278 0.0168556 0.0123659
 0.00678887 0.0111688 0.0170733 0.0245337 0.0333514 0.0429414 0.0523054 0.0602824 0.0659631 0.068968 0.0694271 0.0677719 0.0645389 0.0602609 0.0554088 0.0503544 0.0453543 0.0405566 0.0360148 0.0316966 0.0274998 0.0232981 0.0190224 0.0147413 0.0106778
 0.00696775 0.0114565 0.0175012 0.0251305 0.0341407 0.0439363 0.0535017 0.0616542 0.0674633 0.0705315 0.0709718 0.0691987 0.0657352 0.0611129 0.0558218 0.0502719 0.0447665 0.0394952 0.0345412 0.0298945 0.0254784 0.021197 0.0170051 0.0129665 0.00925962
 0.00709856 0.0116888 0.017886 0.0257251 0.0349923 0.0450588 0.0548564 0.06315 0.0689799 0.0719539 0.072216 0.0702155 0.0664971 0.061596 0.0559948 0.0500977 0.0442146 0.0385572 0.0332418 0.0282965 0.0236822 0.0193355 0.0152279 0.0114126 0.0080246
 0.00726303 0.0119451 0.0182527 0.0262161 0.0356198 0.0458341 0.0557854 0.0642218 0.0701545 0.0731579 0.0733519 0.0711841 0.0672215 0.0620339 0.0561335 0.0499381 0.0437578 0.0378037 0.0322024 0.0270081 0.0222185 0.0178055 0.0137601 0.0101271 0.0070032
 0.00742561 0.0121994 0.0186159 0.0266962 0.0362128 0.0465223 0.0565373 0.064997 0.0709148 0.0738767 0.0740138 0.0717741 0.0677133 0.062388 0.0563068 0.0498958 0.0434798 0.0372838 0.0314485 0.0260473 0.0211051 0.0166236 0.0126131 0.00911439 0.00619453
 0.00744418 0.0122566 0.0187511 0.0269602 0.0366521 0.0471559 0.0573379 0.0658906 0.0718021 0.0746651 0.0746432 0.0722243 0.0679942 0.0625204 0.0563047 0.049759 0.0431961 0.0368392 0.0308377 0.0252829 0.0202245 0.0156896 0.0117052 0.00831119 0.0055519
 0.00742742 0.0122236 0.0186933 0.0268728 0.0365437 0.0470585 0.0573091 0.0659989 0.0720978 0.0751517 0.0752681 0.0728973 0.0686215 0.0630335 0.0566699 0.0499676 0.0432491 0.0367368 0.0305799 0.0248779 0.0196976 0.0150879 0.0110918 0.00775078 0.00509349
 0.00752823 0.0123557 0.0188332 0.0269787 0.036567 0.0469639 0.0570929 0.0656985 0.0717864 0.0749201 0.0751971 0.0730296 0.0689455 0.0634874 0.0571653 0.0504191 0.043594 0.0369393 0.0306266 0.0247724 0.0194601 0.0147557 0.0107158 0.00738527 0.00478232
 0.0076461 0.0125308 0.0190643 0.027249 0.0368431 0.047197 0.0572259 0.0656798 0.0715909 0.0745691 0.0747635 0.0726195 0.068662 0.0633938 0.057265 0.0506608 0.0438957 0.037218 0.0308193 0.0248462 0.0194118 0.0146071 0.0105057 0.00715845 0.00457732
 0.00780939 0.0127725 0.0193833 0.0276272 0.0372481 0.0475879 0.057558 0.0659073 0.0716726 0.0744779 0.0744992 0.072218 0.0681937 0.0629474 0.0569209 0.0504645 0.0438445 0.0372675 0.0309048 0.0249076 0.0194121 0.0145383 0.0103843 0.00701381 0.00443914
 0.00797131 0.0130202 0.0197259 0.0280598 0.0377497 0.0481211 0.0580694 0.066334 0.0719547 0.0745741 0.0743968 0.0719342 0.0677701 0.0624431 0.0564045 0.0500021 0.0434842 0.0370259 0.0307646 0.0248291 0.019352 0.014467 0.0102933 0.00691156 0.00434148
 0.00793734 0.0129778 0.0196858 0.0280394 0.0377681 0.0481908 0.0581894 0.0664889 0.0721189 0.0747192 0.0744991 0.0719778 0.0677488 0.0623615 0.0562784 0.0498576 0.0433522 0.0369324 0.0307207 0.0248267 0.0193693 0.0144804 0.010288 0.00688651 0.00430513
 0.00790092 0.0129163 0.01959 0.0279025 0.0375905 0.0479864 0.0579883 0.0663318 0.0720433 0.0747439 0.0746153 0.0721541 0.0679436 0.0625375 0.0564127 0.0499442 0.0434005 0.0369603 0.0307463 0.0248599 0.0194089 0.0145171 0.0103122 0.00689424 0.00429925
 0.0078858 0.0128743 0.019495 0.0277209 0.0372913 0.0475571 0.0574495 0.0657406 0.071483 0.0743024 0.0743624 0.0721229 0.0681242 0.0628826 0.0568537 0.0504127 0.0438439 0.0373498 0.0310732 0.0251272 0.0196225 0.0146814 0.0104304 0.00697083 0.00434236
 0.00786834 0.0128465 0.0194532 0.0276586 0.037197 0.0474126 0.0572322 0.0654331 0.0710863 0.0738479 0.0739123 0.071756 0.0679112 0.0628623 0.057022 0.0507272 0.0442418 0.0377681 0.0314643 0.0254638 0.0198944 0.014889 0.0105795 0.00707009 0.0044024
 0.0078334 0.0128321 0.0195083 0.0278506 0.0375884 0.048026 0.0580224 0.0662847 0.0718434 0.0743624 0.0740884 0.0715763 0.0674356 0.062205 0.0563139 0.0500778 0.0437157 0.0373819 0.0312008 0.0252918 0.019784 0.0148181 0.0105339 0.00704098 0.00438399
 0.00780664 0.0127754 0.0194023 0.0276785 0.0373524 0.0477647 0.0578163 0.0662344 0.0720237 0.0747758 0.0746499 0.0721427 0.0678651 0.062412 0.0562926 0.0498888 0.0434492 0.0371193 0.0309917 0.0251508 0.0197019 0.0147765 0.0105152 0.00703336 0.00438083
 0.00788014 0.01287 0.0194977 0.0277388 0.0373335 0.0476303 0.0575553 0.0658743 0.0716335 0.0744523 0.0744867 0.0721906 0.0681056 0.0627618 0.0566418 0.0501494 0.0435864 0.0371512 0.0309641 0.0251086 0.0196718 0.0147654 0.0105183 0.00704239 0.0043899
 0.00794734 0.012958 0.0195901 0.0278046 0.0373325 0.0475231 0.0573148 0.0654957 0.0711411 0.0739031 0.0739664 0.0717976 0.0679213 0.0628205 0.0569145 0.0505552 0.0440261 0.0375448 0.0312728 0.0253317 0.0198289 0.0148778 0.0106004 0.00710147 0.00442997
 0.00789825 0.0128906 0.0195106 0.0277234 0.0372576 0.047451 0.0572255 0.0653573 0.0709239 0.0735974 0.0735944 0.0714132 0.0675986 0.0626325 0.0569091 0.050737 0.0443539 0.0379477 0.031677 0.0256843 0.0201067 0.0150815 0.0107422 0.00719615 0.00449009
 0.00779832 0.0127449 0.0193227 0.0275093 0.0370423 0.0472626 0.0570879 0.0652823 0.0709056 0.0736102 0.0736003 0.0713791 0.0675145 0.062521 0.056818 0.0507186 0.0444405 0.0381374 0.0319362 0.0259644 0.0203641 0.0152903 0.0108954 0.00729944 0.00455471
 0.00787632 0.0128283 0.0193696 0.0274582 0.0368336 0.0468705 0.0565441 0.0646742 0.0703456 0.0731939 0.0733751 0.0713369 0.0676081 0.0626918 0.0570218 0.0509381 0.0446809 0.0384099 0.0322411 0.0262843 0.0206701 0.0155544 0.0111011 0.00744447 0.00464771
 0.00860601 0.0138508 0.0206036 0.0287204 0.0378843 0.0474911 0.0566064 0.0641712 0.0693816 0.0719498 0.0720628 0.0701497 0.0666775 0.0620665 0.0566769 0.050808 0.0446953 0.0385158 0.0324046 0.0264817 0.0208785 0.0157508 0.0112664 0.00756891 0.00473158
 0.00926603 0.0149282 0.022221 0.0309614 0.0407367 0.0507795 0.0599562 0.0670604 0.0712918 0.0725494 0.0713205 0.0683177 0.0641705 0.059314 0.0540162 0.0484427 0.0427088 0.0369116 0.0311481 0.0255275 0.0201807 0.0152636 0.0109443 0.00736852 0.00461476
 0.00924302 0.0149858 0.0224845 0.0316089 0.0419562 0.0526946 0.0625496 0.0701301 0.0744637 0.0753484 0.0732838 0.0691215 0.0637249 0.0577817 0.0517432 0.0458362 0.0401223 0.0345826 0.0291937 0.0239751 0.0190053 0.0144155 0.0103642 0.00699502 0.00439031
 0.00876303 0.0143002 0.0216345 0.0307089 0.0411842 0.0522628 0.0626658 0.0709512 0.0760403 0.0775725 0.0758708 0.0716559 0.0657671 0.0589979 0.0520016 0.0452281 0.0389036 0.0330698 0.0276668 0.0226225 0.0179171 0.0136062 0.00980348 0.00663279 0.00417282
 0.0089396 0.0144774 0.021704 0.0305188 0.0406001 0.0512567 0.0613805 0.0696905 0.0751754 0.0774081 0.0765366 0.0730632 0.0676376 0.0609456 0.0536431 0.0462895 0.0392868 0.0328541 0.0270494 0.0218321 0.0171413 0.012958 0.00932331 0.00631141 0.00397678
 0.0088332 0.0143451 0.0215732 0.0304221 0.0405446 0.0511902 0.0611868 0.0692393 0.0744134 0.0764381 0.0756176 0.0725144 0.0676936 0.0616454 0.0548134 0.047622 0.0404635 0.0336582 0.0274166 0.0218328 0.0169172 0.0126527 0.00903814 0.00609424 0.00383434
 0.00874826 0.0142095 0.0213766 0.0301632 0.0402382 0.0508711 0.0609028 0.0690275 0.074272 0.076317 0.0754513 0.0722836 0.0674681 0.0615649 0.0550069 0.048121 0.0411715 0.034396 0.02801 0.0221851 0.0170303 0.0125979 0.00890593 0.00595557 0.00372594
 0.00868045 0.0141011 0.0212168 0.0299438 0.0399556 0.0505306 0.060524 0.0686464 0.0739356 0.0760684 0.0753111 0.0722412 0.0674945 0.061642 0.0551498 0.0483696 0.0415516 0.0348815 0.0285205 0.0226228 0.0173283 0.0127449 0.00893744 0.00592478 0.00367746
 0.0086226 0.0140115 0.0210901 0.0297777 0.039751 0.0502914 0.0602578 0.0683659 0.0736592 0.0758196 0.0751152 0.0721198 0.0674588 0.06169 0.0552722 0.0485593 0.0418074 0.0351993 0.028878 0.022976 0.0176262 0.0129531 0.0090519 0.00596716 0.00367896
 0.00862398 0.0139946 0.0210302 0.0296418 0.0395088 0.049931 0.0597979 0.0678559 0.0731649 0.0754026 0.0748185 0.0719632 0.067443 0.0618025 0.0554921 0.0488621 0.0421686 0.0355959 0.0292865 0.0233685 0.0179716 0.0132253 0.00923968 0.00607785 0.00373287
 0.00873165 0.0141822 0.0213326 0.0300912 0.0401175 0.0506694 0.0605814 0.068556 0.0736475 0.0755758 0.0746626 0.0715286 0.0668237 0.0611034 0.0548045 0.0482515 0.0416734 0.0352302 0.029045 0.0232314 0.0179098 0.0132071 0.00923853 0.00607741 0.00372772
 0.00871203 0.0141443 0.0212667 0.0299903 0.0399856 0.0505305 0.0604803 0.0685441 0.0737561 0.0757924 0.0749286 0.0717638 0.0669623 0.0611203 0.0547182 0.0481078 0.041523 0.0351123 0.0289796 0.0232198 0.0179391 0.0132576 0.00929113 0.00611949 0.00375477
 0.00872547 0.0141705 0.0213135 0.0300651 0.0400915 0.0506611 0.0606191 0.0686705 0.073857 0.0758693 0.0749936 0.0718246 0.0670098 0.0611293 0.0546635 0.0479819 0.0413433 0.0349133 0.028798 0.0230806 0.0178506 0.0132131 0.00927641 0.00611969 0.00375932
 0.00869555 0.0141188 0.0212308 0.0299434 0.0399281 0.0504646 0.0604118 0.068485 0.0737258 0.0758142 0.0750206 0.0719265 0.0671705 0.061326 0.0548675 0.048163 0.0414787 0.0349958 0.0288372 0.0230958 0.01786 0.013227 0.00929581 0.00614057 0.00377712
 0.0086877 0.0140972 0.021182 0.0298495 0.0397718 0.0502368 0.0601193 0.0681538 0.0733974 0.0755368 0.0748372 0.0718644 0.0672354 0.061502 0.0551223 0.0484561 0.0417703 0.0352546 0.0290461 0.0232526 0.017973 0.0133082 0.00935496 0.00618353 0.00380698
 0.00870013 0.0141205 0.0212218 0.0299105 0.0398534 0.0503281 0.0601969 0.0681863 0.0733572 0.0754137 0.0746458 0.0716417 0.0670279 0.0613504 0.0550494 0.0484628 0.0418386 0.0353569 0.0291551 0.0233488 0.0180478 0.0133618 0.00939195 0.00620877 0.00382399
 0.00880478 0.0142984 0.0215028 0.0303241 0.0404179 0.0510353 0.0609989 0.0689944 0.0740583 0.075899 0.0748398 0.0715211 0.0666254 0.0607438 0.0543388 0.0477444 0.0411843 0.0348052 0.0287151 0.023011 0.0177957 0.0131789 0.00926456 0.00612504 0.00377296
 0.00878076 0.0142554 0.0214325 0.030221 0.0402867 0.0508983 0.0608987 0.068984 0.0741796 0.0761587 0.0751986 0.0719036 0.066947 0.0609405 0.054387 0.0476626 0.0410187 0.0346091 0.0285301 0.0228599 0.0176839 0.0131017 0.00921392 0.00609335 0.00375428
 0.00870372 0.0141555 0.0213281 0.0301427 0.0402662 0.0509534 0.0610233 0.0691525 0.0743628 0.0763404 0.0753791 0.0720877 0.067128 0.0610935 0.0544774 0.0476638 0.0409272 0.0344464 0.028333 0.0226651 0.017517 0.0129737 0.0091243 0.00603546 0.00371963
 0.00837672 0.0136236 0.0205317 0.0290381 0.0388492 0.049288 0.05926 0.0675135 0.0730868 0.0756113 0.0752764 0.072581 0.0681048 0.0623979 0.0559426 0.049136 0.0422844 0.0356109 0.0292738 0.0233886 0.0180516 0.013355 0.00938607 0.00620677 0.00382512
 0.00851148 0.0138118 0.0207553 0.029255 0.0389966 0.0492946 0.0590628 0.0670786 0.0724301 0.0748097 0.0744577 0.0718902 0.0676602 0.062257 0.0560936 0.0495118 0.0427891 0.036148 0.0297673 0.0237947 0.0183571 0.0135687 0.0095268 0.00629471 0.00387725
 0.00864198 0.0140239 0.0210719 0.0296908 0.0395471 0.0499217 0.0596863 0.0675831 0.0726941 0.0747463 0.07405 0.0712029 0.0668226 0.0614247 0.055402 0.0490417 0.0425542 0.0361065 0.029849 0.0239286 0.0184914 0.0136761 0.00960073 0.0063401 0.0039027
#obs surv len freq
 nan nan nan nan nan nan nan nan nan nan nan nan nan nan nan nan nan nan nan nan nan nan nan nan nan
 0.00448434 0.00734548 0.0111752 0.0159912 0.0216915 0.0279666 0.0342804 0.0400114 0.044691 0.048155 0.0505134 0.0520097 0.0529024 0.0534153 0.0537299 0.0539851 0.0542639 0.0545568 0.0546956 0.0542875 0.0527256 0.0493576 0.0438073 0.0362871 0.0276705
 0.0046125 0.00755625 0.0114965 0.0164496 0.0223053 0.0287362 0.035178 0.0409788 0.0456475 0.0490138 0.0511979 0.0524651 0.053101 0.0533562 0.053435 0.0534912 0.0536141 0.0537935 0.0538576 0.0534115 0.0518499 0.0485253 0.0430625 0.0356676 0.027197
 0.00477778 0.00782563 0.0119033 0.0170255 0.0230745 0.0297058 0.0363272 0.0422536 0.0469649 0.0502746 0.0523007 0.0533199 0.0536387 0.0535364 0.0532495 0.0529619 0.0527861 0.0527261 0.0526168 0.0520673 0.0504772 0.0472041 0.0418723 0.0346739 0.0264362
 0.00496906 0.00813944 0.0123808 0.0177067 0.0239904 0.0308659 0.0377068 0.0437896 0.0485642 0.0518304 0.0537077 0.0544822 0.0544736 0.0539785 0.0532568 0.0525212 0.0519161 0.0514761 0.0510624 0.0503058 0.0486241 0.0453866 0.0402163 0.0332823 0.0253668
 0.00517751 0.0084799 0.0128964 0.018439 0.0249726 0.0321104 0.0391931 0.0454577 0.0503219 0.0535687 0.0553166 0.0558602 0.0555321 0.054643 0.0534684 0.0522407 0.0511304 0.050205 0.0493658 0.048286 0.0464234 0.0431753 0.038169 0.0315443 0.0240228
 0.00540872 0.00885869 0.0134719 0.0192587 0.0260732 0.0335036 0.0408506 0.0473069 0.0522564 0.0554689 0.0570683 0.0573639 0.0567036 0.0554119 0.0537755 0.0520388 0.0503883 0.0489183 0.0475702 0.0460718 0.0439411 0.0406249 0.0357682 0.0294821 0.0224153
 0.00564182 0.00924209 0.0140572 0.0200973 0.0272063 0.0349469 0.0425784 0.0492457 0.054295 0.0574795 0.058927 0.0589632 0.0579565 0.0562499 0.0541444 0.0518941 0.0496951 0.047659 0.0457614 0.0437859 0.0413215 0.0378819 0.0331457 0.0272021 0.020622
 0.00588326 0.00963726 0.0146571 0.0209516 0.0283544 0.0364039 0.0443193 0.0511996 0.0563537 0.0595169 0.0608189 0.0605992 0.0592457 0.0571211 0.0545434 0.051779 0.0490335 0.0464311 0.0439748 0.041499 0.0386656 0.0350641 0.0304189 0.0248068 0.0187219
 0.00612859 0.0100389 0.0152667 0.0218189 0.0295182 0.0378762 0.0460707 0.0531535 0.0583977 0.0615247 0.0626699 0.0621902 0.0604929 0.0579591 0.0549218 0.0516588 0.048384 0.0452328 0.0422315 0.0392605 0.0360512 0.0322699 0.0276938 0.0223945 0.0167951
 0.0063708 0.0104357 0.0158695 0.0226776 0.030671 0.0393349 0.0478044 0.0550837 0.0604091 0.0634877 0.0644623 0.0637099 0.0616617 0.0587204 0.0552358 0.0514963 0.0477222 0.0440565 0.0405444 0.0371063 0.0335374 0.0295781 0.0250587 0.0200513 0.0149145
 0.00659862 0.010811 0.0164434 0.0235005 0.0317828 0.0407484 0.0494894 0.0569614 0.0623633 0.0653879 0.0661854 0.0651534 0.062749 0.0593994 0.0554749 0.0512773 0.0470342 0.0428947 0.0389181 0.0350577 0.0311641 0.0270444 0.0225793 0.0178433 0.0131382
 0.00684711 0.0112136 0.0170468 0.0243473 0.0329033 0.0421484 0.0511362 0.0587785 0.0642399 0.0671982 0.0678094 0.0664908 0.0637248 0.0599655 0.0556063 0.0509661 0.0462822 0.0417102 0.0373209 0.0330935 0.0289245 0.0246773 0.0202761 0.0157982 0.0114945
 0.00707714 0.011597 0.0176406 0.0252084 0.0340746 0.0436375 0.052896 0.0607044 0.0661886 0.0690206 0.0693782 0.0677136 0.0645444 0.0603536 0.0555566 0.0504873 0.045392 0.0404321 0.0356873 0.0311571 0.0267739 0.0224466 0.0181337 0.0139121 0.00998669
 0.00729682 0.0119537 0.0181772 0.0259653 0.0350838 0.0449106 0.054411 0.0623965 0.0679541 0.0707314 0.0709025 0.0689358 0.0653801 0.0607565 0.055516 0.0500187 0.0445256 0.0392056 0.0341455 0.0293602 0.0248096 0.0204362 0.0162233 0.0122436 0.00866043
 0.00745546 0.0122198 0.0185924 0.026573 0.0359187 0.0459844 0.0556983 0.063832 0.0694444 0.0721742 0.0722021 0.0700094 0.0661591 0.0611881 0.0555683 0.0496832 0.0438168 0.0381563 0.0328039 0.027791 0.0230995 0.0186967 0.0145814 0.0108184 0.00753325
 0.00753222 0.0123457 0.0187851 0.0268521 0.0363055 0.046499 0.0563541 0.0646286 0.0703614 0.0731692 0.0732129 0.0709619 0.0669767 0.0618013 0.0559202 0.049734 0.0435467 0.0375683 0.0319254 0.026675 0.0218248 0.017365 0.0133057 0.00970221 0.00664674
 0.00760504 0.0124559 0.0189361 0.027043 0.0365332 0.0467622 0.0566557 0.0649765 0.0707662 0.0736397 0.0737495 0.0715487 0.0675777 0.0623619 0.0563749 0.0500179 0.0436067 0.0373723 0.0314688 0.0259847 0.02096 0.0164112 0.0123618 0.00886006 0.00597004
 0.00765086 0.0125273 0.0190374 0.0271753 0.0366939 0.046944 0.0568478 0.0651675 0.0709504 0.073822 0.0739464 0.0717813 0.0678599 0.0626885 0.0567164 0.0503231 0.0438138 0.0374238 0.0313267 0.0256419 0.0204453 0.0157858 0.011706 0.00825344 0.00547135
 0.00772062 0.0126304 0.0191733 0.0273371 0.0368699 0.0471215 0.0570155 0.0653165 0.0710743 0.0739184 0.0740187 0.0718411 0.0679249 0.0627765 0.0568355 0.0504634 0.0439445 0.0374991 0.0313 0.0254826 0.0201518 0.0153892 0.011262 0.00782472 0.00510868
 0.0077829 0.0127277 0.0193121 0.0275189 0.0370899 0.0473663 0.0572628 0.0655381 0.0712435 0.0740188 0.0740496 0.0718158 0.0678657 0.062708 0.0567787 0.0504298 0.0439311 0.0374866 0.0312571 0.025378 0.019968 0.0151328 0.0109631 0.00752589 0.00484877
 0.00780385 0.0127611 0.0193609 0.0275859 0.0371764 0.0474723 0.0573851 0.0656692 0.071372 0.0741309 0.0741323 0.0718614 0.0678744 0.0626884 0.0567449 0.0503962 0.0439061 0.0374682 0.0312318 0.0253256 0.0198714 0.0149877 0.0107825 0.00733543 0.00467608
 0.00786038 0.0128436 0.0194679 0.0277098 0.0373066 0.0475981 0.0574991 0.0657678 0.0714538 0.0741949 0.0741765 0.0718827 0.0678695 0.0626565 0.0566895 0.0503253 0.0438297 0.0373935 0.0311593 0.0252484 0.0197797 0.0148757 0.0106537 0.00720257 0.00455541
 0.00787351 0.0128666 0.0195052 0.0277653 0.0373815 0.0476884 0.0575942 0.0658528 0.0715154 0.0742271 0.0741832 0.0718736 0.0678547 0.0626412 0.0566734 0.0503056 0.0438044 0.0373622 0.0311222 0.025204 0.0197247 0.0148079 0.0105748 0.00711961 0.00447833
 0.00789995 0.0129046 0.0195531 0.0278192 0.0374367 0.0477417 0.0576453 0.0659029 0.0715642 0.0742707 0.0742148 0.0718874 0.0678492 0.06262 0.0566429 0.0502713 0.043769 0.0373259 0.0310838 0.0251619 0.0196773 0.0147545 0.0105169 0.00706125 0.00442519
 0.00788752 0.0128846 0.0195234 0.0277779 0.0373825 0.0476747 0.0575681 0.0658221 0.0714899 0.0742155 0.0741898 0.0718984 0.0678943 0.0626906 0.0567275 0.0503592 0.043852 0.0373987 0.0311426 0.0252041 0.0197015 0.0147611 0.0105085 0.00704285 0.00440273
 0.00790024 0.0128983 0.0195312 0.0277694 0.0373469 0.0476055 0.0574671 0.0656995 0.0713621 0.0740996 0.0741008 0.071847 0.067886 0.0627251 0.0567982 0.0504547 0.0439591 0.0375047 0.0312377 0.0252818 0.0197585 0.0147971 0.0105259 0.00704616 0.00439756
 0.00790734 0.0129079 0.0195419 0.0277776 0.0373466 0.0475889 0.0574257 0.0656273 0.0712589 0.073974 0.0739697 0.0717313 0.0678049 0.0626907 0.0568134 0.0505137 0.0440497 0.037612 0.0313469 0.0253807 0.0198392 0.014856 0.0105637 0.00706644 0.00440559
 0.00789641 0.012892 0.0195212 0.0277533 0.0373203 0.0475614 0.0573962 0.0655931 0.0712162 0.0739196 0.0739031 0.0716577 0.0677344 0.0626368 0.0567888 0.0505258 0.0440981 0.037689 0.0314398 0.0254758 0.0199248 0.0149246 0.0106126 0.00709714 0.00442219
 0.00788349 0.0128671 0.0194771 0.0276818 0.0372153 0.0474235 0.0572358 0.0654291 0.0710707 0.0738103 0.0738381 0.0716353 0.0677473 0.0626773 0.0568519 0.0506097 0.044202 0.0378098 0.0315706 0.0256063 0.0200441 0.015024 0.0106877 0.00714839 0.00445351
 0.00783811 0.012795 0.0193715 0.0275376 0.03703 0.047199 0.0569805 0.0651601 0.0708127 0.0735921 0.0736868 0.0715689 0.0677708 0.0627818 0.0570188 0.0508173 0.0444307 0.0380442 0.0317988 0.025818 0.0202301 0.015177 0.0108044 0.00723011 0.00450558
 0.00783673 0.0127859 0.0193451 0.0274811 0.0369306 0.0470494 0.0567833 0.0649289 0.0705688 0.0733596 0.0734885 0.0714244 0.0676952 0.062783 0.0570956 0.0509588 0.044619 0.0382585 0.0320196 0.026029 0.0204186 0.0153344 0.0109265 0.0073173 0.00456245
 0.00780904 0.0127447 0.0192899 0.0274125 0.0368491 0.0469529 0.056667 0.0647877 0.070402 0.0731749 0.0733029 0.0712608 0.0675763 0.0627261 0.0571096 0.0510428 0.0447632 0.038446 0.0322297 0.0262408 0.0206144 0.0155015 0.0110581 0.00741258 0.00462551
 0.0077783 0.0126918 0.0192053 0.027287 0.0366771 0.0467375 0.0564229 0.064539 0.0701751 0.0729895 0.0731682 0.0711776 0.0675429 0.0627429 0.0571788 0.0511657 0.0449362 0.0386591 0.0324667 0.026482 0.0208402 0.0156965 0.0112131 0.00752573 0.00470095
 0.00773349 0.0126196 0.0190978 0.0271372 0.0364803 0.0464935 0.0561391 0.0642328 0.0698726 0.0727219 0.0729643 0.0710577 0.0675143 0.0628005 0.05731 0.0513556 0.0451706 0.0389243 0.0327477 0.0267617 0.0211007 0.0159221 0.0113936 0.00765835 0.00478999
 0.00933413 0.0148585 0.0217966 0.0299056 0.0388299 0.0480183 0.056659 0.0638201 0.0687687 0.0712158 0.0713031 0.0694143 0.0659935 0.0614582 0.056169 0.0504174 0.0444239 0.0383509 0.0323262 0.0264687 0.0209111 0.01581 0.0113346 0.00763182 0.00478071
 0.00931789 0.0151263 0.0227177 0.0319377 0.0423186 0.0529278 0.0624011 0.0693504 0.0729585 0.0732973 0.0711241 0.067378 0.0627832 0.0577463 0.0524507 0.0469833 0.0414091 0.0357983 0.0302315 0.0248046 0.0196377 0.0148781 0.0106878 0.00720984 0.0045241
 0.00897828 0.0145954 0.0219798 0.0310486 0.0414572 0.0524291 0.0627137 0.0708747 0.0758025 0.0770982 0.0750955 0.070607 0.0646107 0.0579945 0.0513905 0.0451164 0.039235 0.0336789 0.0283685 0.023278 0.0184547 0.0140086 0.0100837 0.00681579 0.00428473
 0.00879963 0.0142962 0.0215142 0.0303725 0.0405461 0.0513106 0.0615083 0.0698216 0.075238 0.0773608 0.0763718 0.0727895 0.0672693 0.060517 0.0532289 0.0459959 0.0392067 0.033017 0.0274067 0.0222863 0.017593 0.01334 0.00960907 0.00650458 0.00409617
 0.00872657 0.0141668 0.0212992 0.0300362 0.0400529 0.0506368 0.060658 0.0688435 0.0742395 0.0765135 0.0758943 0.0728922 0.0680625 0.0619243 0.0549707 0.0476794 0.0404828 0.033712 0.0275536 0.0220567 0.0171918 0.0129265 0.00926971 0.0062648 0.00394562
 0.0087017 0.0141257 0.0212352 0.02994 0.0399111 0.0504306 0.0603656 0.0684455 0.0737311 0.0759192 0.0752832 0.0723818 0.0677998 0.0620379 0.0555062 0.0485535 0.041496 0.0346247 0.0281862 0.0223518 0.0172079 0.0127804 0.00907359 0.00609029 0.00382071
 0.00869637 0.0141166 0.0212205 0.0299172 0.0398768 0.0503801 0.0602915 0.0683371 0.0735741 0.0756993 0.0749946 0.0720407 0.0674559 0.0617736 0.0554148 0.0486985 0.0418704 0.0351406 0.0287077 0.0227555 0.017433 0.0128399 0.00902641 0.00600213 0.00373694
 0.00866634 0.0140698 0.021154 0.02983 0.0397702 0.050258 0.0601607 0.0682062 0.0734502 0.0755849 0.0748853 0.0719281 0.0673358 0.0616566 0.0553326 0.0486969 0.041988 0.0353823 0.029032 0.0230887 0.0177033 0.0130082 0.00909636 0.00600527 0.00371015
 0.00866488 0.0140649 0.021142 0.0298061 0.0397295 0.050198 0.0600827 0.0681157 0.0733552 0.0754932 0.0748019 0.0718535 0.0672672 0.0615916 0.0552749 0.0486609 0.0419964 0.0354549 0.0291711 0.0232713 0.0178891 0.0131585 0.00919119 0.00604766 0.00371751
 0.00864883 0.0140415 0.0211116 0.0297702 0.0396901 0.0501559 0.0600368 0.0680642 0.0732971 0.0754302 0.0747387 0.0717961 0.0672202 0.0615569 0.0552527 0.0486526 0.0420075 0.0354944 0.0292455 0.0233773 0.018011 0.0132736 0.00928025 0.00610316 0.00374377
 0.00861399 0.0139896 0.0210425 0.0296873 0.0395995 0.0500655 0.0599549 0.0679976 0.0732501 0.0754034 0.0747289 0.0717984 0.0672306 0.0615732 0.0552744 0.0486807 0.0420444 0.0355434 0.0293098 0.0234573 0.018101 0.0133626 0.00935612 0.00615799 0.00377676
 0.00863656 0.0140185 0.0210718 0.0297071 0.0395994 0.0500392 0.0599041 0.0679319 0.0731828 0.0753458 0.074687 0.0717719 0.067215 0.0615637 0.0552678 0.0486768 0.0420451 0.0355523 0.0293303 0.0234909 0.0181457 0.0134127 0.00940376 0.00619648 0.00380305
 0.00863419 0.0140192 0.0210807 0.0297304 0.0396409 0.0500961 0.059965 0.0679792 0.0732006 0.075327 0.0746369 0.0717046 0.0671462 0.061504 0.0552215 0.0486433 0.0420226 0.0355397 0.0293281 0.0234998 0.0181648 0.0134389 0.00943209 0.00622193 0.00382233
 0.00863055 0.0140131 0.0210716 0.0297185 0.0396281 0.0500869 0.0599654 0.0679947 0.0732313 0.0753664 0.0746726 0.0717243 0.0671437 0.0614818 0.055188 0.0486082 0.0419928 0.0355187 0.0293169 0.0234982 0.0181719 0.0134525 0.00944907 0.00623868 0.0038361
 0.00862483 0.0140038 0.0210576 0.0296987 0.0396022 0.0500554 0.0599308 0.0679615 0.0732062 0.0753557 0.0746796 0.0717473 0.0671757 0.0615134 0.055212 0.0486217 0.041998 0.0355203 0.0293193 0.023504 0.0181819 0.0134659 0.00946387 0.00625275 0.00384767
 0.00862483 0.0140038 0.0210576 0.0296987 0.0396022 0.0500554 0.0599308 0.0679615 0.0732062 0.0753557 0.0746796 0.0717473 0.0671757 0.0615134 0.055212 0.0486217 0.041998 0.0355203 0.0293193 0.023504 0.0181819 0.0134659 0.00946387 0.00625275 0.00384767
 0.00880724 0.014293 0.0214775 0.0302626 0.0403049 0.0508645 0.0607806 0.0687574 0.0738447 0.0757525 0.0747924 0.0715814 0.0667755 0.0609452 0.0545467 0.0479239 0.0413193 0.0348983 0.0287784 0.023057 0.0178317 0.0132067 0.00928402 0.00613647 0.00377815
 0.0086497 0.0140636 0.021183 0.0299294 0.0399758 0.0505904 0.0606107 0.0687297 0.0739757 0.0760288 0.0751698 0.0719959 0.0671611 0.0612519 0.0547506 0.0480257 0.0413375 0.0348593 0.0287088 0.0229787 0.0177595 0.0131488 0.00924266 0.00611006 0.00376309
 0.0087031 0.0141253 0.0212305 0.0299296 0.0398978 0.0504241 0.0603802 0.0684911 0.0737975 0.0759652 0.0752414 0.0721848 0.0674206 0.0615236 0.0549817 0.048182 0.041408 0.0348537 0.0286495 0.0228918 0.0176678 0.0130678 0.00918 0.00606681 0.0037363
 0.00835597 0.0135869 0.0204694 0.028936 0.0386875 0.0490438 0.0589147 0.0670661 0.0725685 0.0750902 0.0748449 0.0723261 0.0680767 0.0625936 0.0563121 0.0496053 0.0427785 0.0360701 0.0296599 0.0236858 0.0182621 0.0134927 0.00946951 0.00625384 0.00384988
 0.00851613 0.0138007 0.0207048 0.0291329 0.0387724 0.0489539 0.0586186 0.0665713 0.0719162 0.0743463 0.0740935 0.0716636 0.0675986 0.0623726 0.0563752 0.0499224 0.0432719 0.0366407 0.0302169 0.024167 0.0186393 0.0137652 0.00965281 0.00636927 0.00391796
 0.00861722 0.0139877 0.0210238 0.0296301 0.0394694 0.0498158 0.0595352 0.0673722 0.072423 0.0744374 0.0737465 0.0709549 0.0666709 0.0613903 0.0554859 0.0492288 0.0428179 0.0364119 0.0301579 0.0242076 0.0187179 0.0138422 0.00971084 0.00640613 0.00393851
#pred catch len freq
 0.00314079 0.00511693 0.00775518 0.0111106 0.0152276 0.0200885 0.0255536 0.0313568 0.0371624 0.0426345 0.0474859 0.0515126 0.0546202 0.0568263 0.0582337 0.0589983 0.0593037 0.0593268 0.0591562 0.0586579 0.0573673 0.0545527 0.0495383 0.0421699 0.0331035
 0.00336713 0.00542064 0.00809559 0.0114153 0.0154194 0.0201231 0.0254449 0.0311684 0.0369692 0.0424806 0.0473681 0.0514001 0.0544944 0.0567115 0.0581993 0.0591278 0.0596455 0.0598506 0.0597386 0.0591137 0.0575196 0.0543117 0.0489449 0.0413747 0.0322952
 0.00345006 0.00559097 0.00841196 0.0119394 0.0161831 0.0210882 0.0264827 0.0320888 0.0375945 0.0427229 0.047257 0.0510456 0.0540196 0.0562077 0.0577245 0.0587286 0.0593659 0.0597113 0.0597038 0.0590803 0.0573516 0.0539069 0.0482935 0.0405689 0.0314819
 0.00362026 0.00584754 0.00876582 0.012401 0.0167762 0.0218596 0.027491 0.0333617 0.0390741 0.044238 0.0485591 0.0519017 0.054307 0.0559514 0.0570613 0.0578349 0.0583973 0.0587705 0.0588292 0.0582473 0.0564942 0.052963 0.0472545 0.0394997 0.0304936
 0.00379258 0.00613012 0.00919453 0.0130081 0.017582 0.0228635 0.0286675 0.0346692 0.0404704 0.0456832 0.0499937 0.0532147 0.0553318 0.0565114 0.057045 0.0572474 0.0573535 0.0574381 0.0573611 0.0567397 0.054985 0.0514641 0.0457929 0.0381395 0.029321
 0.00394765 0.00638305 0.00957843 0.0135588 0.0183361 0.0238519 0.029903 0.0361324 0.0421014 0.0473871 0.0516569 0.0547229 0.0565767 0.0573856 0.0574415 0.0570818 0.056601 0.0561568 0.0556788 0.054812 0.0529556 0.0494511 0.0438987 0.0364607 0.0279401
 0.00415471 0.00670971 0.0100528 0.0142038 0.0191708 0.0248905 0.0311509 0.0375789 0.043713 0.0491025 0.0533866 0.0563544 0.0579865 0.0584529 0.0580585 0.0571598 0.0560808 0.0550284 0.0539991 0.0527065 0.0505993 0.0470387 0.0416172 0.0344661 0.0263374
 0.00444251 0.0071635 0.01071 0.0150914 0.0203025 0.0262632 0.0327379 0.0393265 0.0455455 0.0509331 0.0551279 0.0579226 0.0592997 0.0594281 0.0586109 0.0572063 0.0555503 0.053879 0.0522418 0.050426 0.0479596 0.0442649 0.0389557 0.032134 0.024477
 0.00462099 0.00747339 0.0112134 0.0158596 0.0214023 0.0277331 0.0345644 0.0414331 0.0478026 0.0531837 0.0572163 0.0597173 0.0607044 0.0603808 0.0590712 0.0571393 0.0549177 0.0526462 0.0504023 0.0480345 0.0451566 0.0412755 0.0360518 0.0295708 0.0224288
 0.00478749 0.00774283 0.0116198 0.0164426 0.02221 0.0288205 0.0359818 0.0432032 0.049893 0.0554889 0.059563 0.0618964 0.0625182 0.0616821 0.0597766 0.0572169 0.0543621 0.0514609 0.0486043 0.0456803 0.0423748 0.0382789 0.033112 0.0269551 0.0203281
 0.00504761 0.00815163 0.0122096 0.0172364 0.0232213 0.0300532 0.0374276 0.0448403 0.0516866 0.0573904 0.0615027 0.0637729 0.0641962 0.0630075 0.0606055 0.0574432 0.0539292 0.0503577 0.0468588 0.0433658 0.0396277 0.0353106 0.0301893 0.0243443 0.018224
 0.00532237 0.00859697 0.0128772 0.0181731 0.0244598 0.0315975 0.0392383 0.0468304 0.0537355 0.0593707 0.063306 0.065321 0.0654354 0.0638914 0.0610793 0.0574399 0.0533806 0.0492153 0.0451152 0.0410739 0.036916 0.0323858 0.0273122 0.0217744 0.0161517
 0.00556842 0.00900371 0.013503 0.0190793 0.0257018 0.0332077 0.0412043 0.0490784 0.0561299 0.0617315 0.06544 0.0670593 0.0666646 0.0645648 0.0612027 0.0570398 0.0524761 0.0478097 0.0432128 0.0387132 0.0342016 0.0295009 0.0244969 0.0192711 0.0141385
 0.00579093 0.00936439 0.0140459 0.0198503 0.0267467 0.034565 0.042891 0.0510728 0.0583565 0.064057 0.0676832 0.0690184 0.0681557 0.0654591 0.0614453 0.0566437 0.0514951 0.0463091 0.0412558 0.0363715 0.0315827 0.0267679 0.0218593 0.016941 0.0122715
 0.00600428 0.0097003 0.0145323 0.0205093 0.0275953 0.0356151 0.044146 0.0525213 0.0599671 0.0657732 0.0694199 0.0706607 0.0695662 0.0664963 0.0619903 0.0566232 0.0508923 0.0451572 0.0396234 0.0343542 0.0293056 0.0243916 0.0195717 0.0149249 0.0106585
 0.0061546 0.00995458 0.0149332 0.0211022 0.0284184 0.036684 0.045439 0.0539765 0.061495 0.0672783 0.0708181 0.0718849 0.0705602 0.0672054 0.0623555 0.0565864 0.0504093 0.0442138 0.0382469 0.0326168 0.0273238 0.0223189 0.0175812 0.0131775 0.00926594
 0.00630426 0.0101867 0.0152638 0.0215444 0.028987 0.0373991 0.0463217 0.0550351 0.0627067 0.0685776 0.0721029 0.0730397 0.0714861 0.0678375 0.0626618 0.0565526 0.0500256 0.043474 0.0371605 0.0312257 0.0257134 0.0206163 0.0159359 0.0117296 0.00811178
 0.00647365 0.0104485 0.0156324 0.0220239 0.0295711 0.0380725 0.0470618 0.0558159 0.0635045 0.0693744 0.0728819 0.0737745 0.0721321 0.0683354 0.0629517 0.0565881 0.0497802 0.0429392 0.0363449 0.0301609 0.024463 0.0192783 0.0146308 0.0105736 0.00718662
 0.00649184 0.0104996 0.0157487 0.0222479 0.0299444 0.0386175 0.0477666 0.0566309 0.0643555 0.0701845 0.0735919 0.0743518 0.0725668 0.0686276 0.0630977 0.0565735 0.0495827 0.0425387 0.035734 0.0293548 0.0235061 0.0182449 0.0136151 0.00966838 0.00645885
 0.00645715 0.0104419 0.015662 0.0221328 0.0298159 0.0385134 0.0477475 0.0567659 0.0646934 0.0707268 0.0742836 0.0750993 0.073272 0.0692165 0.0635303 0.0568352 0.0496689 0.0424451 0.0354577 0.0289038 0.0229095 0.0175576 0.0129108 0.00902296 0.00592986
