SBPRF35
12.7214
Curr Bio
887256
B35
893361
F35
0.169253
FOFL
0.158648
OFL
109255
Bzero
3.63469e+06
#pred survey bio
 3.57997e+06 3.48054e+06 3.38747e+06 3.22845e+06 3.0373e+06 2.82631e+06 2.57922e+06 2.29882e+06 2.06671e+06 1.86943e+06 1.64708e+06 1.43172e+06 1.27575e+06 1.15032e+06 999960 898695 817719 747875 698187 663538 619742 595139 584284 573286 565523 554548 550434 545290 551189 555943 560674 567419 569722 566073 574327 587820 603597 619509 631255 630806 635418 643385 646861 655039 667829 673858 676734 678685 684547 700103 700739 755952 802019 851108 878951 914623 948776 963392 960643 937819 917032 913821 922271 924353 899991 908610 892511 2.95732e+07 1.75273e+07 1.76425e+07 1.83882e+07 1.95731e+07 2.09481e+07 2.23193e+07 2.35689e+07 2.46424e+07 2.55283e+07 2.62392e+07 2.67985e+07 2.72327e+07 2.75668e+07 2.78226e+07 2.8018e+07 2.81671e+07 2.82811e+07 2.83685e+07 2.84357e+07 2.84876e+07 2.85278e+07 2.85592e+07 2.85837e+07 2.86031e+07 2.86183e+07 2.86304e+07 2.86399e+07 2.86476e+07 2.86537e+07 2.86586e+07 2.86625e+07 2.86657e+07 2.86683e+07 2.86704e+07 2.86721e+07 2.86734e+07 2.86746e+07 2.86755e+07 2.86762e+07 2.86768e+07 2.86773e+07 2.86777e+07 2.8678e+07 2.86783e+07 2.86785e+07 2.86787e+07 2.86789e+07 2.8679e+07 2.86791e+07 2.86792e+07 2.86792e+07 2.86793e+07 2.86793e+07 2.86794e+07 2.86794e+07 2.86794e+07 2.86794e+07 2.86795e+07 2.86795e+07 2.86795e+07 2.86795e+07 2.86795e+07 2.86795e+07 2.86795e+07 2.86795e+07 2.86795e+07 2.86795e+07 2.86795e+07 2.86795e+07 2.86795e+07 2.86795e+07 2.86795e+07 2.86795e+07 2.86795e+07 2.86795e+07 2.86795e+07 2.86795e+07 2.86795e+07 2.86795e+07 2.86795e+07 2.86795e+07 2.86795e+07 2.86795e+07 2.86795e+07 2.86795e+07 2.86795e+07 2.86795e+07 2.86795e+07 2.86795e+07 2.86795e+07 2.86795e+07 2.86795e+07 2.86795e+07 2.86795e+07 2.86795e+07 2.86795e+07 2.86795e+07 2.86795e+07 2.86795e+07 0 0 0 0 0 0 0 0 0 0 0 0 0 0 0 0 0 0 0 0 0 0 0 0 0
#obs survey bio
 3.49412e+06 3.25714e+06 2.58682e+06 3.09694e+06 3.4726e+06 2.94234e+06 1.58059e+06 2.15615e+06 1.94873e+06 1.80443e+06 1.63587e+06 1.17000e+06 875475 1.02852e+06 1.0371e+06 958522 704854 666202 584989 718806 862800 465839 687427 507486 498381 637620 503774 421043 635250 461834 440394 503407 657584 570724 539069 387707 609824 800904 624873 602649 765080 721677 651899 522631 638189 797854 763121 556684 693874 688574 869284 531918 599021 865691 1.10786e+06 989015 1.05516e+06 1.55453e+06 1.12151e+06 736144 937725 819573 666772 882574 800754 972044 837070
#pred catch bio
 94699.5 92242.5 158774 198009 229009 277108 323553 295180 277863 311717 312535 264363 240959 262745 217011 196843 184006 163233 147371 151096 130206 115654 113924 109998 111823 105279 105783 96792.1 98972.9 100210 99606 103779 108081 97472.8 93852.5 93375 94407.3 98226.2 107741 102406 99610.5 104112 101153 98685.7 105356 108269 109405 106839 100159 114393 71008.3 83268.6 83644.3 103353 96878.4 98296 114356 128089 144622 142626 127898 118716 124508 145347 114380 132720 152858 109255 114418 114002 117416 124291 132686 141095 148677 155072 160225 164239 167289 169562 171230 172441 173311 173932 174372 174682 174901 175054 175161 175236 175288 175324 175349 175366 175378 175387 175392 175396 175399 175401 175402 175403 175404 175404 175405 175405 175405 175405 175405 175405 175405 175405 175405 175405 175405 175405 175405 175405 175405 175405 175405 175405 175405 175405 175405 175405 175405 175405 175405 175405 175405 175405 175405 175405 175405 175405 175405 175405 175405 175405 175405 175405 175405 175405 175405 175405 175405 175405 175405 175405 175405 175405 175405 175405 175405 175405 175405 175405 175405 175405 175405 175405 175405 175405 175405 175405 175405 0 0 0 0 0 0 0 0 0 0 0 0 0 0 0 0 0 0 0 0 0 0 0 0 0
#obs catch bio
 0 91891 159156 198305 228936 277420 325607 296205 278995 314161 315730 265993 243282 267001 219000 197352 184541 163971 148326 152856 130690 115922 113443 110003 112151 105545 106535 97118.1 99172.2 101048 100568 104926 109005 98189.1 94198 94395.1 95336 98778 108404 102620 99423.1 104198 101476 99322.4 106104 108413 109685 107471 100522 115362 70848.4 83822.3 83991.6 104434 97548.5 98764.5 114910 127558 144609 143166 128133 118856 124725 146462 113973 132405 153094
#pred cpue bio
 3.52763e+06 3.42978e+06 3.33817e+06 3.17988e+06 2.98913e+06 2.77861e+06 2.53237e+06 2.2533e+06 2.02213e+06 1.82562e+06 1.60491e+06 1.39165e+06 1.23708e+06 1.11284e+06 964785 865201 785713 717309 668786 635108 592802 569265 559036 548476 540849 530092 526076 521076 526727 531191 535615 542114 544487 541181 549403 562559 577876 593541 605331 605211 609867 617606 620815 628579 640977 646965 649826 651618 657181 672210 672660 726429 771734 820050 847600 882889 916804 931508 928794 905934 884995 881660 890069 892363 868941 877836 862858 2.86154e+07 1.69748e+07 1.697e+07 1.75495e+07 1.86632e+07 2.00178e+07 2.13841e+07 2.26326e+07 2.37059e+07 2.45918e+07 2.53026e+07 2.58619e+07 2.62961e+07 2.66302e+07 2.6886e+07 2.70814e+07 2.72305e+07 2.73446e+07 2.74319e+07 2.74991e+07 2.7551e+07 2.75913e+07 2.76226e+07 2.76472e+07 2.76665e+07 2.76817e+07 2.76938e+07 2.77034e+07 2.7711e+07 2.77171e+07 2.7722e+07 2.7726e+07 2.77291e+07 2.77317e+07 2.77338e+07 2.77355e+07 2.77369e+07 2.7738e+07 2.77389e+07 2.77396e+07 2.77402e+07 2.77407e+07 2.77411e+07 2.77415e+07 2.77417e+07 2.7742e+07 2.77421e+07 2.77423e+07 2.77424e+07 2.77425e+07 2.77426e+07 2.77427e+07 2.77427e+07 2.77428e+07 2.77428e+07 2.77428e+07 2.77428e+07 2.77429e+07 2.77429e+07 2.77429e+07 2.77429e+07 2.77429e+07 2.77429e+07 2.77429e+07 2.77429e+07 2.77429e+07 2.77429e+07 2.77429e+07 2.77429e+07 2.77429e+07 2.77429e+07 2.77429e+07 2.77429e+07 2.77429e+07 2.77429e+07 2.77429e+07 2.7743e+07 2.7743e+07 2.7743e+07 2.7743e+07 2.7743e+07 2.7743e+07 2.7743e+07 2.7743e+07 2.7743e+07 2.7743e+07 2.7743e+07 2.7743e+07 2.7743e+07 2.7743e+07 2.7743e+07 2.7743e+07 2.7743e+07 2.7743e+07 2.7743e+07 2.7743e+07 2.7743e+07 2.7743e+07 2.7743e+07 2.7743e+07 0 0 0 0 0 0 0 0 0 0 0 0 0 0 0 0 0 0 0 0 0 0 0 0 0
#obs cpue bio
 3.12976e+06 2.83771e+06 5.53522e+06 2.62893e+06 3.1734e+06 2.34819e+06 2.75038e+06 2.4646e+06 1.71475e+06 1.69173e+06 1.34291e+06 1.71684e+06 1.18058e+06 1.00588e+06 949656 1.11346e+06 884845 664290 606641 456429 538937 709521 785018 456663 527404 419141 425154 700102 511364 371314 516654 498657 541147 435531 701037 413838 529886 581835 628476 735214 671873 477914 463518 510894 644609 823474 508002 558494 601115 733736 511940 679433 885150 608380 606205 900417 957528 1.44327e+06 593415 787897 897706 937572 1.14807e+06 775999 1.52583e+06 985387 771308
#pred surv len freq
 0.0046631 0.00758897 0.0114564 0.0162606 0.0218978 0.028086 0.0343367 0.0400728 0.0448422 0.0484635 0.0510069 0.0526725 0.0536797 0.054215 0.0544186 0.0543897 0.0541997 0.0538925 0.0534403 0.0526517 0.0510976 0.0481727 0.0433616 0.0366075 0.0285261
 0.00480425 0.00774625 0.0115639 0.0162239 0.0216325 0.0275724 0.0336536 0.0393805 0.0443149 0.0482102 0.0510307 0.05289 0.0539816 0.0545273 0.054731 0.0547431 0.0546441 0.0544378 0.0540264 0.0531572 0.0513876 0.0481634 0.0430637 0.0361216 0.0279922
 0.00498528 0.00803805 0.0119926 0.0167966 0.0223187 0.0282867 0.034258 0.0397228 0.0442971 0.0478473 0.0504533 0.0522804 0.0534864 0.0542054 0.054565 0.0546887 0.0546709 0.0545317 0.0541622 0.0532741 0.051397 0.0479902 0.0426924 0.0356112 0.027448
 0.00516932 0.00834026 0.0124533 0.0174554 0.0232058 0.0294057 0.0355647 0.0411086 0.0455933 0.04886 0.0510224 0.0523401 0.0530916 0.0535033 0.0537279 0.0538495 0.0538973 0.0538368 0.0535255 0.0526547 0.0507447 0.0472662 0.0418966 0.0347942 0.0266929
 0.00537682 0.00867219 0.0129436 0.0181345 0.0240978 0.0305231 0.0368981 0.0426164 0.0471936 0.0504279 0.0523972 0.0533491 0.0535933 0.0534355 0.0531331 0.0528579 0.0526734 0.0525222 0.0522059 0.0513602 0.0494729 0.046014 0.0406854 0.0336773 0.0257385
 0.00559995 0.00903115 0.013477 0.0188761 0.0250716 0.0317345 0.0383253 0.0442071 0.0488714 0.052102 0.0539664 0.0546992 0.0545964 0.0539653 0.0530984 0.0522388 0.051536 0.0509982 0.0504483 0.0495022 0.0476118 0.0442221 0.0390302 0.0322298 0.0245608
 0.00584148 0.00942421 0.0140693 0.0197128 0.0261865 0.0331377 0.0399889 0.0460603 0.0508103 0.054009 0.0557285 0.056215 0.0557733 0.0547131 0.0533298 0.051885 0.0505728 0.0494683 0.0484629 0.0472193 0.0452058 0.0418603 0.036861 0.0303726 0.0230918
 0.0061672 0.00994211 0.0148277 0.0207502 0.0275272 0.0347829 0.0419058 0.0481747 0.0530117 0.0561663 0.0577087 0.057898 0.0570594 0.0555231 0.0535998 0.0515625 0.0496223 0.0478896 0.0463136 0.0446272 0.0423617 0.0389915 0.0341932 0.0280899 0.0213037
 0.0064592 0.0104092 0.0155167 0.0217002 0.0287635 0.0363079 0.0436878 0.0501445 0.0550709 0.0582035 0.0596143 0.0595703 0.0584052 0.0564578 0.054048 0.051459 0.0489164 0.0465564 0.0443741 0.042171 0.0395579 0.036075 0.0314228 0.0256911 0.0194173
 0.00664488 0.0107217 0.0160068 0.0224226 0.0297658 0.0376135 0.0452794 0.0519579 0.0570056 0.0601439 0.0614487 0.0612011 0.0597497 0.0574438 0.054609 0.0515313 0.0484414 0.0454913 0.0427129 0.0399706 0.0369584 0.0332957 0.0287265 0.0233211 0.0175364
 0.00688667 0.0111148 0.0165992 0.0232605 0.0308876 0.0390374 0.0469889 0.0538926 0.0590639 0.0621976 0.0633628 0.0628521 0.0610396 0.0583049 0.0549988 0.051421 0.0478056 0.0443079 0.0409785 0.0377289 0.0343282 0.0304785 0.0259778 0.0208898 0.0155963
 0.00725765 0.0116932 0.0174241 0.0243533 0.0322509 0.0406538 0.048816 0.0558593 0.0610742 0.0641421 0.0651308 0.0643416 0.0621629 0.0589947 0.0552108 0.0511314 0.0470043 0.0429937 0.0391644 0.0354624 0.0317172 0.0277047 0.0232769 0.0184975 0.0136823
 0.00751563 0.0121108 0.0180486 0.0252254 0.0333951 0.0420644 0.050445 0.0576169 0.0628471 0.0658204 0.0666273 0.0655935 0.0631231 0.0596208 0.0554612 0.0509679 0.0463968 0.0419254 0.0376406 0.0335243 0.0294605 0.0252887 0.0209089 0.0163873 0.0119845
 0.00760007 0.0122706 0.0183313 0.0256905 0.0341018 0.0430512 0.0517091 0.0591045 0.0644612 0.0674402 0.0681318 0.0668809 0.064121 0.0602862 0.0557715 0.0509081 0.0459522 0.0410831 0.0364002 0.0319162 0.027564 0.0232403 0.0188877 0.0145762 0.0105203
 0.00787176 0.0126971 0.0189458 0.0265165 0.0351524 0.0443265 0.053189 0.0607397 0.0661691 0.0691097 0.0696369 0.0681006 0.0649605 0.0606918 0.0557328 0.050447 0.0451051 0.0398865 0.0348894 0.0301373 0.0255933 0.0211964 0.0169233 0.0128456 0.00913609
 0.00807898 0.0130187 0.0194016 0.0271152 0.0358917 0.0451942 0.0541624 0.0617869 0.0672525 0.0701901 0.0706723 0.069041 0.0657431 0.0612459 0.0559929 0.0503684 0.0446715 0.0391085 0.0337986 0.028785 0.024056 0.0195807 0.0153589 0.0114605 0.00802428
 0.00821421 0.0132422 0.0197439 0.027605 0.0365477 0.0460131 0.0551101 0.0627995 0.0682517 0.0711056 0.0714581 0.0696763 0.0662215 0.0615595 0.0561225 0.0502835 0.0443404 0.0385116 0.032939 0.0276955 0.0228009 0.0182537 0.0140719 0.0103215 0.00711077
 0.00834096 0.0134439 0.0200396 0.028011 0.0370758 0.0466676 0.0558816 0.0636589 0.0691487 0.0719738 0.0722266 0.0702854 0.0666345 0.0617658 0.0561295 0.0501027 0.0439761 0.037961 0.0322016 0.0267869 0.0217642 0.0171609 0.0130137 0.00938667 0.00636245
 0.00840993 0.0135522 0.0201961 0.0282219 0.0373456 0.0469987 0.0562736 0.0641079 0.0696457 0.0725033 0.0727647 0.0707979 0.06708 0.0621027 0.056325 0.0501376 0.0438434 0.0376605 0.0317385 0.0261755 0.0210362 0.0163706 0.0122319 0.0086855 0.00579528
 0.00830325 0.0134055 0.0200248 0.0280574 0.037227 0.04696 0.0563331 0.0642666 0.0698932 0.0728257 0.0731484 0.071228 0.0675349 0.0625509 0.0567264 0.0504499 0.0440302 0.0376972 0.0316151 0.0258985 0.0206308 0.0158805 0.0117154 0.00820312 0.00539432
 0.00836823 0.0134935 0.0201259 0.0281547 0.0373054 0.0470178 0.0563886 0.0643516 0.070037 0.0730379 0.0734134 0.071513 0.0678054 0.0627819 0.0569031 0.0505616 0.0440649 0.0376412 0.0314577 0.0256387 0.0202825 0.0154745 0.011295 0.00781394 0.00507238
 0.00844346 0.0135945 0.0202378 0.0282491 0.0373467 0.046975 0.0562476 0.0641243 0.0697626 0.0727764 0.0732296 0.0714567 0.0678941 0.062997 0.0571997 0.0508848 0.0443636 0.0378745 0.0315971 0.0256701 0.0202084 0.0153151 0.0110846 0.0075926 0.00487468
 0.00853395 0.0137208 0.0203886 0.0283986 0.037459 0.0470124 0.0561802 0.0639376 0.0694633 0.0723967 0.0728262 0.071101 0.0676549 0.0629197 0.0572924 0.0511176 0.0446797 0.0382081 0.0318896 0.0258806 0.0203187 0.0153298 0.0110268 0.00749486 0.00476908
 0.00865883 0.0139125 0.0206549 0.0287358 0.0378492 0.0474212 0.0565568 0.06422 0.0695933 0.0723377 0.0725782 0.0707036 0.0671784 0.0624472 0.0568988 0.0508506 0.0445497 0.0381907 0.0319381 0.0259443 0.0203582 0.015326 0.0109812 0.00742323 0.00469158
 0.00866661 0.0139389 0.0207194 0.0288641 0.0380648 0.0477335 0.0569497 0.0646496 0.0699952 0.0726432 0.0727311 0.0706746 0.0669729 0.0621056 0.0564868 0.0504416 0.044205 0.0379433 0.0317883 0.0258668 0.0203178 0.0152927 0.0109392 0.00737143 0.00463771
 0.00870129 0.0139916 0.0207928 0.0289608 0.0381897 0.0478962 0.0571634 0.0649239 0.0703257 0.0730023 0.0730679 0.0709262 0.0670842 0.0620481 0.0562691 0.0501073 0.0438182 0.0375683 0.0314712 0.0256265 0.0201485 0.0151751 0.0108533 0.0073043 0.00458411
 0.00871959 0.0140151 0.0208168 0.0289774 0.0381907 0.0478777 0.0571304 0.0648921 0.0703191 0.0730462 0.0731778 0.0710977 0.0672882 0.0622377 0.0563957 0.0501399 0.0437551 0.0374354 0.0313087 0.0254715 0.0200229 0.0150837 0.0107898 0.00725953 0.00455138
 0.00881986 0.0141616 0.0210063 0.0291951 0.0384135 0.0480795 0.0572876 0.0649881 0.0703479 0.0730148 0.0731067 0.0710146 0.0672179 0.0621909 0.0563639 0.0501007 0.0436845 0.0373221 0.0311597 0.0253077 0.0198684 0.0149554 0.0106936 0.00719262 0.00450729
 0.00886098 0.0142216 0.0210836 0.0292829 0.0385002 0.0481511 0.0573296 0.0649889 0.0703021 0.072927 0.0729921 0.0708973 0.067124 0.0621404 0.0563643 0.050143 0.0437469 0.0373786 0.0311909 0.0253076 0.0198434 0.0149186 0.0106567 0.00716247 0.00448568
 0.00886581 0.0142367 0.0211193 0.029352 0.0386129 0.0483082 0.0575172 0.0651787 0.0704592 0.0730213 0.0730077 0.0708362 0.0670049 0.061992 0.0562166 0.0500188 0.0436559 0.0373166 0.0311456 0.0252661 0.0197991 0.0148718 0.0106125 0.00712586 0.00445894
 0.00880536 0.0141518 0.0210167 0.0292477 0.0385295 0.0482688 0.0575395 0.0652694 0.0706107 0.0732108 0.0732014 0.0709981 0.0671081 0.0620271 0.0561928 0.0499577 0.043582 0.0372481 0.03109 0.0252225 0.0197625 0.0148386 0.0105821 0.00709979 0.00443889
 0.00867103 0.0139507 0.0207468 0.0289206 0.0381693 0.0479095 0.0572215 0.065035 0.070496 0.0732356 0.0733612 0.0712639 0.0674336 0.0623622 0.0564966 0.0502072 0.0437727 0.0373887 0.0311938 0.0253001 0.01982 0.0148789 0.0106073 0.00711327 0.00444458
 0.00857322 0.0137977 0.0205285 0.0286332 0.0378185 0.0475131 0.0568118 0.0646572 0.0702001 0.0730642 0.0733388 0.0713912 0.0676883 0.0627047 0.0568788 0.0505832 0.0441082 0.0376658 0.0314097 0.0254616 0.0199372 0.0149611 0.0106623 0.00714752 0.00446406
 0.00860813 0.0138392 0.0205627 0.0286376 0.0377677 0.0473885 0.0566101 0.064394 0.0699068 0.0727808 0.0731059 0.0712425 0.0676439 0.0627666 0.057031 0.0507955 0.0443444 0.037893 0.0316054 0.0256157 0.0200499 0.0150386 0.0107126 0.00717815 0.00448134
 0.00868181 0.013934 0.0206587 0.0286998 0.0377538 0.0472629 0.0563571 0.0640241 0.0694556 0.0723018 0.0726612 0.0708911 0.0674312 0.0627154 0.0571378 0.0510331 0.0446695 0.038256 0.0319609 0.0259303 0.0203055 0.0152309 0.0108472 0.00726582 0.0045343
 0.00864057 0.0138821 0.0206072 0.0286644 0.0377459 0.0472773 0.0563657 0.0639821 0.0693208 0.072057 0.0723263 0.070519 0.0670907 0.0624701 0.0570295 0.0510745 0.0448443 0.0385264 0.0322787 0.026249 0.0205894 0.0154596 0.0110155 0.0073793 0.00460449
 0.00846001 0.0136163 0.0202597 0.028259 0.0373226 0.0468837 0.0560466 0.0637692 0.069223 0.0720558 0.0723815 0.0705872 0.0671462 0.0625165 0.057095 0.0511944 0.045042 0.0388024 0.0326106 0.0265999 0.0209206 0.0157415 0.0112328 0.0075317 0.00470169
 0.0083141 0.0133807 0.0199098 0.0277775 0.0367088 0.0461646 0.0552845 0.0630567 0.0686604 0.0717197 0.0723006 0.0707373 0.0674651 0.0629309 0.057546 0.0516505 0.0454967 0.0392601 0.0330709 0.0270496 0.0213362 0.016098 0.0115138 0.00773372 0.00483372
 0.00822381 0.0132361 0.0196959 0.0274808 0.0363185 0.0456766 0.0547077 0.06242 0.0680166 0.0711413 0.0718663 0.0705106 0.0674746 0.0631612 0.0579454 0.0521519 0.0460403 0.0398053 0.0335949 0.0275384 0.0217757 0.0164731 0.0118124 0.00795256 0.00497987
 0.00826932 0.0132984 0.0197673 0.0275456 0.0363553 0.0456623 0.0546222 0.0622495 0.0677559 0.0707984 0.0714673 0.0701012 0.0671139 0.0629063 0.0578337 0.0521898 0.0462047 0.0400569 0.0338928 0.0278488 0.0220733 0.0167388 0.0120325 0.00811999 0.0050958
 0.00835557 0.0134203 0.0199167 0.0277019 0.0364901 0.0457468 0.0546337 0.0621747 0.0675918 0.0705516 0.0711536 0.0697461 0.0667519 0.0625787 0.0575828 0.0520493 0.0461895 0.0401586 0.0340836 0.0280911 0.0223299 0.0169796 0.0122371 0.00827822 0.00520693
 0.00840236 0.0134958 0.0200281 0.0278532 0.0366775 0.0459545 0.054832 0.0623239 0.067653 0.0705 0.0709867 0.0694831 0.0664263 0.0622311 0.0572544 0.0517784 0.0460062 0.0400789 0.034105 0.0281937 0.0224826 0.0171488 0.0123952 0.00840779 0.00530144
 0.00843613 0.013554 0.0201216 0.0279939 0.0368752 0.0462116 0.0551377 0.0626511 0.0679604 0.0707392 0.0711135 0.0694686 0.0662659 0.061946 0.0568867 0.0513809 0.0456316 0.03977 0.0338877 0.0280738 0.0224471 0.0171728 0.0124501 0.00846962 0.00535479
 0.00837534 0.0134676 0.0200152 0.0278817 0.0367782 0.0461527 0.0551368 0.0627211 0.0681029 0.0709415 0.0713469 0.0696929 0.0664381 0.0620327 0.0568743 0.0512799 0.0454732 0.0395954 0.0337359 0.0279712 0.0224024 0.017178 0.0124871 0.00851856 0.00540051
 0.00825386 0.0132817 0.0197577 0.0275561 0.0363996 0.045749 0.0547487 0.062398 0.0678937 0.0708813 0.0714462 0.0699334 0.0667774 0.0624142 0.0572414 0.0515892 0.0457038 0.0397508 0.0338375 0.0280462 0.0224724 0.0172527 0.0125647 0.00859088 0.00545972
 0.00827222 0.0132955 0.0197494 0.0275001 0.0362702 0.0455326 0.0544535 0.0620565 0.0675556 0.0705998 0.0712657 0.0698799 0.0668541 0.0626012 0.0575003 0.0518728 0.0459686 0.0399682 0.0339988 0.0281597 0.0225549 0.0173195 0.012624 0.00864357 0.0055032
 0.00833328 0.0133892 0.0198787 0.0276607 0.036448 0.0457014 0.0545766 0.0620946 0.0674811 0.0704114 0.0709939 0.0695792 0.0665844 0.0624087 0.0574054 0.0518682 0.0460269 0.0400545 0.0340835 0.0282266 0.0226017 0.0173522 0.0126498 0.00866654 0.00552364
 0.00835619 0.0134313 0.0199509 0.0277752 0.0366143 0.0459199 0.0548324 0.0623554 0.0677019 0.0705458 0.0710083 0.0694651 0.0663635 0.0621275 0.05712 0.0516258 0.0458525 0.0399484 0.0340291 0.0282023 0.0225905 0.0173457 0.0126461 0.008666 0.00552605
 0.00839161 0.0134795 0.0200067 0.0278296 0.0366592 0.0459541 0.0548649 0.0624021 0.0677755 0.0706455 0.071115 0.0695468 0.0663887 0.0620798 0.0570063 0.0514737 0.045698 0.0398213 0.0339431 0.0281554 0.0225713 0.0173418 0.0126486 0.00867055 0.00553087
 0.00837026 0.0134462 0.0199586 0.0277647 0.0365753 0.0458495 0.0547404 0.0622644 0.06764 0.0705357 0.071056 0.0695542 0.0664599 0.0621933 0.0571313 0.0515842 0.0457831 0.0398856 0.0339986 0.0282115 0.0226302 0.0173993 0.012699 0.00871002 0.00555865
 0.00840426 0.0135059 0.0200562 0.0279125 0.0367813 0.0461103 0.0550357 0.0625575 0.0678865 0.0706972 0.0711118 0.069507 0.0663316 0.0620142 0.0569284 0.0513747 0.0455756 0.0396857 0.0338142 0.028052 0.0225031 0.0173068 0.0126374 0.00867245 0.00553763
 0.00809469 0.0130217 0.0193653 0.0270039 0.0356734 0.0448607 0.0537465 0.061367 0.0669407 0.0701107 0.0709385 0.0697345 0.0668963 0.0628261 0.0578924 0.0524036 0.0465962 0.0406413 0.0346655 0.028777 0.0230943 0.0177676 0.0129789 0.00891064 0.00569244
 0.00797817 0.0128209 0.0190422 0.0265168 0.0349874 0.0439642 0.0526687 0.0601852 0.0657726 0.0690923 0.0701962 0.0693589 0.0669242 0.0632359 0.0586135 0.0533371 0.0476366 0.0416938 0.035655 0.0296515 0.0238244 0.0183436 0.0134069 0.00920868 0.00588532
 0.00778764 0.0125344 0.0186528 0.0260293 0.0344117 0.0433061 0.0519274 0.0593614 0.0648839 0.0681872 0.0693581 0.0686937 0.066536 0.0631979 0.0589469 0.0540051 0.0485549 0.0427526 0.0367426 0.0306736 0.0247143 0.0190652 0.0139522 0.00959148 0.00613375
 0.00766394 0.0123443 0.018388 0.0256907 0.0340098 0.0428602 0.051462 0.0588998 0.0644393 0.0677576 0.0689331 0.0682731 0.0661487 0.0629057 0.0588275 0.0541215 0.0489283 0.043351 0.0374909 0.0314759 0.0254796 0.0197262 0.0144733 0.00996756 0.00638204
 0.00753318 0.0121323 0.0180707 0.0252485 0.0334339 0.0421616 0.0506795 0.0580988 0.063698 0.0671451 0.0684904 0.0680067 0.0660403 0.0629326 0.0589819 0.0544159 0.0493836 0.0439737 0.0382541 0.0323175 0.026317 0.0204803 0.0150895 0.0104249 0.00669014
 0.0074465 0.0119899 0.0178532 0.0249363 0.0330099 0.0416173 0.0500223 0.057358 0.0629248 0.0664072 0.0678594 0.0675438 0.0657822 0.0628862 0.0591305 0.0547342 0.0498505 0.0445737 0.0389668 0.0331043 0.0271184 0.021227 0.0157219 0.0109097 0.00702587
 0.00754773 0.0121309 0.0180213 0.0251027 0.0331355 0.0416615 0.0499526 0.0571545 0.062583 0.0659401 0.0673 0.0669439 0.0652064 0.062399 0.058783 0.0545559 0.0498494 0.044742 0.0392849 0.03354 0.0276247 0.0217455 0.0161948 0.0112948 0.00730579
 0.00771906 0.0124004 0.0184083 0.0256143 0.0337593 0.0423585 0.0506517 0.0577597 0.0629936 0.0660788 0.0671342 0.066492 0.0645296 0.0615861 0.0579333 0.0537626 0.0491868 0.0442571 0.0389957 0.0334372 0.0276757 0.0219007 0.016398 0.0114959 0.00747141
 0.00781352 0.0125735 0.0187041 0.0260838 0.0344459 0.0432747 0.0517582 0.0589584 0.0641432 0.0670245 0.0677422 0.0666766 0.0642686 0.0609235 0.0569671 0.0526233 0.0480111 0.0431653 0.0380749 0.0327342 0.0271973 0.0216206 0.0162683 0.011462 0.00748532
 0.00776915 0.0125219 0.0186663 0.0260971 0.0345601 0.0435432 0.0522243 0.05964 0.0650174 0.068018 0.0687345 0.067521 0.0648274 0.0611036 0.0567439 0.052045 0.0471826 0.0422203 0.037145 0.0319227 0.0265644 0.021181 0.0160004 0.011323 0.00742788
 0.00771885 0.0124308 0.0185138 0.0258634 0.0342382 0.043154 0.0518276 0.0593303 0.0648998 0.0681733 0.0691867 0.0682217 0.0656628 0.061922 0.0573971 0.0524282 0.0472617 0.0420341 0.0367848 0.0314983 0.0261707 0.0208764 0.0158023 0.0112174 0.00738573
 0.00762755 0.0122892 0.0183125 0.0255965 0.0339019 0.042747 0.0513563 0.0588186 0.0643986 0.0677623 0.0689609 0.0682628 0.0660042 0.0625267 0.0581595 0.0532047 0.0479163 0.04248 0.0370045 0.0315356 0.0261014 0.020775 0.0157183 0.0111696 0.00737019
 0.0074609 0.012045 0.0179947 0.0252253 0.0335077 0.042359 0.0509943 0.0584901 0.0641047 0.0675061 0.0687586 0.0681497 0.0660303 0.0627368 0.058566 0.0537684 0.0485499 0.0430769 0.0374777 0.0318462 0.0262625 0.0208329 0.0157252 0.0111631 0.00736792
 0.00748332 0.0120671 0.0180024 0.0251993 0.0334315 0.0422303 0.0508305 0.0583237 0.0639667 0.0674097 0.0686938 0.0680953 0.0659742 0.0626913 0.0585647 0.0538461 0.0487167 0.0433059 0.0377145 0.0320356 0.0263736 0.0208681 0.0157103 0.0111291 0.00733646
 0.00719543 0.0116426 0.0174435 0.0245348 0.0327061 0.0414893 0.0501112 0.0576587 0.0633935 0.0669747 0.0684448 0.0680642 0.0661633 0.0630725 0.0590939 0.0544791 0.0494162 0.0440356 0.0384309 0.0326888 0.0269199 0.0212842 0.0159989 0.0113127 0.00744507
 0.00679523 0.0110459 0.0166474 0.0235755 0.0316533 0.0404322 0.0491439 0.0568666 0.0628379 0.066681 0.0684012 0.0682363 0.0665131 0.0635697 0.0597139 0.0551962 0.0501998 0.0448493 0.0392342 0.033438 0.0275737 0.0218127 0.0163916 0.0115799 0.00761145
#obs surv len freq
 nan nan nan nan nan nan nan nan nan nan nan nan nan nan nan nan nan nan nan nan nan nan nan nan nan
 0.004489 0.00735227 0.011184 0.0160013 0.021702 0.0279765 0.034289 0.0400184 0.0446961 0.0481581 0.0505145 0.052009 0.0529 0.0534114 0.0537249 0.0539792 0.0542573 0.0545497 0.0546883 0.0542801 0.0527183 0.0493508 0.0438012 0.0362821 0.0276667
 0.00462162 0.00757096 0.0115184 0.0164797 0.022344 0.0287822 0.035228 0.0410281 0.0456906 0.0490463 0.0512173 0.0524715 0.0530955 0.053341 0.0534123 0.0534629 0.0535818 0.0537585 0.0538209 0.0533741 0.0518131 0.0484905 0.0430315 0.0356419 0.0271774
 0.00477464 0.00782289 0.0119036 0.0170326 0.0230927 0.0297379 0.0363734 0.0423108 0.0470272 0.0503349 0.0523524 0.0533577 0.0536597 0.0535403 0.053238 0.0529378 0.0527525 0.0526857 0.0525721 0.0520203 0.0504302 0.0471593 0.0418322 0.0346406 0.0264107
 0.00497298 0.00814429 0.0123855 0.0177097 0.0239911 0.0308654 0.0377094 0.0438009 0.0485892 0.0518706 0.0537597 0.0545386 0.0545253 0.0540178 0.0532787 0.0525244 0.0519022 0.0514482 0.0510244 0.0502616 0.0485773 0.0453408 0.0401747 0.0332474 0.02534
 0.00517769 0.00848199 0.0129027 0.0184523 0.0249951 0.0321422 0.0392313 0.0454975 0.050359 0.0536015 0.0553468 0.0558906 0.0555636 0.054673 0.0534915 0.052251 0.0511237 0.0501805 0.0493254 0.0482339 0.0463648 0.0431159 0.0381139 0.0314976 0.0239867
 0.00541005 0.00886054 0.0134742 0.0192617 0.0260777 0.0335114 0.0408644 0.047329 0.0522874 0.0555069 0.0571091 0.0574031 0.0567386 0.0554415 0.0537992 0.0520547 0.0503933 0.0489089 0.047545 0.0460321 0.043891 0.0405702 0.0357151 0.0294359 0.022379
 0.00565393 0.00926049 0.0140825 0.020129 0.027243 0.0349867 0.0426188 0.0492845 0.0543308 0.0575117 0.0589558 0.0589885 0.0579776 0.0562652 0.0541523 0.0518932 0.0496841 0.0476362 0.0457255 0.0437368 0.0412618 0.0378168 0.0330818 0.0271457 0.0205772
 0.00589866 0.0096615 0.014692 0.0209981 0.0284122 0.0364707 0.0443908 0.0512695 0.0564153 0.059565 0.0608509 0.0606159 0.0592494 0.0571147 0.0545289 0.0517572 0.0490036 0.046392 0.0439252 0.0414388 0.0385967 0.0349906 0.0303474 0.0247434 0.0186713
 0.00613602 0.0100507 0.0152842 0.021843 0.0295494 0.0379146 0.0461153 0.053202 0.0584469 0.0615705 0.0627085 0.0622186 0.0605099 0.0579648 0.0549176 0.0516462 0.0483639 0.0452049 0.0421953 0.0392154 0.0359982 0.0322122 0.0276364 0.0223426 0.016753
 0.0063788 0.0104487 0.0158893 0.0227055 0.0307079 0.0393808 0.0478576 0.0551408 0.0604659 0.0635398 0.064506 0.0637423 0.0616811 0.058726 0.055228 0.0514765 0.047692 0.0440176 0.0404979 0.0370529 0.0334787 0.0295168 0.0249992 0.0199983 0.0148717
 0.0065984 0.0108106 0.0164429 0.0235 0.0317828 0.0407501 0.0494946 0.0569719 0.062381 0.0654129 0.0662166 0.0651881 0.0627836 0.0594299 0.055498 0.0512908 0.0470369 0.0428866 0.0389001 0.0350309 0.0311304 0.0270064 0.0225404 0.0178075 0.0131086
 0.00681028 0.011158 0.0169714 0.0242539 0.0327968 0.0420358 0.0510263 0.0586812 0.0641654 0.0671552 0.0678031 0.0665217 0.0637886 0.0600538 0.0557087 0.0510721 0.0463829 0.0417994 0.037395 0.0331514 0.0289666 0.0247054 0.0202929 0.0158066 0.0114975
 0.00706244 0.0115657 0.0175802 0.0251041 0.0339144 0.0434198 0.0526356 0.0604311 0.06594 0.0688301 0.069267 0.0676881 0.0645985 0.0604732 0.0557235 0.0506821 0.0455966 0.0406314 0.0358701 0.0313166 0.0269071 0.0225528 0.0182143 0.0139699 0.0100254
 0.00726325 0.0119028 0.0181068 0.0258745 0.0349709 0.044772 0.0542416 0.0621942 0.0677255 0.0704959 0.0706904 0.0687804 0.0653067 0.0607752 0.0556203 0.0501898 0.0447392 0.0394372 0.0343744 0.0295711 0.0249928 0.0205868 0.0163404 0.0123292 0.00871877
 0.00743734 0.0121858 0.0185335 0.0264788 0.0357814 0.0458035 0.0554838 0.0636025 0.0692211 0.071974 0.0720356 0.0698839 0.0660832 0.0611726 0.0556216 0.049806 0.043999 0.0383789 0.0330439 0.0280265 0.0233134 0.0188779 0.014725 0.0109246 0.00760613
 0.00749667 0.0122918 0.0187109 0.0267575 0.0361909 0.0463644 0.0561988 0.0644539 0.0701741 0.072982 0.0730437 0.0708281 0.0668916 0.0617721 0.0559496 0.0498214 0.0436879 0.0377537 0.0321395 0.0268985 0.0220384 0.017553 0.0134585 0.00981696 0.00672609
 0.00756331 0.0123861 0.018828 0.0268873 0.0363251 0.0465061 0.0563686 0.0646858 0.0705027 0.0734281 0.0736034 0.0714715 0.0675668 0.0624125 0.0564819 0.0501749 0.0438063 0.0376045 0.0317211 0.0262418 0.0212049 0.0166286 0.0125406 0.00899572 0.00606454
 0.0076422 0.0125084 0.0189998 0.027108 0.0365851 0.0467856 0.0566396 0.06492 0.0706844 0.0735653 0.0737276 0.0716238 0.067777 0.0626825 0.0567806 0.0504465 0.0439841 0.0376285 0.0315528 0.0258753 0.0206708 0.015989 0.0118758 0.00838403 0.00556327
 0.00773885 0.0126599 0.0192172 0.0273963 0.0369414 0.0471958 0.0570756 0.0653404 0.0710418 0.0738195 0.0738591 0.0716417 0.0677161 0.0625895 0.0566943 0.0503813 0.0439239 0.0375343 0.0313801 0.0255935 0.020278 0.0155153 0.011375 0.00791607 0.00517526
 0.00778774 0.0127403 0.0193395 0.0275704 0.0371737 0.0474856 0.0574111 0.0656975 0.0713878 0.0741187 0.0740806 0.0717657 0.0677385 0.0625242 0.0565696 0.050229 0.043766 0.0373733 0.0311996 0.02537 0.019997 0.0151835 0.0110207 0.00757898 0.00489081
 0.00779074 0.012742 0.0193366 0.0275596 0.0371542 0.0474627 0.0573983 0.0657139 0.0714511 0.0742372 0.0742478 0.0719606 0.0679325 0.0626897 0.0566888 0.0502973 0.043789 0.0373588 0.0311501 0.0252808 0.0198621 0.015005 0.0108143 0.00737037 0.00470647
 0.00782836 0.0127926 0.0193932 0.0276087 0.0371799 0.0474522 0.0573477 0.0656315 0.071356 0.0741555 0.0742051 0.0719743 0.0680053 0.0628085 0.0568291 0.0504322 0.0438974 0.0374289 0.0311775 0.0252646 0.0198034 0.0149089 0.0106923 0.00724012 0.00458674
 0.00787726 0.0128695 0.0195035 0.0277536 0.0373534 0.0476392 0.0575229 0.0657636 0.071418 0.0741355 0.0741132 0.0718393 0.0678637 0.0626912 0.0567522 0.0503945 0.0438851 0.0374234 0.0311622 0.0252291 0.0197439 0.0148276 0.0105969 0.0071424 0.00449863
 0.00786074 0.0128448 0.0194705 0.0277142 0.037312 0.0476018 0.0574962 0.0657526 0.071423 0.0741507 0.0741286 0.0718465 0.0678614 0.0626874 0.0567597 0.0504239 0.0439379 0.0374913 0.0312303 0.0252819 0.0197709 0.014826 0.0105711 0.00710194 0.00445457
 0.00788222 0.0128695 0.0194891 0.0277125 0.0372756 0.0475234 0.0573811 0.0656191 0.071296 0.0740532 0.0740738 0.0718353 0.0678852 0.0627339 0.0568191 0.0504918 0.0440136 0.0375735 0.0313136 0.0253573 0.0198286 0.0148599 0.0105814 0.0070941 0.00443702
 0.00788728 0.0128791 0.0195056 0.0277369 0.0373057 0.0475509 0.0573916 0.0655965 0.0712304 0.0739482 0.0739483 0.0717163 0.0677972 0.0626899 0.0568191 0.0505266 0.0440716 0.0376442 0.0313886 0.0254287 0.0198891 0.0149038 0.0106066 0.00710292 0.00443473
 0.00790264 0.0128996 0.0195282 0.0277567 0.0373173 0.0475516 0.0573819 0.0655786 0.0712054 0.0739135 0.0738995 0.0716523 0.0677243 0.0626216 0.0567704 0.0505077 0.0440841 0.0376824 0.0314425 0.025488 0.0199445 0.0149486 0.0106375 0.00712008 0.00444123
 0.00786149 0.0128384 0.0194467 0.0276579 0.0372068 0.0474351 0.0572651 0.0654676 0.0711076 0.0738378 0.0738534 0.0716395 0.0677432 0.0626667 0.0568362 0.0505905 0.044182 0.0377923 0.0315588 0.0256021 0.0200477 0.0150337 0.010701 0.00716234 0.00446593
 0.00784957 0.0128117 0.0193933 0.027564 0.0370613 0.0472371 0.0570291 0.0652223 0.0708871 0.0736707 0.0737557 0.0716138 0.0677822 0.0627583 0.0569663 0.0507457 0.0443505 0.0379647 0.0317272 0.0257592 0.0201864 0.0151483 0.0107883 0.00722312 0.0045041
 0.00784566 0.0128034 0.0193768 0.0275332 0.0370079 0.0471516 0.0569035 0.0650541 0.0706845 0.0734541 0.0735551 0.0714602 0.0676982 0.0627522 0.0570319 0.0508673 0.0445087 0.0381409 0.0319061 0.0259285 0.0203369 0.0152735 0.0108851 0.00729195 0.00454866
 0.00783193 0.0127815 0.0193447 0.0274891 0.0369503 0.0470794 0.0568159 0.0649509 0.070566 0.0733225 0.0734167 0.0713272 0.0675887 0.0626855 0.0570224 0.050919 0.0446145 0.0382853 0.0320701 0.0260943 0.0204898 0.0154037 0.0109874 0.00736582 0.00459738
 0.00779049 0.0127164 0.0192511 0.0273646 0.0367958 0.0469005 0.0566238 0.0647611 0.0703957 0.0731854 0.0733202 0.0712725 0.0675737 0.0627084 0.0570839 0.0510207 0.0447556 0.0384592 0.0322641 0.0262918 0.0206744 0.0155625 0.0111131 0.00745712 0.00465799
 0.00776133 0.0126636 0.0191621 0.0272252 0.0365952 0.0466376 0.0563125 0.0644312 0.0700853 0.0729315 0.073149 0.0711955 0.067588 0.0628016 0.0572389 0.051221 0.0449869 0.0387097 0.0325217 0.026543 0.0209048 0.0157597 0.0112694 0.00757114 0.00473402
 0.00772309 0.0126017 0.019069 0.0270937 0.0364186 0.0464119 0.0560394 0.0641209 0.0697589 0.0726195 0.072887 0.0710162 0.0675137 0.0628382 0.0573767 0.0514386 0.0452586 0.0390103 0.032829 0.0268384 0.0211727 0.0159877 0.0114501 0.00770334 0.00482263
 0.00768203 0.0125345 0.0189673 0.0269497 0.0362273 0.0461736 0.0557621 0.0638208 0.0694569 0.072338 0.0726467 0.0708367 0.0674124 0.0628289 0.0574651 0.0516192 0.0455142 0.0393157 0.0331563 0.0271609 0.0214683 0.0162402 0.0116507 0.00785057 0.00492173
 0.00769401 0.0125509 0.0189859 0.0269656 0.0362331 0.0461602 0.0557201 0.063742 0.0693373 0.0721796 0.0724588 0.0706354 0.0672188 0.0626664 0.0573554 0.0515787 0.0455498 0.0394222 0.0333176 0.027354 0.0216684 0.0164257 0.0118064 0.0079694 0.00500411
 0.00765145 0.0124878 0.0189023 0.0268654 0.0361227 0.046046 0.0556072 0.0636335 0.0692345 0.0720826 0.0723678 0.0705515 0.0671458 0.0626108 0.0573271 0.0515887 0.0456072 0.0395303 0.0334712 0.0275389 0.0218645 0.0166121 0.0119663 0.00809338 0.00509105
 0.00762832 0.0124497 0.0188444 0.0267839 0.0360165 0.0459194 0.0554708 0.0635025 0.0691242 0.0720023 0.0723182 0.070526 0.0671352 0.0626087 0.0573327 0.051607 0.0456467 0.0395991 0.0335726 0.0276691 0.0220119 0.0167605 0.0120999 0.00820119 0.00516903
 0.00762992 0.0124518 0.0188464 0.0267843 0.0360128 0.0459078 0.055447 0.0634635 0.0690698 0.0719368 0.0722492 0.0704614 0.0670803 0.0625649 0.0572989 0.0515831 0.0456354 0.0396061 0.0336037 0.0277263 0.0220909 0.0168514 0.01219 0.00827933 0.00522878
 0.00761804 0.0124347 0.0188249 0.0267604 0.0359891 0.0458865 0.0554286 0.0634466 0.0690516 0.0719144 0.0722208 0.0704279 0.0670452 0.0625326 0.0572737 0.0515673 0.0456307 0.0396142 0.0336269 0.0277662 0.0221465 0.0169173 0.0122579 0.00834059 0.00527735
 0.00759551 0.0124001 0.0187766 0.0266988 0.0359168 0.0458085 0.0553523 0.0633805 0.0690034 0.0718881 0.0722156 0.0704388 0.0670655 0.0625572 0.0572999 0.0515951 0.0456614 0.0396497 0.0336689 0.0278158 0.022203 0.016978 0.0123176 0.00839361 0.00531947
 0.00756196 0.012346 0.0186963 0.0265881 0.0357746 0.0456392 0.0551675 0.0631989 0.0688469 0.0717762 0.0721606 0.0704432 0.0671226 0.062654 0.0574211 0.0517269 0.0457937 0.0397767 0.0337881 0.0279263 0.0223042 0.0170686 0.0123955 0.00845655 0.00536642
 0.00754256 0.0123126 0.0186425 0.026507 0.0356604 0.0454899 0.054988 0.0630015 0.0686506 0.0716028 0.0720304 0.0703714 0.0671164 0.0627111 0.057531 0.0518734 0.0459593 0.039946 0.03395 0.0280739 0.0224341 0.0171788 0.012485 0.00852543 0.0054158
 0.00752668 0.0122883 0.0186088 0.0264632 0.0356056 0.0454224 0.054905 0.0629009 0.0685327 0.0714732 0.0719005 0.0702571 0.0670346 0.0626752 0.0575473 0.0519398 0.0460657 0.0400778 0.0340917 0.0282124 0.0225599 0.0172863 0.0125718 0.00859113 0.00546214
 0.00754823 0.0123181 0.0186439 0.0264977 0.0356321 0.0454348 0.0548998 0.0628774 0.0684911 0.0714133 0.0718224 0.0701632 0.066932 0.0625768 0.0574681 0.0518928 0.0460578 0.0401078 0.0341511 0.0282891 0.0226416 0.0173631 0.0126371 0.00864212 0.00549865
 0.00750964 0.0122665 0.0185864 0.0264469 0.0356017 0.0454323 0.0549225 0.0629127 0.0685227 0.0714283 0.0718153 0.0701354 0.066889 0.0625258 0.0574177 0.0518528 0.0460375 0.0401132 0.0341832 0.0283425 0.0227069 0.01743 0.0126972 0.0086904 0.00553363
 0.00747601 0.0122083 0.0184934 0.02631 0.0354181 0.045212 0.0546913 0.0627076 0.0683794 0.0713668 0.0718331 0.0702124 0.0669985 0.0626454 0.0575341 0.0519619 0.0461411 0.0402158 0.0342881 0.0284498 0.0228127 0.0175279 0.0127808 0.00875556 0.00557983
 0.00749351 0.0122325 0.0185213 0.026335 0.03543 0.0451991 0.0546432 0.06262 0.0682585 0.0712307 0.0717076 0.0701212 0.0669543 0.0626458 0.0575664 0.0520106 0.0461952 0.0402708 0.0343442 0.0285084 0.0228736 0.0175881 0.0128356 0.00880093 0.00561358
 0.00750535 0.0122547 0.0185597 0.0263958 0.0355167 0.0453082 0.0547616 0.0627256 0.0683262 0.0712414 0.0716559 0.0700181 0.0668232 0.0625134 0.0574536 0.0519271 0.0461405 0.0402391 0.0343295 0.0285069 0.0228826 0.0176049 0.0128566 0.008822 0.00563149
 0.00750535 0.0122547 0.0185597 0.0263958 0.0355167 0.0453082 0.0547616 0.0627256 0.0683262 0.0712414 0.0716559 0.0700181 0.0668232 0.0625134 0.0574536 0.0519271 0.0461405 0.0402391 0.0343295 0.0285069 0.0228826 0.0176049 0.0128566 0.008822 0.00563149
 0.0071751 0.0117323 0.0178032 0.0253829 0.0342571 0.0438584 0.053235 0.0612841 0.0671463 0.0704664 0.07136 0.0701968 0.0674099 0.0634076 0.0585461 0.053117 0.0473427 0.0413866 0.035373 0.0294137 0.0236353 0.0181997 0.0133014 0.00913414 0.00583514
 0.0071366 0.0116325 0.0175845 0.0249699 0.0335767 0.0428718 0.0519673 0.0598342 0.0656705 0.0691439 0.0703539 0.0696233 0.0673196 0.0637815 0.0593073 0.0541533 0.048532 0.0426163 0.0365515 0.030474 0.0245356 0.0189207 0.0138439 0.00951544 0.00608361
 0.00706981 0.011532 0.0174454 0.0247853 0.0333292 0.0425258 0.0514706 0.0591355 0.0647507 0.0680455 0.0691904 0.0685584 0.0665228 0.0633813 0.0593594 0.0546338 0.0493526 0.0436524 0.0376718 0.0315635 0.0255086 0.0197257 0.0144622 0.00995521 0.00637198
 0.00702852 0.0114669 0.0173518 0.0246606 0.033174 0.0423425 0.0512599 0.0588896 0.0644464 0.0676471 0.0686669 0.0679121 0.065812 0.0627182 0.058879 0.0544475 0.0495102 0.0441285 0.0383798 0.0323863 0.0263309 0.0204581 0.0150527 0.0103887 0.00666205
 0.00695906 0.0113588 0.0171983 0.024459 0.0329266 0.0420578 0.0509529 0.0585803 0.0641542 0.0673816 0.0684204 0.0676618 0.0655345 0.0624118 0.0585817 0.0542347 0.0494676 0.0443153 0.0387997 0.0329839 0.0270126 0.0211244 0.0156264 0.0108298 0.00696681
 0.00693414 0.0113183 0.0171371 0.0243727 0.0328119 0.0419143 0.0507843 0.0583948 0.0639627 0.0671943 0.0682437 0.0674943 0.0653671 0.0622332 0.0583897 0.0540487 0.0493333 0.0442914 0.0389321 0.0332804 0.0274343 0.0216002 0.0160802 0.0112059 0.00724116
 0.00697704 0.0113901 0.0172484 0.0245327 0.0330244 0.0421714 0.0510626 0.0586571 0.0641661 0.0673027 0.0682365 0.0673697 0.0651375 0.0619191 0.0580155 0.0536435 0.0489353 0.0439487 0.038695 0.0331838 0.0274818 0.0217598 0.0162968 0.0114235 0.00742083
 0.00700872 0.0114502 0.0173546 0.0247064 0.0332847 0.0425264 0.0515004 0.0591424 0.0646449 0.067713 0.0685218 0.0674894 0.0650746 0.0616818 0.0576329 0.0531592 0.0484012 0.0434209 0.0382292 0.0328269 0.0272596 0.021669 0.0163073 0.0114908 0.0075035
 0.00715804 0.011691 0.0177129 0.025204 0.0339338 0.0433211 0.052408 0.0601004 0.0655681 0.0685083 0.0691042 0.0677957 0.0650716 0.0613706 0.0570475 0.0523606 0.0474677 0.0424386 0.037282 0.0319878 0.0265809 0.0211735 0.0159859 0.0113097 0.00741813
 0.00714161 0.011683 0.0177359 0.0252916 0.0341235 0.0436423 0.0528708 0.0606898 0.066246 0.0692198 0.0697836 0.0683732 0.0654805 0.0615576 0.0569835 0.0520482 0.046943 0.0417655 0.0365415 0.0312632 0.0259429 0.0206678 0.0156271 0.011084 0.00729398
 0.00706646 0.0115581 0.0175449 0.0250233 0.033781 0.0432545 0.0524982 0.0604166 0.0661564 0.0693677 0.0701727 0.0689539 0.0661655 0.0622429 0.0575707 0.0524618 0.0471436 0.0417551 0.0363599 0.0309756 0.0256216 0.020374 0.0153983 0.0109308 0.00720637
 0.00707492 0.0115608 0.0175281 0.0249664 0.0336609 0.0430537 0.052215 0.0600733 0.0658017 0.0690713 0.0700095 0.0689812 0.0664014 0.0626554 0.0580848 0.0529809 0.0475761 0.0420386 0.0364739 0.030941 0.0254881 0.0202005 0.0152339 0.0108041 0.00712436
 0.00708917 0.0115856 0.0175675 0.0250224 0.0337302 0.043123 0.0522594 0.0600614 0.065708 0.0688909 0.0697687 0.0687358 0.0662201 0.0625963 0.0581712 0.0531911 0.0478504 0.0423015 0.0366615 0.0310217 0.0254677 0.020112 0.0151198 0.0106988 0.00704597
 0.00709337 0.0115933 0.0175809 0.0250445 0.0337642 0.0431713 0.0523211 0.0601293 0.0657664 0.0689177 0.0697421 0.0686463 0.0660808 0.0624441 0.0580551 0.0531508 0.0478972 0.0424122 0.0367899 0.0311203 0.0255083 0.0200938 0.0150627 0.0106295 0.0069851
 0.00704962 0.0115222 0.0174744 0.0248965 0.0335736 0.0429455 0.052079 0.0598996 0.0655809 0.0688006 0.0697013 0.0686718 0.0661512 0.0625387 0.0581648 0.0532809 0.0480593 0.04261 0.0370096 0.0313333 0.0256837 0.0202131 0.0151259 0.0106509 0.00698373
