SBPRF35
7.78865
Curr Bio
605163
B35
673371
F35
0.225639
FOFL
0.209512
OFL
99711.2
Bzero
2.22533e+006
#pred survey bio
 3.72999e+006 3.28988e+006 2.93449e+006 2.61414e+006 2.29791e+006 2.03435e+006 1.81211e+006 1.58639e+006 1.39516e+006 1.21991e+006 1.0569e+006 941402 847380 796169 742751 699830 670645 635301 611620 595856 591070 591112 591636 596380 600971 612043 616351 607690 602740 596331 581418 566319 542953 538427 530713 536272 543284 540788 546806 555170 567900 575498 574787 582783 597372 606808 2.20202e+007 1.34013e+007 1.37007e+007 1.42155e+007 1.48271e+007 1.54217e+007 1.59398e+007 1.63615e+007 1.66899e+007 1.69384e+007 1.71231e+007 1.72589e+007 1.73582e+007 1.74309e+007 1.74841e+007 1.75233e+007 1.75523e+007 1.75738e+007 1.75899e+007 1.76019e+007 1.76111e+007 1.7618e+007 1.76232e+007 1.76272e+007 1.76303e+007 1.76327e+007 1.76345e+007 1.76358e+007 1.76369e+007 1.76377e+007 1.76384e+007 1.76389e+007 1.76392e+007 1.76395e+007 1.76398e+007 1.76399e+007 1.76401e+007 1.76402e+007 1.76403e+007 1.76403e+007 1.76404e+007 1.76404e+007 1.76404e+007 1.76405e+007 1.76405e+007 1.76405e+007 1.76405e+007 1.76405e+007 1.76405e+007 1.76405e+007 1.76405e+007 1.76405e+007 1.76405e+007 1.76405e+007 1.76405e+007 1.76405e+007 1.76405e+007 1.76405e+007 1.76405e+007 1.76405e+007 1.76405e+007 1.76405e+007 1.76405e+007 1.76405e+007 1.76405e+007 1.76405e+007 1.76405e+007 1.76405e+007 1.76405e+007 1.76405e+007 1.76405e+007 1.76405e+007 1.76405e+007 1.76405e+007 1.76405e+007 1.76405e+007 1.76405e+007 1.76405e+007 1.76405e+007 1.76405e+007 1.76405e+007 1.76405e+007 1.76405e+007 1.76405e+007 1.76405e+007 1.76405e+007 1.76405e+007 1.76405e+007 1.76405e+007 1.76405e+007 1.76405e+007 1.76405e+007 1.76405e+007 1.76405e+007 1.76405e+007 1.76405e+007 1.76405e+007 1.76405e+007 1.76405e+007 1.76405e+007 0 0 0 0 0 0 0 0 0 0 0 0 0 0 0 0 0 0 0 0 0 0 0 0 0
#obs survey bio
 3.66218e+006 2.56615e+006 2.99116e+006 2.41058e+006 1.69466e+006 2.5846e+006 1.71136e+006 1.51056e+006 928546 1.41962e+006 1.05662e+006 924950 787742 610007 619919 636104 559994 1.07993e+006 594565 551733 510681 529887 607786 577417 628141 474722 604054 792261 632638 499444 710152 609114 554643 549179 707980 560523 535601 449340 623735 457444 515788 896074 496078 574683 578976 636533
#pred catch bio
 304974 266755 272280 302608 285365 273188 295557 278885 273106 265112 223870 204182 165952 166295 154678 140106 141661 127506 117925 107678 103880 103661 99570.6 98628.4 92048 96121.5 103930 96864.7 94257 97241.9 92988.5 97983.7 84570.2 91901.7 83492.8 83622.6 92220.6 85963.1 85824.1 84555.1 90658 98134.6 92103.2 89825.9 98123.6 90541.3 99711.2 107541 108810 111689 115742 119820 123326 126084 128134 129596 130607 131291 131745 132042 132234 132357 132436 132486 132517 132537 132549 132557 132562 132565 132567 132568 132569 132569 132570 132570 132570 132570 132570 132570 132570 132570 132570 132570 132570 132570 132570 132570 132570 132570 132570 132570 132570 132570 132570 132570 132570 132570 132570 132570 132570 132570 132570 132570 132570 132570 132570 132570 132570 132570 132570 132570 132570 132570 132570 132570 132570 132570 132570 132570 132570 132570 132570 132570 132570 132570 132570 132570 132570 132570 132570 132570 132570 132570 132570 132570 132570 132570 132570 132570 132570 132570 132570 132570 132570 132570 0 0 0 0 0 0 0 0 0 0 0 0 0 0 0 0 0 0 0 0 0 0 0 0 0
#obs catch bio
 247611 267476 273403 304833 288026 276060 300788 282970 280256 270541 227227 207748 167356 168068 157127 141564 144064 128343 118622 108290 104858 105024 100659 99502 92469.3 96862.7 104303 96905.5 94064.4 97179.6 92546.1 97569.5 83889.1 91414.8 83036.8 82972.9 91411.7 85413.8 85438.6 84300.3 90801.4 97605.1 91624.4 89537 98245.2 90460.3
#pred cpue bio
 3.65804e+006 3.22076e+006 2.86707e+006 2.54795e+006 2.23372e+006 1.9716e+006 1.7508e+006 1.52744e+006 1.33853e+006 1.16632e+006 1.00697e+006 894122 802522 752757 700950 659575 631717 598150 575958 560993 556214 556046 556615 561625 566608 577824 582654 575115 571234 565878 552289 538425 515273 509015 500089 505320 512468 510060 515549 523203 535041 542310 541684 548941 562152 570364 2.07104e+007 1.26167e+007 1.28617e+007 1.33013e+007 1.38857e+007 1.44743e+007 1.49912e+007 1.54127e+007 1.57411e+007 1.59896e+007 1.61743e+007 1.63101e+007 1.64095e+007 1.64821e+007 1.65354e+007 1.65745e+007 1.66035e+007 1.6625e+007 1.66411e+007 1.66532e+007 1.66623e+007 1.66692e+007 1.66745e+007 1.66785e+007 1.66815e+007 1.66839e+007 1.66857e+007 1.66871e+007 1.66881e+007 1.6689e+007 1.66896e+007 1.66901e+007 1.66905e+007 1.66908e+007 1.6691e+007 1.66912e+007 1.66913e+007 1.66914e+007 1.66915e+007 1.66915e+007 1.66916e+007 1.66916e+007 1.66917e+007 1.66917e+007 1.66917e+007 1.66917e+007 1.66917e+007 1.66917e+007 1.66917e+007 1.66917e+007 1.66917e+007 1.66917e+007 1.66917e+007 1.66917e+007 1.66917e+007 1.66917e+007 1.66917e+007 1.66918e+007 1.66918e+007 1.66918e+007 1.66918e+007 1.66918e+007 1.66918e+007 1.66918e+007 1.66918e+007 1.66918e+007 1.66918e+007 1.66918e+007 1.66918e+007 1.66918e+007 1.66918e+007 1.66918e+007 1.66918e+007 1.66918e+007 1.66918e+007 1.66918e+007 1.66918e+007 1.66918e+007 1.66918e+007 1.66918e+007 1.66918e+007 1.66918e+007 1.66918e+007 1.66918e+007 1.66918e+007 1.66918e+007 1.66918e+007 1.66918e+007 1.66918e+007 1.66918e+007 1.66918e+007 1.66918e+007 1.66918e+007 1.66918e+007 1.66918e+007 1.66918e+007 1.66918e+007 1.66918e+007 1.66918e+007 1.66918e+007 0 0 0 0 0 0 0 0 0 0 0 0 0 0 0 0 0 0 0 0 0 0 0 0 0
#obs cpue bio
 3.17401e+006 2.15409e+006 2.5272e+006 2.49568e+006 1.96741e+006 1.17623e+006 1.22558e+006 1.56962e+006 815624 1.25497e+006 923918 684224 948260 861539 493187 747303 482006 505595 549547 516910 428638 416190 498941 612742 596018 558054 893537 494209 667679 668831 599949 599294 624160 534578 367490 642907 698137 514295 442104 557928 427803 684271 608748 474682 479091 545174
#pred surv len freq
 0.00506359 0.00821334 0.0123485 0.0174497 0.0234013 0.0299115 0.0364747 0.0424823 0.0474388 0.0511187 0.0535629 0.0549687 0.0555824 0.0556351 0.0553093 0.0547243 0.0539404 0.0529666 0.0517429 0.0500889 0.0476648 0.0440337 0.0388732 0.0322494 0.0247546
 0.00553744 0.00891703 0.0132892 0.0186055 0.0247471 0.0314492 0.03824 0.0445092 0.0496965 0.0534611 0.0557316 0.0566604 0.0565494 0.0557671 0.0546574 0.0534633 0.0522921 0.0511204 0.0498046 0.0480785 0.0455637 0.0418533 0.0367008 0.0302388 0.0230662
 0.00577436 0.0093408 0.0139941 0.0196922 0.0262872 0.0334396 0.0405744 0.0469995 0.0521402 0.0557098 0.0577067 0.0583076 0.0577794 0.0564434 0.0546459 0.0527045 0.050841 0.0491252 0.047446 0.045513 0.0429075 0.0392081 0.0341869 0.0279997 0.0212328
 0.00606972 0.00979629 0.0146386 0.0205487 0.0273851 0.0348223 0.0422895 0.0490648 0.0545011 0.0582187 0.0601461 0.0604497 0.0594431 0.0575113 0.0550456 0.0523888 0.0497946 0.0473907 0.0451367 0.0427976 0.0399805 0.0362678 0.0314254 0.0255892 0.0192981
 0.00642016 0.01036 0.0154743 0.0217035 0.0288824 0.0366472 0.0443793 0.051317 0.0568008 0.060464 0.0622519 0.0623269 0.0609793 0.0585757 0.0555142 0.0521704 0.0488444 0.045717 0.0428089 0.0399537 0.0368228 0.0330417 0.0283846 0.0229524 0.0172073
 0.00668704 0.0107975 0.0161402 0.0226557 0.0301693 0.0382911 0.0463564 0.0535455 0.0591477 0.0627702 0.0643643 0.0641239 0.0623775 0.0595173 0.0559462 0.0520332 0.0480798 0.0442909 0.0407395 0.0373338 0.0338278 0.0299153 0.0253983 0.0203483 0.0151435
 0.00689947 0.0111444 0.0166662 0.0234064 0.0311861 0.0396016 0.0479607 0.0554052 0.061183 0.0648658 0.066382 0.0659206 0.0638257 0.0605211 0.0564451 0.0519912 0.0474712 0.0430979 0.0389682 0.0350435 0.031155 0.0270738 0.0226456 0.0179257 0.0132146
 0.00718466 0.0116028 0.0173466 0.0243516 0.0324261 0.0411425 0.0497716 0.0574127 0.0632777 0.0669197 0.068266 0.0675167 0.0650349 0.0612685 0.0566829 0.0516972 0.0466424 0.0417442 0.0371164 0.0327543 0.0285468 0.0243316 0.0199998 0.0155993 0.0113629
 0.00728876 0.0118033 0.0177065 0.0249493 0.0333381 0.0424147 0.051393 0.0593055 0.0653117 0.0689411 0.0701254 0.0690872 0.0662205 0.0620052 0.0569354 0.0514528 0.0459048 0.0405306 0.0354607 0.0307195 0.0262407 0.021915 0.0176704 0.0135499 0.00972976
 0.00746483 0.0120785 0.0181029 0.0254873 0.034042 0.0433161 0.0525247 0.0606838 0.0669119 0.0706804 0.0718659 0.0706633 0.0674767 0.062829 0.0572688 0.0512853 0.0452564 0.0394382 0.0339739 0.0289081 0.024207 0.0198006 0.0156439 0.0117735 0.00831696
 0.00778626 0.0125795 0.0188159 0.0264263 0.0351987 0.0446575 0.0539912 0.0621948 0.068382 0.0720365 0.0730535 0.071637 0.068187 0.063219 0.0572862 0.0508983 0.0444638 0.0382681 0.0324781 0.0271598 0.0223049 0.01787 0.0138266 0.010201 0.00707787
 0.00794557 0.0128469 0.0192332 0.0270355 0.0360312 0.0457167 0.0552376 0.063544 0.0697216 0.073255 0.0740663 0.0723975 0.0686812 0.0634488 0.0572526 0.0505938 0.0438771 0.0373965 0.0313402 0.0258032 0.0208087 0.0163402 0.0123824 0.00895082 0.00609324
 0.00819319 0.0132199 0.0197409 0.0276712 0.0367793 0.0465628 0.0561708 0.0645488 0.0707635 0.0742721 0.0749743 0.073109 0.0691302 0.0636062 0.0571247 0.0502075 0.043262 0.0365768 0.0303387 0.0246537 0.0195666 0.0150847 0.0112058 0.00793804 0.00529936
 0.00827198 0.0133483 0.0199337 0.0279396 0.037126 0.0469763 0.0566248 0.0650097 0.0712059 0.0746905 0.0753809 0.0735154 0.0695265 0.0639547 0.0573714 0.0503019 0.0431715 0.0362903 0.0298641 0.0240163 0.0188107 0.0142739 0.0104152 0.00723904 0.00474135
 0.00830123 0.013413 0.0200628 0.0281699 0.0374927 0.0474972 0.0572854 0.065758 0.0719619 0.0753676 0.0759091 0.073859 0.0696875 0.0639604 0.0572546 0.0500836 0.0428569 0.0358756 0.029348 0.0234095 0.0181408 0.0135847 0.00976031 0.00666927 0.00429127
 0.00838337 0.013528 0.020203 0.0283211 0.0376433 0.0476509 0.0574668 0.066004 0.0723007 0.0757964 0.0763862 0.074315 0.0700513 0.0641838 0.0573228 0.0500092 0.0426642 0.0355866 0.0289783 0.0229729 0.0176569 0.0130841 0.00928165 0.00625051 0.00395897
 0.00825347 0.013352 0.020002 0.0281338 0.0375121 0.0476021 0.057499 0.0660942 0.0724255 0.0759513 0.0765873 0.0745817 0.0703822 0.0645473 0.0576663 0.0502807 0.0428294 0.0356337 0.0289129 0.022811 0.0174216 0.0128047 0.00899206 0.00598379 0.00373986
 0.00831093 0.0134197 0.0200588 0.0281496 0.0374636 0.0474917 0.0573644 0.065997 0.0724208 0.0760588 0.0767838 0.0748197 0.0706179 0.0647559 0.0578388 0.0504109 0.0429066 0.0356457 0.0288527 0.022682 0.0172379 0.0125886 0.00876993 0.00578057 0.00357369
 0.00850969 0.0137012 0.0204037 0.0285099 0.0377712 0.0476768 0.057376 0.0658199 0.0720854 0.0756381 0.0763743 0.0745085 0.0704533 0.064737 0.0579281 0.0505569 0.043062 0.0357742 0.0289308 0.0226988 0.0171953 0.0124998 0.00865559 0.00566295 0.00347072
 0.00869802 0.0139919 0.0208101 0.029028 0.0383732 0.0483063 0.0579475 0.0662312 0.072246 0.0755038 0.0759696 0.0739227 0.0698098 0.0641518 0.0574762 0.05026 0.0428976 0.0356972 0.0288938 0.0226654 0.0171456 0.0124294 0.00857153 0.00557761 0.00339587
 0.00875557 0.0140874 0.0209571 0.0292398 0.0386587 0.0486637 0.0583569 0.0666506 0.072614 0.0757517 0.0760402 0.0737904 0.0694946 0.0637173 0.0570097 0.0498434 0.0425817 0.0354928 0.0287798 0.022606 0.0171077 0.012392 0.0085276 0.00553007 0.00335143
 0.00864928 0.01394 0.0207826 0.0290684 0.03853 0.0486149 0.0584118 0.0668137 0.0728696 0.0760655 0.0763629 0.0740656 0.0696724 0.0637701 0.0569429 0.0496937 0.0424025 0.0353325 0.0286655 0.0225402 0.0170755 0.0123749 0.0085123 0.00551172 0.00333143
 0.00851745 0.013736 0.0204965 0.028702 0.0381014 0.0481621 0.057993 0.0664991 0.0727227 0.0761211 0.0766128 0.0744606 0.0701378 0.0642275 0.05733 0.0499774 0.0425822 0.035432 0.0287183 0.022574 0.0171047 0.0124013 0.00853248 0.00552303 0.0033346
 0.00842543 0.0135811 0.0202542 0.028348 0.0376196 0.0475562 0.0572982 0.065785 0.0720837 0.075655 0.0763966 0.0745296 0.070476 0.0647712 0.0579865 0.0506502 0.0431946 0.0359408 0.0291134 0.0228674 0.0173171 0.0125519 0.00863555 0.00558926 0.00337335
 0.00837394 0.0134953 0.0201205 0.0281509 0.0373427 0.047186 0.0568304 0.0652322 0.0714816 0.0750642 0.075896 0.0742007 0.0703807 0.0649324 0.0583786 0.051206 0.0438254 0.0365614 0.0296614 0.0233116 0.0176528 0.0127913 0.00879717 0.00569216 0.00343441
 0.00816577 0.0131848 0.0197051 0.0276454 0.0367741 0.0465845 0.0562228 0.064642 0.0709325 0.0745837 0.0755179 0.0739644 0.0703263 0.0650907 0.0587577 0.0517814 0.0445391 0.0373336 0.0304101 0.0239715 0.0181869 0.013191 0.00907504 0.00587172 0.00354196
 0.00796064 0.0128676 0.0192593 0.0270698 0.0360864 0.0458234 0.0554481 0.0639273 0.0703478 0.074176 0.0753008 0.0739249 0.0704422 0.0653456 0.0591452 0.0522966 0.0451655 0.038034 0.031129 0.0246478 0.0187699 0.0136516 0.0094089 0.00609392 0.00367762
 0.00785765 0.0127035 0.0190188 0.0267419 0.035667 0.0453201 0.0548855 0.0633479 0.0698067 0.0737292 0.0749919 0.0737753 0.0704498 0.0654916 0.0594056 0.0526517 0.0456003 0.0385321 0.0316641 0.0251819 0.0192604 0.0140636 0.00972416 0.00631317 0.00381604
 0.0077877 0.0125819 0.0188214 0.0264419 0.0352419 0.0447626 0.0542134 0.0626078 0.0690677 0.0730695 0.0744833 0.0734711 0.0703759 0.0656438 0.0597534 0.0531481 0.0461948 0.039178 0.0323205 0.0258113 0.0198279 0.0145405 0.010094 0.00657577 0.00398567
 0.00759994 0.0123072 0.0184636 0.0260213 0.0347857 0.0442911 0.0537324 0.0621134 0.0685603 0.0725679 0.0740297 0.0731232 0.0701899 0.0656575 0.0599759 0.0535586 0.0467496 0.0398217 0.0329965 0.0264683 0.0204235 0.0150436 0.0104879 0.00685934 0.00417198
 0.00758887 0.0122661 0.0183609 0.0258181 0.0344513 0.0438235 0.053171 0.0615309 0.0680341 0.0721488 0.0737291 0.0729256 0.070079 0.0656338 0.0600564 0.0537622 0.0470809 0.0402629 0.0335099 0.0270059 0.0209372 0.0154942 0.0108508 0.00712685 0.00435153
 0.00824637 0.0131912 0.0194854 0.0269844 0.0354511 0.0444656 0.0533403 0.0612141 0.0673095 0.0711551 0.0726267 0.0718583 0.0691464 0.0648843 0.0594996 0.0533905 0.0468827 0.0402238 0.0336067 0.0272028 0.0211897 0.0157571 0.0110875 0.00731535 0.00448544
 0.00902301 0.0144116 0.021234 0.0292859 0.0382366 0.0475371 0.0563581 0.0637416 0.0689296 0.0716099 0.0719025 0.0701697 0.0668381 0.062314 0.0569564 0.0510651 0.0448777 0.03858 0.0323254 0.0262591 0.0205393 0.0153424 0.0108461 0.00718915 0.00442748
 0.00890894 0.0143393 0.0213344 0.0297505 0.0392668 0.0492604 0.0587473 0.0665799 0.0718405 0.0741415 0.0736405 0.0708451 0.066397 0.0609189 0.0549185 0.0487395 0.0425715 0.0365038 0.0305909 0.0249004 0.019539 0.0146524 0.0104029 0.00692593 0.00428404
 0.00862798 0.013923 0.0207908 0.0291344 0.0386918 0.048901 0.0588203 0.0672901 0.0732927 0.0762562 0.0761259 0.0732612 0.0682897 0.0619644 0.0550117 0.0479965 0.041258 0.0349318 0.0290305 0.0235331 0.018452 0.0138588 0.00986848 0.0065943 0.00409512
 0.00850258 0.013691 0.0203924 0.0285043 0.0377858 0.0477359 0.0575096 0.066051 0.072408 0.0759971 0.0766589 0.0745731 0.070165 0.064036 0.0568744 0.0493375 0.0419436 0.0350163 0.028694 0.0229928 0.0178888 0.0133829 0.00952166 0.00637078 0.00396645
 0.00855901 0.0137589 0.0204478 0.028503 0.0376662 0.0474302 0.0569635 0.065251 0.0714117 0.0749505 0.0757821 0.074103 0.0702691 0.0647355 0.0580198 0.0506552 0.0431373 0.0358715 0.0291367 0.0230799 0.0177505 0.0131548 0.00930053 0.00620293 0.00385922
 0.0086971 0.0139783 0.0207664 0.028928 0.0381857 0.0480019 0.0575076 0.0656565 0.0715623 0.0747661 0.0752596 0.0733366 0.0694352 0.0640391 0.0576188 0.0505978 0.0433459 0.0361869 0.0293966 0.0231868 0.0176945 0.0129907 0.00910221 0.00602731 0.00373213
 0.008786 0.0141109 0.0209444 0.0291467 0.038437 0.048278 0.0578003 0.0659504 0.071826 0.0749482 0.0752985 0.0731848 0.0690898 0.0635593 0.0571156 0.050193 0.0431195 0.0361428 0.0294691 0.0232828 0.0177425 0.0129671 0.00902541 0.00593276 0.00364901
 0.00883948 0.0141975 0.0210733 0.0293248 0.0386654 0.0485486 0.0580939 0.0662392 0.0720803 0.075143 0.0754144 0.0732042 0.0689961 0.0633457 0.0567996 0.0498238 0.0427666 0.0358676 0.0292974 0.0231978 0.0177022 0.0129323 0.00897777 0.00587516 0.00359372
 0.00860434 0.0138694 0.0206802 0.0289268 0.0383391 0.04836 0.0580762 0.0663861 0.072355 0.075494 0.0757893 0.0735581 0.0692938 0.0635626 0.0569227 0.0498558 0.0427288 0.0357958 0.0292283 0.0231537 0.0176844 0.0129276 0.00897179 0.00586146 0.00357453
 0.00859288 0.0138203 0.0205533 0.0286753 0.0379322 0.0478136 0.0574704 0.0658508 0.0720225 0.0754436 0.0760173 0.0739887 0.0698183 0.06408 0.0573634 0.0501866 0.0429468 0.0359193 0.0292871 0.0231779 0.0176957 0.0129354 0.00897675 0.00586176 0.00357016
 0.00885856 0.0142088 0.0210548 0.0292459 0.0384982 0.0482844 0.0577579 0.0658932 0.0718099 0.0750318 0.0755157 0.0735189 0.0694657 0.0638666 0.0572561 0.0501278 0.0428866 0.0358324 0.0291732 0.0230521 0.0175766 0.0128362 0.00890231 0.00581 0.00353611
 0.00904915 0.014508 0.0214832 0.0298099 0.0391817 0.0490403 0.0585024 0.0665136 0.072191 0.0750943 0.0752479 0.0729849 0.0687844 0.06317 0.0566456 0.0496498 0.0425353 0.0355731 0.028969 0.0228797 0.0174285 0.0127139 0.00880822 0.00574344 0.00349278
 0.00907613 0.0145652 0.021594 0.0300042 0.0394886 0.0494752 0.0590538 0.0671357 0.0728066 0.0756085 0.0755694 0.0730519 0.0685858 0.0627521 0.056098 0.0490742 0.0420124 0.0351444 0.0286388 0.0226312 0.0172411 0.0125726 0.00870413 0.00567062 0.0034454
 0.00883855 0.0142423 0.0212257 0.0296691 0.0392848 0.0494876 0.0593255 0.0676555 0.0735145 0.0764095 0.0763512 0.0737026 0.069015 0.0629112 0.0559927 0.0487609 0.0415786 0.0346799 0.0282114 0.0222768 0.0169677 0.0123723 0.00856367 0.00557663 0.00338614
#obs surv len freq
 0.0049782 0.00815327 0.0123998 0.0177306 0.0240189 0.0308985 0.037743 0.0438282 0.0486024 0.0518642 0.0537326 0.0544948 0.0544733 0.0539673 0.0532378 0.0524974 0.0518894 0.0514471 0.0510313 0.0502731 0.0485908 0.0453545 0.0401873 0.0332581 0.0253481
 0.00518421 0.00849214 0.0129172 0.0184717 0.0250198 0.0321724 0.0392665 0.0455362 0.0503975 0.0536342 0.0553668 0.0558923 0.0555446 0.054636 0.0534437 0.0522013 0.0510801 0.0501474 0.0493036 0.0482214 0.0463588 0.0431136 0.0381135 0.0314979 0.0239871
 0.0054122 0.00886543 0.0134841 0.0192794 0.0261058 0.033551 0.040914 0.047385 0.0523447 0.0555599 0.0571528 0.0574328 0.0567503 0.0554325 0.0537696 0.0520085 0.0503375 0.0488517 0.0474927 0.0459882 0.043856 0.0405431 0.0356944 0.0294204 0.0223679
 0.00565445 0.00926093 0.0140826 0.0201285 0.0272425 0.0349878 0.0426247 0.0492987 0.0543557 0.0575474 0.058999 0.0590335 0.0580174 0.0562934 0.0541642 0.051887 0.0496612 0.0476014 0.0456852 0.0436974 0.0412275 0.0377894 0.0330614 0.0271312 0.0205675
 0.00588059 0.00963407 0.0146544 0.0209508 0.028357 0.0364106 0.0443298 0.051213 0.0563698 0.0595373 0.0608464 0.0606363 0.0592923 0.057173 0.0545932 0.0518179 0.0490541 0.0464293 0.0439506 0.0414562 0.0386105 0.0350038 0.0303607 0.0247562 0.0186823
 0.00612483 0.0100314 0.0152533 0.0217969 0.0294858 0.0378342 0.046023 0.0531069 0.0583599 0.0615019 0.0626654 0.0622048 0.0605258 0.0580078 0.054982 0.0517237 0.048445 0.0452817 0.0422625 0.0392718 0.0360451 0.0322517 0.0276698 0.0223703 0.0167745
 0.00637538 0.0104428 0.0158794 0.0226898 0.0306841 0.0393462 0.0478103 0.0550806 0.0603953 0.0634647 0.0644351 0.0636853 0.0616461 0.0587178 0.0552473 0.0515196 0.0477523 0.0440865 0.0405674 0.0371172 0.0335345 0.0295635 0.0250371 0.020028 0.0148939
 0.00659801 0.0108107 0.0164445 0.0235042 0.0317902 0.04076 0.0495044 0.0569771 0.062376 0.0653936 0.0661817 0.0651406 0.0627304 0.0593805 0.0554614 0.0512731 0.0470399 0.0429075 0.0389329 0.0350688 0.0311675 0.027039 0.022567 0.0178278 0.0131232
 0.00681746 0.0111696 0.0169885 0.0242778 0.032828 0.0420742 0.0510701 0.058727 0.0642078 0.0671874 0.0678184 0.0665151 0.063759 0.060005 0.0556487 0.0510111 0.0463306 0.0417617 0.0373733 0.0331431 0.028967 0.0247098 0.020298 0.0158109 0.0115006
 0.0070562 0.0115587 0.0175755 0.0251064 0.0339288 0.0434496 0.0526804 0.0604871 0.0660005 0.0688875 0.0693142 0.0677189 0.0646087 0.0604609 0.0556903 0.0506333 0.0455405 0.0405768 0.035824 0.0312825 0.0268845 0.0225394 0.0182067 0.0139656 0.0100229
 0.00727047 0.0119121 0.0181167 0.0258825 0.0349753 0.0447735 0.0542442 0.062204 0.0677479 0.0705322 0.0707366 0.0688281 0.0653464 0.060799 0.0556239 0.0501729 0.0447057 0.0393936 0.0343284 0.0295294 0.0249592 0.0205624 0.016324 0.0123189 0.00871253
 0.00742997 0.0121754 0.0185206 0.0264646 0.035767 0.0457892 0.0554689 0.0635865 0.069205 0.071962 0.0720334 0.0698964 0.0661109 0.0612108 0.055662 0.0498399 0.0440205 0.0383865 0.0330401 0.0280162 0.0233016 0.0188681 0.0147185 0.0109211 0.00760471
 0.00750762 0.0123052 0.0187231 0.0267627 0.0361835 0.0463412 0.0561618 0.0644095 0.0701302 0.0729458 0.0730192 0.0708172 0.066895 0.0617893 0.0559782 0.0498565 0.0437232 0.0377832 0.0321599 0.0269097 0.0220428 0.0175537 0.0134582 0.00981688 0.0067265
 0.00757045 0.012401 0.0188559 0.0269339 0.0363937 0.0465938 0.0564642 0.0647718 0.0705616 0.0734491 0.0735862 0.0714249 0.0675039 0.0623458 0.0564203 0.0501233 0.0437653 0.0375722 0.0316941 0.0262174 0.0211821 0.0166079 0.0125232 0.00898248 0.00605546
 0.007684 0.0125734 0.0190922 0.0272298 0.0367359 0.046962 0.0568339 0.0651184 0.070867 0.0737087 0.0738103 0.0716326 0.0677115 0.0625555 0.0566135 0.0502629 0.0438035 0.0374638 0.0314099 0.0257555 0.0205729 0.0159112 0.0118163 0.00834102 0.00553422
 0.0077248 0.0126414 0.0191972 0.0273805 0.0369368 0.0472087 0.0571098 0.0653966 0.0711178 0.0739105 0.0739568 0.0717341 0.067789 0.0626303 0.0566965 0.050347 0.0438628 0.0374595 0.0313036 0.0255236 0.0202186 0.0154678 0.0113387 0.00788994 0.00515764
 0.0077773 0.012722 0.01931 0.0275266 0.0371149 0.0474158 0.0573401 0.0656402 0.0713589 0.0741282 0.07413 0.0718476 0.0678394 0.0626276 0.0566596 0.0502937 0.0438002 0.0373791 0.0311842 0.025343 0.0199667 0.0151556 0.0109979 0.00756207 0.00487928
 0.00781884 0.0127839 0.0193927 0.0276268 0.0372266 0.0475322 0.0574555 0.0657508 0.0714634 0.0742268 0.0742227 0.0719316 0.0679086 0.0626747 0.0566801 0.0502882 0.0437721 0.0373297 0.0311087 0.0252313 0.019811 0.0149584 0.010776 0.00734198 0.00468726
 0.00785273 0.0128363 0.019466 0.027721 0.0373384 0.0476544 0.0575776 0.0658604 0.0715497 0.0742847 0.0742542 0.0719445 0.0679118 0.0626734 0.0566747 0.0502753 0.0437475 0.0372894 0.0310489 0.0251477 0.0197003 0.0148224 0.0106243 0.00719067 0.00455369
 0.00786086 0.0128464 0.0194757 0.0277263 0.0373355 0.047642 0.0575578 0.0658387 0.0715331 0.0742787 0.0742621 0.0719671 0.0679485 0.0627229 0.0567339 0.0503388 0.0438076 0.0373375 0.0310766 0.0251486 0.0196714 0.0147654 0.0105467 0.00710482 0.00447285
 0.00787524 0.0128632 0.019489 0.0277265 0.037312 0.0475874 0.0574721 0.0657303 0.0714173 0.074174 0.0741854 0.0719303 0.0679561 0.0627722 0.0568164 0.0504429 0.0439202 0.0374456 0.0311685 0.0252151 0.0197069 0.0147697 0.0105254 0.0070675 0.00443076
 0.00791833 0.0129274 0.0195742 0.0278276 0.037419 0.0476858 0.057545 0.0657616 0.0713963 0.0741004 0.0740711 0.0717968 0.0678279 0.0626696 0.056751 0.0504164 0.0439264 0.0374733 0.0312047 0.0252477 0.019727 0.0147729 0.0105126 0.00704384 0.00440324
 0.00787382 0.0128642 0.019496 0.0277434 0.0373401 0.0476217 0.0574993 0.0657315 0.0713751 0.0740808 0.0740489 0.0717728 0.0678081 0.0626632 0.0567672 0.0504607 0.0439979 0.0375648 0.0313046 0.0253429 0.0198064 0.0148299 0.0105459 0.00705732 0.00440354
 0.00788305 0.0128676 0.0194803 0.0276912 0.0372366 0.0474644 0.0573044 0.0655315 0.0712065 0.0739701 0.0740036 0.0717835 0.0678569 0.062734 0.0568507 0.0505539 0.0441012 0.0376772 0.0314214 0.0254558 0.019906 0.0149088 0.0106011 0.00709044 0.00441967
 0.00788624 0.0128707 0.0194806 0.0276829 0.0372106 0.0474083 0.057206 0.065384 0.0710161 0.0737593 0.0738075 0.0716377 0.067785 0.0627398 0.0569211 0.0506684 0.0442401 0.0378259 0.0315696 0.0255953 0.0200292 0.0150095 0.0106761 0.00714057 0.00444923
 0.00786616 0.0128408 0.0194405 0.027634 0.0371549 0.0473473 0.0571393 0.0653089 0.0709283 0.0736557 0.0736908 0.0715193 0.0676843 0.0626785 0.0569149 0.0507203 0.0443407 0.0379583 0.0317156 0.0257392 0.0201594 0.0151183 0.0107596 0.00719886 0.00448589
 0.00785535 0.0128205 0.019405 0.0275773 0.0370724 0.0472396 0.0570139 0.0651795 0.07081 0.0735593 0.0736194 0.07147 0.0676529 0.062665 0.0569246 0.0507608 0.0444166 0.0380668 0.0318465 0.0258781 0.0202918 0.0152329 0.01085 0.00726384 0.00452817
 0.00782143 0.0127647 0.0193201 0.0274563 0.0369106 0.0470375 0.05678 0.0649315 0.070573 0.0733606 0.0734819 0.0714067 0.0676648 0.0627422 0.0570515 0.0509223 0.044601 0.0382655 0.0320509 0.0260779 0.0204754 0.0153898 0.0109738 0.00735335 0.00458715
 0.00778084 0.0126977 0.0192177 0.0273097 0.036714 0.046791 0.0564934 0.0646249 0.0702738 0.0730987 0.0732842 0.0712932 0.0676458 0.0628168 0.057208 0.051141 0.0448591 0.0385413 0.0323261 0.0263377 0.0207076 0.0155852 0.0111271 0.00746443 0.00466084
 0.00776032 0.0126627 0.0191619 0.0272259 0.0365954 0.0466334 0.0562974 0.064398 0.0700301 0.0728575 0.0730677 0.0711236 0.0675422 0.0627918 0.0572655 0.0512749 0.0450542 0.0387767 0.0325793 0.0265874 0.0209364 0.0157806 0.0112821 0.00757799 0.00473705
 0.00774093 0.0126286 0.0191057 0.0271393 0.0364711 0.046468 0.0560946 0.0641689 0.0697916 0.0726284 0.0728659 0.0709651 0.0674402 0.0627565 0.0573026 0.0513841 0.0452279 0.0389998 0.0328311 0.0268453 0.021179 0.0159912 0.0114509 0.0077024 0.00482098
 0.00932832 0.0148524 0.0217931 0.029909 0.0388435 0.0480421 0.0566875 0.0638435 0.068776 0.071199 0.0712604 0.06935 0.0659173 0.0613825 0.0561065 0.0503779 0.0444122 0.0383659 0.0323619 0.0265169 0.0209637 0.0158603 0.0113783 0.00766635 0.00480554
 0.00932167 0.015134 0.0227323 0.031963 0.0423584 0.0529843 0.0624731 0.0694323 0.07304 0.073365 0.0711647 0.0673815 0.062747 0.0576756 0.0523578 0.0468839 0.0413183 0.035727 0.0301843 0.0247808 0.0196323 0.0148845 0.0107 0.00722294 0.00453529
 0.00896103 0.0145703 0.0219477 0.0310126 0.0414223 0.0524014 0.0626996 0.0708794 0.0758288 0.0771447 0.0751555 0.0706699 0.0646638 0.0580273 0.051398 0.0451006 0.0392038 0.0336432 0.028338 0.0232587 0.0184479 0.0140118 0.0100928 0.00682656 0.00429435
 0.00879043 0.0142792 0.0214853 0.030327 0.0404815 0.0512285 0.0614167 0.0697344 0.0751712 0.0773277 0.0763783 0.072833 0.06734 0.0606006 0.0533104 0.0460639 0.0392556 0.0330478 0.0274249 0.0222985 0.0176045 0.0133529 0.00962294 0.0065177 0.00410695
 0.00872282 0.0141625 0.0212958 0.0300354 0.0400557 0.0506413 0.0606595 0.0688358 0.0742185 0.0764804 0.0758565 0.0728604 0.0680462 0.0619275 0.0549908 0.0477089 0.0405127 0.0337357 0.0275687 0.0220646 0.0171959 0.0129298 0.00927397 0.00626987 0.00395061
 0.00869458 0.0141139 0.0212171 0.0299145 0.0398783 0.0503926 0.0603266 0.068411 0.0737052 0.0759031 0.0752753 0.0723796 0.0678028 0.0620478 0.0555255 0.0485829 0.0415325 0.034663 0.0282209 0.0223798 0.0172286 0.0127952 0.00908432 0.00609835 0.00382674
 0.00868413 0.0140968 0.021191 0.0298764 0.0398237 0.0503156 0.0602192 0.0682636 0.0735078 0.0756487 0.0749661 0.0720365 0.0674744 0.0618101 0.0554641 0.0487559 0.041932 0.0352027 0.0287661 0.0228065 0.0174744 0.0128712 0.00904882 0.00601742 0.00374691
 0.00869699 0.0141151 0.0212137 0.0299005 0.0398449 0.0503289 0.0602192 0.0682443 0.0734618 0.0755678 0.0748422 0.071866 0.0672644 0.0615853 0.0552688 0.048645 0.0419496 0.0353569 0.0290176 0.0230825 0.0177021 0.0130095 0.0090983 0.00600712 0.00371164
 0.00869458 0.0141146 0.021219 0.0299166 0.0398764 0.0503763 0.0602772 0.068302 0.0735057 0.075585 0.0748235 0.0718063 0.0671631 0.0614488 0.0551132 0.0484982 0.0418462 0.0353256 0.0290662 0.0231908 0.0178304 0.0131177 0.00916424 0.00603079 0.00370759
 0.00865437 0.0140543 0.021138 0.0298186 0.0397692 0.0502714 0.0601881 0.0682418 0.0734832 0.0756014 0.0748704 0.0718683 0.0672228 0.0614918 0.0551329 0.048498 0.0418397 0.0353319 0.0291014 0.0232587 0.0179196 0.0132075 0.00923535 0.00607456 0.00372677
 0.00865044 0.0140446 0.0211176 0.0297814 0.0397104 0.0501906 0.0600919 0.0681439 0.0734005 0.0755485 0.0748551 0.0718894 0.0672706 0.0615518 0.0551905 0.0485432 0.0418705 0.0353544 0.029126 0.0232942 0.0179677 0.0132616 0.00928497 0.00611148 0.00374862
 0.00865393 0.0140484 0.0211194 0.0297776 0.039696 0.0501605 0.0600425 0.0680746 0.0733159 0.075459 0.074775 0.0718331 0.0672477 0.0615637 0.05523 0.0485981 0.0419286 0.0354081 0.0291739 0.0233389 0.0180119 0.0133052 0.00932471 0.00614317 0.0037701
 0.00864881 0.0140425 0.0211149 0.0297776 0.039703 0.0501744 0.0600593 0.0680868 0.0733147 0.075438 0.0747337 0.0717776 0.0671894 0.0615151 0.0552006 0.0485912 0.041941 0.0354331 0.0292046 0.023371 0.0180435 0.0133353 0.0093519 0.00616556 0.00378636
 0.0086602 0.0140598 0.0211387 0.0298079 0.0397393 0.0502163 0.0601056 0.068135 0.0733601 0.075473 0.0747497 0.0717678 0.0671521 0.0614556 0.0551297 0.0485216 0.041883 0.0353919 0.0291802 0.0233604 0.0180426 0.0133406 0.0093603 0.00617456 0.00379409
 0.00862934 0.0140161 0.021085 0.0297508 0.0396876 0.0501777 0.0600849 0.0681332 0.0733756 0.075503 0.0747901 0.0718129 0.0671948 0.0614892 0.0551502 0.0485293 0.0418826 0.0353894 0.0291807 0.0233662 0.0180533 0.013354 0.00937404 0.00618668 0.00380348
#pred catch len freq
 0.00394174 0.006293 0.00929235 0.0129181 0.0171696 0.0220354 0.0274219 0.0331186 0.038832 0.0442465 0.0490756 0.0531017 0.0562066 0.0583786 0.0596875 0.0602456 0.060176 0.0595805 0.0584861 0.0567669 0.0540935 0.0500061 0.0441594 0.03664 0.0281266
 0.00434896 0.00689816 0.0101031 0.0139193 0.0183478 0.0234062 0.0290345 0.0350211 0.0410077 0.0465615 0.0512781 0.0548846 0.0573077 0.0586668 0.0591941 0.0591336 0.0586646 0.0578604 0.0566618 0.0548508 0.0520557 0.0478495 0.0419722 0.0345871 0.0263848
 0.00458713 0.00730335 0.0107438 0.0148646 0.0196464 0.0250603 0.0309843 0.0371591 0.0432195 0.0487597 0.0533956 0.0568291 0.0589211 0.0597379 0.0595294 0.0586407 0.0573917 0.055968 0.0543492 0.0522901 0.0493716 0.0451479 0.0393793 0.0322573 0.024463
 0.00490342 0.00778852 0.0114249 0.0157612 0.0207834 0.0264793 0.0327359 0.0392692 0.0456454 0.0513665 0.0559755 0.0591564 0.0608043 0.0610356 0.0601343 0.0584683 0.0563994 0.0541881 0.0519034 0.0493677 0.0461926 0.0419357 0.0363497 0.0296038 0.0223273
 0.00524392 0.00832606 0.0122042 0.0168133 0.0221231 0.0281008 0.0346107 0.04135 0.0478755 0.0536842 0.0583016 0.061373 0.0627475 0.0625159 0.0609757 0.0585409 0.0556336 0.0525815 0.0495288 0.0463794 0.0428193 0.0384552 0.0330482 0.0267283 0.0200395
 0.00552342 0.00877323 0.0128655 0.017732 0.0233366 0.029634 0.0364621 0.0434772 0.0501896 0.0560585 0.0605937 0.0634478 0.0644895 0.0638241 0.0617511 0.0586813 0.0550476 0.0512156 0.0473969 0.0435861 0.0395663 0.0350222 0.0297471 0.0238372 0.0177415
 0.00580099 0.00921225 0.0135053 0.018606 0.024473 0.0310539 0.0381711 0.0454533 0.0523722 0.0583447 0.0628438 0.065503 0.0661968 0.0650595 0.0624279 0.0587418 0.0544495 0.0499296 0.0454258 0.0409974 0.036519 0.0317662 0.026583 0.0210469 0.0155171
 0.00611327 0.00970395 0.0142168 0.019568 0.0257059 0.0325654 0.0399489 0.0474558 0.0545246 0.0605416 0.064957 0.0673936 0.0677296 0.0661186 0.0629281 0.0586328 0.0537098 0.04856 0.043452 0.0384886 0.0336131 0.0286801 0.0235862 0.018401 0.0134052
 0.00628543 0.00999803 0.0146866 0.0202748 0.0267086 0.0339026 0.0416192 0.0494066 0.0566549 0.0627166 0.0670278 0.0692149 0.0691749 0.0670901 0.0633605 0.0584912 0.0529845 0.047263 0.0416195 0.0361935 0.0309828 0.0259043 0.0208986 0.0160296 0.0115117
 0.00652704 0.0103706 0.0152127 0.0209701 0.0275894 0.0349932 0.0429485 0.0509894 0.0584662 0.0646716 0.0689828 0.0709929 0.0706052 0.0680428 0.0637617 0.0583184 0.0522517 0.0460063 0.0398936 0.0340792 0.0286008 0.0234222 0.0185163 0.0139392 0.00984818
 0.00683064 0.0108388 0.0158703 0.0218241 0.0286306 0.0361992 0.0442859 0.052416 0.0599349 0.0661337 0.070384 0.0722636 0.0716546 0.0687676 0.0640684 0.0581457 0.0515819 0.0448632 0.038334 0.0321888 0.0264972 0.0212558 0.016457 0.0121456 0.00842835
 0.00701444 0.0111368 0.0163171 0.0224515 0.0294612 0.037237 0.0455049 0.0537561 0.0613092 0.0674466 0.0715504 0.0732215 0.0723652 0.0692056 0.0642096 0.057962 0.0510481 0.0439702 0.0371022 0.0306754 0.0247979 0.0194988 0.0147861 0.0106922 0.00727989
 0.00720011 0.0114149 0.0166938 0.0229224 0.0300205 0.037888 0.0462625 0.0546354 0.0623043 0.0685131 0.0726047 0.0741592 0.073091 0.0696563 0.0643597 0.0578124 0.0506102 0.0432577 0.0361348 0.0294917 0.0234658 0.0181163 0.0134679 0.00954419 0.00637281
 0.00732021 0.0116031 0.0169631 0.023278 0.0304575 0.0383895 0.0468011 0.0551804 0.0628348 0.0690264 0.073111 0.0746632 0.0735728 0.0700676 0.0646375 0.0579008 0.0504749 0.0428884 0.0355427 0.0287077 0.022543 0.0171306 0.0125094 0.00869808 0.00569813
 0.00735861 0.0116777 0.0170979 0.0235038 0.0308046 0.0388764 0.047422 0.0558986 0.0635861 0.0697338 0.0737048 0.0751 0.0738423 0.0701841 0.0646214 0.0577624 0.0502103 0.0424883 0.035004 0.0280437 0.0217885 0.0163403 0.0117495 0.00803189 0.00516914
 0.00741667 0.011758 0.0171946 0.0236069 0.0309092 0.0389933 0.0475817 0.0561427 0.0639462 0.0702087 0.0742513 0.0756436 0.0743031 0.0705034 0.0647747 0.057755 0.0500615 0.0422174 0.0346254 0.0275724 0.0212483 0.0157691 0.0111956 0.00754268 0.00477849
 0.00732991 0.0116441 0.0170721 0.0235073 0.030865 0.039022 0.0476771 0.0562818 0.0641082 0.0703928 0.0744763 0.0759289 0.0746456 0.0708677 0.0651048 0.0579966 0.0501806 0.042204 0.0344882 0.0273306 0.0209287 0.0154056 0.0108275 0.00720842 0.00450631
 0.00735182 0.011662 0.0170686 0.0234607 0.0307617 0.0388717 0.0475196 0.0561754 0.0641034 0.0705063 0.0746866 0.076193 0.0749239 0.0711363 0.0653499 0.0582029 0.0503267 0.0422687 0.0344594 0.0272109 0.0207352 0.0151658 0.0105743 0.0069731 0.00431198
 0.00750919 0.0118823 0.017333 0.0237256 0.0309669 0.0389567 0.0474429 0.0559307 0.0637285 0.0700795 0.0743052 0.0759406 0.0748413 0.0712133 0.0655396 0.0584462 0.0505698 0.0424703 0.0345921 0.0272621 0.0207075 0.0150762 0.0104486 0.0068392 0.00419264
 0.0076529 0.0121021 0.0176362 0.0241054 0.0313982 0.0393939 0.04782 0.0561712 0.0637658 0.0698841 0.0739037 0.075414 0.0743006 0.070762 0.0652413 0.0583111 0.050564 0.0425377 0.034677 0.0273234 0.0207244 0.0150469 0.0103855 0.00676115 0.00411748
 0.00769858 0.0121776 0.0177522 0.0242729 0.0316261 0.039684 0.048161 0.056532 0.064095 0.0701168 0.0739793 0.0752991 0.0740078 0.0703518 0.0648031 0.0579302 0.0502931 0.0423855 0.0346166 0.0273124 0.0207243 0.0150347 0.010355 0.00671824 0.00407251
 0.00760222 0.0120437 0.0175933 0.0241163 0.0315083 0.0396406 0.0482167 0.0566946 0.064353 0.0704387 0.074315 0.0755879 0.0741933 0.0704008 0.0647196 0.057755 0.0500866 0.0422032 0.0344893 0.0272419 0.0206927 0.0150193 0.0103401 0.0066983 0.00404963
 0.00745457 0.0118183 0.0172828 0.0237271 0.031063 0.0391791 0.0477952 0.0563789 0.0642028 0.0704889 0.074562 0.0759883 0.0746749 0.0708827 0.0651328 0.0580598 0.050279 0.0423081 0.0345438 0.0272772 0.0207245 0.0150491 0.0103631 0.00671114 0.00405294
 0.00734891 0.0116467 0.0170248 0.0233647 0.0305853 0.0385899 0.0471227 0.0556807 0.0635624 0.0700011 0.0743104 0.0760212 0.0749893 0.0714216 0.0658023 0.0587561 0.0509169 0.042838 0.0349532 0.0275792 0.0209419 0.0152029 0.0104684 0.00677875 0.00409228
 0.00725623 0.0115001 0.0168112 0.0230724 0.030204 0.038112 0.0465479 0.0550242 0.0628632 0.0693253 0.0737456 0.0756595 0.074902 0.0716359 0.066289 0.0594369 0.0516867 0.043595 0.0356224 0.0281222 0.0213529 0.0154963 0.0106667 0.00690511 0.0041673
 0.00706655 0.0112181 0.0164351 0.0226161 0.0296905 0.0375637 0.0459805 0.054448 0.0622907 0.0687794 0.0732652 0.0752987 0.0747219 0.071689 0.0666 0.0599882 0.0524172 0.0444135 0.0364318 0.0288439 0.0219408 0.0159376 0.0109738 0.00710353 0.00428608
 0.00690015 0.0109628 0.0160799 0.0221625 0.029153 0.0369695 0.0453676 0.0538614 0.0617729 0.0683604 0.0729586 0.0751077 0.0746506 0.07175 0.0668127 0.060366 0.0529523 0.0450676 0.0371408 0.0295336 0.0225475 0.016423 0.0113282 0.00734025 0.00443082
 0.00677176 0.0107627 0.0157947 0.0217855 0.0286851 0.0364211 0.0447618 0.0532364 0.06118 0.0678556 0.0725899 0.0749045 0.0746185 0.0718762 0.0670765 0.0607487 0.0534385 0.0456376 0.0377621 0.0301594 0.0231256 0.0169102 0.0117018 0.0076004 0.00459519
 0.00668844 0.0106245 0.0155815 0.0214764 0.0282625 0.0358771 0.0441066 0.0525035 0.060425 0.0671497 0.0720088 0.0745137 0.0744607 0.0719619 0.0673843 0.0612351 0.054051 0.0463251 0.0384773 0.0308573 0.023763 0.0174509 0.0121239 0.0079015 0.0047903
 0.00652773 0.0103897 0.0152761 0.0211171 0.02787 0.0354632 0.0436676 0.0520256 0.0599009 0.066595 0.0714686 0.0740555 0.0741558 0.0718649 0.0675188 0.0615893 0.0545837 0.0469777 0.0391861 0.0315623 0.024413 0.018007 0.0125635 0.00822018 0.00500076
 0.00650161 0.0103316 0.015161 0.0209156 0.0275593 0.0350421 0.0431653 0.0514953 0.0593987 0.0661575 0.0711056 0.0737627 0.0739352 0.0717369 0.0675169 0.0617428 0.0549006 0.0474375 0.0397438 0.0321601 0.0249926 0.0185204 0.0129797 0.00852854 0.00520848
 0.00712723 0.0112173 0.0162489 0.0220645 0.0285785 0.0357503 0.0434437 0.0513125 0.0588063 0.0652678 0.0700601 0.0726974 0.0729528 0.0708979 0.0668488 0.0612575 0.0546037 0.0473261 0.039799 0.0323437 0.0252529 0.0188034 0.0132406 0.00873929 0.00535964
 0.00782203 0.0122949 0.0177673 0.0240245 0.0309042 0.0382702 0.0458862 0.0533391 0.0600936 0.0656099 0.0694363 0.0712672 0.070989 0.068697 0.064662 0.059259 0.0528931 0.0459459 0.0387529 0.0316074 0.0247805 0.0185349 0.0131125 0.00869469 0.00535577
 0.00781726 0.0123691 0.0180318 0.024637 0.0320317 0.0400248 0.048256 0.0561474 0.0630056 0.0681927 0.0712605 0.0720254 0.0705865 0.0672734 0.0625297 0.0567936 0.0504291 0.0437192 0.0368921 0.0301543 0.023718 0.0178098 0.0126536 0.00842752 0.00521388
 0.00753656 0.0119573 0.0175026 0.0240526 0.0315129 0.0397509 0.0484448 0.0570013 0.064627 0.0704986 0.0739505 0.074639 0.072637 0.0684002 0.0626033 0.0559293 0.0489167 0.0419095 0.0350943 0.0285787 0.0224668 0.0168983 0.012042 0.00804984 0.00500004
 0.00739735 0.0117146 0.0171087 0.0234584 0.0306873 0.0387118 0.0472904 0.0559232 0.0638864 0.0703625 0.0745991 0.0760765 0.0746501 0.0706002 0.0645469 0.0572683 0.0495036 0.0418118 0.0345265 0.0277983 0.0216878 0.0162502 0.0115712 0.00774542 0.00482336
 0.00747411 0.011815 0.0172113 0.0235201 0.0306442 0.038489 0.046821 0.055178 0.0629103 0.0692989 0.0736808 0.0755658 0.0747427 0.0713334 0.0657648 0.0586697 0.0507551 0.0426709 0.0349119 0.0277814 0.0214249 0.0159028 0.011253 0.00750848 0.00467257
 0.00757475 0.0119738 0.01744 0.0238219 0.0310078 0.0388802 0.0471766 0.0554086 0.0629194 0.069018 0.0731089 0.0747959 0.0739532 0.0707357 0.0655208 0.0588186 0.0511943 0.0432063 0.0353491 0.028006 0.0214293 0.0157568 0.0110498 0.00732034 0.00453388
 0.00765599 0.0120948 0.0176022 0.0240212 0.031238 0.0391362 0.0474535 0.055694 0.063182 0.0692028 0.0731469 0.0746318 0.0735807 0.0702199 0.0649869 0.0584054 0.0509917 0.0432148 0.0354877 0.028162 0.0215171 0.0157494 0.0109712 0.00721506 0.00443876
 0.00769642 0.01216 0.0176989 0.0241548 0.0314101 0.0393431 0.0476848 0.0559337 0.0634121 0.0694044 0.0732981 0.0747041 0.0735423 0.0700503 0.0646974 0.0580484 0.050647 0.0429541 0.0353409 0.0281084 0.0215062 0.0157349 0.0109325 0.00715762 0.00437922
 0.00750493 0.0118943 0.0173838 0.0238422 0.0311656 0.0392229 0.0477166 0.0561107 0.0637 0.0697551 0.0736624 0.0750385 0.0738118 0.0702289 0.0647709 0.0580207 0.0505437 0.0428184 0.035217 0.028023 0.0214603 0.0157115 0.0109129 0.00713284 0.0043509
 0.00751897 0.0118913 0.0173341 0.0237092 0.0309238 0.0388817 0.047334 0.0557824 0.0635229 0.0697855 0.0738924 0.0754052 0.0742271 0.0706118 0.0650663 0.0582044 0.0506189 0.042809 0.0351581 0.0279492 0.021395 0.0156632 0.0108788 0.00710699 0.0043296
 0.00773205 0.0121999 0.0177261 0.0241431 0.0313336 0.0391896 0.047469 0.0557024 0.0632361 0.0693592 0.0734373 0.0750337 0.0740082 0.0705482 0.065107 0.0582781 0.0506678 0.0428051 0.0351033 0.0278632 0.0213018 0.0155806 0.0108147 0.00706134 0.00429874
