SBPRF35
10.2511
Curr Bio
646762
B35
759470
F35
0.187251
FOFL
0.159436
OFL
83711.1
Bzero
2.92888e+06
#pred survey bio
 4.11249e+06 3.91228e+06 3.73221e+06 3.50914e+06 3.22959e+06 2.92968e+06 2.66589e+06 2.40844e+06 2.14808e+06 1.88663e+06 1.66995e+06 1.45056e+06 1.31001e+06 1.16361e+06 1.03514e+06 923128 849968 768812 725464 683716 647843 626248 597055 581376 569317 560393 554285 546814 547560 544234 547945 550085 545834 548069 534074 529529 513358 503396 508494 511438 512464 526886 530156 537605 549315 556682 571193 583520 586213 599396 609992 606118 596507 593738 561868 517329 523072 597902 652687 2.30284e+07 1.40305e+07 1.44581e+07 1.53346e+07 1.64804e+07 1.76892e+07 1.88182e+07 1.97943e+07 2.05956e+07 2.12304e+07 2.1721e+07 2.2094e+07 2.23744e+07 2.2584e+07 2.27403e+07 2.28566e+07 2.29435e+07 2.30086e+07 2.30575e+07 2.30945e+07 2.31226e+07 2.3144e+07 2.31605e+07 2.31732e+07 2.31831e+07 2.31907e+07 2.31967e+07 2.32014e+07 2.3205e+07 2.32079e+07 2.32102e+07 2.3212e+07 2.32134e+07 2.32145e+07 2.32154e+07 2.32162e+07 2.32167e+07 2.32172e+07 2.32176e+07 2.32178e+07 2.32181e+07 2.32183e+07 2.32184e+07 2.32185e+07 2.32186e+07 2.32187e+07 2.32188e+07 2.32188e+07 2.32188e+07 2.32189e+07 2.32189e+07 2.32189e+07 2.32189e+07 2.32189e+07 2.3219e+07 2.3219e+07 2.3219e+07 2.3219e+07 2.3219e+07 2.3219e+07 2.3219e+07 2.3219e+07 2.3219e+07 2.3219e+07 2.3219e+07 2.3219e+07 2.3219e+07 2.3219e+07 2.3219e+07 2.3219e+07 2.3219e+07 2.3219e+07 2.3219e+07 2.3219e+07 2.3219e+07 2.3219e+07 2.3219e+07 2.3219e+07 2.3219e+07 2.3219e+07 2.3219e+07 2.3219e+07 2.3219e+07 2.3219e+07 2.3219e+07 2.3219e+07 2.3219e+07 2.3219e+07 2.3219e+07 2.3219e+07 2.3219e+07 2.3219e+07 2.3219e+07 2.3219e+07 2.3219e+07 2.3219e+07 2.3219e+07 2.3219e+07 2.3219e+07 2.3219e+07 0 0 0 0 0 0 0 0 0 0 0 0 0 0 0 0 0 0 0 0 0 0 0 0 0
#obs survey bio
 4.83077e+06 3.76893e+06 3.07702e+06 2.8542e+06 1.91998e+06 2.0681e+06 2.97382e+06 1.88993e+06 2.34466e+06 2.14548e+06 1.22247e+06 1.11569e+06 1.22756e+06 921840 1.12688e+06 742829 533013 716819 679437 565589 633284 657764 596163 489371 493938 627823 478344 567734 690051 404144 432109 559249 524430 440873 638476 759747 592288 360108 397672 591416 442890 629619 508417 714762 574235 489296 665022 803543 569850 541547 799189 723637 908262 857427 504811 533368 506610 599298 521773
#pred catch bio
 106565 97046.4 149220 219124 260279 251062 268141 291476 310085 284609 299191 239171 251542 239046 225073 190841 195091 158650 153434 144097 128234 131124 116858 112421 108512 104633 104257 96224.6 98843.7 92454.4 93187.3 96415.4 87994.8 97783.3 85365.3 93248.4 89782.4 81654.3 87300.4 90203.4 79506.6 89163.2 85685.7 83021.5 87869.4 83179.4 86383.9 95087.9 86858.7 90109.4 102668 107290 101513 125285 134303 93141.4 41419.4 63357.3 103257 83711.1 98388.4 100241 105075 112367 120327 127741 134046 139097 142974 145859 147955 149451 150502 151233 151737 152081 152316 152474 152581 152653 152701 152734 152755 152770 152779 152786 152790 152793 152795 152796 152797 152797 152798 152798 152798 152798 152798 152798 152798 152798 152798 152798 152798 152798 152798 152798 152798 152798 152798 152798 152798 152798 152798 152798 152798 152798 152798 152798 152798 152798 152798 152798 152798 152798 152798 152798 152798 152798 152798 152798 152798 152798 152798 152798 152798 152798 152798 152798 152798 152798 152798 152798 152798 152798 152798 152798 152798 152798 152798 152798 152798 152798 152798 152798 152798 152798 152798 152798 152798 0 0 0 0 0 0 0 0 0 0 0 0 0 0 0 0 0 0 0 0 0 0 0 0 0
#obs catch bio
 0 96636.1 149260 219718 261893 252821 270444 295538 313715 286561 303623 242500 256913 244311 229665 193933 200321 160949 155267 146123 129363 132609 117552 113685 110322 105830 105390 97056.5 99785.7 93245.4 94516.1 97746.8 88523.7 98715.3 85283.7 92596.6 89117.2 81381 87596.2 90309.9 79312.3 88790.7 85177.3 82484.4 87641.5 82939.4 86052.8 94551.7 86444.9 89562.1 101953 106589 100385 123209 132266 92686.8 40960.9 63175.2 103625
#pred cpue bio
 4.05105e+06 3.85398e+06 3.67632e+06 3.45425e+06 3.17564e+06 2.8768e+06 2.61388e+06 2.35757e+06 2.09887e+06 1.83951e+06 1.62436e+06 1.4067e+06 1.26681e+06 1.12191e+06 995188 885055 813121 734043 692212 652059 617564 596940 568901 553740 541962 533423 527808 520789 521684 518606 522252 524629 521196 524150 511412 507770 491736 480468 483956 486463 487791 502163 505586 512820 524076 531100 545103 557118 559786 572577 582886 579071 569498 566633 535483 491444 496061 568752 623249 2.20464e+07 1.34546e+07 1.37707e+07 1.45073e+07 1.55977e+07 1.67918e+07 1.79175e+07 1.88929e+07 1.96941e+07 2.03288e+07 2.08194e+07 2.11924e+07 2.14728e+07 2.16824e+07 2.18386e+07 2.1955e+07 2.20419e+07 2.2107e+07 2.21559e+07 2.21929e+07 2.2221e+07 2.22424e+07 2.22589e+07 2.22716e+07 2.22815e+07 2.22891e+07 2.22951e+07 2.22998e+07 2.23034e+07 2.23063e+07 2.23086e+07 2.23104e+07 2.23118e+07 2.23129e+07 2.23138e+07 2.23146e+07 2.23151e+07 2.23156e+07 2.23159e+07 2.23162e+07 2.23165e+07 2.23167e+07 2.23168e+07 2.23169e+07 2.2317e+07 2.23171e+07 2.23171e+07 2.23172e+07 2.23172e+07 2.23173e+07 2.23173e+07 2.23173e+07 2.23173e+07 2.23173e+07 2.23173e+07 2.23174e+07 2.23174e+07 2.23174e+07 2.23174e+07 2.23174e+07 2.23174e+07 2.23174e+07 2.23174e+07 2.23174e+07 2.23174e+07 2.23174e+07 2.23174e+07 2.23174e+07 2.23174e+07 2.23174e+07 2.23174e+07 2.23174e+07 2.23174e+07 2.23174e+07 2.23174e+07 2.23174e+07 2.23174e+07 2.23174e+07 2.23174e+07 2.23174e+07 2.23174e+07 2.23174e+07 2.23174e+07 2.23174e+07 2.23174e+07 2.23174e+07 2.23174e+07 2.23174e+07 2.23174e+07 2.23174e+07 2.23174e+07 2.23174e+07 2.23174e+07 2.23174e+07 2.23174e+07 2.23174e+07 2.23174e+07 2.23174e+07 2.23174e+07 2.23174e+07 0 0 0 0 0 0 0 0 0 0 0 0 0 0 0 0 0 0 0 0 0 0 0 0 0
#obs cpue bio
 2.28673e+06 3.92083e+06 3.77926e+06 3.17576e+06 2.96298e+06 2.35881e+06 2.19844e+06 1.79196e+06 2.74505e+06 1.82423e+06 1.47377e+06 1.03104e+06 915079 1.03414e+06 824636 867657 707508 857926 778473 572916 633812 490131 602751 410232 348822 530420 568256 432456 382831 565270 372276 499338 662513 617053 668483 712064 476726 473462 409745 529423 601288 631978 609454 428979 433512 581176 546992 577283 499846 779822 557107 516209 509253 697878 694996 397166 446256 555013 612469
#pred surv len freq
 0.00468278 0.00763224 0.0115418 0.0164112 0.0221335 0.0284135 0.0347414 0.040519 0.0452838 0.0488579 0.0513255 0.0529015 0.0538161 0.0542597 0.0543727 0.054254 0.0539762 0.0535872 0.0530661 0.05223 0.0506579 0.0477488 0.0429852 0.0363018 0.0283003
 0.00490565 0.00790452 0.0117895 0.0165211 0.0219982 0.0279937 0.0341072 0.0398343 0.0447343 0.0485663 0.0513064 0.0530793 0.0540857 0.0545484 0.0546692 0.0545955 0.054407 0.0541104 0.0536154 0.05268 0.0508739 0.0476522 0.042596 0.0357306 0.0276953
 0.00513474 0.00828056 0.012355 0.017299 0.0229653 0.029054 0.0350884 0.040531 0.0449932 0.0483657 0.0507694 0.0524082 0.0534604 0.0540608 0.0543256 0.0543642 0.0542605 0.0540318 0.0535737 0.0526101 0.0506872 0.0472799 0.0420341 0.0350518 0.0270156
 0.00534894 0.00862947 0.0128824 0.0180482 0.0239719 0.0303301 0.0365979 0.0421674 0.0465755 0.049669 0.0515902 0.0526387 0.0531314 0.0533209 0.0533691 0.0533548 0.0532928 0.053135 0.0527334 0.0517858 0.0498289 0.0463533 0.0410483 0.0340687 0.0261276
 0.00560381 0.0090394 0.0134916 0.0188965 0.0250892 0.0317274 0.0382552 0.0440245 0.0485289 0.0515738 0.0532674 0.0538951 0.0538007 0.0533168 0.0527206 0.052196 0.0518091 0.0514971 0.0510549 0.0501182 0.0481864 0.0447477 0.0395172 0.0326809 0.0249619
 0.00587644 0.00947903 0.0141469 0.0198108 0.0262942 0.0332313 0.0400308 0.046004 0.0506115 0.0536399 0.0551883 0.0555338 0.0550118 0.0539598 0.052692 0.0514675 0.0504472 0.0496462 0.0488923 0.0478078 0.0458579 0.0425043 0.0374543 0.0308914 0.0235205
 0.00611213 0.00985942 0.0147148 0.0206059 0.0273477 0.034557 0.0416144 0.0477965 0.0525338 0.0555941 0.0570688 0.0572323 0.0564158 0.0549509 0.0531514 0.0512964 0.0495974 0.048147 0.0468547 0.0454035 0.0432842 0.0399553 0.035103 0.0288761 0.0219276
 0.00632016 0.0102015 0.0152372 0.0213546 0.0283606 0.0358507 0.0431706 0.0495578 0.0544123 0.0574891 0.0588815 0.0588719 0.057797 0.0559874 0.0537518 0.0513663 0.0490552 0.0469521 0.0450367 0.0430775 0.0406418 0.0372331 0.0325391 0.0266655 0.0201882
 0.00656925 0.0106003 0.0158265 0.02217 0.0294282 0.0371794 0.0447423 0.0513201 0.0562824 0.0593652 0.0606582 0.0604519 0.0590971 0.0569384 0.0542908 0.0514293 0.0485764 0.0458777 0.0433545 0.0408492 0.0380205 0.0344504 0.0298597 0.0243249 0.0183373
 0.00695497 0.0112023 0.0166859 0.0233087 0.0308461 0.0388522 0.0466153 0.0533082 0.0582786 0.0612586 0.0623497 0.0618617 0.0601646 0.0576177 0.0545456 0.0512254 0.0478766 0.0446461 0.0415754 0.0385598 0.0353409 0.0315885 0.0270775 0.0218729 0.0163867
 0.00731388 0.0117759 0.0175298 0.0244656 0.0323352 0.0406543 0.0486599 0.0554732 0.0604123 0.0632138 0.0640118 0.0631579 0.0610573 0.0580908 0.0545916 0.0508356 0.0470363 0.0433363 0.039788 0.0363241 0.0327545 0.0288306 0.0243861 0.0194871 0.014478
 0.00773003 0.0124413 0.0185098 0.0258124 0.0340766 0.0427767 0.0510898 0.0580713 0.0629899 0.0655685 0.0659651 0.0645828 0.0618887 0.0583215 0.0542552 0.0499837 0.0457171 0.0415851 0.0376339 0.033814 0.0299833 0.0259599 0.0216306 0.0170651 0.0125476
 0.00791043 0.0127435 0.0189819 0.0265067 0.0350414 0.0440416 0.0526496 0.0598755 0.0649452 0.0675498 0.0678309 0.0661909 0.0631131 0.059069 0.0544761 0.0496713 0.0448969 0.0402996 0.0359344 0.0317671 0.0276886 0.0235636 0.0193179 0.0150226 0.0109122
 0.00812279 0.0130909 0.0195091 0.0272572 0.0360501 0.0453225 0.0541818 0.0615976 0.0667619 0.0693476 0.0694933 0.0676086 0.0641901 0.0597272 0.0546617 0.0493594 0.0440933 0.0390377 0.0342715 0.0297844 0.0254969 0.0213081 0.0171682 0.0131419 0.00941604
 0.00834133 0.01344 0.0200232 0.0279652 0.0369712 0.0464594 0.0555121 0.0630693 0.0682971 0.0708541 0.0708775 0.0687844 0.0650839 0.0602803 0.0548304 0.0491167 0.0434302 0.0379677 0.0328344 0.0280507 0.0235716 0.0193282 0.0152879 0.0115044 0.00811875
 0.00860265 0.01385 0.0206124 0.0287517 0.0379574 0.0476278 0.0568204 0.0644496 0.0696648 0.0721228 0.0719728 0.0696498 0.0656797 0.0605797 0.0548156 0.0487768 0.0427617 0.0369781 0.0315494 0.0265232 0.0218877 0.0176054 0.01366 0.0100939 0.00700677
 0.00854265 0.013793 0.0206016 0.0288521 0.038239 0.048139 0.0575654 0.0653836 0.0707094 0.0731899 0.0729835 0.0705419 0.0664065 0.0611052 0.0551113 0.0488196 0.0425348 0.0364742 0.0307776 0.0255174 0.0207132 0.0163577 0.0124516 0.00903006 0.00615957
 0.00862136 0.0139108 0.0207623 0.0290584 0.0384999 0.0484767 0.0580146 0.0659779 0.0714581 0.0740592 0.0738948 0.0713927 0.0671009 0.0615782 0.0553343 0.0487911 0.0422663 0.0359812 0.0300798 0.0246458 0.019719 0.015315 0.0114489 0.00815097 0.00546158
 0.00865246 0.013944 0.0207804 0.0290359 0.0384112 0.0483104 0.0577872 0.065739 0.0712839 0.0740333 0.0740815 0.0718108 0.0677115 0.0622928 0.056041 0.049386 0.0426741 0.0361618 0.0300244 0.0243722 0.0192691 0.0147525 0.0108509 0.00759321 0.00500041
 0.008694 0.0140149 0.0208918 0.0291961 0.0386191 0.0485475 0.0580147 0.0659069 0.0713517 0.0739932 0.0739694 0.071696 0.0676684 0.0623678 0.0562328 0.0496459 0.0429265 0.0363306 0.0300551 0.0242434 0.018994 0.0143729 0.0104262 0.00718489 0.00465623
 0.00875845 0.0141095 0.0210159 0.0293438 0.0387824 0.0487201 0.0581928 0.0660846 0.0715146 0.074117 0.0740275 0.0716757 0.0675834 0.0622579 0.0561468 0.0496166 0.0429531 0.036379 0.0300745 0.0241895 0.018847 0.0141433 0.010149 0.00690489 0.00441238
 0.00876586 0.0141177 0.021021 0.0293396 0.0387619 0.0486783 0.0581298 0.066008 0.0714392 0.0740608 0.0740051 0.0716917 0.0676317 0.0623278 0.0562317 0.0497176 0.0430728 0.0365107 0.0301968 0.0242718 0.0188638 0.0140873 0.0100347 0.00676193 0.00427238
 0.00897082 0.0144184 0.0214127 0.0297957 0.0392399 0.0491305 0.0585127 0.0662868 0.0715907 0.0740761 0.0738924 0.0714748 0.0673442 0.0620049 0.055904 0.0494087 0.0427994 0.0362814 0.0300103 0.0241164 0.0187223 0.0139458 0.00989007 0.00662173 0.0041494
 0.00907086 0.0145779 0.0216455 0.0301089 0.0396282 0.04957 0.0589576 0.0666761 0.0718646 0.074196 0.0738524 0.0712993 0.0670749 0.0616863 0.055574 0.0490947 0.0425188 0.0360427 0.0298143 0.0239572 0.0185894 0.0138287 0.00978247 0.00652376 0.00406558
 0.00898442 0.0144676 0.0215356 0.0300409 0.0396497 0.0497168 0.059237 0.0670605 0.072298 0.0746088 0.0741793 0.0714949 0.0671233 0.0616016 0.0553913 0.0488575 0.0422664 0.0358039 0.0296052 0.023783 0.0184476 0.013713 0.00968676 0.00644464 0.00400236
 0.00892633 0.0143669 0.0213745 0.0298051 0.039339 0.0493575 0.0588883 0.0668037 0.0722084 0.0747231 0.074478 0.0719097 0.0675645 0.0619896 0.0556777 0.0490302 0.0423414 0.035811 0.0295747 0.0237375 0.0183998 0.013668 0.00964574 0.00640798 0.00397105
 0.00894911 0.0143889 0.0213792 0.0297668 0.039228 0.0491508 0.0585815 0.0664205 0.071802 0.0743683 0.0742517 0.0718649 0.0677095 0.0622837 0.0560483 0.0494004 0.042655 0.0360431 0.0297273 0.0238275 0.0184472 0.0136888 0.00965072 0.006404 0.00396284
 0.00895959 0.0144105 0.0214193 0.0298316 0.0393176 0.049252 0.0586648 0.0664456 0.0717332 0.0741936 0.0739946 0.0715814 0.0674693 0.0621443 0.0560329 0.0494929 0.0428109 0.0362115 0.0298702 0.0239277 0.0185055 0.0137157 0.00965797 0.00640117 0.00395615
 0.00894455 0.0143783 0.0213573 0.0297257 0.0391583 0.0490425 0.0584251 0.0662077 0.0715282 0.0740378 0.0738862 0.0715096 0.0674294 0.062146 0.0560957 0.0496308 0.0430197 0.0364657 0.0301321 0.0241625 0.0186919 0.0138483 0.00974336 0.00645098 0.00398233
 0.00901023 0.0144743 0.021481 0.0298659 0.0392956 0.049153 0.0584845 0.0661975 0.0714424 0.0738867 0.0736933 0.0713034 0.0672335 0.0619764 0.0559637 0.0495472 0.0429933 0.0364972 0.0302099 0.0242649 0.018795 0.0139344 0.00980483 0.0064891 0.00400289
 0.008781 0.0141527 0.0210911 0.0294611 0.0389422 0.0489041 0.0583601 0.0661814 0.0714962 0.0739699 0.0737791 0.0713832 0.0673135 0.0620684 0.0560777 0.049688 0.0431603 0.036686 0.030412 0.0244674 0.0189822 0.0140921 0.00992498 0.00657149 0.00405362
 0.00848747 0.013702 0.0204651 0.0286683 0.038024 0.0479382 0.0574575 0.0654682 0.0710783 0.0738959 0.0740228 0.0718607 0.0679205 0.0627165 0.0567115 0.0502822 0.0437081 0.0371866 0.030864 0.0248662 0.0193211 0.0143653 0.0101307 0.00671443 0.00414439
 0.00837064 0.0134993 0.0201376 0.028175 0.0373352 0.0470559 0.0564338 0.0644088 0.0701242 0.0731881 0.0736643 0.071889 0.0683018 0.0633612 0.0575061 0.051122 0.0445179 0.037924 0.0315108 0.0254168 0.0197746 0.0147229 0.0103973 0.00689974 0.00426312
 0.00806389 0.013042 0.0195249 0.0274259 0.0364826 0.046132 0.0554642 0.063421 0.069164 0.0723312 0.0730124 0.071547 0.0683435 0.0638015 0.0582912 0.0521455 0.0456519 0.0390519 0.0325472 0.0263117 0.0205069 0.0152917 0.0108144 0.0071861 0.00444539
 0.00804774 0.0129858 0.0193869 0.0271535 0.0360315 0.0454917 0.0546751 0.0625671 0.0683413 0.0716139 0.0724392 0.0711353 0.0681135 0.0637853 0.0585192 0.052621 0.046335 0.0398649 0.0333965 0.0271127 0.0212005 0.0158484 0.0112299 0.00747421 0.00462995
 0.00871962 0.0139165 0.0204874 0.0282365 0.0368586 0.0458543 0.0544644 0.0618015 0.067148 0.0701832 0.0709749 0.0698117 0.0670492 0.0630391 0.0581044 0.0525223 0.046517 0.0402712 0.0339502 0.0277264 0.0217932 0.0163607 0.0116315 0.00776115 0.00481715
 0.00959285 0.015276 0.0224111 0.0307289 0.0398197 0.0490498 0.0575198 0.0642549 0.0685736 0.070337 0.0698795 0.0677321 0.064382 0.0601848 0.0553796 0.0501302 0.0445582 0.0387695 0.0328762 0.027016 0.0213636 0.0161266 0.0115191 0.00771566 0.00480336
 0.00972249 0.0155763 0.0230266 0.0318439 0.0416045 0.051576 0.0606813 0.067741 0.071918 0.0730266 0.0714843 0.0680141 0.0633523 0.0580866 0.0526046 0.0471031 0.0416381 0.0361982 0.0307743 0.0254067 0.0202053 0.0153422 0.0110197 0.00741733 0.00463664
 0.00927655 0.014939 0.0222369 0.0310128 0.0409085 0.0512326 0.0609086 0.0687031 0.0736559 0.0753992 0.0741588 0.0705334 0.0652643 0.0590812 0.0525979 0.0462371 0.040206 0.0345358 0.0291668 0.024038 0.0191529 0.0146023 0.0105411 0.00713178 0.00447944
 0.0090086 0.0145019 0.0215813 0.0301056 0.0397575 0.0499177 0.0596043 0.067667 0.0731713 0.0756852 0.0752845 0.0723727 0.0675103 0.0613234 0.0544393 0.0474092 0.0406355 0.0343363 0.028566 0.0232833 0.0184369 0.0140314 0.0101433 0.0068852 0.00434234
 0.00896915 0.0144174 0.0214156 0.0298097 0.0392794 0.0492205 0.0586904 0.066599 0.0720824 0.0747696 0.0747606 0.0724205 0.0682005 0.0625697 0.0560054 0.0489776 0.0419126 0.0351458 0.0288879 0.0232263 0.0181686 0.0137061 0.00986057 0.00668423 0.00422023
 0.00888676 0.0142805 0.0212032 0.0294984 0.038845 0.0486434 0.0579628 0.0657343 0.0711234 0.0737964 0.0738936 0.0718103 0.0679975 0.0628751 0.0568203 0.0501796 0.0432808 0.0364316 0.0298992 0.0238819 0.0184986 0.0138086 0.00984477 0.00663139 0.00417262
 0.00898399 0.01442 0.0213778 0.0296873 0.0390159 0.0487576 0.0579805 0.0656185 0.0708459 0.0733467 0.0732912 0.0711151 0.0673118 0.0623289 0.0565372 0.050231 0.0436503 0.0370129 0.0305352 0.0244269 0.0188697 0.0139992 0.00990185 0.00661749 0.00413693
 0.00902616 0.0144878 0.0214775 0.029822 0.0391819 0.0489404 0.0581521 0.0657397 0.0708746 0.0732491 0.0730515 0.0707417 0.0668407 0.0618243 0.0560856 0.049923 0.0435508 0.0371323 0.0308207 0.0247829 0.0191986 0.0142388 0.0100383 0.00667312 0.00414637
 0.00900887 0.0144623 0.0214444 0.0297841 0.039145 0.048912 0.0581397 0.0657476 0.0708991 0.0732758 0.0730565 0.0706985 0.066731 0.0616484 0.055869 0.049714 0.0434078 0.0371021 0.0309167 0.0249774 0.0194348 0.0144575 0.0102014 0.00677202 0.00419422
 0.00899831 0.0144499 0.0214345 0.0297837 0.0391614 0.0489498 0.058199 0.065823 0.0709818 0.073355 0.07312 0.0707321 0.0667193 0.0615795 0.0557411 0.0495425 0.0432258 0.036952 0.0308343 0.024976 0.0195003 0.0145566 0.0102991 0.00684603 0.00423885
 0.00888989 0.0142858 0.0212107 0.0295059 0.0388453 0.0486201 0.0578871 0.0655642 0.0708085 0.0732885 0.0731643 0.0708732 0.0669293 0.0618229 0.0559827 0.0497559 0.0433999 0.0370927 0.0309591 0.025103 0.0196368 0.0146957 0.0104256 0.00694603 0.00430699
 0.00883102 0.0141888 0.0210629 0.0292963 0.0385686 0.0482826 0.0575118 0.0651897 0.0704818 0.073053 0.0730493 0.0708882 0.0670639 0.0620509 0.0562686 0.0500619 0.043694 0.0373553 0.0311848 0.0252964 0.0198056 0.0148437 0.0105508 0.00704406 0.00437605
 0.00887481 0.0142537 0.0211483 0.0293958 0.0386697 0.0483673 0.0575588 0.0651793 0.0704026 0.0729086 0.0728602 0.0706872 0.066886 0.0619226 0.0562015 0.0500521 0.0437267 0.0374119 0.0312499 0.0253616 0.0198682 0.0149033 0.0106058 0.00709143 0.00441268
 0.00881305 0.0141601 0.0210201 0.0292353 0.0384836 0.0481654 0.0573529 0.0649819 0.0702251 0.0727602 0.0727474 0.070616 0.0668634 0.0619563 0.0562962 0.0502052 0.0439263 0.0376383 0.0314808 0.0255775 0.0200565 0.0150581 0.0107265 0.00718015 0.00447357
 0.00878971 0.0141201 0.0209565 0.0291411 0.038354 0.0480017 0.0571645 0.064786 0.0700423 0.072608 0.0726363 0.0705489 0.0668388 0.0619721 0.0563522 0.050302 0.0440621 0.0378061 0.0316674 0.0257663 0.0202315 0.0152077 0.010845 0.00726727 0.0045328
 0.00889151 0.014277 0.0211759 0.0294219 0.038685 0.0483598 0.0575148 0.0650853 0.0702482 0.0726908 0.072587 0.0703795 0.0665766 0.0616519 0.0560097 0.0499702 0.0437679 0.0375677 0.0314924 0.0256519 0.020167 0.0151788 0.0108379 0.00727107 0.0045402
 0.00890619 0.0143205 0.0212769 0.0296172 0.0390078 0.0488219 0.0580919 0.065715 0.0708448 0.0731681 0.07288 0.0704565 0.0664413 0.0613372 0.0555678 0.0494607 0.0432475 0.0370828 0.0310749 0.0253179 0.0199185 0.0150069 0.0107276 0.00720559 0.00450452
 0.00893233 0.0143492 0.0212962 0.0296125 0.0389718 0.048767 0.0580554 0.0657496 0.0709937 0.0734397 0.0732365 0.0708261 0.0667444 0.0615147 0.0555955 0.0493502 0.0430357 0.0368175 0.030802 0.0250726 0.0197208 0.0148628 0.0106322 0.00714828 0.00447338
 0.00942909 0.0150919 0.0222916 0.0308193 0.0403071 0.0501213 0.0593081 0.0667853 0.0717219 0.0738145 0.0732634 0.0705477 0.066217 0.0607889 0.054714 0.0483556 0.0419791 0.0357593 0.0298048 0.0241901 0.0189892 0.0142963 0.0102238 0.00687543 0.00430523
 0.00982325 0.0157483 0.0233033 0.032269 0.0422326 0.0524696 0.0619013 0.0693318 0.073885 0.0753095 0.0739334 0.0703854 0.0653347 0.0593649 0.0529404 0.0464045 0.0399896 0.0338399 0.0280399 0.0226443 0.0177053 0.0132914 0.00948782 0.00637447 0.00399047
 0.0094384 0.0151942 0.0226065 0.0315116 0.0415445 0.0520055 0.0618097 0.0697175 0.0747693 0.0766019 0.0754383 0.0718538 0.0665394 0.0601623 0.0532915 0.0463559 0.0396357 0.0332883 0.0273908 0.0219819 0.0170949 0.0127767 0.00908984 0.00609279 0.00380859
 0.00865803 0.01395 0.0207872 0.0290517 0.0384626 0.0484528 0.058105 0.0663265 0.0722067 0.0752872 0.0755708 0.0733627 0.0691202 0.0633746 0.0566779 0.049542 0.0423834 0.0354976 0.029067 0.0231914 0.0179288 0.0133271 0.00943743 0.00630246 0.00392887
 0.00807225 0.0130463 0.0195156 0.0273924 0.0364224 0.0460631 0.055436 0.0635147 0.0694778 0.0729501 0.0739699 0.0727911 0.069725 0.0650957 0.0592544 0.0525861 0.0454896 0.0383387 0.0314453 0.0250392 0.0192741 0.0142508 0.0100373 0.00667065 0.00414172
#obs surv len freq
 nan nan nan nan nan nan nan nan nan nan nan nan nan nan nan nan nan nan nan nan nan nan nan nan nan
 0.00447945 0.00733852 0.0111666 0.0159819 0.0216829 0.0279597 0.0342758 0.0400092 0.0446908 0.0481562 0.0505154 0.0520124 0.0529056 0.0534187 0.0537336 0.053989 0.0542679 0.0545608 0.0546997 0.0542917 0.0527296 0.0493614 0.0438106 0.0362899 0.0276726
 0.00461464 0.00755789 0.0114957 0.0164435 0.0222916 0.028714 0.0351491 0.0409476 0.0456191 0.0489925 0.0511855 0.0524615 0.0531045 0.0533646 0.0534467 0.0535049 0.0536291 0.0538093 0.0538739 0.0534279 0.051866 0.0485404 0.0430759 0.0356787 0.0272055
 0.00477587 0.0078236 0.0119021 0.0170261 0.0230775 0.02971 0.0363297 0.0422503 0.046953 0.050254 0.0522751 0.0532947 0.0536189 0.0535249 0.0532465 0.052966 0.0527952 0.0527384 0.052631 0.0520823 0.0504923 0.0472184 0.0418851 0.0346846 0.0264444
 0.00496637 0.00813527 0.012375 0.0176994 0.0239824 0.0308584 0.0377014 0.0437874 0.0485649 0.0518319 0.0537068 0.0544764 0.0544629 0.0539656 0.0532454 0.0525146 0.0519159 0.0514818 0.0510727 0.0503189 0.0486384 0.0454007 0.0402292 0.0332932 0.0253751
 0.00518443 0.0084912 0.0129134 0.0184629 0.0250039 0.0321486 0.039236 0.045502 0.0503635 0.0536036 0.0553414 0.0558725 0.0555302 0.0546268 0.0534402 0.0522045 0.0510909 0.0501664 0.0493303 0.0482544 0.0463956 0.0431511 0.0381484 0.0315277 0.0240102
 0.00541515 0.00886837 0.013485 0.0192751 0.0260925 0.0335256 0.0408753 0.0473342 0.0522856 0.0554986 0.0570961 0.0573867 0.0567185 0.0554162 0.0537681 0.0520199 0.0503603 0.0488847 0.0475348 0.0460378 0.0439103 0.0405982 0.035746 0.0294646 0.0224023
 0.00563819 0.00923745 0.0140526 0.0200942 0.0272065 0.0349516 0.0425874 0.0492582 0.0543097 0.0574957 0.0589446 0.058982 0.0579757 0.0562672 0.0541569 0.0518992 0.0496915 0.0476471 0.0457434 0.0437648 0.0413004 0.0378628 0.0331298 0.0271899 0.0206132
 0.0058859 0.00964021 0.0146592 0.020951 0.0283498 0.0363953 0.0443086 0.0511902 0.0563492 0.0595196 0.0608286 0.0606144 0.0592642 0.0571404 0.0545614 0.0517935 0.0490423 0.0464328 0.0439693 0.0414879 0.0386514 0.0350492 0.0304056 0.0247961 0.0187141
 0.006141 0.0100585 0.0152951 0.0218567 0.0295646 0.0379283 0.0461233 0.0532002 0.0584327 0.0615448 0.0626758 0.062185 0.0604807 0.0579428 0.054903 0.0516376 0.0483597 0.0452046 0.0421989 0.039224 0.0360124 0.0322318 0.0276593 0.0223659 0.0167734
 0.00637963 0.0104497 0.0158902 0.0227058 0.0307074 0.039379 0.0478544 0.055136 0.0604585 0.0635286 0.0644899 0.0637216 0.0616581 0.0587042 0.0552112 0.0514667 0.0476897 0.0440219 0.0405077 0.0370675 0.0334974 0.0295389 0.025023 0.0200213 0.0148916
 0.00661813 0.0108424 0.0164901 0.0235651 0.0318662 0.040849 0.0496018 0.0570764 0.0624701 0.0654755 0.0662456 0.0651817 0.0627446 0.0593649 0.0554159 0.0512009 0.0469477 0.0428039 0.0388271 0.034969 0.03108 0.0269672 0.0225119 0.0177882 0.0130967
 0.00685603 0.0112307 0.0170774 0.0243977 0.0329793 0.0422524 0.0512649 0.0589225 0.0643852 0.0673297 0.0679136 0.0665583 0.0637508 0.05995 0.0555534 0.0508829 0.0461776 0.0415933 0.0371997 0.0329744 0.0288124 0.0245764 0.0201897 0.0157288 0.0114428
 0.00704966 0.0115527 0.0175752 0.0251194 0.0339636 0.0435125 0.0527729 0.0606045 0.0661329 0.0690223 0.069438 0.0678199 0.0646777 0.0604924 0.055683 0.0505894 0.0454647 0.0404762 0.0357074 0.0311595 0.0267652 0.022432 0.0181175 0.0138971 0.00997451
 0.00727122 0.0119128 0.0181171 0.025883 0.0349775 0.0447818 0.0542655 0.062246 0.0678158 0.0706252 0.0708467 0.0689418 0.0654481 0.0608752 0.0556657 0.050177 0.0446732 0.0393298 0.0342412 0.0294285 0.0248549 0.0204644 0.0162398 0.0122526 0.00866496
 0.00743743 0.0121884 0.0185416 0.0264961 0.0358105 0.045844 0.0555315 0.0636515 0.0692679 0.0720205 0.0720882 0.0699486 0.0661595 0.0612512 0.0556869 0.0498419 0.0439951 0.0383335 0.0329636 0.0279237 0.0232026 0.0187724 0.0146343 0.0108536 0.00755554
 0.00754362 0.012361 0.0188019 0.0268656 0.0363087 0.0464842 0.0563145 0.0645599 0.0702643 0.07305 0.0730842 0.0708401 0.0668791 0.0617424 0.0559085 0.0497701 0.0436231 0.037671 0.0320376 0.0267815 0.0219154 0.0174351 0.0133557 0.00973533 0.0066672
 0.00760727 0.0124613 0.0189472 0.0270626 0.0365628 0.0467998 0.0566945 0.0650052 0.0707726 0.0736145 0.0736903 0.0714612 0.0674747 0.0622603 0.0562918 0.0499663 0.043593 0.0373944 0.0315177 0.0260476 0.0210241 0.0164672 0.012405 0.00888994 0.00598881
 0.00767278 0.0125605 0.0190829 0.0272327 0.0367616 0.0470197 0.0569281 0.0652472 0.0710213 0.0738732 0.0739663 0.0717612 0.0677977 0.062591 0.0565982 0.050203 0.0437096 0.0373477 0.0312826 0.0256263 0.0204493 0.0157995 0.0117215 0.0082662 0.00547995
 0.0077161 0.0126284 0.01918 0.027361 0.0369188 0.0471989 0.0571171 0.0654303 0.0711849 0.0740111 0.0740829 0.0718704 0.0679163 0.06273 0.0567558 0.0503604 0.0438324 0.0373936 0.0312135 0.0254212 0.0201149 0.0153714 0.011256 0.00782441 0.00511005
 0.00777155 0.0127082 0.0192812 0.0274744 0.0370326 0.0473027 0.0572055 0.0655033 0.0712451 0.0740613 0.0741261 0.0719101 0.0679588 0.0627835 0.0568265 0.050447 0.0439214 0.0374589 0.0312228 0.0253471 0.0199468 0.0151225 0.0109612 0.00752861 0.00485277
 0.00781718 0.0127796 0.0193829 0.0276072 0.0371916 0.0474759 0.0573735 0.0656431 0.0713369 0.074097 0.0741112 0.0718616 0.0678969 0.0627261 0.0567854 0.0504271 0.0439195 0.0374629 0.0312124 0.0252997 0.0198466 0.0149691 0.0107713 0.00733036 0.00467478
 0.00783839 0.0128135 0.0194329 0.0276759 0.0372805 0.0475837 0.0574952 0.0657686 0.0714522 0.0741864 0.0741626 0.0718698 0.0678666 0.0626702 0.0567205 0.0503678 0.043874 0.0374304 0.0311836 0.0252601 0.0197825 0.0148744 0.010652 0.007202 0.00455604
 0.00787025 0.0128573 0.0194841 0.027726 0.0373197 0.0476059 0.0575012 0.0657659 0.0714511 0.0741949 0.0741825 0.0718964 0.0678916 0.062686 0.0567243 0.0503621 0.0438643 0.0374211 0.0311743 0.0252451 0.0197538 0.0148266 0.0105862 0.00712659 0.00448277
 0.00789706 0.0128984 0.019541 0.0277972 0.0373999 0.0476855 0.0575673 0.0658054 0.0714557 0.074166 0.0741314 0.0718397 0.0678435 0.0626532 0.0567054 0.0503517 0.0438571 0.0374141 0.0311657 0.0252326 0.0197339 0.0147964 0.0105457 0.00707978 0.00443645
 0.00789721 0.0129006 0.0195477 0.0278118 0.0374255 0.0477233 0.0576148 0.0658557 0.0714991 0.0741928 0.0741354 0.071821 0.0678092 0.0626143 0.0566721 0.0503298 0.0438468 0.0374115 0.0311659 0.0252311 0.019727 0.014782 0.0105238 0.00705291 0.00440876
 0.00790491 0.0129067 0.0195454 0.0277918 0.0373797 0.0476496 0.057521 0.0657585 0.071418 0.0741423 0.0741204 0.0718368 0.0678456 0.0626613 0.0567236 0.0503832 0.0439015 0.0374664 0.0312179 0.0252762 0.0197614 0.0148034 0.0105324 0.00705119 0.00440084
 0.00787924 0.0128672 0.01949 0.0277193 0.0372891 0.0475402 0.0573929 0.0656153 0.0712699 0.0740065 0.0740181 0.0717865 0.0678563 0.0627294 0.0568352 0.0505204 0.0440476 0.0376087 0.0313482 0.0253886 0.0198522 0.014871 0.0105776 0.00707736 0.00441307
 0.00791453 0.0129132 0.0195383 0.0277555 0.0372969 0.047508 0.0573187 0.0655071 0.0711412 0.0738717 0.0738897 0.0716762 0.0677757 0.0626885 0.0568392 0.0505667 0.0441266 0.0377066 0.0314511 0.0254852 0.0199349 0.0149357 0.0106235 0.00710642 0.00442902
 0.00788485 0.0128759 0.0195017 0.027732 0.0372975 0.0475343 0.0573583 0.0655369 0.071138 0.0738236 0.073802 0.0715674 0.067669 0.0626043 0.0567906 0.0505593 0.0441584 0.0377696 0.0315332 0.0255732 0.0200174 0.0150048 0.0106756 0.00714174 0.00445036
 0.00785808 0.0128258 0.0194153 0.0275961 0.0371055 0.0472943 0.0570977 0.0652968 0.0709579 0.0737256 0.0737834 0.0716082 0.0677458 0.0627011 0.0569022 0.0506861 0.0443014 0.037926 0.0316955 0.0257311 0.02016 0.0151236 0.0107666 0.00720534 0.00449074
 0.0078168 0.0127584 0.0193128 0.0274497 0.0369073 0.0470406 0.0567934 0.0649598 0.0706211 0.073432 0.0735763 0.0715173 0.067778 0.0628399 0.0571169 0.0509445 0.0445776 0.0382025 0.0319602 0.025974 0.020372 0.0152979 0.0108999 0.00729947 0.00455155
 0.00780918 0.0127401 0.0192745 0.0273788 0.0367914 0.0468718 0.0565723 0.0646973 0.0703361 0.0731489 0.0733225 0.071322 0.067667 0.0628301 0.0572093 0.0511238 0.044817 0.038472 0.0322335 0.0262309 0.0205987 0.0154855 0.0110448 0.00740302 0.00461941
 0.0077989 0.0127251 0.0192545 0.0273536 0.0367589 0.0468264 0.0565051 0.064598 0.070198 0.0729735 0.0731226 0.0711193 0.0674888 0.0627032 0.0571546 0.0511508 0.0449218 0.0386378 0.0324357 0.0264435 0.0207994 0.0156588 0.0111823 0.00750321 0.00468618
 0.00772777 0.0126129 0.0190927 0.0271379 0.0364918 0.0465196 0.0561809 0.0642865 0.0699299 0.0727713 0.072995 0.071064 0.0674984 0.0627714 0.0572787 0.05133 0.0451527 0.038911 0.0327338 0.026744 0.0210791 0.015899 0.0113724 0.00764132 0.004778
 0.00934296 0.0148695 0.0218069 0.0299113 0.0388274 0.0480069 0.0566427 0.0638065 0.0687663 0.0712289 0.0713301 0.0694473 0.0660228 0.0614761 0.0561733 0.0504111 0.0444125 0.0383387 0.0323147 0.0264572 0.0208984 0.0157961 0.0113208 0.00761983 0.0047716
 0.00932865 0.0151476 0.0227563 0.032001 0.0424115 0.0530479 0.0625364 0.0694813 0.0730639 0.0733631 0.0711468 0.0673631 0.0627403 0.0576837 0.0523745 0.0468979 0.0413195 0.0357099 0.0301495 0.0247326 0.0195772 0.0148293 0.0106502 0.00718243 0.00450554
 0.00898253 0.0146011 0.0219865 0.0310559 0.0414664 0.0524438 0.06274 0.0709183 0.075865 0.0771738 0.0751715 0.0706689 0.0646475 0.0580025 0.0513724 0.0450784 0.039184 0.0336213 0.0283096 0.0232224 0.0184058 0.0139681 0.0100523 0.0067929 0.00426927
 0.0088339 0.0143476 0.0215836 0.0304572 0.0406407 0.0514077 0.0615995 0.0698992 0.0752972 0.0774 0.0763925 0.0727939 0.0672578 0.0604883 0.0531815 0.0459306 0.0391273 0.0329298 0.0273186 0.0222034 0.0175202 0.0132802 0.00956308 0.00647173 0.00407447
 0.0087458 0.0142026 0.0213612 0.0301348 0.0401957 0.0508224 0.0608723 0.0690604 0.074428 0.0766471 0.0759591 0.0728884 0.0680011 0.0618209 0.0548406 0.0475349 0.0403327 0.0335633 0.0274123 0.0219283 0.017081 0.0128363 0.00920101 0.00621613 0.00391378
 0.00869681 0.0141198 0.0212306 0.0299412 0.0399249 0.0504658 0.0604304 0.0685449 0.0738622 0.0760692 0.0754303 0.0725017 0.0678734 0.062057 0.0554743 0.048482 0.0413988 0.0345147 0.0280739 0.0222452 0.0171129 0.0127011 0.00901186 0.00604583 0.00379125
 0.00870543 0.0141285 0.0212333 0.0299279 0.0398825 0.0503802 0.0602895 0.0683409 0.0735933 0.0757417 0.0750624 0.0721273 0.0675471 0.0618513 0.0554633 0.0487093 0.0418442 0.0350855 0.0286348 0.0226762 0.0173567 0.012773 0.00897272 0.00596255 0.00371026
 0.00869739 0.0141183 0.021223 0.0299203 0.0398788 0.0503778 0.0602799 0.0683103 0.0735261 0.0756262 0.0748943 0.0719137 0.0673084 0.0616229 0.0552927 0.0486468 0.0419231 0.0353016 0.0289395 0.022992 0.0176111 0.0129277 0.00903185 0.00595789 0.00367832
 0.00867347 0.0140808 0.0211693 0.0298497 0.0397936 0.0502838 0.0601864 0.0682277 0.0734621 0.0755808 0.0748593 0.0718761 0.0672571 0.0615562 0.0552233 0.0486001 0.0419296 0.0353826 0.0290936 0.0231911 0.0178109 0.013088 0.00913293 0.00600377 0.00368746
 0.00866835 0.0140737 0.021161 0.0298411 0.0397856 0.0502763 0.0601779 0.0682162 0.0734462 0.0755602 0.0748345 0.0718464 0.06722 0.0615082 0.0551644 0.0485376 0.0418791 0.0353634 0.029119 0.0232601 0.0179065 0.013185 0.00920967 0.00605103 0.00370845
 0.00866395 0.0140649 0.0211449 0.0298145 0.0397462 0.0502245 0.0601183 0.0681565 0.0733948 0.0755235 0.0748145 0.0718413 0.0672252 0.0615182 0.0551739 0.0485437 0.0418838 0.0353735 0.0291435 0.0233045 0.0179682 0.0132534 0.00927157 0.00609691 0.00373599
 0.00864247 0.0140322 0.0210997 0.0297569 0.0396775 0.0501469 0.0600349 0.068072 0.0733159 0.0754584 0.0747716 0.0718261 0.0672387 0.0615564 0.0552289 0.0486068 0.0419478 0.0354353 0.0292039 0.023366 0.0180317 0.013316 0.00932758 0.00614091 0.00376572
 0.00864942 0.0140414 0.0211096 0.029765 0.0396805 0.0501423 0.0600213 0.0680497 0.073286 0.0754223 0.0747314 0.0717852 0.0672019 0.0615287 0.0552139 0.0486053 0.0419579 0.0354538 0.0292283 0.023395 0.0180644 0.0133505 0.00936069 0.00616901 0.00378646
 0.00863567 0.0140222 0.0210863 0.0297405 0.0396584 0.0501246 0.0600078 0.0680381 0.0732734 0.0754071 0.0747138 0.0717671 0.0671861 0.0615178 0.0552102 0.0486103 0.041972 0.035476 0.0292566 0.0234269 0.0180977 0.013383 0.00939021 0.0061935 0.00380468
 0.00861383 0.0139867 0.0210334 0.0296675 0.0395653 0.0500162 0.0598945 0.0679343 0.0731938 0.0753612 0.0747038 0.0717884 0.0672304 0.0615768 0.0552774 0.0486814 0.0420441 0.0355472 0.029325 0.0234907 0.018155 0.0134323 0.00943034 0.0062241 0.00382621
 0.00861383 0.0139867 0.0210334 0.0296675 0.0395653 0.0500162 0.0598945 0.0679343 0.0731938 0.0753612 0.0747038 0.0717884 0.0672304 0.0615768 0.0552774 0.0486814 0.0420441 0.0355472 0.029325 0.0234907 0.018155 0.0134323 0.00943034 0.0062241 0.00382621
 0.00872095 0.0141546 0.0212735 0.0299838 0.0399508 0.0504491 0.0603361 0.0683328 0.0734959 0.075527 0.0747174 0.0716592 0.0669864 0.0612552 0.0549161 0.0483137 0.0416963 0.0352374 0.0290637 0.0232816 0.0179966 0.0133194 0.00935505 0.00617757 0.0037998
 0.00886641 0.0143966 0.0216466 0.0305196 0.0406664 0.0513304 0.0613247 0.0693269 0.0743702 0.0761656 0.0750415 0.0716421 0.0666523 0.0606668 0.0541575 0.047473 0.0408516 0.0344488 0.028371 0.022706 0.0175436 0.0129824 0.00911945 0.00602372 0.00370665
 0.00882867 0.0143492 0.0216021 0.0305018 0.0407078 0.0514666 0.0615854 0.0697248 0.074891 0.0767613 0.0756347 0.0721423 0.0669799 0.060775 0.0540425 0.0471701 0.0404211 0.033959 0.0278831 0.0222655 0.0171772 0.0126999 0.00891713 0.00588952 0.00362455
 0.00902235 0.0146473 0.0220191 0.0310388 0.041352 0.0521911 0.0623493 0.0704759 0.0755724 0.0773214 0.0760335 0.0723517 0.0669815 0.0605603 0.053618 0.0465635 0.0396825 0.0331546 0.0270837 0.0215331 0.0165557 0.0122104 0.00855963 0.00564803 0.00347431
 0.00941342 0.0152812 0.0229657 0.0323511 0.0430424 0.0542016 0.064529 0.0725916 0.0773605 0.0785611 0.0766033 0.0722439 0.0662789 0.0593959 0.0521383 0.0449047 0.0379623 0.031472 0.0255213 0.0201567 0.0154097 0.0113134 0.00790374 0.00520273 0.00319538
 0.00896411 0.0146152 0.0220872 0.031317 0.0419603 0.0532171 0.0638061 0.0722821 0.0775622 0.0792767 0.0777262 0.0735864 0.0676292 0.0605762 0.0530375 0.0454831 0.0382363 0.0314939 0.0253616 0.01989 0.0151045 0.0110234 0.00766274 0.00502428 0.00307676
 0.00842553 0.0136952 0.0206296 0.0291735 0.0390546 0.049632 0.0598483 0.0684643 0.0744811 0.0774368 0.0773946 0.0747382 0.0699886 0.0637152 0.0564917 0.0488489 0.0412296 0.0339644 0.0272731 0.0212849 0.0160675 0.0116533 0.00805293 0.00525288 0.00320308
 0.00855423 0.0138399 0.0207225 0.0290969 0.0386542 0.0487503 0.0583739 0.0663875 0.0719416 0.074739 0.0749639 0.0730131 0.0692857 0.0641291 0.0578776 0.0508882 0.0435408 0.0362079 0.0292164 0.0228182 0.0171825 0.0124057 0.00852588 0.00553021 0.00335473
#pred catch len freq
 0.00454667 0.00716233 0.0103855 0.0141147 0.0182898 0.0228798 0.0278105 0.0329188 0.0379767 0.0427489 0.0470314 0.0506715 0.0535819 0.0557464 0.0572104 0.058065 0.058431 0.0584299 0.0581105 0.0573323 0.0556767 0.0525122 0.0472875 0.0399406 0.031139
 0.00478369 0.00746727 0.0106991 0.0143409 0.0183326 0.0226962 0.0274454 0.0324933 0.0376316 0.0425767 0.047041 0.0508029 0.053756 0.0559159 0.0573834 0.0582913 0.0587609 0.0588656 0.0585778 0.0576933 0.055785 0.0522848 0.0467509 0.0392212 0.0304029
 0.00503971 0.00786907 0.0112714 0.0150824 0.0192003 0.023593 0.028225 0.0329982 0.0377584 0.0423327 0.0465474 0.0502342 0.0532561 0.0555481 0.0571403 0.0581408 0.0586828 0.0588502 0.058597 0.0576782 0.0556386 0.0519303 0.0461822 0.038516 0.0296875
 0.00531204 0.00829431 0.0118804 0.0158963 0.0202302 0.0248353 0.0296453 0.0345086 0.0392056 0.0435173 0.0472817 0.0504162 0.052914 0.0548238 0.0562198 0.0571799 0.0577696 0.05801 0.0578122 0.0569043 0.0548202 0.051027 0.0452002 0.0375197 0.0287761
 0.00562692 0.00878256 0.0125726 0.0168088 0.0213688 0.0261977 0.0312187 0.0362591 0.0410639 0.0453662 0.0489522 0.0517061 0.0536368 0.0548721 0.0556091 0.0560412 0.0562928 0.0563723 0.0561317 0.055233 0.0531694 0.0494049 0.0436426 0.0360975 0.0275731
 0.0059395 0.0092695 0.0132671 0.0177312 0.0225281 0.0275932 0.032837 0.0380675 0.0430062 0.0473598 0.0508852 0.0534349 0.0549908 0.0556767 0.0557283 0.0554243 0.0549982 0.0545493 0.0539687 0.0529051 0.0508134 0.0471274 0.0415406 0.0342664 0.0260919
 0.00623756 0.00973258 0.0139254 0.0186025 0.0236205 0.0289078 0.0343656 0.0397863 0.0448701 0.0493004 0.0528123 0.0552379 0.05654 0.056827 0.0563316 0.0553556 0.0541921 0.05303 0.0518543 0.0503821 0.0480968 0.0444279 0.039045 0.0321235 0.0243952
 0.00652287 0.0101796 0.014568 0.0194636 0.0247126 0.0302325 0.0359085 0.0415129 0.0467241 0.0512085 0.0546891 0.0569899 0.0580666 0.0580194 0.0570728 0.0555273 0.0536934 0.0518089 0.0499397 0.0478994 0.0452569 0.0414911 0.0362726 0.0297298 0.0225098
 0.00686774 0.0107112 0.0153151 0.0204378 0.0259121 0.0316472 0.0375198 0.0432863 0.0486042 0.0531179 0.056535 0.0586735 0.0594924 0.0590994 0.0577239 0.0556656 0.0532359 0.0506894 0.048141 0.0454885 0.042403 0.0384507 0.0333391 0.0271639 0.020479
 0.00732889 0.0114126 0.016282 0.0216647 0.0273706 0.0332981 0.0393182 0.0451796 0.050528 0.054996 0.0582837 0.0602069 0.0607286 0.0599651 0.0581554 0.0556054 0.0526285 0.0494858 0.0463188 0.0430864 0.0395529 0.0353821 0.0303413 0.0245139 0.0183668
 0.00782849 0.012181 0.017357 0.0230534 0.0290511 0.0352237 0.0414178 0.0473572 0.0526697 0.0569858 0.0600193 0.0616087 0.0617397 0.0605467 0.0582801 0.0552497 0.0517674 0.0480939 0.0443851 0.0406436 0.0367102 0.0323399 0.0273659 0.0218726 0.0162518
 0.00828075 0.0128835 0.0183545 0.0243686 0.0306858 0.0371584 0.0436051 0.0497122 0.0550675 0.0592726 0.0620341 0.0632093 0.0628246 0.0610649 0.0582254 0.0546431 0.0506366 0.0464624 0.0422771 0.0381076 0.0338503 0.029335 0.024454 0.0192968 0.01419
 0.00859039 0.013369 0.0190533 0.0253072 0.0318805 0.0386144 0.0453097 0.0516254 0.0571157 0.0613484 0.0640033 0.0649247 0.0641461 0.0618817 0.0584722 0.0543028 0.04973 0.0450317 0.0403773 0.0358126 0.0312721 0.0266392 0.0218499 0.0169957 0.0123468
 0.00889808 0.013849 0.0197389 0.026219 0.0330269 0.0399916 0.0468975 0.0533809 0.0589701 0.0632102 0.0657644 0.0664692 0.0653597 0.0626635 0.0587463 0.0540277 0.048902 0.0436822 0.0385674 0.0336324 0.0288467 0.0241326 0.0194542 0.0148956 0.0106739
 0.00921023 0.0143291 0.0204116 0.0270918 0.0340938 0.0412377 0.0482989 0.0548995 0.0605498 0.0647773 0.0672329 0.0677482 0.0663621 0.0633125 0.0589807 0.053806 0.0482064 0.0425227 0.0369865 0.031709 0.0266995 0.021917 0.0173454 0.0130564 0.00921527
 0.00949471 0.014765 0.0210186 0.0278725 0.0350372 0.0423241 0.0495007 0.0561791 0.0618577 0.0660533 0.068411 0.0687614 0.0671468 0.0638132 0.0591524 0.0536161 0.0476362 0.0415719 0.0356798 0.0301049 0.0248961 0.0200487 0.0155654 0.0115054 0.0079878
 0.00951539 0.0148244 0.0211557 0.0281395 0.0354868 0.0429895 0.0503784 0.0572244 0.0629961 0.0672008 0.0694898 0.0697072 0.067909 0.0643512 0.0594334 0.0536136 0.0473311 0.0409561 0.034764 0.0289278 0.023532 0.0186061 0.0141723 0.0102813 0.0070142
