SBPRF35
7.78865
Curr Bio
495139
B35
665190
F35
0.213086
FOFL
0.142628
OFL
51954.7
Bzero
2.22533e+06
#pred survey bio
 4.86152e+06 4.60084e+06 4.34283e+06 4.02416e+06 3.68541e+06 3.32785e+06 2.95832e+06 2.6105e+06 2.29617e+06 2.03704e+06 1.78331e+06 1.5585e+06 1.40028e+06 1.23068e+06 1.0835e+06 958667 866339 801822 744512 705636 682230 658991 628838 619100 618268 617184 608321 602050 601623 601867 613789 607237 605768 598657 602985 583891 568723 562925 567703 555867 563131 568205 572067 578407 586750 593012 591729 595743 605789 597917 592511 569941 564408 568751 592527 598365 585847 551237 524938 502270 521777 535358 543629 552987 557570 542117 526715 526853 500649 1.61467e+07 9.65135e+06 9.98139e+06 1.08729e+07 1.20464e+07 1.32421e+07 1.43091e+07 1.51876e+07 1.58736e+07 1.63908e+07 1.67716e+07 1.70478e+07 1.72465e+07 1.73888e+07 1.74907e+07 1.75639e+07 1.76167e+07 1.76549e+07 1.76829e+07 1.77034e+07 1.77186e+07 1.77299e+07 1.77384e+07 1.77447e+07 1.77495e+07 1.77532e+07 1.7756e+07 1.77581e+07 1.77597e+07 1.77609e+07 1.77619e+07 1.77626e+07 1.77632e+07 1.77636e+07 1.7764e+07 1.77642e+07 1.77644e+07 1.77646e+07 1.77647e+07 1.77648e+07 1.77649e+07 1.77649e+07 1.7765e+07 1.7765e+07 1.7765e+07 1.7765e+07 1.7765e+07 1.77651e+07 1.77651e+07 1.77651e+07 1.77651e+07 1.77651e+07 1.77651e+07 1.77651e+07 1.77651e+07 1.77651e+07 1.77651e+07 1.77651e+07 1.77651e+07 1.77651e+07 1.77651e+07 1.77651e+07 1.77651e+07 1.77651e+07 1.77651e+07 1.77651e+07 1.77651e+07 1.77651e+07 1.77651e+07 1.77651e+07 1.77651e+07 1.77651e+07 1.77651e+07 1.77651e+07 1.77651e+07 1.77651e+07 1.77651e+07 1.77651e+07 1.77651e+07 1.77651e+07 1.77651e+07 1.77651e+07 1.77651e+07 1.77651e+07 1.77651e+07 1.77651e+07 1.77651e+07 1.77651e+07 1.77651e+07 1.77651e+07 1.77651e+07 1.77651e+07 1.77651e+07 1.77651e+07 1.77651e+07 1.77651e+07 1.77651e+07 1.77651e+07 1.77651e+07 1.77651e+07 0 0 0 0 0 0 0 0 0 0 0 0 0 0 0 0 0 0 0 0 0 0 0 0 0
#obs survey bio
 3.2008e+06 4.4728e+06 4.288e+06 2.7505e+06 3.93964e+06 2.65786e+06 2.06979e+06 2.40636e+06 1.93906e+06 1.50197e+06 1.68714e+06 952076 1.63642e+06 494635 1.13624e+06 949219 707768 607182 507708 636097 837490 734185 451211 668344 524211 481689 673177 418321 511231 539606 431641 601875 573340 537998 691125 608529 585112 684394 703575 477396 562874 540215 777420 505777 565125 553690 840265 351604 549414 664220 567168 503394 519705 472663 603168 779037 641011 819215 331937 491064 420911 442280 464860 501362 446176 690890 704749 759380 518891
#pred catch bio
 85951.3 87077.9 156453 198436 245191 289677 304530 306435 284794 303308 295966 250590 268914 252901 233043 202499 175689 165702 145840 129090 125901 129226 110783 103217 103269 108817 105495 100300 99728.6 90159.3 104912 97975.8 98960.7 85127.2 100134 94181.9 88569.3 83762.5 99615.2 83949.3 86235.8 87046.8 84850.2 83668.7 86167.2 92945.2 89155.4 85318.8 100457 97630.1 111785 98024.8 90617.6 74611.7 88655.5 101756 118037 109793 106623 72451.3 78637.6 82759.6 81161.1 84566 100145 97906.1 82877.9 101977 107656 51954.7 74520.1 75578.2 81120.9 89612.2 98484.2 106331 112652 117443 120921 123366 125043 126174 126924 127416 127737 127944 128076 128161 128215 128250 128271 128285 128294 128299 128303 128305 128306 128307 128308 128308 128308 128308 128308 128308 128308 128308 128308 128308 128308 128308 128308 128308 128308 128308 128308 128308 128308 128308 128308 128308 128308 128308 128308 128308 128308 128308 128308 128308 128308 128308 128308 128308 128308 128308 128308 128308 128308 128308 128308 128308 128308 128308 128308 128308 128308 128308 128308 128308 128308 128308 128308 128308 128308 128308 128308 128308 128308 128308 128308 128308 128308 128308 128308 128308 128308 128308 128308 128308 128308 0 0 0 0 0 0 0 0 0 0 0 0 0 0 0 0 0 0 0 0 0 0 0 0 0
#obs catch bio
 0 86774.2 157155 199596 247316 292825 309516 312435 290612 311258 304919 258620 277503 263820 241494 208229 180301 169576 149320 131427 127534 131093 112918 104756 105192 110847 106969 101990 101702 91443.7 107357 100017 100679 85979.4 101268 94748.7 88883.2 83901.1 100038 83983.9 86460.3 87286.2 84750.9 83765.2 86252.5 93183.9 89051.2 85736.5 101069 97499.9 112375 98517.3 91409.1 74836.6 89019.4 101688 117883 109306 107259 72289.5 78933.3 83067.3 81390.5 84513.7 100541 98227.2 82469.8 101642 107767
#pred cpue bio
 4.78767e+06 4.53235e+06 4.27814e+06 3.96107e+06 3.6237e+06 3.26797e+06 2.9003e+06 2.55414e+06 2.24147e+06 1.98368e+06 1.73168e+06 1.50871e+06 1.35193e+06 1.18464e+06 1.03993e+06 917915 827926 765274 709901 672604 650402 628114 598681 589051 588286 587394 579003 572986 572485 572755 584487 578481 577846 571914 577180 559474 544218 536919 540567 529156 536479 541624 545571 551799 559806 565781 564439 568127 577754 570260 565041 542656 536713 541046 564860 571300 559364 525330 499123 476629 495609 509332 517800 527179 531765 516764 502002 502588 477727 1.54075e+07 9.2108e+06 9.39543e+06 1.01401e+07 1.12664e+07 1.24518e+07 1.3517e+07 1.43951e+07 1.50811e+07 1.55983e+07 1.59791e+07 1.62553e+07 1.64539e+07 1.65963e+07 1.66982e+07 1.67714e+07 1.68241e+07 1.68624e+07 1.68904e+07 1.69109e+07 1.69261e+07 1.69374e+07 1.69458e+07 1.69522e+07 1.6957e+07 1.69607e+07 1.69634e+07 1.69656e+07 1.69672e+07 1.69684e+07 1.69694e+07 1.69701e+07 1.69707e+07 1.69711e+07 1.69714e+07 1.69717e+07 1.69719e+07 1.6972e+07 1.69722e+07 1.69722e+07 1.69723e+07 1.69724e+07 1.69724e+07 1.69725e+07 1.69725e+07 1.69725e+07 1.69725e+07 1.69725e+07 1.69725e+07 1.69725e+07 1.69725e+07 1.69726e+07 1.69726e+07 1.69726e+07 1.69726e+07 1.69726e+07 1.69726e+07 1.69726e+07 1.69726e+07 1.69726e+07 1.69726e+07 1.69726e+07 1.69726e+07 1.69726e+07 1.69726e+07 1.69726e+07 1.69726e+07 1.69726e+07 1.69726e+07 1.69726e+07 1.69726e+07 1.69726e+07 1.69726e+07 1.69726e+07 1.69726e+07 1.69726e+07 1.69726e+07 1.69726e+07 1.69726e+07 1.69726e+07 1.69726e+07 1.69726e+07 1.69726e+07 1.69726e+07 1.69726e+07 1.69726e+07 1.69726e+07 1.69726e+07 1.69726e+07 1.69726e+07 1.69726e+07 1.69726e+07 1.69726e+07 1.69726e+07 1.69726e+07 1.69726e+07 1.69726e+07 1.69726e+07 1.69726e+07 1.69726e+07 0 0 0 0 0 0 0 0 0 0 0 0 0 0 0 0 0 0 0 0 0 0 0 0 0
#obs cpue bio
 3.27302e+06 3.59951e+06 3.72863e+06 2.30642e+06 2.66968e+06 4.10595e+06 1.97938e+06 1.97794e+06 1.6739e+06 1.9557e+06 1.15418e+06 971642 1.36872e+06 940405 937233 836108 665652 903927 622179 674740 604047 487245 352732 534630 406194 663216 539846 471693 438879 527590 503173 392825 716665 591434 631386 618968 592184 420524 499084 570216 494760 548606 538665 495770 577649 578690 502055 460225 746168 712063 449058 479582 424331 627855 661394 624986 598886 400671 490595 525725 484587 610039 568504 732440 560276 407101 526507 413052 363089
#pred surv len freq
 0.00511881 0.00829903 0.0124667 0.017591 0.0235369 0.0299869 0.0364131 0.0422055 0.0469041 0.0503561 0.0526894 0.0541693 0.0550649 0.055579 0.0558228 0.0558133 0.0554894 0.0547368 0.0533999 0.051272 0.0480896 0.043595 0.0376924 0.0306332 0.0230747
 0.00541492 0.00865954 0.0127916 0.0177274 0.0233392 0.0294002 0.0355285 0.0412382 0.0460958 0.0498586 0.0525015 0.0541602 0.0550602 0.0554556 0.0555671 0.0555225 0.0553232 0.0548413 0.0538362 0.0519817 0.0489184 0.0443601 0.0382595 0.0309591 0.0231994
 0.00571321 0.00914729 0.0135217 0.0187265 0.0245745 0.0307457 0.0367616 0.0420952 0.0463806 0.0495415 0.0517346 0.0531882 0.0540897 0.0545734 0.0547543 0.0547347 0.0545655 0.0541848 0.0533738 0.051762 0.0489073 0.0444567 0.0383517 0.0309779 0.0231377
 0.00594739 0.00953457 0.0141179 0.0195905 0.0257572 0.032268 0.0385818 0.0440801 0.0483017 0.0511142 0.0526999 0.0534058 0.0535881 0.0535222 0.0533746 0.0532122 0.0530194 0.0526919 0.0520016 0.0505728 0.0479355 0.0436922 0.0377509 0.0304943 0.0227453
 0.00618464 0.00991368 0.0146776 0.0203662 0.0267794 0.0335581 0.0401417 0.0458795 0.0502633 0.0531022 0.0545178 0.0548182 0.0543758 0.0535529 0.0526518 0.0518684 0.0512594 0.0507265 0.0500072 0.0486817 0.0462394 0.042244 0.0365682 0.0295685 0.0220538
 0.00651857 0.0104345 0.0154207 0.0213512 0.0280092 0.0350184 0.0417986 0.0476789 0.0521357 0.0549689 0.0562883 0.0563785 0.0555785 0.0542299 0.0526558 0.0511284 0.0498173 0.0487314 0.0476734 0.0462357 0.0438796 0.040121 0.0347784 0.0281555 0.0210136
 0.00687523 0.0110066 0.0162665 0.0225173 0.0295196 0.0368587 0.0439016 0.0499253 0.054377 0.0570624 0.0581242 0.0578826 0.0566936 0.0548904 0.0527753 0.0506139 0.0486091 0.0468477 0.0452332 0.0434456 0.0409921 0.0373823 0.0323853 0.0262279 0.0195865
 0.00723116 0.0115744 0.0171014 0.0236648 0.0310088 0.0386912 0.0460365 0.0522702 0.0567942 0.0593901 0.060204 0.0595833 0.0579234 0.0555939 0.0529161 0.0501564 0.0475159 0.0451031 0.042882 0.0406233 0.037923 0.0343407 0.0296337 0.0239573 0.0178813
 0.00761618 0.0121816 0.0179807 0.0248511 0.0325178 0.0405125 0.0481246 0.0545395 0.0591266 0.0616512 0.0622595 0.0613102 0.0592171 0.0563735 0.0531263 0.049763 0.046499 0.0434586 0.040641 0.037883 0.0348669 0.0312264 0.0267406 0.021516 0.0160173
 0.00794268 0.0127038 0.0187504 0.0259102 0.0338906 0.042194 0.050068 0.0566537 0.0612896 0.063734 0.0641458 0.0629038 0.0604392 0.0571575 0.0534151 0.0495094 0.0456686 0.0420366 0.0386469 0.0353932 0.0320354 0.0282826 0.0239513 0.0191192 0.0141586
 0.00829163 0.0132635 0.0195783 0.0270541 0.035379 0.0440211 0.0521787 0.0589383 0.0635981 0.065905 0.0660356 0.0644043 0.061482 0.0577073 0.0534575 0.0490378 0.0446769 0.0405225 0.0366278 0.0329314 0.0292616 0.0254002 0.0212066 0.0167421 0.0122985
 0.00859376 0.0137526 0.0203104 0.02808 0.0367343 0.0457112 0.0541618 0.0611184 0.0658359 0.0680418 0.0679194 0.065909 0.0625185 0.0582269 0.0534471 0.0485083 0.0436496 0.039022 0.0346876 0.0306134 0.0266795 0.0227289 0.0186617 0.0145299 0.0105582
 0.00879695 0.014073 0.0207753 0.0287114 0.0375494 0.0467214 0.055367 0.0624998 0.0673496 0.069617 0.0694618 0.0673098 0.0636678 0.0590284 0.0538301 0.048433 0.0431048 0.0380196 0.033261 0.0288246 0.0246319 0.0205734 0.016582 0.012703 0.00910782
 0.00900244 0.0144209 0.0213231 0.0295172 0.0386552 0.0481283 0.0570162 0.064274 0.0691014 0.0712089 0.0707948 0.0683281 0.0643452 0.0593516 0.053789 0.0480193 0.0423164 0.0368664 0.0317713 0.0270541 0.0226728 0.0185569 0.0146645 0.0110335 0.00778858
 0.00909975 0.0145953 0.0216167 0.0299821 0.039345 0.0490822 0.0582398 0.0657248 0.0706867 0.0727976 0.0722411 0.0695013 0.0651552 0.059759 0.053797 0.0476547 0.0416115 0.0358519 0.0304817 0.025539 0.0210099 0.0168552 0.0130532 0.00963455 0.00668465
 0.00933954 0.0149516 0.0220921 0.0305613 0.0400049 0.0498068 0.0590281 0.0665859 0.0716244 0.0737925 0.0732404 0.0704216 0.0658991 0.0602385 0.053954 0.0474696 0.041098 0.0350447 0.0294265 0.0242921 0.0196437 0.0154622 0.0117385 0.00849597 0.0057877
 0.00946316 0.015157 0.0224077 0.0310115 0.0406003 0.050531 0.0598313 0.0673946 0.0723666 0.0744258 0.0737618 0.0708517 0.0662529 0.0605041 0.0540912 0.0474268 0.0408344 0.0345447 0.0287037 0.0233871 0.0186194 0.0143995 0.0107265 0.00761525 0.00509192
 0.00949816 0.0152117 0.022487 0.0311217 0.0407509 0.0507365 0.0601082 0.0677532 0.0728009 0.0749085 0.0742505 0.0713042 0.0666413 0.0608161 0.0543195 0.0475552 0.0408346 0.0343856 0.0283673 0.0228808 0.0179807 0.0136909 0.0100228 0.00698666 0.00458703
 0.00954643 0.0152883 0.0225987 0.0312727 0.0409423 0.0509644 0.0603638 0.0680249 0.0730781 0.0751843 0.0745201 0.0715604 0.0668713 0.0610037 0.0544492 0.0476145 0.0408113 0.0342657 0.0281372 0.0225366 0.0175377 0.0131868 0.00951092 0.00652157 0.00420899
 0.00958266 0.0153341 0.0226439 0.0313012 0.0409379 0.0509204 0.0602891 0.0679435 0.0730212 0.0751799 0.0745853 0.0716985 0.0670728 0.0612482 0.0547083 0.0478561 0.0410039 0.0343819 0.028157 0.0224506 0.0173521 0.0129257 0.00921323 0.00623095 0.00396129
 0.00968887 0.0154765 0.0228018 0.031436 0.041003 0.0508776 0.0601241 0.0676725 0.0726876 0.0748433 0.0743076 0.0715303 0.0670417 0.0613541 0.0549257 0.0481419 0.041308 0.0346564 0.0283631 0.0225642 0.0173668 0.0128538 0.00908259 0.00607679 0.00381571
 0.00989102 0.0157796 0.0232089 0.0319287 0.0415409 0.0514018 0.0605631 0.0679538 0.0727562 0.0746822 0.0739486 0.0710463 0.0665243 0.0608867 0.0545637 0.0479049 0.0411831 0.0346091 0.0283508 0.0225483 0.017322 0.0127722 0.00897256 0.00595652 0.00370476
 0.0100485 0.0160408 0.0236098 0.0325009 0.0422987 0.052324 0.0615787 0.0689436 0.0735773 0.0752065 0.0740979 0.0708112 0.0659625 0.0601041 0.0536852 0.0470446 0.0404215 0.0339841 0.0278626 0.0221736 0.0170297 0.0125363 0.00877787 0.00579791 0.00358199
 0.0100466 0.016035 0.0235978 0.0324839 0.042287 0.0523422 0.0616651 0.0691379 0.0738988 0.0756334 0.0745633 0.0712209 0.0662282 0.0601751 0.0535635 0.0467781 0.0400819 0.03364 0.0275608 0.0219325 0.0168456 0.0123953 0.00866651 0.00570849 0.00351199
 0.00998417 0.0159382 0.0234609 0.0323051 0.0420695 0.0520964 0.0614118 0.0689111 0.0737437 0.0755975 0.074679 0.0714879 0.0666048 0.0605871 0.0539296 0.047039 0.0402178 0.0336694 0.0275228 0.0218664 0.0167776 0.0123362 0.00861753 0.0056678 0.00347867
 0.00989802 0.0158096 0.0232888 0.0320959 0.0418352 0.0518513 0.0611704 0.0686884 0.073557 0.0754675 0.0746293 0.0715402 0.0667701 0.0608556 0.0542659 0.0473894 0.0405275 0.0339016 0.027668 0.0219384 0.0168007 0.0123333 0.00860376 0.00565117 0.00346289
 0.00998671 0.0159314 0.0234309 0.0322331 0.0419372 0.051895 0.0611483 0.0686095 0.0734395 0.0753302 0.0744876 0.0714079 0.0666627 0.0607896 0.0542529 0.0474281 0.0406009 0.0339823 0.0277303 0.0219686 0.0167997 0.0123116 0.00857378 0.00562226 0.00343969
 0.010093 0.0160917 0.0236477 0.0324975 0.0422284 0.0521806 0.0613881 0.0687626 0.0734766 0.0752445 0.0742986 0.0711541 0.0663878 0.0605312 0.0540373 0.0472686 0.0404985 0.0339269 0.0277042 0.0219532 0.0167821 0.0122875 0.00854588 0.00559546 0.00341786
 0.0100233 0.0160014 0.0235541 0.0324302 0.04222 0.0522522 0.0615377 0.0689628 0.073683 0.0754114 0.0743928 0.0711637 0.066323 0.0604186 0.053909 0.0471533 0.0404142 0.0338789 0.0276871 0.021955 0.0167902 0.0122929 0.00854513 0.0055898 0.00341029
 0.0100185 0.0159819 0.0235048 0.0323338 0.0420666 0.0520512 0.061324 0.0687894 0.0736 0.0754422 0.074523 0.0713488 0.0665105 0.0605686 0.054006 0.0472037 0.0404367 0.0338929 0.0277049 0.0219796 0.0168178 0.0123177 0.00856309 0.00559998 0.00341438
 0.00976787 0.0156158 0.02303 0.0317819 0.0414834 0.0514812 0.0608008 0.068339 0.0732509 0.075231 0.0744872 0.0715094 0.0668557 0.0610514 0.0545583 0.0477585 0.0409459 0.0343326 0.02807 0.0222747 0.0170494 0.0124922 0.00868713 0.00568184 0.00346386
 0.00948302 0.015201 0.0224961 0.0311724 0.0408649 0.0509258 0.0603687 0.0680675 0.0731493 0.0752819 0.0746557 0.0717585 0.0671596 0.0613974 0.0549381 0.0481578 0.0413415 0.0346992 0.0283886 0.0225363 0.0172542 0.0126452 0.00879555 0.00575389 0.00350814
 0.0092688 0.0148484 0.0219607 0.0304188 0.0398847 0.0497602 0.0591236 0.0669028 0.0722379 0.074755 0.0745637 0.0720673 0.0677772 0.0622124 0.0558491 0.0490871 0.0422343 0.0355167 0.0291033 0.0231318 0.0177255 0.0129982 0.00904473 0.00591855 0.00360922
 0.00907274 0.0145496 0.0215468 0.0298879 0.0392406 0.0490086 0.0582752 0.0659863 0.0713147 0.0739234 0.0739434 0.0717645 0.0678476 0.0626421 0.056563 0.0499771 0.0431914 0.0364518 0.0299541 0.0238604 0.0183144 0.0134467 0.00936501 0.00613184 0.00374081
 0.00888666 0.01424 0.0210693 0.0292018 0.0383228 0.0478729 0.0569861 0.0646549 0.0700732 0.0728925 0.0732121 0.0713894 0.0678597 0.063046 0.0573276 0.051029 0.0444218 0.0377378 0.0311835 0.0249496 0.0192149 0.0141428 0.00986733 0.00646885 0.00394982
 0.00970364 0.0153884 0.0224634 0.0306451 0.0395581 0.0486655 0.0571963 0.0642635 0.0691634 0.0716115 0.0717342 0.0698873 0.0664847 0.0619153 0.0565177 0.0505713 0.0443007 0.0378941 0.0315281 0.0253847 0.019655 0.0145287 0.0101695 0.00668273 0.00408729
 0.0105016 0.0166326 0.0242275 0.0329359 0.0422854 0.0516134 0.0600166 0.0665262 0.0704724 0.0717399 0.0707016 0.0679361 0.063978 0.0592235 0.0539419 0.0483153 0.0424737 0.0365258 0.0305866 0.0247964 0.0193276 0.0143718 0.0101097 0.00666948 0.00409127
 0.0103417 0.0165029 0.024272 0.0333661 0.0433205 0.0533842 0.0624776 0.0694243 0.0733931 0.0742097 0.0723096 0.0684375 0.0633507 0.0576579 0.0517693 0.0459055 0.0401456 0.0344975 0.0289662 0.0236 0.0185085 0.0138513 0.00980238 0.00650081 0.00400511
 0.00990747 0.0158483 0.023391 0.0323096 0.0422112 0.0524216 0.0619211 0.0695357 0.0743387 0.0759607 0.0746043 0.0708413 0.0653953 0.0589918 0.0522532 0.0456205 0.0393261 0.0334301 0.0279007 0.022699 0.0178397 0.0134091 0.00954083 0.00636254 0.0039401
 0.00994438 0.0158683 0.0233481 0.03214 0.0418554 0.05186 0.0612075 0.0688096 0.0738035 0.0758286 0.0750212 0.0718171 0.0667725 0.0604791 0.0535204 0.0464146 0.0395516 0.0331583 0.0273128 0.0220015 0.0171955 0.0129063 0.00919845 0.00615613 0.00382913
 0.0098586 0.0157345 0.0231556 0.0318776 0.0415079 0.0514069 0.0606296 0.0681072 0.0730211 0.0750731 0.0744543 0.071614 0.067054 0.0612486 0.0546407 0.0476461 0.0406387 0.0339214 0.0276989 0.0220742 0.0170793 0.0127241 0.00903219 0.00603945 0.0037619
 0.00979209 0.0156322 0.0230125 0.0316928 0.0412837 0.0511472 0.0603374 0.0677828 0.0726621 0.0746812 0.0740498 0.0712509 0.0668214 0.0612458 0.0549305 0.0482109 0.0413711 0.0346618 0.0283008 0.0224595 0.017253 0.0127485 0.00898361 0.00597595 0.00371233
 0.00984202 0.0156935 0.0230682 0.0317155 0.0412436 0.0510241 0.0601307 0.0675116 0.0723559 0.0743671 0.0737455 0.0709677 0.0665767 0.0610734 0.054879 0.0483233 0.0416554 0.0350729 0.0287513 0.0228556 0.0175335 0.0129024 0.00903966 0.00597718 0.00369428
 0.00990776 0.01579 0.0231933 0.0318577 0.041382 0.0511305 0.0601737 0.0674639 0.0722039 0.0741189 0.0734305 0.0706281 0.0662541 0.0608022 0.0546866 0.0482334 0.0416843 0.0352185 0.0289838 0.0231216 0.0177755 0.0130813 0.00914593 0.00602504 0.0037073
 0.00988493 0.0157638 0.0231733 0.0318588 0.0414183 0.0512075 0.0602813 0.0675761 0.0722857 0.0741376 0.0733673 0.0704842 0.066051 0.0605747 0.0544738 0.0480703 0.0415967 0.0352183 0.0290654 0.023261 0.0179363 0.0132276 0.0092547 0.00609141 0.00373983
 0.0098548 0.0157192 0.0231151 0.0317919 0.0413528 0.0511576 0.0602629 0.0676021 0.0723588 0.074245 0.073481 0.0705695 0.0660796 0.0605363 0.0543797 0.0479488 0.0414827 0.0351424 0.0290445 0.0232947 0.0180086 0.0133142 0.00933345 0.00614933 0.00377489
 0.00997668 0.0158957 0.0233405 0.0320471 0.0416103 0.051391 0.060454 0.0677432 0.0724506 0.0742919 0.0734861 0.0705318 0.0659932 0.0603942 0.054181 0.0477046 0.0412172 0.0348872 0.0288294 0.0231383 0.0179136 0.0132695 0.00932087 0.00615152 0.00378035
 0.00995587 0.0158783 0.0233437 0.0320945 0.0417228 0.0515734 0.060687 0.0679864 0.0726581 0.074431 0.073548 0.0705277 0.0659426 0.0603124 0.0540742 0.0475736 0.0410645 0.0347227 0.0286701 0.0230024 0.0178135 0.0132074 0.00929003 0.00614071 0.00377913
 0.00971388 0.0155264 0.0228923 0.0315828 0.0412115 0.0511303 0.0603718 0.0678396 0.0726929 0.0746297 0.073866 0.0709079 0.0663322 0.0606751 0.0543909 0.0478368 0.0412723 0.034877 0.0287776 0.0230744 0.0178632 0.0132455 0.00932204 0.00616768 0.0038001
 0.00982836 0.015674 0.0230448 0.0316936 0.0412332 0.0510399 0.0601886 0.067622 0.0725137 0.0745443 0.0738912 0.0710211 0.0664871 0.0608232 0.054498 0.0478887 0.0412718 0.0348366 0.0287128 0.0230002 0.0177923 0.0131868 0.00927985 0.0061415 0.00378625
 0.0100575 0.0160129 0.0234901 0.0322153 0.0417763 0.0515324 0.0605541 0.067797 0.0724687 0.0742997 0.0735153 0.0706046 0.0661083 0.0605223 0.0542746 0.0477177 0.0411245 0.0346944 0.0285707 0.0228631 0.0176688 0.0130848 0.00920306 0.00608929 0.00375437
 0.0102935 0.0164023 0.0240838 0.0330559 0.0428794 0.0528608 0.0619982 0.0691805 0.0735878 0.0749818 0.0736703 0.0702456 0.0653368 0.0594897 0.0531355 0.0465945 0.0400926 0.0337879 0.0277986 0.0222234 0.0171565 0.0126924 0.00891933 0.00589778 0.00363496
 0.0100285 0.0160398 0.0236663 0.0326704 0.042639 0.0528719 0.0623267 0.0698301 0.0744936 0.0760182 0.0746741 0.0710541 0.0658322 0.0596292 0.0529558 0.0461869 0.0395659 0.0332358 0.0272837 0.0217783 0.016793 0.0124108 0.00871318 0.00575672 0.0035457
 0.00977195 0.0156266 0.0230565 0.0318421 0.041608 0.0517144 0.0611915 0.0689187 0.0740048 0.0760768 0.0752815 0.0720871 0.067086 0.0608833 0.0540338 0.0469923 0.0400849 0.0335149 0.0273956 0.0217926 0.0167612 0.0123644 0.00866877 0.00572129 0.00352087
 0.00950186 0.0151883 0.022399 0.0309206 0.0403965 0.0502255 0.0594989 0.0671702 0.072411 0.0748737 0.0746751 0.072195 0.0678975 0.062256 0.0557336 0.0487617 0.0417109 0.0348692 0.0284377 0.022546 0.0172804 0.0127085 0.00888855 0.00585568 0.00359872
 0.00957729 0.0152794 0.0224761 0.0309326 0.0402784 0.0499142 0.0589511 0.0663771 0.0714089 0.0737511 0.073571 0.0712808 0.067339 0.0621636 0.056122 0.0495412 0.0427172 0.0359192 0.0293837 0.0233053 0.0178344 0.0130818 0.00912343 0.00599477 0.00367631
 0.00983153 0.0156706 0.0230213 0.0316255 0.0410829 0.0507586 0.0597263 0.0669475 0.0716425 0.0735594 0.0729436 0.0702978 0.0661571 0.0609806 0.0551266 0.0488631 0.0423953 0.0359017 0.0295614 0.0235594 0.0180752 0.0132642 0.00924032 0.00605961 0.00370782
 0.0102006 0.0162548 0.0238691 0.0327658 0.0425129 0.0524273 0.0615187 0.0686848 0.0731063 0.0745386 0.0732829 0.0699348 0.0651385 0.0594557 0.053318 0.0470172 0.0407257 0.0345449 0.0285597 0.0228772 0.0176357 0.0129868 0.00906356 0.00594538 0.00363489
 0.0103447 0.0165001 0.0242585 0.0333464 0.0433252 0.0534881 0.0628028 0.0701141 0.0745545 0.0758474 0.0742867 0.0704883 0.0651461 0.0588977 0.0522639 0.0456168 0.0391765 0.033044 0.0272577 0.0218519 0.0168932 0.0124853 0.00874268 0.00574861 0.0035189
 0.010326 0.0164928 0.0242914 0.0334632 0.0435773 0.0539206 0.0634398 0.0709486 0.0755443 0.0769167 0.0753305 0.0713826 0.0657662 0.0591422 0.0520809 0.045023 0.0382605 0.0319469 0.0261376 0.0208427 0.0160768 0.0118851 0.0083376 0.00549536 0.00337125
 0.00997286 0.0159318 0.0234757 0.0323693 0.0422235 0.0523887 0.0618887 0.0696005 0.0746354 0.0766275 0.07573 0.0724099 0.0672499 0.0608458 0.053757 0.0464656 0.0393435 0.0326396 0.0264922 0.0209603 0.0160655 0.0118289 0.00828387 0.00546029 0.00335351
 0.00987078 0.015752 0.0231791 0.0319101 0.0415586 0.0514957 0.0607866 0.068365 0.0734 0.0755668 0.0750252 0.0722029 0.0675998 0.0617049 0.0549788 0.0478442 0.0406697 0.0337537 0.0273146 0.0214922 0.0163646 0.0119739 0.00834452 0.00548327 0.00336286
 0.00981864 0.0156729 0.0230688 0.0317642 0.0413676 0.0512397 0.0604356 0.0678881 0.0727838 0.074836 0.0742556 0.0715158 0.0671346 0.0615766 0.0552361 0.0484478 0.0415016 0.0346562 0.028141 0.0221473 0.0168189 0.0122507 0.00849343 0.00555481 0.00339435
 0.00982489 0.0156693 0.0230385 0.0316841 0.0412157 0.051005 0.0601241 0.0675198 0.0723812 0.0744139 0.0738214 0.0710834 0.0667411 0.0612871 0.0551279 0.0485777 0.0418751 0.0352165 0.0287864 0.0227677 0.0173324 0.0126224 0.00873099 0.00568998 0.00346355
 0.00976443 0.0155909 0.0229563 0.0316203 0.0411908 0.0510236 0.060167 0.067548 0.0723525 0.0743009 0.0736206 0.0708117 0.0664285 0.0609726 0.0548599 0.0484105 0.0418545 0.0353595 0.0290683 0.0231279 0.0176977 0.0129335 0.00895895 0.00583561 0.00354537
 0.00967464 0.0154814 0.0228588 0.0315871 0.0412804 0.0512778 0.0605885 0.0680924 0.0729352 0.0748181 0.0739751 0.0709375 0.0663064 0.0606331 0.0543725 0.0478656 0.0413433 0.0349548 0.0288093 0.0230137 0.0176936 0.0129899 0.00903088 0.00589561 0.00358437
 0.00962683 0.0153984 0.0227267 0.0313963 0.0410356 0.0510097 0.0603583 0.0679784 0.0730033 0.0750878 0.0744027 0.0714273 0.0667451 0.0609286 0.0544813 0.0477994 0.0411569 0.0347228 0.0286005 0.022872 0.0176304 0.0129895 0.00906495 0.00593792 0.00361917
 0.00932361 0.0149448 0.022117 0.0306509 0.0401956 0.0501274 0.0594939 0.0672027 0.0723999 0.0747441 0.0743875 0.0717631 0.067389 0.0617766 0.0553978 0.048659 0.0418784 0.0352812 0.0290157 0.0231843 0.0178769 0.0131916 0.00922916 0.00606342 0.00370642
 0.00911127 0.0146398 0.0217328 0.0302261 0.0397832 0.0497773 0.0592373 0.0670462 0.0723301 0.074739 0.0744306 0.0718533 0.0675406 0.0620056 0.0557033 0.0490124 0.0422317 0.035588 0.0292504 0.0233479 0.0179881 0.0132719 0.00929248 0.00611479 0.0037458
#obs surv len freq
 nan nan nan nan nan nan nan nan nan nan nan nan nan nan nan nan nan nan nan nan nan nan nan nan nan
 0.00448405 0.00734538 0.0111757 0.015993 0.0216952 0.0279725 0.0342881 0.0400203 0.0446999 0.0481629 0.0505193 0.0520133 0.0529037 0.0534143 0.0537272 0.0539811 0.0542589 0.0545511 0.0546895 0.0542813 0.0527194 0.0493518 0.043802 0.0362828 0.0276672
 0.00461459 0.00755896 0.0114994 0.0164518 0.0223062 0.0287356 0.0351764 0.0409775 0.0456477 0.0490162 0.0512023 0.0524706 0.0531063 0.0533602 0.0534372 0.0534914 0.0536126 0.0537906 0.0538538 0.0534071 0.0518454 0.0485209 0.0430585 0.0356643 0.0271945
 0.00477438 0.00782068 0.0118969 0.0170179 0.0230662 0.0296969 0.0363175 0.0422429 0.0469535 0.0502635 0.052292 0.0533153 0.0536391 0.0535415 0.0532581 0.0529724 0.052797 0.0527366 0.0526266 0.0520763 0.0504855 0.0472115 0.0418787 0.0346791 0.0264402
 0.00495895 0.00812362 0.0123582 0.0176768 0.0239537 0.0308239 0.0376624 0.0437465 0.0485263 0.0518006 0.0536878 0.0544728 0.0544745 0.0539894 0.0532765 0.0525483 0.0519487 0.0515119 0.0510996 0.0503429 0.0486599 0.0454197 0.0402455 0.0333064 0.025385
 0.00517402 0.00847447 0.0128886 0.0184287 0.0249595 0.0320947 0.0391749 0.0454376 0.050301 0.0535484 0.0552984 0.0558455 0.0555221 0.0546385 0.05347 0.0522487 0.0511442 0.0502238 0.0493879 0.0483098 0.0464472 0.0431977 0.0381887 0.0315605 0.024035
 0.00540515 0.00885411 0.0134672 0.0192555 0.0260731 0.0335075 0.0408582 0.0473164 0.0522652 0.0554744 0.0570687 0.0573588 0.056694 0.0553996 0.0537629 0.0520282 0.0503814 0.0489158 0.047572 0.046077 0.0439484 0.0406327 0.0357756 0.0294883 0.0224199
 0.00566089 0.00926877 0.0140895 0.0201308 0.0272358 0.0349688 0.0425921 0.0492534 0.0542998 0.0574834 0.0589296 0.0589623 0.0579498 0.0562362 0.0541243 0.0518698 0.0496696 0.0476349 0.0457405 0.0437688 0.0413081 0.0378715 0.0331377 0.0271961 0.0206176
 0.00590249 0.00967019 0.0147094 0.0210282 0.0284578 0.0365301 0.0444568 0.0513304 0.0564593 0.0595847 0.0608454 0.0605892 0.0592076 0.0570629 0.0544714 0.0516979 0.0489471 0.046343 0.0438885 0.0414173 0.0385907 0.0349976 0.0303626 0.0247616 0.0186881
 0.00614996 0.0100731 0.0153173 0.0218893 0.0296111 0.0379932 0.0462102 0.0533091 0.0585572 0.0616709 0.0627844 0.0622583 0.0605079 0.0579236 0.0548453 0.0515533 0.048261 0.0451014 0.0420986 0.0391314 0.0359304 0.0321615 0.0276013 0.0223203 0.0167399
 0.00637587 0.0104475 0.0158939 0.0227218 0.0307423 0.0394372 0.0479359 0.0552367 0.0605718 0.0636467 0.0646045 0.0638226 0.0617337 0.0587433 0.0552071 0.0514203 0.0476086 0.0439179 0.0403931 0.0369529 0.0333906 0.0294448 0.0249445 0.0199597 0.0148465
 0.00662068 0.0108429 0.0164845 0.0235484 0.0318351 0.0408053 0.0495545 0.0570402 0.0624597 0.0655007 0.0663068 0.0652709 0.062848 0.0594664 0.0555002 0.0512563 0.0469681 0.0427906 0.0387872 0.0349128 0.0310179 0.0269078 0.0224605 0.0177476 0.0130671
 0.00685937 0.0112363 0.0170857 0.0244085 0.0329908 0.0422607 0.0512646 0.058909 0.064358 0.0672954 0.0678847 0.0665481 0.0637678 0.0599932 0.0556133 0.0509449 0.0462274 0.0416209 0.0372017 0.032954 0.0287772 0.0245351 0.02015 0.0156955 0.0114179
 0.00706349 0.0115756 0.0176103 0.0251696 0.0340304 0.0435945 0.0528644 0.0606949 0.0662091 0.0690719 0.069454 0.0678034 0.0646381 0.0604434 0.0556366 0.0505516 0.0454339 0.0404458 0.0356702 0.031112 0.0267086 0.0223718 0.0180603 0.0138486 0.00993769
 0.00726228 0.0118985 0.0180962 0.0258551 0.0349438 0.0447458 0.0542332 0.0622249 0.0678121 0.0706409 0.0708783 0.0689812 0.0654869 0.0609078 0.0556914 0.0501983 0.0446931 0.0393485 0.034256 0.0294355 0.024852 0.0204525 0.0162224 0.0122342 0.00864909
 0.00745135 0.0122077 0.0185644 0.0265184 0.0358274 0.0458513 0.0555273 0.0636372 0.0692477 0.0720002 0.0720737 0.0699434 0.0661636 0.0612614 0.0556984 0.0498514 0.0440012 0.0383363 0.0329635 0.0279203 0.0231949 0.0187602 0.0146191 0.0108379 0.00754176
 0.00754755 0.0123693 0.0188175 0.0268916 0.0363471 0.0465332 0.0563675 0.0646068 0.0702947 0.0730579 0.0730703 0.070811 0.066844 0.0617094 0.0558818 0.0497502 0.0436081 0.0376585 0.0320256 0.026769 0.0219018 0.0174204 0.0133406 0.00972104 0.00665508
 0.00759978 0.012449 0.0189288 0.0270373 0.0365315 0.0467659 0.0566638 0.0649845 0.0707668 0.073624 0.0737103 0.0714847 0.0674959 0.0622772 0.0563057 0.0499798 0.0436076 0.03741 0.0315327 0.0260601 0.0210328 0.0164718 0.0124059 0.00888827 0.00598593
 0.00763389 0.0124999 0.0189968 0.0271199 0.0366238 0.046863 0.0567637 0.0650913 0.0708926 0.0737891 0.0739376 0.0717897 0.0678757 0.0627043 0.0567304 0.0503401 0.0438418 0.0374689 0.0313895 0.0257169 0.0205227 0.0158559 0.0117622 0.00829351 0.00549686
 0.00769735 0.0125918 0.0191141 0.0272522 0.0367563 0.0469805 0.0568551 0.0651514 0.0709242 0.0738025 0.0739516 0.0718286 0.0679632 0.062854 0.0569372 0.0505756 0.0440586 0.037612 0.0314112 0.0255909 0.0202536 0.0154791 0.0113352 0.00787898 0.00514505
 0.00777533 0.0127138 0.019288 0.0274799 0.0370311 0.0472843 0.0571576 0.0654139 0.0711095 0.0738882 0.0739375 0.0717368 0.0678304 0.06272 0.0568338 0.0505175 0.0440385 0.0376018 0.0313719 0.0254868 0.0200672 0.015219 0.0110334 0.00757874 0.00488504
 0.00783543 0.0128108 0.0194323 0.02768 0.0372905 0.047598 0.0575075 0.0657685 0.0714281 0.0741296 0.0740706 0.0717487 0.0677297 0.0625352 0.0566047 0.050284 0.0438284 0.0374238 0.0312149 0.0253286 0.0198871 0.0150098 0.0108058 0.00735602 0.00469188
 0.00786497 0.0128552 0.0194927 0.0277559 0.0373814 0.0477047 0.0576326 0.0659145 0.0715934 0.0743049 0.0742379 0.071884 0.0678103 0.0625473 0.0565494 0.0501768 0.0436929 0.0372821 0.0310788 0.0251975 0.019753 0.0148661 0.0106543 0.00720782 0.00456157
 0.00785672 0.0128414 0.0194714 0.0277253 0.0373405 0.0476549 0.0575791 0.0658668 0.071565 0.0743102 0.0742872 0.0719785 0.067939 0.0626886 0.0566779 0.0502724 0.0437469 0.037297 0.0310636 0.0251605 0.0196987 0.0147968 0.0105738 0.00712376 0.00448386
 0.00786892 0.0128548 0.0194797 0.027719 0.0373097 0.0475934 0.0574884 0.0657572 0.071453 0.0742145 0.0742254 0.0719636 0.0679764 0.0627744 0.0567981 0.0504059 0.0438716 0.0373961 0.0311289 0.0251919 0.0197006 0.0147755 0.0105363 0.00707816 0.00443845
 0.00789872 0.0128989 0.0195377 0.0277864 0.037378 0.0476509 0.0575214 0.0657535 0.071406 0.0741276 0.0741127 0.0718471 0.0678794 0.0627147 0.0567835 0.0504324 0.043926 0.0374605 0.0311866 0.0252316 0.0197178 0.0147717 0.0105171 0.00705052 0.00440932
 0.00790208 0.0129045 0.0195461 0.0277981 0.0373926 0.0476664 0.0575342 0.0657576 0.0713949 0.0740962 0.07406 0.0717783 0.0678057 0.062651 0.0567441 0.0504263 0.0439534 0.037513 0.0312503 0.0252919 0.0197638 0.0147987 0.010526 0.00704645 0.00439846
 0.00788107 0.0128682 0.0194881 0.0277118 0.0372743 0.0475187 0.0573683 0.0655928 0.0712529 0.0739945 0.074007 0.0717721 0.0678387 0.062714 0.0568302 0.0505316 0.044075 0.0376462 0.0313865 0.0254199 0.019873 0.0148819 0.0105818 0.00707832 0.00441311
 0.00789503 0.0128846 0.0195008 0.0277109 0.0372481 0.0474576 0.0572685 0.0654589 0.0710979 0.0738375 0.0738693 0.0716719 0.0677869 0.0627121 0.056872 0.0506073 0.0441742 0.0377599 0.0315061 0.0255365 0.0199776 0.0149673 0.0106443 0.00711885 0.00443588
 0.00786648 0.0128413 0.0194414 0.0276356 0.0371575 0.0473519 0.0571474 0.0653227 0.0709504 0.0736879 0.0737321 0.0715651 0.0677269 0.0627093 0.0569279 0.0507142 0.0443185 0.0379254 0.0316773 0.0257002 0.020123 0.0150869 0.0107348 0.00718111 0.00447443
 0.00784801 0.0128069 0.019382 0.0275409 0.0370201 0.0471718 0.0569359 0.0651011 0.0707435 0.0735163 0.0736077 0.0714919 0.067705 0.0627383 0.057007 0.0508402 0.0444836 0.0381168 0.0318791 0.0258962 0.0202994 0.0152339 0.0108479 0.00726079 0.00452551
 0.00782541 0.0127723 0.0193335 0.0274773 0.0369399 0.0470723 0.056814 0.0649559 0.0705799 0.073347 0.0734513 0.0713684 0.0676293 0.0627178 0.0570415 0.0509246 0.0446099 0.0382745 0.0320553 0.0260759 0.0204678 0.0153792 0.0109628 0.00734398 0.00458024
 0.00779707 0.0127225 0.0192519 0.0273534 0.0367662 0.0468502 0.0565569 0.0646883 0.0703303 0.0731399 0.073302 0.0712834 0.0676099 0.0627622 0.0571456 0.0510809 0.0448074 0.0384993 0.0322921 0.0263088 0.0206819 0.0155623 0.0111078 0.00744937 0.0046502
 0.00775237 0.0126507 0.0191454 0.0272054 0.036572 0.0466089 0.0562748 0.0643807 0.0700219 0.072861 0.0730832 0.0711482 0.0675703 0.0628174 0.0572847 0.0512872 0.0450618 0.0387826 0.0325848 0.0265925 0.0209401 0.015782 0.0112814 0.00757591 0.00473465
 0.00773187 0.0126135 0.0190825 0.0271062 0.0364271 0.0464143 0.0560351 0.0641102 0.0697416 0.0725944 0.0728528 0.0709742 0.0674693 0.0628003 0.0573541 0.0514363 0.0452758 0.0390411 0.0328654 0.0268729 0.0212004 0.0160068 0.0114613 0.00770845 0.004824
 0.00934259 0.0148725 0.0218177 0.0299346 0.0388653 0.0480551 0.0566882 0.0638301 0.0687495 0.0711628 0.0712202 0.0693124 0.0658882 0.0613656 0.0561023 0.0503842 0.0444249 0.038381 0.0323764 0.0265291 0.020973 0.0158669 0.0113824 0.00766855 0.00480643
 0.00931531 0.0151276 0.0227296 0.0319694 0.0423789 0.0530201 0.0625198 0.0694804 0.073078 0.0733841 0.0711613 0.0673586 0.0627114 0.0576358 0.0523214 0.0468556 0.0412997 0.0357169 0.0301803 0.02478 0.0196328 0.0148851 0.0107002 0.00722277 0.00453488
 0.00896248 0.0145703 0.0219438 0.0310018 0.041403 0.0523753 0.0626729 0.0708609 0.0758258 0.0771589 0.0751817 0.0706984 0.0646857 0.0580382 0.0513985 0.0450951 0.0391974 0.0336394 0.0283379 0.0232618 0.0184526 0.0140165 0.0100966 0.00682918 0.00429589
 0.00879017 0.0142784 0.0214833 0.0303227 0.040473 0.0512139 0.0613947 0.0697051 0.0751381 0.077297 0.0763573 0.0728272 0.0673497 0.0606212 0.0533352 0.046087 0.0392744 0.0330626 0.0274373 0.0223099 0.0176151 0.0133624 0.00963059 0.00652327 0.00411057
 0.00872985 0.0141734 0.0213113 0.0300557 0.0400799 0.0506676 0.0606847 0.0688555 0.0742281 0.0764769 0.0758399 0.0728343 0.0680166 0.0619005 0.0549703 0.0476953 0.0405044 0.0337303 0.0275647 0.0220616 0.017194 0.0129292 0.00927415 0.00627043 0.00395119
 0.00870714 0.0141355 0.0212517 0.0299661 0.0399492 0.0504818 0.0604277 0.0685126 0.073793 0.0759641 0.0753008 0.0723671 0.0677563 0.0619763 0.0554405 0.0484955 0.0414512 0.0345925 0.0281628 0.0223336 0.0171932 0.0127692 0.00906613 0.00608642 0.00381944
 0.00868339 0.0140942 0.0211849 0.0298649 0.0398064 0.0502948 0.0602008 0.0682556 0.073517 0.0756772 0.0750094 0.072085 0.0675169 0.0618385 0.0554747 0.0487505 0.0419156 0.0351811 0.0287442 0.0227874 0.0174594 0.0128602 0.00904128 0.0060126 0.00374406
 0.00866741 0.0140709 0.0211544 0.029828 0.0397634 0.0502433 0.0601351 0.0681684 0.0734025 0.0755338 0.0748408 0.0718997 0.0673292 0.0616709 0.0553618 0.0487328 0.0420241 0.0354149 0.0290603 0.0231128 0.0177233 0.0130242 0.00910841 0.00601382 0.00371587
 0.00866718 0.0140697 0.0211511 0.0298214 0.0397524 0.0502278 0.0601158 0.0681456 0.0733743 0.0754952 0.0747847 0.0718203 0.0672255 0.0615508 0.0552426 0.0486406 0.0419872 0.0354536 0.0291741 0.0232761 0.0178942 0.0131634 0.00919536 0.00605097 0.00371993
 0.00864997 0.0140451 0.0211202 0.0297873 0.0397191 0.0501985 0.060092 0.068127 0.0733596 0.0754828 0.0747724 0.0718045 0.0672019 0.0615158 0.0551972 0.0485928 0.0419521 0.0354485 0.0292105 0.0233523 0.0179939 0.0132624 0.00927332 0.00609915 0.00374166
 0.00865912 0.0140558 0.0211288 0.0297883 0.0397072 0.0501718 0.0600537 0.0680847 0.0733222 0.0754563 0.0747577 0.0717984 0.0671985 0.0615094 0.0551841 0.0485731 0.0419307 0.0354346 0.0292142 0.0233792 0.0180412 0.0133195 0.00932678 0.00613927 0.00376563
 0.00865747 0.0140561 0.0211344 0.0298034 0.0397345 0.0502098 0.0600954 0.0681193 0.0733395 0.0754517 0.0747341 0.0717634 0.0671602 0.0614727 0.05515 0.0485407 0.0418999 0.035408 0.0291965 0.0233752 0.0180525 0.0133426 0.00935455 0.00616436 0.00378362
 0.00862207 0.0140031 0.0210636 0.0297181 0.0396418 0.0501199 0.0600195 0.0680678 0.0733187 0.0754613 0.0747674 0.0718103 0.0672121 0.0615241 0.0551988 0.0485861 0.0419413 0.0354451 0.0292303 0.0234076 0.0180852 0.0133757 0.0093859 0.00619092 0.00380322
 0.00862006 0.0139955 0.0210441 0.0296791 0.0395769 0.0500279 0.059908 0.0679525 0.0732192 0.0753945 0.0747422 0.0718259 0.0672595 0.061591 0.0552732 0.0486592 0.0420083 0.0355042 0.0292816 0.0234522 0.0181243 0.0134099 0.00941529 0.00621465 0.00382068
 0.00861662 0.01399 0.0210359 0.0296668 0.0395579 0.0499982 0.0598626 0.0678882 0.0731372 0.0753032 0.0746563 0.0717619 0.0672297 0.0615991 0.0553141 0.048722 0.0420809 0.0355768 0.0293481 0.0235098 0.0181726 0.0134495 0.00944667 0.00623842 0.00383751
 0.00861662 0.01399 0.0210359 0.0296668 0.0395579 0.0499982 0.0598626 0.0678882 0.0731372 0.0753032 0.0746563 0.0717619 0.0672297 0.0615991 0.0553141 0.048722 0.0420809 0.0355768 0.0293481 0.0235098 0.0181726 0.0134495 0.00944667 0.00623842 0.00383751
 0.00891241 0.014456 0.0217071 0.0305598 0.0406604 0.0512569 0.0611749 0.0691084 0.0741059 0.0758891 0.074791 0.0714534 0.0665508 0.0606624 0.0542426 0.0476255 0.041042 0.0346481 0.0285567 0.0228644 0.0176693 0.0130763 0.00918548 0.00606738 0.00373361
 0.00878641 0.0142914 0.0215346 0.0304347 0.0406503 0.0514194 0.0615369 0.0696549 0.074781 0.0766062 0.0754491 0.071957 0.0668315 0.0606944 0.0540462 0.047257 0.0405748 0.034153 0.0280887 0.0224584 0.0173413 0.0128282 0.0090099 0.00595168 0.00366307
 0.00864868 0.0140515 0.0211479 0.0298606 0.039875 0.0504849 0.0605582 0.0688054 0.074241 0.0764977 0.0757914 0.0726659 0.0677554 0.061665 0.0549232 0.0479541 0.0410645 0.0344548 0.028248 0.0225255 0.0173584 0.0128237 0.00899964 0.00594257 0.00365704
 0.00852875 0.0138492 0.0208294 0.0293889 0.0392168 0.049625 0.0595178 0.0676574 0.073113 0.0755549 0.0752001 0.0725447 0.0681332 0.0624683 0.0559998 0.0491225 0.0421664 0.0353878 0.0289723 0.0230499 0.017718 0.0130602 0.00914988 0.00603469 0.0037111
 0.00860154 0.013951 0.0209508 0.0295068 0.0392959 0.0496222 0.0593884 0.0673642 0.0726397 0.0749219 0.0744762 0.0718429 0.0675865 0.0621883 0.0560368 0.0494477 0.0426852 0.0359783 0.0295274 0.0235038 0.0180497 0.0132811 0.00928607 0.00611347 0.0037542
 0.00875565 0.0142068 0.0213428 0.0300639 0.0400265 0.0504948 0.0603179 0.0682169 0.073263 0.075189 0.0743239 0.071291 0.0667328 0.0611847 0.0550508 0.0486183 0.042089 0.0356188 0.0293528 0.0234405 0.018034 0.0132746 0.00927484 0.00609793 0.00373901
 0.00897075 0.0145654 0.0218978 0.0308664 0.0411105 0.0518533 0.0618805 0.0698434 0.0747622 0.0763578 0.0749919 0.0713573 0.0661887 0.0601171 0.053624 0.0470367 0.040549 0.0342672 0.0282646 0.022623 0.0174501 0.0128712 0.0090031 0.00592018 0.00362794
 0.0090372 0.0146903 0.0221179 0.0312278 0.0416604 0.0526246 0.0628741 0.071017 0.0760285 0.0775924 0.0760489 0.0720917 0.066485 0.0599184 0.0529514 0.0459892 0.0392819 0.0329529 0.0270515 0.0216066 0.016666 0.0123075 0.00862172 0.00567627 0.00348066
 0.00905857 0.0147249 0.0221709 0.0313078 0.0417824 0.0528125 0.0631597 0.0714323 0.0765924 0.0782943 0.0768387 0.0728801 0.0671574 0.0603594 0.0530745 0.0457626 0.0387405 0.0321909 0.026195 0.020778 0.0159542 0.0117553 0.00823036 0.00542085 0.00332647
 0.00872417 0.0141924 0.0213935 0.0302583 0.0404689 0.0512987 0.0615803 0.0699861 0.0755038 0.0777551 0.0769539 0.0736405 0.0684434 0.0619704 0.0547746 0.0473322 0.040021 0.0331099 0.0267648 0.0210709 0.0160658 0.011772 0.00821167 0.00539778 0.00330986
 0.00878132 0.014238 0.0213746 0.0300957 0.0400778 0.0506214 0.0606181 0.0688128 0.0742568 0.076609 0.0760865 0.0731963 0.0685009 0.0625196 0.055715 0.0484966 0.0412189 0.0341762 0.0275967 0.02164 0.0164045 0.0119444 0.00828414 0.00542095 0.00331385
 0.00873947 0.014184 0.0213162 0.0300411 0.0400228 0.0505357 0.0604407 0.0684696 0.0736961 0.0758403 0.0751981 0.0723398 0.0678473 0.0622074 0.055809 0.0489707 0.0419669 0.0350464 0.0284383 0.0223429 0.0169193 0.0122772 0.00847475 0.00551801 0.00335811
