SBPRF35
12.7214
Curr Bio
807826
B35
894269
F35
0.172719
FOFL
0.15886
OFL
107550
Bzero
3.63469e+06
#pred survey bio
 3.56363e+06 3.4303e+06 3.32139e+06 3.16041e+06 2.97093e+06 2.77e+06 2.53594e+06 2.27702e+06 2.04044e+06 1.79841e+06 1.60524e+06 1.39494e+06 1.24256e+06 1.11663e+06 1.01294e+06 889228 787867 713753 681671 631763 603086 591750 574124 540843 533498 544941 531488 540733 544762 551289 557630 570320 585280 587251 602201 605449 615260 623627 633959 644763 643757 649503 646486 644458 648190 654959 661364 672617 675637 683694 684377 731631 785559 813832 2.91246e+07 1.76762e+07 1.81417e+07 1.90902e+07 2.03415e+07 2.16891e+07 2.29821e+07 2.41334e+07 2.51078e+07 2.59038e+07 2.65379e+07 2.70345e+07 2.74187e+07 2.77139e+07 2.79398e+07 2.81123e+07 2.82442e+07 2.83452e+07 2.84228e+07 2.84827e+07 2.8529e+07 2.85651e+07 2.85933e+07 2.86154e+07 2.86329e+07 2.86467e+07 2.86577e+07 2.86664e+07 2.86734e+07 2.8679e+07 2.86835e+07 2.86872e+07 2.86901e+07 2.86925e+07 2.86945e+07 2.8696e+07 2.86973e+07 2.86983e+07 2.86992e+07 2.86999e+07 2.87004e+07 2.87009e+07 2.87013e+07 2.87016e+07 2.87018e+07 2.8702e+07 2.87022e+07 2.87024e+07 2.87025e+07 2.87026e+07 2.87026e+07 2.87027e+07 2.87027e+07 2.87028e+07 2.87028e+07 2.87028e+07 2.87029e+07 2.87029e+07 2.87029e+07 2.87029e+07 2.87029e+07 2.87029e+07 2.87029e+07 2.87029e+07 2.8703e+07 2.8703e+07 2.8703e+07 2.8703e+07 2.8703e+07 2.8703e+07 2.8703e+07 2.8703e+07 2.8703e+07 2.8703e+07 2.8703e+07 2.8703e+07 2.8703e+07 2.8703e+07 2.8703e+07 2.8703e+07 2.8703e+07 2.8703e+07 2.8703e+07 2.8703e+07 2.8703e+07 2.8703e+07 2.8703e+07 2.8703e+07 2.8703e+07 2.8703e+07 2.8703e+07 2.8703e+07 2.8703e+07 2.8703e+07 2.8703e+07 2.8703e+07 2.8703e+07 2.8703e+07 2.8703e+07 2.8703e+07 0 0 0 0 0 0 0 0 0 0 0 0 0 0 0 0 0 0 0 0 0 0 0 0 0
#obs survey bio
 4.80076e+06 3.35908e+06 2.93023e+06 5.09789e+06 2.75243e+06 2.87697e+06 2.06447e+06 2.61439e+06 2.52146e+06 2.09299e+06 1.39689e+06 1.01496e+06 817389 1.22606e+06 732386 834125 813180 735086 717270 641173 671305 572882 497616 371182 595357 536735 787849 451442 618244 546524 593819 588928 901020 467321 464731 558420 556943 618085 957838 1.00432e+06 550965 696525 523067 592894 829248 742665 649306 669696 686700 748389 539063 696002 947756 791782
#pred catch bio
 108490 95389.9 155039 194139 219396 265695 304740 300076 318778 286607 311685 267790 250337 234173 250676 226508 197232 156690 167093 144224 127005 130149 139417 114070 97857.2 117998 97703.4 102089 99813.5 100174 95540.6 94536.1 105407 94363 104520 98910 100417 98557.8 97543.5 106606 100340 107941 107267 103113 101724 103368 100844 109179 105742 112874 75698.2 74041.5 98097.5 107005 107550 117265 119180 124281 131910 140309 148321 155347 161167 165794 169362 172050 174038 175488 176535 177283 177814 178189 178452 178636 178765 178855 178917 178960 178990 179011 179025 179035 179042 179047 179050 179052 179053 179055 179055 179056 179056 179056 179056 179057 179057 179057 179057 179057 179057 179057 179057 179057 179057 179057 179057 179057 179057 179057 179057 179057 179057 179057 179057 179057 179057 179057 179057 179057 179057 179057 179057 179057 179057 179057 179057 179057 179057 179057 179057 179057 179057 179057 179057 179057 179057 179057 179057 179057 179057 179057 179057 179057 179057 179057 179057 179057 179057 179057 179057 179057 179057 179057 179057 179057 0 0 0 0 0 0 0 0 0 0 0 0 0 0 0 0 0 0 0 0 0 0 0 0 0
#obs catch bio
 0 94946.8 155593 194282 219214 265653 304848 299490 319080 285642 312077 270120 254039 236586 255711 230108 200876 157995 168190 144816 127741 130669 141226 115173 97897.2 118995 97660.8 102544 99824.2 100203 95673.3 94655.9 105184 93980.6 104536 98642.4 100440 98847.6 97040.8 105710 99404.1 107213 106825 102906 101410 103185 100546 109346 105654 113036 75604.7 73878.6 98190.7 107049
#pred cpue bio
 3.51847e+06 3.38642e+06 3.2773e+06 3.11622e+06 2.92731e+06 2.72669e+06 2.49315e+06 2.23506e+06 1.99926e+06 1.75836e+06 1.56588e+06 1.35657e+06 1.20466e+06 1.07945e+06 976643 854781 755386 683217 652411 604113 576280 565397 548428 516282 509425 520776 507835 517054 521184 527678 533892 546303 561129 563323 578041 581306 590980 599286 609746 620755 619934 625440 622306 620117 623610 630124 636247 647074 649932 657793 658327 704635 757900 785893 2.81371e+07 1.70796e+07 1.74215e+07 1.82465e+07 1.94613e+07 2.08017e+07 2.20934e+07 2.32446e+07 2.4219e+07 2.50149e+07 2.5649e+07 2.61456e+07 2.65298e+07 2.6825e+07 2.70509e+07 2.72234e+07 2.73553e+07 2.74563e+07 2.75339e+07 2.75938e+07 2.76401e+07 2.76762e+07 2.77044e+07 2.77265e+07 2.7744e+07 2.77578e+07 2.77688e+07 2.77775e+07 2.77845e+07 2.77901e+07 2.77947e+07 2.77983e+07 2.78012e+07 2.78036e+07 2.78056e+07 2.78071e+07 2.78084e+07 2.78095e+07 2.78103e+07 2.7811e+07 2.78116e+07 2.7812e+07 2.78124e+07 2.78127e+07 2.7813e+07 2.78132e+07 2.78133e+07 2.78135e+07 2.78136e+07 2.78137e+07 2.78137e+07 2.78138e+07 2.78139e+07 2.78139e+07 2.78139e+07 2.7814e+07 2.7814e+07 2.7814e+07 2.7814e+07 2.7814e+07 2.7814e+07 2.7814e+07 2.78141e+07 2.78141e+07 2.78141e+07 2.78141e+07 2.78141e+07 2.78141e+07 2.78141e+07 2.78141e+07 2.78141e+07 2.78141e+07 2.78141e+07 2.78141e+07 2.78141e+07 2.78141e+07 2.78141e+07 2.78141e+07 2.78141e+07 2.78141e+07 2.78141e+07 2.78141e+07 2.78141e+07 2.78141e+07 2.78141e+07 2.78141e+07 2.78141e+07 2.78141e+07 2.78141e+07 2.78141e+07 2.78141e+07 2.78141e+07 2.78141e+07 2.78141e+07 2.78141e+07 2.78141e+07 2.78141e+07 2.78141e+07 2.78141e+07 2.78141e+07 0 0 0 0 0 0 0 0 0 0 0 0 0 0 0 0 0 0 0 0 0 0 0 0 0
#obs cpue bio
 3.81546e+06 2.65585e+06 2.24596e+06 3.12267e+06 3.31578e+06 2.70604e+06 3.11381e+06 2.07956e+06 1.45695e+06 1.74429e+06 1.59161e+06 888785 1.11177e+06 1.03672e+06 829866 846106 502780 705027 783750 558062 393117 634240 411220 614004 616145 438502 414988 493758 574480 544115 433516 495732 581528 685720 679087 714700 558189 465202 779804 647925 779760 576713 661160 579726 555550 538308 677015 513956 683022 706696 592604 873389 670249 772280
#pred surv len freq
 0.00425118 0.00698925 0.0106826 0.0153676 0.0209624 0.0271768 0.0334935 0.0393052 0.0441461 0.0478379 0.0504618 0.0522231 0.0533357 0.0539718 0.0542589 0.0542972 0.0541807 0.0539959 0.0537627 0.0533147 0.0521958 0.0497105 0.0452168 0.0385534 0.0303083
 0.00457288 0.00742791 0.0111897 0.0158533 0.0213296 0.0273707 0.0335325 0.0392692 0.0441253 0.0478781 0.0505425 0.0522838 0.0533265 0.0538957 0.0541771 0.0542969 0.0543226 0.0542677 0.0540631 0.0534831 0.0520791 0.0492381 0.0444401 0.0376244 0.02941
 0.00460338 0.0075454 0.0114852 0.0164355 0.0222758 0.0286631 0.0350216 0.0407058 0.0452574 0.0485567 0.0507657 0.0521568 0.0529802 0.053428 0.0536474 0.0537511 0.0538075 0.0538141 0.0536544 0.0530434 0.0515037 0.0484557 0.0434656 0.036564 0.0284126
 0.00472155 0.00771713 0.011712 0.0167216 0.0226471 0.0291822 0.0357799 0.0417771 0.0466309 0.0500935 0.0522242 0.053283 0.0536106 0.0535371 0.053323 0.0531304 0.0530214 0.0529574 0.052774 0.0521359 0.0505322 0.047388 0.0423169 0.0354122 0.0273708
 0.00492034 0.00803473 0.0121778 0.017355 0.0234499 0.0301332 0.0368362 0.0428899 0.0477679 0.0512468 0.0533851 0.0543982 0.0545592 0.0541605 0.053493 0.0528069 0.0522609 0.0518752 0.0514893 0.0507358 0.0490663 0.045891 0.04084 0.0340365 0.0261902
 0.00510232 0.00833806 0.012648 0.018038 0.024382 0.0313232 0.038249 0.0444418 0.0493431 0.0527289 0.0546882 0.0554778 0.0553951 0.0547243 0.0537266 0.0526346 0.0516295 0.0507896 0.0500195 0.0489921 0.0471702 0.0439607 0.0389911 0.032382 0.0248244
 0.00532199 0.00869659 0.0131908 0.01881 0.0254206 0.0326469 0.0398416 0.0462433 0.0512503 0.0546097 0.0564022 0.0569011 0.0564398 0.0553445 0.0539056 0.0523629 0.0508925 0.0495784 0.0483569 0.0469539 0.0448866 0.0416 0.0367342 0.0303922 0.0232174
 0.00558812 0.00913103 0.013848 0.0197419 0.0266668 0.0342193 0.0417089 0.0483246 0.053426 0.0567418 0.0583535 0.0585467 0.0576745 0.0560899 0.054115 0.0520192 0.049999 0.0481515 0.0464318 0.0446036 0.0422411 0.0388476 0.0340954 0.0280734 0.0213612
 0.00582734 0.00952505 0.0144509 0.0206082 0.0278421 0.0357245 0.0435232 0.0503776 0.0556055 0.0589135 0.0603806 0.0603034 0.0590527 0.0570022 0.054496 0.0518265 0.0492134 0.0467783 0.0445063 0.0422044 0.0395051 0.035974 0.031323 0.02563 0.0194065
 0.00617933 0.0100837 0.0152668 0.0217206 0.0292739 0.0374734 0.0455506 0.0526018 0.0579085 0.0611579 0.0624296 0.0620346 0.0603664 0.0578228 0.0547707 0.0515207 0.0483081 0.0452733 0.0424304 0.0396336 0.0365802 0.0329044 0.0283623 0.0230225 0.0173238
 0.00649692 0.010597 0.0160332 0.0227898 0.0306769 0.0392066 0.0475603 0.0547835 0.0601256 0.063271 0.06432 0.0636112 0.0615593 0.0585758 0.0550363 0.0512595 0.0474909 0.0438867 0.0404898 0.0372018 0.0337871 0.0299517 0.0254992 0.0204918 0.0152984
 0.00688288 0.011228 0.0169883 0.0241425 0.0324772 0.0414545 0.0501797 0.057616 0.0629541 0.0658669 0.0664885 0.0652197 0.0625438 0.0589291 0.0547854 0.050442 0.0461386 0.0420239 0.0381473 0.0344426 0.0307333 0.026795 0.0224802 0.0178466 0.0131937
 0.00711628 0.0116161 0.0175895 0.025019 0.0336853 0.0430273 0.0521068 0.0598294 0.0653301 0.0682409 0.0686783 0.0670511 0.0638756 0.0596714 0.054905 0.049952 0.045079 0.0404447 0.0361048 0.0320131 0.0280351 0.0240013 0.0198048 0.0154994 0.011324
 0.00731196 0.0119364 0.0180763 0.0257144 0.0346261 0.0442349 0.0535749 0.061517 0.0671634 0.0701215 0.0704918 0.0686741 0.065185 0.0605567 0.0552836 0.0497798 0.0443527 0.0391957 0.0343924 0.0299243 0.0256927 0.0215688 0.0174744 0.0134553 0.00969599
 0.00737648 0.0120661 0.0183175 0.0261257 0.0352653 0.0451378 0.0547363 0.0628861 0.0686563 0.0716424 0.0719499 0.0699893 0.0662844 0.0613705 0.0557448 0.0498305 0.0439541 0.038338 0.0331023 0.0282697 0.0237846 0.019558 0.0155337 0.0117471 0.00833325
 0.00752247 0.0123174 0.018722 0.0267381 0.0361362 0.0462959 0.0561683 0.0645251 0.0703869 0.0733204 0.0734305 0.0711542 0.0670607 0.0617336 0.0557053 0.0494135 0.0431832 0.0372333 0.0316905 0.0266007 0.0219449 0.0176713 0.0137457 0.0101938 0.00710617
 0.00759184 0.0124429 0.0189351 0.0270786 0.0366465 0.0470097 0.0570982 0.0656534 0.0716622 0.0746611 0.0747322 0.0723032 0.0679518 0.062289 0.0558861 0.0492188 0.0426387 0.0363771 0.0305665 0.0252629 0.0204677 0.0161552 0.0123079 0.0089442 0.00611915
 0.00768894 0.0125823 0.0191124 0.0272815 0.0368642 0.0472446 0.0573729 0.0660069 0.0721344 0.0752733 0.0754719 0.07312 0.0687646 0.0630015 0.0564064 0.0494772 0.042598 0.0360338 0.0299459 0.0244138 0.0194603 0.0150788 0.0112621 0.00802138 0.0053829
 0.00767196 0.0125434 0.0190328 0.0271369 0.0366306 0.0469101 0.0569502 0.0655419 0.0717064 0.0749822 0.0754157 0.0733641 0.0693161 0.0637992 0.0573332 0.0503897 0.0433617 0.0365506 0.0301678 0.0243437 0.0191446 0.0145957 0.0107052 0.0074806 0.00492551
 0.00787645 0.012859 0.0194746 0.0277025 0.0372959 0.0476242 0.0576354 0.0661026 0.0720526 0.0750616 0.0752366 0.0729978 0.0688739 0.0633939 0.0570404 0.0502256 0.0432845 0.0364843 0.0300352 0.0240948 0.018771 0.0141293 0.0102045 0.0070095 0.00453375
 0.00795553 0.0129855 0.0196606 0.0279572 0.0376218 0.0480134 0.0580643 0.0665305 0.0724266 0.0753272 0.0753519 0.0729478 0.0686783 0.0631058 0.056731 0.0499588 0.0430932 0.0363594 0.0299343 0.023966 0.0185787 0.0138693 0.00990277 0.00670814 0.00427208
 0.0079283 0.01294 0.0195907 0.0278583 0.0374945 0.0478675 0.0579215 0.0664214 0.0723816 0.0753643 0.0754682 0.0731188 0.0688675 0.0632793 0.056871 0.0500681 0.0431869 0.0364495 0.0300171 0.0240219 0.0185839 0.0138114 0.00979028 0.00656639 0.00413153
 0.00783791 0.0128196 0.019458 0.0277446 0.0374345 0.0478832 0.0580113 0.0665613 0.072538 0.07551 0.0755912 0.0732198 0.0689509 0.0633459 0.0569169 0.0500897 0.0431862 0.0364338 0.0299934 0.0239905 0.0185383 0.0137444 0.00970144 0.0064654 0.00403366
 0.00797717 0.0130215 0.0197175 0.0280446 0.0377543 0.0482106 0.0583464 0.0669093 0.0728926 0.0758412 0.0758482 0.07335 0.0689233 0.0631636 0.0566128 0.0497112 0.0427798 0.0360366 0.0296303 0.0236745 0.0182719 0.0135235 0.00951988 0.00631885 0.00392028
 0.00807289 0.0131465 0.0198488 0.028141 0.0377666 0.0481 0.058103 0.0665615 0.0725045 0.0754966 0.0756257 0.0732956 0.0690341 0.0633922 0.0568899 0.0499739 0.0429895 0.0361813 0.0297161 0.0237147 0.0182797 0.013509 0.00949098 0.00628258 0.00388342
 0.00790709 0.0129048 0.0195353 0.0277736 0.0373675 0.0476824 0.0576651 0.0660949 0.0720137 0.0750167 0.0752253 0.0730592 0.0690306 0.063645 0.0573657 0.0505943 0.0436588 0.0368155 0.0302604 0.0241458 0.0185978 0.0137277 0.00962945 0.00636139 0.00392198
 0.00798734 0.0130227 0.0196901 0.0279583 0.0375728 0.0479008 0.0578902 0.0663137 0.0721966 0.0751169 0.0751932 0.0728691 0.0687034 0.063248 0.0569876 0.0503077 0.0434949 0.0367618 0.030278 0.0241924 0.0186428 0.0137569 0.00964103 0.00635995 0.00391374
 0.00791841 0.0129055 0.0195047 0.0276845 0.0371965 0.0474242 0.0573416 0.0657497 0.0716929 0.0747476 0.0750076 0.0728762 0.0688721 0.0635257 0.057325 0.0506758 0.043883 0.0371638 0.0306792 0.0245679 0.0189664 0.0140111 0.00982219 0.00647676 0.00398156
 0.00791097 0.0128912 0.0194783 0.0276379 0.0371182 0.0473 0.0571575 0.0654979 0.0713795 0.0743985 0.0746679 0.0725998 0.0687046 0.0634892 0.0574126 0.0508602 0.044131 0.0374466 0.0309745 0.024856 0.019228 0.0142295 0.00998808 0.00659046 0.00405153
 0.00792803 0.0129086 0.0194856 0.027619 0.0370557 0.0471815 0.056981 0.0652719 0.0711192 0.0741215 0.074393 0.0723493 0.0685057 0.06337 0.0573945 0.0509483 0.0443122 0.0376942 0.0312565 0.0251422 0.0194933 0.0144557 0.0101648 0.00671618 0.00413236
 0.00791937 0.0128994 0.0194801 0.0276222 0.0370694 0.0471998 0.0569879 0.0652455 0.07104 0.0739822 0.0742026 0.0721302 0.0682871 0.0631815 0.0572618 0.0508907 0.0443381 0.0377985 0.0314213 0.0253413 0.0196987 0.0146435 0.0103192 0.00683068 0.00420887
 0.00778728 0.0127009 0.0192121 0.027294 0.0367019 0.0468223 0.0566342 0.0649486 0.0708254 0.0738609 0.0741693 0.0721682 0.0683776 0.0633112 0.0574253 0.051088 0.0445705 0.0380639 0.0317108 0.0256386 0.0199828 0.0148941 0.0105221 0.00698057 0.00430941
 0.00765887 0.0124922 0.0188992 0.0268587 0.0361391 0.046151 0.0559052 0.0642413 0.0702302 0.0734535 0.0739901 0.0722163 0.0686185 0.0636925 0.0578927 0.0515965 0.045089 0.0385727 0.0321963 0.0260882 0.020383 0.0152318 0.0107886 0.00717498 0.00443928
 0.00773088 0.0125888 0.0190062 0.0269479 0.0361742 0.046097 0.0557391 0.0639603 0.0698546 0.073026 0.0735683 0.0718601 0.0683743 0.0635821 0.0579118 0.0517218 0.0452893 0.0388181 0.032463 0.0263572 0.0206381 0.0154587 0.0109762 0.00731769 0.00453819
 0.00763375 0.0124475 0.0188233 0.0267341 0.0359417 0.0458513 0.0554747 0.0636647 0.0695204 0.0726627 0.0732081 0.0715518 0.0681698 0.0635208 0.0580085 0.0519647 0.0456447 0.0392417 0.03291 0.02679 0.021029 0.0157897 0.0112382 0.00751028 0.00466847
 0.00764632 0.0124602 0.0188289 0.026723 0.0359063 0.0457916 0.0554002 0.0635886 0.0694489 0.0725867 0.0731059 0.071404 0.0679763 0.0633078 0.0578211 0.0518483 0.0456276 0.0393268 0.0330776 0.0270076 0.0212619 0.0160088 0.0114239 0.00765317 0.00476843
 0.00758406 0.0123659 0.0186995 0.0265593 0.035712 0.0455715 0.055161 0.0633419 0.0692135 0.0723871 0.0729645 0.0713315 0.0679672 0.0633458 0.057891 0.051946 0.0457607 0.039505 0.033302 0.0272654 0.0215294 0.0162595 0.0116366 0.00781695 0.00488273
 0.00743102 0.0121399 0.018402 0.026207 0.0353328 0.0451969 0.0548196 0.0630562 0.0689984 0.0722501 0.0729066 0.0713499 0.068056 0.0634957 0.0580892 0.0521778 0.046014 0.0397732 0.0335817 0.027551 0.0218094 0.0165171 0.0118555 0.00798675 0.00500224
 0.00733285 0.011969 0.0181257 0.025793 0.0347625 0.0444834 0.0540206 0.0622681 0.0683307 0.07179 0.0726957 0.0713813 0.0682898 0.0638785 0.0585687 0.0527096 0.046563 0.0403133 0.0340944 0.0280232 0.02223 0.0168761 0.0121448 0.00820384 0.00515198
 0.00733723 0.0119584 0.0180762 0.0256688 0.0345222 0.0440925 0.0534658 0.06157 0.0675483 0.0710154 0.0720361 0.0709316 0.0681067 0.0639678 0.0588907 0.0531984 0.0471477 0.0409322 0.0347007 0.0285842 0.0227242 0.01729 0.0124721 0.00844572 0.00531716
 0.00745875 0.0121447 0.018334 0.0259922 0.0348888 0.0444596 0.0537704 0.0617371 0.0675101 0.0707369 0.0715344 0.0702785 0.0674108 0.063343 0.0584247 0.0529332 0.0470783 0.04102 0.0348932 0.0288302 0.0229821 0.0175301 0.0126757 0.00860387 0.00542943
 0.00746692 0.0121675 0.0183853 0.0260899 0.0350486 0.0446856 0.0540468 0.0620247 0.0677524 0.0708724 0.0715132 0.0700786 0.0670492 0.0628766 0.0579372 0.0525111 0.0467854 0.0408823 0.0348987 0.0289411 0.0231516 0.0177157 0.0128467 0.00874253 0.0055302
 0.00752966 0.0122652 0.0185249 0.0262763 0.0352851 0.0449742 0.0543851 0.0624015 0.0681413 0.0712297 0.0717819 0.0702001 0.0669812 0.06261 0.0575045 0.0519811 0.0462449 0.0404109 0.0345476 0.0287249 0.0230535 0.0177013 0.0128785 0.00879066 0.00557571
 0.00755867 0.0123161 0.0186081 0.0264032 0.0354648 0.0452088 0.0546669 0.0627126 0.0684591 0.071531 0.072044 0.0703977 0.0670841 0.0625878 0.0573388 0.0516789 0.0458442 0.039973 0.0341389 0.0283962 0.0228274 0.0175722 0.0128229 0.00877962 0.00558504
 0.00756349 0.0123206 0.0186092 0.0263976 0.0354516 0.0451936 0.0546625 0.0627374 0.0685299 0.0716557 0.0722173 0.0706016 0.0672907 0.0627636 0.0574496 0.0516981 0.0457627 0.0398061 0.0339234 0.0281783 0.0226462 0.017448 0.0127551 0.00875406 0.00558348
 0.00757586 0.0123363 0.0186248 0.0264066 0.0354463 0.0451672 0.0546132 0.0626703 0.0684585 0.0716007 0.0722008 0.0706398 0.0673867 0.0629036 0.0576056 0.051835 0.0458491 0.0398245 0.0338767 0.028088 0.0225427 0.0173584 0.012694 0.00872227 0.00557301
 0.00760993 0.0123878 0.0186947 0.0264925 0.0355418 0.0452624 0.0546949 0.0627246 0.0684744 0.0715747 0.0721409 0.0705642 0.0673184 0.0628619 0.0575982 0.0518545 0.045876 0.0398359 0.0338567 0.0280345 0.0224675 0.0172798 0.0126283 0.00867735 0.00554812
 0.00753783 0.0122871 0.0185735 0.0263683 0.0354364 0.0451932 0.0546684 0.062735 0.068508 0.0716166 0.0721802 0.0705969 0.0673479 0.0628968 0.0576479 0.0519239 0.0459611 0.0399242 0.0339317 0.0280838 0.0224878 0.0172777 0.0126149 0.00866289 0.00553809
 0.00753203 0.0122745 0.0185498 0.0263296 0.0353833 0.0451348 0.0546231 0.0627255 0.0685502 0.0717094 0.072303 0.0707182 0.067439 0.0629433 0.0576526 0.0519016 0.0459289 0.0398938 0.0339061 0.0280595 0.0224606 0.0172464 0.0125828 0.00863466 0.00551716
 0.00755229 0.0122971 0.0185643 0.0263202 0.0353324 0.0450306 0.0544667 0.0625342 0.0683555 0.0715489 0.0722095 0.0707082 0.067507 0.0630652 0.0577966 0.0520406 0.0460484 0.0399904 0.0339824 0.0281184 0.0225032 0.0172737 0.012597 0.00863972 0.00551742
 0.00757993 0.0123496 0.0186563 0.0264668 0.0355418 0.0452941 0.0547528 0.0627929 0.0685342 0.0716131 0.0721558 0.0705632 0.067314 0.0628656 0.0576173 0.0518905 0.0459236 0.0398832 0.0338873 0.0280339 0.0224299 0.0172123 0.0125479 0.0086026 0.00549131
 0.00732723 0.0119445 0.0180598 0.0256534 0.0345126 0.044093 0.053477 0.0615844 0.0675469 0.0709689 0.0719138 0.0707156 0.0678039 0.0636118 0.0585325 0.0528917 0.0469368 0.0408465 0.0347539 0.0287741 0.0230304 0.0176741 0.0128827 0.00882986 0.00563453
 0.00717795 0.011687 0.0176453 0.0250281 0.0336317 0.0429422 0.052095 0.0600726 0.0660584 0.0696796 0.0709847 0.0702591 0.0678612 0.0641498 0.0594588 0.0540814 0.0482591 0.042184 0.0360126 0.029887 0.0239579 0.0184019 0.0134185 0.00919778 0.00586861
 0.0071184 0.011605 0.017547 0.0249222 0.0335186 0.0428011 0.0518784 0.0597178 0.0655161 0.0689463 0.0701217 0.0693857 0.067124 0.0636797 0.0593347 0.0543128 0.0487915 0.0429211 0.0368441 0.0307118 0.0246995 0.0190141 0.0138844 0.00952465 0.00607934
#obs surv len freq
 nan nan nan nan nan nan nan nan nan nan nan nan nan nan nan nan nan nan nan nan nan nan nan nan nan
 0.0044861 0.00734798 0.0111783 0.0159945 0.0216945 0.0279689 0.0342818 0.040012 0.0446909 0.0481544 0.0505124 0.0520086 0.0529013 0.0534141 0.0537287 0.0539839 0.0542626 0.0545555 0.0546943 0.0542862 0.0527243 0.0493565 0.0438062 0.0362863 0.0276699
 0.00461872 0.00756579 0.0115098 0.0164665 0.0223253 0.028758 0.0351999 0.0409988 0.0456635 0.0490245 0.0512027 0.0524644 0.0530957 0.0533473 0.0534237 0.0534781 0.0535999 0.0537785 0.0538421 0.0533958 0.0518346 0.0485109 0.0430497 0.0356569 0.0271889
 0.00477594 0.00782379 0.0119026 0.0170277 0.0230814 0.0297183 0.036345 0.0422746 0.0469864 0.0502935 0.0523151 0.0533286 0.0536416 0.0535342 0.0532433 0.0529527 0.0527749 0.0527135 0.0526035 0.0520537 0.0504638 0.0471914 0.041861 0.0346645 0.026429
 0.00496607 0.00813432 0.0123727 0.017695 0.0239751 0.0308482 0.0376897 0.0437769 0.0485593 0.0518348 0.0537203 0.0545 0.0544926 0.0539957 0.0532702 0.0525304 0.0519216 0.0514787 0.0510631 0.0503053 0.048623 0.0453852 0.040215 0.0332812 0.0253659
 0.00517977 0.00848408 0.0129035 0.0184502 0.0249884 0.0321305 0.0392156 0.0454799 0.0503413 0.0535841 0.0553283 0.0558693 0.0555392 0.0546477 0.0534692 0.0522364 0.0511202 0.0501893 0.0493457 0.048263 0.0463993 0.0431518 0.0381477 0.0315265 0.0240091
 0.00540526 0.00885421 0.0134673 0.0192556 0.0260737 0.0335097 0.0408634 0.0473261 0.0522804 0.0554949 0.0570931 0.0573847 0.0567193 0.0554222 0.0537807 0.0520391 0.0503834 0.0489079 0.0475546 0.0460519 0.0439187 0.0406019 0.0357468 0.0294639 0.0224012
 0.00565333 0.00925825 0.0140769 0.020118 0.0272253 0.0349624 0.0425907 0.049257 0.0543079 0.0574957 0.0589461 0.0589828 0.0579734 0.0562612 0.0541483 0.0518902 0.0496838 0.047641 0.0457375 0.0437573 0.0412899 0.0378496 0.0331154 0.0271762 0.0206018
 0.00588562 0.0096421 0.0146661 0.0209664 0.0283759 0.0364308 0.044348 0.0512246 0.0563705 0.0595241 0.0608187 0.0605961 0.0592437 0.0571217 0.0545454 0.05178 0.0490307 0.0464229 0.0439607 0.0414796 0.0386423 0.035039 0.0303945 0.0247854 0.0187049
 0.0061308 0.0100406 0.0152659 0.021813 0.029505 0.0378557 0.0460457 0.053129 0.0583787 0.0615137 0.0626669 0.0621933 0.0605006 0.0579709 0.0549378 0.0516782 0.0484048 0.0452523 0.0422472 0.0392709 0.0360561 0.0322702 0.0276912 0.0223905 0.016791
 0.00638541 0.0104598 0.0159062 0.022729 0.0307376 0.0394132 0.0478868 0.0551591 0.0604668 0.0635208 0.0644699 0.0636955 0.0616314 0.0586799 0.0551901 0.0514491 0.0476759 0.0440121 0.0405017 0.0370643 0.033496 0.029538 0.0250219 0.0200197 0.0148898
 0.00661544 0.0108389 0.0164866 0.023563 0.0318676 0.0408558 0.0496154 0.0570963 0.0624933 0.0654973 0.0662606 0.0651863 0.0627383 0.0593508 0.0553982 0.0511835 0.0469329 0.0427928 0.0388198 0.034965 0.0310783 0.026967 0.022512 0.0177883 0.0130965
 0.00684924 0.0112191 0.0170591 0.0243708 0.032943 0.0422081 0.0512171 0.0588779 0.0643516 0.0673127 0.067915 0.066575 0.0637772 0.0599795 0.0555815 0.0509078 0.0461997 0.0416139 0.03722 0.0329947 0.0288323 0.0245949 0.0202058 0.0157417 0.0114523
 0.00703947 0.0115367 0.017552 0.0250882 0.0339239 0.0434645 0.052718 0.0605457 0.0660755 0.0689731 0.0694039 0.0678062 0.064686 0.0605204 0.0557247 0.0506378 0.0455143 0.0405234 0.035751 0.0311992 0.026801 0.0224635 0.0181439 0.013918 0.00998977
 0.00726737 0.0119048 0.0181018 0.0258567 0.034937 0.0447258 0.0541965 0.0621698 0.0677403 0.0705584 0.070795 0.0689097 0.0654385 0.0608887 0.0557004 0.0502282 0.0447347 0.0393951 0.0343051 0.0294875 0.0249072 0.0205091 0.0162763 0.0122808 0.00868527
 0.0074369 0.0121884 0.0185429 0.0264995 0.0358158 0.0458493 0.0555326 0.063643 0.0692455 0.0719834 0.0720402 0.0698969 0.0661125 0.0612161 0.0556684 0.0498415 0.0440113 0.0383623 0.0329998 0.0279623 0.0232397 0.0188052 0.0146615 0.0108746 0.00757059
 0.00753648 0.0123519 0.0187929 0.0268601 0.0363107 0.0464965 0.0563372 0.06459 0.0702952 0.073074 0.0730942 0.070832 0.0668538 0.0617053 0.0558679 0.0497344 0.0435983 0.0376596 0.0320387 0.0267918 0.0219309 0.017452 0.0133713 0.00974805 0.00667656
 0.00758767 0.0124293 0.0188991 0.0269957 0.0364772 0.0467002 0.0565913 0.0649133 0.0707071 0.0735853 0.0736987 0.0715 0.0675318 0.0623235 0.0563526 0.0500214 0.043643 0.037442 0.0315649 0.0260945 0.0210692 0.0165081 0.0124394 0.00891666 0.00600784
 0.00768509 0.0125778 0.0191038 0.0272537 0.0367776 0.0470254 0.0569191 0.0652217 0.0709814 0.0738252 0.0739191 0.0717239 0.0677758 0.0625846 0.0566032 0.0502138 0.043722 0.0373601 0.0312956 0.0256408 0.0204656 0.0158166 0.0117377 0.00827997 0.00549037
 0.00772588 0.0126436 0.0192017 0.0273891 0.036952 0.0472338 0.0571481 0.0654507 0.0711883 0.0739941 0.074047 0.0718219 0.0678646 0.0626844 0.0567223 0.0503408 0.0438246 0.0373939 0.0312186 0.0254293 0.0201248 0.0153822 0.0112667 0.00783397 0.0051176
 0.00776996 0.0127082 0.0192858 0.0274879 0.0370591 0.0473439 0.0572592 0.0655628 0.0713006 0.0741028 0.0741455 0.071904 0.0679289 0.0627364 0.0567715 0.0503933 0.0438759 0.0374246 0.0311995 0.025333 0.0199395 0.01512 0.0109618 0.00753075 0.00485532
 0.00780708 0.0127651 0.0193649 0.0275882 0.0371757 0.0474679 0.0573785 0.0656644 0.0713751 0.0741478 0.0741665 0.0719107 0.0679301 0.0627379 0.0567759 0.0504014 0.0438857 0.0374286 0.0311831 0.0252781 0.0198327 0.0149614 0.010768 0.0073297 0.00467539
 0.00786669 0.0128547 0.0194859 0.0277368 0.0373435 0.0476436 0.0575486 0.0658144 0.0714906 0.0742178 0.0741862 0.0718835 0.067867 0.0626534 0.0566845 0.0503137 0.0438069 0.0373577 0.0311133 0.0251985 0.0197333 0.0148383 0.0106275 0.00718671 0.00454726
 0.00786468 0.0128524 0.0194843 0.0277372 0.037347 0.0476504 0.057558 0.0658249 0.0715014 0.0742296 0.0742007 0.0719023 0.0678903 0.0626802 0.0567134 0.0503436 0.0438365 0.0373844 0.0311323 0.0252028 0.019716 0.0147964 0.0105644 0.00711241 0.00447442
 0.00788538 0.0128804 0.0195161 0.0277663 0.0373661 0.0476548 0.0575475 0.0658042 0.0714775 0.0742086 0.0741863 0.0718958 0.0678917 0.0626889 0.0567282 0.0503631 0.0438584 0.0374061 0.0311499 0.0252116 0.0197113 0.0147756 0.010529 0.00706802 0.0044291
 0.00791744 0.0129305 0.0195872 0.0278587 0.0374761 0.0477732 0.0576599 0.0658934 0.0715285 0.0742145 0.0741508 0.0718306 0.0678115 0.0626065 0.0566523 0.0502979 0.0438052 0.0373637 0.0311156 0.0251818 0.0196818 0.0147435 0.0104935 0.00703119 0.00439465
 0.00787838 0.0128692 0.0194994 0.027743 0.0373351 0.0476152 0.0574992 0.0657486 0.0714178 0.0741503 0.0741368 0.0718628 0.0678816 0.0627054 0.0567711 0.050428 0.0439383 0.0374918 0.0312316 0.0252798 0.0197578 0.014796 0.0105239 0.00704364 0.00439522
 0.00789011 0.0128764 0.0194887 0.0276953 0.0372317 0.0474466 0.0572729 0.0654898 0.0711631 0.0739369 0.0739927 0.0718019 0.067903 0.062797 0.0569146 0.0506035 0.0441276 0.0376796 0.0314058 0.0254313 0.0198809 0.0148882 0.0105866 0.00708136 0.00441443
 0.00788484 0.0128716 0.0194873 0.0277002 0.037242 0.0474534 0.0572585 0.0654329 0.0710493 0.0737693 0.0737947 0.0716104 0.0677552 0.0627179 0.0569115 0.0506678 0.0442409 0.0378204 0.0315542 0.0255714 0.0200016 0.0149835 0.0106552 0.00712581 0.00443996
 0.00787022 0.0128465 0.0194476 0.0276423 0.0371648 0.0473609 0.0571596 0.0653387 0.0709673 0.0736988 0.0737287 0.0715429 0.0676886 0.0626654 0.0568913 0.0506942 0.0443168 0.0379369 0.0316945 0.0257165 0.0201352 0.0150946 0.0107391 0.00718327 0.00447539
 0.00784886 0.0128086 0.0193849 0.0275457 0.0370269 0.0471803 0.0569452 0.0651101 0.0707515 0.0735228 0.073612 0.0714921 0.0676983 0.0627232 0.0569851 0.0508168 0.0444651 0.0381075 0.0318792 0.0259025 0.0203078 0.0152414 0.0108531 0.00726388 0.00452708
 0.00784745 0.0128035 0.0193717 0.0275178 0.0369766 0.0471002 0.0568309 0.0649623 0.0705782 0.0733395 0.0734399 0.0713537 0.0676116 0.0626966 0.0570166 0.0508968 0.0445816 0.0382492 0.032036 0.0260638 0.0204619 0.0153772 0.0109626 0.00734418 0.00458034
 0.00780579 0.0127404 0.0192856 0.0274098 0.0368503 0.0469602 0.0566817 0.0648091 0.0704267 0.0731969 0.0733148 0.0712566 0.0675538 0.0626879 0.0570622 0.050995 0.0447239 0.0384223 0.0322248 0.0262537 0.0206397 0.0155322 0.0110876 0.00743655 0.00464251
 0.00775512 0.0126559 0.0191549 0.0272221 0.0365999 0.0466531 0.0563393 0.0644665 0.070124 0.0729672 0.0731761 0.071211 0.0675924 0.0627977 0.0572305 0.0512102 0.0449741 0.0386941 0.0325028 0.0265216 0.0208828 0.0157388 0.0112511 0.0075561 0.00472263
 0.00775448 0.0126483 0.0191311 0.0271687 0.0365023 0.0464995 0.0561267 0.0642039 0.0698328 0.0726787 0.0729248 0.0710273 0.0674954 0.0627922 0.0573087 0.051357 0.0451718 0.0389248 0.0327493 0.026767 0.0211111 0.0159369 0.0114104 0.00767419 0.00480271
 0.00770187 0.0125697 0.0190254 0.0270385 0.0363516 0.0463314 0.0559416 0.0640012 0.0696149 0.0724544 0.0727117 0.070849 0.0673772 0.0627537 0.0573585 0.0514908 0.0453744 0.0391747 0.0330229 0.0270417 0.0213672 0.0161591 0.0115891 0.00780676 0.00489276
 0.00766824 0.0125114 0.0189315 0.026898 0.0361581 0.0460881 0.0556652 0.0637196 0.0693581 0.0722444 0.0725577 0.0707503 0.0673307 0.0627602 0.0574225 0.0516166 0.0455604 0.0394107 0.0332907 0.027319 0.0216315 0.0163918 0.0117782 0.00794792 0.00498915
 0.00762743 0.0124492 0.018845 0.0267866 0.0360217 0.0459264 0.0554783 0.0635107 0.0691369 0.0720285 0.0723693 0.07061 0.0672514 0.0627452 0.0574689 0.051719 0.0457135 0.0396076 0.0335204 0.0275651 0.0218741 0.0166116 0.011961 0.00808686 0.00508529
 0.00763958 0.0124604 0.0188466 0.0267656 0.0359651 0.0458271 0.0553391 0.0633437 0.0689583 0.0718528 0.0722068 0.070469 0.0671403 0.0626735 0.0574447 0.0517466 0.0457922 0.0397324 0.0336821 0.0277506 0.0220671 0.0167945 0.0121187 0.00821041 0.00517287
 0.00761966 0.0124364 0.0188251 0.0267563 0.0359755 0.0458563 0.0553742 0.0633629 0.0689403 0.0717868 0.0720973 0.0703321 0.0669973 0.0625437 0.0573434 0.0516845 0.0457757 0.0397629 0.0337558 0.0278582 0.0221948 0.0169262 0.0122395 0.00830953 0.00524572
 0.0075935 0.0123947 0.0187646 0.0266761 0.0358793 0.0457541 0.0552817 0.063297 0.0689114 0.0717922 0.0721211 0.0703537 0.0670014 0.0625274 0.0573153 0.0516593 0.045768 0.039783 0.0338077 0.027939 0.0222957 0.0170347 0.0123422 0.00839611 0.00531082
 0.00758065 0.0123743 0.0187347 0.0266352 0.0358264 0.0456894 0.0552079 0.0632203 0.0688417 0.0717407 0.0720962 0.0703564 0.0670237 0.0625562 0.0573386 0.0516728 0.045776 0.0397954 0.0338343 0.027985 0.0223598 0.0171097 0.012418 0.00846322 0.00536326
 0.00757864 0.0123721 0.0187333 0.0266359 0.0358302 0.0456959 0.0552145 0.0632229 0.0688361 0.0717246 0.072071 0.0703268 0.0669957 0.0625336 0.0573214 0.0516582 0.0457617 0.0397825 0.0338277 0.0279905 0.0223804 0.0171437 0.0124596 0.00850468 0.00539847
 0.00754249 0.0123164 0.0186555 0.0265361 0.0357121 0.0455668 0.0550856 0.0631077 0.0687474 0.0716712 0.0720555 0.0703459 0.0670428 0.0626014 0.0574031 0.0517471 0.0458517 0.0398687 0.0339077 0.0280644 0.0224497 0.0172087 0.0125188 0.00855523 0.00543792
 0.00755017 0.0123259 0.0186642 0.0265397 0.0357057 0.0455469 0.0550514 0.063062 0.0686957 0.0716201 0.072011 0.0703124 0.0670225 0.0625944 0.0574081 0.0517619 0.045874 0.039896 0.033938 0.0280964 0.0224828 0.0172423 0.0125514 0.00858484 0.00546233
 0.00753586 0.0123059 0.01864 0.0265144 0.0356824 0.0455268 0.0550326 0.0630405 0.0686677 0.0715849 0.071972 0.070276 0.0669958 0.0625823 0.0574122 0.0517809 0.0459047 0.0399344 0.0339803 0.0281396 0.0225246 0.0172812 0.012586 0.00861391 0.005485
 0.00752155 0.0122803 0.0185975 0.0264493 0.0355913 0.0454122 0.0549047 0.0629155 0.068563 0.0715127 0.0719361 0.0702733 0.0670198 0.0626273 0.057474 0.0518561 0.0459895 0.0400243 0.0340702 0.0282248 0.0226013 0.0173468 0.0126393 0.00865477 0.00551426
 0.0074972 0.0122428 0.0185447 0.0263803 0.0355059 0.0453104 0.054788 0.0627883 0.0684341 0.0713953 0.0718453 0.0702219 0.0670138 0.0626647 0.057547 0.0519544 0.0461029 0.0401442 0.0341893 0.028337 0.0227014 0.0174313 0.0127065 0.00870474 0.00554883
 0.00750721 0.012256 0.0185591 0.0263919 0.03551 0.0453032 0.0547671 0.0627531 0.0683851 0.0713337 0.071774 0.0701465 0.0669437 0.0626104 0.0575169 0.0519523 0.0461272 0.0401893 0.0342478 0.0284012 0.0227648 0.0174887 0.0127543 0.00874153 0.00557484
 0.00748889 0.0122307 0.018529 0.0263613 0.0354839 0.0452839 0.0547535 0.0627406 0.068368 0.0713086 0.0717406 0.0701077 0.066904 0.0625758 0.0574937 0.051946 0.0461411 0.0402233 0.034298 0.0284613 0.0228273 0.017547 0.0128039 0.00877989 0.00560195
 0.00748889 0.0122307 0.018529 0.0263613 0.0354839 0.0452839 0.0547535 0.0627406 0.068368 0.0713086 0.0717406 0.0701077 0.066904 0.0625758 0.0574937 0.051946 0.0461411 0.0402233 0.034298 0.0284613 0.0228273 0.017547 0.0128039 0.00877989 0.00560195
 0.00722925 0.0118154 0.0179191 0.0255312 0.0344335 0.0440545 0.0534383 0.0614788 0.0673153 0.0705956 0.0714397 0.0702233 0.0673841 0.0633337 0.0584311 0.0529704 0.0471756 0.0412103 0.0351972 0.0292462 0.0234827 0.0180675 0.013194 0.00905348 0.00577986
 0.00711917 0.0116098 0.0175607 0.0249523 0.0335738 0.0428902 0.0520091 0.0598969 0.0657482 0.0692297 0.0704413 0.0697062 0.0673918 0.0638365 0.0593393 0.0541582 0.048509 0.0425683 0.0364844 0.0303956 0.0244538 0.0188429 0.0137762 0.00946172 0.00604502
 0.0071578 0.0116688 0.0176397 0.0250404 0.0336422 0.0428862 0.0518587 0.059522 0.0650996 0.068321 0.0693642 0.0686154 0.0664632 0.0632186 0.0591159 0.0543349 0.0490225 0.0433124 0.0373398 0.0312548 0.0252356 0.0194972 0.0142825 0.0098236 0.00628306
#pred catch len freq
 0.0031897 0.00516477 0.0077685 0.0110382 0.0150135 0.0196925 0.0249705 0.0306232 0.0363484 0.0418266 0.0467678 0.0509496 0.0542499 0.0566559 0.058246 0.0591623 0.0595879 0.0597097 0.0596298 0.0592236 0.0580232 0.0552786 0.0502887 0.0428803 0.0337107
 0.00344081 0.00551015 0.0081744 0.0114402 0.0153421 0.019909 0.0250893 0.0307003 0.0364421 0.0419563 0.0469011 0.0510287 0.054237 0.0565688 0.0581597 0.0591744 0.0597634 0.0600322 0.0599851 0.0594319 0.0579138 0.0547724 0.049442 0.0418617 0.032723
 0.00349586 0.00564145 0.00844424 0.0119192 0.0160758 0.0208762 0.026179 0.0317371 0.0372559 0.042454 0.0470926 0.0509905 0.0540524 0.056292 0.0578231 0.0588153 0.0594317 0.059764 0.0597634 0.0591717 0.0574953 0.0541102 0.0485446 0.0408389 0.0317353
 0.00361952 0.00582539 0.00869508 0.0122469 0.0165097 0.0214767 0.0270273 0.0328913 0.0386894 0.0440195 0.0485499 0.0520958 0.0546543 0.0563739 0.0574761 0.0581755 0.0586282 0.0588909 0.0588663 0.0582436 0.056493 0.052995 0.0473305 0.0396101 0.0306162
 0.00380444 0.00611567 0.0091117 0.0128005 0.0171982 0.0222856 0.0279353 0.033883 0.0397673 0.0451978 0.0498198 0.0533812 0.0557978 0.0571803 0.0577913 0.0579496 0.057922 0.0578304 0.0575825 0.0568307 0.0550021 0.05146 0.0458026 0.0381747 0.0293752
 0.00399755 0.00642736 0.00957716 0.0134523 0.0180613 0.0233686 0.0292189 0.0353133 0.0412617 0.0466648 0.051182 0.0545861 0.0568051 0.0579345 0.0582054 0.057923 0.0573853 0.056785 0.0561047 0.0550426 0.053037 0.0494455 0.0438626 0.03643 0.0279283
 0.00423281 0.00680183 0.0101273 0.0142106 0.0190554 0.0246171 0.0307211 0.0370368 0.0431341 0.0485747 0.0529926 0.05616 0.0580313 0.0587417 0.0585546 0.0577864 0.0567344 0.0556027 0.0544127 0.0529236 0.0506343 0.046944 0.0414596 0.034304 0.0262064
 0.00449279 0.00721726 0.0107403 0.0150587 0.0201692 0.0260139 0.0323954 0.038951 0.0452146 0.0507155 0.0550627 0.058015 0.0595299 0.0597651 0.0590214 0.0576546 0.0559921 0.0542589 0.0525019 0.0505246 0.0478895 0.0440592 0.038676 0.0318472 0.0242334
 0.00475992 0.00764453 0.0113716 0.015934 0.0213217 0.0274639 0.0341394 0.0409509 0.0473942 0.0529646 0.0572481 0.0599935 0.0611623 0.0609287 0.0596189 0.0576193 0.0552897 0.052888 0.0504989 0.0479761 0.0449482 0.0409474 0.0356597 0.0291807 0.0220957
 0.00508997 0.00816146 0.0121147 0.0169313 0.0225915 0.0290145 0.0359628 0.0430119 0.0496227 0.0552552 0.0594683 0.0619982 0.0628111 0.0621003 0.0602188 0.0575808 0.0545723 0.0514803 0.0484278 0.0453247 0.0418733 0.0376825 0.0324871 0.0263729 0.0198456
 0.00546584 0.00875329 0.01297 0.018083 0.0240544 0.0307802 0.0379912 0.0452274 0.05192 0.0575145 0.0615692 0.0638278 0.0642669 0.0630922 0.0606708 0.0574331 0.0537831 0.0500304 0.0463333 0.0426571 0.0387809 0.0343949 0.029288 0.0235386 0.0175737
 0.00583363 0.00934322 0.0138439 0.0192955 0.0256456 0.0327623 0.0403303 0.0478299 0.0546357 0.0601566 0.063945 0.0657698 0.0656554 0.0638619 0.0608008 0.0569269 0.0526518 0.0482879 0.0440087 0.0398206 0.0355708 0.0310286 0.0260381 0.0206732 0.015284
 0.00609226 0.00976096 0.0144696 0.020178 0.0268315 0.0342879 0.0422065 0.0500252 0.057064 0.0626759 0.0663703 0.0678996 0.0673068 0.0649014 0.0611599 0.0565954 0.051658 0.0466787 0.0418441 0.0371867 0.0326039 0.0279283 0.023051 0.0180419 0.0131822
 0.0063116 0.0101111 0.014986 0.0208937 0.0277763 0.0354855 0.0436667 0.0517343 0.0589764 0.0647107 0.0684113 0.0698023 0.0689131 0.0660621 0.0617575 0.0565613 0.0509757 0.0453772 0.0399885 0.0348769 0.0299822 0.0251852 0.02041 0.0157177 0.0113269
 0.00649029 0.0104069 0.0154414 0.021552 0.0286742 0.0366404 0.0450637 0.0533213 0.0606727 0.0664218 0.0700431 0.0712664 0.0701257 0.0669417 0.0622267 0.0565536 0.0504473 0.044318 0.0384305 0.0328996 0.0277154 0.0228048 0.0181179 0.0137032 0.00972148
 0.00666791 0.0106995 0.01589 0.0222006 0.0295645 0.0378012 0.0464952 0.0549808 0.0624691 0.0682238 0.0717012 0.072642 0.071118 0.0674989 0.0623377 0.0562287 0.0497013 0.0431671 0.0369032 0.0310538 0.0256529 0.0206713 0.0160844 0.0119299 0.00831704
 0.00673528 0.010818 0.0160867 0.0225104 0.0300282 0.0384586 0.0473752 0.0560894 0.0637787 0.0696667 0.0731706 0.0740055 0.0722412 0.0682727 0.0626971 0.0561556 0.049213 0.0423003 0.0357052 0.0295868 0.0240047 0.0189608 0.0144504 0.0105029 0.00718608
 0.006744 0.010825 0.0160857 0.0224966 0.0300061 0.0384529 0.0474357 0.0562849 0.0641767 0.0703075 0.0740461 0.0750525 0.0733507 0.0693117 0.0635354 0.0566909 0.0493857 0.0420959 0.0351482 0.028733 0.0229373 0.0177867 0.0132898 0.00946734 0.00635378
 0.00679524 0.0108918 0.0161549 0.0225437 0.0299999 0.0383651 0.0472541 0.0560257 0.0638929 0.070086 0.073989 0.0752439 0.0738216 0.07002 0.0643734 0.0575144 0.0500531 0.042501 0.0352376 0.0285098 0.0224539 0.0171319 0.0125703 0.0087856 0.0057853
 0.00694514 0.0111213 0.0164727 0.0229454 0.0304656 0.038858 0.0477203 0.0564 0.0641139 0.0701186 0.0738435 0.0749809 0.073536 0.0698083 0.0642955 0.0575703 0.0501835 0.0426123 0.0352388 0.0283438 0.0221136 0.0166584 0.0120359 0.00826916 0.00534901
 0.00697385 0.0111696 0.0165489 0.0230585 0.0306241 0.0390667 0.0479753 0.0566847 0.0643968 0.070357 0.0739944 0.0750166 0.0734597 0.0696583 0.0641333 0.0574538 0.0501397 0.0426237 0.0352528 0.0282994 0.0219704 0.0164142 0.0117247 0.00794391 0.00505959
 0.00697397 0.0111668 0.0165394 0.0230383 0.0305913 0.039025 0.0479366 0.0566671 0.0644191 0.0704298 0.0741128 0.0751598 0.0735974 0.0697639 0.0641971 0.0574867 0.0501638 0.0426555 0.0352886 0.0283154 0.0219376 0.0163167 0.0115708 0.00776216 0.00488439
 0.00695789 0.0111562 0.0165512 0.0230958 0.0307152 0.0392212 0.0481879 0.0569357 0.0646607 0.0706111 0.074221 0.0752005 0.073584 0.0697083 0.0641068 0.0573685 0.0500288 0.0425179 0.0351595 0.0281961 0.0218195 0.0161896 0.0114319 0.0076202 0.00475459
 0.00700054 0.0112131 0.0166156 0.023158 0.0307713 0.0392822 0.0482818 0.0570963 0.0649058 0.0709232 0.0745473 0.0754726 0.0737473 0.0697409 0.0640199 0.0571936 0.0498027 0.0422732 0.0349203 0.0279766 0.0216245 0.0160176 0.0112802 0.00748884 0.00464662
 0.00700624 0.011205 0.0165713 0.0230457 0.0305581 0.0389484 0.0478363 0.0565855 0.0644097 0.0705383 0.0743576 0.07552 0.074015 0.0701603 0.0644992 0.0576505 0.0501857 0.0425639 0.0351234 0.0281071 0.0216985 0.0160487 0.01128 0.00746843 0.00461691
 0.00693987 0.0111124 0.0164582 0.022922 0.0304284 0.0388007 0.0476391 0.0562996 0.064014 0.0700551 0.0738608 0.075116 0.0738038 0.0701966 0.0647725 0.0580941 0.0507059 0.0430739 0.0355644 0.0284527 0.0219472 0.0162127 0.0113772 0.00751757 0.00463528
 0.00692524 0.0110873 0.0164192 0.0228684 0.0303655 0.0387427 0.0476056 0.0563045 0.0640504 0.0700882 0.0738401 0.075005 0.0736083 0.0699699 0.0645911 0.0580199 0.0507582 0.043227 0.0357675 0.028655 0.0221145 0.0163317 0.0114502 0.007555 0.00464963
 0.00686761 0.0109903 0.0162671 0.0226447 0.0300571 0.0383474 0.0471402 0.0558098 0.0635871 0.0697226 0.073623 0.0749537 0.0737026 0.0701671 0.0648509 0.0583209 0.0510959 0.0435981 0.0361557 0.0290302 0.0224442 0.0165932 0.0116371 0.00767507 0.00471871
