SBPRF35
7.78865
Curr Bio
492581
B35
697470
F35
0.21353
FOFL
0.147086
OFL
57496.5
Bzero
2.22533e+006
#pred survey bio
 5.0227e+006 4.73218e+006 4.4508e+006 4.12491e+006 3.76112e+006 3.39747e+006 3.02694e+006 2.7018e+006 2.38333e+006 2.10437e+006 1.84284e+006 1.60842e+006 1.40241e+006 1.23767e+006 1.09542e+006 980348 897242 824781 780848 741070 714480 682053 677993 669089 641628 635370 624991 628836 627950 620525 611830 609486 603038 599443 590565 572572 549442 540218 534002 543478 555082 560268 569139 577560 575820 570741 560349 558186 547231 539416 525740 497865 1.73698e+007 1.02816e+007 1.05e+007 1.12837e+007 1.23583e+007 1.34715e+007 1.44735e+007 1.53026e+007 1.59524e+007 1.64435e+007 1.68058e+007 1.70691e+007 1.72588e+007 1.73949e+007 1.74925e+007 1.75627e+007 1.76134e+007 1.76502e+007 1.76771e+007 1.76969e+007 1.77115e+007 1.77224e+007 1.77306e+007 1.77368e+007 1.77414e+007 1.7745e+007 1.77477e+007 1.77497e+007 1.77513e+007 1.77525e+007 1.77534e+007 1.77541e+007 1.77547e+007 1.77551e+007 1.77554e+007 1.77557e+007 1.77559e+007 1.7756e+007 1.77561e+007 1.77562e+007 1.77563e+007 1.77563e+007 1.77564e+007 1.77564e+007 1.77564e+007 1.77565e+007 1.77565e+007 1.77565e+007 1.77565e+007 1.77565e+007 1.77565e+007 1.77565e+007 1.77565e+007 1.77565e+007 1.77565e+007 1.77565e+007 1.77565e+007 1.77565e+007 1.77565e+007 1.77565e+007 1.77565e+007 1.77565e+007 1.77565e+007 1.77565e+007 1.77565e+007 1.77565e+007 1.77565e+007 1.77565e+007 1.77565e+007 1.77565e+007 1.77565e+007 1.77565e+007 1.77565e+007 1.77565e+007 1.77565e+007 1.77565e+007 1.77565e+007 1.77565e+007 1.77565e+007 1.77565e+007 1.77565e+007 1.77565e+007 1.77565e+007 1.77565e+007 1.77565e+007 1.77565e+007 1.77565e+007 1.77565e+007 1.77565e+007 1.77565e+007 1.77565e+007 1.77565e+007 1.77565e+007 1.77565e+007 1.77565e+007 1.77565e+007 1.77565e+007 1.77565e+007 1.77565e+007 1.77565e+007 0 0 0 0 0 0 0 0 0 0 0 0 0 0 0 0 0 0 0 0 0 0 0 0 0
#obs survey bio
 3.6124e+006 3.3305e+006 4.12744e+006 3.66506e+006 3.69496e+006 1.795e+006 2.78819e+006 1.67563e+006 2.71114e+006 1.95175e+006 1.13022e+006 1.04592e+006 1.24464e+006 1.16464e+006 747336 723535 930170 749724 669870 505150 689029 751105 688349 537420 471409 747741 525429 507661 857212 478452 406388 550800 733170 643802 493945 605932 814333 664262 617947 431241 584180 443526 628364 612546 565137 627067 493416 499994 669604 533095 543292 522281
#pred catch bio
 91923.7 91489.3 148622 207962 239116 280329 273695 299310 291567 299989 295636 284796 258365 245502 225859 199429 188553 161385 154710 140076 140759 113474 115501 128406 108165 109570 96014.9 98984.6 102707 101649 94233.9 95000.4 89316.3 90225.2 94176.7 96966.5 87515.1 88830.6 79020.8 79789.7 86000.3 82844.6 83074.8 90898.1 92310 95065.8 86658.7 92454.9 87917.7 91255 100918 76048.5 57496.5 79556.1 79758.4 84356.3 92005 100203 107532 113469 117984 121267 123579 125166 126236 126947 127413 127717 127913 128039 128119 128170 128203 128223 128236 128244 128249 128253 128255 128256 128257 128257 128258 128258 128258 128258 128258 128258 128258 128258 128258 128258 128258 128258 128258 128258 128258 128258 128258 128258 128258 128258 128258 128258 128258 128258 128258 128258 128258 128258 128258 128258 128258 128258 128258 128258 128258 128258 128258 128258 128258 128258 128258 128258 128258 128258 128258 128258 128258 128258 128258 128258 128258 128258 128258 128258 128258 128258 128258 128258 128258 128258 128258 128258 128258 128258 128258 128258 128258 128258 128258 128258 0 0 0 0 0 0 0 0 0 0 0 0 0 0 0 0 0 0 0 0 0 0 0 0 0
#obs catch bio
 0 91267.3 149109 208987 239816 283422 276191 304275 295337 304227 302538 293218 264178 252421 233014 205746 193391 164720 158041 143136 144018 114559 116810 130201 109720 111167 96743.8 99929.9 103537 102758 95296.5 96118.6 89757.3 90612.9 94768.8 97337.9 87773.8 88947.9 78876.5 80199.6 86344 83046.7 83007.6 90856.2 92240.3 94863.9 86636.1 92495.2 87517.3 90748.8 101195 75900.8
#pred cpue bio
 4.94455e+006 4.6595e+006 4.38203e+006 4.05833e+006 3.69675e+006 3.33492e+006 2.96621e+006 2.64273e+006 2.32639e+006 2.04939e+006 1.78965e+006 1.55705e+006 1.35333e+006 1.19055e+006 1.05004e+006 936586 855224 784974 742645 704407 679067 648291 644884 636586 610083 604208 594619 598665 598043 591187 583063 581199 575635 572892 564986 548026 524931 514425 507284 516096 527436 532782 541662 550043 548543 543846 533982 532081 521738 514411 501224 474281 1.65663e+007 9.81486e+006 9.89844e+006 1.05286e+007 1.15509e+007 1.26521e+007 1.36518e+007 1.44805e+007 1.51302e+007 1.56212e+007 1.59836e+007 1.62469e+007 1.64366e+007 1.65727e+007 1.66703e+007 1.67404e+007 1.67911e+007 1.68279e+007 1.68548e+007 1.68746e+007 1.68893e+007 1.69002e+007 1.69084e+007 1.69145e+007 1.69192e+007 1.69227e+007 1.69254e+007 1.69275e+007 1.69291e+007 1.69303e+007 1.69312e+007 1.69319e+007 1.69324e+007 1.69329e+007 1.69332e+007 1.69334e+007 1.69336e+007 1.69338e+007 1.69339e+007 1.6934e+007 1.69341e+007 1.69341e+007 1.69342e+007 1.69342e+007 1.69342e+007 1.69342e+007 1.69342e+007 1.69343e+007 1.69343e+007 1.69343e+007 1.69343e+007 1.69343e+007 1.69343e+007 1.69343e+007 1.69343e+007 1.69343e+007 1.69343e+007 1.69343e+007 1.69343e+007 1.69343e+007 1.69343e+007 1.69343e+007 1.69343e+007 1.69343e+007 1.69343e+007 1.69343e+007 1.69343e+007 1.69343e+007 1.69343e+007 1.69343e+007 1.69343e+007 1.69343e+007 1.69343e+007 1.69343e+007 1.69343e+007 1.69343e+007 1.69343e+007 1.69343e+007 1.69343e+007 1.69343e+007 1.69343e+007 1.69343e+007 1.69343e+007 1.69343e+007 1.69343e+007 1.69343e+007 1.69343e+007 1.69343e+007 1.69343e+007 1.69343e+007 1.69343e+007 1.69343e+007 1.69343e+007 1.69343e+007 1.69343e+007 1.69343e+007 1.69343e+007 1.69343e+007 1.69343e+007 1.69343e+007 0 0 0 0 0 0 0 0 0 0 0 0 0 0 0 0 0 0 0 0 0 0 0 0 0
#obs cpue bio
 3.24208e+006 3.56544e+006 4.63316e+006 4.16031e+006 4.64676e+006 2.2895e+006 3.02809e+006 2.34938e+006 2.51163e+006 2.09463e+006 1.20049e+006 1.27216e+006 1.68887e+006 696085 853718 725748 879132 658177 649582 621018 584205 750831 511123 736558 443032 505608 766874 612142 460026 537938 620620 584434 658123 539295 558483 644026 309997 536881 481023 350156 601195 659521 624309 562432 549963 610787 451451 665865 585868 594181 345203 453894
#pred surv len freq
 0.00418338 0.00695264 0.0107633 0.015691 0.0216606 0.0283387 0.0351218 0.0413092 0.0463741 0.0501321 0.0527053 0.0543652 0.055391 0.0559974 0.0563097 0.0563625 0.0561159 0.0554766 0.0543021 0.0523787 0.0494087 0.0450761 0.0392246 0.0320715 0.0242878
 0.00440926 0.00723012 0.0110195 0.015814 0.0215444 0.0279447 0.0345186 0.0406542 0.0458389 0.0498151 0.0525874 0.0543329 0.055308 0.055781 0.0559745 0.0560161 0.0559113 0.055543 0.0546821 0.0530025 0.0501215 0.0457059 0.0396542 0.0322749 0.024316
 0.00458253 0.00753993 0.0115298 0.0165807 0.0225774 0.0291644 0.0357401 0.0416319 0.0463662 0.0498213 0.0521619 0.0536566 0.0545448 0.0550088 0.0551953 0.055219 0.0551297 0.0548606 0.0541891 0.0527371 0.0500418 0.0457121 0.0396443 0.0321944 0.0241707
 0.00476174 0.00782967 0.0119655 0.0172009 0.0234224 0.030267 0.0371023 0.0431927 0.0479785 0.0512634 0.0531963 0.0541156 0.0543931 0.0543404 0.0541701 0.0539919 0.0538186 0.0535569 0.0529748 0.0516803 0.0491742 0.0450193 0.039083 0.0317247 0.0237765
 0.00502703 0.00825166 0.0125832 0.0180442 0.0245076 0.0315904 0.0386338 0.0448739 0.0497264 0.0529721 0.0547322 0.0553179 0.0550966 0.0544241 0.0536053 0.052855 0.0522611 0.0517566 0.0510974 0.0498614 0.0475129 0.0435755 0.0378813 0.0307654 0.023047
 0.00527678 0.00866655 0.0132232 0.0189686 0.0257603 0.033178 0.0405069 0.0469255 0.051814 0.0549518 0.0564825 0.0567397 0.0560979 0.0549087 0.053485 0.0520825 0.0508634 0.0498449 0.0488461 0.0474702 0.0451705 0.0414354 0.0360499 0.0292987 0.0219529
 0.00554064 0.00909844 0.0138793 0.0199046 0.0270224 0.0347879 0.0424423 0.0491099 0.054121 0.0572249 0.0585599 0.0584769 0.0573796 0.0556489 0.0536186 0.0515621 0.0496716 0.0480182 0.046495 0.0447773 0.0423639 0.0387475 0.033676 0.027366 0.0205073
 0.00576723 0.00947253 0.0144532 0.0207315 0.028147 0.0362314 0.044187 0.0510929 0.056243 0.0593662 0.0605951 0.0602821 0.0588361 0.0566481 0.0540679 0.05139 0.048834 0.0465125 0.0443803 0.0421909 0.0395188 0.0359011 0.0310779 0.0252035 0.0188699
 0.00605504 0.00993516 0.0151399 0.0216852 0.0293977 0.0377844 0.0460111 0.0531148 0.0583561 0.0614497 0.0625322 0.0619693 0.0601841 0.0575773 0.0545047 0.0512662 0.0480937 0.0451268 0.0423714 0.0396564 0.0366431 0.0329386 0.0283033 0.0228457 0.0170578
 0.00639867 0.0104818 0.01594 0.0227766 0.0307984 0.0394817 0.0479503 0.0551982 0.0604581 0.0634424 0.064307 0.0634446 0.0613013 0.0582913 0.0547739 0.0510466 0.0473394 0.0438017 0.0404726 0.0372449 0.0338664 0.0300261 0.0255254 0.0204456 0.0151872
 0.00669115 0.0109745 0.0167117 0.0239077 0.0323485 0.0414578 0.0502789 0.0577231 0.0629727 0.0657415 0.0662298 0.0648932 0.0622348 0.0587074 0.0546879 0.050473 0.0462814 0.0422539 0.0384395 0.0347728 0.0310732 0.0271103 0.0227358 0.0180188 0.0132808
 0.00691723 0.0113556 0.0173113 0.0247958 0.03359 0.0430911 0.0522912 0.060034 0.0654363 0.0681665 0.0684121 0.0666509 0.0634387 0.0592961 0.054662 0.0498728 0.0451593 0.0406567 0.0364107 0.0323735 0.0284116 0.0243573 0.020108 0.0157282 0.0114731
 0.0072427 0.0118645 0.0180405 0.0257687 0.0348165 0.0445669 0.0539923 0.0619108 0.0674111 0.0701368 0.0702559 0.0682355 0.0646342 0.0599951 0.0547981 0.0494296 0.0441643 0.039166 0.0344957 0.0301223 0.0259423 0.0218288 0.0177101 0.0136435 0.00982767
 0.00755195 0.0123643 0.0187853 0.0268026 0.036159 0.0461952 0.0558277 0.0638249 0.0692567 0.0717878 0.0716322 0.0692986 0.0653636 0.0603661 0.0547761 0.0489796 0.0432684 0.0378356 0.0327766 0.0280953 0.0237241 0.0195701 0.0155807 0.0118007 0.00837692
 0.0077922 0.0127664 0.0194111 0.0277145 0.0374045 0.0477817 0.0576995 0.0658564 0.0712731 0.0736045 0.0730958 0.0703143 0.0659008 0.0604447 0.05444 0.0482722 0.0422203 0.0364694 0.0311232 0.0262111 0.0217023 0.0175386 0.0136854 0.010174 0.00710424
 0.00787 0.012919 0.0196899 0.0281851 0.0381332 0.0488133 0.0590334 0.0674351 0.0729867 0.0753088 0.0746357 0.0715484 0.0667244 0.0608053 0.0543395 0.0477528 0.0413427 0.0352948 0.0297082 0.0246168 0.0200079 0.0158474 0.0121147 0.00883056 0.00605626
 0.00787701 0.0129325 0.0197161 0.0282372 0.0382362 0.0490071 0.0593711 0.0679705 0.0737533 0.0762967 0.0757801 0.072736 0.0678172 0.0616716 0.0548805 0.0479181 0.04113 0.0347388 0.0288665 0.0235607 0.0188208 0.0146249 0.010958 0.00782966 0.00526943
 0.007975 0.0130781 0.0199097 0.0284704 0.0384945 0.0492762 0.0596426 0.0682476 0.0740525 0.0766458 0.0762066 0.0732498 0.0683944 0.0622499 0.0553715 0.0482311 0.0411966 0.0345289 0.0283911 0.022866 0.0179786 0.0137228 0.0100866 0.00706719 0.00466639
 0.00800294 0.0131202 0.0199667 0.0285396 0.0385699 0.0493486 0.0597019 0.0682864 0.0740733 0.0766661 0.0762595 0.0733756 0.0686246 0.0625893 0.0557874 0.0486558 0.0415447 0.0347216 0.0283792 0.0226424 0.0175779 0.0132102 0.00954119 0.0065621 0.00425283
 0.00801251 0.0131413 0.0200083 0.0286124 0.0386825 0.0495015 0.0598834 0.0684729 0.0742358 0.0767808 0.0763177 0.0733886 0.0686213 0.0626057 0.0558512 0.048771 0.0416851 0.034837 0.028414 0.0225575 0.0173663 0.0128996 0.00918291 0.00621307 0.00395759
 0.00791158 0.0129905 0.0198067 0.0283697 0.0384185 0.0492438 0.0596637 0.0683225 0.0741774 0.0768216 0.0764466 0.0735812 0.068851 0.0628539 0.0561104 0.0490394 0.041956 0.0350906 0.0286181 0.0226782 0.0173835 0.0128176 0.00903027 0.00603131 0.00378584
 0.00803856 0.0131587 0.01999 0.028522 0.0384887 0.0491991 0.059507 0.0680929 0.0739339 0.0766192 0.076319 0.0735358 0.0688748 0.062925 0.056208 0.0491497 0.042071 0.035203 0.0287152 0.0227421 0.0173974 0.0127755 0.00894168 0.00591824 0.00367349
 0.00802996 0.0131428 0.0199608 0.0284686 0.0383925 0.0490338 0.0592446 0.0677171 0.0734584 0.0760986 0.0758413 0.0731957 0.0687393 0.0630113 0.0564839 0.0495529 0.0425327 0.0356642 0.0291328 0.0230872 0.0176537 0.0129394 0.00902301 0.00593804 0.00365748
 0.00803985 0.0131597 0.0199874 0.028507 0.0384422 0.0490887 0.0592898 0.0677281 0.0734053 0.0759559 0.0756027 0.0728853 0.068412 0.062737 0.0563227 0.049533 0.042644 0.0358677 0.0293778 0.023327 0.0178547 0.013084 0.00910917 0.00597567 0.00366295
 0.00808804 0.0132508 0.0201473 0.0287649 0.0388209 0.0495895 0.0598797 0.0683397 0.0739493 0.0763443 0.0757693 0.0728006 0.0680895 0.062232 0.0557208 0.0489292 0.0421174 0.0354634 0.0291028 0.0231596 0.0177603 0.0130298 0.00907205 0.00594425 0.00363448
 0.00796567 0.0130597 0.019876 0.0284135 0.0384066 0.0491521 0.0594825 0.0680581 0.0738478 0.0764493 0.0760553 0.0731978 0.068509 0.0625961 0.0559854 0.0490904 0.0422035 0.0355159 0.0291564 0.0232299 0.017844 0.0131128 0.00914053 0.00599113 0.0036606
 0.00806137 0.0131778 0.019985 0.0284619 0.0383387 0.0489323 0.0591166 0.0675984 0.0733795 0.076065 0.0758277 0.0731598 0.0686462 0.0628546 0.0562921 0.0493792 0.0424346 0.0356815 0.0292716 0.023317 0.0179187 0.0131802 0.0091978 0.00603423 0.00368841
 0.00799396 0.0130867 0.01988 0.0283578 0.0382442 0.0488364 0.0589837 0.067382 0.0730508 0.0756406 0.075377 0.0727832 0.0684359 0.0628583 0.0564988 0.04973 0.0428504 0.0360914 0.0296306 0.0236084 0.0181447 0.0133503 0.00932179 0.00611995 0.00374326
 0.00789855 0.0129424 0.019684 0.0281176 0.0379785 0.0485734 0.0587559 0.0672153 0.0729517 0.0755894 0.0753374 0.0727262 0.0683629 0.0628046 0.056514 0.0498485 0.0430718 0.0363827 0.0299436 0.0239001 0.0183894 0.0135394 0.0094584 0.00621259 0.00380183
 0.00789349 0.0129246 0.0196403 0.0280312 0.0378354 0.0483714 0.0585115 0.0669633 0.0727344 0.0754409 0.0752696 0.0727252 0.0683986 0.0628494 0.0565586 0.0499054 0.0431631 0.0365219 0.0301254 0.024102 0.0185838 0.0137052 0.00958552 0.00630132 0.00385851
 0.00781987 0.0128228 0.0195192 0.0279082 0.0377286 0.0482892 0.0584468 0.0668976 0.0726506 0.0753367 0.0751612 0.072639 0.068356 0.0628562 0.0566061 0.0499799 0.0432566 0.036634 0.0302576 0.0242502 0.0187359 0.0138453 0.00970097 0.00638651 0.00391503
 0.00762607 0.0125259 0.0191078 0.0273877 0.0371242 0.0476465 0.0578296 0.066378 0.0722906 0.0751693 0.0751826 0.0728177 0.0686506 0.0632295 0.0570281 0.0504251 0.0437021 0.0370606 0.0306515 0.0246026 0.0190403 0.0140961 0.00989523 0.00652584 0.00400656
 0.00754201 0.0123758 0.0188583 0.0270032 0.0365793 0.0469447 0.057018 0.0655466 0.0715521 0.0746266 0.0749013 0.0728132 0.0688931 0.0636603 0.0575796 0.0510354 0.0443221 0.0376549 0.0311956 0.0250803 0.0194421 0.0144183 0.0101392 0.00669844 0.00411932
 0.00741379 0.0121779 0.018579 0.026636 0.0361207 0.0463931 0.0563768 0.0648335 0.0708093 0.0739244 0.0743291 0.0724581 0.0688136 0.0638678 0.0580371 0.0516724 0.0450557 0.038409 0.0319109 0.0257172 0.0199779 0.0148443 0.0104579 0.00692114 0.00426342
 0.00739937 0.0121373 0.018487 0.0264603 0.0358321 0.0459796 0.0558539 0.0642422 0.0702021 0.0733498 0.0738255 0.0720596 0.0685572 0.0637917 0.058167 0.052006 0.0455574 0.0390175 0.0325558 0.026335 0.0205222 0.0152891 0.0107957 0.00715895 0.00441786
 0.00799538 0.0129846 0.0195356 0.0275838 0.036859 0.0467469 0.0562531 0.0642374 0.0698218 0.0726669 0.0729372 0.0710693 0.067562 0.0628748 0.0573951 0.0514266 0.0451928 0.0388598 0.0325689 0.0264641 0.0207093 0.0154852 0.0109682 0.00729233 0.0045101
 0.00858481 0.0139393 0.0209562 0.0295355 0.0393272 0.0495856 0.0591574 0.0667842 0.0715875 0.0733713 0.0725305 0.0697188 0.0655624 0.0605441 0.055005 0.0491767 0.0432124 0.0372186 0.0312863 0.02552 0.0200552 0.0150592 0.0107078 0.00714322 0.00443053
 0.00857708 0.0140047 0.0211996 0.0301038 0.0403737 0.0512078 0.0613343 0.0693433 0.0742201 0.0756928 0.0741719 0.0704234 0.0652541 0.0593393 0.0531611 0.0470056 0.0410008 0.03518 0.0295497 0.0241386 0.019025 0.0143385 0.0102353 0.00685388 0.0042656
 0.00850251 0.0138885 0.0210397 0.0299171 0.0402106 0.0511657 0.0615538 0.0699735 0.0753532 0.0772947 0.0760507 0.0722631 0.0667067 0.0601349 0.0531883 0.0463301 0.0398217 0.0337527 0.0281105 0.0228576 0.0179924 0.0135751 0.00971497 0.00652637 0.00407549
 0.00831464 0.0135973 0.0206285 0.0293824 0.0395661 0.0504486 0.060835 0.0693638 0.0749961 0.0773375 0.0765939 0.0733064 0.0681174 0.0616664 0.0545504 0.0472841 0.040255 0.0336981 0.0277078 0.0222865 0.0174099 0.0130818 0.00935085 0.00628721 0.00393429
 0.00813897 0.0133195 0.0202259 0.0288414 0.0388879 0.049656 0.0599788 0.068524 0.0742734 0.0768389 0.0764177 0.0735249 0.0687548 0.0626728 0.0557904 0.0485578 0.0413538 0.0344725 0.0281114 0.0223729 0.0172922 0.0128788 0.00914989 0.00613199 0.00383343
 0.00811007 0.0132593 0.0201112 0.0286428 0.0385777 0.0492199 0.0594273 0.0678957 0.0736292 0.076251 0.0759596 0.0732651 0.06875 0.0629555 0.056351 0.0493295 0.0422163 0.0352815 0.0287445 0.0227703 0.0174664 0.0128936 0.00908352 0.00604645 0.00376262
 0.00805975 0.0131801 0.019996 0.0284848 0.0383687 0.0489501 0.0590875 0.0674834 0.0731562 0.0757488 0.0754797 0.0728715 0.0685072 0.062916 0.0565428 0.0497453 0.0428066 0.0359579 0.0294008 0.0233135 0.0178457 0.0131096 0.00917465 0.00606399 0.00374942
 0.00798514 0.0130654 0.0198358 0.0282786 0.0381214 0.048671 0.0587891 0.0671793 0.0728581 0.0754646 0.0752155 0.072638 0.0683264 0.0628215 0.0565718 0.0499252 0.0431397 0.036413 0.0299158 0.0238123 0.0182627 0.0134095 0.00935779 0.00615652 0.00378574
 0.00792199 0.0129754 0.0197237 0.0281567 0.0380055 0.0485745 0.0587179 0.0671301 0.0728202 0.0754233 0.0751558 0.0725496 0.0682084 0.0626872 0.0564499 0.0498537 0.0431535 0.0365289 0.0301229 0.0240734 0.0185275 0.0136341 0.00951869 0.0062534 0.00383377
 0.00790311 0.0129395 0.019661 0.0280571 0.0378639 0.0483973 0.0585265 0.0669568 0.0726964 0.0753657 0.0751592 0.0725906 0.0682571 0.0627206 0.0564606 0.0498522 0.0431634 0.0365762 0.0302227 0.0242217 0.0187021 0.0138042 0.0096587 0.00635136 0.00389201
 0.00792487 0.0129745 0.0197124 0.0281257 0.0379459 0.0484825 0.0585984 0.0669971 0.0726926 0.0753183 0.0750815 0.0725011 0.0681693 0.0626375 0.0563781 0.049767 0.0430801 0.0365083 0.0301864 0.0242269 0.0187457 0.0138714 0.00973 0.00641111 0.00393321
 0.0078221 0.0128218 0.0195094 0.0278824 0.0376807 0.048218 0.0583578 0.0668007 0.0725555 0.0752474 0.0750763 0.0725557 0.0682756 0.0627858 0.0565554 0.0499578 0.0432692 0.0366856 0.0303493 0.0243776 0.0188863 0.0139997 0.00983999 0.00649697 0.00399299
 0.00784381 0.0128444 0.0195207 0.0278649 0.0376182 0.0481053 0.058207 0.0666392 0.0724151 0.0751515 0.0750317 0.0725544 0.068303 0.0628288 0.0566068 0.050015 0.0433314 0.0367514 0.0304171 0.0244464 0.0189553 0.0140669 0.00990157 0.00654853 0.00403155
 0.00789254 0.0129139 0.0196065 0.0279547 0.037693 0.0481426 0.0581861 0.066548 0.0722567 0.0749475 0.0748182 0.0723705 0.0681767 0.0627696 0.056607 0.050058 0.0433999 0.0368322 0.0305015 0.0245292 0.019033 0.0141371 0.00996182 0.00659683 0.00406704
 0.00782005 0.0128302 0.0195424 0.027957 0.0378079 0.0483912 0.0585462 0.0669543 0.0726223 0.0751956 0.0749072 0.0723019 0.0679878 0.0625148 0.0563392 0.049815 0.0432009 0.036681 0.0303938 0.0244576 0.0189901 0.0141157 0.00995544 0.00659926 0.00407315
 0.00769174 0.0126549 0.0193418 0.0277765 0.0377092 0.048437 0.0587817 0.0673901 0.0732227 0.0758769 0.075553 0.0727952 0.0682476 0.0625201 0.0561279 0.0494617 0.0427873 0.0362737 0.0300347 0.0241658 0.0187686 0.0139583 0.00985108 0.00653532 0.00403735
#obs surv len freq
 nan nan nan nan nan nan nan nan nan nan nan nan nan nan nan nan nan nan nan nan nan nan nan nan nan
 0.00448279 0.00734316 0.0111721 0.0159874 0.0216873 0.0279622 0.0342761 0.0400075 0.0446877 0.0481526 0.0505119 0.0520093 0.052903 0.0534168 0.0537321 0.0539879 0.054267 0.0545602 0.0546992 0.0542912 0.0527292 0.049361 0.0438103 0.0362896 0.0276724
 0.00461704 0.00756309 0.0115058 0.0164611 0.0223186 0.0287506 0.0351926 0.0409928 0.0456598 0.0490235 0.0512042 0.0524677 0.0530998 0.0533515 0.0534276 0.0534817 0.0536032 0.0537817 0.0538453 0.053399 0.0518377 0.0485137 0.0430522 0.0356591 0.0271905
 0.00477591 0.00782419 0.011904 0.0170308 0.0230869 0.0297264 0.0363551 0.0422857 0.046997 0.0503026 0.0523221 0.0533334 0.0536442 0.0535345 0.0532413 0.0529485 0.0527688 0.052706 0.052595 0.0520446 0.0504547 0.0471827 0.0418532 0.0346581 0.0264241
 0.00497182 0.00814222 0.012382 0.0177041 0.0239825 0.0308529 0.037692 0.043778 0.0485608 0.0518378 0.0537247 0.0545048 0.0544968 0.0539982 0.0532706 0.0525285 0.0519175 0.0514725 0.0510552 0.0502963 0.0486135 0.045376 0.0402066 0.0332741 0.0253604
 0.00518497 0.00849289 0.0129173 0.0184701 0.0250148 0.0321621 0.0392491 0.0455107 0.0503649 0.0535981 0.0553328 0.0558666 0.0555319 0.0546376 0.0534573 0.0522226 0.0511044 0.0501714 0.0493257 0.0482416 0.0463773 0.0431305 0.0381284 0.0315103 0.0239966
 0.0053995 0.00884605 0.0134573 0.0192453 0.0260652 0.0335054 0.0408651 0.0473347 0.052295 0.0555132 0.0571116 0.0574004 0.0567303 0.0554285 0.0537835 0.0520394 0.0503821 0.048905 0.0475499 0.0460457 0.0439112 0.0405939 0.035739 0.0294571 0.0223958
 0.00564593 0.00924674 0.0140607 0.020097 0.0272002 0.0349354 0.0425649 0.0492365 0.0542967 0.0574961 0.0589581 0.0590038 0.057999 0.0562869 0.0541711 0.0519085 0.0496978 0.0476512 0.0457448 0.0437621 0.0412927 0.0378509 0.0331156 0.0271759 0.0206013
 0.0058827 0.00963491 0.0146508 0.0209383 0.0283307 0.0363671 0.0442689 0.0511385 0.0562887 0.0594579 0.0607765 0.060582 0.0592567 0.0571568 0.0545956 0.0518378 0.0490901 0.0464801 0.0440139 0.041528 0.0386858 0.035077 0.0304266 0.0248108 0.0187238
 0.00614158 0.0100593 0.0152959 0.0218574 0.0295644 0.0379263 0.046118 0.0531895 0.0584142 0.0615171 0.0626394 0.0621441 0.0604424 0.0579152 0.0548917 0.0516439 0.0483805 0.0452345 0.0422324 0.0392567 0.0360416 0.0322559 0.0276776 0.0223787 0.0167818
 0.0063725 0.0104408 0.0158817 0.0227013 0.0307106 0.0393922 0.0478768 0.0551635 0.0604853 0.0635481 0.0644972 0.0637142 0.0616368 0.0586736 0.0551781 0.0514386 0.0476719 0.0440159 0.0405116 0.0370774 0.0335094 0.0295499 0.0250313 0.0200267 0.0148945
 0.00661113 0.0108295 0.0164682 0.023531 0.0318185 0.0407899 0.0495385 0.0570197 0.0624306 0.0654595 0.0662524 0.0652048 0.0627747 0.0593944 0.0554405 0.051221 0.0469664 0.0428252 0.0388531 0.0349995 0.0311125 0.0269985 0.022539 0.0178096 0.013112
 0.00684276 0.0112104 0.0170489 0.0243606 0.0329333 0.0421974 0.0512016 0.0588531 0.0643152 0.0672674 0.0678688 0.0665385 0.0637585 0.0599811 0.0555999 0.0509361 0.0462315 0.0416455 0.0372502 0.0330238 0.0288603 0.0246209 0.0202286 0.0157601 0.0114658
 0.00707881 0.0115965 0.0176345 0.0251924 0.034046 0.0435982 0.0528543 0.0606724 0.0661785 0.0690382 0.0694215 0.0677742 0.0646115 0.0604172 0.0556089 0.0505229 0.0454082 0.0404291 0.0356686 0.0311283 0.0267412 0.0224146 0.0181054 0.0138891 0.00996941
 0.00730805 0.0119743 0.0182119 0.0260192 0.0351589 0.0450036 0.0545114 0.0624889 0.068024 0.0707713 0.0709144 0.0689278 0.0653612 0.0607321 0.0554871 0.0499835 0.0444818 0.0391521 0.0340835 0.0292929 0.0247418 0.020373 0.0161687 0.0122001 0.0086285
 0.00745296 0.0122159 0.0185873 0.0265675 0.0359152 0.045987 0.0557122 0.0638613 0.0694894 0.0722296 0.0722582 0.0700562 0.0661904 0.0612035 0.055571 0.0496767 0.0438029 0.038135 0.0327749 0.0277552 0.0230594 0.0186562 0.0145444 0.0107877 0.00751022
 0.00754611 0.0123658 0.0188108 0.0268811 0.0363346 0.0465255 0.0563762 0.0646467 0.0703777 0.0731863 0.0732328 0.0709837 0.0669967 0.0618145 0.0559227 0.0497246 0.0435269 0.0375404 0.0318916 0.0266371 0.021785 0.0173259 0.0132702 0.00967272 0.00662451
 0.00759426 0.0124407 0.0189174 0.0270229 0.0365142 0.0467459 0.0566423 0.064965 0.0707561 0.0736322 0.0737477 0.0715565 0.0675975 0.0623926 0.0564121 0.0500553 0.0436384 0.0373945 0.0314803 0.0259864 0.0209538 0.0163999 0.0123482 0.00884682 0.00595901
 0.00764641 0.0125176 0.0190184 0.0271426 0.0366441 0.0468778 0.0567713 0.0650914 0.0708869 0.0737801 0.0739297 0.071789 0.0678884 0.0627338 0.0567738 0.0503873 0.0438787 0.0374833 0.0313761 0.0256788 0.0204696 0.0157993 0.0117117 0.00825426 0.00546987
 0.00772636 0.012637 0.0191782 0.0273358 0.0368566 0.0470912 0.0569653 0.0652477 0.0709929 0.0738349 0.073946 0.0717907 0.0679039 0.062786 0.0568714 0.0505184 0.04401 0.0375672 0.0313635 0.0255365 0.0201934 0.0154183 0.0112802 0.00783486 0.00511352
 0.00777273 0.0127149 0.0192994 0.0275106 0.0370899 0.0473754 0.0572768 0.0655484 0.0712406 0.0739965 0.0740083 0.0717627 0.0678123 0.0626662 0.056757 0.0504311 0.0439529 0.0375227 0.0313 0.0254204 0.0200047 0.0151611 0.0109825 0.0075377 0.00485511
 0.00781277 0.0127705 0.0193662 0.0275803 0.0371543 0.0474326 0.0573334 0.0656168 0.07133 0.074105 0.0741207 0.0718573 0.0678709 0.0626834 0.0567412 0.0503993 0.0439205 0.0374949 0.031268 0.0253659 0.0199101 0.0150205 0.0108072 0.00735205 0.00468611
 0.00784168 0.0128162 0.0194318 0.0276663 0.0372571 0.0475426 0.0574364 0.0656971 0.0713782 0.0741226 0.0741195 0.0718515 0.0678688 0.0626836 0.0567367 0.0503844 0.043895 0.0374618 0.0312283 0.0253151 0.0198405 0.0149271 0.0106935 0.0072307 0.00457344
 0.007867 0.0128545 0.0194842 0.0277321 0.0373339 0.0476271 0.0575239 0.065781 0.0714498 0.0741728 0.0741421 0.0718467 0.0678435 0.062648 0.0566993 0.050349 0.0438608 0.0374262 0.0311884 0.0252682 0.0197833 0.014858 0.0106145 0.00714842 0.00449735
 0.00788372 0.0128777 0.0195117 0.0277596 0.037356 0.0476398 0.0575261 0.0657754 0.0714412 0.0741664 0.0741414 0.0718522 0.0678533 0.0626595 0.0567112 0.0503608 0.043872 0.037435 0.0311919 0.0252628 0.0197662 0.0148281 0.0105738 0.00710212 0.00445216
 0.0078964 0.0128978 0.019541 0.0277985 0.0374031 0.0476908 0.0575739 0.0658111 0.0714577 0.0741614 0.0741187 0.0718198 0.0678202 0.062632 0.0566916 0.0503485 0.0438649 0.0374306 0.0311873 0.0252549 0.0197525 0.0148072 0.0105465 0.00707141 0.00442225
 0.00790679 0.0129107 0.0195531 0.0278048 0.0373985 0.0476728 0.0575444 0.0657759 0.0714237 0.0741337 0.0740992 0.0718084 0.0678163 0.0626361 0.0567043 0.0503696 0.0438924 0.0374609 0.0312163 0.0252786 0.0197678 0.0148127 0.0105429 0.00706109 0.00440885
 0.00788079 0.0128709 0.0194977 0.0277335 0.0373124 0.047574 0.0574363 0.0656647 0.0713186 0.0740464 0.0740418 0.0717894 0.0678383 0.062695 0.0567915 0.0504745 0.0440049 0.0375722 0.0313191 0.0253673 0.0198385 0.0148638 0.0105753 0.00707809 0.00441508
 0.00787282 0.0128501 0.0194522 0.0276485 0.0371753 0.0473816 0.0572003 0.065411 0.0710805 0.0738546 0.0739168 0.07174 0.0678635 0.0627865 0.056936 0.0506553 0.0442042 0.0377731 0.0315076 0.0255328 0.0199744 0.0149677 0.0106484 0.00712488 0.00444179
 0.00786353 0.0128353 0.01943 0.027616 0.0371273 0.0473101 0.0570961 0.0652676 0.0709002 0.0736521 0.0737186 0.0715773 0.0677623 0.0627609 0.0569857 0.0507687 0.0443627 0.0379558 0.0316944 0.0257072 0.0201245 0.0150871 0.0107359 0.00718347 0.00447738
 0.00784304 0.0128011 0.0193772 0.0275399 0.0370251 0.0471829 0.0569497 0.0651117 0.0707451 0.073506 0.0735875 0.0714682 0.0676857 0.0627296 0.0570107 0.0508537 0.0445014 0.038133 0.0318899 0.0259005 0.0202986 0.0152308 0.0108447 0.00725889 0.00452495
 0.00781509 0.0127529 0.0192996 0.0274233 0.0368621 0.0469728 0.056702 0.0648469 0.0704906 0.0732892 0.0734289 0.0713781 0.0676649 0.0627728 0.0571111 0.0510042 0.0446943 0.0383573 0.0321302 0.0261384 0.020516 0.0154139 0.0109864 0.00735928 0.00458979
 0.00777889 0.0126933 0.0192087 0.0272931 0.0366865 0.0467499 0.0564375 0.0645557 0.0701959 0.0730193 0.0732122 0.0712374 0.0676136 0.0628127 0.0572332 0.0511932 0.0449319 0.0386253 0.0324105 0.0264128 0.0207671 0.0156275 0.0111542 0.00748021 0.00466929
 0.00775522 0.0126529 0.0191441 0.0271963 0.0365504 0.0465712 0.0562194 0.0643089 0.0699373 0.0727692 0.0729919 0.071067 0.0675104 0.0627884 0.0572917 0.051329 0.0451317 0.0388699 0.0326784 0.0266823 0.0210187 0.0158452 0.0113282 0.00760786 0.0047547
 0.00772781 0.0126093 0.0190802 0.0271088 0.0364366 0.0464299 0.0560519 0.0641201 0.069736 0.0725676 0.0728043 0.0709093 0.0673973 0.0627327 0.0573022 0.0514087 0.0452762 0.0390675 0.0329111 0.0269286 0.0212569 0.0160569 0.011501 0.00773688 0.00484243
 0.00931572 0.0148318 0.0217621 0.0298656 0.0387874 0.0479753 0.0566151 0.0637728 0.0687142 0.0711505 0.071226 0.0693283 0.0659066 0.0613827 0.0561193 0.0504058 0.0444564 0.0384256 0.0324334 0.0265939 0.0210387 0.0159266 0.0114312 0.00770459 0.00483042
 0.00930217 0.015103 0.0226871 0.0319017 0.0422804 0.0528913 0.0623699 0.069327 0.0729429 0.0732866 0.071113 0.0673603 0.0627553 0.0577089 0.0524102 0.0469501 0.0413946 0.0358106 0.0302724 0.0248691 0.0197157 0.0149578 0.0107591 0.00726647 0.00456433
 0.0089601 0.0145657 0.0219352 0.0309864 0.0413769 0.052334 0.062612 0.0707787 0.0757255 0.0770501 0.0750794 0.0706193 0.0646423 0.0580353 0.0514324 0.0451564 0.0392748 0.0337234 0.0284222 0.0233423 0.0185263 0.0140808 0.010149 0.00686862 0.00432298
 0.00877493 0.0142548 0.0214497 0.0302787 0.0404191 0.0511516 0.0613262 0.0696335 0.0750664 0.077228 0.0762943 0.0727746 0.0673138 0.060609 0.0533515 0.0461322 0.0393437 0.0331477 0.0275289 0.0223998 0.0176972 0.0134327 0.00968701 0.00656526 0.00413929
 0.00870489 0.0141341 0.0212546 0.0299801 0.039986 0.0505589 0.0605684 0.068742 0.074129 0.0764014 0.075793 0.0728166 0.0680254 0.0619322 0.055022 0.0477651 0.04059 0.0338277 0.027668 0.0221636 0.0172879 0.0130096 0.00933825 0.00631773 0.00398328
 0.00869128 0.0141083 0.0212083 0.0299013 0.0398593 0.0503668 0.0602934 0.0683706 0.0736589 0.0758532 0.0752247 0.0723321 0.0677622 0.0620185 0.0555114 0.048587 0.041556 0.0347044 0.0282763 0.0224431 0.0172931 0.0128548 0.00913449 0.00613689 0.00385366
 0.00867413 0.0140814 0.0211694 0.0298484 0.0397899 0.0502771 0.0601778 0.0682216 0.0734676 0.0756126 0.0749357 0.0720128 0.067458 0.0618018 0.0554652 0.0487677 0.0419557 0.0352384 0.0288122 0.0228598 0.01753 0.0129238 0.00909411 0.00605283 0.00377199
 0.00868114 0.014089 0.0211739 0.029844 0.0397705 0.0502384 0.0601188 0.0681442 0.073374 0.0755023 0.0748051 0.0718581 0.0672824 0.0616239 0.055322 0.0487078 0.0420182 0.0354288 0.0290907 0.0231544 0.0177699 0.0130699 0.00914848 0.00604558 0.00373858
 0.00867376 0.014082 0.0211722 0.0298544 0.0397984 0.0502839 0.0601742 0.0681948 0.0734033 0.0754979 0.0747614 0.0717764 0.0671681 0.0614865 0.0551775 0.0485809 0.0419388 0.0354212 0.0291595 0.0232779 0.0179084 0.0131844 0.00921788 0.00607104 0.00373542
 0.00863447 0.0140223 0.0210907 0.0297535 0.0396854 0.0501706 0.0600756 0.0681262 0.0733751 0.0755105 0.0748046 0.0718326 0.0672197 0.0615215 0.0551924 0.0485817 0.0419397 0.0354396 0.0292086 0.0233589 0.0180081 0.0132814 0.00929354 0.00611733 0.00375587
 0.00860936 0.0139793 0.0210222 0.0296521 0.0395467 0.0499973 0.0598808 0.0679333 0.0732123 0.075403 0.0747667 0.0718643 0.0673071 0.0616422 0.0553236 0.0487062 0.0420502 0.0355382 0.0293027 0.0234547 0.0181053 0.0133729 0.00936967 0.00617163 0.00378821
 0.00863277 0.0140133 0.0210654 0.0296997 0.0395903 0.0500263 0.0598839 0.0679015 0.073143 0.0753027 0.0746515 0.0717552 0.0672231 0.0615941 0.0553108 0.04872 0.042079 0.0355734 0.0293408 0.0234959 0.01815 0.0134189 0.00941196 0.00620535 0.003811
 0.00863152 0.0140132 0.0210688 0.0297095 0.0396087 0.0500526 0.0599131 0.0679247 0.0731495 0.0752843 0.0746054 0.0716866 0.0671444 0.0615208 0.0552567 0.0486926 0.042078 0.0355928 0.0293728 0.0235341 0.0181902 0.0134579 0.00944693 0.00623364 0.0038312
 0.00861444 0.0139896 0.021041 0.0296825 0.0395891 0.0500464 0.059924 0.0679523 0.0731889 0.0753265 0.0746396 0.0717028 0.0671373 0.0614923 0.0552153 0.0486502 0.0420455 0.0355763 0.0293729 0.0235474 0.0182117 0.0134827 0.0094709 0.00625399 0.00384643
 0.00862186 0.0139985 0.0210488 0.0296854 0.0395838 0.0500328 0.0599062 0.067938 0.0731861 0.0753394 0.0746661 0.071735 0.0671645 0.0615052 0.0552097 0.0486282 0.0420145 0.0355455 0.0293499 0.0235358 0.0182111 0.0134899 0.00948204 0.00626553 0.00385611
 0.00862186 0.0139985 0.0210488 0.0296854 0.0395838 0.0500328 0.0599062 0.067938 0.0731861 0.0753394 0.0746661 0.071735 0.0671645 0.0615052 0.0552097 0.0486282 0.0420145 0.0355455 0.0293499 0.0235358 0.0182111 0.0134899 0.00948204 0.00626553 0.00385611
 0.00874574 0.0141946 0.0213329 0.0300656 0.0400553 0.050572 0.0604671 0.0684564 0.0735945 0.0755858 0.0747278 0.0716202 0.0669036 0.0611391 0.0547803 0.0481734 0.0415665 0.0351301 0.0289862 0.0232354 0.0179774 0.0133194 0.00936583 0.0061919 0.00381298
#pred catch len freq
 0.00429953 0.00681564 0.0099671 0.013689 0.017945 0.0227054 0.0278766 0.0332662 0.0386186 0.0436777 0.0482302 0.052127 0.0552936 0.057724 0.0594493 0.0605023 0.060894 0.0606014 0.0595466 0.0575582 0.0543539 0.0496146 0.0431851 0.035314 0.0267449
 0.00456922 0.00716868 0.0103439 0.0139899 0.0180685 0.0226021 0.0275847 0.0328974 0.0382981 0.0434733 0.0481168 0.0520062 0.0550548 0.0573103 0.058898 0.0599404 0.0604916 0.0605003 0.0597938 0.0580788 0.0549811 0.050164 0.043533 0.035436 0.0266991
 0.0047721 0.00750337 0.0108503 0.0146917 0.0189489 0.0235793 0.0285074 0.0335832 0.0386074 0.0433776 0.0477071 0.0514306 0.0544306 0.0566755 0.0582325 0.0592299 0.0597796 0.0598862 0.059381 0.0579104 0.0550094 0.0502761 0.0436133 0.0354216 0.026595
 0.00501137 0.00787388 0.0113766 0.0153919 0.01984 0.0246769 0.0298105 0.0350426 0.0400973 0.0446987 0.0486394 0.0518165 0.0542372 0.0559925 0.0572112 0.0580154 0.0584828 0.0585976 0.0581869 0.0568835 0.0541825 0.04963 0.0430962 0.0349863 0.0262223
 0.00534372 0.00838304 0.0120857 0.0163047 0.0209454 0.025957 0.0312443 0.0366031 0.0417415 0.0463519 0.0501782 0.0530681 0.0550109 0.0561409 0.0566875 0.0568904 0.0569121 0.0567682 0.0562749 0.0550335 0.0524989 0.0481736 0.0418889 0.034024 0.0254894
 0.00567401 0.00890203 0.0128337 0.0173083 0.0222148 0.0274821 0.0329876 0.0384969 0.0436944 0.048262 0.051942 0.0545784 0.0561483 0.0567735 0.0566936 0.056199 0.0555411 0.0548333 0.0539645 0.0525649 0.0500762 0.0459608 0.0399973 0.0325106 0.0243608
 0.00600682 0.00942175 0.0135779 0.0183025 0.0234748 0.0290138 0.0347811 0.0405138 0.0458584 0.0504585 0.05403 0.0564096 0.0575848 0.0576967 0.057004 0.0558198 0.0544345 0.0530283 0.0515769 0.0497923 0.0471667 0.0431658 0.0375262 0.0304986 0.0228561
 0.00632872 0.00992478 0.0142985 0.0192646 0.0246912 0.0304868 0.0364981 0.0424411 0.0479366 0.052602 0.0561291 0.058335 0.0591968 0.0588582 0.0575936 0.0557413 0.0536266 0.0514797 0.0493484 0.0470338 0.0441127 0.0400998 0.0347226 0.028163 0.021087
 0.00670942 0.0105115 0.015123 0.0203389 0.0260119 0.0320408 0.0382617 0.0443744 0.0499781 0.0546689 0.0581228 0.0601475 0.0607171 0.0599767 0.0582054 0.0557507 0.0529566 0.0500892 0.0472569 0.0443473 0.0410347 0.0369113 0.0317271 0.025613 0.0191252
 0.00718643 0.0112408 0.0161354 0.0216352 0.027568 0.0338172 0.0402065 0.0464211 0.0520457 0.056667 0.0599596 0.0617361 0.0619781 0.060838 0.0585994 0.0556117 0.0522221 0.048712 0.0452307 0.041739 0.0380083 0.0337229 0.0286779 0.0229743 0.0170668
 0.00760359 0.0119002 0.0170929 0.0229298 0.029216 0.0358015 0.0424646 0.048841 0.0544777 0.0589506 0.0619505 0.063324 0.0630919 0.0614406 0.058676 0.0551542 0.0512186 0.0471481 0.0431078 0.0391077 0.0350006 0.0305604 0.0256387 0.020323 0.0149802
 0.00794783 0.0124437 0.0178827 0.0240043 0.0306044 0.0375193 0.0445019 0.0511448 0.0569405 0.0614128 0.0642202 0.0652108 0.064444 0.0621694 0.0587576 0.0546111 0.0500927 0.0454815 0.0409438 0.0365131 0.0320966 0.0275391 0.0227439 0.0177932 0.0129806
 0.00839155 0.0131156 0.0188038 0.0251667 0.0319826 0.0390861 0.0462351 0.0530208 0.0589194 0.0634237 0.0661547 0.0669287 0.0657922 0.0630108 0.0589987 0.0542163 0.0490796 0.0439043 0.0388783 0.0340563 0.0293812 0.0247445 0.0200845 0.0154759 0.0111486
 0.00883796 0.0138036 0.0197685 0.0264146 0.0334913 0.0408062 0.0480911 0.0549161 0.0607505 0.0651 0.0676093 0.0681134 0.0666621 0.0635122 0.0590707 0.0538053 0.0481574 0.0424803 0.037003 0.0318214 0.0269193 0.022227 0.0177045 0.0134123 0.00952196
 0.00918436 0.0143496 0.0205585 0.0274796 0.0348442 0.0424348 0.0499465 0.0569045 0.0627382 0.0669337 0.0691456 0.0692461 0.0673369 0.0637227 0.0588387 0.0531578 0.0471147 0.0410606 0.0352389 0.029777 0.0247016 0.0199827 0.0156006 0.0116007 0.00810146
 0.00928894 0.0145348 0.0208665 0.0279627 0.0355571 0.0434204 0.051218 0.0584313 0.064441 0.0686891 0.0708015 0.0706459 0.068349 0.0642652 0.0588888 0.0527416 0.0462851 0.0398771 0.0337611 0.0280733 0.0228629 0.0181283 0.013866 0.01011 0.00693465
 0.00933253 0.014603 0.0209664 0.0281049 0.0357616 0.0437211 0.0516623 0.0590691 0.0653039 0.0697682 0.0720337 0.0719179 0.0695184 0.0651912 0.0594619 0.0529017 0.0460252 0.0392321 0.0327934 0.0268622 0.0215027 0.016728 0.0125413 0.00896362 0.0060335
 0.00941033 0.0147157 0.0211109 0.0282703 0.0359339 0.0438916 0.0518348 0.0592643 0.0655578 0.0701237 0.072525 0.0725507 0.070255 0.0659488 0.0601288 0.0533657 0.0462018 0.0390825 0.0323276 0.0261322 0.0205909 0.0157356 0.0115735 0.00811163 0.00535691
 0.00945479 0.0147814 0.0211971 0.0283712 0.0360393 0.0439887 0.0519119 0.0593147 0.0655861 0.0701508 0.0725879 0.0726939 0.0705128 0.0663268 0.0605906 0.053836 0.0465843 0.0392884 0.0323012 0.0258654 0.020123 0.0151414 0.0109432 0.00752894 0.00488029
 0.00943581 0.0147586 0.0211777 0.0283665 0.0360614 0.0440451 0.0520008 0.0594242 0.0656982 0.0702487 0.0726642 0.0727564 0.0705844 0.0664369 0.0607602 0.0540614 0.0468301 0.0394942 0.0324023 0.025817 0.0199183 0.0148132 0.0105522 0.00714209 0.00455021
 0.00933552 0.0146122 0.0209884 0.0281494 0.0358405 0.0438478 0.0518526 0.0593445 0.0656968 0.0703232 0.0728004 0.0729334 0.0707831 0.0666472 0.0609823 0.0542989 0.0470783 0.0397317 0.0325922 0.02592 0.0199105 0.0146986 0.0103623 0.00692345 0.00434665
 0.00939106 0.0146738 0.0210293 0.0281294 0.0357202 0.0436092 0.0515148 0.0589631 0.0653459 0.0700691 0.0726818 0.072955 0.0709223 0.0668677 0.0612476 0.0545807 0.0473574 0.0399923 0.0328158 0.0260846 0.0199975 0.0147028 0.0102976 0.00681816 0.0042329
 0.00938706 0.0146648 0.0210092 0.0280868 0.0356352 0.0434538 0.0512586 0.0585875 0.0648627 0.0695326 0.0721817 0.0725897 0.0707637 0.0669374 0.0615163 0.0549865 0.0478298 0.0404694 0.0332507 0.026445 0.0202642 0.0148707 0.0103767 0.00683138 0.00420854
 0.00947359 0.0147948 0.0211846 0.0283007 0.0358724 0.0436904 0.0514618 0.0587167 0.0648743 0.069393 0.0718841 0.0721669 0.0702872 0.0664981 0.0611938 0.0548238 0.047824 0.0405825 0.0334287 0.0266361 0.0204294 0.0149882 0.0104416 0.00685218 0.00420102
 0.00945653 0.0147843 0.0212006 0.028372 0.0360284 0.0439482 0.0518144 0.0591282 0.0652853 0.0697327 0.072086 0.0721849 0.0701105 0.0661587 0.0607612 0.054384 0.0474525 0.0403221 0.0332836 0.0265809 0.0204265 0.0150035 0.0104531 0.00685156 0.00419002
 0.0093169 0.0145732 0.0209139 0.0280202 0.0356387 0.0435643 0.051493 0.0589294 0.0652555 0.0698854 0.0723916 0.0725767 0.070506 0.066486 0.0609806 0.054496 0.0474904 0.0403327 0.0333054 0.0266307 0.0204991 0.0150817 0.0105199 0.00689762 0.00421525
 0.00937112 0.0146308 0.0209444 0.0279778 0.0354755 0.0432527 0.0510447 0.0584011 0.0647368 0.0694735 0.0721637 0.0725682 0.0707002 0.0668218 0.0613743 0.0548709 0.047799 0.0405638 0.0334742 0.0267614 0.0206095 0.0151776 0.0105987 0.0069558 0.00425252
 0.0092924 0.0145224 0.0208157 0.0278439 0.0353466 0.0431198 0.0508753 0.0581517 0.0643806 0.0690285 0.0716999 0.0721869 0.0704953 0.0668426 0.0616097 0.055259 0.0482554 0.0410122 0.0338662 0.0270792 0.0208559 0.0153634 0.0107345 0.00704988 0.00431286
 0.00919349 0.0143764 0.0206242 0.0276203 0.0351142 0.0429071 0.0507076 0.0580416 0.0643194 0.0689849 0.0716343 0.0720762 0.0703533 0.0667197 0.0615683 0.0553407 0.0484609 0.0413038 0.0341893 0.0273846 0.0211137 0.0155633 0.0108793 0.00714834 0.00437528
 0.00918709 0.0143586 0.0205841 0.0275442 0.0349905 0.0427332 0.0504963 0.0578209 0.0641244 0.0688446 0.0715589 0.0720532 0.0703559 0.0667246 0.061572 0.055362 0.0485273 0.0414317 0.0343719 0.0275958 0.0213213 0.0157421 0.0110172 0.00724495 0.00443714
