SBPRF35
7.78865
Curr Bio
529988
B35
653443
F35
0.211265
FOFL
0.166808
OFL
68833.4
Bzero
2.22533e+006
#pred survey bio
 3.801e+006 3.47429e+006 3.14405e+006 2.78156e+006 2.45391e+006 2.15724e+006 1.87173e+006 1.62165e+006 1.43305e+006 1.25823e+006 1.11379e+006 985563 869808 787773 742126 703591 675842 651426 638389 619526 611101 605275 599406 601200 603220 598110 585257 582042 573998 573166 554028 548393 525368 525425 526128 537031 547106 565353 579656 592193 595643 599583 606963 619677 611800 610466 607041 560512 561182 557242 527978 527723 535891 1.84835e+007 1.08331e+007 1.09092e+007 1.15602e+007 1.25356e+007 1.35824e+007 1.45427e+007 1.53469e+007 1.59823e+007 1.64656e+007 1.68238e+007 1.70851e+007 1.72738e+007 1.74096e+007 1.7507e+007 1.75772e+007 1.76279e+007 1.76648e+007 1.76917e+007 1.77115e+007 1.77262e+007 1.77371e+007 1.77453e+007 1.77514e+007 1.77561e+007 1.77596e+007 1.77623e+007 1.77643e+007 1.77659e+007 1.77671e+007 1.7768e+007 1.77687e+007 1.77693e+007 1.77697e+007 1.777e+007 1.77702e+007 1.77704e+007 1.77706e+007 1.77707e+007 1.77708e+007 1.77709e+007 1.77709e+007 1.7771e+007 1.7771e+007 1.7771e+007 1.7771e+007 1.77711e+007 1.77711e+007 1.77711e+007 1.77711e+007 1.77711e+007 1.77711e+007 1.77711e+007 1.77711e+007 1.77711e+007 1.77711e+007 1.77711e+007 1.77711e+007 1.77711e+007 1.77711e+007 1.77711e+007 1.77711e+007 1.77711e+007 1.77711e+007 1.77711e+007 1.77711e+007 1.77711e+007 1.77711e+007 1.77711e+007 1.77711e+007 1.77711e+007 1.77711e+007 1.77711e+007 1.77711e+007 1.77711e+007 1.77711e+007 1.77711e+007 1.77711e+007 1.77711e+007 1.77711e+007 1.77711e+007 1.77711e+007 1.77711e+007 1.77711e+007 1.77711e+007 1.77711e+007 1.77711e+007 1.77711e+007 1.77711e+007 1.77711e+007 1.77711e+007 1.77711e+007 1.77711e+007 1.77711e+007 1.77711e+007 1.77711e+007 1.77711e+007 1.77711e+007 1.77711e+007 1.77711e+007 0 0 0 0 0 0 0 0 0 0 0 0 0 0 0 0 0 0 0 0 0 0 0 0 0
#obs survey bio
 2.60336e+006 2.83123e+006 3.83684e+006 2.41528e+006 1.83678e+006 1.489e+006 1.27987e+006 1.63064e+006 1.06609e+006 1.16805e+006 897915 869979 789057 539110 555850 650687 735322 409018 535182 523868 604600 509089 395986 482017 519863 416644 614479 419536 561346 393074 447853 706485 377819 511790 442925 469080 452160 747354 492176 671028 494777 605078 486279 624186 681289 566920 559764 485152 818313 674682 486677 564550 620924
#pred catch bio
 221199 246498 302495 300192 300016 314403 302038 261322 258458 237701 226998 216796 186171 153092 144478 132218 126657 115146 118145 107627 104357 103462 96431.3 95397.7 99732 104001 93473.1 94712.9 85734.1 97809.3 83157.3 97208.4 81302.6 86687.5 82884.9 86714.7 81704.7 85813.3 87279.2 94201.8 92960.8 89692.2 85274.1 101946 95180.5 96129.4 130316 89255.1 93508.9 113246 87028 77617.2 85250.2 68833.4 83184.1 82242.5 85665.3 92378.3 99942.8 106869 112558 116925 120125 122390 123953 125011 125716 126181 126484 126681 126807 126888 126940 126973 126993 127007 127015 127020 127024 127026 127027 127028 127028 127029 127029 127029 127029 127029 127029 127029 127029 127029 127029 127029 127029 127029 127029 127029 127029 127029 127029 127029 127029 127029 127029 127029 127029 127029 127029 127029 127029 127029 127029 127029 127029 127029 127029 127029 127029 127029 127029 127029 127029 127029 127029 127029 127029 127029 127029 127029 127029 127029 127029 127029 127029 127029 127029 127029 127029 127029 127029 127029 127029 127029 127029 127029 127029 127029 127029 127029 127029 127029 127029 0 0 0 0 0 0 0 0 0 0 0 0 0 0 0 0 0 0 0 0 0 0 0 0 0
#obs catch bio
 249453 246937 304157 302573 303695 320572 310122 267206 264976 242937 232087 223531 191755 157208 148162 134746 128685 117439 120643 109445 106242 105322 98238.3 97219.1 101310 105796 95107.4 96455.6 86390.9 99489.2 83834.6 98471.8 82071.3 87613.6 83834.9 87941.6 82851.2 86641.7 88055.9 94864.1 93430.9 90341.4 85480.1 102493 95441.8 96114.6 131884 89389.5 93460.8 114160 87611.1 77854 85319.1
#pred cpue bio
 3.72979e+006 3.40713e+006 3.08096e+006 2.72101e+006 2.39501e+006 2.10014e+006 1.81703e+006 1.56964e+006 1.38335e+006 1.21106e+006 1.06876e+006 942576 829153 749243 705116 668181 641742 618322 605778 587716 579724 574231 568650 570495 572829 568327 556176 553513 546416 546231 528261 523257 500284 498437 497523 507488 517248 535159 549390 561857 565490 569457 576731 589195 581738 580604 577388 532189 532524 528764 500569 500532 509609 1.7643e+007 1.03624e+007 1.03061e+007 1.07962e+007 1.17105e+007 1.27416e+007 1.36985e+007 1.4502e+007 1.51373e+007 1.56205e+007 1.59788e+007 1.62401e+007 1.64288e+007 1.65645e+007 1.6662e+007 1.67322e+007 1.67829e+007 1.68197e+007 1.68467e+007 1.68665e+007 1.68811e+007 1.6892e+007 1.69002e+007 1.69064e+007 1.6911e+007 1.69146e+007 1.69172e+007 1.69193e+007 1.69208e+007 1.6922e+007 1.6923e+007 1.69237e+007 1.69242e+007 1.69246e+007 1.6925e+007 1.69252e+007 1.69254e+007 1.69255e+007 1.69257e+007 1.69258e+007 1.69258e+007 1.69259e+007 1.69259e+007 1.69259e+007 1.6926e+007 1.6926e+007 1.6926e+007 1.6926e+007 1.6926e+007 1.6926e+007 1.6926e+007 1.6926e+007 1.6926e+007 1.69261e+007 1.69261e+007 1.69261e+007 1.69261e+007 1.69261e+007 1.69261e+007 1.69261e+007 1.69261e+007 1.69261e+007 1.69261e+007 1.69261e+007 1.69261e+007 1.69261e+007 1.69261e+007 1.69261e+007 1.69261e+007 1.69261e+007 1.69261e+007 1.69261e+007 1.69261e+007 1.69261e+007 1.69261e+007 1.69261e+007 1.69261e+007 1.69261e+007 1.69261e+007 1.69261e+007 1.69261e+007 1.69261e+007 1.69261e+007 1.69261e+007 1.69261e+007 1.69261e+007 1.69261e+007 1.69261e+007 1.69261e+007 1.69261e+007 1.69261e+007 1.69261e+007 1.69261e+007 1.69261e+007 1.69261e+007 1.69261e+007 1.69261e+007 1.69261e+007 1.69261e+007 1.69261e+007 0 0 0 0 0 0 0 0 0 0 0 0 0 0 0 0 0 0 0 0 0 0 0 0 0
#obs cpue bio
 3.30814e+006 3.42388e+006 2.18092e+006 1.80197e+006 1.85192e+006 1.70714e+006 1.29171e+006 1.28576e+006 1.46142e+006 1.14455e+006 1.03339e+006 512432 566320 646409 747697 704362 572677 472366 592773 576646 406281 544873 517922 509022 725215 659806 304845 648404 800248 485970 660694 401762 483916 512641 394708 445723 407383 553904 559642 590033 692149 416968 836255 616792 494332 663793 461045 580597 489218 326176 364782 538492 658528
#pred surv len freq
 0.00551667 0.00898595 0.0135724 0.0192549 0.0258698 0.0330134 0.040022 0.0461431 0.050824 0.0539001 0.0555548 0.0561389 0.0560063 0.055434 0.0546019 0.0535984 0.0524385 0.0510839 0.0494408 0.0473312 0.0444731 0.0405373 0.0353191 0.0289499 0.0219895
 0.00580147 0.00935303 0.0139545 0.0195483 0.0259861 0.0329485 0.0398944 0.0461613 0.0511871 0.0546866 0.0566707 0.057355 0.0570576 0.0561226 0.0548547 0.0534649 0.0520421 0.0505529 0.0488517 0.0466886 0.0437352 0.0396715 0.0343489 0.0279627 0.0210997
 0.00622709 0.0100264 0.014926 0.0208333 0.0275414 0.0346518 0.041548 0.047542 0.0521371 0.0551911 0.0568592 0.0574115 0.0571013 0.0561427 0.054739 0.0530877 0.0513425 0.0495571 0.0476401 0.045345 0.0423195 0.0382288 0.0329367 0.0266631 0.0200016
 0.00661266 0.01066 0.0158912 0.0222092 0.0293823 0.0369533 0.0442103 0.050354 0.0548017 0.0573945 0.0583611 0.0581171 0.0570751 0.0555525 0.0537603 0.0518289 0.0498346 0.0477975 0.0456452 0.0431744 0.0400686 0.0360121 0.0308746 0.0248689 0.0185601
 0.00695729 0.0112138 0.016714 0.0233567 0.0308999 0.038865 0.0464999 0.0529461 0.0575518 0.0600922 0.0607513 0.0599425 0.0581363 0.0557627 0.0531621 0.0505595 0.0480588 0.045654 0.0432347 0.0405843 0.0374038 0.0334067 0.0284791 0.0228201 0.0169473
 0.00725961 0.0117051 0.0174531 0.0243983 0.032285 0.0406057 0.0485649 0.0552567 0.0599929 0.0625301 0.0630414 0.0619272 0.0596442 0.0566282 0.0532646 0.0498614 0.0466176 0.0435996 0.0407304 0.037799 0.0345075 0.0305757 0.0258901 0.0206243 0.0152373
 0.00753402 0.0121568 0.0181434 0.0253877 0.0336217 0.0423065 0.0505962 0.057528 0.0623705 0.0648643 0.0651913 0.0637712 0.0610762 0.0575483 0.0535769 0.0494873 0.0455222 0.0418153 0.0383643 0.0350206 0.0315269 0.0276203 0.0231777 0.0183304 0.0134619
 0.00783906 0.0126392 0.0188452 0.0263412 0.0348471 0.0438067 0.0523477 0.0594732 0.0644189 0.0669019 0.0670957 0.0654249 0.0623771 0.0584124 0.053935 0.049281 0.0447078 0.040381 0.036353 0.0325469 0.0287757 0.0248232 0.0205722 0.0161116 0.0117425
 0.00810461 0.0130588 0.0194538 0.0271632 0.0358919 0.0450636 0.0537801 0.0610193 0.0660016 0.0684439 0.0685289 0.0666896 0.063415 0.0591615 0.05433 0.0492575 0.0442097 0.0393724 0.0348374 0.0305881 0.0265094 0.0224468 0.0183078 0.0141537 0.0102113
 0.00843122 0.0135755 0.0202042 0.0281761 0.0371739 0.0465893 0.0554825 0.0627905 0.0677111 0.069968 0.0697764 0.0676117 0.0639987 0.0594134 0.0542581 0.0488588 0.0434672 0.038264 0.0333559 0.0287664 0.0244407 0.0202851 0.0162416 0.0123584 0.00880122
 0.00875578 0.0140874 0.0209448 0.0291722 0.0384318 0.0480867 0.0571588 0.0645451 0.0694149 0.0714881 0.0710003 0.0684644 0.0644483 0.0594664 0.053947 0.0482244 0.0425426 0.0370683 0.0319021 0.0270823 0.0225918 0.0183844 0.0144356 0.0107897 0.00756673
 0.0089294 0.0143927 0.0214457 0.0299392 0.0395226 0.0495161 0.0588738 0.0664211 0.0712822 0.0731726 0.0723598 0.0694055 0.0649278 0.0594853 0.053541 0.0474515 0.0414685 0.0357531 0.0303963 0.0254346 0.0208647 0.0166668 0.0128375 0.00941826 0.00649397
 0.00907508 0.0146324 0.0218134 0.0304719 0.0402574 0.0504821 0.0600785 0.0678359 0.0728325 0.0747393 0.0737952 0.0705612 0.0656863 0.0597822 0.0533709 0.0468571 0.0405219 0.0345368 0.0289908 0.0239152 0.0193073 0.0151544 0.0114586 0.00825246 0.00559108
 0.00919036 0.0148069 0.0220527 0.0307754 0.0406228 0.0509116 0.0605823 0.0684302 0.0735313 0.0755427 0.0746756 0.0714563 0.0665028 0.0604135 0.0537233 0.0468734 0.0401923 0.0338953 0.0281009 0.0228566 0.0181662 0.0140187 0.0104122 0.00736435 0.00490239
 0.00916681 0.0147715 0.022005 0.0307172 0.0405583 0.0508482 0.0605327 0.0684151 0.0735818 0.0756974 0.0749716 0.0719131 0.0671055 0.0611044 0.054408 0.0474428 0.0405513 0.033987 0.0279176 0.0224356 0.017577 0.013347 0.00974398 0.00677131 0.00442994
 0.00920841 0.0148268 0.0220655 0.0307679 0.0405822 0.0508337 0.0604795 0.0683357 0.0734982 0.0756369 0.0749635 0.0719862 0.0672824 0.0613914 0.0547842 0.0478559 0.0409255 0.0342436 0.0279992 0.0223235 0.0172952 0.0129525 0.00930855 0.00636157 0.00409224
 0.00932902 0.0149969 0.0222731 0.0309844 0.0407687 0.0509533 0.0605075 0.0682659 0.0733434 0.0754263 0.0747377 0.07179 0.0671567 0.061365 0.0548671 0.0480338 0.041159 0.0344744 0.0281649 0.0223773 0.0172215 0.0127704 0.00906267 0.00610436 0.0038665
 0.00942412 0.0151499 0.0224987 0.0312907 0.0411506 0.0513841 0.0609358 0.068622 0.0735596 0.0754611 0.0745912 0.0715027 0.0667943 0.0609981 0.0545541 0.0478098 0.0410308 0.0344214 0.028147 0.0223494 0.0171499 0.0126448 0.00889681 0.00592677 0.0037062
 0.00936749 0.0150723 0.0224093 0.0312083 0.0411005 0.0513904 0.0610134 0.0687702 0.0737585 0.0756734 0.0747715 0.0716121 0.0668151 0.0609408 0.0544521 0.0477048 0.0409567 0.0343923 0.0281547 0.0223696 0.0171549 0.0126165 0.00883371 0.00584208 0.00361916
 0.00945621 0.0151952 0.0225554 0.0313559 0.0412251 0.0514778 0.0610675 0.0688113 0.0738116 0.0757531 0.074872 0.0717081 0.0668725 0.060932 0.0543685 0.0475611 0.0407836 0.0342233 0.0280129 0.0222606 0.0170702 0.0125424 0.00876099 0.00576982 0.00355282
 0.00945742 0.0152008 0.0225696 0.0313825 0.0412639 0.0515203 0.0610969 0.0688091 0.0737688 0.0756797 0.0747961 0.0716623 0.0668763 0.0609815 0.0544402 0.0476264 0.0408234 0.0342343 0.0280035 0.0222423 0.0170494 0.0125197 0.00873452 0.00573947 0.0035216
 0.00948556 0.0152369 0.0226065 0.0314087 0.0412677 0.0514962 0.0610486 0.0687476 0.0737056 0.0756213 0.0747438 0.0716178 0.0668462 0.060976 0.0544655 0.0476783 0.0408882 0.0342955 0.0280499 0.0222706 0.0170621 0.0125208 0.0087273 0.00572679 0.00350644
 0.00948527 0.0152419 0.0226234 0.0314453 0.041329 0.0515786 0.061138 0.0688224 0.0737456 0.0756165 0.074698 0.0715449 0.0667632 0.0608978 0.0544032 0.0476384 0.0408713 0.0342966 0.02806 0.022281 0.0170674 0.0125194 0.00872047 0.00571672 0.00349548
 0.00930851 0.0149833 0.0222882 0.0310583 0.0409296 0.0512109 0.0608412 0.0686247 0.0736606 0.0756411 0.0748148 0.071728 0.0669868 0.061142 0.0546547 0.0478884 0.0411128 0.0345224 0.0282625 0.022453 0.0172042 0.0126202 0.00878839 0.00575805 0.00351772
 0.00922975 0.0148433 0.0220574 0.0307068 0.0404402 0.0505968 0.0601581 0.0679652 0.0731284 0.0753172 0.0747331 0.0718729 0.0673081 0.061576 0.0551422 0.0483836 0.0415847 0.0349517 0.0286378 0.0227676 0.0174553 0.0128092 0.00892125 0.00584434 0.00356898
 0.00921411 0.0148198 0.022024 0.0306593 0.0403685 0.0504827 0.0599781 0.0677011 0.0727829 0.0749255 0.0743589 0.0715886 0.0671676 0.0615971 0.0553055 0.0486462 0.0418981 0.0352744 0.0289404 0.0230323 0.0176729 0.0129772 0.00904212 0.00592478 0.00361802
 0.00909954 0.0146649 0.0218486 0.0305005 0.0402688 0.0504717 0.0600564 0.0678368 0.0729221 0.0750115 0.0743542 0.0714891 0.0670047 0.0614248 0.0551783 0.0485984 0.0419355 0.0353794 0.029084 0.0231858 0.017815 0.0130952 0.00913145 0.00598647 0.00365681
 0.00891604 0.0143735 0.0214255 0.0299351 0.039574 0.0496946 0.0592825 0.067177 0.0724803 0.0748464 0.0744586 0.0717993 0.0674336 0.0618971 0.0556504 0.0490577 0.0423847 0.0358198 0.0295068 0.0235739 0.0181498 0.0133643 0.00933175 0.00612398 0.00374344
 0.00890076 0.0143298 0.0213248 0.0297392 0.039245 0.049211 0.0586561 0.0664609 0.0717627 0.0742322 0.0740422 0.0716384 0.067533 0.0622113 0.0561049 0.0495769 0.0429125 0.0363243 0.0299721 0.02399 0.018507 0.0136542 0.00955134 0.00627755 0.00384188
 0.00871839 0.0140624 0.0209754 0.0293261 0.0387921 0.0487351 0.0581597 0.0659384 0.0712169 0.0736909 0.0735635 0.0712994 0.067405 0.0623335 0.0564687 0.0501293 0.0435756 0.0370191 0.0306365 0.0245833 0.0190073 0.0140529 0.00984973 0.00648535 0.00397526
 0.00880246 0.0141712 0.0210884 0.0294096 0.0388111 0.0486699 0.0580161 0.0657421 0.0709946 0.0734528 0.0733023 0.0710072 0.0670952 0.0620482 0.0562658 0.0500564 0.0436489 0.0372187 0.030918 0.0248959 0.0193082 0.0143133 0.0100555 0.00663439 0.00407396
 0.00947686 0.0151147 0.0222251 0.0305711 0.0397825 0.049264 0.0581365 0.0654033 0.0702989 0.0725451 0.0723267 0.0700761 0.0662766 0.0613714 0.0557387 0.0496815 0.0434277 0.0371449 0.0309698 0.025036 0.019492 0.0145009 0.0102189 0.00676005 0.00416045
 0.0104036 0.0165533 0.0242534 0.0331906 0.0428887 0.0526221 0.0613775 0.0680749 0.0719832 0.0729967 0.0715519 0.0683078 0.0638688 0.0586812 0.0530499 0.0471837 0.0412303 0.035301 0.0294936 0.0239117 0.0186804 0.0139473 0.0098632 0.00654558 0.0040397
 0.0103794 0.01662 0.0245483 0.0339022 0.0442027 0.0546347 0.0640165 0.0710754 0.074935 0.0754464 0.0731186 0.068777 0.0632371 0.0571388 0.0509083 0.0447804 0.0388513 0.0331438 0.0276668 0.0224541 0.017582 0.0131669 0.00934235 0.00622062 0.00385115
 0.0101337 0.0162654 0.0241044 0.0334339 0.0438255 0.0545084 0.0643224 0.0719669 0.0764669 0.0775107 0.0754308 0.0709386 0.0648547 0.0579462 0.050837 0.0439543 0.0375191 0.0315889 0.026132 0.0211035 0.0164966 0.0123614 0.00878823 0.00586735 0.00364306
 0.00992309 0.0159267 0.0236044 0.0327524 0.0429698 0.0535338 0.0633488 0.0711771 0.0760736 0.0776956 0.0762759 0.0723751 0.0666584 0.0597889 0.0523833 0.0449648 0.0379139 0.0314455 0.0256286 0.020442 0.0158418 0.011813 0.00838318 0.00559867 0.00348172
 0.00975074 0.0156629 0.0232375 0.0322804 0.0423989 0.0528765 0.062628 0.0704365 0.0753892 0.0771788 0.0760579 0.072571 0.0673173 0.0608537 0.0536849 0.0462645 0.038981 0.0321333 0.0259118 0.0204006 0.0156087 0.0115171 0.0081133 0.00539569 0.00334985
 0.00958129 0.0153899 0.0228325 0.0317221 0.0416812 0.0520189 0.0616831 0.0694869 0.0745313 0.0765025 0.0756358 0.0724594 0.0675572 0.0614598 0.0546222 0.0474302 0.0402134 0.0332536 0.0267812 0.0209615 0.0158884 0.011597 0.00808599 0.00533297 0.00329172
 0.00949693 0.0152525 0.0226248 0.0314271 0.0412846 0.0515137 0.0610766 0.0688061 0.073824 0.0758331 0.0750757 0.0720764 0.0674068 0.0615782 0.0550196 0.0480809 0.0410471 0.03416 0.027634 0.021656 0.0163726 0.0118788 0.00821498 0.00537069 0.00328857
 0.00938927 0.0150898 0.0224024 0.031148 0.0409565 0.0511456 0.0606765 0.0683818 0.0733865 0.0753994 0.074672 0.0717388 0.0671785 0.0615033 0.0551329 0.0483964 0.0415481 0.0347941 0.0283194 0.0223009 0.0169027 0.0122576 0.00844798 0.0054918 0.00333982
 0.00942365 0.0151303 0.0224354 0.031152 0.0409089 0.0510321 0.0604983 0.0681543 0.0731306 0.0751316 0.0744007 0.0714689 0.0669211 0.0612823 0.0549841 0.048358 0.0416464 0.0350298 0.0286615 0.0226932 0.0172806 0.0125697 0.00866981 0.00562703 0.00340974
 0.00938549 0.0150809 0.0223833 0.0311106 0.0408893 0.0510344 0.0605066 0.0681412 0.0730699 0.0750118 0.0742298 0.0712685 0.0667164 0.0610952 0.054834 0.0482652 0.0416316 0.0351071 0.0288291 0.022928 0.0175426 0.0128156 0.00886756 0.00576418 0.00349178
 0.00936901 0.0150446 0.0223123 0.0309881 0.0407045 0.0507921 0.0602327 0.0678772 0.0728565 0.0748719 0.0741613 0.0712522 0.06673 0.061125 0.0548774 0.0483284 0.0417248 0.0352402 0.0290063 0.0231424 0.0177752 0.0130395 0.00905771 0.00590617 0.00358473
 0.00923086 0.0148418 0.022047 0.0306747 0.040364 0.0504435 0.0598888 0.0675486 0.0725593 0.0746321 0.0740101 0.0712134 0.0668085 0.061304 0.0551266 0.0486161 0.0420278 0.0355463 0.02931 0.0234391 0.018056 0.013291 0.0092662 0.00606325 0.00369098
 0.0092497 0.0148695 0.0220837 0.0307193 0.0404156 0.050502 0.0599541 0.0676166 0.0726186 0.0746633 0.0739931 0.0711376 0.0666806 0.0611466 0.0549685 0.0484815 0.0419307 0.0354918 0.0292981 0.0234661 0.0181142 0.0133682 0.00934782 0.00613606 0.00374684
 0.00926741 0.0148888 0.0220952 0.0307092 0.0403697 0.0504131 0.0598271 0.0674698 0.0724778 0.0745529 0.0739269 0.0711151 0.0666896 0.0611709 0.0549965 0.0485104 0.041965 0.035538 0.0293602 0.0235439 0.0182034 0.0134611 0.00943525 0.00620996 0.00380257
 0.00926638 0.014893 0.0221118 0.0307463 0.0404321 0.0504961 0.0599141 0.0675353 0.0724983 0.0745182 0.0738451 0.0710079 0.0665815 0.0610789 0.0549265 0.0484605 0.0419316 0.0355197 0.0293583 0.0235597 0.0182356 0.0135049 0.00948351 0.00625517 0.0038393
 0.00962866 0.0154567 0.0229112 0.0317922 0.0417042 0.051936 0.0614179 0.0689572 0.0736724 0.0752955 0.07413 0.0707795 0.065893 0.0600398 0.0536738 0.0471293 0.0406337 0.0343351 0.028336 0.022723 0.0175875 0.0130325 0.00916167 0.00605196 0.00372131
 0.00945707 0.015211 0.0226046 0.0314611 0.0414032 0.0517255 0.0613514 0.069071 0.0739763 0.075765 0.0747043 0.071371 0.066408 0.0604037 0.0538496 0.0471233 0.040486 0.0341022 0.0280734 0.0224738 0.0173784 0.0128746 0.00905407 0.00598602 0.00368531
 0.00939607 0.0151054 0.0224354 0.0312116 0.0410683 0.0513249 0.0609375 0.0687227 0.0737777 0.0757763 0.0749402 0.0717954 0.0669456 0.0609608 0.054338 0.0474802 0.0406862 0.0341575 0.0280217 0.0223628 0.0172508 0.0127598 0.00896637 0.00592754 0.00365101
 0.00943832 0.0151944 0.0226045 0.0314983 0.0414976 0.051887 0.0615745 0.0693384 0.0742705 0.0760793 0.0750427 0.0717351 0.0667798 0.060737 0.0540789 0.0471866 0.0403504 0.0337788 0.0276145 0.0219556 0.0168768 0.0124462 0.00872693 0.00576144 0.00354654
 0.00880325 0.0142674 0.0214077 0.0301263 0.0400991 0.0506283 0.0606043 0.0687638 0.0741405 0.0763762 0.0756885 0.0726162 0.0677813 0.0617669 0.0550731 0.0480995 0.0411461 0.0344298 0.0281074 0.0222962 0.0170889 0.0125637 0.00878417 0.00578571 0.00355552
 0.00806312 0.0131108 0.0197602 0.0279677 0.0374867 0.0477215 0.0576769 0.066176 0.0722575 0.0754614 0.0758275 0.073709 0.0695967 0.0640219 0.0575003 0.050486 0.0433433 0.0363462 0.0296971 0.0235489 0.018024 0.0132228 0.00922155 0.00605829 0.00371457
#obs surv len freq
 0.00497345 0.00814538 0.0123876 0.017713 0.0239948 0.0308677 0.0377063 0.0437881 0.0485629 0.0518301 0.0537081 0.0544826 0.0544734 0.0539776 0.0532553 0.0525194 0.0519142 0.0514739 0.0510599 0.050303 0.0486211 0.0453836 0.0402136 0.0332801 0.025365
 0.00518401 0.00849144 0.0129154 0.018468 0.025013 0.0321614 0.0392505 0.0455148 0.0503712 0.0536045 0.0553365 0.0558648 0.0555238 0.0546247 0.0534426 0.0522097 0.0510958 0.0501683 0.0493278 0.0482477 0.0463858 0.0431399 0.0381375 0.0315181 0.0240027
 0.0054032 0.00885138 0.013464 0.0192529 0.0260728 0.0335122 0.0408708 0.0473396 0.0522996 0.0555178 0.0571161 0.0574037 0.0567306 0.0554241 0.0537739 0.0520259 0.0503672 0.0488916 0.0475401 0.0460401 0.0439093 0.0405946 0.0357411 0.0294596 0.022398
 0.00565184 0.00925622 0.0140746 0.020116 0.0272243 0.0349634 0.0425946 0.0492646 0.0543199 0.0575122 0.0589663 0.0590046 0.0579938 0.0562765 0.0541558 0.0518886 0.0496742 0.0476258 0.0457198 0.0437395 0.0412738 0.0378359 0.0331043 0.0271677 0.0205957
 0.00589082 0.00965064 0.0146791 0.0209848 0.0284004 0.0364613 0.044383 0.0512619 0.0564069 0.0595568 0.0608454 0.0606157 0.0592557 0.0571255 0.0545405 0.0517659 0.0490074 0.0463915 0.0439234 0.0414395 0.0386026 0.0350023 0.0303629 0.02476 0.0186861
 0.00612719 0.010037 0.0152648 0.021818 0.02952 0.0378834 0.0460859 0.0531788 0.0584327 0.0615662 0.0627125 0.0622284 0.0605234 0.0579807 0.0549352 0.0516642 0.0483804 0.0452187 0.0422064 0.0392253 0.0360091 0.0322254 0.0276515 0.0223581 0.0167668
 0.00638122 0.010451 0.0158895 0.0227011 0.0306962 0.0393602 0.0478289 0.0551075 0.060433 0.0635126 0.0644884 0.0637358 0.0616847 0.0587372 0.0552439 0.0514946 0.0477104 0.044035 0.0405135 0.0370669 0.0334918 0.0295299 0.0250125 0.0200111 0.014883
 0.00661507 0.0108369 0.0164809 0.0235505 0.0318445 0.0408189 0.049563 0.0570304 0.0624202 0.0654274 0.0662063 0.0651582 0.0627415 0.059383 0.0554516 0.0512474 0.0469975 0.0428508 0.0388675 0.0350013 0.0311041 0.0269842 0.0225231 0.0177951 0.0131006
 0.00683699 0.011202 0.0170384 0.0243492 0.0329232 0.0421913 0.0512016 0.0588599 0.0643265 0.0672782 0.0678731 0.0665325 0.0637435 0.0599638 0.0555887 0.0509371 0.0462451 0.0416669 0.0372722 0.0330404 0.0288688 0.0246219 0.0202246 0.0157541 0.01146
 0.00708445 0.0116038 0.0176421 0.0251979 0.0340471 0.0435938 0.0528454 0.0606622 0.0661708 0.0690359 0.0694245 0.0677797 0.0646153 0.0604161 0.055603 0.0505155 0.0454035 0.04043 0.0356745 0.0311361 0.0267472 0.0224168 0.0181039 0.0138853 0.00996505
 0.00724075 0.0118707 0.0180671 0.0258329 0.0349362 0.0447552 0.0542542 0.0622454 0.0678195 0.0706291 0.07085 0.0689458 0.0654544 0.0608839 0.0556766 0.05019 0.0446895 0.0393507 0.034267 0.0294576 0.0248846 0.0204915 0.0162621 0.0122692 0.00867623
 0.00746053 0.0122191 0.0185753 0.0265255 0.0358286 0.0458484 0.0555272 0.0636484 0.0692751 0.0720403 0.0721146 0.069971 0.0661685 0.061243 0.0556634 0.0498087 0.0439586 0.0382991 0.032935 0.0279027 0.0231887 0.0187641 0.0146296 0.0108508 0.00755367
 0.00754111 0.0123617 0.0188112 0.0268901 0.0363529 0.0465464 0.0563845 0.0646222 0.070305 0.0730637 0.0730756 0.0708193 0.0668551 0.0617184 0.055883 0.0497408 0.0435897 0.0376356 0.0320037 0.0267523 0.0218926 0.0174188 0.0133448 0.0097284 0.00666291
 0.00762974 0.0124942 0.0189904 0.0271142 0.036621 0.0468641 0.0567659 0.0650839 0.0708546 0.0736897 0.0737452 0.0714843 0.0674622 0.0622166 0.0562268 0.0498901 0.0435133 0.0373163 0.0314448 0.025983 0.0209699 0.0164244 0.0123733 0.00886785 0.00597439
 0.00769178 0.0125937 0.0191367 0.0273136 0.0368731 0.0471593 0.0570851 0.065404 0.0711587 0.0739765 0.0740278 0.0717794 0.0677743 0.0625295 0.0565045 0.0500861 0.0435806 0.0372175 0.03116 0.0255172 0.0203573 0.015726 0.0116661 0.00822707 0.00545417
 0.00774662 0.0126767 0.0192505 0.027457 0.0370424 0.0473496 0.0572905 0.0656167 0.0713684 0.0741721 0.0742021 0.0719331 0.0679161 0.0626697 0.0566451 0.0502128 0.0436629 0.0372169 0.0310425 0.0252661 0.0199825 0.0152648 0.0111753 0.00776729 0.00507242
 0.00777481 0.0127187 0.0193066 0.0275247 0.0371172 0.0474262 0.0573644 0.0656853 0.0714323 0.0742352 0.0742703 0.0720118 0.0680087 0.0627768 0.0567641 0.050336 0.0437742 0.037291 0.0310499 0.025183 0.019802 0.0150034 0.0108699 0.00746349 0.00480982
 0.00783812 0.0128116 0.0194277 0.0276658 0.0372653 0.0475668 0.0574844 0.0657751 0.0714867 0.0742545 0.0742607 0.0719846 0.0679773 0.0627532 0.0567559 0.0503444 0.0437929 0.0373058 0.0310406 0.0251292 0.0196909 0.0148376 0.0106686 0.00725636 0.00462569
 0.00786081 0.0128475 0.0194795 0.0277343 0.0373481 0.0476571 0.0575708 0.0658434 0.0715249 0.0742579 0.0742338 0.0719399 0.06793 0.0627169 0.0567392 0.0503499 0.0438167 0.0373377 0.0310654 0.0251299 0.0196544 0.0147602 0.0105591 0.00713315 0.00450949
 0.00787128 0.0128607 0.0194923 0.0277421 0.0373463 0.0476439 0.0575485 0.0658178 0.0715022 0.0742413 0.0742236 0.0719344 0.0679289 0.0627228 0.0567563 0.0503815 0.0438628 0.037393 0.0311199 0.0251705 0.0196693 0.0147435 0.0105138 0.00707008 0.00444316
 0.00788516 0.012882 0.0195218 0.0277789 0.0373876 0.0476843 0.0575807 0.0658345 0.0714987 0.0742183 0.0741867 0.0718922 0.0678893 0.062691 0.0567353 0.050373 0.0438674 0.0374093 0.0311429 0.0251924 0.019681 0.0147386 0.0104911 0.00703457 0.00440328
 0.00789605 0.0128953 0.0195339 0.027784 0.0373796 0.0476597 0.0575408 0.0657846 0.0714464 0.0741702 0.0741473 0.0718639 0.067874 0.0626899 0.0567488 0.0504003 0.0439061 0.0374559 0.0311926 0.0252392 0.0197183 0.0147612 0.0104974 0.00702702 0.00438759
 0.00789938 0.0128973 0.0195305 0.0277691 0.0373464 0.0476029 0.057459 0.0656823 0.0713338 0.0740612 0.074057 0.0718045 0.067852 0.0627055 0.0567967 0.0504724 0.0439937 0.0375505 0.0312866 0.0253254 0.0197907 0.0148154 0.0105319 0.00704401 0.00439182
 0.00789971 0.0128953 0.0195224 0.0277498 0.03731 0.0475447 0.0573773 0.0655795 0.0712166 0.0739403 0.0739454 0.0717161 0.0677986 0.0626943 0.0568285 0.0505418 0.0440905 0.0376629 0.0314028 0.025435 0.0198856 0.0148905 0.0105854 0.0070774 0.00440937
 0.00787213 0.0128514 0.0194584 0.0276627 0.0371986 0.0474105 0.0572255 0.0654194 0.0710604 0.0738016 0.0738363 0.0716465 0.0677749 0.0627192 0.0569008 0.0506556 0.044236 0.0378271 0.0315715 0.0255948 0.0200257 0.0150038 0.0106695 0.0071341 0.00444364
 0.00787278 0.0128497 0.0194505 0.0276435 0.0371624 0.0473535 0.057147 0.065323 0.0709526 0.0736906 0.073731 0.0715555 0.0677066 0.062681 0.056898 0.0506902 0.0443059 0.0379255 0.0316878 0.0257165 0.0201407 0.0151025 0.0107465 0.00718843 0.00447815
 0.00786344 0.0128331 0.019423 0.0276005 0.0370999 0.0472689 0.0570416 0.0652019 0.070825 0.0735675 0.0736239 0.071474 0.0676573 0.0626672 0.0569202 0.0507468 0.0443931 0.0380373 0.0318157 0.0258498 0.0202678 0.0152137 0.0108352 0.00725282 0.00452042
 0.00782892 0.0127779 0.0193419 0.0274896 0.0369576 0.0470979 0.05685 0.0650035 0.0706373 0.0734083 0.0735074 0.0714092 0.0676478 0.062711 0.0570113 0.0508765 0.0445514 0.0382138 0.0319996 0.02603 0.0204338 0.0153561 0.0109483 0.00733533 0.00457524
 0.0077901 0.0127138 0.0192437 0.0273492 0.03677 0.0468647 0.0565828 0.0647239 0.0703729 0.0731865 0.0733497 0.0713281 0.0676464 0.0627849 0.0571498 0.0510653 0.0447745 0.0384549 0.0322434 0.0262625 0.020643 0.0155329 0.0110876 0.00743667 0.0046428
 0.00777988 0.0126929 0.0192043 0.0272812 0.0366632 0.0467124 0.0563856 0.0644916 0.0701239 0.0729444 0.0731395 0.0711724 0.0675611 0.0627773 0.0572182 0.0511999 0.0449601 0.0386733 0.0324758 0.0264913 0.020853 0.0157128 0.0112307 0.00754171 0.00471346
 0.0077295 0.0126123 0.0190854 0.0271175 0.0364512 0.0464536 0.0560888 0.0641743 0.0698102 0.0726615 0.0729133 0.0710237 0.0675038 0.0628163 0.0573493 0.0514105 0.0452311 0.0389816 0.0327971 0.0268027 0.0211348 0.0159511 0.0114181 0.00767805 0.00480456
 0.00932519 0.0148452 0.0217786 0.0298833 0.038804 0.0479892 0.0566267 0.0637842 0.0687297 0.0711748 0.0712631 0.0693794 0.0659692 0.0614494 0.0561791 0.0504464 0.0444678 0.0384031 0.0323795 0.0265176 0.0209528 0.0158438 0.0113612 0.0076518 0.00479486
 0.0093114 0.0151166 0.0227047 0.0319218 0.0423008 0.0529094 0.0623831 0.0693336 0.072943 0.0732825 0.071109 0.0673618 0.0627669 0.0577323 0.0524427 0.0469849 0.0414223 0.0358223 0.0302628 0.0248388 0.0196703 0.0149063 0.0107104 0.00722667 0.0045358
 0.00897809 0.0145932 0.0219731 0.0310343 0.0414325 0.0523933 0.0626693 0.0708274 0.0757593 0.0770649 0.0750749 0.0705988 0.0646123 0.0580032 0.051404 0.0451343 0.0392577 0.0337069 0.028401 0.0233129 0.0184889 0.0140391 0.0101086 0.00683437 0.00429746
 0.00878919 0.0142804 0.0214926 0.0303451 0.0405133 0.0512727 0.0614655 0.0697749 0.0751901 0.0773163 0.0763364 0.0727685 0.0672657 0.0605302 0.0532556 0.0460318 0.0392477 0.0330605 0.027451 0.0223295 0.0176333 0.0133753 0.0096377 0.00652598 0.00411079
 0.00872209 0.0141613 0.0212942 0.0300341 0.0400563 0.0506467 0.0606733 0.0688605 0.0742528 0.0765177 0.0758866 0.0728727 0.0680351 0.0618949 0.0549452 0.0476619 0.0404748 0.0337129 0.0275616 0.0220696 0.0172074 0.0129426 0.00928441 0.0062768 0.00395438
 0.00869498 0.0141153 0.0212206 0.0299215 0.0398898 0.0504092 0.0603475 0.0684349 0.0737305 0.0759286 0.0752991 0.0723987 0.0678126 0.0620437 0.0555055 0.0485495 0.0414925 0.0346247 0.028191 0.022361 0.0172201 0.0127936 0.00908598 0.00610064 0.00382841
 0.00870247 0.0141244 0.0212283 0.0299223 0.0398761 0.0503715 0.0602751 0.0683158 0.0735521 0.0756814 0.0749844 0.0720392 0.0674613 0.0617823 0.0554231 0.0487038 0.0418727 0.0351415 0.0287092 0.0227592 0.0174392 0.0128477 0.00903463 0.00600951 0.00374272
 0.0086822 0.0140952 0.0211914 0.0298807 0.0398334 0.0503297 0.0602331 0.0682687 0.0734924 0.0756002 0.0748735 0.0718942 0.067288 0.0616027 0.0552782 0.0486451 0.0419403 0.0353396 0.0289956 0.0230597 0.0176822 0.0129945 0.00908862 0.00600169 0.00370898
 0.0086652 0.0140695 0.0211564 0.0298377 0.0397853 0.0502811 0.0601895 0.0682349 0.0734703 0.0755867 0.0748602 0.0718696 0.067242 0.0615326 0.0551935 0.0485692 0.0419044 0.0353697 0.0290966 0.0232099 0.0178413 0.0131238 0.00916783 0.00603325 0.00370941
 0.0086546 0.0140497 0.021122 0.0297826 0.0397053 0.0501767 0.0600684 0.0681119 0.0733633 0.0755109 0.0748232 0.0718693 0.0672679 0.0615701 0.0552304 0.0486011 0.0419373 0.0354169 0.0291701 0.0233107 0.0179566 0.0132324 0.00925142 0.00608457 0.0037328
 0.00867047 0.0140729 0.0211519 0.0298162 0.0397371 0.0501992 0.0600733 0.0680921 0.0733163 0.0754409 0.0747409 0.0717888 0.0672013 0.0615235 0.0552028 0.0485876 0.041934 0.035424 0.0291915 0.0233494 0.01801 0.0132916 0.00930482 0.00612379 0.00375582
 0.00863053 0.0140181 0.0210881 0.0297548 0.0396913 0.0501785 0.0600789 0.0681164 0.0733462 0.0754632 0.0747475 0.0717786 0.0671798 0.0614997 0.0551854 0.0485816 0.0419405 0.0354417 0.029219 0.0233856 0.0180531 0.0133374 0.0093474 0.00615779 0.00377877
 0.00863922 0.0140251 0.021086 0.0297339 0.0396444 0.0501065 0.0599942 0.0680402 0.0732991 0.0754555 0.0747741 0.0718235 0.0672246 0.0615322 0.0552026 0.0485881 0.0419437 0.0354478 0.0292316 0.0234057 0.0180794 0.013367 0.00937637 0.00618244 0.00379684
 0.00862913 0.0140119 0.0210717 0.0297211 0.0396341 0.050096 0.0599766 0.0680076 0.0732488 0.0753944 0.0747172 0.0717868 0.0672167 0.0615507 0.0552371 0.048627 0.0419795 0.0354789 0.0292596 0.0234331 0.0181074 0.0133949 0.0094023 0.0062042 0.00381308
 0.00863413 0.0140173 0.0210748 0.0297184 0.0396227 0.0500754 0.0599498 0.0679793 0.0732227 0.0753708 0.074694 0.0717629 0.0671949 0.0615368 0.055236 0.0486394 0.0420019 0.0355057 0.0292867 0.0234587 0.0181313 0.0134171 0.0094223 0.00622096 0.00382581
 0.00863413 0.0140173 0.0210748 0.0297184 0.0396227 0.0500754 0.0599498 0.0679793 0.0732227 0.0753708 0.074694 0.0717629 0.0671949 0.0615368 0.055236 0.0486394 0.0420019 0.0355057 0.0292867 0.0234587 0.0181313 0.0134171 0.0094223 0.00622096 0.00382581
 0.00893213 0.0144893 0.0217594 0.0306362 0.0407641 0.0513864 0.0613222 0.0692594 0.0742436 0.0759977 0.074859 0.0714745 0.0665242 0.0605921 0.0541375 0.0474983 0.0409068 0.0345173 0.028439 0.0227646 0.0175891 0.013015 0.00914099 0.00603694 0.00371414
 0.00877428 0.0142738 0.0215123 0.0304104 0.0406289 0.0514075 0.0615418 0.0696828 0.0748347 0.0766826 0.0755391 0.0720471 0.0669079 0.0607458 0.0540667 0.0472464 0.0405384 0.0340996 0.0280281 0.0223991 0.0172892 0.0127862 0.00897851 0.00592986 0.00364901
 0.0087505 0.014211 0.0213761 0.0301619 0.0402443 0.0509046 0.060996 0.0692169 0.0745783 0.0767218 0.0758817 0.0726222 0.067594 0.0614118 0.0546074 0.0476042 0.040706 0.034109 0.0279319 0.0222515 0.0171338 0.01265 0.00887376 0.0058575 0.00360376
 0.00897611 0.0145633 0.0218761 0.0308105 0.0410125 0.0517253 0.0617651 0.0698144 0.0749097 0.0767586 0.0756741 0.072271 0.0672003 0.0610354 0.0542564 0.0472524 0.0403231 0.0336833 0.0274776 0.0218011 0.016724 0.012309 0.00861429 0.00567707 0.00348926
 0.00880761 0.0143213 0.0215719 0.0304776 0.0406996 0.0514834 0.0616336 0.0698101 0.0750218 0.0769515 0.0759011 0.0724949 0.0674079 0.0612363 0.0544647 0.0474678 0.0405243 0.033839 0.0275641 0.0218149 0.016681 0.0122359 0.00853645 0.00561124 0.00344206
 0.00858329 0.0139465 0.0209929 0.0296482 0.0396041 0.0501654 0.0602159 0.0684829 0.0739932 0.0763809 0.0758507 0.072923 0.0682 0.0622519 0.0555755 0.0485759 0.0415609 0.0347559 0.0283285 0.0224106 0.0171116 0.0125231 0.0087129 0.00571125 0.00349455
#pred catch len freq
 0.00569503 0.00892594 0.0128485 0.0172901 0.0221267 0.0272759 0.0326129 0.0379197 0.0429238 0.047376 0.0510981 0.0539939 0.0560477 0.0573116 0.0578766 0.0578378 0.0572712 0.0562184 0.0546581 0.0524604 0.0493602 0.0450235 0.0392412 0.0321699 0.0244372
 0.0060538 0.00941188 0.0134057 0.0178215 0.0225412 0.0275514 0.0328335 0.0382487 0.0435184 0.0482915 0.052242 0.0551573 0.0569909 0.057857 0.0579636 0.0575241 0.0566876 0.0554997 0.053884 0.0516336 0.0484349 0.0439656 0.03808 0.0310051 0.0233972
 0.00658192 0.0102177 0.0145146 0.0192085 0.0241229 0.0291889 0.0343501 0.0394759 0.0443616 0.0487788 0.0525087 0.0553598 0.0572048 0.0580302 0.0579563 0.0571996 0.0559878 0.0544617 0.0526014 0.0502009 0.0469181 0.0424135 0.0365549 0.0295971 0.0222043
 0.00705955 0.010967 0.0155924 0.0206512 0.0259411 0.0313561 0.0367823 0.0420129 0.0467719 0.050803 0.053933 0.0560876 0.0572803 0.0575928 0.0571519 0.0561095 0.0546217 0.052805 0.0506681 0.048055 0.0446628 0.0401708 0.0344524 0.0277555 0.0207162
 0.00751124 0.0116648 0.0165774 0.0219446 0.027551 0.0332841 0.039018 0.0445143 0.0494402 0.0534655 0.0563496 0.0579915 0.0584465 0.057906 0.0566332 0.0548847 0.0528517 0.0506283 0.0481873 0.0453619 0.0418703 0.0374247 0.0319164 0.0255789 0.0189978
 0.00794487 0.0123369 0.0175288 0.0231949 0.0291015 0.0351214 0.0411131 0.0468181 0.0518803 0.0559438 0.0587366 0.0601193 0.0601152 0.0589136 0.0568263 0.0542053 0.0513517 0.0484444 0.0454964 0.0423499 0.0387248 0.0343407 0.0290897 0.0231775 0.0171252
 0.00833162 0.0129416 0.0183953 0.0243513 0.03056 0.0368771 0.0431376 0.0490521 0.0542335 0.0583031 0.0609776 0.0621142 0.0617337 0.0600219 0.0572933 0.0539225 0.0502655 0.0465821 0.0429733 0.0393535 0.0354893 0.0311195 0.0261255 0.020666 0.0151787
 0.00871054 0.0135222 0.0192049 0.025397 0.0318355 0.0383713 0.0448361 0.0509282 0.0562371 0.0603541 0.0629685 0.0639218 0.0632337 0.0610993 0.0578461 0.0538627 0.0495268 0.0451398 0.0408696 0.0367144 0.032521 0.0280814 0.0232838 0.0182395 0.0132947
 0.00910351 0.0141206 0.020031 0.0264465 0.0330837 0.0397825 0.0463688 0.0525363 0.0578696 0.0619567 0.0644845 0.0652886 0.0643797 0.061945 0.0583078 0.0538598 0.0489903 0.0440257 0.0391797 0.0345199 0.0299755 0.0254081 0.0207339 0.0160334 0.0115689
 0.0095409 0.0147888 0.020957 0.0276281 0.0344927 0.0413718 0.0480748 0.0542784 0.0595549 0.063492 0.0657909 0.0663107 0.0650863 0.06232 0.0583386 0.0535265 0.048263 0.0428741 0.0375934 0.0325359 0.0276995 0.0230151 0.0184378 0.0140335 0.00999551
 0.0100045 0.0154945 0.0219302 0.0288622 0.0359547 0.0430116 0.049828 0.0560641 0.0612751 0.0650393 0.0670631 0.0672271 0.0655996 0.0624203 0.0580454 0.0528727 0.0472777 0.0415742 0.0359923 0.030665 0.0256339 0.0208839 0.0164081 0.0122678 0.00860456
 0.0102963 0.0159633 0.0226253 0.0298242 0.0372074 0.0445475 0.0515948 0.0579599 0.0631614 0.0667662 0.0684944 0.0682584 0.0661669 0.0625035 0.0576651 0.05208 0.0461378 0.0401509 0.0343415 0.0288422 0.0237111 0.0189632 0.0146155 0.0107262 0.00739702
 0.0104734 0.0162438 0.0230353 0.0303887 0.0379517 0.0454969 0.0527657 0.0593443 0.064709 0.0683759 0.0700229 0.0695468 0.0670767 0.0629454 0.0576115 0.0515585 0.0452138 0.0389075 0.0328645 0.0272158 0.0220219 0.0173072 0.0130953 0.00943455 0.0063931
 0.0105513 0.0163603 0.0231934 0.0305882 0.0381951 0.045797 0.0531495 0.0598494 0.0653715 0.0692112 0.0710078 0.070609 0.0681009 0.0637965 0.0581672 0.0517385 0.0449947 0.0383191 0.0319743 0.0261123 0.0208037 0.016076 0.011949 0.00845465 0.00562932
 0.0105252 0.016322 0.0231431 0.0305293 0.0381335 0.0457412 0.0531127 0.0598526 0.0654465 0.0693992 0.071349 0.0711258 0.0687783 0.0645712 0.0589344 0.0523756 0.0453938 0.0384152 0.0317578 0.0256252 0.0201249 0.0153032 0.0111809 0.00777306 0.00508642
 0.0105505 0.0163532 0.0231721 0.0305427 0.0381174 0.0456875 0.0530242 0.0597447 0.0653442 0.0693327 0.071351 0.071228 0.069005 0.064928 0.0593952 0.0528784 0.0458502 0.0387339 0.0318723 0.0255139 0.0198153 0.0148609 0.0106886 0.00730789 0.00470207
 0.0106935 0.0165548 0.0234181 0.0307993 0.0383393 0.0458321 0.0530642 0.0596744 0.0651788 0.0691048 0.0711044 0.071011 0.0688622 0.0648922 0.0594791 0.0530683 0.0461032 0.0389846 0.0320502 0.0255654 0.0197225 0.0146456 0.0104018 0.00700946 0.00444085
 0.0107706 0.0166768 0.0235942 0.0310329 0.0386235 0.046145 0.0533671 0.0599166 0.0653119 0.0690995 0.0709628 0.0707664 0.0685689 0.0646102 0.0592595 0.052941 0.0460708 0.0390214 0.03211 0.0255973 0.0196895 0.0145376 0.0102368 0.00682248 0.00426735
 0.0107359 0.0166321 0.0235492 0.0310049 0.0386344 0.0462142 0.0535042 0.0601149 0.0655458 0.0693277 0.0711379 0.0708504 0.068548 0.0645007 0.0591016 0.0527834 0.0459524 0.0389587 0.0320938 0.0255999 0.0196789 0.0144929 0.0101555 0.00671921 0.00416354
 0.010803 0.0167227 0.023652 0.0311 0.038701 0.046243 0.0535047 0.0601135 0.0655732 0.0694022 0.0712545 0.0709806 0.0686516 0.0645424 0.0590666 0.0526827 0.0458163 0.0388218 0.0319801 0.025515 0.019613 0.014431 0.0100882 0.00664686 0.00409385
 0.010792 0.0167093 0.0236394 0.031092 0.0386987 0.0462408 0.0534907 0.0600752 0.0655075 0.0693232 0.071191 0.0709629 0.0686942 0.0646354 0.0591807 0.0527848 0.0458849 0.0388538 0.0319856 0.0255071 0.0195995 0.0144126 0.0100632 0.00661549 0.00406009
 0.0108264 0.016755 0.0236897 0.031135 0.0387219 0.0462367 0.0534604 0.0600263 0.0654487 0.0692596 0.0711249 0.0708994 0.0686443 0.0646134 0.059195 0.0528309 0.0459471 0.0389134 0.0320297 0.0255322 0.0196082 0.0144095 0.0100519 0.00659888 0.0040414
 0.0107886 0.0167037 0.0236304 0.0310783 0.0386785 0.0462121 0.0534509 0.0600217 0.0654381 0.0692384 0.0710967 0.0708723 0.0686271 0.0646124 0.0592143 0.052872 0.046007 0.0389837 0.0320993 0.0255909 0.0196505 0.0144346 0.0100626 0.00659951 0.00403626
 0.0105662 0.0163811 0.0232178 0.0306111 0.0382092 0.0457947 0.0531281 0.0598181 0.0653603 0.069277 0.0712309 0.0710765 0.0688769 0.0648887 0.0595033 0.0531631 0.0462907 0.0392504 0.032339 0.0257948 0.0198127 0.0145542 0.0101434 0.00664879 0.00406289
 0.0104899 0.0162506 0.0230105 0.0303057 0.0377943 0.0452815 0.0525591 0.0592639 0.0649018 0.0689805 0.0711294 0.0711647 0.0691205 0.0652393 0.0599123 0.0535905 0.0467075 0.0396372 0.0326828 0.0260869 0.0200482 0.0147326 0.010269 0.00673024 0.00411097
 0.0104961 0.016259 0.0230189 0.0303069 0.0377737 0.0452156 0.0524191 0.059027 0.0645674 0.0685821 0.0707314 0.0708429 0.0689344 0.0652127 0.0600313 0.0538157 0.046992 0.0399392 0.0329719 0.0263435 0.0202615 0.0148985 0.010389 0.0068103 0.00415978
 0.0103076 0.0159949 0.0226997 0.029978 0.0374919 0.0450271 0.0523409 0.059041 0.0646288 0.0686383 0.0707428 0.0707991 0.0688587 0.065151 0.0600304 0.0539026 0.0471649 0.0401731 0.0332316 0.0265962 0.0204838 0.0150777 0.0105221 0.0069012 0.00421658
 0.0100939 0.0156667 0.0222432 0.029398 0.036816 0.0443078 0.0516543 0.0584757 0.0642628 0.0685119 0.0708441 0.0710723 0.0692306 0.0655605 0.0604449 0.0543164 0.047584 0.0405988 0.0336526 0.026991 0.0208294 0.0153583 0.0107324 0.00704621 0.00430821
