SBPRF35
7.78865
Curr Bio
678893
B35
703744
F35
0.228024
FOFL
0.222936
OFL
114952
Bzero
2.22533e+06
#pred survey bio
 4.62904e+06 4.3498e+06 4.09115e+06 3.78542e+06 3.46718e+06 3.1333e+06 2.78758e+06 2.46203e+06 2.16744e+06 1.9254e+06 1.6858e+06 1.47278e+06 1.32483e+06 1.16313e+06 1.02267e+06 903050 814824 753678 698966 662344 640768 618814 589552 580832 580844 580428 571930 565853 565643 566109 578347 572087 571056 564368 569353 550689 535646 529859 534826 522973 530301 535379 539266 545694 554333 561124 560649 566024 578322 573543 572555 556201 560082 578311 621693 654314 677601 2.4055e+07 1.48046e+07 1.51941e+07 1.56014e+07 1.59892e+07 1.63291e+07 1.6611e+07 1.68363e+07 1.70119e+07 1.71467e+07 1.72492e+07 1.73269e+07 1.73855e+07 1.74299e+07 1.74635e+07 1.74891e+07 1.75085e+07 1.75233e+07 1.75347e+07 1.75434e+07 1.75501e+07 1.75552e+07 1.75592e+07 1.75622e+07 1.75646e+07 1.75664e+07 1.75678e+07 1.75688e+07 1.75697e+07 1.75703e+07 1.75708e+07 1.75712e+07 1.75715e+07 1.75717e+07 1.75719e+07 1.75721e+07 1.75722e+07 1.75722e+07 1.75723e+07 1.75724e+07 1.75724e+07 1.75724e+07 1.75725e+07 1.75725e+07 1.75725e+07 1.75725e+07 1.75725e+07 1.75725e+07 1.75725e+07 1.75725e+07 1.75725e+07 1.75725e+07 1.75725e+07 1.75725e+07 1.75725e+07 1.75725e+07 1.75725e+07 1.75725e+07 1.75725e+07 1.75725e+07 1.75725e+07 1.75725e+07 1.75725e+07 1.75725e+07 1.75725e+07 1.75725e+07 1.75725e+07 1.75725e+07 1.75725e+07 1.75725e+07 1.75725e+07 1.75725e+07 1.75725e+07 1.75725e+07 1.75725e+07 1.75725e+07 1.75725e+07 1.75725e+07 1.75725e+07 1.75725e+07 1.75725e+07 1.75725e+07 1.75725e+07 1.75725e+07 1.75725e+07 1.75725e+07 1.75725e+07 1.75725e+07 1.75725e+07 1.75725e+07 1.75725e+07 1.75725e+07 1.75725e+07 1.75725e+07 1.75725e+07 1.75725e+07 1.75725e+07 1.75725e+07 1.75725e+07 1.75725e+07 0 0 0 0 0 0 0 0 0 0 0 0 0 0 0 0 0 0 0 0 0 0 0 0 0
#obs survey bio
 3.2008e+06 4.4728e+06 4.288e+06 2.7505e+06 3.93964e+06 2.65786e+06 2.06979e+06 2.40636e+06 1.93906e+06 1.50197e+06 1.68714e+06 952076 1.63642e+06 494635 1.13624e+06 949219 707768 607182 507708 636097 837490 734185 451211 668344 524211 481689 673177 418321 511231 539606 431641 601875 573340 537998 691125 608529 585112 684394 703575 477396 562874 540215 777420 505777 565125 553690 840265 351604 549414 664220 567168 503394 519705 472663 603168 779037 641011
#pred catch bio
 87130 87095.1 156521 198599 245583 290479 305633 307854 286291 305342 298210 252363 271343 255127 235236 204394 177239 167231 147087 130158 127010 130446 111661 104034 104085 109751 106414 101119 100536 90836.5 105807 98753.3 99792.2 85759.7 101035 95005.2 89315.1 84435.6 100579 84638.4 86954.3 87772.3 85552.2 84331.8 86862.4 93739.4 89889.9 85944.3 101309 98427.2 112757 98715.9 91140.3 74903.9 88932.6 101856 117773 114952 119593 121840 124136 126344 128226 129702 130796 131577 132117 132482 132724 132883 132985 133051 133093 133119 133136 133146 133153 133157 133160 133161 133162 133163 133163 133163 133164 133164 133164 133164 133164 133164 133164 133164 133164 133164 133164 133164 133164 133164 133164 133164 133164 133164 133164 133164 133164 133164 133164 133164 133164 133164 133164 133164 133164 133164 133164 133164 133164 133164 133164 133164 133164 133164 133164 133164 133164 133164 133164 133164 133164 133164 133164 133164 133164 133164 133164 133164 133164 133164 133164 133164 133164 133164 133164 133164 133164 133164 133164 133164 133164 133164 133164 133164 133164 133164 133164 133164 133164 0 0 0 0 0 0 0 0 0 0 0 0 0 0 0 0 0 0 0 0 0 0 0 0 0
#obs catch bio
 0 86774.2 157155 199596 247316 292825 309516 312435 290612 311258 304919 258620 277503 263820 241494 208229 180301 169576 149320 131427 127534 131093 112918 104756 105192 110847 106969 101990 101702 91443.7 107357 100017 100679 85979.4 101268 94748.7 88883.2 83901.1 100038 83983.9 86460.3 87286.2 84750.9 83765.2 86252.5 93183.9 89051.2 85736.5 101069 97499.9 112375 98517.3 91409.1 74836.6 89019.4 101688 117883
#pred cpue bio
 4.54618e+06 4.26992e+06 4.01353e+06 3.70908e+06 3.39278e+06 3.06126e+06 2.71787e+06 2.39442e+06 2.10192e+06 1.86159e+06 1.62416e+06 1.41339e+06 1.26721e+06 1.10837e+06 970910 854746 769419 710538 658156 623411 603307 582572 554250 545661 545756 545571 537661 531912 531629 532101 544067 538400 538264 532909 538922 521926 507081 499749 503285 491808 499164 504312 508281 514561 522768 529153 528516 533355 544914 540266 539119 522475 524970 541775 583448 614642 636067 2.25571e+07 1.38917e+07 1.42649e+07 1.46534e+07 1.5034e+07 1.53722e+07 1.56538e+07 1.58789e+07 1.60546e+07 1.61894e+07 1.62919e+07 1.63695e+07 1.64282e+07 1.64726e+07 1.65062e+07 1.65317e+07 1.65512e+07 1.6566e+07 1.65774e+07 1.65861e+07 1.65927e+07 1.65979e+07 1.66018e+07 1.66049e+07 1.66072e+07 1.6609e+07 1.66104e+07 1.66115e+07 1.66124e+07 1.6613e+07 1.66135e+07 1.66139e+07 1.66142e+07 1.66144e+07 1.66146e+07 1.66147e+07 1.66148e+07 1.66149e+07 1.6615e+07 1.6615e+07 1.66151e+07 1.66151e+07 1.66151e+07 1.66151e+07 1.66152e+07 1.66152e+07 1.66152e+07 1.66152e+07 1.66152e+07 1.66152e+07 1.66152e+07 1.66152e+07 1.66152e+07 1.66152e+07 1.66152e+07 1.66152e+07 1.66152e+07 1.66152e+07 1.66152e+07 1.66152e+07 1.66152e+07 1.66152e+07 1.66152e+07 1.66152e+07 1.66152e+07 1.66152e+07 1.66152e+07 1.66152e+07 1.66152e+07 1.66152e+07 1.66152e+07 1.66152e+07 1.66152e+07 1.66152e+07 1.66152e+07 1.66152e+07 1.66152e+07 1.66152e+07 1.66152e+07 1.66152e+07 1.66152e+07 1.66152e+07 1.66152e+07 1.66152e+07 1.66152e+07 1.66152e+07 1.66152e+07 1.66152e+07 1.66152e+07 1.66152e+07 1.66152e+07 1.66152e+07 1.66152e+07 1.66152e+07 1.66152e+07 1.66152e+07 1.66152e+07 1.66152e+07 1.66152e+07 1.66152e+07 0 0 0 0 0 0 0 0 0 0 0 0 0 0 0 0 0 0 0 0 0 0 0 0 0
#obs cpue bio
 3.27302e+06 3.59951e+06 3.72863e+06 2.30642e+06 2.66968e+06 4.10595e+06 1.97938e+06 1.97794e+06 1.6739e+06 1.9557e+06 1.15418e+06 971642 1.36872e+06 940405 937233 836108 665652 903927 622179 674740 604047 487245 352732 534630 406194 663216 539846 471693 438879 527590 503173 392825 716665 591434 631386 618968 592184 420524 499084 570216 494760 548606 538665 495770 577649 578690 502055 460225 746168 712063 449058 479582 424331 627855 661394 624986 598886
#pred surv len freq
 0.00459104 0.00742611 0.0111309 0.0156883 0.0210166 0.0269027 0.0329603 0.0387027 0.0437113 0.0477648 0.0508499 0.0530868 0.0546505 0.0557142 0.0564071 0.0567887 0.0568468 0.0565104 0.0556459 0.0540273 0.0513187 0.0471458 0.0412964 0.0339648 0.0258518
 0.00491924 0.00787741 0.011663 0.0162243 0.0214829 0.0272808 0.0333118 0.0391417 0.0443275 0.0485464 0.0516579 0.0537032 0.0548728 0.0554446 0.0556934 0.0558037 0.0558212 0.0556457 0.0550436 0.0536643 0.0510797 0.0468967 0.0409566 0.033538 0.0254036
 0.00506063 0.00814392 0.0121258 0.0169564 0.0225237 0.0285926 0.0347606 0.0405315 0.0454823 0.0493873 0.052214 0.0540464 0.0550309 0.0553655 0.0552876 0.0550266 0.0547296 0.0543877 0.0537923 0.0525412 0.0501181 0.0460615 0.0401992 0.0328421 0.0247926
 0.00521502 0.0083893 0.012489 0.0174699 0.0232319 0.0295513 0.0360195 0.0420962 0.0472745 0.0512332 0.0538839 0.0553322 0.0558116 0.0556166 0.0550395 0.0543209 0.0536126 0.0529364 0.0521294 0.0508145 0.0484577 0.0445512 0.0388799 0.031734 0.0239099
 0.00541461 0.00870578 0.0129507 0.0180989 0.0240424 0.0305486 0.0371986 0.0434436 0.0487687 0.052837 0.055525 0.0568861 0.0571091 0.056484 0.0553497 0.0540228 0.0527296 0.0515482 0.0503577 0.0488127 0.0463934 0.0425811 0.0371273 0.0302785 0.0227859
 0.00569316 0.009144 0.0135834 0.0189497 0.0251217 0.0318494 0.0386907 0.0450707 0.0504553 0.0545024 0.0570962 0.0582974 0.0582902 0.0573453 0.055782 0.0539197 0.0520217 0.0502326 0.0485092 0.0465763 0.0439633 0.0401697 0.034929 0.0284362 0.0213706
 0.00598672 0.00961924 0.0142948 0.0199464 0.0264379 0.0334893 0.0406126 0.0471817 0.052623 0.0565811 0.058953 0.0598298 0.0594295 0.0580481 0.0560131 0.0536373 0.051179 0.0487997 0.046507 0.0441033 0.0412001 0.0373544 0.0323086 0.0262114 0.0196529
 0.0062926 0.0101077 0.015015 0.0209414 0.0277416 0.0351177 0.0425507 0.04937 0.0549542 0.0589085 0.0611099 0.0616554 0.0607937 0.0588671 0.0562482 0.0532789 0.050228 0.0472616 0.044408 0.0415216 0.0382912 0.0343479 0.0294681 0.0237694 0.0177515
 0.00662782 0.0106389 0.0157895 0.0219962 0.0290993 0.0367809 0.0444916 0.0515243 0.0572235 0.0611706 0.0632306 0.0634976 0.062228 0.0597844 0.0565721 0.0529709 0.0492829 0.0456996 0.0422755 0.0389065 0.0353443 0.0312889 0.026557 0.0212464 0.0157729
 0.00690729 0.0110889 0.0164587 0.0229282 0.0303256 0.0383098 0.0462957 0.0535345 0.0593359 0.0632641 0.0651834 0.0651974 0.0635751 0.0606921 0.056968 0.0528002 0.0485138 0.0443294 0.040338 0.0364849 0.0325843 0.0284004 0.0237883 0.0188303 0.0138658
 0.00722 0.011592 0.0172066 0.0239694 0.0316952 0.040017 0.0483075 0.0557666 0.0616583 0.0655198 0.067214 0.0668654 0.0647786 0.0613688 0.0570892 0.0523584 0.0475131 0.0427843 0.038285 0.0340006 0.029804 0.0255207 0.0210435 0.016441 0.0119808
 0.00746951 0.0120034 0.0178371 0.0248772 0.0329298 0.0416023 0.0502228 0.0579354 0.0639537 0.0677827 0.0692766 0.0685728 0.0660076 0.0620402 0.0571702 0.051855 0.0464556 0.0412166 0.0362639 0.031609 0.0271683 0.022818 0.0184828 0.0142191 0.0102303
 0.00766823 0.0123099 0.0182695 0.0254468 0.033647 0.0424819 0.0512832 0.0591883 0.0653874 0.0693482 0.0708827 0.0700956 0.0673102 0.0629964 0.0576836 0.0518691 0.0459536 0.0402165 0.0348141 0.0297895 0.0250977 0.0206544 0.0164086 0.012405 0.00879262
 0.00780118 0.0125581 0.018701 0.0261408 0.0346705 0.0438563 0.0529574 0.0610392 0.0672534 0.0710757 0.0723586 0.0712516 0.0681082 0.0634114 0.0576957 0.051465 0.0451333 0.0389988 0.0332422 0.0279363 0.0230703 0.0185929 0.01447 0.0107323 0.00747953
 0.00790197 0.0127246 0.0189594 0.0265251 0.0352252 0.0446333 0.054003 0.0623694 0.0688263 0.072777 0.0740157 0.0726775 0.0691529 0.0639943 0.0578044 0.0511305 0.0444028 0.037922 0.0318723 0.0263407 0.0213409 0.0168471 0.0128382 0.00933143 0.00638422
 0.00812491 0.0130612 0.0194185 0.0270996 0.0358978 0.0453855 0.0548219 0.0632495 0.069765 0.0737651 0.0750229 0.0736399 0.0699744 0.0645666 0.0580387 0.0509823 0.0438772 0.0370612 0.0307399 0.0250127 0.0199058 0.0154069 0.0114999 0.00818836 0.0054943
 0.00824218 0.0132563 0.019719 0.0275308 0.0364729 0.046094 0.0556218 0.0640727 0.070539 0.0744385 0.07558 0.0740928 0.0703392 0.064839 0.0581849 0.0509497 0.0436174 0.0365516 0.0299932 0.024076 0.0188522 0.0143257 0.0104834 0.00731508 0.00481255
 0.00828664 0.0133237 0.0198126 0.0276536 0.0366312 0.0463003 0.0558933 0.0644232 0.0709669 0.0749196 0.0760712 0.074548 0.0707252 0.0651411 0.0583976 0.0510616 0.0436042 0.0363829 0.0296496 0.023564 0.0182105 0.0136192 0.00978848 0.00670084 0.00432437
 0.00833141 0.0133977 0.0199258 0.0278148 0.0368454 0.0465651 0.0561968 0.0647467 0.0712911 0.0752304 0.0763603 0.0748074 0.0709429 0.0653022 0.0584887 0.0510739 0.0435312 0.0362168 0.0293819 0.0231936 0.0177533 0.013112 0.00928257 0.00624771 0.00396056
 0.00836507 0.0134389 0.0199634 0.0278319 0.036826 0.0465036 0.0561049 0.0646519 0.0712274 0.0752264 0.076431 0.0749532 0.0711518 0.0655524 0.0587514 0.0513168 0.043723 0.036331 0.0294003 0.0231092 0.017574 0.0128624 0.00900037 0.00597435 0.00372933
 0.00847017 0.0135799 0.02012 0.027965 0.0368868 0.0464494 0.0559149 0.0643367 0.0708291 0.0748112 0.0760745 0.074722 0.0710856 0.0656552 0.0589935 0.0516464 0.0440799 0.0366592 0.0296561 0.0232665 0.0176266 0.0128236 0.00889881 0.00584499 0.00360371
 0.00866071 0.0138684 0.0205128 0.0284489 0.0374266 0.0469885 0.0563785 0.0646433 0.0709122 0.074644 0.0756848 0.0741868 0.0705076 0.0651318 0.0585922 0.0513926 0.0439599 0.0366332 0.0296745 0.0232849 0.017616 0.012774 0.00881724 0.00574883 0.00351185
 0.00879904 0.0141027 0.0208813 0.0289893 0.0381624 0.0479096 0.057424 0.0656993 0.0718318 0.0752832 0.075941 0.074025 0.0699687 0.06432 0.0576453 0.0504455 0.0431134 0.0359392 0.0291393 0.0228846 0.0173154 0.0125418 0.00863313 0.00560335 0.00340162
 0.00880995 0.0141112 0.0208791 0.0289684 0.0381246 0.0478761 0.0574389 0.0658167 0.0720893 0.0756747 0.0764061 0.0744652 0.0702832 0.0644424 0.0575647 0.0502042 0.0427848 0.0355986 0.0288403 0.0226501 0.0171429 0.0124161 0.0085384 0.00552957 0.00334461
 0.00873434 0.0139981 0.0207267 0.0287801 0.0379064 0.0476347 0.0571835 0.0655659 0.0718785 0.0755545 0.0764273 0.0746531 0.0706171 0.064856 0.05797 0.0505262 0.0429876 0.0356891 0.028853 0.0226246 0.0171076 0.0123838 0.00851134 0.00550625 0.00332425
 0.00864441 0.013861 0.0205375 0.0285414 0.0376282 0.0473337 0.0568815 0.0652881 0.0716493 0.0753953 0.0763563 0.0746866 0.070766 0.0651172 0.0583169 0.0509092 0.0433489 0.035983 0.0290601 0.0227515 0.0171755 0.0124155 0.00852332 0.00550815 0.00332125
 0.0087575 0.0140169 0.0207207 0.0287202 0.0377641 0.0473959 0.0568584 0.0651892 0.0714981 0.0752184 0.0761763 0.0745206 0.0706291 0.0650234 0.0582769 0.0509247 0.0434073 0.0360604 0.0291306 0.0227977 0.0171937 0.0124123 0.00850909 0.00549146 0.00330684
 0.00883707 0.0141449 0.020909 0.0289742 0.0380761 0.0477382 0.0571812 0.0654299 0.0716021 0.075162 0.075976 0.074225 0.0702979 0.0647084 0.0580126 0.0507272 0.043278 0.0359887 0.0290984 0.0227851 0.0171853 0.0124006 0.0084937 0.00547531 0.00329297
 0.0087829 0.0140713 0.0208255 0.0288999 0.0380357 0.0477541 0.0572652 0.0655762 0.0717855 0.0753417 0.0761076 0.0742766 0.0702626 0.0646065 0.0578809 0.0506033 0.0431875 0.0359406 0.0290876 0.0227983 0.0172077 0.0124211 0.00850691 0.00548112 0.00329381
 0.00879856 0.0140831 0.0208189 0.0288557 0.0379383 0.0476035 0.0570845 0.0654084 0.0716775 0.0753243 0.0761818 0.0744136 0.0704176 0.0647377 0.0579651 0.0506406 0.0431947 0.0359393 0.0290931 0.0228156 0.0172333 0.0124478 0.00852897 0.00549597 0.00330203
 0.00852499 0.0136869 0.0203117 0.028277 0.0373415 0.0470354 0.0565726 0.0649653 0.0713177 0.0750769 0.0760887 0.0745109 0.0707128 0.0651988 0.0585288 0.051234 0.0437575 0.0364353 0.029509 0.0231524 0.0174971 0.0126462 0.00867012 0.00558952 0.00335905
 0.00827257 0.0133111 0.0198124 0.0276814 0.0367027 0.046424 0.0560653 0.0646289 0.071189 0.0751491 0.0763149 0.0748273 0.0710679 0.0655671 0.0589043 0.0516138 0.0441305 0.0367833 0.0298148 0.023406 0.0176968 0.0127961 0.00877681 0.00566083 0.00340321
 0.00809932 0.0130199 0.0193585 0.0270234 0.0358189 0.0453356 0.0548549 0.0634382 0.0701878 0.0744873 0.0760788 0.0750205 0.0716207 0.0663671 0.0598329 0.0525723 0.0450496 0.0376188 0.03054 0.0240066 0.0181698 0.0131487 0.00902436 0.00582353 0.00350258
 0.00790273 0.0127258 0.0189616 0.0265302 0.0352391 0.0446725 0.0541051 0.0626055 0.0693073 0.0736405 0.075386 0.0746076 0.0715742 0.0667023 0.0604908 0.0534444 0.0460146 0.0385722 0.0314076 0.0247455 0.0187625 0.0135963 0.00934151 0.00603315 0.00363097
 0.00773746 0.0124425 0.0185102 0.0258604 0.0343179 0.0435076 0.0527623 0.0612042 0.0679897 0.0725348 0.0745849 0.0741695 0.0715341 0.067073 0.0612508 0.0545254 0.0473043 0.0399359 0.0327178 0.0259053 0.0197162 0.0143274 0.009864 0.00638011 0.003844
 0.00849435 0.0135127 0.0198217 0.0272398 0.0355311 0.044332 0.05305 0.0609106 0.0671681 0.071312 0.0731304 0.0726634 0.070138 0.0659124 0.0604078 0.0540374 0.0471619 0.0400844 0.0330682 0.0263556 0.0201747 0.0147297 0.0101778 0.0066009 0.00398488
 0.00920335 0.0146308 0.0214304 0.0293659 0.0381115 0.0471767 0.0558275 0.0631935 0.0685485 0.0715403 0.0722001 0.0707958 0.0676876 0.0632531 0.0578516 0.0517993 0.045359 0.0387497 0.0321693 0.0258159 0.0198967 0.0146178 0.0101547 0.00661443 0.00400642
 0.00903463 0.0144776 0.0214246 0.0297063 0.0390132 0.0487846 0.0581326 0.0659916 0.0714641 0.0741071 0.0739762 0.0714823 0.0672109 0.0617761 0.0557064 0.049376 0.0430016 0.0366957 0.0305369 0.0246227 0.0190926 0.0141184 0.00986922 0.00646446 0.00393405
 0.00867067 0.0139158 0.0206438 0.0287309 0.0379368 0.047788 0.0574777 0.0659664 0.0722755 0.0757664 0.0762463 0.0739288 0.0693425 0.0632058 0.0562625 0.0491221 0.042173 0.0355931 0.0294272 0.0236818 0.0183947 0.0136587 0.00959924 0.00632338 0.00386895
 0.00871494 0.0139564 0.0206468 0.0286456 0.0377105 0.0473929 0.0569402 0.0653861 0.0718211 0.0756384 0.0766073 0.0748233 0.0706454 0.0646402 0.0574924 0.0498779 0.0423449 0.035248 0.028753 0.0228972 0.0176737 0.0130958 0.00921476 0.00609032 0.00374269
 0.00863359 0.0138289 0.0204621 0.0283919 0.0373722 0.046949 0.0563708 0.0646888 0.0710348 0.0748626 0.0759993 0.074562 0.0708654 0.0653642 0.0585981 0.0511285 0.0434745 0.0360603 0.0291805 0.0229964 0.0175698 0.0129163 0.00904654 0.00597061 0.00367298
 0.00856839 0.0137288 0.0203223 0.0282116 0.0371535 0.0466954 0.0560843 0.0643686 0.0706776 0.0744689 0.0755877 0.0741842 0.0706096 0.0653317 0.0588582 0.0516722 0.044201 0.0368106 0.029803 0.0234052 0.0177634 0.0129541 0.00900524 0.00591017 0.00362425
 0.00864161 0.0138227 0.0204175 0.0282751 0.0371482 0.0465948 0.0558848 0.0640898 0.0703524 0.0741293 0.075256 0.073875 0.0703412 0.0651371 0.0587846 0.0517627 0.0444659 0.0372083 0.0302483 0.0238037 0.0180512 0.0131165 0.00906843 0.00591612 0.00360873
 0.00869836 0.0139112 0.0205421 0.0284331 0.0373256 0.0467629 0.0560008 0.0641071 0.0702382 0.0738811 0.0749062 0.0734791 0.0699577 0.0648132 0.0585535 0.0516474 0.0444791 0.0373446 0.0304762 0.0240693 0.0182965 0.0133011 0.00918088 0.0059693 0.00362552
 0.00868421 0.013895 0.0205303 0.028436 0.0373547 0.0468255 0.0560947 0.0642165 0.0703342 0.0739283 0.0748739 0.0733547 0.0697544 0.0645676 0.0583134 0.0514581 0.0443725 0.037334 0.0305542 0.0242094 0.0184604 0.0134517 0.00929454 0.0060402 0.00366162
 0.00866433 0.013866 0.0204933 0.0283953 0.037318 0.0468035 0.0560992 0.0642574 0.0704139 0.0740369 0.0749877 0.0734412 0.0697835 0.064524 0.0582044 0.051312 0.0442284 0.037228 0.0305076 0.0242238 0.0185195 0.0135303 0.00936901 0.00609636 0.00369634
 0.00883418 0.0141114 0.0208056 0.0287473 0.0376714 0.0471226 0.0563607 0.0644525 0.0705438 0.0741056 0.0749969 0.0733885 0.0696629 0.0643306 0.0579405 0.0509925 0.0438822 0.0368926 0.0302187 0.0240046 0.0183751 0.0134498 0.00933246 0.00608387 0.00369363
 0.00880097 0.0140845 0.0208136 0.028829 0.0378609 0.047427 0.0567468 0.064852 0.0708797 0.0743231 0.0750813 0.0733596 0.0695553 0.0641742 0.0577519 0.0507785 0.0436487 0.0366515 0.0299892 0.0238073 0.0182245 0.013349 0.0092742 0.00605522 0.00368184
 0.00862288 0.0138171 0.0204544 0.0283959 0.0373937 0.0469852 0.0564019 0.0646713 0.0709033 0.0745443 0.0754455 0.0737865 0.0699708 0.0645324 0.058037 0.0509928 0.0438002 0.0367491 0.0300432 0.023831 0.0182325 0.0133531 0.00928039 0.00606416 0.00369133
 0.00879491 0.0140553 0.0207365 0.0286765 0.0376188 0.0471149 0.0564288 0.0646239 0.0708319 0.074499 0.0754549 0.0738469 0.07005 0.0645853 0.0580269 0.0509053 0.0436449 0.0365505 0.0298295 0.0236267 0.0180552 0.0132126 0.0091793 0.00599841 0.00365289
 0.00908497 0.0144881 0.0213137 0.0293686 0.0383662 0.0478356 0.0570297 0.065018 0.0709626 0.0743628 0.0751067 0.0733793 0.0695569 0.0641298 0.0576297 0.0505555 0.0433213 0.0362392 0.0295306 0.023351 0.0178163 0.0130206 0.00903716 0.00590217 0.00359363
 0.00942488 0.0150318 0.0221127 0.0304576 0.0397477 0.049459 0.058774 0.0666952 0.0723522 0.0752676 0.0754065 0.0730607 0.0687085 0.0629099 0.0562188 0.0491122 0.0419572 0.035017 0.0284776 0.0224749 0.0171154 0.0124864 0.0086533 0.00564488 0.00343426
 0.00933819 0.014931 0.0220368 0.0304714 0.0399293 0.0498768 0.0594612 0.0676315 0.0734576 0.0764098 0.0764228 0.0737937 0.0690476 0.0628219 0.0557528 0.0483776 0.0410852 0.0341254 0.0276506 0.0217604 0.0165331 0.0120376 0.0083276 0.00542418 0.00329593
 0.00925146 0.0147774 0.0217856 0.0300953 0.0394228 0.0492783 0.0588666 0.0671815 0.0732954 0.0766255 0.0770139 0.0746606 0.0700248 0.0637289 0.0564456 0.0487824 0.0412051 0.0340213 0.0274092 0.0214641 0.0162429 0.0117892 0.00813552 0.00528847 0.00320824
 0.00920775 0.014678 0.0215833 0.0297277 0.038827 0.0484172 0.0577573 0.0659139 0.0720299 0.0755667 0.0763627 0.0745562 0.0704963 0.0646805 0.0576863 0.0500882 0.0423853 0.0349609 0.0280763 0.021889 0.0164859 0.0119129 0.00819027 0.00530808 0.0032125
 0.00939497 0.0149539 0.0219428 0.0301408 0.0392373 0.0487464 0.0579142 0.0658124 0.0716178 0.0748573 0.075452 0.0736091 0.0697021 0.0641922 0.0575707 0.0503085 0.0428245 0.0354733 0.0285395 0.0222348 0.0167016 0.0120228 0.00823162 0.00531414 0.00320541
 0.00916658 0.0146716 0.0216808 0.0300178 0.0393782 0.0492221 0.0586934 0.0667556 0.0725187 0.0755106 0.0757166 0.0734465 0.0691817 0.0634663 0.0568233 0.0496961 0.0424308 0.0352967 0.0285169 0.0222839 0.0167572 0.0120528 0.00823292 0.00529803 0.00318471
#obs surv len freq
 nan nan nan nan nan nan nan nan nan nan nan nan nan nan nan nan nan nan nan nan nan nan nan nan nan
 0.00448405 0.00734538 0.0111757 0.015993 0.0216952 0.0279725 0.0342881 0.0400203 0.0446999 0.0481629 0.0505193 0.0520133 0.0529037 0.0534143 0.0537272 0.0539811 0.0542589 0.0545511 0.0546895 0.0542813 0.0527194 0.0493518 0.043802 0.0362828 0.0276672
 0.00461459 0.00755896 0.0114994 0.0164518 0.0223062 0.0287356 0.0351764 0.0409775 0.0456477 0.0490162 0.0512023 0.0524706 0.0531063 0.0533602 0.0534372 0.0534914 0.0536126 0.0537906 0.0538538 0.0534071 0.0518454 0.0485209 0.0430585 0.0356643 0.0271945
 0.00477438 0.00782068 0.0118969 0.0170179 0.0230662 0.0296969 0.0363175 0.0422429 0.0469535 0.0502635 0.052292 0.0533153 0.0536391 0.0535415 0.0532581 0.0529724 0.052797 0.0527366 0.0526266 0.0520763 0.0504855 0.0472115 0.0418787 0.0346791 0.0264402
 0.00495895 0.00812362 0.0123582 0.0176768 0.0239537 0.0308239 0.0376624 0.0437465 0.0485263 0.0518006 0.0536878 0.0544728 0.0544745 0.0539894 0.0532765 0.0525483 0.0519487 0.0515119 0.0510996 0.0503429 0.0486599 0.0454197 0.0402455 0.0333064 0.025385
 0.00517402 0.00847447 0.0128886 0.0184287 0.0249595 0.0320947 0.0391749 0.0454376 0.050301 0.0535484 0.0552984 0.0558455 0.0555221 0.0546385 0.05347 0.0522487 0.0511442 0.0502238 0.0493879 0.0483098 0.0464472 0.0431977 0.0381887 0.0315605 0.024035
 0.00540515 0.00885411 0.0134672 0.0192555 0.0260731 0.0335075 0.0408582 0.0473164 0.0522652 0.0554744 0.0570687 0.0573588 0.056694 0.0553996 0.0537629 0.0520282 0.0503814 0.0489158 0.047572 0.046077 0.0439484 0.0406327 0.0357756 0.0294883 0.0224199
 0.00566089 0.00926877 0.0140895 0.0201308 0.0272358 0.0349688 0.0425921 0.0492534 0.0542998 0.0574834 0.0589296 0.0589623 0.0579498 0.0562362 0.0541243 0.0518698 0.0496696 0.0476349 0.0457405 0.0437688 0.0413081 0.0378715 0.0331377 0.0271961 0.0206176
 0.00590249 0.00967019 0.0147094 0.0210282 0.0284578 0.0365301 0.0444568 0.0513304 0.0564593 0.0595847 0.0608454 0.0605892 0.0592076 0.0570629 0.0544714 0.0516979 0.0489471 0.046343 0.0438885 0.0414173 0.0385907 0.0349976 0.0303626 0.0247616 0.0186881
 0.00614996 0.0100731 0.0153173 0.0218893 0.0296111 0.0379932 0.0462102 0.0533091 0.0585572 0.0616709 0.0627844 0.0622583 0.0605079 0.0579236 0.0548453 0.0515533 0.048261 0.0451014 0.0420986 0.0391314 0.0359304 0.0321615 0.0276013 0.0223203 0.0167399
 0.00637587 0.0104475 0.0158939 0.0227218 0.0307423 0.0394372 0.0479359 0.0552367 0.0605718 0.0636467 0.0646045 0.0638226 0.0617337 0.0587433 0.0552071 0.0514203 0.0476086 0.0439179 0.0403931 0.0369529 0.0333906 0.0294448 0.0249445 0.0199597 0.0148465
 0.00662068 0.0108429 0.0164845 0.0235484 0.0318351 0.0408053 0.0495545 0.0570402 0.0624597 0.0655007 0.0663068 0.0652709 0.062848 0.0594664 0.0555002 0.0512563 0.0469681 0.0427906 0.0387872 0.0349128 0.0310179 0.0269078 0.0224605 0.0177476 0.0130671
 0.00685937 0.0112363 0.0170857 0.0244085 0.0329908 0.0422607 0.0512646 0.058909 0.064358 0.0672954 0.0678847 0.0665481 0.0637678 0.0599932 0.0556133 0.0509449 0.0462274 0.0416209 0.0372017 0.032954 0.0287772 0.0245351 0.02015 0.0156955 0.0114179
 0.00706349 0.0115756 0.0176103 0.0251696 0.0340304 0.0435945 0.0528644 0.0606949 0.0662091 0.0690719 0.069454 0.0678034 0.0646381 0.0604434 0.0556366 0.0505516 0.0454339 0.0404458 0.0356702 0.031112 0.0267086 0.0223718 0.0180603 0.0138486 0.00993769
 0.00726228 0.0118985 0.0180962 0.0258551 0.0349438 0.0447458 0.0542332 0.0622249 0.0678121 0.0706409 0.0708783 0.0689812 0.0654869 0.0609078 0.0556914 0.0501983 0.0446931 0.0393485 0.034256 0.0294355 0.024852 0.0204525 0.0162224 0.0122342 0.00864909
 0.00745135 0.0122077 0.0185644 0.0265184 0.0358274 0.0458513 0.0555273 0.0636372 0.0692477 0.0720002 0.0720737 0.0699434 0.0661636 0.0612614 0.0556984 0.0498514 0.0440012 0.0383363 0.0329635 0.0279203 0.0231949 0.0187602 0.0146191 0.0108379 0.00754176
 0.00754755 0.0123693 0.0188175 0.0268916 0.0363471 0.0465332 0.0563675 0.0646068 0.0702947 0.0730579 0.0730703 0.070811 0.066844 0.0617094 0.0558818 0.0497502 0.0436081 0.0376585 0.0320256 0.026769 0.0219018 0.0174204 0.0133406 0.00972104 0.00665508
 0.00759978 0.012449 0.0189288 0.0270373 0.0365315 0.0467659 0.0566638 0.0649845 0.0707668 0.073624 0.0737103 0.0714847 0.0674959 0.0622772 0.0563057 0.0499798 0.0436076 0.03741 0.0315327 0.0260601 0.0210328 0.0164718 0.0124059 0.00888827 0.00598593
 0.00763389 0.0124999 0.0189968 0.0271199 0.0366238 0.046863 0.0567637 0.0650913 0.0708926 0.0737891 0.0739376 0.0717897 0.0678757 0.0627043 0.0567304 0.0503401 0.0438418 0.0374689 0.0313895 0.0257169 0.0205227 0.0158559 0.0117622 0.00829351 0.00549686
 0.00769735 0.0125918 0.0191141 0.0272522 0.0367563 0.0469805 0.0568551 0.0651514 0.0709242 0.0738025 0.0739516 0.0718286 0.0679632 0.062854 0.0569372 0.0505756 0.0440586 0.037612 0.0314112 0.0255909 0.0202536 0.0154791 0.0113352 0.00787898 0.00514505
 0.00777533 0.0127138 0.019288 0.0274799 0.0370311 0.0472843 0.0571576 0.0654139 0.0711095 0.0738882 0.0739375 0.0717368 0.0678304 0.06272 0.0568338 0.0505175 0.0440385 0.0376018 0.0313719 0.0254868 0.0200672 0.015219 0.0110334 0.00757874 0.00488504
 0.00783543 0.0128108 0.0194323 0.02768 0.0372905 0.047598 0.0575075 0.0657685 0.0714281 0.0741296 0.0740706 0.0717487 0.0677297 0.0625352 0.0566047 0.050284 0.0438284 0.0374238 0.0312149 0.0253286 0.0198871 0.0150098 0.0108058 0.00735602 0.00469188
 0.00786497 0.0128552 0.0194927 0.0277559 0.0373814 0.0477047 0.0576326 0.0659145 0.0715934 0.0743049 0.0742379 0.071884 0.0678103 0.0625473 0.0565494 0.0501768 0.0436929 0.0372821 0.0310788 0.0251975 0.019753 0.0148661 0.0106543 0.00720782 0.00456157
 0.00785672 0.0128414 0.0194714 0.0277253 0.0373405 0.0476549 0.0575791 0.0658668 0.071565 0.0743102 0.0742872 0.0719785 0.067939 0.0626886 0.0566779 0.0502724 0.0437469 0.037297 0.0310636 0.0251605 0.0196987 0.0147968 0.0105738 0.00712376 0.00448386
 0.00786892 0.0128548 0.0194797 0.027719 0.0373097 0.0475934 0.0574884 0.0657572 0.071453 0.0742145 0.0742254 0.0719636 0.0679764 0.0627744 0.0567981 0.0504059 0.0438716 0.0373961 0.0311289 0.0251919 0.0197006 0.0147755 0.0105363 0.00707816 0.00443845
 0.00789872 0.0128989 0.0195377 0.0277864 0.037378 0.0476509 0.0575214 0.0657535 0.071406 0.0741276 0.0741127 0.0718471 0.0678794 0.0627147 0.0567835 0.0504324 0.043926 0.0374605 0.0311866 0.0252316 0.0197178 0.0147717 0.0105171 0.00705052 0.00440932
 0.00790208 0.0129045 0.0195461 0.0277981 0.0373926 0.0476664 0.0575342 0.0657576 0.0713949 0.0740962 0.07406 0.0717783 0.0678057 0.062651 0.0567441 0.0504263 0.0439534 0.037513 0.0312503 0.0252919 0.0197638 0.0147987 0.010526 0.00704645 0.00439846
 0.00788107 0.0128682 0.0194881 0.0277118 0.0372743 0.0475187 0.0573683 0.0655928 0.0712529 0.0739945 0.074007 0.0717721 0.0678387 0.062714 0.0568302 0.0505316 0.044075 0.0376462 0.0313865 0.0254199 0.019873 0.0148819 0.0105818 0.00707832 0.00441311
 0.00789503 0.0128846 0.0195008 0.0277109 0.0372481 0.0474576 0.0572685 0.0654589 0.0710979 0.0738375 0.0738693 0.0716719 0.0677869 0.0627121 0.056872 0.0506073 0.0441742 0.0377599 0.0315061 0.0255365 0.0199776 0.0149673 0.0106443 0.00711885 0.00443588
 0.00786648 0.0128413 0.0194414 0.0276356 0.0371575 0.0473519 0.0571474 0.0653227 0.0709504 0.0736879 0.0737321 0.0715651 0.0677269 0.0627093 0.0569279 0.0507142 0.0443185 0.0379254 0.0316773 0.0257002 0.020123 0.0150869 0.0107348 0.00718111 0.00447443
 0.00784801 0.0128069 0.019382 0.0275409 0.0370201 0.0471718 0.0569359 0.0651011 0.0707435 0.0735163 0.0736077 0.0714919 0.067705 0.0627383 0.057007 0.0508402 0.0444836 0.0381168 0.0318791 0.0258962 0.0202994 0.0152339 0.0108479 0.00726079 0.00452551
 0.00782541 0.0127723 0.0193335 0.0274773 0.0369399 0.0470723 0.056814 0.0649559 0.0705799 0.073347 0.0734513 0.0713684 0.0676293 0.0627178 0.0570415 0.0509246 0.0446099 0.0382745 0.0320553 0.0260759 0.0204678 0.0153792 0.0109628 0.00734398 0.00458024
 0.00779707 0.0127225 0.0192519 0.0273534 0.0367662 0.0468502 0.0565569 0.0646883 0.0703303 0.0731399 0.073302 0.0712834 0.0676099 0.0627622 0.0571456 0.0510809 0.0448074 0.0384993 0.0322921 0.0263088 0.0206819 0.0155623 0.0111078 0.00744937 0.0046502
 0.00775237 0.0126507 0.0191454 0.0272054 0.036572 0.0466089 0.0562748 0.0643807 0.0700219 0.072861 0.0730832 0.0711482 0.0675703 0.0628174 0.0572847 0.0512872 0.0450618 0.0387826 0.0325848 0.0265925 0.0209401 0.015782 0.0112814 0.00757591 0.00473465
 0.00773187 0.0126135 0.0190825 0.0271062 0.0364271 0.0464143 0.0560351 0.0641102 0.0697416 0.0725944 0.0728528 0.0709742 0.0674693 0.0628003 0.0573541 0.0514363 0.0452758 0.0390411 0.0328654 0.0268729 0.0212004 0.0160068 0.0114613 0.00770845 0.004824
 0.00934259 0.0148725 0.0218177 0.0299346 0.0388653 0.0480551 0.0566882 0.0638301 0.0687495 0.0711628 0.0712202 0.0693124 0.0658882 0.0613656 0.0561023 0.0503842 0.0444249 0.038381 0.0323764 0.0265291 0.020973 0.0158669 0.0113824 0.00766855 0.00480643
 0.00931531 0.0151276 0.0227296 0.0319694 0.0423789 0.0530201 0.0625198 0.0694804 0.073078 0.0733841 0.0711613 0.0673586 0.0627114 0.0576358 0.0523214 0.0468556 0.0412997 0.0357169 0.0301803 0.02478 0.0196328 0.0148851 0.0107002 0.00722277 0.00453488
 0.00896248 0.0145703 0.0219438 0.0310018 0.041403 0.0523753 0.0626729 0.0708609 0.0758258 0.0771589 0.0751817 0.0706984 0.0646857 0.0580382 0.0513985 0.0450951 0.0391974 0.0336394 0.0283379 0.0232618 0.0184526 0.0140165 0.0100966 0.00682918 0.00429589
 0.00879017 0.0142784 0.0214833 0.0303227 0.040473 0.0512139 0.0613947 0.0697051 0.0751381 0.077297 0.0763573 0.0728272 0.0673497 0.0606212 0.0533352 0.046087 0.0392744 0.0330626 0.0274373 0.0223099 0.0176151 0.0133624 0.00963059 0.00652327 0.00411057
 0.00872985 0.0141734 0.0213113 0.0300557 0.0400799 0.0506676 0.0606847 0.0688555 0.0742281 0.0764769 0.0758399 0.0728343 0.0680166 0.0619005 0.0549703 0.0476953 0.0405044 0.0337303 0.0275647 0.0220616 0.017194 0.0129292 0.00927415 0.00627043 0.00395119
 0.00870714 0.0141355 0.0212517 0.0299661 0.0399492 0.0504818 0.0604277 0.0685126 0.073793 0.0759641 0.0753008 0.0723671 0.0677563 0.0619763 0.0554405 0.0484955 0.0414512 0.0345925 0.0281628 0.0223336 0.0171932 0.0127692 0.00906613 0.00608642 0.00381944
 0.00868339 0.0140942 0.0211849 0.0298649 0.0398064 0.0502948 0.0602008 0.0682556 0.073517 0.0756772 0.0750094 0.072085 0.0675169 0.0618385 0.0554747 0.0487505 0.0419156 0.0351811 0.0287442 0.0227874 0.0174594 0.0128602 0.00904128 0.0060126 0.00374406
 0.00866741 0.0140709 0.0211544 0.029828 0.0397634 0.0502433 0.0601351 0.0681684 0.0734025 0.0755338 0.0748408 0.0718997 0.0673292 0.0616709 0.0553618 0.0487328 0.0420241 0.0354149 0.0290603 0.0231128 0.0177233 0.0130242 0.00910841 0.00601382 0.00371587
 0.00866718 0.0140697 0.0211511 0.0298214 0.0397524 0.0502278 0.0601158 0.0681456 0.0733743 0.0754952 0.0747847 0.0718203 0.0672255 0.0615508 0.0552426 0.0486406 0.0419872 0.0354536 0.0291741 0.0232761 0.0178942 0.0131634 0.00919536 0.00605097 0.00371993
 0.00864997 0.0140451 0.0211202 0.0297873 0.0397191 0.0501985 0.060092 0.068127 0.0733596 0.0754828 0.0747724 0.0718045 0.0672019 0.0615158 0.0551972 0.0485928 0.0419521 0.0354485 0.0292105 0.0233523 0.0179939 0.0132624 0.00927332 0.00609915 0.00374166
 0.00865912 0.0140558 0.0211288 0.0297883 0.0397072 0.0501718 0.0600537 0.0680847 0.0733222 0.0754563 0.0747577 0.0717984 0.0671985 0.0615094 0.0551841 0.0485731 0.0419307 0.0354346 0.0292142 0.0233792 0.0180412 0.0133195 0.00932678 0.00613927 0.00376563
 0.00865747 0.0140561 0.0211344 0.0298034 0.0397345 0.0502098 0.0600954 0.0681193 0.0733395 0.0754517 0.0747341 0.0717634 0.0671602 0.0614727 0.05515 0.0485407 0.0418999 0.035408 0.0291965 0.0233752 0.0180525 0.0133426 0.00935455 0.00616436 0.00378362
 0.00862207 0.0140031 0.0210636 0.0297181 0.0396418 0.0501199 0.0600195 0.0680678 0.0733187 0.0754613 0.0747674 0.0718103 0.0672121 0.0615241 0.0551988 0.0485861 0.0419413 0.0354451 0.0292303 0.0234076 0.0180852 0.0133757 0.0093859 0.00619092 0.00380322
 0.00862006 0.0139955 0.0210441 0.0296791 0.0395769 0.0500279 0.059908 0.0679525 0.0732192 0.0753945 0.0747422 0.0718259 0.0672595 0.061591 0.0552732 0.0486592 0.0420083 0.0355042 0.0292816 0.0234522 0.0181243 0.0134099 0.00941529 0.00621465 0.00382068
 0.00861662 0.01399 0.0210359 0.0296668 0.0395579 0.0499982 0.0598626 0.0678882 0.0731372 0.0753032 0.0746563 0.0717619 0.0672297 0.0615991 0.0553141 0.048722 0.0420809 0.0355768 0.0293481 0.0235098 0.0181726 0.0134495 0.00944667 0.00623842 0.00383751
 0.00861662 0.01399 0.0210359 0.0296668 0.0395579 0.0499982 0.0598626 0.0678882 0.0731372 0.0753032 0.0746563 0.0717619 0.0672297 0.0615991 0.0553141 0.048722 0.0420809 0.0355768 0.0293481 0.0235098 0.0181726 0.0134495 0.00944667 0.00623842 0.00383751
 0.00891241 0.014456 0.0217071 0.0305598 0.0406604 0.0512569 0.0611749 0.0691084 0.0741059 0.0758891 0.074791 0.0714534 0.0665508 0.0606624 0.0542426 0.0476255 0.041042 0.0346481 0.0285567 0.0228644 0.0176693 0.0130763 0.00918548 0.00606738 0.00373361
 0.00878641 0.0142914 0.0215346 0.0304347 0.0406503 0.0514194 0.0615369 0.0696549 0.074781 0.0766062 0.0754491 0.071957 0.0668315 0.0606944 0.0540462 0.047257 0.0405748 0.034153 0.0280887 0.0224584 0.0173413 0.0128282 0.0090099 0.00595168 0.00366307
 0.00864868 0.0140515 0.0211479 0.0298606 0.039875 0.0504849 0.0605582 0.0688054 0.074241 0.0764977 0.0757914 0.0726659 0.0677554 0.061665 0.0549232 0.0479541 0.0410645 0.0344548 0.028248 0.0225255 0.0173584 0.0128237 0.00899964 0.00594257 0.00365704
 0.00852875 0.0138492 0.0208294 0.0293889 0.0392168 0.049625 0.0595178 0.0676574 0.073113 0.0755549 0.0752001 0.0725447 0.0681332 0.0624683 0.0559998 0.0491225 0.0421664 0.0353878 0.0289723 0.0230499 0.017718 0.0130602 0.00914988 0.00603469 0.0037111
 0.00860154 0.013951 0.0209508 0.0295068 0.0392959 0.0496222 0.0593884 0.0673642 0.0726397 0.0749219 0.0744762 0.0718429 0.0675865 0.0621883 0.0560368 0.0494477 0.0426852 0.0359783 0.0295274 0.0235038 0.0180497 0.0132811 0.00928607 0.00611347 0.0037542
 0.00875565 0.0142068 0.0213428 0.0300639 0.0400265 0.0504948 0.0603179 0.0682169 0.073263 0.075189 0.0743239 0.071291 0.0667328 0.0611847 0.0550508 0.0486183 0.042089 0.0356188 0.0293528 0.0234405 0.018034 0.0132746 0.00927484 0.00609793 0.00373901
#pred catch len freq
 0.00339748 0.00543557 0.0080517 0.0112439 0.0150354 0.0194471 0.024433 0.0298451 0.0354525 0.0409881 0.0461901 0.050839 0.0547881 0.0579716 0.0603817 0.0620348 0.0629464 0.0631089 0.0624566 0.06081 0.0578467 0.0531824 0.0466006 0.0383337 0.0291794
 0.00365791 0.00579816 0.00848924 0.0117045 0.0154715 0.019853 0.0248619 0.0303831 0.0361563 0.0418226 0.0470104 0.0514341 0.0549668 0.0576455 0.0596067 0.0609947 0.0618855 0.0622414 0.0618885 0.0605097 0.0576805 0.0529956 0.0462992 0.037919 0.0287242
 0.00380302 0.00605288 0.00890303 0.0123237 0.0163164 0.0208907 0.0259976 0.0314868 0.037121 0.0426119 0.047653 0.0519636 0.0553539 0.0577846 0.0593736 0.0603342 0.0608645 0.0610303 0.060683 0.0594446 0.0567885 0.0522306 0.0455992 0.0372598 0.0281296
 0.00396158 0.00630242 0.00926755 0.0128312 0.0170059 0.0218139 0.0272026 0.0329831 0.03884 0.044395 0.0492881 0.0532568 0.0561884 0.0581263 0.0592312 0.0597229 0.0598108 0.0596052 0.0590174 0.0577013 0.0551102 0.0507057 0.0442667 0.0361367 0.0272291
 0.00416275 0.00661713 0.00971904 0.0134356 0.017774 0.0227546 0.028325 0.0342961 0.0403459 0.0460718 0.0510633 0.0549886 0.0576796 0.0591728 0.0596812 0.0595101 0.0589526 0.0581835 0.0571633 0.0555836 0.0529143 0.0486045 0.042395 0.0345803 0.0260252
 0.00444121 0.00705015 0.0103352 0.0142512 0.0187951 0.0239779 0.0297354 0.0358623 0.0420198 0.0477934 0.0527659 0.0565971 0.0591002 0.0602832 0.0603369 0.0595732 0.0583331 0.0568715 0.0552403 0.0532121 0.0503122 0.046009 0.0400222 0.0325884 0.0244931
 0.00473475 0.00751646 0.0110176 0.0151854 0.020006 0.0254735 0.0314967 0.0378346 0.044113 0.0498923 0.0547463 0.0583423 0.0605117 0.0612812 0.0608493 0.0595257 0.057653 0.0555129 0.0532209 0.0506406 0.0473914 0.0430056 0.037212 0.0301952 0.0226418
 0.0050445 0.0080039 0.0117233 0.0161423 0.0212407 0.0270058 0.0333304 0.0399423 0.0464228 0.0522833 0.0570587 0.0604014 0.062158 0.0623941 0.0613542 0.0593831 0.0568412 0.0540234 0.0510752 0.0479238 0.0442782 0.0397556 0.0341228 0.0275296 0.0205616
 0.00536765 0.00851005 0.012451 0.0171192 0.0224857 0.0285293 0.0351292 0.0419907 0.0486634 0.0546232 0.0593701 0.0625288 0.0639348 0.0636658 0.0620008 0.059331 0.0560617 0.0525247 0.0489017 0.0451718 0.0411181 0.036437 0.0309416 0.0247598 0.018383
 0.00569253 0.00902181 0.0131919 0.0181209 0.0237687 0.0300996 0.0369711 0.0440585 0.0508794 0.0568831 0.0615524 0.0645039 0.0655729 0.0648451 0.0626153 0.0592987 0.0553327 0.0510877 0.0467922 0.0424849 0.0380226 0.033176 0.0278029 0.0220135 0.0162116
 0.00603921 0.00956881 0.0139857 0.0191978 0.0251535 0.0318019 0.0389742 0.0463076 0.0532761 0.0592908 0.0638126 0.0664585 0.0670859 0.0658159 0.0629798 0.059022 0.0544002 0.049505 0.0445962 0.0397631 0.0349322 0.0299463 0.0247067 0.0193082 0.0140719
 0.00627586 0.00995277 0.0145637 0.0200174 0.0262593 0.0332269 0.040726 0.0483538 0.0555365 0.0616388 0.0660861 0.0684804 0.0686904 0.0668729 0.0634093 0.0587928 0.0535188 0.0480037 0.0425316 0.0372281 0.0320737 0.0269716 0.0218609 0.0168231 0.0121055
 0.0065623 0.0103909 0.0151742 0.0208069 0.0272286 0.0343796 0.0420702 0.049892 0.0572486 0.0634674 0.0679312 0.0702076 0.0701501 0.0679253 0.0639453 0.0587467 0.0528702 0.0467728 0.0407744 0.0350389 0.0295924 0.0243854 0.0193856 0.0146604 0.0103929
 0.0067511 0.0107137 0.0156884 0.0215744 0.0283 0.0357718 0.0437464 0.0517597 0.0591798 0.0653297 0.0696104 0.0716134 0.0712099 0.0685773 0.0641387 0.0584468 0.0520655 0.04548 0.0390429 0.0329549 0.027284 0.0220194 0.0171491 0.0127239 0.00886902
 0.0068975 0.0109474 0.0160356 0.0220651 0.0289728 0.0366743 0.0449241 0.0532305 0.0609046 0.0671943 0.0714383 0.0732082 0.072408 0.0692822 0.0643227 0.0581286 0.0512849 0.0442848 0.0374905 0.0311234 0.0252823 0.0199879 0.0152434 0.011084 0.00758469
 0.00710631 0.0112618 0.0164629 0.0225988 0.0295991 0.0373831 0.0457164 0.0541188 0.061904 0.0683063 0.0726308 0.074401 0.0734768 0.0700862 0.0647433 0.058101 0.0508047 0.0433946 0.0362609 0.0296427 0.0236558 0.0183379 0.013699 0.00975844 0.00654921
 0.00720099 0.0114185 0.0167033 0.022943 0.0300602 0.0379589 0.046384 0.054838 0.0626308 0.0690097 0.0733 0.0750374 0.0740738 0.0706096 0.0651282 0.0582665 0.050682 0.0429507 0.0355091 0.0286392 0.0224894 0.0171175 0.0125375 0.00875251 0.00575959
 0.00726225 0.0115115 0.0168324 0.0231112 0.0302727 0.0382263 0.0467211 0.0552559 0.0631252 0.069554 0.0738502 0.0755473 0.0745108 0.0709587 0.065381 0.0584056 0.0506743 0.0427572 0.0351052 0.0280324 0.021726 0.0162753 0.0117082 0.00801898 0.00517633
 0.00727456 0.0115349 0.0168739 0.0231792 0.0303757 0.0383702 0.0469081 0.0554853 0.0633959 0.0698651 0.0741964 0.0759136 0.0748702 0.071278 0.0656294 0.0585603 0.0507183 0.042675 0.0348834 0.0276688 0.0212406 0.0157143 0.0111354 0.00749862 0.00475482
 0.00726287 0.0115093 0.0168239 0.023093 0.0302454 0.0381997 0.0467177 0.0553103 0.0632778 0.0698391 0.0742831 0.0761153 0.0751718 0.0716494 0.0660291 0.0589414 0.0510356 0.0428914 0.0349736 0.0276232 0.0210687 0.0154467 0.0108193 0.00718553 0.00448664
 0.00735781 0.0116375 0.0169676 0.0232176 0.0303064 0.0381563 0.0465469 0.0550169 0.062897 0.0694325 0.0739261 0.0758783 0.0751009 0.0717543 0.0662832 0.0592921 0.0514186 0.0432442 0.035246 0.0277843 0.0211107 0.0153847 0.0106863 0.00702284 0.00433116
