SBPRF35
12.7214
Curr Bio
712478
B35
903194
F35
0.173951
FOFL
0.144924
OFL
90320.2
Bzero
3.63469e+06
#pred survey bio
 3.22752e+06 3.15742e+06 3.08847e+06 2.95558e+06 2.79691e+06 2.56959e+06 2.33994e+06 2.10315e+06 1.89702e+06 1.70379e+06 1.51859e+06 1.36089e+06 1.20647e+06 1.10422e+06 962093 841627 758110 701612 668669 626364 594856 576166 558903 553017 552432 536566 535605 524879 513903 516807 523426 520329 524057 538722 556074 574924 594079 606345 634004 642357 647788 655103 654952 659473 671938 682753 687436 690610 693883 710346 716563 2.67402e+07 1.65727e+07 1.73036e+07 1.84666e+07 1.98846e+07 2.13546e+07 2.27344e+07 2.3946e+07 2.49617e+07 2.57855e+07 2.64384e+07 2.69474e+07 2.73401e+07 2.76409e+07 2.78706e+07 2.80457e+07 2.81794e+07 2.82816e+07 2.83601e+07 2.84205e+07 2.84674e+07 2.85038e+07 2.85322e+07 2.85545e+07 2.85722e+07 2.85861e+07 2.85972e+07 2.8606e+07 2.8613e+07 2.86187e+07 2.86233e+07 2.86269e+07 2.86299e+07 2.86323e+07 2.86343e+07 2.86358e+07 2.86371e+07 2.86382e+07 2.8639e+07 2.86397e+07 2.86403e+07 2.86408e+07 2.86412e+07 2.86415e+07 2.86417e+07 2.86419e+07 2.86421e+07 2.86422e+07 2.86423e+07 2.86424e+07 2.86425e+07 2.86426e+07 2.86426e+07 2.86427e+07 2.86427e+07 2.86427e+07 2.86428e+07 2.86428e+07 2.86428e+07 2.86428e+07 2.86428e+07 2.86428e+07 2.86428e+07 2.86428e+07 2.86428e+07 2.86428e+07 2.86428e+07 2.86428e+07 2.86428e+07 2.86428e+07 2.86429e+07 2.86429e+07 2.86429e+07 2.86429e+07 2.86429e+07 2.86429e+07 2.86429e+07 2.86429e+07 2.86429e+07 2.86429e+07 2.86429e+07 2.86429e+07 2.86429e+07 2.86429e+07 2.86429e+07 2.86429e+07 2.86429e+07 2.86429e+07 2.86429e+07 2.86429e+07 2.86429e+07 2.86429e+07 2.86429e+07 2.86429e+07 2.86429e+07 2.86429e+07 2.86429e+07 2.86429e+07 2.86429e+07 2.86429e+07 0 0 0 0 0 0 0 0 0 0 0 0 0 0 0 0 0 0 0 0 0 0 0 0 0
#obs survey bio
 2.65642e+06 2.94973e+06 3.61451e+06 2.19844e+06 3.25636e+06 2.46911e+06 1.86625e+06 2.11024e+06 1.81899e+06 1.96506e+06 1.54287e+06 1.29536e+06 1.48395e+06 1.05900e+06 654470 483315 854751 633741 626157 609016 462205 558878 597927 605481 404917 457824 895727 418948 543301 526697 469300 418990 547416 474833 478792 680824 623019 694588 642434 739362 564190 816344 536942 779331 842567 634907 574414 647314 743725 629172 740360
#pred catch bio
 88979.8 91038 157287 191113 266600 283049 303920 289589 289805 292255 275252 276748 232967 266825 243275 206795 179870 156977 161147 146909 132013 127258 114605 108443 119194 104079 110320 108513 96176.2 93999.9 103411 99049.3 92205.6 92864.8 94232.5 95757.7 102228 89896.1 106480 107947 105719 111688 107736 101830 104374 110471 112340 112999 103840 115385 83546.9 90320.2 110363 114229 120848 129667 138963 147624 155107 161243 166085 169797 172581 174633 176125 177199 177964 178507 178889 179157 179344 179475 179566 179629 179672 179703 179723 179738 179748 179754 179759 179762 179765 179766 179767 179768 179768 179769 179769 179769 179769 179769 179769 179769 179769 179769 179769 179769 179769 179769 179769 179769 179769 179769 179769 179769 179769 179769 179769 179769 179769 179769 179769 179769 179769 179769 179769 179769 179769 179769 179769 179769 179769 179769 179769 179769 179769 179769 179769 179769 179769 179769 179769 179769 179769 179769 179769 179769 179769 179769 179769 179769 179769 179769 179769 179769 179769 179769 179769 179769 179769 0 0 0 0 0 0 0 0 0 0 0 0 0 0 0 0 0 0 0 0 0 0 0 0 0
#obs catch bio
 0 90793.6 157938 191763 268362 284765 307465 292030 293404 294909 278432 282060 234447 270677 245798 210085 181152 158284 162996 148061 132789 128320 114770 107894 119851 103751 109343 108158 95755.4 93559.9 103284 99503.5 92871.5 93529.1 95268.2 96434 103084 89890.1 106695 107441 105385 111021 107513 101542 103970 110147 112210 112738 103303 115833 83305.4
#pred cpue bio
 3.18298e+06 3.11357e+06 3.04431e+06 2.91092e+06 2.75238e+06 2.52569e+06 2.29664e+06 2.06069e+06 1.85525e+06 1.66283e+06 1.47851e+06 1.3216e+06 1.16857e+06 1.06732e+06 927286 808666 726623 671361 639300 598427 568186 550368 534015 528726 528389 513165 512624 502435 491730 494474 500757 497373 500614 514701 531474 549870 568824 581138 608484 617002 622524 629789 629629 633929 646097 656682 661171 664180 667212 682899 688527 2.57282e+07 1.59649e+07 1.65848e+07 1.76221e+07 1.9e+07 2.04616e+07 2.18399e+07 2.30513e+07 2.40669e+07 2.48907e+07 2.55436e+07 2.60526e+07 2.64453e+07 2.67462e+07 2.69758e+07 2.71509e+07 2.72846e+07 2.73868e+07 2.74653e+07 2.75258e+07 2.75726e+07 2.7609e+07 2.76374e+07 2.76597e+07 2.76774e+07 2.76913e+07 2.77024e+07 2.77112e+07 2.77182e+07 2.77239e+07 2.77285e+07 2.77321e+07 2.77351e+07 2.77375e+07 2.77395e+07 2.7741e+07 2.77423e+07 2.77434e+07 2.77442e+07 2.77449e+07 2.77455e+07 2.7746e+07 2.77464e+07 2.77467e+07 2.77469e+07 2.77471e+07 2.77473e+07 2.77474e+07 2.77476e+07 2.77476e+07 2.77477e+07 2.77478e+07 2.77478e+07 2.77479e+07 2.77479e+07 2.77479e+07 2.7748e+07 2.7748e+07 2.7748e+07 2.7748e+07 2.7748e+07 2.7748e+07 2.7748e+07 2.7748e+07 2.7748e+07 2.7748e+07 2.77481e+07 2.77481e+07 2.77481e+07 2.77481e+07 2.77481e+07 2.77481e+07 2.77481e+07 2.77481e+07 2.77481e+07 2.77481e+07 2.77481e+07 2.77481e+07 2.77481e+07 2.77481e+07 2.77481e+07 2.77481e+07 2.77481e+07 2.77481e+07 2.77481e+07 2.77481e+07 2.77481e+07 2.77481e+07 2.77481e+07 2.77481e+07 2.77481e+07 2.77481e+07 2.77481e+07 2.77481e+07 2.77481e+07 2.77481e+07 2.77481e+07 2.77481e+07 2.77481e+07 2.77481e+07 0 0 0 0 0 0 0 0 0 0 0 0 0 0 0 0 0 0 0 0 0 0 0 0 0
#obs cpue bio
 3.07028e+06 2.13699e+06 3.15944e+06 2.15208e+06 2.99909e+06 2.16638e+06 1.77862e+06 2.27561e+06 1.30858e+06 1.86624e+06 999622 854465 1.33489e+06 871764 1.3549e+06 822758 838314 551611 583295 614792 687371 470750 655632 712302 444252 840308 539566 489032 492454 517723 508827 383033 329411 537237 399055 534403 520494 666084 672301 874861 629844 737062 582119 564979 607996 707858 694608 841970 712285 527943 711072
#pred surv len freq
 0.00443212 0.00724385 0.0109943 0.0157008 0.0212785 0.0274578 0.0337567 0.0395999 0.0445322 0.0483631 0.0511515 0.0530889 0.0543908 0.0552378 0.0557511 0.0559878 0.055951 0.0556008 0.0548369 0.0534473 0.0510714 0.0472685 0.0417373 0.0345975 0.0265222
 0.00474493 0.00766576 0.0114729 0.0161439 0.021592 0.0275988 0.0337652 0.0395797 0.0445863 0.0485244 0.0513556 0.0532078 0.0543046 0.0549014 0.0552218 0.0554037 0.0554738 0.0553473 0.0548288 0.0536026 0.0512459 0.0473265 0.0416142 0.0343188 0.0261733
 0.00481848 0.00784117 0.0118333 0.0167828 0.0225691 0.0288831 0.0352054 0.0409392 0.0456375 0.0491464 0.0515651 0.0531059 0.0539885 0.054412 0.054559 0.0545808 0.0545566 0.0544434 0.0540369 0.0529614 0.0507203 0.0468417 0.0411114 0.0337928 0.0256678
 0.00495096 0.00804521 0.0121245 0.0171822 0.0231144 0.0296352 0.0362336 0.0422779 0.0472321 0.0508271 0.0530824 0.0542193 0.0545544 0.0544142 0.0540733 0.0537179 0.0534283 0.0531594 0.0527055 0.0516746 0.0495325 0.0457675 0.0401472 0.0329438 0.0249563
 0.00510839 0.00830264 0.0125139 0.0177321 0.0238437 0.0305453 0.0373061 0.043482 0.0485375 0.0522049 0.0544836 0.0555445 0.055648 0.0551021 0.0542263 0.053298 0.0524919 0.0518277 0.0511262 0.0499922 0.0478698 0.0442165 0.0387714 0.0317853 0.02404
 0.00534163 0.00868139 0.0130833 0.0185342 0.0249098 0.0318833 0.0388856 0.045229 0.0503443 0.0539539 0.0560722 0.0568952 0.056698 0.055783 0.0544542 0.0529902 0.051604 0.0503856 0.0492331 0.0478086 0.0455806 0.0420003 0.0367774 0.0301187 0.0227523
 0.00556665 0.00905042 0.0136451 0.0193374 0.0259947 0.0332683 0.0405521 0.0471128 0.0523409 0.0559349 0.057905 0.0584605 0.0579014 0.0565568 0.0547485 0.0527611 0.0508136 0.049021 0.0473353 0.0454921 0.0430284 0.0394334 0.0344112 0.0281196 0.0212091
 0.00584788 0.00950054 0.01431 0.0202571 0.0271984 0.0347658 0.0423222 0.0490952 0.0544389 0.058027 0.0598599 0.0601515 0.0592176 0.0574114 0.0550811 0.0525331 0.050002 0.0476203 0.0453742 0.0430583 0.040285 0.0366079 0.0317534 0.0258425 0.0194388
 0.00608964 0.00989612 0.0149101 0.0211106 0.0283432 0.0362144 0.0440472 0.051025 0.0564687 0.0600388 0.0617398 0.0617966 0.0605362 0.0583222 0.0555145 0.0524334 0.0493303 0.0463598 0.0435427 0.0407285 0.037603 0.0337915 0.0290579 0.0235004 0.0175994
 0.00637516 0.0103506 0.0155768 0.0220252 0.0295299 0.037679 0.0457658 0.0529368 0.0584776 0.0620266 0.0635833 0.0633835 0.0617754 0.0591456 0.0558725 0.0522876 0.0486496 0.0451247 0.0417607 0.0384574 0.0349723 0.0310056 0.0263666 0.0211405 0.0157314
 0.0066526 0.0108063 0.0162708 0.0230145 0.0308557 0.0393468 0.0477272 0.055086 0.0606704 0.0641112 0.0654272 0.0648852 0.0628639 0.0597759 0.0560188 0.0519363 0.0477929 0.0437603 0.0399025 0.0361577 0.032346 0.0282391 0.0236948 0.018792 0.0138657
 0.00680398 0.0110712 0.016705 0.0236841 0.0318248 0.040657 0.0493751 0.0570101 0.0627549 0.0662049 0.0673688 0.0665284 0.0640969 0.0605297 0.0562637 0.0516698 0.0470256 0.042509 0.0381948 0.0340495 0.0299431 0.025708 0.0212456 0.0166324 0.0121436
 0.00705741 0.0114691 0.017279 0.0244584 0.0328176 0.0418797 0.0508261 0.058664 0.0645532 0.0680523 0.0691398 0.0680834 0.0653047 0.0612896 0.0565175 0.0514013 0.0462499 0.0412601 0.0365209 0.0320206 0.0276664 0.023337 0.0189683 0.0146326 0.0105515
 0.00711872 0.0115869 0.0174896 0.0248059 0.0333436 0.0426071 0.0517472 0.059741 0.0657329 0.0692829 0.070376 0.0692769 0.0663904 0.0621813 0.0571199 0.0516295 0.0460481 0.0406099 0.0354425 0.030573 0.02595 0.0214927 0.0171632 0.0130279 0.00926288
 0.00741732 0.0120624 0.018187 0.0257607 0.0345753 0.0441089 0.0534715 0.0615913 0.0675705 0.0709513 0.071734 0.0702284 0.0668988 0.0622618 0.0568142 0.0509796 0.0450812 0.0393424 0.0338959 0.0287924 0.0240173 0.0195283 0.0153105 0.0114224 0.00799648
 0.00763653 0.0124298 0.0187595 0.0265962 0.0357182 0.0455679 0.0551995 0.0634806 0.0694703 0.0726981 0.0731809 0.0712634 0.0674547 0.0623212 0.0564067 0.0501677 0.0439394 0.0379394 0.0322895 0.0270395 0.0221903 0.0177242 0.0136432 0.00999839 0.00688482
 0.00779954 0.0126807 0.0191128 0.0270611 0.0363038 0.046288 0.0560705 0.0645101 0.0706396 0.0739499 0.0744183 0.0723659 0.0683038 0.0628249 0.0565153 0.0498772 0.043284 0.0369777 0.0310915 0.0256801 0.0207508 0.0162957 0.0123223 0.00887099 0.00600561
 0.00790071 0.0128404 0.0193437 0.0273709 0.0366925 0.046747 0.0565826 0.0650556 0.0712057 0.0745357 0.0750297 0.0729978 0.0689224 0.0633643 0.0568918 0.0500146 0.0431359 0.0365378 0.0303914 0.0247801 0.0197304 0.0152449 0.0113314 0.00801669 0.00533586
 0.00778116 0.0126735 0.0191436 0.0271685 0.0365286 0.0466588 0.0565937 0.0651727 0.0714233 0.0748443 0.0754215 0.0734672 0.0694599 0.0639451 0.0574676 0.0505153 0.0434845 0.0366722 0.0302831 0.0244424 0.0192145 0.0146274 0.0106976 0.00744222 0.00487154
 0.00782209 0.0127268 0.0192006 0.0272168 0.0365595 0.0466777 0.0566245 0.0652505 0.071577 0.0750797 0.0757165 0.0737837 0.0697627 0.0642144 0.0576968 0.0506979 0.0436022 0.036694 0.0301773 0.0241944 0.0188385 0.0141672 0.0102144 0.00699692 0.00450787
 0.00789629 0.0128329 0.0193328 0.0273584 0.0366859 0.0467623 0.056647 0.065205 0.0714785 0.0749641 0.0756308 0.0737683 0.0698348 0.0643633 0.0578925 0.0509038 0.0437834 0.0368192 0.030219 0.0241337 0.018674 0.0139196 0.00992357 0.00670923 0.00426163
 0.00782236 0.0127292 0.0192066 0.0272254 0.0365634 0.0466602 0.0565617 0.065122 0.0713827 0.0748527 0.0755209 0.0736937 0.0698341 0.0644628 0.0580943 0.0511836 0.0440986 0.0371208 0.0304629 0.0242887 0.018727 0.0138786 0.00981482 0.00656896 0.00412414
 0.00786278 0.0127709 0.0192262 0.0271897 0.0364423 0.0464443 0.0562742 0.0648133 0.07111 0.0746555 0.0754098 0.0736581 0.0698589 0.064542 0.0582309 0.0513798 0.0443445 0.0373908 0.0307209 0.0244987 0.0188642 0.0139364 0.00980502 0.00651583 0.00405486
 0.00793698 0.0128695 0.0193325 0.0272711 0.036455 0.0463444 0.0560312 0.0644241 0.0706075 0.0741083 0.0749075 0.0732842 0.0696651 0.0645371 0.0583887 0.0516573 0.0446967 0.0377757 0.0310997 0.0248357 0.0191317 0.0141204 0.00990852 0.00655595 0.00405535
 0.00780272 0.0126865 0.0191211 0.0270685 0.0363001 0.0462557 0.0559918 0.0643852 0.0705115 0.0739188 0.0746302 0.0729686 0.069386 0.0643665 0.0583711 0.0517987 0.0449693 0.0381321 0.0314873 0.0252071 0.0194505 0.014365 0.0100738 0.00665164 0.00410011
 0.0077955 0.0126704 0.0190907 0.0270209 0.0362417 0.046208 0.0559899 0.0644632 0.0706784 0.0741408 0.0748348 0.0730752 0.0693462 0.0641881 0.0581128 0.0515405 0.044778 0.0380408 0.0314927 0.025281 0.0195559 0.014469 0.0101555 0.00670381 0.0041262
 0.00778815 0.0126375 0.019003 0.0268395 0.0359299 0.04575 0.0554084 0.0638252 0.0700832 0.0736924 0.074609 0.0730937 0.0695703 0.0645386 0.0585054 0.0519183 0.045123 0.0383616 0.0318028 0.0255827 0.019837 0.0147113 0.0103448 0.00683619 0.00420827
 0.00790318 0.0128148 0.0192495 0.0271499 0.0362809 0.0460969 0.0556865 0.0639627 0.0700261 0.0734315 0.0741915 0.0726092 0.069117 0.064187 0.0582797 0.0518019 0.0450815 0.0383654 0.0318365 0.0256405 0.0199135 0.0147961 0.0104247 0.00690053 0.00425275
 0.00803389 0.0130174 0.0195357 0.0275226 0.0367328 0.0466075 0.0562182 0.0644588 0.070416 0.0736447 0.0741785 0.0723611 0.0686739 0.0636286 0.0576994 0.0512775 0.0446565 0.038049 0.0316167 0.0254986 0.0198317 0.0147581 0.0104152 0.00690566 0.0042622
 0.00811784 0.0131354 0.0196794 0.0276736 0.0368688 0.0467124 0.0562889 0.0645054 0.0704535 0.0736822 0.0742108 0.0723685 0.0686312 0.0635196 0.0575292 0.0510731 0.0444562 0.037886 0.031508 0.0254439 0.0198193 0.0147726 0.0104424 0.00693481 0.0042867
 0.00819544 0.0132544 0.0198441 0.0278807 0.0371052 0.0469541 0.0565032 0.0646575 0.0705188 0.0736573 0.074115 0.0722334 0.068484 0.0633723 0.0573794 0.050915 0.0442917 0.0377275 0.0313729 0.0253454 0.0197607 0.0147479 0.0104405 0.00694436 0.00429917
 0.00828986 0.0134151 0.0200984 0.0282554 0.0376176 0.0475975 0.0572352 0.0653994 0.0711708 0.0741249 0.0743349 0.072188 0.0682016 0.062913 0.0568144 0.050309 0.0436935 0.0371714 0.030883 0.024938 0.0194437 0.014519 0.0102881 0.00685125 0.00424727
 0.00828302 0.0134094 0.0201009 0.0282792 0.0376817 0.0477257 0.0574506 0.0657153 0.0715796 0.0745898 0.0747918 0.0725607 0.0684249 0.0629529 0.0566761 0.0500299 0.0433276 0.036773 0.0304965 0.0245948 0.0191621 0.0143057 0.0101395 0.00675666 0.00419252
 0.00826177 0.013363 0.0200101 0.0281215 0.0374405 0.0474035 0.0570798 0.0653582 0.0713136 0.0744836 0.0748822 0.0728387 0.0688364 0.0634154 0.0571042 0.0503602 0.0435324 0.0368595 0.0304942 0.0245407 0.0190888 0.0142358 0.0100848 0.00672004 0.00417131
 0.00811781 0.0131568 0.0197502 0.0278306 0.037146 0.0471234 0.0568159 0.0651018 0.0710631 0.0742598 0.0747301 0.0728119 0.068972 0.0637125 0.0575198 0.0508234 0.0439693 0.037216 0.0307477 0.0246972 0.0191715 0.014272 0.010097 0.00672271 0.00417158
 0.00794015 0.0128791 0.0193548 0.0273136 0.0365228 0.0464344 0.0561269 0.0644937 0.070609 0.074002 0.0746726 0.0729325 0.069243 0.0641124 0.0580288 0.0514105 0.0445869 0.0378069 0.0312615 0.0251039 0.0194664 0.0144694 0.0102205 0.00679568 0.00421269
 0.00779279 0.0126424 0.0190045 0.0268305 0.0358986 0.0456802 0.0552825 0.0636304 0.069821 0.0733864 0.0743054 0.072851 0.0694402 0.0645463 0.058639 0.0521334 0.0453615 0.0385759 0.0319721 0.0257139 0.0199512 0.0148259 0.0104632 0.00694894 0.00430266
 0.00775321 0.0125709 0.0188835 0.0266382 0.0356132 0.0452867 0.0547806 0.0630399 0.0691824 0.0727577 0.0737554 0.0724482 0.0692395 0.0645756 0.0588925 0.0525745 0.0459334 0.0392135 0.0326121 0.0263022 0.020449 0.0152135 0.0107406 0.0071312 0.00441249
 0.0075595 0.0122714 0.0184611 0.0260873 0.0349391 0.0445063 0.0539244 0.0621542 0.0683283 0.0720042 0.0731701 0.0720889 0.0691459 0.0647638 0.0593511 0.053264 0.0467906 0.0401601 0.0335663 0.0271901 0.0212147 0.0158253 0.0111921 0.00743786 0.00460344
 0.00755729 0.0122565 0.0184181 0.0259949 0.0347759 0.0442587 0.0535928 0.0617534 0.0678813 0.0715356 0.0727047 0.0716551 0.0687809 0.0645124 0.0592568 0.0533559 0.0470715 0.0406021 0.0341156 0.0277791 0.0217771 0.0163099 0.011571 0.00770684 0.00477668
 0.00755616 0.0122569 0.0184219 0.0260027 0.0347835 0.0442537 0.0535535 0.0616541 0.067702 0.071272 0.0723718 0.0712832 0.0684084 0.0641797 0.0590038 0.0532191 0.0470775 0.0407584 0.0344039 0.0281572 0.0221887 0.0166997 0.0118981 0.00795225 0.00494173
 0.00757804 0.0122823 0.0184416 0.0260028 0.0347502 0.0441794 0.0534413 0.0615152 0.0675485 0.0711092 0.072197 0.0710919 0.0682024 0.0639722 0.0588191 0.0530876 0.0470286 0.0408127 0.0345655 0.028409 0.0224947 0.0170146 0.0121807 0.00817622 0.00509935
 0.00763891 0.0123802 0.0185858 0.0261984 0.034994 0.0444548 0.0537164 0.0617476 0.0676966 0.0711461 0.0721166 0.0709061 0.0679333 0.063646 0.0584648 0.0527382 0.0467203 0.0405794 0.034431 0.0283793 0.0225553 0.0171347 0.0123232 0.0083092 0.0052038
 0.00761683 0.0123521 0.0185584 0.0261835 0.0350059 0.0445063 0.0538134 0.0618849 0.0678568 0.0713017 0.0722364 0.0709636 0.0679143 0.0635515 0.0583094 0.0525454 0.046519 0.0404002 0.034301 0.0283161 0.0225611 0.0171957 0.0124149 0.00840568 0.00528591
 0.00759128 0.0123018 0.0184673 0.0260339 0.0347859 0.0442201 0.0534888 0.0615711 0.0676103 0.0711669 0.0722306 0.0710732 0.0681023 0.063772 0.0585213 0.0527231 0.0466549 0.0405024 0.0343868 0.0284035 0.0226616 0.0173098 0.0125332 0.00851436 0.0053737
 0.00758753 0.0122955 0.0184567 0.026015 0.0347507 0.0441562 0.0533811 0.0614093 0.0673982 0.0709291 0.0720094 0.0709148 0.0680386 0.0638082 0.0586362 0.0528807 0.0468197 0.0406513 0.0345129 0.0285119 0.0227614 0.0174069 0.012627 0.00859902 0.0054427
 0.00757648 0.0122857 0.0184566 0.0260369 0.0348065 0.0442503 0.0535051 0.0615398 0.0675024 0.0709746 0.0719768 0.0708068 0.0678807 0.0636396 0.0584942 0.0527865 0.0467746 0.0406423 0.0345239 0.0285322 0.0227875 0.0174389 0.0126644 0.0086383 0.00547877
 0.00763191 0.0123619 0.0185465 0.0261266 0.0348817 0.0443044 0.0535437 0.0615775 0.0675524 0.0710374 0.0720361 0.0708362 0.0678574 0.063557 0.058366 0.0526403 0.0466389 0.0405357 0.0344517 0.0284901 0.0227681 0.017436 0.0126728 0.0086535 0.00549614
 0.00780129 0.012611 0.0188716 0.0265056 0.0352772 0.0446726 0.0538431 0.0617768 0.0676367 0.0710122 0.0719241 0.0706664 0.0676528 0.0633287 0.0581177 0.0523771 0.0463732 0.0402858 0.0342348 0.0283165 0.0226399 0.0173486 0.0126188 0.00862425 0.00548334
 0.00778284 0.0126006 0.0188911 0.0265839 0.035439 0.0449215 0.0541509 0.0620867 0.0678837 0.0711486 0.0719362 0.0705744 0.0674963 0.0631477 0.0579391 0.0522115 0.0462212 0.0401461 0.0341095 0.0282107 0.0225581 0.017292 0.0125845 0.00860688 0.00547689
 0.00763621 0.0124004 0.0186613 0.0263734 0.0353116 0.0449368 0.0543445 0.0624569 0.068387 0.0717064 0.0724523 0.0709619 0.0677034 0.06317 0.057812 0.0519895 0.0459564 0.0398769 0.0338595 0.0279932 0.0223802 0.0171561 0.0124885 0.0085449 0.00544065
#obs surv len freq
 nan nan nan nan nan nan nan nan nan nan nan nan nan nan nan nan nan nan nan nan nan nan nan nan nan
 0.00448599 0.00734781 0.011178 0.0159942 0.0216942 0.0279686 0.0342815 0.0400117 0.0446907 0.0481543 0.0505124 0.0520086 0.0529013 0.0534142 0.0537288 0.053984 0.0542628 0.0545557 0.0546945 0.0542865 0.0527246 0.0493567 0.0438064 0.0362864 0.02767
 0.0046109 0.0075544 0.0114951 0.0164496 0.0223077 0.0287414 0.0351856 0.0409874 0.0456553 0.0490196 0.051201 0.0524659 0.0531 0.053354 0.0534321 0.053488 0.0536108 0.0537901 0.0538541 0.053408 0.0518466 0.0485221 0.0430597 0.0356653 0.0271953
 0.00477849 0.00782606 0.0119027 0.0170227 0.0230689 0.0296975 0.0363176 0.042245 0.0469596 0.0502736 0.0523037 0.0533252 0.0536445 0.0535415 0.0532534 0.0529648 0.0527884 0.052728 0.0526186 0.052069 0.0504789 0.0472057 0.0418737 0.0346751 0.0264371
 0.00497031 0.00814164 0.0123844 0.0177118 0.0239971 0.0308732 0.0377134 0.0437937 0.0485647 0.0518276 0.0537031 0.0544777 0.0544706 0.0539772 0.0532564 0.0525208 0.0519151 0.0514743 0.0510599 0.050303 0.0486212 0.0453838 0.0402138 0.0332803 0.0253652
 0.00517137 0.00847167 0.0128872 0.0184311 0.0249685 0.0321122 0.0392013 0.0454711 0.050338 0.0535841 0.0553287 0.0558676 0.0555349 0.0546425 0.0534662 0.0522379 0.0511273 0.0502015 0.0493617 0.0482813 0.0464184 0.0431704 0.0381646 0.0315406 0.0240199
 0.00540536 0.00885364 0.0134651 0.0192508 0.0260654 0.0334979 0.0408497 0.0473134 0.0522716 0.0554921 0.0570961 0.0573913 0.056726 0.0554261 0.053781 0.0520367 0.050381 0.0489076 0.0475575 0.0460581 0.0439271 0.0406114 0.035756 0.0294719 0.0224074
 0.00564955 0.00925257 0.0140692 0.0201083 0.0272136 0.0349486 0.0425745 0.0492384 0.054288 0.0574766 0.0589309 0.0589741 0.0579725 0.056267 0.0541583 0.0519017 0.0496955 0.0476527 0.0457501 0.0437716 0.0413058 0.0378663 0.0331314 0.0271901 0.0206127
 0.00590242 0.00966618 0.0146964 0.0209998 0.0284083 0.0364585 0.0443685 0.0512369 0.0563745 0.05952 0.0608071 0.0605783 0.0592219 0.0570987 0.0545237 0.0517607 0.0490138 0.0464079 0.0439473 0.041468 0.0386331 0.0350321 0.0303899 0.0247825 0.0187033
 0.00614047 0.0100593 0.0152994 0.0218677 0.0295852 0.0379604 0.0461661 0.0532493 0.0584811 0.0615841 0.0626987 0.062188 0.0604649 0.0579135 0.0548672 0.0516017 0.0483277 0.0451777 0.0421769 0.0392058 0.035997 0.0322184 0.0276476 0.0223561 0.0167657
 0.00640045 0.0104826 0.0159379 0.0227702 0.0307893 0.0394774 0.0479659 0.055254 0.0605739 0.0636301 0.0645664 0.0637639 0.0616609 0.058668 0.0551419 0.0513745 0.0475857 0.0439156 0.0404057 0.0369732 0.0334127 0.0294647 0.0249603 0.019971 0.014854
 0.00660845 0.0108304 0.0164788 0.0235597 0.0318729 0.0408727 0.0496443 0.0571363 0.0625429 0.0655556 0.0663263 0.0652555 0.0628032 0.0594009 0.0554242 0.0511809 0.0469034 0.0427428 0.0387577 0.0348987 0.0310141 0.0269091 0.0224632 0.0177498 0.0130683
 0.00681916 0.0111717 0.0169909 0.0242804 0.0328326 0.0420846 0.0510929 0.0587697 0.0642759 0.0672814 0.0679321 0.066637 0.0638743 0.0600983 0.0557068 0.0510249 0.0462974 0.0416867 0.0372681 0.0330228 0.0288468 0.0246014 0.0202085 0.0157429 0.0114529
 0.00706507 0.0115723 0.0175946 0.0251307 0.0339574 0.0434807 0.0527122 0.0605182 0.0660315 0.0689215 0.0693555 0.0677706 0.0646697 0.0605248 0.0557464 0.0506693 0.0455463 0.0405476 0.0357621 0.0311964 0.026787 0.0224434 0.0181225 0.013899 0.00997513
 0.00727898 0.0119268 0.0181401 0.0259175 0.0350236 0.0448344 0.054314 0.0622755 0.0678127 0.0705834 0.0707713 0.0688481 0.0653566 0.0608045 0.055627 0.0501717 0.0446941 0.039365 0.0342789 0.02946 0.0248766 0.0204765 0.0162448 0.0122536 0.00866429
 0.00744908 0.0122073 0.0185698 0.0265357 0.0358632 0.0459101 0.0556088 0.0637339 0.0693446 0.0720777 0.0721124 0.0699317 0.0661028 0.0611663 0.0555916 0.0497544 0.0439274 0.038289 0.0329384 0.0279103 0.0231939 0.0187641 0.0146252 0.0108446 0.00754774
 0.00752087 0.0123277 0.0187586 0.0268154 0.036257 0.0464375 0.0562793 0.0645421 0.0702681 0.073076 0.0731281 0.0708929 0.066929 0.0617791 0.0559275 0.0497739 0.0436196 0.0376688 0.032042 0.0267929 0.0219306 0.0174502 0.0133677 0.00974335 0.00667179
 0.00760074 0.012447 0.0189191 0.0270137 0.0364879 0.0466995 0.0565777 0.0648888 0.0706765 0.0735553 0.0736762 0.0714907 0.0675384 0.0623437 0.05638 0.0500476 0.0436613 0.0374496 0.0315631 0.0260869 0.0210592 0.0164978 0.0124299 0.00890842 0.00600119
 0.00768442 0.0125788 0.0191089 0.0272659 0.0367987 0.0470541 0.05695 0.0652463 0.0709915 0.0738169 0.0738947 0.0716908 0.0677438 0.0625617 0.0565931 0.0502153 0.0437303 0.0373692 0.0313013 0.0256415 0.020462 0.0158105 0.011731 0.00827378 0.00548534
 0.00771541 0.0126255 0.0191726 0.027346 0.0368939 0.0471638 0.057074 0.0653839 0.0711392 0.0739685 0.0740443 0.0718368 0.0678911 0.0627189 0.0567637 0.0503886 0.0438771 0.0374474 0.0312684 0.0254714 0.0201573 0.0154052 0.0112817 0.00784294 0.00512255
 0.00777183 0.0127098 0.0192856 0.0274831 0.0370463 0.0473198 0.0572221 0.0655136 0.0712438 0.0740461 0.0740982 0.0718736 0.0679186 0.0627451 0.0567951 0.0504272 0.043916 0.0374678 0.0312424 0.0253724 0.0199726 0.0151454 0.0109796 0.0075421 0.00486191
 0.0078034 0.0127584 0.0193532 0.0275694 0.0371476 0.0474293 0.0573296 0.0656074 0.0713138 0.0740874 0.074113 0.0718705 0.0679088 0.0627389 0.0567992 0.0504434 0.0439405 0.0374897 0.0312446 0.0253351 0.0198818 0.0150006 0.010797 0.00734941 0.00468766
 0.00784586 0.0128221 0.0194392 0.027675 0.0372669 0.0475544 0.0574514 0.0657161 0.0713996 0.0741424 0.074133 0.0718567 0.0678681 0.062682 0.0567382 0.0503882 0.043896 0.0374542 0.0312097 0.025288 0.0198107 0.0149007 0.0106743 0.00721923 0.00456801
 0.00786989 0.0128593 0.0194917 0.0277429 0.0373481 0.0476442 0.0575423 0.0657989 0.0714656 0.0741857 0.0741518 0.0718527 0.0678454 0.0626456 0.0566938 0.0503418 0.0438528 0.0374165 0.0311753 0.0252508 0.0197631 0.0148378 0.0105975 0.00713636 0.00449019
 0.00790226 0.0129076 0.0195563 0.0278212 0.0374354 0.0477346 0.0576299 0.0658777 0.0715296 0.0742297 0.0741725 0.0718494 0.0678199 0.0626022 0.056638 0.0502798 0.04379 0.037357 0.0311207 0.0251996 0.0197117 0.014783 0.0105388 0.00707713 0.00443601
 0.00787605 0.0128677 0.0195012 0.0277516 0.0373538 0.0476457 0.05754 0.0657954 0.0714648 0.0741919 0.0741681 0.07188 0.0678814 0.0626857 0.0567326 0.050375 0.0438782 0.0374333 0.0311827 0.0252457 0.0197409 0.014795 0.0105353 0.0070623 0.00441575
 0.00788062 0.0128683 0.0194897 0.027717 0.0372859 0.0475401 0.057403 0.0656433 0.0713197 0.0740748 0.0740936 0.0718549 0.0679051 0.062752 0.0568309 0.0504925 0.0440015 0.0375511 0.0312864 0.0253303 0.0198038 0.0148362 0.0105572 0.00706906 0.00441293
 0.00789918 0.0128946 0.0195219 0.0277495 0.0373099 0.0475445 0.0573764 0.0655777 0.0712147 0.0739404 0.0739499 0.0717262 0.0678129 0.062709 0.0568387 0.0505436 0.0440827 0.0376474 0.0313838 0.025418 0.019875 0.014888 0.0105901 0.00708643 0.00441933
 0.00789205 0.0128821 0.0195012 0.0277177 0.037264 0.0474827 0.057299 0.0654869 0.0711141 0.0738349 0.0738461 0.0716334 0.0677432 0.0626745 0.0568482 0.0505988 0.0441771 0.037768 0.0315148 0.0255441 0.0199844 0.0149743 0.0106516 0.00712562 0.00444134
 0.00785554 0.0128253 0.0194206 0.0276118 0.0371342 0.0473335 0.0571384 0.0653266 0.0709677 0.0737146 0.0737608 0.0715873 0.0677368 0.0627066 0.0569174 0.0507027 0.0443116 0.037925 0.0316822 0.0257077 0.0201312 0.0150947 0.0107417 0.00718695 0.00447899
 0.00785678 0.0128199 0.0193991 0.0275615 0.0370428 0.0471956 0.0569598 0.065125 0.0707672 0.0735391 0.073628 0.0715066 0.0677099 0.06273 0.0569847 0.0508066 0.0444445 0.0380784 0.0318464 0.0258711 0.0202818 0.0152226 0.0108412 0.00725731 0.00452404
 0.00782382 0.0127692 0.0193277 0.0274677 0.0369253 0.0470525 0.0567901 0.0649308 0.0705576 0.073332 0.0734472 0.0713767 0.0676488 0.0627443 0.0570692 0.0509481 0.0446261 0.0382832 0.0320588 0.026077 0.0204688 0.0153809 0.0109652 0.00734644 0.0045824
 0.00780021 0.0127269 0.0192571 0.0273584 0.0367697 0.0468504 0.0565525 0.0646784 0.0703153 0.0731213 0.073283 0.0712677 0.0676011 0.0627622 0.0571537 0.0510943 0.044822 0.0385118 0.0323007 0.0263137 0.0206844 0.0155639 0.0111091 0.00745076 0.00465152
 0.00774733 0.012645 0.0191413 0.0272063 0.0365813 0.0466281 0.0563019 0.0644107 0.0700483 0.072878 0.0730877 0.0711406 0.0675538 0.062797 0.057265 0.0512715 0.045051 0.0387757 0.0325801 0.0265885 0.0209362 0.0157784 0.0112785 0.00757403 0.00473365
 0.00774816 0.0126394 0.0191203 0.0271576 0.0364931 0.0464942 0.0561259 0.0642058 0.0698327 0.0726699 0.072902 0.0709894 0.0674483 0.062747 0.0572774 0.0513474 0.0451852 0.0389566 0.0327915 0.0268114 0.0211513 0.0159692 0.011434 0.00768993 0.00481239
 0.00770545 0.0125752 0.019033 0.0270484 0.0363638 0.046346 0.0559585 0.0640201 0.0696344 0.0724716 0.0727218 0.070847 0.0673592 0.0627201 0.0573148 0.0514462 0.0453386 0.0391538 0.0330179 0.0270492 0.0213815 0.0161747 0.0116027 0.00781676 0.00489924
 0.00768786 0.012541 0.0189718 0.0269481 0.0362153 0.0461487 0.0557247 0.063773 0.0694008 0.0722728 0.0725694 0.0707444 0.0673069 0.062719 0.0573662 0.0515501 0.0454911 0.0393469 0.0332392 0.0272827 0.0216096 0.0163807 0.0117738 0.00794684 0.00498927
 0.00765745 0.0124975 0.0189167 0.0268851 0.0361476 0.0460753 0.0556392 0.0636668 0.0692694 0.0721212 0.072413 0.0706033 0.0671993 0.0626563 0.0573531 0.0515866 0.0455747 0.0394724 0.0333979 0.0274621 0.0217941 0.016554 0.0119225 0.00806292 0.0050714
 0.00764777 0.0124787 0.0188831 0.0268307 0.0360685 0.0459733 0.0555231 0.0635502 0.0691643 0.0720329 0.072339 0.0705384 0.067142 0.0626114 0.0573299 0.0515945 0.0456194 0.0395545 0.0335128 0.0276005 0.0219431 0.0166993 0.012051 0.00816586 0.00514581
 0.00762284 0.0124414 0.0188328 0.0267683 0.0359955 0.0458904 0.0554304 0.0634487 0.0690586 0.0719315 0.0722524 0.0704753 0.0671054 0.0625998 0.0573403 0.0516255 0.0456725 0.0396316 0.0336137 0.0277206 0.0220734 0.016828 0.0121666 0.00825981 0.00521471
 0.00758322 0.0123802 0.0187469 0.0266576 0.0358633 0.0457439 0.0552804 0.0633081 0.0689394 0.0718419 0.0721956 0.0704506 0.0671108 0.0626327 0.0573977 0.0517036 0.0457676 0.0397409 0.0337348 0.0278501 0.0222055 0.0169545 0.0122786 0.00835052 0.00528133
 0.00760368 0.012407 0.0187754 0.0266793 0.0358685 0.0457252 0.0552359 0.063242 0.0688599 0.0717586 0.0721165 0.0703811 0.0670538 0.0625901 0.0573707 0.0516939 0.0457763 0.0397684 0.0337803 0.0279111 0.0222775 0.0170308 0.0123514 0.00841308 0.00532949
 0.00756731 0.0123576 0.0187185 0.0266253 0.035828 0.0457034 0.0552288 0.0632378 0.0688456 0.0717269 0.0720695 0.0703283 0.0670069 0.0625582 0.0573581 0.051701 0.0458015 0.0398095 0.033835 0.0279765 0.0223493 0.0171036 0.0124192 0.00847058 0.00537353
 0.00755148 0.0123265 0.0186626 0.0265344 0.0356966 0.0455367 0.0550461 0.0630687 0.0687188 0.0716585 0.0720576 0.0703583 0.0670611 0.0626241 0.057431 0.0517804 0.045888 0.0399027 0.0339327 0.0280755 0.0224457 0.0171928 0.0124968 0.00853322 0.0054199
 0.0075178 0.012275 0.0185906 0.0264409 0.0355806 0.0453973 0.0548833 0.0628872 0.0685316 0.0714876 0.0719291 0.0702931 0.0670671 0.062694 0.0575471 0.0519234 0.0460425 0.0400588 0.0340843 0.0282184 0.0225758 0.0173064 0.0125906 0.00860576 0.00547175
 0.00752654 0.0122861 0.0186017 0.0264477 0.0355785 0.0453821 0.0548526 0.0628399 0.0684671 0.0714057 0.071833 0.0701913 0.066974 0.0626257 0.0575155 0.0519314 0.0460846 0.0401248 0.0341639 0.0283028 0.0226586 0.0173825 0.012656 0.00865788 0.00550994
 0.00750169 0.0122506 0.0185571 0.0263982 0.0355291 0.0453363 0.0548108 0.0627996 0.0684252 0.0713606 0.071785 0.0701429 0.0669296 0.0625913 0.0574985 0.0519387 0.0461196 0.0401858 0.034244 0.0283927 0.0227488 0.0174653 0.0127263 0.00871289 0.00554949
 0.00751236 0.0122635 0.0185686 0.0264029 0.0355219 0.0453155 0.05478 0.0627662 0.0683965 0.0713393 0.0717684 0.070125 0.0669051 0.0625591 0.0574626 0.0519069 0.0461005 0.0401855 0.0342645 0.028431 0.0227983 0.017518 0.0127752 0.00875341 0.00557969
 0.00748542 0.0122253 0.0185213 0.0263513 0.0354715 0.0452695 0.0547378 0.062725 0.0683544 0.0712988 0.0717356 0.0701064 0.0669036 0.0625726 0.0574859 0.0519355 0.0461328 0.0402232 0.0343096 0.0284839 0.0228565 0.0175765 0.0128284 0.0087971 0.00561201
 0.0074921 0.0122328 0.0185268 0.0263508 0.0354616 0.0452503 0.0547134 0.0627023 0.068339 0.0712915 0.0717325 0.0701019 0.0668943 0.062559 0.0574712 0.0519228 0.0461246 0.040221 0.0343152 0.0284982 0.0228789 0.0176045 0.0128579 0.00882399 0.00563347
 0.0074921 0.0122328 0.0185268 0.0263508 0.0354616 0.0452503 0.0547134 0.0627023 0.068339 0.0712915 0.0717325 0.0701019 0.0668943 0.062559 0.0574712 0.0519228 0.0461246 0.040221 0.0343152 0.0284982 0.0228789 0.0176045 0.0128579 0.00882399 0.00563347
#pred catch len freq
 0.00328221 0.00530561 0.00796313 0.0112867 0.0153127 0.0200398 0.025366 0.0310707 0.036857 0.0424129 0.0474602 0.0517913 0.0552974 0.0579676 0.0598566 0.0610428 0.0615983 0.0615657 0.060914 0.0594693 0.0568724 0.0526578 0.046504 0.0385516 0.0295543
 0.0035262 0.00563862 0.00834977 0.0116628 0.0156134 0.0202381 0.0254938 0.0312019 0.0370556 0.0426801 0.0477167 0.051911 0.0551717 0.0575663 0.0592524 0.0603896 0.0610722 0.0612927 0.0609154 0.0596528 0.0570765 0.052731 0.0463742 0.0382471 0.0291702
 0.00362129 0.00582609 0.00868749 0.0122112 0.0164054 0.0212409 0.0265926 0.0322273 0.0378532 0.0431773 0.0479365 0.0519228 0.0550228 0.0572514 0.0587429 0.0596911 0.060259 0.0604879 0.0602311 0.059131 0.0566748 0.0523604 0.0459627 0.0377832 0.0286997
 0.00375599 0.00603419 0.00898558 0.0126209 0.0169641 0.0220078 0.027633 0.0335712 0.0394433 0.0448449 0.0494377 0.0530249 0.0555882 0.0572643 0.0582732 0.0588405 0.0591328 0.059196 0.0588875 0.0578346 0.0554829 0.051285 0.0449947 0.0369242 0.0279725
 0.00393666 0.00632142 0.00940557 0.0131936 0.0177007 0.0229096 0.0286927 0.0347786 0.0407899 0.0463147 0.0509779 0.0545154 0.0568428 0.0580789 0.0584985 0.0584317 0.0581517 0.0577762 0.0571921 0.0560232 0.0536907 0.0496126 0.0435104 0.0356731 0.0269812
 0.00416254 0.00668175 0.00993603 0.0139255 0.0186586 0.0241053 0.0301153 0.0363864 0.0425105 0.0480565 0.0526468 0.0560235 0.0581026 0.058989 0.0589406 0.058294 0.0573719 0.0563764 0.0552845 0.0537848 0.0513245 0.0473124 0.0414365 0.0339368 0.0256375
 0.00439627 0.0070564 0.0104913 0.0146982 0.0196804 0.0253966 0.0316751 0.038181 0.0444687 0.0500731 0.0545936 0.0577672 0.0595228 0.0599879 0.0594398 0.0582256 0.0566802 0.0550388 0.0533428 0.051365 0.0486292 0.0445856 0.0389146 0.0318023 0.0239875
 0.00466084 0.00747451 0.0110998 0.015528 0.0207567 0.026737 0.0332821 0.040031 0.0465037 0.0521981 0.0566827 0.059677 0.0611103 0.0611292 0.0600395 0.0582175 0.0560216 0.0537134 0.051377 0.0488541 0.0457535 0.0415966 0.0360879 0.0293728 0.0220951
 0.00491066 0.00787453 0.0116914 0.0163483 0.0218355 0.0280903 0.0349027 0.0418812 0.0485152 0.0542779 0.0587209 0.0615535 0.0627021 0.0623184 0.0607226 0.0583119 0.0554698 0.0524883 0.0494944 0.0463941 0.0428793 0.0385522 0.0331591 0.0268197 0.0200861
 0.00521122 0.00834593 0.0123704 0.0172617 0.0230014 0.0295172 0.0365825 0.0437792 0.0505628 0.0563742 0.060743 0.0633725 0.0641991 0.0633944 0.0612995 0.0583277 0.0548764 0.0512558 0.0476277 0.0439572 0.0400184 0.0354981 0.0301941 0.0242119 0.0180177
 0.0054937 0.00880006 0.0130449 0.0182002 0.0242361 0.0310592 0.0384087 0.0458255 0.0527281 0.0585349 0.0627683 0.0651375 0.0655946 0.0643338 0.061721 0.0581913 0.054157 0.0499416 0.04573 0.0415337 0.0371992 0.0324945 0.0272724 0.0216319 0.0159619
 0.00569857 0.00913833 0.0135652 0.0189549 0.0252759 0.0324209 0.0400982 0.0478024 0.0549007 0.0607667 0.0648966 0.0669988 0.0670505 0.0652871 0.0621182 0.0580126 0.0534025 0.0486234 0.0438764 0.0392075 0.0345217 0.0296568 0.0245158 0.019195 0.0140153
 0.00591571 0.00947761 0.0140526 0.019612 0.0261246 0.0334864 0.0414051 0.0493606 0.0566858 0.0627051 0.0668633 0.0688329 0.0685842 0.0663774 0.0626687 0.0579781 0.0527803 0.0474397 0.0421797 0.0370753 0.0320762 0.0270746 0.022013 0.0169836 0.0122475
 0.00610672 0.00978687 0.0145153 0.0202592 0.0269765 0.0345438 0.0426425 0.0507276 0.0581208 0.0641497 0.0682667 0.070142 0.0697295 0.067269 0.0632081 0.0580791 0.0523876 0.0465382 0.0407961 0.0352796 0.0299851 0.0248515 0.0198517 0.0150709 0.0107162
 0.00643014 0.0102939 0.0152446 0.0212369 0.0282151 0.0360381 0.0443593 0.052594 0.060021 0.0659382 0.0697961 0.0712957 0.0704441 0.0675347 0.0630474 0.0575202 0.0514492 0.0452329 0.0391468 0.0333385 0.0278482 0.0226592 0.0177713 0.0132605 0.00928392
 0.00663403 0.0106302 0.0157599 0.021979 0.0292244 0.0373343 0.0459248 0.054365 0.0618897 0.0677661 0.0714323 0.0725976 0.0712998 0.0678824 0.062883 0.0568869 0.0504142 0.0438648 0.0375081 0.0314948 0.0258847 0.0206907 0.0159327 0.0116783 0.00804223
 0.00677331 0.0108443 0.0160617 0.0223785 0.029736 0.0379821 0.0467416 0.0553781 0.0630989 0.0691237 0.0728382 0.0739142 0.0723816 0.0686069 0.0631734 0.0567202 0.049816 0.0428943 0.0362421 0.0300191 0.0242947 0.0190943 0.0144443 0.0104007 0.00704183
 0.0068348 0.0109421 0.0162049 0.0225744 0.0299895 0.0382963 0.0471189 0.0558241 0.0636259 0.0697488 0.0735711 0.074738 0.073238 0.0693984 0.0637845 0.0570485 0.0497981 0.0425175 0.0355407 0.0290633 0.0231784 0.0179244 0.0133289 0.00943184 0.0062784
 0.00677697 0.0108669 0.0161266 0.0225181 0.0299852 0.0383681 0.0472771 0.0560636 0.0639325 0.0701093 0.0739806 0.0751995 0.0737524 0.0699494 0.0643266 0.057508 0.0500903 0.0425726 0.0353265 0.0285952 0.0225154 0.0171552 0.0125519 0.00873415 0.00571783
 0.00679753 0.0108912 0.0161477 0.0225278 0.0299804 0.0383596 0.0472924 0.0561394 0.064098 0.07037 0.074314 0.0755667 0.0741168 0.0702888 0.0646301 0.057763 0.0502702 0.042637 0.0352363 0.028332 0.0220962 0.0166318 0.0119969 0.00821979 0.00529632
 0.00682861 0.0109325 0.0161923 0.0225619 0.0299862 0.0383202 0.0471991 0.0559995 0.063939 0.0702371 0.0742578 0.075624 0.0742954 0.0705653 0.0649612 0.0581005 0.05057 0.0428603 0.0353497 0.0283133 0.021944 0.0163717 0.0116772 0.00789672 0.00501649
 0.0067573 0.0108314 0.016067 0.0224257 0.0298537 0.0381997 0.0470875 0.0558845 0.0638092 0.070094 0.0741227 0.0755352 0.0742953 0.0706824 0.065197 0.0584265 0.0509367 0.0432109 0.0356327 0.0284924 0.0220039 0.0163216 0.0115479 0.00773073 0.00485411
 0.00674581 0.0107984 0.015992 0.0222841 0.029627 0.037889 0.0467219 0.0555161 0.0634944 0.0698717 0.0740046 0.0755127 0.0743553 0.070819 0.0654111 0.0587156 0.0512838 0.0435818 0.0359823 0.0287773 0.022195 0.0164116 0.0115519 0.00767855 0.00477901
 0.00678212 0.0108413 0.0160255 0.0222799 0.029548 0.0376981 0.0463944 0.0550531 0.0629327 0.069284 0.073484 0.0751448 0.0741915 0.0708655 0.0656375 0.0590739 0.0517238 0.0440561 0.0364459 0.0291885 0.0225212 0.0166368 0.0116798 0.00772973 0.004782
 0.00671479 0.010756 0.0159401 0.022222 0.0295418 0.0377461 0.0464655 0.0550873 0.0628642 0.0690722 0.0731359 0.0747186 0.073777 0.0705532 0.065489 0.0591071 0.0519157 0.0443585 0.0368015 0.0295432 0.0228321 0.0168768 0.0118406 0.00782005 0.00482089
 0.00665001 0.0106544 0.0157964 0.022039 0.0293363 0.0375523 0.0463312 0.0550582 0.0629581 0.0692591 0.0733421 0.0748578 0.0737932 0.0704479 0.0653168 0.0589457 0.0518299 0.0443774 0.0369161 0.0297186 0.023025 0.0170503 0.0119727 0.00790521 0.00486623
 0.00666714 0.0106629 0.0157731 0.0219503 0.0291463 0.0372383 0.0458998 0.0545531 0.0624562 0.068851 0.0731028 0.0748178 0.0739268 0.0706875 0.0655882 0.0592018 0.0520624 0.0446033 0.037154 0.029971 0.0232762 0.0172765 0.0121541 0.00803362 0.00494596
 0.00677435 0.0108263 0.0159969 0.0222263 0.0294501 0.037527 0.0461145 0.0546307 0.0623512 0.0685597 0.0726735 0.0743386 0.0734931 0.0703669 0.0654012 0.0591276 0.0520625 0.0446459 0.0372234 0.0300623 0.023384 0.0173894 0.0122572 0.00811538 0.00500203
 0.00684455 0.0109357 0.0161529 0.022433 0.0297076 0.0378295 0.0464458 0.0549592 0.0626282 0.0687264 0.0726785 0.0741605 0.0731559 0.0699361 0.0649605 0.0587475 0.0517803 0.0444646 0.0371257 0.0300259 0.0233896 0.0174205 0.0122996 0.00815693 0.00503507
 0.00690579 0.0110208 0.0162548 0.0225368 0.0297966 0.0378933 0.0464861 0.0549891 0.0626643 0.068777 0.0727355 0.0741986 0.0731433 0.0698514 0.0648066 0.0585535 0.0515887 0.0443126 0.037032 0.0299897 0.0233972 0.0174544 0.0123436 0.00819923 0.00506886
 0.00702148 0.0111963 0.0164943 0.0228334 0.0301307 0.0382336 0.0467925 0.0552203 0.0627895 0.068788 0.0726487 0.0740452 0.0729524 0.0696388 0.0645752 0.058304 0.0513304 0.0440655 0.03682 0.0298297 0.0232935 0.0173993 0.0123229 0.00819824 0.00507601
 0.00709714 0.0113246 0.0166968 0.0231323 0.0305423 0.0387579 0.0474031 0.0558608 0.0633813 0.0692477 0.0729099 0.0740765 0.0727641 0.0692751 0.0640972 0.057771 0.0507899 0.0435529 0.0363622 0.0294464 0.0229954 0.0171858 0.0121832 0.00811511 0.00503133
 0.0070554 0.0112658 0.0166267 0.0230655 0.0305036 0.0387801 0.047522 0.0561042 0.0637544 0.069721 0.073418 0.0745331 0.0730884 0.0694171 0.0640495 0.0575645 0.0504772 0.0431906 0.0359988 0.0291176 0.022723 0.0169789 0.0120397 0.00802475 0.00497995
 0.00702103 0.0112027 0.0165191 0.0228965 0.0302617 0.0384702 0.0471738 0.0557735 0.0635127 0.069635 0.0735272 0.0748326 0.0735258 0.0699069 0.0644998 0.0579052 0.0506776 0.0432589 0.0359691 0.0290324 0.0226201 0.0168843 0.0119666 0.00797585 0.0049514
