SBPRF35
7.78865
Curr Bio
630168
B35
668912
F35
0.227574
FOFL
0.20631
OFL
94907.4
Bzero
2.22533e+006
#pred survey bio
 3.62474e+006 3.26959e+006 2.93627e+006 2.58454e+006 2.27448e+006 1.99805e+006 1.73257e+006 1.50072e+006 1.32787e+006 1.16581e+006 1.0316e+006 911417 802064 725254 683944 648634 623251 600585 589153 571460 564002 558955 553711 556226 558947 554309 541890 539396 532020 531849 513368 508508 485487 485463 486084 497057 507195 525735 540497 553967 558949 565513 577146 596243 597565 610008 626737 2.12091e+007 1.31035e+007 1.35688e+007 1.41745e+007 1.48213e+007 1.54171e+007 1.59198e+007 1.63211e+007 1.66299e+007 1.68619e+007 1.70336e+007 1.71597e+007 1.72521e+007 1.73198e+007 1.73695e+007 1.74062e+007 1.74334e+007 1.74537e+007 1.74689e+007 1.74803e+007 1.7489e+007 1.74956e+007 1.75006e+007 1.75045e+007 1.75074e+007 1.75097e+007 1.75114e+007 1.75127e+007 1.75138e+007 1.75146e+007 1.75152e+007 1.75156e+007 1.7516e+007 1.75163e+007 1.75165e+007 1.75167e+007 1.75168e+007 1.75169e+007 1.7517e+007 1.75171e+007 1.75171e+007 1.75171e+007 1.75172e+007 1.75172e+007 1.75172e+007 1.75172e+007 1.75172e+007 1.75172e+007 1.75172e+007 1.75172e+007 1.75172e+007 1.75173e+007 1.75173e+007 1.75173e+007 1.75173e+007 1.75173e+007 1.75173e+007 1.75173e+007 1.75173e+007 1.75173e+007 1.75173e+007 1.75173e+007 1.75173e+007 1.75173e+007 1.75173e+007 1.75173e+007 1.75173e+007 1.75173e+007 1.75173e+007 1.75173e+007 1.75173e+007 1.75173e+007 1.75173e+007 1.75173e+007 1.75173e+007 1.75173e+007 1.75173e+007 1.75173e+007 1.75173e+007 1.75173e+007 1.75173e+007 1.75173e+007 1.75173e+007 1.75173e+007 1.75173e+007 1.75173e+007 1.75173e+007 1.75173e+007 1.75173e+007 1.75173e+007 1.75173e+007 1.75173e+007 1.75173e+007 1.75173e+007 1.75173e+007 1.75173e+007 1.75173e+007 1.75173e+007 1.75173e+007 1.75173e+007 0 0 0 0 0 0 0 0 0 0 0 0 0 0 0 0 0 0 0 0 0 0 0 0 0
#obs survey bio
 2.60336e+006 2.83123e+006 3.83684e+006 2.41528e+006 1.83678e+006 1.489e+006 1.27987e+006 1.63064e+006 1.06609e+006 1.16805e+006 897915 869979 789057 539110 555850 650687 735322 409018 535182 523868 604600 509089 395986 482017 519863 416644 614479 419536 561346 393074 447853 706485 377819 511790 442925 469080 452160 747354 492176 671028 494777 605078 486279 624186 681289 566920 559764
#pred catch bio
 228332 246647 302828 300768 300904 315769 303679 263005 260536 239861 229300 219058 188060 154521 145906 133556 127991 116243 119358 108689 105374 104492 97326.6 96282.3 100742 105110 94353 95637.3 86551.8 98845.5 83941.9 98301.2 82069.4 87585.2 83695.7 87589.1 82452.8 86651.5 88118.4 95164.8 93875.3 90495.3 85977.6 102881 95920.6 96781.8 131539 94907.4 106142 108952 112791 117207 121314 124699 127293 129184 130515 131426 132036 132439 132700 132869 132977 133045 133089 133116 133133 133144 133150 133154 133157 133158 133159 133160 133160 133161 133161 133161 133161 133161 133161 133161 133161 133161 133161 133161 133161 133161 133161 133161 133161 133161 133161 133161 133161 133161 133161 133161 133161 133161 133161 133161 133161 133161 133161 133161 133161 133161 133161 133161 133161 133161 133161 133161 133161 133161 133161 133161 133161 133161 133161 133161 133161 133161 133161 133161 133161 133161 133161 133161 133161 133161 133161 133161 133161 133161 133161 133161 133161 133161 133161 133161 133161 133161 133161 133161 133161 0 0 0 0 0 0 0 0 0 0 0 0 0 0 0 0 0 0 0 0 0 0 0 0 0
#obs catch bio
 249453 246937 304157 302573 303695 320572 310122 267206 264976 242937 232087 223531 191755 157208 148162 134746 128685 117439 120643 109445 106242 105322 98238.3 97219.1 101310 105796 95107.4 96455.6 86390.9 99489.2 83834.6 98471.8 82071.3 87613.6 83834.9 87941.6 82851.2 86641.7 88055.9 94864.1 93430.9 90341.4 85480.1 102493 95441.8 96114.6 131884
#pred cpue bio
 3.55981e+006 3.20575e+006 2.87354e+006 2.52316e+006 2.21485e+006 1.94019e+006 1.67705e+006 1.44792e+006 1.27746e+006 1.11804e+006 986056 867997 761072 686488 646806 613209 589212 567556 556649 539801 532808 528115 523155 525714 528767 524747 512999 511054 504641 505126 487755 483533 460645 458785 457776 467783 477555 495703 510307 523579 528554 534856 545971 564271 565178 576545 591725 1.99815e+007 1.23512e+007 1.27752e+007 1.33273e+007 1.39537e+007 1.45447e+007 1.50465e+007 1.54477e+007 1.57564e+007 1.59884e+007 1.61601e+007 1.62863e+007 1.63786e+007 1.64463e+007 1.6496e+007 1.65327e+007 1.65599e+007 1.65802e+007 1.65954e+007 1.66069e+007 1.66156e+007 1.66222e+007 1.66272e+007 1.6631e+007 1.6634e+007 1.66362e+007 1.6638e+007 1.66393e+007 1.66403e+007 1.66411e+007 1.66417e+007 1.66422e+007 1.66425e+007 1.66428e+007 1.6643e+007 1.66432e+007 1.66433e+007 1.66434e+007 1.66435e+007 1.66436e+007 1.66436e+007 1.66437e+007 1.66437e+007 1.66437e+007 1.66437e+007 1.66438e+007 1.66438e+007 1.66438e+007 1.66438e+007 1.66438e+007 1.66438e+007 1.66438e+007 1.66438e+007 1.66438e+007 1.66438e+007 1.66438e+007 1.66438e+007 1.66438e+007 1.66438e+007 1.66438e+007 1.66438e+007 1.66438e+007 1.66438e+007 1.66438e+007 1.66438e+007 1.66438e+007 1.66438e+007 1.66438e+007 1.66438e+007 1.66438e+007 1.66438e+007 1.66438e+007 1.66438e+007 1.66438e+007 1.66438e+007 1.66438e+007 1.66438e+007 1.66438e+007 1.66438e+007 1.66438e+007 1.66438e+007 1.66438e+007 1.66438e+007 1.66438e+007 1.66438e+007 1.66438e+007 1.66438e+007 1.66438e+007 1.66438e+007 1.66438e+007 1.66438e+007 1.66438e+007 1.66438e+007 1.66438e+007 1.66438e+007 1.66438e+007 1.66438e+007 1.66438e+007 1.66438e+007 1.66438e+007 0 0 0 0 0 0 0 0 0 0 0 0 0 0 0 0 0 0 0 0 0 0 0 0 0
#obs cpue bio
 3.30814e+006 3.42388e+006 2.18092e+006 1.80197e+006 1.85192e+006 1.70714e+006 1.29171e+006 1.28576e+006 1.46142e+006 1.14455e+006 1.03339e+006 512432 566320 646409 747697 704362 572677 472366 592773 576646 406281 544873 517922 509022 725215 659806 304845 648404 800248 485970 660694 401762 483916 512641 394708 445723 407383 553904 559642 590033 692149 416968 836255 616792 494332 663793 461045
#pred surv len freq
 0.00525932 0.00844095 0.0125259 0.0174505 0.0230958 0.029228 0.0354463 0.0412461 0.0461861 0.0500253 0.05274 0.0544527 0.0553549 0.0556517 0.0555228 0.0550956 0.054441 0.0535752 0.05244 0.0508505 0.0484581 0.0448158 0.039595 0.0328659 0.0252365
 0.00568481 0.00906935 0.0133603 0.0184696 0.0242819 0.0305997 0.0370645 0.0431746 0.0484187 0.0524251 0.055037 0.0563154 0.0565008 0.0559406 0.0549878 0.0539071 0.0528275 0.0517388 0.0504999 0.0488372 0.0463586 0.0426424 0.0374332 0.0308667 0.0235582
 0.00589755 0.00945187 0.0140002 0.0194615 0.0256964 0.0324412 0.0392468 0.04554 0.0507983 0.0546956 0.0571275 0.0581569 0.0579711 0.0568612 0.0551851 0.0532949 0.0514513 0.0497535 0.048103 0.0462052 0.0436253 0.039922 0.0348535 0.0285747 0.0216854
 0.00621854 0.00994937 0.0147085 0.0204095 0.0269177 0.0339813 0.041151 0.0478187 0.0533849 0.0574287 0.0597765 0.0604838 0.0597859 0.0580372 0.0556385 0.0529658 0.0503148 0.0478509 0.0455573 0.0432054 0.0403923 0.0366816 0.0318215 0.0259399 0.0195804
 0.00652896 0.0104473 0.0154449 0.021426 0.0282389 0.0356046 0.0430398 0.0499072 0.0555946 0.0596821 0.0619919 0.0625552 0.0615715 0.0593733 0.0563705 0.0529772 0.0495409 0.0462869 0.0432687 0.0403367 0.0371615 0.0333552 0.0286745 0.0232076 0.017414
 0.00677719 0.0108543 0.0160646 0.0223133 0.0294415 0.0371482 0.0449101 0.052038 0.0578721 0.0619652 0.0641394 0.0644479 0.0631177 0.0604975 0.0569968 0.0530223 0.0489254 0.0449606 0.0412408 0.0376995 0.0340995 0.0301291 0.0255763 0.0204983 0.0152644
 0.00700369 0.0112283 0.0166394 0.0231452 0.0305829 0.0386334 0.0467374 0.0541564 0.060179 0.0643166 0.0663694 0.0663929 0.0646419 0.0615089 0.0574466 0.0528871 0.0481889 0.0436088 0.0392804 0.0351914 0.0311873 0.0270405 0.0225882 0.017871 0.0131746
 0.00728615 0.0116704 0.0172746 0.0239979 0.03167 0.0399654 0.0483125 0.0559501 0.0621348 0.0663418 0.0683399 0.0681665 0.0660783 0.0624914 0.0578963 0.0527656 0.0474885 0.042341 0.037475 0.0329124 0.0285572 0.024252 0.0198821 0.0154821 0.0112681
 0.0075086 0.0120239 0.0177916 0.0247033 0.0325775 0.041072 0.0495935 0.0573586 0.0636103 0.0678213 0.0697632 0.0694724 0.0671969 0.0633423 0.058396 0.052841 0.0470891 0.0414459 0.0360969 0.0311054 0.0264282 0.0219649 0.0176411 0.0134886 0.00966728
 0.00782495 0.0125189 0.0185008 0.0256474 0.0337602 0.0424757 0.0511724 0.059034 0.065276 0.0693608 0.0710715 0.0704739 0.0678524 0.0636423 0.0583459 0.0524453 0.0463445 0.0403466 0.0346493 0.0293459 0.0244394 0.0198801 0.0156284 0.011714 0.00824961
 0.00811625 0.0129816 0.0191767 0.0265677 0.0349389 0.0439009 0.0527949 0.060764 0.0669919 0.0709302 0.0723731 0.0714151 0.0683791 0.0637425 0.0580431 0.0517842 0.0453732 0.0391049 0.0331698 0.0276681 0.0226283 0.018037 0.0138823 0.0101926 0.00704335
 0.00825569 0.013232 0.0195973 0.0272283 0.0359037 0.0452024 0.0544085 0.0625974 0.0688976 0.0727338 0.0739063 0.0725421 0.0690148 0.0638595 0.0576682 0.0509833 0.0442316 0.037708 0.031593 0.0259787 0.0208968 0.0163474 0.0123311 0.00887096 0.00601162
 0.00841961 0.0134924 0.0199803 0.0277603 0.0366138 0.0461218 0.0555613 0.0639822 0.0704668 0.0743811 0.0754745 0.0738531 0.069912 0.0642443 0.0575157 0.0503366 0.0431795 0.0363599 0.0300582 0.0243567 0.019277 0.0148143 0.0109637 0.00773407 0.00514093
 0.00853207 0.0136653 0.0202224 0.0280744 0.0369997 0.0465791 0.0560929 0.0645952 0.0711703 0.0751787 0.0763504 0.0747573 0.0707553 0.0649118 0.0578969 0.0503573 0.0428221 0.0356627 0.0290997 0.0232351 0.0180938 0.0136643 0.00992802 0.00687224 0.00448291
 0.00849866 0.0136123 0.0201454 0.0279711 0.0368713 0.0464334 0.0559472 0.0644791 0.071125 0.0752526 0.0765884 0.0751857 0.0713649 0.0656465 0.0586569 0.0510205 0.0432764 0.035837 0.0289801 0.0228615 0.0175439 0.0130314 0.00930115 0.0063211 0.00404838
 0.00855293 0.0136848 0.0202255 0.0280389 0.0369031 0.0464104 0.0558633 0.0643443 0.0709637 0.0750998 0.0764852 0.0751739 0.0714781 0.0658983 0.0590289 0.0514579 0.0436966 0.0361518 0.0291229 0.0228077 0.0173155 0.0126861 0.00891155 0.00595296 0.00374592
 0.00870697 0.0139038 0.0204959 0.0283265 0.0371595 0.0465866 0.0559223 0.064269 0.0707613 0.0748013 0.0761418 0.0748476 0.0712289 0.0657713 0.0590439 0.0516033 0.0439298 0.0364075 0.02933 0.0229116 0.0172944 0.012555 0.00871248 0.00573638 0.003553
 0.00876082 0.0140034 0.0206661 0.0285925 0.0375346 0.0470552 0.0564294 0.064727 0.0710757 0.074905 0.0760187 0.074535 0.0708016 0.0653173 0.0586413 0.051304 0.043751 0.0363316 0.0293146 0.0229054 0.0172569 0.0124692 0.0085867 0.00559487 0.00342207
 0.00871759 0.0139348 0.0205677 0.0284658 0.0373914 0.0469215 0.0563433 0.0647266 0.0711795 0.0750954 0.0762431 0.0747273 0.0709123 0.0653344 0.0585907 0.0512323 0.0437019 0.0363286 0.0293545 0.0229648 0.0173058 0.0124858 0.00856554 0.00554608 0.00336311
 0.00881051 0.0140688 0.0207376 0.0286552 0.0375767 0.0470796 0.0564591 0.0647974 0.0712156 0.075115 0.0762621 0.074748 0.0709189 0.0653008 0.0584974 0.0510806 0.0435161 0.0361434 0.0291987 0.0228497 0.0172251 0.0124247 0.0085112 0.00549349 0.00331434
 0.00880963 0.0140696 0.0207424 0.0286657 0.0375919 0.0470927 0.0564572 0.0647661 0.0711469 0.0750159 0.0761562 0.0746674 0.0708902 0.0653313 0.0585724 0.0511718 0.0435964 0.0361993 0.0292312 0.0228675 0.0172354 0.0124295 0.00850926 0.00548425 0.00330001
 0.00886159 0.0141389 0.0208188 0.0287312 0.0376264 0.0470826 0.0564016 0.0646758 0.0710379 0.0749017 0.0760455 0.0745677 0.0708118 0.0652872 0.0585718 0.0512136 0.0436678 0.0362811 0.0293065 0.022927 0.0172773 0.012456 0.00852332 0.00548874 0.00329804
 0.00884724 0.0141278 0.0208237 0.0287686 0.037709 0.0472091 0.0565504 0.06481 0.07112 0.0749099 0.0759816 0.0744528 0.0706745 0.0651536 0.0584611 0.0511369 0.0436281 0.0362734 0.0293199 0.0229494 0.0172992 0.0124721 0.00853248 0.00549194 0.00329723
 0.00865481 0.0138426 0.0204469 0.028322 0.0372321 0.0467518 0.0561646 0.0645403 0.0709935 0.0749284 0.0761217 0.0746762 0.0709436 0.0654418 0.058754 0.0514276 0.043911 0.0365415 0.0295644 0.0231612 0.0174716 0.0126027 0.00862383 0.00555042 0.00333115
 0.00859912 0.0137343 0.0202523 0.028003 0.0367602 0.0461284 0.0554369 0.0637999 0.070353 0.0744871 0.0759371 0.0747526 0.0712396 0.0658901 0.0592831 0.0519776 0.0444402 0.0370248 0.0299878 0.0235171 0.0177569 0.012819 0.00877709 0.00565109 0.00339188
 0.00857325 0.0137017 0.020219 0.0279748 0.0367347 0.0460861 0.05534 0.0636055 0.0700389 0.0740744 0.0754933 0.0743697 0.0709982 0.0658302 0.0593969 0.0522219 0.0447586 0.0373657 0.0303136 0.0238048 0.017995 0.0130039 0.00891121 0.00574121 0.0034475
 0.0084514 0.0135345 0.0200249 0.0277914 0.0366089 0.0460575 0.0554239 0.0637834 0.0702598 0.0742686 0.0755954 0.0743451 0.070859 0.0656308 0.0592082 0.0521011 0.0447302 0.0374212 0.0304251 0.0239403 0.0181283 0.0131188 0.00900035 0.00580405 0.00348776
 0.00827463 0.0132508 0.019607 0.0272231 0.0358962 0.0452415 0.0545883 0.0630446 0.0697355 0.0740371 0.0756681 0.0746673 0.0713379 0.0661731 0.0597497 0.0526149 0.0452154 0.0378832 0.0308614 0.0243382 0.0184713 0.0133944 0.00920549 0.00594474 0.00357629
 0.00828491 0.0132465 0.0195612 0.0270959 0.0356432 0.0448288 0.0540103 0.0623361 0.0689738 0.0733306 0.0751313 0.0743879 0.0713485 0.0664432 0.0602022 0.0531595 0.0457775 0.0384173 0.0313462 0.024764 0.0188318 0.0136845 0.009424 0.00609702 0.00367362
 0.00808841 0.012962 0.0191963 0.0266757 0.0351974 0.0443744 0.0535411 0.0618308 0.0684184 0.0727426 0.0745715 0.073949 0.071126 0.0665001 0.0605454 0.0537374 0.0465007 0.0391885 0.0320852 0.0254188 0.0193763 0.0141114 0.00973856 0.00631315 0.0038108
 0.0081651 0.013061 0.0192991 0.0267531 0.0352219 0.0443359 0.053455 0.0617273 0.0683183 0.0726373 0.0744245 0.0737237 0.0708191 0.0661566 0.0602432 0.0535521 0.0464727 0.0393111 0.0323154 0.0256999 0.0196574 0.0143582 0.00993403 0.0064543 0.00390383
 0.00885101 0.0140196 0.0204512 0.0279245 0.0361889 0.0449025 0.0535189 0.061304 0.067521 0.0716312 0.0733772 0.0727641 0.0700168 0.0655277 0.059776 0.0532334 0.0462977 0.0392754 0.0324014 0.0258723 0.019871 0.0145704 0.0101155 0.00659159 0.00399688
 0.00974316 0.0154126 0.022431 0.0305062 0.0392846 0.0482895 0.0568298 0.0640758 0.0693145 0.0721759 0.0726585 0.0710058 0.0675777 0.0627797 0.0570201 0.050672 0.0440472 0.037392 0.0309005 0.0247382 0.0190623 0.0140285 0.00977514 0.00639179 0.00388765
 0.00971072 0.0154515 0.0226599 0.0310937 0.0404076 0.0500615 0.0592287 0.0669051 0.0722206 0.0747187 0.0744191 0.0717005 0.0671385 0.0613632 0.0549396 0.0482884 0.0416731 0.0352426 0.0290916 0.0233082 0.0179974 0.0132828 0.00928609 0.0060928 0.00371806
 0.00949249 0.0151344 0.022259 0.0306653 0.0400569 0.0499415 0.0595211 0.0677738 0.0737389 0.0767985 0.0767875 0.0739531 0.0688575 0.0622487 0.0548963 0.047432 0.0402647 0.0335893 0.0274601 0.021878 0.0168555 0.0124423 0.00871347 0.00573173 0.00350796
 0.00930587 0.0148335 0.0218129 0.030053 0.0392803 0.0490435 0.0586036 0.0670009 0.0733131 0.0769084 0.0775387 0.0753087 0.0706174 0.0640906 0.056471 0.0484764 0.0406778 0.0334399 0.0269301 0.0211801 0.0161651 0.0118658 0.00828964 0.0054523 0.00334136
 0.0091207 0.0145566 0.0214399 0.0295927 0.0387482 0.0484541 0.0579705 0.0663479 0.0726927 0.0764138 0.0772963 0.0754433 0.0711985 0.0650835 0.0577224 0.0497521 0.041741 0.0341323 0.0272162 0.0211353 0.0159233 0.0115594 0.00801057 0.00524289 0.00320577
 0.00899952 0.0143485 0.0211078 0.0290994 0.0380696 0.0475975 0.0569876 0.0653319 0.0717563 0.0756617 0.0768096 0.0752802 0.0713992 0.0656623 0.0586457 0.050919 0.0429895 0.0352799 0.0281177 0.0217264 0.0162268 0.0116555 0.00799287 0.00518526 0.00315012
 0.00889989 0.0141993 0.0209052 0.0288435 0.0377582 0.04722 0.0565256 0.0647718 0.071108 0.0749732 0.0761646 0.0747785 0.07113 0.0656837 0.0589745 0.0515259 0.0437981 0.0361746 0.0289687 0.0224257 0.0167191 0.0119457 0.00812876 0.0052277 0.00314974
 0.00884609 0.0141084 0.0207626 0.0286355 0.0374761 0.0468665 0.0561176 0.0643361 0.0706714 0.074554 0.0757749 0.0744355 0.0708671 0.0655499 0.0590195 0.0517787 0.0442503 0.036775 0.0296328 0.0230586 0.0172437 0.0123233 0.00836286 0.00535066 0.00320267
 0.00892276 0.0142189 0.0209021 0.0287883 0.037618 0.0469688 0.0561531 0.0642842 0.0705231 0.0743146 0.0754625 0.0740766 0.0704928 0.065196 0.0587277 0.0515933 0.0442058 0.0368814 0.0298658 0.0233648 0.0175581 0.0125916 0.00855668 0.00546945 0.00326376
 0.00895239 0.0142683 0.0209782 0.0288964 0.0377583 0.0471319 0.0563169 0.0644163 0.0705887 0.0742875 0.0753342 0.0738581 0.0702107 0.0648856 0.0584271 0.0513396 0.0440319 0.0368097 0.0299006 0.0234874 0.0177311 0.0127717 0.00870942 0.00557829 0.00332955
 0.00901577 0.0143531 0.0210724 0.028979 0.0378064 0.0471317 0.0562711 0.0643419 0.0705068 0.0742114 0.0752635 0.0737825 0.0701191 0.0647744 0.0583038 0.0512212 0.0439402 0.0367651 0.0299156 0.0235612 0.017848 0.0129062 0.00883528 0.00567764 0.00339664
 0.00898882 0.0143156 0.0210268 0.0289289 0.037753 0.047069 0.0561855 0.0642191 0.0703427 0.0740214 0.07508 0.0736421 0.0700462 0.0647719 0.058357 0.051309 0.0440463 0.0368826 0.0300447 0.0237027 0.0179976 0.0130531 0.00896586 0.00578111 0.00346907
 0.0092451 0.0146935 0.0215238 0.0295178 0.0383895 0.0477045 0.0567746 0.0647189 0.0707095 0.0742116 0.0750611 0.0734068 0.0696212 0.0642138 0.0577357 0.0506896 0.0434771 0.0363934 0.0296505 0.0234075 0.0177963 0.0129317 0.00890422 0.00575746 0.00346491
 0.00946568 0.015028 0.0219809 0.0300863 0.0390381 0.0483838 0.0574215 0.0652652 0.0710957 0.0744018 0.075049 0.0732103 0.0692707 0.0637449 0.0571879 0.0501067 0.042904 0.0358697 0.0292044 0.0230538 0.0175365 0.012757 0.00879833 0.0057008 0.00343894
 0.00914616 0.014606 0.0215253 0.0297192 0.0388984 0.0485701 0.0579458 0.0660445 0.0719847 0.075245 0.075724 0.0736487 0.0694578 0.0637064 0.0569724 0.0497707 0.0425032 0.035454 0.0288148 0.0227196 0.0172734 0.0125674 0.0086742 0.00562758 0.00340049
#obs surv len freq
 0.00497345 0.00814538 0.0123876 0.017713 0.0239948 0.0308677 0.0377063 0.0437881 0.0485629 0.0518301 0.0537081 0.0544826 0.0544734 0.0539776 0.0532553 0.0525194 0.0519142 0.0514739 0.0510599 0.050303 0.0486211 0.0453836 0.0402136 0.0332801 0.025365
 0.00518401 0.00849144 0.0129154 0.018468 0.025013 0.0321614 0.0392505 0.0455148 0.0503712 0.0536045 0.0553365 0.0558648 0.0555238 0.0546247 0.0534426 0.0522097 0.0510958 0.0501683 0.0493278 0.0482477 0.0463858 0.0431399 0.0381375 0.0315181 0.0240027
 0.0054032 0.00885138 0.013464 0.0192529 0.0260728 0.0335122 0.0408708 0.0473396 0.0522996 0.0555178 0.0571161 0.0574037 0.0567306 0.0554241 0.0537739 0.0520259 0.0503672 0.0488916 0.0475401 0.0460401 0.0439093 0.0405946 0.0357411 0.0294596 0.022398
 0.00565184 0.00925622 0.0140746 0.020116 0.0272243 0.0349634 0.0425946 0.0492646 0.0543199 0.0575122 0.0589663 0.0590046 0.0579938 0.0562765 0.0541558 0.0518886 0.0496742 0.0476258 0.0457198 0.0437395 0.0412738 0.0378359 0.0331043 0.0271677 0.0205957
 0.00589082 0.00965064 0.0146791 0.0209848 0.0284004 0.0364613 0.044383 0.0512619 0.0564069 0.0595568 0.0608454 0.0606157 0.0592557 0.0571255 0.0545405 0.0517659 0.0490074 0.0463915 0.0439234 0.0414395 0.0386026 0.0350023 0.0303629 0.02476 0.0186861
 0.00612719 0.010037 0.0152648 0.021818 0.02952 0.0378834 0.0460859 0.0531788 0.0584327 0.0615662 0.0627125 0.0622284 0.0605234 0.0579807 0.0549352 0.0516642 0.0483804 0.0452187 0.0422064 0.0392253 0.0360091 0.0322254 0.0276515 0.0223581 0.0167668
 0.00638122 0.010451 0.0158895 0.0227011 0.0306962 0.0393602 0.0478289 0.0551075 0.060433 0.0635126 0.0644884 0.0637358 0.0616847 0.0587372 0.0552439 0.0514946 0.0477104 0.044035 0.0405135 0.0370669 0.0334918 0.0295299 0.0250125 0.0200111 0.014883
 0.00661507 0.0108369 0.0164809 0.0235505 0.0318445 0.0408189 0.049563 0.0570304 0.0624202 0.0654274 0.0662063 0.0651582 0.0627415 0.059383 0.0554516 0.0512474 0.0469975 0.0428508 0.0388675 0.0350013 0.0311041 0.0269842 0.0225231 0.0177951 0.0131006
 0.00683699 0.011202 0.0170384 0.0243492 0.0329232 0.0421913 0.0512016 0.0588599 0.0643265 0.0672782 0.0678731 0.0665325 0.0637435 0.0599638 0.0555887 0.0509371 0.0462451 0.0416669 0.0372722 0.0330404 0.0288688 0.0246219 0.0202246 0.0157541 0.01146
 0.00708445 0.0116038 0.0176421 0.0251979 0.0340471 0.0435938 0.0528454 0.0606622 0.0661708 0.0690359 0.0694245 0.0677797 0.0646153 0.0604161 0.055603 0.0505155 0.0454035 0.04043 0.0356745 0.0311361 0.0267472 0.0224168 0.0181039 0.0138853 0.00996505
 0.00724075 0.0118707 0.0180671 0.0258329 0.0349362 0.0447552 0.0542542 0.0622454 0.0678195 0.0706291 0.07085 0.0689458 0.0654544 0.0608839 0.0556766 0.05019 0.0446895 0.0393507 0.034267 0.0294576 0.0248846 0.0204915 0.0162621 0.0122692 0.00867623
 0.00746053 0.0122191 0.0185753 0.0265255 0.0358286 0.0458484 0.0555272 0.0636484 0.0692751 0.0720403 0.0721146 0.069971 0.0661685 0.061243 0.0556634 0.0498087 0.0439586 0.0382991 0.032935 0.0279027 0.0231887 0.0187641 0.0146296 0.0108508 0.00755367
 0.00754111 0.0123617 0.0188112 0.0268901 0.0363529 0.0465464 0.0563845 0.0646222 0.070305 0.0730637 0.0730756 0.0708193 0.0668551 0.0617184 0.055883 0.0497408 0.0435897 0.0376356 0.0320037 0.0267523 0.0218926 0.0174188 0.0133448 0.0097284 0.00666291
 0.00762974 0.0124942 0.0189904 0.0271142 0.036621 0.0468641 0.0567659 0.0650839 0.0708546 0.0736897 0.0737452 0.0714843 0.0674622 0.0622166 0.0562268 0.0498901 0.0435133 0.0373163 0.0314448 0.025983 0.0209699 0.0164244 0.0123733 0.00886785 0.00597439
 0.00769178 0.0125937 0.0191367 0.0273136 0.0368731 0.0471593 0.0570851 0.065404 0.0711587 0.0739765 0.0740278 0.0717794 0.0677743 0.0625295 0.0565045 0.0500861 0.0435806 0.0372175 0.03116 0.0255172 0.0203573 0.015726 0.0116661 0.00822707 0.00545417
 0.00774662 0.0126767 0.0192505 0.027457 0.0370424 0.0473496 0.0572905 0.0656167 0.0713684 0.0741721 0.0742021 0.0719331 0.0679161 0.0626697 0.0566451 0.0502128 0.0436629 0.0372169 0.0310425 0.0252661 0.0199825 0.0152648 0.0111753 0.00776729 0.00507242
 0.00777481 0.0127187 0.0193066 0.0275247 0.0371172 0.0474262 0.0573644 0.0656853 0.0714323 0.0742352 0.0742703 0.0720118 0.0680087 0.0627768 0.0567641 0.050336 0.0437742 0.037291 0.0310499 0.025183 0.019802 0.0150034 0.0108699 0.00746349 0.00480982
 0.00783812 0.0128116 0.0194277 0.0276658 0.0372653 0.0475668 0.0574844 0.0657751 0.0714867 0.0742545 0.0742607 0.0719846 0.0679773 0.0627532 0.0567559 0.0503444 0.0437929 0.0373058 0.0310406 0.0251292 0.0196909 0.0148376 0.0106686 0.00725636 0.00462569
 0.00786081 0.0128475 0.0194795 0.0277343 0.0373481 0.0476571 0.0575708 0.0658434 0.0715249 0.0742579 0.0742338 0.0719399 0.06793 0.0627169 0.0567392 0.0503499 0.0438167 0.0373377 0.0310654 0.0251299 0.0196544 0.0147602 0.0105591 0.00713315 0.00450949
 0.00787128 0.0128607 0.0194923 0.0277421 0.0373463 0.0476439 0.0575485 0.0658178 0.0715022 0.0742413 0.0742236 0.0719344 0.0679289 0.0627228 0.0567563 0.0503815 0.0438628 0.037393 0.0311199 0.0251705 0.0196693 0.0147435 0.0105138 0.00707008 0.00444316
 0.00788516 0.012882 0.0195218 0.0277789 0.0373876 0.0476843 0.0575807 0.0658345 0.0714987 0.0742183 0.0741867 0.0718922 0.0678893 0.062691 0.0567353 0.050373 0.0438674 0.0374093 0.0311429 0.0251924 0.019681 0.0147386 0.0104911 0.00703457 0.00440328
 0.00789605 0.0128953 0.0195339 0.027784 0.0373796 0.0476597 0.0575408 0.0657846 0.0714464 0.0741702 0.0741473 0.0718639 0.067874 0.0626899 0.0567488 0.0504003 0.0439061 0.0374559 0.0311926 0.0252392 0.0197183 0.0147612 0.0104974 0.00702702 0.00438759
 0.00789938 0.0128973 0.0195305 0.0277691 0.0373464 0.0476029 0.057459 0.0656823 0.0713338 0.0740612 0.074057 0.0718045 0.067852 0.0627055 0.0567967 0.0504724 0.0439937 0.0375505 0.0312866 0.0253254 0.0197907 0.0148154 0.0105319 0.00704401 0.00439182
 0.00789971 0.0128953 0.0195224 0.0277498 0.03731 0.0475447 0.0573773 0.0655795 0.0712166 0.0739403 0.0739454 0.0717161 0.0677986 0.0626943 0.0568285 0.0505418 0.0440905 0.0376629 0.0314028 0.025435 0.0198856 0.0148905 0.0105854 0.0070774 0.00440937
 0.00787213 0.0128514 0.0194584 0.0276627 0.0371986 0.0474105 0.0572255 0.0654194 0.0710604 0.0738016 0.0738363 0.0716465 0.0677749 0.0627192 0.0569008 0.0506556 0.044236 0.0378271 0.0315715 0.0255948 0.0200257 0.0150038 0.0106695 0.0071341 0.00444364
 0.00787278 0.0128497 0.0194505 0.0276435 0.0371624 0.0473535 0.057147 0.065323 0.0709526 0.0736906 0.073731 0.0715555 0.0677066 0.062681 0.056898 0.0506902 0.0443059 0.0379255 0.0316878 0.0257165 0.0201407 0.0151025 0.0107465 0.00718843 0.00447815
 0.00786344 0.0128331 0.019423 0.0276005 0.0370999 0.0472689 0.0570416 0.0652019 0.070825 0.0735675 0.0736239 0.071474 0.0676573 0.0626672 0.0569202 0.0507468 0.0443931 0.0380373 0.0318157 0.0258498 0.0202678 0.0152137 0.0108352 0.00725282 0.00452042
 0.00782892 0.0127779 0.0193419 0.0274896 0.0369576 0.0470979 0.05685 0.0650035 0.0706373 0.0734083 0.0735074 0.0714092 0.0676478 0.062711 0.0570113 0.0508765 0.0445514 0.0382138 0.0319996 0.02603 0.0204338 0.0153561 0.0109483 0.00733533 0.00457524
 0.0077901 0.0127138 0.0192437 0.0273492 0.03677 0.0468647 0.0565828 0.0647239 0.0703729 0.0731865 0.0733497 0.0713281 0.0676464 0.0627849 0.0571498 0.0510653 0.0447745 0.0384549 0.0322434 0.0262625 0.020643 0.0155329 0.0110876 0.00743667 0.0046428
 0.00777988 0.0126929 0.0192043 0.0272812 0.0366632 0.0467124 0.0563856 0.0644916 0.0701239 0.0729444 0.0731395 0.0711724 0.0675611 0.0627773 0.0572182 0.0511999 0.0449601 0.0386733 0.0324758 0.0264913 0.020853 0.0157128 0.0112307 0.00754171 0.00471346
 0.0077295 0.0126123 0.0190854 0.0271175 0.0364512 0.0464536 0.0560888 0.0641743 0.0698102 0.0726615 0.0729133 0.0710237 0.0675038 0.0628163 0.0573493 0.0514105 0.0452311 0.0389816 0.0327971 0.0268027 0.0211348 0.0159511 0.0114181 0.00767805 0.00480456
 0.00932519 0.0148452 0.0217786 0.0298833 0.038804 0.0479892 0.0566267 0.0637842 0.0687297 0.0711748 0.0712631 0.0693794 0.0659692 0.0614494 0.0561791 0.0504464 0.0444678 0.0384031 0.0323795 0.0265176 0.0209528 0.0158438 0.0113612 0.0076518 0.00479486
 0.0093114 0.0151166 0.0227047 0.0319218 0.0423008 0.0529094 0.0623831 0.0693336 0.072943 0.0732825 0.071109 0.0673618 0.0627669 0.0577323 0.0524427 0.0469849 0.0414223 0.0358223 0.0302628 0.0248388 0.0196703 0.0149063 0.0107104 0.00722667 0.0045358
 0.00897809 0.0145932 0.0219731 0.0310343 0.0414325 0.0523933 0.0626693 0.0708274 0.0757593 0.0770649 0.0750749 0.0705988 0.0646123 0.0580032 0.051404 0.0451343 0.0392577 0.0337069 0.028401 0.0233129 0.0184889 0.0140391 0.0101086 0.00683437 0.00429746
 0.00878919 0.0142804 0.0214926 0.0303451 0.0405133 0.0512727 0.0614655 0.0697749 0.0751901 0.0773163 0.0763364 0.0727685 0.0672657 0.0605302 0.0532556 0.0460318 0.0392477 0.0330605 0.027451 0.0223295 0.0176333 0.0133753 0.0096377 0.00652598 0.00411079
 0.00872209 0.0141613 0.0212942 0.0300341 0.0400563 0.0506467 0.0606733 0.0688605 0.0742528 0.0765177 0.0758866 0.0728727 0.0680351 0.0618949 0.0549452 0.0476619 0.0404748 0.0337129 0.0275616 0.0220696 0.0172074 0.0129426 0.00928441 0.0062768 0.00395438
 0.00869498 0.0141153 0.0212206 0.0299215 0.0398898 0.0504092 0.0603475 0.0684349 0.0737305 0.0759286 0.0752991 0.0723987 0.0678126 0.0620437 0.0555055 0.0485495 0.0414925 0.0346247 0.028191 0.022361 0.0172201 0.0127936 0.00908598 0.00610064 0.00382841
 0.00870247 0.0141244 0.0212283 0.0299223 0.0398761 0.0503715 0.0602751 0.0683158 0.0735521 0.0756814 0.0749844 0.0720392 0.0674613 0.0617823 0.0554231 0.0487038 0.0418727 0.0351415 0.0287092 0.0227592 0.0174392 0.0128477 0.00903463 0.00600951 0.00374272
 0.0086822 0.0140952 0.0211914 0.0298807 0.0398334 0.0503297 0.0602331 0.0682687 0.0734924 0.0756002 0.0748735 0.0718942 0.067288 0.0616027 0.0552782 0.0486451 0.0419403 0.0353396 0.0289956 0.0230597 0.0176822 0.0129945 0.00908862 0.00600169 0.00370898
 0.0086652 0.0140695 0.0211564 0.0298377 0.0397853 0.0502811 0.0601895 0.0682349 0.0734703 0.0755867 0.0748602 0.0718696 0.067242 0.0615326 0.0551935 0.0485692 0.0419044 0.0353697 0.0290966 0.0232099 0.0178413 0.0131238 0.00916783 0.00603325 0.00370941
 0.0086546 0.0140497 0.021122 0.0297826 0.0397053 0.0501767 0.0600684 0.0681119 0.0733633 0.0755109 0.0748232 0.0718693 0.0672679 0.0615701 0.0552304 0.0486011 0.0419373 0.0354169 0.0291701 0.0233107 0.0179566 0.0132324 0.00925142 0.00608457 0.0037328
 0.00867047 0.0140729 0.0211519 0.0298162 0.0397371 0.0501992 0.0600733 0.0680921 0.0733163 0.0754409 0.0747409 0.0717888 0.0672013 0.0615235 0.0552028 0.0485876 0.041934 0.035424 0.0291915 0.0233494 0.01801 0.0132916 0.00930482 0.00612379 0.00375582
 0.00863053 0.0140181 0.0210881 0.0297548 0.0396913 0.0501785 0.0600789 0.0681164 0.0733462 0.0754632 0.0747475 0.0717786 0.0671798 0.0614997 0.0551854 0.0485816 0.0419405 0.0354417 0.029219 0.0233856 0.0180531 0.0133374 0.0093474 0.00615779 0.00377877
 0.00863922 0.0140251 0.021086 0.0297339 0.0396444 0.0501065 0.0599942 0.0680402 0.0732991 0.0754555 0.0747741 0.0718235 0.0672246 0.0615322 0.0552026 0.0485881 0.0419437 0.0354478 0.0292316 0.0234057 0.0180794 0.013367 0.00937637 0.00618244 0.00379684
 0.00862913 0.0140119 0.0210717 0.0297211 0.0396341 0.050096 0.0599766 0.0680076 0.0732488 0.0753944 0.0747172 0.0717868 0.0672167 0.0615507 0.0552371 0.048627 0.0419795 0.0354789 0.0292596 0.0234331 0.0181074 0.0133949 0.0094023 0.0062042 0.00381308
 0.00863413 0.0140173 0.0210748 0.0297184 0.0396227 0.0500754 0.0599498 0.0679793 0.0732227 0.0753708 0.074694 0.0717629 0.0671949 0.0615368 0.055236 0.0486394 0.0420019 0.0355057 0.0292867 0.0234587 0.0181313 0.0134171 0.0094223 0.00622096 0.00382581
 0.00863413 0.0140173 0.0210748 0.0297184 0.0396227 0.0500754 0.0599498 0.0679793 0.0732227 0.0753708 0.074694 0.0717629 0.0671949 0.0615368 0.055236 0.0486394 0.0420019 0.0355057 0.0292867 0.0234587 0.0181313 0.0134171 0.0094223 0.00622096 0.00382581
#pred catch len freq
 0.00389518 0.00621832 0.00918167 0.0127642 0.0169666 0.0217801 0.0271156 0.0327693 0.0384541 0.0438599 0.0487038 0.0527692 0.0559368 0.058192 0.0596003 0.0602692 0.0603157 0.0598349 0.0588457 0.0572126 0.0545958 0.0505264 0.0446545 0.0370709 0.0284673
 0.00426184 0.00676389 0.00991495 0.0136768 0.0180568 0.0230794 0.0286912 0.0346846 0.040701 0.0463011 0.0510703 0.054727 0.0571947 0.0585956 0.059169 0.0591659 0.0587696 0.0580524 0.0569474 0.0552243 0.0524958 0.0483211 0.0424319 0.0349937 0.0267098
 0.00450075 0.00717032 0.0105578 0.0146259 0.019363 0.0247487 0.03067 0.0368741 0.0429963 0.0486217 0.0533489 0.05686 0.0590013 0.0598347 0.059618 0.0587132 0.0574591 0.0560543 0.0544808 0.0524842 0.0496283 0.0454487 0.039692 0.0325465 0.0247013
 0.00480636 0.00764359 0.0112314 0.0155282 0.0205297 0.0262308 0.0325229 0.0391231 0.0455925 0.0514204 0.0561309 0.059388 0.0610715 0.0612914 0.060337 0.0585925 0.0564424 0.0541701 0.0518593 0.0493347 0.0461972 0.0419864 0.0364369 0.0297072 0.0224258
 0.0051127 0.00812907 0.0119391 0.0164915 0.0217695 0.0277528 0.0343149 0.0411564 0.0478273 0.0538045 0.0585839 0.0617801 0.0632197 0.0629847 0.061378 0.0588309 0.055791 0.0526138 0.0494663 0.0462659 0.0426981 0.0383579 0.0329885 0.026704 0.0200392
 0.00539805 0.0085862 0.0126161 0.0174331 0.0230141 0.0293246 0.0362106 0.0433313 0.050192 0.0562349 0.0609421 0.0639352 0.0650559 0.0643948 0.0622513 0.0590513 0.0552528 0.0512511 0.0472858 0.0433723 0.0393027 0.0347585 0.0295192 0.0236632 0.0176228
 0.00565363 0.00899848 0.0132325 0.0183008 0.0241777 0.0308191 0.0380473 0.0454831 0.052582 0.0587362 0.0633892 0.0661478 0.0668698 0.0656852 0.0629383 0.0590855 0.0545973 0.049878 0.0451967 0.0406347 0.0360809 0.0313147 0.0261712 0.0207104 0.0152693
 0.00591536 0.00940676 0.0138172 0.0190847 0.0251808 0.0320623 0.0395488 0.0472456 0.0545763 0.0608878 0.0655758 0.0682106 0.0686369 0.067001 0.0636858 0.0591947 0.0540386 0.0486505 0.0433267 0.0381927 0.0332073 0.0282315 0.0231569 0.0180367 0.0131289
 0.00617719 0.0098169 0.0144061 0.0198719 0.0261745 0.0332583 0.0409278 0.0487717 0.0562 0.0625515 0.067215 0.0697495 0.0699844 0.0680524 0.0643348 0.0593501 0.0536376 0.0476665 0.0417735 0.0361329 0.0307654 0.0255989 0.0205716 0.0157336 0.0112777
 0.00649871 0.0103166 0.0151162 0.0208094 0.0273421 0.0346443 0.0425009 0.0504735 0.0579434 0.0642292 0.068717 0.0709822 0.070883 0.068581 0.0644752 0.0590877 0.0529558 0.0465515 0.0402301 0.0342038 0.0285482 0.0232503 0.0182892 0.0137124 0.00965844
 0.00682482 0.0108279 0.015851 0.0217921 0.028581 0.0361278 0.0441892 0.0522924 0.059786 0.0659674 0.0702196 0.0721346 0.0716042 0.0688351 0.0642696 0.0584598 0.0519525 0.0452149 0.0385972 0.0323216 0.0264944 0.0211451 0.016285 0.0119606 0.00826643
 0.00703046 0.0111718 0.0163869 0.0225775 0.0296666 0.0375393 0.0459069 0.0542386 0.0618282 0.0679375 0.0719404 0.0734487 0.0723996 0.0690604 0.0639365 0.0576297 0.0507149 0.0436648 0.0368215 0.0303996 0.0245103 0.0191993 0.0144923 0.0104294 0.00706893
 0.00718195 0.0114121 0.0167404 0.0230703 0.0303312 0.0384156 0.0470342 0.0556348 0.0634636 0.0697152 0.0736986 0.0749899 0.0735368 0.0696616 0.0639482 0.057077 0.0496812 0.0422646 0.0351764 0.0286244 0.0227111 0.0174778 0.0129446 0.00913493 0.00607327
 0.0072283 0.0114846 0.0168449 0.0232135 0.0305229 0.0386733 0.0473855 0.0561165 0.0641144 0.0705599 0.0747269 0.0761378 0.0746839 0.070651 0.0646268 0.0573364 0.0494837 0.0416438 0.0342186 0.0274433 0.0214276 0.0162063 0.0117846 0.00816083 0.00532463
 0.00719861 0.0114378 0.0167775 0.0231237 0.0304123 0.0385488 0.0472628 0.0560238 0.0640932 0.0706621 0.075004 0.0766232 0.0753715 0.0714805 0.0654859 0.0580844 0.0499899 0.0418245 0.0340565 0.0269849 0.0207637 0.0154469 0.0110347 0.00750264 0.00480623
 0.00722217 0.0114654 0.0167992 0.0231234 0.0303724 0.0384568 0.0471179 0.0558401 0.0638987 0.0704954 0.0749104 0.0766484 0.0755518 0.0718286 0.0659768 0.0586505 0.0505315 0.0422356 0.0342574 0.0269464 0.0205124 0.0150518 0.0105826 0.00707261 0.00445157
 0.00735411 0.0116528 0.0170304 0.0233685 0.0305888 0.0386007 0.0471552 0.055754 0.0636944 0.0702013 0.0745756 0.0763348 0.0753217 0.0717306 0.0660338 0.058851 0.0508279 0.042553 0.0345134 0.0270771 0.0204924 0.0148997 0.0103486 0.00681688 0.00422332
 0.00737325 0.011696 0.0171165 0.0235188 0.030817 0.0388997 0.0474876 0.0560563 0.0638959 0.07025 0.0744574 0.0760781 0.0749871 0.0713929 0.0657612 0.0586887 0.0507866 0.0426079 0.0346132 0.0271625 0.020518 0.0148484 0.010234 0.00667142 0.0040816
 0.0073629 0.0116784 0.0170899 0.0234848 0.0307845 0.0388876 0.0475226 0.0561619 0.0640759 0.0704759 0.0746723 0.0762188 0.075013 0.0713046 0.0655986 0.0585111 0.0506476 0.0425356 0.034604 0.027188 0.0205416 0.0148428 0.0101913 0.00660185 0.00400435
 0.00740836 0.0117416 0.0171651 0.0235597 0.0308439 0.0389194 0.0475243 0.0561443 0.0640609 0.0704893 0.0747305 0.0763166 0.0751208 0.0713803 0.0656091 0.05845 0.0505374 0.0424133 0.0345011 0.0271173 0.0204963 0.014807 0.010152 0.00655563 0.00395618
 0.00739686 0.0117257 0.0171459 0.0235386 0.0308203 0.0388884 0.0474768 0.0560705 0.0639585 0.0703698 0.0746205 0.0762493 0.0751211 0.0714517 0.0657308 0.0585869 0.0506572 0.0425001 0.0345565 0.0271517 0.0205188 0.0148202 0.0101548 0.00654797 0.0039411
 0.00744089 0.0117847 0.0172115 0.0235958 0.0308521 0.0388829 0.0474319 0.0559931 0.0638595 0.0702585 0.0745045 0.0761379 0.0750291 0.0713967 0.0657256 0.0586313 0.0507366 0.0425921 0.0346413 0.0272186 0.0205656 0.0148495 0.01017 0.00655227 0.0039381
 0.00739741 0.0117273 0.017149 0.0235428 0.0308226 0.0388816 0.0474491 0.0560085 0.0638521 0.0702188 0.074438 0.0760612 0.0749609 0.0713521 0.0657139 0.0586559 0.0507948 0.0426743 0.0347333 0.0273058 0.0206377 0.0149021 0.0102038 0.00657086 0.00394601
 0.00721816 0.0114615 0.0167974 0.0231251 0.0303745 0.0384479 0.0470761 0.0557359 0.0637047 0.0701999 0.0745298 0.0762339 0.0751853 0.0716075 0.0659885 0.0589421 0.0510844 0.0429568 0.0349961 0.0275366 0.0208272 0.0150464 0.010305 0.00663562 0.00398349
 0.00717779 0.011381 0.0166498 0.0228784 0.0300027 0.037947 0.0464776 0.0551079 0.0631367 0.0697774 0.0743105 0.0762343 0.0753822 0.0719505 0.0664183 0.0594062 0.0515443 0.0433876 0.0353823 0.0278678 0.0210971 0.0152536 0.0104531 0.00673335 0.00404251
 0.00717855 0.0113869 0.0166651 0.0229044 0.0300306 0.0379508 0.0464144 0.0549317 0.0628233 0.0693473 0.0738325 0.075804 0.0750861 0.0718362 0.0664845 0.0596136 0.0518376 0.0437141 0.035702 0.0281553 0.0213385 0.0154431 0.0105917 0.0068271 0.0041006
 0.00703151 0.0111787 0.0164094 0.0226351 0.0297938 0.0377899 0.0463547 0.0549697 0.0629245 0.0694546 0.073887 0.0757719 0.074977 0.0717 0.0663867 0.0596042 0.0519318 0.0438935 0.0359297 0.0283923 0.021555 0.0156219 0.0107267 0.00692057 0.00415975
 0.00687601 0.0109309 0.0160477 0.0221475 0.0291864 0.0370964 0.0456425 0.0543325 0.062459 0.0692277 0.0739122 0.0760071 0.0753461 0.0721257 0.0668174 0.0600226 0.052343 0.0443052 0.0363376 0.0287788 0.0218974 0.0159025 0.0109383 0.00706701 0.00425249
 0.00683265 0.0108486 0.0159013 0.0219043 0.0288118 0.0365658 0.0449558 0.0535273 0.0616153 0.0684591 0.0733407 0.0757275 0.0753942 0.0724676 0.0673672 0.0606783 0.0530197 0.0449499 0.0369243 0.0292951 0.0223347 0.0162541 0.011203 0.00725133 0.0043702
 0.00671843 0.010686 0.0156973 0.0216751 0.0285711 0.0363103 0.0446577 0.0531446 0.0611161 0.0678507 0.0726851 0.0751318 0.0749787 0.0723238 0.0675265 0.0611044 0.0536278 0.0456398 0.0376095 0.0299169 0.0228613 0.0166733 0.0115159 0.00746863 0.00450937
 0.00672183 0.0106773 0.0156598 0.0215883 0.028421 0.0361012 0.0444164 0.052909 0.0609122 0.0676728 0.0724986 0.0749013 0.0747014 0.0720451 0.0673236 0.0610491 0.0537529 0.0459271 0.0380027 0.0303473 0.0232694 0.0170207 0.0117856 0.00766067 0.0046346
 0.00738944 0.0116217 0.0168186 0.0228111 0.0295066 0.0368623 0.0447368 0.0527682 0.0603755 0.0668616 0.0715519 0.0739389 0.0738018 0.0712462 0.0666428 0.0605046 0.0533676 0.0457156 0.0379559 0.0304286 0.0234262 0.0172009 0.0119509 0.00779091 0.00472517
 0.00813692 0.0127841 0.018462 0.024942 0.0320487 0.0396347 0.0474474 0.0550492 0.0618736 0.0673498 0.0710022 0.0725158 0.0717874 0.0689454 0.0643124 0.0583255 0.0514504 0.0441187 0.0366996 0.0295009 0.0227876 0.0167934 0.0117109 0.00766077 0.00466054
 0.00820294 0.0129572 0.0188462 0.0256792 0.0332883 0.0414775 0.0498823 0.0579092 0.0648346 0.0699812 0.072867 0.0732944 0.0713769 0.0674846 0.0621192 0.055782 0.0488964 0.0417944 0.0347382 0.02795 0.0216352 0.0159901 0.0111875 0.0073434 0.00448223
 0.00800562 0.0126726 0.0184918 0.0253126 0.0330156 0.0414526 0.050289 0.0589146 0.0665155 0.0722495 0.0754404 0.0757448 0.0732504 0.068444 0.0620455 0.0547922 0.0472772 0.0398921 0.0328581 0.0263002 0.0203175 0.0150208 0.0105279 0.00692831 0.00424128
 0.00784091 0.0124088 0.0181036 0.0247837 0.0323488 0.0406851 0.04951 0.0582733 0.0662052 0.0724618 0.0762938 0.0772138 0.0751319 0.0703926 0.0636771 0.0558134 0.0475769 0.0395534 0.0320958 0.0253646 0.0194148 0.0142747 0.00998155 0.00656825 0.00402625
 0.00762572 0.0120856 0.0176655 0.0242387 0.0317131 0.0399759 0.0487457 0.0574864 0.0654617 0.071874 0.0760104 0.0773802 0.0758285 0.0715775 0.065169 0.0573343 0.0488447 0.0403791 0.0324363 0.0253096 0.0191242 0.0139068 0.00964659 0.00631693 0.00386355
 0.00750812 0.0118876 0.0173558 0.0237862 0.0310965 0.0391968 0.0478394 0.0565215 0.0645277 0.0710645 0.0754148 0.0770832 0.0759061 0.0720771 0.0660757 0.0585448 0.0501749 0.0416145 0.0334032 0.025929 0.0194205 0.0139728 0.00959114 0.00622539 0.00378309
 0.00740561 0.011733 0.0171438 0.0235147 0.0307609 0.0387838 0.0473286 0.0558984 0.0638033 0.0702901 0.0746805 0.0764984 0.0755723 0.072066 0.0664151 0.0592097 0.0510827 0.0426324 0.034378 0.0267317 0.0199839 0.0143015 0.00974084 0.00626768 0.0037774
 0.00737639 0.0116811 0.0170578 0.0233819 0.0305703 0.0385305 0.0470157 0.055534 0.0633955 0.0698447 0.074208 0.0760271 0.0751567 0.0717805 0.0663333 0.0593777 0.0514988 0.043241 0.0350811 0.0274163 0.0205566 0.0147137 0.0099939 0.0063974 0.00383025
 0.0074301 0.0117575 0.0171519 0.0234804 0.0306529 0.0385735 0.0469966 0.0554364 0.0632126 0.0695819 0.0738806 0.0756576 0.0747731 0.0714188 0.0660397 0.0592038 0.0514858 0.0434012 0.0353861 0.027803 0.0209478 0.0150454 0.0102331 0.00654415 0.0039061
