SBPRF35
7.67498
Curr Bio
526559
B35
511178
F35
0.214663
FOFL
0.188365
OFL
66982.4
Bzero
2.19285e+06
#pred survey bio
 3.33532e+06 3.29382e+06 3.11172e+06 2.9811e+06 2.57404e+06 2.28973e+06 2.07108e+06 1.93195e+06 1.79144e+06 1.65692e+06 1.52863e+06 1.3673e+06 1.18418e+06 1.03768e+06 901536 795180 693050 640992 606523 572568 558923 547285 539829 543311 541416 538146 534031 534831 526412 536287 561317 589972 587444 573374 559119 534514 528432 539740 583634 593365 566442 529504 540910 551053 542866 576372 612043 641051 638711 637510 580568 526814 554073 533190 1.60361e+07 9.60116e+06 1.00027e+07 1.0932e+07 1.20991e+07 1.32632e+07 1.42894e+07 1.51274e+07 1.57777e+07 1.62657e+07 1.66237e+07 1.68826e+07 1.70684e+07 1.72013e+07 1.72964e+07 1.73646e+07 1.74138e+07 1.74494e+07 1.74755e+07 1.74946e+07 1.75087e+07 1.75192e+07 1.75271e+07 1.7533e+07 1.75375e+07 1.75409e+07 1.75435e+07 1.75454e+07 1.75469e+07 1.75481e+07 1.75489e+07 1.75496e+07 1.75501e+07 1.75505e+07 1.75508e+07 1.75511e+07 1.75513e+07 1.75514e+07 1.75515e+07 1.75516e+07 1.75517e+07 1.75517e+07 1.75517e+07 1.75518e+07 1.75518e+07 1.75518e+07 1.75518e+07 1.75518e+07 1.75519e+07 1.75519e+07 1.75519e+07 1.75519e+07 1.75519e+07 1.75519e+07 1.75519e+07 1.75519e+07 1.75519e+07 1.75519e+07 1.75519e+07 1.75519e+07 1.75519e+07 1.75519e+07 1.75519e+07 1.75519e+07 1.75519e+07 1.75519e+07 1.75519e+07 1.75519e+07 1.75519e+07 1.75519e+07 1.75519e+07 1.75519e+07 1.75519e+07 1.75519e+07 1.75519e+07 1.75519e+07 1.75519e+07 1.75519e+07 1.75519e+07 1.75519e+07 1.75519e+07 1.75519e+07 1.75519e+07 1.75519e+07 1.75519e+07 1.75519e+07 1.75519e+07 1.75519e+07 1.75519e+07 1.75519e+07 1.75519e+07 1.75519e+07 1.75519e+07 1.75519e+07 1.75519e+07 1.75519e+07 1.75519e+07 1.75519e+07 1.75519e+07 1.75519e+07 0 0 0 0 0 0 0 0 0 0 0 0 0 0 0 0 0 0 0 0 0 0 0 0 0
#obs survey bio
 2.86926e+06 3.39768e+06 1.96372e+06 4.24427e+06 2.12618e+06 2.58395e+06 2.37618e+06 2.01963e+06 1.75509e+06 1.49743e+06 1.79177e+06 1.39358e+06 1.49949e+06 1.2344e+06 870002 794287 585708 689040 605697 793028 519092 403732 475814 419901 688500 454072 486525 670599 510417 544987 489718 620091 637778 594916 535975 421043 538032 534560 732016 853873 642730 427826 532144 632814 492859 626703 574284 633132 569420 637527 488129 510642 665280 539129
#pred catch bio
 95917.1 96035.5 163075 200727 241613 266934 287906 321782 303879 311855 308686 299810 262223 249577 230452 218538 175157 159748 162782 140547 138738 128623 111771 116177 105582 108244 101098 110827 97892 95203 97222.8 99948.2 96489.5 86825.9 88186.7 91114.9 98537.3 85178.8 83623.8 91675.9 87246.9 81684.6 82372.2 91790.3 87879 89123.1 96071.3 96790.3 90333.7 85883.3 116760 58160.2 61076.5 118364 66982.4 74649.1 76217.8 82368.9 91008.5 99710.2 107274 113305 117840 121111 123398 124959 126006 126698 127151 127444 127632 127753 127829 127878 127909 127928 127941 127948 127953 127956 127958 127959 127960 127960 127961 127961 127961 127961 127961 127961 127961 127961 127961 127961 127961 127961 127961 127961 127961 127961 127961 127961 127961 127961 127961 127961 127961 127961 127961 127961 127961 127961 127961 127961 127961 127961 127961 127961 127961 127961 127961 127961 127961 127961 127961 127961 127961 127961 127961 127961 127961 127961 127961 127961 127961 127961 127961 127961 127961 127961 127961 127961 127961 127961 127961 127961 127961 127961 127961 127961 127961 127961 127961 127961 0 0 0 0 0 0 0 0 0 0 0 0 0 0 0 0 0 0 0 0 0 0 0 0 0
#obs catch bio
 0 95598.5 163633 200430 241854 266882 288290 322981 303290 312836 308555 299659 262056 249405 230803 218696 175142 159510 163404 140347 139067 128759 111506 116454 105322 108381 100910 111019 97784.9 95246.9 97435.8 99836.4 96493.2 86722.5 88081.6 91106.6 98875.7 85358.8 83421.2 91689.6 87129.4 81807.1 82313.6 91721.5 88067.4 89077.6 96205.3 96721.8 90390.1 85446.3 117800 57923.6 60683.1 119137
#pred cpue bio
 3.29771e+06 3.25693e+06 3.07569e+06 2.94458e+06 2.54105e+06 2.25822e+06 2.04016e+06 1.90068e+06 1.75978e+06 1.62501e+06 1.49641e+06 1.3359e+06 1.15442e+06 1.00937e+06 874859 769832 669362 618123 584313 551069 537837 526471 519169 522580 520627 517611 513616 514468 506305 515900 540131 567937 565744 552382 539034 515378 508214 516948 558117 567771 542320 507099 518038 527987 520126 552192 586582 614467 612269 611196 556803 504098 530805 512221 1.53723e+07 9.17846e+06 9.426e+06 1.02458e+07 1.13878e+07 1.25479e+07 1.35736e+07 1.44115e+07 1.50618e+07 1.55498e+07 1.59078e+07 1.61667e+07 1.63525e+07 1.64854e+07 1.65805e+07 1.66487e+07 1.66979e+07 1.67335e+07 1.67596e+07 1.67787e+07 1.67928e+07 1.68033e+07 1.68112e+07 1.68171e+07 1.68216e+07 1.6825e+07 1.68276e+07 1.68295e+07 1.6831e+07 1.68322e+07 1.6833e+07 1.68337e+07 1.68342e+07 1.68346e+07 1.68349e+07 1.68352e+07 1.68354e+07 1.68355e+07 1.68356e+07 1.68357e+07 1.68358e+07 1.68358e+07 1.68358e+07 1.68359e+07 1.68359e+07 1.68359e+07 1.68359e+07 1.68359e+07 1.6836e+07 1.6836e+07 1.6836e+07 1.6836e+07 1.6836e+07 1.6836e+07 1.6836e+07 1.6836e+07 1.6836e+07 1.6836e+07 1.6836e+07 1.6836e+07 1.6836e+07 1.6836e+07 1.6836e+07 1.6836e+07 1.6836e+07 1.6836e+07 1.6836e+07 1.6836e+07 1.6836e+07 1.6836e+07 1.6836e+07 1.6836e+07 1.6836e+07 1.6836e+07 1.6836e+07 1.6836e+07 1.6836e+07 1.6836e+07 1.6836e+07 1.6836e+07 1.6836e+07 1.6836e+07 1.6836e+07 1.6836e+07 1.6836e+07 1.6836e+07 1.6836e+07 1.6836e+07 1.6836e+07 1.6836e+07 1.6836e+07 1.6836e+07 1.6836e+07 1.6836e+07 1.6836e+07 1.6836e+07 1.6836e+07 1.6836e+07 1.6836e+07 1.6836e+07 0 0 0 0 0 0 0 0 0 0 0 0 0 0 0 0 0 0 0 0 0 0 0 0 0
#obs cpue bio
 2.20155e+06 4.74555e+06 2.75772e+06 3.80958e+06 2.31405e+06 2.18047e+06 1.42633e+06 1.65679e+06 2.39883e+06 1.29935e+06 1.58814e+06 1.38697e+06 859711 900544 789863 853166 736892 621063 492064 452502 504728 742200 649469 577416 497105 537541 612862 393210 540699 461280 531265 716771 490852 531078 614069 601554 443097 424087 640955 381783 528756 471465 596848 549678 401020 604174 564299 746772 567748 845549 504299 463519 632864 419488
#pred surv len freq
 0.00423819 0.00699739 0.0107473 0.0155356 0.0212745 0.0276438 0.0340789 0.039931 0.0447194 0.0482872 0.0507581 0.0523794 0.0533887 0.0539625 0.0542189 0.0542427 0.0541106 0.0538909 0.0535877 0.0530281 0.0517661 0.0491376 0.0445432 0.0378568 0.0296755
 0.00452693 0.00737831 0.0111598 0.0158759 0.0214328 0.027559 0.0337748 0.0395068 0.0442973 0.0479508 0.0505241 0.0522153 0.0532602 0.0538725 0.0542164 0.0543969 0.0544649 0.0544211 0.0541865 0.0535304 0.0520109 0.0490375 0.0441247 0.0372447 0.0290315
 0.00462638 0.00759252 0.0115719 0.016576 0.0224724 0.0288931 0.0352316 0.0408233 0.0452195 0.0483412 0.050406 0.0517309 0.0525816 0.053135 0.0535047 0.0537665 0.0539584 0.0540572 0.0539342 0.0532998 0.051683 0.048523 0.0434162 0.0364248 0.0282305
 0.00465598 0.0076582 0.0117076 0.0168354 0.0229289 0.0296283 0.0363078 0.0422407 0.0468756 0.0500228 0.0518381 0.0526714 0.0529115 0.0528887 0.0528293 0.0528472 0.052957 0.0530812 0.0530274 0.0524462 0.0508271 0.0476106 0.0424386 0.0354369 0.0273275
 0.00488541 0.00799786 0.0121584 0.0173812 0.0235483 0.0303127 0.0370745 0.0431312 0.047935 0.051264 0.0532023 0.0540105 0.054013 0.0535451 0.0529181 0.052374 0.0520388 0.0518856 0.0517067 0.0510969 0.0494887 0.0462943 0.0411654 0.0342581 0.026314
 0.00504815 0.00829768 0.0126716 0.0181919 0.0247188 0.0318431 0.0388748 0.0450348 0.0497557 0.052865 0.0545312 0.0550764 0.0548266 0.0540666 0.0530524 0.0520171 0.0511413 0.0504887 0.0499299 0.049094 0.0474048 0.0442505 0.0392648 0.0325938 0.0249604
 0.00522388 0.00858607 0.0131134 0.0188342 0.025614 0.0330406 0.0404027 0.0468738 0.0518173 0.0549904 0.0565223 0.0567491 0.0560585 0.0548073 0.0532938 0.0517528 0.0503525 0.0491682 0.0481191 0.0469012 0.0449941 0.0418107 0.036979 0.030613 0.023382
 0.00539309 0.00887421 0.0135711 0.0195164 0.0265687 0.0342923 0.0419376 0.0486388 0.0537323 0.0569629 0.0584501 0.0585145 0.0575292 0.0558549 0.0538191 0.0516994 0.0497015 0.0479279 0.0463287 0.044649 0.0424316 0.0391451 0.0344386 0.0283989 0.0216243
 0.00566945 0.0093159 0.0142224 0.0204153 0.0277424 0.0357485 0.0436536 0.0505535 0.055751 0.0589722 0.0603365 0.0601768 0.0588801 0.0568153 0.0543127 0.0516558 0.0490664 0.0466769 0.0444814 0.0422841 0.0396991 0.0362628 0.031661 0.0259615 0.0196856
 0.00589818 0.00969471 0.0148048 0.021254 0.0288768 0.0371869 0.0453572 0.0524355 0.0576952 0.0608609 0.0620709 0.0616813 0.0600952 0.0576871 0.0547861 0.0516713 0.0485641 0.0456089 0.0428341 0.0401041 0.0371139 0.0334805 0.028939 0.0235471 0.0177522
 0.00609034 0.0100225 0.0153268 0.0220347 0.0299731 0.0386261 0.0471152 0.054428 0.0597896 0.0629042 0.0639197 0.0632231 0.0612568 0.0584305 0.055094 0.0515293 0.0479493 0.0444925 0.0411996 0.037979 0.0345996 0.0307629 0.0262632 0.0211592 0.0158306
 0.00633117 0.0104087 0.0158989 0.0228293 0.0310198 0.0399398 0.048685 0.0562077 0.0616961 0.0648241 0.065723 0.064781 0.0624599 0.0592029 0.0553967 0.0513517 0.0472933 0.0433608 0.0395994 0.0359434 0.0322178 0.0281973 0.0237345 0.0188954 0.0140024
 0.00660465 0.0108579 0.0165824 0.0238014 0.0323162 0.0415574 0.0505647 0.0582351 0.0637257 0.0667148 0.0673633 0.0660934 0.0633915 0.0597155 0.0554641 0.0509609 0.0464448 0.0420662 0.0378828 0.0338526 0.0298441 0.0256907 0.021293 0.0167235 0.0122535
 0.00679617 0.0111765 0.0170756 0.0245192 0.0333013 0.0428301 0.0521057 0.0599765 0.0655571 0.0685028 0.0689755 0.0674189 0.0643529 0.0602697 0.0555938 0.0506637 0.0457253 0.0409356 0.0363647 0.0319955 0.027737 0.0234709 0.0191362 0.0148078 0.0107114
 0.00697982 0.0114871 0.0175652 0.0252429 0.0343054 0.0441322 0.0536763 0.0617334 0.0673787 0.0702524 0.0705247 0.0686622 0.0652147 0.0607066 0.055593 0.0502363 0.0448961 0.0397356 0.0348318 0.0301843 0.025733 0.0213991 0.017151 0.0130621 0.00931625
 0.00710483 0.0117065 0.0179256 0.0257987 0.0351078 0.0452113 0.055022 0.0632868 0.0690383 0.0718924 0.0720162 0.0698906 0.0660925 0.0611799 0.0556412 0.0498665 0.0441354 0.0386232 0.0334167 0.0285296 0.0239249 0.0195521 0.0153993 0.0115346 0.0081032
 0.00736819 0.0121167 0.0185102 0.0265731 0.0360757 0.0463637 0.0563331 0.0647081 0.0704973 0.073298 0.0732689 0.0708959 0.066773 0.0614851 0.0555511 0.049389 0.0432998 0.0374733 0.0320078 0.0269298 0.0222201 0.0178477 0.0138118 0.0101705 0.00703231
 0.0074271 0.0122199 0.0186789 0.0268308 0.0364423 0.0468471 0.0569241 0.0653826 0.0712267 0.074059 0.0740434 0.0716604 0.0674857 0.0620826 0.0559592 0.0495411 0.043153 0.0370172 0.0312645 0.0259514 0.0210844 0.0166528 0.0126644 0.0091662 0.00623519
 0.0073878 0.012168 0.0186239 0.0267912 0.0364432 0.0469158 0.0570836 0.0656469 0.0715971 0.0745235 0.0745797 0.0722406 0.068079 0.0626529 0.0564608 0.0499178 0.0433462 0.0369802 0.0309773 0.0254297 0.0203803 0.0158472 0.0118514 0.00843309 0.00564268
 0.00748771 0.0123197 0.0188325 0.027055 0.0367556 0.0472677 0.0574648 0.0660448 0.0719956 0.0749033 0.0749209 0.0725266 0.0683 0.0628064 0.056547 0.0499319 0.0432725 0.0367939 0.030655 0.024964 0.0197918 0.015186 0.0111864 0.00783322 0.00515766
 0.00752882 0.0123704 0.0188791 0.0270756 0.0367269 0.0471761 0.0573163 0.0658678 0.0718351 0.0748087 0.0749321 0.0726624 0.0685531 0.0631458 0.0569272 0.050303 0.0435878 0.0370129 0.0307459 0.02491 0.0195982 0.0148837 0.0108273 0.00747578 0.00484993
 0.00764631 0.0125483 0.0191213 0.0273736 0.0370583 0.0475053 0.057597 0.0660521 0.0718885 0.0747258 0.0747434 0.0724252 0.0683316 0.0629892 0.0568561 0.0503079 0.0436366 0.0370631 0.0307559 0.0248492 0.0194545 0.0146675 0.0105685 0.007214 0.00462093
 0.00780922 0.012785 0.019425 0.0277194 0.0374094 0.047823 0.0578493 0.0662159 0.0719492 0.0746774 0.0745915 0.0721914 0.068053 0.062712 0.0566236 0.0501473 0.043551 0.0370323 0.0307452 0.0248223 0.0193858 0.0145501 0.0104146 0.00704817 0.00446913
 0.00783504 0.0128234 0.0194752 0.0277762 0.0374616 0.0478533 0.0578371 0.066144 0.0718127 0.0744907 0.0743862 0.0720053 0.0679172 0.0626437 0.0566267 0.0502172 0.0436768 0.0371957 0.0309202 0.0249785 0.0194969 0.0146023 0.0104107 0.00700485 0.00440881
 0.00786329 0.0128753 0.0195638 0.0279157 0.0376615 0.0481109 0.0581301 0.0664309 0.072042 0.074616 0.0743812 0.0718727 0.067687 0.0623629 0.0563448 0.0499738 0.0434947 0.0370801 0.0308612 0.0249563 0.0194879 0.0145872 0.0103803 0.00696074 0.00435972
 0.0078878 0.0128946 0.0195563 0.027852 0.0375167 0.0478809 0.0578431 0.0661428 0.0718152 0.0744937 0.0743714 0.0719507 0.0678119 0.0624978 0.0564693 0.0500856 0.0436027 0.0371938 0.0309834 0.0250804 0.0196013 0.0146768 0.0104385 0.00698854 0.00436491
 0.00791704 0.0129498 0.0196516 0.0280002 0.0377202 0.0481213 0.0580768 0.0663122 0.0718727 0.0744257 0.0742053 0.0717388 0.0676052 0.0623256 0.0563366 0.0499842 0.0435241 0.0371354 0.0309466 0.0250651 0.0196025 0.0146858 0.0104466 0.00699052 0.00436044
 0.00782893 0.0128165 0.0194705 0.0277782 0.0374748 0.0478794 0.0578715 0.0661738 0.0718172 0.0744468 0.0742778 0.0718331 0.0677029 0.062425 0.0564459 0.0501093 0.0436627 0.0372788 0.0310854 0.0251922 0.0197132 0.0147766 0.0105151 0.0070368 0.00438745
 0.00795098 0.0129914 0.0196901 0.0280201 0.0377089 0.0480786 0.0580199 0.0662689 0.0718656 0.0744566 0.0742526 0.0717703 0.0675969 0.0622745 0.0562598 0.0499068 0.0434669 0.0371085 0.0309503 0.0250933 0.019646 0.0147339 0.0104894 0.00702159 0.00437808
 0.00797843 0.0130296 0.0197351 0.0280622 0.0377332 0.0480672 0.0579566 0.0661456 0.0716895 0.0742539 0.0740631 0.071634 0.0675379 0.0622927 0.0563342 0.0500087 0.0435727 0.0372059 0.0310364 0.0251694 0.0197129 0.0147908 0.0105349 0.00705492 0.00440003
 0.00793664 0.0129659 0.0196471 0.0279502 0.0375996 0.0479153 0.0577902 0.0659691 0.0715091 0.0740787 0.0739076 0.0715179 0.0674832 0.0623158 0.0564384 0.0501805 0.0437859 0.0374313 0.0312502 0.0253571 0.0198686 0.0149137 0.0106268 0.00711935 0.00444179
 0.00787258 0.0128642 0.019499 0.0277505 0.0373489 0.047623 0.0574764 0.0656627 0.0712412 0.0738745 0.0737803 0.0714696 0.0675099 0.0624127 0.0566009 0.0504015 0.0440521 0.037722 0.0315407 0.0256248 0.0200975 0.0150962 0.0107628 0.00721371 0.00450242
 0.00787335 0.0128554 0.0194672 0.0276775 0.0372166 0.0474214 0.0572106 0.0653547 0.070925 0.0735872 0.0735535 0.071324 0.0674532 0.0624422 0.0567071 0.0505717 0.0442721 0.0379752 0.0318076 0.0258844 0.0203307 0.0152897 0.010911 0.0073183 0.00457023
 0.00780146 0.0127528 0.0193387 0.0275346 0.0370719 0.0472809 0.0570692 0.0651998 0.0707463 0.0733869 0.0733505 0.0711483 0.0673359 0.0624046 0.0567561 0.0507009 0.0444661 0.0382138 0.0320689 0.0261463 0.020573 0.0154966 0.0110735 0.00743543 0.00464736
 0.00782393 0.0127579 0.0192898 0.0273827 0.0367733 0.0468227 0.056487 0.0645731 0.0701708 0.0729396 0.0730689 0.0710324 0.0673648 0.0625533 0.057003 0.0510264 0.0448492 0.0386302 0.0324923 0.0265505 0.0209351 0.0157998 0.0113095 0.00760493 0.004759
 0.00856807 0.0138198 0.0206122 0.0288135 0.0381018 0.0478429 0.0570543 0.0646312 0.0697504 0.072141 0.072035 0.0699155 0.0662936 0.0616124 0.0562319 0.0504323 0.0444209 0.038348 0.0323313 0.0264825 0.0209308 0.0158318 0.0113553 0.0076494 0.00479412
 0.00919129 0.0148421 0.0221564 0.0309698 0.0408729 0.0510778 0.0604105 0.0676188 0.0718695 0.0730518 0.0716661 0.0684548 0.0640859 0.0590342 0.0535998 0.0479647 0.0422419 0.03651 0.030841 0.02532 0.0200607 0.0152102 0.0109344 0.00738108 0.00463439
 0.00924869 0.0150215 0.0225863 0.031824 0.0423285 0.0532421 0.0632467 0.0709068 0.0752242 0.0759973 0.0737468 0.0693529 0.0637072 0.0575232 0.0512779 0.0452217 0.0394327 0.0338946 0.028572 0.0234615 0.0186157 0.0141441 0.0101911 0.00689457 0.00433776
 0.00895588 0.0145716 0.0219654 0.0310568 0.0414969 0.0525003 0.0628171 0.0710361 0.076096 0.0776344 0.075957 0.0717599 0.0658603 0.0590391 0.051952 0.045066 0.0386338 0.0327236 0.0272919 0.0222678 0.017619 0.013382 0.00965225 0.00654138 0.00412356
 0.00875278 0.0142328 0.0214416 0.0303028 0.04049 0.0512678 0.0614634 0.0697508 0.0751289 0.0772367 0.0763041 0.07288 0.067599 0.0610844 0.0539225 0.0466296 0.0396051 0.0330952 0.0271965 0.0218993 0.0171581 0.0129533 0.00931611 0.00630936 0.00397987
 0.00872886 0.0141882 0.0213624 0.0301683 0.0402725 0.0509359 0.0609909 0.0691325 0.0744007 0.0764914 0.075689 0.072566 0.0677229 0.0616861 0.0549088 0.0477925 0.0406926 0.033903 0.0276323 0.0219925 0.0170179 0.0127077 0.00906552 0.00610836 0.00384311
 0.00882083 0.0143158 0.0215134 0.0303165 0.0403829 0.0509737 0.0609287 0.0689528 0.0740962 0.076069 0.0751802 0.0720378 0.067278 0.0614394 0.0549445 0.0481197 0.0412284 0.0344996 0.0281375 0.0223092 0.0171304 0.0126661 0.00894604 0.00597663 0.00373649
 0.00869339 0.014148 0.0213323 0.030168 0.0403148 0.0510104 0.0610536 0.0691107 0.0742158 0.076092 0.0750809 0.0718283 0.0670029 0.0611672 0.0547539 0.0480775 0.0413619 0.034779 0.0284838 0.022628 0.0173525 0.012771 0.00895658 0.00593544 0.00368206
 0.00865022 0.0140601 0.0211701 0.0299013 0.0399288 0.0505274 0.0605428 0.0686727 0.0739431 0.076026 0.0751945 0.0720453 0.0672394 0.0613697 0.0549148 0.0482266 0.0415417 0.0350169 0.0287738 0.0229321 0.0176205 0.0129656 0.00906854 0.00598068 0.00368747
 0.00874503 0.014207 0.021376 0.0301619 0.0402248 0.0508205 0.0607794 0.0687987 0.073927 0.0758772 0.0749608 0.0717875 0.0670009 0.0611624 0.0547291 0.0480537 0.0413883 0.0349029 0.0287165 0.0229316 0.0176576 0.0130122 0.00910229 0.00599334 0.0036833
 0.00868197 0.014123 0.0212836 0.0300844 0.0401893 0.0508467 0.0608694 0.0689331 0.0740698 0.0759875 0.0750088 0.0717661 0.0669275 0.0610678 0.0546412 0.047987 0.0413453 0.034882 0.0287181 0.0229562 0.0177005 0.0130623 0.00914674 0.00602363 0.0036983
 0.00868893 0.0141132 0.0212315 0.0299579 0.0399631 0.0505218 0.0604852 0.0685611 0.0737879 0.0758484 0.0750205 0.0718959 0.0671228 0.0612807 0.0548434 0.0481694 0.0415099 0.0350331 0.0288583 0.0230856 0.0178172 0.0131627 0.00922664 0.00608073 0.00373399
 0.00869494 0.0141298 0.0212675 0.0300208 0.0400522 0.0506198 0.0605566 0.0685638 0.0736948 0.0756669 0.0747942 0.0716847 0.0669749 0.0612138 0.0548456 0.0482146 0.0415739 0.0351017 0.0289261 0.0231515 0.0178801 0.0132201 0.00927518 0.0061178 0.00375899
 0.00876417 0.0142239 0.0213757 0.0301234 0.0401279 0.050656 0.0605547 0.0685353 0.0736494 0.0756042 0.0747052 0.0715645 0.0668336 0.0610765 0.05474 0.048157 0.0415638 0.0351266 0.0289705 0.0232033 0.0179319 0.0132675 0.00931537 0.00614899 0.00378078
 0.00867049 0.0140961 0.0212275 0.0299807 0.040018 0.0505938 0.0605344 0.068534 0.0736426 0.0755802 0.0746696 0.071532 0.0668169 0.0610815 0.0547679 0.0482086 0.0416394 0.0352232 0.02908 0.0233148 0.0180351 0.0133553 0.00938438 0.00619915 0.00381428
 0.00880917 0.0142717 0.0214017 0.0300916 0.0400035 0.0504236 0.0602321 0.0681711 0.0733057 0.0753323 0.0745305 0.0714851 0.0668316 0.0611315 0.0548385 0.0482939 0.0417372 0.0353312 0.0291946 0.0234296 0.0181425 0.0134483 0.00945863 0.00625353 0.0038507
 0.00896149 0.014585 0.0219874 0.0310753 0.0414707 0.0523477 0.0624259 0.0703103 0.0750292 0.0763684 0.0747763 0.071005 0.0657948 0.0597402 0.0532791 0.0467164 0.0402515 0.0340101 0.0280778 0.0225301 0.0174525 0.0129458 0.00911273 0.00603005 0.00371617
 0.00830916 0.0135761 0.0205744 0.0292725 0.0393776 0.0501665 0.0604552 0.0688893 0.0744305 0.0766882 0.0758923 0.0726338 0.0676107 0.0614818 0.0547959 0.0479582 0.0412314 0.0347691 0.0286617 0.0229783 0.0177943 0.0132016 0.00929749 0.00615659 0.00379708
 0.0083532 0.01354 0.020324 0.0286251 0.0381605 0.0483067 0.0580571 0.0662496 0.071972 0.0748393 0.0749634 0.0727342 0.0686331 0.0631553 0.0567843 0.0499602 0.0430424 0.0362914 0.0298789 0.0239178 0.0184991 0.0137144 0.00965644 0.00639539 0.0039461
#obs surv len freq
 nan nan nan nan nan nan nan nan nan nan nan nan nan nan nan nan nan nan nan nan nan nan nan nan nan
 0.00449379 0.00735899 0.0111921 0.0160097 0.0217093 0.0279816 0.0342913 0.0400181 0.0446939 0.0481549 0.0505109 0.0520054 0.0528967 0.0534083 0.0537221 0.0539766 0.0542548 0.0545474 0.054686 0.0542779 0.0527161 0.0493488 0.0437994 0.0362806 0.0276655
 0.00461793 0.00756664 0.0115149 0.0164793 0.0223487 0.0287927 0.035243 0.0410443 0.0457042 0.0490546 0.0512197 0.0524689 0.05309 0.0533344 0.0534058 0.0534571 0.0535767 0.0537539 0.0538167 0.0533702 0.0518095 0.0484872 0.0430286 0.0356395 0.0271756
 0.00478071 0.00783116 0.0119132 0.017042 0.0231007 0.0297445 0.0363803 0.0423205 0.0470416 0.0503533 0.0523717 0.0533737 0.0536689 0.0535413 0.0532317 0.0529263 0.052738 0.0526699 0.0525558 0.0520041 0.0504145 0.0471446 0.0418192 0.0346298 0.0264025
 0.00496972 0.00814095 0.012384 0.0177126 0.0240007 0.0308823 0.0377315 0.0438244 0.0486102 0.0518872 0.0537725 0.0545489 0.0545337 0.0540233 0.0532797 0.0525196 0.0518917 0.0514333 0.0510067 0.0502426 0.0485584 0.0453229 0.0401588 0.0332343 0.02533
 0.00518008 0.00848512 0.0129061 0.0184557 0.0249984 0.0321467 0.0392393 0.0455118 0.0503807 0.0536292 0.0553766 0.0559177 0.0555844 0.054686 0.0534964 0.0522483 0.0511138 0.050164 0.0493036 0.0482085 0.046338 0.0430897 0.0380903 0.0314779 0.0239716
 0.00541255 0.00886411 0.0134786 0.0192663 0.0260815 0.0335134 0.0408639 0.0473264 0.0522844 0.055506 0.0571132 0.0574136 0.0567546 0.0554599 0.0538162 0.0520671 0.0503992 0.0489078 0.0475373 0.0460192 0.0438746 0.0405525 0.0356983 0.0294214 0.0223678
 0.00565358 0.0092597 0.0140809 0.020126 0.0272381 0.0349794 0.0426088 0.0492722 0.0543168 0.0574976 0.0589439 0.0589816 0.057978 0.0562739 0.0541683 0.0519134 0.0497046 0.0476536 0.0457376 0.0437431 0.041263 0.0378143 0.0330774 0.027141 0.0205732
 0.00588374 0.00963868 0.0146604 0.0209577 0.0283643 0.0364174 0.0443351 0.0512152 0.0563665 0.0595257 0.0608241 0.0606034 0.0592523 0.0571328 0.0545611 0.0518008 0.049055 0.0464465 0.0439786 0.0414878 0.0386393 0.0350261 0.0303756 0.0247649 0.0186867
 0.00614925 0.0100694 0.0153071 0.0218673 0.0295713 0.0379308 0.0461238 0.0532025 0.05844 0.0615571 0.0626896 0.0621956 0.0604848 0.0579406 0.0548975 0.0516327 0.0483581 0.0452062 0.0422011 0.0392228 0.0360046 0.0322162 0.0276378 0.0223423 0.0167517
 0.00636184 0.0104266 0.0158658 0.022687 0.0307012 0.0393892 0.0478789 0.0551679 0.0604897 0.0635536 0.0645077 0.0637338 0.0616665 0.0587094 0.055213 0.0514655 0.0476869 0.0440189 0.0405049 0.0370638 0.0334909 0.0295282 0.0250083 0.0200046 0.0148756
 0.00661894 0.0108389 0.0164766 0.0235344 0.0318135 0.0407759 0.0495189 0.057001 0.062419 0.0654581 0.0662606 0.0652195 0.0627934 0.0594156 0.0554633 0.0512431 0.0469842 0.0428355 0.0388543 0.034992 0.0310982 0.02698 0.0225189 0.0177904 0.0130956
 0.00684118 0.0112092 0.0170495 0.0243643 0.0329407 0.0422069 0.0512091 0.0588534 0.064305 0.0672481 0.0678459 0.0665193 0.0637485 0.0599824 0.055611 0.0509538 0.0462518 0.0416643 0.0372642 0.033031 0.0288604 0.0246153 0.0202193 0.0157496 0.011456
 0.0070499 0.0115506 0.0175676 0.0251025 0.033934 0.0434696 0.0527197 0.0605465 0.0660757 0.068969 0.06939 0.0677791 0.0646487 0.0604817 0.0556951 0.0506241 0.0455169 0.0405377 0.0357705 0.0312186 0.0268167 0.0224745 0.0181503 0.0139207 0.00999016
 0.00728882 0.0119419 0.0181614 0.0259452 0.0350577 0.0448751 0.0543612 0.0623292 0.0678715 0.0706439 0.0708267 0.0688881 0.0653707 0.0607858 0.0555763 0.0500978 0.0446109 0.0392865 0.0342146 0.0294137 0.024847 0.0204596 0.0162359 0.012249 0.0086616
 0.00746363 0.0122306 0.0186042 0.0265829 0.0359234 0.0459816 0.0556871 0.0638124 0.0694161 0.0721364 0.0721551 0.0699569 0.0661092 0.0611515 0.0555536 0.0496934 0.0438483 0.0382007 0.0328515 0.027834 0.0231331 0.0187196 0.0145948 0.0108247 0.00753523
 0.00757003 0.0124051 0.0188704 0.0269648 0.0364431 0.0466535 0.0565111 0.0647687 0.070465 0.0732213 0.0732076 0.0709021 0.0668732 0.0616697 0.0557782 0.0495983 0.0434297 0.0374756 0.0318562 0.0266241 0.0217863 0.0173342 0.0132801 0.00968118 0.00663047
 0.00762284 0.0124889 0.0189931 0.0271341 0.0366666 0.0469394 0.0568675 0.0652019 0.0709772 0.0738074 0.0738517 0.0715737 0.067526 0.0622448 0.0562112 0.04983 0.0434162 0.0371963 0.0313177 0.0258621 0.0208642 0.0163381 0.012307 0.00882001 0.00594205
 0.00766774 0.0125564 0.0190845 0.0272474 0.0367978 0.0470849 0.0570261 0.0653765 0.0711749 0.0740395 0.07413 0.0719054 0.067906 0.0626504 0.056601 0.0501485 0.0436045 0.0372052 0.0311198 0.025461 0.0202969 0.0156705 0.0116207 0.00819328 0.00543115
 0.00773459 0.0126526 0.0192062 0.0273828 0.0369305 0.0471993 0.0571122 0.0654326 0.071208 0.0740643 0.0741668 0.0719762 0.0680284 0.0628307 0.0568283 0.0503926 0.0438191 0.0373371 0.0311232 0.0253114 0.0200011 0.0152669 0.0111696 0.00775964 0.00506584
 0.0077899 0.0127407 0.0193344 0.0275545 0.0371421 0.0474365 0.057349 0.065635 0.0713448 0.0741189 0.0741445 0.0719024 0.0679393 0.0627608 0.0568007 0.0504119 0.0438692 0.0373845 0.0311268 0.0252361 0.0198314 0.0150145 0.0108697 0.00745843 0.00480402
 0.00782845 0.012799 0.0194141 0.0276548 0.0372604 0.0475694 0.0574918 0.0657804 0.0714805 0.0742284 0.0742115 0.0719171 0.0679043 0.0626928 0.0567243 0.0503502 0.0438337 0.0373698 0.0311119 0.0251935 0.0197397 0.0148688 0.0106851 0.00726292 0.00462704
 0.00784555 0.0128235 0.0194451 0.0276892 0.037294 0.0475986 0.0575151 0.0657991 0.0714986 0.0742507 0.0742405 0.0719513 0.0679379 0.0627187 0.0567394 0.0503573 0.0438397 0.0373789 0.0311204 0.0251895 0.0197087 0.0148027 0.0105879 0.00714994 0.00451793
 0.00789381 0.0128918 0.019529 0.027778 0.0373735 0.0476558 0.0575421 0.0657949 0.0714684 0.074204 0.0741892 0.0719061 0.0679064 0.062703 0.0567364 0.0503618 0.043847 0.0373862 0.031125 0.0251865 0.0196914 0.0147658 0.0105318 0.00708209 0.00444983
 0.00788996 0.0128919 0.0195403 0.0278096 0.0374321 0.0477397 0.0576383 0.0658813 0.0715223 0.0742125 0.0741538 0.0718416 0.0678331 0.0626385 0.0566912 0.050338 0.0438406 0.0373906 0.0311329 0.0251912 0.0196871 0.0147489 0.010502 0.00704343 0.00440915
 0.00789074 0.0128872 0.0195228 0.0277707 0.0373663 0.0476499 0.0575389 0.0657944 0.0714679 0.0741989 0.0741746 0.0718812 0.0678766 0.062679 0.0567299 0.0503799 0.043889 0.0374445 0.0311875 0.02524 0.019724 0.01477 0.0105069 0.00703546 0.00439381
 0.00791627 0.0129232 0.0195662 0.0278143 0.0373992 0.0476601 0.0575166 0.0657357 0.0713786 0.0740945 0.0740764 0.0718084 0.0678384 0.0626736 0.0567483 0.0504123 0.0439289 0.0374884 0.0312329 0.0252831 0.0197604 0.0147958 0.0105206 0.00703835 0.00438938
 0.00789679 0.0128951 0.0195304 0.0277735 0.0373562 0.0476163 0.0574702 0.0656826 0.071315 0.0740205 0.0739983 0.0717386 0.067792 0.0626623 0.0567759 0.0504738 0.0440134 0.0375833 0.0313275 0.0253697 0.0198336 0.0148525 0.0105599 0.00706174 0.00440059
 0.0079022 0.0128972 0.0195217 0.0277436 0.0372962 0.0475235 0.0573518 0.0655548 0.0711966 0.0739254 0.0739321 0.0717 0.0677777 0.062671 0.0568092 0.0505328 0.0440959 0.0376825 0.0314335 0.0254721 0.0199238 0.0149252 0.0106132 0.00709689 0.00442103
 0.00786864 0.012846 0.0194505 0.0276518 0.0371839 0.0473908 0.0571998 0.0653877 0.0710248 0.0737661 0.0738063 0.0716258 0.0677645 0.0627175 0.0569052 0.0506652 0.0442516 0.0378499 0.0316015 0.0256301 0.0200627 0.0150384 0.0106983 0.00715546 0.00445756
 0.00787047 0.0128408 0.019428 0.0275981 0.0370863 0.0472442 0.0570113 0.0651764 0.0708151 0.0735803 0.0736602 0.071529 0.0677228 0.0627333 0.056977 0.0507855 0.0444081 0.0380275 0.031785 0.0258058 0.0202195 0.0151685 0.0107982 0.00722582 0.00450276
 0.0078619 0.0128309 0.01942 0.0275958 0.0370906 0.0472497 0.0570051 0.0651412 0.070738 0.0734606 0.0735116 0.0713751 0.0675886 0.0626384 0.0569323 0.0507935 0.0444642 0.0381219 0.031904 0.0259345 0.0203439 0.0152778 0.0108857 0.0072897 0.00454507
 0.007789 0.0127157 0.0192535 0.0273737 0.0368167 0.0469387 0.0566836 0.0648443 0.0704992 0.0733013 0.0734362 0.0713754 0.0676518 0.0627539 0.057093 0.0509933 0.0446952 0.0383727 0.0321604 0.0261811 0.0205662 0.0154647 0.0110316 0.00739458 0.00461413
 0.00775413 0.0126521 0.0191454 0.0272031 0.0365686 0.0466098 0.0562893 0.0644204 0.0700952 0.0729679 0.0732127 0.071281 0.0676845 0.0628952 0.0573164 0.0512722 0.0450066 0.0386979 0.0324829 0.0264851 0.0208374 0.015692 0.0112089 0.00752252 0.00469878
 0.00775479 0.0126483 0.0191301 0.0271653 0.0364944 0.0464845 0.0561022 0.0641689 0.0697898 0.0726344 0.0728901 0.0710133 0.0675099 0.0628354 0.0573726 0.051428 0.0452355 0.0389705 0.0327725 0.0267688 0.0210968 0.0159134 0.0113846 0.00765105 0.00478494
 0.00934115 0.0148726 0.0218223 0.0299476 0.0388904 0.0480938 0.0567381 0.0638852 0.0688021 0.0712066 0.0712527 0.0693354 0.0659065 0.0613829 0.0561186 0.0503949 0.0444227 0.0383598 0.0323344 0.0264702 0.0209051 0.0157993 0.0113228 0.00762163 0.0047733
 0.00930796 0.0151148 0.0227091 0.0319392 0.0423387 0.052973 0.062473 0.0694437 0.0730605 0.0733903 0.07119 0.0674035 0.062765 0.0576922 0.0523766 0.0469066 0.041343 0.0357479 0.030195 0.0247772 0.0196149 0.0148579 0.0106703 0.00719576 0.00451397
 0.00899467 0.0146175 0.0220049 0.0310721 0.0414749 0.0524401 0.0627224 0.0708895 0.0758318 0.0771449 0.0751543 0.0706654 0.0646533 0.0580095 0.0513738 0.0450732 0.0391765 0.0336175 0.0283131 0.0232327 0.0184193 0.0139813 0.0100629 0.0068004 0.00427404
 0.00882802 0.0143395 0.0215738 0.030447 0.0406308 0.0513976 0.0615872 0.0698819 0.0752728 0.0773698 0.0763614 0.0727691 0.0672457 0.0604912 0.0531969 0.0459529 0.0391513 0.0329527 0.0273405 0.0222248 0.017541 0.0132992 0.00957887 0.00648347 0.00408229
 0.00872369 0.0141686 0.0213137 0.0300742 0.0401244 0.0507452 0.0607963 0.0689937 0.0743777 0.0766176 0.0759506 0.0728987 0.0680271 0.06186 0.0548906 0.0475927 0.0403941 0.0336236 0.0274681 0.0219774 0.0171228 0.0128704 0.00922738 0.00623518 0.00392644
 0.00871004 0.0141359 0.0212449 0.0299462 0.0399125 0.0504309 0.0603738 0.0684738 0.0737876 0.0760024 0.07538 0.072472 0.0678645 0.0620661 0.0554977 0.0485159 0.0414397 0.0345592 0.0281185 0.0222868 0.0171495 0.0127313 0.0090353 0.0060628 0.00380261
 0.00869689 0.0141184 0.0212248 0.0299252 0.0398888 0.0503945 0.0603053 0.0683474 0.073581 0.0757075 0.0750113 0.0720708 0.0674977 0.0618183 0.0554502 0.048715 0.0418646 0.0351155 0.0286696 0.0227116 0.0173896 0.0128011 0.0089949 0.00597876 0.00372115
 0.00868049 0.0140918 0.0211853 0.0298711 0.0398207 0.0503162 0.0602231 0.0682672 0.0735028 0.0756223 0.0749039 0.0719284 0.0673224 0.0616355 0.0553076 0.0486683 0.0419535 0.03534 0.0289825 0.0230356 0.0176514 0.0129621 0.00905889 0.00597751 0.0036914
 0.00867223 0.0140784 0.0211649 0.0298422 0.0397817 0.0502667 0.0601641 0.0682021 0.0734364 0.0755593 0.0748456 0.071871 0.0672589 0.0615611 0.0552285 0.0486051 0.0419363 0.0353935 0.0291098 0.0232117 0.0178335 0.0131098 0.00915158 0.00601813 0.00369743
 0.00865149 0.0140469 0.0211218 0.0297881 0.0397186 0.0501976 0.0600926 0.0681324 0.0733728 0.075506 0.0748055 0.0718451 0.0672452 0.0615552 0.0552261 0.0486063 0.0419484 0.0354292 0.0291794 0.0233144 0.0179539 0.0132246 0.0092408 0.00607375 0.00372368
 0.00863746 0.0140222 0.0210813 0.0297265 0.0396324 0.0500878 0.0599668 0.0680039 0.0732579 0.0754182 0.0747526 0.0718281 0.0672598 0.0615943 0.0552813 0.0486704 0.0420174 0.0355036 0.0292624 0.0234077 0.0180537 0.0133209 0.00932205 0.00613228 0.00375899
 0.00867284 0.0140759 0.0211548 0.0298174 0.0397344 0.05019 0.0600548 0.0680623 0.0732741 0.0753876 0.0746802 0.0717269 0.067146 0.0614823 0.0551811 0.0485873 0.0419536 0.0354599 0.0292397 0.0234057 0.01807 0.0133493 0.00935424 0.00616057 0.00377904
 0.00865258 0.0140494 0.0211266 0.0297957 0.0397282 0.0502054 0.0600916 0.0681132 0.0733272 0.0754296 0.0747012 0.0717227 0.0671187 0.0614395 0.0551325 0.048542 0.0419182 0.0354377 0.0292317 0.0234114 0.0180871 0.013374 0.00938132 0.00618506 0.00379767
 0.00862037 0.0139998 0.0210576 0.0297083 0.0396277 0.050102 0.0599999 0.0680497 0.0733046 0.0754519 0.0747608 0.0718034 0.0672022 0.0615113 0.0551863 0.0485786 0.041943 0.0354574 0.0292516 0.0234344 0.0181136 0.0134024 0.0094088 0.00620875 0.00381568
 0.00862628 0.0140061 0.0210608 0.0297035 0.0396094 0.0500671 0.0599498 0.0679908 0.0732476 0.0754087 0.0747408 0.07181 0.0672317 0.0615541 0.0552306 0.0486151 0.0419677 0.0354715 0.0292596 0.0234412 0.0181224 0.0134141 0.0094223 0.00622193 0.0038267
 0.00862628 0.0140061 0.0210608 0.0297035 0.0396094 0.0500671 0.0599498 0.0679908 0.0732476 0.0754087 0.0747408 0.07181 0.0672317 0.0615541 0.0552306 0.0486151 0.0419677 0.0354715 0.0292596 0.0234412 0.0181224 0.0134141 0.0094223 0.00622193 0.0038267
 0.00896532 0.0145428 0.0218387 0.0307452 0.0409036 0.0515515 0.0615009 0.0694334 0.0743919 0.0761025 0.0749104 0.071471 0.0664708 0.0604974 0.0540114 0.0473516 0.0407511 0.0343646 0.0283003 0.022648 0.017498 0.0129486 0.00909586 0.00600819 0.003697
 0.00841606 0.0137118 0.0207072 0.029347 0.0393274 0.0499365 0.0600266 0.068295 0.0737568 0.0760585 0.0754358 0.0724444 0.0677157 0.0618352 0.0553004 0.0485031 0.0417253 0.0351569 0.0289255 0.0231287 0.0178578 0.0132096 0.00927777 0.0061288 0.00377219
 0.00829794 0.0134551 0.0202056 0.0284727 0.037977 0.0480974 0.0578283 0.0660083 0.0717264 0.0746016 0.0747554 0.0725909 0.0685964 0.0632578 0.0570296 0.0503142 0.0434432 0.0366712 0.0301863 0.0241297 0.0186193 0.0137642 0.00966267 0.00638132 0.00392737
#pred catch len freq
 0.00313105 0.00510429 0.00774213 0.0111015 0.0152277 0.0201022 0.025583 0.0314009 0.0372179 0.0426974 0.0475526 0.0515813 0.0546916 0.056903 0.0583193 0.0590941 0.0594055 0.0594222 0.0592239 0.0586719 0.0573058 0.0544083 0.0493258 0.0419231 0.0328635
 0.00335367 0.00540159 0.00807214 0.0113904 0.0153968 0.0201063 0.0254361 0.031168 0.0369767 0.0424954 0.0473899 0.0514297 0.0545333 0.0567623 0.058265 0.0592099 0.0597422 0.0599535 0.0598312 0.059173 0.057523 0.0542466 0.0488165 0.0412065 0.0321202
 0.00346736 0.0056161 0.00844411 0.0119757 0.0162191 0.0211188 0.0265035 0.0320964 0.0375876 0.0427026 0.0472272 0.0510128 0.0539915 0.056192 0.0577279 0.0587551 0.0594156 0.0597785 0.0597755 0.059137 0.057372 0.053876 0.0482102 0.0404483 0.0313493
 0.00352228 0.00571608 0.00861892 0.0122713 0.0167001 0.0218611 0.0275691 0.0334904 0.0392146 0.0443549 0.0486323 0.0519292 0.0543005 0.0559288 0.0570408 0.057831 0.0584182 0.0588166 0.0588923 0.0583116 0.0565399 0.0529734 0.0472231 0.0394335 0.03041
 0.00374741 0.00605131 0.00906787 0.0128222 0.0173369 0.0225806 0.0283928 0.0344627 0.0403816 0.0457269 0.0501423 0.0534129 0.0555243 0.0566651 0.0571551 0.0573293 0.0574291 0.0575242 0.0574635 0.0568518 0.0550913 0.0515469 0.0458403 0.03815 0.0293038
 0.00392357 0.0063555 0.0095567 0.0135543 0.0183543 0.0238829 0.0299201 0.0361038 0.0420118 0.0472539 0.0515259 0.0546432 0.0565725 0.0574454 0.0575312 0.057168 0.0566675 0.0562057 0.0557203 0.0548532 0.0529949 0.0494803 0.0439096 0.0364509 0.0279147
 0.00411357 0.0066603 0.0100113 0.0141974 0.0192316 0.0250443 0.0314043 0.0379104 0.0440729 0.0494243 0.0536095 0.056447 0.0579586 0.0583453 0.0579179 0.0570161 0.0559421 0.05489 0.053856 0.0525588 0.0504505 0.0468927 0.041478 0.0343389 0.0262283
 0.0043121 0.0069844 0.0105022 0.0148962 0.0201742 0.0262539 0.0328826 0.0396341 0.0459952 0.051475 0.0556885 0.0584181 0.0596578 0.0596101 0.0586209 0.0570828 0.0553439 0.0536318 0.0519792 0.0501603 0.0476981 0.0440152 0.0387274 0.031937 0.0243188
 0.00456555 0.00738457 0.011084 0.0156889 0.0212021 0.0275344 0.0344189 0.041404 0.047944 0.0535163 0.0577137 0.0603085 0.0612938 0.0608744 0.0594009 0.0572778 0.0548786 0.0524707 0.0501403 0.0477294 0.0448404 0.0409707 0.0357758 0.0293369 0.0222455
 0.00481007 0.00777844 0.0116704 0.0165067 0.0222804 0.0288837 0.0360207 0.0432068 0.0498691 0.0554709 0.0596017 0.0620358 0.0627696 0.0620108 0.0601125 0.057481 0.0544957 0.0514424 0.0484487 0.045426 0.0420676 0.0379608 0.0328156 0.0267029 0.0201318
 0.00502342 0.00812918 0.0122066 0.0172783 0.0233331 0.0302461 0.0376884 0.04513 0.0519523 0.0575848 0.0616042 0.0637954 0.0641823 0.0630061 0.060645 0.0575151 0.0539929 0.0503627 0.0467703 0.0431785 0.0393646 0.0350108 0.0298939 0.0240856 0.0180205
 0.00529058 0.00854964 0.0128152 0.0181033 0.0243966 0.0315641 0.0392627 0.0469369 0.053931 0.0596347 0.063592 0.0655734 0.0656138 0.0639875 0.0611151 0.0574478 0.0533805 0.0492028 0.0450682 0.0409706 0.0367515 0.0321762 0.0270877 0.0215662 0.0159821
 0.00555633 0.00897766 0.0134521 0.01899 0.025562 0.0330134 0.0409669 0.0488278 0.0559106 0.0615915 0.0654147 0.0671575 0.0668635 0.0648197 0.0614662 0.0572796 0.0526791 0.0479741 0.0433362 0.0387885 0.0342229 0.0294709 0.0244301 0.0191887 0.0140601
 0.00579086 0.00935468 0.0140127 0.0197726 0.0265985 0.0343218 0.0425382 0.0506148 0.0578245 0.0635105 0.0672023 0.0686846 0.0680274 0.0655522 0.0617299 0.0570581 0.0519692 0.0467837 0.0416905 0.0367427 0.0318788 0.0269863 0.0220062 0.0170298 0.0123192
 0.00601036 0.009712 0.014552 0.0205367 0.0276229 0.0356234 0.0441019 0.0523846 0.059706 0.0653821 0.0689312 0.0701433 0.069109 0.0661832 0.0618749 0.0567145 0.0511561 0.045532 0.0400416 0.034759 0.0296589 0.0246741 0.0197795 0.0150653 0.0107453
 0.00619274 0.010012 0.0150107 0.021197 0.0285238 0.036789 0.0455272 0.0540252 0.0614761 0.0671636 0.0705895 0.0715469 0.0701477 0.0667813 0.0619959 0.0563572 0.0503452 0.0443094 0.0384626 0.0328961 0.0276117 0.0225749 0.0177836 0.0133218 0.00935903
 0.00638846 0.0103161 0.0154441 0.0217745 0.0292576 0.0376921 0.0466098 0.0552836 0.0628789 0.0686423 0.0720404 0.0728454 0.0711719 0.0674339 0.0622181 0.0561302 0.0496844 0.0432551 0.0370742 0.0312515 0.0258111 0.0207419 0.0160551 0.0118235 0.00817567
 0.00643972 0.0104047 0.0155873 0.0219919 0.0295683 0.0381092 0.0471373 0.0559172 0.0636107 0.0694631 0.0729344 0.0737781 0.0720804 0.0682294 0.0628012 0.0564142 0.0496138 0.0428144 0.0362878 0.0301794 0.0245443 0.0193953 0.0147535 0.0106794 0.00726489
 0.00645638 0.0104368 0.0156452 0.0220903 0.029724 0.0383386 0.0474513 0.056318 0.0640898 0.0700033 0.0735139 0.0743745 0.0726706 0.0687836 0.0632755 0.0567495 0.0497453 0.0426896 0.0358838 0.0295143 0.0236779 0.0184207 0.0137793 0.00980609 0.00656171
 0.0064913 0.0104895 0.0157178 0.022184 0.0298421 0.0384887 0.0476462 0.0565714 0.0644093 0.0703838 0.0739356 0.0748079 0.0730848 0.069153 0.0635795 0.0569659 0.0498447 0.0426366 0.0356483 0.0290875 0.0230851 0.0177222 0.013058 0.00914493 0.00602168
 0.00653396 0.0105444 0.015774 0.0222225 0.0298415 0.0384349 0.047541 0.0564366 0.0642837 0.0703139 0.0739629 0.0749559 0.0733511 0.0695088 0.0639786 0.0573554 0.050173 0.0428577 0.0357256 0.0290012 0.0228407 0.0173555 0.0126287 0.00872066 0.00565787
 0.00661026 0.0106588 0.0159272 0.0224065 0.0300388 0.0386193 0.047681 0.0565019 0.0642562 0.0701991 0.0737931 0.0747831 0.0732293 0.069476 0.0640441 0.057499 0.0503528 0.0430221 0.0358259 0.0290022 0.0227296 0.0171458 0.0123575 0.00843626 0.00540417
 0.00668742 0.0107667 0.0160573 0.0225404 0.0301538 0.038697 0.047713 0.0564894 0.0642049 0.0701134 0.0736778 0.0746482 0.0730955 0.0693731 0.0640012 0.0575317 0.0504541 0.0431624 0.0359621 0.0290918 0.0227442 0.01708 0.0122287 0.008277 0.00524863
 0.00672879 0.0108282 0.0161382 0.0226336 0.030245 0.0387649 0.0477325 0.0564392 0.064077 0.0699212 0.0734537 0.0744331 0.0729248 0.0692686 0.0639717 0.0575766 0.0505647 0.0433202 0.0361381 0.0292509 0.0228556 0.0171269 0.0122138 0.00821918 0.00517341
 0.00671108 0.0108086 0.0161256 0.0226419 0.0302884 0.0388517 0.0478582 0.0565839 0.0642088 0.0700051 0.0734635 0.0743617 0.0727882 0.0691004 0.0638111 0.057456 0.0505021 0.0433169 0.0361807 0.0293159 0.0229163 0.0171627 0.0122163 0.00819296 0.00513181
 0.00674485 0.0108457 0.0161494 0.0226282 0.0302155 0.0387129 0.0476717 0.0563893 0.0640518 0.0699171 0.0734498 0.0744027 0.0728526 0.0691615 0.0638579 0.0574938 0.0505452 0.0433782 0.0362637 0.0294126 0.0230111 0.0172391 0.0122641 0.00821187 0.0051293
 0.00674245 0.0108501 0.0161699 0.0226749 0.0302917 0.0388071 0.0477549 0.056424 0.064011 0.0698016 0.0732907 0.0742459 0.0727354 0.0690978 0.063839 0.0575016 0.050566 0.0434074 0.0363026 0.0294615 0.023065 0.0172891 0.0123017 0.00823298 0.00513575
