SBPRF35
9.47493
Curr Bio
612591
B35
735659
F35
0.192691
FOFL
0.152934
OFL
72707
Bzero
2.70712e+006
#pred survey bio
 4.28094e+006 4.11275e+006 3.94122e+006 3.71155e+006 3.42955e+006 3.12604e+006 2.83807e+006 2.54063e+006 2.27226e+006 1.99612e+006 1.72555e+006 1.534e+006 1.36178e+006 1.19439e+006 1.04977e+006 932785 848465 780689 727235 691239 664178 659549 656127 638661 621317 598483 604013 607395 602205 601616 600810 597843 597768 598974 580643 557534 536028 533676 533201 534313 536672 542848 537530 550504 555193 561614 561465 558481 572159 578864 578642 636312 617890 589349 625954 623452 603454 578771 544833 629316 645975 656138 699816 689450 619790 618536 2.08862e+007 1.28096e+007 1.33074e+007 1.42171e+007 1.53526e+007 1.65155e+007 1.75775e+007 1.84789e+007 1.92069e+007 1.97752e+007 2.02087e+007 2.05342e+007 2.07763e+007 2.09553e+007 2.10874e+007 2.1185e+007 2.12573e+007 2.1311e+007 2.13511e+007 2.13812e+007 2.14039e+007 2.14212e+007 2.14343e+007 2.14444e+007 2.14522e+007 2.14582e+007 2.14628e+007 2.14664e+007 2.14692e+007 2.14714e+007 2.14732e+007 2.14745e+007 2.14756e+007 2.14764e+007 2.14771e+007 2.14776e+007 2.1478e+007 2.14783e+007 2.14786e+007 2.14788e+007 2.1479e+007 2.14791e+007 2.14792e+007 2.14793e+007 2.14793e+007 2.14794e+007 2.14794e+007 2.14795e+007 2.14795e+007 2.14795e+007 2.14795e+007 2.14795e+007 2.14795e+007 2.14795e+007 2.14796e+007 2.14796e+007 2.14796e+007 2.14796e+007 2.14796e+007 2.14796e+007 2.14796e+007 2.14796e+007 2.14796e+007 2.14796e+007 2.14796e+007 2.14796e+007 2.14796e+007 2.14796e+007 2.14796e+007 2.14796e+007 2.14796e+007 2.14796e+007 2.14796e+007 2.14796e+007 2.14796e+007 2.14796e+007 2.14796e+007 2.14796e+007 2.14796e+007 2.14796e+007 2.14796e+007 2.14796e+007 2.14796e+007 2.14796e+007 2.14796e+007 2.14796e+007 2.14796e+007 2.14796e+007 2.14796e+007 2.14796e+007 2.14796e+007 2.14796e+007 2.14796e+007 2.14796e+007 2.14796e+007 2.14796e+007 2.14796e+007 2.14796e+007 2.14796e+007 2.14796e+007 0 0 0 0 0 0 0 0 0 0 0 0 0 0 0 0 0 0 0 0 0 0 0 0 0
#obs survey bio
 3.42671e+006 2.56004e+006 3.97103e+006 3.01522e+006 3.33096e+006 4.31512e+006 2.50184e+006 1.88085e+006 1.7151e+006 1.75096e+006 1.39364e+006 1.10982e+006 1.0754e+006 1.28155e+006 926928 679128 807887 515412 475670 489666 606825 648171 999741 579189 660703 691201 386445 539915 585748 776133 514267 723433 874971 685961 506220 572924 592945 503088 478203 693700 559764 459799 599235 638246 692733 547564 513452 918042 628796 439167 626456 819059 454913 516051 578774 749904 704316 451028 605656 581374 526221 636738 975057 589918 993129 609764
#pred catch bio
 97745.5 98192.7 154733 213867 250807 257889 290400 288200 316529 328537 271210 264132 265880 248716 225909 197915 182456 167390 149195 138272 117022 114444 123132 118753 119552 94137.2 96736 103928 98780.3 96968.1 96067.4 90630.5 86635.9 99574.5 99422 96086.8 82144.4 85215.9 87423.2 88541.4 86950.8 97233.7 82029.9 89230.1 87612.5 93127.1 95089.6 81285.5 88266.5 94545.1 47504.1 111977 118039 64196.6 98673.9 111292 113649 121510 26879.4 89565.2 96127.8 70686.8 117752 165097 105322 120489 72707 91780 94293.8 99649.8 107115 114949 122057 127975 132629 136140 138710 140548 141839 142732 143345 143760 144040 144228 144354 144437 144492 144528 144553 144568 144579 144586 144590 144593 144595 144596 144597 144598 144598 144598 144598 144598 144599 144599 144599 144599 144599 144599 144599 144599 144599 144599 144599 144599 144599 144599 144599 144599 144599 144599 144599 144599 144599 144599 144599 144599 144599 144599 144599 144599 144599 144599 144599 144599 144599 144599 144599 144599 144599 144599 144599 144599 144599 144599 144599 144599 144599 144599 144599 144599 144599 144599 144599 144599 144599 144599 144599 144599 144599 144599 144599 144599 144599 144599 144599 144599 0 0 0 0 0 0 0 0 0 0 0 0 0 0 0 0 0 0 0 0 0 0 0 0 0
#obs catch bio
 0 98033.1 155328 215323 252485 258778 292225 291574 322454 335974 275633 269728 272294 253138 230894 202956 186981 171879 152480 141472 118604 116064 124870 119761 120101 94225.5 97627.6 105392 100047 97980 96878.8 90842.5 86534.3 99435 99420.2 96291.7 81840.3 84935.2 87254.4 88273.7 86962.4 97912.8 82235.7 89349.1 87269.5 92973.4 95508.1 80771.8 88063.3 95269.6 46954.4 112091 118465 63645.4 98808.2 110956 112281 122602 26314.8 90155.5 96762.1 70431.2 117748 166045 104588 120647
#pred cpue bio
 4.2178e+006 4.05298e+006 3.8847e+006 3.65686e+006 3.3763e+006 3.07438e+006 2.7876e+006 2.49119e+006 2.22374e+006 1.94942e+006 1.68125e+006 1.49118e+006 1.3205e+006 1.15511e+006 1.01237e+006 896877 813782 747475 695547 660818 634885 630700 627760 611393 595109 573161 578430 581511 576508 576342 576171 573919 574461 576227 558901 536736 515297 511642 510020 510720 512978 518925 513762 526543 531360 537714 537530 534650 548010 554453 554175 610729 593295 565080 600283 598253 579127 554654 520602 602285 619043 628901 671207 661217 592864 591156 1.99838e+007 1.22802e+007 1.26791e+007 1.34708e+007 1.45616e+007 1.57131e+007 1.67727e+007 1.76735e+007 1.84014e+007 1.89698e+007 1.94033e+007 1.97288e+007 1.99708e+007 2.01498e+007 2.0282e+007 2.03796e+007 2.04518e+007 2.05055e+007 2.05456e+007 2.05757e+007 2.05985e+007 2.06157e+007 2.06289e+007 2.06389e+007 2.06467e+007 2.06527e+007 2.06574e+007 2.0661e+007 2.06638e+007 2.0666e+007 2.06677e+007 2.06691e+007 2.06701e+007 2.0671e+007 2.06716e+007 2.06722e+007 2.06726e+007 2.06729e+007 2.06731e+007 2.06734e+007 2.06735e+007 2.06736e+007 2.06737e+007 2.06738e+007 2.06739e+007 2.06739e+007 2.0674e+007 2.0674e+007 2.0674e+007 2.06741e+007 2.06741e+007 2.06741e+007 2.06741e+007 2.06741e+007 2.06741e+007 2.06741e+007 2.06741e+007 2.06741e+007 2.06741e+007 2.06741e+007 2.06741e+007 2.06741e+007 2.06741e+007 2.06741e+007 2.06741e+007 2.06741e+007 2.06741e+007 2.06741e+007 2.06741e+007 2.06741e+007 2.06741e+007 2.06741e+007 2.06741e+007 2.06741e+007 2.06741e+007 2.06741e+007 2.06741e+007 2.06741e+007 2.06741e+007 2.06741e+007 2.06741e+007 2.06741e+007 2.06741e+007 2.06741e+007 2.06741e+007 2.06741e+007 2.06741e+007 2.06741e+007 2.06741e+007 2.06741e+007 2.06741e+007 2.06741e+007 2.06741e+007 2.06741e+007 2.06741e+007 2.06741e+007 2.06741e+007 2.06741e+007 2.06741e+007 2.06741e+007 0 0 0 0 0 0 0 0 0 0 0 0 0 0 0 0 0 0 0 0 0 0 0 0 0
#obs cpue bio
 4.03018e+006 2.67731e+006 3.73677e+006 3.06717e+006 4.12342e+006 2.97928e+006 2.82755e+006 1.35373e+006 1.80236e+006 1.77782e+006 1.84766e+006 1.30284e+006 1.26448e+006 1.23441e+006 675914 654866 633136 683226 877170 631478 746003 494659 412222 767289 772513 437993 474476 447412 473056 457177 712780 689106 467687 634228 548746 465559 631285 610217 522981 447539 351223 452112 423384 615372 598747 504051 396449 633615 422141 504170 615021 713766 616631 694015 639880 626478 935875 393989 616428 562906 434994 646799 731132 703796 477787 518666
#pred surv len freq
 0.00533492 0.00858257 0.012769 0.0178272 0.023612 0.0298356 0.036031 0.0416509 0.0462706 0.0497339 0.052138 0.0537106 0.054693 0.055276 0.0555729 0.0556134 0.0553539 0.0546976 0.0534994 0.0515473 0.0485541 0.0442218 0.0384129 0.031354 0.0237074
 0.00545614 0.00870163 0.0128093 0.0176831 0.023194 0.0291312 0.0351425 0.0407726 0.0456056 0.0493976 0.0521073 0.0538488 0.0548294 0.0552925 0.0554562 0.0554546 0.0553021 0.0548876 0.0539841 0.0522677 0.0493619 0.0449461 0.0389326 0.0316366 0.0237989
 0.00571515 0.00909768 0.0133529 0.0183525 0.0239235 0.0298067 0.0356152 0.0409026 0.0453273 0.0487677 0.0512929 0.0530485 0.0541763 0.0548059 0.0550718 0.0551027 0.054973 0.0546403 0.0538994 0.052383 0.0496359 0.0452755 0.0392072 0.031792 0.0238344
 0.00590712 0.00941955 0.0138545 0.0190829 0.0249156 0.0310523 0.037039 0.0423521 0.0465936 0.0496391 0.051624 0.0528141 0.0534779 0.0538216 0.0539766 0.0540111 0.0539363 0.0536837 0.0530552 0.0516888 0.0491075 0.0448892 0.0389118 0.0315403 0.023606
 0.00614432 0.00979294 0.0143953 0.0198168 0.0258633 0.0322279 0.0384403 0.0439432 0.0482867 0.0512857 0.053027 0.0537681 0.0538294 0.0535225 0.0531001 0.0527173 0.05241 0.0520836 0.0514959 0.0502483 0.0478365 0.0438131 0.0380324 0.0308442 0.0230751
 0.00649234 0.0103308 0.015153 0.0208047 0.0270734 0.0336362 0.0400075 0.0456151 0.049997 0.052958 0.0545694 0.0550633 0.0547344 0.0538927 0.052835 0.0518041 0.0509369 0.0502141 0.0494219 0.0481477 0.0458518 0.0420462 0.0365465 0.0296667 0.0222011
 0.00687752 0.0109342 0.0160183 0.0219561 0.0285112 0.0353311 0.0418941 0.0475937 0.0519493 0.0547716 0.0561555 0.0563558 0.0556728 0.0544041 0.052832 0.0512076 0.0497158 0.0484175 0.0471843 0.0456641 0.0433366 0.0396947 0.0345077 0.0280283 0.0209858
 0.00721596 0.011483 0.0168411 0.0231099 0.0300339 0.0372227 0.0440975 0.0499891 0.0543715 0.057044 0.0581237 0.0579068 0.0567375 0.0549441 0.0528203 0.0506147 0.0485148 0.0466105 0.0448363 0.0429212 0.0404156 0.0368438 0.0319544 0.0259328 0.019415
 0.00743655 0.0118486 0.0174055 0.0239308 0.0311651 0.0386994 0.0459177 0.0521001 0.0566685 0.0593809 0.060332 0.0598197 0.0582125 0.055879 0.0531551 0.0503213 0.0475843 0.045053 0.0426988 0.0403145 0.037528 0.0339236 0.0292602 0.0236711 0.0176935
 0.00771876 0.0122957 0.0180577 0.0248206 0.0323157 0.0401208 0.0475988 0.0540016 0.0587211 0.0614886 0.0623784 0.0616745 0.0597409 0.0569558 0.0536787 0.0502234 0.0468314 0.0436468 0.0406824 0.037789 0.034667 0.0309675 0.0264769 0.0212922 0.015856
 0.00816786 0.0129889 0.0190323 0.0260873 0.0338591 0.0419018 0.0495543 0.0560451 0.0607523 0.0634086 0.0641022 0.063132 0.0608702 0.057694 0.0539596 0.049982 0.0460153 0.0422297 0.0386815 0.0352838 0.0318135 0.0279939 0.0236481 0.0188481 0.0139486
 0.00846242 0.0134607 0.0197286 0.0270455 0.0350981 0.0434096 0.0512767 0.0578857 0.0625903 0.0651273 0.0656108 0.0643728 0.0618092 0.0583066 0.0542161 0.0498409 0.0454263 0.0411479 0.0370909 0.0332244 0.0294022 0.0254239 0.0211579 0.0166634 0.0122218
 0.00869399 0.0138381 0.0202986 0.0278525 0.0361764 0.0447695 0.0528892 0.059675 0.0644405 0.0669025 0.0671805 0.0656328 0.0626946 0.0587917 0.0543026 0.0495383 0.0447358 0.0400597 0.0355983 0.0313521 0.0272342 0.0231145 0.0189098 0.014678 0.010641
 0.00906382 0.0144081 0.0210989 0.0288925 0.0374465 0.0462447 0.054527 0.0614109 0.0661868 0.0685545 0.0686279 0.0667737 0.0634494 0.0591144 0.054184 0.0489987 0.0438094 0.0387803 0.0339967 0.0294698 0.0251469 0.0209476 0.0168289 0.0128508 0.00918791
 0.00945893 0.015026 0.0219823 0.0300619 0.0388946 0.0479291 0.0563651 0.0632835 0.0679585 0.0701024 0.0698625 0.0676417 0.0639241 0.0591854 0.0538533 0.048282 0.0427365 0.0373915 0.0323399 0.0276037 0.0231518 0.0189345 0.0149337 0.0112071 0.00788974
 0.00969405 0.015414 0.0225763 0.0309131 0.0400396 0.0493708 0.0580534 0.0651107 0.0697756 0.0717509 0.0712066 0.068589 0.0644315 0.0592517 0.0535056 0.0475615 0.0416888 0.0360642 0.0307851 0.0258839 0.0213472 0.0171461 0.0132761 0.00978675 0.00677725
 0.00975447 0.0155223 0.0227591 0.0312055 0.0404821 0.0500014 0.0588962 0.0661633 0.0709992 0.073067 0.0725035 0.0697404 0.065321 0.059796 0.0536655 0.0473389 0.0411152 0.0351879 0.0296638 0.0245847 0.01995 0.0157447 0.0119707 0.00866683 0.00590028
 0.00979362 0.0155855 0.0228544 0.0313424 0.040673 0.0502628 0.0592481 0.0666258 0.0715864 0.0737783 0.0733144 0.0705966 0.066142 0.0604871 0.0541378 0.0475281 0.0409931 0.0347628 0.0289744 0.0236922 0.0189322 0.0146911 0.0109728 0.00780348 0.00522155
 0.00984173 0.0156571 0.0229501 0.0314591 0.0408059 0.0504085 0.0594078 0.0668067 0.0718021 0.0740459 0.07365 0.0710066 0.0666134 0.0609817 0.0545937 0.0478718 0.0411566 0.0347018 0.0286789 0.0231884 0.0182773 0.0139623 0.0102534 0.00716594 0.00471341
 0.00984157 0.0156544 0.0229417 0.0314407 0.0407735 0.0503613 0.0593501 0.0667498 0.0717634 0.0740481 0.0737171 0.0711595 0.066863 0.0613218 0.0549955 0.0482838 0.0415126 0.0349359 0.0287431 0.0230669 0.0179911 0.0135636 0.00981084 0.00674613 0.00436459
 0.00996002 0.0158161 0.023128 0.0316155 0.0408932 0.0503916 0.0592796 0.0665934 0.0715554 0.0738304 0.0735302 0.0710372 0.0668297 0.0613897 0.0551609 0.0485237 0.0417849 0.0351853 0.028914 0.0231193 0.0179137 0.0133767 0.00955892 0.00648159 0.00413105
 0.00984551 0.0156509 0.022917 0.031374 0.0406392 0.0501354 0.0590189 0.0663193 0.0712663 0.0735448 0.0732882 0.0708894 0.0668189 0.0615365 0.0554587 0.0489413 0.0422733 0.0356848 0.0293636 0.0234679 0.0181318 0.0134637 0.00954094 0.00640048 0.0040291
 0.00958504 0.0152664 0.0224117 0.030778 0.040004 0.0495208 0.0584814 0.0659027 0.0709948 0.07342 0.0732932 0.0710009 0.0670215 0.0618271 0.0558404 0.0494108 0.0428107 0.0362522 0.0299108 0.0239439 0.0184982 0.0137047 0.00966607 0.00643858 0.00401627
 0.00956859 0.0152206 0.0223088 0.0305842 0.0396922 0.049089 0.0579658 0.065374 0.0705361 0.0730971 0.0731346 0.0709961 0.0671358 0.0620228 0.0560919 0.0497074 0.0431489 0.0366235 0.0302943 0.0243074 0.0188072 0.0139348 0.00981108 0.0065103 0.00403755
 0.00968432 0.0153826 0.022503 0.0307774 0.039837 0.0491344 0.0578705 0.0651196 0.0701376 0.0726058 0.072629 0.0705591 0.0668287 0.0618699 0.0560825 0.0498115 0.0433339 0.0368618 0.0305618 0.0245791 0.0190565 0.0141387 0.00995662 0.00659836 0.0040802
 0.0100378 0.0159026 0.0231829 0.0315724 0.0406721 0.0499207 0.0585191 0.0655511 0.0702917 0.0724548 0.0721893 0.0698942 0.0660368 0.0610595 0.0553458 0.0492069 0.0428827 0.0365571 0.0303805 0.0244914 0.0190313 0.0141467 0.00997466 0.0066123 0.0040853
 0.0100745 0.0159695 0.0232955 0.0317463 0.0409151 0.0502224 0.0588446 0.0658447 0.0704928 0.0725174 0.0720958 0.0696577 0.0656947 0.0606641 0.0549546 0.0488718 0.0426397 0.0364198 0.0303408 0.0245256 0.019109 0.0142391 0.0100596 0.00667742 0.00412763
 0.00987397 0.0156936 0.0229735 0.0314379 0.0406951 0.0501553 0.0589609 0.0661313 0.0708975 0.0729635 0.072501 0.0699531 0.0658406 0.0606574 0.0548258 0.0486728 0.0424274 0.0362416 0.0302244 0.0244769 0.0191158 0.0142798 0.0101121 0.00672548 0.00416319
 0.00968387 0.0154066 0.0225847 0.0309632 0.040174 0.0496502 0.0585524 0.0659032 0.0709119 0.0732342 0.0729808 0.0705457 0.0664321 0.0611513 0.055167 0.0488539 0.0424797 0.0362163 0.0301732 0.0244371 0.0191044 0.0142958 0.0101444 0.00676104 0.00419298
 0.00948869 0.0151008 0.022147 0.0303841 0.039461 0.0488347 0.057696 0.0650984 0.0702692 0.0728575 0.0729381 0.0708475 0.0670245 0.0619296 0.0560051 0.0496396 0.0431407 0.0367283 0.0305502 0.0247119 0.0193101 0.0144552 0.0102688 0.00685457 0.0042583
 0.00934516 0.0148722 0.0218119 0.0299261 0.0388725 0.048122 0.0568873 0.0642474 0.0694535 0.0721684 0.0724668 0.0706672 0.0671724 0.0623928 0.0567177 0.0504969 0.0440267 0.0375458 0.0312403 0.0252564 0.0197201 0.0147544 0.0104815 0.00700077 0.00435367
 0.00923276 0.0146956 0.0215572 0.0295838 0.0384378 0.0475968 0.0562826 0.0635869 0.0687749 0.0715221 0.071913 0.0702705 0.0669929 0.0624723 0.0570649 0.0510778 0.0447678 0.0383509 0.032016 0.0259339 0.0202652 0.0151637 0.010771 0.00719429 0.00447555
 0.00912757 0.014526 0.021305 0.0292337 0.0379815 0.047038 0.0556421 0.0629034 0.0680978 0.0709026 0.0713964 0.0698949 0.0667911 0.0624722 0.0572845 0.0515159 0.0453941 0.039105 0.0328166 0.0266982 0.0209285 0.0156912 0.0111575 0.0074563 0.00464
 0.00893755 0.0142402 0.0209176 0.0287534 0.0374271 0.0464322 0.055008 0.0622655 0.0674861 0.0703527 0.0709465 0.0695806 0.0666405 0.0625033 0.0575054 0.0519237 0.0459718 0.0398156 0.0336026 0.0274885 0.0216531 0.0162978 0.0116216 0.00778097 0.00484764
 0.00897005 0.0142787 0.020949 0.0287575 0.037382 0.0463234 0.054834 0.0620369 0.0672175 0.0700554 0.0706273 0.0692479 0.0663124 0.0622113 0.0572898 0.051824 0.0460153 0.040009 0.0339266 0.0278999 0.0220944 0.016712 0.011967 0.00803857 0.00502022
 0.00970896 0.015328 0.0222463 0.0301477 0.0386591 0.0472995 0.0553962 0.0621634 0.0669572 0.0694929 0.0698541 0.0683469 0.0653523 0.0612487 0.0563751 0.0510051 0.0453366 0.0395038 0.0336081 0.0277551 0.0220866 0.0167904 0.0120809 0.00814956 0.00510742
 0.0105701 0.0166485 0.0240783 0.0324673 0.0413518 0.0501524 0.0581046 0.0643732 0.0683515 0.0698915 0.0692685 0.0669564 0.0634231 0.0590473 0.0541164 0.0488415 0.0433701 0.0378012 0.0322089 0.0266718 0.021303 0.0162652 0.0117571 0.00796687 0.00501343
 0.0105722 0.0167403 0.0243786 0.0331369 0.0425471 0.0519515 0.0604407 0.0670146 0.0709442 0.0720482 0.0706669 0.067416 0.0629393 0.0577739 0.0523048 0.0467657 0.0412671 0.0358442 0.0305065 0.0252794 0.0202335 0.0154974 0.0112449 0.00765125 0.00483456
 0.0102994 0.0163504 0.0238972 0.0326375 0.0421515 0.0518171 0.060734 0.0678665 0.0723908 0.0739794 0.0728194 0.0694299 0.0644633 0.0585704 0.0523096 0.0460815 0.0401058 0.0344511 0.0290986 0.0240117 0.0191929 0.0147118 0.0106985 0.00730183 0.00462994
 0.0102203 0.0162056 0.0236519 0.0322568 0.0416188 0.0511606 0.0600476 0.067309 0.0721522 0.0742222 0.0736142 0.070712 0.0660299 0.0601294 0.0535666 0.0468303 0.0402834 0.0341351 0.0284564 0.0232336 0.0184372 0.0140779 0.0102259 0.00698497 0.00443803
 0.0102357 0.0162228 0.0236615 0.0322412 0.0415515 0.0510099 0.0597866 0.0669324 0.0716972 0.0737803 0.0733207 0.0707046 0.0663907 0.0608358 0.0544819 0.0477449 0.0409903 0.0345034 0.0284675 0.022967 0.0180219 0.0136389 0.00984871 0.0067067 0.00425771
 0.0100983 0.0160295 0.0234257 0.031993 0.0413269 0.0508348 0.0596636 0.0668394 0.0716 0.0736528 0.0731663 0.0705682 0.0663505 0.0609733 0.0548377 0.048286 0.04161 0.0350608 0.028846 0.0231184 0.0179739 0.0134677 0.00963853 0.00651872 0.00411992
 0.0100598 0.0159716 0.0233485 0.0319019 0.0412343 0.0507597 0.0596283 0.0668619 0.0716819 0.0737722 0.0732814 0.0706359 0.0663516 0.0609281 0.0547996 0.0483118 0.041725 0.0352401 0.0290258 0.0232315 0.0179847 0.0133848 0.00950227 0.00637547 0.00400194
 0.00992116 0.0157473 0.023014 0.0314386 0.0406377 0.0500501 0.0588601 0.0661217 0.0710717 0.0733815 0.0731605 0.070783 0.0667182 0.0614404 0.0553862 0.0489229 0.0423335 0.0358269 0.0295647 0.0236868 0.0183248 0.0135994 0.0096078 0.00640637 0.00399478
 0.00996635 0.0158038 0.0230667 0.0314608 0.0405951 0.0499099 0.0586011 0.065744 0.070602 0.0728739 0.0726886 0.0704226 0.0665257 0.0614365 0.0555531 0.0492167 0.0427023 0.0362244 0.0299535 0.0240356 0.0186081 0.0138021 0.00973046 0.00646468 0.00401195
 0.00998863 0.0158388 0.0231162 0.0315232 0.0406627 0.049966 0.0586197 0.0656932 0.0704547 0.0726201 0.0723451 0.0700348 0.0661577 0.061154 0.0554041 0.0492183 0.0428395 0.0364591 0.030238 0.0243246 0.0188656 0.014005 0.00987068 0.00654783 0.00405259
 0.00990506 0.0157316 0.0230075 0.0314503 0.0406668 0.0500737 0.0588276 0.0659647 0.0707293 0.0728314 0.0724399 0.0699868 0.0659757 0.0608796 0.0551006 0.0489515 0.0426585 0.036384 0.0302594 0.0244128 0.0189835 0.0141204 0.00996292 0.00660952 0.00408683
 0.00999741 0.0158506 0.023131 0.0315427 0.0406948 0.0500274 0.0587333 0.0658768 0.0707035 0.0728933 0.07257 0.07013 0.0660681 0.0608775 0.054997 0.0487755 0.0424599 0.036213 0.0301489 0.0243706 0.0189961 0.0141636 0.0100131 0.00665129 0.00411446
 0.0100238 0.0158809 0.0231522 0.0315325 0.0406243 0.0498687 0.0584705 0.0655176 0.0702874 0.0724895 0.0722596 0.069977 0.0660928 0.0610494 0.0552519 0.0490467 0.0427039 0.0364175 0.0303232 0.0245295 0.0191469 0.0143029 0.0101321 0.00674255 0.0041765
 0.00992783 0.015759 0.0230306 0.0314535 0.0406302 0.0499788 0.0586637 0.065734 0.0704511 0.0725408 0.0721804 0.0697971 0.0658748 0.0608604 0.0551361 0.0490123 0.0427307 0.0364754 0.0303899 0.0245957 0.0192119 0.0143668 0.0101917 0.00679306 0.00421425
 0.00979218 0.0155609 0.0227757 0.0311656 0.0403501 0.0497576 0.0585524 0.0657693 0.0706385 0.0728433 0.0725248 0.070099 0.0660729 0.0609389 0.0551229 0.0489571 0.0426781 0.0364487 0.0303917 0.0246178 0.0192449 0.0144039 0.0102284 0.00682555 0.00423986
 0.00935397 0.0148557 0.0217317 0.029732 0.0385202 0.0475997 0.0562341 0.0635494 0.0688148 0.0716727 0.0721515 0.0705239 0.0671687 0.0624994 0.0569246 0.0508093 0.0444469 0.0380551 0.0317948 0.0257987 0.0201987 0.0151382 0.0107631 0.00719082 0.00447197
 0.00988264 0.0156293 0.0227327 0.0308781 0.0396742 0.0485943 0.0569013 0.0637541 0.0684917 0.0708582 0.0709887 0.0692258 0.0659524 0.0615224 0.0562526 0.0504247 0.0442832 0.0380351 0.0318547 0.0258954 0.0203057 0.0152393 0.0108488 0.00725679 0.00451818
 0.0101194 0.0160505 0.0234286 0.0319415 0.0411614 0.0504711 0.0590024 0.0657914 0.0701244 0.0717963 0.0710814 0.0684978 0.0645819 0.059778 0.0544146 0.048717 0.0428375 0.0368931 0.0309962 0.0252723 0.0198664 0.0149397 0.010653 0.00713588 0.00444846
 0.00945187 0.0150586 0.0221153 0.030386 0.0395164 0.0489436 0.0578236 0.0651698 0.0701816 0.0725091 0.0722706 0.0698853 0.0658918 0.060829 0.055158 0.0492134 0.0431966 0.0372128 0.0313288 0.0256221 0.0202088 0.0152442 0.0108985 0.00731571 0.00456831
 0.00947464 0.0150437 0.0219994 0.0300848 0.0389556 0.0481048 0.0567815 0.0640944 0.0692951 0.0720146 0.0722811 0.0703835 0.0667357 0.0618038 0.0560539 0.0498952 0.0436326 0.0374549 0.0314632 0.0257227 0.0203137 0.0153579 0.0110086 0.00740838 0.00463648
 0.0099708 0.0157708 0.0229419 0.0311668 0.0400484 0.0490501 0.0574208 0.0643035 0.0690243 0.0713209 0.0713268 0.0693881 0.0658966 0.0612261 0.0557271 0.0497247 0.0435038 0.0372912 0.0312485 0.025487 0.0201 0.0151957 0.0109043 0.00735145 0.00461044
 0.0104521 0.0165249 0.0240202 0.0325875 0.0417809 0.0509965 0.059403 0.0660754 0.0703206 0.0719314 0.071164 0.0685152 0.0645064 0.0595777 0.0540665 0.0482202 0.0422233 0.0362246 0.0303553 0.0247351 0.0194794 0.0147088 0.0105496 0.00711474 0.00446663
 0.0106528 0.0168854 0.024625 0.033533 0.0431485 0.0528107 0.061591 0.0684524 0.0726153 0.0738409 0.0724191 0.0689397 0.0640575 0.0583574 0.0522933 0.0461678 0.0401471 0.0343084 0.0286957 0.023361 0.0183832 0.0138692 0.00993949 0.00670005 0.00420636
 0.00974265 0.0154803 0.0226578 0.0310139 0.0401883 0.0496396 0.0585619 0.0659984 0.0711461 0.0736117 0.0734398 0.0709732 0.0667046 0.0611825 0.0549389 0.04842 0.041941 0.0356848 0.0297398 0.0241535 0.0189812 0.0143094 0.0102496 0.00690624 0.00433472
 0.0100327 0.0158552 0.0230417 0.031272 0.0401591 0.0491907 0.0576467 0.0646882 0.0696284 0.0721546 0.072328 0.0704269 0.0668086 0.0618577 0.0559762 0.0495621 0.042971 0.0364809 0.0302801 0.0244825 0.0191657 0.0144078 0.0103011 0.00693322 0.0043488
 0.0100388 0.0159169 0.0232239 0.0316502 0.0407782 0.0500123 0.0585171 0.0653657 0.0698704 0.0718273 0.071475 0.0692599 0.0656254 0.0609307 0.0554611 0.0494632 0.0431708 0.0368126 0.0305998 0.0247112 0.0192895 0.0144518 0.0103008 0.00691644 0.00433107
 0.00966052 0.015342 0.0224382 0.0306798 0.0396968 0.0489406 0.0576075 0.0647632 0.0696542 0.0719644 0.071827 0.0696534 0.065945 0.0611743 0.0557213 0.0498535 0.043749 0.0375477 0.0313941 0.0254528 0.0198987 0.0148997 0.0105999 0.00710034 0.00443615
 0.00996695 0.0157778 0.0229779 0.0312589 0.0402286 0.0493457 0.0578408 0.0648263 0.0695894 0.0718319 0.0716737 0.0694852 0.0657247 0.0608514 0.0552795 0.0493386 0.0432543 0.0371651 0.0311688 0.02537 0.0199054 0.0149395 0.0106364 0.00712069 0.00444262
 0.0102463 0.0162854 0.0238341 0.0325906 0.0421174 0.051756 0.06057 0.0675218 0.071846 0.0733226 0.0722427 0.0691607 0.0646626 0.0592581 0.0533549 0.0472573 0.0411702 0.0352164 0.0294673 0.0239825 0.018845 0.0141744 0.0101114 0.00677716 0.0042293
 0.00932699 0.0149485 0.0221214 0.0306608 0.0402243 0.0501982 0.0596298 0.0674033 0.0726136 0.0748598 0.074266 0.0713015 0.066584 0.0607443 0.0543353 0.047774 0.0413253 0.0351306 0.0292549 0.0237367 0.0186277 0.0140134 0.0100073 0.00671639 0.00419599
#obs surv len freq
 nan nan nan nan nan nan nan nan nan nan nan nan nan nan nan nan nan nan nan nan nan nan nan nan nan
 0.00448621 0.0073488 0.0111807 0.0159996 0.0217034 0.0279821 0.0342986 0.0400309 0.0447095 0.0481706 0.0505245 0.0520157 0.0529034 0.0534116 0.0537225 0.0539748 0.0542516 0.0545431 0.054681 0.0542726 0.0527108 0.0493437 0.0437948 0.0362768 0.0276626
 0.00461688 0.00756256 0.0115045 0.0164587 0.0223149 0.0287458 0.0351878 0.0409894 0.0456594 0.0490267 0.0512108 0.0524765 0.053109 0.0533597 0.0534336 0.0534852 0.0536042 0.0537806 0.0538426 0.0533954 0.0518337 0.0485097 0.0430485 0.0356559 0.0271881
 0.00477382 0.00782062 0.0118983 0.0170223 0.0230749 0.0297107 0.0363361 0.0422647 0.0469761 0.0502847 0.0523097 0.0533284 0.053647 0.053544 0.0532554 0.0529649 0.0527854 0.0527216 0.0526091 0.0520573 0.050466 0.0471927 0.0418618 0.0346651 0.0264294
 0.00496834 0.00813808 0.0123785 0.0177032 0.0239862 0.030862 0.0377054 0.0437929 0.0485737 0.0518456 0.0537265 0.0545013 0.0544904 0.0539915 0.0532655 0.0525256 0.0519162 0.0514717 0.0510538 0.0502937 0.0486097 0.0453714 0.0402019 0.03327 0.0253571
 0.00518694 0.00849428 0.0129162 0.018464 0.0250017 0.0321419 0.0392247 0.0454873 0.0503477 0.05359 0.0553334 0.0558727 0.0555401 0.0546456 0.0534647 0.0522301 0.0511129 0.0501812 0.0493363 0.0482521 0.0463869 0.0431387 0.038135 0.0315154 0.0240003
 0.00540779 0.0088577 0.0134713 0.0192593 0.0260757 0.0335084 0.0408574 0.047315 0.0522647 0.0554768 0.0570758 0.0573716 0.0567122 0.0554215 0.0537852 0.052047 0.0503932 0.0489183 0.0475647 0.0460612 0.0439265 0.040608 0.0357511 0.0294667 0.0224029
 0.00563903 0.00923808 0.0140522 0.0200918 0.0272014 0.0349437 0.0425779 0.0492488 0.0543017 0.0574893 0.0589386 0.0589752 0.057968 0.0562604 0.0541539 0.0519024 0.0497016 0.0476624 0.0457606 0.0437804 0.0413117 0.037869 0.0331317 0.027189 0.0206111
 0.00587649 0.00962667 0.014642 0.0209317 0.0283303 0.0363768 0.0442916 0.0511744 0.0563345 0.0595066 0.0608185 0.0606083 0.0592625 0.0571428 0.0545676 0.0518038 0.0490573 0.0464527 0.0439929 0.0415128 0.0386747 0.0350687 0.0304202 0.0248059 0.0187201
 0.00613496 0.0100467 0.0152737 0.0218216 0.0295126 0.0378598 0.0460436 0.0531188 0.0583606 0.0614907 0.0626438 0.0621749 0.0604895 0.0579666 0.054938 0.0516807 0.0484086 0.0452576 0.0422545 0.0392801 0.0360665 0.0322808 0.0277007 0.0223982 0.0167967
 0.00638137 0.0104536 0.0158978 0.0227185 0.0307251 0.0393992 0.0478713 0.0551421 0.0604481 0.0635006 0.064449 0.0636763 0.0616167 0.0586728 0.0551919 0.0514592 0.0476922 0.0440324 0.0405241 0.0370878 0.0335195 0.0295604 0.0250418 0.0200361 0.0149021
 0.00661022 0.0108293 0.01647 0.0235368 0.0318296 0.0408061 0.0495569 0.0570351 0.0624366 0.0654512 0.0662287 0.0651694 0.0627356 0.0593606 0.0554191 0.0512142 0.0469716 0.0428373 0.0388674 0.0350133 0.0311249 0.0270097 0.0225491 0.0178183 0.0131189
 0.00684592 0.0112149 0.0170548 0.0243676 0.0329415 0.0422073 0.0512142 0.0588692 0.0643339 0.0672856 0.0678817 0.0665407 0.0637474 0.0599582 0.0555706 0.0509076 0.0462094 0.041632 0.0372445 0.0330233 0.0288624 0.024624 0.0202318 0.0157631 0.0114683
 0.00706854 0.0115818 0.0176159 0.0251717 0.0340256 0.0435804 0.0528404 0.0606636 0.0661752 0.0690412 0.0694307 0.0677883 0.0646275 0.0604312 0.0556181 0.0505268 0.045409 0.0404301 0.0356724 0.0311357 0.0267511 0.0224254 0.0181157 0.0138978 0.00997602
 0.00726489 0.0119053 0.0181106 0.0258814 0.034985 0.0448009 0.0542962 0.0622847 0.0678568 0.070662 0.0708737 0.0689549 0.0654459 0.0608587 0.0556384 0.0501436 0.0446387 0.0392986 0.0342164 0.0294114 0.0248455 0.0204613 0.0162409 0.0122558 0.0086685
 0.00743815 0.0121878 0.0185375 0.026486 0.035793 0.0458204 0.0555066 0.0636331 0.0692629 0.0720324 0.0721148 0.0699832 0.0661936 0.0612775 0.0557014 0.0498443 0.043988 0.038321 0.03295 0.0279125 0.0231956 0.0187698 0.0146351 0.0108564 0.0075588
 0.00753072 0.0123398 0.0187696 0.0268193 0.0362466 0.0464064 0.0562242 0.0644647 0.0701756 0.072981 0.0730463 0.0708398 0.0669154 0.0618072 0.0559892 0.0498541 0.0437008 0.0377374 0.032092 0.0268256 0.0219516 0.0174652 0.0133805 0.00975503 0.00668185
 0.00760132 0.0124516 0.0189327 0.0270419 0.0365347 0.0467632 0.0566488 0.0649511 0.0707123 0.0735527 0.073634 0.0714187 0.067454 0.062266 0.0563235 0.0500182 0.0436558 0.0374589 0.0315769 0.026098 0.021065 0.0164995 0.0124301 0.00890882 0.00600231
 0.00767128 0.0125583 0.01908 0.0272292 0.0367572 0.0470139 0.0569199 0.065235 0.0710032 0.073848 0.0739342 0.0717246 0.0677616 0.0625619 0.0565824 0.0502043 0.0437278 0.0373786 0.0313199 0.0256638 0.0204828 0.015827 0.0117427 0.00828174 0.00549072
 0.00771652 0.0126264 0.0191722 0.0273427 0.0368862 0.0471506 0.0570562 0.0653643 0.0711227 0.0739607 0.0740485 0.0718522 0.0679123 0.0627378 0.0567739 0.0503885 0.0438705 0.0374401 0.0312653 0.0254738 0.0201635 0.0154126 0.0112883 0.00784793 0.00512593
 0.00778269 0.0127265 0.0193089 0.0275128 0.0370808 0.0473564 0.0572563 0.0655404 0.0712588 0.0740475 0.0740874 0.0718549 0.067897 0.0627239 0.0567747 0.0504062 0.0438932 0.0374438 0.0312199 0.0253539 0.0199596 0.0151376 0.0109755 0.00754015 0.00486107
 0.00781142 0.0127733 0.0193792 0.0276108 0.0372079 0.0475084 0.0574222 0.0657028 0.0713985 0.0741488 0.074143 0.0718669 0.0678756 0.0626839 0.0567315 0.0503712 0.0438694 0.0374233 0.0311851 0.0252845 0.0198412 0.0149702 0.0107758 0.00733568 0.00467937
 0.00784813 0.0128258 0.019445 0.0276838 0.0372807 0.0475758 0.0574836 0.0657613 0.0714572 0.0742073 0.0741961 0.071907 0.0678966 0.0626842 0.0567154 0.0503462 0.0438427 0.0373971 0.0311545 0.0252388 0.0197698 0.014869 0.0106514 0.00720392 0.0045586
 0.00784977 0.0128279 0.0194469 0.0276841 0.0372767 0.0475642 0.0574612 0.0657274 0.0714155 0.0741673 0.0741702 0.071906 0.0679241 0.0627361 0.0567816 0.050416 0.0439081 0.0374528 0.0311961 0.0252609 0.0197667 0.0148383 0.0105969 0.00713566 0.00448975
 0.00788672 0.0128804 0.0195121 0.0277542 0.0373416 0.0476144 0.0574904 0.0657331 0.0713984 0.0741302 0.0741186 0.0718481 0.0678704 0.062696 0.0567608 0.0504144 0.0439203 0.0374712 0.031213 0.0252693 0.0197616 0.0148172 0.0105613 0.00709139 0.00444464
 0.00786397 0.0128457 0.0194639 0.0276924 0.0372666 0.0475271 0.0573925 0.0656281 0.0712931 0.0740352 0.0740462 0.0718091 0.0678714 0.0627378 0.0568387 0.05052 0.0440429 0.0375987 0.0313333 0.0253721 0.0198395 0.0148671 0.0105849 0.00709441 0.00443525
 0.00790478 0.0129025 0.0195317 0.0277606 0.0373222 0.047559 0.0573952 0.0656023 0.0712432 0.0739666 0.0739646 0.0717217 0.0677871 0.0626669 0.0567905 0.0504997 0.0440504 0.0376287 0.0313771 0.0254194 0.0198811 0.0148967 0.0106004 0.00709747 0.00443015
 0.00787445 0.0128599 0.0194794 0.0277045 0.0372681 0.0475092 0.0573466 0.0655481 0.0711785 0.0738928 0.0738909 0.0716607 0.0677503 0.0626605 0.0568153 0.050553 0.0441271 0.0377221 0.0314784 0.025519 0.0199697 0.0149676 0.0106504 0.00712799 0.00444544
 0.00786108 0.0128311 0.0194237 0.0276087 0.0371228 0.0473161 0.0571228 0.0653239 0.0709867 0.0737572 0.0738196 0.071649 0.0677877 0.062737 0.0569234 0.0506862 0.0442783 0.0378829 0.0316395 0.0256708 0.0201032 0.0150762 0.0107314 0.00718248 0.00447812
 0.00786429 0.0128349 0.0194265 0.0276065 0.0371086 0.0472799 0.0570538 0.0652146 0.0708392 0.0735865 0.0736513 0.0715111 0.0677004 0.062708 0.0569487 0.0507553 0.0443791 0.0380038 0.0317697 0.0257999 0.0202217 0.0151766 0.0108092 0.00723731 0.00451287
 0.00785622 0.0128224 0.0194086 0.0275828 0.0370788 0.0472437 0.0570102 0.0651616 0.0707736 0.0735058 0.0735562 0.071409 0.0676055 0.0626376 0.0569172 0.050769 0.0444353 0.0380929 0.0318789 0.025916 0.0203331 0.0152741 0.0108873 0.0072941 0.00455021
 0.00779696 0.0127285 0.0192723 0.0273995 0.0368497 0.0469779 0.056727 0.0648889 0.0705422 0.0733403 0.073469 0.071399 0.0676622 0.0627473 0.0570681 0.0509522 0.044643 0.0383161 0.0321059 0.0261337 0.0205291 0.0154387 0.0110155 0.00738622 0.00461076
 0.00778784 0.0127054 0.0192223 0.0273061 0.0366973 0.0467592 0.0564495 0.0645764 0.0702299 0.0730661 0.0732649 0.0712847 0.0676435 0.0628168 0.0572094 0.0511456 0.0448696 0.0385595 0.032352 0.0263691 0.0207416 0.0156185 0.011157 0.00748882 0.00467891
 0.00776045 0.0126628 0.0191614 0.0272239 0.0365898 0.046621 0.0562745 0.0643618 0.0699812 0.0728011 0.0730128 0.07108 0.0675166 0.0627856 0.0572755 0.0512961 0.0450824 0.0388095 0.0326153 0.0266254 0.0209746 0.0158165 0.0113134 0.007603 0.00475528
 0.00772386 0.0126042 0.0190752 0.027106 0.0364391 0.046441 0.056074 0.0641537 0.0697787 0.0726143 0.0728486 0.0709454 0.0674219 0.0627452 0.0573028 0.0513974 0.0452528 0.0390329 0.0328689 0.0268846 0.0212173 0.0160264 0.0114811 0.00772634 0.00483835
 0.00932149 0.0148404 0.0217738 0.0298803 0.0388046 0.047995 0.0566378 0.0637989 0.068744 0.0711835 0.0712599 0.0693592 0.0659302 0.0613953 0.0561188 0.0503921 0.0444309 0.0383905 0.0323918 0.0265499 0.0209969 0.0158913 0.011405 0.00768755 0.00482094
 0.00931023 0.015116 0.0227062 0.0319276 0.0423133 0.05293 0.0624116 0.0693677 0.0729788 0.0733149 0.0711327 0.0673718 0.0627593 0.0577057 0.0523992 0.0469306 0.0413665 0.035775 0.0302315 0.0248262 0.0196744 0.0149218 0.0107307 0.00724652 0.00455191
 0.00896281 0.0145734 0.0219527 0.0310199 0.0414319 0.0524121 0.0627088 0.0708835 0.0758243 0.0771295 0.0751306 0.0706389 0.0646323 0.0580011 0.0513806 0.0450931 0.0392049 0.0336508 0.0283501 0.0232738 0.0184647 0.0140287 0.0101083 0.00683945 0.00430403
 0.0087851 0.0142717 0.0214762 0.0303177 0.0404737 0.0512239 0.0614164 0.0697382 0.0751777 0.0773343 0.0763821 0.0728317 0.0673327 0.0605888 0.0532974 0.0460532 0.0392501 0.0330484 0.027431 0.0223087 0.017617 0.013366 0.00963523 0.00652807 0.00411484
 0.0087192 0.0141577 0.0212905 0.0300313 0.0400543 0.0506444 0.0606677 0.0688489 0.0742351 0.0764981 0.0758723 0.0728713 0.0680497 0.0619226 0.0549785 0.0476918 0.0404947 0.0337201 0.0275577 0.022059 0.017195 0.0129324 0.00927833 0.00627462 0.00395478
 0.00870451 0.0141291 0.0212382 0.0299414 0.0399103 0.0504285 0.0603644 0.0684483 0.073739 0.0759301 0.0752925 0.0723849 0.0677951 0.0620274 0.0554943 0.0485439 0.0414899 0.0346212 0.0281838 0.0223499 0.0172068 0.0127809 0.00907607 0.0060943 0.00382521
 0.00869451 0.0141141 0.0212176 0.0299145 0.0398745 0.0503779 0.0602888 0.0683334 0.0735694 0.0756951 0.0749928 0.0720421 0.0674597 0.0617778 0.0554178 0.0486997 0.0418707 0.0351411 0.0287088 0.0227571 0.0174351 0.0128423 0.00902934 0.00600541 0.00374019
 0.00868536 0.014099 0.0211947 0.0298821 0.039832 0.050326 0.0602297 0.0682692 0.0734997 0.0756144 0.0748915 0.0719113 0.0672996 0.0616068 0.0552752 0.0486372 0.0419302 0.0353295 0.0289865 0.0230516 0.0176748 0.0129878 0.00908277 0.00599709 0.00370583
 0.0086788 0.0140902 0.0211848 0.0298729 0.0398251 0.0503221 0.060227 0.0682644 0.0734886 0.075593 0.0748563 0.0718585 0.0672259 0.0615126 0.0551699 0.0485422 0.0418754 0.0353405 0.0290696 0.0231863 0.0178219 0.0131085 0.00915631 0.00602507 0.00370403
 0.00864692 0.014041 0.021116 0.0297847 0.0397211 0.0502092 0.0601157 0.0681673 0.0734173 0.0755547 0.0748507 0.0718791 0.067262 0.0615525 0.0552054 0.0485719 0.0419063 0.0353857 0.0291404 0.023284 0.0179339 0.0132144 0.00923796 0.00607517 0.00372671
 0.00866155 0.0140594 0.0211335 0.0297941 0.0397139 0.0501798 0.0600638 0.0680987 0.0733423 0.0754843 0.0747944 0.0718419 0.0672442 0.0615503 0.0552126 0.048583 0.0419194 0.0354037 0.0291691 0.0233274 0.0179903 0.0132752 0.00929224 0.00611486 0.00374998
 0.00866488 0.0140662 0.0211461 0.0298143 0.039742 0.050212 0.0600918 0.0681116 0.0733307 0.0754456 0.0747344 0.0717726 0.067179 0.0614991 0.0551795 0.0485669 0.0419165 0.0354108 0.0291849 0.0233522 0.0180232 0.0133127 0.00932857 0.00614454 0.0037702
 0.00863586 0.0140254 0.0210965 0.029763 0.0396984 0.0501847 0.060086 0.0681267 0.0733608 0.0754808 0.0747637 0.0717879 0.0671783 0.0614868 0.0551633 0.0485544 0.0419126 0.0354167 0.0291996 0.0233739 0.01805 0.0133419 0.00935674 0.00616836 0.00378761
 0.00863079 0.014012 0.0210673 0.0297094 0.0396141 0.0500713 0.0599563 0.068003 0.0732674 0.0754347 0.0747683 0.0718339 0.0672485 0.0615641 0.0552361 0.0486181 0.0419679 0.0354665 0.0292465 0.023419 0.0180927 0.0133808 0.00939017 0.00619482 0.00380657
 0.00860816 0.0139786 0.0210231 0.0296555 0.0395516 0.0499996 0.0598731 0.0679072 0.0731631 0.0753337 0.0746885 0.0717924 0.0672547 0.0616153 0.0553197 0.0487176 0.0420689 0.0355603 0.0293296 0.0234908 0.0181538 0.0134315 0.00943057 0.00622512 0.00382757
 0.00860816 0.0139786 0.0210231 0.0296555 0.0395516 0.0499996 0.0598731 0.0679072 0.0731631 0.0753337 0.0746885 0.0717924 0.0672547 0.0616153 0.0553197 0.0487176 0.0420689 0.0355603 0.0293296 0.0234908 0.0181538 0.0134315 0.00943057 0.00622512 0.00382757
 0.00821195 0.0133509 0.0201121 0.0284326 0.038027 0.048241 0.0580184 0.0661549 0.0717317 0.0744039 0.0743586 0.072065 0.0680521 0.0628094 0.0567612 0.0502606 0.0435886 0.0369628 0.0305551 0.0245101 0.0189618 0.0140407 0.00986494 0.00651597 0.00400889
 0.00853829 0.0138231 0.0207122 0.0291007 0.0386696 0.048751 0.0582965 0.0661295 0.0713771 0.073755 0.0735103 0.0711521 0.067214 0.0621541 0.0563448 0.0500845 0.043612 0.0371229 0.0307862 0.0247577 0.0191889 0.0142277 0.0100059 0.00661401 0.00407177
 0.00887395 0.0144034 0.021643 0.0304837 0.0405571 0.0510844 0.0608632 0.06858 0.0733145 0.0748586 0.0736308 0.0703364 0.0656648 0.0601564 0.0541903 0.0480145 0.0417869 0.0356189 0.0296118 0.0238798 0.0185566 0.0137885 0.00971314 0.00642839 0.00396114
 0.00834719 0.0136005 0.0205415 0.0291177 0.0390307 0.0495767 0.0596146 0.0678422 0.0732643 0.0755142 0.0748263 0.0717811 0.0670569 0.0612858 0.0549832 0.0485136 0.0420952 0.0358412 0.0298182 0.0240965 0.0187773 0.0139927 0.00988256 0.0065544 0.00404544
 0.00848149 0.0137488 0.0206368 0.029058 0.0387121 0.0489443 0.0587075 0.066804 0.0723104 0.0748653 0.0746351 0.0720786 0.0677402 0.0621582 0.0558302 0.0491796 0.0425231 0.0360626 0.0299105 0.024136 0.018812 0.014039 0.00993618 0.00660484 0.00408506
 0.00859833 0.0139609 0.0209907 0.0295948 0.0394377 0.0497949 0.0595346 0.0674057 0.0725102 0.0745991 0.0739909 0.0712602 0.0669752 0.0616028 0.055521 0.04905 0.0424632 0.0359833 0.0297775 0.023965 0.0186406 0.0138986 0.00983963 0.00654829 0.0040567
 0.00879241 0.0142735 0.0214564 0.0302448 0.0402943 0.050859 0.0607668 0.0687087 0.0737253 0.07553 0.0744577 0.0711653 0.0663492 0.0605976 0.0543491 0.0479015 0.0414496 0.0351327 0.0290692 0.0233716 0.0181492 0.0135095 0.00955298 0.00635509 0.00393852
 0.00915202 0.0148605 0.0223414 0.0314872 0.0419214 0.0528376 0.0629798 0.0709583 0.0757695 0.0771362 0.075445 0.0714268 0.06586 0.0594225 0.0526416 0.0458802 0.0393488 0.0331478 0.027324 0.0219188 0.0169934 0.0126305 0.0089191 0.00592691 0.00367085
 0.00811003 0.0132479 0.0200754 0.0285698 0.0384657 0.0490911 0.0593315 0.0678953 0.0737666 0.0765139 0.0762682 0.0734938 0.0687791 0.062729 0.0559112 0.0488085 0.0417821 0.0350643 0.0287834 0.0230079 0.0177916 0.0132 0.00930909 0.0061797 0.00382437
 0.00846355 0.0136837 0.0204746 0.0287362 0.0381798 0.0481971 0.0578157 0.0659138 0.0716115 0.0745394 0.0748047 0.0727724 0.0688792 0.0635637 0.0572596 0.0503859 0.0433231 0.0363851 0.0298039 0.0237343 0.0182776 0.0135109 0.00950103 0.00629394 0.00388931
 0.00867928 0.0140814 0.0211489 0.0297741 0.0396027 0.0498902 0.0594926 0.0671693 0.0720655 0.074004 0.0733766 0.0707962 0.0668094 0.0618043 0.0560508 0.0497717 0.0431896 0.0365412 0.0300635 0.0239702 0.0184351 0.0135894 0.00952519 0.0062909 0.00387782
 0.00835033 0.0135811 0.0204664 0.0289387 0.0386939 0.0490391 0.0588618 0.0668997 0.0722023 0.0744463 0.0739023 0.0711676 0.0668995 0.0616596 0.0558515 0.0497225 0.0434145 0.0370384 0.0307311 0.0246701 0.0190532 0.0140662 0.0098535 0.00649567 0.00399472
 0.00864239 0.0140056 0.0210113 0.029559 0.0393237 0.0496126 0.0593342 0.0672583 0.0724644 0.0746397 0.0740344 0.071199 0.066749 0.0612501 0.0551735 0.0488653 0.0425383 0.0363023 0.0302266 0.0243988 0.0189533 0.0140584 0.00987636 0.0065173 0.00400622
 0.00919605 0.0149166 0.0223947 0.0315078 0.0418639 0.0526461 0.0626006 0.0703597 0.0749668 0.0762074 0.0745236 0.0706645 0.0653768 0.0592701 0.0528012 0.0462904 0.0399387 0.0338518 0.0280767 0.0226483 0.0176287 0.0131217 0.00925265 0.006124 0.00377126
 0.00895278 0.0145929 0.0220444 0.0312367 0.041814 0.0529623 0.0633873 0.0716406 0.0766545 0.0780992 0.0763363 0.0721089 0.0662417 0.0594746 0.0523924 0.0454011 0.0387376 0.03251 0.0267492 0.0214594 0.0166578 0.0123964 0.00875504 0.00580882 0.00358605
#pred catch len freq
