SBPRF35
9.79333
Curr Bio
529570
B35
728467
F35
0.190493
FOFL
0.131124
OFL
54744.9
Bzero
2.79809e+006
#pred survey bio
 4.32979e+006 4.13734e+006 3.94601e+006 3.70629e+006 3.42616e+006 3.12757e+006 2.85381e+006 2.5391e+006 2.25204e+006 1.96713e+006 1.71272e+006 1.49874e+006 1.32812e+006 1.17575e+006 1.03855e+006 920019 828862 764329 706035 669280 640579 614738 594200 583132 588510 589617 578972 576531 582842 584189 586123 586788 576718 573597 555784 544969 535090 533708 540232 538058 553543 554876 557376 568621 581216 584613 590834 590641 600368 603342 606976 593899 582607 563636 523555 566607 611078 588786 538171 566185 548509 513379 535170 543350 563418 535625 1.81468e+007 1.11869e+007 1.18108e+007 1.29662e+007 1.44072e+007 1.58853e+007 1.72381e+007 1.83884e+007 1.9319e+007 2.00463e+007 2.06015e+007 2.10184e+007 2.13283e+007 2.15573e+007 2.17261e+007 2.18506e+007 2.19426e+007 2.20108e+007 2.20616e+007 2.20997e+007 2.21283e+007 2.21501e+007 2.21666e+007 2.21793e+007 2.21891e+007 2.21966e+007 2.22025e+007 2.2207e+007 2.22105e+007 2.22133e+007 2.22155e+007 2.22172e+007 2.22185e+007 2.22196e+007 2.22205e+007 2.22211e+007 2.22217e+007 2.22221e+007 2.22224e+007 2.22227e+007 2.22229e+007 2.2223e+007 2.22232e+007 2.22233e+007 2.22234e+007 2.22234e+007 2.22235e+007 2.22235e+007 2.22236e+007 2.22236e+007 2.22236e+007 2.22236e+007 2.22236e+007 2.22237e+007 2.22237e+007 2.22237e+007 2.22237e+007 2.22237e+007 2.22237e+007 2.22237e+007 2.22237e+007 2.22237e+007 2.22237e+007 2.22237e+007 2.22237e+007 2.22237e+007 2.22237e+007 2.22237e+007 2.22237e+007 2.22237e+007 2.22237e+007 2.22237e+007 2.22237e+007 2.22237e+007 2.22237e+007 2.22237e+007 2.22237e+007 2.22237e+007 2.22237e+007 2.22237e+007 2.22237e+007 2.22237e+007 2.22237e+007 2.22237e+007 2.22237e+007 2.22237e+007 2.22237e+007 2.22237e+007 2.22237e+007 2.22237e+007 2.22237e+007 2.22237e+007 2.22237e+007 2.22237e+007 2.22237e+007 2.22237e+007 2.22237e+007 2.22237e+007 2.22237e+007 2.22237e+007 0 0 0 0 0 0 0 0 0 0 0 0 0 0 0 0 0 0 0 0 0 0 0 0 0
#obs survey bio
 3.32651e+006 3.05483e+006 4.1413e+006 3.60098e+006 3.10207e+006 3.0422e+006 2.42286e+006 2.20898e+006 1.46396e+006 1.98796e+006 1.09723e+006 1.17438e+006 1.23414e+006 844526 1.1949e+006 632709 821733 679331 740793 898454 632518 521513 565971 495216 532665 621656 631131 583182 421811 611654 457890 582175 563994 495397 546937 895273 536413 480677 570160 537727 651758 597854 510400 570301 549351 517820 667367 889336 587048 853580 628383 709217 695422 565589 485846 558083 530787 378747 548305 575821 443343 606376 474010 556888 529776 564065
#pred catch bio
 108144 109566 162418 214145 250620 249719 309128 305063 321712 310254 287651 260243 251972 242581 226969 201889 176418 167411 145208 135243 130204 123517 114037 99974 103355 111461 102466 93994.6 97025.1 94777.1 93853.5 100023 90976.4 100104 90474.7 88286 83441.6 80960 91261.2 78695.6 92691.9 92761.7 86999.5 88031.4 97281.8 95163.9 99422.9 89595.7 94175.7 92382.1 105212 102551 108213 124357 55022.2 56759 112196 133223 67306.5 107505 120698 73451.3 86623 77127.4 116131 103385 54744.9 79349.2 82566.8 89547.3 99225.8 109369 118590 126296 132381 136996 140390 142830 144554 145754 146580 147145 147527 147785 147958 148074 148151 148203 148237 148259 148274 148284 148290 148295 148298 148299 148301 148301 148302 148302 148303 148303 148303 148303 148303 148303 148303 148303 148303 148303 148303 148303 148303 148303 148303 148303 148303 148303 148303 148303 148303 148303 148303 148303 148303 148303 148303 148303 148303 148303 148303 148303 148303 148303 148303 148303 148303 148303 148303 148303 148303 148303 148303 148303 148303 148303 148303 148303 148303 148303 148303 148303 148303 148303 148303 148303 148303 148303 148303 148303 148303 148303 148303 148303 148303 148303 0 0 0 0 0 0 0 0 0 0 0 0 0 0 0 0 0 0 0 0 0 0 0 0 0
#obs catch bio
 0 109366 162836 214986 252378 250654 312425 307506 324437 312390 290676 264117 256908 248373 231059 206872 179675 170479 147471 136473 131777 125421 115736 101288 104885 112939 103498 94771.7 98093.3 95402.6 94357.8 100698 90803.2 100292 91018.9 88061.1 83185.6 80591.2 90914 77992.8 92321.2 92490.6 86857.1 87907.1 97557 95683.5 99674.1 88915.5 93657.1 91485.3 104213 101262 106309 123394 54456.1 56158.9 111176 133144 66398.4 106811 120683 72959 86879.1 76625.2 116203 103333
#pred cpue bio
 4.26724e+006 4.07843e+006 3.88963e+006 3.65106e+006 3.37213e+006 3.07492e+006 2.80234e+006 2.48956e+006 2.20442e+006 1.92164e+006 1.6691e+006 1.4565e+006 1.28692e+006 1.13596e+006 1.00057e+006 883939 794525 731623 675072 639582 611877 586773 566816 556095 561393 562767 552824 550768 557188 558880 561224 562346 553117 550597 533712 523689 513742 511042 516363 514032 529014 530189 532454 543178 555208 558385 564660 565058 575020 578216 581982 569240 558031 539343 500013 541925 586175 564863 514724 541369 524285 489808 510677 519016 538926 512023 1.73497e+007 1.07085e+007 1.11923e+007 1.2196e+007 1.35838e+007 1.50493e+007 1.63995e+007 1.75493e+007 1.84798e+007 1.92071e+007 1.97623e+007 2.01792e+007 2.04891e+007 2.07181e+007 2.08869e+007 2.10114e+007 2.11034e+007 2.11716e+007 2.12224e+007 2.12605e+007 2.12891e+007 2.13109e+007 2.13274e+007 2.13401e+007 2.13499e+007 2.13574e+007 2.13633e+007 2.13678e+007 2.13713e+007 2.13741e+007 2.13763e+007 2.1378e+007 2.13794e+007 2.13804e+007 2.13813e+007 2.13819e+007 2.13825e+007 2.13829e+007 2.13832e+007 2.13835e+007 2.13837e+007 2.13838e+007 2.1384e+007 2.13841e+007 2.13842e+007 2.13842e+007 2.13843e+007 2.13843e+007 2.13844e+007 2.13844e+007 2.13844e+007 2.13844e+007 2.13844e+007 2.13845e+007 2.13845e+007 2.13845e+007 2.13845e+007 2.13845e+007 2.13845e+007 2.13845e+007 2.13845e+007 2.13845e+007 2.13845e+007 2.13845e+007 2.13845e+007 2.13845e+007 2.13845e+007 2.13845e+007 2.13845e+007 2.13845e+007 2.13845e+007 2.13845e+007 2.13845e+007 2.13845e+007 2.13845e+007 2.13845e+007 2.13845e+007 2.13845e+007 2.13845e+007 2.13845e+007 2.13845e+007 2.13845e+007 2.13845e+007 2.13845e+007 2.13845e+007 2.13845e+007 2.13845e+007 2.13845e+007 2.13845e+007 2.13845e+007 2.13845e+007 2.13845e+007 2.13845e+007 2.13845e+007 2.13845e+007 2.13845e+007 2.13845e+007 2.13845e+007 2.13845e+007 2.13845e+007 0 0 0 0 0 0 0 0 0 0 0 0 0 0 0 0 0 0 0 0 0 0 0 0 0
#obs cpue bio
 3.13456e+006 3.96535e+006 3.49939e+006 3.10053e+006 2.4247e+006 3.40892e+006 2.44876e+006 2.93363e+006 3.70568e+006 1.99375e+006 1.74452e+006 1.06835e+006 890181 993947 973398 628410 755853 694857 505180 583584 441545 450030 470289 465393 486380 584350 464411 471160 604160 629500 691039 556811 866352 592943 316008 667296 547586 630652 608150 651117 403121 454882 502797 534743 472713 435980 698142 769506 610053 584042 692276 635948 774162 480952 471619 736415 892117 593986 667903 632251 498677 403592 455987 700307 582034 413133
#pred surv len freq
 0.00442598 0.0072912 0.0111692 0.0161016 0.0219956 0.0285268 0.0351227 0.0411203 0.0460214 0.0496541 0.0521388 0.0537359 0.0547104 0.0552665 0.0555299 0.0555527 0.0553291 0.0548088 0.0538839 0.0523434 0.0498428 0.0459706 0.0404569 0.0334359 0.0255654
 0.00464526 0.00755565 0.0114014 0.0161842 0.0218168 0.0280447 0.0344074 0.0403373 0.0453572 0.0492277 0.0519549 0.0537035 0.0547094 0.0552178 0.0554352 0.0554888 0.0554051 0.0551059 0.0544054 0.0530007 0.0504878 0.0464605 0.0407147 0.0334735 0.0254592
 0.00483067 0.00787686 0.0119137 0.0169307 0.0227947 0.0291673 0.0354929 0.0411532 0.0457158 0.0490777 0.0514022 0.0529438 0.053921 0.0544921 0.0547817 0.0548915 0.0548744 0.0546867 0.0541415 0.0528908 0.0504702 0.0464413 0.0406188 0.0332819 0.0252084
 0.00500666 0.00816436 0.012351 0.017559 0.0236543 0.0302849 0.0368574 0.0426869 0.0472587 0.0504067 0.0522925 0.0532516 0.0536389 0.05374 0.053739 0.053723 0.0536942 0.0535655 0.0531258 0.0520063 0.0497141 0.0457841 0.0400261 0.0327393 0.0247295
 0.00520407 0.00848625 0.0128374 0.0182484 0.0245775 0.0314553 0.0382607 0.0442753 0.048951 0.0520883 0.0538145 0.0544386 0.0543208 0.0538043 0.0531765 0.0526323 0.0522426 0.0519318 0.0514581 0.0504075 0.0482456 0.0444768 0.0388945 0.0317935 0.0239785
 0.00543516 0.00885859 0.0133918 0.0190213 0.0255955 0.0327255 0.0397607 0.045949 0.050715 0.0538451 0.0554605 0.0558632 0.0554012 0.0544111 0.0531991 0.0520183 0.0510271 0.0502366 0.0494593 0.0482904 0.0461706 0.0425661 0.0372325 0.0304313 0.0229351
 0.00561034 0.00915218 0.01385 0.0196927 0.0265212 0.0339241 0.0412132 0.0475948 0.0524631 0.0555935 0.0571126 0.0573313 0.0566006 0.0552509 0.0535809 0.0518499 0.0502522 0.0488673 0.0475919 0.0460931 0.0438485 0.0403205 0.0352285 0.0287782 0.0216786
 0.00585518 0.00954852 0.0144437 0.0205268 0.0276288 0.0353176 0.0428708 0.0494533 0.054423 0.0575351 0.0589149 0.0588869 0.0578226 0.0560704 0.053938 0.0516861 0.0495148 0.0475311 0.0456902 0.0437404 0.0412372 0.0376881 0.0328073 0.0267454 0.0201237
 0.00612028 0.00997458 0.0150759 0.021404 0.0287773 0.0367407 0.0445375 0.0512951 0.0563425 0.0594237 0.0606677 0.0604101 0.0590346 0.0569013 0.0543278 0.0515819 0.04887 0.0463147 0.0439089 0.0414675 0.0386301 0.0349761 0.0302451 0.0245501 0.0184225
 0.00646437 0.0105248 0.0158865 0.0225182 0.0302181 0.0384975 0.0465529 0.0534623 0.0585219 0.0614716 0.0624618 0.0618612 0.0600843 0.0575127 0.054475 0.0512407 0.0480153 0.044926 0.0419892 0.0390723 0.0358926 0.0321091 0.0275055 0.0221742 0.0165619
 0.00686986 0.0111683 0.0168252 0.0237938 0.0318483 0.0404637 0.0487868 0.0558427 0.0608907 0.0636633 0.0643331 0.0633075 0.0610429 0.0579569 0.0544022 0.0506588 0.0469314 0.043345 0.0399266 0.0365805 0.0330895 0.0291877 0.024709 0.0197361 0.0146402
 0.00721585 0.0117336 0.0176803 0.025003 0.0334544 0.042464 0.0511117 0.0583525 0.0633997 0.0659804 0.0662968 0.0648032 0.0620033 0.0583542 0.0542387 0.0499556 0.0457179 0.0416522 0.0377923 0.034068 0.0303122 0.0263221 0.0219767 0.0173537 0.0127577
 0.00745049 0.012123 0.0182815 0.0258757 0.0346498 0.0440077 0.052983 0.0604735 0.0656412 0.0681817 0.0682916 0.0664424 0.0631728 0.058984 0.0543021 0.0494607 0.0446946 0.0401432 0.0358522 0.0317733 0.0277786 0.0237139 0.0194929 0.0151873 0.0110427
 0.00763582 0.012434 0.0187678 0.0265902 0.0356394 0.0452965 0.0545561 0.0622693 0.0675591 0.0700988 0.0700788 0.0679761 0.0643435 0.059705 0.0545174 0.0491484 0.0438649 0.0388324 0.0341193 0.0297029 0.0254894 0.0213626 0.0172608 0.0132448 0.0095068
 0.00785668 0.0127874 0.0192896 0.0273112 0.036581 0.0464639 0.0559291 0.0637969 0.0691626 0.071683 0.0715447 0.0692305 0.0653049 0.0603071 0.0547108 0.0489033 0.0431732 0.0377103 0.0326105 0.0278832 0.0234704 0.0192896 0.0152971 0.0115407 0.00816241
 0.00802178 0.0130665 0.0197285 0.0279573 0.0374705 0.0476037 0.0572808 0.0652764 0.0706582 0.0730835 0.0727608 0.0702011 0.0659912 0.0606837 0.0547591 0.0486096 0.0425306 0.0367245 0.0313079 0.0263195 0.0217372 0.0175115 0.0136155 0.0100844 0.00701611
 0.00809468 0.0131922 0.0199321 0.0282691 0.0379228 0.0482231 0.0580781 0.0662369 0.0717374 0.0742096 0.0738454 0.0711549 0.0667401 0.061178 0.0549727 0.0485323 0.042161 0.0360679 0.0303821 0.0251643 0.0204226 0.0161381 0.0123005 0.00893631 0.00610784
 0.00814525 0.0132658 0.0200279 0.0283834 0.0380545 0.04838 0.0582805 0.0665155 0.0721229 0.0747191 0.0744701 0.0718555 0.0674514 0.0618219 0.0554744 0.0488324 0.0422213 0.0358716 0.0299329 0.0244893 0.019576 0.0152005 0.0113685 0.00810231 0.00543696
 0.00822779 0.0133975 0.0202205 0.0286439 0.0383812 0.0487582 0.0586819 0.0669033 0.0724658 0.0750048 0.0747101 0.0720758 0.0676742 0.0620488 0.0556812 0.0489753 0.0422508 0.0357464 0.0296309 0.0240142 0.01896 0.0145022 0.010663 0.00746348 0.0049187
 0.00832682 0.0135351 0.0203851 0.0288116 0.0385244 0.0488585 0.0587387 0.066933 0.0724913 0.0750454 0.0747763 0.0721723 0.0678043 0.0622143 0.0558756 0.0491773 0.0424228 0.035842 0.0296088 0.0238521 0.0186639 0.0141072 0.0102251 0.00704339 0.00456479
 0.00844579 0.0137174 0.0206373 0.0291288 0.0388874 0.0492329 0.059077 0.0671842 0.0726176 0.0750378 0.0746596 0.0719944 0.067617 0.0620571 0.0557689 0.0491216 0.042401 0.0358239 0.0295577 0.0237365 0.0184697 0.0138443 0.00992478 0.00674738 0.0043099
 0.00851194 0.0138306 0.0208173 0.0293954 0.0392531 0.0496924 0.0595984 0.0677085 0.0730707 0.0753507 0.074789 0.0719343 0.0673988 0.0617374 0.055411 0.0487778 0.0421013 0.035573 0.0293408 0.0235297 0.0182525 0.0136097 0.00968239 0.00651799 0.0041152
 0.00858811 0.0139433 0.020967 0.0295773 0.0394612 0.0499244 0.059857 0.0679965 0.0733814 0.0756602 0.0750561 0.0721117 0.0674499 0.061651 0.0552063 0.0484963 0.041791 0.0352726 0.0290701 0.0232901 0.0180349 0.0134055 0.00949052 0.00634542 0.00397195
 0.00863483 0.0140126 0.0210585 0.0296858 0.0395772 0.0500365 0.0599554 0.0680766 0.073447 0.075723 0.07513 0.0722025 0.0675472 0.0617301 0.0552388 0.0484648 0.0416971 0.0351342 0.0289109 0.0231288 0.0178813 0.0132624 0.00935916 0.00622933 0.00387609
 0.00846909 0.0137673 0.0207345 0.0292999 0.0391584 0.0496186 0.0595712 0.0677563 0.0732177 0.0756082 0.0751464 0.072356 0.0678289 0.0621131 0.0556796 0.0489117 0.0421028 0.035467 0.0291592 0.0232973 0.0179829 0.0133121 0.0093714 0.00621763 0.0038529
 0.00834434 0.0135685 0.0204442 0.0289083 0.0386695 0.0490573 0.0589873 0.0672187 0.0727973 0.0753566 0.0750837 0.0724726 0.0680971 0.0624983 0.0561451 0.0494181 0.0426083 0.0359321 0.0295535 0.023605 0.0182031 0.0134552 0.00945358 0.00625676 0.00386542
 0.00837218 0.0136025 0.0204742 0.0289167 0.0386345 0.0489594 0.0588165 0.0669794 0.0725108 0.0750583 0.074816 0.0722747 0.0679952 0.062501 0.0562446 0.0495953 0.0428369 0.0361822 0.0297954 0.0238145 0.0183654 0.0135668 0.0095204 0.00628995 0.00387723
 0.0083649 0.0135863 0.0204415 0.028857 0.0385357 0.0488112 0.0586134 0.0667243 0.0722167 0.0747487 0.0745233 0.0720359 0.0678445 0.0624617 0.0563234 0.0497803 0.0431019 0.0364924 0.0301143 0.0241095 0.0186134 0.0137561 0.00965105 0.00637087 0.00392165
 0.00822475 0.0133757 0.0201564 0.0285051 0.038134 0.0483813 0.058179 0.0663102 0.0718479 0.0744489 0.0743127 0.0719296 0.0678526 0.0625882 0.0565648 0.0501235 0.043523 0.036958 0.030586 0.0245502 0.0189933 0.0140577 0.00987068 0.00651686 0.0040097
 0.00812462 0.0132151 0.0199198 0.0281819 0.0377239 0.0479001 0.0576624 0.0658097 0.0714182 0.0741316 0.0741266 0.0718726 0.0679109 0.0627466 0.0568111 0.0504473 0.0439111 0.0373906 0.0310357 0.0249849 0.0193825 0.0143789 0.0101139 0.00668494 0.00411518
 0.00803262 0.0130669 0.0196996 0.0278764 0.0373257 0.0474129 0.0571066 0.0652252 0.07086 0.0736595 0.0737924 0.0717086 0.0679248 0.0629231 0.0571204 0.0508546 0.0443834 0.0378981 0.0315497 0.0254766 0.019824 0.0147481 0.0103989 0.00688663 0.00424516
 0.00784229 0.0127839 0.0193224 0.0274204 0.0368172 0.0468806 0.0565759 0.0647183 0.070399 0.07327 0.0735029 0.0715476 0.0679143 0.0630723 0.0574208 0.0512813 0.0449 0.038464 0.0321254 0.0260262 0.0203172 0.015162 0.0107214 0.00711797 0.00439676
 0.00784425 0.0127634 0.0192492 0.0272555 0.0365272 0.0464581 0.0560527 0.0641605 0.0698836 0.0728555 0.0732144 0.0713818 0.0678573 0.0631145 0.0575609 0.0515194 0.045229 0.0388649 0.0325686 0.0264766 0.0207402 0.0155297 0.0110162 0.00733468 0.00454202
 0.00771131 0.0125694 0.0189967 0.0269568 0.0361959 0.046098 0.0556551 0.0637141 0.0693935 0.0723576 0.0727718 0.0710634 0.0677113 0.0631545 0.0577692 0.0518627 0.0456713 0.0393719 0.0331068 0.0270112 0.021237 0.0159595 0.0113604 0.00758814 0.00471255
 0.00765699 0.0124849 0.0188775 0.0268037 0.0360164 0.0459073 0.0554734 0.0635585 0.0692675 0.0722461 0.0726492 0.0709121 0.0675386 0.0629935 0.0576641 0.0518489 0.045763 0.0395622 0.0333734 0.0273233 0.0215607 0.0162626 0.011618 0.00778694 0.00485134
 0.00821106 0.0132433 0.0197567 0.0276396 0.0366139 0.0461169 0.0552527 0.0629822 0.068485 0.0714173 0.0718934 0.0702886 0.0670556 0.0626329 0.0574061 0.051685 0.0456948 0.0395911 0.0334913 0.0275096 0.0217854 0.0164932 0.0118266 0.00795509 0.00497277
 0.00887355 0.014281 0.0212357 0.0295692 0.0389162 0.0485979 0.0575983 0.0648117 0.0694665 0.0713938 0.0709414 0.0686708 0.0651034 0.0606325 0.0555432 0.0500493 0.0443155 0.0384697 0.0326181 0.0268663 0.0213436 0.0162149 0.011669 0.00787728 0.00494113
 0.00883608 0.0143213 0.0214817 0.0301978 0.0401013 0.0504277 0.0599998 0.0675273 0.0721014 0.073517 0.0722031 0.0688963 0.064332 0.059087 0.053543 0.0479094 0.0422755 0.0366727 0.0311268 0.0256915 0.0204655 0.015596 0.011261 0.00762792 0.00480091
 0.00856794 0.0139172 0.0209401 0.0295581 0.0394575 0.0499355 0.0598631 0.0679472 0.0731918 0.0752208 0.074266 0.0709276 0.0659329 0.0599835 0.0536608 0.0473648 0.0413007 0.0355215 0.0300036 0.0247227 0.0197048 0.0150455 0.0108928 0.00740092 0.00467273
 0.00863972 0.0139921 0.0209767 0.0294959 0.0392384 0.0495389 0.0593369 0.0674178 0.0728409 0.0752328 0.0747585 0.0718906 0.067206 0.0612938 0.0547141 0.0479503 0.0413566 0.0351327 0.0293436 0.0239772 0.0190164 0.0144921 0.0104951 0.00714254 0.00452033
 0.00855151 0.0138643 0.0208111 0.0292979 0.0390087 0.049263 0.0589865 0.0669687 0.072305 0.0746853 0.0743374 0.0717564 0.0674737 0.0619693 0.0556732 0.0489767 0.0422246 0.035691 0.0295577 0.0239154 0.0187975 0.0142299 0.0102647 0.00697509 0.00441543
 0.00858646 0.0139186 0.0208885 0.0294006 0.0391368 0.0494133 0.0591473 0.0671152 0.0723974 0.0746787 0.0742044 0.071514 0.0671941 0.0617591 0.0556236 0.049112 0.0424844 0.0359601 0.0297256 0.0239274 0.0186686 0.014021 0.0100446 0.00679153 0.00428669
 0.00865877 0.0140252 0.0210285 0.0295661 0.0393151 0.0495908 0.0593125 0.0672586 0.0725097 0.0747477 0.0742139 0.0714483 0.0670493 0.0615558 0.0554096 0.0489458 0.0424046 0.0359621 0.0297637 0.023943 0.0186243 0.0139166 0.00990861 0.0066592 0.00418203
 0.0086635 0.0140331 0.0210405 0.0295826 0.0393351 0.0496112 0.0593283 0.0672649 0.0725047 0.0747344 0.0741988 0.0714363 0.0670397 0.0615433 0.0553908 0.0489268 0.0424002 0.0359851 0.029812 0.023997 0.0186577 0.0139133 0.00987087 0.00660324 0.0041265
 0.00857616 0.0139099 0.0208899 0.0294244 0.0391946 0.0495103 0.0592782 0.067264 0.0725421 0.0747957 0.0742714 0.071512 0.0671147 0.0616159 0.0554597 0.0489911 0.0424609 0.0360453 0.0298737 0.0240568 0.0187065 0.0139413 0.0098747 0.00658805 0.00410255
 0.00839077 0.0136464 0.020564 0.0290761 0.038879 0.049281 0.0591723 0.0672942 0.0726963 0.0750416 0.0745636 0.0718036 0.0673681 0.0618109 0.0555939 0.0490746 0.042509 0.0360729 0.029892 0.0240714 0.0187177 0.0139464 0.00987108 0.00657636 0.00408656
 0.00815355 0.0132756 0.0200364 0.0283869 0.038051 0.048373 0.0582822 0.0665468 0.072211 0.0748936 0.0747594 0.0722835 0.0680327 0.0625539 0.0563276 0.0497415 0.0430818 0.0365464 0.030273 0.0243712 0.0189468 0.0141138 0.00998533 0.00664741 0.00412567
 0.00816026 0.0132536 0.019943 0.0281639 0.0376415 0.0477488 0.0574678 0.0656259 0.0713107 0.0741521 0.0742909 0.0721513 0.0682364 0.0630346 0.0569885 0.0504772 0.043803 0.0371935 0.0308171 0.024806 0.0192793 0.0143566 0.0101531 0.00675549 0.00418959
 0.00811509 0.0131815 0.019835 0.0280074 0.0374169 0.0474276 0.0570176 0.0650256 0.0705715 0.0733342 0.0735027 0.0715249 0.0678883 0.0630281 0.0573164 0.0510686 0.0445504 0.0379851 0.0315626 0.0254484 0.0197938 0.0147425 0.0104244 0.00693361 0.00429783
 0.00808806 0.0131416 0.0197821 0.0279436 0.0373441 0.0473443 0.0569155 0.0648864 0.070369 0.0730429 0.073113 0.0710606 0.0674135 0.0626352 0.0570959 0.0510755 0.0447838 0.038392 0.0320606 0.0259541 0.0202445 0.0151044 0.0106896 0.00711189 0.00440782
 0.00814252 0.0132097 0.0198476 0.0279795 0.0373221 0.0472471 0.0567462 0.0646677 0.0701307 0.0728062 0.0728822 0.0708262 0.0671669 0.062386 0.0568794 0.0509441 0.0447848 0.0385438 0.0323419 0.0263124 0.0206165 0.0154372 0.010953 0.0072987 0.00452734
 0.00826872 0.0134183 0.0201654 0.0284275 0.0379027 0.0479301 0.0574599 0.0653087 0.0705926 0.0730152 0.072817 0.0705139 0.0666631 0.061755 0.0561862 0.0502547 0.0441649 0.0380495 0.0320053 0.0261325 0.0205622 0.0154617 0.0110113 0.00735916 0.00457441
 0.00832246 0.0135105 0.0203135 0.0286518 0.0382234 0.0483597 0.0579941 0.065917 0.0712153 0.0735697 0.0732152 0.070686 0.0665781 0.0614284 0.0556718 0.0496281 0.0435072 0.0374347 0.0314909 0.0257504 0.0203156 0.0153288 0.0109571 0.00734865 0.00458162
 0.00843197 0.013684 0.0205662 0.0289947 0.0386612 0.0488883 0.0585964 0.0665615 0.0718581 0.0741581 0.0736918 0.0709939 0.0666687 0.0612735 0.0552761 0.0490329 0.0427838 0.0366694 0.0307661 0.0251298 0.0198338 0.0149905 0.0107429 0.00722682 0.00451951
 0.00858675 0.0139539 0.0210042 0.0296564 0.0395861 0.0500726 0.0599721 0.0679974 0.0731897 0.0752321 0.0744014 0.0712908 0.0665548 0.0607856 0.0544723 0.047987 0.0415827 0.0354093 0.0295447 0.0240324 0.0189209 0.0142889 0.0102464 0.0069041 0.00432746
 0.0079994 0.0130349 0.0196943 0.0279404 0.0375146 0.0477837 0.057701 0.0660501 0.0718702 0.0747495 0.0748063 0.0724721 0.0682893 0.0628063 0.0565283 0.0498811 0.0431895 0.0366765 0.0304813 0.0246887 0.0193645 0.0145845 0.0104437 0.00703599 0.00441387
 0.00793764 0.0128542 0.0192757 0.0271295 0.0361672 0.0458375 0.0552395 0.0633185 0.0692292 0.0725866 0.0734417 0.0720882 0.0688981 0.0642588 0.0585616 0.0521878 0.045486 0.0387507 0.0322122 0.0260397 0.0203606 0.0152841 0.0109145 0.00733978 0.00460077
 0.0084359 0.0136382 0.0203977 0.0285961 0.0379086 0.0476781 0.0568917 0.064432 0.069501 0.0718872 0.0718847 0.0699985 0.0666977 0.0623293 0.0571441 0.0513487 0.0451447 0.038745 0.0323688 0.0262256 0.0205032 0.0153641 0.0109443 0.00734173 0.00459308
 0.00873016 0.0141721 0.0213009 0.0300141 0.0399559 0.0503667 0.0600641 0.0677445 0.0724792 0.0740398 0.0728355 0.0695918 0.0650438 0.0597707 0.0541494 0.0483747 0.0425229 0.0366335 0.0307734 0.0250625 0.0196642 0.0147586 0.0105113 0.00704221 0.00439806
 0.00832507 0.0135326 0.0203829 0.0288131 0.0385368 0.048891 0.0587951 0.0669967 0.0725097 0.0749263 0.074413 0.0714958 0.0668419 0.0611187 0.0548973 0.0485815 0.0423864 0.0363806 0.0305692 0.0249741 0.0196788 0.0148273 0.0105883 0.00710226 0.00443546
 0.00858623 0.0139017 0.020834 0.029283 0.0389382 0.0491402 0.0588426 0.0668536 0.0722593 0.07471 0.074382 0.0717383 0.0673239 0.0616813 0.0553232 0.048697 0.0421387 0.0358481 0.0299066 0.0243347 0.0191597 0.0144575 0.0103494 0.00695812 0.00435241
 0.00881546 0.0143026 0.021484 0.030257 0.040273 0.0507877 0.0606394 0.0685391 0.0735524 0.0754114 0.0744456 0.0712743 0.0665339 0.0607635 0.0543965 0.0477812 0.041194 0.0348406 0.0288552 0.0233111 0.0182518 0.0137288 0.00981877 0.00660547 0.00413719
 0.00839442 0.0136603 0.0206015 0.0291588 0.0390372 0.0495491 0.0595792 0.0678476 0.0733667 0.0757554 0.0752158 0.072287 0.0676071 0.0617781 0.055306 0.048577 0.0418646 0.0353595 0.0291984 0.0234818 0.0182882 0.013688 0.00975319 0.0065473 0.00409774
 0.00839418 0.0136116 0.0204408 0.0288023 0.038409 0.0486243 0.0584205 0.0666109 0.0722658 0.0749987 0.0749414 0.0725226 0.0682685 0.0627081 0.0563329 0.0495645 0.0427306 0.036066 0.0297326 0.0238472 0.0185044 0.0137904 0.00978397 0.00654396 0.00408482
 0.00822926 0.0133702 0.0201237 0.0284191 0.0379645 0.0481035 0.057787 0.0658295 0.0713419 0.0740124 0.0740477 0.0719079 0.0680819 0.0630029 0.0570494 0.0505595 0.0438327 0.037126 0.0306503 0.0245741 0.0190337 0.0141438 0.00999952 0.00666375 0.00414573
 0.00811589 0.0132458 0.0200464 0.0284773 0.0382489 0.0486636 0.0585918 0.0667561 0.0722015 0.0746052 0.0742278 0.0716356 0.0674407 0.0621701 0.0562287 0.0499076 0.0434163 0.0369247 0.0305935 0.0245835 0.0190522 0.0141442 0.00997867 0.00663109 0.00411268
#obs surv len freq
 nan nan nan nan nan nan nan nan nan nan nan nan nan nan nan nan nan nan nan nan nan nan nan nan nan
 0.00448496 0.00734662 0.0111771 0.0159943 0.0216961 0.0279727 0.0342876 0.0400192 0.0446985 0.0481614 0.0505179 0.0520122 0.0529029 0.0534139 0.053727 0.0539811 0.054259 0.0545514 0.0546899 0.0542816 0.0527198 0.0493521 0.0438024 0.036283 0.0276674
 0.00461657 0.00756219 0.0115042 0.0164585 0.0223148 0.0287457 0.0351872 0.0409877 0.045656 0.0490217 0.0512046 0.05247 0.0531034 0.0533557 0.0534316 0.0534853 0.0536061 0.053784 0.0538471 0.0534004 0.0518389 0.0485147 0.0430531 0.0356597 0.027191
 0.00477983 0.00783012 0.0119121 0.0170409 0.0230984 0.0297385 0.0363667 0.0422955 0.0470042 0.0503068 0.0523235 0.0533326 0.0536419 0.0535312 0.0532371 0.0529434 0.0527626 0.0526986 0.0525866 0.0520355 0.0504453 0.0471736 0.041845 0.0346512 0.0264188
 0.00496824 0.0081391 0.0123822 0.0177118 0.0240018 0.030886 0.0377374 0.0438305 0.0486133 0.051883 0.0537578 0.0545237 0.0545018 0.0539915 0.0532548 0.0525062 0.0518906 0.0514424 0.0510228 0.0502626 0.0485797 0.0453436 0.0401775 0.0332498 0.0253418
 0.00518568 0.00849265 0.0129146 0.0184634 0.0250034 0.032148 0.0392374 0.0455083 0.0503775 0.0536271 0.0553741 0.0559121 0.0555729 0.0546678 0.053474 0.0522263 0.0510973 0.0501564 0.0493054 0.048218 0.0463524 0.0431059 0.0381059 0.0314913 0.023982
 0.00541258 0.0088656 0.0134834 0.0192766 0.026099 0.0335379 0.0408924 0.0473539 0.0523057 0.0555181 0.0571157 0.0574081 0.0567428 0.0554429 0.0537944 0.0520417 0.0503728 0.0488841 0.0475194 0.0460086 0.0438709 0.0405537 0.0357021 0.0294259 0.0223718
 0.00564204 0.00924187 0.014056 0.0200943 0.0272013 0.0349409 0.0425737 0.0492457 0.054303 0.0574974 0.0589546 0.0589987 0.057997 0.0562918 0.0541835 0.0519257 0.0497147 0.047663 0.0457485 0.0437575 0.0412816 0.037836 0.0330999 0.0271615 0.0205898
 0.00588711 0.00964147 0.0146597 0.0209493 0.028344 0.036383 0.0442882 0.0511616 0.0563146 0.0594838 0.0607983 0.0605958 0.0592607 0.0571525 0.0545864 0.0518273 0.0490801 0.0464696 0.0440006 0.0415101 0.0386629 0.0350509 0.0304002 0.0247871 0.0187048
 0.00612735 0.0100375 0.0152656 0.0218185 0.0295182 0.0378751 0.0460654 0.0531404 0.0583745 0.0614919 0.0626323 0.0621551 0.0604686 0.0579514 0.0549327 0.051686 0.0484219 0.0452739 0.0422688 0.0392885 0.0360674 0.032275 0.0276906 0.0223869 0.0167865
 0.0063693 0.0104329 0.0158647 0.02267 0.0306602 0.0393213 0.0477892 0.0550682 0.0603941 0.0634727 0.064446 0.0636915 0.0616427 0.0587048 0.055229 0.0515021 0.0477414 0.0440863 0.0405791 0.0371395 0.0335641 0.0295958 0.0250678 0.0200538 0.0149134
 0.00662623 0.0108526 0.0165 0.0235705 0.0318621 0.0408314 0.0495691 0.0570302 0.0624142 0.0654158 0.066188 0.0651315 0.0627056 0.0593397 0.0554059 0.0512069 0.0469696 0.0428403 0.0388748 0.0350232 0.0311347 0.0270171 0.0225532 0.0178193 0.013118
 0.00683929 0.0112075 0.0170496 0.0243691 0.0329537 0.0422316 0.0512472 0.0589028 0.0643585 0.0672936 0.0678705 0.0665137 0.0637121 0.0599232 0.0555423 0.0508889 0.0462002 0.0416309 0.0372494 0.0330319 0.0288725 0.0246335 0.0202393 0.0157679 0.0114708
 0.00707261 0.0115859 0.0176176 0.025168 0.0340145 0.0435628 0.0528214 0.0606506 0.0661744 0.0690536 0.0694512 0.0678079 0.0646385 0.0604307 0.0556083 0.0505132 0.0453969 0.0404231 0.0356714 0.0311397 0.0267582 0.0224335 0.018123 0.0139033 0.00997958
 0.00725597 0.0118926 0.0180949 0.0258639 0.0349669 0.0447823 0.0542758 0.0622613 0.067831 0.0706378 0.0708571 0.0689508 0.0654552 0.0608776 0.0556608 0.0501646 0.0446567 0.0393144 0.0342318 0.0294277 0.0248626 0.020478 0.0162556 0.0122676 0.00867696
 0.00742712 0.0121702 0.0185117 0.0264512 0.0357496 0.0457708 0.0554556 0.0635865 0.0692262 0.0720085 0.0721043 0.0699851 0.0662069 0.0613012 0.0557336 0.049882 0.0440272 0.0383586 0.0329844 0.0279434 0.0232233 0.0187941 0.0146556 0.0108726 0.00757047
 0.00751351 0.0123128 0.0187307 0.0267676 0.0361822 0.0463311 0.0561425 0.0643834 0.0701033 0.0729259 0.0730147 0.0708341 0.0669346 0.061847 0.0560443 0.0499187 0.0437694 0.0378055 0.0321558 0.0268828 0.022001 0.0175063 0.0134134 0.00977988 0.00669938
 0.00759139 0.0124326 0.0188986 0.0269862 0.0364518 0.0466521 0.0565154 0.0648083 0.0705774 0.0734421 0.0735599 0.0713875 0.0674659 0.0623163 0.0564041 0.0501193 0.0437672 0.0375716 0.0316838 0.0261942 0.0211476 0.0165672 0.0124828 0.00894764 0.00602902
 0.00766449 0.0125479 0.0190655 0.0272096 0.0367309 0.0469777 0.0568696 0.0651668 0.0709173 0.0737502 0.073836 0.0716407 0.0677054 0.0625416 0.0565996 0.0502544 0.0438023 0.0374672 0.0314129 0.0257529 0.0205622 0.0158934 0.0117948 0.00831994 0.0055168
 0.00773117 0.0126488 0.0192033 0.0273822 0.0369325 0.0472004 0.0571043 0.0654033 0.0711439 0.0739555 0.0740122 0.0717863 0.0678251 0.0626438 0.0566887 0.0503247 0.0438343 0.0374313 0.0312782 0.0255006 0.0201964 0.0154452 0.0113165 0.00786981 0.00514133
 0.00777767 0.0127213 0.0193062 0.027517 0.0370962 0.0473852 0.0572973 0.0655884 0.0713058 0.0740851 0.074108 0.0718534 0.0678717 0.0626773 0.0567143 0.0503429 0.0438384 0.0374057 0.0312017 0.0253536 0.0199719 0.0151561 0.0109948 0.00755671 0.00487341
 0.00781563 0.0127777 0.0193814 0.0276079 0.0371977 0.0474916 0.0574036 0.06569 0.0713985 0.0741645 0.0741711 0.0718993 0.0679025 0.0626973 0.056728 0.0503526 0.0438418 0.0373951 0.0311638 0.025274 0.0198417 0.0149788 0.0107881 0.00734796 0.00468935
 0.00785032 0.0128303 0.0194533 0.0276973 0.0372997 0.0475985 0.0575058 0.0657778 0.0714641 0.0742051 0.0741888 0.0719001 0.0678933 0.0626835 0.0567131 0.050338 0.0438267 0.0373753 0.0311315 0.0252197 0.0197578 0.0148647 0.010653 0.00720852 0.00456373
 0.00786873 0.0128587 0.0194933 0.027749 0.0373615 0.0476673 0.0575763 0.0658431 0.0715173 0.0742409 0.0742055 0.0719 0.0678813 0.062666 0.0566953 0.0503228 0.0438142 0.0373625 0.0311133 0.0251891 0.019709 0.014796 0.0105688 0.00711908 0.00448107
 0.00786645 0.012852 0.0194776 0.027719 0.0373129 0.0475997 0.0574955 0.0657606 0.0714473 0.0741955 0.0741914 0.0719174 0.0679257 0.0627303 0.0567721 0.0504053 0.0438963 0.0374383 0.0311765 0.0252337 0.0197303 0.0147925 0.010544 0.00708076 0.00443903
 0.00787314 0.0128574 0.0194756 0.0277004 0.0372678 0.047521 0.0573831 0.0656229 0.0713002 0.0740593 0.0740863 0.071859 0.0679212 0.0627777 0.0568614 0.0505221 0.0440256 0.0375666 0.0312927 0.0253295 0.0198 0.0148342 0.0105602 0.00707773 0.00442517
 0.00789701 0.0128929 0.0195224 0.0277552 0.0373234 0.0475673 0.0574074 0.065613 0.0712483 0.0739662 0.0739636 0.0717267 0.0678025 0.062692 0.0568196 0.050525 0.0440652 0.0376301 0.0313658 0.0253994 0.0198573 0.0148738 0.0105813 0.00708355 0.00442118
 0.00788214 0.0128692 0.0194879 0.0277082 0.0372639 0.0474965 0.0573286 0.0655309 0.0711677 0.0738908 0.073896 0.0716698 0.0677611 0.0626731 0.0568305 0.0505701 0.0441431 0.0377331 0.0314815 0.0255138 0.0199582 0.0149532 0.0106365 0.00711667 0.00443751
 0.00786943 0.0128459 0.019448 0.0276451 0.0371722 0.0473756 0.0571849 0.065378 0.0710231 0.0737711 0.0738121 0.071626 0.0677559 0.0627019 0.0568886 0.0506538 0.0442492 0.0378569 0.0316153 0.025647 0.0200797 0.015054 0.0107119 0.00716713 0.00446731
 0.00786203 0.01283 0.019417 0.0275905 0.0370853 0.0472512 0.0570247 0.065192 0.0708288 0.0735899 0.0736656 0.0715308 0.0677209 0.0627268 0.0569655 0.0507708 0.0443936 0.038017 0.0317806 0.0258073 0.0202251 0.0151762 0.0108063 0.00723332 0.00450911
 0.00784931 0.0128094 0.0193861 0.0275463 0.0370247 0.0471707 0.0569215 0.0650658 0.0706832 0.0734344 0.0735149 0.0714031 0.0676334 0.0626922 0.0569882 0.0508469 0.0445125 0.0381643 0.0319414 0.0259677 0.0203733 0.015303 0.0109062 0.00730535 0.00455619
 0.00781655 0.0127596 0.0193174 0.0274595 0.0369227 0.047058 0.0568034 0.0649481 0.0705712 0.0733321 0.0734255 0.0713304 0.067583 0.0626716 0.0570051 0.0509056 0.0446117 0.0382965 0.0320942 0.0261266 0.0205241 0.0154347 0.0110119 0.00738285 0.00460791
 0.0077819 0.0127003 0.0192231 0.0273201 0.036732 0.0468191 0.0565325 0.0646735 0.0703262 0.0731451 0.0733124 0.0712931 0.0676134 0.0627569 0.0571331 0.0510669 0.044799 0.0385022 0.0323087 0.0263379 0.0207194 0.0156028 0.0111458 0.00748101 0.0046736
 0.00776469 0.0126687 0.0191687 0.0272325 0.0366007 0.0466374 0.0563018 0.0644057 0.0700442 0.0728793 0.0730951 0.0711505 0.0675602 0.0627932 0.057247 0.0512395 0.0450105 0.0387351 0.0325481 0.0265704 0.0209326 0.0157862 0.0112925 0.00758912 0.00474651
 0.00773255 0.0126178 0.0190944 0.027131 0.0364693 0.0464746 0.0561087 0.0641873 0.0698106 0.0726458 0.0728818 0.0709804 0.067455 0.0627685 0.0573078 0.0513787 0.0452113 0.0389755 0.0328053 0.026824 0.0211659 0.0159868 0.0114529 0.00770758 0.00482671
 0.0093059 0.0148188 0.0217483 0.0298551 0.0387852 0.0479857 0.0566406 0.0638129 0.0687665 0.0712113 0.0712911 0.069393 0.0659661 0.0614319 0.0561523 0.0504168 0.0444416 0.038385 0.032372 0.0265215 0.0209665 0.015864 0.0113836 0.00767264 0.00481149
 0.00927056 0.0150524 0.0226129 0.031801 0.0421546 0.0527474 0.0622225 0.0691962 0.0728499 0.0732469 0.0711317 0.0674326 0.0628683 0.0578466 0.0525561 0.0470893 0.041515 0.035904 0.0303356 0.0249043 0.0197293 0.0149582 0.0107538 0.00726062 0.00456019
 0.00895148 0.0145482 0.0219024 0.0309304 0.0412906 0.0522145 0.0624638 0.0706151 0.0755665 0.0769177 0.0749933 0.0705917 0.0646761 0.0581235 0.0515607 0.0453063 0.0394278 0.033864 0.0285395 0.0234313 0.0185876 0.0141188 0.0101704 0.00687972 0.00432844
 0.0087984 0.0142894 0.0214949 0.0303307 0.0404708 0.051193 0.0613457 0.0696203 0.0750141 0.0771383 0.076179 0.072653 0.0672077 0.0605362 0.0533211 0.0461432 0.0393867 0.0332085 0.0275932 0.0224565 0.0177403 0.013461 0.00970292 0.00657281 0.00414218
 0.00873272 0.0141786 0.0213198 0.0300683 0.0400965 0.0506861 0.0606999 0.0688596 0.074212 0.0764325 0.0757638 0.0727301 0.0678961 0.0617826 0.0548766 0.0476437 0.0405034 0.0337766 0.0276451 0.0221581 0.0172898 0.0130123 0.00933888 0.00631627 0.00398087
 0.00868374 0.0141015 0.0212081 0.0299164 0.0398992 0.0504375 0.0603939 0.068492 0.0737853 0.0759655 0.0753044 0.0723652 0.067743 0.0619507 0.0554085 0.0484685 0.0414418 0.0346096 0.0282075 0.0223993 0.0172682 0.0128414 0.00912699 0.00613195 0.00385
 0.00867554 0.0140813 0.0211654 0.0298377 0.0397717 0.050255 0.0601609 0.0682223 0.0734966 0.0756729 0.0750194 0.0721032 0.067535 0.0618489 0.0554739 0.0487401 0.0419025 0.0351745 0.0287517 0.0228116 0.017497 0.0129039 0.00908315 0.00604702 0.00376878
 0.00865792 0.0140564 0.0211341 0.0298019 0.0397317 0.0502069 0.0600956 0.0681283 0.0733659 0.0755056 0.0748254 0.0718999 0.0673437 0.0616953 0.0553892 0.0487575 0.0420433 0.0354302 0.0290759 0.023133 0.0177498 0.0130552 0.00913962 0.00604106 0.00373656
 0.00864102 0.0140288 0.0210927 0.0297444 0.0396582 0.0501207 0.0600038 0.0680395 0.0732858 0.0754342 0.0747572 0.0718276 0.0672652 0.0616167 0.0553264 0.0487327 0.0420785 0.0355376 0.0292478 0.0233398 0.0179494 0.013211 0.00923542 0.00608268 0.00374296
 0.00866251 0.0140601 0.0211329 0.02979 0.0397033 0.0501585 0.0600273 0.0680437 0.0732682 0.0753952 0.0746993 0.071754 0.0671781 0.0615195 0.0552254 0.0486401 0.0420113 0.0355122 0.0292724 0.0234085 0.0180426 0.0133033 0.00930652 0.00612483 0.00376018
 0.0086615 0.0140636 0.0211475 0.029824 0.0397637 0.0502464 0.0601347 0.0681537 0.0733601 0.0754516 0.0747109 0.0717207 0.0671069 0.0614209 0.0551108 0.0485214 0.0419015 0.0354247 0.0292183 0.0233918 0.0180576 0.0133366 0.00934265 0.00615266 0.00377594
 0.00862356 0.0140043 0.0210631 0.0297143 0.0396338 0.0501081 0.0600069 0.0680585 0.0733159 0.0754654 0.0747749 0.0718161 0.0672114 0.0615163 0.055187 0.0485763 0.0419391 0.0354529 0.029246 0.0234257 0.0180999 0.0133837 0.00938753 0.00618887 0.00380046
 0.00862167 0.0139989 0.0210507 0.0296903 0.0395933 0.0500487 0.0599303 0.0679721 0.0732325 0.0753999 0.0747405 0.0718191 0.067249 0.061577 0.0552556 0.0486394 0.0419891 0.035489 0.0292725 0.023449 0.0181245 0.0134107 0.00941486 0.00621287 0.00381844
 0.00860681 0.0139757 0.0210175 0.0296459 0.0395371 0.0499807 0.0598515 0.0678854 0.0731431 0.0753165 0.0746736 0.0717799 0.0672457 0.0616119 0.0553231 0.0487274 0.0420835 0.0355778 0.029349 0.0235119 0.0181758 0.013453 0.00944941 0.00623989 0.0038379
 0.00861951 0.0139933 0.0210383 0.0296663 0.0395526 0.0499868 0.0598452 0.0678653 0.0731094 0.0752702 0.0746176 0.0717195 0.0671888 0.0615675 0.0552991 0.0487271 0.0421043 0.0356128 0.0293898 0.0235516 0.0182108 0.0134821 0.0094729 0.00625809 0.00385114
 0.00861951 0.0139933 0.0210383 0.0296663 0.0395526 0.0499868 0.0598452 0.0678653 0.0731094 0.0752702 0.0746176 0.0717195 0.0671888 0.0615675 0.0552991 0.0487271 0.0421043 0.0356128 0.0293898 0.0235516 0.0182108 0.0134821 0.0094729 0.00625809 0.00385114
 0.00882535 0.0143204 0.0215146 0.0303078 0.0403543 0.0509117 0.0608171 0.0687742 0.0738346 0.0757135 0.0747288 0.0715038 0.0666982 0.0608819 0.0545073 0.0479113 0.0413296 0.0349222 0.0288054 0.0230794 0.0178459 0.0132135 0.00928585 0.00613612 0.00377736
 0.00881878 0.0143339 0.0215797 0.0304687 0.0406566 0.051384 0.0614531 0.0695259 0.0746192 0.0764306 0.0752817 0.0718191 0.0667398 0.0606575 0.0540636 0.0473206 0.0406717 0.0342689 0.0282105 0.0225749 0.0174444 0.0129128 0.0090744 0.00599716 0.00369264
 0.00885456 0.0143847 0.0216441 0.0305449 0.0407484 0.0515074 0.0616377 0.0698056 0.0750138 0.0769271 0.075827 0.0723299 0.0671263 0.06085 0.0540309 0.0470756 0.0402634 0.0337667 0.0276854 0.0220855 0.0170288 0.0125877 0.00883922 0.00583977 0.00359549
 0.00907879 0.014739 0.0221562 0.0312284 0.0415938 0.0524734 0.0626462 0.070752 0.0757941 0.0774686 0.0761048 0.0723589 0.0669382 0.0604736 0.0534877 0.0463877 0.0394649 0.0329081 0.0268288 0.0212923 0.0163474 0.0120451 0.00843925 0.00556761 0.00342514
 0.00843995 0.0137514 0.0207697 0.0294433 0.0394748 0.0501608 0.0603601 0.0687696 0.0743912 0.076844 0.0763255 0.0733533 0.0685306 0.0624356 0.0555843 0.0484127 0.0412646 0.0343931 0.0279732 0.0221205 0.0169137 0.0124133 0.00866819 0.00570395 0.00350266
 0.00826816 0.0134015 0.020116 0.0283351 0.037785 0.0478593 0.0575748 0.0657936 0.0716197 0.0746708 0.0750466 0.0731106 0.0693009 0.0640547 0.0577941 0.0509172 0.0437849 0.0367081 0.0299411 0.0236811 0.0180742 0.0132254 0.00920376 0.0060367 0.00369678
 0.00878352 0.0142094 0.0212666 0.0298289 0.0395432 0.0496949 0.0591897 0.0668316 0.071781 0.0738391 0.0733545 0.0709001 0.067003 0.0620521 0.0563275 0.0500574 0.04346 0.0367622 0.0301982 0.023994 0.0183494 0.0134236 0.00932501 0.00610015 0.00372494
 0.00906661 0.0147228 0.0221339 0.0311879 0.0414997 0.0522526 0.0621868 0.0699264 0.0745098 0.0757312 0.0740622 0.0702989 0.0652285 0.0594593 0.0533823 0.0472028 0.0410096 0.0348583 0.0288334 0.0230711 0.0177439 0.0130276 0.00906321 0.00592724 0.00361408
 0.00848215 0.0138241 0.0208862 0.0296167 0.0397123 0.0504532 0.060669 0.0690192 0.0744699 0.0766253 0.0757085 0.0723155 0.0671702 0.0609749 0.0543185 0.047615 0.0410894 0.0348239 0.0288407 0.0231789 0.0179326 0.0132427 0.00925516 0.00607019 0.00370571
 0.00880219 0.0142541 0.0213663 0.0300348 0.0399359 0.0503822 0.0602851 0.0684067 0.0737997 0.076106 0.0755172 0.0725279 0.0677197 0.06167 0.0549193 0.0479351 0.0410679 0.0345303 0.0284188 0.0227697 0.0176217 0.01305 0.00915702 0.00602966 0.00369252
 0.00899252 0.0146006 0.0219488 0.0309307 0.0411767 0.0519 0.0618825 0.0697902 0.0746811 0.076323 0.0751024 0.0716834 0.0667164 0.0607292 0.0541394 0.0472908 0.04047 0.0339036 0.0277507 0.0221081 0.0170365 0.012592 0.0088388 0.00583167 0.00358098
 0.00857428 0.0139585 0.0210592 0.0298129 0.0399063 0.0506151 0.0607729 0.0690536 0.0744513 0.0766062 0.0757717 0.0725442 0.0676019 0.0615606 0.0549167 0.0480371 0.0411804 0.0345363 0.0282547 0.0224591 0.0172493 0.0127072 0.00889928 0.00586675 0.00360448
 0.00860714 0.0139591 0.0209637 0.0295334 0.039359 0.0497644 0.0596696 0.0678437 0.0733428 0.0758069 0.075422 0.0726737 0.0681284 0.062333 0.0557796 0.0488798 0.0419473 0.0352053 0.0288131 0.0228958 0.0175627 0.0129114 0.00902107 0.00593505 0.00364193
 0.00858403 0.0139324 0.02094 0.0295161 0.0393352 0.0496919 0.0594769 0.0674537 0.072718 0.0749914 0.0745499 0.0719302 0.0676793 0.0622619 0.0560654 0.0494213 0.042615 0.035886 0.0294309 0.0234101 0.0179588 0.0131935 0.00920616 0.00604702 0.00370482
 0.00888299 0.0144025 0.0216161 0.0304154 0.040448 0.0509688 0.0608161 0.0686985 0.0736782 0.0754882 0.0744713 0.0712749 0.0665681 0.060904 0.0546917 0.0482141 0.0416669 0.0352033 0.028966 0.0230997 0.0177486 0.0130466 0.00910143 0.00597323 0.00365534
#pred catch len freq
