SBPRF35
7.78865
Curr Bio
522092
B35
679336
F35
0.223514
FOFL
0.183657
OFL
79601.7
Bzero
2.22533e+06
#pred survey bio
 4.55296e+06 4.29185e+06 4.04213e+06 3.75397e+06 3.44566e+06 3.14327e+06 2.81184e+06 2.49664e+06 2.2288e+06 1.97191e+06 1.74532e+06 1.52766e+06 1.35756e+06 1.19056e+06 1.04727e+06 917468 833556 766339 710780 688798 666134 635283 621470 605468 598881 586761 584117 584622 573976 573800 567117 564400 547489 546594 533476 523646 506722 492707 495551 500880 517607 524702 526581 538034 542892 548706 550478 557164 554624 568619 570905 576514 568967 572953 561843 534194 512991 501694 477968 503124 520402 522189 1.97426e+07 1.2288e+07 1.28014e+07 1.35084e+07 1.42848e+07 1.50118e+07 1.56316e+07 1.61289e+07 1.65121e+07 1.67996e+07 1.70115e+07 1.71663e+07 1.72787e+07 1.73604e+07 1.74199e+07 1.74634e+07 1.74954e+07 1.7519e+07 1.75366e+07 1.75497e+07 1.75596e+07 1.75671e+07 1.75727e+07 1.75771e+07 1.75804e+07 1.75829e+07 1.75848e+07 1.75863e+07 1.75874e+07 1.75883e+07 1.7589e+07 1.75895e+07 1.75899e+07 1.75902e+07 1.75904e+07 1.75906e+07 1.75908e+07 1.75909e+07 1.7591e+07 1.7591e+07 1.75911e+07 1.75911e+07 1.75912e+07 1.75912e+07 1.75912e+07 1.75912e+07 1.75912e+07 1.75912e+07 1.75912e+07 1.75912e+07 1.75913e+07 1.75913e+07 1.75913e+07 1.75913e+07 1.75913e+07 1.75913e+07 1.75913e+07 1.75913e+07 1.75913e+07 1.75913e+07 1.75913e+07 1.75913e+07 1.75913e+07 1.75913e+07 1.75913e+07 1.75913e+07 1.75913e+07 1.75913e+07 1.75913e+07 1.75913e+07 1.75913e+07 1.75913e+07 1.75913e+07 1.75913e+07 1.75913e+07 1.75913e+07 1.75913e+07 1.75913e+07 1.75913e+07 1.75913e+07 1.75913e+07 1.75913e+07 1.75913e+07 1.75913e+07 1.75913e+07 1.75913e+07 1.75913e+07 1.75913e+07 1.75913e+07 1.75913e+07 1.75913e+07 1.75913e+07 1.75913e+07 1.75913e+07 1.75913e+07 1.75913e+07 1.75913e+07 1.75913e+07 1.75913e+07 1.75913e+07 0 0 0 0 0 0 0 0 0 0 0 0 0 0 0 0 0 0 0 0 0 0 0 0 0
#obs survey bio
 3.06423e+06 3.33838e+06 3.09893e+06 2.53442e+06 2.89108e+06 2.09139e+06 3.22781e+06 1.65614e+06 1.86643e+06 1.3685e+06 1.55562e+06 1.52843e+06 996618 1.56297e+06 1.0503e+06 759164 763969 497438 584508 671183 722209 796538 595172 541540 545657 384644 665052 556638 418320 389890 493958 607224 833897 679340 475000 493877 623029 416348 604759 478398 719268 623213 366511 339561 675677 541029 508687 552760 630599 637446 551780 352804 522266 707635 676498 558663 663652 405874 426482 519721 447855 516617
#pred catch bio
 97914.2 99648 156267 201740 226725 285136 301632 286700 300385 291858 297531 265037 267623 247961 235140 194372 179552 168152 137306 134939 137435 118923 118278 109128 113208 104820 101365 108805 98063.2 101553 95486.9 104048 86792.5 93523.3 87106.7 91695.8 91705.5 82162.2 83474.1 75701.1 84976.8 89849.7 83023 89996.4 89539.4 93124.5 89421.2 97485.6 84138.9 94448.2 91430.5 102248 92239.5 104381 117028 111163 103776 114727 75481.4 85591.1 101413 71886.2 79601.7 98284.2 101415 105973 111436 116619 120956 124321 126800 128560 129773 130592 131135 131490 131721 131868 131963 132023 132060 132084 132099 132109 132114 132118 132120 132122 132123 132123 132123 132124 132124 132124 132124 132124 132124 132124 132124 132124 132124 132124 132124 132124 132124 132124 132124 132124 132124 132124 132124 132124 132124 132124 132124 132124 132124 132124 132124 132124 132124 132124 132124 132124 132124 132124 132124 132124 132124 132124 132124 132124 132124 132124 132124 132124 132124 132124 132124 132124 132124 132124 132124 132124 132124 132124 132124 132124 132124 132124 132124 132124 132124 132124 132124 132124 132124 132124 132124 132124 132124 132124 0 0 0 0 0 0 0 0 0 0 0 0 0 0 0 0 0 0 0 0 0 0 0 0 0
#obs catch bio
 0 99457.2 156976 203202 228290 289243 306286 291450 306539 298148 304012 269932 274620 251975 239002 196785 181345 172209 139683 136931 139118 119572 118588 109717 114035 106088 102527 109819 98712.4 102710 95903.1 104922 86942.7 93595 87185.8 91736.7 91455.9 82088.9 83666.7 75415.4 84535.1 89630.6 82665.9 90388 89338.7 92846 89340.9 97380.6 83925.4 94431.2 91089.7 102215 91818.8 103506 115885 110077 102435 114611 74794.5 85069.2 101591 71660.2
#pred cpue bio
 4.48215e+06 4.22407e+06 3.97616e+06 3.68875e+06 3.38188e+06 3.0808e+06 2.75114e+06 2.43786e+06 2.17165e+06 1.91674e+06 1.69232e+06 1.47722e+06 1.3092e+06 1.14497e+06 1.00455e+06 877394 794992 728976 674810 653953 632709 603467 590579 575144 568642 556752 554177 555099 545241 545376 539359 537342 521559 521419 509375 500308 483359 468076 469545 474619 491155 498167 499888 510691 515278 521078 522811 529240 526717 540289 542662 548234 540852 544732 534058 506940 485705 474148 450785 474950 491521 492578 1.86488e+07 1.16277e+07 1.20858e+07 1.27207e+07 1.34725e+07 1.41943e+07 1.48131e+07 1.53103e+07 1.56934e+07 1.59809e+07 1.61928e+07 1.63476e+07 1.646e+07 1.65417e+07 1.66012e+07 1.66447e+07 1.66767e+07 1.67003e+07 1.67179e+07 1.6731e+07 1.67409e+07 1.67484e+07 1.67541e+07 1.67584e+07 1.67617e+07 1.67642e+07 1.67661e+07 1.67676e+07 1.67687e+07 1.67696e+07 1.67703e+07 1.67708e+07 1.67712e+07 1.67715e+07 1.67718e+07 1.67719e+07 1.67721e+07 1.67722e+07 1.67723e+07 1.67724e+07 1.67724e+07 1.67724e+07 1.67725e+07 1.67725e+07 1.67725e+07 1.67725e+07 1.67725e+07 1.67726e+07 1.67726e+07 1.67726e+07 1.67726e+07 1.67726e+07 1.67726e+07 1.67726e+07 1.67726e+07 1.67726e+07 1.67726e+07 1.67726e+07 1.67726e+07 1.67726e+07 1.67726e+07 1.67726e+07 1.67726e+07 1.67726e+07 1.67726e+07 1.67726e+07 1.67726e+07 1.67726e+07 1.67726e+07 1.67726e+07 1.67726e+07 1.67726e+07 1.67726e+07 1.67726e+07 1.67726e+07 1.67726e+07 1.67726e+07 1.67726e+07 1.67726e+07 1.67726e+07 1.67726e+07 1.67726e+07 1.67726e+07 1.67726e+07 1.67726e+07 1.67726e+07 1.67726e+07 1.67726e+07 1.67726e+07 1.67726e+07 1.67726e+07 1.67726e+07 1.67726e+07 1.67726e+07 1.67726e+07 1.67726e+07 1.67726e+07 1.67726e+07 1.67726e+07 1.67726e+07 0 0 0 0 0 0 0 0 0 0 0 0 0 0 0 0 0 0 0 0 0 0 0 0 0
#obs cpue bio
 3.62737e+06 3.50844e+06 3.74272e+06 3.13704e+06 3.521e+06 2.83662e+06 2.18711e+06 2.38233e+06 2.0751e+06 2.02353e+06 1.95501e+06 1.22276e+06 1.04407e+06 1.2029e+06 884734 897347 866171 417983 657604 677682 648419 529250 769407 436065 567618 461927 404954 719004 640773 577727 787593 447548 370974 566412 475763 607468 528700 436174 343354 674287 484630 370987 744420 468534 645659 618748 439885 675875 406234 519089 652516 859788 679831 701076 551886 531520 506616 410069 641920 495891 436614 447118
#pred surv len freq
 0.00462517 0.00749192 0.0112488 0.0158836 0.0213126 0.0273123 0.0334777 0.0393046 0.0443654 0.0484437 0.0515402 0.0537907 0.0553792 0.0564768 0.0571961 0.0575645 0.0575258 0.0569615 0.055708 0.0535516 0.0502298 0.0454962 0.0392801 0.0318694 0.0239643
 0.00499881 0.00800599 0.0118545 0.0164896 0.0218263 0.027695 0.0337757 0.0396231 0.0447937 0.0489776 0.0520545 0.054085 0.0552699 0.0558852 0.0561918 0.0563472 0.056357 0.0560731 0.0552214 0.0534422 0.0503552 0.045673 0.039369 0.0318219 0.0238134
 0.00514758 0.00829308 0.0123633 0.0173075 0.0230027 0.0291889 0.0354303 0.0412019 0.0460741 0.0498428 0.0525164 0.0542209 0.0551307 0.0554514 0.0554097 0.0552085 0.0549554 0.0545932 0.053867 0.0523517 0.0495551 0.0450961 0.0389162 0.0314234 0.023452
 0.0053325 0.00857978 0.0127741 0.0178674 0.0237503 0.0301813 0.0367268 0.0428214 0.0479438 0.0517771 0.0542559 0.0555199 0.0558386 0.0555347 0.0549132 0.0542067 0.0535385 0.0528848 0.0520325 0.0505693 0.0479642 0.0437634 0.0378423 0.0305778 0.022804
 0.00558032 0.00897173 0.0133432 0.0186364 0.024728 0.03136 0.038082 0.0443177 0.0495437 0.0534388 0.0559125 0.0570533 0.0570776 0.056294 0.0550522 0.0536724 0.0523713 0.0512003 0.0499987 0.0483833 0.0458217 0.0418241 0.0362065 0.0292848 0.0218458
 0.00578424 0.00930827 0.0138591 0.0193786 0.0257344 0.0326447 0.03962 0.04604 0.0513492 0.0552187 0.0575721 0.0585176 0.0582771 0.0571438 0.055445 0.0534989 0.051561 0.0497597 0.0480269 0.0460597 0.0433716 0.0394736 0.0341394 0.0276132 0.0206034
 0.00604617 0.00972682 0.0144767 0.0202332 0.0268566 0.0340509 0.0413006 0.0479477 0.0533944 0.057277 0.0595018 0.0601829 0.0595689 0.0579859 0.0557842 0.0532881 0.0507555 0.0483371 0.0460228 0.0435947 0.0406506 0.0367502 0.0316588 0.0255561 0.0190524
 0.00634204 0.0101979 0.0151677 0.0211804 0.0280836 0.0355609 0.0430668 0.049908 0.0554565 0.0593298 0.0614271 0.0618637 0.0608961 0.0588666 0.0561482 0.0530877 0.0499612 0.0469387 0.0440458 0.0411279 0.0378652 0.0338881 0.0289845 0.0232897 0.0173158
 0.0065682 0.0105683 0.0157304 0.021983 0.0291649 0.0369378 0.0447198 0.0517745 0.0574378 0.0613084 0.0632846 0.0634919 0.0622014 0.0597702 0.0565845 0.0530038 0.049318 0.045717 0.0422605 0.0388501 0.035241 0.0311371 0.026363 0.0210277 0.015556
 0.00679274 0.0109338 0.0162823 0.0227662 0.030218 0.0382826 0.0463466 0.0536322 0.0594336 0.0633191 0.0651739 0.0651297 0.0634797 0.0606116 0.0569407 0.0528463 0.0486295 0.044491 0.0405129 0.0366416 0.0326992 0.0284604 0.0237921 0.0187881 0.0137964
 0.00702468 0.011304 0.0168277 0.0235186 0.0312021 0.0395096 0.0478061 0.0552843 0.061208 0.065121 0.0668931 0.0666516 0.0646972 0.0614363 0.0573103 0.0527252 0.0480032 0.0433617 0.0389037 0.0346112 0.0303615 0.0259912 0.0214081 0.0166975 0.012142
 0.00731987 0.0117741 0.017517 0.0244618 0.0324179 0.0409923 0.0495139 0.0571362 0.0630932 0.066918 0.0684889 0.0679527 0.0656329 0.0619579 0.0573881 0.0523457 0.0471663 0.0420803 0.0372083 0.0325626 0.028066 0.0236067 0.0191272 0.0147055 0.0105666
 0.00741353 0.0119513 0.0178299 0.0249754 0.0331958 0.0420735 0.0508908 0.0587457 0.0648267 0.068644 0.0700765 0.0692891 0.0666333 0.0625679 0.0575807 0.0521138 0.0465157 0.0410272 0.0357838 0.0308232 0.0261068 0.0215654 0.0171701 0.0129922 0.00920776
 0.00761037 0.0122587 0.0182712 0.0255695 0.0339611 0.0430297 0.0520536 0.0601113 0.066354 0.0702442 0.0716198 0.0706288 0.0676393 0.0631531 0.0577095 0.0517933 0.0457791 0.0399195 0.0343574 0.0291445 0.0242671 0.0196865 0.0153937 0.0114516 0.00799314
 0.00789479 0.012699 0.0188924 0.0263792 0.0349486 0.0441663 0.0532925 0.0613921 0.0676125 0.071423 0.0726709 0.0715064 0.0682905 0.063519 0.0577379 0.0514545 0.0450744 0.0388792 0.0330341 0.0276092 0.0226103 0.0180188 0.013836 0.0101132 0.00694515
 0.00827192 0.0132882 0.0197334 0.0274906 0.0363218 0.0457583 0.055019 0.0631286 0.069213 0.0727514 0.0736311 0.0720564 0.068437 0.0632983 0.0571947 0.0506277 0.0439952 0.0375786 0.0315527 0.0260045 0.0209595 0.0164159 0.0123803 0.00888939 0.00600259
 0.00853582 0.0136992 0.0203186 0.0282635 0.0372809 0.046885 0.0562727 0.064443 0.0704991 0.0739096 0.0745665 0.0726948 0.0687364 0.0632529 0.0568297 0.0499861 0.0431242 0.0365218 0.0303517 0.0247071 0.0196274 0.0151246 0.0112103 0.0079089 0.00525012
 0.00854619 0.0137541 0.020471 0.0285844 0.0378395 0.0477189 0.0573619 0.0657056 0.0718124 0.0751425 0.0756071 0.0734625 0.0691839 0.0633639 0.0566156 0.0494817 0.0423796 0.0355935 0.0292961 0.0235804 0.0184883 0.0140367 0.0102368 0.00710148 0.00463573
 0.0085484 0.0137547 0.0204695 0.0285867 0.0378674 0.0478175 0.057598 0.0661479 0.0724977 0.0760442 0.0766291 0.0744643 0.0700241 0.0639386 0.0568748 0.0494248 0.042041 0.0350269 0.0285643 0.0227481 0.0176204 0.0131964 0.00948138 0.00647458 0.00415936
 0.00843999 0.0135766 0.0201985 0.0282022 0.0373582 0.0471944 0.0569067 0.065476 0.0719667 0.0757839 0.0767385 0.0749738 0.0708753 0.0649957 0.0579649 0.0503876 0.0427656 0.0354648 0.0287218 0.0226698 0.0173718 0.0128506 0.0091078 0.00612963 0.00387917
 0.00835983 0.0134538 0.0200271 0.0279793 0.0370822 0.0468626 0.0565171 0.0650347 0.0714983 0.0753405 0.0763986 0.0748267 0.070992 0.0653974 0.0586055 0.0511617 0.0435399 0.0361189 0.0291784 0.022906 0.0174119 0.0127484 0.00892777 0.00592997 0.00370138
 0.00848572 0.0136298 0.020239 0.028196 0.0372643 0.0469757 0.0565415 0.064966 0.0713413 0.0751039 0.0760978 0.0744924 0.070676 0.0651653 0.0585143 0.0512339 0.0437491 0.0363973 0.0294432 0.0230901 0.0174841 0.012716 0.00882436 0.00579763 0.00357532
 0.00865892 0.0138755 0.0205409 0.0285135 0.0375398 0.0471493 0.0565669 0.0648219 0.0710372 0.0746799 0.0756161 0.0740214 0.0702752 0.0648765 0.0583621 0.0512268 0.0438767 0.036626 0.0297186 0.0233507 0.0176809 0.0128268 0.00885553 0.00577462 0.00352807
 0.00876219 0.0140522 0.0208208 0.028923 0.0380878 0.0478092 0.0572644 0.065443 0.0714601 0.0748163 0.0754413 0.0735787 0.0696557 0.0641889 0.0577053 0.0506734 0.0434664 0.036366 0.0295878 0.0233087 0.017681 0.0128309 0.00884346 0.00574451 0.003489
 0.00882829 0.0141455 0.0209368 0.0290528 0.0382256 0.0479611 0.0574495 0.0656816 0.0717521 0.0751257 0.0756989 0.0737084 0.0696084 0.0639653 0.0573546 0.0502715 0.0430884 0.0360647 0.029385 0.023197 0.0176342 0.0128174 0.00883844 0.00573515 0.00347363
 0.0088206 0.0141543 0.0209881 0.0291806 0.0384597 0.0483094 0.057887 0.0661553 0.0722006 0.0755001 0.0759711 0.073863 0.0696316 0.0638442 0.057089 0.0498868 0.0426364 0.0356097 0.0289832 0.0228814 0.0174109 0.0126721 0.0087483 0.00567918 0.00343752
 0.00862175 0.0138594 0.0205986 0.0287214 0.0379778 0.0478679 0.057556 0.0659977 0.0722541 0.0757621 0.0763965 0.0743788 0.0701597 0.0643187 0.0574637 0.0501376 0.0427622 0.0356319 0.028939 0.022811 0.0173447 0.0126247 0.00872042 0.00566466 0.00342972
 0.00855623 0.0137326 0.0203721 0.0283516 0.0374326 0.0471508 0.056725 0.0651641 0.0715563 0.0753244 0.0762923 0.0746127 0.0706723 0.0650092 0.0582192 0.0508588 0.0433804 0.0361143 0.0292851 0.0230424 0.0174926 0.0127182 0.00878027 0.00570311 0.00345348
 0.00859992 0.0138025 0.020473 0.0284806 0.0375726 0.0472649 0.0567578 0.0650587 0.0712821 0.0749032 0.0758029 0.074166 0.0703698 0.0649054 0.0583085 0.0510872 0.0436727 0.0364012 0.029521 0.0232101 0.017597 0.012776 0.00880941 0.00571713 0.00346027
 0.00841541 0.0135337 0.0201267 0.028084 0.0371669 0.0468918 0.0564484 0.0648251 0.0711167 0.0747844 0.0757084 0.0740905 0.0703346 0.064952 0.0584759 0.0513874 0.04408 0.0368605 0.0299694 0.0235979 0.017899 0.0129902 0.00894962 0.00580248 0.00350888
 0.00833012 0.0133909 0.0199056 0.0277676 0.0367505 0.0463951 0.0559216 0.0643422 0.0707521 0.0745848 0.0756764 0.0741898 0.0705131 0.0651688 0.058716 0.0516581 0.0443929 0.037214 0.0303415 0.0239539 0.0182059 0.0132289 0.00911769 0.00591021 0.00357204
 0.00814918 0.0131184 0.0195352 0.0273055 0.0362117 0.0457976 0.0552866 0.0637004 0.0701519 0.0740922 0.0753618 0.0741043 0.0706682 0.0655314 0.0592231 0.0522422 0.0450007 0.0378111 0.0309047 0.0244625 0.0186401 0.0135743 0.00937083 0.00608008 0.003676
 0.00810703 0.0130476 0.0194249 0.0271462 0.0359983 0.0455345 0.0549896 0.0633929 0.0698568 0.073825 0.075132 0.0739235 0.0705562 0.0655122 0.0593126 0.0524375 0.0452798 0.0381415 0.0312534 0.0248011 0.0189457 0.0138302 0.00956806 0.00621884 0.00376454
 0.00795397 0.0128026 0.0190636 0.0266496 0.0353578 0.04476 0.0541177 0.062491 0.069015 0.0731388 0.0746799 0.0737504 0.0706663 0.0658747 0.0598751 0.0531392 0.0460597 0.0389418 0.0320224 0.0254966 0.0195378 0.0143033 0.00992089 0.0064626 0.00391932
 0.00799153 0.012847 0.0190993 0.0266496 0.0352891 0.0445917 0.0538305 0.0620834 0.068507 0.0725713 0.074112 0.073251 0.0703005 0.0656893 0.0598884 0.0533394 0.0464113 0.0393955 0.0325245 0.0259966 0.0199941 0.014687 0.0102183 0.00667441 0.0040572
 0.0086131 0.0137219 0.0201641 0.0277587 0.0362527 0.0452394 0.054064 0.0618919 0.0679488 0.0717426 0.0731225 0.0722095 0.0693071 0.0648282 0.0592202 0.052895 0.0461904 0.0393699 0.0326468 0.0262107 0.0202456 0.0149318 0.0104268 0.0068328 0.0041653
 0.0093908 0.0149303 0.0218704 0.0299658 0.0388743 0.0480778 0.0568059 0.0641516 0.0693673 0.0721051 0.0724253 0.0706415 0.0671657 0.062425 0.0568184 0.0506849 0.0442894 0.0378323 0.031476 0.0253728 0.0196842 0.0145813 0.0102244 0.00672564 0.00411381
 0.00940014 0.0150515 0.0222472 0.0307933 0.0403435 0.050287 0.0596789 0.0674095 0.0725757 0.0747776 0.0741463 0.071168 0.0664804 0.0607231 0.0544341 0.047992 0.0416152 0.035411 0.0294402 0.023769 0.0184961 0.0137538 0.00968392 0.0063959 0.00392687
 0.00900322 0.01446 0.0214655 0.0298835 0.0394374 0.049587 0.059436 0.0678641 0.0738616 0.0768293 0.0766693 0.0737071 0.0685621 0.062004 0.0547901 0.047519 0.0405588 0.0340678 0.0280723 0.022557 0.0175304 0.0130513 0.00921398 0.00610639 0.00376278
 0.00892429 0.0142941 0.0211491 0.0293418 0.0386134 0.0484858 0.058164 0.0666372 0.0729658 0.0765412 0.0771607 0.0749687 0.0703814 0.0640176 0.0565979 0.0488135 0.0412095 0.0341281 0.0277192 0.0220038 0.0169559 0.0125651 0.00885818 0.00587547 0.00362836
 0.00883611 0.0141517 0.0209338 0.0290291 0.0381699 0.0478699 0.0573391 0.0656002 0.0717831 0.0753717 0.0762401 0.074546 0.0706249 0.0649346 0.0580136 0.0504255 0.0426963 0.0352567 0.0284036 0.0222943 0.0169797 0.0124589 0.00872274 0.0057636 0.00355482
 0.00887076 0.0142024 0.0209989 0.0291018 0.0382367 0.047909 0.0573188 0.0654781 0.071514 0.0749258 0.0756318 0.0738576 0.0700044 0.0645545 0.0579997 0.0507943 0.0433397 0.0359879 0.0290388 0.0227217 0.0171832 0.0124931 0.0086669 0.00568337 0.00348678
 0.00905116 0.014468 0.0213469 0.0295108 0.0386716 0.0483295 0.0576852 0.0657526 0.0716589 0.0749051 0.0754178 0.0734448 0.0694267 0.0638942 0.0573773 0.050331 0.0431086 0.035982 0.0291784 0.0228989 0.0173127 0.0125415 0.00864703 0.00562947 0.0034299
 0.00885742 0.0142093 0.0210604 0.0292632 0.0385368 0.0483557 0.0578703 0.0660443 0.0719795 0.0751824 0.0756048 0.0735213 0.0693917 0.0637627 0.0571826 0.0501267 0.0429566 0.0359286 0.0292318 0.0230257 0.0174582 0.0126581 0.00871401 0.00565191 0.00342591
 0.00877278 0.0140657 0.020837 0.0289462 0.038134 0.0479119 0.0574711 0.0657956 0.0719641 0.0754174 0.0760283 0.074019 0.0698456 0.0640923 0.0573616 0.0501759 0.0429259 0.0358763 0.0292035 0.023041 0.017509 0.0127208 0.00876585 0.00568238 0.00343692
 0.0088168 0.0141163 0.0208736 0.0289347 0.0380339 0.0476902 0.0571187 0.065341 0.0714765 0.0749949 0.0757684 0.0739814 0.070026 0.0644244 0.057748 0.0505293 0.0431982 0.0360627 0.0293281 0.0231338 0.01759 0.0127947 0.00882783 0.00572693 0.00346336
 0.00881439 0.0141271 0.0209152 0.0290279 0.0381915 0.0479018 0.0573422 0.0655092 0.0715222 0.0748825 0.0755152 0.0736542 0.0697148 0.0642046 0.0576517 0.05054 0.0432693 0.0361459 0.0293943 0.0231772 0.017618 0.0128163 0.00884698 0.00574299 0.00347465
 0.00879586 0.0140908 0.0208505 0.0289252 0.0380487 0.0477324 0.0571769 0.0653863 0.0714683 0.074895 0.0755619 0.073693 0.0697206 0.0641846 0.0576379 0.0505663 0.04335 0.0362697 0.0295345 0.0233079 0.0177247 0.0128961 0.00890336 0.00578098 0.00349869
 0.00883023 0.0141503 0.0209459 0.0290658 0.0382375 0.0479594 0.0574167 0.0656037 0.0716307 0.0749844 0.075577 0.0736412 0.0696089 0.0640184 0.0574286 0.0503371 0.043132 0.0360899 0.0294055 0.0232265 0.0176783 0.0128713 0.00889048 0.00577449 0.00349563
 0.00866231 0.0138951 0.0205961 0.0286288 0.0377366 0.0474324 0.0569136 0.0651802 0.0713373 0.0748534 0.0756152 0.0738318 0.0699183 0.0644046 0.0578478 0.0507505 0.0435123 0.0364241 0.0296917 0.023467 0.0178752 0.0130255 0.009004 0.00585198 0.00354427
 0.00867995 0.0139101 0.0205936 0.0285875 0.037635 0.0472595 0.056677 0.0649073 0.0710683 0.0746289 0.0754657 0.0737717 0.069946 0.0645062 0.0580021 0.050934 0.0437032 0.0366058 0.029854 0.023606 0.0179902 0.0131172 0.00907345 0.00590112 0.00357626
 0.0086832 0.0139138 0.0205952 0.0285814 0.037611 0.0472023 0.0565689 0.064735 0.0708319 0.0743496 0.0751842 0.0735375 0.0698009 0.0644714 0.0580741 0.0510901 0.043911 0.0368329 0.0300743 0.023802 0.0181531 0.0132448 0.00916752 0.00596607 0.00361786
 0.00868427 0.0139328 0.0206552 0.0287125 0.0378403 0.0475383 0.0569882 0.0651805 0.0712255 0.0746146 0.0752687 0.0734294 0.0695301 0.0640987 0.057671 0.0507178 0.0436074 0.0366099 0.0299251 0.0237105 0.0181019 0.013219 0.00915671 0.0059631 0.00361833
 0.00859606 0.0137906 0.0204453 0.0284284 0.0374899 0.0471522 0.0566223 0.0649057 0.0711035 0.0746712 0.0754806 0.0737335 0.069851 0.0643769 0.0578798 0.0508625 0.0437116 0.0366991 0.030015 0.0238042 0.0181938 0.0133012 0.00922313 0.00601175 0.00365067
 0.00878378 0.0140631 0.020794 0.0288225 0.0378829 0.0474943 0.0568729 0.0650424 0.0711263 0.074602 0.0753542 0.0735832 0.0696937 0.0642097 0.0576892 0.0506396 0.0434629 0.0364457 0.0297829 0.0236136 0.018053 0.0132071 0.00916603 0.00598015 0.00363472
 0.00911893 0.0145898 0.0215503 0.0298245 0.0391136 0.0488906 0.0583174 0.066372 0.0721666 0.0752146 0.0754759 0.0732355 0.0689653 0.0632226 0.0565653 0.04948 0.042342 0.0354156 0.02888 0.0228614 0.0174608 0.0127692 0.00886343 0.00578566 0.00351897
 0.00929375 0.0148784 0.0219926 0.0304597 0.039971 0.0499745 0.0595894 0.0677414 0.0734963 0.0763435 0.076252 0.0735515 0.068785 0.0625886 0.0555841 0.0482899 0.0410795 0.0341923 0.0277742 0.02192 0.0167048 0.0121982 0.00846008 0.00552082 0.00335835
 0.00927535 0.0148659 0.0220071 0.0305351 0.0401495 0.0502977 0.0600865 0.0684185 0.0743272 0.0772646 0.0771641 0.0743333 0.0693181 0.0627883 0.0554225 0.0478031 0.0403544 0.0333406 0.0269046 0.0211183 0.0160258 0.011666 0.00807364 0.00526157 0.00319836
 0.00952165 0.0152337 0.0225007 0.0311389 0.0408353 0.0510356 0.0608514 0.0691878 0.0750745 0.0779534 0.0777469 0.074755 0.0695244 0.0627353 0.0550887 0.0471995 0.039529 0.0323736 0.0258934 0.0201573 0.0151879 0.0109931 0.00757533 0.0049218 0.00298576
 0.00945142 0.0150976 0.0222565 0.0307366 0.0402336 0.0502267 0.0598845 0.0681757 0.0741762 0.0773365 0.077543 0.0750215 0.0702253 0.0637479 0.0562369 0.0483012 0.0404412 0.0330198 0.0262671 0.0203054 0.0151841 0.010911 0.00747157 0.00482992 0.0029189
 0.00961946 0.0153419 0.022568 0.0310826 0.0405585 0.0504595 0.0599508 0.0680165 0.0737712 0.0767258 0.0768308 0.0743537 0.0697445 0.0635462 0.0563267 0.0486164 0.0408666 0.0334346 0.0265825 0.0204842 0.0152369 0.0108775 0.00739772 0.00475167 0.00285591
 0.009509 0.0152368 0.0225449 0.0312516 0.0410252 0.0512676 0.0610374 0.0692098 0.0748395 0.0774535 0.0770855 0.07412 0.0691185 0.0626973 0.0554413 0.0478417 0.0402767 0.033028 0.0263092 0.0202828 0.0150633 0.0107149 0.00725004 0.00462954 0.0027661
#obs surv len freq
 nan nan nan nan nan nan nan nan nan nan nan nan nan nan nan nan nan nan nan nan nan nan nan nan nan
 0.00448621 0.00734814 0.0111785 0.0159948 0.0216948 0.0279693 0.0342822 0.0400123 0.0446912 0.0481547 0.0505126 0.0520087 0.0529012 0.0534139 0.0537285 0.0539836 0.0542623 0.0545552 0.054694 0.0542859 0.052724 0.0493562 0.043806 0.036286 0.0276697
 0.0046207 0.00756921 0.0115153 0.0164747 0.0223366 0.0287725 0.0352168 0.0410166 0.0456804 0.0490385 0.0512126 0.0524697 0.0530963 0.0533438 0.0534167 0.0534686 0.0535884 0.0537658 0.0538286 0.053382 0.051821 0.048498 0.0430382 0.0356474 0.0271816
 0.00477373 0.00782113 0.0119004 0.0170273 0.0230845 0.0297263 0.0363583 0.0422928 0.0470078 0.0503159 0.0523361 0.0533459 0.0536535 0.0535398 0.0532426 0.0529466 0.0527644 0.0526998 0.0525876 0.0520366 0.0504465 0.0471748 0.0418461 0.0346522 0.0264196
 0.00497101 0.00814112 0.0123808 0.0177031 0.0239821 0.0308539 0.037695 0.0437838 0.0485699 0.05185 0.0537394 0.0545205 0.0545114 0.0540098 0.0532774 0.05253 0.0519139 0.0514648 0.0510444 0.0502837 0.0486 0.0453627 0.0401945 0.033264 0.0253527
 0.00518152 0.00848781 0.0129107 0.0184624 0.0250067 0.0321545 0.0392429 0.0455068 0.0503643 0.0536013 0.0553403 0.0558781 0.0555464 0.0546535 0.0534724 0.0522349 0.0511124 0.0501745 0.0493243 0.0482367 0.0463702 0.0431224 0.0381205 0.0315034 0.0239913
 0.00539813 0.00884398 0.0134545 0.0192419 0.0260615 0.0335018 0.0408624 0.0473336 0.0522961 0.0555167 0.0571176 0.0574085 0.0567402 0.0554394 0.0537946 0.0520494 0.0503895 0.0489087 0.0475492 0.0460407 0.0439029 0.0405838 0.0357287 0.0294478 0.0223885
 0.00565614 0.00926024 0.0140753 0.0201089 0.0272051 0.0349302 0.0425494 0.0492136 0.054271 0.0574726 0.0589403 0.0589936 0.0579967 0.0562915 0.0541809 0.0519215 0.0497118 0.0476643 0.0457552 0.0437689 0.0412959 0.037851 0.0331138 0.0271733 0.0205988
 0.00589002 0.00965076 0.0146816 0.0209914 0.0284115 0.0364747 0.0443937 0.0512628 0.0563928 0.0595268 0.0608045 0.0605726 0.0592192 0.0571018 0.0545318 0.0517711 0.0490237 0.0464149 0.0439497 0.0414647 0.0386237 0.0350179 0.0303732 0.0247659 0.0186891
 0.00614128 0.0100567 0.0152886 0.021843 0.0295427 0.0379016 0.0460994 0.0531886 0.0584392 0.0615673 0.0627047 0.062209 0.0604929 0.0579442 0.0548996 0.0516359 0.0483631 0.0452125 0.0422086 0.0392323 0.036017 0.0322316 0.027655 0.0223591 0.0167662
 0.00637068 0.0104381 0.0158777 0.0226956 0.030702 0.039379 0.0478575 0.0551386 0.0604586 0.0635274 0.0644915 0.0637289 0.0616703 0.0587173 0.0552209 0.0514715 0.0476913 0.044023 0.0405097 0.0370702 0.0334993 0.0295386 0.02502 0.0200164 0.0148861
 0.00661168 0.0108296 0.016467 0.0235273 0.031811 0.040778 0.0495222 0.0569998 0.0624084 0.0654367 0.0662319 0.0651907 0.0627718 0.0594056 0.0554648 0.0512532 0.0469989 0.0428518 0.0388709 0.0350086 0.031115 0.0269969 0.0225353 0.0178052 0.0131079
 0.00685343 0.0112272 0.0170733 0.0243931 0.0329732 0.0422424 0.0512472 0.0588932 0.0643436 0.0672798 0.0678639 0.0665183 0.0637278 0.0599464 0.0555674 0.05091 0.0462124 0.041631 0.0372368 0.0330087 0.0288427 0.0246018 0.0202099 0.0157436 0.0114528
 0.00702435 0.0115132 0.017519 0.0250457 0.0338739 0.0434112 0.0526674 0.0605041 0.0660467 0.0689568 0.0693962 0.0678024 0.0646845 0.0605235 0.0557369 0.0506626 0.0455517 0.04057 0.0358014 0.0312482 0.0268447 0.0225 0.0181725 0.0139389 0.0100041
 0.00726841 0.0119054 0.0181006 0.0258518 0.0349264 0.0447084 0.0541728 0.0621423 0.0677128 0.0705349 0.0707783 0.0688999 0.0654337 0.0608864 0.0556998 0.0502306 0.0447425 0.0394101 0.0343269 0.0295135 0.024934 0.0205334 0.0162962 0.0122956 0.00869535
 0.00744853 0.0122065 0.0185684 0.0265324 0.0358547 0.0458909 0.0555719 0.063674 0.0692625 0.0719835 0.072024 0.0698683 0.0660766 0.0611778 0.0556308 0.0498071 0.0439818 0.0383393 0.0329846 0.0279548 0.0232381 0.0188074 0.014665 0.010878 0.00757305
 0.00754113 0.0123573 0.0187969 0.0268597 0.036303 0.0464803 0.0563137 0.0645629 0.0702694 0.073053 0.0730794 0.0708233 0.06685 0.0617055 0.0558716 0.0497412 0.0436079 0.0376717 0.032053 0.0268081 0.0219483 0.0174692 0.0133868 0.00976066 0.00668577
 0.00757877 0.0124183 0.0188889 0.0269905 0.0364809 0.0467139 0.0566118 0.0649339 0.0707206 0.0735875 0.0736899 0.071484 0.0675136 0.0623068 0.0563396 0.0500126 0.0436384 0.0374412 0.0315675 0.0261002 0.0210771 0.0165171 0.0124484 0.00892456 0.00601394
 0.00765703 0.0125314 0.019033 0.0271538 0.0366479 0.046872 0.0567572 0.0650731 0.0708682 0.0737624 0.0739102 0.071762 0.0678488 0.0626799 0.0567103 0.0503244 0.0438301 0.0374612 0.0313869 0.0257205 0.0205331 0.0158717 0.0117808 0.00831181 0.00551235
 0.0077247 0.0126405 0.0191946 0.0273748 0.0369263 0.0471923 0.0570878 0.0653719 0.0710964 0.0739005 0.0739664 0.0717679 0.0678447 0.0626989 0.056765 0.0504021 0.0438954 0.0374667 0.0312882 0.0254922 0.020179 0.0154269 0.0113017 0.00785969 0.00513527
 0.00777895 0.012721 0.0193017 0.0275048 0.0370736 0.0473523 0.0572573 0.0655468 0.0712677 0.0740524 0.074081 0.0718333 0.067863 0.0626865 0.0567455 0.0503934 0.0438984 0.0374626 0.0312453 0.0253799 0.0199829 0.0151572 0.0109914 0.00755266 0.00487035
 0.00782396 0.0127928 0.0194067 0.0276466 0.0372512 0.0475572 0.0574732 0.0657516 0.0714402 0.0741789 0.074157 0.0718615 0.0678489 0.0626374 0.0566712 0.0503065 0.0438103 0.0373767 0.0311533 0.0252655 0.0198314 0.0149661 0.0107749 0.00733639 0.00468074
 0.00787768 0.0128719 0.0195105 0.0277698 0.0373856 0.047695 0.0576086 0.0658805 0.0715575 0.0742775 0.0742289 0.0719004 0.0678526 0.0626082 0.0566151 0.0502313 0.043724 0.037285 0.0310574 0.0251611 0.0197118 0.0148285 0.0106247 0.0071874 0.00454906
 0.00787895 0.0128792 0.019531 0.027812 0.0374563 0.0477946 0.057728 0.0660032 0.0716658 0.0743599 0.0742831 0.0719303 0.0678638 0.0626041 0.0565966 0.0501985 0.0436782 0.0372283 0.0309916 0.0250863 0.0196269 0.0147332 0.0105229 0.00708703 0.00445998
 0.00786989 0.0128587 0.0194901 0.027741 0.0373493 0.0476559 0.0575757 0.0658659 0.0715729 0.0743295 0.0743168 0.072016 0.0679832 0.0627393 0.0567334 0.0503261 0.0437885 0.0373159 0.0310532 0.0251207 0.0196348 0.0147174 0.0104887 0.00704262 0.00441446
 0.00788946 0.0128836 0.0195143 0.0277539 0.037337 0.0476057 0.0574805 0.0657284 0.0714081 0.0741634 0.0741801 0.0719351 0.0679712 0.062793 0.0568365 0.0504568 0.0439257 0.0374431 0.0311593 0.0251997 0.0196847 0.01474 0.0104891 0.00702815 0.00439326
 0.007896 0.0128923 0.0195238 0.0277606 0.0373355 0.0475885 0.0574394 0.0656562 0.0713019 0.0740281 0.0740309 0.0717952 0.0678666 0.0627447 0.056853 0.0505322 0.0440426 0.037579 0.031293 0.0253152 0.0197731 0.0147988 0.0105212 0.00703984 0.0043923
 0.00790915 0.0129111 0.019547 0.0277853 0.0373576 0.0476031 0.0574419 0.0656422 0.0712673 0.07397 0.0739492 0.071695 0.0677597 0.0626481 0.0567853 0.0505071 0.0440638 0.0376393 0.0313769 0.0254048 0.0198531 0.0148602 0.0105612 0.00706122 0.0044004
 0.00791137 0.0129136 0.0195487 0.0277843 0.0373515 0.0475898 0.05742 0.0656116 0.0712289 0.0739255 0.0739004 0.0716436 0.0677077 0.0625993 0.0567461 0.0504859 0.0440684 0.0376729 0.0314357 0.0254785 0.0199286 0.0149259 0.0106107 0.00709322 0.00441792
 0.00788139 0.0128666 0.0194814 0.0276953 0.0372417 0.0474634 0.0572851 0.0654799 0.0711137 0.0738388 0.0738495 0.0716307 0.0677294 0.0626489 0.0568159 0.0505697 0.0441629 0.0377764 0.031546 0.0255908 0.0200354 0.0150188 0.0106837 0.00714459 0.00444999
 0.00784697 0.0128073 0.0193862 0.0275531 0.037045 0.0472138 0.0569978 0.0651834 0.0708437 0.0736288 0.0737226 0.0715958 0.0677826 0.0627761 0.0569973 0.0507841 0.0443912 0.0380039 0.0317624 0.0257886 0.0202084 0.0151621 0.0107944 0.00722334 0.00450092
 0.00782621 0.0127708 0.0193262 0.02746 0.0369095 0.0470297 0.0567658 0.0649141 0.0705582 0.0733562 0.0734957 0.071444 0.067725 0.0628175 0.0571278 0.0509833 0.0446334 0.0382638 0.0320187 0.0260252 0.0204145 0.0153315 0.0109248 0.00731631 0.00456179
 0.00781225 0.0127469 0.0192879 0.0274019 0.0368259 0.046916 0.0566199 0.0647377 0.0703578 0.0731436 0.073288 0.0712628 0.0675936 0.0627559 0.0571475 0.0510833 0.0448008 0.0384768 0.032252 0.0262556 0.0206235 0.0155071 0.0110616 0.0074148 0.00462687
 0.00777505 0.0126879 0.0192018 0.0272851 0.0366773 0.0467381 0.0564199 0.0645277 0.0701523 0.0729566 0.073131 0.0711444 0.0675213 0.0627369 0.0571884 0.0511876 0.0449652 0.0386897 0.0324942 0.0265039 0.0208561 0.015707 0.0112197 0.00752968 0.00470323
 0.0077447 0.0126361 0.0191195 0.0271631 0.0365089 0.0465231 0.0561683 0.0642594 0.0698935 0.0727325 0.0729606 0.0710378 0.0674808 0.0627598 0.05727 0.0513227 0.0451479 0.0389114 0.0327418 0.0267595 0.0210998 0.015921 0.0113923 0.00765696 0.00478882
 0.00934471 0.0148752 0.0218207 0.0299378 0.0388695 0.0480633 0.0567056 0.0638631 0.0688031 0.0712375 0.0713103 0.0694063 0.0659711 0.0614234 0.0561257 0.0503709 0.0443799 0.0383138 0.0322979 0.0264487 0.0208975 0.0158007 0.0113282 0.0076274 0.00477776
 0.00932434 0.01514 0.0227442 0.0319835 0.0423893 0.0530244 0.0625176 0.069474 0.0730724 0.0733857 0.0711763 0.0673898 0.0627568 0.057688 0.0523693 0.0468883 0.04131 0.0357034 0.030147 0.0247343 0.0195826 0.0148371 0.010659 0.00719062 0.00451206
 0.00897884 0.0145964 0.0219817 0.0310525 0.0414656 0.0524459 0.062744 0.0709227 0.0758691 0.0771784 0.0751784 0.0706788 0.0646588 0.0580117 0.0513758 0.0450747 0.0391745 0.0336092 0.0282983 0.0232141 0.0184013 0.0139672 0.0100539 0.0067958 0.00427227
 0.00880626 0.0143025 0.0215157 0.0303625 0.0405184 0.0512629 0.061445 0.069754 0.0751818 0.0773306 0.0763765 0.072829 0.067335 0.0605942 0.0533018 0.0460525 0.0392412 0.0330301 0.0274035 0.0222733 0.0175765 0.0133243 0.00959646 0.00649565 0.00409048
 0.00870397 0.0141357 0.0212627 0.0299999 0.0400225 0.0506146 0.060641 0.0688251 0.0742142 0.0764815 0.0758631 0.0728739 0.0680675 0.0619561 0.0550244 0.0477438 0.0405452 0.0337626 0.027588 0.0220756 0.0171991 0.012927 0.00926728 0.0062619 0.00394331
 0.00870878 0.0141332 0.0212392 0.0299355 0.0398937 0.0504003 0.0603277 0.0684093 0.0737047 0.0759056 0.0752791 0.0723815 0.0678004 0.062041 0.0555161 0.0485732 0.0415241 0.034656 0.0282142 0.0223721 0.0172194 0.0127847 0.00907337 0.00608825 0.0038185
 0.00870318 0.0141281 0.0212382 0.029942 0.0399078 0.0504133 0.0603201 0.0683533 0.0735723 0.0756797 0.0749629 0.0720048 0.0674223 0.0617457 0.0553938 0.048685 0.0418648 0.0351423 0.0287141 0.0227632 0.017439 0.0128427 0.00902636 0.00600043 0.00373485
 0.00869604 0.0141165 0.0212211 0.0299194 0.039881 0.050386 0.0602969 0.0683366 0.0735579 0.0756539 0.0749052 0.071897 0.0672607 0.0615509 0.0552118 0.0485751 0.0418756 0.0352855 0.0289533 0.0230277 0.0176575 0.0129746 0.00907216 0.00598838 0.00369895
 0.00867512 0.0140854 0.0211797 0.0298693 0.0398255 0.0503289 0.0602423 0.0682891 0.0735218 0.0756315 0.0748947 0.07189 0.0672445 0.0615148 0.0551562 0.0485167 0.0418442 0.0353095 0.0290429 0.0231656 0.0178069 0.0130979 0.00914863 0.00601929 0.00369966
 0.00865788 0.0140569 0.0211363 0.0298078 0.0397449 0.050232 0.0601369 0.0681873 0.073437 0.0755745 0.0748701 0.071896 0.0672731 0.0615546 0.0551957 0.0485502 0.0418748 0.0353489 0.0291034 0.0232509 0.0179071 0.0131942 0.00922371 0.00606551 0.0037204
 0.00864957 0.0140414 0.0211091 0.0297639 0.0396794 0.0501428 0.0600268 0.0680647 0.0733149 0.0754681 0.0747931 0.0718575 0.0672755 0.0615931 0.0552601 0.0486281 0.0419565 0.0354301 0.0291851 0.0233354 0.0179934 0.0132759 0.00929193 0.00611429 0.00374938
 0.00865536 0.0140509 0.0211236 0.0297836 0.039703 0.0501662 0.0600427 0.0680642 0.0732905 0.0754174 0.074721 0.0717752 0.0671973 0.0615316 0.0552228 0.0486161 0.041966 0.0354552 0.0292207 0.0233783 0.0180405 0.0133234 0.00933471 0.00614787 0.00377188
 0.00863966 0.0140288 0.0210966 0.0297555 0.0396787 0.0501502 0.0600373 0.0680686 0.0733006 0.0754266 0.0747224 0.0717642 0.067174 0.0615011 0.0551936 0.0485966 0.0419614 0.0354665 0.0292455 0.0234123 0.0180792 0.0133624 0.00936996 0.00617627 0.00379201
 0.00863741 0.0140218 0.02108 0.0297236 0.0396273 0.0500797 0.0599552 0.0679882 0.0732369 0.0753902 0.0747157 0.0717817 0.0672055 0.0615365 0.0552268 0.0486264 0.0419902 0.0354979 0.0292814 0.0234524 0.0181211 0.0134026 0.00940526 0.00620435 0.00381206
 0.00860724 0.0139792 0.0210278 0.0296676 0.039574 0.050033 0.0599143 0.0679492 0.0731966 0.0753504 0.0746834 0.0717656 0.0672115 0.0615643 0.0552705 0.0486779 0.0420431 0.0355487 0.0293297 0.0234984 0.0181645 0.0134421 0.00943903 0.00623094 0.00383108
 0.00860724 0.0139792 0.0210278 0.0296676 0.039574 0.050033 0.0599143 0.0679492 0.0731966 0.0753504 0.0746834 0.0717656 0.0672115 0.0615643 0.0552705 0.0486779 0.0420431 0.0355487 0.0293297 0.0234984 0.0181645 0.0134421 0.00943903 0.00623094 0.00383108
 0.00865189 0.014044 0.0211111 0.0297633 0.0396738 0.0501292 0.0600016 0.068024 0.0732541 0.0753831 0.0746835 0.0717288 0.0671405 0.0614695 0.0551656 0.0485756 0.0419518 0.0354723 0.0292693 0.0234539 0.0181348 0.013425 0.00943148 0.00622941 0.00383246
 0.00874435 0.0141965 0.0213431 0.0300909 0.040102 0.0506424 0.0605571 0.0685555 0.0736888 0.0756627 0.0747791 0.0716431 0.0669003 0.0611145 0.0547405 0.0481237 0.04151 0.0350686 0.0289211 0.0231691 0.017914 0.0132633 0.00932037 0.00615834 0.00379047
 0.00870296 0.0141425 0.0212873 0.0300533 0.0401085 0.0507183 0.0607192 0.0688049 0.0740068 0.0760114 0.0751075 0.0719002 0.0670483 0.0611384 0.054649 0.0479428 0.0412743 0.034813 0.0286745 0.022952 0.0177372 0.0131296 0.00922655 0.00609743 0.00375409
 0.00879137 0.0142723 0.0214572 0.0302541 0.0403276 0.0509454 0.0609503 0.0690412 0.0742488 0.0762524 0.07533 0.0720765 0.0671472 0.0611345 0.0545315 0.04772 0.0409719 0.0344671 0.0283234 0.0226279 0.0174623 0.0129141 0.00907026 0.00599282 0.0036897
 0.00904849 0.014688 0.0220754 0.0311063 0.0414168 0.0522271 0.0623193 0.0703416 0.0753124 0.0769476 0.0755969 0.0719293 0.0666522 0.0603797 0.0536043 0.0466978 0.0399211 0.0334453 0.0273801 0.0218021 0.0167795 0.0123835 0.00868486 0.00573276 0.00352769
 0.00915217 0.0148753 0.0223917 0.0316046 0.0421441 0.0532022 0.0635108 0.071659 0.0766161 0.0780778 0.0764081 0.0723233 0.0665966 0.0599104 0.0528083 0.0456864 0.038805 0.0323194 0.0263187 0.0208593 0.0159896 0.0117617 0.00822756 0.00542059 0.0033312
 0.00910604 0.0148086 0.0223089 0.0315205 0.0420877 0.0532173 0.0636523 0.0719793 0.0771438 0.0787948 0.0772397 0.0731499 0.0672848 0.0603505 0.0529426 0.0455188 0.0383904 0.0317419 0.025668 0.0202141 0.0154087 0.011281 0.00786096 0.00516338 0.00316586
 0.00922367 0.0149808 0.0225327 0.031781 0.0423623 0.0534842 0.063898 0.0722036 0.0773595 0.0790233 0.0775003 0.0734442 0.0675861 0.0606038 0.0530809 0.0454876 0.038169 0.0313512 0.0251622 0.0196633 0.0148794 0.0108226 0.00749991 0.00490409 0.00299622
 0.0088918 0.0144644 0.0218005 0.0308246 0.0412036 0.0521835 0.0625604 0.0709738 0.0763989 0.0784731 0.0774474 0.0739025 0.068495 0.0618407 0.0544837 0.0468855 0.0394153 0.0323491 0.0258762 0.0201127 0.0151194 0.010921 0.00751819 0.00488736 0.00297139
 0.00900765 0.0145997 0.0219063 0.0308236 0.0410111 0.0517418 0.0618686 0.0700953 0.0754456 0.0775767 0.0767321 0.0734662 0.0683957 0.0620869 0.0550307 0.0476408 0.0402578 0.0331569 0.0265548 0.0206131 0.0154395 0.0110932 0.0075897 0.00490288 0.0029634
 0.0091136 0.014781 0.0221916 0.0312337 0.0415406 0.0523374 0.0624201 0.0704568 0.0754866 0.0772399 0.0760639 0.0726012 0.0675085 0.0613372 0.0545243 0.0474142 0.0402816 0.0333549 0.0268318 0.0208838 0.0156492 0.0112234 0.00765052 0.00491796 0.00295638
#pred catch len freq
 0.00338074 0.00544071 0.00812034 0.0114377 0.0154246 0.0200896 0.025354 0.0310254 0.0368312 0.0424753 0.0476858 0.0522531 0.0560559 0.0590586 0.0612727 0.0627102 0.0633544 0.0631506 0.0619963 0.0597196 0.0560747 0.0508168 0.0438845 0.0356092 0.0267778
 0.00366853 0.00584045 0.0085999 0.0119352 0.015879 0.0204813 0.0257245 0.0314531 0.0373697 0.0430911 0.0482398 0.0525444 0.0559076 0.0584011 0.0601873 0.061413 0.0621273 0.0622438 0.0615392 0.0596811 0.056293 0.0510848 0.0440444 0.0356049 0.0266456
 0.00381597 0.00610642 0.00904365 0.0126147 0.0168224 0.0216523 0.0270077 0.0326836 0.0384002 0.0438532 0.0487485 0.0528394 0.0559815 0.0581793 0.0595801 0.0604012 0.0608156 0.0608403 0.0602721 0.0587019 0.0556257 0.0506464 0.0437163 0.0353031 0.0263488
 0.00399644 0.00638646 0.00944536 0.0131631 0.0175557 0.0226267 0.0282817 0.0342762 0.0402413 0.0457638 0.0504785 0.0541516 0.056728 0.0583197 0.0591435 0.0594434 0.0594143 0.0591192 0.0584088 0.0568917 0.0540204 0.049315 0.0426531 0.0344688 0.025707
 0.00422232 0.00674073 0.00995477 0.0138453 0.0184192 0.0236731 0.0295078 0.0356774 0.0418114 0.0474804 0.0522736 0.0558844 0.0581911 0.0592892 0.0594491 0.0590154 0.0582897 0.0574206 0.0563191 0.0546271 0.0517954 0.0473027 0.0409596 0.0331329 0.0247177
 0.00444279 0.00709572 0.0104834 0.0145839 0.019397 0.0249043 0.0309809 0.0373483 0.0436072 0.0493131 0.054055 0.0575297 0.0596079 0.0603612 0.0600348 0.0589757 0.0575348 0.0559524 0.0542469 0.0521516 0.0491682 0.0447754 0.038735 0.031334 0.0233808
 0.00470226 0.00750568 0.0110802 0.0153986 0.0204567 0.02623 0.032579 0.039197 0.0456442 0.0514329 0.0561196 0.0593915 0.0611342 0.0614472 0.0605977 0.0589411 0.0568358 0.0545536 0.0521825 0.0495549 0.046268 0.0418546 0.0360662 0.0291177 0.0217087
 0.00497743 0.00793995 0.0117108 0.0162552 0.0215611 0.0275948 0.034201 0.0410489 0.0476694 0.053545 0.0582046 0.0613151 0.0627549 0.0626336 0.0612432 0.0589688 0.0561951 0.0532215 0.0501817 0.0469823 0.0433146 0.038791 0.033188 0.026671 0.019831
 0.00522526 0.00833705 0.0122988 0.0170719 0.0226379 0.0289496 0.0358282 0.0429107 0.0496941 0.0556332 0.0602396 0.0631739 0.0643173 0.0637893 0.0618966 0.0590417 0.0556302 0.0519892 0.0482949 0.04452 0.0404425 0.0357582 0.0302855 0.02416 0.0178744
 0.00546269 0.00871683 0.0128604 0.0178525 0.0236706 0.0302591 0.0374198 0.044758 0.0517307 0.057753 0.0623079 0.0650452 0.0658569 0.0648886 0.0624772 0.0590506 0.0550321 0.0507668 0.0464609 0.0421416 0.0376646 0.0328069 0.0274354 0.0216687 0.0159129
