SBPRF35
12.7214
Curr Bio
665239
B35
880625
F35
0.171196
FOFL
0.136409
OFL
80445.8
Bzero
3.63469e+006
#pred survey bio
 3.54309e+006 3.43948e+006 3.3437e+006 3.19963e+006 2.99843e+006 2.80618e+006 2.5511e+006 2.29322e+006 2.05394e+006 1.84141e+006 1.63805e+006 1.45585e+006 1.29906e+006 1.14644e+006 1.00648e+006 877005 773258 712414 665753 634604 617245 595338 570775 545582 525802 519292 516899 519586 521430 520139 529354 551486 560994 571973 591589 601630 609250 615348 617724 631642 638537 647761 650483 655467 660225 667969 655248 655990 657161 664313 670929 2.50702e+007 1.54131e+007 1.60747e+007 1.72771e+007 1.88081e+007 2.04323e+007 2.19782e+007 2.33479e+007 2.45028e+007 2.54433e+007 2.61903e+007 2.67736e+007 2.72237e+007 2.75683e+007 2.78311e+007 2.80311e+007 2.81834e+007 2.82996e+007 2.83885e+007 2.84568e+007 2.85094e+007 2.85502e+007 2.8582e+007 2.86069e+007 2.86264e+007 2.86418e+007 2.86541e+007 2.86637e+007 2.86715e+007 2.86777e+007 2.86826e+007 2.86866e+007 2.86899e+007 2.86925e+007 2.86946e+007 2.86963e+007 2.86977e+007 2.86988e+007 2.86998e+007 2.87005e+007 2.87011e+007 2.87016e+007 2.87021e+007 2.87024e+007 2.87027e+007 2.87029e+007 2.87031e+007 2.87032e+007 2.87033e+007 2.87034e+007 2.87035e+007 2.87036e+007 2.87036e+007 2.87037e+007 2.87037e+007 2.87038e+007 2.87038e+007 2.87038e+007 2.87038e+007 2.87038e+007 2.87038e+007 2.87038e+007 2.87039e+007 2.87039e+007 2.87039e+007 2.87039e+007 2.87039e+007 2.87039e+007 2.87039e+007 2.87039e+007 2.87039e+007 2.87039e+007 2.87039e+007 2.87039e+007 2.87039e+007 2.87039e+007 2.87039e+007 2.87039e+007 2.87039e+007 2.87039e+007 2.87039e+007 2.87039e+007 2.87039e+007 2.87039e+007 2.87039e+007 2.87039e+007 2.87039e+007 2.87039e+007 2.87039e+007 2.87039e+007 2.87039e+007 2.87039e+007 2.87039e+007 2.87039e+007 2.87039e+007 2.87039e+007 2.87039e+007 2.87039e+007 2.87039e+007 2.87039e+007 0 0 0 0 0 0 0 0 0 0 0 0 0 0 0 0 0 0 0 0 0 0 0 0 0
#obs survey bio
 3.25195e+006 3.78531e+006 3.34101e+006 3.07573e+006 1.71306e+006 2.44457e+006 2.53911e+006 3.42841e+006 2.13995e+006 1.27095e+006 1.5334e+006 1.60512e+006 1.41574e+006 966362 819535 692445 627532 761471 688254 791335 558348 612542 488003 574135 636946 613927 505888 539456 394034 538511 396811 589395 479628 542033 732190 815651 464032 880597 465838 517619 623135 573874 523763 890882 778401 675812 708220 643146 621594 448587 714132
#pred catch bio
 95017.9 93806.7 148172 213413 220530 293590 310689 306599 293883 295403 283896 266885 266567 255899 244467 217774 176275 159898 142646 128152 129646 128985 126270 118426 105081 100733 96407.3 97844.7 101391 94046.4 85878.2 98420.8 97536.7 90756.6 99079.3 100827 101844 104589 95298.4 102280 100682 106298 104250 104349 101663 118069 105431 104958 100481 102345 71988.7 80445.8 101655 104855 111698 121257 131534 141245 149721 156727 162292 166581 169813 172205 173951 175212 176114 176755 177209 177528 177751 177908 178017 178093 178145 178182 178207 178225 178237 178245 178251 178255 178257 178259 178261 178262 178262 178263 178263 178263 178263 178263 178263 178263 178263 178263 178264 178264 178264 178264 178264 178264 178264 178264 178264 178264 178264 178264 178264 178264 178264 178264 178264 178264 178264 178264 178264 178264 178264 178264 178264 178264 178264 178264 178264 178264 178264 178264 178264 178264 178264 178264 178264 178264 178264 178264 178264 178264 178264 178264 178264 178264 178264 178264 178264 178264 178264 178264 178264 178264 178264 0 0 0 0 0 0 0 0 0 0 0 0 0 0 0 0 0 0 0 0 0 0 0 0 0
#obs catch bio
 0 93455.1 148287 214035 221144 296164 313630 307532 293652 296477 284224 266089 267223 257043 245823 220051 178062 160549 142895 127473 129607 128540 126649 118681 104849 100693 96165.8 97670.4 101831 94571 86488.7 99317.4 98282.6 90927.9 99041.8 100521 102009 104364 95086.7 102561 100778 106179 104380 103960 101462 117809 105069 104679 99982 102583 71764.4
#pred cpue bio
 3.50232e+006 3.4e+006 3.30381e+006 3.15919e+006 2.95814e+006 2.76595e+006 2.51179e+006 2.25522e+006 2.01717e+006 1.80549e+006 1.60307e+006 1.42192e+006 1.26601e+006 1.11451e+006 975917 848090 746059 686657 641370 611194 594338 572993 549038 524554 505461 499262 496993 499562 501146 499610 508396 529985 539472 550499 570005 580088 587643 593720 596141 609689 616423 625613 628357 633315 638090 645869 633493 634233 635379 642234 648470 2.4261e+007 1.49274e+007 1.54496e+007 1.65255e+007 1.80229e+007 1.96409e+007 2.11859e+007 2.25554e+007 2.37104e+007 2.46508e+007 2.53979e+007 2.59812e+007 2.64312e+007 2.67759e+007 2.70387e+007 2.72387e+007 2.7391e+007 2.75072e+007 2.7596e+007 2.76643e+007 2.7717e+007 2.77578e+007 2.77895e+007 2.78144e+007 2.78339e+007 2.78494e+007 2.78616e+007 2.78713e+007 2.7879e+007 2.78852e+007 2.78902e+007 2.78942e+007 2.78974e+007 2.79e+007 2.79021e+007 2.79038e+007 2.79052e+007 2.79064e+007 2.79073e+007 2.79081e+007 2.79087e+007 2.79092e+007 2.79096e+007 2.79099e+007 2.79102e+007 2.79104e+007 2.79106e+007 2.79107e+007 2.79109e+007 2.7911e+007 2.79111e+007 2.79111e+007 2.79112e+007 2.79112e+007 2.79113e+007 2.79113e+007 2.79113e+007 2.79113e+007 2.79113e+007 2.79114e+007 2.79114e+007 2.79114e+007 2.79114e+007 2.79114e+007 2.79114e+007 2.79114e+007 2.79114e+007 2.79114e+007 2.79114e+007 2.79114e+007 2.79114e+007 2.79114e+007 2.79114e+007 2.79114e+007 2.79114e+007 2.79114e+007 2.79114e+007 2.79114e+007 2.79114e+007 2.79114e+007 2.79114e+007 2.79114e+007 2.79114e+007 2.79114e+007 2.79114e+007 2.79114e+007 2.79114e+007 2.79114e+007 2.79114e+007 2.79114e+007 2.79114e+007 2.79114e+007 2.79114e+007 2.79114e+007 2.79114e+007 2.79114e+007 2.79114e+007 2.79114e+007 2.79114e+007 2.79114e+007 0 0 0 0 0 0 0 0 0 0 0 0 0 0 0 0 0 0 0 0 0 0 0 0 0
#obs cpue bio
 3.99758e+006 3.76016e+006 2.87058e+006 3.07407e+006 2.24755e+006 2.84796e+006 2.0877e+006 2.78729e+006 2.6047e+006 1.8683e+006 2.01678e+006 1.67264e+006 845224 1.11752e+006 1.10677e+006 761783 700755 848404 665554 737852 524045 692168 447546 510323 512455 394406 577426 474343 457119 382947 440985 504208 592745 717025 630763 522714 529900 612475 693977 571501 649993 916768 609605 744014 427140 856404 561436 693319 819508 684320 598336
#pred surv len freq
 0.00427422 0.00703207 0.010757 0.015488 0.0211426 0.0274254 0.0338091 0.0396763 0.0445544 0.0482658 0.0508976 0.0526652 0.0537916 0.0544543 0.0547782 0.0548472 0.0547239 0.0544503 0.0540033 0.0531987 0.051613 0.0486431 0.0437733 0.0369479 0.0287875
 0.0046285 0.00750733 0.0112893 0.0159636 0.0214399 0.0274749 0.0336335 0.0393789 0.0442601 0.0480528 0.0507664 0.0525599 0.0536546 0.0542747 0.0546061 0.0547697 0.0548154 0.0547243 0.0543875 0.0535516 0.0517805 0.0485283 0.043382 0.0363813 0.0281888
 0.00471568 0.00771584 0.0117182 0.0167248 0.0226038 0.0290015 0.0353351 0.0409589 0.0454266 0.0486411 0.0507904 0.0521634 0.0530121 0.0535168 0.053808 0.0539814 0.0540872 0.0540985 0.0538681 0.0530851 0.0512742 0.0479023 0.0426215 0.0355508 0.0273984
 0.00486343 0.00793879 0.0120279 0.0171367 0.0231531 0.0297537 0.0363716 0.0423276 0.0470755 0.0503834 0.052342 0.0532481 0.0534714 0.0533558 0.0531573 0.053019 0.0529746 0.0529525 0.0527542 0.0520187 0.0502323 0.0468537 0.041564 0.0345308 0.0264939
 0.00505005 0.00824957 0.0125076 0.0178274 0.0240817 0.0309175 0.0377313 0.0438193 0.0486342 0.0519555 0.0538665 0.0546203 0.0545308 0.0539258 0.0531195 0.0523674 0.051814 0.0514478 0.0510686 0.0502744 0.0485039 0.0451882 0.0400082 0.0331458 0.0253449
 0.00515047 0.00842866 0.0128074 0.0182992 0.0247777 0.0318748 0.0389539 0.0452678 0.0502298 0.0535974 0.0554533 0.0560622 0.0557434 0.054814 0.0535728 0.052285 0.0511486 0.0502373 0.0494304 0.0483683 0.0464906 0.0432071 0.0381755 0.031557 0.0240675
 0.00530121 0.00868104 0.0132016 0.0188798 0.0255874 0.0329431 0.0402842 0.0468279 0.0519516 0.0553844 0.0571928 0.0576389 0.0570526 0.0557675 0.054095 0.0523069 0.0506131 0.049122 0.0477753 0.0462878 0.0441594 0.0408281 0.0359443 0.0296309 0.0225431
 0.00552589 0.00903801 0.0137241 0.0195951 0.0265144 0.0340884 0.0416355 0.048349 0.0535844 0.0570553 0.0588188 0.0591326 0.0583246 0.0567306 0.0546676 0.0524155 0.0501953 0.0481375 0.0462271 0.0442457 0.0417718 0.0383073 0.0335255 0.0275197 0.0208703
 0.00582129 0.00950676 0.0144077 0.0205233 0.0276992 0.0355153 0.0432553 0.0500793 0.055324 0.0587071 0.0603069 0.0604041 0.0593403 0.0574519 0.0550477 0.0523971 0.049716 0.0471435 0.0446957 0.0422143 0.0393595 0.0357136 0.0309958 0.0252855 0.0190888
 0.00605887 0.00990416 0.0150257 0.0214233 0.0289279 0.0370814 0.0451088 0.0521076 0.0573737 0.0606208 0.0619568 0.0617084 0.0602614 0.0579823 0.0551904 0.0521473 0.0490515 0.0460294 0.0431066 0.0401672 0.0369462 0.0331105 0.0284384 0.0230091 0.0172624
 0.00630677 0.010308 0.0156361 0.0222899 0.0300926 0.0385656 0.046896 0.0541309 0.0595161 0.0627297 0.0638675 0.0632724 0.0613713 0.0585844 0.0552801 0.0517492 0.0481945 0.0447312 0.0413782 0.0380385 0.0345001 0.0305037 0.0258867 0.0207362 0.0154342
 0.00660316 0.0107798 0.0163273 0.0232357 0.0313135 0.0400597 0.0486292 0.0560334 0.0614893 0.0646598 0.0656382 0.0647717 0.062497 0.0592537 0.0554415 0.0513872 0.0473246 0.043387 0.0396031 0.0358922 0.0320794 0.0279594 0.0234168 0.0185445 0.0136729
 0.00682882 0.0111588 0.0169195 0.0241019 0.0325006 0.0415774 0.0504301 0.0580105 0.0634988 0.0665559 0.0673013 0.0661172 0.0634681 0.0598097 0.0555506 0.0510273 0.0464888 0.0420888 0.0378803 0.0338129 0.0297506 0.0255339 0.0210811 0.016484 0.012023
 0.00704909 0.0115256 0.017488 0.0249301 0.0336387 0.0430494 0.052213 0.0600231 0.0656066 0.0685938 0.0691035 0.0675454 0.0644312 0.0602682 0.0555056 0.0505019 0.0455125 0.0406934 0.0361075 0.0317286 0.0274592 0.0231821 0.018844 0.0145298 0.0104697
 0.00724401 0.0118527 0.0179997 0.0256819 0.0346786 0.0444002 0.053854 0.0618817 0.0675668 0.0705152 0.0708413 0.0689675 0.0654313 0.0607775 0.0554981 0.0499909 0.0445381 0.0393098 0.0343774 0.0297293 0.0252948 0.0209889 0.0167796 0.012742 0.00905864
 0.00740004 0.0121229 0.0184369 0.0263461 0.035624 0.0456547 0.0553986 0.0636426 0.0694252 0.07233 0.0724731 0.0702952 0.0663623 0.0612517 0.0554894 0.0495042 0.0436055 0.0379839 0.0327276 0.0278422 0.0232776 0.0189714 0.0149029 0.011133 0.00779915
 0.00749468 0.0122831 0.018691 0.0267278 0.0361693 0.0463948 0.0563497 0.0647951 0.0707369 0.0737258 0.0738511 0.0715406 0.067365 0.0619226 0.0557698 0.0493685 0.0430582 0.0370568 0.0314766 0.0263468 0.0216406 0.0173149 0.0133548 0.00980473 0.00676065
 0.00751123 0.012297 0.0186893 0.0266947 0.0360962 0.0462939 0.0562637 0.0647948 0.0709035 0.0741239 0.0745039 0.0724161 0.0683776 0.0629495 0.0566759 0.0500336 0.0433967 0.0370281 0.0310872 0.025646 0.0207144 0.0162748 0.012321 0.0088837 0.00602338
 0.00759615 0.012418 0.0188391 0.0268536 0.0362349 0.0463812 0.056276 0.0647265 0.070777 0.0739932 0.0744459 0.0725075 0.068665 0.0634261 0.0572767 0.0506504 0.043908 0.0373299 0.0311167 0.0253937 0.0202231 0.0156278 0.0116213 0.00822885 0.0054833
 0.0077319 0.0126142 0.0190883 0.0271313 0.0365043 0.0466014 0.0564106 0.0647502 0.0706811 0.0737919 0.0741806 0.0722435 0.0684783 0.0633808 0.0574012 0.0509222 0.0442562 0.037655 0.0313222 0.0254156 0.0200476 0.0152918 0.0111964 0.00779581 0.00510729
 0.00773794 0.012635 0.0191386 0.027228 0.0366581 0.0468053 0.0566329 0.0649397 0.0707847 0.0737762 0.0740457 0.0720242 0.0682326 0.0631743 0.0572902 0.0509375 0.0443906 0.0378623 0.0315296 0.0255492 0.0200593 0.0151749 0.0109837 0.00754242 0.00486701
 0.00778428 0.0127074 0.0192428 0.027369 0.0368407 0.0470336 0.0569071 0.065249 0.0711008 0.0740526 0.0742279 0.0720684 0.0681254 0.0629417 0.0569902 0.0506396 0.0441514 0.0377063 0.0314439 0.0254938 0.0199886 0.0150599 0.0108235 0.00735949 0.00469258
 0.00778281 0.0127203 0.0192899 0.0274768 0.0370342 0.0473243 0.0572834 0.0656762 0.071531 0.0744372 0.074526 0.0722478 0.0681642 0.0628325 0.0567479 0.050304 0.0437785 0.037351 0.0311418 0.0252523 0.0197925 0.0148868 0.0106592 0.00720389 0.00455557
 0.00779229 0.0127352 0.0193125 0.0275116 0.0370903 0.0474172 0.0574327 0.0658986 0.071829 0.0747908 0.0748924 0.0725723 0.0683954 0.0629353 0.0567099 0.0501367 0.0435141 0.0370346 0.0308195 0.0249584 0.0195428 0.0146808 0.0104894 0.00706414 0.00444407
 0.00790166 0.0128858 0.019489 0.0276834 0.0372211 0.0474801 0.0574233 0.0658383 0.0717577 0.0747521 0.0749178 0.0726698 0.0685452 0.063097 0.0568361 0.0501898 0.0434775 0.0369158 0.0306442 0.0247595 0.0193487 0.0145093 0.0103471 0.00695129 0.00435851
 0.00794375 0.0129481 0.0195701 0.027775 0.0373058 0.0475322 0.0574128 0.0657408 0.0715687 0.0744982 0.0746555 0.0724674 0.068457 0.0631413 0.0569902 0.0504018 0.0436884 0.0370796 0.0307394 0.0247885 0.0193291 0.0144626 0.0102914 0.00689821 0.00431409
 0.00803538 0.0130779 0.0197297 0.0279443 0.0374581 0.0476422 0.0574627 0.0657213 0.071477 0.0743371 0.0744372 0.0722185 0.0682184 0.0629587 0.056898 0.0504083 0.0437725 0.0372012 0.0308568 0.024873 0.0193712 0.0144682 0.010274 0.00687121 0.00428714
 0.00812584 0.0132142 0.019914 0.0281689 0.037705 0.0478833 0.0576629 0.0658448 0.0714964 0.074244 0.0742448 0.0719576 0.067928 0.0626788 0.0566637 0.0502451 0.0436901 0.0371906 0.030893 0.0249258 0.019416 0.014493 0.0102785 0.00686243 0.0042731
 0.00817729 0.0133036 0.0200584 0.0283855 0.0380042 0.0482594 0.0580864 0.0662627 0.0718442 0.0744632 0.0743 0.0718441 0.0676709 0.0623239 0.0562662 0.0498574 0.043353 0.0369271 0.0307068 0.0248045 0.0193395 0.0144419 0.0102402 0.00683133 0.00424825
 0.00824834 0.0134162 0.0202226 0.0286097 0.038294 0.0486159 0.0585019 0.0667162 0.0722984 0.0748666 0.0745952 0.0719816 0.0676232 0.0620953 0.0558919 0.0493945 0.0428648 0.0364688 0.0303155 0.0244962 0.0191117 0.0142816 0.0101307 0.00675823 0.00420079
 0.0082095 0.0133579 0.0201443 0.0285151 0.038192 0.0485206 0.0584326 0.0666957 0.0723485 0.0750005 0.0748089 0.072249 0.0678996 0.0623284 0.0560388 0.0494354 0.0428083 0.0363452 0.0301638 0.0243501 0.0189916 0.0141938 0.0100718 0.00672083 0.00417776
 0.0079651 0.0129888 0.0196422 0.0278929 0.0374826 0.0477726 0.0577076 0.0660648 0.0718841 0.0747633 0.0748337 0.0725356 0.0684105 0.0629946 0.0567732 0.0501515 0.043439 0.0368544 0.030547 0.0246247 0.0191837 0.0143271 0.0101634 0.00678172 0.0042159
 0.00785815 0.0128145 0.0193801 0.0275272 0.0370085 0.047206 0.0570909 0.0654634 0.0713717 0.0744019 0.0746606 0.0725617 0.0686256 0.0633725 0.0572731 0.0507193 0.0440143 0.0373821 0.0309892 0.0249668 0.0194309 0.0144965 0.0102747 0.00685209 0.00425832
 0.00779027 0.0126987 0.0191959 0.0272521 0.0366236 0.0467044 0.0564871 0.0647983 0.0707091 0.0738178 0.0742276 0.0723342 0.0686295 0.063602 0.0576948 0.0512801 0.04465 0.0380273 0.0315865 0.0254754 0.0198318 0.0147903 0.010476 0.00698129 0.00433595
 0.00767747 0.0125156 0.018921 0.026866 0.036113 0.046069 0.0557468 0.0639968 0.0699106 0.0730972 0.0736594 0.0719818 0.0685352 0.0637798 0.0581263 0.0519176 0.0454245 0.0388599 0.0324006 0.0262082 0.020442 0.0152612 0.0108128 0.00720446 0.00447267
 0.00768708 0.0125212 0.0189103 0.02682 0.0360089 0.0458857 0.0554709 0.0636265 0.0694574 0.0725866 0.073131 0.0714874 0.0681336 0.0635269 0.0580634 0.0520598 0.0457557 0.0393346 0.0329543 0.0267716 0.0209554 0.0156853 0.0111321 0.00742388 0.00461034
 0.00763501 0.0124515 0.0188324 0.0267495 0.0359607 0.0458633 0.0554595 0.0635952 0.0693703 0.0724176 0.0728749 0.0711629 0.0677801 0.0631965 0.0578116 0.0519341 0.0457837 0.0395162 0.0332602 0.0271507 0.0213493 0.016043 0.0114212 0.00763356 0.0047473
 0.0076101 0.0124052 0.0187529 0.0266256 0.0357877 0.0456508 0.0552343 0.0633945 0.0692254 0.0723372 0.07284 0.071138 0.0677331 0.0631167 0.0577147 0.0518561 0.0457661 0.0395898 0.0334333 0.0274053 0.0216475 0.01634 0.0116796 0.00783239 0.00488349
 0.00773014 0.0125742 0.0189584 0.0268381 0.0359673 0.0457592 0.055247 0.0633071 0.0690548 0.0721162 0.0726065 0.0709214 0.067545 0.0629515 0.0575614 0.051712 0.045644 0.0395135 0.0334249 0.0274726 0.0217779 0.0165053 0.0118468 0.00797541 0.00498945
 0.00763686 0.0124502 0.0188218 0.0267191 0.035896 0.0457471 0.0552757 0.0633339 0.0690336 0.0720226 0.0724508 0.0707423 0.0673896 0.0628537 0.0575312 0.0517392 0.0457112 0.0396086 0.0335449 0.0276189 0.0219474 0.0166856 0.012019 0.00812156 0.00509914
 0.00755662 0.0123257 0.018647 0.0264972 0.0356428 0.0454944 0.0550681 0.0632163 0.0690309 0.0721234 0.0726087 0.0708977 0.0674991 0.062907 0.0575472 0.0517475 0.0457352 0.0396589 0.0336229 0.0277212 0.0220685 0.0168165 0.012147 0.00823376 0.00518653
 0.00753701 0.0122807 0.0185555 0.0263329 0.0353829 0.0451328 0.0546271 0.0627491 0.068611 0.0718229 0.072475 0.0709383 0.0676808 0.0631724 0.0578385 0.0520262 0.0459874 0.0398878 0.0338365 0.0279249 0.0222618 0.0169946 0.0123027 0.00836041 0.00528088
 0.007511 0.0122503 0.0185304 0.0263258 0.0354015 0.0451697 0.0546552 0.062729 0.0685101 0.0716361 0.0722329 0.0706968 0.0674975 0.0630823 0.057844 0.0521036 0.0461038 0.0400167 0.0339646 0.0280487 0.0223812 0.017108 0.0124056 0.00844728 0.00534782
 0.00747939 0.0121955 0.0184429 0.0261974 0.0352308 0.0449676 0.0544462 0.0625448 0.0683745 0.0715531 0.0721869 0.0706664 0.0674731 0.0630737 0.057872 0.0521844 0.0462377 0.0401883 0.0341521 0.0282332 0.0225508 0.0172561 0.0125292 0.00854457 0.00541907
 0.00741669 0.0121023 0.0183183 0.0260452 0.0350574 0.0447787 0.054247 0.0623424 0.0681825 0.0713913 0.0720758 0.0706181 0.067486 0.0631358 0.0579702 0.0523115 0.0463922 0.0403683 0.0343498 0.0284349 0.0227415 0.0174239 0.0126667 0.00864982 0.00549375
 0.00735723 0.0120021 0.018162 0.0258185 0.0347527 0.0444032 0.0538272 0.061922 0.0678106 0.0711089 0.0719065 0.070568 0.0675482 0.0632944 0.0582037 0.052596 0.0467054 0.0406922 0.0346701 0.028739 0.0230168 0.0176593 0.0128554 0.00879034 0.00559046
 0.00744882 0.0121456 0.0183665 0.0260857 0.0350729 0.044751 0.0541611 0.0621895 0.0679629 0.0711169 0.0717705 0.0703158 0.0672236 0.0629447 0.0578694 0.0523062 0.046476 0.040528 0.0345674 0.0286888 0.0230068 0.0176758 0.0128851 0.00882264 0.00561842
 0.00745755 0.0121567 0.018378 0.0260947 0.0350774 0.0447521 0.0541632 0.0621977 0.0679782 0.0711327 0.0717737 0.0702929 0.0671683 0.0628619 0.0577742 0.0522177 0.0464113 0.0404975 0.0345737 0.0287269 0.0230671 0.0177462 0.0129543 0.00888215 0.00566381
 0.00756012 0.0123019 0.0185565 0.0262841 0.035248 0.0448771 0.0542273 0.0622004 0.0679308 0.0710523 0.0716768 0.0701901 0.0670626 0.0627514 0.0576571 0.0520975 0.0462976 0.0404025 0.0345076 0.028694 0.0230645 0.0177659 0.0129857 0.00891553 0.00569254
 0.00760792 0.0123818 0.0186794 0.0264579 0.0354717 0.0451339 0.0544818 0.0624047 0.0680413 0.0710478 0.0715669 0.0700089 0.0668519 0.0625445 0.0574713 0.0519368 0.0461602 0.0402875 0.0344169 0.0286307 0.0230293 0.0177551 0.0129921 0.00893066 0.00570925
 0.00750728 0.0122482 0.018534 0.0263395 0.0354264 0.0451981 0.0546662 0.0626881 0.0683754 0.0713702 0.0718189 0.0701514 0.0668751 0.0624671 0.0573291 0.0517671 0.0459915 0.0401365 0.0342913 0.0285336 0.022961 0.0177136 0.0129724 0.00892574 0.00571216
#obs surv len freq
 nan nan nan nan nan nan nan nan nan nan nan nan nan nan nan nan nan nan nan nan nan nan nan nan nan
 0.00448178 0.00734189 0.0111709 0.0159867 0.0216876 0.027964 0.0342793 0.0400117 0.0446923 0.0481569 0.0505153 0.0520116 0.0529042 0.0534169 0.0537314 0.0539865 0.0542651 0.054558 0.0546968 0.0542887 0.0527267 0.0493587 0.0438082 0.0362879 0.0276711
 0.00462081 0.00756811 0.0115114 0.0164659 0.0223213 0.0287503 0.0351898 0.0409887 0.0456561 0.0490214 0.051204 0.052469 0.0531017 0.0533533 0.0534286 0.0534819 0.0536026 0.0537804 0.0538435 0.053397 0.0518356 0.0485116 0.0430503 0.0356575 0.0271893
 0.00477688 0.00782606 0.0119073 0.017036 0.023094 0.0297347 0.0363628 0.0422905 0.0469973 0.0502981 0.0523142 0.0533246 0.0536367 0.0535295 0.0532388 0.0529478 0.0527689 0.0527062 0.052595 0.0520444 0.0504542 0.0471822 0.0418527 0.0346576 0.0264237
 0.00495685 0.00812003 0.0123526 0.0176691 0.0239444 0.0308151 0.0376574 0.0437493 0.0485394 0.0518239 0.0537177 0.0545037 0.0545011 0.0540079 0.0532858 0.052549 0.0519425 0.0515009 0.0510855 0.0503272 0.0486437 0.0454043 0.0402317 0.0332949 0.0253762
 0.00516646 0.00846269 0.0128719 0.0184066 0.0249322 0.0320629 0.0391403 0.0454035 0.0502718 0.0535291 0.0552931 0.055856 0.0555463 0.0546716 0.0535059 0.0522819 0.0511717 0.0502448 0.0494033 0.048321 0.0464557 0.0432043 0.038194 0.0315647 0.0240381
 0.00540117 0.00884477 0.013448 0.0192207 0.0260176 0.0334295 0.0407611 0.0472093 0.0521603 0.0553842 0.0570031 0.0573238 0.0566916 0.0554277 0.0538159 0.052098 0.0504596 0.0489955 0.0476487 0.0461486 0.0440138 0.0406912 0.0358259 0.0295292 0.0224508
 0.00563932 0.0092372 0.0140482 0.0200816 0.0271807 0.0349081 0.0425238 0.0491747 0.0542101 0.0573867 0.0588355 0.0588835 0.0578984 0.0562199 0.0541452 0.0519242 0.0497498 0.0477314 0.0458443 0.0438727 0.0414067 0.0379608 0.0332147 0.0272584 0.0206644
 0.00587962 0.00963118 0.0146476 0.0209375 0.0283344 0.0363766 0.0442836 0.0511543 0.0562984 0.0594522 0.0607471 0.0605253 0.0591771 0.0570665 0.054511 0.0517744 0.049058 0.0464819 0.0440459 0.0415825 0.0387535 0.0351488 0.0304945 0.024869 0.0187689
 0.00613465 0.0100471 0.0152761 0.0218275 0.0295232 0.0378754 0.0460622 0.0531365 0.0583719 0.0614898 0.062626 0.0621381 0.0604351 0.0579003 0.054869 0.05162 0.0483662 0.0452396 0.0422625 0.0393109 0.0361136 0.032336 0.0277559 0.0224471 0.0168354
 0.00636329 0.0104243 0.015854 0.022658 0.0306475 0.0393077 0.0477735 0.0550491 0.0603715 0.0634485 0.0644237 0.0636738 0.0616295 0.0586928 0.055214 0.051483 0.0477212 0.044072 0.0405789 0.0371589 0.0336034 0.0296501 0.0251284 0.0201116 0.0149614
 0.00658211 0.0107847 0.0164052 0.0234488 0.0317177 0.0406722 0.0494071 0.0568802 0.062291 0.0653305 0.066146 0.0651321 0.0627439 0.0594077 0.055494 0.0513056 0.0470713 0.0429416 0.0389764 0.0351277 0.0312434 0.0271275 0.0226588 0.0179124 0.0131923
 0.00681889 0.0111682 0.0169797 0.0242547 0.0327839 0.0420047 0.050976 0.058615 0.0640895 0.0670767 0.0677284 0.0664555 0.0637341 0.0600131 0.0556833 0.051063 0.0463915 0.0418266 0.0374416 0.0332166 0.0290473 0.0247954 0.0203834 0.0158886 0.0115642
 0.00706757 0.0115786 0.0176077 0.025154 0.0339922 0.0435239 0.0527539 0.060543 0.0660226 0.0688666 0.069252 0.0676274 0.0645052 0.0603625 0.0556093 0.0505753 0.045505 0.0405601 0.0358223 0.0312931 0.0269061 0.0225701 0.0182431 0.0140027 0.0100558
 0.00728378 0.0119344 0.0181514 0.0259334 0.0350455 0.0448642 0.0543526 0.0623216 0.0678607 0.0706224 0.070787 0.0688275 0.0652937 0.0607041 0.0555044 0.0500482 0.0445912 0.0392985 0.0342558 0.0294786 0.0249277 0.0205471 0.016321 0.0123239 0.00872122
 0.00742716 0.0121745 0.018526 0.0264827 0.0358048 0.0458513 0.0555556 0.0636928 0.0693217 0.0720768 0.0721326 0.0699663 0.0661402 0.0611937 0.0556005 0.0497443 0.0439067 0.0382711 0.0329362 0.0279314 0.0232384 0.0188252 0.0146926 0.0109079 0.00759968
 0.00752403 0.0123281 0.0187508 0.026792 0.0362113 0.0463673 0.05619 0.0644463 0.0701815 0.0730128 0.0730966 0.0708943 0.0669579 0.0618255 0.0559791 0.0498203 0.0436551 0.0376944 0.0320642 0.0268198 0.0219673 0.0174965 0.013419 0.00979267 0.00671323
 0.00756083 0.0123884 0.0188423 0.0269226 0.0363877 0.0465942 0.0564691 0.0647779 0.0705673 0.0734567 0.0736017 0.0714542 0.0675482 0.0623995 0.0564722 0.0501612 0.0437804 0.0375622 0.0316637 0.0261756 0.0211387 0.0165703 0.0124952 0.00896439 0.00604537
 0.00765436 0.0125262 0.0190234 0.0271373 0.0366212 0.0468319 0.056701 0.0649996 0.0707791 0.073663 0.0738104 0.0716755 0.0677905 0.0626617 0.0567366 0.0503902 0.0439218 0.037562 0.0314822 0.0258022 0.0205993 0.0159246 0.0118231 0.00834515 0.00553755
 0.00771323 0.0126213 0.0191648 0.0273314 0.0368673 0.0471175 0.0570001 0.0652769 0.0710013 0.0738122 0.0738906 0.0717092 0.067808 0.0626893 0.056787 0.0504573 0.04398 0.0375714 0.0314001 0.025599 0.0202721 0.0155025 0.0113599 0.0079025 0.00516516
 0.0077619 0.0126949 0.0192655 0.0274584 0.0370178 0.0472881 0.0571864 0.0654717 0.0711919 0.0739808 0.0740188 0.0717851 0.0678328 0.0626772 0.056759 0.0504308 0.0439592 0.0375433 0.0313388 0.0254768 0.0200738 0.0152351 0.0110529 0.00759781 0.00490118
 0.00781789 0.0127807 0.0193846 0.0276099 0.037196 0.047483 0.0573841 0.0656565 0.0713497 0.0741019 0.0740991 0.0718245 0.0678325 0.0626406 0.0566932 0.0503467 0.0438676 0.0374491 0.0312367 0.0253537 0.0199171 0.0150424 0.0108371 0.00738285 0.00471255
 0.00785295 0.0128374 0.0194691 0.0277269 0.0373471 0.0476642 0.0575838 0.0658561 0.0715278 0.0742402 0.074187 0.0718602 0.0678213 0.0625909 0.056614 0.0502468 0.0437552 0.0373304 0.0311142 0.025225 0.0197774 0.0148898 0.0106769 0.00722773 0.00457734
 0.00786783 0.0128581 0.019494 0.0277532 0.0373723 0.0476885 0.0576113 0.0658936 0.0715809 0.0743096 0.0742671 0.0719408 0.0678911 0.0626413 0.0566408 0.0502496 0.0437365 0.0372934 0.0310618 0.0251586 0.0196973 0.0147973 0.0105769 0.00712876 0.00448934
 0.00789002 0.012889 0.0195308 0.0277897 0.0374005 0.0477012 0.057605 0.0658697 0.0715467 0.0742766 0.0742477 0.0719439 0.0679187 0.0626877 0.056695 0.0502999 0.0437736 0.0373124 0.031061 0.0251387 0.0196601 0.0147461 0.0105168 0.0070666 0.00443263
 0.0078891 0.0128846 0.0195189 0.0277646 0.0373562 0.0476335 0.057514 0.0657609 0.0714309 0.0741684 0.0741634 0.0718983 0.0679214 0.0627402 0.0567898 0.0504218 0.0439042 0.0374344 0.0311618 0.0252113 0.019703 0.0147619 0.0105112 0.0070477 0.00440848
 0.00788372 0.012873 0.019496 0.0277239 0.0372914 0.0475406 0.057394 0.0656208 0.0712827 0.0740272 0.074045 0.0718171 0.0678887 0.0627621 0.0568651 0.050542 0.0440539 0.0375947 0.031314 0.0253406 0.0198009 0.0148267 0.0105467 0.00706103 0.00440822
 0.00788426 0.0128721 0.0194912 0.0277114 0.0372663 0.0474981 0.0573303 0.0655348 0.0711771 0.0739091 0.0739256 0.0717103 0.0678088 0.0627209 0.0568699 0.0505934 0.0441458 0.0377144 0.0314451 0.0254662 0.0199076 0.0149068 0.0105993 0.00709029 0.00442091
 0.0078851 0.0128712 0.0194857 0.0276971 0.0372388 0.047454 0.0572689 0.0654581 0.0710893 0.0738158 0.0738328 0.0716251 0.067739 0.0626748 0.0568551 0.0506149 0.0442038 0.0378035 0.0315544 0.0255816 0.020015 0.0149955 0.0106642 0.00713206 0.00444419
 0.0078632 0.0128338 0.0194263 0.027609 0.0371171 0.0472986 0.0570872 0.0652654 0.0709054 0.0736605 0.0737214 0.0715653 0.0677317 0.0627158 0.0569374 0.0507311 0.0443467 0.0379652 0.0317253 0.0257501 0.0201688 0.0151246 0.0107629 0.00720032 0.00448651
 0.00783707 0.0127924 0.0193657 0.0275262 0.0370099 0.0471666 0.0569327 0.0650948 0.07073 0.0734953 0.0735831 0.0714695 0.0676889 0.0627298 0.0570049 0.0508435 0.0444927 0.0381328 0.0319024 0.0259249 0.0203298 0.0152621 0.0108709 0.0072776 0.00453653
 0.00782436 0.0127676 0.0193209 0.027452 0.0368982 0.0470148 0.056747 0.0648903 0.0705265 0.0733125 0.0734363 0.0713692 0.0676415 0.0627381 0.057068 0.0509562 0.0446452 0.0383123 0.0320946 0.0261155 0.0205058 0.0154132 0.0109908 0.00736481 0.00459426
 0.00781395 0.0127493 0.0192907 0.0274046 0.0368277 0.046916 0.0566171 0.0647313 0.070347 0.0731273 0.0732646 0.0712305 0.0675511 0.0627048 0.0570937 0.0510366 0.0447718 0.0384731 0.0322753 0.0263007 0.020681 0.0155663 0.0111141 0.00745591 0.00465557
 0.00774755 0.0126473 0.0191485 0.0272223 0.0366099 0.0466719 0.0563601 0.0644783 0.0701165 0.0729362 0.0731259 0.0711528 0.0675392 0.0627596 0.0572119 0.0512106 0.0449898 0.0387202 0.0325347 0.0265552 0.0209147 0.0157666 0.0112735 0.00757274 0.00473399
 0.00774491 0.0126324 0.019107 0.0271352 0.0364601 0.0464526 0.0560823 0.0641702 0.0698155 0.0726772 0.0729327 0.0710359 0.0674993 0.0627917 0.0573087 0.0513635 0.0451883 0.0389516 0.0327835 0.0268044 0.0211476 0.0159692 0.0114366 0.00769367 0.00481596
 0.00770762 0.0125768 0.0190319 0.027041 0.0363462 0.0463149 0.0559131 0.0639634 0.0695734 0.0724164 0.0726836 0.070834 0.0673738 0.0627576 0.0573653 0.0514986 0.0453845 0.0391892 0.033043 0.0270665 0.0213941 0.0161849 0.0116114 0.00782397 0.00490479
 0.00767713 0.0125264 0.0189547 0.0269312 0.0362014 0.0461387 0.0557165 0.0637621 0.0693826 0.0722453 0.0725352 0.0707107 0.0672827 0.0627117 0.0573786 0.0515791 0.0455298 0.0393873 0.0332751 0.0273114 0.021631 0.0163962 0.0117851 0.00795506 0.00499506
 0.00765862 0.0124956 0.0189071 0.026862 0.0361061 0.0460148 0.0555656 0.0635913 0.069204 0.0720743 0.0723863 0.0705942 0.0672037 0.0626723 0.0573807 0.0516264 0.0456252 0.0395293 0.0334553 0.0275143 0.0218374 0.0165873 0.0119466 0.00807939 0.00508203
 0.00762995 0.0124529 0.0188498 0.0267918 0.0360259 0.0459272 0.0554717 0.0634913 0.0690985 0.0719657 0.0722801 0.0704983 0.0671271 0.062623 0.0573646 0.0516467 0.0456836 0.0396255 0.0335854 0.0276693 0.0220034 0.016748 0.0120874 0.00819104 0.00516192
 0.00759959 0.0124037 0.0187764 0.0266901 0.0358952 0.0457721 0.0553036 0.0633269 0.0689552 0.0718557 0.0722077 0.0704608 0.0671191 0.0626399 0.0574048 0.0517106 0.0457724 0.0397392 0.0337215 0.0278217 0.0221623 0.0169009 0.012222 0.00829878 0.00523989
 0.00760015 0.012403 0.0187724 0.0266795 0.0358736 0.0457351 0.0552482 0.0632528 0.0688658 0.0717589 0.0721134 0.0703789 0.0670565 0.0625994 0.0573864 0.0517138 0.0457974 0.0397868 0.0337915 0.0279113 0.0222648 0.0170068 0.0123205 0.00838125 0.00530181
 0.00757978 0.0123727 0.018732 0.0266305 0.0358184 0.0456761 0.0551868 0.0631895 0.0688011 0.0716938 0.0720509 0.0703236 0.0670142 0.0625753 0.0573837 0.0517333 0.0458377 0.0398458 0.0338668 0.0279996 0.022361 0.0171035 0.0124098 0.008456 0.00535827
 0.00756866 0.0123555 0.0187076 0.0265989 0.0357807 0.0456346 0.055145 0.0631511 0.0687687 0.0716677 0.0720287 0.0703021 0.0669915 0.0625526 0.0573652 0.0517243 0.0458429 0.0398677 0.0339055 0.028053 0.0224249 0.0171719 0.0124756 0.00851303 0.00540259
 0.0075331 0.0123024 0.0186365 0.0265126 0.0356846 0.0455354 0.0550501 0.0630679 0.0687041 0.0716269 0.0720138 0.0703116 0.0670202 0.062594 0.0574135 0.0517761 0.0458977 0.0399269 0.0339704 0.0281234 0.0224985 0.0172444 0.012542 0.00856882 0.00544513
 0.00750288 0.0122505 0.0185539 0.0263902 0.0355173 0.0453269 0.0548159 0.0628347 0.0685027 0.0714832 0.0719422 0.070313 0.0670854 0.062708 0.057559 0.0519373 0.0460623 0.0400866 0.0341207 0.0282619 0.0226233 0.0173534 0.0126328 0.00863969 0.00549632
 0.00752959 0.0122878 0.0185984 0.0264339 0.0355482 0.0453317 0.0547829 0.0627575 0.0683835 0.0713345 0.0717852 0.0701723 0.0669815 0.0626521 0.0575517 0.0519708 0.0461246 0.0401657 0.0342069 0.0283483 0.0227053 0.0174274 0.012696 0.00869031 0.00553368
 0.00752669 0.0122908 0.0186165 0.0264789 0.0356299 0.0454502 0.0549242 0.0628941 0.0684828 0.0713702 0.0717468 0.0700678 0.066834 0.0624912 0.0574048 0.0518566 0.0460504 0.0401293 0.0342005 0.0283625 0.0227315 0.0174589 0.0127276 0.00871825 0.00555584
 0.00751508 0.0122703 0.0185834 0.0264308 0.035568 0.0453831 0.0548679 0.0628674 0.0684984 0.0714262 0.0718249 0.0701408 0.0668782 0.0624966 0.0573776 0.0518138 0.0460112 0.0401072 0.0342007 0.0283824 0.0227644 0.0174971 0.0127646 0.00874985 0.00557997
 0.00748734 0.0122291 0.0185283 0.0263636 0.0354918 0.0453012 0.0547838 0.0627868 0.0684308 0.0713841 0.0718197 0.070176 0.0669456 0.0625785 0.0574545 0.0518732 0.0460517 0.0401363 0.0342281 0.0284149 0.022803 0.0175387 0.0128043 0.00878341 0.00560536
 0.00746932 0.0121977 0.0184775 0.0262872 0.0353863 0.0451685 0.0546336 0.0626357 0.0682978 0.0712855 0.0717658 0.0701711 0.0669883 0.0626619 0.057566 0.0519966 0.0461717 0.0402432 0.0343193 0.0284929 0.0228712 0.0175986 0.0128552 0.00882405 0.00563509
 0.00746932 0.0121977 0.0184775 0.0262872 0.0353863 0.0451685 0.0546336 0.0626357 0.0682978 0.0712855 0.0717658 0.0701711 0.0669883 0.0626619 0.057566 0.0519966 0.0461717 0.0402432 0.0343193 0.0284929 0.0228712 0.0175986 0.0128552 0.00882405 0.00563509
#pred catch len freq
 0.00314914 0.00512912 0.00777128 0.0111305 0.0152524 0.0201218 0.0256024 0.031431 0.0372733 0.0427933 0.0477027 0.0517976 0.0549842 0.0572792 0.0587792 0.0596228 0.0599626 0.0599342 0.0595867 0.0587702 0.0570509 0.0537817 0.0484026 0.0408571 0.031834
 0.00342005 0.00549589 0.0081895 0.0115195 0.0155255 0.0202295 0.0255603 0.0313096 0.0371531 0.0427154 0.0476497 0.0517153 0.0548293 0.0570596 0.058563 0.0595114 0.0600396 0.0602139 0.0599885 0.0591377 0.0572141 0.0536339 0.0479511 0.0402149 0.0311596
 0.00351891 0.0056976 0.00856256 0.0121364 0.0164251 0.0213707 0.0267988 0.0324295 0.0379511 0.0430878 0.047623 0.0514031 0.0543553 0.0565069 0.0579771 0.0589319 0.0595191 0.0598009 0.0596889 0.0588912 0.0569137 0.053184 0.0473257 0.0394764 0.0304243
 0.00367525 0.005936 0.00889801 0.012588 0.0170301 0.022193 0.0279133 0.0338732 0.03966 0.0448663 0.0491844 0.0524748 0.0547864 0.0563101 0.0572882 0.0579314 0.0583703 0.0586224 0.0585476 0.0578012 0.0558472 0.0521036 0.046226 0.0384056 0.0294674
 0.00384195 0.00620806 0.00930868 0.0131673 0.0177988 0.023156 0.0290584 0.0351789 0.0411065 0.0464298 0.0508062 0.0540245 0.05606 0.057087 0.0574189 0.0573984 0.0572832 0.0571599 0.0568872 0.0560744 0.0541315 0.050444 0.0446663 0.0370065 0.0282975
 0.00398048 0.0064385 0.00966656 0.0136926 0.0185318 0.0241286 0.0302801 0.0366261 0.0427197 0.0481234 0.0524846 0.0555924 0.0574181 0.0581181 0.0579874 0.0573814 0.056621 0.055891 0.0551408 0.0540277 0.0519621 0.0483051 0.0426846 0.0352859 0.026912
 0.00414168 0.00670085 0.0100634 0.0142592 0.0193039 0.0251368 0.0315412 0.0381316 0.0444275 0.0499551 0.054331 0.0573273 0.0589159 0.0592654 0.0586844 0.0575374 0.0561627 0.0547872 0.0534328 0.0518409 0.049489 0.0457686 0.0402986 0.033222 0.0252757
 0.0043575 0.00703998 0.0105533 0.0149213 0.0201549 0.0261893 0.0327994 0.0395849 0.0460443 0.0516796 0.0560831 0.0590067 0.0604095 0.0604583 0.0594684 0.0578165 0.0558574 0.0538468 0.0518571 0.049706 0.0469588 0.043077 0.0377046 0.0309518 0.0234736
 0.00463272 0.00747194 0.0111751 0.0157547 0.0212094 0.0274592 0.0342596 0.0411884 0.0477258 0.0533655 0.0577002 0.060485 0.0616806 0.0614508 0.0601054 0.0580164 0.0555392 0.052944 0.0503417 0.0476179 0.0444294 0.0403267 0.0350043 0.0285571 0.0215592
 0.00488256 0.00787831 0.0117873 0.0166195 0.0223624 0.028912 0.0359841 0.0431095 0.0497299 0.0553208 0.0594809 0.0619899 0.062841 0.0622271 0.0604737 0.0579515 0.055004 0.0518927 0.0487426 0.0454889 0.0418722 0.0375377 0.0322456 0.0260911 0.019575
 0.0051375 0.00828611 0.0123904 0.0174579 0.0234719 0.0303185 0.0376906 0.0450804 0.0518798 0.0575157 0.0615544 0.0637726 0.0641939 0.0630648 0.0607663 0.0577064 0.0542397 0.0506208 0.0469711 0.0432494 0.0392569 0.0347219 0.0294711 0.023609 0.0175729
 0.00543157 0.00874839 0.0130579 0.0183576 0.0246211 0.0317224 0.0393371 0.0469323 0.0538712 0.0595522 0.0635173 0.0655262 0.0655999 0.0640025 0.0611528 0.0575059 0.0534576 0.0492883 0.045134 0.0409738 0.0366515 0.0319566 0.0267691 0.0212008 0.0156319
 0.00569842 0.00918104 0.0137069 0.0192694 0.0258295 0.0332352 0.0411219 0.048911 0.0559305 0.061565 0.065362 0.0670974 0.0668095 0.0647773 0.061434 0.057253 0.0526538 0.0479447 0.0432921 0.0387108 0.0340897 0.0292699 0.02417 0.0189008 0.0137861
 0.00595825 0.00960048 0.014334 0.0201504 0.027004 0.0347264 0.04292 0.0509591 0.0581192 0.0637417 0.0673551 0.0687466 0.0679938 0.0654288 0.0615321 0.0568067 0.0516855 0.0464845 0.0413851 0.036432 0.0315585 0.0266544 0.0216708 0.0167108 0.0120417
 0.00620412 0.00999806 0.0149293 0.0209872 0.0281189 0.0361387 0.0446187 0.0528917 0.0601905 0.0658219 0.0692929 0.0703877 0.069202 0.0661064 0.0616322 0.0563317 0.050673 0.0449923 0.0394834 0.0342093 0.0291344 0.0241861 0.0193397 0.0146874 0.0104421
 0.00637984 0.0102912 0.0153854 0.021656 0.0290473 0.0373576 0.0461271 0.0546448 0.0620988 0.0677607 0.0711183 0.0719549 0.0703837 0.0668074 0.061798 0.0559495 0.0497675 0.0436177 0.0377169 0.03215 0.0269065 0.0219399 0.0172387 0.0128792 0.0090229
 0.00642362 0.0103715 0.0155252 0.0218881 0.0294144 0.037908 0.0469053 0.0556774 0.0633779 0.0692316 0.072678 0.073466 0.0716991 0.0677964 0.0623646 0.05604 0.0493703 0.042759 0.0364567 0.030579 0.0251443 0.0201291 0.0155293 0.0114025 0.00786278
 0.00642905 0.0103711 0.0155091 0.0218453 0.0293417 0.0378215 0.046849 0.0557215 0.0636036 0.0697056 0.0734269 0.0744592 0.0728463 0.0689628 0.0633976 0.0568006 0.0497576 0.0427239 0.0360045 0.0297657 0.0240691 0.0189213 0.0143285 0.0103324 0.00700606
 0.00647735 0.0104374 0.0155855 0.021915 0.0293815 0.0378083 0.0467686 0.0555789 0.0634318 0.069568 0.0734069 0.0746355 0.0732619 0.0696005 0.064176 0.057591 0.0504174 0.0431315 0.036087 0.0295123 0.0235299 0.0181937 0.0135333 0.00958401 0.00638671
 0.00656623 0.0105636 0.0157408 0.0220792 0.0295254 0.0379017 0.0467867 0.0555075 0.0632715 0.0693388 0.073152 0.0744195 0.0731588 0.0696711 0.0644428 0.058021 0.050924 0.0435974 0.0363995 0.0295974 0.0233727 0.0178385 0.0130649 0.00909804 0.00596081
 0.00659628 0.010618 0.0158318 0.0222182 0.0297165 0.0381325 0.0470237 0.0557009 0.0633705 0.0693114 0.0729985 0.0741747 0.0728833 0.0694366 0.0643131 0.0580329 0.0510715 0.0438286 0.0366312 0.0297443 0.0233788 0.0176962 0.0128124 0.00879937 0.00567848
 0.00666005 0.0107164 0.0159709 0.0224017 0.029947 0.0384118 0.0473495 0.0560594 0.0637292 0.0696185 0.0731939 0.074211 0.072747 0.0691583 0.0639593 0.0576833 0.0507909 0.043645 0.0365294 0.0296778 0.0232947 0.0175608 0.0126245 0.00858522 0.0054745
 0.00667688 0.0107541 0.0160464 0.0225363 0.0301604 0.0387131 0.0477297 0.0564907 0.0641711 0.0700265 0.0735247 0.0744246 0.0728112 0.0690576 0.0637059 0.0573201 0.0503816 0.0432528 0.0361956 0.0294111 0.0230777 0.0173677 0.0124391 0.00840794 0.00531733
 0.00667665 0.0107546 0.01605 0.0225488 0.0301936 0.038786 0.0478662 0.0567118 0.0644826 0.0704091 0.0739334 0.0747994 0.0730932 0.0692039 0.0636976 0.0571653 0.0501133 0.0429208 0.0358517 0.0290948 0.0228073 0.0171432 0.0122523 0.0082525 0.00519202
 0.00672661 0.0108178 0.0161119 0.0225861 0.0301818 0.038712 0.0477392 0.0565652 0.0643661 0.0703724 0.0740088 0.0749888 0.073365 0.0695016 0.0639578 0.0573372 0.0501725 0.0428725 0.0357243 0.028926 0.0226308 0.0169805 0.012113 0.00813884 0.00510346
 0.00674712 0.010847 0.0161473 0.0226194 0.0301981 0.0386896 0.047654 0.0564001 0.0641244 0.0700876 0.0737418 0.0748094 0.0733256 0.0696154 0.0641937 0.0576333 0.0504599 0.0430983 0.035864 0.0289828 0.0226257 0.0169393 0.0120574 0.00808314 0.00505549
 0.00680827 0.010932 0.0162483 0.0227203 0.0302782 0.0387303 0.0476432 0.0563327 0.0639995 0.0699081 0.0735189 0.0745691 0.0731094 0.0694703 0.0641543 0.0577052 0.050616 0.0432904 0.0360428 0.0291152 0.022701 0.0169654 0.0120508 0.00806072 0.00502967
 0.00689578 0.0110632 0.0164245 0.0229331 0.0305092 0.0389527 0.0478243 0.0564398 0.064008 0.0698099 0.0733256 0.0743084 0.072818 0.0691881 0.0639193 0.0575465 0.0505458 0.043299 0.0361021 0.0291904 0.0227637 0.0170019 0.0120614 0.00805396 0.00501539
 0.00696497 0.0111768 0.0165969 0.0231767 0.0308295 0.0393414 0.0482534 0.0568609 0.0643609 0.0700373 0.0733886 0.0741967 0.0725521 0.068813 0.063493 0.0571273 0.0501803 0.0430144 0.0359032 0.0290634 0.0226856 0.0169506 0.0120226 0.0080215 0.00498873
 0.0069967 0.011229 0.0166775 0.0232952 0.0309974 0.0395709 0.048553 0.0572277 0.0647731 0.0704504 0.0737407 0.0744239 0.0726084 0.0686861 0.0632076 0.0567365 0.0497489 0.0426016 0.0355501 0.0287881 0.0224862 0.0168132 0.0119301 0.00795976 0.00494799
 0.00691078 0.0110999 0.0165033 0.023083 0.0307635 0.0393402 0.0483581 0.0571066 0.0647618 0.0705719 0.0739933 0.074775 0.072999 0.069046 0.0634768 0.0568832 0.0497764 0.0425411 0.0354447 0.0286764 0.0223925 0.0167457 0.0118863 0.00793277 0.00493148
 0.0067286 0.0108258 0.0161321 0.0226247 0.0302413 0.0387858 0.0478099 0.0566102 0.0643691 0.0703353 0.0739553 0.0749548 0.0733823 0.0695824 0.0640891 0.0574874 0.0503038 0.0429542 0.0357398 0.0288734 0.02252 0.0168289 0.0119417 0.00796955 0.00495468
 0.00661326 0.0106418 0.0158626 0.0222585 0.0297773 0.0382392 0.0472163 0.0560239 0.0638532 0.0699477 0.0737379 0.0749306 0.073555 0.0699363 0.0645873 0.0580728 0.0509082 0.0435136 0.0362095 0.0292353 0.0227795 0.0170049 0.0120562 0.00804138 0.00499778
