SBPRF35
12.7214
Curr Bio
701290
B35
894395
F35
0.172581
FOFL
0.143452
OFL
88758.3
Bzero
3.63469e+006
#pred survey bio
 3.66828e+006 3.51518e+006 3.38615e+006 3.20001e+006 2.99458e+006 2.75975e+006 2.517e+006 2.26198e+006 2.01689e+006 1.77761e+006 1.57522e+006 1.39815e+006 1.23989e+006 1.08031e+006 942732 827356 764059 694620 632887 605476 587530 563704 545493 530342 529908 526491 524816 521326 523834 528384 542448 558013 560752 568949 579564 583722 593019 605713 609467 625679 640438 648110 647849 649011 657250 669042 672136 674134 694500 700155 705955 2.64469e+007 1.63756e+007 1.71014e+007 1.82743e+007 1.97106e+007 2.12045e+007 2.26103e+007 2.38473e+007 2.48858e+007 2.57293e+007 2.63984e+007 2.69205e+007 2.73235e+007 2.76323e+007 2.78681e+007 2.80479e+007 2.81851e+007 2.829e+007 2.83705e+007 2.84324e+007 2.84804e+007 2.85177e+007 2.85467e+007 2.85696e+007 2.85876e+007 2.86018e+007 2.86131e+007 2.86221e+007 2.86292e+007 2.8635e+007 2.86396e+007 2.86434e+007 2.86464e+007 2.86488e+007 2.86508e+007 2.86524e+007 2.86537e+007 2.86548e+007 2.86557e+007 2.86564e+007 2.86569e+007 2.86574e+007 2.86578e+007 2.86581e+007 2.86584e+007 2.86586e+007 2.86587e+007 2.86589e+007 2.8659e+007 2.86591e+007 2.86592e+007 2.86592e+007 2.86593e+007 2.86593e+007 2.86594e+007 2.86594e+007 2.86594e+007 2.86594e+007 2.86595e+007 2.86595e+007 2.86595e+007 2.86595e+007 2.86595e+007 2.86595e+007 2.86595e+007 2.86595e+007 2.86595e+007 2.86595e+007 2.86595e+007 2.86595e+007 2.86595e+007 2.86595e+007 2.86595e+007 2.86595e+007 2.86595e+007 2.86595e+007 2.86595e+007 2.86595e+007 2.86595e+007 2.86595e+007 2.86595e+007 2.86595e+007 2.86595e+007 2.86595e+007 2.86595e+007 2.86595e+007 2.86595e+007 2.86595e+007 2.86595e+007 2.86595e+007 2.86595e+007 2.86595e+007 2.86595e+007 2.86595e+007 2.86595e+007 2.86595e+007 2.86595e+007 2.86595e+007 2.86595e+007 2.86595e+007 0 0 0 0 0 0 0 0 0 0 0 0 0 0 0 0 0 0 0 0 0 0 0 0 0
#obs survey bio
 4.28672e+006 4.81636e+006 3.67717e+006 3.14179e+006 2.99222e+006 3.06342e+006 2.99871e+006 1.88139e+006 2.52246e+006 1.40824e+006 1.00649e+006 1.49978e+006 782440 1.37502e+006 717418 692994 866699 465929 391040 536098 499368 564928 699659 431154 556624 638818 433051 442195 598032 408234 523567 740819 478894 533204 670430 462244 550858 586370 495522 663018 708170 649423 872526 567248 466238 771975 602892 772335 689821 722632 575509
#pred catch bio
 108230 98800.4 166452 200655 245733 271878 301739 309736 318483 296421 282548 272021 275752 255654 234066 187360 190200 178720 145396 134483 135721 126804 120736 106410 108091 105776 106489 101114 99877.2 93104.1 93297.1 104169 98738.4 96236.9 101213 96717.8 94442 102496 92602 95015.3 101620 108242 107022 102301 101498 110449 112258 98393.9 112702 113653 79209.4 88758.3 108576 112371 119081 128012 137425 146212 153821 160072 165014 168809 171660 173765 175298 176402 177191 177751 178145 178423 178617 178752 178847 178912 178958 178989 179011 179026 179036 179043 179048 179052 179054 179056 179057 179058 179058 179058 179059 179059 179059 179059 179059 179059 179059 179059 179059 179059 179059 179059 179059 179059 179059 179059 179059 179059 179059 179059 179059 179059 179059 179059 179059 179059 179059 179059 179059 179059 179059 179059 179059 179059 179059 179059 179059 179059 179059 179059 179059 179059 179059 179059 179059 179059 179059 179059 179059 179059 179059 179059 179059 179059 179059 179059 179059 179059 179059 179059 179059 179059 179059 0 0 0 0 0 0 0 0 0 0 0 0 0 0 0 0 0 0 0 0 0 0 0 0 0
#obs catch bio
 0 98277.4 166533 200282 245553 271548 301199 311046 319348 297348 283675 272950 279586 257311 237024 189302 192306 181931 147903 136328 137418 127762 121134 106818 108165 106010 106833 101251 100164 93674 93710.4 104511 98979.7 96086.5 100758 96498.2 94214.6 102461 92595.7 94806.5 101238 107744 106293 101880 101607 110639 112445 98362.6 112865 113741 78955
#pred cpue bio
 3.62651e+006 3.47454e+006 3.34545e+006 3.15918e+006 2.95402e+006 2.71951e+006 2.47713e+006 2.22267e+006 1.97841e+006 1.74034e+006 1.53893e+006 1.36273e+006 1.20541e+006 1.04735e+006 911338 797313 734748 666674 606393 579883 562829 540052 522702 508194 507916 504658 503124 499810 502258 506632 520344 535741 538738 547073 557756 561969 571084 583549 587231 603132 617689 625288 625052 626039 633729 645015 648005 649833 669674 675166 680650 2.55306e+007 1.58234e+007 1.6435e+007 1.74913e+007 1.88936e+007 2.03808e+007 2.17856e+007 2.30224e+007 2.40609e+007 2.49044e+007 2.55735e+007 2.60956e+007 2.64986e+007 2.68074e+007 2.70432e+007 2.7223e+007 2.73602e+007 2.74651e+007 2.75456e+007 2.76076e+007 2.76555e+007 2.76928e+007 2.77218e+007 2.77447e+007 2.77627e+007 2.77769e+007 2.77882e+007 2.77972e+007 2.78043e+007 2.78101e+007 2.78147e+007 2.78185e+007 2.78215e+007 2.78239e+007 2.78259e+007 2.78275e+007 2.78288e+007 2.78299e+007 2.78308e+007 2.78315e+007 2.7832e+007 2.78325e+007 2.78329e+007 2.78332e+007 2.78335e+007 2.78337e+007 2.78339e+007 2.7834e+007 2.78341e+007 2.78342e+007 2.78343e+007 2.78343e+007 2.78344e+007 2.78344e+007 2.78345e+007 2.78345e+007 2.78345e+007 2.78345e+007 2.78346e+007 2.78346e+007 2.78346e+007 2.78346e+007 2.78346e+007 2.78346e+007 2.78346e+007 2.78346e+007 2.78346e+007 2.78346e+007 2.78346e+007 2.78346e+007 2.78346e+007 2.78346e+007 2.78346e+007 2.78346e+007 2.78346e+007 2.78346e+007 2.78346e+007 2.78346e+007 2.78346e+007 2.78346e+007 2.78346e+007 2.78346e+007 2.78346e+007 2.78346e+007 2.78346e+007 2.78346e+007 2.78346e+007 2.78346e+007 2.78346e+007 2.78346e+007 2.78346e+007 2.78346e+007 2.78346e+007 2.78346e+007 2.78346e+007 2.78346e+007 2.78346e+007 2.78346e+007 2.78346e+007 2.78346e+007 0 0 0 0 0 0 0 0 0 0 0 0 0 0 0 0 0 0 0 0 0 0 0 0 0
#obs cpue bio
 4.02816e+006 3.17361e+006 3.96543e+006 2.71811e+006 2.64441e+006 2.29222e+006 2.36056e+006 1.3323e+006 1.9395e+006 1.90541e+006 2.18216e+006 1.24143e+006 1.01044e+006 1.07268e+006 804302 718337 634062 598719 622978 615497 645046 578774 496522 498858 619958 356482 571609 605988 401447 439417 547612 499783 577383 762740 692390 594276 612194 618475 590280 736735 681352 730367 593515 602301 562372 583431 748513 501015 744636 802665 726125
#pred surv len freq
 0.00423201 0.00692818 0.0105367 0.0150818 0.0204871 0.0264937 0.0326349 0.0383521 0.0432012 0.0469896 0.0497569 0.0516613 0.0528802 0.0535693 0.0538603 0.053879 0.0537665 0.0536731 0.0536817 0.0536579 0.0531107 0.0512302 0.04721 0.0407464 0.0323793
 0.00453078 0.00733836 0.011017 0.0155541 0.0208667 0.0267332 0.032751 0.0384135 0.043283 0.047125 0.0499221 0.051803 0.0529648 0.0536169 0.0539415 0.0540741 0.0541093 0.054108 0.0540595 0.053781 0.0528155 0.0504682 0.0460819 0.0394645 0.0311771
 0.0046077 0.0075141 0.0113692 0.0161706 0.0218053 0.0279694 0.0341492 0.0397556 0.0443515 0.0477932 0.0501902 0.0517627 0.05273 0.0532761 0.0535543 0.0536899 0.0537703 0.0538241 0.0537776 0.0533842 0.0521715 0.0495059 0.0448478 0.0381157 0.0299138
 0.00477133 0.00776319 0.0117175 0.0166325 0.022408 0.0287615 0.0351891 0.0410732 0.0458975 0.0494132 0.0516547 0.0528485 0.0533051 0.0533357 0.0531946 0.0530487 0.0529744 0.0529572 0.0528644 0.0523916 0.0510361 0.0481883 0.043384 0.0366271 0.0285626
 0.00496656 0.00808118 0.0121959 0.0173035 0.0232895 0.0298472 0.036444 0.0424427 0.0473263 0.050855 0.0530579 0.0541271 0.0543282 0.0539585 0.0533162 0.052656 0.052141 0.0518005 0.0514927 0.050871 0.0493949 0.046452 0.041616 0.0349415 0.0270945
 0.0051892 0.00844393 0.0127437 0.0180795 0.0243276 0.031159 0.0380042 0.0441815 0.0491378 0.0526195 0.0546672 0.0554981 0.0553968 0.0546626 0.0535856 0.0524264 0.0513835 0.0505449 0.0498219 0.0488951 0.047228 0.0442097 0.0394263 0.0329458 0.0254221
 0.00543911 0.00884805 0.0133483 0.0189276 0.0254523 0.0325728 0.0396858 0.0460688 0.0511319 0.054599 0.0565053 0.0570781 0.0566236 0.0554661 0.0539159 0.0522443 0.0506598 0.0492727 0.0480354 0.0466814 0.0447248 0.0415923 0.0368892 0.0306755 0.023562
 0.00566079 0.00922162 0.013935 0.0197926 0.0266515 0.0341314 0.0415772 0.048208 0.053389 0.0568256 0.0585588 0.0588352 0.0579848 0.0563563 0.054282 0.0520512 0.0498864 0.0479135 0.0461139 0.0442696 0.0419594 0.0386732 0.0340538 0.0281523 0.0215172
 0.00588711 0.00959028 0.0144926 0.0205867 0.0277261 0.0355171 0.0432766 0.0501824 0.0555543 0.059058 0.0607102 0.0607537 0.0595353 0.0574336 0.0548147 0.051996 0.0492198 0.0466302 0.0442351 0.0418629 0.0391589 0.0356853 0.0311331 0.0255483 0.0194118
 0.00619962 0.0100874 0.0152207 0.0215823 0.0290112 0.0370906 0.0451057 0.052199 0.0576627 0.0611503 0.0626782 0.0624928 0.0609452 0.0584215 0.055301 0.05192 0.0485425 0.0453359 0.0423394 0.0394293 0.0363192 0.0326472 0.0281572 0.0228934 0.0172677
 0.00649486 0.0105654 0.0159361 0.0225834 0.0303297 0.0387263 0.0470113 0.0542774 0.0597836 0.063179 0.0645 0.0640229 0.0621239 0.0592028 0.055642 0.0517765 0.0478716 0.0441062 0.0405477 0.0371222 0.0336143 0.0297404 0.0253002 0.0203391 0.015203
 0.00676815 0.0110104 0.0166071 0.0235318 0.0315944 0.040318 0.0488956 0.0563664 0.0619457 0.0652618 0.0663578 0.0655382 0.0632186 0.0598377 0.0558056 0.0514675 0.0470857 0.0428342 0.0387893 0.0349127 0.0310519 0.0269987 0.0226093 0.017934 0.0132594
 0.00694236 0.0113137 0.0171011 0.0242865 0.0326733 0.0417545 0.0506686 0.058392 0.0640891 0.0673641 0.0682628 0.0671119 0.0643612 0.0604899 0.0559469 0.0511065 0.0462449 0.0415383 0.0370656 0.0328077 0.0286569 0.0244653 0.0201387 0.0157335 0.0114844
 0.0072133 0.0117466 0.0177394 0.025169 0.0338308 0.0432019 0.0523926 0.0603385 0.0661585 0.0694183 0.0701434 0.0686655 0.0654643 0.0610658 0.0559698 0.0505924 0.0452359 0.0400877 0.0352318 0.0306613 0.0262971 0.0220333 0.0178105 0.0136857 0.00984643
 0.00753488 0.0122576 0.0184859 0.0261848 0.0351295 0.0447677 0.0541701 0.0622328 0.0680503 0.0711868 0.0716829 0.0698892 0.0663017 0.0614619 0.0558906 0.0500312 0.0442146 0.038652 0.0334463 0.0286083 0.0240829 0.0197929 0.0156994 0.0118521 0.00839352
 0.00780728 0.0127043 0.0191646 0.0271487 0.0364142 0.04637 0.0560294 0.0642276 0.070019 0.0729646 0.0731352 0.0709296 0.066891 0.0615966 0.0555874 0.0493159 0.0431187 0.0372155 0.0317234 0.0266735 0.0220358 0.0177573 0.013811 0.0102339 0.0071255
 0.00780942 0.0127223 0.0192203 0.0272762 0.0366576 0.0467767 0.0566393 0.0650604 0.0710622 0.0741649 0.0744007 0.0721436 0.0679354 0.0623735 0.0560316 0.0493956 0.0428296 0.0365752 0.0307697 0.0254676 0.0206648 0.0163318 0.0124521 0.0090503 0.00618915
 0.00789358 0.0128629 0.0194391 0.0275963 0.0370993 0.0473513 0.0573424 0.0658696 0.0719403 0.0750664 0.0752758 0.0729395 0.0685965 0.062845 0.0562662 0.0493609 0.0425122 0.0359821 0.0299282 0.0244264 0.0194956 0.0151262 0.0113105 0.00806198 0.00541174
 0.0080105 0.0130482 0.0197091 0.0279633 0.0375701 0.0479239 0.0580023 0.0665878 0.0726755 0.0757719 0.0759077 0.073462 0.068984 0.0630794 0.0563332 0.0492476 0.0422082 0.0354844 0.0292475 0.023593 0.0185618 0.0141635 0.0103989 0.00727357 0.00479262
 0.00795929 0.0129633 0.0195795 0.0277806 0.037334 0.0476499 0.0577269 0.0663665 0.0725715 0.0758381 0.07617 0.0739106 0.0695745 0.0637428 0.0569895 0.0498195 0.0426315 0.035715 0.0292656 0.0234063 0.018206 0.013698 0.00989595 0.00680213 0.00440294
 0.00788788 0.0128479 0.0194072 0.0275401 0.0370186 0.0472619 0.0572837 0.0659048 0.0721463 0.0755154 0.0760144 0.0739695 0.0698637 0.0642385 0.0576309 0.0505211 0.0433011 0.0362709 0.0296507 0.0235953 0.0182081 0.0135526 0.00966171 0.00654148 0.00416644
 0.00789909 0.0128631 0.0194238 0.0275528 0.0370187 0.0472379 0.0572228 0.0657957 0.0719841 0.0753078 0.0757859 0.0737611 0.069725 0.0642136 0.0577425 0.0507596 0.0436242 0.0366147 0.0299478 0.0237935 0.0182835 0.0135127 0.00953944 0.00638136 0.00400938
 0.00796769 0.0129551 0.0195262 0.0276414 0.0370652 0.04722 0.0571328 0.0656422 0.0717859 0.0750867 0.075562 0.0735535 0.0695544 0.064104 0.0577175 0.0508333 0.0437921 0.0368489 0.0302019 0.0240165 0.0184359 0.0135786 0.00952832 0.0063202 0.00392962
 0.00808292 0.0131269 0.0197549 0.0279141 0.0373554 0.0474906 0.0573404 0.0657451 0.0717568 0.0749231 0.0752895 0.0732176 0.0692062 0.0637878 0.0574656 0.0506661 0.0437176 0.0368604 0.0302767 0.0241199 0.0185311 0.0136387 0.00954407 0.00629934 0.00388926
 0.00808693 0.0131298 0.0197524 0.0278996 0.0373211 0.0474295 0.0572481 0.0656211 0.0716044 0.07475 0.0751086 0.0730465 0.0690656 0.0636973 0.0574393 0.0507096 0.0438278 0.0370257 0.030478 0.0243316 0.0187255 0.0137931 0.00964723 0.00635372 0.00390749
 0.00806783 0.0131078 0.0197356 0.0278999 0.0373497 0.0474898 0.0573311 0.0657057 0.0716645 0.0747634 0.0750645 0.0729477 0.0689272 0.0635425 0.0572945 0.050599 0.0437682 0.0370236 0.0305281 0.0244186 0.0188279 0.0138895 0.0097221 0.00640106 0.00393033
 0.00806526 0.0130964 0.0197057 0.0278405 0.0372537 0.047361 0.0571881 0.065578 0.07158 0.0747357 0.0750865 0.0729972 0.0689786 0.0635786 0.0573116 0.0506059 0.0437796 0.0370536 0.0305839 0.0244981 0.0189208 0.0139811 0.00979939 0.00645677 0.00396419
 0.00813496 0.0131975 0.0198349 0.0279851 0.0373935 0.0474726 0.0572502 0.065577 0.0715154 0.0746223 0.0749501 0.0728648 0.0688673 0.0634915 0.0572416 0.0505448 0.043725 0.03701 0.0305588 0.0244961 0.0189403 0.0140145 0.00983641 0.00648876 0.00398675
 0.00817142 0.0132515 0.0199058 0.028068 0.0374789 0.0475473 0.0572985 0.0655838 0.0714704 0.0745251 0.0748133 0.072712 0.0687261 0.0633842 0.0571784 0.0505224 0.0437323 0.0370349 0.0305933 0.0245368 0.0189855 0.0140613 0.00988027 0.00652519 0.0040132
 0.00817539 0.0132598 0.0199214 0.0280942 0.0375178 0.0475974 0.0573532 0.0656316 0.0714977 0.0745201 0.0747707 0.0726349 0.0686267 0.0632803 0.0570888 0.050461 0.043704 0.0370363 0.0306162 0.0245724 0.0190265 0.0141027 0.00991814 0.0065565 0.00403638
 0.00801642 0.0130217 0.0196015 0.0277047 0.0370838 0.0471527 0.0569363 0.0652818 0.0712499 0.0743976 0.0747792 0.0727621 0.0688471 0.0635635 0.0574064 0.0507907 0.04403 0.037347 0.0309018 0.0248245 0.0192391 0.0142728 0.0100465 0.00664719 0.00409584
 0.00782897 0.0127278 0.0191807 0.0271486 0.0364019 0.0463781 0.0561301 0.0645284 0.0706401 0.0740054 0.0746431 0.0728805 0.0691849 0.0640657 0.0580108 0.051439 0.044674 0.0379513 0.0314432 0.0252892 0.0196204 0.0145704 0.0102658 0.00679856 0.0041928
 0.00778075 0.0126462 0.0190519 0.0269577 0.0361355 0.0460302 0.0557079 0.064056 0.0701582 0.0735649 0.0742966 0.0726714 0.0691388 0.0641845 0.0582738 0.0518091 0.0451066 0.0384031 0.0318779 0.0256804 0.0199518 0.0148348 0.0104636 0.00693653 0.00428188
 0.00771947 0.012543 0.01889 0.0267194 0.0358064 0.0456053 0.0551984 0.0634918 0.0695845 0.0730354 0.0738645 0.0723829 0.0690263 0.0642616 0.0585325 0.0522196 0.0456233 0.0389722 0.0324473 0.0262066 0.0204047 0.0151987 0.0107363 0.00712625 0.00440379
 0.0077073 0.0125108 0.0188185 0.0265825 0.0355771 0.0452655 0.054748 0.0629534 0.069 0.0724585 0.0733521 0.0719867 0.0687875 0.0642052 0.0586645 0.0525258 0.0460705 0.0395126 0.0330259 0.0267698 0.0209087 0.0156153 0.0110545 0.00735045 0.00454889
 0.00774981 0.0125768 0.0189106 0.026698 0.0357043 0.0453808 0.0548158 0.0629321 0.0688555 0.0721787 0.0729557 0.0715214 0.0683176 0.0637973 0.058373 0.0523847 0.0460888 0.0396746 0.0332954 0.027099 0.0212482 0.0159243 0.0113069 0.00753688 0.00467364
 0.00772434 0.0125386 0.0188595 0.0266361 0.035636 0.0453112 0.0547488 0.0628675 0.0687865 0.0720914 0.0728339 0.0713553 0.0681128 0.0635781 0.0581782 0.0522563 0.0460594 0.0397577 0.0334817 0.027359 0.0215411 0.0162087 0.0115511 0.00772424 0.00480268
 0.00768309 0.01247 0.0187536 0.0264841 0.0354333 0.0450625 0.0544714 0.0625906 0.0685435 0.0719097 0.0727254 0.071314 0.0681196 0.0636117 0.0582259 0.0523199 0.0461534 0.0398994 0.0336801 0.0276075 0.0218173 0.0164816 0.0117918 0.00791402 0.00493667
 0.00769429 0.01249 0.0187865 0.026533 0.0354979 0.0451357 0.0545379 0.0626301 0.0685379 0.0718512 0.0726201 0.0711784 0.0679729 0.0634682 0.0580938 0.0522049 0.0460633 0.0398465 0.0336768 0.0276593 0.0219176 0.0166119 0.0119279 0.00803466 0.00502938
 0.00761171 0.012358 0.018593 0.0262705 0.0351671 0.0447506 0.0541284 0.0622391 0.0682112 0.0716242 0.0725094 0.0711817 0.068075 0.0636477 0.0583274 0.0524702 0.0463415 0.0401249 0.0339494 0.0279238 0.0221706 0.0168458 0.0121316 0.00819833 0.00514881
 0.00754726 0.012255 0.0184412 0.0260614 0.0348958 0.0444183 0.0537466 0.0618317 0.0678141 0.0712795 0.0722572 0.0710507 0.0680763 0.0637733 0.0585544 0.0527678 0.0466784 0.0404742 0.0342912 0.0282451 0.0224625 0.0171013 0.0123445 0.00836439 0.00526815
 0.00752051 0.0122143 0.0183848 0.0259889 0.0348067 0.0443108 0.0536172 0.0616764 0.0676313 0.0710739 0.0720423 0.0708494 0.0679165 0.063681 0.0585459 0.052845 0.0468292 0.0406776 0.0345231 0.0284838 0.0226907 0.0173063 0.0125174 0.00850028 0.0053666
 0.00761831 0.0123555 0.0185644 0.0261907 0.035008 0.0444891 0.0537552 0.0617627 0.0676572 0.0710315 0.0719263 0.0706616 0.0676706 0.063404 0.0582735 0.0526125 0.0466619 0.0405855 0.0345012 0.0285168 0.0227591 0.017391 0.0126028 0.00857537 0.00542532
 0.00778186 0.0126014 0.0188963 0.0265965 0.0354603 0.0449485 0.0541744 0.062093 0.0678582 0.0710814 0.0718267 0.0704329 0.0673438 0.0630129 0.0578521 0.0521953 0.0462818 0.0402691 0.0342639 0.0283599 0.0226723 0.0173569 0.0126024 0.00859176 0.0054463
 0.00775115 0.0125782 0.0189097 0.0266873 0.0356672 0.0452874 0.0546224 0.0625885 0.0683194 0.0714332 0.0720214 0.0704578 0.0672152 0.0627647 0.057525 0.0518294 0.0459137 0.0399303 0.0339783 0.0281414 0.0225231 0.0172686 0.0125599 0.00857852 0.00544804
 0.00764486 0.0124159 0.0186872 0.0264133 0.0353675 0.0450071 0.0544225 0.0625312 0.0684442 0.0717344 0.0724427 0.070911 0.0676125 0.0630469 0.0576722 0.0518552 0.0458513 0.0398188 0.0338535 0.0280304 0.0224415 0.0172205 0.0125405 0.00857815 0.00545676
 0.00769566 0.0124805 0.0187515 0.0264536 0.0353583 0.0449331 0.0542897 0.0623705 0.0683045 0.0716676 0.0724845 0.0710651 0.0678459 0.0633004 0.0578826 0.0519775 0.0458717 0.0397523 0.0337328 0.0278917 0.0223141 0.0171214 0.0124745 0.00854092 0.0054397
 0.0077274 0.012538 0.0188474 0.0265995 0.0355572 0.0451704 0.0545291 0.0625615 0.0684026 0.0716557 0.0723834 0.0709243 0.0677195 0.063222 0.0578527 0.0519695 0.0458493 0.03969 0.0336258 0.0277547 0.0221712 0.0169948 0.0123772 0.0084755 0.00540122
 0.00763564 0.0123917 0.0186338 0.0263121 0.035201 0.0447674 0.0541197 0.0621981 0.0681332 0.0715074 0.0723574 0.071004 0.0678861 0.0634626 0.0581569 0.0523196 0.0462153 0.0400343 0.033916 0.0279738 0.0223206 0.0170886 0.0124334 0.00850917 0.00542203
 0.00770362 0.0124895 0.0187569 0.0264469 0.035327 0.0448618 0.0541633 0.06218 0.0680544 0.0713815 0.0722067 0.0708523 0.0677519 0.0633576 0.0580881 0.052291 0.0462257 0.0400745 0.0339692 0.028022 0.0223516 0.0171001 0.0124308 0.00850041 0.00541327
 0.00765478 0.0124332 0.018714 0.0264486 0.0354034 0.0450255 0.0543969 0.0624374 0.0682772 0.0715213 0.072241 0.070788 0.0676172 0.0631888 0.0579183 0.0521439 0.0461143 0.0400015 0.033929 0.0280033 0.0223422 0.0170913 0.0124195 0.00848772 0.00540185
#obs surv len freq
 nan nan nan nan nan nan nan nan nan nan nan nan nan nan nan nan nan nan nan nan nan nan nan nan nan
 0.00448328 0.00734382 0.0111728 0.0159881 0.0216877 0.0279623 0.0342757 0.0400069 0.0446869 0.0481518 0.0505112 0.0520087 0.0529026 0.0534165 0.053732 0.0539879 0.0542672 0.0545603 0.0546994 0.0542914 0.0527294 0.0493612 0.0438105 0.0362898 0.0276726
 0.00461951 0.00756659 0.0115101 0.0164656 0.0223226 0.0287534 0.0351938 0.0409922 0.0456578 0.0490204 0.0512006 0.052464 0.0530965 0.0533489 0.0534257 0.0534805 0.0536025 0.0537813 0.0538451 0.053399 0.0518378 0.0485138 0.0430523 0.0356591 0.0271906
 0.0047785 0.00782816 0.0119096 0.0170378 0.023095 0.0297348 0.0363627 0.0422912 0.0469994 0.0503015 0.0523178 0.0533269 0.0536368 0.0535273 0.053235 0.0529436 0.0527651 0.0527033 0.0525931 0.0520432 0.0504536 0.0471819 0.0418525 0.0346575 0.0264237
 0.00497255 0.00814407 0.012386 0.0177115 0.0239944 0.0308698 0.0377129 0.0438007 0.0485824 0.051855 0.0537356 0.0545083 0.0544933 0.0539893 0.053258 0.0525141 0.0519027 0.0514583 0.0510417 0.0502837 0.0486018 0.0453653 0.0401973 0.0332665 0.0253547
 0.00518298 0.00848959 0.0129123 0.0184632 0.0250063 0.032153 0.0392414 0.0455067 0.0503667 0.053606 0.0553455 0.0558812 0.0555453 0.0546474 0.0534626 0.0522237 0.0511025 0.050168 0.049322 0.0482383 0.0463747 0.0431285 0.0381269 0.0315092 0.0239959
 0.00540795 0.00885948 0.0134768 0.0192717 0.0260983 0.0335439 0.0409065 0.0473754 0.0523314 0.0555424 0.0571324 0.0574126 0.0567341 0.0554238 0.0537703 0.0520181 0.0503536 0.0488711 0.0475128 0.0460074 0.0438737 0.0405591 0.0357084 0.029432 0.0223768
 0.00564461 0.00924645 0.0140636 0.0201064 0.0272194 0.0349662 0.0426069 0.0492863 0.054349 0.0575452 0.0589988 0.059033 0.0580156 0.056291 0.0541637 0.0518909 0.0496712 0.0476171 0.045705 0.043719 0.041249 0.0378093 0.0330787 0.0271454 0.0205782
 0.00589908 0.00966093 0.0146889 0.0209904 0.028398 0.0364497 0.0443651 0.0512438 0.0563959 0.0595579 0.0608596 0.06064 0.0592845 0.0571531 0.0545629 0.0517809 0.0490146 0.0463913 0.0439165 0.0414265 0.0385849 0.0349817 0.030342 0.024741 0.0186708
 0.0061408 0.0100597 0.0152998 0.0218679 0.029585 0.0379597 0.0461651 0.053249 0.0584833 0.0615919 0.0627152 0.062215 0.0605018 0.0579563 0.0549094 0.0516359 0.048348 0.0451811 0.0421633 0.0391779 0.0359591 0.0321755 0.0276051 0.0223184 0.0167357
 0.00637541 0.0104434 0.0158817 0.022696 0.0306977 0.0393723 0.0478542 0.0551459 0.0604808 0.0635628 0.0645325 0.0637671 0.0617004 0.0587393 0.0552368 0.0514823 0.0476952 0.0440167 0.0404913 0.0370405 0.0334619 0.0294984 0.024982 0.0199841 0.0148615
 0.00660469 0.0108192 0.0164529 0.0235096 0.0317896 0.0407525 0.0494923 0.0569665 0.0623754 0.0654106 0.0662199 0.0651975 0.0627969 0.0594439 0.0555095 0.0512979 0.0470394 0.0428847 0.0388938 0.0350204 0.0311163 0.0269903 0.0225245 0.0177937 0.013098
 0.00683119 0.0111921 0.0170224 0.0243249 0.0328884 0.0421442 0.0511424 0.0587915 0.0642552 0.0672136 0.0678258 0.0665113 0.0637522 0.0599999 0.0556443 0.0510021 0.0463104 0.0417264 0.037323 0.0330817 0.0289008 0.0246453 0.0202407 0.0157643 0.0114659
 0.00708309 0.011602 0.0176398 0.0251953 0.034044 0.043589 0.0528367 0.060647 0.0661465 0.0690019 0.0693835 0.0677376 0.0645802 0.0603957 0.0556019 0.0505332 0.0454353 0.0404688 0.0357135 0.0311708 0.0267751 0.0224374 0.0181179 0.013894 0.00996989
 0.00727979 0.0119309 0.0181517 0.025942 0.0350669 0.0449007 0.0544033 0.0623833 0.0679298 0.070697 0.0708663 0.0689093 0.0653719 0.0607693 0.0555465 0.0500607 0.0445724 0.0392514 0.0341855 0.0293909 0.0248292 0.0204452 0.0162237 0.0122388 0.00865352
 0.00743659 0.0121854 0.0185346 0.0264835 0.035793 0.0458265 0.0555233 0.0636636 0.0693072 0.0720848 0.072165 0.0700196 0.0662078 0.0612673 0.0556711 0.0498027 0.0439449 0.0382841 0.0329233 0.0278958 0.0231857 0.0187631 0.0146289 0.0108498 0.00755234
 0.00752665 0.0123354 0.018767 0.0268218 0.0362575 0.0464275 0.0562552 0.0645033 0.0702184 0.0730249 0.0730886 0.0708768 0.0669421 0.0618181 0.0559809 0.0498271 0.0436601 0.0376907 0.0320469 0.0267872 0.0219217 0.017443 0.013364 0.00974259 0.00667249
 0.00760267 0.012451 0.0189267 0.0270264 0.0365065 0.0467227 0.0566017 0.0649071 0.0706824 0.0735444 0.0736489 0.0714535 0.0675013 0.0623174 0.0563704 0.0500542 0.0436774 0.0374664 0.031574 0.0260897 0.0210556 0.0164916 0.0124241 0.00890457 0.00599921
 0.00765466 0.0125324 0.0190431 0.0271801 0.0366955 0.0469397 0.056835 0.0651439 0.0709143 0.0737731 0.0738858 0.0717125 0.0677891 0.0626245 0.0566692 0.0503014 0.0438222 0.037461 0.031386 0.0257134 0.0205185 0.0158522 0.0117603 0.00829371 0.00549845
 0.00772163 0.0126317 0.0191746 0.0273377 0.0368689 0.0471179 0.0570081 0.0653042 0.0710561 0.0738937 0.0739875 0.071804 0.0678835 0.0627341 0.0567971 0.0504351 0.0439324 0.0375072 0.0313283 0.0255268 0.0202044 0.015442 0.0113083 0.00786093 0.00513397
 0.00776508 0.0127012 0.0192766 0.027476 0.0370423 0.0473174 0.0572162 0.0654969 0.0712106 0.0739958 0.074037 0.0718125 0.0678696 0.0627168 0.0567907 0.050445 0.0439512 0.0375141 0.0312938 0.0254233 0.0200186 0.0151836 0.0110086 0.00756233 0.00487492
 0.0078274 0.0127955 0.0194057 0.027638 0.0372312 0.047525 0.0574315 0.0657062 0.0713967 0.0741405 0.074125 0.0718367 0.0678336 0.0626352 0.0566842 0.0503336 0.0438476 0.0374189 0.0311958 0.0253048 0.019865 0.0149925 0.0107937 0.00734832 0.00468738
 0.00786207 0.01285 0.0194841 0.027742 0.0373597 0.0476724 0.0575878 0.0658581 0.0715307 0.0742467 0.0741979 0.0718745 0.0678364 0.0626046 0.0566248 0.0502539 0.0437576 0.0373265 0.0311023 0.025205 0.019751 0.0148605 0.0106487 0.00720366 0.00455902
 0.00787749 0.0128739 0.0195179 0.0277864 0.0374147 0.0477375 0.0576616 0.0659378 0.0716121 0.0743241 0.0742656 0.0719275 0.0678713 0.0626193 0.0566189 0.0502283 0.0437152 0.0372714 0.0310381 0.0251326 0.0196694 0.0147692 0.0105507 0.00710662 0.00447251
 0.00789953 0.0129039 0.0195521 0.0278182 0.0374364 0.047744 0.057653 0.0659199 0.0715942 0.0743154 0.0742722 0.0719506 0.0679078 0.0626625 0.0566608 0.0502619 0.0437355 0.037276 0.0310267 0.0251063 0.0196296 0.0147179 0.0104919 0.00704627 0.00441739
 0.00790022 0.0129054 0.019555 0.0278223 0.0374404 0.0477444 0.0576448 0.0658979 0.0715568 0.0742674 0.0742243 0.0719164 0.0678978 0.0626807 0.0567034 0.0503192 0.043796 0.0373293 0.0310658 0.0251275 0.0196325 0.0147047 0.0104669 0.00701505 0.00438601
 0.0078988 0.0128986 0.0195367 0.0277849 0.0373772 0.0476539 0.0575331 0.0657782 0.071445 0.0741769 0.0741635 0.0718889 0.0679049 0.062722 0.0567763 0.0504172 0.0439087 0.037444 0.0311701 0.0252123 0.019693 0.0147408 0.010482 0.00701522 0.00437793
 0.00789801 0.0128925 0.0195186 0.0277453 0.0373062 0.0475444 0.0573851 0.065601 0.0712563 0.0739997 0.0740214 0.0718003 0.0678792 0.062759 0.0568677 0.0505499 0.0440671 0.0376121 0.0313325 0.0253558 0.0198088 0.0148252 0.0105367 0.00704566 0.00439147
 0.00787462 0.0128565 0.0194678 0.0276785 0.0372223 0.0474423 0.0572636 0.0654604 0.071101 0.0738399 0.0738726 0.0716818 0.0678093 0.0627499 0.0569223 0.0506617 0.0442219 0.0377915 0.0315172 0.0255288 0.0199569 0.0149411 0.0106189 0.00709812 0.0044211
 0.00788515 0.0128656 0.0194671 0.0276556 0.0371652 0.0473445 0.0571285 0.0653012 0.0709353 0.0736838 0.0737372 0.0715742 0.0677353 0.0627161 0.0569352 0.050724 0.0443301 0.0379351 0.0316804 0.0256936 0.0201073 0.0150656 0.0107125 0.0071617 0.00445987
 0.0078414 0.0128016 0.0193833 0.0275561 0.0370548 0.0472256 0.0569999 0.0651603 0.0707834 0.0735299 0.0735976 0.0714674 0.0676757 0.0627106 0.0569834 0.0508209 0.0444683 0.0381043 0.0318675 0.0258832 0.0202835 0.0152156 0.0108291 0.00724406 0.0045125
 0.00783956 0.0127911 0.0193541 0.0274958 0.0369529 0.0470804 0.0568224 0.0649723 0.0706088 0.0733858 0.0734904 0.0713959 0.0676379 0.0627071 0.057017 0.0508936 0.0445783 0.0382455 0.0320296 0.026053 0.0204467 0.0153595 0.0109449 0.00732873 0.00456849
 0.0077947 0.0127216 0.0192559 0.0273663 0.036791 0.0468863 0.0565988 0.0647277 0.0703602 0.0731582 0.0733114 0.0712882 0.067612 0.06276 0.0571361 0.0510628 0.0447824 0.038471 0.0322639 0.0262829 0.020659 0.0155426 0.0110911 0.00743589 0.00464007
 0.00777733 0.0126893 0.0191998 0.0272766 0.0366595 0.0467111 0.0563874 0.0644965 0.0701299 0.072948 0.0731371 0.0711621 0.0675443 0.0627581 0.0572018 0.0511904 0.0449592 0.0386809 0.0324896 0.0265081 0.0208691 0.0157254 0.0112386 0.00754542 0.00471428
 0.00775589 0.0126546 0.0191476 0.0272023 0.0365588 0.0465803 0.0562256 0.0643073 0.0699235 0.0727408 0.0729489 0.0710125 0.0674485 0.0627252 0.0572345 0.0512856 0.0451089 0.0388718 0.0327052 0.0267302 0.0210803 0.0159114 0.01139 0.00765867 0.00479168
 0.00770409 0.0125721 0.019027 0.0270386 0.0363509 0.0463333 0.0559525 0.0640283 0.069662 0.0725182 0.0727813 0.0709096 0.0674152 0.0627625 0.0573397 0.0514522 0.0453263 0.0391258 0.0329786 0.0270043 0.0213367 0.0161348 0.0115703 0.0077928 0.004883
 0.00767123 0.0125163 0.0189388 0.0269081 0.0361705 0.0461018 0.0556787 0.0637319 0.0693701 0.0722591 0.0725786 0.0707787 0.067363 0.0627885 0.0574385 0.0516148 0.0455411 0.0393788 0.0332534 0.0272822 0.0215992 0.0163655 0.0117582 0.0079335 0.00497938
 0.00766813 0.0125107 0.0189291 0.0268913 0.036142 0.0460547 0.0556048 0.0636241 0.069226 0.0720844 0.0723878 0.070593 0.0672055 0.0626786 0.0573883 0.0516289 0.0456166 0.039507 0.0334208 0.0274722 0.0217933 0.0165461 0.0119116 0.00805228 0.00506287
 0.00763997 0.0124675 0.0188689 0.0268141 0.0360499 0.0459512 0.0554949 0.0635127 0.0691169 0.0719795 0.0722876 0.0704991 0.067123 0.062617 0.0573594 0.0516429 0.0456789 0.0396163 0.0335689 0.0276453 0.0219743 0.0167178 0.0120598 0.0081686 0.00514556
 0.00761537 0.0124287 0.0188129 0.0267393 0.0359566 0.0458427 0.0553776 0.0633962 0.0690112 0.0718921 0.0722218 0.0704535 0.0670939 0.0626015 0.0573586 0.0516615 0.0457239 0.0396927 0.0336768 0.0277784 0.0221205 0.0168623 0.0121887 0.00827235 0.00522088
 0.00760239 0.0124082 0.0187832 0.0266992 0.0359054 0.0457808 0.0553067 0.0633195 0.0689337 0.0718196 0.0721594 0.0704049 0.0670605 0.0625829 0.0573534 0.0516697 0.0457475 0.0397356 0.0337419 0.0278648 0.0222224 0.0169692 0.0122889 0.00835642 0.00528392
 0.00757371 0.0123628 0.0187171 0.0266101 0.0357933 0.0456492 0.0551634 0.0631766 0.0688048 0.0717169 0.0720912 0.0703744 0.0670662 0.0626202 0.0574158 0.0517503 0.0458408 0.039838 0.0338518 0.0279805 0.0223404 0.0170834 0.0123915 0.00844079 0.00534674
 0.00756171 0.0123413 0.0186812 0.0265541 0.0357124 0.0455417 0.0550331 0.0630329 0.0686614 0.0715885 0.0719907 0.0703104 0.0670428 0.0626365 0.057467 0.0518293 0.0459395 0.039949 0.0339691 0.0280995 0.0224566 0.0171918 0.0124867 0.00851821 0.00540424
 0.00755381 0.012333 0.0186766 0.026559 0.0357313 0.0455741 0.055071 0.0630624 0.0686677 0.0715622 0.0719315 0.0702276 0.0669509 0.062551 0.0574002 0.0517882 0.045926 0.0399609 0.0340019 0.0281476 0.022514 0.0172525 0.0125447 0.00856836 0.00544334
 0.00752683 0.0122906 0.0186159 0.0264794 0.0356359 0.045471 0.0549731 0.0629844 0.0686207 0.0715488 0.0719443 0.0702533 0.0669776 0.0625731 0.0574195 0.0518111 0.045959 0.0400075 0.0340619 0.0282174 0.0225882 0.0173249 0.0126098 0.00862209 0.00548378
 0.00750584 0.0122556 0.018562 0.0264017 0.0355313 0.0453406 0.0548244 0.0628317 0.0684835 0.071446 0.0718895 0.0702504 0.06702 0.062647 0.0575096 0.0519061 0.0460535 0.040101 0.0341553 0.0283105 0.0226785 0.0174082 0.0126818 0.0086797 0.00552602
 0.00753453 0.012298 0.0186177 0.0264668 0.0355987 0.0454006 0.054866 0.0628451 0.0684619 0.0713896 0.0718063 0.0701547 0.0669277 0.0625705 0.0574548 0.0518723 0.0460366 0.0400972 0.0341621 0.0283269 0.0227031 0.0174382 0.0127132 0.00870842 0.00554926
 0.00751188 0.0122688 0.0185874 0.0264449 0.0355951 0.0454207 0.0549073 0.0628964 0.0685079 0.0714164 0.0718057 0.0701268 0.0668801 0.062515 0.0574037 0.0518347 0.0460166 0.0400941 0.0341728 0.0283475 0.02273 0.0174682 0.0127429 0.00873487 0.00557035
 0.00750585 0.0122555 0.0185617 0.0264013 0.0355311 0.0453407 0.0548246 0.0628299 0.0684746 0.0714228 0.0718448 0.0701815 0.066932 0.0625524 0.0574243 0.0518437 0.0460225 0.040104 0.0341903 0.0283724 0.02276 0.0174998 0.0127729 0.00876069 0.00559043
 0.00750592 0.0122565 0.0185644 0.0264062 0.035537 0.0453441 0.0548197 0.0628117 0.0684423 0.0713826 0.0718082 0.0701596 0.066929 0.0625641 0.0574413 0.0518577 0.04603 0.0401069 0.0341931 0.0283791 0.0227719 0.0175159 0.0127907 0.00877748 0.00560428
 0.00750592 0.0122565 0.0185644 0.0264062 0.035537 0.0453441 0.0548197 0.0628117 0.0684423 0.0713826 0.0718082 0.0701596 0.066929 0.0625641 0.0574413 0.0518577 0.04603 0.0401069 0.0341931 0.0283791 0.0227719 0.0175159 0.0127907 0.00877748 0.00560428
#pred catch len freq
 0.00309331 0.00502076 0.0075751 0.0108013 0.0147437 0.0194004 0.0246633 0.0303034 0.0360146 0.0414735 0.0463853 0.0505223 0.0537571 0.0560757 0.057564 0.0583875 0.0587732 0.05897 0.0591437 0.0592011 0.0586366 0.0565772 0.0521439 0.0450071 0.0357658
 0.00331868 0.00533225 0.00794462 0.0111745 0.0150624 0.0196341 0.0248273 0.0304477 0.0361873 0.0416853 0.0466019 0.0506929 0.0538584 0.0561409 0.0576755 0.0586331 0.0591872 0.0594884 0.0596 0.0593761 0.0583488 0.0557719 0.0509311 0.0436195 0.0344603
 0.00341252 0.00551502 0.00827107 0.0117025 0.0158251 0.0206054 0.0259039 0.0314718 0.0370079 0.0422202 0.0468595 0.05074 0.0537692 0.0559681 0.0574578 0.0584141 0.0590121 0.05937 0.059481 0.0591275 0.0578221 0.0548838 0.0497259 0.0422637 0.0331699
 0.00356654 0.00575082 0.00860358 0.0121484 0.0164143 0.0213881 0.0269382 0.0327858 0.0385507 0.0438375 0.0483243 0.0518328 0.054361 0.0560547 0.0571331 0.0578126 0.0582582 0.0585456 0.0586078 0.0581653 0.0566978 0.0535498 0.0482169 0.0407094 0.0317468
 0.00375582 0.0060533 0.0090486 0.0127589 0.0172029 0.0223533 0.0280646 0.0340502 0.0399305 0.0453075 0.0498327 0.0532725 0.0555674 0.056849 0.057391 0.0575123 0.0574768 0.0574104 0.0572362 0.056628 0.0550225 0.05176 0.0463773 0.0389413 0.0301967
 0.00396956 0.00639582 0.00955601 0.0134645 0.0181346 0.0235271 0.0294738 0.0356555 0.041659 0.0470634 0.0515152 0.0547882 0.0568295 0.0577657 0.0578618 0.0574478 0.0568336 0.0562152 0.0555782 0.0546274 0.0528027 0.0494439 0.0441001 0.0368534 0.0284379
 0.00421934 0.00679319 0.0101392 0.0142668 0.019183 0.0248382 0.0310446 0.0374535 0.0436169 0.0490808 0.0534682 0.0565454 0.0582695 0.0587895 0.0583929 0.0574261 0.0562149 0.0549849 0.0537709 0.0523381 0.0501821 0.046683 0.0414101 0.034437 0.0264519
 0.00444663 0.00716579 0.0107067 0.01508 0.0202874 0.0262621 0.0327842 0.0394628 0.0458081 0.0513349 0.0556481 0.0585101 0.0598867 0.0599468 0.0590044 0.0574315 0.0555764 0.0536886 0.0518388 0.0498483 0.0472844 0.0435967 0.0383951 0.0317432 0.0242624
 0.00468939 0.00755357 0.0112796 0.0158767 0.0213452 0.0276132 0.0344456 0.0414206 0.0480047 0.0536642 0.0579637 0.0606452 0.0616799 0.0612631 0.0597439 0.0575284 0.0549916 0.052408 0.0498822 0.0472893 0.0442719 0.0403602 0.0352174 0.0289019 0.0219605
 0.00498601 0.0080205 0.0119551 0.0167897 0.0225153 0.0290489 0.0361388 0.04334 0.0500922 0.0558361 0.0601137 0.0626482 0.0634003 0.0625679 0.0605171 0.0576809 0.0544655 0.0511774 0.0479604 0.0447457 0.0412532 0.0370976 0.0320013 0.0260209 0.0196273
 0.00528218 0.00849232 0.0126479 0.0177409 0.0237503 0.030574 0.0379299 0.0453369 0.0522026 0.0579494 0.0621164 0.0644348 0.0648771 0.0636511 0.0611301 0.0577525 0.0539336 0.0499991 0.0461287 0.042312 0.0383502 0.0339455 0.0288831 0.0232214 0.0173581
 0.00557175 0.00895478 0.0133296 0.0186826 0.0249834 0.0321127 0.0397588 0.0473993 0.0543985 0.0601451 0.0641639 0.0661952 0.0662402 0.0645448 0.061515 0.057607 0.0532393 0.0487378 0.0442967 0.0399484 0.0355663 0.0309384 0.0259139 0.0205572 0.0151995
 0.00581191 0.00934987 0.0139336 0.0195508 0.0261642 0.0336324 0.0416043 0.0495068 0.0566554 0.0624049 0.066266 0.0679856 0.0675912 0.0653702 0.0617741 0.0572963 0.052376 0.0473457 0.0424053 0.0376104 0.0328861 0.02809 0.0231276 0.0180704 0.0131908
 0.00610909 0.00981767 0.0146111 0.0204696 0.0273495 0.0351017 0.0433575 0.0515108 0.0588311 0.0646239 0.0683628 0.0697843 0.0689374 0.0661565 0.0619505 0.0568641 0.0513713 0.0458225 0.0404273 0.0352576 0.0302725 0.0253777 0.020519 0.0157687 0.0113456
 0.00644997 0.010352 0.0153788 0.0214957 0.0286422 0.0366489 0.0451213 0.0534239 0.0608013 0.0665442 0.0701211 0.0712685 0.070041 0.0667884 0.0620484 0.0564037 0.0503681 0.0443245 0.038507 0.03301 0.0278207 0.0228781 0.0181514 0.0137048 0.00970613
 0.00665855 0.0106948 0.015902 0.0222459 0.029659 0.0379512 0.0466915 0.0551983 0.0626734 0.0683814 0.0717864 0.0726409 0.0710285 0.067332 0.062118 0.0559922 0.0494883 0.0430101 0.036816 0.0310285 0.0256657 0.0206954 0.016101 0.0119325 0.00830864
 0.00673541 0.010824 0.0161062 0.0225533 0.0301031 0.0385675 0.0475093 0.0562287 0.063897 0.0697395 0.0731826 0.0739543 0.0721363 0.0681314 0.0625393 0.0560008 0.049079 0.0422023 0.0356527 0.0295799 0.0240325 0.0190059 0.0144955 0.0105371 0.00720639
 0.0068471 0.0110039 0.016374 0.0229278 0.0305997 0.0391957 0.0482677 0.0571019 0.0648557 0.0707424 0.0741776 0.0748794 0.0729223 0.0687084 0.0628465 0.0559959 0.0487433 0.0415421 0.0346989 0.0283892 0.0226886 0.0176157 0.0131764 0.00939352 0.00630603
 0.00688289 0.0110647 0.0164713 0.0230762 0.0308174 0.0395024 0.0486804 0.0576291 0.0654908 0.0714601 0.0749348 0.0756215 0.0735918 0.0692507 0.0632137 0.0561477 0.0486507 0.0411921 0.0341003 0.0275772 0.0217266 0.0165905 0.0121853 0.00852456 0.00561737
 0.00681221 0.0109522 0.0163075 0.0228564 0.0305464 0.0391996 0.0483845 0.0573967 0.0653868 0.0715409 0.0752313 0.0761276 0.0742624 0.0700106 0.0639717 0.0568134 0.0491475 0.041466 0.0341265 0.0273635 0.021314 0.0160484 0.0115984 0.0079738 0.0051618
 0.00676707 0.010878 0.0161941 0.0226932 0.0303235 0.0389115 0.048036 0.0570092 0.0650022 0.0712202 0.0750445 0.0761357 0.0744977 0.0704624 0.064585 0.0575009 0.0498094 0.0420113 0.0344895 0.0275142 0.0212618 0.0158372 0.0112947 0.00764857 0.00487202
 0.00675869 0.0108636 0.0161705 0.0226561 0.0302666 0.038827 0.0479152 0.0568451 0.0647939 0.0709786 0.0747967 0.0759253 0.0743769 0.0704773 0.0647582 0.0578187 0.0502212 0.042442 0.0348605 0.0277649 0.0213644 0.0158013 0.0111593 0.00746641 0.00469156
 0.00680791 0.0109282 0.0162391 0.0227084 0.0302792 0.0387815 0.0478052 0.0566776 0.0645851 0.0707476 0.0745625 0.0757079 0.0742 0.0703692 0.0647466 0.0579204 0.0504309 0.0427271 0.0351669 0.0280329 0.0215482 0.0158824 0.0111492 0.00739672 0.00459939
 0.00685415 0.0109953 0.0163243 0.0228021 0.0303647 0.0388371 0.0478079 0.0566089 0.0644379 0.0705322 0.0743058 0.0754463 0.0739692 0.0701971 0.064652 0.0579139 0.050514 0.042888 0.0353775 0.0282528 0.0217359 0.0160091 0.0112071 0.00739838 0.00456825
 0.0068653 0.0110094 0.0163381 0.0228091 0.0303564 0.0388042 0.047742 0.056504 0.0642923 0.0703502 0.0740999 0.0752376 0.0737844 0.0700628 0.0645884 0.0579312 0.050611 0.043053 0.035589 0.0284812 0.0219485 0.0161788 0.0113201 0.00745685 0.00458634
 0.00684096 0.0109782 0.0163061 0.0227865 0.0303533 0.0388252 0.0477818 0.0565476 0.0643194 0.0703424 0.0740467 0.0751393 0.0736528 0.0699187 0.0644578 0.0578388 0.0505748 0.0430795 0.0356718 0.0286025 0.0220836 0.0163029 0.0114156 0.00751746 0.00461624
 0.00684235 0.0109744 0.0162899 0.0227491 0.0302891 0.0387369 0.0476836 0.0564614 0.0642652 0.0703281 0.0740636 0.0751672 0.0736705 0.0699142 0.0644322 0.0578053 0.0505519 0.0430839 0.0357118 0.0286754 0.0221768 0.0163988 0.0114981 0.00757747 0.00465268
 0.0068793 0.0110263 0.0163526 0.0228124 0.030338 0.0387554 0.0476591 0.0563897 0.0641543 0.070198 0.073941 0.075075 0.0736183 0.069896 0.0644329 0.0578109 0.0505572 0.0430929 0.0357329 0.0287141 0.0222316 0.0164617 0.0115583 0.00762602 0.00468593
 0.00690261 0.0110604 0.0163964 0.0228615 0.0303847 0.0387891 0.0476679 0.0563621 0.0640832 0.0700851 0.0737994 0.0749277 0.073492 0.0698116 0.0643986 0.0578209 0.0505973 0.0431489 0.0357955 0.0287796 0.0222984 0.0165268 0.0116169 0.00767355 0.00471991
 0.00686707 0.0110084 0.016329 0.0227834 0.030303 0.0387113 0.047599 0.0563044 0.0640355 0.0700438 0.0737605 0.0748898 0.0734587 0.0697918 0.0644029 0.0578564 0.0506637 0.0432384 0.0358967 0.0288817 0.0223937 0.0166105 0.0116861 0.00772669 0.00475722
 0.00671086 0.0107747 0.0160151 0.0224011 0.0298763 0.0382713 0.0471808 0.0559439 0.0637662 0.0698903 0.0737335 0.0749833 0.0736529 0.0700595 0.0647162 0.0581917 0.0510031 0.0435676 0.0362035 0.0291554 0.0226262 0.0167976 0.011828 0.00782742 0.00482352
 0.00657446 0.0105608 0.0157086 0.0219949 0.029374 0.0376918 0.0465612 0.0553392 0.0632406 0.0695038 0.0735285 0.0749767 0.0738354 0.0703995 0.0651686 0.0587075 0.0515373 0.0440847 0.0366781 0.0295708 0.0229728 0.017072 0.0120327 0.00797013 0.00491577
 0.0064979 0.010438 0.0155265 0.0217419 0.0290419 0.0372784 0.0460757 0.054806 0.0627009 0.0690114 0.0731408 0.0747436 0.0737876 0.0705413 0.0654779 0.059142 0.0520456 0.044616 0.0371897 0.0300315 0.0233632 0.0173834 0.0122657 0.00813263 0.00502067
