SBPRF35
12.7214
Curr Bio
854580
B35
881082
F35
0.168775
FOFL
0.162279
OFL
112986
Bzero
3.63469e+06
#pred survey bio
 3.79375e+06 3.66899e+06 3.55908e+06 3.38558e+06 3.15098e+06 2.91509e+06 2.67007e+06 2.43313e+06 2.17222e+06 1.92739e+06 1.71639e+06 1.5239e+06 1.35314e+06 1.20381e+06 1.06092e+06 926674 816829 741514 691998 650114 630360 604737 595124 586857 577169 570484 561590 566575 564534 574778 568647 569661 581433 588644 592640 596830 607461 621355 624875 631381 647391 656717 661969 663116 670097 673551 672398 677468 677389 685193 691712 746591 791507 835820 858574 2.98362e+07 1.74796e+07 1.73864e+07 1.80046e+07 1.91455e+07 2.05317e+07 2.19444e+07 2.32477e+07 2.43761e+07 2.53118e+07 2.60649e+07 2.66586e+07 2.712e+07 2.74752e+07 2.77471e+07 2.79546e+07 2.81129e+07 2.82338e+07 2.83263e+07 2.83973e+07 2.84521e+07 2.84945e+07 2.85275e+07 2.85533e+07 2.85736e+07 2.85896e+07 2.86022e+07 2.86122e+07 2.86202e+07 2.86265e+07 2.86316e+07 2.86358e+07 2.86391e+07 2.86417e+07 2.86439e+07 2.86457e+07 2.86471e+07 2.86483e+07 2.86492e+07 2.865e+07 2.86506e+07 2.86511e+07 2.86515e+07 2.86519e+07 2.86522e+07 2.86524e+07 2.86526e+07 2.86527e+07 2.86528e+07 2.86529e+07 2.8653e+07 2.86531e+07 2.86532e+07 2.86532e+07 2.86532e+07 2.86533e+07 2.86533e+07 2.86533e+07 2.86533e+07 2.86533e+07 2.86534e+07 2.86534e+07 2.86534e+07 2.86534e+07 2.86534e+07 2.86534e+07 2.86534e+07 2.86534e+07 2.86534e+07 2.86534e+07 2.86534e+07 2.86534e+07 2.86534e+07 2.86534e+07 2.86534e+07 2.86534e+07 2.86534e+07 2.86534e+07 2.86534e+07 2.86534e+07 2.86534e+07 2.86534e+07 2.86534e+07 2.86534e+07 2.86534e+07 2.86534e+07 2.86534e+07 2.86534e+07 2.86534e+07 2.86534e+07 2.86534e+07 2.86534e+07 2.86534e+07 2.86534e+07 2.86534e+07 2.86534e+07 2.86534e+07 2.86534e+07 2.86534e+07 2.86534e+07 0 0 0 0 0 0 0 0 0 0 0 0 0 0 0 0 0 0 0 0 0 0 0 0 0
#obs survey bio
 4.45919e+06 3.45773e+06 3.85034e+06 2.86984e+06 4.54635e+06 2.47377e+06 2.78784e+06 2.33993e+06 2.31649e+06 2.09468e+06 1.29664e+06 1.43444e+06 1.40027e+06 1.38196e+06 721377 1.12276e+06 769957 621021 490941 602677 497886 579458 550242 598959 567766 574188 436896 612642 553930 547331 552159 472888 487120 758534 579342 526287 700189 798416 683813 447917 709059 827178 660371 542368 805646 549255 950291 518172 955283 587468 899049 627156 772672 845556 1.14448e+06
#pred catch bio
 101275 93679.8 159204 225989 240710 264818 274525 313297 313978 296578 290444 277919 262312 257099 247354 222332 188927 164193 154860 133185 135213 118722 115553 114454 109582 109529 96871.3 102473 91966.7 105706 99055.3 90628.4 95386.8 98122.3 97819 92761.4 90986 100489 98573.1 92273.2 99875.4 104107 107506 102307 105307 109045 103859 108731 102713 104971 66380.2 77613.5 78190.1 93848.5 111475 112986 114260 112426 114931 121482 129945 138631 146571 153329 158807 163094 166363 168805 170602 171908 172848 173519 173996 174333 174570 174736 174852 174934 174990 175030 175057 175076 175089 175098 175104 175109 175112 175114 175115 175116 175117 175117 175118 175118 175118 175118 175118 175118 175118 175118 175118 175118 175118 175118 175118 175118 175118 175118 175118 175118 175118 175118 175118 175118 175118 175118 175118 175118 175118 175118 175118 175118 175118 175118 175118 175118 175118 175118 175118 175118 175118 175118 175118 175118 175118 175118 175118 175118 175118 175118 175118 175118 175118 175118 175118 175118 175118 175118 175118 175118 175118 175118 175118 175118 175118 0 0 0 0 0 0 0 0 0 0 0 0 0 0 0 0 0 0 0 0 0 0 0 0 0
#obs catch bio
 0 93254 159372 226553 240197 264290 273526 313292 314472 296412 292923 280270 263355 257793 248880 222886 189518 166046 157473 134721 136995 119511 116370 115198 109619 109288 97061.7 102691 91915.8 105760 99173.1 90610.3 96073.4 98138.3 98026.9 93015.4 91083.8 100749 98648.9 92598.1 100349 104740 108140 102868 105301 109493 103789 109361 102898 105808 66269.3 78087.2 78530.6 94141 111619
#pred cpue bio
 3.7427e+06 3.61948e+06 3.51129e+06 3.33893e+06 3.10526e+06 2.87015e+06 2.62583e+06 2.38944e+06 2.12957e+06 1.88593e+06 1.67596e+06 1.48465e+06 1.31538e+06 1.16773e+06 1.0267e+06 894413 786354 712316 663743 622972 603989 579399 570334 562565 553450 547246 538737 543653 541774 551843 545941 546921 558344 565458 569535 573711 584093 597679 601136 607342 622719 631714 636926 638205 645170 648622 647488 652373 652207 659721 665987 719778 764477 808826 832377 2.89847e+07 1.69996e+07 1.67821e+07 1.72245e+07 1.8289e+07 1.96531e+07 2.10606e+07 2.23628e+07 2.34909e+07 2.44265e+07 2.51796e+07 2.57733e+07 2.62347e+07 2.65899e+07 2.68618e+07 2.70694e+07 2.72277e+07 2.73485e+07 2.7441e+07 2.75121e+07 2.75668e+07 2.76093e+07 2.76423e+07 2.7668e+07 2.76883e+07 2.77043e+07 2.77169e+07 2.77269e+07 2.77349e+07 2.77413e+07 2.77464e+07 2.77505e+07 2.77538e+07 2.77565e+07 2.77586e+07 2.77604e+07 2.77618e+07 2.7763e+07 2.77639e+07 2.77647e+07 2.77653e+07 2.77658e+07 2.77663e+07 2.77666e+07 2.77669e+07 2.77671e+07 2.77673e+07 2.77674e+07 2.77676e+07 2.77677e+07 2.77678e+07 2.77678e+07 2.77679e+07 2.77679e+07 2.7768e+07 2.7768e+07 2.7768e+07 2.7768e+07 2.77681e+07 2.77681e+07 2.77681e+07 2.77681e+07 2.77681e+07 2.77681e+07 2.77681e+07 2.77681e+07 2.77681e+07 2.77681e+07 2.77681e+07 2.77681e+07 2.77681e+07 2.77681e+07 2.77681e+07 2.77681e+07 2.77681e+07 2.77681e+07 2.77681e+07 2.77681e+07 2.77681e+07 2.77681e+07 2.77681e+07 2.77681e+07 2.77681e+07 2.77681e+07 2.77681e+07 2.77681e+07 2.77681e+07 2.77681e+07 2.77681e+07 2.77681e+07 2.77681e+07 2.77681e+07 2.77681e+07 2.77681e+07 2.77681e+07 2.77681e+07 2.77681e+07 2.77681e+07 2.77681e+07 2.77681e+07 0 0 0 0 0 0 0 0 0 0 0 0 0 0 0 0 0 0 0 0 0 0 0 0 0
#obs cpue bio
 3.08148e+06 3.14804e+06 3.55061e+06 3.33117e+06 3.27216e+06 3.56042e+06 2.64747e+06 1.91639e+06 1.61347e+06 1.94506e+06 1.05988e+06 1.4689e+06 1.57390e+06 1.09343e+06 1.20414e+06 843560 731547 451969 599112 609365 687881 658060 556308 536356 775516 709654 431149 590250 521256 690204 481342 649308 383953 743866 492437 557054 529053 468016 594165 554868 553158 413624 631435 653687 865614 576962 589969 538691 537299 608269 478125 634417 644139 1.17191e+06 925981
#pred surv len freq
 0.0052372 0.00838405 0.0123977 0.0171937 0.0226327 0.0284685 0.0343046 0.0396657 0.0441662 0.047639 0.050128 0.0517906 0.0528069 0.0533378 0.0535167 0.0534583 0.0532716 0.0530541 0.0528304 0.0524338 0.0514029 0.0490339 0.0446734 0.0381461 0.0300262
 0.00530848 0.00844542 0.0123935 0.0170494 0.0222882 0.0279223 0.0336411 0.0390373 0.0437318 0.0474935 0.050268 0.0521354 0.0532565 0.0538272 0.0540371 0.0540381 0.0539324 0.0537664 0.0534948 0.0529025 0.0515391 0.0487795 0.044085 0.0373749 0.0292521
 0.0055132 0.0087521 0.0128024 0.0175331 0.022787 0.0283462 0.033885 0.0390139 0.0434165 0.0469541 0.0496512 0.0516076 0.0529335 0.0537397 0.0541493 0.0542929 0.0542829 0.0541714 0.0538926 0.0531965 0.0516192 0.0485733 0.0436038 0.0367183 0.0285642
 0.00568776 0.00904249 0.0132504 0.0181778 0.0236509 0.0294147 0.0350857 0.0402123 0.0444387 0.0476348 0.0498902 0.0514088 0.0524043 0.0530466 0.0534524 0.0536951 0.0538159 0.0538109 0.0535785 0.0528479 0.0511533 0.0479366 0.0428055 0.0358379 0.0277207
 0.00593584 0.00943029 0.0138066 0.018923 0.0245988 0.0305714 0.0364411 0.0417249 0.0460198 0.0491437 0.0511499 0.0522457 0.0527019 0.0527896 0.0527329 0.0526748 0.052663 0.0526443 0.0524442 0.0517302 0.0500092 0.0467382 0.0415726 0.0346435 0.0266644
 0.00623433 0.00989512 0.0144684 0.0197974 0.0256863 0.0318568 0.0378922 0.0432915 0.0476366 0.0507334 0.05262 0.0534822 0.0535731 0.0531713 0.0525506 0.0519386 0.0514693 0.0511401 0.0507732 0.0499938 0.0482632 0.0450199 0.039933 0.0331596 0.0254199
 0.00655357 0.0103997 0.0152008 0.0207874 0.0269459 0.0333732 0.0396193 0.0451483 0.0495185 0.0525321 0.0542393 0.0548406 0.0545945 0.0537747 0.052653 0.0514771 0.0504315 0.0495831 0.0488153 0.047784 0.0459503 0.0427396 0.0378098 0.0313063 0.0239224
 0.0068284 0.0108413 0.0158563 0.0216983 0.0281418 0.0348615 0.0413723 0.0470964 0.0515559 0.0545335 0.0560797 0.0564097 0.0558028 0.0545512 0.0529376 0.0512163 0.0495878 0.0481549 0.046859 0.0454205 0.0433527 0.040108 0.035342 0.0291689 0.0222231
 0.00714771 0.0113483 0.0165974 0.0227106 0.0294491 0.0364671 0.0432487 0.0491779 0.0537413 0.0566986 0.0580927 0.0581451 0.0571519 0.0554282 0.0532799 0.0509798 0.0487433 0.0466948 0.044815 0.042886 0.0404937 0.03715 0.0325334 0.0267282 0.0202912
 0.00753461 0.0119499 0.0174525 0.0238391 0.0308527 0.0381293 0.0451312 0.0512164 0.0558479 0.0587702 0.0600216 0.0598261 0.0584866 0.0563291 0.0536736 0.050809 0.047968 0.0452975 0.0428141 0.0403576 0.0375899 0.0340972 0.0295982 0.0241575 0.0182503
 0.00782795 0.0124249 0.0181634 0.024834 0.0321628 0.0397542 0.0470242 0.0532829 0.0579626 0.0608047 0.0618662 0.0613963 0.0597169 0.057163 0.0540571 0.0506892 0.0472971 0.0440427 0.0409751 0.03799 0.0348266 0.0311512 0.0267326 0.0216256 0.0162287
 0.00804649 0.0127828 0.0187078 0.0256127 0.0332182 0.0411105 0.0486722 0.0551687 0.059988 0.0628403 0.0637718 0.0630431 0.0610042 0.0580244 0.0544536 0.0505956 0.0466907 0.0429033 0.0392998 0.0358198 0.0322728 0.0284042 0.0240382 0.0192277 0.0143032
 0.00828272 0.0131534 0.0192418 0.0263313 0.0341351 0.0422323 0.0499934 0.0566655 0.0616132 0.0645226 0.0654188 0.0645482 0.0622589 0.0589327 0.0549432 0.0506207 0.0462265 0.0419394 0.0378432 0.0339109 0.0300088 0.0259516 0.0216159 0.0170583 0.0125516
 0.00856043 0.0135856 0.0198562 0.0271409 0.0351373 0.0434076 0.0513038 0.0580554 0.0630176 0.0658784 0.066672 0.0656522 0.0631668 0.0595914 0.0552954 0.0506113 0.045811 0.0410909 0.0365593 0.0322258 0.0280086 0.0237822 0.0194691 0.0151304 0.0109903
 0.00884168 0.0140359 0.0205202 0.0280535 0.0363143 0.0448335 0.0529196 0.0597581 0.0646775 0.0673689 0.0678963 0.0665556 0.0637329 0.0598279 0.0552162 0.050223 0.045108 0.0400613 0.035199 0.030558 0.0261021 0.0217597 0.0174941 0.0133709 0.00957185
 0.00912959 0.0144938 0.0211907 0.02897 0.0374955 0.0462743 0.0545789 0.0615514 0.0664816 0.06904 0.0692948 0.0675709 0.0643011 0.0599378 0.0549 0.0495361 0.0441065 0.038788 0.0336851 0.028839 0.0242388 0.019852 0.0156739 0.0117735 0.00829656
 0.00944708 0.014982 0.0218741 0.0298546 0.0385717 0.0475203 0.0559604 0.0630175 0.0679623 0.0704488 0.0705357 0.0685478 0.0649308 0.0601644 0.0547054 0.0489414 0.0431618 0.0375564 0.0322303 0.0272237 0.0225345 0.0181491 0.0140801 0.010394 0.0072057
 0.0096131 0.0152481 0.0222671 0.0303959 0.0392725 0.0483747 0.05694 0.0640721 0.0690303 0.0714706 0.0714612 0.0693335 0.065533 0.0605352 0.0547993 0.048727 0.0426328 0.0367353 0.0311641 0.0259772 0.0211865 0.0167903 0.012807 0.00929438 0.00633844
 0.00960179 0.0152423 0.0222824 0.0304567 0.0394091 0.0486161 0.0573064 0.0645683 0.069643 0.0721688 0.0722006 0.0700633 0.0662013 0.0610924 0.0551976 0.0489218 0.0425886 0.0364348 0.0306164 0.025221 0.020287 0.0158316 0.0118799 0.00847936 0.00568938
 0.00962839 0.0152787 0.0223253 0.0305012 0.0394528 0.0486656 0.0573803 0.0646949 0.0698511 0.0724761 0.072605 0.0705413 0.0667124 0.061587 0.0556242 0.0492316 0.0427393 0.0363952 0.0303736 0.0247875 0.0197041 0.015165 0.0112072 0.00787291 0.00519932
 0.00956216 0.0151721 0.0221672 0.0302829 0.0391708 0.0483267 0.0570064 0.0643259 0.0695418 0.0722871 0.0725889 0.0707282 0.0670998 0.0621369 0.0562699 0.0498912 0.0433302 0.0368478 0.0306409 0.0248521 0.0195818 0.0149015 0.0108675 0.00752459 0.00489564
 0.00963882 0.0152812 0.0223022 0.0304264 0.0392979 0.0484105 0.0570247 0.0642658 0.0694041 0.0720894 0.0723666 0.0705299 0.0669761 0.0621256 0.0563829 0.050108 0.0436029 0.037113 0.0308371 0.0249359 0.0195383 0.0147471 0.0106426 0.00727928 0.00467366
 0.00961312 0.0152394 0.0222391 0.0303366 0.0391766 0.0482545 0.0568341 0.064046 0.0691665 0.0718518 0.0721524 0.0703666 0.0668923 0.0621463 0.0565222 0.0503625 0.0439462 0.0374978 0.0312045 0.0252307 0.0197243 0.0148169 0.0106162 0.00719407 0.00456919
 0.00952674 0.0151132 0.0220754 0.0301464 0.0389756 0.0480573 0.0566497 0.0638774 0.0690135 0.0717147 0.0720348 0.0702768 0.0668435 0.0621547 0.0566038 0.050527 0.0441908 0.0378021 0.0315315 0.0255348 0.019965 0.0149709 0.0106841 0.00719603 0.00453442
 0.00952504 0.0150997 0.0220358 0.0300626 0.0388323 0.0478517 0.0563976 0.0636113 0.0687708 0.071524 0.0719076 0.0702095 0.066826 0.0621796 0.0566707 0.0506411 0.0443567 0.0380169 0.0317793 0.0257879 0.0201908 0.0151432 0.0107918 0.0072453 0.00454284
 0.00960067 0.0152028 0.0221536 0.0301692 0.0388939 0.0478359 0.0562843 0.063399 0.0684795 0.0711921 0.0715835 0.0699384 0.0666382 0.062085 0.0566628 0.0507058 0.0444799 0.038186 0.0319805 0.0260023 0.020395 0.0153148 0.0109166 0.00732129 0.00457908
 0.0096699 0.0153136 0.0223158 0.0303876 0.0391628 0.048134 0.0565712 0.0636208 0.0685833 0.0711451 0.0713864 0.069626 0.0662673 0.0617163 0.0563447 0.0504664 0.0443275 0.038115 0.031977 0.0260478 0.0204681 0.0153941 0.0109847 0.00736896 0.00460552
 0.00959287 0.0151958 0.0221533 0.0301837 0.0389296 0.0478924 0.0563491 0.0634471 0.0684776 0.0711089 0.0714019 0.0696658 0.0663092 0.0617539 0.0563881 0.0505333 0.0444325 0.0382621 0.0321588 0.026248 0.020667 0.0155728 0.0111295 0.0074739 0.0046729
 0.00963823 0.0152572 0.0222229 0.0302462 0.0389667 0.0478892 0.0563006 0.0633603 0.0683695 0.0710002 0.0713095 0.0695968 0.0662592 0.061712 0.0563455 0.0504906 0.0443999 0.0382536 0.0321839 0.0263067 0.0207496 0.0156642 0.0112146 0.00754223 0.00472062
 0.00955065 0.0151253 0.0220434 0.0300225 0.0387066 0.0476025 0.0559982 0.063056 0.0680829 0.0707573 0.0711392 0.0695238 0.0662954 0.0618513 0.0565649 0.0507584 0.0446862 0.0385376 0.0324547 0.026559 0.0209784 0.0158627 0.0113762 0.00766352 0.00480336
 0.00962903 0.0152426 0.022201 0.0302143 0.03892 0.0478201 0.056199 0.0632161 0.0681778 0.0707667 0.0710542 0.0693522 0.066062 0.0615923 0.0563169 0.0505484 0.044527 0.0384297 0.032392 0.0265335 0.0209816 0.0158857 0.0114091 0.00769729 0.0048316
 0.00969995 0.0153439 0.0223275 0.0303524 0.0390516 0.0479288 0.0562748 0.0632567 0.0681856 0.0707446 0.0710032 0.0692716 0.0659523 0.0614585 0.0561711 0.0504079 0.044409 0.0383459 0.0323458 0.0265211 0.0209951 0.0159152 0.0114452 0.00773213 0.00486014
 0.00952396 0.0150933 0.0220159 0.0300139 0.0387299 0.0476607 0.0560782 0.0631302 0.0681181 0.0707271 0.0710335 0.0693508 0.0660787 0.0616233 0.0563598 0.0506055 0.0446049 0.0385351 0.0325265 0.0266915 0.0211511 0.0160517 0.0115576 0.00781806 0.00492051
 0.0094409 0.0149559 0.0218064 0.0297188 0.0383488 0.0472153 0.0556176 0.0627218 0.0678266 0.0705899 0.07105 0.0694903 0.0662994 0.0618885 0.0566443 0.050893 0.0448845 0.0387985 0.0327683 0.026908 0.0213399 0.0162103 0.0116842 0.0079128 0.00498607
 0.00947214 0.0149931 0.0218366 0.02972 0.0382933 0.0470783 0.0553865 0.0624047 0.0674559 0.070219 0.0707398 0.0692911 0.0662343 0.0619497 0.0568014 0.0511084 0.0451251 0.039041 0.0329979 0.027116 0.021521 0.0163614 0.011804 0.00800188 0.00504751
 0.00949191 0.0150251 0.0218835 0.0297819 0.0383648 0.0471455 0.0554254 0.0623858 0.0673537 0.0700249 0.0704711 0.0689898 0.065956 0.0617452 0.0567007 0.0511139 0.0452168 0.0391881 0.03317 0.0272894 0.0216801 0.0164973 0.0119126 0.00808286 0.00510339
 0.00945376 0.0149653 0.0217983 0.0296701 0.0382292 0.0469937 0.0552695 0.0622391 0.0672254 0.0699153 0.0703726 0.0688944 0.0658647 0.0616725 0.0566707 0.0511491 0.0453264 0.0393632 0.0333874 0.0275204 0.021899 0.0166863 0.0120628 0.00819298 0.00517777
 0.00939461 0.0148727 0.0216656 0.029494 0.0380105 0.0467388 0.0549921 0.0619608 0.0669726 0.0697136 0.0702398 0.0688358 0.0658735 0.0617357 0.0567769 0.0512935 0.0455097 0.0395849 0.0336395 0.0277856 0.0221549 0.0169124 0.0122455 0.00832814 0.00526912
 0.00952114 0.0150536 0.0218916 0.0297401 0.0382417 0.0469208 0.0550997 0.0619816 0.0669067 0.0695711 0.0700389 0.0686001 0.0656278 0.0615018 0.0565707 0.0511261 0.0453887 0.0395156 0.0336233 0.0278169 0.0222208 0.016995 0.0123278 0.00839786 0.00532074
 0.0096011 0.0151805 0.0220757 0.0299858 0.0385434 0.0472577 0.0554339 0.0622629 0.0670862 0.069617 0.0699469 0.0683919 0.0653412 0.0611783 0.0562471 0.0508297 0.0451378 0.0393208 0.0334884 0.0277398 0.022193 0.0170029 0.0123556 0.00843148 0.00535062
 0.0094659 0.0149899 0.0218433 0.0297438 0.0383349 0.0471231 0.0553984 0.0623299 0.0672367 0.0698155 0.0701499 0.0685604 0.0654509 0.0612253 0.0562446 0.0508004 0.0451044 0.0393007 0.0334916 0.0277688 0.0222438 0.017067 0.0124223 0.0084911 0.00539723
 0.00933311 0.0147907 0.0215757 0.0294197 0.0379806 0.0467773 0.0551083 0.0621434 0.0671905 0.0699208 0.0703854 0.0688767 0.065787 0.0615268 0.0564782 0.0509578 0.0451983 0.0393543 0.0335283 0.0278055 0.0222884 0.0171191 0.0124765 0.00854055 0.00543684
 0.00926605 0.0146826 0.021415 0.0291979 0.0376953 0.0464374 0.0547386 0.0617852 0.0668951 0.0697375 0.0703476 0.0689915 0.0660316 0.0618543 0.0568316 0.0512864 0.0454703 0.0395608 0.0336783 0.0279162 0.0223759 0.0171932 0.0125404 0.00859356 0.0054774
 0.00924428 0.0146475 0.0213626 0.0291234 0.0375933 0.046302 0.0545654 0.0615752 0.0666593 0.0694994 0.070142 0.0688567 0.0659974 0.0619312 0.057005 0.0515214 0.0457237 0.0397953 0.0338723 0.0280649 0.0224861 0.0172754 0.0126029 0.00864117 0.0055123
 0.00925635 0.014655 0.0213516 0.0290739 0.0374852 0.0461232 0.0543192 0.0612808 0.0663455 0.0691973 0.0698794 0.068658 0.0658844 0.0619209 0.0571038 0.0517195 0.0459938 0.0400987 0.0341701 0.0283283 0.0227006 0.0174395 0.0127225 0.0087246 0.00556773
 0.00925445 0.014658 0.0213663 0.029108 0.0375413 0.0461933 0.0543808 0.0613021 0.0662977 0.0690679 0.0696792 0.0684171 0.0656425 0.0617165 0.0569674 0.0516687 0.0460304 0.0402085 0.0343265 0.0285005 0.0228623 0.0175743 0.0128249 0.00879655 0.00561488
 0.00931974 0.0147527 0.0214881 0.0292483 0.0376891 0.0463395 0.0545203 0.06143 0.0664036 0.0691323 0.0696774 0.0683307 0.0654706 0.0614804 0.056705 0.0514231 0.0458369 0.0400862 0.0342758 0.0285065 0.0229027 0.0176274 0.0128752 0.00883626 0.0056425
 0.00931856 0.0147538 0.021495 0.0292653 0.0377192 0.046382 0.0545696 0.0614779 0.0664429 0.0691596 0.0696922 0.0683308 0.0654493 0.0614298 0.056623 0.0513191 0.0457313 0.0400025 0.0342308 0.0285044 0.022935 0.0176786 0.0129295 0.00888288 0.00567669
 0.00936446 0.0148229 0.0215889 0.029382 0.0378544 0.0465297 0.054723 0.0616281 0.066578 0.0692656 0.0697559 0.0683433 0.065408 0.0613377 0.0564873 0.0511504 0.0455448 0.0398176 0.0340681 0.0283793 0.0228534 0.0176359 0.0129147 0.00888352 0.00568311
 0.00936599 0.0148235 0.0215863 0.0293733 0.037837 0.0465032 0.0546907 0.0615971 0.0665575 0.0692642 0.0697777 0.0683859 0.0654628 0.0613919 0.0565282 0.0511692 0.0455388 0.0397914 0.0340318 0.0283453 0.0228313 0.0176295 0.0129216 0.00889753 0.00569814
 0.00923158 0.0146364 0.0213624 0.0291464 0.0376481 0.0463848 0.054654 0.0616312 0.0666387 0.0693688 0.0698903 0.0685004 0.0655781 0.0615064 0.0566373 0.0512654 0.045615 0.039844 0.0340626 0.028361 0.0228404 0.0176388 0.0129339 0.00891196 0.0057121
 0.00872228 0.0138534 0.0202709 0.0277514 0.0360012 0.0445874 0.0528574 0.0600222 0.0654038 0.068647 0.0697394 0.068893 0.0664239 0.0626831 0.0580158 0.0527261 0.0470566 0.0411886 0.035257 0.0293757 0.0236657 0.0182804 0.013408 0.00924249 0.00592725
 0.00842998 0.013383 0.0195725 0.0267839 0.0347425 0.0430513 0.0511114 0.0581953 0.0636741 0.0672095 0.0687659 0.0684968 0.0666375 0.0634568 0.0592344 0.0542388 0.0487071 0.0428377 0.0367956 0.0307288 0.0247917 0.0191666 0.0140657 0.00969985 0.00622318
 0.00790219 0.0126006 0.0185336 0.0255312 0.0333441 0.0415721 0.0495973 0.0566796 0.0622006 0.0658542 0.0676432 0.0677429 0.0663772 0.0637659 0.0601132 0.0556069 0.0504213 0.0447237 0.0386823 0.0324738 0.0262965 0.0203799 0.0149793 0.0103401 0.00663835
 0.00726766 0.0116416 0.0172275 0.0239101 0.0314905 0.0396057 0.0476598 0.0549159 0.0607311 0.064749 0.0669173 0.0673816 0.0663734 0.0641401 0.0609016 0.0568253 0.0520309 0.0466194 0.0407084 0.0344589 0.0280895 0.0218772 0.0161355 0.0111639 0.00717805
#obs surv len freq
 nan nan nan nan nan nan nan nan nan nan nan nan nan nan nan nan nan nan nan nan nan nan nan nan nan
 0.00448031 0.00733968 0.0111679 0.015983 0.0216835 0.0279596 0.0342749 0.0400076 0.0446888 0.0481543 0.0505138 0.0520111 0.0529048 0.0534184 0.0537336 0.0539892 0.0542683 0.0545614 0.0547004 0.0542924 0.0527303 0.0493621 0.0438112 0.0362904 0.027673
 0.00461308 0.00755673 0.0114964 0.0164483 0.0223025 0.0287319 0.0351731 0.0409746 0.0456454 0.0490144 0.0512009 0.0524696 0.0531056 0.05336 0.0534377 0.0534928 0.0536148 0.0537936 0.0538574 0.0534111 0.0518495 0.0485247 0.043062 0.0356672 0.0271967
 0.00478778 0.00784061 0.0119234 0.0170499 0.0231017 0.0297334 0.0363529 0.042275 0.0469804 0.0502835 0.0523037 0.0533182 0.0536333 0.053528 0.0532383 0.052948 0.0527698 0.0527077 0.052597 0.0520467 0.0504567 0.0471846 0.0418549 0.0346594 0.0264251
 0.00497365 0.00814854 0.0123975 0.0177344 0.0240319 0.0309215 0.037773 0.0438593 0.0486284 0.0518812 0.0537404 0.0544957 0.05447 0.0539613 0.0532295 0.0524867 0.0518765 0.0514326 0.0510161 0.0502581 0.0485765 0.0453414 0.0401759 0.0332487 0.0253411
 0.00518915 0.00849851 0.0129239 0.0184773 0.0250235 0.0321753 0.039272 0.0455486 0.0504194 0.0536643 0.0554 0.0559214 0.0555645 0.0546445 0.0534417 0.0521911 0.0510639 0.0501272 0.0492807 0.0481973 0.0463348 0.0430911 0.0380936 0.0314815 0.0239747
 0.00540821 0.00885942 0.0134758 0.0192688 0.0260926 0.0335346 0.0408942 0.0473624 0.0523218 0.0555415 0.057144 0.057437 0.0567667 0.055457 0.0537963 0.0520325 0.0503563 0.0488649 0.0475013 0.0459935 0.0438593 0.0405452 0.0356959 0.0294216 0.0223688
 0.00564917 0.00925204 0.0140687 0.0201083 0.0272152 0.0349536 0.0425854 0.0492575 0.0543163 0.0575133 0.0589734 0.0590191 0.0580165 0.0563069 0.0541904 0.0519219 0.0496998 0.0476392 0.0457194 0.0437271 0.0412529 0.0378109 0.0330792 0.0271455 0.0205781
 0.00588615 0.00964221 0.0146649 0.0209626 0.0283685 0.0364196 0.0443339 0.0512102 0.056359 0.0595188 0.0608222 0.0606097 0.0592672 0.0571533 0.0545818 0.0518161 0.0490607 0.0464416 0.0439651 0.04147 0.0386218 0.0350124 0.0303668 0.0247604 0.0186851
 0.00612795 0.0100369 0.0152622 0.0218104 0.0295045 0.0378575 0.0460485 0.0531308 0.0583776 0.0615095 0.0626611 0.0621891 0.0605014 0.057979 0.0549536 0.0516998 0.0484283 0.0452727 0.0422598 0.0392729 0.0360475 0.0322537 0.0276708 0.0223704 0.0167742
 0.00638902 0.0104653 0.015914 0.0227394 0.0307507 0.0394293 0.0479057 0.0551802 0.0604884 0.0635401 0.0644836 0.0637016 0.0616297 0.0586726 0.0551808 0.051441 0.0476703 0.0440079 0.040496 0.0370543 0.0334799 0.0295165 0.0249976 0.0199962 0.01487
 0.00662504 0.0108537 0.0165074 0.0235899 0.0319 0.0408923 0.0496536 0.0571336 0.0625266 0.0655241 0.066279 0.0651949 0.0627367 0.0593393 0.0553784 0.0511582 0.0469053 0.0427651 0.0387928 0.0349379 0.0310501 0.0269375 0.0224827 0.0177614 0.0130743
 0.00681742 0.0111708 0.0169927 0.0242875 0.0328466 0.0421048 0.051115 0.0587868 0.0642813 0.067271 0.0679061 0.0665984 0.0638278 0.0600497 0.0556625 0.0509917 0.046281 0.0416893 0.0372877 0.0330538 0.0288819 0.0246343 0.0202351 0.0157618 0.0114649
 0.00703751 0.0115282 0.0175297 0.0250427 0.033847 0.0433536 0.0525799 0.0603964 0.0659355 0.0688615 0.0693335 0.0677816 0.0647052 0.0605764 0.0558081 0.050738 0.0456211 0.040629 0.0358494 0.031287 0.0268761 0.022525 0.0181916 0.0139527 0.0100132
 0.00728631 0.0119329 0.0181387 0.0258991 0.0349782 0.0447558 0.0542031 0.062142 0.067673 0.0704564 0.0706737 0.0687904 0.0653412 0.0608267 0.0556779 0.0502412 0.0447743 0.039451 0.0343676 0.0295491 0.0249628 0.0205557 0.0163126 0.0123072 0.00870295
 0.00743895 0.0121937 0.0185544 0.0265206 0.0358492 0.0458944 0.0555839 0.0636901 0.0692749 0.071983 0.0720036 0.0698269 0.0660209 0.0611206 0.0555867 0.0497864 0.0439873 0.0383666 0.0330246 0.0279985 0.0232789 0.0188415 0.0146914 0.010897 0.00758584
 0.00749767 0.0122916 0.0187076 0.0267496 0.0361789 0.0463525 0.0561957 0.0644686 0.0702104 0.0730346 0.0730983 0.0708688 0.066909 0.0617673 0.0559316 0.0498011 0.0436719 0.0377427 0.0321302 0.0268868 0.0220224 0.0175336 0.0134384 0.00979888 0.00671194
 0.00758666 0.0124228 0.0188806 0.0269565 0.0364091 0.0465996 0.0564627 0.0647703 0.0705691 0.0734723 0.0736257 0.0714736 0.0675492 0.0623744 0.0564239 0.050102 0.0437264 0.0375261 0.0316497 0.0261791 0.0211506 0.0165818 0.0125014 0.00896461 0.00604169
 0.007671 0.0125563 0.0190737 0.0272143 0.0367274 0.0469616 0.0568382 0.0651214 0.0708641 0.0737003 0.0738026 0.0716344 0.0677286 0.0625864 0.0566507 0.0502959 0.0438247 0.0374709 0.0314058 0.0257452 0.0205607 0.0158996 0.0118062 0.00833248 0.00552745
 0.00769963 0.012601 0.0191379 0.0273004 0.0368373 0.0470962 0.0569964 0.065298 0.0710486 0.0738783 0.0739616 0.0717702 0.067849 0.0627079 0.0567862 0.0504418 0.0439544 0.0375402 0.0313684 0.0255716 0.020252 0.0154898 0.0113526 0.00789821 0.00516215
 0.00775437 0.0126826 0.0192469 0.0274324 0.0369842 0.0472488 0.0571459 0.0654373 0.0711726 0.0739839 0.0740472 0.071835 0.0678939 0.0627371 0.056807 0.0504613 0.0439721 0.037542 0.0313286 0.025463 0.0200605 0.0152247 0.0110461 0.0075937 0.00489876
 0.00779551 0.0127462 0.019336 0.027547 0.0371201 0.0473972 0.0572939 0.0655696 0.0712755 0.0740504 0.0740787 0.0718399 0.067883 0.0627193 0.0567882 0.0504442 0.0439559 0.037521 0.0312903 0.0253911 0.0199421 0.015059 0.0108482 0.00739034 0.00471742
 0.00784422 0.012817 0.0194272 0.0276516 0.0372283 0.0474993 0.057383 0.0656416 0.0713285 0.0740831 0.0740909 0.0718332 0.0678619 0.0626902 0.0567576 0.0504168 0.0439328 0.0374989 0.0312617 0.0253454 0.01987 0.0149573 0.0107239 0.00725884 0.0045968
 0.00788923 0.0128907 0.0195382 0.0278065 0.0374279 0.0477344 0.0576317 0.0658724 0.0715088 0.0741899 0.0741172 0.0717875 0.0677617 0.0625555 0.0566068 0.0502646 0.0437893 0.0373689 0.0311447 0.0252365 0.0197627 0.0148473 0.0106122 0.00715188 0.00450351
 0.0078811 0.0128796 0.0195258 0.0277966 0.0374266 0.0477496 0.0576714 0.0659414 0.0716051 0.074303 0.0742295 0.07188 0.0678204 0.0625761 0.0565937 0.0502276 0.043739 0.0373137 0.031089 0.0251807 0.0197047 0.0147854 0.010547 0.00708744 0.00444568
 0.00787463 0.0128622 0.0194877 0.0277254 0.0373126 0.0475925 0.0574853 0.0657547 0.0714529 0.074216 0.0742237 0.0719529 0.0679533 0.0627411 0.0567634 0.0503814 0.0438664 0.0374123 0.0311607 0.0252285 0.0197311 0.0147926 0.0105384 0.00706823 0.00442216
 0.00786886 0.0128493 0.0194614 0.027677 0.0372321 0.0474711 0.0573198 0.0655509 0.0712285 0.0739996 0.0740504 0.0718547 0.0679488 0.0628296 0.0569251 0.0505855 0.0440809 0.0376118 0.03133 0.0253614 0.0198274 0.0148557 0.0105737 0.00708286 0.00442362
 0.00789115 0.0128802 0.0194977 0.0277117 0.0372553 0.047472 0.0572885 0.0654806 0.0711169 0.0738515 0.0738795 0.0716836 0.0678057 0.0627406 0.056906 0.0506361 0.0441859 0.0377469 0.03147 0.025487 0.0199274 0.0149269 0.0106186 0.00710681 0.00443336
 0.00787317 0.0128535 0.0194621 0.0276684 0.0372055 0.0474163 0.0572257 0.0654085 0.0710338 0.0737577 0.073779 0.071584 0.0677186 0.06268 0.056886 0.0506664 0.0442673 0.0378696 0.0316156 0.0256343 0.0200585 0.0150309 0.0106923 0.00715349 0.00445939
 0.0078688 0.0128426 0.0194389 0.0276257 0.0371378 0.0473225 0.0571124 0.0652883 0.0709212 0.0736636 0.0737077 0.0715342 0.0676871 0.0626658 0.0568918 0.0506978 0.0443295 0.037963 0.0317337 0.025764 0.0201842 0.0151392 0.0107755 0.00721056 0.00449424
 0.00783968 0.0127965 0.0193716 0.0275342 0.03702 0.0471788 0.0569466 0.0651097 0.0707445 0.0735074 0.0735901 0.0714685 0.0676777 0.0627081 0.0569757 0.0508123 0.0444656 0.0381146 0.0318947 0.0259261 0.0203369 0.0152717 0.0108805 0.0072858 0.00454278
 0.00782221 0.0127648 0.019318 0.0274499 0.0368981 0.0470175 0.0567528 0.0648987 0.0705368 0.0733236 0.0734471 0.0713781 0.0676466 0.0627375 0.0570607 0.0509428 0.0446284 0.038296 0.0320823 0.0261092 0.0205055 0.0154171 0.0109966 0.0073707 0.00459912
 0.00778875 0.0127095 0.0192333 0.0273281 0.0367331 0.0468081 0.0565049 0.0646275 0.0702654 0.0730786 0.0732543 0.0712572 0.0676085 0.0627831 0.0571823 0.051126 0.0448551 0.0385466 0.0323382 0.0263538 0.0207254 0.0156027 0.0111427 0.00747698 0.00466994
 0.0077677 0.0126746 0.0191792 0.0272494 0.0366249 0.0466674 0.0563328 0.0644301 0.0700536 0.0728677 0.073062 0.0711024 0.0675083 0.0627503 0.0572221 0.0512351 0.0450223 0.0387549 0.0325675 0.0265841 0.0209392 0.0157869 0.0112897 0.00758509 0.00474274
 0.00772124 0.0126006 0.0190709 0.0271018 0.0364365 0.0464417 0.0560801 0.0641675 0.069802 0.0726477 0.07289 0.0709892 0.0674604 0.0627704 0.0573101 0.051387 0.045229 0.0390022 0.0328367 0.0268545 0.021191 0.0160044 0.0114634 0.00771287 0.0048288
 0.00771015 0.0125769 0.0190249 0.0270213 0.03631 0.0462637 0.0558555 0.0639124 0.0695403 0.072405 0.0726881 0.0708437 0.0673799 0.062758 0.0573644 0.0515032 0.0453995 0.0392157 0.033078 0.027105 0.0214312 0.016217 0.0116367 0.00784242 0.00491714
 0.007667 0.0125125 0.0189383 0.0269144 0.0361854 0.0461225 0.0556964 0.063734 0.0693451 0.072203 0.072497 0.0706851 0.0672737 0.0627171 0.0573933 0.0515989 0.0455534 0.0394152 0.0333078 0.0273473 0.0216671 0.0164291 0.0118122 0.00797526 0.00500875
 0.00764904 0.0124804 0.0188849 0.0268323 0.0360697 0.0459746 0.0555259 0.0635569 0.0691782 0.0720572 0.072376 0.0705884 0.0672022 0.0626768 0.0573931 0.0516467 0.0456518 0.0395602 0.0334888 0.0275489 0.0218714 0.0166185 0.0119728 0.00809954 0.00509601
 0.00764596 0.0124763 0.0188802 0.0268269 0.036062 0.0459601 0.0554975 0.0635071 0.0691031 0.0719591 0.0722637 0.0704737 0.0670962 0.0625878 0.057328 0.0516124 0.0456551 0.0396048 0.0335732 0.0276649 0.0220053 0.0167541 0.0120954 0.00819882 0.00516826
 0.00763461 0.0124607 0.0188621 0.0268098 0.03605 0.0459563 0.0555024 0.0635173 0.0691112 0.0719562 0.0722417 0.0704289 0.0670313 0.062511 0.057251 0.0515473 0.0456123 0.0395923 0.0335945 0.0277182 0.0220828 0.0168437 0.0121835 0.0082748 0.00522612
 0.00759272 0.0123959 0.0187711 0.0266925 0.0359106 0.0458041 0.0553518 0.063386 0.0690162 0.071908 0.0722408 0.070466 0.0670916 0.0625802 0.0573195 0.0516122 0.0456763 0.039661 0.0336729 0.0278082 0.0221817 0.0169444 0.0122772 0.00835347 0.00528543
 0.00756072 0.012344 0.0186934 0.0265842 0.0357697 0.0456336 0.0551621 0.0631948 0.0688457 0.0717796 0.0721697 0.0704578 0.0671415 0.062675 0.0574417 0.0517454 0.0458091 0.039788 0.033794 0.0279247 0.0222937 0.0170494 0.0123702 0.00842969 0.00534236
 0.00756326 0.0123428 0.0186817 0.0265524 0.0357075 0.0455342 0.0550254 0.0630295 0.0686673 0.071608 0.0720251 0.0703577 0.0670972 0.0626892 0.0575083 0.0518511 0.0459377 0.0399249 0.0339288 0.0280518 0.0224101 0.0171529 0.0124584 0.0085003 0.00539449
 0.00754706 0.012321 0.0186569 0.0265286 0.035688 0.0455175 0.0550041 0.0629918 0.0686027 0.0715133 0.0719079 0.0702348 0.0669895 0.0626157 0.0574808 0.0518721 0.0460009 0.040018 0.0340377 0.0281641 0.0225168 0.0172481 0.0125385 0.00856346 0.00544061
 0.00754992 0.0123261 0.0186655 0.0265427 0.0357098 0.0455493 0.0550466 0.0630421 0.0686528 0.0715496 0.0719153 0.0702025 0.0669169 0.0625146 0.0573714 0.0517762 0.0459344 0.0399876 0.0340409 0.0281924 0.0225598 0.0172961 0.0125844 0.00860247 0.00547056
 0.00751437 0.012273 0.0185943 0.0264562 0.0356142 0.0454528 0.0549589 0.0629736 0.0686125 0.0715427 0.07194 0.0702497 0.0669725 0.0625646 0.0574078 0.0518 0.045954 0.0400134 0.0340799 0.0282453 0.0226219 0.0173599 0.0126425 0.00865011 0.00550583
 0.0075199 0.0122761 0.0185884 0.0264322 0.0355638 0.045373 0.0548558 0.0628617 0.0685106 0.0714675 0.0719014 0.0702491 0.0670035 0.062616 0.0574668 0.051856 0.0460022 0.0400549 0.0341196 0.0282881 0.0226691 0.0174092 0.0126892 0.00868983 0.00553601
 0.00751715 0.0122729 0.0185854 0.02643 0.0355607 0.0453646 0.0548342 0.0628188 0.0684427 0.0713798 0.0718082 0.0701688 0.0669521 0.0626008 0.0574854 0.0518988 0.0460572 0.0401125 0.034175 0.0283403 0.0227187 0.0174559 0.0127315 0.00872532 0.00556308
 0.00749352 0.012238 0.0185397 0.0263763 0.035504 0.0453104 0.0547872 0.0627812 0.0684136 0.0713552 0.0717832 0.0701418 0.0669268 0.0625854 0.0574886 0.0519251 0.0461048 0.0401746 0.034243 0.0284073 0.0227805 0.0175104 0.0127774 0.00876178 0.00558997
 0.00750158 0.0122473 0.0185467 0.0263758 0.0354911 0.0452831 0.0547484 0.0627382 0.068375 0.0713267 0.0717655 0.0701307 0.0669166 0.0625727 0.0574751 0.0519161 0.0461062 0.0401897 0.0342709 0.0284437 0.02282 0.0175485 0.012811 0.00878906 0.00561034
 0.00750158 0.0122473 0.0185467 0.0263758 0.0354911 0.0452831 0.0547484 0.0627382 0.068375 0.0713267 0.0717655 0.0701307 0.0669166 0.0625727 0.0574751 0.0519161 0.0461062 0.0401897 0.0342709 0.0284437 0.02282 0.0175485 0.012811 0.00878906 0.00561034
 0.00713033 0.0116621 0.0177024 0.0252488 0.0340908 0.0436658 0.0530291 0.0610855 0.0669814 0.0703622 0.0713363 0.0702597 0.0675488 0.0635977 0.0587564 0.0533194 0.0475187 0.0415279 0.035479 0.0294881 0.0236837 0.0182285 0.0133168 0.00914176 0.00583879
 0.00708906 0.0115511 0.0174548 0.0247771 0.0333105 0.0425332 0.0515747 0.0594235 0.0652884 0.0688372 0.0701597 0.0695638 0.0673993 0.0639873 0.0596102 0.0545138 0.0489084 0.0429729 0.0368641 0.0307308 0.0247345 0.0190663 0.0139447 0.00958103 0.00612364
 0.00705295 0.0115001 0.0173888 0.0246911 0.0331838 0.042318 0.0511967 0.0588038 0.0643828 0.0676757 0.0688611 0.0683124 0.0663951 0.0633905 0.0595041 0.0548927 0.0496895 0.044024 0.0380369 0.0318905 0.0257788 0.0199332 0.0146106 0.0100541 0.00643312
 0.00700718 0.011432 0.0172983 0.0245833 0.033067 0.0422002 0.0510781 0.0586672 0.0641872 0.0673619 0.0683752 0.067642 0.0655976 0.0625931 0.0588683 0.0545597 0.0497337 0.0444337 0.0387259 0.0327313 0.0266404 0.0207111 0.0152421 0.010519 0.00674439
#pred catch len freq
 0.00470959 0.00739644 0.0106799 0.0144371 0.0185921 0.0231089 0.0279181 0.0328678 0.037745 0.0423305 0.0464369 0.0499232 0.0527073 0.0547734 0.0561695 0.0569992 0.0574121 0.0575714 0.0575662 0.0572674 0.0562108 0.0536532 0.0488961 0.0417573 0.0328707
 0.00477579 0.00746056 0.0106993 0.014354 0.0183597 0.0227261 0.0274508 0.0324343 0.037467 0.0422783 0.0466024 0.0502394 0.053096 0.0551906 0.0566217 0.0575235 0.058032 0.0582525 0.0581976 0.0576868 0.0562691 0.0532888 0.0481744 0.0408475 0.0319719
 0.00499743 0.00778915 0.0111313 0.0148566 0.0188686 0.0231524 0.0276977 0.0324274 0.0371922 0.0418049 0.046068 0.0497937 0.052839 0.0551443 0.0567501 0.0577757 0.0583696 0.0586401 0.0585735 0.0579484 0.056298 0.053008 0.0475986 0.0400877 0.0311874
 0.00520739 0.00812388 0.0116221 0.0155257 0.019722 0.0241671 0.0288078 0.0335181 0.0381143 0.0424124 0.0462685 0.0495889 0.052329 0.0544877 0.0561007 0.0572319 0.0579599 0.0583375 0.0583143 0.0576463 0.0558631 0.0523812 0.0467877 0.0391771 0.0303055
 0.00547343 0.00853264 0.012195 0.016272 0.0206444 0.0252668 0.0300801 0.034937 0.0396109 0.0438623 0.0475019 0.0504291 0.0526501 0.054264 0.0554178 0.0562505 0.0568497 0.0572186 0.0572314 0.0565787 0.0547606 0.0512089 0.045562 0.0379731 0.029229
 0.00580126 0.00903423 0.0128923 0.0171673 0.0217248 0.0265118 0.0314656 0.0364332 0.0411778 0.0454424 0.0490091 0.0517412 0.0536163 0.0547377 0.0553062 0.0555542 0.0556663 0.055703 0.0555361 0.0548111 0.052978 0.0494475 0.043873 0.0364362 0.0279334
 0.006151 0.00957528 0.013656 0.0181665 0.0229556 0.0279555 0.0330873 0.0381787 0.0429758 0.0472112 0.050664 0.053195 0.0547738 0.0554919 0.0555478 0.055199 0.0546902 0.0541621 0.0535563 0.0525526 0.0506004 0.0470944 0.0416749 0.0345113 0.0263732
 0.00649624 0.0101131 0.0144229 0.0191841 0.0242312 0.029483 0.0348418 0.0401095 0.0450032 0.0492323 0.052564 0.0548601 0.0561004 0.0563895 0.0559352 0.0550044 0.0538621 0.0526927 0.0515042 0.0500491 0.0478342 0.0442833 0.0390335 0.0322203 0.0245496
 0.00687086 0.0106936 0.0152449 0.0202659 0.0255769 0.0310857 0.0366807 0.0421421 0.0471585 0.0514112 0.0546457 0.0567141 0.0576006 0.0574266 0.0564227 0.0548771 0.0530752 0.0512293 0.0493945 0.0473931 0.0448121 0.0411407 0.0360403 0.029614 0.0224836
 0.00730334 0.0113546 0.0161629 0.0214436 0.0269985 0.0327271 0.0385127 0.044125 0.0492357 0.0535049 0.0566586 0.0585347 0.0591116 0.0585146 0.0569882 0.05484 0.0523784 0.0498448 0.0473375 0.0447448 0.0417382 0.0378886 0.0329014 0.026858 0.0202921
 0.00766275 0.0119183 0.0169732 0.0225275 0.0283653 0.0343649 0.0403822 0.0461571 0.0513374 0.0555737 0.0585948 0.0602465 0.0605138 0.0595257 0.0575292 0.0548368 0.051767 0.048582 0.0454194 0.0422311 0.0387752 0.0347109 0.0297992 0.0241108 0.0180952
 0.00794471 0.0123633 0.0176195 0.023406 0.0294994 0.0357676 0.0420475 0.0480484 0.0533802 0.0576583 0.0605898 0.0620188 0.0619485 0.0605368 0.0580573 0.0548381 0.0512037 0.0474234 0.0436576 0.0399096 0.0360165 0.0317263 0.0268611 0.02149 0.0159876
 0.00824045 0.0128173 0.0182544 0.0242295 0.0305099 0.0369614 0.04342 0.0495871 0.0550549 0.0594122 0.0623364 0.0636475 0.0633382 0.0615744 0.0586527 0.0549303 0.0507562 0.0464182 0.0420983 0.0378391 0.0335425 0.029034 0.0241944 0.0190973 0.0140534
 0.00860684 0.0133752 0.0190243 0.0252069 0.0316705 0.0382695 0.0448334 0.0510586 0.0565337 0.0608475 0.0636794 0.0648483 0.0643401 0.062312 0.059056 0.054933 0.0503058 0.0454827 0.0406743 0.0359644 0.0313133 0.0266136 0.0217976 0.016944 0.0123091
 0.00898603 0.0139629 0.0198551 0.0262938 0.0330036 0.039815 0.0465299 0.0528161 0.0582423 0.0623964 0.0649768 0.0658337 0.0649856 0.0626122 0.0590138 0.0545468 0.0495641 0.0443698 0.0391852 0.0341254 0.0292021 0.0243682 0.0196013 0.0149852 0.0107289
 0.00933705 0.0145071 0.020626 0.0273075 0.0342599 0.0412981 0.0482031 0.0546127 0.0600622 0.0641128 0.0664543 0.0669526 0.0656649 0.0628223 0.0587721 0.0538989 0.048561 0.0430525 0.0375854 0.032282 0.0271835 0.0222868 0.0176059 0.0132283 0.00932303
 0.00966501 0.0150054 0.0213121 0.0281782 0.0352985 0.0424836 0.0495139 0.0560211 0.0615238 0.0655593 0.0677928 0.0680751 0.0664653 0.0632187 0.0587233 0.0534104 0.047675 0.0418308 0.0360945 0.0305904 0.0253713 0.0204563 0.0158793 0.0117257 0.00813013
 0.00982183 0.0152535 0.0216731 0.0286681 0.035926 0.0432477 0.0504005 0.0570022 0.0625612 0.0666097 0.0688096 0.0690045 0.0672431 0.0637722 0.0589833 0.0533267 0.04723 0.0410432 0.0350136 0.0292878 0.0239359 0.0189912 0.0144949 0.0105228 0.00717734
 0.00982678 0.0152709 0.0217173 0.0287608 0.036094 0.0435179 0.0507933 0.0575254 0.063206 0.0673493 0.0696023 0.0697987 0.0679833 0.0644016 0.0594445 0.053565 0.0472012 0.0407245 0.0344134 0.0284489 0.0229317 0.0179171 0.0134536 0.00960598 0.00644646
 0.00979243 0.0152175 0.0216425 0.0286669 0.0359908 0.0434261 0.0507457 0.0575629 0.0633681 0.0676609 0.0700633 0.0703817 0.0686377 0.0650633 0.0600453 0.0540396 0.0474926 0.0407907 0.0342359 0.02804 0.0223379 0.0172135 0.0127299 0.00894589 0.00590906
 0.00975146 0.0151502 0.02154 0.0285205 0.0357947 0.0431808 0.0504635 0.0572722 0.0631134 0.0674975 0.0700456 0.0705475 0.0689945 0.0655817 0.0606632 0.0546746 0.0480588 0.041213 0.0344622 0.0280504 0.0221493 0.0168764 0.0123163 0.008531 0.00555155
 0.00976842 0.0151705 0.0215568 0.0285221 0.0357664 0.043109 0.0503395 0.0570962 0.0628967 0.0672647 0.069834 0.0704033 0.0689625 0.065692 0.0609181 0.055043 0.0484806 0.0416133 0.0347697 0.0282154 0.0221554 0.0167434 0.0120918 0.00827379 0.0053133
 0.00973062 0.0151114 0.0214721 0.0284087 0.0356222 0.0429327 0.0501321 0.0568618 0.0626453 0.0670129 0.0696055 0.0702276 0.0688718 0.0657152 0.0610728 0.0553267 0.0488646 0.0420447 0.035182 0.0285461 0.0223635 0.0168202 0.0120601 0.00817569 0.00519375
 0.00963997 0.0149795 0.0213019 0.0282126 0.035417 0.0427335 0.0499469 0.0566916 0.0624873 0.0668655 0.0694722 0.0701182 0.0688028 0.065707 0.0611454 0.055493 0.0491228 0.0423727 0.0355383 0.0288791 0.022627 0.0169877 0.0121318 0.00817429 0.00515193
 0.00961765 0.0149371 0.0212274 0.0280924 0.0352416 0.0425039 0.0496795 0.056416 0.0622372 0.0666666 0.0693356 0.0700421 0.0687796 0.0657319 0.0612199 0.0556234 0.0493138 0.04262 0.0358233 0.0291699 0.0228862 0.0171856 0.0122558 0.00823131 0.00516215
