SBPRF35
9.701
Curr Bio
589917
B35
760713
F35
0.192969
FOFL
0.163467
OFL
84854.6
Bzero
2.77172e+006
#pred survey bio
 4.33365e+006 4.13787e+006 3.94442e+006 3.70314e+006 3.42213e+006 3.12311e+006 2.84916e+006 2.53447e+006 2.24755e+006 1.96288e+006 1.70877e+006 1.49515e+006 1.32487e+006 1.17281e+006 1.03591e+006 917661 826764 762461 704371 667775 639187 613441 593000 582018 587437 588573 577973 575569 581898 583263 585213 585885 575852 572788 555094 544415 534574 533178 539764 537761 553445 555074 558022 569902 583412 588150 596272 598700 611921 619555 629353 624416 623745 618590 595448 2.294e+007 1.40007e+007 1.44131e+007 1.52148e+007 1.62399e+007 1.7304e+007 1.8285e+007 1.91237e+007 1.98053e+007 2.03404e+007 2.07507e+007 2.10604e+007 2.12918e+007 2.14638e+007 2.15914e+007 2.16861e+007 2.17565e+007 2.18091e+007 2.18486e+007 2.18784e+007 2.1901e+007 2.19182e+007 2.19314e+007 2.19415e+007 2.19493e+007 2.19554e+007 2.19602e+007 2.19638e+007 2.19667e+007 2.1969e+007 2.19708e+007 2.19722e+007 2.19733e+007 2.19741e+007 2.19748e+007 2.19754e+007 2.19758e+007 2.19762e+007 2.19764e+007 2.19766e+007 2.19768e+007 2.19769e+007 2.19771e+007 2.19771e+007 2.19772e+007 2.19773e+007 2.19773e+007 2.19773e+007 2.19774e+007 2.19774e+007 2.19774e+007 2.19774e+007 2.19774e+007 2.19774e+007 2.19774e+007 2.19775e+007 2.19775e+007 2.19775e+007 2.19775e+007 2.19775e+007 2.19775e+007 2.19775e+007 2.19775e+007 2.19775e+007 2.19775e+007 2.19775e+007 2.19775e+007 2.19775e+007 2.19775e+007 2.19775e+007 2.19775e+007 2.19775e+007 2.19775e+007 2.19775e+007 2.19775e+007 2.19775e+007 2.19775e+007 2.19775e+007 2.19775e+007 2.19775e+007 2.19775e+007 2.19775e+007 2.19775e+007 2.19775e+007 2.19775e+007 2.19775e+007 2.19775e+007 2.19775e+007 2.19775e+007 2.19775e+007 2.19775e+007 2.19775e+007 2.19775e+007 2.19775e+007 2.19775e+007 2.19775e+007 2.19775e+007 2.19775e+007 2.19775e+007 2.19775e+007 0 0 0 0 0 0 0 0 0 0 0 0 0 0 0 0 0 0 0 0 0 0 0 0 0
#obs survey bio
 3.32651e+006 3.05483e+006 4.1413e+006 3.60098e+006 3.10207e+006 3.0422e+006 2.42286e+006 2.20898e+006 1.46396e+006 1.98796e+006 1.09723e+006 1.17438e+006 1.23414e+006 844526 1.1949e+006 632709 821733 679331 740793 898454 632518 521513 565971 495216 532665 621656 631131 583182 421811 611654 457890 582175 563994 495397 546937 895273 536413 480677 570160 537727 651758 597854 510400 570301 549351 517820 667367 889336 587048 853580 628383 709217 695422 565589 485846
#pred catch bio
 108234 109567 162422 214154 250637 249742 309171 305118 321791 310349 287752 260342 252080 242694 227085 201990 176505 167496 145277 135308 130267 123576 114089 100014 103397 111509 102507 94028.7 97060.7 94810.6 93886 100059 91007.1 100142 90504.7 88314.3 83467.2 80984.1 91290.9 78717.6 92721 92788.7 87020.7 88048.7 97296.2 95169.1 99407.2 89554.6 94104.4 92269.4 104999 102252 107712 123498 54817.7 84854.6 100376 102265 106739 113328 120403 126899 132349 136659 139926 142328 144052 145267 146111 146691 147086 147353 147532 147652 147732 147785 147820 147844 147859 147869 147876 147880 147883 147885 147886 147887 147888 147888 147888 147888 147888 147888 147888 147888 147888 147889 147889 147889 147889 147889 147889 147889 147889 147889 147889 147889 147889 147889 147889 147889 147889 147889 147889 147889 147889 147889 147889 147889 147889 147889 147889 147889 147889 147889 147889 147889 147889 147889 147889 147889 147889 147889 147889 147889 147889 147889 147889 147889 147889 147889 147889 147889 147889 147889 147889 147889 147889 147889 147889 147889 147889 147889 147889 147889 147889 0 0 0 0 0 0 0 0 0 0 0 0 0 0 0 0 0 0 0 0 0 0 0 0 0
#obs catch bio
 0 109366 162836 214986 252378 250654 312425 307506 324437 312390 290676 264117 256908 248373 231059 206872 179675 170479 147471 136473 131777 125421 115736 101288 104885 112939 103498 94771.7 98093.3 95402.6 94357.8 100698 90803.2 100292 91018.9 88061.1 83185.6 80591.2 90914 77992.8 92321.2 92490.6 86857.1 87907.1 97557 95683.5 99674.1 88915.5 93657.1 91485.3 104213 101262 106309 123394 54456.1
#pred cpue bio
 4.26636e+006 4.07403e+006 3.88354e+006 3.64384e+006 3.36418e+006 3.06669e+006 2.7941e+006 2.48154e+006 2.19673e+006 1.91441e+006 1.66236e+006 1.45028e+006 1.28118e+006 1.13066e+006 995709 879496 790454 727864 671620 636362 608839 583890 564064 553447 558778 560177 550307 548309 554745 556462 558829 559978 550815 548374 531652 521801 511980 509279 514554 512318 527448 528896 531561 542842 555683 560084 568096 570950 584196 591788 601353 596326 595153 589556 566659 2.18935e+007 1.33949e+007 1.37164e+007 1.43945e+007 1.53709e+007 1.64223e+007 1.74006e+007 1.82387e+007 1.89202e+007 1.94553e+007 1.98656e+007 2.01752e+007 2.04067e+007 2.05787e+007 2.07063e+007 2.08009e+007 2.08714e+007 2.0924e+007 2.09635e+007 2.09933e+007 2.10158e+007 2.10331e+007 2.10462e+007 2.10564e+007 2.10642e+007 2.10703e+007 2.1075e+007 2.10787e+007 2.10816e+007 2.10839e+007 2.10856e+007 2.1087e+007 2.10881e+007 2.1089e+007 2.10897e+007 2.10902e+007 2.10907e+007 2.1091e+007 2.10913e+007 2.10915e+007 2.10917e+007 2.10918e+007 2.10919e+007 2.1092e+007 2.10921e+007 2.10921e+007 2.10922e+007 2.10922e+007 2.10922e+007 2.10923e+007 2.10923e+007 2.10923e+007 2.10923e+007 2.10923e+007 2.10923e+007 2.10923e+007 2.10923e+007 2.10923e+007 2.10923e+007 2.10923e+007 2.10923e+007 2.10923e+007 2.10923e+007 2.10923e+007 2.10923e+007 2.10923e+007 2.10923e+007 2.10923e+007 2.10923e+007 2.10923e+007 2.10923e+007 2.10923e+007 2.10923e+007 2.10923e+007 2.10923e+007 2.10923e+007 2.10923e+007 2.10923e+007 2.10923e+007 2.10923e+007 2.10923e+007 2.10923e+007 2.10923e+007 2.10923e+007 2.10923e+007 2.10923e+007 2.10923e+007 2.10923e+007 2.10923e+007 2.10923e+007 2.10923e+007 2.10923e+007 2.10923e+007 2.10923e+007 2.10923e+007 2.10923e+007 2.10923e+007 2.10923e+007 2.10923e+007 2.10923e+007 0 0 0 0 0 0 0 0 0 0 0 0 0 0 0 0 0 0 0 0 0 0 0 0 0
#obs cpue bio
 3.13456e+006 3.96535e+006 3.49939e+006 3.10053e+006 2.4247e+006 3.40892e+006 2.44876e+006 2.93363e+006 3.70568e+006 1.99375e+006 1.74452e+006 1.06835e+006 890181 993947 973398 628410 755853 694857 505180 583584 441545 450030 470289 465393 486380 584350 464411 471160 604160 629500 691039 556811 866352 592943 316008 667296 547586 630652 608150 651117 403121 454882 502797 534743 472713 435980 698142 769506 610053 584042 692276 635948 774162 480952 471619
#pred surv len freq
 0.00474589 0.00772372 0.0116595 0.0165478 0.0222812 0.02857 0.0349145 0.0407254 0.0455439 0.0491917 0.051752 0.0534434 0.0545032 0.055126 0.0554403 0.0555046 0.0553185 0.054834 0.0539426 0.052431 0.0499512 0.0460891 0.0405733 0.0335391 0.025648
 0.00493181 0.00794479 0.0118468 0.016599 0.0221032 0.0281375 0.034306 0.0401039 0.0450825 0.0489876 0.0517831 0.0535926 0.0546295 0.0551389 0.0553405 0.0553768 0.0552855 0.0549929 0.0543115 0.0529336 0.050449 0.046446 0.0407176 0.0334856 0.0254738
 0.00514092 0.008286 0.0123561 0.0172935 0.022958 0.0290629 0.0351469 0.0406805 0.0452677 0.0487747 0.051291 0.0529968 0.0540667 0.0546527 0.0549001 0.054941 0.0548562 0.0546198 0.0540517 0.0528016 0.0503974 0.0463912 0.0405905 0.0332699 0.0252061
 0.00533105 0.00859747 0.0128301 0.0179714 0.0238738 0.0302276 0.0365252 0.0421711 0.0467016 0.0499459 0.0520172 0.0531852 0.053747 0.053952 0.0539752 0.0539169 0.0538075 0.0535906 0.0530793 0.051917 0.0496113 0.0456897 0.0399516 0.0326874 0.024697
 0.00553721 0.00893018 0.013327 0.0186679 0.0247991 0.0313971 0.0379295 0.0437662 0.048403 0.0516269 0.0535142 0.0543181 0.0543592 0.0539592 0.0533953 0.0528595 0.0524279 0.0520408 0.0514801 0.0503546 0.0481449 0.0443588 0.0387839 0.0317044 0.0239151
 0.00578025 0.00931754 0.013896 0.0194493 0.0258135 0.0326488 0.0393989 0.0454053 0.0501392 0.0533704 0.0551615 0.05575 0.0554411 0.0545553 0.0534003 0.0522352 0.0512232 0.0503803 0.049529 0.0482812 0.0460957 0.0424516 0.0371078 0.0303196 0.022849
 0.00596467 0.00962251 0.0143646 0.0201252 0.0267328 0.0338268 0.0408175 0.0470092 0.0518451 0.0550847 0.0567932 0.0572133 0.0566481 0.0554083 0.0537942 0.0520756 0.0504577 0.0490276 0.0476886 0.0461171 0.043804 0.0402256 0.0351097 0.0286617 0.0215824
 0.00622535 0.0100397 0.0149807 0.020977 0.0278468 0.0352114 0.0424514 0.0488342 0.0537693 0.0569953 0.0585739 0.0587582 0.0578692 0.0562342 0.0541611 0.0519215 0.049728 0.0476984 0.0457958 0.0437767 0.0412064 0.0376042 0.0326934 0.0266269 0.0200211
 0.0065063 0.0104868 0.015636 0.0218738 0.0290051 0.0366302 0.0440999 0.0506482 0.0556582 0.0588567 0.0603066 0.0602695 0.0590767 0.0570659 0.0545551 0.0518227 0.0490888 0.0464871 0.04402 0.0415105 0.0386074 0.0349 0.0301366 0.0244335 0.0183185
 0.00687645 0.0110718 0.0164849 0.023021 0.0304636 0.0383834 0.0460913 0.0527788 0.0577993 0.0608736 0.0620815 0.0617124 0.0601257 0.0576801 0.0547051 0.051483 0.0482336 0.0450967 0.0420985 0.0391147 0.0358711 0.0320357 0.0273999 0.0220595 0.0164583
 0.0073063 0.0117485 0.0174619 0.0243327 0.0321191 0.040358 0.0483154 0.0551356 0.0601381 0.0630367 0.0639308 0.0631451 0.061078 0.0581222 0.0546311 0.0508983 0.0471445 0.0435086 0.0400284 0.0366167 0.0330643 0.0291135 0.0246046 0.0196234 0.0145383
 0.00767009 0.0123363 0.0183392 0.0255559 0.033723 0.0423362 0.0506019 0.0576006 0.0626078 0.0653285 0.0658856 0.0646454 0.0620505 0.0585339 0.0544807 0.0502051 0.0459375 0.0418194 0.0378963 0.0341068 0.0302914 0.0262545 0.0218806 0.0172496 0.0126632
 0.00791935 0.0127442 0.0189589 0.0264401 0.0349161 0.0438593 0.0524358 0.0596744 0.0648025 0.067493 0.0678593 0.06628 0.0632286 0.0591801 0.054563 0.0497274 0.0449281 0.0403209 0.0359646 0.0318199 0.0277666 0.0236566 0.0194084 0.0150946 0.0109581
 0.00811444 0.0130678 0.0194579 0.0271635 0.035906 0.045137 0.0539867 0.0614408 0.0666895 0.0693833 0.0696278 0.0678046 0.0643993 0.0599081 0.0547892 0.049427 0.0441089 0.0390184 0.034238 0.0297553 0.0254841 0.0213136 0.0171858 0.013162 0.00943115
 0.00835348 0.0134454 0.0200063 0.027907 0.0368592 0.0463009 0.0553417 0.0629414 0.0682647 0.0709441 0.0710779 0.0690505 0.0653574 0.0605095 0.0549829 0.0491822 0.0434169 0.0378955 0.0327285 0.0279358 0.0234669 0.0192447 0.0152282 0.011465 0.00809376
 0.00852434 0.013732 0.0204534 0.0285597 0.0377511 0.0474373 0.0566843 0.064408 0.0697466 0.0723331 0.0722869 0.0700187 0.066045 0.060889 0.0550337 0.0488894 0.0427736 0.0369081 0.0314243 0.0263719 0.0217356 0.0174709 0.0135529 0.0100159 0.00695441
 0.00860537 0.0138678 0.0206665 0.0288764 0.0382001 0.0480438 0.0574612 0.065346 0.0708072 0.0734486 0.0733693 0.0709764 0.0668006 0.06139 0.0552524 0.0488153 0.0424053 0.0362518 0.0304988 0.0252179 0.0204241 0.0161026 0.0122445 0.00887508 0.00605291
 0.00865941 0.0139471 0.0207709 0.0290026 0.0383463 0.0482157 0.0576762 0.0656309 0.0711905 0.0739475 0.073978 0.0716598 0.067497 0.0620228 0.0557464 0.0491098 0.0424612 0.0360518 0.030047 0.0245419 0.0195784 0.0151679 0.0113171 0.00804653 0.00538732
 0.00874563 0.0140833 0.0209675 0.0292649 0.0386712 0.0485885 0.0580703 0.0660128 0.0715312 0.0742352 0.0742222 0.0718838 0.0677206 0.0622476 0.0559491 0.049248 0.0424864 0.0359233 0.0297429 0.0240662 0.0189637 0.0144728 0.0106161 0.0074128 0.00487393
 0.00885696 0.0142382 0.0211531 0.0294542 0.0388327 0.0487003 0.0581299 0.0660364 0.0715439 0.0742591 0.0742711 0.0719645 0.0678376 0.0624022 0.0561345 0.0494424 0.0426523 0.0360146 0.0297185 0.0239037 0.0186691 0.0140809 0.0101823 0.00699726 0.00452424
 0.00898431 0.0144327 0.0214209 0.0297893 0.0392137 0.0490905 0.0584797 0.0662932 0.0716688 0.0742434 0.0741407 0.0717694 0.0676321 0.0622281 0.0560135 0.0493755 0.0426223 0.0359907 0.029664 0.0237871 0.0184758 0.0138204 0.00988563 0.0067052 0.00427302
 0.00905324 0.0145492 0.0216038 0.0300568 0.0395773 0.049545 0.0589948 0.0668128 0.0721212 0.0745599 0.0742762 0.0717149 0.0674164 0.0619069 0.0556511 0.0490259 0.042317 0.0357358 0.0294449 0.02358 0.01826 0.0135887 0.00964684 0.0064796 0.00408176
 0.00913679 0.014672 0.0217653 0.0302501 0.0397938 0.0497804 0.0592514 0.0670946 0.0724237 0.0748617 0.0745379 0.0718897 0.0674665 0.0618197 0.0554441 0.0487402 0.0420014 0.0354298 0.0291697 0.0233375 0.0180414 0.0133852 0.00945678 0.00630939 0.00394086
 0.00918251 0.0147402 0.0218561 0.0303589 0.0399116 0.0498958 0.0593536 0.0671774 0.0724895 0.0749217 0.0746065 0.0719742 0.0675586 0.0618956 0.0554756 0.0487092 0.0419085 0.0352924 0.0290113 0.0231771 0.0178892 0.0132439 0.00932774 0.00619573 0.00384721
 0.00900675 0.0144805 0.0215138 0.0299528 0.0394733 0.0494615 0.0589579 0.066851 0.0722589 0.0748089 0.0746266 0.0721319 0.0678447 0.062284 0.0559238 0.0491661 0.0423263 0.0356383 0.0292723 0.023357 0.0180004 0.0133013 0.00934597 0.00618854 0.00382724
 0.00887647 0.0142749 0.0212171 0.0295578 0.0389864 0.0489084 0.0583867 0.0663266 0.0718481 0.0745607 0.0745611 0.0722415 0.0681041 0.0626606 0.0563821 0.0496673 0.042829 0.036103 0.0296681 0.0236673 0.0182237 0.0134473 0.00943072 0.00622975 0.00384135
 0.00890521 0.0143105 0.0212498 0.0295703 0.0389574 0.0488187 0.058226 0.0660989 0.0715732 0.0742724 0.0743 0.0720455 0.0679992 0.0626559 0.0564714 0.0498329 0.0430461 0.0363427 0.0299017 0.0238708 0.0183821 0.0135568 0.00949659 0.00626271 0.0038533
 0.0088984 0.0142949 0.0212178 0.0295112 0.0388591 0.0486707 0.058023 0.0658441 0.0712798 0.073964 0.0740089 0.0718084 0.0678497 0.0626171 0.0565494 0.0500163 0.0433088 0.0366505 0.0302184 0.0241643 0.0186292 0.0137459 0.00962755 0.00634416 0.00389827
 0.00874559 0.0140671 0.020913 0.0291409 0.0384443 0.048236 0.0575919 0.0654384 0.0709206 0.0736719 0.0738029 0.0717045 0.0678596 0.0627463 0.0567952 0.0503652 0.0437362 0.0371224 0.0306959 0.0246098 0.019013 0.0140506 0.00984953 0.00649186 0.0039875
 0.00864323 0.0139032 0.0206723 0.0288133 0.0380303 0.0477521 0.0570746 0.0649396 0.0704947 0.0733596 0.0736216 0.0716507 0.0679192 0.0629044 0.0570403 0.0506879 0.0441239 0.0375553 0.0311462 0.0250453 0.019403 0.0143724 0.0100932 0.00666026 0.00409323
 0.00853989 0.0137404 0.0204368 0.0284965 0.0376293 0.0472727 0.0565355 0.0643753 0.0699542 0.0728985 0.073291 0.0714851 0.067929 0.0630765 0.057346 0.0510925 0.0445944 0.0380616 0.0316596 0.0255367 0.0198443 0.0147414 0.010378 0.00686177 0.00422307
 0.00834132 0.0134451 0.0200432 0.0280208 0.0370998 0.0467211 0.0559904 0.0638618 0.0694957 0.0725194 0.0730168 0.0713403 0.0679329 0.0632371 0.0576554 0.0515267 0.0451177 0.0386336 0.0322406 0.0260907 0.0203408 0.0151577 0.010702 0.00709399 0.00437513
 0.00834968 0.0134352 0.0199864 0.0278788 0.0368391 0.0463317 0.0554992 0.0633289 0.0689933 0.0721046 0.0727173 0.0711575 0.0678571 0.0632609 0.0577779 0.0517477 0.0454301 0.0390189 0.0326697 0.0265289 0.0207539 0.0155176 0.010991 0.00730674 0.00451784
 0.00820389 0.0132239 0.0197145 0.0275632 0.0364984 0.0459737 0.0551159 0.0629063 0.068531 0.0716323 0.0722931 0.0708483 0.0677121 0.0632966 0.05798 0.0520851 0.0458674 0.0395217 0.033204 0.0270598 0.0212472 0.0159442 0.0113325 0.00755811 0.00468689
 0.00813659 0.0131207 0.0195715 0.0273834 0.0362931 0.0457624 0.0549229 0.0627514 0.0684187 0.0715461 0.0722033 0.0707313 0.0675694 0.0631575 0.0578875 0.0520758 0.0459581 0.0397079 0.0334651 0.0273661 0.0215652 0.0162424 0.0115862 0.00775388 0.0048236
 0.00874013 0.013948 0.0205331 0.0283029 0.0369595 0.0460134 0.0547105 0.0621537 0.0675945 0.0706668 0.0713984 0.0700666 0.0670552 0.0627743 0.0576119 0.051896 0.0458736 0.0397196 0.0335659 0.0275363 0.0217759 0.0164615 0.0117858 0.00791566 0.00494081
 0.00945178 0.0150532 0.0220907 0.0303079 0.0393172 0.0485165 0.057041 0.0639367 0.0685105 0.0705722 0.0703804 0.068395 0.0650647 0.0607515 0.0557404 0.0502617 0.0445012 0.0386069 0.0327005 0.0268989 0.021338 0.0161855 0.0116296 0.00783857 0.00490951
 0.00940275 0.0150758 0.0223124 0.0309062 0.0404681 0.0503117 0.0594122 0.0666309 0.0711351 0.0726954 0.0716487 0.068629 0.064301 0.0592133 0.05375 0.0481367 0.0424821 0.0368349 0.0312356 0.0257488 0.020481 0.0155832 0.0112336 0.00759729 0.00477434
 0.00912459 0.0146578 0.0217542 0.0302498 0.0398108 0.0498123 0.059276 0.067059 0.0722397 0.0744171 0.0737298 0.0706754 0.0659109 0.0601112 0.0538626 0.0475833 0.0414987 0.0356785 0.0301116 0.0247829 0.0197251 0.0150377 0.0108696 0.00737332 0.00464809
 0.00920077 0.0147407 0.0218043 0.0302083 0.0396204 0.0494504 0.0587861 0.0665611 0.0719102 0.074438 0.0742204 0.0716293 0.0671711 0.061406 0.0548971 0.0481463 0.0415292 0.035264 0.0294284 0.0240187 0.019023 0.0144751 0.0104661 0.00711144 0.00449365
 0.00911333 0.0146135 0.0216385 0.0300088 0.0393872 0.04917 0.0584317 0.0661106 0.0713765 0.0738957 0.0738053 0.0714998 0.0674412 0.0620821 0.0558561 0.0491724 0.0423967 0.0358209 0.0296404 0.0239548 0.0188027 0.0142123 0.0102358 0.00694442 0.0043892
 0.00915762 0.0146819 0.0217349 0.0301346 0.0395409 0.0493457 0.058615 0.0662738 0.0714783 0.0738911 0.0736684 0.0712491 0.0671503 0.0618581 0.0557903 0.0492899 0.0426381 0.0360722 0.0297922 0.023953 0.0186628 0.0139953 0.0100102 0.0067575 0.00425856
 0.00924171 0.0148058 0.0218975 0.0303266 0.0397476 0.0495514 0.0588062 0.0664395 0.0716077 0.0739705 0.0736805 0.071178 0.0669927 0.0616365 0.0555544 0.0490998 0.0425338 0.0360505 0.0298085 0.02395 0.0186034 0.0138797 0.0098665 0.00662022 0.004151
 0.00925926 0.0148326 0.0219342 0.0303722 0.0397987 0.049602 0.058849 0.0664677 0.0716182 0.0739654 0.0736659 0.0711592 0.0669699 0.0616054 0.0555133 0.0490565 0.0425047 0.0360497 0.029835 0.0239847 0.0186211 0.0138643 0.00982018 0.00655866 0.00409213
 0.00917893 0.0147209 0.0218012 0.0302387 0.0396904 0.0495397 0.0588406 0.0665066 0.071688 0.0740477 0.0737463 0.0712301 0.0670297 0.0616552 0.0555544 0.0490904 0.0425343 0.0360798 0.0298689 0.0240202 0.0186495 0.0138765 0.00981251 0.00653577 0.00406346
 0.00899347 0.0144589 0.0214804 0.029902 0.0393957 0.0493419 0.0587756 0.0665833 0.0718887 0.074334 0.0740679 0.071537 0.0672836 0.0618371 0.0556646 0.0491421 0.0425465 0.0360705 0.0298518 0.024003 0.0186341 0.0138604 0.00979331 0.00651348 0.00404084
 0.00876332 0.0141008 0.0209741 0.0292457 0.0386139 0.0484926 0.0579521 0.0659022 0.0714605 0.0742269 0.0742851 0.0720192 0.0679338 0.0625522 0.0563599 0.0497634 0.0430696 0.0364933 0.0301844 0.024259 0.0188258 0.0139978 0.00988526 0.0065691 0.00407015
 0.00880351 0.0141297 0.0209505 0.02911 0.038305 0.0479752 0.0572413 0.0650713 0.0706266 0.0735218 0.0738215 0.0718634 0.0680911 0.0629702 0.0569479 0.0504206 0.0437107 0.0370622 0.0306554 0.0246286 0.0191031 0.0141966 0.0100201 0.00665437 0.00411948
 0.00878522 0.0140998 0.020903 0.0290337 0.038179 0.0477666 0.0569094 0.0645831 0.0699804 0.0727668 0.0730599 0.071227 0.0677009 0.0628971 0.0571929 0.0509208 0.0443647 0.0377632 0.0313166 0.0251959 0.0195538 0.0145313 0.0102529 0.00680551 0.00421032
 0.00879963 0.0141215 0.0209323 0.0290691 0.0382165 0.0477977 0.056919 0.0645467 0.0698653 0.072541 0.072708 0.0707688 0.0671994 0.0624471 0.0568906 0.0508287 0.0444904 0.0380615 0.0317116 0.0256092 0.019926 0.0148301 0.0104706 0.00695058 0.00429886
 0.00890619 0.0142688 0.0211062 0.0292407 0.0383505 0.0478662 0.056911 0.0644692 0.0697343 0.0723692 0.0724978 0.0705145 0.066899 0.0621166 0.0565711 0.0505782 0.0443625 0.0380816 0.0318657 0.0258515 0.0201982 0.0150825 0.0106732 0.00709476 0.00439082
 0.00909072 0.0145627 0.0215348 0.0298174 0.039067 0.0486814 0.0577453 0.0652139 0.0702793 0.0726364 0.0724622 0.0702008 0.0663629 0.0614255 0.055795 0.0497888 0.0436309 0.0374698 0.031412 0.0255613 0.0200462 0.0150261 0.0106694 0.00711109 0.00440913
 0.00920019 0.0147377 0.0217929 0.0301738 0.0395317 0.0492548 0.0584103 0.0659289 0.0709765 0.0732298 0.0728651 0.0703483 0.06623 0.0610327 0.0551999 0.0490701 0.042873 0.0367503 0.0307925 0.0250787 0.0197087 0.0148161 0.0105545 0.00705654 0.00438712
 0.00915364 0.014695 0.0217894 0.0302619 0.039767 0.0496729 0.0590085 0.066662 0.0717685 0.0739933 0.0735161 0.0708145 0.066457 0.0609919 0.0548971 0.0485477 0.0422029 0.0360192 0.0300844 0.0244598 0.0192178 0.0144626 0.0103235 0.00691974 0.00431356
 0.00881382 0.0142327 0.0212614 0.0297801 0.0394715 0.0496858 0.0593923 0.0674016 0.0727792 0.0751439 0.0746571 0.071805 0.0671876 0.0613987 0.0549651 0.0483057 0.0417145 0.035371 0.0293719 0.0237713 0.0186204 0.0139931 0.00998843 0.00670237 0.00418546
#obs surv len freq
 nan nan nan nan nan nan nan nan nan nan nan nan nan nan nan nan nan nan nan nan nan nan nan nan nan
 0.00448496 0.00734662 0.0111771 0.0159943 0.0216961 0.0279727 0.0342876 0.0400192 0.0446985 0.0481614 0.0505179 0.0520122 0.0529029 0.0534139 0.053727 0.0539811 0.054259 0.0545514 0.0546899 0.0542816 0.0527198 0.0493521 0.0438024 0.036283 0.0276674
 0.00461657 0.00756219 0.0115042 0.0164585 0.0223148 0.0287457 0.0351872 0.0409877 0.045656 0.0490217 0.0512046 0.05247 0.0531034 0.0533557 0.0534316 0.0534853 0.0536061 0.053784 0.0538471 0.0534004 0.0518389 0.0485147 0.0430531 0.0356597 0.027191
 0.00477983 0.00783012 0.0119121 0.0170409 0.0230984 0.0297385 0.0363667 0.0422955 0.0470042 0.0503068 0.0523235 0.0533326 0.0536419 0.0535312 0.0532371 0.0529434 0.0527626 0.0526986 0.0525866 0.0520355 0.0504453 0.0471736 0.041845 0.0346512 0.0264188
 0.00496824 0.0081391 0.0123822 0.0177118 0.0240018 0.030886 0.0377374 0.0438305 0.0486133 0.051883 0.0537578 0.0545237 0.0545018 0.0539915 0.0532548 0.0525062 0.0518906 0.0514424 0.0510228 0.0502626 0.0485797 0.0453436 0.0401775 0.0332498 0.0253418
 0.00518568 0.00849265 0.0129146 0.0184634 0.0250034 0.032148 0.0392374 0.0455083 0.0503775 0.0536271 0.0553741 0.0559121 0.0555729 0.0546678 0.053474 0.0522263 0.0510973 0.0501564 0.0493054 0.048218 0.0463524 0.0431059 0.0381059 0.0314913 0.023982
 0.00541258 0.0088656 0.0134834 0.0192766 0.026099 0.0335379 0.0408924 0.0473539 0.0523057 0.0555181 0.0571157 0.0574081 0.0567428 0.0554429 0.0537944 0.0520417 0.0503728 0.0488841 0.0475194 0.0460086 0.0438709 0.0405537 0.0357021 0.0294259 0.0223718
 0.00564204 0.00924187 0.014056 0.0200943 0.0272013 0.0349409 0.0425737 0.0492457 0.054303 0.0574974 0.0589546 0.0589987 0.057997 0.0562918 0.0541835 0.0519257 0.0497147 0.047663 0.0457485 0.0437575 0.0412816 0.037836 0.0330999 0.0271615 0.0205898
 0.00588711 0.00964147 0.0146597 0.0209493 0.028344 0.036383 0.0442882 0.0511616 0.0563146 0.0594838 0.0607983 0.0605958 0.0592607 0.0571525 0.0545864 0.0518273 0.0490801 0.0464696 0.0440006 0.0415101 0.0386629 0.0350509 0.0304002 0.0247871 0.0187048
 0.00612735 0.0100375 0.0152656 0.0218185 0.0295182 0.0378751 0.0460654 0.0531404 0.0583745 0.0614919 0.0626323 0.0621551 0.0604686 0.0579514 0.0549327 0.051686 0.0484219 0.0452739 0.0422688 0.0392885 0.0360674 0.032275 0.0276906 0.0223869 0.0167865
 0.0063693 0.0104329 0.0158647 0.02267 0.0306602 0.0393213 0.0477892 0.0550682 0.0603941 0.0634727 0.064446 0.0636915 0.0616427 0.0587048 0.055229 0.0515021 0.0477414 0.0440863 0.0405791 0.0371395 0.0335641 0.0295958 0.0250678 0.0200538 0.0149134
 0.00662623 0.0108526 0.0165 0.0235705 0.0318621 0.0408314 0.0495691 0.0570302 0.0624142 0.0654158 0.066188 0.0651315 0.0627056 0.0593397 0.0554059 0.0512069 0.0469696 0.0428403 0.0388748 0.0350232 0.0311347 0.0270171 0.0225532 0.0178193 0.013118
 0.00683929 0.0112075 0.0170496 0.0243691 0.0329537 0.0422316 0.0512472 0.0589028 0.0643585 0.0672936 0.0678705 0.0665137 0.0637121 0.0599232 0.0555423 0.0508889 0.0462002 0.0416309 0.0372494 0.0330319 0.0288725 0.0246335 0.0202393 0.0157679 0.0114708
 0.00707261 0.0115859 0.0176176 0.025168 0.0340145 0.0435628 0.0528214 0.0606506 0.0661744 0.0690536 0.0694512 0.0678079 0.0646385 0.0604307 0.0556083 0.0505132 0.0453969 0.0404231 0.0356714 0.0311397 0.0267582 0.0224335 0.018123 0.0139033 0.00997958
 0.00725597 0.0118926 0.0180949 0.0258639 0.0349669 0.0447823 0.0542758 0.0622613 0.067831 0.0706378 0.0708571 0.0689508 0.0654552 0.0608776 0.0556608 0.0501646 0.0446567 0.0393144 0.0342318 0.0294277 0.0248626 0.020478 0.0162556 0.0122676 0.00867696
 0.00742712 0.0121702 0.0185117 0.0264512 0.0357496 0.0457708 0.0554556 0.0635865 0.0692262 0.0720085 0.0721043 0.0699851 0.0662069 0.0613012 0.0557336 0.049882 0.0440272 0.0383586 0.0329844 0.0279434 0.0232233 0.0187941 0.0146556 0.0108726 0.00757047
 0.00751351 0.0123128 0.0187307 0.0267676 0.0361822 0.0463311 0.0561425 0.0643834 0.0701033 0.0729259 0.0730147 0.0708341 0.0669346 0.061847 0.0560443 0.0499187 0.0437694 0.0378055 0.0321558 0.0268828 0.022001 0.0175063 0.0134134 0.00977988 0.00669938
 0.00759139 0.0124326 0.0188986 0.0269862 0.0364518 0.0466521 0.0565154 0.0648083 0.0705774 0.0734421 0.0735599 0.0713875 0.0674659 0.0623163 0.0564041 0.0501193 0.0437672 0.0375716 0.0316838 0.0261942 0.0211476 0.0165672 0.0124828 0.00894764 0.00602902
 0.00766449 0.0125479 0.0190655 0.0272096 0.0367309 0.0469777 0.0568696 0.0651668 0.0709173 0.0737502 0.073836 0.0716407 0.0677054 0.0625416 0.0565996 0.0502544 0.0438023 0.0374672 0.0314129 0.0257529 0.0205622 0.0158934 0.0117948 0.00831994 0.0055168
 0.00773117 0.0126488 0.0192033 0.0273822 0.0369325 0.0472004 0.0571043 0.0654033 0.0711439 0.0739555 0.0740122 0.0717863 0.0678251 0.0626438 0.0566887 0.0503247 0.0438343 0.0374313 0.0312782 0.0255006 0.0201964 0.0154452 0.0113165 0.00786981 0.00514133
 0.00777767 0.0127213 0.0193062 0.027517 0.0370962 0.0473852 0.0572973 0.0655884 0.0713058 0.0740851 0.074108 0.0718534 0.0678717 0.0626773 0.0567143 0.0503429 0.0438384 0.0374057 0.0312017 0.0253536 0.0199719 0.0151561 0.0109948 0.00755671 0.00487341
 0.00781563 0.0127777 0.0193814 0.0276079 0.0371977 0.0474916 0.0574036 0.06569 0.0713985 0.0741645 0.0741711 0.0718993 0.0679025 0.0626973 0.056728 0.0503526 0.0438418 0.0373951 0.0311638 0.025274 0.0198417 0.0149788 0.0107881 0.00734796 0.00468935
 0.00785032 0.0128303 0.0194533 0.0276973 0.0372997 0.0475985 0.0575058 0.0657778 0.0714641 0.0742051 0.0741888 0.0719001 0.0678933 0.0626835 0.0567131 0.050338 0.0438267 0.0373753 0.0311315 0.0252197 0.0197578 0.0148647 0.010653 0.00720852 0.00456373
 0.00786873 0.0128587 0.0194933 0.027749 0.0373615 0.0476673 0.0575763 0.0658431 0.0715173 0.0742409 0.0742055 0.0719 0.0678813 0.062666 0.0566953 0.0503228 0.0438142 0.0373625 0.0311133 0.0251891 0.019709 0.014796 0.0105688 0.00711908 0.00448107
 0.00786645 0.012852 0.0194776 0.027719 0.0373129 0.0475997 0.0574955 0.0657606 0.0714473 0.0741955 0.0741914 0.0719174 0.0679257 0.0627303 0.0567721 0.0504053 0.0438963 0.0374383 0.0311765 0.0252337 0.0197303 0.0147925 0.010544 0.00708076 0.00443903
 0.00787314 0.0128574 0.0194756 0.0277004 0.0372678 0.047521 0.0573831 0.0656229 0.0713002 0.0740593 0.0740863 0.071859 0.0679212 0.0627777 0.0568614 0.0505221 0.0440256 0.0375666 0.0312927 0.0253295 0.0198 0.0148342 0.0105602 0.00707773 0.00442517
 0.00789701 0.0128929 0.0195224 0.0277552 0.0373234 0.0475673 0.0574074 0.065613 0.0712483 0.0739662 0.0739636 0.0717267 0.0678025 0.062692 0.0568196 0.050525 0.0440652 0.0376301 0.0313658 0.0253994 0.0198573 0.0148738 0.0105813 0.00708355 0.00442118
 0.00788214 0.0128692 0.0194879 0.0277082 0.0372639 0.0474965 0.0573286 0.0655309 0.0711677 0.0738908 0.073896 0.0716698 0.0677611 0.0626731 0.0568305 0.0505701 0.0441431 0.0377331 0.0314815 0.0255138 0.0199582 0.0149532 0.0106365 0.00711667 0.00443751
 0.00786943 0.0128459 0.019448 0.0276451 0.0371722 0.0473756 0.0571849 0.065378 0.0710231 0.0737711 0.0738121 0.071626 0.0677559 0.0627019 0.0568886 0.0506538 0.0442492 0.0378569 0.0316153 0.025647 0.0200797 0.015054 0.0107119 0.00716713 0.00446731
 0.00786203 0.01283 0.019417 0.0275905 0.0370853 0.0472512 0.0570247 0.065192 0.0708288 0.0735899 0.0736656 0.0715308 0.0677209 0.0627268 0.0569655 0.0507708 0.0443936 0.038017 0.0317806 0.0258073 0.0202251 0.0151762 0.0108063 0.00723332 0.00450911
 0.00784931 0.0128094 0.0193861 0.0275463 0.0370247 0.0471707 0.0569215 0.0650658 0.0706832 0.0734344 0.0735149 0.0714031 0.0676334 0.0626922 0.0569882 0.0508469 0.0445125 0.0381643 0.0319414 0.0259677 0.0203733 0.015303 0.0109062 0.00730535 0.00455619
 0.00781655 0.0127596 0.0193174 0.0274595 0.0369227 0.047058 0.0568034 0.0649481 0.0705712 0.0733321 0.0734255 0.0713304 0.067583 0.0626716 0.0570051 0.0509056 0.0446117 0.0382965 0.0320942 0.0261266 0.0205241 0.0154347 0.0110119 0.00738285 0.00460791
 0.0077819 0.0127003 0.0192231 0.0273201 0.036732 0.0468191 0.0565325 0.0646735 0.0703262 0.0731451 0.0733124 0.0712931 0.0676134 0.0627569 0.0571331 0.0510669 0.044799 0.0385022 0.0323087 0.0263379 0.0207194 0.0156028 0.0111458 0.00748101 0.0046736
 0.00776469 0.0126687 0.0191687 0.0272325 0.0366007 0.0466374 0.0563018 0.0644057 0.0700442 0.0728793 0.0730951 0.0711505 0.0675602 0.0627932 0.057247 0.0512395 0.0450105 0.0387351 0.0325481 0.0265704 0.0209326 0.0157862 0.0112925 0.00758912 0.00474651
 0.00773255 0.0126178 0.0190944 0.027131 0.0364693 0.0464746 0.0561087 0.0641873 0.0698106 0.0726458 0.0728818 0.0709804 0.067455 0.0627685 0.0573078 0.0513787 0.0452113 0.0389755 0.0328053 0.026824 0.0211659 0.0159868 0.0114529 0.00770758 0.00482671
 0.0093059 0.0148188 0.0217483 0.0298551 0.0387852 0.0479857 0.0566406 0.0638129 0.0687665 0.0712113 0.0712911 0.069393 0.0659661 0.0614319 0.0561523 0.0504168 0.0444416 0.038385 0.032372 0.0265215 0.0209665 0.015864 0.0113836 0.00767264 0.00481149
 0.00927056 0.0150524 0.0226129 0.031801 0.0421546 0.0527474 0.0622225 0.0691962 0.0728499 0.0732469 0.0711317 0.0674326 0.0628683 0.0578466 0.0525561 0.0470893 0.041515 0.035904 0.0303356 0.0249043 0.0197293 0.0149582 0.0107538 0.00726062 0.00456019
 0.00895148 0.0145482 0.0219024 0.0309304 0.0412906 0.0522145 0.0624638 0.0706151 0.0755665 0.0769177 0.0749933 0.0705917 0.0646761 0.0581235 0.0515607 0.0453063 0.0394278 0.033864 0.0285395 0.0234313 0.0185876 0.0141188 0.0101704 0.00687972 0.00432844
 0.0087984 0.0142894 0.0214949 0.0303307 0.0404708 0.051193 0.0613457 0.0696203 0.0750141 0.0771383 0.076179 0.072653 0.0672077 0.0605362 0.0533211 0.0461432 0.0393867 0.0332085 0.0275932 0.0224565 0.0177403 0.013461 0.00970292 0.00657281 0.00414218
 0.00873272 0.0141786 0.0213198 0.0300683 0.0400965 0.0506861 0.0606999 0.0688596 0.074212 0.0764325 0.0757638 0.0727301 0.0678961 0.0617826 0.0548766 0.0476437 0.0405034 0.0337766 0.0276451 0.0221581 0.0172898 0.0130123 0.00933888 0.00631627 0.00398087
 0.00868374 0.0141015 0.0212081 0.0299164 0.0398992 0.0504375 0.0603939 0.068492 0.0737853 0.0759655 0.0753044 0.0723652 0.067743 0.0619507 0.0554085 0.0484685 0.0414418 0.0346096 0.0282075 0.0223993 0.0172682 0.0128414 0.00912699 0.00613195 0.00385
 0.00867554 0.0140813 0.0211654 0.0298377 0.0397717 0.050255 0.0601609 0.0682223 0.0734966 0.0756729 0.0750194 0.0721032 0.067535 0.0618489 0.0554739 0.0487401 0.0419025 0.0351745 0.0287517 0.0228116 0.017497 0.0129039 0.00908315 0.00604702 0.00376878
 0.00865792 0.0140564 0.0211341 0.0298019 0.0397317 0.0502069 0.0600956 0.0681283 0.0733659 0.0755056 0.0748254 0.0718999 0.0673437 0.0616953 0.0553892 0.0487575 0.0420433 0.0354302 0.0290759 0.023133 0.0177498 0.0130552 0.00913962 0.00604106 0.00373656
 0.00864102 0.0140288 0.0210927 0.0297444 0.0396582 0.0501207 0.0600038 0.0680395 0.0732858 0.0754342 0.0747572 0.0718276 0.0672652 0.0616167 0.0553264 0.0487327 0.0420785 0.0355376 0.0292478 0.0233398 0.0179494 0.013211 0.00923542 0.00608268 0.00374296
 0.00866251 0.0140601 0.0211329 0.02979 0.0397033 0.0501585 0.0600273 0.0680437 0.0732682 0.0753952 0.0746993 0.071754 0.0671781 0.0615195 0.0552254 0.0486401 0.0420113 0.0355122 0.0292724 0.0234085 0.0180426 0.0133033 0.00930652 0.00612483 0.00376018
 0.0086615 0.0140636 0.0211475 0.029824 0.0397637 0.0502464 0.0601347 0.0681537 0.0733601 0.0754516 0.0747109 0.0717207 0.0671069 0.0614209 0.0551108 0.0485214 0.0419015 0.0354247 0.0292183 0.0233918 0.0180576 0.0133366 0.00934265 0.00615266 0.00377594
 0.00862356 0.0140043 0.0210631 0.0297143 0.0396338 0.0501081 0.0600069 0.0680585 0.0733159 0.0754654 0.0747749 0.0718161 0.0672114 0.0615163 0.055187 0.0485763 0.0419391 0.0354529 0.029246 0.0234257 0.0180999 0.0133837 0.00938753 0.00618887 0.00380046
 0.00862167 0.0139989 0.0210507 0.0296903 0.0395933 0.0500487 0.0599303 0.0679721 0.0732325 0.0753999 0.0747405 0.0718191 0.067249 0.061577 0.0552556 0.0486394 0.0419891 0.035489 0.0292725 0.023449 0.0181245 0.0134107 0.00941486 0.00621287 0.00381844
 0.00860681 0.0139757 0.0210175 0.0296459 0.0395371 0.0499807 0.0598515 0.0678854 0.0731431 0.0753165 0.0746736 0.0717799 0.0672457 0.0616119 0.0553231 0.0487274 0.0420835 0.0355778 0.029349 0.0235119 0.0181758 0.013453 0.00944941 0.00623989 0.0038379
 0.00861951 0.0139933 0.0210383 0.0296663 0.0395526 0.0499868 0.0598452 0.0678653 0.0731094 0.0752702 0.0746176 0.0717195 0.0671888 0.0615675 0.0552991 0.0487271 0.0421043 0.0356128 0.0293898 0.0235516 0.0182108 0.0134821 0.0094729 0.00625809 0.00385114
 0.00861951 0.0139933 0.0210383 0.0296663 0.0395526 0.0499868 0.0598452 0.0678653 0.0731094 0.0752702 0.0746176 0.0717195 0.0671888 0.0615675 0.0552991 0.0487271 0.0421043 0.0356128 0.0293898 0.0235516 0.0182108 0.0134821 0.0094729 0.00625809 0.00385114
 0.00882535 0.0143204 0.0215146 0.0303078 0.0403543 0.0509117 0.0608171 0.0687742 0.0738346 0.0757135 0.0747288 0.0715038 0.0666982 0.0608819 0.0545073 0.0479113 0.0413296 0.0349222 0.0288054 0.0230794 0.0178459 0.0132135 0.00928585 0.00613612 0.00377736
 0.00881878 0.0143339 0.0215797 0.0304687 0.0406566 0.051384 0.0614531 0.0695259 0.0746192 0.0764306 0.0752817 0.0718191 0.0667398 0.0606575 0.0540636 0.0473206 0.0406717 0.0342689 0.0282105 0.0225749 0.0174444 0.0129128 0.0090744 0.00599716 0.00369264
 0.00885456 0.0143847 0.0216441 0.0305449 0.0407484 0.0515074 0.0616377 0.0698056 0.0750138 0.0769271 0.075827 0.0723299 0.0671263 0.06085 0.0540309 0.0470756 0.0402634 0.0337667 0.0276854 0.0220855 0.0170288 0.0125877 0.00883922 0.00583977 0.00359549
 0.00907879 0.014739 0.0221562 0.0312284 0.0415938 0.0524734 0.0626462 0.070752 0.0757941 0.0774686 0.0761048 0.0723589 0.0669382 0.0604736 0.0534877 0.0463877 0.0394649 0.0329081 0.0268288 0.0212923 0.0163474 0.0120451 0.00843925 0.00556761 0.00342514
#pred catch len freq
 0.00448463 0.00707653 0.0102847 0.0140177 0.018222 0.0228673 0.0278747 0.0330742 0.0382335 0.0431163 0.0475234 0.0513113 0.0544029 0.0567854 0.0584888 0.0595582 0.0600338 0.059932 0.0592059 0.0576821 0.0550224 0.0508001 0.044734 0.0369839 0.0282841
 0.00468046 0.00732427 0.0105305 0.0141773 0.018215 0.0226652 0.027531 0.0327088 0.0379734 0.0430273 0.0475761 0.051402 0.0544144 0.0566509 0.0582288 0.0592733 0.0598595 0.0599733 0.0594816 0.0581087 0.0554493 0.0510811 0.0447943 0.0368434 0.02803
 0.00491016 0.00768409 0.0110416 0.0148366 0.0189818 0.0234501 0.0282023 0.0331288 0.0380575 0.0427927 0.0471373 0.0509075 0.0539657 0.0562635 0.0578578 0.0588781 0.0594523 0.0596177 0.0592457 0.0580104 0.0554366 0.0510609 0.0446894 0.0366346 0.0277571
 0.00513986 0.00804542 0.0115642 0.0155433 0.019887 0.0245535 0.0294728 0.0344837 0.0393541 0.0438487 0.0477849 0.0510579 0.0536449 0.05559 0.0569778 0.0579063 0.0584559 0.0586387 0.0583231 0.057178 0.0547046 0.0504106 0.0440924 0.0360802 0.0272622
 0.00538953 0.00843443 0.0121196 0.0162829 0.0208218 0.0256894 0.0308066 0.0359928 0.0409813 0.0454891 0.0492824 0.0522246 0.0543066 0.0556442 0.0564305 0.0568633 0.0570756 0.0570787 0.0567102 0.0556027 0.053228 0.049072 0.0429171 0.0350879 0.026469
 0.00566398 0.00885937 0.0127208 0.0170735 0.0218054 0.0268638 0.0321629 0.0375102 0.0426216 0.047191 0.0509552 0.0537432 0.0555151 0.0563778 0.0565559 0.0563231 0.0559116 0.0554201 0.0547337 0.053489 0.051134 0.0471215 0.0412022 0.0336697 0.0253752
 0.00592706 0.00927266 0.0133167 0.0178749 0.0228246 0.0281009 0.0336012 0.0391122 0.0443299 0.0489339 0.0526523 0.0553052 0.0568395 0.0573457 0.057039 0.0562065 0.0551301 0.0539897 0.052762 0.0511564 0.0486565 0.0447114 0.0390372 0.0318725 0.0240017
 0.00624179 0.00976046 0.0140078 0.0187856 0.0239602 0.0294589 0.0351681 0.0408555 0.0461914 0.0508297 0.0544798 0.0569556 0.0582086 0.058338 0.0575645 0.0561786 0.0544747 0.0526713 0.0508154 0.0487071 0.0459128 0.0419288 0.0364655 0.0297037 0.0223361
 0.00660969 0.0103271 0.014803 0.0198191 0.0252258 0.0309389 0.0368342 0.0426646 0.0480824 0.0527249 0.0562892 0.0585816 0.0595526 0.0593067 0.0580741 0.0561552 0.0538557 0.0514154 0.0489273 0.0462677 0.043096 0.0389867 0.0336775 0.0273088 0.0204757
 0.0070641 0.0110247 0.0157774 0.0210769 0.0267507 0.0326984 0.0387798 0.0447281 0.0501758 0.0547463 0.0581341 0.0601528 0.0607664 0.0600944 0.0583801 0.0559318 0.053061 0.0500193 0.0469304 0.0437309 0.0401673 0.0359009 0.0307176 0.024735 0.0184559
 0.00758129 0.0118171 0.0168808 0.0224954 0.0284616 0.0346607 0.0409349 0.0469954 0.052451 0.0569085 0.060059 0.0617275 0.0619007 0.060727 0.0584761 0.0554741 0.0520405 0.0484324 0.0447911 0.0410975 0.0371715 0.0327576 0.0276957 0.022093 0.0163694
 0.00802098 0.0125033 0.0178607 0.0237957 0.0300873 0.0365923 0.0431214 0.049348 0.0548464 0.0592028 0.0621063 0.0633961 0.0630863 0.0613596 0.0585216 0.0549278 0.0509162 0.0467545 0.0425981 0.03846 0.0342172 0.029684 0.0247498 0.0195157 0.0143281
 0.00837012 0.0130497 0.0186451 0.024846 0.0314197 0.0382098 0.0450066 0.0514514 0.0570786 0.0614368 0.0641901 0.0651732 0.0644185 0.0621461 0.0587067 0.054498 0.0498896 0.0451706 0.0405152 0.0359646 0.031441 0.026813 0.0220085 0.0171207 0.0124304
 0.00866291 0.0135101 0.01931 0.0257423 0.0325639 0.0396057 0.0466391 0.0532789 0.0590301 0.0634143 0.0660751 0.066836 0.0657307 0.0629961 0.0590142 0.0542223 0.04903 0.0437608 0.0386189 0.0336776 0.0288991 0.0241947 0.019519 0.0149527 0.0107156
 0.0089934 0.0140162 0.020015 0.0266507 0.0336664 0.0408868 0.0480772 0.0548413 0.0606656 0.065051 0.0676235 0.0681974 0.0668072 0.0637005 0.0592772 0.0539982 0.0483008 0.0425396 0.0369531 0.0316532 0.0266434 0.0218736 0.0173182 0.0130422 0.00920841
 0.00920805 0.0143599 0.0205224 0.0273505 0.0345764 0.0420059 0.0493776 0.0562658 0.0621353 0.0664797 0.0689299 0.0693099 0.0676643 0.064249 0.059473 0.053808 0.0477057 0.0415405 0.0355782 0.0299665 0.0247504 0.0199173 0.0154601 0.0114289 0.00793671
 0.00929163 0.0144963 0.0207303 0.0276516 0.0349959 0.0425709 0.05011 0.0571716 0.0631931 0.0676345 0.0700974 0.0703925 0.06857 0.0649068 0.0598358 0.0538483 0.0474094 0.0409062 0.0346228 0.0287348 0.0233236 0.0184111 0.014009 0.0101575 0.0069287
 0.00938109 0.0146278 0.0209032 0.0278586 0.0352291 0.0428294 0.0504061 0.0575296 0.0636412 0.0681916 0.0707604 0.0711274 0.0693141 0.0655793 0.0603551 0.0541472 0.0474431 0.0406538 0.0340875 0.027947 0.0223447 0.0173329 0.0129414 0.00920465 0.00616382
 0.00943692 0.0147159 0.0210303 0.0280285 0.0354409 0.0430764 0.0506759 0.0578076 0.0639179 0.0684689 0.0710522 0.0714513 0.0696772 0.0659661 0.0607246 0.0544401 0.0475966 0.0406172 0.0338341 0.0274808 0.0217037 0.0165855 0.0121745 0.00850423 0.00559264
 0.00955281 0.0148773 0.0212239 0.0282264 0.0356103 0.0431942 0.050739 0.0578327 0.0639311 0.0684945 0.0711064 0.0715441 0.0698151 0.0661514 0.0609486 0.0546763 0.0478005 0.0407347 0.0338173 0.0273039 0.0213732 0.0161416 0.011681 0.00803031 0.00519325
 0.00970331 0.0151026 0.0215256 0.0285905 0.0360072 0.0435826 0.0510715 0.0580649 0.0640346 0.0684678 0.0709776 0.0713604 0.0696266 0.0659963 0.0608468 0.0546283 0.0477879 0.0407239 0.0337674 0.0271796 0.0211586 0.015848 0.0113442 0.00769758 0.00490647
 0.00977926 0.015226 0.021711 0.0288502 0.0363476 0.0439978 0.0515373 0.0585364 0.0644521 0.0687704 0.0711207 0.07133 0.0694442 0.0657117 0.0605209 0.0543136 0.0475151 0.0404975 0.0335703 0.0269851 0.0209442 0.0156065 0.0110875 0.00745025 0.00469421
 0.00984725 0.0153248 0.0218388 0.0290001 0.0365131 0.0441788 0.0517424 0.0587776 0.0647325 0.0690733 0.0714066 0.071547 0.0695464 0.0656781 0.060363 0.0540697 0.0472337 0.0402192 0.0333165 0.0267573 0.0207327 0.0154021 0.0108899 0.00726846 0.00454089
 0.00982785 0.0152954 0.0217986 0.0289496 0.0364542 0.044115 0.0516806 0.05873 0.0647177 0.0691129 0.0715167 0.0717269 0.0697727 0.0659083 0.0605512 0.0541842 0.0472672 0.0401862 0.0332411 0.0266603 0.0206259 0.0152906 0.0107774 0.00716161 0.00444796
