SBPRF35
10.2598
Curr Bio
653779
B35
772499
F35
0.187905
FOFL
0.160581
OFL
86159.4
Bzero
2.93136e+006
#pred survey bio
 4.06379e+006 3.91234e+006 3.76157e+006 3.55516e+006 3.2962e+006 3.01414e+006 2.74528e+006 2.46406e+006 2.20914e+006 1.94358e+006 1.68096e+006 1.49593e+006 1.32885e+006 1.16529e+006 1.02351e+006 908666 826000 759361 706640 671106 644320 640025 636997 619787 602618 579803 585528 589075 583891 583284 582470 579549 579687 581325 563397 540711 519671 517808 517561 518706 521048 527263 521922 535131 540211 547315 548151 546571 562420 572173 576151 640088 629616 611321 660899 2.35353e+007 1.43474e+007 1.47991e+007 1.56739e+007 1.67935e+007 1.79628e+007 1.90492e+007 1.99857e+007 2.0753e+007 2.13603e+007 2.18295e+007 2.21861e+007 2.24543e+007 2.26549e+007 2.28046e+007 2.29162e+007 2.29996e+007 2.30621e+007 2.31092e+007 2.31448e+007 2.31719e+007 2.31927e+007 2.32086e+007 2.32209e+007 2.32305e+007 2.32379e+007 2.32437e+007 2.32482e+007 2.32518e+007 2.32546e+007 2.32568e+007 2.32586e+007 2.326e+007 2.32611e+007 2.3262e+007 2.32627e+007 2.32632e+007 2.32637e+007 2.3264e+007 2.32643e+007 2.32645e+007 2.32647e+007 2.32648e+007 2.3265e+007 2.32651e+007 2.32651e+007 2.32652e+007 2.32652e+007 2.32653e+007 2.32653e+007 2.32653e+007 2.32653e+007 2.32654e+007 2.32654e+007 2.32654e+007 2.32654e+007 2.32654e+007 2.32654e+007 2.32654e+007 2.32654e+007 2.32654e+007 2.32654e+007 2.32654e+007 2.32654e+007 2.32654e+007 2.32654e+007 2.32654e+007 2.32654e+007 2.32654e+007 2.32654e+007 2.32654e+007 2.32654e+007 2.32654e+007 2.32654e+007 2.32654e+007 2.32654e+007 2.32654e+007 2.32654e+007 2.32654e+007 2.32654e+007 2.32654e+007 2.32654e+007 2.32654e+007 2.32654e+007 2.32654e+007 2.32654e+007 2.32654e+007 2.32654e+007 2.32654e+007 2.32654e+007 2.32654e+007 2.32654e+007 2.32654e+007 2.32654e+007 2.32654e+007 2.32654e+007 2.32654e+007 2.32654e+007 2.32654e+007 2.32654e+007 0 0 0 0 0 0 0 0 0 0 0 0 0 0 0 0 0 0 0 0 0 0 0 0 0
#obs survey bio
 3.42671e+006 2.56004e+006 3.97103e+006 3.01522e+006 3.33096e+006 4.31512e+006 2.50184e+006 1.88085e+006 1.7151e+006 1.75096e+006 1.39364e+006 1.10982e+006 1.0754e+006 1.28155e+006 926928 679128 807887 515412 475670 489666 606825 648171 999741 579189 660703 691201 386445 539915 585748 776133 514267 723433 874971 685961 506220 572924 592945 503088 478203 693700 559764 459799 599235 638246 692733 547564 513452 918042 628796 439167 626456 819059 454913 516051 578774
#pred catch bio
 98492.8 98212.1 154805 214074 251214 258457 291256 289118 317761 330022 272346 265280 267123 249915 226923 198713 183183 168031 149752 138776 117425 114845 123618 119236 120077 94469.9 97071.9 104314 99138.4 97329.7 96437.8 90982.5 86967.1 100021 99863.7 96500.2 82462.4 85562.9 87783.7 88911.1 87289.9 97639.8 82319.3 89580 87953.7 93495.8 95448.1 81553.3 88555 94838.7 47570.5 112264 118252 64211.6 98503.8 86159.4 100971 102969 107892 115083 122796 129920 135951 140768 144459 147201 149191 150608 151604 152296 152772 153097 153319 153468 153569 153637 153682 153713 153733 153747 153756 153762 153766 153768 153770 153771 153772 153772 153773 153773 153773 153773 153773 153773 153773 153773 153773 153773 153773 153773 153773 153773 153773 153773 153773 153773 153773 153773 153773 153773 153773 153773 153773 153773 153773 153773 153773 153773 153773 153773 153773 153773 153773 153773 153773 153773 153773 153773 153773 153773 153773 153773 153773 153773 153773 153773 153773 153773 153773 153773 153773 153773 153773 153773 153773 153773 153773 153773 153773 153773 153773 153773 153773 153773 153773 0 0 0 0 0 0 0 0 0 0 0 0 0 0 0 0 0 0 0 0 0 0 0 0 0
#obs catch bio
 0 98033.1 155328 215323 252485 258778 292225 291574 322454 335974 275633 269728 272294 253138 230894 202956 186981 171879 152480 141472 118604 116064 124870 119761 120101 94225.5 97627.6 105392 100047 97980 96878.8 90842.5 86534.3 99435 99420.2 96291.7 81840.3 84935.2 87254.4 88273.7 86962.4 97912.8 82235.7 89349.1 87269.5 92973.4 95508.1 80771.8 88063.3 95269.6 46954.4 112091 118465 63645.4 98808.2
#pred cpue bio
 4.00354e+006 3.8551e+006 3.70637e+006 3.50097e+006 3.24335e+006 2.96269e+006 2.6948e+006 2.41439e+006 2.16024e+006 1.89641e+006 1.63611e+006 1.45243e+006 1.2868e+006 1.12521e+006 985267 871894 790478 725380 674269 640070 614468 610626 608090 592046 575989 554069 559517 562757 557801 557667 557535 555352 556107 558305 541399 519658 498582 495305 493913 494685 496924 502893 497701 510707 515884 522856 523568 521997 537373 546636 550263 612752 602846 584207 631891 2.25437e+007 1.37666e+007 1.41045e+007 1.48548e+007 1.59318e+007 1.70913e+007 1.81757e+007 1.91118e+007 1.98791e+007 2.04864e+007 2.09556e+007 2.13122e+007 2.15804e+007 2.1781e+007 2.19307e+007 2.20423e+007 2.21257e+007 2.21882e+007 2.22353e+007 2.22709e+007 2.2298e+007 2.23188e+007 2.23347e+007 2.2347e+007 2.23566e+007 2.2364e+007 2.23698e+007 2.23743e+007 2.23779e+007 2.23807e+007 2.23829e+007 2.23847e+007 2.23861e+007 2.23872e+007 2.23881e+007 2.23888e+007 2.23893e+007 2.23898e+007 2.23901e+007 2.23904e+007 2.23906e+007 2.23908e+007 2.23909e+007 2.23911e+007 2.23912e+007 2.23912e+007 2.23913e+007 2.23913e+007 2.23914e+007 2.23914e+007 2.23914e+007 2.23914e+007 2.23915e+007 2.23915e+007 2.23915e+007 2.23915e+007 2.23915e+007 2.23915e+007 2.23915e+007 2.23915e+007 2.23915e+007 2.23915e+007 2.23915e+007 2.23915e+007 2.23915e+007 2.23915e+007 2.23915e+007 2.23915e+007 2.23915e+007 2.23915e+007 2.23915e+007 2.23915e+007 2.23915e+007 2.23915e+007 2.23915e+007 2.23915e+007 2.23915e+007 2.23915e+007 2.23915e+007 2.23915e+007 2.23915e+007 2.23915e+007 2.23915e+007 2.23915e+007 2.23915e+007 2.23915e+007 2.23915e+007 2.23915e+007 2.23915e+007 2.23915e+007 2.23915e+007 2.23915e+007 2.23915e+007 2.23915e+007 2.23915e+007 2.23915e+007 2.23915e+007 2.23915e+007 2.23915e+007 2.23915e+007 0 0 0 0 0 0 0 0 0 0 0 0 0 0 0 0 0 0 0 0 0 0 0 0 0
#obs cpue bio
 4.03018e+006 2.67731e+006 3.73677e+006 3.06717e+006 4.12342e+006 2.97928e+006 2.82755e+006 1.35373e+006 1.80236e+006 1.77782e+006 1.84766e+006 1.30284e+006 1.26448e+006 1.23441e+006 675914 654866 633136 683226 877170 631478 746003 494659 412222 767289 772513 437993 474476 447412 473056 457177 712780 689106 467687 634228 548746 465559 631285 610217 522981 447539 351223 452112 423384 615372 598747 504051 396449 633615 422141 504170 615021 713766 616631 694015 639880
#pred surv len freq
 0.00471236 0.00770268 0.0116881 0.0166769 0.0225571 0.0290082 0.0354807 0.0413404 0.0461118 0.0496368 0.0520425 0.0535916 0.0545485 0.0551136 0.055405 0.0554625 0.0552642 0.0547423 0.0537746 0.0521469 0.049528 0.045537 0.0399413 0.0329029 0.0250841
 0.00493602 0.00797357 0.0119291 0.016771 0.022394 0.0285493 0.0348007 0.0406084 0.0455142 0.0492858 0.0519287 0.0536069 0.0545576 0.0550297 0.055232 0.0552897 0.0552199 0.054929 0.0542137 0.0527602 0.0501682 0.0460529 0.0402427 0.0329879 0.0250188
 0.00508217 0.00823554 0.0123609 0.0174183 0.0232603 0.0295574 0.0357811 0.041343 0.0458286 0.049137 0.0514226 0.052929 0.0538679 0.0543976 0.0546483 0.0547285 0.0546942 0.0544968 0.0539377 0.0526565 0.0501847 0.0460946 0.0402241 0.0328758 0.0248373
 0.0052265 0.00847013 0.0127163 0.0179286 0.0239622 0.0304811 0.0369292 0.042661 0.0471842 0.0503318 0.0522477 0.0532445 0.0536585 0.0537658 0.0537505 0.0537064 0.0536449 0.0534852 0.0530158 0.0518623 0.049527 0.0455484 0.0397496 0.0324469 0.0244554
 0.0054351 0.00880263 0.0132045 0.0185986 0.0248304 0.0315505 0.038183 0.0440596 0.0486642 0.0518033 0.0535881 0.0543013 0.0542767 0.0538367 0.0532566 0.0527288 0.0523293 0.0519912 0.0514808 0.0503879 0.048179 0.0443618 0.0387378 0.0316129 0.0237995
 0.00573374 0.00927208 0.0138811 0.0195056 0.0259745 0.0329171 0.0397306 0.0457185 0.0503457 0.0534144 0.0550412 0.0555112 0.0551507 0.0542732 0.0531641 0.0520607 0.0511137 0.0503346 0.0495417 0.0483386 0.0461739 0.0425218 0.0371466 0.0303185 0.0228158
 0.00606683 0.00980162 0.0146553 0.0205598 0.0273241 0.0345463 0.0415818 0.0476916 0.0523142 0.0552514 0.056642 0.0567993 0.0560697 0.0547714 0.0531852 0.0515487 0.050036 0.0487116 0.0474657 0.045968 0.0437055 0.0401537 0.0350447 0.0285935 0.0215119
 0.00636318 0.0102919 0.0154084 0.0216437 0.0287897 0.0364039 0.0437778 0.0501026 0.0547675 0.0575619 0.0586472 0.0583797 0.0571509 0.0553152 0.053173 0.0509672 0.0488743 0.0469764 0.0452085 0.043309 0.0408352 0.0373065 0.0324512 0.02643 0.0198653
 0.0065512 0.0106119 0.0159178 0.022408 0.0298729 0.0378498 0.0455888 0.0522253 0.0570921 0.059936 0.0608963 0.0603316 0.058659 0.0562746 0.0535236 0.050685 0.0479585 0.0454448 0.0431101 0.0407459 0.0379803 0.0343936 0.029734 0.0241215 0.0180869
 0.00679763 0.0110091 0.0165099 0.0232367 0.030973 0.0392411 0.0472656 0.0541476 0.0591854 0.0620971 0.0630012 0.0622432 0.0602373 0.0573909 0.0540752 0.0506044 0.0472157 0.0440464 0.041103 0.0382307 0.0351249 0.0314306 0.0269266 0.0217035 0.0162034
 0.00720303 0.0116426 0.0174159 0.0244391 0.0324723 0.0410106 0.0492458 0.0562468 0.0612918 0.0640995 0.0648044 0.0637707 0.0614234 0.058171 0.0543826 0.0503751 0.0463992 0.0426196 0.0390863 0.0357054 0.0322466 0.0284255 0.0240585 0.0192142 0.0142502
 0.00746222 0.0120668 0.0180585 0.0253493 0.0336824 0.0425184 0.0509989 0.0581423 0.0631981 0.0658887 0.0663786 0.0650683 0.0624095 0.0588205 0.0546651 0.0502483 0.0458124 0.0415284 0.0374762 0.0336184 0.029801 0.0258158 0.0215248 0.0169851 0.012482
 0.00766349 0.0124026 0.01858 0.0261101 0.0347281 0.0438695 0.0526313 0.0599791 0.0651167 0.0677435 0.0680283 0.0664 0.0633525 0.059347 0.054777 0.0499567 0.04512 0.0404265 0.0359591 0.0317122 0.0275919 0.0234604 0.0192291 0.014954 0.0108612
 0.00798809 0.0129103 0.0193075 0.0270797 0.0359465 0.0453247 0.0542869 0.0617677 0.0669417 0.0694887 0.0695723 0.0676312 0.064184 0.059728 0.0546966 0.0494355 0.0441945 0.0391332 0.0343313 0.0297938 0.025461 0.0212456 0.0170997 0.0130817 0.00936982
 0.00833687 0.013465 0.020118 0.0281806 0.0373473 0.0469966 0.0561518 0.0637015 0.0687975 0.0711307 0.0708999 0.0685835 0.0647295 0.0598533 0.054402 0.0487365 0.0431215 0.0377285 0.0326454 0.0278881 0.0234192 0.0191825 0.0151553 0.0113937 0.00803504
 0.00854925 0.0138224 0.0206777 0.0290018 0.038476 0.0484431 0.0578689 0.0655785 0.0706788 0.0728494 0.0723126 0.0695919 0.0652864 0.0599553 0.0540754 0.0480223 0.0420658 0.0363799 0.0310577 0.0261265 0.0215668 0.0173443 0.0134497 0.00993093 0.00688847
 0.00859542 0.0139111 0.0208378 0.0292727 0.0389035 0.0490696 0.0587205 0.0666524 0.0719337 0.0742037 0.0736515 0.070786 0.0662164 0.0605349 0.0542626 0.0478169 0.041498 0.0354977 0.0299195 0.0248009 0.0201365 0.0159064 0.0121083 0.00877875 0.0059854
 0.00862665 0.0139621 0.0209162 0.0293883 0.0390701 0.0493067 0.059052 0.067103 0.0725215 0.0749294 0.0744891 0.0716776 0.0670767 0.061265 0.0547701 0.0480349 0.0413962 0.0350832 0.0292305 0.0238992 0.0191019 0.014831 0.0110869 0.00789334 0.00528835
 0.00867255 0.0140305 0.0210076 0.0294995 0.0391964 0.0494443 0.0592019 0.0672727 0.0727254 0.0751873 0.0748202 0.0720911 0.0675607 0.0617798 0.0552508 0.0484039 0.0415822 0.0350389 0.0289441 0.0233966 0.0184409 0.0140907 0.0103531 0.0072413 0.00476761
 0.00867454 0.014031 0.0210033 0.0294858 0.0391686 0.0494002 0.0591442 0.0672109 0.0726764 0.0751744 0.0748699 0.072228 0.0677997 0.0621175 0.0556591 0.0488296 0.0419557 0.0352904 0.0290224 0.0232837 0.0181571 0.013689 0.00990396 0.00681335 0.00441103
 0.00879409 0.0141943 0.0211917 0.0296629 0.0392905 0.0494321 0.0590744 0.0670536 0.0724653 0.0749508 0.0746744 0.0720952 0.0677557 0.0621769 0.0558204 0.0490713 0.0422353 0.0355507 0.0292052 0.0233461 0.018086 0.0135042 0.00965056 0.0065452 0.00417324
 0.00869366 0.01405 0.0210087 0.0294548 0.0390717 0.0492078 0.0588361 0.0667869 0.0721654 0.0746375 0.0743933 0.0719046 0.0677058 0.0622932 0.0560979 0.0494783 0.0427213 0.036054 0.029662 0.0237029 0.018311 0.0135956 0.0096342 0.00646354 0.00406959
 0.00844487 0.013681 0.0205201 0.0288728 0.0384436 0.0485916 0.0582897 0.0663581 0.0718827 0.0745039 0.0743905 0.072007 0.0678964 0.0625701 0.056467 0.0499394 0.0432561 0.0366244 0.0302163 0.0241881 0.0186865 0.0138439 0.00976418 0.0065041 0.0040575
 0.00842899 0.013633 0.0204086 0.0286592 0.0380972 0.0481111 0.0577174 0.065776 0.0713859 0.0741663 0.0742411 0.0720291 0.068046 0.062801 0.0567485 0.0502599 0.0436137 0.037013 0.0306166 0.0245678 0.0190104 0.0140865 0.00991852 0.00658195 0.00408225
 0.00853152 0.0137773 0.0205825 0.0288333 0.0382274 0.0481469 0.0576146 0.0655109 0.0709693 0.0736507 0.0737111 0.0715759 0.0677368 0.0626604 0.0567618 0.050391 0.0438252 0.0372749 0.0309044 0.024857 0.0192748 0.0143029 0.0100737 0.00667671 0.00412905
 0.00885412 0.0142553 0.0212145 0.029584 0.0390333 0.0489275 0.0582826 0.0659809 0.0711697 0.0735412 0.0732992 0.0709219 0.066942 0.0618402 0.0560157 0.0497817 0.0433748 0.0369749 0.0307297 0.0247764 0.0192563 0.0143168 0.0100965 0.00669427 0.00413656
 0.008882 0.0143095 0.0213111 0.0297401 0.0392582 0.0492119 0.0585917 0.0662586 0.0713555 0.0735905 0.0731964 0.0706818 0.0666022 0.0614522 0.0556358 0.0494611 0.0431491 0.036857 0.03071 0.0248296 0.0193508 0.0144228 0.0101919 0.00676673 0.00418365
 0.00869967 0.0140585 0.0210177 0.0294586 0.039057 0.0491507 0.0587 0.0665257 0.0717339 0.074008 0.073574 0.0709526 0.0667278 0.0614306 0.0554977 0.0492583 0.0429378 0.0366838 0.0306016 0.0247906 0.0193675 0.0144726 0.0102518 0.00682033 0.00422294
 0.00853646 0.0138081 0.0206712 0.0290236 0.038564 0.0486555 0.0582822 0.066274 0.0717181 0.0742486 0.0740275 0.0715234 0.0673011 0.0619086 0.0558253 0.0494285 0.0429828 0.0366552 0.0305508 0.0247541 0.0193612 0.0144944 0.0102894 0.0068602 0.00425579
 0.00835858 0.0135264 0.0202621 0.0284732 0.0378735 0.0478508 0.0574217 0.0654503 0.0710449 0.0738352 0.0739485 0.0717945 0.0678715 0.0626742 0.0566584 0.0502147 0.0436479 0.0371736 0.0309359 0.0250381 0.0195765 0.0146629 0.0104217 0.0069598 0.00432537
 0.00823678 0.0133267 0.0199589 0.0280424 0.037299 0.0471335 0.0565899 0.0645633 0.0701883 0.0731075 0.0734447 0.0715893 0.0680023 0.0631279 0.0573689 0.0510766 0.0445436 0.038004 0.0316404 0.0255972 0.0200003 0.0149743 0.0106445 0.00711364 0.00442604
 0.00814845 0.0131848 0.019748 0.0277483 0.0369103 0.0466444 0.0560051 0.0639029 0.0694897 0.0724247 0.0728444 0.0711436 0.0677777 0.0631701 0.0576883 0.0516392 0.0452749 0.0388064 0.0324187 0.0262805 0.0205527 0.0153912 0.0109408 0.0073127 0.00455195
 0.0080528 0.0130295 0.0195148 0.0274211 0.036479 0.0461107 0.0553871 0.063236 0.0688204 0.0718017 0.072312 0.0707415 0.0675425 0.063135 0.0578763 0.0520525 0.0458849 0.0395524 0.0332179 0.0270484 0.0212224 0.0159259 0.0113342 0.00758038 0.00472056
 0.00787243 0.0127559 0.0191393 0.0269482 0.0359233 0.0454929 0.0547325 0.0625749 0.068189 0.0712397 0.071858 0.0704279 0.0673931 0.063165 0.0580935 0.0524559 0.0464599 0.040264 0.0340093 0.0278476 0.021958 0.0165439 0.0118085 0.00791317 0.004934
 0.00790708 0.0127963 0.0191713 0.0269494 0.0358703 0.0453708 0.0545418 0.06233 0.0679092 0.0709392 0.0715439 0.0701063 0.0670783 0.0628843 0.0578845 0.0523575 0.046501 0.0404539 0.0343312 0.0282598 0.0224029 0.0169637 0.01216 0.00817631 0.00511088
 0.00856506 0.013734 0.0203371 0.0282101 0.0370456 0.0462924 0.0551014 0.0624957 0.0677117 0.0704461 0.0708367 0.0692646 0.0661714 0.06197 0.0570129 0.0515755 0.0458523 0.0399721 0.034031 0.02813 0.0224081 0.0170536 0.0122838 0.00829521 0.00520383
 0.00932435 0.0149165 0.0220121 0.030386 0.0396451 0.049129 0.0578744 0.0648311 0.0692586 0.0709912 0.0703686 0.0679541 0.0642873 0.0597871 0.0547556 0.0494037 0.0438726 0.0382542 0.032616 0.0270316 0.0216117 0.0165187 0.0119535 0.00810878 0.00510801
 0.00932438 0.0150046 0.0223064 0.031047 0.0408303 0.0509199 0.0602096 0.0674848 0.071881 0.0731933 0.071821 0.0684656 0.063843 0.0585344 0.0529451 0.0473127 0.0417437 0.0362658 0.0308812 0.025609 0.020516 0.0157298 0.0114258 0.0077827 0.00492276
 0.00909226 0.0146702 0.0218888 0.0306075 0.0404762 0.0507981 0.0604847 0.0682956 0.0732775 0.0750803 0.0739457 0.0704717 0.0653756 0.0593478 0.0529656 0.0466359 0.0405787 0.0348591 0.0294529 0.0243183 0.0194533 0.0149252 0.0108646 0.00742294 0.00471156
 0.00902166 0.0145383 0.021661 0.0302481 0.0399667 0.0501632 0.0598143 0.0677441 0.0730323 0.0753047 0.0747152 0.0717286 0.0669241 0.0608998 0.054226 0.0473942 0.0407658 0.0345478 0.028809 0.0235328 0.0186869 0.0142801 0.0103822 0.00709857 0.00451462
 0.00903237 0.0145492 0.0216636 0.0302267 0.0398971 0.050016 0.0595637 0.0673842 0.0725976 0.0748823 0.0744354 0.0717264 0.0672816 0.0615977 0.0551324 0.0483029 0.0414707 0.0349163 0.0288197 0.0232632 0.0182659 0.0138337 0.00999755 0.00681404 0.00432977
 0.00891282 0.0143801 0.0214557 0.0300045 0.0396905 0.0498466 0.0594337 0.0672756 0.0724821 0.0747395 0.0742716 0.0715858 0.0672401 0.0617336 0.0554848 0.048839 0.0420852 0.0354694 0.0291948 0.0234113 0.0182139 0.0136576 0.0097822 0.00662136 0.00418832
 0.00889457 0.014352 0.0214171 0.0299581 0.0396445 0.0498151 0.059435 0.0673242 0.072578 0.0748603 0.0743768 0.0716349 0.0672164 0.06166 0.0554162 0.0488339 0.0421702 0.0356208 0.0293501 0.0235038 0.0182077 0.013561 0.00963503 0.00646984 0.0040645
 0.00877244 0.0141506 0.0211101 0.0295228 0.0390708 0.0491188 0.0586679 0.0665737 0.0719489 0.0744463 0.0742328 0.0717625 0.0675693 0.0621647 0.056 0.0494449 0.0427794 0.0362079 0.0298882 0.0239574 0.0185456 0.0137731 0.00973804 0.00649844 0.00405545
 0.00882149 0.0142133 0.0211719 0.0295573 0.0390439 0.0489971 0.0584291 0.0662155 0.0714952 0.0739485 0.0737625 0.0713954 0.0673635 0.0621437 0.0561492 0.0497226 0.0431348 0.0365947 0.0302683 0.0242989 0.0188226 0.0139705 0.00985633 0.00655333 0.00407015
 0.00885066 0.0142592 0.0212373 0.0296411 0.0391379 0.0490834 0.0584785 0.0661925 0.0713689 0.0737063 0.0734205 0.0709997 0.0669799 0.0618401 0.0559758 0.0496991 0.0432482 0.0368084 0.0305353 0.0245739 0.019069 0.0141648 0.0099901 0.00663183 0.00410761
 0.00879758 0.0141967 0.0211868 0.0296362 0.0392137 0.0492601 0.0587474 0.0665127 0.0716767 0.0739332 0.0735123 0.0709309 0.0667614 0.0615174 0.0556168 0.0493741 0.0430104 0.0366811 0.0305113 0.0246244 0.0191572 0.0142578 0.0100663 0.00668261 0.0041349
 0.0089085 0.0143443 0.0213501 0.0297796 0.0393024 0.0492808 0.0587216 0.0664888 0.0717039 0.0740319 0.0736597 0.071071 0.0668318 0.0614771 0.0554627 0.0491399 0.0427508 0.0364506 0.0303463 0.0245353 0.0191317 0.0142718 0.0100954 0.0067102 0.0041536
 0.00895071 0.0143997 0.0214077 0.029818 0.0392918 0.0491899 0.058528 0.0661918 0.0713351 0.0736554 0.073356 0.070907 0.066832 0.0616148 0.0556764 0.0493646 0.0429448 0.036604 0.0304715 0.0246497 0.0192448 0.0143813 0.0101924 0.00678642 0.00420614
 0.00891664 0.0143677 0.0214016 0.0298707 0.0394327 0.0494251 0.0588267 0.0664884 0.0715506 0.0737283 0.0732678 0.0706889 0.0665509 0.061344 0.0554673 0.0492323 0.0428744 0.0365697 0.0304538 0.0246419 0.0192479 0.0143963 0.010216 0.00681211 0.00422814
 0.00884306 0.0142639 0.0212761 0.0297447 0.0393384 0.0493999 0.0589037 0.0666841 0.0718524 0.0740882 0.0736107 0.0709372 0.0666545 0.0612994 0.0553139 0.0490298 0.0426756 0.0364047 0.0303304 0.0245554 0.019191 0.0143629 0.0102005 0.00680869 0.00423088
 0.00846441 0.0136426 0.0203347 0.0284194 0.0376071 0.0473191 0.0566374 0.064496 0.0700485 0.0729314 0.0732465 0.0713633 0.0677388 0.0628326 0.0570714 0.0508224 0.0443731 0.0379329 0.0316541 0.0256612 0.0200785 0.0150426 0.0106935 0.00714454 0.00444392
 0.00899645 0.0144266 0.0213601 0.0296133 0.0388401 0.0484266 0.0574454 0.0648541 0.0698715 0.0722365 0.0721632 0.0700987 0.0665109 0.0618048 0.0563187 0.0503371 0.0440982 0.0377993 0.0316046 0.0256581 0.0200991 0.0150733 0.0107255 0.00717255 0.00446542
 0.00911039 0.0146846 0.0218772 0.0305263 0.0402545 0.050341 0.0596946 0.0671173 0.0717576 0.0734088 0.0724412 0.0694966 0.0652098 0.0600817 0.0544631 0.0485822 0.0425848 0.0365778 0.0306627 0.0249544 0.0195874 0.0147129 0.0104824 0.00701752 0.00437311
 0.00822314 0.0133609 0.0201138 0.0284182 0.0379943 0.0481976 0.0579772 0.0661155 0.0716553 0.0742044 0.0739273 0.071329 0.0670339 0.0616479 0.0556772 0.0494813 0.0432713 0.0371524 0.0311858 0.0254407 0.0200236 0.0150787 0.0107659 0.00721945 0.00450497
#obs surv len freq
 nan nan nan nan nan nan nan nan nan nan nan nan nan nan nan nan nan nan nan nan nan nan nan nan nan
 0.00448621 0.0073488 0.0111807 0.0159996 0.0217034 0.0279821 0.0342986 0.0400309 0.0447095 0.0481706 0.0505245 0.0520157 0.0529034 0.0534116 0.0537225 0.0539748 0.0542516 0.0545431 0.054681 0.0542726 0.0527108 0.0493437 0.0437948 0.0362768 0.0276626
 0.00461688 0.00756256 0.0115045 0.0164587 0.0223149 0.0287458 0.0351878 0.0409894 0.0456594 0.0490267 0.0512108 0.0524765 0.053109 0.0533597 0.0534336 0.0534852 0.0536042 0.0537806 0.0538426 0.0533954 0.0518337 0.0485097 0.0430485 0.0356559 0.0271881
 0.00477382 0.00782062 0.0118983 0.0170223 0.0230749 0.0297107 0.0363361 0.0422647 0.0469761 0.0502847 0.0523097 0.0533284 0.053647 0.053544 0.0532554 0.0529649 0.0527854 0.0527216 0.0526091 0.0520573 0.050466 0.0471927 0.0418618 0.0346651 0.0264294
 0.00496834 0.00813808 0.0123785 0.0177032 0.0239862 0.030862 0.0377054 0.0437929 0.0485737 0.0518456 0.0537265 0.0545013 0.0544904 0.0539915 0.0532655 0.0525256 0.0519162 0.0514717 0.0510538 0.0502937 0.0486097 0.0453714 0.0402019 0.03327 0.0253571
 0.00518694 0.00849428 0.0129162 0.018464 0.0250017 0.0321419 0.0392247 0.0454873 0.0503477 0.05359 0.0553334 0.0558727 0.0555401 0.0546456 0.0534647 0.0522301 0.0511129 0.0501812 0.0493363 0.0482521 0.0463869 0.0431387 0.038135 0.0315154 0.0240003
 0.00540779 0.0088577 0.0134713 0.0192593 0.0260757 0.0335084 0.0408574 0.047315 0.0522647 0.0554768 0.0570758 0.0573716 0.0567122 0.0554215 0.0537852 0.052047 0.0503932 0.0489183 0.0475647 0.0460612 0.0439265 0.040608 0.0357511 0.0294667 0.0224029
 0.00563903 0.00923808 0.0140522 0.0200918 0.0272014 0.0349437 0.0425779 0.0492488 0.0543017 0.0574893 0.0589386 0.0589752 0.057968 0.0562604 0.0541539 0.0519024 0.0497016 0.0476624 0.0457606 0.0437804 0.0413117 0.037869 0.0331317 0.027189 0.0206111
 0.00587649 0.00962667 0.014642 0.0209317 0.0283303 0.0363768 0.0442916 0.0511744 0.0563345 0.0595066 0.0608185 0.0606083 0.0592625 0.0571428 0.0545676 0.0518038 0.0490573 0.0464527 0.0439929 0.0415128 0.0386747 0.0350687 0.0304202 0.0248059 0.0187201
 0.00613496 0.0100467 0.0152737 0.0218216 0.0295126 0.0378598 0.0460436 0.0531188 0.0583606 0.0614907 0.0626438 0.0621749 0.0604895 0.0579666 0.054938 0.0516807 0.0484086 0.0452576 0.0422545 0.0392801 0.0360665 0.0322808 0.0277007 0.0223982 0.0167967
 0.00638137 0.0104536 0.0158978 0.0227185 0.0307251 0.0393992 0.0478713 0.0551421 0.0604481 0.0635006 0.064449 0.0636763 0.0616167 0.0586728 0.0551919 0.0514592 0.0476922 0.0440324 0.0405241 0.0370878 0.0335195 0.0295604 0.0250418 0.0200361 0.0149021
 0.00661022 0.0108293 0.01647 0.0235368 0.0318296 0.0408061 0.0495569 0.0570351 0.0624366 0.0654512 0.0662287 0.0651694 0.0627356 0.0593606 0.0554191 0.0512142 0.0469716 0.0428373 0.0388674 0.0350133 0.0311249 0.0270097 0.0225491 0.0178183 0.0131189
 0.00684592 0.0112149 0.0170548 0.0243676 0.0329415 0.0422073 0.0512142 0.0588692 0.0643339 0.0672856 0.0678817 0.0665407 0.0637474 0.0599582 0.0555706 0.0509076 0.0462094 0.041632 0.0372445 0.0330233 0.0288624 0.024624 0.0202318 0.0157631 0.0114683
 0.00706854 0.0115818 0.0176159 0.0251717 0.0340256 0.0435804 0.0528404 0.0606636 0.0661752 0.0690412 0.0694307 0.0677883 0.0646275 0.0604312 0.0556181 0.0505268 0.045409 0.0404301 0.0356724 0.0311357 0.0267511 0.0224254 0.0181157 0.0138978 0.00997602
 0.00726489 0.0119053 0.0181106 0.0258814 0.034985 0.0448009 0.0542962 0.0622847 0.0678568 0.070662 0.0708737 0.0689549 0.0654459 0.0608587 0.0556384 0.0501436 0.0446387 0.0392986 0.0342164 0.0294114 0.0248455 0.0204613 0.0162409 0.0122558 0.0086685
 0.00743815 0.0121878 0.0185375 0.026486 0.035793 0.0458204 0.0555066 0.0636331 0.0692629 0.0720324 0.0721148 0.0699832 0.0661936 0.0612775 0.0557014 0.0498443 0.043988 0.038321 0.03295 0.0279125 0.0231956 0.0187698 0.0146351 0.0108564 0.0075588
 0.00753072 0.0123398 0.0187696 0.0268193 0.0362466 0.0464064 0.0562242 0.0644647 0.0701756 0.072981 0.0730463 0.0708398 0.0669154 0.0618072 0.0559892 0.0498541 0.0437008 0.0377374 0.032092 0.0268256 0.0219516 0.0174652 0.0133805 0.00975503 0.00668185
 0.00760132 0.0124516 0.0189327 0.0270419 0.0365347 0.0467632 0.0566488 0.0649511 0.0707123 0.0735527 0.073634 0.0714187 0.067454 0.062266 0.0563235 0.0500182 0.0436558 0.0374589 0.0315769 0.026098 0.021065 0.0164995 0.0124301 0.00890882 0.00600231
 0.00767128 0.0125583 0.01908 0.0272292 0.0367572 0.0470139 0.0569199 0.065235 0.0710032 0.073848 0.0739342 0.0717246 0.0677616 0.0625619 0.0565824 0.0502043 0.0437278 0.0373786 0.0313199 0.0256638 0.0204828 0.015827 0.0117427 0.00828174 0.00549072
 0.00771652 0.0126264 0.0191722 0.0273427 0.0368862 0.0471506 0.0570562 0.0653643 0.0711227 0.0739607 0.0740485 0.0718522 0.0679123 0.0627378 0.0567739 0.0503885 0.0438705 0.0374401 0.0312653 0.0254738 0.0201635 0.0154126 0.0112883 0.00784793 0.00512593
 0.00778269 0.0127265 0.0193089 0.0275128 0.0370808 0.0473564 0.0572563 0.0655404 0.0712588 0.0740475 0.0740874 0.0718549 0.067897 0.0627239 0.0567747 0.0504062 0.0438932 0.0374438 0.0312199 0.0253539 0.0199596 0.0151376 0.0109755 0.00754015 0.00486107
 0.00781142 0.0127733 0.0193792 0.0276108 0.0372079 0.0475084 0.0574222 0.0657028 0.0713985 0.0741488 0.074143 0.0718669 0.0678756 0.0626839 0.0567315 0.0503712 0.0438694 0.0374233 0.0311851 0.0252845 0.0198412 0.0149702 0.0107758 0.00733568 0.00467937
 0.00784813 0.0128258 0.019445 0.0276838 0.0372807 0.0475758 0.0574836 0.0657613 0.0714572 0.0742073 0.0741961 0.071907 0.0678966 0.0626842 0.0567154 0.0503462 0.0438427 0.0373971 0.0311545 0.0252388 0.0197698 0.014869 0.0106514 0.00720392 0.0045586
 0.00784977 0.0128279 0.0194469 0.0276841 0.0372767 0.0475642 0.0574612 0.0657274 0.0714155 0.0741673 0.0741702 0.071906 0.0679241 0.0627361 0.0567816 0.050416 0.0439081 0.0374528 0.0311961 0.0252609 0.0197667 0.0148383 0.0105969 0.00713566 0.00448975
 0.00788672 0.0128804 0.0195121 0.0277542 0.0373416 0.0476144 0.0574904 0.0657331 0.0713984 0.0741302 0.0741186 0.0718481 0.0678704 0.062696 0.0567608 0.0504144 0.0439203 0.0374712 0.031213 0.0252693 0.0197616 0.0148172 0.0105613 0.00709139 0.00444464
 0.00786397 0.0128457 0.0194639 0.0276924 0.0372666 0.0475271 0.0573925 0.0656281 0.0712931 0.0740352 0.0740462 0.0718091 0.0678714 0.0627378 0.0568387 0.05052 0.0440429 0.0375987 0.0313333 0.0253721 0.0198395 0.0148671 0.0105849 0.00709441 0.00443525
 0.00790478 0.0129025 0.0195317 0.0277606 0.0373222 0.047559 0.0573952 0.0656023 0.0712432 0.0739666 0.0739646 0.0717217 0.0677871 0.0626669 0.0567905 0.0504997 0.0440504 0.0376287 0.0313771 0.0254194 0.0198811 0.0148967 0.0106004 0.00709747 0.00443015
 0.00787445 0.0128599 0.0194794 0.0277045 0.0372681 0.0475092 0.0573466 0.0655481 0.0711785 0.0738928 0.0738909 0.0716607 0.0677503 0.0626605 0.0568153 0.050553 0.0441271 0.0377221 0.0314784 0.025519 0.0199697 0.0149676 0.0106504 0.00712799 0.00444544
 0.00786108 0.0128311 0.0194237 0.0276087 0.0371228 0.0473161 0.0571228 0.0653239 0.0709867 0.0737572 0.0738196 0.071649 0.0677877 0.062737 0.0569234 0.0506862 0.0442783 0.0378829 0.0316395 0.0256708 0.0201032 0.0150762 0.0107314 0.00718248 0.00447812
 0.00786429 0.0128349 0.0194265 0.0276065 0.0371086 0.0472799 0.0570538 0.0652146 0.0708392 0.0735865 0.0736513 0.0715111 0.0677004 0.062708 0.0569487 0.0507553 0.0443791 0.0380038 0.0317697 0.0257999 0.0202217 0.0151766 0.0108092 0.00723731 0.00451287
 0.00785622 0.0128224 0.0194086 0.0275828 0.0370788 0.0472437 0.0570102 0.0651616 0.0707736 0.0735058 0.0735562 0.071409 0.0676055 0.0626376 0.0569172 0.050769 0.0444353 0.0380929 0.0318789 0.025916 0.0203331 0.0152741 0.0108873 0.0072941 0.00455021
 0.00779696 0.0127285 0.0192723 0.0273995 0.0368497 0.0469779 0.056727 0.0648889 0.0705422 0.0733403 0.073469 0.071399 0.0676622 0.0627473 0.0570681 0.0509522 0.044643 0.0383161 0.0321059 0.0261337 0.0205291 0.0154387 0.0110155 0.00738622 0.00461076
 0.00778784 0.0127054 0.0192223 0.0273061 0.0366973 0.0467592 0.0564495 0.0645764 0.0702299 0.0730661 0.0732649 0.0712847 0.0676435 0.0628168 0.0572094 0.0511456 0.0448696 0.0385595 0.032352 0.0263691 0.0207416 0.0156185 0.011157 0.00748882 0.00467891
 0.00776045 0.0126628 0.0191614 0.0272239 0.0365898 0.046621 0.0562745 0.0643618 0.0699812 0.0728011 0.0730128 0.07108 0.0675166 0.0627856 0.0572755 0.0512961 0.0450824 0.0388095 0.0326153 0.0266254 0.0209746 0.0158165 0.0113134 0.007603 0.00475528
 0.00772386 0.0126042 0.0190752 0.027106 0.0364391 0.046441 0.056074 0.0641537 0.0697787 0.0726143 0.0728486 0.0709454 0.0674219 0.0627452 0.0573028 0.0513974 0.0452528 0.0390329 0.0328689 0.0268846 0.0212173 0.0160264 0.0114811 0.00772634 0.00483835
 0.00932149 0.0148404 0.0217738 0.0298803 0.0388046 0.047995 0.0566378 0.0637989 0.068744 0.0711835 0.0712599 0.0693592 0.0659302 0.0613953 0.0561188 0.0503921 0.0444309 0.0383905 0.0323918 0.0265499 0.0209969 0.0158913 0.011405 0.00768755 0.00482094
 0.00931023 0.015116 0.0227062 0.0319276 0.0423133 0.05293 0.0624116 0.0693677 0.0729788 0.0733149 0.0711327 0.0673718 0.0627593 0.0577057 0.0523992 0.0469306 0.0413665 0.035775 0.0302315 0.0248262 0.0196744 0.0149218 0.0107307 0.00724652 0.00455191
 0.00896281 0.0145734 0.0219527 0.0310199 0.0414319 0.0524121 0.0627088 0.0708835 0.0758243 0.0771295 0.0751306 0.0706389 0.0646323 0.0580011 0.0513806 0.0450931 0.0392049 0.0336508 0.0283501 0.0232738 0.0184647 0.0140287 0.0101083 0.00683945 0.00430403
 0.0087851 0.0142717 0.0214762 0.0303177 0.0404737 0.0512239 0.0614164 0.0697382 0.0751777 0.0773343 0.0763821 0.0728317 0.0673327 0.0605888 0.0532974 0.0460532 0.0392501 0.0330484 0.027431 0.0223087 0.017617 0.013366 0.00963523 0.00652807 0.00411484
 0.0087192 0.0141577 0.0212905 0.0300313 0.0400543 0.0506444 0.0606677 0.0688489 0.0742351 0.0764981 0.0758723 0.0728713 0.0680497 0.0619226 0.0549785 0.0476918 0.0404947 0.0337201 0.0275577 0.022059 0.017195 0.0129324 0.00927833 0.00627462 0.00395478
 0.00870451 0.0141291 0.0212382 0.0299414 0.0399103 0.0504285 0.0603644 0.0684483 0.073739 0.0759301 0.0752925 0.0723849 0.0677951 0.0620274 0.0554943 0.0485439 0.0414899 0.0346212 0.0281838 0.0223499 0.0172068 0.0127809 0.00907607 0.0060943 0.00382521
 0.00869451 0.0141141 0.0212176 0.0299145 0.0398745 0.0503779 0.0602888 0.0683334 0.0735694 0.0756951 0.0749928 0.0720421 0.0674597 0.0617778 0.0554178 0.0486997 0.0418707 0.0351411 0.0287088 0.0227571 0.0174351 0.0128423 0.00902934 0.00600541 0.00374019
 0.00868536 0.014099 0.0211947 0.0298821 0.039832 0.050326 0.0602297 0.0682692 0.0734997 0.0756144 0.0748915 0.0719113 0.0672996 0.0616068 0.0552752 0.0486372 0.0419302 0.0353295 0.0289865 0.0230516 0.0176748 0.0129878 0.00908277 0.00599709 0.00370583
 0.0086788 0.0140902 0.0211848 0.0298729 0.0398251 0.0503221 0.060227 0.0682644 0.0734886 0.075593 0.0748563 0.0718585 0.0672259 0.0615126 0.0551699 0.0485422 0.0418754 0.0353405 0.0290696 0.0231863 0.0178219 0.0131085 0.00915631 0.00602507 0.00370403
 0.00864692 0.014041 0.021116 0.0297847 0.0397211 0.0502092 0.0601157 0.0681673 0.0734173 0.0755547 0.0748507 0.0718791 0.067262 0.0615525 0.0552054 0.0485719 0.0419063 0.0353857 0.0291404 0.023284 0.0179339 0.0132144 0.00923796 0.00607517 0.00372671
 0.00866155 0.0140594 0.0211335 0.0297941 0.0397139 0.0501798 0.0600638 0.0680987 0.0733423 0.0754843 0.0747944 0.0718419 0.0672442 0.0615503 0.0552126 0.048583 0.0419194 0.0354037 0.0291691 0.0233274 0.0179903 0.0132752 0.00929224 0.00611486 0.00374998
 0.00866488 0.0140662 0.0211461 0.0298143 0.039742 0.050212 0.0600918 0.0681116 0.0733307 0.0754456 0.0747344 0.0717726 0.067179 0.0614991 0.0551795 0.0485669 0.0419165 0.0354108 0.0291849 0.0233522 0.0180232 0.0133127 0.00932857 0.00614454 0.0037702
 0.00863586 0.0140254 0.0210965 0.029763 0.0396984 0.0501847 0.060086 0.0681267 0.0733608 0.0754808 0.0747637 0.0717879 0.0671783 0.0614868 0.0551633 0.0485544 0.0419126 0.0354167 0.0291996 0.0233739 0.01805 0.0133419 0.00935674 0.00616836 0.00378761
 0.00863079 0.014012 0.0210673 0.0297094 0.0396141 0.0500713 0.0599563 0.068003 0.0732674 0.0754347 0.0747683 0.0718339 0.0672485 0.0615641 0.0552361 0.0486181 0.0419679 0.0354665 0.0292465 0.023419 0.0180927 0.0133808 0.00939017 0.00619482 0.00380657
 0.00860816 0.0139786 0.0210231 0.0296555 0.0395516 0.0499996 0.0598731 0.0679072 0.0731631 0.0753337 0.0746885 0.0717924 0.0672547 0.0616153 0.0553197 0.0487176 0.0420689 0.0355603 0.0293296 0.0234908 0.0181538 0.0134315 0.00943057 0.00622512 0.00382757
 0.00860816 0.0139786 0.0210231 0.0296555 0.0395516 0.0499996 0.0598731 0.0679072 0.0731631 0.0753337 0.0746885 0.0717924 0.0672547 0.0616153 0.0553197 0.0487176 0.0420689 0.0355603 0.0293296 0.0234908 0.0181538 0.0134315 0.00943057 0.00622512 0.00382757
 0.00821195 0.0133509 0.0201121 0.0284326 0.038027 0.048241 0.0580184 0.0661549 0.0717317 0.0744039 0.0743586 0.072065 0.0680521 0.0628094 0.0567612 0.0502606 0.0435886 0.0369628 0.0305551 0.0245101 0.0189618 0.0140407 0.00986494 0.00651597 0.00400889
 0.00853829 0.0138231 0.0207122 0.0291007 0.0386696 0.048751 0.0582965 0.0661295 0.0713771 0.073755 0.0735103 0.0711521 0.067214 0.0621541 0.0563448 0.0500845 0.043612 0.0371229 0.0307862 0.0247577 0.0191889 0.0142277 0.0100059 0.00661401 0.00407177
 0.00887395 0.0144034 0.021643 0.0304837 0.0405571 0.0510844 0.0608632 0.06858 0.0733145 0.0748586 0.0736308 0.0703364 0.0656648 0.0601564 0.0541903 0.0480145 0.0417869 0.0356189 0.0296118 0.0238798 0.0185566 0.0137885 0.00971314 0.00642839 0.00396114
 0.00834719 0.0136005 0.0205415 0.0291177 0.0390307 0.0495767 0.0596146 0.0678422 0.0732643 0.0755142 0.0748263 0.0717811 0.0670569 0.0612858 0.0549832 0.0485136 0.0420952 0.0358412 0.0298182 0.0240965 0.0187773 0.0139927 0.00988256 0.0065544 0.00404544
#pred catch len freq
 0.00410433 0.00653166 0.00960164 0.0132703 0.0175141 0.0223026 0.0275299 0.0329869 0.0384022 0.0435071 0.0480792 0.0519651 0.0550924 0.0574636 0.0591269 0.0601391 0.0605417 0.0603431 0.0594865 0.0577959 0.0549468 0.0505431 0.0443421 0.0365319 0.0278519
 0.00431555 0.00679951 0.00986859 0.0134452 0.0175082 0.0220801 0.0271401 0.0325498 0.0380482 0.0433077 0.048012 0.0519333 0.0549853 0.0572212 0.0587766 0.0597901 0.0603386 0.0603994 0.0598257 0.0583326 0.0555202 0.0509897 0.0445663 0.0365356 0.0277107
 0.0044735 0.00706368 0.0102738 0.0140125 0.0182219 0.0228643 0.0278559 0.0330326 0.0381799 0.0430796 0.0475301 0.051354 0.0544276 0.0567194 0.0583018 0.0593136 0.0598827 0.0600363 0.0596297 0.0583228 0.0556378 0.0511267 0.0446249 0.0364762 0.0275585
 0.0046494 0.00734002 0.0106744 0.0145599 0.0189396 0.0237736 0.0289588 0.0342825 0.0394571 0.0441981 0.04829 0.0516207 0.0541883 0.0560756 0.0574064 0.0583026 0.0588486 0.0590431 0.058732 0.0575617 0.0550214 0.0506241 0.0441884 0.0360736 0.0271901
 0.00488353 0.00770327 0.0111897 0.0152393 0.0197874 0.0247887 0.0301351 0.0356037 0.0408868 0.0456651 0.0496734 0.0527533 0.0548905 0.0562157 0.0569531 0.0573353 0.0575201 0.0575236 0.0571689 0.0560638 0.0536576 0.0494289 0.0431716 0.0352345 0.0265271
 0.00519726 0.00818594 0.011866 0.0161166 0.0208589 0.026038 0.0315368 0.0371203 0.0424672 0.0472449 0.051175 0.0540806 0.0559246 0.0568219 0.0570089 0.0567729 0.0563599 0.0558775 0.0552091 0.0539781 0.0516131 0.0475535 0.0415512 0.0339169 0.0255248
 0.00557359 0.00876838 0.0126884 0.0171928 0.0221836 0.0275887 0.0332712 0.0389737 0.0443546 0.0490708 0.0528445 0.0555054 0.0570218 0.0575082 0.0571977 0.0563838 0.0553452 0.0542537 0.0530762 0.0515105 0.0490271 0.0450654 0.0393404 0.0321018 0.0241524
 0.00590535 0.00929694 0.0134646 0.0182585 0.023567 0.029295 0.0352697 0.0411887 0.0466685 0.0513396 0.054919 0.0572507 0.0583301 0.0583018 0.057422 0.0559972 0.0543176 0.0525821 0.0508128 0.0487863 0.0460513 0.0420943 0.0366248 0.0298324 0.0224237
 0.00617107 0.00972301 0.0140967 0.0191407 0.0247395 0.0307887 0.0370932 0.0433129 0.0490155 0.0537819 0.0572902 0.0593684 0.0600244 0.0594392 0.0579157 0.055802 0.0534184 0.0509901 0.0485779 0.046021 0.0429483 0.0389146 0.0336512 0.0273025 0.0204731
 0.00650069 0.0102358 0.0148273 0.0201109 0.025962 0.03227 0.0388309 0.0452867 0.0511775 0.0560499 0.0595467 0.0614664 0.0618013 0.0607383 0.0586068 0.055796 0.0526712 0.0495023 0.0463986 0.0432615 0.039797 0.035633 0.0305354 0.0246154 0.0183784
 0.00691207 0.0108668 0.0157078 0.0212468 0.0273406 0.0338674 0.0406143 0.0472109 0.0531828 0.0580629 0.0614834 0.0632336 0.063297 0.0618535 0.0592319 0.0558313 0.0520408 0.0481688 0.0443792 0.0406454 0.0367578 0.0324238 0.0274511 0.0219268 0.016263
 0.0072379 0.0113795 0.016448 0.0222416 0.0286 0.0353794 0.042338 0.0490744 0.0550911 0.0599154 0.063189 0.0647178 0.0644993 0.0627192 0.0597032 0.0558427 0.0515238 0.0470668 0.0426732 0.0383823 0.0340723 0.029537 0.0246358 0.019443 0.0142892
 0.00753476 0.011849 0.0171311 0.0231704 0.0297955 0.0368461 0.0440533 0.0509786 0.0570851 0.0618703 0.0649668 0.0661948 0.0655865 0.0633694 0.0599021 0.0555892 0.0508115 0.0458805 0.0410041 0.0362598 0.0315949 0.0268841 0.0220433 0.0171454 0.0124538
 0.00793729 0.0124645 0.0179862 0.0242681 0.0311213 0.0383764 0.0457568 0.0528088 0.0589714 0.0637147 0.0666495 0.0675902 0.0665838 0.0638928 0.0599205 0.0551113 0.0498683 0.0445073 0.0392361 0.0341461 0.0292251 0.0244058 0.0196509 0.0150362 0.0107706
 0.00835245 0.0131067 0.0188917 0.0254488 0.0325641 0.0400436 0.0475842 0.0547057 0.0608301 0.0654259 0.068116 0.0687317 0.0673362 0.0642086 0.059773 0.0544988 0.0488142 0.0430542 0.0374398 0.0320772 0.0269804 0.0221181 0.0174819 0.0131454 0.00927126
 0.0085928 0.0134959 0.0194751 0.0262685 0.0336521 0.0414098 0.0492012 0.0565 0.0626856 0.0672015 0.0696699 0.0699444 0.0681263 0.064537 0.0596365 0.0539186 0.0478263 0.0417055 0.0357884 0.0301977 0.0249699 0.020099 0.015593 0.011516 0.00798877
 0.00866896 0.0136262 0.0196851 0.0265908 0.0341256 0.0420746 0.0500888 0.0576192 0.0640084 0.068655 0.0711385 0.0712875 0.0692066 0.0652475 0.0599172 0.0537571 0.0472473 0.0407574 0.034535 0.028717 0.0233575 0.0184683 0.0140653 0.0102001 0.00695526
 0.00870871 0.0136894 0.0197784 0.0267228 0.0343092 0.0423298 0.0504428 0.0581029 0.064647 0.0694553 0.0720764 0.0723009 0.0701989 0.0661038 0.0605274 0.0540394 0.0471619 0.0403087 0.0337648 0.0276956 0.022177 0.0172357 0.0128913 0.00918037 0.0061514
 0.00872952 0.0137197 0.0198181 0.0267702 0.0343635 0.0423941 0.0505271 0.0582252 0.0648328 0.0697329 0.072469 0.0728158 0.0708161 0.06677 0.0611604 0.054543 0.0474487 0.0403209 0.0334869 0.027157 0.021445 0.0164032 0.0120588 0.00843668 0.00555541
 0.00871408 0.0136946 0.0197804 0.0267174 0.0342943 0.0423102 0.0504347 0.0581372 0.0647693 0.0697203 0.0725371 0.0729916 0.0711151 0.0671865 0.06166 0.0550626 0.0479063 0.0406342 0.0335958 0.0270402 0.0211262 0.0159442 0.0115421 0.0079426 0.00514287
 0.00875826 0.0137464 0.0198214 0.0267191 0.0342266 0.0421545 0.0501956 0.0578436 0.064467 0.0694589 0.0723598 0.0729305 0.0711891 0.0674 0.0619992 0.055492 0.0483688 0.0410584 0.0339111 0.0271964 0.0211087 0.0157779 0.0112819 0.00765392 0.00488093
 0.0086383 0.013573 0.0195994 0.0264637 0.0339549 0.0418748 0.0499026 0.0575259 0.0641228 0.0691107 0.0720564 0.0727331 0.0711505 0.067547 0.0623267 0.0559658 0.0489324 0.0416416 0.0344407 0.0276099 0.0213691 0.0158828 0.0112614 0.00755748 0.00475911
 0.00841707 0.0132487 0.0191775 0.0259734 0.0334425 0.0413906 0.0494885 0.0572079 0.0639073 0.0689869 0.0720049 0.0727398 0.0712183 0.0676957 0.0625804 0.0563356 0.0494042 0.0421747 0.0349763 0.0280861 0.0217373 0.0161205 0.0113762 0.00758012 0.00472949
 0.0083888 0.013187 0.019057 0.0257639 0.0331206 0.0409561 0.0489759 0.0566834 0.0634492 0.0686584 0.071834 0.0727171 0.0713112 0.0678691 0.0628125 0.0566208 0.049744 0.0425629 0.0353898 0.0284864 0.0220823 0.0163793 0.0115392 0.00765964 0.00475137
