SBPRF35
7.78865
Curr Bio
526456
B35
666142
F35
0.215447
FOFL
0.147371
OFL
54419.9
Bzero
2.22533e+06
#pred survey bio
 4.72948e+06 4.47992e+06 4.23545e+06 3.93303e+06 3.60191e+06 3.25361e+06 2.93236e+06 2.60786e+06 2.28875e+06 2.01482e+06 1.76012e+06 1.56678e+06 1.37525e+06 1.20492e+06 1.06468e+06 947302 856354 791079 753542 727401 703410 673297 668036 651521 653533 647465 631655 631887 624831 616183 617153 621194 621327 616106 604756 581817 574788 562859 563867 564126 576096 575719 576689 574399 579059 582372 584580 582089 590687 596740 605795 614826 606705 611094 594704 590560 597983 588691 573046 579231 596654 579191 554631 563935 574590 572782 565365 566060 531534 1.6475e+07 9.69386e+06 9.90513e+06 1.07378e+07 1.19046e+07 1.31189e+07 1.42118e+07 1.51148e+07 1.58208e+07 1.6353e+07 1.67446e+07 1.70283e+07 1.72322e+07 1.7378e+07 1.74823e+07 1.75571e+07 1.7611e+07 1.76501e+07 1.76786e+07 1.76995e+07 1.7715e+07 1.77265e+07 1.77351e+07 1.77416e+07 1.77465e+07 1.77503e+07 1.77531e+07 1.77552e+07 1.77569e+07 1.77582e+07 1.77591e+07 1.77599e+07 1.77604e+07 1.77609e+07 1.77612e+07 1.77615e+07 1.77617e+07 1.77619e+07 1.7762e+07 1.77621e+07 1.77621e+07 1.77622e+07 1.77622e+07 1.77623e+07 1.77623e+07 1.77623e+07 1.77623e+07 1.77624e+07 1.77624e+07 1.77624e+07 1.77624e+07 1.77624e+07 1.77624e+07 1.77624e+07 1.77624e+07 1.77624e+07 1.77624e+07 1.77624e+07 1.77624e+07 1.77624e+07 1.77624e+07 1.77624e+07 1.77624e+07 1.77624e+07 1.77624e+07 1.77624e+07 1.77624e+07 1.77624e+07 1.77624e+07 1.77624e+07 1.77624e+07 1.77624e+07 1.77624e+07 1.77624e+07 1.77624e+07 1.77624e+07 1.77624e+07 1.77624e+07 1.77624e+07 1.77624e+07 1.77624e+07 1.77624e+07 1.77624e+07 1.77624e+07 1.77624e+07 1.77624e+07 1.77624e+07 1.77624e+07 1.77624e+07 1.77624e+07 1.77624e+07 1.77624e+07 1.77624e+07 1.77624e+07 1.77624e+07 1.77624e+07 1.77624e+07 1.77624e+07 1.77624e+07 1.77624e+07 0 0 0 0 0 0 0 0 0 0 0 0 0 0 0 0 0 0 0 0 0 0 0 0 0
#obs survey bio
 3.94308e+06 3.04106e+06 3.75172e+06 3.091e+06 2.10461e+06 2.76842e+06 1.80942e+06 1.89748e+06 2.00341e+06 1.52679e+06 1.36996e+06 1.52319e+06 833764 755471 945990 732165 887582 663308 666832 732519 722573 535508 600024 824987 481342 494357 542445 737014 547171 509289 506213 531994 489146 557187 642073 508570 723960 619720 877434 691508 540512 500507 509883 565152 818034 662694 552411 477956 429216 643218 585852 546982 651652 496606 732063 625217 535468 596638 400043 619686 733803 586254 499699 509550 636246 677204 575457 646449 494207
#pred catch bio
 90389.7 88236.8 152464 201277 247108 255439 290679 315976 301430 305551 267921 278819 268195 246250 228034 204484 179763 153141 140955 136357 138217 115101 123206 106531 112210 117701 101215 104841 104215 95213.8 92272 94514.7 96254 96896.1 101374 85197.1 90846.1 82647.2 84841.5 75507.6 86333.9 85501.1 88687.1 83476.1 85738.9 88091.8 93422.9 85730.3 89832.9 88742.3 89623.1 103647 92401.1 109102 97605.2 87537.2 101073 105209 86305.6 77137.6 105629 109820 81134.5 80539.6 89786.7 91867.3 82382.5 108085 123185 54419.9 75251.1 75254.7 80117 88488.4 97560 105690 112273 117272 120902 123452 125201 126377 127156 127667 127999 128213 128350 128437 128493 128528 128550 128564 128573 128578 128582 128584 128585 128586 128587 128587 128587 128587 128587 128587 128587 128587 128587 128587 128587 128587 128587 128587 128587 128587 128587 128587 128587 128587 128587 128587 128587 128587 128587 128587 128587 128587 128587 128587 128587 128587 128587 128587 128587 128587 128587 128587 128587 128587 128587 128587 128587 128587 128587 128587 128587 128587 128587 128587 128587 128587 128587 128587 128587 128587 128587 128587 128587 128587 128587 128587 128587 128587 128587 128587 128587 128587 128587 128587 128587 0 0 0 0 0 0 0 0 0 0 0 0 0 0 0 0 0 0 0 0 0 0 0 0 0
#obs catch bio
 0 87972.1 153102 202311 249650 258830 296391 323164 308911 314775 275036 287632 278711 255319 236637 212633 186336 156929 144307 139290 141392 117134 125809 108039 114701 120150 102724 105873 105237 96493.2 93393.3 95991.8 98120.5 98033.2 102484 85689.3 91201 82692.4 84731.2 75121.1 85862.4 85295.4 88775.2 83451.3 85591.5 88078 93978.4 86100.7 90471.6 89474.8 90029.6 104790 92610.9 110117 98193.9 87767.7 101458 106091 86782.9 77130 105895 110655 81307.9 80860.4 90276.3 92261.6 82204.4 107635 123409
#pred cpue bio
 4.64274e+06 4.39875e+06 4.15957e+06 3.85988e+06 3.53007e+06 3.18321e+06 2.86354e+06 2.54123e+06 2.2247e+06 1.9531e+06 1.70092e+06 1.50935e+06 1.32019e+06 1.15242e+06 1.01467e+06 899676 811065 748138 712261 687349 664568 635816 630896 615059 617150 611679 597006 597967 591704 583423 584339 588401 588992 584876 575133 553917 546882 533929 533933 534301 546277 545964 546692 544291 548648 551614 553354 550561 558531 564090 572767 581626 573986 578352 562528 558584 565974 557109 541918 547946 565178 548514 524501 533298 543961 542901 536393 537645 504972 1.56485e+07 9.20732e+06 9.26143e+06 9.91224e+06 1.10095e+07 1.22062e+07 1.32954e+07 1.41976e+07 1.49035e+07 1.54357e+07 1.58273e+07 1.6111e+07 1.63149e+07 1.64607e+07 1.6565e+07 1.66398e+07 1.66937e+07 1.67328e+07 1.67613e+07 1.67822e+07 1.67977e+07 1.68092e+07 1.68178e+07 1.68243e+07 1.68292e+07 1.6833e+07 1.68358e+07 1.68379e+07 1.68396e+07 1.68409e+07 1.68418e+07 1.68426e+07 1.68431e+07 1.68436e+07 1.68439e+07 1.68442e+07 1.68444e+07 1.68446e+07 1.68447e+07 1.68448e+07 1.68448e+07 1.68449e+07 1.68449e+07 1.6845e+07 1.6845e+07 1.6845e+07 1.6845e+07 1.68451e+07 1.68451e+07 1.68451e+07 1.68451e+07 1.68451e+07 1.68451e+07 1.68451e+07 1.68451e+07 1.68451e+07 1.68451e+07 1.68451e+07 1.68451e+07 1.68451e+07 1.68451e+07 1.68451e+07 1.68451e+07 1.68451e+07 1.68451e+07 1.68451e+07 1.68451e+07 1.68451e+07 1.68451e+07 1.68451e+07 1.68451e+07 1.68451e+07 1.68451e+07 1.68451e+07 1.68451e+07 1.68451e+07 1.68451e+07 1.68451e+07 1.68451e+07 1.68451e+07 1.68451e+07 1.68451e+07 1.68451e+07 1.68451e+07 1.68451e+07 1.68451e+07 1.68451e+07 1.68451e+07 1.68451e+07 1.68451e+07 1.68451e+07 1.68451e+07 1.68451e+07 1.68451e+07 1.68451e+07 1.68451e+07 1.68451e+07 1.68451e+07 1.68451e+07 1.68451e+07 0 0 0 0 0 0 0 0 0 0 0 0 0 0 0 0 0 0 0 0 0 0 0 0 0
#obs cpue bio
 6.25331e+06 2.82998e+06 4.83094e+06 3.05e+06 3.11561e+06 1.67295e+06 2.97777e+06 3.17646e+06 1.51571e+06 1.73879e+06 1.55338e+06 1.13373e+06 952433 1.30160e+06 695690 580128 500994 912005 553399 560320 509416 530158 585442 413075 415545 795981 552730 741523 590325 372134 624558 441880 444421 967146 607959 581478 639774 517048 483556 506747 792944 449348 510964 544424 468437 412625 380414 572640 631285 398386 684893 477714 665018 560048 433131 525680 699302 400276 666042 600456 585076 377876 521048 521929 483866 498521 631997 748350 414770
#pred surv len freq
 0.00587654 0.00938608 0.0138347 0.019104 0.0250112 0.0312549 0.0373739 0.0428358 0.0472348 0.0504391 0.052575 0.0538978 0.0546677 0.0550821 0.0552484 0.0551792 0.0548066 0.0540084 0.0526229 0.0504439 0.0472193 0.0427111 0.0368443 0.0298792 0.0224631
 0.00604632 0.00956651 0.013936 0.0190005 0.0245954 0.0305112 0.0364241 0.0419109 0.0465756 0.0501799 0.052682 0.0541989 0.0549469 0.0551832 0.0551388 0.0549531 0.0546344 0.0540554 0.0529723 0.0510577 0.0479578 0.0434001 0.0373523 0.0301623 0.0225585
 0.00645567 0.0101809 0.0147592 0.0199857 0.025639 0.0314577 0.0370906 0.0421394 0.0463036 0.049489 0.0517781 0.053317 0.0542377 0.0546582 0.0547069 0.0545153 0.0541647 0.0536168 0.0526666 0.0509507 0.0480329 0.0435689 0.0375081 0.0302361 0.0225412
 0.00680696 0.0107486 0.0156053 0.0211596 0.0271592 0.0332855 0.0391024 0.0441213 0.0479845 0.0506117 0.052183 0.0529989 0.0533419 0.0534106 0.0533167 0.0531091 0.0527886 0.0522874 0.0514174 0.049836 0.0470963 0.0428159 0.0369092 0.0297531 0.0221509
 0.00713889 0.0112741 0.0163716 0.0222057 0.0285142 0.034962 0.0410811 0.0463301 0.0502822 0.0527875 0.0539811 0.0541721 0.0537222 0.0529653 0.0521561 0.0514365 0.0508238 0.0502101 0.0493544 0.0478787 0.0453178 0.041271 0.0356283 0.0287414 0.0213939
 0.00745046 0.0117711 0.0171023 0.0232103 0.0298197 0.0365746 0.0429764 0.0484479 0.0525292 0.0550425 0.0560949 0.0559646 0.0549929 0.0535295 0.0518996 0.0503602 0.0490488 0.0479397 0.0468171 0.0452843 0.0428387 0.0390402 0.0337385 0.0272412 0.0202853
 0.00774774 0.0122387 0.0177776 0.0241204 0.0309806 0.0379888 0.0446274 0.0502941 0.0545042 0.0570609 0.058057 0.0577562 0.0564805 0.0545603 0.0523176 0.0500422 0.0479496 0.0461211 0.0444445 0.0425906 0.0400761 0.0364378 0.0314727 0.0254182 0.0189354
 0.00808442 0.0127687 0.0185431 0.0251496 0.032284 0.0395539 0.046412 0.0522253 0.056488 0.0589991 0.0598608 0.0593487 0.0577878 0.0554994 0.0527885 0.0499345 0.0471683 0.0446275 0.0422932 0.0399424 0.0371759 0.0335646 0.0288802 0.0232843 0.0173357
 0.00846309 0.0133641 0.0194016 0.0263014 0.0337388 0.0412949 0.0483873 0.0543439 0.0586296 0.0610345 0.061674 0.0608499 0.0589155 0.0562111 0.0530455 0.049688 0.0463587 0.0432047 0.0402557 0.0373763 0.0342695 0.0305838 0.0261074 0.0209468 0.0155539
 0.00883857 0.0139503 0.0202393 0.0274135 0.0351293 0.0429459 0.0502533 0.0563477 0.0606668 0.0629873 0.0634273 0.0623039 0.0599937 0.0568619 0.0532371 0.0493976 0.0455618 0.0418764 0.0383914 0.0350267 0.0315715 0.0277593 0.0234213 0.0186359 0.0137623
 0.00927507 0.01463 0.0212062 0.0286885 0.0367072 0.0447927 0.0523004 0.0584916 0.0627798 0.0649386 0.0651028 0.0636164 0.0608834 0.0572934 0.0531943 0.0488769 0.0445646 0.0404063 0.0364627 0.032689 0.0289376 0.0250156 0.0208017 0.0163629 0.0119823
 0.00958231 0.0151173 0.0219171 0.0296553 0.0379457 0.0462939 0.0540207 0.0603489 0.0646625 0.0667248 0.0666795 0.0648911 0.0617888 0.0577862 0.0532517 0.048491 0.0437371 0.0391462 0.034792 0.0306582 0.0266456 0.0226199 0.0185009 0.0143507 0.0103926
 0.00989598 0.0156186 0.0226553 0.0306699 0.0392587 0.0478977 0.0558651 0.0623361 0.0666589 0.0685846 0.0682694 0.0661078 0.0625655 0.0580928 0.0530883 0.047878 0.0427052 0.0377299 0.0330326 0.0286151 0.0244136 0.0203376 0.0163384 0.0124726 0.00891212
 0.0102274 0.0161368 0.0233972 0.0316577 0.040498 0.0493748 0.0575402 0.0641371 0.0684833 0.0703106 0.0697725 0.0672769 0.0633172 0.0583797 0.0529005 0.0472369 0.0416526 0.0363183 0.0313213 0.0266759 0.0223412 0.0182562 0.0143922 0.0107972 0.00759812
 0.010536 0.0166187 0.0240853 0.0325692 0.041632 0.0507093 0.0590275 0.0657032 0.0700355 0.0717519 0.0710139 0.0682434 0.0639489 0.0586335 0.0527535 0.04669 0.0407297 0.0350634 0.0297942 0.0249522 0.020515 0.016441 0.0127116 0.00936196 0.00647903
 0.0106829 0.0168708 0.0244889 0.0331741 0.0424788 0.0518103 0.0603492 0.0671626 0.0715165 0.073132 0.0721885 0.0691379 0.0645187 0.0588578 0.0526289 0.0462257 0.0399465 0.0339951 0.0284899 0.0234787 0.0189579 0.0149018 0.0112962 0.00816165 0.00554876
 0.0106947 0.0169026 0.0245617 0.0333193 0.0427362 0.0522208 0.0609441 0.067952 0.0724774 0.074204 0.0732789 0.070139 0.0653302 0.0594063 0.0528744 0.0461581 0.0395778 0.0333525 0.0276149 0.0224284 0.0178069 0.0137388 0.0102134 0.00723729 0.00483018
 0.0108649 0.0171348 0.0248303 0.0335764 0.0429298 0.0523225 0.0609697 0.0679613 0.0725524 0.0744161 0.0736609 0.0706724 0.06595 0.0600188 0.053382 0.046481 0.0396664 0.0331909 0.0272173 0.0218351 0.0170797 0.0129548 0.00945393 0.00657291 0.00430577
 0.0109336 0.0172396 0.0249733 0.0337502 0.0431146 0.0524847 0.0610668 0.0679566 0.0724371 0.074226 0.0734744 0.0705828 0.0660266 0.0602755 0.0537714 0.0469129 0.0400393 0.0334212 0.0272575 0.0216794 0.0167597 0.0125291 0.00899313 0.00614254 0.00395199
 0.0109159 0.0172165 0.0249492 0.0337331 0.0431134 0.0525052 0.0611076 0.0680057 0.0724738 0.0742285 0.0734327 0.0705112 0.0659654 0.0602776 0.053876 0.0471226 0.0403133 0.0336898 0.0274488 0.0217444 0.0166866 0.0123423 0.00874086 0.00587901 0.00372075
 0.0109445 0.0172544 0.0249906 0.0337682 0.0431323 0.0525031 0.0610885 0.0679812 0.0724561 0.0742232 0.0734351 0.0705099 0.0659524 0.0602579 0.0538695 0.0471537 0.0403947 0.0338096 0.0275716 0.0218265 0.0166961 0.0122727 0.00861137 0.00572363 0.00357311
 0.0111478 0.0175527 0.0253793 0.0342207 0.0436056 0.0529487 0.061462 0.0682481 0.0725959 0.0742316 0.0733236 0.0703013 0.065674 0.0599369 0.0535329 0.0468293 0.0401083 0.0335778 0.0273948 0.0216885 0.0165731 0.0121461 0.00847679 0.00558985 0.00345452
 0.0111208 0.0175154 0.0253348 0.0341751 0.043565 0.0529153 0.0614318 0.0682133 0.0725502 0.0741761 0.0732683 0.0702613 0.0656626 0.0599597 0.0535864 0.0469043 0.040195 0.0336685 0.0274827 0.0217655 0.0166289 0.0121724 0.00847186 0.00556082 0.00341401
 0.0111865 0.017617 0.0254779 0.0343608 0.0437897 0.0531698 0.0616998 0.0684707 0.0727669 0.0743214 0.0733189 0.070209 0.0655175 0.0597477 0.0533411 0.0466575 0.0399701 0.0334782 0.0273306 0.0216481 0.0165385 0.0120997 0.00840968 0.0055059 0.00336693
 0.0110052 0.0173499 0.0251278 0.0339497 0.043354 0.0527523 0.0613423 0.0682095 0.0726293 0.0743205 0.0734494 0.0704469 0.0658254 0.0600851 0.0536738 0.0469636 0.0402397 0.0337097 0.0275255 0.0218075 0.0166627 0.0121893 0.00846685 0.00553605 0.00337783
 0.0108157 0.0170694 0.0247574 0.0335099 0.0428805 0.0522882 0.0609311 0.0678905 0.0724331 0.0742643 0.0735336 0.0706549 0.0661283 0.0604468 0.0540578 0.0473379 0.0405812 0.0340054 0.0277712 0.0220045 0.0168144 0.0122998 0.0085414 0.00558119 0.00340132
 0.0107488 0.0169618 0.0245981 0.0332914 0.0426026 0.0519627 0.060585 0.0675636 0.0721689 0.0740976 0.0734814 0.0707151 0.0662843 0.0606738 0.0543283 0.047625 0.0408616 0.0342611 0.027991 0.0221835 0.0169528 0.012401 0.00861058 0.00562452 0.00342557
 0.0107488 0.0169341 0.024506 0.0330854 0.0422353 0.0514116 0.0598724 0.0667605 0.0713795 0.0734322 0.0730294 0.0705277 0.0663684 0.060997 0.0548301 0.048233 0.0415053 0.0348822 0.028548 0.0226523 0.0173245 0.0126785 0.00880481 0.00575115 0.00350176
 0.0109258 0.0171918 0.0248361 0.0334556 0.0425913 0.0516854 0.0599934 0.0666712 0.0710548 0.0728955 0.0723562 0.0698283 0.0657569 0.0605591 0.0546056 0.0482141 0.0416496 0.0351303 0.0288404 0.0229407 0.0175769 0.0128791 0.00895102 0.00584898 0.0035617
 0.010975 0.0172841 0.0249967 0.0337115 0.0429601 0.0521586 0.0605234 0.0671728 0.0714244 0.0730427 0.0722335 0.0694476 0.0651871 0.0599067 0.0539836 0.047712 0.0413138 0.0349621 0.0288073 0.0229949 0.0176718 0.0129796 0.00903652 0.00591173 0.00360244
 0.0109143 0.0171906 0.024867 0.0335501 0.0427829 0.0519951 0.0604145 0.0671591 0.0715274 0.0732472 0.0724845 0.0696684 0.06531 0.0599017 0.0538687 0.0475425 0.0411564 0.0348684 0.0287981 0.0230604 0.0177831 0.0131037 0.00914802 0.00599753 0.00366041
 0.010673 0.0168404 0.0244178 0.033038 0.0422601 0.051514 0.0600163 0.0668731 0.0713763 0.0732486 0.0726445 0.0699698 0.065707 0.0603282 0.0542603 0.0478595 0.0413946 0.0350518 0.0289595 0.0232225 0.0179499 0.0132647 0.0092882 0.00610625 0.00373542
 0.0102916 0.0162765 0.0236747 0.0321584 0.0413182 0.0505988 0.0592167 0.0662663 0.0710178 0.0731637 0.0728246 0.0703782 0.0662887 0.0610192 0.0549932 0.0485707 0.0420352 0.0355965 0.0294072 0.0235875 0.0182489 0.0135081 0.00947976 0.00624786 0.0038316
 0.00995904 0.0157635 0.0229561 0.0312342 0.0402185 0.0493875 0.0579934 0.0651585 0.0701574 0.0726542 0.0727152 0.0706572 0.0668955 0.0618649 0.0559798 0.049605 0.0430375 0.0365072 0.0301908 0.0242316 0.0187586 0.0138978 0.00976625 0.006448 0.00396241
 0.00986768 0.0155972 0.0226735 0.030787 0.0395648 0.0485123 0.0569282 0.0639878 0.0690068 0.0716643 0.0720114 0.0703252 0.0669662 0.0623113 0.0567273 0.0505506 0.0440714 0.0375308 0.0311287 0.0250364 0.01941 0.0143969 0.0101282 0.00669537 0.00412054
 0.0107121 0.0167856 0.0241193 0.03229 0.0408617 0.0493624 0.0571852 0.0636267 0.0681062 0.0703712 0.0705088 0.0688043 0.0656002 0.06123 0.0559994 0.0501795 0.044006 0.0376869 0.0314132 0.025367 0.0197267 0.0146651 0.0103346 0.00684165 0.00421621
 0.0113895 0.0178328 0.0255865 0.0341669 0.0430559 0.0516827 0.0593422 0.0652759 0.0689409 0.0702291 0.0694319 0.0670168 0.063424 0.0589885 0.0539497 0.0484828 0.0427279 0.0368144 0.0308808 0.0250854 0.0196075 0.0146361 0.0103467 0.00686599 0.00423909
 0.0112734 0.0177572 0.0256806 0.0346171 0.0440527 0.0533342 0.0615965 0.067895 0.071544 0.072388 0.0707815 0.0673482 0.0627333 0.0574655 0.05191 0.0462726 0.0406387 0.0350354 0.0294923 0.0240812 0.018929 0.0142053 0.0100883 0.00671947 0.0041607
 0.0108584 0.0171368 0.0248556 0.0336434 0.0430507 0.0524885 0.0611362 0.0680428 0.072433 0.0739788 0.0728322 0.0694695 0.0645113 0.0585952 0.0522791 0.045967 0.0398795 0.034085 0.0285716 0.0233255 0.0183853 0.013857 0.00988838 0.00661633 0.00411303
 0.0108267 0.0170458 0.0246473 0.0332449 0.0424006 0.0515767 0.0600412 0.066941 0.0715677 0.0735938 0.0730897 0.0703819 0.0659161 0.0601944 0.0537356 0.0470184 0.0404158 0.0341564 0.0283334 0.0229574 0.0180275 0.0135831 0.00971342 0.00652154 0.0040697
 0.0108794 0.0171069 0.0246914 0.0332269 0.0422595 0.0512481 0.0594764 0.0661311 0.070569 0.0725413 0.0721848 0.0698419 0.0658998 0.0607321 0.0547049 0.0481832 0.0415148 0.0349969 0.0288438 0.0231791 0.0180628 0.0135365 0.00965527 0.00648208 0.0040519
 0.0109675 0.0172542 0.0249183 0.0335491 0.0426765 0.051729 0.0599495 0.0664899 0.0706991 0.072362 0.0716885 0.0691135 0.0651018 0.0600557 0.0543011 0.0481044 0.0416989 0.0353049 0.0291298 0.0233512 0.0181044 0.0134863 0.00956865 0.00640101 0.00399483
 0.0109657 0.0172588 0.0249402 0.0336048 0.0427865 0.0519122 0.0602146 0.0668249 0.0710628 0.0726835 0.0718813 0.0691054 0.0648693 0.0596457 0.0538216 0.0476832 0.0414294 0.0352095 0.0291613 0.02343 0.0181637 0.0134978 0.00953985 0.00635533 0.0039526
 0.0110261 0.0173472 0.0250555 0.0337409 0.0429357 0.0520701 0.0603834 0.0670118 0.0712732 0.0729118 0.072103 0.0692758 0.0649346 0.0595649 0.0535902 0.0473439 0.041059 0.0348858 0.0289301 0.0232924 0.0180891 0.0134502 0.00949727 0.00631297 0.00391505
 0.0111032 0.0174551 0.0251854 0.0338738 0.0430474 0.0521404 0.0604042 0.0669899 0.0712289 0.0728719 0.0720922 0.0693062 0.064998 0.0596325 0.0536233 0.0473131 0.0409606 0.0347443 0.0287842 0.0231741 0.0180101 0.0134036 0.00946876 0.00629175 0.0038971
 0.0112144 0.0176239 0.0254165 0.0341612 0.043374 0.0524781 0.0607159 0.0672353 0.0713739 0.0729012 0.0720151 0.0691532 0.0648078 0.0594366 0.0534361 0.0471317 0.0407744 0.0345478 0.0285847 0.0229883 0.0178548 0.0132865 0.00938752 0.00623834 0.00386299
 0.0112177 0.0176445 0.025475 0.034285 0.0435883 0.0527932 0.0611155 0.0676751 0.0717916 0.0732335 0.072215 0.0692007 0.0647126 0.0592313 0.0531637 0.0468319 0.0404742 0.0342615 0.0283196 0.0227509 0.0176527 0.0131259 0.00926956 0.0061583 0.00381262
 0.0113292 0.0178072 0.0256863 0.0345329 0.0438584 0.0530767 0.0614139 0.0679939 0.0721287 0.0735675 0.072504 0.0693936 0.0647673 0.0591309 0.0529219 0.0464864 0.0400732 0.0338498 0.0279307 0.022406 0.0173636 0.0128972 0.00910018 0.00604178 0.00373866
 0.0113155 0.0177901 0.0256696 0.0345227 0.0438603 0.0530933 0.0614439 0.068036 0.072186 0.0736504 0.0726248 0.069555 0.0649533 0.0593076 0.0530496 0.0465363 0.0400379 0.0337431 0.0277792 0.0222384 0.0172032 0.0127594 0.00899219 0.00596438 0.00368798
 0.0111964 0.0176253 0.0254754 0.0343321 0.0437144 0.053026 0.0614696 0.068146 0.0723551 0.0738483 0.0728263 0.0697458 0.0651285 0.0594653 0.0531835 0.0466335 0.0400842 0.0337312 0.0277139 0.0221363 0.0170859 0.0126466 0.00889736 0.0058932 0.00363991
 0.0110946 0.0174634 0.0252398 0.034017 0.0433277 0.0525963 0.0610485 0.0678005 0.0721483 0.0738164 0.0729666 0.0700216 0.0654866 0.0598546 0.0535648 0.04698 0.0403775 0.0339588 0.0278708 0.0222264 0.0171221 0.012647 0.00887956 0.00587076 0.00362049
 0.0109225 0.0172104 0.0249084 0.0336256 0.042904 0.0521678 0.0606374 0.0674267 0.0718371 0.073602 0.0728859 0.0701001 0.0657249 0.0602241 0.0540162 0.047458 0.0408337 0.0343589 0.028195 0.0224684 0.0172868 0.0127477 0.00893373 0.00589546 0.00362933
 0.0110289 0.0173577 0.025083 0.0337999 0.0430451 0.0522508 0.0606542 0.0673851 0.0717508 0.0734822 0.0727398 0.0699375 0.065564 0.0600893 0.0539288 0.0474262 0.0408494 0.0344027 0.0282452 0.022508 0.0173077 0.0127498 0.00892261 0.00587856 0.00361279
 0.0109663 0.017269 0.0249731 0.0336793 0.0429248 0.0521348 0.0605366 0.0672547 0.0716019 0.0733231 0.0725932 0.0698309 0.0655185 0.0601136 0.0540204 0.0475748 0.0410398 0.0346152 0.0284574 0.0226989 0.0174622 0.0128621 0.00899546 0.00592035 0.00363371
 0.0110057 0.0173411 0.0250958 0.0338732 0.0432065 0.0525068 0.0609778 0.0677177 0.0720203 0.0736278 0.0727315 0.0697817 0.0652975 0.0597673 0.0536102 0.0471603 0.0406661 0.0343075 0.0282224 0.0225297 0.0173446 0.0127811 0.00893915 0.00588106 0.0036069
 0.0109914 0.01731 0.0250361 0.0337726 0.04306 0.0523262 0.0607966 0.0675848 0.0719817 0.0737053 0.0729104 0.0700154 0.0655271 0.0599433 0.0537089 0.0471859 0.0406422 0.0342635 0.0281816 0.0225038 0.0173345 0.0127815 0.00894359 0.00588503 0.0036088
 0.0109527 0.0172405 0.0249191 0.0335887 0.0427918 0.0519666 0.0603584 0.0671059 0.0715229 0.0733391 0.0727023 0.0700041 0.0657098 0.0602766 0.0541239 0.0476127 0.0410298 0.0345879 0.0284408 0.0227071 0.0174927 0.0129023 0.00903192 0.00594542 0.00364664
 0.0110148 0.0173442 0.0250788 0.0338154 0.0430858 0.0523082 0.0607025 0.0673883 0.0716793 0.0733297 0.0725294 0.069712 0.065368 0.0599537 0.0538655 0.0474321 0.0409142 0.0345132 0.0283865 0.0226624 0.0174556 0.0128738 0.00901257 0.00593379 0.00364031
 0.0110728 0.0174409 0.0252287 0.0340339 0.0433854 0.0526926 0.0611593 0.0678828 0.0721551 0.0737166 0.07276 0.0697417 0.0651913 0.0596083 0.0534195 0.0469604 0.0404756 0.03414 0.0280861 0.0224287 0.0172782 0.0127434 0.00892116 0.00587371 0.00360372
 0.0108971 0.0171732 0.0248607 0.033573 0.0428572 0.0521414 0.0606467 0.067481 0.0719313 0.0737122 0.0729735 0.0701269 0.0656714 0.0601008 0.0538609 0.0473197 0.0407532 0.0343533 0.0282551 0.0225659 0.0173887 0.0128288 0.008983 0.00591532 0.00362962
 0.010806 0.0170089 0.0245845 0.0331422 0.042239 0.0513342 0.059698 0.0664902 0.0710302 0.0730324 0.072614 0.0701316 0.0660221 0.0607248 0.0546515 0.0481651 0.0415619 0.0350682 0.0288524 0.0230449 0.0177594 0.0131046 0.00917829 0.00604536 0.00371017
 0.0110461 0.0173797 0.0251033 0.0338042 0.0430091 0.0521408 0.0604337 0.0670281 0.0712602 0.0729027 0.0721541 0.0694437 0.0652435 0.0599835 0.0540332 0.0477017 0.041241 0.0348542 0.0287077 0.022942 0.0176834 0.013049 0.00913961 0.00602037 0.00369531
 0.0112173 0.0176597 0.0255269 0.0344022 0.0437989 0.0531114 0.06153 0.0681452 0.0722554 0.0736252 0.0724835 0.0693242 0.0647027 0.0591249 0.0530048 0.046652 0.0402823 0.0340468 0.0280657 0.0224512 0.0173193 0.0127869 0.00895859 0.00590198 0.00362298
 0.0108961 0.0171847 0.024902 0.0336673 0.0430265 0.0523952 0.0609722 0.0678403 0.0722682 0.073966 0.0730947 0.0700897 0.0654816 0.0597947 0.0534959 0.0469583 0.040446 0.0341284 0.0281158 0.0224977 0.0173688 0.0128352 0.0089995 0.0059323 0.00364293
 0.0105903 0.0167129 0.0242409 0.0328167 0.0420138 0.0512802 0.0598501 0.0668373 0.0715216 0.0735914 0.0731541 0.0705722 0.066304 0.060822 0.054576 0.0479612 0.0412916 0.0347927 0.0286168 0.0228711 0.0176479 0.0130427 0.00914945 0.00603489 0.00370809
 0.0104623 0.0165102 0.0239457 0.0324156 0.0415001 0.0506576 0.0591391 0.0660809 0.0707863 0.0729614 0.0727182 0.0704052 0.0664452 0.0612596 0.0552451 0.0487583 0.042104 0.0355289 0.0292248 0.0233388 0.0179903 0.0132851 0.00931588 0.0061448 0.00377673
 0.0104509 0.0164838 0.0238909 0.0323143 0.0413322 0.0504068 0.0587985 0.0656567 0.0702988 0.0724452 0.0722216 0.0699881 0.0661718 0.0611833 0.0553908 0.0491098 0.0426043 0.0360966 0.0297788 0.0238197 0.0183701 0.0135625 0.0095058 0.00626744 0.00385132
 0.0100128 0.0158549 0.0230984 0.0314347 0.0404677 0.0496475 0.0581941 0.0652125 0.069993 0.0722519 0.0721265 0.0699928 0.0662902 0.0614348 0.0557911 0.0496603 0.0432826 0.0368536 0.0305472 0.0245311 0.0189724 0.0140309 0.00984152 0.00648984 0.00398757
 0.0095911 0.0152459 0.0223257 0.0305743 0.0396332 0.0489605 0.0577541 0.0650748 0.0701545 0.0726487 0.0726482 0.0705169 0.0667232 0.0617405 0.0559912 0.049813 0.0434503 0.0370769 0.0308319 0.024853 0.0192918 0.014311 0.0100605 0.00664361 0.00408508
#obs surv len freq
 nan nan nan nan nan nan nan nan nan nan nan nan nan nan nan nan nan nan nan nan nan nan nan nan nan
 0.00447916 0.00733816 0.0111662 0.0159817 0.0216828 0.0279601 0.0342765 0.0400102 0.0446918 0.0481572 0.0505162 0.0520129 0.0529059 0.0534188 0.0537335 0.0539887 0.0542675 0.0545604 0.0546992 0.0542911 0.0527291 0.0493609 0.0438102 0.0362895 0.0276723
 0.00461387 0.00755737 0.0114962 0.0164463 0.0222979 0.0287244 0.0351634 0.0409644 0.0456365 0.0490083 0.0511981 0.0524698 0.053108 0.0533638 0.0534421 0.0534975 0.0536195 0.0537982 0.0538619 0.0534155 0.0518537 0.0485287 0.0430655 0.0356701 0.0271989
 0.00477615 0.00782374 0.0119018 0.017025 0.0230757 0.029708 0.0363288 0.0422525 0.0469596 0.0502652 0.0522898 0.0533104 0.053633 0.0535352 0.0532521 0.0529667 0.0527917 0.0527316 0.0526219 0.0520719 0.0504814 0.0472077 0.0418755 0.0346765 0.0264381
 0.00496911 0.00813875 0.0123784 0.0177014 0.0239813 0.030853 0.0376916 0.0437743 0.0485508 0.0518198 0.0536996 0.0544758 0.054469 0.0539765 0.0532584 0.052527 0.0519256 0.0514881 0.0510756 0.0503192 0.048637 0.0453985 0.0402268 0.0332909 0.0253733
 0.00517334 0.00847479 0.0128917 0.0184368 0.0249748 0.0321177 0.0392041 0.0454693 0.0503309 0.0535729 0.0553158 0.0558555 0.0555249 0.0546347 0.0534602 0.0522339 0.0511257 0.0502031 0.0493661 0.0482879 0.046426 0.043178 0.0381714 0.0315462 0.0240242
 0.00540709 0.00885553 0.0134663 0.0192499 0.0260611 0.0334895 0.0408373 0.0472982 0.052255 0.055475 0.0570796 0.0573764 0.0567139 0.0554181 0.0537778 0.0520385 0.0503872 0.0489177 0.0475711 0.0460744 0.043945 0.0406293 0.0357724 0.0294857 0.022418
 0.00563611 0.00923304 0.014044 0.0200793 0.027183 0.0349184 0.0425455 0.0492108 0.0542617 0.0574523 0.0589102 0.0589591 0.0579645 0.0562669 0.0541663 0.0519172 0.0497177 0.0476807 0.0457828 0.0438074 0.0413431 0.0379027 0.0331646 0.0272181 0.0206342
 0.00588317 0.00963433 0.0146476 0.0209305 0.0283171 0.036348 0.044247 0.0511173 0.0562707 0.0594429 0.0607616 0.0605638 0.0592344 0.057133 0.0545751 0.0518253 0.0490885 0.04649 0.0440344 0.0415574 0.0387216 0.035116 0.0304648 0.0248447 0.0187508
 0.00613146 0.0100433 0.0152728 0.0218259 0.029524 0.037877 0.046061 0.0531277 0.0583529 0.0614625 0.0625976 0.0621184 0.0604327 0.0579187 0.0549053 0.0516656 0.0484102 0.0452729 0.0422799 0.0393122 0.0361025 0.032318 0.0277363 0.0224295 0.0168217
 0.00637709 0.0104464 0.0158866 0.0227028 0.0307055 0.039378 0.0478527 0.0551304 0.0604453 0.0635043 0.0644529 0.0636735 0.0616034 0.0586505 0.0551666 0.0514385 0.047682 0.0440354 0.0405398 0.0371136 0.0335518 0.0295953 0.0250757 0.020066 0.014926
 0.00661649 0.0108384 0.0164817 0.0235498 0.0318421 0.0408162 0.0495629 0.0570362 0.0624337 0.0654461 0.0662233 0.0651638 0.0627278 0.0593478 0.0553997 0.0511896 0.0469464 0.0428169 0.038856 0.0350122 0.0311332 0.0270243 0.0225666 0.0178354 0.0131334
 0.00684284 0.0112122 0.0170548 0.0243737 0.0329567 0.0422327 0.0512475 0.0589051 0.0643655 0.0673076 0.0678914 0.0665389 0.0637365 0.0599409 0.0555485 0.0508815 0.0461808 0.0416036 0.0372198 0.0330054 0.0288527 0.0246219 0.0202353 0.0157693 0.011475
 0.00704499 0.0115449 0.0175633 0.0251028 0.0339427 0.0434894 0.0527513 0.0605887 0.0661257 0.0690233 0.0694436 0.0678254 0.0646795 0.0604898 0.055677 0.0505823 0.0454589 0.0404741 0.0357114 0.0311713 0.0267849 0.0224579 0.0181459 0.013924 0.00999693
 0.00727063 0.0119085 0.0181044 0.0258559 0.0349305 0.0447125 0.0541776 0.0621493 0.0677241 0.0705523 0.0708024 0.0689291 0.0654641 0.0609122 0.0557148 0.0502307 0.0447269 0.0393817 0.0342914 0.0294776 0.0249035 0.0205116 0.0162834 0.0122902 0.00869452
 0.00742237 0.0121656 0.0185102 0.0264559 0.0357613 0.0457849 0.055461 0.0635693 0.0691766 0.0719277 0.0720059 0.06989 0.0661344 0.061263 0.0557316 0.0499106 0.0440769 0.0384192 0.033047 0.0280017 0.0232737 0.0188356 0.0146886 0.0108978 0.00758887
 0.00753367 0.0123424 0.0187697 0.0268141 0.0362337 0.0463858 0.0561985 0.0644377 0.0701488 0.072952 0.0730101 0.0707931 0.0668613 0.0617553 0.0559526 0.0498424 0.0437171 0.0377774 0.0321468 0.0268859 0.0220097 0.0175165 0.0134227 0.00978748 0.00670514
 0.00757774 0.0124161 0.0188844 0.0269817 0.0364648 0.0466865 0.0565687 0.0648721 0.0706407 0.0734954 0.0735964 0.071403 0.0674579 0.0622851 0.0563541 0.0500597 0.0437095 0.0375252 0.0316534 0.0261791 0.0211438 0.0165699 0.0124881 0.00895307 0.00603347
 0.00765955 0.0125356 0.0190395 0.027163 0.0366595 0.0468848 0.0567682 0.0650776 0.0708606 0.0737378 0.0738668 0.0717026 0.0677814 0.062616 0.0566616 0.0502995 0.0438318 0.0374865 0.0314283 0.025769 0.0205806 0.0159129 0.0118132 0.00833531 0.00552822
 0.00770659 0.0126123 0.0191545 0.0273223 0.0368629 0.0471214 0.0570154 0.0653057 0.0710437 0.073866 0.0739504 0.0717669 0.0678538 0.0627142 0.0567857 0.0504303 0.0439342 0.0375176 0.0313492 0.0255583 0.0202437 0.0154843 0.0113481 0.00789398 0.00515851
 0.00775745 0.0126859 0.0192487 0.0274304 0.0369763 0.0472341 0.0571259 0.0654148 0.0711507 0.0739649 0.0740325 0.0718265 0.0678942 0.0627472 0.0568254 0.0504834 0.0439925 0.0375576 0.0313393 0.0254704 0.0200663 0.0152296 0.0110498 0.00759611 0.00489996
 0.00782373 0.0127885 0.0193928 0.0276159 0.0371959 0.0474728 0.0573608 0.0656193 0.0713016 0.0740503 0.074054 0.071796 0.0678273 0.0626595 0.0567306 0.050393 0.0439126 0.0374849 0.0312601 0.0253657 0.0199213 0.0150428 0.0108364 0.00738217 0.00471206
 0.00784884 0.0128307 0.0194589 0.0277123 0.0373273 0.0476382 0.0575514 0.0658175 0.0714842 0.0741943 0.0741431 0.0718244 0.0678003 0.0625903 0.0566359 0.0502883 0.0438092 0.0373876 0.0311663 0.0252669 0.0198077 0.0149099 0.0106895 0.00723533 0.00458176
 0.00786526 0.0128533 0.0194856 0.0277396 0.0373522 0.0476613 0.0575779 0.065856 0.071542 0.0742723 0.0742337 0.0719133 0.0678718 0.0626331 0.0566467 0.0502711 0.0437723 0.0373393 0.0311113 0.025205 0.019736 0.0148264 0.0105968 0.00714126 0.00449668
 0.00788831 0.012886 0.019526 0.0277824 0.0373898 0.0476862 0.057585 0.065845 0.071518 0.074246 0.0742176 0.0719172 0.0678978 0.0626747 0.0566917 0.0503074 0.0437924 0.0373412 0.0310969 0.0251769 0.0196958 0.0147758 0.0105388 0.00708142 0.00444167
 0.00789275 0.0128934 0.0195371 0.0277976 0.0374082 0.0477049 0.0575988 0.0658475 0.0715046 0.0742165 0.0741782 0.071879 0.0678732 0.0626722 0.0567125 0.0503452 0.0438362 0.0373801 0.0311231 0.0251871 0.01969 0.0147563 0.0105095 0.00704748 0.00440859
 0.00788035 0.0128687 0.0194919 0.0277225 0.0372961 0.0475561 0.0574244 0.0656685 0.0713458 0.0740987 0.0741132 0.0718688 0.0679137 0.0627564 0.0568319 0.0504894 0.0439926 0.0375346 0.0312623 0.025301 0.0197737 0.0148099 0.0105373 0.00705625 0.00440593
 0.00788887 0.0128763 0.0194916 0.0277033 0.0372454 0.0474634 0.0572861 0.0654906 0.0711448 0.073899 0.0739423 0.0717509 0.0678637 0.0627769 0.056915 0.0506204 0.0441538 0.0377077 0.0314306 0.0254505 0.0198949 0.0148987 0.0105953 0.00708902 0.00442097
 0.00789642 0.0128868 0.0195038 0.0277139 0.0372488 0.0474515 0.0572494 0.0654203 0.0710363 0.0737561 0.0737786 0.0715888 0.0677286 0.0626909 0.0568907 0.0506585 0.0442444 0.037834 0.0315729 0.0255905 0.0200182 0.0149966 0.0106651 0.00713334 0.0044456
 0.00787306 0.0128522 0.0194579 0.0276588 0.0371879 0.0473884 0.0571863 0.0653578 0.0709733 0.0736899 0.0737075 0.0715143 0.0676574 0.0626348 0.0568636 0.0506718 0.0443023 0.0379316 0.0316974 0.025725 0.0201459 0.0151051 0.0107478 0.00718991 0.00448014
 0.0078384 0.0127954 0.0193719 0.0275381 0.0370307 0.0472002 0.0569818 0.0651596 0.0708058 0.0735719 0.0736466 0.0715064 0.0676916 0.0626992 0.0569502 0.0507778 0.0444279 0.0380762 0.0318563 0.025888 0.0203004 0.0152389 0.0108532 0.00726509 0.00452848
 0.00780933 0.0127445 0.0192888 0.0274112 0.0368508 0.0469651 0.0567013 0.0648567 0.0705136 0.073326 0.0734767 0.0714301 0.067711 0.0628025 0.0571166 0.0509846 0.0446557 0.0383112 0.0320882 0.0261082 0.0204994 0.0154081 0.0109866 0.0073616 0.00459198
 0.00778239 0.0126984 0.0192153 0.0273009 0.0366949 0.0467585 0.0564464 0.0645657 0.070208 0.0730347 0.0732317 0.0712608 0.0676385 0.0628347 0.0572465 0.0511924 0.044915 0.0385947 0.0323729 0.0263762 0.0207378 0.0156079 0.0111432 0.00747508 0.00466734
 0.00777996 0.0126904 0.0191956 0.0272609 0.036625 0.0466508 0.0562975 0.0643781 0.0699905 0.0728016 0.0730018 0.0710567 0.067484 0.0627507 0.0572462 0.0512774 0.0450743 0.0388076 0.0326139 0.0266203 0.0209644 0.0158024 0.0112978 0.00758849 0.00474353
 0.00771969 0.0126004 0.0190747 0.0271129 0.0364567 0.0464694 0.056109 0.0641876 0.0698036 0.0726257 0.0728464 0.0709324 0.0674022 0.0627223 0.0572801 0.0513782 0.0452397 0.0390265 0.0328673 0.0268844 0.0212156 0.0160218 0.011474 0.00771839 0.00483109
 0.00930736 0.0148168 0.0217373 0.0298283 0.0387371 0.047916 0.0565566 0.0637283 0.0686961 0.0711645 0.0712691 0.06939 0.0659741 0.0614451 0.0561702 0.0504426 0.0444797 0.0384369 0.0324348 0.0265878 0.0210279 0.0159141 0.0114196 0.00769549 0.0048243
 0.00932211 0.0151341 0.0227312 0.0319587 0.0423478 0.0529631 0.0624372 0.0693798 0.0729739 0.0732943 0.071102 0.0673388 0.0627301 0.0576828 0.0523825 0.0469185 0.0413578 0.035769 0.0302281 0.024825 0.0196746 0.0149221 0.0107305 0.00724551 0.00455037
 0.0089553 0.0145602 0.021931 0.0309869 0.041386 0.0523541 0.0626433 0.0708178 0.0757664 0.0770859 0.0751046 0.0706312 0.0646424 0.0580274 0.0514206 0.0451428 0.0392597 0.0337059 0.0284017 0.0233194 0.0185027 0.0140584 0.0101299 0.0068539 0.00431273
 0.00877657 0.0142586 0.0214578 0.0302936 0.0404435 0.0511875 0.0613737 0.0696902 0.0751271 0.0772858 0.0763416 0.0728047 0.0673229 0.0605969 0.053322 0.0460913 0.0392973 0.0331002 0.0274829 0.0223568 0.0176586 0.0133995 0.00966015 0.00654518 0.00412556
 0.00871236 0.0141472 0.021276 0.0300128 0.0400324 0.0506199 0.0606418 0.0688225 0.074209 0.0764728 0.0758485 0.0728502 0.0680338 0.0619148 0.0549813 0.0477064 0.0405201 0.0337537 0.0275958 0.0220976 0.0172306 0.0129625 0.00930157 0.00629107 0.00396538
 0.00870303 0.0141267 0.0212347 0.0299366 0.0399041 0.0504208 0.0603556 0.0684387 0.0737286 0.0759191 0.0752806 0.0723719 0.0677812 0.0620139 0.0554833 0.0485382 0.0414917 0.0346312 0.0282009 0.0223715 0.0172298 0.0128024 0.0090939 0.0061076 0.00383413
 0.00868979 0.0141064 0.021206 0.0298983 0.0398533 0.0503524 0.0602606 0.0683053 0.0735447 0.0756765 0.0749818 0.0720387 0.0674628 0.0617856 0.0554286 0.0487129 0.0418862 0.0351594 0.02873 0.0227804 0.0174588 0.0128643 0.00904788 0.00601954 0.00374989
 0.00868552 0.0140984 0.0211922 0.0298761 0.0398208 0.0503087 0.0602064 0.0682417 0.0734709 0.0755877 0.07487 0.0718974 0.0672943 0.0616098 0.0552849 0.0486517 0.0419478 0.035349 0.0290071 0.0230728 0.0176957 0.013007 0.00909919 0.00600987 0.00371482
 0.00865556 0.0140535 0.0211316 0.0298016 0.0397361 0.0502185 0.0601156 0.0681554 0.073394 0.0755239 0.0748201 0.0718579 0.0672592 0.0615739 0.0552511 0.0486346 0.0419706 0.0354322 0.0291529 0.0232588 0.0178822 0.0131565 0.00919257 0.00605079 0.00372097
 0.00866327 0.0140625 0.0211387 0.029802 0.0397248 0.0501927 0.0600765 0.0681078 0.0733441 0.0754766 0.0747773 0.0718189 0.0672216 0.0615358 0.0552123 0.0485994 0.0419488 0.0354367 0.0291937 0.0233346 0.0179786 0.0132512 0.00926634 0.00609559 0.00374031
 0.0086383 0.0140264 0.0210925 0.029749 0.0396693 0.0501379 0.0600234 0.0680557 0.0732932 0.0754295 0.074739 0.0717947 0.0672143 0.0615441 0.0552322 0.0486265 0.0419815 0.0354771 0.029246 0.023401 0.0180552 0.0133284 0.00933278 0.0061435 0.00376866
 0.00863987 0.0140264 0.0210882 0.0297367 0.0396462 0.0501038 0.0599821 0.0680139 0.0732571 0.0754021 0.0747196 0.0717803 0.0672027 0.0615353 0.0552277 0.0486279 0.0419897 0.0354931 0.029271 0.0234356 0.0180981 0.0133751 0.00937657 0.00617862 0.00379242
 0.00862888 0.0140123 0.0210736 0.0297259 0.039643 0.0501093 0.0599931 0.0680241 0.0732601 0.075395 0.0747038 0.0717598 0.0671816 0.0615162 0.0552118 0.048616 0.0419829 0.0354927 0.0292782 0.023451 0.0181208 0.0134024 0.00940444 0.00620287 0.00381044
 0.00861857 0.0139928 0.0210395 0.0296715 0.0395653 0.0500109 0.0598845 0.0679216 0.0731808 0.0753498 0.0746944 0.0717804 0.0672233 0.0615704 0.0552722 0.048678 0.0420438 0.0355507 0.0293327 0.0235019 0.018168 0.0134449 0.00944092 0.00623184 0.00383127
 0.00861902 0.0139938 0.0210412 0.0296736 0.0395658 0.050006 0.0598688 0.0678903 0.0731329 0.0752904 0.0746341 0.0717313 0.0671937 0.0615628 0.0552836 0.0487027 0.0420759 0.0355861 0.0293686 0.0235368 0.0182009 0.013475 0.00946701 0.00625291 0.00384681
 0.00861902 0.0139938 0.0210412 0.0296736 0.0395658 0.050006 0.0598688 0.0678903 0.0731329 0.0752904 0.0746341 0.0717313 0.0671937 0.0615628 0.0552836 0.0487027 0.0420759 0.0355861 0.0293686 0.0235368 0.0182009 0.013475 0.00946701 0.00625291 0.00384681
 0.00851892 0.0138395 0.0208255 0.0293968 0.0392371 0.0496445 0.0595035 0.0675575 0.0728692 0.075124 0.0745787 0.0717852 0.0673438 0.0617885 0.0555608 0.0490062 0.0423821 0.0358755 0.0296274 0.0237571 0.0183798 0.0136136 0.00956891 0.00632351 0.00389244
 0.008636 0.0140116 0.0210501 0.0296586 0.039511 0.049901 0.0597137 0.0676972 0.0729214 0.0750828 0.0744509 0.07159 0.0671084 0.0615424 0.0553298 0.0488088 0.0422271 0.0357631 0.0295518 0.02371 0.0183531 0.0136003 0.00956394 0.00632312 0.00389406
 0.00854221 0.0138806 0.0208924 0.0294964 0.0393707 0.0498018 0.0596596 0.0676775 0.0729191 0.0750845 0.0744523 0.0715948 0.0671233 0.0615732 0.0553793 0.0488769 0.0423118 0.03586 0.0296547 0.0238112 0.0184453 0.013678 0.00962447 0.00636664 0.00392284
 0.00868135 0.0140866 0.0211651 0.0298237 0.0397331 0.050179 0.0600338 0.0680301 0.073225 0.07531 0.0745613 0.0715615 0.0669443 0.061271 0.0549962 0.0484621 0.0419091 0.0355007 0.0293559 0.0235779 0.0182734 0.0135586 0.00954626 0.00631861 0.00389537
 0.0085954 0.0139693 0.0210297 0.0296952 0.03964 0.0501418 0.0600564 0.0681014 0.0733291 0.0754351 0.0747013 0.0717094 0.0670854 0.0613842 0.0550621 0.0484733 0.0418732 0.0354361 0.0292834 0.0235133 0.0182249 0.0135273 0.00952906 0.00631083 0.00389281
 0.00857847 0.0139299 0.02095 0.0295556 0.0394291 0.0498691 0.0597592 0.0678381 0.0731578 0.0753904 0.074783 0.0718887 0.0673212 0.0616366 0.0552991 0.048672 0.0420212 0.0355324 0.0293367 0.0235379 0.0182348 0.0135321 0.00953344 0.00631571 0.00389753
 0.00864295 0.0140306 0.0210926 0.029739 0.0396417 0.0500859 0.0599437 0.0679513 0.0731742 0.0753119 0.0746401 0.0717261 0.0671771 0.0615294 0.0552264 0.0486193 0.0419722 0.035476 0.0292699 0.023465 0.0181639 0.0134711 0.00948693 0.00628421 0.00387851
 0.00871801 0.0141563 0.0212876 0.0300209 0.0400204 0.050554 0.0604679 0.068472 0.0736165 0.0756061 0.0747418 0.07163 0.066916 0.0611609 0.0548127 0.0482099 0.0415957 0.0351432 0.0289816 0.0232195 0.0179608 0.0133106 0.00936794 0.00620253 0.00382714
 0.00857584 0.0139381 0.0209849 0.0296386 0.0395801 0.0500965 0.0600519 0.0681652 0.0734767 0.0756595 0.0749714 0.0719809 0.0673172 0.0615494 0.0551499 0.0484836 0.0418113 0.0353116 0.0291119 0.0233169 0.0180292 0.0133548 0.00939393 0.00621649 0.00383411
 0.00852505 0.0138401 0.0208099 0.0293521 0.0391552 0.049531 0.0593837 0.0674728 0.0728629 0.0752231 0.0747803 0.0720551 0.0676274 0.0620284 0.0557142 0.0490558 0.0423364 0.035761 0.0294775 0.0236027 0.0182437 0.0135084 0.00949782 0.00628237 0.00387301
 0.00866132 0.0140545 0.0211169 0.0297539 0.0396334 0.0500394 0.0598465 0.0677983 0.072973 0.0750864 0.0744284 0.0715722 0.0671173 0.0615785 0.0553723 0.0488277 0.0421987 0.0356802 0.029425 0.0235616 0.0182074 0.0134761 0.00947082 0.00626158 0.00385844
 0.00880302 0.0142929 0.0214891 0.0302957 0.0403667 0.050953 0.06088 0.0688393 0.0738764 0.0757102 0.0746725 0.0714056 0.0665856 0.0607883 0.0544583 0.0479143 0.0413731 0.0349843 0.028865 0.0231241 0.0178735 0.0132285 0.0092944 0.00614261 0.0037835
 0.00860843 0.0139982 0.0210884 0.0298041 0.0398244 0.0504258 0.0604544 0.0686072 0.0739065 0.076017 0.0752015 0.0720465 0.0672092 0.0612906 0.0547891 0.0480813 0.0414228 0.0349735 0.0288378 0.0231031 0.0178636 0.013226 0.00929463 0.00614277 0.00378295
