SBPRF35
12.7214
Curr Bio
853863
B35
847326
F35
0.170439
FOFL
0.169913
OFL
117323
Bzero
3.63469e+006
#pred survey bio
 3.1932e+006 2.84109e+006 2.59645e+006 2.33992e+006 2.07827e+006 1.83639e+006 1.65388e+006 1.45115e+006 1.29388e+006 1.15111e+006 1.02563e+006 908560 811887 742122 700012 656655 631278 611606 607661 585421 570917 565835 561515 564390 559633 555939 559282 564788 574087 577635 577329 585046 598644 613480 626738 649130 663868 672301 675553 680741 680422 681048 687165 698778 698074 701161 707596 747338 791935 822129 845234 858715 861302 880390 877492 860432 2.97837e+007 1.76476e+007 1.77689e+007 1.85153e+007 1.96969e+007 2.10652e+007 2.2428e+007 2.36688e+007 2.47339e+007 2.56123e+007 2.63165e+007 2.68702e+007 2.72998e+007 2.76302e+007 2.78831e+007 2.80761e+007 2.82234e+007 2.8336e+007 2.84223e+007 2.84887e+007 2.854e+007 2.85798e+007 2.86108e+007 2.8635e+007 2.86541e+007 2.86692e+007 2.86812e+007 2.86906e+007 2.86982e+007 2.87043e+007 2.87091e+007 2.8713e+007 2.87162e+007 2.87188e+007 2.87208e+007 2.87225e+007 2.87239e+007 2.8725e+007 2.87259e+007 2.87266e+007 2.87272e+007 2.87277e+007 2.87281e+007 2.87284e+007 2.87287e+007 2.87289e+007 2.87291e+007 2.87293e+007 2.87294e+007 2.87295e+007 2.87296e+007 2.87296e+007 2.87297e+007 2.87297e+007 2.87298e+007 2.87298e+007 2.87298e+007 2.87298e+007 2.87298e+007 2.87299e+007 2.87299e+007 2.87299e+007 2.87299e+007 2.87299e+007 2.87299e+007 2.87299e+007 2.87299e+007 2.87299e+007 2.87299e+007 2.87299e+007 2.87299e+007 2.87299e+007 2.87299e+007 2.87299e+007 2.87299e+007 2.87299e+007 2.87299e+007 2.87299e+007 2.87299e+007 2.87299e+007 2.87299e+007 2.87299e+007 2.87299e+007 2.87299e+007 2.87299e+007 2.87299e+007 2.87299e+007 2.87299e+007 2.87299e+007 2.87299e+007 2.87299e+007 2.87299e+007 2.87299e+007 2.87299e+007 2.87299e+007 2.87299e+007 2.87299e+007 2.87299e+007 2.87299e+007 2.87299e+007 0 0 0 0 0 0 0 0 0 0 0 0 0 0 0 0 0 0 0 0 0 0 0 0 0
#obs survey bio
 3.5898e+006 2.55344e+006 2.24243e+006 1.95357e+006 2.78242e+006 1.47358e+006 1.82345e+006 1.44012e+006 978494 1.23962e+006 870351 708814 850865 931405 408141 645980 674950 473259 518348 889658 615661 637114 516086 674054 638452 527812 574574 473980 572880 589288 660967 501760 594497 544340 576276 369168 677782 715226 591572 725062 874235 609839 678114 797354 703582 601373 505521 724735 806064 872385 918891 752628 779017 1.44618e+006 675704 778479
#pred catch bio
 356758 274601 300948 319810 313998 270716 296583 261687 253280 240296 232560 212151 185460 159069 157559 139380 132135 116856 128961 117607 106288 103779 96974.2 102903 101046 94901.9 93605.5 91020.3 96150.7 99246.9 93161.8 90463.1 92545.3 97047 92466.1 101485 107582 111292 108298 111124 108430 102788 98089.6 108796 106083 104785 79416.2 79031.1 93361.5 99911.5 108101 116997 102647 121042 130382 119088 117323 115976 115424 118912 125901 134345 142763 150336 156717 161852 165849 168882 171140 172796 173996 174858 175472 175906 176213 176428 176579 176684 176758 176809 176844 176869 176886 176897 176905 176911 176915 176918 176919 176921 176921 176922 176923 176923 176923 176923 176923 176923 176923 176923 176923 176923 176923 176923 176923 176923 176923 176923 176923 176923 176923 176923 176923 176923 176923 176923 176923 176923 176923 176923 176923 176923 176923 176923 176923 176923 176923 176923 176923 176923 176923 176923 176923 176923 176923 176923 176923 176923 176923 176923 176923 176923 176923 176923 176923 176923 176923 176923 176923 176923 176923 176923 176923 176923 176923 176923 0 0 0 0 0 0 0 0 0 0 0 0 0 0 0 0 0 0 0 0 0 0 0 0 0
#obs catch bio
 250790 273967 301876 320995 314999 271060 297066 260944 254195 241400 234695 214441 186485 159260 159254 140584 133132 118039 130827 117520 105583 103005 96356.5 102820 100767 94444.3 93502.2 91041.6 96023.3 98909.6 92670.6 90529.4 92823.8 97776.2 93200.1 102667 108624 112108 108809 111486 107900 102804 97733.3 108330 105506 104975 79400.5 79089.2 93807.4 100125 108239 117599 102597 120761 130872 119008
#pred cpue bio
 3.14386e+006 2.79439e+006 2.55124e+006 2.29581e+006 2.03556e+006 1.79523e+006 1.61377e+006 1.41266e+006 1.2564e+006 1.11465e+006 990373 874898 779915 711618 670431 628105 603518 584603 581157 560255 546878 542332 538204 540963 536404 532909 536133 541462 550623 554234 553940 561193 574012 588024 600583 622249 636681 645207 648797 654312 654494 655387 661455 672860 672086 674777 680682 719436 763402 793394 816302 829606 832131 850961 848409 832283 2.88457e+007 1.71009e+007 1.70779e+007 1.76671e+007 1.87934e+007 2.01485e+007 2.15086e+007 2.27489e+007 2.3814e+007 2.46923e+007 2.53965e+007 2.59503e+007 2.63798e+007 2.67103e+007 2.69631e+007 2.71561e+007 2.73035e+007 2.74161e+007 2.75024e+007 2.75688e+007 2.762e+007 2.76598e+007 2.76908e+007 2.77151e+007 2.77342e+007 2.77493e+007 2.77612e+007 2.77707e+007 2.77783e+007 2.77843e+007 2.77892e+007 2.77931e+007 2.77963e+007 2.77988e+007 2.78009e+007 2.78026e+007 2.78039e+007 2.7805e+007 2.78059e+007 2.78067e+007 2.78073e+007 2.78078e+007 2.78082e+007 2.78085e+007 2.78088e+007 2.7809e+007 2.78092e+007 2.78093e+007 2.78094e+007 2.78095e+007 2.78096e+007 2.78097e+007 2.78097e+007 2.78098e+007 2.78098e+007 2.78098e+007 2.78099e+007 2.78099e+007 2.78099e+007 2.78099e+007 2.78099e+007 2.78099e+007 2.78099e+007 2.78099e+007 2.781e+007 2.781e+007 2.781e+007 2.781e+007 2.781e+007 2.781e+007 2.781e+007 2.781e+007 2.781e+007 2.781e+007 2.781e+007 2.781e+007 2.781e+007 2.781e+007 2.781e+007 2.781e+007 2.781e+007 2.781e+007 2.781e+007 2.781e+007 2.781e+007 2.781e+007 2.781e+007 2.781e+007 2.781e+007 2.781e+007 2.781e+007 2.781e+007 2.781e+007 2.781e+007 2.781e+007 2.781e+007 2.781e+007 2.781e+007 2.781e+007 2.781e+007 0 0 0 0 0 0 0 0 0 0 0 0 0 0 0 0 0 0 0 0 0 0 0 0 0
#obs cpue bio
 2.8722e+006 2.59763e+006 2.14602e+006 2.69464e+006 1.62625e+006 1.96978e+006 1.87814e+006 1.67074e+006 1.10675e+006 911218 862997 896924 860119 623676 676792 558944 563086 455176 587497 788874 769614 603968 556162 350097 554088 666218 423479 550057 672838 685777 562095 397541 465152 455834 456476 811399 653850 677760 769806 704146 997632 483192 881957 770288 728444 514672 748143 693474 588283 890752 816093 736644 1.04149e+006 857326 663737 1.18059e+006
#pred surv len freq
 0.00574772 0.00923804 0.0137246 0.0191208 0.0252497 0.0317745 0.0381647 0.0438103 0.0482486 0.0513222 0.0531547 0.0540068 0.0541489 0.0538047 0.0531461 0.0523074 0.051401 0.0505155 0.049666 0.0486956 0.0471954 0.0445573 0.040232 0.0340955 0.0266719
 0.00614784 0.00981289 0.0144541 0.0199506 0.026122 0.0326699 0.0391218 0.0449024 0.0495249 0.0527514 0.0546098 0.0553058 0.0551253 0.0543666 0.0532934 0.0521034 0.0509201 0.0497933 0.0486785 0.047381 0.0455123 0.0425496 0.0380567 0.0319871 0.0248593
 0.00643628 0.0102801 0.0151497 0.0209084 0.0273411 0.0340949 0.0406378 0.0463628 0.0508084 0.0538131 0.0554841 0.0560546 0.0557705 0.0548615 0.0535485 0.0520398 0.0505033 0.0490282 0.0475793 0.0459534 0.0437695 0.040553 0.0359451 0.0299605 0.0231161
 0.00668116 0.0106823 0.0157634 0.021788 0.0285321 0.0356153 0.0424553 0.0483782 0.0528606 0.0557101 0.0570537 0.0571919 0.0564565 0.055139 0.0534731 0.0516391 0.0497707 0.0479429 0.0461304 0.0441547 0.0416706 0.0382545 0.0336063 0.0277781 0.0212722
 0.00697217 0.0111439 0.0164379 0.02271 0.0297264 0.0370919 0.0441994 0.0503407 0.0549522 0.0578035 0.0589928 0.0588118 0.0576153 0.0557499 0.0535192 0.0511588 0.048823 0.0465774 0.0443812 0.0420579 0.0392935 0.0357185 0.031087 0.0254762 0.0193595
 0.00731386 0.0116807 0.017211 0.023746 0.0310341 0.0386583 0.0459837 0.0522729 0.0569415 0.0597509 0.0607999 0.0603796 0.0588408 0.0565318 0.0537744 0.0508428 0.0479381 0.0451643 0.0425036 0.0397958 0.0367534 0.0330482 0.028476 0.0231258 0.0174323
 0.00755401 0.0120662 0.017782 0.024537 0.0320677 0.0399363 0.0474777 0.0539213 0.0586588 0.0614451 0.0623864 0.0617859 0.0600008 0.0573775 0.0542328 0.0508421 0.0474235 0.044115 0.0409427 0.0377946 0.034432 0.0305736 0.0260485 0.0209456 0.0156528
 0.00799036 0.0127427 0.0187391 0.0257907 0.0336088 0.0417295 0.0494573 0.0559889 0.0606915 0.0633146 0.0639805 0.0630229 0.0608336 0.0577864 0.0542117 0.0503841 0.046515 0.0427432 0.039115 0.0355615 0.0319037 0.0279208 0.0234811 0.0186694 0.0138179
 0.00832172 0.0132736 0.0195227 0.026869 0.0350025 0.0434235 0.0513873 0.0580412 0.0627221 0.0651799 0.0655629 0.0642409 0.0616389 0.0581571 0.0541444 0.0498854 0.0455934 0.0414061 0.0373782 0.0334684 0.0295477 0.0254538 0.0210966 0.0165597 0.012123
 0.00858263 0.0136997 0.0201679 0.0277847 0.0362279 0.0449694 0.0532183 0.0600666 0.0648054 0.0671619 0.0672903 0.0655891 0.062526 0.058547 0.054039 0.049311 0.044586 0.0400028 0.0356185 0.0314085 0.0272789 0.0231139 0.0188581 0.0145938 0.0105529
 0.00878099 0.0140245 0.0206616 0.0284899 0.0371812 0.0461901 0.0546946 0.0617475 0.0666013 0.0689556 0.0689508 0.0669875 0.0635516 0.059121 0.0541234 0.0489071 0.0437249 0.0387332 0.0340002 0.0295152 0.0252089 0.0209977 0.0168496 0.0128413 0.00916037
 0.0089558 0.0143132 0.0211045 0.029128 0.0380478 0.0472992 0.056028 0.0632492 0.0681852 0.0705198 0.0703921 0.0682098 0.0644704 0.059668 0.0542519 0.048597 0.0429845 0.0375978 0.0325277 0.0277853 0.0233251 0.0190871 0.0150525 0.0112864 0.00793379
 0.00912903 0.0145848 0.0214953 0.029653 0.0387167 0.0481156 0.0569859 0.0643274 0.0693436 0.0717001 0.0715229 0.0692143 0.0652749 0.0602086 0.0544789 0.0484775 0.0425051 0.0367679 0.0313832 0.0263908 0.0217744 0.0174978 0.0135521 0.00998832 0.00691185
 0.00934791 0.0149102 0.0219288 0.0301773 0.0393027 0.0487335 0.0576139 0.0649544 0.069966 0.0723174 0.0721307 0.0697979 0.0658039 0.0606376 0.0547533 0.0485429 0.042318 0.0363043 0.0306467 0.0254179 0.0206355 0.0162918 0.0123902 0.00897118 0.00610593
 0.00941593 0.015023 0.0221019 0.0304236 0.0396274 0.0491268 0.058048 0.0653886 0.0703625 0.0726578 0.0724232 0.0700682 0.0660767 0.060918 0.0550178 0.0487437 0.0423951 0.036203 0.0303334 0.0248923 0.0199357 0.0154901 0.0115782 0.00823697 0.00551191
 0.00945836 0.0151016 0.0222378 0.0306424 0.0399522 0.0495683 0.0585936 0.0659986 0.0709755 0.0732051 0.0728475 0.070339 0.0661973 0.0609185 0.0549378 0.0486109 0.0422132 0.0359524 0.0299855 0.0244288 0.0193646 0.0148507 0.0109326 0.00765146 0.00503635
 0.0094873 0.0151326 0.0222562 0.0306286 0.0398919 0.049466 0.0584813 0.0659296 0.0710047 0.0733642 0.0731297 0.0707023 0.0665818 0.0612693 0.0552196 0.0488105 0.0423292 0.035983 0.0299225 0.0242628 0.019097 0.0145032 0.0105473 0.00727911 0.00472021
 0.00943525 0.0150627 0.0221773 0.0305553 0.0398374 0.0494334 0.0584595 0.0659011 0.070961 0.0733193 0.0731187 0.0707641 0.0667369 0.0615068 0.0555021 0.0490905 0.0425652 0.0361472 0.0299995 0.024246 0.0189893 0.0143204 0.0103189 0.00704248 0.00450972
 0.00908379 0.0145423 0.02149 0.029739 0.038959 0.0485738 0.0576994 0.0653106 0.0705901 0.0731905 0.0732269 0.0710848 0.0672373 0.0621505 0.056246 0.0498809 0.0433412 0.0368499 0.0305824 0.0246821 0.0192726 0.0144645 0.0103534 0.00700662 0.00444229
 0.00905335 0.0144697 0.0213398 0.0294689 0.0385361 0.0479979 0.0570193 0.0646193 0.0699968 0.0727836 0.0730482 0.0711281 0.0674651 0.0625158 0.0567063 0.0504003 0.0438851 0.0373805 0.0310601 0.0250726 0.019555 0.0146364 0.0104304 0.00701622 0.00441516
 0.00920087 0.0146657 0.0215524 0.0296375 0.0385838 0.0478537 0.0566429 0.0640175 0.0692292 0.0719548 0.072286 0.0705512 0.0671504 0.0624825 0.0569211 0.0507988 0.0443942 0.0379321 0.0315965 0.0255474 0.0199365 0.0149105 0.0106019 0.00710481 0.00444789
 0.00932042 0.0148442 0.0217893 0.0299167 0.0388704 0.0480944 0.0567696 0.0639602 0.068938 0.071425 0.0715728 0.0697629 0.0664204 0.0619306 0.0566216 0.0507664 0.0445904 0.0382863 0.0320281 0.0259842 0.0203237 0.015216 0.0108159 0.00723609 0.00451652
 0.00942258 0.0150018 0.0220103 0.0302014 0.0392096 0.0484671 0.05714 0.0642766 0.0691376 0.0714468 0.0713763 0.0693463 0.0658315 0.0612611 0.0559849 0.0502644 0.0442855 0.0381879 0.0321001 0.026164 0.0205449 0.0154254 0.0109821 0.00734925 0.00458252
 0.00930173 0.0148352 0.0218148 0.0300116 0.0390687 0.0484112 0.0571855 0.0644152 0.0693399 0.0716693 0.0715689 0.0694609 0.065833 0.0611414 0.0557709 0.0500148 0.0440716 0.0380687 0.032101 0.0262722 0.0207203 0.0156194 0.0111552 0.00748029 0.00466816
 0.00931664 0.0148462 0.0218086 0.0299713 0.0389832 0.0482875 0.0570542 0.064324 0.0693335 0.0717667 0.0717519 0.0696793 0.0660239 0.0612506 0.0557705 0.0499108 0.0439022 0.0378893 0.0319647 0.0262101 0.0207337 0.0156859 0.0112429 0.00756229 0.00472996
 0.00943452 0.015014 0.022016 0.0301919 0.0391793 0.0484203 0.0570957 0.0642658 0.0691921 0.0715816 0.0715743 0.0695528 0.0659658 0.0612455 0.0557803 0.0498958 0.0438407 0.0377873 0.0318495 0.026115 0.0206812 0.0156794 0.0112696 0.00760295 0.00476858
 0.00941727 0.0149981 0.0220134 0.0302186 0.0392478 0.0485289 0.0572223 0.0643714 0.0692359 0.0715401 0.0714541 0.0693889 0.0658073 0.0611339 0.055733 0.0499024 0.0438731 0.0378177 0.0318642 0.0261174 0.0206842 0.0156937 0.0112971 0.00763756 0.00480175
 0.00933863 0.0148804 0.0218563 0.0300304 0.0390462 0.0483392 0.057073 0.0642874 0.0692283 0.071599 0.0715508 0.0694894 0.0658886 0.0611943 0.0557877 0.0499696 0.0439609 0.0379197 0.0319665 0.0262083 0.0207595 0.0157559 0.0113499 0.00768236 0.0048377
 0.00924392 0.0147305 0.0216389 0.0297386 0.0386819 0.0479179 0.0566275 0.0638668 0.0688887 0.0713892 0.0714967 0.0695868 0.0661064 0.0614874 0.056113 0.0502973 0.0442758 0.0382151 0.0322367 0.0264463 0.0209595 0.0159155 0.0114713 0.00777031 0.00489807
 0.00928864 0.0147873 0.0216947 0.0297708 0.0386632 0.0478256 0.0564519 0.0636161 0.0685885 0.0710778 0.0712185 0.0693825 0.0660031 0.0614914 0.0562098 0.0504587 0.0444713 0.0384198 0.0324341 0.0266262 0.0211153 0.0160436 0.0115707 0.00784278 0.00494752
 0.00949813 0.0150936 0.0220911 0.0302265 0.039129 0.0482446 0.05677 0.0637895 0.0685906 0.0709058 0.0708969 0.0689603 0.0655425 0.0610531 0.0558396 0.05018 0.0442849 0.0383112 0.0323824 0.0266115 0.0211222 0.0160609 0.011591 0.0078618 0.00496289
 0.00963513 0.0153062 0.0223911 0.0306148 0.0395919 0.0487502 0.0572668 0.0642117 0.0688723 0.0709998 0.070789 0.0686715 0.0651214 0.0605629 0.0553437 0.0497311 0.043917 0.0380367 0.0321959 0.0264964 0.0210583 0.0160303 0.0115798 0.00786051 0.00496568
 0.00968075 0.0153815 0.0225064 0.0307807 0.0398165 0.0490355 0.0576037 0.064576 0.0692255 0.0712943 0.0709775 0.0687191 0.065016 0.0603194 0.0550014 0.0493427 0.0435353 0.0377031 0.0319332 0.026309 0.0209372 0.0159594 0.0115427 0.00784365 0.0049595
 0.00965391 0.015349 0.0224782 0.0307736 0.0398508 0.0491284 0.0577639 0.0648006 0.0694996 0.0715924 0.0712658 0.0689584 0.0651684 0.0603578 0.054918 0.0491533 0.0432755 0.0374179 0.0316645 0.0260858 0.0207712 0.0158484 0.0114757 0.00780716 0.0049417
 0.00958439 0.0152499 0.0223556 0.0306432 0.0397357 0.0490537 0.0577514 0.0648651 0.0696456 0.0718123 0.0715384 0.0692515 0.0654436 0.0605767 0.0550503 0.0491834 0.0432075 0.0372747 0.0314812 0.0258987 0.0206086 0.0157246 0.0113922 0.00775686 0.00491461
 0.0094027 0.0149745 0.0219791 0.0301744 0.0391997 0.0484909 0.0572153 0.0644175 0.0693469 0.071707 0.0716433 0.0695511 0.0658941 0.0611165 0.0556113 0.0497041 0.0436429 0.037603 0.0317043 0.0260362 0.0206874 0.0157697 0.0114206 0.00777731 0.00493004
 0.00918436 0.0146515 0.0215526 0.0296664 0.0386475 0.0479367 0.056699 0.0639752 0.069012 0.0715093 0.0716054 0.0696834 0.0661896 0.0615486 0.0561359 0.0502658 0.0441851 0.0380796 0.0320875 0.0263196 0.0208821 0.0158961 0.0115 0.00782652 0.00496035
 0.00904882 0.0144353 0.0212361 0.0292379 0.038109 0.047312 0.0560378 0.0633481 0.0684936 0.0711572 0.0714477 0.0697197 0.0664016 0.0619095 0.0566134 0.0508206 0.0447713 0.0386483 0.0325958 0.026739 0.0212025 0.0161238 0.0116517 0.00792198 0.00501733
 0.00894605 0.014277 0.0210139 0.0289485 0.0377533 0.0468942 0.0555676 0.0628454 0.0679925 0.0707055 0.0710986 0.0695192 0.0663766 0.0620621 0.0569238 0.0512538 0.0452832 0.0391909 0.033122 0.0272085 0.0215888 0.0164171 0.0118575 0.00805577 0.00509802
 0.0088115 0.014069 0.0207211 0.0285682 0.0372927 0.0463703 0.0550076 0.0622855 0.0674723 0.0702621 0.0707629 0.0693161 0.0663259 0.0621765 0.0572031 0.0516804 0.0458223 0.0397948 0.0337376 0.0277859 0.0220887 0.0168166 0.0121517 0.00825512 0.00522213
 0.00887206 0.0141385 0.0207725 0.0285591 0.0371769 0.046117 0.0546167 0.06179 0.0669279 0.0697292 0.0702927 0.0689452 0.0660779 0.0620657 0.0572369 0.051858 0.0461306 0.0402059 0.0342101 0.0282711 0.0225401 0.0171992 0.0124474 0.0084635 0.00535577
 0.00892372 0.0142195 0.020887 0.028704 0.0373372 0.0462607 0.0546961 0.0617523 0.0667352 0.0693785 0.0698233 0.068427 0.0655882 0.0616686 0.0569731 0.0517449 0.0461668 0.0403746 0.0344807 0.028602 0.0228855 0.0175174 0.0127099 0.00865807 0.00548564
 0.00893178 0.0142297 0.0208974 0.0287117 0.0373396 0.0462569 0.0546855 0.0617311 0.0666913 0.0692911 0.0696705 0.0681999 0.0653024 0.0613644 0.0567038 0.0515601 0.0460985 0.0404313 0.0346486 0.0288502 0.0231729 0.0178022 0.0129583 0.00885101 0.00561953
 0.00895214 0.0142523 0.0209118 0.0287024 0.0372898 0.0461563 0.0545365 0.0615495 0.0665012 0.0691157 0.0695231 0.0680797 0.0651985 0.0612661 0.0566116 0.0514899 0.0460761 0.0404806 0.0347795 0.0290532 0.0234214 0.0180611 0.0131942 0.00904122 0.00575603
 0.00911226 0.0144934 0.021238 0.0291022 0.0377369 0.0466114 0.0549513 0.0618729 0.0666898 0.0691456 0.0693965 0.0678219 0.0648465 0.0608571 0.0561778 0.0510598 0.0456787 0.0401454 0.0345314 0.0289044 0.0233662 0.0180776 0.0132521 0.00911176 0.00581897
 0.0091884 0.0146193 0.0214309 0.0293773 0.0381019 0.0470587 0.0554509 0.0623725 0.0671249 0.0694553 0.0695392 0.0677831 0.0646395 0.060516 0.0557474 0.0505865 0.0452049 0.0397079 0.0341602 0.0286202 0.0231761 0.0179735 0.0132137 0.00911351 0.00583803
 0.00915493 0.0145788 0.0213961 0.0293703 0.0381498 0.0471861 0.0556717 0.0626833 0.0675025 0.069858 0.0699124 0.068071 0.0647977 0.0605231 0.055609 0.0503313 0.0448758 0.0393517 0.0338202 0.0283297 0.0229553 0.017827 0.0131325 0.00907977 0.00583203
 0.00886332 0.0141293 0.0207672 0.0285633 0.0371939 0.0461425 0.0546351 0.0617752 0.0668473 0.0695511 0.0699921 0.0685086 0.0655088 0.0613921 0.0565184 0.0511865 0.0456188 0.039962 0.0343054 0.0287121 0.0232592 0.018071 0.013327 0.00922956 0.00594042
 0.0086451 0.0137778 0.0202451 0.0278407 0.036257 0.0450068 0.0533593 0.0604646 0.0656416 0.0685972 0.0694139 0.0683808 0.0658412 0.0621278 0.0575467 0.0523697 0.0468231 0.0410835 0.0352816 0.0295198 0.0239022 0.0185668 0.0136965 0.00949324 0.00611802
 0.00856207 0.013644 0.0200451 0.027558 0.035874 0.0445064 0.0527305 0.0597112 0.064793 0.0677148 0.0685899 0.0677255 0.065459 0.062089 0.0578662 0.0530005 0.0476689 0.0420255 0.0362088 0.0303512 0.0245942 0.0191082 0.0140973 0.00977385 0.00630282
 0.00853892 0.0136041 0.0199802 0.0274582 0.0357279 0.0443027 0.052459 0.0593639 0.0643646 0.0672072 0.0680196 0.0671328 0.0649115 0.0616732 0.0576658 0.0530685 0.0480072 0.0425815 0.0368921 0.0310613 0.0252476 0.0196528 0.0145141 0.0100689 0.00649628
 0.00852154 0.0135826 0.0199601 0.0274472 0.0357324 0.0443219 0.0524806 0.0593641 0.0643136 0.0670766 0.0677907 0.0668029 0.0645004 0.0612268 0.0572533 0.0527691 0.0478868 0.0426692 0.0371686 0.0314661 0.0257011 0.0200823 0.0148714 0.0103351 0.00667565
 0.00848335 0.0135331 0.0199089 0.0274115 0.0357328 0.0443748 0.0525909 0.0595211 0.0644908 0.0672355 0.0678878 0.0667991 0.0643725 0.0609765 0.0569127 0.0523975 0.0475584 0.0424522 0.0371031 0.031551 0.0258976 0.0203314 0.0151166 0.0105385 0.00682255
 0.00833316 0.0133 0.0195801 0.0269856 0.0352239 0.0438156 0.0520346 0.0590356 0.0641432 0.0670716 0.067916 0.0669888 0.0646641 0.0613022 0.0572167 0.0526521 0.0477696 0.0426515 0.0373291 0.0318282 0.0262225 0.0206749 0.0154384 0.0108048 0.00701769
 0.00808904 0.012952 0.0191461 0.0265118 0.0347694 0.0434303 0.0517423 0.0588349 0.0640213 0.0670207 0.0679394 0.0670939 0.0648505 0.0615521 0.0574972 0.0529265 0.0480129 0.0428604 0.0375203 0.0320254 0.0264405 0.0209099 0.01567 0.0110081 0.00717511
 0.00774858 0.0124436 0.0184669 0.0256939 0.0338769 0.0425497 0.05097 0.0582608 0.0637081 0.0669848 0.0681473 0.0674799 0.0653438 0.0620971 0.0580566 0.0534746 0.0485289 0.0433298 0.0379383 0.0323977 0.0267767 0.0212144 0.0159383 0.0112301 0.00734321
#obs surv len freq
 0.00497777 0.00815255 0.0123987 0.0177293 0.0240175 0.0308977 0.0377439 0.0438319 0.0486102 0.0518763 0.0537483 0.0545123 0.0544897 0.0539799 0.0532449 0.0524984 0.0518848 0.0514383 0.0510199 0.0502605 0.048578 0.0453423 0.0401765 0.0332491 0.0253413
 0.0051908 0.00850224 0.0129312 0.0184896 0.025041 0.0321959 0.039291 0.0455599 0.050419 0.0536525 0.0553818 0.0559039 0.0555529 0.0546404 0.0534429 0.0521944 0.0510663 0.0501272 0.0492781 0.0481925 0.0463287 0.0430844 0.0380871 0.0314759 0.0239704
 0.00542081 0.00887889 0.0135033 0.0193048 0.026137 0.0335869 0.0409526 0.0474232 0.0523791 0.0555877 0.0571724 0.057444 0.0567537 0.0554294 0.0537607 0.0519941 0.0503174 0.0488255 0.0474606 0.0459516 0.043817 0.0405045 0.0356591 0.0293907 0.0223451
 0.0056556 0.00926368 0.0140883 0.020139 0.0272595 0.0350121 0.0426556 0.0493341 0.0543921 0.0575813 0.0590275 0.0590545 0.0580301 0.0562979 0.0541613 0.0518773 0.0496455 0.0475798 0.045658 0.0436654 0.0411924 0.0377536 0.0330278 0.0271025 0.0205452
 0.00590005 0.00966556 0.0147014 0.0210163 0.0284428 0.0365156 0.0444495 0.0513388 0.0564905 0.0596411 0.0609236 0.060681 0.0593026 0.0571511 0.054544 0.0517477 0.0489688 0.0463338 0.0438487 0.041351 0.0385056 0.0349039 0.0302708 0.0246811 0.0186247
 0.00614175 0.0100606 0.0153 0.0218671 0.0295843 0.0379625 0.0461769 0.0532765 0.0585306 0.0616578 0.0627924 0.0622921 0.0605673 0.0580021 0.0549323 0.0516366 0.0483292 0.045146 0.042115 0.0391195 0.0358947 0.0321101 0.0275439 0.022266 0.016695
 0.00638657 0.0104605 0.0159053 0.0227256 0.0307321 0.039409 0.0478905 0.0551797 0.0605117 0.0635927 0.0645644 0.0638027 0.0617383 0.0587739 0.055261 0.05149 0.0476831 0.0439852 0.0404433 0.0369799 0.0333939 0.0294287 0.0249165 0.0199279 0.0148176
 0.00661636 0.0108394 0.0164854 0.0235583 0.0318572 0.0408383 0.0495908 0.0570677 0.0624672 0.0654826 0.0662668 0.0652196 0.0627988 0.0594312 0.0554861 0.0512648 0.0469951 0.0428274 0.0388234 0.0349391 0.0310287 0.0269027 0.0224435 0.0177248 0.0130447
 0.00684345 0.0112114 0.0170506 0.0243633 0.0329382 0.0422066 0.0512173 0.0588771 0.0643467 0.0673029 0.0679031 0.0665675 0.0637816 0.0600016 0.0556219 0.050961 0.0462555 0.0416606 0.0372479 0.032999 0.0288136 0.0245587 0.0201607 0.0156964 0.0114134
 0.00707364 0.0115881 0.0176218 0.0251745 0.0340228 0.0435705 0.0528245 0.0606449 0.0661585 0.0690306 0.069429 0.0677964 0.0646449 0.0604574 0.0556521 0.0505665 0.0454501 0.040466 0.0356955 0.0311402 0.0267353 0.0223926 0.018073 0.0138537 0.00993751
 0.00726509 0.0119059 0.0181121 0.025884 0.0349884 0.0448037 0.0542957 0.0622783 0.067843 0.0706421 0.0708517 0.0689365 0.0654362 0.0608608 0.0556527 0.0501682 0.0446701 0.0393317 0.0342451 0.02943 0.0248502 0.020452 0.016221 0.012231 0.00864455
 0.00744146 0.0121931 0.0185454 0.0264971 0.0358075 0.045838 0.0555263 0.0636527 0.0692793 0.0720419 0.0721149 0.0699733 0.066176 0.0612569 0.0556832 0.0498326 0.0439844 0.0383242 0.0329565 0.0279176 0.0231952 0.0187621 0.0146208 0.0108386 0.00754115
 0.00755099 0.0123727 0.0188188 0.0268878 0.0363354 0.0465128 0.056341 0.0645802 0.0702757 0.0730531 0.073082 0.0708361 0.0668752 0.0617375 0.0559006 0.0497577 0.0436067 0.0376526 0.0320194 0.0267647 0.0219 0.0174205 0.0133414 0.00972174 0.00665523
 0.00760516 0.0124587 0.0189449 0.0270618 0.0365651 0.0468062 0.0567053 0.0650194 0.0707879 0.0736282 0.0737002 0.0714666 0.0674764 0.0622599 0.0562906 0.0499644 0.0435895 0.0373889 0.0315102 0.026039 0.021015 0.016458 0.012396 0.00888148 0.00598137
 0.00767293 0.0125609 0.0190838 0.0272346 0.0367651 0.0470255 0.056937 0.0652595 0.0710367 0.0738904 0.0739829 0.0717746 0.0678058 0.0625929 0.0565945 0.0501951 0.0436993 0.0373361 0.0312705 0.025614 0.0204373 0.0157882 0.0117114 0.00825761 0.00547306
 0.00774772 0.012676 0.0192445 0.0274405 0.037009 0.0472936 0.057209 0.0655117 0.0712481 0.0740504 0.0740956 0.0718566 0.0678788 0.0626736 0.0566861 0.0502834 0.0437539 0.0373184 0.031145 0.0253616 0.0200649 0.015331 0.0112248 0.00780148 0.00509414
 0.00776392 0.0127018 0.0192824 0.0274922 0.0370756 0.0473745 0.0573015 0.0656108 0.0713474 0.0741437 0.0741794 0.071932 0.0679514 0.062752 0.0567765 0.0503845 0.0438522 0.0373884 0.0311556 0.0252866 0.0198952 0.0150808 0.0109292 0.00750545 0.00483707
 0.00780771 0.0127626 0.0193547 0.027565 0.0371357 0.0474122 0.0573151 0.0656067 0.0713368 0.0741376 0.0741849 0.0719518 0.0679852 0.0627985 0.056835 0.0504532 0.0439256 0.037454 0.031194 0.0252767 0.0198231 0.0149477 0.0107537 0.00731705 0.00466551
 0.00786283 0.0128483 0.0194759 0.0277215 0.0373205 0.04761 0.0575017 0.0657541 0.0714213 0.0741495 0.0741323 0.0718561 0.0678723 0.0626898 0.0567437 0.0503844 0.043878 0.0374206 0.0311628 0.0252329 0.0197537 0.0148479 0.0106299 0.00718536 0.00454457
 0.00788701 0.0128878 0.0195357 0.0278061 0.0374326 0.0477481 0.0576584 0.0659143 0.0715647 0.0742546 0.0741825 0.0718455 0.0678078 0.0625888 0.056628 0.0502734 0.0437835 0.0373458 0.0311028 0.025178 0.0196933 0.0147753 0.0105457 0.00709706 0.004463
 0.00789586 0.0128996 0.0195486 0.0278177 0.037441 0.0477541 0.0576667 0.0659324 0.0715989 0.0743065 0.074246 0.0719086 0.0678564 0.0626129 0.0566253 0.0502497 0.0437493 0.0373106 0.0310714 0.0251492 0.0196623 0.0147372 0.0104995 0.0070462 0.00441396
 0.0079011 0.0129069 0.0195575 0.0278264 0.0374471 0.0477548 0.0576599 0.065918 0.0715802 0.07429 0.0742402 0.0719192 0.0678838 0.0626508 0.0566637 0.0502793 0.0437655 0.0373142 0.0310661 0.0251383 0.0196466 0.0147163 0.0104732 0.00701646 0.00438447
 0.00789855 0.0128968 0.0195315 0.027774 0.0373587 0.0476275 0.0575011 0.0657458 0.0714186 0.074162 0.0741625 0.0719005 0.067924 0.0627421 0.0567921 0.0504269 0.0439141 0.0374495 0.0311796 0.0252266 0.0197102 0.0147573 0.0104949 0.0070233 0.00438186
 0.00789402 0.0128868 0.0195111 0.0277363 0.0372957 0.0475319 0.0573695 0.065581 0.0712322 0.0739741 0.0739986 0.0717855 0.0678759 0.0627673 0.0568845 0.0505705 0.0440875 0.0376304 0.0313491 0.0253719 0.0198248 0.0148402 0.0105493 0.00705478 0.00439706
 0.00790416 0.0129022 0.0195322 0.0277618 0.0373225 0.047554 0.057378 0.0655655 0.0711835 0.0738879 0.0738798 0.0716483 0.0677422 0.0626605 0.0568232 0.0505632 0.0441307 0.0377112 0.0314495 0.0254742 0.0199153 0.0149114 0.0105992 0.00708582 0.00441377
 0.00790354 0.0129001 0.019527 0.0277518 0.0373058 0.0475301 0.0573478 0.0655308 0.0711455 0.0738463 0.073832 0.0715927 0.0676802 0.0625992 0.0567744 0.0505396 0.0441413 0.0377568 0.0315226 0.0255617 0.0200028 0.0149874 0.0106575 0.00712547 0.00443766
 0.00786713 0.012841 0.0194386 0.0276286 0.0371459 0.0473377 0.0571355 0.0653193 0.0709597 0.0737083 0.073756 0.0715813 0.0677256 0.0626879 0.056892 0.0506755 0.0442894 0.0379137 0.0316841 0.0257205 0.0201493 0.0151122 0.0107547 0.00719427 0.00448164
 0.00783011 0.0127794 0.0193435 0.0274912 0.0369602 0.0471039 0.0568638 0.0650309 0.0706836 0.0734758 0.0735935 0.071506 0.0677425 0.0627893 0.0570604 0.0508887 0.0445258 0.0381557 0.0319189 0.0259383 0.0203419 0.015273 0.0108798 0.00728384 0.00454017
 0.00782057 0.0127591 0.019304 0.0274215 0.0368492 0.0469443 0.0566563 0.064786 0.0704206 0.0732199 0.0733717 0.0713432 0.0676575 0.0627914 0.0571475 0.0510477 0.0447362 0.038394 0.0321631 0.0261704 0.0205488 0.015446 0.0110149 0.00738138 0.00460471
 0.00777249 0.0126864 0.0192043 0.0272958 0.0366999 0.0467741 0.0564674 0.0645816 0.0702072 0.0730089 0.07318 0.0711904 0.067563 0.06277 0.0572061 0.0511834 0.0449361 0.0386379 0.0324268 0.0264305 0.0207856 0.015646 0.0111716 0.00749476 0.00468
 0.00776135 0.0126594 0.0191478 0.0271929 0.0365365 0.0465469 0.0561898 0.0642824 0.0699214 0.072766 0.0729969 0.0710725 0.0675096 0.0627802 0.0572799 0.0513199 0.0451301 0.0388772 0.032693 0.0267011 0.0210388 0.0158645 0.0113453 0.00762174 0.0047649
 0.00771179 0.012585 0.0190467 0.027066 0.0363849 0.0463697 0.0559841 0.0640474 0.0696644 0.0725065 0.0727638 0.0708963 0.0674125 0.0627706 0.0573539 0.0514665 0.0453353 0.039126 0.0329679 0.0269823 0.0213054 0.0160983 0.011534 0.00776142 0.00485923
 0.00770386 0.0125661 0.0190076 0.0269955 0.0362735 0.0462153 0.0557951 0.0638407 0.0694589 0.0723161 0.0725961 0.0707562 0.0673078 0.0627127 0.0573545 0.0515317 0.0454629 0.039306 0.0331846 0.0272166 0.0215369 0.0163083 0.0117086 0.00789379 0.00495047
 0.00766954 0.0125176 0.0189478 0.02693 0.0362081 0.0461508 0.0557258 0.0637572 0.0693539 0.0721906 0.0724601 0.0706251 0.0671966 0.0626331 0.0573151 0.0515389 0.0455208 0.0394134 0.0333338 0.0273935 0.0217234 0.0164856 0.0118614 0.00801317 0.00503476
 0.00764171 0.0124705 0.0188741 0.0268234 0.0360665 0.0459803 0.0555423 0.0635831 0.0692104 0.0720888 0.0723985 0.0705943 0.0671871 0.0626409 0.057342 0.0515903 0.0456017 0.0395264 0.0334766 0.0275582 0.0218969 0.0166524 0.0120072 0.00812876 0.00511753
 0.00761845 0.0124327 0.018817 0.0267423 0.0359574 0.0458413 0.055376 0.0633985 0.0690236 0.0719206 0.0722693 0.0705177 0.067166 0.0626685 0.0574069 0.051682 0.0457142 0.0396572 0.033624 0.0277179 0.0220605 0.0168085 0.0121442 0.00823839 0.00519692
 0.00760972 0.0124194 0.0187984 0.0267181 0.0359267 0.0458024 0.055326 0.0633341 0.0689423 0.0718235 0.0721627 0.0704128 0.0670771 0.0626082 0.0573825 0.0516941 0.0457586 0.039728 0.0337157 0.0278249 0.0221759 0.0169233 0.0122489 0.00832499 0.00526152
 0.00760167 0.0124079 0.018784 0.0267022 0.0359113 0.045789 0.0553147 0.0633232 0.0689282 0.0718012 0.0721275 0.0703629 0.067015 0.062542 0.0573234 0.0516533 0.0457437 0.0397417 0.0337558 0.0278862 0.0222512 0.017004 0.0123261 0.00839128 0.00531253
 0.00756902 0.012359 0.0187182 0.0266222 0.0358223 0.0456983 0.0552306 0.0632539 0.0688802 0.0717775 0.0721263 0.0703779 0.0670381 0.0625662 0.0573459 0.051676 0.0457718 0.0397808 0.0338092 0.0279532 0.0223274 0.0170826 0.0123997 0.00845365 0.00536018
 0.00756128 0.0123423 0.018686 0.0265664 0.0357367 0.0455826 0.0550934 0.0631122 0.0687548 0.0716862 0.0720786 0.0703742 0.067071 0.0626241 0.0574168 0.0517508 0.045846 0.0398539 0.0338832 0.0280297 0.0224056 0.017159 0.0124693 0.00851178 0.00540427
 0.00753095 0.0122974 0.0186263 0.0264937 0.0356534 0.0454897 0.0549903 0.0629986 0.0686342 0.0715686 0.0719796 0.0703101 0.0670532 0.0626546 0.0574885 0.0518507 0.04596 0.039971 0.0339967 0.0281364 0.0225038 0.017247 0.0125445 0.00857206 0.00544877
 0.00752584 0.0122854 0.0186016 0.0264496 0.0355844 0.0453953 0.0548769 0.0628782 0.06852 0.0714701 0.0719013 0.0702537 0.0670212 0.0626514 0.0575178 0.0519123 0.0460482 0.0400761 0.0341082 0.0282454 0.0226043 0.0173351 0.0126178 0.00862943 0.00549038
 0.00752958 0.012293 0.0186155 0.0264718 0.035615 0.0454298 0.054906 0.0628898 0.0685042 0.0714236 0.0718293 0.0701672 0.0669328 0.0625724 0.057457 0.0518758 0.0460391 0.0400934 0.0341466 0.0282974 0.0226618 0.0173911 0.0126675 0.00866975 0.00552039
 0.00751702 0.0122725 0.0185846 0.0264291 0.0355607 0.0453674 0.0548421 0.0628327 0.0684603 0.0713943 0.0718111 0.0701546 0.066922 0.0625636 0.0574541 0.0518841 0.0460627 0.0401339 0.0342025 0.0283639 0.0227321 0.0174584 0.012726 0.0087162 0.00555405
 0.00750995 0.0122637 0.0185762 0.0264241 0.0355621 0.045376 0.0548555 0.0628461 0.0684686 0.0713946 0.071803 0.070139 0.0669 0.062536 0.0574226 0.0518526 0.0460368 0.0401192 0.0342025 0.0283789 0.0227589 0.0174915 0.0127596 0.00874576 0.00557694
 0.00748858 0.0122299 0.0185275 0.0263597 0.0354836 0.0452887 0.0547687 0.0627714 0.0684166 0.0713712 0.0718074 0.0701653 0.0669401 0.0625825 0.0574699 0.0518975 0.0460786 0.0401595 0.0342436 0.0284225 0.0228047 0.0175371 0.0128015 0.00878066 0.00560315
 0.00748858 0.0122299 0.0185275 0.0263597 0.0354836 0.0452887 0.0547687 0.0627714 0.0684166 0.0713712 0.0718074 0.0701653 0.0669401 0.0625825 0.0574699 0.0518975 0.0460786 0.0401595 0.0342436 0.0284225 0.0228047 0.0175371 0.0128015 0.00878066 0.00560315
 0.00725774 0.0118614 0.0179872 0.025625 0.0345537 0.044197 0.0535933 0.0616317 0.0674504 0.0707 0.0715062 0.0702492 0.0673693 0.0632793 0.0583398 0.0528477 0.0470315 0.0410578 0.0350506 0.0291176 0.0233795 0.0179914 0.0131421 0.0090205 0.00576019
 0.00718701 0.0117195 0.0177246 0.0251802 0.03387 0.0432487 0.0524095 0.0603041 0.0661182 0.0695201 0.0706208 0.0697602 0.0673228 0.0636604 0.0590798 0.0538419 0.0481619 0.0422149 0.0361468 0.0300926 0.0241988 0.0186425 0.0136296 0.00936222 0.00598257
 0.00716403 0.0116878 0.0176845 0.0251289 0.0337929 0.0431112 0.0521569 0.0598766 0.0654798 0.0686876 0.0696769 0.0688388 0.0665726 0.0632044 0.0589842 0.0541052 0.0487231 0.0429747 0.0369946 0.0309289 0.0249497 0.0192642 0.0141066 0.00970113 0.00620471
 0.0071211 0.011619 0.0175835 0.0249917 0.0336199 0.0429082 0.0519325 0.0596353 0.0652126 0.0683702 0.0692806 0.0683555 0.0660377 0.0626995 0.0586157 0.0539664 0.0488604 0.0433731 0.0375859 0.0316166 0.0256367 0.0198751 0.0145977 0.0100605 0.0064445
 0.00714686 0.0116616 0.0176486 0.0250835 0.0337386 0.0430466 0.0520744 0.0597563 0.0652848 0.0683661 0.0691763 0.0681326 0.06569 0.0622454 0.0581081 0.053489 0.0485058 0.0432107 0.037637 0.0318491 0.0259815 0.0202525 0.0149425 0.0103346 0.00663751
 0.00716265 0.0116953 0.0177138 0.0251972 0.0339162 0.0432941 0.052381 0.0600926 0.0656075 0.0686273 0.0693327 0.0681523 0.0655562 0.0619592 0.0576926 0.052993 0.048001 0.0427777 0.0373419 0.0317218 0.0260073 0.0203832 0.0151177 0.0105038 0.00677171
 0.00708293 0.0115732 0.017545 0.0249855 0.0336754 0.0430497 0.0521693 0.0599545 0.0655766 0.068716 0.0695246 0.0684045 0.065812 0.0621639 0.0578076 0.053006 0.0479298 0.0426662 0.0372459 0.0316887 0.0260585 0.0205076 0.0152814 0.0106678 0.00690736
 0.00709303 0.0115839 0.0175505 0.0249771 0.0336443 0.0429909 0.0520863 0.0598609 0.065494 0.0686688 0.0695319 0.0684725 0.0659283 0.062299 0.057923 0.0530671 0.0479195 0.0425923 0.0371394 0.0315912 0.0260049 0.0205122 0.0153352 0.010747 0.00698695
 0.00716868 0.011707 0.017735 0.0252332 0.0339729 0.0433771 0.0524948 0.0602403 0.0657902 0.0688431 0.0695733 0.0683978 0.0657709 0.0620931 0.0576913 0.052817 0.0476488 0.0423006 0.0368377 0.0313039 0.0257615 0.0203346 0.0152288 0.0107001 0.00697831
#pred catch len freq
 0.0045517 0.00723004 0.0105993 0.014594 0.0191672 0.0242601 0.0297297 0.03532 0.0407131 0.0456044 0.0497516 0.0529981 0.0552883 0.0566681 0.0572647 0.0572556 0.0568426 0.056214 0.0554671 0.054488 0.0528602 0.0499281 0.0450907 0.0382165 0.0298968
 0.00486458 0.00768031 0.0111732 0.0152537 0.019877 0.0250203 0.0305909 0.0363593 0.0419788 0.0470636 0.0512761 0.054403 0.0564007 0.0573864 0.0575776 0.0572168 0.0565181 0.0556304 0.0545888 0.0532402 0.0511918 0.0478821 0.0428352 0.0360069 0.0279844
 0.00515356 0.00813752 0.0118348 0.0161373 0.0209705 0.026273 0.0319146 0.0376524 0.0431676 0.0481342 0.0522663 0.055351 0.0572895 0.058129 0.0580539 0.0573307 0.0562298 0.0549458 0.0535241 0.0518008 0.0493899 0.0457828 0.0405897 0.033835 0.0261066
 0.00542224 0.00856675 0.0124683 0.0170146 0.0221237 0.0277177 0.0336321 0.0395712 0.0451577 0.0500264 0.0538954 0.0566047 0.0581323 0.0585837 0.0581546 0.0570848 0.0556138 0.0539278 0.0520885 0.0499611 0.0472 0.0433525 0.0380936 0.0314905 0.0241162
 0.00572232 0.00903571 0.0131408 0.0179155 0.023271 0.0291239 0.0352993 0.0414783 0.0472454 0.0521866 0.0559722 0.058415 0.0595047 0.0594011 0.0583772 0.0567369 0.0547473 0.052589 0.0503094 0.0477789 0.0446877 0.0406433 0.0353819 0.028999 0.0220376
 0.00602936 0.00951389 0.0138226 0.0188204 0.0244074 0.0304911 0.0368848 0.043253 0.0491603 0.0541714 0.0579332 0.0602331 0.0610394 0.060507 0.0589307 0.0566641 0.0540341 0.0512709 0.0484525 0.0454698 0.042043 0.0378261 0.0326014 0.0264792 0.0199611
 0.00633496 0.00999139 0.014506 0.0197306 0.0255521 0.0318637 0.0384606 0.0449849 0.0509809 0.0560007 0.0596877 0.0618292 0.0623918 0.0615251 0.0595192 0.0567321 0.0535137 0.0501353 0.046727 0.0432355 0.0394369 0.0350386 0.029861 0.0240142 0.017947
 0.00674783 0.0106263 0.0153952 0.0208831 0.0269579 0.0334987 0.0402859 0.0469404 0.0529815 0.0579412 0.0614558 0.0633213 0.0635259 0.0622439 0.0597831 0.0565078 0.0527682 0.048844 0.0448934 0.040915 0.0367538 0.0321861 0.0270763 0.0215308 0.0159367
 0.00711253 0.0111988 0.0162188 0.0219855 0.0283475 0.0351602 0.0421724 0.04897 0.055044 0.0599137 0.0632193 0.0647725 0.0645833 0.0628518 0.0599109 0.0561435 0.0519092 0.0474924 0.0430642 0.0386573 0.0341746 0.0294596 0.0244246 0.0191749 0.0140384
 0.00741407 0.0116782 0.0169213 0.0229487 0.0295983 0.0367077 0.0439953 0.0510053 0.0571845 0.0620177 0.065131 0.0663463 0.0657062 0.0634557 0.0599721 0.0556716 0.0509314 0.0460432 0.0411857 0.0364131 0.0316701 0.0268539 0.0219171 0.0169639 0.0122675
 0.00767427 0.01209 0.0175216 0.0237679 0.0306596 0.0380235 0.0455594 0.0527818 0.0591015 0.063968 0.06698 0.067948 0.0669243 0.0641857 0.0601551 0.0552963 0.0500246 0.0446559 0.0393843 0.0342821 0.0293236 0.0244435 0.019622 0.0149568 0.0106703
 0.00787977 0.0124194 0.0180093 0.0244451 0.0315516 0.0391438 0.0469011 0.0543106 0.0607539 0.0656562 0.0685992 0.0693847 0.0680667 0.0649352 0.0604386 0.0550751 0.0492981 0.0434583 0.0377802 0.0323632 0.0272104 0.0222845 0.0175811 0.0131849 0.00926918
 0.00804158 0.0126715 0.0183697 0.0249271 0.0321662 0.0399024 0.0478125 0.0553736 0.0619479 0.0669345 0.0698889 0.0705947 0.0690996 0.0656994 0.0608583 0.055096 0.0488928 0.0426305 0.036568 0.030841 0.0254877 0.0204995 0.0158838 0.0117094 0.00810362
 0.00820951 0.0129204 0.0187004 0.0253269 0.0326159 0.040387 0.0483292 0.0559315 0.0625616 0.0676142 0.0706302 0.0713707 0.069859 0.066371 0.0613612 0.0553531 0.0488431 0.0422401 0.0358379 0.0298129 0.0242447 0.0191587 0.0145774 0.0105573 0.00718626
 0.0083147 0.0130863 0.0189397 0.0256459 0.0330115 0.0408432 0.0488163 0.0564119 0.0630026 0.0680018 0.0709743 0.0716967 0.0701888 0.0667057 0.0616717 0.0555839 0.0489258 0.042112 0.0354607 0.0291868 0.023415 0.0182105 0.0136181 0.00969058 0.00648539
 0.00832346 0.013112 0.0189999 0.0257654 0.0332171 0.0411552 0.0492384 0.0569249 0.0635639 0.0685538 0.0714592 0.072074 0.0704469 0.0668595 0.0617473 0.0555976 0.0488702 0.0419577 0.0351711 0.0287402 0.0228217 0.0175185 0.012903 0.00903285 0.00594637
 0.00833973 0.0131267 0.0190016 0.0257396 0.0331553 0.0410655 0.0491522 0.0568917 0.0636337 0.0687546 0.0717832 0.0724787 0.0708718 0.0672479 0.0620618 0.0558227 0.0490027 0.041993 0.0350979 0.028546 0.0225074 0.0171097 0.0124491 0.00859394 0.00557356
 0.00823402 0.0129751 0.0188102 0.025525 0.0329375 0.040859 0.0489619 0.0567191 0.0634894 0.068667 0.0717935 0.0726223 0.0711574 0.0676475 0.0625193 0.0562738 0.0493931 0.0422866 0.0352742 0.0285968 0.0224364 0.0169365 0.0122103 0.00833565 0.00533855
 0.00796745 0.0125823 0.0182953 0.0249195 0.0322935 0.0402353 0.0484127 0.0562865 0.0632006 0.0685343 0.071818 0.0728006 0.0714849 0.0681145 0.0631016 0.0569267 0.0500559 0.0428954 0.0357768 0.0289607 0.0226524 0.0170173 0.0121869 0.00824965 0.00523111
 0.00789351 0.0124501 0.0180755 0.0245816 0.0318174 0.0396285 0.0477218 0.0555945 0.0626046 0.0681156 0.07162 0.0728249 0.0717039 0.0684888 0.0635917 0.0574949 0.0506622 0.0434941 0.0363195 0.0294055 0.0229737 0.0172116 0.0122719 0.00825718 0.00519679
 0.00797284 0.0125475 0.0181621 0.0246073 0.0317195 0.0393493 0.047229 0.054898 0.0617646 0.0672381 0.0708359 0.0722567 0.0714311 0.0685295 0.0639079 0.0580146 0.0513031 0.0441787 0.0369806 0.0299891 0.0234424 0.0175492 0.0124845 0.00836868 0.00523985
 0.00807173 0.0126938 0.0183536 0.0248273 0.0319346 0.0395095 0.0472718 0.0547592 0.0613994 0.0666442 0.0700695 0.0714279 0.0706774 0.0679775 0.0636375 0.0580416 0.0515846 0.0446346 0.0375191 0.0305268 0.0239163 0.0179222 0.0127459 0.00852956 0.00532459
