SBPRF35
12.7214
Curr Bio
831469
B35
871141
F35
0.172004
FOFL
0.157188
OFL
102949
Bzero
3.63469e+06
#pred survey bio
 3.56189e+06 3.44452e+06 3.33769e+06 3.178e+06 2.9828e+06 2.76977e+06 2.50655e+06 2.27559e+06 2.06491e+06 1.82784e+06 1.6214e+06 1.42257e+06 1.2834e+06 1.13519e+06 999114 874880 772377 717203 664727 632085 610012 590955 576521 560439 556594 557724 553937 555973 569838 580728 578730 571052 580622 585152 597177 601685 612527 615774 622841 627378 635955 641781 650059 658513 661454 665571 668950 664681 656116 646159 651161 702433 772206 832013 873917 911479 911228 889996 863955 836548 2.8158e+07 1.65895e+07 1.66745e+07 1.74745e+07 1.8774e+07 2.0287e+07 2.17948e+07 2.31658e+07 2.43406e+07 2.53071e+07 2.60801e+07 2.66863e+07 2.71554e+07 2.75151e+07 2.77896e+07 2.79986e+07 2.81577e+07 2.8279e+07 2.83717e+07 2.84428e+07 2.84976e+07 2.854e+07 2.8573e+07 2.85989e+07 2.86191e+07 2.86351e+07 2.86478e+07 2.86578e+07 2.86658e+07 2.86722e+07 2.86773e+07 2.86814e+07 2.86848e+07 2.86875e+07 2.86897e+07 2.86914e+07 2.86929e+07 2.8694e+07 2.8695e+07 2.86958e+07 2.86964e+07 2.86969e+07 2.86973e+07 2.86977e+07 2.8698e+07 2.86982e+07 2.86984e+07 2.86985e+07 2.86987e+07 2.86988e+07 2.86989e+07 2.86989e+07 2.8699e+07 2.8699e+07 2.86991e+07 2.86991e+07 2.86991e+07 2.86991e+07 2.86992e+07 2.86992e+07 2.86992e+07 2.86992e+07 2.86992e+07 2.86992e+07 2.86992e+07 2.86992e+07 2.86992e+07 2.86992e+07 2.86992e+07 2.86992e+07 2.86992e+07 2.86992e+07 2.86992e+07 2.86992e+07 2.86992e+07 2.86992e+07 2.86992e+07 2.86992e+07 2.86992e+07 2.86992e+07 2.86992e+07 2.86992e+07 2.86992e+07 2.86992e+07 2.86992e+07 2.86992e+07 2.86992e+07 2.86992e+07 2.86992e+07 2.86992e+07 2.86992e+07 2.86992e+07 2.86992e+07 2.86992e+07 2.86992e+07 2.86992e+07 2.86992e+07 2.86992e+07 2.86992e+07 2.86992e+07 0 0 0 0 0 0 0 0 0 0 0 0 0 0 0 0 0 0 0 0 0 0 0 0 0
#obs survey bio
 3.52176e+06 3.5002e+06 3.56208e+06 2.79372e+06 3.12116e+06 2.90201e+06 2.36283e+06 2.92642e+06 1.59187e+06 1.73489e+06 1.14306e+06 1.37688e+06 1.18218e+06 1.08066e+06 882832 767660 1.10501e+06 571874 589329 520742 523291 488797 390068 644370 601674 510622 542563 633677 459985 369613 711706 626302 528198 557772 623583 680239 840779 566464 503225 507776 470143 618646 579829 495270 952062 856516 650776 669247 685208 450939 453194 700080 668454 559284 1.06812e+06 1.11619e+06 950245 996288 961260 1.09624e+06
#pred catch bio
 103409 99822.9 156886 201386 232616 295346 283264 281637 320461 304940 306891 259667 270156 258044 243450 218477 172616 166603 146534 135456 130891 124928 124051 111650 106098 108562 101746 91011.1 93745.3 104148 107365 92289.8 97528.2 92224 99408.8 94378.4 101164 98620.8 102163 99842.8 102663 100637 100493 104640 102741 102844 108990 112158 113154 101595 66059.1 55327.7 67083.6 83523.3 87107.5 118143 133249 134296 131730 130108 102949 109667 108814 112480 120224 129715 139209 147750 154938 160715 165205 168607 171135 172986 174326 175286 175969 176452 176792 177031 177197 177314 177394 177451 177489 177516 177535 177548 177557 177563 177567 177570 177572 177573 177574 177575 177575 177576 177576 177576 177576 177576 177576 177576 177576 177576 177576 177576 177576 177576 177576 177576 177576 177576 177576 177576 177576 177576 177576 177576 177576 177576 177576 177576 177576 177576 177576 177576 177576 177576 177576 177576 177576 177576 177576 177576 177576 177576 177576 177576 177576 177576 177576 177576 177576 177576 177576 177576 177576 177576 177576 177576 177576 177576 177576 177576 177576 177576 177576 177576 0 0 0 0 0 0 0 0 0 0 0 0 0 0 0 0 0 0 0 0 0 0 0 0 0
#obs catch bio
 0 99420.2 157080 201612 232403 297148 283977 282114 323447 307935 311806 263576 274894 261970 247891 221637 172970 167698 147292 137164 132216 126492 125600 112652 106677 109455 102048 90801.2 93308.2 104234 106972 91437.8 97460.8 92127 99579.4 94346.6 101077 98347.9 102455 100648 103322 100794 100808 104966 102279 102311 108551 111720 112967 101868 66262.3 55370.1 67374 84177.2 87219.2 118476 133278 134087 131701 130130
#pred cpue bio
 3.5072e+06 3.39149e+06 3.28592e+06 3.12664e+06 2.93167e+06 2.71887e+06 2.45653e+06 2.22618e+06 2.01598e+06 1.78006e+06 1.57479e+06 1.37758e+06 1.23963e+06 1.09351e+06 959708 837992 737992 684318 633246 601390 579969 561609 547780 532416 529029 530539 527321 529762 543583 554307 552508 545252 554532 558759 570381 574858 585566 588801 595435 599510 607831 613748 622033 630476 633626 637897 641277 637034 628529 618538 622913 672730 741476 800759 842235 879366 879466 858798 833368 807123 2.71967e+07 1.60329e+07 1.59624e+07 1.65655e+07 1.7786e+07 1.92779e+07 2.0781e+07 2.21511e+07 2.33257e+07 2.42921e+07 2.50651e+07 2.56713e+07 2.61404e+07 2.65001e+07 2.67746e+07 2.69836e+07 2.71427e+07 2.7264e+07 2.73567e+07 2.74278e+07 2.74826e+07 2.7525e+07 2.75581e+07 2.75839e+07 2.76041e+07 2.76201e+07 2.76328e+07 2.76428e+07 2.76508e+07 2.76572e+07 2.76623e+07 2.76665e+07 2.76698e+07 2.76725e+07 2.76747e+07 2.76764e+07 2.76779e+07 2.76791e+07 2.768e+07 2.76808e+07 2.76814e+07 2.76819e+07 2.76824e+07 2.76827e+07 2.7683e+07 2.76832e+07 2.76834e+07 2.76836e+07 2.76837e+07 2.76838e+07 2.76839e+07 2.76839e+07 2.7684e+07 2.7684e+07 2.76841e+07 2.76841e+07 2.76841e+07 2.76842e+07 2.76842e+07 2.76842e+07 2.76842e+07 2.76842e+07 2.76842e+07 2.76842e+07 2.76842e+07 2.76842e+07 2.76842e+07 2.76842e+07 2.76842e+07 2.76842e+07 2.76842e+07 2.76842e+07 2.76842e+07 2.76842e+07 2.76842e+07 2.76842e+07 2.76842e+07 2.76842e+07 2.76842e+07 2.76842e+07 2.76842e+07 2.76842e+07 2.76842e+07 2.76842e+07 2.76842e+07 2.76842e+07 2.76842e+07 2.76842e+07 2.76842e+07 2.76842e+07 2.76842e+07 2.76842e+07 2.76842e+07 2.76842e+07 2.76842e+07 2.76842e+07 2.76842e+07 2.76842e+07 2.76842e+07 2.76842e+07 0 0 0 0 0 0 0 0 0 0 0 0 0 0 0 0 0 0 0 0 0 0 0 0 0
#obs cpue bio
 5.24417e+06 3.94479e+06 2.76375e+06 3.01176e+06 3.09088e+06 1.46284e+06 2.91954e+06 1.70926e+06 1.62805e+06 1.42731e+06 1.50275e+06 939028 1.22121e+06 1.07762e+06 783498 958514 723336 694280 645324 401078 676224 477655 727323 434375 532711 479098 689725 614978 876239 634047 682936 714989 386336 531534 509839 510684 510764 694203 494860 414846 915479 856528 577772 868911 813164 547134 656653 650375 551685 709073 456579 667045 731257 939975 1.00489e+06 942175 1.02989e+06 863442 667660 626974
#pred surv len freq
 0.00509263 0.00820117 0.0122178 0.0170847 0.0226677 0.0286926 0.0347102 0.0401925 0.0447269 0.0481541 0.0505517 0.0521165 0.0530581 0.0535505 0.0537248 0.0536795 0.053497 0.053242 0.0529097 0.0523208 0.0510324 0.0483941 0.0438253 0.0372116 0.0291456
 0.00530812 0.00846659 0.0124648 0.0172089 0.0225714 0.0283442 0.0341823 0.0396435 0.0443302 0.0480156 0.0506688 0.0524003 0.0533978 0.0538756 0.0540308 0.0540105 0.0538995 0.0537157 0.0533815 0.0526604 0.0511069 0.0481354 0.0432707 0.0364904 0.02842
 0.00549445 0.00877508 0.0129331 0.0178587 0.023385 0.0292402 0.0350127 0.0402337 0.0445543 0.0478653 0.0502607 0.0519124 0.0529778 0.0535859 0.0538584 0.0539157 0.0538549 0.0537059 0.0533758 0.0525917 0.0508866 0.0477 0.0426278 0.0357276 0.0276664
 0.00571394 0.00912324 0.0134423 0.0185565 0.0242917 0.0303607 0.0363188 0.0416433 0.045923 0.0490072 0.0510032 0.0521623 0.0527601 0.053026 0.0531177 0.0531254 0.053085 0.0529715 0.0526561 0.0518444 0.0500626 0.0467697 0.0416097 0.0346968 0.0267287
 0.00596078 0.0095166 0.0140197 0.0193484 0.025317 0.0316203 0.037787 0.0432623 0.0476033 0.0506303 0.0524263 0.0532317 0.0533419 0.0530495 0.0526058 0.0521872 0.0518697 0.0516135 0.0512394 0.0504008 0.0485959 0.0452889 0.0401565 0.0333493 0.0255778
 0.00618742 0.00988406 0.0145712 0.0201243 0.0263484 0.0329182 0.0393307 0.0449935 0.049432 0.0524479 0.0541163 0.0546729 0.0544107 0.0536302 0.0526154 0.0516042 0.0507493 0.0500722 0.0494176 0.048426 0.0465682 0.0432932 0.0382806 0.0316887 0.0242169
 0.00652121 0.010409 0.0153291 0.0211443 0.027645 0.0344875 0.0411421 0.0469842 0.0515084 0.0544963 0.0560158 0.0563057 0.0556667 0.0544091 0.0528307 0.0511954 0.0496998 0.0484263 0.0472815 0.0459518 0.0439303 0.0406693 0.0358401 0.0295771 0.0225331
 0.00685547 0.010936 0.0160917 0.0221721 0.0289506 0.0360608 0.0429437 0.0489425 0.0535285 0.0564752 0.057855 0.0579143 0.0569585 0.0552986 0.0532331 0.0510329 0.0489158 0.0470053 0.0452697 0.0434665 0.041154 0.0378261 0.0331603 0.0272566 0.0206967
 0.00712558 0.0113747 0.0167513 0.0231006 0.0301827 0.0376036 0.0447615 0.050953 0.0556146 0.0585094 0.0597212 0.0595188 0.0582286 0.0561746 0.0536588 0.0509494 0.0482655 0.045748 0.0434089 0.0410762 0.0383919 0.0349213 0.0303733 0.0248212 0.0187654
 0.00746129 0.0119111 0.0175415 0.0241895 0.0316001 0.0393539 0.0468093 0.0532143 0.0579625 0.0607924 0.0617871 0.0612359 0.0594998 0.0569406 0.0538901 0.0506309 0.0473834 0.0442892 0.0413791 0.0385318 0.0354681 0.0318367 0.0273966 0.0222071 0.0166876
 0.00774632 0.0123698 0.0182235 0.025139 0.0328495 0.0409125 0.0486509 0.0552704 0.060128 0.0629411 0.0637875 0.0629628 0.0608434 0.0578144 0.0542361 0.0504181 0.0466005 0.0429382 0.0394799 0.0361424 0.0327109 0.0289103 0.0245525 0.019693 0.0146789
 0.00803166 0.0128304 0.018911 0.0260996 0.0341164 0.0424928 0.0505116 0.0573321 0.0622741 0.0650376 0.0657034 0.0645835 0.0620757 0.0585877 0.0545017 0.050147 0.0457811 0.0415755 0.0376009 0.0338103 0.0300452 0.0260964 0.021824 0.0172809 0.0127494
 0.0081772 0.013067 0.0192682 0.0266079 0.0348053 0.043386 0.0516186 0.0586403 0.0637444 0.0666043 0.0672791 0.0660668 0.0633619 0.0595796 0.0551168 0.0503219 0.0454726 0.0407632 0.0362934 0.0320573 0.0279513 0.0238258 0.0195834 0.0152761 0.0111316
 0.00839435 0.0134176 0.0197909 0.0273364 0.0357607 0.0445669 0.0529906 0.0601352 0.0652718 0.0680712 0.0686054 0.06719 0.0642335 0.0601587 0.0553668 0.0502095 0.0449696 0.039852 0.0349766 0.0303726 0.0259861 0.0217228 0.0175241 0.0134417 0.00965488
 0.00856722 0.0137054 0.0202367 0.0279843 0.0366471 0.0457052 0.054356 0.0616582 0.0668468 0.0695775 0.0699295 0.0682437 0.064962 0.0605396 0.0554001 0.0499044 0.0443344 0.038892 0.0337025 0.0288159 0.024217 0.0198576 0.0157133 0.0118368 0.00836673
 0.00872152 0.0139596 0.0206258 0.0285446 0.0374104 0.0466889 0.0555509 0.0630202 0.0682974 0.0710128 0.0712354 0.0693125 0.0657095 0.0609167 0.0553955 0.0495368 0.0436383 0.0379049 0.0324612 0.0273644 0.0226205 0.0182122 0.0141397 0.0104555 0.0072648
 0.00899567 0.0143699 0.0211786 0.0292252 0.0381921 0.0475452 0.0564633 0.0639751 0.0692771 0.0719865 0.0721542 0.0701123 0.0663196 0.061273 0.0554532 0.0492782 0.0430727 0.0370626 0.0313856 0.0261097 0.021255 0.0168222 0.0128248 0.00931101 0.00635722
 0.00916755 0.014625 0.0215167 0.0296293 0.0386316 0.0479847 0.0568713 0.0643328 0.0695859 0.0722697 0.0724492 0.0704512 0.0667072 0.0616755 0.0558042 0.049499 0.0430958 0.0368483 0.0309291 0.025439 0.0204267 0.0159146 0.0119276 0.00850848 0.00570961
 0.00937176 0.0149458 0.0219774 0.03024 0.0393834 0.0488422 0.0577681 0.0651773 0.0702819 0.0727452 0.0726795 0.070463 0.0665629 0.0614449 0.0555369 0.0492085 0.042762 0.0364343 0.0304032 0.0247933 0.0196843 0.0151274 0.0111634 0.00783338 0.00516991
 0.00942197 0.0150308 0.0221117 0.0304404 0.0396658 0.0492169 0.058233 0.0657115 0.0708441 0.0732783 0.0731221 0.0707654 0.0667027 0.0614326 0.0554081 0.0490045 0.0425102 0.0361389 0.0300511 0.0243702 0.0191919 0.0145912 0.0106286 0.00735039 0.00477749
 0.00943932 0.0150545 0.0221398 0.0304699 0.0396967 0.0492559 0.058296 0.0658208 0.0710202 0.0735291 0.0734347 0.0711056 0.0670229 0.0616869 0.055566 0.0490581 0.0424693 0.0360193 0.0298642 0.0241211 0.0188867 0.0142463 0.0102733 0.00702025 0.00450302
 0.00946118 0.0150883 0.0221873 0.0305309 0.0397683 0.0493328 0.0583713 0.0658894 0.0710826 0.0735945 0.0735183 0.0712207 0.0671711 0.0618531 0.0557219 0.0491723 0.0425189 0.0359947 0.0297677 0.0239617 0.0186773 0.0140043 0.0100216 0.00678454 0.00430528
 0.0094289 0.0150428 0.0221316 0.0304725 0.0397169 0.0492974 0.0583569 0.0658965 0.0711086 0.0736361 0.0735744 0.0712944 0.0672678 0.061976 0.055866 0.0493222 0.042651 0.0360856 0.0298008 0.0239316 0.01859 0.0138745 0.00987003 0.00663363 0.00417393
 0.00940634 0.0150099 0.0220894 0.0304249 0.0396706 0.0492605 0.0583377 0.0659015 0.0711402 0.0736913 0.0736454 0.0713713 0.0673433 0.0620478 0.0559362 0.0493924 0.0427182 0.0361403 0.02983 0.0239247 0.0185434 0.0137942 0.00976949 0.00652963 0.00408141
 0.00935426 0.0149178 0.021938 0.030194 0.0393466 0.0488472 0.057865 0.0654244 0.0707264 0.0734021 0.0735195 0.0714173 0.0675426 0.0623634 0.0563237 0.0498095 0.0431295 0.0365178 0.0301526 0.0241777 0.0187204 0.0138987 0.00981429 0.00653341 0.0040636
 0.00921771 0.0147129 0.0216605 0.0298496 0.0389465 0.0484033 0.0573884 0.0649309 0.0702441 0.0729753 0.0732036 0.0712651 0.0675867 0.0626046 0.056731 0.0503294 0.0437007 0.0370835 0.0306678 0.0246122 0.0190587 0.0141392 0.00996753 0.00661835 0.00410225
 0.00916674 0.014626 0.0215232 0.0296473 0.0386704 0.0480563 0.05699 0.064514 0.0698455 0.0726257 0.072924 0.0710716 0.0674969 0.0626378 0.0568989 0.0506265 0.0440994 0.0375393 0.0311304 0.0250365 0.0194132 0.014409 0.0101535 0.0067332 0.00416468
 0.00920326 0.0146614 0.0215321 0.0295911 0.038507 0.0477565 0.0565521 0.0639697 0.0692532 0.0720557 0.0724423 0.0707271 0.067316 0.0626255 0.0570458 0.0509135 0.0444988 0.0380143 0.0316356 0.0255247 0.0198437 0.0147555 0.0104075 0.00690188 0.00426561
 0.00922289 0.0146786 0.0215298 0.0295418 0.0383764 0.0475115 0.0561714 0.0634528 0.0686273 0.0713769 0.0717887 0.0701837 0.0669544 0.0624877 0.0571374 0.0512091 0.044953 0.0385717 0.0322385 0.0261174 0.0203787 0.0151991 0.0107442 0.00713497 0.00441195
 0.00906647 0.0144642 0.0212798 0.0292987 0.0381866 0.0474017 0.0561307 0.0634339 0.0685671 0.0712249 0.0715297 0.0698448 0.0665964 0.0621861 0.0569599 0.0511972 0.0451143 0.0388819 0.032651 0.026576 0.0208282 0.0155954 0.0110605 0.00736346 0.00456104
 0.00901287 0.0143774 0.0211518 0.0291273 0.037982 0.0471917 0.0559598 0.0633496 0.0685954 0.0713493 0.0716901 0.0699622 0.0666107 0.062084 0.0567788 0.0510061 0.0449831 0.0388569 0.0327433 0.0267641 0.0210711 0.0158474 0.0112846 0.00753841 0.00468213
 0.00924535 0.0147034 0.0215458 0.0295325 0.0383256 0.0474109 0.0560243 0.0632703 0.0684168 0.0711306 0.0714821 0.0697882 0.0664599 0.0619231 0.0565771 0.0507584 0.0447171 0.0386198 0.0325789 0.026694 0.0210885 0.0159246 0.0113868 0.00763653 0.00475942
 0.00925229 0.0147271 0.0216023 0.0296383 0.0384862 0.0476066 0.0562049 0.0633671 0.0683724 0.0709309 0.0711687 0.0694414 0.0661622 0.0617245 0.0564819 0.0507372 0.0447328 0.03865 0.0326223 0.0267601 0.0211833 0.0160421 0.0115106 0.00774821 0.00484655
 0.00921639 0.0146813 0.0215574 0.0296141 0.0385082 0.0476987 0.056379 0.0636133 0.0686534 0.0711858 0.071331 0.0694656 0.0660451 0.0615065 0.056226 0.0504999 0.044545 0.0385175 0.0325383 0.0267175 0.0211776 0.0160676 0.011557 0.00780216 0.00489578
 0.00909078 0.014489 0.0212912 0.029278 0.0381193 0.047289 0.055995 0.0633111 0.0684854 0.0711827 0.0714874 0.0697382 0.0663677 0.0618152 0.0564816 0.0506955 0.0446976 0.0386502 0.032667 0.0268472 0.0213061 0.0161895 0.0116664 0.00789346 0.00496558
 0.00904257 0.0144125 0.0211794 0.029126 0.0379255 0.047057 0.0557369 0.063049 0.0682508 0.0710113 0.0714105 0.0697724 0.0665069 0.0620294 0.0567265 0.0509289 0.0448934 0.0388034 0.0327875 0.0269492 0.0213993 0.0162769 0.0117458 0.00796092 0.005018
 0.00903015 0.0143802 0.0211087 0.028993 0.0377076 0.0467438 0.055339 0.0626003 0.0678014 0.0706162 0.0711184 0.0696192 0.06651 0.0621848 0.0570072 0.0512901 0.045284 0.0391793 0.0331209 0.0272297 0.0216281 0.0164598 0.0118882 0.00806724 0.00509267
 0.00921175 0.0146434 0.0214444 0.0293694 0.0380757 0.047048 0.0555285 0.062638 0.0676715 0.07033 0.0707156 0.0691601 0.0660621 0.0618066 0.0567369 0.0511395 0.0452401 0.0392128 0.0331976 0.0273208 0.0217158 0.0165359 0.0119507 0.00811618 0.0051289
 0.00923265 0.014695 0.021553 0.0295661 0.0383832 0.0474625 0.0560064 0.0630996 0.0680239 0.0704982 0.0706667 0.0689097 0.0656649 0.0613379 0.0562727 0.0507402 0.0449405 0.03902 0.0330968 0.0272859 0.0217197 0.0165577 0.0119773 0.00814089 0.00514884
 0.00908821 0.0144952 0.0213185 0.0293412 0.0382275 0.0474346 0.0561459 0.0634132 0.0684779 0.0710204 0.0711603 0.0692797 0.0658473 0.0613188 0.0560879 0.0504574 0.0446338 0.0387482 0.0328922 0.0271545 0.0216497 0.0165297 0.011973 0.00814713 0.00515778
 0.0089552 0.014281 0.0210021 0.0289105 0.0376896 0.0468271 0.0555438 0.0629199 0.0681974 0.0710202 0.0714439 0.0697832 0.066461 0.0619237 0.0565918 0.0508165 0.0448542 0.038869 0.0329615 0.0272097 0.0217089 0.0165944 0.0120362 0.00820097 0.00519806
 0.00892919 0.0142302 0.0209094 0.0287536 0.0374451 0.0464791 0.0550944 0.0623986 0.0676642 0.0705589 0.0711434 0.0697101 0.0666339 0.0623028 0.0570916 0.0513372 0.045315 0.0392293 0.0332203 0.0273905 0.02184 0.0166962 0.0121179 0.00826482 0.00524438
 0.00886089 0.0141282 0.020772 0.0285831 0.0372446 0.0462476 0.0548255 0.0620843 0.067304 0.07017 0.0707669 0.0694076 0.0664717 0.062329 0.0573146 0.0517189 0.0457837 0.0397058 0.0336443 0.0277327 0.0220989 0.0168852 0.0122532 0.00835945 0.00530774
 0.00874053 0.0139472 0.0205273 0.0282823 0.0369043 0.04589 0.0544745 0.0617615 0.0670242 0.0699385 0.0705821 0.0692694 0.0663915 0.0623321 0.057431 0.0519654 0.0461495 0.0401498 0.0341087 0.028163 0.0224594 0.0171634 0.0124538 0.00849572 0.00539501
 0.00872266 0.0139089 0.0204529 0.0281531 0.0367045 0.0456162 0.0541423 0.0614051 0.066686 0.0696553 0.070374 0.0691385 0.0663291 0.06233 0.0574898 0.0520948 0.0463587 0.0404357 0.0344487 0.0285193 0.0227919 0.0174423 0.0126663 0.00864387 0.00549013
 0.00877176 0.013974 0.020523 0.028207 0.0367144 0.0455548 0.0539911 0.0611606 0.0663639 0.0692896 0.0700109 0.0688246 0.0660991 0.0621993 0.0574573 0.052151 0.0464936 0.0406394 0.0347068 0.0288088 0.0230827 0.0177045 0.012879 0.00879964 0.00559331
 0.00880555 0.0140291 0.0206054 0.0283198 0.0368542 0.0457069 0.0541275 0.0612436 0.0663565 0.0691698 0.069782 0.0685165 0.0657598 0.0618812 0.0572028 0.0519853 0.0464241 0.0406604 0.0348038 0.0289611 0.0232644 0.0178884 0.0130419 0.0089274 0.00568253
 0.00885208 0.0141062 0.020724 0.0284905 0.0370845 0.0459963 0.0544621 0.0615929 0.0666754 0.0694062 0.0698888 0.0684649 0.0655497 0.0615434 0.0567917 0.0515637 0.0460471 0.0403647 0.0346047 0.028855 0.023234 0.0179092 0.0130884 0.00897868 0.00572577
 0.00898759 0.0143074 0.0209917 0.0288139 0.0374455 0.0463763 0.0548456 0.0619662 0.0670219 0.0697014 0.0701001 0.0685567 0.0654925 0.0613257 0.0564283 0.051096 0.0455341 0.0398683 0.0341749 0.0285206 0.0230013 0.0177662 0.0130131 0.00894702 0.00571739
 0.00922699 0.0146668 0.0214766 0.0294079 0.0381135 0.0470708 0.0555132 0.0625533 0.0674828 0.0700065 0.0702391 0.0685339 0.0653178 0.0610086 0.0559798 0.0505361 0.0448983 0.0392067 0.0335434 0.0279677 0.0225578 0.0174407 0.0127948 0.00881353 0.00564322
 0.00913649 0.0145591 0.0213863 0.0293898 0.0382244 0.0473441 0.0559384 0.0630753 0.0680216 0.0704861 0.0706085 0.0687722 0.0654264 0.0609989 0.0558633 0.0503225 0.0446 0.038845 0.0331512 0.027585 0.0222211 0.017174 0.0126048 0.00869197 0.00557351
 0.00865747 0.0138202 0.0203523 0.0280648 0.0366619 0.045654 0.0542875 0.0616671 0.0670494 0.0700761 0.0707844 0.06946 0.0664914 0.0622884 0.0572372 0.0516667 0.0458303 0.039908 0.0340234 0.0282692 0.0227387 0.0175546 0.0128774 0.008881 0.00569847
 0.00837552 0.0133414 0.0195957 0.0269472 0.035123 0.0436943 0.0520037 0.0592623 0.0648024 0.0682802 0.0696784 0.069176 0.0670309 0.063533 0.0589867 0.0536909 0.0479148 0.0418834 0.0357761 0.029739 0.0239098 0.0184426 0.0135174 0.00931745 0.00597794
 0.00823143 0.0131132 0.0192605 0.0264794 0.0344886 0.0428491 0.0509023 0.0578818 0.0631762 0.0665242 0.067992 0.0678054 0.0662053 0.0633975 0.0595619 0.0548728 0.0495118 0.043671 0.0375485 0.031342 0.0252525 0.0194921 0.0142853 0.00984263 0.00631246
 0.0080871 0.0129019 0.0189852 0.0261556 0.0341364 0.0424797 0.0505062 0.0574245 0.0626054 0.0657904 0.0670794 0.0667641 0.065165 0.0625465 0.059092 0.0549124 0.0500793 0.0446714 0.0388092 0.0326699 0.026484 0.0205221 0.0150715 0.0103935 0.00666716
 0.00794079 0.0126735 0.0186602 0.0257296 0.0336189 0.0418971 0.0499013 0.0568484 0.0620984 0.0653619 0.066701 0.0663857 0.0647509 0.0621128 0.0587217 0.0547338 0.0502142 0.0451773 0.0396489 0.0337228 0.0275907 0.0215372 0.0159001 0.0110018 0.00707091
 0.00796452 0.0127115 0.0187154 0.0258026 0.0337055 0.041986 0.049974 0.0568822 0.0620732 0.0652646 0.0665243 0.0661225 0.0643911 0.0616525 0.058183 0.054182 0.0497539 0.0449206 0.0396689 0.0340188 0.0280877 0.0221186 0.0164533 0.0114519 0.00739136
 0.00799198 0.0127674 0.0188201 0.0259808 0.0339786 0.0423604 0.0504308 0.0573748 0.0625352 0.065626 0.0667274 0.0661318 0.0641957 0.0612633 0.0576306 0.0535185 0.0490569 0.0442878 0.0391969 0.0337707 0.0280686 0.0222755 0.0167007 0.0117077 0.00760174
 0.0077431 0.0124229 0.0184135 0.0255829 0.0336803 0.0422435 0.050542 0.0577136 0.0630575 0.0662558 0.0673712 0.066695 0.0645991 0.0614569 0.0576003 0.0532867 0.0486782 0.0438421 0.0387757 0.0334555 0.0279067 0.0222664 0.0168022 0.011859 0.00774983
 0.00736764 0.0118533 0.0176355 0.0246186 0.0325927 0.0411357 0.0495505 0.056989 0.0627276 0.0663827 0.0679266 0.0675678 0.0656314 0.0624879 0.0585018 0.053982 0.049147 0.0441138 0.0389144 0.0335382 0.0279982 0.0224002 0.0169757 0.0120451 0.00791658
#obs surv len freq
 nan nan nan nan nan nan nan nan nan nan nan nan nan nan nan nan nan nan nan nan nan nan nan nan nan
 0.00447728 0.00733533 0.0111624 0.015977 0.0216775 0.0279545 0.034271 0.0400051 0.0446874 0.0481539 0.0505143 0.0520123 0.0529066 0.0534206 0.0537363 0.0539922 0.0542715 0.0545648 0.0547038 0.0542958 0.0527337 0.0493652 0.043814 0.0362927 0.0276748
 0.00461378 0.00755694 0.0114951 0.016444 0.0222939 0.0287186 0.0351562 0.0409566 0.045629 0.0490021 0.0511937 0.0524674 0.0531074 0.0533648 0.0534445 0.0535009 0.0536239 0.0538032 0.0538673 0.0534211 0.0518594 0.0485341 0.0430703 0.035674 0.0272019
 0.00478378 0.0078354 0.0119179 0.0170454 0.0230995 0.0297337 0.0363543 0.0422751 0.0469771 0.050276 0.0522934 0.0533075 0.0536248 0.0535233 0.0532377 0.0529508 0.0527751 0.0527146 0.0526049 0.0520551 0.0504651 0.0471926 0.041862 0.0346654 0.0264297
 0.0049733 0.00814691 0.0123932 0.0177257 0.0240177 0.0309021 0.0377508 0.0438378 0.0486112 0.0518698 0.0537343 0.054493 0.054469 0.0539617 0.0532321 0.0524925 0.0518858 0.0514451 0.0510311 0.0502744 0.0485933 0.0453575 0.0401904 0.0332608 0.0253503
 0.00519188 0.00850223 0.0129281 0.0184808 0.0250245 0.0321718 0.0392623 0.0455318 0.0503965 0.0536381 0.0553745 0.0559004 0.0555501 0.054637 0.0534401 0.0521944 0.0510715 0.0501386 0.0492955 0.0482147 0.0463535 0.0431096 0.0381105 0.0314958 0.0239857
 0.00541223 0.00886659 0.0134877 0.019287 0.0261181 0.0335668 0.04093 0.0473966 0.0523482 0.0555551 0.0571426 0.0574217 0.0567417 0.0554272 0.0537665 0.0520057 0.0503339 0.0488471 0.0474878 0.0459837 0.0438525 0.0405407 0.0356931 0.0294198 0.0223677
 0.0056501 0.00925338 0.0140704 0.0201106 0.0272185 0.034959 0.0425943 0.0492711 0.0543346 0.0575342 0.0589928 0.0590324 0.0580202 0.0563002 0.0541754 0.0519023 0.0496796 0.0476213 0.0457055 0.0437173 0.041247 0.0378078 0.0330781 0.0271454 0.0205785
 0.00588469 0.00963958 0.0146605 0.0209558 0.0283587 0.0364068 0.0443191 0.0511954 0.056347 0.0595126 0.0608236 0.0606184 0.0592808 0.0571677 0.0545933 0.0518226 0.0490626 0.0464409 0.0439643 0.041471 0.0386254 0.0350181 0.0303736 0.0247671 0.0186908
 0.00614095 0.0100579 0.0152933 0.0218533 0.0295593 0.0379221 0.0461182 0.0531981 0.0584344 0.0615494 0.0626811 0.0621901 0.0604867 0.0579526 0.0549185 0.0516581 0.0483814 0.0452222 0.0422081 0.0392226 0.0360011 0.0322133 0.0276374 0.0223445 0.0167554
 0.00637654 0.0104469 0.01589 0.0227114 0.0307217 0.0394033 0.0478868 0.0551721 0.0604929 0.0635567 0.0645094 0.0637319 0.0616598 0.0586992 0.0552021 0.0514564 0.0476799 0.0440121 0.0404957 0.0370509 0.0334751 0.0295119 0.0249941 0.0199941 0.0148689
 0.00659782 0.0108093 0.0164406 0.0234966 0.0317787 0.0407472 0.0494958 0.0569805 0.0623984 0.0654378 0.0662441 0.0652116 0.0627973 0.0594314 0.0554886 0.0512747 0.0470193 0.0428714 0.0388887 0.0350227 0.0311239 0.0270005 0.022535 0.0178029 0.0131051
 0.00682791 0.0111841 0.0170056 0.0242943 0.03284 0.0420778 0.0510636 0.0587114 0.0641876 0.0671698 0.0678115 0.0665246 0.0637856 0.0600431 0.0556887 0.0510427 0.0463465 0.0417599 0.0373563 0.0331162 0.028936 0.0246796 0.0202717 0.01579 0.0114854
 0.00705249 0.0115539 0.0175707 0.0251028 0.0339273 0.0434497 0.0526797 0.0604817 0.0659875 0.0688667 0.0692894 0.0676974 0.0645983 0.0604669 0.0557126 0.0506669 0.0455766 0.040607 0.035843 0.0312893 0.0268816 0.0225307 0.0181963 0.013956 0.0100155
 0.00728473 0.0119348 0.0181497 0.0259273 0.0350322 0.0448412 0.0543189 0.0622789 0.067814 0.0705797 0.0707581 0.0688206 0.065313 0.060748 0.0555659 0.0501173 0.0446571 0.0393521 0.0342909 0.0294927 0.0249222 0.0205262 0.016291 0.0122915 0.00869193
 0.00744959 0.0122096 0.0185759 0.0265481 0.0358836 0.0459385 0.0556422 0.0637671 0.0693719 0.0720946 0.0721166 0.0699226 0.0660804 0.0611309 0.0555454 0.0497022 0.0438769 0.0382486 0.0329144 0.027905 0.0232049 0.0187857 0.0146507 0.0108683 0.00756645
 0.00750596 0.0123045 0.018726 0.0267735 0.0362077 0.0463851 0.0562302 0.0645041 0.0702473 0.0730751 0.0731452 0.0709221 0.0669633 0.0618119 0.0559541 0.0497924 0.0436307 0.0376762 0.0320506 0.026807 0.0219518 0.0174769 0.0133962 0.00976948 0.00669264
 0.00760393 0.0124498 0.0189191 0.0270073 0.0364714 0.0466707 0.0565379 0.0648428 0.0706316 0.0735192 0.0736549 0.0714868 0.0675502 0.0623666 0.0564076 0.0500743 0.0436834 0.0374663 0.0315763 0.0260996 0.0210738 0.0165151 0.0124487 0.00892648 0.00601629
 0.00764876 0.0125263 0.0190401 0.0271844 0.0367103 0.0469644 0.0568632 0.0651656 0.0709207 0.0737611 0.0738605 0.0716843 0.0677679 0.0626148 0.0566688 0.050304 0.0438218 0.0374556 0.0313777 0.0257066 0.0205167 0.0158563 0.0117687 0.00830365 0.00550754
 0.00769634 0.0125919 0.0191177 0.0272632 0.0367794 0.0470205 0.0569143 0.0652274 0.0710074 0.0738773 0.074 0.0718374 0.0679302 0.0627893 0.0568585 0.0505004 0.0439975 0.0375674 0.0313803 0.0255698 0.0202396 0.0154713 0.0113329 0.00788085 0.00514907
 0.00776992 0.0127066 0.0192803 0.0274742 0.0370307 0.047293 0.0571784 0.0654491 0.0711593 0.0739496 0.0740033 0.0717959 0.0678699 0.0627305 0.0568133 0.0504727 0.0439814 0.0375447 0.0313229 0.0254493 0.0200408 0.015202 0.0110237 0.00757444 0.00488416
 0.00782088 0.0127846 0.0193886 0.0276125 0.0371956 0.0474779 0.0573731 0.0656387 0.0713249 0.0740717 0.0740676 0.071799 0.0678216 0.0626503 0.0567233 0.05039 0.0439132 0.0374865 0.0312599 0.0253618 0.019913 0.0150309 0.010823 0.00736956 0.00470193
 0.0078545 0.0128394 0.019471 0.027728 0.0373462 0.04766 0.0575754 0.0658429 0.0715099 0.0742184 0.0741629 0.0718366 0.067802 0.0625804 0.0566164 0.0502634 0.0437834 0.0373639 0.0311455 0.0252483 0.0197902 0.0148933 0.0106742 0.00722219 0.00457158
 0.00787264 0.0128639 0.019499 0.0277546 0.0373671 0.0476745 0.0575886 0.0658643 0.0715486 0.0742782 0.0742396 0.0719194 0.0678769 0.0626355 0.0566443 0.0502632 0.0437596 0.0373239 0.0310952 0.0251896 0.0197218 0.0148135 0.0105853 0.00713162 0.00448916
 0.00788018 0.012874 0.0195102 0.0277635 0.0373692 0.047665 0.0575642 0.0658256 0.0715015 0.0742342 0.074213 0.0719215 0.0679117 0.0626968 0.0567187 0.0503355 0.0438178 0.0373617 0.0311117 0.0251865 0.0197012 0.0147779 0.0105387 0.00707995 0.0044397
 0.00788637 0.0128803 0.0195126 0.0277562 0.0373457 0.0476211 0.0575001 0.065746 0.071415 0.0741512 0.0741446 0.0718785 0.0679028 0.062726 0.0567831 0.0504248 0.0439172 0.037456 0.0311893 0.0252411 0.0197314 0.014786 0.0105294 0.00705978 0.0044155
 0.0079001 0.0128978 0.0195299 0.0277663 0.03734 0.047592 0.0574436 0.0656634 0.0713128 0.0740408 0.0740398 0.0717933 0.0678489 0.062711 0.056809 0.0504873 0.0440064 0.0375581 0.0312895 0.025327 0.0197956 0.0148263 0.0105484 0.00706298 0.00440955
 0.00787913 0.0128655 0.0194846 0.0277072 0.0372671 0.0475055 0.0573442 0.0655533 0.071197 0.0739273 0.0739394 0.0717179 0.0678092 0.0627139 0.0568564 0.0505755 0.0441266 0.0376975 0.031433 0.0254601 0.0199069 0.0149098 0.0106039 0.00709466 0.00442421
 0.00788392 0.012868 0.0194787 0.0276844 0.037219 0.0474282 0.0572407 0.0654336 0.0710743 0.0738138 0.0738435 0.0716448 0.0677625 0.0626972 0.056873 0.0506269 0.0442102 0.037806 0.0315554 0.0255831 0.0200181 0.0150002 0.0106696 0.00713703 0.00444806
 0.00787488 0.0128537 0.0194576 0.0276546 0.037178 0.0473722 0.0571661 0.0653385 0.0709616 0.0736924 0.0737274 0.071549 0.0676989 0.062672 0.0568869 0.0506769 0.0442913 0.0379114 0.0316759 0.0257077 0.0201351 0.0151 0.0107465 0.0071903 0.00448096
 0.007852 0.0128163 0.0194012 0.0275754 0.0370743 0.0472462 0.0570248 0.0651932 0.0708251 0.0735754 0.0736371 0.0714898 0.0676737 0.0626832 0.0569351 0.05076 0.044404 0.0380457 0.031822 0.0258547 0.0202722 0.015218 0.0108394 0.00725693 0.00452407
 0.00782694 0.0127739 0.0193342 0.0274767 0.0369384 0.0470729 0.0568218 0.064977 0.0706176 0.0733991 0.0735099 0.0714215 0.0676663 0.0627319 0.0570316 0.0508945 0.0445664 0.0382257 0.0320087 0.0260369 0.020439 0.0153604 0.010952 0.00733855 0.00457795
 0.00781198 0.0127463 0.0192867 0.0274004 0.0368249 0.0469177 0.0566276 0.0647551 0.0703868 0.0731826 0.0733305 0.0712986 0.0676118 0.0627491 0.0571151 0.0510325 0.0447439 0.0384267 0.0322181 0.0262408 0.0206252 0.0155194 0.0110781 0.00743066 0.00463945
 0.00776935 0.0126802 0.0191931 0.0272773 0.0366724 0.0467377 0.0564245 0.0645369 0.0701658 0.0729745 0.0731536 0.0711708 0.0675477 0.0627573 0.0571962 0.0511791 0.0449416 0.0386573 0.032462 0.0264796 0.0208433 0.0157051 0.0112251 0.0075381 0.00471141
 0.00771336 0.0125878 0.0190519 0.0270764 0.0364062 0.0464112 0.0560575 0.0641624 0.0698228 0.0726975 0.0729647 0.0710787 0.0675517 0.0628506 0.0573692 0.051419 0.0452323 0.0389792 0.0327934 0.0267988 0.0211313 0.0159481 0.0114158 0.00767647 0.00480363
 0.00767662 0.0125237 0.0189475 0.026917 0.0361789 0.0461105 0.0556913 0.0637543 0.0694097 0.0723224 0.0726682 0.070891 0.0674878 0.06291 0.0575384 0.0516768 0.0455544 0.0393401 0.0331675 0.0271616 0.0214608 0.0162276 0.0116361 0.00783693 0.00491087
 0.00767075 0.0125122 0.0189263 0.0268796 0.0361169 0.0460139 0.0555502 0.0635627 0.0691688 0.0720444 0.0723773 0.0706206 0.0672731 0.0627801 0.0575099 0.0517512 0.0457195 0.0395743 0.0334441 0.0274526 0.0217404 0.0164746 0.0118369 0.0079866 0.00501271
 0.00766444 0.0125047 0.0189196 0.026877 0.0361203 0.0460218 0.0555557 0.0635533 0.069129 0.071961 0.0722443 0.0704438 0.0670712 0.062582 0.0573483 0.0516538 0.0457021 0.0396376 0.033575 0.0276282 0.0219341 0.0166615 0.0119983 0.00811216 0.0051009
 0.00764931 0.0124831 0.0188929 0.0268486 0.0360953 0.0460057 0.0555525 0.0635636 0.0691487 0.0719799 0.072248 0.0704175 0.0670063 0.0624809 0.0572261 0.0515353 0.0456145 0.0396016 0.0335988 0.0277057 0.0220481 0.0167897 0.01212 0.00821311 0.00517506
 0.00760853 0.0124206 0.0188062 0.0267385 0.0359668 0.0458678 0.0554186 0.0634498 0.0690704 0.071947 0.0722606 0.0704656 0.0670719 0.062545 0.0572749 0.0515659 0.0456351 0.0396278 0.0336455 0.0277807 0.022148 0.0169024 0.0122298 0.00830683 0.00524567
 0.00758595 0.0123831 0.0187485 0.0266559 0.0358566 0.0457321 0.055266 0.0632956 0.0689336 0.0718457 0.0722074 0.0704644 0.0671177 0.0626247 0.0573713 0.0516629 0.045723 0.0397056 0.0337195 0.0278589 0.0222346 0.0169949 0.01232 0.00838551 0.0053066
 0.00757391 0.0123639 0.01872 0.0266161 0.0358034 0.0456636 0.0551814 0.0631966 0.0688254 0.0717378 0.0721127 0.0703964 0.0670867 0.0626346 0.0574181 0.0517361 0.0458094 0.0397943 0.0338049 0.0279404 0.022314 0.0170724 0.0123928 0.00844881 0.00535632
 0.0075789 0.0123702 0.0187262 0.0266195 0.0358008 0.045652 0.0551586 0.0631613 0.0687775 0.071678 0.0720437 0.0703237 0.0670191 0.0625825 0.0573901 0.0517361 0.0458354 0.0398396 0.0338612 0.0280012 0.0223752 0.0171316 0.0124475 0.0084962 0.0053939
 0.00755606 0.0123375 0.0186853 0.0265743 0.0357564 0.0456124 0.0551249 0.0631322 0.0687503 0.0716505 0.0720151 0.070295 0.0669926 0.0625619 0.0573803 0.0517418 0.0458596 0.0398819 0.0339176 0.0280656 0.0224413 0.0171941 0.0125028 0.00854186 0.00542871
 0.00752995 0.0122953 0.0186224 0.0264879 0.0356468 0.0454851 0.0549921 0.0630105 0.0686561 0.0715943 0.0719984 0.0703115 0.0670323 0.0626155 0.0574418 0.051809 0.0459325 0.0399609 0.0340019 0.0281521 0.0225253 0.0172708 0.012568 0.00859339 0.00546631
 0.00752576 0.0122859 0.0186034 0.0264535 0.0355911 0.0454048 0.0548882 0.0628903 0.0685325 0.071483 0.0719144 0.0702649 0.0670259 0.0626447 0.0574976 0.0518814 0.0460137 0.0400461 0.0340884 0.0282376 0.0226069 0.0173446 0.0126307 0.00864271 0.00550202
 0.00752064 0.012279 0.0185954 0.0264453 0.0355827 0.0453939 0.05487 0.0628585 0.0684821 0.0714139 0.0718331 0.0701834 0.0669582 0.0626022 0.0574857 0.0518989 0.0460547 0.0401028 0.0341537 0.0283058 0.0226735 0.0174059 0.0126834 0.00868466 0.00553266
 0.00751041 0.0122629 0.0185724 0.026415 0.0355461 0.0453531 0.0548287 0.0628203 0.0684491 0.0713854 0.071806 0.0701547 0.0669281 0.0625752 0.0574693 0.0519 0.0460766 0.0401441 0.0342092 0.0283689 0.0227376 0.0174654 0.0127345 0.00872509 0.00556199
 0.00749348 0.0122376 0.0185385 0.0263739 0.0354999 0.0453049 0.0547814 0.062777 0.0684128 0.0713587 0.0717898 0.070148 0.066928 0.062579 0.057476 0.0519114 0.0460962 0.040175 0.0342518 0.0284204 0.022793 0.0175191 0.0127817 0.00876283 0.00558946
 0.0074996 0.0122442 0.0185423 0.02637 0.0354838 0.0452743 0.0547383 0.0627274 0.0683646 0.0713183 0.0717609 0.0701308 0.0669209 0.0625792 0.057481 0.05192 0.0461086 0.0401929 0.0342769 0.0284529 0.0228308 0.0175584 0.0128183 0.00879337 0.00561234
 0.0074996 0.0122442 0.0185423 0.02637 0.0354838 0.0452743 0.0547383 0.0627274 0.0683646 0.0713183 0.0717609 0.0701308 0.0669209 0.0625792 0.057481 0.05192 0.0461086 0.0401929 0.0342769 0.0284529 0.0228308 0.0175584 0.0128183 0.00879337 0.00561234
 0.00713651 0.0116706 0.0177123 0.0252583 0.0340976 0.0436683 0.0530266 0.0610785 0.0669712 0.0703503 0.0713242 0.0702489 0.0675405 0.0635924 0.058754 0.0533189 0.0475191 0.0415288 0.0354809 0.0294914 0.0236885 0.0182339 0.0133218 0.00914532 0.00584087
 0.00695117 0.0113333 0.0171398 0.0243551 0.0327839 0.0419221 0.0509211 0.0587901 0.0647475 0.0684537 0.0699757 0.069591 0.0676209 0.064365 0.0600946 0.0550537 0.0494583 0.0434973 0.0373382 0.0311397 0.0250713 0.0193302 0.0141399 0.0097162 0.00621039
 0.00695298 0.0113265 0.017108 0.024267 0.0325884 0.0415477 0.0502863 0.057829 0.0634471 0.0668868 0.0683085 0.0680525 0.0664454 0.0637311 0.060084 0.0556402 0.0505259 0.0448754 0.0388426 0.032607 0.0263803 0.0204096 0.0149652 0.0103005 0.0065918
 0.00693335 0.0113077 0.0171027 0.0242921 0.0326556 0.0416498 0.0503841 0.0578484 0.0632911 0.0664634 0.0675687 0.0670251 0.0652516 0.0625649 0.0591608 0.0551331 0.0505151 0.0453328 0.0396516 0.0336049 0.0274048 0.0213338 0.0157141 0.0108509 0.00695966
 0.00687508 0.0112213 0.0169892 0.0241602 0.032522 0.0415369 0.0503155 0.057838 0.0633298 0.0665078 0.0675429 0.0668434 0.0648566 0.0619665 0.0584519 0.0544701 0.0500659 0.0452158 0.0398953 0.0341447 0.0281148 0.0220745 0.016374 0.0113677 0.00732018
 0.00693693 0.0113203 0.0171348 0.0243595 0.0327772 0.0418429 0.050657 0.0581904 0.0636619 0.0667847 0.0677259 0.0668879 0.064715 0.0616034 0.0578694 0.053729 0.0492853 0.0445422 0.0394515 0.0339865 0.0282163 0.022349 0.0167151 0.0116877 0.00756994
 0.00695458 0.0113634 0.0172259 0.0245274 0.0330487 0.0422298 0.0511454 0.0587391 0.0642115 0.0672732 0.068101 0.0671108 0.0647581 0.0614473 0.0575061 0.0531736 0.0485907 0.0438018 0.0387806 0.0334854 0.0279349 0.0222735 0.0167839 0.0118234 0.00770982
 0.0069583 0.0113711 0.0172417 0.0245591 0.0331095 0.0423392 0.0513263 0.0590102 0.0645762 0.0677102 0.068563 0.0675342 0.0650785 0.0616127 0.0574846 0.0529573 0.048199 0.0432862 0.0382212 0.0329739 0.0275465 0.0220425 0.0166969 0.0118349 0.00776679
 0.00694229 0.0113483 0.0172136 0.0245294 0.0330842 0.0423262 0.0513359 0.0590555 0.0646735 0.0678749 0.068802 0.0678368 0.0654116 0.0619241 0.0577152 0.0530572 0.0481423 0.0430798 0.0379065 0.032617 0.027219 0.0217978 0.0165548 0.0117817 0.00777023
#pred catch len freq
 0.00408467 0.00647231 0.00946081 0.0129897 0.01703 0.0215644 0.0265191 0.0317251 0.0369446 0.0419254 0.0464404 0.0503121 0.0534331 0.0557767 0.0573884 0.0583702 0.0588643 0.0590193 0.0589073 0.0583922 0.0570255 0.0541105 0.049016 0.0416243 0.0326036
 0.00426471 0.00670038 0.00968801 0.0131395 0.0170302 0.0213914 0.0262256 0.0314258 0.0367624 0.0419294 0.0466171 0.050585 0.0537158 0.0560234 0.0576138 0.058631 0.0592125 0.0594519 0.0593406 0.0586797 0.0570193 0.0537368 0.0483198 0.0407537 0.0317422
 0.00445116 0.00699799 0.0101206 0.0137124 0.0177145 0.0221106 0.0268586 0.0318409 0.0368768 0.0417586 0.0462733 0.050219 0.0534403 0.0558725 0.0575605 0.0586348 0.0592527 0.0595205 0.0594086 0.0586744 0.0568417 0.0533143 0.0476586 0.0399492 0.0309373
 0.00467694 0.00734952 0.0106226 0.0143818 0.0185623 0.0231386 0.0280456 0.0331214 0.0381266 0.0428089 0.046961 0.0504532 0.0532432 0.0553637 0.056894 0.0579334 0.0585789 0.0588838 0.0587833 0.0580124 0.0560863 0.0524282 0.046657 0.0389106 0.0299766
 0.00492911 0.00774335 0.0111862 0.0151335 0.0195114 0.0242863 0.0293815 0.034616 0.0397211 0.0444062 0.0484212 0.0516069 0.0539312 0.0554911 0.0564691 0.0570623 0.0574158 0.0575693 0.0574051 0.0566012 0.0546412 0.0509533 0.0451916 0.0375358 0.0287904
 0.00519708 0.00816462 0.0117945 0.0159537 0.0205591 0.0255665 0.0308826 0.036303 0.0415329 0.0462559 0.0501986 0.0531802 0.0551525 0.0562152 0.0565861 0.0565345 0.0562951 0.0559803 0.0555018 0.0545236 0.0524987 0.0488367 0.0431947 0.0357613 0.0273308
 0.00552428 0.00867155 0.0125125 0.0168997 0.0217396 0.026981 0.0325213 0.0381383 0.0435106 0.0482923 0.0521834 0.0549844 0.0566384 0.0572463 0.0570395 0.056319 0.0553754 0.0543953 0.0533644 0.0520002 0.0497799 0.046115 0.0406517 0.0335525 0.0255633
 0.0058661 0.00920135 0.0132627 0.0178866 0.0229657 0.028438 0.0341892 0.0399802 0.0454706 0.0502961 0.0541412 0.0567929 0.0581832 0.0584061 0.0576939 0.0563596 0.0547232 0.0530236 0.0513197 0.0494119 0.0468503 0.043092 0.037789 0.0310659 0.0235908
 0.00620535 0.00973418 0.0140307 0.0189183 0.0242755 0.0300229 0.0360216 0.0420024 0.0475962 0.0524203 0.0561541 0.0585893 0.0596672 0.0594904 0.0582949 0.0563947 0.0541162 0.0517228 0.0493263 0.0468086 0.0438151 0.0398838 0.0347017 0.0283628 0.0214445
 0.0065694 0.0103034 0.0148469 0.0200098 0.025658 0.0316993 0.0379747 0.0441835 0.0499181 0.0547603 0.0583672 0.0605289 0.0612058 0.0605329 0.0587781 0.0562759 0.0533607 0.0503038 0.0472441 0.044124 0.04068 0.036544 0.0314592 0.0255046 0.0191671
 0.00691978 0.0108514 0.0156328 0.0210602 0.0269871 0.0333083 0.0398463 0.0462734 0.0521507 0.0570306 0.0605472 0.0624788 0.0627886 0.0616307 0.0593042 0.0561774 0.0526119 0.0488987 0.0452012 0.0415078 0.0376294 0.0332854 0.0282797 0.0226867 0.0169118
 0.00719747 0.0112919 0.0162765 0.0219412 0.0281313 0.0347297 0.0415378 0.0481979 0.0542369 0.0591765 0.0626296 0.0643647 0.0643485 0.06275 0.0598921 0.0561708 0.0519753 0.0476239 0.0433114 0.0390721 0.034783 0.0302393 0.0253 0.0200375 0.0147846
 0.00743443 0.0116611 0.0168039 0.0226444 0.0290226 0.035818 0.0428262 0.049676 0.0558718 0.0609084 0.0643716 0.0660098 0.065781 0.063858 0.0605777 0.0563564 0.0516071 0.0466753 0.0417904 0.0370352 0.0323512 0.027603 0.022699 0.0177104 0.0129068
 0.00771486 0.0120998 0.0174325 0.023482 0.0300747 0.0370746 0.0442578 0.0512308 0.0574798 0.0624906 0.0658492 0.067309 0.0668334 0.0646008 0.060954 0.0563166 0.0511115 0.0456994 0.0403356 0.0351446 0.0301264 0.0252094 0.0203472 0.015611 0.0112144
 0.00795668 0.0124842 0.0179954 0.0242527 0.0310727 0.0383036 0.0456958 0.0528228 0.0591383 0.0641064 0.0673088 0.0685126 0.0677084 0.0651059 0.0610737 0.0560489 0.0504575 0.0446606 0.0389223 0.0333934 0.028119 0.0230817 0.0182745 0.0137698 0.00973432
