SBPRF35
7.78865
Curr Bio
502515
B35
677667
F35
0.216215
FOFL
0.156247
OFL
61325.3
Bzero
2.22533e+006
#pred survey bio
 4.63168e+006 4.37801e+006 4.12606e+006 3.83086e+006 3.53507e+006 3.20427e+006 2.87696e+006 2.52978e+006 2.21497e+006 1.93168e+006 1.70458e+006 1.50404e+006 1.30864e+006 1.16179e+006 1.00674e+006 925276 826184 761191 721087 691985 662357 642757 624845 614675 615826 600624 600367 607171 606541 601854 608013 610781 609707 605781 593408 571743 565263 558466 570058 583458 588666 589131 603198 609061 600060 604441 604632 605076 606805 604013 597739 572572 546365 555079 548498 558196 570215 567186 559702 574090 553623 520644 509403 1.76945e+007 1.08287e+007 1.12747e+007 1.21041e+007 1.3112e+007 1.41069e+007 1.49806e+007 1.56934e+007 1.62474e+007 1.66642e+007 1.69711e+007 1.71941e+007 1.73549e+007 1.74706e+007 1.75539e+007 1.7614e+007 1.76576e+007 1.76895e+007 1.77128e+007 1.77301e+007 1.7743e+007 1.77526e+007 1.77598e+007 1.77653e+007 1.77694e+007 1.77726e+007 1.7775e+007 1.77768e+007 1.77783e+007 1.77793e+007 1.77802e+007 1.77808e+007 1.77813e+007 1.77817e+007 1.7782e+007 1.77822e+007 1.77824e+007 1.77825e+007 1.77826e+007 1.77827e+007 1.77828e+007 1.77828e+007 1.77828e+007 1.77829e+007 1.77829e+007 1.77829e+007 1.77829e+007 1.77829e+007 1.7783e+007 1.7783e+007 1.7783e+007 1.7783e+007 1.7783e+007 1.7783e+007 1.7783e+007 1.7783e+007 1.7783e+007 1.7783e+007 1.7783e+007 1.7783e+007 1.7783e+007 1.7783e+007 1.7783e+007 1.7783e+007 1.7783e+007 1.7783e+007 1.7783e+007 1.7783e+007 1.7783e+007 1.7783e+007 1.7783e+007 1.7783e+007 1.7783e+007 1.7783e+007 1.7783e+007 1.7783e+007 1.7783e+007 1.7783e+007 1.7783e+007 1.7783e+007 1.7783e+007 1.7783e+007 1.7783e+007 1.7783e+007 1.7783e+007 1.7783e+007 1.7783e+007 1.7783e+007 1.7783e+007 1.7783e+007 1.7783e+007 1.7783e+007 1.7783e+007 1.7783e+007 1.7783e+007 1.7783e+007 1.7783e+007 1.7783e+007 1.7783e+007 1.7783e+007 0 0 0 0 0 0 0 0 0 0 0 0 0 0 0 0 0 0 0 0 0 0 0 0 0
#obs survey bio
 3.23197e+006 3.13882e+006 2.59416e+006 3.85583e+006 2.13394e+006 2.91482e+006 2.38619e+006 2.3751e+006 2.03868e+006 1.63814e+006 1.26042e+006 1.26567e+006 1.15704e+006 957998 853301 507199 654083 638683 874774 676657 560760 476602 560776 521680 598057 496333 569198 465365 468916 485694 498901 832190 705217 508445 686715 590684 551304 486013 773772 446925 645409 472285 454161 690655 547387 553160 626582 639402 622690 598386 644182 600600 710278 493931 506417 576025 604762 470813 735651 710642 434523 576994 448800
#pred catch bio
 101258 102841 155811 177889 237246 264909 314005 313347 308902 278097 269837 276113 240290 250847 189704 205853 174592 150604 138516 136405 125963 122895 114958 105101 118183 104571 98122.4 103294 104985 94562.7 95921.2 96658.4 96094.6 99509.8 103062 89081.5 92653.2 81813.4 83778.7 91675.1 95033 83340.6 90060.2 100875 88019.6 90977.7 90435.2 89491.1 93776.7 96937.7 112286 112267 83816 98150.7 85156.5 83765.3 96250.3 99461 80993.7 109508 118700 100082 92850.8 61325.3 83945.6 86077.2 91240.7 98436.6 105722 112053 117093 120880 123609 125517 126819 127692 128269 128647 128891 129049 129149 129213 129254 129280 129296 129306 129313 129317 129319 129321 129322 129322 129323 129323 129323 129323 129323 129323 129323 129323 129323 129323 129323 129323 129323 129323 129323 129323 129323 129323 129323 129323 129323 129323 129323 129323 129323 129323 129323 129323 129323 129323 129323 129323 129323 129323 129323 129323 129323 129323 129323 129323 129323 129323 129323 129323 129323 129323 129323 129323 129323 129323 129323 129323 129323 129323 129323 129323 129323 129323 129323 129323 129323 129323 129323 129323 129323 129323 129323 129323 129323 129323 129323 0 0 0 0 0 0 0 0 0 0 0 0 0 0 0 0 0 0 0 0 0 0 0 0 0
#obs catch bio
 0 102651 156746 178643 240015 268214 320307 320272 316670 283888 276692 284537 246987 259183 193782 213772 180240 154490 140839 138980 128521 125757 117295 106615 120920 106860 99829.9 105336 106765 95928.3 97572.8 97739.4 97110.3 100679 104265 89504.2 93824.1 82130.7 83976.1 92101.9 95107.2 83248.4 90212.3 101113 87605.9 90786.1 90138.4 89253.3 93416.6 97026.9 112375 112818 83404.1 98789.8 85433.4 83694.7 96467.7 100106 80655.4 108956 118434 99761.7 92798.5
#pred cpue bio
 4.55099e+006 4.30309e+006 4.05492e+006 3.7612e+006 3.46665e+006 3.13753e+006 2.81206e+006 2.4674e+006 2.15525e+006 1.87475e+006 1.64974e+006 1.45117e+006 1.25836e+006 1.11375e+006 961482 880963 783952 720984 682686 654933 626346 607354 590128 580447 581562 566867 566820 573794 573629 569441 575729 579005 578725 575603 564400 544067 537051 528635 538708 551722 557279 558156 571955 577879 569599 574113 574339 574727 576287 573337 567108 542526 516726 524763 518210 527688 539692 536841 529431 543593 523894 491257 479922 1.66929e+007 1.0235e+007 1.05623e+007 1.12662e+007 1.22322e+007 1.32179e+007 1.40898e+007 1.48024e+007 1.53563e+007 1.57731e+007 1.608e+007 1.63029e+007 1.64638e+007 1.65794e+007 1.66627e+007 1.67228e+007 1.67665e+007 1.67983e+007 1.68217e+007 1.6839e+007 1.68518e+007 1.68615e+007 1.68687e+007 1.68742e+007 1.68783e+007 1.68815e+007 1.68839e+007 1.68857e+007 1.68871e+007 1.68882e+007 1.6889e+007 1.68897e+007 1.68902e+007 1.68905e+007 1.68908e+007 1.68911e+007 1.68912e+007 1.68914e+007 1.68915e+007 1.68916e+007 1.68916e+007 1.68917e+007 1.68917e+007 1.68917e+007 1.68918e+007 1.68918e+007 1.68918e+007 1.68918e+007 1.68918e+007 1.68918e+007 1.68918e+007 1.68918e+007 1.68918e+007 1.68918e+007 1.68918e+007 1.68918e+007 1.68918e+007 1.68918e+007 1.68918e+007 1.68918e+007 1.68918e+007 1.68918e+007 1.68918e+007 1.68918e+007 1.68918e+007 1.68918e+007 1.68918e+007 1.68918e+007 1.68918e+007 1.68918e+007 1.68918e+007 1.68918e+007 1.68918e+007 1.68918e+007 1.68918e+007 1.68918e+007 1.68918e+007 1.68918e+007 1.68918e+007 1.68918e+007 1.68918e+007 1.68918e+007 1.68918e+007 1.68918e+007 1.68918e+007 1.68918e+007 1.68918e+007 1.68918e+007 1.68918e+007 1.68918e+007 1.68918e+007 1.68918e+007 1.68918e+007 1.68918e+007 1.68918e+007 1.68918e+007 1.68918e+007 1.68918e+007 1.68918e+007 1.68918e+007 0 0 0 0 0 0 0 0 0 0 0 0 0 0 0 0 0 0 0 0 0 0 0 0 0
#obs cpue bio
 2.96855e+006 4.00256e+006 2.95939e+006 2.8545e+006 3.13254e+006 2.82239e+006 2.2362e+006 1.81124e+006 1.71734e+006 2.16752e+006 1.30022e+006 1.21547e+006 902824 1.08002e+006 842031 674316 662242 699162 678518 481052 443304 509475 535763 620612 363919 390158 537322 545407 747840 512611 479224 568662 428113 563086 485603 591674 332118 846431 452814 618980 730419 638351 659139 580294 898035 590117 626488 515736 669140 365467 613768 415042 537838 366757 513235 682312 458338 493566 581203 695687 580072 440083 486391
#pred surv len freq
 0.00501972 0.00817399 0.0123447 0.0175202 0.0235705 0.0301608 0.0367291 0.0426299 0.0473831 0.0508378 0.0531399 0.0545773 0.0554366 0.0559275 0.0561571 0.0561279 0.0557563 0.0549035 0.0533979 0.0510364 0.0475875 0.0428501 0.0367909 0.0297019 0.0222393
 0.00537774 0.00862425 0.0127846 0.017788 0.0235082 0.0297027 0.0359598 0.0417621 0.0466566 0.0503995 0.0529796 0.054553 0.0553645 0.055682 0.0557319 0.0556379 0.055387 0.0548286 0.0537007 0.0516697 0.0483943 0.043634 0.0373986 0.0300729 0.0224019
 0.00563686 0.00907161 0.013496 0.0188235 0.0248668 0.0312723 0.037501 0.0429663 0.0472708 0.0503468 0.0523867 0.0536604 0.054386 0.0547141 0.054765 0.0546392 0.0543791 0.0539075 0.0529875 0.0512378 0.0482245 0.0436272 0.0374339 0.0300665 0.0223326
 0.00587923 0.00946019 0.0140738 0.0196344 0.0259547 0.0326698 0.0392023 0.0448886 0.049228 0.0520654 0.0535805 0.0541354 0.0541145 0.0538258 0.0534637 0.0531118 0.0527582 0.0522914 0.0514705 0.0499101 0.0471432 0.0427941 0.0368044 0.0295837 0.0219564
 0.00612126 0.00984742 0.0146453 0.0204234 0.0269848 0.0339492 0.0407167 0.0465971 0.0510605 0.0539167 0.0552992 0.0555253 0.0549682 0.0539894 0.0528968 0.0519018 0.0510808 0.0503498 0.0494526 0.0479709 0.0453992 0.0413166 0.0356179 0.0286756 0.0212937
 0.00638278 0.0102708 0.015279 0.0213113 0.0281576 0.0354117 0.0424354 0.048497 0.0530378 0.0558587 0.0570974 0.0570716 0.0561419 0.0546544 0.0529251 0.0512186 0.049705 0.0484038 0.0471346 0.0455083 0.0430048 0.0391595 0.033808 0.0272603 0.0202647
 0.00663404 0.0106779 0.0158897 0.0221701 0.0292989 0.0368481 0.044144 0.0504126 0.0550591 0.0578656 0.0589689 0.0586977 0.0574242 0.0554999 0.0532401 0.0509148 0.0487262 0.0467618 0.0449341 0.0429419 0.0403173 0.0365967 0.0315684 0.0254639 0.018944
 0.00691107 0.0111288 0.0165693 0.0231298 0.0305771 0.0384552 0.0460463 0.0525266 0.0572628 0.0600206 0.0609427 0.0603758 0.0587138 0.0563268 0.0535416 0.050634 0.0478155 0.0452034 0.0427714 0.0403056 0.0374249 0.0337159 0.0289575 0.0233112 0.0173323
 0.00720025 0.0115904 0.0172486 0.0240652 0.0317953 0.0399629 0.0478193 0.0545023 0.0593436 0.0620871 0.0628693 0.0620443 0.0600231 0.057196 0.0539086 0.0504504 0.047043 0.0438217 0.0408002 0.0378336 0.0346278 0.0308418 0.0262763 0.0210455 0.0156035
 0.00758964 0.0121968 0.0181118 0.0252048 0.0332093 0.0416261 0.0496787 0.0564766 0.0613311 0.0639814 0.0645729 0.0634741 0.061109 0.0578785 0.0541372 0.0501824 0.0462442 0.0424718 0.0389091 0.0354669 0.0319288 0.0280299 0.0236089 0.0187531 0.0138271
 0.00790789 0.0127095 0.0188737 0.0262609 0.0345829 0.0433028 0.0515921 0.058509 0.0633365 0.0658206 0.0661406 0.0647061 0.0619721 0.0583548 0.0542107 0.0498326 0.0454465 0.0412055 0.0371743 0.0333093 0.0294618 0.0254396 0.0211251 0.0165925 0.0121326
 0.00813627 0.0130899 0.019463 0.0271179 0.0357558 0.0448094 0.053399 0.0605227 0.0654144 0.067798 0.0678624 0.0660517 0.0628691 0.0587784 0.0541708 0.0493533 0.0445492 0.0399037 0.0354841 0.0312723 0.0271712 0.0230499 0.0188335 0.014591 0.0105531
 0.00843293 0.0135619 0.0201547 0.0280653 0.036982 0.0463166 0.0551569 0.0624596 0.0674196 0.0697337 0.0695821 0.0674204 0.0637822 0.0591759 0.0540416 0.0487266 0.0434766 0.0384418 0.0336885 0.0292077 0.0249304 0.0207675 0.0166758 0.0127199 0.00907984
 0.00868736 0.0139616 0.0207307 0.0288376 0.0379577 0.0474866 0.0564911 0.0639059 0.068908 0.071186 0.0709187 0.0685616 0.064649 0.0596953 0.0541576 0.0484113 0.0427349 0.0373079 0.0322187 0.0274776 0.0230389 0.0188401 0.014856 0.0111428 0.00783703
 0.00920504 0.0147588 0.0218467 0.0302764 0.0396864 0.0494348 0.0585502 0.0659337 0.0707491 0.0727027 0.0720177 0.0692031 0.0648374 0.0594602 0.0535363 0.0474398 0.0414473 0.0357427 0.0304262 0.0255267 0.0210213 0.0168689 0.013054 0.00961826 0.00665648
 0.00923949 0.0148532 0.0220587 0.0306811 0.0403547 0.0504013 0.0597866 0.0673461 0.072203 0.0740617 0.073173 0.0700849 0.0654101 0.0597129 0.053473 0.0470728 0.0407937 0.034825 0.0292783 0.0242006 0.0195924 0.0154342 0.0117193 0.00847695 0.00576685
 0.00928325 0.0149486 0.0222485 0.031024 0.0409154 0.0512321 0.0609049 0.0687167 0.0737325 0.0756079 0.0745703 0.07118 0.0660966 0.05995 0.0532812 0.0465114 0.039936 0.0337408 0.02803 0.0228491 0.0182058 0.0140913 0.0105028 0.00745714 0.00498383
 0.00931869 0.0149876 0.0222753 0.0310189 0.0408695 0.0511653 0.0608768 0.0688177 0.0740532 0.076199 0.0754134 0.0721833 0.067118 0.0608366 0.0539091 0.0468111 0.0398955 0.0333932 0.0274339 0.0220752 0.0173306 0.0131947 0.00966246 0.00673746 0.00442359
 0.00942046 0.0151242 0.0224269 0.0311473 0.0409269 0.0511109 0.0606945 0.0685295 0.0737231 0.0759249 0.075303 0.0723185 0.0675199 0.0614501 0.0546169 0.0474714 0.0403853 0.0336379 0.027416 0.021825 0.0169103 0.0126817 0.0091347 0.00626058 0.00404002
 0.00955203 0.0153207 0.0226889 0.03146 0.0412595 0.0514182 0.0609219 0.0686231 0.0736476 0.0756829 0.0749462 0.07194 0.067227 0.0613263 0.0546901 0.0477032 0.0406864 0.0339026 0.0275591 0.0218056 0.0167359 0.0123965 0.0088006 0.00593684 0.00376896
 0.00967765 0.0155216 0.022984 0.0318615 0.0417665 0.0520087 0.0615457 0.0692035 0.0740957 0.075921 0.0749321 0.0716819 0.0667848 0.0607969 0.0541789 0.0472906 0.0404036 0.0337276 0.0274353 0.0216725 0.0165557 0.0121654 0.00854257 0.00568752 0.0035588
 0.00968337 0.0155384 0.0230233 0.0319397 0.0419021 0.0522163 0.0618297 0.0695524 0.0744791 0.0762913 0.0752317 0.0718569 0.0668017 0.0606565 0.0539194 0.0469755 0.0400982 0.0334751 0.0272441 0.0215223 0.0164162 0.0120159 0.00838159 0.00552885 0.00342056
 0.00973304 0.0156085 0.0231098 0.0320338 0.0419944 0.052304 0.06192 0.0696608 0.0746212 0.0764726 0.07544 0.0720618 0.0669618 0.0607328 0.05389 0.0468451 0.0398968 0.0332453 0.0270234 0.0213302 0.0162534 0.0118735 0.00825226 0.00541274 0.00332297
 0.00986311 0.0157913 0.0233317 0.0322633 0.042191 0.0524314 0.0619591 0.0696153 0.0745155 0.0763443 0.0753292 0.0719983 0.0669552 0.0607688 0.0539371 0.0468689 0.0398751 0.0331753 0.0269192 0.021212 0.0161374 0.0117678 0.0081591 0.00533286 0.00325786
 0.00977438 0.0156742 0.0232043 0.0321562 0.0421343 0.0524376 0.0620121 0.0696752 0.0745395 0.0763107 0.0752493 0.0719104 0.0669043 0.0607857 0.054026 0.0470084 0.0400297 0.0333111 0.0270154 0.0212641 0.0161525 0.0117577 0.00813488 0.00530314 0.00322885
 0.0097752 0.0156817 0.0232277 0.03221 0.0422371 0.0526076 0.0622596 0.0699932 0.0748961 0.0766499 0.0755042 0.072027 0.0668642 0.0606126 0.0537732 0.0467339 0.0397754 0.0330947 0.0268359 0.0211132 0.0160234 0.0116479 0.00804483 0.00523323 0.00317811
 0.00970152 0.0155589 0.0230388 0.0319406 0.0418833 0.052186 0.0618144 0.0695931 0.0746173 0.0765509 0.075604 0.072298 0.0672422 0.0610215 0.0541503 0.0470459 0.0400174 0.0332782 0.0269746 0.0212161 0.0160948 0.0116916 0.00806606 0.00523911 0.00317562
 0.0095729 0.0153593 0.0227557 0.0315688 0.0414249 0.0516521 0.0612289 0.0689969 0.0740693 0.0761212 0.0753606 0.0722873 0.0674729 0.0614576 0.0547207 0.047666 0.0406133 0.0338016 0.0274047 0.0215513 0.0163438 0.0118667 0.00818116 0.00530869 0.00321364
 0.00954382 0.0153078 0.0226707 0.0314373 0.0412357 0.0513998 0.0609184 0.0686442 0.0736993 0.0757641 0.0750505 0.0720615 0.0673678 0.0614993 0.0549131 0.0479846 0.04101 0.0342192 0.0277936 0.0218799 0.0165995 0.0120514 0.00830526 0.00538573 0.00325742
 0.00954573 0.0153106 0.0226738 0.0314387 0.0412303 0.0513789 0.0608695 0.068554 0.0735583 0.0755725 0.0748206 0.0718179 0.0671433 0.0613297 0.0548296 0.048005 0.0411318 0.0344191 0.028034 0.0221212 0.0168112 0.0122175 0.00842312 0.00546175 0.003302
 0.0093266 0.0149873 0.0222487 0.0309363 0.0406911 0.0508487 0.0603905 0.0681603 0.0732738 0.0754093 0.0747782 0.0718853 0.0673042 0.0615682 0.055133 0.0483638 0.0415355 0.0348513 0.0284706 0.0225329 0.0171704 0.0125057 0.00863496 0.00560413 0.00338925
 0.00916066 0.0147221 0.0218601 0.0304094 0.0400295 0.0500839 0.0595882 0.0674132 0.0726788 0.0750382 0.0746582 0.0719991 0.0676055 0.0620012 0.0556472 0.0489202 0.0421063 0.0354156 0.0290091 0.0230253 0.017597 0.0128515 0.00889459 0.00578313 0.00350188
 0.00908234 0.0145909 0.0216553 0.0301094 0.0396157 0.0495496 0.0589477 0.0667082 0.0719766 0.0744212 0.0742067 0.0717713 0.0676235 0.0622473 0.0560731 0.049464 0.0427082 0.0360271 0.0295941 0.0235573 0.0180563 0.0132252 0.00917806 0.00598172 0.00362924
 0.00886399 0.0142744 0.0212495 0.029645 0.0391339 0.0490843 0.0585134 0.0663016 0.0715895 0.0740561 0.0738864 0.0715373 0.0675237 0.0623184 0.0563265 0.04988 0.0432422 0.0366227 0.0301963 0.0241209 0.0185493 0.0136288 0.00948608 0.00619922 0.00377023
 0.00881139 0.0141722 0.0210671 0.0293492 0.0387036 0.0485298 0.0578873 0.0656889 0.071077 0.0736979 0.0736887 0.0714714 0.0675547 0.0624287 0.0565195 0.0501671 0.0436253 0.0370841 0.0307004 0.024624 0.0190107 0.014019 0.00979053 0.00641774 0.00391382
 0.0096814 0.0153993 0.0225658 0.0309196 0.0400839 0.0494838 0.0582795 0.0655104 0.0704233 0.0727231 0.0725593 0.07033 0.0664989 0.0615091 0.0557541 0.0495604 0.0431794 0.036797 0.0305594 0.0246019 0.0190696 0.0141188 0.00989791 0.00651088 0.00398312
 0.0102629 0.0163378 0.0239547 0.0328122 0.0424485 0.0521532 0.0609289 0.0677079 0.07176 0.0729647 0.0717293 0.0686774 0.0643816 0.0592672 0.053633 0.0476966 0.041626 0.0355588 0.0296171 0.023923 0.0186121 0.0138343 0.00973674 0.00642919 0.00394697
 0.0101936 0.0163188 0.0241003 0.033288 0.0434304 0.0537563 0.0631357 0.0703306 0.0744579 0.0753143 0.0733307 0.0692665 0.0639071 0.057895 0.0516746 0.0454992 0.0394791 0.0336505 0.0280381 0.0226931 0.0177075 0.0132078 0.00933043 0.00618405 0.00381025
 0.00980021 0.0157263 0.0233027 0.032329 0.042414 0.0528505 0.0625602 0.0703137 0.0751585 0.0767372 0.0752832 0.071394 0.0657997 0.0592203 0.0522749 0.0454144 0.0388951 0.0328093 0.0271546 0.0219111 0.0170942 0.0127722 0.00904802 0.00601669 0.00371992
 0.00953461 0.0152998 0.0226728 0.0314661 0.0413158 0.0515629 0.0611972 0.0690611 0.0742484 0.0763918 0.0756452 0.0724657 0.0674192 0.0610929 0.054058 0.0468249 0.0397897 0.033202 0.0271731 0.0217225 0.0168423 0.0125466 0.00888481 0.0059163 0.00366656
 0.00945287 0.0151618 0.0224551 0.0311418 0.0408582 0.0509536 0.0604378 0.0681864 0.0733352 0.0755609 0.0750475 0.0722504 0.0676847 0.0618386 0.0551641 0.0480789 0.0409556 0.0341004 0.0277315 0.0219744 0.0168841 0.0124843 0.00879714 0.0058439 0.00362045
 0.00955648 0.0153022 0.0226138 0.0312821 0.0409326 0.050916 0.0602559 0.067847 0.0728467 0.0749555 0.0743863 0.0716251 0.0672086 0.0616199 0.0552662 0.048487 0.0415711 0.0347733 0.0283177 0.0223857 0.0171069 0.012561 0.00879066 0.00580749 0.00358485
 0.00938956 0.0150657 0.0223212 0.030965 0.0406274 0.050646 0.0600181 0.0676158 0.0725909 0.0746581 0.074057 0.0713004 0.0669445 0.0614806 0.0553104 0.0487485 0.0420388 0.0353837 0.0289694 0.0229749 0.0175628 0.0128633 0.00896169 0.00588915 0.00361716
 0.0091923 0.01477 0.0219242 0.0304843 0.0401008 0.0501263 0.0595656 0.0672849 0.0724127 0.0746264 0.0741289 0.0714171 0.0670596 0.0615821 0.055423 0.0489169 0.0423027 0.0357539 0.0294177 0.0234424 0.0179843 0.0131929 0.00918538 0.00602101 0.00368469
 0.00932458 0.0149428 0.0221069 0.0306241 0.0401399 0.0500279 0.0593342 0.066968 0.0720815 0.0743471 0.0739389 0.0713158 0.0670172 0.0615596 0.0553944 0.0488834 0.0422894 0.0357929 0.0295269 0.0236133 0.0181848 0.0133836 0.00933696 0.006123 0.00374304
 0.00934597 0.0149778 0.0221581 0.0306885 0.0402034 0.0500604 0.0592922 0.0668086 0.0717864 0.0739423 0.0734949 0.0709232 0.0667498 0.0614477 0.0554224 0.0490088 0.0424696 0.0360013 0.0297526 0.0238501 0.018421 0.0136002 0.00951534 0.00625304 0.00382638
 0.00937642 0.0150269 0.022231 0.0307896 0.0403344 0.0502179 0.0594626 0.0669656 0.0718913 0.0739534 0.0733834 0.0706899 0.0664325 0.06111 0.0551296 0.0488042 0.0423651 0.0359842 0.0298005 0.0239409 0.0185354 0.0137206 0.0096255 0.00634123 0.00388809
 0.00943212 0.015108 0.0223356 0.0309104 0.0404614 0.0503421 0.059579 0.0670717 0.0719837 0.0740223 0.0734113 0.0706556 0.0663205 0.0609223 0.0548908 0.0485559 0.0421502 0.0358325 0.0297212 0.0239259 0.0185668 0.0137779 0.00969021 0.00639969 0.00393284
 0.00949589 0.0152043 0.0224666 0.0310721 0.0406439 0.0505306 0.0597554 0.0672175 0.0720843 0.0740711 0.0734096 0.0706084 0.0662313 0.0607913 0.0547194 0.0483534 0.0419371 0.0356359 0.0295656 0.0238244 0.0185183 0.0137706 0.00970765 0.00642658 0.00395853
 0.00945513 0.0151629 0.0224493 0.0311158 0.0407851 0.0507876 0.0601144 0.0676315 0.0724875 0.0744005 0.0736223 0.0706884 0.066186 0.0606424 0.0544937 0.0480779 0.041638 0.0353392 0.0292965 0.0236031 0.0183556 0.0136655 0.00964965 0.00640094 0.00395113
 0.00948778 0.0152054 0.0224953 0.0311566 0.0408175 0.0508223 0.0601786 0.0677595 0.0727013 0.0746913 0.0739463 0.0709812 0.0663871 0.0607162 0.0544364 0.0479111 0.0413967 0.0350617 0.0290179 0.0233516 0.0181502 0.0135141 0.0095499 0.00634269 0.00392145
 0.00969628 0.0155318 0.0229615 0.0317701 0.0415651 0.0516642 0.0610458 0.0685632 0.0733541 0.075132 0.0741518 0.0709602 0.0661633 0.0603161 0.0538884 0.0472503 0.0406687 0.0343186 0.0283109 0.0227234 0.017629 0.0131118 0.00926235 0.00615354 0.0038076
 0.00995518 0.0159313 0.0235226 0.0324968 0.0424431 0.0526596 0.0621016 0.0695981 0.0742702 0.0758323 0.0745614 0.0710426 0.0659258 0.0598023 0.0531629 0.0463838 0.0397286 0.0333672 0.027404 0.0219087 0.0169416 0.0125697 0.00886513 0.00588481 0.00364077
 0.00983129 0.0157487 0.0232833 0.0322173 0.0421528 0.0523964 0.0619084 0.0695175 0.0743371 0.0760627 0.0749428 0.0715306 0.0664518 0.06029 0.0535475 0.0466254 0.0398173 0.0333187 0.0272522 0.0216961 0.0167109 0.0123558 0.0086904 0.00575745 0.00355762
 0.00977456 0.0156749 0.0232065 0.0321619 0.0421468 0.0524613 0.06205 0.0697248 0.0745877 0.076332 0.0752102 0.0717813 0.0666732 0.0604675 0.0536626 0.0466596 0.0397581 0.0331673 0.0270254 0.0214238 0.0164285 0.0120961 0.00847617 0.00559843 0.00345135
 0.00961483 0.0154191 0.0228306 0.0316521 0.0415086 0.0517311 0.0613013 0.0690603 0.0741139 0.0761261 0.0752983 0.0721365 0.0672317 0.0611488 0.0543858 0.0473524 0.0403635 0.0336471 0.0273644 0.021629 0.0165249 0.0121177 0.00845702 0.00556509 0.00341994
 0.00964272 0.015433 0.0227935 0.0315103 0.0412065 0.0512342 0.0606184 0.068252 0.0732833 0.0753954 0.0747804 0.0719091 0.0673201 0.0615233 0.0549732 0.0480575 0.0410904 0.0343164 0.0279224 0.0220509 0.0168121 0.0122913 0.00854782 0.00560406 0.00343176
 0.00969733 0.0155371 0.0229755 0.0317978 0.0416091 0.0517221 0.0611109 0.0686309 0.0734329 0.0752517 0.0743607 0.0713067 0.0666687 0.0609511 0.0545666 0.0478458 0.0410512 0.034395 0.0280549 0.0221838 0.0169127 0.0123491 0.00856847 0.00560122 0.00341902
 0.00959551 0.015405 0.0228395 0.0317054 0.0416193 0.0518856 0.0614493 0.069121 0.0740031 0.0757929 0.0747538 0.0714612 0.0665572 0.0606201 0.0541169 0.0473912 0.0406791 0.0341448 0.0279203 0.0221306 0.016901 0.0123486 0.00856397 0.00559004 0.00340474
 0.0095368 0.0152737 0.0225793 0.0312515 0.0409265 0.0509672 0.0604037 0.0681218 0.0732461 0.0754246 0.0748193 0.0718961 0.0672228 0.0613611 0.0548134 0.0479855 0.0411704 0.0345617 0.0282905 0.0224642 0.0171912 0.0125828 0.00873562 0.00570296 0.00347098
 0.00996337 0.0159177 0.0234522 0.0323204 0.0421102 0.0521403 0.0614097 0.068803 0.0734916 0.0752158 0.0742413 0.0711016 0.066367 0.060548 0.0540813 0.0473289 0.0405745 0.0340257 0.0278288 0.0220933 0.0169166 0.0123952 0.00861569 0.00562989 0.00342786
 0.0100438 0.0161163 0.023873 0.0330917 0.0433397 0.0538487 0.0634773 0.0709687 0.075417 0.0765864 0.0748579 0.070925 0.065508 0.0592146 0.0525071 0.0457132 0.0390523 0.0326707 0.0266745 0.0211511 0.0161843 0.0118574 0.00824517 0.00539129 0.0032847
 0.00955473 0.0154046 0.022962 0.0320716 0.0423612 0.0530998 0.0631487 0.071208 0.0762729 0.0779654 0.0765261 0.0725708 0.0668436 0.0600638 0.0528396 0.0456178 0.0386769 0.032163 0.0261468 0.0206727 0.0157893 0.011556 0.00803199 0.00525191 0.00320067
#obs surv len freq
 nan nan nan nan nan nan nan nan nan nan nan nan nan nan nan nan nan nan nan nan nan nan nan nan nan
 0.00447938 0.00733887 0.0111679 0.015985 0.0216884 0.0279682 0.0342867 0.0400216 0.044703 0.0481668 0.0505234 0.0520171 0.052907 0.0534172 0.0537297 0.0539832 0.0542607 0.0545528 0.0546912 0.0542828 0.0527209 0.0493531 0.0438032 0.0362837 0.027668
 0.00461256 0.0075552 0.0114929 0.0164417 0.022292 0.0287178 0.0351572 0.0409601 0.0456352 0.0490107 0.0512036 0.0524773 0.053116 0.053371 0.0534477 0.0535012 0.0536215 0.0537989 0.0538616 0.0534146 0.0518525 0.0485274 0.0430642 0.035669 0.0271981
 0.00477936 0.00782795 0.0119063 0.0170285 0.0230766 0.0297052 0.0363221 0.0422426 0.0469483 0.0502548 0.0522822 0.053307 0.0536338 0.0535395 0.0532583 0.0529733 0.0527976 0.0527361 0.052625 0.0520738 0.0504825 0.0472084 0.0418758 0.0346767 0.0264383
 0.00497497 0.00814907 0.0123953 0.017727 0.0240168 0.0308976 0.0377415 0.0438232 0.0485919 0.0518476 0.0537121 0.0544744 0.0544569 0.0539577 0.053236 0.0525026 0.0518997 0.0514607 0.0510465 0.0502888 0.0486063 0.0453689 0.0402 0.0332685 0.025356
 0.00518203 0.00848823 0.0129107 0.0184619 0.0250063 0.0321561 0.0392493 0.0455205 0.0503851 0.0536252 0.0553597 0.0558852 0.0555368 0.0546287 0.0534392 0.052202 0.051087 0.0501601 0.0493206 0.0482411 0.0463792 0.0431333 0.038131 0.0315124 0.0239982
 0.00542053 0.00887743 0.0134992 0.0192961 0.0261218 0.0335637 0.0409215 0.0473864 0.05234 0.0555506 0.0571407 0.0574194 0.0567362 0.0554178 0.0537546 0.0519944 0.0503261 0.0488445 0.0474902 0.04599 0.0438608 0.0405493 0.0357007 0.0294259 0.0223722
 0.00567088 0.00928712 0.0141208 0.0201802 0.0273074 0.0350629 0.0427038 0.0493729 0.0544156 0.0575856 0.0590125 0.0590234 0.0579883 0.0562508 0.0541133 0.0518318 0.0496052 0.0475471 0.0456346 0.0436517 0.0411874 0.0377549 0.0330327 0.0271084 0.0205505
 0.00589381 0.00965703 0.0146916 0.0210071 0.0284365 0.0365139 0.0444528 0.0513459 0.0564988 0.0596475 0.0609254 0.0606763 0.0592916 0.0571353 0.054526 0.0517306 0.0489553 0.0463261 0.0438484 0.0413588 0.0385207 0.034924 0.0302929 0.0247019 0.0186418
 0.00614696 0.0100678 0.0153086 0.0218759 0.0295924 0.0379696 0.0461843 0.0532859 0.0585436 0.0616738 0.0628088 0.0623047 0.0605721 0.0579968 0.054917 0.0516139 0.0483029 0.0451203 0.0420934 0.0391045 0.035887 0.032109 0.0275476 0.0222721 0.0167014
 0.0063939 0.0104735 0.0159267 0.0227582 0.0307775 0.0394663 0.0479551 0.0552441 0.0605679 0.0636346 0.0645896 0.0638116 0.0617323 0.0587544 0.0552291 0.0514471 0.0476323 0.0439303 0.0403887 0.03693 0.0333514 0.0293952 0.0248919 0.0199112 0.014807
 0.00661767 0.0108425 0.0164919 0.0235705 0.0318778 0.0408698 0.0496345 0.0571225 0.0625292 0.0655454 0.0663224 0.0652609 0.0628213 0.0594337 0.0554701 0.0512331 0.0469514 0.0427756 0.0387677 0.0348841 0.0309786 0.0268602 0.0224101 0.0177006 0.0130285
 0.00682493 0.0111832 0.0170118 0.0243147 0.0328826 0.0421488 0.0511641 0.0588366 0.0643266 0.0673085 0.0679349 0.0666207 0.0638473 0.0600695 0.0556829 0.0510091 0.0462881 0.0416784 0.0372536 0.0329964 0.0288069 0.0245513 0.0201548 0.0156927 0.0114117
 0.00706713 0.0115765 0.0176025 0.0251449 0.0339809 0.0435167 0.0527625 0.0605819 0.0661037 0.0689929 0.0694148 0.067808 0.0646806 0.0605112 0.0557155 0.0506304 0.0455065 0.0405102 0.035726 0.0311585 0.0267446 0.0223965 0.0180744 0.0138544 0.00993829
 0.00728059 0.0119287 0.0181418 0.0259182 0.035023 0.0448336 0.0543153 0.0622828 0.0678301 0.0706132 0.0708123 0.0688948 0.0654007 0.0608376 0.0556438 0.0501715 0.0446806 0.0393433 0.034253 0.0294318 0.0248462 0.0204442 0.0162119 0.0122228 0.00863828
 0.0074563 0.0122171 0.018581 0.0265459 0.0358694 0.04591 0.0556015 0.0637207 0.0693289 0.0720645 0.072107 0.0699377 0.0661208 0.0611928 0.0556205 0.0497787 0.0439425 0.0382933 0.0329331 0.0278979 0.0231768 0.0187442 0.0146043 0.0108246 0.00753058
 0.00754033 0.0123573 0.0187992 0.0268661 0.0363148 0.0464974 0.0563344 0.0645851 0.0702924 0.0730786 0.0731108 0.0708616 0.0668918 0.0617435 0.0558975 0.0497501 0.0435995 0.0376489 0.0320198 0.0267678 0.0219036 0.0174228 0.013342 0.00972093 0.00665385
 0.00759511 0.0124411 0.0189161 0.0270185 0.0365052 0.0467316 0.0566227 0.0649404 0.0707258 0.0735937 0.0736978 0.0714938 0.0675254 0.0623201 0.0563522 0.0500209 0.0436384 0.0374305 0.0315461 0.0260702 0.0210416 0.0164796 0.0124122 0.00889264 0.0059884
 0.00765618 0.0125343 0.0190449 0.0271813 0.0366962 0.0469412 0.0568399 0.0651555 0.0709354 0.073804 0.073924 0.0717527 0.0678243 0.0626481 0.0566764 0.0502911 0.0437972 0.0374275 0.0313508 0.0256817 0.0204926 0.0158318 0.0117441 0.0082807 0.00548821
 0.00771054 0.0126167 0.0191576 0.0273222 0.0368587 0.0471157 0.0570143 0.0653169 0.071073 0.0739134 0.07401 0.0718296 0.0679115 0.0627616 0.0568197 0.0504485 0.0439339 0.0374973 0.0313101 0.0255048 0.0201827 0.0154232 0.0112932 0.0078494 0.00512551
 0.00778198 0.0127248 0.019305 0.0275055 0.0370688 0.0473385 0.0572324 0.0655113 0.071226 0.0740131 0.0740539 0.0718256 0.0678761 0.0627157 0.0567826 0.0504305 0.0439306 0.0374878 0.0312631 0.0253904 0.0199868 0.0151554 0.0109858 0.0075453 0.00486311
 0.00782943 0.0128006 0.0194163 0.0276568 0.03726 0.0475622 0.0574719 0.0657419 0.0714208 0.0741504 0.0741229 0.0718278 0.0678229 0.0626251 0.0566745 0.0503229 0.0438343 0.0374023 0.0311758 0.0252823 0.0198419 0.0149708 0.0107751 0.00733391 0.00467721
 0.00786808 0.0128586 0.0194947 0.027754 0.0373725 0.0476865 0.0576048 0.0658793 0.0715561 0.0742732 0.0742203 0.0718881 0.0678392 0.0625977 0.0566116 0.0502374 0.0437397 0.0373077 0.0310826 0.0251844 0.0197304 0.0148412 0.010632 0.00719047 0.00454956
 0.00787219 0.012865 0.0195038 0.0277657 0.0373863 0.0477017 0.0576206 0.0658962 0.0715764 0.0743009 0.0742597 0.0719399 0.067899 0.0626565 0.0566592 0.0502668 0.0437489 0.037299 0.031059 0.0251469 0.0196777 0.0147725 0.0105507 0.00710491 0.00447035
 0.00787959 0.0128713 0.0195031 0.0277495 0.0373464 0.0476346 0.0575309 0.0657964 0.0714834 0.0742313 0.0742252 0.0719463 0.0679454 0.0627359 0.0567598 0.0503739 0.0438488 0.0373814 0.0311183 0.025181 0.0196871 0.0147594 0.0105199 0.00706368 0.00442737
 0.00789568 0.0128934 0.0195283 0.0277718 0.0373574 0.0476249 0.0574928 0.0657266 0.0713855 0.0741171 0.0741132 0.0718567 0.0678948 0.0627323 0.056801 0.0504497 0.0439437 0.0374792 0.0312053 0.0252481 0.0197299 0.0147783 0.0105187 0.007049 0.00440657
 0.00789025 0.0128848 0.0195157 0.0277542 0.0373335 0.0475927 0.0574499 0.0656706 0.0713154 0.0740349 0.0740252 0.0717739 0.0678309 0.0627004 0.0568097 0.0504996 0.0440274 0.037583 0.0313131 0.0253455 0.0198068 0.0148306 0.0105475 0.00705929 0.00440522
 0.00790106 0.0128967 0.0195234 0.0277495 0.037308 0.0475416 0.0573748 0.0655795 0.0712196 0.0739444 0.0739467 0.0717108 0.0677855 0.0626761 0.056811 0.0505302 0.0440876 0.0376674 0.0314114 0.0254446 0.0198947 0.014899 0.0105938 0.00708574 0.00441702
 0.00789664 0.0128918 0.0195198 0.0277493 0.0373119 0.0475467 0.0573736 0.0655625 0.0711796 0.073881 0.0738675 0.0716285 0.067713 0.0626229 0.056782 0.0505275 0.044111 0.0377146 0.0314767 0.0255192 0.0199683 0.0149625 0.0106418 0.00711722 0.00443462
 0.00786401 0.0128384 0.0194393 0.0276368 0.0371666 0.0473745 0.0571894 0.0653873 0.0710348 0.0737814 0.0738176 0.0716245 0.0677474 0.0626886 0.0568736 0.0506401 0.0442396 0.0378533 0.0316187 0.0256567 0.0200932 0.0150676 0.0107228 0.00717381 0.00447006
 0.00785099 0.0128128 0.0193928 0.027559 0.0370479 0.0472106 0.0569853 0.0651595 0.0708085 0.0735847 0.073675 0.0715513 0.0677469 0.0627532 0.0569891 0.0507907 0.0444107 0.0380331 0.0317972 0.025825 0.0202433 0.0151934 0.0108205 0.00724348 0.00451521
 0.00781278 0.0127502 0.0192974 0.0274231 0.0368653 0.04698 0.0567133 0.064862 0.0705099 0.0733146 0.0734632 0.0714225 0.0677163 0.0628228 0.0571478 0.051017 0.0446787 0.0383173 0.032076 0.0260821 0.020467 0.0153766 0.0109609 0.00734313 0.00458015
 0.00780503 0.012736 0.0192729 0.027383 0.0368039 0.0468919 0.0565947 0.0647127 0.070334 0.0731216 0.0732684 0.0712458 0.06758 0.062747 0.0571452 0.0510896 0.0448168 0.0385021 0.0322848 0.0262925 0.0206609 0.0155414 0.0110904 0.00743692 0.00464233
 0.00778524 0.012701 0.0192152 0.0272945 0.0366777 0.0467265 0.0563964 0.0644957 0.070117 0.0729231 0.0731024 0.0711219 0.0675047 0.0627257 0.0571823 0.051187 0.044971 0.0387026 0.0325139 0.0265289 0.0208837 0.0157342 0.0112437 0.0075487 0.00471687
 0.00773868 0.0126306 0.0191189 0.0271732 0.0365345 0.0465647 0.0562198 0.0643093 0.069929 0.0727455 0.0729497 0.0710083 0.0674407 0.0627167 0.0572292 0.0512874 0.0451199 0.0388919 0.0327313 0.0267576 0.0211047 0.0159305 0.0114033 0.00766737 0.00479714
 0.00931768 0.0148355 0.021769 0.0298781 0.0388093 0.0480119 0.0566727 0.0638561 0.0688242 0.0712818 0.0713666 0.0694613 0.0660144 0.0614508 0.0561389 0.0503749 0.04438 0.0383142 0.032301 0.0264555 0.0209076 0.0158129 0.0113406 0.00763846 0.0047864
 0.0093019 0.0151027 0.0226868 0.0319017 0.0422815 0.0528947 0.0623778 0.0693429 0.0729711 0.0733312 0.071176 0.0674395 0.0628432 0.0577933 0.0524773 0.0469878 0.0413962 0.035776 0.0302079 0.0247856 0.0196258 0.0148729 0.0106874 0.00721194 0.00452688
 0.00896869 0.0145767 0.0219461 0.0309934 0.041376 0.0523226 0.062591 0.0707524 0.0757008 0.0770344 0.075079 0.0706381 0.064681 0.0580903 0.0514956 0.0452165 0.0393203 0.0337457 0.0284181 0.0233146 0.0184826 0.0140307 0.0101015 0.00682947 0.00429455
 0.00879058 0.0142804 0.0214885 0.0303327 0.040488 0.0512311 0.061407 0.0697028 0.0751121 0.077243 0.0762798 0.0727388 0.0672689 0.0605661 0.0533175 0.0461084 0.0393262 0.0331297 0.0275039 0.0223648 0.0176536 0.0133853 0.00964193 0.00652755 0.00411138
 0.00873031 0.0141742 0.0213127 0.030058 0.040084 0.0506746 0.0606953 0.0688692 0.074242 0.0764849 0.075835 0.0728114 0.067976 0.0618495 0.0549214 0.0476614 0.0404934 0.0337422 0.0275926 0.0220954 0.0172249 0.012952 0.00928813 0.00627744 0.00395388
 0.00871021 0.0141387 0.0212531 0.029963 0.0399391 0.0504635 0.0604029 0.0684855 0.0737691 0.075948 0.0752939 0.0723674 0.0677589 0.0619762 0.0554359 0.0484888 0.041448 0.034598 0.028179 0.0223579 0.0172202 0.0127936 0.00908463 0.00609836 0.00382605
 0.00867045 0.0140783 0.02117 0.0298575 0.0398128 0.0503176 0.0602367 0.068296 0.0735515 0.0756984 0.0750151 0.0720779 0.0675015 0.0618184 0.0554523 0.048727 0.0418929 0.0351623 0.0287324 0.0227838 0.0174628 0.0128676 0.00904937 0.0060191 0.00374824
 0.0086705 0.0140744 0.0211572 0.0298289 0.0397621 0.0502421 0.060139 0.0681831 0.0734309 0.0755732 0.0748828 0.0719338 0.0673471 0.0616699 0.0553443 0.0487043 0.0419905 0.0353816 0.0290312 0.0230908 0.0177092 0.013017 0.00910592 0.00601376 0.00371654
 0.00865903 0.0140577 0.0211353 0.0298025 0.0397314 0.0502058 0.0600937 0.0681251 0.0733587 0.0754888 0.0747916 0.0718417 0.067258 0.0615872 0.0552751 0.0486637 0.0419994 0.0354568 0.0291719 0.0232722 0.0178912 0.0131624 0.00919621 0.00605281 0.00372184
 0.00864442 0.0140331 0.021097 0.0297471 0.0396574 0.0501152 0.0599933 0.0680252 0.0732697 0.075418 0.0747407 0.0718085 0.0672389 0.0615791 0.0552771 0.0486784 0.0420335 0.035519 0.0292671 0.0233955 0.0180258 0.0132857 0.00929005 0.00611083 0.0037494
 0.0086351 0.0140195 0.021079 0.0297254 0.0396323 0.0500862 0.0599587 0.0679834 0.0732206 0.0753643 0.0746877 0.0717619 0.0672027 0.0615549 0.0552645 0.0486771 0.0420452 0.035547 0.0293151 0.0234631 0.0181067 0.0133678 0.00936061 0.00616175 0.00377969
 0.00861535 0.0139894 0.0210377 0.0296736 0.0395725 0.0500225 0.0598963 0.0679276 0.0731755 0.0753318 0.0746674 0.071752 0.0672018 0.0615622 0.0552799 0.0487007 0.0420769 0.0355874 0.0293648 0.0235221 0.018172 0.0134336 0.00941934 0.00620742 0.00381024
 0.00863297 0.0140142 0.0210679 0.0297052 0.0396002 0.0500416 0.0599041 0.0679239 0.0731619 0.0753101 0.0746395 0.0717192 0.0671653 0.0615237 0.055242 0.0486666 0.0420501 0.0355711 0.029361 0.0235314 0.0181928 0.0134617 0.00944938 0.00623408 0.00383023
 0.00862672 0.0140082 0.0210663 0.0297137 0.0396239 0.0500814 0.059955 0.0679752 0.0732018 0.0753302 0.0746373 0.0716979 0.0671309 0.0614824 0.0551987 0.0486249 0.0420131 0.0355415 0.0293414 0.0235229 0.0181951 0.0134726 0.00946488 0.00625012 0.00384366
 0.00862337 0.0140002 0.0210498 0.0296847 0.0395803 0.0500259 0.0598963 0.0679265 0.0731747 0.0753299 0.0746599 0.0717336 0.0671688 0.061515 0.0552231 0.0486419 0.0420251 0.0355511 0.0293511 0.0235346 0.0182096 0.0134894 0.0094824 0.00626621 0.00385661
 0.00862337 0.0140002 0.0210498 0.0296847 0.0395803 0.0500259 0.0598963 0.0679265 0.0731747 0.0753299 0.0746599 0.0717336 0.0671688 0.061515 0.0552231 0.0486419 0.0420251 0.0355511 0.0293511 0.0235346 0.0182096 0.0134894 0.0094824 0.00626621 0.00385661
 0.00879271 0.0142719 0.0214505 0.0302316 0.0402724 0.0508326 0.0607498 0.0687278 0.0738167 0.0757277 0.0747735 0.0715711 0.0667752 0.0609548 0.0545653 0.0479501 0.0413514 0.0349341 0.0288154 0.0230927 0.0178638 0.0132337 0.00930512 0.00615174 0.00378829
 0.00888902 0.01444 0.0217241 0.0306478 0.040861 0.0515999 0.0616633 0.0697112 0.0747608 0.0765139 0.0752999 0.0717742 0.0666408 0.0605175 0.0538963 0.0471387 0.0404869 0.0340923 0.0280519 0.022442 0.0173412 0.0128388 0.00902545 0.00596724 0.00367568
 0.00874 0.0142096 0.0214019 0.0302384 0.0403906 0.0511219 0.0612579 0.0694728 0.0747698 0.0768045 0.07584 0.0724713 0.0673703 0.06116 0.0543682 0.0474064 0.0405638 0.0340232 0.0278941 0.0222489 0.017153 0.0126796 0.00890493 0.00588466 0.00362429
 0.00891179 0.0144618 0.0217304 0.03062 0.0407878 0.0514917 0.0615625 0.0696876 0.0748908 0.07685 0.0758446 0.0724692 0.067377 0.0611625 0.0543317 0.0472924 0.0403503 0.0337159 0.0275241 0.0218609 0.0167904 0.0123739 0.0086708 0.00572126 0.00352041
 0.00870592 0.014157 0.0213273 0.0301388 0.0402625 0.0509608 0.0610629 0.0692538 0.0745571 0.0766512 0.0758123 0.0726243 0.0677202 0.0616667 0.054941 0.0479311 0.0409402 0.0341962 0.0278654 0.0220669 0.016889 0.0124024 0.00866332 0.0057018 0.00350184
 0.00868588 0.0140951 0.0211819 0.0298585 0.0398056 0.0503226 0.0602947 0.0684576 0.073854 0.076141 0.0755479 0.0726116 0.0679351 0.0620713 0.0554899 0.0485701 0.041606 0.0348235 0.0283997 0.0224771 0.0171714 0.0125757 0.00875738 0.00574644 0.00352
 0.00890722 0.0144445 0.0216846 0.0305205 0.0406009 0.0511805 0.061097 0.0690601 0.0741321 0.0760387 0.0751003 0.0719269 0.0671498 0.061307 0.0548302 0.0480565 0.0412438 0.0345911 0.0282594 0.0223884 0.0171031 0.012512 0.00869597 0.00569201 0.00347751
 0.00891733 0.0144859 0.0217928 0.0307432 0.0409842 0.0517471 0.0618247 0.0698729 0.0749105 0.0766478 0.075427 0.0719138 0.0668129 0.0607289 0.0541296 0.0473509 0.04062 0.0340928 0.0278917 0.022131 0.0169258 0.0123873 0.00860533 0.00562568 0.00343078
 0.00878833 0.014278 0.0214863 0.0303291 0.0404762 0.0511939 0.0613147 0.0695189 0.0748124 0.0768488 0.0758887 0.0725266 0.0674374 0.061246 0.054477 0.0475301 0.0406782 0.0340915 0.0278801 0.0221334 0.0169447 0.0124133 0.00862834 0.00564049 0.00343748
 0.00905805 0.0146881 0.0220486 0.0310303 0.0412756 0.0520249 0.062091 0.0701496 0.0752271 0.0770217 0.0758438 0.072318 0.0671167 0.0608407 0.0539919 0.0469674 0.0400567 0.0334526 0.0272763 0.0216106 0.0165285 0.0121065 0.00841721 0.00550394 0.00335429
 0.00933726 0.0151623 0.0227956 0.0321245 0.0427571 0.0538591 0.064137 0.0721673 0.0769335 0.0781741 0.0763069 0.0720886 0.0663015 0.0596078 0.0525185 0.0454031 0.038511 0.0320017 0.0259753 0.0204998 0.0156314 0.011426 0.00793492 0.00518586 0.00315978
 0.0092306 0.0150182 0.0226361 0.0319968 0.0427314 0.0540177 0.0645555 0.0728879 0.0779356 0.0793552 0.0774942 0.0730826 0.0669389 0.0598092 0.052301 0.0448562 0.0377561 0.0311563 0.0251343 0.0197312 0.0149785 0.01091 0.00755662 0.00492979 0.00300043
#pred catch len freq
 0.00403913 0.00644176 0.00949725 0.0131741 0.0174596 0.0223291 0.0276775 0.0332914 0.038891 0.0441958 0.0489713 0.0530538 0.0563643 0.0588966 0.0606787 0.0617266 0.0620188 0.0614927 0.0600433 0.0575115 0.0536851 0.0483676 0.0415393 0.0335396 0.0251141
 0.00434512 0.00683784 0.00991023 0.0134844 0.0175477 0.0221417 0.0272698 0.0328098 0.0384969 0.0439768 0.0488938 0.0529862 0.0561515 0.0584457 0.0600135 0.0609906 0.0614243 0.0612354 0.060217 0.0580647 0.0544441 0.0491153 0.0421075 0.0338634 0.0252269
 0.00459283 0.0072457 0.0105257 0.0143338 0.018607 0.0233062 0.0283508 0.0335832 0.0387971 0.0437809 0.0483298 0.0522507 0.0553945 0.0577065 0.059248 0.0601566 0.0605554 0.0604489 0.0596544 0.0578085 0.0544685 0.0493024 0.0423141 0.0339902 0.0252485
 0.00483446 0.00762538 0.0110763 0.0150863 0.0195941 0.0245578 0.0298713 0.0353118 0.0405742 0.0453551 0.0494274 0.0526809 0.0551263 0.0568616 0.0580185 0.0587163 0.0590267 0.0589271 0.0582384 0.0565951 0.0535163 0.048605 0.0418125 0.0336131 0.0249482
 0.00509986 0.00803954 0.0116686 0.015876 0.0205929 0.0257726 0.0313032 0.0369493 0.04238 0.0472445 0.0512474 0.0542109 0.056122 0.0571345 0.0575079 0.0575075 0.0573067 0.0569165 0.0561429 0.0545847 0.0517172 0.047092 0.0406069 0.032696 0.0242804
 0.00538009 0.00848082 0.012307 0.0167385 0.021696 0.0271205 0.0328819 0.0387214 0.0442843 0.0492006 0.0531561 0.0559486 0.0575326 0.058037 0.0577314 0.0569468 0.05597 0.0549349 0.0537367 0.052008 0.0492065 0.0448324 0.0387159 0.0312214 0.0232106
 0.0056814 0.00895371 0.0129885 0.0176554 0.0228656 0.0285491 0.0345584 0.0406086 0.0463145 0.0512783 0.0551675 0.0577711 0.0590417 0.0591059 0.0582315 0.0567594 0.0550181 0.0532246 0.0513835 0.0492296 0.04628 0.0420348 0.0362696 0.0292597 0.0217692
