SBPRF35
7.78865
Curr Bio
497043
B35
676229
F35
0.216222
FOFL
0.157976
OFL
62807.9
Bzero
2.22533e+006
#pred survey bio
 4.49857e+006 4.29915e+006 4.08969e+006 3.82492e+006 3.52187e+006 3.21794e+006 2.87474e+006 2.57741e+006 2.27036e+006 2.00832e+006 1.75688e+006 1.55934e+006 1.39157e+006 1.21476e+006 1.06631e+006 960704 867431 804777 743861 700403 677018 652904 632475 632572 631566 626313 624020 619755 598920 600690 596779 601936 597570 593582 589682 571888 545562 541192 553032 559731 579202 593777 600074 603654 609035 612916 609596 609121 604022 607598 603844 547294 511493 514493 530458 535063 521783 529927 535712 504051 486911 487593 502545 1.77943e+007 1.06108e+007 1.08501e+007 1.16108e+007 1.26421e+007 1.37044e+007 1.46572e+007 1.54438e+007 1.60593e+007 1.65238e+007 1.68663e+007 1.71151e+007 1.72943e+007 1.74229e+007 1.75152e+007 1.75816e+007 1.76297e+007 1.76646e+007 1.76902e+007 1.77091e+007 1.77231e+007 1.77335e+007 1.77413e+007 1.77472e+007 1.77517e+007 1.77551e+007 1.77577e+007 1.77597e+007 1.77612e+007 1.77623e+007 1.77632e+007 1.77639e+007 1.77644e+007 1.77648e+007 1.77652e+007 1.77654e+007 1.77656e+007 1.77657e+007 1.77659e+007 1.77659e+007 1.7766e+007 1.77661e+007 1.77661e+007 1.77661e+007 1.77662e+007 1.77662e+007 1.77662e+007 1.77662e+007 1.77662e+007 1.77662e+007 1.77662e+007 1.77662e+007 1.77662e+007 1.77662e+007 1.77662e+007 1.77662e+007 1.77662e+007 1.77662e+007 1.77662e+007 1.77662e+007 1.77662e+007 1.77662e+007 1.77662e+007 1.77662e+007 1.77662e+007 1.77662e+007 1.77662e+007 1.77662e+007 1.77662e+007 1.77662e+007 1.77662e+007 1.77662e+007 1.77662e+007 1.77662e+007 1.77662e+007 1.77662e+007 1.77662e+007 1.77662e+007 1.77662e+007 1.77662e+007 1.77662e+007 1.77662e+007 1.77662e+007 1.77662e+007 1.77662e+007 1.77662e+007 1.77662e+007 1.77662e+007 1.77662e+007 1.77662e+007 1.77662e+007 1.77662e+007 1.77662e+007 1.77662e+007 1.77662e+007 1.77662e+007 1.77662e+007 1.77662e+007 1.77662e+007 1.77662e+007 0 0 0 0 0 0 0 0 0 0 0 0 0 0 0 0 0 0 0 0 0 0 0 0 0
#obs survey bio
 2.76011e+006 3.01656e+006 2.79926e+006 1.75752e+006 2.45134e+006 2.32661e+006 3.04446e+006 2.34197e+006 2.24727e+006 1.28939e+006 1.84734e+006 1.18431e+006 1.45218e+006 801039 1.15288e+006 906304 762597 1.20494e+006 498648 788606 625130 527896 430482 601637 547928 389412 566014 552608 513804 540725 604679 405664 522671 725090 672789 600173 466630 608490 622166 527174 655253 624026 408691 702815 691379 741612 786717 520664 541618 610079 700559 480494 516910 553089 716899 388860 545076 714506 623924 531955 470829 502778 524877
#pred catch bio
 92999.2 97577.4 155926 208918 233952 296613 282184 316480 299602 309567 276413 260543 274357 252070 215954 204497 175412 170039 151496 131567 129238 123525 105184 105390 107348 103310 103805 115715 94748.7 98235.6 89401.4 96231.5 93877 90986.7 99335.7 105230 90107.5 81835.9 89413.2 80441.5 85304.2 91517.9 92373.4 89408.1 89548.5 94713.1 91820.3 95338.7 87681.6 93651.5 136702 117912 86348.2 76332.6 85161.6 98935.7 80501 82279.4 111980 98217.6 83220.2 71005 76510.8 62807.9 82836.3 83133.6 87612.4 95008.9 102879 109883 115538 119826 122936 125119 126615 127621 128287 128723 129006 129188 129305 129379 129426 129456 129475 129487 129494 129499 129502 129504 129505 129505 129506 129506 129506 129506 129507 129507 129507 129507 129507 129507 129507 129507 129507 129507 129507 129507 129507 129507 129507 129507 129507 129507 129507 129507 129507 129507 129507 129507 129507 129507 129507 129507 129507 129507 129507 129507 129507 129507 129507 129507 129507 129507 129507 129507 129507 129507 129507 129507 129507 129507 129507 129507 129507 129507 129507 129507 129507 129507 129507 129507 129507 129507 129507 129507 129507 129507 129507 129507 129507 129507 129507 0 0 0 0 0 0 0 0 0 0 0 0 0 0 0 0 0 0 0 0 0 0 0 0 0
#obs catch bio
 0 97486.1 156863 211336 236811 303273 286866 323433 305656 320042 283717 267937 282658 260393 221285 210620 179898 172639 154993 133688 131532 125292 106762 107000 108830 104442 104682 117858 95774.2 99364.7 90086.8 97316.9 95219.5 91558.2 100203 106150 90997.9 82568.8 89986 80616.4 85632.9 91622.4 92651.1 89082 89053.8 94163.8 91231.8 95481.1 87270.6 93014.4 136078 118043 86368.7 76294.7 84726.2 99362.8 80482.1 81674.7 111690 97963.1 83322 70938.8 76539.4
#pred cpue bio
 4.42025e+006 4.226e+006 4.01967e+006 3.75581e+006 3.45403e+006 3.15175e+006 2.8111e+006 2.51593e+006 2.21115e+006 1.9508e+006 1.70167e+006 1.50626e+006 1.3406e+006 1.16664e+006 1.02076e+006 917047 825995 765491 706717 664677 642362 619459 599791 599910 599284 594646 592671 588654 568674 570738 567305 572610 568628 565257 562251 545545 519075 512781 523191 529840 549065 563670 570248 574120 579715 583714 580525 579979 575047 578625 575028 519603 483853 486452 502747 507935 494925 502720 508713 478026 460949 461573 476820 1.69307e+007 1.01066e+007 1.02061e+007 1.08195e+007 1.18041e+007 1.28564e+007 1.38075e+007 1.45938e+007 1.52092e+007 1.56737e+007 1.60162e+007 1.6265e+007 1.64442e+007 1.65728e+007 1.66651e+007 1.67316e+007 1.67796e+007 1.68146e+007 1.68401e+007 1.6859e+007 1.6873e+007 1.68834e+007 1.68912e+007 1.68971e+007 1.69016e+007 1.6905e+007 1.69076e+007 1.69096e+007 1.69111e+007 1.69123e+007 1.69131e+007 1.69138e+007 1.69144e+007 1.69148e+007 1.69151e+007 1.69153e+007 1.69155e+007 1.69157e+007 1.69158e+007 1.69159e+007 1.69159e+007 1.6916e+007 1.6916e+007 1.6916e+007 1.69161e+007 1.69161e+007 1.69161e+007 1.69161e+007 1.69161e+007 1.69161e+007 1.69161e+007 1.69161e+007 1.69161e+007 1.69161e+007 1.69161e+007 1.69161e+007 1.69162e+007 1.69162e+007 1.69162e+007 1.69162e+007 1.69162e+007 1.69162e+007 1.69162e+007 1.69162e+007 1.69162e+007 1.69162e+007 1.69162e+007 1.69162e+007 1.69162e+007 1.69162e+007 1.69162e+007 1.69162e+007 1.69162e+007 1.69162e+007 1.69162e+007 1.69162e+007 1.69162e+007 1.69162e+007 1.69162e+007 1.69162e+007 1.69162e+007 1.69162e+007 1.69162e+007 1.69162e+007 1.69162e+007 1.69162e+007 1.69162e+007 1.69162e+007 1.69162e+007 1.69162e+007 1.69162e+007 1.69162e+007 1.69162e+007 1.69162e+007 1.69162e+007 1.69162e+007 1.69162e+007 1.69162e+007 1.69162e+007 1.69162e+007 0 0 0 0 0 0 0 0 0 0 0 0 0 0 0 0 0 0 0 0 0 0 0 0 0
#obs cpue bio
 3.43958e+006 2.27409e+006 3.9617e+006 3.09699e+006 3.62544e+006 2.66174e+006 3.26755e+006 2.5085e+006 1.84085e+006 1.0453e+006 1.73909e+006 1.2296e+006 1.18775e+006 997186 876189 560165 657073 801161 452707 564653 525485 774112 489401 534675 664090 892666 653918 370327 573453 647010 506976 673666 395453 696486 418044 534035 390111 363602 680548 571021 445314 698758 692879 848420 634422 572943 475997 405067 956406 642183 596782 393362 425061 453520 623682 426162 470640 673451 431978 407273 366282 456123 497045
#pred surv len freq
 0.0050349 0.00820838 0.0124149 0.0176492 0.0237838 0.0304805 0.0371672 0.0431855 0.0480446 0.0515885 0.0539649 0.0554683 0.056392 0.0569453 0.0572186 0.0571762 0.0566789 0.0555309 0.0535298 0.050499 0.0463074 0.0409122 0.0344429 0.0272879 0.0200881
 0.00540308 0.00867115 0.0128666 0.0179236 0.0237194 0.0300117 0.0363834 0.0423056 0.04731 0.0511372 0.0537656 0.0553512 0.0561503 0.0564474 0.0564779 0.0563543 0.0560255 0.0552841 0.0538167 0.0512799 0.0473939 0.0420489 0.0354104 0.0279725 0.0204896
 0.00566213 0.00912175 0.0135887 0.0189819 0.025116 0.0316325 0.0379806 0.0435583 0.0479538 0.0510889 0.0531505 0.0544079 0.0550847 0.0553431 0.0553158 0.0551084 0.0547493 0.0541259 0.0529555 0.0508305 0.0473448 0.0422714 0.035729 0.0282455 0.0206531
 0.00586784 0.00945903 0.0141048 0.0197307 0.0261546 0.0330064 0.0396924 0.0455261 0.0499838 0.0528926 0.0544227 0.0549366 0.0548285 0.0544222 0.0539285 0.0534415 0.0529472 0.0523156 0.0512755 0.0494179 0.046287 0.0415693 0.0353057 0.0279947 0.0204886
 0.00607783 0.00980009 0.0146181 0.0204563 0.0271265 0.0342455 0.041197 0.0472648 0.0518902 0.0548559 0.0562763 0.0564613 0.0557915 0.0546476 0.0533614 0.0521644 0.0511418 0.0502046 0.0490801 0.0473351 0.0444707 0.0401088 0.0342158 0.0272306 0.0199778
 0.00625459 0.0100916 0.0150651 0.0211001 0.0280034 0.0353749 0.0425705 0.0488423 0.0536059 0.0566295 0.0580169 0.0580595 0.0571077 0.0555142 0.0536143 0.0516963 0.0499503 0.0484064 0.0468848 0.0449942 0.0422237 0.0381405 0.0326315 0.0260536 0.0191682
 0.00654207 0.0105446 0.0157205 0.0219844 0.02913 0.0367405 0.044148 0.0505762 0.0554161 0.0584229 0.0597 0.0595456 0.0583131 0.0563489 0.0539745 0.0514739 0.0490653 0.0468521 0.0447592 0.0424974 0.0396172 0.0356853 0.0305295 0.0244129 0.0179997
 0.00684843 0.0110281 0.016421 0.0229289 0.0303277 0.0381766 0.0457767 0.0523207 0.0571803 0.0601107 0.0612302 0.060855 0.05935 0.0570621 0.054303 0.051343 0.0483971 0.0455941 0.0429253 0.0401992 0.0370629 0.0331375 0.0282379 0.0225508 0.0166327
 0.00722659 0.0116311 0.0173058 0.0241385 0.0318814 0.0400551 0.0479082 0.0545786 0.0594031 0.0621362 0.0629273 0.0621399 0.0601847 0.0574399 0.0542289 0.0508143 0.0473946 0.0440922 0.0409232 0.0377611 0.0343436 0.0303701 0.0256802 0.020413 0.0150222
 0.00745958 0.0120255 0.0179279 0.0250595 0.0331613 0.041718 0.0499176 0.0568287 0.061734 0.0643658 0.0648845 0.0636883 0.0612349 0.0579516 0.0542019 0.0502706 0.0463594 0.0425848 0.0389682 0.0354172 0.0317345 0.0276912 0.0231653 0.0182714 0.0133783
 0.00775869 0.0124982 0.0186155 0.0259953 0.0343696 0.0432102 0.051682 0.0588182 0.063859 0.0664966 0.0668652 0.0653586 0.0624565 0.0586291 0.0542923 0.049778 0.0453191 0.0410474 0.0369939 0.033088 0.0291746 0.0250775 0.0207078 0.0161642 0.0117446
 0.00800098 0.0128872 0.0191918 0.0267924 0.0354076 0.0444864 0.0531624 0.0604382 0.0655355 0.0681452 0.0684077 0.0667191 0.0635531 0.059374 0.0546039 0.0495981 0.044625 0.0398545 0.035353 0.0310852 0.0269362 0.0227708 0.0185237 0.0142779 0.0102702
 0.00817934 0.0131824 0.0196456 0.0274467 0.0362955 0.045618 0.054511 0.0619359 0.0670843 0.0696382 0.0697508 0.067842 0.0644084 0.0599274 0.0548232 0.0494484 0.0440745 0.038888 0.0339872 0.0293801 0.0250005 0.0207563 0.0166039 0.0126114 0.00896098
 0.00848444 0.0136656 0.0203487 0.0283999 0.0375114 0.0470835 0.0561765 0.0637103 0.068844 0.0712476 0.0710865 0.0688126 0.0649649 0.0600629 0.0545608 0.0488236 0.0431191 0.037626 0.0324446 0.0276038 0.0230745 0.0188048 0.0147738 0.0110382 0.00773212
 0.00879488 0.0141565 0.0210615 0.0293625 0.0387323 0.0485427 0.0578164 0.0654344 0.0705289 0.0727657 0.0723268 0.0696927 0.0654352 0.0601072 0.0541943 0.0480853 0.0420609 0.0363015 0.0309054 0.0259068 0.0212947 0.0170424 0.0131453 0.00965105 0.00665448
 0.00888509 0.0143218 0.0213446 0.0298142 0.0393997 0.0494499 0.058947 0.0667264 0.0718863 0.0740799 0.0734954 0.0706313 0.0660809 0.0604202 0.054158 0.0477064 0.0413663 0.0353338 0.0297184 0.0245638 0.0198718 0.0156295 0.0118397 0.00853911 0.0057904
 0.00889432 0.0143544 0.0214273 0.029986 0.0397061 0.0499319 0.0596277 0.0675997 0.0729119 0.075185 0.0745841 0.0716007 0.0668399 0.0609033 0.0543311 0.0475639 0.0409254 0.0346293 0.0287989 0.023491 0.0187192 0.0144804 0.0107787 0.0076379 0.00509202
 0.00901418 0.0145093 0.0215885 0.0301071 0.0397426 0.0498695 0.059502 0.067493 0.0729246 0.0753957 0.0750197 0.0722267 0.0675721 0.0616321 0.0549482 0.0479833 0.0410957 0.0345351 0.0284577 0.0229472 0.0180379 0.0137396 0.0100584 0.00700654 0.00459294
 0.00919378 0.0147944 0.0220014 0.0306557 0.0404093 0.0506006 0.0602065 0.0680622 0.0732714 0.0754952 0.0749224 0.072033 0.0673829 0.0615058 0.0548841 0.047935 0.0409976 0.0343309 0.0281177 0.0224747 0.0174668 0.013125 0.00946341 0.00648662 0.00418335
 0.00921638 0.0148422 0.022094 0.0308189 0.0406688 0.0509717 0.0606817 0.0686031 0.0738107 0.0759511 0.0752237 0.0721457 0.0673246 0.0613361 0.0546748 0.0477356 0.0408183 0.0341467 0.0278911 0.022179 0.0171008 0.0127143 0.00905053 0.00611534 0.00388489
 0.00919616 0.0147979 0.022008 0.030672 0.040451 0.0506953 0.0603901 0.0683647 0.0736961 0.0760043 0.0754423 0.072482 0.0677068 0.061698 0.0549774 0.0479707 0.040994 0.0342693 0.0279549 0.0221714 0.0170154 0.0125611 0.00885641 0.00591529 0.00370944
 0.00936027 0.015031 0.0222953 0.0309763 0.0407198 0.0508761 0.0604451 0.0682823 0.0734965 0.0757372 0.0751747 0.0722768 0.0676004 0.0616894 0.0550354 0.0480536 0.0410676 0.0343144 0.0279629 0.0221383 0.01694 0.0124481 0.00871949 0.00577452 0.00358452
 0.00948361 0.015229 0.0225868 0.0313712 0.0412114 0.0514301 0.0609954 0.0687392 0.0737725 0.0757787 0.0749839 0.0719101 0.0671464 0.0612367 0.0546466 0.0477536 0.0408492 0.034153 0.0278318 0.0220172 0.0168174 0.0123213 0.00859274 0.0056568 0.00348535
 0.00932014 0.0149916 0.0222832 0.0310292 0.0408739 0.0511455 0.0608059 0.068671 0.073828 0.0759334 0.0751923 0.0721226 0.0673286 0.0613814 0.0547696 0.0478789 0.0409917 0.0343107 0.0279886 0.0221523 0.0169148 0.0123751 0.0086075 0.00564432 0.00345963
 0.0092363 0.0148489 0.0220582 0.0307009 0.0404343 0.0506128 0.0602342 0.0681444 0.0734377 0.0757466 0.0752293 0.0723538 0.0676902 0.0618007 0.0551883 0.0482642 0.0413346 0.0346139 0.0282546 0.022378 0.0170936 0.0125027 0.00868619 0.00568334 0.00347205
 0.00929195 0.014921 0.022132 0.0307491 0.0404216 0.0505063 0.060014 0.0678142 0.0730297 0.0753198 0.0748575 0.0721042 0.0676016 0.0618717 0.0553824 0.0485283 0.0416192 0.0348851 0.0284953 0.0225811 0.0172563 0.0126239 0.00876776 0.00573106 0.00349492
 0.0093018 0.0149399 0.0221647 0.0307991 0.0404867 0.0505729 0.0600554 0.067795 0.0729186 0.0751055 0.0745594 0.0717716 0.0672999 0.0616609 0.0552978 0.0485711 0.0417615 0.0350846 0.0287108 0.0227825 0.0174262 0.0127552 0.0088605 0.00579012 0.00352809
 0.00917241 0.0147605 0.021952 0.0305882 0.0403215 0.0504899 0.0600693 0.0678932 0.0730652 0.0752524 0.0746606 0.0717977 0.0672484 0.0615583 0.055189 0.0485013 0.041759 0.0351525 0.028831 0.0229266 0.0175675 0.0128754 0.00895136 0.00585156 0.00356515
 0.00923714 0.0148505 0.0220604 0.0307022 0.0404298 0.0505926 0.0601816 0.0680383 0.0732573 0.0754804 0.0748833 0.0719567 0.0672918 0.0614624 0.0549685 0.0482026 0.0414425 0.0348716 0.0286174 0.0227871 0.0174901 0.0128403 0.00893961 0.00584983 0.00356614
 0.00916024 0.0147243 0.0218684 0.0304292 0.0400662 0.0501415 0.0596673 0.067511 0.0727886 0.0751487 0.0747517 0.0720503 0.0675864 0.0618913 0.0554462 0.0486552 0.0418276 0.0351811 0.0288648 0.0229908 0.0176619 0.0129832 0.00905231 0.00593168 0.00362004
 0.00917149 0.0147359 0.0218731 0.0304147 0.0400165 0.0500402 0.0595021 0.0672779 0.0724973 0.0748257 0.0744406 0.0718048 0.0674551 0.0619003 0.055588 0.0488914 0.0421049 0.0354519 0.0291005 0.023183 0.0178145 0.0131029 0.00914392 0.00599835 0.00366493
 0.00910147 0.0146264 0.0217164 0.0302065 0.0397568 0.0497341 0.059161 0.0669201 0.0721462 0.0745072 0.0741804 0.0716279 0.0673847 0.0619541 0.0557717 0.0491918 0.0424884 0.0358715 0.0295089 0.0235446 0.0181107 0.0133306 0.00930931 0.00611161 0.00373745
 0.00892081 0.0143732 0.02141 0.0298892 0.0394803 0.0495388 0.0590599 0.0668962 0.0721645 0.0745314 0.0741862 0.0716089 0.0673516 0.0619305 0.0557857 0.049267 0.0426349 0.0360808 0.0297565 0.0237988 0.0183429 0.0135225 0.00945436 0.00621267 0.00380244
 0.00873371 0.0140773 0.0209827 0.029322 0.0387885 0.0487716 0.058303 0.0662583 0.0717445 0.0743821 0.0742965 0.0719152 0.0677703 0.0623898 0.0562431 0.0497081 0.043062 0.0364987 0.0301622 0.0241796 0.0186808 0.0138017 0.00966746 0.0063622 0.0038986
 0.00867005 0.0139583 0.0207752 0.0289866 0.0382904 0.0480978 0.0574802 0.0653599 0.0708811 0.073677 0.073854 0.0717921 0.0679617 0.0628351 0.0568512 0.0503881 0.0437452 0.0371442 0.0307502 0.0246993 0.0191236 0.0141607 0.00994042 0.00655454 0.00402309
 0.00947146 0.0150932 0.0221708 0.0304661 0.0396179 0.049054 0.0579262 0.0652603 0.07029 0.0727095 0.0726603 0.0705346 0.0667894 0.0618578 0.0561224 0.0499055 0.0434676 0.0370164 0.0307214 0.0247312 0.019189 0.0142393 0.0100168 0.00661847 0.00407002
 0.0103221 0.0164342 0.0241005 0.0330193 0.0427268 0.0525068 0.0613498 0.0681699 0.0722167 0.0733551 0.0719912 0.0687666 0.0642868 0.0590137 0.0532708 0.0472807 0.0412007 0.0351532 0.0292506 0.0236115 0.018368 0.0136631 0.00963315 0.00637845 0.00393018
 0.0100732 0.0161739 0.0239757 0.0332557 0.043569 0.0541187 0.0637217 0.0710812 0.0752725 0.0760796 0.0739462 0.0696605 0.0640439 0.0577777 0.0513415 0.0450137 0.0389138 0.033072 0.0274972 0.0222231 0.0173268 0.012922 0.00913418 0.00606258 0.00374371
 0.00966776 0.0155375 0.0230705 0.0320891 0.0422239 0.0527821 0.0626853 0.070683 0.0757769 0.077546 0.0761646 0.072202 0.0664046 0.0595437 0.0523018 0.0451835 0.0384781 0.0322889 0.0266081 0.0213992 0.0166569 0.012429 0.00880071 0.00585409 0.00362317
 0.00959191 0.0153893 0.0228013 0.0316393 0.0415396 0.0518445 0.0615449 0.069481 0.0747386 0.0769353 0.0762038 0.0729795 0.0678153 0.0613023 0.0540361 0.0465655 0.0393271 0.0326007 0.0265113 0.0210748 0.0162669 0.0120787 0.0085358 0.00567805 0.00351836
 0.00934706 0.0150229 0.022307 0.0310274 0.0408278 0.0510461 0.0606661 0.0685336 0.0737642 0.0760286 0.0755156 0.0726876 0.0680631 0.0621286 0.0553335 0.0480996 0.0408151 0.0338114 0.0273329 0.0215227 0.0164385 0.0120928 0.00848752 0.00562268 0.00347764
 0.00921675 0.0148077 0.0219785 0.0305614 0.0402139 0.0502996 0.0598346 0.067689 0.0729814 0.0753634 0.0750024 0.072358 0.0679665 0.06233 0.0558793 0.0489711 0.0419054 0.0349492 0.028344 0.0222918 0.0169375 0.0123649 0.008608 0.00566208 0.00348361
 0.00913539 0.0146845 0.0218091 0.0303448 0.0399494 0.0499833 0.0594598 0.0672533 0.0724957 0.0748575 0.074521 0.0719507 0.0676797 0.0622056 0.0559551 0.0492719 0.0424237 0.0356278 0.0290813 0.0229741 0.0174797 0.0127351 0.00882441 0.00576933 0.00352779
 0.00908796 0.0146057 0.021688 0.0301714 0.0397182 0.0496975 0.0591337 0.0669092 0.0721564 0.0745388 0.0742312 0.0716967 0.0674751 0.0620741 0.0559275 0.0493781 0.0426804 0.0360261 0.0295796 0.0235034 0.0179652 0.0131217 0.00909199 0.00593026 0.0036118
 0.00909403 0.0146027 0.0216595 0.0300942 0.0395682 0.0494594 0.0588096 0.0665219 0.0717443 0.0741458 0.0738955 0.0714429 0.0673132 0.0620042 0.0559475 0.0494897 0.0428881 0.0363294 0.0299626 0.0239305 0.0183866 0.0134892 0.00937445 0.00612125 0.0037253
 0.00911147 0.014629 0.0216946 0.0301342 0.0396035 0.049473 0.0587786 0.0664225 0.0715618 0.073884 0.0735798 0.0711147 0.067017 0.0617752 0.0558064 0.0494438 0.0429368 0.0364673 0.0301779 0.0242013 0.0186803 0.0137685 0.00960813 0.00629335 0.00383674
 0.0091891 0.014748 0.0218597 0.0303445 0.0398512 0.049743 0.0590473 0.0666577 0.0717253 0.0739396 0.0735037 0.0709046 0.066696 0.0613878 0.0554069 0.0490833 0.0426533 0.0362817 0.0300945 0.0242092 0.0187564 0.0138818 0.00972781 0.00639608 0.0039114
 0.0091199 0.014658 0.0217659 0.0302759 0.0398404 0.0498132 0.0592007 0.0668736 0.0719671 0.0741658 0.0736766 0.0709958 0.0666901 0.0612857 0.0552275 0.0488606 0.0424286 0.036093 0.0299678 0.0241538 0.0187649 0.013935 0.00980153 0.00646891 0.00396985
 0.00914419 0.0146853 0.0217856 0.0302741 0.0398079 0.0497556 0.0591434 0.0668549 0.0720206 0.074301 0.0738714 0.0712039 0.0668594 0.0613762 0.055222 0.0487664 0.0422725 0.0359127 0.0298008 0.0240277 0.0186919 0.0139114 0.00981296 0.00649746 0.00400071
 0.00911733 0.0146415 0.0217192 0.0301787 0.0396768 0.0495837 0.0589316 0.0666159 0.0717832 0.0741082 0.0737685 0.0712213 0.0669971 0.0616014 0.0554817 0.0490078 0.0424608 0.0360383 0.0298751 0.0240728 0.0187284 0.0139513 0.00985781 0.00654231 0.00403926
 0.00924386 0.0148246 0.0219525 0.0304412 0.0399374 0.0498097 0.0590953 0.0666978 0.0717728 0.0740063 0.0735904 0.0709975 0.0667676 0.0614035 0.0553361 0.0489129 0.0423984 0.0359862 0.0298197 0.0240133 0.0186731 0.0139095 0.00983402 0.00653459 0.00404171
 0.00983737 0.0157539 0.0232808 0.0321924 0.0420795 0.0522359 0.0616111 0.0690342 0.0736384 0.0751608 0.0739059 0.07048 0.065539 0.0596606 0.0533035 0.0468004 0.0403708 0.0341522 0.028237 0.0227032 0.0176344 0.0131263 0.00927798 0.00616686 0.00381741
 0.00982822 0.0158087 0.0234912 0.0326846 0.0429798 0.0536153 0.0634361 0.0711511 0.0758021 0.0770921 0.0753523 0.0712637 0.0655857 0.0590062 0.0520786 0.0451949 0.0385908 0.0323809 0.0266111 0.0213065 0.0165038 0.0122632 0.00865896 0.00575284 0.00356134
 0.00934903 0.0150736 0.0224734 0.0314065 0.0415283 0.0521525 0.0621946 0.070396 0.0757526 0.0778347 0.0767921 0.0731465 0.0675784 0.0607952 0.0534445 0.0460455 0.0389518 0.0323586 0.0263454 0.0209294 0.0161155 0.0119246 0.0083969 0.00556952 0.0034449
 0.0092572 0.0148577 0.0220283 0.0306015 0.0402511 0.0503751 0.0600312 0.0681132 0.0737178 0.0764187 0.0762662 0.0736078 0.0689248 0.062757 0.0556644 0.0481781 0.0407463 0.0336971 0.0272314 0.0214458 0.0163745 0.0120298 0.00842456 0.00556627 0.0034342
 0.00946245 0.015158 0.0224127 0.0310238 0.0406236 0.0505717 0.0599055 0.0675404 0.072656 0.0749638 0.07466 0.0721788 0.0679805 0.0624775 0.0560471 0.0490547 0.041858 0.034789 0.0281259 0.0220701 0.0167443 0.0122098 0.00848898 0.0055745 0.00342303
 0.00950959 0.0152807 0.0226796 0.0315187 0.0414128 0.0516564 0.0611821 0.0687984 0.0736261 0.0753999 0.0744251 0.0712991 0.0666475 0.0609909 0.0547154 0.0480942 0.0413355 0.0346314 0.0281832 0.0221925 0.0168342 0.0122342 0.00846019 0.00552156 0.00337065
 0.00927454 0.0149169 0.022171 0.030875 0.0406816 0.0509316 0.0605989 0.0685013 0.0737105 0.0758551 0.0751171 0.072017 0.0671921 0.0612596 0.0547369 0.0479972 0.0412726 0.0347031 0.0284023 0.0224997 0.0171457 0.012486 0.00862784 0.00561402 0.00341211
 0.00930188 0.0149238 0.0221128 0.0306889 0.0403066 0.0503391 0.0598214 0.0676417 0.0729225 0.0753001 0.0749108 0.0721851 0.0676573 0.0618713 0.0553357 0.0484802 0.0416231 0.0349702 0.02865 0.0227623 0.0174154 0.0127311 0.00881969 0.00574272 0.00348614
 0.00968984 0.0155345 0.0229896 0.0318457 0.0417098 0.0518893 0.0613457 0.0689173 0.0737377 0.0755288 0.0745591 0.0713805 0.0665893 0.0607172 0.0542111 0.0474331 0.0406632 0.0341052 0.0279022 0.0221593 0.0169702 0.0124313 0.00863336 0.00563315 0.00342336
 0.00962589 0.0154811 0.0230027 0.032009 0.0421124 0.0525895 0.0623357 0.0701075 0.0749685 0.0766069 0.075306 0.0716822 0.0664269 0.0601671 0.0534097 0.0465252 0.0397614 0.0332776 0.0271829 0.0215651 0.016508 0.0120971 0.00841051 0.00549614 0.00334513
 0.00925831 0.0149236 0.0222425 0.0310718 0.0410691 0.0515572 0.0614711 0.0695807 0.0749152 0.0770731 0.0762181 0.0728627 0.0676527 0.0612404 0.0542106 0.0470267 0.0400083 0.0333476 0.0271525 0.021492 0.0164287 0.012031 0.00836471 0.00546936 0.00333194
 0.00877848 0.0141721 0.0211674 0.0296513 0.0393244 0.0495688 0.0593935 0.0676396 0.0733738 0.0761713 0.0761076 0.0735624 0.0690401 0.063083 0.0562283 0.0489648 0.0416914 0.0346978 0.0281724 0.0222299 0.0169468 0.0123861 0.00860162 0.0056218 0.00342523
#obs surv len freq
 nan nan nan nan nan nan nan nan nan nan nan nan nan nan nan nan nan nan nan nan nan nan nan nan nan
 0.00449014 0.007354 0.0111863 0.0160043 0.0217055 0.0279804 0.0342929 0.0400221 0.0446993 0.0481606 0.0505161 0.0520096 0.0528997 0.0534102 0.053723 0.0539768 0.0542545 0.0545467 0.0546851 0.0542769 0.0527151 0.0493478 0.0437985 0.0362798 0.027665
 0.00461668 0.00756389 0.0115095 0.0164699 0.0223346 0.0287741 0.0352221 0.0410243 0.0456887 0.0490461 0.0512185 0.0524738 0.0530989 0.0533451 0.0534169 0.0534678 0.0535869 0.0537636 0.0538259 0.0533791 0.051818 0.048495 0.0430355 0.0356452 0.0271799
 0.00478402 0.00783559 0.011918 0.0170459 0.0231018 0.0297408 0.0363703 0.0423039 0.0470198 0.0503293 0.0523494 0.0533568 0.0536598 0.0535402 0.053237 0.0529359 0.0527497 0.0526823 0.0525682 0.0520161 0.0504259 0.0471552 0.0418285 0.0346375 0.0264083
 0.00497019 0.00814139 0.012384 0.0177115 0.0239975 0.0308758 0.0377205 0.0438079 0.0485879 0.05186 0.0537425 0.0545196 0.0545095 0.0540078 0.0532748 0.0525253 0.0519062 0.0514538 0.0510307 0.050268 0.0485836 0.0453466 0.0401799 0.0332517 0.0253432
 0.00517692 0.00848064 0.0129006 0.0184497 0.0249926 0.0321413 0.0392341 0.0455056 0.0503721 0.0536169 0.0553599 0.0558973 0.0555622 0.0546651 0.0534806 0.0522407 0.051116 0.0501756 0.0493227 0.0482326 0.0463641 0.0431154 0.0381135 0.0314973 0.0239864
 0.00541047 0.00886117 0.0134751 0.0192627 0.0260787 0.0335123 0.0408652 0.0473303 0.0522901 0.0555119 0.0571169 0.0574126 0.0567473 0.0554467 0.0537991 0.0520498 0.0503854 0.0489006 0.0475378 0.0460266 0.043887 0.0405673 0.0357129 0.0294342 0.0223777
 0.00565411 0.00926028 0.0140813 0.0201259 0.0272372 0.0349778 0.0426073 0.0492716 0.0543182 0.0575015 0.0589496 0.0589876 0.057982 0.0562736 0.0541625 0.0519029 0.0496917 0.0476415 0.0457294 0.0437405 0.0412659 0.0378212 0.0330862 0.0271497 0.0205804
 0.00588758 0.00964514 0.0146705 0.0209723 0.0283839 0.0364415 0.0443619 0.0512418 0.0563899 0.0595434 0.0608352 0.060608 0.0592508 0.0571255 0.054548 0.0517821 0.0490316 0.0464204 0.0439525 0.0414645 0.0386206 0.0350127 0.0303668 0.0247596 0.0186837
 0.00614746 0.0100677 0.0153068 0.0218703 0.0295799 0.0379467 0.0461472 0.0532321 0.0584728 0.0615892 0.0627173 0.0622157 0.0604958 0.0579422 0.0548904 0.0516181 0.0483374 0.0451809 0.0421735 0.0391953 0.0359797 0.0321956 0.0276221 0.0223312 0.0167445
 0.0063758 0.0104461 0.0158892 0.0227112 0.0307226 0.0394055 0.0478905 0.0551775 0.0605009 0.0635685 0.0645257 0.0637523 0.0616816 0.0587176 0.0552122 0.0514553 0.0476682 0.0439935 0.0404752 0.0370323 0.0334603 0.0295009 0.0249858 0.0199876 0.0148638
 0.00661447 0.0108352 0.0164773 0.0235446 0.0318374 0.0408141 0.0495666 0.0570492 0.0624585 0.0654834 0.0662717 0.0652208 0.0627899 0.0594102 0.0554561 0.0512323 0.0469683 0.0428137 0.0388275 0.034962 0.0310677 0.0269514 0.0224944 0.0177712 0.0130819
 0.0068297 0.0111905 0.0170216 0.0243263 0.032894 0.0421563 0.0511629 0.0588218 0.0642957 0.0672625 0.067879 0.066562 0.0637924 0.0600225 0.0556458 0.0509833 0.0462757 0.041682 0.0372752 0.0330356 0.0288601 0.0246119 0.0202149 0.0157455 0.011453
 0.00706736 0.0115774 0.0176049 0.0251497 0.0339889 0.0435279 0.0527756 0.060594 0.0661104 0.0689897 0.0693985 0.0677783 0.0646404 0.060466 0.0556715 0.0505928 0.0454794 0.0404963 0.035727 0.0311748 0.0267743 0.0224353 0.0181163 0.0138933 0.00996999
 0.00729592 0.0119524 0.0181751 0.0259613 0.0350751 0.0448924 0.0543774 0.0623433 0.0678827 0.0706514 0.0708302 0.0688888 0.0653699 0.0607848 0.0555751 0.0500953 0.0446055 0.039277 0.0342008 0.0293964 0.0248277 0.02044 0.0162178 0.0122338 0.00865008
 0.0074311 0.0121804 0.0185339 0.0264921 0.0358148 0.0458606 0.0555625 0.0636961 0.0693211 0.0720739 0.072132 0.0699743 0.0661627 0.061233 0.0556532 0.0498012 0.0439553 0.0383 0.0329385 0.0279064 0.0231907 0.0187633 0.0146266 0.0108468 0.00754968
 0.00750736 0.0123031 0.0187169 0.0267504 0.0361643 0.0463181 0.0561423 0.064404 0.0701485 0.0729921 0.0730906 0.0709041 0.0669846 0.0618694 0.0560392 0.0498924 0.0437315 0.0377651 0.0321191 0.0268522 0.0219758 0.0174849 0.0133946 0.00976355 0.0066861
 0.00760449 0.0124507 0.0189202 0.0270077 0.0364689 0.0466614 0.056516 0.064803 0.0705717 0.0734431 0.0735728 0.071413 0.0674991 0.062348 0.0564245 0.0501223 0.0437525 0.0375437 0.0316496 0.0261598 0.0211167 0.0165413 0.0124618 0.00893104 0.00601652
 0.00769083 0.012591 0.0191302 0.0272997 0.0368467 0.0471138 0.0570129 0.0652987 0.0710183 0.073807 0.0738455 0.0716099 0.0676467 0.0624674 0.0565181 0.0501692 0.0437144 0.0373778 0.0313247 0.0256702 0.0204892 0.0158328 0.0117474 0.00828504 0.00549266
 0.00773359 0.0126565 0.019222 0.0274195 0.0369961 0.047295 0.0572283 0.0655472 0.0712913 0.0740869 0.0741088 0.0718353 0.0678233 0.0625967 0.0566085 0.050225 0.0437267 0.0373235 0.0311752 0.0254059 0.0201131 0.0153757 0.011262 0.00782985 0.00511409
 0.00776613 0.012705 0.0192867 0.0274979 0.0370834 0.0473862 0.0573199 0.0656388 0.0713863 0.0741907 0.0742265 0.0719671 0.067962 0.0627307 0.0567254 0.050315 0.043781 0.0373308 0.03112 0.0252735 0.019899 0.015094 0.0109454 0.00752016 0.00484842
 0.00782675 0.0127935 0.0194011 0.0276297 0.0372193 0.0475121 0.057424 0.0657138 0.0714302 0.0742077 0.0742267 0.0719634 0.0679668 0.0627503 0.0567585 0.0503531 0.0438114 0.0373389 0.0310913 0.0251956 0.0197665 0.014913 0.0107352 0.0073087 0.00466256
 0.00785167 0.0128344 0.0194628 0.0277154 0.0373287 0.0476382 0.0575523 0.0658243 0.0715043 0.0742353 0.0742104 0.0719174 0.0679105 0.0627018 0.0567291 0.0503451 0.0438184 0.0373481 0.0310869 0.0251634 0.0196977 0.0148081 0.0106053 0.00717208 0.00453847
 0.00786946 0.0128582 0.0194896 0.02774 0.0373458 0.0476462 0.0575542 0.0658267 0.0715126 0.0742504 0.0742275 0.0719302 0.0679156 0.0627016 0.0567303 0.0503549 0.0438394 0.0373763 0.0311125 0.0251741 0.0196834 0.0147654 0.010539 0.00709406 0.00446261
 0.00788541 0.0128804 0.0195157 0.027765 0.037363 0.0476484 0.0575367 0.0657888 0.0714593 0.0741919 0.0741764 0.0718969 0.0679047 0.0627115 0.056756 0.0503913 0.0438828 0.0374232 0.0311576 0.0252097 0.0197018 0.0147619 0.0105149 0.00705623 0.00442068
 0.0078826 0.0128753 0.019507 0.027751 0.0373415 0.0476172 0.0574942 0.0657348 0.0713957 0.0741236 0.0741116 0.0718457 0.0678769 0.0627132 0.0567877 0.0504477 0.0439555 0.0375028 0.0312352 0.0252773 0.0197527 0.0147922 0.0105245 0.00704946 0.00440468
 0.00787566 0.0128605 0.0194785 0.0277015 0.037265 0.0475121 0.0573659 0.0655957 0.0712622 0.0740109 0.0740306 0.0718021 0.0678723 0.0627466 0.0568559 0.0505451 0.0440735 0.0376309 0.031362 0.0253922 0.0198474 0.0148618 0.0105686 0.00707168 0.00441141
 0.00790427 0.0129011 0.0195282 0.0277533 0.0373083 0.0475354 0.0573592 0.065553 0.0711836 0.0739039 0.0739091 0.0716834 0.0677723 0.0626768 0.0568219 0.0505469 0.0441071 0.0376887 0.0314342 0.0254682 0.0199172 0.0149183 0.0106083 0.00709517 0.00442222
 0.0079029 0.0129003 0.0195295 0.0277581 0.0373172 0.047546 0.0573655 0.0655464 0.0711559 0.073851 0.0738336 0.0715946 0.0676842 0.0626037 0.0567751 0.0505327 0.0441257 0.0377352 0.0315001 0.025543 0.0199907 0.014982 0.0106571 0.00712805 0.00444136
 0.00788472 0.0128708 0.0194854 0.0276973 0.0372397 0.0474556 0.0572704 0.0654577 0.0710839 0.0738013 0.0738056 0.0715832 0.0676842 0.0626129 0.0567952 0.0505675 0.0441784 0.0378059 0.0315848 0.0256343 0.0200796 0.0150603 0.0107193 0.00717242 0.00446955
 0.0078428 0.0128025 0.0193827 0.0275534 0.0370516 0.0472272 0.0570158 0.0652011 0.0708554 0.0736296 0.0737103 0.0715712 0.0677485 0.0627372 0.0569596 0.0507539 0.0443732 0.0380001 0.031772 0.0258083 0.020234 0.0151894 0.0108198 0.00724419 0.00451625
 0.00782364 0.0127667 0.0193203 0.0274525 0.0369012 0.0470227 0.0567628 0.0649179 0.0705698 0.0733736 0.0735141 0.0714571 0.0677281 0.0628087 0.057109 0.0509593 0.0446101 0.0382466 0.0320108 0.0260274 0.0204249 0.0153468 0.0109413 0.00733125 0.00457345
 0.00780512 0.0127374 0.0192772 0.0273926 0.0368207 0.0469167 0.0566268 0.0647497 0.070373 0.0731605 0.0733054 0.071279 0.0676062 0.0627617 0.0571443 0.0510712 0.0447823 0.0384564 0.0322345 0.0262443 0.0206198 0.0155098 0.0110683 0.00742287 0.00463416
 0.00777509 0.0126862 0.0191961 0.0272728 0.0366565 0.0467091 0.0563868 0.0644969 0.0701307 0.0729487 0.0731375 0.0711627 0.0675466 0.0627642 0.0572133 0.0512067 0.044977 0.0386947 0.032495 0.0265037 0.0208573 0.0157109 0.0112257 0.00753645 0.00470941
 0.00773357 0.0126191 0.019096 0.0271329 0.0364722 0.0464803 0.0561201 0.064208 0.069843 0.0726892 0.0729317 0.0710291 0.0674945 0.0627934 0.0573173 0.051376 0.0452001 0.0389576 0.0327798 0.0267895 0.0211232 0.0159396 0.0114072 0.0076688 0.00479766
 0.00933116 0.0148538 0.0217897 0.0298961 0.0388174 0.0480027 0.0566403 0.0637985 0.0687452 0.0711913 0.0712794 0.0693929 0.0659769 0.0614488 0.0561691 0.0504282 0.0444447 0.0383793 0.0323581 0.0265001 0.0209389 0.0158325 0.0113518 0.00764424 0.00478919
 0.00931269 0.0151204 0.0227134 0.0319385 0.042328 0.0529472 0.0624286 0.0693809 0.0729853 0.0733143 0.0711278 0.0673681 0.0627622 0.0577183 0.0524208 0.0469563 0.0413888 0.0357864 0.0302277 0.0248071 0.0196438 0.0148853 0.0106946 0.00721529 0.00452808
 0.00896459 0.0145741 0.0219497 0.0310099 0.0414119 0.0523816 0.0626708 0.070844 0.07579 0.0771057 0.0751195 0.0706403 0.0646452 0.0580245 0.0514135 0.0451333 0.0392483 0.0336914 0.028382 0.023293 0.0184704 0.0140233 0.0100962 0.0068254 0.0042914
 0.00880774 0.0143049 0.0215192 0.0303671 0.0405236 0.0512674 0.0614464 0.0697494 0.0751678 0.0773052 0.0763398 0.0727843 0.067288 0.0605524 0.0532721 0.0460394 0.0392461 0.0330511 0.0274361 0.0223119 0.0176155 0.0133593 0.00962476 0.0065164 0.00410431
 0.00872737 0.0141707 0.0213096 0.0300569 0.0400858 0.0506794 0.0607017 0.0688757 0.0742487 0.0764944 0.0758513 0.0728369 0.0680087 0.0618824 0.0549451 0.0476689 0.0404828 0.0337177 0.0275614 0.0220648 0.0171997 0.0129338 0.00927628 0.00627024 0.00394969
 0.00870488 0.0141318 0.0212464 0.0299589 0.0399408 0.0504735 0.0604217 0.0685115 0.0737987 0.0759766 0.0753179 0.0723853 0.0677713 0.0619848 0.055441 0.0484888 0.0414403 0.0345815 0.0281549 0.0223301 0.0171934 0.0127711 0.00906802 0.00608733 0.00381937
 0.00868734 0.0141 0.0211923 0.0298732 0.0398146 0.0503019 0.060206 0.0682585 0.0735181 0.0756775 0.0750103 0.0720872 0.0675202 0.0618411 0.0554749 0.0487465 0.0419073 0.03517 0.0287327 0.0227776 0.0174525 0.0128562 0.00903924 0.0060115 0.00374328
 0.00870321 0.0141272 0.0212353 0.0299355 0.0398956 0.0503937 0.0602913 0.0683131 0.073517 0.0756033 0.0748581 0.0718666 0.0672542 0.0615666 0.0552409 0.0486065 0.0419009 0.0353012 0.0289602 0.0230292 0.0176573 0.0129752 0.00907413 0.00599133 0.00370202
 0.00869274 0.0141129 0.0212188 0.0299206 0.0398878 0.0503985 0.0603128 0.0683508 0.0735641 0.0756457 0.0748773 0.0718451 0.0671826 0.0614492 0.0550976 0.0484703 0.041809 0.0352818 0.029019 0.0231441 0.0177881 0.013083 0.00913829 0.0060131 0.00369657
 0.00866226 0.0140648 0.0211495 0.0298286 0.039775 0.0502721 0.0601856 0.0682405 0.0734886 0.0756174 0.0748972 0.0719023 0.0672572 0.0615195 0.0551485 0.0484995 0.041828 0.0353098 0.0290723 0.0232264 0.0178878 0.0131794 0.00921295 0.00605844 0.0037163
 0.00864044 0.014029 0.0210953 0.0297518 0.0396733 0.0501466 0.0600428 0.068093 0.0733537 0.075513 0.0748386 0.0718969 0.0673029 0.0616042 0.055254 0.0486075 0.0419269 0.0353977 0.0291547 0.0233099 0.0179733 0.0132608 0.00928126 0.0061072 0.00374508
 0.00864244 0.0140304 0.0210937 0.0297437 0.0396541 0.0501121 0.0599901 0.0680221 0.0732679 0.0754198 0.0747485 0.0718229 0.0672565 0.0615925 0.0552767 0.0486574 0.0419927 0.0354688 0.0292249 0.0233771 0.0180372 0.0133199 0.00933188 0.00614588 0.00377065
 0.00865171 0.0140461 0.0211182 0.029779 0.0397006 0.0501665 0.060045 0.0680663 0.0732894 0.0754097 0.074705 0.0717513 0.0671688 0.0615035 0.0552007 0.0486038 0.0419646 0.0354635 0.0292364 0.0233993 0.0180651 0.0133495 0.00935969 0.00616899 0.00378736
 0.00862541 0.0140077 0.0210686 0.0297222 0.039643 0.0501158 0.0600081 0.0680478 0.0732905 0.0754271 0.0747309 0.0717768 0.0671866 0.0615113 0.0552014 0.048604 0.041971 0.0354803 0.0292639 0.0234345 0.0181036 0.0133868 0.00939233 0.00619485 0.0038058
 0.00862136 0.013997 0.0210453 0.029679 0.0395744 0.0500219 0.0598978 0.0679377 0.0732001 0.0753717 0.0747171 0.0718007 0.0672371 0.0615748 0.0552663 0.0486636 0.042024 0.0355287 0.0293105 0.0234806 0.0181483 0.0134278 0.00942722 0.00622202 0.00382499
 0.00862136 0.013997 0.0210453 0.029679 0.0395744 0.0500219 0.0598978 0.0679377 0.0732001 0.0753717 0.0747171 0.0718007 0.0672371 0.0615748 0.0552663 0.0486636 0.042024 0.0355287 0.0293105 0.0234806 0.0181483 0.0134278 0.00942722 0.00622202 0.00382499
 0.00905199 0.0146783 0.0220318 0.0309986 0.0412111 0.0518954 0.0618504 0.0697475 0.0746285 0.0762299 0.0749157 0.071362 0.0662707 0.0602375 0.0537241 0.0470651 0.0404861 0.0341334 0.0281072 0.0224919 0.0173752 0.0128548 0.00902685 0.00596013 0.00366581
 0.00918593 0.0149364 0.0224936 0.031759 0.0423524 0.0534449 0.0637413 0.0718099 0.0766196 0.0778909 0.0760311 0.0718016 0.0660093 0.0593501 0.0523606 0.0454123 0.0387296 0.0324291 0.0265679 0.0211851 0.0163288 0.012065 0.0084672 0.00558986 0.00343861
 0.00879933 0.0143322 0.0216359 0.0306482 0.0410452 0.0520729 0.062515 0.070984 0.0764169 0.0784141 0.0772115 0.0734169 0.0677591 0.0609484 0.0536071 0.0462217 0.0391219 0.0324938 0.0264216 0.0209372 0.0160617 0.011829 0.0082846 0.00546305 0.00335886
 0.00867852 0.0140898 0.0211884 0.0298955 0.0399037 0.0505257 0.060657 0.0690327 0.0746744 0.0771913 0.0767434 0.0737957 0.0689065 0.0626378 0.0555311 0.0480806 0.0406967 0.0336806 0.0272219 0.02142 0.0163211 0.0119516 0.0083342 0.00547929 0.00336243
 0.0087539 0.0141942 0.021308 0.0299957 0.0399251 0.0503865 0.0602662 0.0683202 0.0736339 0.0759172 0.0754341 0.0727094 0.0682793 0.0626019 0.0560691 0.0490382 0.0418445 0.0347941 0.0281446 0.0220872 0.0167457 0.0121898 0.00845148 0.00552936 0.00338051
 0.00906542 0.0146946 0.0220464 0.0310035 0.0411976 0.0518578 0.06179 0.0696766 0.0745732 0.0762316 0.0750285 0.0716414 0.0667522 0.0609086 0.0545045 0.0478123 0.0410335 0.0343477 0.0279397 0.0219949 0.0166772 0.0121089 0.00835966 0.00544254 0.00331183
 0.00879176 0.0143003 0.0215489 0.0304576 0.0406872 0.0514784 0.0616272 0.0697837 0.0749492 0.0768065 0.0756693 0.0721883 0.0670757 0.0609615 0.0543403 0.0475568 0.0408247 0.0342754 0.0280172 0.0221722 0.0168815 0.0122824 0.00847713 0.00550695 0.00333976
 0.00874816 0.0141946 0.0213288 0.0300621 0.0400734 0.0506584 0.060694 0.0689016 0.0743048 0.0765406 0.0758252 0.0726993 0.0677941 0.0617134 0.054985 0.0480281 0.0411365 0.034493 0.0282099 0.0223775 0.0170967 0.0124816 0.00863557 0.00561486 0.00340288
 0.00907856 0.0147155 0.0220772 0.0310476 0.0412604 0.0519489 0.0619246 0.0698739 0.0748492 0.0765848 0.075423 0.0719976 0.0669605 0.0608704 0.0541846 0.0472703 0.0404095 0.0338037 0.0275893 0.0218632 0.0167102 0.0122186 0.00847139 0.00551859 0.00334836
 0.00900451 0.0146393 0.0220444 0.0311281 0.04153 0.0524582 0.0626688 0.0707787 0.0757814 0.0773849 0.0759505 0.0721748 0.0667947 0.0604428 0.0536099 0.0466509 0.0398094 0.0332517 0.0270979 0.0214436 0.0163739 0.0119705 0.00830451 0.00541619 0.00329049
 0.00883063 0.0143479 0.0215946 0.030489 0.0407035 0.0515056 0.0617242 0.0700279 0.0754025 0.0774759 0.0764865 0.0730187 0.0677547 0.0613435 0.0543415 0.0471804 0.0401595 0.0334674 0.0272223 0.0215092 0.0164044 0.011983 0.00831048 0.00542109 0.00329544
 0.00864411 0.0140349 0.0211058 0.0297745 0.0397264 0.0502647 0.0602787 0.06851 0.0740054 0.076417 0.0759516 0.0731065 0.0684423 0.0624907 0.0557375 0.0486111 0.0414634 0.0345585 0.0280799 0.0221527 0.0168694 0.0123072 0.00852776 0.00556023 0.00337979
#pred catch len freq
 0.00399891 0.00639972 0.00947797 0.0132172 0.0176126 0.0226349 0.0281619 0.0339578 0.039722 0.0451615 0.0500384 0.054195 0.0575614 0.0601357 0.0619332 0.0629329 0.063055 0.0621745 0.0601523 0.0568581 0.0521919 0.0461345 0.0388489 0.0307822 0.0226617
 0.0043081 0.00679881 0.00989174 0.0135236 0.017691 0.0224336 0.0277409 0.0334679 0.0393237 0.0449302 0.0499168 0.0540212 0.057156 0.0593996 0.0609128 0.0618238 0.0621415 0.0617248 0.0603097 0.0575805 0.0532704 0.0472858 0.0398299 0.0314671 0.0230505
 0.00455586 0.00720982 0.0105172 0.0143942 0.0187852 0.0236446 0.0288721 0.0342837 0.0396483 0.0447353 0.049329 0.0532339 0.0563089 0.0585163 0.0599375 0.0607216 0.0609805 0.0606805 0.059588 0.0573097 0.0534329 0.0477302 0.0403521 0.0319036 0.0233291
 0.00477771 0.00756365 0.0110408 0.0151276 0.0197723 0.0249258 0.0304568 0.0361083 0.0415412 0.0464262 0.0505224 0.0537196 0.0560422 0.0576108 0.0585815 0.0590908 0.0592119 0.0589027 0.0579503 0.0559622 0.0524688 0.0471436 0.040049 0.031759 0.0232447
 0.00499599 0.0079094 0.0115457 0.0158192 0.0206756 0.0260633 0.0318448 0.0377475 0.0434 0.0484164 0.0524763 0.0553932 0.0571635 0.0579658 0.0580915 0.0578329 0.0573776 0.0567328 0.0556865 0.0538204 0.0506165 0.0456744 0.0389726 0.0310194 0.0227586
 0.00521545 0.00825779 0.0120554 0.0165182 0.021586 0.0271993 0.0332073 0.0393186 0.045141 0.0502678 0.0543531 0.057174 0.0586807 0.0590149 0.0584713 0.0574094 0.0561395 0.0548078 0.0533094 0.0512743 0.0481707 0.0435352 0.0372559 0.029749 0.021888
