SBPRF35
7.78865
Curr Bio
615339
B35
728625
F35
0.208613
FOFL
0.17122
OFL
82058.9
Bzero
2.22533e+006
#pred survey bio
 4.57593e+006 4.38593e+006 4.17915e+006 3.91155e+006 3.60241e+006 3.29073e+006 2.93936e+006 2.63425e+006 2.32027e+006 2.0521e+006 1.79541e+006 1.59337e+006 1.42183e+006 1.24214e+006 1.09127e+006 983569 888553 824442 762505 718112 693929 669261 648417 648047 646681 641208 638753 634355 613431 615025 611007 616027 611571 607446 603402 585569 559335 554893 566679 573564 593292 608267 615120 619348 625438 630055 627391 627181 621512 622205 2.13787e+007 1.24002e+007 1.23069e+007 1.27386e+007 1.34748e+007 1.42984e+007 1.50707e+007 1.57272e+007 1.62518e+007 1.66546e+007 1.69557e+007 1.7177e+007 1.73381e+007 1.74548e+007 1.75391e+007 1.76002e+007 1.76446e+007 1.7677e+007 1.77008e+007 1.77184e+007 1.77315e+007 1.77412e+007 1.77486e+007 1.77541e+007 1.77583e+007 1.77615e+007 1.77639e+007 1.77657e+007 1.77672e+007 1.77682e+007 1.77691e+007 1.77697e+007 1.77702e+007 1.77706e+007 1.77709e+007 1.77711e+007 1.77713e+007 1.77714e+007 1.77715e+007 1.77716e+007 1.77717e+007 1.77717e+007 1.77717e+007 1.77718e+007 1.77718e+007 1.77718e+007 1.77718e+007 1.77718e+007 1.77718e+007 1.77719e+007 1.77719e+007 1.77719e+007 1.77719e+007 1.77719e+007 1.77719e+007 1.77719e+007 1.77719e+007 1.77719e+007 1.77719e+007 1.77719e+007 1.77719e+007 1.77719e+007 1.77719e+007 1.77719e+007 1.77719e+007 1.77719e+007 1.77719e+007 1.77719e+007 1.77719e+007 1.77719e+007 1.77719e+007 1.77719e+007 1.77719e+007 1.77719e+007 1.77719e+007 1.77719e+007 1.77719e+007 1.77719e+007 1.77719e+007 1.77719e+007 1.77719e+007 1.77719e+007 1.77719e+007 1.77719e+007 1.77719e+007 1.77719e+007 1.77719e+007 1.77719e+007 1.77719e+007 1.77719e+007 1.77719e+007 1.77719e+007 1.77719e+007 1.77719e+007 1.77719e+007 1.77719e+007 1.77719e+007 1.77719e+007 1.77719e+007 1.77719e+007 0 0 0 0 0 0 0 0 0 0 0 0 0 0 0 0 0 0 0 0 0 0 0 0 0
#obs survey bio
 2.76011e+006 3.01656e+006 2.79926e+006 1.75752e+006 2.45134e+006 2.32661e+006 3.04446e+006 2.34197e+006 2.24727e+006 1.28939e+006 1.84734e+006 1.18431e+006 1.45218e+006 801039 1.15288e+006 906304 762597 1.20494e+006 498648 788606 625130 527896 430482 601637 547928 389412 566014 552608 513804 540725 604679 405664 522671 725090 672789 600173 466630 608490 622166 527174 655253 624026 408691 702815 691379 741612 786717 520664 541618 610079
#pred catch bio
 92535.5 97570.5 155906 208864 233839 296360 281846 315927 298982 308840 275689 259807 273417 251197 215207 203778 174827 169389 150978 131135 128802 123093 104868 105064 106997 102974 103456 115302 94460.3 97915 89129.9 95917.1 93585.6 90693.7 98987.7 104830 89815 81591.4 89104.8 80188.8 85028.1 91198.1 92056.3 89096.3 89229.4 94349.2 91470.4 94970.2 87334.9 92951.8 82058.9 94623 92474.3 94335.2 99147.7 104858 110212 114674 118135 120689 122509 123772 124631 125205 125585 125834 125996 126100 126167 126210 126238 126255 126266 126273 126278 126280 126282 126283 126284 126284 126285 126285 126285 126285 126285 126285 126285 126285 126285 126285 126285 126285 126285 126285 126285 126285 126285 126285 126285 126285 126285 126285 126285 126285 126285 126285 126285 126285 126285 126285 126285 126285 126285 126285 126285 126285 126285 126285 126285 126285 126285 126285 126285 126285 126285 126285 126285 126285 126285 126285 126285 126285 126285 126285 126285 126285 126285 126285 126285 126285 126285 126285 126285 126285 126285 126285 126285 126285 126285 126285 0 0 0 0 0 0 0 0 0 0 0 0 0 0 0 0 0 0 0 0 0 0 0 0 0
#obs catch bio
 0 97486.1 156863 211336 236811 303273 286866 323433 305656 320042 283717 267937 282658 260393 221285 210620 179898 172639 154993 133688 131532 125292 106762 107000 108830 104442 104682 117858 95774.2 99364.7 90086.8 97316.9 95219.5 91558.2 100203 106150 90997.9 82568.8 89986 80616.4 85632.9 91622.4 92651.1 89082 89053.8 94163.8 91231.8 95481.1 87270.6 93014.4
#pred cpue bio
 4.50122e+006 4.31687e+006 4.11427e+006 3.84814e+006 3.54017e+006 3.23002e+006 2.88108e+006 2.578e+006 2.26623e+006 1.9997e+006 1.74517e+006 1.5451e+006 1.37551e+006 1.19846e+006 1.04998e+006 944010 850998 788764 728792 685697 662436 638842 618721 618353 617291 612358 610199 606034 585901 587717 584132 589277 585172 581581 578331 561521 535287 529170 539531 546282 565750 580716 587799 592263 598527 603251 600758 600580 595268 596597 2.05396e+007 1.19262e+007 1.17266e+007 1.20367e+007 1.27299e+007 1.35432e+007 1.43134e+007 1.49695e+007 1.5494e+007 1.58968e+007 1.61979e+007 1.64192e+007 1.65803e+007 1.66969e+007 1.67813e+007 1.68424e+007 1.68868e+007 1.69192e+007 1.6943e+007 1.69606e+007 1.69737e+007 1.69834e+007 1.69908e+007 1.69963e+007 1.70005e+007 1.70037e+007 1.70061e+007 1.70079e+007 1.70093e+007 1.70104e+007 1.70113e+007 1.70119e+007 1.70124e+007 1.70128e+007 1.70131e+007 1.70133e+007 1.70135e+007 1.70136e+007 1.70137e+007 1.70138e+007 1.70138e+007 1.70139e+007 1.70139e+007 1.7014e+007 1.7014e+007 1.7014e+007 1.7014e+007 1.7014e+007 1.7014e+007 1.7014e+007 1.7014e+007 1.7014e+007 1.70141e+007 1.70141e+007 1.70141e+007 1.70141e+007 1.70141e+007 1.70141e+007 1.70141e+007 1.70141e+007 1.70141e+007 1.70141e+007 1.70141e+007 1.70141e+007 1.70141e+007 1.70141e+007 1.70141e+007 1.70141e+007 1.70141e+007 1.70141e+007 1.70141e+007 1.70141e+007 1.70141e+007 1.70141e+007 1.70141e+007 1.70141e+007 1.70141e+007 1.70141e+007 1.70141e+007 1.70141e+007 1.70141e+007 1.70141e+007 1.70141e+007 1.70141e+007 1.70141e+007 1.70141e+007 1.70141e+007 1.70141e+007 1.70141e+007 1.70141e+007 1.70141e+007 1.70141e+007 1.70141e+007 1.70141e+007 1.70141e+007 1.70141e+007 1.70141e+007 1.70141e+007 1.70141e+007 1.70141e+007 0 0 0 0 0 0 0 0 0 0 0 0 0 0 0 0 0 0 0 0 0 0 0 0 0
#obs cpue bio
 3.43958e+006 2.27409e+006 3.9617e+006 3.09699e+006 3.62544e+006 2.66174e+006 3.26755e+006 2.5085e+006 1.84085e+006 1.0453e+006 1.73909e+006 1.2296e+006 1.18775e+006 997186 876189 560165 657073 801161 452707 564653 525485 774112 489401 534675 664090 892666 653918 370327 573453 647010 506976 673666 395453 696486 418044 534035 390111 363602 680548 571021 445314 698758 692879 848420 634422 572943 475997 405067 956406 642183
#pred surv len freq
 0.00460952 0.00762866 0.0117488 0.0170283 0.023366 0.0303897 0.037446 0.0437868 0.0488618 0.0525011 0.0548724 0.0563022 0.057112 0.0575296 0.0576554 0.0574574 0.0567968 0.0554775 0.0533003 0.050099 0.0457616 0.0402692 0.0337713 0.0266617 0.0195669
 0.00485421 0.00790115 0.0119336 0.0169573 0.0228834 0.029444 0.0361499 0.0423936 0.0476569 0.0516693 0.0544231 0.0560908 0.0569355 0.0572394 0.057233 0.0570275 0.0565747 0.0556743 0.054023 0.0512924 0.047224 0.0417337 0.0350098 0.0275563 0.0201192
 0.00516184 0.00840717 0.0126955 0.0180039 0.0241767 0.0308395 0.0373928 0.0431824 0.0477684 0.0510735 0.053301 0.0547333 0.0555911 0.0560181 0.0561211 0.0559823 0.0556178 0.0549145 0.0536005 0.0512884 0.0475992 0.042337 0.035649 0.0280806 0.0204644
 0.0053787 0.00877721 0.0132856 0.0188888 0.0254223 0.0324718 0.0393573 0.0453138 0.0497935 0.0526631 0.0541666 0.0547302 0.0547708 0.0545907 0.0543522 0.0540952 0.0537616 0.0531959 0.0521219 0.0501444 0.0468362 0.0419214 0.0354783 0.0280332 0.0204493
 0.00558182 0.00911085 0.0137956 0.0196241 0.0264306 0.0337898 0.040995 0.0472375 0.0519093 0.0548059 0.0561015 0.0561833 0.0554945 0.0544456 0.0533588 0.0524232 0.0516638 0.0509335 0.0499186 0.0481718 0.0452072 0.0406813 0.0346039 0.0274534 0.0200789
 0.005763 0.00941032 0.0142558 0.0202886 0.0273373 0.0349597 0.0424215 0.0488832 0.053712 0.0566853 0.0579561 0.0578755 0.0568432 0.055245 0.0534321 0.0516886 0.0501772 0.04888 0.0475607 0.0457824 0.0430149 0.0388375 0.0331736 0.0264253 0.0193911
 0.00603932 0.00985007 0.0149002 0.0211704 0.0284758 0.0363536 0.0440398 0.0506622 0.0555642 0.0585158 0.0596765 0.0594049 0.0580959 0.0561141 0.0537867 0.0513977 0.0491596 0.0471558 0.0452741 0.043178 0.0403781 0.0364257 0.0311642 0.0248942 0.0183231
 0.00632942 0.0103132 0.0155811 0.0221041 0.0296801 0.037819 0.0457195 0.0524717 0.0573959 0.0602633 0.0612529 0.0607479 0.0591584 0.0568478 0.0541263 0.0512559 0.0484443 0.0458104 0.0433265 0.0407685 0.0377453 0.0338495 0.0288919 0.0230821 0.0170151
 0.00668762 0.0108886 0.0164333 0.0232814 0.0312081 0.039683 0.0478489 0.0547379 0.059634 0.0623086 0.0629737 0.0620613 0.0600273 0.0572657 0.0540949 0.0507653 0.0474643 0.0443054 0.041293 0.0382801 0.0349752 0.0310498 0.0263298 0.0209646 0.0154383
 0.00692302 0.0112886 0.0170668 0.0242221 0.0325174 0.041383 0.0498971 0.0570198 0.0619822 0.064538 0.064917 0.0635906 0.0610628 0.0577734 0.0540757 0.0502371 0.0464436 0.0428016 0.0393229 0.0359018 0.0323202 0.0283263 0.0237833 0.0188095 0.013796
 0.00720061 0.0117335 0.0177254 0.0251364 0.0337203 0.04289 0.0516929 0.0590467 0.0641375 0.0666833 0.0668949 0.0652471 0.0622694 0.0584444 0.0541737 0.049766 0.0454331 0.0412927 0.0373664 0.0335737 0.0297452 0.0256878 0.0213009 0.0166845 0.012154
 0.00744033 0.0121192 0.0182983 0.0259314 0.0347594 0.0441725 0.053186 0.0606857 0.0658374 0.0683555 0.0684566 0.0666188 0.0633689 0.0591867 0.0544825 0.0495874 0.0447458 0.040109 0.0357311 0.0315667 0.0274902 0.0233545 0.0190862 0.0147705 0.0106592
 0.00762014 0.0124194 0.0187641 0.0266087 0.0356836 0.0453519 0.0545869 0.0622294 0.0674162 0.0698587 0.0697931 0.0677259 0.0642067 0.0597254 0.054691 0.0494301 0.0441895 0.0391367 0.0343563 0.0298461 0.0255302 0.0213077 0.0171303 0.0130696 0.00932222
 0.00790941 0.0128806 0.0194411 0.0275355 0.0368773 0.0468022 0.0562435 0.0639981 0.0691694 0.0714588 0.0711185 0.0686901 0.0647666 0.0598783 0.0544603 0.0488475 0.0432803 0.0379177 0.0328476 0.0280903 0.0236098 0.0193479 0.0152821 0.0114743 0.00807255
 0.00819177 0.0133331 0.0201093 0.0284551 0.0380653 0.0482438 0.0578804 0.0657274 0.0708597 0.0729775 0.0723548 0.0695663 0.0652397 0.0599373 0.0541221 0.0481495 0.0422695 0.0366407 0.0313489 0.0264211 0.0218421 0.0175827 0.0136396 0.0100674 0.00697493
 0.00828961 0.0135088 0.0204044 0.0289185 0.0387417 0.0491561 0.0590125 0.0670189 0.0722162 0.0742905 0.0735213 0.0705008 0.0658797 0.060245 0.0540841 0.0477745 0.0415847 0.0356864 0.0301742 0.0250846 0.0204165 0.0161572 0.0123137 0.0089319 0.00608849
 0.00830854 0.0135568 0.0205094 0.0291194 0.0390823 0.0496728 0.0597212 0.0679061 0.0732368 0.0753728 0.0745762 0.0714353 0.066611 0.0607116 0.0542517 0.047635 0.0411519 0.0349916 0.029263 0.0240152 0.01926 0.0149964 0.0112348 0.00801 0.00537035
 0.00840034 0.0136745 0.0206298 0.0292067 0.0391042 0.0496239 0.0596389 0.0678656 0.0733251 0.0756535 0.0750636 0.0720887 0.0673474 0.0614282 0.0548487 0.0480339 0.0413048 0.0348838 0.0289103 0.0234596 0.0185646 0.0142381 0.0104946 0.00735824 0.00485291
 0.00857074 0.0139424 0.0210134 0.0297096 0.0397073 0.0502777 0.0602641 0.0683704 0.0736388 0.0757599 0.0750109 0.0719653 0.067238 0.0613769 0.0548469 0.0480326 0.0412404 0.0347028 0.0285849 0.0229942 0.0179932 0.0136169 0.00988814 0.00682464 0.00443
 0.0085909 0.0139893 0.0211099 0.0298851 0.0399893 0.0506787 0.0607679 0.0689273 0.0741737 0.0761919 0.0752789 0.0720494 0.0671663 0.0612115 0.054654 0.0478535 0.0410778 0.0345282 0.0283601 0.0226934 0.0176169 0.0131921 0.00945921 0.00643737 0.00411745
 0.00857655 0.0139537 0.0210355 0.029753 0.0397903 0.0504269 0.060509 0.0687304 0.0741059 0.0762889 0.0755277 0.0723945 0.0675352 0.0615443 0.0549216 0.0480555 0.041226 0.0346281 0.0284039 0.0226665 0.0175119 0.0130193 0.00924638 0.00622067 0.00392841
 0.00870684 0.0141399 0.0212674 0.0300024 0.0400158 0.0505849 0.0605657 0.0686724 0.0739483 0.0760751 0.0753185 0.0722462 0.0674772 0.0615703 0.0549986 0.0481439 0.0412963 0.0346657 0.0284028 0.0226235 0.0174254 0.0128942 0.00909697 0.00606808 0.00379344
 0.00881896 0.0143188 0.0215288 0.030354 0.0404505 0.0510728 0.0610497 0.0690757 0.0741956 0.0761197 0.0751615 0.0719363 0.0670918 0.061187 0.0546712 0.047892 0.0411111 0.0345241 0.0282811 0.0225046 0.0173004 0.0127618 0.00896283 0.00594251 0.00368713
 0.00867676 0.0141136 0.0212689 0.0300655 0.0401725 0.0508471 0.0609107 0.0690421 0.0742649 0.0762675 0.0753475 0.0721186 0.0672429 0.061303 0.054768 0.0479917 0.0412272 0.034654 0.0284096 0.0226123 0.0173729 0.0127942 0.0089602 0.00591654 0.00365154
 0.00860058 0.0139823 0.0210593 0.0297563 0.0397553 0.0503401 0.060368 0.0685472 0.0739064 0.076108 0.0754022 0.0723541 0.067595 0.0617024 0.0551611 0.0483503 0.0415444 0.0349331 0.028653 0.0228169 0.0175326 0.0129052 0.00902516 0.00594493 0.00365627
 0.00864139 0.0140335 0.0211076 0.0297779 0.0397197 0.0502187 0.0601443 0.0682258 0.073519 0.0757113 0.0750659 0.0721404 0.0675376 0.0617958 0.0553674 0.0486174 0.0418252 0.0351967 0.0288842 0.02301 0.0176852 0.0130169 0.00909836 0.00598577 0.00367392
 0.00864961 0.0140489 0.0211336 0.0298165 0.039768 0.0502645 0.0601643 0.0681899 0.0734011 0.0755031 0.0747864 0.0718352 0.0672666 0.0616138 0.0553054 0.0486744 0.0419734 0.0353952 0.0290942 0.0232035 0.0178465 0.01314 0.00918393 0.00603903 0.00370275
 0.00854514 0.0139044 0.0209631 0.0296489 0.039639 0.0502031 0.0601809 0.068272 0.0735171 0.0756119 0.0748501 0.0718313 0.0671965 0.0615037 0.0551972 0.0486088 0.0419746 0.035464 0.0292118 0.0233422 0.017981 0.0132532 0.00926845 0.00609533 0.00373601
 0.00859663 0.0139765 0.021051 0.0297435 0.0397324 0.0502963 0.0602859 0.0684063 0.0736898 0.0758109 0.0750389 0.0719603 0.0672226 0.0614088 0.0549962 0.0483438 0.041699 0.0352241 0.029034 0.0232306 0.0179232 0.0132304 0.00926359 0.0060969 0.00373824
 0.00851816 0.0138488 0.0208589 0.029474 0.0393793 0.0498663 0.0598063 0.067927 0.0732775 0.0755338 0.0749472 0.0720685 0.067503 0.0617998 0.0554235 0.0487456 0.0420416 0.0355027 0.0292614 0.0234221 0.0180874 0.0133683 0.00937266 0.00617603 0.00379017
 0.00852528 0.0138527 0.0208502 0.0294385 0.0393 0.0497289 0.0596039 0.0676643 0.0729729 0.0752197 0.0746667 0.0718679 0.0674195 0.0618483 0.0555897 0.0489906 0.0423168 0.0357669 0.0294912 0.0236113 0.0182398 0.0134893 0.0094659 0.00624395 0.00383576
 0.00845961 0.0137502 0.0207037 0.0292442 0.0390575 0.0494418 0.0592813 0.0673216 0.0726315 0.0749054 0.0744073 0.0716911 0.0673501 0.0619031 0.0557714 0.0492829 0.0426851 0.0361663 0.0298778 0.0239534 0.0185212 0.0137072 0.00962545 0.00635407 0.00390671
 0.00830182 0.0135279 0.0204325 0.028959 0.038802 0.0492506 0.0591667 0.0672713 0.0726179 0.0748989 0.0743882 0.071655 0.0673082 0.0618781 0.0557897 0.0493653 0.0428384 0.0363793 0.0301254 0.0242048 0.0187495 0.0138956 0.00976827 0.00645403 0.00397133
 0.00812 0.0132408 0.0200185 0.0284104 0.0381335 0.0485091 0.0584333 0.0666492 0.0722014 0.0747395 0.0744771 0.0719339 0.0676992 0.062314 0.0562303 0.0497966 0.0432614 0.0367966 0.030532 0.0245865 0.0190878 0.014175 0.00998159 0.006604 0.00406807
 0.0080849 0.0131598 0.0198531 0.0281116 0.0376568 0.0478366 0.057595 0.065728 0.0713186 0.074024 0.0740314 0.0718085 0.0678831 0.0627448 0.0568191 0.0504567 0.0439279 0.0374306 0.0311135 0.0251035 0.0195303 0.0145348 0.0102559 0.00679773 0.00419379
 0.00879351 0.0141681 0.0211026 0.0294523 0.0388829 0.0487488 0.0580545 0.0656812 0.0707943 0.0731184 0.0728888 0.0705953 0.0667546 0.0618135 0.0561369 0.0500181 0.0436895 0.0373363 0.0311129 0.0251588 0.0196145 0.0146278 0.0103426 0.00686863 0.00424506
 0.00956817 0.0153979 0.0228879 0.0318392 0.041822 0.0520493 0.0613633 0.0685279 0.0727159 0.0738115 0.0723058 0.0689343 0.0643653 0.05908 0.0533895 0.047489 0.0415075 0.0355453 0.0297003 0.0240834 0.0188254 0.0140731 0.00997243 0.00663638 0.00410931
 0.00939523 0.015246 0.022898 0.032221 0.0427973 0.0537592 0.0637816 0.0714283 0.0757096 0.0764398 0.0741525 0.0697283 0.0640426 0.0577861 0.0514189 0.0451907 0.0391945 0.0334406 0.0279251 0.022675 0.0177661 0.0133164 0.00946059 0.0063107 0.00391599
 0.00900179 0.0146351 0.0220416 0.0311375 0.041577 0.052586 0.0629292 0.0712037 0.076343 0.0779655 0.076354 0.0721885 0.0662814 0.0594156 0.0522481 0.0452455 0.0386629 0.0325794 0.0269731 0.0218009 0.0170569 0.0127937 0.00910576 0.00608762 0.00378613
 0.00891665 0.0144675 0.0217366 0.0306296 0.0408119 0.0515557 0.061707 0.0699601 0.0753248 0.0774381 0.0765175 0.0730962 0.0677963 0.0612359 0.0540032 0.0466199 0.0394904 0.032867 0.0268549 0.0214598 0.0166547 0.0124347 0.0088349 0.00590768 0.00367888
 0.00870291 0.0141448 0.0212952 0.0300717 0.0401444 0.0507818 0.0608273 0.0689881 0.0743121 0.076495 0.0758105 0.072811 0.0680717 0.0620962 0.0553241 0.0481561 0.0409585 0.0340424 0.0276355 0.0218687 0.016794 0.0124246 0.00876987 0.00584158 0.00363179
 0.0085828 0.0139452 0.0209881 0.0296325 0.039561 0.0500662 0.0600226 0.0681607 0.0735322 0.0758169 0.0752721 0.0724519 0.0679517 0.0622872 0.0558727 0.0490373 0.0420562 0.0351788 0.028635 0.0226193 0.0172724 0.0126782 0.00887604 0.00587123 0.00363182
 0.00851171 0.0138356 0.0208336 0.0294287 0.0393036 0.0497496 0.0596414 0.0677161 0.0730385 0.0753052 0.0747856 0.0720379 0.0676559 0.0621537 0.0559433 0.0493399 0.0425827 0.0358681 0.0293807 0.0233045 0.0178118 0.0130421 0.00908534 0.00597241 0.00367174
 0.00845486 0.0137442 0.0206984 0.0292427 0.0390645 0.0494622 0.0593192 0.0673785 0.0727052 0.0749903 0.0744974 0.0717842 0.067451 0.0620218 0.0559158 0.0494476 0.0428439 0.0362742 0.0298885 0.0238427 0.0183034 0.0134312 0.00935263 0.00613163 0.00375382
 0.0084525 0.0137271 0.0206482 0.029135 0.0388756 0.0491803 0.0589533 0.0669602 0.0722799 0.0746039 0.0741842 0.0715614 0.0673209 0.0619793 0.0559575 0.0495762 0.0430658 0.0365909 0.0302852 0.0242831 0.0187367 0.0138078 0.00964091 0.00632569 0.00386855
 0.00844523 0.0137179 0.0206382 0.0291243 0.0388599 0.0491474 0.0588828 0.0668295 0.0720755 0.0743316 0.0738721 0.0712521 0.0670568 0.0617912 0.0558598 0.0495715 0.043151 0.0367602 0.0305274 0.0245772 0.01905 0.0141027 0.00988606 0.00650531 0.00398436
 0.00847579 0.0137659 0.0207073 0.0292164 0.0389744 0.0492797 0.0590221 0.0669566 0.0721638 0.0743519 0.0738018 0.0710849 0.0668089 0.0614985 0.0555676 0.049322 0.0429743 0.0366714 0.0305276 0.0246544 0.0191812 0.0142581 0.0100359 0.0066282 0.00407141
 0.00834571 0.0135842 0.0204891 0.0289943 0.0387895 0.0491667 0.0589974 0.0670151 0.0722843 0.0745051 0.0739561 0.0712114 0.0668854 0.0615151 0.0555307 0.0492532 0.0429038 0.0366283 0.0305312 0.0247097 0.0192793 0.0143799 0.0101592 0.00673453 0.00415079
 0.00809242 0.0132097 0.0199962 0.0284139 0.0381765 0.0485907 0.0585311 0.0667226 0.0722061 0.074645 0.0742773 0.0716469 0.067359 0.0619615 0.0559084 0.0495473 0.0431224 0.0367937 0.0306696 0.0248421 0.0194148 0.014516 0.0102858 0.00684077 0.00423021
 0.00757814 0.0124332 0.0189407 0.0271089 0.0366966 0.0470477 0.057066 0.0654922 0.0713579 0.074282 0.0744303 0.0722676 0.0683372 0.0631556 0.0571772 0.0507755 0.0442332 0.0377504 0.0314668 0.0254925 0.0199371 0.0149269 0.0105983 0.00706627 0.00438192
#obs surv len freq
 nan nan nan nan nan nan nan nan nan nan nan nan nan nan nan nan nan nan nan nan nan nan nan nan nan
 0.00449014 0.007354 0.0111863 0.0160043 0.0217055 0.0279804 0.0342929 0.0400221 0.0446993 0.0481606 0.0505161 0.0520096 0.0528997 0.0534102 0.053723 0.0539768 0.0542545 0.0545467 0.0546851 0.0542769 0.0527151 0.0493478 0.0437985 0.0362798 0.027665
 0.00461668 0.00756389 0.0115095 0.0164699 0.0223346 0.0287741 0.0352221 0.0410243 0.0456887 0.0490461 0.0512185 0.0524738 0.0530989 0.0533451 0.0534169 0.0534678 0.0535869 0.0537636 0.0538259 0.0533791 0.051818 0.048495 0.0430355 0.0356452 0.0271799
 0.00478402 0.00783559 0.011918 0.0170459 0.0231018 0.0297408 0.0363703 0.0423039 0.0470198 0.0503293 0.0523494 0.0533568 0.0536598 0.0535402 0.053237 0.0529359 0.0527497 0.0526823 0.0525682 0.0520161 0.0504259 0.0471552 0.0418285 0.0346375 0.0264083
 0.00497019 0.00814139 0.012384 0.0177115 0.0239975 0.0308758 0.0377205 0.0438079 0.0485879 0.05186 0.0537425 0.0545196 0.0545095 0.0540078 0.0532748 0.0525253 0.0519062 0.0514538 0.0510307 0.050268 0.0485836 0.0453466 0.0401799 0.0332517 0.0253432
 0.00517692 0.00848064 0.0129006 0.0184497 0.0249926 0.0321413 0.0392341 0.0455056 0.0503721 0.0536169 0.0553599 0.0558973 0.0555622 0.0546651 0.0534806 0.0522407 0.051116 0.0501756 0.0493227 0.0482326 0.0463641 0.0431154 0.0381135 0.0314973 0.0239864
 0.00541047 0.00886117 0.0134751 0.0192627 0.0260787 0.0335123 0.0408652 0.0473303 0.0522901 0.0555119 0.0571169 0.0574126 0.0567473 0.0554467 0.0537991 0.0520498 0.0503854 0.0489006 0.0475378 0.0460266 0.043887 0.0405673 0.0357129 0.0294342 0.0223777
 0.00565411 0.00926028 0.0140813 0.0201259 0.0272372 0.0349778 0.0426073 0.0492716 0.0543182 0.0575015 0.0589496 0.0589876 0.057982 0.0562736 0.0541625 0.0519029 0.0496917 0.0476415 0.0457294 0.0437405 0.0412659 0.0378212 0.0330862 0.0271497 0.0205804
 0.00588758 0.00964514 0.0146705 0.0209723 0.0283839 0.0364415 0.0443619 0.0512418 0.0563899 0.0595434 0.0608352 0.060608 0.0592508 0.0571255 0.054548 0.0517821 0.0490316 0.0464204 0.0439525 0.0414645 0.0386206 0.0350127 0.0303668 0.0247596 0.0186837
 0.00614746 0.0100677 0.0153068 0.0218703 0.0295799 0.0379467 0.0461472 0.0532321 0.0584728 0.0615892 0.0627173 0.0622157 0.0604958 0.0579422 0.0548904 0.0516181 0.0483374 0.0451809 0.0421735 0.0391953 0.0359797 0.0321956 0.0276221 0.0223312 0.0167445
 0.0063758 0.0104461 0.0158892 0.0227112 0.0307226 0.0394055 0.0478905 0.0551775 0.0605009 0.0635685 0.0645257 0.0637523 0.0616816 0.0587176 0.0552122 0.0514553 0.0476682 0.0439935 0.0404752 0.0370323 0.0334603 0.0295009 0.0249858 0.0199876 0.0148638
 0.00661447 0.0108352 0.0164773 0.0235446 0.0318374 0.0408141 0.0495666 0.0570492 0.0624585 0.0654834 0.0662717 0.0652208 0.0627899 0.0594102 0.0554561 0.0512323 0.0469683 0.0428137 0.0388275 0.034962 0.0310677 0.0269514 0.0224944 0.0177712 0.0130819
 0.0068297 0.0111905 0.0170216 0.0243263 0.032894 0.0421563 0.0511629 0.0588218 0.0642957 0.0672625 0.067879 0.066562 0.0637924 0.0600225 0.0556458 0.0509833 0.0462757 0.041682 0.0372752 0.0330356 0.0288601 0.0246119 0.0202149 0.0157455 0.011453
 0.00706736 0.0115774 0.0176049 0.0251497 0.0339889 0.0435279 0.0527756 0.060594 0.0661104 0.0689897 0.0693985 0.0677783 0.0646404 0.060466 0.0556715 0.0505928 0.0454794 0.0404963 0.035727 0.0311748 0.0267743 0.0224353 0.0181163 0.0138933 0.00996999
 0.00729592 0.0119524 0.0181751 0.0259613 0.0350751 0.0448924 0.0543774 0.0623433 0.0678827 0.0706514 0.0708302 0.0688888 0.0653699 0.0607848 0.0555751 0.0500953 0.0446055 0.039277 0.0342008 0.0293964 0.0248277 0.02044 0.0162178 0.0122338 0.00865008
 0.0074311 0.0121804 0.0185339 0.0264921 0.0358148 0.0458606 0.0555625 0.0636961 0.0693211 0.0720739 0.072132 0.0699743 0.0661627 0.061233 0.0556532 0.0498012 0.0439553 0.0383 0.0329385 0.0279064 0.0231907 0.0187633 0.0146266 0.0108468 0.00754968
 0.00750736 0.0123031 0.0187169 0.0267504 0.0361643 0.0463181 0.0561423 0.064404 0.0701485 0.0729921 0.0730906 0.0709041 0.0669846 0.0618694 0.0560392 0.0498924 0.0437315 0.0377651 0.0321191 0.0268522 0.0219758 0.0174849 0.0133946 0.00976355 0.0066861
 0.00760449 0.0124507 0.0189202 0.0270077 0.0364689 0.0466614 0.056516 0.064803 0.0705717 0.0734431 0.0735728 0.071413 0.0674991 0.062348 0.0564245 0.0501223 0.0437525 0.0375437 0.0316496 0.0261598 0.0211167 0.0165413 0.0124618 0.00893104 0.00601652
 0.00769083 0.012591 0.0191302 0.0272997 0.0368467 0.0471138 0.0570129 0.0652987 0.0710183 0.073807 0.0738455 0.0716099 0.0676467 0.0624674 0.0565181 0.0501692 0.0437144 0.0373778 0.0313247 0.0256702 0.0204892 0.0158328 0.0117474 0.00828504 0.00549266
 0.00773359 0.0126565 0.019222 0.0274195 0.0369961 0.047295 0.0572283 0.0655472 0.0712913 0.0740869 0.0741088 0.0718353 0.0678233 0.0625967 0.0566085 0.050225 0.0437267 0.0373235 0.0311752 0.0254059 0.0201131 0.0153757 0.011262 0.00782985 0.00511409
 0.00776613 0.012705 0.0192867 0.0274979 0.0370834 0.0473862 0.0573199 0.0656388 0.0713863 0.0741907 0.0742265 0.0719671 0.067962 0.0627307 0.0567254 0.050315 0.043781 0.0373308 0.03112 0.0252735 0.019899 0.015094 0.0109454 0.00752016 0.00484842
 0.00782675 0.0127935 0.0194011 0.0276297 0.0372193 0.0475121 0.057424 0.0657138 0.0714302 0.0742077 0.0742267 0.0719634 0.0679668 0.0627503 0.0567585 0.0503531 0.0438114 0.0373389 0.0310913 0.0251956 0.0197665 0.014913 0.0107352 0.0073087 0.00466256
 0.00785167 0.0128344 0.0194628 0.0277154 0.0373287 0.0476382 0.0575523 0.0658243 0.0715043 0.0742353 0.0742104 0.0719174 0.0679105 0.0627018 0.0567291 0.0503451 0.0438184 0.0373481 0.0310869 0.0251634 0.0196977 0.0148081 0.0106053 0.00717208 0.00453847
 0.00786946 0.0128582 0.0194896 0.02774 0.0373458 0.0476462 0.0575542 0.0658267 0.0715126 0.0742504 0.0742275 0.0719302 0.0679156 0.0627016 0.0567303 0.0503549 0.0438394 0.0373763 0.0311125 0.0251741 0.0196834 0.0147654 0.010539 0.00709406 0.00446261
 0.00788541 0.0128804 0.0195157 0.027765 0.037363 0.0476484 0.0575367 0.0657888 0.0714593 0.0741919 0.0741764 0.0718969 0.0679047 0.0627115 0.056756 0.0503913 0.0438828 0.0374232 0.0311576 0.0252097 0.0197018 0.0147619 0.0105149 0.00705623 0.00442068
 0.0078826 0.0128753 0.019507 0.027751 0.0373415 0.0476172 0.0574942 0.0657348 0.0713957 0.0741236 0.0741116 0.0718457 0.0678769 0.0627132 0.0567877 0.0504477 0.0439555 0.0375028 0.0312352 0.0252773 0.0197527 0.0147922 0.0105245 0.00704946 0.00440468
 0.00787566 0.0128605 0.0194785 0.0277015 0.037265 0.0475121 0.0573659 0.0655957 0.0712622 0.0740109 0.0740306 0.0718021 0.0678723 0.0627466 0.0568559 0.0505451 0.0440735 0.0376309 0.031362 0.0253922 0.0198474 0.0148618 0.0105686 0.00707168 0.00441141
 0.00790427 0.0129011 0.0195282 0.0277533 0.0373083 0.0475354 0.0573592 0.065553 0.0711836 0.0739039 0.0739091 0.0716834 0.0677723 0.0626768 0.0568219 0.0505469 0.0441071 0.0376887 0.0314342 0.0254682 0.0199172 0.0149183 0.0106083 0.00709517 0.00442222
 0.0079029 0.0129003 0.0195295 0.0277581 0.0373172 0.047546 0.0573655 0.0655464 0.0711559 0.073851 0.0738336 0.0715946 0.0676842 0.0626037 0.0567751 0.0505327 0.0441257 0.0377352 0.0315001 0.025543 0.0199907 0.014982 0.0106571 0.00712805 0.00444136
 0.00788472 0.0128708 0.0194854 0.0276973 0.0372397 0.0474556 0.0572704 0.0654577 0.0710839 0.0738013 0.0738056 0.0715832 0.0676842 0.0626129 0.0567952 0.0505675 0.0441784 0.0378059 0.0315848 0.0256343 0.0200796 0.0150603 0.0107193 0.00717242 0.00446955
 0.0078428 0.0128025 0.0193827 0.0275534 0.0370516 0.0472272 0.0570158 0.0652011 0.0708554 0.0736296 0.0737103 0.0715712 0.0677485 0.0627372 0.0569596 0.0507539 0.0443732 0.0380001 0.031772 0.0258083 0.020234 0.0151894 0.0108198 0.00724419 0.00451625
 0.00782364 0.0127667 0.0193203 0.0274525 0.0369012 0.0470227 0.0567628 0.0649179 0.0705698 0.0733736 0.0735141 0.0714571 0.0677281 0.0628087 0.057109 0.0509593 0.0446101 0.0382466 0.0320108 0.0260274 0.0204249 0.0153468 0.0109413 0.00733125 0.00457345
 0.00780512 0.0127374 0.0192772 0.0273926 0.0368207 0.0469167 0.0566268 0.0647497 0.070373 0.0731605 0.0733054 0.071279 0.0676062 0.0627617 0.0571443 0.0510712 0.0447823 0.0384564 0.0322345 0.0262443 0.0206198 0.0155098 0.0110683 0.00742287 0.00463416
 0.00777509 0.0126862 0.0191961 0.0272728 0.0366565 0.0467091 0.0563868 0.0644969 0.0701307 0.0729487 0.0731375 0.0711627 0.0675466 0.0627642 0.0572133 0.0512067 0.044977 0.0386947 0.032495 0.0265037 0.0208573 0.0157109 0.0112257 0.00753645 0.00470941
 0.00773357 0.0126191 0.019096 0.0271329 0.0364722 0.0464803 0.0561201 0.064208 0.069843 0.0726892 0.0729317 0.0710291 0.0674945 0.0627934 0.0573173 0.051376 0.0452001 0.0389576 0.0327798 0.0267895 0.0211232 0.0159396 0.0114072 0.0076688 0.00479766
 0.00933116 0.0148538 0.0217897 0.0298961 0.0388174 0.0480027 0.0566403 0.0637985 0.0687452 0.0711913 0.0712794 0.0693929 0.0659769 0.0614488 0.0561691 0.0504282 0.0444447 0.0383793 0.0323581 0.0265001 0.0209389 0.0158325 0.0113518 0.00764424 0.00478919
 0.00931269 0.0151204 0.0227134 0.0319385 0.042328 0.0529472 0.0624286 0.0693809 0.0729853 0.0733143 0.0711278 0.0673681 0.0627622 0.0577183 0.0524208 0.0469563 0.0413888 0.0357864 0.0302277 0.0248071 0.0196438 0.0148853 0.0106946 0.00721529 0.00452808
 0.00896459 0.0145741 0.0219497 0.0310099 0.0414119 0.0523816 0.0626708 0.070844 0.07579 0.0771057 0.0751195 0.0706403 0.0646452 0.0580245 0.0514135 0.0451333 0.0392483 0.0336914 0.028382 0.023293 0.0184704 0.0140233 0.0100962 0.0068254 0.0042914
 0.00880774 0.0143049 0.0215192 0.0303671 0.0405236 0.0512674 0.0614464 0.0697494 0.0751678 0.0773052 0.0763398 0.0727843 0.067288 0.0605524 0.0532721 0.0460394 0.0392461 0.0330511 0.0274361 0.0223119 0.0176155 0.0133593 0.00962476 0.0065164 0.00410431
 0.00872737 0.0141707 0.0213096 0.0300569 0.0400858 0.0506794 0.0607017 0.0688757 0.0742487 0.0764944 0.0758513 0.0728369 0.0680087 0.0618824 0.0549451 0.0476689 0.0404828 0.0337177 0.0275614 0.0220648 0.0171997 0.0129338 0.00927628 0.00627024 0.00394969
 0.00870488 0.0141318 0.0212464 0.0299589 0.0399408 0.0504735 0.0604217 0.0685115 0.0737987 0.0759766 0.0753179 0.0723853 0.0677713 0.0619848 0.055441 0.0484888 0.0414403 0.0345815 0.0281549 0.0223301 0.0171934 0.0127711 0.00906802 0.00608733 0.00381937
 0.00868734 0.0141 0.0211923 0.0298732 0.0398146 0.0503019 0.060206 0.0682585 0.0735181 0.0756775 0.0750103 0.0720872 0.0675202 0.0618411 0.0554749 0.0487465 0.0419073 0.03517 0.0287327 0.0227776 0.0174525 0.0128562 0.00903924 0.0060115 0.00374328
 0.00870321 0.0141272 0.0212353 0.0299355 0.0398956 0.0503937 0.0602913 0.0683131 0.073517 0.0756033 0.0748581 0.0718666 0.0672542 0.0615666 0.0552409 0.0486065 0.0419009 0.0353012 0.0289602 0.0230292 0.0176573 0.0129752 0.00907413 0.00599133 0.00370202
 0.00869274 0.0141129 0.0212188 0.0299206 0.0398878 0.0503985 0.0603128 0.0683508 0.0735641 0.0756457 0.0748773 0.0718451 0.0671826 0.0614492 0.0550976 0.0484703 0.041809 0.0352818 0.029019 0.0231441 0.0177881 0.013083 0.00913829 0.0060131 0.00369657
 0.00866226 0.0140648 0.0211495 0.0298286 0.039775 0.0502721 0.0601856 0.0682405 0.0734886 0.0756174 0.0748972 0.0719023 0.0672572 0.0615195 0.0551485 0.0484995 0.041828 0.0353098 0.0290723 0.0232264 0.0178878 0.0131794 0.00921295 0.00605844 0.0037163
 0.00864044 0.014029 0.0210953 0.0297518 0.0396733 0.0501466 0.0600428 0.068093 0.0733537 0.075513 0.0748386 0.0718969 0.0673029 0.0616042 0.055254 0.0486075 0.0419269 0.0353977 0.0291547 0.0233099 0.0179733 0.0132608 0.00928126 0.0061072 0.00374508
 0.00864244 0.0140304 0.0210937 0.0297437 0.0396541 0.0501121 0.0599901 0.0680221 0.0732679 0.0754198 0.0747485 0.0718229 0.0672565 0.0615925 0.0552767 0.0486574 0.0419927 0.0354688 0.0292249 0.0233771 0.0180372 0.0133199 0.00933188 0.00614588 0.00377065
 0.00865171 0.0140461 0.0211182 0.029779 0.0397006 0.0501665 0.060045 0.0680663 0.0732894 0.0754097 0.074705 0.0717513 0.0671688 0.0615035 0.0552007 0.0486038 0.0419646 0.0354635 0.0292364 0.0233993 0.0180651 0.0133495 0.00935969 0.00616899 0.00378736
 0.00862541 0.0140077 0.0210686 0.0297222 0.039643 0.0501158 0.0600081 0.0680478 0.0732905 0.0754271 0.0747309 0.0717768 0.0671866 0.0615113 0.0552014 0.048604 0.041971 0.0354803 0.0292639 0.0234345 0.0181036 0.0133868 0.00939233 0.00619485 0.0038058
 0.00862136 0.013997 0.0210453 0.029679 0.0395744 0.0500219 0.0598978 0.0679377 0.0732001 0.0753717 0.0747171 0.0718007 0.0672371 0.0615748 0.0552663 0.0486636 0.042024 0.0355287 0.0293105 0.0234806 0.0181483 0.0134278 0.00942722 0.00622202 0.00382499
#pred catch len freq
 0.00510409 0.00804103 0.0116577 0.0158322 0.0204792 0.0255354 0.0308824 0.0363084 0.0415512 0.0463734 0.0506053 0.054153 0.0569893 0.0591285 0.0605812 0.0613108 0.06122 0.060171 0.0580205 0.0546469 0.0499703 0.0439977 0.0369086 0.0291427 0.0213891
 0.00542618 0.00844324 0.0120433 0.0160486 0.0203745 0.0250392 0.0300608 0.0353468 0.0406666 0.0457055 0.0501542 0.0537961 0.0565612 0.0585189 0.0598048 0.0605217 0.0606607 0.0600753 0.0585088 0.0556644 0.0513041 0.0453642 0.0380657 0.0299656 0.0218796
 0.00580406 0.00903157 0.0128719 0.0171056 0.0215848 0.0262483 0.031045 0.0358702 0.0405772 0.0450174 0.0490489 0.0525284 0.0553303 0.0573938 0.0587517 0.0594983 0.0597038 0.0593157 0.058107 0.0557122 0.0517592 0.0460617 0.0387954 0.0305628 0.0222748
 0.00610067 0.00950437 0.0135676 0.018065 0.0228375 0.0277982 0.0328421 0.0377802 0.0423705 0.0464039 0.0497636 0.0524329 0.05447 0.055967 0.0570101 0.0576527 0.0578958 0.0576514 0.0566941 0.0546517 0.051099 0.0457606 0.0387373 0.030612 0.0223318
 0.00638052 0.00994051 0.0141912 0.0188989 0.0239008 0.0291095 0.0344149 0.0396045 0.0443865 0.0484753 0.0516676 0.0538886 0.0552106 0.0558324 0.0560076 0.0559497 0.0557518 0.0553385 0.0544474 0.0526523 0.049465 0.0445362 0.0378925 0.0300661 0.021991
 0.00666652 0.010385 0.0148233 0.019735 0.0249472 0.0303654 0.0358718 0.0412436 0.0461752 0.0503601 0.0535602 0.0556479 0.0566369 0.0566935 0.0561013 0.0551784 0.0541696 0.0531427 0.0519213 0.0500916 0.0471172 0.042565 0.0363671 0.0289726 0.0212616
 0.00703049 0.0109416 0.0155965 0.0207276 0.0261459 0.0317493 0.0374152 0.0429128 0.0479244 0.0521316 0.0552859 0.0572466 0.0580064 0.0576998 0.0565825 0.0549753 0.0531817 0.0513845 0.0495464 0.0473646 0.0443474 0.0400305 0.0342579 0.0273691 0.0201459
 0.00746215 0.0116005 0.0165092 0.0218922 0.0275373 0.0333279 0.0391307 0.0447041 0.0497212 0.0538608 0.0568784 0.0586405 0.0591423 0.058511 0.0569833 0.0548591 0.05244 0.0499511 0.0474496 0.0447578 0.041492 0.0372332 0.0317896 0.0254006 0.0187254
 0.00794749 0.0123462 0.0175511 0.0232366 0.0291637 0.0351942 0.0411728 0.0468333 0.0518278 0.0558262 0.0585932 0.0600178 0.0601239 0.0590625 0.0570804 0.0544696 0.0515166 0.0484467 0.0453562 0.042154 0.0385669 0.0342615 0.0290627 0.0231442 0.0170445
 0.00831972 0.0129336 0.0184028 0.024388 0.0306329 0.0369747 0.043223 0.0490685 0.0541236 0.0580346 0.0605638 0.0616182 0.0612552 0.0596673 0.0571382 0.0539825 0.0504907 0.0468848 0.0432734 0.0396128 0.0357115 0.031321 0.0263069 0.0208087 0.0152635
 0.00870007 0.0135177 0.0192202 0.0254491 0.0319359 0.0385133 0.0449854 0.0510256 0.0562135 0.0601542 0.0625733 0.0633604 0.062583 0.0604689 0.0573511 0.0535907 0.049511 0.045352 0.0412376 0.0371549 0.0329676 0.0284927 0.0236356 0.0185166 0.0134897
 0.00905052 0.0140557 0.0199715 0.0264186 0.0331113 0.0398712 0.0464937 0.052643 0.0578898 0.0618311 0.0641824 0.0648189 0.0637915 0.06132 0.0577458 0.0534579 0.0488183 0.0441074 0.0394874 0.0349861 0.0305166 0.025947 0.0212136 0.0164201 0.0118507
 0.00939127 0.0145837 0.0207179 0.027396 0.0343131 0.0412721 0.0480469 0.0542787 0.0595212 0.0633682 0.0655464 0.0659492 0.0646432 0.061855 0.0579241 0.0532359 0.0481573 0.0429875 0.0379237 0.0330417 0.02831 0.0236482 0.0190202 0.0145146 0.0103539
 0.00981914 0.0152365 0.0216217 0.0285486 0.0356898 0.0428329 0.0497383 0.0560294 0.0612392 0.064947 0.0668795 0.0669479 0.0652514 0.0620531 0.057721 0.0526525 0.0472119 0.0416936 0.036301 0.031137 0.0262149 0.0215024 0.0169917 0.0127609 0.00897867
 0.0101863 0.015801 0.0224114 0.029569 0.0369262 0.0442535 0.0512941 0.0576513 0.0628401 0.0664292 0.0681456 0.0679112 0.0658453 0.0622393 0.0574933 0.0520327 0.0462388 0.0404112 0.0347552 0.0293837 0.0243346 0.0196081 0.0152183 0.0112355 0.00778517
 0.0103629 0.0160862 0.0228371 0.0301647 0.0377141 0.0452411 0.0524645 0.0589577 0.0642081 0.0677671 0.0693569 0.0689061 0.0665494 0.0626004 0.0574855 0.0516565 0.0455178 0.0393862 0.0334792 0.0279215 0.0227673 0.0180359 0.0137527 0.00997842 0.00680276
 0.0103586 0.0160972 0.0228882 0.0302935 0.0379663 0.0456604 0.0530804 0.0597748 0.0651997 0.068874 0.0704923 0.0699679 0.0674374 0.0632321 0.0578061 0.0516415 0.0451709 0.0387347 0.0325697 0.0268177 0.0215491 0.0167966 0.0125906 0.00897929 0.00602109
 0.01052 0.0163181 0.0231453 0.0305437 0.0381642 0.0457846 0.0531518 0.059855 0.0653672 0.0691909 0.0709791 0.0705945 0.0681312 0.0638964 0.0583427 0.0519699 0.0452402 0.0385284 0.0321043 0.0261385 0.0207251 0.0159126 0.0117358 0.00823103 0.00542938
 0.0107176 0.0166182 0.0235556 0.0310522 0.038737 0.046367 0.0536749 0.0602508 0.0655937 0.0692538 0.0709344 0.0705249 0.0681076 0.0639471 0.0584443 0.0520613 0.0452486 0.0383939 0.0317967 0.0256635 0.0201219 0.015245 0.0110772 0.00764781 0.00496516
 0.0106903 0.016592 0.0235505 0.0310987 0.0388688 0.0466081 0.0540262 0.0606827 0.0660489 0.0696622 0.0712356 0.0706911 0.0681542 0.0639224 0.0584021 0.0520313 0.0452227 0.0383343 0.0316585 0.0254183 0.0197717 0.0148226 0.010635 0.00724001 0.00463166
 0.0106858 0.0165741 0.0235052 0.0310106 0.0387302 0.0464307 0.0538474 0.0605593 0.0660363 0.0697886 0.0714874 0.0710175 0.0684899 0.0642146 0.0586273 0.0521932 0.0453351 0.0384026 0.0316724 0.0253602 0.0196322 0.0146123 0.0103843 0.00698862 0.00441417
 0.0108507 0.0168081 0.0237936 0.0313159 0.0390002 0.0466134 0.053907 0.0604871 0.0658554 0.0695507 0.0712587 0.070856 0.0684242 0.0642359 0.0586998 0.0522754 0.045397 0.0384294 0.0316584 0.0253018 0.0195274 0.0144662 0.0102125 0.00681452 0.00426086
 0.0109154 0.0169117 0.0239452 0.0315203 0.0392528 0.0468955 0.0541827 0.0607079 0.0659733 0.069537 0.0711176 0.0706264 0.0681661 0.0640084 0.05854 0.0521896 0.0453659 0.0384228 0.0316485 0.02527 0.0194656 0.0143756 0.0101028 0.00670066 0.00415832
 0.0107302 0.0166466 0.0236137 0.0311592 0.0389143 0.0466316 0.0540312 0.0606833 0.0660652 0.0697127 0.0713315 0.0708345 0.0683412 0.0641483 0.0586626 0.052318 0.045513 0.0385843 0.0318061 0.0254017 0.0195553 0.014418 0.0101039 0.00667407 0.00411984
 0.010642 0.0165028 0.023398 0.03086 0.0385315 0.0461855 0.0535676 0.0602691 0.0657704 0.0695875 0.0713884 0.0710463 0.0686537 0.0645014 0.0590095 0.0526345 0.0457947 0.0388356 0.0320292 0.0255919 0.0197043 0.0145204 0.0101612 0.00669561 0.00411873
 0.0106741 0.0165409 0.0234286 0.0308598 0.0384712 0.0460378 0.0533174 0.0599227 0.0653614 0.0691744 0.0710429 0.0708321 0.0686049 0.0646119 0.059239 0.052928 0.0461026 0.0391248 0.0322834 0.0258047 0.0198729 0.0146439 0.0102421 0.00674059 0.00413799
 0.0106872 0.0165625 0.0234607 0.0309021 0.0385185 0.0460764 0.0533243 0.0598695 0.0652238 0.0689455 0.0707426 0.0705071 0.0683175 0.0644196 0.0591754 0.0529928 0.046266 0.0393429 0.032514 0.0260173 0.0200502 0.0147793 0.0103362 0.00679907 0.00416954
 0.0106217 0.0164772 0.0233711 0.0308354 0.0385049 0.0461366 0.0534575 0.0600501 0.0654077 0.0690824 0.070791 0.0704473 0.0681597 0.0642025 0.0589542 0.0528201 0.0461745 0.039337 0.0325749 0.0261148 0.0201557 0.0148725 0.0104073 0.00684659 0.00419725
 0.010592 0.0164288 0.0232997 0.0307401 0.038393 0.0460274 0.0533823 0.060044 0.065494 0.0692568 0.0710165 0.0706655 0.0683124 0.0642549 0.0589063 0.0527035 0.0460365 0.0392212 0.0325063 0.0260964 0.0201741 0.0149088 0.0104453 0.00687699 0.00421732
 0.0105047 0.016292 0.0231033 0.0304783 0.0380659 0.0456434 0.0529627 0.0596268 0.0651324 0.0690098 0.0709322 0.0707625 0.0685696 0.0646159 0.0593005 0.0530708 0.0463451 0.0394686 0.0327076 0.0262684 0.0203256 0.0150395 0.0105509 0.0069548 0.00426887
 0.0104637 0.0162254 0.0230029 0.0303361 0.0378748 0.0453991 0.0526671 0.0592907 0.0647783 0.0686722 0.070655 0.0705914 0.0685395 0.0647377 0.0595534 0.0534083 0.0467106 0.0398149 0.0330077 0.0265154 0.0205238 0.0151956 0.01067 0.0070406 0.00432596
 0.0104092 0.0161419 0.0228865 0.0301855 0.0376902 0.0451811 0.0524165 0.0590109 0.064478 0.0683683 0.0703735 0.0703654 0.0684043 0.0647222 0.0596707 0.0536487 0.0470416 0.0401897 0.0333794 0.0268487 0.0208002 0.015411 0.0108285 0.00715066 0.00439728
 0.0101904 0.0158323 0.0225056 0.0297799 0.0373189 0.0448933 0.0522334 0.0589226 0.064454 0.068374 0.0703831 0.0703693 0.06841 0.0647503 0.059747 0.0537935 0.0472606 0.0404697 0.0336916 0.0271587 0.0210782 0.0156386 0.0110003 0.00727045 0.00447449
 0.00993979 0.0154521 0.0219858 0.0291338 0.0365847 0.0441324 0.0515255 0.0583535 0.0640949 0.068258 0.0704948 0.0706543 0.0687994 0.0651854 0.0601929 0.0542383 0.0477054 0.0409156 0.0341313 0.0275748 0.0214489 0.0159458 0.0112354 0.00743597 0.00458138
 0.00994027 0.015429 0.0219069 0.0289544 0.0362592 0.0436336 0.0508634 0.0575844 0.0633134 0.0675767 0.0700151 0.0704393 0.0688579 0.0654749 0.0606402 0.0547672 0.0482573 0.0414549 0.0346388 0.0280374 0.0218541 0.0162817 0.0114953 0.00762169 0.00470293
