SBPRF35
7.78865
Curr Bio
612882
B35
708522
F35
0.229881
FOFL
0.206865
OFL
99652.5
Bzero
2.22533e+06
#pred survey bio
 4.48645e+06 4.21347e+06 3.9654e+06 3.67496e+06 3.36454e+06 3.04122e+06 2.74591e+06 2.44577e+06 2.14811e+06 1.89266e+06 1.6533e+06 1.47301e+06 1.29192e+06 1.13014e+06 996818 884982 798565 736793 701941 677975 655638 626651 622540 606825 609751 604497 589214 589998 583133 574606 575947 580507 581340 576928 566285 543865 537287 525525 526912 527441 539677 539434 540847 539314 545218 550313 555215 556781 571677 587473 611177 2.23721e+07 1.36477e+07 1.39454e+07 1.4425e+07 1.499e+07 1.55363e+07 1.60102e+07 1.63951e+07 1.66945e+07 1.6921e+07 1.70896e+07 1.72138e+07 1.73049e+07 1.73718e+07 1.74209e+07 1.74572e+07 1.74842e+07 1.75043e+07 1.75194e+07 1.75307e+07 1.75393e+07 1.75459e+07 1.75509e+07 1.75547e+07 1.75576e+07 1.75598e+07 1.75616e+07 1.75629e+07 1.75639e+07 1.75647e+07 1.75653e+07 1.75658e+07 1.75661e+07 1.75664e+07 1.75666e+07 1.75668e+07 1.75669e+07 1.7567e+07 1.75671e+07 1.75672e+07 1.75672e+07 1.75672e+07 1.75673e+07 1.75673e+07 1.75673e+07 1.75673e+07 1.75673e+07 1.75673e+07 1.75673e+07 1.75674e+07 1.75674e+07 1.75674e+07 1.75674e+07 1.75674e+07 1.75674e+07 1.75674e+07 1.75674e+07 1.75674e+07 1.75674e+07 1.75674e+07 1.75674e+07 1.75674e+07 1.75674e+07 1.75674e+07 1.75674e+07 1.75674e+07 1.75674e+07 1.75674e+07 1.75674e+07 1.75674e+07 1.75674e+07 1.75674e+07 1.75674e+07 1.75674e+07 1.75674e+07 1.75674e+07 1.75674e+07 1.75674e+07 1.75674e+07 1.75674e+07 1.75674e+07 1.75674e+07 1.75674e+07 1.75674e+07 1.75674e+07 1.75674e+07 1.75674e+07 1.75674e+07 1.75674e+07 1.75674e+07 1.75674e+07 1.75674e+07 1.75674e+07 1.75674e+07 1.75674e+07 1.75674e+07 1.75674e+07 1.75674e+07 1.75674e+07 1.75674e+07 0 0 0 0 0 0 0 0 0 0 0 0 0 0 0 0 0 0 0 0 0 0 0 0 0
#obs survey bio
 3.94308e+06 3.04106e+06 3.75172e+06 3.091e+06 2.10461e+06 2.76842e+06 1.80942e+06 1.89748e+06 2.00341e+06 1.52679e+06 1.36996e+06 1.52319e+06 833764 755471 945990 732165 887582 663308 666832 732519 722573 535508 600024 824987 481342 494357 542445 737014 547171 509289 506213 531994 489146 557187 642073 508570 723960 619720 877434 691508 540512 500507 509883 565152 818034 662694 552411 477956 429216 643218 585852
#pred catch bio
 92105.2 88254.1 152522 201458 247509 256011 291677 317550 303180 307713 269903 281292 270675 248644 230312 206464 181463 154577 142248 137645 139601 116095 124390 107456 113206 118848 102086 105843 105218 96024.9 93053.8 95325 97079.2 97794.7 102390 85930.4 91717.9 83384.7 85646.3 76152.2 87181.8 86294.4 89514.8 84202.7 86503.6 88869.4 94242.7 86392.1 90513.5 89339.6 90057.9 99652.5 110848 112171 114782 118447 122145 125315 127797 129633 130937 131834 132438 132837 133097 133265 133372 133440 133483 133510 133527 133537 133544 133548 133550 133552 133553 133553 133554 133554 133554 133554 133554 133554 133554 133554 133554 133554 133554 133554 133554 133554 133554 133554 133554 133554 133554 133554 133554 133554 133554 133554 133554 133554 133554 133554 133554 133554 133554 133554 133554 133554 133554 133554 133554 133554 133554 133554 133554 133554 133554 133554 133554 133554 133554 133554 133554 133554 133554 133554 133554 133554 133554 133554 133554 133554 133554 133554 133554 133554 133554 133554 133554 133554 133554 133554 133554 133554 133554 133554 133554 0 0 0 0 0 0 0 0 0 0 0 0 0 0 0 0 0 0 0 0 0 0 0 0 0
#obs catch bio
 0 87972.1 153102 202311 249650 258830 296391 323164 308911 314775 275036 287632 278711 255319 236637 212633 186336 156929 144307 139290 141392 117134 125809 108039 114701 120150 102724 105873 105237 96493.2 93393.3 95991.8 98120.5 98033.2 102484 85689.3 91201 82692.4 84731.2 75121.1 85862.4 85295.4 88775.2 83451.3 85591.5 88078 93978.4 86100.7 90471.6 89474.8 90029.6
#pred cpue bio
 4.39954e+06 4.12942e+06 3.88361e+06 3.59458e+06 3.28579e+06 2.96406e+06 2.67038e+06 2.37266e+06 2.07784e+06 1.825e+06 1.58844e+06 1.41012e+06 1.23167e+06 1.07276e+06 942240 833101 749329 690226 657258 634658 613693 586243 582531 567575 570565 565948 551917 553518 547570 539460 540712 545240 546489 543221 534310 513780 507371 494629 494867 495450 507667 507465 508540 506793 512244 516782 520885 521676 535184 549285 571035 2.0925e+07 1.2783e+07 1.30371e+07 1.34447e+07 1.39796e+07 1.45184e+07 1.49909e+07 1.53754e+07 1.56748e+07 1.59013e+07 1.60699e+07 1.61941e+07 1.62852e+07 1.63521e+07 1.64012e+07 1.64375e+07 1.64645e+07 1.64846e+07 1.64997e+07 1.6511e+07 1.65196e+07 1.65262e+07 1.65312e+07 1.6535e+07 1.65379e+07 1.65401e+07 1.65419e+07 1.65432e+07 1.65442e+07 1.6545e+07 1.65456e+07 1.65461e+07 1.65464e+07 1.65467e+07 1.65469e+07 1.65471e+07 1.65472e+07 1.65473e+07 1.65474e+07 1.65475e+07 1.65475e+07 1.65475e+07 1.65476e+07 1.65476e+07 1.65476e+07 1.65476e+07 1.65476e+07 1.65476e+07 1.65476e+07 1.65477e+07 1.65477e+07 1.65477e+07 1.65477e+07 1.65477e+07 1.65477e+07 1.65477e+07 1.65477e+07 1.65477e+07 1.65477e+07 1.65477e+07 1.65477e+07 1.65477e+07 1.65477e+07 1.65477e+07 1.65477e+07 1.65477e+07 1.65477e+07 1.65477e+07 1.65477e+07 1.65477e+07 1.65477e+07 1.65477e+07 1.65477e+07 1.65477e+07 1.65477e+07 1.65477e+07 1.65477e+07 1.65477e+07 1.65477e+07 1.65477e+07 1.65477e+07 1.65477e+07 1.65477e+07 1.65477e+07 1.65477e+07 1.65477e+07 1.65477e+07 1.65477e+07 1.65477e+07 1.65477e+07 1.65477e+07 1.65477e+07 1.65477e+07 1.65477e+07 1.65477e+07 1.65477e+07 1.65477e+07 1.65477e+07 1.65477e+07 1.65477e+07 0 0 0 0 0 0 0 0 0 0 0 0 0 0 0 0 0 0 0 0 0 0 0 0 0
#obs cpue bio
 6.25331e+06 2.82998e+06 4.83094e+06 3.05e+06 3.11561e+06 1.67295e+06 2.97777e+06 3.17646e+06 1.51571e+06 1.73879e+06 1.55338e+06 1.13373e+06 952433 1.30160e+06 695690 580128 500994 912005 553399 560320 509416 530158 585442 413075 415545 795981 552730 741523 590325 372134 624558 441880 444421 967146 607959 581478 639774 517048 483556 506747 792944 449348 510964 544424 468437 412625 380414 572640 631285 398386 684893
#pred surv len freq
 0.00465247 0.00751608 0.011248 0.0158256 0.0211637 0.0270505 0.0331031 0.0388392 0.0438412 0.0478873 0.050962 0.0531842 0.054729 0.055771 0.0564406 0.056797 0.0568263 0.0564538 0.0555432 0.0538697 0.0511039 0.0468838 0.0410105 0.0336866 0.0256113
 0.00495826 0.00793942 0.0117538 0.0163486 0.021644 0.0274794 0.0335449 0.0394009 0.0445992 0.0488131 0.0519007 0.0539044 0.0550187 0.0555273 0.0557113 0.0557597 0.0557198 0.0554901 0.0548348 0.0534023 0.0507688 0.046551 0.0406013 0.0332053 0.0251228
 0.00510275 0.00820431 0.0122026 0.0170449 0.022621 0.0287026 0.0348966 0.0407116 0.0457196 0.0496798 0.0525407 0.0543717 0.0553155 0.0555766 0.0554053 0.0550444 0.054651 0.0542215 0.0535488 0.0522316 0.0497568 0.0456698 0.0398064 0.0324815 0.0244926
 0.00534054 0.00856852 0.0127131 0.0177158 0.0234705 0.0297598 0.0361913 0.0422429 0.047419 0.0513991 0.0540848 0.0555647 0.056054 0.0558341 0.0551938 0.0543806 0.0535597 0.0527675 0.0518532 0.0504487 0.0480275 0.0440892 0.0384244 0.0313234 0.0235739
 0.00559155 0.00897437 0.0133188 0.0185596 0.0245749 0.0311202 0.0377684 0.0439674 0.0492081 0.0531694 0.0557498 0.0570196 0.0571728 0.0564914 0.0552986 0.0538971 0.0525074 0.0512124 0.0499043 0.048255 0.0457622 0.0419221 0.0364939 0.029721 0.0223398
 0.00581388 0.00933954 0.0138764 0.0193607 0.0256651 0.0325266 0.0394819 0.04593 0.0513145 0.0552828 0.0577252 0.058725 0.0584983 0.057346 0.0556056 0.0535976 0.0515743 0.0496676 0.0478303 0.0457958 0.0431123 0.0393001 0.0341055 0.0277204 0.0208045
 0.00602554 0.00967821 0.0143775 0.0200579 0.0265895 0.033703 0.0409202 0.0476151 0.0531972 0.0572769 0.0597114 0.0605626 0.0600438 0.0584714 0.0562092 0.0536058 0.0509429 0.048389 0.0459503 0.0434289 0.0404446 0.0365684 0.0315545 0.0255497 0.0191262
 0.00627623 0.0100806 0.0149739 0.0208854 0.0276749 0.0350548 0.042519 0.0494093 0.0551092 0.059215 0.0615794 0.0622627 0.0614752 0.0595322 0.0568019 0.0536463 0.0503695 0.0471738 0.0441144 0.041062 0.0377157 0.0337153 0.0288424 0.0232101 0.0173008
 0.00656787 0.0105478 0.0156648 0.0218418 0.0289267 0.0366099 0.0443504 0.0514472 0.0572451 0.0613185 0.0635185 0.0639214 0.0627627 0.0603825 0.0571661 0.0534827 0.0496407 0.0458549 0.0422131 0.0386451 0.0349299 0.0307848 0.0260328 0.0207653 0.0153794
 0.00686638 0.0110205 0.0163537 0.0227798 0.0301353 0.0380933 0.0460866 0.0533796 0.0592827 0.0633445 0.0654045 0.065543 0.0640135 0.0611844 0.0574706 0.0532644 0.0488867 0.0445609 0.0403935 0.0363565 0.032296 0.0280035 0.0233491 0.0184131 0.013518
 0.00721466 0.0115735 0.0171614 0.0238805 0.0315491 0.039813 0.0480658 0.055528 0.0614747 0.0654392 0.0672667 0.0670567 0.0650894 0.0617628 0.0575211 0.0527814 0.0478816 0.0430564 0.0384266 0.0339936 0.0296542 0.0252605 0.0207247 0.0161204 0.011704
 0.00744837 0.0119528 0.0177316 0.0246846 0.0326212 0.0411672 0.0496824 0.057345 0.0633921 0.0673328 0.0690064 0.0685224 0.0661831 0.062415 0.0576922 0.0524576 0.0470693 0.0417781 0.0367227 0.0319324 0.0273457 0.0228631 0.0184298 0.0141125 0.0101116
 0.00769464 0.0123558 0.0183434 0.0255563 0.0337942 0.0426579 0.0514653 0.0593426 0.0654802 0.0693591 0.0708139 0.0699719 0.0671701 0.0628795 0.0576182 0.0518644 0.0459984 0.0402833 0.0348679 0.0297986 0.0250433 0.0205367 0.0162463 0.0122279 0.00863029
 0.00796317 0.0127827 0.0189688 0.026414 0.0349087 0.0440386 0.0530953 0.0611685 0.0674079 0.0712605 0.072542 0.0713813 0.0681398 0.0633305 0.057522 0.0512386 0.0448948 0.0387743 0.0330377 0.027743 0.0228755 0.0183903 0.0142653 0.0105403 0.00731664
 0.00821875 0.0131886 0.0195621 0.027223 0.0359493 0.0453069 0.0545598 0.0627659 0.0690489 0.0728422 0.0739597 0.0725367 0.0689465 0.0637213 0.0574568 0.0507113 0.0439337 0.0374371 0.0314045 0.0259113 0.020958 0.0165116 0.0125505 0.00909448 0.00620107
 0.00830862 0.01336 0.0198667 0.0277243 0.0367073 0.0463544 0.0558795 0.0642832 0.0706455 0.0743823 0.0753165 0.0736092 0.0696657 0.0640495 0.0573826 0.0502443 0.0431019 0.0362867 0.0300007 0.0243384 0.0193167 0.0149131 0.0111031 0.00788454 0.00527515
 0.00834125 0.0134138 0.0199514 0.0278564 0.0369144 0.0466781 0.0563706 0.0649852 0.07157 0.0754878 0.0765055 0.0747483 0.070621 0.0647173 0.0577045 0.0502048 0.0427178 0.0355965 0.0290602 0.0232195 0.0181068 0.0137091 0.00999957 0.00695662 0.00456364
 0.00850803 0.013646 0.0202294 0.0281385 0.037151 0.0468339 0.0564435 0.0650131 0.0716207 0.0756373 0.0768097 0.0752191 0.0712141 0.0653415 0.0582478 0.0505665 0.0428317 0.0354398 0.0286498 0.022604 0.0173576 0.0129109 0.00923679 0.00629847 0.00405094
 0.00855814 0.0137278 0.0203509 0.0283017 0.0373449 0.0470277 0.0565878 0.0650543 0.0715287 0.0754315 0.0765648 0.0750409 0.0711962 0.0655244 0.0586017 0.0510035 0.0432391 0.035717 0.0287353 0.0224851 0.0170662 0.0125089 0.00879781 0.00588911 0.00371637
 0.00853211 0.0136903 0.020304 0.0282514 0.0373009 0.0470008 0.0565855 0.0650755 0.0715592 0.0754471 0.0765437 0.0749822 0.0711303 0.0655053 0.0586798 0.0511961 0.0435155 0.0360089 0.0289643 0.0225937 0.0170355 0.01236 0.00857811 0.00565285 0.003507
 0.00856731 0.0137361 0.0203519 0.0282873 0.0373097 0.0469742 0.0565272 0.0650011 0.0714896 0.0753983 0.0765195 0.0749741 0.071126 0.0655004 0.0586856 0.0512339 0.043601 0.0361361 0.0291024 0.0226997 0.0170748 0.012322 0.00847859 0.00552341 0.00338003
 0.00874511 0.0140023 0.0207092 0.028721 0.0377891 0.0474569 0.0569648 0.065345 0.0717005 0.0754564 0.0764294 0.0747603 0.0708232 0.0651443 0.0583092 0.0508682 0.0432742 0.035868 0.0288977 0.0225454 0.0169481 0.0122024 0.00835762 0.00540559 0.00327627
 0.0087173 0.0139621 0.0206576 0.0286611 0.0377242 0.0473875 0.0568878 0.0652556 0.0715974 0.0753458 0.0763264 0.074685 0.0707937 0.0651695 0.0583859 0.0509836 0.0434116 0.0360121 0.0290358 0.0226664 0.0170415 0.0122607 0.0083798 0.00539877 0.00325289
 0.00879021 0.0140743 0.0208147 0.028864 0.0379688 0.0476646 0.0571811 0.0655407 0.0718419 0.0755144 0.0763896 0.074629 0.0706263 0.0649192 0.0580935 0.05069 0.0431475 0.0357943 0.028868 0.0225434 0.0169529 0.0121948 0.00832717 0.00535423 0.00321535
 0.00860844 0.0138069 0.0204646 0.0284527 0.037531 0.0472393 0.0568045 0.0652443 0.0716521 0.07545 0.0764569 0.0748171 0.0709073 0.0652551 0.0584463 0.0510304 0.0434587 0.0360691 0.0291044 0.0227401 0.017109 0.0123103 0.00840464 0.00539963 0.00323719
 0.00844991 0.0135651 0.0201314 0.0280342 0.0370487 0.0467302 0.0563193 0.0648405 0.071381 0.0753428 0.076516 0.0750198 0.0712164 0.0656294 0.0588476 0.0514267 0.0438261 0.036393 0.0293781 0.022963 0.0172832 0.0124394 0.00849386 0.00545577 0.00326852
 0.0083921 0.013472 0.0199934 0.0278437 0.0368032 0.0464358 0.0559946 0.064517 0.0710988 0.0751408 0.0764223 0.0750443 0.0713492 0.0658453 0.0591139 0.0517115 0.0441038 0.0366458 0.0295962 0.0231423 0.0174239 0.0125442 0.00856708 0.00550301 0.0032961
 0.00840992 0.0134678 0.0199263 0.0276564 0.0364384 0.0458617 0.0552275 0.0636274 0.0701968 0.0743491 0.0758482 0.074759 0.0713769 0.066162 0.0596567 0.0523953 0.0448407 0.0373613 0.0302376 0.02368 0.0178479 0.012859 0.00878655 0.0056457 0.00338191
 0.00855444 0.0136856 0.0202195 0.0280084 0.0368094 0.0461875 0.0554251 0.0636129 0.0699158 0.0738062 0.0751183 0.0739685 0.0706644 0.0656376 0.0593764 0.0523579 0.0450001 0.0376481 0.0305798 0.0240186 0.0181439 0.0130936 0.00895696 0.0057595 0.00345165
 0.00860744 0.0137819 0.0203824 0.0282636 0.0371756 0.0466621 0.0559707 0.064154 0.0703501 0.0740312 0.0750629 0.0736202 0.0700792 0.0649261 0.0586707 0.0517709 0.0445971 0.0374389 0.030531 0.0240754 0.0182512 0.0132093 0.00905606 0.00583253 0.00349924
 0.00857221 0.0137241 0.0202958 0.0281461 0.0370343 0.0465187 0.0558619 0.064122 0.0704238 0.074206 0.0752933 0.0738326 0.0702013 0.0649182 0.0585428 0.0515765 0.0444086 0.0373166 0.0305028 0.0241336 0.0183646 0.0133406 0.00917604 0.00592553 0.00356227
 0.00835315 0.0134069 0.0198902 0.0276854 0.0365649 0.0460846 0.0554947 0.0638424 0.0702499 0.0741584 0.0753887 0.0740693 0.0705474 0.0653146 0.058923 0.0518931 0.044649 0.0375002 0.030662 0.0242932 0.0185306 0.013503 0.00931886 0.00603705 0.00363949
 0.00802593 0.0129151 0.0192268 0.0268746 0.0356613 0.0451659 0.0546532 0.0631716 0.0698263 0.0740219 0.0755346 0.0744562 0.0711145 0.065995 0.0596498 0.0526038 0.0452936 0.0380502 0.0311133 0.0246587 0.0188274 0.013743 0.00950715 0.00617611 0.00373393
 0.00774511 0.0124743 0.0185941 0.0260358 0.034627 0.0439818 0.0534075 0.061992 0.0688571 0.0733892 0.075314 0.0746571 0.0716851 0.0668419 0.0606621 0.0536741 0.0463319 0.0389913 0.0319192 0.0253167 0.0193437 0.0141337 0.00979137 0.0063728 0.00386149
 0.00769286 0.0123644 0.0183828 0.0256668 0.034046 0.0431591 0.0523604 0.060795 0.0676333 0.0722875 0.0744788 0.0741998 0.0716601 0.0672368 0.0614033 0.054648 0.0474127 0.0400654 0.0329009 0.0261538 0.0200154 0.0146431 0.0101566 0.00661965 0.00401757
 0.0083759 0.0133344 0.0195801 0.0269417 0.0351927 0.0439754 0.0527018 0.0606 0.0669243 0.0711601 0.0730866 0.0727306 0.070303 0.0661453 0.0606681 0.054286 0.0473761 0.040265 0.0332346 0.0265309 0.0203704 0.0149394 0.0103817 0.00677693 0.00411907
 0.00890974 0.0141767 0.0207923 0.0285424 0.0371294 0.0460949 0.0547393 0.0622173 0.0678034 0.0711149 0.0721303 0.0710622 0.0682304 0.0639915 0.0586993 0.0526757 0.0461973 0.0395047 0.0328204 0.0263633 0.0203515 0.0149913 0.0104534 0.00684161 0.00416692
 0.00881854 0.0141285 0.0209049 0.0289871 0.038086 0.0476766 0.0569189 0.0647938 0.0704271 0.0733632 0.0736125 0.0715248 0.0676271 0.0624901 0.0566196 0.0503862 0.0440181 0.0376483 0.0313798 0.025334 0.0196693 0.0145695 0.0102089 0.0067084 0.00409879
 0.00850162 0.0136411 0.0202312 0.0281521 0.0371751 0.0468498 0.0564047 0.064839 0.0712037 0.0748695 0.075629 0.0736623 0.0694519 0.0636675 0.0570107 0.050064 0.0432071 0.0366258 0.0303848 0.0245153 0.0190802 0.0141929 0.00999373 0.00659834 0.00404853
 0.00849642 0.0135942 0.0200902 0.0278468 0.0366392 0.0460577 0.0554073 0.0637819 0.0703105 0.0743883 0.0757525 0.0744457 0.0707682 0.0652311 0.0584734 0.0511391 0.0437611 0.0366964 0.0301272 0.0241172 0.018691 0.0138929 0.00980037 0.00649225 0.00399903
 0.00854092 0.0136474 0.020132 0.0278392 0.0365268 0.0457749 0.0548944 0.0630103 0.0693143 0.073288 0.07475 0.0737775 0.0706242 0.0656744 0.0594026 0.0523204 0.0449183 0.0376136 0.0307116 0.0243978 0.018767 0.0138715 0.00975673 0.00646083 0.00398558
 0.00861644 0.0137784 0.0203426 0.0281519 0.0369502 0.0462872 0.05543 0.0634619 0.069557 0.0732205 0.0743385 0.0730832 0.0697991 0.0649174 0.0588882 0.0521302 0.0450137 0.0378661 0.0309725 0.0245651 0.0188133 0.0138279 0.00967537 0.00638299 0.00393024
 0.00862969 0.0138029 0.0203861 0.0282262 0.0370721 0.0464759 0.0557009 0.063814 0.0699594 0.0736055 0.0746115 0.073154 0.0696225 0.0645231 0.0583781 0.0516401 0.0446552 0.0376822 0.0309318 0.0245944 0.018844 0.0138257 0.00964122 0.00633573 0.00388773
 0.00869934 0.0139069 0.0205255 0.0283968 0.0372666 0.046688 0.0559279 0.0640568 0.0702186 0.0738742 0.0748674 0.073355 0.0697134 0.064456 0.0581392 0.0512653 0.0442219 0.0372772 0.030615 0.0243804 0.0187104 0.0137383 0.00957494 0.0062808 0.00384417
 0.0088023 0.0140529 0.0207057 0.0285891 0.0374417 0.0468195 0.056001 0.0640729 0.0701935 0.0738337 0.0748392 0.0733576 0.0697468 0.0644977 0.0581519 0.0512158 0.0441001 0.037103 0.0304273 0.0242161 0.0185884 0.0136572 0.00952252 0.00624521 0.0038187
 0.00892788 0.014248 0.0209811 0.0289455 0.0378658 0.0472807 0.056451 0.0644517 0.0704457 0.0739269 0.0747755 0.0731711 0.0694874 0.0642118 0.0578681 0.0509413 0.0438295 0.0368313 0.0301603 0.0239698 0.0183803 0.0134971 0.00940948 0.00617074 0.0037722
 0.0089907 0.0143552 0.0211518 0.0291996 0.0382189 0.0477351 0.0569863 0.0650216 0.070983 0.0743577 0.0750374 0.0732295 0.0693451 0.063906 0.0574566 0.0504835 0.0433709 0.0363993 0.029769 0.0236277 0.0180947 0.0132726 0.00924527 0.00605966 0.0037028
 0.00921285 0.0146813 0.021578 0.029702 0.0387628 0.0482893 0.0575314 0.0655467 0.0714739 0.0747854 0.0753564 0.073388 0.0693025 0.0636503 0.0570113 0.0499022 0.0427219 0.0357477 0.0291646 0.0231016 0.0176619 0.0129364 0.00900015 0.00589321 0.00359835
 0.00937418 0.0149264 0.0219136 0.0301198 0.0392383 0.0487832 0.0579944 0.0659291 0.0717406 0.0749287 0.0753957 0.0733539 0.069216 0.0635114 0.0568056 0.0496174 0.0423621 0.0353374 0.0287404 0.0227008 0.017313 0.012655 0.00878969 0.00574761 0.00350561
 0.00937983 0.0149587 0.0220042 0.0303104 0.0395674 0.0492658 0.0586054 0.0666008 0.0723791 0.075442 0.0757196 0.0734668 0.0691365 0.0632828 0.0564758 0.0492238 0.0419295 0.0348842 0.0282871 0.0222721 0.0169333 0.0123427 0.00855217 0.00558125 0.00339876
 0.00897099 0.0143748 0.021277 0.0295251 0.0388448 0.0487293 0.0583494 0.066672 0.072769 0.0760885 0.0765183 0.0742947 0.0698832 0.0638756 0.0568879 0.0494655 0.0420301 0.0348774 0.0282041 0.0221417 0.0167825 0.0121953 0.00842564 0.00548462 0.00333268
#obs surv len freq
 nan nan nan nan nan nan nan nan nan nan nan nan nan nan nan nan nan nan nan nan nan nan nan nan nan
 0.00447916 0.00733816 0.0111662 0.0159817 0.0216828 0.0279601 0.0342765 0.0400102 0.0446918 0.0481572 0.0505162 0.0520129 0.0529059 0.0534188 0.0537335 0.0539887 0.0542675 0.0545604 0.0546992 0.0542911 0.0527291 0.0493609 0.0438102 0.0362895 0.0276723
 0.00461387 0.00755737 0.0114962 0.0164463 0.0222979 0.0287244 0.0351634 0.0409644 0.0456365 0.0490083 0.0511981 0.0524698 0.053108 0.0533638 0.0534421 0.0534975 0.0536195 0.0537982 0.0538619 0.0534155 0.0518537 0.0485287 0.0430655 0.0356701 0.0271989
 0.00477615 0.00782374 0.0119018 0.017025 0.0230757 0.029708 0.0363288 0.0422525 0.0469596 0.0502652 0.0522898 0.0533104 0.053633 0.0535352 0.0532521 0.0529667 0.0527917 0.0527316 0.0526219 0.0520719 0.0504814 0.0472077 0.0418755 0.0346765 0.0264381
 0.00496911 0.00813875 0.0123784 0.0177014 0.0239813 0.030853 0.0376916 0.0437743 0.0485508 0.0518198 0.0536996 0.0544758 0.054469 0.0539765 0.0532584 0.052527 0.0519256 0.0514881 0.0510756 0.0503192 0.048637 0.0453985 0.0402268 0.0332909 0.0253733
 0.00517334 0.00847479 0.0128917 0.0184368 0.0249748 0.0321177 0.0392041 0.0454693 0.0503309 0.0535729 0.0553158 0.0558555 0.0555249 0.0546347 0.0534602 0.0522339 0.0511257 0.0502031 0.0493661 0.0482879 0.046426 0.043178 0.0381714 0.0315462 0.0240242
 0.00540709 0.00885553 0.0134663 0.0192499 0.0260611 0.0334895 0.0408373 0.0472982 0.052255 0.055475 0.0570796 0.0573764 0.0567139 0.0554181 0.0537778 0.0520385 0.0503872 0.0489177 0.0475711 0.0460744 0.043945 0.0406293 0.0357724 0.0294857 0.022418
 0.00563611 0.00923304 0.014044 0.0200793 0.027183 0.0349184 0.0425455 0.0492108 0.0542617 0.0574523 0.0589102 0.0589591 0.0579645 0.0562669 0.0541663 0.0519172 0.0497177 0.0476807 0.0457828 0.0438074 0.0413431 0.0379027 0.0331646 0.0272181 0.0206342
 0.00588317 0.00963433 0.0146476 0.0209305 0.0283171 0.036348 0.044247 0.0511173 0.0562707 0.0594429 0.0607616 0.0605638 0.0592344 0.057133 0.0545751 0.0518253 0.0490885 0.04649 0.0440344 0.0415574 0.0387216 0.035116 0.0304648 0.0248447 0.0187508
 0.00613146 0.0100433 0.0152728 0.0218259 0.029524 0.037877 0.046061 0.0531277 0.0583529 0.0614625 0.0625976 0.0621184 0.0604327 0.0579187 0.0549053 0.0516656 0.0484102 0.0452729 0.0422799 0.0393122 0.0361025 0.032318 0.0277363 0.0224295 0.0168217
 0.00637709 0.0104464 0.0158866 0.0227028 0.0307055 0.039378 0.0478527 0.0551304 0.0604453 0.0635043 0.0644529 0.0636735 0.0616034 0.0586505 0.0551666 0.0514385 0.047682 0.0440354 0.0405398 0.0371136 0.0335518 0.0295953 0.0250757 0.020066 0.014926
 0.00661649 0.0108384 0.0164817 0.0235498 0.0318421 0.0408162 0.0495629 0.0570362 0.0624337 0.0654461 0.0662233 0.0651638 0.0627278 0.0593478 0.0553997 0.0511896 0.0469464 0.0428169 0.038856 0.0350122 0.0311332 0.0270243 0.0225666 0.0178354 0.0131334
 0.00684284 0.0112122 0.0170548 0.0243737 0.0329567 0.0422327 0.0512475 0.0589051 0.0643655 0.0673076 0.0678914 0.0665389 0.0637365 0.0599409 0.0555485 0.0508815 0.0461808 0.0416036 0.0372198 0.0330054 0.0288527 0.0246219 0.0202353 0.0157693 0.011475
 0.00704499 0.0115449 0.0175633 0.0251028 0.0339427 0.0434894 0.0527513 0.0605887 0.0661257 0.0690233 0.0694436 0.0678254 0.0646795 0.0604898 0.055677 0.0505823 0.0454589 0.0404741 0.0357114 0.0311713 0.0267849 0.0224579 0.0181459 0.013924 0.00999693
 0.00727063 0.0119085 0.0181044 0.0258559 0.0349305 0.0447125 0.0541776 0.0621493 0.0677241 0.0705523 0.0708024 0.0689291 0.0654641 0.0609122 0.0557148 0.0502307 0.0447269 0.0393817 0.0342914 0.0294776 0.0249035 0.0205116 0.0162834 0.0122902 0.00869452
 0.00742237 0.0121656 0.0185102 0.0264559 0.0357613 0.0457849 0.055461 0.0635693 0.0691766 0.0719277 0.0720059 0.06989 0.0661344 0.061263 0.0557316 0.0499106 0.0440769 0.0384192 0.033047 0.0280017 0.0232737 0.0188356 0.0146886 0.0108978 0.00758887
 0.00753367 0.0123424 0.0187697 0.0268141 0.0362337 0.0463858 0.0561985 0.0644377 0.0701488 0.072952 0.0730101 0.0707931 0.0668613 0.0617553 0.0559526 0.0498424 0.0437171 0.0377774 0.0321468 0.0268859 0.0220097 0.0175165 0.0134227 0.00978748 0.00670514
 0.00757774 0.0124161 0.0188844 0.0269817 0.0364648 0.0466865 0.0565687 0.0648721 0.0706407 0.0734954 0.0735964 0.071403 0.0674579 0.0622851 0.0563541 0.0500597 0.0437095 0.0375252 0.0316534 0.0261791 0.0211438 0.0165699 0.0124881 0.00895307 0.00603347
 0.00765955 0.0125356 0.0190395 0.027163 0.0366595 0.0468848 0.0567682 0.0650776 0.0708606 0.0737378 0.0738668 0.0717026 0.0677814 0.062616 0.0566616 0.0502995 0.0438318 0.0374865 0.0314283 0.025769 0.0205806 0.0159129 0.0118132 0.00833531 0.00552822
 0.00770659 0.0126123 0.0191545 0.0273223 0.0368629 0.0471214 0.0570154 0.0653057 0.0710437 0.073866 0.0739504 0.0717669 0.0678538 0.0627142 0.0567857 0.0504303 0.0439342 0.0375176 0.0313492 0.0255583 0.0202437 0.0154843 0.0113481 0.00789398 0.00515851
 0.00775745 0.0126859 0.0192487 0.0274304 0.0369763 0.0472341 0.0571259 0.0654148 0.0711507 0.0739649 0.0740325 0.0718265 0.0678942 0.0627472 0.0568254 0.0504834 0.0439925 0.0375576 0.0313393 0.0254704 0.0200663 0.0152296 0.0110498 0.00759611 0.00489996
 0.00782373 0.0127885 0.0193928 0.0276159 0.0371959 0.0474728 0.0573608 0.0656193 0.0713016 0.0740503 0.074054 0.071796 0.0678273 0.0626595 0.0567306 0.050393 0.0439126 0.0374849 0.0312601 0.0253657 0.0199213 0.0150428 0.0108364 0.00738217 0.00471206
 0.00784884 0.0128307 0.0194589 0.0277123 0.0373273 0.0476382 0.0575514 0.0658175 0.0714842 0.0741943 0.0741431 0.0718244 0.0678003 0.0625903 0.0566359 0.0502883 0.0438092 0.0373876 0.0311663 0.0252669 0.0198077 0.0149099 0.0106895 0.00723533 0.00458176
 0.00786526 0.0128533 0.0194856 0.0277396 0.0373522 0.0476613 0.0575779 0.065856 0.071542 0.0742723 0.0742337 0.0719133 0.0678718 0.0626331 0.0566467 0.0502711 0.0437723 0.0373393 0.0311113 0.025205 0.019736 0.0148264 0.0105968 0.00714126 0.00449668
 0.00788831 0.012886 0.019526 0.0277824 0.0373898 0.0476862 0.057585 0.065845 0.071518 0.074246 0.0742176 0.0719172 0.0678978 0.0626747 0.0566917 0.0503074 0.0437924 0.0373412 0.0310969 0.0251769 0.0196958 0.0147758 0.0105388 0.00708142 0.00444167
 0.00789275 0.0128934 0.0195371 0.0277976 0.0374082 0.0477049 0.0575988 0.0658475 0.0715046 0.0742165 0.0741782 0.071879 0.0678732 0.0626722 0.0567125 0.0503452 0.0438362 0.0373801 0.0311231 0.0251871 0.01969 0.0147563 0.0105095 0.00704748 0.00440859
 0.00788035 0.0128687 0.0194919 0.0277225 0.0372961 0.0475561 0.0574244 0.0656685 0.0713458 0.0740987 0.0741132 0.0718688 0.0679137 0.0627564 0.0568319 0.0504894 0.0439926 0.0375346 0.0312623 0.025301 0.0197737 0.0148099 0.0105373 0.00705625 0.00440593
 0.00788887 0.0128763 0.0194916 0.0277033 0.0372454 0.0474634 0.0572861 0.0654906 0.0711448 0.073899 0.0739423 0.0717509 0.0678637 0.0627769 0.056915 0.0506204 0.0441538 0.0377077 0.0314306 0.0254505 0.0198949 0.0148987 0.0105953 0.00708902 0.00442097
 0.00789642 0.0128868 0.0195038 0.0277139 0.0372488 0.0474515 0.0572494 0.0654203 0.0710363 0.0737561 0.0737786 0.0715888 0.0677286 0.0626909 0.0568907 0.0506585 0.0442444 0.037834 0.0315729 0.0255905 0.0200182 0.0149966 0.0106651 0.00713334 0.0044456
 0.00787306 0.0128522 0.0194579 0.0276588 0.0371879 0.0473884 0.0571863 0.0653578 0.0709733 0.0736899 0.0737075 0.0715143 0.0676574 0.0626348 0.0568636 0.0506718 0.0443023 0.0379316 0.0316974 0.025725 0.0201459 0.0151051 0.0107478 0.00718991 0.00448014
 0.0078384 0.0127954 0.0193719 0.0275381 0.0370307 0.0472002 0.0569818 0.0651596 0.0708058 0.0735719 0.0736466 0.0715064 0.0676916 0.0626992 0.0569502 0.0507778 0.0444279 0.0380762 0.0318563 0.025888 0.0203004 0.0152389 0.0108532 0.00726509 0.00452848
 0.00780933 0.0127445 0.0192888 0.0274112 0.0368508 0.0469651 0.0567013 0.0648567 0.0705136 0.073326 0.0734767 0.0714301 0.067711 0.0628025 0.0571166 0.0509846 0.0446557 0.0383112 0.0320882 0.0261082 0.0204994 0.0154081 0.0109866 0.0073616 0.00459198
 0.00778239 0.0126984 0.0192153 0.0273009 0.0366949 0.0467585 0.0564464 0.0645657 0.070208 0.0730347 0.0732317 0.0712608 0.0676385 0.0628347 0.0572465 0.0511924 0.044915 0.0385947 0.0323729 0.0263762 0.0207378 0.0156079 0.0111432 0.00747508 0.00466734
 0.00777996 0.0126904 0.0191956 0.0272609 0.036625 0.0466508 0.0562975 0.0643781 0.0699905 0.0728016 0.0730018 0.0710567 0.067484 0.0627507 0.0572462 0.0512774 0.0450743 0.0388076 0.0326139 0.0266203 0.0209644 0.0158024 0.0112978 0.00758849 0.00474353
 0.00771969 0.0126004 0.0190747 0.0271129 0.0364567 0.0464694 0.056109 0.0641876 0.0698036 0.0726257 0.0728464 0.0709324 0.0674022 0.0627223 0.0572801 0.0513782 0.0452397 0.0390265 0.0328673 0.0268844 0.0212156 0.0160218 0.011474 0.00771839 0.00483109
 0.00930736 0.0148168 0.0217373 0.0298283 0.0387371 0.047916 0.0565566 0.0637283 0.0686961 0.0711645 0.0712691 0.06939 0.0659741 0.0614451 0.0561702 0.0504426 0.0444797 0.0384369 0.0324348 0.0265878 0.0210279 0.0159141 0.0114196 0.00769549 0.0048243
 0.00932211 0.0151341 0.0227312 0.0319587 0.0423478 0.0529631 0.0624372 0.0693798 0.0729739 0.0732943 0.071102 0.0673388 0.0627301 0.0576828 0.0523825 0.0469185 0.0413578 0.035769 0.0302281 0.024825 0.0196746 0.0149221 0.0107305 0.00724551 0.00455037
 0.0089553 0.0145602 0.021931 0.0309869 0.041386 0.0523541 0.0626433 0.0708178 0.0757664 0.0770859 0.0751046 0.0706312 0.0646424 0.0580274 0.0514206 0.0451428 0.0392597 0.0337059 0.0284017 0.0233194 0.0185027 0.0140584 0.0101299 0.0068539 0.00431273
 0.00877657 0.0142586 0.0214578 0.0302936 0.0404435 0.0511875 0.0613737 0.0696902 0.0751271 0.0772858 0.0763416 0.0728047 0.0673229 0.0605969 0.053322 0.0460913 0.0392973 0.0331002 0.0274829 0.0223568 0.0176586 0.0133995 0.00966015 0.00654518 0.00412556
 0.00871236 0.0141472 0.021276 0.0300128 0.0400324 0.0506199 0.0606418 0.0688225 0.074209 0.0764728 0.0758485 0.0728502 0.0680338 0.0619148 0.0549813 0.0477064 0.0405201 0.0337537 0.0275958 0.0220976 0.0172306 0.0129625 0.00930157 0.00629107 0.00396538
 0.00870303 0.0141267 0.0212347 0.0299366 0.0399041 0.0504208 0.0603556 0.0684387 0.0737286 0.0759191 0.0752806 0.0723719 0.0677812 0.0620139 0.0554833 0.0485382 0.0414917 0.0346312 0.0282009 0.0223715 0.0172298 0.0128024 0.0090939 0.0061076 0.00383413
 0.00868979 0.0141064 0.021206 0.0298983 0.0398533 0.0503524 0.0602606 0.0683053 0.0735447 0.0756765 0.0749818 0.0720387 0.0674628 0.0617856 0.0554286 0.0487129 0.0418862 0.0351594 0.02873 0.0227804 0.0174588 0.0128643 0.00904788 0.00601954 0.00374989
 0.00868552 0.0140984 0.0211922 0.0298761 0.0398208 0.0503087 0.0602064 0.0682417 0.0734709 0.0755877 0.07487 0.0718974 0.0672943 0.0616098 0.0552849 0.0486517 0.0419478 0.035349 0.0290071 0.0230728 0.0176957 0.013007 0.00909919 0.00600987 0.00371482
 0.00865556 0.0140535 0.0211316 0.0298016 0.0397361 0.0502185 0.0601156 0.0681554 0.073394 0.0755239 0.0748201 0.0718579 0.0672592 0.0615739 0.0552511 0.0486346 0.0419706 0.0354322 0.0291529 0.0232588 0.0178822 0.0131565 0.00919257 0.00605079 0.00372097
 0.00866327 0.0140625 0.0211387 0.029802 0.0397248 0.0501927 0.0600765 0.0681078 0.0733441 0.0754766 0.0747773 0.0718189 0.0672216 0.0615358 0.0552123 0.0485994 0.0419488 0.0354367 0.0291937 0.0233346 0.0179786 0.0132512 0.00926634 0.00609559 0.00374031
 0.0086383 0.0140264 0.0210925 0.029749 0.0396693 0.0501379 0.0600234 0.0680557 0.0732932 0.0754295 0.074739 0.0717947 0.0672143 0.0615441 0.0552322 0.0486265 0.0419815 0.0354771 0.029246 0.023401 0.0180552 0.0133284 0.00933278 0.0061435 0.00376866
 0.00863987 0.0140264 0.0210882 0.0297367 0.0396462 0.0501038 0.0599821 0.0680139 0.0732571 0.0754021 0.0747196 0.0717803 0.0672027 0.0615353 0.0552277 0.0486279 0.0419897 0.0354931 0.029271 0.0234356 0.0180981 0.0133751 0.00937657 0.00617862 0.00379242
 0.00862888 0.0140123 0.0210736 0.0297259 0.039643 0.0501093 0.0599931 0.0680241 0.0732601 0.075395 0.0747038 0.0717598 0.0671816 0.0615162 0.0552118 0.048616 0.0419829 0.0354927 0.0292782 0.023451 0.0181208 0.0134024 0.00940444 0.00620287 0.00381044
 0.00861857 0.0139928 0.0210395 0.0296715 0.0395653 0.0500109 0.0598845 0.0679216 0.0731808 0.0753498 0.0746944 0.0717804 0.0672233 0.0615704 0.0552722 0.048678 0.0420438 0.0355507 0.0293327 0.0235019 0.018168 0.0134449 0.00944092 0.00623184 0.00383127
 0.00861902 0.0139938 0.0210412 0.0296736 0.0395658 0.050006 0.0598688 0.0678903 0.0731329 0.0752904 0.0746341 0.0717313 0.0671937 0.0615628 0.0552836 0.0487027 0.0420759 0.0355861 0.0293686 0.0235368 0.0182009 0.013475 0.00946701 0.00625291 0.00384681
 0.00861902 0.0139938 0.0210412 0.0296736 0.0395658 0.050006 0.0598688 0.0678903 0.0731329 0.0752904 0.0746341 0.0717313 0.0671937 0.0615628 0.0552836 0.0487027 0.0420759 0.0355861 0.0293686 0.0235368 0.0182009 0.013475 0.00946701 0.00625291 0.00384681
#pred catch len freq
 0.00346784 0.00553187 0.00816289 0.0113477 0.0151035 0.0194541 0.0243654 0.0297048 0.0352572 0.040767 0.0459783 0.0506709 0.0546904 0.057958 0.0604511 0.0621732 0.0631292 0.0633055 0.0626343 0.0609395 0.0579086 0.0531722 0.0465307 0.0382286 0.0290672
 0.00371402 0.00587699 0.00858472 0.0118026 0.0155533 0.0199005 0.0248637 0.0303375 0.0360723 0.0417183 0.0469089 0.0513583 0.0549335 0.0576612 0.0596679 0.06109 0.0619977 0.0623503 0.0619721 0.0605479 0.0576596 0.0529142 0.0461703 0.0377672 0.0285769
 0.00386149 0.00613065 0.00898842 0.012396 0.0163528 0.020877 0.025936 0.0313972 0.0370336 0.0425562 0.0476492 0.0520177 0.0554589 0.0579236 0.0595253 0.0604774 0.0609814 0.061107 0.0607087 0.0594119 0.0566949 0.0520829 0.045415 0.0370652 0.0279515
 0.00409184 0.00648271 0.00948046 0.0130405 0.0171662 0.0218875 0.0271742 0.0328666 0.0386747 0.0442344 0.049185 0.0532471 0.0562803 0.0582983 0.0594409 0.059922 0.0599588 0.0596763 0.0590006 0.057598 0.0549314 0.0504715 0.0440053 0.0358799 0.0270056
 0.00434174 0.00687845 0.0100566 0.0138226 0.0181688 0.0231104 0.028601 0.0344658 0.0404035 0.0460365 0.0509761 0.0549007 0.0576339 0.0591878 0.059744 0.0595829 0.0589872 0.0581376 0.057012 0.0553236 0.0525634 0.0481969 0.0419746 0.0341915 0.0257024
 0.00456281 0.00723342 0.0105844 0.0145614 0.0191544 0.0243714 0.0301465 0.0362718 0.0424051 0.0481301 0.0530332 0.0567842 0.0592092 0.0603263 0.0603265 0.0595121 0.0582092 0.0566625 0.0549257 0.0527854 0.0497903 0.0454321 0.0394452 0.0320674 0.0240693
 0.00479899 0.00760435 0.0111204 0.0152879 0.0200949 0.0255495 0.0315813 0.0379668 0.0443336 0.0502238 0.055179 0.0588333 0.0609973 0.0616963 0.0611447 0.0596756 0.0576505 0.0553613 0.0529269 0.0502168 0.046863 0.0424157 0.0366183 0.0296567 0.022203
 0.00507821 0.00804338 0.0117546 0.0161436 0.0211897 0.0268913 0.0331638 0.0397635 0.0462954 0.0522797 0.0572377 0.0607838 0.062712 0.0630387 0.0619825 0.0598937 0.0571643 0.0541292 0.0509682 0.047632 0.0438454 0.0392382 0.033585 0.0270332 0.0201529
 0.00537622 0.00851276 0.0124345 0.0170644 0.0223735 0.0283494 0.0348894 0.0417207 0.0484136 0.0544562 0.0593487 0.0627 0.0643128 0.0642197 0.0626548 0.0599803 0.0565997 0.0528702 0.0490159 0.04506 0.0408214 0.0360196 0.0304772 0.024317 0.0180121
 0.00570917 0.00903163 0.0131752 0.0180501 0.0236168 0.0298541 0.0366454 0.0436946 0.0505394 0.056634 0.0614507 0.0645855 0.0658468 0.0652911 0.063184 0.0599163 0.0559112 0.0515416 0.0470583 0.042537 0.0378767 0.0328835 0.0274349 0.0216416 0.0158904
 0.00604558 0.00955883 0.0139332 0.0190664 0.0249067 0.0314191 0.0384668 0.0457247 0.0526979 0.0588111 0.0635168 0.0664034 0.067287 0.0662458 0.0635776 0.0597072 0.0550866 0.0501115 0.0450569 0.0400381 0.0350156 0.0298676 0.0245212 0.0190797 0.0138546
 0.00635173 0.0100414 0.0146324 0.0200131 0.0261211 0.0329078 0.040214 0.0476828 0.054783 0.0609083 0.0654914 0.0681176 0.0686163 0.0670927 0.0638781 0.0594303 0.0542292 0.0486942 0.0431248 0.0376715 0.0323451 0.0270812 0.0218458 0.0167342 0.011992
 0.00665601 0.0105248 0.0153402 0.0209834 0.0273821 0.0344717 0.0420652 0.0497658 0.0569978 0.0631165 0.0675323 0.0698304 0.0698641 0.0677809 0.0639618 0.0589095 0.0531368 0.047084 0.0410683 0.0352638 0.0297174 0.0244061 0.0193223 0.0145486 0.0102702
 0.00696237 0.0110036 0.0160269 0.0219028 0.0285511 0.0358992 0.0437459 0.051667 0.0590474 0.0651987 0.0694957 0.0715083 0.0711024 0.0684647 0.0640318 0.058363 0.0520172 0.0454658 0.0390459 0.0329496 0.0272468 0.0219395 0.0170326 0.0125903 0.00874148
 0.00725955 0.0114673 0.0166894 0.0227838 0.0296579 0.0372271 0.0452732 0.0533494 0.0608155 0.06696 0.0711405 0.0729171 0.0721573 0.0690647 0.0641084 0.0578915 0.051019 0.0440026 0.0372103 0.0308575 0.0250338 0.0197561 0.0150303 0.0108964 0.00743144
 0.00737775 0.0116747 0.0170302 0.0233103 0.030421 0.0382596 0.046572 0.0548663 0.0624602 0.0686149 0.0726785 0.0742185 0.0731224 0.0696211 0.0642136 0.0575326 0.0502122 0.0427933 0.0356722 0.029091 0.0231615 0.0179136 0.01335 0.00948495 0.00634752
 0.00740551 0.0117212 0.0171056 0.023432 0.030619 0.0385799 0.047072 0.055598 0.0634445 0.0698175 0.0740037 0.0755265 0.0742639 0.0704704 0.0646884 0.0575965 0.0498682 0.042075 0.0346392 0.0278268 0.021771 0.0165148 0.0120586 0.00839377 0.005508
 0.00750899 0.0118604 0.017262 0.0235719 0.0307058 0.0385933 0.0470254 0.0555442 0.0634656 0.0700013 0.0744124 0.0761682 0.0750792 0.0713428 0.0654755 0.0581688 0.0501379 0.0420074 0.0342498 0.0271717 0.0209363 0.0156039 0.0111759 0.00762536 0.00490589
 0.00753293 0.0119004 0.0173222 0.0236523 0.0307963 0.0386689 0.0470484 0.0554771 0.0632957 0.0697618 0.0741854 0.076061 0.0751806 0.0716832 0.0660089 0.0587863 0.0507043 0.0424032 0.0344023 0.027067 0.0206138 0.0151397 0.0106604 0.00714041 0.00450754
 0.00751066 0.0118686 0.0172829 0.0236113 0.0307623 0.0386513 0.0470525 0.0554988 0.0633179 0.0697586 0.0741365 0.075971 0.0750898 0.0716564 0.0661047 0.0590222 0.0510408 0.0427568 0.0346786 0.0271968 0.0205748 0.0149576 0.0103929 0.00685315 0.00425314
 0.00757281 0.0119563 0.0173903 0.0237249 0.0308651 0.0387296 0.0471011 0.0555217 0.0633233 0.0697525 0.0741173 0.0759303 0.0750209 0.0715657 0.0660172 0.0589735 0.0510567 0.042834 0.0347816 0.0272737 0.0205828 0.0148826 0.0102521 0.00668301 0.00409106
 0.00765719 0.0120803 0.0175522 0.0239135 0.0310622 0.0389138 0.0472524 0.0556245 0.0633695 0.0697432 0.0740619 0.0758418 0.0749109 0.071442 0.065887 0.0588481 0.0509517 0.0427625 0.034744 0.0272541 0.0205566 0.01483 0.010169 0.00658142 0.00399036
 0.0076744 0.0121077 0.017592 0.0239658 0.0311235 0.0389751 0.0472988 0.0556386 0.0633378 0.0696631 0.0739452 0.0757124 0.0747959 0.0713626 0.0658523 0.0588556 0.0509921 0.0428245 0.0348164 0.0273246 0.0206117 0.0148584 0.0101668 0.0065542 0.00395045
 0.00767695 0.0121129 0.0176018 0.0239839 0.031155 0.0390259 0.0473737 0.0557371 0.0634505 0.0697704 0.0740222 0.0757379 0.0747623 0.0712799 0.0657431 0.0587457 0.050901 0.0427614 0.0347808 0.0273092 0.0206059 0.0148521 0.0101534 0.00653266 0.00392442
 0.00753085 0.0118992 0.0173246 0.0236621 0.0308173 0.0387023 0.047089 0.0555113 0.0633003 0.0697101 0.0740597 0.0758692 0.0749691 0.0715334 0.0660132 0.0590091 0.0511449 0.0429811 0.0349746 0.0274749 0.0207403 0.0149525 0.0102202 0.00657027 0.0039404
 0.00741155 0.0117186 0.0170783 0.0233565 0.0304698 0.0383397 0.0467457 0.0552242 0.0631019 0.0696202 0.0740814 0.075991 0.0751704 0.0717896 0.0662988 0.0593 0.0514211 0.0432291 0.0351877 0.0276514 0.0208806 0.0150581 0.0102935 0.00661589 0.00396492
 0.00728415 0.0115217 0.0168015 0.0229977 0.0300367 0.0378511 0.0462334 0.0547335 0.0626869 0.0693332 0.0739604 0.0760495 0.0753947 0.0721432 0.0667332 0.0597658 0.051877 0.0436456 0.0355473 0.0279468 0.0211116 0.0152293 0.0104128 0.0066929 0.00401022
 0.00730226 0.0115239 0.0167542 0.0228526 0.0297423 0.0373731 0.0455733 0.0539374 0.0618396 0.0685416 0.0733318 0.0756705 0.0753123 0.0723559 0.0671932 0.0603941 0.0525844 0.0443515 0.0361917 0.0284936 0.0215464 0.0155541 0.01064 0.00684095 0.00409932
 0.00743395 0.0117204 0.0170145 0.0231578 0.0300525 0.0376268 0.0456944 0.0538509 0.0614986 0.0679539 0.0725707 0.0748592 0.0745891 0.0718342 0.0669345 0.0604003 0.0528076 0.0447156 0.0366154 0.028909 0.0219083 0.0158404 0.0108479 0.00697972 0.00418436
 0.00745153 0.0117594 0.0170923 0.0232963 0.0302707 0.0379301 0.0460618 0.0542288 0.0618061 0.0681009 0.072487 0.074524 0.0740478 0.0711903 0.0663172 0.0599217 0.0525304 0.0446434 0.0367051 0.0290953 0.0221273 0.0160448 0.011012 0.0070966 0.00425907
 0.0074038 0.0116843 0.0169855 0.0231588 0.0301134 0.0377769 0.0459491 0.0541969 0.0618809 0.0682759 0.0727151 0.0747299 0.0741568 0.0711614 0.0661625 0.0597014 0.0523255 0.0445212 0.0366956 0.029187 0.0222814 0.0162165 0.0111662 0.00721505 0.00433893
 0.00720787 0.0114006 0.0166226 0.0227458 0.0296908 0.0373822 0.0456088 0.0539288 0.0617035 0.068213 0.0727886 0.0749426 0.0744783 0.0715309 0.0665106 0.0599794 0.0525238 0.0446657 0.0368256 0.0293314 0.0224461 0.0163871 0.0113215 0.0073388 0.00442572
 0.00690942 0.0109545 0.0160251 0.0220222 0.0288919 0.0365757 0.0448696 0.05333 0.0613041 0.0680465 0.0728582 0.0752264 0.074938 0.0721171 0.0671639 0.0606362 0.0531285 0.0451846 0.0372528 0.0296802 0.0227344 0.0166263 0.0115141 0.00748435 0.00452634
 0.00664484 0.0105437 0.0154435 0.0212621 0.027966 0.0355213 0.0437545 0.0522523 0.0603811 0.0673914 0.072553 0.0753029 0.0753728 0.0728408 0.0680798 0.0616408 0.0541279 0.046106 0.0380508 0.0303368 0.0232531 0.017022 0.0118049 0.00768787 0.00465984
