SBPRF35
7.78865
Curr Bio
509662
B35
653684
F35
0.2117
FOFL
0.140571
OFL
50183.2
Bzero
2.22533e+006
#pred survey bio
 3.71983e+006 3.37149e+006 3.02288e+006 2.67233e+006 2.35786e+006 2.04245e+006 1.80219e+006 1.57117e+006 1.37328e+006 1.23391e+006 1.08612e+006 966264 874591 819450 773845 733959 703538 671925 647134 628626 606121 602482 593783 586138 580206 579343 581410 590301 587937 589117 589262 580269 576236 565562 559058 556504 560771 554831 554567 558317 568518 560703 551733 549284 542026 531009 514894 1.57434e+007 9.34199e+006 9.64577e+006 1.05563e+007 1.17723e+007 1.30184e+007 1.4134e+007 1.50544e+007 1.57741e+007 1.6317e+007 1.6717e+007 1.70072e+007 1.72158e+007 1.73652e+007 1.74721e+007 1.75488e+007 1.7604e+007 1.7644e+007 1.76732e+007 1.76946e+007 1.77104e+007 1.77222e+007 1.7731e+007 1.77376e+007 1.77426e+007 1.77463e+007 1.77492e+007 1.77514e+007 1.77531e+007 1.77543e+007 1.77553e+007 1.77561e+007 1.77567e+007 1.77571e+007 1.77575e+007 1.77577e+007 1.77579e+007 1.77581e+007 1.77582e+007 1.77583e+007 1.77584e+007 1.77584e+007 1.77585e+007 1.77585e+007 1.77586e+007 1.77586e+007 1.77586e+007 1.77586e+007 1.77586e+007 1.77586e+007 1.77586e+007 1.77586e+007 1.77586e+007 1.77586e+007 1.77586e+007 1.77586e+007 1.77586e+007 1.77586e+007 1.77586e+007 1.77586e+007 1.77586e+007 1.77586e+007 1.77586e+007 1.77586e+007 1.77586e+007 1.77586e+007 1.77586e+007 1.77586e+007 1.77586e+007 1.77586e+007 1.77586e+007 1.77586e+007 1.77586e+007 1.77586e+007 1.77586e+007 1.77586e+007 1.77586e+007 1.77586e+007 1.77586e+007 1.77586e+007 1.77586e+007 1.77586e+007 1.77586e+007 1.77586e+007 1.77586e+007 1.77586e+007 1.77586e+007 1.77586e+007 1.77586e+007 1.77586e+007 1.77586e+007 1.77586e+007 1.77586e+007 1.77586e+007 1.77586e+007 1.77586e+007 1.77586e+007 1.77586e+007 1.77586e+007 1.77586e+007 0 0 0 0 0 0 0 0 0 0 0 0 0 0 0 0 0 0 0 0 0 0 0 0 0
#obs survey bio
 2.67988e+006 3.4828e+006 1.68731e+006 2.20586e+006 1.84668e+006 1.82706e+006 1.24064e+006 1.23407e+006 935232 990015 1.12697e+006 621824 667020 659017 642543 684066 902070 536518 492776 525274 574566 627660 392941 424486 441464 541990 559676 341602 638894 513725 527450 622748 641451 730300 655107 503320 707907 483117 434651 466781 570213 461319 419646 536899 702875 607599 525776
#pred catch bio
 242598 265971 295386 291285 318748 274307 284755 270276 230331 245087 224462 201987 171322 161556 152467 139203 135391 126146 118507 119534 101461 103797 101131 98430.2 93627.2 91276.5 86138.6 95400.8 90587.7 88424.3 92211.9 86065.9 92988.3 91409.2 89246.6 84319.5 93085.3 88383.8 86045.7 81990.3 97092 96372 88847.8 90325.9 90226.9 90616.8 125774 50183.2 71968.4 72812.5 78521.5 87347.3 96595.4 104797 111420 116451 120109 122685 124456 125651 126446 126968 127308 127528 127670 127760 127818 127854 127878 127892 127902 127908 127911 127914 127915 127916 127917 127917 127917 127917 127917 127917 127917 127917 127917 127917 127917 127917 127917 127917 127917 127917 127917 127917 127917 127917 127917 127917 127917 127917 127917 127917 127917 127917 127917 127917 127917 127917 127917 127917 127917 127917 127917 127917 127917 127917 127917 127917 127917 127917 127917 127917 127917 127917 127917 127917 127917 127917 127917 127917 127917 127917 127917 127917 127917 127917 127917 127917 127917 127917 127917 127917 127917 127917 127917 127917 127917 0 0 0 0 0 0 0 0 0 0 0 0 0 0 0 0 0 0 0 0 0 0 0 0 0
#obs catch bio
 224223 266586 297617 293812 324150 278404 290641 276266 235995 252639 230958 208520 176743 166776 156589 141940 136686 128113 120588 122040 103351 105030 102618 99761 94912.2 92589 87237.3 97577.9 92250 89850.1 93538.7 86846 93583.8 91413.5 88929.2 84212.3 93152.9 88447.5 86288.3 82498.2 97872.2 97220.2 89443 90758.2 90154.4 90056 126233
#pred cpue bio
 3.66071e+006 3.31619e+006 2.97058e+006 2.62154e+006 2.30844e+006 1.99509e+006 1.75637e+006 1.52708e+006 1.33067e+006 1.19224e+006 1.04623e+006 928001 837634 783562 739614 701659 672932 642592 618493 600528 578815 575709 567632 560341 554630 553767 555727 564354 562284 564077 565142 557163 552951 541422 534478 532002 536243 530514 530132 533487 543315 535914 527530 525622 519142 508975 493912 1.50892e+007 8.94969e+006 9.10486e+006 9.8711e+006 1.10425e+007 1.22792e+007 1.33932e+007 1.43133e+007 1.50329e+007 1.55759e+007 1.59758e+007 1.6266e+007 1.64746e+007 1.6624e+007 1.67309e+007 1.68076e+007 1.68629e+007 1.69029e+007 1.6932e+007 1.69535e+007 1.69693e+007 1.6981e+007 1.69898e+007 1.69964e+007 1.70014e+007 1.70052e+007 1.70081e+007 1.70102e+007 1.70119e+007 1.70132e+007 1.70142e+007 1.70149e+007 1.70155e+007 1.7016e+007 1.70163e+007 1.70166e+007 1.70168e+007 1.70169e+007 1.70171e+007 1.70172e+007 1.70172e+007 1.70173e+007 1.70173e+007 1.70174e+007 1.70174e+007 1.70174e+007 1.70174e+007 1.70174e+007 1.70175e+007 1.70175e+007 1.70175e+007 1.70175e+007 1.70175e+007 1.70175e+007 1.70175e+007 1.70175e+007 1.70175e+007 1.70175e+007 1.70175e+007 1.70175e+007 1.70175e+007 1.70175e+007 1.70175e+007 1.70175e+007 1.70175e+007 1.70175e+007 1.70175e+007 1.70175e+007 1.70175e+007 1.70175e+007 1.70175e+007 1.70175e+007 1.70175e+007 1.70175e+007 1.70175e+007 1.70175e+007 1.70175e+007 1.70175e+007 1.70175e+007 1.70175e+007 1.70175e+007 1.70175e+007 1.70175e+007 1.70175e+007 1.70175e+007 1.70175e+007 1.70175e+007 1.70175e+007 1.70175e+007 1.70175e+007 1.70175e+007 1.70175e+007 1.70175e+007 1.70175e+007 1.70175e+007 1.70175e+007 1.70175e+007 1.70175e+007 1.70175e+007 1.70175e+007 0 0 0 0 0 0 0 0 0 0 0 0 0 0 0 0 0 0 0 0 0 0 0 0 0
#obs cpue bio
 2.73691e+006 2.68974e+006 2.94056e+006 2.17316e+006 1.7766e+006 1.52188e+006 1.83404e+006 1.45473e+006 883203 1.09785e+006 727303 761910 563794 617600 810977 758390 858266 414427 511875 510786 362986 852767 538121 674186 534353 452291 433741 454668 458931 566285 694450 549842 693380 633921 628432 441573 435139 539773 560025 368708 594841 522893 633013 625761 598738 576915 377929
#pred surv len freq
 0.00572863 0.00926763 0.0138809 0.0195136 0.0259923 0.0329406 0.0397506 0.0457278 0.050354 0.0534638 0.0552154 0.0559264 0.055923 0.0554648 0.0547228 0.0537811 0.0526534 0.0513016 0.0496346 0.04748 0.0445644 0.0405704 0.0353041 0.0289046 0.0219335
 0.0061537 0.00983968 0.0145284 0.0201135 0.0264264 0.0331725 0.0398707 0.0459236 0.0508103 0.0542525 0.0562444 0.0569781 0.0567528 0.0559003 0.0547169 0.0534057 0.0520469 0.0505995 0.0489133 0.0467389 0.0437547 0.0396519 0.0342948 0.0278882 0.0210223
 0.00658301 0.0105407 0.0155802 0.0215683 0.0282727 0.0352958 0.0420428 0.0478546 0.0522593 0.0551323 0.056642 0.0570691 0.0566745 0.0556759 0.0542746 0.0526595 0.0509708 0.0492463 0.0473799 0.0451166 0.0421044 0.0380167 0.0327292 0.0264713 0.0198395
 0.0069385 0.01112 0.0164563 0.0228134 0.0299469 0.0374227 0.0445751 0.0506439 0.0550531 0.0576165 0.0585238 0.0581684 0.0569726 0.0552872 0.0533615 0.0513506 0.0493348 0.0473213 0.0452165 0.0427972 0.0397356 0.0357146 0.03061 0.0246417 0.0183775
 0.00724422 0.011612 0.0171885 0.023836 0.0313015 0.0391331 0.0466331 0.0529966 0.0575952 0.0601881 0.0609145 0.0601384 0.0582989 0.0558235 0.0530782 0.0503271 0.0477106 0.0452422 0.0428107 0.0401845 0.0370462 0.0330962 0.0282159 0.0226045 0.0167803
 0.00764041 0.0122376 0.0180958 0.0250619 0.0328624 0.0410177 0.0487935 0.0553456 0.0600173 0.0625567 0.0631029 0.0620171 0.0597284 0.0566603 0.0532003 0.0496717 0.0462977 0.0431712 0.0402348 0.0372839 0.0340144 0.0301335 0.0255157 0.0203253 0.0150139
 0.00799052 0.0127881 0.0188898 0.0261277 0.0342102 0.0426345 0.0506357 0.0573372 0.0620584 0.064541 0.0649326 0.0636072 0.0609999 0.0575287 0.0535718 0.0494537 0.0454254 0.0416375 0.0381093 0.0347117 0.031198 0.0273051 0.0229017 0.0181078 0.0132964
 0.00841026 0.0134518 0.0198529 0.0274271 0.0358556 0.0445961 0.0528332 0.0596398 0.0643059 0.0665781 0.0666388 0.0649088 0.0618629 0.0579416 0.0535257 0.0489281 0.0443894 0.0400689 0.0360254 0.0321975 0.0284155 0.0244751 0.0202616 0.0158574 0.0115525
 0.00879935 0.0140715 0.0207614 0.0286687 0.0374513 0.04653 0.0550367 0.0619872 0.0666297 0.0687005 0.0684045 0.0662074 0.0626373 0.0581827 0.0532566 0.0481831 0.043196 0.038445 0.0339951 0.0298201 0.0258106 0.0218238 0.0177762 0.0137283 0.00989695
 0.00898093 0.014375 0.0212338 0.02936 0.0384056 0.0477701 0.0565483 0.06371 0.0684632 0.070519 0.0700753 0.0676061 0.0636615 0.058763 0.0533614 0.0478142 0.0423775 0.0372112 0.032389 0.0279049 0.0236875 0.0196401 0.0157078 0.0119394 0.00849493
 0.00929777 0.0148733 0.0219525 0.0303246 0.0396243 0.0492285 0.0582012 0.0654779 0.0702384 0.0721817 0.0715113 0.06872 0.0643833 0.0590509 0.0532017 0.0472182 0.0413757 0.0358481 0.0307206 0.026003 0.0216496 0.0175939 0.0137997 0.0103041 0.0072195
 0.00961192 0.0153654 0.0226581 0.0312632 0.0407954 0.0506065 0.0597295 0.0670691 0.0717861 0.0735802 0.0726722 0.0695793 0.0649 0.0592029 0.0529826 0.046636 0.0404524 0.0346189 0.0292349 0.024328 0.0198744 0.0158296 0.0121684 0.00891472 0.00614009
 0.00971432 0.0155535 0.0229804 0.0317766 0.0415497 0.0516214 0.0609743 0.0684595 0.0732025 0.0748979 0.0737872 0.0704207 0.0654293 0.0594067 0.0528643 0.0462095 0.0397388 0.0336471 0.028045 0.022976 0.0184363 0.0143996 0.0108478 0.00779214 0.00526957
 0.00955407 0.0153235 0.0226933 0.0314698 0.0412834 0.0514705 0.0610161 0.0687572 0.0737852 0.0757434 0.0748187 0.071522 0.0664738 0.0602851 0.0535001 0.0465611 0.0397933 0.0334137 0.0275518 0.0222704 0.0175853 0.0134872 0.00996474 0.0070185 0.00465762
 0.0094129 0.0151024 0.0223777 0.0310561 0.0407854 0.0509261 0.0604921 0.0683453 0.0735841 0.0758318 0.0752289 0.0722268 0.0673902 0.0612932 0.0544704 0.0473805 0.0403819 0.0337309 0.0275939 0.0220658 0.0171888 0.012973 0.00941492 0.00650798 0.00423894
 0.0093683 0.0150211 0.0222393 0.0308371 0.0404653 0.0504985 0.0599754 0.0677877 0.0730597 0.075428 0.0750291 0.0722909 0.067737 0.0618908 0.0552388 0.0482081 0.0411516 0.0343449 0.0279915 0.0222294 0.0171418 0.0127696 0.00912537 0.00620169 0.003969
 0.00952415 0.0152282 0.0224652 0.0310216 0.040536 0.0503953 0.0596733 0.0673053 0.0724536 0.07478 0.0744319 0.0718348 0.0674957 0.0619057 0.0555072 0.0486797 0.0417382 0.0349409 0.0284998 0.0225839 0.0173189 0.012787 0.00902998 0.00605076 0.0038128
 0.00972493 0.0155398 0.0229037 0.0315843 0.0411929 0.0510821 0.0602909 0.0677355 0.0725934 0.0745804 0.0739206 0.0711092 0.0666914 0.0611586 0.0549221 0.0483119 0.0415876 0.0349597 0.028611 0.0227073 0.0173943 0.0127883 0.00896405 0.00594549 0.00370052
 0.00979001 0.0156528 0.0230869 0.0318618 0.0415841 0.0515899 0.0608896 0.0683646 0.0731629 0.074989 0.0740822 0.0709803 0.0662893 0.0605599 0.0542413 0.0476671 0.0410676 0.0346041 0.0284093 0.0226135 0.0173517 0.0127511 0.00891005 0.00587493 0.00362614
 0.00976077 0.0156136 0.023044 0.031829 0.0415818 0.051643 0.0610221 0.0685929 0.0734857 0.0753782 0.0744812 0.0713132 0.0664825 0.0605682 0.0540663 0.0473581 0.0407033 0.0342633 0.0281444 0.0224393 0.0172511 0.0126931 0.0088673 0.00583336 0.00358431
 0.00969992 0.0155307 0.0229491 0.0317418 0.0415272 0.051643 0.0610903 0.0687324 0.0736916 0.0756397 0.0747802 0.0716209 0.066758 0.0607641 0.0541427 0.047299 0.0405263 0.0340145 0.0278812 0.0222084 0.0170757 0.0125726 0.00878752 0.0057787 0.00354452
 0.00968393 0.0154749 0.0228122 0.0314727 0.0410849 0.0510249 0.0603525 0.0679856 0.073069 0.0752536 0.0746898 0.0718235 0.0671996 0.0613592 0.054794 0.0479168 0.0410453 0.0344048 0.0281474 0.0223783 0.0171825 0.0126421 0.00883397 0.00580818 0.00356043
 0.00975067 0.0155766 0.0229502 0.0316372 0.0412502 0.0511464 0.0603719 0.0678486 0.072753 0.074791 0.0741683 0.0713582 0.0668902 0.0612555 0.0548862 0.0481487 0.0413406 0.0346938 0.0283844 0.0225465 0.0172884 0.0127029 0.00886685 0.00582522 0.00356849
 0.00979665 0.0156481 0.0230517 0.0317702 0.041412 0.0513282 0.0605548 0.0680015 0.0728343 0.0747592 0.0739994 0.0710634 0.0665217 0.060893 0.0546073 0.0479999 0.0413237 0.0347734 0.0285092 0.0226715 0.0173872 0.0127685 0.00890438 0.00584401 0.00357665
 0.00988479 0.0157753 0.0232134 0.0319524 0.0415954 0.0514952 0.0606947 0.0681097 0.072908 0.0747912 0.073976 0.0709685 0.0663471 0.0606497 0.05433 0.0477383 0.0411235 0.0346581 0.0284739 0.0226907 0.0174299 0.012811 0.00893544 0.00586221 0.00358536
 0.00991212 0.0158201 0.0232809 0.032046 0.041714 0.0516306 0.0608305 0.0682246 0.0729835 0.0748185 0.0739578 0.0709136 0.0662628 0.0605384 0.0541939 0.0475865 0.0409753 0.0345371 0.0283972 0.0226609 0.0174358 0.0128351 0.00896244 0.00588345 0.00359871
 0.00993424 0.0158505 0.0233165 0.0320812 0.0417435 0.0516521 0.0608466 0.068241 0.0730047 0.0748436 0.0739806 0.070926 0.0662588 0.0605159 0.0541535 0.047531 0.0409102 0.0344721 0.028344 0.0226288 0.0174269 0.0128441 0.00898012 0.00590152 0.00361254
 0.00969698 0.0155118 0.0228938 0.0316201 0.0413041 0.0512884 0.0605903 0.0680991 0.0729688 0.0749011 0.0741198 0.0711345 0.0665198 0.0608074 0.054451 0.0478127 0.0411609 0.0346848 0.0285192 0.0227717 0.0175437 0.012939 0.00905471 0.00595656 0.00364973
 0.0094268 0.0151102 0.0223611 0.0309857 0.0406235 0.0506348 0.060043 0.0677301 0.0728251 0.0749897 0.0744045 0.0715507 0.0669983 0.0612936 0.0549109 0.0482287 0.0415248 0.0349933 0.0287731 0.022975 0.0177025 0.0130599 0.00914403 0.00601947 0.00369121
 0.0091426 0.0146649 0.021724 0.0301451 0.0395952 0.0494718 0.0588428 0.0666282 0.0719686 0.0744985 0.0743376 0.0718933 0.0676731 0.0621873 0.0559052 0.0492236 0.0424501 0.0358084 0.0294599 0.0235309 0.0181349 0.013382 0.00937248 0.00617256 0.00378719
 0.00900492 0.0144298 0.0213499 0.0295879 0.0388205 0.0484734 0.0576613 0.0653576 0.0707448 0.0734727 0.0736451 0.0716255 0.0678581 0.0627853 0.0568192 0.050325 0.0436089 0.0369171 0.0304457 0.0243554 0.0187875 0.0138714 0.00971919 0.0064033 0.00393037
 0.00963347 0.0153033 0.0223891 0.030623 0.0396346 0.0488742 0.0575426 0.0647215 0.0696845 0.0721396 0.0722173 0.0702825 0.0667566 0.0620347 0.056464 0.0503409 0.043916 0.037406 0.0310065 0.0249001 0.0192594 0.0142449 0.00999194 0.00658775 0.00404571
 0.010125 0.0160862 0.0235284 0.0321458 0.0414974 0.0509286 0.0595224 0.0662831 0.0705077 0.0720443 0.0712307 0.0686188 0.0647316 0.0599673 0.054607 0.0488495 0.0428466 0.0367337 0.0306534 0.0247669 0.0192531 0.0142947 0.010054 0.00664067 0.00408309
 0.010001 0.0159855 0.0235635 0.0324826 0.0423103 0.0523263 0.0614769 0.0686006 0.0728573 0.0740349 0.0725107 0.0689708 0.0641312 0.0585827 0.0527366 0.0468274 0.0409548 0.0351518 0.0294512 0.0239277 0.0187106 0.0139671 0.00986754 0.00653983 0.00403101
 0.00986714 0.0157671 0.0232403 0.0320543 0.0418195 0.051881 0.0612526 0.068799 0.0736222 0.0753629 0.074211 0.0707082 0.0655367 0.0593797 0.0528252 0.0462945 0.0400176 0.034067 0.0284334 0.0231049 0.018122 0.0135892 0.00964757 0.00642288 0.00397381
 0.00986267 0.0157435 0.0231741 0.0319127 0.041569 0.0515037 0.0607668 0.0682764 0.0731904 0.0751812 0.0744173 0.0713511 0.066529 0.0605075 0.0538209 0.04694 0.0402217 0.0338806 0.0280027 0.0225976 0.017666 0.0132476 0.00942719 0.00629845 0.00391185
 0.00978615 0.0156302 0.0230233 0.0317283 0.0413549 0.0512578 0.0604803 0.0679408 0.0728133 0.0748034 0.0741193 0.0712383 0.0666922 0.0609735 0.0545208 0.0477213 0.0409058 0.0343354 0.0281892 0.0225662 0.0175139 0.0130683 0.00927881 0.0062004 0.003858
 0.00993515 0.0158429 0.0232886 0.0320174 0.0416293 0.0514818 0.0606295 0.068002 0.0727786 0.0746672 0.0738848 0.0709308 0.0663676 0.0607089 0.0543849 0.0477382 0.0410371 0.0344971 0.0282943 0.0225673 0.0174175 0.0129183 0.0091259 0.00607809 0.00377672
 0.0100741 0.0160535 0.0235759 0.032373 0.0420297 0.0518894 0.0609957 0.0682747 0.0729152 0.0746474 0.073716 0.0706432 0.0660052 0.0603229 0.0540287 0.0474584 0.0408589 0.034412 0.0282636 0.0225425 0.0173657 0.0128344 0.00902668 0.00598622 0.00370697
 0.00999244 0.0159535 0.0234855 0.0323369 0.0420957 0.0520867 0.0613171 0.0686739 0.0733206 0.0749851 0.0739307 0.0707096 0.0659293 0.0601355 0.053776 0.0471908 0.04062 0.0342286 0.0281397 0.0224624 0.0173053 0.0127757 0.00896473 0.00592656 0.0036577
 0.00974355 0.0155813 0.0229878 0.0317384 0.0414481 0.0514639 0.060806 0.068359 0.0732609 0.0751907 0.0743545 0.0712617 0.0665078 0.0606585 0.0541985 0.0475057 0.0408465 0.034396 0.028273 0.0225741 0.0173963 0.0128416 0.00900373 0.00594283 0.00365952
 0.00963608 0.0154198 0.0227695 0.0314707 0.0411473 0.0511537 0.0605166 0.0681264 0.073123 0.0751794 0.0744841 0.0715197 0.066854 0.0610337 0.0545427 0.047776 0.0410272 0.0344968 0.0283179 0.0225886 0.0173978 0.0128381 0.00899734 0.00593397 0.00364952
 0.00953598 0.0152654 0.0225531 0.0311919 0.0408143 0.0507844 0.0601393 0.0677781 0.0728443 0.0750066 0.0744418 0.0716171 0.067082 0.0613649 0.0549336 0.0481754 0.0413885 0.0347897 0.0285333 0.0227346 0.0174911 0.0128952 0.00903055 0.00595162 0.00365733
 0.00935254 0.0149835 0.02216 0.0306879 0.0402142 0.0501176 0.0594506 0.0671266 0.0722958 0.0746212 0.0742624 0.0716615 0.0673427 0.0618109 0.0555159 0.0488329 0.0420569 0.0354116 0.0290677 0.0231616 0.0178103 0.0131198 0.00917965 0.00604461 0.00371133
 0.00925399 0.0148234 0.0219198 0.0303518 0.0397742 0.04958 0.0588424 0.0664958 0.0717037 0.0741296 0.0739218 0.0715053 0.0673847 0.062046 0.0559199 0.0493646 0.0426626 0.0360325 0.0296496 0.0236637 0.0182111 0.0134165 0.00938367 0.00617488 0.00378835
 0.00906712 0.0145509 0.021567 0.0299422 0.03934 0.0491492 0.0584299 0.066105 0.0713368 0.0737975 0.0736486 0.0713239 0.0673276 0.0621353 0.0561612 0.0497443 0.0431487 0.0365791 0.0302047 0.0241785 0.0186491 0.013759 0.00962993 0.00633763 0.00388704
 0.00873437 0.0140591 0.0209195 0.0291768 0.0385219 0.0483559 0.0577365 0.0655724 0.071001 0.0736631 0.0736899 0.0714989 0.0675974 0.0624777 0.0565705 0.0502215 0.0436888 0.0371634 0.0308001 0.0247447 0.0191481 0.0141646 0.00993279 0.00654476 0.00401638
#obs surv len freq
 0.0049718 0.00814423 0.0123886 0.0177184 0.0240066 0.0308862 0.0377294 0.0438113 0.0485809 0.0518386 0.0537056 0.0544705 0.0544552 0.0539578 0.0532374 0.0525056 0.0519048 0.0514682 0.0510566 0.0503012 0.0486201 0.045383 0.0402132 0.0332798 0.0253648
 0.0051919 0.00850288 0.0129302 0.0184853 0.0250321 0.0321823 0.0392742 0.0455422 0.0504021 0.0536361 0.0553639 0.0558824 0.0555278 0.0546145 0.0534211 0.0521815 0.0510655 0.0501389 0.0493008 0.0482233 0.0463638 0.0431203 0.0381205 0.0315043 0.0239923
 0.00541866 0.00887683 0.0135028 0.0193076 0.0261447 0.0335994 0.0409677 0.0474371 0.0523879 0.0555891 0.057166 0.0574307 0.0567346 0.0554055 0.0537341 0.0519679 0.0502958 0.0488124 0.0474579 0.045959 0.0438321 0.0405239 0.0356794 0.029409 0.0223597
 0.00566268 0.00927353 0.0141002 0.0201514 0.027271 0.0350224 0.0426657 0.0493456 0.0544061 0.0575965 0.0590406 0.0590615 0.0580281 0.0562859 0.0541403 0.0518503 0.0496163 0.0475527 0.0456368 0.0436523 0.0411878 0.0377558 0.0330341 0.0271102 0.0205523
 0.00588849 0.00964865 0.0146794 0.0209905 0.0284148 0.0364868 0.0444207 0.0513109 0.0564649 0.0596208 0.0609118 0.0606799 0.0593117 0.0571673 0.054563 0.0517659 0.0489846 0.0463481 0.0438638 0.0413694 0.0385283 0.0349301 0.0302982 0.0247065 0.0186455
 0.00612927 0.0100391 0.0152657 0.0218162 0.0295147 0.0378755 0.0460789 0.053178 0.0584435 0.0615919 0.0627529 0.06228 0.0605805 0.0580365 0.0549827 0.0516972 0.0483944 0.0452117 0.0421794 0.0391825 0.0359563 0.0321694 0.0275986 0.0223131 0.0167322
 0.0063789 0.0104482 0.0158872 0.0227003 0.0306978 0.0393639 0.0478332 0.0551105 0.0604339 0.0635131 0.0644924 0.063748 0.0617077 0.0587701 0.0552825 0.051532 0.0477397 0.0440502 0.0405115 0.0370482 0.0334598 0.0294904 0.0249719 0.0199746 0.014854
 0.00662432 0.0108522 0.0165043 0.0235839 0.0318893 0.040875 0.0496277 0.0570982 0.0624837 0.0654788 0.0662397 0.0651716 0.0627373 0.0593669 0.0554293 0.0512229 0.046971 0.04282 0.0388292 0.0349537 0.0310483 0.0269242 0.0224646 0.0177437 0.0130601
 0.00683293 0.0111942 0.0170247 0.0243271 0.0328915 0.0421514 0.0511584 0.0588213 0.064301 0.0672717 0.0678867 0.0665625 0.0637834 0.0600068 0.0556302 0.0509749 0.0462781 0.0416939 0.0372914 0.0330499 0.0288677 0.0246117 0.0202085 0.0157362 0.0114439
 0.00706027 0.0115667 0.0175903 0.0251312 0.0339668 0.0435025 0.0527473 0.060564 0.0660816 0.0689662 0.0693844 0.0677755 0.0646477 0.06048 0.0556886 0.0506118 0.0455009 0.0405215 0.0357554 0.0312035 0.0267997 0.0224544 0.0181283 0.0138994 0.00997212
 0.00725339 0.0118852 0.0180778 0.0258312 0.0349132 0.0447054 0.054179 0.0621527 0.0677217 0.0705381 0.0707754 0.0688943 0.0654304 0.0608892 0.0557098 0.0502463 0.0447608 0.0394282 0.0343425 0.029525 0.0249401 0.0205338 0.0162916 0.012288 0.00868695
 0.00742275 0.0121618 0.0184967 0.0264258 0.0357096 0.0457122 0.0553763 0.0634877 0.0691136 0.0718922 0.0719971 0.0698998 0.0661535 0.0612856 0.0557572 0.0499421 0.0441174 0.038469 0.0331028 0.0280578 0.0233236 0.0188745 0.0147145 0.0109119 0.00759448
 0.00753943 0.0123539 0.0187904 0.0268474 0.0362806 0.0464417 0.056253 0.0644767 0.070161 0.0729342 0.072969 0.0707407 0.0668086 0.0617089 0.055914 0.0498119 0.0436951 0.037765 0.0321445 0.0268917 0.02202 0.0175269 0.01343 0.00979059 0.00670485
 0.0076044 0.0124574 0.0189428 0.0270583 0.0365593 0.0467965 0.0566893 0.0649942 0.0707507 0.0735771 0.0736355 0.0713921 0.0673996 0.062191 0.0562403 0.0499415 0.0435982 0.0374278 0.0315732 0.0261167 0.0210974 0.0165364 0.012464 0.00893546 0.00602062
 0.00766346 0.0125467 0.0190646 0.0272111 0.0367384 0.0469974 0.0569091 0.0652331 0.0710124 0.0738677 0.07396 0.0717496 0.0677777 0.062563 0.0565671 0.0501767 0.0436965 0.0373533 0.0313081 0.025668 0.0205006 0.0158526 0.0117697 0.00830512 0.00550806
 0.00772308 0.0126369 0.0191877 0.027364 0.0369134 0.0471831 0.057092 0.0654007 0.0711564 0.0739887 0.0740687 0.0718629 0.0679118 0.0627244 0.0567464 0.0503478 0.0438206 0.037388 0.0312188 0.0254391 0.0201434 0.0154056 0.0112902 0.00785396 0.00513247
 0.00775624 0.0126874 0.0192574 0.027452 0.0370159 0.0472937 0.0572023 0.0655009 0.0712383 0.0740485 0.0741094 0.0718948 0.0679492 0.0627815 0.0568306 0.0504543 0.0439297 0.0374683 0.031235 0.0253641 0.0199692 0.0151488 0.0109882 0.00755267 0.00487166
 0.007807 0.012763 0.0193581 0.0275734 0.0371497 0.0474296 0.0573299 0.0656102 0.0713209 0.0740988 0.0741265 0.0718831 0.0679184 0.0627449 0.0568018 0.0504423 0.0439346 0.0374781 0.0312282 0.0253167 0.0198655 0.0149894 0.0107916 0.00734872 0.00468953
 0.00784489 0.0128209 0.0194381 0.0276743 0.0372667 0.0475543 0.0574505 0.0657135 0.0713953 0.0741378 0.0741302 0.0718577 0.0678736 0.0626909 0.0567483 0.0503974 0.0439025 0.0374568 0.0312079 0.0252828 0.019804 0.0148947 0.0106705 0.0072179 0.00456853
 0.0078717 0.0128622 0.0194961 0.027749 0.0373561 0.0476541 0.0575536 0.0658106 0.071476 0.074193 0.0741548 0.0718514 0.0678407 0.0626393 0.0566875 0.0503362 0.0438476 0.0374109 0.0311687 0.025243 0.0197547 0.0148301 0.0105915 0.00713257 0.00448836
 0.00789356 0.0128941 0.0195371 0.0277962 0.0374053 0.0477012 0.0575961 0.0658475 0.0715072 0.0742183 0.074173 0.0718608 0.0678398 0.0626275 0.0566659 0.050308 0.0438168 0.0373811 0.0311409 0.0252153 0.0197228 0.0147903 0.0105434 0.00707997 0.0044379
 0.0079005 0.0129045 0.0195511 0.027813 0.0374231 0.0477174 0.0576078 0.0658521 0.071504 0.0742093 0.0741627 0.0718542 0.0678397 0.062634 0.0566764 0.0503189 0.0438255 0.0373861 0.0311419 0.0252117 0.0197133 0.0147735 0.0105194 0.00705126 0.00440874
 0.0079061 0.0129097 0.0195518 0.0278033 0.0373973 0.0476727 0.0575466 0.065782 0.0714355 0.0741523 0.0741246 0.0718386 0.0678476 0.0626634 0.0567229 0.0503763 0.0438867 0.0374446 0.0311927 0.0252516 0.0197406 0.0147879 0.0105221 0.00704524 0.00439787
 0.00788508 0.0128745 0.0194968 0.0277229 0.0372871 0.0475318 0.0573802 0.0656024 0.071261 0.074004 0.0740216 0.0717943 0.0678664 0.0627407 0.0568468 0.0505308 0.0440547 0.0376109 0.0313449 0.0253813 0.0198434 0.0148627 0.0105713 0.00707338 0.00441097
 0.00788136 0.0128649 0.0194758 0.027683 0.0372206 0.0474337 0.0572507 0.0654481 0.0710944 0.0738411 0.0738798 0.0716902 0.0678133 0.0627457 0.0569094 0.0506423 0.0442006 0.0377736 0.0315073 0.0255292 0.0199672 0.0149582 0.0106385 0.00711607 0.00443504
 0.00788555 0.0128687 0.0194759 0.027674 0.0371957 0.0473864 0.0571764 0.0653464 0.070969 0.0737009 0.073738 0.0715625 0.0677155 0.0626909 0.0569053 0.0506899 0.0442935 0.0378991 0.0316491 0.0256707 0.0200945 0.0150621 0.0107157 0.00716807 0.00446655
 0.00785034 0.0128138 0.0193976 0.0275706 0.0370677 0.047237 0.0570122 0.0651769 0.0708062 0.073557 0.0736235 0.0714855 0.0676816 0.0627035 0.0569652 0.050795 0.0444377 0.0380721 0.0318369 0.0258572 0.0202644 0.0152043 0.0108246 0.00724418 0.00451482
 0.00781063 0.0127487 0.0192989 0.027431 0.0368838 0.0470121 0.0567594 0.0649185 0.0705689 0.073365 0.0734931 0.0714235 0.0676869 0.06277 0.0570845 0.0509577 0.0446339 0.0382906 0.0320647 0.0260797 0.0204674 0.015376 0.0109585 0.00733981 0.00457701
 0.00779525 0.0127186 0.0192442 0.0273397 0.0367443 0.0468187 0.0565165 0.0646428 0.0702866 0.0731064 0.0732866 0.0712899 0.0676368 0.0628031 0.0571917 0.0511246 0.0448438 0.0385267 0.0323107 0.0263199 0.0206872 0.0155637 0.0111068 0.00744739 0.00464823
 0.00776365 0.0126687 0.0191716 0.0272406 0.0366154 0.0466574 0.0563224 0.0644196 0.0700444 0.0728627 0.0730646 0.0711151 0.0675315 0.062781 0.0572553 0.0512655 0.0450456 0.0387685 0.0325709 0.0265779 0.0209253 0.0157682 0.0112695 0.0075666 0.00472804
 0.00775011 0.012645 0.0191329 0.0271814 0.0365312 0.0465463 0.0561868 0.0642657 0.0698806 0.0726971 0.0729051 0.0709708 0.0674144 0.0627059 0.057236 0.0513104 0.045154 0.0389305 0.0327691 0.0267915 0.0211336 0.015954 0.0114215 0.00768038 0.00480562
 0.00934695 0.0148804 0.0218312 0.0299566 0.0388995 0.0481054 0.0567574 0.0639187 0.0688534 0.0712724 0.0713214 0.0693893 0.0659278 0.0613616 0.0560569 0.0503068 0.0443289 0.0382797 0.0322801 0.0264442 0.0209024 0.0158112 0.0113408 0.00763936 0.00478739
 0.00932237 0.0151381 0.0227437 0.0319868 0.0423992 0.0530436 0.0625476 0.0695144 0.0731203 0.0734357 0.0712207 0.0674205 0.0627669 0.0576745 0.0523343 0.0468387 0.0412555 0.0356531 0.0301071 0.0247074 0.0195678 0.0148318 0.0106597 0.00719418 0.00451623
 0.00896674 0.014577 0.0219531 0.0310138 0.0414173 0.0523912 0.0626893 0.070877 0.0758414 0.0771751 0.0752007 0.0707223 0.0647144 0.0580687 0.0514247 0.0451098 0.0391951 0.0336185 0.0283017 0.0232166 0.0184058 0.0139742 0.0100624 0.00680415 0.00427923
 0.00878378 0.0142681 0.0214678 0.0303012 0.0404456 0.0511817 0.0613606 0.0696736 0.0751141 0.0772845 0.0763592 0.0728441 0.0673805 0.0606633 0.053384 0.0461362 0.0393173 0.0330932 0.0274528 0.0223108 0.0176054 0.0133472 0.00961467 0.00650972 0.00410067
 0.00873581 0.0141799 0.0213153 0.0300524 0.0400644 0.050637 0.0606397 0.0688011 0.0741724 0.0764284 0.0758058 0.0728192 0.068022 0.0619249 0.0550097 0.0477441 0.0405559 0.0337777 0.0276027 0.0220872 0.0172074 0.0129329 0.00927189 0.00626578 0.00394654
 0.00871547 0.0141477 0.0212675 0.0299838 0.0399657 0.0504928 0.0604282 0.0684981 0.0737618 0.0759185 0.0752475 0.0723157 0.0677162 0.0619539 0.0554379 0.0485109 0.0414796 0.0346273 0.0281974 0.0223626 0.0172138 0.0127811 0.00907117 0.0060871 0.00381816
 0.00868331 0.0140991 0.0212013 0.0299012 0.03987 0.0503872 0.0603145 0.0683739 0.0736186 0.0757432 0.0750285 0.0720567 0.0674502 0.0617481 0.0553774 0.0486601 0.0418407 0.0351248 0.0287048 0.0227606 0.0174405 0.0128458 0.00902959 0.0060031 0.00373681
 0.00868388 0.0140941 0.0211828 0.0298591 0.0397951 0.0502765 0.0601745 0.0682201 0.0734689 0.07561 0.0749137 0.0719525 0.0673477 0.06165 0.0553062 0.048655 0.0419389 0.035335 0.0289934 0.0230613 0.0176859 0.0129977 0.00908988 0.00600095 0.00370717
 0.00866902 0.0140734 0.0211578 0.0298322 0.0397676 0.0502462 0.0601349 0.0681627 0.0733889 0.07551 0.0748042 0.0718469 0.0672562 0.0615775 0.0552556 0.0486339 0.0419616 0.0354154 0.0291319 0.0232373 0.017863 0.0131404 0.00917954 0.00604053 0.00371326
 0.00866688 0.0140693 0.0211506 0.0298209 0.0397521 0.0502278 0.0601159 0.0681454 0.0733728 0.0754909 0.0747755 0.0718038 0.0671992 0.0615124 0.0551924 0.0485836 0.041935 0.0354223 0.0291774 0.0233168 0.017961 0.0132354 0.00925343 0.00608572 0.00373326
 0.00864544 0.0140374 0.021108 0.0297694 0.0396948 0.0501685 0.0600586 0.0680942 0.0733319 0.0754638 0.0747635 0.0718047 0.0672079 0.0615231 0.0552014 0.0485915 0.041947 0.0354453 0.0292174 0.0233752 0.0180324 0.013309 0.00931715 0.00613185 0.00376063
 0.00861536 0.0139876 0.021032 0.0296616 0.0395529 0.0499972 0.0598714 0.0679124 0.0731796 0.0753607 0.07472 0.0718203 0.0672735 0.0616245 0.0553229 0.0487194 0.0420718 0.0355632 0.0293284 0.0234805 0.0181314 0.0133981 0.00939127 0.00618717 0.00379689
 0.00863041 0.0140116 0.0210668 0.0297074 0.0396071 0.0500526 0.0599165 0.0679338 0.0731667 0.0753113 0.0746417 0.0717282 0.0671846 0.0615516 0.0552723 0.0486911 0.0420622 0.0355676 0.0293434 0.0235041 0.0181615 0.0134316 0.00942393 0.0062149 0.00381722
 0.00860825 0.01398 0.0210276 0.0296652 0.0395685 0.0500238 0.0599016 0.0679329 0.0731759 0.0753233 0.0746486 0.0717248 0.0671705 0.0615324 0.055256 0.0486849 0.0420694 0.0355877 0.0293733 0.0235399 0.0181996 0.0134689 0.00945744 0.00624227 0.00383726
 0.00861062 0.0139798 0.0210199 0.029644 0.0395286 0.0499651 0.0598309 0.0678633 0.0731218 0.0752945 0.0746466 0.0717431 0.0671987 0.0615607 0.0552796 0.0487039 0.0420875 0.0356089 0.0293996 0.0235708 0.0182329 0.0135015 0.00948664 0.00626607 0.00385478
 0.00861062 0.0139798 0.0210199 0.029644 0.0395286 0.0499651 0.0598309 0.0678633 0.0731218 0.0752945 0.0746466 0.0717431 0.0671987 0.0615607 0.0552796 0.0487039 0.0420875 0.0356089 0.0293996 0.0235708 0.0182329 0.0135015 0.00948664 0.00626607 0.00385478
#pred catch len freq
 0.00486486 0.00773295 0.0113449 0.0156281 0.0205209 0.0259384 0.0316976 0.0374985 0.0429909 0.0478644 0.0518994 0.0549822 0.057105 0.0583479 0.0588368 0.0586971 0.0580231 0.0568636 0.0551981 0.0528955 0.0496919 0.0452578 0.0393909 0.0322535 0.0244757
 0.00527586 0.00829807 0.0120105 0.0162952 0.0210923 0.0263827 0.0320861 0.0379782 0.0437003 0.048841 0.0530382 0.0560712 0.0579133 0.0587168 0.0587309 0.0581988 0.0572821 0.0560252 0.0543434 0.052022 0.0487449 0.0441934 0.0382304 0.0310914 0.0234378
 0.00571441 0.00899369 0.0130183 0.0176372 0.0227344 0.0282136 0.033918 0.0395925 0.0449323 0.0496535 0.053524 0.0563711 0.0581083 0.058774 0.0585375 0.0576487 0.0563474 0.0547684 0.0528744 0.0504419 0.0471182 0.0425628 0.0366504 0.0296456 0.0222194
 0.00609051 0.00959162 0.0138958 0.0188457 0.024316 0.0301893 0.0362603 0.0421917 0.0475793 0.0520653 0.0554174 0.0575564 0.0585464 0.058556 0.0578026 0.0565037 0.0548438 0.0529345 0.0507603 0.048136 0.0447354 0.040227 0.0344848 0.0277636 0.0207067
 0.00646031 0.0101707 0.0147281 0.0199635 0.0257425 0.03194 0.0383368 0.0445664 0.050177 0.0547452 0.0579675 0.0597141 0.0600541 0.0592343 0.0576005 0.055494 0.0531695 0.05075 0.0482037 0.0453381 0.0418397 0.0373968 0.0318894 0.02555 0.0189677
 0.00685459 0.0107839 0.0156008 0.0211186 0.0271879 0.0336704 0.0403309 0.0467812 0.0525441 0.0571711 0.0603314 0.0618638 0.0618069 0.0603949 0.0579999 0.0550363 0.0518603 0.048691 0.0455618 0.0423126 0.038645 0.0342541 0.0290119 0.0231129 0.0170738
 0.00727342 0.0114294 0.0165074 0.022298 0.0286323 0.0353577 0.0422244 0.0488258 0.0546656 0.0592813 0.0623356 0.0636643 0.0633005 0.0614679 0.0585289 0.054903 0.0509826 0.0470562 0.0432468 0.0394814 0.0355269 0.0311118 0.0261014 0.0206402 0.0151567
 0.00774513 0.0121605 0.0175413 0.0236524 0.0302987 0.0373019 0.044382 0.0511 0.0569336 0.0614126 0.0642116 0.0651917 0.0644135 0.0621212 0.0586837 0.0545157 0.0500052 0.0454571 0.0410434 0.0367698 0.0324914 0.0280032 0.0231891 0.018151 0.0132242
 0.00814024 0.0127795 0.0184303 0.0248411 0.0317988 0.039103 0.0464426 0.0533379 0.0592266 0.0636107 0.0661597 0.0667532 0.0654907 0.0626629 0.0586786 0.0539733 0.0489378 0.0438742 0.0389677 0.0342681 0.0297003 0.0251297 0.0204756 0.0158153 0.0114023
 0.0084409 0.013254 0.0191188 0.0257739 0.0329948 0.0405651 0.048149 0.055234 0.0612228 0.0655888 0.0679853 0.0682913 0.066623 0.0633044 0.0587861 0.0535433 0.0479936 0.0424529 0.0371175 0.0320614 0.0272538 0.0226131 0.0180918 0.0137537 0.00978654
 0.00880777 0.0138204 0.0199161 0.0268143 0.0342732 0.0420624 0.0498299 0.0570403 0.0630705 0.0673725 0.0695885 0.0696004 0.067541 0.0637616 0.0587463 0.0530034 0.0469784 0.0410079 0.0353049 0.0299638 0.024984 0.0203192 0.0159432 0.0119068 0.00834312
 0.00915404 0.0143542 0.0206656 0.0277874 0.0354594 0.0434351 0.0513454 0.0586353 0.064664 0.0688736 0.0709066 0.0706528 0.0682588 0.0640938 0.0586634 0.0524986 0.0460669 0.0397253 0.0337066 0.0281275 0.023014 0.0183452 0.0141079 0.0103377 0.00712084
 0.00923305 0.0145014 0.0209223 0.0282042 0.0360858 0.0443016 0.052446 0.0599206 0.0660485 0.0702529 0.0721749 0.0717172 0.0690465 0.0645557 0.0587726 0.0522477 0.0454651 0.0387979 0.032497 0.0267009 0.0214602 0.016776 0.0126437 0.00908418 0.00614397
 0.00908358 0.0142885 0.0206599 0.0279309 0.0358621 0.0442021 0.0525472 0.0602845 0.0667038 0.0711777 0.0732926 0.07291 0.0701829 0.0655175 0.0594727 0.052634 0.0455171 0.0385215 0.0319213 0.0258789 0.0204691 0.0157134 0.011615 0.00818276 0.00543088
 0.0089368 0.0140623 0.0203439 0.0275271 0.035389 0.0436981 0.0520744 0.059926 0.0665508 0.0713068 0.0737409 0.073658 0.0711522 0.0665866 0.0605036 0.0535018 0.046131 0.0388333 0.031925 0.0256052 0.01998 0.0150938 0.0109595 0.00757755 0.00493621
 0.00885926 0.0139345 0.0201485 0.0272471 0.0350119 0.0432233 0.0515211 0.0593399 0.0660032 0.0708863 0.0735371 0.0737398 0.0715461 0.0672617 0.0613732 0.0544409 0.0470059 0.0395312 0.0323748 0.0257861 0.0199183 0.014852 0.0106188 0.00721856 0.0046204
 0.00901594 0.0141453 0.0203836 0.02745 0.0351118 0.0431583 0.051259 0.0588879 0.0654068 0.0702211 0.0728982 0.0732282 0.0712508 0.0672392 0.0616303 0.0549285 0.0476285 0.0401706 0.0329204 0.0261614 0.0200956 0.014851 0.0104927 0.00703277 0.0044322
 0.00920512 0.0144351 0.0207843 0.0279528 0.0356837 0.0437382 0.0517595 0.0592089 0.0654627 0.069973 0.0723736 0.0725169 0.0704801 0.0665405 0.0611081 0.0546389 0.0475695 0.0402875 0.033126 0.0263646 0.0202288 0.0148858 0.0104394 0.00692581 0.00431127
 0.00926406 0.014536 0.020946 0.0281958 0.036026 0.044186 0.052296 0.0597862 0.0660015 0.0703758 0.0725489 0.0724107 0.0700993 0.0659571 0.0604389 0.0540086 0.0470732 0.0399674 0.0329685 0.026317 0.0202261 0.0148768 0.0104004 0.00685938 0.00423432
 0.0092634 0.0145393 0.0209597 0.0282312 0.036099 0.0443162 0.0525028 0.0600815 0.0663804 0.0708066 0.0729714 0.0727448 0.0702678 0.0659137 0.0601886 0.0536095 0.0466165 0.0395439 0.0326385 0.0260969 0.0200958 0.0147996 0.0103438 0.0068064 0.00418275
 0.00912771 0.0143445 0.0207148 0.0279623 0.035844 0.0441152 0.0523899 0.0600814 0.0665068 0.0710603 0.0733348 0.0731778 0.0707091 0.0662914 0.0604399 0.0537023 0.0465612 0.0393879 0.0324454 0.0259204 0.0199634 0.0147124 0.0102882 0.00676734 0.00415149
 0.0091166 0.0143016 0.020606 0.0277444 0.0354811 0.0436015 0.0517673 0.0594381 0.0659539 0.0706979 0.0732244 0.0733307 0.0710892 0.0668264 0.0610379 0.0542722 0.0470337 0.0397305 0.0326635 0.026045 0.0200316 0.0147521 0.0103135 0.00678272 0.00415839
 0.00917295 0.014386 0.0207173 0.0278708 0.0355959 0.0436613 0.0517183 0.0592331 0.0655787 0.0701919 0.0726802 0.0728656 0.0708027 0.0667663 0.0611897 0.0545728 0.0473985 0.0400818 0.0329502 0.0262491 0.0201611 0.0148273 0.0103549 0.0068046 0.00416903
 0.00921269 0.0144474 0.0208037 0.027983 0.0357313 0.0438125 0.0518691 0.0593552 0.0656324 0.0701353 0.0724878 0.0725484 0.0704157 0.0663949 0.0609174 0.0544487 0.0474219 0.0402103 0.0331245 0.0264172 0.0202932 0.0149161 0.0104072 0.0068321 0.00418195
 0.00927912 0.0145424 0.0209227 0.0281144 0.0358601 0.0439266 0.0519637 0.0594314 0.0656907 0.0701692 0.0724801 0.0724766 0.070265 0.0661723 0.060658 0.0542058 0.0472455 0.0401261 0.0331256 0.0264737 0.0203692 0.014985 0.0104569 0.00686217 0.00419751
 0.00929491 0.014569 0.0209641 0.0281734 0.0359368 0.0440158 0.0520541 0.0595085 0.0657424 0.0701907 0.0724739 0.0724474 0.0702133 0.0660938 0.0605499 0.0540758 0.0471145 0.040021 0.0330662 0.0264633 0.0203952 0.0150273 0.0104983 0.00689346 0.00421706
 0.00928534 0.0145526 0.0209383 0.0281365 0.0358895 0.0439632 0.052006 0.0594767 0.0657356 0.07021 0.0725126 0.0724941 0.0702571 0.0661267 0.0605669 0.0540746 0.0470978 0.0399975 0.0330485 0.0264618 0.0204128 0.0150587 0.0105337 0.00692426 0.00423916
 0.00909462 0.0142825 0.0206053 0.0277803 0.0355606 0.0437042 0.0518374 0.0593962 0.065729 0.0702632 0.0726171 0.0726446 0.0704454 0.0663387 0.0607846 0.0542806 0.0472794 0.0401495 0.0331726 0.026564 0.0204992 0.0151325 0.0105949 0.00697155 0.0042722
 0.00879886 0.0138453 0.0200298 0.0271019 0.0348418 0.0430223 0.0512718 0.059015 0.0655745 0.0703402 0.0728913 0.073056 0.0709295 0.0668426 0.0612729 0.0547318 0.0476808 0.0404938 0.0334581 0.0267935 0.020679 0.0152698 0.0106966 0.00704331 0.00431961
 0.00849154 0.0133715 0.0193664 0.026248 0.0338226 0.0418925 0.0501186 0.0579549 0.0647362 0.069835 0.0727837 0.0733468 0.0715579 0.0677065 0.0622568 0.0557326 0.0486225 0.04133 0.0341665 0.0273691 0.0211277 0.0156048 0.0109346 0.00720322 0.00442014
 0.00835815 0.0131486 0.0190195 0.0257408 0.0331246 0.0409921 0.0490385 0.0567624 0.0635416 0.0687772 0.0720047 0.0729602 0.0716204 0.0682018 0.0631007 0.0567978 0.0497723 0.0424475 0.0351696 0.028213 0.0217981 0.0161086 0.0112922 0.00744151 0.00456823
 0.00893336 0.0139481 0.0199704 0.0266866 0.0338639 0.0413429 0.0488947 0.0561159 0.0624707 0.067421 0.0705374 0.0715677 0.0704733 0.0674257 0.0627522 0.0568568 0.050154 0.0430309 0.0358314 0.0288529 0.0223516 0.0165462 0.0116116 0.00765752 0.0047033
 0.00948207 0.0148009 0.0211738 0.028239 0.0356946 0.0432939 0.0507171 0.0575057 0.0631506 0.067236 0.0695133 0.069898 0.0684511 0.0653589 0.0608967 0.0553787 0.0491192 0.0424166 0.0355536 0.0288017 0.0224232 0.0166621 0.0117243 0.00774576 0.00476315
 0.00940122 0.0147527 0.0212559 0.0285959 0.0364822 0.0446174 0.0525684 0.0597277 0.0654477 0.069232 0.0708433 0.0703126 0.067893 0.0639787 0.0589957 0.053308 0.047182 0.0408086 0.0343506 0.0279842 0.0219158 0.0163732 0.0115725 0.00767155 0.00472914
 0.00926743 0.014541 0.020955 0.0282169 0.0360778 0.0442997 0.0525069 0.0601092 0.0663982 0.0707319 0.0726885 0.072154 0.0693459 0.0647519 0.0589842 0.0526101 0.0460408 0.0395131 0.033144 0.0270113 0.0212203 0.0159262 0.0113119 0.00753265 0.00466097
 0.00922695 0.0144663 0.0208255 0.028007 0.0357629 0.0438697 0.0519849 0.0595708 0.0659765 0.0705954 0.072984 0.0729315 0.0705045 0.0660494 0.0601182 0.0533342 0.0462535 0.0392756 0.0326266 0.0264087 0.0206807 0.0155226 0.0110515 0.00738547 0.00458754
 0.00919463 0.0144187 0.0207619 0.0279265 0.0356603 0.0437309 0.0517877 0.0592936 0.0656179 0.0701952 0.0726325 0.0727531 0.070612 0.0664843 0.060812 0.0541203 0.0469324 0.0396991 0.0327521 0.0262961 0.0204433 0.0152682 0.0108462 0.00724962 0.00451142
 0.00931978 0.0145963 0.0209813 0.028162 0.0358784 0.0439013 0.0518908 0.0593194 0.0655593 0.0700453 0.0723925 0.0724478 0.0703002 0.0662492 0.0607273 0.0542091 0.0471469 0.0399395 0.032917 0.0263306 0.0203561 0.0151118 0.0106807 0.00711548 0.0044219
 0.00944686 0.0147873 0.0212387 0.0284756 0.0362247 0.0442465 0.0521939 0.0595388 0.065662 0.0700158 0.0722362 0.0721875 0.0699715 0.0658979 0.0604064 0.0539681 0.0470133 0.039903 0.0329328 0.0263428 0.020327 0.0150368 0.0105809 0.00701872 0.00434693
 0.00934535 0.0146549 0.0210997 0.0283723 0.0362055 0.0443461 0.0524166 0.0598536 0.0660121 0.0703356 0.0724695 0.0723005 0.0699582 0.0657783 0.0602197 0.0537623 0.0468322 0.0397744 0.0328598 0.0263069 0.0203011 0.0150011 0.0105315 0.00696417 0.00429865
 0.00917593 0.0144037 0.0207683 0.027982 0.0357969 0.0439741 0.0521426 0.0597338 0.0660803 0.0705876 0.0728583 0.0727488 0.0703836 0.0661187 0.0604477 0.0538847 0.0468794 0.0397837 0.0328608 0.0263132 0.0203113 0.015007 0.0105271 0.00695011 0.00428035
