SBPRF35
12.7214
Curr Bio
863141
B35
874114
F35
0.171146
FOFL
0.16524
OFL
114253
Bzero
3.63469e+006
#pred survey bio
 3.57736e+006 3.48527e+006 3.39054e+006 3.25446e+006 3.07032e+006 2.87309e+006 2.61698e+006 2.36162e+006 2.10864e+006 1.90966e+006 1.65319e+006 1.44821e+006 1.29078e+006 1.13075e+006 1.00024e+006 900930 819705 748888 707663 681530 639535 625014 604670 585472 564693 555158 554754 554549 550283 548708 558409 558452 564206 570608 587666 609109 623679 640267 650403 657411 660589 672432 675274 677844 672350 675340 669059 676304 667926 665872 664843 719776 748239 792378 809510 830944 844560 873392 868021 2.97498e+007 1.74266e+007 1.7383e+007 1.80544e+007 1.92329e+007 2.06398e+007 2.20596e+007 2.33609e+007 2.44818e+007 2.54078e+007 2.61507e+007 2.67349e+007 2.71879e+007 2.7536e+007 2.78021e+007 2.80051e+007 2.81597e+007 2.82778e+007 2.83681e+007 2.84375e+007 2.8491e+007 2.85325e+007 2.85648e+007 2.859e+007 2.86099e+007 2.86256e+007 2.86379e+007 2.86478e+007 2.86556e+007 2.86619e+007 2.86669e+007 2.8671e+007 2.86742e+007 2.86769e+007 2.8679e+007 2.86807e+007 2.86822e+007 2.86833e+007 2.86842e+007 2.8685e+007 2.86856e+007 2.86861e+007 2.86865e+007 2.86869e+007 2.86872e+007 2.86874e+007 2.86876e+007 2.86877e+007 2.86878e+007 2.86879e+007 2.8688e+007 2.86881e+007 2.86881e+007 2.86882e+007 2.86882e+007 2.86883e+007 2.86883e+007 2.86883e+007 2.86883e+007 2.86883e+007 2.86883e+007 2.86884e+007 2.86884e+007 2.86884e+007 2.86884e+007 2.86884e+007 2.86884e+007 2.86884e+007 2.86884e+007 2.86884e+007 2.86884e+007 2.86884e+007 2.86884e+007 2.86884e+007 2.86884e+007 2.86884e+007 2.86884e+007 2.86884e+007 2.86884e+007 2.86884e+007 2.86884e+007 2.86884e+007 2.86884e+007 2.86884e+007 2.86884e+007 2.86884e+007 2.86884e+007 2.86884e+007 2.86884e+007 2.86884e+007 2.86884e+007 2.86884e+007 2.86884e+007 2.86884e+007 2.86884e+007 2.86884e+007 2.86884e+007 2.86884e+007 2.86884e+007 2.86884e+007 0 0 0 0 0 0 0 0 0 0 0 0 0 0 0 0 0 0 0 0 0 0 0 0 0
#obs survey bio
 2.52305e+006 4.19913e+006 2.7346e+006 2.78689e+006 3.32763e+006 2.72654e+006 2.32686e+006 2.49418e+006 1.94584e+006 2.51114e+006 1.81432e+006 1.21188e+006 1.13414e+006 1.27237e+006 1.67046e+006 724216 1.05568e+006 832747 554493 681021 899219 542274 821517 764342 645534 516998 557501 1.07556e+006 435838 459423 411032 569556 508141 472988 964428 779564 671565 894026 997839 688168 512281 615430 875122 629913 649024 612326 489725 503696 723276 650918 695993 624904 858537 662151 961663 700831 1.08494e+006 852834 779667
#pred catch bio
 93979.1 99340.2 143662 197884 222890 291592 306632 319507 283779 345155 304817 266453 270279 243581 215315 198268 186603 158427 143644 153672 126287 128137 123623 121556 109589 100927 100135 102579 99959.1 91772.8 101941 98911.2 100217 92668.4 90088.9 96412.9 94965.4 100362 102295 105036 98192.4 106684 107165 114132 107078 115094 103677 116864 110535 109078 62906 87347 74466.6 98270.5 94585.1 101227 87608.1 114754 119889 114253 114997 113325 116159 123065 131788 140636 148660 155451 160931 165203 168448 170865 172638 173922 174845 175502 175967 176295 176525 176686 176798 176876 176931 176968 176995 177013 177025 177034 177040 177044 177047 177049 177050 177051 177051 177052 177052 177052 177053 177053 177053 177053 177053 177053 177053 177053 177053 177053 177053 177053 177053 177053 177053 177053 177053 177053 177053 177053 177053 177053 177053 177053 177053 177053 177053 177053 177053 177053 177053 177053 177053 177053 177053 177053 177053 177053 177053 177053 177053 177053 177053 177053 177053 177053 177053 177053 177053 177053 177053 177053 177053 177053 177053 177053 177053 177053 177053 177053 177053 0 0 0 0 0 0 0 0 0 0 0 0 0 0 0 0 0 0 0 0 0 0 0 0 0
#obs catch bio
 0 99079.7 143714 198555 223370 292866 307638 321879 285270 347452 306441 268039 271606 244198 214282 199450 186808 158983 144185 155205 126398 128288 123170 120980 109160 100869 100419 101862 99406.2 91459.3 102120 99279.6 101446 93925.9 90551.3 96587.1 95115.9 100462 102133 104464 97943.1 106871 106923 114099 107114 115423 103896 117567 110776 109850 62543.1 87795.1 74254.1 98802 94668.5 101865 87536.7 115095 119942
#pred cpue bio
 3.52406e+006 3.43357e+006 3.34003e+006 3.204e+006 3.01997e+006 2.82307e+006 2.568e+006 2.31369e+006 2.06197e+006 1.86402e+006 1.60998e+006 1.40702e+006 1.25123e+006 1.09327e+006 964497 866449 786443 717095 676852 651490 610991 597334 577966 559630 539660 530475 530137 530167 526213 524494 533516 533141 538376 544447 561267 582649 597207 613557 623709 630848 633983 645337 648029 650528 645070 647886 641748 648824 640757 638876 637993 691970 720508 764117 780963 801928 815473 844209 839873 2.88224e+007 1.68917e+007 1.67031e+007 1.71901e+007 1.82956e+007 1.96833e+007 2.10989e+007 2.23993e+007 2.35201e+007 2.4446e+007 2.51889e+007 2.57731e+007 2.62261e+007 2.65742e+007 2.68403e+007 2.70433e+007 2.71979e+007 2.7316e+007 2.74063e+007 2.74757e+007 2.75292e+007 2.75707e+007 2.7603e+007 2.76282e+007 2.76481e+007 2.76638e+007 2.76761e+007 2.7686e+007 2.76938e+007 2.77001e+007 2.77051e+007 2.77092e+007 2.77124e+007 2.77151e+007 2.77172e+007 2.77189e+007 2.77204e+007 2.77215e+007 2.77224e+007 2.77232e+007 2.77238e+007 2.77243e+007 2.77247e+007 2.77251e+007 2.77254e+007 2.77256e+007 2.77258e+007 2.77259e+007 2.7726e+007 2.77261e+007 2.77262e+007 2.77263e+007 2.77264e+007 2.77264e+007 2.77264e+007 2.77265e+007 2.77265e+007 2.77265e+007 2.77265e+007 2.77265e+007 2.77266e+007 2.77266e+007 2.77266e+007 2.77266e+007 2.77266e+007 2.77266e+007 2.77266e+007 2.77266e+007 2.77266e+007 2.77266e+007 2.77266e+007 2.77266e+007 2.77266e+007 2.77266e+007 2.77266e+007 2.77266e+007 2.77266e+007 2.77266e+007 2.77266e+007 2.77266e+007 2.77266e+007 2.77266e+007 2.77266e+007 2.77266e+007 2.77266e+007 2.77266e+007 2.77266e+007 2.77266e+007 2.77266e+007 2.77266e+007 2.77266e+007 2.77266e+007 2.77266e+007 2.77266e+007 2.77266e+007 2.77266e+007 2.77266e+007 2.77266e+007 2.77266e+007 2.77266e+007 0 0 0 0 0 0 0 0 0 0 0 0 0 0 0 0 0 0 0 0 0 0 0 0 0
#obs cpue bio
 2.64771e+006 4.44063e+006 3.56888e+006 2.3856e+006 2.20313e+006 3.68688e+006 2.7262e+006 1.59451e+006 1.74585e+006 2.03906e+006 1.27155e+006 1.34189e+006 1.68277e+006 1.02339e+006 878855 564914 816993 495864 746083 522646 542946 749511 573662 511664 461815 454014 415694 600282 655560 498289 585282 390704 306225 416781 561067 647565 495729 490577 497901 927083 582367 566448 648175 672456 540406 693256 683571 793302 658062 591284 691838 732552 683877 677027 731086 655578 760775 1.01277e+006 1.08512e+006
#pred surv len freq
 0.00498665 0.00805362 0.0120419 0.0169089 0.0225292 0.0286256 0.0347364 0.0403173 0.0449431 0.0484483 0.0509109 0.0525338 0.0535358 0.0540985 0.0543526 0.0543813 0.054234 0.053928 0.0534116 0.0524837 0.0507319 0.0475964 0.0426236 0.0358077 0.0277793
 0.00521532 0.00833154 0.0122915 0.0170126 0.0223766 0.0281797 0.0340756 0.0396174 0.0443987 0.0481814 0.0509232 0.0527281 0.0537851 0.0543166 0.0545283 0.0545676 0.054503 0.0543166 0.0538844 0.0529351 0.0510293 0.0476449 0.0424132 0.035416 0.0273282
 0.00542084 0.00867301 0.0128118 0.0177375 0.023287 0.0291838 0.0350051 0.0402714 0.0446299 0.047974 0.0504042 0.0520962 0.0532074 0.0538647 0.0541884 0.0542973 0.0542802 0.0541458 0.0537664 0.0528352 0.0508769 0.0473698 0.041992 0.0348918 0.0267893
 0.00559242 0.00895387 0.0132396 0.0183519 0.0241245 0.0302645 0.0363094 0.0417153 0.0460555 0.0491735 0.051181 0.0523402 0.0529398 0.0532192 0.0533405 0.0533909 0.0533955 0.0533103 0.0529785 0.0520769 0.0501192 0.046586 0.0411812 0.0340925 0.0260677
 0.00577769 0.00925343 0.0136881 0.0189824 0.0249653 0.0313323 0.0376005 0.0431966 0.0476583 0.0507883 0.0526569 0.0534996 0.0536179 0.0533186 0.0528696 0.0524588 0.0521628 0.051929 0.0515542 0.0506643 0.0487405 0.0452567 0.0399305 0.0329695 0.0251284
 0.00597398 0.00956671 0.0141493 0.0196183 0.025796 0.0323669 0.0388306 0.0445925 0.0491697 0.0523478 0.0541799 0.0548797 0.054725 0.0540126 0.0530335 0.0520396 0.0511961 0.0505282 0.0498707 0.0488441 0.0469009 0.0434888 0.0383122 0.0315715 0.0240052
 0.00625317 0.0100117 0.0148024 0.0205129 0.026951 0.0337782 0.0404614 0.0463715 0.0510005 0.0541283 0.0558169 0.0562931 0.0558401 0.0547493 0.0533042 0.0517632 0.0503266 0.0490836 0.0479437 0.0465869 0.0444954 0.0411173 0.0361372 0.0297197 0.0225518
 0.00652282 0.0104465 0.0154506 0.0214175 0.0281427 0.0352637 0.0422103 0.0483096 0.0530187 0.0561013 0.057624 0.0578319 0.0570308 0.0555299 0.0536209 0.0515624 0.0495601 0.0477293 0.0460334 0.0442265 0.0418621 0.0384336 0.0336287 0.0275711 0.0208717
 0.00679013 0.0108776 0.0160932 0.0223152 0.0293287 0.0367498 0.0439739 0.0502864 0.055107 0.0581766 0.0595568 0.0595017 0.0583365 0.0563945 0.0539895 0.0513953 0.0488263 0.0464107 0.0441449 0.0418428 0.0391368 0.0355904 0.0309219 0.0252253 0.0190282
 0.00693564 0.0111209 0.016473 0.0228739 0.030107 0.0377763 0.0452532 0.0517918 0.0567813 0.0599394 0.0613119 0.0611441 0.0597588 0.0574947 0.0546781 0.0515993 0.0484911 0.0455032 0.0426652 0.0398453 0.0367499 0.033018 0.0284116 0.0230103 0.0172664
 0.00726631 0.0116454 0.0172381 0.023915 0.0314425 0.0393991 0.0471206 0.0538205 0.0588568 0.0619352 0.0631098 0.0626466 0.0608924 0.0582069 0.0549304 0.0513611 0.0477359 0.044213 0.0408443 0.0375436 0.0340873 0.030191 0.0256678 0.0205907 0.0153395
 0.00756152 0.0121131 0.0179195 0.0248411 0.03263 0.0408441 0.048789 0.0556442 0.0607394 0.0637665 0.0647816 0.0640633 0.0619769 0.0589016 0.0551958 0.0511698 0.047068 0.0430556 0.0392016 0.0354576 0.0316613 0.0275994 0.023136 0.0183437 0.0135393
 0.00778575 0.0124711 0.0184462 0.0255656 0.033571 0.0420033 0.0501432 0.0571417 0.0623052 0.0653145 0.066226 0.0653255 0.0629877 0.0596024 0.0555385 0.0511172 0.0465922 0.0421394 0.0378458 0.0336971 0.0295842 0.0253568 0.0209261 0.0163675 0.0119458
 0.00810205 0.0129712 0.0191724 0.026547 0.0348178 0.0434986 0.0518336 0.0589352 0.064083 0.0669534 0.0676204 0.0663998 0.0636977 0.0599296 0.0554813 0.0506807 0.0457822 0.0409614 0.0363129 0.0318461 0.0274948 0.0231616 0.0187986 0.0144836 0.010435
 0.00845785 0.0135219 0.0199497 0.0275627 0.0360639 0.0449473 0.0534345 0.060612 0.0657378 0.0684789 0.0689155 0.0673823 0.0643124 0.0601511 0.0553102 0.0501351 0.0448877 0.0397444 0.0348026 0.0300859 0.0255587 0.0211643 0.0168862 0.0128034 0.0090937
 0.00863898 0.0138274 0.020429 0.0282659 0.0370285 0.0461777 0.0548854 0.0621879 0.0673137 0.0699311 0.0701447 0.0683211 0.0649201 0.0604063 0.0552072 0.0496827 0.0441062 0.0386635 0.0334598 0.0285319 0.0238665 0.0194357 0.0152448 0.0113698 0.00795404
 0.00872602 0.0139756 0.0206657 0.0286243 0.0375447 0.0468834 0.0557962 0.0632908 0.0685585 0.0712307 0.0713875 0.0693919 0.0657237 0.0608826 0.0553325 0.0494611 0.0435596 0.0378243 0.0323698 0.0272453 0.022456 0.0179947 0.0138801 0.0101822 0.0070128
 0.0088971 0.0142334 0.0210167 0.0290634 0.0380603 0.0474653 0.0564396 0.0639953 0.0693211 0.0720379 0.0722071 0.07017 0.0663897 0.0613618 0.0555625 0.049405 0.0432093 0.0371971 0.0315028 0.0261924 0.021288 0.0167978 0.0127483 0.00920043 0.00623769
 0.00894893 0.0143153 0.0211353 0.0292223 0.0382591 0.0476982 0.0566967 0.0642666 0.0696042 0.0723428 0.0725533 0.0705741 0.066848 0.06184 0.055998 0.0497221 0.0433402 0.0370991 0.0311667 0.0256433 0.0205807 0.016009 0.0119639 0.00849898 0.00567329
 0.00877878 0.0140749 0.0208405 0.0289114 0.0379823 0.0475015 0.0566078 0.0642913 0.0697326 0.0725587 0.0728436 0.0709321 0.0672708 0.0623193 0.0565099 0.0502207 0.0437627 0.0373805 0.0312594 0.0255316 0.0202867 0.0155873 0.0114874 0.00804054 0.00528763
 0.00886002 0.0141837 0.0209628 0.0290233 0.0380615 0.0475424 0.0566302 0.0643334 0.0698302 0.0727246 0.0730594 0.0711599 0.0674746 0.0624814 0.0566317 0.0503106 0.04382 0.0373882 0.0311894 0.0253604 0.0200106 0.01523 0.0110947 0.00766504 0.0049719
 0.00883304 0.0141327 0.0208723 0.0288735 0.0378315 0.0472181 0.0562145 0.0638548 0.0693464 0.0723145 0.0728038 0.0711159 0.0676552 0.0628526 0.0571287 0.0508608 0.04436 0.0378679 0.0315702 0.0256151 0.0201283 0.0152219 0.0109936 0.00751611 0.0048185
 0.00883334 0.0141383 0.0208893 0.0289081 0.0378851 0.047281 0.0562621 0.0638525 0.0692617 0.0721345 0.0725477 0.0708343 0.0674159 0.0627165 0.0571283 0.0509906 0.0445829 0.0381308 0.0318196 0.0258082 0.0202399 0.0152472 0.0109476 0.00742712 0.00471778
 0.00888912 0.0142153 0.0209802 0.0289988 0.03796 0.0473302 0.0562853 0.0638557 0.0692485 0.0720987 0.0724745 0.0707116 0.0672479 0.0625308 0.0569679 0.050897 0.0445772 0.0382055 0.0319435 0.0259397 0.0203422 0.0152995 0.0109482 0.00738976 0.00466295
 0.00903203 0.0144284 0.0212646 0.0293407 0.0383326 0.0476978 0.0566086 0.0640978 0.0693827 0.0721143 0.072378 0.0705205 0.0669838 0.0622165 0.0566305 0.0505695 0.0442941 0.0379919 0.0318057 0.0258639 0.0203024 0.0152699 0.0109129 0.00734549 0.00461547
 0.00909049 0.0145182 0.0213897 0.0295003 0.0385202 0.0479006 0.0568076 0.0642691 0.0695022 0.0721647 0.0723536 0.0704285 0.0668403 0.0620406 0.0564399 0.05038 0.044121 0.0378498 0.0317048 0.025805 0.0202761 0.0152604 0.0109058 0.00733312 0.00459762
 0.00894977 0.0143169 0.0211375 0.0292242 0.0382569 0.0476849 0.0566625 0.0642023 0.0695091 0.0722323 0.0724652 0.0705664 0.0669886 0.0621871 0.0565772 0.0505046 0.044233 0.0379519 0.0318007 0.0258968 0.0203623 0.0153358 0.0109643 0.00737178 0.00461803
 0.00896521 0.0143156 0.0210884 0.0290865 0.0379963 0.047296 0.0561839 0.0637122 0.0690985 0.0719716 0.0723819 0.0706453 0.0671878 0.0624574 0.0568758 0.0508012 0.0445092 0.038199 0.0320162 0.0260814 0.0205167 0.0154602 0.0110585 0.00743703 0.00465835
 0.00920309 0.0146603 0.0215276 0.0295768 0.0384695 0.0476732 0.056393 0.063705 0.0688668 0.0715564 0.0718662 0.0701281 0.0667508 0.0621431 0.0566851 0.0507082 0.0444802 0.0382054 0.0320393 0.0261111 0.020548 0.0154899 0.0110843 0.00745694 0.00467163
 0.00938163 0.0149438 0.0219394 0.0301284 0.0391513 0.0484434 0.0571708 0.0643779 0.0693168 0.0716972 0.0716734 0.0696477 0.0660826 0.0614071 0.0559866 0.0501142 0.0440147 0.0378602 0.0317912 0.0259354 0.0204253 0.0154064 0.0110297 0.00742309 0.00465179
 0.00939681 0.0149739 0.0219956 0.0302262 0.0393089 0.0486774 0.0574885 0.0647684 0.069744 0.0720995 0.0719748 0.0697805 0.0660128 0.0611493 0.0555994 0.049678 0.0436034 0.0375213 0.0315405 0.0257655 0.0203176 0.0153416 0.0109924 0.00740257 0.00464106
 0.009449 0.0150626 0.0221359 0.0304343 0.0395982 0.0490524 0.0579397 0.0652707 0.0702594 0.0725824 0.0723759 0.0700497 0.0661054 0.061038 0.0552879 0.0492066 0.0430412 0.0369461 0.0310174 0.0253333 0.019988 0.0151066 0.0108347 0.00730284 0.00458179
 0.00936569 0.014946 0.021996 0.0302938 0.0394887 0.0490067 0.0579838 0.0654189 0.0705115 0.0729227 0.0727731 0.0704597 0.0664763 0.0613182 0.0554361 0.0492027 0.0428942 0.0366932 0.0307127 0.0250308 0.019727 0.0149058 0.0106945 0.00721319 0.00452895
 0.00915431 0.0146367 0.0215949 0.0298311 0.0390127 0.048573 0.0576457 0.0652205 0.0704832 0.073075 0.0730929 0.0709109 0.0670051 0.0618619 0.0559326 0.0496006 0.0431613 0.0368236 0.0307264 0.0249659 0.0196263 0.014804 0.0106119 0.00715583 0.00449397
 0.00894745 0.0143009 0.0210931 0.0291356 0.038119 0.0475171 0.0565163 0.0641527 0.0696283 0.0725584 0.0729811 0.0712012 0.0676367 0.0627366 0.0569362 0.0506209 0.0441041 0.0376232 0.0313517 0.0254183 0.0199312 0.0149979 0.0107303 0.0072264 0.00453525
 0.00889009 0.0141869 0.0208825 0.0287776 0.0375628 0.0467317 0.0555116 0.0629924 0.0684275 0.0714659 0.0721502 0.0707555 0.0676399 0.0631777 0.0577354 0.0516532 0.0452297 0.0387157 0.0323173 0.0262049 0.0205261 0.0154181 0.0110089 0.00740056 0.00463797
 0.00885234 0.0141346 0.0208188 0.0287054 0.0374768 0.0466089 0.0553083 0.0626549 0.0679165 0.0707847 0.0713609 0.0699725 0.0670021 0.0628076 0.0577033 0.0519584 0.045805 0.0394514 0.0330939 0.0269222 0.021121 0.0158669 0.0113196 0.00759887 0.00475513
 0.00869539 0.0139024 0.0205124 0.028342 0.0370863 0.0462253 0.0549611 0.0623602 0.0676702 0.0705618 0.0711268 0.0697054 0.0667155 0.0625579 0.0575732 0.0520235 0.0460999 0.0399533 0.0337303 0.0275972 0.0217456 0.0163819 0.0117022 0.00785676 0.00491345
 0.00862 0.0137772 0.0203203 0.0280682 0.036725 0.0457884 0.0544837 0.0618971 0.0672798 0.0702848 0.0709708 0.0696449 0.0667082 0.0625703 0.0576013 0.0520967 0.0462645 0.0402438 0.034146 0.0280969 0.0222633 0.0168518 0.0120802 0.0081283 0.00508844
 0.00872399 0.0139149 0.0204689 0.028186 0.0367608 0.0456989 0.0542495 0.0615307 0.0668235 0.0698004 0.070524 0.0692883 0.0664678 0.0624422 0.0575631 0.0521266 0.0463561 0.0404062 0.0343894 0.028415 0.0226259 0.0172132 0.0123964 0.00837241 0.00525543
 0.00882902 0.0140829 0.0207144 0.0285151 0.037163 0.0461383 0.0546615 0.0618317 0.0669362 0.0696831 0.0701893 0.0687981 0.06591 0.0619011 0.0570978 0.0517653 0.0461046 0.0402609 0.0343454 0.028464 0.0227498 0.017382 0.0125743 0.00852877 0.00537331
 0.00872179 0.0139355 0.0205429 0.0283526 0.0370518 0.0461161 0.054747 0.0620156 0.0671797 0.069926 0.0703652 0.0688569 0.0658359 0.0617188 0.0568606 0.0515335 0.0459254 0.0401602 0.0343291 0.0285243 0.0228694 0.0175365 0.0127361 0.00867347 0.00548565
 0.008719 0.0139229 0.0205105 0.0282897 0.0369543 0.0459959 0.0546361 0.0619593 0.0672184 0.0700731 0.0705951 0.0691105 0.0660419 0.0618213 0.056839 0.0514072 0.0457418 0.0399743 0.034185 0.0284454 0.0228581 0.0175789 0.0128098 0.00875505 0.00555743
 0.00875055 0.0139683 0.0205672 0.0283501 0.037006 0.0460237 0.0546268 0.0619082 0.0671358 0.0699858 0.0705387 0.0691121 0.0661043 0.0619174 0.0569243 0.051442 0.0457101 0.0398891 0.0340788 0.0283536 0.0228041 0.0175687 0.0128343 0.00879774 0.00560239
 0.00877604 0.0140178 0.0206561 0.0284956 0.0372209 0.0463069 0.0549553 0.0622386 0.0674149 0.0701687 0.0706038 0.0690672 0.0659795 0.0617497 0.0567407 0.0512514 0.0455087 0.0396732 0.0338556 0.0281419 0.0226262 0.0174398 0.0127566 0.0087617 0.00559311
 0.00872765 0.0139433 0.0205526 0.028366 0.0370759 0.0461667 0.0548487 0.0621958 0.067456 0.0702924 0.0707849 0.0692655 0.066157 0.0618837 0.0568274 0.0512985 0.0455254 0.0396647 0.0338251 0.0280956 0.0225753 0.0173965 0.0127291 0.00875119 0.00559488
 0.00876767 0.0140031 0.0206326 0.0284626 0.0371823 0.0462742 0.054949 0.0622834 0.0675304 0.0703582 0.0708477 0.0693263 0.0662078 0.0619093 0.0568133 0.0512384 0.0454238 0.0395339 0.0336799 0.0279498 0.022441 0.0172838 0.0126441 0.00869476 0.00556271
 0.00865158 0.0138316 0.0204069 0.0281949 0.0368933 0.0459872 0.0546857 0.0620631 0.0673702 0.0702729 0.0708489 0.0694189 0.0663869 0.0621579 0.0571028 0.0515346 0.0456955 0.03976 0.033852 0.0280707 0.0225199 0.0173324 0.0126735 0.00871333 0.00557541
 0.00866513 0.0138496 0.0204268 0.0282127 0.0369054 0.0459932 0.0546894 0.0620703 0.0673849 0.0702936 0.0708687 0.0694308 0.0663886 0.0621538 0.0571005 0.0515387 0.045704 0.0397656 0.0338469 0.0280512 0.0224881 0.0172948 0.0126375 0.00868426 0.00555545
 0.00865842 0.0138359 0.0204008 0.0281679 0.0368355 0.0458948 0.0545655 0.0619315 0.0672484 0.0701797 0.0707953 0.0694081 0.0664166 0.0622238 0.0571998 0.0516547 0.0458259 0.0398834 0.0339514 0.028135 0.0225479 0.0173319 0.012657 0.00869271 0.00555834
 0.00861277 0.0137698 0.0203162 0.0280711 0.0367345 0.0457955 0.0544692 0.0618359 0.0671518 0.0700848 0.0707117 0.0693499 0.0663978 0.0622527 0.0572759 0.051769 0.0459642 0.0400301 0.0340923 0.0282589 0.0226477 0.0174052 0.012706 0.00872242 0.00557477
 0.00820668 0.0131319 0.0194001 0.0268548 0.0352315 0.044068 0.0526383 0.0600756 0.0656576 0.0690277 0.0701986 0.0694082 0.0669832 0.0632696 0.0586005 0.0532702 0.0475192 0.0415355 0.0354691 0.0294539 0.023632 0.0181723 0.0132684 0.00910764 0.0058195
 0.00824927 0.0131593 0.0193634 0.0266807 0.0348392 0.0433973 0.0516773 0.0588747 0.0643247 0.0677089 0.0690516 0.0685737 0.0665587 0.0632924 0.0590446 0.0540578 0.0485409 0.0426721 0.0366102 0.0305101 0.0245419 0.0189036 0.0138159 0.00948805 0.00606341
 0.00818045 0.0130562 0.019222 0.026496 0.034597 0.043066 0.051208 0.0582163 0.0634519 0.0666501 0.0679014 0.0674789 0.0656831 0.0627746 0.0589649 0.0544228 0.0492881 0.0436893 0.0377624 0.0316663 0.0255957 0.0197854 0.0144956 0.00997023 0.00637725
 0.00815649 0.0130328 0.0192149 0.0265288 0.0346923 0.0432328 0.0514275 0.0584355 0.0635882 0.0666102 0.0676112 0.0669169 0.0649019 0.0618982 0.0581566 0.0538368 0.0490239 0.0437687 0.0381329 0.0322265 0.0262288 0.0203896 0.0150028 0.0103511 0.00663474
 0.00799647 0.012796 0.018903 0.0261614 0.0343052 0.042872 0.0511417 0.0582659 0.0635545 0.0666966 0.0677612 0.067046 0.0649284 0.0617796 0.0579143 0.0535543 0.0488159 0.0437353 0.0383207 0.0326148 0.026744 0.0209368 0.0154988 0.010745 0.00691232
 0.00784813 0.012567 0.0185819 0.025748 0.0338132 0.042331 0.0505993 0.0577839 0.0631979 0.0665153 0.067772 0.0672234 0.0652082 0.0620785 0.0581598 0.0537139 0.0489116 0.0438307 0.0384876 0.0328953 0.0271309 0.0213797 0.0159305 0.0111098 0.00718254
 0.00744757 0.0119668 0.017774 0.0247587 0.0326963 0.0411555 0.0494407 0.0567232 0.0623196 0.0658997 0.0674819 0.0672881 0.0656125 0.0627599 0.0590206 0.0546465 0.0498291 0.0446887 0.0392839 0.0336485 0.0278515 0.0220542 0.0165257 0.0115917 0.00753508
 0.00710134 0.0114402 0.0170501 0.0238492 0.0316409 0.040018 0.0483044 0.0556821 0.0614628 0.0652932 0.0671588 0.0672529 0.0658518 0.0632487 0.0597192 0.0554967 0.0507593 0.0456295 0.0401848 0.0344836 0.0286112 0.0227301 0.0171029 0.0120538 0.00787449
#obs surv len freq
 nan nan nan nan nan nan nan nan nan nan nan nan nan nan nan nan nan nan nan nan nan nan nan nan nan
 0.00448484 0.00734623 0.0111762 0.0159924 0.0216929 0.0279681 0.0342818 0.0400127 0.0446921 0.0481559 0.0505138 0.0520098 0.0529022 0.0534148 0.0537292 0.0539842 0.0542629 0.0545557 0.0546945 0.0542864 0.0527244 0.0493566 0.0438063 0.0362863 0.0276699
 0.00461061 0.00755374 0.0114938 0.0164473 0.0223044 0.0287371 0.0351808 0.040983 0.0456522 0.0490184 0.0512016 0.0524679 0.0531027 0.0533569 0.0534349 0.0534904 0.0536128 0.0537919 0.0538558 0.0534095 0.051848 0.0485234 0.0430608 0.0356662 0.027196
 0.0047776 0.00782396 0.0118983 0.0170147 0.023056 0.029679 0.0362941 0.0422184 0.0469328 0.0502498 0.0522857 0.0533147 0.053642 0.0535462 0.0532638 0.0529792 0.0528053 0.0527464 0.0526378 0.0520884 0.0504978 0.0472234 0.0418895 0.0346882 0.0264471
 0.00497111 0.00814231 0.0123842 0.0177096 0.0239912 0.0308623 0.0376964 0.0437704 0.048536 0.0517957 0.0536715 0.0544502 0.0544505 0.0539669 0.0532564 0.0525301 0.0519318 0.0514962 0.0510851 0.0503297 0.048648 0.0454092 0.0402365 0.0332991 0.0253796
 0.00516945 0.00846926 0.0128849 0.0184296 0.0249685 0.0321136 0.0392028 0.0454704 0.0503324 0.0535719 0.0553096 0.0558434 0.0555089 0.0546188 0.0534487 0.0522291 0.0511279 0.0502109 0.0493778 0.0483019 0.046441 0.043193 0.0381851 0.0315578 0.0240331
 0.00539873 0.00884184 0.0134456 0.0192208 0.0260233 0.0334442 0.0407881 0.0472505 0.0522147 0.0554467 0.0570645 0.0573729 0.0567185 0.0554278 0.0537911 0.0520559 0.05041 0.0489467 0.0476057 0.0461131 0.0439854 0.0406687 0.0358083 0.0295158 0.0224412
 0.00565201 0.00925603 0.0140733 0.0201119 0.0272148 0.0349449 0.0425628 0.0492165 0.0542554 0.0574358 0.0588868 0.0589326 0.0579384 0.0562427 0.0541444 0.0518978 0.0497013 0.0476682 0.045775 0.0438047 0.0413446 0.0379071 0.0331703 0.0272237 0.0206389
 0.00589811 0.00966219 0.0146958 0.0210072 0.028428 0.0364922 0.0444136 0.0512862 0.056418 0.0595484 0.0608144 0.0605637 0.0591895 0.0570554 0.0544771 0.0517171 0.0489775 0.0463811 0.0439308 0.0414614 0.0386348 0.0350399 0.0304008 0.0247938 0.018713
 0.00614042 0.0100589 0.0152983 0.021866 0.0295841 0.0379628 0.0461763 0.0532718 0.0585175 0.0616313 0.0627484 0.0622291 0.0604879 0.0579137 0.0548464 0.0515662 0.0482856 0.0451365 0.0421418 0.0391794 0.0359799 0.0322093 0.0276444 0.0223564 0.0167676
 0.00639279 0.0104711 0.0159222 0.0227508 0.030767 0.0394535 0.0479422 0.0552336 0.0605607 0.0636288 0.0645801 0.0637923 0.0616989 0.0587072 0.0551734 0.0513925 0.0475898 0.0439094 0.0403951 0.0369637 0.0334075 0.0294647 0.0249645 0.0199775 0.0148606
 0.00661305 0.0108356 0.0164826 0.0235591 0.0318645 0.0408549 0.0496181 0.0571052 0.0625122 0.0655303 0.0663107 0.0652522 0.0628131 0.0594222 0.0554524 0.0512095 0.0469265 0.0427572 0.0387637 0.0348995 0.0310135 0.0269098 0.0224661 0.0177544 0.0130735
 0.00685373 0.0112266 0.0170707 0.0243876 0.0329658 0.0422367 0.0512503 0.0589134 0.0643865 0.067345 0.0679443 0.0666029 0.0638053 0.060008 0.055607 0.0509238 0.0461988 0.0415915 0.0371765 0.0329358 0.0287666 0.0245313 0.020151 0.0156989 0.011422
 0.00709202 0.0116192 0.0176705 0.0252455 0.0341186 0.0436889 0.0529572 0.0607779 0.0662759 0.0691199 0.0694835 0.0678157 0.0646324 0.0604175 0.0555885 0.0504826 0.0453492 0.0403535 0.0355789 0.0310285 0.0266374 0.0223147 0.0180171 0.0138178 0.00991712
 0.00728198 0.0119353 0.0181598 0.0259564 0.0350912 0.0449392 0.0544598 0.0624598 0.0680243 0.0708029 0.0709734 0.0690061 0.0654489 0.0608198 0.0555669 0.0500492 0.0445289 0.0391783 0.0340886 0.0292792 0.0247137 0.0203367 0.016131 0.0121665 0.00860229
 0.00742776 0.0121741 0.018523 0.0264759 0.0357941 0.0458404 0.0555522 0.0637077 0.0693651 0.0721541 0.0722425 0.0701002 0.0662846 0.0613322 0.0557167 0.0498233 0.0439376 0.0382491 0.0328637 0.0278178 0.0230982 0.0186758 0.0145507 0.0107867 0.00750638
 0.00753282 0.0123417 0.0187699 0.0268164 0.0362395 0.0463967 0.0562169 0.0644679 0.0701976 0.0730272 0.0731167 0.0709275 0.0670083 0.0618909 0.0560508 0.0498852 0.0436993 0.0377066 0.0320383 0.026757 0.0218758 0.0173897 0.0133116 0.00969748 0.00663817
 0.00760585 0.0124568 0.0189363 0.0270406 0.0365246 0.0467414 0.0566152 0.0649091 0.0706693 0.0735188 0.0736195 0.0714315 0.0674958 0.0623314 0.0564009 0.0500931 0.0437151 0.0374944 0.0315863 0.0260844 0.0210348 0.0164604 0.0123893 0.00887217 0.00597318
 0.00763599 0.012504 0.019004 0.0271312 0.0366395 0.0468811 0.0567793 0.0650968 0.0708801 0.0737532 0.0738795 0.0717186 0.0678079 0.0626575 0.0567174 0.0503627 0.0438909 0.0375286 0.0314439 0.0257555 0.0205427 0.0158603 0.011757 0.0082845 0.00548807
 0.00774109 0.0126594 0.0192092 0.0273754 0.0369045 0.0471467 0.0570271 0.0653126 0.0710548 0.0738841 0.0739708 0.0717813 0.0678562 0.0627048 0.0567697 0.0504138 0.0439201 0.0375037 0.0313302 0.0255292 0.0202032 0.0154353 0.0112972 0.00784782 0.00512169
 0.00776515 0.0127023 0.01928 0.0274829 0.0370533 0.0473312 0.0572291 0.0655041 0.0712081 0.0739828 0.0740161 0.0717889 0.0678484 0.0627011 0.0567816 0.0504424 0.0439547 0.0375229 0.0313063 0.0254368 0.02003 0.0151905 0.0110104 0.00756025 0.00487087
 0.0078303 0.0127988 0.0194082 0.0276379 0.0372272 0.0475168 0.0574208 0.0656957 0.0713887 0.0741356 0.0741215 0.0718324 0.0678279 0.0626287 0.0566792 0.0503322 0.0438507 0.0374266 0.0312069 0.0253175 0.0198771 0.015002 0.0107995 0.00735061 0.0046872
 0.00784552 0.0128245 0.0194481 0.0276951 0.0373026 0.0476071 0.057518 0.0657892 0.07147 0.0742017 0.0741746 0.0718753 0.0678598 0.0626457 0.0566773 0.050312 0.0438169 0.0373841 0.0311561 0.025253 0.0197917 0.0148927 0.0106721 0.00721901 0.00456795
 0.00787469 0.0128672 0.0195036 0.0277603 0.037373 0.0476789 0.0575889 0.065858 0.0715345 0.074258 0.074218 0.0719029 0.0678711 0.0626424 0.0566615 0.0502848 0.0437794 0.0373373 0.031101 0.0251892 0.0197176 0.0148077 0.0105794 0.00712618 0.00448464
 0.00787203 0.0128624 0.0194957 0.0277478 0.0373543 0.047653 0.0575562 0.0658213 0.0714996 0.0742328 0.0742106 0.0719181 0.0679091 0.062698 0.0567265 0.0503503 0.0438375 0.0373824 0.0311295 0.025199 0.0197083 0.0147806 0.0105386 0.00707849 0.00443786
 0.00787207 0.0128555 0.0194726 0.0276963 0.0372634 0.0475186 0.0573859 0.0656345 0.0713225 0.0740907 0.0741221 0.0718927 0.0679468 0.0627911 0.0568613 0.0505094 0.0440029 0.0375381 0.0312635 0.0253039 0.0197809 0.0148222 0.0105539 0.00707505 0.00442424
 0.0078855 0.0128749 0.0194968 0.0277213 0.0372819 0.0475199 0.0573579 0.0655671 0.0712129 0.0739479 0.0739668 0.0717517 0.0678452 0.0627446 0.0568735 0.0505728 0.0441024 0.0376554 0.0313808 0.0254074 0.0198616 0.0148769 0.0105844 0.00708656 0.00442375
 0.00789429 0.0128873 0.0195119 0.027737 0.0372949 0.0475266 0.0573542 0.0655485 0.0711747 0.0738864 0.0738819 0.07165 0.0677404 0.0626554 0.0568173 0.0505603 0.0441343 0.0377227 0.0314685 0.0254989 0.0199433 0.0149403 0.0106268 0.00711031 0.00443386
 0.00788563 0.0128748 0.019496 0.027719 0.0372763 0.0475084 0.0573362 0.0655295 0.0711529 0.07386 0.0738494 0.0716106 0.0676954 0.0626092 0.0567782 0.0505385 0.0441383 0.0377555 0.0315259 0.0255705 0.0200165 0.0150042 0.0106752 0.00714205 0.00445158
 0.00789883 0.012889 0.0195043 0.027711 0.037242 0.0474431 0.0572444 0.0654246 0.0710521 0.0737783 0.0737945 0.0715828 0.0676896 0.0626187 0.0567977 0.0505663 0.0441758 0.0378053 0.0315884 0.0256423 0.0200906 0.0150721 0.0107303 0.00718153 0.00447641
 0.00784864 0.0128155 0.0194084 0.0275979 0.0371185 0.0473142 0.057112 0.0652893 0.070918 0.0736558 0.0737 0.0715326 0.0676935 0.0626759 0.056898 0.0506946 0.0443178 0.0379504 0.0317299 0.0257756 0.020211 0.0151749 0.0108118 0.00724056 0.00451509
 0.00782331 0.0127653 0.019317 0.0274467 0.0368942 0.0470182 0.0567673 0.0649376 0.0706072 0.0734239 0.0735662 0.0714982 0.0677491 0.0628079 0.057091 0.0509309 0.0445778 0.0382148 0.0319823 0.0260038 0.0204073 0.015335 0.0109346 0.00732809 0.00457244
 0.00781362 0.0127493 0.0192918 0.0274075 0.0368331 0.046924 0.0566277 0.0647452 0.070367 0.0731582 0.0733113 0.0712943 0.0676268 0.0627806 0.0571545 0.0510692 0.0447691 0.0384359 0.0322114 0.0262225 0.0206016 0.0154964 0.0110595 0.00741781 0.00463171
 0.00777691 0.0126916 0.0192086 0.0272966 0.0366948 0.0467619 0.0564489 0.0645588 0.0701816 0.0729807 0.0731482 0.0711555 0.067528 0.06274 0.0571863 0.051177 0.0449436 0.0386576 0.0324561 0.0264662 0.0208243 0.0156845 0.0112065 0.00752384 0.0047019
 0.00774008 0.0126299 0.0191126 0.0271573 0.0365065 0.0465263 0.0561788 0.0642775 0.069918 0.0727609 0.0729891 0.071063 0.0675001 0.0627721 0.0572753 0.0513211 0.0451391 0.0388952 0.0327193 0.0267335 0.0210743 0.0158998 0.0113773 0.00764816 0.00478471
 0.00771025 0.0125788 0.0190311 0.0270352 0.0363348 0.0463015 0.0559062 0.0639737 0.069609 0.0724775 0.0727612 0.0709133 0.0674401 0.0628014 0.0573842 0.0514956 0.0453644 0.0391567 0.0330012 0.027018 0.021342 0.0161335 0.0115653 0.00778688 0.00487811
 0.0076849 0.0125395 0.0189752 0.0269606 0.0362397 0.0461833 0.0557623 0.063803 0.0694143 0.0722685 0.0725542 0.07073 0.0673033 0.0627297 0.0573875 0.0515734 0.0455076 0.0393505 0.0332277 0.0272581 0.0215762 0.0163442 0.0117395 0.00791852 0.0049686
 0.00766336 0.0125036 0.0189198 0.0268808 0.0361325 0.0460497 0.0556084 0.0636393 0.0692524 0.0721173 0.0724191 0.0706144 0.0672125 0.0626723 0.0573744 0.0516137 0.0456046 0.0394993 0.0334162 0.0274685 0.0217888 0.0165404 0.0119051 0.008046 0.00505765
 0.00763956 0.0124665 0.0188668 0.0268104 0.0360441 0.0459437 0.0554868 0.0635065 0.0691158 0.0719861 0.0723026 0.0705202 0.0671452 0.0626345 0.0573684 0.0516429 0.0456727 0.0396076 0.0335606 0.0276383 0.0219684 0.0167124 0.0120546 0.00816373 0.0051415
 0.00760598 0.0124147 0.0187941 0.0267164 0.0359309 0.0458158 0.0553511 0.0633718 0.0689913 0.0718794 0.0722188 0.0704619 0.0671136 0.06263 0.057391 0.0516929 0.0457502 0.0397126 0.0336909 0.0277881 0.0221272 0.0168666 0.0121909 0.00827311 0.00522069
 0.00759689 0.0123984 0.0187669 0.0266742 0.0358702 0.0457359 0.0552555 0.0632678 0.0688883 0.0717863 0.0721416 0.0704037 0.0670751 0.062611 0.0573919 0.0517142 0.0457932 0.0397781 0.0337782 0.0278938 0.0222442 0.0169848 0.0122994 0.00836291 0.00528754
 0.0075736 0.0123628 0.0187173 0.0266103 0.0357929 0.0456466 0.0551565 0.0631629 0.0687834 0.0716892 0.072061 0.0703469 0.0670464 0.0626113 0.0574186 0.0517637 0.0458618 0.039863 0.033877 0.028003 0.0223585 0.0170967 0.0124005 0.00844636 0.00534986
 0.00757258 0.0123608 0.0187136 0.026604 0.0357832 0.0456327 0.0551377 0.0631386 0.0687527 0.0716509 0.0720147 0.0702942 0.0669917 0.0625611 0.0573798 0.0517417 0.0458595 0.039881 0.033914 0.0280563 0.0224233 0.0171667 0.0124683 0.0085053 0.00539575
 0.00756285 0.012347 0.0186967 0.026586 0.0357664 0.045619 0.0551274 0.0631307 0.0687449 0.071641 0.0720009 0.0702753 0.0669674 0.062533 0.0573514 0.051718 0.0458458 0.0398813 0.0339303 0.0280879 0.022467 0.0172172 0.0125194 0.00855108 0.00543225
 0.00754588 0.0123207 0.0186597 0.0265383 0.0357099 0.0455576 0.0550673 0.0630791 0.0687085 0.0716233 0.0720011 0.0702889 0.0669886 0.0625561 0.0573731 0.0517375 0.045865 0.0399034 0.0339584 0.0281236 0.0225096 0.0172636 0.012565 0.00859151 0.00546433
 0.00752388 0.0122864 0.0186109 0.0264741 0.0356312 0.0454676 0.054972 0.0629872 0.06863 0.0715676 0.0719745 0.070293 0.0670199 0.0626077 0.0574363 0.0518046 0.0459306 0.0399655 0.0340172 0.0281802 0.0225646 0.0173159 0.0126125 0.00863151 0.00549514
 0.00751167 0.012263 0.0185692 0.0264061 0.0355301 0.0453322 0.0548096 0.0628138 0.0684667 0.0714348 0.0718873 0.070259 0.0670391 0.0626735 0.0575376 0.051928 0.046063 0.0400961 0.0341391 0.0282897 0.0226601 0.017397 0.0126787 0.00868273 0.00553208
 0.0075049 0.0122552 0.0185629 0.0264044 0.0355346 0.04534 0.0548118 0.0627983 0.0684234 0.0713617 0.0717928 0.0701597 0.0669537 0.0626168 0.0575168 0.0519423 0.0461059 0.0401577 0.0342093 0.0283605 0.022726 0.0174548 0.0127267 0.00872031 0.00555945
 0.00750487 0.012253 0.018556 0.0263898 0.0355104 0.0453072 0.0547753 0.0627642 0.068396 0.0713398 0.0717704 0.0701304 0.066916 0.0625763 0.0574841 0.0519279 0.0461154 0.0401906 0.0342597 0.02842 0.0227867 0.0175104 0.0127735 0.00875666 0.00558553
 0.00748222 0.0122201 0.0185138 0.0263411 0.0354592 0.0452564 0.0547262 0.0627174 0.0683529 0.0713035 0.0717449 0.070118 0.0669154 0.0625841 0.0574975 0.0519471 0.0461432 0.0402302 0.0343115 0.0284806 0.0228501 0.0175701 0.0128245 0.00879636 0.00561373
 0.00748222 0.0122201 0.0185138 0.0263411 0.0354592 0.0452564 0.0547262 0.0627174 0.0683529 0.0713035 0.0717449 0.070118 0.0669154 0.0625841 0.0574975 0.0519471 0.0461432 0.0402302 0.0343115 0.0284806 0.0228501 0.0175701 0.0128245 0.00879636 0.00561373
 0.00710821 0.0116226 0.0176371 0.0251489 0.0339511 0.0434896 0.0528313 0.0608909 0.0668171 0.0702493 0.0712841 0.0702662 0.0676053 0.0636929 0.0588791 0.0534589 0.0476652 0.0416725 0.0356143 0.0296081 0.0237841 0.018307 0.0133739 0.00918001 0.00586233
 0.00708464 0.0115436 0.0174427 0.0247576 0.0332793 0.0424843 0.0515017 0.059323 0.0651634 0.0686998 0.0700295 0.0694619 0.0673415 0.0639797 0.0596495 0.0545904 0.0490101 0.0430875 0.0369808 0.0308405 0.0248304 0.0191442 0.0140032 0.00962146 0.00614918
 0.00706425 0.0115186 0.0174167 0.0247302 0.033234 0.0423766 0.0512566 0.0588533 0.0644081 0.0676645 0.0688079 0.068222 0.0662819 0.0632754 0.0594071 0.0548273 0.0496601 0.0440271 0.0380639 0.0319313 0.0258239 0.0199752 0.014645 0.0100793 0.0064497
 0.00707813 0.011544 0.0174605 0.0248008 0.0333392 0.0425178 0.0514205 0.0590029 0.0644784 0.0675717 0.0684761 0.0676211 0.0654588 0.0623566 0.0585665 0.0542308 0.0494129 0.0441471 0.0384877 0.0325448 0.0265018 0.0206128 0.0151754 0.0104759 0.00671799
 0.00696774 0.0113807 0.0172453 0.0245464 0.0330681 0.042258 0.0512011 0.0588488 0.0644027 0.0675661 0.0685037 0.067621 0.0653674 0.0621397 0.0582473 0.0538927 0.0491719 0.044104 0.0386866 0.0329583 0.0270474 0.0211884 0.0156941 0.010886 0.00700632
 0.00694734 0.0113389 0.0171672 0.0244151 0.0328717 0.0419993 0.0509041 0.0585566 0.0641644 0.0674191 0.0684592 0.0676592 0.0654424 0.0621952 0.0582383 0.0538094 0.0490506 0.0440163 0.0387071 0.033128 0.0273546 0.0215765 0.0160894 0.0112276 0.00726246
 0.00684595 0.0111833 0.0169496 0.0241335 0.0325284 0.0416001 0.0504603 0.0580896 0.0637095 0.0670247 0.0681771 0.0675293 0.0654771 0.0623716 0.0585055 0.054108 0.0493386 0.0442852 0.0389794 0.0334363 0.0277149 0.0219733 0.0164819 0.0115706 0.00752631
 0.00685731 0.0111946 0.0169537 0.0241192 0.0324838 0.0415164 0.0503349 0.0579255 0.0635129 0.0668028 0.0679415 0.0672996 0.0652813 0.0622389 0.0584534 0.054134 0.0494232 0.0444055 0.0391237 0.0336077 0.0279209 0.0222114 0.0167332 0.0118055 0.0077189
#pred catch len freq
 0.0041674 0.00660427 0.00965466 0.0132555 0.0173735 0.0219841 0.0270035 0.0322518 0.0374843 0.0424495 0.0469292 0.0507611 0.0538552 0.0561975 0.0578348 0.0588521 0.0593532 0.0594309 0.0591026 0.0582067 0.0563296 0.0528786 0.0473667 0.0397972 0.0308761
 0.00437143 0.00686165 0.00990828 0.0134158 0.0173547 0.0217547 0.0266187 0.0318388 0.0371825 0.0423405 0.0470022 0.0509317 0.054022 0.0563008 0.057885 0.0589176 0.0595156 0.0597299 0.0594977 0.0585807 0.0565371 0.0528174 0.0470304 0.0392763 0.0303086
 0.00457391 0.00718594 0.0103815 0.0140449 0.0181079 0.0225458 0.0273093 0.0322767 0.0372691 0.0420883 0.0465346 0.0504183 0.0535915 0.0559933 0.05767 0.0587507 0.0593818 0.0596433 0.0594644 0.058564 0.056458 0.0525957 0.046637 0.0387562 0.029758
 0.00476818 0.00749391 0.0108323 0.0146649 0.0189203 0.0235634 0.0285164 0.033604 0.0385786 0.0431897 0.0472424 0.0506266 0.0533207 0.0553729 0.056869 0.0579052 0.0585651 0.0588782 0.0587468 0.0578733 0.0557604 0.0518582 0.0458537 0.0379653 0.0290305
 0.00496687 0.00780689 0.0112859 0.0152808 0.0197166 0.0245549 0.0297102 0.0349893 0.0401125 0.0447813 0.0487443 0.0518492 0.0540779 0.0555465 0.0564552 0.057011 0.0573565 0.0575144 0.0573383 0.0564758 0.0543938 0.0505342 0.0445985 0.0368282 0.028071
 0.00521115 0.0081862 0.0118248 0.0159933 0.020609 0.0256284 0.0309596 0.0363989 0.0416506 0.0463954 0.0503549 0.0533423 0.0553056 0.056345 0.0566851 0.0566054 0.0563489 0.056027 0.0555372 0.0545215 0.0524149 0.0486297 0.0428527 0.0353175 0.0268549
 0.00551408 0.00865803 0.0124972 0.0168846 0.0217244 0.0269607 0.0324861 0.0380771 0.0434184 0.0481769 0.0520665 0.0548953 0.0566027 0.057277 0.0571342 0.0564647 0.0555556 0.0545945 0.0535649 0.0521765 0.0498965 0.0461365 0.0405599 0.0333613 0.0253165
 0.00582109 0.00913959 0.0131904 0.0178152 0.0229069 0.0283965 0.0341568 0.0399372 0.0453929 0.050167 0.0539609 0.0565827 0.0579818 0.058258 0.0576354 0.0564079 0.0548739 0.0532547 0.0515985 0.0496993 0.0471043 0.0432742 0.0378756 0.0310572 0.0235121
 0.00608951 0.00956326 0.0138058 0.018652 0.0239878 0.0297352 0.0357512 0.0417592 0.0473821 0.0522305 0.0559806 0.0584279 0.0595247 0.0593877 0.0582631 0.0564647 0.0543064 0.0520306 0.049727 0.0472601 0.0442657 0.0402824 0.0350098 0.0285643 0.0215484
 0.00635404 0.0099788 0.0144054 0.01946 0.0250206 0.0310006 0.0372432 0.043452 0.0492258 0.0541515 0.057885 0.0602065 0.0610608 0.0605673 0.0589841 0.0566429 0.0538782 0.0509572 0.0480081 0.0449569 0.0415242 0.0373343 0.0321367 0.0260313 0.0195347
 0.00670356 0.0105223 0.0151785 0.0204825 0.0262983 0.0325261 0.038992 0.0453756 0.0512487 0.0561763 0.0598019 0.0619052 0.0624402 0.061541 0.0594812 0.0566057 0.0532601 0.0497275 0.0461657 0.0425554 0.0386966 0.0342998 0.0291719 0.0234057 0.0174379
 0.00700996 0.0109988 0.0158567 0.0213807 0.0274236 0.0338757 0.04055 0.047106 0.0530911 0.0580466 0.061599 0.0635206 0.0637699 0.0624948 0.0599883 0.0566128 0.0527281 0.048631 0.0445037 0.0403724 0.0361078 0.0315014 0.0264177 0.0209495 0.015464
 0.00731865 0.0114768 0.0165324 0.0222672 0.0285201 0.0351703 0.0420178 0.048705 0.0547611 0.0597127 0.0631774 0.064925 0.0649169 0.0633092 0.0604069 0.0565859 0.0522191 0.0476176 0.0429853 0.0383883 0.0337587 0.0289598 0.0239097 0.018705 0.0136531
 0.00767182 0.0120238 0.0173055 0.0232804 0.0297697 0.0366358 0.0436593 0.0504582 0.0565387 0.0614133 0.0646989 0.0661774 0.0658305 0.0638374 0.060523 0.0562765 0.0514775 0.0464424 0.0413878 0.0364093 0.0314887 0.0265503 0.0215588 0.0166139 0.011971
 0.00804864 0.0125989 0.0181024 0.024299 0.0309921 0.0380346 0.0451986 0.0520892 0.0581932 0.0630036 0.0661258 0.0673431 0.0666533 0.0642629 0.0605268 0.0558589 0.0506532 0.0452328 0.0398221 0.0345356 0.0293918 0.0243618 0.0194469 0.0147484 0.0104764
