SBPRF35
7.78865
Curr Bio
622995
B35
697618
F35
0.226094
FOFL
0.203217
OFL
97095.7
Bzero
2.22533e+006
#pred survey bio
 4.3388e+006 4.12549e+006 3.91495e+006 3.65871e+006 3.36978e+006 3.08238e+006 2.75588e+006 2.47397e+006 2.18033e+006 1.92984e+006 1.6882e+006 1.49887e+006 1.33793e+006 1.16641e+006 1.02233e+006 920374 830130 770030 710877 668987 646889 623712 603949 604731 604265 599390 597425 593441 572839 574913 571199 576611 572532 568982 565571 548180 521844 517394 529261 535857 555174 569562 575667 579176 584589 588658 585719 585964 582036 587334 585886 531955 500195 509441 534248 550842 554113 585548 623083 2.20689e+007 1.36299e+007 1.40671e+007 1.46126e+007 1.51856e+007 1.5712e+007 1.61574e+007 1.65144e+007 1.67906e+007 1.69992e+007 1.71546e+007 1.72694e+007 1.7354e+007 1.74164e+007 1.74625e+007 1.74966e+007 1.75221e+007 1.75411e+007 1.75555e+007 1.75663e+007 1.75745e+007 1.75808e+007 1.75856e+007 1.75892e+007 1.75921e+007 1.75942e+007 1.75959e+007 1.75971e+007 1.75981e+007 1.75989e+007 1.75995e+007 1.75999e+007 1.76003e+007 1.76005e+007 1.76007e+007 1.76009e+007 1.7601e+007 1.76011e+007 1.76012e+007 1.76013e+007 1.76013e+007 1.76013e+007 1.76014e+007 1.76014e+007 1.76014e+007 1.76014e+007 1.76014e+007 1.76014e+007 1.76014e+007 1.76014e+007 1.76014e+007 1.76014e+007 1.76014e+007 1.76014e+007 1.76014e+007 1.76015e+007 1.76015e+007 1.76015e+007 1.76015e+007 1.76015e+007 1.76015e+007 1.76015e+007 1.76015e+007 1.76015e+007 1.76015e+007 1.76015e+007 1.76015e+007 1.76015e+007 1.76015e+007 1.76015e+007 1.76015e+007 1.76015e+007 1.76015e+007 1.76015e+007 1.76015e+007 1.76015e+007 1.76015e+007 1.76015e+007 1.76015e+007 1.76015e+007 1.76015e+007 1.76015e+007 1.76015e+007 1.76015e+007 1.76015e+007 1.76015e+007 1.76015e+007 1.76015e+007 1.76015e+007 1.76015e+007 1.76015e+007 1.76015e+007 1.76015e+007 1.76015e+007 1.76015e+007 1.76015e+007 1.76015e+007 1.76015e+007 1.76015e+007 1.76015e+007 0 0 0 0 0 0 0 0 0 0 0 0 0 0 0 0 0 0 0 0 0 0 0 0 0
#obs survey bio
 2.76011e+006 3.01656e+006 2.79926e+006 1.75752e+006 2.45134e+006 2.32661e+006 3.04446e+006 2.34197e+006 2.24727e+006 1.28939e+006 1.84734e+006 1.18431e+006 1.45218e+006 801039 1.15288e+006 906304 762597 1.20494e+006 498648 788606 625130 527896 430482 601637 547928 389412 566014 552608 513804 540725 604679 405664 522671 725090 672789 600173 466630 608490 622166 527174 655253 624026 408691 702815 691379 741612 786717 520664 541618 610079 700559 480494 516910 553089 716899 388860 545076 714506 623924
#pred catch bio
 93929.7 97588.6 155961 209023 234178 297127 282866 317587 300829 311005 277823 261958 276147 253715 217337 205818 176476 171205 152421 132334 130013 124287 105740 105968 107970 103904 104420 116453 95260.7 98804.2 89882.9 96789.2 94396.5 91506.7 99955.2 105939 90621.4 82263.6 89948.8 80877 85780.5 92065.7 92912.5 89928.2 90069.5 95291.5 92357.1 95883.8 88152.5 94178.3 137783 118667 86732.2 76602.2 85430.3 99195.6 80561.4 82134.2 111450 97095.7 109485 112039 115345 119103 122589 125464 127671 129283 130419 131198 131721 132066 132291 132437 132530 132589 132626 132650 132665 132674 132680 132683 132685 132687 132688 132688 132689 132689 132689 132689 132689 132689 132689 132689 132689 132689 132689 132689 132689 132689 132689 132689 132689 132689 132689 132689 132689 132689 132689 132689 132689 132689 132689 132689 132689 132689 132689 132689 132689 132689 132689 132689 132689 132689 132689 132689 132689 132689 132689 132689 132689 132689 132689 132689 132689 132689 132689 132689 132689 132689 132689 132689 132689 132689 132689 132689 132689 132689 132689 132689 132689 132689 132689 132689 132689 132689 132689 132689 132689 0 0 0 0 0 0 0 0 0 0 0 0 0 0 0 0 0 0 0 0 0 0 0 0 0
#obs catch bio
 0 97486.1 156863 211336 236811 303273 286866 323433 305656 320042 283717 267937 282658 260393 221285 210620 179898 172639 154993 133688 131532 125292 106762 107000 108830 104442 104682 117858 95774.2 99364.7 90086.8 97316.9 95219.5 91558.2 100203 106150 90997.9 82568.8 89986 80616.4 85632.9 91622.4 92651.1 89082 89053.8 94163.8 91231.8 95481.1 87270.6 93014.4 136078 118043 86368.7 76294.7 84726.2 99362.8 80482.1 81674.7 111690
#pred cpue bio
 4.25795e+006 4.04756e+006 3.83893e+006 3.58333e+006 3.29593e+006 3.01039e+006 2.68671e+006 2.40725e+006 2.11618e+006 1.86763e+006 1.62853e+006 1.44155e+006 1.28296e+006 1.1146e+006 973375 873539 785707 727923 671150 630820 609895 588047 569145 569955 569887 565664 564042 560339 540648 543027 539830 545370 541686 538736 536234 520028 493798 487479 497718 504150 523164 537547 543929 547725 553340 557502 554662 554764 550887 556031 554588 501758 469762 477911 502224 518516 520784 549845 585230 2.07282e+007 1.2817e+007 1.32163e+007 1.37122e+007 1.4267e+007 1.47893e+007 1.52339e+007 1.55907e+007 1.58669e+007 1.60755e+007 1.62309e+007 1.63457e+007 1.64303e+007 1.64927e+007 1.65387e+007 1.65729e+007 1.65984e+007 1.66174e+007 1.66318e+007 1.66426e+007 1.66508e+007 1.66571e+007 1.66619e+007 1.66655e+007 1.66683e+007 1.66705e+007 1.66722e+007 1.66734e+007 1.66744e+007 1.66752e+007 1.66758e+007 1.66762e+007 1.66766e+007 1.66768e+007 1.6677e+007 1.66772e+007 1.66773e+007 1.66774e+007 1.66775e+007 1.66775e+007 1.66776e+007 1.66776e+007 1.66777e+007 1.66777e+007 1.66777e+007 1.66777e+007 1.66777e+007 1.66777e+007 1.66777e+007 1.66777e+007 1.66777e+007 1.66777e+007 1.66777e+007 1.66777e+007 1.66777e+007 1.66777e+007 1.66777e+007 1.66777e+007 1.66777e+007 1.66777e+007 1.66777e+007 1.66777e+007 1.66777e+007 1.66777e+007 1.66777e+007 1.66777e+007 1.66777e+007 1.66777e+007 1.66777e+007 1.66777e+007 1.66777e+007 1.66777e+007 1.66777e+007 1.66777e+007 1.66777e+007 1.66777e+007 1.66777e+007 1.66777e+007 1.66777e+007 1.66777e+007 1.66777e+007 1.66777e+007 1.66777e+007 1.66777e+007 1.66777e+007 1.66777e+007 1.66777e+007 1.66777e+007 1.66777e+007 1.66777e+007 1.66777e+007 1.66777e+007 1.66777e+007 1.66777e+007 1.66777e+007 1.66777e+007 1.66777e+007 1.66777e+007 1.66777e+007 1.66777e+007 0 0 0 0 0 0 0 0 0 0 0 0 0 0 0 0 0 0 0 0 0 0 0 0 0
#obs cpue bio
 3.43958e+006 2.27409e+006 3.9617e+006 3.09699e+006 3.62544e+006 2.66174e+006 3.26755e+006 2.5085e+006 1.84085e+006 1.0453e+006 1.73909e+006 1.2296e+006 1.18775e+006 997186 876189 560165 657073 801161 452707 564653 525485 774112 489401 534675 664090 892666 653918 370327 573453 647010 506976 673666 395453 696486 418044 534035 390111 363602 680548 571021 445314 698758 692879 848420 634422 572943 475997 405067 956406 642183 596782 393362 425061 453520 623682 426162 470640 673451 431978
#pred surv len freq
 0.0047346 0.00767448 0.0115319 0.0162947 0.021873 0.0280267 0.0343261 0.0402414 0.0453305 0.0493805 0.0524114 0.0545856 0.0561106 0.0571682 0.0578619 0.0581857 0.0580295 0.0572158 0.0555424 0.052809 0.0488369 0.0435227 0.0369487 0.0294978 0.02186
 0.00509789 0.00816956 0.0121058 0.0168531 0.0223245 0.0283422 0.0345699 0.0405406 0.0457894 0.0499911 0.0530221 0.0549523 0.056004 0.0564798 0.0566598 0.0567016 0.0565835 0.056108 0.0549505 0.0527346 0.0491262 0.04395 0.0373183 0.02971 0.0219155
 0.00525522 0.00846772 0.0126257 0.0176774 0.0234959 0.0298132 0.0361796 0.0420548 0.0469957 0.0507905 0.053444 0.0550816 0.0558802 0.0560544 0.0558449 0.055468 0.0550318 0.05446 0.0534647 0.0515989 0.0483908 0.0435365 0.0370883 0.0295442 0.0217561
 0.00541558 0.00872192 0.0130011 0.0182075 0.0242282 0.0308087 0.0374937 0.0436946 0.0488746 0.0527134 0.0551517 0.0563382 0.0565482 0.056107 0.0553212 0.0544267 0.0535487 0.0526596 0.0515357 0.0497573 0.0468101 0.0422955 0.0361714 0.0288847 0.0212847
 0.00559344 0.00901146 0.0134375 0.0188239 0.0250506 0.0318495 0.0387472 0.0451387 0.0504751 0.0544198 0.0568785 0.0579454 0.0578485 0.0569089 0.0554863 0.0539052 0.0523817 0.0509637 0.0494867 0.0475708 0.0447052 0.040447 0.0346759 0.0277589 0.0204901
 0.00573585 0.0092487 0.0138059 0.019363 0.0257974 0.0328286 0.0399587 0.0465516 0.0520303 0.0560418 0.0584867 0.0594562 0.0591668 0.0579176 0.0560499 0.0538964 0.051723 0.0496625 0.0476489 0.045387 0.0424131 0.0382803 0.0328141 0.0262972 0.0194384
 0.00599523 0.00965581 0.0143925 0.020152 0.0268027 0.034054 0.0413917 0.0481564 0.0537444 0.0577794 0.0601484 0.0609422 0.0603866 0.0587918 0.0565031 0.0538507 0.0511054 0.0484328 0.0458368 0.0431165 0.0398958 0.0357733 0.0305573 0.0244568 0.0180783
 0.00627684 0.0100999 0.0150353 0.0210182 0.0279018 0.0353753 0.0428988 0.0497858 0.0554148 0.0594058 0.0616534 0.0622576 0.0614503 0.059544 0.0568839 0.0537992 0.0505616 0.0473507 0.0442112 0.0410157 0.0374789 0.0332722 0.0282236 0.0224937 0.0165914
 0.00662284 0.0106533 0.0158509 0.0221401 0.0293548 0.037151 0.0449405 0.0519838 0.0576197 0.0614572 0.0634101 0.0636177 0.0623566 0.0599767 0.0568448 0.0532936 0.0495868 0.0458983 0.0422873 0.0386733 0.0348461 0.0305538 0.0256632 0.0203081 0.0149096
 0.00682554 0.010999 0.0164019 0.0229657 0.0305184 0.0386876 0.0468331 0.0541509 0.0599223 0.0637221 0.0654577 0.0652887 0.0635332 0.0605941 0.0568891 0.0527866 0.0485651 0.0443989 0.0403506 0.0363641 0.0322808 0.0279117 0.0231632 0.0181548 0.0132345
 0.00711666 0.0114552 0.0170587 0.0238505 0.0316532 0.0400892 0.0485057 0.056071 0.0620237 0.0658884 0.0675298 0.0670879 0.0648935 0.0613922 0.0570619 0.0523297 0.0475186 0.0428283 0.0383354 0.0340019 0.0297022 0.0252899 0.0206993 0.0160357 0.0115817
 0.00732667 0.0117982 0.0175773 0.0245845 0.0326306 0.0413147 0.0499501 0.0576721 0.0637005 0.0675589 0.0691182 0.0685175 0.066076 0.0622274 0.0574524 0.0522037 0.0468468 0.0416287 0.0366697 0.03197 0.0274415 0.0229715 0.0185114 0.0141479 0.0101039
 0.007496 0.0120745 0.0179958 0.0251806 0.0334353 0.0423456 0.0511998 0.0590988 0.0652281 0.0690878 0.0705433 0.0697461 0.0670374 0.0628715 0.0577398 0.0520978 0.0463165 0.040662 0.035289 0.0302441 0.0254877 0.0209471 0.0165904 0.0124854 0.00879971
 0.00777893 0.0125259 0.0186591 0.0260907 0.0346119 0.0437838 0.0528577 0.0608924 0.0670383 0.070779 0.0719855 0.0708332 0.0677009 0.0630852 0.0575148 0.0514674 0.04532 0.0393359 0.0336733 0.0283978 0.0235041 0.0189552 0.0147371 0.0109025 0.00756929
 0.00808158 0.0130022 0.0193469 0.0270153 0.035783 0.0451895 0.0544564 0.0626071 0.0687606 0.0723834 0.0733477 0.0718472 0.0682918 0.0632174 0.057193 0.0507295 0.0442239 0.0379467 0.0320571 0.0266258 0.0216621 0.0171493 0.0130843 0.00950628 0.00649185
 0.00815672 0.0131455 0.0196018 0.0274349 0.0364179 0.0460679 0.0555663 0.0638909 0.0701269 0.0737273 0.0745676 0.0728544 0.0690137 0.0636012 0.0572095 0.0503769 0.0435271 0.0369527 0.0308283 0.0252366 0.0201987 0.0157082 0.0117645 0.00839191 0.00563241
 0.00815966 0.0131661 0.0196638 0.0275747 0.0366818 0.046503 0.0562081 0.0647489 0.0711724 0.0748887 0.0757385 0.0739142 0.0698537 0.0641443 0.0574166 0.0502426 0.0430717 0.0362161 0.0298665 0.0241191 0.0190069 0.0145309 0.0106882 0.00748651 0.00493694
 0.0083046 0.0133557 0.0198656 0.0277349 0.0367457 0.046447 0.0560627 0.0645977 0.0711245 0.0750372 0.0761258 0.0745169 0.07059 0.0648976 0.0580666 0.0506918 0.0432611 0.0361281 0.0295205 0.0235642 0.0183135 0.0137814 0.00996513 0.00685785 0.004444
 0.00845469 0.013605 0.0202467 0.0282713 0.0374349 0.0472412 0.0568614 0.0652693 0.0715545 0.0751807 0.0760283 0.0742881 0.070348 0.0647173 0.0579576 0.0506099 0.0431385 0.0359044 0.0291635 0.0230771 0.0177316 0.0131614 0.00937031 0.00634267 0.00404154
 0.00847941 0.0136493 0.0203224 0.0283953 0.037629 0.0475282 0.0572554 0.0657606 0.0720977 0.0756956 0.0764225 0.074495 0.0703577 0.0645789 0.057749 0.0503954 0.0429413 0.0357071 0.0289304 0.0227806 0.0173692 0.0127578 0.00896689 0.00598201 0.00375333
 0.00846544 0.0136151 0.0202508 0.0282657 0.0374267 0.0472567 0.0569465 0.065474 0.0719056 0.0756574 0.0765606 0.074784 0.0707346 0.0649693 0.0580963 0.0506752 0.0431533 0.0358572 0.0290159 0.0227921 0.0173018 0.0126216 0.00878869 0.00579602 0.00358946
 0.00864092 0.0138656 0.0205622 0.0286004 0.0377306 0.0474738 0.0570337 0.0654122 0.0717064 0.0753644 0.0762411 0.0745098 0.0705574 0.0649041 0.0581214 0.0507484 0.0432334 0.0359158 0.0290387 0.0227729 0.0172394 0.0125216 0.00866442 0.00566694 0.00347442
 0.00874245 0.0140353 0.0208241 0.0289739 0.0382186 0.0480485 0.057628 0.0659279 0.0720426 0.0754535 0.0760744 0.0741391 0.0700734 0.0644043 0.0576812 0.0504048 0.0429865 0.0357421 0.028908 0.0226598 0.0171286 0.0124076 0.00855025 0.00556058 0.00338464
 0.00858024 0.0137948 0.0205067 0.0285996 0.0378248 0.0476844 0.0573463 0.0657725 0.072034 0.0755778 0.0762857 0.074378 0.0702934 0.0645887 0.0578417 0.0505659 0.0431654 0.0359386 0.0291053 0.0228348 0.0172623 0.0124921 0.00858929 0.00556611 0.00337148
 0.00851478 0.0136785 0.0203148 0.0283064 0.0374143 0.0471652 0.0567625 0.0652024 0.0715705 0.0753 0.0762328 0.0745395 0.0706168 0.0650016 0.0582775 0.050981 0.0435422 0.0362753 0.0294031 0.0230902 0.017468 0.0126429 0.00868671 0.00561924 0.0033938
 0.00856983 0.0137532 0.0203986 0.028377 0.0374403 0.0471115 0.0566004 0.0649201 0.0711842 0.0748584 0.0758104 0.0742152 0.0704475 0.0650034 0.0584248 0.0512228 0.0438244 0.0365567 0.0296599 0.0233111 0.017648 0.0127796 0.00878135 0.00567723 0.0034241
 0.00856656 0.0137532 0.0204075 0.0284012 0.0374819 0.0471624 0.0566383 0.0649118 0.0710962 0.0746722 0.0755352 0.0738912 0.0701365 0.0647694 0.0583128 0.0512445 0.0439586 0.036762 0.0298916 0.0235338 0.0178397 0.0129304 0.00888978 0.00574799 0.00346535
 0.00843655 0.0135704 0.0201857 0.0281718 0.0372862 0.0470378 0.0566055 0.0649681 0.0712164 0.0748151 0.0756545 0.0739502 0.0701218 0.0646973 0.0582227 0.0511824 0.0439578 0.0368318 0.0300178 0.0236887 0.0179948 0.0130648 0.00899315 0.0058192 0.00350929
 0.00850839 0.0136705 0.0203067 0.0282998 0.0374088 0.0471546 0.0567325 0.0651305 0.0714304 0.0750701 0.0759081 0.0741398 0.0701895 0.064613 0.0579964 0.0508597 0.043603 0.0365055 0.0297598 0.0235123 0.0178909 0.0130133 0.0089729 0.00581401 0.00350948
 0.00843296 0.0135476 0.020121 0.0280364 0.0370564 0.046711 0.0562135 0.0645772 0.0709104 0.0746673 0.0757003 0.0741714 0.0704516 0.0650444 0.0585065 0.0513621 0.0440414 0.0368616 0.0300425 0.0237399 0.0180782 0.0131663 0.00909255 0.00590079 0.0035668
 0.00846661 0.013591 0.0201649 0.0280639 0.0370455 0.0466402 0.0560669 0.0643492 0.0706091 0.0743179 0.0753462 0.0738697 0.0702591 0.0649988 0.0586103 0.0515815 0.044321 0.0371466 0.0302963 0.0239483 0.0182424 0.0132932 0.00918835 0.0059699 0.00361321
 0.0083808 0.013463 0.0199931 0.027853 0.0368033 0.0463729 0.0557776 0.06404 0.0702867 0.073998 0.0750553 0.0736421 0.070131 0.0649997 0.0587546 0.0518607 0.0447022 0.0375796 0.0307275 0.0243352 0.0185613 0.0135381 0.00936506 0.00608986 0.00368936
 0.00820902 0.0132186 0.01969 0.0275267 0.036501 0.0461375 0.0556334 0.063987 0.0703035 0.0740508 0.0751087 0.0736714 0.0701311 0.0649869 0.0587599 0.0519167 0.0448285 0.0377746 0.0309695 0.0245912 0.0187995 0.013737 0.00951603 0.00619493 0.00375663
 0.00803182 0.0129381 0.0192841 0.026986 0.0358374 0.0453941 0.0548882 0.0633422 0.0698576 0.073864 0.0751831 0.0739556 0.0705455 0.0654551 0.0592296 0.052365 0.0452547 0.0381854 0.0313661 0.0249645 0.0191328 0.0140141 0.0097284 0.00634417 0.00385251
 0.00796856 0.0128212 0.0190824 0.026662 0.0353567 0.0447413 0.0540834 0.0624498 0.0689805 0.0731237 0.0746903 0.0737801 0.070697 0.0658827 0.0598433 0.0530671 0.0459663 0.0388571 0.0319734 0.0254963 0.0195824 0.0143767 0.0100031 0.00653725 0.00397715
 0.00873923 0.0139147 0.0204317 0.0281006 0.0366608 0.0457005 0.0545603 0.0624024 0.06845 0.0722111 0.0735345 0.0725379 0.0695188 0.0648856 0.0590906 0.052565 0.0456778 0.0387261 0.0319461 0.0255312 0.0196504 0.0144571 0.0100808 0.00660207 0.00402473
 0.00952198 0.0151587 0.0222403 0.030523 0.0396498 0.0490654 0.0579447 0.0653292 0.0704478 0.0729678 0.0729943 0.0708917 0.0671112 0.0621001 0.0562634 0.0499408 0.0434008 0.0368532 0.0304722 0.024416 0.0188395 0.0138934 0.00970943 0.00637249 0.00389271
 0.00928434 0.014902 0.0220952 0.0306954 0.0403711 0.0505062 0.0601287 0.0680876 0.0734331 0.0757241 0.0750661 0.0719449 0.0670236 0.0609843 0.0544094 0.0477109 0.0411266 0.0347741 0.0287199 0.0230327 0.017808 0.0131651 0.00922354 0.00606803 0.00371491
 0.00893195 0.01434 0.0212798 0.0296197 0.0390984 0.049204 0.0590761 0.067622 0.0738331 0.077076 0.0771911 0.0744364 0.0693822 0.062782 0.0554118 0.0479128 0.0407034 0.0339851 0.0278137 0.0221886 0.0171206 0.0126595 0.00888266 0.00585588 0.00359297
 0.00884984 0.0141918 0.0210282 0.0292191 0.038504 0.0483924 0.0580739 0.0665329 0.0728468 0.0764404 0.0771399 0.0750913 0.070676 0.0644562 0.0571014 0.0492804 0.0415518 0.0342963 0.0277096 0.0218504 0.0167138 0.0122935 0.00860549 0.00567157 0.00348325
 0.00861211 0.013833 0.0205385 0.0286039 0.0377777 0.0475688 0.0571648 0.0655578 0.0718519 0.0755177 0.0764319 0.0747687 0.0708839 0.0652444 0.0583777 0.0508204 0.0430723 0.0355561 0.028584 0.0223442 0.0169197 0.0123302 0.00857057 0.0056235 0.00344626
 0.00849718 0.0136407 0.0202405 0.0281738 0.0372003 0.0468527 0.0563498 0.0647098 0.0710442 0.0748109 0.0758695 0.074391 0.0707449 0.0654099 0.0588939 0.0516707 0.0441535 0.036699 0.0296124 0.0231374 0.017443 0.0126222 0.00870491 0.00567126 0.00345666
 0.00840698 0.0135077 0.0200643 0.0279594 0.0369525 0.0465689 0.0560184 0.064318 0.0705911 0.0743176 0.0753794 0.073959 0.0704258 0.0652529 0.0589406 0.051947 0.044652 0.0373636 0.0303429 0.0238202 0.0179912 0.0130011 0.00892969 0.00578491 0.00350492
 0.00837976 0.0134553 0.0199712 0.0278084 0.0367309 0.0462771 0.0556747 0.0639541 0.0702391 0.0739978 0.0750972 0.0737138 0.0702246 0.0651167 0.0589018 0.0520386 0.0448939 0.0377488 0.0308307 0.0243427 0.0184739 0.0133883 0.00919988 0.00594896 0.00359154
 0.00838963 0.0134616 0.0199621 0.0277651 0.0366306 0.0460994 0.0554089 0.0636059 0.0698338 0.0735774 0.0747102 0.0734024 0.0700136 0.0650129 0.058902 0.0521394 0.0450948 0.0380462 0.031208 0.0247644 0.0188912 0.0137532 0.00948137 0.00614016 0.00370578
 0.0084178 0.0135032 0.0200162 0.0278262 0.0366879 0.0461356 0.0554021 0.0635328 0.0696774 0.0733351 0.0743999 0.0730607 0.069687 0.064745 0.0587232 0.052064 0.0451238 0.038172 0.0314154 0.0250291 0.0191794 0.0140279 0.00971176 0.00631028 0.0038163
 0.00849994 0.0136303 0.0201952 0.0280583 0.036967 0.0464472 0.0557207 0.0638222 0.0698943 0.0734378 0.0743591 0.0728689 0.0693632 0.0643329 0.0582808 0.0516498 0.0447845 0.0379355 0.0312894 0.0250033 0.0192297 0.0141222 0.00981795 0.00640416 0.00388569
 0.00844852 0.0135654 0.0201321 0.0280224 0.0369871 0.0465437 0.0558963 0.0640588 0.0701583 0.0736882 0.0745558 0.0729791 0.0693669 0.0642272 0.0580834 0.0513962 0.0445197 0.0377029 0.0311202 0.0249105 0.0192078 0.014152 0.00987483 0.00646561 0.00393703
 0.00849915 0.0136322 0.0202049 0.0280856 0.0370273 0.0465614 0.055911 0.0641034 0.0702615 0.0738569 0.074767 0.073187 0.0695201 0.0642868 0.0580332 0.0512455 0.0442988 0.0374539 0.0308858 0.0247231 0.0190828 0.0140876 0.00985627 0.00647375 0.00395505
 0.00847486 0.0135958 0.0201553 0.0280216 0.0369459 0.0464562 0.0557747 0.0639353 0.0700769 0.0736904 0.0746642 0.0731853 0.0696288 0.0644805 0.0582621 0.0514564 0.0444552 0.0375449 0.0309232 0.0247308 0.0190843 0.0140971 0.00987706 0.00650114 0.00398204
 0.00862537 0.0138122 0.0204284 0.0283251 0.0372436 0.0467137 0.0559679 0.064051 0.0701087 0.0736367 0.074531 0.0729912 0.0694058 0.0642643 0.0580788 0.0513125 0.0443394 0.0374397 0.0308175 0.0246251 0.0189882 0.0140212 0.00982661 0.00647411 0.00397167
 0.00926111 0.014805 0.021843 0.0301846 0.0395143 0.0492881 0.0586521 0.0665756 0.072176 0.0749912 0.0750201 0.0725922 0.0682164 0.0624701 0.0559102 0.0490003 0.0420784 0.0353682 0.0290166 0.0231304 0.0178039 0.0131302 0.00919576 0.00605791 0.00371822
 0.00934557 0.0149946 0.0222245 0.0308696 0.04061 0.0508502 0.0606407 0.0688383 0.0744706 0.0770364 0.0765543 0.0734236 0.0682573 0.0617493 0.054559 0.0472183 0.0400881 0.0333736 0.0271752 0.0215426 0.0165169 0.0121486 0.00849347 0.00558964 0.00342949
 0.0089691 0.0144146 0.0214174 0.0298507 0.0394484 0.0496811 0.0596633 0.0682832 0.074532 0.0777931 0.0779242 0.0751795 0.070095 0.0633755 0.0557632 0.0479081 0.0402863 0.0331863 0.0267462 0.0210123 0.015994 0.0117005 0.00814925 0.00534966 0.00327723
 0.00902664 0.0144233 0.0212755 0.0294162 0.0385833 0.0483199 0.0578746 0.0662866 0.0726562 0.0763907 0.0772753 0.0754135 0.0711541 0.0650324 0.0576914 0.0497781 0.0418504 0.0343224 0.0274529 0.0213698 0.0161155 0.0116923 0.00808933 0.00528394 0.00322571
 0.00936277 0.0149279 0.0219503 0.0302183 0.0394147 0.0490269 0.0582635 0.0661711 0.0719319 0.0751081 0.0756601 0.0738086 0.0699039 0.0643647 0.0576515 0.0502381 0.0425802 0.0350829 0.028071 0.0217701 0.0163085 0.0117368 0.00805436 0.00522338 0.00317028
 0.00961484 0.0153488 0.0226018 0.0311569 0.0406696 0.0505658 0.0599627 0.0678096 0.073228 0.0757923 0.0755616 0.0729217 0.0684053 0.0625654 0.0558957 0.0487924 0.0415631 0.0344641 0.0277289 0.0215679 0.016149 0.0115794 0.0078997 0.00508808 0.00306736
 0.00950261 0.0151837 0.0223885 0.030919 0.0404531 0.0504385 0.0600041 0.0680875 0.0737627 0.0765242 0.0763463 0.073568 0.0687453 0.0625248 0.0555255 0.0482432 0.0410148 0.03405 0.027495 0.0214818 0.0161422 0.0115909 0.00789811 0.00506943 0.00304102
 0.0090701 0.0145557 0.0215833 0.0300032 0.0395254 0.0496027 0.0593488 0.0676813 0.0736576 0.0767515 0.0769003 0.0743861 0.0697037 0.0634636 0.0562999 0.0487747 0.0413128 0.0341902 0.0275694 0.0215537 0.0162301 0.011682 0.00797253 0.00511706 0.00306419
#obs surv len freq
 nan nan nan nan nan nan nan nan nan nan nan nan nan nan nan nan nan nan nan nan nan nan nan nan nan
 0.00449014 0.007354 0.0111863 0.0160043 0.0217055 0.0279804 0.0342929 0.0400221 0.0446993 0.0481606 0.0505161 0.0520096 0.0528997 0.0534102 0.053723 0.0539768 0.0542545 0.0545467 0.0546851 0.0542769 0.0527151 0.0493478 0.0437985 0.0362798 0.027665
 0.00461668 0.00756389 0.0115095 0.0164699 0.0223346 0.0287741 0.0352221 0.0410243 0.0456887 0.0490461 0.0512185 0.0524738 0.0530989 0.0533451 0.0534169 0.0534678 0.0535869 0.0537636 0.0538259 0.0533791 0.051818 0.048495 0.0430355 0.0356452 0.0271799
 0.00478402 0.00783559 0.011918 0.0170459 0.0231018 0.0297408 0.0363703 0.0423039 0.0470198 0.0503293 0.0523494 0.0533568 0.0536598 0.0535402 0.053237 0.0529359 0.0527497 0.0526823 0.0525682 0.0520161 0.0504259 0.0471552 0.0418285 0.0346375 0.0264083
 0.00497019 0.00814139 0.012384 0.0177115 0.0239975 0.0308758 0.0377205 0.0438079 0.0485879 0.05186 0.0537425 0.0545196 0.0545095 0.0540078 0.0532748 0.0525253 0.0519062 0.0514538 0.0510307 0.050268 0.0485836 0.0453466 0.0401799 0.0332517 0.0253432
 0.00517692 0.00848064 0.0129006 0.0184497 0.0249926 0.0321413 0.0392341 0.0455056 0.0503721 0.0536169 0.0553599 0.0558973 0.0555622 0.0546651 0.0534806 0.0522407 0.051116 0.0501756 0.0493227 0.0482326 0.0463641 0.0431154 0.0381135 0.0314973 0.0239864
 0.00541047 0.00886117 0.0134751 0.0192627 0.0260787 0.0335123 0.0408652 0.0473303 0.0522901 0.0555119 0.0571169 0.0574126 0.0567473 0.0554467 0.0537991 0.0520498 0.0503854 0.0489006 0.0475378 0.0460266 0.043887 0.0405673 0.0357129 0.0294342 0.0223777
 0.00565411 0.00926028 0.0140813 0.0201259 0.0272372 0.0349778 0.0426073 0.0492716 0.0543182 0.0575015 0.0589496 0.0589876 0.057982 0.0562736 0.0541625 0.0519029 0.0496917 0.0476415 0.0457294 0.0437405 0.0412659 0.0378212 0.0330862 0.0271497 0.0205804
 0.00588758 0.00964514 0.0146705 0.0209723 0.0283839 0.0364415 0.0443619 0.0512418 0.0563899 0.0595434 0.0608352 0.060608 0.0592508 0.0571255 0.054548 0.0517821 0.0490316 0.0464204 0.0439525 0.0414645 0.0386206 0.0350127 0.0303668 0.0247596 0.0186837
 0.00614746 0.0100677 0.0153068 0.0218703 0.0295799 0.0379467 0.0461472 0.0532321 0.0584728 0.0615892 0.0627173 0.0622157 0.0604958 0.0579422 0.0548904 0.0516181 0.0483374 0.0451809 0.0421735 0.0391953 0.0359797 0.0321956 0.0276221 0.0223312 0.0167445
 0.0063758 0.0104461 0.0158892 0.0227112 0.0307226 0.0394055 0.0478905 0.0551775 0.0605009 0.0635685 0.0645257 0.0637523 0.0616816 0.0587176 0.0552122 0.0514553 0.0476682 0.0439935 0.0404752 0.0370323 0.0334603 0.0295009 0.0249858 0.0199876 0.0148638
 0.00661447 0.0108352 0.0164773 0.0235446 0.0318374 0.0408141 0.0495666 0.0570492 0.0624585 0.0654834 0.0662717 0.0652208 0.0627899 0.0594102 0.0554561 0.0512323 0.0469683 0.0428137 0.0388275 0.034962 0.0310677 0.0269514 0.0224944 0.0177712 0.0130819
 0.0068297 0.0111905 0.0170216 0.0243263 0.032894 0.0421563 0.0511629 0.0588218 0.0642957 0.0672625 0.067879 0.066562 0.0637924 0.0600225 0.0556458 0.0509833 0.0462757 0.041682 0.0372752 0.0330356 0.0288601 0.0246119 0.0202149 0.0157455 0.011453
 0.00706736 0.0115774 0.0176049 0.0251497 0.0339889 0.0435279 0.0527756 0.060594 0.0661104 0.0689897 0.0693985 0.0677783 0.0646404 0.060466 0.0556715 0.0505928 0.0454794 0.0404963 0.035727 0.0311748 0.0267743 0.0224353 0.0181163 0.0138933 0.00996999
 0.00729592 0.0119524 0.0181751 0.0259613 0.0350751 0.0448924 0.0543774 0.0623433 0.0678827 0.0706514 0.0708302 0.0688888 0.0653699 0.0607848 0.0555751 0.0500953 0.0446055 0.039277 0.0342008 0.0293964 0.0248277 0.02044 0.0162178 0.0122338 0.00865008
 0.0074311 0.0121804 0.0185339 0.0264921 0.0358148 0.0458606 0.0555625 0.0636961 0.0693211 0.0720739 0.072132 0.0699743 0.0661627 0.061233 0.0556532 0.0498012 0.0439553 0.0383 0.0329385 0.0279064 0.0231907 0.0187633 0.0146266 0.0108468 0.00754968
 0.00750736 0.0123031 0.0187169 0.0267504 0.0361643 0.0463181 0.0561423 0.064404 0.0701485 0.0729921 0.0730906 0.0709041 0.0669846 0.0618694 0.0560392 0.0498924 0.0437315 0.0377651 0.0321191 0.0268522 0.0219758 0.0174849 0.0133946 0.00976355 0.0066861
 0.00760449 0.0124507 0.0189202 0.0270077 0.0364689 0.0466614 0.056516 0.064803 0.0705717 0.0734431 0.0735728 0.071413 0.0674991 0.062348 0.0564245 0.0501223 0.0437525 0.0375437 0.0316496 0.0261598 0.0211167 0.0165413 0.0124618 0.00893104 0.00601652
 0.00769083 0.012591 0.0191302 0.0272997 0.0368467 0.0471138 0.0570129 0.0652987 0.0710183 0.073807 0.0738455 0.0716099 0.0676467 0.0624674 0.0565181 0.0501692 0.0437144 0.0373778 0.0313247 0.0256702 0.0204892 0.0158328 0.0117474 0.00828504 0.00549266
 0.00773359 0.0126565 0.019222 0.0274195 0.0369961 0.047295 0.0572283 0.0655472 0.0712913 0.0740869 0.0741088 0.0718353 0.0678233 0.0625967 0.0566085 0.050225 0.0437267 0.0373235 0.0311752 0.0254059 0.0201131 0.0153757 0.011262 0.00782985 0.00511409
 0.00776613 0.012705 0.0192867 0.0274979 0.0370834 0.0473862 0.0573199 0.0656388 0.0713863 0.0741907 0.0742265 0.0719671 0.067962 0.0627307 0.0567254 0.050315 0.043781 0.0373308 0.03112 0.0252735 0.019899 0.015094 0.0109454 0.00752016 0.00484842
 0.00782675 0.0127935 0.0194011 0.0276297 0.0372193 0.0475121 0.057424 0.0657138 0.0714302 0.0742077 0.0742267 0.0719634 0.0679668 0.0627503 0.0567585 0.0503531 0.0438114 0.0373389 0.0310913 0.0251956 0.0197665 0.014913 0.0107352 0.0073087 0.00466256
 0.00785167 0.0128344 0.0194628 0.0277154 0.0373287 0.0476382 0.0575523 0.0658243 0.0715043 0.0742353 0.0742104 0.0719174 0.0679105 0.0627018 0.0567291 0.0503451 0.0438184 0.0373481 0.0310869 0.0251634 0.0196977 0.0148081 0.0106053 0.00717208 0.00453847
 0.00786946 0.0128582 0.0194896 0.02774 0.0373458 0.0476462 0.0575542 0.0658267 0.0715126 0.0742504 0.0742275 0.0719302 0.0679156 0.0627016 0.0567303 0.0503549 0.0438394 0.0373763 0.0311125 0.0251741 0.0196834 0.0147654 0.010539 0.00709406 0.00446261
 0.00788541 0.0128804 0.0195157 0.027765 0.037363 0.0476484 0.0575367 0.0657888 0.0714593 0.0741919 0.0741764 0.0718969 0.0679047 0.0627115 0.056756 0.0503913 0.0438828 0.0374232 0.0311576 0.0252097 0.0197018 0.0147619 0.0105149 0.00705623 0.00442068
 0.0078826 0.0128753 0.019507 0.027751 0.0373415 0.0476172 0.0574942 0.0657348 0.0713957 0.0741236 0.0741116 0.0718457 0.0678769 0.0627132 0.0567877 0.0504477 0.0439555 0.0375028 0.0312352 0.0252773 0.0197527 0.0147922 0.0105245 0.00704946 0.00440468
 0.00787566 0.0128605 0.0194785 0.0277015 0.037265 0.0475121 0.0573659 0.0655957 0.0712622 0.0740109 0.0740306 0.0718021 0.0678723 0.0627466 0.0568559 0.0505451 0.0440735 0.0376309 0.031362 0.0253922 0.0198474 0.0148618 0.0105686 0.00707168 0.00441141
 0.00790427 0.0129011 0.0195282 0.0277533 0.0373083 0.0475354 0.0573592 0.065553 0.0711836 0.0739039 0.0739091 0.0716834 0.0677723 0.0626768 0.0568219 0.0505469 0.0441071 0.0376887 0.0314342 0.0254682 0.0199172 0.0149183 0.0106083 0.00709517 0.00442222
 0.0079029 0.0129003 0.0195295 0.0277581 0.0373172 0.047546 0.0573655 0.0655464 0.0711559 0.073851 0.0738336 0.0715946 0.0676842 0.0626037 0.0567751 0.0505327 0.0441257 0.0377352 0.0315001 0.025543 0.0199907 0.014982 0.0106571 0.00712805 0.00444136
 0.00788472 0.0128708 0.0194854 0.0276973 0.0372397 0.0474556 0.0572704 0.0654577 0.0710839 0.0738013 0.0738056 0.0715832 0.0676842 0.0626129 0.0567952 0.0505675 0.0441784 0.0378059 0.0315848 0.0256343 0.0200796 0.0150603 0.0107193 0.00717242 0.00446955
 0.0078428 0.0128025 0.0193827 0.0275534 0.0370516 0.0472272 0.0570158 0.0652011 0.0708554 0.0736296 0.0737103 0.0715712 0.0677485 0.0627372 0.0569596 0.0507539 0.0443732 0.0380001 0.031772 0.0258083 0.020234 0.0151894 0.0108198 0.00724419 0.00451625
 0.00782364 0.0127667 0.0193203 0.0274525 0.0369012 0.0470227 0.0567628 0.0649179 0.0705698 0.0733736 0.0735141 0.0714571 0.0677281 0.0628087 0.057109 0.0509593 0.0446101 0.0382466 0.0320108 0.0260274 0.0204249 0.0153468 0.0109413 0.00733125 0.00457345
 0.00780512 0.0127374 0.0192772 0.0273926 0.0368207 0.0469167 0.0566268 0.0647497 0.070373 0.0731605 0.0733054 0.071279 0.0676062 0.0627617 0.0571443 0.0510712 0.0447823 0.0384564 0.0322345 0.0262443 0.0206198 0.0155098 0.0110683 0.00742287 0.00463416
 0.00777509 0.0126862 0.0191961 0.0272728 0.0366565 0.0467091 0.0563868 0.0644969 0.0701307 0.0729487 0.0731375 0.0711627 0.0675466 0.0627642 0.0572133 0.0512067 0.044977 0.0386947 0.032495 0.0265037 0.0208573 0.0157109 0.0112257 0.00753645 0.00470941
 0.00773357 0.0126191 0.019096 0.0271329 0.0364722 0.0464803 0.0561201 0.064208 0.069843 0.0726892 0.0729317 0.0710291 0.0674945 0.0627934 0.0573173 0.051376 0.0452001 0.0389576 0.0327798 0.0267895 0.0211232 0.0159396 0.0114072 0.0076688 0.00479766
 0.00933116 0.0148538 0.0217897 0.0298961 0.0388174 0.0480027 0.0566403 0.0637985 0.0687452 0.0711913 0.0712794 0.0693929 0.0659769 0.0614488 0.0561691 0.0504282 0.0444447 0.0383793 0.0323581 0.0265001 0.0209389 0.0158325 0.0113518 0.00764424 0.00478919
 0.00931269 0.0151204 0.0227134 0.0319385 0.042328 0.0529472 0.0624286 0.0693809 0.0729853 0.0733143 0.0711278 0.0673681 0.0627622 0.0577183 0.0524208 0.0469563 0.0413888 0.0357864 0.0302277 0.0248071 0.0196438 0.0148853 0.0106946 0.00721529 0.00452808
 0.00896459 0.0145741 0.0219497 0.0310099 0.0414119 0.0523816 0.0626708 0.070844 0.07579 0.0771057 0.0751195 0.0706403 0.0646452 0.0580245 0.0514135 0.0451333 0.0392483 0.0336914 0.028382 0.023293 0.0184704 0.0140233 0.0100962 0.0068254 0.0042914
 0.00880774 0.0143049 0.0215192 0.0303671 0.0405236 0.0512674 0.0614464 0.0697494 0.0751678 0.0773052 0.0763398 0.0727843 0.067288 0.0605524 0.0532721 0.0460394 0.0392461 0.0330511 0.0274361 0.0223119 0.0176155 0.0133593 0.00962476 0.0065164 0.00410431
 0.00872737 0.0141707 0.0213096 0.0300569 0.0400858 0.0506794 0.0607017 0.0688757 0.0742487 0.0764944 0.0758513 0.0728369 0.0680087 0.0618824 0.0549451 0.0476689 0.0404828 0.0337177 0.0275614 0.0220648 0.0171997 0.0129338 0.00927628 0.00627024 0.00394969
 0.00870488 0.0141318 0.0212464 0.0299589 0.0399408 0.0504735 0.0604217 0.0685115 0.0737987 0.0759766 0.0753179 0.0723853 0.0677713 0.0619848 0.055441 0.0484888 0.0414403 0.0345815 0.0281549 0.0223301 0.0171934 0.0127711 0.00906802 0.00608733 0.00381937
 0.00868734 0.0141 0.0211923 0.0298732 0.0398146 0.0503019 0.060206 0.0682585 0.0735181 0.0756775 0.0750103 0.0720872 0.0675202 0.0618411 0.0554749 0.0487465 0.0419073 0.03517 0.0287327 0.0227776 0.0174525 0.0128562 0.00903924 0.0060115 0.00374328
 0.00870321 0.0141272 0.0212353 0.0299355 0.0398956 0.0503937 0.0602913 0.0683131 0.073517 0.0756033 0.0748581 0.0718666 0.0672542 0.0615666 0.0552409 0.0486065 0.0419009 0.0353012 0.0289602 0.0230292 0.0176573 0.0129752 0.00907413 0.00599133 0.00370202
 0.00869274 0.0141129 0.0212188 0.0299206 0.0398878 0.0503985 0.0603128 0.0683508 0.0735641 0.0756457 0.0748773 0.0718451 0.0671826 0.0614492 0.0550976 0.0484703 0.041809 0.0352818 0.029019 0.0231441 0.0177881 0.013083 0.00913829 0.0060131 0.00369657
 0.00866226 0.0140648 0.0211495 0.0298286 0.039775 0.0502721 0.0601856 0.0682405 0.0734886 0.0756174 0.0748972 0.0719023 0.0672572 0.0615195 0.0551485 0.0484995 0.041828 0.0353098 0.0290723 0.0232264 0.0178878 0.0131794 0.00921295 0.00605844 0.0037163
 0.00864044 0.014029 0.0210953 0.0297518 0.0396733 0.0501466 0.0600428 0.068093 0.0733537 0.075513 0.0748386 0.0718969 0.0673029 0.0616042 0.055254 0.0486075 0.0419269 0.0353977 0.0291547 0.0233099 0.0179733 0.0132608 0.00928126 0.0061072 0.00374508
 0.00864244 0.0140304 0.0210937 0.0297437 0.0396541 0.0501121 0.0599901 0.0680221 0.0732679 0.0754198 0.0747485 0.0718229 0.0672565 0.0615925 0.0552767 0.0486574 0.0419927 0.0354688 0.0292249 0.0233771 0.0180372 0.0133199 0.00933188 0.00614588 0.00377065
 0.00865171 0.0140461 0.0211182 0.029779 0.0397006 0.0501665 0.060045 0.0680663 0.0732894 0.0754097 0.074705 0.0717513 0.0671688 0.0615035 0.0552007 0.0486038 0.0419646 0.0354635 0.0292364 0.0233993 0.0180651 0.0133495 0.00935969 0.00616899 0.00378736
 0.00862541 0.0140077 0.0210686 0.0297222 0.039643 0.0501158 0.0600081 0.0680478 0.0732905 0.0754271 0.0747309 0.0717768 0.0671866 0.0615113 0.0552014 0.048604 0.041971 0.0354803 0.0292639 0.0234345 0.0181036 0.0133868 0.00939233 0.00619485 0.0038058
 0.00862136 0.013997 0.0210453 0.029679 0.0395744 0.0500219 0.0598978 0.0679377 0.0732001 0.0753717 0.0747171 0.0718007 0.0672371 0.0615748 0.0552663 0.0486636 0.042024 0.0355287 0.0293105 0.0234806 0.0181483 0.0134278 0.00942722 0.00622202 0.00382499
 0.00862136 0.013997 0.0210453 0.029679 0.0395744 0.0500219 0.0598978 0.0679377 0.0732001 0.0753717 0.0747171 0.0718007 0.0672371 0.0615748 0.0552663 0.0486636 0.042024 0.0355287 0.0293105 0.0234806 0.0181483 0.0134278 0.00942722 0.00622202 0.00382499
 0.00905199 0.0146783 0.0220318 0.0309986 0.0412111 0.0518954 0.0618504 0.0697475 0.0746285 0.0762299 0.0749157 0.071362 0.0662707 0.0602375 0.0537241 0.0470651 0.0404861 0.0341334 0.0281072 0.0224919 0.0173752 0.0128548 0.00902685 0.00596013 0.00366581
 0.00918593 0.0149364 0.0224936 0.031759 0.0423524 0.0534449 0.0637413 0.0718099 0.0766196 0.0778909 0.0760311 0.0718016 0.0660093 0.0593501 0.0523606 0.0454123 0.0387296 0.0324291 0.0265679 0.0211851 0.0163288 0.012065 0.0084672 0.00558986 0.00343861
 0.00879933 0.0143322 0.0216359 0.0306482 0.0410452 0.0520729 0.062515 0.070984 0.0764169 0.0784141 0.0772115 0.0734169 0.0677591 0.0609484 0.0536071 0.0462217 0.0391219 0.0324938 0.0264216 0.0209372 0.0160617 0.011829 0.0082846 0.00546305 0.00335886
 0.00867852 0.0140898 0.0211884 0.0298955 0.0399037 0.0505257 0.060657 0.0690327 0.0746744 0.0771913 0.0767434 0.0737957 0.0689065 0.0626378 0.0555311 0.0480806 0.0406967 0.0336806 0.0272219 0.02142 0.0163211 0.0119516 0.0083342 0.00547929 0.00336243
 0.0087539 0.0141942 0.021308 0.0299957 0.0399251 0.0503865 0.0602662 0.0683202 0.0736339 0.0759172 0.0754341 0.0727094 0.0682793 0.0626019 0.0560691 0.0490382 0.0418445 0.0347941 0.0281446 0.0220872 0.0167457 0.0121898 0.00845148 0.00552936 0.00338051
 0.00906542 0.0146946 0.0220464 0.0310035 0.0411976 0.0518578 0.06179 0.0696766 0.0745732 0.0762316 0.0750285 0.0716414 0.0667522 0.0609086 0.0545045 0.0478123 0.0410335 0.0343477 0.0279397 0.0219949 0.0166772 0.0121089 0.00835966 0.00544254 0.00331183
 0.00879176 0.0143003 0.0215489 0.0304576 0.0406872 0.0514784 0.0616272 0.0697837 0.0749492 0.0768065 0.0756693 0.0721883 0.0670757 0.0609615 0.0543403 0.0475568 0.0408247 0.0342754 0.0280172 0.0221722 0.0168815 0.0122824 0.00847713 0.00550695 0.00333976
 0.00874816 0.0141946 0.0213288 0.0300621 0.0400734 0.0506584 0.060694 0.0689016 0.0743048 0.0765406 0.0758252 0.0726993 0.0677941 0.0617134 0.054985 0.0480281 0.0411365 0.034493 0.0282099 0.0223775 0.0170967 0.0124816 0.00863557 0.00561486 0.00340288
#pred catch len freq
 0.00353555 0.00566502 0.00840716 0.0117632 0.0157553 0.0203948 0.0256163 0.0312464 0.0370321 0.0426943 0.0479738 0.0526656 0.0566422 0.0598469 0.0622537 0.06382 0.0644618 0.0640591 0.0624718 0.0595489 0.0551442 0.0491774 0.0417634 0.0333469 0.0247143
 0.00382623 0.0060665 0.0088845 0.0122516 0.0161935 0.0207684 0.0259788 0.0316908 0.0376206 0.043387 0.048606 0.052996 0.0564512 0.0590373 0.060908 0.0621909 0.0628973 0.0628861 0.061883 0.0595417 0.0555419 0.0497229 0.0422338 0.0336284 0.0248077
 0.00398391 0.00634527 0.00934024 0.0129365 0.0171286 0.0219119 0.0272143 0.0328597 0.0385895 0.0441058 0.0491043 0.0533148 0.0565644 0.0588343 0.0602608 0.0610593 0.0613976 0.0612723 0.0604477 0.0584939 0.0549324 0.0494551 0.0421438 0.0335764 0.0247271
 0.00415558 0.00661477 0.0097328 0.0134816 0.0178681 0.0229017 0.0285069 0.0344634 0.0404237 0.0459867 0.0507868 0.054575 0.0572685 0.0589465 0.0597997 0.0600591 0.0599177 0.0594379 0.0584645 0.0566025 0.0533248 0.048215 0.0412471 0.0329429 0.0242768
 0.00433296 0.00689771 0.0101492 0.0140559 0.0186211 0.0238498 0.029662 0.0358322 0.0420032 0.0477473 0.0526441 0.0563691 0.0587777 0.0599423 0.0601134 0.0596231 0.0587678 0.0576968 0.0563241 0.0543016 0.0511066 0.0462721 0.0396832 0.0317724 0.0234542
 0.00451081 0.00718323 0.0105734 0.0146486 0.0194094 0.0248544 0.030889 0.0372659 0.0436041 0.049456 0.0543865 0.058056 0.0602959 0.0611467 0.0608358 0.0597064 0.0581147 0.0563107 0.0543231 0.0519011 0.0485764 0.0438765 0.0376246 0.0301572 0.0222933
 0.00475298 0.00755993 0.0111104 0.0153633 0.0203141 0.0259595 0.0321999 0.0387742 0.0452764 0.0512286 0.0561676 0.059737 0.0617644 0.0622931 0.0615511 0.0598795 0.0576449 0.0551402 0.0524787 0.0495204 0.0458972 0.0411881 0.0351961 0.0281744 0.020828
 0.005057 0.00803268 0.0117825 0.0162512 0.0214207 0.0272752 0.0337006 0.0404182 0.0470055 0.0529723 0.0578483 0.0612714 0.0630659 0.0632743 0.0621262 0.0599654 0.0571639 0.0540341 0.0507389 0.0472241 0.0432261 0.0384072 0.0325926 0.0259805 0.019165
 0.00539559 0.00856616 0.0125547 0.017294 0.0227517 0.0288929 0.0355747 0.0424805 0.0491505 0.0550693 0.0597609 0.062878 0.0642739 0.0640237 0.0623819 0.0597031 0.0563593 0.0526648 0.0488054 0.0447841 0.0404248 0.0354775 0.0298118 0.0235958 0.0173249
 0.00564944 0.00898016 0.0131816 0.0181871 0.0239593 0.0304455 0.0374681 0.0446613 0.0515114 0.0574579 0.0619985 0.0647862 0.065703 0.0648743 0.0626107 0.0593115 0.055372 0.0511139 0.0467322 0.0422613 0.0375863 0.0325302 0.0270085 0.0211733 0.0154364
 0.00593695 0.00942687 0.0138182 0.019036 0.0250411 0.0317839 0.0390855 0.0465614 0.0536563 0.0597502 0.0642807 0.0668616 0.067372 0.0659734 0.0630388 0.0590355 0.0544155 0.0495372 0.0446186 0.0397198 0.0347667 0.0296325 0.024266 0.0188033 0.0135821
 0.00616894 0.00979683 0.014362 0.0197836 0.026013 0.0329869 0.0405064 0.0481657 0.0553931 0.0615574 0.066084 0.0685655 0.0688547 0.0670949 0.0636643 0.0590645 0.0538018 0.0482944 0.0428146 0.0374695 0.0322301 0.02701 0.0217778 0.0166487 0.0118913
 0.00642398 0.0101986 0.0149437 0.020571 0.0270233 0.0342263 0.0419619 0.0497958 0.0571234 0.0632873 0.0677024 0.0699694 0.069961 0.0678404 0.063997 0.0589364 0.0531737 0.0471512 0.041183 0.0354312 0.0299239 0.0246214 0.0195119 0.0146882 0.0103536
 0.00673707 0.0106896 0.0156501 0.0215179 0.0282229 0.0356745 0.0436308 0.0516251 0.0590181 0.0651245 0.0693463 0.0712917 0.0708618 0.0682628 0.0639279 0.0583941 0.0521898 0.0457605 0.0394293 0.0333836 0.0276931 0.0223607 0.0173957 0.0128733 0.00893883
 0.00702523 0.0111389 0.0162918 0.0223716 0.0292975 0.0369683 0.045126 0.0532787 0.0607547 0.066838 0.0709095 0.0725735 0.071749 0.0686786 0.0638426 0.0578227 0.0511796 0.0443758 0.0377424 0.0314773 0.0256702 0.0203488 0.0155359 0.0112913 0.0077121
