SBPRF35
7.78865
Curr Bio
494788
B35
678816
F35
0.213057
FOFL
0.145308
OFL
54885
Bzero
2.22533e+06
#pred survey bio
 4.48899e+06 4.31411e+06 4.11825e+06 3.85035e+06 3.54738e+06 3.23088e+06 2.91625e+06 2.63719e+06 2.34358e+06 2.06904e+06 1.83846e+06 1.64712e+06 1.43403e+06 1.29241e+06 1.13046e+06 999176 920594 837499 771677 713047 674903 651612 635877 612117 602816 600982 588534 587128 588381 576591 579116 580414 579679 581812 575566 553975 543404 535389 538848 547748 557830 567316 576127 594279 604017 606746 611322 613760 619002 614518 615115 583659 536031 501131 476947 502430 521740 537804 534362 510908 516512 498272 499855 1.67431e+07 9.9072e+06 1.01264e+07 1.09366e+07 1.20633e+07 1.32353e+07 1.42922e+07 1.51676e+07 1.5854e+07 1.63727e+07 1.67553e+07 1.70332e+07 1.72331e+07 1.73765e+07 1.74791e+07 1.75528e+07 1.7606e+07 1.76445e+07 1.76727e+07 1.76933e+07 1.77086e+07 1.772e+07 1.77285e+07 1.77349e+07 1.77397e+07 1.77434e+07 1.77462e+07 1.77483e+07 1.77499e+07 1.77512e+07 1.77521e+07 1.77529e+07 1.77534e+07 1.77539e+07 1.77542e+07 1.77545e+07 1.77547e+07 1.77548e+07 1.7755e+07 1.77551e+07 1.77551e+07 1.77552e+07 1.77552e+07 1.77553e+07 1.77553e+07 1.77553e+07 1.77553e+07 1.77553e+07 1.77553e+07 1.77553e+07 1.77554e+07 1.77554e+07 1.77554e+07 1.77554e+07 1.77554e+07 1.77554e+07 1.77554e+07 1.77554e+07 1.77554e+07 1.77554e+07 1.77554e+07 1.77554e+07 1.77554e+07 1.77554e+07 1.77554e+07 1.77554e+07 1.77554e+07 1.77554e+07 1.77554e+07 1.77554e+07 1.77554e+07 1.77554e+07 1.77554e+07 1.77554e+07 1.77554e+07 1.77554e+07 1.77554e+07 1.77554e+07 1.77554e+07 1.77554e+07 1.77554e+07 1.77554e+07 1.77554e+07 1.77554e+07 1.77554e+07 1.77554e+07 1.77554e+07 1.77554e+07 1.77554e+07 1.77554e+07 1.77554e+07 1.77554e+07 1.77554e+07 1.77554e+07 1.77554e+07 1.77554e+07 1.77554e+07 1.77554e+07 1.77554e+07 1.77554e+07 0 0 0 0 0 0 0 0 0 0 0 0 0 0 0 0 0 0 0 0 0 0 0 0 0
#obs survey bio
 2.15493e+06 2.95964e+06 2.9601e+06 2.48729e+06 3.29792e+06 2.68857e+06 1.72041e+06 2.03137e+06 2.88105e+06 2.36229e+06 1.32384e+06 1.64554e+06 1.71712e+06 777378 907683 1.05257e+06 795349 927033 777089 734680 605107 362752 532045 438267 572556 416167 572853 462697 520246 591488 527915 505593 547681 681530 479985 646101 523879 504398 601035 455487 462438 686397 508814 871373 509819 518932 712952 621404 459804 748064 593842 739070 459309 412005 479694 401630 697956 640039 351911 630154 602057 573913 532808
#pred catch bio
 87018.7 95573.5 163872 211356 247003 272617 267941 306130 310508 288772 267830 296400 239882 261520 235756 189802 191166 171631 160070 138425 124182 117728 123999 111359 105111 112928 102362 99600.1 108954 94686.6 93811.4 93252.5 88130 91538.4 99794.6 88428.6 89332 84713 83985.3 84780.5 85401.5 85479.2 77861.1 85536.9 91799 90549.1 92377.4 90005.3 97763.4 92526.1 117993 129273 116987 107464 67119.3 73282.1 74652.5 88892.2 103700 78545.4 97300.1 77702 92458.5 54885 76609.1 76761.2 81582.8 89655.8 98327.9 106095 112396 117194 120687 123148 124839 125980 126739 127237 127561 127770 127905 127991 128046 128080 128102 128116 128125 128131 128134 128136 128138 128138 128139 128139 128140 128140 128140 128140 128140 128140 128140 128140 128140 128140 128140 128140 128140 128140 128140 128140 128140 128140 128140 128140 128140 128140 128140 128140 128140 128140 128140 128140 128140 128140 128140 128140 128140 128140 128140 128140 128140 128140 128140 128140 128140 128140 128140 128140 128140 128140 128140 128140 128140 128140 128140 128140 128140 128140 128140 128140 128140 128140 128140 128140 128140 128140 128140 128140 128140 128140 128140 128140 128140 0 0 0 0 0 0 0 0 0 0 0 0 0 0 0 0 0 0 0 0 0 0 0 0 0
#obs catch bio
 0 95435.2 165096 213738 250553 278047 273664 315055 319174 296549 274431 307102 244428 269884 243163 194584 196069 175439 162740 139869 125474 120191 127088 113816 107679 116174 104340 101706 112089 96620.5 95450.5 95081.9 89459.7 92770.4 101440 88862.7 89973 85506.9 84691.3 85701.6 86149.9 85704.8 77993.4 85548.4 92075.1 90907.7 92644.6 90050.5 98425.5 92508.6 118242 129201 116521 108090 67085.2 73773.9 74753.3 88737.4 104332 78300.7 97728.6 77386.2 92598.6
#pred cpue bio
 4.41201e+06 4.24236e+06 4.05064e+06 3.7842e+06 3.4822e+06 3.16716e+06 2.85417e+06 2.57664e+06 2.28539e+06 2.01349e+06 1.78515e+06 1.59567e+06 1.38557e+06 1.24583e+06 1.08637e+06 957425 880640 800003 736536 680112 643220 620251 604572 581366 572223 570532 558775 557615 558950 547880 550915 552719 552544 555318 550157 529927 519119 509500 511503 519958 530126 539870 548757 566460 575901 578412 582808 585296 590463 586236 587046 556411 509648 475153 451323 476193 495810 512380 509399 486276 491540 474261 476640 1.5996e+07 9.47159e+06 9.54554e+06 1.02007e+07 1.12744e+07 1.24342e+07 1.34888e+07 1.43638e+07 1.50501e+07 1.55688e+07 1.59514e+07 1.62293e+07 1.64293e+07 1.65726e+07 1.66753e+07 1.6749e+07 1.68021e+07 1.68407e+07 1.68688e+07 1.68895e+07 1.69048e+07 1.69161e+07 1.69246e+07 1.6931e+07 1.69359e+07 1.69396e+07 1.69423e+07 1.69445e+07 1.69461e+07 1.69473e+07 1.69483e+07 1.6949e+07 1.69496e+07 1.695e+07 1.69504e+07 1.69506e+07 1.69508e+07 1.6951e+07 1.69511e+07 1.69512e+07 1.69513e+07 1.69513e+07 1.69514e+07 1.69514e+07 1.69514e+07 1.69514e+07 1.69515e+07 1.69515e+07 1.69515e+07 1.69515e+07 1.69515e+07 1.69515e+07 1.69515e+07 1.69515e+07 1.69515e+07 1.69515e+07 1.69515e+07 1.69515e+07 1.69515e+07 1.69515e+07 1.69515e+07 1.69515e+07 1.69515e+07 1.69515e+07 1.69515e+07 1.69515e+07 1.69515e+07 1.69515e+07 1.69515e+07 1.69515e+07 1.69515e+07 1.69515e+07 1.69515e+07 1.69515e+07 1.69515e+07 1.69515e+07 1.69515e+07 1.69515e+07 1.69515e+07 1.69515e+07 1.69515e+07 1.69515e+07 1.69515e+07 1.69515e+07 1.69515e+07 1.69515e+07 1.69515e+07 1.69515e+07 1.69515e+07 1.69515e+07 1.69515e+07 1.69515e+07 1.69515e+07 1.69515e+07 1.69515e+07 1.69515e+07 1.69515e+07 1.69515e+07 1.69515e+07 1.69515e+07 0 0 0 0 0 0 0 0 0 0 0 0 0 0 0 0 0 0 0 0 0 0 0 0 0
#obs cpue bio
 3.53501e+06 3.4086e+06 2.73779e+06 2.37347e+06 2.81363e+06 2.14872e+06 2.75261e+06 2.44526e+06 2.02243e+06 1.37378e+06 1.97743e+06 955203 1.57333e+06 1.05675e+06 897090 611872 923486 567568 805702 690093 557978 391211 510625 544208 313461 560180 584620 414755 364804 442490 594322 413757 548899 472140 550814 716351 459579 362366 435272 445226 660963 728406 517637 512861 540424 547384 554046 619392 529990 614668 661402 529464 685400 385411 368747 446904 486018 620952 542164 451638 408190 494502 429951
#pred surv len freq
 0.00585225 0.00937867 0.0138833 0.0192661 0.0253502 0.0318197 0.0381811 0.0438656 0.0484429 0.0517763 0.0540041 0.0554011 0.0562423 0.0567238 0.0569247 0.0567977 0.0561906 0.0548963 0.0527108 0.0494728 0.0450884 0.0395653 0.0330787 0.0260349 0.0190525
 0.00614598 0.0097221 0.0141593 0.0193011 0.0249833 0.0309989 0.0370252 0.0426363 0.0474269 0.0511459 0.0537409 0.055325 0.0561204 0.0563929 0.056372 0.0561698 0.0557344 0.0548548 0.0532162 0.0504855 0.0464115 0.0409287 0.034247 0.0268821 0.0195738
 0.00655238 0.0103566 0.015056 0.0204501 0.0263058 0.032329 0.0381208 0.0432427 0.0473836 0.0504752 0.0526468 0.0540858 0.0549445 0.0553385 0.0553802 0.0551728 0.0547522 0.0540147 0.052687 0.0503756 0.0467002 0.0414726 0.034852 0.0273908 0.0199143
 0.00682405 0.0108102 0.0157607 0.0214761 0.0277064 0.0341083 0.0401964 0.0454225 0.0493813 0.0519728 0.0533912 0.0539783 0.0540715 0.053919 0.0536597 0.0533376 0.052916 0.0522655 0.0511294 0.0491227 0.0458228 0.0409569 0.034606 0.0272939 0.0198706
 0.00709651 0.0112402 0.0163859 0.0223296 0.0288181 0.0355043 0.0418879 0.0473846 0.0515268 0.0541333 0.0553209 0.0553955 0.0547351 0.0537092 0.0526184 0.0516428 0.0508107 0.0499895 0.0488881 0.0470826 0.0441059 0.0396252 0.033652 0.0266549 0.019462
 0.00740614 0.0117257 0.0170836 0.0232624 0.0299943 0.0369156 0.0435071 0.0491655 0.0534089 0.0560444 0.0571675 0.0570447 0.0560064 0.0543987 0.0525568 0.0507615 0.0491772 0.0477928 0.0463859 0.0445412 0.0417536 0.0376224 0.0320777 0.0255099 0.0186899
 0.00770854 0.0122061 0.0177859 0.0242198 0.031224 0.0384105 0.0452262 0.0510327 0.055325 0.0579074 0.0588892 0.0585505 0.057219 0.0552182 0.0528563 0.0504127 0.0481021 0.0460146 0.0440491 0.0418877 0.0390653 0.0351562 0.0300147 0.023932 0.0175861
 0.00791507 0.0125433 0.0182966 0.0249459 0.0322 0.0396522 0.0467181 0.0527209 0.0571224 0.0597088 0.0605884 0.0600527 0.0584453 0.0560988 0.053318 0.0503704 0.0474705 0.0447443 0.0421728 0.0395468 0.036496 0.0326349 0.027786 0.0221517 0.0162999
 0.00818172 0.0129649 0.0189095 0.025778 0.0332681 0.0409577 0.0482395 0.0544077 0.0588965 0.0614736 0.0622405 0.0614938 0.0595906 0.0568811 0.0536838 0.0502712 0.0468571 0.0435769 0.0404512 0.037348 0.0339927 0.0300736 0.0254264 0.020195 0.0148408
 0.00854027 0.013519 0.0196899 0.0267952 0.034513 0.0424035 0.0498403 0.0560978 0.0605949 0.0630943 0.0637023 0.0627255 0.0605312 0.0574791 0.053896 0.0500602 0.0461891 0.0424254 0.0388139 0.0352755 0.0316137 0.0275932 0.0230853 0.018203 0.0133185
 0.00887754 0.0140481 0.02045 0.0278087 0.0357809 0.0438993 0.051504 0.0578369 0.0622981 0.0646545 0.0650354 0.063776 0.0612667 0.0578799 0.0539458 0.0497409 0.0454793 0.0413056 0.037281 0.0333661 0.0294275 0.0252982 0.0208911 0.0163055 0.0118431
 0.0090065 0.0142784 0.0208346 0.0284092 0.0366533 0.0450708 0.0529516 0.0594807 0.0640154 0.0663075 0.0664986 0.0649539 0.0621002 0.0583429 0.0540353 0.0494632 0.0448395 0.0403051 0.0359266 0.0316904 0.0275108 0.0232777 0.0189432 0.0146024 0.0105021
 0.00944848 0.0149442 0.0217404 0.0295399 0.037974 0.0465432 0.0545402 0.0611441 0.065692 0.0679058 0.0679036 0.0660477 0.0627884 0.0585744 0.0538064 0.0488059 0.0438022 0.0389366 0.0342728 0.029805 0.0254748 0.0212112 0.0169959 0.0129197 0.00918283
 0.00970989 0.015359 0.0223441 0.0303551 0.0390022 0.0477561 0.0558746 0.0625106 0.0669977 0.0690803 0.0689074 0.0668589 0.0633809 0.0589075 0.0538328 0.0484905 0.0431356 0.0379371 0.0329814 0.0282827 0.0238056 0.0195057 0.0153827 0.0115208 0.00808117
 0.00996137 0.0157783 0.0229936 0.0312963 0.040279 0.0493691 0.0577572 0.0645236 0.0689528 0.0707838 0.0702064 0.0676692 0.0636907 0.0587581 0.0532888 0.047614 0.0419754 0.0365334 0.0313773 0.0265361 0.021996 0.0177342 0.0137606 0.0101473 0.00701759
 0.0101574 0.0160866 0.0234397 0.031902 0.0410638 0.0503503 0.0589425 0.0658962 0.0704559 0.0723136 0.0716206 0.0688146 0.0644402 0.0590413 0.053102 0.047006 0.0410218 0.0353132 0.0299634 0.0249993 0.0204148 0.0161987 0.0123659 0.00897496 0.00611526
 0.0101307 0.0160537 0.0234106 0.0318945 0.041103 0.0504655 0.0591646 0.0662562 0.0709809 0.0730178 0.0724902 0.0697943 0.0654308 0.0599161 0.0537378 0.047316 0.0409727 0.0349233 0.0292876 0.0241131 0.019405 0.0151584 0.0113865 0.00813295 0.00545764
 0.0101301 0.0160664 0.0234548 0.0319956 0.0412865 0.0507472 0.0595424 0.0667097 0.0714798 0.0735341 0.0730067 0.0703034 0.0659238 0.0603695 0.054106 0.0475372 0.0409874 0.034696 0.02882 0.0234454 0.0186068 0.0143146 0.0105825 0.00743884 0.00491535
 0.0102134 0.0161784 0.0235814 0.032112 0.0413687 0.0507869 0.0595566 0.0667368 0.0715625 0.0736997 0.0732573 0.0706198 0.066277 0.0607295 0.0544423 0.0478138 0.0411609 0.0347228 0.0286714 0.0231212 0.0181404 0.013767 0.0100261 0.00693905 0.00451518
 0.0105281 0.0166355 0.0241672 0.0327762 0.0420346 0.0513724 0.0599938 0.0669852 0.071616 0.0735878 0.0730371 0.0703584 0.0660306 0.0605295 0.0542933 0.0476989 0.0410502 0.0345801 0.0284631 0.0228274 0.0177646 0.0133381 0.00959032 0.00654462 0.00419696
 0.0109412 0.017244 0.0249644 0.0337109 0.0430211 0.0523088 0.0607801 0.0675357 0.0718727 0.0735334 0.0727034 0.0698202 0.0653862 0.0598741 0.0536967 0.0471954 0.0406391 0.0342365 0.0281512 0.0225149 0.0174341 0.0129928 0.00925132 0.00624049 0.00395122
 0.0110733 0.0174721 0.0253298 0.034254 0.0437636 0.0532309 0.0618036 0.0685302 0.0726881 0.0740461 0.0728511 0.0696126 0.0648913 0.0591934 0.0529385 0.0464514 0.0399698 0.0336663 0.0276744 0.0221091 0.0170756 0.0126679 0.00895992 0.00599185 0.00375526
 0.0110349 0.0174267 0.0252944 0.0342593 0.0438514 0.0534457 0.0621794 0.0690749 0.0733683 0.0747821 0.073529 0.0701147 0.0651339 0.0591524 0.0526515 0.0459978 0.0394411 0.0331393 0.0271969 0.021699 0.0167305 0.012378 0.00871793 0.0057957 0.00360526
 0.0112061 0.0176747 0.0256124 0.0346231 0.0442293 0.0538126 0.0625279 0.0694149 0.0737169 0.0751478 0.0738976 0.0704438 0.0653601 0.059212 0.0525054 0.0456495 0.0389371 0.0325523 0.0266018 0.0211527 0.0162643 0.012001 0.00842579 0.00557865 0.00345214
 0.0111281 0.0175744 0.0255092 0.0345493 0.0442183 0.0538827 0.0626717 0.0696041 0.0739199 0.0753486 0.074102 0.0706675 0.0656079 0.0594625 0.0527134 0.0457641 0.038925 0.0324131 0.0263662 0.0208685 0.0159779 0.0117454 0.00821756 0.00542129 0.0033413
 0.0109636 0.0173243 0.0251667 0.0341241 0.0437386 0.0533957 0.0622394 0.0692927 0.0737815 0.0754035 0.0743338 0.0710345 0.0660612 0.0599578 0.0532105 0.0462223 0.0393036 0.0326807 0.026512 0.0209058 0.0159379 0.0116646 0.00812666 0.00533999 0.00327843
 0.0110714 0.0174694 0.0253295 0.0342675 0.0438187 0.0533785 0.0621163 0.0690849 0.0735337 0.0751699 0.0741619 0.0709529 0.0660748 0.0600511 0.0533562 0.0463896 0.0394627 0.0328051 0.0265828 0.0209166 0.0158965 0.01159 0.00804118 0.00526163 0.00321715
 0.0110878 0.0174941 0.0253619 0.0343028 0.0438459 0.0533789 0.0620654 0.0689604 0.0733279 0.0749004 0.0738731 0.070704 0.0659196 0.0600198 0.0534476 0.0465755 0.0397002 0.0330492 0.0267964 0.0210761 0.0159945 0.0116331 0.00804539 0.00524514 0.00319469
 0.0108234 0.0171211 0.0249054 0.0338219 0.0434158 0.0530634 0.0618944 0.0689236 0.0733861 0.0750047 0.0739841 0.0708035 0.066014 0.0601328 0.0536058 0.0467932 0.0399708 0.0333478 0.0270886 0.0213304 0.0161907 0.0117661 0.00812288 0.00528214 0.00320734
 0.0107403 0.016984 0.0246977 0.033533 0.043051 0.0526541 0.0615015 0.0686249 0.0732474 0.0750496 0.0741814 0.0710832 0.0663004 0.0603753 0.0537917 0.0469395 0.0401052 0.0334899 0.0272412 0.0214819 0.0163241 0.0118686 0.0081906 0.00531975 0.00322395
 0.0106712 0.0168579 0.024483 0.0331929 0.0425544 0.0519925 0.0607056 0.0677716 0.0724495 0.0744299 0.0738398 0.0710673 0.0665915 0.0608983 0.054444 0.0476254 0.0407586 0.0340775 0.0277516 0.0219121 0.0166725 0.012135 0.00837958 0.00544238 0.00329594
 0.0105173 0.0166343 0.0241948 0.0328581 0.0421937 0.0516162 0.0603066 0.0673331 0.071965 0.0739231 0.0733716 0.0707226 0.06645 0.0610037 0.0547868 0.0481478 0.0413773 0.0347111 0.0283399 0.0224201 0.0170857 0.0124519 0.00860718 0.00559381 0.00338825
 0.0103229 0.0163399 0.0237927 0.0323584 0.0416238 0.0510174 0.0597293 0.0668272 0.0715667 0.0736448 0.0732036 0.0706489 0.0664678 0.0611298 0.0550457 0.04855 0.0419034 0.0353125 0.0289537 0.0229888 0.0175695 0.0128326 0.00888497 0.0057812 0.00350444
 0.00999877 0.0158524 0.0231332 0.031546 0.040702 0.0500458 0.0587781 0.0659733 0.0708862 0.0731996 0.0730263 0.0707353 0.0667823 0.0616212 0.055665 0.0492599 0.0426749 0.0361147 0.0297466 0.0237259 0.0182085 0.0133464 0.00926669 0.00604236 0.00366833
 0.00985963 0.0156206 0.0227753 0.0310312 0.0400127 0.0491933 0.057814 0.0649879 0.0699894 0.0724921 0.0725775 0.0705746 0.0669024 0.0619869 0.056224 0.0499542 0.0434496 0.0369219 0.0305434 0.0244717 0.0188661 0.0138878 0.00967918 0.0063313 0.00385333
 0.010837 0.016994 0.0244424 0.0327589 0.0414997 0.050172 0.058136 0.0646509 0.0691065 0.0712388 0.0711442 0.0691348 0.065593 0.0608985 0.0553998 0.0493971 0.0431346 0.0368078 0.0305822 0.0246134 0.0190624 0.0140957 0.00986604 0.00647838 0.00395589
 0.0118069 0.0184778 0.0264929 0.0353386 0.0444619 0.0532529 0.0609653 0.0668078 0.0702302 0.0711515 0.0699149 0.0670438 0.0630223 0.058214 0.0528777 0.0472036 0.0413415 0.0354203 0.0295651 0.0239105 0.0186091 0.0138269 0.00972264 0.00641159 0.00393021
 0.0117338 0.018491 0.026754 0.0360723 0.0458883 0.0554815 0.0639016 0.0701284 0.073449 0.0737471 0.0714692 0.0673449 0.0621049 0.0563282 0.0503995 0.0445241 0.038779 0.0331796 0.0277409 0.0225146 0.0176016 0.0131419 0.00928574 0.00615172 0.00378694
 0.0113247 0.0178854 0.0259619 0.0351646 0.0450065 0.0548343 0.0637391 0.0706802 0.0748287 0.0758636 0.0740036 0.0698268 0.0640623 0.0574384 0.0505733 0.0438959 0.0376241 0.0318062 0.026404 0.0213744 0.0167242 0.0125241 0.00888528 0.00591259 0.00365571
 0.0110259 0.0174148 0.025284 0.034263 0.0438962 0.0535784 0.0624666 0.0695897 0.0741613 0.0758423 0.0747523 0.0713017 0.0660312 0.0595334 0.052404 0.0451762 0.0382506 0.0318572 0.026071 0.0208719 0.0162208 0.0121147 0.00859867 0.00573564 0.00355842
 0.0107904 0.0170507 0.0247705 0.0335921 0.0430723 0.0526191 0.0614089 0.0685003 0.0731454 0.0750427 0.0743313 0.0714018 0.0667205 0.0607565 0.0539709 0.0468075 0.039668 0.0328752 0.0266431 0.0210739 0.0161897 0.0119842 0.00845996 0.00563082 0.00349436
 0.0108014 0.0170371 0.0246927 0.0333947 0.0426999 0.0520392 0.0606314 0.0675813 0.0721738 0.0741208 0.0735633 0.0708902 0.0665599 0.0610122 0.0546452 0.047814 0.0408379 0.0340054 0.0275645 0.0217033 0.0165388 0.0121271 0.00848639 0.00561124 0.00346827
 0.0108764 0.0171457 0.0248292 0.0335401 0.0428196 0.0520849 0.0605473 0.0673177 0.071707 0.0734706 0.0727988 0.0701179 0.0659007 0.0605771 0.0545124 0.0480092 0.0413201 0.0346697 0.028271 0.022323 0.0169941 0.0124055 0.00862378 0.00566127 0.00347699
 0.0108153 0.0170549 0.0247084 0.0333941 0.0426565 0.0519117 0.0603661 0.0671228 0.0714851 0.0732055 0.0724807 0.0697563 0.0655329 0.0602658 0.0543316 0.0480209 0.0415511 0.0350966 0.0288217 0.022899 0.0175036 0.0127923 0.00887693 0.00580403 0.00354612
 0.0108491 0.017103 0.024768 0.0334586 0.0427168 0.0519594 0.0603951 0.0671287 0.071462 0.0731431 0.0723649 0.0695739 0.0652808 0.0599612 0.0540162 0.0477545 0.041394 0.0350869 0.028959 0.0231423 0.0177886 0.0130564 0.00908055 0.00593697 0.00362003
 0.0107864 0.0170272 0.0247016 0.0334367 0.0427754 0.0521179 0.0606429 0.067425 0.0717501 0.0733696 0.072493 0.0695868 0.065178 0.0597553 0.053733 0.0474345 0.0410889 0.0348487 0.0288237 0.0231169 0.01785 0.0131632 0.00919163 0.00602567 0.00367786
 0.0106925 0.0168825 0.0245001 0.0331826 0.0424866 0.0518289 0.0604028 0.0672873 0.0717533 0.0735189 0.0727542 0.0698979 0.0654721 0.0599813 0.0538662 0.0474772 0.0410654 0.0347966 0.028782 0.0231137 0.0178932 0.0132409 0.00928125 0.00610591 0.00373695
 0.0107247 0.0169185 0.0245241 0.03317 0.0424112 0.0516746 0.0601744 0.0670145 0.0714858 0.0733128 0.0726545 0.0699232 0.0656077 0.0601842 0.0540819 0.0476592 0.0411891 0.0348631 0.0288112 0.0231319 0.0179206 0.0132848 0.0093361 0.00616047 0.00378155
 0.0105894 0.01673 0.024298 0.0329378 0.0422085 0.0515233 0.0600712 0.066935 0.0714015 0.073212 0.0725525 0.0698561 0.0656137 0.0602838 0.0542672 0.0478974 0.0414373 0.0350851 0.0289893 0.0232668 0.0180237 0.0133683 0.00940668 0.00621893 0.0038263
 0.0105461 0.0166612 0.0241985 0.032807 0.0420541 0.0513643 0.0599366 0.0668548 0.0713926 0.0732662 0.0726384 0.0699363 0.0656653 0.0603096 0.0542883 0.047936 0.0415023 0.0351693 0.0290769 0.0233445 0.0180862 0.0134172 0.00944591 0.00625092 0.00385148
 0.0106071 0.0167349 0.0242627 0.0328259 0.0419891 0.0511907 0.0596589 0.0665098 0.07104 0.0729699 0.0724462 0.0698664 0.0657052 0.0604264 0.0544462 0.0481096 0.0416791 0.0353437 0.0292435 0.0234955 0.0182144 0.0135191 0.0095222 0.00630526 0.00388828
 0.0109074 0.0172072 0.0249406 0.0337217 0.0430817 0.052413 0.0608909 0.0675929 0.071815 0.0733269 0.0723576 0.0693869 0.0649423 0.059502 0.0534668 0.047154 0.0407992 0.0345713 0.0285949 0.0229749 0.0178156 0.0132284 0.00932194 0.00617596 0.00381094
 0.011325 0.0178577 0.0258659 0.0349396 0.0445804 0.0541432 0.062755 0.0694398 0.0734531 0.0745567 0.0730163 0.0693876 0.0642973 0.0583176 0.0519136 0.0454225 0.0390604 0.0329534 0.0271788 0.0218002 0.0168904 0.0125381 0.00883627 0.00585606 0.0036152
 0.0114769 0.0181144 0.0262701 0.0355367 0.0454076 0.0552135 0.0640401 0.0708632 0.0748977 0.0758824 0.0740796 0.0700609 0.0644889 0.0579932 0.0511099 0.044244 0.0376566 0.0314841 0.0257823 0.0205742 0.0158872 0.0117702 0.00828692 0.00549006 0.00338939
 0.0114468 0.0180821 0.0262538 0.0355673 0.0455268 0.0554655 0.0644621 0.0714746 0.075689 0.0768077 0.0750557 0.0709762 0.0652218 0.0584364 0.0511938 0.0439542 0.0370394 0.0306365 0.0248278 0.0196327 0.0150515 0.0110935 0.00778413 0.00514664 0.00317408
 0.0108203 0.0171249 0.0249307 0.0338961 0.0435833 0.0533861 0.0624433 0.0697583 0.0745221 0.0763819 0.0754533 0.0721457 0.0669905 0.0605505 0.0533741 0.0459527 0.0386827 0.031847 0.025618 0.0200787 0.0152565 0.0111561 0.00777907 0.00511996 0.00314808
 0.0105119 0.0166237 0.0241783 0.0328424 0.0422022 0.0516983 0.0605386 0.0678023 0.0727361 0.0750007 0.074677 0.0720985 0.0676929 0.0619103 0.0552011 0.0479974 0.0406912 0.033614 0.027022 0.0210897 0.0159168 0.0115474 0.00798967 0.00522316 0.00319441
 0.0106218 0.0167425 0.0242454 0.0327613 0.0418617 0.0510089 0.0594686 0.0663963 0.0711127 0.0733352 0.0731757 0.0709673 0.0671 0.0619487 0.0558625 0.049169 0.0421797 0.0351932 0.0284875 0.0223018 0.0168185 0.012154 0.00835984 0.00542896 0.00329909
 0.010905 0.0171816 0.0248618 0.0335488 0.0427735 0.051946 0.060278 0.0668928 0.0711296 0.0727856 0.0720947 0.069512 0.0655092 0.0604823 0.0547392 0.0485189 0.0420208 0.0354394 0.0289855 0.0228843 0.0173519 0.0125642 0.00863172 0.0055855 0.00337746
 0.0109976 0.0173732 0.0252247 0.0341707 0.0437301 0.0532581 0.0618719 0.0685897 0.0726748 0.0739084 0.072578 0.0692499 0.0645381 0.0589757 0.0529636 0.0467632 0.0405231 0.0343356 0.0282956 0.0225366 0.0172305 0.0125566 0.00865895 0.00560864 0.00338677
 0.0105479 0.0167057 0.0243428 0.033131 0.0426416 0.0522706 0.0611568 0.0683067 0.072923 0.0746774 0.0737273 0.0705397 0.0657041 0.0598142 0.053391 0.0468269 0.0403638 0.0341209 0.0281557 0.022528 0.0173388 0.0127268 0.00883248 0.00574754 0.00347925
 0.0103093 0.0163481 0.0238617 0.0325444 0.0419883 0.0516059 0.0605506 0.0678425 0.0726901 0.0747513 0.0741414 0.0712584 0.0666145 0.060748 0.0541748 0.0473407 0.0405801 0.0341025 0.0280165 0.0223793 0.0172483 0.0127094 0.00886633 0.00580044 0.00352719
 0.00964596 0.0153549 0.022527 0.0309171 0.0401688 0.049727 0.0587627 0.066304 0.0715547 0.0741466 0.0741449 0.0718809 0.0677915 0.0623414 0.05599 0.0491626 0.0422222 0.0354503 0.0290433 0.0231268 0.017788 0.0131056 0.00916005 0.0060127 0.00367091
#obs surv len freq
 nan nan nan nan nan nan nan nan nan nan nan nan nan nan nan nan nan nan nan nan nan nan nan nan nan
 0.0044861 0.00734819 0.011179 0.0159961 0.0216974 0.0279733 0.0342873 0.0400182 0.0446971 0.0481598 0.0505165 0.052011 0.052902 0.0534133 0.0537267 0.0539809 0.054259 0.0545514 0.0546899 0.0542817 0.0527199 0.0493522 0.0438024 0.0362831 0.0276675
 0.00462222 0.00757076 0.0115159 0.0164731 0.0223317 0.0287636 0.0352047 0.0410032 0.045668 0.0490292 0.0512073 0.0524684 0.0530982 0.0533479 0.053422 0.0534745 0.0535946 0.053772 0.0538348 0.0533881 0.0518269 0.0485035 0.0430431 0.0356514 0.0271847
 0.00478264 0.0078342 0.0119174 0.0170468 0.0231043 0.0297436 0.0363705 0.0422978 0.0470047 0.0503057 0.0523209 0.0533291 0.053638 0.0535273 0.0532335 0.0529403 0.0527599 0.0526964 0.0525847 0.0520339 0.0504438 0.0471723 0.0418439 0.0346503 0.0264181
 0.00496599 0.00813441 0.0123733 0.0176964 0.0239779 0.0308527 0.0376959 0.0437844 0.0485672 0.0518421 0.0537263 0.0545039 0.0544946 0.0539962 0.0532695 0.0525288 0.0519191 0.051475 0.051058 0.050299 0.048616 0.0453781 0.0402083 0.0332755 0.0253614
 0.00517419 0.00847571 0.0128923 0.0184364 0.0249731 0.0321149 0.0392012 0.0454684 0.050334 0.0535817 0.0553308 0.0558759 0.0555486 0.0546584 0.0534803 0.0522472 0.0511304 0.0501988 0.0493541 0.0482702 0.0464052 0.0431566 0.0381514 0.0315293 0.024011
 0.00540316 0.00885043 0.013461 0.0192459 0.02606 0.0334921 0.0408432 0.0473058 0.0522628 0.0554824 0.0570871 0.0573854 0.0567257 0.0554329 0.053794 0.0520534 0.0503977 0.0489215 0.047567 0.0460631 0.0439284 0.0406101 0.0357533 0.0294689 0.0224048
 0.00563681 0.00923321 0.0140426 0.0200749 0.0271748 0.0349068 0.0425326 0.0491998 0.0542558 0.057453 0.058917 0.05897 0.0579778 0.0562816 0.0541818 0.051933 0.0497322 0.0476918 0.0457885 0.0438066 0.0413363 0.0378916 0.0331517 0.0272057 0.0206239
 0.00588072 0.0096334 0.0146517 0.0209444 0.0283449 0.0363909 0.0443015 0.051176 0.0563245 0.0594848 0.0607884 0.0605761 0.0592345 0.0571238 0.0545591 0.0518045 0.0490642 0.0464628 0.0440039 0.0415234 0.0386845 0.0350774 0.0304277 0.0248121 0.0187249
 0.00611998 0.0100248 0.0152456 0.0217894 0.0294796 0.0378294 0.0460182 0.0530994 0.0583466 0.0614803 0.0626349 0.0621663 0.0604819 0.0579626 0.0549408 0.0516925 0.0484296 0.045286 0.0422873 0.0393144 0.0360998 0.0323113 0.0277271 0.0224197 0.0168129
 0.0063653 0.0104266 0.0158555 0.0226572 0.0306431 0.0392988 0.0477608 0.0550345 0.0603578 0.0634384 0.0644194 0.0636768 0.0616409 0.0587131 0.0552428 0.0515176 0.0477568 0.044102 0.0405972 0.0371617 0.0335909 0.0296259 0.0250985 0.0200819 0.0149364
 0.00660176 0.0108133 0.0164417 0.0234903 0.0317592 0.0407085 0.0494337 0.0568941 0.0622913 0.0653183 0.0661247 0.0651065 0.0627186 0.059387 0.0554804 0.0512997 0.0470718 0.0429449 0.0389776 0.035122 0.0312285 0.0271041 0.0226305 0.0178839 0.0131677
 0.00682213 0.0111773 0.017 0.0242929 0.0328452 0.0420891 0.0510759 0.0587158 0.0641741 0.0671315 0.0677474 0.066441 0.0636941 0.059958 0.0556229 0.0510049 0.0463397 0.0417823 0.0374029 0.0331803 0.0290107 0.0247575 0.0203456 0.0158538 0.0115354
 0.00704756 0.0115463 0.0175601 0.0250897 0.0339132 0.0434375 0.0526731 0.0604838 0.0659981 0.0688812 0.069299 0.0676928 0.0645738 0.0604237 0.0556589 0.0506146 0.0455375 0.0405891 0.035849 0.0313168 0.026925 0.0225827 0.0182492 0.0140037 0.0100537
 0.00726473 0.0119006 0.0180953 0.0258468 0.034922 0.0447032 0.0541629 0.0621226 0.0676789 0.070485 0.0707145 0.0688279 0.065361 0.0608211 0.0556491 0.0502007 0.044738 0.0394325 0.0343747 0.0295818 0.0250148 0.0206177 0.0163751 0.0123625 0.0087466
 0.00741231 0.0121501 0.0184886 0.0264284 0.0357294 0.0457511 0.0554289 0.0635421 0.0691555 0.0719104 0.0719871 0.0698638 0.0660977 0.061218 0.0556857 0.0498744 0.0440611 0.0384309 0.0330875 0.0280663 0.023353 0.0189183 0.0147645 0.0109601 0.00763487
 0.007523 0.0123258 0.0187461 0.0267832 0.0361961 0.0463431 0.0561537 0.0643951 0.0701131 0.0729269 0.072997 0.0707898 0.0668629 0.0617566 0.0559502 0.0498374 0.0437144 0.0377842 0.0321692 0.0269256 0.0220636 0.0175775 0.0134823 0.00983875 0.00674428
 0.00762338 0.0124841 0.0189751 0.0270912 0.0365853 0.0468079 0.0566802 0.0649628 0.0707012 0.0735193 0.0735821 0.0713536 0.06738 0.062187 0.056244 0.0499453 0.0435984 0.0374253 0.0315718 0.0261207 0.0211096 0.0165566 0.0124893 0.00896178 0.00604394
 0.00768229 0.0125797 0.0191183 0.0272918 0.0368492 0.0471342 0.057058 0.0653716 0.0711157 0.073917 0.0739495 0.0716869 0.0676799 0.0624499 0.056454 0.0500725 0.0436041 0.0372729 0.0312399 0.0256133 0.0204607 0.0158276 0.0117577 0.00830254 0.00551073
 0.00771644 0.0126289 0.0191813 0.0273642 0.0369271 0.0472171 0.0571513 0.0654854 0.0712598 0.0740966 0.0741621 0.0719237 0.0679289 0.062698 0.0566864 0.050269 0.0437368 0.0373091 0.0311501 0.025383 0.0201007 0.0153761 0.0112725 0.00784551 0.00513006
 0.00775814 0.0126901 0.0192607 0.027456 0.0370215 0.0473029 0.057219 0.06553 0.0712839 0.0741112 0.0741845 0.0719715 0.0680132 0.0628192 0.056834 0.0504238 0.0438735 0.0373984 0.0311632 0.0252991 0.019916 0.015109 0.0109613 0.0075365 0.00486328
 0.00781621 0.012778 0.0193805 0.0276044 0.0371897 0.0474772 0.0573817 0.0656616 0.0713678 0.0741389 0.0741601 0.0719115 0.0679415 0.0627592 0.0568017 0.0504224 0.043893 0.0374184 0.0311581 0.0252458 0.0198017 0.0149379 0.010754 0.00732388 0.00467478
 0.00784749 0.0128251 0.0194444 0.0276832 0.0372788 0.0475704 0.0574711 0.0657386 0.0714239 0.0741678 0.0741595 0.0718844 0.0678965 0.0627092 0.0567605 0.0504007 0.0438936 0.0374339 0.0311724 0.0252392 0.0197587 0.0148539 0.010638 0.00719493 0.00455406
 0.00786537 0.0128528 0.0194835 0.0277339 0.0373398 0.0476382 0.0575402 0.0658019 0.0714743 0.0741999 0.0741709 0.0718756 0.0678709 0.0626724 0.0567199 0.0503645 0.0438683 0.0374213 0.0311673 0.025231 0.0197354 0.014808 0.010571 0.00711634 0.00447724
 0.00788444 0.0128776 0.0195095 0.0277534 0.0373446 0.0476233 0.0575071 0.0657581 0.0714305 0.0741659 0.074152 0.0718728 0.0678813 0.0626916 0.056744 0.0503912 0.0438969 0.0374512 0.0311967 0.0252549 0.0197472 0.0148024 0.0105473 0.00707969 0.00443623
 0.00788964 0.0128855 0.0195199 0.027765 0.0373542 0.0476258 0.0574958 0.0657274 0.071379 0.0740992 0.0740825 0.071815 0.067847 0.0626858 0.0567642 0.0504303 0.0439468 0.0375048 0.0312482 0.0252993 0.0197797 0.0148198 0.0105489 0.00706843 0.00441788
 0.00789962 0.0128979 0.0195317 0.0277713 0.0373495 0.0476066 0.0574619 0.0656817 0.0713261 0.074043 0.0740267 0.071764 0.0678069 0.0626633 0.0567646 0.0504545 0.0439909 0.0375614 0.0313088 0.025356 0.0198264 0.0148526 0.0105669 0.00707355 0.00441427
 0.00788303 0.0128736 0.0194999 0.0277334 0.0373074 0.047561 0.0574124 0.0656276 0.0712678 0.0739843 0.0739736 0.0717235 0.0677843 0.0626619 0.0567851 0.0504961 0.0440506 0.0376342 0.0313875 0.0254326 0.0198936 0.0149053 0.0106031 0.00709453 0.00442358
 0.00788739 0.0128737 0.0194873 0.0276969 0.037237 0.0474534 0.0572751 0.0654781 0.0711277 0.0738718 0.0738986 0.0716881 0.0677855 0.0626948 0.0568446 0.050577 0.0441474 0.0377407 0.0314966 0.0255369 0.019986 0.0149805 0.0106586 0.00713128 0.00444491
 0.00787948 0.0128611 0.0194684 0.0276695 0.0371971 0.0473955 0.0571929 0.0653682 0.0709935 0.0737257 0.0737611 0.071581 0.0677252 0.0626874 0.0568864 0.0506579 0.0442552 0.0378635 0.0316238 0.0256591 0.0200953 0.0150711 0.0107277 0.00717918 0.00447482
 0.00784402 0.012804 0.0193838 0.027553 0.0370476 0.0472171 0.0569965 0.0651698 0.0708108 0.0735738 0.0736499 0.0715167 0.0677121 0.062728 0.0569799 0.0507978 0.0444295 0.0380566 0.0318199 0.025844 0.0202583 0.0152051 0.0108299 0.007251 0.0045209
 0.0078481 0.0128045 0.0193733 0.0275207 0.0369824 0.0471117 0.0568515 0.0649954 0.0706242 0.0733951 0.0734975 0.0714042 0.0676475 0.0627144 0.0570164 0.0508807 0.0445519 0.0382079 0.0319864 0.0260111 0.0204124 0.0153361 0.0109326 0.00732478 0.00456928
 0.00778568 0.0127106 0.019246 0.0273626 0.036799 0.0469093 0.0566362 0.0647746 0.0704087 0.0732002 0.0733418 0.0713055 0.0676182 0.0627583 0.0571287 0.05105 0.0447629 0.0384442 0.0322312 0.0262478 0.0206264 0.0155165 0.0110734 0.00742607 0.00463597
 0.00777077 0.0126785 0.0191837 0.0272546 0.0366329 0.0466835 0.0563654 0.0644876 0.0701399 0.0729779 0.0731818 0.0712123 0.0675906 0.062794 0.0572249 0.0512014 0.0449601 0.0386732 0.032475 0.0264888 0.0208483 0.0157063 0.0112237 0.00753566 0.00470903
 0.00775333 0.0126488 0.0191359 0.0271815 0.0365258 0.046534 0.0561685 0.0642461 0.0698679 0.0727013 0.0729341 0.0710255 0.0674866 0.0627801 0.0572956 0.0513436 0.0451575 0.0389083 0.0327295 0.0267437 0.0210857 0.0159117 0.0113881 0.00765655 0.00479034
 0.00933034 0.0148558 0.0217986 0.0299174 0.038856 0.04806 0.056712 0.0638752 0.0688145 0.0712429 0.0713076 0.069398 0.0659633 0.0614225 0.0561349 0.0503885 0.0444005 0.0383313 0.0323087 0.0264526 0.0208969 0.0157988 0.011327 0.00762763 0.00477899
 0.00929906 0.0150979 0.0226795 0.0318915 0.0422687 0.0528808 0.0623653 0.0693336 0.0729654 0.0733267 0.0711687 0.067427 0.062827 0.0577793 0.0524725 0.046997 0.0414185 0.0358059 0.0302379 0.0248098 0.0196414 0.0148805 0.0106895 0.00721125 0.00452539
 0.00896206 0.0145675 0.0219352 0.0309824 0.0413667 0.0523164 0.0625881 0.0707521 0.075702 0.0770362 0.0750807 0.0706387 0.0646794 0.058086 0.05149 0.0452129 0.0393219 0.0337539 0.0284315 0.0233296 0.0184956 0.0140396 0.0101061 0.00683101 0.00429446
 0.00880036 0.0142942 0.0215054 0.0303508 0.0405049 0.0512451 0.0614177 0.0697111 0.0751185 0.0772477 0.0762816 0.0727364 0.067261 0.0605527 0.0532998 0.0460885 0.0393069 0.0331136 0.0274929 0.0223587 0.0176509 0.0133841 0.00964092 0.00652622 0.00410989
 0.00872938 0.014175 0.021318 0.0300716 0.0401086 0.0507106 0.0607389 0.0689134 0.0742789 0.0765089 0.0758441 0.0728069 0.0679611 0.0618273 0.0548944 0.0476318 0.0404633 0.0337141 0.0275684 0.0220763 0.0172109 0.0129424 0.00928168 0.00627307 0.0039509
 0.00870143 0.0141254 0.0212352 0.0299415 0.0399165 0.0504438 0.060391 0.068486 0.0737843 0.0759762 0.0753296 0.0724032 0.0677883 0.0619958 0.0554451 0.0484893 0.0414422 0.0345886 0.0281682 0.0223478 0.017212 0.0127876 0.00908062 0.00609582 0.00382446
 0.00868847 0.0141021 0.0211958 0.0298784 0.0398212 0.0503087 0.0602107 0.0682589 0.0735131 0.0756681 0.0749994 0.0720783 0.0675148 0.0618385 0.0554726 0.0487427 0.041902 0.0351651 0.0287306 0.0227795 0.0174579 0.0128632 0.00904605 0.00601687 0.00374686
 0.00867169 0.0140784 0.0211665 0.0298464 0.039789 0.0502757 0.0601719 0.0682049 0.073433 0.0755531 0.074846 0.0718915 0.0673107 0.0616469 0.0553357 0.0487065 0.0419977 0.0353891 0.0290363 0.0230927 0.0177088 0.0130155 0.00910419 0.00601234 0.00371556
 0.00867148 0.0140753 0.021157 0.0298261 0.0397545 0.0502272 0.060114 0.0681454 0.0733782 0.0755041 0.0747969 0.0718326 0.0672344 0.0615542 0.0552403 0.0486339 0.0419778 0.0354428 0.029163 0.0232658 0.0178859 0.0131576 0.00919217 0.0060497 0.00371971
 0.00867214 0.0140783 0.0211648 0.0298415 0.0397789 0.0502586 0.0601461 0.0681692 0.0733854 0.0754905 0.0747637 0.0717829 0.0671715 0.0614797 0.0551574 0.0485508 0.0419098 0.0354078 0.0291733 0.0233202 0.0179678 0.0132427 0.00925964 0.00609048 0.00373667
 0.00864924 0.0140458 0.0211249 0.0297995 0.0397421 0.0502345 0.0601397 0.0681817 0.0734135 0.0755268 0.0747984 0.0718074 0.06718 0.0614708 0.055133 0.0485161 0.0418726 0.0353789 0.0291633 0.023335 0.0180049 0.0132915 0.00930671 0.00612599 0.00375758
 0.00865254 0.0140448 0.0211121 0.0297649 0.0396776 0.0501389 0.0600232 0.0680642 0.0733182 0.0754718 0.07479 0.0718398 0.067239 0.0615401 0.0551991 0.0485709 0.0419145 0.0354114 0.0291928 0.0233678 0.0180438 0.0133344 0.0093479 0.0061596 0.00378059
 0.00860866 0.0139814 0.0210309 0.0296717 0.0395792 0.0500397 0.0599232 0.0679616 0.0732149 0.0753767 0.0747191 0.0718098 0.0672598 0.0616094 0.0553041 0.0486933 0.0420374 0.0355235 0.02929 0.0234508 0.018115 0.0133954 0.00939838 0.00619848 0.00380758
 0.00861207 0.0139812 0.0210203 0.029642 0.0395233 0.0499567 0.0598211 0.0678554 0.0731199 0.0753026 0.0746676 0.0717788 0.0672485 0.0616203 0.05534 0.0487534 0.0421153 0.0356093 0.0293741 0.0235267 0.01818 0.0134492 0.00944129 0.00623089 0.00383021
 0.00862168 0.0139987 0.0210497 0.0296867 0.0395835 0.0500263 0.0598872 0.0679009 0.0731302 0.0752724 0.0746031 0.0716938 0.0671582 0.061537 0.0552722 0.0487063 0.042091 0.0356062 0.0293872 0.0235495 0.0182066 0.0134751 0.00946403 0.00624916 0.00384362
 0.00862168 0.0139987 0.0210497 0.0296867 0.0395835 0.0500263 0.0598872 0.0679009 0.0731302 0.0752724 0.0746031 0.0716938 0.0671582 0.061537 0.0552722 0.0487063 0.042091 0.0356062 0.0293872 0.0235495 0.0182066 0.0134751 0.00946403 0.00624916 0.00384362
 0.0089842 0.0145701 0.0218734 0.0307842 0.040942 0.0515841 0.0615225 0.0694386 0.0743755 0.0760598 0.0748398 0.0713771 0.0663654 0.0603981 0.0539363 0.0473132 0.0407526 0.0343995 0.0283558 0.0227098 0.0175548 0.0129942 0.00912875 0.00602995 0.00371035
 0.00909814 0.0147931 0.0222773 0.031455 0.0419538 0.0529597 0.0631993 0.0712623 0.0761304 0.077521 0.0758235 0.0717733 0.0661507 0.0596316 0.052742 0.0458519 0.0391898 0.0328789 0.0269828 0.0215474 0.0166278 0.0122974 0.00863661 0.00570503 0.0035112
 0.00914967 0.0148761 0.0224036 0.0316426 0.0422324 0.0533732 0.0637992 0.0720874 0.0771759 0.0787146 0.0770236 0.0727991 0.0668324 0.059858 0.0524869 0.045173 0.0382059 0.0317366 0.0258236 0.0204835 0.0157307 0.0115972 0.00812951 0.00536481 0.0033005
 0.00913671 0.0148573 0.0223799 0.0316173 0.0422124 0.053371 0.0638358 0.0721949 0.0773957 0.0790861 0.077564 0.0734805 0.0675712 0.0605285 0.0529578 0.0453505 0.0380635 0.0313181 0.0252233 0.0198132 0.0150893 0.0110523 0.0077117 0.00507358 0.00311558
 0.00880465 0.0143206 0.0215816 0.0305166 0.0408047 0.0517141 0.0620692 0.0705315 0.0760782 0.0783238 0.0774795 0.0740866 0.0687757 0.0621562 0.0547838 0.0471421 0.0396263 0.0325321 0.0260562 0.0203073 0.0153303 0.0111342 0.00771288 0.00504588 0.00308604
 0.00874512 0.0141823 0.021297 0.0299982 0.039968 0.0505148 0.0605389 0.0687919 0.0743256 0.0767899 0.0763842 0.0735938 0.0689599 0.0629864 0.0561291 0.0487999 0.0413664 0.0341459 0.0273971 0.0213104 0.0160063 0.0115444 0.00793633 0.00515493 0.00313359
 0.00870728 0.0141184 0.0211938 0.0298345 0.0397105 0.0501164 0.0599454 0.0679616 0.0732577 0.0755506 0.0751136 0.0724828 0.0682038 0.0627301 0.0564267 0.0496 0.0425265 0.0354722 0.0286949 0.02243 0.0168688 0.0121411 0.00830842 0.00536452 0.00324051
 0.0088876 0.0144013 0.0215988 0.030368 0.0403585 0.0508351 0.0606531 0.0685404 0.073573 0.0754864 0.0746127 0.0715771 0.067021 0.0614693 0.0553065 0.0487969 0.042127 0.0354571 0.0289608 0.0228359 0.0172853 0.0124839 0.00854617 0.00550569 0.00331243
 0.00911084 0.014778 0.0221887 0.0312288 0.0415243 0.0522871 0.0622944 0.0701955 0.0750199 0.0765088 0.075049 0.0713517 0.0661572 0.0600884 0.0536093 0.0470253 0.0405094 0.0341556 0.0280407 0.0222694 0.0169857 0.0123489 0.00849251 0.00548267 0.0032978
 0.00884858 0.0143937 0.0216917 0.030663 0.0409671 0.0518394 0.0620651 0.0702778 0.0754593 0.0772733 0.0760205 0.0723501 0.0669911 0.0606112 0.05376 0.0468402 0.040103 0.0336766 0.0276207 0.0219849 0.0168481 0.0123225 0.00852487 0.00553025 0.00333684
 0.00889748 0.014434 0.0216818 0.030546 0.0406929 0.0513975 0.0615095 0.0697247 0.0750539 0.0771393 0.0762157 0.072846 0.06768 0.0613387 0.0543713 0.0472267 0.0402317 0.0335911 0.0274137 0.0217562 0.0166682 0.0122178 0.00848525 0.00552965 0.00335078
 0.00884067 0.0143573 0.021593 0.0304558 0.0406041 0.0512934 0.0613525 0.069474 0.0746971 0.0767202 0.0758336 0.0726207 0.0676985 0.0616136 0.0548338 0.047756 0.0407044 0.0339261 0.0275923 0.0218123 0.016659 0.0121933 0.00847239 0.00553289 0.00336308
#pred catch len freq
 0.00451354 0.00717167 0.0105187 0.0144931 0.0190534 0.0241493 0.0296509 0.0353225 0.0408742 0.0460373 0.0506099 0.0544708 0.0575771 0.0599375 0.0615623 0.062413 0.0623854 0.0613324 0.0591049 0.0555855 0.0507134 0.0445255 0.0372358 0.0293106 0.0214511
 0.00474218 0.00744408 0.0107505 0.0145582 0.0188351 0.0236108 0.0288799 0.0345079 0.0402164 0.0456415 0.0504301 0.0543361 0.0572837 0.0593574 0.0607169 0.061484 0.0616553 0.0610753 0.0594708 0.0565328 0.0520251 0.0459033 0.0384193 0.0301609 0.0219625
 0.00510459 0.0080022 0.0115248 0.0155269 0.0199167 0.024655 0.0296826 0.0348677 0.0400221 0.0449407 0.0494168 0.05325 0.0562834 0.0584585 0.0598365 0.0605524 0.0607101 0.0602721 0.0590061 0.0565304 0.0524602 0.0466117 0.0391805 0.0307963 0.0223915
 0.00537745 0.00844553 0.0121922 0.0164694 0.0211718 0.0262257 0.0315063 0.0367897 0.0417969 0.0462792 0.0500746 0.053121 0.0554396 0.0571036 0.0582025 0.0588134 0.0589723 0.0586239 0.0575609 0.0554117 0.051742 0.0462708 0.0391055 0.0308462 0.022458
 0.00565367 0.00887631 0.0128095 0.0172986 0.0222381 0.0275574 0.0331275 0.038697 0.0439255 0.048473 0.0520832 0.0546411 0.0562002 0.056959 0.0571818 0.057097 0.0568159 0.0562844 0.0552602 0.0533305 0.0500115 0.0449538 0.0381866 0.03025 0.0220882
 0.00596414 0.00935763 0.0134913 0.0181962 0.023355 0.0288902 0.0346663 0.0404239 0.0458102 0.0504635 0.0540873 0.0565055 0.0577067 0.057859 0.0572668 0.0562759 0.0551553 0.0539911 0.0526208 0.0506415 0.0475258 0.0428469 0.0365415 0.0290632 0.0212943
 0.00625882 0.00981981 0.0141563 0.019088 0.024486 0.030259 0.0362532 0.0421861 0.0476841 0.0523725 0.0559496 0.0582323 0.0591906 0.0589603 0.0578161 0.0561077 0.0541675 0.0522022 0.0501908 0.0478419 0.0446727 0.0402262 0.0343526 0.0273943 0.0201314
 0.00651441 0.0102243 0.0147458 0.0198917 0.0255253 0.0315441 0.0377753 0.0439095 0.0495435 0.0542782 0.0577985 0.0599197 0.0606184 0.0600347 0.0584383 0.0561671 0.0535572 0.05086 0.0481508 0.0452643 0.0418261 0.0374246 0.0318734 0.0254137 0.0187012
