SBPRF35
7.78865
Curr Bio
566647
B35
680784
F35
0.227711
FOFL
0.194848
OFL
86653.6
Bzero
2.22533e+06
#pred survey bio
 4.26509e+06 4.06711e+06 3.8665e+06 3.6092e+06 3.3254e+06 3.03202e+06 2.74132e+06 2.48503e+06 2.21152e+06 1.95396e+06 1.73775e+06 1.55852e+06 1.35493e+06 1.22148e+06 1.06587e+06 940050 866491 787251 724518 668053 631611 609845 595616 572971 564708 563808 551911 550951 552671 541194 544068 545638 545270 547901 542137 520814 510283 502158 505668 514522 524378 533438 541699 559471 568796 571214 575716 578233 583865 580127 581879 551338 504432 470581 447998 476344 499582 520871 524383 510802 531240 534172 566475 2.05477e+07 1.27083e+07 1.31684e+07 1.38146e+07 1.4531e+07 1.52041e+07 1.57782e+07 1.62387e+07 1.65935e+07 1.68596e+07 1.7056e+07 1.71996e+07 1.73041e+07 1.73802e+07 1.74357e+07 1.74765e+07 1.75065e+07 1.75288e+07 1.75454e+07 1.75579e+07 1.75673e+07 1.75744e+07 1.75798e+07 1.75839e+07 1.75871e+07 1.75895e+07 1.75914e+07 1.75928e+07 1.75939e+07 1.75947e+07 1.75954e+07 1.75959e+07 1.75963e+07 1.75966e+07 1.75968e+07 1.7597e+07 1.75971e+07 1.75972e+07 1.75973e+07 1.75974e+07 1.75974e+07 1.75975e+07 1.75975e+07 1.75975e+07 1.75975e+07 1.75975e+07 1.75976e+07 1.75976e+07 1.75976e+07 1.75976e+07 1.75976e+07 1.75976e+07 1.75976e+07 1.75976e+07 1.75976e+07 1.75976e+07 1.75976e+07 1.75976e+07 1.75976e+07 1.75976e+07 1.75976e+07 1.75976e+07 1.75976e+07 1.75976e+07 1.75976e+07 1.75976e+07 1.75976e+07 1.75976e+07 1.75976e+07 1.75976e+07 1.75976e+07 1.75976e+07 1.75976e+07 1.75976e+07 1.75976e+07 1.75976e+07 1.75976e+07 1.75976e+07 1.75976e+07 1.75976e+07 1.75976e+07 1.75976e+07 1.75976e+07 1.75976e+07 1.75976e+07 1.75976e+07 1.75976e+07 1.75976e+07 1.75976e+07 1.75976e+07 1.75976e+07 1.75976e+07 1.75976e+07 1.75976e+07 1.75976e+07 1.75976e+07 1.75976e+07 1.75976e+07 1.75976e+07 1.75976e+07 0 0 0 0 0 0 0 0 0 0 0 0 0 0 0 0 0 0 0 0 0 0 0 0 0
#obs survey bio
 2.15493e+06 2.95964e+06 2.9601e+06 2.48729e+06 3.29792e+06 2.68857e+06 1.72041e+06 2.03137e+06 2.88105e+06 2.36229e+06 1.32384e+06 1.64554e+06 1.71712e+06 777378 907683 1.05257e+06 795349 927033 777089 734680 605107 362752 532045 438267 572556 416167 572853 462697 520246 591488 527915 505593 547681 681530 479985 646101 523879 504398 601035 455487 462438 686397 508814 871373 509819 518932 712952 621404 459804 748064 593842 739070 459309 412005 479694 401630 697956 640039 351911 630154 602057 573913 532808
#pred catch bio
 88022.8 95587 163918 211497 247352 273229 268739 307485 312319 290662 269747 298991 241931 264090 238045 191439 193012 173243 161637 139719 125283 118679 125103 112296 105950 113923 103241 100430 109931 95455.4 94598.8 94024 88840.2 92322.3 100731 89220.4 90140.2 85429.5 84701.6 85494.1 86128.4 86234.2 78471.9 86276.7 92621.5 91328.4 93189.5 90777.1 98634.5 93320.6 119271 130813 118284 108535 67547.6 73777.7 75159.5 89576.1 104528 78956.1 97785 77873.9 92511.1 86653.6 102358 105041 109061 114026 118801 122807 125910 128190 129802 130910 131654 132146 132467 132674 132806 132890 132943 132977 132998 133011 133019 133024 133027 133029 133030 133031 133032 133032 133032 133032 133032 133032 133032 133032 133032 133032 133032 133032 133032 133032 133032 133032 133032 133032 133032 133032 133032 133032 133032 133032 133032 133032 133032 133032 133032 133032 133032 133032 133032 133032 133032 133032 133032 133032 133032 133032 133032 133032 133032 133032 133032 133032 133032 133032 133032 133032 133032 133032 133032 133032 133032 133032 133032 133032 133032 133032 133032 133032 133032 133032 133032 133032 133032 133032 133032 133032 133032 133032 133032 0 0 0 0 0 0 0 0 0 0 0 0 0 0 0 0 0 0 0 0 0 0 0 0 0
#obs catch bio
 0 95435.2 165096 213738 250553 278047 273664 315055 319174 296549 274431 307102 244428 269884 243163 194584 196069 175439 162740 139869 125474 120191 127088 113816 107679 116174 104340 101706 112089 96620.5 95450.5 95081.9 89459.7 92770.4 101440 88862.7 89973 85506.9 84691.3 85701.6 86149.9 85704.8 77993.4 85548.4 92075.1 90907.7 92644.6 90050.5 98425.5 92508.6 118242 129201 116521 108090 67085.2 73773.9 74753.3 88737.4 104332 78300.7 97728.6 77386.2 92598.6
#pred cpue bio
 4.17946e+06 3.9844e+06 3.78571e+06 3.52897e+06 3.24665e+06 2.95514e+06 2.66639e+06 2.41195e+06 2.14134e+06 1.88707e+06 1.6736e+06 1.49668e+06 1.29675e+06 1.16565e+06 1.0131e+06 890127 818723 742479 682642 628942 594092 572762 558617 536657 528593 527858 516811 516149 517952 507320 510785 512946 513195 516534 512026 492368 481811 471982 473697 481922 491838 501203 509566 526799 535771 537909 542148 544664 550122 546567 548476 518959 473165 439783 417467 444704 467859 489316 492837 478753 497302 499345 529577 1.92179e+07 1.19034e+07 1.23083e+07 1.28752e+07 1.35607e+07 1.42265e+07 1.47991e+07 1.52594e+07 1.56141e+07 1.58802e+07 1.60766e+07 1.62202e+07 1.63247e+07 1.64008e+07 1.64563e+07 1.64971e+07 1.65271e+07 1.65494e+07 1.6566e+07 1.65785e+07 1.65879e+07 1.6595e+07 1.66004e+07 1.66045e+07 1.66077e+07 1.66101e+07 1.66119e+07 1.66134e+07 1.66145e+07 1.66153e+07 1.6616e+07 1.66165e+07 1.66169e+07 1.66172e+07 1.66174e+07 1.66176e+07 1.66177e+07 1.66178e+07 1.66179e+07 1.6618e+07 1.6618e+07 1.66181e+07 1.66181e+07 1.66181e+07 1.66181e+07 1.66181e+07 1.66181e+07 1.66182e+07 1.66182e+07 1.66182e+07 1.66182e+07 1.66182e+07 1.66182e+07 1.66182e+07 1.66182e+07 1.66182e+07 1.66182e+07 1.66182e+07 1.66182e+07 1.66182e+07 1.66182e+07 1.66182e+07 1.66182e+07 1.66182e+07 1.66182e+07 1.66182e+07 1.66182e+07 1.66182e+07 1.66182e+07 1.66182e+07 1.66182e+07 1.66182e+07 1.66182e+07 1.66182e+07 1.66182e+07 1.66182e+07 1.66182e+07 1.66182e+07 1.66182e+07 1.66182e+07 1.66182e+07 1.66182e+07 1.66182e+07 1.66182e+07 1.66182e+07 1.66182e+07 1.66182e+07 1.66182e+07 1.66182e+07 1.66182e+07 1.66182e+07 1.66182e+07 1.66182e+07 1.66182e+07 1.66182e+07 1.66182e+07 1.66182e+07 1.66182e+07 1.66182e+07 1.66182e+07 0 0 0 0 0 0 0 0 0 0 0 0 0 0 0 0 0 0 0 0 0 0 0 0 0
#obs cpue bio
 3.53501e+06 3.4086e+06 2.73779e+06 2.37347e+06 2.81363e+06 2.14872e+06 2.75261e+06 2.44526e+06 2.02243e+06 1.37378e+06 1.97743e+06 955203 1.57333e+06 1.05675e+06 897090 611872 923486 567568 805702 690093 557978 391211 510625 544208 313461 560180 584620 414755 364804 442490 594322 413757 548899 472140 550814 716351 459579 362366 435272 445226 660963 728406 517637 512861 540424 547384 554046 619392 529990 614668 661402 529464 685400 385411 368747 446904 486018 620952 542164 451638 408190 494502 429951
#pred surv len freq
 0.00476579 0.00772075 0.0115935 0.0163694 0.0219574 0.0281184 0.0344243 0.0403467 0.0454436 0.0495008 0.0525371 0.0547148 0.056243 0.0573049 0.0580028 0.0583256 0.0581537 0.0572982 0.0555495 0.0527092 0.0486147 0.0431897 0.0365453 0.0290822 0.0214888
 0.00515652 0.00825157 0.0122051 0.0169569 0.0224187 0.0284189 0.0346325 0.0406023 0.0458659 0.0500922 0.0531468 0.0550908 0.056143 0.0566085 0.0567725 0.0567957 0.0566546 0.056144 0.0549307 0.0526346 0.0489294 0.0436603 0.0369651 0.0293414 0.0215818
 0.00531046 0.0085506 0.0127374 0.0178143 0.0236502 0.029975 0.036339 0.0422038 0.0471303 0.0509112 0.0535551 0.0551871 0.0559801 0.0561434 0.0559148 0.0555107 0.0550406 0.0544274 0.05338 0.0514487 0.0481658 0.0432408 0.0367459 0.0291949 0.0214426
 0.00547677 0.00881315 0.0131235 0.0183581 0.0244023 0.0310033 0.0377085 0.0439294 0.0491242 0.0529649 0.0553858 0.0565347 0.0566925 0.0561929 0.0553492 0.0543995 0.0534684 0.0525255 0.0513447 0.0495058 0.0464987 0.0419352 0.0357874 0.0285133 0.0209622
 0.00568629 0.00914746 0.0136149 0.0190327 0.0252771 0.0320834 0.0389856 0.0453855 0.0507352 0.0546923 0.057152 0.0581985 0.0580549 0.0570447 0.0555361 0.0538643 0.0522537 0.0507558 0.0492064 0.0472258 0.0443068 0.0400148 0.0342399 0.027355 0.0201506
 0.0059192 0.00952064 0.0141667 0.0197964 0.0262759 0.0333226 0.0404431 0.0470075 0.0524441 0.0564028 0.0587858 0.0596844 0.0593135 0.0579706 0.0559976 0.0537313 0.0514444 0.049277 0.0471699 0.0448333 0.0418108 0.0376636 0.0322244 0.0257763 0.0190181
 0.00613959 0.00987942 0.0147081 0.0205629 0.027302 0.0346232 0.0420006 0.048764 0.0543066 0.0582583 0.0605197 0.0611962 0.060523 0.0588139 0.0564126 0.053647 0.0507874 0.0480025 0.0453031 0.0424984 0.0392243 0.0350903 0.0299116 0.0238943 0.017631
 0.0062781 0.0101134 0.0150774 0.0211129 0.0280774 0.0356566 0.0432983 0.050297 0.056009 0.0600348 0.0622571 0.062777 0.0618397 0.0597782 0.0569574 0.0537185 0.0503381 0.0469964 0.0437403 0.0404492 0.0368487 0.0326224 0.0276051 0.021954 0.016163
 0.00648277 0.0104413 0.015563 0.0217881 0.0289694 0.0367829 0.0446582 0.0518623 0.0577204 0.0618043 0.0639765 0.0643298 0.063115 0.060683 0.057423 0.053699 0.0498046 0.0459346 0.0421611 0.0384122 0.034486 0.0301386 0.0252415 0.019925 0.0145977
 0.00678824 0.0109171 0.016241 0.0226855 0.0300885 0.0381108 0.0461629 0.0534905 0.0593996 0.0634512 0.0655053 0.0656572 0.0641632 0.0613825 0.0577161 0.0535427 0.0491711 0.0448136 0.0405676 0.0364027 0.0321774 0.0277126 0.0229184 0.0179102 0.0130241
 0.0070368 0.0113214 0.0168492 0.0235408 0.0312189 0.0395138 0.0477919 0.0552528 0.0611735 0.0651135 0.0669543 0.066822 0.0649993 0.0618622 0.0578191 0.053251 0.0484686 0.0436914 0.0390359 0.0345082 0.0300206 0.0254519 0.020749 0.0160184 0.0115355
 0.00712955 0.0114923 0.0171446 0.0240188 0.0319396 0.0405204 0.0490905 0.0567993 0.0628739 0.0668378 0.0685589 0.0681748 0.066002 0.0624601 0.0579967 0.0530164 0.0478376 0.0426804 0.0376673 0.0328272 0.0281134 0.0234531 0.0188266 0.014335 0.0102035
 0.00751861 0.0120823 0.0179554 0.0250462 0.0331645 0.0419217 0.050648 0.0584836 0.0646294 0.0685714 0.0701432 0.0694682 0.0668781 0.0628359 0.0578461 0.052365 0.0467443 0.0412162 0.0359044 0.0308427 0.0260032 0.0213418 0.0168588 0.0126466 0.00888413
 0.00770945 0.0123998 0.0184447 0.0257489 0.0341046 0.0430874 0.05198 0.0598836 0.0659904 0.0698117 0.0712192 0.0703591 0.0675585 0.0632595 0.0579535 0.0521065 0.0461004 0.0402052 0.0345778 0.0292778 0.0242996 0.0196189 0.0152459 0.0112596 0.00779816
 0.0079201 0.0127565 0.0190082 0.0265855 0.0352723 0.0446123 0.0538293 0.0619504 0.0681007 0.0717558 0.0727981 0.0714295 0.0680594 0.0632093 0.0574203 0.051172 0.0448372 0.0386748 0.0328412 0.0274087 0.0223902 0.0177778 0.0135846 0.00987124 0.00673459
 0.00810046 0.0130416 0.0194242 0.0271567 0.0360231 0.0455674 0.0550065 0.0633451 0.0696685 0.0733999 0.0743719 0.0727601 0.0689865 0.0636263 0.0572968 0.0505493 0.0438026 0.037331 0.0312879 0.0257396 0.0206998 0.0161643 0.0121435 0.00867832 0.0058285
 0.00805126 0.0129777 0.0193583 0.0271121 0.0360303 0.045658 0.0552093 0.063686 0.0701717 0.0740832 0.0752329 0.073757 0.0700284 0.064582 0.0580262 0.0509423 0.0438066 0.0369567 0.0305957 0.0248191 0.0196534 0.0150966 0.0111508 0.007836 0.00517869
 0.00804399 0.012977 0.0193785 0.027175 0.0361618 0.0458814 0.0555377 0.0641175 0.0706888 0.0746571 0.0758312 0.0743502 0.0705901 0.0650817 0.0584206 0.0511745 0.0438202 0.0367163 0.0301039 0.0241203 0.0188243 0.0142294 0.0103348 0.00714091 0.00464266
 0.00811871 0.0130762 0.0194874 0.0272689 0.0362163 0.0458876 0.0555125 0.0641014 0.0707306 0.0747941 0.0760753 0.0746868 0.0709859 0.0654953 0.0588084 0.0514917 0.0440204 0.0367576 0.0299609 0.0237964 0.0183569 0.0136829 0.00978371 0.00665041 0.00425391
 0.00841722 0.0135133 0.0200544 0.0279231 0.0368887 0.0464986 0.0559889 0.0643906 0.0708125 0.0746886 0.0758391 0.0743949 0.0707062 0.0652691 0.0586441 0.0513706 0.0439079 0.0366141 0.0297516 0.0235028 0.0179842 0.0132612 0.00935908 0.00626959 0.0039495
 0.00878741 0.0140671 0.0207966 0.0288215 0.0378769 0.047485 0.056867 0.0650521 0.0711689 0.0746967 0.0755176 0.0738214 0.0699943 0.0645343 0.0579751 0.0508136 0.0434661 0.0362593 0.0294426 0.0232018 0.0176705 0.0129357 0.00904117 0.00598585 0.00372155
 0.00885687 0.0142088 0.0210609 0.029267 0.0385487 0.0483834 0.0579235 0.0661317 0.0721039 0.0753372 0.0757738 0.0736816 0.0695177 0.0638284 0.0571646 0.0500105 0.0427472 0.0356582 0.0289548 0.0228015 0.0173285 0.0126332 0.00877382 0.00575976 0.00354447
 0.00884717 0.0141937 0.0210425 0.029255 0.0385675 0.0484763 0.0581474 0.0665363 0.0726991 0.0760676 0.0765201 0.0742965 0.0698788 0.0638806 0.0569315 0.0495743 0.0422123 0.035117 0.028467 0.0223908 0.0169928 0.0123599 0.00855171 0.00558307 0.00341099
 0.00898731 0.0144047 0.0213282 0.0296072 0.038968 0.0489017 0.0585752 0.0669501 0.073093 0.0764434 0.0768762 0.0746113 0.0701032 0.0639501 0.0567948 0.0492214 0.0416844 0.0344913 0.0278288 0.0218076 0.0165022 0.0119721 0.0082594 0.00537218 0.0032662
 0.00890741 0.0142985 0.0212119 0.0295096 0.0389211 0.0489276 0.0586754 0.067107 0.0732812 0.0766449 0.077088 0.0748409 0.0703542 0.0642069 0.0570188 0.0493627 0.0417044 0.0343816 0.0276155 0.0215383 0.0162264 0.0117261 0.00806133 0.00522525 0.00316487
 0.00876056 0.0140698 0.0208881 0.0290898 0.0384223 0.0483894 0.0581608 0.0666925 0.0730363 0.0766089 0.0772588 0.0751824 0.0708146 0.0647338 0.0575634 0.0498776 0.0421441 0.03471 0.0278169 0.0216224 0.016223 0.0116726 0.00799056 0.0051587 0.00311263
 0.00888815 0.0142437 0.0210877 0.0292745 0.0385424 0.0484041 0.0580544 0.0664813 0.0727635 0.0763316 0.0770324 0.0750456 0.0707811 0.0647929 0.057688 0.0500347 0.042301 0.0348386 0.0278968 0.0216454 0.0161953 0.0116113 0.00791681 0.00508996 0.0030587
 0.0088774 0.0142359 0.021092 0.0293007 0.0385922 0.0484613 0.0580817 0.0664306 0.0725995 0.0760556 0.0766903 0.0747142 0.0705384 0.0646898 0.057735 0.0502052 0.0425463 0.0351053 0.0281399 0.0218356 0.0163214 0.0116783 0.00793992 0.00508743 0.00304587
 0.00863351 0.0138855 0.0206506 0.0288139 0.0381247 0.0480772 0.0578259 0.0663183 0.0726141 0.0761559 0.0768259 0.0748459 0.0706546 0.0648089 0.0578897 0.0504205 0.0428242 0.0354226 0.0284594 0.0221206 0.0165472 0.0118367 0.00803726 0.0051388 0.00306815
 0.00859322 0.0138064 0.0205089 0.0285853 0.0377982 0.0476724 0.0574021 0.0659636 0.0724131 0.0761523 0.0770022 0.0751333 0.0709665 0.0650771 0.0580865 0.0505575 0.0429334 0.0355336 0.0285841 0.0222525 0.0166701 0.0119357 0.00810569 0.00517893 0.00308753
 0.00853557 0.0137013 0.0203292 0.0282972 0.0373677 0.0470782 0.056652 0.0651073 0.071546 0.0754015 0.0764964 0.0749625 0.07115 0.0655579 0.0587566 0.0512999 0.043657 0.0361866 0.0291467 0.0227208 0.0170453 0.0122208 0.00830774 0.00531043 0.00316525
 0.0084066 0.013513 0.0200841 0.0280079 0.0370488 0.0467347 0.0562741 0.0646763 0.0710514 0.0748605 0.0759646 0.0745271 0.0709046 0.0655685 0.0590353 0.0517998 0.0442913 0.0368602 0.0297828 0.0232724 0.017492 0.0125607 0.00854999 0.00547072 0.00326269
 0.0082438 0.0132625 0.0197347 0.0275617 0.0365231 0.046163 0.0557034 0.0641589 0.0706292 0.074552 0.0757629 0.0744159 0.0708788 0.0656452 0.0592442 0.0521604 0.0447927 0.037457 0.0304085 0.0238615 0.0179968 0.0129583 0.00883892 0.00566446 0.00338207
 0.00795183 0.0128201 0.0191291 0.0268034 0.0356435 0.0452098 0.0547381 0.0632562 0.069871 0.0740131 0.0754934 0.0744282 0.0711476 0.0661201 0.0598698 0.0528904 0.0455911 0.038289 0.0312323 0.0246285 0.0186623 0.0134927 0.00923464 0.00593372 0.0035499
 0.00784014 0.0126246 0.0188109 0.0263212 0.0349684 0.0443447 0.0537336 0.0622089 0.068901 0.0732322 0.0749803 0.074219 0.0712395 0.0664801 0.0604442 0.0536159 0.0464056 0.0391373 0.0320665 0.0254055 0.019344 0.0140513 0.00965823 0.00622887 0.00373776
 0.00867934 0.0138097 0.0202609 0.0278441 0.0363092 0.0452675 0.0540925 0.0619746 0.0681467 0.0720989 0.0736411 0.0728467 0.0699794 0.0654318 0.0596572 0.0530964 0.0461292 0.0390622 0.0321428 0.0255812 0.0195693 0.0142823 0.00986211 0.0063875 0.00384743
 0.00945647 0.0150281 0.0220001 0.0301201 0.0390391 0.0482353 0.0569395 0.0642532 0.0694455 0.0721882 0.0725546 0.0708523 0.0674662 0.0627838 0.0571693 0.0509477 0.0443959 0.0377469 0.031204 0.0249557 0.019186 0.0140721 0.00976402 0.00635298 0.00384282
 0.00940091 0.0150543 0.0222549 0.0308102 0.0403758 0.0503422 0.0597635 0.0675271 0.0727245 0.0749506 0.0743345 0.0713654 0.0666855 0.0609341 0.0546401 0.048167 0.0417211 0.0354106 0.0293134 0.0235229 0.018165 0.0133885 0.00933582 0.00610357 0.00370863
 0.00907836 0.0145655 0.0215943 0.0300203 0.0395658 0.0496987 0.0595375 0.0679737 0.0739992 0.0770039 0.0768722 0.0739141 0.0687434 0.0621355 0.0548594 0.0475233 0.0404985 0.0339412 0.0278778 0.0222992 0.0172268 0.0127317 0.00891333 0.00585359 0.0035729
 0.00881242 0.0141452 0.0209857 0.0292039 0.0385467 0.0485229 0.0583108 0.0668729 0.0732565 0.0768554 0.0774766 0.0752708 0.0706528 0.0642368 0.0567434 0.0488711 0.0411773 0.0340142 0.0275379 0.0217722 0.016694 0.0122968 0.00860846 0.00566545 0.00346958
 0.00861398 0.0138316 0.02053 0.028587 0.0377599 0.0475738 0.0572334 0.0657372 0.0721737 0.0759735 0.0769635 0.075278 0.071263 0.0654115 0.0583037 0.0505366 0.0426557 0.0351 0.0281676 0.0220131 0.0166837 0.0121744 0.00847121 0.00555968 0.00340428
 0.00865409 0.0138606 0.0205069 0.028451 0.0374464 0.0470386 0.0564744 0.0648015 0.0711475 0.074966 0.0760926 0.0746631 0.0710129 0.065601 0.0589404 0.0515355 0.0438455 0.0362706 0.029139 0.0226911 0.017072 0.0123444 0.00851393 0.00554867 0.00338217
 0.00869955 0.0139341 0.0206139 0.0285891 0.0375962 0.0471565 0.0564922 0.064642 0.0707554 0.074339 0.0752954 0.0738154 0.0702581 0.0650725 0.0587322 0.051681 0.0443046 0.0369351 0.0298629 0.023338 0.0175569 0.012649 0.00867104 0.00561163 0.00339835
 0.00866055 0.0138691 0.020514 0.0284466 0.0374084 0.0469285 0.0562371 0.0643746 0.0704817 0.0740501 0.0749748 0.0734577 0.0698887 0.0647518 0.0585406 0.0516898 0.0445468 0.0373877 0.0304503 0.0239557 0.0181075 0.0130717 0.00895231 0.00577409 0.00347984
 0.00868465 0.0139072 0.0205688 0.0285184 0.0374934 0.0470171 0.0563136 0.0644197 0.0704775 0.0739839 0.0748397 0.0732513 0.0696148 0.0644276 0.0582042 0.0513991 0.0443645 0.0373571 0.0305748 0.0241959 0.0183973 0.0133453 0.0091667 0.00591658 0.00356084
 0.00862769 0.0138384 0.0205089 0.0285008 0.0375541 0.0471794 0.0565743 0.0647462 0.0708157 0.0742738 0.0750301 0.0733096 0.069531 0.0642135 0.0578916 0.0510362 0.0440101 0.0370691 0.0303945 0.0241342 0.0184329 0.0134365 0.00927011 0.00600274 0.0036187
 0.00857048 0.0137436 0.0203647 0.0283002 0.0373023 0.0469017 0.0563194 0.0645763 0.0707837 0.0743987 0.0752858 0.0736333 0.0698474 0.06446 0.0580339 0.0510726 0.0439663 0.0369872 0.0303192 0.0240984 0.0184483 0.013493 0.0093455 0.0060746 0.00367355
 0.00861735 0.0138047 0.0204284 0.0283451 0.0373018 0.0468331 0.0561737 0.0643654 0.0705427 0.0741797 0.0751427 0.0736021 0.0699301 0.0646227 0.0582218 0.0512329 0.0440675 0.0370266 0.0303167 0.0240834 0.0184445 0.0135106 0.00938051 0.00611573 0.00371003
 0.00849271 0.0136337 0.0202284 0.0281494 0.037147 0.0467405 0.0561366 0.064352 0.0705146 0.0741142 0.0750472 0.0735113 0.0698889 0.064664 0.0583506 0.0514243 0.0442801 0.037221 0.0304707 0.0241948 0.0185247 0.013573 0.00943344 0.00616099 0.00374598
 0.00847204 0.0135944 0.0201608 0.0280455 0.0370084 0.0465863 0.0560048 0.0642877 0.070547 0.0742369 0.0752168 0.0736689 0.0699906 0.0647004 0.0583434 0.0514069 0.0442758 0.037235 0.0304947 0.0242182 0.0185424 0.0135861 0.00944536 0.00617344 0.0037583
 0.00846457 0.0135749 0.0201174 0.0279618 0.0368669 0.0463747 0.0557247 0.0639614 0.0702187 0.0739646 0.0750543 0.0736454 0.0700986 0.0649007 0.0585856 0.0516505 0.0445001 0.0374346 0.0306694 0.024367 0.0186632 0.0136788 0.00951269 0.00622013 0.00378928
 0.00871477 0.0139699 0.0206881 0.0287242 0.0378129 0.0474614 0.0568657 0.0650311 0.0710762 0.0744912 0.0751868 0.07339 0.0695214 0.0641019 0.0576703 0.050708 0.043597 0.0366162 0.0299644 0.0237894 0.0182142 0.0133485 0.00928394 0.00607206 0.00370055
 0.0091012 0.0145788 0.0215677 0.0299042 0.0392964 0.0492126 0.0587953 0.0669899 0.072868 0.0759056 0.0760427 0.0735755 0.0690198 0.0629953 0.0561175 0.0489049 0.0417337 0.0348465 0.0283931 0.0224742 0.0171733 0.0125707 0.00873756 0.00571344 0.0034822
 0.00928623 0.0148854 0.0220397 0.030586 0.0402228 0.0503942 0.0602016 0.0685408 0.0744399 0.0773487 0.077202 0.0743129 0.0692364 0.0626535 0.0552539 0.0476271 0.0401983 0.0332255 0.0268401 0.0211019 0.0160455 0.011706 0.00811919 0.00530247 0.00322966
 0.00936359 0.0150101 0.0222267 0.0308519 0.0405873 0.0508792 0.0608263 0.0693122 0.0753413 0.0783301 0.0781789 0.0751757 0.0698697 0.0629591 0.0551736 0.047158 0.0393967 0.0321966 0.0257147 0.0200071 0.01508 0.0109268 0.00754159 0.00490892 0.00298366
 0.00884646 0.0142144 0.0211153 0.0294264 0.0388942 0.049015 0.0589439 0.0676174 0.0740655 0.0776817 0.078288 0.0760543 0.0714007 0.0649195 0.0572851 0.0491515 0.0410696 0.0334446 0.0265325 0.0204631 0.0152784 0.010972 0.00751523 0.00486265 0.00294269
 0.00863281 0.013849 0.0205335 0.0285611 0.037696 0.0474826 0.0571519 0.0657229 0.0722846 0.0762457 0.0773976 0.0758437 0.0719127 0.0660923 0.0589568 0.0510894 0.0430201 0.03519 0.027934 0.0214756 0.0159355 0.0113534 0.00771155 0.00495096 0.00297647
 0.00882129 0.0140877 0.0207654 0.0286852 0.0375869 0.0470266 0.0562849 0.0644559 0.070712 0.0745372 0.0757749 0.0745405 0.0711257 0.0659365 0.059439 0.0521073 0.0443876 0.0366829 0.0293437 0.022654 0.0168162 0.0119443 0.00806818 0.00514468 0.00307122
 0.00918602 0.0146564 0.021571 0.0297283 0.0388197 0.048337 0.0574907 0.0653275 0.0710314 0.0741732 0.0747371 0.0729858 0.0693158 0.0641681 0.0579717 0.0511077 0.0439021 0.0366449 0.0296107 0.0230605 0.0172236 0.0122694 0.00828506 0.00526709 0.00312922
 0.00946759 0.0151264 0.0222995 0.0307843 0.0402501 0.0501345 0.0595603 0.0674727 0.0729745 0.0756097 0.075408 0.0727482 0.068189 0.0623374 0.0557423 0.0488234 0.041858 0.0350253 0.0284699 0.0223456 0.0168232 0.0120642 0.00818212 0.0052105 0.00309318
 0.00936569 0.0149689 0.0220815 0.030516 0.0399665 0.0499029 0.0594781 0.0676455 0.0734737 0.0764256 0.0764265 0.0737692 0.0689864 0.0627355 0.0556764 0.0483575 0.0411537 0.0342767 0.0278352 0.0219059 0.0165798 0.0119671 0.00816707 0.00522655 0.00311202
 0.00963709 0.0153651 0.0225939 0.0311065 0.0405778 0.0504766 0.0599719 0.0680434 0.0737882 0.0766899 0.0766754 0.0740121 0.0691864 0.0628113 0.0555346 0.0479411 0.0404787 0.0334353 0.0269623 0.0211285 0.0159763 0.0115549 0.00791731 0.00509078 0.0030446
 0.00919928 0.0147532 0.021856 0.0303462 0.03992 0.0500163 0.0597375 0.0679994 0.0738726 0.0768601 0.0769311 0.0743838 0.0697 0.0634526 0.0562355 0.0485962 0.0409859 0.0337367 0.0270645 0.0210902 0.0158751 0.0114535 0.00784698 0.00505493 0.00303239
#obs surv len freq
 nan nan nan nan nan nan nan nan nan nan nan nan nan nan nan nan nan nan nan nan nan nan nan nan nan
 0.0044861 0.00734819 0.011179 0.0159961 0.0216974 0.0279733 0.0342873 0.0400182 0.0446971 0.0481598 0.0505165 0.052011 0.052902 0.0534133 0.0537267 0.0539809 0.054259 0.0545514 0.0546899 0.0542817 0.0527199 0.0493522 0.0438024 0.0362831 0.0276675
 0.00462222 0.00757076 0.0115159 0.0164731 0.0223317 0.0287636 0.0352047 0.0410032 0.045668 0.0490292 0.0512073 0.0524684 0.0530982 0.0533479 0.053422 0.0534745 0.0535946 0.053772 0.0538348 0.0533881 0.0518269 0.0485035 0.0430431 0.0356514 0.0271847
 0.00478264 0.0078342 0.0119174 0.0170468 0.0231043 0.0297436 0.0363705 0.0422978 0.0470047 0.0503057 0.0523209 0.0533291 0.053638 0.0535273 0.0532335 0.0529403 0.0527599 0.0526964 0.0525847 0.0520339 0.0504438 0.0471723 0.0418439 0.0346503 0.0264181
 0.00496599 0.00813441 0.0123733 0.0176964 0.0239779 0.0308527 0.0376959 0.0437844 0.0485672 0.0518421 0.0537263 0.0545039 0.0544946 0.0539962 0.0532695 0.0525288 0.0519191 0.051475 0.051058 0.050299 0.048616 0.0453781 0.0402083 0.0332755 0.0253614
 0.00517419 0.00847571 0.0128923 0.0184364 0.0249731 0.0321149 0.0392012 0.0454684 0.050334 0.0535817 0.0553308 0.0558759 0.0555486 0.0546584 0.0534803 0.0522472 0.0511304 0.0501988 0.0493541 0.0482702 0.0464052 0.0431566 0.0381514 0.0315293 0.024011
 0.00540316 0.00885043 0.013461 0.0192459 0.02606 0.0334921 0.0408432 0.0473058 0.0522628 0.0554824 0.0570871 0.0573854 0.0567257 0.0554329 0.053794 0.0520534 0.0503977 0.0489215 0.047567 0.0460631 0.0439284 0.0406101 0.0357533 0.0294689 0.0224048
 0.00563681 0.00923321 0.0140426 0.0200749 0.0271748 0.0349068 0.0425326 0.0491998 0.0542558 0.057453 0.058917 0.05897 0.0579778 0.0562816 0.0541818 0.051933 0.0497322 0.0476918 0.0457885 0.0438066 0.0413363 0.0378916 0.0331517 0.0272057 0.0206239
 0.00588072 0.0096334 0.0146517 0.0209444 0.0283449 0.0363909 0.0443015 0.051176 0.0563245 0.0594848 0.0607884 0.0605761 0.0592345 0.0571238 0.0545591 0.0518045 0.0490642 0.0464628 0.0440039 0.0415234 0.0386845 0.0350774 0.0304277 0.0248121 0.0187249
 0.00611998 0.0100248 0.0152456 0.0217894 0.0294796 0.0378294 0.0460182 0.0530994 0.0583466 0.0614803 0.0626349 0.0621663 0.0604819 0.0579626 0.0549408 0.0516925 0.0484296 0.045286 0.0422873 0.0393144 0.0360998 0.0323113 0.0277271 0.0224197 0.0168129
 0.0063653 0.0104266 0.0158555 0.0226572 0.0306431 0.0392988 0.0477608 0.0550345 0.0603578 0.0634384 0.0644194 0.0636768 0.0616409 0.0587131 0.0552428 0.0515176 0.0477568 0.044102 0.0405972 0.0371617 0.0335909 0.0296259 0.0250985 0.0200819 0.0149364
 0.00660176 0.0108133 0.0164417 0.0234903 0.0317592 0.0407085 0.0494337 0.0568941 0.0622913 0.0653183 0.0661247 0.0651065 0.0627186 0.059387 0.0554804 0.0512997 0.0470718 0.0429449 0.0389776 0.035122 0.0312285 0.0271041 0.0226305 0.0178839 0.0131677
 0.00682213 0.0111773 0.017 0.0242929 0.0328452 0.0420891 0.0510759 0.0587158 0.0641741 0.0671315 0.0677474 0.066441 0.0636941 0.059958 0.0556229 0.0510049 0.0463397 0.0417823 0.0374029 0.0331803 0.0290107 0.0247575 0.0203456 0.0158538 0.0115354
 0.00704756 0.0115463 0.0175601 0.0250897 0.0339132 0.0434375 0.0526731 0.0604838 0.0659981 0.0688812 0.069299 0.0676928 0.0645738 0.0604237 0.0556589 0.0506146 0.0455375 0.0405891 0.035849 0.0313168 0.026925 0.0225827 0.0182492 0.0140037 0.0100537
 0.00726473 0.0119006 0.0180953 0.0258468 0.034922 0.0447032 0.0541629 0.0621226 0.0676789 0.070485 0.0707145 0.0688279 0.065361 0.0608211 0.0556491 0.0502007 0.044738 0.0394325 0.0343747 0.0295818 0.0250148 0.0206177 0.0163751 0.0123625 0.0087466
 0.00741231 0.0121501 0.0184886 0.0264284 0.0357294 0.0457511 0.0554289 0.0635421 0.0691555 0.0719104 0.0719871 0.0698638 0.0660977 0.061218 0.0556857 0.0498744 0.0440611 0.0384309 0.0330875 0.0280663 0.023353 0.0189183 0.0147645 0.0109601 0.00763487
 0.007523 0.0123258 0.0187461 0.0267832 0.0361961 0.0463431 0.0561537 0.0643951 0.0701131 0.0729269 0.072997 0.0707898 0.0668629 0.0617566 0.0559502 0.0498374 0.0437144 0.0377842 0.0321692 0.0269256 0.0220636 0.0175775 0.0134823 0.00983875 0.00674428
 0.00762338 0.0124841 0.0189751 0.0270912 0.0365853 0.0468079 0.0566802 0.0649628 0.0707012 0.0735193 0.0735821 0.0713536 0.06738 0.062187 0.056244 0.0499453 0.0435984 0.0374253 0.0315718 0.0261207 0.0211096 0.0165566 0.0124893 0.00896178 0.00604394
 0.00768229 0.0125797 0.0191183 0.0272918 0.0368492 0.0471342 0.057058 0.0653716 0.0711157 0.073917 0.0739495 0.0716869 0.0676799 0.0624499 0.056454 0.0500725 0.0436041 0.0372729 0.0312399 0.0256133 0.0204607 0.0158276 0.0117577 0.00830254 0.00551073
 0.00771644 0.0126289 0.0191813 0.0273642 0.0369271 0.0472171 0.0571513 0.0654854 0.0712598 0.0740966 0.0741621 0.0719237 0.0679289 0.062698 0.0566864 0.050269 0.0437368 0.0373091 0.0311501 0.025383 0.0201007 0.0153761 0.0112725 0.00784551 0.00513006
 0.00775814 0.0126901 0.0192607 0.027456 0.0370215 0.0473029 0.057219 0.06553 0.0712839 0.0741112 0.0741845 0.0719715 0.0680132 0.0628192 0.056834 0.0504238 0.0438735 0.0373984 0.0311632 0.0252991 0.019916 0.015109 0.0109613 0.0075365 0.00486328
 0.00781621 0.012778 0.0193805 0.0276044 0.0371897 0.0474772 0.0573817 0.0656616 0.0713678 0.0741389 0.0741601 0.0719115 0.0679415 0.0627592 0.0568017 0.0504224 0.043893 0.0374184 0.0311581 0.0252458 0.0198017 0.0149379 0.010754 0.00732388 0.00467478
 0.00784749 0.0128251 0.0194444 0.0276832 0.0372788 0.0475704 0.0574711 0.0657386 0.0714239 0.0741678 0.0741595 0.0718844 0.0678965 0.0627092 0.0567605 0.0504007 0.0438936 0.0374339 0.0311724 0.0252392 0.0197587 0.0148539 0.010638 0.00719493 0.00455406
 0.00786537 0.0128528 0.0194835 0.0277339 0.0373398 0.0476382 0.0575402 0.0658019 0.0714743 0.0741999 0.0741709 0.0718756 0.0678709 0.0626724 0.0567199 0.0503645 0.0438683 0.0374213 0.0311673 0.025231 0.0197354 0.014808 0.010571 0.00711634 0.00447724
 0.00788444 0.0128776 0.0195095 0.0277534 0.0373446 0.0476233 0.0575071 0.0657581 0.0714305 0.0741659 0.074152 0.0718728 0.0678813 0.0626916 0.056744 0.0503912 0.0438969 0.0374512 0.0311967 0.0252549 0.0197472 0.0148024 0.0105473 0.00707969 0.00443623
 0.00788964 0.0128855 0.0195199 0.027765 0.0373542 0.0476258 0.0574958 0.0657274 0.071379 0.0740992 0.0740825 0.071815 0.067847 0.0626858 0.0567642 0.0504303 0.0439468 0.0375048 0.0312482 0.0252993 0.0197797 0.0148198 0.0105489 0.00706843 0.00441788
 0.00789962 0.0128979 0.0195317 0.0277713 0.0373495 0.0476066 0.0574619 0.0656817 0.0713261 0.074043 0.0740267 0.071764 0.0678069 0.0626633 0.0567646 0.0504545 0.0439909 0.0375614 0.0313088 0.025356 0.0198264 0.0148526 0.0105669 0.00707355 0.00441427
 0.00788303 0.0128736 0.0194999 0.0277334 0.0373074 0.047561 0.0574124 0.0656276 0.0712678 0.0739843 0.0739736 0.0717235 0.0677843 0.0626619 0.0567851 0.0504961 0.0440506 0.0376342 0.0313875 0.0254326 0.0198936 0.0149053 0.0106031 0.00709453 0.00442358
 0.00788739 0.0128737 0.0194873 0.0276969 0.037237 0.0474534 0.0572751 0.0654781 0.0711277 0.0738718 0.0738986 0.0716881 0.0677855 0.0626948 0.0568446 0.050577 0.0441474 0.0377407 0.0314966 0.0255369 0.019986 0.0149805 0.0106586 0.00713128 0.00444491
 0.00787948 0.0128611 0.0194684 0.0276695 0.0371971 0.0473955 0.0571929 0.0653682 0.0709935 0.0737257 0.0737611 0.071581 0.0677252 0.0626874 0.0568864 0.0506579 0.0442552 0.0378635 0.0316238 0.0256591 0.0200953 0.0150711 0.0107277 0.00717918 0.00447482
 0.00784402 0.012804 0.0193838 0.027553 0.0370476 0.0472171 0.0569965 0.0651698 0.0708108 0.0735738 0.0736499 0.0715167 0.0677121 0.062728 0.0569799 0.0507978 0.0444295 0.0380566 0.0318199 0.025844 0.0202583 0.0152051 0.0108299 0.007251 0.0045209
 0.0078481 0.0128045 0.0193733 0.0275207 0.0369824 0.0471117 0.0568515 0.0649954 0.0706242 0.0733951 0.0734975 0.0714042 0.0676475 0.0627144 0.0570164 0.0508807 0.0445519 0.0382079 0.0319864 0.0260111 0.0204124 0.0153361 0.0109326 0.00732478 0.00456928
 0.00778568 0.0127106 0.019246 0.0273626 0.036799 0.0469093 0.0566362 0.0647746 0.0704087 0.0732002 0.0733418 0.0713055 0.0676182 0.0627583 0.0571287 0.05105 0.0447629 0.0384442 0.0322312 0.0262478 0.0206264 0.0155165 0.0110734 0.00742607 0.00463597
 0.00777077 0.0126785 0.0191837 0.0272546 0.0366329 0.0466835 0.0563654 0.0644876 0.0701399 0.0729779 0.0731818 0.0712123 0.0675906 0.062794 0.0572249 0.0512014 0.0449601 0.0386732 0.032475 0.0264888 0.0208483 0.0157063 0.0112237 0.00753566 0.00470903
 0.00775333 0.0126488 0.0191359 0.0271815 0.0365258 0.046534 0.0561685 0.0642461 0.0698679 0.0727013 0.0729341 0.0710255 0.0674866 0.0627801 0.0572956 0.0513436 0.0451575 0.0389083 0.0327295 0.0267437 0.0210857 0.0159117 0.0113881 0.00765655 0.00479034
 0.00933034 0.0148558 0.0217986 0.0299174 0.038856 0.04806 0.056712 0.0638752 0.0688145 0.0712429 0.0713076 0.069398 0.0659633 0.0614225 0.0561349 0.0503885 0.0444005 0.0383313 0.0323087 0.0264526 0.0208969 0.0157988 0.011327 0.00762763 0.00477899
 0.00929906 0.0150979 0.0226795 0.0318915 0.0422687 0.0528808 0.0623653 0.0693336 0.0729654 0.0733267 0.0711687 0.067427 0.062827 0.0577793 0.0524725 0.046997 0.0414185 0.0358059 0.0302379 0.0248098 0.0196414 0.0148805 0.0106895 0.00721125 0.00452539
 0.00896206 0.0145675 0.0219352 0.0309824 0.0413667 0.0523164 0.0625881 0.0707521 0.075702 0.0770362 0.0750807 0.0706387 0.0646794 0.058086 0.05149 0.0452129 0.0393219 0.0337539 0.0284315 0.0233296 0.0184956 0.0140396 0.0101061 0.00683101 0.00429446
 0.00880036 0.0142942 0.0215054 0.0303508 0.0405049 0.0512451 0.0614177 0.0697111 0.0751185 0.0772477 0.0762816 0.0727364 0.067261 0.0605527 0.0532998 0.0460885 0.0393069 0.0331136 0.0274929 0.0223587 0.0176509 0.0133841 0.00964092 0.00652622 0.00410989
 0.00872938 0.014175 0.021318 0.0300716 0.0401086 0.0507106 0.0607389 0.0689134 0.0742789 0.0765089 0.0758441 0.0728069 0.0679611 0.0618273 0.0548944 0.0476318 0.0404633 0.0337141 0.0275684 0.0220763 0.0172109 0.0129424 0.00928168 0.00627307 0.0039509
 0.00870143 0.0141254 0.0212352 0.0299415 0.0399165 0.0504438 0.060391 0.068486 0.0737843 0.0759762 0.0753296 0.0724032 0.0677883 0.0619958 0.0554451 0.0484893 0.0414422 0.0345886 0.0281682 0.0223478 0.017212 0.0127876 0.00908062 0.00609582 0.00382446
 0.00868847 0.0141021 0.0211958 0.0298784 0.0398212 0.0503087 0.0602107 0.0682589 0.0735131 0.0756681 0.0749994 0.0720783 0.0675148 0.0618385 0.0554726 0.0487427 0.041902 0.0351651 0.0287306 0.0227795 0.0174579 0.0128632 0.00904605 0.00601687 0.00374686
 0.00867169 0.0140784 0.0211665 0.0298464 0.039789 0.0502757 0.0601719 0.0682049 0.073433 0.0755531 0.074846 0.0718915 0.0673107 0.0616469 0.0553357 0.0487065 0.0419977 0.0353891 0.0290363 0.0230927 0.0177088 0.0130155 0.00910419 0.00601234 0.00371556
 0.00867148 0.0140753 0.021157 0.0298261 0.0397545 0.0502272 0.060114 0.0681454 0.0733782 0.0755041 0.0747969 0.0718326 0.0672344 0.0615542 0.0552403 0.0486339 0.0419778 0.0354428 0.029163 0.0232658 0.0178859 0.0131576 0.00919217 0.0060497 0.00371971
 0.00867214 0.0140783 0.0211648 0.0298415 0.0397789 0.0502586 0.0601461 0.0681692 0.0733854 0.0754905 0.0747637 0.0717829 0.0671715 0.0614797 0.0551574 0.0485508 0.0419098 0.0354078 0.0291733 0.0233202 0.0179678 0.0132427 0.00925964 0.00609048 0.00373667
 0.00864924 0.0140458 0.0211249 0.0297995 0.0397421 0.0502345 0.0601397 0.0681817 0.0734135 0.0755268 0.0747984 0.0718074 0.06718 0.0614708 0.055133 0.0485161 0.0418726 0.0353789 0.0291633 0.023335 0.0180049 0.0132915 0.00930671 0.00612599 0.00375758
 0.00865254 0.0140448 0.0211121 0.0297649 0.0396776 0.0501389 0.0600232 0.0680642 0.0733182 0.0754718 0.07479 0.0718398 0.067239 0.0615401 0.0551991 0.0485709 0.0419145 0.0354114 0.0291928 0.0233678 0.0180438 0.0133344 0.0093479 0.0061596 0.00378059
 0.00860866 0.0139814 0.0210309 0.0296717 0.0395792 0.0500397 0.0599232 0.0679616 0.0732149 0.0753767 0.0747191 0.0718098 0.0672598 0.0616094 0.0553041 0.0486933 0.0420374 0.0355235 0.02929 0.0234508 0.018115 0.0133954 0.00939838 0.00619848 0.00380758
 0.00861207 0.0139812 0.0210203 0.029642 0.0395233 0.0499567 0.0598211 0.0678554 0.0731199 0.0753026 0.0746676 0.0717788 0.0672485 0.0616203 0.05534 0.0487534 0.0421153 0.0356093 0.0293741 0.0235267 0.01818 0.0134492 0.00944129 0.00623089 0.00383021
 0.00862168 0.0139987 0.0210497 0.0296867 0.0395835 0.0500263 0.0598872 0.0679009 0.0731302 0.0752724 0.0746031 0.0716938 0.0671582 0.061537 0.0552722 0.0487063 0.042091 0.0356062 0.0293872 0.0235495 0.0182066 0.0134751 0.00946403 0.00624916 0.00384362
 0.00862168 0.0139987 0.0210497 0.0296867 0.0395835 0.0500263 0.0598872 0.0679009 0.0731302 0.0752724 0.0746031 0.0716938 0.0671582 0.061537 0.0552722 0.0487063 0.042091 0.0356062 0.0293872 0.0235495 0.0182066 0.0134751 0.00946403 0.00624916 0.00384362
 0.0089842 0.0145701 0.0218734 0.0307842 0.040942 0.0515841 0.0615225 0.0694386 0.0743755 0.0760598 0.0748398 0.0713771 0.0663654 0.0603981 0.0539363 0.0473132 0.0407526 0.0343995 0.0283558 0.0227098 0.0175548 0.0129942 0.00912875 0.00602995 0.00371035
 0.00909814 0.0147931 0.0222773 0.031455 0.0419538 0.0529597 0.0631993 0.0712623 0.0761304 0.077521 0.0758235 0.0717733 0.0661507 0.0596316 0.052742 0.0458519 0.0391898 0.0328789 0.0269828 0.0215474 0.0166278 0.0122974 0.00863661 0.00570503 0.0035112
 0.00914967 0.0148761 0.0224036 0.0316426 0.0422324 0.0533732 0.0637992 0.0720874 0.0771759 0.0787146 0.0770236 0.0727991 0.0668324 0.059858 0.0524869 0.045173 0.0382059 0.0317366 0.0258236 0.0204835 0.0157307 0.0115972 0.00812951 0.00536481 0.0033005
 0.00913671 0.0148573 0.0223799 0.0316173 0.0422124 0.053371 0.0638358 0.0721949 0.0773957 0.0790861 0.077564 0.0734805 0.0675712 0.0605285 0.0529578 0.0453505 0.0380635 0.0313181 0.0252233 0.0198132 0.0150893 0.0110523 0.0077117 0.00507358 0.00311558
 0.00880465 0.0143206 0.0215816 0.0305166 0.0408047 0.0517141 0.0620692 0.0705315 0.0760782 0.0783238 0.0774795 0.0740866 0.0687757 0.0621562 0.0547838 0.0471421 0.0396263 0.0325321 0.0260562 0.0203073 0.0153303 0.0111342 0.00771288 0.00504588 0.00308604
 0.00874512 0.0141823 0.021297 0.0299982 0.039968 0.0505148 0.0605389 0.0687919 0.0743256 0.0767899 0.0763842 0.0735938 0.0689599 0.0629864 0.0561291 0.0487999 0.0413664 0.0341459 0.0273971 0.0213104 0.0160063 0.0115444 0.00793633 0.00515493 0.00313359
 0.00870728 0.0141184 0.0211938 0.0298345 0.0397105 0.0501164 0.0599454 0.0679616 0.0732577 0.0755506 0.0751136 0.0724828 0.0682038 0.0627301 0.0564267 0.0496 0.0425265 0.0354722 0.0286949 0.02243 0.0168688 0.0121411 0.00830842 0.00536452 0.00324051
 0.0088876 0.0144013 0.0215988 0.030368 0.0403585 0.0508351 0.0606531 0.0685404 0.073573 0.0754864 0.0746127 0.0715771 0.067021 0.0614693 0.0553065 0.0487969 0.042127 0.0354571 0.0289608 0.0228359 0.0172853 0.0124839 0.00854617 0.00550569 0.00331243
 0.00911084 0.014778 0.0221887 0.0312288 0.0415243 0.0522871 0.0622944 0.0701955 0.0750199 0.0765088 0.075049 0.0713517 0.0661572 0.0600884 0.0536093 0.0470253 0.0405094 0.0341556 0.0280407 0.0222694 0.0169857 0.0123489 0.00849251 0.00548267 0.0032978
 0.00884858 0.0143937 0.0216917 0.030663 0.0409671 0.0518394 0.0620651 0.0702778 0.0754593 0.0772733 0.0760205 0.0723501 0.0669911 0.0606112 0.05376 0.0468402 0.040103 0.0336766 0.0276207 0.0219849 0.0168481 0.0123225 0.00852487 0.00553025 0.00333684
 0.00889748 0.014434 0.0216818 0.030546 0.0406929 0.0513975 0.0615095 0.0697247 0.0750539 0.0771393 0.0762157 0.072846 0.06768 0.0613387 0.0543713 0.0472267 0.0402317 0.0335911 0.0274137 0.0217562 0.0166682 0.0122178 0.00848525 0.00552965 0.00335078
 0.00884067 0.0143573 0.021593 0.0304558 0.0406041 0.0512934 0.0613525 0.069474 0.0746971 0.0767202 0.0758336 0.0726207 0.0676985 0.0616136 0.0548338 0.047756 0.0407044 0.0339261 0.0275923 0.0218123 0.016659 0.0121933 0.00847239 0.00553289 0.00336308
#pred catch len freq
 0.00357888 0.00572207 0.00846806 0.0118099 0.0157659 0.0203505 0.0255091 0.0310825 0.0368313 0.0424875 0.0477972 0.0525552 0.0566268 0.0599423 0.062459 0.0641157 0.0648101 0.0644072 0.0627592 0.0597205 0.0551659 0.0490486 0.0415193 0.0330467 0.0244205
 0.00389539 0.00615844 0.00898493 0.0123345 0.0162281 0.0207308 0.0258623 0.0315089 0.0374031 0.0431716 0.0484292 0.0528873 0.0564286 0.0591067 0.0610642 0.0624186 0.0631711 0.06317 0.0621315 0.0597075 0.055589 0.0496408 0.0420443 0.0333792 0.0245539
 0.00405623 0.0064456 0.00945892 0.0130526 0.0172144 0.0219411 0.0271709 0.0327432 0.0384173 0.0439106 0.0489268 0.0531932 0.0565234 0.0588801 0.0603826 0.061236 0.0616034 0.0614788 0.0606229 0.0586042 0.05495 0.0493695 0.0419697 0.0333512 0.0244972
 0.00423473 0.00672488 0.00986418 0.0136138 0.0179758 0.0229641 0.0285156 0.034424 0.0403523 0.0459041 0.0507142 0.0545308 0.0572659 0.058991 0.0598867 0.0601749 0.0600422 0.0595482 0.0585368 0.0566146 0.0532608 0.0480716 0.0410398 0.0327039 0.024045
 0.0044467 0.00705747 0.0103431 0.0142574 0.0187963 0.023971 0.0297177 0.0358314 0.0419703 0.0477133 0.052636 0.0564018 0.0588506 0.0600414 0.060218 0.0597122 0.0588242 0.0577067 0.0562766 0.0541884 0.0509253 0.0460305 0.0394029 0.0314856 0.0231953
 0.0046839 0.00743085 0.0108834 0.014988 0.0197337 0.0251226 0.0310772 0.0373728 0.0436478 0.0494668 0.0543974 0.058092 0.0603655 0.0612387 0.0609233 0.0597571 0.0581011 0.0562154 0.0541404 0.0516352 0.0482407 0.0434944 0.0372288 0.0297851 0.0219778
 0.0049018 0.00777851 0.0113956 0.0156965 0.0206653 0.026296 0.0324939 0.039008 0.0454456 0.0513425 0.056247 0.0598056 0.0618384 0.0623732 0.0616206 0.0599098 0.0576048 0.0550055 0.0522386 0.0491799 0.0454772 0.0407228 0.0347285 0.027748 0.0204765
 0.00508858 0.00807962 0.0118456 0.0163296 0.0215145 0.0273881 0.0338408 0.0405958 0.0472276 0.0532379 0.0581461 0.0615821 0.0633659 0.0635396 0.062334 0.0600937 0.0571925 0.0539471 0.0505295 0.046899 0.0428088 0.0379367 0.0321175 0.0255483 0.0188112
