SBPRF35
7.78865
Curr Bio
478047
B35
672718
F35
0.209746
FOFL
0.134595
OFL
47987.7
Bzero
2.22533e+006
#pred survey bio
 4.80947e+006 4.56884e+006 4.32515e+006 4.02821e+006 3.6944e+006 3.35418e+006 3.01549e+006 2.67769e+006 2.37593e+006 2.10047e+006 1.85211e+006 1.66182e+006 1.45574e+006 1.29639e+006 1.14532e+006 1.01996e+006 938085 841168 796898 736987 712797 675186 643976 635020 624341 611366 613646 616395 614378 623832 621815 618128 613805 612836 604606 588267 567062 552741 553442 553145 564522 570544 583601 594738 608712 606281 613313 611889 604503 611767 607875 582767 558830 551871 529567 529296 553458 529017 532215 516834 502648 482534 1.56679e+007 9.03887e+006 9.13533e+006 9.96273e+006 1.12015e+007 1.25263e+007 1.37379e+007 1.47497e+007 1.55468e+007 1.6151e+007 1.65973e+007 1.69216e+007 1.71547e+007 1.73216e+007 1.74408e+007 1.75262e+007 1.75875e+007 1.76318e+007 1.7664e+007 1.76876e+007 1.77049e+007 1.77178e+007 1.77274e+007 1.77346e+007 1.774e+007 1.77441e+007 1.77472e+007 1.77496e+007 1.77514e+007 1.77528e+007 1.77538e+007 1.77547e+007 1.77553e+007 1.77558e+007 1.77561e+007 1.77564e+007 1.77567e+007 1.77568e+007 1.7757e+007 1.77571e+007 1.77571e+007 1.77572e+007 1.77572e+007 1.77573e+007 1.77573e+007 1.77573e+007 1.77574e+007 1.77574e+007 1.77574e+007 1.77574e+007 1.77574e+007 1.77574e+007 1.77574e+007 1.77574e+007 1.77574e+007 1.77574e+007 1.77574e+007 1.77574e+007 1.77574e+007 1.77574e+007 1.77574e+007 1.77574e+007 1.77574e+007 1.77574e+007 1.77574e+007 1.77574e+007 1.77574e+007 1.77574e+007 1.77574e+007 1.77574e+007 1.77574e+007 1.77574e+007 1.77574e+007 1.77574e+007 1.77574e+007 1.77574e+007 1.77574e+007 1.77574e+007 1.77574e+007 1.77574e+007 1.77574e+007 1.77574e+007 1.77574e+007 1.77574e+007 1.77574e+007 1.77574e+007 1.77574e+007 1.77574e+007 1.77574e+007 1.77574e+007 1.77574e+007 1.77574e+007 1.77574e+007 1.77574e+007 1.77574e+007 1.77574e+007 1.77574e+007 1.77574e+007 1.77574e+007 1.77574e+007 0 0 0 0 0 0 0 0 0 0 0 0 0 0 0 0 0 0 0 0 0 0 0 0 0
#obs survey bio
 3.63732e+006 2.40481e+006 2.84256e+006 3.7154e+006 3.66129e+006 2.664e+006 2.22298e+006 2.18983e+006 1.47993e+006 2.14885e+006 1.41466e+006 1.64279e+006 1.2463e+006 1.23136e+006 1.07034e+006 739371 734597 627967 499804 667698 638951 629409 386483 545982 478842 538330 508130 525593 658782 587833 807838 420938 734865 868210 623982 316053 571653 565619 635683 454299 309012 499990 482959 551320 570219 587094 342903 658187 436267 541512 732021 509546 575756 470061 387993 551776 430160 483596 593099 545324 702109 491833
#pred catch bio
 91469.9 91184.1 145794 197598 230333 261553 295733 296173 300254 297181 260743 285040 250874 247861 227316 190603 202025 154540 164880 131420 139828 131274 111263 112431 113590 100298 99376.5 101519 89641.4 96678.5 94642.2 91699.4 85535 88039.4 91296.1 94307.5 91031.2 82574.6 86788.7 79681 86667.3 82478.3 85147 83137.6 96319.1 87788.5 94776.7 98702.5 85439 94193.4 110294 107172 91883.6 104013 84515.9 64042.3 103237 77550.2 90985.6 86143.3 85835.7 90770.3 47987.7 69201.2 68338.3 73055.3 81826.9 91597.4 100507 107813 113417 117523 120431 122439 123799 124707 125305 125696 125950 126113 126218 126285 126328 126355 126372 126383 126390 126394 126397 126399 126400 126401 126401 126401 126402 126402 126402 126402 126402 126402 126402 126402 126402 126402 126402 126402 126402 126402 126402 126402 126402 126402 126402 126402 126402 126402 126402 126402 126402 126402 126402 126402 126402 126402 126402 126402 126402 126402 126402 126402 126402 126402 126402 126402 126402 126402 126402 126402 126402 126402 126402 126402 126402 126402 126402 126402 126402 126402 126402 126402 126402 126402 126402 126402 126402 126402 126402 126402 126402 126402 126402 126402 0 0 0 0 0 0 0 0 0 0 0 0 0 0 0 0 0 0 0 0 0 0 0 0 0
#obs catch bio
 0 90983.3 146513 198772 231905 264261 300992 303181 309694 307070 267814 293263 257637 255213 233850 194995 208233 157591 169579 133804 143206 133971 113616 115024 116556 102586 101897 104224 90906.6 98307.9 95801.7 92899 86160.2 88642.4 91682.4 95321.4 91911.3 82897.6 87199.5 79834.8 87667.8 83276.2 86071.6 83715 97072.5 87933.6 95517.6 99674.6 85710.5 94541 110996 107736 91725.8 104661 85258.1 63682.8 104447 77507.1 91421.6 86363.8 85784.1 90856.1
#pred cpue bio
 4.72921e+006 4.49423e+006 4.25618e+006 3.96228e+006 3.63007e+006 3.29119e+006 2.95362e+006 2.61713e+006 2.31689e+006 2.04359e+006 1.79793e+006 1.60993e+006 1.40678e+006 1.24962e+006 1.10096e+006 977789 897385 802940 759974 702062 678836 642661 612456 603617 593193 580631 582938 585964 584654 594518 593263 590384 586836 586544 579274 563845 542565 527094 526614 525996 536828 542425 555030 565996 579820 577741 584602 583208 576252 583541 579934 555629 532316 525471 503780 503621 527561 504358 507660 493195 480146 461775 1.50293e+007 8.67822e+006 8.61482e+006 9.25294e+006 1.04174e+007 1.17226e+007 1.29299e+007 1.39407e+007 1.47377e+007 1.53419e+007 1.57882e+007 1.61124e+007 1.63456e+007 1.65124e+007 1.66317e+007 1.6717e+007 1.67784e+007 1.68227e+007 1.68549e+007 1.68784e+007 1.68958e+007 1.69087e+007 1.69182e+007 1.69254e+007 1.69309e+007 1.6935e+007 1.69381e+007 1.69405e+007 1.69423e+007 1.69436e+007 1.69447e+007 1.69455e+007 1.69461e+007 1.69466e+007 1.6947e+007 1.69473e+007 1.69475e+007 1.69477e+007 1.69478e+007 1.69479e+007 1.6948e+007 1.6948e+007 1.69481e+007 1.69481e+007 1.69482e+007 1.69482e+007 1.69482e+007 1.69482e+007 1.69482e+007 1.69482e+007 1.69482e+007 1.69482e+007 1.69482e+007 1.69482e+007 1.69483e+007 1.69483e+007 1.69483e+007 1.69483e+007 1.69483e+007 1.69483e+007 1.69483e+007 1.69483e+007 1.69483e+007 1.69483e+007 1.69483e+007 1.69483e+007 1.69483e+007 1.69483e+007 1.69483e+007 1.69483e+007 1.69483e+007 1.69483e+007 1.69483e+007 1.69483e+007 1.69483e+007 1.69483e+007 1.69483e+007 1.69483e+007 1.69483e+007 1.69483e+007 1.69483e+007 1.69483e+007 1.69483e+007 1.69483e+007 1.69483e+007 1.69483e+007 1.69483e+007 1.69483e+007 1.69483e+007 1.69483e+007 1.69483e+007 1.69483e+007 1.69483e+007 1.69483e+007 1.69483e+007 1.69483e+007 1.69483e+007 1.69483e+007 1.69483e+007 1.69483e+007 0 0 0 0 0 0 0 0 0 0 0 0 0 0 0 0 0 0 0 0 0 0 0 0 0
#obs cpue bio
 3.13589e+006 3.9438e+006 3.4307e+006 4.67267e+006 2.96501e+006 2.54383e+006 1.94202e+006 1.35455e+006 1.65832e+006 1.61288e+006 1.9903e+006 1.96654e+006 1.02189e+006 971027 868411 978284 800099 795248 788234 617674 518686 599629 497002 494754 485542 409285 409148 493991 727276 520137 503527 658337 605042 421461 665905 585582 511024 622894 482094 605006 479032 514045 574837 628009 734879 694469 661138 465240 893991 686434 449851 621671 651910 471264 418622 889956 429809 612891 443258 458542 440988 468324
#pred surv len freq
 0.00589268 0.00941629 0.0138877 0.0191907 0.0251428 0.0314398 0.0376143 0.0431266 0.0475657 0.0507974 0.0529484 0.0542762 0.0550429 0.0554458 0.055589 0.055477 0.0550292 0.0541091 0.0525474 0.0501453 0.046681 0.0419655 0.0359757 0.0290033 0.0216901
 0.00597915 0.00947121 0.0138183 0.0188748 0.0244809 0.0304262 0.0363818 0.0419192 0.04664 0.050306 0.0528757 0.0544632 0.0552785 0.0555705 0.0555619 0.0553836 0.0550346 0.0543768 0.0531581 0.0510541 0.0477329 0.0429642 0.0367655 0.0295207 0.0219623
 0.00641905 0.0101164 0.0146534 0.0198245 0.0254122 0.0311665 0.0367532 0.0417911 0.0459903 0.049256 0.0516614 0.0533386 0.0544049 0.0549641 0.0551312 0.0550248 0.0547143 0.0541497 0.0531176 0.0512549 0.0481421 0.04347 0.0372345 0.0298601 0.0221492
 0.00673339 0.0106365 0.0154494 0.0209574 0.026908 0.0329793 0.0387338 0.0436885 0.0475019 0.0501175 0.0517369 0.0526692 0.0531875 0.0534661 0.0535862 0.053568 0.0533891 0.0529639 0.0520921 0.0504277 0.0475353 0.0430619 0.0369648 0.0296628 0.0219828
 0.00710977 0.0112181 0.016271 0.0220385 0.0282586 0.0346035 0.0406196 0.0457815 0.0496754 0.0521601 0.0533774 0.0536441 0.0533281 0.0527618 0.0521858 0.0517156 0.0513343 0.0509 0.0501443 0.0486739 0.0460252 0.0418199 0.0359871 0.0289227 0.0214437
 0.0075466 0.0118964 0.0172323 0.0233002 0.0298127 0.0364172 0.0426346 0.0479166 0.0518346 0.0542386 0.0552543 0.0551676 0.0543159 0.0530377 0.0516434 0.0503721 0.0493369 0.04848 0.0475502 0.04612 0.0436721 0.0397749 0.0343094 0.0276276 0.0205083
 0.00794078 0.012523 0.0181487 0.0245496 0.0314156 0.0383596 0.0448544 0.0503017 0.05424 0.0565151 0.0572732 0.056824 0.055514 0.0536735 0.051606 0.0495743 0.0477635 0.0462217 0.0447997 0.0431322 0.0407089 0.0370605 0.0320027 0.0258106 0.0191868
 0.00829279 0.0130852 0.0189766 0.0256897 0.0328997 0.0401932 0.0470028 0.0526808 0.0567212 0.0589437 0.0594916 0.058691 0.0569147 0.054518 0.0518194 0.0490912 0.0465397 0.0442657 0.042207 0.0400962 0.0374974 0.0339621 0.0292667 0.0235991 0.0175546
 0.00855039 0.0135022 0.0196015 0.0265687 0.0340701 0.0416734 0.0487793 0.0547002 0.0588936 0.0611538 0.0616113 0.060589 0.0584652 0.0556076 0.0523521 0.04899 0.0457493 0.0427663 0.0400403 0.0373918 0.0344779 0.0309124 0.0264718 0.0212757 0.0158059
 0.00877282 0.0138593 0.0201316 0.0273064 0.0350432 0.0428961 0.0502432 0.0563687 0.0607024 0.0630194 0.0634389 0.0622789 0.0599157 0.056718 0.0530257 0.049138 0.0452979 0.0416698 0.0383033 0.035096 0.0317978 0.0281013 0.0238111 0.0190041 0.0140602
 0.00907657 0.0143265 0.0207858 0.0281538 0.0360757 0.0440956 0.0515824 0.057809 0.0621945 0.0645063 0.0648607 0.0635748 0.0610239 0.0575736 0.0535594 0.0492755 0.0449652 0.0408059 0.0368829 0.0331585 0.0294693 0.025592 0.0213766 0.0168794 0.0123962
 0.0093294 0.0147208 0.0213478 0.0288962 0.0369954 0.0451716 0.0527737 0.0590571 0.0634333 0.0656774 0.0659226 0.0645022 0.0617978 0.0581702 0.0539418 0.0493913 0.0447493 0.0401922 0.0358255 0.0316605 0.0276089 0.0235286 0.0193237 0.0150481 0.0109347
 0.00972271 0.0153324 0.0222158 0.0300358 0.0383949 0.0467887 0.0545297 0.0608379 0.0651045 0.0671111 0.0670243 0.065225 0.0621418 0.0581687 0.0536402 0.0488256 0.0439318 0.0391104 0.0344574 0.0300038 0.0257123 0.0215082 0.0173484 0.013295 0.00953352
 0.0100012 0.015773 0.022856 0.0309022 0.0394984 0.0481168 0.0560378 0.0624447 0.0666998 0.0685729 0.0682392 0.0661053 0.0626363 0.0582668 0.0533674 0.0482292 0.0430614 0.0380021 0.0331316 0.0284794 0.0240324 0.0197589 0.0156565 0.0117971 0.00833364
 0.010325 0.0162779 0.023576 0.0318545 0.0406815 0.0495073 0.0575848 0.0640674 0.0682935 0.0700238 0.0694408 0.0669707 0.0631066 0.0583163 0.0530052 0.0474951 0.0420153 0.0367096 0.0316529 0.0268693 0.0223509 0.0180853 0.0140901 0.0104401 0.00726024
 0.0106207 0.0167384 0.0242312 0.0327185 0.0417507 0.0507581 0.0589696 0.0655134 0.0697094 0.0713137 0.0705174 0.0677635 0.0635646 0.0584093 0.052726 0.0468608 0.0410658 0.0355022 0.0302551 0.025353 0.0207926 0.0165678 0.012701 0.00925873 0.0063383
 0.010613 0.0167511 0.0242971 0.0328847 0.0420677 0.0512629 0.0596697 0.0663813 0.0706896 0.0723356 0.0715069 0.0686493 0.0642814 0.058901 0.0529495 0.0467906 0.0406987 0.0348593 0.0293808 0.0243108 0.0196599 0.0154303 0.0116439 0.00835412 0.005631
 0.0108479 0.0171038 0.0247748 0.0334774 0.0427554 0.0520249 0.0604888 0.0672393 0.0715582 0.0731706 0.072251 0.0692422 0.064673 0.0590592 0.0528615 0.0464588 0.0401366 0.0340909 0.0284428 0.023255 0.0185528 0.0143476 0.0106603 0.00752934 0.0049977
 0.0108209 0.0170644 0.0247241 0.0334201 0.0426996 0.0519822 0.0604756 0.0672781 0.0716777 0.0734001 0.0726096 0.0697254 0.0652444 0.0596539 0.0534001 0.0468663 0.0403572 0.0340959 0.0282326 0.0228578 0.0180202 0.0137478 0.0100656 0.00700222 0.00457828
 0.0109907 0.0173216 0.0250754 0.0338579 0.0432027 0.0525185 0.0610045 0.0677544 0.0720594 0.07366 0.0727436 0.069754 0.0652024 0.0595746 0.0533002 0.0467395 0.0401792 0.0338376 0.0278745 0.0224008 0.0174891 0.0131866 0.00952722 0.00653439 0.00421117
 0.010962 0.0172743 0.0250039 0.0337581 0.0430753 0.0523723 0.0608586 0.0676358 0.0719963 0.0736725 0.0728386 0.0699248 0.0654341 0.059849 0.0535972 0.0470352 0.0404432 0.0340352 0.0279739 0.0223839 0.0173599 0.0129721 0.00926995 0.00627967 0.00399414
 0.0111846 0.0176008 0.0254287 0.0342518 0.0435906 0.0528563 0.0612633 0.067925 0.0721492 0.073687 0.0727312 0.0697263 0.0651813 0.0595764 0.0533315 0.0467925 0.0402274 0.0338383 0.0277795 0.0221744 0.0171256 0.0127175 0.00901329 0.00604518 0.0038022
 0.0114435 0.0179901 0.0259549 0.0348974 0.0443158 0.0536043 0.061966 0.06851 0.0725518 0.0738652 0.0726767 0.0694654 0.0647648 0.0590657 0.0527852 0.0462576 0.0397348 0.0334018 0.0273982 0.0218385 0.0168235 0.0124431 0.00876851 0.0058377 0.00363954
 0.0114284 0.0179789 0.0259626 0.0349456 0.0444269 0.0537915 0.0622249 0.0688166 0.0728675 0.0741472 0.0728882 0.0695825 0.0647802 0.0589887 0.0526377 0.0460676 0.0395294 0.0332009 0.0272122 0.0216686 0.0166664 0.0122959 0.00863226 0.0057176 0.00354176
 0.0114361 0.0179904 0.0259785 0.034968 0.0444607 0.0538465 0.062315 0.0689547 0.0730583 0.0743795 0.0731339 0.0698029 0.0649379 0.0590587 0.052614 0.0459624 0.0393667 0.0330087 0.0270146 0.0214817 0.0164982 0.0121487 0.00850684 0.00561474 0.0034623
 0.0114521 0.0180184 0.0260241 0.0350369 0.0445568 0.0539692 0.062458 0.0691077 0.0732108 0.0745249 0.0732689 0.0699233 0.0650343 0.0591157 0.0526157 0.0458998 0.0392431 0.0328391 0.0268209 0.021286 0.0163171 0.0119923 0.00837904 0.00551583 0.00339026
 0.0112584 0.0177313 0.0256445 0.0345854 0.0440703 0.0534934 0.0620402 0.0687918 0.0730318 0.0745028 0.0734045 0.0701987 0.0654166 0.0595627 0.0530809 0.0463385 0.0396196 0.0331323 0.0270265 0.0214135 0.0163839 0.0120172 0.00837876 0.00550304 0.0033737
 0.0109829 0.0173196 0.0250928 0.0339159 0.043327 0.0527339 0.0613288 0.0681941 0.0726073 0.0742952 0.0734323 0.0704521 0.0658616 0.0601486 0.0537485 0.0470275 0.0402753 0.0337117 0.0275026 0.0217772 0.0166416 0.012186 0.00848003 0.00555783 0.00339959
 0.010903 0.0171768 0.0248553 0.0335495 0.0428075 0.052064 0.0605519 0.0673928 0.0718845 0.0737454 0.0731193 0.0704006 0.0660604 0.0605599 0.0543176 0.0476908 0.0409679 0.034375 0.0280907 0.0222611 0.0170113 0.0124476 0.00865099 0.00566043 0.00345572
 0.0106824 0.0168436 0.0244005 0.0329789 0.042137 0.0513128 0.0597414 0.0665542 0.0710683 0.0730247 0.0725806 0.0701229 0.0660927 0.060906 0.0549354 0.0485052 0.041888 0.0353107 0.028965 0.0230186 0.0176214 0.0129041 0.00896755 0.00586313 0.00357504
 0.0105317 0.0166137 0.0240827 0.0325758 0.0416615 0.0507857 0.0591889 0.0660046 0.0705478 0.072555 0.0721821 0.0698219 0.0659256 0.0609132 0.0551458 0.0489197 0.0424727 0.0360027 0.0296884 0.0237014 0.0182095 0.0133685 0.00930403 0.00608649 0.00371051
 0.0104452 0.0164718 0.0238671 0.0322702 0.0412565 0.0502857 0.0586186 0.0654079 0.0699792 0.0720646 0.0718046 0.0695737 0.0658112 0.0609345 0.0553077 0.049227 0.0429201 0.036565 0.0303182 0.0243378 0.0187928 0.0138549 0.0096733 0.0063416 0.00387063
 0.0103144 0.0162756 0.023602 0.0319421 0.0408769 0.0498665 0.0581697 0.0649408 0.069512 0.0716265 0.0714324 0.0693045 0.0656724 0.0609384 0.0554533 0.0495046 0.0433153 0.0370572 0.0308762 0.0249182 0.0193461 0.0143365 0.0100545 0.0066153 0.0040484
 0.010091 0.0159376 0.0231406 0.0313675 0.0402161 0.0491596 0.057465 0.0642902 0.0689637 0.0712151 0.0711754 0.0692049 0.0657253 0.0611364 0.0557859 0.0499567 0.0438659 0.0376792 0.0315366 0.0255783 0.0199641 0.0148738 0.0104845 0.00692961 0.00425691
 0.010165 0.0160176 0.0231874 0.0313214 0.0400153 0.0487671 0.0568915 0.0635963 0.0682403 0.0705542 0.0706463 0.0688446 0.0655427 0.061122 0.0559221 0.0502235 0.0442424 0.0381417 0.032056 0.0261198 0.0204888 0.0153442 0.0108723 0.00722137 0.00445593
 0.0110341 0.0172583 0.0247339 0.0329983 0.04158 0.0499837 0.0575944 0.0637183 0.0678075 0.0696659 0.069449 0.0675028 0.0642076 0.0599076 0.0548968 0.0494162 0.0436548 0.0377593 0.0318541 0.0260649 0.0205406 0.0154589 0.0110089 0.00734843 0.00455568
 0.0117917 0.0184445 0.0264264 0.0352175 0.0442612 0.0529481 0.0605373 0.0662454 0.0695321 0.0703293 0.0689997 0.0660931 0.0621211 0.0574653 0.052384 0.0470453 0.041559 0.0360052 0.030459 0.0250131 0.0197939 0.0149648 0.0107079 0.00718195 0.00447337
 0.0117849 0.0185168 0.0266893 0.0358269 0.0453774 0.0546697 0.062836 0.0689356 0.072291 0.0727633 0.0707355 0.0668697 0.0618547 0.0562629 0.0504978 0.0447913 0.0392353 0.0338393 0.0285919 0.0235075 0.018654 0.0141558 0.0101722 0.00685332 0.00428792
 0.0115062 0.0181038 0.0261483 0.0352053 0.0447712 0.0542232 0.0627277 0.0693389 0.0733112 0.0743701 0.0727324 0.0689274 0.063603 0.057402 0.0508826 0.0444557 0.0383551 0.032658 0.0273442 0.022369 0.0177233 0.0134632 0.00970013 0.00655849 0.00411975
 0.0116272 0.0182475 0.0262674 0.0352269 0.0446216 0.0538674 0.0622041 0.0687694 0.0728758 0.0742558 0.0730693 0.0697334 0.0647583 0.0586725 0.0519898 0.0451693 0.0385662 0.032399 0.0267548 0.0216304 0.0169964 0.0128523 0.00924722 0.00625788 0.00394006
 0.0115812 0.0181906 0.0262124 0.0351895 0.0446074 0.053857 0.062149 0.0686106 0.0725831 0.0738652 0.0726928 0.069525 0.0648494 0.0591056 0.0526887 0.0459618 0.0392508 0.0328232 0.026865 0.0214739 0.0166813 0.0124945 0.00893104 0.00602269 0.00378815
 0.0114528 0.0180123 0.0260008 0.0349804 0.0444473 0.0537867 0.0621873 0.0687438 0.072765 0.0740305 0.0727838 0.0695236 0.0647938 0.0590782 0.0527716 0.0461867 0.0395746 0.0331476 0.0270873 0.0215365 0.0165917 0.0123086 0.00871873 0.00583705 0.0036535
 0.011296 0.0177673 0.0256525 0.0345261 0.0439028 0.0531921 0.0616089 0.0682654 0.072465 0.0739532 0.0729218 0.0698226 0.0651801 0.0594921 0.0531884 0.0466112 0.0400151 0.0335893 0.0274872 0.0218433 0.0167744 0.0123729 0.00869982 0.00577967 0.00359274
 0.0111581 0.0175579 0.0253647 0.0341625 0.0434738 0.0527135 0.0611028 0.0677643 0.0720148 0.07361 0.0727393 0.0698342 0.0653848 0.0598534 0.0536493 0.0471156 0.0405223 0.0340729 0.0279248 0.0222102 0.0170488 0.0125468 0.00878554 0.00580408 0.00358552
 0.0110184 0.0173404 0.0250558 0.0337574 0.0429783 0.0521465 0.0604978 0.0671676 0.0714788 0.0731839 0.0724625 0.0697341 0.0654751 0.0601303 0.0540875 0.0476697 0.0411352 0.0346887 0.028497 0.0227046 0.0174434 0.0128335 0.008971 0.0059082 0.00363432
 0.0111725 0.0175576 0.0253206 0.0340328 0.0432145 0.0522949 0.0605247 0.0670598 0.0712436 0.0728456 0.0720587 0.0693111 0.0650825 0.059814 0.0538822 0.0475918 0.0411796 0.0348298 0.0286969 0.0229224 0.0176445 0.0129947 0.00908337 0.00597503 0.00366694
 0.0111125 0.0174816 0.0252446 0.033982 0.0432122 0.0523478 0.0606123 0.067139 0.0712657 0.0727783 0.0718989 0.0690842 0.0648309 0.0595839 0.053713 0.0475103 0.0411963 0.0349381 0.0288739 0.0231352 0.017858 0.0131808 0.00922587 0.00607102 0.00372348
 0.010921 0.0172127 0.024919 0.0336477 0.0429328 0.0521825 0.0605971 0.0672756 0.071521 0.073092 0.0721989 0.0693072 0.0649415 0.0595834 0.0536345 0.0474028 0.0411072 0.0348996 0.0288976 0.0232126 0.0179676 0.013297 0.00932786 0.00614755 0.00377314
 0.0110003 0.0173046 0.0249909 0.0336513 0.0428241 0.051949 0.0602764 0.0669493 0.0712829 0.0730073 0.0722777 0.069505 0.0651829 0.0597945 0.0537685 0.0474508 0.0410919 0.0348591 0.0288673 0.0232129 0.0180008 0.013352 0.00938841 0.00620044 0.00381171
 0.0109246 0.0171935 0.0248445 0.0334732 0.0426151 0.0517011 0.0599738 0.066582 0.070866 0.0725938 0.0719497 0.0693427 0.0652287 0.0600331 0.0541366 0.0478668 0.0414883 0.0351998 0.0291464 0.0234414 0.0181915 0.0135118 0.00951791 0.0062984 0.00387923
 0.0109004 0.0171614 0.0248097 0.0334449 0.0426037 0.0517127 0.0600047 0.0666151 0.070873 0.0725447 0.071828 0.0691596 0.0650254 0.0598663 0.054052 0.047879 0.0415784 0.0353312 0.0292844 0.0235659 0.0182968 0.0135991 0.00958933 0.00635438 0.00391986
 0.0110711 0.0174229 0.0251728 0.0339078 0.0431514 0.0523173 0.0606248 0.0671964 0.0713534 0.072864 0.0719395 0.0690407 0.0646862 0.059352 0.053436 0.0472442 0.0409949 0.0348403 0.0288975 0.0232743 0.0180847 0.0134512 0.00949239 0.00629595 0.00388813
 0.0112225 0.0176575 0.025504 0.0343396 0.043677 0.0529178 0.0612673 0.0678339 0.0719296 0.0733214 0.0722291 0.0691282 0.0645565 0.0590133 0.0529223 0.0466132 0.040318 0.0341872 0.0283211 0.0228028 0.0177238 0.0131911 0.00931606 0.00618421 0.00382261
 0.0112288 0.0176652 0.0255114 0.0343456 0.0436834 0.052933 0.0613073 0.0679191 0.0720768 0.0735348 0.0724937 0.0694106 0.0648113 0.0591942 0.0529943 0.0465628 0.0401572 0.03395 0.0280524 0.0225449 0.0175055 0.013025 0.00920099 0.00611132 0.00378037
 0.011208 0.0176597 0.0255543 0.0344818 0.0439543 0.0533539 0.061851 0.0685181 0.0726456 0.074 0.0728134 0.0695756 0.0648331 0.0590904 0.0527805 0.0462526 0.0397677 0.0335072 0.0275914 0.0221047 0.0171203 0.0127163 0.00897435 0.00595898 0.00368676
 0.0110033 0.0173394 0.0250985 0.0338884 0.0432482 0.0525958 0.0611387 0.0679702 0.072367 0.0740432 0.0731597 0.0701477 0.0655277 0.0598102 0.0534513 0.0468254 0.0402153 0.033821 0.0277804 0.0221925 0.0171388 0.0126975 0.00894321 0.00593035 0.00366639
 0.0107232 0.0168895 0.0244328 0.0329716 0.042068 0.0511804 0.0595745 0.0664062 0.0709951 0.0730567 0.0727054 0.070288 0.0662258 0.0609437 0.0548482 0.0483078 0.041634 0.0350733 0.0288121 0.0229906 0.0177205 0.0130978 0.00920386 0.00609102 0.00375999
 0.0109524 0.0172406 0.0249182 0.0335799 0.0427569 0.0518718 0.0601567 0.0667526 0.0710017 0.0726863 0.0720129 0.0694095 0.065335 0.0601958 0.0543363 0.048048 0.0415794 0.0351455 0.0289331 0.0231043 0.017799 0.013137 0.00921347 0.00608469 0.00374883
 0.010571 0.0166953 0.0242366 0.0328368 0.0420553 0.0513094 0.0597959 0.0666058 0.0710335 0.0728274 0.0721843 0.0695516 0.0654321 0.0602814 0.0544732 0.0482933 0.0419541 0.0356239 0.0294561 0.0236044 0.018224 0.0134615 0.00943766 0.00622566 0.00382979
 0.0103446 0.0163492 0.0237592 0.0322383 0.0413723 0.050607 0.059164 0.0661441 0.0708216 0.0728928 0.0724856 0.069993 0.065901 0.060692 0.0547933 0.048544 0.0421849 0.0358792 0.0297514 0.023923 0.0185309 0.0137232 0.00963569 0.00635925 0.00391051
 0.00974145 0.0154711 0.0226275 0.0309384 0.0400297 0.0493483 0.0580886 0.0653204 0.0702988 0.0727087 0.0726605 0.0705119 0.0667013 0.0616697 0.0558298 0.0495404 0.0430851 0.03667 0.0304434 0.0245277 0.0190487 0.0141459 0.00995715 0.00658333 0.00405242
 0.00905202 0.0144249 0.0211956 0.0291533 0.0379867 0.047199 0.0560302 0.0635712 0.0690553 0.0720964 0.0727059 0.0711525 0.0678195 0.0631253 0.057479 0.0512463 0.0447297 0.0381675 0.031746 0.0256197 0.0199333 0.0148343 0.0104655 0.0069345 0.00427626
#obs surv len freq
 nan nan nan nan nan nan nan nan nan nan nan nan nan nan nan nan nan nan nan nan nan nan nan nan nan
 0.00448502 0.00734641 0.0111763 0.0159922 0.0216922 0.0279668 0.03428 0.0400107 0.04469 0.048154 0.0505124 0.0520089 0.0529019 0.0534149 0.0537298 0.0539851 0.054264 0.0545569 0.0546958 0.0542878 0.0527258 0.0493579 0.0438075 0.0362873 0.0276706
 0.00461939 0.00756621 0.0115092 0.0164638 0.0223195 0.0287487 0.0351876 0.040985 0.0456502 0.0490134 0.0511948 0.0524603 0.053095 0.0533495 0.0534281 0.0534843 0.0536071 0.0537865 0.0538506 0.0534046 0.0518433 0.0485191 0.043057 0.035663 0.0271936
 0.00477866 0.00782906 0.011912 0.017043 0.0231037 0.0297473 0.036378 0.0423072 0.0470136 0.0503116 0.0523228 0.0533269 0.0536327 0.0535206 0.0532269 0.052935 0.0527566 0.052695 0.0525849 0.0520353 0.050446 0.0471748 0.0418462 0.0346523 0.0264197
 0.00497434 0.00814584 0.0123866 0.0177094 0.0239883 0.0308595 0.0377 0.0437881 0.0485731 0.0518509 0.0537364 0.0545125 0.0544988 0.0539944 0.0532621 0.0525174 0.0519057 0.0514613 0.0510452 0.0502875 0.0486058 0.0453693 0.0402009 0.0332695 0.025357
 0.00518846 0.00849895 0.0129271 0.0184848 0.025035 0.0321876 0.0392783 0.0455408 0.050393 0.0536217 0.0553508 0.0558782 0.0555366 0.054635 0.0534471 0.0522056 0.0510821 0.050146 0.0492992 0.0482154 0.0463525 0.043108 0.0381088 0.0314944 0.0239846
 0.00541856 0.00887582 0.0134998 0.0193016 0.0261352 0.0335872 0.0409551 0.0474269 0.0523819 0.0555868 0.0571655 0.0574306 0.0567359 0.0554109 0.0537457 0.0519853 0.0503155 0.0488296 0.0474693 0.0459634 0.0438307 0.0405188 0.0356728 0.0294026 0.0223545
 0.0056448 0.00924699 0.0140649 0.0201088 0.0272235 0.0349724 0.0426156 0.0492979 0.0543638 0.0575633 0.0590199 0.0590554 0.0580363 0.0563067 0.0541718 0.0518904 0.0496627 0.0476024 0.045686 0.0436975 0.0412267 0.0377878 0.0330593 0.0271293 0.020566
 0.00590228 0.00966522 0.0146937 0.0209946 0.0284006 0.0364501 0.0443636 0.0512418 0.056395 0.0595599 0.0608658 0.0606505 0.0592985 0.057169 0.0545778 0.0517919 0.0490197 0.0463894 0.0439082 0.0414135 0.038569 0.0349651 0.0303264 0.0247278 0.0186606
 0.00613068 0.0100455 0.0152823 0.0218491 0.0295675 0.0379453 0.0461539 0.0532404 0.0584763 0.0615863 0.0627123 0.0622168 0.0605099 0.0579712 0.0549298 0.0516592 0.0483708 0.0452004 0.0421773 0.039186 0.0359622 0.0321752 0.0276029 0.0223155 0.0167332
 0.00637572 0.0104435 0.0158812 0.0226944 0.0306952 0.0393697 0.0478535 0.0551493 0.0604894 0.0635756 0.0645467 0.0637792 0.0617086 0.0587433 0.0552382 0.0514829 0.0476956 0.0440164 0.0404891 0.0370352 0.0334534 0.0294875 0.0249704 0.0199734 0.0148527
 0.00659548 0.0108052 0.0164335 0.0234849 0.0317604 0.04072 0.0494585 0.0569343 0.0623483 0.0653925 0.0662138 0.0652041 0.0628146 0.0594692 0.0555384 0.0513275 0.047068 0.0429112 0.0389174 0.0350402 0.0311318 0.0270014 0.0225316 0.0177978 0.0131002
 0.00681421 0.0111639 0.0169792 0.0242632 0.0328064 0.0420436 0.0510299 0.0586781 0.0641543 0.0671369 0.0677814 0.066502 0.0637764 0.0600522 0.0557173 0.0510874 0.0464004 0.041815 0.0374061 0.0331567 0.028966 0.0246998 0.020284 0.0157968 0.0114888
 0.00706448 0.0115707 0.0175908 0.0251236 0.0339454 0.0434628 0.0526873 0.0604849 0.0659872 0.0688626 0.0692798 0.0676807 0.0645748 0.0604399 0.0556878 0.0506496 0.0455696 0.0406094 0.035851 0.0312982 0.026888 0.022533 0.0181948 0.0139524 0.0100112
 0.00727912 0.011928 0.0181436 0.0259247 0.0350355 0.0448507 0.054332 0.0622909 0.0678201 0.070578 0.0707494 0.0688078 0.0652989 0.0607344 0.0555541 0.0501085 0.0446532 0.0393541 0.0342986 0.0295039 0.0249338 0.0205358 0.0162973 0.0122946 0.00869292
 0.00744149 0.0121944 0.0185497 0.0265067 0.0358248 0.0458641 0.0555599 0.063689 0.0693104 0.072058 0.0721065 0.0699351 0.0661091 0.0611699 0.0555901 0.0497495 0.0439249 0.0382962 0.0329608 0.0279491 0.023245 0.0188199 0.0146778 0.010888 0.00757953
 0.00754084 0.0123579 0.0187997 0.0268662 0.0363142 0.0464957 0.0563317 0.0645819 0.0702896 0.073077 0.0731102 0.0708602 0.0668862 0.0617296 0.0558734 0.0497175 0.0435642 0.0376195 0.0320043 0.0267709 0.0219247 0.0174572 0.0133821 0.00975951 0.0066857
 0.00760057 0.0124513 0.0189339 0.0270467 0.0365461 0.0467848 0.0566843 0.0650027 0.0707798 0.0736315 0.0737151 0.07149 0.0675026 0.0622817 0.0563015 0.0499614 0.0435746 0.0373682 0.0314923 0.0260307 0.0210195 0.016474 0.0124189 0.00890565 0.00600246
 0.00765977 0.0125409 0.0190565 0.0272003 0.0367251 0.0469821 0.0568929 0.0652184 0.0710029 0.0738684 0.0739763 0.071785 0.0678319 0.0626304 0.0566367 0.0502349 0.0437312 0.0373585 0.0312854 0.025626 0.0204508 0.0158054 0.0117315 0.00827789 0.00549074
 0.00771841 0.0126281 0.0191725 0.0273397 0.0368781 0.0471366 0.0570374 0.0653439 0.0711053 0.0739507 0.07405 0.0718673 0.0679404 0.0627757 0.0568151 0.0504247 0.0438941 0.0374469 0.0312559 0.0254535 0.0201396 0.0153915 0.0112733 0.00783923 0.00512198
 0.00776152 0.0126951 0.0192673 0.0274627 0.0370255 0.047299 0.0572001 0.0654882 0.0712143 0.074015 0.0740715 0.0718595 0.0679239 0.0627717 0.0568386 0.0504785 0.0439646 0.0375058 0.0312668 0.0253845 0.0199765 0.0151454 0.0109789 0.00754213 0.00486285
 0.00782108 0.0127838 0.0193854 0.0276054 0.0371836 0.047462 0.057357 0.0656284 0.071327 0.0740906 0.0741037 0.0718481 0.0678766 0.0627031 0.056767 0.0504196 0.0439256 0.0374805 0.0312367 0.0253257 0.0198703 0.0149885 0.0107863 0.00734143 0.00468262
 0.00786558 0.0128539 0.0194863 0.0277394 0.0373482 0.0476482 0.0575487 0.0658044 0.0714663 0.0741786 0.0741361 0.0718293 0.0678164 0.0626138 0.0566615 0.0503112 0.0438252 0.0373934 0.0311595 0.0252472 0.0197774 0.0148738 0.0106534 0.00720401 0.00455796
 0.00786001 0.0128478 0.0194826 0.027743 0.0373649 0.0476832 0.0576043 0.0658788 0.0715532 0.0742681 0.0742169 0.0718916 0.0678543 0.0626263 0.056652 0.0502858 0.043791 0.037356 0.0311211 0.0252053 0.0197264 0.0148094 0.0105763 0.0071213 0.00448023
 0.00789639 0.0128959 0.0195352 0.027787 0.0373868 0.0476752 0.0575698 0.0658318 0.0715124 0.0742489 0.0742257 0.0719247 0.0679011 0.062674 0.0566905 0.0503096 0.0437994 0.0373516 0.031107 0.025183 0.0196958 0.0147695 0.0105283 0.00706946 0.00443083
 0.00787533 0.0128657 0.0194964 0.0277418 0.0373362 0.0476171 0.057499 0.0657432 0.0714074 0.0741398 0.0741341 0.071874 0.0679064 0.062736 0.0567958 0.0504375 0.0439295 0.0374688 0.0312028 0.0252541 0.019742 0.0147927 0.010532 0.0070592 0.00441338
 0.00788225 0.01287 0.0194904 0.0277151 0.0372792 0.0475268 0.0573817 0.0656137 0.0712823 0.0740319 0.0740501 0.0718177 0.0678826 0.0627506 0.0568521 0.0505318 0.0440498 0.0375984 0.0313255 0.0253579 0.0198207 0.0148451 0.010561 0.00707027 0.00441301
 0.00791506 0.0129181 0.0195529 0.0277862 0.0373488 0.0475814 0.0574065 0.0655964 0.0712182 0.0739267 0.0739195 0.0716825 0.0677623 0.0626593 0.0567981 0.0505174 0.0440724 0.0376496 0.0313929 0.0254281 0.0198823 0.0148916 0.0105906 0.00708525 0.00441774
 0.00788503 0.0128752 0.0194992 0.0277271 0.0372913 0.0475303 0.0573631 0.0655575 0.071178 0.0738803 0.0738658 0.071626 0.0677123 0.0626271 0.056793 0.0505445 0.0441309 0.0377338 0.0314927 0.0255314 0.0199773 0.0149697 0.0106478 0.00712225 0.00443855
 0.00787107 0.0128485 0.0194519 0.027651 0.0371811 0.0473887 0.0572036 0.0654023 0.0710507 0.0737968 0.0738293 0.0716288 0.067742 0.0626738 0.0568525 0.0506171 0.0442185 0.0378358 0.031605 0.025646 0.0200848 0.0150614 0.0107187 0.0071715 0.00446908
 0.00785921 0.0128249 0.0194084 0.0275771 0.0370664 0.0472272 0.056998 0.0651669 0.0708104 0.0735825 0.0736707 0.0715465 0.0677419 0.0627471 0.0569806 0.0507792 0.0443973 0.0380194 0.0317849 0.0258151 0.0202358 0.015188 0.010817 0.00724138 0.00451415
 0.00782228 0.012767 0.0193253 0.0274657 0.036925 0.0470557 0.0567987 0.0649465 0.0705809 0.0733618 0.0734814 0.0714123 0.0676828 0.0627731 0.0570888 0.0509543 0.0446164 0.0382584 0.0320232 0.026037 0.0204307 0.0153491 0.0109413 0.00733016 0.00457222
 0.00778525 0.0127043 0.0192264 0.0273203 0.0367263 0.0468052 0.0565096 0.064643 0.0702926 0.0731156 0.0732964 0.0712994 0.0676474 0.0628175 0.0572114 0.0511475 0.044865 0.0385407 0.0323146 0.0263149 0.0206772 0.0155531 0.0110985 0.00744233 0.00464578
 0.00776348 0.0126681 0.0191702 0.0272379 0.0366115 0.0466531 0.0563193 0.0644199 0.0700499 0.0728735 0.0730789 0.0711298 0.0675432 0.0627883 0.057259 0.0512672 0.0450464 0.0387681 0.0325676 0.026571 0.0209152 0.0157569 0.0112594 0.007559 0.00472324
 0.00772902 0.0126107 0.0190816 0.02711 0.0364386 0.0464353 0.0560652 0.0641466 0.0697794 0.072628 0.0728771 0.0709861 0.0674679 0.0627878 0.0573346 0.0514145 0.0452551 0.0390227 0.0328486 0.0268561 0.0211827 0.0159889 0.0114446 0.00769481 0.00481415
 0.00932628 0.0148468 0.0217808 0.0298859 0.0388063 0.0479901 0.0566246 0.0637776 0.0687173 0.0711565 0.0712398 0.0693525 0.0659404 0.0614213 0.0561551 0.0504306 0.0444641 0.0384134 0.0324024 0.0265489 0.0209864 0.0158744 0.0113852 0.0076684 0.00480505
 0.00932567 0.0151394 0.0227383 0.0319677 0.042359 0.0529773 0.0624552 0.0694014 0.072997 0.0733144 0.0711141 0.06734 0.0627216 0.0576699 0.052371 0.0469118 0.0413551 0.0357669 0.0302224 0.0248137 0.019658 0.0149026 0.0107112 0.00722878 0.00453767
 0.00896539 0.0145761 0.021954 0.0310177 0.0414241 0.0523979 0.0626894 0.0708618 0.075804 0.0771133 0.0751197 0.070633 0.0646308 0.0580039 0.0513883 0.0451064 0.0392235 0.0336725 0.0283717 0.0232918 0.0184766 0.0140341 0.0101083 0.00683619 0.0042996
 0.00881332 0.0143143 0.0215339 0.0303886 0.040553 0.0513047 0.0614899 0.0697952 0.0752105 0.077339 0.0763597 0.0727877 0.0672748 0.0605246 0.0532335 0.0459946 0.0391997 0.0330075 0.0273992 0.0222842 0.0175976 0.01335 0.00962161 0.00651676 0.00410603
 0.00872928 0.0141749 0.021318 0.0300719 0.0401098 0.0507135 0.0607452 0.0689255 0.0742996 0.076541 0.0758878 0.0728588 0.0680132 0.0618691 0.0549159 0.0476277 0.0404347 0.0336679 0.027515 0.0220254 0.0171693 0.0129129 0.00926352 0.00626352 0.00394676
 0.00872148 0.0141569 0.0212804 0.0300014 0.03999 0.0505276 0.0604785 0.0685684 0.0738523 0.0760229 0.0753526 0.0724041 0.0677715 0.0619655 0.0554035 0.0484366 0.0413785 0.0345158 0.0280912 0.0222732 0.0171465 0.0127356 0.00904338 0.00607179 0.00381051
 0.00868674 0.0141035 0.0212057 0.0299042 0.0398699 0.0503837 0.060309 0.0683704 0.0736233 0.0757623 0.0750663 0.0721119 0.067515 0.0618099 0.055422 0.0486772 0.0418273 0.0350855 0.02865 0.0227024 0.0173888 0.0128061 0.00900285 0.00598724 0.0037285
 0.0086736 0.0140814 0.0211712 0.0298538 0.0398014 0.0502971 0.0602071 0.0682584 0.0735054 0.0756393 0.0749352 0.0719695 0.0673647 0.0616692 0.0553255 0.0486684 0.0419395 0.0353189 0.0289616 0.0230196 0.0176423 0.0129593 0.0090605 0.00598129 0.00369555
 0.00866786 0.0140702 0.0211508 0.0298196 0.0397491 0.0502242 0.060115 0.0681525 0.0733944 0.0755322 0.0748385 0.0718857 0.0672929 0.0616083 0.05528 0.0486522 0.0419728 0.0354174 0.0291231 0.0232187 0.017838 0.0131143 0.00915671 0.00602341 0.00370212
 0.0086678 0.0140692 0.0211475 0.0298118 0.0397339 0.0501983 0.0600758 0.0680984 0.0733261 0.0754536 0.0747558 0.0718062 0.067223 0.0615521 0.0552401 0.0486318 0.0419782 0.0354568 0.029201 0.023329 0.0179632 0.0132306 0.0092454 0.00607764 0.00372695
 0.00865446 0.0140504 0.0211244 0.0297873 0.0397111 0.0501795 0.0600605 0.0680842 0.0733088 0.0754296 0.0747234 0.0717664 0.0671792 0.0615096 0.0552043 0.0486078 0.0419709 0.0354707 0.0292391 0.0233903 0.01804 0.0133102 0.00931427 0.00612731 0.0037563
 0.00863741 0.0140248 0.0210899 0.0297453 0.039665 0.0501338 0.0600209 0.0680557 0.0732946 0.0754289 0.0747319 0.0717776 0.067187 0.0615108 0.0551996 0.0486012 0.0419679 0.0354771 0.0292592 0.0234255 0.0180875 0.0133633 0.0093643 0.00616732 0.00378332
 0.00862272 0.0140017 0.0210567 0.0297013 0.0396108 0.0500723 0.0599572 0.067997 0.073249 0.0754027 0.0747276 0.0717931 0.0672166 0.0615468 0.0552352 0.0486324 0.0419944 0.0355016 0.0292857 0.0234571 0.0181248 0.0134036 0.00940304 0.00619983 0.00380694
 0.00862056 0.0139966 0.0210461 0.029682 0.0395797 0.0500281 0.0599015 0.0679347 0.0731875 0.0753501 0.0746908 0.0717764 0.0672209 0.0615693 0.0552704 0.0486736 0.042036 0.0355405 0.0293216 0.0234914 0.0181588 0.013437 0.00943406 0.00622602 0.00382662
 0.00863 0.0140114 0.0210673 0.0297095 0.0396121 0.0500616 0.0599303 0.0679519 0.0731868 0.0753292 0.0746523 0.0717274 0.0671702 0.0615251 0.0552376 0.0486537 0.0420274 0.0355401 0.0293267 0.0235003 0.0181706 0.0134511 0.00944909 0.00624017 0.00383825
 0.00863 0.0140114 0.0210673 0.0297095 0.0396121 0.0500616 0.0599303 0.0679519 0.0731868 0.0753292 0.0746523 0.0717274 0.0671702 0.0615251 0.0552376 0.0486537 0.0420274 0.0355401 0.0293267 0.0235003 0.0181706 0.0134511 0.00944909 0.00624017 0.00383825
 0.00882193 0.0143178 0.0215163 0.030319 0.0403805 0.0509572 0.0608824 0.0688552 0.0739234 0.0757993 0.0748005 0.0715526 0.0667185 0.0608725 0.0544711 0.0478543 0.0412594 0.0348473 0.0287334 0.0230158 0.0177937 0.0131731 0.00925611 0.00611518 0.00376335
 0.00881925 0.0143341 0.0215791 0.030467 0.0406545 0.0513838 0.0614594 0.0695441 0.0746535 0.0764811 0.0753437 0.0718833 0.0667955 0.0606954 0.0540781 0.0473107 0.0406408 0.0342234 0.0281579 0.0225223 0.0173974 0.0128744 0.00904537 0.00597675 0.00367924
 0.00879479 0.0142872 0.0214975 0.0303402 0.040483 0.0511904 0.0612943 0.0694757 0.0747439 0.076758 0.0757824 0.0724115 0.0673154 0.0611136 0.054331 0.0473767 0.0405389 0.034001 0.027873 0.0222282 0.0171326 0.0126601 0.00888728 0.00586999 0.00361325
 0.00893212 0.0145007 0.0217988 0.0307297 0.0409452 0.0516911 0.0617814 0.0698899 0.0750387 0.0769179 0.0758274 0.0723813 0.0672435 0.0610095 0.0541794 0.0471532 0.0402297 0.0336145 0.0274403 0.0217923 0.0167351 0.0123301 0.00863732 0.00569692 0.00350385
 0.00877158 0.0142608 0.021478 0.0303427 0.0405219 0.0512721 0.0614125 0.0696158 0.0748937 0.0769183 0.0759694 0.0726462 0.067605 0.0614366 0.0546347 0.0475919 0.0406054 0.0338913 0.027604 0.0218532 0.0167215 0.0122766 0.00857314 0.00564068 0.00346306
 0.0085452 0.0138788 0.0208807 0.0294749 0.0393562 0.0498405 0.0598296 0.0680716 0.0736086 0.076079 0.0756788 0.0729075 0.0683392 0.0625165 0.0559168 0.0489401 0.041904 0.035052 0.0285702 0.0226021 0.0172615 0.0126387 0.0087994 0.00577272 0.00353519
 0.00888762 0.0143957 0.0215804 0.0303286 0.0402927 0.0507479 0.0605655 0.0684897 0.0736042 0.0756339 0.0748785 0.0719151 0.0673388 0.0616563 0.0552788 0.0485381 0.0417021 0.0349892 0.0285816 0.0226352 0.017284 0.0126391 0.00878126 0.00574619 0.00350972
 0.00868111 0.0141161 0.0212629 0.0300392 0.0401083 0.0507229 0.0607045 0.0687409 0.073876 0.0758278 0.0749234 0.0717923 0.0670889 0.0613638 0.0550395 0.0484243 0.0417403 0.0351592 0.0288326 0.022908 0.01753 0.0128306 0.0089119 0.00582469 0.00355124
 0.00869878 0.0141132 0.0212036 0.02988 0.0398202 0.0503209 0.0602627 0.068375 0.0736939 0.0758753 0.0751592 0.0721101 0.0673715 0.061536 0.0550923 0.0484039 0.0417145 0.0351819 0.028923 0.0230518 0.0176944 0.0129827 0.00903101 0.00590526 0.00359878
 0.00867042 0.0140749 0.0211584 0.0298299 0.0397599 0.050231 0.0601127 0.0681407 0.0733819 0.0755373 0.0748793 0.0719657 0.0673922 0.06169 0.0553097 0.0486181 0.0418929 0.0353285 0.0290596 0.0231949 0.0178439 0.0131255 0.00915151 0.0059944 0.0036566
 0.00859242 0.0139523 0.0209825 0.0295979 0.0394771 0.0499132 0.0597856 0.0678333 0.0731174 0.0753269 0.0747274 0.0718807 0.0673924 0.0617946 0.0555209 0.048911 0.0422239 0.035655 0.0293559 0.023453 0.0180651 0.0133106 0.00929886 0.00610287 0.00372896
#pred catch len freq
 0.0051858 0.00813758 0.0117348 0.0158323 0.0203327 0.0251789 0.0302779 0.0354508 0.0404662 0.0451067 0.049211 0.0526825 0.0554858 0.0576299 0.0591352 0.0599979 0.0601743 0.0595822 0.0581046 0.0555807 0.0518081 0.0466063 0.0399678 0.0322271 0.024103
 0.00526379 0.0081979 0.0117076 0.0156247 0.0198686 0.0244542 0.0293931 0.0345903 0.0398205 0.0447814 0.0491765 0.0527953 0.0555648 0.0575464 0.0588746 0.059669 0.0599632 0.0596697 0.0585802 0.056396 0.0527949 0.0475519 0.0407049 0.0326891 0.0243214
 0.00568887 0.00881767 0.0125027 0.0165174 0.0207277 0.0251165 0.0296982 0.0344292 0.039187 0.0437991 0.0480663 0.0517849 0.0547878 0.0569992 0.0584586 0.059286 0.059595 0.0593913 0.0585032 0.0565855 0.0532165 0.0480833 0.0411994 0.033045 0.0245135
 0.00602374 0.00935282 0.0132887 0.0175885 0.0220867 0.0267121 0.0314035 0.0360385 0.0404495 0.0444876 0.0480571 0.0511092 0.0536223 0.0555909 0.0570245 0.057949 0.0583912 0.0583267 0.0576025 0.055891 0.0527506 0.0478168 0.0410595 0.0329537 0.0244235
 0.00642595 0.00996577 0.0141382 0.0186803 0.023417 0.0282789 0.0332018 0.0380328 0.0425369 0.0464744 0.0496772 0.052091 0.0537817 0.0549035 0.0556325 0.0560978 0.0563365 0.0562681 0.05567 0.0541655 0.0512818 0.0466256 0.0401349 0.0322611 0.0239207
 0.00689771 0.0106863 0.0151369 0.0199562 0.0249455 0.0300228 0.0351177 0.0400723 0.0446422 0.048568 0.0516433 0.0537587 0.054933 0.055323 0.0551837 0.0547852 0.0543124 0.0537818 0.0529913 0.0515272 0.0488566 0.0445259 0.0384197 0.0309422 0.0229704
 0.00735198 0.0113907 0.0161343 0.0212662 0.0265652 0.0319278 0.0372589 0.0423715 0.0469957 0.0508595 0.0537558 0.0555762 0.0563311 0.0561595 0.0553094 0.0540829 0.0527519 0.0514567 0.0501131 0.0483774 0.0457238 0.0416552 0.0359824 0.0290249 0.0215779
 0.00775579 0.0120196 0.0170312 0.022457 0.0280612 0.0337266 0.0393382 0.0446786 0.0494408 0.053318 0.0560814 0.0576176 0.0579481 0.0572287 0.0557213 0.0537411 0.05159 0.0494735 0.0474096 0.0451672 0.0423038 0.0383446 0.0330554 0.0266587 0.0198321
 0.00807881 0.0125257 0.0177588 0.0234336 0.0293044 0.0352444 0.0411237 0.0467012 0.0516403 0.0556031 0.0583328 0.059696 0.0597058 0.0585237 0.0564279 0.0537558 0.0508371 0.0479219 0.0451008 0.0422442 0.0390155 0.0350096 0.0299924 0.0241098 0.017913
