SBPRF35
6.97683
Curr Bio
604682
B35
495762
F35
0.223712
FOFL
0.223712
OFL
105367
Bzero
1.99338e+06
#pred survey bio
 2.94804e+06 3.16573e+06 3.3488e+06 3.35812e+06 3.12513e+06 2.78255e+06 2.46906e+06 2.20496e+06 1.98479e+06 1.81503e+06 1.63562e+06 1.51296e+06 1.36497e+06 1.13064e+06 949107 850616 743387 674907 637012 619445 592964 588318 572471 571795 586211 583614 578906 578707 567219 525790 504418 510244 524448 542065 539862 514342 509644 519054 555224 588458 583730 563910 507384 520092 570282 615518 598617 571722 587225 614698 649196 675161 647105 565189 531523 535628 611859 1.41961e+07 1.25035e+07 1.23269e+07 1.25894e+07 1.30936e+07 1.36638e+07 1.41953e+07 1.4642e+07 1.49944e+07 1.52614e+07 1.54586e+07 1.56019e+07 1.57053e+07 1.57795e+07 1.58329e+07 1.58714e+07 1.58992e+07 1.59195e+07 1.59344e+07 1.59453e+07 1.59534e+07 1.59594e+07 1.59639e+07 1.59673e+07 1.59698e+07 1.59718e+07 1.59732e+07 1.59743e+07 1.59751e+07 1.59758e+07 1.59762e+07 1.59766e+07 1.59769e+07 1.59771e+07 1.59772e+07 1.59774e+07 1.59775e+07 1.59775e+07 1.59776e+07 1.59776e+07 1.59777e+07 1.59777e+07 1.59777e+07 1.59777e+07 1.59777e+07 1.59777e+07 1.59777e+07 1.59778e+07 1.59778e+07 1.59778e+07 1.59778e+07 1.59778e+07 1.59778e+07 1.59778e+07 1.59778e+07 1.59778e+07 1.59778e+07 1.59778e+07 1.59778e+07 1.59778e+07 1.59778e+07 1.59778e+07 1.59778e+07 1.59778e+07 1.59778e+07 1.59778e+07 1.59778e+07 1.59778e+07 1.59778e+07 1.59778e+07 1.59778e+07 1.59778e+07 1.59778e+07 1.59778e+07 1.59778e+07 1.59778e+07 1.59778e+07 1.59778e+07 1.59778e+07 1.59778e+07 1.59778e+07 1.59778e+07 1.59778e+07 1.59778e+07 1.59778e+07 1.59778e+07 1.59778e+07 1.59778e+07 1.59778e+07 1.59778e+07 1.59778e+07 1.59778e+07 1.59778e+07 1.59778e+07 1.59778e+07 1.59778e+07 1.59778e+07 1.59778e+07 1.59778e+07 1.59778e+07 0 0 0 0 0 0 0 0 0 0 0 0 0 0 0 0 0 0 0 0 0 0 0 0 0
#obs survey bio
 2.44438e+06 3.56411e+06 3.76734e+06 4.48581e+06 2.53226e+06 2.05748e+06 2.38135e+06 2.52472e+06 2.01163e+06 2.31018e+06 1.26417e+06 1.07631e+06 2.12248e+06 972203 1.01206e+06 606027 774087 596155 582416 604692 632968 547427 629937 417235 482205 698850 493625 683225 582712 442521 451106 649560 596465 478715 612001 450718 421014 546991 539670 548149 534775 473447 495822 480273 563633 761121 600348 479061 565444 600324 582635 811521 528984 598583 406630 670821 700432
#pred catch bio
 88277.6 98454.3 168280 202493 231323 260926 290859 296845 288807 306856 292957 299162 256766 245581 219888 236404 169959 162295 150776 152809 123558 129119 122094 109028 114118 107253 99955 94407.8 98842.9 99558.4 97861.9 93912.6 97138.4 102067 94597.9 88729.6 93117.1 83980.3 83191.8 85024.1 86920.1 94048.3 89562.9 83738.7 85231.8 90939.4 92569 91945.8 97436.5 91417.5 94721.6 98554 145185 66487.7 90563.4 32858 108770 105367 100954 97940 98770.9 102073 106042 109728 112753 115052 116711 117864 118644 119160 119496 119713 119850 119937 119992 120026 120048 120061 120069 120074 120077 120079 120080 120081 120081 120082 120082 120082 120082 120082 120082 120082 120082 120082 120082 120082 120082 120082 120082 120082 120082 120082 120082 120082 120082 120082 120082 120082 120082 120082 120082 120082 120082 120082 120082 120082 120082 120082 120082 120082 120082 120082 120082 120082 120082 120082 120082 120082 120082 120082 120082 120082 120082 120082 120082 120082 120082 120082 120082 120082 120082 120082 120082 120082 120082 120082 120082 120082 120082 120082 120082 120082 120082 120082 120082 120082 120082 0 0 0 0 0 0 0 0 0 0 0 0 0 0 0 0 0 0 0 0 0 0 0 0 0
#obs catch bio
 0 98142.3 168692 202363 231171 260889 291124 296993 288798 306807 293509 300650 255474 245442 220080 238568 168899 162646 150994 153257 123238 129062 122321 108992 114148 107210 99996.5 94308.8 98661.8 99556.8 98146.5 93847.6 97319.9 102230 94374.1 88690.2 93327.1 84057.6 83220.3 84899 86874.2 93879.4 89814.9 83961.3 85310.7 90763.8 92457.4 92036.3 97659.5 91357.1 94780.3 98078.4 146683 65852 91789.2 32310.7 109787
#pred cpue bio
 2.91697e+06 3.13275e+06 3.31234e+06 3.31973e+06 3.08778e+06 2.74694e+06 2.43479e+06 2.17159e+06 1.952e+06 1.7823e+06 1.60327e+06 1.48023e+06 1.33271e+06 1.10194e+06 922750 825199 719516 652544 615206 597897 571992 567528 552001 551194 565187 562665 558184 558082 547265 507412 486672 492289 506236 523481 521596 497029 491386 498587 532572 564761 560668 541836 487404 499312 547668 591498 575505 549558 564309 590723 623992 648737 621539 541303 509584 513653 588798 1.36706e+07 1.20418e+07 1.17688e+07 1.19559e+07 1.24436e+07 1.30112e+07 1.35425e+07 1.39891e+07 1.43415e+07 1.46085e+07 1.48057e+07 1.4949e+07 1.50524e+07 1.51266e+07 1.518e+07 1.52185e+07 1.52463e+07 1.52666e+07 1.52814e+07 1.52924e+07 1.53005e+07 1.53065e+07 1.5311e+07 1.53144e+07 1.53169e+07 1.53188e+07 1.53203e+07 1.53214e+07 1.53222e+07 1.53228e+07 1.53233e+07 1.53237e+07 1.5324e+07 1.53242e+07 1.53243e+07 1.53245e+07 1.53246e+07 1.53246e+07 1.53247e+07 1.53247e+07 1.53248e+07 1.53248e+07 1.53248e+07 1.53248e+07 1.53248e+07 1.53248e+07 1.53248e+07 1.53248e+07 1.53248e+07 1.53248e+07 1.53248e+07 1.53248e+07 1.53249e+07 1.53249e+07 1.53249e+07 1.53249e+07 1.53249e+07 1.53249e+07 1.53249e+07 1.53249e+07 1.53249e+07 1.53249e+07 1.53249e+07 1.53249e+07 1.53249e+07 1.53249e+07 1.53249e+07 1.53249e+07 1.53249e+07 1.53249e+07 1.53249e+07 1.53249e+07 1.53249e+07 1.53249e+07 1.53249e+07 1.53249e+07 1.53249e+07 1.53249e+07 1.53249e+07 1.53249e+07 1.53249e+07 1.53249e+07 1.53249e+07 1.53249e+07 1.53249e+07 1.53249e+07 1.53249e+07 1.53249e+07 1.53249e+07 1.53249e+07 1.53249e+07 1.53249e+07 1.53249e+07 1.53249e+07 1.53249e+07 1.53249e+07 1.53249e+07 1.53249e+07 1.53249e+07 1.53249e+07 0 0 0 0 0 0 0 0 0 0 0 0 0 0 0 0 0 0 0 0 0 0 0 0 0
#obs cpue bio
 4.72466e+06 2.99933e+06 3.11309e+06 3.0403e+06 3.74326e+06 3.50837e+06 2.3789e+06 1.90835e+06 1.8185e+06 1.60636e+06 1.58251e+06 1.80419e+06 1.46576e+06 1.11306e+06 716820 918473 1.1291e+06 540823 641773 622870 591878 636847 428732 754066 749075 474197 604808 498443 633508 547988 434856 455459 373864 629579 580888 483762 561333 432191 566006 727530 554315 835787 344994 458612 597902 659583 572246 527085 564843 649374 636945 705622 584621 696875 418227 559182 473116
#pred surv len freq
 0.00419041 0.00691811 0.0106258 0.0153634 0.0210495 0.0273764 0.0337952 0.0396692 0.0445195 0.048178 0.05075 0.0524664 0.0535574 0.0541995 0.0545138 0.0545853 0.054484 0.0542661 0.0539219 0.0532708 0.051874 0.0490917 0.0443607 0.0375879 0.0293849
 0.00457887 0.00743398 0.0111917 0.0158441 0.0212998 0.0273109 0.0334362 0.0391373 0.0439694 0.0477219 0.050419 0.0522277 0.0533664 0.0540476 0.0544433 0.054666 0.0547674 0.0547404 0.0544925 0.0537808 0.0521626 0.0490632 0.0440276 0.0370596 0.0288116
 0.00457153 0.00752094 0.0114957 0.0165149 0.0224453 0.0289064 0.0352727 0.0408651 0.045235 0.0483192 0.050357 0.0516798 0.0525543 0.0531479 0.053563 0.0538677 0.0540956 0.0542185 0.0540986 0.053436 0.0517554 0.0485053 0.0433052 0.0362449 0.0280241
 0.00469922 0.00769319 0.0116981 0.0167345 0.0227009 0.0292782 0.0358966 0.0418697 0.0466408 0.049968 0.0519387 0.0528579 0.0531135 0.053067 0.0529816 0.0529919 0.0531136 0.0532578 0.0532164 0.0526254 0.0509661 0.0476824 0.0424318 0.0353625 0.0272143
 0.00492509 0.00805268 0.0122217 0.0174376 0.0235743 0.0302808 0.0369622 0.042933 0.0476735 0.0509909 0.0529825 0.0538937 0.0540115 0.0536328 0.0530514 0.0525176 0.0521784 0.0520229 0.0518448 0.0512295 0.0495981 0.0463598 0.0411744 0.0342144 0.0262366
 0.00513844 0.0084086 0.0127736 0.0182389 0.0246649 0.0316651 0.038588 0.0446869 0.0494033 0.0525496 0.0542723 0.0548823 0.0547076 0.0540357 0.0531149 0.0521621 0.0513451 0.0507255 0.0501794 0.0493401 0.0476306 0.0444373 0.0393974 0.0326678 0.0249847
 0.00532719 0.00872815 0.0132787 0.0189901 0.0257178 0.0330517 0.0402956 0.0466456 0.0514891 0.0546024 0.0561232 0.0563846 0.0557629 0.0546027 0.0531925 0.0517587 0.050459 0.0493573 0.0483643 0.0471729 0.045263 0.0420512 0.0371713 0.0307478 0.0234622
 0.00555072 0.00909484 0.0138374 0.0197907 0.0268037 0.0344479 0.0419938 0.0485948 0.0535976 0.0567472 0.0581628 0.0581712 0.0571582 0.0554959 0.0535147 0.0514843 0.0495948 0.0479305 0.0464248 0.0448108 0.0426251 0.0393376 0.0346041 0.0285227 0.0217041
 0.00580548 0.009508 0.0144575 0.0206626 0.0279612 0.0359015 0.0437178 0.0505237 0.0556353 0.0587848 0.0600921 0.059889 0.0585637 0.0564902 0.0540069 0.0514022 0.0488962 0.04661 0.0445205 0.0424133 0.0398881 0.036475 0.0318621 0.0261273 0.0198055
 0.00601037 0.00985156 0.0149939 0.0214484 0.0290438 0.0373 0.0454056 0.0524237 0.057634 0.0607583 0.0619283 0.0614971 0.0598712 0.0574336 0.0545231 0.0514259 0.0483665 0.0454862 0.0428029 0.0401649 0.0372492 0.0336596 0.0291267 0.0237141 0.0178812
 0.00629495 0.0103086 0.0156717 0.0223894 0.030278 0.0388347 0.0472113 0.0544264 0.059721 0.0627956 0.0637832 0.0630568 0.0610539 0.0581893 0.0548233 0.0512486 0.0476856 0.0442741 0.0410503 0.037911 0.0346097 0.0308326 0.0263648 0.0212649 0.0159203
 0.00649365 0.0106473 0.0162098 0.0231908 0.0313954 0.0402869 0.0489625 0.0563832 0.0617514 0.06476 0.0655587 0.0645464 0.0621856 0.0589116 0.0551025 0.0510641 0.0470233 0.0431233 0.0394117 0.0358197 0.0321625 0.0282024 0.0237811 0.0189603 0.0140658
 0.00670981 0.0110023 0.0167518 0.0239684 0.032451 0.0416428 0.0506046 0.0582497 0.063735 0.066723 0.0673559 0.0660485 0.0632962 0.0595742 0.0552946 0.050785 0.0462804 0.0419265 0.0377782 0.0337916 0.0298308 0.0257212 0.0213548 0.0167987 0.0123251
 0.00699779 0.0114428 0.017364 0.0247546 0.0334009 0.0427398 0.051829 0.0595754 0.0651257 0.0681288 0.0687115 0.0672744 0.0643048 0.0602815 0.0556329 0.0507109 0.0457752 0.0409911 0.0364321 0.0320806 0.027842 0.0235926 0.0192651 0.0149306 0.0108157
 0.00714393 0.0117313 0.0178889 0.0256259 0.0347074 0.0444967 0.053938 0.0618323 0.0672798 0.0699638 0.070101 0.0681871 0.0647708 0.0603497 0.0553421 0.0500811 0.0448131 0.039702 0.0348322 0.0302112 0.0257823 0.0214662 0.0172283 0.0131399 0.0093848
 0.00710519 0.011699 0.0179011 0.0257474 0.0350263 0.0451097 0.0549251 0.0632231 0.0690209 0.0719055 0.07202 0.069846 0.0659873 0.061038 0.0555084 0.0497851 0.0441255 0.038681 0.0335239 0.0286655 0.0240724 0.0196988 0.0155355 0.0116524 0.00819683
 0.00742307 0.0121836 0.0185713 0.0266019 0.0360489 0.0462779 0.0562145 0.0646059 0.0704607 0.0733491 0.0733887 0.071032 0.0668654 0.0614942 0.0554745 0.0492578 0.0431599 0.0373645 0.03195 0.0269235 0.0222531 0.017904 0.0138769 0.0102331 0.00708515
 0.00752019 0.0123272 0.0187607 0.0268267 0.0362921 0.0465226 0.056452 0.0648439 0.0707294 0.0736991 0.0738748 0.0716845 0.0676601 0.0623414 0.0562367 0.0497907 0.0433569 0.0371823 0.0314091 0.0260913 0.0212256 0.0167913 0.0127913 0.00927303 0.0063172
 0.00753026 0.0123689 0.0188684 0.0270442 0.0366561 0.04704 0.0570836 0.0655089 0.071333 0.0741708 0.0741954 0.0718885 0.0678123 0.0624994 0.0564169 0.0499555 0.0434283 0.0370763 0.0310716 0.025519 0.0204671 0.0159323 0.0119317 0.00850328 0.00569833
 0.00753275 0.0123624 0.0188418 0.0269865 0.0365678 0.046944 0.0570289 0.0655563 0.0715266 0.0745105 0.0746327 0.0723489 0.0682321 0.0628497 0.0567019 0.0501876 0.0436023 0.0371597 0.0310185 0.0252971 0.0200795 0.0154236 0.0113748 0.00797548 0.00525856
 0.00774138 0.0126705 0.0192466 0.0274627 0.037071 0.047421 0.057429 0.0658429 0.0716877 0.0745637 0.074616 0.0723019 0.0681766 0.0627854 0.0566171 0.0500735 0.0434558 0.0369766 0.0307863 0.0249985 0.0197068 0.0149914 0.0109215 0.00755092 0.004905
 0.00777312 0.0127133 0.0192941 0.0275019 0.037084 0.0473888 0.0573367 0.0656861 0.0714777 0.0743313 0.0744091 0.0721739 0.0681688 0.0629113 0.0568563 0.0503794 0.0437729 0.0372545 0.0309875 0.0250996 0.0196999 0.0148869 0.0107484 0.00734967 0.00471496
 0.00784498 0.0128339 0.0194813 0.0277713 0.0374409 0.0478184 0.0577965 0.0661091 0.0717896 0.074474 0.0743608 0.0719564 0.0678399 0.0625456 0.0565221 0.0501198 0.0435971 0.0371435 0.0309069 0.0250149 0.0195873 0.0147395 0.010576 0.00717306 0.00455696
 0.00795185 0.0129856 0.0196697 0.0279772 0.0376421 0.0480011 0.0579616 0.0662675 0.0719485 0.0746241 0.0744738 0.0719967 0.0677832 0.0623932 0.0563031 0.0498793 0.0433774 0.0369687 0.0307777 0.0249145 0.0194938 0.0146376 0.0104628 0.00705716 0.00445158
 0.00793254 0.0129551 0.0196246 0.0279134 0.037554 0.0478818 0.0578067 0.0660814 0.0717513 0.0744518 0.0743683 0.0719874 0.0678719 0.0625529 0.0564925 0.0500626 0.0435371 0.0371035 0.0308923 0.0250099 0.0195646 0.0146773 0.0104699 0.00703827 0.00441874
 0.00797685 0.0130206 0.019711 0.0280155 0.0376629 0.0479857 0.0578921 0.0661337 0.0717566 0.0744018 0.0742664 0.0718519 0.067732 0.0624382 0.0564203 0.050033 0.0435373 0.0371178 0.0309096 0.0250241 0.0195723 0.0146754 0.010457 0.00701607 0.00439199
 0.0080442 0.0131127 0.0198176 0.0281162 0.037733 0.0480055 0.0578543 0.0660453 0.0716345 0.0742658 0.0741332 0.0717332 0.0676356 0.0623705 0.056387 0.0500369 0.0435754 0.0371803 0.0309827 0.0250947 0.0196309 0.0147169 0.0104805 0.00702399 0.00438926
 0.00797572 0.0130185 0.0197067 0.0280055 0.0376397 0.047937 0.0578021 0.0659894 0.0715561 0.0741603 0.0740155 0.0716302 0.0675735 0.0623643 0.0564382 0.0501368 0.0437105 0.0373358 0.0311434 0.0252462 0.0197614 0.0148191 0.0105525 0.00706874 0.00441297
 0.007866 0.0128428 0.0194489 0.0276566 0.0372046 0.0474416 0.0572962 0.0655383 0.0712211 0.0739775 0.0739859 0.0717286 0.0677661 0.062623 0.0567436 0.0504747 0.0440661 0.0376922 0.0314827 0.0255518 0.0200204 0.0150242 0.0107028 0.00716972 0.00447445
 0.00788271 0.0128645 0.0194708 0.0276695 0.0371954 0.0473959 0.0572025 0.0653933 0.071034 0.0737709 0.0737907 0.0715735 0.0676686 0.0625866 0.0567623 0.0505394 0.0441682 0.037823 0.0316316 0.0257056 0.0201654 0.0151488 0.0108001 0.0072384 0.00451804
 0.00783533 0.0128138 0.019442 0.0276998 0.0373206 0.0476307 0.0575256 0.0657478 0.0713453 0.073973 0.0738477 0.0714869 0.0674713 0.0623273 0.0564896 0.0502905 0.0439654 0.0376755 0.0315383 0.0256588 0.0201529 0.0151572 0.0108173 0.00725593 0.00453155
 0.00778392 0.0127289 0.0193141 0.0275246 0.0371066 0.0474068 0.0573417 0.0656621 0.0713996 0.0741678 0.0741362 0.0717931 0.0677218 0.0624791 0.0565391 0.050264 0.0439011 0.0376073 0.0314882 0.0256351 0.0201536 0.0151743 0.0108415 0.00727949 0.00455007
 0.00771903 0.0126194 0.019142 0.0272719 0.0367605 0.0469689 0.0568372 0.0651446 0.0709443 0.0738549 0.0740265 0.071906 0.0680267 0.0629052 0.0570019 0.0506945 0.0442624 0.0378939 0.0317132 0.0258159 0.0203027 0.0152972 0.0109392 0.00735225 0.00459984
 0.00758812 0.0124269 0.0188895 0.0269723 0.0364323 0.0466276 0.0564909 0.064797 0.0706039 0.0735444 0.073785 0.0717813 0.0680577 0.0631042 0.0573449 0.0511273 0.04472 0.0383219 0.0320802 0.0261133 0.0205357 0.0154754 0.0110716 0.00744626 0.00466233
 0.00768078 0.0125384 0.0189864 0.0270027 0.0363438 0.0463936 0.0561284 0.0643628 0.0701697 0.0731673 0.0734927 0.0715791 0.0679459 0.0630889 0.0574349 0.051321 0.0449966 0.0386436 0.0324042 0.0264054 0.0207774 0.0156626 0.0112086 0.00754117 0.00472415
 0.00850689 0.0137118 0.0204363 0.0285512 0.0377499 0.0474283 0.0566413 0.0643113 0.0696112 0.0722313 0.072345 0.0703836 0.0668319 0.0621358 0.056676 0.0507587 0.044615 0.0384146 0.0322913 0.0263691 0.0207827 0.0156842 0.0112325 0.00756124 0.00473885
 0.0091655 0.0147847 0.022043 0.0307719 0.0405707 0.0506764 0.0599518 0.0671778 0.0715331 0.0728901 0.0717106 0.0686928 0.0644701 0.0594987 0.0540761 0.0483945 0.042584 0.036744 0.0309661 0.0253526 0.0200284 0.0151443 0.010862 0.00731975 0.0045911
 0.00916817 0.0148874 0.0223799 0.0315299 0.0419423 0.0527806 0.0627538 0.0704481 0.074869 0.0757971 0.073722 0.0694944 0.0639867 0.0579038 0.0517184 0.0456786 0.0398632 0.0342622 0.0288535 0.0236503 0.0187215 0.0141875 0.0101964 0.00688271 0.00432261
 0.00890546 0.0144777 0.021804 0.0308036 0.0411394 0.0520536 0.0623323 0.0705917 0.0757709 0.0774772 0.0759713 0.0719126 0.066105 0.0593369 0.0522783 0.045405 0.0389699 0.0330369 0.0275608 0.0224761 0.0177612 0.0134648 0.00969058 0.00655252 0.00412197
 0.00875837 0.0142224 0.0213912 0.0301818 0.0402734 0.0509539 0.0610848 0.0693705 0.0748187 0.0770499 0.0762582 0.0729576 0.0677625 0.0612948 0.0541511 0.0468613 0.0398327 0.0333127 0.0273946 0.0220665 0.0172854 0.0130381 0.00936376 0.00633035 0.00398546
 0.00869985 0.0141222 0.0212298 0.0299343 0.0399107 0.050448 0.0604197 0.0685577 0.0739151 0.0761695 0.0755655 0.0726338 0.0679456 0.0620147 0.0552953 0.0481977 0.0410881 0.0342702 0.027959 0.0222701 0.0172405 0.0128736 0.00917882 0.00617832 0.00388177
 0.00861692 0.0140047 0.0210843 0.0297754 0.039754 0.0502984 0.060264 0.0683653 0.0736499 0.0758097 0.0751253 0.0721769 0.067581 0.0618666 0.0554534 0.0486688 0.0417797 0.0350214 0.0286062 0.0227095 0.0174545 0.0129133 0.00912208 0.00609237 0.00380613
 0.0087763 0.014237 0.0213844 0.0301223 0.0401175 0.0506493 0.0605792 0.0686246 0.073827 0.0758677 0.0750238 0.0718921 0.0671284 0.0613142 0.0549092 0.0482454 0.0415485 0.0349826 0.0286938 0.0228292 0.0175305 0.0129159 0.00906473 0.00600902 0.0037274
 0.00874123 0.014215 0.0214142 0.0302566 0.040403 0.0510991 0.0611534 0.0692352 0.0743684 0.0762531 0.0752069 0.0718647 0.0669081 0.0609351 0.0544239 0.0477255 0.0410731 0.0346144 0.0284557 0.0227001 0.0174635 0.0128663 0.009009 0.00594626 0.00366799
 0.00870498 0.0141322 0.0212489 0.0299705 0.0399763 0.0505575 0.0605816 0.0687601 0.0741102 0.076273 0.0754819 0.072305 0.0673999 0.0613821 0.0547695 0.0479558 0.0412089 0.0346954 0.0285215 0.0227733 0.0175442 0.01294 0.00906127 0.00597238 0.0036735
 0.00861742 0.0139989 0.0210635 0.0297291 0.0396735 0.0501844 0.0601313 0.0682422 0.0735686 0.07579 0.075159 0.0722236 0.0675835 0.0617848 0.0552974 0.0485069 0.0417073 0.0351062 0.0288443 0.0230246 0.0177411 0.0130919 0.00917165 0.00604448 0.00371416
 0.00867478 0.0140704 0.0211315 0.0297643 0.0396443 0.0500689 0.0599262 0.0679618 0.0732363 0.0754315 0.0748041 0.0719128 0.0673675 0.0617095 0.0553817 0.0487296 0.042015 0.0354359 0.0291469 0.0232755 0.0179357 0.0132361 0.00927352 0.00611174 0.00375443
 0.00871304 0.0141444 0.0212628 0.029975 0.039945 0.0504437 0.060324 0.0683042 0.0734428 0.0754493 0.0746258 0.0715744 0.066934 0.0612567 0.0549799 0.0484295 0.0418369 0.0353686 0.0291574 0.0233255 0.0179954 0.0132888 0.00931332 0.00613853 0.00377055
 0.00862932 0.0140309 0.0211347 0.0298626 0.0398883 0.0504807 0.0604774 0.0685712 0.0737891 0.0758128 0.0749305 0.0717537 0.0669533 0.0611247 0.054743 0.0481533 0.0415835 0.0351789 0.0290447 0.0232794 0.0179932 0.0133074 0.00933633 0.00615767 0.00378345
 0.00874091 0.014175 0.0212841 0.029973 0.0399155 0.0504056 0.0603237 0.068401 0.0736768 0.0758106 0.0750448 0.0719436 0.06715 0.061261 0.0547785 0.048086 0.0414445 0.0350148 0.0288975 0.0231735 0.0179326 0.0132824 0.00933237 0.00616248 0.00378968
 0.00888431 0.0143815 0.0215438 0.0302552 0.0401719 0.0505795 0.0603636 0.0682769 0.0733972 0.0754299 0.0746519 0.0716311 0.0669766 0.0612303 0.054846 0.0481877 0.0415283 0.0350582 0.0289057 0.0231654 0.0179259 0.0132852 0.00934369 0.00617717 0.00380294
 0.00888523 0.0144058 0.0216207 0.0304213 0.0404554 0.0509788 0.0608316 0.0687249 0.0737221 0.0755527 0.0745488 0.0713408 0.0665834 0.06083 0.054511 0.0479476 0.0413726 0.0349562 0.0288287 0.0230989 0.0178686 0.0132411 0.00931497 0.00616186 0.00379664
 0.00889981 0.0144278 0.021652 0.0304664 0.0405252 0.0510924 0.0610129 0.0689905 0.0740632 0.0759238 0.0748735 0.0715388 0.0666047 0.0606766 0.0542338 0.0476201 0.0410596 0.0346945 0.0286263 0.0229471 0.0177556 0.0131582 0.00925719 0.00612479 0.00377526
 0.00915068 0.014874 0.0223899 0.0315968 0.0421148 0.0531203 0.063331 0.0713325 0.076112 0.0774034 0.0756176 0.0715087 0.0658671 0.0593688 0.0525329 0.0457175 0.0391369 0.0328997 0.0270584 0.021654 0.0167435 0.0124058 0.00872797 0.00577525 0.00356048
 0.00886097 0.0143759 0.0215991 0.0304423 0.0405843 0.0513159 0.0614979 0.0698197 0.0752592 0.0774084 0.0764605 0.0729735 0.0676359 0.0611307 0.054059 0.0468898 0.0399388 0.0333859 0.0273168 0.0217721 0.0167883 0.012419 0.00873037 0.00577518 0.00356039
 0.00875637 0.0142441 0.0214666 0.0303449 0.0405422 0.0513057 0.0614456 0.069635 0.0749003 0.0769347 0.0760263 0.0727567 0.067745 0.0615502 0.054665 0.0475149 0.0404436 0.0336999 0.0274411 0.0217552 0.0166941 0.0123022 0.00862529 0.00569635 0.0035087
 0.00813206 0.0132342 0.0199641 0.0282747 0.0379011 0.04821 0.0581597 0.0665413 0.0724031 0.0753426 0.0754832 0.0732481 0.069149 0.0636821 0.0572949 0.0503786 0.0432712 0.0362616 0.029588 0.0234328 0.0179263 0.013159 0.00919146 0.00605167 0.00371931
#obs surv len freq
 nan nan nan nan nan nan nan nan nan nan nan nan nan nan nan nan nan nan nan nan nan nan nan nan nan
 0.00448831 0.00735124 0.0111826 0.0159996 0.0217002 0.0279747 0.0342872 0.0400168 0.0446947 0.0481572 0.050514 0.0520089 0.0529003 0.053412 0.0537258 0.0539803 0.0542586 0.0545512 0.0546898 0.0542817 0.0527198 0.0493522 0.0438024 0.0362831 0.0276675
 0.00461374 0.00755916 0.0115025 0.0164602 0.0223221 0.0287592 0.0352056 0.0410077 0.0456736 0.049034 0.0512104 0.0524699 0.0530991 0.0533489 0.0534237 0.0534771 0.0535979 0.0537759 0.0538391 0.0533926 0.0518314 0.0485077 0.0430469 0.0356546 0.0271871
 0.00477835 0.00782619 0.0119036 0.0170251 0.0230737 0.0297054 0.0363291 0.0422599 0.046977 0.0502919 0.0523208 0.0533392 0.0536538 0.0535454 0.053252 0.0529588 0.0527787 0.0527156 0.0526044 0.0520538 0.0504635 0.0471908 0.0418604 0.034664 0.0264286
 0.00497514 0.00814819 0.0123919 0.0177189 0.0240021 0.0308753 0.0377132 0.0437928 0.0485653 0.0518313 0.0537106 0.0544882 0.0544822 0.0539876 0.0532636 0.0525236 0.0519131 0.051468 0.0510502 0.0502909 0.048608 0.0453706 0.0402017 0.0332701 0.0253573
 0.00517966 0.00848618 0.0129108 0.0184666 0.0250177 0.032174 0.0392709 0.0455406 0.0503985 0.0536291 0.0553555 0.0558774 0.0555309 0.0546279 0.0534432 0.0522077 0.0510902 0.0501582 0.049313 0.0482291 0.0463649 0.0431187 0.0381178 0.0315014 0.0239898
 0.00541205 0.00886483 0.0134826 0.0192767 0.026102 0.033547 0.0409118 0.0473866 0.0523511 0.05557 0.0571635 0.0574403 0.0567519 0.0554285 0.0537626 0.0520019 0.0503336 0.0488508 0.0474935 0.0459893 0.0438565 0.0405427 0.0356936 0.0294195 0.0223671
 0.00565374 0.00925933 0.0140793 0.0201226 0.0272329 0.034974 0.042607 0.0492788 0.0543364 0.0575321 0.0589903 0.0590324 0.0580227 0.0563022 0.0541738 0.0518959 0.0496698 0.0476106 0.0456957 0.0437089 0.0412392 0.0378002 0.0330706 0.0271386 0.0205729
 0.00588861 0.00964567 0.0146692 0.0209672 0.028373 0.0364237 0.0443378 0.0512143 0.0563639 0.059525 0.0608297 0.0606183 0.0592762 0.0571608 0.0545854 0.0518136 0.0490518 0.0464281 0.0439503 0.0414568 0.0386118 0.0350056 0.0303624 0.0247576 0.0186833
 0.00613863 0.0100563 0.0152948 0.0218612 0.0295771 0.0379516 0.0461582 0.0532444 0.0584812 0.0615907 0.0627123 0.0622083 0.0604915 0.0579451 0.0549016 0.0516347 0.0483541 0.0451926 0.0421775 0.0391919 0.0359716 0.032186 0.0276135 0.0223248 0.0167404
 0.00637545 0.0104435 0.015882 0.0226965 0.0306985 0.0393732 0.0478551 0.0551466 0.0604814 0.0635633 0.0645328 0.0637664 0.0616977 0.0587336 0.0552287 0.0514739 0.0476888 0.0440142 0.0404931 0.0370452 0.0334678 0.029504 0.0249867 0.0199877 0.0148639
 0.00662997 0.0108592 0.016511 0.0235877 0.0318875 0.0408666 0.0496147 0.0570858 0.0624781 0.0654852 0.0662591 0.0651994 0.0627648 0.0593839 0.0554294 0.0512058 0.0469428 0.0427898 0.038805 0.0349403 0.031046 0.0269301 0.0224746 0.0177543 0.013069
 0.00684566 0.0112178 0.0170651 0.0243909 0.0329828 0.0422684 0.0512912 0.0589527 0.0644122 0.0673486 0.0679242 0.0665638 0.0637557 0.0599572 0.0555632 0.0508929 0.0461845 0.0415942 0.0371931 0.0329603 0.0287921 0.024552 0.020164 0.0157047 0.0114226
 0.00708065 0.0115984 0.0176355 0.0251917 0.034044 0.0435976 0.0528605 0.0606923 0.0662168 0.0690947 0.0694892 0.0678416 0.0646668 0.0604524 0.0556218 0.0505162 0.0453869 0.0403979 0.0356304 0.0310845 0.0266932 0.022365 0.0180579 0.0138475 0.00993645
 0.00727167 0.0119162 0.0181267 0.025903 0.0350112 0.0448292 0.0543224 0.0623048 0.0678689 0.0706684 0.0708796 0.0689654 0.0654626 0.0608786 0.0556558 0.0501534 0.0446381 0.0392868 0.0341941 0.0293801 0.0248073 0.0204194 0.0161993 0.0122186 0.00863865
 0.00748264 0.0122577 0.018638 0.0266197 0.0359585 0.0460108 0.0557083 0.0638261 0.0694244 0.0721424 0.072162 0.0699673 0.0661244 0.0611704 0.0555723 0.0497059 0.0438482 0.0381843 0.0328188 0.0277886 0.0230812 0.0186675 0.0145477 0.0107862 0.00750649
 0.00754279 0.012365 0.0188175 0.0269019 0.0363743 0.0465828 0.0564418 0.0647038 0.0704084 0.0731788 0.073186 0.0709074 0.0669079 0.0617317 0.0558607 0.0496913 0.0435218 0.0375567 0.0319192 0.0266665 0.0218097 0.017343 0.0132798 0.00967654 0.00662489
 0.0075978 0.012447 0.0189282 0.0270406 0.0365424 0.0467886 0.0567025 0.065042 0.0708434 0.0737159 0.07381 0.0715814 0.0675776 0.0623326 0.0563268 0.0499637 0.0435571 0.0373329 0.0314399 0.0259628 0.0209406 0.0163915 0.0123413 0.00884031 0.00595311
 0.00767593 0.0125632 0.0190827 0.027226 0.036745 0.0469922 0.0568928 0.0652119 0.0709973 0.0738717 0.0739947 0.0718199 0.0678788 0.0626802 0.0566793 0.0502625 0.0437399 0.0373478 0.0312572 0.0255831 0.0203972 0.0157467 0.0116741 0.00822789 0.00545186
 0.00774411 0.0126695 0.0192334 0.0274227 0.036982 0.0472552 0.0571584 0.0654503 0.0711809 0.0739861 0.0740456 0.0718327 0.0678894 0.0627198 0.0567608 0.0503728 0.0438418 0.0373912 0.0311949 0.0253877 0.0200715 0.0153248 0.0112126 0.00778846 0.00508335
 0.00777469 0.0127175 0.0193026 0.0275151 0.0370983 0.0473932 0.0573122 0.0656097 0.0713315 0.0741123 0.074135 0.0718811 0.0679038 0.0627179 0.0567635 0.0503944 0.0438801 0.0374246 0.0311895 0.0253106 0.0199063 0.0150806 0.010922 0.00749566 0.00482799
 0.00782335 0.0127884 0.0193941 0.0276207 0.0372085 0.0474993 0.0574088 0.0656947 0.0714053 0.0741751 0.0741853 0.0719157 0.0679197 0.0627151 0.0567473 0.0503737 0.0438625 0.0374094 0.0311648 0.0252568 0.0198067 0.0149316 0.0107376 0.00730221 0.00465343
 0.00788195 0.0128783 0.0195191 0.0277795 0.0373938 0.0476973 0.0576 0.0658568 0.071519 0.0742307 0.0741853 0.0718722 0.067848 0.0626282 0.0566542 0.0502803 0.0437731 0.037326 0.0310847 0.0251723 0.0197079 0.0148131 0.0106033 0.00716516 0.00452993
 0.00787095 0.0128661 0.019511 0.0277838 0.0374193 0.0477496 0.0576777 0.0659514 0.0716167 0.0743168 0.0742488 0.0719083 0.0678585 0.0626196 0.0566342 0.0502555 0.043747 0.0372994 0.0310554 0.0251361 0.0196596 0.0147499 0.0105271 0.0070836 0.00445353
 0.00789136 0.0128909 0.0195335 0.0277939 0.0374078 0.0477145 0.0576277 0.0659043 0.0715916 0.0743251 0.0742894 0.0719693 0.0679238 0.062676 0.056675 0.0502801 0.0437587 0.0373017 0.03105 0.0251224 0.0196359 0.0147149 0.0104823 0.00703398 0.00440572
 0.00789353 0.0128914 0.0195282 0.0277763 0.0373698 0.0476485 0.0575297 0.0657774 0.0714488 0.0741889 0.0741864 0.0719215 0.0679404 0.0627502 0.0567881 0.0504098 0.043886 0.0374143 0.0311421 0.0251914 0.0196814 0.0147379 0.0104861 0.00702379 0.00438839
 0.00789214 0.0128883 0.0195219 0.0277645 0.0373495 0.0476159 0.0574811 0.0657098 0.0713618 0.0740863 0.0740784 0.0718245 0.0678731 0.0627282 0.0568174 0.0504844 0.0439906 0.03753 0.0312521 0.0252844 0.0197516 0.0147842 0.010511 0.0070323 0.00438652
 0.00789042 0.0128814 0.019504 0.027728 0.0372874 0.0475252 0.0573656 0.06558 0.0712315 0.0739684 0.0739819 0.071755 0.0678348 0.062725 0.0568532 0.0505597 0.0441003 0.0376623 0.0313911 0.0254144 0.0198607 0.0148666 0.0105663 0.00706466 0.0044022
 0.00787678 0.0128584 0.0194679 0.0276745 0.0372122 0.0474253 0.0572409 0.0654353 0.0710769 0.0738187 0.073854 0.0716637 0.0677896 0.062729 0.0569039 0.0506514 0.0442249 0.0378097 0.0315486 0.0255678 0.019997 0.0149766 0.0106467 0.00711733 0.00443286
 0.00788058 0.0128609 0.0194649 0.0276596 0.0371786 0.0473678 0.0571584 0.0653308 0.0709573 0.073693 0.0737325 0.0715574 0.0677097 0.062685 0.0569015 0.0506914 0.044303 0.0379176 0.0316749 0.0256994 0.0201211 0.0150827 0.0107288 0.00717452 0.00446853
 0.00785852 0.0128264 0.0194153 0.0275933 0.0370945 0.0472662 0.0570412 0.0652024 0.0708251 0.0735666 0.0736228 0.0714744 0.0676611 0.0626752 0.056932 0.0507607 0.0444067 0.0380481 0.0318219 0.0258506 0.0202639 0.0152066 0.0108269 0.00724512 0.00451442
 0.00783103 0.0127794 0.0193406 0.0274826 0.0369425 0.0470743 0.0568203 0.0649729 0.0706115 0.0733914 0.0735008 0.0714118 0.0676576 0.0627262 0.0570305 0.0508984 0.0445745 0.0382358 0.0320183 0.0260439 0.0204421 0.0153595 0.0109481 0.0073333 0.00457278
 0.00780678 0.0127385 0.0192763 0.0273876 0.0368102 0.0469015 0.0566103 0.0647371 0.0703693 0.0731669 0.0733187 0.0712923 0.0676118 0.0627554 0.0571272 0.0510495 0.0447646 0.0384494 0.0322405 0.0262606 0.0206407 0.0155297 0.0110835 0.0074325 0.00463917
 0.00778498 0.0127018 0.0192188 0.0273029 0.0366929 0.046749 0.0564253 0.0645283 0.0701504 0.0729552 0.0731324 0.0711494 0.0675275 0.0627398 0.0571828 0.0511707 0.0449384 0.0386588 0.0324669 0.0264861 0.0208496 0.01571 0.0112279 0.00753894 0.004711
 0.00774664 0.0126418 0.0191326 0.0271879 0.0365487 0.0465777 0.0562325 0.0643234 0.0699462 0.0727659 0.0729718 0.0710296 0.0674587 0.0627293 0.0572342 0.0512828 0.0451043 0.0388657 0.0326975 0.0267212 0.0210711 0.0159031 0.0113835 0.00765438 0.0047893
 0.00935036 0.0148839 0.021833 0.0299543 0.0388914 0.0480924 0.0567437 0.0639112 0.0688589 0.0712951 0.0713605 0.0694399 0.0659825 0.061412 0.0560954 0.0503277 0.0443295 0.0382609 0.0322462 0.0264019 0.0208587 0.0157719 0.0113092 0.00761659 0.00477256
 0.00931729 0.0151298 0.0227312 0.0319688 0.0423748 0.0530122 0.0625099 0.0694732 0.0730807 0.0734049 0.0712063 0.0674278 0.0627969 0.0577232 0.0523934 0.0468984 0.0413065 0.0356893 0.0301265 0.0247115 0.019561 0.0148194 0.0106463 0.00718272 0.00450794
 0.00895365 0.014558 0.0219288 0.0309861 0.0413889 0.0523644 0.0626651 0.0708554 0.075822 0.0771578 0.075187 0.0707153 0.064718 0.0580859 0.0514558 0.0451517 0.0392414 0.033662 0.0283364 0.0232394 0.018417 0.0139765 0.0100595 0.00679935 0.00427472
 0.00879012 0.0142763 0.0214766 0.0303083 0.0404484 0.0511792 0.0613535 0.0696642 0.0751048 0.0772766 0.0763519 0.072836 0.0673713 0.0606545 0.0533784 0.0461368 0.0393247 0.0331058 0.0274666 0.0223221 0.0176118 0.0133483 0.009612 0.00650535 0.00409635
 0.00871943 0.0141571 0.0212877 0.030024 0.0400394 0.0506183 0.0606276 0.0687937 0.0741673 0.0764244 0.0758038 0.0728209 0.0680283 0.0619357 0.0550241 0.0477612 0.0405753 0.0337989 0.0276244 0.0221073 0.0172237 0.0129441 0.0092782 0.00626832 0.00394688
 0.00869082 0.0141075 0.0212069 0.0298995 0.0398575 0.0503661 0.0602953 0.0683767 0.0736697 0.0758682 0.0752422 0.0723506 0.0677815 0.062039 0.0555333 0.0486085 0.0415736 0.0347137 0.0282736 0.0224271 0.0172658 0.0128205 0.00909886 0.00610494 0.00382859
 0.0087174 0.014145 0.0212524 0.0299454 0.0398923 0.0503753 0.0602631 0.0682873 0.0735093 0.0756284 0.0749264 0.0719816 0.0674095 0.0617421 0.0554001 0.0487027 0.0418943 0.0351817 0.0287595 0.0228095 0.0174814 0.0128778 0.00905276 0.00601851 0.00374612
 0.00866442 0.0140718 0.0211659 0.0298594 0.0398227 0.0503327 0.0602471 0.0682857 0.073503 0.0755974 0.0748557 0.071865 0.0672536 0.0615704 0.055254 0.0486337 0.0419443 0.0353591 0.0290273 0.0230978 0.0177197 0.0130259 0.0091112 0.00601567 0.00371639
 0.00866394 0.0140636 0.0211408 0.0298063 0.0397343 0.0502121 0.0601119 0.0681638 0.0734203 0.0755654 0.0748654 0.0718919 0.0672705 0.06156 0.0552179 0.0485925 0.0419301 0.0354003 0.0291327 0.0232494 0.0178805 0.0131584 0.00919494 0.006052 0.00372084
 0.00867504 0.014081 0.0211652 0.0298365 0.0397655 0.0502355 0.0601153 0.0681364 0.0733592 0.0754797 0.0747736 0.0718133 0.0672149 0.0615246 0.0551921 0.0485684 0.04191 0.0353962 0.0291577 0.0233071 0.0179603 0.0132405 0.0092607 0.00609256 0.00373843
 0.00865335 0.0140527 0.0211354 0.029814 0.0397601 0.0502536 0.060156 0.0681903 0.0734108 0.0755129 0.0747777 0.0717874 0.0671675 0.0614689 0.0551396 0.0485253 0.0418781 0.0353772 0.0291549 0.0233233 0.0179938 0.0132835 0.00930227 0.00612416 0.00375712
 0.00863567 0.0140213 0.0210839 0.0297366 0.0396547 0.0501262 0.0600229 0.0680752 0.0733366 0.0754922 0.0748074 0.0718516 0.0672458 0.0615447 0.055205 0.04858 0.0419257 0.0354219 0.0292 0.0233707 0.0180435 0.0133327 0.00934636 0.00615882 0.00378047
 0.0086274 0.0140076 0.0210624 0.0297044 0.0396085 0.0500627 0.0599405 0.0679765 0.0732307 0.0753943 0.0747356 0.0718199 0.0672585 0.0615948 0.0552781 0.0486607 0.0420034 0.0354918 0.0292622 0.023427 0.018095 0.0133792 0.00938625 0.00619015 0.00380245
 0.00861488 0.0139895 0.0210393 0.029678 0.0395809 0.0500351 0.0599121 0.0679448 0.0731925 0.0753482 0.0746841 0.0717702 0.0672211 0.0615795 0.0552895 0.0486963 0.0420551 0.0355503 0.0293199 0.02348 0.018142 0.0134197 0.00941979 0.00621624 0.00382101
 0.00862451 0.0139987 0.0210417 0.0296644 0.0395424 0.049968 0.0598216 0.0678437 0.0730969 0.0752708 0.0746308 0.0717406 0.067212 0.0615883 0.0553157 0.0487397 0.0421139 0.0356195 0.0293929 0.0235499 0.0182041 0.0134715 0.00946047 0.00624626 0.00384157
 0.00862451 0.0139987 0.0210417 0.0296644 0.0395424 0.049968 0.0598216 0.0678437 0.0730969 0.0752708 0.0746308 0.0717406 0.067212 0.0615883 0.0553157 0.0487397 0.0421139 0.0356195 0.0293929 0.0235499 0.0182041 0.0134715 0.00946047 0.00624626 0.00384157
 0.00874097 0.0141913 0.0213356 0.0300803 0.0400862 0.0506177 0.0605187 0.0684991 0.0736134 0.0755735 0.0746874 0.0715646 0.0668496 0.061101 0.0547659 0.048182 0.0415902 0.0351577 0.0290071 0.0232432 0.0179717 0.0133041 0.00934656 0.00617366 0.00379863
 0.00881689 0.0143186 0.0215347 0.0303727 0.0404901 0.0511399 0.0611448 0.0691873 0.0742957 0.0761654 0.075106 0.0717482 0.0667744 0.0607863 0.0542663 0.047571 0.0409419 0.034534 0.0284511 0.0227791 0.0176069 0.0130339 0.00915858 0.00605139 0.00372479
 0.00915867 0.0148647 0.0223362 0.0314645 0.0418765 0.0527765 0.0629238 0.070942 0.0758316 0.0773066 0.0757332 0.0718143 0.0662998 0.0598458 0.0529731 0.0460602 0.0393523 0.03299 0.02705 0.0215835 0.0166457 0.0123064 0.00864186 0.00570882 0.00351416
 0.00859574 0.0140124 0.021175 0.0300293 0.0402612 0.0511305 0.0614433 0.069844 0.0753047 0.0774526 0.0765288 0.0731162 0.0678893 0.0614887 0.0544729 0.0472896 0.0402618 0.0335962 0.0274108 0.021772 0.0167287 0.0123342 0.00864594 0.0057056 0.00351042
 0.00877621 0.0142202 0.0213316 0.030014 0.0399504 0.0504575 0.0604461 0.068671 0.0741721 0.0765765 0.0760648 0.0731264 0.068338 0.0622614 0.0554095 0.0482266 0.0410692 0.0342006 0.0277989 0.0219761 0.0168037 0.0123358 0.00861705 0.0056722 0.00348403
 0.00816382 0.013285 0.0200351 0.0283561 0.0379629 0.0481961 0.0579966 0.0661689 0.071819 0.0746312 0.0748003 0.0727604 0.0689638 0.0638104 0.0576653 0.050882 0.0438026 0.0367427 0.0299723 0.0237028 0.0180885 0.0132358 0.00921235 0.00604384 0.0037022
#pred catch len freq
 0.0030664 0.00501849 0.00764878 0.0110255 0.015199 0.020145 0.0257064 0.0315962 0.0374621 0.0429609 0.0478077 0.051809 0.0548854 0.0570688 0.0584704 0.0592427 0.0595525 0.05955 0.0592954 0.058639 0.057128 0.0540748 0.0488676 0.041408 0.0323719
 0.00336025 0.00541214 0.00808822 0.0114146 0.0154335 0.0201625 0.02552 0.0312861 0.0371292 0.0426726 0.0475736 0.0515988 0.0546725 0.0568678 0.0583449 0.0592786 0.0598102 0.0600176 0.059869 0.0591464 0.0573929 0.0539935 0.0484558 0.0407884 0.0317108
 0.00338966 0.00552426 0.00836835 0.0119621 0.016313 0.0213413 0.0268348 0.0324791 0.0379503 0.0429892 0.0474142 0.0511072 0.0540171 0.0561747 0.0576888 0.0587098 0.0593738 0.0597406 0.0597288 0.0590551 0.0572233 0.0536402 0.0478935 0.0400864 0.0309947
 0.00350958 0.0056936 0.00858379 0.0122252 0.0166551 0.0218447 0.0276216 0.0336498 0.0394929 0.0447212 0.0490174 0.0522533 0.0545083 0.056009 0.0570201 0.0577527 0.0583207 0.058721 0.0587993 0.0582049 0.0563952 0.0527719 0.0469646 0.0391414 0.0301228
 0.00371221 0.00601189 0.00903984 0.0128269 0.0173908 0.0226827 0.0285194 0.0345783 0.0404609 0.0457724 0.0501812 0.053474 0.0556139 0.0567629 0.0572304 0.0573635 0.0574244 0.0574961 0.0574251 0.0568034 0.0550206 0.0514386 0.0456889 0.0379671 0.0291146
 0.00392188 0.00635336 0.00955519 0.0135562 0.0183646 0.0239082 0.0299651 0.0361654 0.0420743 0.0472917 0.0515162 0.0545825 0.0564826 0.0573627 0.0574853 0.0571678 0.0567029 0.05626 0.0557793 0.0549058 0.0530295 0.0494846 0.043876 0.0363826 0.0278263
 0.00412403 0.00668494 0.0100611 0.014284 0.0193598 0.025204 0.031566 0.0380322 0.0441159 0.0493689 0.0534616 0.0562327 0.0577135 0.0581071 0.0577214 0.0568882 0.0558945 0.0549168 0.0539372 0.052668 0.0505615 0.0469839 0.0415354 0.034359 0.026218
 0.00434712 0.00704414 0.0105969 0.0150362 0.0203661 0.0264941 0.0331518 0.0398949 0.0461975 0.0515685 0.0556391 0.0582215 0.0593432 0.0592326 0.0582448 0.0567644 0.0551199 0.0535149 0.05196 0.0502134 0.0477903 0.0441146 0.03881 0.0319907 0.0243434
 0.00458943 0.00743157 0.0111691 0.0158288 0.0214086 0.0278049 0.0347294 0.0417105 0.0481929 0.0536598 0.057721 0.0601713 0.0610265 0.060512 0.0589944 0.0568854 0.0545531 0.0522481 0.0500323 0.0477243 0.044909 0.0410766 0.0358855 0.0294278 0.0223078
 0.00482035 0.00780674 0.011734 0.0166275 0.0224781 0.0291644 0.0363679 0.0435795 0.0502098 0.0557206 0.059715 0.0619914 0.0625729 0.0616911 0.0597155 0.0570607 0.0541053 0.0511265 0.0482353 0.0453217 0.0420574 0.0380146 0.032899 0.0267866 0.0201983
 0.0050953 0.00824291 0.0123717 0.0175011 0.0236146 0.0305795 0.0380556 0.0455008 0.0522865 0.0578395 0.0617421 0.0637924 0.0640332 0.0627262 0.0602674 0.0570846 0.0535586 0.0499709 0.0464567 0.0429628 0.039247 0.0349739 0.0299097 0.0241252 0.0180622
 0.00532444 0.00861914 0.0129451 0.0183217 0.0247236 0.0319955 0.0397602 0.0474313 0.054344 0.0599046 0.0636911 0.0655077 0.065411 0.0636824 0.0607418 0.0570383 0.0529662 0.0488152 0.0447366 0.0407169 0.0365846 0.0320899 0.0270627 0.0215779 0.016008
 0.00551973 0.00893655 0.0134245 0.0190047 0.0256515 0.033202 0.0412577 0.0491963 0.0563062 0.0619482 0.0656689 0.0672664 0.0668177 0.0646423 0.0612003 0.056971 0.052366 0.047684 0.0430895 0.0386 0.0341004 0.0294124 0.024423 0.0192135 0.0140971
 0.00584929 0.00943858 0.0141184 0.0198897 0.026713 0.0344211 0.0426152 0.0506694 0.057861 0.0635335 0.0672121 0.0686751 0.067988 0.065474 0.0616125 0.056912 0.0518126 0.0466366 0.0415701 0.0366609 0.0318411 0.0269908 0.0220434 0.0170849 0.0123766
 0.00602895 0.00976328 0.0146654 0.0207457 0.0279479 0.0360494 0.0445663 0.0527887 0.059951 0.0654114 0.0687526 0.0698191 0.0687234 0.0658081 0.0615518 0.0564555 0.0509559 0.0453807 0.0399326 0.0346896 0.0296275 0.0246768 0.0198084 0.0151088 0.0107914
 0.00612585 0.00993355 0.0149489 0.0211971 0.028636 0.0370478 0.0459311 0.0545267 0.0619875 0.0675785 0.0708147 0.0715341 0.0699122 0.0663941 0.0615538 0.0559457 0.0500153 0.0440749 0.0383132 0.0328132 0.0275777 0.0225759 0.0178077 0.0133576 0.00939667
 0.00630295 0.0102033 0.0153233 0.0216811 0.0292353 0.0377787 0.0468237 0.0556164 0.0632947 0.0690822 0.0724313 0.0731147 0.0712674 0.0673419 0.0619698 0.0557911 0.0493298 0.0429454 0.0368411 0.0310995 0.0257276 0.0207084 0.0160536 0.0118393 0.00819754
 0.0064171 0.0103729 0.0155485 0.0219512 0.029532 0.0380832 0.0471253 0.0559219 0.0636354 0.069512 0.0730094 0.0738733 0.0721786 0.0683043 0.0628281 0.0563824 0.0495337 0.0427134 0.0361973 0.030122 0.024527 0.0194118 0.0147906 0.0107234 0.00730558
 0.00642156 0.0104008 0.0156276 0.0221176 0.0298178 0.0384983 0.0476448 0.0564876 0.0641761 0.0699732 0.0733761 0.0741738 0.0724656 0.0686211 0.0631754 0.0567048 0.0497349 0.0426937 0.0358938 0.0295317 0.0237074 0.0184631 0.0138301 0.00985717 0.00660592
 0.00645237 0.0104399 0.0156683 0.0221522 0.0298465 0.0385392 0.0477353 0.0566722 0.0644813 0.0703861 0.0738432 0.0746245 0.0728462 0.0689159 0.0634001 0.0568792 0.0498542 0.0427202 0.0357737 0.0292265 0.0232199 0.0178441 0.0131628 0.00923011 0.00608608
 0.00654263 0.0105692 0.01583 0.0223282 0.0300111 0.0386674 0.0478127 0.056702 0.0644874 0.0704075 0.073919 0.0747746 0.0730593 0.0691549 0.0636221 0.0570527 0.0499628 0.042752 0.0357114 0.0290503 0.0229228 0.0174463 0.0127129 0.00879039 0.00571043
