SBPRF35
7.78865
Curr Bio
575143
B35
698943
F35
0.225227
FOFL
0.197738
OFL
92995.8
Bzero
2.22533e+06
#pred survey bio
 4.64325e+06 4.34959e+06 4.08017e+06 3.78897e+06 3.47471e+06 3.14931e+06 2.80459e+06 2.5091e+06 2.25738e+06 2.01996e+06 1.78898e+06 1.53799e+06 1.35046e+06 1.1842e+06 1.05264e+06 934159 833817 760826 703742 664656 634322 617415 602451 605629 582658 579523 580186 591691 598315 593488 589205 589677 592878 573344 566928 550824 536135 538100 546761 551551 561232 565576 560274 561044 565644 556884 557220 556796 561016 566969 571979 576852 551706 556255 538806 522640 518164 530061 545661 574311 2.15875e+07 1.33502e+07 1.37872e+07 1.43544e+07 1.49644e+07 1.55312e+07 1.60136e+07 1.64012e+07 1.67013e+07 1.69277e+07 1.7096e+07 1.72201e+07 1.73111e+07 1.73779e+07 1.74271e+07 1.74634e+07 1.74904e+07 1.75105e+07 1.75256e+07 1.7537e+07 1.75456e+07 1.75521e+07 1.75571e+07 1.75609e+07 1.75639e+07 1.75661e+07 1.75678e+07 1.75691e+07 1.75701e+07 1.75709e+07 1.75715e+07 1.7572e+07 1.75724e+07 1.75726e+07 1.75729e+07 1.7573e+07 1.75732e+07 1.75733e+07 1.75733e+07 1.75734e+07 1.75734e+07 1.75735e+07 1.75735e+07 1.75735e+07 1.75735e+07 1.75736e+07 1.75736e+07 1.75736e+07 1.75736e+07 1.75736e+07 1.75736e+07 1.75736e+07 1.75736e+07 1.75736e+07 1.75736e+07 1.75736e+07 1.75736e+07 1.75736e+07 1.75736e+07 1.75736e+07 1.75736e+07 1.75736e+07 1.75736e+07 1.75736e+07 1.75736e+07 1.75736e+07 1.75736e+07 1.75736e+07 1.75736e+07 1.75736e+07 1.75736e+07 1.75736e+07 1.75736e+07 1.75736e+07 1.75736e+07 1.75736e+07 1.75736e+07 1.75736e+07 1.75736e+07 1.75736e+07 1.75736e+07 1.75736e+07 1.75736e+07 1.75736e+07 1.75736e+07 1.75736e+07 1.75736e+07 1.75736e+07 1.75736e+07 1.75736e+07 1.75736e+07 1.75736e+07 1.75736e+07 1.75736e+07 1.75736e+07 1.75736e+07 1.75736e+07 1.75736e+07 1.75736e+07 1.75736e+07 0 0 0 0 0 0 0 0 0 0 0 0 0 0 0 0 0 0 0 0 0 0 0 0 0
#obs survey bio
 3.75355e+06 3.71390e+06 4.041e+06 2.48571e+06 2.5269e+06 3.18746e+06 2.56977e+06 2.01649e+06 1.92299e+06 2.13580e+06 1.50518e+06 1.32488e+06 895671 966983 1.45438e+06 586884 615693 538663 600085 733652 613721 488256 523341 693591 483676 573660 518692 500721 762728 628708 518087 597660 742405 735218 619936 499402 662351 506235 730666 696210 399514 517331 516027 573685 647617 567624 469541 325373 513569 608510 709257 559219 668426 584371 600268 416401 595320 488250 430526 419346
#pred catch bio
 99582.8 96951.5 143709 195613 239332 291610 280134 270098 282802 297998 331363 285667 273238 245471 234144 217097 191808 175795 156775 145046 130272 125998 108747 128093 108814 104642 95286.9 99273.7 107324 104436 98256 93646.5 109063 92950.1 96465.8 93002.4 81895.9 81876.7 88461.6 85247.2 89731.6 96757.2 90385.8 86676.4 97527 90016.1 92534.3 91297.1 91741.2 92775.4 92216.3 115936 90131.1 109312 108308 99680.9 88712.1 89753.3 84462.3 78811.1 92995.8 107325 109880 113341 117406 121234 124420 126880 128686 129964 130843 131435 131826 132082 132248 132354 132421 132464 132491 132508 132518 132525 132529 132532 132533 132534 132535 132535 132535 132536 132536 132536 132536 132536 132536 132536 132536 132536 132536 132536 132536 132536 132536 132536 132536 132536 132536 132536 132536 132536 132536 132536 132536 132536 132536 132536 132536 132536 132536 132536 132536 132536 132536 132536 132536 132536 132536 132536 132536 132536 132536 132536 132536 132536 132536 132536 132536 132536 132536 132536 132536 132536 132536 132536 132536 132536 132536 132536 132536 132536 132536 132536 132536 132536 132536 132536 132536 132536 132536 132536 0 0 0 0 0 0 0 0 0 0 0 0 0 0 0 0 0 0 0 0 0 0 0 0 0
#obs catch bio
 0 96694.7 144094 196688 241266 295019 283506 273770 287221 303605 340137 292234 281021 251169 238160 221747 195586 180416 161153 147690 132437 128403 110079 130224 109820 105938 96027.3 100316 108487 105131 98975.8 94036.3 109871 93113.1 96286.4 92945.6 81285.1 81738.8 88227.2 84570.6 89105.6 96042.9 89533.8 85832.8 96497 88904.1 91700.8 91300 92160.1 92837.2 91592.1 115740 89212.6 108543 107457 98977.9 88191.6 89382.8 84434.1 78722.5
#pred cpue bio
 4.56944e+06 4.2788e+06 4.01116e+06 3.7206e+06 3.40782e+06 3.0841e+06 2.74133e+06 2.44727e+06 2.19667e+06 1.9606e+06 1.73153e+06 1.48359e+06 1.29851e+06 1.13493e+06 1.00587e+06 889859 791611 720229 664822 627532 598869 582919 568752 572291 550529 547704 548532 559849 566541 562366 558710 559645 563426 545323 540145 525349 510642 510769 517778 522406 532255 536821 531971 532897 537452 528910 528901 527791 531205 536919 542198 547343 523018 527133 509836 493689 488779 499736 514099 540839 2.03573e+07 1.26096e+07 1.30077e+07 1.35201e+07 1.41103e+07 1.46728e+07 1.51543e+07 1.55418e+07 1.58418e+07 1.60683e+07 1.62366e+07 1.63606e+07 1.64517e+07 1.65185e+07 1.65677e+07 1.6604e+07 1.6631e+07 1.66511e+07 1.66662e+07 1.66776e+07 1.66862e+07 1.66927e+07 1.66977e+07 1.67015e+07 1.67044e+07 1.67067e+07 1.67084e+07 1.67097e+07 1.67107e+07 1.67115e+07 1.67121e+07 1.67126e+07 1.67129e+07 1.67132e+07 1.67134e+07 1.67136e+07 1.67137e+07 1.67138e+07 1.67139e+07 1.6714e+07 1.6714e+07 1.67141e+07 1.67141e+07 1.67141e+07 1.67141e+07 1.67141e+07 1.67141e+07 1.67142e+07 1.67142e+07 1.67142e+07 1.67142e+07 1.67142e+07 1.67142e+07 1.67142e+07 1.67142e+07 1.67142e+07 1.67142e+07 1.67142e+07 1.67142e+07 1.67142e+07 1.67142e+07 1.67142e+07 1.67142e+07 1.67142e+07 1.67142e+07 1.67142e+07 1.67142e+07 1.67142e+07 1.67142e+07 1.67142e+07 1.67142e+07 1.67142e+07 1.67142e+07 1.67142e+07 1.67142e+07 1.67142e+07 1.67142e+07 1.67142e+07 1.67142e+07 1.67142e+07 1.67142e+07 1.67142e+07 1.67142e+07 1.67142e+07 1.67142e+07 1.67142e+07 1.67142e+07 1.67142e+07 1.67142e+07 1.67142e+07 1.67142e+07 1.67142e+07 1.67142e+07 1.67142e+07 1.67142e+07 1.67142e+07 1.67142e+07 1.67142e+07 1.67142e+07 1.67142e+07 0 0 0 0 0 0 0 0 0 0 0 0 0 0 0 0 0 0 0 0 0 0 0 0 0
#obs cpue bio
 3.3908e+06 4.45191e+06 2.45654e+06 3.44315e+06 3.02432e+06 3.09006e+06 2.09250e+06 2.14564e+06 2.27052e+06 1.35174e+06 1.48586e+06 1.24824e+06 1.17321e+06 1.26814e+06 857808 870964 805147 514070 436468 689074 456674 520237 559626 490826 629357 398331 610883 497330 431657 603593 512895 564663 471781 445515 765919 548898 705224 360674 493251 631697 779845 725820 735882 584447 659911 629762 585931 453756 403208 682314 714995 566073 591004 566419 509458 661400 411421 564410 479855 728720
#pred surv len freq
 0.00459642 0.00743173 0.0111337 0.015684 0.0210011 0.0268751 0.0329243 0.0386679 0.0436903 0.0477704 0.0508905 0.0531637 0.0547563 0.0558332 0.0565186 0.0568713 0.0568847 0.0564971 0.0555867 0.0539382 0.051221 0.0470595 0.0412344 0.0339302 0.0258395
 0.00498198 0.00796819 0.0117784 0.0163526 0.0216064 0.027379 0.0333668 0.039142 0.0442723 0.0484484 0.0515412 0.0535972 0.0548025 0.0554219 0.0557139 0.0558493 0.0558671 0.0556692 0.0550317 0.0536172 0.0510094 0.0468209 0.0408915 0.0334925 0.0253785
 0.00512766 0.00825078 0.0122818 0.0171662 0.0227838 0.0288865 0.0350568 0.0407869 0.0456535 0.0494456 0.0521559 0.0538949 0.0548265 0.0551525 0.0551005 0.0548815 0.0546225 0.0543008 0.0537044 0.0524381 0.049998 0.0459346 0.0400809 0.0327455 0.0247236
 0.00530899 0.00852985 0.0126779 0.0177011 0.0234936 0.0298291 0.0362976 0.0423563 0.0474939 0.0513858 0.053946 0.0552905 0.0556707 0.0554009 0.0547868 0.0540699 0.0533907 0.0527525 0.0519761 0.050677 0.0483244 0.0444201 0.0387577 0.0316305 0.0238319
 0.00552101 0.0088713 0.0131851 0.0184042 0.0244105 0.030959 0.0376178 0.0438296 0.0490805 0.0530452 0.0556178 0.0568657 0.0569861 0.0562734 0.0550717 0.053704 0.0523998 0.0512329 0.0500716 0.048558 0.0461657 0.0423769 0.0369484 0.0301304 0.0226733
 0.00577028 0.00926829 0.013768 0.0192052 0.0254526 0.0322492 0.0391374 0.0455264 0.0508721 0.0548338 0.0573077 0.0583736 0.0582346 0.0571753 0.0555224 0.0535975 0.0516638 0.0498644 0.0481522 0.0462452 0.0436659 0.0399095 0.0347086 0.0282586 0.0212373
 0.0060922 0.00977934 0.0145147 0.0202237 0.0267641 0.0338523 0.0409974 0.0475693 0.05299 0.0569002 0.0591963 0.0599733 0.059458 0.057959 0.0558164 0.0533533 0.0508337 0.0484203 0.0461186 0.0437274 0.0408532 0.0370482 0.032051 0.0260067 0.0195013
 0.00639935 0.0102679 0.0152307 0.0212043 0.0280336 0.0354141 0.0428233 0.0495926 0.0551092 0.0589923 0.0611332 0.0616357 0.0607454 0.0587944 0.0561463 0.0531405 0.05005 0.047049 0.044173 0.0412807 0.0380609 0.0341418 0.0292953 0.0236338 0.0176528
 0.0066589 0.0106863 0.015854 0.0220748 0.029183 0.036854 0.0445325 0.0515101 0.057139 0.0610171 0.0630304 0.0632892 0.0620538 0.0596761 0.0565407 0.0530058 0.0493593 0.0457903 0.0423605 0.0389769 0.0354003 0.0313344 0.0265954 0.0212788 0.0157986
 0.00687098 0.0110371 0.0163939 0.0228558 0.0302509 0.0382332 0.0462098 0.0534254 0.0591895 0.0630735 0.0649558 0.0649561 0.063356 0.0605347 0.0569039 0.0528432 0.0486557 0.044544 0.0405917 0.0367463 0.0328311 0.0286191 0.0239722 0.0189763 0.0139741
 0.00706621 0.0113597 0.0168901 0.0235748 0.0312386 0.0395199 0.0477947 0.0552647 0.0611947 0.0651201 0.0668994 0.0666521 0.0646789 0.0613926 0.0572428 0.0526419 0.0479157 0.0432821 0.0388424 0.0345765 0.0303587 0.0260217 0.0214679 0.0167769 0.0122271
 0.0073982 0.0118874 0.0176627 0.0246317 0.032605 0.0411978 0.0497511 0.0574224 0.0634349 0.0672968 0.0688587 0.0682515 0.0658038 0.0619679 0.0572365 0.05206 0.0467906 0.041663 0.0367921 0.0321803 0.0277395 0.0233481 0.0189394 0.0145831 0.0104972
 0.00761989 0.0122472 0.0182032 0.0253934 0.0336196 0.0424784 0.0512793 0.0591423 0.0652577 0.0691128 0.070551 0.0697063 0.0669181 0.0626573 0.0574429 0.051756 0.0459802 0.0403779 0.0350901 0.0301474 0.0254962 0.0210506 0.0167653 0.0126969 0.00900983
 0.00783685 0.0125979 0.0187279 0.0261293 0.0345955 0.043705 0.0527368 0.0607732 0.0669692 0.0707905 0.0720758 0.07097 0.0678351 0.0631693 0.0575182 0.0513853 0.0451731 0.0391626 0.0335164 0.0282927 0.0234705 0.0189948 0.0148353 0.0110338 0.00770511
 0.00809476 0.0129941 0.0192822 0.0268474 0.0354722 0.0447284 0.0538885 0.0620226 0.0682688 0.0720747 0.0732651 0.0719801 0.0685882 0.0636046 0.0575976 0.0510937 0.0445155 0.0381611 0.0322118 0.0267492 0.0217812 0.0172796 0.0132267 0.00965005 0.00662185
 0.0083751 0.0134414 0.0199382 0.0277417 0.0366131 0.0460901 0.0554013 0.0635766 0.0697352 0.0733371 0.0742426 0.0726321 0.0689043 0.0635913 0.0572695 0.0504699 0.0436191 0.0370214 0.0308676 0.025255 0.020212 0.0157311 0.0118033 0.00844344 0.00568755
 0.00863753 0.0138573 0.0205444 0.028566 0.0376695 0.0473716 0.0568679 0.0651474 0.0712914 0.0747387 0.0753555 0.0733553 0.0691894 0.0634458 0.0567435 0.0496339 0.0425443 0.0357696 0.0294925 0.0238101 0.0187595 0.0143441 0.0105594 0.00740824 0.00489698
 0.00869873 0.0139751 0.0207556 0.0289167 0.0382052 0.0481205 0.0578255 0.0662695 0.0725007 0.0759375 0.0764394 0.0742251 0.0697628 0.0636707 0.0566074 0.0491639 0.0417966 0.034814 0.0283997 0.0226469 0.0175907 0.013235 0.0095723 0.00659264 0.00427801
 0.00863011 0.0138833 0.0206558 0.0288399 0.038196 0.04823 0.0581012 0.0667434 0.0731758 0.076779 0.0773739 0.0751523 0.070576 0.0642776 0.0569448 0.0492052 0.0415513 0.034322 0.0277209 0.0218508 0.0167487 0.0124151 0.00883411 0.00598012 0.00381282
 0.00869128 0.0139483 0.0206915 0.0287988 0.0380348 0.0479365 0.0577154 0.0663561 0.0729029 0.0767225 0.0775882 0.0756284 0.0712459 0.0650333 0.0576658 0.0497851 0.0419178 0.0344457 0.0276138 0.0215568 0.0163309 0.011943 0.00837197 0.00557743 0.00349789
 0.0088138 0.0141305 0.0209318 0.0290785 0.0383153 0.0481619 0.0578207 0.0662874 0.0726449 0.07632 0.0771439 0.07527 0.071077 0.0650947 0.0579245 0.0501534 0.0422883 0.0347252 0.0277457 0.0215284 0.0161671 0.0116924 0.00809014 0.00531272 0.00328173
 0.00883319 0.0141628 0.0209815 0.0291489 0.0384061 0.048265 0.0579171 0.0663464 0.0726305 0.0762042 0.0769237 0.0749799 0.0707867 0.0648876 0.0578649 0.0502584 0.0425204 0.0350095 0.0280006 0.0216938 0.01622 0.0116454 0.00797871 0.00517787 0.00315656
 0.00881057 0.0141319 0.0209459 0.0291162 0.0383861 0.0482671 0.0579463 0.0664009 0.0726992 0.0762669 0.0769548 0.0749577 0.0707054 0.0647661 0.0577443 0.0501861 0.0425279 0.0350956 0.0281325 0.0218237 0.0163071 0.0116717 0.00795064 0.00511737 0.00308808
 0.00868105 0.0139226 0.0206346 0.0286861 0.0378336 0.0476109 0.0572359 0.065714 0.0721266 0.075888 0.076816 0.0750614 0.0710144 0.0652191 0.0582765 0.0507461 0.0430832 0.0356266 0.0286212 0.0222483 0.0166457 0.011912 0.00809681 0.00518858 0.00311067
 0.00886676 0.0141988 0.0210012 0.0291232 0.0383028 0.0480608 0.0576086 0.0659544 0.0721943 0.0757712 0.0765372 0.0746719 0.0705778 0.0647927 0.0579002 0.0504403 0.0428538 0.0354713 0.0285316 0.0222099 0.0166391 0.011917 0.00809845 0.00518099 0.00309572
 0.00885008 0.0141778 0.0209803 0.0291089 0.0382999 0.048068 0.057615 0.0659417 0.0721444 0.0756743 0.0763983 0.0745108 0.0704232 0.0646741 0.0578386 0.0504439 0.0429173 0.0355799 0.0286665 0.0223521 0.016772 0.0120277 0.00817984 0.00523261 0.00312284
 0.00889804 0.0142358 0.0210316 0.0291271 0.0382586 0.0479535 0.0574363 0.0657281 0.0719329 0.0754943 0.0762627 0.0744182 0.0703672 0.0646512 0.0578509 0.0504957 0.04301 0.035708 0.0288177 0.0225102 0.0169206 0.0121539 0.00827639 0.00529851 0.00316245
 0.00873372 0.0139987 0.0207293 0.0287829 0.0379011 0.0476031 0.0570974 0.065396 0.0716096 0.0752021 0.0760431 0.0743161 0.0704099 0.0648366 0.0581511 0.0508702 0.0434189 0.0361191 0.029207 0.0228597 0.0172174 0.0123905 0.00845173 0.00541807 0.00323669
 0.00853164 0.0136928 0.0203125 0.0282672 0.0373183 0.0470017 0.0565377 0.0649384 0.0712992 0.0750543 0.0760431 0.0744332 0.0706162 0.0651171 0.0584987 0.0512747 0.043861 0.0365717 0.0296417 0.0232524 0.0175514 0.0126571 0.00865015 0.00555468 0.0033229
 0.00851309 0.0136492 0.0202224 0.0281044 0.0370604 0.0466432 0.056101 0.0644745 0.0708747 0.0747308 0.075859 0.0743944 0.0707017 0.0652923 0.0587312 0.051543 0.0441529 0.0368777 0.0299494 0.0235456 0.0178133 0.0128749 0.00881779 0.00567338 0.00339972
 0.00845118 0.0135593 0.020106 0.0279665 0.0369041 0.0464637 0.0558839 0.0642043 0.0705495 0.0743747 0.0755221 0.0741378 0.070574 0.0653125 0.0588858 0.0517972 0.0444663 0.0372156 0.0302855 0.0238605 0.018092 0.0131064 0.00899676 0.005801 0.00348305
 0.00828804 0.0133115 0.0197661 0.027541 0.0364132 0.0459391 0.0553653 0.0637338 0.0701626 0.0740929 0.0753521 0.0740792 0.0706284 0.0654846 0.0591764 0.052193 0.0449374 0.0377213 0.0307845 0.0243188 0.0184865 0.0134251 0.00923741 0.00596971 0.00359198
 0.0080018 0.0128781 0.0191738 0.0268015 0.0355597 0.0450215 0.0544475 0.0628903 0.0694712 0.0736201 0.0751386 0.0741317 0.0709224 0.0659755 0.0598126 0.0529246 0.0457186 0.0385083 0.0315351 0.0249955 0.0190613 0.0138833 0.00957862 0.00620571 0.00374258
 0.00784594 0.0126405 0.0188464 0.0263885 0.035078 0.0444991 0.0539216 0.0624036 0.0690643 0.0733234 0.0749669 0.0740865 0.0709969 0.0661592 0.0600927 0.0532858 0.0461421 0.0389713 0.0320107 0.0254544 0.0194754 0.0142308 0.00984845 0.00639855 0.00386881
 0.00782808 0.0125717 0.0186707 0.026033 0.0344752 0.0436219 0.0528116 0.0611747 0.0678752 0.0723334 0.0742959 0.073794 0.0710812 0.0665704 0.0607527 0.0541078 0.047045 0.039887 0.0328851 0.0262458 0.0201538 0.0147788 0.0102624 0.0066886 0.00405591
 0.00855355 0.0136056 0.0199538 0.0274098 0.035727 0.0445265 0.0532007 0.0609685 0.0670942 0.0710941 0.0727903 0.0722472 0.0696982 0.065492 0.0600373 0.053742 0.0469688 0.040021 0.0331504 0.0265737 0.02049 0.0150841 0.0105131 0.00687562 0.00418257
 0.00939837 0.0149103 0.0217813 0.0297516 0.0384811 0.0474803 0.0560278 0.0632685 0.0684878 0.0713423 0.0718741 0.0703668 0.0671974 0.0627543 0.0573955 0.0514257 0.0450928 0.0386036 0.032146 0.0259063 0.0200766 0.0148489 0.0103933 0.00682371 0.00416562
 0.00923778 0.01478 0.0218259 0.0301828 0.039518 0.0492526 0.058489 0.0661662 0.0714112 0.0738237 0.0735062 0.0709015 0.0666022 0.0612083 0.0552258 0.0490078 0.0427553 0.0365698 0.0305215 0.024701 0.0192405 0.0143054 0.0100629 0.00663678 0.00406796
 0.00877151 0.014081 0.020893 0.0290783 0.0383822 0.0483054 0.0580079 0.0664219 0.0725623 0.0758145 0.0760339 0.07349 0.0687546 0.0625648 0.0556575 0.0486168 0.0418004 0.0353591 0.0293201 0.0236792 0.0184687 0.0137788 0.00973552 0.00645093 0.00397173
 0.00865677 0.013863 0.0205093 0.0284584 0.0374747 0.04712 0.0566535 0.0651166 0.0715972 0.0754748 0.0765009 0.0747588 0.070608 0.0646262 0.0575117 0.0499475 0.0424788 0.0354491 0.0290108 0.0231906 0.0179764 0.0133818 0.00946272 0.00628717 0.00388503
 0.00854115 0.0136864 0.0202613 0.0281289 0.0370457 0.0465599 0.0559245 0.0642016 0.0705397 0.0744091 0.0756441 0.0743525 0.0708247 0.065485 0.0588504 0.0514738 0.0438782 0.0364961 0.0296277 0.0234355 0.0179802 0.0132782 0.00934478 0.00619816 0.00383238
 0.00844396 0.0135388 0.0200589 0.0278747 0.0367488 0.0462316 0.0555731 0.0638265 0.0701296 0.0739505 0.0751447 0.0738677 0.0704657 0.0653884 0.0591146 0.0520976 0.0447437 0.0374128 0.0304129 0.0239827 0.01828 0.0133911 0.00935292 0.00616797 0.00380073
 0.0085178 0.0136394 0.0201746 0.0279828 0.0368223 0.0462496 0.0555279 0.0637234 0.0699783 0.0737552 0.0749 0.0735672 0.0701202 0.0650429 0.0588473 0.051992 0.0448452 0.0376974 0.0307938 0.0243517 0.0185568 0.0135493 0.00941287 0.00617032 0.00378167
 0.00853067 0.013661 0.0202072 0.0280263 0.0368708 0.0462886 0.0555347 0.0636733 0.0698561 0.0735645 0.0746633 0.0733158 0.0698813 0.0648355 0.0586884 0.051905 0.0448573 0.0378236 0.0310187 0.0246275 0.0188225 0.0137573 0.00954564 0.00623785 0.00380702
 0.00853484 0.0136618 0.0201978 0.0279974 0.0368141 0.0462011 0.055421 0.063544 0.0697216 0.0734307 0.0745312 0.0731865 0.0697611 0.0647357 0.058623 0.0518871 0.0448977 0.0379291 0.0311862 0.0248389 0.0190457 0.0139573 0.00969819 0.0063367 0.00386111
 0.00876987 0.0140109 0.0206611 0.0285518 0.0374176 0.0468013 0.0559633 0.0639766 0.0700015 0.0735293 0.0744403 0.0729183 0.0693453 0.0642153 0.0580488 0.0513123 0.0443715 0.0374894 0.0308551 0.0246191 0.0189219 0.0139019 0.00968119 0.00633484 0.0038616
 0.00901784 0.0143835 0.0211641 0.0291678 0.038108 0.0475118 0.0566294 0.0645307 0.0703835 0.0737002 0.0743907 0.0726674 0.0689319 0.0636863 0.0574525 0.0506949 0.043776 0.0369541 0.0304088 0.0242771 0.0186834 0.0137519 0.00959637 0.00629126 0.00384048
 0.00905391 0.0144734 0.0213555 0.0295202 0.0386724 0.0483012 0.0575952 0.0655625 0.0713365 0.0744377 0.0748189 0.0727513 0.0686913 0.0631807 0.0567619 0.0499036 0.0429611 0.0361794 0.0297222 0.0237091 0.018246 0.0134397 0.00939049 0.00616588 0.00376979
 0.00880949 0.0141261 0.020928 0.0290723 0.0382929 0.0480895 0.0576383 0.0659116 0.0719858 0.0753124 0.0757844 0.0736469 0.0693769 0.0635742 0.0568512 0.0497338 0.0426096 0.0357312 0.0292529 0.0232761 0.0178851 0.0131655 0.00920028 0.00604544 0.00370018
 0.00861921 0.0138198 0.020476 0.0284571 0.0375234 0.0472175 0.0567691 0.0651937 0.0715746 0.0753189 0.0762332 0.0744643 0.0704122 0.0646453 0.0577952 0.0504455 0.0430549 0.0359367 0.0292815 0.0231999 0.0177665 0.0130478 0.0091059 0.00598062 0.00366119
 0.00855655 0.0137087 0.0202909 0.0281671 0.0370981 0.0466382 0.056044 0.0643712 0.0707483 0.0746172 0.0757931 0.0743909 0.0707402 0.06532 0.058687 0.0513911 0.0439081 0.0366048 0.0297365 0.0234659 0.0178947 0.0130927 0.00911074 0.00597209 0.003652
 0.00854504 0.0136846 0.0202437 0.0280812 0.0369528 0.0464103 0.0557126 0.0639253 0.0701963 0.0739978 0.0751793 0.0738829 0.0704427 0.0653091 0.0589793 0.0519326 0.04459 0.0373007 0.0303425 0.0239257 0.0182015 0.0132734 0.00920489 0.00601561 0.00367006
 0.00889622 0.0142167 0.020971 0.0289881 0.0379941 0.0475149 0.0567852 0.0648504 0.0708514 0.0742778 0.0750257 0.0733061 0.0695279 0.0642007 0.0578458 0.0509207 0.0437874 0.0367237 0.0299516 0.0236586 0.0180041 0.0131145 0.00907459 0.0059143 0.00359843
 0.00886792 0.0141893 0.0209639 0.0290294 0.038112 0.047724 0.0570765 0.0651901 0.0711905 0.074565 0.075217 0.0733691 0.0694462 0.0639814 0.0575246 0.0505588 0.0434539 0.0364713 0.0297993 0.0235914 0.0179882 0.0131171 0.00907583 0.00590862 0.0035885
 0.00906146 0.0144867 0.02138 0.029568 0.0387676 0.048483 0.0579138 0.0660617 0.0720283 0.07528 0.0757141 0.0735702 0.0693116 0.0635217 0.0567987 0.0496603 0.0424919 0.0355494 0.0289961 0.0229485 0.0175099 0.012782 0.00885155 0.00576413 0.00349916
 0.00928767 0.014835 0.0218672 0.0301958 0.0395211 0.0493315 0.0588104 0.0669457 0.0728327 0.0759414 0.0761796 0.0737983 0.0692732 0.0632049 0.0562176 0.0488617 0.0415533 0.0345655 0.0280603 0.0221334 0.0168561 0.0122963 0.00851585 0.00554738 0.00336825
 0.00942925 0.0150532 0.0221733 0.0305919 0.0400003 0.0498779 0.0593985 0.0675406 0.0733935 0.0764278 0.0765574 0.0740421 0.0693647 0.0631304 0.05597 0.0484455 0.040992 0.0339056 0.0273653 0.0214709 0.0162814 0.0118412 0.00818582 0.00532773 0.00323384
 0.00961406 0.0153117 0.0224851 0.0309129 0.0402767 0.0500682 0.0594907 0.067555 0.0733711 0.076412 0.0765792 0.0741118 0.0694708 0.0632442 0.0560522 0.0484572 0.0409056 0.033714 0.0270862 0.0211422 0.0159493 0.0115462 0.00795271 0.0051625 0.00312832
 0.00977457 0.0155639 0.022846 0.0313861 0.0408444 0.0506838 0.0600778 0.0680215 0.0736384 0.0764473 0.0764088 0.0738074 0.0691168 0.0629054 0.0557581 0.048204 0.0406697 0.0334694 0.0268184 0.0208546 0.0156611 0.011283 0.0077359 0.005002 0.00302168
 0.0093962 0.0150381 0.0222201 0.0307608 0.0403467 0.0504213 0.0601002 0.0683069 0.0741079 0.0769942 0.0769321 0.0742376 0.0694292 0.0631161 0.0559038 0.048318 0.0407665 0.033544 0.0268567 0.0208472 0.015611 0.0112052 0.00765031 0.0049258 0.00296414
#obs surv len freq
 nan nan nan nan nan nan nan nan nan nan nan nan nan nan nan nan nan nan nan nan nan nan nan nan nan
 0.00448985 0.00735346 0.0111854 0.0160027 0.0217032 0.0279773 0.0342893 0.0400181 0.0446955 0.0481575 0.0505138 0.0520083 0.0528994 0.0534109 0.0537244 0.0539788 0.054257 0.0545494 0.054688 0.0542799 0.052718 0.0493505 0.043801 0.0362819 0.0276665
 0.00460985 0.00755354 0.0114953 0.0164522 0.0223139 0.0287515 0.0351987 0.0410015 0.0456682 0.0490293 0.0512068 0.0524679 0.053099 0.0533508 0.0534274 0.0534822 0.0536042 0.0537828 0.0538465 0.0534002 0.0518389 0.0485148 0.0430532 0.0356599 0.0271912
 0.00477741 0.00782518 0.011903 0.0170259 0.0230769 0.029712 0.0363393 0.0422733 0.0469923 0.050307 0.0523337 0.0533481 0.0536578 0.0535446 0.0532475 0.0529517 0.0527701 0.0527062 0.0525947 0.052044 0.050454 0.0471819 0.0418524 0.0346574 0.0264236
 0.00497522 0.00814776 0.0123903 0.0177152 0.0239958 0.0308667 0.0377035 0.0437844 0.0485607 0.0518322 0.0537171 0.0544988 0.0544945 0.0539991 0.0532723 0.0525289 0.0519153 0.0514678 0.0510486 0.0502887 0.0486055 0.0453682 0.0401995 0.0332682 0.0253559
 0.00518029 0.00848553 0.0129068 0.0184562 0.0249978 0.0321428 0.039229 0.0454914 0.0503477 0.0535835 0.0553212 0.0558585 0.0555286 0.0546406 0.0534669 0.0522379 0.0511231 0.0501913 0.0493451 0.0482598 0.0463939 0.0431454 0.0381413 0.0315208 0.0240046
 0.00541055 0.00886253 0.0134793 0.0192719 0.0260947 0.0335354 0.0408932 0.0473586 0.0523127 0.0555231 0.0571131 0.0573936 0.0567163 0.0554093 0.0537617 0.0520177 0.0503622 0.0488872 0.0475337 0.0460301 0.0438959 0.0405791 0.0357254 0.0294456 0.022387
 0.0056355 0.00923139 0.0140405 0.0200731 0.0271743 0.034909 0.0425392 0.0492124 0.0542751 0.0574784 0.0589457 0.0589978 0.0579999 0.0562941 0.0541834 0.0519249 0.0497175 0.0476739 0.0457696 0.043788 0.0413183 0.0378747 0.0331365 0.0271928 0.020614
 0.00587339 0.00962078 0.0146315 0.0209142 0.0283033 0.0363386 0.0442422 0.0511164 0.0562733 0.0594498 0.0607748 0.0605848 0.0592625 0.0571648 0.0546057 0.0518502 0.049105 0.0464974 0.0440332 0.0415488 0.038707 0.0350972 0.0304445 0.0248256 0.0187349
 0.00612419 0.01003 0.0152502 0.0217909 0.0294745 0.0378146 0.0459915 0.0530609 0.058299 0.061429 0.0625873 0.06213 0.0604629 0.057963 0.0549588 0.0517229 0.0484661 0.0453228 0.042321 0.0393436 0.0361246 0.0323321 0.0277442 0.0224331 0.0168227
 0.00637051 0.0104351 0.0158683 0.0226748 0.0306651 0.0393231 0.0477829 0.0550488 0.0603585 0.0634223 0.0643871 0.0636333 0.0615941 0.0586718 0.0552137 0.0515038 0.0477573 0.0441129 0.0406133 0.0371789 0.0336064 0.0296387 0.0251085 0.0200894 0.0149416
 0.00660477 0.0108212 0.0164593 0.0235234 0.0318131 0.0407853 0.0495295 0.0569985 0.0623899 0.0653961 0.0661698 0.0651131 0.062688 0.059327 0.0554028 0.0512173 0.0469945 0.0428785 0.0389233 0.0350781 0.0311923 0.0270737 0.022605 0.0178634 0.0131523
 0.0068385 0.0112031 0.0170376 0.0243443 0.0329122 0.0421732 0.0511774 0.0588323 0.064299 0.0672533 0.0678512 0.0665115 0.0637199 0.059935 0.0555557 0.0509049 0.0462218 0.0416606 0.0372879 0.0330779 0.0289228 0.0246841 0.0202861 0.0158078 0.0115018
 0.00706802 0.0115779 0.0176047 0.0251476 0.0339837 0.0435185 0.0527615 0.0605756 0.0660892 0.0689677 0.069377 0.0677569 0.0646167 0.0604373 0.0556372 0.0505566 0.0454486 0.0404798 0.0357318 0.0312028 0.0268221 0.0224951 0.0181786 0.0139498 0.0100152
 0.00726217 0.0119012 0.018105 0.0258737 0.0349737 0.0447831 0.0542677 0.0622417 0.0677983 0.0705917 0.0708001 0.0688889 0.0653972 0.0608326 0.0556352 0.0501602 0.0446708 0.0393425 0.0342692 0.0294706 0.0249079 0.0205229 0.016297 0.0123026 0.00870411
 0.00743037 0.0121765 0.018523 0.0264695 0.0357761 0.0458046 0.0554927 0.0636201 0.0692486 0.0720134 0.0720885 0.0699494 0.0661559 0.0612424 0.055676 0.0498339 0.0439943 0.0383427 0.0329841 0.0279552 0.023243 0.0188179 0.0146798 0.0108943 0.00758792
 0.00752741 0.0123349 0.0187629 0.0268114 0.0362381 0.0463985 0.0562183 0.064462 0.0701763 0.0729837 0.0730482 0.0708368 0.0669047 0.0617882 0.0559649 0.0498298 0.0436826 0.0377299 0.0320968 0.0268417 0.021976 0.017494 0.0134096 0.00978091 0.0067024
 0.00759114 0.0124351 0.018908 0.0270076 0.0364905 0.0467107 0.0565921 0.0648965 0.0706674 0.0735237 0.0736238 0.0714266 0.0674756 0.0622952 0.0563543 0.0500471 0.0436822 0.0374845 0.0316042 0.0261285 0.0210984 0.0165339 0.0124625 0.00893661 0.00602385
 0.0076681 0.0125517 0.0190674 0.0272073 0.0367232 0.0469663 0.0568602 0.0651679 0.0709363 0.0737897 0.073892 0.0717036 0.0677634 0.0625843 0.0566199 0.0502502 0.043776 0.0374253 0.0313638 0.0257049 0.0205215 0.015863 0.0117747 0.00830835 0.005511
 0.00771946 0.0126329 0.019185 0.0273648 0.0369192 0.0471928 0.0571014 0.0654027 0.071144 0.0739582 0.074022 0.0718076 0.0678591 0.0626861 0.056731 0.0503579 0.0438521 0.0374319 0.0312644 0.025478 0.0201715 0.0154232 0.0113 0.00785924 0.00513553
 0.00777241 0.0127118 0.0192906 0.0274933 0.037064 0.0473467 0.0572578 0.0655551 0.0712854 0.0740805 0.0741184 0.0718755 0.0679024 0.0627143 0.0567553 0.0503841 0.0438745 0.0374319 0.0312154 0.0253556 0.0199657 0.0151462 0.010985 0.00754928 0.00486875
 0.00781469 0.0127754 0.0193764 0.0275984 0.0371815 0.0474672 0.0573705 0.0656502 0.0713564 0.0741267 0.0741442 0.0718884 0.0679093 0.0627199 0.0567624 0.0503936 0.0438842 0.0374338 0.0311947 0.0252951 0.0198531 0.0149828 0.0107878 0.00734602 0.00468747
 0.00782572 0.0127914 0.019397 0.0276218 0.037205 0.0474878 0.0573858 0.0656586 0.0713581 0.0741236 0.0741407 0.0718903 0.0679221 0.0627474 0.0568047 0.0504474 0.0439431 0.0374883 0.0312332 0.0253045 0.0198235 0.0149119 0.0106845 0.00722815 0.00457523
 0.00788705 0.0128835 0.019521 0.0277733 0.0373745 0.047662 0.0575492 0.065795 0.0714527 0.0741668 0.0741304 0.0718324 0.0678293 0.0626355 0.0566895 0.0503411 0.0438522 0.0374133 0.0311687 0.0252419 0.0197538 0.0148302 0.0105926 0.00713409 0.00448973
 0.00789604 0.0129006 0.0195512 0.0278219 0.0374453 0.047754 0.0576549 0.0659008 0.0715432 0.0742295 0.0741592 0.071828 0.0677972 0.0625838 0.0566271 0.0502766 0.0437926 0.0373623 0.0311258 0.0252028 0.0197128 0.0147828 0.0105383 0.00707699 0.00443636
 0.00787949 0.0128727 0.0195078 0.0277598 0.0373644 0.04766 0.0575605 0.0658233 0.0714991 0.0742275 0.0741972 0.0718952 0.0678789 0.0626671 0.0567036 0.0503426 0.0438479 0.037408 0.0311627 0.0252302 0.0197286 0.0147853 0.010528 0.0070573 0.0044127
 0.00787518 0.01286 0.0194784 0.0277028 0.0372693 0.0475222 0.0573855 0.0656289 0.0713115 0.074076 0.0741058 0.0718766 0.0679318 0.0627776 0.0568503 0.0505036 0.0440054 0.0375507 0.0312845 0.0253285 0.0198025 0.0148354 0.0105565 0.00706854 0.00441259
 0.00787246 0.0128509 0.0194559 0.027657 0.0371893 0.0473995 0.0572179 0.0654231 0.0710842 0.0738518 0.0739142 0.0717457 0.0678819 0.0628155 0.0569675 0.0506792 0.0442126 0.0377632 0.0314819 0.0254978 0.0199375 0.014935 0.0106236 0.00710888 0.00443336
 0.00789396 0.0128819 0.0194946 0.0276984 0.0372251 0.0474189 0.0572089 0.0653748 0.0709901 0.0737134 0.0737433 0.071564 0.067717 0.062694 0.0569085 0.0506889 0.0442832 0.0378767 0.0316156 0.0256305 0.020054 0.015027 0.0106892 0.00715088 0.00445712
 0.00788526 0.0128727 0.0194897 0.0277046 0.0372484 0.0474608 0.0572631 0.0654274 0.0710233 0.0737113 0.073697 0.071475 0.067597 0.0625634 0.0567912 0.0506064 0.0442489 0.037892 0.0316708 0.025709 0.020138 0.0151025 0.0107484 0.00719178 0.0044821
 0.00784433 0.0128046 0.0193853 0.0275564 0.0370549 0.0472311 0.0570204 0.0652051 0.0708551 0.0736187 0.0736826 0.0715238 0.0676858 0.0626708 0.0569045 0.0507232 0.0443729 0.0380276 0.0318179 0.0258609 0.0202832 0.0152294 0.010849 0.00726384 0.0045286
 0.0078229 0.0127662 0.0193209 0.0274552 0.036907 0.0470318 0.0567746 0.0649307 0.0705814 0.0733814 0.0735152 0.0714484 0.0677067 0.0627746 0.0570666 0.050917 0.044578 0.038232 0.0320156 0.0260474 0.0204528 0.0153751 0.0109652 0.00734871 0.00458486
 0.00781108 0.0127456 0.0192869 0.0274021 0.0368284 0.0469218 0.0566296 0.0647516 0.0703757 0.0731644 0.0733095 0.0712812 0.0676033 0.0627513 0.0571254 0.0510455 0.0447545 0.0384327 0.0322206 0.0262424 0.0206282 0.0155242 0.0110839 0.00743618 0.00464377
 0.00776428 0.0126712 0.0191784 0.0272549 0.0366415 0.0466991 0.0563816 0.064495 0.0701302 0.0729489 0.0731392 0.071167 0.067554 0.0627735 0.057222 0.0512123 0.0449786 0.0386938 0.0324944 0.0265065 0.020865 0.0157225 0.0112389 0.00754851 0.00471874
 0.00772972 0.0126124 0.0190852 0.0271171 0.0364513 0.0464561 0.0560964 0.0641895 0.0698337 0.0726906 0.0729418 0.0710444 0.067511 0.0628089 0.0573307 0.0513866 0.0452077 0.0389623 0.0327826 0.0267922 0.0211274 0.015946 0.0114151 0.00767675 0.00480438
 0.00932936 0.014852 0.0217888 0.0298975 0.0388222 0.0480109 0.0566503 0.0638078 0.0687516 0.0711941 0.0712795 0.069392 0.0659759 0.0614477 0.0561671 0.0504245 0.0444392 0.0383723 0.0323506 0.0264932 0.0209338 0.0158301 0.0113518 0.00764602 0.00479164
 0.00928505 0.0150776 0.0226535 0.0318614 0.0422366 0.0528475 0.0623298 0.0692945 0.0729221 0.0732817 0.0711277 0.0673974 0.0628148 0.0577869 0.0524981 0.0470357 0.0414648 0.0358552 0.0302869 0.0248561 0.0196829 0.0149156 0.0107172 0.00723159 0.00453917
 0.0089561 0.0145567 0.0219173 0.0309549 0.0413283 0.0522682 0.0625343 0.0706993 0.0756566 0.077002 0.0750581 0.0706263 0.0646761 0.0580924 0.0515074 0.0452417 0.0393607 0.0337994 0.0284795 0.0233763 0.0185379 0.0140755 0.0101345 0.00685187 0.00430856
 0.00881197 0.0143117 0.021529 0.0303794 0.0405359 0.0512742 0.0614399 0.0697212 0.0751134 0.0772269 0.0762485 0.0726959 0.0672188 0.0605132 0.0532665 0.0460639 0.0392927 0.03311 0.0274985 0.0223708 0.0176664 0.0134001 0.00965524 0.00653764 0.00411808
 0.00875255 0.0142115 0.0213705 0.0301414 0.0401947 0.0508087 0.0608408 0.0690072 0.0743513 0.0765487 0.0758453 0.0727703 0.0678935 0.0617394 0.0547981 0.0475377 0.0403792 0.0336447 0.0275154 0.0220389 0.0171869 0.0129285 0.00927462 0.00627016 0.00395014
 0.00871265 0.0141437 0.0212629 0.0299806 0.0399684 0.0505085 0.060466 0.068566 0.0738614 0.0760413 0.0753738 0.0724196 0.067774 0.0619524 0.0553789 0.0484095 0.041359 0.0345109 0.0281022 0.0222962 0.0171749 0.0127631 0.00906583 0.00608771 0.00382048
 0.00867158 0.0140813 0.0211768 0.0298705 0.0398347 0.0503505 0.0602812 0.0683512 0.0736152 0.0757668 0.0750828 0.0721375 0.0675443 0.0618361 0.05544 0.0486855 0.0418288 0.0350858 0.0286545 0.0227136 0.0174057 0.0128254 0.00902083 0.00600144 0.0037382
 0.00867502 0.0140807 0.0211647 0.0298369 0.0397699 0.05025 0.0601488 0.0681975 0.0734525 0.0756036 0.0749211 0.071977 0.0673899 0.0617057 0.0553662 0.0487071 0.0419723 0.0353449 0.0289826 0.0230385 0.0176607 0.0129774 0.00907698 0.00599471 0.0037052
 0.00867192 0.014078 0.0211644 0.029841 0.0397785 0.0502587 0.0601478 0.0681745 0.0733978 0.0755148 0.0748047 0.0718445 0.067254 0.0615783 0.0552613 0.0486431 0.0419697 0.035417 0.0291237 0.0232199 0.0178405 0.0131184 0.00916198 0.00602886 0.00370676
 0.00868122 0.0140904 0.0211784 0.0298538 0.0397874 0.0502626 0.0601476 0.0681716 0.0733916 0.0755008 0.0747757 0.0717946 0.0671821 0.0614904 0.0551687 0.0485611 0.0419151 0.0354042 0.029159 0.0232968 0.0179395 0.0132145 0.00923554 0.00607243 0.00372472
 0.00865748 0.0140578 0.0211402 0.0298164 0.039758 0.050246 0.060144 0.068177 0.0734004 0.0755087 0.0747804 0.0717943 0.0671746 0.0614733 0.0551417 0.0485285 0.0418855 0.0353888 0.0291673 0.0233317 0.0179951 0.0132779 0.00929257 0.00611388 0.00374873
 0.00864755 0.0140397 0.0211098 0.0297697 0.0396936 0.0501675 0.0600616 0.0681056 0.0733538 0.0754941 0.0747958 0.0718305 0.0672198 0.0615172 0.0551777 0.0485541 0.0419026 0.0354028 0.0291853 0.0233592 0.0180332 0.0133222 0.00933563 0.00614886 0.00377243
 0.00862767 0.0140106 0.0210716 0.0297244 0.0396433 0.0501139 0.060005 0.0680467 0.0732958 0.0754442 0.074763 0.0718224 0.0672384 0.0615578 0.0552312 0.0486103 0.0419544 0.0354475 0.0292243 0.0233959 0.0180701 0.0133594 0.00937053 0.00617802 0.00379362
 0.00863424 0.0140181 0.0210772 0.0297238 0.0396325 0.0500909 0.0599717 0.0680076 0.0732563 0.0754079 0.0747318 0.0717974 0.0672218 0.0615524 0.0552383 0.0486287 0.0419802 0.035476 0.0292522 0.0234222 0.0180953 0.0133838 0.00939332 0.00619764 0.00380866
 0.00861763 0.013994 0.0210463 0.029688 0.0395943 0.0500518 0.0599315 0.0679656 0.0732131 0.0753663 0.074697 0.071775 0.0672153 0.0615628 0.0552642 0.0486671 0.0420272 0.0355272 0.0293032 0.0234696 0.0181371 0.0134191 0.00942215 0.00621995 0.0038247
 0.00861763 0.013994 0.0210463 0.029688 0.0395943 0.0500518 0.0599315 0.0679656 0.0732131 0.0753663 0.074697 0.071775 0.0672153 0.0615628 0.0552642 0.0486671 0.0420272 0.0355272 0.0293032 0.0234696 0.0181371 0.0134191 0.00942215 0.00621995 0.0038247
 0.00857375 0.0139226 0.0209392 0.0295392 0.0394025 0.0498244 0.0596872 0.0677321 0.0730204 0.0752382 0.0746447 0.071797 0.0673012 0.0616976 0.055432 0.0488526 0.0422168 0.0357095 0.0294695 0.0236139 0.0182563 0.0135127 0.00949167 0.00626859 0.00385648
 0.00880847 0.0142889 0.0214599 0.0302203 0.0402263 0.0507426 0.060617 0.0685645 0.0736436 0.0755687 0.0746501 0.0714996 0.0667641 0.0610038 0.0546653 0.0480847 0.0415006 0.0350784 0.0289397 0.0231885 0.0179298 0.0132742 0.00932685 0.00616181 0.00379221
 0.00879006 0.0142846 0.0215006 0.03035 0.0404898 0.0511664 0.0611916 0.069239 0.0743352 0.0761827 0.0751014 0.0717301 0.066753 0.0607688 0.0542553 0.0475658 0.0409406 0.0345347 0.0284527 0.0227809 0.0176089 0.0130362 0.00916099 0.00605376 0.00372688
 0.00892332 0.0144914 0.0217944 0.0307385 0.0409764 0.0517501 0.0618639 0.0699764 0.0750927 0.0768923 0.0756802 0.0720968 0.0668488 0.0605736 0.0537936 0.0468994 0.0401534 0.0337139 0.0276737 0.0220973 0.01705 0.0126092 0.0088565 0.00585168 0.00360271
 0.00896522 0.0145686 0.0219267 0.0309484 0.0412827 0.052158 0.062358 0.0705223 0.075647 0.077414 0.0761358 0.0724555 0.0670769 0.0606361 0.053665 0.0465774 0.0396666 0.0331179 0.0270378 0.0214883 0.0165185 0.0121834 0.00854233 0.00563824 0.00346948
 0.00894832 0.0145419 0.021889 0.030902 0.0412363 0.0521293 0.0623732 0.0706103 0.0758286 0.0776914 0.0764883 0.0728446 0.0674557 0.0609572 0.0538859 0.0466661 0.0396085 0.0329225 0.0267387 0.0211353 0.0161645 0.0118706 0.00829483 0.00546159 0.00335538
 0.00892735 0.0145011 0.0218156 0.0307817 0.0410579 0.0518934 0.0620995 0.0703383 0.0756105 0.0775789 0.0765174 0.0730249 0.0677665 0.0613522 0.0543041 0.0470452 0.0398978 0.0330919 0.0267841 0.0210771 0.0160394 0.0117197 0.00815229 0.00534748 0.00327571
 0.00890874 0.0144654 0.0217518 0.0306756 0.0408958 0.051667 0.0618118 0.0700078 0.0752713 0.0772766 0.0763017 0.072939 0.0678354 0.0615739 0.0546472 0.0474557 0.0403118 0.0334517 0.0270507 0.0212372 0.0161041 0.0117163 0.00811249 0.00529802 0.00323288
 0.00894428 0.0145167 0.0218166 0.0307462 0.0409593 0.0517067 0.0618095 0.0699472 0.0751434 0.0770853 0.0760678 0.0726986 0.0676329 0.0614503 0.0546276 0.0475408 0.040477 0.0336549 0.0272461 0.0213895 0.0161968 0.0117528 0.00810917 0.00527482 0.00320583
#pred catch len freq
 0.0033604 0.00539439 0.0080256 0.0112641 0.0151392 0.0196665 0.0247841 0.0303211 0.0360236 0.0416057 0.0467945 0.0513689 0.0551911 0.0582109 0.0604399 0.0619128 0.0626601 0.0626871 0.0619378 0.0602399 0.0572736 0.0526514 0.0461468 0.0379773 0.0289233
 0.00365785 0.00581175 0.0085351 0.0118087 0.0156616 0.0201477 0.0252617 0.0308662 0.036683 0.0423439 0.0474779 0.0518088 0.0552233 0.057772 0.0596021 0.0608633 0.0616346 0.0618823 0.0614399 0.0600009 0.0571507 0.0524884 0.0458537 0.0375615 0.0284633
 0.00379964 0.00606905 0.0089672 0.0124752 0.0165947 0.0213187 0.0265656 0.0321485 0.0378023 0.0432302 0.0481375 0.0522704 0.0554727 0.0577343 0.0591899 0.0600533 0.0605121 0.0606194 0.0602204 0.0589415 0.0562672 0.0517246 0.0451453 0.0368876 0.0278525
 0.00397951 0.00634655 0.00936225 0.01301 0.017305 0.0222605 0.0278011 0.0337054 0.0396236 0.0451512 0.0499193 0.0536803 0.056359 0.0580468 0.0589459 0.0592973 0.0593071 0.0590666 0.0584652 0.0571449 0.0545601 0.050182 0.0437972 0.0357478 0.0269355
 0.00418623 0.00667448 0.00984074 0.0136616 0.018144 0.0232918 0.0290212 0.0351068 0.0411975 0.0468765 0.051735 0.0554557 0.0578958 0.059125 0.059392 0.0590318 0.0583518 0.0575233 0.0564902 0.0549255 0.0522883 0.0480272 0.0418869 0.034162 0.0257086
 0.00444105 0.00707523 0.0104201 0.0144448 0.0191492 0.0245284 0.030483 0.0367633 0.0429903 0.0487258 0.0535515 0.0571483 0.0593667 0.0602575 0.0600481 0.0590747 0.0576884 0.0561436 0.0544833 0.0524673 0.0496095 0.0453719 0.0394712 0.0321406 0.0241562
 0.00473344 0.00753542 0.0110858 0.0153447 0.020303 0.0259446 0.0321525 0.0386496 0.045025 0.0508104 0.0555663 0.0589673 0.0608725 0.0613498 0.0606404 0.0590861 0.0570452 0.0548015 0.0524632 0.049884 0.0466734 0.0423563 0.0366552 0.029747 0.0223075
 0.00501978 0.00798672 0.01174 0.0162318 0.0214451 0.0273541 0.0338249 0.0405536 0.0470962 0.0529518 0.0576554 0.0608692 0.0624552 0.0624988 0.0612652 0.0591185 0.0564339 0.0535149 0.0505093 0.0473421 0.0437172 0.0392455 0.0336864 0.0271807 0.0203035
 0.0052919 0.00841831 0.0123708 0.0170951 0.0225668 0.0287488 0.0354874 0.0424501 0.0491593 0.0550836 0.0597354 0.0627656 0.0640382 0.0636531 0.0618984 0.0591625 0.0558428 0.0522656 0.0486128 0.0448675 0.0408167 0.0361579 0.0307012 0.024568 0.0182421
 0.00554126 0.00881926 0.0129673 0.0179287 0.0236733 0.0301511 0.0371835 0.0444017 0.0512882 0.0572763 0.0618556 0.06467 0.065594 0.0647508 0.0624578 0.0591305 0.0551887 0.0509791 0.0467126 0.0424217 0.0379664 0.033124 0.0277569 0.0219765 0.0161848
 0.00581971 0.00926279 0.0136193 0.0188278 0.0248516 0.0316288 0.038958 0.0464347 0.0534985 0.0595418 0.0640254 0.0665844 0.0671072 0.0657502 0.0628724 0.0589277 0.0543638 0.0495478 0.0447135 0.0399318 0.0351226 0.0301321 0.0248699 0.0194394 0.0141689
 0.00613534 0.0097602 0.0143403 0.0198053 0.0261097 0.0331805 0.0407958 0.0485188 0.0557474 0.0618328 0.0662044 0.0684847 0.0685742 0.0666638 0.0631601 0.0585656 0.0533672 0.0479593 0.0425986 0.0373862 0.0322877 0.0272027 0.0220767 0.0170026 0.0122401
 0.00639612 0.0101743 0.0149463 0.0206355 0.0271885 0.0345197 0.0423863 0.0503223 0.0576933 0.0638217 0.0681154 0.0701855 0.0699338 0.0675672 0.0635225 0.0583404 0.0525484 0.0465776 0.040718 0.0351061 0.0297484 0.0245869 0.0195919 0.0148413 0.0105327
 0.00662436 0.0105377 0.0154803 0.0213712 0.0281509 0.0357239 0.0438275 0.0519661 0.0594706 0.0656317 0.0698366 0.0716915 0.0711098 0.0683225 0.0637958 0.0581003 0.0517909 0.0453266 0.0390276 0.0330655 0.0274867 0.0222698 0.0174029 0.012947 0.00904232
