SBPRF35
7.78865
Curr Bio
479565
B35
650569
F35
0.228225
FOFL
0.183236
OFL
73234.7
Bzero
2.22533e+006
#pred survey bio
 3.51883e+006 3.1404e+006 2.82697e+006 2.52675e+006 2.24603e+006 1.96071e+006 1.71918e+006 1.50529e+006 1.3055e+006 1.15601e+006 1.01905e+006 914935 821693 746599 687450 650486 641316 612831 591861 575823 556823 548155 536406 532203 538931 534525 537032 535879 528942 524749 521726 502756 498158 493953 501281 519603 521132 535848 551084 558658 557171 563439 564346 565590 574220 589829 600285 564912 532631 536818 533290 529470 519451 499880 485481 479170 1.84782e+007 1.16898e+007 1.2339e+007 1.31626e+007 1.40371e+007 1.48405e+007 1.55157e+007 1.60515e+007 1.64606e+007 1.67651e+007 1.69881e+007 1.715e+007 1.72671e+007 1.73517e+007 1.74132e+007 1.7458e+007 1.74908e+007 1.75151e+007 1.75331e+007 1.75466e+007 1.75567e+007 1.75643e+007 1.75701e+007 1.75746e+007 1.75779e+007 1.75805e+007 1.75825e+007 1.7584e+007 1.75852e+007 1.75861e+007 1.75868e+007 1.75873e+007 1.75877e+007 1.7588e+007 1.75883e+007 1.75885e+007 1.75886e+007 1.75887e+007 1.75888e+007 1.75889e+007 1.75889e+007 1.7589e+007 1.7589e+007 1.7589e+007 1.7589e+007 1.75891e+007 1.75891e+007 1.75891e+007 1.75891e+007 1.75891e+007 1.75891e+007 1.75891e+007 1.75891e+007 1.75891e+007 1.75891e+007 1.75891e+007 1.75891e+007 1.75891e+007 1.75891e+007 1.75891e+007 1.75891e+007 1.75891e+007 1.75891e+007 1.75891e+007 1.75891e+007 1.75891e+007 1.75891e+007 1.75891e+007 1.75891e+007 1.75891e+007 1.75891e+007 1.75891e+007 1.75891e+007 1.75891e+007 1.75891e+007 1.75891e+007 1.75891e+007 1.75891e+007 1.75891e+007 1.75891e+007 1.75891e+007 1.75891e+007 1.75891e+007 1.75891e+007 1.75891e+007 1.75891e+007 1.75891e+007 1.75891e+007 1.75891e+007 1.75891e+007 1.75891e+007 1.75891e+007 1.75891e+007 1.75891e+007 1.75891e+007 1.75891e+007 1.75891e+007 1.75891e+007 1.75891e+007 1.75891e+007 0 0 0 0 0 0 0 0 0 0 0 0 0 0 0 0 0 0 0 0 0 0 0 0 0
#obs survey bio
 3.32754e+006 1.94745e+006 2.0324e+006 2.57204e+006 1.71589e+006 2.36478e+006 1.7549e+006 1.16174e+006 1.1082e+006 814302 889733 834235 627954 883653 713853 872224 517644 640391 696834 430940 431468 283830 543289 512353 490094 555477 648445 469206 420404 583092 454684 395261 427937 554878 573885 540669 512560 788907 533746 520513 1.07957e+006 532409 446528 677915 691840 603420 820237 512173 627947 488019 475297 663685 532381 618155 318806 486204
#pred catch bio
 274737 249887 272459 285678 316489 298712 290611 289652 252452 245545 218605 208207 188961 170372 147005 120614 134227 124364 117159 117237 107134 109033 101888 92147.8 100213 92549.8 94242 97468.2 93040.8 89598.3 100272 87750.6 91442.8 86598.1 80862.4 96185.5 84583.5 83499.3 89343 96019.4 88618.3 93644.8 94696.7 89932.2 85650.4 91580.8 130229 126496 96109.9 102767 101774 105521 112317 108756 105728 65658.9 73234.7 93994.5 98327.6 103834 110159 116067 120948 124694 127428 129352 130670 131553 132135 132514 132758 132914 133013 133076 133115 133140 133155 133164 133170 133174 133176 133178 133179 133179 133180 133180 133180 133180 133180 133180 133180 133180 133180 133180 133180 133180 133180 133180 133180 133180 133180 133180 133180 133180 133180 133180 133180 133180 133180 133180 133180 133180 133180 133180 133180 133180 133180 133180 133180 133180 133180 133180 133180 133180 133180 133180 133180 133180 133180 133180 133180 133180 133180 133180 133180 133180 133180 133180 133180 133180 133180 133180 133180 133180 133180 133180 133180 133180 133180 133180 133180 133180 133180 133180 133180 133180 0 0 0 0 0 0 0 0 0 0 0 0 0 0 0 0 0 0 0 0 0 0 0 0 0
#obs catch bio
 234502 250731 275285 288381 322240 302362 294981 295919 257400 250683 223077 212565 192942 173025 149096 121636 135838 125560 117905 118248 108052 110774 103193 93247.9 101722 93128.9 94772.1 98521.2 94039.6 90028.6 101266 88459.8 92336.4 87272.4 80702.6 96674 84784 83149 88691.5 95829.5 87565.5 92782.6 94265.6 89812.8 85308.9 90944.5 129659 126476 95637.4 102457 101322 104682 111128 107277 105790 65382.4
#pred cpue bio
 3.44497e+006 3.06854e+006 2.75623e+006 2.45701e+006 2.17829e+006 1.89574e+006 1.65677e+006 1.44538e+006 1.24855e+006 1.10156e+006 967171 865193 774582 702289 645769 610620 602264 575207 555400 540378 522224 513782 502380 498432 505280 501601 504518 503726 497319 493763 491541 473661 468429 462456 468251 485864 487773 502603 517971 525537 524268 530477 531017 531646 539743 554773 564768 530218 498341 502101 499141 495924 486476 467350 452320 444508 1.71752e+007 1.0903e+007 1.1492e+007 1.22246e+007 1.30632e+007 1.38579e+007 1.45315e+007 1.5067e+007 1.5476e+007 1.57805e+007 1.60035e+007 1.61654e+007 1.62824e+007 1.63671e+007 1.64286e+007 1.64734e+007 1.65062e+007 1.65305e+007 1.65485e+007 1.6562e+007 1.65721e+007 1.65797e+007 1.65855e+007 1.65899e+007 1.65933e+007 1.65959e+007 1.65979e+007 1.65994e+007 1.66005e+007 1.66014e+007 1.66021e+007 1.66027e+007 1.66031e+007 1.66034e+007 1.66037e+007 1.66038e+007 1.6604e+007 1.66041e+007 1.66042e+007 1.66043e+007 1.66043e+007 1.66044e+007 1.66044e+007 1.66044e+007 1.66044e+007 1.66044e+007 1.66045e+007 1.66045e+007 1.66045e+007 1.66045e+007 1.66045e+007 1.66045e+007 1.66045e+007 1.66045e+007 1.66045e+007 1.66045e+007 1.66045e+007 1.66045e+007 1.66045e+007 1.66045e+007 1.66045e+007 1.66045e+007 1.66045e+007 1.66045e+007 1.66045e+007 1.66045e+007 1.66045e+007 1.66045e+007 1.66045e+007 1.66045e+007 1.66045e+007 1.66045e+007 1.66045e+007 1.66045e+007 1.66045e+007 1.66045e+007 1.66045e+007 1.66045e+007 1.66045e+007 1.66045e+007 1.66045e+007 1.66045e+007 1.66045e+007 1.66045e+007 1.66045e+007 1.66045e+007 1.66045e+007 1.66045e+007 1.66045e+007 1.66045e+007 1.66045e+007 1.66045e+007 1.66045e+007 1.66045e+007 1.66045e+007 1.66045e+007 1.66045e+007 1.66045e+007 1.66045e+007 1.66045e+007 0 0 0 0 0 0 0 0 0 0 0 0 0 0 0 0 0 0 0 0 0 0 0 0 0
#obs cpue bio
 2.93335e+006 2.23153e+006 1.91258e+006 2.62841e+006 1.5473e+006 2.07022e+006 1.17735e+006 1.15933e+006 1.08934e+006 1.30717e+006 782897 764889 728610 608180 500773 404972 698799 486086 490580 598641 512156 569996 460524 367541 476742 632781 414628 377168 499846 552798 461554 450252 514047 394205 688144 369840 451454 611346 765825 432368 590359 552222 517730 354497 552277 654327 463352 459985 474914 619729 615783 546244 640400 507160 395909 391155
#pred surv len freq
 0.00527342 0.00850462 0.0126959 0.0178015 0.0236986 0.0301157 0.0365884 0.042548 0.0475186 0.0512682 0.0538145 0.0553314 0.0560507 0.0561972 0.0559464 0.0554008 0.0545897 0.0534829 0.0519891 0.0499277 0.0470101 0.0429014 0.0373998 0.0306596 0.0232857
 0.00576839 0.00923755 0.0136718 0.0189951 0.0250828 0.0316963 0.0384109 0.0446585 0.0498922 0.0537494 0.0561176 0.0571134 0.0570248 0.0562281 0.0550846 0.0538473 0.0526153 0.0513366 0.0498317 0.0478152 0.0449316 0.0408468 0.0354151 0.0288519 0.0217772
 0.00596823 0.00960947 0.0143142 0.0200176 0.0265689 0.033653 0.0407386 0.0471724 0.0523913 0.0560858 0.0582092 0.0588932 0.0583787 0.0569861 0.0550808 0.0530064 0.0510016 0.0491345 0.0472743 0.0451113 0.0422312 0.0382563 0.0330316 0.026779 0.0201062
 0.00621219 0.00998722 0.0148532 0.0207455 0.0275262 0.0349014 0.0423489 0.049186 0.0547699 0.0586838 0.0607953 0.0612151 0.0602265 0.0582151 0.0555943 0.0527377 0.0499271 0.0473061 0.0448351 0.0422732 0.0392301 0.0353141 0.0303379 0.0244815 0.0182965
 0.00643152 0.0103491 0.0154069 0.0215382 0.0285921 0.0362479 0.0439487 0.0509838 0.0567027 0.0606957 0.0628284 0.0631818 0.0619905 0.0596033 0.0564328 0.0528886 0.0493104 0.0459124 0.0427367 0.039628 0.0362675 0.0322998 0.0275278 0.0220782 0.016417
 0.00674475 0.0108444 0.0161277 0.0225191 0.0298569 0.0378042 0.0457763 0.0530226 0.0588518 0.0628264 0.0648098 0.0649042 0.0633737 0.0605847 0.0569467 0.0528561 0.0486508 0.044573 0.0407274 0.0370471 0.0333066 0.0292206 0.0246118 0.0195642 0.0144492
 0.00704791 0.0113287 0.0168408 0.0234998 0.0311291 0.0393669 0.0475925 0.0550157 0.0609138 0.0648355 0.0666469 0.0664636 0.0645706 0.0613581 0.057257 0.0526732 0.0479435 0.0433112 0.0389047 0.0347159 0.0306046 0.0263679 0.0218709 0.0171748 0.0125664
 0.00726993 0.0117002 0.0174194 0.0243464 0.0322957 0.0408768 0.0494198 0.0570758 0.0630735 0.0669376 0.0685376 0.0680144 0.0656897 0.0619938 0.0573909 0.0523083 0.04709 0.0419795 0.0371132 0.0325138 0.0281001 0.0237387 0.0193411 0.0149602 0.0108138
 0.00757786 0.0121834 0.018116 0.0252847 0.0334946 0.0423447 0.0511452 0.0590143 0.0651375 0.068997 0.0704337 0.069586 0.0668032 0.062566 0.0573955 0.0517653 0.0460456 0.0404884 0.0352331 0.0303158 0.0256893 0.0212667 0.0169943 0.0129191 0.00920274
 0.00786004 0.0126261 0.0187523 0.0261346 0.0345625 0.0436161 0.0525827 0.0605581 0.0667131 0.0705264 0.071841 0.0707944 0.067732 0.0631351 0.0575396 0.0514487 0.0452692 0.0392855 0.0336617 0.028456 0.0236476 0.0191802 0.0150203 0.0112058 0.007851
 0.00809075 0.0130094 0.0193437 0.0269886 0.0357188 0.045078 0.0542978 0.0624141 0.0685578 0.0722024 0.0732195 0.071793 0.0683145 0.0632987 0.0572988 0.0508235 0.044283 0.0379703 0.0320653 0.0266485 0.0217254 0.0172642 0.013243 0.00968615 0.0066649
 0.008175 0.0131577 0.0195894 0.0273741 0.0362911 0.0458783 0.0553465 0.0636953 0.070009 0.0737146 0.0746518 0.0730001 0.0691788 0.0637529 0.0573289 0.0504553 0.043562 0.036948 0.0307968 0.0251991 0.0201781 0.0157208 0.0118134 0.00846693 0.00571606
 0.00820074 0.0132154 0.0197062 0.0275877 0.0366434 0.0464056 0.0560674 0.0646036 0.0710716 0.0748724 0.0758216 0.0740805 0.0700622 0.0643444 0.0575658 0.0503175 0.0430707 0.0361533 0.0297647 0.0240043 0.0189031 0.0144557 0.0106492 0.00748039 0.00495271
 0.00830229 0.0133605 0.0198891 0.0277941 0.0368605 0.0466339 0.0563285 0.0649349 0.0715095 0.0754329 0.0764879 0.0748024 0.0707655 0.0649445 0.0579824 0.050489 0.0429644 0.0357714 0.0291416 0.0231994 0.0179926 0.0135237 0.00977771 0.00673615 0.00437486
 0.0084439 0.0135749 0.0201812 0.0281553 0.0372677 0.0470523 0.0567163 0.0652539 0.0717397 0.0755842 0.0765984 0.07492 0.0709226 0.0651393 0.0581774 0.050624 0.0429779 0.0356191 0.0288091 0.0227059 0.0173859 0.0128702 0.00914743 0.00618818 0.00394518
 0.00856731 0.0137548 0.0204134 0.0284219 0.0375419 0.0473054 0.0569239 0.0653984 0.0718115 0.0755841 0.0765419 0.0748385 0.070857 0.0651262 0.0582319 0.0507297 0.0430896 0.035679 0.0287679 0.0225401 0.017105 0.0125123 0.00876604 0.00583519 0.00365714
 0.00850618 0.0136604 0.0202799 0.0282463 0.0373226 0.0470422 0.0566202 0.0650658 0.0714743 0.0752808 0.0763188 0.0747389 0.0709099 0.0653385 0.058587 0.0511893 0.0435977 0.0361695 0.0291769 0.0228206 0.0172395 0.0125153 0.00867642 0.00570142 0.00352158
 0.00850812 0.0136782 0.0203334 0.0283613 0.0375223 0.0473341 0.0569844 0.0654535 0.0718183 0.0755149 0.0763982 0.0746543 0.0706898 0.0650403 0.0582778 0.050926 0.0434114 0.0360604 0.0291198 0.0227785 0.0171802 0.0124233 0.0085565 0.00557179 0.00340317
 0.00857272 0.0137598 0.0204143 0.0284144 0.0375236 0.0472788 0.0568973 0.0653813 0.0718076 0.0755858 0.0765326 0.0748047 0.0708036 0.0650837 0.0582483 0.0508482 0.0433214 0.0359877 0.0290756 0.0227553 0.0171601 0.0123905 0.00850543 0.0055083 0.00333903
 0.0086745 0.0139106 0.0206126 0.0286455 0.037759 0.0474797 0.0570215 0.065396 0.0717051 0.0753931 0.076305 0.0746024 0.0706645 0.0650105 0.0582167 0.0508281 0.0432949 0.0359535 0.0290414 0.0227274 0.0171374 0.0123673 0.00847659 0.00547371 0.00330311
 0.0088502 0.0141784 0.0209817 0.0291106 0.0382997 0.0480602 0.0575906 0.0658895 0.0720549 0.0755445 0.076235 0.0743298 0.0702454 0.0645191 0.0577212 0.050373 0.0428991 0.0356189 0.0287644 0.0225039 0.016963 0.0122352 0.00837861 0.00540189 0.00325146
 0.00884947 0.0141909 0.0210253 0.0292094 0.0384762 0.0483245 0.0579303 0.066269 0.0724228 0.0758473 0.0764286 0.0743884 0.0701657 0.0643213 0.0574438 0.0500625 0.0425964 0.0353509 0.028542 0.0223273 0.016827 0.0121333 0.00830412 0.0053488 0.00321473
 0.00884675 0.0141906 0.0210334 0.0292365 0.0385379 0.0484398 0.0581175 0.0665374 0.0727639 0.0762283 0.0767957 0.0746796 0.0703292 0.0643313 0.0573063 0.0498107 0.0422788 0.0350168 0.0282306 0.0220621 0.0166169 0.0119763 0.0081929 0.00527387 0.00316681
 0.00876757 0.0140693 0.0208654 0.0290237 0.0382901 0.0481758 0.057866 0.0663364 0.0726546 0.0762446 0.0769515 0.0749597 0.0706897 0.0647097 0.0576404 0.0500561 0.0424194 0.0350634 0.0282107 0.0220068 0.0165516 0.0119168 0.00814588 0.00524014 0.00314438
 0.00857167 0.013767 0.020441 0.0284751 0.0376303 0.0474347 0.0570932 0.0656008 0.0720377 0.075826 0.0767923 0.0750885 0.0710941 0.0653361 0.0584033 0.0508572 0.0431696 0.0357013 0.0287096 0.0223698 0.0168001 0.0120784 0.00824606 0.0052992 0.00317712
 0.00859015 0.0137785 0.0204241 0.0283988 0.0374626 0.0471555 0.0567062 0.0651361 0.0715449 0.0753631 0.076415 0.074844 0.0710153 0.0654361 0.0586693 0.0512498 0.0436299 0.0361648 0.0291227 0.022701 0.0170415 0.0122399 0.008346 0.00535674 0.00320799
 0.00857832 0.0137556 0.0203817 0.028324 0.0373372 0.046958 0.0564165 0.0647449 0.0710645 0.0748337 0.075902 0.0744232 0.0707534 0.0653734 0.0588126 0.0515735 0.044083 0.0366822 0.0296384 0.0231609 0.0174131 0.0125137 0.0085309 0.00547153 0.00327361
 0.0084957 0.013641 0.0202454 0.0281865 0.037222 0.0468793 0.0563703 0.0647077 0.0710017 0.0747138 0.0757113 0.0741752 0.0704884 0.0651483 0.0586831 0.0515758 0.0442236 0.0369368 0.0299613 0.0234995 0.0177218 0.0127636 0.00871258 0.0055908 0.00334455
 0.00838134 0.0134723 0.0200246 0.0279294 0.0369565 0.0466414 0.0561969 0.0646276 0.0710247 0.0748223 0.0758618 0.0743128 0.0705696 0.0651592 0.0586441 0.0515303 0.0442176 0.0369996 0.0300959 0.0236848 0.0179241 0.0129506 0.00886297 0.00569762 0.00341207
 0.00824837 0.0132621 0.0197205 0.0275226 0.0364518 0.0460629 0.0555934 0.0640699 0.0705916 0.0745785 0.0758376 0.0744947 0.0709058 0.0655779 0.0590778 0.0519352 0.04458 0.0373278 0.0304039 0.0239787 0.0181975 0.0131892 0.00905387 0.00583592 0.00350226
 0.00826346 0.0132608 0.0196708 0.0273792 0.0361677 0.0456096 0.0549784 0.0633443 0.0698415 0.0739068 0.0753408 0.0742414 0.0709214 0.0658395 0.0595224 0.0524812 0.045151 0.0378703 0.0308905 0.0244009 0.0185541 0.01348 0.00927845 0.00599715 0.00360822
 0.00909891 0.0144629 0.0211886 0.0290609 0.0377969 0.0469676 0.0558988 0.0637365 0.0696911 0.0732661 0.0743183 0.0729849 0.069591 0.0645776 0.0584289 0.0516034 0.0444893 0.0373956 0.0305638 0.0241864 0.0184237 0.0134108 0.00925056 0.00599305 0.00361441
 0.00962691 0.0153183 0.0224616 0.0308096 0.0400067 0.0495045 0.0584844 0.065985 0.0712169 0.0738151 0.0738493 0.0716597 0.0676945 0.0624203 0.0562762 0.0496419 0.0428228 0.0360577 0.0295394 0.0234343 0.017894 0.0130549 0.00902488 0.00585958 0.00354166
 0.00942464 0.0151035 0.0223509 0.0309866 0.0406785 0.0508256 0.0604798 0.0685066 0.073952 0.0763472 0.0757565 0.0726283 0.0676069 0.0613788 0.0545506 0.0475701 0.0407143 0.0341351 0.0279248 0.0221656 0.0169537 0.0123959 0.00858907 0.00558932 0.00338572
 0.00916292 0.0146824 0.021734 0.0301661 0.0397051 0.0498392 0.0597162 0.0682519 0.0744405 0.0776443 0.0776957 0.0748447 0.0696555 0.0628819 0.0553072 0.0475881 0.0401655 0.033266 0.0269691 0.0212906 0.0162459 0.0118766 0.00823889 0.00537124 0.00326034
 0.0088542 0.0142048 0.0210597 0.0292837 0.0386206 0.0485812 0.0583515 0.0669073 0.073312 0.0769733 0.0777013 0.0756308 0.0711406 0.064798 0.0572827 0.0492772 0.0413567 0.0339214 0.0271886 0.0212364 0.0160716 0.0116878 0.00808753 0.00526985 0.00320117
 0.00869 0.0139561 0.0207192 0.028856 0.0381191 0.0480229 0.057754 0.0662903 0.0727038 0.0764217 0.0772842 0.0754539 0.0713086 0.0653623 0.058194 0.0503791 0.0424356 0.0347889 0.0277471 0.0214947 0.0161121 0.0116131 0.00798014 0.00517626 0.00313688
 0.00861709 0.0138088 0.0204458 0.0283949 0.0374188 0.0470714 0.0566022 0.0650516 0.071526 0.0754457 0.0766137 0.0751481 0.0713921 0.0658344 0.0590246 0.0514929 0.0437048 0.0360507 0.0288482 0.0223375 0.0166758 0.0119409 0.00814463 0.00524685 0.00316254
 0.00863633 0.0138268 0.0204456 0.0283459 0.037276 0.0467802 0.0561111 0.0643327 0.0705991 0.0743935 0.0755734 0.0742781 0.0708278 0.0656559 0.0592469 0.052073 0.0445535 0.0370458 0.0298534 0.0232309 0.0173785 0.0124307 0.0084474 0.0054132 0.00324423
 0.00849079 0.0136331 0.0202323 0.0281628 0.0371756 0.0467897 0.0562098 0.0644503 0.0706383 0.0742666 0.0752393 0.0737633 0.070224 0.0650933 0.0588535 0.0519364 0.0446988 0.0374339 0.0303977 0.0238245 0.0179244 0.0128658 0.00875105 0.00559961 0.00334516
 0.00859544 0.0137631 0.0203567 0.0282349 0.0371552 0.0466707 0.0560356 0.0642983 0.0705764 0.0743092 0.0753313 0.0738083 0.0701379 0.064851 0.058503 0.0515761 0.0444334 0.037333 0.0304739 0.0240373 0.018204 0.0131422 0.00897668 0.00575668 0.00343971
 0.0087888 0.0140434 0.0207129 0.0286289 0.0375248 0.0469413 0.0561373 0.0641886 0.0702618 0.0738534 0.0748372 0.0733742 0.0698148 0.06463 0.0583403 0.051435 0.0443115 0.0372586 0.0304795 0.0241336 0.0183706 0.013338 0.00915975 0.00590004 0.00353586
 0.00884657 0.0141612 0.0209321 0.0289967 0.0380749 0.0476662 0.0569678 0.0649965 0.0708945 0.0741845 0.0748103 0.0730191 0.0692284 0.0639348 0.0576412 0.0507963 0.0437614 0.0368077 0.0301362 0.0239035 0.0182482 0.0133017 0.00917707 0.0059389 0.00357401
 0.00878097 0.0140726 0.0208344 0.0289198 0.0380637 0.047774 0.0572425 0.0654612 0.0715251 0.0748978 0.0754762 0.0734993 0.0694269 0.0638312 0.0572905 0.0502975 0.0432171 0.0362968 0.0297061 0.0235755 0.0180247 0.0131706 0.00911603 0.00592172 0.00357779
 0.00878865 0.0140637 0.0207828 0.0287923 0.0378335 0.0474411 0.0568498 0.0650928 0.0712837 0.0748682 0.0756906 0.0739201 0.0699562 0.0643444 0.0576809 0.0505109 0.0432598 0.0362186 0.0295708 0.0234374 0.0179166 0.0131042 0.00908726 0.00591858 0.00358704
 0.00873091 0.0139785 0.0206692 0.0286508 0.0376611 0.0472261 0.0565741 0.0647447 0.0708777 0.0744588 0.0753662 0.0737732 0.0700427 0.0646552 0.0581429 0.0510173 0.0437126 0.0365603 0.0297921 0.0235632 0.0179839 0.0131441 0.0091178 0.00594584 0.00361068
 0.00871473 0.0139529 0.0206324 0.0286023 0.0376022 0.0471603 0.0565044 0.0646701 0.0707899 0.0743448 0.0752184 0.0736042 0.0698904 0.0645715 0.0581675 0.0511544 0.043927 0.036795 0.0299958 0.0237095 0.0180729 0.013192 0.00914321 0.00596157 0.00362251
 0.00899824 0.0144094 0.0213094 0.0295357 0.0388031 0.0485962 0.058083 0.0662397 0.0721635 0.0753416 0.0757052 0.073522 0.0692652 0.0635075 0.0568238 0.0497074 0.0425296 0.0355489 0.0289467 0.022862 0.0174117 0.0126959 0.00878976 0.00572626 0.00347818
 0.00904505 0.0145167 0.0215291 0.0299367 0.0394561 0.0495473 0.0593265 0.0677028 0.0737102 0.0767939 0.0768748 0.0742473 0.0694456 0.0631266 0.0559527 0.0484856 0.0411302 0.0341387 0.0276548 0.0217653 0.0165389 0.0120408 0.00832626 0.00541899 0.00328907
 0.00880344 0.0141329 0.0209724 0.0291956 0.038554 0.04856 0.0583907 0.0669986 0.0734137 0.0770145 0.0776104 0.0753787 0.0707715 0.0644218 0.0570266 0.0492245 0.0415112 0.0342156 0.0275245 0.0215308 0.0162823 0.0118128 0.00814899 0.00529482 0.00320996
 0.00876979 0.0140661 0.0208487 0.0289841 0.0382225 0.0480872 0.0577825 0.0663019 0.0727215 0.0764553 0.0773181 0.0754493 0.0712226 0.0651768 0.0579355 0.0501129 0.0422348 0.0346973 0.0277618 0.0215758 0.0162101 0.0116928 0.00802917 0.00519918 0.00314437
 0.00880777 0.0141175 0.0209057 0.0290301 0.0382324 0.0480305 0.0576282 0.0660273 0.0723232 0.0759622 0.0767979 0.0750009 0.0709511 0.0651574 0.0581814 0.0505656 0.0427837 0.0352208 0.0281689 0.0218292 0.0163229 0.0117078 0.00799417 0.00515072 0.0031025
 0.00901833 0.0144283 0.0213143 0.0295119 0.0387451 0.0485228 0.0580463 0.0663185 0.0724408 0.0758736 0.0764968 0.0745178 0.070356 0.064548 0.0576586 0.0502016 0.0425988 0.0351815 0.0282087 0.0218811 0.0163444 0.0116887 0.00794718 0.0050958 0.00305497
 0.00964669 0.0153589 0.0225446 0.0309766 0.0403303 0.0500918 0.0594615 0.0674533 0.0731885 0.0761611 0.0762976 0.0738587 0.0693141 0.0632412 0.0562294 0.0487949 0.0413355 0.0341357 0.0273999 0.0212841 0.0159127 0.0113766 0.00772165 0.00493655 0.00294843
 0.0100729 0.0160483 0.0235705 0.0323917 0.0421402 0.0522219 0.0617349 0.0696058 0.0749304 0.0772593 0.076636 0.0734483 0.0682639 0.0617154 0.0544129 0.0468703 0.0394664 0.032451 0.0259811 0.0201615 0.0150726 0.0107777 0.00731322 0.00467028 0.00278379
 0.00977356 0.0156757 0.023222 0.0322321 0.042362 0.0529769 0.0630692 0.0714283 0.0770249 0.0793319 0.0783802 0.074615 0.0687167 0.0614529 0.0535504 0.0455942 0.0379827 0.0309464 0.0245989 0.0189916 0.0141525 0.0101019 0.00684803 0.00436987 0.00260207
#obs surv len freq
 0.00497886 0.00815516 0.0124042 0.0177392 0.0240335 0.0309202 0.0377721 0.0438636 0.0486423 0.051906 0.0537733 0.0545308 0.0545007 0.0539827 0.0532393 0.0524851 0.0518652 0.051414 0.0509925 0.0502316 0.0485491 0.0453148 0.0401518 0.0332286 0.0253256
 0.00518241 0.00848965 0.0129143 0.0184692 0.0250189 0.0321748 0.0392742 0.0455509 0.0504201 0.0536645 0.055403 0.0559311 0.0555822 0.0546681 0.0534661 0.0522113 0.0510763 0.0501306 0.0492762 0.0481868 0.0463208 0.0430758 0.0380789 0.0314688 0.0239648
 0.00541548 0.00886867 0.0134852 0.0192752 0.0260934 0.033529 0.0408843 0.0473524 0.0523157 0.0555412 0.0571487 0.0574448 0.0567766 0.0554687 0.0538099 0.0520466 0.0503682 0.0488715 0.0475008 0.0459858 0.043846 0.0405289 0.0356793 0.0294067 0.022357
 0.00565553 0.00926411 0.0140898 0.0201418 0.0272631 0.0350144 0.0426526 0.0493212 0.0543667 0.0575445 0.058985 0.0590149 0.0580017 0.0562859 0.0541662 0.0518961 0.0496726 0.0476096 0.0456862 0.0436894 0.0412115 0.0377681 0.0330385 0.0271102 0.0205504
 0.00590118 0.00966672 0.014702 0.0210155 0.0284398 0.0365104 0.0444425 0.0513306 0.0564807 0.0596284 0.0609059 0.0606577 0.0592761 0.0571266 0.0545274 0.0517434 0.0489774 0.0463528 0.0438735 0.0413771 0.0385295 0.0349238 0.0302863 0.0246924 0.0186324
 0.00615695 0.0100845 0.0153344 0.0219127 0.0296405 0.0380264 0.0462435 0.0533386 0.0585809 0.0616903 0.0628036 0.0622814 0.0605364 0.0579552 0.0548754 0.0515771 0.0482739 0.0450993 0.042078 0.0390906 0.0358712 0.0320898 0.0275259 0.0222506 0.0166828
 0.00639457 0.0104759 0.0159327 0.0227707 0.0307994 0.0394999 0.0480009 0.0552994 0.060627 0.0636894 0.0646314 0.0638338 0.0617323 0.0587343 0.0551943 0.051405 0.0475892 0.043891 0.0403551 0.0369013 0.0333256 0.0293706 0.0248681 0.0198893 0.0147886
 0.00663065 0.0108625 0.0165202 0.0236076 0.0319237 0.0409241 0.0496962 0.0571898 0.0625989 0.0656127 0.0663811 0.0653038 0.062842 0.0594286 0.0554393 0.0511811 0.0468854 0.0427037 0.0386967 0.0348179 0.030919 0.0268077 0.0223648 0.0176632 0.0129994
 0.00683738 0.0112017 0.0170364 0.0243444 0.0329156 0.042183 0.0511981 0.0588694 0.0643584 0.0673396 0.0679656 0.0666502 0.0638728 0.0600865 0.0556864 0.0509957 0.0462579 0.0416346 0.0372016 0.0329422 0.028755 0.0245047 0.020115 0.0156606 0.0113874
 0.00708304 0.0116012 0.0176373 0.0251899 0.0340347 0.0435761 0.0528227 0.0606369 0.0661477 0.0690227 0.0694302 0.0678117 0.064676 0.060501 0.0557 0.050608 0.0454752 0.040469 0.0356763 0.0311039 0.0266896 0.0223454 0.0180304 0.0138191 0.00991205
 0.00730387 0.0119683 0.0182043 0.0260103 0.0351486 0.0449908 0.0544941 0.0624647 0.0679926 0.0707359 0.070882 0.0689082 0.0653632 0.0607604 0.05554 0.0500529 0.0445556 0.0392173 0.0341293 0.0293133 0.0247364 0.0203468 0.0161303 0.0121588 0.00859183
 0.00744501 0.0122013 0.0185622 0.026528 0.0358585 0.0459137 0.0556274 0.0637744 0.0694109 0.0721682 0.0722188 0.0700405 0.0661991 0.0612369 0.0556284 0.0497552 0.0438956 0.0382315 0.0328634 0.0278259 0.0231068 0.01868 0.0145492 0.0107807 0.00749839
 0.007526 0.0123336 0.0187631 0.0268152 0.0362489 0.0464201 0.0562548 0.0645169 0.0702511 0.0730767 0.0731531 0.0709431 0.0669991 0.0618579 0.0560012 0.04983 0.0436499 0.037671 0.0320191 0.0267512 0.0218779 0.0173937 0.0133139 0.00969698 0.0066355
 0.00759243 0.0124348 0.0189032 0.0269947 0.0364665 0.0466754 0.0565501 0.0648569 0.0706415 0.0735218 0.073652 0.0714847 0.0675571 0.0623883 0.0564446 0.0501211 0.0437304 0.0375032 0.0315949 0.0260963 0.0210499 0.0164763 0.012403 0.00888196 0.00597892
 0.00766866 0.0125534 0.0190713 0.0272143 0.036733 0.0469771 0.0568677 0.0651673 0.0709248 0.0737691 0.0738694 0.0716892 0.0677657 0.062607 0.0566601 0.050299 0.0438222 0.0374587 0.0313779 0.0256985 0.0204975 0.0158272 0.011734 0.00826912 0.00547794
 0.00773096 0.0126489 0.0192042 0.0273845 0.0369363 0.0472052 0.0571085 0.0654052 0.0711428 0.0739528 0.0740115 0.0717924 0.0678422 0.0626729 0.056727 0.0503656 0.043869 0.0374516 0.0312794 0.0254825 0.0201633 0.0154041 0.0112745 0.00783255 0.00511199
 0.00779455 0.012749 0.0193483 0.0275765 0.0371745 0.0474803 0.0574026 0.0656925 0.0713953 0.0741475 0.0741358 0.0718458 0.0678342 0.0626203 0.0566488 0.0502775 0.0437771 0.0373484 0.0311456 0.0252965 0.0199135 0.0150989 0.0109427 0.00751331 0.00484059
 0.0078263 0.0127965 0.0194125 0.0276559 0.0372666 0.047583 0.0575145 0.0658123 0.07152 0.074271 0.0742492 0.0719393 0.0679002 0.0626555 0.0566551 0.0502606 0.0437427 0.0372978 0.0310732 0.0251918 0.0197679 0.0149138 0.010733 0.00730405 0.00465702
 0.00783629 0.0128109 0.0194307 0.0276761 0.0372862 0.0475996 0.0575269 0.0658219 0.0715309 0.0742895 0.0742819 0.0719897 0.0679665 0.0627303 0.0567283 0.0503226 0.0437869 0.03732 0.0310697 0.0251579 0.0197003 0.0148138 0.0106101 0.00717444 0.00453862
 0.00787909 0.0128703 0.019501 0.0277459 0.0373411 0.0476278 0.0575237 0.0657904 0.0714802 0.0742321 0.0742301 0.0719542 0.0679546 0.0627442 0.0567643 0.0503722 0.043839 0.0373635 0.0310955 0.0251596 0.0196746 0.0147618 0.0105383 0.00709422 0.0044625
 0.00788783 0.0128869 0.0195301 0.0277914 0.037404 0.0477021 0.0575953 0.0658401 0.0714916 0.074199 0.0741608 0.0718677 0.0678732 0.0626853 0.0567369 0.0503757 0.0438655 0.0374011 0.0311314 0.0251829 0.0196784 0.0147442 0.0105031 0.00704893 0.00441637
 0.007921 0.0129324 0.019583 0.027843 0.0374446 0.0477262 0.057604 0.0658396 0.0714876 0.0741918 0.0741452 0.0718379 0.0678282 0.0626322 0.0566878 0.050342 0.0438531 0.0374082 0.0311503 0.0252032 0.0196908 0.0147435 0.010489 0.00702554 0.00438982
 0.00790406 0.0129096 0.0195573 0.0278189 0.0374259 0.047713 0.0575913 0.0658198 0.0714558 0.0741504 0.0741031 0.0718056 0.0678126 0.0626339 0.0567038 0.0503693 0.0438903 0.0374542 0.0312018 0.0252544 0.0197345 0.0147742 0.0105045 0.00702798 0.00438386
 0.00789593 0.0128892 0.0195138 0.0277395 0.037301 0.0475431 0.0573917 0.0656181 0.0712827 0.074029 0.0740427 0.0718038 0.0678604 0.062721 0.0568196 0.0505033 0.0440325 0.0375959 0.0313357 0.0253744 0.0198353 0.0148521 0.0105585 0.00706056 0.00440005
 0.00788278 0.0128682 0.0194825 0.0276946 0.0372378 0.0474552 0.057273 0.0654669 0.0711065 0.0738462 0.0738806 0.0716893 0.0678113 0.0627413 0.0569005 0.0506289 0.0441849 0.0377585 0.031495 0.0255198 0.0199595 0.0149506 0.0106304 0.00710798 0.00442783
 0.00787131 0.0128485 0.0194512 0.027648 0.0371731 0.0473718 0.057173 0.0653548 0.0709874 0.0737254 0.0737639 0.0715861 0.0677347 0.0627054 0.0569154 0.0506958 0.0442955 0.0378979 0.0316462 0.0256671 0.0200908 0.0150584 0.0107116 0.00716382 0.00446253
 0.007842 0.0127987 0.0193723 0.0275315 0.0370131 0.0471689 0.0569378 0.0651081 0.0707556 0.0735337 0.0736299 0.0715174 0.0677305 0.0627602 0.0570222 0.0508474 0.0444831 0.0381095 0.0318665 0.0258796 0.0202808 0.0152155 0.0108316 0.00724784 0.00451624
 0.00785406 0.0128131 0.0193841 0.0275321 0.0369917 0.0471152 0.0568451 0.0649757 0.0705907 0.0733509 0.0734495 0.0713612 0.067617 0.0627005 0.0570195 0.0508982 0.0445796 0.0382412 0.0320205 0.0260413 0.0204353 0.0153505 0.0109392 0.00732607 0.0045678
 0.00778255 0.0127073 0.0192443 0.0273649 0.0368077 0.046925 0.0566568 0.0647951 0.0704228 0.0732023 0.073329 0.0712792 0.0675838 0.0627234 0.0571006 0.0510335 0.0447594 0.0384519 0.0322462 0.0262657 0.020643 0.015529 0.0110809 0.00742929 0.00463641
 0.00776026 0.0126613 0.0191578 0.0272187 0.0365872 0.046631 0.056312 0.0644417 0.070109 0.0729658 0.0731871 0.0712295 0.067613 0.0628169 0.057247 0.051224 0.0449855 0.0387028 0.0325081 0.0265228 0.0208797 0.0157323 0.0112428 0.00754794 0.0047159
 0.00774729 0.0126383 0.0191189 0.0271555 0.0364888 0.0464853 0.0561097 0.0641819 0.0698057 0.0726498 0.0729008 0.0710148 0.0674981 0.0628093 0.0573359 0.0513889 0.0452038 0.0389539 0.0327736 0.0267855 0.0211235 0.0159435 0.0114126 0.00767355 0.00480088
 0.00936016 0.014901 0.0218602 0.0299939 0.0389427 0.0481495 0.0567946 0.0639399 0.0688514 0.0712459 0.0712769 0.0693402 0.0658889 0.0613427 0.0560587 0.0503214 0.0443445 0.0382866 0.0322747 0.0264285 0.0208814 0.0157899 0.0113226 0.00762566 0.00477812
 0.00932356 0.0151407 0.0227491 0.0319964 0.0424145 0.0530654 0.062575 0.0695443 0.0731476 0.0734541 0.0712252 0.0674091 0.0627429 0.0576453 0.0523088 0.0468229 0.0412499 0.0356534 0.0301076 0.0247038 0.0195593 0.0148203 0.0106478 0.00718414 0.0045089
 0.00898301 0.0146002 0.0219823 0.031046 0.0414488 0.0524191 0.0627123 0.0708956 0.0758567 0.0771872 0.0752082 0.0707223 0.0647044 0.0580481 0.051396 0.0450778 0.0391651 0.0335937 0.0282825 0.0232011 0.018392 0.0139611 0.0100504 0.00679414 0.00427179
 0.00879287 0.0142841 0.0214941 0.0303411 0.0405005 0.0512497 0.0614348 0.0697435 0.0751688 0.0773167 0.0763672 0.0728309 0.0673516 0.0606235 0.053337 0.0460853 0.0392657 0.0330446 0.0274097 0.0222747 0.0175761 0.0133238 0.0095965 0.00649616 0.00409121
 0.0087152 0.0141518 0.0212828 0.0300223 0.0400452 0.0506364 0.0606621 0.0688459 0.0742338 0.0764968 0.0758703 0.0728701 0.0680534 0.0619359 0.055003 0.0477245 0.0405282 0.0337464 0.0275713 0.0220585 0.0171829 0.0129131 0.00925671 0.0062547 0.00393894
 0.00869613 0.0141147 0.0212153 0.0299076 0.0398641 0.0503712 0.0603007 0.068386 0.0736872 0.0758963 0.0752804 0.072394 0.0678221 0.0620684 0.0555454 0.0486018 0.0415503 0.0346786 0.0282324 0.0223854 0.017228 0.0127895 0.00907585 0.00608945 0.00381913
 0.00869096 0.014108 0.0212078 0.0298995 0.0398526 0.0503479 0.0602501 0.0682872 0.0735193 0.0756465 0.0749527 0.0720168 0.0674533 0.0617911 0.0554481 0.0487428 0.0419213 0.0351936 0.028758 0.0227985 0.0174657 0.0128616 0.00903893 0.00600829 0.00373948
 0.008674 0.014081 0.0211686 0.0298469 0.0397875 0.0502733 0.0601714 0.0682093 0.073443 0.0755657 0.0748548 0.0718899 0.0672961 0.0616225 0.0553095 0.0486873 0.0419912 0.0353955 0.0290511 0.0231094 0.0177219 0.0130224 0.00910543 0.00601008 0.00371215
 0.00866832 0.0140703 0.0211499 0.0298165 0.0397423 0.0502122 0.0600966 0.0681269 0.0733612 0.0754919 0.0747922 0.0718356 0.0672427 0.0615637 0.0552481 0.0486396 0.0419839 0.0354522 0.0291767 0.0232824 0.017902 0.0131704 0.0092002 0.00605346 0.00372065
 0.00866781 0.0140724 0.021158 0.0298351 0.0397743 0.0502567 0.0601467 0.0681711 0.0733869 0.0754904 0.0747615 0.0717796 0.0671685 0.0614781 0.0551571 0.0485514 0.0419107 0.0354095 0.0291768 0.0233258 0.0179749 0.0132497 0.00926508 0.00609379 0.00373811
 0.0086727 0.0140787 0.0211646 0.0298405 0.0397777 0.0502594 0.0601521 0.0681832 0.0734074 0.0755161 0.0747845 0.0717904 0.0671599 0.0614482 0.0551094 0.0484932 0.0418519 0.0353612 0.0291493 0.023325 0.0179986 0.0132881 0.00930521 0.00612528 0.00375707
 0.00865409 0.0140527 0.0211332 0.029808 0.0397493 0.0502387 0.0601405 0.0681797 0.0734107 0.0755258 0.0748011 0.071813 0.067185 0.06147 0.055122 0.0484936 0.0418417 0.0353463 0.0291375 0.0233231 0.0180097 0.0133098 0.00933125 0.00614898 0.0037742
 0.00862133 0.0139991 0.0210524 0.0296952 0.0396039 0.0500676 0.0599599 0.068013 0.0732827 0.0754545 0.0747929 0.071863 0.0672807 0.061595 0.0552599 0.0486298 0.0419653 0.0354519 0.0292249 0.0233955 0.0180711 0.0133626 0.00937558 0.00618365 0.00379861
 0.00861579 0.0139876 0.0210304 0.0296566 0.0395424 0.0499789 0.0598439 0.0678764 0.0731388 0.0753218 0.0746908 0.0718074 0.0672788 0.0616445 0.0553496 0.048744 0.0420881 0.0355698 0.0293296 0.0234836 0.0181429 0.0134199 0.00942014 0.00621681 0.00382158
 0.00861703 0.0139916 0.0210399 0.0296744 0.0395698 0.0500128 0.059876 0.0678941 0.0731296 0.0752787 0.0746163 0.0717138 0.0671844 0.0615677 0.0553035 0.0487325 0.0421068 0.0356092 0.0293785 0.0235332 0.0181875 0.0134571 0.00944956 0.00623885 0.00383704
 0.00861703 0.0139916 0.0210399 0.0296744 0.0395698 0.0500128 0.059876 0.0678941 0.0731296 0.0752787 0.0746163 0.0717138 0.0671844 0.0615677 0.0553035 0.0487325 0.0421068 0.0356092 0.0293785 0.0235332 0.0181875 0.0134571 0.00944956 0.00623885 0.00383704
 0.00894589 0.0145091 0.0217845 0.0306642 0.0407917 0.05141 0.0613385 0.0692654 0.0742358 0.0759728 0.0748159 0.0714161 0.0664587 0.0605312 0.0540928 0.0474768 0.040909 0.0345379 0.0284696 0.022797 0.0176175 0.0130367 0.0091561 0.00604667 0.00372006
 0.00904059 0.0146961 0.0221256 0.0312339 0.0416546 0.0525873 0.062778 0.0708358 0.0757523 0.0772416 0.0756769 0.0717718 0.0662852 0.0598768 0.0530631 0.0462117 0.0395542 0.0332206 0.027283 0.0217956 0.0168215 0.0124399 0.00873518 0.00576895 0.00354983
 0.00881316 0.0143383 0.0216142 0.0305678 0.0408699 0.0517718 0.0620736 0.0704135 0.0757577 0.077733 0.0765922 0.0729441 0.0674989 0.0609326 0.0538271 0.0466343 0.0396626 0.0330928 0.027016 0.0214786 0.0165191 0.0121887 0.00854772 0.00564156 0.00347069
 0.00884595 0.0143602 0.0215893 0.0304439 0.0405937 0.0513134 0.061451 0.0697037 0.0750873 0.0772491 0.0764212 0.0731487 0.0680515 0.061719 0.0546826 0.0473974 0.0402221 0.033409 0.0271144 0.0214234 0.0163839 0.0120342 0.00841155 0.00553965 0.00340359
 0.00892095 0.0144818 0.0217691 0.0306854 0.0408831 0.0516101 0.061686 0.0697947 0.0749715 0.0769194 0.0759432 0.0726453 0.0676583 0.0615318 0.0547222 0.0476081 0.0405015 0.033654 0.0272581 0.0214501 0.0163191 0.0119216 0.00829227 0.0054397 0.00333257
 0.00895727 0.0145459 0.0218749 0.0308486 0.0411168 0.051917 0.0620496 0.0701735 0.0753016 0.0771277 0.0759707 0.072473 0.0673226 0.0611175 0.0543317 0.0473202 0.0403427 0.0335973 0.0272475 0.0214332 0.0162693 0.0118408 0.00819915 0.00535436 0.00326716
 0.00912666 0.0148118 0.0222567 0.0313562 0.0417468 0.0526482 0.0628378 0.0709519 0.0759886 0.0776412 0.0762425 0.0724612 0.0670212 0.0605637 0.0536044 0.046524 0.03958 0.0329395 0.0267215 0.0210284 0.015958 0.011598 0.00801006 0.00521285 0.00316875
 0.00924486 0.015016 0.0225848 0.0318477 0.0424292 0.0535182 0.0638462 0.0720036 0.0769628 0.0784216 0.0767428 0.0726349 0.066861 0.0600964 0.0528867 0.0456382 0.0386236 0.0320085 0.0258912 0.0203407 0.0154213 0.0111981 0.00772383 0.00501656 0.00304141
 0.00934418 0.01518 0.022837 0.0322122 0.0429274 0.0541609 0.064624 0.0728787 0.0778674 0.0792655 0.0774278 0.0730742 0.0669976 0.059914 0.052411 0.0449294 0.0377652 0.0310936 0.0250076 0.0195569 0.0147776 0.0107055 0.00737087 0.00477936 0.00289224
#pred catch len freq
 0.00407136 0.00647869 0.00952537 0.0131743 0.0174161 0.0222422 0.0275723 0.0332143 0.0388928 0.0443075 0.0491825 0.0533037 0.0565477 0.0588866 0.0603626 0.0610489 0.0610198 0.0603257 0.0589573 0.0567909 0.0535579 0.0489161 0.0426597 0.034978 0.0265677
 0.00449795 0.00711189 0.0103723 0.0142187 0.0186444 0.0236736 0.0292635 0.0352209 0.0411993 0.0467684 0.0515184 0.0551695 0.0576427 0.0590544 0.0596337 0.0596139 0.0591503 0.0582778 0.056896 0.0547678 0.0515503 0.0469024 0.0406815 0.0331483 0.0250222
 0.00471698 0.00749225 0.0109872 0.0151453 0.0199409 0.0253495 0.0312623 0.0374351 0.043513 0.0490921 0.0537799 0.0572622 0.0593822 0.0601939 0.0599464 0.0589916 0.0576536 0.0561092 0.0543155 0.0520072 0.0487735 0.0442215 0.0381979 0.0309733 0.0232573
 0.00497836 0.00789522 0.0115585 0.0159099 0.0209359 0.0266343 0.0329083 0.0394888 0.0459466 0.0517742 0.0564938 0.0597631 0.0614537 0.0616664 0.0606831 0.0588817 0.0566403 0.0542323 0.0517291 0.0489498 0.0455128 0.0410084 0.0352455 0.0284476 0.0212626
 0.00524326 0.00831792 0.0121798 0.0167632 0.0220431 0.0280012 0.0345232 0.0413266 0.0479779 0.0539653 0.0587867 0.0620471 0.0635534 0.0633648 0.0617668 0.0591821 0.0560573 0.0527488 0.049424 0.0460028 0.0421873 0.0376102 0.0320692 0.0257263 0.0191316
 0.00556386 0.00881824 0.012896 0.0177208 0.0232598 0.0294883 0.0362779 0.0433186 0.0501389 0.0561917 0.0609563 0.0640405 0.0652647 0.0646943 0.0626058 0.0594094 0.0555574 0.0514474 0.047326 0.0432196 0.0389398 0.0342003 0.0288215 0.0229162 0.0169267
 0.00589398 0.00933611 0.0136414 0.0187212 0.02453 0.0310288 0.0380691 0.0453139 0.0522627 0.058343 0.0630165 0.0658842 0.0667741 0.0657721 0.0631788 0.0594199 0.0549523 0.0501809 0.0453854 0.040664 0.0359295 0.030992 0.0257213 0.020204 0.0147847
 0.00617848 0.00979355 0.0143215 0.0196696 0.0257833 0.0326047 0.0399517 0.0474428 0.0545317 0.0606119 0.0651304 0.0676953 0.0681601 0.0666479 0.0634974 0.0591633 0.0541173 0.0487711 0.0434183 0.0381967 0.0330892 0.0279883 0.0228177 0.0176545 0.0127632
 0.00648656 0.0102722 0.015003 0.0205759 0.0269309 0.0340087 0.0416204 0.0493615 0.0566435 0.0628063 0.0672492 0.0695568 0.0695952 0.0675325 0.0637676 0.0588107 0.0531714 0.0472799 0.0414409 0.0358136 0.0304238 0.0252199 0.0201671 0.0153362 0.0109262
 0.0068196 0.010787 0.0157289 0.0215242 0.0280972 0.0353757 0.043158 0.0510252 0.0583752 0.0645362 0.0688951 0.0710217 0.070769 0.068304 0.0640453 0.0585423 0.0523511 0.0459434 0.0396554 0.0336736 0.0280563 0.0227882 0.0178589 0.0133284 0.00933973
 0.00706693 0.0111872 0.0163279 0.0223641 0.0292087 0.0367657 0.0447954 0.0528332 0.0602382 0.0663198 0.07047 0.0722827 0.0716435 0.0687494 0.064041 0.0580822 0.0514433 0.0446152 0.0379597 0.0316938 0.0259089 0.0206196 0.0158295 0.0115825 0.00797132
 0.00720739 0.011417 0.0166782 0.0228697 0.0299074 0.0376926 0.0459711 0.0542477 0.0618359 0.0679945 0.0720754 0.0736603 0.0726576 0.0693142 0.0641279 0.0577078 0.0506501 0.0434569 0.0364983 0.0300063 0.024095 0.018802 0.0141407 0.0101393 0.00684659
 0.00725597 0.0115062 0.0168325 0.0231216 0.0302942 0.03825 0.0467245 0.0552037 0.0629757 0.0692682 0.0733996 0.0749213 0.073726 0.0700694 0.0644834 0.0576277 0.050149 0.042587 0.0353342 0.0286354 0.0226159 0.0173236 0.0127734 0.00897676 0.00594484
 0.00735291 0.0116458 0.0170108 0.0233275 0.0305185 0.038497 0.0470184 0.0555839 0.0634807 0.0699164 0.0741752 0.0757717 0.0745687 0.0708054 0.0650144 0.0578745 0.0500667 0.0421729 0.0346261 0.0277029 0.0215499 0.0162256 0.0117424 0.00809375 0.00525792
 0.00744554 0.0117847 0.0171974 0.0235538 0.0307676 0.0387463 0.0472451 0.0557734 0.0636367 0.0700655 0.0743608 0.0760346 0.0749241 0.0712279 0.0654406 0.0582196 0.0502485 0.0421339 0.0343471 0.0272071 0.0208965 0.0154967 0.0110252 0.00746252 0.00475896
 0.00747556 0.0118237 0.0172384 0.0235845 0.0307748 0.0387212 0.0471882 0.0556943 0.0635515 0.0699942 0.0743274 0.0760675 0.0750514 0.0714664 0.0657807 0.0586176 0.0506328 0.0424243 0.0344796 0.0271531 0.02067 0.0151479 0.0106235 0.00707563 0.00443591
 0.00748569 0.0118375 0.0172533 0.0235944 0.0307682 0.0386822 0.0470987 0.0555413 0.0633362 0.0697388 0.0740745 0.0758698 0.0749575 0.0715082 0.0659651 0.0589238 0.0510127 0.0428106 0.0348008 0.0273536 0.0207263 0.0150733 0.0104604 0.00687756 0.00424932
 0.00747438 0.0118324 0.01727 0.0236548 0.0308943 0.0388849 0.0473679 0.0558426 0.0636165 0.069941 0.0741545 0.0758127 0.0747839 0.0712684 0.0657226 0.0587331 0.0509025 0.0427767 0.0348117 0.0273655 0.0207019 0.0149965 0.0103392 0.00673639 0.00411574
 0.00751855 0.0118863 0.0173191 0.0236783 0.0308749 0.0388225 0.0472871 0.0557862 0.0636253 0.0700307 0.0743049 0.0759758 0.074907 0.0713177 0.0656963 0.0586578 0.0508171 0.0427126 0.0347797 0.0273551 0.0206913 0.0149668 0.0102843 0.00666404 0.00404086
 0.00762917 0.0120497 0.0175332 0.023927 0.0311283 0.0390406 0.0474284 0.0558192 0.0635436 0.0698611 0.0741006 0.0757932 0.0747797 0.0712448 0.0656521 0.0586138 0.0507594 0.0426455 0.0347157 0.0273027 0.0206497 0.0149283 0.0102422 0.00661754 0.00399456
 0.00776474 0.0122551 0.017814 0.0242777 0.0315327 0.0394734 0.0478545 0.0561939 0.0638164 0.0699871 0.0740561 0.0755881 0.0744573 0.0708668 0.0652754 0.0582738 0.0504676 0.0423993 0.0345097 0.0271338 0.0205152 0.0148238 0.0101616 0.00655511 0.00394681
