SBPRF35
12.7214
Curr Bio
865236
B35
892902
F35
0.16687
FOFL
0.1
OFL
0
Bzero
3.63469e+06
#pred survey bio
 3.60388e+06 3.50505e+06 3.41074e+06 3.2671e+06 3.0625e+06 2.81964e+06 2.55303e+06 2.32069e+06 2.07286e+06 1.85982e+06 1.66781e+06 1.47636e+06 1.27576e+06 1.14727e+06 1.02178e+06 894548 804031 739672 685862 652854 631237 600977 579670 563997 549462 551652 555209 564586 562480 564844 558557 563916 567855 581420 588376 599442 613391 630189 648237 667166 686011 694300 714378 729790 736668 743098 749513 749843 746851 737859 743341 870482 2.09702e+07 2.01817e+07 1.96515e+07 1.98297e+07 2.05674e+07 2.1616e+07 2.27603e+07 2.38575e+07 2.48311e+07 2.56526e+07 2.63225e+07 2.68559e+07 2.72739e+07 2.75979e+07 2.78474e+07 2.80387e+07 2.81853e+07 2.82977e+07 2.8384e+07 2.84504e+07 2.85018e+07 2.85416e+07 2.85727e+07 2.8597e+07 2.86162e+07 2.86313e+07 2.86433e+07 2.86527e+07 2.86603e+07 2.86663e+07 2.86712e+07 2.86751e+07 2.86782e+07 2.86808e+07 2.86828e+07 2.86845e+07 2.86859e+07 2.8687e+07 2.86879e+07 2.86886e+07 2.86892e+07 2.86897e+07 2.86901e+07 2.86904e+07 2.86907e+07 2.86909e+07 2.86911e+07 2.86912e+07 2.86913e+07 2.86914e+07 2.86915e+07 2.86916e+07 2.86916e+07 2.86917e+07 2.86917e+07 2.86917e+07 2.86917e+07 2.86918e+07 2.86918e+07 2.86918e+07 2.86918e+07 2.86918e+07 2.86918e+07 2.86918e+07 2.86918e+07 2.86918e+07 2.86918e+07 2.86918e+07 2.86918e+07 2.86918e+07 2.86918e+07 2.86918e+07 2.86918e+07 2.86918e+07 2.86919e+07 2.86919e+07 2.86919e+07 2.86919e+07 2.86919e+07 2.86919e+07 2.86919e+07 2.86919e+07 2.86919e+07 2.86919e+07 2.86919e+07 2.86919e+07 2.86919e+07 2.86919e+07 2.86919e+07 2.86919e+07 2.86919e+07 2.86919e+07 2.86919e+07 2.86919e+07 2.86919e+07 2.86919e+07 2.86919e+07 2.86919e+07 2.86919e+07 2.86919e+07 1.2815e+06 0 0 0 0 0 0 0 0 0 0 0 0 0 0 0 0 0 0 0 0 0 0 0 0
#obs survey bio
 3.50724e+06 3.82573e+06 3.0258e+06 3.30169e+06 3.24541e+06 2.93912e+06 2.46973e+06 2.80638e+06 2.56349e+06 1.77054e+06 1.68052e+06 1.3037e+06 1.36152e+06 1.05986e+06 724233 709033 795018 726861 462184 657486 820666 471742 457511 345322 351048 498927 683735 383146 570581 413993 479284 491876 544142 632474 449516 464695 435484 930102 937980 537232 829643 740081 691675 509087 1.05907e+06 599591 871925 777082 973888 625962 610098 1.14741e+06
#pred catch bio
 98521.1 96096.3 145361 209313 255863 291358 274573 302515 283962 276988 286307 300406 240078 239505 239508 204289 178664 166325 145140 132149 135544 124370 117625 115473 100995 100092 95482.5 105029 100468 106558 95553.2 96706.2 89659.3 97163.3 95626.4 95323.2 94876.2 95433.3 96305.1 98226.7 108204 98824 103650 110699 110020 108885 112597 113219 115754 101781 6.66594 6.9845 135986 130948 126276 125727 129437 135511 142297 148777 154444 159123 162835 165693 167846 169440 170606 171448 172053 172484 172789 173005 173156 173263 173337 173389 173425 173451 173468 173480 173489 173495 173499 173502 173503 173505 173506 173506 173507 173507 173507 173508 173508 173508 173508 173508 173508 173508 173508 173508 173508 173508 173508 173508 173508 173508 173508 173508 173508 173508 173508 173508 173508 173508 173508 173508 173508 173508 173508 173508 173508 173508 173508 173508 173508 173508 173508 173508 173508 173508 173508 173508 173508 173508 173508 173508 173508 173508 173508 173508 173508 173508 173508 173508 173508 173508 173508 173508 173508 173508 173508 173508 0 0 0 0 0 0 0 0 0 0 0 0 0 0 0 0 0 0 0 0 0 0 0 0 0
#obs catch bio
 0 95801.2 145492 209941 256495 292596 275408 303826 283893 277435 287233 304784 242279 242627 242897 206768 180144 168171 147758 133660 135680 124710 117995 117013 102381 101068 95998.9 106054 100996 107668 95730.2 96800 89738 97567.4 96541.5 96564.2 95979.4 96409.9 96738.9 99046.8 109098 99365.1 104098 111387 110096 109101 112424 113141 115118 108623 6.20315 6.97853
#pred cpue bio
 3.55225e+06 3.45514e+06 3.36264e+06 3.21989e+06 3.01597e+06 2.7741e+06 2.50879e+06 2.27747e+06 2.03109e+06 1.81907e+06 1.62787e+06 1.43757e+06 1.23889e+06 1.11149e+06 987522 862273 773305 710238 657706 625696 605109 576096 555446 540050 525740 527837 531473 540770 538868 541315 535450 540892 544783 557807 564299 574802 588265 604658 622405 640917 659223 667382 687139 702386 709381 716009 722597 723245 720748 712350 717785 842957 2.04009e+07 1.96909e+07 1.9053e+07 1.90491e+07 1.97039e+07 2.07271e+07 2.18649e+07 2.29605e+07 2.39338e+07 2.47552e+07 2.54251e+07 2.59585e+07 2.63765e+07 2.67005e+07 2.695e+07 2.71413e+07 2.72879e+07 2.74003e+07 2.74866e+07 2.7553e+07 2.76044e+07 2.76442e+07 2.76753e+07 2.76996e+07 2.77188e+07 2.77339e+07 2.77459e+07 2.77553e+07 2.77629e+07 2.77689e+07 2.77738e+07 2.77777e+07 2.77808e+07 2.77834e+07 2.77854e+07 2.77871e+07 2.77885e+07 2.77896e+07 2.77905e+07 2.77912e+07 2.77918e+07 2.77923e+07 2.77927e+07 2.7793e+07 2.77933e+07 2.77935e+07 2.77937e+07 2.77938e+07 2.77939e+07 2.7794e+07 2.77941e+07 2.77942e+07 2.77942e+07 2.77943e+07 2.77943e+07 2.77943e+07 2.77943e+07 2.77944e+07 2.77944e+07 2.77944e+07 2.77944e+07 2.77944e+07 2.77944e+07 2.77944e+07 2.77944e+07 2.77944e+07 2.77944e+07 2.77944e+07 2.77944e+07 2.77944e+07 2.77944e+07 2.77944e+07 2.77944e+07 2.77944e+07 2.77944e+07 2.77944e+07 2.77945e+07 2.77945e+07 2.77945e+07 2.77945e+07 2.77945e+07 2.77945e+07 2.77945e+07 2.77945e+07 2.77945e+07 2.77945e+07 2.77945e+07 2.77945e+07 2.77945e+07 2.77945e+07 2.77945e+07 2.77945e+07 2.77945e+07 2.77945e+07 2.77945e+07 2.77945e+07 2.77945e+07 2.77945e+07 2.77945e+07 2.77945e+07 1.23889e+06 0 0 0 0 0 0 0 0 0 0 0 0 0 0 0 0 0 0 0 0 0 0 0 0
#obs cpue bio
 3.3994e+06 2.78869e+06 3.47616e+06 2.53125e+06 2.93796e+06 2.4242e+06 2.08772e+06 2.18837e+06 2.17794e+06 1.55325e+06 1.42572e+06 839506 1.01198e+06 945681 1.26129e+06 904473 794130 560065 471960 690493 915568 589644 637870 438782 522222 699089 460331 630718 563845 545596 866751 719605 474374 439723 396454 466277 745094 387142 624420 480390 614286 547730 802041 858259 736622 746979 899841 644023 987690 548934 730748 813340
#pred surv len freq
 0.00453715 0.00742362 0.01128 0.016123 0.0218554 0.028179 0.0345711 0.0404184 0.0452472 0.0488755 0.0513877 0.0530024 0.0539536 0.0544356 0.0545904 0.0545144 0.0542724 0.0538998 0.0533613 0.0524642 0.0507898 0.0477554 0.0428739 0.0361094 0.0280793
 0.00462208 0.00749742 0.0112765 0.0159522 0.0214408 0.027509 0.0337317 0.0395765 0.0445847 0.0485105 0.0513326 0.0531808 0.0542584 0.054789 0.054974 0.0549601 0.0548232 0.0545625 0.0540755 0.0531088 0.0512275 0.0478962 0.0427185 0.0357477 0.0276437
 0.00482847 0.00781579 0.0117185 0.0165035 0.0220495 0.0280783 0.0341302 0.0396759 0.0443193 0.0479248 0.0505766 0.0524457 0.0536928 0.0544504 0.0548412 0.0549823 0.0549616 0.0547946 0.0543693 0.053398 0.0514178 0.0479043 0.0425179 0.0353859 0.0272174
 0.00498538 0.00808461 0.0121474 0.0171428 0.0229353 0.0292074 0.0354342 0.0410123 0.0454923 0.0487362 0.0508905 0.0522396 0.0530663 0.0535829 0.0539189 0.0541376 0.0542528 0.0542214 0.0538973 0.0529731 0.0509768 0.0473944 0.0419241 0.0347447 0.0266018
 0.00516433 0.00837495 0.0125847 0.0177634 0.0237738 0.0302889 0.0367607 0.0425457 0.0471401 0.0503475 0.0522717 0.0531931 0.0534481 0.0533533 0.0531585 0.0530139 0.0529554 0.0529004 0.052634 0.0517851 0.0498456 0.0462992 0.0408691 0.0337678 0.0257607
 0.00537968 0.0087223 0.0131025 0.0184865 0.0247277 0.0314822 0.0381763 0.0441374 0.0488375 0.052062 0.0538953 0.0545938 0.0544732 0.0538562 0.0530436 0.0522772 0.0516932 0.0512768 0.0508243 0.0499296 0.0480353 0.0445914 0.0393131 0.0324173 0.0246656
 0.00563162 0.00912818 0.0137067 0.0193278 0.0258334 0.0328569 0.0397908 0.0459251 0.0507037 0.0539021 0.0556093 0.0560888 0.0556554 0.054623 0.0532888 0.0519164 0.0506995 0.0497055 0.048808 0.0476464 0.0456685 0.0423041 0.037239 0.0306583 0.0232827
 0.0058612 0.0094978 0.0142566 0.0200943 0.0268434 0.0341196 0.0412871 0.0476027 0.0524823 0.0556862 0.0573022 0.0576002 0.0569021 0.0555242 0.0537608 0.0518741 0.0500731 0.0484696 0.0470094 0.0454129 0.0431917 0.0398032 0.0349209 0.0286833 0.021741
 0.00620535 0.0100382 0.0150344 0.0211357 0.0281561 0.0356883 0.0430669 0.0495166 0.05443 0.0575607 0.0590054 0.0590506 0.0580343 0.0562826 0.0540928 0.0517238 0.0493838 0.0471998 0.0451622 0.0430656 0.0405078 0.0370144 0.0322802 0.0264063 0.0199581
 0.00654189 0.0105768 0.0158284 0.0222271 0.0295662 0.0374038 0.0450273 0.0516135 0.0565262 0.0595205 0.0607193 0.0604433 0.0590589 0.0569086 0.0542936 0.0514685 0.0486344 0.04592 0.0433404 0.0407474 0.0378227 0.0341754 0.0295464 0.0240175 0.0180718
 0.0068144 0.0110246 0.0165114 0.0232034 0.0308805 0.0390683 0.0470015 0.0537981 0.0587756 0.0616719 0.0626228 0.0619822 0.0601578 0.0575305 0.0544281 0.0511156 0.0477907 0.0445767 0.0414977 0.038444 0.0351673 0.0313583 0.0268133 0.0216092 0.0161561
 0.00703884 0.0114005 0.0170977 0.0240633 0.0320693 0.040614 0.0488844 0.0559402 0.0610487 0.0639187 0.0646807 0.0637044 0.0614289 0.0582761 0.0546159 0.0507465 0.0468839 0.0431572 0.0395971 0.0361188 0.0325259 0.028577 0.0241202 0.0192325 0.0142594
 0.00738909 0.0119529 0.0178983 0.0251454 0.0334508 0.0422918 0.0508248 0.0580715 0.0632634 0.066085 0.0666582 0.0653589 0.0626451 0.0589684 0.0547349 0.0502793 0.0458479 0.041591 0.0375567 0.0336849 0.0298207 0.0257756 0.0214375 0.0168801 0.0123878
 0.00758739 0.0122742 0.0183795 0.0258204 0.0343437 0.0434082 0.0521431 0.0595418 0.0648167 0.0676471 0.0681576 0.0667245 0.0637998 0.0598274 0.0552137 0.0503069 0.0453794 0.0406155 0.0361015 0.0318191 0.0276612 0.0234869 0.0192157 0.0149147 0.0108143
 0.00776987 0.0125784 0.0188512 0.0265055 0.0352781 0.0446009 0.0535605 0.0611049 0.0664153 0.0691661 0.0695009 0.067826 0.064621 0.0603456 0.0554085 0.0501519 0.0448447 0.0396791 0.034766 0.0301282 0.0257104 0.0214225 0.0172148 0.0131477 0.00940172
 0.00800025 0.0129511 0.0194087 0.0272862 0.0363092 0.0458865 0.0550684 0.0627591 0.0681036 0.0707582 0.0708717 0.0688761 0.0652898 0.0606143 0.0552905 0.0496761 0.0440382 0.038561 0.0333551 0.0284615 0.0238618 0.0195098 0.0153861 0.011547 0.00812976
 0.00815449 0.0131955 0.0197652 0.0277731 0.0369398 0.0466672 0.0559942 0.0638087 0.0692365 0.071916 0.0719813 0.0698559 0.0660595 0.0611073 0.0554647 0.0495174 0.0435555 0.0377771 0.032301 0.0271806 0.0224206 0.0180053 0.0139378 0.0102725 0.00711285
 0.00824857 0.0133449 0.0199836 0.0280712 0.037324 0.0471382 0.0565448 0.0644245 0.0698988 0.0726051 0.0726766 0.0705309 0.0666762 0.0616148 0.0558057 0.0496396 0.043423 0.0373767 0.0316434 0.0263007 0.0213784 0.0168854 0.0128409 0.00929623 0.00632776
 0.00825826 0.0133749 0.020055 0.0282117 0.0375609 0.0474866 0.0569987 0.0649552 0.0704644 0.0731644 0.0731992 0.0710001 0.0670833 0.0619503 0.056051 0.0497651 0.0433934 0.0371611 0.0312276 0.0256955 0.0206241 0.0160491 0.0120062 0.00854479 0.00571902
 0.00815684 0.0132188 0.0198379 0.0279377 0.0372484 0.0471712 0.0567325 0.0647989 0.0704702 0.0733576 0.0735691 0.0715054 0.0676675 0.0625568 0.05663 0.0502721 0.0437864 0.0374011 0.0312854 0.0255617 0.0203171 0.0156165 0.0115162 0.00806934 0.0053153
 0.00817629 0.013222 0.0197912 0.0277945 0.0369642 0.046727 0.056154 0.0641602 0.0698768 0.0729178 0.0733648 0.0715737 0.0679959 0.0630913 0.0572914 0.0509745 0.0444498 0.0379592 0.0316888 0.0257831 0.0203561 0.0155017 0.0112996 0.00781276 0.00507321
 0.00838042 0.0135283 0.0202021 0.0282891 0.0374967 0.0472281 0.0565394 0.0643467 0.0698103 0.0725991 0.0728596 0.0709944 0.067464 0.0626992 0.0570801 0.0509323 0.0445273 0.0380893 0.0318059 0.0258366 0.0203199 0.0153774 0.0111129 0.00760276 0.00487796
 0.00855378 0.0137975 0.0205826 0.0287842 0.0380931 0.0478919 0.0572116 0.064945 0.0702418 0.072784 0.0727564 0.0706176 0.0668847 0.0620268 0.0564302 0.0503938 0.044141 0.0378467 0.0316638 0.0257398 0.0202219 0.0152536 0.010963 0.0074435 0.0047317
 0.00862499 0.0139196 0.0207777 0.0290756 0.0384984 0.0484128 0.0578241 0.0655968 0.0708588 0.0732846 0.0730675 0.0706889 0.0667016 0.0616177 0.0558641 0.0497644 0.0435403 0.0373393 0.0312736 0.025454 0.0200082 0.0150794 0.0108086 0.0073049 0.00461404
 0.00862862 0.0139348 0.0208183 0.0291616 0.0386533 0.0486573 0.0581685 0.0660348 0.0713644 0.0738112 0.0735528 0.0710645 0.0669071 0.0616159 0.0556536 0.0493822 0.0430537 0.0368262 0.0308003 0.0250589 0.0196995 0.0148449 0.01063 0.00716758 0.00451022
 0.00852702 0.0137719 0.0205788 0.0288371 0.0382488 0.0481996 0.0577113 0.0656537 0.0711389 0.0737997 0.0737721 0.0714828 0.0674521 0.0621942 0.0561744 0.0497798 0.0433012 0.0369361 0.0308115 0.0250173 0.0196411 0.0147887 0.0105813 0.00712588 0.00447472
 0.0085156 0.0137397 0.0205053 0.0286949 0.0380107 0.0478509 0.0572613 0.0651418 0.0706306 0.0733749 0.0735071 0.0714309 0.0676279 0.0625668 0.0566741 0.0503179 0.043795 0.0373305 0.0310874 0.0251865 0.0197316 0.0148299 0.0105952 0.00712571 0.00446792
 0.00843675 0.0136215 0.0203452 0.0284946 0.037773 0.0475746 0.056941 0.0647733 0.070221 0.0729518 0.0731212 0.0711475 0.067509 0.0626507 0.05696 0.0507631 0.0443268 0.0378674 0.0315628 0.0255628 0.0200014 0.0150072 0.0107028 0.00718596 0.00449853
 0.00840262 0.0135735 0.0202869 0.0284342 0.0377205 0.0475377 0.0569203 0.0647593 0.0701942 0.0728881 0.0730014 0.0709702 0.0672987 0.0624545 0.0568329 0.0507455 0.0444276 0.0380615 0.0318026 0.025798 0.0201962 0.0151469 0.0107905 0.00723436 0.00452169
 0.00828647 0.0133978 0.0200473 0.0281369 0.0373824 0.0471848 0.0565858 0.0644789 0.0699985 0.0727925 0.0730001 0.0710391 0.0674067 0.0625785 0.0569679 0.0509036 0.0446266 0.0383092 0.0320873 0.0260914 0.0204648 0.0153654 0.0109491 0.00733728 0.00458164
 0.00831612 0.01343 0.0200668 0.0281206 0.0373068 0.0470375 0.0563739 0.0642303 0.0697527 0.0725874 0.0728611 0.0709732 0.0674045 0.0626205 0.0570343 0.0509829 0.0447191 0.0384224 0.0322267 0.0262522 0.0206314 0.0155178 0.0110717 0.00742414 0.00463596
 0.00839472 0.0135319 0.0201717 0.0281923 0.0373013 0.0469173 0.0561224 0.0638591 0.0693011 0.0721152 0.0724357 0.0706545 0.0672301 0.062598 0.0571431 0.0511859 0.0449768 0.0387034 0.0325106 0.0265254 0.0208822 0.0157344 0.0112445 0.00754981 0.00471838
 0.00852498 0.0137306 0.0204448 0.0285323 0.0376837 0.0472991 0.0564434 0.0640515 0.0693087 0.0719149 0.0720509 0.0701505 0.066694 0.062113 0.0567676 0.0509442 0.0448626 0.0386912 0.0325685 0.0266243 0.0209986 0.0158501 0.0113464 0.00762981 0.00477437
 0.00855819 0.0137852 0.020528 0.0286505 0.0378407 0.0474918 0.056658 0.064261 0.0694749 0.0719958 0.0720127 0.0699808 0.0664107 0.0617626 0.0564125 0.0506438 0.0446562 0.0385907 0.0325614 0.0266842 0.0210953 0.0159576 0.0114456 0.0077099 0.00483178
 0.00856964 0.0138137 0.0205888 0.0287634 0.0380242 0.0477545 0.0569908 0.064635 0.0698461 0.0723142 0.0722309 0.0700621 0.0663357 0.0615364 0.0560676 0.0502348 0.0442461 0.0382343 0.0322919 0.0265093 0.0210026 0.015924 0.0114468 0.00772631 0.00485068
 0.0084979 0.0137087 0.0204532 0.0286095 0.0378734 0.0476349 0.0569326 0.0646647 0.0699776 0.0725409 0.0725227 0.0703701 0.0666051 0.0617203 0.0561394 0.0501948 0.0441205 0.0380657 0.0321252 0.0263779 0.020921 0.015889 0.0114446 0.0077408 0.00486931
 0.0084056 0.0135643 0.0202473 0.0283391 0.0375451 0.0472682 0.0565628 0.0643404 0.0697519 0.0724571 0.0726009 0.0706004 0.0669485 0.0621184 0.0565289 0.0505235 0.0443594 0.0382132 0.0322019 0.0264142 0.0209441 0.0159147 0.0114764 0.00777457 0.00489917
 0.00828528 0.0133781 0.0199847 0.0279973 0.0371298 0.0467949 0.0560589 0.063846 0.0693173 0.072135 0.0724364 0.0706211 0.0671568 0.0624883 0.0570093 0.0510489 0.0448658 0.0386529 0.0325523 0.0266763 0.0211341 0.0160524 0.0115776 0.0078488 0.0049516
 0.00831243 0.0133954 0.0199618 0.0278908 0.0368964 0.0464112 0.0555375 0.0632374 0.0686962 0.0715791 0.0720103 0.0703688 0.0671007 0.0626292 0.0573254 0.0514965 0.0453855 0.0391814 0.0330361 0.0270821 0.0214509 0.0162862 0.0117429 0.00796111 0.00502462
 0.00828604 0.0133644 0.0199351 0.0278788 0.0369019 0.0464178 0.055506 0.063117 0.0684482 0.071202 0.0715488 0.0699012 0.0667124 0.0623869 0.057263 0.0516127 0.0456488 0.0395401 0.0334312 0.0274607 0.0217763 0.0165416 0.0119282 0.00808668 0.00510429
 0.00813571 0.0131462 0.0196561 0.0275643 0.0365898 0.0461489 0.0553116 0.0630095 0.0684153 0.0712082 0.0715482 0.069859 0.0666244 0.0622845 0.0571986 0.0516362 0.0457867 0.0397869 0.0337539 0.0278122 0.0221104 0.0168253 0.0121462 0.00823938 0.00520233
 0.00809449 0.0130718 0.0195319 0.0273737 0.0363249 0.0458211 0.0549583 0.0626887 0.0681864 0.0711077 0.0715734 0.0699702 0.0667642 0.0624049 0.0572811 0.0516956 0.0458581 0.0399035 0.0339296 0.0280359 0.0223533 0.0170547 0.0123374 0.0083816 0.00529735
 0.00800531 0.0129291 0.0193212 0.0270826 0.0359453 0.045353 0.0544166 0.0621087 0.0676247 0.0706349 0.0712578 0.0698574 0.0668607 0.0626755 0.0576644 0.0521285 0.0462969 0.0403299 0.0343416 0.0284323 0.0227248 0.0173838 0.0126072 0.00858347 0.00543422
 0.00786909 0.0127271 0.0190529 0.0267592 0.035585 0.0449735 0.0540304 0.0617236 0.067249 0.0702838 0.0709578 0.0696449 0.0667741 0.0627411 0.0578833 0.0524741 0.046724 0.0407912 0.0348002 0.0288649 0.0231165 0.0177227 0.012883 0.00879133 0.00557734
 0.00778488 0.0125916 0.0188524 0.0264847 0.0352363 0.0445651 0.0535939 0.0613025 0.066886 0.0700058 0.0707704 0.0695397 0.0667427 0.0627849 0.0580129 0.0526982 0.0470379 0.0411733 0.0352172 0.0292818 0.0235039 0.0180595 0.0131567 0.00899766 0.00572018
 0.00774195 0.0125171 0.0187316 0.026301 0.0349749 0.0442198 0.0531736 0.0608352 0.0664152 0.0695823 0.0704398 0.0693316 0.0666656 0.0628303 0.058164 0.0529389 0.0473547 0.0415515 0.0356355 0.0297115 0.0239136 0.0184216 0.0134529 0.00922106 0.00587464
 0.00765136 0.0123821 0.0185507 0.0260792 0.0347206 0.0439393 0.0528692 0.0605075 0.0660695 0.0692342 0.0701172 0.0690705 0.0665009 0.0627855 0.0582457 0.0531374 0.0476502 0.0419192 0.0360485 0.0301409 0.0243289 0.0187945 0.0137621 0.00945653 0.00603843
 0.0075339 0.0122047 0.0183096 0.0257808 0.0343811 0.0435818 0.0525204 0.0601931 0.0658083 0.069033 0.0699715 0.0689715 0.0664459 0.0627824 0.0583099 0.053283 0.0478815 0.0422275 0.0364136 0.0305347 0.0247201 0.0191532 0.0140648 0.00969044 0.0062031
 0.00751598 0.0121607 0.0182166 0.0256107 0.0341096 0.043203 0.0520574 0.0596972 0.0653443 0.0686582 0.0697193 0.0688469 0.0664327 0.0628564 0.0584512 0.0534816 0.0481356 0.0425357 0.0367677 0.0309168 0.0251038 0.0195095 0.0143691 0.00992814 0.00637198
 0.00766842 0.0123786 0.0184879 0.0259018 0.0343709 0.04338 0.0521032 0.0595837 0.065071 0.0682567 0.069248 0.0683761 0.0660233 0.0625456 0.0582495 0.053382 0.0481249 0.0426022 0.0369007 0.0311026 0.0253227 0.0197366 0.0145794 0.0101025 0.00650166
 0.00723803 0.0117865 0.017794 0.0252245 0.0338478 0.0431084 0.0520951 0.0597638 0.0653179 0.0684591 0.0693461 0.0683711 0.0659616 0.0624902 0.0582543 0.0534767 0.048313 0.0428687 0.0372222 0.0314531 0.0256762 0.0200678 0.0148664 0.0103307 0.0066668
 0.00596519 0.00981241 0.0150101 0.0216193 0.0295362 0.0383564 0.047327 0.0555123 0.062101 0.0666309 0.0690041 0.0693721 0.0680185 0.0652819 0.0614953 0.0569375 0.0518121 0.0462578 0.0403777 0.0342749 0.0280906 0.0220325 0.0163747 0.0114132 0.00738623
#obs surv len freq
 nan nan nan nan nan nan nan nan nan nan nan nan nan nan nan nan nan nan nan nan nan nan nan nan nan
 0.00448623 0.00734836 0.0111792 0.0159962 0.0216974 0.0279731 0.034287 0.0400178 0.0446966 0.0481594 0.0505161 0.0520107 0.0529019 0.0534132 0.0537267 0.053981 0.0542591 0.0545516 0.0546902 0.054282 0.0527201 0.0493525 0.0438027 0.0362833 0.0276676
 0.00461811 0.00756497 0.0115089 0.0164657 0.022325 0.0287586 0.0352019 0.0410023 0.0456685 0.0490305 0.051209 0.0524703 0.0531004 0.0533502 0.0534246 0.0534773 0.0535976 0.0537751 0.053838 0.0533913 0.05183 0.0485064 0.0430456 0.0356536 0.0271863
 0.00478093 0.00783026 0.0119094 0.0170326 0.0230823 0.0297138 0.0363351 0.0422614 0.0469725 0.0502818 0.0523074 0.0533256 0.0536428 0.0535383 0.0532488 0.0529585 0.0527801 0.0527179 0.0526069 0.0520564 0.050466 0.0471931 0.0418624 0.0346657 0.0264299
 0.00497075 0.0081426 0.0123863 0.0177154 0.024003 0.0308822 0.0377258 0.0438092 0.0485821 0.0518447 0.0537178 0.0544882 0.054476 0.0539778 0.0532532 0.0525147 0.0519067 0.0514638 0.0510476 0.0502893 0.0486067 0.0453695 0.0402008 0.0332693 0.0253567
 0.00517814 0.00848269 0.0129038 0.0184545 0.0249994 0.0321504 0.0392453 0.0455182 0.0503843 0.0536259 0.0553624 0.0558906 0.0555456 0.0546406 0.0534524 0.0522141 0.0510956 0.0501643 0.0493205 0.0482379 0.0463745 0.0431282 0.0381265 0.0315087 0.0239954
 0.00540041 0.00884567 0.0134534 0.0192348 0.0260455 0.0334756 0.0408277 0.0472956 0.0522621 0.0554936 0.0571091 0.0574139 0.0567547 0.0554563 0.0538085 0.0520587 0.0503958 0.0489153 0.0475591 0.0460551 0.0439211 0.0406037 0.035748 0.0294647 0.0224016
 0.00563121 0.00922462 0.0140306 0.0200594 0.027156 0.0348849 0.0425084 0.0491748 0.0542327 0.0574355 0.058909 0.0589743 0.0579944 0.0563073 0.0542114 0.051961 0.0497548 0.0477079 0.0457991 0.0438137 0.0413415 0.0378961 0.0331557 0.027209 0.0206266
 0.00588981 0.00964354 0.0146585 0.0209411 0.0283247 0.0363498 0.0442409 0.0511027 0.0562488 0.0594168 0.0607361 0.0605443 0.0592252 0.0571362 0.0545898 0.051848 0.049114 0.046513 0.0440507 0.0415652 0.0387212 0.0351093 0.0304548 0.024834 0.0187415
 0.00612914 0.0100416 0.0152738 0.0218327 0.029539 0.0379006 0.04609 0.0531562 0.0583737 0.0614704 0.0625911 0.0621001 0.0604083 0.057895 0.0548877 0.0516569 0.04841 0.0452779 0.0422857 0.039315 0.0361001 0.0323105 0.0277255 0.0224178 0.0168112
 0.00636298 0.0104245 0.0158556 0.0226629 0.0306586 0.0393284 0.0478068 0.0550955 0.0604268 0.0635035 0.0644665 0.0636947 0.0616261 0.0586713 0.0551859 0.0514587 0.0477056 0.0440631 0.0405701 0.0371434 0.0335779 0.0296157 0.0250899 0.0200748 0.0149308
 0.00659179 0.0107978 0.01642 0.0234625 0.0317269 0.0406754 0.0494055 0.056878 0.0622938 0.0653428 0.0661684 0.0651605 0.0627706 0.0594252 0.0554986 0.0512988 0.0470585 0.0429279 0.0389635 0.0351139 0.0312259 0.0271051 0.0226329 0.0178863 0.0131695
 0.00683684 0.0112 0.017032 0.0243344 0.0328949 0.0421444 0.0511327 0.0587691 0.0642196 0.0671668 0.0677724 0.0664568 0.0637012 0.0599548 0.0556063 0.0509724 0.046292 0.0417237 0.0373402 0.0331204 0.028958 0.024714 0.0203115 0.0158283 0.0115172
 0.00706416 0.0115732 0.0176002 0.0251453 0.0339853 0.0435242 0.0527691 0.0605804 0.0660847 0.0689485 0.0693411 0.0677081 0.0645649 0.0603948 0.0556146 0.0505577 0.0454702 0.0405135 0.0357686 0.0312368 0.0268506 0.0225181 0.0181968 0.0139638 0.0100255
 0.00727586 0.0119216 0.0181324 0.0259071 0.0350117 0.0448241 0.05431 0.0622832 0.0678353 0.070619 0.0708112 0.0688786 0.0653639 0.0607805 0.0555736 0.0501004 0.0446224 0.0393095 0.0342506 0.0294619 0.0249045 0.0205213 0.016296 0.0123018 0.00870355
 0.00743169 0.0121806 0.0185327 0.0264882 0.0358067 0.0458477 0.0555451 0.0636756 0.0692997 0.0720539 0.0721145 0.069959 0.0661482 0.0612176 0.0556359 0.0497834 0.0439405 0.0382932 0.0329441 0.0279264 0.0232239 0.0188057 0.014672 0.0108892 0.0075846
 0.00752248 0.0123272 0.0187523 0.0267983 0.0362243 0.046387 0.0562136 0.0644686 0.0701967 0.0730168 0.073089 0.0708781 0.066939 0.0618102 0.0559722 0.0498228 0.0436642 0.0377048 0.0320707 0.026819 0.021959 0.0174829 0.013403 0.00977732 0.00670051
 0.00758088 0.0124177 0.0188804 0.0269671 0.0364354 0.0466421 0.0565153 0.064821 0.0706051 0.0734855 0.0736166 0.0714513 0.0675266 0.0623625 0.0564263 0.0501139 0.0437375 0.0375262 0.0316336 0.026149 0.0211134 0.0165458 0.0124724 0.00894465 0.00602991
 0.0076667 0.0125478 0.0190587 0.0271904 0.0366943 0.046923 0.0568022 0.0650983 0.0708615 0.073719 0.0738358 0.0716713 0.0677607 0.0626112 0.056671 0.0503159 0.0438456 0.0374898 0.031418 0.0257473 0.0205532 0.0158863 0.0117918 0.00832059 0.00551946
 0.00771179 0.012621 0.019168 0.0273422 0.0368904 0.0471572 0.0570584 0.0653522 0.0710874 0.0738988 0.0739654 0.0717613 0.0678308 0.0626817 0.0567528 0.0504033 0.0439142 0.0375014 0.0313323 0.0255378 0.02022 0.01546 0.0113266 0.00787756 0.00514753
 0.00775152 0.0126775 0.0192384 0.0274195 0.0369669 0.0472288 0.0571268 0.0654238 0.0711682 0.0739898 0.0740614 0.0718543 0.0679154 0.0627584 0.0568266 0.0504776 0.043984 0.0375491 0.0313312 0.0254616 0.0200558 0.0152176 0.0110378 0.00758578 0.00489234
 0.00780021 0.0127517 0.0193405 0.0275472 0.0371126 0.0473797 0.0572662 0.0655346 0.0712388 0.0740186 0.0740577 0.071833 0.0678905 0.0627383 0.0568143 0.0504729 0.0439834 0.0375447 0.0313088 0.0254038 0.0199494 0.0150618 0.0108479 0.00738832 0.00471494
 0.00783439 0.0128023 0.0194072 0.0276266 0.0371988 0.0474657 0.0573451 0.0655998 0.0712843 0.0740403 0.074055 0.0718106 0.0678574 0.0627056 0.056791 0.050463 0.0439852 0.0375512 0.031309 0.0253846 0.0198999 0.0149784 0.0107374 0.00726656 0.00460071
 0.00787233 0.0128615 0.0194915 0.0277368 0.037332 0.0476141 0.0574955 0.0657352 0.0713875 0.0740991 0.0740653 0.0717764 0.0677887 0.0626155 0.0566932 0.0503695 0.0439039 0.0374842 0.0312522 0.0253301 0.0198388 0.0149051 0.010653 0.00717863 0.00451968
 0.00787915 0.0128737 0.0195119 0.0277688 0.0373786 0.0476766 0.0575725 0.0658211 0.0714739 0.0741756 0.0741221 0.0718066 0.0677897 0.0625898 0.0566474 0.0503125 0.0438446 0.0374289 0.0312033 0.0252856 0.0197939 0.0148558 0.0105985 0.0071222 0.00446725
 0.00786899 0.0128559 0.019483 0.0277256 0.03732 0.0476056 0.0574978 0.0657564 0.0714334 0.0741693 0.0741521 0.0718666 0.0678674 0.0626715 0.0567216 0.0503727 0.0438892 0.0374599 0.0312234 0.0252964 0.0197955 0.0148475 0.0105808 0.00709804 0.00444119
 0.00788647 0.012875 0.0194949 0.0277164 0.0372748 0.0475154 0.0573645 0.0655944 0.0712667 0.074025 0.0740537 0.071828 0.0678911 0.0627482 0.056834 0.0505008 0.0440156 0.0375727 0.0313167 0.0253683 0.0198465 0.0148791 0.0105957 0.00710028 0.00443562
 0.00788258 0.0128707 0.0194915 0.027715 0.0372739 0.0475086 0.0573402 0.0655394 0.0711731 0.0738971 0.0739095 0.0716951 0.0677971 0.062711 0.0568576 0.0505754 0.044123 0.0376925 0.0314318 0.0254672 0.0199237 0.0149337 0.0106299 0.00711812 0.00444227
 0.00790089 0.0128945 0.0195164 0.0277337 0.037279 0.0474956 0.0573097 0.0654958 0.0711206 0.0738363 0.0738384 0.0716138 0.0677121 0.0626364 0.0568099 0.0505667 0.0441552 0.0377574 0.0315146 0.0255525 0.0199993 0.0149927 0.0106707 0.00714286 0.00445499
 0.00788654 0.0128756 0.0194959 0.0277162 0.0372682 0.0474917 0.0573076 0.0654871 0.0710979 0.0737974 0.0737874 0.0715578 0.0676582 0.0625902 0.0567769 0.0505529 0.0441662 0.0377947 0.0315738 0.0256238 0.020071 0.0150552 0.0107185 0.00717509 0.00447409
 0.00783151 0.0127871 0.019365 0.0275374 0.0370423 0.0472297 0.0570331 0.0652328 0.0708969 0.0736731 0.0737469 0.0715936 0.0677545 0.0627293 0.0569431 0.0507341 0.0443538 0.0379826 0.0317566 0.0257952 0.0202234 0.0151819 0.0108156 0.00724314 0.00451729
 0.0078119 0.012747 0.0192898 0.0274088 0.0368439 0.0469551 0.0566931 0.0648579 0.0705318 0.0733656 0.0735368 0.0715038 0.0677872 0.0628688 0.057162 0.0510016 0.0446422 0.0382706 0.0320289 0.0260411 0.0204354 0.0153548 0.0109477 0.00733641 0.00457763
 0.00779811 0.0127243 0.0192545 0.0273559 0.036766 0.0468424 0.0565354 0.0646487 0.0702748 0.0730793 0.0732545 0.0712669 0.0676338 0.0628224 0.057226 0.0511603 0.0448678 0.0385316 0.0322969 0.026294 0.0206581 0.0155384 0.011089 0.00743715 0.00464362
 0.00777152 0.0126802 0.0191867 0.0272586 0.0366355 0.0466791 0.0563452 0.0644424 0.0700644 0.0728753 0.0730655 0.0711033 0.0675108 0.0627593 0.0572402 0.0512599 0.0450463 0.0387689 0.0325649 0.0265637 0.0209053 0.015747 0.0112515 0.00755394 0.00472059
 0.00774294 0.0126327 0.0191132 0.0271521 0.0364908 0.0464953 0.0561286 0.0642069 0.0698294 0.0726613 0.0728893 0.0709754 0.0674361 0.0627399 0.0572784 0.0513582 0.0452048 0.0389807 0.032814 0.0268268 0.0211576 0.0159677 0.0114281 0.00768309 0.00480677
 0.00770304 0.0125678 0.0190158 0.0270152 0.0363101 0.0462714 0.0558696 0.0639293 0.0695558 0.0724161 0.0726944 0.0708465 0.0673811 0.0627592 0.0573663 0.0515064 0.045404 0.0392206 0.0330813 0.0271043 0.0214247 0.0162049 0.0116213 0.00782681 0.004904
 0.00766583 0.0125102 0.0189344 0.0269085 0.036178 0.0461153 0.0556925 0.0637367 0.0693565 0.0722221 0.0725198 0.0707065 0.0672895 0.0627257 0.0573956 0.0515971 0.0455496 0.0394109 0.0333031 0.0273416 0.0216593 0.0164189 0.0118003 0.00796338 0.0049985
 0.00764472 0.012473 0.0188732 0.026815 0.0360458 0.0459442 0.0554908 0.063521 0.0691469 0.0720364 0.0723699 0.0705981 0.0672255 0.0627086 0.0574277 0.0516795 0.0456804 0.0395839 0.0335075 0.0275628 0.0218803 0.0166227 0.011973 0.00809693 0.00509229
 0.00765018 0.0124811 0.0188837 0.026826 0.0360533 0.045941 0.0554677 0.0634687 0.0690602 0.0719176 0.0722293 0.0704517 0.0670899 0.0625977 0.0573516 0.0516449 0.0456909 0.0396395 0.0336036 0.0276895 0.0220235 0.0167662 0.0121022 0.0082016 0.00516853
 0.00763666 0.012465 0.0188701 0.0268228 0.0360687 0.0459791 0.0555249 0.0635332 0.0691146 0.0719439 0.0722148 0.0703929 0.0669936 0.062479 0.0572297 0.0515384 0.0456145 0.0396022 0.033608 0.0277317 0.022094 0.0168515 0.012188 0.00827664 0.00522625
 0.00759597 0.0124023 0.0187826 0.0267118 0.0359401 0.045845 0.0554026 0.0634423 0.0690706 0.0719515 0.0722652 0.0704663 0.0670678 0.0625375 0.0572667 0.0515584 0.0456288 0.0396235 0.0336458 0.0277897 0.0221692 0.0169356 0.0122707 0.00834841 0.00528159
 0.00760087 0.0124028 0.0187697 0.0266731 0.0358638 0.0457258 0.0552473 0.0632699 0.0689083 0.0718267 0.0721968 0.0704603 0.0671159 0.0626211 0.0573637 0.0516515 0.0457097 0.039693 0.0337104 0.0278562 0.0222405 0.0170099 0.0123421 0.0084106 0.00533001
 0.00756723 0.0123566 0.0187155 0.0266187 0.0358166 0.0456871 0.0552094 0.0632195 0.0688345 0.0717295 0.0720905 0.0703683 0.0670608 0.0626153 0.0574057 0.051728 0.0458031 0.0397888 0.0338007 0.0279394 0.0223179 0.0170819 0.0124071 0.00846548 0.00537241
 0.00753926 0.0123103 0.0186449 0.0265196 0.0356892 0.0455392 0.0550576 0.063085 0.0687349 0.0716712 0.0720673 0.0703685 0.0670761 0.0626458 0.0574572 0.051805 0.0459037 0.0399042 0.0339199 0.0280527 0.0224199 0.01717 0.0124803 0.00852329 0.005415
 0.0075301 0.0122936 0.0186163 0.0264737 0.0356204 0.0454441 0.0549371 0.0629466 0.0685929 0.0715438 0.0719718 0.0703153 0.0670662 0.0626726 0.0575116 0.0518802 0.0459956 0.0400093 0.0340325 0.0281655 0.0225251 0.017262 0.0125557 0.00858122 0.00545644
 0.0075399 0.0123071 0.018632 0.0264881 0.0356286 0.04544 0.0549147 0.0629014 0.0685232 0.0714527 0.0718683 0.0702128 0.0669798 0.0626141 0.0574865 0.0518878 0.0460308 0.0400657 0.0341034 0.0282441 0.0226042 0.0173351 0.012618 0.00863002 0.00549158
 0.00752047 0.0122813 0.0186035 0.0264636 0.035615 0.0454411 0.0549285 0.0629197 0.0685347 0.0714474 0.0718408 0.0701645 0.066918 0.0625506 0.057434 0.0518561 0.0460251 0.0400856 0.0341442 0.0282989 0.0226653 0.0173951 0.0126711 0.00867276 0.00552278
 0.00750935 0.0122618 0.0185719 0.0264167 0.0355524 0.0453673 0.0548539 0.0628586 0.0684993 0.0714419 0.0718593 0.0701939 0.0669448 0.0625667 0.0574392 0.051857 0.0460305 0.0401027 0.0341761 0.0283437 0.022718 0.0174491 0.0127203 0.00871297 0.00555243
 0.00750272 0.0122509 0.0185553 0.0263925 0.0355186 0.0453222 0.0547972 0.0627927 0.068431 0.0713813 0.0718172 0.0701773 0.0669537 0.0625941 0.057475 0.0518929 0.0460636 0.0401349 0.0342112 0.0283842 0.0227633 0.0174957 0.0127637 0.00874924 0.00557962
 0.00748183 0.0122187 0.0185101 0.0263341 0.0354481 0.0452422 0.0547117 0.062707 0.0683509 0.0713132 0.0717668 0.0701503 0.0669541 0.0626228 0.0575285 0.0519636 0.0461423 0.040214 0.0342867 0.0284549 0.0228288 0.017555 0.0128147 0.0087901 0.00560954
 0.00748183 0.0122187 0.0185101 0.0263341 0.0354481 0.0452422 0.0547117 0.062707 0.0683509 0.0713132 0.0717668 0.0701503 0.0669541 0.0626228 0.0575285 0.0519636 0.0461423 0.040214 0.0342867 0.0284549 0.0228288 0.017555 0.0128147 0.0087901 0.00560954
 0.00669533 0.0109649 0.0166752 0.0238447 0.0323044 0.04156 0.0507552 0.0588762 0.0651044 0.0690521 0.0707371 0.0704017 0.0683601 0.0649355 0.0604436 0.0551774 0.0493919 0.0432969 0.0370637 0.0308427 0.0247898 0.0190879 0.0139478 0.00957569 0.00611569
#pred catch len freq
 0.00527018 0.00822427 0.0117704 0.0157315 0.019994 0.0245132 0.029234 0.0340279 0.0387064 0.0430761 0.046977 0.0502942 0.052964 0.0549762 0.0563667 0.0572061 0.0575884 0.0576055 0.0572803 0.0564591 0.0547316 0.0514976 0.0462493 0.0389586 0.0302973
 0.00539388 0.00836452 0.0118723 0.015715 0.0197862 0.0240925 0.02866 0.0334285 0.0382244 0.0428054 0.0469279 0.0504072 0.0531574 0.0551962 0.056613 0.0575218 0.0580219 0.0581633 0.0578966 0.0570037 0.0550586 0.0515136 0.0459605 0.038467 0.0297487
 0.00566857 0.00877464 0.0124175 0.0163601 0.0204575 0.0246833 0.0290471 0.0335073 0.0379552 0.0422462 0.0462236 0.0497303 0.0526358 0.0548744 0.0564676 0.0575087 0.0581124 0.0583437 0.0581388 0.0572402 0.0551906 0.0514542 0.0456841 0.0380271 0.0292511
 0.00590072 0.00914339 0.0129559 0.0170916 0.021389 0.0257926 0.0302677 0.0347189 0.0389942 0.0429428 0.0464579 0.0494824 0.0519987 0.0540178 0.0555688 0.0566932 0.0574344 0.0578014 0.0576971 0.0568432 0.0547715 0.0509561 0.0450896 0.037374 0.0286171
 0.00617007 0.00955844 0.0135399 0.0178563 0.0223393 0.0269313 0.0315912 0.0362009 0.0405649 0.0444745 0.047772 0.0503859 0.0523439 0.0537581 0.0547793 0.0555399 0.0561083 0.0564549 0.0564123 0.0556366 0.0536217 0.0498393 0.0440082 0.0363671 0.0277457
 0.00648987 0.0100495 0.0142262 0.0187437 0.02342 0.0281901 0.0330077 0.0377472 0.0422004 0.0461384 0.0493722 0.051791 0.0533899 0.0542813 0.0546683 0.0547817 0.0547989 0.0547643 0.0545248 0.0536999 0.0517314 0.0480548 0.0423803 0.034952 0.0265962
 0.00682572 0.0105667 0.0149519 0.0196869 0.0245749 0.0295408 0.0345285 0.0393991 0.0439291 0.0478764 0.0510417 0.0533025 0.0546376 0.0551409 0.055009 0.0544975 0.0538492 0.0532008 0.0524854 0.0513724 0.0493093 0.0457091 0.0402503 0.0331429 0.0251715
 0.00718171 0.0111121 0.0157118 0.0206657 0.0257615 0.030916 0.0360663 0.0410632 0.0456682 0.0496241 0.0527203 0.0548273 0.0559199 0.0560869 0.0555186 0.0544693 0.0531998 0.0518975 0.0505755 0.0489922 0.0466647 0.0430358 0.0377708 0.0310294 0.0235212
 0.00765278 0.0118251 0.0166878 0.0218926 0.0272035 0.0325281 0.0378025 0.0428744 0.0474975 0.0514051 0.0543793 0.056288 0.0571064 0.0569253 0.0559352 0.0543885 0.0525488 0.0506235 0.0486771 0.0465501 0.0438533 0.0401032 0.0349876 0.0286263 0.0216379
 0.00813078 0.0125565 0.0177037 0.0231933 0.0287627 0.0343005 0.0397266 0.0448726 0.0494797 0.0532783 0.0560579 0.0576995 0.058191 0.057632 0.0562164 0.0541951 0.0518283 0.0493297 0.0467934 0.0441238 0.0410233 0.0370986 0.0320869 0.0260878 0.0196314
 0.00856295 0.0132257 0.0186495 0.0244329 0.0302919 0.0360957 0.0417407 0.0470287 0.0516711 0.055379 0.0579402 0.0592506 0.0593262 0.0582983 0.0563866 0.0538544 0.0509625 0.0479224 0.0448414 0.0416678 0.0381806 0.0340753 0.0291494 0.0234969 0.0175692
 0.00896914 0.0138574 0.0195481 0.025621 0.0317749 0.0378617 0.0437555 0.0492274 0.0539545 0.0576196 0.0599946 0.0609776 0.0606046 0.0590422 0.0565516 0.0534316 0.0499645 0.046371 0.0427681 0.0391328 0.0353017 0.0310445 0.0262151 0.0209076 0.0155031
 0.00940382 0.0145194 0.0204631 0.0267884 0.0331765 0.0394743 0.0455541 0.0511779 0.0560012 0.0596765 0.0619469 0.0626918 0.0619466 0.0598973 0.0568396 0.0531134 0.0490392 0.0448667 0.0407374 0.0366589 0.0325147 0.0281324 0.0234097 0.0184376 0.0135325
 0.00974787 0.0150462 0.0211961 0.0277295 0.0343107 0.0407755 0.0469892 0.0527066 0.0575769 0.0612482 0.0634582 0.0640759 0.0631219 0.0607693 0.0573123 0.0531053 0.0484977 0.0437775 0.0391281 0.0346039 0.030141 0.0256198 0.0209723 0.0162826 0.0118077
 0.0100925 0.0155798 0.0219495 0.0287147 0.0355201 0.0421828 0.0485464 0.0543424 0.0592022 0.0627701 0.0647952 0.0651674 0.0639276 0.0612611 0.0574628 0.052882 0.0478653 0.0427108 0.0376299 0.032722 0.0279799 0.0233393 0.0187661 0.0143368 0.0102535
 0.0103961 0.0160495 0.0226131 0.0295845 0.0365953 0.0434512 0.0499807 0.055893 0.0607931 0.0643025 0.0661604 0.0662649 0.0646829 0.0616355 0.0574501 0.0524945 0.0471183 0.041616 0.0362028 0.031001 0.0260453 0.0213202 0.0168244 0.0126305 0.00889404
 0.0105945 0.0163526 0.0230343 0.0301266 0.0372551 0.0442255 0.0508677 0.0568875 0.0618773 0.0654382 0.0672854 0.0672969 0.0655317 0.0622192 0.057711 0.052405 0.0466782 0.0408428 0.035126 0.0296659 0.0245241 0.0197189 0.0152746 0.0112617 0.00779918
 0.0107387 0.0165719 0.0233366 0.0305105 0.0377125 0.0447463 0.0514427 0.0575088 0.0625379 0.0661301 0.067995 0.0679993 0.066185 0.0627656 0.0580845 0.0525453 0.0465431 0.0404155 0.0344167 0.0287119 0.0233904 0.0184982 0.0140774 0.0101952 0.00694104
 0.0107064 0.0165379 0.0233197 0.0305402 0.0378218 0.0449606 0.05177 0.0579372 0.0630417 0.0666787 0.068561 0.0685603 0.0667206 0.0632509 0.0584852 0.0528171 0.0466384 0.040295 0.0340616 0.028133 0.0226322 0.0176351 0.0132025 0.00939993 0.00629268
 0.0105392 0.0162892 0.0229896 0.0301475 0.0374032 0.0445664 0.0514587 0.0577671 0.063058 0.0669008 0.0689757 0.0691264 0.0673818 0.0639484 0.0591632 0.0534232 0.0471217 0.0406084 0.03417 0.0280242 0.0223258 0.0171837 0.0126815 0.0088896 0.00585691
 0.0106109 0.0163723 0.0230532 0.0301431 0.0372795 0.0442918 0.0510418 0.0572621 0.0625529 0.0664938 0.0687494 0.0691286 0.0676156 0.0643755 0.0597169 0.0540248 0.047694 0.0410839 0.0344967 0.0281719 0.0222927 0.0169992 0.0124007 0.00857766 0.00557117
 0.0108559 0.0167313 0.0235185 0.030677 0.0378185 0.0447573 0.0513541 0.0573561 0.0623973 0.0661075 0.0682058 0.0685381 0.0670935 0.0640078 0.0595398 0.054023 0.0478141 0.0412544 0.0346472 0.028248 0.0222665 0.016873 0.0122031 0.00835217 0.00536004
 0.0110773 0.017064 0.0239683 0.0312299 0.0384425 0.0454073 0.0519731 0.0578769 0.0627476 0.0662243 0.0680552 0.0681339 0.0665019 0.0633336 0.0588966 0.0534988 0.0474488 0.0410371 0.0345308 0.0281729 0.0221828 0.0167548 0.012051 0.00818573 0.00520474
 0.0111838 0.0172339 0.0242176 0.031571 0.0388808 0.0459369 0.0525711 0.0584999 0.0633341 0.0667023 0.0683546 0.0682011 0.0663155 0.0629167 0.0583164 0.0528512 0.0468301 0.0405156 0.0341318 0.0278826 0.0219662 0.0165768 0.0118908 0.00803968 0.00507933
 0.0111166 0.0171437 0.0241181 0.0314891 0.0388529 0.0459999 0.0527529 0.0588117 0.0637639 0.0672123 0.0688829 0.0686704 0.06665 0.0630613 0.0582529 0.0526051 0.0464627 0.0401041 0.0337439 0.0275582 0.0217142 0.0163852 0.0117419 0.00792072 0.00498531
 0.0109727 0.0169236 0.0238136 0.0311048 0.0384085 0.0455317 0.0523144 0.058469 0.0635836 0.0672428 0.0691374 0.0691188 0.0672233 0.0636669 0.0587982 0.053021 0.0467199 0.0402151 0.03375 0.0275086 0.0216474 0.0163217 0.0116872 0.00787411 0.00494576
 0.0109211 0.0168345 0.0236698 0.0308872 0.0381006 0.0451272 0.0518268 0.0579365 0.0630683 0.0668216 0.0688856 0.0690912 0.0674358 0.0640879 0.0593548 0.0536184 0.0472691 0.0406556 0.0340605 0.0277013 0.0217527 0.0163716 0.0117059 0.00787624 0.00493972
 0.0108592 0.0167434 0.0235495 0.0307411 0.0379307 0.0449292 0.0515875 0.0576408 0.0627114 0.066422 0.0684908 0.06877 0.0672593 0.0641059 0.0595768 0.0540082 0.0477557 0.041156 0.0345051 0.0280502 0.021998 0.0165277 0.0117963 0.00792366 0.00496154
 0.0107857 0.016638 0.0234173 0.0305958 0.0377909 0.044811 0.0514984 0.0575752 0.0626516 0.0663433 0.0683726 0.0686087 0.0670776 0.0639501 0.059501 0.0540517 0.0479247 0.0414206 0.034812 0.0283442 0.0222399 0.016702 0.0119076 0.00798676 0.00499318
 0.0106634 0.0164574 0.0231794 0.0303143 0.0374892 0.0445168 0.0512384 0.0573722 0.0625204 0.066287 0.0683801 0.0686575 0.0671432 0.0640182 0.0595755 0.0541529 0.0480762 0.0416334 0.0350745 0.0286253 0.0225026 0.0169178 0.0120644 0.00808811 0.00505168
 0.0106422 0.0164155 0.023103 0.0301871 0.0372982 0.0442603 0.0509323 0.0570502 0.0622258 0.06606 0.0682464 0.0686226 0.0671938 0.0641291 0.0597204 0.0543145 0.0482505 0.0418253 0.0352873 0.0288524 0.0227261 0.0171161 0.0122213 0.00819857 0.00512076
 0.0107469 0.0165551 0.0232562 0.0303135 0.0373475 0.0441886 0.0507177 0.0567006 0.0617787 0.0655751 0.0677929 0.0682642 0.0669731 0.0640589 0.0597846 0.0544788 0.048477 0.0420829 0.0355555 0.0291169 0.0229738 0.0173332 0.0123965 0.00832681 0.0052052
