SBPRF35
7.78865
Curr Bio
553367
B35
689216
F35
0.209702
FOFL
0.153221
OFL
62675.7
Bzero
2.22533e+006
#pred survey bio
 4.68079e+006 4.43282e+006 4.18199e+006 3.88441e+006 3.58439e+006 3.24841e+006 2.91569e+006 2.56341e+006 2.244e+006 1.95676e+006 1.72625e+006 1.52287e+006 1.32521e+006 1.17647e+006 1.02e+006 937186 837179 771433 730712 701112 671088 651154 633012 622650 623593 608268 607857 614569 613961 609319 615456 618204 617096 613120 600730 579045 572392 565404 576840 590222 595543 596150 610292 616287 607477 611962 612237 612735 614479 611688 605433 580391 554289 563019 556626 566546 578832 576045 568520 582154 559027 1.81337e+007 1.08554e+007 1.11303e+007 1.18746e+007 1.28562e+007 1.38605e+007 1.47613e+007 1.55067e+007 1.6092e+007 1.65358e+007 1.68643e+007 1.71041e+007 1.72775e+007 1.74024e+007 1.74923e+007 1.75573e+007 1.76043e+007 1.76385e+007 1.76636e+007 1.76821e+007 1.76959e+007 1.77061e+007 1.77138e+007 1.77196e+007 1.7724e+007 1.77273e+007 1.77298e+007 1.77317e+007 1.77332e+007 1.77344e+007 1.77352e+007 1.77359e+007 1.77364e+007 1.77368e+007 1.77371e+007 1.77373e+007 1.77375e+007 1.77377e+007 1.77378e+007 1.77379e+007 1.77379e+007 1.7738e+007 1.7738e+007 1.77381e+007 1.77381e+007 1.77381e+007 1.77381e+007 1.77381e+007 1.77381e+007 1.77381e+007 1.77381e+007 1.77381e+007 1.77381e+007 1.77381e+007 1.77381e+007 1.77382e+007 1.77382e+007 1.77382e+007 1.77382e+007 1.77382e+007 1.77382e+007 1.77382e+007 1.77382e+007 1.77382e+007 1.77382e+007 1.77382e+007 1.77382e+007 1.77382e+007 1.77382e+007 1.77382e+007 1.77382e+007 1.77382e+007 1.77382e+007 1.77382e+007 1.77382e+007 1.77382e+007 1.77382e+007 1.77382e+007 1.77382e+007 1.77382e+007 1.77382e+007 1.77382e+007 1.77382e+007 1.77382e+007 1.77382e+007 1.77382e+007 1.77382e+007 1.77382e+007 1.77382e+007 1.77382e+007 1.77382e+007 1.77382e+007 1.77382e+007 1.77382e+007 1.77382e+007 1.77382e+007 1.77382e+007 1.77382e+007 1.77382e+007 1.77382e+007 0 0 0 0 0 0 0 0 0 0 0 0 0 0 0 0 0 0 0 0 0 0 0 0 0
#obs survey bio
 3.23197e+006 3.13882e+006 2.59416e+006 3.85583e+006 2.13394e+006 2.91482e+006 2.38619e+006 2.3751e+006 2.03868e+006 1.63814e+006 1.26042e+006 1.26567e+006 1.15704e+006 957998 853301 507199 654083 638683 874774 676657 560760 476602 560776 521680 598057 496333 569198 465365 468916 485694 498901 832190 705217 508445 686715 590684 551304 486013 773772 446925 645409 472285 454161 690655 547387 553160 626582 639402 622690 598386 644182 600600 710278 493931 506417 576025 604762 470813 735651 710642 434523
#pred catch bio
 100906 102834 155795 177851 237152 264745 313710 312978 308458 277644 269347 275525 239784 250220 189289 205348 174188 150265 138188 136073 125673 122612 114698 104869 117896 104346 97916.6 103065 104741 94363.6 95718.9 96443.8 95881.8 99281 102812 88885.9 92449.4 81643.2 83598.9 91464.6 94803.9 83166.3 89862.7 100631 87825.8 90773 90231.1 89292.4 93555 96711.1 111977 111960 83631.6 97907.4 84969.5 83574.7 95999.3 99193.7 80801.3 109125 118286 62675.7 83030.6 83881.1 88364.6 95222.7 102421 108817 113994 117933 120804 122829 124224 125168 125796 126210 126480 126655 126768 126840 126887 126916 126935 126947 126954 126959 126962 126964 126965 126966 126966 126966 126967 126967 126967 126967 126967 126967 126967 126967 126967 126967 126967 126967 126967 126967 126967 126967 126967 126967 126967 126967 126967 126967 126967 126967 126967 126967 126967 126967 126967 126967 126967 126967 126967 126967 126967 126967 126967 126967 126967 126967 126967 126967 126967 126967 126967 126967 126967 126967 126967 126967 126967 126967 126967 126967 126967 126967 126967 126967 126967 126967 126967 126967 126967 126967 126967 126967 126967 126967 126967 0 0 0 0 0 0 0 0 0 0 0 0 0 0 0 0 0 0 0 0 0 0 0 0 0
#obs catch bio
 0 102651 156746 178643 240015 268214 320307 320272 316670 283888 276692 284537 246987 259183 193782 213772 180240 154490 140839 138980 128521 125757 117295 106615 120920 106860 99829.9 105336 106765 95928.3 97572.8 97739.4 97110.3 100679 104265 89504.2 93824.1 82130.7 83976.1 92101.9 95107.2 83248.4 90212.3 101113 87605.9 90786.1 90138.4 89253.3 93416.6 97026.9 112375 112818 83404.1 98789.8 85433.4 83694.7 96467.7 100106 80655.4 108956 118434
#pred cpue bio
 4.61447e+006 4.37158e+006 4.12441e+006 3.82829e+006 3.5292e+006 3.19458e+006 2.86338e+006 2.51314e+006 2.19588e+006 1.9109e+006 1.68209e+006 1.48031e+006 1.28474e+006 1.13778e+006 983592 901512 803179 739040 699766 671258 642080 622618 605016 595050 595968 581060 580801 587626 587383 583155 589393 592550 592086 588751 577299 556708 549646 541359 551544 564583 570177 571130 585051 591085 582859 587451 587763 588218 589832 586922 580693 556126 530361 538515 532132 541851 554129 551524 544140 557734 535865 1.73857e+007 1.04119e+007 1.05811e+007 1.12136e+007 1.21581e+007 1.31541e+007 1.40533e+007 1.47984e+007 1.53837e+007 1.58274e+007 1.6156e+007 1.63958e+007 1.65692e+007 1.66941e+007 1.6784e+007 1.68489e+007 1.6896e+007 1.69302e+007 1.69553e+007 1.69738e+007 1.69876e+007 1.69978e+007 1.70055e+007 1.70113e+007 1.70156e+007 1.7019e+007 1.70215e+007 1.70234e+007 1.70249e+007 1.7026e+007 1.70269e+007 1.70276e+007 1.70281e+007 1.70285e+007 1.70288e+007 1.7029e+007 1.70292e+007 1.70293e+007 1.70295e+007 1.70295e+007 1.70296e+007 1.70297e+007 1.70297e+007 1.70297e+007 1.70298e+007 1.70298e+007 1.70298e+007 1.70298e+007 1.70298e+007 1.70298e+007 1.70298e+007 1.70298e+007 1.70298e+007 1.70298e+007 1.70298e+007 1.70298e+007 1.70298e+007 1.70298e+007 1.70298e+007 1.70298e+007 1.70298e+007 1.70298e+007 1.70298e+007 1.70298e+007 1.70298e+007 1.70298e+007 1.70298e+007 1.70298e+007 1.70298e+007 1.70298e+007 1.70298e+007 1.70298e+007 1.70298e+007 1.70298e+007 1.70298e+007 1.70298e+007 1.70298e+007 1.70298e+007 1.70298e+007 1.70298e+007 1.70298e+007 1.70298e+007 1.70298e+007 1.70298e+007 1.70298e+007 1.70298e+007 1.70298e+007 1.70298e+007 1.70298e+007 1.70298e+007 1.70298e+007 1.70298e+007 1.70298e+007 1.70298e+007 1.70298e+007 1.70298e+007 1.70298e+007 1.70298e+007 1.70298e+007 1.70298e+007 0 0 0 0 0 0 0 0 0 0 0 0 0 0 0 0 0 0 0 0 0 0 0 0 0
#obs cpue bio
 2.96855e+006 4.00256e+006 2.95939e+006 2.8545e+006 3.13254e+006 2.82239e+006 2.2362e+006 1.81124e+006 1.71734e+006 2.16752e+006 1.30022e+006 1.21547e+006 902824 1.08002e+006 842031 674316 662242 699162 678518 481052 443304 509475 535763 620612 363919 390158 537322 545407 747840 512611 479224 568662 428113 563086 485603 591674 332118 846431 452814 618980 730419 638351 659139 580294 898035 590117 626488 515736 669140 365467 613768 415042 537838 366757 513235 682312 458338 493566 581203 695687 580072
#pred surv len freq
 0.00497297 0.00809009 0.0122054 0.0173081 0.0232781 0.029803 0.0363503 0.0422982 0.04717 0.0507932 0.0532768 0.054873 0.0558463 0.0564007 0.0566473 0.0565952 0.0561658 0.055223 0.0535987 0.0510984 0.0475072 0.0426468 0.0365066 0.0293912 0.0219537
 0.00526805 0.00844759 0.0125231 0.0174297 0.0230536 0.0291728 0.0354019 0.0412453 0.0462566 0.050177 0.0529643 0.0547404 0.0557235 0.0561668 0.0562922 0.0562249 0.0559552 0.0553358 0.0541088 0.0519485 0.0485284 0.0436301 0.0372871 0.0299005 0.0222177
 0.00557312 0.00894743 0.013273 0.0184583 0.0243278 0.0305624 0.0366743 0.0421235 0.0465308 0.0498092 0.0521068 0.0536462 0.0546118 0.0551375 0.0553373 0.0553099 0.0550957 0.054617 0.0536378 0.0517826 0.0486309 0.0438833 0.0375527 0.0300821 0.0222888
 0.0058345 0.00937284 0.0139155 0.0193707 0.0255539 0.0321178 0.0385157 0.0441184 0.0484509 0.0513664 0.0530352 0.0537985 0.0540142 0.0539639 0.0538198 0.0536483 0.0534249 0.0530295 0.0522161 0.0506005 0.0477257 0.0432355 0.0370977 0.0297475 0.022026
 0.00608289 0.00977008 0.0145022 0.020183 0.0266209 0.0334557 0.0401179 0.045944 0.0504144 0.0533293 0.054804 0.0551438 0.0547213 0.0539027 0.0529949 0.0521963 0.0515598 0.0509758 0.050166 0.0487003 0.046074 0.041881 0.036042 0.0289587 0.021459
 0.00635619 0.0102098 0.0151555 0.0210908 0.027811 0.0349319 0.0418493 0.0478624 0.0524244 0.0553232 0.0566681 0.0567511 0.0559225 0.0545358 0.0529229 0.0513589 0.0500102 0.0488761 0.0477458 0.0462016 0.0437067 0.0397977 0.0343299 0.027643 0.0205153
 0.00662091 0.010637 0.0157929 0.0219815 0.0289868 0.036402 0.0435872 0.0498004 0.0544612 0.0573418 0.0585533 0.0583968 0.0572283 0.0553971 0.0532282 0.0510056 0.0489408 0.0471185 0.0454327 0.0435532 0.0409841 0.0372473 0.0321373 0.0259093 0.0192559
 0.00691167 0.0111079 0.0164982 0.0229707 0.0302954 0.038037 0.0455123 0.0519302 0.0566724 0.0594965 0.060521 0.0600674 0.0585138 0.0562254 0.0535328 0.05072 0.0480065 0.0455127 0.0432055 0.0408521 0.0380453 0.0343503 0.02954 0.0237903 0.0176846
 0.00720881 0.0115818 0.0171951 0.023929 0.0315412 0.0395757 0.0473171 0.0539353 0.0587769 0.0615782 0.0624536 0.0617339 0.0598159 0.057086 0.0538924 0.0505291 0.0472219 0.0441078 0.0411972 0.0383334 0.0352024 0.0314429 0.0268447 0.0215288 0.0159711
 0.00760292 0.0121948 0.018066 0.0250766 0.0329624 0.0412449 0.0491822 0.0559164 0.0607736 0.0634844 0.0641705 0.0631767 0.060913 0.0577777 0.0541284 0.0502668 0.0464255 0.0427537 0.039292 0.035942 0.0324722 0.0286009 0.0241556 0.0192261 0.0141946
 0.00793155 0.0127218 0.0188448 0.0261493 0.0343491 0.0429292 0.0510975 0.0579473 0.0627777 0.0653256 0.0657453 0.0644206 0.0617914 0.0582702 0.0542169 0.0499288 0.0456344 0.0414866 0.0375468 0.0337634 0.0299757 0.0259772 0.0216408 0.0170421 0.0124857
 0.00817375 0.0131221 0.0194593 0.0270341 0.0355488 0.0444575 0.052918 0.0599649 0.0648501 0.0672908 0.0674524 0.0657541 0.0626826 0.0586961 0.0541863 0.0494626 0.0447498 0.0401924 0.0358552 0.0317142 0.0276622 0.0235575 0.0193175 0.0150125 0.0108852
 0.00848244 0.0136116 0.0201736 0.0280072 0.0368005 0.0459861 0.0546893 0.0619043 0.0668455 0.0692055 0.069144 0.0670935 0.0635721 0.059081 0.0540579 0.0488489 0.0436975 0.038752 0.0340755 0.0296549 0.0254146 0.0212577 0.0171362 0.013117 0.00939126
 0.00873921 0.0140158 0.0207574 0.0287923 0.0377953 0.0471818 0.0560548 0.063384 0.068365 0.0706818 0.0704936 0.0682356 0.0644294 0.0595848 0.0541575 0.0485205 0.0429479 0.0376137 0.0326011 0.0279155 0.0235061 0.0193057 0.0152872 0.0115105 0.00812323
 0.00926282 0.0148193 0.0218767 0.0302267 0.0395071 0.0490986 0.0580701 0.0653626 0.0701605 0.0721649 0.0715763 0.0688794 0.0646363 0.0593803 0.0535744 0.0475907 0.0417021 0.0360869 0.0308402 0.0259862 0.021498 0.017332 0.0134732 0.0099691 0.00692541
 0.00930957 0.0149321 0.0221136 0.0306618 0.0402096 0.0501008 0.0593411 0.0668058 0.0716392 0.0735409 0.0727402 0.0697618 0.0652031 0.0596221 0.053497 0.0472076 0.041031 0.0351507 0.0296719 0.0246369 0.0200422 0.015867 0.0121068 0.00879748 0.00600989
 0.00935362 0.015028 0.0223043 0.0310056 0.0407707 0.0509301 0.0604542 0.068166 0.0731529 0.0750681 0.0741199 0.0708458 0.0658891 0.0598707 0.0533266 0.0466738 0.0402019 0.0340915 0.0284415 0.0232939 0.0186544 0.0145142 0.0108743 0.00775928 0.00520945
 0.00937738 0.015051 0.0223125 0.0309833 0.0407132 0.0508614 0.0604357 0.0682871 0.0735004 0.0756876 0.0749877 0.0718667 0.0669204 0.0607615 0.0539566 0.0469758 0.0401651 0.0337475 0.0278468 0.0225171 0.0177706 0.0136038 0.0100167 0.00702141 0.00463277
 0.00947474 0.01518 0.0224517 0.0310936 0.0407473 0.0507811 0.0602305 0.0679861 0.0731739 0.0754355 0.0749142 0.072046 0.0673646 0.0614087 0.0546864 0.0476472 0.0406578 0.0339899 0.0278231 0.022258 0.0173383 0.0130759 0.00947241 0.00652819 0.00423488
 0.00961081 0.0153823 0.0227198 0.0314105 0.0410799 0.0510824 0.0604455 0.0680629 0.073081 0.0751808 0.0745543 0.0716766 0.0670919 0.0613118 0.054787 0.0479013 0.0409731 0.0342601 0.0279643 0.022231 0.0171522 0.0127765 0.00912301 0.00618977 0.00395122
 0.0097411 0.01559 0.0230236 0.0318217 0.0415962 0.0516797 0.0610717 0.0686397 0.0735189 0.0754032 0.0745222 0.0714027 0.0666408 0.0607831 0.0542859 0.0475053 0.0407084 0.0341002 0.0278495 0.0220998 0.0169675 0.0125363 0.00885344 0.00592862 0.00373063
 0.00974752 0.0156085 0.0230666 0.0319068 0.0417429 0.0519035 0.0613765 0.0690119 0.0739248 0.0757914 0.0748316 0.0715778 0.0666487 0.0606278 0.0540099 0.0471758 0.0403925 0.0338406 0.0276528 0.0219433 0.0168197 0.0123764 0.00868098 0.0057588 0.00358287
 0.00978817 0.015666 0.0231377 0.031985 0.041822 0.0519835 0.0614667 0.0691286 0.0740831 0.0759946 0.0750645 0.071806 0.0668272 0.0607154 0.0539845 0.0470438 0.0401866 0.0336056 0.0274272 0.0217466 0.0166517 0.0122276 0.00854433 0.0056352 0.00347856
 0.00991068 0.015837 0.0233429 0.0321931 0.0419935 0.0520848 0.0614831 0.0690686 0.0739753 0.0758786 0.0749784 0.0717753 0.0668556 0.060783 0.0540557 0.0470828 0.0401717 0.0335363 0.02732 0.0216237 0.0165303 0.0121162 0.00844531 0.00554969 0.00340851
 0.00983441 0.0157366 0.0232343 0.0321027 0.0419468 0.0520916 0.0615271 0.0691138 0.0739844 0.0758347 0.0748962 0.071693 0.066816 0.0608131 0.0541558 0.0472284 0.0403261 0.0336661 0.0274062 0.0216639 0.0165336 0.0120956 0.00841234 0.00551301 0.00337427
 0.00983269 0.0157419 0.0232578 0.0321611 0.0420599 0.0522757 0.0617874 0.0694359 0.0743308 0.076149 0.0751173 0.0717768 0.0667533 0.0606327 0.0539106 0.0469719 0.0400937 0.03347 0.027242 0.0215223 0.0164087 0.0119863 0.00832065 0.00544063 0.00332105
 0.00976087 0.0156219 0.0230728 0.0318972 0.0417144 0.051867 0.061362 0.0690633 0.074085 0.0760827 0.0752412 0.0720562 0.0671221 0.0610184 0.054258 0.0472549 0.0403122 0.0336365 0.0273688 0.0216162 0.0164726 0.0120232 0.00833599 0.00544169 0.00331495
 0.00963204 0.0154229 0.0227925 0.0315319 0.0412679 0.0513515 0.0608008 0.0684961 0.0735684 0.0756844 0.0750261 0.0720671 0.0673633 0.0614508 0.0548103 0.047846 0.040874 0.0341266 0.0277703 0.0219292 0.016705 0.0121863 0.0084425 0.00550527 0.00334895
 0.00959122 0.0153549 0.0226871 0.031379 0.0410595 0.0510854 0.060484 0.0681451 0.0732075 0.0753428 0.0747367 0.0718655 0.0672836 0.0615161 0.0550213 0.0481756 0.0412734 0.0345402 0.0281515 0.0222491 0.016953 0.0123652 0.00856239 0.0055794 0.00339077
 0.00959187 0.015354 0.0226817 0.0313642 0.0410283 0.0510292 0.0603938 0.0680141 0.0730339 0.0751324 0.0745044 0.0716348 0.0670841 0.0613791 0.0549733 0.0482301 0.0414247 0.0347626 0.0284072 0.0224997 0.0171699 0.0125338 0.0086814 0.00565588 0.00343545
 0.00936806 0.0150249 0.0222512 0.030859 0.0404909 0.0505058 0.059925 0.0676303 0.0727556 0.0749699 0.0744579 0.0716959 0.0672394 0.0616144 0.0552764 0.0485907 0.0418311 0.0351974 0.0288453 0.0229115 0.017528 0.0128205 0.0088918 0.00579713 0.00352196
 0.00920162 0.0147587 0.0218606 0.0303289 0.0398247 0.0497358 0.0591179 0.0668803 0.0721603 0.0746005 0.0743399 0.0718104 0.0675393 0.0620448 0.0557883 0.0491467 0.0424038 0.0357655 0.0293886 0.0234087 0.0179587 0.0131694 0.00915356 0.00597751 0.00363545
 0.00912754 0.0146338 0.0216641 0.0300385 0.0394208 0.0492098 0.0584823 0.0661751 0.0714523 0.073973 0.0738753 0.0715694 0.0675457 0.0622816 0.0562073 0.0496859 0.0430036 0.0363776 0.0299764 0.0239451 0.0184229 0.0135476 0.00944078 0.00617886 0.00376464
 0.00891049 0.0143199 0.0212632 0.0295823 0.0389509 0.0487599 0.0580651 0.0657844 0.0710762 0.0736113 0.0735499 0.0713229 0.0674285 0.0623338 0.0564429 0.0500872 0.043527 0.0369667 0.0305759 0.024509 0.0189183 0.0139547 0.00975228 0.0063993 0.00390777
 0.00885617 0.0142157 0.0210791 0.0292861 0.0385227 0.0482103 0.0574463 0.0651798 0.0705706 0.073257 0.0733517 0.0712516 0.0674501 0.0624323 0.0566239 0.0503642 0.0439033 0.0374253 0.031081 0.0250161 0.0193855 0.0143512 0.0100626 0.00662263 0.00405482
 0.00971624 0.0154282 0.0225592 0.0308353 0.0398811 0.0491439 0.0578211 0.0649878 0.0699078 0.0722777 0.0722227 0.0701152 0.0664031 0.0615241 0.0558715 0.0497712 0.0434714 0.0371523 0.0309541 0.0250076 0.019457 0.014462 0.0101788 0.00672227 0.0041285
 0.0103111 0.0163826 0.0239616 0.0327317 0.0422332 0.0517827 0.0604275 0.0671417 0.0712133 0.0725087 0.0714029 0.0684874 0.0643161 0.0593101 0.0537713 0.0479202 0.0419238 0.035915 0.0300101 0.0243263 0.0189973 0.014176 0.0100169 0.00664034 0.00409236
 0.0102424 0.0163655 0.0241111 0.0332143 0.0432247 0.0533961 0.0626412 0.0697639 0.073901 0.0748406 0.072985 0.0690627 0.0638377 0.0579439 0.051825 0.0457358 0.0397867 0.0340117 0.0284314 0.0230933 0.0180882 0.0135448 0.00960671 0.00639232 0.00395373
 0.00986032 0.0157897 0.0233357 0.0322823 0.0422391 0.0525243 0.0621029 0.0697864 0.0746405 0.0762966 0.0749587 0.0711945 0.0657173 0.0592423 0.0523901 0.045613 0.0391653 0.0331352 0.0275159 0.0222832 0.0174513 0.0130908 0.00931082 0.00621594 0.00385788
 0.00958837 0.0153567 0.0227032 0.0314261 0.041162 0.051274 0.0607898 0.0685884 0.0737805 0.07599 0.0753453 0.0722771 0.067335 0.0611016 0.0541499 0.0469923 0.0400243 0.0334914 0.0274999 0.0220644 0.0171745 0.0128459 0.00913381 0.00610644 0.00379902
 0.00949991 0.0152082 0.0224703 0.0310817 0.0406808 0.0506402 0.0600098 0.0677019 0.0728682 0.0751733 0.0747724 0.0720923 0.0676318 0.0618756 0.0552788 0.0482621 0.0411982 0.0343907 0.0280535 0.0223081 0.0172073 0.0127754 0.00903969 0.00602958 0.00375018
 0.00959865 0.0153408 0.0226177 0.0312068 0.0407352 0.0505781 0.0597991 0.0673315 0.0723499 0.0745442 0.0740985 0.0714688 0.0671723 0.0616853 0.0554161 0.0487068 0.0418468 0.0350901 0.0286581 0.0227302 0.0174347 0.0128529 0.00903226 0.00599179 0.00371346
 0.00943815 0.0151133 0.0223359 0.0309007 0.04044 0.0503155 0.0595663 0.0671034 0.0720957 0.0742467 0.0737666 0.0711384 0.0668999 0.0615372 0.0554531 0.0489637 0.0423126 0.0356998 0.029309 0.0233171 0.0178867 0.0131503 0.00919826 0.00606919 0.00374269
 0.00924334 0.0148221 0.0219466 0.0304319 0.0399295 0.049815 0.0591326 0.0667866 0.0719231 0.0742106 0.0738256 0.0712369 0.0669956 0.061621 0.0555514 0.0491223 0.0425714 0.036069 0.0297587 0.0237868 0.0183098 0.0134803 0.00942119 0.00619971 0.00380887
 0.0093641 0.0149787 0.0221096 0.0305512 0.0399504 0.0497032 0.0588931 0.0664655 0.0715892 0.073928 0.0736306 0.0711298 0.0669487 0.0615976 0.0555274 0.0490993 0.0425737 0.0361269 0.0298881 0.0239769 0.0185267 0.0136835 0.00958121 0.00630673 0.00386984
 0.0093841 0.0150104 0.0221539 0.0306036 0.0399962 0.049714 0.0588301 0.066292 0.071292 0.0735342 0.0732072 0.0707604 0.0667003 0.0614967 0.0555582 0.0492222 0.0427498 0.0363326 0.030114 0.0242168 0.0187676 0.0139051 0.00976385 0.00643976 0.00395493
 0.00941598 0.0150613 0.0222285 0.0307052 0.0401252 0.0498651 0.0589885 0.0664312 0.0713755 0.0735244 0.0730802 0.0705212 0.0663871 0.0611705 0.0552798 0.0490309 0.0426555 0.036323 0.0301679 0.0243134 0.0188882 0.0140315 0.00987916 0.00653185 0.0040192
 0.00946797 0.0151374 0.0223276 0.0308211 0.0402492 0.049989 0.0591068 0.0665399 0.0714688 0.0735908 0.073102 0.0704783 0.066267 0.0609779 0.0550409 0.0487866 0.0424471 0.0361782 0.0300949 0.0243038 0.0189244 0.0140931 0.00994777 0.00659345 0.00406619
 0.00953427 0.0152366 0.0224606 0.0309826 0.0404278 0.0501697 0.059273 0.066676 0.071563 0.0736377 0.073102 0.0704343 0.0661803 0.0608477 0.054869 0.0485838 0.0422349 0.035984 0.0299428 0.0242061 0.0188797 0.0140893 0.00996825 0.0066228 0.0040937
 0.00950719 0.0152143 0.0224667 0.0310502 0.040589 0.0504385 0.0596327 0.067079 0.0719457 0.073941 0.073288 0.0704916 0.0661186 0.0606891 0.054639 0.0483076 0.041937 0.0356899 0.029677 0.0239887 0.0187208 0.0139877 0.00991324 0.00659949 0.00408797
 0.00954756 0.0152697 0.0225324 0.0311189 0.0406574 0.0505147 0.0597383 0.0672406 0.0721776 0.0742303 0.0735916 0.0707501 0.0662794 0.0607238 0.0545487 0.0481156 0.0416782 0.0354007 0.0293909 0.0237326 0.0185128 0.0138351 0.00981305 0.00654128 0.0040585
 0.00975391 0.0155926 0.0229932 0.0317248 0.041395 0.0513444 0.0605921 0.0680305 0.0728171 0.0746585 0.0737855 0.0707188 0.0660476 0.0603199 0.0540027 0.0474637 0.040965 0.0346763 0.0287038 0.0231228 0.0180071 0.0134447 0.00953401 0.00635776 0.00394812
 0.0100089 0.0159854 0.0235435 0.0324355 0.0422509 0.0523119 0.061616 0.0690331 0.0737047 0.0753377 0.0741836 0.0707997 0.0658174 0.0598202 0.0532963 0.0466197 0.0400497 0.0337504 0.0278217 0.0223305 0.0173384 0.012917 0.00914694 0.00609562 0.00378522
 0.00989363 0.0158157 0.0233219 0.0321783 0.0419872 0.0520799 0.0614586 0.0689925 0.0738136 0.0756078 0.074596 0.0713038 0.0663409 0.0602868 0.0536447 0.0468161 0.0400905 0.0336571 0.0276316 0.0220879 0.0170855 0.0126878 0.0089621 0.00596194 0.00369835
 0.00982585 0.0157268 0.0232275 0.0321056 0.0419676 0.0521366 0.061597 0.0691996 0.0740653 0.0758796 0.0748695 0.0715664 0.0665801 0.0604853 0.0537799 0.0468653 0.0400396 0.0335076 0.0274025 0.0218112 0.0167987 0.0124245 0.0087454 0.00580137 0.00359119
 0.00965136 0.0154496 0.0228243 0.0315655 0.0413008 0.0513849 0.0608394 0.0685424 0.0736153 0.0757101 0.0749996 0.0719615 0.0671706 0.0611885 0.0545151 0.047562 0.0406422 0.0339798 0.0277307 0.0220046 0.016884 0.012437 0.00871968 0.00576377 0.00355728
 0.00967005 0.0154489 0.0227663 0.031396 0.0409647 0.0508498 0.0601183 0.0677017 0.0727643 0.0749762 0.0744972 0.0717656 0.0673007 0.0616071 0.0551425 0.0482988 0.0413914 0.0346626 0.0282951 0.022428 0.0171699 0.0126082 0.00880801 0.00580087 0.00356792
 0.00968707 0.0154981 0.0228769 0.0316003 0.041279 0.0512512 0.0605309 0.0680107 0.0728577 0.0747944 0.0740632 0.0711774 0.066693 0.0611044 0.0548231 0.0481812 0.0414429 0.0348209 0.0284925 0.0226101 0.0173055 0.0126893 0.0088434 0.0058068 0.00356011
 0.00952414 0.0152742 0.0226169 0.0313562 0.0411194 0.0512405 0.0607063 0.0683654 0.0733333 0.0752894 0.0744586 0.0713775 0.0666629 0.0608828 0.054503 0.0478681 0.0412145 0.0347067 0.0284778 0.0226557 0.0173698 0.0127434 0.0088756 0.00581865 0.00355927
 0.0091417 0.0146816 0.021783 0.0302808 0.0398435 0.0498557 0.0593585 0.0672379 0.0726039 0.0750733 0.0747667 0.0721135 0.0676606 0.0619649 0.0555335 0.0487791 0.0419985 0.0353872 0.029078 0.0231818 0.0178131 0.0130927 0.00912821 0.00598464 0.00365777
 0.0089024 0.0143377 0.0213478 0.0297921 0.0393495 0.0493938 0.0589438 0.0668697 0.0722863 0.0748328 0.0746518 0.0721723 0.067911 0.0623775 0.0560392 0.0492972 0.0424681 0.0357825 0.0294028 0.0234515 0.0180392 0.0132776 0.00927008 0.00608375 0.00371978
#obs surv len freq
 nan nan nan nan nan nan nan nan nan nan nan nan nan nan nan nan nan nan nan nan nan nan nan nan nan
 0.00447938 0.00733887 0.0111679 0.015985 0.0216884 0.0279682 0.0342867 0.0400216 0.044703 0.0481668 0.0505234 0.0520171 0.052907 0.0534172 0.0537297 0.0539832 0.0542607 0.0545528 0.0546912 0.0542828 0.0527209 0.0493531 0.0438032 0.0362837 0.027668
 0.00461256 0.0075552 0.0114929 0.0164417 0.022292 0.0287178 0.0351572 0.0409601 0.0456352 0.0490107 0.0512036 0.0524773 0.053116 0.053371 0.0534477 0.0535012 0.0536215 0.0537989 0.0538616 0.0534146 0.0518525 0.0485274 0.0430642 0.035669 0.0271981
 0.00477936 0.00782795 0.0119063 0.0170285 0.0230766 0.0297052 0.0363221 0.0422426 0.0469483 0.0502548 0.0522822 0.053307 0.0536338 0.0535395 0.0532583 0.0529733 0.0527976 0.0527361 0.052625 0.0520738 0.0504825 0.0472084 0.0418758 0.0346767 0.0264383
 0.00497497 0.00814907 0.0123953 0.017727 0.0240168 0.0308976 0.0377415 0.0438232 0.0485919 0.0518476 0.0537121 0.0544744 0.0544569 0.0539577 0.053236 0.0525026 0.0518997 0.0514607 0.0510465 0.0502888 0.0486063 0.0453689 0.0402 0.0332685 0.025356
 0.00518203 0.00848823 0.0129107 0.0184619 0.0250063 0.0321561 0.0392493 0.0455205 0.0503851 0.0536252 0.0553597 0.0558852 0.0555368 0.0546287 0.0534392 0.052202 0.051087 0.0501601 0.0493206 0.0482411 0.0463792 0.0431333 0.038131 0.0315124 0.0239982
 0.00542053 0.00887743 0.0134992 0.0192961 0.0261218 0.0335637 0.0409215 0.0473864 0.05234 0.0555506 0.0571407 0.0574194 0.0567362 0.0554178 0.0537546 0.0519944 0.0503261 0.0488445 0.0474902 0.04599 0.0438608 0.0405493 0.0357007 0.0294259 0.0223722
 0.00567088 0.00928712 0.0141208 0.0201802 0.0273074 0.0350629 0.0427038 0.0493729 0.0544156 0.0575856 0.0590125 0.0590234 0.0579883 0.0562508 0.0541133 0.0518318 0.0496052 0.0475471 0.0456346 0.0436517 0.0411874 0.0377549 0.0330327 0.0271084 0.0205505
 0.00589381 0.00965703 0.0146916 0.0210071 0.0284365 0.0365139 0.0444528 0.0513459 0.0564988 0.0596475 0.0609254 0.0606763 0.0592916 0.0571353 0.054526 0.0517306 0.0489553 0.0463261 0.0438484 0.0413588 0.0385207 0.034924 0.0302929 0.0247019 0.0186418
 0.00614696 0.0100678 0.0153086 0.0218759 0.0295924 0.0379696 0.0461843 0.0532859 0.0585436 0.0616738 0.0628088 0.0623047 0.0605721 0.0579968 0.054917 0.0516139 0.0483029 0.0451203 0.0420934 0.0391045 0.035887 0.032109 0.0275476 0.0222721 0.0167014
 0.0063939 0.0104735 0.0159267 0.0227582 0.0307775 0.0394663 0.0479551 0.0552441 0.0605679 0.0636346 0.0645896 0.0638116 0.0617323 0.0587544 0.0552291 0.0514471 0.0476323 0.0439303 0.0403887 0.03693 0.0333514 0.0293952 0.0248919 0.0199112 0.014807
 0.00661767 0.0108425 0.0164919 0.0235705 0.0318778 0.0408698 0.0496345 0.0571225 0.0625292 0.0655454 0.0663224 0.0652609 0.0628213 0.0594337 0.0554701 0.0512331 0.0469514 0.0427756 0.0387677 0.0348841 0.0309786 0.0268602 0.0224101 0.0177006 0.0130285
 0.00682493 0.0111832 0.0170118 0.0243147 0.0328826 0.0421488 0.0511641 0.0588366 0.0643266 0.0673085 0.0679349 0.0666207 0.0638473 0.0600695 0.0556829 0.0510091 0.0462881 0.0416784 0.0372536 0.0329964 0.0288069 0.0245513 0.0201548 0.0156927 0.0114117
 0.00706713 0.0115765 0.0176025 0.0251449 0.0339809 0.0435167 0.0527625 0.0605819 0.0661037 0.0689929 0.0694148 0.067808 0.0646806 0.0605112 0.0557155 0.0506304 0.0455065 0.0405102 0.035726 0.0311585 0.0267446 0.0223965 0.0180744 0.0138544 0.00993829
 0.00728059 0.0119287 0.0181418 0.0259182 0.035023 0.0448336 0.0543153 0.0622828 0.0678301 0.0706132 0.0708123 0.0688948 0.0654007 0.0608376 0.0556438 0.0501715 0.0446806 0.0393433 0.034253 0.0294318 0.0248462 0.0204442 0.0162119 0.0122228 0.00863828
 0.0074563 0.0122171 0.018581 0.0265459 0.0358694 0.04591 0.0556015 0.0637207 0.0693289 0.0720645 0.072107 0.0699377 0.0661208 0.0611928 0.0556205 0.0497787 0.0439425 0.0382933 0.0329331 0.0278979 0.0231768 0.0187442 0.0146043 0.0108246 0.00753058
 0.00754033 0.0123573 0.0187992 0.0268661 0.0363148 0.0464974 0.0563344 0.0645851 0.0702924 0.0730786 0.0731108 0.0708616 0.0668918 0.0617435 0.0558975 0.0497501 0.0435995 0.0376489 0.0320198 0.0267678 0.0219036 0.0174228 0.013342 0.00972093 0.00665385
 0.00759511 0.0124411 0.0189161 0.0270185 0.0365052 0.0467316 0.0566227 0.0649404 0.0707258 0.0735937 0.0736978 0.0714938 0.0675254 0.0623201 0.0563522 0.0500209 0.0436384 0.0374305 0.0315461 0.0260702 0.0210416 0.0164796 0.0124122 0.00889264 0.0059884
 0.00765618 0.0125343 0.0190449 0.0271813 0.0366962 0.0469412 0.0568399 0.0651555 0.0709354 0.073804 0.073924 0.0717527 0.0678243 0.0626481 0.0566764 0.0502911 0.0437972 0.0374275 0.0313508 0.0256817 0.0204926 0.0158318 0.0117441 0.0082807 0.00548821
 0.00771054 0.0126167 0.0191576 0.0273222 0.0368587 0.0471157 0.0570143 0.0653169 0.071073 0.0739134 0.07401 0.0718296 0.0679115 0.0627616 0.0568197 0.0504485 0.0439339 0.0374973 0.0313101 0.0255048 0.0201827 0.0154232 0.0112932 0.0078494 0.00512551
 0.00778198 0.0127248 0.019305 0.0275055 0.0370688 0.0473385 0.0572324 0.0655113 0.071226 0.0740131 0.0740539 0.0718256 0.0678761 0.0627157 0.0567826 0.0504305 0.0439306 0.0374878 0.0312631 0.0253904 0.0199868 0.0151554 0.0109858 0.0075453 0.00486311
 0.00782943 0.0128006 0.0194163 0.0276568 0.03726 0.0475622 0.0574719 0.0657419 0.0714208 0.0741504 0.0741229 0.0718278 0.0678229 0.0626251 0.0566745 0.0503229 0.0438343 0.0374023 0.0311758 0.0252823 0.0198419 0.0149708 0.0107751 0.00733391 0.00467721
 0.00786808 0.0128586 0.0194947 0.027754 0.0373725 0.0476865 0.0576048 0.0658793 0.0715561 0.0742732 0.0742203 0.0718881 0.0678392 0.0625977 0.0566116 0.0502374 0.0437397 0.0373077 0.0310826 0.0251844 0.0197304 0.0148412 0.010632 0.00719047 0.00454956
 0.00787219 0.012865 0.0195038 0.0277657 0.0373863 0.0477017 0.0576206 0.0658962 0.0715764 0.0743009 0.0742597 0.0719399 0.067899 0.0626565 0.0566592 0.0502668 0.0437489 0.037299 0.031059 0.0251469 0.0196777 0.0147725 0.0105507 0.00710491 0.00447035
 0.00787959 0.0128713 0.0195031 0.0277495 0.0373464 0.0476346 0.0575309 0.0657964 0.0714834 0.0742313 0.0742252 0.0719463 0.0679454 0.0627359 0.0567598 0.0503739 0.0438488 0.0373814 0.0311183 0.025181 0.0196871 0.0147594 0.0105199 0.00706368 0.00442737
 0.00789568 0.0128934 0.0195283 0.0277718 0.0373574 0.0476249 0.0574928 0.0657266 0.0713855 0.0741171 0.0741132 0.0718567 0.0678948 0.0627323 0.056801 0.0504497 0.0439437 0.0374792 0.0312053 0.0252481 0.0197299 0.0147783 0.0105187 0.007049 0.00440657
 0.00789025 0.0128848 0.0195157 0.0277542 0.0373335 0.0475927 0.0574499 0.0656706 0.0713154 0.0740349 0.0740252 0.0717739 0.0678309 0.0627004 0.0568097 0.0504996 0.0440274 0.037583 0.0313131 0.0253455 0.0198068 0.0148306 0.0105475 0.00705929 0.00440522
 0.00790106 0.0128967 0.0195234 0.0277495 0.037308 0.0475416 0.0573748 0.0655795 0.0712196 0.0739444 0.0739467 0.0717108 0.0677855 0.0626761 0.056811 0.0505302 0.0440876 0.0376674 0.0314114 0.0254446 0.0198947 0.014899 0.0105938 0.00708574 0.00441702
 0.00789664 0.0128918 0.0195198 0.0277493 0.0373119 0.0475467 0.0573736 0.0655625 0.0711796 0.073881 0.0738675 0.0716285 0.067713 0.0626229 0.056782 0.0505275 0.044111 0.0377146 0.0314767 0.0255192 0.0199683 0.0149625 0.0106418 0.00711722 0.00443462
 0.00786401 0.0128384 0.0194393 0.0276368 0.0371666 0.0473745 0.0571894 0.0653873 0.0710348 0.0737814 0.0738176 0.0716245 0.0677474 0.0626886 0.0568736 0.0506401 0.0442396 0.0378533 0.0316187 0.0256567 0.0200932 0.0150676 0.0107228 0.00717381 0.00447006
 0.00785099 0.0128128 0.0193928 0.027559 0.0370479 0.0472106 0.0569853 0.0651595 0.0708085 0.0735847 0.073675 0.0715513 0.0677469 0.0627532 0.0569891 0.0507907 0.0444107 0.0380331 0.0317972 0.025825 0.0202433 0.0151934 0.0108205 0.00724348 0.00451521
 0.00781278 0.0127502 0.0192974 0.0274231 0.0368653 0.04698 0.0567133 0.064862 0.0705099 0.0733146 0.0734632 0.0714225 0.0677163 0.0628228 0.0571478 0.051017 0.0446787 0.0383173 0.032076 0.0260821 0.020467 0.0153766 0.0109609 0.00734313 0.00458015
 0.00780503 0.012736 0.0192729 0.027383 0.0368039 0.0468919 0.0565947 0.0647127 0.070334 0.0731216 0.0732684 0.0712458 0.06758 0.062747 0.0571452 0.0510896 0.0448168 0.0385021 0.0322848 0.0262925 0.0206609 0.0155414 0.0110904 0.00743692 0.00464233
 0.00778524 0.012701 0.0192152 0.0272945 0.0366777 0.0467265 0.0563964 0.0644957 0.070117 0.0729231 0.0731024 0.0711219 0.0675047 0.0627257 0.0571823 0.051187 0.044971 0.0387026 0.0325139 0.0265289 0.0208837 0.0157342 0.0112437 0.0075487 0.00471687
 0.00773868 0.0126306 0.0191189 0.0271732 0.0365345 0.0465647 0.0562198 0.0643093 0.069929 0.0727455 0.0729497 0.0710083 0.0674407 0.0627167 0.0572292 0.0512874 0.0451199 0.0388919 0.0327313 0.0267576 0.0211047 0.0159305 0.0114033 0.00766737 0.00479714
 0.00931768 0.0148355 0.021769 0.0298781 0.0388093 0.0480119 0.0566727 0.0638561 0.0688242 0.0712818 0.0713666 0.0694613 0.0660144 0.0614508 0.0561389 0.0503749 0.04438 0.0383142 0.032301 0.0264555 0.0209076 0.0158129 0.0113406 0.00763846 0.0047864
 0.0093019 0.0151027 0.0226868 0.0319017 0.0422815 0.0528947 0.0623778 0.0693429 0.0729711 0.0733312 0.071176 0.0674395 0.0628432 0.0577933 0.0524773 0.0469878 0.0413962 0.035776 0.0302079 0.0247856 0.0196258 0.0148729 0.0106874 0.00721194 0.00452688
 0.00896869 0.0145767 0.0219461 0.0309934 0.041376 0.0523226 0.062591 0.0707524 0.0757008 0.0770344 0.075079 0.0706381 0.064681 0.0580903 0.0514956 0.0452165 0.0393203 0.0337457 0.0284181 0.0233146 0.0184826 0.0140307 0.0101015 0.00682947 0.00429455
 0.00879058 0.0142804 0.0214885 0.0303327 0.040488 0.0512311 0.061407 0.0697028 0.0751121 0.077243 0.0762798 0.0727388 0.0672689 0.0605661 0.0533175 0.0461084 0.0393262 0.0331297 0.0275039 0.0223648 0.0176536 0.0133853 0.00964193 0.00652755 0.00411138
 0.00873031 0.0141742 0.0213127 0.030058 0.040084 0.0506746 0.0606953 0.0688692 0.074242 0.0764849 0.075835 0.0728114 0.067976 0.0618495 0.0549214 0.0476614 0.0404934 0.0337422 0.0275926 0.0220954 0.0172249 0.012952 0.00928813 0.00627744 0.00395388
 0.00871021 0.0141387 0.0212531 0.029963 0.0399391 0.0504635 0.0604029 0.0684855 0.0737691 0.075948 0.0752939 0.0723674 0.0677589 0.0619762 0.0554359 0.0484888 0.041448 0.034598 0.028179 0.0223579 0.0172202 0.0127936 0.00908463 0.00609836 0.00382605
 0.00867045 0.0140783 0.02117 0.0298575 0.0398128 0.0503176 0.0602367 0.068296 0.0735515 0.0756984 0.0750151 0.0720779 0.0675015 0.0618184 0.0554523 0.048727 0.0418929 0.0351623 0.0287324 0.0227838 0.0174628 0.0128676 0.00904937 0.0060191 0.00374824
 0.0086705 0.0140744 0.0211572 0.0298289 0.0397621 0.0502421 0.060139 0.0681831 0.0734309 0.0755732 0.0748828 0.0719338 0.0673471 0.0616699 0.0553443 0.0487043 0.0419905 0.0353816 0.0290312 0.0230908 0.0177092 0.013017 0.00910592 0.00601376 0.00371654
 0.00865903 0.0140577 0.0211353 0.0298025 0.0397314 0.0502058 0.0600937 0.0681251 0.0733587 0.0754888 0.0747916 0.0718417 0.067258 0.0615872 0.0552751 0.0486637 0.0419994 0.0354568 0.0291719 0.0232722 0.0178912 0.0131624 0.00919621 0.00605281 0.00372184
 0.00864442 0.0140331 0.021097 0.0297471 0.0396574 0.0501152 0.0599933 0.0680252 0.0732697 0.075418 0.0747407 0.0718085 0.0672389 0.0615791 0.0552771 0.0486784 0.0420335 0.035519 0.0292671 0.0233955 0.0180258 0.0132857 0.00929005 0.00611083 0.0037494
 0.0086351 0.0140195 0.021079 0.0297254 0.0396323 0.0500862 0.0599587 0.0679834 0.0732206 0.0753643 0.0746877 0.0717619 0.0672027 0.0615549 0.0552645 0.0486771 0.0420452 0.035547 0.0293151 0.0234631 0.0181067 0.0133678 0.00936061 0.00616175 0.00377969
 0.00861535 0.0139894 0.0210377 0.0296736 0.0395725 0.0500225 0.0598963 0.0679276 0.0731755 0.0753318 0.0746674 0.071752 0.0672018 0.0615622 0.0552799 0.0487007 0.0420769 0.0355874 0.0293648 0.0235221 0.018172 0.0134336 0.00941934 0.00620742 0.00381024
 0.00863297 0.0140142 0.0210679 0.0297052 0.0396002 0.0500416 0.0599041 0.0679239 0.0731619 0.0753101 0.0746395 0.0717192 0.0671653 0.0615237 0.055242 0.0486666 0.0420501 0.0355711 0.029361 0.0235314 0.0181928 0.0134617 0.00944938 0.00623408 0.00383023
 0.00862672 0.0140082 0.0210663 0.0297137 0.0396239 0.0500814 0.059955 0.0679752 0.0732018 0.0753302 0.0746373 0.0716979 0.0671309 0.0614824 0.0551987 0.0486249 0.0420131 0.0355415 0.0293414 0.0235229 0.0181951 0.0134726 0.00946488 0.00625012 0.00384366
 0.00862337 0.0140002 0.0210498 0.0296847 0.0395803 0.0500259 0.0598963 0.0679265 0.0731747 0.0753299 0.0746599 0.0717336 0.0671688 0.061515 0.0552231 0.0486419 0.0420251 0.0355511 0.0293511 0.0235346 0.0182096 0.0134894 0.0094824 0.00626621 0.00385661
 0.00862337 0.0140002 0.0210498 0.0296847 0.0395803 0.0500259 0.0598963 0.0679265 0.0731747 0.0753299 0.0746599 0.0717336 0.0671688 0.061515 0.0552231 0.0486419 0.0420251 0.0355511 0.0293511 0.0235346 0.0182096 0.0134894 0.0094824 0.00626621 0.00385661
 0.00879271 0.0142719 0.0214505 0.0302316 0.0402724 0.0508326 0.0607498 0.0687278 0.0738167 0.0757277 0.0747735 0.0715711 0.0667752 0.0609548 0.0545653 0.0479501 0.0413514 0.0349341 0.0288154 0.0230927 0.0178638 0.0132337 0.00930512 0.00615174 0.00378829
 0.00888902 0.01444 0.0217241 0.0306478 0.040861 0.0515999 0.0616633 0.0697112 0.0747608 0.0765139 0.0752999 0.0717742 0.0666408 0.0605175 0.0538963 0.0471387 0.0404869 0.0340923 0.0280519 0.022442 0.0173412 0.0128388 0.00902545 0.00596724 0.00367568
 0.00874 0.0142096 0.0214019 0.0302384 0.0403906 0.0511219 0.0612579 0.0694728 0.0747698 0.0768045 0.07584 0.0724713 0.0673703 0.06116 0.0543682 0.0474064 0.0405638 0.0340232 0.0278941 0.0222489 0.017153 0.0126796 0.00890493 0.00588466 0.00362429
 0.00891179 0.0144618 0.0217304 0.03062 0.0407878 0.0514917 0.0615625 0.0696876 0.0748908 0.07685 0.0758446 0.0724692 0.067377 0.0611625 0.0543317 0.0472924 0.0403503 0.0337159 0.0275241 0.0218609 0.0167904 0.0123739 0.0086708 0.00572126 0.00352041
 0.00870592 0.014157 0.0213273 0.0301388 0.0402625 0.0509608 0.0610629 0.0692538 0.0745571 0.0766512 0.0758123 0.0726243 0.0677202 0.0616667 0.054941 0.0479311 0.0409402 0.0341962 0.0278654 0.0220669 0.016889 0.0124024 0.00866332 0.0057018 0.00350184
 0.00868588 0.0140951 0.0211819 0.0298585 0.0398056 0.0503226 0.0602947 0.0684576 0.073854 0.076141 0.0755479 0.0726116 0.0679351 0.0620713 0.0554899 0.0485701 0.041606 0.0348235 0.0283997 0.0224771 0.0171714 0.0125757 0.00875738 0.00574644 0.00352
 0.00890722 0.0144445 0.0216846 0.0305205 0.0406009 0.0511805 0.061097 0.0690601 0.0741321 0.0760387 0.0751003 0.0719269 0.0671498 0.061307 0.0548302 0.0480565 0.0412438 0.0345911 0.0282594 0.0223884 0.0171031 0.012512 0.00869597 0.00569201 0.00347751
 0.00891733 0.0144859 0.0217928 0.0307432 0.0409842 0.0517471 0.0618247 0.0698729 0.0749105 0.0766478 0.075427 0.0719138 0.0668129 0.0607289 0.0541296 0.0473509 0.04062 0.0340928 0.0278917 0.022131 0.0169258 0.0123873 0.00860533 0.00562568 0.00343078
 0.00878833 0.014278 0.0214863 0.0303291 0.0404762 0.0511939 0.0613147 0.0695189 0.0748124 0.0768488 0.0758887 0.0725266 0.0674374 0.061246 0.054477 0.0475301 0.0406782 0.0340915 0.0278801 0.0221334 0.0169447 0.0124133 0.00862834 0.00564049 0.00343748
 0.00905805 0.0146881 0.0220486 0.0310303 0.0412756 0.0520249 0.062091 0.0701496 0.0752271 0.0770217 0.0758438 0.072318 0.0671167 0.0608407 0.0539919 0.0469674 0.0400567 0.0334526 0.0272763 0.0216106 0.0165285 0.0121065 0.00841721 0.00550394 0.00335429
#pred catch len freq
 0.00462264 0.00732564 0.0107061 0.0146855 0.0192092 0.0242215 0.0295943 0.0350986 0.0404534 0.0454003 0.049747 0.0533804 0.0562646 0.0584223 0.0598935 0.0606928 0.060788 0.0601031 0.0585235 0.0558917 0.0520114 0.0467116 0.039995 0.0322031 0.0240551
 0.00491921 0.00770145 0.0110793 0.0149255 0.0191856 0.0238743 0.0289811 0.0343784 0.0398093 0.044946 0.049475 0.0531795 0.0559914 0.0579851 0.0593081 0.0600886 0.060361 0.0600339 0.0588942 0.0566423 0.0529611 0.0476366 0.0407198 0.0326564 0.0242667
 0.00523955 0.00820746 0.0118056 0.0158738 0.020302 0.0250297 0.0299754 0.0349917 0.0398917 0.0444957 0.048643 0.0521868 0.0550133 0.0570838 0.0584554 0.059247 0.0595575 0.0593703 0.0584934 0.0565685 0.0531729 0.0480029 0.0410865 0.0329161 0.0243897
 0.00552575 0.00865921 0.0124624 0.0167687 0.0214597 0.0264572 0.0316388 0.0367847 0.0416188 0.0458961 0.0494655 0.052286 0.054409 0.0559402 0.0569934 0.0576563 0.0579656 0.0578679 0.057166 0.0554936 0.052387 0.0474786 0.0407468 0.0326767 0.024196
 0.00582743 0.00912756 0.0131278 0.0176496 0.0225662 0.0277954 0.0332074 0.0385632 0.0435476 0.0478557 0.051266 0.0536849 0.0551693 0.0559104 0.0561664 0.0561691 0.0560414 0.0557443 0.0550476 0.0535364 0.0506954 0.046102 0.0396825 0.0318868 0.0236297
 0.00614921 0.00962956 0.0138449 0.0186027 0.0237632 0.0292313 0.0348616 0.0403955 0.0454978 0.0498444 0.0531897 0.0554066 0.0565139 0.0566828 0.0561987 0.0553812 0.0544818 0.0535849 0.0525365 0.050936 0.0482322 0.0439388 0.0379101 0.0305287 0.0226579
 0.00649386 0.0101663 0.0146099 0.0196171 0.0250342 0.0307529 0.0366105 0.0423244 0.047534 0.0518946 0.0551491 0.0571642 0.0579523 0.0576731 0.0566035 0.0550748 0.0533921 0.0517375 0.0500747 0.0481011 0.0453104 0.0411994 0.0355553 0.0286679 0.021307
 0.00684608 0.0107179 0.0154019 0.0206765 0.0263735 0.0323683 0.0384754 0.0443826 0.0496992 0.0540582 0.0571919 0.0589681 0.0594075 0.0586801 0.057068 0.054906 0.052513 0.0501154 0.047761 0.0452564 0.0421933 0.0381155 0.032786 0.0264074 0.019631
 0.00721328 0.0112867 0.016207 0.0217354 0.0276897 0.0339348 0.0402712 0.0463653 0.0517984 0.0561765 0.0592125 0.0607675 0.0608685 0.0597014 0.0575663 0.054811 0.0517656 0.0486788 0.04565 0.0425719 0.0391403 0.0349801 0.0298726 0.0239599 0.0177756
 0.00765847 0.0119656 0.0171464 0.0229338 0.0291243 0.0355716 0.0420699 0.0482758 0.0537568 0.0581047 0.0610216 0.0623626 0.062155 0.0605908 0.0579811 0.0546862 0.0510488 0.0473362 0.0436847 0.0400542 0.0362322 0.0319322 0.0269769 0.0214746 0.0158556
 0.00806687 0.0126001 0.0180466 0.0241171 0.030585 0.0372792 0.0439657 0.0502725 0.0557474 0.0599802 0.0626871 0.0637434 0.0631943 0.0612428 0.0582046 0.0544408 0.050295 0.0460432 0.0418479 0.0377224 0.0335341 0.0290799 0.0242332 0.0190863 0.0139843
