SBPRF35
10.5567
Curr Bio
613526
B35
730816
F35
0.183971
FOFL
0.150401
OFL
73924.9
Bzero
3.0162e+006
#pred survey bio
 3.34619e+006 3.0728e+006 2.77669e+006 2.51075e+006 2.24494e+006 1.99376e+006 1.78547e+006 1.56766e+006 1.40178e+006 1.23808e+006 1.10064e+006 968083 875252 805963 739681 714532 679172 646349 631566 617477 607528 595370 594462 596085 580559 574990 564875 558425 551904 553531 541937 528417 516716 509558 512954 520799 533215 538637 546222 550226 561072 558255 556979 557996 558008 543545 541853 496817 541040 557196 617517 2.12714e+007 1.261e+007 1.28144e+007 1.37176e+007 1.50747e+007 1.65841e+007 1.80333e+007 1.93075e+007 2.03652e+007 2.12094e+007 2.18651e+007 2.23651e+007 2.27416e+007 2.3023e+007 2.32326e+007 2.33884e+007 2.35044e+007 2.3591e+007 2.36559e+007 2.37047e+007 2.37417e+007 2.37698e+007 2.37914e+007 2.38079e+007 2.38207e+007 2.38307e+007 2.38384e+007 2.38445e+007 2.38492e+007 2.38529e+007 2.38559e+007 2.38582e+007 2.38601e+007 2.38615e+007 2.38627e+007 2.38636e+007 2.38644e+007 2.3865e+007 2.38654e+007 2.38658e+007 2.38661e+007 2.38664e+007 2.38666e+007 2.38667e+007 2.38669e+007 2.3867e+007 2.3867e+007 2.38671e+007 2.38671e+007 2.38672e+007 2.38672e+007 2.38672e+007 2.38673e+007 2.38673e+007 2.38673e+007 2.38673e+007 2.38673e+007 2.38673e+007 2.38673e+007 2.38673e+007 2.38673e+007 2.38673e+007 2.38673e+007 2.38674e+007 2.38674e+007 2.38674e+007 2.38674e+007 2.38674e+007 2.38674e+007 2.38674e+007 2.38674e+007 2.38674e+007 2.38674e+007 2.38674e+007 2.38674e+007 2.38674e+007 2.38674e+007 2.38674e+007 2.38674e+007 2.38674e+007 2.38674e+007 2.38674e+007 2.38674e+007 2.38674e+007 2.38674e+007 2.38674e+007 2.38674e+007 2.38674e+007 2.38674e+007 2.38674e+007 2.38674e+007 2.38674e+007 2.38674e+007 2.38674e+007 2.38674e+007 2.38674e+007 2.38674e+007 2.38674e+007 2.38674e+007 2.38674e+007 0 0 0 0 0 0 0 0 0 0 0 0 0 0 0 0 0 0 0 0 0 0 0 0 0
#obs survey bio
 2.48387e+006 2.77443e+006 2.3367e+006 1.91137e+006 2.44798e+006 2.24098e+006 1.9908e+006 1.66258e+006 898514 1.2077e+006 913363 767961 650524 580917 736649 703349 556079 1.03296e+006 842150 796497 540971 461459 519725 446196 551389 896415 536973 581050 586516 669654 434364 411481 483930 490312 485580 494844 670566 566358 463130 647698 545028 656234 516590 799358 601136 738779 400016 674424 375974 631778 624608
#pred catch bio
 267072 301618 289630 305992 308196 283388 303202 265498 268911 247263 241462 204302 181534 175478 137279 143195 136667 117455 114226 108948 109699 99619.7 97212.8 110095 99071.3 100511 95215 93594 85335.9 94781.8 93996.9 91897 90701.8 85984.5 85718.5 84074.4 91028.3 89663.3 92889.6 87175.7 98295.5 95991.6 93170.7 92547.2 102219 89226.8 123623 48189.5 74638.8 38216.4 95033.6 73924.9 87787.3 87873.4 92663.4 101360 111423 121084 129464 136279 141575 145558 148479 150581 152071 153116 153840 154340 154682 154916 155074 155181 155254 155302 155335 155357 155372 155382 155389 155393 155396 155398 155399 155400 155401 155401 155402 155402 155402 155402 155402 155402 155402 155402 155402 155402 155402 155402 155402 155402 155402 155402 155402 155402 155402 155402 155402 155402 155402 155402 155402 155402 155402 155402 155402 155402 155402 155402 155402 155402 155402 155402 155402 155402 155402 155402 155402 155402 155402 155402 155402 155402 155402 155402 155402 155402 155402 155402 155402 155402 155402 155402 155402 155402 155402 155402 155402 155402 155402 155402 155402 0 0 0 0 0 0 0 0 0 0 0 0 0 0 0 0 0 0 0 0 0 0 0 0 0
#obs catch bio
 241982 302554 290902 308989 311389 285277 307050 268515 274173 251196 244288 205693 183267 177732 137940 144718 138160 117628 114086 108745 110025 100029 97858.2 110877 99434.8 100336 95282.8 93749.5 85415.7 94733.7 94306.3 92500.2 90999.6 86086.2 85776.6 84066.9 90890.6 89490.7 93096.7 86830.2 98073.9 95433.5 93180.5 92278.5 101268 87708.9 123086 47410.3 75080.8 37735.3 95703.7
#pred cpue bio
 3.29104e+006 3.01996e+006 2.72691e+006 2.46248e+006 2.19791e+006 1.94827e+006 1.74121e+006 1.52513e+006 1.36056e+006 1.19876e+006 1.06342e+006 933247 842063 774176 709557 685206 651103 619610 605689 592214 582524 570592 569674 571448 556671 551659 542193 536127 529931 531751 520786 507827 495896 487609 489891 497309 509571 515041 522485 526476 537210 534660 533519 534709 535179 521537 520030 475964 518833 534955 594676 2.05329e+007 1.21861e+007 1.22471e+007 1.297e+007 1.42547e+007 1.57447e+007 1.71896e+007 1.84629e+007 1.95205e+007 2.03646e+007 2.10203e+007 2.15203e+007 2.18969e+007 2.21783e+007 2.23878e+007 2.25436e+007 2.26596e+007 2.27462e+007 2.28111e+007 2.286e+007 2.2897e+007 2.29251e+007 2.29466e+007 2.29632e+007 2.2976e+007 2.29859e+007 2.29937e+007 2.29997e+007 2.30045e+007 2.30082e+007 2.30111e+007 2.30135e+007 2.30153e+007 2.30168e+007 2.3018e+007 2.30189e+007 2.30196e+007 2.30202e+007 2.30207e+007 2.30211e+007 2.30214e+007 2.30216e+007 2.30218e+007 2.3022e+007 2.30221e+007 2.30222e+007 2.30223e+007 2.30223e+007 2.30224e+007 2.30224e+007 2.30225e+007 2.30225e+007 2.30225e+007 2.30225e+007 2.30226e+007 2.30226e+007 2.30226e+007 2.30226e+007 2.30226e+007 2.30226e+007 2.30226e+007 2.30226e+007 2.30226e+007 2.30226e+007 2.30226e+007 2.30226e+007 2.30226e+007 2.30226e+007 2.30226e+007 2.30226e+007 2.30226e+007 2.30226e+007 2.30226e+007 2.30226e+007 2.30226e+007 2.30226e+007 2.30226e+007 2.30226e+007 2.30226e+007 2.30226e+007 2.30226e+007 2.30226e+007 2.30226e+007 2.30226e+007 2.30226e+007 2.30226e+007 2.30226e+007 2.30226e+007 2.30226e+007 2.30226e+007 2.30226e+007 2.30226e+007 2.30226e+007 2.30226e+007 2.30226e+007 2.30226e+007 2.30226e+007 2.30226e+007 2.30226e+007 2.30226e+007 0 0 0 0 0 0 0 0 0 0 0 0 0 0 0 0 0 0 0 0 0 0 0 0 0
#obs cpue bio
 3.04713e+006 3.14804e+006 1.99489e+006 1.97591e+006 1.91321e+006 1.84162e+006 1.17545e+006 1.0769e+006 1.23759e+006 1.16763e+006 1.60163e+006 1.21431e+006 811332 883806 734584 526874 681648 569413 584608 468069 493073 567347 462650 892340 561737 584215 445784 501827 431934 595666 451383 470054 657721 541056 549272 513980 514447 479869 488942 635514 599315 595932 378383 469596 1.02937e+006 624456 606447 466165 406307 466544 530586
#pred surv len freq
 0.00628307 0.0100142 0.0147195 0.0202584 0.0264269 0.0329042 0.0392058 0.0447684 0.0491529 0.052199 0.0540148 0.0548519 0.0549837 0.0546429 0.0539994 0.0531567 0.0521619 0.0510136 0.0496459 0.0478818 0.0454006 0.041798 0.0367831 0.0304305 0.0233029
 0.0064848 0.0102793 0.0150086 0.020512 0.026603 0.0330252 0.0393804 0.0451593 0.0498949 0.0533127 0.0553727 0.0562196 0.0561128 0.0553605 0.0542535 0.0530063 0.0517252 0.0504038 0.0489224 0.0470399 0.0444043 0.0406368 0.0355133 0.0291728 0.0221958
 0.00699599 0.0110499 0.0160519 0.0217911 0.0280312 0.0344777 0.0407169 0.0462604 0.0507077 0.0538787 0.0558049 0.0566291 0.0565296 0.0557064 0.0543858 0.0527983 0.0511274 0.0494504 0.0476933 0.0456146 0.0428436 0.0389988 0.033881 0.0276594 0.020916
 0.00728976 0.0115445 0.0168255 0.0229206 0.0295668 0.0364067 0.0429311 0.0485548 0.0528238 0.0555797 0.056949 0.057204 0.0566302 0.055467 0.0539037 0.0520948 0.050165 0.0481851 0.0461205 0.0437826 0.0408422 0.0369439 0.0319043 0.0258942 0.0194703
 0.00760031 0.0120311 0.0175268 0.0238681 0.0307893 0.0379299 0.0447658 0.0506714 0.0551244 0.0578868 0.0590261 0.058812 0.0575982 0.0557402 0.05354 0.0512125 0.0488778 0.0465661 0.0442107 0.0416269 0.0385218 0.0345861 0.0296663 0.0239298 0.0178917
 0.00799212 0.0126375 0.0183829 0.0249872 0.0321636 0.0395338 0.0465567 0.0525918 0.0571069 0.0598564 0.0608924 0.0604558 0.0588701 0.0564869 0.05365 0.0506531 0.0476978 0.0448659 0.0421056 0.0392324 0.0359631 0.0320128 0.0272491 0.0218312 0.0162247
 0.0082828 0.0131041 0.0190733 0.025941 0.0334035 0.041053 0.0483073 0.0544843 0.0590268 0.0616913 0.0625527 0.0618759 0.0599929 0.0572443 0.0539577 0.0504274 0.0468868 0.0434754 0.0402048 0.0369433 0.0334462 0.029454 0.0248426 0.0197489 0.0145799
 0.00865855 0.0136929 0.019919 0.0270712 0.0348272 0.0427562 0.050244 0.0565696 0.0611402 0.063693 0.064307 0.0632734 0.0609627 0.0577515 0.0539878 0.0499681 0.0459222 0.0419989 0.0382446 0.0345841 0.0308351 0.0267876 0.0223349 0.0175872 0.0128829
 0.00884196 0.0139988 0.020394 0.0277636 0.0357782 0.0439848 0.051732 0.0582563 0.0629308 0.0654755 0.0659677 0.064706 0.0620748 0.0584711 0.0542673 0.0497822 0.0452612 0.0408656 0.0366626 0.0326159 0.0285988 0.0244561 0.020109 0.0156504 0.0113551
 0.00901037 0.0142763 0.0208192 0.028377 0.0366161 0.0450693 0.053058 0.0597824 0.0645796 0.0671435 0.0675396 0.0660703 0.0631364 0.0591592 0.0545367 0.0496102 0.0446428 0.0398112 0.0352019 0.0308094 0.0265515 0.0223202 0.0180651 0.0138675 0.00994626
 0.00922979 0.0146112 0.0212838 0.0289732 0.0373386 0.0459117 0.0540152 0.0608457 0.0657292 0.0683413 0.068727 0.0671715 0.0640672 0.0598387 0.0548978 0.0496063 0.044249 0.0390244 0.034043 0.0293306 0.0248448 0.0205186 0.0163264 0.0123409 0.00873416
 0.00956087 0.015124 0.0220072 0.0299144 0.0384802 0.0472095 0.0553974 0.0622188 0.0669962 0.0694248 0.0695834 0.067788 0.0644464 0.0599816 0.054796 0.0492431 0.0436069 0.0380946 0.0328348 0.0278819 0.02323 0.018849 0.0147358 0.0109555 0.00763965
 0.0097224 0.0153845 0.0223953 0.0304551 0.0391898 0.0480877 0.0564177 0.063325 0.0681084 0.0704548 0.070453 0.068443 0.0648622 0.0601583 0.054746 0.0489773 0.0431278 0.037398 0.0319218 0.0267728 0.0219769 0.0175379 0.0134746 0.00984896 0.00676052
 0.00976674 0.0154617 0.0225216 0.030651 0.0394775 0.0484871 0.05694 0.0639665 0.0688465 0.0712471 0.0712405 0.0691584 0.065442 0.060555 0.0549342 0.0489514 0.0428935 0.0369645 0.0313001 0.025983 0.0210592 0.0165579 0.0125171 0.00899865 0.00607873
 0.00993766 0.0157159 0.0228607 0.0310621 0.0399395 0.0489788 0.0574465 0.0644792 0.0693591 0.0717501 0.0717173 0.0695843 0.0657851 0.060781 0.0550134 0.0488647 0.042635 0.0365403 0.0307254 0.0252823 0.0202695 0.0157326 0.0117218 0.00829811 0.00551946
 0.00983028 0.0155571 0.0226511 0.0308128 0.0396693 0.0487104 0.0572042 0.0642904 0.0692557 0.0717668 0.0718838 0.0699135 0.0662627 0.0613623 0.0556297 0.0494381 0.0430949 0.0368359 0.0308317 0.0252011 0.0200274 0.0153771 0.0113139 0.00789987 0.00518004
 0.00974861 0.0154422 0.0225111 0.0306669 0.0395421 0.0486234 0.0571688 0.0643058 0.0693123 0.0718534 0.0719946 0.0700515 0.0664386 0.0615859 0.055899 0.0497319 0.0433735 0.0370514 0.0309423 0.0251839 0.0198851 0.0151373 0.0110216 0.00760507 0.0049237
 0.00981716 0.0155276 0.0225924 0.0307109 0.039516 0.048512 0.0569867 0.0640951 0.0691257 0.0717318 0.0719545 0.0700869 0.0665328 0.0617235 0.0560704 0.0499289 0.0435814 0.0372446 0.031088 0.0252525 0.0198622 0.01503 0.0108569 0.00741983 0.00475231
 0.00993813 0.0156909 0.0227757 0.0308705 0.0395957 0.0484607 0.056776 0.063731 0.0686511 0.0712199 0.0714921 0.0697518 0.0663718 0.0617437 0.0562448 0.0502119 0.043923 0.0375977 0.0314105 0.0255094 0.0200308 0.0151056 0.0108537 0.00736553 0.0046778
 0.0100763 0.0159024 0.0230679 0.0312369 0.0400122 0.0488826 0.0571394 0.0639618 0.0686854 0.071029 0.0710985 0.0692266 0.0658138 0.061249 0.0558808 0.0500048 0.0438606 0.0376421 0.0315134 0.0256244 0.020122 0.0151532 0.0108553 0.0073328 0.00462893
 0.0101551 0.0160259 0.0232451 0.0314728 0.0403064 0.0492268 0.0575134 0.0643299 0.0689974 0.0712276 0.0711343 0.0690758 0.0654913 0.0608094 0.0554042 0.0495713 0.0435272 0.0374297 0.0314094 0.0255949 0.0201278 0.0151626 0.0108511 0.00731219 0.00459844
 0.0101947 0.0160945 0.023356 0.0316404 0.0405429 0.0495362 0.0578857 0.0647395 0.0694054 0.0715877 0.0713988 0.0692023 0.0654513 0.0605985 0.0550493 0.0491283 0.0430664 0.0370154 0.0310817 0.0253635 0.0199781 0.0150687 0.0107886 0.00726532 0.00456064
 0.0100528 0.0158866 0.0230864 0.0313299 0.0402259 0.0492541 0.05768 0.0646457 0.0694462 0.0717661 0.0716936 0.0695694 0.0658326 0.060935 0.0552953 0.0492635 0.0431002 0.0369807 0.03102 0.0253087 0.0199463 0.015059 0.010791 0.00726965 0.00456157
 0.00986609 0.0156024 0.0226952 0.0308384 0.0396573 0.0486476 0.05709 0.0641378 0.0690872 0.0716082 0.0717608 0.069851 0.0662855 0.0614931 0.0558832 0.0498127 0.0435628 0.0373373 0.0312775 0.0254901 0.0200768 0.0151567 0.0108646 0.0073223 0.00459551
 0.00979722 0.0155018 0.0225646 0.0306859 0.0394937 0.0484819 0.0569269 0.0639792 0.0689376 0.0714797 0.0716735 0.0698281 0.0663443 0.0616361 0.0560946 0.0500602 0.0438077 0.0375461 0.0314322 0.0255899 0.020134 0.0151875 0.0108818 0.00733304 0.00460243
 0.00975891 0.0154258 0.0224262 0.0304563 0.0391509 0.0480253 0.0563876 0.0634184 0.0684291 0.0710877 0.0714376 0.0697612 0.0664399 0.0618762 0.0564522 0.0504998 0.0442857 0.0380166 0.0318553 0.0259402 0.020403 0.0153809 0.0110132 0.00741782 0.00465416
 0.00983422 0.0155333 0.0225588 0.0305945 0.0392638 0.0480751 0.0563373 0.0632423 0.0681251 0.070685 0.070994 0.0693478 0.0661201 0.0616898 0.0564106 0.0505903 0.0444789 0.0382732 0.0321338 0.0262036 0.0206259 0.015552 0.0111336 0.00749596 0.00470122
 0.00982653 0.0155273 0.0225612 0.0306142 0.0393071 0.0481395 0.0564066 0.0632872 0.0681103 0.0705826 0.0707959 0.0690733 0.0658134 0.0614081 0.056207 0.0504983 0.0445052 0.0384001 0.0323271 0.0264237 0.0208375 0.0157309 0.0112691 0.00758877 0.00475902
 0.00977516 0.0154524 0.022465 0.0305053 0.0391996 0.04805 0.0563503 0.0632729 0.0681361 0.0706322 0.0708416 0.0690848 0.0657718 0.0613162 0.0560905 0.0503962 0.0444547 0.0384221 0.0324202 0.0265676 0.0210023 0.0158881 0.0113993 0.00768419 0.00482151
 0.00959388 0.0151791 0.0220943 0.0300476 0.0386804 0.0475063 0.0558277 0.0628225 0.0678072 0.0704613 0.0708416 0.0692403 0.0660437 0.0616541 0.0564488 0.0507468 0.0447899 0.0387476 0.0327428 0.0268854 0.0213026 0.0161531 0.0116139 0.00784221 0.00492681
 0.00964213 0.0152386 0.0221487 0.0300708 0.0386436 0.04739 0.0556318 0.0625681 0.06753 0.070201 0.0706321 0.0691042 0.0659892 0.0616747 0.0565266 0.0508592 0.044918 0.0388819 0.0328822 0.0270313 0.0214524 0.0162979 0.0117419 0.00794414 0.0049993
 0.0103805 0.0162865 0.0234427 0.0314539 0.0399074 0.0483438 0.0561602 0.0626488 0.0672153 0.0695857 0.0698257 0.0682123 0.065101 0.060855 0.0558127 0.0502637 0.0444365 0.0385022 0.0325917 0.0268197 0.0213102 0.0162136 0.0117008 0.00793048 0.00499943
 0.0111163 0.0174219 0.0250315 0.0334871 0.0422956 0.050904 0.0586169 0.0646715 0.0685023 0.0699605 0.0692928 0.0669388 0.0633425 0.0588722 0.0538165 0.0483963 0.0427772 0.0370844 0.03142 0.0258833 0.0205907 0.0156865 0.0113366 0.00769546 0.00485897
 0.011069 0.0174413 0.0252376 0.0340482 0.0433809 0.0526078 0.0608888 0.0672931 0.0711257 0.0721931 0.0707963 0.067511 0.0629594 0.0576781 0.0520654 0.0463726 0.0407279 0.0351837 0.0297677 0.0245206 0.01952 0.0148868 0.0107724 0.00732245 0.00463004
 0.010735 0.0169476 0.0245926 0.0333093 0.0426611 0.0520723 0.0607355 0.0677066 0.0722052 0.0738836 0.0728652 0.0695994 0.0646904 0.0587733 0.0524169 0.0460469 0.0399122 0.0341086 0.0286393 0.0234849 0.0186565 0.0142216 0.0102959 0.00700532 0.00443478
 0.0105378 0.0166279 0.0241156 0.032649 0.0418141 0.0510774 0.0596922 0.0667792 0.0715994 0.0737937 0.0734077 0.0707555 0.0662868 0.060519 0.0539902 0.0471965 0.0405259 0.0342217 0.0283893 0.0230427 0.0181703 0.0137882 0.00995975 0.00677202 0.00428821
 0.010428 0.0164481 0.0238418 0.0322565 0.0412808 0.0503913 0.0588633 0.0658527 0.0706647 0.0729841 0.0728825 0.0706628 0.0667114 0.0614361 0.0552517 0.0485668 0.0417581 0.0351375 0.0289248 0.0232425 0.0181418 0.0136481 0.00979674 0.00663496 0.00419277
 0.0104492 0.0164751 0.0238675 0.0322671 0.0412556 0.0503041 0.058686 0.0655608 0.0702469 0.0724553 0.0722957 0.0701118 0.0663169 0.061311 0.0554569 0.0490764 0.042458 0.0358643 0.029528 0.0236362 0.018321 0.013667 0.00972982 0.0065446 0.00411498
 0.0103354 0.0163147 0.0236714 0.0320599 0.041067 0.0501557 0.0585807 0.065481 0.0701614 0.0723319 0.0721145 0.069877 0.066064 0.0611052 0.0553761 0.0491813 0.0427607 0.0363145 0.0300287 0.0240837 0.0186453 0.0138512 0.00980064 0.00654742 0.00409054
 0.0102782 0.016222 0.0235337 0.0318715 0.040831 0.0498889 0.0583151 0.0652566 0.0700117 0.0722672 0.0721161 0.0699066 0.0660843 0.061101 0.0553641 0.0492034 0.0428622 0.0365173 0.0303156 0.0244031 0.0189357 0.0140682 0.00993182 0.00660775 0.0041069
 0.0101587 0.0160376 0.0232744 0.0315348 0.040422 0.0494216 0.0578143 0.064761 0.0695714 0.0719357 0.0719361 0.069896 0.0662292 0.0613614 0.0556916 0.0495608 0.0432334 0.0369019 0.0307128 0.0247983 0.0192994 0.0143688 0.0101507 0.00674618 0.00418202
 0.0101971 0.0160925 0.0233427 0.0316078 0.040486 0.0494601 0.0578106 0.0647008 0.0694469 0.0717503 0.0717076 0.0696553 0.0660128 0.0611998 0.0556004 0.0495391 0.043271 0.0369875 0.0308373 0.0249511 0.0194645 0.0145253 0.0102794 0.00683722 0.00423681
 0.0100788 0.0159286 0.0231483 0.0314137 0.0403291 0.0493679 0.0577893 0.0647336 0.0695031 0.071798 0.0717248 0.069635 0.0659636 0.0611417 0.0555574 0.0495316 0.0433092 0.0370711 0.0309579 0.0250959 0.019618 0.0146712 0.0104033 0.00693046 0.00429836
 0.00983281 0.0155619 0.0226595 0.0308269 0.0396913 0.0487416 0.0572439 0.0643344 0.0692966 0.0717975 0.0719054 0.0699433 0.0663376 0.0615305 0.0559316 0.0498821 0.0436394 0.037387 0.0312615 0.025383 0.0198797 0.0148968 0.0105844 0.00706395 0.00438754
 0.00974026 0.0153989 0.0223925 0.0304206 0.0391221 0.0480159 0.056413 0.0634935 0.0685637 0.07128 0.0716702 0.0700025 0.0666521 0.0620277 0.0565285 0.0505067 0.0442422 0.0379418 0.0317582 0.0258184 0.0202513 0.0152018 0.0108213 0.0072354 0.00450161
 0.00996314 0.0157195 0.0227959 0.0308616 0.0395318 0.0483164 0.0565344 0.0633901 0.0682282 0.0707533 0.0710376 0.0693726 0.0661246 0.0616652 0.0563453 0.050477 0.0443197 0.0380797 0.0319211 0.0259844 0.0204081 0.0153415 0.010938 0.00732564 0.00456531
 0.0100385 0.0158386 0.0229673 0.0310875 0.0398028 0.0486063 0.0567971 0.0635645 0.068254 0.0705922 0.0706913 0.0688884 0.065585 0.0611646 0.0559629 0.0502555 0.0442596 0.0381486 0.0320717 0.0261713 0.0205969 0.0155107 0.0110767 0.00743027 0.00463776
 0.0104941 0.0165478 0.0239741 0.0324066 0.0414113 0.050434 0.0587168 0.0653943 0.0697819 0.0716201 0.0710807 0.0685917 0.0646545 0.0597403 0.0542401 0.0484418 0.0425328 0.0366297 0.0308189 0.0251918 0.0198666 0.0149912 0.0107259 0.00720729 0.00450571
 0.00987327 0.0156099 0.0226992 0.0308335 0.0396389 0.0486145 0.0570449 0.0640838 0.0690212 0.0715168 0.071623 0.0696505 0.0660257 0.0612072 0.0556298 0.0496561 0.0435478 0.0374702 0.0315249 0.0257937 0.0203767 0.015409 0.0110493 0.00744012 0.00466003
 0.00948336 0.0150203 0.0218946 0.0298296 0.0384784 0.04736 0.0557771 0.0629036 0.0680478 0.0708726 0.0714071 0.0699074 0.0667247 0.0622419 0.056845 0.0508912 0.0446792 0.0384329 0.0323085 0.0264196 0.0208736 0.0157991 0.0113459 0.00765367 0.0048028
 0.00841887 0.0134174 0.0197217 0.0271463 0.0354234 0.0441254 0.0525893 0.0600108 0.0656989 0.0692827 0.0707232 0.0701875 0.067932 0.0642488 0.0594455 0.0538283 0.0476861 0.0412794 0.0348333 0.0285392 0.0225692 0.0170939 0.0122863 0.00829785 0.00521461
#obs surv len freq
 0.00496921 0.0081385 0.0123773 0.0176987 0.0239764 0.0308456 0.0376823 0.0437647 0.0485433 0.0518166 0.0537022 0.0544839 0.0544802 0.0539878 0.0532669 0.0525316 0.0519267 0.0514872 0.0510742 0.0503182 0.0486367 0.0453988 0.0402274 0.0332917 0.0253739
 0.00518319 0.00848998 0.012913 0.0184641 0.0250072 0.0321531 0.0392395 0.0455012 0.0503558 0.0535889 0.0553226 0.0558547 0.0555188 0.054625 0.0534475 0.0522176 0.0511054 0.0501788 0.0493389 0.0482593 0.0463978 0.0431518 0.0381484 0.0315275 0.02401
 0.00540907 0.00886094 0.0134784 0.0192728 0.0260987 0.0335431 0.0409045 0.0473721 0.0523266 0.0555355 0.0571225 0.0573988 0.0567166 0.0554042 0.0537514 0.0520032 0.0503456 0.0488713 0.0475211 0.0460222 0.0438928 0.0405799 0.0357285 0.0294495 0.0223905
 0.00563765 0.00923468 0.0140451 0.0200793 0.0271822 0.0349192 0.0425523 0.0492287 0.0542943 0.0574991 0.0589655 0.0590139 0.0580099 0.0562964 0.0541776 0.0519117 0.0496985 0.0476515 0.0457466 0.043767 0.0413011 0.0378619 0.0331277 0.0271872 0.0206107
 0.00589434 0.00965292 0.0146762 0.0209714 0.0283713 0.036414 0.0443203 0.0511912 0.0563387 0.0595009 0.0608084 0.0605997 0.059259 0.0571441 0.0545695 0.0518008 0.0490453 0.0464307 0.0439632 0.0414792 0.0386413 0.0350387 0.0303953 0.0247868 0.0187066
 0.00612989 0.0100426 0.0152753 0.0218351 0.0295438 0.0379106 0.0461094 0.0531891 0.0584223 0.0615332 0.0626625 0.0621722 0.0604723 0.0579431 0.054914 0.0516583 0.0483862 0.0452322 0.0422243 0.0392455 0.03603 0.0322457 0.0276699 0.0223737 0.0167788
 0.00637591 0.0104444 0.0158834 0.0226985 0.030701 0.0393757 0.0478563 0.0551444 0.0604734 0.0635473 0.064508 0.0637343 0.0616623 0.0587002 0.0552021 0.0514571 0.0476829 0.0440188 0.0405071 0.0370674 0.0334965 0.0295367 0.0250198 0.0200178 0.0148884
 0.00661882 0.01084 0.0164801 0.0235416 0.0318239 0.0407862 0.0495229 0.0569919 0.0623933 0.0654189 0.0662163 0.0651806 0.0627667 0.0594025 0.055461 0.0512482 0.0469945 0.0428496 0.0388715 0.0350112 0.0311187 0.0270009 0.0225395 0.0178094 0.0131118
 0.00685259 0.0112274 0.0170763 0.0244011 0.0329884 0.0422649 0.0512743 0.05892 0.0643638 0.0672887 0.0678603 0.0665046 0.0637088 0.0599267 0.0555498 0.0508951 0.0461998 0.0416205 0.0372285 0.0330028 0.028839 0.0245999 0.0202093 0.0157439 0.0114536
 0.00705958 0.0115667 0.0175924 0.0251381 0.0339822 0.0435303 0.0527906 0.0606227 0.0661503 0.0690343 0.0694382 0.0678037 0.0646456 0.0604509 0.0556413 0.0505556 0.0454429 0.0404662 0.0357063 0.0311641 0.0267724 0.0224399 0.0181246 0.0139028 0.00997862
 0.00727301 0.0119169 0.018125 0.0258967 0.0349982 0.0448087 0.0542955 0.0622744 0.0678381 0.0706388 0.070851 0.0689371 0.0654345 0.0608529 0.0556363 0.0501443 0.0446423 0.0393053 0.0342253 0.0294206 0.0248531 0.020466 0.0162428 0.0122557 0.0086674
 0.00742119 0.0121625 0.0185035 0.0264447 0.0357464 0.0457711 0.0554571 0.0635856 0.0692201 0.0719968 0.0720898 0.0699718 0.0661981 0.0612983 0.0557361 0.049889 0.0440379 0.0383722 0.0329994 0.0279577 0.0232349 0.018802 0.0146597 0.0108738 0.00757022
 0.00751886 0.0123195 0.0187374 0.0267719 0.0361822 0.0463264 0.0561348 0.0643761 0.0700988 0.0729247 0.073015 0.0708331 0.0669307 0.0618408 0.0560378 0.0499139 0.0437678 0.0378072 0.0321602 0.0268887 0.0220068 0.0175109 0.0134161 0.0097809 0.00669925
 0.00760535 0.0124569 0.018938 0.0270452 0.0365327 0.0467522 0.0566256 0.064914 0.0706628 0.0734955 0.0735767 0.0713697 0.0674198 0.0622499 0.0563255 0.0500362 0.0436865 0.0374982 0.0316207 0.0261423 0.0211062 0.0165351 0.0124585 0.00892983 0.00601656
 0.00766313 0.0125459 0.019063 0.0272077 0.0367317 0.0469849 0.0568877 0.0651997 0.0709654 0.0738086 0.0738952 0.0716897 0.0677353 0.0625487 0.0565853 0.0502237 0.0437616 0.0374231 0.0313704 0.0257155 0.0205315 0.0158695 0.011777 0.00830732 0.00550824
 0.0077172 0.0126277 0.0191746 0.0273468 0.0368923 0.0471587 0.0570653 0.0653724 0.0711274 0.0739588 0.0740377 0.0718316 0.0678833 0.0627044 0.0567416 0.0503631 0.0438561 0.0374386 0.0312755 0.0254925 0.0201866 0.0154362 0.0113093 0.00786455 0.00513777
 0.00775529 0.0126857 0.0192543 0.0274469 0.0370083 0.0472833 0.0571893 0.0654859 0.0712222 0.0740318 0.0740923 0.071877 0.0679309 0.0627637 0.0568162 0.0504474 0.0439342 0.0374856 0.031263 0.0253977 0.020002 0.015176 0.0110077 0.00756487 0.00487838
 0.00780124 0.0127531 0.0193422 0.0275495 0.0371166 0.0473876 0.0572813 0.0655597 0.0712744 0.0740618 0.0741026 0.0718735 0.067922 0.0627589 0.0568231 0.0504688 0.0439656 0.0375136 0.0312676 0.0253582 0.0199056 0.0150244 0.010819 0.00736789 0.00470151
 0.00784901 0.0128262 0.0194433 0.0276772 0.0372646 0.0475446 0.0574316 0.0656854 0.0713598 0.0740983 0.0740917 0.0718252 0.067851 0.0626801 0.0567491 0.0504081 0.0439208 0.0374806 0.0312357 0.0253129 0.0198341 0.0149224 0.0106935 0.00723498 0.00457987
 0.00786974 0.0128594 0.0194924 0.0277445 0.0373507 0.0476469 0.0575435 0.065796 0.0714557 0.0741672 0.0741255 0.071822 0.0678155 0.0626222 0.0566809 0.0503408 0.0438621 0.037433 0.0311957 0.0252724 0.0197839 0.0148568 0.0106138 0.00714959 0.00450005
 0.00789281 0.0128921 0.0195326 0.0277878 0.0373918 0.0476824 0.0575733 0.065823 0.0714836 0.0741974 0.0741556 0.0718465 0.0678286 0.0626201 0.0566638 0.0503127 0.0438291 0.0374003 0.0311655 0.0252429 0.0197507 0.0148161 0.0105651 0.00709667 0.00444955
 0.00788443 0.0128788 0.0195132 0.0277612 0.0373568 0.0476383 0.0575204 0.0657642 0.0714252 0.0741488 0.0741275 0.0718468 0.0678589 0.0626747 0.0567323 0.0503839 0.0438946 0.0374558 0.0312093 0.0252743 0.0197689 0.0148202 0.0105561 0.0070782 0.00442688
 0.00790412 0.0129038 0.0195381 0.0277767 0.0373529 0.047608 0.0574633 0.065687 0.0713388 0.0740653 0.074057 0.0717976 0.0678367 0.0626821 0.0567673 0.0504397 0.0439616 0.0375239 0.0312707 0.0253238 0.0198041 0.0148408 0.0105634 0.00707524 0.00441798
 0.00790551 0.0129073 0.0195451 0.0277882 0.0373678 0.0476216 0.0574671 0.0656706 0.0712953 0.0739954 0.0739707 0.0717109 0.0677659 0.0626391 0.0567572 0.0504611 0.0440077 0.037585 0.0313361 0.0253844 0.0198535 0.014876 0.0105845 0.00708467 0.00441945
 0.00787845 0.0128627 0.0194772 0.0276925 0.037243 0.0474724 0.0573056 0.0655146 0.0711631 0.0738996 0.073916 0.0716953 0.0677856 0.0626911 0.0568393 0.0505701 0.0441374 0.0377261 0.0314773 0.0255149 0.0199645 0.0149624 0.0106458 0.00712363 0.0044413
 0.00784695 0.0128099 0.019395 0.0275726 0.0370796 0.0472656 0.0570647 0.0652596 0.0709213 0.0737002 0.0737824 0.0716408 0.0678106 0.062786 0.0569884 0.0507564 0.0443452 0.0379413 0.0316872 0.0257074 0.0201299 0.0150947 0.0107433 0.00718949 0.00448161
 0.0078405 0.012796 0.0193676 0.0275238 0.0370007 0.0471501 0.0569111 0.0650734 0.0707152 0.0734931 0.0735968 0.071499 0.067731 0.0627779 0.0570509 0.0508789 0.0445112 0.0381321 0.0318848 0.0258963 0.0202976 0.0152328 0.0108484 0.00726273 0.00452807
 0.00784497 0.0128001 0.0193678 0.0275141 0.036974 0.0470993 0.0568313 0.064963 0.0705772 0.0733351 0.0734317 0.0713437 0.067604 0.0626964 0.0570268 0.0509161 0.0446043 0.038268 0.0320457 0.0260635 0.0204547 0.0153676 0.0109543 0.00733878 0.00457771
 0.00780785 0.012745 0.0192944 0.0274254 0.0368747 0.0469939 0.0567231 0.0648537 0.0704684 0.0732293 0.073333 0.0712582 0.0675394 0.0626614 0.0570296 0.0509627 0.0446957 0.038399 0.0322046 0.0262343 0.0206203 0.0155138 0.011072 0.00742502 0.00463513
 0.00775996 0.0126639 0.0191672 0.0272398 0.0366244 0.0466851 0.0563789 0.0645123 0.0701728 0.0730141 0.0732149 0.0712359 0.0675993 0.0627855 0.0572015 0.0511696 0.0449284 0.0386488 0.0324615 0.0264857 0.0208522 0.0157134 0.0112309 0.00754126 0.00471274
 0.00774361 0.0126329 0.019112 0.0271483 0.0364838 0.0464865 0.0561219 0.0642092 0.0698491 0.0727053 0.0729599 0.071067 0.0675344 0.0628247 0.0573301 0.051365 0.0451673 0.0389112 0.0327307 0.0267471 0.0210924 0.0159206 0.0113971 0.00766413 0.00479576
 0.00931826 0.0148363 0.0217697 0.0298775 0.0388041 0.0479967 0.0566406 0.0638017 0.0687478 0.0711927 0.0712824 0.0694024 0.0659965 0.0614778 0.0562022 0.0504573 0.0444626 0.0383828 0.0323494 0.0264847 0.020923 0.0158203 0.0113444 0.00764077 0.00478808
 0.00931983 0.0151288 0.0227206 0.0319406 0.0423215 0.0529315 0.0624068 0.0693592 0.0729699 0.0733084 0.0711307 0.0673767 0.0627738 0.0577321 0.0524366 0.0469732 0.041404 0.0357967 0.0302307 0.0248032 0.0196357 0.0148763 0.0106872 0.00721047 0.00452552
 0.00897427 0.014588 0.0219672 0.0310288 0.0414287 0.0523919 0.0626705 0.0708307 0.0757645 0.0770724 0.0750853 0.0706125 0.0646285 0.0580198 0.051419 0.0451456 0.0392639 0.033707 0.0283947 0.0233011 0.0184738 0.0140233 0.0100946 0.0068236 0.00429015
 0.00879475 0.0142876 0.0215001 0.0303508 0.0405149 0.0512692 0.0614577 0.0697653 0.0751818 0.0773115 0.076336 0.0727722 0.0672727 0.0605395 0.053266 0.0460417 0.0392556 0.033065 0.027451 0.0223251 0.0176254 0.0133655 0.009628 0.00651777 0.00410479
 0.00870948 0.0141432 0.0212715 0.0300089 0.040031 0.0506233 0.0606524 0.0688417 0.0742361 0.0765044 0.0758792 0.072874 0.0680465 0.0619156 0.0549728 0.047693 0.0405058 0.0337407 0.0275843 0.022086 0.0172176 0.0129475 0.00928573 0.00627613 0.00395304
 0.00869733 0.014116 0.0212162 0.0299071 0.0398615 0.0503661 0.0602937 0.0683786 0.0736813 0.0758936 0.0752813 0.0723974 0.0678253 0.0620675 0.0555377 0.0485873 0.0415326 0.0346637 0.0282259 0.0223896 0.0172415 0.0128082 0.00909482 0.00610535 0.00383054
 0.00870001 0.0141224 0.0212289 0.029928 0.0398882 0.0503885 0.0602918 0.0683246 0.0735469 0.0756607 0.0749524 0.0720038 0.0674305 0.0617614 0.0554138 0.0487053 0.0418825 0.0351567 0.0287266 0.022776 0.0174534 0.0128582 0.00904143 0.0060133 0.00374448
 0.00867433 0.0140835 0.0211757 0.0298621 0.0398141 0.0503129 0.0602223 0.0682665 0.073499 0.0756123 0.0748856 0.0719013 0.0672879 0.0615973 0.0552718 0.048642 0.041943 0.0353482 0.0290083 0.0230741 0.0176959 0.0130059 0.00909692 0.00600701 0.00371198
 0.00868462 0.0140961 0.0211873 0.0298672 0.0398068 0.0502897 0.0601842 0.068219 0.0734497 0.0755674 0.0748456 0.0718598 0.0672345 0.0615243 0.0551827 0.0485565 0.0418922 0.0353605 0.0290919 0.0232095 0.0178439 0.0131277 0.00917155 0.00603606 0.00371116
 0.00864438 0.0140385 0.0211149 0.0297867 0.0397269 0.0502171 0.0601212 0.0681645 0.0734021 0.0755276 0.0748175 0.0718476 0.067239 0.0615411 0.0552044 0.0485785 0.0419177 0.0354002 0.029157 0.0233017 0.0179515 0.0132304 0.00925119 0.00608508 0.00373339
 0.00862729 0.0140074 0.0210624 0.0297055 0.0396129 0.0500743 0.059964 0.0680153 0.0732839 0.0754553 0.074794 0.0718658 0.0672873 0.0616084 0.055282 0.0486597 0.0419988 0.035481 0.0292403 0.02339 0.0180428 0.013317 0.00932364 0.00613687 0.00376422
 0.00865731 0.0140525 0.0211229 0.0297782 0.0396903 0.0501448 0.0600136 0.068031 0.0732585 0.0753914 0.0747041 0.0717673 0.0671958 0.0615331 0.0552255 0.0486206 0.0419745 0.03547 0.0292421 0.0234045 0.0180684 0.0133495 0.00935659 0.00616439 0.00378317
 0.00863596 0.0140234 0.0210895 0.0297469 0.0396686 0.0501379 0.0600217 0.0680484 0.0732758 0.075399 0.0746957 0.071743 0.0671618 0.061499 0.0552002 0.0486093 0.0419781 0.0354861 0.0292676 0.0234365 0.0181042 0.013386 0.00939029 0.00619205 0.00380304
 0.00861478 0.0139884 0.0210363 0.0296723 0.0395728 0.0500271 0.0599089 0.0679516 0.0732119 0.0753769 0.074713 0.0717882 0.0672201 0.0615587 0.055256 0.0486614 0.042029 0.0355381 0.029321 0.0234898 0.0181551 0.0134321 0.00942932 0.00622252 0.00382461
 0.00862816 0.0140086 0.0210636 0.0297052 0.0396078 0.0500585 0.0599299 0.0679558 0.0731968 0.0753453 0.0746729 0.0717486 0.0671874 0.0615341 0.0552372 0.0486454 0.0420151 0.0355276 0.0293161 0.0234918 0.0181635 0.0134449 0.00944385 0.00623613 0.00383555
 0.00862816 0.0140086 0.0210636 0.0297052 0.0396078 0.0500585 0.0599299 0.0679558 0.0731968 0.0753453 0.0746729 0.0717486 0.0671874 0.0615341 0.0552372 0.0486454 0.0420151 0.0355276 0.0293161 0.0234918 0.0181635 0.0134449 0.00944385 0.00623613 0.00383555
 0.00891048 0.0144544 0.0217077 0.0305652 0.0406738 0.0512804 0.0612091 0.0691517 0.0741546 0.0759377 0.0748334 0.0714827 0.0665618 0.0606523 0.0542125 0.0475807 0.0409908 0.034599 0.028516 0.022835 0.0176505 0.0130653 0.00917939 0.00606392 0.0037315
 0.00823896 0.0134258 0.0202819 0.0287591 0.03857 0.0490319 0.0590359 0.0673169 0.0729088 0.0754481 0.0751338 0.0724724 0.0680482 0.0624115 0.0560419 0.0493286 0.0425632 0.0359512 0.0296371 0.0237335 0.0183456 0.0135815 0.00954425 0.00630712 0.00388282
 0.00834813 0.0135188 0.0202674 0.0285047 0.037943 0.0479615 0.0575655 0.0656131 0.071219 0.0740298 0.0741897 0.072111 0.0682724 0.0631327 0.0571101 0.0505728 0.0438289 0.0371243 0.0306506 0.0245612 0.0189889 0.0140578 0.00987921 0.00652917 0.00402038
 0.00799396 0.0129883 0.0195493 0.0276076 0.0368789 0.0467275 0.0561434 0.0639973 0.0694622 0.0722766 0.0726678 0.0710745 0.0679209 0.0635448 0.0582234 0.0522109 0.0457573 0.0391101 0.032506 0.0261642 0.0202827 0.0150378 0.0105758 0.0069923 0.00430667
#pred catch len freq
 0.00545897 0.00857511 0.0123814 0.0167263 0.0214995 0.026621 0.0319602 0.0372906 0.0423324 0.0468302 0.0505994 0.0535382 0.0556275 0.0569208 0.0575177 0.0575312 0.0570646 0.0561894 0.0549051 0.0530748 0.0503853 0.0464154 0.0408584 0.0338066 0.0258899
 0.00568622 0.00888671 0.0127488 0.0171011 0.0218461 0.0269567 0.0323739 0.0379137 0.0432678 0.048078 0.0520283 0.0549232 0.0567331 0.0575844 0.0576938 0.0572839 0.0565177 0.0554609 0.0540557 0.0520968 0.0492382 0.0450881 0.039415 0.0323825 0.0246393
 0.00617432 0.00961659 0.013726 0.0182819 0.0231424 0.0282536 0.0335548 0.0388933 0.0440267 0.0486772 0.052579 0.0555145 0.0573616 0.0581377 0.0580028 0.0572076 0.0560039 0.0545496 0.0528356 0.0506543 0.0476377 0.0433903 0.0377077 0.0307878 0.0232833
 0.00650669 0.010155 0.0145314 0.0194061 0.0246128 0.0300505 0.0355884 0.0409991 0.0459933 0.0503031 0.0537347 0.0561786 0.0576077 0.0580746 0.0577027 0.056669 0.0551712 0.0533686 0.0513 0.0488175 0.0455978 0.0412725 0.0356538 0.0289416 0.0217632
 0.00685786 0.0106966 0.0152955 0.0204123 0.0258769 0.0315918 0.0374222 0.0431106 0.0483036 0.0526488 0.0558828 0.0578822 0.0586809 0.0584467 0.0574192 0.0558402 0.0539052 0.0517339 0.0493348 0.0465679 0.0431519 0.0387692 0.0332652 0.026837 0.0200667
 0.00726128 0.0113138 0.0161533 0.0215132 0.0272052 0.0331234 0.0391309 0.0449678 0.0502739 0.0546798 0.0578878 0.0597248 0.0601798 0.0594118 0.0577078 0.0554003 0.0527795 0.0500258 0.0471673 0.0440657 0.0404512 0.0360338 0.0306825 0.024586 0.0182734
 0.00763636 0.0118981 0.0169857 0.0226139 0.0285747 0.034741 0.0409505 0.0469167 0.0522605 0.0566097 0.0596769 0.0612996 0.061465 0.0603157 0.0581216 0.0552195 0.0519397 0.0485303 0.0450926 0.0415486 0.0376717 0.0332005 0.028013 0.0222731 0.0164448
 0.00802314 0.0124961 0.0178298 0.02372 0.0299428 0.0363589 0.0427893 0.0489216 0.0543442 0.0586555 0.0615545 0.0628864 0.0626645 0.0610628 0.0583725 0.0549367 0.0510879 0.0470914 0.0430928 0.0390805 0.0348992 0.0303432 0.0253097 0.0199336 0.0146029
 0.00829163 0.0129222 0.0184525 0.0245706 0.031042 0.0377115 0.0443763 0.0506942 0.056225 0.0605459 0.0633433 0.0644589 0.0639121 0.061895 0.0587251 0.0547721 0.0503882 0.0458554 0.0413446 0.0368899 0.0323997 0.0277304 0.0228112 0.0177572 0.0128849
 0.00850294 0.0132586 0.0189468 0.025252 0.0319354 0.0388334 0.0457269 0.0522472 0.0579217 0.0622966 0.0650361 0.0659737 0.0651368 0.0627376 0.0591198 0.0546795 0.0497919 0.0447601 0.0397799 0.0349226 0.0301481 0.025367 0.0205407 0.0157714 0.0113131
 0.00879921 0.0137054 0.0195555 0.0260141 0.0328307 0.0398425 0.0468371 0.0534489 0.0591978 0.0636121 0.0663329 0.0671731 0.066148 0.063471 0.0594996 0.0546512 0.0493254 0.0438501 0.0384493 0.03323 0.0281979 0.0233101 0.0185569 0.0140303 0.00993101
 0.00911957 0.0141966 0.0202396 0.0268912 0.0338804 0.0410268 0.0481027 0.0547308 0.060428 0.0647322 0.0673015 0.0679631 0.066737 0.0638322 0.0595991 0.0544522 0.0487967 0.0429753 0.037236 0.0317205 0.0264772 0.0215057 0.0168217 0.0125097 0.00872455
 0.00928511 0.0144592 0.020623 0.0274146 0.0345561 0.0418565 0.0490709 0.055799 0.0615349 0.0658017 0.0682565 0.0687401 0.0672954 0.0641545 0.0596814 0.0542921 0.0483863 0.0423038 0.0363015 0.0305456 0.0251217 0.0200687 0.0154278 0.0112799 0.00774384
 0.00937575 0.0146036 0.0208356 0.0277091 0.0349458 0.0423532 0.0496815 0.0565196 0.0623451 0.0666611 0.0691063 0.0695103 0.0679184 0.0645776 0.059875 0.0542477 0.0481081 0.0418003 0.0355841 0.0296367 0.024067 0.0189434 0.0143288 0.0103042 0.00696174
 0.00944499 0.014706 0.0209718 0.0278756 0.0351394 0.0425774 0.0499494 0.0568511 0.0627582 0.0671614 0.0696784 0.0701162 0.0685019 0.0650753 0.0602283 0.054414 0.0480646 0.0415433 0.0351251 0.0290014 0.0232983 0.0181042 0.0134971 0.00955801 0.00635855
 0.00938626 0.0146201 0.02086 0.0277449 0.0350008 0.0424424 0.04983 0.0567627 0.0627238 0.0672122 0.069847 0.0704236 0.0689435 0.065614 0.060799 0.0549382 0.0484689 0.0417733 0.0351539 0.0288309 0.0229581 0.0176475 0.0129925 0.00907501 0.00595162
 0.0093084 0.0145105 0.0207265 0.0276057 0.0348792 0.0423591 0.0497959 0.056777 0.0627779 0.0672962 0.0699571 0.0705657 0.0691311 0.0658585 0.0610982 0.055267 0.0487815 0.0420145 0.0352757 0.028807 0.0227913 0.0173696 0.012655 0.0087351 0.00565633
 0.00930838 0.0144963 0.0206801 0.0275044 0.0347051 0.0421117 0.049501 0.0564835 0.0625416 0.0671596 0.0699369 0.0706542 0.0693076 0.0661017 0.061391 0.055593 0.0491171 0.0423252 0.0355205 0.0289504 0.0228166 0.0172857 0.0124943 0.00854189 0.00547199
 0.00941849 0.0146448 0.0208462 0.0276471 0.0347715 0.0420526 0.0492874 0.0561185 0.0620649 0.0666425 0.0694668 0.0703112 0.0691423 0.0661243 0.061576 0.0558949 0.0494841 0.042707 0.0358704 0.0292287 0.0229971 0.0173625 0.0124833 0.00847438 0.00538303
 0.00954223 0.0148325 0.0211021 0.0279625 0.035122 0.0423969 0.0495693 0.0562747 0.0620415 0.0664163 0.0690604 0.0697926 0.0686063 0.0656648 0.0612596 0.0557464 0.0494881 0.0428208 0.0360399 0.0294018 0.0231338 0.0174411 0.0125022 0.00844824 0.00533406
 0.00963979 0.0149823 0.0213114 0.0282322 0.0354469 0.0427654 0.0499603 0.0566537 0.0623597 0.066616 0.0690894 0.0696234 0.0682529 0.0651848 0.0607394 0.0552742 0.0491271 0.0425945 0.035934 0.0293782 0.0231481 0.0174574 0.0125012 0.00842697 0.00530047
 0.00964089 0.0149922 0.0213416 0.0282989 0.0355679 0.0429543 0.0502207 0.0569752 0.0627168 0.0669696 0.06939 0.0698184 0.0682984 0.0650618 0.0604649 0.0549004 0.0487261 0.0422342 0.0356574 0.0291952 0.0230418 0.0173992 0.012465 0.00839712 0.00527207
 0.0094878 0.0147686 0.0210526 0.0279677 0.0352318 0.042657 0.0500045 0.0568757 0.0627569 0.0671531 0.0696969 0.070205 0.0687049 0.0654245 0.0607326 0.0550485 0.0487633 0.0421959 0.0355897 0.0291358 0.0230087 0.017391 0.0124699 0.00840361 0.00527408
 0.0093667 0.0145841 0.0207984 0.0276473 0.0348588 0.0422548 0.0496066 0.0565243 0.0624985 0.0670292 0.0697334 0.070404 0.0690408 0.0658475 0.0611793 0.0554574 0.0490903 0.0424251 0.0357318 0.0292177 0.0230585 0.0174275 0.0125002 0.00842753 0.00529013
 0.0092498 0.0144123 0.0205735 0.0273822 0.0345728 0.041967 0.0493314 0.0562727 0.0622828 0.0668669 0.0696473 0.0704166 0.0691655 0.0660806 0.061496 0.0558157 0.0494418 0.0427287 0.0359648 0.0293786 0.0231613 0.0174911 0.0125403 0.00845359 0.00530671
 0.00921728 0.0143483 0.0204572 0.0271892 0.0342835 0.041578 0.0488645 0.0557743 0.0618118 0.0664787 0.0693817 0.0702954 0.0691956 0.066257 0.061801 0.0562177 0.0498965 0.0431863 0.0363809 0.0297237 0.0234251 0.0176791 0.0126669 0.00853455 0.00535582
 0.00926706 0.0144175 0.0205385 0.027265 0.0343269 0.0415563 0.0487462 0.0555394 0.0614625 0.0660467 0.0689253 0.0698848 0.0688928 0.0661007 0.0618019 0.0563616 0.0501513 0.0435084 0.0367234 0.0300449 0.0236959 0.0178869 0.0128132 0.00862974 0.00541328
 0.00925656 0.0144063 0.0205322 0.0272711 0.0343507 0.0415957 0.0487867 0.055554 0.0614184 0.0659171 0.0687022 0.0695873 0.0685666 0.0658061 0.0615957 0.0562799 0.0502011 0.0436698 0.0369578 0.0303073 0.0239464 0.018098 0.0129728 0.00873902 0.00548135
 0.0091643 0.014271 0.0203564 0.0270678 0.0341417 0.0414061 0.04864 0.0554663 0.061393 0.0659404 0.068746 0.069618 0.0685605 0.0657611 0.0615343 0.0562399 0.050219 0.0437651 0.0371262 0.0305241 0.0241769 0.01831 0.013145 0.00886397 0.00556277
 0.00903356 0.0140747 0.0200913 0.0267423 0.0337738 0.0410206 0.0482661 0.0551364 0.0611402 0.065792 0.0687153 0.0696984 0.0687255 0.0659737 0.0617606 0.0564615 0.0504362 0.0439899 0.0373691 0.0307838 0.0244384 0.0185511 0.0133461 0.00901483 0.0056645
 0.00908406 0.014139 0.0201552 0.0267818 0.0337612 0.0409355 0.0481043 0.0549125 0.060883 0.0655367 0.0684955 0.0695399 0.0686419 0.0659635 0.061809 0.0565476 0.0505421 0.0441067 0.0374969 0.0309246 0.0245891 0.0187013 0.0134816 0.00912408 0.00574284
 0.00981022 0.015171 0.0214327 0.0281531 0.0350239 0.0419033 0.0486622 0.0550341 0.0606132 0.0649619 0.0677176 0.0686603 0.0677496 0.0651264 0.0610697 0.055924 0.0500339 0.0437043 0.0371888 0.0307012 0.0244407 0.0186155 0.0134423 0.00911373 0.00574635
